station,time,latitude [degrees_north],longitude [degrees_east],elevation [feet],temp_2m [degF],temp_9m [degF],apparent_temperature [degF],relative_humidity [percent],dewpoint [degF],precip_incremental [inch],precip_local [inch],precip_max_intensity [inch/hour],precip_1hr [inch],avg_wind_speed_prop [mile/hr],max_wind_speed_prop [mile/hr],wind_speed_stddev_prop [mile/hr],wind_direction_prop [degrees],wind_direction_stddev_prop [degrees],avg_wind_speed_sonic [mile/hr],max_wind_speed_sonic [mile/hr],wind_speed_stddev_sonic [mile/hr],wind_direction_sonic [degrees],wind_direction_stddev_sonic [degrees],avg_wind_speed_merge [mile/hr],max_wind_speed_merge [mile/hr],wind_speed_stddev_merge [mile/hr],wind_direction_merge [degrees],wind_direction_stddev_merge [degrees],solar_insolation [W/m^2],station_pressure [inHg],snow_depth [inch],frozen_soil_05cm [bit],frozen_soil_25cm [bit],frozen_soil_50cm [bit],soil_temp_05cm [degF],soil_temp_25cm [degF],soil_temp_50cm [degF],soil_moisture_05cm [m^3/m^3],soil_moisture_25cm [m^3/m^3],soil_moisture_50cm [m^3/m^3]
ADDI,2019-11-08 00:00:00 EST,42.04036,-77.23726,1665,25.8,25.7,21.3,95.8,24.8,0.000,0.242,0.00,0.000,3.0,5.5,1.0,267,18,3.7,6.8,1.2,270,18,3.7,6.8,1.2,270,18,0,28.31,0.5,0,0,0,43.7,46.9,48.7,0.58,0.45,0.45
ADDI,2019-11-08 00:05:00 EST,42.04036,-77.23726,1665,25.9,25.7,21.7,95.5,24.8,0.000,0.000,0.00,0.000,2.9,5.5,0.9,253,22,3.5,6.1,1.0,257,20,3.5,6.1,1.0,257,20,0,28.31,0.5,0,0,0,43.7,46.9,48.7,0.58,0.45,0.45
ADDI,2019-11-08 00:10:00 EST,42.04036,-77.23726,1665,25.9,25.7,19.6,95.2,24.7,0.000,0.000,0.00,0.000,4.4,7.2,1.0,260,15,5.2,7.6,1.1,263,12,5.2,7.6,1.1,263,12,0,28.31,0.5,0,0,0,43.7,46.9,48.7,0.58,0.45,0.45
ADDI,2019-11-08 00:15:00 EST,42.04036,-77.23726,1665,25.8,25.7,21.1,94.9,24.6,0.000,0.000,0.00,0.000,3.3,5.3,0.8,257,14,3.9,7.3,1.1,259,13,3.9,7.3,1.1,259,13,0,28.31,0.5,0,0,0,43.7,46.9,48.7,0.58,0.45,0.45
ADDI,2019-11-08 00:20:00 EST,42.04036,-77.23726,1665,25.8,25.6,22.0,95.1,24.6,0.000,0.000,0.00,0.000,2.7,4.5,0.9,271,13,3.2,6.2,1.1,272,12,3.2,6.2,1.1,272,12,0,28.31,0.5,0,0,0,43.7,46.9,48.7,0.58,0.45,0.45
ADDI,2019-11-08 00:25:00 EST,42.04036,-77.23726,1665,25.8,25.6,22.0,95.2,24.6,0.000,0.000,0.00,0.000,2.6,5.0,0.8,258,17,3.2,6.1,1.0,260,16,3.2,6.1,1.0,260,16,0,28.31,0.5,0,0,0,43.7,46.9,48.7,0.58,0.45,0.45
ADDI,2019-11-08 00:30:00 EST,42.04036,-77.23726,1665,25.8,25.6,25.8,95.0,24.5,0.000,0.000,0.00,0.000,2.2,6.1,1.1,255,21,2.6,7.1,1.4,255,20,2.6,7.1,1.4,255,20,0,28.31,0.5,0,0,0,43.7,46.9,48.7,0.58,0.45,0.45
ADDI,2019-11-08 00:35:00 EST,42.04036,-77.23726,1665,25.7,25.6,22.0,94.7,24.4,0.000,0.000,0.00,0.000,2.7,4.0,0.5,270,17,3.2,5.2,0.8,271,17,3.2,5.2,0.8,271,17,0,28.31,0.5,0,0,0,43.7,46.9,48.7,0.58,0.45,0.45
ADDI,2019-11-08 00:40:00 EST,42.04036,-77.23726,1665,25.7,25.6,22.1,94.8,24.4,0.000,0.000,0.00,0.000,2.5,4.3,0.8,272,21,3.1,5.1,0.9,274,20,3.1,5.1,0.9,274,20,0,28.31,0.5,0,0,0,43.7,46.9,48.7,0.58,0.45,0.45
ADDI,2019-11-08 00:45:00 EST,42.04036,-77.23726,1665,25.7,25.5,21.4,94.7,24.4,0.000,0.000,0.00,0.000,3.0,4.8,1.0,274,18,3.5,5.7,1.1,277,18,3.5,5.7,1.1,277,18,0,28.31,0.5,0,0,0,43.7,46.9,48.7,0.58,0.45,0.45
ADDI,2019-11-08 00:50:00 EST,42.04036,-77.23726,1665,25.6,25.5,20.8,94.6,24.3,0.000,0.000,0.00,0.000,3.3,5.6,1.1,270,16,3.9,7.0,1.4,272,15,3.9,7.0,1.4,272,15,0,28.31,0.5,0,0,0,43.7,46.9,48.7,0.58,0.45,0.45
ADDI,2019-11-08 00:55:00 EST,42.04036,-77.23726,1665,25.5,25.4,20.5,94.4,24.2,0.000,0.000,0.00,0.000,3.4,5.6,1.1,271,16,4.1,7.1,1.3,272,13,4.1,7.1,1.3,272,13,0,28.31,0.5,0,0,0,43.7,46.9,48.7,0.58,0.45,0.45
ADDI,2019-11-08 01:00:00 EST,42.04036,-77.23726,1665,25.5,25.4,25.5,94.5,24.1,0.000,0.000,0.00,0.000,2.5,4.6,0.8,283,18,2.9,5.4,1.0,284,18,2.9,5.4,1.0,284,18,0,28.31,0.5,0,0,0,43.7,46.9,48.7,0.58,0.45,0.45
ADDI,2019-11-08 01:05:00 EST,42.04036,-77.23726,1665,25.5,25.3,25.5,94.8,24.2,0.000,0.000,0.00,0.000,1.8,3.7,1.0,288,16,2.3,4.2,0.9,286,20,2.3,4.2,0.9,286,20,0,28.31,0.5,0,0,0,43.6,46.9,48.7,0.58,0.45,0.45
ADDI,2019-11-08 01:10:00 EST,42.04036,-77.23726,1665,25.5,25.3,25.5,94.9,24.2,0.000,0.000,0.00,0.000,2.4,4.7,1.2,275,17,2.9,6.1,1.3,276,18,2.9,6.1,1.3,276,18,0,28.31,0.5,0,0,0,43.7,46.9,48.7,0.58,0.45,0.45
ADDI,2019-11-08 01:15:00 EST,42.04036,-77.23726,1665,25.5,25.3,21.1,94.7,24.1,0.000,0.000,0.00,0.000,3.0,6.4,1.4,272,22,3.6,7.2,1.5,275,20,3.6,7.2,1.5,275,20,0,28.31,0.5,0,0,0,43.7,46.9,48.7,0.58,0.45,0.45
ADDI,2019-11-08 01:20:00 EST,42.04036,-77.23726,1665,25.4,25.3,20.8,94.6,24.1,0.000,0.000,0.00,0.000,3.1,6.1,1.2,274,19,3.7,7.2,1.5,276,18,3.7,7.2,1.5,276,18,0,28.31,0.5,0,0,0,43.6,46.9,48.7,0.58,0.45,0.45
ADDI,2019-11-08 01:25:00 EST,42.04036,-77.23726,1665,25.4,25.3,20.0,94.5,24.0,0.000,0.000,0.00,0.000,3.8,6.1,0.9,283,14,4.4,7.5,1.1,284,14,4.4,7.5,1.1,284,14,0,28.31,0.4,0,0,0,43.7,46.9,48.7,0.58,0.45,0.45
ADDI,2019-11-08 01:30:00 EST,42.04036,-77.23726,1665,25.4,25.2,21.4,94.5,24.0,0.000,0.000,0.00,0.000,2.7,4.7,0.8,273,17,3.3,6.4,1.0,275,17,3.3,6.4,1.0,275,17,0,28.31,0.4,0,0,0,43.7,46.9,48.7,0.58,0.45,0.45
ADDI,2019-11-08 01:35:00 EST,42.04036,-77.23726,1665,25.4,25.3,21.0,94.5,24.0,0.000,0.000,0.00,0.000,3.0,4.6,0.8,271,19,3.6,5.4,0.9,273,17,3.6,5.4,0.9,273,17,0,28.31,0.4,0,0,0,43.7,46.9,48.7,0.58,0.45,0.45
ADDI,2019-11-08 01:40:00 EST,42.04036,-77.23726,1665,25.4,25.2,25.4,94.4,24.0,0.000,0.000,0.00,0.000,1.9,3.4,0.7,288,24,2.3,4.4,0.8,289,23,2.3,4.4,0.8,289,23,0,28.31,0.4,0,0,0,43.7,46.9,48.7,0.58,0.45,0.45
ADDI,2019-11-08 01:45:00 EST,42.04036,-77.23726,1665,25.4,25.2,25.4,94.7,24.0,0.000,0.000,0.00,0.000,2.0,4.2,1.0,270,13,2.5,5.0,1.0,275,14,2.5,5.0,1.0,275,14,0,28.31,0.4,0,0,0,43.6,46.9,48.7,0.59,0.45,0.45
ADDI,2019-11-08 01:50:00 EST,42.04036,-77.23726,1665,25.4,25.2,25.4,94.9,24.1,0.000,0.000,0.00,0.000,2.2,4.4,1.1,285,17,2.6,5.3,1.2,286,19,2.6,5.3,1.2,286,19,0,28.31,0.4,0,0,0,43.7,46.9,48.7,0.58,0.45,0.45
ADDI,2019-11-08 01:55:00 EST,42.04036,-77.23726,1665,25.4,25.3,21.6,95.0,24.2,0.000,0.000,0.00,0.000,2.8,5.6,1.0,281,17,3.2,6.4,1.1,283,16,3.2,6.4,1.1,283,16,0,28.31,0.5,0,0,0,43.6,46.9,48.7,0.58,0.45,0.45
ADDI,2019-11-08 02:00:00 EST,42.04036,-77.23726,1665,25.4,25.2,20.7,95.0,24.2,0.000,0.000,0.00,0.000,3.3,6.9,1.0,281,19,3.8,8.6,1.2,282,17,3.8,8.6,1.2,282,17,0,28.31,0.4,0,0,0,43.7,46.9,48.7,0.58,0.45,0.45
ADDI,2019-11-08 02:05:00 EST,42.04036,-77.23726,1665,25.4,25.2,21.1,95.0,24.1,0.000,0.000,0.00,0.000,3.0,4.7,1.0,282,14,3.5,6.1,1.1,282,12,3.5,6.1,1.1,282,12,0,28.31,0.4,0,0,0,43.6,46.9,48.7,0.58,0.45,0.45
ADDI,2019-11-08 02:10:00 EST,42.04036,-77.23726,1665,25.4,25.2,21.4,95.1,24.1,0.000,0.000,0.00,0.000,2.8,5.4,1.0,290,19,3.3,6.7,1.2,289,19,3.3,6.7,1.2,289,19,0,28.31,0.4,0,0,0,43.7,46.9,48.7,0.58,0.45,0.45
ADDI,2019-11-08 02:15:00 EST,42.04036,-77.23726,1665,25.4,25.2,20.5,95.2,24.2,0.000,0.000,0.00,0.000,3.4,5.8,1.2,283,17,3.9,7.0,1.4,284,15,3.9,7.0,1.4,284,15,0,28.30,0.4,0,0,0,43.6,46.9,48.7,0.58,0.45,0.45
ADDI,2019-11-08 02:20:00 EST,42.04036,-77.23726,1665,25.4,25.2,20.6,95.2,24.2,0.000,0.000,0.00,0.000,3.3,5.6,1.0,291,17,3.8,6.9,1.0,290,15,3.8,6.9,1.0,290,15,0,28.30,0.4,0,0,0,43.6,46.9,48.7,0.58,0.45,0.45
ADDI,2019-11-08 02:25:00 EST,42.04036,-77.23726,1665,25.4,25.3,21.5,95.2,24.2,0.000,0.000,0.00,0.000,2.7,5.8,1.3,292,22,3.2,6.9,1.5,292,20,3.2,6.9,1.5,292,20,0,28.30,0.4,0,0,0,43.6,46.9,48.7,0.58,0.45,0.45
ADDI,2019-11-08 02:30:00 EST,42.04036,-77.23726,1665,25.4,25.3,21.3,95.3,24.3,0.000,0.000,0.00,0.000,2.9,5.4,1.1,279,22,3.4,5.7,1.2,281,21,3.4,5.7,1.2,281,21,0,28.30,0.4,0,0,0,43.7,46.9,48.7,0.58,0.45,0.45
ADDI,2019-11-08 02:35:00 EST,42.04036,-77.23726,1665,25.5,25.4,20.8,95.4,24.4,0.003,0.003,0.00,0.003,3.2,5.5,0.8,281,17,3.8,7.6,1.0,282,14,3.8,7.6,1.0,282,14,0,28.30,0.5,0,0,0,43.6,46.9,48.7,0.59,0.45,0.45
ADDI,2019-11-08 02:40:00 EST,42.04036,-77.23726,1665,25.5,25.4,21.5,95.5,24.4,0.000,0.003,0.00,0.003,2.7,5.8,0.8,289,26,3.3,6.3,1.0,289,26,3.3,6.3,1.0,289,26,0,28.30,0.5,0,0,0,43.7,46.9,48.7,0.58,0.45,0.45
ADDI,2019-11-08 02:45:00 EST,42.04036,-77.23726,1665,25.5,25.4,19.6,95.6,24.4,0.000,0.003,0.00,0.003,4.1,8.7,1.7,310,23,4.8,8.8,1.8,310,22,4.8,8.8,1.8,310,22,0,28.31,0.5,0,0,0,43.6,46.9,48.7,0.58,0.45,0.45
ADDI,2019-11-08 02:50:00 EST,42.04036,-77.23726,1665,25.6,25.5,18.9,95.5,24.5,0.000,0.003,0.00,0.003,4.8,7.5,1.3,308,25,5.6,9.5,1.4,309,22,5.6,9.5,1.4,309,22,0,28.31,0.5,0,0,0,43.6,46.9,48.7,0.58,0.45,0.45
ADDI,2019-11-08 02:55:00 EST,42.04036,-77.23726,1665,25.6,25.5,20.2,95.5,24.5,0.000,0.003,0.00,0.003,3.8,8.3,1.5,305,20,4.4,9.1,1.8,306,18,4.4,9.1,1.8,306,18,0,28.31,0.5,0,0,0,43.6,46.9,48.7,0.58,0.45,0.45
ADDI,2019-11-08 03:00:00 EST,42.04036,-77.23726,1665,25.6,25.5,19.8,95.3,24.5,0.000,0.003,0.00,0.003,4.3,9.0,2.2,312,19,4.8,9.6,2.2,313,19,4.8,9.6,2.2,313,19,0,28.31,0.5,0,0,0,43.6,46.9,48.7,0.58,0.45,0.45
ADDI,2019-11-08 03:05:00 EST,42.04036,-77.23726,1665,25.7,25.5,20.4,95.4,24.5,0.000,0.003,0.00,0.003,3.8,6.4,1.1,323,18,4.3,7.2,1.2,324,18,4.3,7.2,1.2,324,18,0,28.31,0.5,0,0,0,43.6,46.9,48.7,0.58,0.45,0.45
ADDI,2019-11-08 03:10:00 EST,42.04036,-77.23726,1665,25.7,25.6,19.6,95.2,24.5,0.000,0.003,0.00,0.003,4.5,10.2,1.9,307,18,5.1,11.1,2.0,307,17,5.1,11.1,2.0,307,17,0,28.31,0.5,0,0,0,43.7,46.9,48.7,0.58,0.45,0.45
ADDI,2019-11-08 03:15:00 EST,42.04036,-77.23726,1665,25.7,25.6,18.7,95.0,24.5,0.000,0.003,0.00,0.003,5.3,10.7,2.3,312,22,6.1,11.2,2.4,311,22,6.1,11.2,2.4,311,22,0,28.31,0.5,0,0,0,43.6,46.9,48.7,0.58,0.45,0.45
ADDI,2019-11-08 03:20:00 EST,42.04036,-77.23726,1665,25.8,25.7,18.0,94.3,24.4,0.000,0.003,0.00,0.003,6.3,13.5,2.4,329,21,7.1,13.8,2.5,330,17,7.1,13.8,2.5,330,17,0,28.31,0.5,0,0,0,43.6,46.9,48.7,0.59,0.45,0.45
ADDI,2019-11-08 03:25:00 EST,42.04036,-77.23726,1665,25.8,25.7,18.3,94.2,24.4,0.000,0.003,0.00,0.003,5.9,8.9,1.5,332,18,6.7,10.0,1.7,334,19,6.7,10.0,1.7,334,19,0,28.31,0.5,0,0,0,43.6,46.9,48.7,0.58,0.45,0.45
ADDI,2019-11-08 03:30:00 EST,42.04036,-77.23726,1665,25.7,25.6,19.7,94.1,24.2,0.000,0.003,0.00,0.003,4.2,8.0,1.6,317,23,5.0,8.7,1.7,316,22,5.0,8.7,1.7,316,22,0,28.31,0.5,0,0,0,43.6,46.9,48.7,0.58,0.45,0.45
ADDI,2019-11-08 03:35:00 EST,42.04036,-77.23726,1665,25.6,25.5,18.4,93.2,23.9,0.000,0.003,0.00,0.000,5.4,8.9,1.3,323,20,6.2,9.8,1.5,324,17,6.2,9.8,1.5,324,17,0,28.31,0.4,0,0,0,43.6,46.9,48.7,0.58,0.45,0.45
ADDI,2019-11-08 03:40:00 EST,42.04036,-77.23726,1665,25.3,25.3,18.3,92.8,23.5,0.000,0.003,0.00,0.000,5.3,10.0,2.1,327,15,5.9,11.0,2.2,326,13,5.9,11.0,2.2,326,13,0,28.31,0.5,0,0,0,43.6,46.9,48.7,0.58,0.45,0.45
ADDI,2019-11-08 03:45:00 EST,42.04036,-77.23726,1665,25.2,25.2,17.5,93.1,23.4,0.000,0.003,0.00,0.000,5.8,11.8,1.9,327,16,6.6,12.1,2.0,327,16,6.6,12.1,2.0,327,16,0,28.32,0.5,0,0,0,43.6,46.9,48.7,0.58,0.45,0.45
ADDI,2019-11-08 03:50:00 EST,42.04036,-77.23726,1665,25.3,25.2,16.3,92.6,23.4,0.000,0.003,0.00,0.000,7.7,11.5,1.7,329,18,8.5,13.0,1.9,330,17,8.5,13.0,1.9,330,17,0,28.31,0.5,0,0,0,43.6,46.9,48.7,0.58,0.45,0.45
ADDI,2019-11-08 03:55:00 EST,42.04036,-77.23726,1665,25.0,25.0,17.4,91.9,23.0,0.000,0.003,0.00,0.000,5.8,8.5,1.5,330,17,6.6,9.9,1.6,332,16,6.6,9.9,1.6,332,16,0,28.31,0.4,0,0,0,43.6,46.9,48.7,0.58,0.45,0.45
ADDI,2019-11-08 04:00:00 EST,42.04036,-77.23726,1665,24.7,24.8,16.9,92.4,22.8,0.000,0.003,0.00,0.000,6.1,10.5,1.8,332,13,6.7,11.3,1.8,333,13,6.7,11.3,1.8,333,13,0,28.31,0.5,0,0,0,43.6,46.9,48.7,0.58,0.45,0.45
ADDI,2019-11-08 04:05:00 EST,42.04036,-77.23726,1665,24.7,24.7,16.5,92.4,22.8,0.000,0.003,0.00,0.000,6.7,12.5,2.5,327,14,7.2,13.3,2.5,327,14,7.2,13.3,2.5,327,14,0,28.31,0.5,0,0,0,43.6,46.9,48.7,0.58,0.45,0.45
ADDI,2019-11-08 04:10:00 EST,42.04036,-77.23726,1665,24.6,24.6,16.5,92.4,22.7,0.000,0.003,0.00,0.000,6.6,13.2,2.2,326,21,7.2,13.0,2.2,327,17,7.2,13.0,2.2,327,17,0,28.32,0.5,0,0,0,43.6,46.9,48.7,0.59,0.45,0.45
ADDI,2019-11-08 04:15:00 EST,42.04036,-77.23726,1665,24.5,24.5,16.9,92.0,22.5,0.000,0.003,0.00,0.000,5.7,9.2,1.5,327,22,6.4,9.9,1.5,327,18,6.4,9.9,1.5,327,18,0,28.31,0.5,0,0,0,43.6,46.9,48.7,0.58,0.45,0.45
ADDI,2019-11-08 04:20:00 EST,42.04036,-77.23726,1665,24.2,24.3,17.3,92.0,22.3,0.000,0.003,0.00,0.000,5.0,8.9,1.3,324,14,5.7,10.1,1.4,322,15,5.7,10.1,1.4,322,15,0,28.31,0.5,0,0,0,43.5,46.9,48.7,0.58,0.45,0.45
ADDI,2019-11-08 04:25:00 EST,42.04036,-77.23726,1665,24.0,24.1,16.1,92.2,22.1,0.000,0.003,0.00,0.000,6.1,10.4,1.5,330,22,6.7,12.1,1.7,331,16,6.7,12.1,1.7,331,16,0,28.31,0.5,0,0,0,43.6,46.9,48.7,0.58,0.45,0.45
ADDI,2019-11-08 04:30:00 EST,42.04036,-77.23726,1665,23.9,24.0,16.6,92.6,22.1,0.000,0.003,0.00,0.000,5.6,9.7,1.6,329,18,6.0,11.3,1.7,327,18,6.0,11.3,1.7,327,18,0,28.32,0.6,0,0,0,43.6,46.9,48.7,0.58,0.45,0.45
ADDI,2019-11-08 04:35:00 EST,42.04036,-77.23726,1665,23.9,23.9,16.6,92.8,22.1,0.000,0.003,0.00,0.000,6.2,10.4,1.8,326,16,6.0,11.2,1.7,320,17,6.0,11.2,1.7,320,17,0,28.32,0.6,0,0,0,43.5,46.9,48.7,0.58,0.45,0.45
ADDI,2019-11-08 04:40:00 EST,42.04036,-77.23726,1665,23.8,23.8,17.4,92.8,22.0,0.000,0.003,0.00,0.000,5.1,9.1,1.6,325,22,5.0,8.7,1.5,319,22,5.0,8.7,1.5,319,22,0,28.32,0.6,0,0,0,43.5,46.9,48.7,0.59,0.45,0.45
ADDI,2019-11-08 04:45:00 EST,42.04036,-77.23726,1665,23.7,23.8,17.9,92.9,22.0,0.000,0.003,0.00,0.000,5.2,10.5,1.2,331,12,4.5,9.7,1.4,310,28,4.5,9.7,1.4,310,28,0,28.32,0.6,0,0,0,43.5,46.8,48.7,0.58,0.45,0.45
ADDI,2019-11-08 04:50:00 EST,42.04036,-77.23726,1665,23.8,23.8,17.7,93.1,22.1,0.000,0.003,0.00,0.000,5.7,10.4,1.8,323,14,4.7,9.3,1.9,276,30,4.7,9.3,1.9,276,30,0,28.32,0.5,0,0,0,43.5,46.9,48.7,0.58,0.45,0.45
ADDI,2019-11-08 04:55:00 EST,42.04036,-77.23726,1665,23.9,23.8,17.7,93.1,22.2,0.000,0.003,0.00,0.000,5.2,8.3,1.4,322,18,4.8,8.1,1.4,256,36,4.8,8.1,1.4,256,36,0,28.33,0.4,0,0,0,43.5,46.9,48.7,0.59,0.45,0.45
ADDI,2019-11-08 05:00:00 EST,42.04036,-77.23726,1665,23.7,23.8,16.6,93.2,22.1,0.000,0.003,0.00,0.000,5.0,8.8,1.6,324,19,5.7,10.7,1.5,245,47,5.7,10.7,1.5,245,47,0,28.33,0.4,0,0,0,43.5,46.8,48.7,0.59,0.45,0.45
ADDI,2019-11-08 05:05:00 EST,42.04036,-77.23726,1665,23.8,23.8,14.9,93.4,22.2,0.000,0.003,0.00,0.000,6.6,10.5,1.7,329,18,7.9,13.7,2.3,333,16,7.9,13.7,2.3,333,16,0,28.33,0.3,0,0,0,43.5,46.8,48.7,0.58,0.45,0.45
ADDI,2019-11-08 05:10:00 EST,42.04036,-77.23726,1665,23.9,23.8,16.5,93.6,22.3,0.000,0.003,0.00,0.000,5.0,9.4,1.6,320,19,6.1,11.1,2.0,324,20,6.1,11.1,2.0,324,20,0,28.33,0.4,0,0,0,43.5,46.9,48.7,0.58,0.45,0.45
ADDI,2019-11-08 05:15:00 EST,42.04036,-77.23726,1665,23.9,23.8,15.6,93.9,22.4,0.000,0.003,0.00,0.000,5.2,8.1,1.2,334,16,7.2,11.2,1.6,340,15,7.2,11.2,1.6,340,15,0,28.33,0.3,0,0,0,43.5,46.8,48.7,0.59,0.45,0.45
ADDI,2019-11-08 05:20:00 EST,42.04036,-77.23726,1665,23.9,23.8,16.2,94.3,22.5,0.000,0.003,0.00,0.000,5.0,7.3,1.2,331,16,6.5,10.5,1.7,335,17,6.5,10.5,1.7,335,17,0,28.33,0.4,0,0,0,43.5,46.8,48.7,0.58,0.45,0.45
ADDI,2019-11-08 05:25:00 EST,42.04036,-77.23726,1665,24.0,23.9,16.2,94.5,22.7,0.000,0.003,0.00,0.000,5.3,9.3,1.3,326,18,6.6,10.9,1.7,329,19,6.6,10.9,1.7,329,19,0,28.33,0.3,0,0,0,43.5,46.8,48.7,0.59,0.45,0.45
ADDI,2019-11-08 05:30:00 EST,42.04036,-77.23726,1665,24.0,23.9,15.8,94.4,22.6,0.000,0.003,0.00,0.000,5.5,11.3,1.5,332,17,7.2,14.9,2.6,339,17,7.2,14.9,2.6,339,17,0,28.34,0.4,0,0,0,43.5,46.8,48.7,0.58,0.45,0.45
ADDI,2019-11-08 05:35:00 EST,42.04036,-77.23726,1665,24.1,24.0,13.8,93.8,22.6,0.000,0.003,0.00,0.000,8.5,16.1,2.7,330,15,10.2,18.8,3.3,335,17,10.2,18.8,3.3,335,17,0,28.34,0.3,0,0,0,43.5,46.8,48.7,0.58,0.45,0.45
ADDI,2019-11-08 05:40:00 EST,42.04036,-77.23726,1665,24.2,24.1,13.6,91.6,22.1,0.000,0.003,0.00,0.000,9.0,13.8,2.5,331,16,10.9,19.4,3.4,335,17,10.9,19.4,3.4,335,17,0,28.34,0.4,0,0,0,43.5,46.8,48.7,0.59,0.45,0.45
ADDI,2019-11-08 05:45:00 EST,42.04036,-77.23726,1665,24.2,24.0,14.0,90.6,21.8,0.000,0.003,0.00,0.000,8.3,14.8,2.3,332,18,10.0,16.5,2.6,337,16,10.0,16.5,2.6,337,16,0,28.34,0.4,0,0,0,43.5,46.8,48.7,0.58,0.45,0.45
ADDI,2019-11-08 05:50:00 EST,42.04036,-77.23726,1665,24.1,24.0,13.7,89.9,21.6,0.000,0.003,0.00,0.000,8.7,16.2,2.5,327,22,10.5,17.9,2.8,330,22,10.5,17.9,2.8,330,22,0,28.35,0.4,0,0,0,43.5,46.8,48.7,0.58,0.45,0.45
ADDI,2019-11-08 05:55:00 EST,42.04036,-77.23726,1665,24.0,23.9,15.2,89.9,21.5,0.000,0.003,0.00,0.000,7.0,12.8,2.0,324,15,7.9,13.6,2.1,325,15,7.9,13.6,2.1,325,15,0,28.35,0.4,0,0,0,43.5,46.8,48.7,0.59,0.45,0.45
ADDI,2019-11-08 06:00:00 EST,42.04036,-77.23726,1665,24.0,23.8,15.8,89.9,21.4,0.000,0.003,0.00,0.000,6.0,13.4,2.2,323,21,7.0,15.3,2.5,323,21,7.0,15.3,2.5,323,21,0,28.35,0.3,0,0,0,43.5,46.8,48.7,0.59,0.45,0.45
ADDI,2019-11-08 06:05:00 EST,42.04036,-77.23726,1665,23.9,23.8,14.7,89.6,21.3,0.000,0.003,0.00,0.000,7.6,14.6,2.3,317,17,8.4,14.6,2.3,317,16,8.4,14.6,2.3,317,16,0,28.35,0.4,0,0,0,43.5,46.8,48.7,0.59,0.45,0.45
ADDI,2019-11-08 06:10:00 EST,42.04036,-77.23726,1665,23.8,23.7,14.8,89.9,21.3,0.000,0.003,0.00,0.000,7.0,13.8,2.6,334,18,8.1,16.5,2.9,335,18,8.1,16.5,2.9,335,18,0,28.36,0.3,0,0,0,43.5,46.8,48.7,0.59,0.45,0.45
ADDI,2019-11-08 06:15:00 EST,42.04036,-77.23726,1665,23.7,23.6,14.5,90.2,21.3,0.000,0.003,0.00,0.000,7.1,13.5,2.3,328,20,8.3,14.1,2.2,328,18,8.3,14.1,2.2,328,18,0,28.36,0.3,0,0,0,43.5,46.8,48.7,0.59,0.45,0.45
ADDI,2019-11-08 06:20:00 EST,42.04036,-77.23726,1665,23.6,23.5,15.0,89.9,21.1,0.000,0.003,0.00,0.000,6.5,10.9,1.9,325,22,7.4,13.6,2.2,327,21,7.4,13.6,2.2,327,21,0,28.36,0.4,0,0,0,43.5,46.8,48.7,0.58,0.45,0.45
ADDI,2019-11-08 06:25:00 EST,42.04036,-77.23726,1665,23.4,23.4,14.1,89.5,20.8,0.000,0.003,0.00,0.000,7.4,13.2,1.9,328,15,8.4,14.8,2.2,331,15,8.4,14.8,2.2,331,15,0,28.36,0.3,0,0,0,43.5,46.8,48.7,0.58,0.45,0.45
ADDI,2019-11-08 06:30:00 EST,42.04036,-77.23726,1665,23.0,23.2,16.1,89.7,20.5,0.000,0.003,0.00,0.000,4.7,7.8,1.4,321,19,5.5,9.4,1.4,322,19,5.5,9.4,1.4,322,19,0,28.36,0.2,0,0,0,43.5,46.8,48.7,0.59,0.45,0.45
ADDI,2019-11-08 06:35:00 EST,42.04036,-77.23726,1665,23.0,23.1,15.4,90.2,20.5,0.000,0.003,0.00,0.000,5.4,8.9,1.5,320,16,6.1,10.0,1.6,322,15,6.1,10.0,1.6,322,15,0,28.37,0.3,0,0,0,43.5,46.8,48.7,0.59,0.45,0.45
ADDI,2019-11-08 06:40:00 EST,42.04036,-77.23726,1665,23.0,23.0,16.7,90.2,20.5,0.000,0.003,0.00,0.000,4.1,6.8,1.0,328,17,4.8,7.9,1.0,328,15,4.8,7.9,1.0,328,15,1,28.37,0.4,0,0,0,43.5,46.8,48.7,0.59,0.45,0.45
ADDI,2019-11-08 06:45:00 EST,42.04036,-77.23726,1665,23.2,23.1,15.6,90.4,20.8,0.000,0.003,0.00,0.000,5.3,8.6,1.3,329,19,6.2,9.9,1.5,332,16,6.2,9.9,1.5,332,16,1,28.37,0.4,0,0,0,43.5,46.8,48.7,0.58,0.45,0.45
ADDI,2019-11-08 06:50:00 EST,42.04036,-77.23726,1665,23.2,23.1,15.3,90.7,20.9,0.000,0.003,0.00,0.000,5.7,10.8,1.8,322,20,6.6,12.3,1.9,323,20,6.6,12.3,1.9,323,20,2,28.37,0.3,0,0,0,43.5,46.8,48.7,0.59,0.45,0.45
ADDI,2019-11-08 06:55:00 EST,42.04036,-77.23726,1665,23.2,23.1,16.2,91.0,21.0,0.000,0.003,0.00,0.000,4.9,7.5,1.3,319,16,5.5,8.8,1.4,321,16,5.5,8.8,1.4,321,16,5,28.37,0.3,0,0,0,43.5,46.8,48.7,0.59,0.45,0.45
ADDI,2019-11-08 07:00:00 EST,42.04036,-77.23726,1665,23.1,23.0,16.1,91.3,21.0,0.000,0.003,0.00,0.000,4.8,9.1,1.4,329,19,5.5,10.3,1.6,331,16,5.5,10.3,1.6,331,16,7,28.37,0.3,0,0,0,43.5,46.8,48.7,0.59,0.45,0.45
ADDI,2019-11-08 07:05:00 EST,42.04036,-77.23726,1665,23.2,23.1,14.4,91.3,21.0,0.000,0.003,0.00,0.000,6.5,11.9,1.6,338,16,7.6,12.6,1.8,342,15,7.6,12.6,1.8,342,15,11,28.38,0.3,0,0,0,43.5,46.8,48.7,0.59,0.45,0.45
ADDI,2019-11-08 07:10:00 EST,42.04036,-77.23726,1665,23.1,23.0,14.9,91.2,20.9,0.000,0.003,0.00,0.000,6.0,10.2,1.4,332,15,6.8,10.9,1.4,335,13,6.8,10.9,1.4,335,13,21,28.38,0.3,0,0,0,43.5,46.8,48.7,0.59,0.45,0.45
ADDI,2019-11-08 07:15:00 EST,42.04036,-77.23726,1665,22.9,22.9,14.2,91.1,20.7,0.000,0.003,0.00,0.000,6.6,11.6,1.7,327,14,7.5,13.4,2.0,328,13,7.5,13.4,2.0,328,13,21,28.38,0.2,0,0,0,43.5,46.8,48.7,0.59,0.45,0.45
ADDI,2019-11-08 07:20:00 EST,42.04036,-77.23726,1665,22.8,22.8,14.8,90.6,20.5,0.000,0.003,0.00,0.000,5.7,9.5,1.5,328,14,6.5,11.1,1.5,329,14,6.5,11.1,1.5,329,14,27,28.39,0.2,0,0,0,43.5,46.8,48.7,0.59,0.45,0.45
ADDI,2019-11-08 07:25:00 EST,42.04036,-77.23726,1665,22.8,22.8,14.5,90.7,20.5,0.000,0.003,0.00,0.000,6.2,10.5,1.4,335,15,6.9,13.3,1.7,336,14,6.9,13.3,1.7,336,14,36,28.39,0.3,0,0,0,43.5,46.8,48.7,0.59,0.45,0.45
ADDI,2019-11-08 07:30:00 EST,42.04036,-77.23726,1665,22.9,22.8,14.0,90.8,20.6,0.000,0.003,0.00,0.000,6.7,13.5,2.4,333,20,7.6,17.5,2.9,336,19,7.6,17.5,2.9,336,19,64,28.39,0.3,0,0,0,43.5,46.8,48.7,0.59,0.45,0.45
ADDI,2019-11-08 07:35:00 EST,42.04036,-77.23726,1665,23.2,23.0,14.2,90.3,20.7,0.000,0.003,0.00,0.000,6.9,10.7,1.4,336,15,7.9,12.4,1.7,338,13,7.9,12.4,1.7,338,13,49,28.39,0.3,0,0,0,43.5,46.8,48.7,0.59,0.45,0.45
ADDI,2019-11-08 07:40:00 EST,42.04036,-77.23726,1665,23.2,23.1,13.1,89.9,20.7,0.000,0.003,0.00,0.000,8.7,14.9,2.2,339,13,9.7,17.5,2.5,340,11,9.7,17.5,2.5,340,11,37,28.39,0.3,0,0,0,43.5,46.8,48.7,0.59,0.45,0.45
ADDI,2019-11-08 07:45:00 EST,42.04036,-77.23726,1665,23.2,23.1,13.9,90.0,20.7,0.000,0.003,0.00,0.000,7.3,12.3,2.2,331,21,8.4,15.8,2.8,334,21,8.4,15.8,2.8,334,21,46,28.40,0.3,0,0,0,43.5,46.8,48.7,0.59,0.45,0.45
ADDI,2019-11-08 07:50:00 EST,42.04036,-77.23726,1665,23.2,23.1,13.3,90.4,20.9,0.000,0.003,0.00,0.000,8.1,15.5,2.7,340,12,9.2,18.1,3.0,341,12,9.2,18.1,3.0,341,12,54,28.40,0.3,0,0,0,43.5,46.8,48.7,0.59,0.45,0.45
ADDI,2019-11-08 07:55:00 EST,42.04036,-77.23726,1665,23.3,23.1,13.3,89.6,20.7,0.000,0.003,0.00,0.000,8.4,15.3,2.4,339,14,9.4,15.7,2.5,339,13,9.4,15.7,2.5,339,13,57,28.40,0.3,0,0,0,43.5,46.8,48.7,0.59,0.45,0.45
ADDI,2019-11-08 08:00:00 EST,42.04036,-77.23726,1665,23.2,23.1,13.0,89.2,20.5,0.000,0.003,0.00,0.000,8.7,15.6,2.1,340,18,9.7,18.3,2.6,345,12,9.7,18.3,2.6,345,12,70,28.40,0.3,0,0,0,43.5,46.8,48.7,0.59,0.45,0.45
ADDI,2019-11-08 08:05:00 EST,42.04036,-77.23726,1665,23.2,23.0,11.9,88.4,20.3,0.000,0.003,0.00,0.000,10.6,17.0,2.8,344,18,11.5,18.0,3.0,344,15,11.5,18.0,3.0,344,15,78,28.41,0.3,0,0,0,43.5,46.8,48.6,0.59,0.45,0.45
ADDI,2019-11-08 08:10:00 EST,42.04036,-77.23726,1665,23.1,22.9,12.0,87.5,19.9,0.000,0.003,0.00,0.000,9.8,18.2,3.0,335,17,11.2,19.7,3.2,338,14,11.2,19.7,3.2,338,14,73,28.41,0.3,0,0,0,43.5,46.8,48.7,0.59,0.45,0.45
ADDI,2019-11-08 08:15:00 EST,42.04036,-77.23726,1665,22.9,22.8,11.8,87.9,19.8,0.000,0.003,0.00,0.000,10.0,15.9,2.5,341,14,11.0,17.7,2.7,343,11,11.0,17.7,2.7,343,11,72,28.41,0.4,0,0,0,43.5,46.8,48.6,0.59,0.45,0.45
ADDI,2019-11-08 08:20:00 EST,42.04036,-77.23726,1665,22.8,22.7,12.4,87.1,19.6,0.000,0.003,0.00,0.000,8.7,16.8,2.7,334,15,9.9,19.1,3.0,336,14,9.9,19.1,3.0,336,14,159,28.41,0.3,0,0,0,43.5,46.8,48.6,0.59,0.45,0.45
ADDI,2019-11-08 08:25:00 EST,42.04036,-77.23726,1665,22.9,22.8,13.1,86.8,19.6,0.000,0.003,0.00,0.000,8.1,12.7,2.3,338,17,9.0,14.8,2.5,339,15,9.0,14.8,2.5,339,15,167,28.41,0.4,0,0,0,43.4,46.8,48.6,0.59,0.45,0.45
ADDI,2019-11-08 08:30:00 EST,42.04036,-77.23726,1665,22.8,22.7,11.8,85.5,19.1,0.000,0.003,0.00,0.000,10.1,15.7,2.5,333,23,11.0,17.3,2.6,334,20,11.0,17.3,2.6,334,20,162,28.41,0.4,0,0,0,43.4,46.8,48.6,0.59,0.45,0.45
ADDI,2019-11-08 08:35:00 EST,42.04036,-77.23726,1665,22.7,22.6,11.8,85.5,19.0,0.000,0.003,0.00,0.000,9.7,17.1,3.7,337,13,10.7,18.9,4.1,340,11,10.7,18.9,4.1,340,11,93,28.42,0.4,0,0,0,43.5,46.8,48.6,0.59,0.45,0.45
ADDI,2019-11-08 08:40:00 EST,42.04036,-77.23726,1665,22.4,22.3,10.7,84.4,18.4,0.000,0.003,0.00,0.000,10.9,17.0,3.3,341,17,12.1,20.4,3.5,343,13,12.1,20.4,3.5,343,13,79,28.42,0.4,0,0,0,43.3,46.8,48.6,0.59,0.45,0.45
ADDI,2019-11-08 08:45:00 EST,42.04036,-77.23726,1665,22.2,22.1,11.3,84.5,18.3,0.000,0.003,0.00,0.000,9.4,17.0,2.7,340,19,10.5,19.0,3.0,342,14,10.5,19.0,3.0,342,14,138,28.42,0.5,0,0,0,43.3,46.8,48.6,0.59,0.45,0.45
ADDI,2019-11-08 08:50:00 EST,42.04036,-77.23726,1665,22.4,22.3,11.7,84.3,18.4,0.000,0.003,0.00,0.000,9.3,17.2,3.2,340,21,10.4,20.3,3.7,340,18,10.4,20.3,3.7,340,18,223,28.42,0.4,0,0,0,43.4,46.8,48.6,0.59,0.45,0.45
ADDI,2019-11-08 08:55:00 EST,42.04036,-77.23726,1665,22.7,22.5,12.3,84.5,18.8,0.000,0.003,0.00,0.000,8.8,13.0,2.0,340,18,9.9,15.7,2.2,342,12,9.9,15.7,2.2,342,12,272,28.42,0.4,0,0,0,43.4,46.8,48.6,0.59,0.45,0.45
ADDI,2019-11-08 09:00:00 EST,42.04036,-77.23726,1665,22.9,22.6,12.4,84.1,18.8,0.000,0.003,0.00,0.000,8.9,16.1,2.4,335,20,10.0,19.0,2.7,337,16,10.0,19.0,2.7,337,16,237,28.42,0.5,0,0,0,43.3,46.8,48.6,0.59,0.45,0.45
ADDI,2019-11-08 09:05:00 EST,42.04036,-77.23726,1665,22.9,22.7,12.3,83.4,18.6,0.000,0.003,0.00,0.000,9.2,14.7,2.1,332,21,10.1,16.1,2.1,333,19,10.1,16.1,2.1,333,19,185,28.42,0.5,0,0,0,43.3,46.8,48.6,0.59,0.45,0.45
ADDI,2019-11-08 09:10:00 EST,42.04036,-77.23726,1665,22.9,22.7,12.7,82.4,18.3,0.000,0.003,0.00,0.000,8.7,15.6,2.6,328,22,9.5,16.7,2.7,330,19,9.5,16.7,2.7,330,19,233,28.43,0.4,0,0,0,43.3,46.8,48.6,0.59,0.45,0.45
ADDI,2019-11-08 09:15:00 EST,42.04036,-77.23726,1665,23.0,22.8,13.6,82.6,18.5,0.000,0.003,0.00,0.000,7.5,13.6,2.1,337,18,8.4,15.1,2.4,337,18,8.4,15.1,2.4,337,18,262,28.43,0.5,0,0,0,43.3,46.8,48.6,0.59,0.45,0.45
ADDI,2019-11-08 09:20:00 EST,42.04036,-77.23726,1665,23.0,22.8,12.1,81.2,18.1,0.000,0.003,0.00,0.000,9.6,15.9,2.5,324,29,10.7,17.7,2.9,326,30,10.7,17.7,2.9,326,30,225,28.43,0.5,0,0,0,43.3,46.8,48.6,0.59,0.45,0.45
ADDI,2019-11-08 09:25:00 EST,42.04036,-77.23726,1665,22.8,22.6,11.1,78.7,17.2,0.000,0.003,0.00,0.000,11.1,19.9,3.4,332,22,12.3,20.7,3.7,335,21,12.3,20.7,3.7,335,21,246,28.43,0.5,0,0,0,43.3,46.8,48.6,0.58,0.45,0.45
ADDI,2019-11-08 09:30:00 EST,42.04036,-77.23726,1665,22.9,22.7,12.3,79.4,17.5,0.000,0.003,0.00,0.000,9.1,18.7,4.1,339,17,10.3,20.8,4.4,339,15,10.3,20.8,4.4,339,15,224,28.43,0.4,0,0,0,43.3,46.8,48.6,0.59,0.45,0.45
ADDI,2019-11-08 09:35:00 EST,42.04036,-77.23726,1665,22.8,22.6,12.7,80.5,17.7,0.000,0.003,0.00,0.000,8.6,15.3,2.8,340,25,9.3,18.3,2.9,341,13,9.3,18.3,2.9,341,13,183,28.43,0.5,0,0,0,43.3,46.8,48.6,0.59,0.45,0.45
ADDI,2019-11-08 09:40:00 EST,42.04036,-77.23726,1665,22.8,22.5,13.3,80.2,17.6,0.000,0.003,0.00,0.000,7.7,11.5,1.6,343,16,8.4,13.0,1.7,344,14,8.4,13.0,1.7,344,14,313,28.43,0.5,0,0,0,43.3,46.8,48.6,0.59,0.45,0.45
ADDI,2019-11-08 09:45:00 EST,42.04036,-77.23726,1665,23.1,22.8,12.4,78.6,17.4,0.000,0.003,0.00,0.000,9.8,14.6,1.9,326,17,10.5,16.1,2.1,327,18,10.5,16.1,2.1,327,18,360,28.43,0.5,0,0,0,43.3,46.8,48.6,0.59,0.45,0.45
ADDI,2019-11-08 09:50:00 EST,42.04036,-77.23726,1665,23.2,22.9,11.7,76.9,17.0,0.000,0.003,0.00,0.000,11.0,21.4,3.3,338,15,12.0,22.8,3.6,340,17,12.0,22.8,3.6,340,17,413,28.43,0.6,0,0,0,43.3,46.8,48.6,0.59,0.45,0.45
ADDI,2019-11-08 09:55:00 EST,42.04036,-77.23726,1665,23.2,22.9,12.0,76.9,17.0,0.000,0.003,0.00,0.000,10.5,23.2,3.9,341,14,11.4,24.6,4.2,343,14,11.4,24.6,4.2,343,14,306,28.43,0.5,0,0,0,43.3,46.8,48.6,0.59,0.45,0.45
ADDI,2019-11-08 10:00:00 EST,42.04036,-77.23726,1665,23.0,22.8,12.9,77.8,17.1,0.000,0.003,0.00,0.000,8.5,14.9,2.8,335,22,9.5,17.7,3.0,338,20,9.5,17.7,3.0,338,20,196,28.44,0.5,0,0,0,43.3,46.8,48.6,0.59,0.45,0.45
ADDI,2019-11-08 10:05:00 EST,42.04036,-77.23726,1665,23.1,22.8,13.6,77.8,17.2,0.000,0.003,0.00,0.000,7.6,15.7,2.6,339,22,8.5,18.4,3.1,339,22,8.5,18.4,3.1,339,22,282,28.44,0.6,0,0,0,43.3,46.8,48.6,0.59,0.45,0.45
ADDI,2019-11-08 10:10:00 EST,42.04036,-77.23726,1665,23.1,22.9,12.5,76.8,16.9,0.000,0.003,0.00,0.000,9.7,15.4,2.9,324,18,10.4,17.7,2.9,327,17,10.4,17.7,2.9,327,17,203,28.44,0.5,0,0,0,43.3,46.8,48.6,0.59,0.45,0.45
ADDI,2019-11-08 10:15:00 EST,42.04036,-77.23726,1665,23.3,23.0,14.2,78.4,17.6,0.000,0.003,0.00,0.000,7.4,15.1,2.8,341,14,8.1,16.1,2.9,343,11,8.1,16.1,2.9,343,11,333,28.44,0.5,0,0,0,43.3,46.8,48.6,0.59,0.45,0.45
ADDI,2019-11-08 10:20:00 EST,42.04036,-77.23726,1665,23.5,23.2,13.0,75.5,16.9,0.000,0.003,0.00,0.000,9.6,16.0,2.7,332,18,10.4,16.2,2.7,332,18,10.4,16.2,2.7,332,18,304,28.44,0.4,0,0,0,43.3,46.8,48.6,0.59,0.45,0.45
ADDI,2019-11-08 10:25:00 EST,42.04036,-77.23726,1665,23.5,23.1,13.0,75.4,16.8,0.000,0.003,0.00,0.000,9.6,15.9,2.7,340,20,10.3,18.1,2.9,339,20,10.3,18.1,2.9,339,20,353,28.44,0.5,0,0,0,43.3,46.8,48.6,0.59,0.45,0.45
ADDI,2019-11-08 10:30:00 EST,42.04036,-77.23726,1665,23.8,23.4,12.7,74.9,16.9,0.000,0.003,0.00,0.000,10.5,18.5,2.7,335,20,11.4,21.3,2.9,339,20,11.4,21.3,2.9,339,20,453,28.45,0.5,0,0,0,43.3,46.8,48.6,0.59,0.45,0.45
ADDI,2019-11-08 10:35:00 EST,42.04036,-77.23726,1665,23.9,23.5,14.4,74.7,17.0,0.000,0.003,0.00,0.000,7.8,17.9,3.8,327,30,8.8,19.8,3.9,328,29,8.8,19.8,3.9,328,29,326,28.45,0.5,0,0,0,43.3,46.8,48.6,0.59,0.45,0.45
ADDI,2019-11-08 10:40:00 EST,42.04036,-77.23726,1665,23.5,23.1,12.4,74.1,16.4,0.000,0.003,0.00,0.000,10.5,16.9,2.5,342,14,11.4,18.5,2.8,343,14,11.4,18.5,2.8,343,14,343,28.45,0.5,0,0,0,43.3,46.8,48.6,0.59,0.45,0.45
ADDI,2019-11-08 10:45:00 EST,42.04036,-77.23726,1665,23.9,23.5,15.5,75.6,17.4,0.000,0.003,0.00,0.000,6.6,13.2,2.3,329,21,7.3,14.8,2.6,333,20,7.3,14.8,2.6,333,20,396,28.45,0.5,0,0,0,43.3,46.8,48.6,0.59,0.45,0.45
ADDI,2019-11-08 10:50:00 EST,42.04036,-77.23726,1665,23.7,23.3,14.0,74.8,16.9,0.000,0.003,0.00,0.000,8.3,12.7,2.1,337,19,9.1,14.7,2.4,337,15,9.1,14.7,2.4,337,15,281,28.45,0.5,0,0,0,43.3,46.8,48.6,0.59,0.45,0.45
ADDI,2019-11-08 10:55:00 EST,42.04036,-77.23726,1665,23.3,22.9,12.9,75.3,16.6,0.000,0.003,0.00,0.000,9.4,18.7,2.6,329,19,10.0,21.3,2.7,329,18,10.0,21.3,2.7,329,18,204,28.45,0.5,0,0,0,43.2,46.8,48.6,0.59,0.45,0.45
ADDI,2019-11-08 11:00:00 EST,42.04036,-77.23726,1665,23.2,22.9,12.8,74.7,16.3,0.000,0.003,0.00,0.000,9.3,15.7,2.5,322,16,10.0,17.7,2.6,323,16,10.0,17.7,2.6,323,16,271,28.45,0.5,0,0,0,43.2,46.8,48.6,0.59,0.45,0.45
ADDI,2019-11-08 11:05:00 EST,42.04036,-77.23726,1665,23.4,23.1,14.5,75.4,16.8,0.000,0.003,0.00,0.000,7.2,11.3,1.9,327,24,7.9,12.0,1.9,328,21,7.9,12.0,1.9,328,21,267,28.45,0.4,0,0,0,43.3,46.8,48.6,0.59,0.45,0.45
ADDI,2019-11-08 11:10:00 EST,42.04036,-77.23726,1665,23.4,23.0,12.5,77.4,17.4,0.000,0.003,0.00,0.000,10.3,18.3,3.2,342,14,11.0,19.4,3.6,345,13,11.0,19.4,3.6,345,13,195,28.45,0.0,0,0,0,43.2,46.8,48.6,0.59,0.45,0.45
ADDI,2019-11-08 11:15:00 EST,42.04036,-77.23726,1665,23.0,22.7,11.5,77.9,17.2,0.000,0.003,0.00,0.000,11.2,15.4,1.9,343,17,12.1,18.4,2.1,347,10,12.1,18.4,2.1,347,10,273,28.45,0.0,0,0,0,43.2,46.8,48.6,0.59,0.45,0.45
ADDI,2019-11-08 11:20:00 EST,42.04036,-77.23726,1665,23.6,23.2,14.2,78.7,17.9,0.000,0.003,0.00,0.000,8.0,15.1,2.5,340,18,8.6,17.0,2.7,342,13,8.6,17.0,2.7,342,13,340,28.45,-0.1,0,0,0,43.2,46.8,48.6,0.59,0.45,0.45
ADDI,2019-11-08 11:25:00 EST,42.04036,-77.23726,1665,24.0,23.6,14.3,76.5,17.7,0.000,0.003,0.00,0.000,8.3,13.2,3.0,338,16,9.2,15.1,3.5,340,15,9.2,15.1,3.5,340,15,513,28.45,-0.0,0,0,0,43.2,46.8,48.6,0.59,0.45,0.45
ADDI,2019-11-08 11:30:00 EST,42.04036,-77.23726,1665,24.4,23.9,13.9,75.3,17.7,0.000,0.003,0.00,0.000,9.8,15.1,2.6,337,19,10.6,16.0,2.7,339,20,10.6,16.0,2.7,339,20,569,28.45,0.0,0,0,0,43.2,46.8,48.6,0.59,0.45,0.45
ADDI,2019-11-08 11:35:00 EST,42.04036,-77.23726,1665,24.4,23.8,15.3,76.6,18.1,0.000,0.003,0.00,0.000,7.6,10.5,1.5,345,14,8.4,12.7,1.8,347,10,8.4,12.7,1.8,347,10,506,28.44,0.3,0,0,0,43.2,46.8,48.6,0.59,0.45,0.45
ADDI,2019-11-08 11:40:00 EST,42.04036,-77.23726,1665,24.7,24.2,15.4,77.3,18.6,0.000,0.003,0.00,0.000,8.1,11.5,1.4,346,18,8.9,12.6,1.5,348,14,8.9,12.6,1.5,348,14,449,28.44,0.1,0,0,0,43.2,46.7,48.6,0.59,0.45,0.45
ADDI,2019-11-08 11:45:00 EST,42.04036,-77.23726,1665,23.9,23.5,13.5,77.0,17.8,0.000,0.003,0.00,0.000,9.4,15.9,2.2,346,15,10.4,16.6,2.4,349,12,10.4,16.6,2.4,349,12,312,28.44,0.2,0,0,0,43.2,46.7,48.6,0.59,0.45,0.45
ADDI,2019-11-08 11:50:00 EST,42.04036,-77.23726,1665,24.1,23.8,14.2,77.1,18.0,0.000,0.003,0.00,0.000,8.9,14.9,2.7,325,27,9.6,16.9,3.1,325,26,9.6,16.9,3.1,325,26,392,28.44,0.2,0,0,0,43.2,46.7,48.6,0.59,0.45,0.45
ADDI,2019-11-08 11:55:00 EST,42.04036,-77.23726,1665,24.0,23.6,12.7,74.2,17.0,0.000,0.003,0.00,0.000,11.0,17.2,2.7,336,17,12.0,18.6,2.9,339,16,12.0,18.6,2.9,339,16,373,28.44,0.1,0,0,0,43.2,46.8,48.6,0.59,0.45,0.45
ADDI,2019-11-08 12:00:00 EST,42.04036,-77.23726,1665,23.9,23.5,12.3,72.9,16.4,0.000,0.003,0.00,0.000,11.7,19.7,2.8,337,18,12.5,22.0,3.2,339,15,12.5,22.0,3.2,339,15,261,28.44,0.1,0,0,0,43.2,46.7,48.6,0.59,0.45,0.45
ADDI,2019-11-08 12:05:00 EST,42.04036,-77.23726,1665,23.7,23.3,11.5,72.5,16.1,0.000,0.003,0.00,0.000,12.7,18.6,2.3,338,16,13.8,21.4,2.7,341,14,13.8,21.4,2.7,341,14,320,28.44,0.1,0,0,0,43.2,46.7,48.6,0.59,0.45,0.45
ADDI,2019-11-08 12:10:00 EST,42.04036,-77.23726,1665,23.5,23.3,13.4,73.2,16.2,0.000,0.003,0.00,0.000,8.9,15.5,2.7,334,17,9.7,18.2,3.0,334,18,9.7,18.2,3.0,334,18,189,28.43,0.1,0,0,0,43.2,46.7,48.6,0.59,0.45,0.45
ADDI,2019-11-08 12:15:00 EST,42.04036,-77.23726,1665,23.8,23.4,13.5,73.6,16.6,0.000,0.003,0.00,0.000,9.4,14.0,2.2,341,18,10.0,15.2,2.6,343,12,10.0,15.2,2.6,343,12,334,28.43,0.1,0,0,0,43.2,46.6,48.6,0.59,0.45,0.45
ADDI,2019-11-08 12:20:00 EST,42.04036,-77.23726,1665,23.9,23.6,13.0,72.9,16.5,0.000,0.003,0.00,0.000,10.6,17.8,2.9,337,17,11.3,19.2,3.0,340,16,11.3,19.2,3.0,340,16,415,28.43,0.2,0,0,0,43.2,46.6,48.6,0.59,0.45,0.45
ADDI,2019-11-08 12:25:00 EST,42.04036,-77.23726,1665,24.1,23.7,13.6,73.4,16.8,0.000,0.003,0.00,0.000,9.8,18.5,3.8,338,14,10.6,18.6,3.7,338,14,10.6,18.6,3.7,338,14,269,28.43,-0.0,0,0,0,43.2,46.6,48.6,0.59,0.45,0.45
ADDI,2019-11-08 12:30:00 EST,42.04036,-77.23726,1665,23.5,23.3,12.1,73.2,16.2,0.000,0.003,0.00,0.000,11.1,15.5,2.0,339,19,12.0,17.0,2.2,342,13,12.0,17.0,2.2,342,13,207,28.43,0.1,0,0,0,43.2,46.6,48.6,0.59,0.45,0.45
ADDI,2019-11-08 12:35:00 EST,42.04036,-77.23726,1665,23.5,23.2,12.6,73.0,16.1,0.000,0.003,0.00,0.000,10.3,15.2,2.3,335,18,11.0,16.6,2.5,338,16,11.0,16.6,2.5,338,16,144,28.43,0.0,0,0,0,43.2,46.6,48.6,0.59,0.45,0.45
ADDI,2019-11-08 12:40:00 EST,42.04036,-77.23726,1665,23.9,23.5,14.5,72.1,16.2,0.000,0.003,0.00,0.000,7.9,13.0,2.2,337,20,8.6,15.3,2.4,338,19,8.6,15.3,2.4,338,19,419,28.43,0.0,0,0,0,43.2,46.6,48.6,0.59,0.45,0.45
ADDI,2019-11-08 12:45:00 EST,42.04036,-77.23726,1665,24.3,23.9,15.4,71.2,16.3,0.000,0.003,0.00,0.000,7.3,13.8,2.9,336,24,8.1,14.6,3.1,335,26,8.1,14.6,3.1,335,26,398,28.43,0.1,0,0,0,43.2,46.6,48.6,0.59,0.45,0.45
ADDI,2019-11-08 12:50:00 EST,42.04036,-77.23726,1665,24.8,24.5,16.4,69.8,16.4,0.000,0.003,0.00,0.000,6.9,12.3,2.2,325,15,7.6,15.3,2.3,327,16,7.6,15.3,2.3,327,16,496,28.43,0.1,0,0,0,43.2,46.6,48.6,0.59,0.45,0.45
ADDI,2019-11-08 12:55:00 EST,42.04036,-77.23726,1665,25.1,24.7,16.6,68.0,16.0,0.000,0.003,0.00,0.000,7.2,12.5,2.3,334,18,7.9,12.5,2.3,336,18,7.9,12.5,2.3,336,18,521,28.44,0.2,0,0,0,43.2,46.6,48.6,0.59,0.45,0.45
ADDI,2019-11-08 13:00:00 EST,42.04036,-77.23726,1665,25.4,25.0,15.9,67.2,16.0,0.000,0.003,0.00,0.000,8.0,11.8,2.1,301,26,9.3,15.0,2.5,301,26,9.3,15.0,2.5,301,26,525,28.44,0.0,0,0,0,43.2,46.6,48.6,0.59,0.45,0.45
ADDI,2019-11-08 13:05:00 EST,42.04036,-77.23726,1665,25.4,25.1,15.6,64.9,15.2,0.000,0.003,0.00,0.000,9.1,15.7,2.5,303,23,9.8,15.1,2.6,303,21,9.8,15.1,2.6,303,21,553,28.44,0.0,0,0,0,43.2,46.6,48.6,0.59,0.45,0.45
ADDI,2019-11-08 13:10:00 EST,42.04036,-77.23726,1665,25.6,25.2,16.6,64.8,15.4,0.000,0.003,0.00,0.000,7.5,13.6,1.9,298,25,8.7,14.9,2.3,295,25,8.7,14.9,2.3,295,25,647,28.44,0.2,0,0,0,43.2,46.6,48.6,0.59,0.45,0.45
ADDI,2019-11-08 13:15:00 EST,42.04036,-77.23726,1665,25.9,25.4,16.9,64.3,15.5,0.000,0.003,0.00,0.000,8.0,12.4,2.0,314,22,8.8,13.6,2.3,316,23,8.8,13.6,2.3,316,23,637,28.44,0.3,0,0,0,43.2,46.6,48.6,0.59,0.45,0.45
ADDI,2019-11-08 13:20:00 EST,42.04036,-77.23726,1665,25.9,25.5,16.0,62.6,14.8,0.000,0.003,0.00,0.000,9.6,18.4,3.4,313,23,10.3,21.0,3.3,313,22,10.3,21.0,3.3,313,22,627,28.44,0.3,0,0,0,43.2,46.6,48.6,0.59,0.45,0.45
ADDI,2019-11-08 13:25:00 EST,42.04036,-77.23726,1665,25.9,25.5,16.7,65.2,15.8,0.000,0.003,0.00,0.000,8.3,14.8,2.7,327,28,9.1,17.0,2.7,329,28,9.1,17.0,2.7,329,28,278,28.44,0.1,0,0,0,43.2,46.6,48.6,0.59,0.45,0.45
ADDI,2019-11-08 13:30:00 EST,42.04036,-77.23726,1665,24.8,24.5,13.2,64.6,14.5,0.000,0.003,0.00,0.000,12.1,22.5,2.8,339,14,13.1,23.2,3.0,341,12,13.1,23.2,3.0,341,12,148,28.44,0.1,0,0,0,43.2,46.6,48.6,0.59,0.45,0.45
ADDI,2019-11-08 13:35:00 EST,42.04036,-77.23726,1665,24.5,24.2,13.2,63.7,13.9,0.000,0.003,0.00,0.000,11.2,18.0,2.5,348,16,12.2,20.8,2.9,349,14,12.2,20.8,2.9,349,14,240,28.44,0.2,0,0,0,43.2,46.6,48.6,0.59,0.45,0.45
ADDI,2019-11-08 13:40:00 EST,42.04036,-77.23726,1665,24.8,24.4,14.3,63.4,14.1,0.000,0.003,0.00,0.000,10.1,17.7,2.4,339,18,10.9,18.6,2.6,341,12,10.9,18.6,2.6,341,12,332,28.44,0.2,0,0,0,43.2,46.6,48.6,0.59,0.45,0.45
ADDI,2019-11-08 13:45:00 EST,42.04036,-77.23726,1665,25.2,24.8,14.6,62.9,14.3,0.000,0.003,0.00,0.000,10.5,15.1,1.8,349,9,11.4,16.1,2.0,352,7,11.4,16.1,2.0,352,7,500,28.44,0.1,0,0,0,43.2,46.6,48.6,0.59,0.45,0.45
ADDI,2019-11-08 13:50:00 EST,42.04036,-77.23726,1665,26.0,25.4,16.8,64.1,15.5,0.000,0.003,0.00,0.000,8.4,14.7,2.1,341,23,9.1,17.5,2.2,343,19,9.1,17.5,2.2,343,19,492,28.43,0.2,0,0,0,43.2,46.6,48.6,0.59,0.45,0.45
ADDI,2019-11-08 13:55:00 EST,42.04036,-77.23726,1665,26.2,25.7,15.9,62.9,15.3,0.000,0.003,0.00,0.000,10.6,19.2,3.2,325,19,11.3,20.6,3.2,327,19,11.3,20.6,3.2,327,19,503,28.44,0.2,0,0,0,43.2,46.6,48.6,0.59,0.45,0.45
ADDI,2019-11-08 14:00:00 EST,42.04036,-77.23726,1665,26.0,25.7,15.6,60.2,14.1,0.000,0.003,0.00,0.000,10.3,17.6,2.9,315,25,11.2,18.9,2.9,316,25,11.2,18.9,2.9,316,25,438,28.43,0.1,0,0,0,43.2,46.6,48.6,0.59,0.45,0.45
ADDI,2019-11-08 14:05:00 EST,42.04036,-77.23726,1665,26.1,25.8,17.7,61.8,14.8,0.000,0.003,0.00,0.000,7.3,13.3,2.2,321,17,8.0,15.9,2.2,320,17,8.0,15.9,2.2,320,17,457,28.43,0.1,0,0,0,43.2,46.6,48.6,0.59,0.45,0.45
ADDI,2019-11-08 14:10:00 EST,42.04036,-77.23726,1665,26.3,26.0,16.4,59.8,14.3,0.000,0.003,0.00,0.000,9.9,19.2,3.0,318,20,10.6,20.8,3.1,317,20,10.6,20.8,3.1,317,20,510,28.43,0.0,0,0,0,43.2,46.6,48.6,0.59,0.45,0.45
ADDI,2019-11-08 14:15:00 EST,42.04036,-77.23726,1665,26.3,26.0,16.9,59.5,14.1,0.000,0.003,0.00,0.000,8.7,13.1,1.7,321,24,9.7,15.1,2.0,322,22,9.7,15.1,2.0,322,22,482,28.43,0.1,0,0,0,43.2,46.6,48.6,0.59,0.45,0.45
ADDI,2019-11-08 14:20:00 EST,42.04036,-77.23726,1665,26.3,25.9,17.5,59.2,14.0,0.000,0.003,0.00,0.000,7.6,13.2,2.6,315,25,8.6,16.2,2.7,314,25,8.6,16.2,2.7,314,25,472,28.43,-0.0,0,0,0,43.2,46.6,48.6,0.59,0.45,0.45
ADDI,2019-11-08 14:25:00 EST,42.04036,-77.23726,1665,26.3,25.9,16.9,58.1,13.5,0.000,0.003,0.00,0.000,8.3,15.8,2.8,286,23,9.5,18.1,3.1,287,22,9.5,18.1,3.1,287,22,433,28.43,-0.0,0,0,0,43.2,46.6,48.6,0.59,0.45,0.45
ADDI,2019-11-08 14:30:00 EST,42.04036,-77.23726,1665,26.2,25.8,16.9,59.0,13.8,0.000,0.003,0.00,0.000,8.8,14.8,2.4,309,24,9.4,15.2,2.6,307,24,9.4,15.2,2.6,307,24,385,28.43,-0.0,0,0,0,43.2,46.6,48.6,0.59,0.45,0.45
ADDI,2019-11-08 14:35:00 EST,42.04036,-77.23726,1665,26.0,25.7,17.0,59.2,13.7,0.000,0.003,0.00,0.000,7.9,13.5,2.2,296,25,8.8,15.4,2.4,295,23,8.8,15.4,2.4,295,23,292,28.43,-0.1,0,0,0,43.2,46.6,48.6,0.59,0.45,0.45
ADDI,2019-11-08 14:40:00 EST,42.04036,-77.23726,1665,25.6,25.4,17.1,61.1,14.0,0.000,0.003,0.00,0.000,7.3,12.8,2.3,302,17,7.9,13.5,2.5,300,16,7.9,13.5,2.5,300,16,186,28.43,-0.0,0,0,0,43.2,46.6,48.6,0.59,0.45,0.45
ADDI,2019-11-08 14:45:00 EST,42.04036,-77.23726,1665,25.7,25.4,15.8,60.3,13.8,0.000,0.003,0.00,0.000,9.5,14.0,2.2,318,20,10.1,15.6,2.4,317,17,10.1,15.6,2.4,317,17,350,28.43,-0.0,0,0,0,43.2,46.6,48.6,0.59,0.45,0.45
ADDI,2019-11-08 14:50:00 EST,42.04036,-77.23726,1665,25.9,25.6,17.8,60.8,14.2,0.000,0.003,0.00,0.000,6.8,12.7,2.4,335,28,7.5,14.1,2.5,334,29,7.5,14.1,2.5,334,29,331,28.43,-0.0,0,0,0,43.2,46.6,48.6,0.59,0.45,0.45
ADDI,2019-11-08 14:55:00 EST,42.04036,-77.23726,1665,26.2,25.8,18.3,61.8,14.8,0.000,0.003,0.00,0.000,6.4,10.7,1.9,329,27,7.2,12.4,2.1,330,26,7.2,12.4,2.1,330,26,326,28.43,-0.0,0,0,0,43.2,46.6,48.6,0.59,0.45,0.45
ADDI,2019-11-08 15:00:00 EST,42.04036,-77.23726,1665,25.9,25.6,16.6,63.2,15.1,0.000,0.003,0.00,0.000,8.7,14.6,2.9,335,11,9.4,16.6,3.0,336,12,9.4,16.6,3.0,336,12,317,28.43,-0.1,0,0,0,43.2,46.6,48.6,0.59,0.45,0.45
ADDI,2019-11-08 15:05:00 EST,42.04036,-77.23726,1665,25.7,25.3,15.6,63.7,15.0,0.000,0.003,0.00,0.000,9.6,13.7,1.9,341,13,10.4,17.2,2.2,341,13,10.4,17.2,2.2,341,13,320,28.43,-0.1,0,0,0,43.2,46.6,48.5,0.59,0.45,0.45
ADDI,2019-11-08 15:10:00 EST,42.04036,-77.23726,1665,25.8,25.5,16.5,61.6,14.4,0.000,0.003,0.00,0.000,8.4,14.0,2.6,338,16,9.2,15.2,2.6,338,16,9.2,15.2,2.6,338,16,305,28.44,-0.1,0,0,0,43.2,46.6,48.6,0.58,0.45,0.45
ADDI,2019-11-08 15:15:00 EST,42.04036,-77.23726,1665,25.7,25.4,15.6,61.2,14.2,0.000,0.003,0.00,0.000,9.5,15.3,2.2,347,18,10.5,16.0,2.4,348,13,10.5,16.0,2.4,348,13,280,28.44,-0.2,0,0,0,43.2,46.6,48.6,0.59,0.45,0.45
ADDI,2019-11-08 15:20:00 EST,42.04036,-77.23726,1665,25.6,25.3,15.6,61.5,14.2,0.000,0.003,0.00,0.000,9.6,15.4,2.7,346,18,10.3,16.4,3.1,349,14,10.3,16.4,3.1,349,14,277,28.44,-0.2,0,0,0,43.2,46.6,48.5,0.59,0.45,0.45
ADDI,2019-11-08 15:25:00 EST,42.04036,-77.23726,1665,25.6,25.3,16.8,60.6,13.8,0.000,0.003,0.00,0.000,7.5,11.8,1.8,339,13,8.3,13.1,1.9,340,13,8.3,13.1,1.9,340,13,244,28.44,-0.2,0,0,0,43.2,46.6,48.5,0.59,0.45,0.45
ADDI,2019-11-08 15:30:00 EST,42.04036,-77.23726,1665,25.7,25.4,18.0,60.9,14.1,0.000,0.003,0.00,0.000,6.1,12.2,2.9,338,18,6.8,13.2,2.9,338,17,6.8,13.2,2.9,338,17,258,28.44,-0.0,0,0,0,43.2,46.6,48.5,0.59,0.45,0.45
ADDI,2019-11-08 15:35:00 EST,42.04036,-77.23726,1665,25.8,25.5,18.3,61.4,14.4,0.000,0.003,0.00,0.000,6.2,10.5,1.5,338,15,6.7,12.0,1.7,339,14,6.7,12.0,1.7,339,14,236,28.44,-0.1,0,0,0,43.2,46.6,48.5,0.59,0.45,0.45
ADDI,2019-11-08 15:40:00 EST,42.04036,-77.23726,1665,25.9,25.7,18.8,61.2,14.4,0.000,0.003,0.00,0.000,5.5,12.0,1.7,318,27,6.2,13.3,1.9,318,26,6.2,13.3,1.9,318,26,218,28.44,-0.1,0,0,0,43.2,46.6,48.5,0.59,0.45,0.45
ADDI,2019-11-08 15:45:00 EST,42.04036,-77.23726,1665,25.8,25.6,19.9,59.5,13.6,0.000,0.003,0.00,0.000,4.3,10.3,2.1,298,21,4.9,10.6,2.0,300,23,4.9,10.6,2.0,300,23,191,28.44,-0.1,0,0,0,43.2,46.6,48.4,0.59,0.45,0.45
ADDI,2019-11-08 15:50:00 EST,42.04036,-77.23726,1665,25.5,25.4,18.1,58.6,13.0,0.000,0.003,0.00,0.000,6.0,10.2,2.0,304,18,6.5,11.6,2.1,305,18,6.5,11.6,2.1,305,18,123,28.44,-0.1,0,0,0,43.2,46.6,48.5,0.59,0.45,0.45
ADDI,2019-11-08 15:55:00 EST,42.04036,-77.23726,1665,25.1,25.0,17.4,60.2,13.3,0.000,0.003,0.00,0.000,6.3,11.8,1.5,315,18,6.8,11.6,1.6,315,18,6.8,11.6,1.6,315,18,74,28.44,-0.1,0,0,0,43.2,46.6,48.4,0.59,0.45,0.45
ADDI,2019-11-08 16:00:00 EST,42.04036,-77.23726,1665,25.1,25.0,18.0,60.8,13.5,0.000,0.003,0.00,0.000,5.5,8.7,1.2,309,17,6.0,10.5,1.3,309,17,6.0,10.5,1.3,309,17,152,28.44,-0.0,0,0,0,43.2,46.6,48.4,0.59,0.45,0.45
ADDI,2019-11-08 16:05:00 EST,42.04036,-77.23726,1665,25.0,25.0,18.0,60.5,13.2,0.000,0.003,0.00,0.000,5.3,8.6,1.4,320,14,5.8,8.8,1.5,318,13,5.8,8.8,1.5,318,13,60,28.44,-0.1,0,0,0,43.2,46.6,48.4,0.59,0.45,0.45
ADDI,2019-11-08 16:10:00 EST,42.04036,-77.23726,1665,24.6,24.9,18.3,62.3,13.6,0.000,0.003,0.00,0.000,4.5,7.9,1.4,325,21,5.2,8.2,1.3,323,21,5.2,8.2,1.3,323,21,37,28.44,-0.0,0,0,0,43.2,46.6,48.5,0.59,0.45,0.45
ADDI,2019-11-08 16:15:00 EST,42.04036,-77.23726,1665,24.7,24.8,18.0,61.9,13.5,0.000,0.003,0.00,0.000,4.9,9.3,1.3,318,17,5.5,10.0,1.6,318,17,5.5,10.0,1.6,318,17,26,28.44,-0.0,0,0,0,43.2,46.6,48.4,0.59,0.45,0.45
ADDI,2019-11-08 16:20:00 EST,42.04036,-77.23726,1665,24.6,24.7,17.0,63.1,13.8,0.000,0.003,0.00,0.000,5.8,9.8,1.6,335,11,6.5,10.9,1.8,336,11,6.5,10.9,1.8,336,11,22,28.45,-0.0,0,0,0,43.2,46.6,48.5,0.59,0.45,0.45
ADDI,2019-11-08 16:25:00 EST,42.04036,-77.23726,1665,24.4,24.5,18.1,64.1,13.9,0.000,0.003,0.00,0.000,4.5,6.9,1.2,325,15,5.0,8.1,1.3,324,14,5.0,8.1,1.3,324,14,20,28.45,-0.1,0,0,0,43.2,46.6,48.4,0.59,0.45,0.45
ADDI,2019-11-08 16:30:00 EST,42.04036,-77.23726,1665,24.1,24.4,16.6,64.7,13.9,0.000,0.003,0.00,0.000,5.5,8.8,1.3,328,20,6.2,9.5,1.3,327,19,6.2,9.5,1.3,327,19,18,28.45,-0.1,0,0,0,43.2,46.6,48.4,0.59,0.45,0.45
ADDI,2019-11-08 16:35:00 EST,42.04036,-77.23726,1665,23.9,24.0,17.0,64.4,13.6,0.000,0.003,0.00,0.000,5.0,9.4,1.7,335,16,5.5,9.1,1.7,335,16,5.5,9.1,1.7,335,16,16,28.45,-0.0,0,0,0,43.2,46.6,48.4,0.59,0.45,0.45
ADDI,2019-11-08 16:40:00 EST,42.04036,-77.23726,1665,23.9,24.0,16.8,64.4,13.6,0.000,0.003,0.00,0.000,5.3,9.4,1.1,333,16,5.8,9.8,1.3,332,15,5.8,9.8,1.3,332,15,14,28.45,-0.1,0,0,0,43.2,46.6,48.4,0.59,0.45,0.45
ADDI,2019-11-08 16:45:00 EST,42.04036,-77.23726,1665,23.6,23.8,16.8,65.3,13.6,0.000,0.003,0.00,0.000,4.8,9.3,1.4,336,12,5.3,10.1,1.5,337,12,5.3,10.1,1.5,337,12,11,28.45,-0.0,0,0,0,43.2,46.6,48.4,0.59,0.45,0.45
ADDI,2019-11-08 16:50:00 EST,42.04036,-77.23726,1665,23.5,23.8,16.3,64.7,13.4,0.000,0.003,0.00,0.000,5.0,7.5,1.0,341,14,5.8,9.2,1.2,341,14,5.8,9.2,1.2,341,14,9,28.46,-0.1,0,0,0,43.2,46.6,48.4,0.59,0.45,0.45
ADDI,2019-11-08 16:55:00 EST,42.04036,-77.23726,1665,23.4,23.6,16.4,64.7,13.3,0.000,0.003,0.00,0.000,4.8,8.8,1.3,340,17,5.5,9.1,1.2,342,13,5.5,9.1,1.2,342,13,6,28.46,0.0,0,0,0,43.2,46.6,48.4,0.59,0.45,0.45
ADDI,2019-11-08 17:00:00 EST,42.04036,-77.23726,1665,23.2,23.5,17.4,65.1,13.2,0.000,0.003,0.00,0.000,3.9,7.5,1.1,346,20,4.4,7.5,1.3,344,14,4.4,7.5,1.3,344,14,4,28.46,-0.0,0,0,0,43.2,46.6,48.4,0.59,0.45,0.45
ADDI,2019-11-08 17:05:00 EST,42.04036,-77.23726,1665,22.9,23.3,16.6,66.3,13.4,0.000,0.003,0.00,0.000,4.2,6.8,1.0,344,15,4.8,7.6,1.1,344,14,4.8,7.6,1.1,344,14,2,28.46,-0.1,0,0,0,43.2,46.6,48.4,0.59,0.45,0.45
ADDI,2019-11-08 17:10:00 EST,42.04036,-77.23726,1665,22.8,23.1,16.9,67.7,13.7,0.000,0.003,0.00,0.000,3.7,6.4,0.9,341,13,4.4,7.2,1.0,341,12,4.4,7.2,1.0,341,12,1,28.46,-0.1,0,0,0,43.2,46.6,48.4,0.59,0.45,0.45
ADDI,2019-11-08 17:15:00 EST,42.04036,-77.23726,1665,22.3,23.0,17.6,69.7,13.9,0.000,0.003,0.00,0.000,3.1,4.5,0.6,330,13,3.5,5.7,0.7,328,12,3.5,5.7,0.7,328,12,0,28.46,-0.1,0,0,0,43.2,46.6,48.4,0.59,0.45,0.45
ADDI,2019-11-08 17:20:00 EST,42.04036,-77.23726,1665,22.2,22.8,17.8,70.2,14.0,0.000,0.003,0.00,0.000,2.8,4.5,0.7,326,11,3.3,5.3,0.8,325,11,3.3,5.3,0.8,325,11,0,28.46,-0.1,0,0,0,43.2,46.5,48.4,0.59,0.45,0.45
ADDI,2019-11-08 17:25:00 EST,42.04036,-77.23726,1665,21.7,22.6,16.9,72.1,14.1,0.000,0.003,0.00,0.000,3.2,5.6,1.0,327,9,3.5,6.0,1.0,326,8,3.5,6.0,1.0,326,8,0,28.47,-0.1,0,0,0,43.2,46.6,48.4,0.59,0.45,0.45
ADDI,2019-11-08 17:30:00 EST,42.04036,-77.23726,1665,21.1,22.2,21.1,75.6,14.6,0.000,0.003,0.00,0.000,2.7,4.4,0.6,315,10,3.0,4.9,0.7,316,9,3.0,4.9,0.7,316,9,0,28.47,-0.0,0,0,0,43.2,46.5,48.4,0.59,0.45,0.45
ADDI,2019-11-08 17:35:00 EST,42.04036,-77.23726,1665,21.0,22.0,21.0,77.6,15.1,0.000,0.003,0.00,0.000,2.7,4.2,0.7,327,12,2.9,5.2,0.9,324,11,2.9,5.2,0.9,324,11,0,28.47,-0.1,0,0,0,43.2,46.6,48.4,0.59,0.45,0.45
ADDI,2019-11-08 17:40:00 EST,42.04036,-77.23726,1665,20.7,21.9,15.7,79.5,15.4,0.000,0.003,0.00,0.000,3.1,4.7,0.8,331,10,3.6,5.8,1.0,329,9,3.6,5.8,1.0,329,9,0,28.47,-0.0,0,0,0,43.2,46.5,48.4,0.59,0.45,0.45
ADDI,2019-11-08 17:45:00 EST,42.04036,-77.23726,1665,21.2,22.0,15.3,77.7,15.3,0.000,0.003,0.00,0.000,3.6,5.0,0.6,331,11,4.2,6.2,0.8,330,10,4.2,6.2,0.8,330,10,0,28.47,-0.0,0,0,0,43.1,46.4,48.4,0.59,0.45,0.45
ADDI,2019-11-08 17:50:00 EST,42.04036,-77.23726,1665,21.3,22.1,15.0,75.4,14.7,0.000,0.003,0.00,0.000,3.9,6.2,0.9,331,13,4.5,7.0,0.9,331,13,4.5,7.0,0.9,331,13,0,28.47,-0.1,0,0,0,43.0,46.6,48.4,0.59,0.45,0.45
ADDI,2019-11-08 17:55:00 EST,42.04036,-77.23726,1665,21.2,21.9,21.2,75.2,14.5,0.000,0.003,0.00,0.000,2.4,4.7,0.9,331,14,2.8,5.0,0.9,329,15,2.8,5.0,0.9,329,15,0,28.47,-0.1,0,0,0,43.0,46.5,48.4,0.59,0.45,0.45
ADDI,2019-11-08 18:00:00 EST,42.04036,-77.23726,1665,21.0,21.5,21.0,76.4,14.7,0.000,0.003,0.00,0.000,2.0,3.7,0.6,328,11,2.5,4.0,0.7,326,11,2.5,4.0,0.7,326,11,0,28.47,0.0,0,0,0,43.0,46.4,48.4,0.59,0.45,0.45
ADDI,2019-11-08 18:05:00 EST,42.04036,-77.23726,1665,20.9,21.5,20.9,77.0,14.8,0.000,0.003,0.00,0.000,1.1,3.1,0.6,325,11,1.4,3.6,0.6,324,12,1.4,3.6,0.6,324,12,0,28.48,-0.1,0,0,0,43.0,46.4,48.4,0.59,0.45,0.45
ADDI,2019-11-08 18:10:00 EST,42.04036,-77.23726,1665,20.6,21.4,20.6,78.6,15.0,0.000,0.003,0.00,0.000,1.3,2.8,0.7,329,21,1.8,3.6,0.8,331,20,1.8,3.6,0.8,331,20,0,28.48,-0.1,0,0,0,43.0,46.4,48.4,0.59,0.45,0.45
ADDI,2019-11-08 18:15:00 EST,42.04036,-77.23726,1665,20.7,21.4,20.7,79.0,15.2,0.000,0.003,0.00,0.000,0.5,2.3,0.6,343,14,0.9,3.2,0.8,341,17,0.9,3.2,0.8,341,17,0,28.48,-0.1,0,0,0,43.0,46.5,48.4,0.59,0.45,0.45
ADDI,2019-11-08 18:20:00 EST,42.04036,-77.23726,1665,20.2,21.1,20.2,78.5,14.6,0.000,0.003,0.00,0.000,0.1,1.2,0.3,320,1,0.1,1.8,0.3,308,6,0.1,1.8,0.3,308,6,0,28.48,-0.0,0,0,0,43.0,46.4,48.4,0.59,0.45,0.45
ADDI,2019-11-08 18:25:00 EST,42.04036,-77.23726,1665,20.3,21.0,20.3,78.9,14.8,0.000,0.003,0.00,0.000,0.0,0.0,0.0,0,0,0.1,1.1,0.3,351,2,0.1,1.1,0.3,351,2,0,28.48,-0.2,0,0,0,42.9,46.4,48.4,0.59,0.45,0.45
ADDI,2019-11-08 18:30:00 EST,42.04036,-77.23726,1665,19.0,20.1,19.0,79.9,13.8,0.000,0.003,0.00,0.000,0.0,0.0,0.0,0,0,0.7,1.2,0.4,253,15,0.7,1.2,0.4,253,15,0,28.48,-0.0,0,0,0,42.9,46.4,48.4,0.59,0.45,0.45
ADDI,2019-11-08 18:35:00 EST,42.04036,-77.23726,1665,18.1,19.6,18.1,83.9,14.1,0.000,0.003,0.00,0.000,0.3,0.9,0.3,313,0,1.1,1.6,0.2,276,14,1.1,1.6,0.2,276,14,0,28.48,0.0,0,0,0,42.8,46.5,48.4,0.59,0.45,0.45
ADDI,2019-11-08 18:40:00 EST,42.04036,-77.23726,1665,18.3,19.5,18.3,86.5,14.9,0.000,0.003,0.00,0.000,1.0,1.8,0.3,319,10,1.2,2.2,0.4,317,11,1.2,2.2,0.4,317,11,0,28.48,-0.1,0,0,0,42.8,46.4,48.4,0.59,0.45,0.45
ADDI,2019-11-08 18:45:00 EST,42.04036,-77.23726,1665,18.4,20.0,18.4,88.5,15.5,0.000,0.003,0.00,0.000,2.1,3.7,0.5,333,11,2.5,5.0,0.8,331,10,2.5,5.0,0.8,331,10,0,28.48,0.0,0,0,0,42.8,46.4,48.4,0.59,0.45,0.45
ADDI,2019-11-08 18:50:00 EST,42.04036,-77.23726,1665,19.0,20.3,14.6,89.1,16.3,0.000,0.003,0.00,0.000,2.5,4.0,0.5,336,11,3.0,5.4,0.7,334,11,3.0,5.4,0.7,334,11,0,28.48,0.0,0,0,0,42.8,46.4,48.4,0.59,0.45,0.45
ADDI,2019-11-08 18:55:00 EST,42.04036,-77.23726,1665,19.4,20.5,14.7,85.6,15.8,0.000,0.003,0.00,0.000,2.6,4.0,0.5,338,12,3.2,5.0,0.6,336,13,3.2,5.0,0.6,336,13,0,28.48,0.0,0,0,0,42.8,46.4,48.4,0.58,0.45,0.45
ADDI,2019-11-08 19:00:00 EST,42.04036,-77.23726,1665,19.4,20.4,19.4,82.4,14.9,0.000,0.003,0.00,0.000,1.7,3.2,0.5,336,10,2.2,4.0,0.6,335,11,2.2,4.0,0.6,335,11,0,28.48,-0.0,0,0,0,42.8,46.4,48.4,0.59,0.45,0.45
ADDI,2019-11-08 19:05:00 EST,42.04036,-77.23726,1665,19.3,20.3,19.3,81.8,14.7,0.000,0.003,0.00,0.000,1.4,2.8,0.7,332,15,1.8,3.7,0.7,331,14,1.8,3.7,0.7,331,14,0,28.49,-0.0,0,0,0,42.8,46.4,48.4,0.59,0.45,0.45
ADDI,2019-11-08 19:10:00 EST,42.04036,-77.23726,1665,19.2,19.9,19.2,82.4,14.7,0.000,0.003,0.00,0.000,0.3,1.2,0.3,317,4,0.4,1.5,0.5,314,9,0.4,1.5,0.5,314,9,0,28.49,-0.1,0,0,0,42.6,46.4,48.4,0.58,0.45,0.45
ADDI,2019-11-08 19:15:00 EST,42.04036,-77.23726,1665,18.7,19.7,18.7,83.5,14.5,0.000,0.003,0.00,0.000,0.4,1.2,0.4,270,9,0.8,1.7,0.6,269,12,0.8,1.7,0.6,269,12,0,28.49,-0.0,0,0,0,42.6,46.4,48.4,0.59,0.45,0.45
ADDI,2019-11-08 19:20:00 EST,42.04036,-77.23726,1665,18.6,19.3,18.6,84.4,14.6,0.000,0.003,0.00,0.000,0.8,1.4,0.3,261,10,1.2,2.2,0.5,257,14,1.2,2.2,0.5,257,14,0,28.49,0.0,0,0,0,42.6,46.4,48.4,0.59,0.45,0.45
ADDI,2019-11-08 19:25:00 EST,42.04036,-77.23726,1665,18.5,18.9,18.5,85.4,14.9,0.000,0.003,0.00,0.000,0.5,1.4,0.4,273,10,0.9,2.1,0.5,272,14,0.9,2.1,0.5,272,14,0,28.49,0.0,0,0,0,42.6,46.4,48.4,0.58,0.45,0.45
ADDI,2019-11-08 19:30:00 EST,42.04036,-77.23726,1665,18.2,18.9,18.2,87.1,15.0,0.000,0.003,0.00,0.000,0.2,1.5,0.4,287,6,0.3,2.3,0.6,286,7,0.3,2.3,0.6,286,7,0,28.49,0.0,0,0,0,42.6,46.4,48.4,0.58,0.45,0.45
ADDI,2019-11-08 19:35:00 EST,42.04036,-77.23726,1665,17.8,18.8,17.8,88.7,15.0,0.000,0.003,0.00,0.000,0.0,0.4,0.1,268,4,0.4,1.7,0.5,277,15,0.4,1.7,0.5,277,15,0,28.49,0.0,0,0,0,42.6,46.4,48.4,0.59,0.45,0.45
ADDI,2019-11-08 19:40:00 EST,42.04036,-77.23726,1665,18.1,19.0,18.1,89.4,15.5,0.000,0.003,0.00,0.000,0.1,1.4,0.3,284,4,0.4,1.5,0.5,278,13,0.4,1.5,0.5,278,13,0,28.49,0.1,0,0,0,42.5,46.4,48.4,0.59,0.45,0.45
ADDI,2019-11-08 19:45:00 EST,42.04036,-77.23726,1665,18.2,18.8,18.2,89.8,15.7,0.000,0.003,0.00,0.000,0.0,0.3,0.0,272,0,0.2,0.9,0.3,267,11,0.2,0.9,0.3,267,11,0,28.49,-0.0,0,0,0,42.4,46.4,48.4,0.58,0.45,0.45
ADDI,2019-11-08 19:50:00 EST,42.04036,-77.23726,1665,18.0,18.7,18.0,89.6,15.4,0.000,0.003,0.00,0.000,0.0,0.3,0.0,299,0,0.2,1.3,0.4,312,21,0.2,1.3,0.4,312,21,0,28.49,-0.0,0,0,0,42.4,46.4,48.4,0.59,0.45,0.45
ADDI,2019-11-08 19:55:00 EST,42.04036,-77.23726,1665,17.7,18.7,17.7,89.4,15.1,0.000,0.003,0.00,0.000,0.2,0.9,0.3,241,18,0.6,1.5,0.5,230,21,0.6,1.5,0.5,230,21,0,28.49,-0.0,0,0,0,42.4,46.4,48.4,0.58,0.45,0.45
ADDI,2019-11-08 20:00:00 EST,42.04036,-77.23726,1665,17.5,18.5,17.5,88.8,14.8,0.000,0.003,0.00,0.000,0.2,0.7,0.2,155,9,0.8,1.4,0.5,159,15,0.8,1.4,0.5,159,15,0,28.49,-0.0,0,0,0,42.4,46.4,48.4,0.58,0.45,0.45
ADDI,2019-11-08 20:05:00 EST,42.04036,-77.23726,1665,16.3,18.6,16.3,86.8,13.1,0.000,0.003,0.00,0.000,1.1,2.3,0.7,159,5,1.6,2.9,0.5,159,9,1.6,2.9,0.5,159,9,0,28.49,0.0,0,0,0,42.4,46.4,48.4,0.58,0.45,0.45
ADDI,2019-11-08 20:10:00 EST,42.04036,-77.23726,1665,16.3,18.4,16.3,88.1,13.4,0.000,0.003,0.00,0.000,1.3,2.0,0.3,173,6,1.7,2.7,0.3,171,8,1.7,2.7,0.3,171,8,0,28.49,0.0,0,0,0,42.4,46.4,48.4,0.58,0.45,0.45
ADDI,2019-11-08 20:15:00 EST,42.04036,-77.23726,1665,16.4,18.0,16.4,89.1,13.8,0.000,0.003,0.00,0.000,0.9,1.5,0.2,174,9,1.3,1.9,0.2,175,12,1.3,1.9,0.2,175,12,0,28.49,0.2,0,0,0,42.3,46.4,48.4,0.58,0.45,0.45
ADDI,2019-11-08 20:20:00 EST,42.04036,-77.23726,1665,16.7,18.1,16.7,88.7,13.9,0.000,0.003,0.00,0.000,0.8,1.4,0.3,172,6,1.2,1.8,0.3,170,10,1.2,1.8,0.3,170,10,0,28.49,0.1,0,0,0,42.3,46.4,48.4,0.58,0.45,0.45
ADDI,2019-11-08 20:25:00 EST,42.04036,-77.23726,1665,16.2,18.0,16.2,88.5,13.4,0.000,0.003,0.00,0.000,0.8,1.4,0.2,174,5,1.2,1.7,0.4,176,10,1.2,1.7,0.4,176,10,0,28.50,-0.0,0,0,0,42.3,46.4,48.4,0.58,0.45,0.45
ADDI,2019-11-08 20:30:00 EST,42.04036,-77.23726,1665,15.7,17.8,15.7,87.9,12.7,0.000,0.003,0.00,0.000,1.0,1.5,0.3,187,12,1.4,1.9,0.2,184,16,1.4,1.9,0.2,184,16,0,28.50,0.1,0,0,0,42.3,46.4,48.4,0.58,0.45,0.45
ADDI,2019-11-08 20:35:00 EST,42.04036,-77.23726,1665,15.5,17.6,15.5,88.8,12.8,0.000,0.003,0.00,0.000,0.2,0.8,0.3,175,0,0.4,1.4,0.5,183,9,0.4,1.4,0.5,183,9,0,28.50,0.1,0,0,0,42.2,46.4,48.4,0.59,0.45,0.45
ADDI,2019-11-08 20:40:00 EST,42.04036,-77.23726,1665,16.1,17.3,16.1,90.5,13.8,0.000,0.003,0.00,0.000,0.0,0.0,0.0,0,0,0.1,0.9,0.2,180,4,0.1,0.9,0.2,180,4,0,28.50,0.1,0,0,0,42.2,46.4,48.4,0.59,0.45,0.45
ADDI,2019-11-08 20:45:00 EST,42.04036,-77.23726,1665,16.0,17.2,16.0,91.2,13.9,0.000,0.003,0.00,0.000,0.0,0.0,0.0,0,0,0.2,0.8,0.3,232,3,0.2,0.8,0.3,232,3,0,28.50,0.0,0,0,0,42.1,46.4,48.4,0.59,0.45,0.45
ADDI,2019-11-08 20:50:00 EST,42.04036,-77.23726,1665,16.0,17.6,16.0,91.4,13.9,0.000,0.003,0.00,0.000,0.0,0.5,0.1,176,0,0.7,1.2,0.3,212,17,0.7,1.2,0.3,212,17,0,28.50,0.1,0,0,0,42.1,46.4,48.4,0.59,0.45,0.45
ADDI,2019-11-08 20:55:00 EST,42.04036,-77.23726,1665,15.6,17.6,15.6,92.1,13.7,0.000,0.003,0.00,0.000,0.9,1.3,0.2,175,0,1.3,1.8,0.2,170,11,1.3,1.8,0.2,170,11,0,28.50,0.1,0,0,0,42.1,46.4,48.4,0.59,0.45,0.45
ADDI,2019-11-08 21:00:00 EST,42.04036,-77.23726,1665,15.9,17.8,15.9,93.2,14.2,0.000,0.003,0.00,0.000,0.7,1.3,0.4,157,14,1.1,1.6,0.3,155,17,1.1,1.6,0.3,155,17,0,28.50,0.2,0,0,0,42.1,46.4,48.4,0.59,0.45,0.45
ADDI,2019-11-08 21:05:00 EST,42.04036,-77.23726,1665,15.7,17.7,15.7,90.8,13.5,0.000,0.003,0.00,0.000,0.1,0.6,0.2,143,0,0.6,1.3,0.4,174,19,0.6,1.3,0.4,174,19,0,28.50,0.0,0,0,0,42.1,46.4,48.4,0.59,0.45,0.45
ADDI,2019-11-08 21:10:00 EST,42.04036,-77.23726,1665,15.6,17.2,15.6,90.1,13.2,0.000,0.003,0.00,0.000,0.0,0.0,0.0,0,0,0.1,0.9,0.2,202,4,0.1,0.9,0.2,202,4,0,28.50,0.1,0,0,0,41.9,46.4,48.4,0.59,0.45,0.45
ADDI,2019-11-08 21:15:00 EST,42.04036,-77.23726,1665,15.5,17.2,15.5,91.7,13.5,0.000,0.003,0.00,0.000,0.0,0.0,0.0,0,0,0.3,1.1,0.4,81,13,0.3,1.1,0.4,81,13,0,28.50,0.2,0,0,0,41.9,46.4,48.4,0.58,0.45,0.45
ADDI,2019-11-08 21:20:00 EST,42.04036,-77.23726,1665,16.2,17.6,16.2,92.8,14.5,0.000,0.003,0.00,0.000,0.0,0.1,0.0,221,0,0.3,1.2,0.4,188,25,0.3,1.2,0.4,188,25,0,28.50,0.0,0,0,0,41.9,46.4,48.4,0.59,0.45,0.45
ADDI,2019-11-08 21:25:00 EST,42.04036,-77.23726,1665,15.9,17.4,15.9,92.7,14.2,0.000,0.003,0.00,0.000,0.0,0.3,0.1,218,0,0.4,1.2,0.4,199,10,0.4,1.2,0.4,199,10,0,28.50,0.1,0,0,0,41.9,46.4,48.4,0.59,0.45,0.45
ADDI,2019-11-08 21:30:00 EST,42.04036,-77.23726,1665,15.6,17.1,15.6,92.5,13.8,0.000,0.003,0.00,0.000,0.0,0.7,0.1,210,1,0.4,1.3,0.4,187,8,0.4,1.3,0.4,187,8,0,28.50,0.1,0,0,0,41.9,46.4,48.4,0.59,0.45,0.45
ADDI,2019-11-08 21:35:00 EST,42.04036,-77.23726,1665,15.6,17.2,15.6,92.7,13.9,0.000,0.003,0.00,0.000,0.2,1.0,0.3,233,3,0.8,1.5,0.4,228,11,0.8,1.5,0.4,228,11,0,28.50,0.0,0,0,0,41.8,46.4,48.4,0.59,0.45,0.45
ADDI,2019-11-08 21:40:00 EST,42.04036,-77.23726,1665,15.7,17.0,15.7,92.7,14.0,0.000,0.003,0.00,0.000,0.2,0.9,0.3,221,2,0.4,1.4,0.5,211,8,0.4,1.4,0.5,211,8,0,28.50,0.1,0,0,0,41.7,46.4,48.4,0.59,0.45,0.45
ADDI,2019-11-08 21:45:00 EST,42.04036,-77.23726,1665,16.1,16.9,16.1,93.3,14.5,0.000,0.003,0.00,0.000,0.1,0.7,0.2,216,0,0.2,1.2,0.4,208,11,0.2,1.2,0.4,208,11,0,28.49,0.1,0,0,0,41.7,46.4,48.4,0.59,0.45,0.45
ADDI,2019-11-08 21:50:00 EST,42.04036,-77.23726,1665,15.7,17.1,15.7,93.1,14.1,0.000,0.003,0.00,0.000,0.3,1.3,0.4,216,3,0.7,1.9,0.5,212,13,0.7,1.9,0.5,212,13,0,28.49,0.1,0,0,0,41.7,46.4,48.4,0.59,0.45,0.45
ADDI,2019-11-08 21:55:00 EST,42.04036,-77.23726,1665,15.9,17.4,15.9,93.4,14.3,0.000,0.003,0.00,0.000,0.0,0.4,0.1,212,0,0.2,1.1,0.3,173,8,0.2,1.1,0.3,173,8,0,28.49,0.1,0,0,0,41.7,46.4,48.4,0.59,0.45,0.45
ADDI,2019-11-08 22:00:00 EST,42.04036,-77.23726,1665,15.7,17.2,15.7,90.5,13.5,0.000,0.003,0.00,0.000,0.3,1.2,0.3,235,2,0.6,1.7,0.5,238,14,0.6,1.7,0.5,238,14,0,28.49,0.1,0,0,0,41.7,46.4,48.4,0.59,0.45,0.45
ADDI,2019-11-08 22:05:00 EST,42.04036,-77.23726,1665,15.2,16.8,15.2,90.6,12.9,0.000,0.003,0.00,0.000,0.3,0.8,0.3,236,81,0.7,1.3,0.4,223,9,0.7,1.3,0.4,223,9,0,28.49,0.2,0,0,0,41.7,46.4,48.4,0.59,0.45,0.45
ADDI,2019-11-08 22:10:00 EST,42.04036,-77.23726,1665,15.7,17.2,15.7,92.1,13.8,0.000,0.003,0.00,0.000,1.0,3.4,0.6,233,13,1.3,3.7,0.7,229,15,1.3,3.7,0.7,229,15,0,28.49,0.1,0,0,0,41.7,46.4,48.4,0.59,0.45,0.45
ADDI,2019-11-08 22:15:00 EST,42.04036,-77.23726,1665,16.1,18.4,16.1,92.9,14.4,0.000,0.003,0.00,0.000,1.9,3.5,0.4,218,14,2.1,3.6,0.5,222,10,2.1,3.6,0.5,222,10,0,28.49,0.2,0,0,0,41.6,46.4,48.4,0.59,0.45,0.45
ADDI,2019-11-08 22:20:00 EST,42.04036,-77.23726,1665,16.4,19.4,16.4,92.4,14.6,0.000,0.003,0.00,0.000,2.4,3.5,0.5,209,8,2.6,4.0,0.6,214,8,2.6,4.0,0.6,214,8,0,28.49,0.1,0,0,0,41.5,46.4,48.4,0.59,0.45,0.45
ADDI,2019-11-08 22:25:00 EST,42.04036,-77.23726,1665,16.9,19.5,11.8,92.9,15.2,0.000,0.003,0.00,0.000,3.0,4.2,0.5,209,9,3.2,4.8,0.7,212,10,3.2,4.8,0.7,212,10,0,28.49,0.1,0,0,0,41.5,46.4,48.4,0.59,0.45,0.45
ADDI,2019-11-08 22:30:00 EST,42.04036,-77.23726,1665,16.7,19.1,16.7,91.9,14.7,0.000,0.003,0.00,0.000,2.3,3.3,0.4,216,11,2.5,4.2,0.5,220,9,2.5,4.2,0.5,220,9,0,28.49,0.1,0,0,0,41.5,46.4,48.4,0.59,0.45,0.45
ADDI,2019-11-08 22:35:00 EST,42.04036,-77.23726,1665,17.5,19.5,17.5,91.9,15.6,0.000,0.003,0.00,0.000,2.6,3.9,0.5,221,14,2.8,4.5,0.6,223,11,2.8,4.5,0.6,223,11,0,28.49,0.2,0,0,0,41.5,46.4,48.4,0.59,0.45,0.45
ADDI,2019-11-08 22:40:00 EST,42.04036,-77.23726,1665,18.0,19.6,18.0,89.8,15.5,0.000,0.003,0.00,0.000,2.2,3.5,0.5,209,11,2.5,3.9,0.5,213,12,2.5,3.9,0.5,213,12,0,28.49,0.3,0,0,0,41.5,46.4,48.4,0.59,0.45,0.45
ADDI,2019-11-08 22:45:00 EST,42.04036,-77.23726,1665,17.4,19.2,17.4,88.0,14.4,0.000,0.003,0.00,0.000,2.2,4.4,0.8,207,9,2.5,4.6,0.8,211,11,2.5,4.6,0.8,211,11,0,28.49,-0.0,0,0,0,41.4,46.4,48.4,0.59,0.45,0.45
ADDI,2019-11-08 22:50:00 EST,42.04036,-77.23726,1665,16.3,17.6,16.3,88.2,13.4,0.000,0.003,0.00,0.000,0.8,1.8,0.5,211,9,1.1,2.6,0.6,213,19,1.1,2.6,0.6,213,19,0,28.49,0.2,0,0,0,41.4,46.4,48.4,0.59,0.45,0.45
ADDI,2019-11-08 22:55:00 EST,42.04036,-77.23726,1665,16.3,18.2,16.3,89.3,13.7,0.000,0.003,0.00,0.000,1.8,3.6,0.6,217,16,2.0,4.2,0.7,219,14,2.0,4.2,0.7,219,14,0,28.49,0.1,0,0,0,41.4,46.4,48.4,0.59,0.45,0.45
ADDI,2019-11-08 23:00:00 EST,42.04036,-77.23726,1665,16.2,18.6,16.2,90.2,13.8,0.000,0.003,0.00,0.000,1.6,3.1,0.5,214,11,1.9,3.5,0.5,215,13,1.9,3.5,0.5,215,13,0,28.49,0.2,0,0,0,41.4,46.4,48.4,0.59,0.45,0.45
ADDI,2019-11-08 23:05:00 EST,42.04036,-77.23726,1665,15.7,17.7,15.7,90.6,13.4,0.000,0.003,0.00,0.000,1.2,2.1,0.5,214,16,1.6,2.8,0.5,217,16,1.6,2.8,0.5,217,16,0,28.48,0.2,0,0,0,41.4,46.4,48.4,0.59,0.45,0.45
ADDI,2019-11-08 23:10:00 EST,42.04036,-77.23726,1665,15.4,17.6,15.4,91.0,13.2,0.000,0.003,0.00,0.000,1.5,3.7,0.7,217,10,1.8,3.7,0.7,218,11,1.8,3.7,0.7,218,11,0,28.49,0.2,0,0,0,41.4,46.4,48.4,0.59,0.45,0.45
ADDI,2019-11-08 23:15:00 EST,42.04036,-77.23726,1665,15.4,18.4,15.4,91.4,13.3,0.000,0.003,0.00,0.000,1.9,3.0,0.5,214,10,2.1,4.1,0.5,217,10,2.1,4.1,0.5,217,10,0,28.48,0.2,0,0,0,41.4,46.4,48.4,0.59,0.45,0.45
ADDI,2019-11-08 23:20:00 EST,42.04036,-77.23726,1665,16.3,18.8,16.3,92.6,14.5,0.000,0.003,0.00,0.000,1.7,3.2,0.5,205,8,2.0,3.5,0.5,209,10,2.0,3.5,0.5,209,10,0,28.48,0.1,0,0,0,41.4,46.4,48.4,0.59,0.45,0.45
ADDI,2019-11-08 23:25:00 EST,42.04036,-77.23726,1665,16.1,18.2,16.1,92.5,14.3,0.000,0.003,0.00,0.000,1.6,4.2,0.8,207,8,1.9,4.4,0.7,209,12,1.9,4.4,0.7,209,12,0,28.48,0.2,0,0,0,41.3,46.4,48.4,0.59,0.45,0.45
ADDI,2019-11-08 23:30:00 EST,42.04036,-77.23726,1665,16.1,18.0,16.1,92.2,14.2,0.000,0.003,0.00,0.000,1.2,2.8,0.7,199,25,1.5,3.4,0.6,195,28,1.5,3.4,0.6,195,28,0,28.48,0.1,0,0,0,41.2,46.4,48.4,0.59,0.45,0.45
ADDI,2019-11-08 23:35:00 EST,42.04036,-77.23726,1665,15.9,17.6,15.9,89.0,13.3,0.000,0.003,0.00,0.000,1.5,2.3,0.3,161,20,1.8,2.6,0.3,161,20,1.8,2.6,0.3,161,20,0,28.48,0.1,0,0,0,41.2,46.3,48.4,0.59,0.45,0.45
ADDI,2019-11-08 23:40:00 EST,42.04036,-77.23726,1665,15.7,17.2,15.7,87.5,12.6,0.000,0.003,0.00,0.000,1.4,2.4,0.4,169,19,1.8,2.8,0.4,169,22,1.8,2.8,0.4,169,22,0,28.48,0.2,0,0,0,41.2,46.3,48.4,0.59,0.45,0.45
ADDI,2019-11-08 23:45:00 EST,42.04036,-77.23726,1665,15.5,17.5,15.5,87.1,12.4,0.000,0.003,0.00,0.000,1.7,3.1,0.4,199,13,2.0,3.9,0.6,202,13,2.0,3.9,0.6,202,13,0,28.48,0.3,0,0,0,41.2,46.1,48.4,0.59,0.45,0.45
ADDI,2019-11-08 23:50:00 EST,42.04036,-77.23726,1665,16.1,17.7,16.1,88.0,13.1,0.000,0.003,0.00,0.000,1.4,2.4,0.3,194,14,1.6,3.1,0.4,197,16,1.6,3.1,0.4,197,16,0,28.48,0.3,0,0,0,41.2,46.2,48.4,0.59,0.45,0.45
ADDI,2019-11-08 23:55:00 EST,42.04036,-77.23726,1665,15.9,17.9,15.9,88.1,13.0,0.000,0.003,0.00,0.000,2.6,3.9,0.7,192,18,2.9,5.2,0.8,194,17,2.9,5.2,0.8,194,17,0,28.48,0.1,0,0,0,41.2,46.1,48.3,0.59,0.45,0.45
ANDE,2019-11-08 00:00:00 EST,42.18227,-74.80139,1700,24.6,24.7,19.0,84.7,20.7,0.000,0.262,0.00,0.000,3.5,6.6,1.2,6,18,4.4,9.4,1.4,4,15,4.4,9.4,1.4,4,15,0,28.23,-0.4,0,0,0,45.1,47.5,49.3,0.26,0.15,0.15
ANDE,2019-11-08 00:05:00 EST,42.18227,-74.80139,1700,24.7,24.7,24.7,84.5,20.7,0.000,0.000,0.00,0.000,2.1,3.9,0.9,358,22,2.9,5.2,1.1,356,22,2.9,5.2,1.1,356,22,0,28.22,-0.4,0,0,0,45.2,47.5,49.3,0.26,0.15,0.15
ANDE,2019-11-08 00:10:00 EST,42.18227,-74.80139,1700,24.5,24.6,18.0,85.5,20.8,0.000,0.000,0.00,0.000,4.6,8.6,1.8,338,22,5.3,10.5,2.0,339,21,5.3,10.5,2.0,339,21,0,28.22,-0.4,0,0,0,45.1,47.5,49.3,0.26,0.15,0.15
ANDE,2019-11-08 00:15:00 EST,42.18227,-74.80139,1700,24.4,24.5,17.2,83.7,20.2,0.000,0.000,0.00,0.000,5.3,8.1,1.4,337,21,6.0,10.5,1.5,340,15,6.0,10.5,1.5,340,15,0,28.22,-0.4,0,0,0,45.1,47.5,49.3,0.26,0.15,0.15
ANDE,2019-11-08 00:20:00 EST,42.18227,-74.80139,1700,24.2,24.3,17.0,83.8,20.0,0.000,0.000,0.00,0.000,5.1,8.9,1.7,346,18,6.0,11.9,2.3,346,16,6.0,11.9,2.3,346,16,0,28.22,-0.4,0,0,0,45.1,47.5,49.3,0.26,0.15,0.15
ANDE,2019-11-08 00:25:00 EST,42.18227,-74.80139,1700,24.0,24.1,17.8,84.0,19.8,0.000,0.000,0.00,0.000,4.1,7.4,1.3,342,20,4.8,8.9,1.7,344,18,4.8,8.9,1.7,344,18,0,28.22,-0.4,0,0,0,45.1,47.5,49.3,0.26,0.15,0.14
ANDE,2019-11-08 00:30:00 EST,42.18227,-74.80139,1700,23.7,23.9,17.3,84.5,19.7,0.000,0.000,0.00,0.000,4.2,6.9,1.5,358,21,5.1,9.1,1.9,355,17,5.1,9.1,1.9,355,17,0,28.22,-0.4,0,0,0,45.1,47.5,49.3,0.26,0.15,0.15
ANDE,2019-11-08 00:35:00 EST,42.18227,-74.80139,1700,23.6,23.8,17.7,83.4,19.3,0.000,0.000,0.00,0.000,3.8,10.0,1.6,355,22,4.6,11.6,1.9,354,18,4.6,11.6,1.9,354,18,0,28.22,-0.4,0,0,0,45.1,47.5,49.3,0.26,0.15,0.15
ANDE,2019-11-08 00:40:00 EST,42.18227,-74.80139,1700,23.2,23.5,18.3,85.4,19.5,0.000,0.000,0.00,0.000,3.0,6.8,1.4,10,27,3.7,8.1,1.8,7,21,3.7,8.1,1.8,7,21,0,28.22,-0.5,0,0,0,45.1,47.4,49.3,0.26,0.15,0.15
ANDE,2019-11-08 00:45:00 EST,42.18227,-74.80139,1700,23.2,23.4,19.3,84.0,19.1,0.000,0.000,0.00,0.000,2.6,5.8,1.3,1,30,3.0,6.9,1.4,0,29,3.0,6.9,1.4,0,29,0,28.22,-0.4,0,0,0,45.1,47.5,49.3,0.26,0.15,0.14
ANDE,2019-11-08 00:50:00 EST,42.18227,-74.80139,1700,23.2,23.3,18.0,83.8,19.0,0.000,0.000,0.00,0.000,2.9,5.3,1.2,360,24,3.9,7.7,1.5,358,18,3.9,7.7,1.5,358,18,0,28.22,-0.4,0,0,0,45.1,47.5,49.3,0.26,0.15,0.15
ANDE,2019-11-08 00:55:00 EST,42.18227,-74.80139,1700,23.2,23.3,18.2,83.6,19.0,0.000,0.000,0.00,0.000,3.2,9.1,1.9,345,23,3.8,10.1,1.9,345,21,3.8,10.1,1.9,345,21,0,28.22,-0.5,0,0,0,45.1,47.4,49.3,0.26,0.15,0.15
ANDE,2019-11-08 01:00:00 EST,42.18227,-74.80139,1700,22.7,23.0,22.7,84.2,18.7,0.000,0.000,0.00,0.000,2.1,4.8,1.0,19,28,2.8,7.5,1.3,15,28,2.8,7.5,1.3,15,28,0,28.21,-0.5,0,0,0,45.1,47.4,49.3,0.26,0.15,0.15
ANDE,2019-11-08 01:05:00 EST,42.18227,-74.80139,1700,22.8,22.9,22.8,84.1,18.7,0.000,0.000,0.00,0.000,2.2,4.7,1.1,346,26,2.7,6.0,1.2,347,23,2.7,6.0,1.2,347,23,0,28.21,-0.5,0,0,0,45.0,47.4,49.3,0.26,0.15,0.14
ANDE,2019-11-08 01:10:00 EST,42.18227,-74.80139,1700,22.4,22.8,22.4,85.4,18.7,0.000,0.000,0.00,0.000,1.8,3.6,0.7,346,23,2.4,4.1,0.9,347,23,2.4,4.1,0.9,347,23,0,28.21,-0.4,0,0,0,45.0,47.4,49.3,0.26,0.15,0.15
ANDE,2019-11-08 01:15:00 EST,42.18227,-74.80139,1700,22.4,22.7,18.1,85.5,18.7,0.000,0.000,0.00,0.000,2.6,4.2,0.9,340,21,3.3,6.0,1.1,341,21,3.3,6.0,1.1,341,21,0,28.21,-0.5,0,0,0,45.0,47.3,49.3,0.26,0.15,0.15
ANDE,2019-11-08 01:20:00 EST,42.18227,-74.80139,1700,22.1,22.5,22.1,86.0,18.5,0.000,0.000,0.00,0.000,2.4,3.9,0.7,15,19,2.9,5.5,0.9,11,18,2.9,5.5,0.9,11,18,0,28.21,-0.5,0,0,0,45.0,47.3,49.3,0.26,0.15,0.15
ANDE,2019-11-08 01:25:00 EST,42.18227,-74.80139,1700,22.0,22.4,17.9,85.7,18.4,0.000,0.000,0.00,0.000,2.6,4.5,0.6,24,15,3.0,5.5,1.0,20,14,3.0,5.5,1.0,20,14,0,28.21,-0.5,0,0,0,45.0,47.3,49.3,0.26,0.15,0.15
ANDE,2019-11-08 01:30:00 EST,42.18227,-74.80139,1700,21.9,22.4,21.9,84.8,18.1,0.000,0.000,0.00,0.000,2.6,4.2,0.8,32,16,2.9,4.9,1.0,29,16,2.9,4.9,1.0,29,16,0,28.21,-0.5,0,0,0,45.0,47.3,49.3,0.26,0.15,0.14
ANDE,2019-11-08 01:35:00 EST,42.18227,-74.80139,1700,21.7,22.3,21.7,84.2,17.7,0.000,0.000,0.00,0.000,2.4,4.1,0.6,21,19,2.9,5.6,0.9,18,15,2.9,5.6,0.9,18,15,0,28.21,-0.5,0,0,0,45.0,47.3,49.3,0.26,0.15,0.15
ANDE,2019-11-08 01:40:00 EST,42.18227,-74.80139,1700,21.7,22.2,21.7,84.6,17.8,0.000,0.000,0.00,0.000,1.8,3.9,0.6,14,20,2.2,5.5,1.0,10,19,2.2,5.5,1.0,10,19,0,28.21,-0.4,0,0,0,45.0,47.3,49.3,0.26,0.15,0.15
ANDE,2019-11-08 01:45:00 EST,42.18227,-74.80139,1700,21.5,22.0,21.5,84.6,17.5,0.000,0.000,0.00,0.000,1.6,2.7,0.4,8,14,2.2,3.7,0.6,6,13,2.2,3.7,0.6,6,13,0,28.21,-0.4,0,0,0,45.0,47.3,49.3,0.26,0.15,0.14
ANDE,2019-11-08 01:50:00 EST,42.18227,-74.80139,1700,21.1,21.6,21.1,86.4,17.7,0.000,0.000,0.00,0.000,0.8,1.7,0.5,322,22,1.1,1.9,0.4,321,25,1.1,1.9,0.4,321,25,0,28.21,-0.4,0,0,0,45.0,47.3,49.3,0.26,0.15,0.14
ANDE,2019-11-08 01:55:00 EST,42.18227,-74.80139,1700,21.0,21.2,21.0,90.9,18.8,0.000,0.000,0.00,0.000,0.3,1.2,0.4,277,3,0.7,1.7,0.5,285,9,0.7,1.7,0.5,285,9,0,28.21,-0.4,0,0,0,45.0,47.3,49.3,0.26,0.15,0.14
ANDE,2019-11-08 02:00:00 EST,42.18227,-74.80139,1700,20.7,21.1,20.7,93.2,19.0,0.000,0.000,0.00,0.000,0.1,0.9,0.3,58,18,0.4,1.3,0.4,46,16,0.4,1.3,0.4,46,16,0,28.21,-0.5,0,0,0,45.0,47.3,49.3,0.26,0.15,0.15
ANDE,2019-11-08 02:05:00 EST,42.18227,-74.80139,1700,20.3,21.5,20.3,91.8,18.3,0.000,0.000,0.00,0.000,0.8,1.4,0.3,46,12,1.0,1.7,0.3,34,13,1.0,1.7,0.3,34,13,0,28.21,-0.5,0,0,0,44.9,47.3,49.3,0.26,0.15,0.15
ANDE,2019-11-08 02:10:00 EST,42.18227,-74.80139,1700,20.1,21.7,20.1,89.8,17.6,0.000,0.000,0.00,0.000,1.2,1.8,0.3,36,11,1.4,2.1,0.3,32,12,1.4,2.1,0.3,32,12,0,28.21,-0.5,0,0,0,44.8,47.3,49.3,0.26,0.15,0.14
ANDE,2019-11-08 02:15:00 EST,42.18227,-74.80139,1700,20.3,21.8,20.3,89.5,17.7,0.000,0.000,0.00,0.000,1.9,2.7,0.3,27,8,2.1,3.2,0.4,24,9,2.1,3.2,0.4,24,9,0,28.21,-0.5,0,0,0,44.8,47.3,49.3,0.26,0.15,0.14
ANDE,2019-11-08 02:20:00 EST,42.18227,-74.80139,1700,20.5,21.3,20.5,88.7,17.7,0.000,0.000,0.00,0.000,1.1,2.5,0.5,342,30,1.4,3.0,0.5,341,31,1.4,3.0,0.5,341,31,0,28.21,-0.4,0,0,0,44.8,47.3,49.3,0.26,0.15,0.14
ANDE,2019-11-08 02:25:00 EST,42.18227,-74.80139,1700,20.0,20.5,20.0,91.9,18.0,0.000,0.000,0.00,0.000,0.7,1.2,0.2,341,16,1.2,1.7,0.2,356,20,1.2,1.7,0.2,356,20,0,28.21,-0.5,0,0,0,44.8,47.3,49.3,0.26,0.15,0.15
ANDE,2019-11-08 02:30:00 EST,42.18227,-74.80139,1700,19.9,20.8,19.9,93.0,18.2,0.000,0.000,0.00,0.000,0.8,1.5,0.4,22,7,1.2,2.0,0.4,18,12,1.2,2.0,0.4,18,12,0,28.21,-0.5,0,0,0,44.8,47.3,49.3,0.26,0.15,0.14
ANDE,2019-11-08 02:35:00 EST,42.18227,-74.80139,1700,19.9,21.2,19.9,90.7,17.6,0.000,0.000,0.00,0.000,2.0,2.8,0.4,22,13,2.4,3.8,0.6,18,12,2.4,3.8,0.6,18,12,0,28.21,-0.4,0,0,0,44.8,47.3,49.3,0.26,0.15,0.14
ANDE,2019-11-08 02:40:00 EST,42.18227,-74.80139,1700,20.0,21.2,20.0,88.3,17.1,0.000,0.000,0.00,0.000,0.6,2.4,0.7,36,13,1.0,2.3,0.6,28,25,1.0,2.3,0.6,28,25,0,28.21,-0.4,0,0,0,44.8,47.3,49.3,0.26,0.15,0.14
ANDE,2019-11-08 02:45:00 EST,42.18227,-74.80139,1700,20.0,21.0,20.0,88.5,17.2,0.000,0.000,0.00,0.000,0.0,0.0,0.0,0,0,0.1,0.9,0.2,5,3,0.1,0.9,0.2,5,3,0,28.21,-0.4,0,0,0,44.8,47.3,49.3,0.26,0.15,0.15
ANDE,2019-11-08 02:50:00 EST,42.18227,-74.80139,1700,19.9,21.1,19.9,88.2,16.9,0.000,0.000,0.00,0.000,1.0,2.3,0.7,38,9,1.3,2.5,0.7,34,12,1.3,2.5,0.7,34,12,0,28.21,-0.4,0,0,0,44.8,47.3,49.3,0.26,0.15,0.15
ANDE,2019-11-08 02:55:00 EST,42.18227,-74.80139,1700,20.0,21.1,20.0,87.5,16.8,0.000,0.000,0.00,0.000,1.7,2.9,0.5,36,11,1.9,3.0,0.5,33,10,1.9,3.0,0.5,33,10,0,28.20,-0.4,0,0,0,44.8,47.3,49.3,0.26,0.15,0.14
ANDE,2019-11-08 03:00:00 EST,42.18227,-74.80139,1700,20.5,21.2,20.5,87.9,17.5,0.000,0.000,0.00,0.000,2.3,3.7,0.6,43,13,2.4,4.4,0.7,39,12,2.4,4.4,0.7,39,12,0,28.20,-0.4,0,0,0,44.7,47.3,49.3,0.26,0.15,0.14
ANDE,2019-11-08 03:05:00 EST,42.18227,-74.80139,1700,20.5,21.2,20.5,87.6,17.4,0.000,0.000,0.00,0.000,1.5,3.0,0.7,48,11,1.7,3.5,0.6,38,11,1.7,3.5,0.6,38,11,0,28.20,-0.4,0,0,0,44.6,47.3,49.3,0.26,0.15,0.15
ANDE,2019-11-08 03:10:00 EST,42.18227,-74.80139,1700,20.5,21.3,20.5,88.4,17.6,0.000,0.000,0.00,0.000,1.1,3.2,0.7,46,14,1.4,3.8,0.7,36,17,1.4,3.8,0.7,36,17,0,28.20,-0.4,0,0,0,44.6,47.3,49.3,0.26,0.15,0.15
ANDE,2019-11-08 03:15:00 EST,42.18227,-74.80139,1700,19.9,20.7,19.9,90.9,17.7,0.000,0.000,0.00,0.000,0.2,1.5,0.4,340,21,1.0,1.9,0.6,321,6,1.0,1.9,0.6,321,6,0,28.20,-0.4,0,0,0,44.6,47.3,49.3,0.26,0.15,0.14
ANDE,2019-11-08 03:20:00 EST,42.18227,-74.80139,1700,19.7,20.2,19.7,93.9,18.3,0.000,0.000,0.00,0.000,1.2,2.3,0.5,307,11,1.4,2.6,0.5,308,15,1.4,2.6,0.5,308,15,0,28.20,-0.4,0,0,0,44.6,47.3,49.3,0.26,0.15,0.14
ANDE,2019-11-08 03:25:00 EST,42.18227,-74.80139,1700,19.8,20.5,19.8,94.2,18.4,0.000,0.000,0.00,0.000,0.3,1.2,0.4,2,25,0.6,1.7,0.5,347,32,0.6,1.7,0.5,347,32,0,28.20,-0.3,0,0,0,44.6,47.3,49.3,0.26,0.15,0.14
ANDE,2019-11-08 03:30:00 EST,42.18227,-74.80139,1700,19.8,20.8,19.8,92.5,17.9,0.000,0.000,0.00,0.000,0.8,1.8,0.7,81,13,1.1,2.4,0.8,76,17,1.1,2.4,0.8,76,17,0,28.20,-0.4,0,0,0,44.6,47.3,49.3,0.26,0.15,0.14
ANDE,2019-11-08 03:35:00 EST,42.18227,-74.80139,1700,19.6,20.7,19.6,91.0,17.4,0.000,0.000,0.00,0.000,1.0,1.6,0.3,62,10,1.2,1.7,0.2,52,16,1.2,1.7,0.2,52,16,0,28.20,-0.4,0,0,0,44.6,47.3,49.3,0.26,0.15,0.14
ANDE,2019-11-08 03:40:00 EST,42.18227,-74.80139,1700,19.6,20.6,19.6,90.1,17.2,0.000,0.000,0.00,0.000,0.7,1.2,0.2,38,15,1.0,1.8,0.4,37,21,1.0,1.8,0.4,37,21,0,28.20,-0.4,0,0,0,44.6,47.3,49.3,0.26,0.15,0.14
ANDE,2019-11-08 03:45:00 EST,42.18227,-74.80139,1700,19.6,20.4,19.6,89.8,17.1,0.000,0.000,0.00,0.000,0.1,0.7,0.2,51,0,0.2,1.0,0.4,20,15,0.2,1.0,0.4,20,15,0,28.20,-0.3,0,0,0,44.6,47.3,49.3,0.26,0.15,0.14
ANDE,2019-11-08 03:50:00 EST,42.18227,-74.80139,1700,19.6,19.9,19.6,91.0,17.4,0.000,0.000,0.00,0.000,0.1,0.7,0.2,339,1,0.6,1.4,0.5,352,29,0.6,1.4,0.5,352,29,0,28.20,-0.4,0,0,0,44.5,47.3,49.3,0.26,0.15,0.14
ANDE,2019-11-08 03:55:00 EST,42.18227,-74.80139,1700,19.4,20.5,19.4,92.6,17.6,0.000,0.000,0.00,0.000,0.0,0.0,0.0,0,0,0.2,1.2,0.4,40,11,0.2,1.2,0.4,40,11,0,28.20,-0.3,0,0,0,44.4,47.2,49.3,0.26,0.15,0.14
ANDE,2019-11-08 04:00:00 EST,42.18227,-74.80139,1700,20.0,21.0,20.0,92.2,18.1,0.000,0.000,0.00,0.000,0.1,0.5,0.1,50,7,0.5,1.3,0.4,69,12,0.5,1.3,0.4,69,12,0,28.20,-0.3,0,0,0,44.4,47.2,49.3,0.26,0.15,0.15
ANDE,2019-11-08 04:05:00 EST,42.18227,-74.80139,1700,20.5,21.1,20.5,89.5,17.9,0.000,0.000,0.00,0.000,0.0,0.4,0.1,77,0,0.1,1.1,0.2,62,9,0.1,1.1,0.2,62,9,0,28.20,-0.3,0,0,0,44.4,47.2,49.3,0.26,0.15,0.14
ANDE,2019-11-08 04:10:00 EST,42.18227,-74.80139,1700,20.5,20.5,20.5,91.6,18.4,0.000,0.000,0.00,0.000,0.5,1.1,0.4,272,24,1.1,1.6,0.4,273,18,1.1,1.6,0.4,273,18,0,28.20,-0.3,0,0,0,44.4,47.1,49.3,0.26,0.15,0.14
ANDE,2019-11-08 04:15:00 EST,42.18227,-74.80139,1700,20.4,20.3,20.4,92.8,18.6,0.000,0.000,0.00,0.000,0.1,0.8,0.2,273,12,0.3,1.5,0.5,305,13,0.3,1.5,0.5,305,13,0,28.20,-0.3,0,0,0,44.4,47.1,49.3,0.26,0.15,0.14
ANDE,2019-11-08 04:20:00 EST,42.18227,-74.80139,1700,20.5,20.5,20.5,93.1,18.9,0.000,0.000,0.00,0.000,0.0,0.0,0.0,0,0,0.3,1.1,0.4,7,10,0.3,1.1,0.4,7,10,0,28.21,-0.3,0,0,0,44.4,47.1,49.3,0.26,0.15,0.14
ANDE,2019-11-08 04:25:00 EST,42.18227,-74.80139,1700,20.7,20.6,20.7,93.8,19.2,0.000,0.000,0.00,0.000,0.2,1.8,0.5,170,8,0.6,2.2,0.7,156,4,0.6,2.2,0.7,156,4,0,28.20,-0.3,0,0,0,44.4,47.1,49.3,0.26,0.15,0.14
ANDE,2019-11-08 04:30:00 EST,42.18227,-74.80139,1700,20.8,20.8,20.8,93.6,19.2,0.000,0.000,0.00,0.000,0.6,2.1,0.8,157,2,0.8,2.3,0.9,132,25,0.8,2.3,0.9,132,25,0,28.20,-0.3,0,0,0,44.4,47.1,49.3,0.26,0.15,0.14
ANDE,2019-11-08 04:35:00 EST,42.18227,-74.80139,1700,20.8,21.0,20.8,92.9,19.1,0.000,0.000,0.00,0.000,0.8,2.1,0.5,43,20,1.3,2.8,0.5,37,24,1.3,2.8,0.5,37,24,0,28.20,-0.3,0,0,0,44.4,47.1,49.3,0.26,0.15,0.15
ANDE,2019-11-08 04:40:00 EST,42.18227,-74.80139,1700,20.9,21.1,20.9,91.0,18.7,0.000,0.000,0.00,0.000,0.2,1.2,0.4,194,33,0.6,1.7,0.6,212,39,0.6,1.7,0.6,212,39,0,28.20,-0.3,0,0,0,44.3,47.1,49.3,0.26,0.15,0.14
ANDE,2019-11-08 04:45:00 EST,42.18227,-74.80139,1700,20.7,20.7,20.7,93.0,19.0,0.000,0.000,0.00,0.000,0.9,1.2,0.2,232,4,1.2,1.5,0.2,229,10,1.2,1.5,0.2,229,10,0,28.20,-0.3,0,0,0,44.1,47.1,49.3,0.26,0.15,0.15
ANDE,2019-11-08 04:50:00 EST,42.18227,-74.80139,1700,20.7,20.5,20.7,94.5,19.3,0.000,0.000,0.00,0.000,0.5,1.2,0.4,163,42,0.8,1.6,0.5,152,40,0.8,1.6,0.5,152,40,0,28.20,-0.3,0,0,0,44.1,47.1,49.3,0.26,0.15,0.14
ANDE,2019-11-08 04:55:00 EST,42.18227,-74.80139,1700,20.8,20.8,20.8,94.1,19.4,0.000,0.000,0.00,0.000,0.9,1.4,0.3,93,25,1.2,1.7,0.4,81,21,1.2,1.7,0.4,81,21,0,28.20,-0.3,0,0,0,44.1,47.1,49.3,0.26,0.15,0.15
ANDE,2019-11-08 05:00:00 EST,42.18227,-74.80139,1700,21.0,21.2,21.0,93.5,19.5,0.000,0.000,0.00,0.000,1.2,2.0,0.3,59,12,1.3,2.0,0.3,53,12,1.3,2.0,0.3,53,12,0,28.20,-0.3,0,0,0,44.1,47.1,49.3,0.26,0.15,0.15
ANDE,2019-11-08 05:05:00 EST,42.18227,-74.80139,1700,21.3,21.2,21.3,93.6,19.7,0.000,0.000,0.00,0.000,0.8,1.5,0.5,241,27,1.2,1.9,0.5,244,28,1.2,1.9,0.5,244,28,0,28.20,-0.3,0,0,0,44.1,47.1,49.3,0.26,0.15,0.14
ANDE,2019-11-08 05:10:00 EST,42.18227,-74.80139,1700,21.3,21.2,21.3,94.0,19.8,0.000,0.000,0.00,0.000,0.1,0.8,0.2,230,2,0.3,1.3,0.5,232,16,0.3,1.3,0.5,232,16,0,28.20,-0.3,0,0,0,44.1,47.1,49.3,0.26,0.15,0.15
ANDE,2019-11-08 05:15:00 EST,42.18227,-74.80139,1700,21.3,21.2,21.3,93.2,19.6,0.000,0.000,0.00,0.000,0.4,1.1,0.3,205,8,0.9,1.5,0.3,188,16,0.9,1.5,0.3,188,16,0,28.20,-0.3,0,0,0,44.1,47.1,49.3,0.26,0.15,0.15
ANDE,2019-11-08 05:20:00 EST,42.18227,-74.80139,1700,21.4,21.3,21.4,93.0,19.8,0.000,0.000,0.00,0.000,0.3,1.2,0.4,44,8,0.7,1.8,0.6,44,29,0.7,1.8,0.6,44,29,0,28.20,-0.3,0,0,0,44.1,47.1,49.3,0.26,0.15,0.14
ANDE,2019-11-08 05:25:00 EST,42.18227,-74.80139,1700,21.7,21.8,21.7,93.2,20.0,0.000,0.000,0.00,0.000,1.1,1.9,0.3,34,19,1.4,2.8,0.4,32,21,1.4,2.8,0.4,32,21,0,28.20,-0.3,0,0,0,44.0,47.1,49.3,0.26,0.15,0.14
ANDE,2019-11-08 05:30:00 EST,42.18227,-74.80139,1700,22.1,22.0,22.1,92.1,20.1,0.000,0.000,0.00,0.000,0.7,3.3,0.8,333,18,1.0,3.5,0.9,338,23,1.0,3.5,0.9,338,23,0,28.20,-0.3,0,0,0,44.0,47.1,49.3,0.26,0.15,0.15
ANDE,2019-11-08 05:35:00 EST,42.18227,-74.80139,1700,22.1,22.1,22.1,92.4,20.2,0.000,0.000,0.00,0.000,0.0,0.0,0.0,0,0,0.2,1.0,0.3,110,15,0.2,1.0,0.3,110,15,0,28.21,-0.3,0,0,0,43.9,47.1,49.3,0.26,0.15,0.15
ANDE,2019-11-08 05:40:00 EST,42.18227,-74.80139,1700,22.4,22.3,22.4,92.4,20.6,0.000,0.000,0.00,0.000,0.2,1.0,0.3,103,18,0.5,1.6,0.6,95,33,0.5,1.6,0.6,95,33,0,28.21,-0.3,0,0,0,43.9,47.1,49.2,0.26,0.15,0.15
ANDE,2019-11-08 05:45:00 EST,42.18227,-74.80139,1700,22.1,22.0,22.1,92.3,20.2,0.000,0.000,0.00,0.000,2.2,4.2,1.1,209,14,2.6,4.6,1.0,208,15,2.6,4.6,1.0,208,15,0,28.21,-0.3,0,0,0,43.9,47.1,49.2,0.26,0.15,0.14
ANDE,2019-11-08 05:50:00 EST,42.18227,-74.80139,1700,22.3,22.2,22.3,93.3,20.7,0.000,0.000,0.00,0.000,0.8,1.9,0.5,234,18,1.3,2.5,0.5,231,23,1.3,2.5,0.5,231,23,0,28.21,-0.3,0,0,0,43.9,47.1,49.3,0.26,0.15,0.14
ANDE,2019-11-08 05:55:00 EST,42.18227,-74.80139,1700,22.4,22.3,22.4,92.8,20.6,0.000,0.000,0.00,0.000,0.6,2.8,0.7,250,25,1.1,3.8,0.8,240,52,1.1,3.8,0.8,240,52,0,28.21,-0.3,0,0,0,43.9,47.1,49.3,0.26,0.15,0.15
ANDE,2019-11-08 06:00:00 EST,42.18227,-74.80139,1700,23.1,23.1,18.3,91.7,21.0,0.000,0.000,0.00,0.000,3.2,5.6,1.0,290,20,3.6,6.7,1.1,289,20,3.6,6.7,1.1,289,20,0,28.21,-0.3,0,0,0,43.9,47.1,49.3,0.26,0.15,0.15
ANDE,2019-11-08 06:05:00 EST,42.18227,-74.80139,1700,23.0,23.0,23.0,91.6,20.9,0.000,0.000,0.00,0.000,1.7,5.4,1.3,295,37,2.1,7.0,1.4,301,40,2.1,7.0,1.4,301,40,0,28.21,-0.3,0,0,0,43.9,47.1,49.3,0.26,0.15,0.15
ANDE,2019-11-08 06:10:00 EST,42.18227,-74.80139,1700,23.4,23.4,23.4,91.6,21.3,0.000,0.000,0.00,0.000,1.4,5.0,1.3,310,22,1.7,4.6,1.3,311,28,1.7,4.6,1.3,311,28,0,28.21,-0.3,0,0,0,43.9,47.1,49.3,0.26,0.15,0.15
ANDE,2019-11-08 06:15:00 EST,42.18227,-74.80139,1700,23.6,23.5,18.2,91.5,21.5,0.000,0.000,0.00,0.000,3.5,9.8,1.8,314,30,4.1,12.0,2.1,313,30,4.1,12.0,2.1,313,30,0,28.22,-0.3,0,0,0,43.9,47.1,49.3,0.26,0.15,0.14
ANDE,2019-11-08 06:20:00 EST,42.18227,-74.80139,1700,23.5,23.4,17.8,92.6,21.6,0.011,0.011,0.00,0.011,3.7,8.4,2.0,336,25,4.3,10.7,2.1,337,21,4.3,10.7,2.1,337,21,0,28.22,-0.4,0,0,0,43.9,47.1,49.2,0.26,0.15,0.15
ANDE,2019-11-08 06:25:00 EST,42.18227,-74.80139,1700,23.3,23.3,17.2,94.2,21.9,0.001,0.012,0.00,0.012,4.2,7.4,1.5,334,22,4.7,9.2,1.6,336,23,4.7,9.2,1.6,336,23,0,28.23,-0.4,0,0,0,43.8,47.1,49.2,0.26,0.15,0.14
ANDE,2019-11-08 06:30:00 EST,42.18227,-74.80139,1700,23.3,23.3,19.1,93.8,21.8,0.000,0.012,0.00,0.012,2.8,5.0,1.2,340,21,3.3,6.7,1.5,342,17,3.3,6.7,1.5,342,17,0,28.23,-0.5,0,0,0,43.8,47.1,49.1,0.26,0.15,0.15
ANDE,2019-11-08 06:35:00 EST,42.18227,-74.80139,1700,23.3,23.3,18.4,93.1,21.6,0.000,0.012,0.00,0.012,3.0,6.7,1.2,346,26,3.8,6.7,1.3,349,23,3.8,6.7,1.3,349,23,0,28.23,-0.5,0,0,0,43.8,46.9,49.2,0.26,0.15,0.15
ANDE,2019-11-08 06:40:00 EST,42.18227,-74.80139,1700,23.5,23.4,17.2,91.5,21.4,0.000,0.012,0.00,0.012,4.3,7.6,1.7,329,19,4.9,9.3,2.0,330,18,4.9,9.3,2.0,330,18,1,28.24,-0.4,0,0,0,43.7,46.9,49.2,0.26,0.15,0.15
ANDE,2019-11-08 06:45:00 EST,42.18227,-74.80139,1700,23.6,23.5,15.9,89.7,21.0,0.000,0.012,0.00,0.012,5.4,9.1,1.9,340,23,6.4,10.9,2.5,341,21,6.4,10.9,2.5,341,21,1,28.24,-0.5,0,0,0,43.7,46.9,49.1,0.26,0.15,0.15
ANDE,2019-11-08 06:50:00 EST,42.18227,-74.80139,1700,23.5,23.4,17.6,89.2,20.8,0.000,0.012,0.00,0.012,3.9,8.5,1.7,328,33,4.5,9.8,1.9,329,30,4.5,9.8,1.9,329,30,3,28.24,-0.5,0,0,0,43.7,46.9,49.1,0.26,0.15,0.15
ANDE,2019-11-08 06:55:00 EST,42.18227,-74.80139,1700,23.3,23.3,15.9,87.5,20.1,0.000,0.012,0.00,0.012,4.8,14.5,3.3,338,29,5.9,17.3,3.6,340,29,5.9,17.3,3.6,340,29,5,28.24,-0.5,0,0,0,43.7,46.9,49.1,0.26,0.15,0.15
ANDE,2019-11-08 07:00:00 EST,42.18227,-74.80139,1700,23.2,23.2,14.7,82.4,18.6,0.000,0.012,0.00,0.012,6.7,12.6,2.0,324,24,7.3,13.2,2.1,324,23,7.3,13.2,2.1,324,23,7,28.25,-0.5,0,0,0,43.7,46.9,49.1,0.26,0.15,0.15
ANDE,2019-11-08 07:05:00 EST,42.18227,-74.80139,1700,23.1,23.1,14.0,82.0,18.4,0.000,0.012,0.00,0.012,7.0,19.6,3.2,319,29,8.0,20.1,3.3,320,28,8.0,20.1,3.3,320,28,6,28.25,-0.5,0,0,0,43.7,46.9,49.1,0.26,0.15,0.15
ANDE,2019-11-08 07:10:00 EST,42.18227,-74.80139,1700,22.9,22.9,13.2,80.5,17.8,0.000,0.012,0.00,0.012,7.9,18.1,3.8,324,30,8.8,19.3,4.0,325,27,8.8,19.3,4.0,325,27,7,28.25,-0.5,0,0,0,43.7,46.9,49.1,0.26,0.15,0.15
ANDE,2019-11-08 07:15:00 EST,42.18227,-74.80139,1700,22.7,22.7,12.7,79.1,17.2,0.000,0.012,0.00,0.012,8.2,19.3,3.8,322,22,9.2,20.6,3.7,323,21,9.2,20.6,3.7,323,21,13,28.25,-0.5,0,0,0,43.7,46.9,49.1,0.26,0.15,0.15
ANDE,2019-11-08 07:20:00 EST,42.18227,-74.80139,1700,22.7,22.7,15.3,81.2,17.8,0.000,0.012,0.00,0.001,5.1,11.8,2.4,316,26,5.8,15.7,2.6,316,25,5.8,15.7,2.6,316,25,14,28.26,-0.5,0,0,0,43.7,46.9,49.1,0.26,0.15,0.15
ANDE,2019-11-08 07:25:00 EST,42.18227,-74.80139,1700,22.7,22.7,15.2,81.0,17.8,0.000,0.012,0.00,0.000,5.2,10.0,1.9,324,31,6.0,11.8,2.0,324,29,6.0,11.8,2.0,324,29,12,28.26,-0.5,0,0,0,43.7,46.9,49.1,0.26,0.15,0.15
ANDE,2019-11-08 07:30:00 EST,42.18227,-74.80139,1700,22.7,22.7,13.5,80.7,17.7,0.000,0.012,0.00,0.000,7.4,12.6,2.3,315,30,8.1,16.0,2.8,315,30,8.1,16.0,2.8,315,30,12,28.26,-0.5,0,0,0,43.7,46.9,49.1,0.26,0.15,0.15
ANDE,2019-11-08 07:35:00 EST,42.18227,-74.80139,1700,22.7,22.6,12.6,79.6,17.3,0.000,0.012,0.00,0.000,8.5,15.4,2.7,316,29,9.2,17.7,2.9,316,24,9.2,17.7,2.9,316,24,15,28.27,-0.5,0,0,0,43.7,46.9,49.1,0.26,0.15,0.15
ANDE,2019-11-08 07:40:00 EST,42.18227,-74.80139,1700,22.5,22.5,13.5,78.9,17.0,0.000,0.012,0.00,0.000,6.6,18.0,4.0,306,27,7.8,20.2,4.2,302,28,7.8,20.2,4.2,302,28,17,28.27,-0.5,0,0,0,43.7,46.9,49.1,0.26,0.15,0.15
ANDE,2019-11-08 07:45:00 EST,42.18227,-74.80139,1700,22.4,22.3,12.5,78.7,16.8,0.000,0.012,0.00,0.000,7.4,16.1,3.4,311,28,8.8,20.2,3.6,309,27,8.8,20.2,3.6,309,27,18,28.27,-0.5,0,0,0,43.7,46.9,49.1,0.26,0.15,0.15
ANDE,2019-11-08 07:50:00 EST,42.18227,-74.80139,1700,22.2,22.1,11.3,78.8,16.6,0.000,0.012,0.00,0.000,9.5,16.3,3.6,325,25,10.4,19.2,3.6,324,25,10.4,19.2,3.6,324,25,19,28.28,-0.5,0,0,0,43.6,46.9,49.1,0.26,0.15,0.15
ANDE,2019-11-08 07:55:00 EST,42.18227,-74.80139,1700,22.2,22.1,12.4,78.5,16.5,0.000,0.012,0.00,0.000,8.0,17.6,3.3,318,25,8.7,16.7,3.1,319,24,8.7,16.7,3.1,319,24,21,28.28,-0.5,0,0,0,43.5,46.9,49.1,0.26,0.15,0.15
ANDE,2019-11-08 08:00:00 EST,42.18227,-74.80139,1700,22.2,22.1,14.3,79.7,16.9,0.000,0.012,0.00,0.000,5.5,11.9,2.5,309,25,6.3,13.6,2.8,308,25,6.3,13.6,2.8,308,25,20,28.28,-0.5,0,0,0,43.6,46.9,49.1,0.26,0.15,0.15
ANDE,2019-11-08 08:05:00 EST,42.18227,-74.80139,1700,22.2,22.1,14.8,80.4,17.1,0.000,0.012,0.00,0.000,4.9,9.9,2.0,297,26,5.7,11.3,2.1,294,23,5.7,11.3,2.1,294,23,20,28.28,-0.5,0,0,0,43.5,46.9,49.1,0.26,0.15,0.15
ANDE,2019-11-08 08:10:00 EST,42.18227,-74.80139,1700,22.2,22.1,15.0,81.5,17.4,0.000,0.012,0.00,0.000,5.0,12.3,2.8,304,27,5.5,13.4,2.6,300,29,5.5,13.4,2.6,300,29,29,28.28,-0.5,0,0,0,43.5,46.9,49.1,0.26,0.15,0.15
ANDE,2019-11-08 08:15:00 EST,42.18227,-74.80139,1700,22.2,22.1,13.7,81.4,17.4,0.000,0.012,0.00,0.000,6.4,11.4,2.0,310,23,7.0,12.4,2.2,308,23,7.0,12.4,2.2,308,23,37,28.28,-0.5,0,0,0,43.5,46.8,49.1,0.26,0.15,0.15
ANDE,2019-11-08 08:20:00 EST,42.18227,-74.80139,1700,22.3,22.1,15.3,82.2,17.7,0.000,0.012,0.00,0.000,4.8,9.4,1.8,314,29,5.4,10.6,1.9,311,23,5.4,10.6,1.9,311,23,48,28.28,-0.5,0,0,0,43.5,46.8,49.1,0.26,0.15,0.15
ANDE,2019-11-08 08:25:00 EST,42.18227,-74.80139,1700,22.4,22.2,14.1,81.0,17.5,0.000,0.012,0.00,0.000,5.7,17.2,3.3,294,25,6.8,18.2,3.3,293,24,6.8,18.2,3.3,293,24,54,28.28,-0.5,0,0,0,43.5,46.8,49.1,0.26,0.15,0.15
ANDE,2019-11-08 08:30:00 EST,42.18227,-74.80139,1700,22.5,22.3,15.7,82.2,17.9,0.000,0.012,0.00,0.000,4.3,11.1,1.9,313,27,5.2,12.9,2.3,313,25,5.2,12.9,2.3,313,25,49,28.28,-0.4,0,0,0,43.5,46.8,49.1,0.26,0.15,0.15
ANDE,2019-11-08 08:35:00 EST,42.18227,-74.80139,1700,22.6,22.4,15.7,82.6,18.1,0.000,0.012,0.00,0.000,4.3,11.5,2.8,332,28,5.3,14.1,2.7,328,27,5.3,14.1,2.7,328,27,54,28.28,-0.4,0,0,0,43.5,46.8,49.1,0.26,0.15,0.15
ANDE,2019-11-08 08:40:00 EST,42.18227,-74.80139,1700,22.5,22.3,14.2,82.0,17.8,0.000,0.012,0.00,0.000,6.0,11.5,2.1,335,22,6.8,12.1,2.2,336,21,6.8,12.1,2.2,336,21,55,28.28,-0.4,0,0,0,43.5,46.8,49.1,0.26,0.15,0.15
ANDE,2019-11-08 08:45:00 EST,42.18227,-74.80139,1700,22.2,22.0,12.9,81.4,17.4,0.000,0.012,0.00,0.000,7.0,17.5,3.2,336,31,8.0,17.5,3.6,338,29,8.0,17.5,3.6,338,29,56,28.29,-0.5,0,0,0,43.5,46.8,49.1,0.26,0.16,0.15
ANDE,2019-11-08 08:50:00 EST,42.18227,-74.80139,1700,22.0,21.8,13.0,82.8,17.6,0.000,0.012,0.00,0.000,6.3,12.3,2.4,334,27,7.6,13.7,2.4,335,23,7.6,13.7,2.4,335,23,57,28.29,-0.5,0,0,0,43.5,46.8,49.1,0.26,0.15,0.15
ANDE,2019-11-08 08:55:00 EST,42.18227,-74.80139,1700,21.8,21.6,12.8,81.7,17.1,0.000,0.012,0.00,0.000,6.3,14.2,2.6,342,23,7.5,16.2,3.0,344,22,7.5,16.2,3.0,344,22,62,28.29,-0.5,0,0,0,43.5,46.8,49.1,0.26,0.16,0.15
ANDE,2019-11-08 09:00:00 EST,42.18227,-74.80139,1700,21.9,21.7,13.2,80.1,16.7,0.000,0.012,0.00,0.000,6.1,14.3,2.6,331,31,7.1,15.3,2.8,333,28,7.1,15.3,2.8,333,28,113,28.29,-0.4,0,0,0,43.5,46.8,49.1,0.26,0.15,0.15
ANDE,2019-11-08 09:05:00 EST,42.18227,-74.80139,1700,21.9,21.7,11.0,78.2,16.1,0.000,0.012,0.00,0.000,9.1,16.9,2.8,337,22,10.4,19.1,3.0,337,18,10.4,19.1,3.0,337,18,90,28.29,-0.4,0,0,0,43.5,46.8,49.1,0.26,0.15,0.15
ANDE,2019-11-08 09:10:00 EST,42.18227,-74.80139,1700,22.1,21.9,13.5,79.3,16.7,0.000,0.012,0.00,0.000,6.3,14.8,3.1,330,26,7.1,16.5,3.2,332,24,7.1,16.5,3.2,332,24,103,28.30,-0.5,0,0,0,43.5,46.8,49.1,0.26,0.15,0.15
ANDE,2019-11-08 09:15:00 EST,42.18227,-74.80139,1700,22.0,21.8,10.2,76.9,15.8,0.000,0.012,0.00,0.000,10.5,19.2,3.1,348,17,12.0,23.7,3.3,345,16,12.0,23.7,3.3,345,16,128,28.30,-0.4,0,0,0,43.5,46.8,49.1,0.26,0.16,0.15
ANDE,2019-11-08 09:20:00 EST,42.18227,-74.80139,1700,22.2,22.0,12.4,78.0,16.4,0.000,0.012,0.00,0.000,7.9,15.7,2.8,336,23,8.7,16.8,3.1,334,19,8.7,16.8,3.1,334,19,133,28.30,-0.4,0,0,0,43.5,46.8,49.1,0.26,0.16,0.15
ANDE,2019-11-08 09:25:00 EST,42.18227,-74.80139,1700,22.4,22.2,10.8,77.4,16.4,0.000,0.012,0.00,0.000,10.2,21.6,4.2,334,25,11.8,22.7,4.3,334,24,11.8,22.7,4.3,334,24,161,28.30,-0.4,0,0,0,43.4,46.8,49.1,0.26,0.16,0.15
ANDE,2019-11-08 09:30:00 EST,42.18227,-74.80139,1700,22.5,22.2,11.4,76.0,16.1,0.000,0.012,0.00,0.000,10.0,17.8,3.1,330,28,11.1,18.4,3.3,330,24,11.1,18.4,3.3,330,24,123,28.30,-0.5,0,0,0,43.3,46.8,49.1,0.26,0.15,0.15
ANDE,2019-11-08 09:35:00 EST,42.18227,-74.80139,1700,22.5,22.2,12.0,75.1,15.8,0.000,0.012,0.00,0.000,8.8,19.3,4.1,329,29,9.9,19.6,4.1,328,25,9.9,19.6,4.1,328,25,160,28.30,-0.5,0,0,0,43.3,46.8,49.1,0.26,0.15,0.15
ANDE,2019-11-08 09:40:00 EST,42.18227,-74.80139,1700,22.7,22.4,12.8,74.7,15.9,0.000,0.012,0.00,0.000,7.8,17.2,3.1,315,29,9.2,19.0,3.3,312,27,9.2,19.0,3.3,312,27,146,28.30,-0.5,0,0,0,43.3,46.8,49.1,0.26,0.15,0.15
ANDE,2019-11-08 09:45:00 EST,42.18227,-74.80139,1700,22.6,22.3,13.2,74.3,15.7,0.000,0.012,0.00,0.000,7.1,15.7,2.8,332,30,8.3,18.6,2.8,332,27,8.3,18.6,2.8,332,27,122,28.30,-0.5,0,0,0,43.3,46.8,49.1,0.26,0.15,0.15
ANDE,2019-11-08 09:50:00 EST,42.18227,-74.80139,1700,22.7,22.5,12.3,74.6,15.8,0.000,0.012,0.00,0.000,8.3,15.0,2.5,341,22,9.8,21.0,2.9,341,23,9.8,21.0,2.9,341,23,118,28.30,-0.4,0,0,0,43.3,46.8,49.1,0.26,0.15,0.15
ANDE,2019-11-08 09:55:00 EST,42.18227,-74.80139,1700,22.2,22.0,11.4,74.1,15.2,0.000,0.012,0.00,0.000,9.5,19.4,3.8,324,25,10.4,21.7,4.0,324,24,10.4,21.7,4.0,324,24,100,28.30,-0.4,0,0,0,43.3,46.8,49.1,0.26,0.16,0.15
ANDE,2019-11-08 10:00:00 EST,42.18227,-74.80139,1700,22.4,22.1,11.3,73.2,15.1,0.000,0.012,0.00,0.000,10.0,18.8,4.0,321,23,10.9,19.5,3.6,320,20,10.9,19.5,3.6,320,20,150,28.31,-0.4,0,0,0,43.3,46.8,49.1,0.26,0.16,0.15
ANDE,2019-11-08 10:05:00 EST,42.18227,-74.80139,1700,22.8,22.4,12.0,74.0,15.7,0.000,0.012,0.00,0.000,9.5,19.1,3.4,329,30,10.6,19.2,3.3,329,25,10.6,19.2,3.3,329,25,163,28.31,-0.4,0,0,0,43.3,46.8,49.1,0.26,0.15,0.15
ANDE,2019-11-08 10:10:00 EST,42.18227,-74.80139,1700,22.3,22.1,12.4,74.9,15.6,0.000,0.012,0.00,0.000,8.2,15.4,2.8,319,23,9.0,16.6,3.0,318,24,9.0,16.6,3.0,318,24,87,28.31,-0.4,0,0,0,43.3,46.7,49.1,0.26,0.16,0.15
ANDE,2019-11-08 10:15:00 EST,42.18227,-74.80139,1700,22.4,22.1,13.7,78.4,16.7,0.000,0.012,0.00,0.000,6.3,11.8,2.2,329,27,7.3,15.0,2.6,329,26,7.3,15.0,2.6,329,26,122,28.31,-0.4,0,0,0,43.3,46.6,49.1,0.26,0.16,0.15
ANDE,2019-11-08 10:20:00 EST,42.18227,-74.80139,1700,22.8,22.4,15.3,77.5,16.8,0.000,0.012,0.00,0.000,4.7,9.6,1.9,334,37,5.9,12.8,2.4,332,35,5.9,12.8,2.4,332,35,143,28.31,-0.3,0,0,0,43.3,46.6,49.1,0.26,0.16,0.15
ANDE,2019-11-08 10:25:00 EST,42.18227,-74.80139,1700,23.2,22.8,14.9,76.3,16.8,0.000,0.012,0.00,0.000,6.0,13.7,2.8,331,26,7.1,17.0,3.1,333,24,7.1,17.0,3.1,333,24,121,28.31,-0.4,0,0,0,43.3,46.6,49.1,0.26,0.15,0.15
ANDE,2019-11-08 10:30:00 EST,42.18227,-74.80139,1700,23.3,22.9,12.3,73.2,16.0,0.000,0.012,0.00,0.000,10.2,18.7,4.0,330,24,11.1,20.6,4.0,332,23,11.1,20.6,4.0,332,23,142,28.31,-0.3,0,0,0,43.3,46.6,49.1,0.26,0.16,0.15
ANDE,2019-11-08 10:35:00 EST,42.18227,-74.80139,1700,23.3,23.0,12.2,71.1,15.3,0.000,0.012,0.00,0.000,9.5,17.5,3.4,320,27,11.2,21.1,3.7,320,26,11.2,21.1,3.7,320,26,126,28.31,-0.3,0,0,0,43.3,46.6,49.1,0.26,0.15,0.15
ANDE,2019-11-08 10:40:00 EST,42.18227,-74.80139,1700,23.5,23.1,12.6,69.8,15.1,0.000,0.012,0.00,0.000,9.3,17.3,3.9,342,21,11.0,21.3,4.2,340,20,11.0,21.3,4.2,340,20,130,28.31,-0.3,0,0,0,43.3,46.6,49.1,0.26,0.15,0.15
ANDE,2019-11-08 10:45:00 EST,42.18227,-74.80139,1700,23.8,23.4,14.2,70.4,15.6,0.000,0.012,0.00,0.000,7.6,19.7,4.2,329,30,8.9,22.6,4.5,324,28,8.9,22.6,4.5,324,28,130,28.31,-0.4,0,0,0,43.3,46.6,49.0,0.26,0.16,0.15
ANDE,2019-11-08 10:50:00 EST,42.18227,-74.80139,1700,23.9,23.5,14.3,67.1,14.6,0.000,0.012,0.00,0.000,7.9,15.4,3.4,329,34,9.1,19.0,3.6,330,26,9.1,19.0,3.6,330,26,159,28.31,-0.3,0,0,0,43.3,46.6,49.1,0.26,0.16,0.15
ANDE,2019-11-08 10:55:00 EST,42.18227,-74.80139,1700,24.0,23.7,13.0,67.8,14.9,0.000,0.012,0.00,0.000,10.4,17.7,3.0,345,27,11.6,18.6,3.8,344,17,11.6,18.6,3.8,344,17,155,28.31,-0.4,0,0,0,43.2,46.6,49.1,0.26,0.15,0.15
ANDE,2019-11-08 11:00:00 EST,42.18227,-74.80139,1700,23.8,23.4,13.2,69.2,15.2,0.000,0.012,0.00,0.000,9.3,17.0,3.0,339,19,10.6,21.4,3.4,340,17,10.6,21.4,3.4,340,17,188,28.31,-0.3,0,0,0,43.2,46.6,49.0,0.26,0.16,0.15
ANDE,2019-11-08 11:05:00 EST,42.18227,-74.80139,1700,23.9,23.6,15.9,72.5,16.3,0.000,0.012,0.00,0.000,5.7,13.2,2.7,353,27,6.7,16.7,2.9,350,21,6.7,16.7,2.9,350,21,176,28.31,-0.3,0,0,0,43.2,46.6,49.0,0.26,0.16,0.15
ANDE,2019-11-08 11:10:00 EST,42.18227,-74.80139,1700,23.9,23.6,16.6,72.6,16.3,0.000,0.012,0.00,0.000,4.9,9.8,2.4,351,29,5.9,12.5,2.7,350,26,5.9,12.5,2.7,350,26,140,28.31,-0.3,0,0,0,43.2,46.6,49.0,0.26,0.16,0.15
ANDE,2019-11-08 11:15:00 EST,42.18227,-74.80139,1700,23.8,23.5,14.5,72.1,16.1,0.000,0.012,0.00,0.000,7.4,15.6,4.5,328,28,8.5,18.3,4.7,327,26,8.5,18.3,4.7,327,26,137,28.31,-0.4,0,0,0,43.2,46.6,49.0,0.26,0.15,0.15
ANDE,2019-11-08 11:20:00 EST,42.18227,-74.80139,1700,23.8,23.4,13.8,69.6,15.3,0.000,0.012,0.00,0.000,8.4,14.4,2.8,309,27,9.6,18.2,3.0,312,27,9.6,18.2,3.0,312,27,205,28.31,-0.4,0,0,0,43.2,46.6,49.0,0.26,0.16,0.15
ANDE,2019-11-08 11:25:00 EST,42.18227,-74.80139,1700,23.3,23.0,12.9,69.7,14.9,0.000,0.012,0.00,0.000,9.1,19.1,3.6,332,24,10.1,22.7,3.9,331,22,10.1,22.7,3.9,331,22,142,28.31,-0.4,0,0,0,43.2,46.6,48.7,0.26,0.15,0.15
ANDE,2019-11-08 11:30:00 EST,42.18227,-74.80139,1700,22.9,22.6,14.5,74.2,15.9,0.000,0.012,0.00,0.000,6.1,13.9,3.1,321,30,7.1,15.8,3.5,318,28,7.1,15.8,3.5,318,28,145,28.32,-0.3,0,0,0,43.2,46.6,48.8,0.26,0.16,0.15
ANDE,2019-11-08 11:35:00 EST,42.18227,-74.80139,1700,23.0,22.7,13.5,71.8,15.2,0.000,0.012,0.00,0.000,7.7,16.7,2.7,329,24,8.6,22.8,3.3,329,22,8.6,22.8,3.3,329,22,108,28.32,-0.3,0,0,0,43.2,46.6,48.8,0.26,0.16,0.15
ANDE,2019-11-08 11:40:00 EST,42.18227,-74.80139,1700,23.5,23.2,13.9,68.2,14.5,0.000,0.012,0.00,0.000,7.8,15.9,4.0,317,30,8.8,17.2,4.0,316,31,8.8,17.2,4.0,316,31,294,28.31,-0.3,0,0,0,43.2,46.6,48.8,0.26,0.16,0.15
ANDE,2019-11-08 11:45:00 EST,42.18227,-74.80139,1700,23.8,23.4,13.6,67.8,14.7,0.000,0.012,0.00,0.000,9.0,15.6,3.3,310,25,9.8,17.9,3.5,307,24,9.8,17.9,3.5,307,24,249,28.31,-0.4,0,0,0,43.2,46.6,48.7,0.26,0.16,0.15
ANDE,2019-11-08 11:50:00 EST,42.18227,-74.80139,1700,23.6,23.3,13.3,69.7,15.2,0.000,0.012,0.00,0.000,9.1,17.1,4.2,333,23,10.1,19.9,4.3,335,19,10.1,19.9,4.3,335,19,180,28.31,-0.4,0,0,0,43.2,46.6,48.7,0.26,0.16,0.15
ANDE,2019-11-08 11:55:00 EST,42.18227,-74.80139,1700,23.6,23.3,14.0,69.8,15.1,0.000,0.012,0.00,0.000,8.1,14.5,3.3,316,24,8.9,17.7,3.5,315,24,8.9,17.7,3.5,315,24,185,28.31,-0.4,0,0,0,43.2,46.6,48.7,0.26,0.16,0.15
ANDE,2019-11-08 12:00:00 EST,42.18227,-74.80139,1700,23.7,23.3,17.8,71.4,15.8,0.000,0.012,0.00,0.000,3.8,11.4,2.4,296,29,4.6,12.2,2.4,295,28,4.6,12.2,2.4,295,28,149,28.31,-0.3,0,0,0,43.2,46.6,48.7,0.26,0.16,0.15
ANDE,2019-11-08 12:05:00 EST,42.18227,-74.80139,1700,23.9,23.4,16.8,71.7,16.0,0.000,0.012,0.00,0.000,4.9,10.2,2.1,303,25,5.7,11.6,2.1,302,22,5.7,11.6,2.1,302,22,283,28.31,-0.4,0,0,0,43.2,46.6,48.7,0.26,0.16,0.15
ANDE,2019-11-08 12:10:00 EST,42.18227,-74.80139,1700,24.3,23.7,16.1,70.4,16.0,0.000,0.012,0.00,0.000,6.0,13.6,2.1,315,31,7.0,16.4,2.7,313,31,7.0,16.4,2.7,313,31,252,28.30,-0.4,0,0,0,43.2,46.5,48.7,0.26,0.16,0.15
ANDE,2019-11-08 12:15:00 EST,42.18227,-74.80139,1700,24.8,24.2,18.7,70.6,16.6,0.000,0.012,0.00,0.000,4.5,11.1,2.3,316,26,4.9,10.2,2.2,314,25,4.9,10.2,2.2,314,25,427,28.30,-0.5,0,0,0,43.2,46.5,48.7,0.26,0.16,0.15
ANDE,2019-11-08 12:20:00 EST,42.18227,-74.80139,1700,25.2,24.7,15.6,66.8,15.7,0.000,0.012,0.00,0.000,8.7,16.7,3.3,314,26,9.5,18.5,3.3,313,25,9.5,18.5,3.3,313,25,409,28.30,-0.5,0,0,0,43.2,46.5,48.7,0.26,0.15,0.15
ANDE,2019-11-08 12:25:00 EST,42.18227,-74.80139,1700,25.2,24.7,15.2,66.4,15.6,0.000,0.012,0.00,0.000,9.0,18.9,3.2,316,26,10.2,18.6,3.2,317,22,10.2,18.6,3.2,317,22,463,28.30,-0.4,0,0,0,43.2,46.4,48.7,0.26,0.16,0.15
ANDE,2019-11-08 12:30:00 EST,42.18227,-74.80139,1700,25.7,25.2,15.7,64.7,15.4,0.000,0.012,0.00,0.000,9.2,17.2,2.8,329,25,10.3,21.4,3.3,329,25,10.3,21.4,3.3,329,25,600,28.30,-0.4,0,0,0,43.2,46.4,48.7,0.26,0.16,0.15
ANDE,2019-11-08 12:35:00 EST,42.18227,-74.80139,1700,25.8,25.3,17.7,66.7,16.2,0.000,0.012,0.00,0.000,6.0,13.4,2.7,322,32,7.4,18.1,3.0,322,33,7.4,18.1,3.0,322,33,223,28.30,-0.5,0,0,0,43.2,46.4,48.7,0.26,0.16,0.15
ANDE,2019-11-08 12:40:00 EST,42.18227,-74.80139,1700,25.1,24.8,17.2,66.4,15.5,0.000,0.012,0.00,0.000,6.0,15.1,2.9,315,26,7.0,19.8,3.1,313,26,7.0,19.8,3.1,313,26,172,28.30,-0.5,0,0,0,43.2,46.4,48.7,0.26,0.16,0.15
ANDE,2019-11-08 12:45:00 EST,42.18227,-74.80139,1700,24.9,24.6,18.8,69.0,16.1,0.000,0.012,0.00,0.000,4.3,10.4,2.2,327,28,4.9,13.6,2.4,326,28,4.9,13.6,2.4,326,28,126,28.30,-0.5,0,0,0,43.2,46.4,48.7,0.26,0.16,0.15
ANDE,2019-11-08 12:50:00 EST,42.18227,-74.80139,1700,24.3,24.1,16.1,76.1,17.9,0.000,0.012,0.00,0.000,6.6,13.1,2.4,321,22,7.1,16.6,2.7,321,22,7.1,16.6,2.7,321,22,146,28.30,-0.5,0,0,0,43.2,46.4,48.7,0.26,0.16,0.15
ANDE,2019-11-08 12:55:00 EST,42.18227,-74.80139,1700,23.8,23.4,15.3,80.7,18.7,0.000,0.012,0.00,0.000,6.7,13.1,2.9,317,27,7.3,14.1,3.0,317,26,7.3,14.1,3.0,317,26,188,28.30,-0.5,0,0,0,43.2,46.4,48.7,0.26,0.15,0.15
ANDE,2019-11-08 13:00:00 EST,42.18227,-74.80139,1700,24.1,23.8,15.2,78.1,18.3,0.000,0.012,0.00,0.000,7.0,13.8,2.9,322,28,8.0,15.3,3.0,323,27,8.0,15.3,3.0,323,27,318,28.30,-0.4,0,0,0,43.2,46.4,48.7,0.26,0.16,0.15
ANDE,2019-11-08 13:05:00 EST,42.18227,-74.80139,1700,24.6,24.2,16.2,73.8,17.4,0.000,0.012,0.00,0.000,6.4,14.0,3.1,318,29,7.5,16.8,3.4,317,27,7.5,16.8,3.4,317,27,262,28.30,-0.5,0,0,0,43.2,46.4,48.7,0.26,0.16,0.15
ANDE,2019-11-08 13:10:00 EST,42.18227,-74.80139,1700,24.6,24.2,15.2,72.6,17.0,0.000,0.012,0.00,0.000,7.7,14.6,3.0,313,36,8.8,16.7,3.3,315,34,8.8,16.7,3.3,315,34,182,28.30,-0.5,0,0,0,43.2,46.4,48.7,0.26,0.16,0.15
ANDE,2019-11-08 13:15:00 EST,42.18227,-74.80139,1700,24.3,24.0,14.1,72.5,16.7,0.000,0.012,0.00,0.000,9.1,17.8,3.2,330,25,10.0,19.5,3.7,330,24,10.0,19.5,3.7,330,24,135,28.30,-0.5,0,0,0,43.2,46.4,48.7,0.26,0.16,0.15
ANDE,2019-11-08 13:20:00 EST,42.18227,-74.80139,1700,23.7,23.5,12.6,75.0,16.9,0.000,0.012,0.00,0.000,10.2,18.9,3.5,336,23,11.4,20.8,3.8,337,20,11.4,20.8,3.8,337,20,123,28.30,-0.4,0,0,0,43.2,46.4,48.7,0.26,0.16,0.15
ANDE,2019-11-08 13:25:00 EST,42.18227,-74.80139,1700,23.2,22.9,12.7,82.3,18.6,0.000,0.012,0.00,0.000,8.9,17.2,4.2,342,23,10.2,20.4,4.4,342,20,10.2,20.4,4.4,342,20,191,28.31,-0.5,0,0,0,43.2,46.4,48.7,0.26,0.16,0.15
ANDE,2019-11-08 13:30:00 EST,42.18227,-74.80139,1700,22.6,22.4,11.8,85.0,18.8,0.000,0.012,0.00,0.000,9.7,19.1,3.6,339,19,10.5,21.8,3.5,338,18,10.5,21.8,3.5,338,18,92,28.31,-0.5,0,0,0,43.2,46.4,48.7,0.26,0.16,0.15
ANDE,2019-11-08 13:35:00 EST,42.18227,-74.80139,1700,22.3,22.0,12.3,87.4,19.1,0.000,0.012,0.00,0.000,7.5,16.6,3.5,343,24,8.9,19.8,4.2,342,23,8.9,19.8,4.2,342,23,145,28.31,-0.4,0,0,0,43.2,46.4,48.7,0.26,0.16,0.15
ANDE,2019-11-08 13:40:00 EST,42.18227,-74.80139,1700,22.9,22.6,16.8,84.1,18.8,0.000,0.012,0.00,0.000,3.8,10.7,2.3,319,30,4.6,11.6,2.5,318,31,4.6,11.6,2.5,318,31,124,28.31,-0.5,0,0,0,43.2,46.4,48.7,0.26,0.16,0.15
ANDE,2019-11-08 13:45:00 EST,42.18227,-74.80139,1700,23.3,23.0,14.4,77.4,17.2,0.009,0.022,0.00,0.009,6.9,13.4,2.3,316,25,7.7,13.4,2.2,314,26,7.7,13.4,2.2,314,26,203,28.31,-0.5,0,0,0,43.2,46.4,48.7,0.26,0.16,0.15
ANDE,2019-11-08 13:50:00 EST,42.18227,-74.80139,1700,23.6,23.3,16.3,76.0,17.2,0.000,0.022,0.00,0.009,5.0,13.5,2.6,325,30,6.0,13.8,2.6,324,26,6.0,13.8,2.6,324,26,170,28.31,-0.4,0,0,0,43.2,46.4,48.7,0.26,0.16,0.15
ANDE,2019-11-08 13:55:00 EST,42.18227,-74.80139,1700,23.7,23.5,16.5,75.9,17.2,0.001,0.022,0.00,0.010,4.9,14.9,2.6,328,33,5.9,16.3,3.2,326,30,5.9,16.3,3.2,326,30,160,28.31,-0.5,0,0,0,43.2,46.4,48.7,0.26,0.16,0.15
ANDE,2019-11-08 14:00:00 EST,42.18227,-74.80139,1700,23.2,23.0,14.1,79.4,17.8,0.000,0.022,0.00,0.010,7.3,17.8,3.3,332,19,8.1,17.0,3.6,333,20,8.1,17.0,3.6,333,20,150,28.31,-0.3,0,0,0,43.2,46.4,48.7,0.26,0.16,0.15
ANDE,2019-11-08 14:05:00 EST,42.18227,-74.80139,1700,23.3,23.1,15.1,80.4,18.2,0.000,0.022,0.00,0.010,6.0,12.0,2.4,336,28,6.9,14.4,2.7,337,26,6.9,14.4,2.7,337,26,209,28.31,-0.3,0,0,0,43.2,46.4,48.7,0.26,0.16,0.15
ANDE,2019-11-08 14:10:00 EST,42.18227,-74.80139,1700,23.2,23.1,15.3,79.3,17.8,0.000,0.022,0.00,0.010,5.7,11.4,2.3,339,26,6.5,13.1,2.8,342,23,6.5,13.1,2.8,342,23,87,28.31,-0.4,0,0,0,43.2,46.4,48.7,0.26,0.16,0.15
ANDE,2019-11-08 14:15:00 EST,42.18227,-74.80139,1700,23.1,22.9,14.5,79.8,17.8,0.000,0.022,0.00,0.010,6.2,14.8,3.6,342,29,7.4,16.4,3.9,343,25,7.4,16.4,3.9,343,25,61,28.31,-0.4,0,0,0,43.2,46.4,48.7,0.26,0.16,0.15
ANDE,2019-11-08 14:20:00 EST,42.18227,-74.80139,1700,23.0,23.0,13.5,76.1,16.6,0.000,0.022,0.00,0.010,7.4,13.7,2.3,342,23,8.7,15.6,2.6,343,19,8.7,15.6,2.6,343,19,76,28.31,-0.4,0,0,0,43.2,46.4,48.7,0.26,0.16,0.15
ANDE,2019-11-08 14:25:00 EST,42.18227,-74.80139,1700,23.0,23.0,14.6,73.6,15.9,0.000,0.022,0.00,0.010,5.8,12.3,2.5,339,22,7.2,15.2,2.9,340,20,7.2,15.2,2.9,340,20,67,28.31,-0.4,0,0,0,43.2,46.4,48.7,0.26,0.16,0.15
ANDE,2019-11-08 14:30:00 EST,42.18227,-74.80139,1700,23.2,23.1,15.1,72.9,15.8,0.000,0.022,0.00,0.010,5.7,10.7,2.1,334,29,6.7,14.0,2.4,335,25,6.7,14.0,2.4,335,25,118,28.31,-0.5,0,0,0,43.2,46.4,48.7,0.26,0.16,0.15
ANDE,2019-11-08 14:35:00 EST,42.18227,-74.80139,1700,23.3,23.2,14.9,72.9,15.9,0.000,0.022,0.00,0.010,5.9,14.6,2.6,322,31,7.1,14.8,2.6,321,28,7.1,14.8,2.6,321,28,76,28.32,-0.5,0,0,0,43.2,46.4,48.7,0.26,0.16,0.15
ANDE,2019-11-08 14:40:00 EST,42.18227,-74.80139,1700,23.2,23.0,13.1,72.5,15.6,0.000,0.022,0.00,0.010,8.5,15.8,3.0,326,24,9.4,17.1,3.2,329,24,9.4,17.1,3.2,329,24,81,28.32,-0.5,0,0,0,43.2,46.4,48.7,0.26,0.16,0.15
ANDE,2019-11-08 14:45:00 EST,42.18227,-74.80139,1700,23.4,23.1,14.6,75.6,16.9,0.000,0.022,0.00,0.001,6.6,16.1,2.8,319,25,7.8,16.6,2.8,319,24,7.8,16.6,2.8,319,24,309,28.32,-0.5,0,0,0,43.2,46.4,48.7,0.26,0.16,0.15
ANDE,2019-11-08 14:50:00 EST,42.18227,-74.80139,1700,24.4,24.0,16.4,73.9,17.3,0.000,0.022,0.00,0.001,5.9,12.5,2.4,323,27,7.0,14.8,2.8,324,24,7.0,14.8,2.8,324,24,408,28.32,-0.4,0,0,0,43.2,46.4,48.7,0.26,0.16,0.15
ANDE,2019-11-08 14:55:00 EST,42.18227,-74.80139,1700,24.9,24.5,17.5,71.9,17.1,0.000,0.022,0.00,0.000,5.2,13.5,2.9,332,37,6.3,16.4,3.3,335,34,6.3,16.4,3.3,335,34,311,28.32,-0.5,0,0,0,43.2,46.3,48.7,0.26,0.16,0.15
ANDE,2019-11-08 15:00:00 EST,42.18227,-74.80139,1700,24.7,24.4,15.1,67.4,15.5,0.000,0.022,0.00,0.000,8.5,16.7,2.9,332,25,9.4,18.8,3.5,331,21,9.4,18.8,3.5,331,21,245,28.32,-0.5,0,0,0,43.2,46.2,48.7,0.26,0.16,0.15
ANDE,2019-11-08 15:05:00 EST,42.18227,-74.80139,1700,24.4,24.2,13.9,67.4,15.2,0.000,0.022,0.00,0.000,9.3,19.1,3.7,338,21,10.8,23.2,4.2,339,18,10.8,23.2,4.2,339,18,243,28.32,-0.6,0,0,0,43.2,46.4,48.7,0.26,0.16,0.15
ANDE,2019-11-08 15:10:00 EST,42.18227,-74.80139,1700,24.3,24.0,15.1,65.6,14.4,0.000,0.022,0.00,0.000,7.3,17.6,3.7,347,20,8.4,19.3,3.9,347,19,8.4,19.3,3.9,347,19,185,28.32,-0.5,0,0,0,43.2,46.3,48.7,0.26,0.16,0.15
ANDE,2019-11-08 15:15:00 EST,42.18227,-74.80139,1700,24.2,24.1,15.8,65.3,14.3,0.000,0.022,0.00,0.000,6.6,12.8,2.6,327,32,7.4,15.2,3.0,328,32,7.4,15.2,3.0,328,32,110,28.32,-0.5,0,0,0,43.2,46.1,48.7,0.26,0.16,0.15
ANDE,2019-11-08 15:20:00 EST,42.18227,-74.80139,1700,23.9,23.8,16.2,64.7,13.7,0.000,0.022,0.00,0.000,5.4,11.2,2.2,323,30,6.4,14.2,2.5,325,27,6.4,14.2,2.5,325,27,68,28.33,-0.5,0,0,0,43.2,46.0,48.7,0.26,0.16,0.15
ANDE,2019-11-08 15:25:00 EST,42.18227,-74.80139,1700,23.9,23.8,14.7,64.6,13.7,0.000,0.022,0.00,0.000,6.8,17.0,3.8,331,30,8.3,20.9,4.2,332,28,8.3,20.9,4.2,332,28,150,28.33,-0.5,0,0,0,43.2,46.0,48.7,0.26,0.15,0.15
ANDE,2019-11-08 15:30:00 EST,42.18227,-74.80139,1700,24.4,24.1,15.1,62.8,13.5,0.000,0.022,0.00,0.000,7.1,15.1,2.7,319,30,8.6,16.5,3.0,317,30,8.6,16.5,3.0,317,30,236,28.33,-0.5,0,0,0,43.2,46.0,48.7,0.26,0.16,0.15
ANDE,2019-11-08 15:35:00 EST,42.18227,-74.80139,1700,24.4,24.2,14.1,63.1,13.6,0.000,0.022,0.00,0.000,9.0,17.2,3.1,332,25,10.3,18.7,3.3,331,23,10.3,18.7,3.3,331,23,240,28.33,-0.5,0,0,0,43.2,46.0,48.7,0.26,0.16,0.15
ANDE,2019-11-08 15:40:00 EST,42.18227,-74.80139,1700,24.3,24.1,16.5,63.2,13.6,0.000,0.022,0.00,0.000,5.7,11.4,2.6,311,32,6.7,13.6,2.6,313,35,6.7,13.6,2.6,313,35,166,28.33,-0.5,0,0,0,43.2,46.0,48.7,0.26,0.16,0.15
ANDE,2019-11-08 15:45:00 EST,42.18227,-74.80139,1700,24.1,23.9,16.3,64.4,13.8,0.000,0.022,0.00,0.000,6.1,11.5,2.9,312,20,6.6,14.1,2.9,313,19,6.6,14.1,2.9,313,19,69,28.34,-0.3,0,0,0,43.2,46.0,48.7,0.26,0.16,0.15
ANDE,2019-11-08 15:50:00 EST,42.18227,-74.80139,1700,23.5,23.3,14.6,68.0,14.5,0.000,0.022,0.00,0.000,7.0,12.5,2.6,327,19,7.9,13.2,2.7,327,20,7.9,13.2,2.7,327,20,52,28.34,-0.3,0,0,0,43.2,46.0,48.7,0.26,0.16,0.15
ANDE,2019-11-08 15:55:00 EST,42.18227,-74.80139,1700,22.9,22.8,13.9,73.7,15.8,0.000,0.022,0.00,0.000,6.9,12.2,2.0,346,18,7.9,14.3,2.4,345,15,7.9,14.3,2.4,345,15,39,28.34,-0.3,0,0,0,43.2,46.0,48.6,0.26,0.15,0.15
ANDE,2019-11-08 16:00:00 EST,42.18227,-74.80139,1700,22.8,22.7,15.0,75.4,16.2,0.000,0.022,0.00,0.000,5.5,11.3,1.8,324,22,6.2,13.9,2.1,325,22,6.2,13.9,2.1,325,22,55,28.34,-0.3,0,0,0,43.2,46.0,48.6,0.26,0.16,0.15
ANDE,2019-11-08 16:05:00 EST,42.18227,-74.80139,1700,22.9,22.7,16.1,75.6,16.3,0.000,0.022,0.00,0.000,4.7,11.4,2.4,309,23,5.2,12.4,2.3,308,24,5.2,12.4,2.3,308,24,38,28.35,-0.4,0,0,0,43.2,46.0,48.7,0.26,0.16,0.15
ANDE,2019-11-08 16:10:00 EST,42.18227,-74.80139,1700,22.3,22.2,14.1,78.0,16.5,0.000,0.022,0.00,0.000,5.7,14.8,2.9,296,22,6.6,15.2,2.9,297,21,6.6,15.2,2.9,297,21,17,28.35,-0.4,0,0,0,43.2,46.0,48.6,0.26,0.16,0.15
ANDE,2019-11-08 16:15:00 EST,42.18227,-74.80139,1700,22.1,22.0,15.2,80.8,17.1,0.000,0.022,0.00,0.000,4.4,9.8,2.1,303,28,5.2,11.1,2.1,303,26,5.2,11.1,2.1,303,26,26,28.35,-0.4,0,0,0,43.2,46.0,48.6,0.26,0.16,0.15
ANDE,2019-11-08 16:20:00 EST,42.18227,-74.80139,1700,22.2,22.1,15.2,80.4,17.1,0.000,0.022,0.00,0.000,4.7,9.6,1.8,292,23,5.3,11.0,1.9,289,20,5.3,11.0,1.9,289,20,37,28.35,-0.4,0,0,0,43.2,46.0,48.6,0.26,0.16,0.15
ANDE,2019-11-08 16:25:00 EST,42.18227,-74.80139,1700,22.1,22.1,17.0,80.4,17.0,0.000,0.022,0.00,0.000,3.1,8.1,1.4,289,22,3.7,8.5,1.5,289,22,3.7,8.5,1.5,289,22,26,28.35,-0.4,0,0,0,43.2,46.0,48.6,0.26,0.16,0.15
ANDE,2019-11-08 16:30:00 EST,42.18227,-74.80139,1700,22.3,22.2,16.1,78.1,16.5,0.000,0.022,0.00,0.000,4.1,9.1,1.6,304,25,4.6,10.5,1.7,303,26,4.6,10.5,1.7,303,26,32,28.35,-0.4,0,0,0,43.2,46.0,48.6,0.26,0.15,0.15
ANDE,2019-11-08 16:35:00 EST,42.18227,-74.80139,1700,22.5,22.4,14.5,75.4,15.9,0.000,0.022,0.00,0.000,5.9,12.4,2.4,308,27,6.5,12.6,2.4,308,25,6.5,12.6,2.4,308,25,34,28.35,-0.4,0,0,0,43.2,46.0,48.6,0.26,0.15,0.15
ANDE,2019-11-08 16:40:00 EST,42.18227,-74.80139,1700,22.3,22.2,13.5,75.8,15.8,0.000,0.022,0.00,0.000,6.5,11.5,2.2,331,21,7.4,12.8,2.2,333,19,7.4,12.8,2.2,333,19,19,28.35,-0.5,0,0,0,43.2,46.0,48.6,0.26,0.16,0.15
ANDE,2019-11-08 16:45:00 EST,42.18227,-74.80139,1700,22.2,22.2,17.4,76.4,15.9,0.000,0.022,0.00,0.000,2.9,5.8,1.3,337,27,3.5,6.5,1.2,338,25,3.5,6.5,1.2,338,25,9,28.35,-0.5,0,0,0,43.2,46.0,48.6,0.26,0.15,0.15
ANDE,2019-11-08 16:50:00 EST,42.18227,-74.80139,1700,22.2,22.1,15.1,76.2,15.8,0.000,0.022,0.00,0.000,4.5,7.7,1.5,350,20,5.4,8.5,1.8,349,16,5.4,8.5,1.8,349,16,4,28.35,-0.5,0,0,0,43.2,46.0,48.6,0.26,0.16,0.15
ANDE,2019-11-08 16:55:00 EST,42.18227,-74.80139,1700,22.1,22.1,16.5,77.0,16.0,0.000,0.022,0.00,0.000,3.5,6.3,1.5,336,27,4.2,7.9,1.6,336,26,4.2,7.9,1.6,336,26,2,28.36,-0.5,0,0,0,43.2,46.0,48.6,0.26,0.16,0.15
ANDE,2019-11-08 17:00:00 EST,42.18227,-74.80139,1700,22.1,22.1,17.9,76.7,15.9,0.000,0.022,0.00,0.000,2.8,6.0,1.2,300,25,3.2,6.3,1.3,300,25,3.2,6.3,1.3,300,25,1,28.36,-0.5,0,0,0,43.2,46.0,48.6,0.26,0.16,0.15
ANDE,2019-11-08 17:05:00 EST,42.18227,-74.80139,1700,22.1,22.1,14.8,75.2,15.4,0.000,0.022,0.00,0.000,5.0,10.0,1.8,303,25,5.6,10.6,1.9,302,25,5.6,10.6,1.9,302,25,0,28.36,-0.5,0,0,0,43.2,46.0,48.6,0.26,0.16,0.15
ANDE,2019-11-08 17:10:00 EST,42.18227,-74.80139,1700,21.9,21.9,15.9,74.9,15.2,0.000,0.022,0.00,0.000,3.9,8.6,1.5,323,24,4.5,10.9,1.8,322,24,4.5,10.9,1.8,322,24,0,28.37,-0.6,0,0,0,43.2,46.0,48.6,0.26,0.16,0.15
ANDE,2019-11-08 17:15:00 EST,42.18227,-74.80139,1700,21.6,21.8,21.6,75.6,15.1,0.000,0.022,0.00,0.000,2.5,5.9,1.2,334,27,3.0,5.9,1.1,332,27,3.0,5.9,1.1,332,27,0,28.37,-0.6,0,0,0,43.2,46.0,48.6,0.26,0.15,0.15
ANDE,2019-11-08 17:20:00 EST,42.18227,-74.80139,1700,21.6,21.7,17.5,75.8,15.1,0.000,0.022,0.00,0.000,2.4,4.6,1.1,327,27,3.0,6.0,1.2,326,28,3.0,6.0,1.2,326,28,0,28.37,-0.5,0,0,0,43.2,46.0,48.6,0.26,0.16,0.15
ANDE,2019-11-08 17:25:00 EST,42.18227,-74.80139,1700,21.5,21.6,14.2,74.9,14.8,0.000,0.022,0.00,0.000,4.4,11.4,2.3,345,25,5.5,13.4,2.6,343,24,5.5,13.4,2.6,343,24,0,28.37,-0.5,0,0,0,43.2,46.0,48.6,0.26,0.16,0.15
ANDE,2019-11-08 17:30:00 EST,42.18227,-74.80139,1700,21.5,21.5,13.0,72.7,14.1,0.000,0.022,0.00,0.000,5.8,10.7,2.0,335,20,6.8,12.0,2.2,338,18,6.8,12.0,2.2,338,18,0,28.37,-0.6,0,0,0,43.2,46.0,48.6,0.26,0.16,0.15
ANDE,2019-11-08 17:35:00 EST,42.18227,-74.80139,1700,21.3,21.4,13.6,72.2,13.7,0.000,0.022,0.00,0.000,5.1,9.4,1.7,336,24,5.9,11.1,1.9,336,22,5.9,11.1,1.9,336,22,0,28.37,-0.5,0,0,0,43.1,46.0,48.6,0.26,0.16,0.15
ANDE,2019-11-08 17:40:00 EST,42.18227,-74.80139,1700,21.2,21.3,13.4,71.8,13.5,0.000,0.022,0.00,0.000,5.3,9.9,1.7,324,22,5.9,10.4,1.8,324,21,5.9,10.4,1.8,324,21,0,28.37,-0.5,0,0,0,43.2,46.0,48.6,0.26,0.15,0.15
ANDE,2019-11-08 17:45:00 EST,42.18227,-74.80139,1700,20.9,21.1,13.5,71.6,13.2,0.000,0.022,0.00,0.000,5.0,9.8,1.8,320,24,5.6,10.8,2.0,322,21,5.6,10.8,2.0,322,21,0,28.37,-0.5,0,0,0,43.1,46.0,48.6,0.26,0.16,0.15
ANDE,2019-11-08 17:50:00 EST,42.18227,-74.80139,1700,20.8,21.0,14.1,71.7,13.1,0.000,0.022,0.00,0.000,4.2,7.8,1.5,328,26,4.9,9.1,1.8,327,23,4.9,9.1,1.8,327,23,0,28.38,-0.6,0,0,0,43.1,46.0,48.6,0.26,0.16,0.15
ANDE,2019-11-08 17:55:00 EST,42.18227,-74.80139,1700,20.6,20.8,16.1,72.3,13.1,0.000,0.022,0.00,0.000,2.5,6.4,1.5,316,29,3.2,7.7,1.8,319,28,3.2,7.7,1.8,319,28,0,28.38,-0.5,0,0,0,43.0,46.0,48.6,0.26,0.16,0.15
ANDE,2019-11-08 18:00:00 EST,42.18227,-74.80139,1700,20.5,20.7,15.0,72.7,13.2,0.000,0.022,0.00,0.000,3.4,7.2,1.2,330,26,3.9,9.2,1.3,331,25,3.9,9.2,1.3,331,25,0,28.38,-0.5,0,0,0,43.1,46.0,48.6,0.26,0.15,0.15
ANDE,2019-11-08 18:05:00 EST,42.18227,-74.80139,1700,20.4,20.6,15.4,72.7,13.0,0.000,0.022,0.00,0.000,2.6,5.3,1.3,347,29,3.5,6.8,1.4,343,28,3.5,6.8,1.4,343,28,0,28.38,-0.6,0,0,0,43.0,46.0,48.6,0.26,0.16,0.15
ANDE,2019-11-08 18:10:00 EST,42.18227,-74.80139,1700,20.3,20.5,15.4,73.3,13.2,0.000,0.022,0.00,0.000,2.8,7.0,1.3,335,39,3.5,7.7,1.4,337,38,3.5,7.7,1.4,337,38,0,28.39,-0.5,0,0,0,43.0,46.0,48.6,0.26,0.16,0.15
ANDE,2019-11-08 18:15:00 EST,42.18227,-74.80139,1700,20.5,20.7,14.8,72.5,13.0,0.000,0.022,0.00,0.000,3.4,6.4,1.3,348,23,3.9,8.5,1.5,348,23,3.9,8.5,1.5,348,23,0,28.39,-0.6,0,0,0,43.0,46.0,48.6,0.26,0.16,0.15
ANDE,2019-11-08 18:20:00 EST,42.18227,-74.80139,1700,20.2,20.5,14.7,72.8,12.9,0.000,0.022,0.00,0.000,3.2,6.0,1.2,0,26,3.8,9.1,1.5,1,24,3.8,9.1,1.5,1,24,0,28.39,-0.5,0,0,0,43.0,46.0,48.6,0.26,0.15,0.15
ANDE,2019-11-08 18:25:00 EST,42.18227,-74.80139,1700,20.4,20.5,14.3,73.0,13.1,0.000,0.022,0.00,0.000,3.8,6.9,1.4,316,23,4.3,8.5,1.5,316,23,4.3,8.5,1.5,316,23,0,28.39,-0.5,0,0,0,43.0,46.0,48.6,0.26,0.15,0.15
ANDE,2019-11-08 18:30:00 EST,42.18227,-74.80139,1700,20.0,20.4,20.0,73.9,13.1,0.000,0.022,0.00,0.000,1.7,3.4,0.7,342,25,2.2,4.1,0.9,339,25,2.2,4.1,0.9,339,25,0,28.40,-0.5,0,0,0,43.0,46.0,48.6,0.26,0.16,0.15
ANDE,2019-11-08 18:35:00 EST,42.18227,-74.80139,1700,19.8,20.2,19.8,75.6,13.4,0.000,0.022,0.00,0.000,2.4,4.7,1.1,338,18,3.0,6.4,1.1,337,22,3.0,6.4,1.1,337,22,0,28.40,-0.5,0,0,0,43.0,46.0,48.6,0.26,0.16,0.15
ANDE,2019-11-08 18:40:00 EST,42.18227,-74.80139,1700,19.8,20.1,14.3,75.8,13.4,0.000,0.022,0.00,0.000,2.9,6.5,1.4,327,30,3.8,7.3,1.6,326,30,3.8,7.3,1.6,326,30,0,28.40,-0.5,0,0,0,43.0,46.0,48.6,0.26,0.15,0.15
ANDE,2019-11-08 18:45:00 EST,42.18227,-74.80139,1700,19.7,20.0,14.9,76.8,13.6,0.000,0.022,0.00,0.000,2.6,5.4,1.1,339,27,3.3,7.8,1.4,338,24,3.3,7.8,1.4,338,24,0,28.40,-0.5,0,0,0,43.0,45.9,48.6,0.26,0.16,0.15
ANDE,2019-11-08 18:50:00 EST,42.18227,-74.80139,1700,19.7,20.0,14.4,77.3,13.8,0.000,0.022,0.00,0.000,3.2,7.7,1.5,335,32,3.7,7.6,1.4,338,30,3.7,7.6,1.4,338,30,0,28.40,-0.5,0,0,0,43.0,45.9,48.6,0.26,0.16,0.15
ANDE,2019-11-08 18:55:00 EST,42.18227,-74.80139,1700,19.8,20.0,12.3,77.4,13.8,0.000,0.022,0.00,0.000,4.4,10.2,2.2,339,29,5.4,11.8,2.6,339,26,5.4,11.8,2.6,339,26,0,28.40,-0.5,0,0,0,43.0,45.9,48.6,0.26,0.15,0.15
ANDE,2019-11-08 19:00:00 EST,42.18227,-74.80139,1700,19.8,20.1,13.4,77.8,14.0,0.000,0.022,0.00,0.000,3.6,5.8,1.2,354,28,4.4,7.6,1.3,352,24,4.4,7.6,1.3,352,24,0,28.40,-0.4,0,0,0,43.0,45.9,48.6,0.26,0.15,0.15
ANDE,2019-11-08 19:05:00 EST,42.18227,-74.80139,1700,19.9,20.1,13.4,78.5,14.3,0.000,0.022,0.00,0.000,3.7,8.6,1.9,349,31,4.5,10.2,2.2,347,27,4.5,10.2,2.2,347,27,0,28.40,-0.4,0,0,0,43.0,45.9,48.6,0.26,0.15,0.15
ANDE,2019-11-08 19:10:00 EST,42.18227,-74.80139,1700,19.8,20.1,19.8,79.1,14.4,0.000,0.022,0.00,0.000,1.9,7.6,1.8,335,33,2.6,9.4,2.1,337,30,2.6,9.4,2.1,337,30,0,28.41,-0.5,0,0,0,43.0,45.9,48.6,0.26,0.15,0.15
ANDE,2019-11-08 19:15:00 EST,42.18227,-74.80139,1700,19.6,20.0,14.3,79.4,14.3,0.000,0.022,0.00,0.000,2.9,6.4,1.2,6,24,3.6,7.8,1.5,5,22,3.6,7.8,1.5,5,22,0,28.41,-0.4,0,0,0,43.0,45.9,48.6,0.26,0.16,0.15
ANDE,2019-11-08 19:20:00 EST,42.18227,-74.80139,1700,19.8,20.0,14.0,79.5,14.5,0.000,0.022,0.00,0.000,3.3,6.5,1.3,5,20,4.0,9.5,1.7,2,17,4.0,9.5,1.7,2,17,0,28.41,-0.5,0,0,0,43.0,45.9,48.6,0.26,0.15,0.15
ANDE,2019-11-08 19:25:00 EST,42.18227,-74.80139,1700,19.6,19.9,15.0,79.6,14.3,0.000,0.022,0.00,0.000,2.8,6.2,1.6,342,23,3.2,7.8,1.8,341,22,3.2,7.8,1.8,341,22,0,28.41,-0.4,0,0,0,43.0,45.9,48.6,0.26,0.15,0.15
ANDE,2019-11-08 19:30:00 EST,42.18227,-74.80139,1700,19.5,19.7,19.5,80.6,14.5,0.000,0.022,0.00,0.000,2.0,4.7,1.2,321,26,2.3,5.6,1.2,321,26,2.3,5.6,1.2,321,26,0,28.41,-0.5,0,0,0,43.0,45.9,48.6,0.26,0.15,0.15
ANDE,2019-11-08 19:35:00 EST,42.18227,-74.80139,1700,19.3,19.6,19.3,81.0,14.4,0.000,0.022,0.00,0.000,2.5,7.5,1.6,307,29,2.9,6.6,1.5,307,28,2.9,6.6,1.5,307,28,0,28.41,-0.4,0,0,0,43.0,45.9,48.6,0.26,0.15,0.15
ANDE,2019-11-08 19:40:00 EST,42.18227,-74.80139,1700,19.0,19.4,19.0,82.5,14.5,0.000,0.022,0.00,0.000,2.3,4.2,0.9,303,18,2.7,5.0,1.0,302,17,2.7,5.0,1.0,302,17,0,28.41,-0.5,0,0,0,43.0,45.9,48.6,0.26,0.16,0.15
ANDE,2019-11-08 19:45:00 EST,42.18227,-74.80139,1700,18.9,19.3,18.9,83.2,14.6,0.000,0.022,0.00,0.000,2.3,4.2,0.7,309,19,2.5,4.8,0.9,307,16,2.5,4.8,0.9,307,16,0,28.41,-0.4,0,0,0,43.0,45.9,48.6,0.26,0.15,0.15
ANDE,2019-11-08 19:50:00 EST,42.18227,-74.80139,1700,18.9,19.3,13.8,83.7,14.8,0.000,0.022,0.00,0.000,3.0,7.7,1.9,312,19,3.4,8.2,1.8,311,19,3.4,8.2,1.8,311,19,0,28.41,-0.4,0,0,0,42.9,45.9,48.5,0.26,0.15,0.15
ANDE,2019-11-08 19:55:00 EST,42.18227,-74.80139,1700,19.2,19.6,12.9,82.7,14.8,0.000,0.022,0.00,0.000,3.7,7.8,1.6,308,21,4.3,9.0,1.7,305,21,4.3,9.0,1.7,305,21,0,28.41,-0.4,0,0,0,42.9,45.9,48.5,0.26,0.16,0.15
ANDE,2019-11-08 20:00:00 EST,42.18227,-74.80139,1700,19.2,19.6,14.2,81.8,14.6,0.000,0.022,0.00,0.000,2.9,5.7,1.1,317,26,3.4,6.7,1.1,316,26,3.4,6.7,1.1,316,26,0,28.41,-0.4,0,0,0,42.8,45.9,48.6,0.26,0.15,0.15
ANDE,2019-11-08 20:05:00 EST,42.18227,-74.80139,1700,19.5,19.6,13.8,81.4,14.7,0.000,0.022,0.00,0.000,3.3,6.0,1.2,336,27,3.9,7.0,1.3,336,26,3.9,7.0,1.3,336,26,0,28.41,-0.4,0,0,0,42.8,45.9,48.5,0.26,0.15,0.15
ANDE,2019-11-08 20:10:00 EST,42.18227,-74.80139,1700,19.3,19.6,13.9,81.0,14.4,0.000,0.022,0.00,0.000,3.2,7.7,1.5,354,26,3.7,9.7,1.9,352,21,3.7,9.7,1.9,352,21,0,28.41,-0.5,0,0,0,42.8,45.9,48.4,0.26,0.15,0.15
ANDE,2019-11-08 20:15:00 EST,42.18227,-74.80139,1700,19.2,19.4,14.4,81.2,14.4,0.000,0.022,0.00,0.000,2.7,5.8,1.1,1,32,3.2,7.4,1.4,2,29,3.2,7.4,1.4,2,29,0,28.41,-0.3,0,0,0,42.8,45.9,48.5,0.26,0.15,0.15
ANDE,2019-11-08 20:20:00 EST,42.18227,-74.80139,1700,19.0,19.4,14.3,81.5,14.3,0.000,0.022,0.00,0.000,2.6,4.8,0.8,24,27,3.2,5.4,0.9,21,27,3.2,5.4,0.9,21,27,0,28.41,-0.4,0,0,0,42.8,45.9,48.5,0.26,0.15,0.15
ANDE,2019-11-08 20:25:00 EST,42.18227,-74.80139,1700,19.0,19.4,19.0,82.4,14.6,0.000,0.022,0.00,0.000,2.2,4.5,0.8,19,21,2.8,5.4,0.9,15,22,2.8,5.4,0.9,15,22,0,28.41,-0.4,0,0,0,42.8,45.9,48.4,0.26,0.15,0.15
ANDE,2019-11-08 20:30:00 EST,42.18227,-74.80139,1700,19.5,19.6,14.5,81.8,14.8,0.000,0.022,0.00,0.000,3.0,6.9,1.1,18,28,3.4,7.9,1.3,15,26,3.4,7.9,1.3,15,26,0,28.41,-0.4,0,0,0,42.8,45.9,48.4,0.26,0.15,0.15
ANDE,2019-11-08 20:35:00 EST,42.18227,-74.80139,1700,19.7,19.7,14.4,81.7,15.0,0.000,0.022,0.00,0.000,2.9,5.2,1.2,352,28,3.6,7.0,1.4,351,25,3.6,7.0,1.4,351,25,0,28.42,-0.3,0,0,0,42.8,45.9,48.4,0.26,0.15,0.15
ANDE,2019-11-08 20:40:00 EST,42.18227,-74.80139,1700,19.8,19.9,14.4,81.7,15.1,0.000,0.022,0.00,0.000,3.1,5.9,1.2,344,24,3.7,7.8,1.4,347,19,3.7,7.8,1.4,347,19,0,28.42,-0.4,0,0,0,42.8,45.9,48.5,0.26,0.16,0.15
ANDE,2019-11-08 20:45:00 EST,42.18227,-74.80139,1700,19.9,20.0,19.9,81.9,15.3,0.000,0.022,0.00,0.000,2.1,5.8,1.4,318,28,2.6,6.7,1.6,322,29,2.6,6.7,1.6,322,29,0,28.42,-0.4,0,0,0,42.8,45.9,48.4,0.26,0.15,0.15
ANDE,2019-11-08 20:50:00 EST,42.18227,-74.80139,1700,20.1,20.1,13.4,82.1,15.6,0.000,0.022,0.00,0.000,4.1,7.2,1.6,328,27,4.7,8.2,1.6,327,26,4.7,8.2,1.6,327,26,0,28.42,-0.3,0,0,0,42.8,45.9,48.4,0.26,0.15,0.15
ANDE,2019-11-08 20:55:00 EST,42.18227,-74.80139,1700,20.2,20.2,15.3,81.8,15.5,0.000,0.022,0.00,0.000,2.7,6.8,1.7,319,32,3.4,6.9,1.7,317,32,3.4,6.9,1.7,317,32,0,28.42,-0.3,0,0,0,42.8,45.9,48.4,0.26,0.15,0.15
ANDE,2019-11-08 21:00:00 EST,42.18227,-74.80139,1700,20.3,20.3,13.1,81.1,15.5,0.000,0.022,0.00,0.000,4.6,9.0,1.9,330,25,5.2,10.9,2.1,328,23,5.2,10.9,2.1,328,23,0,28.42,-0.4,0,0,0,42.8,45.9,48.4,0.26,0.15,0.15
ANDE,2019-11-08 21:05:00 EST,42.18227,-74.80139,1700,20.3,20.3,13.7,80.6,15.3,0.000,0.022,0.00,0.000,4.2,6.5,1.1,333,19,4.7,8.0,1.3,333,19,4.7,8.0,1.3,333,19,0,28.42,-0.4,0,0,0,42.8,45.9,48.4,0.26,0.16,0.15
ANDE,2019-11-08 21:10:00 EST,42.18227,-74.80139,1700,20.4,20.3,14.3,80.7,15.4,0.000,0.022,0.00,0.000,3.6,7.8,1.6,333,26,4.2,8.3,1.4,335,25,4.2,8.3,1.4,335,25,0,28.42,-0.4,0,0,0,42.8,45.9,48.4,0.26,0.15,0.15
ANDE,2019-11-08 21:15:00 EST,42.18227,-74.80139,1700,20.3,20.2,20.3,81.3,15.5,0.000,0.022,0.00,0.000,0.7,2.2,0.5,323,41,1.4,3.2,0.7,335,45,1.4,3.2,0.7,335,45,0,28.42,-0.4,0,0,0,42.8,45.9,48.4,0.26,0.15,0.15
ANDE,2019-11-08 21:20:00 EST,42.18227,-74.80139,1700,20.3,20.2,20.3,81.5,15.5,0.000,0.022,0.00,0.000,2.2,6.8,1.6,327,29,2.8,8.4,1.6,326,30,2.8,8.4,1.6,326,30,0,28.43,-0.4,0,0,0,42.7,45.9,48.4,0.26,0.15,0.15
ANDE,2019-11-08 21:25:00 EST,42.18227,-74.80139,1700,20.2,20.2,15.3,81.8,15.6,0.000,0.022,0.00,0.000,2.9,6.0,1.2,346,21,3.5,7.0,1.5,346,20,3.5,7.0,1.5,346,20,0,28.43,-0.4,0,0,0,42.6,45.9,48.4,0.26,0.16,0.15
ANDE,2019-11-08 21:30:00 EST,42.18227,-74.80139,1700,20.1,20.2,15.7,82.1,15.6,0.000,0.022,0.00,0.000,2.5,5.1,1.2,328,28,3.1,6.9,1.3,328,27,3.1,6.9,1.3,328,27,0,28.43,-0.3,0,0,0,42.6,45.9,48.4,0.26,0.15,0.15
ANDE,2019-11-08 21:35:00 EST,42.18227,-74.80139,1700,20.1,20.1,15.7,82.6,15.6,0.000,0.022,0.00,0.000,2.5,5.3,1.1,329,26,3.1,7.1,1.4,329,28,3.1,7.1,1.4,329,28,0,28.43,-0.3,0,0,0,42.6,45.9,48.4,0.26,0.15,0.15
ANDE,2019-11-08 21:40:00 EST,42.18227,-74.80139,1700,20.0,20.0,14.7,82.0,15.4,0.000,0.022,0.00,0.000,3.2,8.0,1.4,326,25,3.7,8.0,1.3,325,23,3.7,8.0,1.3,325,23,0,28.43,-0.4,0,0,0,42.6,45.9,48.4,0.26,0.15,0.15
ANDE,2019-11-08 21:45:00 EST,42.18227,-74.80139,1700,19.9,20.0,19.9,82.7,15.5,0.000,0.022,0.00,0.000,2.0,3.7,1.1,314,22,2.4,4.4,1.1,317,26,2.4,4.4,1.1,317,26,0,28.43,-0.3,0,0,0,42.6,45.9,48.4,0.26,0.16,0.15
ANDE,2019-11-08 21:50:00 EST,42.18227,-74.80139,1700,19.7,19.9,19.7,83.3,15.5,0.000,0.022,0.00,0.000,1.8,3.9,1.0,317,28,2.2,4.8,0.9,314,31,2.2,4.8,0.9,314,31,0,28.43,-0.4,0,0,0,42.6,45.9,48.4,0.26,0.15,0.15
ANDE,2019-11-08 21:55:00 EST,42.18227,-74.80139,1700,19.5,19.7,19.5,83.1,15.2,0.000,0.022,0.00,0.000,1.6,4.9,1.3,318,34,2.3,6.4,1.4,313,41,2.3,6.4,1.4,313,41,0,28.43,-0.4,0,0,0,42.6,45.9,48.4,0.26,0.15,0.15
ANDE,2019-11-08 22:00:00 EST,42.18227,-74.80139,1700,19.1,19.5,19.1,84.1,15.1,0.000,0.022,0.00,0.000,1.4,3.7,0.9,322,31,1.8,4.3,0.9,320,35,1.8,4.3,0.9,320,35,0,28.43,-0.4,0,0,0,42.6,45.9,48.4,0.26,0.15,0.15
ANDE,2019-11-08 22:05:00 EST,42.18227,-74.80139,1700,19.1,19.3,19.1,85.7,15.5,0.000,0.022,0.00,0.000,0.7,2.1,0.6,313,27,1.3,3.0,0.7,312,30,1.3,3.0,0.7,312,30,0,28.43,-0.3,0,0,0,42.6,45.9,48.4,0.26,0.15,0.15
ANDE,2019-11-08 22:10:00 EST,42.18227,-74.80139,1700,18.7,19.1,18.7,86.0,15.2,0.000,0.022,0.00,0.000,0.8,3.5,0.7,29,40,1.3,4.2,0.9,22,36,1.3,4.2,0.9,22,36,0,28.43,-0.4,0,0,0,42.6,45.9,48.4,0.26,0.15,0.15
ANDE,2019-11-08 22:15:00 EST,42.18227,-74.80139,1700,18.5,18.9,18.5,85.4,14.9,0.000,0.022,0.00,0.000,1.2,4.9,1.1,346,28,1.4,6.3,1.3,354,31,1.4,6.3,1.3,354,31,0,28.43,-0.5,0,0,0,42.6,45.9,48.4,0.26,0.15,0.15
ANDE,2019-11-08 22:20:00 EST,42.18227,-74.80139,1700,18.0,18.8,18.0,85.2,14.3,0.000,0.022,0.00,0.000,0.9,2.0,0.4,29,21,1.3,2.3,0.5,24,23,1.3,2.3,0.5,24,23,0,28.43,-0.4,0,0,0,42.6,45.8,48.4,0.26,0.15,0.15
ANDE,2019-11-08 22:25:00 EST,42.18227,-74.80139,1700,18.1,18.8,18.1,85.7,14.5,0.000,0.022,0.00,0.000,1.9,3.4,0.7,29,15,2.3,4.5,0.9,26,14,2.3,4.5,0.9,26,14,0,28.43,-0.5,0,0,0,42.6,45.8,48.4,0.26,0.15,0.15
ANDE,2019-11-08 22:30:00 EST,42.18227,-74.80139,1700,17.2,18.7,17.2,84.7,13.4,0.000,0.022,0.00,0.000,1.4,2.5,0.5,40,20,1.7,3.1,0.6,35,18,1.7,3.1,0.6,35,18,0,28.43,-0.3,0,0,0,42.6,45.8,48.4,0.26,0.15,0.15
ANDE,2019-11-08 22:35:00 EST,42.18227,-74.80139,1700,17.3,18.6,17.3,86.4,13.9,0.000,0.022,0.00,0.000,1.6,2.8,0.4,39,17,1.8,3.9,0.6,35,16,1.8,3.9,0.6,35,16,0,28.43,-0.4,0,0,0,42.6,45.7,48.4,0.26,0.15,0.15
ANDE,2019-11-08 22:40:00 EST,42.18227,-74.80139,1700,17.4,18.4,17.4,86.4,14.1,0.000,0.022,0.00,0.000,0.8,1.7,0.4,25,9,1.2,2.3,0.5,24,12,1.2,2.3,0.5,24,12,0,28.43,-0.4,0,0,0,42.6,45.8,48.4,0.26,0.15,0.15
ANDE,2019-11-08 22:45:00 EST,42.18227,-74.80139,1700,17.2,18.2,17.2,86.0,13.7,0.000,0.022,0.00,0.000,0.9,1.7,0.3,33,6,1.1,1.6,0.3,31,8,1.1,1.6,0.3,31,8,0,28.43,-0.5,0,0,0,42.5,45.7,48.4,0.26,0.15,0.15
ANDE,2019-11-08 22:50:00 EST,42.18227,-74.80139,1700,16.8,18.2,16.8,85.7,13.3,0.000,0.022,0.00,0.000,0.7,1.8,0.5,35,10,1.0,2.1,0.6,29,12,1.0,2.1,0.6,29,12,0,28.43,-0.3,0,0,0,42.4,45.7,48.4,0.26,0.15,0.15
ANDE,2019-11-08 22:55:00 EST,42.18227,-74.80139,1700,16.7,17.6,16.7,85.9,13.2,0.000,0.022,0.00,0.000,0.0,0.0,0.0,0,0,0.1,1.0,0.3,295,11,0.1,1.0,0.3,295,11,0,28.43,-0.5,0,0,0,42.4,45.7,48.4,0.26,0.15,0.15
ANDE,2019-11-08 23:00:00 EST,42.18227,-74.80139,1700,16.4,17.4,16.4,87.4,13.4,0.000,0.022,0.00,0.000,0.4,1.0,0.3,117,3,0.7,1.4,0.4,120,9,0.7,1.4,0.4,120,9,0,28.44,-0.3,0,0,0,42.4,45.7,48.4,0.26,0.15,0.15
ANDE,2019-11-08 23:05:00 EST,42.18227,-74.80139,1700,16.4,17.4,16.4,87.3,13.3,0.000,0.022,0.00,0.000,0.0,0.0,0.0,0,0,0.3,1.1,0.4,188,48,0.3,1.1,0.4,188,48,0,28.44,-0.4,0,0,0,42.4,45.7,48.4,0.26,0.16,0.15
ANDE,2019-11-08 23:10:00 EST,42.18227,-74.80139,1700,16.2,17.0,16.2,88.5,13.4,0.000,0.022,0.00,0.000,0.0,0.0,0.0,0,0,0.2,1.2,0.4,359,15,0.2,1.2,0.4,359,15,0,28.44,-0.4,0,0,0,42.4,45.7,48.4,0.26,0.16,0.15
ANDE,2019-11-08 23:15:00 EST,42.18227,-74.80139,1700,16.2,17.0,16.2,89.5,13.6,0.000,0.022,0.00,0.000,0.0,0.6,0.1,60,0,0.1,1.0,0.3,51,4,0.1,1.0,0.3,51,4,0,28.44,-0.3,0,0,0,42.4,45.7,48.4,0.26,0.15,0.15
ANDE,2019-11-08 23:20:00 EST,42.18227,-74.80139,1700,16.3,17.2,16.3,89.5,13.8,0.000,0.022,0.00,0.000,0.1,0.7,0.2,60,0,0.2,1.0,0.4,58,3,0.2,1.0,0.4,58,3,0,28.44,-0.3,0,0,0,42.4,45.7,48.4,0.26,0.15,0.15
ANDE,2019-11-08 23:25:00 EST,42.18227,-74.80139,1700,16.6,17.1,16.6,89.9,14.2,0.000,0.022,0.00,0.000,0.0,0.0,0.0,0,0,0.1,0.8,0.2,32,2,0.1,0.8,0.2,32,2,0,28.44,-0.3,0,0,0,42.4,45.7,48.4,0.26,0.15,0.15
ANDE,2019-11-08 23:30:00 EST,42.18227,-74.80139,1700,16.5,17.0,16.5,90.8,14.3,0.000,0.022,0.00,0.000,0.0,0.0,0.0,0,0,0.1,0.8,0.3,14,1,0.1,0.8,0.3,14,1,0,28.44,-0.3,0,0,0,42.4,45.7,48.4,0.26,0.15,0.15
ANDE,2019-11-08 23:35:00 EST,42.18227,-74.80139,1700,17.0,17.2,17.0,91.9,15.0,0.000,0.022,0.00,0.000,0.0,0.0,0.0,0,0,0.1,0.8,0.2,18,1,0.1,0.8,0.2,18,1,0,28.44,-0.2,0,0,0,42.4,45.7,48.4,0.26,0.15,0.15
ANDE,2019-11-08 23:40:00 EST,42.18227,-74.80139,1700,17.2,17.2,17.2,92.4,15.4,0.000,0.022,0.00,0.000,0.1,0.5,0.1,131,0,0.5,1.4,0.6,165,4,0.5,1.4,0.6,165,4,0,28.44,-0.2,0,0,0,42.4,45.7,48.4,0.26,0.15,0.15
ANDE,2019-11-08 23:45:00 EST,42.18227,-74.80139,1700,17.1,17.1,17.1,92.0,15.2,0.000,0.022,0.00,0.000,0.6,0.9,0.2,131,0,1.2,1.5,0.2,151,14,1.2,1.5,0.2,151,14,0,28.44,-0.2,0,0,0,42.4,45.7,48.4,0.26,0.15,0.15
ANDE,2019-11-08 23:50:00 EST,42.18227,-74.80139,1700,17.3,17.3,17.3,90.6,15.0,0.000,0.022,0.00,0.000,1.2,2.0,0.4,141,13,1.4,2.4,0.4,135,14,1.4,2.4,0.4,135,14,0,28.44,-0.2,0,0,0,42.4,45.7,48.4,0.26,0.16,0.15
ANDE,2019-11-08 23:55:00 EST,42.18227,-74.80139,1700,17.5,17.5,17.5,89.5,14.9,0.000,0.022,0.00,0.000,1.2,2.1,0.5,147,14,1.4,2.5,0.5,145,13,1.4,2.5,0.5,145,13,0,28.44,-0.2,0,0,0,42.4,45.7,48.4,0.26,0.15,0.15
BATA,2019-11-08 00:00:00 EST,43.01994,-78.13566,906,27.5,27.2,21.6,95.6,26.4,,,,,5.0,6.7,0.5,295,5,5.2,6.9,0.5,300,6,5.2,6.9,0.5,300,6,0,29.16,-0.4,0,0,0,40.8,45.3,48.6,0.35,0.27,0.26
BATA,2019-11-08 00:05:00 EST,43.01994,-78.13566,906,27.4,27.1,21.1,95.6,26.3,,,,,5.4,6.6,0.5,296,6,5.6,7.2,0.5,301,7,5.6,7.2,0.5,301,7,0,29.16,-0.4,0,0,0,40.8,45.3,48.6,0.35,0.27,0.26
BATA,2019-11-08 00:10:00 EST,43.01994,-78.13566,906,27.5,27.1,21.6,95.7,26.4,,,,,4.8,6.1,0.6,306,7,5.2,6.8,0.6,311,7,5.2,6.8,0.6,311,7,0,29.16,-0.4,0,0,0,40.8,45.3,48.6,0.35,0.27,0.26
BATA,2019-11-08 00:15:00 EST,43.01994,-78.13566,906,27.6,27.1,22.1,95.8,26.6,,,,,4.5,5.8,0.7,306,8,4.8,6.4,0.7,311,7,4.8,6.4,0.7,311,7,0,29.16,-0.4,0,0,0,40.8,45.3,48.6,0.35,0.27,0.26
BATA,2019-11-08 00:20:00 EST,43.01994,-78.13566,906,27.7,27.2,22.3,96.0,26.7,,,,,4.5,6.9,0.8,296,7,4.7,7.0,0.9,300,7,4.7,7.0,0.9,300,7,0,29.16,-0.4,0,0,0,40.8,45.3,48.6,0.35,0.27,0.26
BATA,2019-11-08 00:25:00 EST,43.01994,-78.13566,906,27.8,27.2,21.4,96.1,26.8,,,,,5.5,6.9,0.7,296,6,5.7,7.2,0.7,301,6,5.7,7.2,0.7,301,6,0,29.16,-0.4,0,0,0,40.8,45.3,48.6,0.35,0.27,0.26
BATA,2019-11-08 00:30:00 EST,43.01994,-78.13566,906,27.8,27.2,21.3,96.1,26.8,,,,,5.7,8.0,0.9,299,6,5.9,8.1,0.9,303,6,5.9,8.1,0.9,303,6,0,29.17,-0.4,0,0,0,40.8,45.3,48.6,0.35,0.27,0.26
BATA,2019-11-08 00:35:00 EST,43.01994,-78.13566,906,27.8,27.3,21.3,96.1,26.8,,,,,5.8,7.5,0.7,296,7,6.0,7.6,0.7,300,7,6.0,7.6,0.7,300,7,0,29.17,-0.4,0,0,0,40.8,45.2,48.6,0.35,0.27,0.26
BATA,2019-11-08 00:40:00 EST,43.01994,-78.13566,906,27.8,27.2,22.0,96.0,26.8,,,,,4.8,6.6,0.7,298,10,5.1,6.7,0.8,302,10,5.1,6.7,0.8,302,10,0,29.17,-0.4,0,0,0,40.8,45.2,48.6,0.35,0.27,0.26
BATA,2019-11-08 00:45:00 EST,43.01994,-78.13566,906,27.8,27.3,21.9,95.9,26.8,,,,,5.0,6.4,0.7,291,6,5.2,6.5,0.7,295,6,5.2,6.5,0.7,295,6,0,29.17,-0.4,0,0,0,40.8,45.1,48.6,0.35,0.27,0.26
BATA,2019-11-08 00:50:00 EST,43.01994,-78.13566,906,27.7,27.2,21.6,95.7,26.7,,,,,5.3,6.4,0.6,293,8,5.5,6.6,0.6,297,8,5.5,6.6,0.6,297,8,0,29.17,-0.4,0,0,0,40.8,45.1,48.6,0.35,0.27,0.26
BATA,2019-11-08 00:55:00 EST,43.01994,-78.13566,906,27.7,27.1,21.7,95.6,26.6,,,,,5.1,6.1,0.5,289,5,5.3,6.4,0.6,293,5,5.3,6.4,0.6,293,5,0,29.17,-0.3,0,0,0,40.8,45.1,48.6,0.35,0.27,0.26
BATA,2019-11-08 01:00:00 EST,43.01994,-78.13566,906,27.6,27.1,20.3,95.5,26.5,,,,,6.5,8.1,0.7,281,6,6.9,8.5,0.7,285,6,6.9,8.5,0.7,285,6,0,29.17,-0.4,0,0,0,40.8,45.1,48.6,0.35,0.27,0.26
BATA,2019-11-08 01:05:00 EST,43.01994,-78.13566,906,27.5,27.0,20.7,95.2,26.3,,,,,6.0,8.1,0.7,282,6,6.3,8.5,0.7,286,6,6.3,8.5,0.7,286,6,0,29.17,-0.4,0,0,0,40.8,45.1,48.6,0.35,0.27,0.26
BATA,2019-11-08 01:10:00 EST,43.01994,-78.13566,906,27.6,27.1,19.6,94.9,26.3,,,,,7.5,9.9,0.9,280,6,7.8,10.2,0.9,284,5,7.8,10.2,0.9,284,5,0,29.17,-0.4,0,0,0,40.8,45.1,48.6,0.35,0.27,0.26
BATA,2019-11-08 01:15:00 EST,43.01994,-78.13566,906,27.6,27.0,19.4,94.5,26.2,,,,,7.8,9.8,1.1,272,7,8.2,10.3,1.1,276,6,8.2,10.3,1.1,276,6,0,29.17,-0.3,0,0,0,40.8,45.1,48.6,0.35,0.27,0.26
BATA,2019-11-08 01:20:00 EST,43.01994,-78.13566,906,27.5,26.9,19.2,94.3,26.1,,,,,7.8,9.8,0.9,279,9,8.3,11.8,0.9,282,8,8.3,11.8,0.9,282,8,0,29.17,-0.4,0,0,0,40.8,45.1,48.6,0.35,0.27,0.26
BATA,2019-11-08 01:25:00 EST,43.01994,-78.13566,906,27.5,26.9,18.7,94.4,26.1,,,,,8.7,11.2,1.0,291,6,8.9,11.2,1.0,295,6,8.9,11.2,1.0,295,6,0,29.17,-0.4,0,0,0,40.8,45.1,48.6,0.35,0.27,0.26
BATA,2019-11-08 01:30:00 EST,43.01994,-78.13566,906,27.5,26.9,17.6,94.6,26.2,,,,,10.8,13.7,1.4,292,6,11.1,14.3,1.4,295,5,11.1,14.3,1.4,295,5,0,29.17,-0.3,0,0,0,40.8,45.1,48.6,0.35,0.27,0.26
BATA,2019-11-08 01:35:00 EST,43.01994,-78.13566,906,27.5,26.9,18.1,94.8,26.2,,,,,9.9,12.8,1.2,295,7,10.2,13.1,1.2,298,6,10.2,13.1,1.2,298,6,0,29.17,-0.1,0,0,0,40.8,45.1,48.6,0.35,0.27,0.26
BATA,2019-11-08 01:40:00 EST,43.01994,-78.13566,906,27.3,26.8,18.6,94.4,25.9,,,,,8.6,11.7,1.3,299,8,8.9,11.8,1.2,303,7,8.9,11.8,1.2,303,7,0,29.17,0.0,0,0,0,40.8,45.1,48.6,0.35,0.27,0.26
BATA,2019-11-08 01:45:00 EST,43.01994,-78.13566,906,27.0,26.7,18.3,93.8,25.4,,,,,8.3,10.4,0.8,297,7,8.6,10.6,0.8,301,7,8.6,10.6,0.8,301,7,0,29.17,-0.1,0,0,0,40.8,45.1,48.6,0.35,0.27,0.26
BATA,2019-11-08 01:50:00 EST,43.01994,-78.13566,906,26.6,26.4,18.5,93.5,25.0,,,,,7.2,10.4,1.2,305,9,7.6,11.4,1.1,308,8,7.6,11.4,1.1,308,8,0,29.17,-0.1,0,0,0,40.8,45.1,48.6,0.35,0.27,0.26
BATA,2019-11-08 01:55:00 EST,43.01994,-78.13566,906,26.3,26.2,18.4,93.4,24.7,,,,,6.9,9.1,0.9,305,8,7.3,9.3,0.9,309,7,7.3,9.3,0.9,309,7,0,29.17,-0.1,0,0,0,40.8,45.1,48.6,0.35,0.27,0.26
BATA,2019-11-08 02:00:00 EST,43.01994,-78.13566,906,26.0,26.0,18.5,93.1,24.3,,,,,6.2,8.3,0.9,308,7,6.7,8.7,0.9,312,7,6.7,8.7,0.9,312,7,0,29.18,-0.1,0,0,0,40.8,45.1,48.6,0.35,0.27,0.26
BATA,2019-11-08 02:05:00 EST,43.01994,-78.13566,906,25.8,25.9,17.8,93.3,24.2,,,,,7.1,9.9,1.0,304,5,7.4,9.8,1.0,309,5,7.4,9.8,1.0,309,5,0,29.18,-0.2,0,0,0,40.8,45.1,48.6,0.35,0.27,0.26
BATA,2019-11-08 02:10:00 EST,43.01994,-78.13566,906,25.3,25.6,17.6,93.1,23.6,,,,,6.4,9.0,1.0,304,5,6.8,9.4,1.0,308,4,6.8,9.4,1.0,308,4,0,29.18,-0.1,0,0,0,40.8,45.1,48.6,0.35,0.27,0.26
BATA,2019-11-08 02:15:00 EST,43.01994,-78.13566,906,25.1,25.5,17.1,93.5,23.5,,,,,6.9,8.4,0.6,303,5,7.2,8.9,0.6,308,4,7.2,8.9,0.6,308,4,0,29.18,-0.1,0,0,0,40.8,45.1,48.6,0.35,0.27,0.26
BATA,2019-11-08 02:20:00 EST,43.01994,-78.13566,906,25.1,25.5,17.4,93.8,23.6,,,,,6.4,7.7,0.6,303,6,6.7,8.2,0.7,307,5,6.7,8.2,0.7,307,5,0,29.18,-0.1,0,0,0,40.8,45.1,48.6,0.35,0.27,0.26
BATA,2019-11-08 02:25:00 EST,43.01994,-78.13566,906,24.9,25.3,17.4,93.7,23.3,,,,,6.1,7.2,0.5,301,6,6.4,7.8,0.6,306,6,6.4,7.8,0.6,306,6,0,29.18,-0.2,0,0,0,40.8,45.1,48.6,0.35,0.27,0.26
BATA,2019-11-08 02:30:00 EST,43.01994,-78.13566,906,24.5,25.2,17.7,93.6,22.9,,,,,5.3,6.4,0.4,299,4,5.6,6.8,0.5,304,4,5.6,6.8,0.5,304,4,0,29.18,-0.3,0,0,0,40.8,45.1,48.6,0.35,0.27,0.26
BATA,2019-11-08 02:35:00 EST,43.01994,-78.13566,906,24.7,25.2,18.2,94.1,23.3,,,,,5.2,6.2,0.5,301,5,5.4,6.7,0.5,306,5,5.4,6.7,0.5,306,5,0,29.18,-0.2,0,0,0,40.7,45.1,48.6,0.35,0.27,0.26
BATA,2019-11-08 02:40:00 EST,43.01994,-78.13566,906,24.6,25.0,18.1,94.2,23.1,,,,,4.9,5.8,0.4,300,5,5.2,6.2,0.4,305,4,5.2,6.2,0.4,305,4,0,29.18,-0.3,0,0,0,40.7,45.1,48.6,0.35,0.27,0.26
BATA,2019-11-08 02:45:00 EST,43.01994,-78.13566,906,24.6,24.9,17.9,94.3,23.2,,,,,5.2,6.4,0.5,297,4,5.4,6.6,0.5,303,4,5.4,6.6,0.5,303,4,0,29.18,-0.3,0,0,0,40.7,45.1,48.6,0.35,0.27,0.26
BATA,2019-11-08 02:50:00 EST,43.01994,-78.13566,906,24.5,24.8,17.2,94.4,23.2,,,,,5.9,7.6,0.6,299,5,6.2,7.7,0.6,304,5,6.2,7.7,0.6,304,5,0,29.18,-0.2,0,0,0,40.6,45.1,48.6,0.35,0.27,0.26
BATA,2019-11-08 02:55:00 EST,43.01994,-78.13566,906,24.5,24.8,17.2,94.4,23.2,,,,,5.9,7.2,0.7,300,5,6.2,7.5,0.8,305,5,6.2,7.5,0.8,305,5,0,29.18,-0.2,0,0,0,40.6,45.1,48.6,0.35,0.27,0.26
BATA,2019-11-08 03:00:00 EST,43.01994,-78.13566,906,24.1,24.6,17.2,93.9,22.6,,,,,5.3,6.4,0.6,307,6,5.7,7.0,0.6,311,5,5.7,7.0,0.6,311,5,0,29.18,-0.2,0,0,0,40.6,45.0,48.6,0.35,0.27,0.26
BATA,2019-11-08 03:05:00 EST,43.01994,-78.13566,906,23.8,24.4,17.0,93.8,22.3,,,,,5.1,6.0,0.3,311,4,5.5,6.3,0.4,315,4,5.5,6.3,0.4,315,4,0,29.18,-0.3,0,0,0,40.6,45.0,48.6,0.35,0.27,0.26
BATA,2019-11-08 03:10:00 EST,43.01994,-78.13566,906,24.0,24.3,17.1,94.0,22.5,,,,,5.3,6.4,0.5,317,5,5.6,7.0,0.6,321,5,5.6,7.0,0.6,321,5,0,29.19,-0.2,0,0,0,40.6,45.0,48.6,0.35,0.27,0.26
BATA,2019-11-08 03:15:00 EST,43.01994,-78.13566,906,23.9,24.2,17.9,93.7,22.4,,,,,4.4,5.6,0.5,324,4,4.7,5.9,0.5,329,5,4.7,5.9,0.5,329,5,0,29.19,-0.2,0,0,0,40.6,45.0,48.6,0.35,0.27,0.26
BATA,2019-11-08 03:20:00 EST,43.01994,-78.13566,906,24.0,24.1,18.6,93.6,22.5,,,,,3.8,4.8,0.4,329,4,4.2,5.0,0.4,335,5,4.2,5.0,0.4,335,5,0,29.19,-0.3,0,0,0,40.6,45.0,48.5,0.35,0.27,0.26
BATA,2019-11-08 03:25:00 EST,43.01994,-78.13566,906,24.3,24.3,19.4,93.7,22.7,,,,,3.6,4.5,0.3,324,8,3.8,4.8,0.4,329,9,3.8,4.8,0.4,329,9,0,29.19,-0.3,0,0,0,40.6,45.0,48.6,0.35,0.27,0.26
BATA,2019-11-08 03:30:00 EST,43.01994,-78.13566,906,24.6,24.4,19.8,93.9,23.1,,,,,3.7,4.7,0.5,302,9,3.8,5.2,0.6,306,7,3.8,5.2,0.6,306,7,0,29.19,-0.3,0,0,0,40.6,45.0,48.5,0.35,0.27,0.26
BATA,2019-11-08 03:35:00 EST,43.01994,-78.13566,906,24.8,24.6,20.0,93.7,23.2,,,,,3.7,4.5,0.6,300,5,3.8,4.8,0.8,306,5,3.8,4.8,0.8,306,5,0,29.19,-0.3,0,0,0,40.6,45.0,48.6,0.35,0.27,0.26
BATA,2019-11-08 03:40:00 EST,43.01994,-78.13566,906,24.8,24.6,19.8,93.3,23.2,,,,,3.7,4.8,0.4,309,7,4.0,5.3,0.5,314,6,4.0,5.3,0.5,314,6,0,29.19,-0.3,0,0,0,40.6,45.0,48.6,0.35,0.27,0.26
BATA,2019-11-08 03:45:00 EST,43.01994,-78.13566,906,25.0,24.7,18.2,92.5,23.1,,,,,5.4,7.9,0.9,303,6,5.7,8.0,0.9,308,6,5.7,8.0,0.9,308,6,0,29.19,-0.1,0,0,0,40.5,45.0,48.5,0.35,0.27,0.26
BATA,2019-11-08 03:50:00 EST,43.01994,-78.13566,906,25.2,24.9,17.2,90.7,22.9,,,,,6.6,8.6,0.9,308,9,7.2,9.5,1.0,311,8,7.2,9.5,1.0,311,8,0,29.19,0.0,0,0,0,40.5,45.0,48.5,0.35,0.27,0.26
BATA,2019-11-08 03:55:00 EST,43.01994,-78.13566,906,25.4,25.0,16.1,89.0,22.6,,,,,8.4,13.2,1.9,319,10,9.0,14.2,1.9,322,10,9.0,14.2,1.9,322,10,0,29.20,0.0,0,0,0,40.5,45.0,48.5,0.35,0.27,0.26
BATA,2019-11-08 04:00:00 EST,43.01994,-78.13566,906,25.3,24.9,15.2,87.8,22.2,,,,,10.0,13.4,1.2,322,6,10.4,13.4,1.1,328,6,10.4,13.4,1.1,328,6,0,29.20,0.0,0,0,0,40.5,45.0,48.4,0.35,0.27,0.26
BATA,2019-11-08 04:05:00 EST,43.01994,-78.13566,906,25.1,24.7,16.3,88.0,22.0,,,,,7.8,12.7,1.3,322,6,8.3,12.8,1.4,327,6,8.3,12.8,1.4,327,6,0,29.20,0.1,0,0,0,40.5,45.0,48.4,0.35,0.27,0.26
BATA,2019-11-08 04:10:00 EST,43.01994,-78.13566,906,25.2,24.7,15.8,88.9,22.3,,,,,8.5,11.0,0.9,318,7,9.0,11.3,0.9,324,7,9.0,11.3,0.9,324,7,0,29.20,-0.1,0,0,0,40.5,45.0,48.4,0.35,0.27,0.26
BATA,2019-11-08 04:15:00 EST,43.01994,-78.13566,906,25.2,24.8,15.4,88.5,22.3,,,,,9.3,11.4,1.1,316,6,9.9,12.4,1.1,321,6,9.9,12.4,1.1,321,6,0,29.20,-0.1,0,0,0,40.5,45.0,48.5,0.35,0.27,0.26
BATA,2019-11-08 04:20:00 EST,43.01994,-78.13566,906,25.3,24.8,15.8,87.8,22.2,,,,,8.8,11.1,1.0,313,5,9.2,11.7,1.0,317,5,9.2,11.7,1.0,317,5,0,29.20,-0.1,0,0,0,40.5,45.0,48.4,0.35,0.27,0.26
BATA,2019-11-08 04:25:00 EST,43.01994,-78.13566,906,25.3,24.9,16.0,87.4,22.1,,,,,8.8,11.3,1.0,307,7,9.1,11.7,0.9,311,6,9.1,11.7,0.9,311,6,0,29.20,-0.1,0,0,0,40.5,45.0,48.4,0.36,0.27,0.26
BATA,2019-11-08 04:30:00 EST,43.01994,-78.13566,906,25.3,24.9,16.1,86.2,21.8,,,,,8.7,11.0,0.9,305,7,9.0,11.5,0.9,309,6,9.0,11.5,0.9,309,6,0,29.21,-0.1,0,0,0,40.5,45.0,48.4,0.36,0.27,0.26
BATA,2019-11-08 04:35:00 EST,43.01994,-78.13566,906,25.3,24.9,15.7,86.1,21.7,,,,,9.2,12.9,1.1,307,7,9.6,13.0,1.1,311,7,9.6,13.0,1.1,311,7,0,29.21,-0.1,0,0,0,40.5,45.0,48.4,0.36,0.27,0.26
BATA,2019-11-08 04:40:00 EST,43.01994,-78.13566,906,25.4,25.0,15.2,85.0,21.5,,,,,10.1,13.5,1.4,313,7,10.5,13.4,1.4,317,7,10.5,13.4,1.4,317,7,0,29.21,-0.0,0,0,0,40.5,45.0,48.4,0.36,0.27,0.26
BATA,2019-11-08 04:45:00 EST,43.01994,-78.13566,906,25.4,25.0,15.1,82.9,20.9,,,,,10.2,12.3,1.1,313,6,10.8,13.4,1.1,318,6,10.8,13.4,1.1,318,6,0,29.21,-0.0,0,0,0,40.5,45.0,48.4,0.36,0.27,0.26
BATA,2019-11-08 04:50:00 EST,43.01994,-78.13566,906,25.4,25.0,15.3,80.7,20.3,,,,,10.0,13.4,1.4,318,7,10.5,15.3,1.4,323,7,10.5,15.3,1.4,323,7,0,29.21,-0.0,0,0,0,40.5,45.0,48.4,0.36,0.27,0.26
BATA,2019-11-08 04:55:00 EST,43.01994,-78.13566,906,25.4,25.0,14.6,79.5,19.9,,,,,11.4,15.7,1.4,317,8,11.8,15.6,1.4,322,8,11.8,15.6,1.4,322,8,0,29.21,-0.0,0,0,0,40.5,45.0,48.4,0.36,0.27,0.26
BATA,2019-11-08 05:00:00 EST,43.01994,-78.13566,906,25.3,24.9,15.0,78.5,19.6,,,,,10.2,14.2,1.6,318,7,10.8,15.0,1.7,324,7,10.8,15.0,1.7,324,7,0,29.21,-0.0,0,0,0,40.4,44.9,48.4,0.36,0.27,0.26
BATA,2019-11-08 05:05:00 EST,43.01994,-78.13566,906,25.2,24.8,14.9,79.7,19.8,,,,,10.1,13.2,1.7,315,7,10.6,14.3,1.7,319,7,10.6,14.3,1.7,319,7,0,29.22,-0.0,0,0,0,40.3,44.9,48.4,0.35,0.27,0.26
BATA,2019-11-08 05:10:00 EST,43.01994,-78.13566,906,25.1,24.7,14.4,78.0,19.2,,,,,10.9,14.1,1.2,316,8,11.4,14.3,1.3,322,8,11.4,14.3,1.3,322,8,0,29.22,-0.1,0,0,0,40.3,44.8,48.4,0.35,0.27,0.26
BATA,2019-11-08 05:15:00 EST,43.01994,-78.13566,906,24.9,24.5,15.1,78.9,19.3,,,,,9.1,11.6,1.1,319,7,9.7,11.9,1.0,324,7,9.7,11.9,1.0,324,7,0,29.22,-0.0,0,0,0,40.3,44.8,48.4,0.35,0.27,0.26
BATA,2019-11-08 05:20:00 EST,43.01994,-78.13566,906,24.9,24.6,13.1,77.3,18.8,,,,,13.0,17.3,1.9,320,8,13.6,18.4,1.9,326,8,13.6,18.4,1.9,326,8,0,29.22,-0.0,0,0,0,40.3,44.8,48.4,0.35,0.27,0.26
BATA,2019-11-08 05:25:00 EST,43.01994,-78.13566,906,24.8,24.5,13.1,76.7,18.5,,,,,12.8,18.3,1.7,318,7,13.4,17.6,1.7,323,7,13.4,17.6,1.7,323,7,0,29.23,0.0,0,0,0,40.3,44.8,48.4,0.35,0.27,0.26
BATA,2019-11-08 05:30:00 EST,43.01994,-78.13566,906,24.9,24.5,13.1,76.2,18.4,,,,,13.0,16.4,1.1,313,6,13.5,18.0,1.2,317,6,13.5,18.0,1.2,317,6,0,29.23,-0.0,0,0,0,40.3,44.8,48.4,0.35,0.27,0.26
BATA,2019-11-08 05:35:00 EST,43.01994,-78.13566,906,24.8,24.4,14.2,76.3,18.4,,,,,10.5,14.6,1.5,312,7,11.0,15.3,1.4,316,6,11.0,15.3,1.4,316,6,0,29.23,0.0,0,0,0,40.3,44.8,48.4,0.35,0.27,0.26
BATA,2019-11-08 05:40:00 EST,43.01994,-78.13566,906,24.6,24.3,14.1,76.3,18.2,,,,,10.5,14.7,1.6,311,7,10.9,14.4,1.5,316,8,10.9,14.4,1.5,316,8,0,29.23,0.0,0,0,0,40.3,44.8,48.4,0.35,0.27,0.26
BATA,2019-11-08 05:45:00 EST,43.01994,-78.13566,906,24.4,24.1,13.7,76.4,18.0,,,,,10.5,15.0,1.5,311,8,11.0,15.3,1.4,316,8,11.0,15.3,1.4,316,8,0,29.23,0.1,0,0,0,40.3,44.8,48.4,0.35,0.27,0.26
BATA,2019-11-08 05:50:00 EST,43.01994,-78.13566,906,24.3,24.0,13.6,76.4,17.9,,,,,10.7,14.6,1.6,308,7,11.0,15.3,1.6,314,7,11.0,15.3,1.6,314,7,0,29.23,0.1,0,0,0,40.3,44.8,48.4,0.35,0.27,0.26
BATA,2019-11-08 05:55:00 EST,43.01994,-78.13566,906,24.2,23.9,13.8,76.9,17.9,,,,,9.8,12.5,1.0,312,6,10.3,12.7,0.9,316,6,10.3,12.7,0.9,316,6,0,29.23,0.0,0,0,0,40.3,44.8,48.4,0.35,0.27,0.26
BATA,2019-11-08 06:00:00 EST,43.01994,-78.13566,906,23.9,23.8,13.8,77.3,17.9,,,,,9.3,12.7,1.3,310,8,9.9,13.1,1.3,315,7,9.9,13.1,1.3,315,7,0,29.24,0.1,0,0,0,40.2,44.8,48.4,0.35,0.27,0.26
BATA,2019-11-08 06:05:00 EST,43.01994,-78.13566,906,24.0,23.7,14.2,77.4,17.9,,,,,8.9,11.4,1.1,308,8,9.2,11.9,1.0,313,7,9.2,11.9,1.0,313,7,0,29.24,0.0,0,0,0,40.2,44.8,48.4,0.35,0.27,0.26
BATA,2019-11-08 06:10:00 EST,43.01994,-78.13566,906,23.9,23.7,13.1,76.4,17.6,,,,,10.6,14.5,1.9,307,7,11.1,15.2,1.8,310,6,11.1,15.2,1.8,310,6,0,29.24,0.1,0,0,0,40.1,44.8,48.4,0.35,0.27,0.26
BATA,2019-11-08 06:15:00 EST,43.01994,-78.13566,906,23.9,23.7,12.8,75.5,17.3,,,,,11.1,14.5,1.5,306,7,11.5,14.8,1.4,310,6,11.5,14.8,1.4,310,6,0,29.24,0.0,0,0,0,40.1,44.8,48.4,0.35,0.27,0.26
BATA,2019-11-08 06:20:00 EST,43.01994,-78.13566,906,23.5,23.5,13.8,76.5,17.2,,,,,8.8,11.5,1.0,303,8,9.1,12.2,1.0,308,7,9.1,12.2,1.0,308,7,0,29.24,0.1,0,0,0,40.1,44.8,48.4,0.35,0.27,0.26
BATA,2019-11-08 06:25:00 EST,43.01994,-78.13566,906,23.3,23.3,13.1,77.3,17.3,,,,,9.5,13.7,1.6,302,8,9.8,14.4,1.6,306,7,9.8,14.4,1.6,306,7,0,29.25,0.1,0,0,0,40.1,44.8,48.4,0.35,0.27,0.26
BATA,2019-11-08 06:30:00 EST,43.01994,-78.13566,906,23.2,23.2,13.2,77.8,17.3,,,,,9.1,11.6,1.1,301,8,9.4,12.1,0.9,306,7,9.4,12.1,0.9,306,7,0,29.25,0.1,0,0,0,40.1,44.8,48.4,0.35,0.27,0.26
BATA,2019-11-08 06:35:00 EST,43.01994,-78.13566,906,22.8,22.9,13.4,78.8,17.2,,,,,8.1,10.2,1.0,296,6,8.4,10.8,1.0,301,5,8.4,10.8,1.0,301,5,0,29.25,0.1,0,0,0,40.1,44.8,48.4,0.35,0.27,0.26
BATA,2019-11-08 06:40:00 EST,43.01994,-78.13566,906,22.7,22.8,13.1,79.8,17.4,,,,,8.4,10.2,0.8,297,6,8.6,11.0,0.8,301,5,8.6,11.0,0.8,301,5,0,29.25,0.1,0,0,0,40.1,44.8,48.4,0.35,0.27,0.26
BATA,2019-11-08 06:45:00 EST,43.01994,-78.13566,906,22.7,22.8,12.9,79.9,17.4,,,,,8.5,11.6,0.9,300,7,8.8,11.9,0.9,304,6,8.8,11.9,0.9,304,6,1,29.25,0.1,0,0,0,40.1,44.8,48.4,0.35,0.27,0.26
BATA,2019-11-08 06:50:00 EST,43.01994,-78.13566,906,22.7,22.7,13.6,79.9,17.4,,,,,7.5,9.4,1.0,300,6,7.8,9.6,0.9,305,6,7.8,9.6,0.9,305,6,3,29.25,0.1,0,0,0,40.0,44.8,48.4,0.35,0.27,0.26
BATA,2019-11-08 06:55:00 EST,43.01994,-78.13566,906,22.6,22.8,13.0,79.9,17.4,,,,,8.4,10.5,0.9,296,6,8.6,10.8,0.9,301,5,8.6,10.8,0.9,301,5,4,29.26,0.1,0,0,0,39.9,44.8,48.4,0.35,0.27,0.26
BATA,2019-11-08 07:00:00 EST,43.01994,-78.13566,906,22.4,22.6,13.0,79.7,17.1,,,,,8.0,9.9,1.1,297,6,8.3,10.3,1.0,301,5,8.3,10.3,1.0,301,5,7,29.26,0.1,0,0,0,39.9,44.8,48.4,0.35,0.27,0.26
BATA,2019-11-08 07:05:00 EST,43.01994,-78.13566,906,22.3,22.5,13.1,80.1,17.1,,,,,7.6,9.1,0.6,297,6,7.9,9.5,0.6,301,5,7.9,9.5,0.6,301,5,12,29.26,0.1,0,0,0,39.9,44.8,48.4,0.35,0.27,0.26
BATA,2019-11-08 07:10:00 EST,43.01994,-78.13566,906,22.1,22.3,13.4,80.1,16.9,,,,,6.9,8.9,0.8,301,6,7.2,9.0,0.8,305,4,7.2,9.0,0.8,305,4,21,29.27,0.1,0,0,0,39.9,44.8,48.4,0.35,0.27,0.26
BATA,2019-11-08 07:15:00 EST,43.01994,-78.13566,906,21.9,22.1,13.5,80.1,16.7,,,,,6.6,8.2,0.8,301,6,6.9,8.7,0.7,306,5,6.9,8.7,0.7,306,5,20,29.27,0.1,0,0,0,39.9,44.7,48.4,0.35,0.27,0.26
BATA,2019-11-08 07:20:00 EST,43.01994,-78.13566,906,21.8,22.1,13.7,80.4,16.7,,,,,6.3,8.0,0.8,296,5,6.4,8.1,0.8,300,5,6.4,8.1,0.8,300,5,39,29.27,0.1,0,0,0,39.9,44.6,48.4,0.35,0.27,0.26
BATA,2019-11-08 07:25:00 EST,43.01994,-78.13566,906,21.8,22.1,13.3,80.3,16.7,,,,,6.7,8.6,0.6,293,5,7.0,8.5,0.6,297,5,7.0,8.5,0.6,297,5,53,29.28,0.1,0,0,0,39.9,44.6,48.4,0.35,0.27,0.26
BATA,2019-11-08 07:30:00 EST,43.01994,-78.13566,906,22.0,22.2,13.6,80.4,16.9,,,,,6.6,8.8,0.7,295,6,6.8,8.7,0.7,299,5,6.8,8.7,0.7,299,5,66,29.28,0.1,0,0,0,39.8,44.6,48.4,0.35,0.27,0.26
BATA,2019-11-08 07:35:00 EST,43.01994,-78.13566,906,22.2,22.2,13.5,79.3,16.8,,,,,6.9,9.1,0.8,291,7,7.1,9.7,0.9,295,5,7.1,9.7,0.9,295,5,78,29.28,0.1,0,0,0,39.8,44.6,48.4,0.35,0.27,0.26
BATA,2019-11-08 07:40:00 EST,43.01994,-78.13566,906,22.2,22.3,13.3,78.6,16.6,,,,,7.3,9.3,0.7,290,5,7.5,9.5,0.7,294,4,7.5,9.5,0.7,294,4,88,29.28,0.2,0,0,0,39.7,44.6,48.4,0.35,0.27,0.26
BATA,2019-11-08 07:45:00 EST,43.01994,-78.13566,906,22.5,22.4,13.4,78.2,16.7,,,,,7.5,9.6,0.7,291,5,7.8,9.5,0.8,295,5,7.8,9.5,0.8,295,5,100,29.28,0.2,0,0,0,39.7,44.6,48.4,0.35,0.27,0.26
BATA,2019-11-08 07:50:00 EST,43.01994,-78.13566,906,22.7,22.5,13.7,77.4,16.7,,,,,7.5,9.5,1.0,296,6,7.7,9.8,0.9,300,5,7.7,9.8,0.9,300,5,113,29.28,0.1,0,0,0,39.7,44.6,48.4,0.35,0.27,0.26
BATA,2019-11-08 07:55:00 EST,43.01994,-78.13566,906,22.8,22.6,13.8,77.0,16.7,,,,,7.5,10.1,0.9,296,7,7.7,10.1,0.9,300,7,7.7,10.1,0.9,300,7,125,29.29,0.1,0,0,0,39.7,44.6,48.3,0.35,0.27,0.26
BATA,2019-11-08 08:00:00 EST,43.01994,-78.13566,906,22.9,22.6,13.5,76.7,16.7,,,,,8.0,9.6,0.8,294,7,8.3,10.0,0.8,298,7,8.3,10.0,0.8,298,7,135,29.29,0.2,0,0,0,39.7,44.6,48.4,0.35,0.27,0.26
BATA,2019-11-08 08:05:00 EST,43.01994,-78.13566,906,23.0,22.6,13.6,76.2,16.6,,,,,8.1,9.5,0.7,294,5,8.3,9.8,0.7,299,4,8.3,9.8,0.7,299,4,148,29.29,0.2,0,0,0,39.7,44.6,48.4,0.35,0.27,0.26
BATA,2019-11-08 08:10:00 EST,43.01994,-78.13566,906,23.0,22.6,14.4,76.8,16.8,,,,,7.1,9.2,0.8,302,6,7.3,9.4,0.8,306,6,7.3,9.4,0.8,306,6,159,29.29,0.2,0,0,0,39.7,44.6,48.4,0.35,0.27,0.26
BATA,2019-11-08 08:15:00 EST,43.01994,-78.13566,906,23.1,22.7,14.7,76.8,16.9,,,,,6.8,9.3,0.9,304,7,7.1,9.4,0.9,309,6,7.1,9.4,0.9,309,6,170,29.29,0.2,0,0,0,39.6,44.6,48.3,0.35,0.27,0.26
BATA,2019-11-08 08:20:00 EST,43.01994,-78.13566,906,23.3,22.9,15.2,76.5,17.0,,,,,6.5,8.7,0.8,298,7,6.8,9.1,0.8,304,6,6.8,9.1,0.8,304,6,181,29.29,0.2,0,0,0,39.6,44.6,48.3,0.35,0.27,0.26
BATA,2019-11-08 08:25:00 EST,43.01994,-78.13566,906,23.5,23.1,15.0,75.6,17.0,,,,,7.1,10.1,0.9,297,7,7.4,10.2,0.9,302,6,7.4,10.2,0.9,302,6,192,29.30,0.2,0,0,0,39.6,44.6,48.3,0.35,0.27,0.26
BATA,2019-11-08 08:30:00 EST,43.01994,-78.13566,906,23.8,23.2,15.1,74.9,17.0,,,,,7.3,10.7,1.1,302,8,7.6,10.4,1.0,306,7,7.6,10.4,1.0,306,7,204,29.30,0.2,0,0,0,39.6,44.6,48.3,0.35,0.27,0.26
BATA,2019-11-08 08:35:00 EST,43.01994,-78.13566,906,23.9,23.4,14.8,73.8,16.8,,,,,8.0,10.7,1.2,306,8,8.3,11.1,1.2,310,8,8.3,11.1,1.2,310,8,215,29.30,0.2,0,0,0,39.6,44.6,48.3,0.35,0.27,0.26
BATA,2019-11-08 08:40:00 EST,43.01994,-78.13566,906,24.2,23.7,14.4,72.6,16.7,,,,,9.0,14.8,1.5,307,9,9.4,16.2,1.5,311,8,9.4,16.2,1.5,311,8,226,29.30,0.2,0,0,0,39.6,44.6,48.3,0.35,0.27,0.26
BATA,2019-11-08 08:45:00 EST,43.01994,-78.13566,906,24.4,23.8,14.0,71.1,16.4,,,,,10.2,14.5,1.6,310,9,10.4,14.3,1.5,314,9,10.4,14.3,1.5,314,9,237,29.30,0.2,0,0,0,39.6,44.6,48.3,0.35,0.27,0.26
BATA,2019-11-08 08:50:00 EST,43.01994,-78.13566,906,24.5,23.9,14.5,69.5,15.9,,,,,9.5,14.0,1.8,305,9,9.9,14.8,1.8,309,8,9.9,14.8,1.8,309,8,248,29.30,0.2,0,0,0,39.6,44.6,48.2,0.35,0.27,0.26
BATA,2019-11-08 08:55:00 EST,43.01994,-78.13566,906,24.6,24.0,13.7,69.1,15.9,,,,,11.1,14.1,1.5,308,9,11.5,14.4,1.5,312,8,11.5,14.4,1.5,312,8,259,29.30,0.3,0,0,0,39.6,44.6,48.2,0.35,0.27,0.26
BATA,2019-11-08 09:00:00 EST,43.01994,-78.13566,906,24.7,24.1,14.3,68.6,15.9,,,,,10.2,14.2,1.9,310,9,10.6,15.3,1.9,313,8,10.6,15.3,1.9,313,8,270,29.30,0.2,0,0,0,39.6,44.6,48.2,0.35,0.27,0.26
BATA,2019-11-08 09:05:00 EST,43.01994,-78.13566,906,24.8,24.2,13.8,68.0,15.8,,,,,11.6,15.4,1.7,311,8,11.9,15.9,1.6,315,7,11.9,15.9,1.6,315,7,280,29.30,0.2,0,0,0,39.6,44.4,48.2,0.35,0.27,0.26
BATA,2019-11-08 09:10:00 EST,43.01994,-78.13566,906,25.0,24.4,15.6,69.0,16.2,,,,,8.6,15.9,1.9,310,8,9.1,16.4,1.9,314,8,9.1,16.4,1.9,314,8,291,29.30,0.2,0,0,0,39.6,44.4,48.2,0.36,0.27,0.26
BATA,2019-11-08 09:15:00 EST,43.01994,-78.13566,906,25.0,24.4,13.9,67.2,15.7,,,,,11.9,18.0,2.7,310,7,12.3,18.9,2.6,314,8,12.3,18.9,2.6,314,8,303,29.30,0.3,0,0,0,39.6,44.4,48.2,0.35,0.27,0.26
BATA,2019-11-08 09:20:00 EST,43.01994,-78.13566,906,25.1,24.5,13.2,66.9,15.7,,,,,13.6,18.6,2.1,313,7,14.0,18.9,2.1,317,7,14.0,18.9,2.1,317,7,309,29.30,0.2,0,0,0,39.6,44.4,48.2,0.35,0.27,0.26
BATA,2019-11-08 09:25:00 EST,43.01994,-78.13566,906,25.2,24.5,13.1,66.7,15.6,,,,,13.8,18.0,1.8,315,8,14.3,18.3,1.8,321,8,14.3,18.3,1.8,321,8,325,29.31,0.2,0,0,0,39.6,44.4,48.2,0.35,0.27,0.26
BATA,2019-11-08 09:30:00 EST,43.01994,-78.13566,906,25.3,24.6,14.0,66.7,15.8,,,,,12.4,16.4,2.2,311,9,12.8,16.7,2.2,314,9,12.8,16.7,2.2,314,9,336,29.31,0.2,0,0,0,39.6,44.4,48.2,0.35,0.27,0.26
BATA,2019-11-08 09:35:00 EST,43.01994,-78.13566,906,25.4,24.8,13.8,66.2,15.8,,,,,13.1,17.2,1.6,314,8,13.6,18.2,1.8,320,8,13.6,18.2,1.8,320,8,357,29.31,0.3,0,0,0,39.6,44.4,48.2,0.35,0.27,0.26
BATA,2019-11-08 09:40:00 EST,43.01994,-78.13566,906,25.5,24.8,12.1,64.4,15.2,,,,,17.9,22.7,2.5,323,6,18.2,24.8,2.5,329,5,18.2,24.8,2.5,329,5,396,29.31,0.3,0,0,0,39.6,44.4,48.2,0.35,0.27,0.26
BATA,2019-11-08 09:45:00 EST,43.01994,-78.13566,906,25.5,24.7,12.7,64.2,15.1,,,,,15.8,20.9,1.8,324,8,16.3,20.0,1.8,331,8,16.3,20.0,1.8,331,8,349,29.31,0.3,0,0,0,39.6,44.4,48.2,0.35,0.27,0.26
BATA,2019-11-08 09:50:00 EST,43.01994,-78.13566,906,25.4,24.6,12.9,65.7,15.6,,,,,15.2,18.9,1.7,323,8,15.7,19.0,1.6,329,8,15.7,19.0,1.6,329,8,363,29.31,0.3,0,0,0,39.6,44.4,48.2,0.35,0.27,0.26
BATA,2019-11-08 09:55:00 EST,43.01994,-78.13566,906,25.7,24.8,13.8,67.1,16.3,,,,,13.5,18.9,2.1,314,9,14.2,19.4,2.0,319,9,14.2,19.4,2.0,319,9,285,29.31,0.2,0,0,0,39.6,44.4,48.2,0.35,0.27,0.26
BATA,2019-11-08 10:00:00 EST,43.01994,-78.13566,906,25.2,24.4,12.5,66.1,15.4,,,,,15.4,19.1,2.0,319,7,15.8,20.0,2.0,325,7,15.8,20.0,2.0,325,7,198,29.31,0.3,0,0,0,39.6,44.4,48.2,0.35,0.27,0.26
BATA,2019-11-08 10:05:00 EST,43.01994,-78.13566,906,25.3,24.5,13.4,67.2,16.0,,,,,13.6,18.4,2.0,318,7,14.1,18.8,2.0,324,7,14.1,18.8,2.0,324,7,387,29.31,0.3,0,0,0,39.6,44.4,48.2,0.35,0.27,0.26
BATA,2019-11-08 10:10:00 EST,43.01994,-78.13566,906,25.8,24.8,14.2,67.4,16.5,,,,,13.1,16.7,1.9,314,9,13.7,17.7,1.8,318,8,13.7,17.7,1.8,318,8,457,29.32,0.2,0,0,0,39.6,44.4,48.2,0.35,0.27,0.26
BATA,2019-11-08 10:15:00 EST,43.01994,-78.13566,906,25.5,24.5,13.3,66.5,15.9,,,,,14.3,18.9,2.2,326,9,14.9,19.9,2.2,332,8,14.9,19.9,2.2,332,8,353,29.32,0.3,0,0,0,39.6,44.4,48.2,0.35,0.27,0.26
BATA,2019-11-08 10:20:00 EST,43.01994,-78.13566,906,25.4,24.6,13.9,67.5,16.2,,,,,13.0,17.6,2.0,314,11,13.5,17.6,1.9,320,10,13.5,17.6,1.9,320,10,318,29.32,0.2,0,0,0,39.6,44.4,48.2,0.35,0.27,0.26
BATA,2019-11-08 10:25:00 EST,43.01994,-78.13566,906,25.1,24.4,12.7,66.3,15.5,,,,,14.8,20.2,1.8,305,7,15.2,20.7,2.0,309,7,15.2,20.7,2.0,309,7,272,29.32,0.3,0,0,0,39.6,44.4,48.2,0.35,0.27,0.26
BATA,2019-11-08 10:30:00 EST,43.01994,-78.13566,906,25.3,24.4,13.3,68.0,16.3,,,,,14.0,18.2,1.9,312,10,14.4,18.8,1.8,317,10,14.4,18.8,1.8,317,10,344,29.32,0.2,0,0,0,39.6,44.4,48.2,0.35,0.27,0.26
BATA,2019-11-08 10:35:00 EST,43.01994,-78.13566,906,25.5,24.4,13.9,68.9,16.7,,,,,13.1,16.3,1.8,316,8,13.6,17.2,1.7,320,8,13.6,17.2,1.7,320,8,472,29.32,0.3,0,0,0,39.6,44.4,48.2,0.35,0.27,0.26
BATA,2019-11-08 10:40:00 EST,43.01994,-78.13566,906,25.8,24.8,13.8,67.3,16.4,,,,,14.3,19.1,2.2,313,8,14.7,20.3,2.2,317,9,14.7,20.3,2.2,317,9,409,29.32,0.2,0,0,0,39.6,44.4,48.2,0.35,0.27,0.26
BATA,2019-11-08 10:45:00 EST,43.01994,-78.13566,906,25.4,24.4,13.0,68.1,16.3,,,,,14.7,17.8,1.7,315,7,15.2,18.7,1.6,320,7,15.2,18.7,1.6,320,7,239,29.32,0.2,0,0,0,39.6,44.4,48.2,0.35,0.27,0.26
BATA,2019-11-08 10:50:00 EST,43.01994,-78.13566,906,25.0,24.1,12.5,69.4,16.4,,,,,15.0,19.1,2.3,310,7,15.3,20.0,2.2,314,7,15.3,20.0,2.2,314,7,231,29.32,0.4,0,0,0,39.6,44.3,48.2,0.35,0.27,0.26
BATA,2019-11-08 10:55:00 EST,43.01994,-78.13566,906,25.5,24.5,13.4,68.7,16.7,,,,,14.4,20.3,2.2,309,9,14.8,20.5,2.2,313,8,14.8,20.5,2.2,313,8,530,29.32,0.2,0,0,0,39.6,44.1,48.2,0.35,0.27,0.26
BATA,2019-11-08 11:00:00 EST,43.01994,-78.13566,906,25.5,24.5,13.7,68.2,16.5,,,,,13.7,19.5,2.1,318,7,14.0,19.9,2.1,323,8,14.0,19.9,2.1,323,8,378,29.32,0.3,0,0,0,39.6,44.1,48.2,0.35,0.27,0.26
BATA,2019-11-08 11:05:00 EST,43.01994,-78.13566,906,25.4,24.4,13.7,71.3,17.4,,,,,12.7,16.4,1.9,326,8,13.6,18.0,1.8,333,8,13.6,18.0,1.8,333,8,214,29.32,0.3,0,0,0,39.6,44.1,48.2,0.35,0.27,0.26
BATA,2019-11-08 11:10:00 EST,43.01994,-78.13566,906,25.1,24.3,13.4,69.2,16.4,,,,,13.0,16.5,1.6,313,6,13.5,16.6,1.5,318,7,13.5,16.6,1.5,318,7,188,29.32,0.3,0,0,0,39.6,44.1,48.2,0.35,0.27,0.26
BATA,2019-11-08 11:15:00 EST,43.01994,-78.13566,906,25.9,25.0,14.4,68.0,16.8,,,,,13.0,19.6,2.0,308,11,13.6,21.4,2.0,312,9,13.6,21.4,2.0,312,9,379,29.32,0.2,0,0,0,39.6,44.1,48.2,0.35,0.27,0.26
BATA,2019-11-08 11:20:00 EST,43.01994,-78.13566,906,25.7,24.8,12.4,63.2,14.9,,,,,17.8,21.8,2.1,314,6,18.1,22.6,2.3,319,7,18.1,22.6,2.3,319,7,333,29.32,0.2,0,0,0,39.6,44.1,48.2,0.35,0.27,0.26
BATA,2019-11-08 11:25:00 EST,43.01994,-78.13566,906,25.5,24.7,13.4,65.3,15.5,,,,,14.0,18.2,1.8,305,10,14.6,18.4,1.8,309,10,14.6,18.4,1.8,309,10,223,29.32,0.3,0,0,0,39.6,44.1,48.2,0.35,0.27,0.26
BATA,2019-11-08 11:30:00 EST,43.01994,-78.13566,906,25.8,24.9,13.7,65.8,15.9,,,,,14.4,18.9,2.2,301,7,14.8,20.2,2.1,305,6,14.8,20.2,2.1,305,6,457,29.32,0.2,0,0,0,39.6,44.1,48.2,0.35,0.27,0.26
BATA,2019-11-08 11:35:00 EST,43.01994,-78.13566,906,25.4,24.6,12.5,64.6,15.1,,,,,16.3,19.9,1.8,307,7,16.7,20.5,1.7,310,7,16.7,20.5,1.7,310,7,226,29.32,0.2,0,0,0,39.7,44.1,48.2,0.35,0.27,0.26
BATA,2019-11-08 11:40:00 EST,43.01994,-78.13566,906,25.9,25.0,13.8,64.2,15.5,,,,,14.7,19.2,2.0,308,10,15.1,20.1,2.1,312,11,15.1,20.1,2.1,312,11,529,29.32,0.3,0,0,0,39.7,44.1,48.2,0.35,0.27,0.26
BATA,2019-11-08 11:45:00 EST,43.01994,-78.13566,906,26.6,25.5,15.5,65.4,16.6,,,,,12.6,17.3,2.5,314,8,13.1,17.9,2.4,318,10,13.1,17.9,2.4,318,10,485,29.32,0.1,0,0,0,39.7,44.1,48.2,0.35,0.27,0.26
BATA,2019-11-08 11:50:00 EST,43.01994,-78.13566,906,26.3,25.3,15.3,65.3,16.2,,,,,12.4,16.0,1.9,320,9,12.8,16.8,1.9,326,10,12.8,16.8,1.9,326,10,493,29.32,0.2,0,0,0,39.7,44.1,48.2,0.35,0.27,0.26
BATA,2019-11-08 11:55:00 EST,43.01994,-78.13566,906,26.6,25.4,15.4,66.2,16.8,,,,,12.8,18.4,2.3,308,12,13.2,19.2,2.4,312,12,13.2,19.2,2.4,312,12,374,29.31,0.1,0,0,0,39.7,44.1,48.1,0.35,0.27,0.26
BATA,2019-11-08 12:00:00 EST,43.01994,-78.13566,906,26.4,25.3,15.0,65.1,16.3,,,,,13.3,17.2,1.9,302,10,13.7,17.6,1.8,306,10,13.7,17.6,1.8,306,10,506,29.31,0.2,0,0,0,39.7,44.1,48.2,0.35,0.27,0.26
BATA,2019-11-08 12:05:00 EST,43.01994,-78.13566,906,26.1,25.1,14.3,65.5,16.1,,,,,14.1,17.8,1.9,298,9,14.3,17.9,1.8,302,9,14.3,17.9,1.8,302,9,320,29.31,0.2,0,0,0,39.7,44.1,48.2,0.35,0.27,0.26
BATA,2019-11-08 12:10:00 EST,43.01994,-78.13566,906,26.8,25.6,16.1,67.1,17.3,,,,,11.8,15.1,1.6,305,11,12.3,16.7,1.6,309,11,12.3,16.7,1.6,309,11,432,29.31,0.1,0,0,0,39.7,44.1,48.2,0.35,0.27,0.26
BATA,2019-11-08 12:15:00 EST,43.01994,-78.13566,906,26.4,25.4,15.6,65.3,16.3,,,,,11.6,15.2,1.4,312,8,12.1,15.0,1.4,317,9,12.1,15.0,1.4,317,9,306,29.31,0.1,0,0,0,39.7,44.1,48.2,0.35,0.27,0.26
BATA,2019-11-08 12:20:00 EST,43.01994,-78.13566,906,26.5,25.5,14.6,65.5,16.5,,,,,14.2,18.9,1.8,310,8,14.8,19.2,1.8,313,8,14.8,19.2,1.8,313,8,266,29.31,-0.0,0,0,0,39.7,44.1,48.1,0.35,0.27,0.26
BATA,2019-11-08 12:25:00 EST,43.01994,-78.13566,906,26.4,25.3,15.3,66.1,16.6,,,,,12.6,16.0,1.8,300,11,13.0,17.1,1.8,304,9,13.0,17.1,1.8,304,9,459,29.31,0.2,0,0,0,39.8,44.1,48.1,0.35,0.27,0.26
BATA,2019-11-08 12:30:00 EST,43.01994,-78.13566,906,27.1,25.8,15.4,63.0,16.1,,,,,14.2,19.4,2.4,314,12,14.7,20.4,2.4,319,12,14.7,20.4,2.4,319,12,402,29.31,-0.1,0,0,0,39.7,44.1,48.1,0.35,0.27,0.26
BATA,2019-11-08 12:35:00 EST,43.01994,-78.13566,906,26.4,25.3,14.8,62.6,15.3,,,,,13.7,17.2,1.4,317,7,14.1,17.5,1.3,322,8,14.1,17.5,1.3,322,8,386,29.31,-0.0,0,0,0,39.9,44.0,48.1,0.35,0.27,0.26
BATA,2019-11-08 12:40:00 EST,43.01994,-78.13566,906,26.8,25.7,15.3,65.3,16.7,,,,,13.2,17.7,1.8,316,8,13.9,18.3,1.8,321,8,13.9,18.3,1.8,321,8,300,29.31,-0.1,0,0,0,39.9,43.9,48.1,0.35,0.27,0.26
BATA,2019-11-08 12:45:00 EST,43.01994,-78.13566,906,26.5,25.5,14.8,61.5,15.0,,,,,13.8,18.1,2.0,310,8,14.3,18.2,2.0,314,6,14.3,18.2,2.0,314,6,416,29.31,-0.1,0,0,0,39.9,43.9,48.1,0.35,0.27,0.26
BATA,2019-11-08 12:50:00 EST,43.01994,-78.13566,906,26.9,25.9,16.0,64.1,16.4,,,,,12.4,15.1,1.3,317,8,12.9,15.6,1.2,322,8,12.9,15.6,1.2,322,8,355,29.31,-0.1,0,0,0,39.9,43.9,48.0,0.35,0.27,0.26
BATA,2019-11-08 12:55:00 EST,43.01994,-78.13566,906,26.7,25.6,14.7,66.0,16.9,,,,,14.7,19.9,2.0,315,6,15.2,19.2,1.9,321,6,15.2,19.2,1.9,321,6,219,29.31,-0.1,0,0,0,39.9,43.9,48.1,0.35,0.27,0.26
BATA,2019-11-08 13:00:00 EST,43.01994,-78.13566,906,26.7,25.7,15.1,65.3,16.6,,,,,13.7,17.9,1.6,304,9,14.2,18.1,1.6,307,9,14.2,18.1,1.6,307,9,416,29.31,0.0,0,0,0,39.9,43.9,48.1,0.35,0.27,0.26
BATA,2019-11-08 13:05:00 EST,43.01994,-78.13566,906,27.3,26.2,16.6,62.2,16.1,,,,,12.2,16.1,1.9,305,10,12.6,16.9,1.9,308,11,12.6,16.9,1.9,308,11,512,29.31,0.1,0,0,0,39.9,43.9,48.0,0.35,0.27,0.26
BATA,2019-11-08 13:10:00 EST,43.01994,-78.13566,906,26.9,26.0,16.5,64.2,16.4,,,,,11.6,17.1,2.1,304,8,11.9,17.4,2.2,308,7,11.9,17.4,2.2,308,7,281,29.31,0.1,0,0,0,39.9,43.9,48.0,0.35,0.27,0.26
BATA,2019-11-08 13:15:00 EST,43.01994,-78.13566,906,26.9,25.9,15.8,66.1,17.1,,,,,13.0,17.2,1.7,296,8,13.4,17.5,1.8,299,8,13.4,17.5,1.8,299,8,352,29.31,0.1,0,0,0,39.9,43.9,48.0,0.35,0.27,0.26
BATA,2019-11-08 13:20:00 EST,43.01994,-78.13566,906,27.4,26.2,16.6,61.7,16.0,,,,,12.4,16.3,1.7,313,13,12.9,16.4,1.5,317,14,12.9,16.4,1.5,317,14,440,29.31,0.2,0,0,0,39.9,43.9,48.0,0.35,0.27,0.26
BATA,2019-11-08 13:25:00 EST,43.01994,-78.13566,906,26.8,26.0,16.5,65.5,16.8,,,,,11.2,16.7,2.1,302,10,11.7,17.3,1.9,306,9,11.7,17.3,1.9,306,9,169,29.31,0.1,0,0,0,39.9,43.9,48.0,0.35,0.27,0.26
BATA,2019-11-08 13:30:00 EST,43.01994,-78.13566,906,27.2,26.1,16.7,65.2,17.0,,,,,11.7,15.5,1.8,296,8,12.1,15.8,1.7,300,8,12.1,15.8,1.7,300,8,423,29.31,0.2,0,0,0,39.9,43.9,48.0,0.35,0.27,0.26
BATA,2019-11-08 13:35:00 EST,43.01994,-78.13566,906,27.3,26.2,16.3,62.6,16.2,,,,,12.9,18.3,2.0,296,7,13.2,18.5,2.0,300,7,13.2,18.5,2.0,300,7,422,29.31,0.1,0,0,0,40.0,43.9,48.0,0.35,0.27,0.26
BATA,2019-11-08 13:40:00 EST,43.01994,-78.13566,906,27.5,26.2,16.5,62.8,16.4,,,,,12.9,18.1,2.7,295,9,13.2,18.5,2.7,300,8,13.2,18.5,2.7,300,8,385,29.31,0.1,0,0,0,40.1,43.9,48.0,0.35,0.27,0.26
BATA,2019-11-08 13:45:00 EST,43.01994,-78.13566,906,27.3,26.3,16.5,61.3,15.8,,,,,12.6,15.8,1.5,299,11,12.9,16.4,1.6,303,10,12.9,16.4,1.6,303,10,406,29.31,0.1,0,0,0,40.1,43.9,48.0,0.35,0.27,0.26
BATA,2019-11-08 13:50:00 EST,43.01994,-78.13566,906,27.4,26.4,17.0,60.3,15.5,,,,,11.7,15.3,1.5,301,14,12.1,16.3,1.6,303,14,12.1,16.3,1.6,303,14,396,29.31,0.0,0,0,0,40.1,43.9,48.0,0.35,0.27,0.26
BATA,2019-11-08 13:55:00 EST,43.01994,-78.13566,906,27.5,26.5,18.2,61.2,15.9,,,,,9.4,12.7,1.5,300,12,9.9,13.8,1.5,303,12,9.9,13.8,1.5,303,12,389,29.31,0.1,0,0,0,40.1,43.9,48.0,0.35,0.27,0.26
BATA,2019-11-08 14:00:00 EST,43.01994,-78.13566,906,27.6,26.6,17.7,62.7,16.5,,,,,10.4,17.7,2.4,300,13,11.0,18.2,2.5,303,12,11.0,18.2,2.5,303,12,379,29.30,-0.0,0,0,0,40.1,43.9,48.0,0.35,0.27,0.26
BATA,2019-11-08 14:05:00 EST,43.01994,-78.13566,906,27.5,26.4,17.9,62.9,16.5,,,,,10.0,13.4,1.7,295,10,10.4,13.4,1.6,299,9,10.4,13.4,1.6,299,9,390,29.30,0.1,0,0,0,40.1,43.9,48.0,0.35,0.27,0.26
BATA,2019-11-08 14:10:00 EST,43.01994,-78.13566,906,27.6,26.4,17.3,64.7,17.2,,,,,11.3,14.5,1.4,294,19,11.8,15.0,1.5,298,20,11.8,15.0,1.5,298,20,261,29.30,-0.1,0,0,0,40.1,43.9,48.0,0.35,0.27,0.26
BATA,2019-11-08 14:15:00 EST,43.01994,-78.13566,906,27.1,26.2,16.6,60.4,15.2,,,,,11.5,15.1,1.9,324,7,12.0,16.0,1.8,330,7,12.0,16.0,1.8,330,7,292,29.30,0.0,0,0,0,40.1,43.9,48.0,0.35,0.27,0.26
BATA,2019-11-08 14:20:00 EST,43.01994,-78.13566,906,27.7,26.7,18.0,61.4,16.2,,,,,10.1,14.4,1.9,320,14,10.8,15.0,1.8,325,13,10.8,15.0,1.8,325,13,343,29.30,-0.2,0,0,0,40.1,43.9,48.0,0.35,0.27,0.26
BATA,2019-11-08 14:25:00 EST,43.01994,-78.13566,906,27.7,26.7,18.4,62.7,16.6,,,,,9.6,12.8,1.2,301,14,10.0,13.6,1.3,305,14,10.0,13.6,1.3,305,14,347,29.30,-0.1,0,0,0,40.1,43.9,48.0,0.35,0.27,0.26
BATA,2019-11-08 14:30:00 EST,43.01994,-78.13566,906,27.7,26.7,18.7,61.3,16.1,,,,,9.2,12.4,1.8,310,10,9.5,12.7,1.8,315,10,9.5,12.7,1.8,315,10,321,29.30,-0.1,0,0,0,40.1,43.9,48.0,0.35,0.27,0.26
BATA,2019-11-08 14:35:00 EST,43.01994,-78.13566,906,27.5,26.6,16.9,60.7,15.7,,,,,11.9,17.2,1.9,311,7,12.3,18.0,1.9,315,7,12.3,18.0,1.9,315,7,294,29.30,-0.1,0,0,0,40.1,43.9,48.0,0.35,0.27,0.26
BATA,2019-11-08 14:40:00 EST,43.01994,-78.13566,906,27.4,26.5,17.4,60.2,15.4,,,,,10.8,14.2,1.9,308,9,11.1,14.8,1.9,312,10,11.1,14.8,1.9,312,10,307,29.30,-0.2,0,0,0,40.1,43.9,48.0,0.35,0.27,0.26
BATA,2019-11-08 14:45:00 EST,43.01994,-78.13566,906,27.5,26.5,18.5,63.0,16.6,,,,,9.2,12.2,1.5,301,11,9.4,12.6,1.5,305,12,9.4,12.6,1.5,305,12,295,29.30,-0.1,0,0,0,40.1,43.9,48.0,0.35,0.27,0.26
BATA,2019-11-08 14:50:00 EST,43.01994,-78.13566,906,27.8,26.9,18.7,62.9,16.8,,,,,9.2,12.3,1.4,288,8,9.6,13.2,1.4,290,7,9.6,13.2,1.4,290,7,284,29.30,-0.1,0,0,0,40.1,43.9,48.0,0.35,0.27,0.26
BATA,2019-11-08 14:55:00 EST,43.01994,-78.13566,906,27.9,27.0,17.9,61.7,16.5,,,,,11.1,14.5,1.6,303,11,11.5,14.5,1.5,308,12,11.5,14.5,1.5,308,12,272,29.30,-0.1,0,0,0,40.1,43.9,48.0,0.35,0.27,0.26
BATA,2019-11-08 15:00:00 EST,43.01994,-78.13566,906,28.0,27.1,17.9,60.6,16.1,,,,,11.1,14.5,1.6,321,7,11.7,15.0,1.4,326,9,11.7,15.0,1.4,326,9,255,29.30,-0.2,0,0,0,40.1,43.9,48.0,0.35,0.27,0.26
BATA,2019-11-08 15:05:00 EST,43.01994,-78.13566,906,27.8,26.9,19.2,58.8,15.2,,,,,8.3,13.0,2.3,319,7,8.8,13.4,2.0,323,7,8.8,13.4,2.0,323,7,241,29.30,-0.1,0,0,0,40.1,43.9,48.0,0.35,0.27,0.26
BATA,2019-11-08 15:10:00 EST,43.01994,-78.13566,906,27.7,26.9,19.1,60.2,15.7,,,,,8.6,11.1,1.2,311,10,8.9,11.2,1.2,315,10,8.9,11.2,1.2,315,10,226,29.30,-0.2,0,0,0,40.1,43.9,48.0,0.35,0.27,0.26
BATA,2019-11-08 15:15:00 EST,43.01994,-78.13566,906,27.6,26.8,18.4,60.6,15.8,,,,,9.4,12.9,2.1,322,9,9.8,13.5,2.2,329,10,9.8,13.5,2.2,329,10,218,29.30,-0.2,0,0,0,40.1,43.9,48.0,0.35,0.27,0.26
BATA,2019-11-08 15:20:00 EST,43.01994,-78.13566,906,27.8,27.0,19.2,63.6,17.1,,,,,8.5,12.9,1.8,296,10,8.8,13.6,1.7,300,11,8.8,13.6,1.7,300,11,208,29.31,-0.2,0,0,0,40.1,43.9,48.0,0.35,0.27,0.26
BATA,2019-11-08 15:25:00 EST,43.01994,-78.13566,906,27.8,26.9,19.4,63.1,16.9,,,,,8.1,10.1,1.1,308,11,8.5,10.6,1.0,312,10,8.5,10.6,1.0,312,10,205,29.31,-0.1,0,0,0,40.1,43.9,48.0,0.35,0.27,0.26
BATA,2019-11-08 15:30:00 EST,43.01994,-78.13566,906,27.8,27.1,19.2,62.4,16.6,,,,,8.3,12.1,1.4,309,10,8.8,13.3,1.4,313,11,8.8,13.3,1.4,313,11,186,29.31,-0.2,0,0,0,40.0,43.9,48.0,0.35,0.27,0.26
BATA,2019-11-08 15:35:00 EST,43.01994,-78.13566,906,27.6,26.9,19.4,62.0,16.2,,,,,7.7,13.7,1.7,298,17,8.1,15.0,1.9,303,17,8.1,15.0,1.9,303,17,142,29.31,-0.3,0,0,0,39.9,43.8,48.0,0.35,0.27,0.26
BATA,2019-11-08 15:40:00 EST,43.01994,-78.13566,906,27.6,27.0,19.5,62.7,16.6,,,,,7.5,10.1,1.2,313,13,8.0,10.8,1.1,318,13,8.0,10.8,1.1,318,13,151,29.31,-0.3,0,0,0,39.9,43.8,48.0,0.35,0.27,0.26
BATA,2019-11-08 15:45:00 EST,43.01994,-78.13566,906,27.2,26.7,18.2,61.0,15.6,,,,,9.1,12.0,1.5,289,9,9.4,12.5,1.5,292,8,9.4,12.5,1.5,292,8,132,29.31,-0.3,0,0,0,39.9,43.8,48.0,0.35,0.27,0.26
BATA,2019-11-08 15:50:00 EST,43.01994,-78.13566,906,27.2,26.7,18.6,61.9,15.8,,,,,7.5,10.4,1.0,278,8,8.6,11.7,1.5,280,9,8.6,11.7,1.5,280,9,133,29.30,-0.3,0,0,0,39.9,43.7,48.0,0.35,0.27,0.26
BATA,2019-11-08 15:55:00 EST,43.01994,-78.13566,906,27.3,26.8,20.3,62.7,16.2,,,,,6.6,9.6,1.0,294,21,6.3,9.1,1.3,298,24,6.3,9.1,1.3,298,24,121,29.30,-0.3,0,0,0,39.9,43.7,47.9,0.35,0.27,0.26
BATA,2019-11-08 16:00:00 EST,43.01994,-78.13566,906,27.4,26.9,20.1,62.7,16.3,,,,,7.1,8.6,0.9,310,10,6.7,8.9,1.1,319,13,6.7,8.9,1.1,319,13,110,29.31,-0.3,0,0,0,39.9,43.7,47.9,0.35,0.27,0.26
BATA,2019-11-08 16:05:00 EST,43.01994,-78.13566,906,27.1,26.7,18.4,62.8,16.1,,,,,8.4,10.2,1.0,290,7,8.7,10.9,1.0,294,8,8.7,10.9,1.0,294,8,99,29.31,-0.3,0,0,0,39.9,43.7,47.9,0.35,0.27,0.26
BATA,2019-11-08 16:10:00 EST,43.01994,-78.13566,906,26.9,26.6,18.6,63.4,16.1,,,,,7.8,9.6,0.7,284,8,8.1,10.1,0.8,287,8,8.1,10.1,0.8,287,8,87,29.31,-0.3,0,0,0,39.9,43.7,47.9,0.35,0.27,0.26
BATA,2019-11-08 16:15:00 EST,43.01994,-78.13566,906,26.8,26.5,19.0,62.5,15.7,,,,,7.0,9.4,1.0,279,10,7.3,9.7,1.0,282,9,7.3,9.7,1.0,282,9,75,29.31,-0.3,0,0,0,39.9,43.7,47.9,0.35,0.27,0.26
BATA,2019-11-08 16:20:00 EST,43.01994,-78.13566,906,26.6,26.5,18.8,62.2,15.5,,,,,7.0,9.4,1.2,277,9,7.4,10.2,1.2,279,8,7.4,10.2,1.2,279,8,62,29.31,-0.3,0,0,0,39.9,43.7,47.8,0.35,0.27,0.26
BATA,2019-11-08 16:25:00 EST,43.01994,-78.13566,906,26.6,26.5,17.9,62.9,15.7,,,,,8.2,10.1,0.9,282,7,8.5,10.5,0.9,285,7,8.5,10.5,0.9,285,7,50,29.31,-0.3,0,0,0,39.9,43.7,47.8,0.35,0.27,0.26
BATA,2019-11-08 16:30:00 EST,43.01994,-78.13566,906,26.5,26.4,17.8,63.7,15.8,,,,,8.2,10.0,0.9,281,7,8.5,10.9,1.0,284,8,8.5,10.9,1.0,284,8,40,29.31,-0.2,0,0,0,39.7,43.7,47.9,0.35,0.27,0.26
BATA,2019-11-08 16:35:00 EST,43.01994,-78.13566,906,26.4,26.4,17.4,62.9,15.4,,,,,8.6,10.5,1.0,285,7,8.9,10.8,1.1,288,6,8.9,10.8,1.1,288,6,30,29.31,-0.2,0,0,0,39.7,43.7,47.9,0.35,0.27,0.26
BATA,2019-11-08 16:40:00 EST,43.01994,-78.13566,906,26.3,26.3,17.6,62.7,15.3,,,,,8.3,9.9,0.8,287,5,8.5,10.5,0.9,291,5,8.5,10.5,0.9,291,5,23,29.31,-0.3,0,0,0,39.7,43.7,47.9,0.35,0.27,0.26
BATA,2019-11-08 16:45:00 EST,43.01994,-78.13566,906,26.0,26.2,17.8,62.9,15.1,,,,,7.4,9.0,0.9,284,4,7.7,9.5,0.9,287,3,7.7,9.5,0.9,287,3,16,29.31,-0.3,0,0,0,39.7,43.7,47.8,0.35,0.27,0.26
BATA,2019-11-08 16:50:00 EST,43.01994,-78.13566,906,25.4,26.0,18.2,65.2,15.4,,,,,5.9,7.1,0.5,286,6,6.2,7.5,0.6,290,6,6.2,7.5,0.6,290,6,10,29.31,-0.3,0,0,0,39.7,43.7,47.8,0.35,0.27,0.26
BATA,2019-11-08 16:55:00 EST,43.01994,-78.13566,906,25.3,26.0,17.7,66.6,15.7,,,,,6.3,7.6,0.6,289,5,6.6,8.3,0.6,294,6,6.6,8.3,0.6,294,6,7,29.31,-0.3,0,0,0,39.7,43.7,47.8,0.35,0.27,0.26
BATA,2019-11-08 17:00:00 EST,43.01994,-78.13566,906,25.3,26.0,17.9,68.0,16.2,,,,,6.1,6.9,0.5,290,5,6.4,7.4,0.5,294,6,6.4,7.4,0.5,294,6,4,29.32,-0.3,0,0,0,39.7,43.7,47.8,0.35,0.27,0.26
BATA,2019-11-08 17:05:00 EST,43.01994,-78.13566,906,25.1,25.8,18.4,69.1,16.4,,,,,5.4,6.9,0.6,286,6,5.6,7.2,0.6,290,6,5.6,7.2,0.6,290,6,2,29.32,-0.3,0,0,0,39.6,43.7,47.8,0.35,0.27,0.26
BATA,2019-11-08 17:10:00 EST,43.01994,-78.13566,906,25.0,25.7,18.2,68.8,16.2,,,,,5.4,7.1,0.6,280,6,5.7,7.5,0.7,284,5,5.7,7.5,0.7,284,5,1,29.32,-0.4,0,0,0,39.6,43.7,47.8,0.35,0.27,0.26
BATA,2019-11-08 17:15:00 EST,43.01994,-78.13566,906,25.2,25.7,18.7,68.7,16.4,,,,,5.2,6.7,0.5,279,5,5.4,7.3,0.6,283,5,5.4,7.3,0.6,283,5,0,29.32,-0.4,0,0,0,39.6,43.7,47.8,0.35,0.27,0.26
BATA,2019-11-08 17:20:00 EST,43.01994,-78.13566,906,25.1,25.7,18.9,68.6,16.3,,,,,4.9,6.6,0.6,280,4,5.2,6.7,0.6,284,3,5.2,6.7,0.6,284,3,0,29.32,-0.3,0,0,0,39.6,43.7,47.8,0.35,0.27,0.26
BATA,2019-11-08 17:25:00 EST,43.01994,-78.13566,906,25.1,25.5,19.7,68.7,16.3,,,,,4.1,5.3,0.4,273,6,4.3,5.7,0.5,277,6,4.3,5.7,0.5,277,6,0,29.32,-0.4,0,0,0,39.5,43.7,47.8,0.35,0.27,0.26
BATA,2019-11-08 17:30:00 EST,43.01994,-78.13566,906,25.3,25.6,19.8,69.1,16.6,,,,,4.2,5.4,0.5,268,7,4.4,6.3,0.6,272,6,4.4,6.3,0.6,272,6,0,29.32,-0.4,0,0,0,39.4,43.7,47.8,0.35,0.27,0.26
BATA,2019-11-08 17:35:00 EST,43.01994,-78.13566,906,24.8,25.4,19.5,69.2,16.2,,,,,4.1,5.1,0.4,270,8,4.3,5.4,0.4,274,8,4.3,5.4,0.4,274,8,0,29.32,-0.4,0,0,0,39.4,43.7,47.8,0.35,0.27,0.26
BATA,2019-11-08 17:40:00 EST,43.01994,-78.13566,906,24.6,25.3,19.1,70.4,16.3,,,,,4.1,5.0,0.5,279,7,4.3,5.9,0.5,284,7,4.3,5.9,0.5,284,7,0,29.32,-0.3,0,0,0,39.4,43.7,47.8,0.35,0.27,0.26
BATA,2019-11-08 17:45:00 EST,43.01994,-78.13566,906,24.8,25.3,19.3,71.2,16.8,,,,,4.2,5.6,0.5,282,7,4.4,6.0,0.5,287,6,4.4,6.0,0.5,287,6,0,29.32,-0.4,0,0,0,39.2,43.7,47.8,0.35,0.27,0.26
BATA,2019-11-08 17:50:00 EST,43.01994,-78.13566,906,24.9,25.3,19.4,71.3,16.9,,,,,4.2,5.2,0.5,275,6,4.4,5.5,0.5,279,6,4.4,5.5,0.5,279,6,0,29.32,-0.4,0,0,0,39.2,43.7,47.8,0.35,0.27,0.26
BATA,2019-11-08 17:55:00 EST,43.01994,-78.13566,906,25.0,25.3,19.8,71.4,17.0,,,,,3.9,4.8,0.3,272,7,4.2,5.4,0.4,276,6,4.2,5.4,0.4,276,6,0,29.32,-0.5,0,0,0,39.2,43.7,47.8,0.35,0.27,0.26
BATA,2019-11-08 18:00:00 EST,43.01994,-78.13566,906,24.7,25.2,19.2,71.2,16.7,,,,,4.1,5.0,0.3,269,5,4.4,5.3,0.3,273,5,4.4,5.3,0.3,273,5,0,29.32,-0.3,0,0,0,39.2,43.7,47.8,0.35,0.27,0.26
BATA,2019-11-08 18:05:00 EST,43.01994,-78.13566,906,24.5,25.1,18.4,71.3,16.6,,,,,4.7,5.4,0.3,267,5,4.9,5.9,0.3,271,5,4.9,5.9,0.3,271,5,0,29.32,-0.4,0,0,0,39.2,43.7,47.8,0.35,0.27,0.26
BATA,2019-11-08 18:10:00 EST,43.01994,-78.13566,906,24.7,25.1,18.6,71.3,16.7,,,,,4.7,5.5,0.4,266,5,4.9,5.9,0.4,270,5,4.9,5.9,0.4,270,5,0,29.32,-0.3,0,0,0,39.1,43.7,47.8,0.35,0.27,0.26
BATA,2019-11-08 18:15:00 EST,43.01994,-78.13566,906,24.6,25.1,18.2,71.1,16.6,,,,,4.9,5.8,0.4,262,4,5.2,6.2,0.4,267,5,5.2,6.2,0.4,267,5,0,29.33,-0.3,0,0,0,39.0,43.7,47.8,0.35,0.27,0.26
BATA,2019-11-08 18:20:00 EST,43.01994,-78.13566,906,24.9,25.1,18.8,71.7,17.1,,,,,4.8,5.6,0.3,261,4,5.0,6.0,0.3,265,4,5.0,6.0,0.3,265,4,0,29.32,-0.4,0,0,0,39.0,43.7,47.8,0.35,0.27,0.26
BATA,2019-11-08 18:25:00 EST,43.01994,-78.13566,906,24.7,25.0,18.5,71.8,16.9,,,,,4.8,5.3,0.2,264,4,5.0,5.8,0.3,268,4,5.0,5.8,0.3,268,4,0,29.33,-0.4,0,0,0,38.9,43.7,47.8,0.35,0.27,0.26
BATA,2019-11-08 18:30:00 EST,43.01994,-78.13566,906,24.7,25.1,18.3,72.3,17.1,,,,,5.0,6.6,0.5,263,4,5.2,7.3,0.5,267,4,5.2,7.3,0.5,267,4,0,29.33,-0.4,0,0,0,38.8,43.7,47.8,0.35,0.27,0.26
BATA,2019-11-08 18:35:00 EST,43.01994,-78.13566,906,24.7,25.0,18.7,72.0,17.0,,,,,4.6,5.3,0.3,264,3,4.8,5.5,0.3,268,3,4.8,5.5,0.3,268,3,0,29.33,-0.4,0,0,0,38.8,43.7,47.8,0.35,0.27,0.26
BATA,2019-11-08 18:40:00 EST,43.01994,-78.13566,906,24.8,25.1,18.5,72.2,17.1,,,,,4.8,6.4,0.4,263,3,5.0,6.5,0.4,267,3,5.0,6.5,0.4,267,3,0,29.33,-0.4,0,0,0,38.7,43.7,47.8,0.35,0.27,0.26
BATA,2019-11-08 18:45:00 EST,43.01994,-78.13566,906,24.7,24.9,18.9,72.2,17.0,,,,,4.4,4.8,0.2,262,3,4.6,5.1,0.2,266,3,4.6,5.1,0.2,266,3,0,29.33,-0.4,0,0,0,38.7,43.7,47.8,0.35,0.27,0.26
BATA,2019-11-08 18:50:00 EST,43.01994,-78.13566,906,24.6,24.8,18.7,72.2,16.9,,,,,4.4,5.3,0.4,258,5,4.6,5.6,0.4,262,5,4.6,5.6,0.4,262,5,0,29.33,-0.4,0,0,0,38.7,43.7,47.8,0.35,0.27,0.26
BATA,2019-11-08 18:55:00 EST,43.01994,-78.13566,906,24.3,24.8,18.9,72.0,16.6,,,,,4.0,5.1,0.5,247,8,4.3,5.6,0.6,250,8,4.3,5.6,0.6,250,8,0,29.33,-0.4,0,0,0,38.6,43.7,47.8,0.35,0.27,0.26
BATA,2019-11-08 19:00:00 EST,43.01994,-78.13566,906,24.7,24.8,20.1,72.2,17.1,,,,,3.6,4.2,0.3,223,5,3.7,4.4,0.4,226,5,3.7,4.4,0.4,226,5,0,29.33,-0.3,0,0,0,38.5,43.6,47.8,0.35,0.27,0.26
BATA,2019-11-08 19:05:00 EST,43.01994,-78.13566,906,24.5,24.7,24.5,70.9,16.4,,,,,2.9,4.0,0.5,213,9,2.9,4.1,0.5,218,8,2.9,4.1,0.5,218,8,0,29.33,-0.3,0,0,0,38.5,43.6,47.8,0.35,0.27,0.26
BATA,2019-11-08 19:10:00 EST,43.01994,-78.13566,906,24.5,24.7,24.5,72.2,16.8,,,,,2.7,3.7,0.3,210,8,2.7,3.9,0.4,217,7,2.7,3.9,0.4,217,7,0,29.33,-0.3,0,0,0,38.3,43.6,47.8,0.35,0.27,0.26
BATA,2019-11-08 19:15:00 EST,43.01994,-78.13566,906,24.2,24.7,24.2,73.3,16.9,,,,,2.8,4.1,0.3,212,10,2.7,4.3,0.5,217,9,2.7,4.3,0.5,217,9,0,29.33,-0.2,0,0,0,38.3,43.5,47.8,0.35,0.27,0.26
BATA,2019-11-08 19:20:00 EST,43.01994,-78.13566,906,24.1,24.6,19.9,73.2,16.7,,,,,3.3,4.5,0.5,211,12,3.3,4.8,0.7,215,11,3.3,4.8,0.7,215,11,0,29.33,-0.3,0,0,0,38.3,43.5,47.8,0.35,0.27,0.26
BATA,2019-11-08 19:25:00 EST,43.01994,-78.13566,906,24.0,24.4,20.1,73.7,16.8,,,,,3.1,3.8,0.3,203,7,3.1,4.0,0.4,210,8,3.1,4.0,0.4,210,8,0,29.33,-0.3,0,0,0,38.3,43.5,47.8,0.35,0.27,0.26
BATA,2019-11-08 19:30:00 EST,43.01994,-78.13566,906,23.7,24.6,19.2,73.8,16.6,,,,,3.4,4.2,0.4,202,4,3.5,4.6,0.5,208,5,3.5,4.6,0.5,208,5,0,29.33,-0.3,0,0,0,38.2,43.5,47.8,0.35,0.27,0.26
BATA,2019-11-08 19:35:00 EST,43.01994,-78.13566,906,23.9,24.2,20.1,74.7,17.0,,,,,3.0,3.8,0.3,200,4,3.0,4.0,0.4,205,6,3.0,4.0,0.4,205,6,0,29.33,-0.3,0,0,0,38.1,43.5,47.7,0.35,0.27,0.26
BATA,2019-11-08 19:40:00 EST,43.01994,-78.13566,906,23.8,24.0,19.6,75.3,17.1,,,,,3.4,4.6,0.5,209,7,3.3,5.1,0.6,214,7,3.3,5.1,0.6,214,7,0,29.33,-0.3,0,0,0,38.1,43.5,47.6,0.34,0.27,0.26
BATA,2019-11-08 19:45:00 EST,43.01994,-78.13566,906,23.4,23.9,16.9,76.8,17.3,,,,,4.9,5.9,0.7,221,4,5.1,6.2,0.7,223,3,5.1,6.2,0.7,223,3,0,29.33,-0.3,0,0,0,38.0,43.5,47.8,0.35,0.27,0.26
BATA,2019-11-08 19:50:00 EST,43.01994,-78.13566,906,23.1,23.7,16.3,79.2,17.6,,,,,5.1,6.0,0.5,231,4,5.4,6.4,0.5,234,4,5.4,6.4,0.5,234,4,0,29.33,-0.4,0,0,0,37.9,43.5,47.8,0.34,0.27,0.26
BATA,2019-11-08 19:55:00 EST,43.01994,-78.13566,906,22.9,24.1,15.5,75.7,16.4,,,,,5.6,6.7,0.5,230,4,5.8,7.4,0.5,232,4,5.8,7.4,0.5,232,4,0,29.33,-0.4,0,0,0,37.9,43.5,47.6,0.34,0.27,0.26
BATA,2019-11-08 20:00:00 EST,43.01994,-78.13566,906,23.5,24.2,15.8,74.3,16.6,,,,,6.1,7.3,0.5,226,5,6.3,7.4,0.5,227,4,6.3,7.4,0.5,227,4,0,29.33,-0.3,0,0,0,37.9,43.5,47.7,0.34,0.27,0.26
BATA,2019-11-08 20:05:00 EST,43.01994,-78.13566,906,23.3,24.0,16.1,74.2,16.3,,,,,5.5,6.9,0.5,226,5,5.8,7.4,0.6,229,4,5.8,7.4,0.6,229,4,0,29.33,-0.3,0,0,0,37.8,43.5,47.6,0.34,0.27,0.26
BATA,2019-11-08 20:10:00 EST,43.01994,-78.13566,906,23.2,23.7,15.8,75.4,16.5,,,,,5.6,6.9,0.6,230,5,5.9,7.6,0.6,232,6,5.9,7.6,0.6,232,6,0,29.33,-0.3,0,0,0,37.8,43.5,47.6,0.34,0.27,0.26
BATA,2019-11-08 20:15:00 EST,43.01994,-78.13566,906,22.6,23.7,14.5,75.8,16.1,,,,,6.3,7.5,0.5,230,4,6.6,7.9,0.6,232,4,6.6,7.9,0.6,232,4,0,29.33,-0.3,0,0,0,37.8,43.5,47.5,0.34,0.27,0.26
BATA,2019-11-08 20:20:00 EST,43.01994,-78.13566,906,23.1,23.7,14.8,76.5,16.8,,,,,6.6,7.8,0.7,228,4,6.9,8.6,0.7,230,4,6.9,8.6,0.7,230,4,0,29.33,-0.3,0,0,0,37.8,43.5,47.6,0.34,0.27,0.26
BATA,2019-11-08 20:25:00 EST,43.01994,-78.13566,906,23.1,23.6,15.3,76.0,16.7,,,,,6.1,7.4,0.6,223,4,6.4,7.7,0.6,225,4,6.4,7.7,0.6,225,4,0,29.32,-0.3,0,0,0,37.6,43.5,47.6,0.34,0.27,0.26
BATA,2019-11-08 20:30:00 EST,43.01994,-78.13566,906,23.1,23.4,15.7,76.3,16.7,,,,,5.7,7.5,0.6,219,7,5.9,7.9,0.7,222,5,5.9,7.9,0.7,222,5,0,29.32,-0.3,0,0,0,37.6,43.5,47.6,0.34,0.27,0.26
BATA,2019-11-08 20:35:00 EST,43.01994,-78.13566,906,23.1,23.4,15.3,76.7,16.8,,,,,6.1,8.3,0.8,215,7,6.3,8.2,0.8,219,5,6.3,8.2,0.8,219,5,0,29.32,-0.3,0,0,0,37.6,43.5,47.5,0.34,0.27,0.26
BATA,2019-11-08 20:40:00 EST,43.01994,-78.13566,906,22.8,23.2,14.9,76.9,16.7,,,,,6.2,7.5,0.5,220,5,6.4,8.1,0.5,223,4,6.4,8.1,0.5,223,4,0,29.32,-0.2,0,0,0,37.6,43.5,47.5,0.34,0.27,0.26
BATA,2019-11-08 20:45:00 EST,43.01994,-78.13566,906,22.7,23.1,15.4,77.0,16.6,,,,,5.6,6.8,0.5,225,6,5.8,7.3,0.6,227,5,5.8,7.3,0.6,227,5,0,29.32,-0.3,0,0,0,37.6,43.5,47.5,0.34,0.27,0.26
BATA,2019-11-08 20:50:00 EST,43.01994,-78.13566,906,22.6,23.2,15.1,76.6,16.4,,,,,5.6,6.5,0.4,226,4,5.9,7.0,0.4,228,4,5.9,7.0,0.4,228,4,0,29.32,-0.3,0,0,0,37.6,43.5,47.5,0.34,0.27,0.26
BATA,2019-11-08 20:55:00 EST,43.01994,-78.13566,906,23.0,23.3,15.6,75.9,16.5,,,,,5.7,7.2,0.6,224,5,5.9,7.4,0.6,226,4,5.9,7.4,0.6,226,4,0,29.32,-0.2,0,0,0,37.5,43.5,47.5,0.34,0.27,0.26
BATA,2019-11-08 21:00:00 EST,43.01994,-78.13566,906,23.1,23.3,15.8,75.5,16.5,,,,,5.6,7.3,0.6,222,7,5.8,7.5,0.6,225,6,5.8,7.5,0.6,225,6,0,29.32,-0.3,0,0,0,37.4,43.5,47.5,0.34,0.27,0.26
BATA,2019-11-08 21:05:00 EST,43.01994,-78.13566,906,23.1,23.5,15.5,74.9,16.3,,,,,5.9,7.5,0.6,220,6,6.1,7.8,0.7,222,5,6.1,7.8,0.7,222,5,0,29.32,-0.3,0,0,0,37.4,43.5,47.5,0.34,0.27,0.26
BATA,2019-11-08 21:10:00 EST,43.01994,-78.13566,906,22.8,23.4,15.1,75.4,16.2,,,,,5.8,7.7,0.6,223,5,6.1,7.5,0.6,224,4,6.1,7.5,0.6,224,4,0,29.32,-0.2,0,0,0,37.4,43.4,47.5,0.34,0.27,0.26
BATA,2019-11-08 21:15:00 EST,43.01994,-78.13566,906,22.9,23.4,15.6,75.3,16.3,,,,,5.6,6.9,0.4,221,6,5.8,6.9,0.6,223,5,5.8,6.9,0.6,223,5,0,29.31,-0.2,0,0,0,37.4,43.3,47.5,0.34,0.27,0.26
BATA,2019-11-08 21:20:00 EST,43.01994,-78.13566,906,22.9,23.4,15.8,75.1,16.2,,,,,5.2,6.6,0.5,217,6,5.5,7.1,0.5,221,4,5.5,7.1,0.5,221,4,0,29.32,-0.2,0,0,0,37.4,43.3,47.5,0.34,0.27,0.26
BATA,2019-11-08 21:25:00 EST,43.01994,-78.13566,906,23.1,23.4,16.2,75.2,16.4,,,,,5.2,6.6,0.7,216,8,5.5,6.9,0.7,219,5,5.5,6.9,0.7,219,5,0,29.32,-0.2,0,0,0,37.4,43.3,47.5,0.34,0.27,0.26
BATA,2019-11-08 21:30:00 EST,43.01994,-78.13566,906,23.0,23.3,16.1,75.7,16.4,,,,,5.1,6.8,0.8,211,8,5.3,7.3,0.9,216,6,5.3,7.3,0.9,216,6,0,29.31,-0.3,0,0,0,37.3,43.3,47.5,0.34,0.27,0.26
BATA,2019-11-08 21:35:00 EST,43.01994,-78.13566,906,23.0,23.3,16.2,75.8,16.5,,,,,5.0,7.2,0.9,213,8,5.2,7.8,1.0,217,7,5.2,7.8,1.0,217,7,0,29.31,-0.2,0,0,0,37.2,43.3,47.5,0.34,0.27,0.26
BATA,2019-11-08 21:40:00 EST,43.01994,-78.13566,906,23.0,23.2,15.3,76.3,16.6,,,,,5.9,7.9,0.8,216,7,6.1,8.4,0.8,219,6,6.1,8.4,0.8,219,6,0,29.32,-0.2,0,0,0,37.2,43.3,47.5,0.34,0.27,0.26
BATA,2019-11-08 21:45:00 EST,43.01994,-78.13566,906,22.8,23.0,15.0,76.4,16.5,,,,,5.9,7.6,0.6,217,7,6.2,8.0,0.7,220,5,6.2,8.0,0.7,220,5,0,29.32,-0.3,0,0,0,37.2,43.3,47.5,0.34,0.27,0.26
BATA,2019-11-08 21:50:00 EST,43.01994,-78.13566,906,22.6,22.9,14.7,76.8,16.4,,,,,6.1,7.7,0.6,217,6,6.4,7.8,0.7,221,5,6.4,7.8,0.7,221,5,0,29.31,-0.3,0,0,0,37.2,43.3,47.5,0.34,0.27,0.26
BATA,2019-11-08 21:55:00 EST,43.01994,-78.13566,906,22.8,22.8,15.2,77.1,16.7,,,,,5.8,7.4,0.8,215,6,6.0,8.0,0.9,219,5,6.0,8.0,0.9,219,5,0,29.31,-0.2,0,0,0,37.2,43.3,47.5,0.34,0.27,0.26
BATA,2019-11-08 22:00:00 EST,43.01994,-78.13566,906,22.7,22.8,14.7,77.8,16.8,,,,,6.3,8.8,1.0,214,9,6.6,9.6,1.0,217,7,6.6,9.6,1.0,217,7,0,29.31,-0.2,0,0,0,37.2,43.3,47.5,0.34,0.27,0.26
BATA,2019-11-08 22:05:00 EST,43.01994,-78.13566,906,22.7,22.8,14.5,78.0,16.9,,,,,6.3,10.1,1.2,216,8,6.7,10.4,1.1,220,7,6.7,10.4,1.1,220,7,0,29.31,-0.1,0,0,0,37.2,43.3,47.5,0.34,0.27,0.26
BATA,2019-11-08 22:10:00 EST,43.01994,-78.13566,906,22.5,22.6,14.0,77.8,16.6,,,,,6.8,7.7,0.5,222,5,7.1,8.5,0.6,223,4,7.1,8.5,0.6,223,4,0,29.31,-0.1,0,0,0,37.2,43.3,47.5,0.34,0.27,0.26
BATA,2019-11-08 22:15:00 EST,43.01994,-78.13566,906,22.5,22.7,13.9,77.9,16.7,,,,,7.0,8.5,0.7,217,6,7.2,8.7,0.7,220,4,7.2,8.7,0.7,220,4,0,29.31,-0.1,0,0,0,37.2,43.3,47.5,0.34,0.27,0.26
BATA,2019-11-08 22:20:00 EST,43.01994,-78.13566,906,22.7,22.8,13.8,77.1,16.6,,,,,7.3,9.6,0.7,216,6,7.6,9.8,0.8,219,4,7.6,9.8,0.8,219,4,0,29.31,-0.1,0,0,0,37.2,43.3,47.5,0.34,0.27,0.26
BATA,2019-11-08 22:25:00 EST,43.01994,-78.13566,906,22.3,22.5,13.7,77.8,16.4,,,,,6.9,8.3,0.6,218,6,7.2,8.7,0.6,221,4,7.2,8.7,0.6,221,4,0,29.30,-0.1,0,0,0,37.2,43.3,47.5,0.34,0.27,0.26
BATA,2019-11-08 22:30:00 EST,43.01994,-78.13566,906,22.3,22.5,13.3,78.5,16.6,,,,,7.4,9.1,0.7,221,6,7.7,9.7,0.7,223,5,7.7,9.7,0.7,223,5,0,29.30,-0.1,0,0,0,37.2,43.2,47.5,0.34,0.27,0.26
BATA,2019-11-08 22:35:00 EST,43.01994,-78.13566,906,22.3,22.5,13.2,78.0,16.5,,,,,7.5,9.6,0.8,223,5,7.8,10.1,0.7,224,5,7.8,10.1,0.7,224,5,0,29.30,-0.1,0,0,0,37.2,43.2,47.5,0.34,0.27,0.26
BATA,2019-11-08 22:40:00 EST,43.01994,-78.13566,906,22.5,22.7,13.1,77.7,16.6,,,,,7.9,9.3,0.8,218,7,8.2,10.0,0.8,220,5,8.2,10.0,0.8,220,5,0,29.30,-0.2,0,0,0,37.2,43.2,47.5,0.34,0.27,0.26
BATA,2019-11-08 22:45:00 EST,43.01994,-78.13566,906,22.7,22.7,13.1,77.1,16.6,,,,,8.2,10.7,0.9,219,6,8.6,10.6,0.9,221,5,8.6,10.6,0.9,221,5,0,29.30,-0.2,0,0,0,37.2,43.2,47.5,0.34,0.27,0.26
BATA,2019-11-08 22:50:00 EST,43.01994,-78.13566,906,22.5,22.7,12.9,77.7,16.6,,,,,8.3,10.7,0.9,217,6,8.6,10.8,0.9,219,5,8.6,10.8,0.9,219,5,0,29.30,-0.1,0,0,0,37.2,43.2,47.5,0.34,0.27,0.26
BATA,2019-11-08 22:55:00 EST,43.01994,-78.13566,906,22.4,22.6,12.5,78.0,16.6,,,,,8.7,10.6,0.9,218,6,8.9,11.3,0.9,220,4,8.9,11.3,0.9,220,4,0,29.30,-0.1,0,0,0,37.1,43.2,47.5,0.34,0.27,0.26
BATA,2019-11-08 23:00:00 EST,43.01994,-78.13566,906,22.6,22.6,12.7,77.9,16.7,,,,,8.7,10.7,0.9,218,6,9.0,10.7,0.9,219,4,9.0,10.7,0.9,219,4,0,29.30,-0.1,0,0,0,37.1,43.2,47.5,0.34,0.27,0.26
BATA,2019-11-08 23:05:00 EST,43.01994,-78.13566,906,22.5,22.6,13.0,77.8,16.6,,,,,8.0,9.7,0.8,220,6,8.4,10.6,0.9,223,4,8.4,10.6,0.9,223,4,0,29.30,-0.2,0,0,0,37.0,43.2,47.5,0.34,0.27,0.26
BATA,2019-11-08 23:10:00 EST,43.01994,-78.13566,906,22.5,22.7,13.0,77.7,16.6,,,,,8.2,9.7,0.8,220,6,8.4,10.5,0.8,222,4,8.4,10.5,0.8,222,4,0,29.29,-0.1,0,0,0,37.0,43.2,47.5,0.34,0.27,0.26
BATA,2019-11-08 23:15:00 EST,43.01994,-78.13566,906,22.6,22.8,12.9,77.0,16.5,,,,,8.4,10.6,0.8,217,6,8.8,10.7,0.8,220,4,8.8,10.7,0.8,220,4,0,29.29,-0.1,0,0,0,37.0,43.2,47.5,0.34,0.27,0.26
BATA,2019-11-08 23:20:00 EST,43.01994,-78.13566,906,22.6,22.8,13.1,77.1,16.5,,,,,8.2,10.2,0.9,215,7,8.5,10.1,0.8,219,5,8.5,10.1,0.8,219,5,0,29.29,-0.0,0,0,0,37.0,43.2,47.5,0.34,0.27,0.26
BATA,2019-11-08 23:25:00 EST,43.01994,-78.13566,906,23.0,23.0,13.6,76.6,16.7,,,,,8.0,10.5,0.8,215,6,8.3,10.8,0.7,218,5,8.3,10.8,0.7,218,5,0,29.29,-0.1,0,0,0,37.0,43.2,47.5,0.34,0.27,0.26
BATA,2019-11-08 23:30:00 EST,43.01994,-78.13566,906,22.9,22.9,13.2,76.3,16.5,,,,,8.5,10.4,0.8,217,7,8.8,10.5,0.8,219,5,8.8,10.5,0.8,219,5,0,29.29,-0.1,0,0,0,37.0,43.2,47.5,0.34,0.27,0.26
BATA,2019-11-08 23:35:00 EST,43.01994,-78.13566,906,22.8,22.9,13.5,76.7,16.6,,,,,7.9,10.2,0.9,217,6,8.2,10.4,0.9,220,5,8.2,10.4,0.9,220,5,0,29.29,-0.0,0,0,0,37.0,43.2,47.5,0.34,0.27,0.26
BATA,2019-11-08 23:40:00 EST,43.01994,-78.13566,906,23.0,22.9,13.6,76.2,16.7,,,,,8.1,9.6,0.7,217,6,8.4,10.1,0.7,219,4,8.4,10.1,0.7,219,4,0,29.29,-0.1,0,0,0,37.0,43.2,47.5,0.34,0.27,0.26
BATA,2019-11-08 23:45:00 EST,43.01994,-78.13566,906,23.0,23.0,13.5,76.1,16.6,,,,,8.2,10.2,0.9,216,6,8.6,10.7,0.9,218,5,8.6,10.7,0.9,218,5,0,29.28,-0.1,0,0,0,37.0,43.2,47.4,0.34,0.27,0.26
BATA,2019-11-08 23:50:00 EST,43.01994,-78.13566,906,23.0,23.1,13.2,75.9,16.6,,,,,8.7,10.3,0.7,217,6,9.1,10.6,0.8,219,4,9.1,10.6,0.8,219,4,0,29.28,-0.1,0,0,0,37.0,43.2,47.4,0.34,0.27,0.26
BATA,2019-11-08 23:55:00 EST,43.01994,-78.13566,906,23.0,23.2,13.4,75.8,16.5,,,,,8.4,10.3,0.9,215,6,8.7,10.6,0.9,218,4,8.7,10.6,0.9,218,4,0,29.28,-0.1,0,0,0,37.0,43.0,47.5,0.34,0.27,0.26
BEAC,2019-11-08 00:00:00 EST,41.52875,-73.94527,296,35.6,35.6,30.3,90.8,33.2,,,,,5.3,9.2,1.5,16,17,6.2,11.0,1.9,15,13,6.2,11.0,1.9,15,13,0,29.72,-0.0,0,0,0,46.6,50.5,51.8,0.33,0.27,0.25
BEAC,2019-11-08 00:05:00 EST,41.52875,-73.94527,296,35.5,35.5,30.0,90.6,33.0,,,,,5.7,7.5,1.0,14,13,6.7,10.3,1.2,14,11,6.7,10.3,1.2,14,11,0,29.72,-0.0,0,0,0,46.6,50.5,51.8,0.33,0.27,0.25
BEAC,2019-11-08 00:10:00 EST,41.52875,-73.94527,296,35.5,35.5,31.4,90.9,33.1,,,,,4.1,6.3,1.0,16,15,4.8,8.5,1.2,16,14,4.8,8.5,1.2,16,14,0,29.72,-0.0,0,0,0,46.6,50.5,51.8,0.33,0.27,0.25
BEAC,2019-11-08 00:15:00 EST,41.52875,-73.94527,296,35.4,35.4,30.4,91.1,33.1,,,,,5.0,8.5,1.6,26,14,5.8,10.0,1.9,25,13,5.8,10.0,1.9,25,13,0,29.72,-0.0,0,0,0,46.6,50.5,51.8,0.33,0.27,0.25
BEAC,2019-11-08 00:20:00 EST,41.52875,-73.94527,296,35.3,35.3,30.5,90.7,32.9,,,,,4.9,7.5,1.3,23,12,5.6,9.3,1.5,22,11,5.6,9.3,1.5,22,11,0,29.72,-0.0,0,0,0,46.6,50.5,51.8,0.33,0.27,0.25
BEAC,2019-11-08 00:25:00 EST,41.52875,-73.94527,296,35.2,35.2,29.5,90.0,32.6,,,,,5.9,7.7,1.0,19,12,6.8,9.4,1.2,18,11,6.8,9.4,1.2,18,11,0,29.72,-0.0,0,0,0,46.6,50.5,51.8,0.33,0.27,0.25
BEAC,2019-11-08 00:30:00 EST,41.52875,-73.94527,296,35.1,35.1,29.9,89.9,32.4,,,,,5.0,8.4,1.9,11,21,6.1,9.9,2.4,10,13,6.1,9.9,2.4,10,13,0,29.71,-0.0,0,0,0,46.6,50.5,51.8,0.33,0.27,0.25
BEAC,2019-11-08 00:35:00 EST,41.52875,-73.94527,296,35.0,35.0,31.1,90.7,32.6,,,,,3.9,6.0,1.1,17,14,4.5,7.3,1.3,17,13,4.5,7.3,1.3,17,13,0,29.72,-0.0,0,0,0,46.6,50.5,51.8,0.32,0.27,0.25
BEAC,2019-11-08 00:40:00 EST,41.52875,-73.94527,296,35.0,35.0,31.4,91.0,32.6,,,,,3.5,4.9,0.7,21,18,4.1,6.7,0.9,20,15,4.1,6.7,0.9,20,15,0,29.72,-0.0,0,0,0,46.5,50.5,51.8,0.33,0.27,0.25
BEAC,2019-11-08 00:45:00 EST,41.52875,-73.94527,296,34.9,34.9,30.7,91.1,32.6,,,,,4.2,7.2,1.5,24,16,4.8,8.4,1.7,24,15,4.8,8.4,1.7,24,15,0,29.71,-0.0,0,0,0,46.4,50.5,51.8,0.33,0.27,0.25
BEAC,2019-11-08 00:50:00 EST,41.52875,-73.94527,296,35.1,35.1,31.3,90.7,32.6,,,,,3.6,6.1,1.2,9,12,4.3,8.4,1.6,8,11,4.3,8.4,1.6,8,11,0,29.71,-0.0,0,0,0,46.4,50.5,51.8,0.32,0.27,0.25
BEAC,2019-11-08 00:55:00 EST,41.52875,-73.94527,296,35.1,35.1,32.1,91.5,32.9,,,,,2.9,4.9,0.7,8,22,3.5,6.6,0.9,9,14,3.5,6.6,0.9,9,14,0,29.71,-0.0,0,0,0,46.4,50.5,51.8,0.32,0.27,0.25
BEAC,2019-11-08 01:00:00 EST,41.52875,-73.94527,296,35.2,35.3,31.2,90.5,32.7,,,,,3.8,8.7,1.2,355,20,4.7,11.2,1.6,358,16,4.7,11.2,1.6,358,16,0,29.71,-0.0,0,0,0,46.4,50.5,51.8,0.32,0.27,0.25
BEAC,2019-11-08 01:05:00 EST,41.52875,-73.94527,296,35.1,35.1,27.7,82.4,30.3,,,,,8.2,13.3,2.3,360,28,9.8,16.9,3.0,359,13,9.8,16.9,3.0,359,13,0,29.71,-0.1,0,0,0,46.4,50.5,51.8,0.32,0.27,0.25
BEAC,2019-11-08 01:10:00 EST,41.52875,-73.94527,296,34.7,34.8,26.0,73.9,27.2,,,,,10.6,17.8,3.3,358,16,12.4,22.1,4.1,0,13,12.4,22.1,4.1,0,13,0,29.71,-0.1,0,0,0,46.4,50.5,51.8,0.32,0.27,0.25
BEAC,2019-11-08 01:15:00 EST,41.52875,-73.94527,296,34.1,34.4,26.8,70.2,25.4,,,,,7.8,14.9,2.4,345,25,9.0,17.0,2.7,350,18,9.0,17.0,2.7,350,18,0,29.72,-0.1,0,0,0,46.4,50.5,51.8,0.32,0.27,0.25
BEAC,2019-11-08 01:20:00 EST,41.52875,-73.94527,296,33.7,33.9,25.4,69.9,24.9,,,,,9.4,16.4,2.9,347,16,10.8,18.6,3.3,350,13,10.8,18.6,3.3,350,13,0,29.72,-0.1,0,0,0,46.4,50.5,51.8,0.32,0.27,0.25
BEAC,2019-11-08 01:25:00 EST,41.52875,-73.94527,296,33.4,33.7,25.0,68.3,24.1,,,,,9.8,15.7,2.5,341,17,11.1,18.8,3.1,343,12,11.1,18.8,3.1,343,12,0,29.72,-0.1,0,0,0,46.4,50.5,51.8,0.32,0.27,0.25
BEAC,2019-11-08 01:30:00 EST,41.52875,-73.94527,296,33.2,33.5,25.8,68.6,24.0,,,,,8.2,15.2,2.3,330,17,8.9,15.4,2.5,334,12,8.9,15.4,2.5,334,12,0,29.72,-0.0,0,0,0,46.3,50.5,51.8,0.32,0.27,0.25
BEAC,2019-11-08 01:35:00 EST,41.52875,-73.94527,296,33.0,33.3,26.7,69.3,24.0,,,,,6.5,11.3,2.1,326,16,7.0,12.4,2.1,330,15,7.0,12.4,2.1,330,15,0,29.73,-0.1,0,0,0,46.0,50.5,51.8,0.32,0.27,0.25
BEAC,2019-11-08 01:40:00 EST,41.52875,-73.94527,296,32.9,33.2,26.2,69.3,24.0,,,,,7.1,15.2,2.3,331,20,7.6,15.1,2.4,334,15,7.6,15.1,2.4,334,15,0,29.73,-0.0,0,0,0,46.0,50.5,51.8,0.32,0.27,0.25
BEAC,2019-11-08 01:45:00 EST,41.52875,-73.94527,296,32.8,33.0,27.0,69.1,23.8,,,,,5.6,8.2,1.2,343,20,6.2,9.8,1.6,344,13,6.2,9.8,1.6,344,13,0,29.73,-0.1,0,0,0,46.0,50.5,51.8,0.32,0.27,0.25
BEAC,2019-11-08 01:50:00 EST,41.52875,-73.94527,296,32.6,32.8,27.7,70.3,24.0,,,,,4.7,8.5,1.5,330,13,5.0,9.9,1.8,334,15,5.0,9.9,1.8,334,15,0,29.73,-0.1,0,0,0,46.0,50.4,51.8,0.32,0.27,0.25
BEAC,2019-11-08 01:55:00 EST,41.52875,-73.94527,296,32.2,32.6,28.0,72.5,24.3,,,,,4.0,6.5,1.0,320,18,4.3,7.3,1.2,324,19,4.3,7.3,1.2,324,19,0,29.73,-0.1,0,0,0,46.0,50.4,51.8,0.32,0.27,0.25
BEAC,2019-11-08 02:00:00 EST,41.52875,-73.94527,296,32.2,32.5,26.5,71.9,24.2,,,,,5.5,12.0,2.1,327,22,6.0,16.4,2.4,329,21,6.0,16.4,2.4,329,21,0,29.73,-0.0,0,0,0,46.0,50.4,51.8,0.32,0.27,0.25
BEAC,2019-11-08 02:05:00 EST,41.52875,-73.94527,296,32.2,32.5,24.8,69.9,23.5,,,,,7.9,11.5,1.7,327,16,8.5,12.2,1.9,330,15,8.5,12.2,1.9,330,15,0,29.73,-0.0,0,0,0,45.9,50.4,51.8,0.32,0.27,0.25
BEAC,2019-11-08 02:10:00 EST,41.52875,-73.94527,296,32.1,32.4,25.2,68.6,22.9,,,,,7.2,12.9,2.4,321,18,7.7,13.2,2.5,323,17,7.7,13.2,2.5,323,17,0,29.73,-0.0,0,0,0,45.9,50.4,51.8,0.32,0.27,0.25
BEAC,2019-11-08 02:15:00 EST,41.52875,-73.94527,296,32.0,32.2,24.1,67.3,22.4,,,,,8.7,17.0,2.8,314,17,9.2,17.4,2.8,316,16,9.2,17.4,2.8,316,16,0,29.73,-0.1,0,0,0,45.9,50.4,51.8,0.32,0.27,0.25
BEAC,2019-11-08 02:20:00 EST,41.52875,-73.94527,296,32.1,32.3,24.3,64.3,21.3,,,,,8.7,15.9,2.5,314,13,9.1,15.7,2.6,315,11,9.1,15.7,2.6,315,11,0,29.73,-0.1,0,0,0,45.9,50.4,51.8,0.32,0.27,0.25
BEAC,2019-11-08 02:25:00 EST,41.52875,-73.94527,296,31.9,32.3,24.7,62.9,20.7,,,,,7.6,13.2,2.1,322,18,8.1,14.1,2.3,324,15,8.1,14.1,2.3,324,15,0,29.73,-0.1,0,0,0,45.9,50.4,51.8,0.32,0.27,0.25
BEAC,2019-11-08 02:30:00 EST,41.52875,-73.94527,296,31.7,32.1,25.2,63.5,20.8,,,,,6.7,14.9,2.8,319,15,7.0,15.0,2.9,321,15,7.0,15.0,2.9,321,15,0,29.74,-0.0,0,0,0,45.8,50.4,51.8,0.32,0.27,0.25
BEAC,2019-11-08 02:35:00 EST,41.52875,-73.94527,296,31.7,32.0,26.7,63.0,20.6,,,,,4.8,10.4,1.7,314,15,5.1,10.5,1.7,318,13,5.1,10.5,1.7,318,13,0,29.74,-0.1,0,0,0,45.7,50.4,51.8,0.32,0.27,0.25
BEAC,2019-11-08 02:40:00 EST,41.52875,-73.94527,296,31.4,31.7,26.3,64.6,20.8,,,,,4.8,12.2,2.4,319,17,5.0,12.6,2.5,322,15,5.0,12.6,2.5,322,15,0,29.74,-0.1,0,0,0,45.7,50.4,51.8,0.32,0.27,0.25
BEAC,2019-11-08 02:45:00 EST,41.52875,-73.94527,296,31.3,31.6,26.1,64.7,20.8,,,,,4.8,8.6,1.5,325,15,5.2,9.5,1.6,329,16,5.2,9.5,1.6,329,16,0,29.74,-0.1,0,0,0,45.7,50.4,51.8,0.32,0.27,0.25
BEAC,2019-11-08 02:50:00 EST,41.52875,-73.94527,296,31.1,31.6,25.4,65.0,20.7,,,,,5.3,9.6,1.7,318,18,5.7,10.4,1.9,321,18,5.7,10.4,1.9,321,18,0,29.74,-0.0,0,0,0,45.6,50.4,51.8,0.32,0.27,0.25
BEAC,2019-11-08 02:55:00 EST,41.52875,-73.94527,296,31.2,31.7,24.2,63.1,20.1,,,,,6.8,13.0,1.9,330,21,7.5,14.2,2.2,334,17,7.5,14.2,2.2,334,17,0,29.74,-0.0,0,0,0,45.5,50.4,51.8,0.32,0.27,0.25
BEAC,2019-11-08 03:00:00 EST,41.52875,-73.94527,296,31.3,31.7,24.0,62.8,20.0,,,,,7.0,10.4,1.6,343,18,7.9,12.9,2.0,345,13,7.9,12.9,2.0,345,13,0,29.73,-0.1,0,0,0,45.5,50.4,51.8,0.32,0.27,0.25
BEAC,2019-11-08 03:05:00 EST,41.52875,-73.94527,296,31.4,31.6,24.6,61.0,19.5,,,,,6.3,11.5,2.1,347,16,7.3,12.2,2.4,349,12,7.3,12.2,2.4,349,12,0,29.73,-0.1,0,0,0,45.5,50.4,51.8,0.32,0.27,0.25
BEAC,2019-11-08 03:10:00 EST,41.52875,-73.94527,296,31.0,31.5,25.5,62.1,19.6,,,,,5.0,8.0,1.2,337,14,5.5,9.5,1.3,340,12,5.5,9.5,1.3,340,12,0,29.73,-0.0,0,0,0,45.5,50.4,51.8,0.32,0.27,0.25
BEAC,2019-11-08 03:15:00 EST,41.52875,-73.94527,296,31.1,31.5,24.0,61.8,19.5,,,,,6.9,10.8,1.7,337,16,7.5,12.5,1.9,339,15,7.5,12.5,1.9,339,15,0,29.73,-0.0,0,0,0,45.5,50.4,51.8,0.32,0.27,0.25
BEAC,2019-11-08 03:20:00 EST,41.52875,-73.94527,296,31.0,31.4,24.3,61.2,19.2,,,,,6.5,10.5,1.5,332,19,7.1,11.4,1.6,336,16,7.1,11.4,1.6,336,16,0,29.73,-0.1,0,0,0,45.5,50.4,51.8,0.32,0.27,0.25
BEAC,2019-11-08 03:25:00 EST,41.52875,-73.94527,296,31.0,31.4,25.5,60.3,18.9,,,,,4.7,7.5,1.3,335,16,5.5,8.2,1.3,340,13,5.5,8.2,1.3,340,13,0,29.73,-0.0,0,0,0,45.4,50.4,51.8,0.32,0.27,0.25
BEAC,2019-11-08 03:30:00 EST,41.52875,-73.94527,296,30.8,31.3,26.1,60.2,18.6,,,,,4.1,6.4,1.0,345,15,4.6,7.1,1.3,348,12,4.6,7.1,1.3,348,12,0,29.73,-0.2,0,0,0,45.3,50.4,51.8,0.32,0.27,0.25
BEAC,2019-11-08 03:35:00 EST,41.52875,-73.94527,296,30.7,31.2,26.6,61.0,18.8,,,,,3.8,6.8,1.1,327,14,4.0,8.3,1.3,330,13,4.0,8.3,1.3,330,13,0,29.73,-0.1,0,0,0,45.3,50.4,51.7,0.32,0.27,0.25
BEAC,2019-11-08 03:40:00 EST,41.52875,-73.94527,296,30.7,31.1,26.1,61.2,18.9,,,,,3.9,6.1,1.1,337,14,4.4,7.2,1.2,339,15,4.4,7.2,1.2,339,15,0,29.73,-0.0,0,0,0,45.3,50.4,51.8,0.32,0.27,0.25
BEAC,2019-11-08 03:45:00 EST,41.52875,-73.94527,296,30.6,31.1,26.1,61.6,19.0,,,,,4.0,5.5,0.9,332,11,4.4,7.0,1.0,334,11,4.4,7.0,1.0,334,11,0,29.73,-0.1,0,0,0,45.3,50.4,51.8,0.32,0.27,0.25
BEAC,2019-11-08 03:50:00 EST,41.52875,-73.94527,296,30.3,30.9,26.5,62.7,19.2,,,,,3.4,5.0,0.6,331,11,3.7,5.8,0.8,335,11,3.7,5.8,0.8,335,11,0,29.73,-0.2,0,0,0,45.1,50.4,51.7,0.32,0.27,0.25
BEAC,2019-11-08 03:55:00 EST,41.52875,-73.94527,296,30.2,30.7,26.2,63.8,19.4,,,,,3.6,5.3,0.7,327,13,3.9,6.4,1.0,332,12,3.9,6.4,1.0,332,12,0,29.73,-0.1,0,0,0,45.1,50.4,51.7,0.32,0.27,0.25
BEAC,2019-11-08 04:00:00 EST,41.52875,-73.94527,296,30.1,30.5,26.5,64.8,19.7,,,,,3.2,4.1,0.5,332,11,3.5,5.2,0.8,335,11,3.5,5.2,0.8,335,11,0,29.73,-0.1,0,0,0,45.1,50.4,51.8,0.32,0.27,0.25
BEAC,2019-11-08 04:05:00 EST,41.52875,-73.94527,296,29.9,30.4,26.6,65.7,19.8,,,,,2.9,4.0,0.6,337,12,3.3,4.5,0.7,341,12,3.3,4.5,0.7,341,12,0,29.73,-0.1,0,0,0,45.1,50.4,51.8,0.32,0.27,0.25
BEAC,2019-11-08 04:10:00 EST,41.52875,-73.94527,296,29.9,30.3,26.2,66.2,20.0,,,,,2.8,4.7,0.8,353,11,3.5,5.8,1.0,353,10,3.5,5.8,1.0,353,10,0,29.73,-0.1,0,0,0,45.0,50.4,51.7,0.32,0.27,0.25
BEAC,2019-11-08 04:15:00 EST,41.52875,-73.94527,296,29.7,30.1,29.7,66.9,20.1,,,,,2.3,3.8,0.6,355,13,2.8,4.8,0.8,356,12,2.8,4.8,0.8,356,12,0,29.73,-0.1,0,0,0,45.0,50.4,51.5,0.32,0.27,0.25
BEAC,2019-11-08 04:20:00 EST,41.52875,-73.94527,296,29.7,30.1,29.7,67.5,20.2,,,,,2.2,3.9,0.8,342,12,2.5,5.0,1.0,344,13,2.5,5.0,1.0,344,13,0,29.74,-0.1,0,0,0,45.0,50.4,51.8,0.31,0.27,0.25
BEAC,2019-11-08 04:25:00 EST,41.52875,-73.94527,296,29.6,29.9,29.6,67.7,20.2,,,,,2.0,3.7,0.8,346,14,2.4,4.4,0.9,348,16,2.4,4.4,0.9,348,16,0,29.74,-0.1,0,0,0,44.9,50.4,51.7,0.32,0.27,0.25
BEAC,2019-11-08 04:30:00 EST,41.52875,-73.94527,296,29.5,29.8,29.5,68.2,20.3,,,,,2.2,3.2,0.6,351,13,2.8,4.1,0.8,353,11,2.8,4.1,0.8,353,11,0,29.74,-0.1,0,0,0,44.8,50.3,51.5,0.32,0.27,0.25
BEAC,2019-11-08 04:35:00 EST,41.52875,-73.94527,296,29.4,29.8,25.4,68.7,20.4,,,,,3.0,4.9,1.0,356,12,3.7,5.5,1.0,358,11,3.7,5.5,1.0,358,11,0,29.74,-0.0,0,0,0,44.8,50.4,51.7,0.32,0.27,0.25
BEAC,2019-11-08 04:40:00 EST,41.52875,-73.94527,296,29.0,29.6,29.0,69.7,20.3,,,,,1.9,5.0,1.0,6,13,2.4,6.2,1.2,6,13,2.4,6.2,1.2,6,13,0,29.74,-0.1,0,0,0,44.8,50.4,51.4,0.32,0.27,0.25
BEAC,2019-11-08 04:45:00 EST,41.52875,-73.94527,296,28.1,29.1,28.1,72.4,20.4,,,,,0.6,1.8,0.4,6,15,1.0,2.2,0.6,3,15,1.0,2.2,0.6,3,15,0,29.74,-0.1,0,0,0,44.7,50.3,51.6,0.32,0.27,0.25
BEAC,2019-11-08 04:50:00 EST,41.52875,-73.94527,296,27.5,28.9,27.5,74.7,20.5,,,,,0.1,0.8,0.2,40,2,0.2,1.1,0.4,79,23,0.2,1.1,0.4,79,23,0,29.74,-0.1,0,0,0,44.6,50.3,51.5,0.32,0.27,0.25
BEAC,2019-11-08 04:55:00 EST,41.52875,-73.94527,296,27.6,28.5,27.6,76.6,21.2,,,,,0.0,0.0,0.0,0,0,0.2,0.9,0.3,133,9,0.2,0.9,0.3,133,9,0,29.74,-0.1,0,0,0,44.6,50.2,51.4,0.32,0.27,0.25
BEAC,2019-11-08 05:00:00 EST,41.52875,-73.94527,296,27.8,28.8,27.8,77.6,21.8,,,,,0.0,0.7,0.1,1,3,0.2,1.3,0.4,352,21,0.2,1.3,0.4,352,21,0,29.74,-0.1,0,0,0,44.5,50.3,51.4,0.32,0.27,0.25
BEAC,2019-11-08 05:05:00 EST,41.52875,-73.94527,296,26.8,28.8,26.8,79.2,21.2,,,,,0.0,0.0,0.0,0,0,0.3,1.1,0.4,97,27,0.3,1.1,0.4,97,27,0,29.74,-0.1,0,0,0,44.4,50.2,51.4,0.32,0.27,0.25
BEAC,2019-11-08 05:10:00 EST,41.52875,-73.94527,296,26.7,28.5,26.7,80.8,21.6,,,,,0.1,0.6,0.2,88,21,0.3,1.3,0.4,100,28,0.3,1.3,0.4,100,28,0,29.75,-0.0,0,0,0,44.4,50.2,51.4,0.32,0.27,0.25
BEAC,2019-11-08 05:15:00 EST,41.52875,-73.94527,296,27.3,28.6,27.3,80.8,22.2,,,,,0.4,1.2,0.4,189,14,0.6,1.8,0.6,187,20,0.6,1.8,0.6,187,20,0,29.75,-0.1,0,0,0,44.4,50.2,51.4,0.32,0.27,0.25
BEAC,2019-11-08 05:20:00 EST,41.52875,-73.94527,296,27.4,28.7,27.4,80.3,22.1,,,,,1.0,2.8,0.7,281,24,1.4,2.9,0.6,274,33,1.4,2.9,0.6,274,33,0,29.75,-0.1,0,0,0,44.1,50.2,51.4,0.32,0.27,0.25
BEAC,2019-11-08 05:25:00 EST,41.52875,-73.94527,296,27.5,29.0,27.5,79.7,22.1,,,,,2.0,2.9,0.5,320,11,2.2,3.3,0.4,322,10,2.2,3.3,0.4,322,10,0,29.75,0.0,0,0,0,44.1,50.2,51.4,0.32,0.27,0.25
BEAC,2019-11-08 05:30:00 EST,41.52875,-73.94527,296,28.4,29.1,28.4,77.5,22.3,,,,,1.7,2.7,0.5,318,21,1.9,3.6,0.7,320,21,1.9,3.6,0.7,320,21,0,29.76,-0.2,0,0,0,44.0,50.2,51.4,0.32,0.27,0.25
BEAC,2019-11-08 05:35:00 EST,41.52875,-73.94527,296,26.6,28.9,26.6,78.0,20.7,,,,,1.6,2.6,0.4,317,11,1.7,2.6,0.4,318,12,1.7,2.6,0.4,318,12,0,29.76,-0.0,0,0,0,43.9,50.2,51.4,0.32,0.27,0.25
BEAC,2019-11-08 05:40:00 EST,41.52875,-73.94527,296,26.6,29.1,26.6,80.7,21.5,,,,,2.5,4.7,0.6,316,13,2.7,5.5,0.7,319,13,2.7,5.5,0.7,319,13,0,29.76,0.1,0,0,0,43.9,50.2,51.4,0.32,0.27,0.25
BEAC,2019-11-08 05:45:00 EST,41.52875,-73.94527,296,27.9,29.2,27.9,77.0,21.6,,,,,2.1,4.1,0.6,309,15,2.3,4.5,0.7,311,14,2.3,4.5,0.7,311,14,0,29.76,-0.1,0,0,0,43.9,50.2,51.4,0.32,0.27,0.25
BEAC,2019-11-08 05:50:00 EST,41.52875,-73.94527,296,26.3,28.9,26.3,78.5,20.6,,,,,1.0,2.6,0.7,319,24,1.2,2.5,0.7,323,26,1.2,2.5,0.7,323,26,0,29.76,-0.1,0,0,0,43.7,50.2,51.4,0.32,0.27,0.25
BEAC,2019-11-08 05:55:00 EST,41.52875,-73.94527,296,25.3,27.6,25.3,84.9,21.4,,,,,1.0,2.1,0.9,154,3,1.3,2.3,0.7,153,11,1.3,2.3,0.7,153,11,0,29.76,-0.0,0,0,0,43.7,50.2,51.4,0.32,0.27,0.25
BEAC,2019-11-08 06:00:00 EST,41.52875,-73.94527,296,25.4,26.7,25.4,87.8,22.3,,,,,1.2,2.1,0.4,170,32,1.3,2.2,0.3,174,34,1.3,2.2,0.3,174,34,0,29.76,0.0,0,0,0,43.7,50.2,51.4,0.32,0.27,0.25
BEAC,2019-11-08 06:05:00 EST,41.52875,-73.94527,296,26.0,28.1,26.0,89.6,23.4,,,,,2.2,3.6,0.6,245,16,2.5,3.8,0.6,245,18,2.5,3.8,0.6,245,18,0,29.76,-0.1,0,0,0,43.5,50.2,51.4,0.32,0.27,0.25
BEAC,2019-11-08 06:10:00 EST,41.52875,-73.94527,296,25.5,27.9,25.5,89.5,22.8,,,,,0.9,2.8,0.6,214,7,1.0,2.4,0.5,218,10,1.0,2.4,0.5,218,10,0,29.76,-0.0,0,0,0,43.5,50.2,51.4,0.32,0.27,0.25
BEAC,2019-11-08 06:15:00 EST,41.52875,-73.94527,296,25.0,27.6,25.0,91.0,22.7,,,,,0.6,2.1,0.6,273,6,0.9,2.6,0.7,272,10,0.9,2.6,0.7,272,10,0,29.76,-0.0,0,0,0,43.5,50.2,51.4,0.32,0.27,0.25
BEAC,2019-11-08 06:20:00 EST,41.52875,-73.94527,296,25.2,27.2,25.2,92.3,23.3,,,,,0.4,1.2,0.4,62,9,0.7,1.6,0.5,43,27,0.7,1.6,0.5,43,27,0,29.76,0.0,0,0,0,43.5,50.2,51.4,0.32,0.27,0.25
BEAC,2019-11-08 06:25:00 EST,41.52875,-73.94527,296,26.2,28.1,26.2,92.4,24.3,,,,,0.9,2.3,0.7,282,12,1.3,2.7,0.7,287,16,1.3,2.7,0.7,287,16,1,29.76,-0.0,0,0,0,43.4,50.2,51.4,0.32,0.27,0.25
BEAC,2019-11-08 06:30:00 EST,41.52875,-73.94527,296,27.6,28.7,27.6,85.6,23.8,,,,,2.3,3.1,0.7,311,11,2.2,3.3,0.6,312,12,2.2,3.3,0.6,312,12,2,29.77,-0.0,0,0,0,43.3,50.2,51.4,0.32,0.27,0.25
BEAC,2019-11-08 06:35:00 EST,41.52875,-73.94527,296,28.2,28.7,28.2,77.3,22.0,,,,,2.5,3.2,0.3,302,12,2.5,3.4,0.3,306,11,2.5,3.4,0.3,306,11,3,29.77,-0.0,0,0,0,43.3,50.2,51.4,0.32,0.27,0.25
BEAC,2019-11-08 06:40:00 EST,41.52875,-73.94527,296,28.0,28.7,24.7,76.2,21.5,,,,,2.8,5.0,0.7,292,13,3.1,6.0,0.9,294,13,3.1,6.0,0.9,294,13,5,29.77,-0.0,0,0,0,43.2,50.2,51.4,0.32,0.27,0.25
BEAC,2019-11-08 06:45:00 EST,41.52875,-73.94527,296,28.0,28.6,22.9,74.7,21.0,,,,,4.2,6.6,1.0,289,10,4.5,7.2,1.2,291,11,4.5,7.2,1.2,291,11,8,29.78,0.0,0,0,0,43.2,50.2,51.4,0.32,0.27,0.25
BEAC,2019-11-08 06:50:00 EST,41.52875,-73.94527,296,28.0,28.7,22.7,74.2,20.9,,,,,4.2,6.9,0.9,281,11,4.7,7.9,1.1,283,10,4.7,7.9,1.1,283,10,11,29.78,-0.0,0,0,0,43.2,50.2,51.4,0.32,0.27,0.25
BEAC,2019-11-08 06:55:00 EST,41.52875,-73.94527,296,27.7,28.4,24.0,75.3,20.9,,,,,3.0,4.4,0.5,275,8,3.3,5.2,0.6,277,8,3.3,5.2,0.6,277,8,14,29.78,-0.0,0,0,0,43.2,50.2,51.4,0.31,0.27,0.25
BEAC,2019-11-08 07:00:00 EST,41.52875,-73.94527,296,27.7,28.6,23.9,76.9,21.4,,,,,3.2,5.1,0.5,279,9,3.4,6.1,0.6,281,9,3.4,6.1,0.6,281,9,31,29.79,0.0,0,0,0,43.1,50.2,51.4,0.31,0.27,0.25
BEAC,2019-11-08 07:05:00 EST,41.52875,-73.94527,296,28.5,29.0,24.8,74.8,21.5,,,,,3.1,5.9,1.1,283,16,3.4,7.4,1.3,285,16,3.4,7.4,1.3,285,16,65,29.79,0.0,0,0,0,43.0,50.2,51.4,0.31,0.27,0.25
BEAC,2019-11-08 07:10:00 EST,41.52875,-73.94527,296,29.2,29.3,29.2,73.4,21.7,,,,,2.2,4.5,0.8,279,18,2.6,5.3,1.0,279,17,2.6,5.3,1.0,279,17,78,29.79,0.0,0,0,0,43.0,50.2,51.4,0.32,0.27,0.25
BEAC,2019-11-08 07:15:00 EST,41.52875,-73.94527,296,29.6,29.4,29.6,71.9,21.6,,,,,1.8,3.5,0.9,265,12,2.1,3.9,1.0,267,13,2.1,3.9,1.0,267,13,90,29.79,0.0,0,0,0,43.0,50.1,51.4,0.32,0.27,0.25
BEAC,2019-11-08 07:20:00 EST,41.52875,-73.94527,296,29.9,29.7,29.9,71.4,21.7,,,,,1.0,2.3,0.7,229,33,1.4,2.6,0.6,225,32,1.4,2.6,0.6,225,32,93,29.79,0.0,0,0,0,43.0,50.1,51.4,0.32,0.27,0.25
BEAC,2019-11-08 07:25:00 EST,41.52875,-73.94527,296,30.0,29.8,30.0,70.6,21.6,,,,,2.1,6.4,1.4,251,46,2.4,7.2,1.6,256,46,2.4,7.2,1.6,256,46,44,29.79,0.1,0,0,0,43.0,49.9,51.4,0.32,0.27,0.25
BEAC,2019-11-08 07:30:00 EST,41.52875,-73.94527,296,30.1,30.1,26.1,69.2,21.3,,,,,3.5,6.9,1.3,279,23,3.9,7.8,1.5,279,23,3.9,7.8,1.5,279,23,35,29.79,0.0,0,0,0,43.0,49.8,51.4,0.32,0.27,0.25
BEAC,2019-11-08 07:35:00 EST,41.52875,-73.94527,296,30.1,30.1,30.1,71.3,21.9,,,,,2.3,4.1,0.7,281,28,2.5,5.1,0.8,282,31,2.5,5.1,0.8,282,31,34,29.79,0.0,0,0,0,43.0,49.8,51.4,0.32,0.27,0.25
BEAC,2019-11-08 07:40:00 EST,41.52875,-73.94527,296,30.0,30.1,27.0,70.0,21.4,,,,,2.7,4.6,0.8,267,17,3.0,5.4,0.9,267,18,3.0,5.4,0.9,267,18,34,29.79,-0.0,0,0,0,43.0,49.8,51.4,0.32,0.27,0.25
BEAC,2019-11-08 07:45:00 EST,41.52875,-73.94527,296,30.1,30.2,26.5,71.1,21.9,,,,,3.2,5.2,1.0,245,12,3.5,5.9,1.1,244,12,3.5,5.9,1.1,244,12,145,29.79,0.0,0,0,0,43.0,49.8,51.4,0.32,0.27,0.25
BEAC,2019-11-08 07:50:00 EST,41.52875,-73.94527,296,30.6,30.4,25.1,70.6,22.2,,,,,4.9,8.1,1.1,267,12,5.3,9.2,1.2,268,11,5.3,9.2,1.2,268,11,172,29.80,0.0,0,0,0,43.0,49.8,51.4,0.32,0.27,0.25
BEAC,2019-11-08 07:55:00 EST,41.52875,-73.94527,296,30.9,30.6,25.3,70.3,22.4,,,,,5.0,7.7,1.2,261,17,5.6,9.6,1.5,264,17,5.6,9.6,1.5,264,17,219,29.80,0.0,0,0,0,43.0,49.8,51.4,0.32,0.27,0.25
BEAC,2019-11-08 08:00:00 EST,41.52875,-73.94527,296,31.3,30.9,26.1,70.0,22.6,,,,,4.6,7.7,1.3,263,18,5.2,8.0,1.4,264,17,5.2,8.0,1.4,264,17,230,29.80,0.1,0,0,0,43.0,49.8,51.4,0.32,0.27,0.25
BEAC,2019-11-08 08:05:00 EST,41.52875,-73.94527,296,31.3,31.0,24.9,68.6,22.2,,,,,6.0,9.6,1.5,268,11,6.7,11.0,1.8,269,10,6.7,11.0,1.8,269,10,226,29.80,0.0,0,0,0,43.0,49.8,51.4,0.32,0.27,0.25
BEAC,2019-11-08 08:10:00 EST,41.52875,-73.94527,296,31.5,31.1,24.9,67.8,22.1,,,,,6.2,9.9,1.6,270,13,7.0,11.8,1.9,271,12,7.0,11.8,1.9,271,12,232,29.81,-0.0,0,0,0,43.0,49.8,51.4,0.33,0.27,0.25
BEAC,2019-11-08 08:15:00 EST,41.52875,-73.94527,296,31.3,31.0,23.9,67.3,21.7,,,,,7.3,11.3,1.6,274,13,8.2,12.9,2.0,275,12,8.2,12.9,2.0,275,12,132,29.81,-0.0,0,0,0,43.0,49.8,51.4,0.33,0.27,0.25
BEAC,2019-11-08 08:20:00 EST,41.52875,-73.94527,296,31.4,31.0,24.6,67.7,21.9,,,,,6.5,10.2,1.7,274,13,7.2,12.3,2.0,275,11,7.2,12.3,2.0,275,11,214,29.81,0.0,0,0,0,43.2,49.8,51.4,0.33,0.27,0.25
BEAC,2019-11-08 08:25:00 EST,41.52875,-73.94527,296,31.5,31.2,24.9,67.8,22.1,,,,,6.3,9.0,1.2,273,13,7.0,10.9,1.5,274,11,7.0,10.9,1.5,274,11,168,29.81,-0.0,0,0,0,43.2,49.8,51.4,0.33,0.27,0.25
BEAC,2019-11-08 08:30:00 EST,41.52875,-73.94527,296,31.6,31.3,25.3,68.2,22.3,,,,,6.0,8.8,1.5,270,12,6.7,10.9,1.8,271,11,6.7,10.9,1.8,271,11,183,29.81,0.0,0,0,0,43.2,49.8,51.4,0.33,0.27,0.25
BEAC,2019-11-08 08:35:00 EST,41.52875,-73.94527,296,31.6,31.3,25.3,69.0,22.5,,,,,5.8,9.1,1.5,271,14,6.5,11.1,1.9,272,12,6.5,11.1,1.9,272,12,105,29.81,-0.0,0,0,0,43.2,49.8,51.4,0.33,0.27,0.25
BEAC,2019-11-08 08:40:00 EST,41.52875,-73.94527,296,31.9,31.5,26.6,71.0,23.5,,,,,4.8,8.1,1.9,279,18,5.5,10.5,2.2,279,16,5.5,10.5,2.2,279,16,264,29.81,0.0,0,0,0,43.2,49.8,51.4,0.33,0.27,0.25
BEAC,2019-11-08 08:45:00 EST,41.52875,-73.94527,296,32.1,31.6,26.4,68.6,22.9,,,,,5.3,10.0,1.7,282,16,5.9,12.4,2.0,283,16,5.9,12.4,2.0,283,16,125,29.81,-0.0,0,0,0,43.2,49.8,51.4,0.33,0.27,0.25
BEAC,2019-11-08 08:50:00 EST,41.52875,-73.94527,296,32.0,31.7,27.4,68.0,22.6,,,,,4.3,7.6,1.3,289,17,4.7,9.6,1.6,291,18,4.7,9.6,1.6,291,18,247,29.81,-0.0,0,0,0,43.3,49.7,51.4,0.33,0.27,0.25
BEAC,2019-11-08 08:55:00 EST,41.52875,-73.94527,296,32.9,32.2,28.5,66.8,23.1,,,,,4.2,7.5,1.3,301,22,4.6,8.5,1.5,303,23,4.6,8.5,1.5,303,23,376,29.81,0.1,0,0,0,43.3,49.7,51.4,0.33,0.27,0.25
BEAC,2019-11-08 09:00:00 EST,41.52875,-73.94527,296,33.0,32.4,26.3,65.1,22.6,,,,,7.2,11.0,2.2,294,30,7.7,12.5,2.4,295,31,7.7,12.5,2.4,295,31,318,29.81,-0.1,0,0,0,43.3,49.7,51.4,0.33,0.27,0.25
BEAC,2019-11-08 09:05:00 EST,41.52875,-73.94527,296,33.4,32.8,28.1,65.3,23.0,,,,,5.4,12.2,2.8,313,15,5.6,12.2,2.8,316,15,5.6,12.2,2.8,316,15,401,29.81,-0.0,0,0,0,43.4,49.6,51.4,0.34,0.27,0.25
BEAC,2019-11-08 09:10:00 EST,41.52875,-73.94527,296,33.8,33.0,28.4,65.1,23.3,,,,,5.3,11.3,2.0,314,30,6.0,11.9,2.1,316,29,6.0,11.9,2.1,316,29,308,29.81,-0.1,0,0,0,43.5,49.6,51.4,0.34,0.27,0.25
BEAC,2019-11-08 09:15:00 EST,41.52875,-73.94527,296,34.1,33.3,27.4,59.1,21.3,,,,,7.6,17.9,4.8,321,30,8.0,22.7,4.7,325,29,8.0,22.7,4.7,325,29,274,29.81,-0.1,0,0,0,43.5,49.6,51.4,0.34,0.27,0.25
BEAC,2019-11-08 09:20:00 EST,41.52875,-73.94527,296,33.8,33.2,26.1,55.3,19.4,,,,,9.2,18.6,3.5,315,21,9.8,18.0,3.5,316,20,9.8,18.0,3.5,316,20,443,29.81,-0.0,0,0,0,43.5,49.6,51.4,0.34,0.27,0.25
BEAC,2019-11-08 09:25:00 EST,41.52875,-73.94527,296,34.4,33.6,25.7,53.6,19.2,,,,,11.4,17.6,2.9,323,23,12.1,21.1,3.3,325,23,12.1,21.1,3.3,325,23,440,29.81,-0.0,0,0,0,43.7,49.6,51.4,0.34,0.27,0.25
BEAC,2019-11-08 09:30:00 EST,41.52875,-73.94527,296,34.2,33.5,25.2,52.0,18.4,,,,,11.9,17.8,2.9,327,16,12.6,21.0,3.2,331,15,12.6,21.0,3.2,331,15,405,29.82,-0.0,0,0,0,43.7,49.6,51.4,0.34,0.27,0.25
BEAC,2019-11-08 09:35:00 EST,41.52875,-73.94527,296,33.6,33.1,25.6,50.5,17.1,,,,,9.8,15.2,2.4,315,14,10.1,18.5,2.7,317,14,10.1,18.5,2.7,317,14,285,29.82,-0.0,0,0,0,43.7,49.6,51.3,0.34,0.27,0.25
BEAC,2019-11-08 09:40:00 EST,41.52875,-73.94527,296,34.0,33.5,25.7,51.5,18.0,,,,,10.0,18.6,2.7,334,19,11.1,21.5,3.0,336,17,11.1,21.5,3.0,336,17,300,29.82,-0.0,0,0,0,43.8,49.6,51.3,0.34,0.27,0.25
BEAC,2019-11-08 09:45:00 EST,41.52875,-73.94527,296,33.7,33.3,24.4,49.5,16.8,,,,,12.5,26.1,3.8,329,21,13.3,25.7,4.1,331,15,13.3,25.7,4.1,331,15,224,29.82,-0.1,0,0,0,43.9,49.6,51.3,0.34,0.27,0.25
BEAC,2019-11-08 09:50:00 EST,41.52875,-73.94527,296,33.0,32.7,23.6,49.6,16.2,,,,,12.9,19.3,3.0,318,15,13.2,20.7,3.0,319,14,13.2,20.7,3.0,319,14,159,29.82,-0.1,0,0,0,43.9,49.6,51.3,0.34,0.27,0.25
BEAC,2019-11-08 09:55:00 EST,41.52875,-73.94527,296,33.4,33.0,25.3,51.0,17.2,,,,,10.1,19.1,2.5,317,14,10.4,17.1,2.5,319,15,10.4,17.1,2.5,319,15,400,29.82,0.1,0,0,0,43.9,49.6,51.3,0.34,0.27,0.25
BEAC,2019-11-08 10:00:00 EST,41.52875,-73.94527,296,34.0,33.5,26.2,50.1,17.3,,,,,9.4,15.5,2.4,331,18,10.0,15.7,2.4,335,17,10.0,15.7,2.4,335,17,262,29.83,-0.1,0,0,0,43.9,49.6,51.3,0.34,0.27,0.25
BEAC,2019-11-08 10:05:00 EST,41.52875,-73.94527,296,33.6,33.2,25.0,50.4,17.1,,,,,11.0,16.8,2.8,302,17,11.4,18.0,3.0,303,16,11.4,18.0,3.0,303,16,183,29.83,-0.2,0,0,0,43.9,49.6,51.3,0.34,0.27,0.25
BEAC,2019-11-08 10:10:00 EST,41.52875,-73.94527,296,33.0,32.7,23.3,49.6,16.2,,,,,13.5,22.6,3.5,320,17,13.9,24.9,3.6,322,15,13.9,24.9,3.6,322,15,184,29.83,-0.0,0,0,0,43.9,49.6,51.3,0.34,0.27,0.25
BEAC,2019-11-08 10:15:00 EST,41.52875,-73.94527,296,33.1,32.7,23.9,49.5,16.2,,,,,12.4,21.6,2.8,315,16,12.6,19.5,3.0,318,14,12.6,19.5,3.0,318,14,220,29.83,-0.1,0,0,0,43.9,49.6,51.3,0.34,0.27,0.25
BEAC,2019-11-08 10:20:00 EST,41.52875,-73.94527,296,32.9,32.6,23.8,49.2,15.9,,,,,11.8,20.3,2.8,324,18,12.4,19.6,3.1,327,16,12.4,19.6,3.1,327,16,186,29.83,-0.1,0,0,0,44.1,49.6,51.3,0.34,0.27,0.25
BEAC,2019-11-08 10:25:00 EST,41.52875,-73.94527,296,33.0,32.7,24.1,49.3,16.1,,,,,11.3,17.6,3.1,331,19,11.9,20.6,3.2,333,14,11.9,20.6,3.2,333,14,193,29.84,-0.0,0,0,0,44.1,49.6,51.3,0.34,0.27,0.25
BEAC,2019-11-08 10:30:00 EST,41.52875,-73.94527,296,33.4,33.0,24.7,49.1,16.3,,,,,11.1,17.8,3.0,318,18,11.6,18.3,3.2,321,17,11.6,18.3,3.2,321,17,256,29.84,0.0,0,0,0,44.1,49.6,51.3,0.34,0.27,0.25
BEAC,2019-11-08 10:35:00 EST,41.52875,-73.94527,296,33.8,33.1,25.4,50.2,17.2,,,,,10.1,19.5,3.1,337,24,11.1,23.5,3.7,340,19,11.1,23.5,3.7,340,19,448,29.84,-0.0,0,0,0,44.1,49.5,51.3,0.34,0.27,0.25
BEAC,2019-11-08 10:40:00 EST,41.52875,-73.94527,296,33.6,32.9,25.4,50.0,17.0,,,,,9.5,19.3,3.8,360,15,10.7,19.6,4.1,3,13,10.7,19.6,4.1,3,13,340,29.84,-0.1,0,0,0,44.1,49.5,51.3,0.34,0.27,0.25
BEAC,2019-11-08 10:45:00 EST,41.52875,-73.94527,296,32.9,32.5,24.5,49.7,16.1,,,,,9.6,19.4,3.1,3,20,10.6,20.2,3.3,4,17,10.6,20.2,3.3,4,17,164,29.84,-0.1,0,0,0,44.1,49.5,51.3,0.34,0.27,0.25
BEAC,2019-11-08 10:50:00 EST,41.52875,-73.94527,296,32.6,32.3,23.6,50.5,16.2,,,,,10.4,17.1,3.4,354,25,11.7,19.6,4.0,356,17,11.7,19.6,4.0,356,17,150,29.84,-0.1,0,0,0,44.1,49.5,51.3,0.34,0.27,0.25
BEAC,2019-11-08 10:55:00 EST,41.52875,-73.94527,296,32.7,32.4,24.4,50.4,16.3,,,,,9.0,14.0,2.3,351,15,10.4,16.2,2.6,353,12,10.4,16.2,2.6,353,12,239,29.84,-0.0,0,0,0,44.1,49.5,51.3,0.34,0.27,0.25
BEAC,2019-11-08 11:00:00 EST,41.52875,-73.94527,296,,,,,,,,,,,,,,,,,,,,,,,,,,,,,,,,,,,,
BEAC,2019-11-08 11:05:00 EST,41.52875,-73.94527,296,,,,,,,,,,,,,,,,,,,,,,,,,,,,,,,,,,,,
BEAC,2019-11-08 11:10:00 EST,41.52875,-73.94527,296,,,,,,,,,,,,,,,,,,,,,,,,,,,,,,,,,,,,
BEAC,2019-11-08 11:15:00 EST,41.52875,-73.94527,296,,,,,,,,,,,,,,,,,,,,,,,,,,,,,,,,,,,,
BEAC,2019-11-08 11:20:00 EST,41.52875,-73.94527,296,,,,,,,,,,,,,,,,,,,,,,,,,,,,,,,,,,,,
BEAC,2019-11-08 11:25:00 EST,41.52875,-73.94527,296,,,,,,,,,,,,,,,,,,,,,,,,,,,,,,,,,,,,
BEAC,2019-11-08 11:30:00 EST,41.52875,-73.94527,296,,,,,,,,,,,,,,,,,,,,,,,,,,,,,,,,,,,,
BEAC,2019-11-08 11:35:00 EST,41.52875,-73.94527,296,,,,,,,,,,,,,,,,,,,,,,,,,,,,,,,,,,,,
BEAC,2019-11-08 11:40:00 EST,41.52875,-73.94527,296,,,,,,,,,,,,,,,,,,,,,,,,,,,,,,,,,,,,
BEAC,2019-11-08 11:45:00 EST,41.52875,-73.94527,296,,,,,,,,,,,,,,,,,,,,,,,,,,,,,,,,,,,,
BEAC,2019-11-08 11:50:00 EST,41.52875,-73.94527,296,,,,,,,,,,,,,,,,,,,,,,,,,,,,,,,,,,,,
BEAC,2019-11-08 11:55:00 EST,41.52875,-73.94527,296,,,,,,,,,,,,,,,,,,,,,,,,,,,,,,,,,,,,
BEAC,2019-11-08 12:00:00 EST,41.52875,-73.94527,296,,,,,,,,,,,,,,,,,,,,,,,,,,,,,,,,,,,,
BEAC,2019-11-08 12:05:00 EST,41.52875,-73.94527,296,,,,,,,,,,,,,,,,,,,,,,,,,,,,,,,,,,,,
BEAC,2019-11-08 12:10:00 EST,41.52875,-73.94527,296,,,,,,,,,,,,,,,,,,,,,,,,,,,,,,,,,,,,
BEAC,2019-11-08 12:15:00 EST,41.52875,-73.94527,296,,,,,,,,,,,,,,,,,,,,,,,,,,,,,,,,,,,,
BEAC,2019-11-08 12:20:00 EST,41.52875,-73.94527,296,,,,,,,,,,,,,,,,,,,,,,,,,,,,,,,,,,,,
BEAC,2019-11-08 12:25:00 EST,41.52875,-73.94527,296,,,,,,,,,,,,,,,,,,,,,,,,,,,,,,,,,,,,
BEAC,2019-11-08 12:30:00 EST,41.52875,-73.94527,296,,,,,,,,,,,,,,,,,,,,,,,,,,,,,,,,,,,,
BEAC,2019-11-08 12:35:00 EST,41.52875,-73.94527,296,34.0,33.4,24.7,40.0,12.2,,,0.00,,12.4,22.1,3.7,337,19,13.5,23.8,4.1,340,12,13.5,23.8,4.1,340,12,346,29.83,-0.1,0,0,0,44.6,49.3,51.1,0.33,0.26,0.25
BEAC,2019-11-08 12:40:00 EST,41.52875,-73.94527,296,33.5,33.2,24.4,39.3,11.3,,,0.00,,11.3,18.3,3.2,344,21,12.4,19.8,3.5,346,14,12.4,19.8,3.5,346,14,180,29.83,-0.1,0,0,0,44.7,49.3,51.1,0.33,0.26,0.25
BEAC,2019-11-08 12:45:00 EST,41.52875,-73.94527,296,33.0,32.8,24.3,38.7,10.6,,,0.00,,10.4,17.5,2.8,335,19,11.4,19.3,3.2,340,15,11.4,19.3,3.2,340,15,184,29.83,-0.1,0,0,0,44.8,49.3,51.1,0.33,0.26,0.25
BEAC,2019-11-08 12:50:00 EST,41.52875,-73.94527,296,33.8,33.2,24.4,38.2,10.9,,,0.00,,13.0,20.7,3.7,325,15,13.4,21.1,3.8,327,14,13.4,21.1,3.8,327,14,357,29.83,-0.1,0,0,0,44.8,49.3,51.1,0.33,0.26,0.25
BEAC,2019-11-08 12:55:00 EST,41.52875,-73.94527,296,33.4,33.1,24.6,37.8,10.4,,,0.00,,11.1,19.3,2.9,330,21,11.9,19.9,3.2,332,16,11.9,19.9,3.2,332,16,200,29.83,-0.1,0,0,0,44.8,49.3,51.1,0.33,0.26,0.25
BEAC,2019-11-08 13:00:00 EST,41.52875,-73.94527,296,33.2,33.0,24.6,37.3,9.9,,,0.00,,10.8,16.7,2.2,333,14,11.4,16.8,2.6,337,12,11.4,16.8,2.6,337,12,117,29.83,-0.1,0,0,0,44.8,49.3,51.1,0.33,0.26,0.25
BEAC,2019-11-08 13:05:00 EST,41.52875,-73.94527,296,33.5,33.2,24.3,37.4,10.3,,,0.00,,11.9,18.3,3.3,337,18,13.1,20.8,3.6,338,18,13.1,20.8,3.6,338,18,243,29.82,-0.1,0,0,0,44.8,49.3,51.1,0.33,0.26,0.25
BEAC,2019-11-08 13:10:00 EST,41.52875,-73.94527,296,33.3,33.1,23.2,37.3,10.0,,,0.00,,13.8,19.9,3.3,348,24,15.3,24.8,3.7,350,13,15.3,24.8,3.7,350,13,146,29.82,-0.1,0,0,0,44.8,49.3,51.1,0.34,0.26,0.25
BEAC,2019-11-08 13:15:00 EST,41.52875,-73.94527,296,33.4,33.1,25.0,37.8,10.4,,,0.00,,10.4,17.1,2.6,325,28,11.0,20.1,3.0,329,26,11.0,20.1,3.0,329,26,287,29.83,0.0,0,0,0,44.7,49.3,51.1,0.34,0.26,0.25
BEAC,2019-11-08 13:20:00 EST,41.52875,-73.94527,296,34.8,34.1,27.4,37.8,11.6,,,0.00,,8.5,13.9,2.2,344,20,9.5,17.6,2.6,345,14,9.5,17.6,2.6,345,14,372,29.83,-0.1,0,0,0,44.6,49.3,51.1,0.34,0.26,0.25
BEAC,2019-11-08 13:25:00 EST,41.52875,-73.94527,296,34.2,33.7,25.6,37.8,11.1,,,0.00,,10.5,15.8,2.6,353,19,11.9,18.1,2.7,353,12,11.9,18.1,2.7,353,12,351,29.83,0.0,0,0,0,44.6,49.3,51.1,0.34,0.26,0.25
BEAC,2019-11-08 13:30:00 EST,41.52875,-73.94527,296,35.7,34.7,29.1,38.6,12.9,,,0.00,,7.6,17.6,2.2,350,22,8.5,15.5,2.3,352,19,8.5,15.5,2.3,352,19,487,29.83,0.1,0,0,0,44.6,49.3,51.1,0.34,0.26,0.25
BEAC,2019-11-08 13:35:00 EST,41.52875,-73.94527,296,35.5,34.8,27.3,37.1,11.8,,,0.00,,10.8,19.9,3.7,339,20,11.8,20.8,3.9,340,16,11.8,20.8,3.9,340,16,357,29.83,-0.1,0,0,0,44.6,49.3,51.1,0.34,0.26,0.25
BEAC,2019-11-08 13:40:00 EST,41.52875,-73.94527,296,34.5,34.1,26.0,36.6,10.7,,,0.00,,10.9,16.6,2.5,340,18,11.9,20.4,3.0,342,16,11.9,20.4,3.0,342,16,290,29.83,-0.1,0,0,0,44.6,49.3,51.1,0.34,0.26,0.25
BEAC,2019-11-08 13:45:00 EST,41.52875,-73.94527,296,35.0,34.4,27.8,38.5,12.2,,,0.00,,8.3,14.8,2.7,333,26,9.2,18.7,3.0,336,21,9.2,18.7,3.0,336,21,413,29.83,-0.0,0,0,0,44.6,49.3,51.1,0.34,0.26,0.25
BEAC,2019-11-08 13:50:00 EST,41.52875,-73.94527,296,35.9,35.1,29.4,38.7,13.1,,,0.00,,7.9,13.4,1.9,315,21,8.4,15.8,2.4,316,20,8.4,15.8,2.4,316,20,394,29.83,-0.2,0,0,0,44.6,49.3,51.1,0.34,0.26,0.25
BEAC,2019-11-08 13:55:00 EST,41.52875,-73.94527,296,35.5,34.7,27.7,38.4,12.6,,,0.00,,10.2,21.6,3.8,314,17,10.8,21.4,3.7,315,18,10.8,21.4,3.7,315,18,345,29.83,-0.1,0,0,0,44.6,49.3,51.1,0.34,0.26,0.25
BEAC,2019-11-08 14:00:00 EST,41.52875,-73.94527,296,34.3,33.9,25.8,37.6,11.1,,,0.00,,11.1,16.6,2.3,324,21,11.9,17.3,2.6,325,20,11.9,17.3,2.6,325,20,136,29.83,-0.2,0,0,0,44.6,49.3,51.1,0.34,0.26,0.25
BEAC,2019-11-08 14:05:00 EST,41.52875,-73.94527,296,33.4,33.2,25.2,37.8,10.3,,,0.00,,10.0,18.3,2.6,318,15,10.5,17.0,2.5,322,13,10.5,17.0,2.5,322,13,100,29.84,-0.1,0,0,0,44.6,49.3,51.1,0.33,0.26,0.25
BEAC,2019-11-08 14:10:00 EST,41.52875,-73.94527,296,34.1,33.6,26.6,38.2,11.3,,,0.00,,8.9,15.2,2.5,307,16,9.5,15.6,2.5,310,13,9.5,15.6,2.5,310,13,411,29.84,0.0,0,0,0,44.6,49.3,51.1,0.34,0.26,0.25
BEAC,2019-11-08 14:15:00 EST,41.52875,-73.94527,296,35.5,34.7,27.9,38.2,12.5,,,0.00,,9.5,17.0,4.1,322,18,10.2,19.4,4.0,325,17,10.2,19.4,4.0,325,17,477,29.84,-0.0,0,0,0,44.6,49.3,51.1,0.34,0.26,0.25
BEAC,2019-11-08 14:20:00 EST,41.52875,-73.94527,296,35.5,34.7,26.3,37.3,12.0,,,0.00,,13.6,20.5,3.6,333,15,14.4,22.7,3.8,335,12,14.4,22.7,3.8,335,12,446,29.84,-0.1,0,0,0,44.7,49.3,51.1,0.34,0.26,0.25
BEAC,2019-11-08 14:25:00 EST,41.52875,-73.94527,296,35.3,34.6,27.1,37.6,12.0,,,0.00,,10.6,16.8,2.8,338,21,11.7,18.5,3.2,341,14,11.7,18.5,3.2,341,14,395,29.84,-0.1,0,0,0,44.7,49.3,51.1,0.34,0.26,0.25
BEAC,2019-11-08 14:30:00 EST,41.52875,-73.94527,296,35.3,34.7,27.2,38.0,12.2,,,0.00,,10.8,17.0,3.2,319,21,11.5,18.5,3.2,323,19,11.5,18.5,3.2,323,19,370,29.84,0.0,0,0,0,44.7,49.3,51.1,0.33,0.26,0.25
BEAC,2019-11-08 14:35:00 EST,41.52875,-73.94527,296,35.0,34.5,26.1,37.5,11.6,,,0.00,,11.7,21.5,3.5,343,14,13.0,24.0,3.7,346,12,13.0,24.0,3.7,346,12,362,29.84,-0.1,0,0,0,44.7,49.3,51.1,0.33,0.26,0.25
BEAC,2019-11-08 14:40:00 EST,41.52875,-73.94527,296,34.9,34.3,25.9,37.6,11.6,,,0.00,,11.9,19.8,3.7,343,22,13.3,24.1,4.1,343,15,13.3,24.1,4.1,343,15,353,29.84,-0.2,0,0,0,44.8,49.3,51.1,0.34,0.26,0.25
BEAC,2019-11-08 14:45:00 EST,41.52875,-73.94527,296,34.7,34.2,25.1,37.5,11.4,,,0.00,,13.4,19.4,3.1,355,18,14.8,23.6,3.9,355,15,14.8,23.6,3.9,355,15,351,29.84,0.0,0,0,0,44.8,49.3,51.1,0.33,0.26,0.25
BEAC,2019-11-08 14:50:00 EST,41.52875,-73.94527,296,34.9,34.5,26.5,38.0,11.9,,,0.00,,10.6,19.6,3.7,355,22,12.0,21.6,4.1,358,10,12.0,21.6,4.1,358,10,333,29.84,-0.0,0,0,0,44.8,49.3,51.1,0.33,0.26,0.25
BEAC,2019-11-08 14:55:00 EST,41.52875,-73.94527,296,35.1,34.5,26.6,38.5,12.3,,,0.00,,10.7,21.8,4.6,348,29,12.1,23.7,5.1,349,12,12.1,23.7,5.1,349,12,313,29.85,-0.1,0,0,0,44.8,49.3,51.1,0.33,0.26,0.25
BEAC,2019-11-08 15:00:00 EST,41.52875,-73.94527,296,34.5,34.1,25.1,38.6,11.8,,,0.00,,12.6,19.7,3.6,349,16,14.2,23.1,4.3,352,11,14.2,23.1,4.3,352,11,273,29.85,-0.1,0,0,0,44.7,49.3,51.1,0.33,0.26,0.25
BEAC,2019-11-08 15:05:00 EST,41.52875,-73.94527,296,34.4,34.0,25.4,38.4,11.6,,,0.00,,12.2,19.5,3.0,328,14,12.9,21.1,3.2,331,12,12.9,21.1,3.2,331,12,238,29.85,-0.1,0,0,0,44.7,49.3,51.1,0.33,0.26,0.25
BEAC,2019-11-08 15:10:00 EST,41.52875,-73.94527,296,34.4,34.1,26.3,38.6,11.7,,,0.00,,9.7,15.6,2.5,332,19,10.8,18.0,2.8,335,15,10.8,18.0,2.8,335,15,223,29.85,-0.1,0,0,0,44.6,49.3,51.1,0.33,0.26,0.25
BEAC,2019-11-08 15:15:00 EST,41.52875,-73.94527,296,34.0,33.9,25.1,38.4,11.3,,,0.00,,11.7,17.7,2.7,340,18,12.5,20.8,2.9,341,15,12.5,20.8,2.9,341,15,212,29.85,-0.1,0,0,0,44.6,49.3,51.1,0.34,0.26,0.25
BEAC,2019-11-08 15:20:00 EST,41.52875,-73.94527,296,34.0,33.8,25.8,39.6,12.0,,,0.00,,10.3,18.1,3.1,328,15,10.9,17.7,2.9,330,14,10.9,17.7,2.9,330,14,199,29.85,-0.1,0,0,0,44.6,49.3,51.1,0.34,0.26,0.25
BEAC,2019-11-08 15:25:00 EST,41.52875,-73.94527,296,33.9,33.7,25.8,39.1,11.6,,,0.00,,9.8,19.8,3.5,333,15,10.5,22.3,3.9,336,14,10.5,22.3,3.9,336,14,183,29.86,-0.1,0,0,0,44.6,49.3,51.1,0.34,0.26,0.25
BEAC,2019-11-08 15:30:00 EST,41.52875,-73.94527,296,33.8,33.7,24.8,38.9,11.3,,,0.00,,11.5,18.5,3.4,333,19,12.4,19.6,3.5,334,16,12.4,19.6,3.5,334,16,164,29.86,-0.1,0,0,0,44.6,49.3,51.1,0.34,0.26,0.25
BEAC,2019-11-08 15:35:00 EST,41.52875,-73.94527,296,33.6,33.5,25.2,39.4,11.5,,,0.00,,11.0,19.5,2.9,322,16,11.2,18.7,3.2,324,13,11.2,18.7,3.2,324,13,157,29.86,-0.1,0,0,0,44.5,49.3,51.1,0.34,0.26,0.25
BEAC,2019-11-08 15:40:00 EST,41.52875,-73.94527,296,33.5,33.4,25.7,39.5,11.5,,,0.00,,9.4,16.4,2.5,330,14,9.9,18.6,2.8,333,12,9.9,18.6,2.8,333,12,141,29.86,-0.1,0,0,0,44.4,49.3,51.0,0.34,0.26,0.25
BEAC,2019-11-08 15:45:00 EST,41.52875,-73.94527,296,33.6,33.5,26.9,40.4,12.0,,,0.00,,7.5,11.5,1.8,324,16,7.9,14.0,2.0,328,16,7.9,14.0,2.0,328,16,152,29.86,-0.1,0,0,0,44.4,49.3,50.9,0.34,0.26,0.25
BEAC,2019-11-08 15:50:00 EST,41.52875,-73.94527,296,33.7,33.5,26.6,40.7,12.3,,,0.00,,7.9,13.1,2.5,324,18,8.4,15.0,2.6,327,15,8.4,15.0,2.6,327,15,145,29.87,-0.1,0,0,0,44.4,49.3,50.9,0.33,0.26,0.25
BEAC,2019-11-08 15:55:00 EST,41.52875,-73.94527,296,33.7,33.5,26.3,41.3,12.6,,,0.00,,8.5,13.2,2.3,326,16,9.0,14.1,2.4,328,16,9.0,14.1,2.4,328,16,121,29.87,-0.1,0,0,0,44.4,49.2,50.8,0.33,0.26,0.25
BEAC,2019-11-08 16:00:00 EST,41.52875,-73.94527,296,33.7,33.6,26.4,41.2,12.5,,,0.00,,8.7,17.6,3.0,316,15,8.8,16.9,2.8,317,13,8.8,16.9,2.8,317,13,95,29.87,-0.1,0,0,0,44.3,49.2,50.8,0.33,0.26,0.25
BEAC,2019-11-08 16:05:00 EST,41.52875,-73.94527,296,33.2,33.3,26.4,39.3,11.1,,,0.00,,7.5,12.8,2.0,324,20,7.9,14.0,2.3,326,19,7.9,14.0,2.3,326,19,75,29.87,-0.0,0,0,0,44.1,49.2,50.7,0.33,0.26,0.25
BEAC,2019-11-08 16:10:00 EST,41.52875,-73.94527,296,33.0,33.1,25.5,39.7,11.2,,,0.00,,8.2,18.2,2.9,331,22,9.0,20.4,3.2,335,19,9.0,20.4,3.2,335,19,62,29.87,-0.1,0,0,0,44.1,49.2,50.7,0.33,0.26,0.25
BEAC,2019-11-08 16:15:00 EST,41.52875,-73.94527,296,32.8,32.9,24.2,40.3,11.3,,,0.00,,10.3,17.9,2.6,324,22,11.1,18.9,2.6,330,17,11.1,18.9,2.6,330,17,49,29.87,-0.1,0,0,0,44.1,49.3,50.7,0.33,0.26,0.25
BEAC,2019-11-08 16:20:00 EST,41.52875,-73.94527,296,32.4,32.6,23.9,40.5,11.0,,,0.00,,10.1,19.7,2.8,321,17,10.7,20.2,3.3,324,17,10.7,20.2,3.3,324,17,25,29.87,-0.1,0,0,0,44.1,49.2,50.7,0.33,0.26,0.25
BEAC,2019-11-08 16:25:00 EST,41.52875,-73.94527,296,32.2,32.4,23.6,40.3,10.7,,,0.00,,10.0,16.7,2.3,334,19,10.8,18.3,2.8,336,14,10.8,18.3,2.8,336,14,20,29.88,-0.1,0,0,0,44.0,49.1,50.7,0.34,0.26,0.25
BEAC,2019-11-08 16:30:00 EST,41.52875,-73.94527,296,32.1,32.3,24.4,39.5,10.2,,,0.00,,8.3,15.2,2.6,330,17,9.0,18.5,2.9,332,14,9.0,18.5,2.9,332,14,17,29.88,-0.1,0,0,0,43.9,49.1,50.7,0.34,0.26,0.25
BEAC,2019-11-08 16:35:00 EST,41.52875,-73.94527,296,31.8,32.1,24.9,41.0,10.7,,,0.00,,7.0,13.4,2.4,339,27,7.5,15.6,2.7,341,20,7.5,15.6,2.7,341,20,11,29.88,-0.1,0,0,0,43.9,49.1,50.7,0.33,0.26,0.25
BEAC,2019-11-08 16:40:00 EST,41.52875,-73.94527,296,31.8,32.1,23.3,40.5,10.5,,,0.00,,9.5,14.3,2.5,330,19,10.3,17.0,2.9,333,17,10.3,17.0,2.9,333,17,8,29.88,-0.1,0,0,0,43.9,49.1,50.7,0.34,0.26,0.25
BEAC,2019-11-08 16:45:00 EST,41.52875,-73.94527,296,31.8,32.0,23.5,40.3,10.4,,,0.00,,9.5,15.1,2.3,320,16,10.0,16.7,2.6,324,15,10.0,16.7,2.6,324,15,6,29.89,-0.1,0,0,0,43.9,49.1,50.7,0.33,0.26,0.25
BEAC,2019-11-08 16:50:00 EST,41.52875,-73.94527,296,31.4,31.7,24.3,41.6,10.7,,,0.00,,7.0,16.6,2.9,329,17,7.8,18.6,3.0,332,16,7.8,18.6,3.0,332,16,3,29.89,-0.1,0,0,0,43.7,49.1,50.7,0.33,0.26,0.25
BEAC,2019-11-08 16:55:00 EST,41.52875,-73.94527,296,31.2,31.7,23.7,42.4,11.0,,,0.00,,7.7,13.9,2.5,334,17,8.3,15.2,3.0,338,16,8.3,15.2,3.0,338,16,2,29.89,-0.1,0,0,0,43.7,49.1,50.7,0.33,0.26,0.25
BEAC,2019-11-08 17:00:00 EST,41.52875,-73.94527,296,31.3,31.6,24.0,42.5,11.1,,,0.00,,7.6,11.8,2.0,331,15,8.0,13.9,2.3,336,13,8.0,13.9,2.3,336,13,1,29.89,-0.1,0,0,0,43.7,49.1,50.7,0.33,0.26,0.25
BEAC,2019-11-08 17:05:00 EST,41.52875,-73.94527,296,31.1,31.5,24.7,43.3,11.3,,,0.00,,6.1,11.0,1.5,327,17,6.6,13.2,1.8,332,18,6.6,13.2,1.8,332,18,0,29.89,-0.1,0,0,0,43.6,49.1,50.7,0.33,0.26,0.25
BEAC,2019-11-08 17:10:00 EST,41.52875,-73.94527,296,31.1,31.4,23.5,43.9,11.6,,,0.00,,7.9,13.0,2.0,327,17,8.3,12.7,2.0,330,13,8.3,12.7,2.0,330,13,0,29.90,-0.1,0,0,0,43.5,49.1,50.7,0.33,0.26,0.25
BEAC,2019-11-08 17:15:00 EST,41.52875,-73.94527,296,31.0,31.2,23.9,44.3,11.8,,,0.00,,7.1,12.1,2.0,325,12,7.6,13.8,2.2,328,13,7.6,13.8,2.2,328,13,0,29.90,-0.1,0,0,0,43.5,49.1,50.7,0.34,0.26,0.25
BEAC,2019-11-08 17:20:00 EST,41.52875,-73.94527,296,30.8,31.1,24.5,45.4,12.1,,,0.00,,6.2,9.4,1.2,317,12,6.4,9.3,1.2,320,11,6.4,9.3,1.2,320,11,0,29.90,-0.1,0,0,0,43.5,49.1,50.7,0.33,0.26,0.25
BEAC,2019-11-08 17:25:00 EST,41.52875,-73.94527,296,30.6,30.9,23.9,46.4,12.4,,,0.00,,6.6,9.9,1.8,319,15,6.9,10.8,1.8,321,14,6.9,10.8,1.8,321,14,0,29.90,-0.1,0,0,0,43.5,49.1,50.7,0.33,0.26,0.25
BEAC,2019-11-08 17:30:00 EST,41.52875,-73.94527,296,30.4,30.8,23.5,46.8,12.5,,,0.00,,7.0,11.8,1.6,317,12,7.2,12.4,1.8,321,12,7.2,12.4,1.8,321,12,0,29.90,-0.0,0,0,0,43.4,49.1,50.7,0.33,0.26,0.25
BEAC,2019-11-08 17:35:00 EST,41.52875,-73.94527,296,30.3,30.7,24.1,47.3,12.7,,,0.00,,6.1,8.8,1.0,311,11,6.2,9.0,1.1,315,11,6.2,9.0,1.1,315,11,0,29.91,-0.1,0,0,0,43.3,49.1,50.7,0.33,0.26,0.25
BEAC,2019-11-08 17:40:00 EST,41.52875,-73.94527,296,30.1,30.6,23.9,48.4,13.0,,,0.00,,5.8,9.8,1.4,309,12,6.1,11.1,1.4,311,13,6.1,11.1,1.4,311,13,0,29.91,-0.1,0,0,0,43.3,49.1,50.7,0.33,0.26,0.25
BEAC,2019-11-08 17:45:00 EST,41.52875,-73.94527,296,30.1,30.5,23.9,48.3,12.9,,,0.00,,6.0,9.8,1.5,313,13,6.2,9.6,1.5,314,11,6.2,9.6,1.5,314,11,0,29.91,-0.1,0,0,0,43.3,49.1,50.7,0.33,0.26,0.25
BEAC,2019-11-08 17:50:00 EST,41.52875,-73.94527,296,30.0,30.4,23.4,48.8,13.1,,,0.00,,6.3,9.3,1.4,313,11,6.7,9.9,1.3,315,11,6.7,9.9,1.3,315,11,0,29.92,-0.1,0,0,0,43.3,49.1,50.7,0.33,0.26,0.25
BEAC,2019-11-08 17:55:00 EST,41.52875,-73.94527,296,30.0,30.4,23.5,49.3,13.3,,,0.00,,6.2,9.4,1.3,311,11,6.3,10.0,1.4,313,10,6.3,10.0,1.4,313,10,0,29.92,-0.1,0,0,0,43.2,49.1,50.7,0.33,0.26,0.25
BEAC,2019-11-08 18:00:00 EST,41.52875,-73.94527,296,30.0,30.3,23.4,49.4,13.3,,,0.00,,6.6,10.2,1.8,310,10,6.7,10.9,1.8,313,11,6.7,10.9,1.8,313,11,0,29.92,-0.1,0,0,0,43.2,49.1,50.7,0.33,0.26,0.25
BEAC,2019-11-08 18:05:00 EST,41.52875,-73.94527,296,30.0,30.4,22.9,49.4,13.3,,,0.00,,7.0,11.5,1.6,307,11,7.1,11.9,1.6,309,10,7.1,11.9,1.6,309,10,0,29.93,-0.1,0,0,0,43.2,49.1,50.7,0.33,0.26,0.25
BEAC,2019-11-08 18:10:00 EST,41.52875,-73.94527,296,29.8,30.2,23.2,49.9,13.4,,,0.00,,6.3,9.4,0.9,302,10,6.6,9.7,1.1,306,10,6.6,9.7,1.1,306,10,0,29.93,-0.1,0,0,0,43.2,49.1,50.7,0.33,0.26,0.25
BEAC,2019-11-08 18:15:00 EST,41.52875,-73.94527,296,29.6,30.1,23.6,50.8,13.6,,,0.00,,5.5,7.8,1.1,308,10,5.7,8.5,1.1,309,10,5.7,8.5,1.1,309,10,0,29.93,0.0,0,0,0,43.1,49.1,50.7,0.33,0.26,0.25
BEAC,2019-11-08 18:20:00 EST,41.52875,-73.94527,296,29.6,30.0,23.7,50.8,13.6,,,0.00,,5.5,8.2,0.9,315,12,5.6,8.2,1.0,318,10,5.6,8.2,1.0,318,10,0,29.93,-0.1,0,0,0,43.0,49.1,50.7,0.33,0.26,0.25
BEAC,2019-11-08 18:25:00 EST,41.52875,-73.94527,296,29.5,29.9,23.2,51.0,13.5,,,0.00,,5.6,9.4,1.5,312,14,6.0,9.9,1.4,313,13,6.0,9.9,1.4,313,13,0,29.94,-0.0,0,0,0,43.0,49.1,50.7,0.33,0.26,0.25
BEAC,2019-11-08 18:30:00 EST,41.52875,-73.94527,296,29.4,29.7,23.4,51.3,13.6,,,0.00,,5.3,9.6,1.6,310,16,5.6,9.8,1.7,312,14,5.6,9.8,1.7,312,14,0,29.94,-0.0,0,0,0,43.0,49.1,50.7,0.33,0.26,0.25
BEAC,2019-11-08 18:35:00 EST,41.52875,-73.94527,296,29.3,29.8,23.6,51.4,13.6,,,0.00,,5.3,9.9,2.1,305,14,5.4,9.8,2.1,306,13,5.4,9.8,2.1,306,13,0,29.94,-0.0,0,0,0,43.0,49.1,50.7,0.33,0.26,0.25
BEAC,2019-11-08 18:40:00 EST,41.52875,-73.94527,296,29.5,29.8,24.2,50.9,13.5,,,0.00,,4.6,9.1,1.7,305,16,4.8,9.2,1.9,309,17,4.8,9.2,1.9,309,17,0,29.94,-0.1,0,0,0,42.9,49.1,50.7,0.33,0.26,0.25
BEAC,2019-11-08 18:45:00 EST,41.52875,-73.94527,296,29.4,29.7,24.8,50.3,13.1,,,0.00,,3.9,9.2,1.7,321,23,4.2,9.0,1.8,324,23,4.2,9.0,1.8,324,23,0,29.95,-0.1,0,0,0,42.8,49.1,50.7,0.33,0.26,0.25
BEAC,2019-11-08 18:50:00 EST,41.52875,-73.94527,296,29.1,29.6,25.0,51.4,13.4,,,0.00,,3.6,8.4,1.5,306,16,3.8,8.8,1.6,307,15,3.8,8.8,1.6,307,15,0,29.95,-0.1,0,0,0,42.8,49.1,50.7,0.33,0.26,0.25
BEAC,2019-11-08 18:55:00 EST,41.52875,-73.94527,296,28.9,29.5,22.2,52.6,13.7,,,0.00,,6.1,9.8,1.3,299,16,6.5,9.8,1.5,301,15,6.5,9.8,1.5,301,15,0,29.94,-0.0,0,0,0,42.8,49.1,50.7,0.33,0.26,0.25
BEAC,2019-11-08 19:00:00 EST,41.52875,-73.94527,296,29.1,29.4,22.7,52.5,13.8,,,0.00,,5.7,10.7,1.6,295,16,6.1,9.7,1.6,299,14,6.1,9.7,1.6,299,14,0,29.94,0.0,0,0,0,42.8,49.1,50.7,0.33,0.26,0.25
BEAC,2019-11-08 19:05:00 EST,41.52875,-73.94527,296,28.9,29.3,24.0,52.5,13.7,0.000,,0.00,,4.1,7.4,1.2,293,18,4.5,7.9,1.2,295,17,4.5,7.9,1.2,295,17,0,29.95,0.0,0,0,0,42.8,49.1,50.7,0.33,0.26,0.25
BEAC,2019-11-08 19:10:00 EST,41.52875,-73.94527,296,28.9,29.3,25.2,52.4,13.6,0.000,,0.00,,3.0,5.4,1.0,290,16,3.5,6.3,1.1,295,19,3.5,6.3,1.1,295,19,0,29.95,-0.1,0,0,0,42.6,49.1,50.7,0.33,0.26,0.25
BEAC,2019-11-08 19:15:00 EST,41.52875,-73.94527,296,28.9,29.3,25.7,52.5,13.7,0.000,,0.00,,2.9,4.3,0.6,293,18,3.1,4.9,0.7,295,17,3.1,4.9,0.7,295,17,0,29.95,-0.1,0,0,0,42.6,49.1,50.7,0.33,0.26,0.25
BEAC,2019-11-08 19:20:00 EST,41.52875,-73.94527,296,28.8,29.2,23.9,52.7,13.7,0.000,,0.00,,4.2,6.9,1.4,292,17,4.5,7.8,1.7,294,17,4.5,7.8,1.7,294,17,0,29.95,0.0,0,0,0,42.6,49.1,50.7,0.33,0.26,0.25
BEAC,2019-11-08 19:25:00 EST,41.52875,-73.94527,296,28.8,29.3,24.2,52.7,13.6,0.000,,0.00,,3.7,6.2,0.9,281,17,4.1,6.8,1.2,282,16,4.1,6.8,1.2,282,16,0,29.96,-0.0,0,0,0,42.6,49.1,50.7,0.33,0.26,0.24
BEAC,2019-11-08 19:30:00 EST,41.52875,-73.94527,296,28.8,29.1,25.0,53.3,13.9,0.000,,0.00,,3.3,6.6,1.2,297,19,3.5,7.0,1.4,300,20,3.5,7.0,1.4,300,20,0,29.96,-0.0,0,0,0,42.5,49.0,50.7,0.33,0.26,0.24
BEAC,2019-11-08 19:35:00 EST,41.52875,-73.94527,296,28.5,29.0,22.7,53.8,13.8,0.000,,0.00,,4.9,6.8,1.1,299,17,5.2,8.5,1.3,302,16,5.2,8.5,1.3,302,16,0,29.96,-0.2,0,0,0,42.4,49.0,50.7,0.33,0.26,0.24
BEAC,2019-11-08 19:40:00 EST,41.52875,-73.94527,296,28.3,28.8,23.1,54.7,14.0,0.000,,0.00,,4.3,6.9,1.0,298,12,4.6,7.5,1.1,299,13,4.6,7.5,1.1,299,13,0,29.96,-0.0,0,0,0,42.4,48.8,50.6,0.33,0.26,0.25
BEAC,2019-11-08 19:45:00 EST,41.52875,-73.94527,296,28.0,28.7,21.6,55.6,14.2,0.000,,0.00,,5.7,8.0,1.0,304,14,5.9,8.6,1.1,306,13,5.9,8.6,1.1,306,13,0,29.96,-0.0,0,0,0,42.4,48.7,50.6,0.33,0.26,0.24
BEAC,2019-11-08 19:50:00 EST,41.52875,-73.94527,296,28.2,28.6,21.0,55.0,14.1,0.000,,0.00,,6.6,9.4,1.3,304,11,6.9,10.9,1.4,306,10,6.9,10.9,1.4,306,10,0,29.96,-0.1,0,0,0,42.4,48.8,50.5,0.33,0.26,0.24
BEAC,2019-11-08 19:55:00 EST,41.52875,-73.94527,296,28.1,28.5,20.5,54.8,13.9,0.000,,0.00,,7.1,11.2,1.8,310,12,7.4,11.9,1.7,312,11,7.4,11.9,1.7,312,11,0,29.96,0.0,0,0,0,42.3,48.7,50.6,0.33,0.26,0.25
BEAC,2019-11-08 20:00:00 EST,41.52875,-73.94527,296,28.1,28.4,21.5,54.3,13.7,0.000,,0.00,,5.8,9.8,1.6,311,14,6.0,10.1,1.7,313,13,6.0,10.1,1.7,313,13,0,29.96,0.0,0,0,0,42.3,48.7,50.6,0.33,0.26,0.24
BEAC,2019-11-08 20:05:00 EST,41.52875,-73.94527,296,28.0,28.4,21.9,54.5,13.7,0.000,,0.00,0.000,5.2,9.0,1.5,313,14,5.4,9.6,1.5,316,13,5.4,9.6,1.5,316,13,0,29.96,-0.0,0,0,0,42.3,48.7,50.5,0.33,0.26,0.24
BEAC,2019-11-08 20:10:00 EST,41.52875,-73.94527,296,28.0,28.4,23.6,53.9,13.4,0.000,,0.00,0.000,3.6,8.3,1.4,320,18,3.9,8.6,1.5,324,18,3.9,8.6,1.5,324,18,0,29.97,-0.1,0,0,0,42.3,48.7,50.5,0.33,0.26,0.24
BEAC,2019-11-08 20:15:00 EST,41.52875,-73.94527,296,27.9,28.3,22.4,54.2,13.5,0.000,,0.00,0.000,4.7,9.4,1.7,316,15,4.8,9.2,1.8,317,14,4.8,9.2,1.8,317,14,0,29.97,-0.0,0,0,0,42.2,48.7,50.5,0.33,0.26,0.24
BEAC,2019-11-08 20:20:00 EST,41.52875,-73.94527,296,27.8,28.2,22.2,54.3,13.4,0.000,,0.00,0.000,4.9,7.3,1.1,305,18,5.0,7.8,1.2,309,17,5.0,7.8,1.2,309,17,0,29.97,0.0,0,0,0,42.1,48.7,50.5,0.33,0.26,0.24
BEAC,2019-11-08 20:25:00 EST,41.52875,-73.94527,296,27.8,28.1,22.9,54.7,13.6,0.000,,0.00,0.000,4.0,6.0,0.9,314,13,4.3,6.4,1.0,316,13,4.3,6.4,1.0,316,13,0,29.97,-0.1,0,0,0,42.1,48.7,50.5,0.33,0.26,0.24
BEAC,2019-11-08 20:30:00 EST,41.52875,-73.94527,296,27.6,28.0,23.6,55.0,13.5,0.000,,0.00,0.000,3.3,5.3,1.0,307,12,3.5,5.7,1.0,310,12,3.5,5.7,1.0,310,12,0,29.98,-0.0,0,0,0,42.1,48.7,50.5,0.33,0.26,0.24
BEAC,2019-11-08 20:35:00 EST,41.52875,-73.94527,296,27.6,28.1,23.0,55.1,13.6,0.000,,0.00,0.000,3.8,7.5,1.3,324,21,4.0,8.4,1.5,329,20,4.0,8.4,1.5,329,20,0,29.98,-0.0,0,0,0,42.1,48.7,50.5,0.33,0.26,0.24
BEAC,2019-11-08 20:40:00 EST,41.52875,-73.94527,296,27.7,28.0,23.9,54.8,13.6,0.000,,0.00,0.000,3.4,5.4,0.8,320,14,3.4,6.3,0.9,323,13,3.4,6.3,0.9,323,13,0,29.98,-0.0,0,0,0,42.1,48.7,50.5,0.33,0.26,0.24
BEAC,2019-11-08 20:45:00 EST,41.52875,-73.94527,296,27.4,27.8,22.3,56.0,13.7,0.000,,0.00,0.000,4.2,7.0,1.3,311,10,4.4,7.0,1.3,312,11,4.4,7.0,1.3,312,11,0,29.98,-0.1,0,0,0,42.0,48.7,50.5,0.32,0.26,0.24
BEAC,2019-11-08 20:50:00 EST,41.52875,-73.94527,296,27.2,27.7,21.1,56.6,13.8,0.000,,0.00,0.000,5.3,8.0,1.1,314,13,5.4,8.7,1.3,316,12,5.4,8.7,1.3,316,12,0,29.97,-0.0,0,0,0,41.9,48.7,50.5,0.32,0.26,0.24
BEAC,2019-11-08 20:55:00 EST,41.52875,-73.94527,296,27.0,27.5,21.2,57.4,13.9,0.000,,0.00,0.000,4.7,6.6,0.8,306,12,4.9,6.8,0.9,308,11,4.9,6.8,0.9,308,11,0,29.97,-0.0,0,0,0,41.9,48.7,50.5,0.32,0.26,0.24
BEAC,2019-11-08 21:00:00 EST,41.52875,-73.94527,296,27.0,27.4,23.0,57.3,13.9,0.000,,0.00,0.000,3.4,5.3,0.9,307,14,3.5,5.7,1.0,310,12,3.5,5.7,1.0,310,12,0,29.98,-0.0,0,0,0,41.9,48.7,50.5,0.33,0.26,0.24
BEAC,2019-11-08 21:05:00 EST,41.52875,-73.94527,296,27.1,27.4,27.1,57.2,14.0,0.000,,0.00,0.000,2.2,4.7,1.0,307,19,2.3,5.2,1.1,308,16,2.3,5.2,1.1,308,16,0,29.98,-0.0,0,0,0,41.8,48.7,50.5,0.32,0.26,0.24
BEAC,2019-11-08 21:10:00 EST,41.52875,-73.94527,296,27.0,27.3,27.0,57.1,13.9,0.000,,0.00,0.000,0.4,1.2,0.4,141,43,0.7,2.2,0.6,158,50,0.7,2.2,0.6,158,50,0,29.98,-0.1,0,0,0,41.7,48.7,50.5,0.32,0.26,0.24
BEAC,2019-11-08 21:15:00 EST,41.52875,-73.94527,296,25.1,26.7,25.1,62.8,14.2,0.000,,0.00,0.000,0.9,1.6,0.4,143,19,1.2,2.0,0.4,146,22,1.2,2.0,0.4,146,22,0,29.99,-0.0,0,0,0,41.7,48.7,50.5,0.32,0.26,0.24
BEAC,2019-11-08 21:20:00 EST,41.52875,-73.94527,296,25.6,26.9,25.6,63.8,15.0,0.000,,0.00,0.000,0.8,1.3,0.2,189,21,1.1,1.6,0.3,189,23,1.1,1.6,0.3,189,23,0,29.99,0.1,0,0,0,41.7,48.7,50.5,0.32,0.26,0.24
BEAC,2019-11-08 21:25:00 EST,41.52875,-73.94527,296,27.1,27.6,27.1,60.6,15.3,0.000,,0.00,0.000,2.1,2.9,0.4,235,19,2.2,3.2,0.5,235,19,2.2,3.2,0.5,235,19,0,29.99,-0.1,0,0,0,41.7,48.7,50.5,0.32,0.26,0.24
BEAC,2019-11-08 21:30:00 EST,41.52875,-73.94527,296,27.1,27.6,27.1,58.6,14.5,0.000,,0.00,0.000,2.4,3.4,0.3,246,16,2.6,3.8,0.4,247,17,2.6,3.8,0.4,247,17,0,29.99,-0.0,0,0,0,41.6,48.7,50.5,0.32,0.26,0.24
BEAC,2019-11-08 21:35:00 EST,41.52875,-73.94527,296,27.4,27.6,27.4,57.5,14.4,0.000,,0.00,0.000,1.4,2.4,0.4,228,19,1.5,2.4,0.4,232,20,1.5,2.4,0.4,232,20,0,29.99,-0.1,0,0,0,41.5,48.7,50.5,0.32,0.26,0.24
BEAC,2019-11-08 21:40:00 EST,41.52875,-73.94527,296,27.0,27.4,27.0,58.2,14.3,0.000,,0.00,0.000,2.4,3.4,0.4,257,23,2.5,3.9,0.6,261,24,2.5,3.9,0.6,261,24,0,30.00,-0.1,0,0,0,41.5,48.7,50.5,0.32,0.26,0.24
BEAC,2019-11-08 21:45:00 EST,41.52875,-73.94527,296,26.7,27.2,22.9,58.7,14.2,0.000,,0.00,0.000,3.0,4.8,0.7,273,9,3.3,5.6,0.7,275,8,3.3,5.6,0.7,275,8,0,30.00,-0.1,0,0,0,41.4,48.7,50.5,0.32,0.26,0.24
BEAC,2019-11-08 21:50:00 EST,41.52875,-73.94527,296,26.3,27.3,21.2,60.3,14.4,0.000,,0.00,0.000,3.9,6.1,0.8,276,11,4.3,7.0,0.9,278,10,4.3,7.0,0.9,278,10,0,30.00,0.0,0,0,0,41.4,48.7,50.5,0.32,0.26,0.24
BEAC,2019-11-08 21:55:00 EST,41.52875,-73.94527,296,26.7,27.4,21.5,61.0,15.0,0.000,,0.00,0.000,4.0,5.8,0.7,275,11,4.4,6.7,0.9,277,9,4.4,6.7,0.9,277,9,0,30.00,-0.0,0,0,0,41.4,48.7,50.5,0.32,0.26,0.24
BEAC,2019-11-08 22:00:00 EST,41.52875,-73.94527,296,27.0,27.3,27.0,60.1,15.0,0.000,,0.00,0.000,2.5,4.2,0.8,271,13,2.8,4.6,0.9,273,12,2.8,4.6,0.9,273,12,0,30.00,0.0,0,0,0,41.4,48.7,50.5,0.32,0.26,0.24
BEAC,2019-11-08 22:05:00 EST,41.52875,-73.94527,296,25.2,26.9,25.2,61.8,14.0,0.000,,0.00,0.000,0.6,2.0,0.6,222,30,0.9,2.5,0.6,214,32,0.9,2.5,0.6,214,32,0,30.01,-0.1,0,0,0,41.2,48.7,50.5,0.32,0.26,0.24
BEAC,2019-11-08 22:10:00 EST,41.52875,-73.94527,296,23.9,26.5,23.9,67.0,14.5,0.000,,0.00,0.000,0.7,1.6,0.4,217,42,1.1,2.4,0.5,224,43,1.1,2.4,0.5,224,43,0,30.01,0.1,0,0,0,41.2,48.7,50.5,0.32,0.26,0.24
BEAC,2019-11-08 22:15:00 EST,41.52875,-73.94527,296,25.9,26.9,21.5,65.6,16.0,0.000,,0.00,0.000,3.3,4.7,0.7,275,12,3.6,5.4,0.8,276,12,3.6,5.4,0.8,276,12,0,30.01,-0.0,0,0,0,41.2,48.7,50.5,0.32,0.26,0.24
BEAC,2019-11-08 22:20:00 EST,41.52875,-73.94527,296,26.0,26.9,22.1,63.5,15.3,0.000,,0.00,0.000,3.0,4.8,0.9,265,11,3.2,5.0,0.9,266,12,3.2,5.0,0.9,266,12,0,30.01,-0.0,0,0,0,41.0,48.7,50.5,0.32,0.26,0.24
BEAC,2019-11-08 22:25:00 EST,41.52875,-73.94527,296,25.5,26.7,25.5,62.8,14.6,0.000,,0.00,0.000,1.9,3.9,0.6,223,27,2.1,4.5,0.8,224,28,2.1,4.5,0.8,224,28,0,30.01,-0.2,0,0,0,41.0,48.6,50.5,0.32,0.26,0.24
BEAC,2019-11-08 22:30:00 EST,41.52875,-73.94527,296,23.5,26.4,23.5,68.2,14.6,0.000,,0.00,0.000,2.0,3.1,0.7,230,14,2.1,3.5,0.7,229,14,2.1,3.5,0.7,229,14,0,30.01,0.0,0,0,0,41.0,48.6,50.5,0.32,0.26,0.24
BEAC,2019-11-08 22:35:00 EST,41.52875,-73.94527,296,25.7,26.9,21.9,67.4,16.4,0.000,,0.00,0.000,2.9,4.9,0.6,260,11,3.2,5.9,0.8,261,12,3.2,5.9,0.8,261,12,0,30.01,0.0,0,0,0,41.0,48.6,50.5,0.32,0.26,0.25
BEAC,2019-11-08 22:40:00 EST,41.52875,-73.94527,296,26.2,26.7,26.2,63.4,15.5,0.000,,0.00,0.000,2.1,3.0,0.4,274,7,2.4,3.2,0.4,277,7,2.4,3.2,0.4,277,7,0,30.01,0.0,0,0,0,40.9,48.6,50.5,0.32,0.26,0.24
BEAC,2019-11-08 22:45:00 EST,41.52875,-73.94527,296,26.3,26.8,26.3,62.3,15.1,0.000,,0.00,0.000,2.3,3.7,0.6,277,9,2.5,3.9,0.6,280,9,2.5,3.9,0.6,280,9,0,30.01,-0.0,0,0,0,40.8,48.6,50.5,0.32,0.26,0.25
BEAC,2019-11-08 22:50:00 EST,41.52875,-73.94527,296,26.2,26.9,26.2,62.8,15.2,0.000,,0.00,0.000,2.3,4.3,0.6,269,11,2.5,4.8,0.7,272,11,2.5,4.8,0.7,272,11,0,30.01,-0.1,0,0,0,40.8,48.6,50.5,0.32,0.26,0.24
BEAC,2019-11-08 22:55:00 EST,41.52875,-73.94527,296,24.7,26.8,24.7,64.7,14.5,0.000,,0.00,0.000,2.2,3.5,0.5,257,9,2.4,4.4,0.5,257,11,2.4,4.4,0.5,257,11,0,30.01,-0.1,0,0,0,40.8,48.6,50.5,0.32,0.26,0.25
BEAC,2019-11-08 23:00:00 EST,41.52875,-73.94527,296,23.4,26.5,23.4,67.2,14.1,0.000,,0.00,0.000,1.5,2.0,0.2,252,8,1.8,2.4,0.2,251,10,1.8,2.4,0.2,251,10,0,30.01,-0.0,0,0,0,40.6,48.6,50.5,0.32,0.26,0.25
BEAC,2019-11-08 23:05:00 EST,41.52875,-73.94527,296,24.2,26.5,24.2,69.2,15.6,0.000,,0.00,0.000,2.6,3.9,0.7,258,5,2.8,4.5,0.7,257,7,2.8,4.5,0.7,257,7,0,30.01,0.1,0,0,0,40.6,48.6,50.5,0.32,0.26,0.25
BEAC,2019-11-08 23:10:00 EST,41.52875,-73.94527,296,25.6,26.7,19.6,65.6,15.6,0.000,,0.00,0.000,4.6,5.5,0.4,273,6,4.9,6.3,0.5,273,6,4.9,6.3,0.5,273,6,0,30.01,-0.1,0,0,0,40.6,48.6,50.5,0.32,0.26,0.25
BEAC,2019-11-08 23:15:00 EST,41.52875,-73.94527,296,25.5,26.7,19.3,64.7,15.2,0.000,,0.00,0.000,4.6,6.2,0.6,281,8,5.1,6.8,0.8,282,8,5.1,6.8,0.8,282,8,0,30.01,0.0,0,0,0,40.6,48.6,50.5,0.32,0.26,0.25
BEAC,2019-11-08 23:20:00 EST,41.52875,-73.94527,296,25.7,26.5,20.9,64.3,15.3,0.000,,0.00,0.000,3.7,5.6,0.9,272,12,3.9,6.3,1.1,273,13,3.9,6.3,1.1,273,13,0,30.01,-0.1,0,0,0,40.5,48.6,50.5,0.32,0.26,0.25
BEAC,2019-11-08 23:25:00 EST,41.52875,-73.94527,296,24.6,26.0,24.6,65.5,14.7,0.000,,0.00,0.000,2.5,4.2,0.6,258,8,2.7,4.5,0.7,257,11,2.7,4.5,0.7,257,11,0,30.01,-0.0,0,0,0,40.5,48.6,50.5,0.32,0.26,0.25
BEAC,2019-11-08 23:30:00 EST,41.52875,-73.94527,296,24.9,25.9,20.0,67.3,15.6,0.000,,0.00,0.000,3.7,4.9,0.6,260,6,3.9,5.5,0.7,259,6,3.9,5.5,0.7,259,6,0,30.01,-0.0,0,0,0,40.5,48.6,50.5,0.32,0.26,0.25
BEAC,2019-11-08 23:35:00 EST,41.52875,-73.94527,296,24.3,26.0,17.6,67.7,15.2,0.000,,0.00,0.000,5.1,6.7,0.6,266,8,5.5,7.5,0.8,267,7,5.5,7.5,0.8,267,7,0,30.01,-0.0,0,0,0,40.5,48.5,50.5,0.33,0.26,0.25
BEAC,2019-11-08 23:40:00 EST,41.52875,-73.94527,296,24.9,26.2,18.3,68.1,15.8,0.000,,0.00,0.000,4.9,6.7,0.6,275,9,5.4,7.3,0.8,276,8,5.4,7.3,0.8,276,8,0,30.01,0.1,0,0,0,40.3,48.5,50.5,0.33,0.26,0.25
BEAC,2019-11-08 23:45:00 EST,41.52875,-73.94527,296,25.6,26.4,19.2,66.3,15.9,0.000,,0.00,0.000,5.0,7.0,0.8,279,8,5.4,8.0,0.9,280,7,5.4,8.0,0.9,280,7,0,30.01,0.0,0,0,0,40.3,48.5,50.5,0.33,0.26,0.25
BEAC,2019-11-08 23:50:00 EST,41.52875,-73.94527,296,25.3,26.3,18.6,66.1,15.6,0.000,,0.00,0.000,5.3,6.7,0.6,283,6,5.7,7.7,0.8,284,6,5.7,7.7,0.8,284,6,0,30.01,0.0,0,0,0,40.3,48.5,50.5,0.33,0.26,0.25
BEAC,2019-11-08 23:55:00 EST,41.52875,-73.94527,296,25.4,26.3,19.0,67.0,15.9,0.000,,0.00,0.000,4.9,6.2,0.5,283,7,5.3,7.8,0.7,284,7,5.3,7.8,0.7,284,7,0,30.01,0.0,0,0,0,40.3,48.5,50.4,0.33,0.26,0.25
BELD,2019-11-08 00:00:00 EST,42.22322,-75.66852,1543,23.2,23.6,23.2,94.5,21.9,0.000,0.405,0.00,0.000,0.0,0.0,0.0,0,0,0.4,1.4,0.5,65,17,0.4,1.4,0.5,65,17,0,28.41,0.2,0,0,0,45.0,47.1,49.8,0.52,0.45,0.42
BELD,2019-11-08 00:05:00 EST,42.22322,-75.66852,1543,23.0,23.5,23.0,94.5,21.7,0.000,0.000,0.00,0.000,0.3,1.2,0.4,270,46,0.6,1.7,0.6,240,7,0.6,1.7,0.6,240,7,0,28.41,0.2,0,0,0,45.0,47.1,49.8,0.52,0.45,0.42
BELD,2019-11-08 00:10:00 EST,42.22322,-75.66852,1543,22.9,23.1,22.9,94.7,21.6,0.000,0.000,0.00,0.000,1.2,2.0,0.4,298,29,1.6,2.7,0.4,302,27,1.6,2.7,0.4,302,27,0,28.40,0.3,0,0,0,45.0,47.1,49.8,0.52,0.45,0.42
BELD,2019-11-08 00:15:00 EST,42.22322,-75.66852,1543,23.1,23.5,23.1,95.0,21.9,0.000,0.000,0.00,0.000,1.5,2.0,0.2,336,7,2.0,2.8,0.3,338,9,2.0,2.8,0.3,338,9,0,28.40,0.2,0,0,0,45.0,47.1,49.8,0.52,0.45,0.42
BELD,2019-11-08 00:20:00 EST,42.22322,-75.66852,1543,23.1,23.5,23.1,94.7,21.8,0.000,0.000,0.00,0.000,1.8,2.6,0.3,333,9,2.1,2.8,0.3,335,11,2.1,2.8,0.3,335,11,0,28.40,0.2,0,0,0,45.0,47.1,49.8,0.52,0.45,0.42
BELD,2019-11-08 00:25:00 EST,42.22322,-75.66852,1543,22.8,23.3,22.8,94.2,21.4,0.000,0.000,0.00,0.000,1.7,2.6,0.4,317,13,1.7,2.4,0.3,317,14,1.7,2.4,0.3,317,14,0,28.40,0.2,0,0,0,45.0,47.1,49.8,0.52,0.45,0.42
BELD,2019-11-08 00:30:00 EST,42.22322,-75.66852,1543,22.7,23.2,22.7,94.2,21.3,0.000,0.000,0.00,0.000,2.1,2.8,0.3,302,9,2.0,3.1,0.3,303,10,2.0,3.1,0.3,303,10,0,28.40,0.2,0,0,0,44.9,47.1,49.8,0.52,0.45,0.42
BELD,2019-11-08 00:35:00 EST,42.22322,-75.66852,1543,22.8,23.3,22.8,94.2,21.4,0.000,0.000,0.00,0.000,2.9,3.4,0.3,298,5,2.7,4.0,0.4,300,6,2.7,4.0,0.4,300,6,0,28.40,0.2,0,0,0,44.8,47.1,49.8,0.52,0.45,0.42
BELD,2019-11-08 00:40:00 EST,42.22322,-75.66852,1543,22.9,23.3,17.9,94.2,21.5,0.000,0.000,0.00,0.000,3.5,5.6,0.7,294,10,3.7,6.3,1.0,295,10,3.7,6.3,1.0,295,10,0,28.40,0.3,0,0,0,44.8,47.1,49.8,0.52,0.45,0.42
BELD,2019-11-08 00:45:00 EST,42.22322,-75.66852,1543,22.9,23.3,18.3,93.6,21.3,0.000,0.000,0.00,0.000,3.2,4.8,0.7,289,13,3.5,6.1,0.8,290,14,3.5,6.1,0.8,290,14,0,28.40,0.3,0,0,0,44.8,47.1,49.7,0.52,0.45,0.42
BELD,2019-11-08 00:50:00 EST,42.22322,-75.66852,1543,23.0,23.4,18.0,93.1,21.4,0.000,0.000,0.00,0.000,3.4,6.2,1.1,284,15,3.8,7.0,1.3,286,14,3.8,7.0,1.3,286,14,0,28.40,0.3,0,0,0,44.8,47.1,49.7,0.52,0.45,0.42
BELD,2019-11-08 00:55:00 EST,42.22322,-75.66852,1543,23.1,23.3,17.6,92.9,21.4,0.000,0.000,0.00,0.000,3.6,4.9,0.6,280,12,4.1,6.2,0.9,281,11,4.1,6.2,0.9,281,11,0,28.40,0.3,0,0,0,44.8,47.1,49.7,0.52,0.45,0.42
BELD,2019-11-08 01:00:00 EST,42.22322,-75.66852,1543,23.1,23.2,16.3,92.7,21.3,0.000,0.000,0.00,0.000,4.5,6.3,1.0,274,12,5.2,7.6,1.3,277,11,5.2,7.6,1.3,277,11,0,28.40,0.3,0,0,0,44.8,47.1,49.7,0.52,0.45,0.42
BELD,2019-11-08 01:05:00 EST,42.22322,-75.66852,1543,23.0,23.1,17.1,93.1,21.3,0.000,0.000,0.00,0.000,3.8,6.4,0.9,279,12,4.5,8.3,1.2,282,10,4.5,8.3,1.2,282,10,0,28.40,0.2,0,0,0,44.8,47.1,49.7,0.52,0.45,0.42
BELD,2019-11-08 01:10:00 EST,42.22322,-75.66852,1543,22.9,23.1,16.7,93.4,21.3,0.000,0.000,0.00,0.000,4.0,7.9,1.0,275,12,4.7,9.8,1.4,275,10,4.7,9.8,1.4,275,10,0,28.40,0.2,0,0,0,44.8,47.1,49.7,0.52,0.45,0.42
BELD,2019-11-08 01:15:00 EST,42.22322,-75.66852,1543,22.9,23.1,16.3,93.6,21.3,0.000,0.000,0.00,0.000,4.3,6.8,0.9,274,14,5.0,9.0,1.3,277,13,5.0,9.0,1.3,277,13,0,28.40,0.4,0,0,0,44.8,47.1,49.7,0.52,0.45,0.42
BELD,2019-11-08 01:20:00 EST,42.22322,-75.66852,1543,22.9,23.0,16.9,93.9,21.4,0.000,0.000,0.00,0.000,4.0,7.2,0.9,282,13,4.6,8.2,1.3,285,11,4.6,8.2,1.3,285,11,0,28.40,0.3,0,0,0,44.8,47.1,49.7,0.52,0.45,0.42
BELD,2019-11-08 01:25:00 EST,42.22322,-75.66852,1543,22.8,23.0,18.7,94.0,21.3,0.000,0.000,0.00,0.000,2.9,3.8,0.5,292,11,3.1,5.3,0.8,293,10,3.1,5.3,0.8,293,10,0,28.40,0.3,0,0,0,44.7,47.1,49.7,0.52,0.45,0.42
BELD,2019-11-08 01:30:00 EST,42.22322,-75.66852,1543,22.8,23.0,22.8,94.1,21.4,0.000,0.000,0.00,0.000,2.3,3.1,0.4,294,9,2.4,4.1,0.6,295,9,2.4,4.1,0.6,295,9,0,28.39,0.3,0,0,0,44.6,47.1,49.7,0.52,0.45,0.42
BELD,2019-11-08 01:35:00 EST,42.22322,-75.66852,1543,22.9,23.0,22.9,94.1,21.4,0.000,0.000,0.00,0.000,2.0,3.0,0.4,304,9,1.9,3.4,0.4,307,10,1.9,3.4,0.4,307,10,0,28.39,0.2,0,0,0,44.6,47.1,49.6,0.52,0.45,0.42
BELD,2019-11-08 01:40:00 EST,42.22322,-75.66852,1543,22.9,23.2,22.9,94.2,21.5,0.000,0.000,0.00,0.000,2.2,3.4,0.4,301,9,2.1,3.4,0.5,301,9,2.1,3.4,0.5,301,9,0,28.39,0.2,0,0,0,44.6,47.1,49.7,0.52,0.45,0.42
BELD,2019-11-08 01:45:00 EST,42.22322,-75.66852,1543,22.7,23.2,22.7,94.2,21.3,0.000,0.000,0.00,0.000,2.6,4.2,0.6,293,10,2.8,5.4,0.9,293,10,2.8,5.4,0.9,293,10,0,28.39,0.2,0,0,0,44.6,47.1,49.7,0.52,0.45,0.42
BELD,2019-11-08 01:50:00 EST,42.22322,-75.66852,1543,22.4,23.0,17.8,93.9,20.9,0.000,0.000,0.00,0.000,2.9,3.7,0.3,279,8,3.4,5.0,0.6,282,8,3.4,5.0,0.6,282,8,0,28.39,0.2,0,0,0,44.6,47.0,49.7,0.52,0.45,0.42
BELD,2019-11-08 01:55:00 EST,42.22322,-75.66852,1543,22.3,22.9,18.2,93.9,20.8,0.000,0.000,0.00,0.000,2.7,4.1,0.6,286,11,3.1,5.5,0.8,287,10,3.1,5.5,0.8,287,10,0,28.40,0.2,0,0,0,44.6,46.9,49.7,0.52,0.45,0.42
BELD,2019-11-08 02:00:00 EST,42.22322,-75.66852,1543,22.5,22.8,17.3,94.3,21.1,0.000,0.000,0.00,0.000,3.3,4.5,0.5,265,11,3.9,5.9,0.8,268,10,3.9,5.9,0.8,268,10,0,28.40,0.3,0,0,0,44.6,46.9,49.6,0.52,0.45,0.42
BELD,2019-11-08 02:05:00 EST,42.22322,-75.66852,1543,22.5,22.7,16.7,94.3,21.1,0.000,0.000,0.00,0.000,3.6,5.3,0.6,271,12,4.3,7.6,1.0,274,11,4.3,7.6,1.0,274,11,0,28.40,0.3,0,0,0,44.6,46.9,49.6,0.52,0.45,0.42
BELD,2019-11-08 02:10:00 EST,42.22322,-75.66852,1543,22.5,22.7,16.2,94.3,21.1,0.000,0.000,0.00,0.000,4.0,6.1,0.9,260,15,4.7,6.9,1.1,263,13,4.7,6.9,1.1,263,13,0,28.40,0.3,0,0,0,44.6,46.9,49.6,0.52,0.45,0.42
BELD,2019-11-08 02:15:00 EST,42.22322,-75.66852,1543,22.5,22.6,16.7,94.2,21.1,0.000,0.000,0.00,0.000,3.6,6.0,1.0,266,15,4.3,7.9,1.3,269,14,4.3,7.9,1.3,269,14,0,28.40,0.3,0,0,0,44.6,46.9,49.6,0.52,0.45,0.42
BELD,2019-11-08 02:20:00 EST,42.22322,-75.66852,1543,22.7,22.7,17.3,94.4,21.3,0.000,0.000,0.00,0.000,3.5,6.0,1.2,270,17,4.0,8.3,1.4,273,15,4.0,8.3,1.4,273,15,0,28.40,0.4,0,0,0,44.6,46.9,49.6,0.52,0.45,0.42
BELD,2019-11-08 02:25:00 EST,42.22322,-75.66852,1543,22.9,22.8,17.6,94.5,21.6,0.000,0.000,0.00,0.000,3.4,5.8,1.0,262,16,4.0,7.1,1.2,264,16,4.0,7.1,1.2,264,16,0,28.40,0.3,0,0,0,44.5,46.9,49.6,0.52,0.45,0.42
BELD,2019-11-08 02:30:00 EST,42.22322,-75.66852,1543,23.1,23.0,18.1,94.5,21.7,0.000,0.000,0.00,0.000,3.2,4.8,0.7,268,16,3.7,5.8,0.9,270,14,3.7,5.8,0.9,270,14,0,28.39,0.3,0,0,0,44.4,46.9,49.6,0.52,0.45,0.42
BELD,2019-11-08 02:35:00 EST,42.22322,-75.66852,1543,23.3,23.1,18.1,94.5,21.9,0.000,0.000,0.00,0.000,3.5,5.9,1.0,252,17,3.9,6.6,1.2,254,17,3.9,6.6,1.2,254,17,0,28.40,0.3,0,0,0,44.4,46.9,49.6,0.52,0.45,0.42
BELD,2019-11-08 02:40:00 EST,42.22322,-75.66852,1543,23.4,23.2,18.6,94.3,22.0,0.000,0.000,0.00,0.000,3.2,5.5,0.9,244,16,3.7,6.3,1.2,246,16,3.7,6.3,1.2,246,16,0,28.39,0.3,0,0,0,44.4,46.9,49.6,0.52,0.45,0.42
BELD,2019-11-08 02:45:00 EST,42.22322,-75.66852,1543,23.5,23.4,18.8,93.8,22.0,0.000,0.000,0.00,0.000,3.3,5.5,0.9,246,14,3.6,6.9,1.1,248,15,3.6,6.9,1.1,248,15,0,28.39,0.3,0,0,0,44.4,46.9,49.6,0.52,0.45,0.42
BELD,2019-11-08 02:50:00 EST,42.22322,-75.66852,1543,23.7,23.5,23.7,93.7,22.1,0.000,0.000,0.00,0.000,2.5,4.6,0.9,247,16,2.8,4.8,1.0,250,17,2.8,4.8,1.0,250,17,0,28.39,0.3,0,0,0,44.4,46.9,49.6,0.52,0.45,0.42
BELD,2019-11-08 02:55:00 EST,42.22322,-75.66852,1543,23.8,23.5,23.8,93.8,22.2,0.000,0.000,0.00,0.000,2.5,4.7,0.9,248,20,3.0,5.7,1.0,251,20,3.0,5.7,1.0,251,20,0,28.39,0.4,0,0,0,44.4,46.9,49.6,0.52,0.45,0.42
BELD,2019-11-08 03:00:00 EST,42.22322,-75.66852,1543,23.9,23.7,19.8,94.0,22.4,0.000,0.000,0.00,0.000,2.6,4.2,0.8,260,24,3.2,5.5,1.1,263,23,3.2,5.5,1.1,263,23,0,28.39,0.4,0,0,0,44.4,46.9,49.6,0.52,0.45,0.42
BELD,2019-11-08 03:05:00 EST,42.22322,-75.66852,1543,24.0,23.8,19.0,94.2,22.6,0.000,0.000,0.00,0.000,3.5,5.8,0.9,275,21,3.9,6.4,1.1,277,20,3.9,6.4,1.1,277,20,0,28.39,0.2,0,0,0,44.4,46.9,49.6,0.52,0.45,0.42
BELD,2019-11-08 03:10:00 EST,42.22322,-75.66852,1543,24.1,23.9,20.3,94.2,22.7,0.000,0.000,0.00,0.000,2.5,4.6,0.7,266,21,3.0,6.5,1.0,269,20,3.0,6.5,1.0,269,20,0,28.39,-0.1,0,0,0,44.4,46.9,49.6,0.52,0.45,0.42
BELD,2019-11-08 03:15:00 EST,42.22322,-75.66852,1543,24.2,24.0,19.0,94.4,22.8,0.007,0.007,0.00,0.007,3.2,6.1,1.5,272,19,4.0,8.0,1.7,274,17,4.0,8.0,1.7,274,17,0,28.39,0.0,0,0,0,44.4,46.9,49.6,0.52,0.45,0.42
BELD,2019-11-08 03:20:00 EST,42.22322,-75.66852,1543,24.2,24.0,18.1,94.5,22.8,0.000,0.007,0.00,0.007,3.9,5.8,1.1,278,15,4.8,7.9,1.3,282,14,4.8,7.9,1.3,282,14,0,28.39,0.1,0,0,0,44.4,46.9,49.6,0.52,0.45,0.42
BELD,2019-11-08 03:25:00 EST,42.22322,-75.66852,1543,24.2,24.0,19.2,94.4,22.8,0.000,0.007,0.00,0.007,3.3,5.9,1.0,287,24,3.9,7.8,1.3,288,22,3.9,7.8,1.3,288,22,0,28.39,0.1,0,0,0,44.4,46.8,49.6,0.52,0.45,0.42
BELD,2019-11-08 03:30:00 EST,42.22322,-75.66852,1543,24.2,24.0,19.4,94.4,22.8,0.000,0.007,0.00,0.007,3.0,6.0,1.4,272,21,3.7,7.3,1.6,274,19,3.7,7.3,1.6,274,19,0,28.39,0.1,0,0,0,44.2,46.8,49.6,0.52,0.45,0.42
BELD,2019-11-08 03:35:00 EST,42.22322,-75.66852,1543,24.2,24.0,19.4,94.3,22.8,0.000,0.007,0.00,0.007,3.3,7.2,1.8,288,20,3.7,8.6,2.0,290,20,3.7,8.6,2.0,290,20,0,28.39,0.1,0,0,0,44.1,46.8,49.6,0.52,0.45,0.42
BELD,2019-11-08 03:40:00 EST,42.22322,-75.66852,1543,24.2,24.0,18.8,94.5,22.9,0.000,0.007,0.00,0.007,3.4,8.0,1.8,276,21,4.2,9.0,2.1,281,19,4.2,9.0,2.1,281,19,0,28.39,0.1,0,0,0,44.1,46.8,49.6,0.52,0.45,0.42
BELD,2019-11-08 03:45:00 EST,42.22322,-75.66852,1543,24.2,24.0,18.3,94.4,22.8,0.000,0.007,0.00,0.007,3.9,7.5,1.1,274,19,4.6,8.3,1.4,277,15,4.6,8.3,1.4,277,15,0,28.39,0.1,0,0,0,44.1,46.8,49.6,0.52,0.45,0.42
BELD,2019-11-08 03:50:00 EST,42.22322,-75.66852,1543,24.2,24.0,19.0,94.3,22.8,0.000,0.007,0.00,0.007,3.5,5.6,1.2,289,17,4.0,7.6,1.4,290,15,4.0,7.6,1.4,290,15,0,28.39,0.1,0,0,0,44.1,46.8,49.6,0.52,0.45,0.42
BELD,2019-11-08 03:55:00 EST,42.22322,-75.66852,1543,24.3,24.0,19.4,94.5,22.9,0.000,0.007,0.00,0.007,3.1,7.1,1.6,336,29,3.8,7.0,1.7,340,29,3.8,7.0,1.7,340,29,0,28.39,0.2,0,0,0,44.1,46.8,49.6,0.52,0.45,0.42
BELD,2019-11-08 04:00:00 EST,42.22322,-75.66852,1543,24.2,24.0,16.9,94.3,22.9,0.003,0.010,0.00,0.010,5.1,7.2,1.0,354,19,6.1,9.0,1.4,357,18,6.1,9.0,1.4,357,18,0,28.39,0.2,0,0,0,44.1,46.8,49.6,0.52,0.45,0.42
BELD,2019-11-08 04:05:00 EST,42.22322,-75.66852,1543,24.2,23.9,17.7,94.1,22.7,0.006,0.015,0.00,0.015,4.3,6.6,1.0,350,16,5.1,9.0,1.4,353,15,5.1,9.0,1.4,353,15,0,28.40,-0.4,0,0,0,44.1,46.8,49.6,0.52,0.45,0.42
BELD,2019-11-08 04:10:00 EST,42.22322,-75.66852,1543,24.2,24.0,24.2,93.9,22.7,0.002,0.017,0.00,0.017,2.5,4.4,0.8,301,20,2.7,5.5,1.0,303,21,2.7,5.5,1.0,303,21,0,28.40,-0.2,0,0,0,44.1,46.8,49.6,0.52,0.45,0.42
BELD,2019-11-08 04:15:00 EST,42.22322,-75.66852,1543,24.3,24.1,20.0,94.2,22.9,0.000,0.017,0.00,0.011,3.0,4.9,0.9,293,14,3.4,5.5,1.0,293,13,3.4,5.5,1.0,293,13,0,28.40,0.0,0,0,0,44.1,46.8,49.6,0.52,0.45,0.42
BELD,2019-11-08 04:20:00 EST,42.22322,-75.66852,1543,24.3,24.1,24.3,94.2,22.9,0.004,0.022,0.00,0.015,2.2,5.4,1.4,276,27,2.8,6.9,1.5,277,27,2.8,6.9,1.5,277,27,0,28.39,-0.1,0,0,0,44.1,46.8,49.6,0.52,0.45,0.42
BELD,2019-11-08 04:25:00 EST,42.22322,-75.66852,1543,24.2,24.1,20.3,94.0,22.8,0.000,0.022,0.00,0.015,2.7,4.7,0.8,252,18,3.2,6.0,1.1,254,20,3.2,6.0,1.1,254,20,0,28.39,-0.2,0,0,0,44.0,46.8,49.6,0.52,0.45,0.42
BELD,2019-11-08 04:30:00 EST,42.22322,-75.66852,1543,24.1,24.0,19.4,93.9,22.6,0.000,0.022,0.00,0.015,3.1,4.9,0.8,269,16,3.7,6.4,1.0,273,15,3.7,6.4,1.0,273,15,0,28.39,-0.2,0,0,0,43.9,46.8,49.6,0.52,0.45,0.42
BELD,2019-11-08 04:35:00 EST,42.22322,-75.66852,1543,24.1,23.9,19.5,94.1,22.7,0.000,0.022,0.00,0.015,2.9,5.5,1.2,264,18,3.6,7.1,1.5,268,17,3.6,7.1,1.5,268,17,0,28.39,-0.1,0,0,0,43.9,46.8,49.6,0.52,0.45,0.42
BELD,2019-11-08 04:40:00 EST,42.22322,-75.66852,1543,24.0,23.9,18.2,94.2,22.6,0.000,0.022,0.00,0.015,3.9,7.9,1.3,274,21,4.5,11.6,1.7,275,19,4.5,11.6,1.7,275,19,0,28.39,-0.2,0,0,0,43.9,46.8,49.6,0.52,0.45,0.42
BELD,2019-11-08 04:45:00 EST,42.22322,-75.66852,1543,24.0,23.8,18.7,94.4,22.6,0.000,0.022,0.00,0.015,3.4,5.7,0.9,262,16,4.1,7.5,1.3,266,18,4.1,7.5,1.3,266,18,0,28.39,-0.2,0,0,0,43.9,46.8,49.6,0.52,0.45,0.42
BELD,2019-11-08 04:50:00 EST,42.22322,-75.66852,1543,24.1,23.9,18.0,94.6,22.7,0.000,0.022,0.00,0.015,3.9,9.4,1.7,270,23,4.8,10.8,2.0,272,23,4.8,10.8,2.0,272,23,0,28.40,-0.2,0,0,0,43.9,46.8,49.6,0.52,0.45,0.42
BELD,2019-11-08 04:55:00 EST,42.22322,-75.66852,1543,24.1,24.0,19.0,94.6,22.8,0.000,0.022,0.00,0.015,3.3,8.2,1.5,273,19,4.0,8.5,1.8,276,16,4.0,8.5,1.8,276,16,0,28.40,-0.2,0,0,0,43.9,46.7,49.6,0.52,0.45,0.42
BELD,2019-11-08 05:00:00 EST,42.22322,-75.66852,1543,24.2,24.1,16.9,94.7,22.9,0.000,0.022,0.00,0.012,5.1,9.2,1.6,270,18,6.1,11.5,2.1,272,17,6.1,11.5,2.1,272,17,0,28.40,-0.1,0,0,0,43.9,46.8,49.6,0.52,0.45,0.42
BELD,2019-11-08 05:05:00 EST,42.22322,-75.66852,1543,24.5,24.3,17.3,94.4,23.1,0.000,0.022,0.00,0.006,5.1,9.6,2.0,286,23,6.0,12.6,2.6,288,22,6.0,12.6,2.6,288,22,0,28.40,-0.1,0,0,0,43.9,46.8,49.6,0.52,0.45,0.42
BELD,2019-11-08 05:10:00 EST,42.22322,-75.66852,1543,24.5,24.4,17.7,94.2,23.1,0.000,0.022,0.00,0.004,5.1,7.7,1.1,281,22,5.7,9.4,1.5,284,19,5.7,9.4,1.5,284,19,0,28.40,-0.2,0,0,0,43.9,46.7,49.6,0.52,0.45,0.42
BELD,2019-11-08 05:15:00 EST,42.22322,-75.66852,1543,24.5,24.4,18.2,94.2,23.1,0.000,0.022,0.00,0.004,4.4,7.5,1.3,279,19,5.1,9.3,1.6,281,16,5.1,9.3,1.6,281,16,0,28.40,-0.0,0,0,0,43.9,46.7,49.6,0.52,0.45,0.42
BELD,2019-11-08 05:20:00 EST,42.22322,-75.66852,1543,24.6,24.4,18.8,94.3,23.2,0.000,0.022,0.00,0.000,3.9,8.0,2.1,278,20,4.6,9.9,2.4,280,19,4.6,9.9,2.4,280,19,0,28.40,-0.1,0,0,0,43.9,46.6,49.6,0.52,0.45,0.42
BELD,2019-11-08 05:25:00 EST,42.22322,-75.66852,1543,24.7,24.5,17.3,94.2,23.3,0.000,0.022,0.00,0.000,5.3,9.3,1.6,278,19,6.3,10.3,2.0,280,16,6.3,10.3,2.0,280,16,0,28.40,-0.1,0,0,0,43.9,46.6,49.6,0.52,0.45,0.42
BELD,2019-11-08 05:30:00 EST,42.22322,-75.66852,1543,24.8,24.6,17.9,94.1,23.3,0.000,0.022,0.00,0.000,5.0,8.6,1.9,284,18,5.7,9.7,2.2,286,18,5.7,9.7,2.2,286,18,0,28.40,-0.1,0,0,0,43.9,46.6,49.6,0.52,0.45,0.42
BELD,2019-11-08 05:35:00 EST,42.22322,-75.66852,1543,24.8,24.6,17.4,93.8,23.3,0.000,0.022,0.00,0.000,5.5,12.9,1.8,284,24,6.3,13.9,2.3,286,21,6.3,13.9,2.3,286,21,0,28.40,0.1,0,0,0,43.9,46.6,49.6,0.52,0.45,0.42
BELD,2019-11-08 05:40:00 EST,42.22322,-75.66852,1543,24.8,24.6,15.9,93.5,23.2,0.000,0.022,0.00,0.000,7.5,16.3,3.5,294,16,8.3,16.6,3.4,295,15,8.3,16.6,3.4,295,15,0,28.41,0.5,0,0,0,43.9,46.6,49.6,0.52,0.45,0.42
BELD,2019-11-08 05:45:00 EST,42.22322,-75.66852,1543,24.8,24.6,17.6,93.3,23.1,0.000,0.022,0.00,0.000,5.7,9.5,1.7,311,22,6.0,11.9,1.9,313,22,6.0,11.9,1.9,313,22,0,28.41,0.4,0,0,0,43.9,46.6,49.6,0.52,0.45,0.42
BELD,2019-11-08 05:50:00 EST,42.22322,-75.66852,1543,24.6,24.5,15.3,92.1,22.6,0.000,0.022,0.00,0.000,8.1,12.7,1.9,316,24,8.8,14.9,2.4,318,25,8.8,14.9,2.4,318,25,0,28.41,0.4,0,0,0,43.9,46.6,49.6,0.52,0.45,0.42
BELD,2019-11-08 05:55:00 EST,42.22322,-75.66852,1543,24.5,24.4,16.7,91.4,22.3,0.000,0.022,0.00,0.000,6.3,12.7,2.4,325,19,6.7,12.2,2.4,329,20,6.7,12.2,2.4,329,20,0,28.42,0.4,0,0,0,43.8,46.6,49.6,0.52,0.45,0.42
BELD,2019-11-08 06:00:00 EST,42.22322,-75.66852,1543,24.4,24.3,16.0,90.2,21.9,0.000,0.022,0.00,0.000,6.7,17.0,3.7,320,24,7.4,20.3,4.1,326,24,7.4,20.3,4.1,326,24,0,28.42,0.4,0,0,0,43.8,46.6,49.6,0.52,0.45,0.42
BELD,2019-11-08 06:05:00 EST,42.22322,-75.66852,1543,24.3,24.2,13.4,88.8,21.5,0.000,0.022,0.00,0.000,11.6,20.8,3.1,317,17,11.5,20.2,3.2,322,17,11.5,20.2,3.2,322,17,0,28.42,0.3,0,0,0,43.8,46.6,49.6,0.52,0.45,0.42
BELD,2019-11-08 06:10:00 EST,42.22322,-75.66852,1543,24.2,24.0,14.3,88.1,21.2,0.000,0.022,0.00,0.000,9.5,16.1,2.9,322,14,9.6,19.5,3.1,326,16,9.6,19.5,3.1,326,16,0,28.42,0.2,0,0,0,43.7,46.6,49.6,0.52,0.45,0.42
BELD,2019-11-08 06:15:00 EST,42.22322,-75.66852,1543,24.0,23.9,15.3,88.1,21.0,0.000,0.022,0.00,0.000,7.5,13.2,2.0,320,19,7.8,15.3,2.1,324,18,7.8,15.3,2.1,324,18,0,28.43,0.3,0,0,0,43.7,46.6,49.6,0.52,0.45,0.42
BELD,2019-11-08 06:20:00 EST,42.22322,-75.66852,1543,23.8,23.7,15.8,87.9,20.7,0.000,0.022,0.00,0.000,6.2,13.1,2.5,323,20,6.8,15.0,2.8,325,22,6.8,15.0,2.8,325,22,0,28.43,0.4,0,0,0,43.7,46.6,49.6,0.52,0.45,0.42
BELD,2019-11-08 06:25:00 EST,42.22322,-75.66852,1543,23.6,23.5,16.4,88.1,20.6,0.000,0.022,0.00,0.000,5.8,11.6,2.4,316,24,5.8,11.5,2.3,319,24,5.8,11.5,2.3,319,24,0,28.43,0.4,0,0,0,43.7,46.6,49.6,0.52,0.45,0.42
BELD,2019-11-08 06:30:00 EST,42.22322,-75.66852,1543,23.4,23.3,14.3,88.2,20.4,0.000,0.022,0.00,0.000,8.0,15.5,2.6,318,16,8.1,15.3,2.7,321,16,8.1,15.3,2.7,321,16,0,28.44,0.5,0,0,0,43.7,46.6,49.6,0.52,0.45,0.42
BELD,2019-11-08 06:35:00 EST,42.22322,-75.66852,1543,23.3,23.2,14.5,88.6,20.4,0.000,0.022,0.00,0.000,7.6,12.7,2.3,308,18,7.6,12.6,2.1,310,18,7.6,12.6,2.1,310,18,1,28.44,0.4,0,0,0,43.7,46.5,49.6,0.52,0.45,0.42
BELD,2019-11-08 06:40:00 EST,42.22322,-75.66852,1543,23.2,23.1,15.2,88.8,20.4,0.000,0.022,0.00,0.000,6.3,10.9,2.3,311,17,6.7,11.4,2.2,313,18,6.7,11.4,2.2,313,18,2,28.44,0.5,0,0,0,43.7,46.4,49.6,0.52,0.45,0.42
BELD,2019-11-08 06:45:00 EST,42.22322,-75.66852,1543,23.1,23.0,14.8,88.8,20.3,0.000,0.022,0.00,0.000,6.5,11.4,1.9,313,17,7.0,12.8,1.8,317,17,7.0,12.8,1.8,317,17,4,28.44,0.5,0,0,0,43.7,46.5,49.6,0.52,0.45,0.42
BELD,2019-11-08 06:50:00 EST,42.22322,-75.66852,1543,23.1,23.0,14.2,88.7,20.2,0.000,0.022,0.00,0.000,7.5,14.1,2.3,316,20,7.7,13.7,2.3,318,20,7.7,13.7,2.3,318,20,6,28.45,0.5,0,0,0,43.7,46.4,49.6,0.52,0.45,0.42
BELD,2019-11-08 06:55:00 EST,42.22322,-75.66852,1543,23.0,22.9,14.5,87.9,20.0,0.000,0.022,0.00,0.000,6.8,14.2,2.6,302,20,7.2,14.7,2.7,305,21,7.2,14.7,2.7,305,21,8,28.45,0.5,0,0,0,43.7,46.4,49.6,0.52,0.45,0.42
BELD,2019-11-08 07:00:00 EST,42.22322,-75.66852,1543,22.9,22.8,15.3,88.2,19.9,0.000,0.022,0.00,0.000,5.7,12.4,2.0,306,21,6.1,13.8,2.1,310,21,6.1,13.8,2.1,310,21,10,28.45,0.5,0,0,0,43.7,46.4,49.6,0.52,0.45,0.42
BELD,2019-11-08 07:05:00 EST,42.22322,-75.66852,1543,22.9,22.8,13.9,88.2,19.9,0.000,0.022,0.00,0.000,7.2,11.9,2.3,295,18,7.8,16.1,2.8,296,17,7.8,16.1,2.8,296,17,14,28.45,0.5,0,0,0,43.7,46.4,49.6,0.52,0.45,0.42
BELD,2019-11-08 07:10:00 EST,42.22322,-75.66852,1543,22.7,22.7,15.0,88.0,19.7,0.000,0.022,0.00,0.000,6.1,12.0,2.2,306,20,6.3,13.5,2.2,308,19,6.3,13.5,2.2,308,19,18,28.46,0.4,0,0,0,43.7,46.4,49.6,0.52,0.45,0.42
BELD,2019-11-08 07:15:00 EST,42.22322,-75.66852,1543,22.8,22.7,12.5,86.2,19.3,0.000,0.022,0.00,0.000,9.5,19.1,3.1,311,23,9.6,17.9,3.3,313,20,9.6,17.9,3.3,313,20,18,28.46,0.5,0,0,0,43.7,46.4,49.6,0.52,0.45,0.42
BELD,2019-11-08 07:20:00 EST,42.22322,-75.66852,1543,22.7,22.6,12.7,84.7,18.8,0.000,0.022,0.00,0.000,9.2,18.1,4.3,306,19,9.2,16.8,4.0,308,18,9.2,16.8,4.0,308,18,23,28.46,0.6,0,0,0,43.6,46.4,49.6,0.52,0.45,0.42
BELD,2019-11-08 07:25:00 EST,42.22322,-75.66852,1543,22.7,22.6,13.0,84.6,18.8,0.000,0.022,0.00,0.000,8.3,18.7,2.7,298,17,8.8,20.7,3.1,300,16,8.8,20.7,3.1,300,16,36,28.46,0.6,0,0,0,43.6,46.4,49.6,0.52,0.45,0.42
BELD,2019-11-08 07:30:00 EST,42.22322,-75.66852,1543,22.9,22.7,14.0,84.8,19.0,0.000,0.022,0.00,0.000,7.6,14.4,2.5,307,18,7.6,13.5,2.3,309,18,7.6,13.5,2.3,309,18,82,28.47,0.7,0,0,0,43.6,46.4,49.6,0.52,0.45,0.42
BELD,2019-11-08 07:35:00 EST,42.22322,-75.66852,1543,23.0,22.8,14.8,85.0,19.2,0.000,0.022,0.00,0.000,6.5,12.8,2.1,307,22,6.9,12.9,2.1,309,23,6.9,12.9,2.1,309,23,45,28.47,0.8,0,0,0,43.5,46.4,49.6,0.52,0.45,0.42
BELD,2019-11-08 07:40:00 EST,42.22322,-75.66852,1543,22.8,22.7,13.2,85.1,19.0,0.000,0.022,0.00,0.000,8.7,14.4,2.3,310,17,8.7,18.1,2.6,313,16,8.7,18.1,2.6,313,16,53,28.47,0.9,0,0,0,43.5,46.4,49.6,0.52,0.45,0.42
BELD,2019-11-08 07:45:00 EST,42.22322,-75.66852,1543,22.9,22.7,14.1,85.4,19.2,0.000,0.022,0.00,0.000,7.4,15.9,2.7,307,17,7.6,14.8,2.5,311,17,7.6,14.8,2.5,311,17,81,28.47,0.8,0,0,0,43.5,46.4,49.6,0.52,0.45,0.42
BELD,2019-11-08 07:50:00 EST,42.22322,-75.66852,1543,23.0,22.8,14.5,85.9,19.4,0.000,0.022,0.00,0.000,6.8,11.5,1.8,299,17,7.1,14.5,2.2,301,16,7.1,14.5,2.2,301,16,69,28.47,0.7,0,0,0,43.5,46.4,49.5,0.52,0.45,0.42
BELD,2019-11-08 07:55:00 EST,42.22322,-75.66852,1543,23.0,22.8,15.0,86.3,19.6,0.000,0.022,0.00,0.000,6.7,11.5,1.8,304,15,6.7,12.8,2.0,309,14,6.7,12.8,2.0,309,14,46,28.48,0.7,0,0,0,43.5,46.4,49.6,0.52,0.45,0.42
BELD,2019-11-08 08:00:00 EST,42.22322,-75.66852,1543,23.0,22.8,15.7,87.4,19.9,0.000,0.022,0.00,0.000,5.5,12.6,2.4,298,16,5.8,14.1,2.7,300,17,5.8,14.1,2.7,300,17,40,28.48,0.6,0,0,0,43.5,46.4,49.5,0.52,0.45,0.42
BELD,2019-11-08 08:05:00 EST,42.22322,-75.66852,1543,23.0,22.8,14.0,88.8,20.2,0.000,0.022,0.00,0.000,7.6,14.0,2.2,300,20,7.9,16.0,2.5,301,20,7.9,16.0,2.5,301,20,36,28.48,0.7,0,0,0,43.5,46.4,49.5,0.52,0.45,0.42
BELD,2019-11-08 08:10:00 EST,42.22322,-75.66852,1543,22.9,22.7,15.2,89.4,20.2,0.000,0.022,0.00,0.000,6.0,10.3,1.6,301,19,6.2,10.9,1.9,302,18,6.2,10.9,1.9,302,18,45,28.48,0.9,0,0,0,43.5,46.4,49.5,0.52,0.45,0.42
BELD,2019-11-08 08:15:00 EST,42.22322,-75.66852,1543,22.9,22.7,14.0,88.5,20.0,0.000,0.022,0.00,0.000,7.6,14.0,2.7,306,20,7.8,14.2,2.4,309,18,7.8,14.2,2.4,309,18,94,28.48,0.8,0,0,0,43.5,46.4,49.5,0.52,0.45,0.42
BELD,2019-11-08 08:20:00 EST,42.22322,-75.66852,1543,23.1,22.9,15.0,86.8,19.7,0.000,0.022,0.00,0.000,6.3,15.7,2.5,299,22,6.7,16.4,2.6,301,21,6.7,16.4,2.6,301,21,132,28.48,0.8,0,0,0,43.5,46.4,49.5,0.52,0.45,0.42
BELD,2019-11-08 08:25:00 EST,42.22322,-75.66852,1543,23.4,23.2,14.1,83.7,19.2,0.000,0.022,0.00,0.000,8.0,14.8,2.4,296,20,8.4,17.8,2.7,299,20,8.4,17.8,2.7,299,20,167,28.49,0.8,0,0,0,43.5,46.3,49.5,0.52,0.45,0.42
BELD,2019-11-08 08:30:00 EST,42.22322,-75.66852,1543,23.6,23.4,14.4,83.2,19.3,0.000,0.022,0.00,0.000,7.9,16.7,2.6,299,19,8.4,18.0,2.9,300,19,8.4,18.0,2.9,300,19,172,28.49,0.7,0,0,0,43.5,46.4,49.5,0.52,0.45,0.42
BELD,2019-11-08 08:35:00 EST,42.22322,-75.66852,1543,23.5,23.3,13.1,82.4,19.0,0.000,0.022,0.00,0.000,9.3,16.3,2.9,290,21,10.3,18.4,3.0,291,18,10.3,18.4,3.0,291,18,147,28.49,0.6,0,0,0,43.5,46.3,49.5,0.52,0.45,0.42
BELD,2019-11-08 08:40:00 EST,42.22322,-75.66852,1543,23.5,23.2,13.6,83.0,19.1,0.000,0.022,0.00,0.000,9.2,18.7,2.8,305,16,9.3,16.4,2.8,308,16,9.3,16.4,2.8,308,16,112,28.49,0.6,0,0,0,43.4,46.1,49.5,0.52,0.45,0.42
BELD,2019-11-08 08:45:00 EST,42.22322,-75.66852,1543,23.5,23.3,13.2,81.9,18.8,0.000,0.022,0.00,0.000,9.7,15.1,2.6,301,19,10.0,17.3,2.9,304,19,10.0,17.3,2.9,304,19,193,28.49,0.7,0,0,0,43.3,46.1,49.5,0.52,0.45,0.42
BELD,2019-11-08 08:50:00 EST,42.22322,-75.66852,1543,23.4,23.1,13.2,83.5,19.1,0.000,0.022,0.00,0.000,9.5,18.2,2.9,302,18,9.8,20.8,3.6,305,17,9.8,20.8,3.6,305,17,76,28.49,0.4,0,0,0,43.3,46.0,49.5,0.52,0.45,0.42
BELD,2019-11-08 08:55:00 EST,42.22322,-75.66852,1543,22.5,22.3,11.9,88.6,19.7,0.012,0.034,0.00,0.012,9.6,19.9,3.0,305,21,10.2,18.4,3.2,306,22,10.2,18.4,3.2,306,22,41,28.50,0.7,0,0,0,43.3,46.0,49.5,0.52,0.45,0.42
BELD,2019-11-08 09:00:00 EST,42.22322,-75.66852,1543,22.3,22.0,13.2,91.3,20.2,0.006,0.040,0.00,0.018,7.7,17.8,2.8,316,18,7.9,17.8,2.9,320,19,7.9,17.8,2.9,320,19,59,28.50,1.0,0,0,0,43.3,46.0,49.5,0.52,0.45,0.42
BELD,2019-11-08 09:05:00 EST,42.22322,-75.66852,1543,22.4,22.1,13.7,91.9,20.4,0.004,0.043,0.00,0.022,7.0,14.0,3.1,319,19,7.2,17.3,3.1,322,19,7.2,17.3,3.1,322,19,96,28.50,1.3,0,0,0,43.3,46.0,49.5,0.52,0.45,0.42
BELD,2019-11-08 09:10:00 EST,42.22322,-75.66852,1543,22.5,22.2,13.2,91.4,20.3,0.000,0.043,0.00,0.022,8.3,11.8,1.3,320,12,8.1,13.3,1.6,324,12,8.1,13.3,1.6,324,12,118,28.50,1.1,0,0,0,43.3,46.0,49.5,0.52,0.45,0.42
BELD,2019-11-08 09:15:00 EST,42.22322,-75.66852,1543,22.6,22.3,14.1,91.3,20.5,0.000,0.043,0.00,0.022,6.9,13.9,2.8,321,21,7.1,15.4,3.0,326,17,7.1,15.4,3.0,326,17,103,28.50,1.2,0,0,0,43.3,46.0,49.5,0.52,0.45,0.42
BELD,2019-11-08 09:20:00 EST,42.22322,-75.66852,1543,22.7,22.4,14.7,90.7,20.4,0.000,0.043,0.00,0.022,6.5,10.7,1.9,312,21,6.5,11.8,2.1,314,22,6.5,11.8,2.1,314,22,126,28.50,1.2,0,0,0,43.3,46.0,49.5,0.52,0.45,0.42
BELD,2019-11-08 09:25:00 EST,42.22322,-75.66852,1543,22.7,22.5,13.7,88.3,19.7,0.000,0.043,0.00,0.022,7.5,12.3,2.1,320,17,7.7,12.7,2.1,323,18,7.7,12.7,2.1,323,18,149,28.50,1.1,0,0,0,43.3,46.0,49.5,0.52,0.45,0.42
BELD,2019-11-08 09:30:00 EST,42.22322,-75.66852,1543,23.1,22.9,15.1,85.9,19.5,0.000,0.043,0.00,0.022,6.4,13.3,2.4,309,23,6.7,12.4,2.3,312,25,6.7,12.4,2.3,312,25,259,28.50,1.1,0,0,0,43.3,46.0,49.5,0.52,0.45,0.42
BELD,2019-11-08 09:35:00 EST,42.22322,-75.66852,1543,23.3,23.0,13.2,81.1,18.4,0.000,0.043,0.00,0.022,9.5,16.4,3.6,312,19,9.6,20.4,3.3,317,21,9.6,20.4,3.3,317,21,287,28.50,1.1,0,0,0,43.3,46.0,49.5,0.52,0.45,0.42
BELD,2019-11-08 09:40:00 EST,42.22322,-75.66852,1543,23.3,23.0,12.5,80.0,18.1,0.000,0.043,0.00,0.022,10.8,15.6,2.0,317,19,10.8,19.2,2.4,319,18,10.8,19.2,2.4,319,18,268,28.50,1.1,0,0,0,43.3,46.0,49.5,0.52,0.45,0.42
BELD,2019-11-08 09:45:00 EST,42.22322,-75.66852,1543,23.5,23.1,13.4,79.5,18.0,0.000,0.043,0.00,0.022,9.6,18.0,4.1,308,17,9.6,18.2,3.8,310,17,9.6,18.2,3.8,310,17,317,28.50,1.0,0,0,0,43.3,46.0,49.5,0.52,0.45,0.42
BELD,2019-11-08 09:50:00 EST,42.22322,-75.66852,1543,23.5,23.1,14.1,77.4,17.4,0.000,0.043,0.00,0.022,8.4,14.5,2.8,309,19,8.5,18.0,3.0,312,19,8.5,18.0,3.0,312,19,326,28.50,1.2,0,0,0,43.2,46.0,49.5,0.52,0.45,0.42
BELD,2019-11-08 09:55:00 EST,42.22322,-75.66852,1543,23.5,23.1,14.3,76.0,17.1,0.000,0.043,0.00,0.009,8.2,19.4,3.9,303,19,8.4,17.6,3.4,305,19,8.4,17.6,3.4,305,19,335,28.50,1.1,0,0,0,43.2,46.0,49.5,0.52,0.45,0.42
BELD,2019-11-08 10:00:00 EST,42.22322,-75.66852,1543,23.7,23.3,13.3,74.9,16.9,0.000,0.043,0.00,0.004,10.1,20.6,4.0,308,20,10.3,23.8,4.0,310,20,10.3,23.8,4.0,310,20,347,28.50,1.2,0,0,0,43.2,46.0,49.5,0.52,0.45,0.42
BELD,2019-11-08 10:05:00 EST,42.22322,-75.66852,1543,23.6,23.3,14.1,74.0,16.6,0.000,0.043,0.00,0.000,8.9,18.0,3.0,308,15,8.8,19.1,2.8,311,15,8.8,19.1,2.8,311,15,365,28.51,1.3,0,0,0,43.2,46.0,49.5,0.52,0.45,0.42
BELD,2019-11-08 10:10:00 EST,42.22322,-75.66852,1543,24.0,23.6,15.1,74.5,17.1,0.000,0.043,0.00,0.000,7.8,15.4,2.4,304,18,8.0,14.1,2.3,309,20,8.0,14.1,2.3,309,20,377,28.51,1.2,0,0,0,43.2,46.0,49.5,0.52,0.45,0.42
BELD,2019-11-08 10:15:00 EST,42.22322,-75.66852,1543,24.4,23.9,16.7,74.6,17.5,0.000,0.043,0.00,0.000,6.0,11.7,1.8,319,20,6.5,13.0,2.2,324,21,6.5,13.0,2.2,324,21,446,28.51,,0,0,0,43.2,46.0,49.5,0.52,0.45,0.42
BELD,2019-11-08 10:20:00 EST,42.22322,-75.66852,1543,24.4,23.9,13.7,73.1,17.0,0.000,0.043,0.00,0.000,10.5,18.6,3.5,330,18,11.2,21.6,3.9,333,17,11.2,21.6,3.9,333,17,373,28.51,1.3,0,0,0,43.2,46.0,49.5,0.52,0.45,0.42
BELD,2019-11-08 10:25:00 EST,42.22322,-75.66852,1543,23.5,23.2,12.5,73.4,16.3,0.000,0.043,0.00,0.000,11.4,18.8,2.4,324,15,11.4,20.7,2.8,329,12,11.4,20.7,2.8,329,12,166,28.51,1.5,0,0,0,43.2,46.0,49.5,0.52,0.45,0.42
BELD,2019-11-08 10:30:00 EST,42.22322,-75.66852,1543,23.4,23.0,13.7,73.1,16.1,0.000,0.043,0.00,0.000,8.9,15.2,2.2,322,17,8.9,14.8,2.4,327,16,8.9,14.8,2.4,327,16,323,28.51,1.4,0,0,0,43.2,46.0,49.5,0.52,0.45,0.42
BELD,2019-11-08 10:35:00 EST,42.22322,-75.66852,1543,23.8,23.5,15.4,74.1,16.8,0.000,0.043,0.00,0.000,6.7,12.8,2.8,297,22,7.3,16.1,3.4,299,22,7.3,16.1,3.4,299,22,381,28.51,1.5,0,0,0,43.2,46.0,49.5,0.52,0.45,0.42
BELD,2019-11-08 10:40:00 EST,42.22322,-75.66852,1543,24.1,23.7,13.5,71.5,16.3,0.000,0.043,0.00,0.000,10.9,19.1,3.5,307,18,10.9,18.0,3.1,310,19,10.9,18.0,3.1,310,19,498,28.52,1.4,0,0,0,43.2,45.9,49.5,0.52,0.45,0.42
BELD,2019-11-08 10:45:00 EST,42.22322,-75.66852,1543,24.3,23.9,13.7,69.8,15.9,0.000,0.043,0.00,0.000,11.2,18.3,3.1,308,19,10.9,18.9,3.3,310,17,10.9,18.9,3.3,310,17,504,28.52,1.4,0,0,0,43.2,45.9,49.5,0.52,0.45,0.42
BELD,2019-11-08 10:50:00 EST,42.22322,-75.66852,1543,23.9,23.6,13.6,70.4,15.7,0.000,0.043,0.00,0.000,10.5,18.3,3.1,306,14,10.2,17.4,2.6,311,14,10.2,17.4,2.6,311,14,405,28.52,1.5,0,0,0,43.2,45.9,49.5,0.52,0.45,0.42
BELD,2019-11-08 10:55:00 EST,42.22322,-75.66852,1543,24.2,23.8,13.8,69.6,15.7,0.000,0.043,0.00,0.000,10.5,16.2,3.0,301,16,10.5,19.7,3.0,304,16,10.5,19.7,3.0,304,16,518,28.52,1.3,0,0,0,43.2,45.9,49.5,0.52,0.45,0.42
BELD,2019-11-08 11:00:00 EST,42.22322,-75.66852,1543,24.4,24.0,13.1,68.0,15.3,0.000,0.043,0.00,0.000,11.7,16.6,2.3,307,20,12.1,17.3,2.5,307,21,12.1,17.3,2.5,307,21,484,28.52,1.1,0,0,0,43.2,45.9,49.5,0.52,0.45,0.42
BELD,2019-11-08 11:05:00 EST,42.22322,-75.66852,1543,24.1,23.7,13.1,70.5,15.9,0.000,0.043,0.00,0.000,10.5,18.0,3.0,291,15,11.4,21.5,3.5,292,15,11.4,21.5,3.5,292,15,273,28.52,1.2,0,0,0,43.2,45.9,49.5,0.52,0.45,0.42
BELD,2019-11-08 11:10:00 EST,42.22322,-75.66852,1543,23.5,23.2,14.4,73.6,16.3,0.000,0.043,0.00,0.000,7.7,15.5,3.1,296,21,8.1,16.2,3.3,297,21,8.1,16.2,3.3,297,21,124,28.52,1.1,0,0,0,43.2,45.9,49.5,0.52,0.45,0.42
BELD,2019-11-08 11:15:00 EST,42.22322,-75.66852,1543,23.0,22.7,14.5,78.5,17.3,0.000,0.043,0.00,0.000,7.1,14.3,3.2,300,18,7.2,13.2,2.8,304,20,7.2,13.2,2.8,304,20,210,28.52,1.2,0,0,0,43.2,45.9,49.5,0.52,0.45,0.42
BELD,2019-11-08 11:20:00 EST,42.22322,-75.66852,1543,23.0,22.7,13.6,81.3,18.2,0.000,0.043,0.00,0.000,8.1,13.9,2.6,296,16,8.5,15.4,2.7,298,16,8.5,15.4,2.7,298,16,241,28.52,0.8,0,0,0,43.2,45.9,49.5,0.52,0.45,0.42
BELD,2019-11-08 11:25:00 EST,42.22322,-75.66852,1543,23.1,22.8,15.6,82.8,18.6,0.000,0.043,0.00,0.000,5.6,11.9,2.3,299,21,6.0,13.1,2.6,302,24,6.0,13.1,2.6,302,24,258,28.52,1.0,0,0,0,43.2,45.9,49.5,0.52,0.45,0.42
BELD,2019-11-08 11:30:00 EST,42.22322,-75.66852,1543,23.3,23.0,13.9,80.0,18.1,0.000,0.043,0.00,0.000,8.1,13.8,2.4,303,22,8.6,15.6,2.5,305,22,8.6,15.6,2.5,305,22,368,28.52,0.9,0,0,0,43.1,45.9,49.5,0.52,0.45,0.42
BELD,2019-11-08 11:35:00 EST,42.22322,-75.66852,1543,23.8,23.4,13.4,76.9,17.6,0.000,0.043,0.00,0.000,9.9,16.6,2.6,300,17,10.2,20.9,3.1,302,19,10.2,20.9,3.1,302,19,481,28.52,0.8,0,0,0,43.1,45.9,49.5,0.52,0.45,0.42
BELD,2019-11-08 11:40:00 EST,42.22322,-75.66852,1543,23.8,23.5,14.8,75.7,17.3,0.000,0.043,0.00,0.000,7.8,14.6,2.8,309,18,8.0,15.1,3.0,312,20,8.0,15.1,3.0,312,20,233,28.52,0.8,0,0,0,43.0,45.9,49.5,0.52,0.45,0.42
BELD,2019-11-08 11:45:00 EST,42.22322,-75.66852,1543,24.1,23.7,15.1,74.4,17.1,0.000,0.043,0.00,0.000,7.7,15.6,2.7,294,17,8.1,18.5,2.8,295,18,8.1,18.5,2.8,295,18,483,28.52,0.7,0,0,0,43.0,45.9,49.5,0.52,0.45,0.42
BELD,2019-11-08 11:50:00 EST,42.22322,-75.66852,1543,24.0,23.7,15.0,73.4,16.7,0.000,0.043,0.00,0.000,7.6,13.7,2.8,300,19,8.0,15.7,2.8,302,18,8.0,15.7,2.8,302,18,164,28.52,0.7,0,0,0,43.0,45.9,49.5,0.52,0.45,0.42
BELD,2019-11-08 11:55:00 EST,42.22322,-75.66852,1543,23.8,23.5,14.0,73.3,16.5,0.000,0.043,0.00,0.000,8.6,14.5,2.4,293,22,9.3,17.2,3.0,297,22,9.3,17.2,3.0,297,22,292,28.52,0.5,0,0,0,43.0,45.9,49.5,0.52,0.45,0.42
BELD,2019-11-08 12:00:00 EST,42.22322,-75.66852,1543,24.2,23.9,14.4,69.7,15.7,0.000,0.043,0.00,0.000,9.4,16.7,3.0,302,14,9.5,18.2,2.9,306,14,9.5,18.2,2.9,306,14,424,28.52,-0.1,0,0,0,43.0,45.9,49.5,0.52,0.45,0.42
BELD,2019-11-08 12:05:00 EST,42.22322,-75.66852,1543,24.5,24.1,14.8,68.9,15.7,0.000,0.043,0.00,0.000,9.0,13.7,1.8,300,19,9.2,14.5,2.2,302,15,9.2,14.5,2.2,302,15,344,28.52,-0.4,0,0,0,43.0,45.9,49.5,0.52,0.45,0.42
BELD,2019-11-08 12:10:00 EST,42.22322,-75.66852,1543,24.0,23.7,14.5,69.9,15.6,0.000,0.043,0.00,0.000,8.9,15.6,2.8,304,16,8.9,15.6,2.6,308,16,8.9,15.6,2.6,308,16,231,28.52,-0.1,0,0,0,43.0,45.9,49.5,0.52,0.45,0.42
BELD,2019-11-08 12:15:00 EST,42.22322,-75.66852,1543,23.8,23.5,13.3,73.3,16.5,0.000,0.043,0.00,0.000,10.5,18.9,3.0,307,18,10.4,19.2,2.9,311,17,10.4,19.2,2.9,311,17,176,28.52,1.0,0,0,0,43.0,45.9,49.5,0.52,0.45,0.42
BELD,2019-11-08 12:20:00 EST,42.22322,-75.66852,1543,23.4,23.2,13.6,76.7,17.2,0.000,0.043,0.00,0.000,9.4,18.1,3.1,305,15,9.2,17.8,3.0,308,13,9.2,17.8,3.0,308,13,194,28.51,1.0,0,0,0,43.0,45.9,49.5,0.52,0.45,0.42
BELD,2019-11-08 12:25:00 EST,42.22322,-75.66852,1543,23.5,23.3,14.3,75.4,16.9,0.000,0.043,0.00,0.000,8.0,13.2,2.4,299,20,8.3,16.3,2.7,304,19,8.3,16.3,2.7,304,19,230,28.52,1.0,0,0,0,43.0,45.9,49.5,0.52,0.45,0.42
BELD,2019-11-08 12:30:00 EST,42.22322,-75.66852,1543,24.2,23.9,14.3,71.6,16.3,0.000,0.043,0.00,0.000,9.3,12.4,2.1,300,16,9.5,14.6,2.4,303,15,9.5,14.6,2.4,303,15,416,28.51,1.0,0,0,0,43.0,45.9,49.4,0.52,0.45,0.42
BELD,2019-11-08 12:35:00 EST,42.22322,-75.66852,1543,24.3,24.0,15.3,69.7,15.8,0.000,0.043,0.00,0.000,8.2,14.7,2.6,307,16,8.1,14.7,2.5,310,15,8.1,14.7,2.5,310,15,379,28.51,1.0,0,0,0,43.0,45.9,49.5,0.52,0.45,0.42
BELD,2019-11-08 12:40:00 EST,42.22322,-75.66852,1543,24.9,24.5,16.0,67.7,15.7,0.000,0.043,0.00,0.000,8.0,14.5,2.1,305,18,8.3,14.1,2.4,306,18,8.3,14.1,2.4,306,18,520,28.51,1.0,0,0,0,43.0,45.9,49.4,0.52,0.45,0.42
BELD,2019-11-08 12:45:00 EST,42.22322,-75.66852,1543,25.2,24.8,16.3,69.0,16.4,0.000,0.043,0.00,0.000,7.9,15.6,3.0,304,22,8.4,15.5,3.1,307,22,8.4,15.5,3.1,307,22,376,28.51,0.9,0,0,0,43.0,45.9,49.4,0.52,0.45,0.42
BELD,2019-11-08 12:50:00 EST,42.22322,-75.66852,1543,24.6,24.3,15.5,71.2,16.6,0.000,0.043,0.00,0.000,8.4,15.6,2.5,308,19,8.5,13.3,2.5,311,19,8.5,13.3,2.5,311,19,158,28.51,0.9,0,0,0,43.0,45.9,49.3,0.52,0.45,0.42
BELD,2019-11-08 12:55:00 EST,42.22322,-75.66852,1543,23.4,23.1,14.3,79.5,18.0,0.000,0.043,0.00,0.000,7.9,15.0,2.3,303,16,8.1,14.3,2.2,304,16,8.1,14.3,2.2,304,16,140,28.51,0.9,0,0,0,43.0,45.8,49.3,0.52,0.45,0.42
BELD,2019-11-08 13:00:00 EST,42.22322,-75.66852,1543,23.2,22.9,13.4,80.6,18.1,0.000,0.043,0.00,0.000,8.8,16.3,2.9,304,18,9.1,16.9,3.1,308,19,9.1,16.9,3.1,308,19,261,28.51,0.9,0,0,0,43.0,45.9,49.3,0.52,0.45,0.42
BELD,2019-11-08 13:05:00 EST,42.22322,-75.66852,1543,23.5,23.2,13.0,77.2,17.4,0.000,0.043,0.00,0.000,10.4,16.5,2.8,305,16,10.3,19.6,2.9,310,15,10.3,19.6,2.9,310,15,262,28.51,0.9,0,0,0,43.0,45.7,49.3,0.52,0.45,0.42
BELD,2019-11-08 13:10:00 EST,42.22322,-75.66852,1543,24.0,23.7,14.8,73.3,16.7,0.000,0.043,0.00,0.000,7.7,13.5,2.7,298,19,8.4,14.6,2.8,301,18,8.4,14.6,2.8,301,18,432,28.51,0.9,0,0,0,43.0,45.7,49.3,0.52,0.45,0.42
BELD,2019-11-08 13:15:00 EST,42.22322,-75.66852,1543,24.4,24.1,14.8,71.6,16.6,0.000,0.043,0.00,0.000,9.2,15.4,2.5,304,13,9.2,16.5,2.5,307,13,9.2,16.5,2.5,307,13,430,28.51,0.8,0,0,0,43.0,45.7,49.3,0.52,0.45,0.42
BELD,2019-11-08 13:20:00 EST,42.22322,-75.66852,1543,24.8,24.5,16.6,69.6,16.3,0.000,0.043,0.00,0.000,7.1,14.2,2.5,307,19,7.3,15.3,2.4,308,18,7.3,15.3,2.4,308,18,426,28.51,0.9,0,0,0,43.0,45.7,49.3,0.52,0.45,0.42
BELD,2019-11-08 13:25:00 EST,42.22322,-75.66852,1543,24.9,24.7,14.1,66.7,15.4,0.000,0.043,0.00,0.000,11.2,17.8,2.8,297,18,11.5,19.8,2.8,300,17,11.5,19.8,2.8,300,17,314,28.51,0.8,0,0,0,43.0,45.7,49.3,0.52,0.45,0.42
BELD,2019-11-08 13:30:00 EST,42.22322,-75.66852,1543,24.8,24.5,15.7,66.4,15.1,0.000,0.043,0.00,0.000,8.6,14.4,2.4,314,17,8.4,13.1,2.2,316,17,8.4,13.1,2.2,316,17,387,28.51,0.9,0,0,0,43.0,45.7,49.3,0.52,0.45,0.42
BELD,2019-11-08 13:35:00 EST,42.22322,-75.66852,1543,25.4,25.1,17.3,66.2,15.7,0.000,0.043,0.00,0.000,6.3,13.7,3.3,301,26,7.3,16.7,3.6,305,27,7.3,16.7,3.6,305,27,438,28.51,1.0,0,0,0,43.0,45.7,49.3,0.52,0.45,0.42
BELD,2019-11-08 13:40:00 EST,42.22322,-75.66852,1543,25.8,25.4,15.4,65.3,15.7,0.000,0.043,0.00,0.000,11.0,18.0,3.5,307,17,11.0,18.5,3.4,309,18,11.0,18.5,3.4,309,18,495,28.51,0.9,0,0,0,43.0,45.7,49.3,0.52,0.45,0.42
BELD,2019-11-08 13:45:00 EST,42.22322,-75.66852,1543,25.4,25.0,15.4,65.2,15.3,0.000,0.043,0.00,0.000,10.0,15.8,2.4,301,17,10.2,15.6,2.4,303,17,10.2,15.6,2.4,303,17,418,28.52,0.9,0,0,0,43.0,45.7,49.3,0.52,0.45,0.42
BELD,2019-11-08 13:50:00 EST,42.22322,-75.66852,1543,24.8,24.5,15.5,65.8,14.9,0.000,0.043,0.00,0.000,8.1,18.1,3.7,297,18,8.7,17.4,3.6,301,18,8.7,17.4,3.6,301,18,108,28.52,0.8,0,0,0,42.9,45.7,49.3,0.52,0.45,0.42
BELD,2019-11-08 13:55:00 EST,42.22322,-75.66852,1543,24.0,23.9,14.4,63.6,13.4,0.000,0.043,0.00,0.000,8.5,13.7,2.3,299,20,9.0,16.9,2.6,300,18,9.0,16.9,2.6,300,18,135,28.52,0.9,0,0,0,42.9,45.7,49.3,0.52,0.45,0.42
BELD,2019-11-08 14:00:00 EST,42.22322,-75.66852,1543,24.6,24.3,15.7,62.3,13.5,0.000,0.043,0.00,0.000,7.6,13.3,1.9,295,18,8.2,16.4,2.3,298,17,8.2,16.4,2.3,298,17,374,28.52,1.0,0,0,0,42.8,45.7,49.3,0.52,0.45,0.42
BELD,2019-11-08 14:05:00 EST,42.22322,-75.66852,1543,24.8,24.5,15.6,62.6,13.8,0.000,0.043,0.00,0.000,8.5,12.6,2.1,311,19,8.6,14.7,2.3,315,20,8.6,14.7,2.3,315,20,236,28.52,1.0,0,0,0,42.8,45.7,49.3,0.52,0.45,0.42
BELD,2019-11-08 14:10:00 EST,42.22322,-75.66852,1543,24.4,24.1,15.0,66.3,14.8,0.000,0.043,0.00,0.000,8.3,16.7,3.4,311,25,8.8,18.4,3.7,314,23,8.8,18.4,3.7,314,23,126,28.52,1.0,0,0,0,42.8,45.7,49.3,0.52,0.45,0.42
BELD,2019-11-08 14:15:00 EST,42.22322,-75.66852,1543,24.0,23.8,15.1,67.4,14.8,0.000,0.043,0.00,0.000,8.0,13.4,2.3,309,17,8.1,12.4,2.2,310,17,8.1,12.4,2.2,310,17,168,28.52,1.0,0,0,0,42.8,45.7,49.3,0.52,0.45,0.42
BELD,2019-11-08 14:20:00 EST,42.22322,-75.66852,1543,23.9,23.7,16.4,69.0,15.2,0.000,0.043,0.00,0.000,5.7,10.0,1.7,320,23,6.2,10.7,1.8,324,23,6.2,10.7,1.8,324,23,92,28.52,1.0,0,0,0,42.8,45.7,49.3,0.52,0.45,0.42
BELD,2019-11-08 14:25:00 EST,42.22322,-75.66852,1543,23.8,23.6,14.3,68.1,14.8,0.000,0.043,0.00,0.000,8.9,14.7,2.4,319,14,8.7,15.4,2.3,323,12,8.7,15.4,2.3,323,12,113,28.52,1.0,0,0,0,42.8,45.7,49.3,0.52,0.45,0.42
BELD,2019-11-08 14:30:00 EST,42.22322,-75.66852,1543,23.9,23.7,15.1,67.2,14.6,0.000,0.043,0.00,0.000,7.2,12.9,1.9,308,21,7.7,13.1,2.0,312,22,7.7,13.1,2.0,312,22,164,28.52,0.9,0,0,0,42.8,45.7,49.3,0.52,0.45,0.42
BELD,2019-11-08 14:35:00 EST,42.22322,-75.66852,1543,24.1,23.9,15.6,65.9,14.3,0.000,0.043,0.00,0.000,7.2,11.5,2.1,319,25,7.5,13.1,2.4,324,21,7.5,13.1,2.4,324,21,167,28.52,0.8,0,0,0,42.8,45.7,49.3,0.52,0.45,0.42
BELD,2019-11-08 14:40:00 EST,42.22322,-75.66852,1543,24.0,23.7,16.2,68.1,15.0,0.000,0.043,0.00,0.000,6.4,12.3,2.4,311,16,6.5,12.7,2.4,313,17,6.5,12.7,2.4,313,17,87,28.52,0.8,0,0,0,42.8,45.7,49.3,0.52,0.45,0.42
BELD,2019-11-08 14:45:00 EST,42.22322,-75.66852,1543,23.8,23.6,15.5,69.1,15.1,0.000,0.043,0.00,0.000,6.9,11.6,2.0,321,19,7.2,14.9,2.1,326,19,7.2,14.9,2.1,326,19,98,28.53,0.8,0,0,0,42.8,45.7,49.3,0.52,0.45,0.42
BELD,2019-11-08 14:50:00 EST,42.22322,-75.66852,1543,23.5,23.2,14.6,70.4,15.3,0.000,0.043,0.00,0.000,7.5,15.1,2.8,306,20,7.8,15.3,2.5,307,19,7.8,15.3,2.5,307,19,60,28.53,0.7,0,0,0,42.8,45.7,49.3,0.52,0.45,0.42
BELD,2019-11-08 14:55:00 EST,42.22322,-75.66852,1543,22.9,22.7,14.1,74.7,16.1,0.000,0.043,0.00,0.000,6.9,13.4,2.8,299,18,7.6,18.5,3.0,300,17,7.6,18.5,3.0,300,17,86,28.53,0.8,0,0,0,42.8,45.7,49.3,0.52,0.45,0.42
BELD,2019-11-08 15:00:00 EST,42.22322,-75.66852,1543,22.7,22.4,13.5,77.3,16.7,0.000,0.043,0.00,0.000,7.9,16.1,3.3,307,20,8.0,15.0,2.9,309,19,8.0,15.0,2.9,309,19,114,28.53,0.4,0,0,0,42.8,45.7,49.3,0.52,0.45,0.42
BELD,2019-11-08 15:05:00 EST,42.22322,-75.66852,1543,22.6,22.3,14.5,81.4,17.7,0.000,0.043,0.00,0.000,6.1,13.6,2.8,306,20,6.6,12.5,2.6,309,21,6.6,12.5,2.6,309,21,152,28.53,0.5,0,0,0,42.8,45.7,49.3,0.52,0.45,0.42
BELD,2019-11-08 15:10:00 EST,42.22322,-75.66852,1543,22.8,22.6,13.0,77.7,16.9,0.000,0.043,0.00,0.000,8.8,13.2,2.1,304,15,8.8,13.8,2.1,306,14,8.8,13.8,2.1,306,14,88,28.53,0.5,0,0,0,42.8,45.7,49.3,0.52,0.45,0.42
BELD,2019-11-08 15:15:00 EST,42.22322,-75.66852,1543,22.7,22.6,14.7,75.9,16.3,0.000,0.043,0.00,0.000,6.3,9.8,1.7,305,18,6.6,12.8,1.9,306,18,6.6,12.8,1.9,306,18,60,28.54,0.5,0,0,0,42.8,45.7,49.3,0.52,0.45,0.42
BELD,2019-11-08 15:20:00 EST,42.22322,-75.66852,1543,22.7,22.6,14.0,75.0,16.0,0.000,0.043,0.00,0.000,7.2,13.2,2.1,306,18,7.4,13.6,2.1,310,18,7.4,13.6,2.1,310,18,51,28.54,0.5,0,0,0,42.8,45.7,49.3,0.52,0.45,0.42
BELD,2019-11-08 15:25:00 EST,42.22322,-75.66852,1543,22.6,22.4,13.1,76.3,16.2,0.000,0.043,0.00,0.000,8.2,14.8,2.4,309,20,8.4,15.7,2.3,314,17,8.4,15.7,2.3,314,17,46,28.54,0.7,0,0,0,42.8,45.7,49.3,0.52,0.45,0.42
BELD,2019-11-08 15:30:00 EST,42.22322,-75.66852,1543,22.3,22.1,13.3,80.0,17.1,0.000,0.043,0.00,0.000,7.5,12.8,2.2,305,18,7.7,13.7,2.2,310,17,7.7,13.7,2.2,310,17,46,28.54,0.8,0,0,0,42.8,45.6,49.3,0.52,0.45,0.42
BELD,2019-11-08 15:35:00 EST,42.22322,-75.66852,1543,22.1,22.1,14.6,80.2,17.0,0.000,0.043,0.00,0.000,5.5,8.7,1.2,308,17,5.8,9.1,1.3,309,15,5.8,9.1,1.3,309,15,40,28.54,0.8,0,0,0,42.8,45.6,49.3,0.52,0.45,0.42
BELD,2019-11-08 15:40:00 EST,42.22322,-75.66852,1543,22.2,22.1,14.5,80.1,17.0,0.000,0.043,0.00,0.000,5.7,9.1,1.7,305,15,6.0,10.3,1.6,308,13,6.0,10.3,1.6,308,13,98,28.54,0.9,0,0,0,42.8,45.5,49.3,0.52,0.45,0.42
BELD,2019-11-08 15:45:00 EST,42.22322,-75.66852,1543,22.5,22.4,15.5,79.0,16.9,0.000,0.043,0.00,0.000,5.0,9.0,1.1,305,19,5.4,11.1,1.4,306,18,5.4,11.1,1.4,306,18,119,28.54,0.8,0,0,0,42.8,45.5,49.3,0.52,0.45,0.42
BELD,2019-11-08 15:50:00 EST,42.22322,-75.66852,1543,22.8,22.7,15.2,75.8,16.3,0.000,0.043,0.00,0.000,5.7,11.3,1.8,308,19,6.0,11.3,1.9,309,19,6.0,11.3,1.9,309,19,108,28.54,0.7,0,0,0,42.8,45.5,49.3,0.52,0.45,0.42
BELD,2019-11-08 15:55:00 EST,42.22322,-75.66852,1543,22.8,22.8,15.9,75.9,16.4,0.000,0.043,0.00,0.000,5.0,11.6,1.9,300,20,5.4,13.4,2.1,303,20,5.4,13.4,2.1,303,20,94,28.54,0.7,0,0,0,42.8,45.5,49.3,0.52,0.45,0.42
BELD,2019-11-08 16:00:00 EST,42.22322,-75.66852,1543,22.7,22.7,14.2,75.0,16.0,0.000,0.043,0.00,0.000,6.9,10.8,1.9,309,21,7.2,12.9,2.1,313,22,7.2,12.9,2.1,313,22,42,28.54,0.7,0,0,0,42.8,45.5,49.3,0.52,0.45,0.42
BELD,2019-11-08 16:05:00 EST,42.22322,-75.66852,1543,22.6,22.6,13.6,75.1,15.9,0.000,0.043,0.00,0.000,7.1,14.1,1.9,301,17,7.7,16.7,2.1,303,15,7.7,16.7,2.1,303,15,27,28.54,0.7,0,0,0,42.8,45.5,49.3,0.52,0.45,0.42
BELD,2019-11-08 16:10:00 EST,42.22322,-75.66852,1543,22.4,22.4,14.6,75.0,15.7,0.000,0.043,0.00,0.000,5.6,8.9,1.4,295,21,6.2,12.5,1.7,297,20,6.2,12.5,1.7,297,20,25,28.54,0.7,0,0,0,42.8,45.5,49.3,0.52,0.45,0.42
BELD,2019-11-08 16:15:00 EST,42.22322,-75.66852,1543,22.3,22.3,15.4,75.1,15.6,0.000,0.043,0.00,0.000,4.8,8.4,1.6,295,18,5.2,12.2,1.9,298,18,5.2,12.2,1.9,298,18,22,28.54,0.7,0,0,0,42.8,45.5,49.3,0.52,0.45,0.42
BELD,2019-11-08 16:20:00 EST,42.22322,-75.66852,1543,22.2,22.2,15.1,75.0,15.5,0.000,0.043,0.00,0.000,4.9,8.5,1.6,293,20,5.5,9.6,1.7,296,19,5.5,9.6,1.7,296,19,20,28.55,0.7,0,0,0,42.8,45.5,49.3,0.52,0.45,0.42
BELD,2019-11-08 16:25:00 EST,42.22322,-75.66852,1543,22.0,22.1,15.2,75.7,15.5,0.000,0.043,0.00,0.000,4.9,9.8,1.5,307,15,5.1,11.0,1.6,311,15,5.1,11.0,1.6,311,15,16,28.55,0.7,0,0,0,42.8,45.5,49.3,0.52,0.45,0.42
BELD,2019-11-08 16:30:00 EST,42.22322,-75.66852,1543,22.2,22.1,15.0,76.9,16.0,0.000,0.043,0.00,0.000,5.2,8.5,1.6,303,14,5.5,9.4,1.6,306,15,5.5,9.4,1.6,306,15,12,28.55,0.7,0,0,0,42.8,45.5,49.3,0.52,0.45,0.42
BELD,2019-11-08 16:35:00 EST,42.22322,-75.66852,1543,21.9,21.8,13.4,79.6,16.6,0.000,0.043,0.00,0.000,6.5,10.7,2.1,303,20,6.9,12.7,2.3,306,22,6.9,12.7,2.3,306,22,10,28.55,0.7,0,0,0,42.8,45.5,49.3,0.52,0.45,0.42
BELD,2019-11-08 16:40:00 EST,42.22322,-75.66852,1543,21.8,21.7,13.0,81.5,17.0,0.000,0.043,0.00,0.000,6.6,10.0,1.5,296,16,7.2,12.3,1.8,299,17,7.2,12.3,1.8,299,17,9,28.56,0.6,0,0,0,42.8,45.5,49.3,0.52,0.45,0.42
BELD,2019-11-08 16:45:00 EST,42.22322,-75.66852,1543,21.6,21.5,13.2,82.1,17.0,0.000,0.043,0.00,0.000,6.4,10.4,1.7,299,17,6.6,11.7,1.9,301,16,6.6,11.7,1.9,301,16,7,28.56,0.6,0,0,0,42.8,45.5,49.3,0.52,0.45,0.42
BELD,2019-11-08 16:50:00 EST,42.22322,-75.66852,1543,21.5,21.5,13.3,81.8,16.8,0.000,0.043,0.00,0.000,6.2,9.9,1.6,301,15,6.5,11.6,1.9,303,14,6.5,11.6,1.9,303,14,5,28.56,0.6,0,0,0,42.8,45.5,49.3,0.52,0.45,0.42
BELD,2019-11-08 16:55:00 EST,42.22322,-75.66852,1543,21.3,21.3,13.8,81.7,16.5,0.000,0.043,0.00,0.000,5.5,8.8,1.4,311,15,5.6,9.1,1.4,315,15,5.6,9.1,1.4,315,15,3,28.56,0.7,0,0,0,42.8,45.5,49.3,0.52,0.45,0.42
BELD,2019-11-08 17:00:00 EST,42.22322,-75.66852,1543,21.2,21.2,12.6,82.3,16.6,0.000,0.043,0.00,0.000,6.7,10.4,1.5,304,14,6.9,10.6,1.6,306,14,6.9,10.6,1.6,306,14,1,28.56,0.6,0,0,0,42.8,45.5,49.3,0.52,0.45,0.42
BELD,2019-11-08 17:05:00 EST,42.22322,-75.66852,1543,21.0,21.1,12.8,82.9,16.6,0.000,0.043,0.00,0.000,5.8,9.4,1.5,293,15,6.3,10.9,1.6,295,15,6.3,10.9,1.6,295,15,1,28.56,0.6,0,0,0,42.8,45.5,49.3,0.52,0.45,0.42
BELD,2019-11-08 17:10:00 EST,42.22322,-75.66852,1543,21.1,21.1,11.8,83.5,16.9,0.000,0.043,0.00,0.000,7.0,11.8,1.5,290,17,7.7,13.9,2.0,291,15,7.7,13.9,2.0,291,15,0,28.56,0.6,0,0,0,42.7,45.5,49.3,0.52,0.45,0.42
BELD,2019-11-08 17:15:00 EST,42.22322,-75.66852,1543,20.9,20.9,13.0,84.4,16.9,0.000,0.043,0.00,0.000,5.4,10.4,1.4,288,14,6.0,12.5,1.6,290,14,6.0,12.5,1.6,290,14,0,28.56,0.6,0,0,0,42.7,45.5,49.3,0.52,0.45,0.42
BELD,2019-11-08 17:20:00 EST,42.22322,-75.66852,1543,20.9,20.9,12.7,85.9,17.3,0.000,0.043,0.00,0.000,5.7,10.1,1.5,287,15,6.3,11.9,1.9,289,13,6.3,11.9,1.9,289,13,0,28.56,0.7,0,0,0,42.7,45.5,49.2,0.52,0.45,0.42
BELD,2019-11-08 17:25:00 EST,42.22322,-75.66852,1543,20.9,20.9,13.5,87.0,17.6,0.000,0.043,0.00,0.000,5.1,9.7,1.5,292,17,5.5,9.6,1.7,296,16,5.5,9.6,1.7,296,16,0,28.57,0.6,0,0,0,42.6,45.5,49.2,0.52,0.45,0.42
BELD,2019-11-08 17:30:00 EST,42.22322,-75.66852,1543,20.8,20.8,13.7,87.6,17.7,0.000,0.043,0.00,0.000,4.7,10.2,1.7,299,21,5.2,12.8,2.1,300,19,5.2,12.8,2.1,300,19,0,28.57,0.7,0,0,0,42.6,45.5,49.3,0.52,0.45,0.42
BELD,2019-11-08 17:35:00 EST,42.22322,-75.66852,1543,20.9,20.9,13.9,87.3,17.7,0.000,0.043,0.00,0.000,4.8,7.9,1.1,300,16,5.1,11.4,1.4,303,17,5.1,11.4,1.4,303,17,0,28.57,0.6,0,0,0,42.6,45.5,49.2,0.52,0.45,0.42
BELD,2019-11-08 17:40:00 EST,42.22322,-75.66852,1543,20.6,20.8,15.9,86.9,17.4,0.000,0.043,0.00,0.000,2.9,7.0,1.2,304,22,3.3,8.4,1.4,307,22,3.3,8.4,1.4,307,22,0,28.57,0.6,0,0,0,42.6,45.5,49.3,0.52,0.45,0.42
BELD,2019-11-08 17:45:00 EST,42.22322,-75.66852,1543,20.7,20.8,14.3,86.1,17.2,0.000,0.043,0.00,0.000,4.3,7.4,1.2,299,20,4.6,8.1,1.2,301,20,4.6,8.1,1.2,301,20,0,28.57,0.6,0,0,0,42.6,45.5,49.1,0.52,0.45,0.42
BELD,2019-11-08 17:50:00 EST,42.22322,-75.66852,1543,20.6,20.7,15.2,85.8,17.0,0.000,0.043,0.00,0.000,3.2,7.4,1.8,298,23,3.7,9.5,2.1,298,25,3.7,9.5,2.1,298,25,0,28.58,0.6,0,0,0,42.6,45.5,49.1,0.52,0.45,0.42
BELD,2019-11-08 17:55:00 EST,42.22322,-75.66852,1543,20.3,20.5,15.4,85.4,16.7,0.000,0.043,0.00,0.000,3.4,8.6,1.8,308,17,3.5,8.1,1.8,311,15,3.5,8.1,1.8,311,15,0,28.58,0.6,0,0,0,42.6,45.5,49.1,0.52,0.46,0.42
BELD,2019-11-08 18:00:00 EST,42.22322,-75.66852,1543,20.4,20.5,14.9,85.8,16.9,0.000,0.043,0.00,0.000,3.7,7.6,1.0,302,16,3.9,6.6,1.1,307,18,3.9,6.6,1.1,307,18,0,28.58,0.6,0,0,0,42.6,45.5,49.1,0.52,0.45,0.42
BELD,2019-11-08 18:05:00 EST,42.22322,-75.66852,1543,20.3,20.4,14.6,86.0,16.8,0.000,0.043,0.00,0.000,3.7,7.6,1.3,304,18,4.0,7.8,1.3,306,18,4.0,7.8,1.3,306,18,0,28.58,0.6,0,0,0,42.6,45.5,49.1,0.52,0.46,0.42
BELD,2019-11-08 18:10:00 EST,42.22322,-75.66852,1543,20.2,20.4,14.1,85.8,16.6,0.000,0.043,0.00,0.000,3.9,7.2,1.6,297,15,4.3,8.5,1.6,299,17,4.3,8.5,1.6,299,17,0,28.59,0.7,0,0,0,42.6,45.5,49.1,0.52,0.45,0.42
BELD,2019-11-08 18:15:00 EST,42.22322,-75.66852,1543,20.2,20.3,13.9,85.8,16.6,0.000,0.043,0.00,0.000,4.2,7.4,1.3,301,15,4.5,7.1,1.4,302,15,4.5,7.1,1.4,302,15,0,28.59,0.6,0,0,0,42.6,45.5,49.1,0.52,0.45,0.42
BELD,2019-11-08 18:20:00 EST,42.22322,-75.66852,1543,20.1,20.2,13.9,85.3,16.4,0.000,0.043,0.00,0.000,4.0,7.9,1.3,300,20,4.3,9.5,1.5,301,18,4.3,9.5,1.5,301,18,0,28.59,0.6,0,0,0,42.6,45.5,49.1,0.52,0.45,0.42
BELD,2019-11-08 18:25:00 EST,42.22322,-75.66852,1543,20.1,20.2,13.1,85.2,16.3,0.000,0.043,0.00,0.000,4.6,7.4,1.1,299,20,5.0,8.1,1.4,301,19,5.0,8.1,1.4,301,19,0,28.59,0.7,0,0,0,42.6,45.5,49.1,0.52,0.46,0.42
BELD,2019-11-08 18:30:00 EST,42.22322,-75.66852,1543,20.1,20.2,14.5,85.0,16.3,0.000,0.043,0.00,0.000,3.7,5.9,0.8,293,17,3.9,6.9,1.1,295,17,3.9,6.9,1.1,295,17,0,28.60,0.6,0,0,0,42.6,45.5,49.1,0.52,0.46,0.42
BELD,2019-11-08 18:35:00 EST,42.22322,-75.66852,1543,19.8,20.0,19.8,84.9,16.0,0.000,0.043,0.00,0.000,2.6,4.9,0.6,307,20,2.8,6.5,0.9,308,22,2.8,6.5,0.9,308,22,0,28.60,0.7,0,0,0,42.6,45.5,49.1,0.52,0.46,0.42
BELD,2019-11-08 18:40:00 EST,42.22322,-75.66852,1543,19.8,20.0,13.8,85.1,16.1,0.000,0.043,0.00,0.000,3.8,6.9,1.1,306,23,4.2,7.7,1.2,308,23,4.2,7.7,1.2,308,23,0,28.60,0.7,0,0,0,42.6,45.5,49.1,0.52,0.46,0.42
BELD,2019-11-08 18:45:00 EST,42.22322,-75.66852,1543,19.8,19.9,14.2,85.2,16.0,0.000,0.043,0.00,0.000,3.6,5.3,0.9,300,15,3.8,6.7,1.0,301,16,3.8,6.7,1.0,301,16,0,28.60,0.7,0,0,0,42.6,45.5,49.1,0.52,0.46,0.42
BELD,2019-11-08 18:50:00 EST,42.22322,-75.66852,1543,19.7,19.7,15.1,85.3,16.0,0.000,0.043,0.00,0.000,2.9,5.6,1.0,292,13,3.1,5.8,1.1,294,14,3.1,5.8,1.1,294,14,0,28.60,0.6,0,0,0,42.6,45.5,49.1,0.52,0.46,0.42
BELD,2019-11-08 18:55:00 EST,42.22322,-75.66852,1543,19.4,19.6,14.8,85.5,15.8,0.000,0.043,0.00,0.000,2.8,4.7,0.8,290,17,3.2,5.3,1.0,290,16,3.2,5.3,1.0,290,16,0,28.60,0.6,0,0,0,42.6,45.5,49.1,0.52,0.46,0.42
BELD,2019-11-08 19:00:00 EST,42.22322,-75.66852,1543,19.2,19.5,14.0,85.7,15.7,0.000,0.043,0.00,0.000,3.2,5.9,0.8,288,15,3.5,5.5,1.0,288,15,3.5,5.5,1.0,288,15,0,28.60,0.6,0,0,0,42.6,45.4,49.1,0.52,0.46,0.42
BELD,2019-11-08 19:05:00 EST,42.22322,-75.66852,1543,19.3,19.5,13.6,86.0,15.7,0.000,0.043,0.00,0.000,3.4,5.7,0.9,284,15,3.8,6.2,1.0,287,15,3.8,6.2,1.0,287,15,0,28.60,0.6,0,0,0,42.6,45.3,49.1,0.52,0.45,0.42
BELD,2019-11-08 19:10:00 EST,42.22322,-75.66852,1543,19.2,19.4,14.1,85.9,15.7,0.000,0.043,0.00,0.000,3.2,5.7,1.0,290,15,3.5,6.6,1.2,292,15,3.5,6.6,1.2,292,15,0,28.60,0.5,0,0,0,42.6,45.4,49.1,0.52,0.45,0.42
BELD,2019-11-08 19:15:00 EST,42.22322,-75.66852,1543,19.2,19.4,14.3,85.9,15.7,0.000,0.043,0.00,0.000,3.1,5.5,0.9,297,18,3.3,6.7,1.1,296,17,3.3,6.7,1.1,296,17,0,28.60,0.7,0,0,0,42.6,45.3,49.1,0.52,0.46,0.42
BELD,2019-11-08 19:20:00 EST,42.22322,-75.66852,1543,19.1,19.4,13.2,85.7,15.5,0.000,0.043,0.00,0.000,3.5,6.3,1.0,283,14,4.0,7.8,1.3,285,12,4.0,7.8,1.3,285,12,0,28.60,0.6,0,0,0,42.6,45.3,49.1,0.52,0.46,0.42
BELD,2019-11-08 19:25:00 EST,42.22322,-75.66852,1543,19.0,19.3,13.3,86.0,15.5,0.000,0.043,0.00,0.000,3.2,6.1,1.1,276,16,3.8,8.3,1.4,278,17,3.8,8.3,1.4,278,17,0,28.60,0.6,0,0,0,42.5,45.3,49.1,0.52,0.45,0.42
BELD,2019-11-08 19:30:00 EST,42.22322,-75.66852,1543,19.0,19.2,13.2,86.3,15.6,0.000,0.043,0.00,0.000,3.3,5.7,0.9,282,16,3.9,7.7,1.2,283,15,3.9,7.7,1.2,283,15,0,28.60,0.6,0,0,0,42.5,45.3,49.1,0.52,0.46,0.42
BELD,2019-11-08 19:35:00 EST,42.22322,-75.66852,1543,19.0,19.3,13.6,86.3,15.6,0.000,0.043,0.00,0.000,3.4,5.7,1.0,286,16,3.7,6.0,1.1,287,16,3.7,6.0,1.1,287,16,0,28.60,0.6,0,0,0,42.5,45.3,49.1,0.52,0.46,0.42
BELD,2019-11-08 19:40:00 EST,42.22322,-75.66852,1543,19.0,19.2,13.4,86.4,15.6,0.000,0.043,0.00,0.000,3.1,6.1,1.1,274,17,3.7,8.0,1.4,276,17,3.7,8.0,1.4,276,17,0,28.60,0.6,0,0,0,42.5,45.3,49.1,0.52,0.46,0.42
BELD,2019-11-08 19:45:00 EST,42.22322,-75.66852,1543,19.0,19.2,13.2,86.3,15.6,0.000,0.043,0.00,0.000,3.4,6.4,1.1,269,17,3.9,7.1,1.1,270,16,3.9,7.1,1.1,270,16,0,28.60,0.4,0,0,0,42.4,45.3,49.1,0.52,0.46,0.42
BELD,2019-11-08 19:50:00 EST,42.22322,-75.66852,1543,18.8,19.0,13.6,86.5,15.4,0.000,0.043,0.00,0.000,2.9,5.0,0.8,268,19,3.5,6.2,1.1,269,17,3.5,6.2,1.1,269,17,0,28.60,0.5,0,0,0,42.4,45.3,49.1,0.52,0.46,0.42
BELD,2019-11-08 19:55:00 EST,42.22322,-75.66852,1543,18.4,18.8,13.3,87.3,15.3,0.000,0.043,0.00,0.000,2.9,4.4,0.6,265,14,3.4,5.6,0.8,267,12,3.4,5.6,0.8,267,12,0,28.60,0.5,0,0,0,42.4,45.3,49.1,0.52,0.46,0.42
BELD,2019-11-08 20:00:00 EST,42.22322,-75.66852,1543,18.5,18.6,13.3,88.4,15.6,0.000,0.043,0.00,0.000,2.9,4.4,0.6,271,13,3.4,5.9,0.8,273,12,3.4,5.9,0.8,273,12,0,28.60,0.6,0,0,0,42.4,45.3,49.1,0.52,0.46,0.42
BELD,2019-11-08 20:05:00 EST,42.22322,-75.66852,1543,18.2,18.4,13.2,88.8,15.5,0.000,0.043,0.00,0.000,2.8,4.5,0.5,267,12,3.3,5.7,0.7,268,11,3.3,5.7,0.7,268,11,0,28.60,0.5,0,0,0,42.4,45.3,49.1,0.52,0.46,0.42
BELD,2019-11-08 20:10:00 EST,42.22322,-75.66852,1543,18.1,18.3,13.0,89.5,15.5,0.000,0.043,0.00,0.000,2.8,5.0,0.7,266,11,3.4,6.1,0.9,268,10,3.4,6.1,0.9,268,10,0,28.60,0.5,0,0,0,42.4,45.3,49.1,0.52,0.46,0.42
BELD,2019-11-08 20:15:00 EST,42.22322,-75.66852,1543,18.0,18.2,12.5,90.0,15.6,0.000,0.043,0.00,0.000,3.1,4.4,0.7,272,8,3.6,5.7,0.9,273,8,3.6,5.7,0.9,273,8,0,28.60,0.5,0,0,0,42.4,45.3,49.1,0.52,0.46,0.42
BELD,2019-11-08 20:20:00 EST,42.22322,-75.66852,1543,18.0,18.3,11.5,90.1,15.6,0.000,0.043,0.00,0.000,3.7,5.0,0.5,274,9,4.3,6.9,0.7,276,8,4.3,6.9,0.7,276,8,0,28.60,0.5,0,0,0,42.4,45.3,49.1,0.52,0.46,0.42
BELD,2019-11-08 20:25:00 EST,42.22322,-75.66852,1543,17.7,18.2,12.2,89.6,15.2,0.000,0.043,0.00,0.000,3.1,4.5,0.5,272,9,3.6,5.3,0.7,274,9,3.6,5.3,0.7,274,9,0,28.61,0.6,0,0,0,42.4,45.3,49.1,0.52,0.46,0.42
BELD,2019-11-08 20:30:00 EST,42.22322,-75.66852,1543,17.8,18.2,11.2,89.8,15.3,0.000,0.043,0.00,0.000,3.8,5.1,0.5,275,10,4.4,6.9,0.8,277,9,4.4,6.9,0.8,277,9,0,28.61,0.6,0,0,0,42.4,45.3,49.1,0.52,0.46,0.42
BELD,2019-11-08 20:35:00 EST,42.22322,-75.66852,1543,17.9,18.2,10.9,89.6,15.4,0.000,0.043,0.00,0.000,4.0,6.1,0.9,265,8,4.7,7.6,1.2,267,8,4.7,7.6,1.2,267,8,0,28.61,0.6,0,0,0,42.4,45.3,49.1,0.52,0.46,0.42
BELD,2019-11-08 20:40:00 EST,42.22322,-75.66852,1543,18.0,18.2,11.4,89.4,15.4,0.000,0.043,0.00,0.000,3.8,5.8,0.8,272,10,4.4,7.2,1.0,273,10,4.4,7.2,1.0,273,10,0,28.61,0.5,0,0,0,42.4,45.3,49.1,0.52,0.46,0.42
BELD,2019-11-08 20:45:00 EST,42.22322,-75.66852,1543,17.9,18.2,10.4,89.1,15.3,0.000,0.043,0.00,0.000,4.5,5.6,0.5,273,10,5.1,7.1,0.8,276,10,5.1,7.1,0.8,276,10,0,28.61,0.6,0,0,0,42.4,45.3,49.1,0.52,0.46,0.42
BELD,2019-11-08 20:50:00 EST,42.22322,-75.66852,1543,17.9,18.2,10.6,88.6,15.1,0.000,0.043,0.00,0.000,4.3,5.9,0.7,273,10,4.9,7.2,1.0,274,10,4.9,7.2,1.0,274,10,0,28.61,0.6,0,0,0,42.4,45.3,49.1,0.52,0.46,0.42
BELD,2019-11-08 20:55:00 EST,42.22322,-75.66852,1543,17.9,18.3,10.5,88.6,15.1,0.000,0.043,0.00,0.000,4.4,5.6,0.6,271,10,5.0,7.3,0.8,273,9,5.0,7.3,0.8,273,9,0,28.61,0.6,0,0,0,42.4,45.3,49.1,0.52,0.46,0.42
BELD,2019-11-08 21:00:00 EST,42.22322,-75.66852,1543,18.0,18.3,10.5,88.2,15.1,0.000,0.043,0.00,0.000,4.4,6.0,0.7,277,9,5.1,7.7,1.0,279,8,5.1,7.7,1.0,279,8,0,28.61,0.5,0,0,0,42.4,45.3,49.1,0.52,0.46,0.42
BELD,2019-11-08 21:05:00 EST,42.22322,-75.66852,1543,18.0,18.2,11.3,87.7,15.0,0.000,0.043,0.00,0.000,3.9,5.2,0.6,278,11,4.4,6.5,0.9,280,10,4.4,6.5,0.9,280,10,0,28.61,0.6,0,0,0,42.4,45.3,49.1,0.52,0.46,0.42
BELD,2019-11-08 21:10:00 EST,42.22322,-75.66852,1543,17.8,18.1,11.1,87.4,14.7,0.000,0.043,0.00,0.000,3.9,5.7,0.8,279,12,4.4,7.1,1.1,281,11,4.4,7.1,1.1,281,11,0,28.61,0.6,0,0,0,42.4,45.3,49.1,0.52,0.46,0.42
BELD,2019-11-08 21:15:00 EST,42.22322,-75.66852,1543,17.9,18.2,10.6,87.4,14.8,0.000,0.043,0.00,0.000,4.3,6.7,0.8,278,11,4.9,8.1,1.1,280,10,4.9,8.1,1.1,280,10,0,28.61,0.6,0,0,0,42.4,45.3,49.1,0.52,0.46,0.42
BELD,2019-11-08 21:20:00 EST,42.22322,-75.66852,1543,17.8,18.2,10.9,87.1,14.6,0.000,0.043,0.00,0.000,4.1,5.8,0.8,277,13,4.6,7.3,1.0,279,11,4.6,7.3,1.0,279,11,0,28.61,0.6,0,0,0,42.4,45.3,49.1,0.52,0.46,0.42
BELD,2019-11-08 21:25:00 EST,42.22322,-75.66852,1543,17.8,18.2,10.7,87.2,14.6,0.000,0.043,0.00,0.000,4.1,6.9,0.8,279,14,4.7,8.1,1.1,281,12,4.7,8.1,1.1,281,12,0,28.61,0.5,0,0,0,42.4,45.2,49.0,0.52,0.46,0.42
BELD,2019-11-08 21:30:00 EST,42.22322,-75.66852,1543,17.9,18.3,11.3,87.1,14.7,0.000,0.043,0.00,0.000,3.9,5.4,0.6,282,16,4.4,6.7,0.9,283,15,4.4,6.7,0.9,283,15,0,28.61,0.5,0,0,0,42.4,45.3,49.1,0.52,0.46,0.42
BELD,2019-11-08 21:35:00 EST,42.22322,-75.66852,1543,17.9,18.4,11.5,86.5,14.6,0.000,0.043,0.00,0.000,3.7,5.4,0.8,281,12,4.2,6.6,1.0,282,12,4.2,6.6,1.0,282,12,0,28.61,0.6,0,0,0,42.4,45.2,49.0,0.52,0.46,0.42
BELD,2019-11-08 21:40:00 EST,42.22322,-75.66852,1543,17.7,18.3,11.8,86.5,14.3,0.000,0.043,0.00,0.000,3.3,4.9,0.6,276,15,3.8,6.3,0.8,277,13,3.8,6.3,0.8,277,13,0,28.61,0.5,0,0,0,42.4,45.1,49.1,0.52,0.46,0.42
BELD,2019-11-08 21:45:00 EST,42.22322,-75.66852,1543,17.7,18.3,11.6,86.8,14.5,0.000,0.043,0.00,0.000,3.5,5.8,0.8,282,11,4.0,7.5,1.1,283,10,4.0,7.5,1.1,283,10,0,28.61,0.6,0,0,0,42.4,45.1,49.1,0.52,0.46,0.42
BELD,2019-11-08 21:50:00 EST,42.22322,-75.66852,1543,18.0,18.5,11.6,86.4,14.6,0.000,0.043,0.00,0.000,3.7,6.1,0.8,285,13,4.2,7.6,1.2,287,12,4.2,7.6,1.2,287,12,0,28.61,0.5,0,0,0,42.4,45.1,49.0,0.52,0.46,0.42
BELD,2019-11-08 21:55:00 EST,42.22322,-75.66852,1543,17.9,18.4,13.0,85.6,14.3,0.000,0.043,0.00,0.000,2.9,4.1,0.5,286,13,3.2,5.3,0.7,287,13,3.2,5.3,0.7,287,13,0,28.61,0.6,0,0,0,42.4,45.1,48.8,0.52,0.46,0.42
BELD,2019-11-08 22:00:00 EST,42.22322,-75.66852,1543,17.9,18.3,17.9,86.0,14.4,0.000,0.043,0.00,0.000,2.4,4.7,0.7,277,13,2.9,5.0,0.7,278,12,2.9,5.0,0.7,278,12,0,28.61,0.4,0,0,0,42.4,45.1,49.1,0.52,0.46,0.42
BELD,2019-11-08 22:05:00 EST,42.22322,-75.66852,1543,17.6,18.2,12.9,86.5,14.3,0.000,0.043,0.00,0.000,2.6,4.0,0.6,269,11,3.1,4.7,0.7,269,10,3.1,4.7,0.7,269,10,0,28.61,0.6,0,0,0,42.4,45.1,49.0,0.52,0.46,0.42
BELD,2019-11-08 22:10:00 EST,42.22322,-75.66852,1543,17.7,18.1,17.7,87.2,14.5,0.000,0.043,0.00,0.000,2.4,3.4,0.4,266,7,2.9,4.2,0.5,269,8,2.9,4.2,0.5,269,8,0,28.61,0.5,0,0,0,42.4,45.1,48.8,0.52,0.46,0.42
BELD,2019-11-08 22:15:00 EST,42.22322,-75.66852,1543,17.6,18.1,17.6,87.4,14.5,0.000,0.043,0.00,0.000,2.1,3.2,0.5,269,9,2.5,4.1,0.6,270,9,2.5,4.1,0.6,270,9,0,28.61,0.5,0,0,0,42.4,45.1,49.0,0.52,0.45,0.42
BELD,2019-11-08 22:20:00 EST,42.22322,-75.66852,1543,17.5,18.0,17.5,87.8,14.5,0.000,0.043,0.00,0.000,1.5,2.3,0.3,289,8,1.9,2.8,0.4,290,10,1.9,2.8,0.4,290,10,0,28.61,0.5,0,0,0,42.4,45.1,48.8,0.52,0.45,0.42
BELD,2019-11-08 22:25:00 EST,42.22322,-75.66852,1543,17.3,17.9,17.3,88.0,14.3,0.000,0.043,0.00,0.000,0.6,1.4,0.5,293,6,1.2,1.9,0.3,289,12,1.2,1.9,0.3,289,12,0,28.61,0.5,0,0,0,42.4,45.1,48.7,0.52,0.45,0.42
BELD,2019-11-08 22:30:00 EST,42.22322,-75.66852,1543,16.9,17.7,16.9,88.5,14.1,0.000,0.043,0.00,0.000,0.8,1.2,0.2,267,6,1.5,1.8,0.2,256,8,1.5,1.8,0.2,256,8,0,28.61,0.5,0,0,0,42.4,45.1,48.7,0.52,0.45,0.42
BELD,2019-11-08 22:35:00 EST,42.22322,-75.66852,1543,16.5,17.9,16.5,89.3,13.9,0.000,0.043,0.00,0.000,1.5,1.8,0.2,254,3,2.0,2.5,0.2,253,4,2.0,2.5,0.2,253,4,0,28.61,0.5,0,0,0,42.4,45.1,48.7,0.52,0.45,0.42
BELD,2019-11-08 22:40:00 EST,42.22322,-75.66852,1543,16.8,18.3,16.8,89.7,14.3,0.000,0.043,0.00,0.000,1.5,2.3,0.3,258,10,2.0,2.9,0.3,259,14,2.0,2.9,0.3,259,14,0,28.61,0.5,0,0,0,42.4,45.1,48.7,0.52,0.45,0.42
BELD,2019-11-08 22:45:00 EST,42.22322,-75.66852,1543,16.5,18.0,16.5,89.3,13.9,0.000,0.043,0.00,0.000,1.4,1.9,0.2,273,7,2.0,2.5,0.2,276,9,2.0,2.5,0.2,276,9,0,28.61,0.5,0,0,0,42.4,45.1,48.7,0.52,0.45,0.42
BELD,2019-11-08 22:50:00 EST,42.22322,-75.66852,1543,16.5,17.7,16.5,89.8,14.0,0.000,0.043,0.00,0.000,2.0,2.8,0.4,277,6,2.6,3.2,0.4,278,6,2.6,3.2,0.4,278,6,0,28.61,0.5,0,0,0,42.4,45.1,48.7,0.52,0.45,0.42
BELD,2019-11-08 22:55:00 EST,42.22322,-75.66852,1543,16.2,17.6,11.1,90.0,13.8,0.000,0.043,0.00,0.000,2.6,3.6,0.4,274,7,3.2,4.3,0.4,276,8,3.2,4.3,0.4,276,8,0,28.61,0.5,0,0,0,42.4,45.1,48.7,0.52,0.45,0.42
BELD,2019-11-08 23:00:00 EST,42.22322,-75.66852,1543,16.6,17.6,16.6,90.0,14.1,0.000,0.043,0.00,0.000,2.3,3.1,0.3,283,6,2.7,3.8,0.5,285,6,2.7,3.8,0.5,285,6,0,28.61,0.4,0,0,0,42.4,45.1,48.7,0.52,0.45,0.42
BELD,2019-11-08 23:05:00 EST,42.22322,-75.66852,1543,16.8,17.7,16.8,88.9,14.1,0.000,0.043,0.00,0.000,1.8,2.9,0.4,292,8,2.0,3.1,0.4,294,9,2.0,3.1,0.4,294,9,0,28.61,0.5,0,0,0,42.3,45.1,48.7,0.52,0.45,0.42
BELD,2019-11-08 23:10:00 EST,42.22322,-75.66852,1543,16.6,17.6,16.6,88.5,13.8,0.000,0.043,0.00,0.000,0.9,2.0,0.5,290,12,1.4,2.7,0.4,287,15,1.4,2.7,0.4,287,15,0,28.61,0.5,0,0,0,42.3,45.1,48.7,0.52,0.45,0.42
BELD,2019-11-08 23:15:00 EST,42.22322,-75.66852,1543,16.1,17.7,16.1,89.2,13.5,0.000,0.043,0.00,0.000,1.0,2.1,0.5,274,11,1.6,2.7,0.5,272,13,1.6,2.7,0.5,272,13,0,28.61,0.5,0,0,0,42.3,45.1,48.7,0.52,0.45,0.42
BELD,2019-11-08 23:20:00 EST,42.22322,-75.66852,1543,16.4,18.1,16.4,90.5,14.1,0.000,0.043,0.00,0.000,1.6,2.5,0.3,268,12,2.0,3.0,0.4,268,13,2.0,3.0,0.4,268,13,0,28.61,0.5,0,0,0,42.3,45.1,48.7,0.52,0.45,0.42
BELD,2019-11-08 23:25:00 EST,42.22322,-75.66852,1543,16.6,18.2,16.6,90.7,14.3,0.000,0.043,0.00,0.000,2.2,3.6,0.5,251,4,2.7,4.0,0.6,252,6,2.7,4.0,0.6,252,6,0,28.61,0.5,0,0,0,42.3,45.1,48.7,0.52,0.45,0.42
BELD,2019-11-08 23:30:00 EST,42.22322,-75.66852,1543,16.7,18.4,16.7,89.9,14.3,0.000,0.043,0.00,0.000,2.2,3.3,0.4,248,8,2.6,3.7,0.5,249,9,2.6,3.7,0.5,249,9,0,28.61,0.5,0,0,0,42.3,45.1,48.7,0.52,0.45,0.42
BELD,2019-11-08 23:35:00 EST,42.22322,-75.66852,1543,16.8,18.2,16.8,88.7,14.0,0.000,0.043,0.00,0.000,1.6,2.5,0.3,232,8,1.8,2.6,0.3,233,8,1.8,2.6,0.3,233,8,0,28.61,0.5,0,0,0,42.3,45.1,48.7,0.52,0.45,0.42
BELD,2019-11-08 23:40:00 EST,42.22322,-75.66852,1543,16.7,17.4,16.7,88.4,13.8,0.000,0.043,0.00,0.000,1.0,2.3,0.4,235,11,1.4,3.0,0.4,240,11,1.4,3.0,0.4,240,11,0,28.61,0.5,0,0,0,42.3,45.1,48.7,0.52,0.45,0.42
BELD,2019-11-08 23:45:00 EST,42.22322,-75.66852,1543,16.4,16.8,16.4,88.8,13.7,0.000,0.043,0.00,0.000,1.1,2.9,0.5,248,15,1.6,3.9,0.5,249,16,1.6,3.9,0.5,249,16,0,28.61,0.6,0,0,0,42.3,45.1,48.7,0.52,0.45,0.42
BELD,2019-11-08 23:50:00 EST,42.22322,-75.66852,1543,16.3,17.1,16.3,89.2,13.7,0.000,0.043,0.00,0.000,2.2,4.2,0.8,253,21,2.6,4.9,0.9,256,20,2.6,4.9,0.9,256,20,0,28.61,0.5,0,0,0,42.3,45.1,48.7,0.52,0.45,0.42
BELD,2019-11-08 23:55:00 EST,42.22322,-75.66852,1543,16.5,17.4,16.5,88.5,13.7,0.000,0.043,0.00,0.000,2.4,3.9,0.6,257,13,2.8,5.2,0.7,260,13,2.8,5.2,0.7,260,13,0,28.61,0.5,0,0,0,42.3,45.1,48.7,0.52,0.45,0.42
BELL,2019-11-08 00:00:00 EST,43.78962,-76.11373,475,26.0,26.2,20.8,85.7,22.3,0.000,0.077,0.00,0.001,4.2,6.1,0.8,30,9,4.3,6.3,0.8,28,10,4.3,6.3,0.8,28,10,0,29.61,-0.0,0,0,0,40.0,45.4,49.3,0.37,0.31,0.38
BELL,2019-11-08 00:05:00 EST,43.78962,-76.11373,475,26.0,26.3,20.5,84.9,22.1,0.000,0.000,0.00,0.000,4.5,6.6,0.9,35,10,4.6,7.0,1.0,33,10,4.6,7.0,1.0,33,10,0,29.61,-0.0,0,0,0,39.9,45.4,49.3,0.37,0.31,0.38
BELL,2019-11-08 00:10:00 EST,43.78962,-76.11373,475,26.0,26.3,20.6,85.0,22.1,0.000,0.000,0.00,0.000,4.5,7.3,1.3,29,12,4.5,7.7,1.3,28,11,4.5,7.7,1.3,28,11,0,29.61,-0.0,0,0,0,39.9,45.4,49.3,0.37,0.31,0.38
BELL,2019-11-08 00:15:00 EST,43.78962,-76.11373,475,26.0,26.2,19.8,85.0,22.1,0.000,0.000,0.00,0.000,5.2,6.6,0.7,31,8,5.3,7.3,0.8,30,8,5.3,7.3,0.8,30,8,0,29.61,-0.0,0,0,0,39.9,45.4,49.2,0.38,0.31,0.38
BELL,2019-11-08 00:20:00 EST,43.78962,-76.11373,475,26.1,26.3,18.5,82.3,21.4,0.000,0.000,0.00,0.000,6.6,10.0,1.4,29,13,6.9,11.0,1.5,28,10,6.9,11.0,1.5,28,10,0,29.61,-0.0,0,0,0,39.9,45.4,49.2,0.38,0.31,0.38
BELL,2019-11-08 00:25:00 EST,43.78962,-76.11373,475,26.1,26.3,18.6,80.4,20.9,0.000,0.000,0.00,0.000,6.4,8.9,1.2,37,8,6.7,10.4,1.3,34,9,6.7,10.4,1.3,34,9,0,29.61,-0.0,0,0,0,39.8,45.4,49.1,0.38,0.31,0.38
BELL,2019-11-08 00:30:00 EST,43.78962,-76.11373,475,26.0,26.2,18.5,79.3,20.5,0.000,0.000,0.00,0.000,6.5,9.1,1.0,30,9,6.7,9.7,1.2,30,9,6.7,9.7,1.2,30,9,0,29.61,-0.0,0,0,0,39.9,45.3,49.2,0.38,0.31,0.38
BELL,2019-11-08 00:35:00 EST,43.78962,-76.11373,475,26.0,26.1,19.0,79.3,20.4,0.000,0.000,0.00,0.000,5.8,8.8,1.4,27,11,6.0,9.7,1.5,27,10,6.0,9.7,1.5,27,10,0,29.61,-0.0,0,0,0,39.8,45.3,49.2,0.38,0.31,0.38
BELL,2019-11-08 00:40:00 EST,43.78962,-76.11373,475,25.9,26.1,18.0,77.7,19.9,0.000,0.000,0.00,0.000,6.9,10.1,1.9,25,18,7.2,11.2,2.0,22,13,7.2,11.2,2.0,22,13,0,29.61,0.0,0,0,0,39.9,45.3,49.2,0.38,0.31,0.38
BELL,2019-11-08 00:45:00 EST,43.78962,-76.11373,475,25.8,26.0,17.5,75.9,19.3,0.000,0.000,0.00,0.000,7.4,11.5,2.1,24,16,7.7,12.3,2.3,21,12,7.7,12.3,2.3,21,12,0,29.61,0.0,0,0,0,39.9,45.3,49.2,0.37,0.31,0.38
BELL,2019-11-08 00:50:00 EST,43.78962,-76.11373,475,25.7,25.9,17.9,76.8,19.4,0.000,0.000,0.00,0.000,6.8,11.8,2.0,22,18,6.9,13.8,2.3,20,13,6.9,13.8,2.3,20,13,0,29.61,0.0,0,0,0,39.8,45.4,49.1,0.37,0.31,0.38
BELL,2019-11-08 00:55:00 EST,43.78962,-76.11373,475,25.5,25.8,18.2,77.5,19.5,0.000,0.000,0.00,0.000,5.7,10.2,2.0,15,17,6.4,11.9,2.6,13,16,6.4,11.9,2.6,13,16,0,29.60,-0.0,0,0,0,39.7,45.3,49.3,0.37,0.31,0.38
BELL,2019-11-08 01:00:00 EST,43.78962,-76.11373,475,25.5,25.7,18.8,77.4,19.4,0.000,0.000,0.00,0.000,5.0,9.5,1.8,12,19,5.6,10.7,2.1,11,17,5.6,10.7,2.1,11,17,0,29.60,0.0,0,0,0,39.7,45.3,49.3,0.37,0.31,0.38
BELL,2019-11-08 01:05:00 EST,43.78962,-76.11373,475,25.4,25.7,17.8,77.1,19.2,0.000,0.000,0.00,0.000,5.9,10.2,1.7,13,20,6.7,12.6,2.0,11,16,6.7,12.6,2.0,11,16,0,29.60,0.0,0,0,0,39.6,45.3,49.3,0.38,0.31,0.38
BELL,2019-11-08 01:10:00 EST,43.78962,-76.11373,475,25.3,25.6,18.4,77.6,19.3,0.000,0.000,0.00,0.000,5.6,8.7,1.5,20,17,5.9,10.2,1.6,16,16,5.9,10.2,1.6,16,16,0,29.60,0.0,0,0,0,39.6,45.4,49.2,0.37,0.31,0.38
BELL,2019-11-08 01:15:00 EST,43.78962,-76.11373,475,25.2,25.5,18.6,77.7,19.3,0.000,0.000,0.00,0.000,5.3,8.9,1.4,21,16,5.5,9.5,1.6,19,13,5.5,9.5,1.6,19,13,0,29.61,0.0,0,0,0,39.6,45.3,49.2,0.37,0.31,0.38
BELL,2019-11-08 01:20:00 EST,43.78962,-76.11373,475,25.2,25.5,18.4,77.9,19.3,0.000,0.000,0.00,0.000,5.2,8.2,1.2,18,20,5.7,10.6,1.7,15,17,5.7,10.6,1.7,15,17,0,29.60,-0.0,0,0,0,39.7,45.3,49.2,0.37,0.31,0.38
BELL,2019-11-08 01:25:00 EST,43.78962,-76.11373,475,25.2,25.4,19.1,77.5,19.1,0.000,0.000,0.00,0.000,4.5,9.1,1.5,19,27,4.9,9.4,1.8,16,16,4.9,9.4,1.8,16,16,0,29.61,0.0,0,0,0,39.6,45.3,49.2,0.38,0.31,0.38
BELL,2019-11-08 01:30:00 EST,43.78962,-76.11373,475,25.1,25.4,19.1,76.9,18.9,0.000,0.000,0.00,0.000,4.4,8.3,1.6,14,20,4.9,9.5,1.8,11,14,4.9,9.5,1.8,11,14,0,29.61,0.0,0,0,0,39.5,45.3,49.2,0.37,0.31,0.38
BELL,2019-11-08 01:35:00 EST,43.78962,-76.11373,475,25.0,25.4,19.1,76.5,18.7,0.000,0.000,0.00,0.000,4.3,9.0,1.7,13,19,4.8,11.2,2.1,11,17,4.8,11.2,2.1,11,17,0,29.61,-0.0,0,0,0,39.6,45.3,49.2,0.37,0.31,0.38
BELL,2019-11-08 01:40:00 EST,43.78962,-76.11373,475,25.0,25.3,19.8,75.1,18.2,0.000,0.000,0.00,0.000,3.5,6.6,1.1,13,25,4.2,9.6,1.2,8,19,4.2,9.6,1.2,8,19,0,29.61,-0.0,0,0,0,39.6,45.2,49.2,0.37,0.31,0.38
BELL,2019-11-08 01:45:00 EST,43.78962,-76.11373,475,24.8,25.3,19.4,75.1,18.0,0.000,0.000,0.00,0.000,3.8,6.9,1.2,11,20,4.3,8.3,1.4,9,17,4.3,8.3,1.4,9,17,0,29.61,-0.0,0,0,0,39.5,45.2,49.2,0.38,0.31,0.38
BELL,2019-11-08 01:50:00 EST,43.78962,-76.11373,475,24.5,25.1,19.8,76.5,18.2,0.000,0.000,0.00,0.000,3.3,6.6,1.3,11,23,3.7,6.5,1.4,11,20,3.7,6.5,1.4,11,20,0,29.61,-0.0,0,0,0,39.5,45.2,49.2,0.37,0.31,0.38
BELL,2019-11-08 01:55:00 EST,43.78962,-76.11373,475,24.5,25.1,20.1,76.5,18.1,0.000,0.000,0.00,0.000,2.9,5.3,1.0,6,21,3.5,6.8,1.1,5,18,3.5,6.8,1.1,5,18,0,29.61,-0.0,0,0,0,39.5,45.2,49.2,0.38,0.31,0.38
BELL,2019-11-08 02:00:00 EST,43.78962,-76.11373,475,24.6,25.1,19.0,74.9,17.8,0.000,0.000,0.00,0.000,4.0,7.9,1.4,13,22,4.5,11.0,1.9,11,17,4.5,11.0,1.9,11,17,0,29.61,0.1,0,0,0,39.5,45.2,49.1,0.37,0.31,0.38
BELL,2019-11-08 02:05:00 EST,43.78962,-76.11373,475,24.7,25.1,18.4,73.9,17.6,0.000,0.000,0.00,0.000,4.7,7.6,1.3,16,17,5.1,9.3,1.6,16,16,5.1,9.3,1.6,16,16,0,29.61,0.0,0,0,0,39.5,45.2,49.2,0.37,0.31,0.38
BELL,2019-11-08 02:10:00 EST,43.78962,-76.11373,475,24.7,25.1,18.6,73.2,17.3,0.000,0.000,0.00,0.000,4.5,8.7,1.4,14,19,5.0,9.1,1.6,11,17,5.0,9.1,1.6,11,17,0,29.61,0.0,0,0,0,39.5,45.2,49.1,0.37,0.31,0.38
BELL,2019-11-08 02:15:00 EST,43.78962,-76.11373,475,24.7,25.1,18.5,71.7,16.9,0.000,0.000,0.00,0.000,4.3,9.7,1.7,11,20,5.0,11.5,2.0,8,16,5.0,11.5,2.0,8,16,0,29.61,0.0,0,0,0,39.5,45.2,49.2,0.38,0.31,0.38
BELL,2019-11-08 02:20:00 EST,43.78962,-76.11373,475,24.5,24.9,18.4,72.6,17.0,0.000,0.000,0.00,0.000,4.1,8.3,1.6,6,21,5.0,10.0,1.9,2,16,5.0,10.0,1.9,2,16,0,29.61,-0.0,0,0,0,39.5,45.2,49.1,0.37,0.31,0.38
BELL,2019-11-08 02:25:00 EST,43.78962,-76.11373,475,24.2,24.7,19.2,73.7,17.0,0.000,0.000,0.00,0.000,3.3,7.3,1.3,9,18,3.9,7.8,1.6,5,14,3.9,7.8,1.6,5,14,0,29.61,-0.0,0,0,0,39.5,45.1,49.2,0.37,0.31,0.38
BELL,2019-11-08 02:30:00 EST,43.78962,-76.11373,475,24.1,24.7,18.0,74.2,17.0,0.000,0.000,0.00,0.000,4.2,8.8,1.7,7,17,4.8,10.1,2.0,6,16,4.8,10.1,2.0,6,16,0,29.61,-0.0,0,0,0,39.3,45.2,49.0,0.37,0.31,0.38
BELL,2019-11-08 02:35:00 EST,43.78962,-76.11373,475,24.2,24.7,17.4,73.1,16.8,0.000,0.000,0.00,0.000,5.0,9.2,1.7,16,20,5.5,10.3,1.8,12,15,5.5,10.3,1.8,12,15,0,29.61,0.0,0,0,0,39.3,45.2,49.1,0.38,0.31,0.38
BELL,2019-11-08 02:40:00 EST,43.78962,-76.11373,475,24.1,24.6,17.5,73.1,16.8,0.000,0.000,0.00,0.000,5.0,9.1,1.6,14,17,5.3,10.6,1.9,12,14,5.3,10.6,1.9,12,14,0,29.61,0.1,0,0,0,39.3,45.2,49.1,0.37,0.31,0.38
BELL,2019-11-08 02:45:00 EST,43.78962,-76.11373,475,24.2,24.6,17.0,73.7,17.0,0.000,0.000,0.00,0.000,5.2,9.6,1.5,8,19,5.9,11.2,1.9,6,15,5.9,11.2,1.9,6,15,0,29.61,0.0,0,0,0,39.3,45.1,49.1,0.37,0.31,0.38
BELL,2019-11-08 02:50:00 EST,43.78962,-76.11373,475,24.1,24.4,18.1,72.4,16.5,0.000,0.000,0.00,0.000,4.5,8.0,1.5,7,18,4.7,8.9,1.6,5,16,4.7,8.9,1.6,5,16,0,29.61,0.0,0,0,0,39.2,45.1,49.1,0.38,0.31,0.38
BELL,2019-11-08 02:55:00 EST,43.78962,-76.11373,475,23.8,24.3,17.6,74.0,16.7,0.000,0.000,0.00,0.000,4.0,7.9,1.5,11,17,4.8,8.9,1.6,10,14,4.8,8.9,1.6,10,14,0,29.61,0.0,0,0,0,39.2,45.1,49.0,0.37,0.31,0.38
BELL,2019-11-08 03:00:00 EST,43.78962,-76.11373,475,23.6,24.2,16.6,73.7,16.5,0.000,0.000,0.00,0.000,5.2,8.6,1.4,18,18,5.6,10.9,1.8,17,15,5.6,10.9,1.8,17,15,0,29.61,-0.0,0,0,0,39.2,45.2,49.1,0.37,0.31,0.38
BELL,2019-11-08 03:05:00 EST,43.78962,-76.11373,475,23.3,24.0,16.8,74.7,16.5,0.000,0.000,0.00,0.000,4.4,8.8,1.8,17,24,5.0,9.3,1.8,14,17,5.0,9.3,1.8,14,17,0,29.61,-0.0,0,0,0,39.2,45.2,49.1,0.38,0.31,0.38
BELL,2019-11-08 03:10:00 EST,43.78962,-76.11373,475,23.2,23.9,16.0,74.6,16.4,0.000,0.000,0.00,0.000,5.7,9.6,1.6,23,14,5.8,10.0,1.7,21,11,5.8,10.0,1.7,21,11,0,29.61,0.0,0,0,0,39.2,45.1,49.1,0.38,0.31,0.38
BELL,2019-11-08 03:15:00 EST,43.78962,-76.11373,475,23.3,23.8,15.7,74.6,16.4,0.000,0.000,0.00,0.000,6.0,8.7,1.2,26,12,6.1,9.2,1.3,23,12,6.1,9.2,1.3,23,12,0,29.61,-0.0,0,0,0,39.2,45.1,49.1,0.37,0.31,0.38
BELL,2019-11-08 03:20:00 EST,43.78962,-76.11373,475,23.3,23.8,15.3,75.1,16.6,0.000,0.000,0.00,0.000,6.7,10.4,1.4,27,10,6.8,10.3,1.5,25,9,6.8,10.3,1.5,25,9,0,29.61,0.1,0,0,0,39.2,45.1,49.1,0.37,0.31,0.38
BELL,2019-11-08 03:25:00 EST,43.78962,-76.11373,475,23.4,23.8,16.1,75.5,16.8,0.000,0.000,0.00,0.000,5.7,7.9,1.0,27,10,5.8,8.8,1.2,26,8,5.8,8.8,1.2,26,8,0,29.61,0.0,0,0,0,39.2,45.0,49.1,0.37,0.31,0.38
BELL,2019-11-08 03:30:00 EST,43.78962,-76.11373,475,23.4,23.8,16.8,76.1,16.9,0.000,0.000,0.00,0.000,5.0,8.0,1.0,28,9,5.1,8.3,1.2,25,9,5.1,8.3,1.2,25,9,0,29.61,0.0,0,0,0,39.2,45.0,49.0,0.37,0.31,0.38
BELL,2019-11-08 03:35:00 EST,43.78962,-76.11373,475,23.5,23.8,15.8,76.5,17.2,0.000,0.000,0.00,0.000,6.1,8.3,1.3,31,10,6.3,8.7,1.3,29,10,6.3,8.7,1.3,29,10,0,29.61,0.1,0,0,0,39.2,45.1,49.0,0.38,0.31,0.38
BELL,2019-11-08 03:40:00 EST,43.78962,-76.11373,475,23.6,23.8,17.0,76.4,17.3,0.000,0.000,0.00,0.000,5.0,7.9,1.3,26,13,5.2,8.9,1.3,22,14,5.2,8.9,1.3,22,14,0,29.61,0.1,0,0,0,39.2,45.0,49.1,0.37,0.31,0.38
BELL,2019-11-08 03:45:00 EST,43.78962,-76.11373,475,23.7,23.8,18.7,77.8,17.8,0.000,0.000,0.00,0.000,3.7,5.1,0.9,24,17,3.8,5.7,1.1,22,12,3.8,5.7,1.1,22,12,0,29.61,0.0,0,0,0,39.1,45.0,49.1,0.37,0.31,0.38
BELL,2019-11-08 03:50:00 EST,43.78962,-76.11373,475,23.8,23.9,19.0,79.0,18.2,0.000,0.000,0.00,0.000,3.2,5.4,0.9,18,21,3.7,6.2,1.1,15,17,3.7,6.2,1.1,15,17,0,29.61,0.0,0,0,0,39.0,45.0,49.0,0.37,0.31,0.38
BELL,2019-11-08 03:55:00 EST,43.78962,-76.11373,475,23.8,24.0,18.3,78.9,18.2,0.000,0.000,0.00,0.000,4.1,7.9,1.4,19,15,4.2,8.3,1.5,18,13,4.2,8.3,1.5,18,13,0,29.61,0.0,0,0,0,39.0,45.0,49.0,0.37,0.31,0.38
BELL,2019-11-08 04:00:00 EST,43.78962,-76.11373,475,23.9,24.1,16.6,77.7,18.0,0.000,0.000,0.00,0.000,5.6,8.8,1.4,16,16,6.0,10.4,1.7,14,15,6.0,10.4,1.7,14,15,0,29.61,0.1,0,0,0,39.0,45.0,49.0,0.37,0.31,0.38
BELL,2019-11-08 04:05:00 EST,43.78962,-76.11373,475,23.8,24.0,17.3,78.1,18.0,0.000,0.000,0.00,0.000,4.4,8.7,1.4,17,25,5.1,12.9,1.8,14,15,5.1,12.9,1.8,14,15,0,29.62,0.0,0,0,0,39.0,45.1,49.1,0.38,0.31,0.38
BELL,2019-11-08 04:10:00 EST,43.78962,-76.11373,475,23.6,24.0,17.4,78.4,17.9,0.000,0.000,0.00,0.000,4.4,9.6,1.8,13,17,4.9,11.5,2.0,12,15,4.9,11.5,2.0,12,15,0,29.62,0.0,0,0,0,39.0,45.0,49.1,0.37,0.31,0.38
BELL,2019-11-08 04:15:00 EST,43.78962,-76.11373,475,23.5,23.9,16.1,79.1,18.0,0.000,0.000,0.00,0.000,5.3,10.1,1.9,15,16,6.1,11.4,2.2,10,12,6.1,11.4,2.2,10,12,0,29.62,0.0,0,0,0,39.0,45.0,49.1,0.37,0.31,0.38
BELL,2019-11-08 04:20:00 EST,43.78962,-76.11373,475,23.4,23.8,16.4,80.3,18.3,0.000,0.000,0.00,0.000,4.7,7.9,1.5,10,25,5.6,11.0,1.9,6,12,5.6,11.0,1.9,6,12,0,29.62,-0.0,0,0,0,39.0,45.0,49.1,0.37,0.31,0.38
BELL,2019-11-08 04:25:00 EST,43.78962,-76.11373,475,23.3,23.7,17.2,81.2,18.3,0.000,0.000,0.00,0.000,4.0,7.8,1.3,11,18,4.6,10.0,1.6,10,16,4.6,10.0,1.6,10,16,0,29.62,0.0,0,0,0,38.9,45.0,49.1,0.37,0.31,0.38
BELL,2019-11-08 04:30:00 EST,43.78962,-76.11373,475,23.1,23.6,17.5,81.9,18.3,0.000,0.000,0.00,0.000,3.7,6.9,1.3,16,21,4.2,7.6,1.4,11,17,4.2,7.6,1.4,11,17,0,29.62,0.0,0,0,0,38.8,45.0,49.0,0.38,0.31,0.38
BELL,2019-11-08 04:35:00 EST,43.78962,-76.11373,475,22.9,23.4,16.1,82.7,18.4,0.000,0.000,0.00,0.000,4.6,9.6,1.9,10,20,5.3,13.3,2.3,6,16,5.3,13.3,2.3,6,16,0,29.63,0.1,0,0,0,38.9,44.8,49.0,0.37,0.31,0.38
BELL,2019-11-08 04:40:00 EST,43.78962,-76.11373,475,22.9,23.4,16.7,81.9,18.2,0.000,0.000,0.00,0.000,4.1,7.7,1.2,5,21,4.7,9.0,1.6,4,17,4.7,9.0,1.6,4,17,0,29.63,0.1,0,0,0,38.8,44.8,49.0,0.37,0.31,0.38
BELL,2019-11-08 04:45:00 EST,43.78962,-76.11373,475,22.9,23.3,16.0,82.3,18.3,0.000,0.000,0.00,0.000,4.6,8.8,1.8,1,26,5.3,9.9,2.1,359,16,5.3,9.9,2.1,359,16,0,29.63,0.0,0,0,0,38.8,44.8,49.1,0.37,0.31,0.38
BELL,2019-11-08 04:50:00 EST,43.78962,-76.11373,475,22.9,23.3,16.2,82.9,18.5,0.000,0.000,0.00,0.000,4.8,8.4,2.0,7,19,5.2,11.1,2.3,5,15,5.2,11.1,2.3,5,15,0,29.63,0.1,0,0,0,38.8,44.9,49.0,0.38,0.31,0.38
BELL,2019-11-08 04:55:00 EST,43.78962,-76.11373,475,22.9,23.3,16.4,83.4,18.6,0.000,0.000,0.00,0.000,4.5,8.3,1.7,13,19,5.0,10.4,1.8,9,16,5.0,10.4,1.8,9,16,0,29.63,0.1,0,0,0,38.8,44.9,49.1,0.37,0.31,0.38
BELL,2019-11-08 05:00:00 EST,43.78962,-76.11373,475,22.8,23.2,15.5,83.9,18.7,0.000,0.000,0.00,0.000,5.4,8.5,1.4,20,17,5.8,9.6,1.8,17,12,5.8,9.6,1.8,17,12,0,29.64,0.1,0,0,0,38.7,44.8,49.0,0.37,0.31,0.38
BELL,2019-11-08 05:05:00 EST,43.78962,-76.11373,475,22.8,23.1,17.0,85.0,19.0,0.000,0.000,0.00,0.000,3.8,6.3,0.9,17,17,4.3,6.7,1.1,15,15,4.3,6.7,1.1,15,15,0,29.64,0.1,0,0,0,38.7,44.9,49.1,0.37,0.31,0.38
BELL,2019-11-08 05:10:00 EST,43.78962,-76.11373,475,22.8,23.1,15.9,85.4,19.1,0.000,0.000,0.00,0.000,5.1,8.5,1.3,21,18,5.4,10.4,1.6,20,15,5.4,10.4,1.6,20,15,0,29.64,0.1,0,0,0,38.7,44.9,49.1,0.37,0.31,0.38
BELL,2019-11-08 05:15:00 EST,43.78962,-76.11373,475,23.0,23.1,16.5,85.8,19.3,0.000,0.000,0.00,0.000,4.5,8.7,1.5,16,19,5.0,10.6,1.8,12,14,5.0,10.6,1.8,12,14,0,29.64,0.1,0,0,0,38.6,44.8,49.1,0.38,0.31,0.38
BELL,2019-11-08 05:20:00 EST,43.78962,-76.11373,475,23.1,23.1,16.4,85.1,19.3,0.000,0.000,0.00,0.000,4.7,7.3,1.1,19,19,5.2,8.1,1.5,14,14,5.2,8.1,1.5,14,14,0,29.64,0.0,0,0,0,38.7,44.8,49.1,0.37,0.31,0.38
BELL,2019-11-08 05:25:00 EST,43.78962,-76.11373,475,23.0,23.1,16.9,85.7,19.3,0.000,0.000,0.00,0.000,3.8,7.2,1.4,16,20,4.6,9.8,1.9,12,16,4.6,9.8,1.9,12,16,0,29.64,0.1,0,0,0,38.6,44.8,49.0,0.38,0.31,0.38
BELL,2019-11-08 05:30:00 EST,43.78962,-76.11373,475,23.1,23.1,15.8,85.9,19.5,0.000,0.000,0.00,0.000,5.2,8.3,1.4,15,16,5.8,11.5,1.8,13,16,5.8,11.5,1.8,13,16,0,29.64,0.1,0,0,0,38.6,44.8,49.1,0.38,0.31,0.38
BELL,2019-11-08 05:35:00 EST,43.78962,-76.11373,475,23.2,23.2,15.4,85.8,19.5,0.000,0.000,0.00,0.000,5.5,9.9,1.7,8,25,6.3,12.5,2.0,6,18,6.3,12.5,2.0,6,18,0,29.64,0.1,0,0,0,38.5,44.8,49.1,0.38,0.31,0.38
BELL,2019-11-08 05:40:00 EST,43.78962,-76.11373,475,23.2,23.2,16.3,85.4,19.5,0.000,0.000,0.00,0.000,4.9,8.5,1.4,13,17,5.5,9.4,1.6,10,18,5.5,9.4,1.6,10,18,0,29.64,0.1,0,0,0,38.6,44.8,49.0,0.37,0.31,0.38
BELL,2019-11-08 05:45:00 EST,43.78962,-76.11373,475,23.4,23.3,16.6,85.1,19.6,0.000,0.000,0.00,0.000,4.3,10.4,2.5,357,20,5.3,13.2,2.9,354,13,5.3,13.2,2.9,354,13,0,29.65,0.1,0,0,0,38.4,44.8,49.1,0.37,0.31,0.38
BELL,2019-11-08 05:50:00 EST,43.78962,-76.11373,475,23.5,23.4,15.8,83.9,19.3,0.000,0.000,0.00,0.000,5.6,10.1,1.9,11,23,6.3,12.5,2.1,9,20,6.3,12.5,2.1,9,20,0,29.65,0.1,0,0,0,38.4,44.8,49.0,0.37,0.31,0.38
BELL,2019-11-08 05:55:00 EST,43.78962,-76.11373,475,23.6,23.5,16.0,83.1,19.2,0.000,0.000,0.00,0.000,5.3,10.6,1.7,9,20,6.2,12.4,2.3,6,16,6.2,12.4,2.3,6,16,0,29.65,0.1,0,0,0,38.4,44.8,49.0,0.37,0.31,0.38
BELL,2019-11-08 06:00:00 EST,43.78962,-76.11373,475,23.6,23.5,16.0,84.3,19.6,0.000,0.000,0.00,0.000,5.3,9.7,1.9,9,22,6.3,11.9,2.2,6,17,6.3,11.9,2.2,6,17,0,29.65,0.1,0,0,0,38.3,44.8,49.1,0.38,0.31,0.38
BELL,2019-11-08 06:05:00 EST,43.78962,-76.11373,475,23.7,23.6,18.4,86.0,20.1,0.000,0.000,0.00,0.000,3.4,7.3,1.6,7,27,4.1,9.5,1.8,5,22,4.1,9.5,1.8,5,22,0,29.65,0.1,0,0,0,38.3,44.8,48.9,0.37,0.31,0.38
BELL,2019-11-08 06:10:00 EST,43.78962,-76.11373,475,23.6,23.6,16.9,85.6,19.9,0.000,0.000,0.00,0.000,4.6,9.0,1.6,8,20,5.4,10.7,1.8,8,19,5.4,10.7,1.8,8,19,0,29.66,0.1,0,0,0,38.3,44.8,49.0,0.37,0.31,0.38
BELL,2019-11-08 06:15:00 EST,43.78962,-76.11373,475,23.6,23.5,16.7,85.6,19.9,0.000,0.000,0.00,0.000,5.0,9.4,1.7,4,20,5.5,11.1,2.1,2,19,5.5,11.1,2.1,2,19,0,29.66,0.1,0,0,0,38.2,44.8,49.1,0.37,0.31,0.38
BELL,2019-11-08 06:20:00 EST,43.78962,-76.11373,475,23.5,23.5,16.4,85.4,19.8,0.000,0.000,0.00,0.000,4.7,8.3,1.6,357,21,5.7,10.4,2.2,357,17,5.7,10.4,2.2,357,17,0,29.66,0.1,0,0,0,38.3,44.8,48.9,0.37,0.31,0.38
BELL,2019-11-08 06:25:00 EST,43.78962,-76.11373,475,23.6,23.5,17.0,85.8,19.9,0.000,0.000,0.00,0.000,4.1,8.3,1.9,1,29,5.1,10.5,2.3,1,23,5.1,10.5,2.3,1,23,0,29.66,0.1,0,0,0,38.3,44.7,48.9,0.37,0.31,0.38
BELL,2019-11-08 06:30:00 EST,43.78962,-76.11373,475,23.6,23.6,17.0,85.5,19.9,0.000,0.000,0.00,0.000,4.4,9.8,2.1,358,26,5.2,11.4,2.3,357,16,5.2,11.4,2.3,357,16,0,29.66,0.1,0,0,0,38.2,44.7,49.0,0.37,0.31,0.38
BELL,2019-11-08 06:35:00 EST,43.78962,-76.11373,475,23.7,23.7,17.1,86.3,20.2,0.000,0.000,0.00,0.000,4.2,7.5,1.7,0,19,5.2,11.0,2.1,358,15,5.2,11.0,2.1,358,15,0,29.66,0.1,0,0,0,38.3,44.7,48.7,0.37,0.31,0.38
BELL,2019-11-08 06:40:00 EST,43.78962,-76.11373,475,23.7,23.7,16.6,87.0,20.4,0.000,0.000,0.00,0.000,4.8,10.2,1.8,4,20,5.7,10.2,2.2,3,15,5.7,10.2,2.2,3,15,1,29.67,0.1,0,0,0,38.2,44.7,49.0,0.37,0.31,0.38
BELL,2019-11-08 06:45:00 EST,43.78962,-76.11373,475,23.7,23.7,15.7,85.9,20.1,0.000,0.000,0.00,0.000,5.8,9.8,1.5,6,21,6.7,12.1,1.9,4,15,6.7,12.1,1.9,4,15,2,29.67,0.1,0,0,0,38.3,44.6,48.7,0.37,0.31,0.38
BELL,2019-11-08 06:50:00 EST,43.78962,-76.11373,475,23.7,23.7,17.0,86.5,20.3,0.000,0.000,0.00,0.000,4.4,7.9,1.6,12,19,5.4,10.6,2.0,5,15,5.4,10.6,2.0,5,15,3,29.67,0.1,0,0,0,38.3,44.6,48.7,0.37,0.31,0.38
BELL,2019-11-08 06:55:00 EST,43.78962,-76.11373,475,23.8,23.8,18.2,86.7,20.4,0.000,0.000,0.00,0.000,3.8,8.4,1.5,12,24,4.4,9.5,2.0,11,18,4.4,9.5,2.0,11,18,3,29.67,0.1,0,0,0,38.2,44.6,48.7,0.37,0.31,0.38
BELL,2019-11-08 07:00:00 EST,43.78962,-76.11373,475,23.9,23.8,15.8,86.7,20.5,0.000,0.000,0.00,0.000,6.0,10.6,1.9,16,20,6.8,11.8,2.0,14,15,6.8,11.8,2.0,14,15,4,29.68,0.1,0,0,0,38.3,44.6,48.7,0.37,0.31,0.38
BELL,2019-11-08 07:05:00 EST,43.78962,-76.11373,475,23.8,23.8,16.3,85.9,20.2,0.000,0.000,0.00,0.000,5.6,9.3,1.6,13,21,6.2,11.8,1.9,10,19,6.2,11.8,1.9,10,19,6,29.68,0.1,0,0,0,38.3,44.6,48.8,0.38,0.31,0.38
BELL,2019-11-08 07:10:00 EST,43.78962,-76.11373,475,23.9,23.8,17.2,86.1,20.3,0.000,0.000,0.00,0.000,4.6,8.9,1.6,13,19,5.3,10.8,1.9,11,17,5.3,10.8,1.9,11,17,11,29.68,0.1,0,0,0,38.3,44.6,48.6,0.37,0.31,0.38
BELL,2019-11-08 07:15:00 EST,43.78962,-76.11373,475,23.8,23.8,15.8,84.6,19.9,0.000,0.000,0.00,0.000,5.8,11.0,2.0,4,21,6.8,13.1,2.4,3,15,6.8,13.1,2.4,3,15,18,29.68,0.1,0,0,0,38.2,44.6,48.7,0.38,0.31,0.38
BELL,2019-11-08 07:20:00 EST,43.78962,-76.11373,475,23.8,23.9,15.4,84.4,19.8,0.000,0.000,0.00,0.000,6.0,11.7,2.3,1,20,7.3,14.9,2.6,359,15,7.3,14.9,2.6,359,15,19,29.68,0.1,0,0,0,38.3,44.6,48.6,0.38,0.31,0.38
BELL,2019-11-08 07:25:00 EST,43.78962,-76.11373,475,23.9,23.8,16.7,84.1,19.8,0.000,0.000,0.00,0.000,5.1,9.8,1.9,7,21,5.8,12.8,2.3,6,18,5.8,12.8,2.3,6,18,31,29.69,0.1,0,0,0,38.3,44.5,48.6,0.37,0.31,0.38
BELL,2019-11-08 07:30:00 EST,43.78962,-76.11373,475,24.0,23.9,16.9,85.0,20.2,0.000,0.000,0.00,0.000,5.1,10.4,2.1,11,18,5.7,12.2,2.3,8,16,5.7,12.2,2.3,8,16,27,29.69,0.1,0,0,0,38.2,44.6,48.7,0.38,0.31,0.38
BELL,2019-11-08 07:35:00 EST,43.78962,-76.11373,475,24.0,23.9,15.9,83.8,19.8,0.000,0.000,0.00,0.000,5.8,10.3,2.1,7,26,6.9,13.3,2.6,2,16,6.9,13.3,2.6,2,16,30,29.69,0.1,0,0,0,38.3,44.5,48.7,0.37,0.31,0.38
BELL,2019-11-08 07:40:00 EST,43.78962,-76.11373,475,24.1,23.9,17.3,84.0,20.0,0.000,0.000,0.00,0.000,4.8,9.4,1.7,10,28,5.5,11.3,2.0,9,19,5.5,11.3,2.0,9,19,34,29.69,0.1,0,0,0,38.1,44.5,48.7,0.37,0.31,0.38
BELL,2019-11-08 07:45:00 EST,43.78962,-76.11373,475,24.1,23.9,17.1,84.2,20.0,0.000,0.000,0.00,0.000,5.2,10.2,2.0,12,22,5.8,13.2,2.5,10,15,5.8,13.2,2.5,10,15,29,29.70,0.1,0,0,0,38.2,44.5,48.6,0.37,0.31,0.38
BELL,2019-11-08 07:50:00 EST,43.78962,-76.11373,475,24.0,23.8,16.7,83.5,19.7,0.000,0.000,0.00,0.000,5.8,9.2,1.7,19,16,6.1,10.9,1.8,17,13,6.1,10.9,1.8,17,13,33,29.70,0.1,0,0,0,38.2,44.5,48.6,0.37,0.31,0.38
BELL,2019-11-08 07:55:00 EST,43.78962,-76.11373,475,24.0,23.8,17.3,83.4,19.7,0.000,0.000,0.00,0.000,5.0,9.8,1.6,19,20,5.4,10.0,1.7,14,13,5.4,10.0,1.7,14,13,39,29.70,0.1,0,0,0,38.1,44.5,48.6,0.38,0.31,0.38
BELL,2019-11-08 08:00:00 EST,43.78962,-76.11373,475,24.1,23.9,17.6,83.8,19.9,0.000,0.000,0.00,0.000,4.5,9.9,2.0,18,18,5.2,10.9,2.0,14,15,5.2,10.9,2.0,14,15,43,29.70,0.1,0,0,0,38.0,44.4,48.6,0.37,0.31,0.38
BELL,2019-11-08 08:05:00 EST,43.78962,-76.11373,475,24.1,23.8,15.8,83.7,19.8,0.000,0.000,0.00,0.000,6.8,11.9,2.4,25,12,7.2,11.8,2.5,23,11,7.2,11.8,2.5,23,11,47,29.71,0.1,0,0,0,38.0,44.5,48.6,0.38,0.31,0.38
BELL,2019-11-08 08:10:00 EST,43.78962,-76.11373,475,24.1,23.9,16.4,83.5,19.8,0.000,0.000,0.00,0.000,5.8,9.9,1.5,11,16,6.4,12.0,2.0,8,14,6.4,12.0,2.0,8,14,46,29.71,0.1,0,0,0,38.0,44.5,48.6,0.38,0.31,0.38
BELL,2019-11-08 08:15:00 EST,43.78962,-76.11373,475,24.1,23.9,15.9,83.5,19.9,0.000,0.000,0.00,0.000,6.0,10.3,1.9,7,21,7.2,12.8,2.5,7,16,7.2,12.8,2.5,7,16,59,29.71,0.1,0,0,0,38.0,44.4,48.7,0.37,0.31,0.38
BELL,2019-11-08 08:20:00 EST,43.78962,-76.11373,475,24.0,23.8,15.9,81.5,19.2,0.000,0.000,0.00,0.000,6.0,9.1,1.6,4,23,7.0,11.8,1.9,359,15,7.0,11.8,1.9,359,15,74,29.71,0.1,0,0,0,38.0,44.4,48.6,0.37,0.31,0.38
BELL,2019-11-08 08:25:00 EST,43.78962,-76.11373,475,24.2,23.9,16.4,82.1,19.5,0.000,0.000,0.00,0.000,5.5,10.7,1.8,8,20,6.6,11.7,2.2,4,14,6.6,11.7,2.2,4,14,137,29.71,0.1,0,0,0,38.0,44.4,48.6,0.37,0.31,0.38
BELL,2019-11-08 08:30:00 EST,43.78962,-76.11373,475,24.4,24.0,16.3,81.3,19.5,0.000,0.000,0.00,0.000,6.1,11.4,2.1,1,25,7.1,14.8,2.5,358,16,7.1,14.8,2.5,358,16,139,29.71,0.1,0,0,0,38.0,44.5,48.6,0.37,0.31,0.38
BELL,2019-11-08 08:35:00 EST,43.78962,-76.11373,475,24.8,24.4,19.3,83.1,20.4,0.000,0.000,0.00,0.000,3.9,12.1,2.1,6,25,4.4,13.1,2.4,3,21,4.4,13.1,2.4,3,21,120,29.71,0.0,0,0,0,38.0,44.4,48.6,0.37,0.31,0.38
BELL,2019-11-08 08:40:00 EST,43.78962,-76.11373,475,24.1,23.8,14.9,80.1,18.9,0.000,0.000,0.00,0.000,7.3,12.8,2.2,358,21,8.4,15.2,2.6,358,15,8.4,15.2,2.6,358,15,111,29.71,0.1,0,0,0,38.0,44.4,48.6,0.38,0.31,0.38
BELL,2019-11-08 08:45:00 EST,43.78962,-76.11373,475,24.1,23.8,16.2,81.5,19.3,0.000,0.000,0.00,0.000,5.8,12.6,2.3,357,22,6.8,13.3,2.5,356,16,6.8,13.3,2.5,356,16,95,29.71,0.1,0,0,0,38.0,44.4,48.6,0.38,0.31,0.38
BELL,2019-11-08 08:50:00 EST,43.78962,-76.11373,475,24.0,23.8,16.3,81.3,19.1,0.000,0.000,0.00,0.000,5.4,11.0,2.0,353,26,6.4,12.6,2.3,352,13,6.4,12.6,2.3,352,13,129,29.71,0.1,0,0,0,38.0,44.4,48.6,0.38,0.31,0.38
BELL,2019-11-08 08:55:00 EST,43.78962,-76.11373,475,24.3,24.0,16.5,80.9,19.3,0.000,0.000,0.00,0.000,5.5,9.9,2.0,0,24,6.7,11.3,2.3,358,15,6.7,11.3,2.3,358,15,213,29.72,0.1,0,0,0,38.0,44.4,48.6,0.38,0.31,0.38
BELL,2019-11-08 09:00:00 EST,43.78962,-76.11373,475,24.5,24.1,16.4,80.4,19.4,0.000,0.000,0.00,0.000,6.1,10.7,2.1,0,18,7.2,11.8,2.3,359,14,7.2,11.8,2.3,359,14,195,29.72,0.0,0,0,0,37.9,44.4,48.6,0.37,0.31,0.38
BELL,2019-11-08 09:05:00 EST,43.78962,-76.11373,475,24.7,24.3,16.8,79.7,19.3,0.000,0.000,0.00,0.000,5.9,10.2,1.9,351,23,6.8,12.6,2.3,351,11,6.8,12.6,2.3,351,11,220,29.72,0.1,0,0,0,38.1,44.4,48.6,0.38,0.31,0.38
BELL,2019-11-08 09:10:00 EST,43.78962,-76.11373,475,25.2,24.7,18.7,79.3,19.7,0.000,0.000,0.00,0.000,4.8,9.7,1.9,6,20,5.4,11.1,2.2,5,16,5.4,11.1,2.2,5,16,370,29.72,0.1,0,0,0,38.1,44.4,48.6,0.38,0.31,0.38
BELL,2019-11-08 09:15:00 EST,43.78962,-76.11373,475,25.7,24.8,17.4,77.8,19.7,0.000,0.000,0.00,0.000,6.3,11.6,2.6,8,21,7.6,13.9,3.0,3,14,7.6,13.9,3.0,3,14,287,29.72,-0.0,0,0,0,38.0,44.4,48.6,0.38,0.31,0.38
BELL,2019-11-08 09:20:00 EST,43.78962,-76.11373,475,24.9,24.3,16.3,74.7,18.0,0.000,0.000,0.00,0.000,6.9,12.0,1.7,358,17,8.0,14.0,2.2,357,10,8.0,14.0,2.2,357,10,368,29.72,0.1,0,0,0,38.0,44.2,48.6,0.38,0.31,0.38
BELL,2019-11-08 09:25:00 EST,43.78962,-76.11373,475,25.2,24.5,16.7,75.7,18.6,0.000,0.000,0.00,0.000,6.9,13.4,1.9,350,18,7.8,14.3,2.5,350,13,7.8,14.3,2.5,350,13,368,29.73,0.1,0,0,0,38.1,44.1,48.5,0.38,0.31,0.38
BELL,2019-11-08 09:30:00 EST,43.78962,-76.11373,475,25.7,25.1,18.1,76.1,19.2,0.000,0.000,0.00,0.000,5.5,10.2,2.1,359,20,6.7,11.8,2.5,357,16,6.7,11.8,2.5,357,16,373,29.73,0.1,0,0,0,38.1,44.1,48.6,0.38,0.31,0.38
BELL,2019-11-08 09:35:00 EST,43.78962,-76.11373,475,25.6,25.0,19.1,76.5,19.3,0.000,0.000,0.00,0.000,4.8,8.8,1.6,8,19,5.5,11.6,2.0,5,19,5.5,11.6,2.0,5,19,328,29.73,0.0,0,0,0,38.1,44.1,48.6,0.38,0.31,0.38
BELL,2019-11-08 09:40:00 EST,43.78962,-76.11373,475,25.7,25.1,19.9,75.7,19.1,0.000,0.000,0.00,0.000,4.0,7.8,1.6,4,29,4.8,9.6,1.8,1,20,4.8,9.6,1.8,1,20,268,29.73,0.1,0,0,0,38.1,44.1,48.5,0.38,0.31,0.38
BELL,2019-11-08 09:45:00 EST,43.78962,-76.11373,475,25.5,25.0,17.5,76.7,19.2,0.000,0.000,0.00,0.000,6.7,11.3,2.1,331,20,7.2,11.3,2.0,331,19,7.2,11.3,2.0,331,19,202,29.73,0.1,0,0,0,38.1,44.1,48.6,0.38,0.31,0.38
BELL,2019-11-08 09:50:00 EST,43.78962,-76.11373,475,25.8,25.2,19.7,77.2,19.6,0.000,0.000,0.00,0.000,4.5,8.8,1.5,355,19,5.0,10.2,1.9,355,18,5.0,10.2,1.9,355,18,205,29.73,0.0,0,0,0,38.2,44.1,48.6,0.38,0.31,0.38
BELL,2019-11-08 09:55:00 EST,43.78962,-76.11373,475,25.6,25.0,19.6,77.0,19.4,0.000,0.000,0.00,0.000,4.5,7.9,1.6,359,21,5.0,9.2,1.6,359,18,5.0,9.2,1.6,359,18,279,29.73,0.1,0,0,0,38.3,44.1,48.6,0.38,0.31,0.38
BELL,2019-11-08 10:00:00 EST,43.78962,-76.11373,475,26.0,25.3,19.3,75.2,19.2,0.000,0.000,0.00,0.000,5.0,7.5,1.5,348,21,5.7,9.0,1.6,351,21,5.7,9.0,1.6,351,21,369,29.73,-0.0,0,0,0,38.3,44.1,48.6,0.38,0.31,0.38
BELL,2019-11-08 10:05:00 EST,43.78962,-76.11373,475,26.2,25.3,18.6,74.1,19.1,0.000,0.000,0.00,0.000,6.0,10.2,2.1,352,19,6.8,12.9,2.4,350,13,6.8,12.9,2.4,350,13,351,29.73,0.0,0,0,0,38.3,44.1,48.5,0.38,0.31,0.37
BELL,2019-11-08 10:10:00 EST,43.78962,-76.11373,475,26.1,25.4,18.4,74.0,18.9,0.000,0.000,0.00,0.000,6.0,8.8,1.9,351,24,6.9,11.4,2.3,351,20,6.9,11.4,2.3,351,20,360,29.73,0.1,0,0,0,38.3,44.0,48.6,0.38,0.31,0.38
BELL,2019-11-08 10:15:00 EST,43.78962,-76.11373,475,26.5,25.7,21.0,76.1,20.0,0.000,0.000,0.00,0.000,4.0,7.3,1.8,13,19,4.6,9.7,1.9,11,17,4.6,9.7,1.9,11,17,266,29.73,0.1,0,0,0,38.3,44.0,48.6,0.38,0.31,0.38
BELL,2019-11-08 10:20:00 EST,43.78962,-76.11373,475,25.8,25.1,16.8,74.9,18.9,0.000,0.000,0.00,0.000,7.5,13.4,2.2,357,19,8.7,15.1,2.8,357,15,8.7,15.1,2.8,357,15,247,29.73,0.0,0,0,0,38.3,44.0,48.6,0.37,0.31,0.38
BELL,2019-11-08 10:25:00 EST,43.78962,-76.11373,475,25.8,25.1,18.0,75.3,19.0,0.000,0.000,0.00,0.000,6.1,9.9,2.1,3,21,6.9,13.4,2.5,4,14,6.9,13.4,2.5,4,14,239,29.74,0.2,0,0,0,38.5,43.9,48.5,0.38,0.31,0.38
BELL,2019-11-08 10:30:00 EST,43.78962,-76.11373,475,25.6,24.9,18.5,74.8,18.7,0.000,0.000,0.00,0.000,5.2,8.5,1.8,357,16,6.1,11.0,2.1,354,13,6.1,11.0,2.1,354,13,258,29.74,0.1,0,0,0,38.5,44.0,48.5,0.38,0.31,0.38
BELL,2019-11-08 10:35:00 EST,43.78962,-76.11373,475,26.3,25.6,19.9,76.1,19.8,0.000,0.000,0.00,0.000,4.7,8.9,1.7,7,21,5.5,11.5,2.2,7,19,5.5,11.5,2.2,7,19,321,29.74,0.1,0,0,0,38.6,43.9,48.6,0.38,0.31,0.38
BELL,2019-11-08 10:40:00 EST,43.78962,-76.11373,475,26.8,25.8,19.8,76.0,20.3,0.000,0.000,0.00,0.000,5.6,11.1,1.9,7,24,6.3,12.5,2.1,4,18,6.3,12.5,2.1,4,18,401,29.74,0.1,0,0,0,38.6,43.9,48.6,0.38,0.31,0.37
BELL,2019-11-08 10:45:00 EST,43.78962,-76.11373,475,26.2,25.3,18.7,73.7,18.9,0.000,0.000,0.00,0.000,6.1,11.0,2.2,18,22,6.8,14.5,2.7,14,18,6.8,14.5,2.7,14,18,232,29.74,0.1,0,0,0,38.6,43.9,48.6,0.38,0.31,0.38
BELL,2019-11-08 10:50:00 EST,43.78962,-76.11373,475,26.0,25.2,17.7,75.3,19.2,0.000,0.000,0.00,0.000,6.6,10.9,2.0,353,22,7.6,12.2,2.3,354,18,7.6,12.2,2.3,354,18,166,29.74,-0.0,0,0,0,38.7,43.9,48.6,0.37,0.31,0.38
BELL,2019-11-08 10:55:00 EST,43.78962,-76.11373,475,26.3,25.5,20.5,75.4,19.6,0.000,0.000,0.00,0.000,4.1,7.4,1.6,3,28,4.9,8.6,1.8,359,21,4.9,8.6,1.8,359,21,357,29.74,0.2,0,0,0,38.9,44.0,48.5,0.38,0.31,0.38
BELL,2019-11-08 11:00:00 EST,43.78962,-76.11373,475,26.5,25.4,18.2,74.9,19.6,0.000,0.000,0.00,0.000,6.9,11.5,2.1,356,27,7.9,13.6,2.6,353,13,7.9,13.6,2.6,353,13,471,29.74,0.1,0,0,0,39.0,43.9,48.6,0.38,0.31,0.38
BELL,2019-11-08 11:05:00 EST,43.78962,-76.11373,475,26.6,25.6,19.3,75.1,19.8,0.000,0.000,0.00,0.000,5.9,11.5,1.8,15,19,6.6,11.5,2.0,10,15,6.6,11.5,2.0,10,15,336,29.74,0.0,0,0,0,38.9,43.9,48.6,0.38,0.31,0.37
BELL,2019-11-08 11:10:00 EST,43.78962,-76.11373,475,25.6,24.9,18.3,74.2,18.6,0.000,0.000,0.00,0.000,5.5,9.3,1.8,4,20,6.4,11.4,2.2,3,15,6.4,11.4,2.2,3,15,230,29.74,0.1,0,0,0,39.1,43.9,48.6,0.38,0.31,0.38
BELL,2019-11-08 11:15:00 EST,43.78962,-76.11373,475,26.0,25.1,21.2,72.8,18.5,0.000,0.000,0.00,0.000,3.6,6.9,1.5,9,21,3.9,8.5,1.7,9,22,3.9,8.5,1.7,9,22,532,29.74,0.2,0,0,0,39.2,43.9,48.6,0.38,0.31,0.38
BELL,2019-11-08 11:20:00 EST,43.78962,-76.11373,475,26.3,25.4,21.2,71.0,18.2,0.000,0.000,0.00,0.000,3.8,7.7,1.9,12,25,4.3,8.6,2.2,11,22,4.3,8.6,2.2,11,22,453,29.74,-0.0,0,0,0,39.2,43.9,48.6,0.38,0.31,0.37
BELL,2019-11-08 11:25:00 EST,43.78962,-76.11373,475,26.9,26.1,21.1,73.4,19.5,0.000,0.000,0.00,0.000,4.4,8.3,1.6,356,26,4.9,9.5,1.8,353,21,4.9,9.5,1.8,353,21,494,29.74,0.2,0,0,0,39.2,43.9,48.6,0.38,0.31,0.38
BELL,2019-11-08 11:30:00 EST,43.78962,-76.11373,475,26.9,26.1,21.7,70.9,18.7,0.000,0.000,0.00,0.000,3.9,7.3,1.2,22,24,4.5,7.6,1.3,21,24,4.5,7.6,1.3,21,24,441,29.74,0.1,0,0,0,39.2,43.9,48.6,0.38,0.31,0.38
BELL,2019-11-08 11:35:00 EST,43.78962,-76.11373,475,27.2,26.6,23.5,70.8,19.0,0.000,0.000,0.00,0.000,2.8,5.0,1.0,347,32,3.3,6.2,1.3,346,31,3.3,6.2,1.3,346,31,404,29.74,-0.0,0,0,0,39.5,43.9,48.5,0.38,0.31,0.37
BELL,2019-11-08 11:40:00 EST,43.78962,-76.11373,475,27.6,26.8,22.2,70.3,19.2,0.000,0.000,0.00,0.000,4.0,8.8,2.0,324,35,4.8,9.9,2.1,323,34,4.8,9.9,2.1,323,34,381,29.74,-0.0,0,0,0,39.6,43.9,48.6,0.38,0.31,0.38
BELL,2019-11-08 11:45:00 EST,43.78962,-76.11373,475,27.2,26.6,19.8,65.6,17.2,0.000,0.000,0.00,0.000,6.7,12.3,2.1,321,16,6.9,12.1,2.1,321,16,6.9,12.1,2.1,321,16,397,29.73,0.1,0,0,0,39.5,43.9,48.6,0.38,0.31,0.37
BELL,2019-11-08 11:50:00 EST,43.78962,-76.11373,475,27.0,26.3,19.4,63.1,16.1,0.000,0.000,0.00,0.000,6.8,10.2,1.6,310,11,7.1,10.1,1.5,308,10,7.1,10.1,1.5,308,10,492,29.73,0.1,0,0,0,39.8,43.9,48.6,0.37,0.31,0.37
BELL,2019-11-08 11:55:00 EST,43.78962,-76.11373,475,27.2,26.3,19.6,63.2,16.4,0.000,0.000,0.00,0.000,6.9,9.7,1.6,296,13,7.2,10.7,1.8,293,12,7.2,10.7,1.8,293,12,497,29.73,0.0,0,0,0,39.9,43.9,48.5,0.37,0.31,0.38
BELL,2019-11-08 12:00:00 EST,43.78962,-76.11373,475,27.5,26.8,19.7,63.9,16.9,0.000,0.000,0.00,0.000,7.3,13.3,2.2,314,17,7.6,13.2,2.1,312,18,7.6,13.2,2.1,312,18,505,29.73,-0.0,0,0,0,39.9,43.9,48.5,0.37,0.31,0.38
BELL,2019-11-08 12:05:00 EST,43.78962,-76.11373,475,28.0,27.1,19.9,65.4,17.9,0.000,0.000,0.00,0.000,7.8,14.4,2.2,320,15,8.2,14.4,2.1,321,13,8.2,14.4,2.1,321,13,534,29.73,-0.1,0,0,0,40.1,43.9,48.6,0.38,0.31,0.38
BELL,2019-11-08 12:10:00 EST,43.78962,-76.11373,475,27.7,26.8,20.0,64.7,17.4,0.000,0.000,0.00,0.000,7.2,13.5,2.7,314,17,7.3,14.3,2.6,315,16,7.3,14.3,2.6,315,16,446,29.73,0.1,0,0,0,40.2,43.9,48.6,0.37,0.31,0.38
BELL,2019-11-08 12:15:00 EST,43.78962,-76.11373,475,27.6,26.9,21.1,64.3,17.2,0.000,0.000,0.00,0.000,5.7,8.5,1.3,323,20,5.9,9.2,1.3,321,14,5.9,9.2,1.3,321,14,486,29.73,0.0,0,0,0,40.3,43.8,48.6,0.38,0.31,0.37
BELL,2019-11-08 12:20:00 EST,43.78962,-76.11373,475,27.5,26.8,20.4,64.9,17.2,0.000,0.000,0.00,0.000,6.2,11.2,2.0,317,16,6.5,11.2,1.9,315,16,6.5,11.2,1.9,315,16,434,29.73,-0.1,0,0,0,40.3,43.8,48.6,0.38,0.31,0.38
BELL,2019-11-08 12:25:00 EST,43.78962,-76.11373,475,27.9,27.1,20.8,65.0,17.6,0.000,0.000,0.00,0.000,6.2,10.8,2.0,321,26,6.7,14.2,2.3,322,24,6.7,14.2,2.3,322,24,526,29.73,-0.1,0,0,0,40.5,43.8,48.6,0.37,0.31,0.38
BELL,2019-11-08 12:30:00 EST,43.78962,-76.11373,475,28.0,27.2,20.7,66.0,18.1,0.000,0.000,0.00,0.000,6.5,11.0,2.1,324,23,7.0,11.7,2.0,322,22,7.0,11.7,2.0,322,22,388,29.73,0.0,0,0,0,40.5,43.9,48.6,0.38,0.31,0.38
BELL,2019-11-08 12:35:00 EST,43.78962,-76.11373,475,27.7,27.0,20.5,64.1,17.2,0.000,0.000,0.00,0.000,6.3,10.9,1.8,311,25,6.8,10.6,1.7,311,24,6.8,10.6,1.7,311,24,323,29.73,-0.0,0,0,0,40.6,43.7,48.4,0.37,0.31,0.37
BELL,2019-11-08 12:40:00 EST,43.78962,-76.11373,475,27.4,26.9,20.6,64.9,17.2,0.000,0.000,0.00,0.000,5.8,12.1,2.3,318,17,6.2,12.5,2.2,319,15,6.2,12.5,2.2,319,15,366,29.73,0.1,0,0,0,40.9,43.8,48.5,0.37,0.31,0.37
BELL,2019-11-08 12:45:00 EST,43.78962,-76.11373,475,28.2,27.4,20.2,63.5,17.4,0.000,0.000,0.00,0.000,7.8,11.0,1.5,311,15,8.1,11.9,1.5,312,13,8.1,11.9,1.5,312,13,460,29.73,-0.0,0,0,0,41.0,43.8,48.6,0.37,0.31,0.37
BELL,2019-11-08 12:50:00 EST,43.78962,-76.11373,475,28.3,27.6,20.2,63.9,17.7,0.000,0.000,0.00,0.000,7.8,13.2,2.2,323,14,8.2,13.2,2.0,321,13,8.2,13.2,2.0,321,13,449,29.73,0.0,0,0,0,41.0,43.7,48.5,0.37,0.31,0.38
BELL,2019-11-08 12:55:00 EST,43.78962,-76.11373,475,28.5,27.7,21.5,64.2,17.9,0.000,0.000,0.00,0.000,6.0,11.1,2.6,325,15,6.6,11.3,2.5,325,15,6.6,11.3,2.5,325,15,491,29.73,-0.0,0,0,0,41.1,43.7,48.5,0.37,0.31,0.37
BELL,2019-11-08 13:00:00 EST,43.78962,-76.11373,475,27.8,27.6,21.8,64.0,17.2,0.000,0.000,0.00,0.000,5.1,11.8,2.8,318,19,5.5,12.9,2.8,319,18,5.5,12.9,2.8,319,18,296,29.72,0.0,0,0,0,41.2,43.7,48.5,0.37,0.31,0.37
BELL,2019-11-08 13:05:00 EST,43.78962,-76.11373,475,28.0,27.5,19.8,64.8,17.7,0.000,0.000,0.00,0.000,7.9,12.1,1.8,308,16,8.2,12.4,1.7,307,15,8.2,12.4,1.7,307,15,283,29.73,-0.1,0,0,0,41.3,43.7,48.6,0.38,0.31,0.37
BELL,2019-11-08 13:10:00 EST,43.78962,-76.11373,475,28.3,27.7,22.2,66.5,18.6,0.000,0.000,0.00,0.000,4.9,10.8,2.1,303,20,5.6,10.6,1.9,302,20,5.6,10.6,1.9,302,20,477,29.73,0.1,0,0,0,41.3,43.8,48.6,0.37,0.31,0.38
BELL,2019-11-08 13:15:00 EST,43.78962,-76.11373,475,28.9,28.2,20.7,64.2,18.3,0.000,0.000,0.00,0.000,8.2,12.6,1.7,308,13,8.6,13.3,1.6,307,13,8.6,13.3,1.6,307,13,351,29.73,-0.1,0,0,0,41.4,43.7,48.6,0.37,0.31,0.38
BELL,2019-11-08 13:20:00 EST,43.78962,-76.11373,475,28.3,27.8,20.8,66.2,18.5,0.000,0.000,0.00,0.000,6.9,11.7,2.0,325,17,7.3,11.6,1.9,324,16,7.3,11.6,1.9,324,16,282,29.73,0.1,0,0,0,41.4,43.7,48.5,0.37,0.31,0.37
BELL,2019-11-08 13:25:00 EST,43.78962,-76.11373,475,29.1,28.3,21.7,66.1,19.2,0.000,0.000,0.00,0.000,7.1,12.4,2.5,319,17,7.5,13.2,2.6,318,15,7.5,13.2,2.6,318,15,455,29.73,-0.0,0,0,0,41.5,43.7,48.5,0.37,0.31,0.38
BELL,2019-11-08 13:30:00 EST,43.78962,-76.11373,475,28.6,28.1,20.6,62.8,17.5,0.000,0.000,0.00,0.000,7.6,12.3,2.0,320,17,8.2,12.7,1.9,319,14,8.2,12.7,1.9,319,14,290,29.73,0.0,0,0,0,41.6,43.7,48.6,0.37,0.31,0.38
BELL,2019-11-08 13:35:00 EST,43.78962,-76.11373,475,28.2,27.7,20.5,64.6,17.8,0.000,0.000,0.00,0.000,7.1,11.8,2.4,327,17,7.6,13.1,2.3,327,17,7.6,13.1,2.3,327,17,217,29.73,-0.0,0,0,0,41.6,43.7,48.5,0.37,0.31,0.37
BELL,2019-11-08 13:40:00 EST,43.78962,-76.11373,475,28.1,27.6,19.7,63.6,17.4,0.000,0.000,0.00,0.000,8.3,12.5,2.0,328,17,8.7,14.0,2.0,327,15,8.7,14.0,2.0,327,15,198,29.73,0.0,0,0,0,41.7,43.7,48.5,0.37,0.31,0.37
BELL,2019-11-08 13:45:00 EST,43.78962,-76.11373,475,28.0,27.6,20.1,65.1,17.8,0.000,0.000,0.00,0.000,7.5,11.7,1.7,310,16,7.8,12.3,1.8,310,15,7.8,12.3,1.8,310,15,176,29.73,0.0,0,0,0,41.7,43.7,48.5,0.37,0.31,0.37
BELL,2019-11-08 13:50:00 EST,43.78962,-76.11373,475,28.2,27.7,20.0,65.6,18.1,0.000,0.000,0.00,0.000,8.0,11.5,1.7,311,13,8.2,12.6,1.6,309,13,8.2,12.6,1.6,309,13,234,29.73,0.1,0,0,0,41.6,43.8,48.5,0.38,0.31,0.38
BELL,2019-11-08 13:55:00 EST,43.78962,-76.11373,475,28.2,27.8,20.6,65.8,18.2,0.000,0.000,0.00,0.000,7.1,11.8,1.9,308,13,7.3,12.4,1.8,307,13,7.3,12.4,1.8,307,13,215,29.73,0.1,0,0,0,41.8,43.7,48.6,0.38,0.31,0.37
BELL,2019-11-08 14:00:00 EST,43.78962,-76.11373,475,28.7,28.3,20.8,67.1,19.2,0.000,0.000,0.00,0.000,7.5,10.6,1.4,328,21,8.0,12.1,1.6,326,21,8.0,12.1,1.6,326,21,200,29.73,-0.0,0,0,0,41.9,43.7,48.5,0.38,0.31,0.38
BELL,2019-11-08 14:05:00 EST,43.78962,-76.11373,475,28.3,27.9,19.9,66.2,18.4,0.000,0.000,0.00,0.000,8.5,12.1,1.7,309,15,8.6,12.2,1.7,308,15,8.6,12.2,1.7,308,15,166,29.73,-0.0,0,0,0,41.9,43.7,48.5,0.38,0.31,0.37
BELL,2019-11-08 14:10:00 EST,43.78962,-76.11373,475,28.1,27.8,21.2,67.6,18.8,0.000,0.000,0.00,0.000,6.3,9.9,1.8,315,15,6.5,10.6,1.7,312,14,6.5,10.6,1.7,312,14,140,29.73,-0.0,0,0,0,41.8,43.7,48.3,0.38,0.31,0.37
BELL,2019-11-08 14:15:00 EST,43.78962,-76.11373,475,28.4,28.0,21.8,67.9,19.1,0.000,0.000,0.00,0.000,6.0,11.3,2.1,313,11,6.2,12.9,2.2,316,11,6.2,12.9,2.2,316,11,218,29.73,0.1,0,0,0,41.9,43.7,48.5,0.38,0.31,0.37
BELL,2019-11-08 14:20:00 EST,43.78962,-76.11373,475,29.0,28.3,20.9,66.6,19.2,0.000,0.000,0.00,0.000,8.1,12.6,1.8,316,14,8.4,12.8,2.0,314,12,8.4,12.8,2.0,314,12,219,29.73,-0.0,0,0,0,41.9,43.7,48.4,0.38,0.31,0.37
BELL,2019-11-08 14:25:00 EST,43.78962,-76.11373,475,28.6,28.2,20.8,65.0,18.3,0.000,0.000,0.00,0.000,7.6,11.8,1.9,303,18,7.9,12.9,1.7,301,17,7.9,12.9,1.7,301,17,177,29.73,0.0,0,0,0,41.9,43.7,48.3,0.38,0.31,0.37
BELL,2019-11-08 14:30:00 EST,43.78962,-76.11373,475,28.6,28.3,20.9,65.5,18.5,0.000,0.000,0.00,0.000,7.6,10.6,1.7,315,13,7.7,11.5,1.8,315,10,7.7,11.5,1.8,315,10,205,29.73,0.0,0,0,0,42.0,43.7,48.4,0.38,0.31,0.37
BELL,2019-11-08 14:35:00 EST,43.78962,-76.11373,475,28.5,28.3,20.4,65.9,18.6,0.000,0.000,0.00,0.000,7.9,11.5,2.1,316,14,8.4,12.7,2.1,314,14,8.4,12.7,2.1,314,14,147,29.73,-0.0,0,0,0,42.0,43.7,48.3,0.38,0.31,0.37
BELL,2019-11-08 14:40:00 EST,43.78962,-76.11373,475,28.4,28.1,19.8,66.4,18.6,0.000,0.000,0.00,0.000,9.0,11.9,1.2,314,12,9.1,12.3,1.3,313,12,9.1,12.3,1.3,313,12,152,29.73,-0.0,0,0,0,41.9,43.7,48.4,0.38,0.31,0.37
BELL,2019-11-08 14:45:00 EST,43.78962,-76.11373,475,28.4,28.1,21.7,66.7,18.7,0.000,0.000,0.00,0.000,6.1,8.3,1.1,311,13,6.3,8.2,1.0,310,12,6.3,8.2,1.0,310,12,152,29.73,0.1,0,0,0,42.0,43.7,48.3,0.38,0.31,0.37
BELL,2019-11-08 14:50:00 EST,43.78962,-76.11373,475,28.7,28.5,22.2,67.3,19.3,0.000,0.000,0.00,0.000,5.5,10.2,2.2,334,23,6.2,11.3,2.4,333,18,6.2,11.3,2.4,333,18,116,29.73,0.0,0,0,0,42.0,43.7,48.4,0.38,0.31,0.38
BELL,2019-11-08 14:55:00 EST,43.78962,-76.11373,475,28.8,28.5,22.1,67.5,19.4,0.000,0.000,0.00,0.000,5.8,11.3,1.7,332,18,6.3,11.7,1.8,331,17,6.3,11.7,1.8,331,17,112,29.73,-0.0,0,0,0,41.9,43.7,48.4,0.38,0.31,0.37
BELL,2019-11-08 15:00:00 EST,43.78962,-76.11373,475,28.8,28.5,21.5,67.2,19.3,0.000,0.000,0.00,0.000,6.4,10.7,1.9,343,21,7.2,12.7,2.1,345,15,7.2,12.7,2.1,345,15,111,29.73,0.0,0,0,0,41.9,43.8,48.4,0.38,0.31,0.38
BELL,2019-11-08 15:05:00 EST,43.78962,-76.11373,475,28.8,28.5,22.3,68.0,19.6,0.000,0.000,0.00,0.000,5.8,9.6,1.4,341,25,6.1,10.2,1.6,340,17,6.1,10.2,1.6,340,17,89,29.73,-0.0,0,0,0,41.9,43.8,48.3,0.37,0.31,0.37
BELL,2019-11-08 15:10:00 EST,43.78962,-76.11373,475,28.8,28.6,21.5,68.8,19.9,0.000,0.000,0.00,0.000,6.6,10.5,1.8,344,22,7.3,12.5,2.1,344,13,7.3,12.5,2.1,344,13,81,29.73,-0.0,0,0,0,41.8,43.8,48.4,0.38,0.31,0.37
BELL,2019-11-08 15:15:00 EST,43.78962,-76.11373,475,28.7,28.5,21.9,66.1,18.8,0.000,0.000,0.00,0.000,5.7,9.8,1.8,351,15,6.5,11.5,2.2,350,13,6.5,11.5,2.2,350,13,81,29.73,0.0,0,0,0,41.8,43.8,48.3,0.38,0.31,0.37
BELL,2019-11-08 15:20:00 EST,43.78962,-76.11373,475,28.7,28.6,22.7,66.3,18.9,0.000,0.000,0.00,0.000,4.8,8.5,1.8,347,20,5.6,10.0,2.1,349,15,5.6,10.0,2.1,349,15,79,29.73,-0.0,0,0,0,41.8,43.8,48.4,0.37,0.31,0.37
BELL,2019-11-08 15:25:00 EST,43.78962,-76.11373,475,28.8,28.7,22.0,67.1,19.3,0.000,0.000,0.00,0.000,5.8,11.4,2.3,332,21,6.6,11.3,2.2,334,16,6.6,11.3,2.2,334,16,70,29.73,-0.0,0,0,0,41.9,43.9,48.3,0.37,0.31,0.38
BELL,2019-11-08 15:30:00 EST,43.78962,-76.11373,475,28.8,28.7,21.6,66.7,19.1,0.000,0.000,0.00,0.000,6.3,10.0,2.0,347,15,7.0,11.0,2.3,348,10,7.0,11.0,2.3,348,10,84,29.73,-0.0,0,0,0,41.8,43.8,48.4,0.38,0.31,0.37
BELL,2019-11-08 15:35:00 EST,43.78962,-76.11373,475,29.0,28.7,23.0,66.3,19.1,0.000,0.000,0.00,0.000,4.9,7.9,1.3,346,18,5.6,10.1,1.6,344,13,5.6,10.1,1.6,344,13,92,29.74,-0.0,0,0,0,41.7,43.9,48.2,0.38,0.31,0.37
BELL,2019-11-08 15:40:00 EST,43.78962,-76.11373,475,28.8,28.8,23.0,66.4,19.0,0.000,0.000,0.00,0.000,4.8,8.0,1.5,329,19,5.4,9.1,1.7,327,18,5.4,9.1,1.7,327,18,56,29.74,-0.0,0,0,0,41.7,43.8,48.3,0.38,0.31,0.37
BELL,2019-11-08 15:45:00 EST,43.78962,-76.11373,475,28.6,28.7,23.3,66.7,18.9,0.000,0.000,0.00,0.000,4.4,7.7,1.2,336,20,4.8,8.2,1.4,337,15,4.8,8.2,1.4,337,15,54,29.74,-0.0,0,0,0,41.6,43.8,48.3,0.38,0.31,0.37
BELL,2019-11-08 15:50:00 EST,43.78962,-76.11373,475,28.6,28.7,23.9,66.8,18.9,0.000,0.000,0.00,0.000,3.8,6.1,1.2,334,22,4.2,7.5,1.5,332,17,4.2,7.5,1.5,332,17,44,29.74,-0.0,0,0,0,41.7,43.9,48.4,0.38,0.31,0.37
BELL,2019-11-08 15:55:00 EST,43.78962,-76.11373,475,28.5,28.7,24.9,66.9,18.9,0.000,0.000,0.00,0.000,3.1,5.0,0.8,329,17,3.4,6.5,0.9,328,17,3.4,6.5,0.9,328,17,55,29.74,0.0,0,0,0,41.7,43.9,48.3,0.38,0.31,0.37
BELL,2019-11-08 16:00:00 EST,43.78962,-76.11373,475,28.9,28.9,22.4,65.2,18.7,0.000,0.000,0.00,0.000,5.9,9.4,1.6,313,11,6.1,9.1,1.5,313,11,6.1,9.1,1.5,313,11,65,29.74,-0.0,0,0,0,41.7,43.9,48.4,0.38,0.31,0.37
BELL,2019-11-08 16:05:00 EST,43.78962,-76.11373,475,29.0,29.0,24.4,65.2,18.8,0.000,0.000,0.00,0.000,4.2,6.5,1.1,315,11,4.2,6.5,1.0,314,11,4.2,6.5,1.0,314,11,65,29.74,0.0,0,0,0,41.7,43.9,48.3,0.38,0.31,0.37
BELL,2019-11-08 16:10:00 EST,43.78962,-76.11373,475,29.1,29.1,25.4,66.2,19.2,0.000,0.000,0.00,0.000,3.3,5.6,1.0,317,15,3.5,5.1,0.9,316,14,3.5,5.1,0.9,316,14,56,29.74,0.0,0,0,0,41.7,43.9,48.2,0.38,0.31,0.37
BELL,2019-11-08 16:15:00 EST,43.78962,-76.11373,475,29.1,29.1,25.8,66.6,19.4,0.000,0.000,0.00,0.000,3.1,4.6,0.7,316,13,3.2,5.0,0.7,315,11,3.2,5.0,0.7,315,11,40,29.74,0.0,0,0,0,41.6,43.9,48.4,0.38,0.31,0.37
BELL,2019-11-08 16:20:00 EST,43.78962,-76.11373,475,29.2,29.2,25.8,67.8,19.8,0.000,0.000,0.00,0.000,3.0,5.6,1.0,320,18,3.2,6.1,1.1,319,18,3.2,6.1,1.1,319,18,38,29.74,0.0,0,0,0,41.5,43.9,48.3,0.38,0.31,0.37
BELL,2019-11-08 16:25:00 EST,43.78962,-76.11373,475,29.1,29.2,29.1,68.5,20.1,0.000,0.000,0.00,0.000,2.8,4.2,0.9,315,14,2.8,5.0,0.9,313,13,2.8,5.0,0.9,313,13,23,29.74,-0.0,0,0,0,41.5,43.9,48.3,0.38,0.31,0.37
BELL,2019-11-08 16:30:00 EST,43.78962,-76.11373,475,28.8,29.1,28.8,68.9,19.9,0.000,0.000,0.00,0.000,2.4,4.2,0.8,303,22,2.6,4.6,0.8,300,21,2.6,4.6,0.8,300,21,13,29.74,-0.0,0,0,0,41.4,43.9,48.2,0.38,0.31,0.37
BELL,2019-11-08 16:35:00 EST,43.78962,-76.11373,475,28.8,29.1,23.9,67.0,19.2,0.000,0.000,0.00,0.000,4.1,6.4,1.1,286,8,4.4,6.7,1.2,284,8,4.4,6.7,1.2,284,8,9,29.74,-0.0,0,0,0,41.4,43.9,48.4,0.38,0.31,0.38
BELL,2019-11-08 16:40:00 EST,43.78962,-76.11373,475,28.9,29.2,24.3,66.1,19.0,0.000,0.000,0.00,0.000,4.0,5.3,0.7,280,7,4.2,5.9,0.8,279,7,4.2,5.9,0.8,279,7,6,29.74,-0.1,0,0,0,41.3,43.9,48.3,0.38,0.31,0.37
BELL,2019-11-08 16:45:00 EST,43.78962,-76.11373,475,28.9,29.1,23.1,67.0,19.3,0.000,0.000,0.00,0.000,4.9,6.8,0.7,270,8,5.2,7.1,0.7,269,7,5.2,7.1,0.7,269,7,4,29.74,-0.0,0,0,0,41.3,43.9,48.3,0.38,0.31,0.37
BELL,2019-11-08 16:50:00 EST,43.78962,-76.11373,475,28.7,29.0,23.7,69.3,19.9,0.000,0.000,0.00,0.000,4.2,6.4,0.6,269,9,4.5,6.6,0.7,268,8,4.5,6.6,0.7,268,8,3,29.74,-0.0,0,0,0,41.3,43.9,48.3,0.38,0.31,0.37
BELL,2019-11-08 16:55:00 EST,43.78962,-76.11373,475,28.6,29.0,23.5,71.2,20.5,0.000,0.000,0.00,0.000,4.2,6.5,0.9,261,8,4.6,7.0,0.9,260,8,4.6,7.0,0.9,260,8,1,29.74,0.0,0,0,0,41.3,43.9,48.4,0.38,0.31,0.37
BELL,2019-11-08 17:00:00 EST,43.78962,-76.11373,475,28.7,28.9,23.0,70.8,20.4,0.000,0.000,0.00,0.000,4.9,6.6,0.8,271,8,5.2,7.1,0.8,269,8,5.2,7.1,0.8,269,8,1,29.75,-0.0,0,0,0,41.3,43.9,48.4,0.38,0.31,0.37
BELL,2019-11-08 17:05:00 EST,43.78962,-76.11373,475,28.6,28.8,24.0,70.9,20.3,0.000,0.000,0.00,0.000,3.8,6.2,0.7,280,9,4.1,6.6,0.7,279,8,4.1,6.6,0.7,279,8,0,29.75,-0.0,0,0,0,41.2,43.9,48.4,0.38,0.31,0.37
BELL,2019-11-08 17:10:00 EST,43.78962,-76.11373,475,28.6,28.9,24.2,70.8,20.4,0.000,0.000,0.00,0.000,3.8,5.3,0.6,282,10,4.0,5.6,0.7,280,9,4.0,5.6,0.7,280,9,0,29.75,-0.0,0,0,0,41.1,43.9,48.3,0.38,0.31,0.38
BELL,2019-11-08 17:15:00 EST,43.78962,-76.11373,475,28.6,28.9,28.6,70.9,20.3,0.000,0.000,0.00,0.000,2.6,3.7,0.5,273,8,2.8,4.0,0.5,272,9,2.8,4.0,0.5,272,9,0,29.75,-0.0,0,0,0,41.0,43.9,48.4,0.38,0.31,0.37
BELL,2019-11-08 17:20:00 EST,43.78962,-76.11373,475,28.7,29.0,25.1,70.6,20.3,0.000,0.000,0.00,0.000,3.1,4.3,0.5,267,11,3.4,4.6,0.5,264,11,3.4,4.6,0.5,264,11,0,29.75,-0.0,0,0,0,41.0,43.9,48.3,0.37,0.31,0.37
BELL,2019-11-08 17:25:00 EST,43.78962,-76.11373,475,28.7,29.0,28.7,70.9,20.5,0.000,0.000,0.00,0.000,2.6,3.7,0.4,269,8,2.8,4.2,0.5,267,8,2.8,4.2,0.5,267,8,0,29.75,-0.0,0,0,0,41.0,44.0,48.3,0.37,0.31,0.37
BELL,2019-11-08 17:30:00 EST,43.78962,-76.11373,475,28.7,28.9,22.7,71.6,20.7,0.000,0.000,0.00,0.000,5.2,8.0,1.7,272,14,5.6,8.7,1.7,271,13,5.6,8.7,1.7,271,13,0,29.75,-0.0,0,0,0,40.9,44.0,48.3,0.38,0.31,0.37
BELL,2019-11-08 17:35:00 EST,43.78962,-76.11373,475,28.5,28.7,23.0,72.9,20.9,0.000,0.000,0.00,0.000,4.7,6.8,0.9,265,7,5.0,7.4,1.0,263,7,5.0,7.4,1.0,263,7,0,29.75,-0.0,0,0,0,40.9,43.9,48.3,0.37,0.31,0.37
BELL,2019-11-08 17:40:00 EST,43.78962,-76.11373,475,28.4,28.6,24.4,74.1,21.2,0.000,0.000,0.00,0.000,3.3,4.6,0.8,257,6,3.6,5.1,0.8,255,6,3.6,5.1,0.8,255,6,0,29.76,-0.0,0,0,0,41.0,43.9,48.3,0.37,0.31,0.37
BELL,2019-11-08 17:45:00 EST,43.78962,-76.11373,475,28.4,28.7,28.4,73.4,21.0,0.000,0.000,0.00,0.000,2.0,3.8,0.7,263,21,2.2,4.3,0.7,262,21,2.2,4.3,0.7,262,21,0,29.76,-0.0,0,0,0,40.9,44.0,48.3,0.37,0.31,0.37
BELL,2019-11-08 17:50:00 EST,43.78962,-76.11373,475,28.6,28.9,28.6,72.4,20.9,0.000,0.000,0.00,0.000,2.4,3.4,0.7,269,17,2.6,4.0,0.7,268,17,2.6,4.0,0.7,268,17,0,29.76,-0.0,0,0,0,40.8,44.0,48.3,0.38,0.31,0.37
BELL,2019-11-08 17:55:00 EST,43.78962,-76.11373,475,28.5,28.9,28.5,73.2,21.0,0.000,0.000,0.00,0.000,1.1,2.7,0.5,299,10,1.4,3.1,0.5,300,11,1.4,3.1,0.5,300,11,0,29.76,0.0,0,0,0,40.7,43.9,48.3,0.38,0.31,0.37
BELL,2019-11-08 18:00:00 EST,43.78962,-76.11373,475,28.7,29.0,28.7,72.5,20.9,0.000,0.000,0.00,0.000,1.5,2.6,0.4,304,8,1.6,2.6,0.4,305,8,1.6,2.6,0.4,305,8,0,29.76,-0.0,0,0,0,40.6,44.0,48.2,0.38,0.31,0.37
BELL,2019-11-08 18:05:00 EST,43.78962,-76.11373,475,28.6,29.1,28.6,72.6,21.0,0.000,0.000,0.00,0.000,1.5,2.0,0.2,289,7,1.7,2.2,0.2,288,9,1.7,2.2,0.2,288,9,0,29.76,0.0,0,0,0,40.6,43.9,48.2,0.38,0.31,0.37
BELL,2019-11-08 18:10:00 EST,43.78962,-76.11373,475,28.7,29.3,28.7,72.2,20.9,0.000,0.000,0.00,0.000,1.6,3.4,0.6,306,20,1.8,3.9,0.6,307,21,1.8,3.9,0.6,307,21,0,29.76,-0.1,0,0,0,40.6,44.0,48.3,0.38,0.31,0.37
BELL,2019-11-08 18:15:00 EST,43.78962,-76.11373,475,28.4,29.2,28.4,73.1,20.9,0.000,0.000,0.00,0.000,1.3,1.7,0.3,354,16,1.6,2.3,0.4,354,16,1.6,2.3,0.4,354,16,0,29.76,-0.0,0,0,0,40.6,43.9,48.2,0.37,0.31,0.37
BELL,2019-11-08 18:20:00 EST,43.78962,-76.11373,475,28.6,29.3,28.6,73.9,21.4,0.000,0.000,0.00,0.000,1.1,2.3,0.5,264,23,1.4,3.0,0.5,262,24,1.4,3.0,0.5,262,24,0,29.76,-0.0,0,0,0,40.5,44.0,48.3,0.37,0.31,0.37
BELL,2019-11-08 18:25:00 EST,43.78962,-76.11373,475,28.6,29.4,28.6,74.4,21.5,0.000,0.000,0.00,0.000,1.0,2.5,0.5,267,22,1.2,2.8,0.5,271,23,1.2,2.8,0.5,271,23,0,29.76,-0.0,0,0,0,40.5,44.0,48.2,0.37,0.31,0.37
BELL,2019-11-08 18:30:00 EST,43.78962,-76.11373,475,28.5,29.3,28.5,73.9,21.2,0.000,0.000,0.00,0.000,0.8,1.4,0.4,22,23,1.2,1.8,0.3,17,28,1.2,1.8,0.3,17,28,0,29.76,0.0,0,0,0,40.4,43.9,48.2,0.38,0.31,0.37
BELL,2019-11-08 18:35:00 EST,43.78962,-76.11373,475,28.5,29.1,28.5,75.5,21.7,0.000,0.000,0.00,0.000,2.5,3.8,0.8,60,11,2.6,4.2,0.7,57,9,2.6,4.2,0.7,57,9,0,29.76,-0.0,0,0,0,40.4,43.9,48.2,0.37,0.31,0.38
BELL,2019-11-08 18:40:00 EST,43.78962,-76.11373,475,28.5,28.9,28.5,74.2,21.3,0.000,0.000,0.00,0.000,2.0,4.2,1.2,23,20,2.2,4.3,1.3,20,22,2.2,4.3,1.3,20,22,0,29.76,-0.0,0,0,0,40.3,44.0,48.2,0.37,0.31,0.37
BELL,2019-11-08 18:45:00 EST,43.78962,-76.11373,475,28.7,29.0,28.7,72.0,20.8,0.000,0.000,0.00,0.000,1.1,2.0,0.5,329,15,1.6,2.7,0.6,328,18,1.6,2.7,0.6,328,18,0,29.77,-0.0,0,0,0,40.2,44.0,48.2,0.37,0.31,0.37
BELL,2019-11-08 18:50:00 EST,43.78962,-76.11373,475,28.5,29.1,28.5,74.4,21.4,0.000,0.000,0.00,0.000,1.3,3.4,0.8,320,26,1.6,4.1,0.8,319,25,1.6,4.1,0.8,319,25,0,29.77,0.0,0,0,0,40.2,44.0,48.2,0.37,0.31,0.38
BELL,2019-11-08 18:55:00 EST,43.78962,-76.11373,475,29.0,29.6,29.0,69.6,20.3,0.000,0.000,0.00,0.000,1.6,4.3,0.8,293,16,1.8,4.8,0.9,293,15,1.8,4.8,0.9,293,15,0,29.76,-0.0,0,0,0,40.2,43.9,48.1,0.37,0.31,0.38
BELL,2019-11-08 19:00:00 EST,43.78962,-76.11373,475,28.7,29.4,28.7,69.6,20.0,0.000,0.000,0.00,0.000,1.6,2.8,0.8,46,24,1.6,2.8,0.7,40,23,1.6,2.8,0.7,40,23,0,29.76,-0.0,0,0,0,40.2,44.1,48.2,0.37,0.31,0.37
BELL,2019-11-08 19:05:00 EST,43.78962,-76.11373,475,28.6,29.1,28.6,71.0,20.4,0.000,0.000,0.00,0.000,2.2,3.0,0.3,50,12,2.1,2.7,0.3,49,9,2.1,2.7,0.3,49,9,0,29.76,-0.0,0,0,0,40.2,44.0,48.2,0.37,0.31,0.37
BELL,2019-11-08 19:10:00 EST,43.78962,-76.11373,475,28.6,29.2,28.6,74.3,21.4,0.000,0.000,0.00,0.000,2.7,3.9,0.6,26,6,2.7,4.0,0.5,27,7,2.7,4.0,0.5,27,7,0,29.77,-0.0,0,0,0,40.2,44.0,48.2,0.38,0.31,0.38
BELL,2019-11-08 19:15:00 EST,43.78962,-76.11373,475,28.6,29.2,24.8,74.9,21.6,0.000,0.000,0.00,0.000,3.5,5.0,0.4,35,11,3.5,4.9,0.5,36,10,3.5,4.9,0.5,36,10,0,29.77,0.0,0,0,0,40.1,44.1,48.2,0.37,0.31,0.37
BELL,2019-11-08 19:20:00 EST,43.78962,-76.11373,475,28.8,29.2,28.8,73.2,21.3,0.000,0.000,0.00,0.000,1.1,3.4,0.9,12,29,1.5,3.3,0.8,6,28,1.5,3.3,0.8,6,28,0,29.76,0.0,0,0,0,40.1,44.0,48.1,0.37,0.31,0.37
BELL,2019-11-08 19:25:00 EST,43.78962,-76.11373,475,29.1,29.3,29.1,70.8,20.8,0.000,0.000,0.00,0.000,0.3,0.9,0.4,318,3,0.5,1.3,0.5,316,13,0.5,1.3,0.5,316,13,0,29.77,-0.0,0,0,0,40.1,44.0,48.2,0.38,0.31,0.37
BELL,2019-11-08 19:30:00 EST,43.78962,-76.11373,475,29.1,29.5,29.1,70.4,20.7,0.000,0.000,0.00,0.000,0.9,2.0,0.8,247,27,1.2,2.1,0.6,253,34,1.2,2.1,0.6,253,34,0,29.77,-0.0,0,0,0,40.1,44.1,48.2,0.37,0.31,0.37
BELL,2019-11-08 19:35:00 EST,43.78962,-76.11373,475,28.6,29.4,28.6,74.6,21.5,0.000,0.000,0.00,0.000,0.5,1.6,0.5,208,4,0.6,1.9,0.6,206,7,0.6,1.9,0.6,206,7,0,29.77,-0.0,0,0,0,40.1,44.0,48.2,0.37,0.31,0.38
BELL,2019-11-08 19:40:00 EST,43.78962,-76.11373,475,28.3,29.2,28.3,74.4,21.2,0.000,0.000,0.00,0.000,0.2,1.4,0.4,185,2,0.5,1.5,0.5,175,12,0.5,1.5,0.5,175,12,0,29.77,-0.0,0,0,0,39.9,44.1,48.1,0.38,0.31,0.38
BELL,2019-11-08 19:45:00 EST,43.78962,-76.11373,475,28.4,29.2,28.4,75.8,21.8,0.000,0.000,0.00,0.000,1.6,1.9,0.2,195,7,1.8,2.1,0.2,193,9,1.8,2.1,0.2,193,9,0,29.77,-0.1,0,0,0,39.9,44.2,48.2,0.38,0.31,0.37
BELL,2019-11-08 19:50:00 EST,43.78962,-76.11373,475,28.0,29.2,28.0,78.9,22.3,0.000,0.000,0.00,0.000,1.4,1.8,0.2,177,9,1.7,2.1,0.2,172,12,1.7,2.1,0.2,172,12,0,29.77,-0.1,0,0,0,39.9,44.1,48.2,0.38,0.31,0.37
BELL,2019-11-08 19:55:00 EST,43.78962,-76.11373,475,27.5,28.5,27.5,79.7,22.0,0.000,0.000,0.00,0.000,2.3,8.3,2.3,202,11,2.7,9.0,2.4,199,13,2.7,9.0,2.4,199,13,0,29.77,-0.0,0,0,0,39.9,44.1,48.2,0.38,0.31,0.37
BELL,2019-11-08 20:00:00 EST,43.78962,-76.11373,475,27.2,27.8,21.4,79.1,21.6,0.000,0.000,0.00,0.000,4.7,8.0,1.1,190,8,5.0,8.7,1.1,188,6,5.0,8.7,1.1,188,6,0,29.77,-0.0,0,0,0,39.9,44.0,48.2,0.38,0.31,0.37
BELL,2019-11-08 20:05:00 EST,43.78962,-76.11373,475,27.3,27.6,21.1,79.6,21.8,0.000,0.000,0.00,0.000,5.2,8.8,1.3,191,10,5.5,9.2,1.3,189,9,5.5,9.2,1.3,189,9,0,29.77,-0.0,0,0,0,39.9,44.1,48.2,0.38,0.31,0.37
BELL,2019-11-08 20:10:00 EST,43.78962,-76.11373,475,27.0,27.2,20.2,80.4,21.8,0.000,0.000,0.00,0.000,5.6,8.5,1.0,170,12,6.1,8.8,1.2,169,11,6.1,8.8,1.2,169,11,0,29.77,-0.0,0,0,0,39.9,44.1,48.1,0.38,0.31,0.37
BELL,2019-11-08 20:15:00 EST,43.78962,-76.11373,475,26.9,27.0,21.5,80.4,21.7,0.000,0.000,0.00,0.000,4.2,7.6,1.4,155,16,4.6,7.9,1.3,154,15,4.6,7.9,1.3,154,15,0,29.77,0.0,0,0,0,39.8,44.0,48.2,0.38,0.31,0.37
BELL,2019-11-08 20:20:00 EST,43.78962,-76.11373,475,27.0,27.1,20.9,81.3,22.0,0.000,0.000,0.00,0.000,5.0,6.6,0.7,160,13,5.3,7.6,1.0,160,12,5.3,7.6,1.0,160,12,0,29.77,0.0,0,0,0,39.7,44.0,48.2,0.38,0.31,0.37
BELL,2019-11-08 20:25:00 EST,43.78962,-76.11373,475,27.1,27.1,20.6,80.7,22.0,0.000,0.000,0.00,0.000,5.4,7.5,1.0,162,9,5.8,7.7,0.9,160,9,5.8,7.7,0.9,160,9,0,29.77,-0.0,0,0,0,39.7,44.0,48.1,0.38,0.31,0.38
BELL,2019-11-08 20:30:00 EST,43.78962,-76.11373,475,27.1,27.2,20.6,80.2,21.8,0.000,0.000,0.00,0.000,5.2,8.0,1.0,165,9,5.7,8.0,0.9,164,10,5.7,8.0,0.9,164,10,0,29.77,-0.0,0,0,0,39.7,44.1,48.1,0.38,0.31,0.38
BELL,2019-11-08 20:35:00 EST,43.78962,-76.11373,475,26.9,26.9,20.2,80.7,21.7,0.000,0.000,0.00,0.000,5.5,7.7,0.8,161,11,5.9,8.6,1.0,160,11,5.9,8.6,1.0,160,11,0,29.77,0.0,0,0,0,39.6,44.0,48.2,0.38,0.31,0.37
BELL,2019-11-08 20:40:00 EST,43.78962,-76.11373,475,26.8,26.9,20.7,80.7,21.6,0.000,0.000,0.00,0.000,4.9,7.1,0.8,164,9,5.3,7.2,0.8,160,9,5.3,7.2,0.8,160,9,0,29.77,0.0,0,0,0,39.6,44.1,48.1,0.38,0.31,0.37
BELL,2019-11-08 20:45:00 EST,43.78962,-76.11373,475,26.8,27.0,21.1,80.3,21.6,0.000,0.000,0.00,0.000,4.5,6.6,1.2,160,13,4.9,7.4,1.3,158,13,4.9,7.4,1.3,158,13,0,29.77,0.0,0,0,0,39.6,44.0,48.2,0.38,0.31,0.37
BELL,2019-11-08 20:50:00 EST,43.78962,-76.11373,475,26.8,26.9,21.8,80.3,21.6,0.000,0.000,0.00,0.000,4.0,5.8,1.0,149,10,4.2,5.9,1.0,145,11,4.2,5.9,1.0,145,11,0,29.77,0.0,0,0,0,39.5,44.0,48.2,0.38,0.31,0.37
BELL,2019-11-08 20:55:00 EST,43.78962,-76.11373,475,26.7,26.8,20.9,80.9,21.7,0.000,0.000,0.00,0.000,4.7,5.8,0.5,151,9,5.0,6.3,0.6,147,9,5.0,6.3,0.6,147,9,0,29.77,0.0,0,0,0,39.5,44.1,48.2,0.38,0.31,0.37
BELL,2019-11-08 21:00:00 EST,43.78962,-76.11373,475,26.6,26.6,21.4,81.6,21.7,0.000,0.000,0.00,0.000,4.0,5.5,0.8,148,8,4.3,6.0,0.8,144,7,4.3,6.0,0.8,144,7,0,29.77,-0.0,0,0,0,39.5,44.0,48.2,0.38,0.31,0.37
BELL,2019-11-08 21:05:00 EST,43.78962,-76.11373,475,26.4,26.6,22.1,81.8,21.6,0.000,0.000,0.00,0.000,3.5,5.5,0.8,152,10,3.6,5.4,0.8,149,10,3.6,5.4,0.8,149,10,0,29.77,0.0,0,0,0,39.5,44.1,48.2,0.38,0.31,0.37
BELL,2019-11-08 21:10:00 EST,43.78962,-76.11373,475,26.2,26.5,22.3,82.2,21.5,0.000,0.000,0.00,0.000,3.0,4.8,0.7,166,20,3.3,5.2,0.8,165,21,3.3,5.2,0.8,165,21,0,29.77,0.0,0,0,0,39.6,43.9,48.2,0.38,0.31,0.37
BELL,2019-11-08 21:15:00 EST,43.78962,-76.11373,475,26.2,26.5,26.2,82.3,21.5,0.000,0.000,0.00,0.000,2.6,3.7,0.5,164,15,2.9,4.8,0.7,163,15,2.9,4.8,0.7,163,15,0,29.77,-0.0,0,0,0,39.5,44.0,48.2,0.38,0.31,0.37
BELL,2019-11-08 21:20:00 EST,43.78962,-76.11373,475,25.9,26.3,20.7,83.7,21.6,0.000,0.000,0.00,0.000,3.9,6.2,0.9,172,8,4.2,6.6,1.0,171,8,4.2,6.6,1.0,171,8,0,29.77,0.0,0,0,0,39.5,44.0,48.2,0.38,0.31,0.38
BELL,2019-11-08 21:25:00 EST,43.78962,-76.11373,475,25.9,26.2,20.4,83.8,21.7,0.000,0.000,0.00,0.000,4.2,6.0,0.8,168,8,4.5,6.4,0.8,165,8,4.5,6.4,0.8,165,8,0,29.77,0.0,0,0,0,39.3,44.0,48.1,0.38,0.31,0.37
BELL,2019-11-08 21:30:00 EST,43.78962,-76.11373,475,25.7,26.1,19.9,83.9,21.5,0.000,0.000,0.00,0.000,4.5,6.2,0.8,170,9,4.8,7.0,1.0,170,9,4.8,7.0,1.0,170,9,0,29.77,0.0,0,0,0,39.3,44.0,48.1,0.38,0.31,0.38
BELL,2019-11-08 21:35:00 EST,43.78962,-76.11373,475,25.5,25.9,20.3,84.7,21.5,0.000,0.000,0.00,0.000,3.9,7.0,0.8,158,10,4.2,7.3,1.0,154,10,4.2,7.3,1.0,154,10,0,29.77,0.0,0,0,0,39.3,44.0,48.2,0.38,0.31,0.37
BELL,2019-11-08 21:40:00 EST,43.78962,-76.11373,475,25.3,25.7,19.4,85.4,21.5,0.000,0.000,0.00,0.000,4.5,5.8,0.6,144,9,4.8,6.0,0.6,140,7,4.8,6.0,0.6,140,7,0,29.77,0.0,0,0,0,39.2,43.9,48.1,0.38,0.31,0.37
BELL,2019-11-08 21:45:00 EST,43.78962,-76.11373,475,25.2,25.5,18.9,86.3,21.7,0.000,0.000,0.00,0.000,4.9,7.1,1.1,153,10,5.2,7.8,1.2,150,9,5.2,7.8,1.2,150,9,0,29.77,0.1,0,0,0,39.2,44.0,48.1,0.38,0.31,0.37
BELL,2019-11-08 21:50:00 EST,43.78962,-76.11373,475,25.3,25.5,17.7,87.5,22.1,0.000,0.000,0.00,0.000,6.2,8.9,1.1,152,9,6.7,8.6,1.0,150,8,6.7,8.6,1.0,150,8,0,29.77,0.0,0,0,0,39.2,44.0,48.1,0.38,0.31,0.37
BELL,2019-11-08 21:55:00 EST,43.78962,-76.11373,475,25.4,25.5,18.7,87.9,22.3,0.000,0.000,0.00,0.000,5.2,6.6,0.8,154,7,5.5,7.6,0.8,150,8,5.5,7.6,0.8,150,8,0,29.77,0.0,0,0,0,39.2,44.0,48.2,0.38,0.31,0.37
BELL,2019-11-08 22:00:00 EST,43.78962,-76.11373,475,25.3,25.5,18.5,88.1,22.3,0.000,0.000,0.00,0.000,5.3,6.8,0.6,154,11,5.7,7.3,0.8,151,10,5.7,7.3,0.8,151,10,0,29.77,0.0,0,0,0,39.2,43.9,48.2,0.38,0.31,0.37
BELL,2019-11-08 22:05:00 EST,43.78962,-76.11373,475,25.3,25.5,18.7,88.5,22.3,0.000,0.000,0.00,0.000,5.1,6.9,0.7,153,8,5.5,7.0,0.7,150,8,5.5,7.0,0.7,150,8,0,29.77,0.0,0,0,0,39.2,43.9,48.1,0.38,0.31,0.37
BELL,2019-11-08 22:10:00 EST,43.78962,-76.11373,475,25.4,25.6,18.1,89.0,22.6,0.000,0.000,0.00,0.000,5.9,9.2,1.0,161,9,6.3,9.7,1.1,159,9,6.3,9.7,1.1,159,9,0,29.77,0.0,0,0,0,39.2,44.0,48.2,0.38,0.31,0.37
BELL,2019-11-08 22:15:00 EST,43.78962,-76.11373,475,25.3,25.5,18.3,89.2,22.5,0.000,0.000,0.00,0.000,5.5,7.2,0.8,168,9,5.9,8.1,0.8,167,10,5.9,8.1,0.8,167,10,0,29.77,0.0,0,0,0,39.2,43.9,48.2,0.38,0.31,0.37
BELL,2019-11-08 22:20:00 EST,43.78962,-76.11373,475,25.2,25.6,19.4,89.3,22.5,0.000,0.000,0.00,0.000,4.4,5.6,0.7,156,9,4.8,6.7,0.8,153,10,4.8,6.7,0.8,153,10,0,29.76,0.0,0,0,0,39.1,43.9,48.1,0.38,0.31,0.37
BELL,2019-11-08 22:25:00 EST,43.78962,-76.11373,475,25.3,25.6,19.4,89.3,22.6,0.000,0.000,0.00,0.000,4.4,6.6,0.8,158,8,4.8,7.4,0.8,156,9,4.8,7.4,0.8,156,9,0,29.76,0.0,0,0,0,39.1,44.0,48.1,0.38,0.31,0.37
BELL,2019-11-08 22:30:00 EST,43.78962,-76.11373,475,25.4,25.6,19.6,88.9,22.6,0.000,0.000,0.00,0.000,4.4,6.1,0.7,160,11,4.7,6.6,0.9,157,11,4.7,6.6,0.9,157,11,0,29.76,0.0,0,0,0,39.1,44.0,48.1,0.38,0.31,0.37
BELL,2019-11-08 22:35:00 EST,43.78962,-76.11373,475,25.2,25.5,20.1,88.5,22.3,0.000,0.000,0.00,0.000,4.0,7.6,1.0,149,9,4.1,8.1,1.1,145,9,4.1,8.1,1.1,145,9,0,29.76,0.1,0,0,0,39.0,44.0,48.1,0.38,0.31,0.37
BELL,2019-11-08 22:40:00 EST,43.78962,-76.11373,475,25.3,25.5,19.6,88.4,22.3,0.000,0.000,0.00,0.000,4.3,6.9,1.1,154,11,4.6,7.4,1.2,151,11,4.6,7.4,1.2,151,11,0,29.76,0.0,0,0,0,39.0,43.9,48.2,0.38,0.31,0.37
BELL,2019-11-08 22:45:00 EST,43.78962,-76.11373,475,25.2,25.5,18.9,88.4,22.3,0.000,0.000,0.00,0.000,4.8,7.6,1.1,161,10,5.2,8.6,1.3,160,11,5.2,8.6,1.3,160,11,0,29.76,0.1,0,0,0,39.0,43.9,48.2,0.38,0.31,0.37
BELL,2019-11-08 22:50:00 EST,43.78962,-76.11373,475,25.2,25.4,19.0,88.0,22.1,0.000,0.000,0.00,0.000,4.6,7.1,1.1,159,14,5.0,7.4,1.1,156,14,5.0,7.4,1.1,156,14,0,29.76,0.1,0,0,0,39.0,43.9,48.0,0.38,0.31,0.37
BELL,2019-11-08 22:55:00 EST,43.78962,-76.11373,475,25.1,25.4,17.7,88.2,22.1,0.000,0.000,0.00,0.000,5.9,8.8,1.2,157,12,6.4,10.1,1.2,155,11,6.4,10.1,1.2,155,11,0,29.76,0.1,0,0,0,38.9,43.9,48.1,0.38,0.31,0.37
BELL,2019-11-08 23:00:00 EST,43.78962,-76.11373,475,25.0,25.3,17.2,88.1,22.0,0.000,0.000,0.00,0.000,6.4,8.5,1.1,146,8,6.9,9.0,1.0,144,8,6.9,9.0,1.0,144,8,0,29.76,0.1,0,0,0,38.9,43.9,48.1,0.38,0.31,0.37
BELL,2019-11-08 23:05:00 EST,43.78962,-76.11373,475,25.1,25.3,17.8,88.6,22.2,0.000,0.000,0.00,0.000,5.8,7.9,1.1,151,11,6.2,8.3,1.2,147,10,6.2,8.3,1.2,147,10,0,29.76,0.1,0,0,0,38.9,43.9,48.1,0.38,0.31,0.37
BELL,2019-11-08 23:10:00 EST,43.78962,-76.11373,475,25.1,25.3,18.9,88.5,22.2,0.000,0.000,0.00,0.000,4.8,6.9,0.9,150,12,5.1,7.3,1.0,149,10,5.1,7.3,1.0,149,10,0,29.76,0.1,0,0,0,38.8,43.9,48.2,0.37,0.31,0.37
BELL,2019-11-08 23:15:00 EST,43.78962,-76.11373,475,25.1,25.3,18.3,88.4,22.1,0.000,0.000,0.00,0.000,5.1,7.5,1.1,141,13,5.6,8.3,1.1,139,11,5.6,8.3,1.1,139,11,0,29.76,0.1,0,0,0,38.7,43.9,48.1,0.38,0.31,0.38
BELL,2019-11-08 23:20:00 EST,43.78962,-76.11373,475,25.0,25.2,18.4,88.2,22.0,0.000,0.000,0.00,0.000,5.1,6.9,0.8,148,11,5.4,7.3,0.9,144,10,5.4,7.3,0.9,144,10,0,29.76,0.0,0,0,0,38.8,43.9,48.0,0.38,0.31,0.38
BELL,2019-11-08 23:25:00 EST,43.78962,-76.11373,475,24.9,25.2,17.6,88.5,22.0,0.000,0.000,0.00,0.000,5.8,7.5,0.8,147,8,6.2,8.4,0.8,144,8,6.2,8.4,0.8,144,8,0,29.76,0.0,0,0,0,38.6,44.0,48.0,0.38,0.31,0.38
BELL,2019-11-08 23:30:00 EST,43.78962,-76.11373,475,24.8,25.1,18.4,88.4,21.9,0.000,0.000,0.00,0.000,4.9,6.8,0.8,152,10,5.2,7.5,0.8,150,9,5.2,7.5,0.8,150,9,0,29.76,0.1,0,0,0,38.7,43.9,47.9,0.38,0.31,0.38
BELL,2019-11-08 23:35:00 EST,43.78962,-76.11373,475,24.8,25.1,18.3,88.2,21.8,0.000,0.000,0.00,0.000,5.0,7.8,1.1,148,11,5.3,8.0,1.1,146,12,5.3,8.0,1.1,146,12,0,29.76,0.1,0,0,0,38.7,43.9,47.9,0.38,0.31,0.37
BELL,2019-11-08 23:40:00 EST,43.78962,-76.11373,475,24.7,25.0,17.7,88.5,21.8,0.000,0.000,0.00,0.000,5.4,8.9,1.1,159,9,5.7,8.7,1.1,156,9,5.7,8.7,1.1,156,9,0,29.76,0.1,0,0,0,38.6,43.9,48.0,0.38,0.31,0.37
BELL,2019-11-08 23:45:00 EST,43.78962,-76.11373,475,24.5,24.9,18.3,88.7,21.6,0.000,0.000,0.00,0.000,4.7,6.4,1.0,152,13,5.0,6.8,0.9,149,14,5.0,6.8,0.9,149,14,0,29.76,0.1,0,0,0,38.6,43.9,47.9,0.38,0.31,0.37
BELL,2019-11-08 23:50:00 EST,43.78962,-76.11373,475,24.5,24.8,17.1,89.0,21.8,0.000,0.000,0.00,0.000,5.7,8.8,1.0,165,11,6.2,9.6,1.1,163,11,6.2,9.6,1.1,163,11,0,29.76,0.1,0,0,0,38.6,43.9,48.0,0.38,0.31,0.37
BELL,2019-11-08 23:55:00 EST,43.78962,-76.11373,475,24.4,24.7,19.0,89.2,21.7,0.000,0.000,0.00,0.000,3.9,6.9,1.2,158,14,4.2,8.3,1.3,158,14,4.2,8.3,1.3,158,14,0,29.76,0.1,0,0,0,38.6,43.9,47.9,0.37,0.31,0.37
BELM,2019-11-08 00:00:00 EST,42.24249,-78.03958,1370,27.6,27.3,27.6,96.1,26.6,0.000,0.198,0.00,0.011,0.0,0.0,0.0,0,0,0.2,1.4,0.4,337,14,0.2,1.4,0.4,337,14,0,28.64,0.2,0,0,0,43.0,47.2,49.6,0.35,0.31,0.33
BELM,2019-11-08 00:05:00 EST,42.24249,-78.03958,1370,27.5,27.1,27.5,96.0,26.5,0.000,0.000,0.00,0.009,0.3,1.0,0.4,246,0,0.5,1.4,0.5,261,11,0.5,1.4,0.5,261,11,0,28.64,0.2,0,0,0,43.0,47.2,49.6,0.35,0.31,0.33
BELM,2019-11-08 00:10:00 EST,42.24249,-78.03958,1370,27.4,27.1,27.4,95.6,26.3,0.000,0.000,0.00,0.009,0.1,0.9,0.2,226,8,0.4,1.2,0.4,233,15,0.4,1.2,0.4,233,15,0,28.64,0.2,0,0,0,43.0,47.1,49.6,0.35,0.31,0.33
BELM,2019-11-08 00:15:00 EST,42.24249,-78.03958,1370,27.2,27.0,27.2,94.9,25.9,0.000,0.000,0.00,0.009,0.9,2.6,0.9,199,12,0.9,2.7,0.8,198,16,0.9,2.7,0.8,198,16,0,28.64,0.4,0,0,0,43.0,47.1,49.6,0.35,0.31,0.33
BELM,2019-11-08 00:20:00 EST,42.24249,-78.03958,1370,27.0,27.0,27.0,94.5,25.6,0.000,0.000,0.00,0.009,1.0,2.0,0.5,170,21,1.2,2.3,0.4,165,30,1.2,2.3,0.4,165,30,0,28.64,0.3,0,0,0,43.0,47.2,49.6,0.35,0.31,0.33
BELM,2019-11-08 00:25:00 EST,42.24249,-78.03958,1370,26.8,26.8,26.8,95.3,25.7,0.000,0.000,0.00,0.009,1.3,1.7,0.2,100,8,1.5,2.0,0.2,98,10,1.5,2.0,0.2,98,10,0,28.64,0.4,0,0,0,43.0,47.1,49.6,0.35,0.31,0.33
BELM,2019-11-08 00:30:00 EST,42.24249,-78.03958,1370,26.8,26.7,26.8,95.3,25.6,0.000,0.000,0.00,0.005,0.1,1.0,0.3,91,0,0.3,1.4,0.4,88,6,0.3,1.4,0.4,88,6,0,28.64,0.5,0,0,0,43.0,47.1,49.6,0.35,0.31,0.33
BELM,2019-11-08 00:35:00 EST,42.24249,-78.03958,1370,26.9,26.8,26.9,95.3,25.8,0.000,0.000,0.00,0.002,0.0,0.0,0.0,0,0,0.0,0.7,0.1,306,0,0.0,0.7,0.1,306,0,0,28.64,0.4,0,0,0,43.0,47.1,49.6,0.35,0.31,0.33
BELM,2019-11-08 00:40:00 EST,42.24249,-78.03958,1370,27.0,26.7,27.0,96.0,26.0,0.000,0.000,0.00,0.000,0.0,0.0,0.0,0,0,0.0,0.7,0.1,273,3,0.0,0.7,0.1,273,3,0,28.64,0.3,0,0,0,42.8,47.1,49.6,0.35,0.31,0.33
BELM,2019-11-08 00:45:00 EST,42.24249,-78.03958,1370,27.2,26.8,27.2,96.3,26.3,0.007,0.007,0.00,0.007,0.3,1.5,0.5,308,11,0.5,2.1,0.5,301,16,0.5,2.1,0.5,301,16,0,28.64,,0,0,0,42.8,47.1,49.6,0.35,0.31,0.33
BELM,2019-11-08 00:50:00 EST,42.24249,-78.03958,1370,27.3,26.9,27.3,96.6,26.4,0.008,0.015,0.00,0.015,1.9,3.5,0.6,278,28,1.8,4.6,0.7,280,28,1.8,4.6,0.7,280,28,0,28.64,1.2,0,0,0,42.8,47.1,49.6,0.35,0.31,0.33
BELM,2019-11-08 00:55:00 EST,42.24249,-78.03958,1370,27.3,26.9,27.3,96.6,26.5,0.007,0.023,0.00,0.023,1.7,3.0,0.4,310,11,1.0,2.1,0.4,317,9,1.0,2.1,0.4,317,9,0,28.64,-0.2,0,0,0,42.8,47.1,49.6,0.35,0.31,0.33
BELM,2019-11-08 01:00:00 EST,42.24249,-78.03958,1370,27.3,26.9,27.3,96.8,26.5,0.002,0.024,0.00,0.024,2.3,3.9,0.8,342,14,2.3,4.9,0.8,348,17,2.3,4.9,0.8,348,17,0,28.64,-0.1,0,0,0,42.8,47.1,49.6,0.35,0.31,0.33
BELM,2019-11-08 01:05:00 EST,42.24249,-78.03958,1370,27.4,27.0,27.4,97.0,26.6,0.000,0.024,0.00,0.024,3.6,7.2,1.2,320,23,2.5,6.9,1.2,318,27,2.5,6.9,1.2,318,27,0,28.64,0.0,0,0,0,42.8,47.1,49.6,0.35,0.31,0.33
BELM,2019-11-08 01:10:00 EST,42.24249,-78.03958,1370,27.4,27.1,27.4,96.8,26.6,0.000,0.024,0.00,0.024,4.3,7.6,1.2,329,13,2.8,6.5,1.5,332,17,2.8,6.5,1.5,332,17,0,28.64,-0.1,0,0,0,42.8,47.1,49.6,0.35,0.31,0.33
BELM,2019-11-08 01:15:00 EST,42.24249,-78.03958,1370,27.4,27.1,22.8,96.8,26.6,0.000,0.024,0.00,0.024,4.0,7.7,1.8,341,17,4.0,7.6,1.6,346,14,4.0,7.6,1.6,346,14,0,28.65,-0.5,0,0,0,42.8,47.1,49.6,0.35,0.31,0.33
BELM,2019-11-08 01:20:00 EST,42.24249,-78.03958,1370,27.4,27.2,23.2,96.7,26.6,0.000,0.024,0.00,0.024,4.3,7.2,1.0,337,14,3.7,8.4,1.4,343,15,3.7,8.4,1.4,343,15,0,28.65,-0.1,0,0,0,42.8,47.1,49.6,0.35,0.31,0.33
BELM,2019-11-08 01:25:00 EST,42.24249,-78.03958,1370,27.3,27.1,23.8,96.5,26.5,0.000,0.024,0.00,0.024,3.8,6.7,1.0,336,20,3.2,7.2,1.3,343,21,3.2,7.2,1.3,343,21,0,28.65,0.0,0,0,0,42.8,47.1,49.6,0.35,0.31,0.33
BELM,2019-11-08 01:30:00 EST,42.24249,-78.03958,1370,27.5,27.3,22.9,96.3,26.6,0.000,0.024,0.00,0.024,5.0,8.3,1.5,332,15,4.0,8.8,1.8,338,17,4.0,8.8,1.8,338,17,0,28.65,-0.1,0,0,0,42.8,47.1,49.6,0.35,0.31,0.33
BELM,2019-11-08 01:35:00 EST,42.24249,-78.03958,1370,27.6,27.5,23.5,95.8,26.6,0.000,0.024,0.00,0.024,5.0,8.8,1.6,321,17,3.6,7.9,1.4,326,19,3.6,7.9,1.4,326,19,0,28.65,-0.2,0,0,0,42.8,47.1,49.6,0.35,0.31,0.33
BELM,2019-11-08 01:40:00 EST,42.24249,-78.03958,1370,27.5,27.4,27.5,95.1,26.3,0.000,0.024,0.00,0.024,4.3,6.6,1.2,321,13,2.9,6.4,1.1,321,14,2.9,6.4,1.1,321,14,0,28.65,-0.2,0,0,0,42.8,47.1,49.6,0.35,0.31,0.33
BELM,2019-11-08 01:45:00 EST,42.24249,-78.03958,1370,27.6,27.4,23.3,95.0,26.3,0.000,0.024,0.00,0.017,4.9,8.5,1.2,326,16,3.7,7.6,1.2,330,15,3.7,7.6,1.2,330,15,0,28.65,-0.2,0,0,0,42.8,47.1,49.6,0.35,0.31,0.33
BELM,2019-11-08 01:50:00 EST,42.24249,-78.03958,1370,27.5,27.3,22.9,95.2,26.3,0.000,0.024,0.00,0.009,4.8,8.0,1.6,331,19,4.1,8.4,1.7,337,15,4.1,8.4,1.7,337,15,0,28.65,-0.2,0,0,0,42.8,47.1,49.6,0.35,0.31,0.33
BELM,2019-11-08 01:55:00 EST,42.24249,-78.03958,1370,27.5,27.2,22.7,94.8,26.2,0.000,0.024,0.00,0.002,4.1,8.7,1.7,339,19,4.1,9.2,1.7,345,19,4.1,9.2,1.7,345,19,0,28.65,-0.4,0,0,0,42.8,47.1,49.6,0.35,0.31,0.33
BELM,2019-11-08 02:00:00 EST,42.24249,-78.03958,1370,27.4,27.2,21.8,94.6,26.0,0.000,0.024,0.00,0.000,6.1,12.8,1.9,328,12,4.8,8.9,1.7,333,14,4.8,8.9,1.7,333,14,0,28.65,-0.3,0,0,0,42.8,47.1,49.6,0.35,0.31,0.33
BELM,2019-11-08 02:05:00 EST,42.24249,-78.03958,1370,27.3,27.1,21.2,94.6,25.9,0.000,0.024,0.00,0.000,5.8,9.2,1.5,336,16,5.3,11.5,1.8,341,14,5.3,11.5,1.8,341,14,0,28.65,-0.2,0,0,0,42.8,47.1,49.6,0.35,0.31,0.33
BELM,2019-11-08 02:10:00 EST,42.24249,-78.03958,1370,27.1,26.9,20.8,94.9,25.8,0.000,0.024,0.00,0.000,5.9,8.9,1.2,335,13,5.5,11.3,2.0,341,15,5.5,11.3,2.0,341,15,0,28.65,-0.5,0,0,0,42.8,47.1,49.6,0.35,0.31,0.33
BELM,2019-11-08 02:15:00 EST,42.24249,-78.03958,1370,27.0,26.8,21.1,94.8,25.7,0.000,0.024,0.00,0.000,5.3,11.8,2.2,337,13,5.1,13.3,2.3,341,13,5.1,13.3,2.3,341,13,0,28.65,-0.3,0,0,0,42.8,47.1,49.6,0.35,0.31,0.33
BELM,2019-11-08 02:20:00 EST,42.24249,-78.03958,1370,27.0,26.8,19.0,94.9,25.7,0.000,0.024,0.00,0.000,8.0,13.7,2.2,328,19,7.6,15.4,2.1,335,18,7.6,15.4,2.1,335,18,0,28.65,-0.3,0,0,0,42.8,47.1,49.6,0.35,0.31,0.33
BELM,2019-11-08 02:25:00 EST,42.24249,-78.03958,1370,26.8,26.7,18.5,94.8,25.5,0.000,0.024,0.00,0.000,7.6,13.1,2.1,335,15,8.0,15.3,2.5,346,11,8.0,15.3,2.5,346,11,0,28.65,0.3,0,0,0,42.8,47.1,49.6,0.35,0.31,0.33
BELM,2019-11-08 02:30:00 EST,42.24249,-78.03958,1370,26.7,26.5,17.3,94.9,25.4,0.000,0.024,0.00,0.000,8.8,14.2,2.0,341,13,9.8,16.1,2.3,349,7,9.8,16.1,2.3,349,7,0,28.65,0.3,0,0,0,42.8,47.1,49.6,0.35,0.31,0.33
BELM,2019-11-08 02:35:00 EST,42.24249,-78.03958,1370,26.5,26.4,17.7,95.0,25.3,0.000,0.024,0.00,0.000,8.1,14.4,2.1,336,11,8.8,16.1,2.6,346,9,8.8,16.1,2.6,346,9,0,28.66,0.3,0,0,0,42.8,47.1,49.6,0.35,0.31,0.33
BELM,2019-11-08 02:40:00 EST,42.24249,-78.03958,1370,26.4,26.3,18.1,95.2,25.3,0.000,0.024,0.00,0.000,7.6,11.3,1.4,334,12,8.0,12.1,1.8,344,10,8.0,12.1,1.8,344,10,0,28.66,0.8,0,0,0,42.7,47.1,49.6,0.35,0.31,0.33
BELM,2019-11-08 02:45:00 EST,42.24249,-78.03958,1370,26.3,26.2,19.0,95.1,25.1,0.000,0.024,0.00,0.000,6.2,8.6,1.3,335,11,6.5,9.9,1.6,344,10,6.5,9.9,1.6,344,10,0,28.66,0.7,0,0,0,42.7,47.1,49.6,0.35,0.31,0.33
BELM,2019-11-08 02:50:00 EST,42.24249,-78.03958,1370,26.2,26.1,18.9,95.2,25.0,0.000,0.024,0.00,0.000,5.8,10.2,1.7,343,17,6.4,10.9,1.7,350,10,6.4,10.9,1.7,350,10,0,28.66,0.7,0,0,0,42.6,47.1,49.6,0.35,0.31,0.33
BELM,2019-11-08 02:55:00 EST,42.24249,-78.03958,1370,25.8,25.8,19.1,94.8,24.5,0.000,0.024,0.00,0.000,5.2,10.1,1.9,343,23,5.8,11.2,1.9,349,10,5.8,11.2,1.9,349,10,0,28.66,0.6,0,0,0,42.6,47.1,49.6,0.35,0.31,0.33
BELM,2019-11-08 03:00:00 EST,42.24249,-78.03958,1370,25.6,25.7,19.0,94.5,24.2,0.000,0.024,0.00,0.000,4.9,7.7,1.1,348,15,5.6,8.3,1.1,354,8,5.6,8.3,1.1,354,8,0,28.66,-0.0,0,0,0,42.6,47.1,49.6,0.35,0.31,0.33
BELM,2019-11-08 03:05:00 EST,42.24249,-78.03958,1370,25.5,25.6,18.6,94.6,24.1,0.000,0.024,0.00,0.000,4.9,8.3,1.6,347,20,5.8,9.5,1.6,352,10,5.8,9.5,1.6,352,10,0,28.66,0.6,0,0,0,42.6,47.1,49.6,0.35,0.31,0.33
BELM,2019-11-08 03:10:00 EST,42.24249,-78.03958,1370,25.5,25.6,18.7,94.7,24.2,0.000,0.024,0.00,0.000,5.2,9.4,1.8,344,17,5.8,10.7,2.0,349,13,5.8,10.7,2.0,349,13,0,28.66,0.6,0,0,0,42.6,47.0,49.6,0.35,0.31,0.33
BELM,2019-11-08 03:15:00 EST,42.24249,-78.03958,1370,25.1,25.4,18.9,94.4,23.7,0.000,0.024,0.00,0.000,4.1,6.3,0.8,340,11,5.0,7.1,0.9,346,9,5.0,7.1,0.9,346,9,0,28.66,0.3,0,0,0,42.6,47.0,49.6,0.35,0.31,0.33
BELM,2019-11-08 03:20:00 EST,42.24249,-78.03958,1370,25.4,25.4,21.2,94.8,24.1,0.000,0.024,0.00,0.000,3.3,4.9,0.8,328,11,3.4,6.0,1.0,334,13,3.4,6.0,1.0,334,13,0,28.66,-0.1,0,0,0,42.6,46.9,49.6,0.35,0.31,0.33
BELM,2019-11-08 03:25:00 EST,42.24249,-78.03958,1370,25.8,25.6,25.8,95.6,24.7,0.000,0.024,0.00,0.000,2.6,3.7,0.4,306,14,2.6,4.2,0.5,307,13,2.6,4.2,0.5,307,13,0,28.66,-0.1,0,0,0,42.6,46.9,49.6,0.35,0.31,0.33
BELM,2019-11-08 03:30:00 EST,42.24249,-78.03958,1370,25.9,25.6,25.9,95.9,24.9,0.000,0.024,0.00,0.000,2.7,3.9,0.5,303,9,2.4,3.4,0.4,306,8,2.4,3.4,0.4,306,8,0,28.66,-0.3,0,0,0,42.6,46.9,49.6,0.35,0.31,0.33
BELM,2019-11-08 03:35:00 EST,42.24249,-78.03958,1370,25.9,25.6,25.9,95.9,24.9,0.000,0.024,0.00,0.000,2.2,3.7,0.5,305,16,2.2,3.8,0.5,310,18,2.2,3.8,0.5,310,18,0,28.66,-0.3,0,0,0,42.6,46.9,49.6,0.35,0.31,0.33
BELM,2019-11-08 03:40:00 EST,42.24249,-78.03958,1370,26.0,25.6,26.0,95.9,25.0,0.000,0.024,0.00,0.000,2.3,5.1,0.8,322,10,2.4,5.9,1.0,326,13,2.4,5.9,1.0,326,13,0,28.67,-0.3,0,0,0,42.5,46.9,49.6,0.35,0.31,0.33
BELM,2019-11-08 03:45:00 EST,42.24249,-78.03958,1370,25.9,25.6,21.9,95.7,24.8,0.000,0.024,0.00,0.000,3.2,5.0,0.8,325,11,3.3,6.1,1.0,331,14,3.3,6.1,1.0,331,14,0,28.67,-0.3,0,0,0,42.4,46.9,49.6,0.35,0.31,0.33
BELM,2019-11-08 03:50:00 EST,42.24249,-78.03958,1370,25.8,25.6,20.7,95.4,24.6,0.000,0.024,0.00,0.000,3.7,6.1,0.9,331,12,4.1,7.4,1.2,338,12,4.1,7.4,1.2,338,12,0,28.67,-0.3,0,0,0,42.4,46.9,49.6,0.35,0.31,0.33
BELM,2019-11-08 03:55:00 EST,42.24249,-78.03958,1370,25.6,25.5,19.3,94.9,24.3,0.000,0.024,0.00,0.000,4.7,8.3,1.2,335,15,5.3,10.2,1.4,343,15,5.3,10.2,1.4,343,15,0,28.67,-0.2,0,0,0,42.4,46.9,49.6,0.35,0.31,0.33
BELM,2019-11-08 04:00:00 EST,42.24249,-78.03958,1370,25.5,25.5,17.9,94.4,24.1,0.000,0.024,0.00,0.000,5.8,10.6,1.9,340,17,6.7,13.3,2.3,347,15,6.7,13.3,2.3,347,15,0,28.66,-0.2,0,0,0,42.4,46.9,49.6,0.35,0.31,0.33
BELM,2019-11-08 04:05:00 EST,42.24249,-78.03958,1370,25.2,25.3,17.5,93.8,23.7,0.000,0.024,0.00,0.000,6.2,11.5,2.3,337,13,6.8,14.3,2.5,345,12,6.8,14.3,2.5,345,12,0,28.67,-0.1,0,0,0,42.4,46.9,49.6,0.35,0.31,0.33
BELM,2019-11-08 04:10:00 EST,42.24249,-78.03958,1370,25.2,25.2,18.0,93.8,23.6,0.000,0.024,0.00,0.000,5.7,9.6,1.5,335,13,6.1,12.2,1.9,342,12,6.1,12.2,1.9,342,12,0,28.67,-0.0,0,0,0,42.4,46.9,49.6,0.35,0.31,0.33
BELM,2019-11-08 04:15:00 EST,42.24249,-78.03958,1370,25.2,25.1,17.1,94.0,23.7,0.000,0.024,0.00,0.000,6.5,9.4,1.1,336,10,7.2,10.4,1.7,345,10,7.2,10.4,1.7,345,10,0,28.67,-0.1,0,0,0,42.4,46.9,49.6,0.35,0.31,0.33
BELM,2019-11-08 04:20:00 EST,42.24249,-78.03958,1370,25.3,25.1,17.2,94.2,23.9,0.000,0.024,0.00,0.000,6.1,9.9,1.6,339,12,7.2,11.1,1.8,347,11,7.2,11.1,1.8,347,11,0,28.67,-0.1,0,0,0,42.4,46.9,49.6,0.35,0.31,0.33
BELM,2019-11-08 04:25:00 EST,42.24249,-78.03958,1370,25.2,25.1,17.8,93.9,23.7,0.000,0.024,0.00,0.000,6.0,8.5,1.3,336,11,6.4,10.8,1.8,343,10,6.4,10.8,1.8,343,10,0,28.67,-0.1,0,0,0,42.4,46.9,49.6,0.35,0.31,0.33
BELM,2019-11-08 04:30:00 EST,42.24249,-78.03958,1370,25.0,24.9,18.4,93.6,23.4,0.000,0.024,0.00,0.000,4.9,9.4,1.4,338,11,5.5,11.4,1.8,346,10,5.5,11.4,1.8,346,10,0,28.67,0.0,0,0,0,42.4,46.9,49.6,0.35,0.31,0.33
BELM,2019-11-08 04:35:00 EST,42.24249,-78.03958,1370,25.0,24.9,18.1,93.5,23.4,0.000,0.024,0.00,0.000,5.6,9.2,1.5,331,14,5.8,10.9,1.9,339,14,5.8,10.9,1.9,339,14,0,28.67,0.1,0,0,0,42.4,46.9,49.6,0.35,0.31,0.33
BELM,2019-11-08 04:40:00 EST,42.24249,-78.03958,1370,25.0,24.8,19.4,93.5,23.3,0.000,0.024,0.00,0.000,4.1,8.2,1.4,337,13,4.4,10.1,1.8,343,13,4.4,10.1,1.8,343,13,0,28.68,-0.1,0,0,0,42.4,46.9,49.6,0.35,0.31,0.33
BELM,2019-11-08 04:45:00 EST,42.24249,-78.03958,1370,24.9,24.8,18.9,93.6,23.3,0.000,0.024,0.00,0.000,4.5,6.5,0.9,336,8,4.9,7.5,1.2,344,8,4.9,7.5,1.2,344,8,0,28.68,-0.1,0,0,0,42.4,46.9,49.5,0.35,0.31,0.33
BELM,2019-11-08 04:50:00 EST,42.24249,-78.03958,1370,24.9,24.7,19.0,93.6,23.3,0.000,0.024,0.00,0.000,4.0,8.7,1.6,340,15,4.7,10.2,1.9,348,13,4.7,10.2,1.9,348,13,0,28.68,-0.1,0,0,0,42.4,46.9,49.6,0.35,0.31,0.33
BELM,2019-11-08 04:55:00 EST,42.24249,-78.03958,1370,25.0,24.8,18.8,93.2,23.3,0.000,0.024,0.00,0.000,4.7,7.9,1.3,334,12,5.0,9.7,1.7,341,11,5.0,9.7,1.7,341,11,0,28.68,0.1,0,0,0,42.4,46.9,49.5,0.35,0.31,0.33
BELM,2019-11-08 05:00:00 EST,42.24249,-78.03958,1370,25.0,24.8,19.7,93.0,23.3,0.000,0.024,0.00,0.000,4.1,5.4,0.7,332,12,4.2,6.7,1.0,340,13,4.2,6.7,1.0,340,13,0,28.68,0.2,0,0,0,42.4,46.9,49.5,0.35,0.31,0.33
BELM,2019-11-08 05:05:00 EST,42.24249,-78.03958,1370,25.1,24.8,20.1,93.2,23.4,0.000,0.024,0.00,0.000,4.1,6.1,1.0,330,12,4.0,7.5,1.3,337,14,4.0,7.5,1.3,337,14,0,28.69,0.4,0,0,0,42.4,46.9,49.5,0.35,0.31,0.33
BELM,2019-11-08 05:10:00 EST,42.24249,-78.03958,1370,25.2,24.9,19.3,92.8,23.4,0.000,0.024,0.00,0.000,4.6,8.8,1.3,332,11,4.8,10.8,1.7,342,11,4.8,10.8,1.7,342,11,0,28.69,0.6,0,0,0,42.4,46.9,49.5,0.35,0.31,0.33
BELM,2019-11-08 05:15:00 EST,42.24249,-78.03958,1370,25.1,24.9,18.5,91.7,23.0,0.000,0.024,0.00,0.000,5.3,7.5,1.2,331,14,5.5,9.2,1.4,339,13,5.5,9.2,1.4,339,13,0,28.69,0.9,0,0,0,42.4,46.9,49.5,0.35,0.31,0.33
BELM,2019-11-08 05:20:00 EST,42.24249,-78.03958,1370,24.8,24.7,19.3,91.2,22.6,0.000,0.024,0.00,0.000,4.1,6.6,1.1,333,10,4.4,8.4,1.4,341,12,4.4,8.4,1.4,341,12,0,28.69,1.0,0,0,0,42.3,46.9,49.5,0.35,0.31,0.33
BELM,2019-11-08 05:25:00 EST,42.24249,-78.03958,1370,24.7,24.7,17.7,90.7,22.3,0.000,0.024,0.00,0.000,5.5,9.1,1.4,327,14,5.8,11.4,1.7,334,15,5.8,11.4,1.7,334,15,0,28.69,0.9,0,0,0,42.3,46.9,49.5,0.35,0.31,0.33
BELM,2019-11-08 05:30:00 EST,42.24249,-78.03958,1370,24.3,24.4,18.0,90.6,21.9,0.000,0.024,0.00,0.000,4.5,6.1,1.0,335,15,5.0,8.2,1.3,343,12,5.0,8.2,1.3,343,12,0,28.70,0.8,0,0,0,42.3,46.9,49.5,0.35,0.31,0.33
BELM,2019-11-08 05:35:00 EST,42.24249,-78.03958,1370,24.0,24.2,19.3,91.0,21.8,0.000,0.024,0.00,0.000,3.6,6.4,1.0,331,15,3.7,7.2,1.2,339,15,3.7,7.2,1.2,339,15,0,28.70,0.9,0,0,0,42.3,46.9,49.5,0.35,0.31,0.33
BELM,2019-11-08 05:40:00 EST,42.24249,-78.03958,1370,24.2,24.3,19.1,91.7,22.2,0.000,0.024,0.00,0.000,4.4,7.5,1.2,322,17,4.0,6.2,1.0,327,14,4.0,6.2,1.0,327,14,0,28.70,0.9,0,0,0,42.3,46.9,49.5,0.35,0.31,0.33
BELM,2019-11-08 05:45:00 EST,42.24249,-78.03958,1370,24.4,24.3,20.0,92.2,22.5,0.000,0.024,0.00,0.000,3.5,4.9,0.7,325,16,3.5,6.5,0.8,330,18,3.5,6.5,0.8,330,18,0,28.70,0.9,0,0,0,42.3,46.9,49.5,0.35,0.31,0.33
BELM,2019-11-08 05:50:00 EST,42.24249,-78.03958,1370,24.7,24.5,19.1,92.4,22.8,0.000,0.024,0.00,0.000,4.7,11.5,2.7,313,14,4.5,9.8,2.1,316,17,4.5,9.8,2.1,316,17,0,28.71,1.0,0,0,0,42.3,46.9,49.5,0.35,0.31,0.33
BELM,2019-11-08 05:55:00 EST,42.24249,-78.03958,1370,24.6,24.6,18.4,90.7,22.3,0.000,0.024,0.00,0.000,5.5,9.2,1.4,316,15,5.1,8.3,1.2,321,15,5.1,8.3,1.2,321,15,0,28.71,1.0,0,0,0,42.3,46.8,49.5,0.35,0.31,0.33
BELM,2019-11-08 06:00:00 EST,42.24249,-78.03958,1370,24.5,24.5,19.5,90.2,22.0,0.000,0.024,0.00,0.000,3.8,7.9,1.7,318,17,3.9,7.7,1.5,323,18,3.9,7.7,1.5,323,18,0,28.71,1.1,0,0,0,42.3,46.8,49.5,0.35,0.31,0.33
BELM,2019-11-08 06:05:00 EST,42.24249,-78.03958,1370,24.6,24.5,19.1,90.7,22.3,0.000,0.024,0.00,0.000,4.5,7.7,1.3,314,14,4.4,7.0,1.1,319,16,4.4,7.0,1.1,319,16,0,28.71,1.2,0,0,0,42.2,46.8,49.5,0.35,0.31,0.33
BELM,2019-11-08 06:10:00 EST,42.24249,-78.03958,1370,24.6,24.5,19.6,91.1,22.4,0.000,0.024,0.00,0.000,4.0,6.6,1.0,317,16,4.0,7.1,1.0,324,17,4.0,7.1,1.0,324,17,0,28.71,1.2,0,0,0,42.1,46.8,49.5,0.35,0.31,0.33
BELM,2019-11-08 06:15:00 EST,42.24249,-78.03958,1370,24.7,24.5,20.1,90.9,22.4,0.000,0.024,0.00,0.000,3.6,5.0,0.8,313,18,3.7,6.1,0.8,316,20,3.7,6.1,0.8,316,20,0,28.71,1.0,0,0,0,42.1,46.8,49.5,0.35,0.31,0.33
BELM,2019-11-08 06:20:00 EST,42.24249,-78.03958,1370,24.7,24.5,20.0,91.1,22.5,0.000,0.024,0.00,0.000,3.8,6.7,1.0,323,15,3.7,6.9,1.2,328,15,3.7,6.9,1.2,328,15,0,28.71,1.0,0,0,0,42.1,46.8,49.5,0.35,0.31,0.33
BELM,2019-11-08 06:25:00 EST,42.24249,-78.03958,1370,24.7,24.4,20.5,91.1,22.5,0.000,0.024,0.00,0.000,3.3,5.6,0.6,327,13,3.4,6.5,1.0,334,14,3.4,6.5,1.0,334,14,0,28.71,0.0,0,0,0,42.1,46.8,49.5,0.35,0.31,0.33
BELM,2019-11-08 06:30:00 EST,42.24249,-78.03958,1370,24.6,24.4,19.9,91.1,22.4,0.000,0.024,0.00,0.000,3.5,6.0,1.1,324,17,3.7,5.8,0.9,333,17,3.7,5.8,0.9,333,17,0,28.71,0.0,0,0,0,42.1,46.8,49.5,0.35,0.31,0.33
BELM,2019-11-08 06:35:00 EST,42.24249,-78.03958,1370,24.6,24.3,24.6,91.4,22.4,0.000,0.024,0.00,0.000,2.8,4.4,0.6,330,16,2.9,5.2,0.8,334,17,2.9,5.2,0.8,334,17,0,28.71,0.2,0,0,0,42.1,46.8,49.5,0.35,0.31,0.33
BELM,2019-11-08 06:40:00 EST,42.24249,-78.03958,1370,24.7,24.3,20.5,92.2,22.7,0.000,0.024,0.00,0.000,3.1,5.2,0.9,332,11,3.3,6.3,1.1,339,12,3.3,6.3,1.1,339,12,0,28.72,0.9,0,0,0,42.1,46.8,49.5,0.35,0.31,0.33
BELM,2019-11-08 06:45:00 EST,42.24249,-78.03958,1370,24.7,24.4,18.2,92.2,22.8,0.000,0.024,0.00,0.000,4.9,7.2,1.2,338,13,5.4,9.4,1.5,346,12,5.4,9.4,1.5,346,12,0,28.72,0.1,0,0,0,42.1,46.8,49.5,0.35,0.31,0.33
BELM,2019-11-08 06:50:00 EST,42.24249,-78.03958,1370,24.7,24.4,18.1,92.6,22.9,0.000,0.024,0.00,0.000,5.1,7.2,0.9,333,12,5.4,9.2,1.3,341,11,5.4,9.2,1.3,341,11,1,28.72,1.0,0,0,0,42.1,46.8,49.5,0.35,0.31,0.33
BELM,2019-11-08 06:55:00 EST,42.24249,-78.03958,1370,24.8,24.4,19.0,93.2,23.1,0.000,0.024,0.00,0.000,4.7,7.1,1.1,324,12,4.6,7.5,1.1,329,14,4.6,7.5,1.1,329,14,1,28.72,1.0,0,0,0,42.1,46.8,49.5,0.35,0.31,0.33
BELM,2019-11-08 07:00:00 EST,42.24249,-78.03958,1370,24.8,24.4,18.4,93.7,23.2,0.000,0.024,0.00,0.000,5.0,8.5,1.5,331,17,5.2,9.9,1.6,336,16,5.2,9.9,1.6,336,16,1,28.73,1.0,0,0,0,42.1,46.8,49.5,0.35,0.31,0.33
BELM,2019-11-08 07:05:00 EST,42.24249,-78.03958,1370,24.8,24.5,17.0,93.2,23.1,0.000,0.024,0.00,0.000,6.2,9.9,1.7,332,20,6.8,12.0,2.0,341,17,6.8,12.0,2.0,341,17,3,28.73,0.9,0,0,0,42.1,46.8,49.5,0.35,0.31,0.33
BELM,2019-11-08 07:10:00 EST,42.24249,-78.03958,1370,24.8,24.5,17.3,93.2,23.1,0.000,0.024,0.00,0.000,5.7,10.0,1.7,337,13,6.4,12.2,2.1,343,12,6.4,12.2,2.1,343,12,3,28.73,1.0,0,0,0,42.1,46.8,49.5,0.35,0.31,0.33
BELM,2019-11-08 07:15:00 EST,42.24249,-78.03958,1370,24.8,24.4,16.6,93.0,23.0,0.000,0.024,0.00,0.000,6.5,9.9,1.3,336,14,7.2,12.3,1.8,344,12,7.2,12.3,1.8,344,12,4,28.73,0.9,0,0,0,42.1,46.8,49.5,0.35,0.31,0.33
BELM,2019-11-08 07:20:00 EST,42.24249,-78.03958,1370,24.7,24.4,15.9,92.7,22.9,0.000,0.024,0.00,0.000,7.0,10.1,1.6,340,22,8.2,13.0,2.0,348,9,8.2,13.0,2.0,348,9,7,28.74,0.8,0,0,0,42.1,46.8,49.5,0.35,0.31,0.33
BELM,2019-11-08 07:25:00 EST,42.24249,-78.03958,1370,24.7,24.4,17.2,92.4,22.8,0.000,0.024,0.00,0.000,5.9,9.8,2.0,335,16,6.3,11.9,2.0,342,14,6.3,11.9,2.0,342,14,8,28.74,0.8,0,0,0,42.1,46.8,49.5,0.35,0.31,0.33
BELM,2019-11-08 07:30:00 EST,42.24249,-78.03958,1370,24.7,24.4,16.8,91.5,22.5,0.000,0.024,0.00,0.000,6.4,9.9,1.3,333,13,6.9,11.7,1.8,340,12,6.9,11.7,1.8,340,12,11,28.74,0.8,0,0,0,42.1,46.8,49.5,0.35,0.31,0.33
BELM,2019-11-08 07:35:00 EST,42.24249,-78.03958,1370,24.7,24.4,17.4,91.1,22.4,0.000,0.024,0.00,0.000,6.3,9.8,1.7,326,13,6.1,11.3,1.8,332,14,6.1,11.3,1.8,332,14,11,28.74,0.8,0,0,0,42.1,46.8,49.5,0.35,0.31,0.33
BELM,2019-11-08 07:40:00 EST,42.24249,-78.03958,1370,24.6,24.4,17.8,90.5,22.2,0.000,0.024,0.00,0.000,5.1,7.7,0.9,334,14,5.6,8.9,1.2,340,13,5.6,8.9,1.2,340,13,12,28.74,0.6,0,0,0,42.1,46.8,49.5,0.35,0.31,0.33
BELM,2019-11-08 07:45:00 EST,42.24249,-78.03958,1370,24.4,24.3,17.6,90.6,22.1,0.000,0.024,0.00,0.000,5.3,8.3,1.4,329,13,5.5,10.3,2.0,336,14,5.5,10.3,2.0,336,14,15,28.74,0.7,0,0,0,42.1,46.8,49.5,0.35,0.31,0.33
BELM,2019-11-08 07:50:00 EST,42.24249,-78.03958,1370,24.3,24.2,18.7,90.2,21.9,0.000,0.024,0.00,0.000,4.4,7.3,1.1,333,13,4.4,8.9,1.4,339,16,4.4,8.9,1.4,339,16,13,28.75,0.5,0,0,0,42.1,46.8,49.5,0.35,0.31,0.33
BELM,2019-11-08 07:55:00 EST,42.24249,-78.03958,1370,24.2,24.1,18.6,90.0,21.7,0.000,0.024,0.00,0.000,4.1,6.3,1.0,332,11,4.4,7.6,1.4,339,12,4.4,7.6,1.4,339,12,21,28.75,0.6,0,0,0,42.1,46.8,49.5,0.35,0.31,0.33
BELM,2019-11-08 08:00:00 EST,42.24249,-78.03958,1370,24.5,24.2,19.6,90.9,22.3,0.000,0.024,0.00,0.000,3.4,5.6,0.9,336,17,3.9,7.6,1.2,343,13,3.9,7.6,1.2,343,13,16,28.75,0.6,0,0,0,42.0,46.8,49.5,0.35,0.31,0.33
BELM,2019-11-08 08:05:00 EST,42.24249,-78.03958,1370,24.7,24.3,18.4,91.3,22.6,0.000,0.024,0.00,0.000,4.6,6.3,0.8,332,15,5.2,8.5,1.1,339,15,5.2,8.5,1.1,339,15,13,28.76,0.6,0,0,0,41.9,46.8,49.5,0.35,0.31,0.33
BELM,2019-11-08 08:10:00 EST,42.24249,-78.03958,1370,24.7,24.3,16.2,89.8,22.2,0.000,0.024,0.00,0.000,7.0,12.2,1.7,332,19,7.7,12.8,2.2,339,14,7.7,12.8,2.2,339,14,21,28.76,0.5,0,0,0,41.9,46.8,49.5,0.35,0.31,0.33
BELM,2019-11-08 08:15:00 EST,42.24249,-78.03958,1370,24.7,24.3,15.7,88.8,21.8,0.000,0.024,0.00,0.000,7.3,12.6,2.2,342,15,8.3,13.6,2.4,350,12,8.3,13.6,2.4,350,12,24,28.76,0.5,0,0,0,41.9,46.8,49.5,0.35,0.31,0.33
BELM,2019-11-08 08:20:00 EST,42.24249,-78.03958,1370,24.5,24.1,14.6,88.1,21.5,0.000,0.024,0.00,0.000,9.1,16.1,2.6,334,16,9.8,14.9,2.5,342,13,9.8,14.9,2.5,342,13,22,28.76,0.5,0,0,0,41.9,46.8,49.5,0.35,0.31,0.33
BELM,2019-11-08 08:25:00 EST,42.24249,-78.03958,1370,24.4,24.1,15.1,87.8,21.3,0.000,0.024,0.00,0.000,7.8,11.5,1.6,343,21,8.8,15.0,2.3,349,15,8.8,15.0,2.3,349,15,38,28.76,0.6,0,0,0,41.9,46.8,49.5,0.35,0.31,0.33
BELM,2019-11-08 08:30:00 EST,42.24249,-78.03958,1370,24.4,24.0,13.8,86.7,21.0,0.000,0.024,0.00,0.000,9.5,17.0,2.2,341,22,10.8,19.7,3.0,349,12,10.8,19.7,3.0,349,12,31,28.77,0.6,0,0,0,41.9,46.8,49.5,0.35,0.31,0.33
BELM,2019-11-08 08:35:00 EST,42.24249,-78.03958,1370,24.3,24.0,15.7,86.2,20.8,0.000,0.024,0.00,0.000,7.4,12.4,2.2,330,19,7.7,14.9,2.2,337,15,7.7,14.9,2.2,337,15,60,28.77,0.5,0,0,0,41.9,46.7,49.5,0.35,0.31,0.33
BELM,2019-11-08 08:40:00 EST,42.24249,-78.03958,1370,24.5,24.1,17.2,86.2,21.0,0.000,0.024,0.00,0.000,6.0,12.6,2.3,330,13,6.2,11.0,2.1,338,13,6.2,11.0,2.1,338,13,84,28.77,0.5,0,0,0,41.9,46.7,49.5,0.35,0.31,0.33
BELM,2019-11-08 08:45:00 EST,42.24249,-78.03958,1370,24.6,24.2,15.4,85.3,20.8,0.000,0.024,0.00,0.000,7.7,13.1,2.4,334,16,8.6,14.9,2.6,342,12,8.6,14.9,2.6,342,12,48,28.77,0.5,0,0,0,41.9,46.6,49.5,0.35,0.31,0.33
BELM,2019-11-08 08:50:00 EST,42.24249,-78.03958,1370,24.6,24.2,15.6,84.8,20.6,0.000,0.024,0.00,0.000,7.4,12.1,1.8,336,22,8.2,14.7,2.7,342,20,8.2,14.7,2.7,342,20,61,28.77,0.5,0,0,0,41.9,46.6,49.5,0.35,0.31,0.33
BELM,2019-11-08 08:55:00 EST,42.24249,-78.03958,1370,24.8,24.3,17.0,84.7,20.8,0.000,0.024,0.00,0.000,6.3,10.7,1.6,331,16,6.8,12.7,1.9,338,16,6.8,12.7,1.9,338,16,85,28.77,0.6,0,0,0,41.9,46.6,49.5,0.35,0.31,0.33
BELM,2019-11-08 09:00:00 EST,42.24249,-78.03958,1370,25.0,24.5,16.3,83.9,20.8,0.000,0.024,0.00,0.000,7.4,14.6,2.8,331,17,8.0,17.9,2.9,337,16,8.0,17.9,2.9,337,16,93,28.77,0.5,0,0,0,41.9,46.6,49.5,0.35,0.31,0.33
BELM,2019-11-08 09:05:00 EST,42.24249,-78.03958,1370,24.9,24.5,15.0,82.9,20.5,0.000,0.024,0.00,0.000,8.6,13.8,1.9,339,17,9.9,16.7,2.5,345,14,9.9,16.7,2.5,345,14,53,28.77,0.5,0,0,0,41.9,46.6,49.5,0.35,0.31,0.33
BELM,2019-11-08 09:10:00 EST,42.24249,-78.03958,1370,24.7,24.3,13.1,81.0,19.7,0.000,0.024,0.00,0.000,11.6,18.3,3.0,341,15,13.1,21.4,3.6,347,12,13.1,21.4,3.6,347,12,98,28.77,0.5,0,0,0,41.9,46.6,49.5,0.35,0.31,0.33
BELM,2019-11-08 09:15:00 EST,42.24249,-78.03958,1370,25.1,24.6,14.1,80.5,19.9,0.000,0.024,0.00,0.000,10.0,15.0,2.3,345,18,12.0,18.3,3.1,351,11,12.0,18.3,3.1,351,11,147,28.77,0.5,0,0,0,41.9,46.6,49.5,0.35,0.31,0.33
BELM,2019-11-08 09:20:00 EST,42.24249,-78.03958,1370,24.9,24.5,14.4,80.6,19.8,0.000,0.024,0.00,0.000,9.9,14.7,2.2,340,15,11.0,16.8,2.7,345,12,11.0,16.8,2.7,345,12,86,28.77,0.6,0,0,0,41.9,46.6,49.5,0.35,0.31,0.33
BELM,2019-11-08 09:25:00 EST,42.24249,-78.03958,1370,25.1,24.7,15.4,81.4,20.3,0.000,0.024,0.00,0.000,8.4,14.0,2.2,341,15,9.7,17.6,2.8,348,11,9.7,17.6,2.8,348,11,182,28.77,0.5,0,0,0,41.9,46.6,49.5,0.35,0.31,0.33
BELM,2019-11-08 09:30:00 EST,42.24249,-78.03958,1370,25.4,24.8,15.4,79.9,20.0,0.000,0.024,0.00,0.000,9.4,15.8,2.6,340,16,10.2,16.9,2.7,345,13,10.2,16.9,2.7,345,13,136,28.78,0.6,0,0,0,41.9,46.6,49.5,0.35,0.31,0.33
BELM,2019-11-08 09:35:00 EST,42.24249,-78.03958,1370,25.4,24.8,17.0,80.7,20.3,0.000,0.024,0.00,0.000,7.1,10.9,1.8,333,14,7.6,12.3,2.1,341,11,7.6,12.3,2.1,341,11,112,28.78,0.6,0,0,0,41.9,46.6,49.5,0.35,0.31,0.33
BELM,2019-11-08 09:40:00 EST,42.24249,-78.03958,1370,25.3,24.8,17.3,81.5,20.5,0.000,0.024,0.00,0.000,6.6,11.0,1.6,340,18,7.3,13.0,2.3,345,14,7.3,13.0,2.3,345,14,65,28.78,0.6,0,0,0,41.9,46.6,49.5,0.35,0.31,0.33
BELM,2019-11-08 09:45:00 EST,42.24249,-78.03958,1370,25.0,24.5,15.4,83.1,20.6,0.000,0.024,0.00,0.000,8.2,14.5,2.4,345,16,9.5,18.3,2.9,351,13,9.5,18.3,2.9,351,13,55,28.78,0.6,0,0,0,41.9,46.6,49.5,0.35,0.31,0.33
BELM,2019-11-08 09:50:00 EST,42.24249,-78.03958,1370,24.7,24.2,15.7,84.4,20.6,0.000,0.024,0.00,0.000,7.2,13.9,2.2,341,16,8.3,13.9,2.2,346,12,8.3,13.9,2.2,346,12,53,28.78,0.6,0,0,0,41.9,46.6,49.5,0.35,0.31,0.33
BELM,2019-11-08 09:55:00 EST,42.24249,-78.03958,1370,24.7,24.2,16.1,84.7,20.7,0.000,0.024,0.00,0.000,7.0,11.6,2.0,340,17,7.8,15.2,2.4,346,15,7.8,15.2,2.4,346,15,79,28.79,0.6,0,0,0,41.9,46.6,49.5,0.35,0.31,0.33
BELM,2019-11-08 10:00:00 EST,42.24249,-78.03958,1370,24.6,24.1,15.8,83.8,20.4,0.000,0.024,0.00,0.000,7.1,10.7,1.8,341,17,8.1,11.9,2.1,345,9,8.1,11.9,2.1,345,9,73,28.79,0.7,0,0,0,41.9,46.6,49.5,0.35,0.31,0.33
BELM,2019-11-08 10:05:00 EST,42.24249,-78.03958,1370,24.7,24.2,15.1,82.8,20.2,0.000,0.024,0.00,0.000,8.0,14.2,2.5,344,14,9.3,16.9,2.9,350,10,9.3,16.9,2.9,350,10,92,28.79,0.7,0,0,0,41.9,46.6,49.4,0.35,0.31,0.33
BELM,2019-11-08 10:10:00 EST,42.24249,-78.03958,1370,25.6,24.7,17.3,82.8,21.1,0.000,0.024,0.00,0.000,6.4,10.6,2.0,360,16,7.7,13.5,2.5,2,13,7.7,13.5,2.5,2,13,228,28.79,0.6,0,0,0,41.9,46.6,49.4,0.35,0.31,0.33
BELM,2019-11-08 10:15:00 EST,42.24249,-78.03958,1370,25.4,24.6,17.3,80.9,20.3,0.000,0.024,0.00,0.000,6.4,11.1,1.8,347,16,7.3,13.6,2.5,353,13,7.3,13.6,2.5,353,13,106,28.79,0.7,0,0,0,41.9,46.6,49.4,0.35,0.31,0.33
BELM,2019-11-08 10:20:00 EST,42.24249,-78.03958,1370,25.2,24.6,16.1,80.9,20.2,0.000,0.024,0.00,0.000,8.0,12.4,2.1,338,14,8.8,14.4,2.2,345,10,8.8,14.4,2.2,345,10,116,28.79,0.7,0,0,0,41.9,46.6,49.4,0.35,0.31,0.33
BELM,2019-11-08 10:25:00 EST,42.24249,-78.03958,1370,25.3,24.6,15.8,81.8,20.5,0.000,0.024,0.00,0.000,8.1,12.8,2.6,344,14,9.4,16.2,3.0,350,10,9.4,16.2,3.0,350,10,129,28.79,0.7,0,0,0,41.9,46.6,49.4,0.35,0.31,0.33
BELM,2019-11-08 10:30:00 EST,42.24249,-78.03958,1370,25.3,24.6,15.3,81.8,20.5,0.000,0.024,0.00,0.000,8.8,14.4,2.1,342,19,10.2,17.4,2.6,349,10,10.2,17.4,2.6,349,10,88,28.79,0.9,0,0,0,41.9,46.6,49.4,0.35,0.31,0.33
BELM,2019-11-08 10:35:00 EST,42.24249,-78.03958,1370,25.0,24.5,15.7,81.3,20.1,0.000,0.024,0.00,0.000,7.8,12.6,2.1,340,13,9.0,14.9,2.5,346,9,9.0,14.9,2.5,346,9,73,28.79,0.9,0,0,0,41.9,46.6,49.3,0.35,0.31,0.33
BELM,2019-11-08 10:40:00 EST,42.24249,-78.03958,1370,25.6,24.9,17.8,80.5,20.4,0.000,0.024,0.00,0.000,6.6,9.7,1.5,326,19,6.9,11.3,1.6,330,21,6.9,11.3,1.6,330,21,159,28.80,0.8,0,0,0,41.9,46.6,49.3,0.35,0.31,0.33
BELM,2019-11-08 10:45:00 EST,42.24249,-78.03958,1370,25.8,25.2,17.1,77.9,19.9,0.000,0.024,0.00,0.000,7.5,12.3,1.9,348,22,8.3,14.7,2.4,353,15,8.3,14.7,2.4,353,15,114,28.79,0.9,0,0,0,41.9,46.6,49.3,0.35,0.31,0.33
BELM,2019-11-08 10:50:00 EST,42.24249,-78.03958,1370,25.7,25.0,15.7,77.5,19.6,0.000,0.024,0.00,0.000,9.2,14.5,2.2,346,19,10.4,18.3,2.8,350,13,10.4,18.3,2.8,350,13,130,28.79,1.0,0,0,0,41.9,46.6,49.3,0.35,0.31,0.33
BELM,2019-11-08 10:55:00 EST,42.24249,-78.03958,1370,25.5,24.9,15.9,78.2,19.7,0.000,0.024,0.00,0.000,9.1,13.9,2.2,335,18,9.6,16.0,2.6,342,18,9.6,16.0,2.6,342,18,89,28.79,0.9,0,0,0,41.9,46.6,49.3,0.35,0.31,0.33
BELM,2019-11-08 11:00:00 EST,42.24249,-78.03958,1370,25.8,25.1,16.5,77.4,19.7,0.000,0.024,0.00,0.000,8.3,12.9,1.9,341,20,9.2,14.8,2.3,346,12,9.2,14.8,2.3,346,12,180,28.79,0.9,0,0,0,41.9,46.6,49.3,0.35,0.31,0.33
BELM,2019-11-08 11:05:00 EST,42.24249,-78.03958,1370,25.8,25.0,16.5,75.2,19.0,0.000,0.024,0.00,0.000,8.1,14.1,2.4,340,16,9.2,16.4,2.8,346,13,9.2,16.4,2.8,346,13,221,28.79,0.8,0,0,0,41.9,46.6,49.3,0.35,0.31,0.33
BELM,2019-11-08 11:10:00 EST,42.24249,-78.03958,1370,26.1,25.4,16.8,75.4,19.4,0.000,0.024,0.00,0.000,8.4,13.0,2.1,345,19,9.5,15.3,2.6,350,12,9.5,15.3,2.6,350,12,263,28.79,0.9,0,0,0,41.9,46.5,49.3,0.35,0.31,0.33
BELM,2019-11-08 11:15:00 EST,42.24249,-78.03958,1370,26.2,25.5,16.8,75.2,19.5,0.000,0.024,0.00,0.000,8.7,15.0,2.4,333,22,9.6,17.8,3.0,338,15,9.6,17.8,3.0,338,15,176,28.79,0.9,0,0,0,41.9,46.5,49.3,0.35,0.31,0.33
BELM,2019-11-08 11:20:00 EST,42.24249,-78.03958,1370,26.2,25.4,17.5,77.0,20.0,0.000,0.024,0.00,0.000,7.7,13.7,2.5,346,22,8.5,16.7,3.3,351,15,8.5,16.7,3.3,351,15,144,28.79,0.8,0,0,0,41.9,46.4,49.3,0.35,0.31,0.33
BELM,2019-11-08 11:25:00 EST,42.24249,-78.03958,1370,25.9,25.3,16.3,75.3,19.2,0.000,0.024,0.00,0.000,8.8,14.8,2.6,347,26,9.7,19.0,3.1,350,19,9.7,19.0,3.1,350,19,87,28.79,0.9,0,0,0,41.9,46.4,49.3,0.35,0.31,0.33
BELM,2019-11-08 11:30:00 EST,42.24249,-78.03958,1370,26.1,25.4,18.0,76.7,19.8,0.000,0.024,0.00,0.000,6.8,12.7,2.0,340,22,7.5,12.3,2.1,345,14,7.5,12.3,2.1,345,14,165,28.79,0.9,0,0,0,41.9,46.4,49.3,0.35,0.31,0.33
BELM,2019-11-08 11:35:00 EST,42.24249,-78.03958,1370,26.3,25.5,17.9,74.6,19.3,0.000,0.024,0.00,0.000,6.7,11.3,2.1,344,15,7.9,14.3,2.4,348,10,7.9,14.3,2.4,348,10,143,28.79,0.4,0,0,0,41.9,46.4,49.3,0.35,0.31,0.33
BELM,2019-11-08 11:40:00 EST,42.24249,-78.03958,1370,26.3,25.5,17.5,74.2,19.2,0.000,0.024,0.00,0.000,8.1,11.2,1.7,339,20,8.5,12.5,1.9,345,19,8.5,12.5,1.9,345,19,239,28.79,0.5,0,0,0,41.9,46.4,49.3,0.35,0.31,0.33
BELM,2019-11-08 11:45:00 EST,42.24249,-78.03958,1370,26.6,25.9,16.8,71.2,18.5,0.000,0.024,0.00,0.000,9.3,15.5,2.7,350,23,10.5,17.8,3.1,355,13,10.5,17.8,3.1,355,13,216,28.79,0.6,0,0,0,41.9,46.4,49.3,0.35,0.31,0.33
BELM,2019-11-08 11:50:00 EST,42.24249,-78.03958,1370,26.5,25.7,16.1,69.1,17.7,0.000,0.024,0.00,0.000,10.4,17.2,2.4,338,13,11.5,19.5,3.0,344,11,11.5,19.5,3.0,344,11,167,28.79,1.0,0,0,0,41.9,46.4,49.3,0.35,0.31,0.33
BELM,2019-11-08 11:55:00 EST,42.24249,-78.03958,1370,25.9,25.4,16.4,68.8,17.1,0.000,0.024,0.00,0.000,8.8,15.0,2.3,331,17,9.8,17.2,2.5,338,16,9.8,17.2,2.5,338,16,105,28.79,0.9,0,0,0,41.9,46.4,49.3,0.35,0.31,0.33
BELM,2019-11-08 12:00:00 EST,42.24249,-78.03958,1370,25.8,25.3,16.0,69.5,17.2,0.000,0.024,0.00,0.000,10.1,15.1,2.2,326,16,10.1,15.7,2.4,330,12,10.1,15.7,2.4,330,12,108,28.78,1.0,0,0,0,41.9,46.4,49.3,0.35,0.31,0.33
BELM,2019-11-08 12:05:00 EST,42.24249,-78.03958,1370,25.7,25.2,16.6,70.0,17.3,0.000,0.024,0.00,0.000,8.8,12.5,1.9,305,16,8.8,12.7,1.8,309,15,8.8,12.7,1.8,309,15,119,28.78,0.9,0,0,0,41.9,46.4,49.3,0.35,0.31,0.33
BELM,2019-11-08 12:10:00 EST,42.24249,-78.03958,1370,26.6,25.9,18.8,71.1,18.5,0.000,0.024,0.00,0.000,7.1,11.7,2.3,319,15,7.2,11.1,2.1,324,16,7.2,11.1,2.1,324,16,286,28.78,0.8,0,0,0,41.9,46.4,49.3,0.35,0.31,0.33
BELM,2019-11-08 12:15:00 EST,42.24249,-78.03958,1370,26.9,26.1,17.9,69.7,18.4,0.000,0.024,0.00,0.000,8.4,15.3,2.4,346,22,9.3,18.5,3.1,350,11,9.3,18.5,3.1,350,11,162,28.78,0.6,0,0,0,41.9,46.4,49.3,0.35,0.31,0.33
BELM,2019-11-08 12:20:00 EST,42.24249,-78.03958,1370,26.4,25.8,17.1,69.1,17.6,0.000,0.024,0.00,0.000,8.7,17.0,2.9,333,19,9.4,19.5,3.1,337,17,9.4,19.5,3.1,337,17,133,28.78,0.8,0,0,0,41.9,46.4,49.3,0.35,0.31,0.33
BELM,2019-11-08 12:25:00 EST,42.24249,-78.03958,1370,26.5,25.9,17.3,70.7,18.3,0.000,0.024,0.00,0.000,8.1,12.2,1.9,340,20,9.4,14.5,2.2,346,15,9.4,14.5,2.2,346,15,150,28.78,0.7,0,0,0,41.9,46.4,49.3,0.35,0.31,0.33
BELM,2019-11-08 12:30:00 EST,42.24249,-78.03958,1370,26.4,25.9,16.3,69.3,17.7,0.000,0.024,0.00,0.000,10.0,17.2,3.6,339,12,10.9,19.2,3.9,343,11,10.9,19.2,3.9,343,11,162,28.78,0.6,0,0,0,41.9,46.4,49.3,0.35,0.31,0.33
BELM,2019-11-08 12:35:00 EST,42.24249,-78.03958,1370,26.2,25.7,16.3,67.1,16.7,0.000,0.024,0.00,0.000,9.5,16.7,2.2,336,18,10.3,16.6,2.5,341,14,10.3,16.6,2.5,341,14,132,28.78,0.6,0,0,0,41.9,46.4,49.3,0.35,0.31,0.33
BELM,2019-11-08 12:40:00 EST,42.24249,-78.03958,1370,26.3,25.8,18.2,69.2,17.6,0.000,0.024,0.00,0.000,7.3,12.3,1.9,328,16,7.5,12.2,1.9,332,16,7.5,12.2,1.9,332,16,210,28.78,0.7,0,0,0,41.9,46.4,49.3,0.35,0.31,0.33
BELM,2019-11-08 12:45:00 EST,42.24249,-78.03958,1370,26.3,25.8,17.2,68.6,17.4,0.000,0.024,0.00,0.000,8.6,15.9,3.0,333,15,9.1,18.7,3.6,339,14,9.1,18.7,3.6,339,14,244,28.77,0.6,0,0,0,41.9,46.4,49.3,0.35,0.31,0.33
BELM,2019-11-08 12:50:00 EST,42.24249,-78.03958,1370,27.0,26.3,19.5,69.1,18.2,0.000,0.024,0.00,0.000,6.7,12.1,2.1,323,18,6.9,13.7,2.0,326,16,6.9,13.7,2.0,326,16,236,28.77,0.2,0,0,0,41.9,46.4,49.3,0.35,0.31,0.33
BELM,2019-11-08 12:55:00 EST,42.24249,-78.03958,1370,26.5,26.0,17.8,67.2,17.1,0.000,0.024,0.00,0.000,7.7,12.8,1.9,341,16,8.4,15.4,2.2,348,14,8.4,15.4,2.2,348,14,111,28.77,0.1,0,0,0,41.9,46.4,49.3,0.35,0.31,0.33
BELM,2019-11-08 13:00:00 EST,42.24249,-78.03958,1370,26.7,26.2,17.5,65.3,16.6,0.000,0.024,0.00,0.000,9.1,17.3,2.0,327,14,9.4,19.8,2.3,328,14,9.4,19.8,2.3,328,14,204,28.77,0.1,0,0,0,41.9,46.4,49.3,0.35,0.31,0.33
BELM,2019-11-08 13:05:00 EST,42.24249,-78.03958,1370,26.5,26.1,16.5,64.7,16.2,0.000,0.024,0.00,0.000,10.1,16.0,2.7,336,14,10.8,17.6,3.0,340,12,10.8,17.6,3.0,340,12,144,28.77,0.1,0,0,0,41.8,46.4,49.3,0.35,0.31,0.33
BELM,2019-11-08 13:10:00 EST,42.24249,-78.03958,1370,26.6,26.2,18.3,65.8,16.7,0.000,0.024,0.00,0.000,7.0,10.1,1.3,344,24,7.9,13.2,1.7,349,16,7.9,13.2,1.7,349,16,139,28.77,0.1,0,0,0,41.7,46.4,49.3,0.35,0.31,0.33
BELM,2019-11-08 13:15:00 EST,42.24249,-78.03958,1370,26.5,26.2,17.4,65.0,16.3,0.000,0.024,0.00,0.000,8.3,13.5,2.4,342,23,9.2,15.8,2.9,348,17,9.2,15.8,2.9,348,17,138,28.77,0.1,0,0,0,41.7,46.4,49.3,0.35,0.31,0.33
BELM,2019-11-08 13:20:00 EST,42.24249,-78.03958,1370,26.7,26.3,18.6,65.1,16.5,0.000,0.024,0.00,0.000,7.3,10.3,1.5,312,21,7.6,10.5,1.4,317,21,7.6,10.5,1.4,317,21,162,28.78,0.2,0,0,0,41.7,46.4,49.3,0.35,0.31,0.33
BELM,2019-11-08 13:25:00 EST,42.24249,-78.03958,1370,26.8,26.3,18.1,63.6,16.1,0.000,0.024,0.00,0.000,8.3,11.2,1.4,321,18,8.6,11.6,1.6,324,18,8.6,11.6,1.6,324,18,189,28.78,0.1,0,0,0,41.7,46.4,49.3,0.35,0.31,0.33
BELM,2019-11-08 13:30:00 EST,42.24249,-78.03958,1370,26.9,26.5,20.2,63.5,16.2,0.000,0.024,0.00,0.000,5.5,8.8,1.6,331,13,6.0,9.6,1.6,336,14,6.0,9.6,1.6,336,14,183,28.78,0.5,0,0,0,41.7,46.4,49.3,0.35,0.31,0.33
BELM,2019-11-08 13:35:00 EST,42.24249,-78.03958,1370,27.0,26.6,18.4,65.6,17.0,0.000,0.024,0.00,0.000,7.5,15.1,2.5,344,16,8.4,17.6,3.1,351,11,8.4,17.6,3.1,351,11,132,28.78,0.4,0,0,0,41.7,46.4,49.3,0.35,0.31,0.33
BELM,2019-11-08 13:40:00 EST,42.24249,-78.03958,1370,26.9,26.5,18.3,64.2,16.4,0.000,0.024,0.00,0.000,7.8,10.9,1.4,329,19,8.4,11.9,1.7,334,20,8.4,11.9,1.7,334,20,167,28.78,0.5,0,0,0,41.7,46.4,49.3,0.35,0.31,0.33
BELM,2019-11-08 13:45:00 EST,42.24249,-78.03958,1370,26.9,26.5,18.7,64.0,16.4,0.000,0.024,0.00,0.000,7.7,12.0,1.7,304,16,7.9,13.8,1.7,307,16,7.9,13.8,1.7,307,16,144,28.78,0.5,0,0,0,41.7,46.4,49.3,0.35,0.31,0.33
BELM,2019-11-08 13:50:00 EST,42.24249,-78.03958,1370,26.7,26.5,19.6,64.5,16.4,0.000,0.024,0.00,0.000,6.1,11.4,2.2,312,22,6.4,11.5,2.1,317,19,6.4,11.5,2.1,317,19,97,28.78,0.5,0,0,0,41.7,46.4,49.3,0.35,0.31,0.33
BELM,2019-11-08 13:55:00 EST,42.24249,-78.03958,1370,26.8,26.4,18.0,65.1,16.6,0.000,0.024,0.00,0.000,7.7,13.6,2.2,337,15,8.6,16.7,2.4,342,12,8.6,16.7,2.4,342,12,163,28.78,0.5,0,0,0,41.7,46.4,49.3,0.35,0.31,0.33
BELM,2019-11-08 14:00:00 EST,42.24249,-78.03958,1370,27.1,26.6,19.6,63.3,16.3,0.000,0.024,0.00,0.000,6.8,11.0,1.8,322,19,7.0,12.5,1.8,326,15,7.0,12.5,1.8,326,15,254,28.78,0.6,0,0,0,41.7,46.4,49.3,0.35,0.31,0.33
BELM,2019-11-08 14:05:00 EST,42.24249,-78.03958,1370,27.2,26.8,21.5,63.6,16.5,0.000,0.024,0.00,0.000,4.4,8.3,1.4,328,15,4.9,9.3,1.4,332,16,4.9,9.3,1.4,332,16,286,28.78,0.5,0,0,0,41.7,46.4,49.3,0.35,0.31,0.33
BELM,2019-11-08 14:10:00 EST,42.24249,-78.03958,1370,27.9,27.4,20.8,61.6,16.4,0.000,0.024,0.00,0.000,6.2,11.2,1.9,337,15,6.8,12.3,2.2,342,13,6.8,12.3,2.2,342,13,390,28.78,0.6,0,0,0,41.7,46.4,49.3,0.35,0.31,0.33
BELM,2019-11-08 14:15:00 EST,42.24249,-78.03958,1370,27.5,27.0,18.5,60.3,15.6,0.000,0.024,0.00,0.000,8.8,12.7,1.9,332,19,9.4,15.4,2.0,338,19,9.4,15.4,2.0,338,19,125,28.78,0.6,0,0,0,41.7,46.3,49.3,0.35,0.31,0.33
BELM,2019-11-08 14:20:00 EST,42.24249,-78.03958,1370,27.7,27.2,19.6,58.9,15.2,0.000,0.024,0.00,0.000,7.3,12.8,2.1,332,16,8.0,12.7,2.1,337,15,8.0,12.7,2.1,337,15,378,28.77,0.6,0,0,0,41.7,46.3,49.3,0.35,0.31,0.33
BELM,2019-11-08 14:25:00 EST,42.24249,-78.03958,1370,28.4,27.7,21.2,61.2,16.8,0.000,0.024,0.00,0.000,6.4,12.0,1.6,339,14,7.0,13.6,1.8,344,14,7.0,13.6,1.8,344,14,395,28.77,0.5,0,0,0,41.7,46.2,49.3,0.35,0.31,0.33
BELM,2019-11-08 14:30:00 EST,42.24249,-78.03958,1370,28.5,27.7,22.0,60.4,16.5,0.000,0.024,0.00,0.000,5.6,8.7,1.3,330,13,6.0,9.9,1.3,332,13,6.0,9.9,1.3,332,13,412,28.77,0.5,0,0,0,41.7,46.2,49.3,0.35,0.31,0.33
BELM,2019-11-08 14:35:00 EST,42.24249,-78.03958,1370,28.5,27.7,21.5,62.3,17.2,0.000,0.024,0.00,0.000,6.2,9.5,1.2,351,16,6.7,9.8,1.3,354,13,6.7,9.8,1.3,354,13,392,28.77,0.5,0,0,0,41.7,46.1,49.3,0.35,0.31,0.33
BELM,2019-11-08 14:40:00 EST,42.24249,-78.03958,1370,28.5,27.6,21.3,61.9,17.1,0.000,0.024,0.00,0.000,6.1,12.1,2.1,351,18,6.9,13.4,2.4,354,13,6.9,13.4,2.4,354,13,383,28.77,0.5,0,0,0,41.7,46.0,49.3,0.35,0.31,0.33
BELM,2019-11-08 14:45:00 EST,42.24249,-78.03958,1370,28.3,27.5,20.4,60.9,16.5,0.000,0.024,0.00,0.000,6.9,12.9,2.2,346,18,7.8,14.8,2.5,351,16,7.8,14.8,2.5,351,16,269,28.78,0.4,0,0,0,41.7,46.0,49.3,0.35,0.31,0.33
BELM,2019-11-08 14:50:00 EST,42.24249,-78.03958,1370,28.2,27.4,19.9,62.7,17.1,0.000,0.024,0.00,0.000,7.6,12.9,1.7,344,20,8.5,13.5,1.9,350,16,8.5,13.5,1.9,350,16,230,28.78,0.5,0,0,0,41.7,46.0,49.3,0.35,0.31,0.33
BELM,2019-11-08 14:55:00 EST,42.24249,-78.03958,1370,27.7,27.2,19.3,63.5,17.0,0.000,0.024,0.00,0.000,7.4,11.8,1.7,339,20,8.6,13.9,2.0,345,12,8.6,13.9,2.0,345,12,225,28.78,0.5,0,0,0,41.7,46.0,49.3,0.35,0.31,0.33
BELM,2019-11-08 15:00:00 EST,42.24249,-78.03958,1370,27.3,26.9,18.1,62.8,16.3,0.000,0.024,0.00,0.000,8.6,12.7,1.8,339,13,9.6,13.5,1.9,345,11,9.6,13.5,1.9,345,11,63,28.78,0.4,0,0,0,41.7,46.0,49.3,0.35,0.31,0.33
BELM,2019-11-08 15:05:00 EST,42.24249,-78.03958,1370,27.0,26.8,19.9,64.6,16.6,0.000,0.024,0.00,0.000,5.3,10.4,1.8,345,20,6.4,11.2,1.9,350,12,6.4,11.2,1.9,350,12,54,28.78,0.4,0,0,0,41.7,46.0,49.3,0.35,0.31,0.33
BELM,2019-11-08 15:10:00 EST,42.24249,-78.03958,1370,26.8,26.7,20.4,65.1,16.7,0.000,0.024,0.00,0.000,5.1,8.8,1.3,339,13,5.7,10.3,1.4,344,13,5.7,10.3,1.4,344,13,57,28.78,0.4,0,0,0,41.6,46.0,49.3,0.35,0.31,0.33
BELM,2019-11-08 15:15:00 EST,42.24249,-78.03958,1370,27.2,26.9,20.3,62.3,16.0,0.000,0.024,0.00,0.000,5.9,9.1,1.4,325,14,6.2,8.5,1.3,330,14,6.2,8.5,1.3,330,14,202,28.78,0.5,0,0,0,41.6,46.0,49.3,0.35,0.31,0.33
BELM,2019-11-08 15:20:00 EST,42.24249,-78.03958,1370,27.8,27.3,21.2,62.3,16.6,0.000,0.024,0.00,0.000,5.7,10.1,1.6,325,15,6.0,10.3,1.7,329,14,6.0,10.3,1.7,329,14,261,28.78,0.5,0,0,0,41.5,46.0,49.3,0.35,0.31,0.33
BELM,2019-11-08 15:25:00 EST,42.24249,-78.03958,1370,28.1,27.6,21.1,61.5,16.5,0.000,0.024,0.00,0.000,6.1,9.2,1.6,322,18,6.6,10.4,1.7,325,19,6.6,10.4,1.7,325,19,255,28.78,0.4,0,0,0,41.5,46.0,49.3,0.35,0.31,0.33
BELM,2019-11-08 15:30:00 EST,42.24249,-78.03958,1370,28.2,27.7,21.1,59.9,16.1,0.000,0.024,0.00,0.000,6.4,11.0,1.6,318,18,6.9,11.1,1.7,323,16,6.9,11.1,1.7,323,16,246,28.78,0.5,0,0,0,41.5,46.0,49.3,0.35,0.31,0.33
BELM,2019-11-08 15:35:00 EST,42.24249,-78.03958,1370,28.2,27.8,21.1,58.2,15.4,0.000,0.024,0.00,0.000,6.5,10.9,1.6,318,15,6.8,10.9,1.5,322,12,6.8,10.9,1.5,322,12,220,28.78,0.5,0,0,0,41.5,46.0,49.3,0.35,0.31,0.33
BELM,2019-11-08 15:40:00 EST,42.24249,-78.03958,1370,28.1,27.8,21.3,57.4,15.0,0.000,0.024,0.00,0.000,6.1,10.3,1.5,320,15,6.4,11.1,1.5,325,13,6.4,11.1,1.5,325,13,170,28.78,0.5,0,0,0,41.5,46.0,49.3,0.35,0.31,0.33
BELM,2019-11-08 15:45:00 EST,42.24249,-78.03958,1370,27.6,27.4,21.1,57.8,14.6,0.000,0.024,0.00,0.000,5.5,8.7,1.4,321,15,5.9,10.3,1.4,326,14,5.9,10.3,1.4,326,14,77,28.78,0.4,0,0,0,41.5,46.0,49.3,0.35,0.31,0.33
BELM,2019-11-08 15:50:00 EST,42.24249,-78.03958,1370,27.4,27.2,20.7,58.8,14.9,0.000,0.024,0.00,0.000,5.8,9.1,1.3,321,14,6.1,9.0,1.3,325,14,6.1,9.0,1.3,325,14,174,28.78,0.5,0,0,0,41.5,46.0,49.2,0.35,0.31,0.33
BELM,2019-11-08 15:55:00 EST,42.24249,-78.03958,1370,27.7,27.4,22.6,59.3,15.3,0.000,0.024,0.00,0.000,4.0,8.1,1.5,330,16,4.4,10.4,1.7,335,16,4.4,10.4,1.7,335,16,163,28.78,0.5,0,0,0,41.5,46.0,49.3,0.35,0.31,0.33
BELM,2019-11-08 16:00:00 EST,42.24249,-78.03958,1370,27.7,27.4,21.7,59.6,15.4,0.000,0.024,0.00,0.000,4.4,6.9,1.4,342,17,5.3,8.6,1.7,348,15,5.3,8.6,1.7,348,15,161,28.78,0.5,0,0,0,41.5,46.0,49.2,0.35,0.31,0.33
BELM,2019-11-08 16:05:00 EST,42.24249,-78.03958,1370,27.6,27.3,21.4,61.7,16.2,0.000,0.024,0.00,0.000,4.8,6.7,1.1,343,16,5.5,8.4,1.1,350,13,5.5,8.4,1.1,350,13,134,28.78,0.5,0,0,0,41.5,46.0,49.2,0.35,0.31,0.33
BELM,2019-11-08 16:10:00 EST,42.24249,-78.03958,1370,27.3,27.1,19.4,63.3,16.4,0.000,0.024,0.00,0.000,6.7,10.6,2.0,339,14,7.5,11.5,2.0,344,8,7.5,11.5,2.0,344,8,87,28.78,0.5,0,0,0,41.5,46.0,49.3,0.35,0.31,0.33
BELM,2019-11-08 16:15:00 EST,42.24249,-78.03958,1370,26.9,26.8,19.4,63.1,16.0,0.000,0.024,0.00,0.000,6.3,9.4,1.4,336,11,6.9,10.3,1.6,341,10,6.9,10.3,1.6,341,10,52,28.79,0.6,0,0,0,41.5,46.0,49.2,0.35,0.31,0.33
BELM,2019-11-08 16:20:00 EST,42.24249,-78.03958,1370,26.7,26.7,20.4,62.9,15.8,0.000,0.024,0.00,0.000,5.1,7.5,1.1,336,13,5.5,8.2,1.4,341,12,5.5,8.2,1.4,341,12,28,28.79,0.6,0,0,0,41.5,46.0,49.2,0.35,0.31,0.33
BELM,2019-11-08 16:25:00 EST,42.24249,-78.03958,1370,26.5,26.5,21.0,63.8,15.9,0.000,0.024,0.00,0.000,4.2,6.7,1.3,334,12,4.7,7.8,1.4,339,12,4.7,7.8,1.4,339,12,27,28.79,0.6,0,0,0,41.4,46.0,49.1,0.35,0.31,0.33
BELM,2019-11-08 16:30:00 EST,42.24249,-78.03958,1370,26.6,26.5,20.4,63.6,15.9,0.000,0.024,0.00,0.000,4.7,7.7,1.0,337,13,5.3,8.4,1.1,342,10,5.3,8.4,1.1,342,10,32,28.79,0.6,0,0,0,41.4,46.0,49.2,0.35,0.31,0.33
BELM,2019-11-08 16:35:00 EST,42.24249,-78.03958,1370,26.5,26.6,20.7,63.6,15.8,0.000,0.024,0.00,0.000,4.3,6.6,1.1,339,15,4.9,7.4,1.2,345,13,4.9,7.4,1.2,345,13,28,28.79,0.6,0,0,0,41.4,46.0,49.1,0.35,0.31,0.33
BELM,2019-11-08 16:40:00 EST,42.24249,-78.03958,1370,26.5,26.5,20.2,63.1,15.7,0.000,0.024,0.00,0.000,4.9,8.6,1.2,336,12,5.5,9.9,1.3,344,11,5.5,9.9,1.3,344,11,26,28.79,0.6,0,0,0,41.4,46.0,49.1,0.35,0.31,0.33
BELM,2019-11-08 16:45:00 EST,42.24249,-78.03958,1370,26.4,26.5,21.0,63.2,15.6,0.000,0.024,0.00,0.000,4.1,7.0,1.1,337,15,4.6,7.1,1.0,341,13,4.6,7.1,1.0,341,13,17,28.79,0.6,0,0,0,41.4,46.0,49.1,0.35,0.31,0.33
BELM,2019-11-08 16:50:00 EST,42.24249,-78.03958,1370,26.5,26.5,20.1,61.7,15.1,0.000,0.024,0.00,0.000,4.9,7.5,1.0,336,12,5.5,7.8,1.1,340,10,5.5,7.8,1.1,340,10,11,28.79,0.6,0,0,0,41.4,46.0,49.1,0.35,0.31,0.33
BELM,2019-11-08 16:55:00 EST,42.24249,-78.03958,1370,26.3,26.3,21.9,61.9,15.0,0.000,0.024,0.00,0.000,3.5,5.3,0.8,323,12,3.7,5.7,0.8,327,12,3.7,5.7,0.8,327,12,8,28.79,0.6,0,0,0,41.4,46.0,49.1,0.35,0.31,0.33
BELM,2019-11-08 17:00:00 EST,42.24249,-78.03958,1370,25.9,26.1,25.9,65.5,15.9,0.000,0.024,0.00,0.000,2.2,4.2,0.9,313,12,2.4,4.8,0.8,317,10,2.4,4.8,0.8,317,10,5,28.79,0.7,0,0,0,41.4,46.0,49.1,0.35,0.31,0.33
BELM,2019-11-08 17:05:00 EST,42.24249,-78.03958,1370,25.8,26.0,25.8,65.3,15.7,0.000,0.024,0.00,0.000,1.8,3.1,0.7,293,15,2.0,3.4,0.6,300,13,2.0,3.4,0.6,300,13,3,28.79,0.7,0,0,0,41.4,46.0,49.1,0.35,0.31,0.33
BELM,2019-11-08 17:10:00 EST,42.24249,-78.03958,1370,25.9,26.0,25.9,64.3,15.5,0.000,0.024,0.00,0.000,2.2,3.9,0.7,311,14,2.3,3.9,0.6,315,13,2.3,3.9,0.6,315,13,1,28.80,0.6,0,0,0,41.3,46.0,49.1,0.35,0.31,0.33
BELM,2019-11-08 17:15:00 EST,42.24249,-78.03958,1370,25.8,25.9,25.8,67.2,16.4,0.000,0.024,0.00,0.000,1.8,3.0,0.5,332,16,2.1,3.2,0.5,335,17,2.1,3.2,0.5,335,17,1,28.80,0.6,0,0,0,41.2,46.0,49.1,0.35,0.31,0.33
BELM,2019-11-08 17:20:00 EST,42.24249,-78.03958,1370,25.8,25.8,25.8,68.9,17.0,0.000,0.024,0.00,0.000,2.4,3.6,0.5,339,7,2.9,4.3,0.6,343,9,2.9,4.3,0.6,343,9,0,28.80,0.6,0,0,0,41.2,46.0,49.1,0.35,0.31,0.33
BELM,2019-11-08 17:25:00 EST,42.24249,-78.03958,1370,25.7,25.8,25.7,68.3,16.7,0.000,0.024,0.00,0.000,2.4,3.8,0.6,347,16,3.0,4.6,0.6,351,17,3.0,4.6,0.6,351,17,0,28.80,0.6,0,0,0,41.2,46.0,49.1,0.35,0.31,0.33
BELM,2019-11-08 17:30:00 EST,42.24249,-78.03958,1370,25.4,25.6,25.4,71.4,17.4,0.000,0.024,0.00,0.000,2.3,3.8,0.4,0,13,2.8,4.3,0.5,4,13,2.8,4.3,0.5,4,13,0,28.80,0.6,0,0,0,41.2,46.0,49.1,0.35,0.31,0.33
BELM,2019-11-08 17:35:00 EST,42.24249,-78.03958,1370,25.0,25.3,25.0,72.5,17.4,0.000,0.024,0.00,0.000,2.6,3.5,0.4,11,10,3.0,4.2,0.5,15,11,3.0,4.2,0.5,15,11,0,28.80,0.6,0,0,0,41.2,46.0,49.1,0.35,0.31,0.33
BELM,2019-11-08 17:40:00 EST,42.24249,-78.03958,1370,25.0,25.3,25.0,72.2,17.3,0.000,0.024,0.00,0.000,2.1,2.9,0.5,7,12,2.6,3.6,0.5,10,13,2.6,3.6,0.5,10,13,0,28.80,0.7,0,0,0,41.2,46.0,49.1,0.35,0.31,0.33
BELM,2019-11-08 17:45:00 EST,42.24249,-78.03958,1370,24.8,25.1,24.8,73.5,17.5,0.000,0.024,0.00,0.000,1.8,2.6,0.3,360,11,2.4,3.5,0.4,2,11,2.4,3.5,0.4,2,11,0,28.80,0.6,0,0,0,41.2,46.0,49.1,0.35,0.31,0.33
BELM,2019-11-08 17:50:00 EST,42.24249,-78.03958,1370,24.5,24.9,24.5,75.5,17.9,0.000,0.024,0.00,0.000,1.3,2.0,0.3,0,9,1.9,2.8,0.3,0,11,1.9,2.8,0.3,0,11,0,28.81,0.6,0,0,0,41.2,46.0,49.1,0.35,0.31,0.33
BELM,2019-11-08 17:55:00 EST,42.24249,-78.03958,1370,24.0,24.7,24.0,78.9,18.4,0.000,0.024,0.00,0.000,1.3,2.6,0.5,349,7,2.1,3.2,0.5,353,9,2.1,3.2,0.5,353,9,0,28.81,0.6,0,0,0,41.1,46.0,49.1,0.35,0.31,0.33
BELM,2019-11-08 18:00:00 EST,42.24249,-78.03958,1370,23.8,24.2,23.8,81.2,18.8,0.000,0.024,0.00,0.000,1.1,1.6,0.4,337,6,1.7,2.4,0.4,341,12,1.7,2.4,0.4,341,12,0,28.81,0.6,0,0,0,41.0,45.9,49.1,0.35,0.31,0.33
BELM,2019-11-08 18:05:00 EST,42.24249,-78.03958,1370,23.7,23.9,23.7,81.0,18.7,0.000,0.024,0.00,0.000,1.3,1.5,0.1,330,11,1.7,2.4,0.3,333,11,1.7,2.4,0.3,333,11,0,28.81,0.6,0,0,0,41.0,45.9,49.1,0.35,0.31,0.33
BELM,2019-11-08 18:10:00 EST,42.24249,-78.03958,1370,23.4,23.7,23.4,82.4,18.9,0.000,0.024,0.00,0.000,1.5,2.2,0.4,4,5,2.1,2.8,0.3,7,6,2.1,2.8,0.3,7,6,0,28.81,0.7,0,0,0,41.0,45.9,49.1,0.35,0.31,0.33
BELM,2019-11-08 18:15:00 EST,42.24249,-78.03958,1370,23.2,23.7,23.2,80.2,18.0,0.000,0.024,0.00,0.000,1.8,2.3,0.2,6,14,2.4,3.1,0.3,10,9,2.4,3.1,0.3,10,9,0,28.81,0.7,0,0,0,41.0,45.9,49.1,0.35,0.31,0.33
BELM,2019-11-08 18:20:00 EST,42.24249,-78.03958,1370,23.2,23.6,23.2,78.9,17.7,0.000,0.024,0.00,0.000,1.7,2.1,0.2,8,7,2.2,3.6,0.4,11,9,2.2,3.6,0.4,11,9,0,28.81,0.6,0,0,0,41.0,45.9,49.1,0.35,0.31,0.33
BELM,2019-11-08 18:25:00 EST,42.24249,-78.03958,1370,23.1,23.6,23.1,81.3,18.2,0.000,0.024,0.00,0.000,0.8,1.8,0.4,358,11,1.5,2.7,0.4,0,13,1.5,2.7,0.4,0,13,0,28.81,0.6,0,0,0,40.9,45.9,49.1,0.35,0.31,0.33
BELM,2019-11-08 18:30:00 EST,42.24249,-78.03958,1370,22.5,23.3,22.5,84.3,18.5,0.000,0.024,0.00,0.000,1.0,1.7,0.3,357,9,1.6,2.4,0.3,4,10,1.6,2.4,0.3,4,10,0,28.81,0.7,0,0,0,40.8,45.9,49.1,0.35,0.31,0.33
BELM,2019-11-08 18:35:00 EST,42.24249,-78.03958,1370,22.5,23.1,22.5,84.7,18.6,0.000,0.024,0.00,0.000,0.6,1.3,0.4,359,12,1.3,1.9,0.3,6,12,1.3,1.9,0.3,6,12,0,28.82,0.6,0,0,0,40.8,45.9,49.1,0.35,0.31,0.33
BELM,2019-11-08 18:40:00 EST,42.24249,-78.03958,1370,22.4,22.9,22.4,85.0,18.5,0.000,0.024,0.00,0.000,1.0,1.6,0.3,1,7,1.6,2.3,0.3,6,10,1.6,2.3,0.3,6,10,0,28.82,0.7,0,0,0,40.8,45.9,49.1,0.35,0.31,0.33
BELM,2019-11-08 18:45:00 EST,42.24249,-78.03958,1370,22.5,22.8,22.5,85.3,18.7,0.000,0.024,0.00,0.000,0.7,1.9,0.5,13,16,1.2,2.7,0.6,20,18,1.2,2.7,0.6,20,18,0,28.82,0.7,0,0,0,40.8,45.9,49.1,0.35,0.31,0.33
BELM,2019-11-08 18:50:00 EST,42.24249,-78.03958,1370,21.8,22.3,21.8,86.7,18.5,0.000,0.024,0.00,0.000,0.4,1.8,0.5,220,7,0.6,2.1,0.7,227,9,0.6,2.1,0.7,227,9,0,28.82,0.7,0,0,0,40.6,45.9,49.1,0.35,0.31,0.33
BELM,2019-11-08 18:55:00 EST,42.24249,-78.03958,1370,21.2,21.7,21.2,86.0,17.7,0.000,0.024,0.00,0.000,1.5,2.0,0.3,180,15,1.8,2.4,0.3,183,17,1.8,2.4,0.3,183,17,0,28.82,0.7,0,0,0,40.6,45.9,49.1,0.35,0.31,0.33
BELM,2019-11-08 19:00:00 EST,42.24249,-78.03958,1370,21.0,21.7,21.0,86.7,17.6,0.000,0.024,0.00,0.000,0.7,1.9,0.6,145,1,1.2,1.9,0.3,122,24,1.2,1.9,0.3,122,24,0,28.82,0.8,0,0,0,40.6,45.9,49.1,0.35,0.31,0.33
BELM,2019-11-08 19:05:00 EST,42.24249,-78.03958,1370,21.2,21.8,21.2,89.1,18.5,0.000,0.024,0.00,0.000,0.5,1.4,0.3,63,5,1.1,2.2,0.4,56,13,1.1,2.2,0.4,56,13,0,28.82,0.7,0,0,0,40.6,45.9,49.1,0.35,0.31,0.33
BELM,2019-11-08 19:10:00 EST,42.24249,-78.03958,1370,21.2,21.7,21.2,89.4,18.5,0.000,0.024,0.00,0.000,0.3,0.9,0.3,60,0,0.8,1.4,0.4,64,16,0.8,1.4,0.4,64,16,0,28.82,0.7,0,0,0,40.6,45.9,49.1,0.35,0.31,0.33
BELM,2019-11-08 19:15:00 EST,42.24249,-78.03958,1370,21.0,21.7,21.0,88.5,18.1,0.000,0.024,0.00,0.000,0.0,0.0,0.0,0,0,0.1,0.9,0.2,106,3,0.1,0.9,0.2,106,3,0,28.82,0.7,0,0,0,40.5,45.9,49.1,0.35,0.31,0.33
BELM,2019-11-08 19:20:00 EST,42.24249,-78.03958,1370,20.8,21.5,20.8,88.5,18.0,0.000,0.024,0.00,0.000,0.0,0.0,0.0,0,0,0.1,0.9,0.3,77,3,0.1,0.9,0.3,77,3,0,28.82,0.7,0,0,0,40.5,45.9,49.1,0.35,0.31,0.33
BELM,2019-11-08 19:25:00 EST,42.24249,-78.03958,1370,20.7,21.4,20.7,88.5,17.9,0.000,0.024,0.00,0.000,0.0,0.0,0.0,0,0,0.0,0.0,0.0,0,0,0.0,0.0,0.0,0,0,0,28.82,0.7,0,0,0,40.5,45.9,49.1,0.35,0.31,0.33
BELM,2019-11-08 19:30:00 EST,42.24249,-78.03958,1370,20.7,21.2,20.7,89.9,18.2,0.000,0.024,0.00,0.000,0.0,0.0,0.0,0,0,0.3,1.0,0.4,190,16,0.3,1.0,0.4,190,16,0,28.82,0.7,0,0,0,40.5,45.9,49.1,0.35,0.31,0.33
BELM,2019-11-08 19:35:00 EST,42.24249,-78.03958,1370,20.5,21.0,20.5,89.5,17.9,0.000,0.024,0.00,0.000,0.0,0.0,0.0,0,0,0.5,1.1,0.4,217,10,0.5,1.1,0.4,217,10,0,28.83,0.7,0,0,0,40.3,45.9,49.1,0.35,0.31,0.33
BELM,2019-11-08 19:40:00 EST,42.24249,-78.03958,1370,20.5,20.9,20.5,89.1,17.8,0.000,0.024,0.00,0.000,0.0,0.0,0.0,0,0,0.1,0.7,0.2,179,3,0.1,0.7,0.2,179,3,0,28.83,0.7,0,0,0,40.3,45.9,49.1,0.35,0.31,0.33
BELM,2019-11-08 19:45:00 EST,42.24249,-78.03958,1370,20.4,20.9,20.4,89.1,17.7,0.000,0.024,0.00,0.000,0.0,0.0,0.0,0,0,0.0,0.0,0.0,0,0,0.0,0.0,0.0,0,0,0,28.83,0.7,0,0,0,40.3,45.9,49.1,0.35,0.31,0.33
BELM,2019-11-08 19:50:00 EST,42.24249,-78.03958,1370,20.0,20.7,20.0,89.7,17.5,0.000,0.024,0.00,0.000,0.0,0.0,0.0,0,0,0.1,0.8,0.2,294,3,0.1,0.8,0.2,294,3,0,28.83,0.7,0,0,0,40.3,45.9,49.1,0.35,0.31,0.33
BELM,2019-11-08 19:55:00 EST,42.24249,-78.03958,1370,19.9,20.6,19.9,89.4,17.2,0.000,0.024,0.00,0.000,0.0,0.0,0.0,0,0,0.5,1.2,0.5,157,14,0.5,1.2,0.5,157,14,0,28.83,0.7,0,0,0,40.2,45.9,49.1,0.35,0.31,0.33
BELM,2019-11-08 20:00:00 EST,42.24249,-78.03958,1370,19.6,20.4,19.6,89.2,16.9,0.000,0.024,0.00,0.000,0.1,0.9,0.3,168,0,0.8,1.4,0.4,200,9,0.8,1.4,0.4,200,9,0,28.83,0.7,0,0,0,40.1,45.9,49.1,0.35,0.31,0.33
BELM,2019-11-08 20:05:00 EST,42.24249,-78.03958,1370,19.1,19.9,19.1,89.2,16.4,0.000,0.024,0.00,0.000,1.0,1.5,0.3,178,6,1.4,1.9,0.3,187,10,1.4,1.9,0.3,187,10,0,28.83,0.7,0,0,0,40.1,45.9,49.1,0.35,0.31,0.33
BELM,2019-11-08 20:10:00 EST,42.24249,-78.03958,1370,18.9,19.5,18.9,90.3,16.6,0.000,0.024,0.00,0.000,0.0,0.4,0.1,177,0,0.6,1.1,0.4,251,21,0.6,1.1,0.4,251,21,0,28.83,0.7,0,0,0,40.1,45.9,49.1,0.35,0.31,0.33
BELM,2019-11-08 20:15:00 EST,42.24249,-78.03958,1370,18.8,19.5,18.8,91.2,16.7,0.000,0.024,0.00,0.000,0.0,0.0,0.0,0,0,0.6,1.3,0.4,78,53,0.6,1.3,0.4,78,53,0,28.83,0.7,0,0,0,40.0,45.9,49.1,0.35,0.31,0.33
BELM,2019-11-08 20:20:00 EST,42.24249,-78.03958,1370,18.6,19.6,18.6,91.7,16.5,0.000,0.024,0.00,0.000,0.0,0.0,0.0,0,0,0.2,1.4,0.4,353,3,0.2,1.4,0.4,353,3,0,28.83,0.7,0,0,0,39.9,45.9,49.1,0.35,0.31,0.33
BELM,2019-11-08 20:25:00 EST,42.24249,-78.03958,1370,18.6,19.2,18.6,92.1,16.7,0.000,0.024,0.00,0.000,0.7,1.4,0.5,205,12,1.1,1.8,0.5,206,18,1.1,1.8,0.5,206,18,0,28.83,0.7,0,0,0,39.9,45.9,49.1,0.35,0.31,0.33
BELM,2019-11-08 20:30:00 EST,42.24249,-78.03958,1370,18.6,19.1,18.6,92.1,16.7,0.000,0.024,0.00,0.000,0.0,0.7,0.2,189,0,0.2,1.4,0.4,166,6,0.2,1.4,0.4,166,6,0,28.83,0.7,0,0,0,39.9,45.9,49.1,0.35,0.31,0.33
BELM,2019-11-08 20:35:00 EST,42.24249,-78.03958,1370,18.4,19.1,18.4,92.3,16.6,0.000,0.024,0.00,0.000,0.0,0.7,0.1,189,0,0.2,1.1,0.4,188,4,0.2,1.1,0.4,188,4,0,28.82,0.7,0,0,0,39.8,45.9,49.1,0.35,0.31,0.33
BELM,2019-11-08 20:40:00 EST,42.24249,-78.03958,1370,18.2,19.1,18.2,91.7,16.2,0.000,0.024,0.00,0.000,0.3,1.2,0.4,189,0,0.8,1.7,0.6,169,16,0.8,1.7,0.6,169,16,0,28.82,0.8,0,0,0,39.7,45.9,49.1,0.35,0.31,0.33
BELM,2019-11-08 20:45:00 EST,42.24249,-78.03958,1370,18.2,18.7,18.2,91.7,16.2,0.000,0.024,0.00,0.000,0.7,1.9,0.5,193,12,1.2,2.3,0.3,190,24,1.2,2.3,0.3,190,24,0,28.82,0.7,0,0,0,39.7,45.9,49.1,0.35,0.31,0.33
BELM,2019-11-08 20:50:00 EST,42.24249,-78.03958,1370,17.7,18.3,17.7,91.2,15.6,0.000,0.024,0.00,0.000,1.5,2.5,0.6,189,14,1.7,2.7,0.5,189,18,1.7,2.7,0.5,189,18,0,28.82,0.7,0,0,0,39.7,45.8,49.1,0.35,0.31,0.33
BELM,2019-11-08 20:55:00 EST,42.24249,-78.03958,1370,17.5,18.4,17.5,91.6,15.5,0.000,0.024,0.00,0.000,0.4,1.4,0.5,156,6,0.8,1.7,0.6,157,15,0.8,1.7,0.6,157,15,0,28.82,0.7,0,0,0,39.7,45.8,49.0,0.35,0.31,0.33
BELM,2019-11-08 21:00:00 EST,42.24249,-78.03958,1370,17.6,18.6,17.6,92.1,15.7,0.000,0.024,0.00,0.000,1.5,2.8,0.8,208,5,1.8,3.2,0.7,214,8,1.8,3.2,0.7,214,8,0,28.82,0.7,0,0,0,39.6,45.7,49.0,0.35,0.31,0.33
BELM,2019-11-08 21:05:00 EST,42.24249,-78.03958,1370,16.9,18.4,16.9,91.1,14.7,0.000,0.024,0.00,0.000,2.5,3.9,0.5,189,10,2.7,3.9,0.5,196,11,2.7,3.9,0.5,196,11,0,28.82,0.8,0,0,0,39.6,45.7,48.8,0.35,0.31,0.33
BELM,2019-11-08 21:10:00 EST,42.24249,-78.03958,1370,17.4,18.5,11.7,92.7,15.7,0.000,0.024,0.00,0.000,3.5,5.4,0.6,172,13,3.7,5.8,0.7,177,14,3.7,5.8,0.7,177,14,0,28.82,0.7,0,0,0,39.6,45.7,48.9,0.35,0.31,0.33
BELM,2019-11-08 21:15:00 EST,42.24249,-78.03958,1370,17.7,18.8,12.4,92.1,15.8,0.000,0.024,0.00,0.000,3.3,5.6,0.7,170,14,3.4,6.1,0.8,175,16,3.4,6.1,0.8,175,16,0,28.82,0.7,0,0,0,39.6,45.7,49.0,0.35,0.31,0.33
BELM,2019-11-08 21:20:00 EST,42.24249,-78.03958,1370,18.0,18.8,12.3,90.9,15.8,0.000,0.024,0.00,0.000,3.5,5.0,0.7,183,15,3.7,5.8,0.8,189,15,3.7,5.8,0.8,189,15,0,28.82,0.7,0,0,0,39.5,45.7,49.0,0.35,0.31,0.33
BELM,2019-11-08 21:25:00 EST,42.24249,-78.03958,1370,17.8,18.6,11.9,90.4,15.4,0.000,0.024,0.00,0.000,3.5,5.8,0.8,182,12,3.8,6.7,0.9,186,12,3.8,6.7,0.9,186,12,0,28.82,0.8,0,0,0,39.4,45.7,48.8,0.35,0.31,0.33
BELM,2019-11-08 21:30:00 EST,42.24249,-78.03958,1370,18.2,18.7,12.7,90.5,15.9,0.000,0.024,0.00,0.000,3.3,4.6,0.7,164,15,3.6,5.7,0.8,168,16,3.6,5.7,0.8,168,16,0,28.82,0.8,0,0,0,39.4,45.7,48.7,0.35,0.31,0.33
BELM,2019-11-08 21:35:00 EST,42.24249,-78.03958,1370,18.6,18.8,13.0,89.5,16.0,0.000,0.024,0.00,0.000,3.4,5.8,0.8,152,17,3.7,6.7,1.0,156,17,3.7,6.7,1.0,156,17,0,28.82,0.7,0,0,0,39.4,45.7,48.7,0.35,0.31,0.33
BELM,2019-11-08 21:40:00 EST,42.24249,-78.03958,1370,18.8,18.9,12.7,88.8,16.0,0.000,0.024,0.00,0.000,3.8,6.3,0.9,158,20,4.1,7.5,1.1,163,20,4.1,7.5,1.1,163,20,0,28.82,0.8,0,0,0,39.4,45.7,48.7,0.35,0.31,0.33
BELM,2019-11-08 21:45:00 EST,42.24249,-78.03958,1370,18.5,18.8,13.4,87.9,15.5,0.000,0.024,0.00,0.000,3.0,5.6,0.8,169,16,3.4,5.7,0.9,173,17,3.4,5.7,0.9,173,17,0,28.82,0.8,0,0,0,39.4,45.7,48.7,0.35,0.31,0.33
BELM,2019-11-08 21:50:00 EST,42.24249,-78.03958,1370,18.0,18.6,13.3,88.1,15.1,0.000,0.024,0.00,0.000,2.9,4.9,0.8,183,17,3.1,5.0,0.8,189,18,3.1,5.0,0.8,189,18,0,28.82,0.7,0,0,0,39.4,45.7,48.7,0.35,0.31,0.33
BELM,2019-11-08 21:55:00 EST,42.24249,-78.03958,1370,17.4,18.2,11.5,89.1,14.7,0.000,0.024,0.00,0.000,3.7,5.3,0.6,195,10,3.8,5.6,0.7,200,10,3.8,5.6,0.7,200,10,0,28.82,0.8,0,0,0,39.3,45.7,48.7,0.35,0.31,0.33
BELM,2019-11-08 22:00:00 EST,42.24249,-78.03958,1370,17.8,18.3,11.6,90.0,15.3,0.000,0.024,0.00,0.000,3.6,7.1,1.3,179,17,4.0,7.6,1.3,182,16,4.0,7.6,1.3,182,16,0,28.82,0.8,0,0,0,39.2,45.7,48.7,0.35,0.31,0.33
BELM,2019-11-08 22:05:00 EST,42.24249,-78.03958,1370,17.5,18.2,11.5,89.4,14.9,0.000,0.024,0.00,0.000,3.7,6.1,0.6,185,12,3.9,6.8,0.8,189,13,3.9,6.8,0.8,189,13,0,28.82,0.8,0,0,0,39.2,45.7,48.7,0.35,0.31,0.33
BELM,2019-11-08 22:10:00 EST,42.24249,-78.03958,1370,17.7,18.3,11.5,89.2,15.1,0.000,0.024,0.00,0.000,3.9,5.2,0.7,182,12,4.1,5.4,0.8,186,12,4.1,5.4,0.8,186,12,0,28.82,0.7,0,0,0,39.2,45.7,48.7,0.35,0.31,0.33
BELM,2019-11-08 22:15:00 EST,42.24249,-78.03958,1370,17.6,18.1,11.6,88.7,14.8,0.000,0.024,0.00,0.000,3.6,5.6,0.7,193,16,3.9,6.1,0.8,198,16,3.9,6.1,0.8,198,16,0,28.82,0.7,0,0,0,39.2,45.7,48.7,0.35,0.31,0.33
BELM,2019-11-08 22:20:00 EST,42.24249,-78.03958,1370,17.2,17.7,11.3,90.1,14.8,0.000,0.024,0.00,0.000,3.6,5.8,1.0,206,12,3.8,5.9,1.1,211,11,3.8,5.9,1.1,211,11,0,28.82,0.8,0,0,0,39.2,45.7,48.7,0.35,0.31,0.33
BELM,2019-11-08 22:25:00 EST,42.24249,-78.03958,1370,16.8,17.3,10.4,90.9,14.6,0.000,0.024,0.00,0.000,3.8,4.6,0.4,181,5,4.1,5.4,0.5,186,6,4.1,5.4,0.5,186,6,0,28.82,0.7,0,0,0,39.2,45.7,48.7,0.35,0.31,0.33
BELM,2019-11-08 22:30:00 EST,42.24249,-78.03958,1370,16.7,17.1,10.4,91.6,14.7,0.000,0.024,0.00,0.000,3.8,5.0,0.6,187,7,4.0,5.4,0.7,190,7,4.0,5.4,0.7,190,7,0,28.82,0.7,0,0,0,39.2,45.6,48.7,0.35,0.31,0.33
BELM,2019-11-08 22:35:00 EST,42.24249,-78.03958,1370,16.7,17.2,9.8,91.6,14.7,0.000,0.024,0.00,0.000,4.1,6.0,0.8,178,11,4.4,6.5,0.8,182,11,4.4,6.5,0.8,182,11,0,28.81,0.9,0,0,0,39.2,45.6,48.7,0.35,0.31,0.33
BELM,2019-11-08 22:40:00 EST,42.24249,-78.03958,1370,17.5,17.7,10.6,90.9,15.3,0.000,0.024,0.00,0.000,4.2,6.7,1.0,166,12,4.5,6.9,1.1,168,11,4.5,6.9,1.1,168,11,0,28.81,0.8,0,0,0,39.2,45.6,48.7,0.35,0.31,0.33
BELM,2019-11-08 22:45:00 EST,42.24249,-78.03958,1370,17.4,17.6,11.5,89.9,15.0,0.000,0.024,0.00,0.000,3.6,5.6,0.7,185,14,3.8,6.0,0.8,189,15,3.8,6.0,0.8,189,15,0,28.81,0.8,0,0,0,39.2,45.5,48.7,0.35,0.31,0.33
BELM,2019-11-08 22:50:00 EST,42.24249,-78.03958,1370,17.0,17.4,11.3,89.4,14.4,0.000,0.024,0.00,0.000,3.4,4.7,0.6,195,10,3.6,5.0,0.7,200,11,3.6,5.0,0.7,200,11,0,28.81,0.8,0,0,0,39.2,45.5,48.7,0.35,0.31,0.33
BELM,2019-11-08 22:55:00 EST,42.24249,-78.03958,1370,16.7,17.3,11.1,89.9,14.2,0.000,0.024,0.00,0.000,3.4,4.7,0.6,191,13,3.5,5.6,0.8,197,13,3.5,5.6,0.8,197,13,0,28.81,0.8,0,0,0,39.2,45.5,48.7,0.35,0.31,0.33
BELM,2019-11-08 23:00:00 EST,42.24249,-78.03958,1370,16.9,17.4,10.2,90.1,14.5,0.000,0.024,0.00,0.000,4.2,6.3,0.8,189,11,4.3,6.8,0.9,194,10,4.3,6.8,0.9,194,10,0,28.81,0.8,0,0,0,39.2,45.5,48.7,0.35,0.31,0.33
BELM,2019-11-08 23:05:00 EST,42.24249,-78.03958,1370,16.9,17.3,10.3,89.5,14.4,0.000,0.024,0.00,0.000,4.0,6.1,0.9,189,14,4.3,7.1,1.0,193,13,4.3,7.1,1.0,193,13,0,28.81,0.8,0,0,0,39.2,45.5,48.7,0.35,0.31,0.33
BELM,2019-11-08 23:10:00 EST,42.24249,-78.03958,1370,17.1,17.4,9.9,89.3,14.5,0.000,0.024,0.00,0.000,4.4,5.9,0.8,188,11,4.7,7.0,0.9,191,10,4.7,7.0,0.9,191,10,0,28.81,0.8,0,0,0,39.2,45.5,48.7,0.35,0.31,0.33
BELM,2019-11-08 23:15:00 EST,42.24249,-78.03958,1370,17.3,17.4,10.5,89.2,14.7,0.000,0.024,0.00,0.000,4.1,6.3,0.8,185,15,4.4,7.3,1.0,189,15,4.4,7.3,1.0,189,15,0,28.80,0.8,0,0,0,39.2,45.5,48.7,0.35,0.31,0.33
BELM,2019-11-08 23:20:00 EST,42.24249,-78.03958,1370,17.3,17.4,11.0,88.9,14.6,0.000,0.024,0.00,0.000,3.6,5.4,1.0,182,14,4.0,6.3,1.2,187,15,4.0,6.3,1.2,187,15,0,28.80,0.8,0,0,0,39.1,45.5,48.7,0.35,0.31,0.33
BELM,2019-11-08 23:25:00 EST,42.24249,-78.03958,1370,17.4,17.5,9.8,89.0,14.7,0.000,0.024,0.00,0.000,4.7,8.3,1.3,176,17,5.1,10.3,1.6,181,16,5.1,10.3,1.6,181,16,0,28.80,0.8,0,0,0,39.0,45.5,48.7,0.35,0.31,0.33
BELM,2019-11-08 23:30:00 EST,42.24249,-78.03958,1370,17.4,17.3,10.5,88.7,14.6,0.000,0.024,0.00,0.000,4.4,6.3,0.9,171,21,4.5,7.3,1.1,175,22,4.5,7.3,1.1,175,22,0,28.80,0.8,0,0,0,39.0,45.5,48.7,0.35,0.31,0.33
BELM,2019-11-08 23:35:00 EST,42.24249,-78.03958,1370,17.2,17.2,10.1,88.7,14.4,0.000,0.024,0.00,0.000,4.2,6.4,0.9,181,17,4.6,6.6,1.1,185,15,4.6,6.6,1.1,185,15,0,28.80,0.8,0,0,0,39.0,45.5,48.7,0.35,0.31,0.33
BELM,2019-11-08 23:40:00 EST,42.24249,-78.03958,1370,17.1,17.1,10.8,89.0,14.4,0.000,0.024,0.00,0.000,3.8,7.0,1.1,165,17,4.1,6.5,1.0,169,17,4.1,6.5,1.0,169,17,0,28.80,0.8,0,0,0,39.0,45.5,48.7,0.35,0.31,0.33
BELM,2019-11-08 23:45:00 EST,42.24249,-78.03958,1370,17.1,17.0,10.6,89.0,14.4,0.000,0.024,0.00,0.000,3.8,5.9,0.8,181,18,4.2,6.9,1.0,186,18,4.2,6.9,1.0,186,18,0,28.80,0.8,0,0,0,39.0,45.5,48.7,0.35,0.31,0.33
BELM,2019-11-08 23:50:00 EST,42.24249,-78.03958,1370,17.0,17.0,10.5,89.0,14.3,0.000,0.024,0.00,0.000,3.9,5.8,0.9,181,17,4.1,7.0,1.1,185,15,4.1,7.0,1.1,185,15,0,28.80,0.8,0,0,0,39.0,45.5,48.7,0.35,0.31,0.33
BELM,2019-11-08 23:55:00 EST,42.24249,-78.03958,1370,17.0,17.0,12.0,88.8,14.2,0.000,0.024,0.00,0.000,2.9,4.9,0.8,180,19,3.2,6.1,1.0,183,19,3.2,6.1,1.0,183,19,0,28.80,0.8,0,0,0,39.0,45.5,48.7,0.35,0.31,0.33
BERK,2019-11-08 00:00:00 EST,42.32030,-76.20319,1291,21.6,22.3,21.6,96.2,20.7,0.000,0.148,0.00,0.000,2.7,3.2,0.2,333,2,2.8,3.4,0.3,332,4,2.8,3.4,0.3,332,4,0,28.70,-0.2,0,0,0,43.5,46.9,48.5,0.31,0.35,0.42
BERK,2019-11-08 00:05:00 EST,42.32030,-76.20319,1291,21.5,22.3,17.4,96.3,20.6,0.000,0.000,0.00,0.000,2.4,3.1,0.3,347,9,3.0,4.1,0.5,349,9,3.0,4.1,0.5,349,9,0,28.70,-0.2,0,0,0,43.5,46.9,48.5,0.31,0.35,0.42
BERK,2019-11-08 00:10:00 EST,42.32030,-76.20319,1291,21.7,22.8,17.4,96.5,20.9,0.000,0.000,0.00,0.000,2.8,3.3,0.2,341,15,3.2,4.2,0.4,342,15,3.2,4.2,0.4,342,15,0,28.70,-0.1,0,0,0,43.5,46.9,48.5,0.31,0.35,0.42
BERK,2019-11-08 00:15:00 EST,42.32030,-76.20319,1291,22.0,22.8,22.0,96.2,21.1,0.000,0.000,0.00,0.000,2.6,3.2,0.2,331,5,2.8,3.3,0.3,331,10,2.8,3.3,0.3,331,10,0,28.70,-0.2,0,0,0,43.5,46.9,48.5,0.31,0.35,0.42
BERK,2019-11-08 00:20:00 EST,42.32030,-76.20319,1291,21.6,22.9,17.3,95.6,20.5,0.000,0.000,0.00,0.000,2.5,3.1,0.3,354,7,3.1,3.9,0.3,357,7,3.1,3.9,0.3,357,7,0,28.70,-0.2,0,0,0,43.3,46.9,48.4,0.31,0.35,0.42
BERK,2019-11-08 00:25:00 EST,42.32030,-76.20319,1291,21.5,22.9,21.5,95.7,20.5,0.000,0.000,0.00,0.000,2.4,3.7,0.6,346,11,2.9,4.4,0.8,347,12,2.9,4.4,0.8,347,12,0,28.70,-0.2,0,0,0,43.3,46.8,48.4,0.31,0.35,0.42
BERK,2019-11-08 00:30:00 EST,42.32030,-76.20319,1291,21.6,22.8,21.6,96.0,20.7,0.000,0.000,0.00,0.000,2.6,3.3,0.3,337,7,2.9,3.7,0.3,337,9,2.9,3.7,0.3,337,9,0,28.70,-0.2,0,0,0,43.3,46.8,48.4,0.31,0.35,0.42
BERK,2019-11-08 00:35:00 EST,42.32030,-76.20319,1291,21.1,22.8,17.0,95.5,20.1,0.000,0.000,0.00,0.000,2.5,3.1,0.4,3,8,3.0,3.8,0.5,6,9,3.0,3.8,0.5,6,9,0,28.69,-0.1,0,0,0,43.3,46.8,48.4,0.31,0.35,0.42
BERK,2019-11-08 00:40:00 EST,42.32030,-76.20319,1291,21.6,23.1,21.6,96.2,20.6,0.000,0.000,0.00,0.000,1.3,2.2,0.6,46,12,1.6,2.8,0.4,61,30,1.6,2.8,0.4,61,30,0,28.69,-0.2,0,0,0,43.3,46.8,48.4,0.31,0.35,0.42
BERK,2019-11-08 00:45:00 EST,42.32030,-76.20319,1291,21.6,22.5,21.6,96.4,20.8,0.000,0.000,0.00,0.000,0.5,1.1,0.4,102,2,1.1,1.7,0.4,100,31,1.1,1.7,0.4,100,31,0,28.68,-0.1,0,0,0,43.3,46.8,48.4,0.31,0.35,0.42
BERK,2019-11-08 00:50:00 EST,42.32030,-76.20319,1291,22.2,22.7,22.2,96.6,21.4,0.000,0.000,0.00,0.000,1.0,3.7,1.1,244,55,1.4,4.2,1.2,263,57,1.4,4.2,1.2,263,57,0,28.68,-0.1,0,0,0,43.2,46.8,48.4,0.31,0.35,0.42
BERK,2019-11-08 00:55:00 EST,42.32030,-76.20319,1291,22.3,22.7,18.0,96.8,21.6,0.000,0.000,0.00,0.000,3.1,4.5,0.8,286,18,3.2,4.9,1.0,287,17,3.2,4.9,1.0,287,17,0,28.69,-0.2,0,0,0,43.2,46.8,48.4,0.31,0.35,0.42
BERK,2019-11-08 01:00:00 EST,42.32030,-76.20319,1291,21.7,22.2,21.7,95.5,20.6,0.000,0.000,0.00,0.000,1.5,2.0,0.3,347,11,1.9,2.8,0.4,351,12,1.9,2.8,0.4,351,12,0,28.69,-0.1,0,0,0,43.2,46.8,48.4,0.31,0.35,0.42
BERK,2019-11-08 01:05:00 EST,42.32030,-76.20319,1291,22.0,22.5,22.0,95.9,21.0,0.000,0.000,0.00,0.000,0.7,2.0,0.6,318,30,1.2,2.4,0.6,308,39,1.2,2.4,0.6,308,39,0,28.69,-0.1,0,0,0,43.2,46.8,48.4,0.31,0.35,0.42
BERK,2019-11-08 01:10:00 EST,42.32030,-76.20319,1291,22.5,23.0,22.5,96.3,21.6,0.000,0.000,0.00,0.000,1.3,1.8,0.3,305,32,1.7,2.2,0.3,318,33,1.7,2.2,0.3,318,33,0,28.69,-0.1,0,0,0,43.2,46.8,48.4,0.31,0.35,0.42
BERK,2019-11-08 01:15:00 EST,42.32030,-76.20319,1291,22.4,22.9,22.4,95.8,21.3,0.000,0.000,0.00,0.000,1.6,2.3,0.4,333,10,1.8,2.4,0.3,331,10,1.8,2.4,0.3,331,10,0,28.69,-0.1,0,0,0,43.2,46.8,48.4,0.31,0.35,0.42
BERK,2019-11-08 01:20:00 EST,42.32030,-76.20319,1291,22.6,23.0,22.6,95.9,21.6,0.000,0.000,0.00,0.000,2.2,2.6,0.2,331,5,2.3,3.0,0.3,331,6,2.3,3.0,0.3,331,6,0,28.69,-0.1,0,0,0,43.1,46.8,48.4,0.31,0.35,0.42
BERK,2019-11-08 01:25:00 EST,42.32030,-76.20319,1291,22.9,23.6,22.9,96.1,22.0,0.000,0.000,0.00,0.000,2.8,3.2,0.3,329,2,2.7,3.2,0.3,328,5,2.7,3.2,0.3,328,5,0,28.69,-0.1,0,0,0,43.0,46.8,48.4,0.31,0.35,0.42
BERK,2019-11-08 01:30:00 EST,42.32030,-76.20319,1291,23.2,24.0,23.2,96.1,22.2,0.000,0.000,0.00,0.000,2.8,3.4,0.3,332,6,2.9,3.7,0.4,332,8,2.9,3.7,0.4,332,8,0,28.69,-0.1,0,0,0,43.0,46.8,48.4,0.31,0.35,0.42
BERK,2019-11-08 01:35:00 EST,42.32030,-76.20319,1291,23.6,24.1,23.6,96.1,22.7,0.000,0.000,0.00,0.000,2.6,3.2,0.2,321,7,2.5,3.4,0.4,320,7,2.5,3.4,0.4,320,7,0,28.69,-0.1,0,0,0,43.0,46.8,48.4,0.31,0.35,0.42
BERK,2019-11-08 01:40:00 EST,42.32030,-76.20319,1291,23.9,24.4,23.9,95.9,22.9,0.000,0.000,0.00,0.000,2.4,3.6,0.5,312,9,2.4,4.2,0.6,310,9,2.4,4.2,0.6,310,9,0,28.69,-0.1,0,0,0,43.0,46.8,48.4,0.31,0.35,0.42
BERK,2019-11-08 01:45:00 EST,42.32030,-76.20319,1291,24.2,24.7,24.2,95.5,23.1,0.000,0.000,0.00,0.000,2.2,3.4,0.5,309,12,2.2,3.5,0.5,308,12,2.2,3.5,0.5,308,12,0,28.69,-0.1,0,0,0,43.0,46.8,48.4,0.31,0.35,0.42
BERK,2019-11-08 01:50:00 EST,42.32030,-76.20319,1291,24.3,24.7,24.3,95.1,23.1,0.000,0.000,0.00,0.000,1.7,2.8,0.4,324,6,1.7,3.0,0.4,323,11,1.7,3.0,0.4,323,11,0,28.69,-0.2,0,0,0,43.0,46.8,48.4,0.31,0.35,0.42
BERK,2019-11-08 01:55:00 EST,42.32030,-76.20319,1291,24.6,24.9,24.6,94.9,23.3,0.000,0.000,0.00,0.000,1.6,2.6,0.5,294,12,1.8,2.7,0.5,293,12,1.8,2.7,0.5,293,12,0,28.69,-0.3,0,0,0,43.0,46.8,48.4,0.31,0.35,0.42
BERK,2019-11-08 02:00:00 EST,42.32030,-76.20319,1291,24.5,24.9,24.5,94.5,23.1,0.000,0.000,0.00,0.000,0.7,1.8,0.7,250,8,0.9,2.3,0.8,255,19,0.9,2.3,0.8,255,19,0,28.68,-0.3,0,0,0,42.8,46.8,48.4,0.31,0.35,0.42
BERK,2019-11-08 02:05:00 EST,42.32030,-76.20319,1291,24.4,24.8,24.4,94.0,22.9,0.000,0.000,0.00,0.000,1.1,2.9,0.9,262,22,1.4,3.6,1.0,267,28,1.4,3.6,1.0,267,28,0,28.68,-0.2,0,0,0,42.8,46.8,48.4,0.31,0.35,0.42
BERK,2019-11-08 02:10:00 EST,42.32030,-76.20319,1291,24.6,25.1,24.6,93.4,23.0,0.000,0.000,0.00,0.000,2.3,3.8,0.5,277,20,2.6,4.3,0.6,278,18,2.6,4.3,0.6,278,18,0,28.68,-0.4,0,0,0,42.8,46.8,48.4,0.31,0.35,0.42
BERK,2019-11-08 02:15:00 EST,42.32030,-76.20319,1291,24.4,24.9,24.4,92.6,22.6,0.000,0.000,0.00,0.000,2.7,3.7,0.4,288,13,2.9,4.2,0.5,289,14,2.9,4.2,0.5,289,14,0,28.68,-0.4,0,0,0,42.8,46.7,48.4,0.31,0.35,0.42
BERK,2019-11-08 02:20:00 EST,42.32030,-76.20319,1291,23.5,24.4,23.5,93.4,21.9,0.000,0.000,0.00,0.000,1.5,2.8,0.7,334,15,1.8,3.9,0.7,339,19,1.8,3.9,0.7,339,19,0,28.68,-0.3,0,0,0,42.8,46.8,48.4,0.31,0.35,0.42
BERK,2019-11-08 02:25:00 EST,42.32030,-76.20319,1291,23.4,24.4,23.4,95.2,22.2,0.000,0.000,0.00,0.000,1.4,2.6,0.6,8,10,1.9,3.2,0.5,8,11,1.9,3.2,0.5,8,11,0,28.68,-0.2,0,0,0,42.8,46.7,48.4,0.31,0.35,0.42
BERK,2019-11-08 02:30:00 EST,42.32030,-76.20319,1291,23.6,24.4,23.6,95.7,22.5,0.000,0.000,0.00,0.000,1.2,2.2,0.3,350,23,1.5,3.0,0.4,346,30,1.5,3.0,0.4,346,30,0,28.68,-0.3,0,0,0,42.8,46.7,48.4,0.31,0.35,0.42
BERK,2019-11-08 02:35:00 EST,42.32030,-76.20319,1291,23.9,24.4,23.9,95.4,22.8,0.000,0.000,0.00,0.000,0.8,1.8,0.4,305,2,1.1,2.0,0.5,311,18,1.1,2.0,0.5,311,18,0,28.68,-0.3,0,0,0,42.8,46.6,48.4,0.31,0.35,0.42
BERK,2019-11-08 02:40:00 EST,42.32030,-76.20319,1291,23.6,24.3,23.6,95.4,22.4,0.000,0.000,0.00,0.000,1.2,2.3,0.7,324,17,1.3,2.7,0.8,324,18,1.3,2.7,0.8,324,18,0,28.68,-0.3,0,0,0,42.8,46.6,48.4,0.31,0.35,0.42
BERK,2019-11-08 02:45:00 EST,42.32030,-76.20319,1291,23.7,24.5,23.7,95.5,22.6,0.000,0.000,0.00,0.000,1.8,3.9,0.8,312,26,2.2,5.3,0.9,310,29,2.2,5.3,0.9,310,29,0,28.68,-0.3,0,0,0,42.7,46.6,48.4,0.31,0.35,0.42
BERK,2019-11-08 02:50:00 EST,42.32030,-76.20319,1291,24.0,24.7,24.0,94.4,22.6,0.000,0.000,0.00,0.000,2.5,5.3,1.0,311,21,2.7,6.1,1.1,308,19,2.7,6.1,1.1,308,19,0,28.68,-0.3,0,0,0,42.7,46.6,48.4,0.31,0.35,0.42
BERK,2019-11-08 02:55:00 EST,42.32030,-76.20319,1291,24.5,25.2,20.2,92.6,22.6,0.000,0.000,0.00,0.000,3.3,5.0,0.9,303,13,3.4,5.6,1.0,303,15,3.4,5.6,1.0,303,15,0,28.68,-0.4,0,0,0,42.6,46.6,48.4,0.31,0.35,0.42
BERK,2019-11-08 03:00:00 EST,42.32030,-76.20319,1291,24.4,25.1,19.5,91.3,22.2,0.000,0.000,0.00,0.000,3.5,6.1,1.1,308,14,3.8,7.1,1.2,309,15,3.8,7.1,1.2,309,15,0,28.68,-0.4,0,0,0,42.6,46.6,48.4,0.31,0.35,0.42
BERK,2019-11-08 03:05:00 EST,42.32030,-76.20319,1291,25.1,25.5,20.3,91.2,22.9,0.000,0.000,0.00,0.000,3.5,6.4,1.0,282,13,3.8,7.0,1.1,281,12,3.8,7.0,1.1,281,12,0,28.68,-0.2,0,0,0,42.6,46.6,48.4,0.31,0.35,0.42
BERK,2019-11-08 03:10:00 EST,42.32030,-76.20319,1291,25.7,25.8,18.8,90.9,23.4,0.000,0.000,0.00,0.000,5.5,9.1,1.8,296,14,5.9,9.7,1.9,295,14,5.9,9.7,1.9,295,14,0,28.68,-0.2,0,0,0,42.6,46.6,48.4,0.31,0.35,0.42
BERK,2019-11-08 03:15:00 EST,42.32030,-76.20319,1291,25.6,25.7,19.3,91.8,23.6,0.004,0.004,0.00,0.004,5.0,7.0,0.8,305,12,5.3,7.7,0.9,305,10,5.3,7.7,0.9,305,10,0,28.68,-0.2,0,0,0,42.6,46.6,48.4,0.31,0.35,0.42
BERK,2019-11-08 03:20:00 EST,42.32030,-76.20319,1291,25.6,25.6,19.0,94.0,24.2,0.004,0.008,0.00,0.008,5.3,8.5,1.2,304,13,5.6,9.4,1.2,304,14,5.6,9.4,1.2,304,14,0,28.68,-0.3,0,0,0,42.6,46.6,48.4,0.31,0.35,0.42
BERK,2019-11-08 03:25:00 EST,42.32030,-76.20319,1291,25.7,25.6,18.6,95.3,24.5,0.009,0.017,0.00,0.017,5.8,8.5,1.3,306,11,6.1,10.2,1.3,306,11,6.1,10.2,1.3,306,11,0,28.68,0.3,0,0,0,42.6,46.6,48.4,0.31,0.35,0.42
BERK,2019-11-08 03:30:00 EST,42.32030,-76.20319,1291,25.7,25.6,18.6,96.2,24.7,0.007,0.024,0.00,0.024,5.8,8.0,0.9,303,8,6.1,8.2,0.9,303,8,6.1,8.2,0.9,303,8,0,28.68,0.5,0,0,0,42.6,46.6,48.4,0.31,0.35,0.42
BERK,2019-11-08 03:35:00 EST,42.32030,-76.20319,1291,25.8,25.7,17.8,96.5,24.9,0.004,0.028,0.00,0.028,6.9,10.4,1.8,309,9,7.2,11.2,1.9,310,9,7.2,11.2,1.9,310,9,0,28.68,0.7,0,0,0,42.5,46.6,48.4,0.31,0.35,0.42
BERK,2019-11-08 03:40:00 EST,42.32030,-76.20319,1291,25.9,25.9,17.4,96.4,25.0,0.002,0.030,0.00,0.030,7.8,11.1,1.5,315,12,8.1,11.6,1.6,315,11,8.1,11.6,1.6,315,11,0,28.68,0.6,0,0,0,42.5,46.6,48.4,0.31,0.35,0.42
BERK,2019-11-08 03:45:00 EST,42.32030,-76.20319,1291,25.9,25.9,17.5,96.5,25.1,0.004,0.033,0.00,0.033,7.5,11.6,1.7,314,8,7.9,11.5,1.8,313,7,7.9,11.5,1.8,313,7,0,28.68,0.7,0,0,0,42.4,46.6,48.4,0.31,0.35,0.42
BERK,2019-11-08 03:50:00 EST,42.32030,-76.20319,1291,26.0,25.9,19.0,96.7,25.1,0.006,0.040,0.00,0.040,5.6,8.6,1.8,311,13,6.0,9.3,1.9,311,13,6.0,9.3,1.9,311,13,0,28.68,0.5,0,0,0,42.4,46.6,48.4,0.31,0.35,0.42
BERK,2019-11-08 03:55:00 EST,42.32030,-76.20319,1291,25.9,25.9,17.7,97.0,25.2,0.002,0.042,0.00,0.042,7.2,9.6,1.2,308,9,7.6,10.2,1.2,308,9,7.6,10.2,1.2,308,9,0,28.68,0.9,0,0,0,42.4,46.6,48.4,0.31,0.35,0.42
BERK,2019-11-08 04:00:00 EST,42.32030,-76.20319,1291,26.0,26.0,16.9,97.1,25.3,0.000,0.042,0.00,0.042,8.6,12.1,1.4,311,9,8.9,13.5,1.4,311,7,8.9,13.5,1.4,311,7,0,28.68,1.2,0,0,0,42.4,46.4,48.4,0.31,0.34,0.42
BERK,2019-11-08 04:05:00 EST,42.32030,-76.20319,1291,26.0,26.1,16.0,96.6,25.2,0.000,0.042,0.00,0.042,10.2,15.1,2.1,316,10,10.6,15.5,2.2,316,9,10.6,15.5,2.2,316,9,0,28.68,1.1,0,0,0,42.4,46.4,48.4,0.31,0.35,0.42
BERK,2019-11-08 04:10:00 EST,42.32030,-76.20319,1291,26.0,26.1,16.2,95.7,25.0,0.000,0.042,0.00,0.042,9.8,13.7,1.9,321,11,10.1,15.0,2.0,321,10,10.1,15.0,2.0,321,10,0,28.69,1.2,0,0,0,42.4,46.4,48.4,0.31,0.35,0.42
BERK,2019-11-08 04:15:00 EST,42.32030,-76.20319,1291,26.1,26.1,16.4,94.8,24.8,0.002,0.044,0.00,0.040,9.6,14.2,1.9,323,9,10.0,15.3,1.9,322,9,10.0,15.3,1.9,322,9,0,28.69,1.2,0,0,0,42.4,46.4,48.4,0.31,0.35,0.42
BERK,2019-11-08 04:20:00 EST,42.32030,-76.20319,1291,25.9,26.1,15.7,93.9,24.4,0.000,0.044,0.00,0.036,10.4,15.5,2.3,326,11,10.9,15.9,2.3,328,10,10.9,15.9,2.3,328,10,0,28.69,1.2,0,0,0,42.4,46.4,48.4,0.31,0.35,0.42
BERK,2019-11-08 04:25:00 EST,42.32030,-76.20319,1291,26.0,26.1,15.6,92.3,24.0,0.000,0.044,0.00,0.028,10.8,18.1,2.8,324,11,11.3,20.2,2.8,325,10,11.3,20.2,2.8,325,10,0,28.69,1.2,0,0,0,42.4,46.4,48.4,0.31,0.35,0.42
BERK,2019-11-08 04:30:00 EST,42.32030,-76.20319,1291,25.8,26.0,15.2,91.5,23.7,0.000,0.044,0.00,0.021,11.0,16.7,2.2,321,14,11.7,16.9,2.2,319,13,11.7,16.9,2.2,319,13,0,28.69,1.2,0,0,0,42.4,46.4,48.4,0.31,0.35,0.42
BERK,2019-11-08 04:35:00 EST,42.32030,-76.20319,1291,25.9,26.0,14.8,91.2,23.7,0.000,0.044,0.00,0.017,12.2,18.7,1.9,317,9,12.7,19.0,2.0,316,9,12.7,19.0,2.0,316,9,0,28.69,1.2,0,0,0,42.4,46.4,48.4,0.31,0.35,0.42
BERK,2019-11-08 04:40:00 EST,42.32030,-76.20319,1291,26.1,26.2,14.8,90.4,23.6,0.000,0.044,0.00,0.015,12.6,22.1,2.9,320,10,13.1,23.2,3.0,320,10,13.1,23.2,3.0,320,10,0,28.69,1.3,0,0,0,42.4,46.4,48.4,0.31,0.35,0.42
BERK,2019-11-08 04:45:00 EST,42.32030,-76.20319,1291,26.0,26.1,16.2,90.8,23.7,0.000,0.044,0.00,0.011,9.7,12.7,1.5,318,9,10.2,14.3,1.6,318,9,10.2,14.3,1.6,318,9,0,28.69,1.3,0,0,0,42.4,46.4,48.4,0.31,0.35,0.42
BERK,2019-11-08 04:50:00 EST,42.32030,-76.20319,1291,26.0,26.0,16.0,90.4,23.5,0.000,0.044,0.00,0.005,10.0,18.9,2.6,319,11,10.4,19.1,2.6,320,10,10.4,19.1,2.6,320,10,0,28.69,1.3,0,0,0,42.4,46.4,48.4,0.31,0.35,0.42
BERK,2019-11-08 04:55:00 EST,42.32030,-76.20319,1291,25.9,26.0,15.6,88.7,23.0,0.000,0.044,0.00,0.002,10.5,13.8,1.6,318,10,11.0,14.9,1.7,318,9,11.0,14.9,1.7,318,9,0,28.69,1.3,0,0,0,42.4,46.4,48.4,0.31,0.35,0.42
BERK,2019-11-08 05:00:00 EST,42.32030,-76.20319,1291,25.9,25.9,17.0,88.6,23.0,0.000,0.044,0.00,0.002,8.0,13.7,2.1,319,12,8.6,15.3,2.2,318,12,8.6,15.3,2.2,318,12,0,28.69,1.3,0,0,0,42.3,46.4,48.4,0.31,0.35,0.42
BERK,2019-11-08 05:05:00 EST,42.32030,-76.20319,1291,26.0,26.0,15.6,87.7,22.9,0.000,0.044,0.00,0.002,10.7,16.2,2.1,321,10,11.4,16.7,2.3,321,10,11.4,16.7,2.3,321,10,0,28.69,1.3,0,0,0,42.3,46.4,48.4,0.31,0.35,0.42
BERK,2019-11-08 05:10:00 EST,42.32030,-76.20319,1291,26.0,26.0,15.0,86.3,22.4,0.000,0.044,0.00,0.002,11.1,19.2,3.0,330,16,12.3,20.4,3.1,331,15,12.3,20.4,3.1,331,15,0,28.70,1.3,0,0,0,42.3,46.4,48.4,0.31,0.35,0.42
BERK,2019-11-08 05:15:00 EST,42.32030,-76.20319,1291,25.9,26.0,15.6,85.1,22.0,0.000,0.044,0.00,0.000,10.4,16.7,2.6,324,10,11.0,18.7,2.7,325,9,11.0,18.7,2.7,325,9,0,28.70,1.3,0,0,0,42.3,46.4,48.4,0.31,0.34,0.42
BERK,2019-11-08 05:20:00 EST,42.32030,-76.20319,1291,25.9,25.9,16.0,83.8,21.7,0.000,0.044,0.00,0.000,9.6,16.1,2.6,328,12,10.3,16.4,2.5,329,13,10.3,16.4,2.5,329,13,0,28.70,1.3,0,0,0,42.3,46.4,48.3,0.31,0.34,0.42
BERK,2019-11-08 05:25:00 EST,42.32030,-76.20319,1291,25.8,25.8,15.3,83.6,21.5,0.000,0.044,0.00,0.000,10.6,18.6,2.6,319,13,11.3,19.2,2.6,318,12,11.3,19.2,2.6,318,12,0,28.70,1.3,0,0,0,42.3,46.4,48.4,0.31,0.34,0.42
BERK,2019-11-08 05:30:00 EST,42.32030,-76.20319,1291,25.8,25.8,13.6,82.2,21.1,0.000,0.044,0.00,0.000,14.4,21.3,3.6,320,8,14.9,22.7,3.6,320,8,14.9,22.7,3.6,320,8,0,28.70,1.3,0,0,0,42.3,46.4,48.3,0.31,0.34,0.42
BERK,2019-11-08 05:35:00 EST,42.32030,-76.20319,1291,25.6,25.7,14.9,82.2,21.0,0.000,0.044,0.00,0.000,11.1,15.9,2.3,326,13,11.8,18.5,2.5,328,13,11.8,18.5,2.5,328,13,0,28.70,1.3,0,0,0,42.3,46.3,48.3,0.31,0.34,0.42
BERK,2019-11-08 05:40:00 EST,42.32030,-76.20319,1291,25.6,25.6,14.3,81.6,20.7,0.000,0.044,0.00,0.000,12.3,19.7,2.6,323,10,12.9,20.0,2.8,323,10,12.9,20.0,2.8,323,10,0,28.71,1.3,0,0,0,42.3,46.2,48.2,0.31,0.34,0.42
BERK,2019-11-08 05:45:00 EST,42.32030,-76.20319,1291,25.5,25.5,14.3,82.6,20.9,0.000,0.044,0.00,0.000,12.0,16.9,1.9,324,13,12.6,18.5,2.1,324,12,12.6,18.5,2.1,324,12,0,28.71,1.2,0,0,0,42.3,46.0,48.2,0.31,0.34,0.42
BERK,2019-11-08 05:50:00 EST,42.32030,-76.20319,1291,25.3,25.3,15.6,84.0,21.2,0.000,0.044,0.00,0.000,8.9,14.5,2.4,330,11,9.6,16.2,2.6,330,10,9.6,16.2,2.6,330,10,0,28.71,1.3,0,0,0,42.3,46.0,48.2,0.31,0.34,0.42
BERK,2019-11-08 05:55:00 EST,42.32030,-76.20319,1291,25.3,25.3,14.9,84.5,21.3,0.000,0.044,0.00,0.000,10.3,15.5,2.3,327,11,10.9,17.0,2.4,327,10,10.9,17.0,2.4,327,10,0,28.72,1.3,0,0,0,42.3,46.0,48.2,0.31,0.34,0.42
BERK,2019-11-08 06:00:00 EST,42.32030,-76.20319,1291,25.2,25.2,15.4,84.9,21.3,0.000,0.044,0.00,0.000,9.2,15.0,2.0,328,14,9.9,16.8,2.3,329,12,9.9,16.8,2.3,329,12,0,28.72,1.3,0,0,0,42.3,46.0,48.2,0.31,0.34,0.42
BERK,2019-11-08 06:05:00 EST,42.32030,-76.20319,1291,25.0,25.1,16.8,86.4,21.6,0.000,0.044,0.00,0.000,6.8,11.2,1.6,329,11,7.5,14.3,1.7,330,11,7.5,14.3,1.7,330,11,0,28.72,1.3,0,0,0,42.3,46.0,48.2,0.31,0.34,0.42
BERK,2019-11-08 06:10:00 EST,42.32030,-76.20319,1291,25.1,25.1,15.3,85.4,21.3,0.000,0.044,0.00,0.000,9.0,14.9,1.9,327,13,9.7,17.6,2.0,328,13,9.7,17.6,2.0,328,13,0,28.72,1.2,0,0,0,42.3,46.0,48.2,0.31,0.34,0.42
BERK,2019-11-08 06:15:00 EST,42.32030,-76.20319,1291,25.0,25.0,14.3,83.9,20.8,0.000,0.044,0.00,0.000,10.7,17.3,2.4,324,14,11.5,19.9,2.7,326,12,11.5,19.9,2.7,326,12,0,28.72,1.2,0,0,0,42.3,46.0,48.2,0.31,0.34,0.42
BERK,2019-11-08 06:20:00 EST,42.32030,-76.20319,1291,24.9,24.9,12.8,83.3,20.5,0.000,0.044,0.00,0.000,13.3,22.6,5.1,326,11,14.2,24.0,5.1,329,11,14.2,24.0,5.1,329,11,0,28.73,1.3,0,0,0,42.3,46.0,48.2,0.31,0.34,0.42
BERK,2019-11-08 06:25:00 EST,42.32030,-76.20319,1291,24.7,24.7,12.6,83.1,20.3,0.000,0.044,0.00,0.000,13.4,21.8,3.8,324,12,14.2,22.1,3.7,324,12,14.2,22.1,3.7,324,12,0,28.73,1.3,0,0,0,42.2,46.0,48.2,0.31,0.34,0.42
BERK,2019-11-08 06:30:00 EST,42.32030,-76.20319,1291,24.6,24.5,13.4,84.5,20.6,0.000,0.044,0.00,0.000,11.4,16.7,2.4,323,9,12.0,17.3,2.3,324,8,12.0,17.3,2.3,324,8,0,28.73,1.2,0,0,0,42.2,46.0,48.2,0.31,0.34,0.42
BERK,2019-11-08 06:35:00 EST,42.32030,-76.20319,1291,24.5,24.5,13.9,84.4,20.5,0.000,0.044,0.00,0.000,10.4,15.9,2.2,328,11,11.0,16.5,2.4,328,11,11.0,16.5,2.4,328,11,1,28.73,1.2,0,0,0,42.1,46.0,48.2,0.31,0.34,0.42
BERK,2019-11-08 06:40:00 EST,42.32030,-76.20319,1291,24.5,24.5,13.4,84.0,20.4,0.000,0.044,0.00,0.000,11.4,17.4,2.3,323,11,12.0,19.1,2.4,324,12,12.0,19.1,2.4,324,12,2,28.74,1.2,0,0,0,42.1,46.0,48.2,0.31,0.34,0.42
BERK,2019-11-08 06:45:00 EST,42.32030,-76.20319,1291,24.6,24.6,12.9,82.8,20.1,0.000,0.044,0.00,0.000,12.5,20.4,2.6,325,12,13.1,21.5,2.8,326,11,13.1,21.5,2.8,326,11,3,28.74,1.2,0,0,0,42.1,46.0,48.2,0.31,0.34,0.42
BERK,2019-11-08 06:50:00 EST,42.32030,-76.20319,1291,24.4,24.4,11.4,82.3,19.7,0.000,0.044,0.00,0.000,15.3,21.3,2.8,324,9,16.0,22.9,2.9,325,8,16.0,22.9,2.9,325,8,6,28.74,1.2,0,0,0,42.1,46.0,48.2,0.31,0.34,0.42
BERK,2019-11-08 06:55:00 EST,42.32030,-76.20319,1291,24.2,24.2,11.6,81.7,19.4,0.000,0.044,0.00,0.000,14.1,20.2,2.9,330,12,15.1,22.7,3.1,331,12,15.1,22.7,3.1,331,12,9,28.74,1.2,0,0,0,42.1,46.0,48.2,0.31,0.34,0.42
BERK,2019-11-08 07:00:00 EST,42.32030,-76.20319,1291,24.1,24.1,11.7,81.5,19.3,0.000,0.044,0.00,0.000,13.3,20.8,3.1,333,14,14.4,22.1,3.3,334,13,14.4,22.1,3.3,334,13,12,28.75,1.3,0,0,0,42.1,46.0,48.2,0.31,0.34,0.42
BERK,2019-11-08 07:05:00 EST,42.32030,-76.20319,1291,24.0,24.0,13.6,82.5,19.4,0.000,0.044,0.00,0.000,9.5,18.8,2.8,332,13,10.3,19.3,2.8,333,11,10.3,19.3,2.8,333,11,22,28.75,1.3,0,0,0,42.1,46.0,48.2,0.31,0.34,0.42
BERK,2019-11-08 07:10:00 EST,42.32030,-76.20319,1291,24.0,24.0,13.0,83.4,19.7,0.000,0.044,0.00,0.000,10.7,20.3,3.0,331,11,11.4,20.9,3.1,331,11,11.4,20.9,3.1,331,11,36,28.75,1.3,0,0,0,42.1,46.0,48.2,0.31,0.34,0.42
BERK,2019-11-08 07:15:00 EST,42.32030,-76.20319,1291,24.0,24.0,12.7,83.1,19.6,0.000,0.044,0.00,0.000,11.4,18.0,2.3,326,12,12.2,19.0,2.4,327,12,12.2,19.0,2.4,327,12,29,28.75,1.2,0,0,0,42.1,46.0,48.2,0.31,0.34,0.42
BERK,2019-11-08 07:20:00 EST,42.32030,-76.20319,1291,23.9,23.9,12.4,84.1,19.8,0.000,0.044,0.00,0.000,11.5,19.4,2.6,330,14,12.4,19.9,2.8,330,11,12.4,19.9,2.8,330,11,27,28.75,1.3,0,0,0,42.1,46.0,48.2,0.31,0.34,0.42
BERK,2019-11-08 07:25:00 EST,42.32030,-76.20319,1291,23.8,23.8,12.6,85.2,20.0,0.000,0.044,0.00,0.000,11.1,17.9,2.9,327,12,11.9,19.6,3.0,328,11,11.9,19.6,3.0,328,11,29,28.76,1.2,0,0,0,42.1,46.0,48.2,0.31,0.34,0.42
BERK,2019-11-08 07:30:00 EST,42.32030,-76.20319,1291,23.9,23.8,13.9,85.2,20.1,0.000,0.044,0.00,0.000,9.1,13.4,1.7,327,13,9.7,15.0,1.8,328,13,9.7,15.0,1.8,328,13,37,28.76,1.2,0,0,0,42.1,45.9,48.2,0.31,0.34,0.42
BERK,2019-11-08 07:35:00 EST,42.32030,-76.20319,1291,23.9,23.9,14.2,85.6,20.3,0.000,0.044,0.00,0.000,8.6,12.8,1.5,328,12,9.2,12.9,1.5,329,12,9.2,12.9,1.5,329,12,47,28.76,1.1,0,0,0,42.1,45.9,48.2,0.31,0.34,0.42
BERK,2019-11-08 07:40:00 EST,42.32030,-76.20319,1291,24.1,24.1,12.7,83.6,19.9,0.000,0.044,0.00,0.000,11.8,16.7,2.1,319,10,12.4,17.2,2.4,320,10,12.4,17.2,2.4,320,10,55,28.76,1.2,0,0,0,42.1,45.9,48.2,0.31,0.34,0.42
BERK,2019-11-08 07:45:00 EST,42.32030,-76.20319,1291,24.2,24.1,13.5,82.8,19.7,0.000,0.044,0.00,0.000,10.2,16.6,2.6,316,16,11.0,18.4,2.7,317,13,11.0,18.4,2.7,317,13,57,28.76,1.0,0,0,0,42.1,45.9,48.2,0.31,0.34,0.42
BERK,2019-11-08 07:50:00 EST,42.32030,-76.20319,1291,24.1,24.0,12.3,83.0,19.7,0.000,0.044,0.00,0.000,12.5,18.3,2.4,315,10,13.1,19.4,2.4,315,11,13.1,19.4,2.4,315,11,54,28.77,0.8,0,0,0,42.1,45.9,48.2,0.31,0.34,0.42
BERK,2019-11-08 07:55:00 EST,42.32030,-76.20319,1291,23.9,23.8,12.6,86.2,20.4,0.000,0.044,0.00,0.000,11.3,18.6,3.4,323,11,11.9,22.4,3.6,323,10,11.9,22.4,3.6,323,10,60,28.77,1.1,0,0,0,42.0,45.9,48.2,0.31,0.34,0.42
BERK,2019-11-08 08:00:00 EST,42.32030,-76.20319,1291,23.9,23.9,12.8,85.7,20.3,0.002,0.046,0.00,0.002,10.7,19.3,2.6,328,14,11.7,21.2,2.9,328,14,11.7,21.2,2.9,328,14,66,28.77,1.0,0,0,0,42.0,45.9,48.2,0.31,0.34,0.42
BERK,2019-11-08 08:05:00 EST,42.32030,-76.20319,1291,23.7,23.7,11.8,86.8,20.4,0.000,0.046,0.00,0.002,12.7,18.2,2.2,327,13,13.3,18.6,2.2,327,14,13.3,18.6,2.2,327,14,77,28.77,1.3,0,0,0,41.9,45.9,48.2,0.31,0.34,0.42
BERK,2019-11-08 08:10:00 EST,42.32030,-76.20319,1291,23.9,23.8,12.9,86.9,20.5,0.002,0.048,0.00,0.004,10.9,17.4,2.3,326,11,11.4,17.4,2.2,326,9,11.4,17.4,2.2,326,9,78,28.77,1.3,0,0,0,41.9,45.9,48.2,0.31,0.34,0.42
BERK,2019-11-08 08:15:00 EST,42.32030,-76.20319,1291,23.8,23.7,12.5,88.2,20.8,0.004,0.052,0.00,0.007,11.0,19.9,3.4,324,13,11.8,21.7,3.6,324,12,11.8,21.7,3.6,324,12,43,28.78,1.3,0,0,0,41.9,45.9,48.2,0.31,0.34,0.42
BERK,2019-11-08 08:20:00 EST,42.32030,-76.20319,1291,23.6,23.5,12.6,90.2,21.1,0.006,0.058,0.00,0.014,10.7,15.1,2.3,323,8,11.3,17.5,2.4,324,9,11.3,17.5,2.4,324,9,34,28.78,1.3,0,0,0,41.9,45.9,48.2,0.31,0.34,0.42
BERK,2019-11-08 08:25:00 EST,42.32030,-76.20319,1291,23.4,23.3,11.5,91.4,21.3,0.007,0.065,0.00,0.020,12.7,18.1,2.4,316,10,13.1,19.5,2.5,316,10,13.1,19.5,2.5,316,10,32,28.78,1.1,0,0,0,41.9,45.9,48.2,0.31,0.34,0.42
BERK,2019-11-08 08:30:00 EST,42.32030,-76.20319,1291,23.3,23.2,11.7,91.6,21.2,0.009,0.074,0.00,0.029,11.6,16.7,2.6,320,12,12.2,17.4,2.8,319,11,12.2,17.4,2.8,319,11,44,28.78,1.5,0,0,0,41.9,45.9,48.2,0.31,0.34,0.42
BERK,2019-11-08 08:35:00 EST,42.32030,-76.20319,1291,23.4,23.3,13.2,91.7,21.3,0.002,0.076,0.00,0.031,9.0,15.3,2.8,323,15,9.7,16.8,2.6,323,14,9.7,16.8,2.6,323,14,83,28.78,1.5,0,0,0,41.9,45.9,48.2,0.31,0.34,0.42
BERK,2019-11-08 08:40:00 EST,42.32030,-76.20319,1291,23.4,23.4,11.4,89.8,20.9,0.002,0.078,0.00,0.033,12.4,20.4,3.3,325,15,13.2,21.7,3.4,325,14,13.2,21.7,3.4,325,14,84,28.78,2.1,0,0,0,41.9,45.9,48.2,0.31,0.34,0.42
BERK,2019-11-08 08:45:00 EST,42.32030,-76.20319,1291,23.4,23.3,10.4,86.4,19.9,0.000,0.078,0.00,0.033,14.8,23.8,4.1,324,9,15.3,24.1,4.1,325,9,15.3,24.1,4.1,325,9,106,28.78,2.2,0,0,0,41.9,45.9,48.1,0.31,0.34,0.42
BERK,2019-11-08 08:50:00 EST,42.32030,-76.20319,1291,23.5,23.4,10.7,85.5,19.8,0.000,0.078,0.00,0.033,14.4,19.3,2.0,319,11,14.9,19.9,2.2,319,10,14.9,19.9,2.2,319,10,132,28.79,2.2,0,0,0,41.9,45.9,48.1,0.31,0.34,0.42
BERK,2019-11-08 08:55:00 EST,42.32030,-76.20319,1291,23.5,23.4,12.2,86.2,20.0,0.000,0.078,0.00,0.033,11.2,15.6,2.1,316,10,11.7,16.7,2.4,316,10,11.7,16.7,2.4,316,10,126,28.79,2.1,0,0,0,41.9,45.9,48.2,0.31,0.34,0.42
BERK,2019-11-08 09:00:00 EST,42.32030,-76.20319,1291,23.5,23.4,11.8,88.0,20.4,0.002,0.080,0.00,0.033,11.9,16.9,2.7,311,8,12.4,19.3,2.9,311,7,12.4,19.3,2.9,311,7,124,28.79,2.1,0,0,0,41.9,45.9,48.1,0.31,0.34,0.42
BERK,2019-11-08 09:05:00 EST,42.32030,-76.20319,1291,23.4,23.3,12.4,87.5,20.2,0.002,0.081,0.00,0.035,10.6,16.1,3.1,321,13,11.2,18.6,3.2,321,13,11.2,18.6,3.2,321,13,164,28.79,2.1,0,0,0,41.9,45.9,48.1,0.31,0.34,0.42
BERK,2019-11-08 09:10:00 EST,42.32030,-76.20319,1291,23.5,23.5,14.0,88.6,20.7,0.002,0.084,0.00,0.035,8.3,12.4,1.6,324,11,8.8,13.3,1.7,325,11,8.8,13.3,1.7,325,11,141,28.80,2.1,0,0,0,41.9,45.9,48.0,0.31,0.34,0.42
BERK,2019-11-08 09:15:00 EST,42.32030,-76.20319,1291,23.5,23.4,12.3,88.3,20.5,0.002,0.085,0.00,0.033,10.6,17.8,2.4,333,21,11.7,19.9,2.7,334,19,11.7,19.9,2.7,334,19,119,28.80,2.2,0,0,0,41.9,45.9,48.0,0.31,0.34,0.42
BERK,2019-11-08 09:20:00 EST,42.32030,-76.20319,1291,23.6,23.5,14.5,89.5,20.9,0.002,0.087,0.00,0.029,7.3,13.7,1.6,328,12,8.0,13.8,1.6,329,11,8.0,13.8,1.6,329,11,103,28.80,2.1,0,0,0,41.9,45.9,48.0,0.31,0.34,0.42
BERK,2019-11-08 09:25:00 EST,42.32030,-76.20319,1291,23.3,23.3,11.3,86.0,19.7,0.000,0.087,0.00,0.022,12.1,21.0,2.7,332,14,13.0,21.3,2.6,333,13,13.0,21.3,2.6,333,13,127,28.80,2.3,0,0,0,41.8,45.9,48.0,0.31,0.34,0.42
BERK,2019-11-08 09:30:00 EST,42.32030,-76.20319,1291,23.1,23.1,12.5,86.2,19.6,0.000,0.087,0.00,0.014,9.3,13.7,2.0,337,16,10.4,16.2,2.3,338,13,10.4,16.2,2.3,338,13,204,28.81,2.1,0,0,0,41.8,45.9,48.0,0.31,0.34,0.42
BERK,2019-11-08 09:35:00 EST,42.32030,-76.20319,1291,23.1,23.1,13.2,85.3,19.4,0.002,0.089,0.00,0.014,8.3,11.5,1.8,339,14,9.2,14.2,2.1,341,14,9.2,14.2,2.1,341,14,209,28.81,2.3,0,0,0,41.7,45.8,48.0,0.31,0.34,0.42
BERK,2019-11-08 09:40:00 EST,42.32030,-76.20319,1291,23.3,23.2,14.5,84.1,19.2,0.000,0.089,0.00,0.011,6.9,11.0,1.4,330,18,7.6,13.3,1.6,331,18,7.6,13.3,1.6,331,18,257,28.81,2.3,0,0,0,41.7,45.9,48.0,0.31,0.34,0.42
BERK,2019-11-08 09:45:00 EST,42.32030,-76.20319,1291,23.5,23.5,14.0,81.1,18.6,0.000,0.089,0.00,0.011,8.1,12.4,2.0,327,17,8.8,13.1,2.1,328,16,8.8,13.1,2.1,328,16,295,28.81,2.3,0,0,0,41.7,45.9,48.0,0.31,0.34,0.42
BERK,2019-11-08 09:50:00 EST,42.32030,-76.20319,1291,23.9,23.9,13.9,77.9,18.0,0.000,0.089,0.00,0.011,8.9,13.2,2.0,327,13,9.6,14.4,2.1,328,12,9.6,14.4,2.1,328,12,363,28.81,2.3,0,0,0,41.7,45.7,48.0,0.31,0.34,0.42
BERK,2019-11-08 09:55:00 EST,42.32030,-76.20319,1291,24.2,24.3,13.3,76.0,17.8,0.000,0.089,0.00,0.011,10.5,15.6,2.6,327,18,11.4,17.6,2.9,327,18,11.4,17.6,2.9,327,18,421,28.81,2.2,0,0,0,41.7,45.7,48.0,0.30,0.34,0.42
BERK,2019-11-08 10:00:00 EST,42.32030,-76.20319,1291,24.4,24.4,12.5,73.4,17.1,0.000,0.089,0.00,0.009,12.5,17.8,2.3,325,17,13.5,19.7,2.6,324,18,13.5,19.7,2.6,324,18,352,28.81,2.3,0,0,0,41.7,45.7,48.0,0.31,0.34,0.42
BERK,2019-11-08 10:05:00 EST,42.32030,-76.20319,1291,24.6,24.7,12.3,69.5,16.1,0.000,0.089,0.00,0.008,13.9,18.9,2.4,322,10,14.6,22.0,2.8,321,10,14.6,22.0,2.8,321,10,477,28.81,2.4,0,0,0,41.7,45.7,48.0,0.31,0.34,0.42
BERK,2019-11-08 10:10:00 EST,42.32030,-76.20319,1291,24.7,24.8,12.5,67.1,15.4,0.000,0.089,0.00,0.006,13.9,23.9,3.9,329,17,14.6,25.4,3.9,331,15,14.6,25.4,3.9,331,15,440,28.81,2.4,0,0,0,41.7,45.7,48.0,0.31,0.34,0.42
BERK,2019-11-08 10:15:00 EST,42.32030,-76.20319,1291,24.7,24.7,11.9,66.7,15.2,0.000,0.089,0.00,0.004,15.0,21.6,3.1,324,12,15.8,23.6,3.4,325,13,15.8,23.6,3.4,325,13,448,28.81,2.4,0,0,0,41.7,45.7,48.0,0.31,0.34,0.42
BERK,2019-11-08 10:20:00 EST,42.32030,-76.20319,1291,24.7,24.7,13.2,67.4,15.5,0.000,0.089,0.00,0.002,12.1,19.3,2.4,328,16,13.0,22.1,2.6,329,13,13.0,22.1,2.6,329,13,465,28.81,2.4,0,0,0,41.7,45.7,48.0,0.31,0.34,0.42
BERK,2019-11-08 10:25:00 EST,42.32030,-76.20319,1291,25.1,25.0,14.5,68.1,16.0,0.000,0.089,0.00,0.002,10.3,15.4,2.3,329,22,11.1,17.4,2.6,330,18,11.1,17.4,2.6,330,18,508,28.81,2.4,0,0,0,41.7,45.7,48.0,0.31,0.34,0.42
BERK,2019-11-08 10:30:00 EST,42.32030,-76.20319,1291,25.4,25.3,14.0,69.3,16.7,0.000,0.089,0.00,0.002,12.1,18.3,3.0,327,12,13.0,18.3,3.0,327,12,13.0,18.3,3.0,327,12,475,28.82,2.4,0,0,0,41.7,45.7,48.0,0.31,0.34,0.42
BERK,2019-11-08 10:35:00 EST,42.32030,-76.20319,1291,24.4,24.3,11.7,75.3,17.7,0.000,0.089,0.00,0.000,14.5,21.8,3.6,327,13,15.4,23.7,4.0,327,14,15.4,23.7,4.0,327,14,191,28.82,2.3,0,0,0,41.7,45.7,48.0,0.31,0.34,0.42
BERK,2019-11-08 10:40:00 EST,42.32030,-76.20319,1291,23.7,23.6,9.8,73.0,16.3,0.000,0.089,0.00,0.000,16.8,26.7,3.4,331,14,17.8,28.9,3.7,333,13,17.8,28.9,3.7,333,13,439,28.82,2.1,0,0,0,41.7,45.7,48.0,0.31,0.34,0.42
BERK,2019-11-08 10:45:00 EST,42.32030,-76.20319,1291,23.0,23.0,10.7,74.9,16.2,0.000,0.089,0.00,0.000,12.8,19.7,3.0,327,16,13.7,22.2,3.2,329,15,13.7,22.2,3.2,329,15,305,28.82,2.1,0,0,0,41.6,45.7,48.0,0.31,0.34,0.42
BERK,2019-11-08 10:50:00 EST,42.32030,-76.20319,1291,23.3,23.3,12.4,74.4,16.4,0.000,0.089,0.00,0.000,10.3,14.8,2.4,324,11,10.9,15.8,2.3,324,10,10.9,15.8,2.3,324,10,434,28.82,2.1,0,0,0,41.6,45.7,48.0,0.31,0.34,0.42
BERK,2019-11-08 10:55:00 EST,42.32030,-76.20319,1291,23.9,23.9,12.2,71.3,16.0,0.000,0.089,0.00,0.000,12.2,19.1,3.1,320,15,12.8,21.2,3.0,319,13,12.8,21.2,3.0,319,13,494,28.82,2.2,0,0,0,41.5,45.7,48.0,0.31,0.34,0.42
BERK,2019-11-08 11:00:00 EST,42.32030,-76.20319,1291,24.3,24.3,13.4,69.4,15.7,0.000,0.089,0.00,0.000,10.8,16.0,2.4,318,9,11.3,17.4,2.6,317,9,11.3,17.4,2.6,317,9,500,28.82,2.3,0,0,0,41.5,45.7,48.0,0.31,0.34,0.42
BERK,2019-11-08 11:05:00 EST,42.32030,-76.20319,1291,24.4,24.4,12.6,68.2,15.5,0.000,0.089,0.00,0.000,12.9,21.4,3.3,311,13,13.4,22.2,3.3,310,13,13.4,22.2,3.3,310,13,539,28.82,2.2,0,0,0,41.5,45.7,48.0,0.31,0.34,0.42
BERK,2019-11-08 11:10:00 EST,42.32030,-76.20319,1291,24.7,24.7,12.8,67.5,15.5,0.000,0.089,0.00,0.000,13.2,20.3,3.0,331,10,13.8,20.7,3.0,331,9,13.8,20.7,3.0,331,9,481,28.82,2.2,0,0,0,41.5,45.7,48.0,0.31,0.34,0.42
BERK,2019-11-08 11:15:00 EST,42.32030,-76.20319,1291,25.3,25.3,14.9,67.6,16.1,0.000,0.089,0.00,0.000,10.3,14.8,2.1,321,14,11.0,15.9,2.1,321,13,11.0,15.9,2.1,321,13,579,28.82,2.2,0,0,0,41.5,45.7,48.0,0.31,0.34,0.42
BERK,2019-11-08 11:20:00 EST,42.32030,-76.20319,1291,25.5,25.5,14.1,67.3,16.2,0.000,0.089,0.00,0.000,12.3,19.1,3.2,308,12,13.0,19.9,3.2,308,11,13.0,19.9,3.2,308,11,481,28.82,2.1,0,0,0,41.5,45.7,48.0,0.31,0.34,0.42
BERK,2019-11-08 11:25:00 EST,42.32030,-76.20319,1291,25.3,25.4,13.2,63.9,14.8,0.000,0.089,0.00,0.000,13.7,20.8,3.0,326,17,14.6,24.1,3.4,326,15,14.6,24.1,3.4,326,15,398,28.82,2.2,0,0,0,41.5,45.6,48.0,0.31,0.34,0.42
BERK,2019-11-08 11:30:00 EST,42.32030,-76.20319,1291,25.5,25.5,15.5,65.6,15.6,0.000,0.089,0.00,0.000,9.5,16.3,2.3,330,18,10.3,21.5,2.6,331,16,10.3,21.5,2.6,331,16,364,28.82,2.1,0,0,0,41.5,45.7,48.0,0.31,0.34,0.42
BERK,2019-11-08 11:35:00 EST,42.32030,-76.20319,1291,25.4,25.5,14.4,64.3,15.1,0.000,0.089,0.00,0.000,11.7,18.4,3.2,317,12,12.3,18.6,3.3,317,12,12.3,18.6,3.3,317,12,433,28.82,1.9,0,0,0,41.5,45.6,48.0,0.31,0.34,0.42
BERK,2019-11-08 11:40:00 EST,42.32030,-76.20319,1291,25.5,25.5,13.3,63.9,14.9,0.000,0.089,0.00,0.000,13.9,21.7,4.0,330,17,14.9,24.9,4.2,333,18,14.9,24.9,4.2,333,18,338,28.82,2.1,0,0,0,41.5,45.5,48.0,0.31,0.34,0.42
BERK,2019-11-08 11:45:00 EST,42.32030,-76.20319,1291,25.5,25.5,13.6,64.6,15.2,0.000,0.089,0.00,0.000,13.4,21.8,3.6,310,11,14.1,23.5,3.6,310,10,14.1,23.5,3.6,310,10,379,28.82,2.0,0,0,0,41.5,45.6,48.0,0.31,0.34,0.42
BERK,2019-11-08 11:50:00 EST,42.32030,-76.20319,1291,25.2,25.2,13.1,64.3,14.8,0.000,0.089,0.00,0.000,13.8,20.4,2.8,319,10,14.3,21.6,2.9,319,10,14.3,21.6,2.9,319,10,279,28.82,2.0,0,0,0,41.5,45.5,48.0,0.31,0.34,0.42
BERK,2019-11-08 11:55:00 EST,42.32030,-76.20319,1291,25.3,25.3,14.0,64.9,15.1,0.000,0.089,0.00,0.000,12.1,22.3,3.8,313,10,12.7,24.5,3.6,312,11,12.7,24.5,3.6,312,11,406,28.82,2.0,0,0,0,41.5,45.5,48.0,0.31,0.34,0.42
BERK,2019-11-08 12:00:00 EST,42.32030,-76.20319,1291,25.6,25.7,13.2,63.2,14.8,0.000,0.089,0.00,0.000,14.8,21.9,2.5,320,13,15.5,21.3,2.7,321,13,15.5,21.3,2.7,321,13,528,28.81,2.0,0,0,0,41.5,45.5,48.0,0.31,0.34,0.42
BERK,2019-11-08 12:05:00 EST,42.32030,-76.20319,1291,26.0,26.0,14.9,64.8,15.8,0.000,0.089,0.00,0.000,11.9,18.4,2.5,334,17,12.7,19.3,2.6,334,12,12.7,19.3,2.6,334,12,478,28.81,1.9,0,0,0,41.5,45.5,48.0,0.31,0.34,0.42
BERK,2019-11-08 12:10:00 EST,42.32030,-76.20319,1291,25.6,25.6,15.4,66.8,16.1,0.000,0.089,0.00,0.000,9.9,15.5,2.1,324,17,10.6,16.8,2.4,323,17,10.6,16.8,2.4,323,17,290,28.81,2.0,0,0,0,41.5,45.5,48.0,0.31,0.34,0.42
BERK,2019-11-08 12:15:00 EST,42.32030,-76.20319,1291,25.5,25.4,14.2,68.7,16.6,0.000,0.089,0.00,0.000,12.1,19.7,3.4,326,16,12.8,21.6,3.3,326,13,12.8,21.6,3.3,326,13,351,28.81,2.0,0,0,0,41.5,45.5,48.0,0.31,0.34,0.42
BERK,2019-11-08 12:20:00 EST,42.32030,-76.20319,1291,25.0,24.9,14.5,70.6,16.8,0.000,0.089,0.00,0.000,10.4,17.1,2.5,326,10,11.0,17.4,2.6,325,9,11.0,17.4,2.6,325,9,271,28.81,2.0,0,0,0,41.5,45.5,48.0,0.31,0.34,0.42
BERK,2019-11-08 12:25:00 EST,42.32030,-76.20319,1291,24.8,24.8,14.9,73.1,17.4,0.000,0.089,0.00,0.000,8.8,17.6,3.6,344,16,9.8,18.1,3.7,344,14,9.8,18.1,3.7,344,14,226,28.81,1.9,0,0,0,41.5,45.5,47.9,0.31,0.34,0.42
BERK,2019-11-08 12:30:00 EST,42.32030,-76.20319,1291,24.1,24.0,12.8,77.4,18.0,0.002,0.092,0.00,0.002,11.3,18.2,3.1,337,14,12.2,19.0,3.1,337,13,12.2,19.0,3.1,337,13,194,28.81,1.9,0,0,0,41.5,45.5,47.9,0.31,0.34,0.42
BERK,2019-11-08 12:35:00 EST,42.32030,-76.20319,1291,23.6,23.6,11.9,81.8,18.9,0.002,0.094,0.00,0.004,11.9,17.5,3.1,339,14,12.7,18.3,3.1,340,14,12.7,18.3,3.1,340,14,122,28.81,1.9,0,0,0,41.5,45.5,47.9,0.31,0.34,0.42
BERK,2019-11-08 12:40:00 EST,42.32030,-76.20319,1291,23.3,23.3,12.8,84.9,19.5,0.000,0.094,0.00,0.004,9.5,15.5,2.0,337,14,10.4,17.7,2.4,339,13,10.4,17.7,2.4,339,13,145,28.81,2.0,0,0,0,41.5,45.5,47.9,0.31,0.34,0.42
BERK,2019-11-08 12:45:00 EST,42.32030,-76.20319,1291,23.3,23.2,11.4,80.5,18.2,0.000,0.094,0.00,0.004,12.0,21.8,3.8,334,11,12.8,23.8,4.1,334,11,12.8,23.8,4.1,334,11,111,28.81,1.9,0,0,0,41.5,45.5,47.9,0.31,0.34,0.42
BERK,2019-11-08 12:50:00 EST,42.32030,-76.20319,1291,23.3,23.4,12.2,74.0,16.3,0.000,0.094,0.00,0.004,10.6,17.7,2.4,328,15,11.3,18.9,2.6,328,16,11.3,18.9,2.6,328,16,228,28.81,1.8,0,0,0,41.5,45.5,47.8,0.31,0.34,0.42
BERK,2019-11-08 12:55:00 EST,42.32030,-76.20319,1291,24.0,24.1,13.0,71.9,16.3,0.000,0.094,0.00,0.004,11.1,16.9,2.5,319,11,11.4,16.9,2.6,318,12,11.4,16.9,2.6,318,12,431,28.81,1.8,0,0,0,41.5,45.5,47.9,0.31,0.34,0.42
BERK,2019-11-08 13:00:00 EST,42.32030,-76.20319,1291,24.1,24.2,13.0,73.7,16.9,0.000,0.094,0.00,0.004,11.4,17.2,3.2,316,13,11.8,18.2,3.2,315,12,11.8,18.2,3.2,315,12,220,28.81,1.9,0,0,0,41.5,45.5,47.8,0.31,0.34,0.42
BERK,2019-11-08 13:05:00 EST,42.32030,-76.20319,1291,24.0,24.0,13.0,76.6,17.7,0.000,0.094,0.00,0.004,11.2,16.4,2.1,317,15,11.6,17.7,2.2,318,15,11.6,17.7,2.2,318,15,365,28.81,1.9,0,0,0,41.5,45.5,47.8,0.31,0.34,0.42
BERK,2019-11-08 13:10:00 EST,42.32030,-76.20319,1291,24.4,24.4,13.8,76.7,18.2,0.000,0.094,0.00,0.004,10.3,17.0,2.5,319,17,10.9,19.1,2.7,321,18,10.9,19.1,2.7,321,18,420,28.81,1.8,0,0,0,41.5,45.5,47.8,0.31,0.34,0.42
BERK,2019-11-08 13:15:00 EST,42.32030,-76.20319,1291,24.5,24.5,13.9,77.6,18.5,0.000,0.094,0.00,0.004,10.5,16.3,2.4,307,13,10.9,17.0,2.5,306,13,10.9,17.0,2.5,306,13,467,28.81,1.7,0,0,0,41.5,45.5,47.8,0.31,0.34,0.42
BERK,2019-11-08 13:20:00 EST,42.32030,-76.20319,1291,25.0,25.0,15.3,76.0,18.5,0.000,0.094,0.00,0.004,9.0,13.7,2.0,313,14,9.5,14.5,2.1,313,14,9.5,14.5,2.1,313,14,456,28.81,1.7,0,0,0,41.5,45.5,47.8,0.31,0.34,0.42
BERK,2019-11-08 13:25:00 EST,42.32030,-76.20319,1291,24.7,24.6,13.5,76.6,18.3,0.000,0.094,0.00,0.004,11.8,16.4,2.9,310,11,12.2,17.2,2.9,310,10,12.2,17.2,2.9,310,10,248,28.81,1.6,0,0,0,41.5,45.5,47.8,0.31,0.34,0.42
BERK,2019-11-08 13:30:00 EST,42.32030,-76.20319,1291,24.3,24.2,13.1,79.0,18.7,0.000,0.094,0.00,0.002,11.6,16.3,2.3,322,11,12.0,17.2,2.6,323,12,12.0,17.2,2.6,323,12,212,28.81,1.6,0,0,0,41.5,45.5,47.8,0.31,0.34,0.42
BERK,2019-11-08 13:35:00 EST,42.32030,-76.20319,1291,24.3,24.2,13.5,80.5,19.1,0.000,0.094,0.00,0.000,10.9,15.8,1.9,320,10,11.2,16.4,2.1,319,9,11.2,16.4,2.1,319,9,241,28.82,1.6,0,0,0,41.5,45.5,47.8,0.31,0.34,0.42
BERK,2019-11-08 13:40:00 EST,42.32030,-76.20319,1291,24.6,24.6,14.6,79.1,19.1,0.000,0.094,0.00,0.000,9.1,13.8,2.2,333,23,10.0,16.5,2.5,334,19,10.0,16.5,2.5,334,19,393,28.82,1.6,0,0,0,41.5,45.5,47.8,0.31,0.34,0.42
BERK,2019-11-08 13:45:00 EST,42.32030,-76.20319,1291,24.7,24.7,14.5,75.8,18.1,0.000,0.094,0.00,0.000,9.8,16.0,2.5,321,14,10.3,16.2,2.5,321,14,10.3,16.2,2.5,321,14,182,28.82,1.6,0,0,0,41.6,45.5,47.8,0.31,0.34,0.42
BERK,2019-11-08 13:50:00 EST,42.32030,-76.20319,1291,24.5,24.5,14.7,77.2,18.4,0.003,0.097,0.00,0.003,9.2,13.4,2.2,312,12,9.6,14.8,2.2,312,11,9.6,14.8,2.2,312,11,276,28.82,1.7,0,0,0,41.6,45.5,47.8,0.31,0.34,0.42
BERK,2019-11-08 13:55:00 EST,42.32030,-76.20319,1291,25.2,25.2,14.2,77.8,19.3,0.000,0.097,0.00,0.003,11.9,16.7,2.6,311,12,12.2,17.5,2.8,311,12,12.2,17.5,2.8,311,12,582,28.82,1.6,0,0,0,41.6,45.5,47.8,0.31,0.34,0.42
BERK,2019-11-08 14:00:00 EST,42.32030,-76.20319,1291,25.2,25.1,15.1,76.1,18.7,0.000,0.097,0.00,0.003,9.8,14.0,1.8,311,14,10.2,13.8,1.6,310,14,10.2,13.8,1.6,310,14,346,28.82,1.6,0,0,0,41.7,45.5,47.8,0.31,0.34,0.42
BERK,2019-11-08 14:05:00 EST,42.32030,-76.20319,1291,24.6,24.5,13.6,76.6,18.3,0.003,0.100,0.00,0.006,11.1,18.6,2.4,325,24,11.9,18.6,2.5,325,21,11.9,18.6,2.5,325,21,156,28.82,1.5,0,0,0,41.7,45.5,47.8,0.31,0.34,0.42
BERK,2019-11-08 14:10:00 EST,42.32030,-76.20319,1291,23.4,23.4,12.6,86.0,19.9,0.006,0.105,0.00,0.011,9.8,17.0,2.8,342,23,10.8,18.0,3.1,345,13,10.8,18.0,3.1,345,13,99,28.82,2.1,0,0,0,41.7,45.5,47.8,0.31,0.34,0.42
BERK,2019-11-08 14:15:00 EST,42.32030,-76.20319,1291,23.2,23.1,11.7,88.0,20.2,0.002,0.107,0.00,0.013,11.3,16.6,2.6,334,12,12.0,18.3,2.8,336,12,12.0,18.3,2.8,336,12,120,28.82,1.8,0,0,0,41.7,45.4,47.8,0.31,0.34,0.42
BERK,2019-11-08 14:20:00 EST,42.32030,-76.20319,1291,23.2,23.2,13.0,89.6,20.6,0.005,0.112,0.00,0.018,9.2,13.2,1.6,329,14,9.7,15.2,1.8,331,15,9.7,15.2,1.8,331,15,101,28.82,2.1,0,0,0,41.7,45.4,47.8,0.31,0.34,0.42
BERK,2019-11-08 14:25:00 EST,42.32030,-76.20319,1291,23.4,23.5,13.3,85.6,19.7,0.002,0.113,0.00,0.020,9.2,15.6,2.7,318,12,9.6,16.2,2.7,320,12,9.6,16.2,2.7,320,12,75,28.83,1.9,0,0,0,41.7,45.3,47.8,0.31,0.34,0.42
BERK,2019-11-08 14:30:00 EST,42.32030,-76.20319,1291,23.6,23.7,13.0,79.8,18.3,0.000,0.113,0.00,0.020,10.0,18.0,3.6,319,15,10.5,19.7,3.6,319,15,10.5,19.7,3.6,319,15,88,28.83,2.0,0,0,0,41.7,45.3,47.8,0.31,0.34,0.42
BERK,2019-11-08 14:35:00 EST,42.32030,-76.20319,1291,24.1,24.2,12.6,75.8,17.5,0.000,0.113,0.00,0.020,11.9,17.9,3.5,321,15,12.5,20.8,3.4,321,15,12.5,20.8,3.4,321,15,280,28.82,2.0,0,0,0,41.7,45.3,47.8,0.31,0.34,0.42
BERK,2019-11-08 14:40:00 EST,42.32030,-76.20319,1291,24.5,24.6,14.5,72.5,17.0,0.000,0.113,0.00,0.020,9.7,14.2,2.1,314,12,9.9,15.3,2.0,313,11,9.9,15.3,2.0,313,11,329,28.82,2.0,0,0,0,41.7,45.3,47.8,0.31,0.34,0.42
BERK,2019-11-08 14:45:00 EST,42.32030,-76.20319,1291,24.9,24.9,15.9,72.3,17.2,0.000,0.113,0.00,0.020,8.0,12.1,1.8,318,13,8.3,12.4,1.6,318,13,8.3,12.4,1.6,318,13,245,28.82,2.0,0,0,0,41.7,45.3,47.8,0.31,0.34,0.42
BERK,2019-11-08 14:50:00 EST,42.32030,-76.20319,1291,24.8,24.8,15.5,73.2,17.4,0.000,0.113,0.00,0.017,8.4,14.5,2.0,307,20,9.0,15.4,2.2,307,21,9.0,15.4,2.2,307,21,131,28.83,1.8,0,0,0,41.7,45.3,47.8,0.31,0.34,0.42
BERK,2019-11-08 14:55:00 EST,42.32030,-76.20319,1291,24.1,24.0,12.9,77.8,18.2,0.000,0.113,0.00,0.017,11.4,14.6,1.5,308,11,11.9,15.0,1.4,307,11,11.9,15.0,1.4,307,11,76,28.83,1.9,0,0,0,41.7,45.3,47.8,0.31,0.34,0.42
BERK,2019-11-08 15:00:00 EST,42.32030,-76.20319,1291,23.9,23.8,13.0,80.9,18.9,0.005,0.119,0.00,0.022,10.9,13.7,1.4,308,7,11.2,14.5,1.5,308,7,11.2,14.5,1.5,308,7,57,28.83,2.1,0,0,0,41.7,45.3,47.8,0.31,0.34,0.42
BERK,2019-11-08 15:05:00 EST,42.32030,-76.20319,1291,23.8,23.8,15.4,83.9,19.7,0.002,0.120,0.00,0.021,6.8,10.1,1.7,326,13,7.3,10.7,1.7,326,14,7.3,10.7,1.7,326,14,86,28.83,1.3,0,0,0,41.7,45.3,47.8,0.31,0.34,0.42
BERK,2019-11-08 15:10:00 EST,42.32030,-76.20319,1291,24.0,24.0,16.1,82.9,19.5,0.000,0.120,0.00,0.015,6.2,10.9,2.5,321,15,6.6,11.4,2.5,322,14,6.6,11.4,2.5,322,14,113,28.83,1.6,0,0,0,41.7,45.3,47.8,0.31,0.34,0.42
BERK,2019-11-08 15:15:00 EST,42.32030,-76.20319,1291,24.0,24.0,15.7,78.9,18.4,0.000,0.120,0.00,0.013,6.5,9.8,1.3,338,20,7.2,11.6,1.5,337,18,7.2,11.6,1.5,337,18,88,28.83,1.8,0,0,0,41.7,45.3,47.8,0.31,0.34,0.42
BERK,2019-11-08 15:20:00 EST,42.32030,-76.20319,1291,24.0,24.1,14.6,76.8,17.8,0.000,0.120,0.00,0.009,8.4,14.6,2.2,327,13,8.9,16.4,2.5,329,14,8.9,16.4,2.5,329,14,59,28.83,1.7,0,0,0,41.7,45.3,47.8,0.31,0.34,0.42
BERK,2019-11-08 15:25:00 EST,42.32030,-76.20319,1291,24.0,24.0,14.2,75.6,17.4,0.000,0.120,0.00,0.007,8.9,12.6,1.7,322,10,9.3,12.8,1.7,322,11,9.3,12.8,1.7,322,11,50,28.83,1.9,0,0,0,41.7,45.3,47.8,0.31,0.34,0.42
BERK,2019-11-08 15:30:00 EST,42.32030,-76.20319,1291,23.9,23.8,14.3,78.1,18.0,0.000,0.120,0.00,0.007,8.5,12.3,1.6,321,10,8.9,13.3,1.7,321,10,8.9,13.3,1.7,321,10,54,28.83,1.4,0,0,0,41.7,45.3,47.8,0.31,0.34,0.42
BERK,2019-11-08 15:35:00 EST,42.32030,-76.20319,1291,23.5,23.4,14.3,82.4,18.9,0.000,0.120,0.00,0.007,8.1,11.5,2.2,323,7,8.2,12.2,2.0,322,7,8.2,12.2,2.0,322,7,34,28.83,1.6,0,0,0,41.7,45.3,47.8,0.31,0.34,0.42
BERK,2019-11-08 15:40:00 EST,42.32030,-76.20319,1291,23.4,23.3,15.3,86.4,19.9,0.004,0.125,0.00,0.011,6.5,9.6,1.2,317,10,6.8,9.5,1.1,318,10,6.8,9.5,1.1,318,10,33,28.83,1.6,0,0,0,41.7,45.3,47.8,0.31,0.34,0.42
BERK,2019-11-08 15:45:00 EST,42.32030,-76.20319,1291,23.2,23.2,13.6,86.9,19.9,0.002,0.127,0.00,0.013,8.4,11.7,1.4,312,11,8.8,12.9,1.5,312,10,8.8,12.9,1.5,312,10,38,28.84,1.5,0,0,0,41.7,45.3,47.7,0.31,0.34,0.42
BERK,2019-11-08 15:50:00 EST,42.32030,-76.20319,1291,23.1,23.3,14.3,84.9,19.2,0.000,0.127,0.00,0.013,7.2,12.8,1.6,322,13,7.6,12.9,1.8,323,13,7.6,12.9,1.8,323,13,57,28.84,1.4,0,0,0,41.7,45.3,47.6,0.31,0.34,0.42
BERK,2019-11-08 15:55:00 EST,42.32030,-76.20319,1291,23.2,23.3,12.8,80.4,18.1,0.002,0.129,0.00,0.015,9.8,13.2,1.6,324,12,10.1,14.6,1.8,325,11,10.1,14.6,1.8,325,11,32,28.84,1.5,0,0,0,41.7,45.3,47.7,0.31,0.34,0.42
BERK,2019-11-08 16:00:00 EST,42.32030,-76.20319,1291,23.3,23.4,13.2,78.3,17.6,0.000,0.129,0.00,0.010,9.3,14.2,1.9,322,9,9.6,13.9,1.8,321,9,9.6,13.9,1.8,321,9,63,28.84,1.5,0,0,0,41.7,45.3,47.6,0.31,0.34,0.42
BERK,2019-11-08 16:05:00 EST,42.32030,-76.20319,1291,23.7,23.7,13.5,75.2,17.0,0.000,0.129,0.00,0.008,9.5,13.1,1.5,317,14,9.8,13.7,1.5,317,15,9.8,13.7,1.5,317,15,96,28.84,1.5,0,0,0,41.7,45.3,47.6,0.31,0.34,0.42
BERK,2019-11-08 16:10:00 EST,42.32030,-76.20319,1291,23.6,23.7,14.1,76.2,17.3,0.000,0.129,0.00,0.008,8.4,13.6,1.7,311,14,8.8,14.7,1.8,311,13,8.8,14.7,1.8,311,13,62,28.84,1.3,0,0,0,41.7,45.3,47.5,0.31,0.34,0.42
BERK,2019-11-08 16:15:00 EST,42.32030,-76.20319,1291,23.4,23.6,12.4,76.3,17.1,0.000,0.129,0.00,0.008,11.0,13.9,1.4,309,10,11.3,14.6,1.4,309,9,11.3,14.6,1.4,309,9,28,28.84,1.7,0,0,0,41.7,45.3,47.5,0.31,0.34,0.42
BERK,2019-11-08 16:20:00 EST,42.32030,-76.20319,1291,23.3,23.5,12.7,77.6,17.3,0.000,0.129,0.00,0.008,10.1,13.2,1.6,309,8,10.3,13.1,1.5,309,8,10.3,13.1,1.5,309,8,22,28.84,1.9,0,0,0,41.7,45.3,47.5,0.31,0.34,0.42
BERK,2019-11-08 16:25:00 EST,42.32030,-76.20319,1291,23.4,23.5,14.7,77.3,17.3,0.000,0.129,0.00,0.008,7.2,12.2,1.8,313,13,7.5,12.5,1.8,314,13,7.5,12.5,1.8,314,13,20,28.84,1.9,0,0,0,41.8,45.3,47.5,0.31,0.34,0.42
BERK,2019-11-08 16:30:00 EST,42.32030,-76.20319,1291,23.4,23.5,15.7,77.8,17.5,0.000,0.129,0.00,0.008,6.0,9.9,1.3,326,13,6.3,10.3,1.3,326,12,6.3,10.3,1.3,326,12,17,28.85,1.9,0,0,0,41.8,45.3,47.5,0.31,0.34,0.42
BERK,2019-11-08 16:35:00 EST,42.32030,-76.20319,1291,23.4,23.5,14.5,77.1,17.3,0.000,0.129,0.00,0.008,7.0,12.1,1.7,340,12,7.8,14.6,1.8,342,11,7.8,14.6,1.8,342,11,11,28.85,1.9,0,0,0,41.8,45.3,47.5,0.31,0.34,0.42
BERK,2019-11-08 16:40:00 EST,42.32030,-76.20319,1291,23.2,23.3,14.4,77.8,17.3,0.000,0.129,0.00,0.004,7.0,11.7,1.9,339,13,7.7,12.1,2.1,341,13,7.7,12.1,2.1,341,13,8,28.85,1.6,0,0,0,41.8,45.3,47.5,0.31,0.34,0.42
BERK,2019-11-08 16:45:00 EST,42.32030,-76.20319,1291,23.1,23.2,14.2,79.1,17.6,0.000,0.129,0.00,0.002,7.4,12.1,1.8,332,9,7.8,12.2,1.9,332,10,7.8,12.2,1.9,332,10,6,28.85,1.6,0,0,0,41.8,45.3,47.5,0.31,0.34,0.42
BERK,2019-11-08 16:50:00 EST,42.32030,-76.20319,1291,22.9,23.0,15.4,80.4,17.8,0.000,0.129,0.00,0.002,5.5,8.1,1.1,329,12,6.1,9.3,1.2,331,12,6.1,9.3,1.2,331,12,4,28.86,1.8,0,0,0,41.9,45.3,47.5,0.31,0.34,0.42
BERK,2019-11-08 16:55:00 EST,42.32030,-76.20319,1291,22.8,22.9,14.2,80.9,17.8,0.000,0.129,0.00,0.000,6.8,10.2,1.6,328,12,7.3,10.4,1.6,327,12,7.3,10.4,1.6,327,12,3,28.86,1.4,0,0,0,41.9,45.3,47.5,0.31,0.34,0.42
BERK,2019-11-08 17:00:00 EST,42.32030,-76.20319,1291,22.6,22.7,13.9,81.8,17.9,0.002,0.131,0.00,0.002,6.8,9.5,1.1,327,10,7.3,9.9,1.1,327,10,7.3,9.9,1.1,327,10,2,28.86,1.2,0,0,0,41.9,45.3,47.5,0.31,0.34,0.42
BERK,2019-11-08 17:05:00 EST,42.32030,-76.20319,1291,22.5,22.7,12.5,81.6,17.7,0.000,0.131,0.00,0.002,8.7,12.7,1.5,325,12,9.0,12.4,1.4,325,12,9.0,12.4,1.4,325,12,1,28.86,1.1,0,0,0,41.9,45.3,47.5,0.31,0.34,0.42
BERK,2019-11-08 17:10:00 EST,42.32030,-76.20319,1291,22.3,22.6,12.9,81.0,17.4,0.000,0.131,0.00,0.002,7.9,10.3,1.3,322,8,8.2,10.9,1.3,321,7,8.2,10.9,1.3,321,7,0,28.86,1.2,0,0,0,41.9,45.3,47.5,0.31,0.34,0.42
BERK,2019-11-08 17:15:00 EST,42.32030,-76.20319,1291,21.9,22.3,13.4,81.6,17.1,0.000,0.131,0.00,0.002,6.6,10.0,1.1,321,7,6.9,9.8,1.1,320,6,6.9,9.8,1.1,320,6,0,28.86,1.0,0,0,0,41.9,45.3,47.5,0.31,0.34,0.42
BERK,2019-11-08 17:20:00 EST,42.32030,-76.20319,1291,21.6,22.2,13.5,82.3,17.1,0.000,0.131,0.00,0.002,6.1,10.2,1.5,325,7,6.4,10.1,1.4,325,7,6.4,10.1,1.4,325,7,0,28.86,1.2,0,0,0,41.9,45.3,47.5,0.31,0.34,0.42
BERK,2019-11-08 17:25:00 EST,42.32030,-76.20319,1291,21.2,22.0,13.5,82.6,16.8,0.000,0.131,0.00,0.002,5.5,8.4,1.3,326,12,5.9,8.4,1.3,327,11,5.9,8.4,1.3,327,11,0,28.87,1.0,0,0,0,41.9,45.3,47.5,0.31,0.34,0.42
BERK,2019-11-08 17:30:00 EST,42.32030,-76.20319,1291,21.0,21.7,13.3,83.8,16.9,0.000,0.131,0.00,0.002,5.3,7.8,0.8,325,8,5.8,9.3,0.9,325,8,5.8,9.3,0.9,325,8,0,28.87,0.9,0,0,0,41.9,45.3,47.5,0.31,0.34,0.42
BERK,2019-11-08 17:35:00 EST,42.32030,-76.20319,1291,20.8,21.6,12.6,83.5,16.6,0.000,0.131,0.00,0.002,6.0,8.6,1.0,325,8,6.3,9.2,1.1,325,8,6.3,9.2,1.1,325,8,0,28.87,1.1,0,0,0,41.9,45.3,47.5,0.31,0.34,0.42
BERK,2019-11-08 17:40:00 EST,42.32030,-76.20319,1291,20.7,21.5,12.1,84.2,16.7,0.000,0.131,0.00,0.002,6.4,9.6,1.2,328,8,6.8,9.8,1.2,328,8,6.8,9.8,1.2,328,8,0,28.87,0.7,0,0,0,41.9,45.3,47.5,0.31,0.34,0.42
BERK,2019-11-08 17:45:00 EST,42.32030,-76.20319,1291,20.1,21.1,11.9,83.2,15.9,0.000,0.131,0.00,0.002,5.8,7.6,0.5,322,4,6.2,8.3,0.6,321,4,6.2,8.3,0.6,321,4,0,28.87,0.7,0,0,0,41.9,45.3,47.5,0.31,0.34,0.42
BERK,2019-11-08 17:50:00 EST,42.32030,-76.20319,1291,19.6,20.8,11.8,84.8,15.8,0.000,0.131,0.00,0.002,5.3,8.3,0.7,328,6,5.7,9.2,0.8,326,7,5.7,9.2,0.8,326,7,0,28.87,0.6,0,0,0,41.9,45.3,47.5,0.31,0.34,0.42
BERK,2019-11-08 17:55:00 EST,42.32030,-76.20319,1291,19.6,20.7,12.2,85.1,15.8,0.000,0.131,0.00,0.002,5.0,6.2,0.3,323,4,5.3,6.3,0.4,322,4,5.3,6.3,0.4,322,4,0,28.87,1.1,0,0,0,41.9,45.3,47.5,0.31,0.34,0.42
BERK,2019-11-08 18:00:00 EST,42.32030,-76.20319,1291,19.4,20.4,11.8,84.7,15.6,0.000,0.131,0.00,0.000,5.3,5.8,0.2,324,4,5.5,6.3,0.3,323,4,5.5,6.3,0.3,323,4,0,28.88,0.8,0,0,0,41.9,45.2,47.5,0.31,0.34,0.42
BERK,2019-11-08 18:05:00 EST,42.32030,-76.20319,1291,19.3,20.3,12.4,86.6,15.9,0.000,0.131,0.00,0.000,4.6,5.5,0.4,327,5,4.8,5.6,0.4,327,6,4.8,5.6,0.4,327,6,0,28.88,0.7,0,0,0,41.9,45.3,47.5,0.31,0.34,0.42
BERK,2019-11-08 18:10:00 EST,42.32030,-76.20319,1291,19.2,20.3,12.1,87.0,16.0,0.000,0.131,0.00,0.000,4.5,6.1,0.5,330,6,4.9,6.5,0.6,329,7,4.9,6.5,0.6,329,7,0,28.88,0.9,0,0,0,41.9,45.2,47.5,0.31,0.34,0.42
BERK,2019-11-08 18:15:00 EST,42.32030,-76.20319,1291,18.8,20.2,11.8,87.6,15.7,0.000,0.131,0.00,0.000,4.4,5.9,0.5,331,5,4.8,6.1,0.6,331,6,4.8,6.1,0.6,331,6,0,28.88,0.9,0,0,0,41.9,45.3,47.5,0.31,0.34,0.42
BERK,2019-11-08 18:20:00 EST,42.32030,-76.20319,1291,18.5,20.3,11.1,88.5,15.6,0.000,0.131,0.00,0.000,4.7,5.9,0.4,329,4,5.0,6.0,0.4,328,6,5.0,6.0,0.4,328,6,0,28.88,1.2,0,0,0,41.9,45.2,47.5,0.31,0.34,0.42
BERK,2019-11-08 18:25:00 EST,42.32030,-76.20319,1291,18.5,20.0,12.1,88.8,15.7,0.000,0.131,0.00,0.000,4.0,5.0,0.4,331,5,4.3,5.3,0.5,332,7,4.3,5.3,0.5,332,7,0,28.89,1.3,0,0,0,41.9,45.1,47.5,0.31,0.34,0.42
BERK,2019-11-08 18:30:00 EST,42.32030,-76.20319,1291,18.5,19.9,11.5,88.3,15.6,0.000,0.131,0.00,0.000,4.4,5.3,0.4,330,5,4.8,6.0,0.5,330,6,4.8,6.0,0.5,330,6,0,28.89,1.3,0,0,0,41.9,45.2,47.5,0.31,0.34,0.42
BERK,2019-11-08 18:35:00 EST,42.32030,-76.20319,1291,18.5,19.9,11.0,87.9,15.5,0.000,0.131,0.00,0.000,4.9,5.7,0.4,327,4,5.1,6.0,0.3,326,5,5.1,6.0,0.3,326,5,0,28.89,1.4,0,0,0,41.9,45.1,47.5,0.31,0.34,0.42
BERK,2019-11-08 18:40:00 EST,42.32030,-76.20319,1291,18.0,20.1,10.1,88.1,15.1,0.000,0.131,0.00,0.000,5.2,6.3,0.5,329,3,5.5,6.3,0.5,328,5,5.5,6.3,0.5,328,5,0,28.89,1.4,0,0,0,41.9,45.1,47.5,0.31,0.34,0.42
BERK,2019-11-08 18:45:00 EST,42.32030,-76.20319,1291,17.2,19.8,9.0,89.3,14.6,0.000,0.131,0.00,0.000,5.3,6.4,0.6,329,3,5.6,6.6,0.6,328,4,5.6,6.6,0.6,328,4,0,28.89,1.4,0,0,0,41.9,45.1,47.5,0.30,0.34,0.42
BERK,2019-11-08 18:50:00 EST,42.32030,-76.20319,1291,17.0,19.4,8.2,90.4,14.7,0.000,0.131,0.00,0.000,6.0,7.2,0.4,325,3,6.2,7.5,0.4,324,3,6.2,7.5,0.4,324,3,0,28.89,1.5,0,0,0,41.9,45.1,47.5,0.31,0.34,0.42
BERK,2019-11-08 18:55:00 EST,42.32030,-76.20319,1291,17.2,19.3,8.9,90.2,14.8,0.000,0.131,0.00,0.000,5.5,6.5,0.5,331,5,5.7,6.8,0.5,330,5,5.7,6.8,0.5,330,5,0,28.89,1.6,0,0,0,41.9,45.1,47.5,0.31,0.34,0.42
BERK,2019-11-08 19:00:00 EST,42.32030,-76.20319,1291,17.7,19.8,10.3,88.6,14.9,0.000,0.131,0.00,0.000,4.7,5.7,0.4,332,4,5.1,6.3,0.4,332,5,5.1,6.3,0.4,332,5,0,28.89,1.2,0,0,0,41.9,45.1,47.5,0.31,0.34,0.42
BERK,2019-11-08 19:05:00 EST,42.32030,-76.20319,1291,16.9,19.8,9.1,88.4,14.0,0.000,0.131,0.00,0.000,4.9,6.1,0.7,329,4,5.2,6.6,0.6,329,5,5.2,6.6,0.6,329,5,0,28.89,1.5,0,0,0,41.9,45.1,47.5,0.31,0.34,0.42
BERK,2019-11-08 19:10:00 EST,42.32030,-76.20319,1291,16.7,19.5,7.7,90.0,14.2,0.000,0.131,0.00,0.000,6.1,6.7,0.4,324,3,6.3,7.2,0.5,323,3,6.3,7.2,0.5,323,3,0,28.89,1.5,0,0,0,41.9,45.1,47.5,0.31,0.34,0.42
BERK,2019-11-08 19:15:00 EST,42.32030,-76.20319,1291,16.4,19.0,8.0,90.2,14.0,0.000,0.131,0.00,0.000,5.4,6.0,0.3,330,4,5.6,6.4,0.3,329,4,5.6,6.4,0.3,329,4,0,28.89,1.4,0,0,0,41.9,45.1,47.5,0.30,0.34,0.42
BERK,2019-11-08 19:20:00 EST,42.32030,-76.20319,1291,16.6,18.8,7.8,90.6,14.3,0.000,0.131,0.00,0.000,5.8,6.4,0.4,329,4,6.0,7.3,0.4,329,4,6.0,7.3,0.4,329,4,0,28.89,1.5,0,0,0,42.0,45.1,47.5,0.30,0.34,0.42
BERK,2019-11-08 19:25:00 EST,42.32030,-76.20319,1291,17.2,18.9,8.9,89.1,14.6,0.000,0.131,0.00,0.000,5.4,6.6,0.5,330,5,5.7,6.7,0.5,330,6,5.7,6.7,0.5,330,6,0,28.89,1.6,0,0,0,42.0,45.1,47.5,0.30,0.34,0.42
BERK,2019-11-08 19:30:00 EST,42.32030,-76.20319,1291,17.5,18.9,9.5,88.0,14.5,0.000,0.131,0.00,0.000,5.2,6.4,0.6,331,6,5.4,7.6,0.6,330,7,5.4,7.6,0.6,330,7,0,28.89,1.5,0,0,0,42.0,45.1,47.5,0.31,0.34,0.42
BERK,2019-11-08 19:35:00 EST,42.32030,-76.20319,1291,17.5,18.9,9.1,87.4,14.4,0.000,0.131,0.00,0.000,5.7,6.9,0.6,328,5,5.9,7.3,0.6,328,6,5.9,7.3,0.6,328,6,0,28.89,1.6,0,0,0,42.1,45.1,47.5,0.31,0.34,0.42
BERK,2019-11-08 19:40:00 EST,42.32030,-76.20319,1291,17.0,18.8,9.1,87.0,13.8,0.000,0.131,0.00,0.000,4.9,6.2,0.5,332,6,5.3,6.5,0.6,333,7,5.3,6.5,0.6,333,7,0,28.89,1.5,0,0,0,42.0,45.1,47.5,0.31,0.34,0.42
BERK,2019-11-08 19:45:00 EST,42.32030,-76.20319,1291,17.0,19.1,9.2,88.6,14.2,0.000,0.131,0.00,0.000,4.9,6.1,0.5,329,7,5.3,6.5,0.6,329,8,5.3,6.5,0.6,329,8,0,28.89,1.5,0,0,0,42.1,45.1,47.5,0.30,0.34,0.42
BERK,2019-11-08 19:50:00 EST,42.32030,-76.20319,1291,16.3,18.3,7.6,87.9,13.3,0.000,0.131,0.00,0.000,5.7,6.6,0.4,324,4,5.9,7.3,0.4,322,3,5.9,7.3,0.4,322,3,0,28.89,1.4,0,0,0,42.1,45.1,47.4,0.30,0.34,0.42
BERK,2019-11-08 19:55:00 EST,42.32030,-76.20319,1291,15.7,17.4,7.0,90.2,13.3,0.000,0.131,0.00,0.000,5.6,6.3,0.3,324,2,5.8,6.8,0.3,322,2,5.8,6.8,0.3,322,2,0,28.89,1.4,0,0,0,42.1,45.1,47.5,0.31,0.34,0.42
BERK,2019-11-08 20:00:00 EST,42.32030,-76.20319,1291,15.8,17.2,6.6,90.8,13.6,0.000,0.131,0.00,0.000,6.2,7.4,0.6,320,3,6.4,7.7,0.6,319,2,6.4,7.7,0.6,319,2,0,28.89,1.5,0,0,0,42.1,45.1,47.4,0.30,0.34,0.42
BERK,2019-11-08 20:05:00 EST,42.32030,-76.20319,1291,15.6,17.6,5.6,90.0,13.2,0.000,0.131,0.00,0.000,7.0,7.8,0.4,318,3,7.2,8.1,0.4,317,2,7.2,8.1,0.4,317,2,0,28.89,1.5,0,0,0,42.1,45.1,47.4,0.30,0.34,0.42
BERK,2019-11-08 20:10:00 EST,42.32030,-76.20319,1291,15.6,17.6,5.5,90.5,13.3,0.000,0.131,0.00,0.000,7.1,7.5,0.2,313,2,7.3,7.8,0.3,314,2,7.3,7.8,0.3,314,2,0,28.89,1.5,0,0,0,42.1,45.1,47.4,0.30,0.34,0.42
BERK,2019-11-08 20:15:00 EST,42.32030,-76.20319,1291,15.3,17.2,5.2,91.0,13.1,0.000,0.131,0.00,0.000,7.0,7.9,0.4,315,3,7.2,8.0,0.4,316,2,7.2,8.0,0.4,316,2,0,28.89,1.2,0,0,0,42.1,45.1,47.4,0.30,0.34,0.42
BERK,2019-11-08 20:20:00 EST,42.32030,-76.20319,1291,15.2,17.3,5.6,91.3,13.1,0.000,0.131,0.00,0.000,6.3,7.1,0.2,319,2,6.6,7.2,0.2,318,1,6.6,7.2,0.2,318,1,0,28.89,1.4,0,0,0,42.1,45.1,47.3,0.30,0.34,0.42
BERK,2019-11-08 20:25:00 EST,42.32030,-76.20319,1291,15.2,17.4,5.9,91.1,13.1,0.000,0.131,0.00,0.000,6.1,6.7,0.2,317,2,6.3,7.1,0.3,317,1,6.3,7.1,0.3,317,1,0,28.89,1.6,0,0,0,42.1,45.1,47.3,0.30,0.34,0.42
BERK,2019-11-08 20:30:00 EST,42.32030,-76.20319,1291,15.1,17.2,6.1,90.8,12.9,0.000,0.131,0.00,0.000,5.9,6.6,0.3,318,3,6.1,7.1,0.4,317,2,6.1,7.1,0.4,317,2,0,28.89,1.5,0,0,0,42.1,45.1,47.3,0.30,0.34,0.42
BERK,2019-11-08 20:35:00 EST,42.32030,-76.20319,1291,15.1,17.6,6.6,90.5,12.8,0.000,0.131,0.00,0.000,5.4,7.0,0.6,321,5,5.6,7.8,0.7,321,4,5.6,7.8,0.7,321,4,0,28.89,1.6,0,0,0,42.1,45.1,47.3,0.30,0.34,0.42
BERK,2019-11-08 20:40:00 EST,42.32030,-76.20319,1291,15.2,17.3,7.4,90.0,12.8,0.000,0.131,0.00,0.000,4.8,5.3,0.2,324,3,5.0,5.6,0.3,323,3,5.0,5.6,0.3,323,3,0,28.90,1.4,0,0,0,42.1,45.1,47.3,0.30,0.34,0.42
BERK,2019-11-08 20:45:00 EST,42.32030,-76.20319,1291,14.9,16.9,8.3,89.9,12.5,0.000,0.131,0.00,0.000,3.8,4.7,0.4,333,3,4.1,5.0,0.4,333,4,4.1,5.0,0.4,333,4,0,28.90,1.6,0,0,0,42.1,45.1,47.3,0.30,0.34,0.42
BERK,2019-11-08 20:50:00 EST,42.32030,-76.20319,1291,14.7,16.9,8.3,90.5,12.4,0.000,0.131,0.00,0.000,3.6,4.3,0.3,331,3,3.8,4.6,0.3,330,5,3.8,4.6,0.3,330,5,0,28.90,,0,0,0,42.1,45.1,47.3,0.30,0.34,0.42
BERK,2019-11-08 20:55:00 EST,42.32030,-76.20319,1291,14.6,16.7,8.8,90.6,12.3,0.000,0.131,0.00,0.000,3.2,3.9,0.3,332,3,3.4,4.0,0.3,333,5,3.4,4.0,0.3,333,5,0,28.90,2.0,0,0,0,42.1,45.1,47.3,0.30,0.34,0.42
BERK,2019-11-08 21:00:00 EST,42.32030,-76.20319,1291,14.5,16.5,14.5,91.3,12.5,0.000,0.131,0.00,0.000,2.0,2.8,0.5,347,8,2.4,3.5,0.6,351,9,2.4,3.5,0.6,351,9,0,28.89,2.0,0,0,0,42.1,45.1,47.3,0.30,0.34,0.42
BERK,2019-11-08 21:05:00 EST,42.32030,-76.20319,1291,15.0,16.4,15.0,92.2,13.2,0.000,0.131,0.00,0.000,0.3,1.4,0.5,355,0,0.7,1.7,0.5,16,11,0.7,1.7,0.5,16,11,0,28.89,1.6,0,0,0,42.1,45.1,47.3,0.30,0.34,0.42
BERK,2019-11-08 21:10:00 EST,42.32030,-76.20319,1291,15.5,16.6,15.5,93.2,13.9,0.000,0.131,0.00,0.000,0.0,0.0,0.0,0,0,0.1,1.0,0.3,264,12,0.1,1.0,0.3,264,12,0,28.89,,0,0,0,42.1,45.1,47.3,0.30,0.34,0.42
BERK,2019-11-08 21:15:00 EST,42.32030,-76.20319,1291,15.2,16.2,15.2,94.0,13.8,0.000,0.131,0.00,0.000,0.0,0.0,0.0,0,0,0.2,0.9,0.3,305,16,0.2,0.9,0.3,305,16,0,28.90,1.8,0,0,0,42.1,45.1,47.3,0.30,0.34,0.42
BERK,2019-11-08 21:20:00 EST,42.32030,-76.20319,1291,14.3,16.3,14.3,92.6,12.5,0.000,0.131,0.00,0.000,0.3,0.8,0.3,355,0,1.0,2.1,0.4,35,10,1.0,2.1,0.4,35,10,0,28.90,,0,0,0,42.1,45.1,47.3,0.30,0.34,0.42
BERK,2019-11-08 21:25:00 EST,42.32030,-76.20319,1291,14.5,16.7,14.5,93.2,12.9,0.000,0.131,0.00,0.000,0.6,1.7,0.7,58,10,1.4,2.0,0.3,56,9,1.4,2.0,0.3,56,9,0,28.90,1.7,0,0,0,42.1,45.1,47.3,0.30,0.34,0.42
BERK,2019-11-08 21:30:00 EST,42.32030,-76.20319,1291,14.5,17.2,14.5,93.3,12.9,0.000,0.131,0.00,0.000,1.5,2.5,0.3,51,9,1.6,2.8,0.4,51,11,1.6,2.8,0.4,51,11,0,28.90,1.8,0,0,0,42.1,45.1,47.3,0.30,0.34,0.42
BERK,2019-11-08 21:35:00 EST,42.32030,-76.20319,1291,15.0,17.0,15.0,93.3,13.4,0.000,0.131,0.00,0.000,0.0,0.7,0.1,36,0,0.2,1.5,0.4,161,37,0.2,1.5,0.4,161,37,0,28.90,1.6,0,0,0,42.1,45.1,47.3,0.30,0.34,0.42
BERK,2019-11-08 21:40:00 EST,42.32030,-76.20319,1291,14.6,16.4,14.6,94.0,13.2,0.000,0.131,0.00,0.000,0.4,0.9,0.3,264,0,0.9,1.4,0.3,235,15,0.9,1.4,0.3,235,15,0,28.90,1.6,0,0,0,42.1,45.1,47.3,0.30,0.34,0.42
BERK,2019-11-08 21:45:00 EST,42.32030,-76.20319,1291,13.4,16.1,13.4,92.2,11.6,0.000,0.131,0.00,0.000,0.2,0.7,0.3,264,0,0.3,1.0,0.4,252,7,0.3,1.0,0.4,252,7,0,28.90,1.7,0,0,0,42.1,45.1,47.3,0.30,0.34,0.42
BERK,2019-11-08 21:50:00 EST,42.32030,-76.20319,1291,13.5,15.7,13.5,93.2,11.9,0.000,0.131,0.00,0.000,0.0,0.5,0.1,264,0,0.6,1.1,0.4,307,12,0.6,1.1,0.4,307,12,0,28.89,1.6,0,0,0,42.1,45.1,47.3,0.30,0.34,0.42
BERK,2019-11-08 21:55:00 EST,42.32030,-76.20319,1291,13.3,15.4,13.3,93.4,11.8,0.000,0.131,0.00,0.000,0.0,0.0,0.0,0,0,0.8,1.6,0.6,337,11,0.8,1.6,0.6,337,11,0,28.90,1.5,0,0,0,42.1,45.1,47.3,0.30,0.34,0.42
BERK,2019-11-08 22:00:00 EST,42.32030,-76.20319,1291,13.2,15.9,13.2,93.5,11.7,0.000,0.131,0.00,0.000,0.0,0.7,0.2,264,0,0.5,1.2,0.4,287,23,0.5,1.2,0.4,287,23,0,28.90,1.6,0,0,0,42.1,45.1,47.3,0.30,0.34,0.42
BERK,2019-11-08 22:05:00 EST,42.32030,-76.20319,1291,12.9,15.8,12.9,93.3,11.4,0.000,0.131,0.00,0.000,0.5,0.9,0.3,264,0,0.8,1.4,0.5,279,9,0.8,1.4,0.5,279,9,0,28.89,1.5,0,0,0,42.1,45.1,47.3,0.30,0.34,0.42
BERK,2019-11-08 22:10:00 EST,42.32030,-76.20319,1291,12.9,15.5,12.9,93.3,11.3,0.000,0.131,0.00,0.000,0.4,0.8,0.2,264,0,1.0,1.3,0.2,303,7,1.0,1.3,0.2,303,7,0,28.89,1.5,0,0,0,42.1,45.1,47.3,0.30,0.34,0.42
BERK,2019-11-08 22:15:00 EST,42.32030,-76.20319,1291,12.5,15.0,12.5,93.2,10.9,0.000,0.131,0.00,0.000,1.0,1.8,0.7,333,3,1.9,2.6,0.5,350,12,1.9,2.6,0.5,350,12,0,28.89,1.6,0,0,0,42.1,45.1,47.3,0.30,0.34,0.42
BERK,2019-11-08 22:20:00 EST,42.32030,-76.20319,1291,12.9,14.9,12.9,93.6,11.4,0.000,0.131,0.00,0.000,0.6,1.5,0.4,335,0,1.3,1.8,0.3,0,17,1.3,1.8,0.3,0,17,0,28.89,1.5,0,0,0,42.1,45.1,47.3,0.30,0.34,0.42
BERK,2019-11-08 22:25:00 EST,42.32030,-76.20319,1291,12.6,14.9,12.6,93.2,11.0,0.000,0.131,0.00,0.000,1.0,1.8,0.5,332,3,1.1,2.0,0.5,326,10,1.1,2.0,0.5,326,10,0,28.89,1.5,0,0,0,42.1,45.1,47.3,0.30,0.34,0.42
BERK,2019-11-08 22:30:00 EST,42.32030,-76.20319,1291,12.4,15.0,12.4,92.9,10.8,0.000,0.131,0.00,0.000,0.2,1.9,0.6,327,0,0.3,2.0,0.6,321,9,0.3,2.0,0.6,321,9,0,28.89,1.4,0,0,0,42.1,45.1,47.3,0.30,0.34,0.42
BERK,2019-11-08 22:35:00 EST,42.32030,-76.20319,1291,11.7,14.1,11.7,92.4,9.9,0.000,0.131,0.00,0.000,1.7,2.8,0.6,332,3,2.2,3.0,0.6,340,9,2.2,3.0,0.6,340,9,0,28.89,1.5,0,0,0,42.1,45.1,47.3,0.30,0.34,0.42
BERK,2019-11-08 22:40:00 EST,42.32030,-76.20319,1291,11.8,14.1,11.8,93.3,10.2,0.000,0.131,0.00,0.000,2.5,3.1,0.4,330,4,2.6,3.2,0.3,330,7,2.6,3.2,0.3,330,7,0,28.89,1.3,0,0,0,42.1,45.1,47.3,0.30,0.34,0.42
BERK,2019-11-08 22:45:00 EST,42.32030,-76.20319,1291,11.7,14.1,11.7,93.1,10.1,0.000,0.131,0.00,0.000,2.3,3.1,0.4,326,3,2.3,3.1,0.4,327,9,2.3,3.1,0.4,327,9,0,28.89,1.5,0,0,0,42.1,45.1,47.3,0.30,0.34,0.42
BERK,2019-11-08 22:50:00 EST,42.32030,-76.20319,1291,11.8,14.2,11.8,93.1,10.2,0.000,0.131,0.00,0.000,2.4,2.9,0.3,320,0,2.1,3.0,0.3,318,4,2.1,3.0,0.3,318,4,0,28.89,1.3,0,0,0,42.1,45.1,47.3,0.30,0.34,0.42
BERK,2019-11-08 22:55:00 EST,42.32030,-76.20319,1291,11.5,13.7,11.5,93.1,9.8,0.000,0.131,0.00,0.000,2.5,3.1,0.4,320,0,2.3,3.0,0.4,319,3,2.3,3.0,0.4,319,3,0,28.89,1.4,0,0,0,42.1,45.1,47.3,0.30,0.34,0.42
BERK,2019-11-08 23:00:00 EST,42.32030,-76.20319,1291,11.2,13.7,11.2,93.0,9.5,0.000,0.131,0.00,0.000,2.7,3.2,0.3,320,0,2.6,3.1,0.3,320,3,2.6,3.1,0.3,320,3,0,28.89,1.4,0,0,0,42.1,45.1,47.3,0.30,0.34,0.42
BERK,2019-11-08 23:05:00 EST,42.32030,-76.20319,1291,11.3,13.8,11.3,93.1,9.6,0.000,0.131,0.00,0.000,2.4,3.1,0.3,324,3,2.4,3.0,0.2,327,4,2.4,3.0,0.2,327,4,0,28.89,1.3,0,0,0,42.1,45.1,47.3,0.30,0.34,0.42
BERK,2019-11-08 23:10:00 EST,42.32030,-76.20319,1291,11.0,13.9,11.0,92.5,9.3,0.000,0.131,0.00,0.000,2.0,2.1,0.1,326,0,1.9,2.3,0.1,326,4,1.9,2.3,0.1,326,4,0,28.89,1.4,0,0,0,42.1,45.1,47.3,0.30,0.34,0.42
BERK,2019-11-08 23:15:00 EST,42.32030,-76.20319,1291,11.2,13.5,11.2,92.8,9.5,0.000,0.131,0.00,0.000,1.6,2.0,0.2,326,3,1.8,2.4,0.3,332,11,1.8,2.4,0.3,332,11,0,28.90,1.4,0,0,0,42.1,45.1,47.3,0.30,0.34,0.42
BERK,2019-11-08 23:20:00 EST,42.32030,-76.20319,1291,11.1,13.3,11.1,92.7,9.4,0.000,0.131,0.00,0.000,1.6,1.8,0.1,340,4,2.1,2.5,0.2,351,6,2.1,2.5,0.2,351,6,0,28.89,1.3,0,0,0,42.1,45.1,47.3,0.30,0.34,0.42
BERK,2019-11-08 23:25:00 EST,42.32030,-76.20319,1291,11.1,13.3,11.1,92.7,9.4,0.000,0.131,0.00,0.000,1.9,2.6,0.4,332,9,2.0,2.5,0.2,326,14,2.0,2.5,0.2,326,14,0,28.89,1.3,0,0,0,42.1,45.1,47.3,0.30,0.34,0.42
BERK,2019-11-08 23:30:00 EST,42.32030,-76.20319,1291,10.7,12.5,10.7,92.1,8.8,0.000,0.131,0.00,0.000,2.9,3.3,0.2,319,0,2.7,3.2,0.3,317,2,2.7,3.2,0.3,317,2,0,28.89,1.0,0,0,0,42.1,45.1,47.3,0.30,0.34,0.42
BERK,2019-11-08 23:35:00 EST,42.32030,-76.20319,1291,10.4,12.5,10.4,92.3,8.6,0.000,0.131,0.00,0.000,2.8,3.1,0.1,325,4,3.0,3.2,0.2,330,6,3.0,3.2,0.2,330,6,0,28.89,1.1,0,0,0,42.1,45.1,47.3,0.30,0.34,0.42
BERK,2019-11-08 23:40:00 EST,42.32030,-76.20319,1291,10.8,13.3,10.8,92.9,9.1,0.000,0.131,0.00,0.000,2.3,2.8,0.2,330,0,2.3,2.9,0.3,327,5,2.3,2.9,0.3,327,5,0,28.89,1.2,0,0,0,42.1,45.1,47.3,0.30,0.34,0.42
BERK,2019-11-08 23:45:00 EST,42.32030,-76.20319,1291,10.7,13.5,10.7,92.6,9.0,0.000,0.131,0.00,0.000,2.7,2.9,0.1,323,1,2.4,2.8,0.2,316,1,2.4,2.8,0.2,316,1,0,28.89,1.0,0,0,0,42.1,45.1,47.3,0.30,0.34,0.42
BERK,2019-11-08 23:50:00 EST,42.32030,-76.20319,1291,10.3,12.6,10.3,91.9,8.4,0.000,0.131,0.00,0.000,3.1,3.3,0.1,323,0,2.9,3.2,0.2,317,1,2.9,3.2,0.2,317,1,0,28.89,1.0,0,0,0,42.1,45.1,47.3,0.30,0.34,0.42
BERK,2019-11-08 23:55:00 EST,42.32030,-76.20319,1291,9.9,11.9,3.9,92.0,8.1,0.000,0.131,0.00,0.000,3.3,3.5,0.1,323,1,3.2,3.5,0.1,322,4,3.2,3.5,0.1,322,4,0,28.90,1.1,0,0,0,42.1,45.1,47.3,0.30,0.34,0.42
BING,2019-11-08 00:00:00 EST,42.05843,-75.95104,1753,22.9,23.5,22.9,94.4,21.6,0.000,0.439,0.00,0.000,1.5,3.4,1.0,274,16,1.7,4.2,1.0,282,18,1.7,4.2,1.0,282,18,0,28.18,0.7,0,0,0,40.6,45.5,50.2,0.24,0.15,0.32
BING,2019-11-08 00:05:00 EST,42.05843,-75.95104,1753,23.0,23.5,23.0,94.3,21.6,0.000,0.000,0.00,0.000,2.4,3.7,0.4,274,12,2.3,3.8,0.5,283,15,2.3,3.8,0.5,283,15,0,28.18,0.6,0,0,0,40.6,45.5,50.2,0.24,0.15,0.32
BING,2019-11-08 00:10:00 EST,42.05843,-75.95104,1753,22.9,23.4,22.9,94.4,21.5,0.000,0.000,0.00,0.000,1.6,3.0,0.7,288,14,1.4,3.2,0.7,301,17,1.4,3.2,0.7,301,17,0,28.18,0.7,0,0,0,40.6,45.5,50.2,0.24,0.15,0.32
BING,2019-11-08 00:15:00 EST,42.05843,-75.95104,1753,22.7,23.3,22.7,94.4,21.3,0.000,0.000,0.00,0.000,2.2,3.9,1.0,265,14,2.3,4.2,1.1,272,18,2.3,4.2,1.1,272,18,0,28.18,0.6,0,0,0,40.6,45.5,50.2,0.24,0.15,0.32
BING,2019-11-08 00:20:00 EST,42.05843,-75.95104,1753,22.3,23.0,17.0,94.3,20.9,0.000,0.000,0.00,0.000,3.7,5.6,0.7,249,10,3.9,5.7,0.7,256,9,3.9,5.7,0.7,256,9,0,28.18,0.7,0,0,0,40.5,45.5,50.2,0.24,0.15,0.32
BING,2019-11-08 00:25:00 EST,42.05843,-75.95104,1753,22.7,23.0,16.1,94.4,21.4,0.000,0.000,0.00,0.000,4.8,7.8,1.1,258,9,5.1,9.6,1.3,264,9,5.1,9.6,1.3,264,9,0,28.19,0.7,0,0,0,40.5,45.5,50.2,0.24,0.15,0.32
BING,2019-11-08 00:30:00 EST,42.05843,-75.95104,1753,23.1,23.4,15.5,94.5,21.7,0.000,0.000,0.00,0.000,5.5,8.0,1.1,255,10,6.1,9.4,1.4,263,10,6.1,9.4,1.4,263,10,0,28.18,0.6,0,0,0,40.5,45.5,50.2,0.24,0.15,0.32
BING,2019-11-08 00:35:00 EST,42.05843,-75.95104,1753,23.1,23.4,15.6,94.3,21.7,0.000,0.000,0.00,0.000,5.6,7.5,0.8,257,11,6.1,9.9,1.1,265,9,6.1,9.9,1.1,265,9,0,28.18,0.7,0,0,0,40.5,45.5,50.2,0.24,0.15,0.32
BING,2019-11-08 00:40:00 EST,42.05843,-75.95104,1753,23.2,23.3,15.6,94.4,21.8,0.000,0.000,0.00,0.000,5.5,7.8,1.0,259,10,6.1,9.6,1.3,266,11,6.1,9.6,1.3,266,11,0,28.18,0.7,0,0,0,40.4,45.5,50.2,0.24,0.15,0.32
BING,2019-11-08 00:45:00 EST,42.05843,-75.95104,1753,23.2,23.4,15.2,94.4,21.8,0.000,0.000,0.00,0.000,6.1,8.5,1.0,254,11,6.7,9.9,1.2,263,10,6.7,9.9,1.2,263,10,0,28.18,0.7,0,0,0,40.4,45.5,50.2,0.24,0.15,0.32
BING,2019-11-08 00:50:00 EST,42.05843,-75.95104,1753,23.2,23.4,16.1,94.5,21.9,0.000,0.000,0.00,0.000,5.2,9.3,1.3,256,12,5.6,11.5,1.6,264,10,5.6,11.5,1.6,264,10,0,28.18,0.7,0,0,0,40.3,45.5,50.2,0.24,0.15,0.32
BING,2019-11-08 00:55:00 EST,42.05843,-75.95104,1753,23.2,23.4,17.6,94.5,21.8,0.000,0.000,0.00,0.000,4.0,8.2,2.0,261,13,4.2,10.4,2.3,268,15,4.2,10.4,2.3,268,15,0,28.18,0.7,0,0,0,40.3,45.5,50.2,0.24,0.15,0.32
BING,2019-11-08 01:00:00 EST,42.05843,-75.95104,1753,23.1,23.3,23.1,94.4,21.7,0.000,0.000,0.00,0.000,1.1,2.9,0.8,283,20,1.1,3.4,0.7,293,31,1.1,3.4,0.7,293,31,0,28.17,0.7,0,0,0,40.3,45.5,50.2,0.24,0.15,0.32
BING,2019-11-08 01:05:00 EST,42.05843,-75.95104,1753,23.1,23.3,23.1,94.4,21.7,0.000,0.000,0.00,0.000,1.0,3.0,0.7,291,24,1.1,3.3,0.8,305,31,1.1,3.3,0.8,305,31,0,28.17,0.7,0,0,0,40.3,45.5,50.1,0.24,0.15,0.32
BING,2019-11-08 01:10:00 EST,42.05843,-75.95104,1753,23.0,23.4,23.0,94.4,21.7,0.000,0.000,0.00,0.000,2.6,4.5,0.7,298,25,2.5,4.3,0.8,304,31,2.5,4.3,0.8,304,31,0,28.17,0.7,0,0,0,40.3,45.5,50.0,0.24,0.15,0.32
BING,2019-11-08 01:15:00 EST,42.05843,-75.95104,1753,22.7,23.2,18.4,94.5,21.4,0.000,0.000,0.00,0.000,3.2,4.4,0.6,268,12,3.3,5.0,0.8,274,12,3.3,5.0,0.8,274,12,0,28.17,0.7,0,0,0,40.3,45.5,50.2,0.24,0.15,0.32
BING,2019-11-08 01:20:00 EST,42.05843,-75.95104,1753,22.7,23.1,16.6,94.5,21.3,0.000,0.000,0.00,0.000,4.5,7.5,1.2,282,14,4.6,8.9,1.4,290,15,4.6,8.9,1.4,290,15,0,28.18,0.7,0,0,0,40.1,45.5,50.2,0.24,0.15,0.32
BING,2019-11-08 01:25:00 EST,42.05843,-75.95104,1753,22.8,23.1,22.8,94.6,21.5,0.000,0.000,0.00,0.000,2.9,5.8,1.1,277,15,2.9,6.5,1.3,285,17,2.9,6.5,1.3,285,17,0,28.18,0.7,0,0,0,40.1,45.5,50.0,0.24,0.15,0.32
BING,2019-11-08 01:30:00 EST,42.05843,-75.95104,1753,22.7,23.0,22.7,94.6,21.4,0.000,0.000,0.00,0.000,1.4,3.4,0.9,279,13,1.3,4.4,1.0,288,16,1.3,4.4,1.0,288,16,0,28.18,0.8,0,0,0,40.1,45.5,50.0,0.24,0.15,0.32
BING,2019-11-08 01:35:00 EST,42.05843,-75.95104,1753,22.9,23.0,22.9,94.8,21.6,0.000,0.000,0.00,0.000,2.6,4.8,1.2,288,17,2.6,5.9,1.3,296,20,2.6,5.9,1.3,296,20,0,28.18,0.7,0,0,0,40.1,45.5,50.0,0.24,0.15,0.32
BING,2019-11-08 01:40:00 EST,42.05843,-75.95104,1753,22.8,22.9,22.8,95.0,21.6,0.000,0.000,0.00,0.000,2.8,5.6,1.0,286,11,2.7,6.0,1.1,295,14,2.7,6.0,1.1,295,14,0,28.18,0.7,0,0,0,40.1,45.5,50.1,0.24,0.15,0.32
BING,2019-11-08 01:45:00 EST,42.05843,-75.95104,1753,22.7,22.9,22.7,95.2,21.6,0.000,0.000,0.00,0.000,2.5,5.6,1.0,274,20,2.5,5.9,1.1,280,23,2.5,5.9,1.1,280,23,0,28.18,0.7,0,0,0,40.0,45.5,50.0,0.24,0.15,0.32
BING,2019-11-08 01:50:00 EST,42.05843,-75.95104,1753,22.8,23.0,22.8,95.3,21.6,0.000,0.000,0.00,0.000,2.4,4.5,0.9,279,13,2.4,4.9,1.1,287,17,2.4,4.9,1.1,287,17,0,28.18,0.7,0,0,0,39.9,45.4,50.0,0.24,0.15,0.32
BING,2019-11-08 01:55:00 EST,42.05843,-75.95104,1753,22.8,23.0,17.7,95.3,21.6,0.000,0.000,0.00,0.000,3.6,6.0,0.8,273,16,3.8,6.9,1.0,279,15,3.8,6.9,1.0,279,15,0,28.18,0.7,0,0,0,39.9,45.4,49.8,0.24,0.15,0.32
BING,2019-11-08 02:00:00 EST,42.05843,-75.95104,1753,23.0,23.2,15.2,95.5,21.9,0.000,0.000,0.00,0.000,5.7,8.4,1.6,269,12,6.3,10.2,2.0,275,10,6.3,10.2,2.0,275,10,0,28.18,0.7,0,0,0,39.9,45.4,50.0,0.24,0.15,0.32
BING,2019-11-08 02:05:00 EST,42.05843,-75.95104,1753,23.2,23.3,14.6,95.6,22.1,0.000,0.000,0.00,0.000,6.5,10.4,1.8,265,11,7.3,12.6,2.3,272,10,7.3,12.6,2.3,272,10,0,28.18,0.7,0,0,0,39.9,45.4,50.0,0.24,0.14,0.32
BING,2019-11-08 02:10:00 EST,42.05843,-75.95104,1753,23.2,23.3,14.4,95.6,22.2,0.000,0.000,0.00,0.000,6.6,10.7,1.4,269,14,7.6,11.9,1.7,276,11,7.6,11.9,1.7,276,11,0,28.18,0.7,0,0,0,39.9,45.3,50.0,0.24,0.14,0.32
BING,2019-11-08 02:15:00 EST,42.05843,-75.95104,1753,23.4,23.5,14.3,95.7,22.3,0.000,0.000,0.00,0.000,7.1,10.5,1.4,273,11,8.1,12.9,1.8,279,10,8.1,12.9,1.8,279,10,0,28.18,0.7,0,0,0,39.9,45.3,50.0,0.24,0.14,0.32
BING,2019-11-08 02:20:00 EST,42.05843,-75.95104,1753,23.5,23.5,13.3,95.7,22.4,0.000,0.000,0.00,0.000,8.2,11.5,1.5,268,11,9.7,14.0,2.0,275,8,9.7,14.0,2.0,275,8,0,28.18,0.7,0,0,0,39.9,45.3,49.8,0.24,0.14,0.32
BING,2019-11-08 02:25:00 EST,42.05843,-75.95104,1753,23.5,23.5,14.4,95.7,22.5,0.000,0.000,0.00,0.000,7.2,10.9,1.7,263,10,8.2,12.9,2.2,271,9,8.2,12.9,2.2,271,9,0,28.17,0.7,0,0,0,39.9,45.3,49.8,0.24,0.14,0.32
BING,2019-11-08 02:30:00 EST,42.05843,-75.95104,1753,23.6,23.6,13.2,95.7,22.5,0.000,0.000,0.00,0.000,8.5,12.2,2.2,269,13,10.1,17.3,2.8,276,11,10.1,17.3,2.8,276,11,0,28.17,0.7,0,0,0,39.8,45.3,49.8,0.24,0.14,0.32
BING,2019-11-08 02:35:00 EST,42.05843,-75.95104,1753,23.7,23.7,13.1,95.6,22.7,0.000,0.000,0.00,0.000,9.2,15.1,2.1,268,14,10.7,18.4,2.7,274,12,10.7,18.4,2.7,274,12,0,28.17,0.7,0,0,0,39.7,45.3,49.9,0.24,0.14,0.32
BING,2019-11-08 02:40:00 EST,42.05843,-75.95104,1753,23.7,23.7,14.5,95.4,22.6,0.000,0.000,0.00,0.000,7.4,11.0,1.5,270,14,8.4,13.1,2.0,277,11,8.4,13.1,2.0,277,11,0,28.17,0.7,0,0,0,39.7,45.3,49.8,0.24,0.14,0.32
BING,2019-11-08 02:45:00 EST,42.05843,-75.95104,1753,23.8,23.8,12.9,95.3,22.7,0.000,0.000,0.00,0.000,9.7,14.1,1.9,272,12,11.3,16.1,2.4,278,10,11.3,16.1,2.4,278,10,0,28.17,0.7,0,0,0,39.7,45.3,49.8,0.24,0.14,0.32
BING,2019-11-08 02:50:00 EST,42.05843,-75.95104,1753,23.9,23.9,13.5,95.0,22.7,0.000,0.000,0.00,0.000,9.0,15.8,2.4,271,12,10.3,20.7,3.1,278,10,10.3,20.7,3.1,278,10,0,28.17,0.7,0,0,0,39.7,45.3,49.8,0.24,0.14,0.32
BING,2019-11-08 02:55:00 EST,42.05843,-75.95104,1753,24.0,23.9,13.6,94.8,22.7,0.000,0.000,0.00,0.000,9.1,15.1,2.1,274,13,10.3,17.9,2.8,280,11,10.3,17.9,2.8,280,11,0,28.17,0.7,0,0,0,39.7,45.3,49.8,0.24,0.15,0.32
BING,2019-11-08 03:00:00 EST,42.05843,-75.95104,1753,24.0,23.9,13.7,94.7,22.7,0.000,0.000,0.00,0.000,9.1,13.7,2.1,275,13,10.2,15.7,2.6,281,11,10.2,15.7,2.6,281,11,0,28.17,0.7,0,0,0,39.7,45.2,49.9,0.24,0.15,0.32
BING,2019-11-08 03:05:00 EST,42.05843,-75.95104,1753,24.0,24.0,13.8,94.6,22.7,0.000,0.000,0.00,0.000,9.1,13.6,2.0,275,14,10.1,16.5,2.6,281,13,10.1,16.5,2.6,281,13,0,28.17,0.7,0,0,0,39.7,45.3,49.8,0.24,0.15,0.32
BING,2019-11-08 03:10:00 EST,42.05843,-75.95104,1753,24.0,24.0,14.3,94.4,22.6,0.000,0.000,0.00,0.000,8.1,12.8,2.1,275,14,9.1,14.0,2.5,279,11,9.1,14.0,2.5,279,11,0,28.17,0.7,0,0,0,39.7,45.2,49.8,0.24,0.15,0.32
BING,2019-11-08 03:15:00 EST,42.05843,-75.95104,1753,24.0,24.0,14.1,94.5,22.6,0.000,0.000,0.00,0.000,8.7,15.6,2.2,280,12,9.5,17.1,2.5,286,12,9.5,17.1,2.5,286,12,0,28.17,0.7,0,0,0,39.6,45.2,49.8,0.24,0.15,0.32
BING,2019-11-08 03:20:00 EST,42.05843,-75.95104,1753,24.0,24.0,15.1,94.2,22.6,0.000,0.000,0.00,0.000,7.3,10.9,1.4,274,15,8.0,14.0,1.7,280,13,8.0,14.0,1.7,280,13,0,28.17,0.6,0,0,0,39.6,45.1,49.8,0.24,0.15,0.32
BING,2019-11-08 03:25:00 EST,42.05843,-75.95104,1753,24.0,24.0,14.1,94.1,22.6,0.000,0.000,0.00,0.000,8.6,14.5,1.9,274,12,9.6,16.5,2.5,282,10,9.6,16.5,2.5,282,10,0,28.17,0.7,0,0,0,39.6,45.1,49.8,0.24,0.15,0.32
BING,2019-11-08 03:30:00 EST,42.05843,-75.95104,1753,24.1,24.0,14.6,94.2,22.6,0.000,0.000,0.00,0.000,8.0,12.3,1.8,271,11,8.9,15.7,2.3,277,10,8.9,15.7,2.3,277,10,0,28.17,0.7,0,0,0,39.6,45.1,49.8,0.24,0.15,0.32
BING,2019-11-08 03:35:00 EST,42.05843,-75.95104,1753,24.0,24.0,14.1,94.4,22.6,0.000,0.000,0.00,0.000,8.5,13.2,2.0,271,13,9.4,15.1,2.4,277,12,9.4,15.1,2.4,277,12,0,28.17,0.7,0,0,0,39.6,45.1,49.8,0.24,0.15,0.32
BING,2019-11-08 03:40:00 EST,42.05843,-75.95104,1753,24.1,24.0,13.9,94.7,22.8,0.000,0.000,0.00,0.000,8.8,13.4,2.3,269,11,10.0,16.7,2.8,276,8,10.0,16.7,2.8,276,8,0,28.17,0.7,0,0,0,39.6,45.1,49.8,0.24,0.15,0.32
BING,2019-11-08 03:45:00 EST,42.05843,-75.95104,1753,24.2,24.1,14.8,94.8,22.9,0.000,0.000,0.00,0.000,7.9,11.3,1.5,270,12,8.7,13.3,1.8,277,10,8.7,13.3,1.8,277,10,0,28.17,0.6,0,0,0,39.6,45.1,49.8,0.24,0.14,0.31
BING,2019-11-08 03:50:00 EST,42.05843,-75.95104,1753,24.2,24.1,14.1,94.9,22.9,0.000,0.000,0.00,0.000,8.9,14.9,2.0,274,12,9.9,17.3,2.4,280,11,9.9,17.3,2.4,280,11,0,28.17,0.7,0,0,0,39.6,45.1,49.8,0.24,0.14,0.32
BING,2019-11-08 03:55:00 EST,42.05843,-75.95104,1753,24.3,24.1,13.8,95.0,23.1,0.000,0.000,0.00,0.000,9.5,14.6,2.2,272,13,10.7,15.7,2.6,279,10,10.7,15.7,2.6,279,10,0,28.17,0.7,0,0,0,39.6,45.1,49.8,0.24,0.15,0.32
BING,2019-11-08 04:00:00 EST,42.05843,-75.95104,1753,24.3,24.2,13.9,94.9,23.1,0.000,0.000,0.00,0.000,9.3,14.1,2.1,272,12,10.5,16.8,2.5,279,10,10.5,16.8,2.5,279,10,0,28.17,0.7,0,0,0,39.6,45.1,49.8,0.24,0.14,0.31
BING,2019-11-08 04:05:00 EST,42.05843,-75.95104,1753,24.4,24.2,15.8,94.7,23.1,0.000,0.000,0.00,0.000,7.0,9.9,1.4,274,13,7.6,11.3,1.9,281,12,7.6,11.3,1.9,281,12,0,28.17,0.7,0,0,0,39.6,45.1,49.8,0.24,0.14,0.31
BING,2019-11-08 04:10:00 EST,42.05843,-75.95104,1753,24.4,24.2,15.5,94.8,23.1,0.000,0.000,0.00,0.000,7.3,11.0,1.7,273,15,8.0,14.4,2.1,280,14,8.0,14.4,2.1,280,14,0,28.17,0.7,0,0,0,39.5,45.1,49.8,0.24,0.14,0.31
BING,2019-11-08 04:15:00 EST,42.05843,-75.95104,1753,24.4,24.2,15.4,94.9,23.1,0.000,0.000,0.00,0.000,7.6,12.3,2.3,280,14,8.2,14.1,2.8,286,13,8.2,14.1,2.8,286,13,0,28.17,0.8,0,0,0,39.4,45.1,49.8,0.24,0.14,0.31
BING,2019-11-08 04:20:00 EST,42.05843,-75.95104,1753,24.4,24.2,16.0,94.9,23.1,0.004,0.004,0.00,0.004,7.2,12.1,2.1,284,17,7.4,12.8,2.1,292,17,7.4,12.8,2.1,292,17,0,28.17,0.7,0,0,0,39.4,45.1,49.8,0.24,0.14,0.31
BING,2019-11-08 04:25:00 EST,42.05843,-75.95104,1753,24.3,24.2,16.5,95.1,23.1,0.002,0.005,0.00,0.005,6.3,12.0,2.2,296,23,6.7,13.6,2.5,303,23,6.7,13.6,2.5,303,23,0,28.17,0.7,0,0,0,39.4,45.1,49.8,0.24,0.15,0.31
BING,2019-11-08 04:30:00 EST,42.05843,-75.95104,1753,24.3,24.1,17.7,95.3,23.1,0.000,0.005,0.00,0.005,5.1,10.7,2.2,297,23,5.3,11.5,2.3,305,25,5.3,11.5,2.3,305,25,0,28.17,0.2,0,0,0,39.4,45.1,49.8,0.24,0.14,0.31
BING,2019-11-08 04:35:00 EST,42.05843,-75.95104,1753,24.3,24.1,14.9,95.5,23.1,0.007,0.012,0.00,0.012,8.5,20.9,3.6,287,17,8.7,22.5,3.9,295,16,8.7,22.5,3.9,295,16,0,28.18,0.5,0,0,0,39.4,45.1,49.8,0.24,0.15,0.32
BING,2019-11-08 04:40:00 EST,42.05843,-75.95104,1753,24.2,24.1,16.6,95.5,23.1,0.000,0.012,0.00,0.012,5.8,12.5,2.6,285,21,6.4,14.0,3.0,292,17,6.4,14.0,3.0,292,17,0,28.18,0.3,0,0,0,39.4,45.1,49.8,0.24,0.14,0.32
BING,2019-11-08 04:45:00 EST,42.05843,-75.95104,1753,24.1,24.0,15.2,95.4,22.9,0.000,0.012,0.00,0.012,7.4,16.8,3.5,282,22,8.0,16.6,3.3,290,23,8.0,16.6,3.3,290,23,0,28.18,0.4,0,0,0,39.4,45.1,49.8,0.24,0.15,0.31
BING,2019-11-08 04:50:00 EST,42.05843,-75.95104,1753,24.1,24.0,15.6,95.3,23.0,0.000,0.012,0.00,0.012,6.7,12.7,2.0,277,21,7.5,15.6,2.5,284,19,7.5,15.6,2.5,284,19,0,28.18,0.4,0,0,0,39.4,45.0,49.8,0.24,0.15,0.31
BING,2019-11-08 04:55:00 EST,42.05843,-75.95104,1753,24.2,24.0,17.0,95.3,23.0,0.000,0.012,0.00,0.012,5.6,11.3,2.5,287,19,5.9,11.8,2.7,295,20,5.9,11.8,2.7,295,20,0,28.18,0.4,0,0,0,39.4,45.0,49.8,0.24,0.15,0.31
BING,2019-11-08 05:00:00 EST,42.05843,-75.95104,1753,24.1,24.0,17.1,95.1,22.9,0.000,0.012,0.00,0.012,5.6,10.4,2.2,292,28,5.7,14.0,2.5,298,27,5.7,14.0,2.5,298,27,0,28.18,0.4,0,0,0,39.4,45.0,49.8,0.24,0.15,0.31
BING,2019-11-08 05:05:00 EST,42.05843,-75.95104,1753,24.2,24.0,16.3,94.9,22.9,0.000,0.012,0.00,0.012,6.3,12.9,2.0,288,18,6.7,11.5,2.1,296,17,6.7,11.5,2.1,296,17,0,28.18,0.4,0,0,0,39.4,45.0,49.8,0.24,0.15,0.31
BING,2019-11-08 05:10:00 EST,42.05843,-75.95104,1753,24.2,24.0,15.7,94.8,22.9,0.000,0.012,0.00,0.012,6.9,10.9,2.2,288,19,7.4,13.1,2.7,295,19,7.4,13.1,2.7,295,19,0,28.18,0.4,0,0,0,39.4,45.0,49.8,0.24,0.14,0.31
BING,2019-11-08 05:15:00 EST,42.05843,-75.95104,1753,24.1,24.0,16.2,94.8,22.8,0.000,0.012,0.00,0.012,6.5,12.3,2.3,290,20,6.7,12.4,2.3,299,20,6.7,12.4,2.3,299,20,0,28.18,0.3,0,0,0,39.4,45.0,49.8,0.24,0.15,0.31
BING,2019-11-08 05:20:00 EST,42.05843,-75.95104,1753,24.0,23.9,16.4,94.9,22.7,0.000,0.012,0.00,0.008,6.0,9.6,1.8,282,19,6.4,11.1,2.2,287,18,6.4,11.1,2.2,287,18,0,28.19,0.3,0,0,0,39.4,45.0,49.8,0.24,0.15,0.31
BING,2019-11-08 05:25:00 EST,42.05843,-75.95104,1753,24.0,23.8,16.9,95.0,22.7,0.000,0.012,0.00,0.007,5.5,10.0,2.3,291,26,5.7,10.3,2.5,299,26,5.7,10.3,2.5,299,26,0,28.19,0.3,0,0,0,39.4,45.0,49.8,0.24,0.15,0.31
BING,2019-11-08 05:30:00 EST,42.05843,-75.95104,1753,23.9,23.7,16.3,94.9,22.6,0.000,0.012,0.00,0.007,5.9,10.7,2.5,292,21,6.2,11.8,2.6,297,21,6.2,11.8,2.6,297,21,0,28.19,0.3,0,0,0,39.3,45.0,49.8,0.24,0.14,0.31
BING,2019-11-08 05:35:00 EST,42.05843,-75.95104,1753,23.8,23.6,15.6,94.7,22.5,0.000,0.012,0.00,0.000,6.6,10.4,1.6,284,19,7.1,12.4,1.9,291,19,7.1,12.4,1.9,291,19,0,28.19,0.3,0,0,0,39.2,45.0,49.8,0.24,0.14,0.31
BING,2019-11-08 05:40:00 EST,42.05843,-75.95104,1753,23.7,23.6,16.0,94.6,22.4,0.000,0.012,0.00,0.000,6.1,13.8,2.9,288,28,6.5,16.0,3.1,297,26,6.5,16.0,3.1,297,26,0,28.19,0.3,0,0,0,39.3,45.0,49.8,0.24,0.14,0.31
BING,2019-11-08 05:45:00 EST,42.05843,-75.95104,1753,23.6,23.5,15.5,94.5,22.3,0.000,0.012,0.00,0.000,6.3,12.7,2.4,290,23,6.9,13.3,2.5,298,23,6.9,13.3,2.5,298,23,0,28.20,0.3,0,0,0,39.2,45.0,49.8,0.24,0.14,0.31
BING,2019-11-08 05:50:00 EST,42.05843,-75.95104,1753,23.5,23.4,15.5,94.6,22.2,0.000,0.012,0.00,0.000,6.3,14.5,2.1,283,20,6.7,13.6,2.2,288,21,6.7,13.6,2.2,288,21,0,28.20,0.3,0,0,0,39.2,45.0,49.8,0.24,0.14,0.31
BING,2019-11-08 05:55:00 EST,42.05843,-75.95104,1753,23.5,23.3,15.7,94.7,22.2,0.000,0.012,0.00,0.000,5.9,10.5,1.8,285,22,6.4,11.8,2.2,291,20,6.4,11.8,2.2,291,20,0,28.20,0.4,0,0,0,39.2,45.0,49.8,0.24,0.14,0.31
BING,2019-11-08 06:00:00 EST,42.05843,-75.95104,1753,23.4,23.3,13.7,94.6,22.1,0.000,0.012,0.00,0.000,8.3,13.8,2.3,287,20,9.0,15.0,2.4,292,19,9.0,15.0,2.4,292,19,0,28.20,0.3,0,0,0,39.2,45.0,49.8,0.24,0.14,0.31
BING,2019-11-08 06:05:00 EST,42.05843,-75.95104,1753,23.4,23.3,14.3,94.0,21.9,0.000,0.012,0.00,0.000,7.5,16.5,2.9,290,21,8.1,18.8,3.1,298,22,8.1,18.8,3.1,298,22,0,28.21,0.4,0,0,0,39.2,44.9,49.7,0.24,0.14,0.31
BING,2019-11-08 06:10:00 EST,42.05843,-75.95104,1753,23.4,23.2,14.6,93.7,21.8,0.000,0.012,0.00,0.000,7.1,13.5,2.7,290,27,7.7,16.2,3.3,297,28,7.7,16.2,3.3,297,28,0,28.21,0.3,0,0,0,39.2,44.8,49.8,0.24,0.14,0.31
BING,2019-11-08 06:15:00 EST,42.05843,-75.95104,1753,23.4,23.3,12.9,91.8,21.4,0.000,0.012,0.00,0.000,10.0,20.2,4.0,296,22,10.4,22.7,4.2,303,22,10.4,22.7,4.2,303,22,0,28.21,0.5,0,0,0,39.2,44.8,49.8,0.24,0.14,0.31
BING,2019-11-08 06:20:00 EST,42.05843,-75.95104,1753,23.3,23.2,12.6,89.8,20.7,0.000,0.012,0.00,0.000,9.9,22.2,3.7,307,32,10.6,23.4,3.7,313,31,10.6,23.4,3.7,313,31,0,28.21,0.4,0,0,0,39.2,44.9,49.8,0.24,0.14,0.31
BING,2019-11-08 06:25:00 EST,42.05843,-75.95104,1753,23.2,23.1,14.3,88.1,20.2,0.000,0.012,0.00,0.000,7.0,14.9,2.9,311,26,7.7,14.6,3.1,317,26,7.7,14.6,3.1,317,26,0,28.21,0.4,0,0,0,39.2,44.8,49.8,0.24,0.14,0.31
BING,2019-11-08 06:30:00 EST,42.05843,-75.95104,1753,23.1,23.0,13.8,87.6,20.0,0.000,0.012,0.00,0.000,7.4,18.1,3.2,311,31,8.2,16.3,3.2,322,28,8.2,16.3,3.2,322,28,0,28.22,0.4,0,0,0,39.2,44.8,49.7,0.24,0.14,0.31
BING,2019-11-08 06:35:00 EST,42.05843,-75.95104,1753,22.9,22.8,13.5,87.2,19.6,0.000,0.012,0.00,0.000,7.9,14.0,2.7,305,26,8.4,15.8,2.9,314,26,8.4,15.8,2.9,314,26,0,28.22,0.3,0,0,0,39.2,44.8,49.7,0.24,0.14,0.31
BING,2019-11-08 06:40:00 EST,42.05843,-75.95104,1753,22.7,22.6,13.3,87.8,19.6,0.000,0.012,0.00,0.000,7.6,14.4,3.2,307,26,8.3,18.8,3.5,314,27,8.3,18.8,3.5,314,27,1,28.22,0.4,0,0,0,39.2,44.8,49.8,0.24,0.14,0.31
BING,2019-11-08 06:45:00 EST,42.05843,-75.95104,1753,22.6,22.5,13.6,88.2,19.6,0.000,0.012,0.00,0.000,7.1,15.3,3.1,294,30,7.7,16.7,3.2,299,31,7.7,16.7,3.2,299,31,4,28.22,0.3,0,0,0,39.2,44.8,49.7,0.24,0.14,0.31
BING,2019-11-08 06:50:00 EST,42.05843,-75.95104,1753,22.6,22.5,14.9,88.6,19.8,0.000,0.012,0.00,0.000,5.7,16.5,3.5,298,30,6.2,15.6,3.3,306,30,6.2,15.6,3.3,306,30,6,28.22,0.4,0,0,0,39.2,44.8,49.7,0.24,0.14,0.31
BING,2019-11-08 06:55:00 EST,42.05843,-75.95104,1753,22.6,22.5,15.3,89.1,19.9,0.000,0.012,0.00,0.000,5.3,10.9,2.2,294,30,5.7,11.0,2.1,303,32,5.7,11.0,2.1,303,32,9,28.23,0.4,0,0,0,39.2,44.8,49.6,0.24,0.14,0.31
BING,2019-11-08 07:00:00 EST,42.05843,-75.95104,1753,22.6,22.5,13.2,89.7,20.0,0.000,0.012,0.00,0.000,8.0,15.6,2.9,299,25,8.3,17.4,3.0,308,25,8.3,17.4,3.0,308,25,15,28.23,0.4,0,0,0,39.2,44.8,49.7,0.24,0.14,0.31
BING,2019-11-08 07:05:00 EST,42.05843,-75.95104,1753,22.7,22.6,14.5,90.1,20.2,0.000,0.012,0.00,0.000,7.0,12.9,2.7,301,24,6.8,14.0,2.9,313,25,6.8,14.0,2.9,313,25,14,28.24,0.4,0,0,0,39.2,44.8,49.7,0.24,0.14,0.31
BING,2019-11-08 07:10:00 EST,42.05843,-75.95104,1753,22.7,22.5,15.2,90.6,20.3,0.000,0.012,0.00,0.000,6.2,12.5,2.6,294,25,5.9,13.5,2.6,305,28,5.9,13.5,2.6,305,28,19,28.24,0.4,0,0,0,39.1,44.7,49.7,0.24,0.14,0.31
BING,2019-11-08 07:15:00 EST,42.05843,-75.95104,1753,22.7,22.6,13.4,90.5,20.3,0.000,0.012,0.00,0.000,8.4,15.7,3.1,298,23,8.2,14.5,2.9,309,26,8.2,14.5,2.9,309,26,16,28.24,0.4,0,0,0,39.2,44.7,49.7,0.24,0.14,0.31
BING,2019-11-08 07:20:00 EST,42.05843,-75.95104,1753,22.6,22.5,14.6,90.2,20.2,0.000,0.012,0.00,0.000,6.7,17.7,3.5,305,27,6.6,14.6,3.4,318,29,6.6,14.6,3.4,318,29,13,28.24,0.5,0,0,0,39.1,44.7,49.7,0.24,0.14,0.31
BING,2019-11-08 07:25:00 EST,42.05843,-75.95104,1753,22.5,22.4,12.8,89.7,20.0,0.000,0.012,0.00,0.000,9.1,18.6,3.5,298,27,8.8,16.6,3.6,309,29,8.8,16.6,3.6,309,29,17,28.25,0.6,0,0,0,39.1,44.7,49.7,0.24,0.14,0.31
BING,2019-11-08 07:30:00 EST,42.05843,-75.95104,1753,22.4,22.2,12.7,89.8,19.8,0.003,0.015,0.00,0.003,9.0,19.2,3.5,305,26,8.6,17.7,3.4,317,26,8.6,17.7,3.4,317,26,15,28.25,0.5,0,0,0,39.2,44.6,49.6,0.24,0.14,0.31
BING,2019-11-08 07:35:00 EST,42.05843,-75.95104,1753,22.1,21.9,15.9,91.3,20.0,0.004,0.019,0.00,0.007,4.5,11.7,2.7,313,34,4.7,10.9,2.7,326,40,4.7,10.9,2.7,326,40,12,28.25,0.6,0,0,0,39.1,44.7,49.7,0.24,0.14,0.31
BING,2019-11-08 07:40:00 EST,42.05843,-75.95104,1753,22.0,21.8,13.4,92.7,20.2,0.000,0.019,0.00,0.007,7.0,15.7,3.6,310,28,7.0,14.5,3.5,319,30,7.0,14.5,3.5,319,30,24,28.25,0.8,0,0,0,39.1,44.6,49.7,0.24,0.14,0.31
BING,2019-11-08 07:45:00 EST,42.05843,-75.95104,1753,22.0,21.8,14.2,93.1,20.3,0.000,0.019,0.00,0.007,6.1,9.4,2.0,304,31,6.0,12.4,2.2,318,30,6.0,12.4,2.2,318,30,32,28.26,0.8,0,0,0,38.9,44.6,49.7,0.24,0.14,0.31
BING,2019-11-08 07:50:00 EST,42.05843,-75.95104,1753,22.0,21.8,14.3,93.4,20.4,0.003,0.022,0.00,0.010,6.0,12.0,1.9,316,31,6.1,12.4,2.2,331,33,6.1,12.4,2.2,331,33,55,28.26,0.8,0,0,0,39.0,44.6,49.6,0.24,0.14,0.31
BING,2019-11-08 07:55:00 EST,42.05843,-75.95104,1753,22.0,21.8,14.5,93.3,20.4,0.000,0.022,0.00,0.010,5.8,14.2,2.3,314,36,5.8,13.7,2.5,329,37,5.8,13.7,2.5,329,37,47,28.26,0.7,0,0,0,39.0,44.6,49.7,0.24,0.14,0.31
BING,2019-11-08 08:00:00 EST,42.05843,-75.95104,1753,22.0,21.8,15.2,93.3,20.4,0.000,0.022,0.00,0.010,5.6,11.7,2.1,304,25,5.1,10.4,2.2,317,24,5.1,10.4,2.2,317,24,57,28.26,0.7,0,0,0,39.0,44.7,49.6,0.23,0.14,0.31
BING,2019-11-08 08:05:00 EST,42.05843,-75.95104,1753,22.1,21.9,15.4,93.5,20.5,0.000,0.022,0.00,0.010,5.2,12.1,2.5,300,28,5.0,13.7,2.7,315,31,5.0,13.7,2.7,315,31,50,28.26,0.7,0,0,0,38.9,44.7,49.7,0.24,0.14,0.31
BING,2019-11-08 08:10:00 EST,42.05843,-75.95104,1753,22.1,22.0,16.3,93.3,20.5,0.000,0.022,0.00,0.010,4.4,8.5,1.8,314,24,4.4,8.6,1.9,329,27,4.4,8.6,1.9,329,27,33,28.27,0.7,0,0,0,39.0,44.6,49.7,0.24,0.14,0.31
BING,2019-11-08 08:15:00 EST,42.05843,-75.95104,1753,22.1,22.0,16.3,93.3,20.5,0.000,0.022,0.00,0.010,4.4,9.9,2.1,295,26,4.3,10.7,2.2,311,32,4.3,10.7,2.2,311,32,26,28.27,0.8,0,0,0,38.9,44.7,49.6,0.24,0.14,0.31
BING,2019-11-08 08:20:00 EST,42.05843,-75.95104,1753,22.2,22.0,16.7,93.4,20.6,0.000,0.022,0.00,0.010,4.4,9.7,1.4,292,25,4.0,9.1,1.8,302,29,4.0,9.1,1.8,302,29,24,28.27,0.8,0,0,0,39.0,44.6,49.7,0.23,0.14,0.31
BING,2019-11-08 08:25:00 EST,42.05843,-75.95104,1753,22.2,22.0,17.0,93.4,20.6,0.000,0.022,0.00,0.010,4.4,8.2,1.5,301,28,3.9,7.6,1.7,315,32,3.9,7.6,1.7,315,32,42,28.27,0.8,0,0,0,38.9,44.6,49.7,0.23,0.14,0.31
BING,2019-11-08 08:30:00 EST,42.05843,-75.95104,1753,22.3,22.2,16.9,92.9,20.6,0.000,0.022,0.00,0.007,4.4,9.1,1.8,291,25,4.0,10.2,2.2,304,30,4.0,10.2,2.2,304,30,47,28.27,0.7,0,0,0,38.9,44.6,49.8,0.23,0.14,0.31
BING,2019-11-08 08:35:00 EST,42.05843,-75.95104,1753,22.4,22.2,14.6,91.3,20.2,0.000,0.022,0.00,0.003,6.3,16.4,3.3,299,34,6.2,17.9,3.5,307,35,6.2,17.9,3.5,307,35,66,28.27,0.7,0,0,0,39.0,44.6,49.7,0.24,0.14,0.31
BING,2019-11-08 08:40:00 EST,42.05843,-75.95104,1753,22.5,22.3,13.9,88.2,19.5,0.000,0.022,0.00,0.003,7.3,15.0,2.5,292,20,7.2,16.1,2.6,301,23,7.2,16.1,2.6,301,23,73,28.27,0.7,0,0,0,39.0,44.6,49.6,0.23,0.14,0.31
BING,2019-11-08 08:45:00 EST,42.05843,-75.95104,1753,22.3,22.1,13.3,87.7,19.2,0.000,0.022,0.00,0.003,8.0,15.7,3.0,294,22,7.6,15.6,2.9,301,23,7.6,15.6,2.9,301,23,55,28.27,0.8,0,0,0,38.9,44.6,49.6,0.23,0.14,0.31
BING,2019-11-08 08:50:00 EST,42.05843,-75.95104,1753,22.2,22.1,13.2,88.4,19.3,0.000,0.022,0.00,0.000,8.1,17.0,3.3,294,18,7.6,15.7,3.3,303,22,7.6,15.7,3.3,303,22,96,28.27,0.7,0,0,0,39.0,44.6,49.6,0.23,0.14,0.31
BING,2019-11-08 08:55:00 EST,42.05843,-75.95104,1753,22.4,22.2,12.5,87.0,19.1,0.000,0.022,0.00,0.000,9.0,17.2,3.3,282,20,8.9,20.1,3.7,289,21,8.9,20.1,3.7,289,21,105,28.28,0.3,0,0,0,39.0,44.6,49.6,0.23,0.14,0.31
BING,2019-11-08 09:00:00 EST,42.05843,-75.95104,1753,22.3,22.1,12.8,85.5,18.6,0.000,0.022,0.00,0.000,8.8,18.2,3.4,284,20,8.3,18.3,3.3,292,19,8.3,18.3,3.3,292,19,106,28.28,0.9,0,0,0,39.0,44.5,49.6,0.23,0.15,0.31
BING,2019-11-08 09:05:00 EST,42.05843,-75.95104,1753,21.8,21.6,11.6,87.2,18.6,0.000,0.022,0.00,0.000,9.5,16.4,3.1,296,24,9.2,16.0,3.1,304,25,9.2,16.0,3.1,304,25,83,28.28,1.0,0,0,0,38.9,44.6,49.6,0.23,0.14,0.31
BING,2019-11-08 09:10:00 EST,42.05843,-75.95104,1753,21.7,21.5,12.2,90.2,19.2,0.003,0.025,0.00,0.003,8.6,17.6,3.5,303,21,8.1,15.4,3.2,316,23,8.1,15.4,3.2,316,23,72,28.28,0.9,0,0,0,38.9,44.3,49.6,0.24,0.14,0.31
BING,2019-11-08 09:15:00 EST,42.05843,-75.95104,1753,21.7,21.5,13.9,91.5,19.6,0.000,0.025,0.00,0.003,6.3,14.6,2.8,301,29,6.1,12.0,2.6,313,32,6.1,12.0,2.6,313,32,112,28.28,0.9,0,0,0,38.9,44.5,49.6,0.23,0.14,0.31
BING,2019-11-08 09:20:00 EST,42.05843,-75.95104,1753,22.0,21.8,13.1,90.7,19.7,0.000,0.025,0.00,0.003,7.9,15.9,2.7,298,23,7.4,17.4,2.9,307,25,7.4,17.4,2.9,307,25,120,28.28,1.2,0,0,0,38.9,44.5,49.6,0.23,0.14,0.31
BING,2019-11-08 09:25:00 EST,42.05843,-75.95104,1753,21.9,21.7,13.6,89.6,19.3,0.005,0.030,0.00,0.008,7.1,18.0,2.7,309,26,6.7,15.7,2.8,322,26,6.7,15.7,2.8,322,26,72,28.28,0.9,0,0,0,38.9,44.5,49.6,0.24,0.14,0.31
BING,2019-11-08 09:30:00 EST,42.05843,-75.95104,1753,21.6,21.4,14.3,91.0,19.4,0.011,0.041,0.00,0.019,5.1,10.0,2.1,306,30,5.5,13.6,2.4,322,34,5.5,13.6,2.4,322,34,57,28.28,1.8,0,0,0,38.9,44.5,49.6,0.24,0.14,0.31
BING,2019-11-08 09:35:00 EST,42.05843,-75.95104,1753,21.4,21.2,13.6,92.5,19.6,0.004,0.045,0.00,0.023,6.1,14.0,2.9,300,25,6.0,12.0,2.6,313,28,6.0,12.0,2.6,313,28,58,28.29,1.7,0,0,0,38.9,44.4,49.6,0.24,0.14,0.31
BING,2019-11-08 09:40:00 EST,42.05843,-75.95104,1753,21.4,21.2,13.1,93.2,19.7,0.005,0.050,0.00,0.028,6.6,12.9,2.6,300,30,6.5,14.9,2.8,311,29,6.5,14.9,2.8,311,29,86,28.29,1.9,0,0,0,38.9,44.5,49.6,0.23,0.14,0.31
BING,2019-11-08 09:45:00 EST,42.05843,-75.95104,1753,21.5,21.3,16.1,93.6,20.0,0.002,0.052,0.00,0.030,3.6,10.7,2.5,299,35,3.9,11.7,2.4,310,47,3.9,11.7,2.4,310,47,104,28.29,2.0,0,0,0,38.8,44.5,49.6,0.23,0.14,0.31
BING,2019-11-08 09:50:00 EST,42.05843,-75.95104,1753,21.6,21.4,14.0,93.3,20.0,0.000,0.052,0.00,0.030,6.3,14.5,3.0,296,20,5.8,13.5,2.9,309,24,5.8,13.5,2.9,309,24,136,28.29,2.2,0,0,0,38.8,44.4,49.6,0.23,0.14,0.31
BING,2019-11-08 09:55:00 EST,42.05843,-75.95104,1753,21.7,21.5,14.0,93.3,20.1,0.000,0.052,0.00,0.030,6.5,13.7,2.9,298,23,5.9,13.6,2.8,309,24,5.9,13.6,2.8,309,24,150,28.29,2.2,0,0,0,38.9,44.4,49.6,0.24,0.14,0.31
BING,2019-11-08 10:00:00 EST,42.05843,-75.95104,1753,21.8,21.7,14.3,92.9,20.1,0.000,0.052,0.00,0.030,6.3,12.1,2.2,297,19,5.8,11.5,2.1,310,21,5.8,11.5,2.1,310,21,126,28.29,2.1,0,0,0,38.9,44.3,49.6,0.24,0.14,0.31
BING,2019-11-08 10:05:00 EST,42.05843,-75.95104,1753,21.7,21.6,13.7,93.0,20.0,0.003,0.055,0.00,0.033,6.6,12.1,2.6,295,22,6.3,14.6,2.7,305,24,6.3,14.6,2.7,305,24,94,28.29,1.5,0,0,0,39.0,44.5,49.5,0.23,0.14,0.31
BING,2019-11-08 10:10:00 EST,42.05843,-75.95104,1753,21.7,21.5,16.2,92.8,20.0,0.000,0.055,0.00,0.030,4.0,9.8,2.4,313,29,4.1,9.5,2.6,326,33,4.1,9.5,2.6,326,33,118,28.29,1.3,0,0,0,38.9,44.3,49.6,0.24,0.14,0.31
BING,2019-11-08 10:15:00 EST,42.05843,-75.95104,1753,21.7,21.5,13.3,92.7,19.9,0.000,0.055,0.00,0.030,7.2,12.7,2.7,314,26,6.8,12.3,2.4,326,30,6.8,12.3,2.4,326,30,99,28.29,2.1,0,0,0,38.9,44.1,49.6,0.24,0.14,0.31
BING,2019-11-08 10:20:00 EST,42.05843,-75.95104,1753,21.8,21.6,16.0,92.8,20.0,0.000,0.055,0.00,0.030,3.8,13.5,3.2,322,40,4.2,15.7,3.2,339,42,4.2,15.7,3.2,339,42,103,28.30,,0,0,0,38.9,44.3,49.7,0.23,0.14,0.31
BING,2019-11-08 10:25:00 EST,42.05843,-75.95104,1753,21.7,21.5,12.5,92.0,19.7,0.000,0.055,0.00,0.025,7.9,15.1,3.8,303,27,7.7,20.5,3.9,315,28,7.7,20.5,3.9,315,28,143,28.30,2.2,0,0,0,38.9,44.3,49.5,0.24,0.14,0.31
BING,2019-11-08 10:30:00 EST,42.05843,-75.95104,1753,21.7,21.5,13.7,89.8,19.1,0.000,0.055,0.00,0.014,6.4,13.7,3.2,314,28,6.3,14.8,2.8,329,26,6.3,14.8,2.8,329,26,180,28.30,,0,0,0,39.0,44.2,49.5,0.24,0.14,0.31
BING,2019-11-08 10:35:00 EST,42.05843,-75.95104,1753,22.3,22.0,14.5,86.7,18.9,0.000,0.055,0.00,0.010,6.3,14.9,2.9,308,30,6.2,13.6,2.8,319,32,6.2,13.6,2.8,319,32,296,28.30,2.3,0,0,0,38.9,44.3,49.6,0.23,0.14,0.31
BING,2019-11-08 10:40:00 EST,42.05843,-75.95104,1753,22.5,22.2,15.1,84.5,18.5,0.000,0.055,0.00,0.005,5.8,13.1,3.0,310,26,5.8,12.1,2.7,321,31,5.8,12.1,2.7,321,31,292,28.30,,0,0,0,38.9,44.5,49.6,0.23,0.14,0.31
BING,2019-11-08 10:45:00 EST,42.05843,-75.95104,1753,22.5,22.2,16.1,83.2,18.2,0.000,0.055,0.00,0.003,4.8,8.4,1.5,308,34,4.8,10.3,1.9,324,37,4.8,10.3,1.9,324,37,208,28.30,2.2,0,0,0,38.9,44.2,49.5,0.23,0.14,0.31
BING,2019-11-08 10:50:00 EST,42.05843,-75.95104,1753,22.8,22.4,16.9,83.3,18.5,0.000,0.055,0.00,0.003,4.2,9.7,2.5,325,42,4.4,11.8,2.6,346,37,4.4,11.8,2.6,346,37,268,28.30,2.2,0,0,0,38.8,44.2,49.6,0.24,0.14,0.31
BING,2019-11-08 10:55:00 EST,42.05843,-75.95104,1753,23.2,22.8,16.1,81.9,18.5,0.000,0.055,0.00,0.003,5.8,11.1,2.1,316,28,5.6,10.6,2.0,334,27,5.6,10.6,2.0,334,27,239,28.30,2.0,0,0,0,38.9,44.1,49.5,0.24,0.14,0.31
BING,2019-11-08 11:00:00 EST,42.05843,-75.95104,1753,23.1,22.9,15.2,79.2,17.6,0.000,0.055,0.00,0.003,6.9,14.6,2.9,302,20,6.5,15.0,2.9,313,23,6.5,15.0,2.9,313,23,329,28.30,2.0,0,0,0,38.9,44.3,49.6,0.24,0.14,0.31
BING,2019-11-08 11:05:00 EST,42.05843,-75.95104,1753,23.8,23.5,18.7,79.1,18.3,0.000,0.055,0.00,0.000,4.3,7.3,1.5,289,22,4.0,9.1,1.8,302,26,4.0,9.1,1.8,302,26,319,28.30,2.1,0,0,0,38.9,44.1,49.6,0.24,0.14,0.31
BING,2019-11-08 11:10:00 EST,42.05843,-75.95104,1753,23.9,23.6,17.4,78.3,18.1,0.000,0.055,0.00,0.000,5.0,10.7,2.3,306,31,5.1,12.1,2.4,320,34,5.1,12.1,2.4,320,34,295,28.30,2.1,0,0,0,39.0,44.1,49.6,0.24,0.14,0.31
BING,2019-11-08 11:15:00 EST,42.05843,-75.95104,1753,23.5,23.3,16.6,77.3,17.4,0.000,0.055,0.00,0.000,5.7,11.8,2.6,304,26,5.5,11.6,2.5,318,33,5.5,11.6,2.5,318,33,173,28.30,2.0,0,0,0,38.9,44.2,49.5,0.24,0.15,0.31
BING,2019-11-08 11:20:00 EST,42.05843,-75.95104,1753,23.3,23.1,14.6,78.2,17.5,0.000,0.055,0.00,0.000,7.7,13.4,3.5,304,26,7.6,16.1,3.5,313,28,7.6,16.1,3.5,313,28,204,28.30,2.1,0,0,0,38.9,44.2,49.6,0.23,0.14,0.31
BING,2019-11-08 11:25:00 EST,42.05843,-75.95104,1753,22.9,22.6,14.9,79.1,17.4,0.000,0.055,0.00,0.000,6.5,15.3,2.3,317,34,6.4,16.8,2.8,333,37,6.4,16.8,2.8,333,37,140,28.30,2.0,0,0,0,39.0,44.1,49.5,0.24,0.14,0.31
BING,2019-11-08 11:30:00 EST,42.05843,-75.95104,1753,22.2,22.0,14.6,81.0,17.2,0.000,0.055,0.00,0.000,5.8,11.8,2.7,328,33,5.9,14.2,2.8,345,33,5.9,14.2,2.8,345,33,193,28.30,2.1,0,0,0,38.9,44.1,49.5,0.24,0.14,0.31
BING,2019-11-08 11:35:00 EST,42.05843,-75.95104,1753,21.7,21.5,13.6,83.8,17.6,0.000,0.055,0.00,0.000,7.1,15.2,3.0,317,23,6.5,14.1,2.9,329,23,6.5,14.1,2.9,329,23,111,28.30,2.2,0,0,0,38.9,44.2,49.6,0.24,0.15,0.31
BING,2019-11-08 11:40:00 EST,42.05843,-75.95104,1753,21.8,21.6,12.5,82.5,17.3,0.000,0.055,0.00,0.000,7.9,15.9,2.9,305,29,7.8,15.5,3.3,317,32,7.8,15.5,3.3,317,32,226,28.30,2.2,0,0,0,39.0,44.0,49.5,0.24,0.15,0.31
BING,2019-11-08 11:45:00 EST,42.05843,-75.95104,1753,22.7,22.5,13.2,76.6,16.4,0.000,0.055,0.00,0.000,8.5,15.2,3.6,307,22,8.4,16.7,3.4,316,24,8.4,16.7,3.4,316,24,332,28.30,2.1,0,0,0,39.0,44.3,49.5,0.24,0.15,0.31
BING,2019-11-08 11:50:00 EST,42.05843,-75.95104,1753,23.1,22.9,15.9,75.2,16.4,0.000,0.055,0.00,0.000,5.8,13.4,2.9,306,29,5.8,12.6,3.0,318,33,5.8,12.6,3.0,318,33,325,28.30,2.1,0,0,0,39.0,44.2,49.6,0.24,0.14,0.31
BING,2019-11-08 11:55:00 EST,42.05843,-75.95104,1753,23.1,22.9,14.3,72.4,15.6,0.000,0.055,0.00,0.000,8.0,16.5,3.1,306,23,7.7,15.1,2.9,317,27,7.7,15.1,2.9,317,27,292,28.30,2.0,0,0,0,39.0,44.2,49.6,0.24,0.15,0.31
BING,2019-11-08 12:00:00 EST,42.05843,-75.95104,1753,23.2,23.0,14.4,71.1,15.2,0.000,0.055,0.00,0.000,8.2,15.7,3.0,296,21,7.6,16.0,3.0,309,20,7.6,16.0,3.0,309,20,341,28.30,2.1,0,0,0,39.0,44.0,49.6,0.24,0.14,0.31
BING,2019-11-08 12:05:00 EST,42.05843,-75.95104,1753,23.5,23.3,15.3,71.4,15.7,0.000,0.055,0.00,0.000,7.7,13.4,2.8,307,28,7.0,13.3,3.2,314,27,7.0,13.3,3.2,314,27,361,28.30,2.0,0,0,0,39.0,44.0,49.5,0.24,0.14,0.31
BING,2019-11-08 12:10:00 EST,42.05843,-75.95104,1753,23.7,23.4,14.7,71.0,15.6,0.000,0.055,0.00,0.000,8.6,15.7,3.3,308,27,8.0,16.6,3.3,322,28,8.0,16.6,3.3,322,28,340,28.30,2.0,0,0,0,39.0,43.9,49.5,0.24,0.14,0.31
BING,2019-11-08 12:15:00 EST,42.05843,-75.95104,1753,23.7,23.3,14.5,70.8,15.6,0.000,0.055,0.00,0.000,8.8,15.2,3.5,302,21,8.4,15.8,3.4,312,23,8.4,15.8,3.4,312,23,373,28.30,2.0,0,0,0,39.0,44.1,49.6,0.24,0.14,0.31
BING,2019-11-08 12:20:00 EST,42.05843,-75.95104,1753,23.8,23.4,15.5,71.0,15.8,0.000,0.055,0.00,0.000,7.9,14.5,3.0,295,20,7.2,14.9,2.9,304,23,7.2,14.9,2.9,304,23,458,28.30,2.0,0,0,0,39.1,44.1,49.5,0.24,0.14,0.31
BING,2019-11-08 12:25:00 EST,42.05843,-75.95104,1753,23.9,23.6,15.0,72.9,16.5,0.000,0.055,0.00,0.000,8.5,14.1,2.3,289,22,8.0,15.2,2.5,297,24,8.0,15.2,2.5,297,24,347,28.30,2.0,0,0,0,39.1,43.9,49.5,0.24,0.14,0.31
BING,2019-11-08 12:30:00 EST,42.05843,-75.95104,1753,24.1,23.8,16.1,73.1,16.8,0.000,0.055,0.00,0.000,7.4,13.9,2.5,298,27,6.9,13.3,2.4,309,32,6.9,13.3,2.4,309,32,472,28.29,2.0,0,0,0,38.9,44.1,49.5,0.24,0.14,0.31
BING,2019-11-08 12:35:00 EST,42.05843,-75.95104,1753,23.9,23.7,16.7,72.8,16.4,0.000,0.055,0.00,0.000,6.3,11.9,2.7,301,21,5.9,12.4,2.4,319,23,5.9,12.4,2.4,319,23,197,28.29,2.0,0,0,0,39.1,44.0,49.5,0.24,0.14,0.31
BING,2019-11-08 12:40:00 EST,42.05843,-75.95104,1753,24.1,23.8,17.1,73.9,17.0,0.000,0.055,0.00,0.000,5.8,14.2,3.0,295,37,5.6,12.5,3.0,305,39,5.6,12.5,3.0,305,39,229,28.29,2.0,0,0,0,39.0,43.9,49.5,0.24,0.14,0.31
BING,2019-11-08 12:45:00 EST,42.05843,-75.95104,1753,24.4,24.1,16.5,72.3,16.8,0.000,0.055,0.00,0.000,7.6,15.4,2.6,289,21,6.8,14.7,2.5,296,22,6.8,14.7,2.5,296,22,380,28.29,1.9,0,0,0,39.1,44.0,49.5,0.24,0.14,0.31
BING,2019-11-08 12:50:00 EST,42.05843,-75.95104,1753,24.0,23.8,15.9,74.4,17.0,0.000,0.055,0.00,0.000,7.3,16.6,3.3,299,23,6.9,15.1,3.2,312,28,6.9,15.1,3.2,312,28,166,28.29,1.9,0,0,0,39.1,43.9,49.5,0.24,0.14,0.31
BING,2019-11-08 12:55:00 EST,42.05843,-75.95104,1753,23.6,23.4,17.0,74.1,16.6,0.000,0.055,0.00,0.000,4.9,11.7,3.1,326,35,5.2,12.4,3.1,345,38,5.2,12.4,3.1,345,38,266,28.29,2.0,0,0,0,39.1,44.0,49.5,0.24,0.14,0.31
BING,2019-11-08 13:00:00 EST,42.05843,-75.95104,1753,24.4,24.0,17.9,73.4,17.1,0.000,0.055,0.00,0.000,5.1,11.5,2.8,314,27,5.2,12.5,2.8,326,34,5.2,12.5,2.8,326,34,555,28.29,1.9,0,0,0,39.1,44.0,49.5,0.23,0.14,0.31
BING,2019-11-08 13:05:00 EST,42.05843,-75.95104,1753,24.4,24.1,14.9,67.2,15.1,0.000,0.055,0.00,0.000,9.3,16.7,3.3,301,25,9.0,17.3,3.2,311,27,9.0,17.3,3.2,311,27,345,28.29,1.8,0,0,0,39.1,43.9,49.4,0.24,0.14,0.31
BING,2019-11-08 13:10:00 EST,42.05843,-75.95104,1753,23.6,23.3,14.4,71.5,15.7,0.000,0.055,0.00,0.000,8.7,16.5,3.2,301,19,8.3,15.1,2.8,313,21,8.3,15.1,2.8,313,21,206,28.29,1.8,0,0,0,39.1,43.8,49.5,0.24,0.14,0.31
BING,2019-11-08 13:15:00 EST,42.05843,-75.95104,1753,23.4,23.2,15.3,75.8,16.9,0.000,0.055,0.00,0.000,6.9,14.0,2.7,312,30,6.8,12.8,2.6,326,29,6.8,12.8,2.6,326,29,212,28.29,1.8,0,0,0,39.1,44.0,49.5,0.24,0.14,0.31
BING,2019-11-08 13:20:00 EST,42.05843,-75.95104,1753,23.4,23.2,16.4,77.6,17.5,0.000,0.055,0.00,0.000,5.5,9.6,2.1,322,27,5.6,10.9,2.3,341,27,5.6,10.9,2.3,341,27,162,28.29,1.7,0,0,0,39.1,43.9,49.4,0.24,0.14,0.31
BING,2019-11-08 13:25:00 EST,42.05843,-75.95104,1753,23.3,23.0,16.4,77.7,17.3,0.000,0.055,0.00,0.000,5.3,11.5,2.9,341,26,5.4,13.5,3.0,359,27,5.4,13.5,3.0,359,27,116,28.30,1.6,0,0,0,39.1,43.9,49.4,0.24,0.14,0.31
BING,2019-11-08 13:30:00 EST,42.05843,-75.95104,1753,22.7,22.4,18.1,79.6,17.3,0.000,0.055,0.00,0.000,3.0,6.9,1.9,337,40,3.4,9.2,2.1,359,42,3.4,9.2,2.1,359,42,94,28.30,1.6,0,0,0,39.1,43.8,49.5,0.24,0.14,0.31
BING,2019-11-08 13:35:00 EST,42.05843,-75.95104,1753,21.9,21.6,14.3,83.5,17.6,0.000,0.055,0.00,0.000,5.6,12.1,2.4,323,33,5.9,12.6,2.5,340,33,5.9,12.6,2.5,340,33,104,28.30,0.9,0,0,0,39.1,43.8,49.4,0.24,0.14,0.31
BING,2019-11-08 13:40:00 EST,42.05843,-75.95104,1753,21.5,21.3,13.6,87.1,18.2,0.000,0.055,0.00,0.000,6.3,13.0,2.9,329,27,6.1,17.0,3.2,347,28,6.1,17.0,3.2,347,28,87,28.30,1.8,0,0,0,39.1,43.9,49.4,0.24,0.14,0.31
BING,2019-11-08 13:45:00 EST,42.05843,-75.95104,1753,21.4,21.2,13.9,88.2,18.5,0.000,0.055,0.00,0.000,6.2,10.8,2.1,298,24,5.7,11.3,2.1,310,28,5.7,11.3,2.1,310,28,100,28.30,,0,0,0,39.1,43.8,49.4,0.24,0.14,0.31
BING,2019-11-08 13:50:00 EST,42.05843,-75.95104,1753,21.6,21.4,13.5,87.8,18.5,0.011,0.067,0.00,0.011,6.8,13.2,2.5,303,30,6.3,11.2,2.6,317,30,6.3,11.2,2.6,317,30,98,28.30,1.7,0,0,0,39.2,43.9,49.3,0.24,0.14,0.31
BING,2019-11-08 13:55:00 EST,42.05843,-75.95104,1753,21.8,21.6,15.1,87.6,18.6,0.000,0.067,0.00,0.011,5.1,11.5,2.5,308,26,4.9,9.9,2.3,326,30,4.9,9.9,2.3,326,30,206,28.30,1.9,0,0,0,39.2,43.9,49.5,0.24,0.14,0.31
BING,2019-11-08 14:00:00 EST,42.05843,-75.95104,1753,22.4,22.2,16.5,84.8,18.6,0.000,0.067,0.00,0.011,4.6,10.4,2.1,310,27,4.4,10.4,2.2,327,33,4.4,10.4,2.2,327,33,367,28.30,2.0,0,0,0,39.1,43.9,49.4,0.24,0.14,0.31
BING,2019-11-08 14:05:00 EST,42.05843,-75.95104,1753,23.1,22.9,17.9,82.0,18.4,0.000,0.067,0.00,0.011,4.0,11.0,2.1,315,34,4.0,9.7,2.0,330,34,4.0,9.7,2.0,330,34,272,28.30,1.8,0,0,0,39.2,43.9,49.4,0.24,0.14,0.31
BING,2019-11-08 14:10:00 EST,42.05843,-75.95104,1753,23.0,22.8,15.4,81.1,18.1,0.000,0.067,0.00,0.011,6.0,12.7,2.9,325,27,6.2,13.7,3.2,340,28,6.2,13.7,3.2,340,28,137,28.30,,0,0,0,39.2,43.8,49.4,0.24,0.14,0.31
BING,2019-11-08 14:15:00 EST,42.05843,-75.95104,1753,23.0,22.8,15.5,78.9,17.5,0.000,0.067,0.00,0.011,6.4,15.8,2.9,311,29,6.0,14.4,2.9,327,31,6.0,14.4,2.9,327,31,157,28.30,1.4,0,0,0,39.1,43.9,49.4,0.24,0.14,0.31
BING,2019-11-08 14:20:00 EST,42.05843,-75.95104,1753,23.4,23.2,15.8,77.1,17.3,0.000,0.067,0.00,0.011,6.6,12.9,2.5,309,23,6.2,14.7,2.8,324,26,6.2,14.7,2.8,324,26,274,28.30,1.4,0,0,0,39.2,43.8,49.5,0.24,0.14,0.31
BING,2019-11-08 14:25:00 EST,42.05843,-75.95104,1753,23.8,23.6,16.7,75.9,17.3,0.000,0.067,0.00,0.011,6.3,16.0,2.8,297,24,5.7,12.9,2.6,308,26,5.7,12.9,2.6,308,26,207,28.30,1.2,0,0,0,39.1,43.8,49.5,0.24,0.14,0.31
BING,2019-11-08 14:30:00 EST,42.05843,-75.95104,1753,23.2,23.1,15.0,76.8,17.0,0.000,0.067,0.00,0.011,7.3,13.7,3.0,301,24,7.0,14.0,3.1,311,26,7.0,14.0,3.1,311,26,113,28.30,1.1,0,0,0,39.1,43.8,49.4,0.24,0.14,0.31
BING,2019-11-08 14:35:00 EST,42.05843,-75.95104,1753,22.9,22.7,15.4,80.1,17.6,0.000,0.067,0.00,0.011,6.6,13.4,2.3,302,23,6.0,13.1,2.4,310,27,6.0,13.1,2.4,310,27,155,28.30,1.2,0,0,0,39.2,43.8,49.4,0.24,0.14,0.31
BING,2019-11-08 14:40:00 EST,42.05843,-75.95104,1753,22.6,22.4,14.2,81.3,17.7,0.000,0.067,0.00,0.011,7.6,14.8,3.5,299,26,7.0,15.9,3.5,311,30,7.0,15.9,3.5,311,30,144,28.31,1.8,0,0,0,39.1,43.8,49.5,0.24,0.14,0.31
BING,2019-11-08 14:45:00 EST,42.05843,-75.95104,1753,22.2,22.0,14.3,85.0,18.4,0.000,0.067,0.00,0.011,6.6,16.7,3.6,302,27,6.3,16.1,3.5,313,29,6.3,16.1,3.5,313,29,144,28.31,1.6,0,0,0,39.2,43.8,49.4,0.24,0.14,0.31
BING,2019-11-08 14:50:00 EST,42.05843,-75.95104,1753,22.2,22.0,13.5,87.4,19.0,0.000,0.067,0.00,0.000,7.4,13.5,3.0,314,26,7.2,15.9,3.2,327,27,7.2,15.9,3.2,327,27,179,28.31,1.6,0,0,0,39.1,43.7,49.5,0.23,0.14,0.31
BING,2019-11-08 14:55:00 EST,42.05843,-75.95104,1753,22.6,22.3,15.7,86.8,19.2,0.000,0.067,0.00,0.000,5.4,14.1,3.1,306,35,5.3,12.2,2.8,320,39,5.3,12.2,2.8,320,39,297,28.31,1.6,0,0,0,39.2,43.9,49.4,0.23,0.14,0.31
BING,2019-11-08 15:00:00 EST,42.05843,-75.95104,1753,22.8,22.5,16.5,82.7,18.3,0.000,0.067,0.00,0.000,5.1,12.6,2.6,314,22,4.8,11.2,2.5,332,24,4.8,11.2,2.5,332,24,278,28.31,1.6,0,0,0,39.1,43.7,49.5,0.23,0.14,0.31
BING,2019-11-08 15:05:00 EST,42.05843,-75.95104,1753,22.7,22.5,15.4,83.1,18.3,0.000,0.067,0.00,0.000,5.9,11.5,2.3,317,31,5.7,12.8,2.6,333,31,5.7,12.8,2.6,333,31,98,28.31,1.6,0,0,0,39.1,43.8,49.4,0.23,0.14,0.31
BING,2019-11-08 15:10:00 EST,42.05843,-75.95104,1753,22.3,22.1,14.0,81.9,17.6,0.000,0.067,0.00,0.000,7.4,14.9,2.4,310,25,6.8,14.1,2.4,325,24,6.8,14.1,2.4,325,24,69,28.31,1.2,0,0,0,39.2,43.8,49.4,0.23,0.14,0.31
BING,2019-11-08 15:15:00 EST,42.05843,-75.95104,1753,21.9,21.7,13.5,85.8,18.3,0.004,0.070,0.00,0.004,7.1,13.2,2.7,312,29,6.9,14.2,2.6,323,28,6.9,14.2,2.6,323,28,57,28.31,1.1,0,0,0,39.2,43.8,49.4,0.23,0.14,0.31
BING,2019-11-08 15:20:00 EST,42.05843,-75.95104,1753,21.9,21.7,14.5,88.7,19.0,0.000,0.070,0.00,0.004,6.2,12.9,2.9,301,26,5.7,16.9,2.9,314,29,5.7,16.9,2.9,314,29,58,28.31,1.0,0,0,0,39.2,43.7,49.4,0.24,0.14,0.31
BING,2019-11-08 15:25:00 EST,42.05843,-75.95104,1753,21.9,21.8,13.0,86.5,18.5,0.000,0.070,0.00,0.004,7.4,16.1,3.6,324,27,7.4,15.3,3.4,338,32,7.4,15.3,3.4,338,32,106,28.31,1.7,0,0,0,39.1,43.8,49.4,0.23,0.14,0.31
BING,2019-11-08 15:30:00 EST,42.05843,-75.95104,1753,22.4,22.2,16.6,81.9,17.7,0.000,0.070,0.00,0.004,4.5,13.2,2.8,301,24,4.3,11.9,2.6,314,29,4.3,11.9,2.6,314,29,267,28.31,1.7,0,0,0,39.1,43.8,49.4,0.24,0.14,0.31
BING,2019-11-08 15:35:00 EST,42.05843,-75.95104,1753,22.6,22.4,16.1,79.1,17.1,0.000,0.070,0.00,0.004,5.4,12.7,2.3,307,24,4.9,11.7,2.5,322,26,4.9,11.7,2.5,322,26,237,28.31,1.7,0,0,0,39.2,43.8,49.4,0.23,0.14,0.31
BING,2019-11-08 15:40:00 EST,42.05843,-75.95104,1753,22.4,22.3,15.2,77.5,16.4,0.000,0.070,0.00,0.004,6.1,14.0,2.8,307,26,5.5,16.0,3.0,317,28,5.5,16.0,3.0,317,28,175,28.32,1.7,0,0,0,39.2,43.7,49.3,0.24,0.14,0.31
BING,2019-11-08 15:45:00 EST,42.05843,-75.95104,1753,22.6,22.5,17.5,77.0,16.5,0.000,0.070,0.00,0.004,4.4,7.8,1.3,294,25,3.8,7.4,1.3,304,26,3.8,7.4,1.3,304,26,204,28.32,1.8,0,0,0,39.1,43.6,49.4,0.24,0.14,0.31
BING,2019-11-08 15:50:00 EST,42.05843,-75.95104,1753,22.7,22.5,15.9,77.3,16.7,0.000,0.070,0.00,0.004,5.3,15.8,4.0,303,28,5.2,15.1,3.6,322,33,5.2,15.1,3.6,322,33,99,28.32,1.8,0,0,0,39.2,43.7,49.4,0.24,0.14,0.31
BING,2019-11-08 15:55:00 EST,42.05843,-75.95104,1753,22.5,22.3,15.6,77.6,16.5,0.004,0.074,0.00,0.007,5.6,13.3,2.8,307,22,5.2,11.8,2.6,324,24,5.2,11.8,2.6,324,24,41,28.32,1.7,0,0,0,39.1,43.6,49.4,0.24,0.14,0.31
BING,2019-11-08 16:00:00 EST,42.05843,-75.95104,1753,22.3,22.1,16.0,80.7,17.3,0.000,0.074,0.00,0.007,5.0,11.6,2.3,318,23,4.7,10.9,2.0,333,28,4.7,10.9,2.0,333,28,25,28.32,1.5,0,0,0,39.1,43.7,49.4,0.24,0.14,0.31
BING,2019-11-08 16:05:00 EST,42.05843,-75.95104,1753,21.8,21.7,14.3,86.8,18.5,0.002,0.075,0.00,0.009,5.9,12.2,2.1,325,20,5.8,14.3,2.4,342,19,5.8,14.3,2.4,342,19,29,28.32,1.7,0,0,0,39.1,43.7,49.4,0.24,0.14,0.31
BING,2019-11-08 16:10:00 EST,42.05843,-75.95104,1753,21.4,21.3,15.1,90.4,19.1,0.000,0.075,0.00,0.009,4.8,11.6,2.2,330,28,4.7,13.3,2.3,348,29,4.7,13.3,2.3,348,29,40,28.33,1.5,0,0,0,39.1,43.7,49.4,0.24,0.14,0.31
BING,2019-11-08 16:15:00 EST,42.05843,-75.95104,1753,21.1,21.1,14.9,91.1,18.9,0.000,0.075,0.00,0.005,4.4,11.6,1.9,311,28,4.5,10.5,1.8,328,33,4.5,10.5,1.8,328,33,18,28.33,1.5,0,0,0,39.1,43.7,49.3,0.24,0.14,0.31
BING,2019-11-08 16:20:00 EST,42.05843,-75.95104,1753,21.1,21.1,15.5,91.3,19.0,0.000,0.075,0.00,0.005,4.5,10.7,2.1,313,28,4.0,9.6,2.0,333,31,4.0,9.6,2.0,333,31,17,28.33,1.5,0,0,0,39.1,43.7,49.3,0.23,0.14,0.31
BING,2019-11-08 16:25:00 EST,42.05843,-75.95104,1753,21.3,21.2,14.0,90.4,18.9,0.000,0.075,0.00,0.005,5.4,15.1,2.8,301,32,5.4,16.9,3.0,312,36,5.4,16.9,3.0,312,36,15,28.33,1.4,0,0,0,39.1,43.7,49.3,0.23,0.14,0.31
BING,2019-11-08 16:30:00 EST,42.05843,-75.95104,1753,21.5,21.4,15.0,88.1,18.5,0.000,0.075,0.00,0.005,5.2,13.2,2.5,311,30,4.8,11.8,2.5,326,30,4.8,11.8,2.5,326,30,12,28.33,,0,0,0,39.1,43.6,49.3,0.24,0.14,0.31
BING,2019-11-08 16:35:00 EST,42.05843,-75.95104,1753,21.4,21.3,13.7,87.2,18.2,0.000,0.075,0.00,0.005,5.9,14.3,3.2,306,28,5.9,16.6,3.4,317,30,5.9,16.6,3.4,317,30,10,28.33,,0,0,0,39.2,43.6,49.4,0.23,0.14,0.31
BING,2019-11-08 16:40:00 EST,42.05843,-75.95104,1753,21.3,21.3,12.9,84.7,17.4,0.000,0.075,0.00,0.005,7.3,13.8,2.8,308,27,6.7,13.8,2.9,315,31,6.7,13.8,2.9,315,31,9,28.33,1.9,0,0,0,39.2,43.8,49.4,0.23,0.14,0.31
BING,2019-11-08 16:45:00 EST,42.05843,-75.95104,1753,21.3,21.2,14.4,82.5,16.8,0.004,0.079,0.00,0.009,5.3,13.6,3.1,305,26,5.1,12.1,2.7,320,31,5.1,12.1,2.7,320,31,7,28.33,1.7,0,0,0,39.1,43.6,49.3,0.23,0.14,0.31
BING,2019-11-08 16:50:00 EST,42.05843,-75.95104,1753,20.8,20.9,15.2,82.0,16.2,0.002,0.081,0.00,0.011,3.4,9.1,2.5,310,32,4.0,11.7,2.5,319,37,4.0,11.7,2.5,319,37,6,28.33,1.8,0,0,0,39.1,43.7,49.3,0.23,0.14,0.31
BING,2019-11-08 16:55:00 EST,42.05843,-75.95104,1753,20.8,20.8,12.7,82.0,16.1,0.000,0.081,0.00,0.007,5.8,11.8,2.3,299,26,6.1,13.2,2.3,311,30,6.1,13.2,2.3,311,30,4,28.34,1.7,0,0,0,39.1,43.7,49.3,0.23,0.14,0.31
BING,2019-11-08 17:00:00 EST,42.05843,-75.95104,1753,20.5,20.6,14.1,82.7,16.1,0.000,0.081,0.00,0.007,4.3,11.8,1.9,303,30,4.6,10.3,1.9,310,32,4.6,10.3,1.9,310,32,2,28.34,1.7,0,0,0,39.1,43.7,49.3,0.23,0.14,0.31
BING,2019-11-08 17:05:00 EST,42.05843,-75.95104,1753,20.3,20.4,13.8,84.1,16.3,0.000,0.081,0.00,0.006,4.4,8.5,1.7,300,26,4.6,9.2,1.9,305,25,4.6,9.2,1.9,305,25,1,28.34,1.8,0,0,0,39.1,43.7,49.3,0.23,0.14,0.31
BING,2019-11-08 17:10:00 EST,42.05843,-75.95104,1753,20.3,20.4,12.5,85.0,16.6,0.000,0.081,0.00,0.006,5.8,11.5,2.0,300,24,5.9,12.4,2.2,308,24,5.9,12.4,2.2,308,24,0,28.34,1.7,0,0,0,39.0,43.7,49.3,0.23,0.14,0.31
BING,2019-11-08 17:15:00 EST,42.05843,-75.95104,1753,20.2,20.3,13.5,85.1,16.5,0.000,0.081,0.00,0.006,4.7,7.8,1.4,294,20,4.7,8.5,1.5,300,22,4.7,8.5,1.5,300,22,0,28.34,1.7,0,0,0,39.1,43.7,49.3,0.23,0.14,0.31
BING,2019-11-08 17:20:00 EST,42.05843,-75.95104,1753,20.1,20.2,13.9,85.2,16.4,0.000,0.081,0.00,0.006,4.2,7.8,1.5,282,25,4.3,8.1,1.6,287,24,4.3,8.1,1.6,287,24,0,28.34,1.7,0,0,0,39.0,43.7,49.3,0.23,0.14,0.31
BING,2019-11-08 17:25:00 EST,42.05843,-75.95104,1753,20.1,20.3,13.6,84.3,16.1,0.000,0.081,0.00,0.006,4.6,9.4,2.1,295,29,4.6,12.8,2.3,303,30,4.6,12.8,2.3,303,30,0,28.35,1.6,0,0,0,39.0,43.7,49.3,0.23,0.14,0.31
BING,2019-11-08 17:30:00 EST,42.05843,-75.95104,1753,20.2,20.3,12.8,82.7,15.7,0.000,0.081,0.00,0.006,5.0,13.6,3.1,297,26,5.3,14.2,3.1,306,27,5.3,14.2,3.1,306,27,0,28.35,1.7,0,0,0,39.0,43.7,49.3,0.23,0.14,0.31
BING,2019-11-08 17:35:00 EST,42.05843,-75.95104,1753,20.2,20.3,12.8,81.9,15.6,0.004,0.085,0.00,0.009,5.1,11.7,2.5,287,28,5.3,12.1,2.6,295,29,5.3,12.1,2.6,295,29,0,28.35,1.7,0,0,0,39.0,43.7,49.3,0.23,0.14,0.30
BING,2019-11-08 17:40:00 EST,42.05843,-75.95104,1753,20.2,20.3,12.7,80.8,15.2,0.000,0.085,0.00,0.009,5.3,12.7,2.8,301,29,5.5,12.6,2.9,312,32,5.5,12.6,2.9,312,32,0,28.35,1.6,0,0,0,39.0,43.6,49.3,0.23,0.14,0.31
BING,2019-11-08 17:45:00 EST,42.05843,-75.95104,1753,20.1,20.2,14.2,81.0,15.2,0.000,0.085,0.00,0.006,4.0,9.8,2.0,300,30,4.1,8.7,2.1,313,33,4.1,8.7,2.1,313,33,0,28.35,1.7,0,0,0,39.0,43.7,49.3,0.23,0.14,0.30
BING,2019-11-08 17:50:00 EST,42.05843,-75.95104,1753,20.1,20.1,14.0,81.8,15.4,0.000,0.085,0.00,0.004,3.9,8.8,1.9,298,31,4.2,10.4,2.1,309,33,4.2,10.4,2.1,309,33,0,28.35,1.6,0,0,0,39.0,43.7,49.3,0.23,0.14,0.30
BING,2019-11-08 17:55:00 EST,42.05843,-75.95104,1753,19.8,20.0,14.8,82.7,15.4,0.000,0.085,0.00,0.004,3.1,8.5,1.8,306,33,3.5,8.4,1.9,310,37,3.5,8.4,1.9,310,37,0,28.35,1.7,0,0,0,39.0,43.7,49.3,0.23,0.14,0.30
BING,2019-11-08 18:00:00 EST,42.05843,-75.95104,1753,19.8,19.9,19.8,83.9,15.7,0.000,0.085,0.00,0.004,2.9,7.4,1.4,302,24,2.9,7.3,1.5,308,26,2.9,7.3,1.5,308,26,0,28.36,1.6,0,0,0,39.0,43.7,49.3,0.23,0.14,0.30
BING,2019-11-08 18:05:00 EST,42.05843,-75.95104,1753,19.7,19.8,14.1,84.7,15.8,0.000,0.085,0.00,0.004,3.5,8.6,1.9,297,32,3.8,9.3,1.9,304,34,3.8,9.3,1.9,304,34,0,28.36,1.6,0,0,0,39.0,43.7,49.3,0.23,0.14,0.31
BING,2019-11-08 18:10:00 EST,42.05843,-75.95104,1753,19.7,19.8,12.8,85.7,16.1,0.000,0.085,0.00,0.004,4.8,8.7,1.7,290,22,4.8,9.3,1.8,297,23,4.8,9.3,1.8,297,23,0,28.36,1.5,0,0,0,39.0,43.7,49.3,0.23,0.14,0.31
BING,2019-11-08 18:15:00 EST,42.05843,-75.95104,1753,19.4,19.6,12.8,86.2,16.0,0.000,0.085,0.00,0.004,4.3,7.7,1.6,275,24,4.5,9.1,1.9,282,24,4.5,9.1,1.9,282,24,0,28.36,1.5,0,0,0,39.0,43.6,49.3,0.23,0.14,0.30
BING,2019-11-08 18:20:00 EST,42.05843,-75.95104,1753,19.5,19.7,12.1,86.9,16.2,0.000,0.085,0.00,0.004,5.2,10.8,1.7,286,22,5.2,12.5,1.9,293,23,5.2,12.5,1.9,293,23,0,28.36,1.5,0,0,0,39.0,43.6,49.3,0.23,0.14,0.30
BING,2019-11-08 18:25:00 EST,42.05843,-75.95104,1753,19.4,19.6,13.2,87.2,16.2,0.000,0.085,0.00,0.004,3.9,8.6,1.8,277,24,4.2,9.6,1.9,281,23,4.2,9.6,1.9,281,23,0,28.36,1.5,0,0,0,39.0,43.5,49.3,0.23,0.14,0.30
BING,2019-11-08 18:30:00 EST,42.05843,-75.95104,1753,19.3,19.6,12.8,87.3,16.2,0.000,0.085,0.00,0.004,4.5,8.2,1.7,287,26,4.5,9.5,1.7,296,29,4.5,9.5,1.7,296,29,0,28.37,1.6,0,0,0,39.0,43.6,49.3,0.23,0.14,0.30
BING,2019-11-08 18:35:00 EST,42.05843,-75.95104,1753,19.4,19.6,14.5,87.5,16.3,0.000,0.085,0.00,0.000,3.1,7.1,1.4,289,32,3.3,7.1,1.5,295,35,3.3,7.1,1.5,295,35,0,28.37,1.5,0,0,0,38.9,43.5,49.3,0.23,0.14,0.30
BING,2019-11-08 18:40:00 EST,42.05843,-75.95104,1753,19.5,19.7,12.4,87.6,16.4,0.000,0.085,0.00,0.000,4.9,8.6,1.9,285,21,5.0,9.3,2.0,290,20,5.0,9.3,2.0,290,20,0,28.37,1.6,0,0,0,38.9,43.6,49.3,0.23,0.14,0.30
BING,2019-11-08 18:45:00 EST,42.05843,-75.95104,1753,19.4,19.6,12.7,87.3,16.3,0.000,0.085,0.00,0.000,4.5,8.0,1.2,280,21,4.7,9.3,1.5,286,21,4.7,9.3,1.5,286,21,0,28.37,1.6,0,0,0,38.8,43.5,49.3,0.23,0.14,0.30
BING,2019-11-08 18:50:00 EST,42.05843,-75.95104,1753,19.3,19.5,13.6,87.6,16.2,0.000,0.085,0.00,0.000,3.8,7.9,1.6,284,26,3.9,9.5,2.0,292,28,3.9,9.5,2.0,292,28,0,28.37,1.5,0,0,0,38.8,43.5,49.3,0.23,0.14,0.30
BING,2019-11-08 18:55:00 EST,42.05843,-75.95104,1753,19.3,19.5,12.8,87.9,16.3,0.000,0.085,0.00,0.000,4.5,9.3,1.8,291,22,4.5,9.5,1.9,297,23,4.5,9.5,1.9,297,23,0,28.37,1.6,0,0,0,38.8,43.5,49.3,0.23,0.14,0.30
BING,2019-11-08 19:00:00 EST,42.05843,-75.95104,1753,19.2,19.4,14.3,88.0,16.3,0.000,0.085,0.00,0.000,3.3,6.3,1.1,280,27,3.3,6.0,1.3,289,30,3.3,6.0,1.3,289,30,0,28.37,1.4,0,0,0,38.8,43.5,49.3,0.23,0.14,0.30
BING,2019-11-08 19:05:00 EST,42.05843,-75.95104,1753,19.2,19.3,12.8,88.4,16.3,0.000,0.085,0.00,0.000,4.3,8.5,1.5,279,24,4.4,8.9,1.6,284,24,4.4,8.9,1.6,284,24,0,28.37,1.6,0,0,0,38.8,43.5,49.3,0.23,0.14,0.30
BING,2019-11-08 19:10:00 EST,42.05843,-75.95104,1753,19.1,19.3,14.2,88.2,16.2,0.000,0.085,0.00,0.000,3.0,7.5,1.4,273,33,3.3,7.4,1.6,277,37,3.3,7.4,1.6,277,37,0,28.37,1.4,0,0,0,38.8,43.5,49.2,0.23,0.14,0.30
BING,2019-11-08 19:15:00 EST,42.05843,-75.95104,1753,18.9,19.2,18.9,88.1,15.9,0.000,0.085,0.00,0.000,2.8,6.9,1.5,278,30,2.9,6.1,1.5,282,31,2.9,6.1,1.5,282,31,0,28.38,1.6,0,0,0,38.8,43.5,49.2,0.23,0.14,0.30
BING,2019-11-08 19:20:00 EST,42.05843,-75.95104,1753,18.8,19.1,14.1,88.2,15.9,0.000,0.085,0.00,0.000,3.1,8.0,1.8,270,31,3.2,7.7,1.8,278,34,3.2,7.7,1.8,278,34,0,28.38,1.5,0,0,0,38.8,43.5,49.3,0.23,0.14,0.30
BING,2019-11-08 19:25:00 EST,42.05843,-75.95104,1753,18.5,19.0,18.5,88.4,15.7,0.000,0.085,0.00,0.000,2.5,6.9,1.3,274,39,2.5,6.9,1.3,274,40,2.5,6.9,1.3,274,40,0,28.38,1.4,0,0,0,38.8,43.5,49.2,0.23,0.14,0.30
BING,2019-11-08 19:30:00 EST,42.05843,-75.95104,1753,18.1,18.9,18.1,88.4,15.2,0.000,0.085,0.00,0.000,1.9,4.5,1.1,229,34,2.1,4.7,1.2,228,37,2.1,4.7,1.2,228,37,0,28.38,1.4,0,0,0,38.8,43.5,49.1,0.23,0.14,0.30
BING,2019-11-08 19:35:00 EST,42.05843,-75.95104,1753,18.0,18.7,18.0,89.6,15.5,0.000,0.085,0.00,0.000,1.9,4.5,0.8,243,34,2.0,4.2,0.9,241,40,2.0,4.2,0.9,241,40,0,28.38,1.5,0,0,0,38.8,43.5,49.2,0.23,0.14,0.30
BING,2019-11-08 19:40:00 EST,42.05843,-75.95104,1753,18.0,18.7,18.0,89.7,15.5,0.000,0.085,0.00,0.000,1.1,2.9,0.9,239,23,1.4,3.8,0.9,236,46,1.4,3.8,0.9,236,46,0,28.38,1.4,0,0,0,38.8,43.5,49.2,0.23,0.14,0.30
BING,2019-11-08 19:45:00 EST,42.05843,-75.95104,1753,17.7,18.6,17.7,89.3,15.1,0.000,0.085,0.00,0.000,1.0,2.6,0.7,235,38,1.3,2.9,0.7,222,51,1.3,2.9,0.7,222,51,0,28.38,1.5,0,0,0,38.8,43.5,49.1,0.23,0.14,0.30
BING,2019-11-08 19:50:00 EST,42.05843,-75.95104,1753,18.1,18.7,18.1,89.7,15.6,0.000,0.085,0.00,0.000,1.8,4.4,1.4,263,40,2.2,5.4,1.4,262,51,2.2,5.4,1.4,262,51,0,28.38,1.2,0,0,0,38.8,43.5,49.2,0.23,0.14,0.30
BING,2019-11-08 19:55:00 EST,42.05843,-75.95104,1753,18.0,18.7,18.0,88.8,15.3,0.000,0.085,0.00,0.000,1.9,4.5,0.9,268,43,2.1,5.3,1.1,272,47,2.1,5.3,1.1,272,47,0,28.38,1.3,0,0,0,38.7,43.5,49.2,0.23,0.14,0.30
BING,2019-11-08 20:00:00 EST,42.05843,-75.95104,1753,17.5,18.5,17.5,87.8,14.5,0.000,0.085,0.00,0.000,1.3,4.1,0.8,253,36,1.6,3.8,0.8,261,46,1.6,3.8,0.8,261,46,0,28.38,1.5,0,0,0,38.7,43.5,49.2,0.23,0.14,0.30
BING,2019-11-08 20:05:00 EST,42.05843,-75.95104,1753,17.8,18.4,17.8,89.1,15.1,0.000,0.085,0.00,0.000,1.9,4.0,0.9,245,37,2.1,5.1,0.9,239,41,2.1,5.1,0.9,239,41,0,28.38,1.3,0,0,0,38.7,43.5,49.1,0.23,0.14,0.30
BING,2019-11-08 20:10:00 EST,42.05843,-75.95104,1753,17.0,18.2,17.0,89.1,14.3,0.000,0.085,0.00,0.000,1.4,3.4,0.6,217,30,1.7,3.6,0.7,208,33,1.7,3.6,0.7,208,33,0,28.38,1.2,0,0,0,38.7,43.5,49.1,0.23,0.14,0.30
BING,2019-11-08 20:15:00 EST,42.05843,-75.95104,1753,16.5,18.0,16.5,89.4,13.9,0.000,0.085,0.00,0.000,1.4,2.8,0.6,222,27,1.6,3.1,0.6,214,36,1.6,3.1,0.6,214,36,0,28.38,1.3,0,0,0,38.7,43.5,49.1,0.23,0.14,0.30
BING,2019-11-08 20:20:00 EST,42.05843,-75.95104,1753,17.4,18.2,17.4,91.0,15.2,0.000,0.085,0.00,0.000,0.6,1.5,0.4,203,24,1.1,2.9,0.5,185,31,1.1,2.9,0.5,185,31,0,28.38,1.3,0,0,0,38.7,43.5,49.1,0.23,0.14,0.30
BING,2019-11-08 20:25:00 EST,42.05843,-75.95104,1753,17.0,18.0,17.0,90.3,14.6,0.000,0.085,0.00,0.000,1.4,3.9,0.8,237,34,1.6,3.9,0.8,228,41,1.6,3.9,0.8,228,41,0,28.38,1.3,0,0,0,38.7,43.5,49.1,0.23,0.14,0.30
BING,2019-11-08 20:30:00 EST,42.05843,-75.95104,1753,17.5,18.5,17.5,90.2,15.1,0.000,0.085,0.00,0.000,2.7,5.7,0.8,266,15,2.6,5.6,1.0,272,20,2.6,5.6,1.0,272,20,0,28.38,1.2,0,0,0,38.7,43.5,49.1,0.23,0.14,0.30
BING,2019-11-08 20:35:00 EST,42.05843,-75.95104,1753,18.0,18.8,13.1,89.2,15.4,0.000,0.085,0.00,0.000,3.5,6.0,1.0,277,18,3.2,5.7,1.0,285,22,3.2,5.7,1.0,285,22,0,28.38,1.3,0,0,0,38.6,43.5,49.1,0.23,0.14,0.30
BING,2019-11-08 20:40:00 EST,42.05843,-75.95104,1753,18.3,19.1,13.5,86.4,14.9,0.000,0.085,0.00,0.000,3.3,6.4,1.1,288,17,3.2,6.6,1.3,295,20,3.2,6.6,1.3,295,20,0,28.39,1.2,0,0,0,38.5,43.5,49.1,0.23,0.14,0.30
BING,2019-11-08 20:45:00 EST,42.05843,-75.95104,1753,18.3,19.0,18.3,85.2,14.6,0.000,0.085,0.00,0.000,2.6,4.5,0.7,286,20,2.4,4.1,0.8,293,23,2.4,4.1,0.8,293,23,0,28.39,1.3,0,0,0,38.5,43.5,49.1,0.23,0.14,0.30
BING,2019-11-08 20:50:00 EST,42.05843,-75.95104,1753,18.4,19.2,13.7,84.8,14.6,0.000,0.085,0.00,0.000,3.5,5.1,0.7,286,12,3.1,5.6,0.9,295,14,3.1,5.6,0.9,295,14,0,28.39,1.1,0,0,0,38.5,43.5,49.1,0.23,0.14,0.30
BING,2019-11-08 20:55:00 EST,42.05843,-75.95104,1753,18.0,19.1,18.0,84.2,14.0,0.000,0.085,0.00,0.000,3.0,5.0,0.7,288,13,2.7,5.0,0.8,297,16,2.7,5.0,0.8,297,16,0,28.39,1.2,0,0,0,38.5,43.4,49.1,0.23,0.14,0.30
BING,2019-11-08 21:00:00 EST,42.05843,-75.95104,1753,18.2,19.0,18.2,84.8,14.4,0.000,0.085,0.00,0.000,3.1,5.6,0.9,289,15,2.8,5.4,0.9,298,18,2.8,5.4,0.9,298,18,0,28.38,1.4,0,0,0,38.5,43.5,49.1,0.23,0.14,0.30
BING,2019-11-08 21:05:00 EST,42.05843,-75.95104,1753,18.2,19.1,13.6,84.6,14.4,0.000,0.085,0.00,0.000,3.3,6.1,1.0,278,14,3.1,6.7,1.1,286,17,3.1,6.7,1.1,286,17,0,28.38,1.3,0,0,0,38.4,43.4,49.1,0.23,0.14,0.30
BING,2019-11-08 21:10:00 EST,42.05843,-75.95104,1753,18.0,18.9,18.0,84.8,14.2,0.000,0.085,0.00,0.000,2.7,4.0,0.7,262,9,2.7,4.5,0.7,266,12,2.7,4.5,0.7,266,12,0,28.39,0.6,0,0,0,38.4,43.5,49.1,0.23,0.14,0.30
BING,2019-11-08 21:15:00 EST,42.05843,-75.95104,1753,17.9,19.0,12.0,84.8,14.1,0.000,0.085,0.00,0.000,3.9,6.2,1.0,272,14,3.9,6.2,1.0,277,14,3.9,6.2,1.0,277,14,0,28.39,1.4,0,0,0,38.4,43.4,49.1,0.23,0.14,0.30
BING,2019-11-08 21:20:00 EST,42.05843,-75.95104,1753,18.1,19.0,13.0,84.5,14.2,0.000,0.085,0.00,0.000,3.4,5.9,0.9,267,12,3.3,6.0,1.0,271,14,3.3,6.0,1.0,271,14,0,28.39,1.0,0,0,0,38.3,43.4,49.1,0.23,0.14,0.30
BING,2019-11-08 21:25:00 EST,42.05843,-75.95104,1753,17.9,18.8,17.9,84.3,13.9,0.000,0.085,0.00,0.000,2.5,4.7,0.7,273,13,2.4,4.7,0.9,280,18,2.4,4.7,0.9,280,18,0,28.39,,0,0,0,38.3,43.4,49.1,0.23,0.14,0.30
BING,2019-11-08 21:30:00 EST,42.05843,-75.95104,1753,17.8,18.9,17.8,84.9,14.1,0.000,0.085,0.00,0.000,3.2,4.4,0.6,279,14,2.9,4.4,0.7,287,15,2.9,4.4,0.7,287,15,0,28.39,,0,0,0,38.3,43.4,49.1,0.23,0.14,0.30
BING,2019-11-08 21:35:00 EST,42.05843,-75.95104,1753,17.8,18.9,11.4,84.9,14.1,0.000,0.085,0.00,0.000,4.2,6.3,0.7,267,9,4.2,6.7,0.9,272,11,4.2,6.7,0.9,272,11,0,28.39,1.1,0,0,0,38.3,43.3,49.1,0.23,0.14,0.30
BING,2019-11-08 21:40:00 EST,42.05843,-75.95104,1753,17.6,19.1,10.8,85.0,13.9,0.000,0.085,0.00,0.000,4.6,6.9,0.9,267,8,4.5,7.3,1.0,272,8,4.5,7.3,1.0,272,8,0,28.39,1.0,0,0,0,38.3,43.3,49.1,0.23,0.14,0.30
BING,2019-11-08 21:45:00 EST,42.05843,-75.95104,1753,17.7,18.9,12.1,85.7,14.2,0.000,0.085,0.00,0.000,3.8,5.1,0.7,270,8,3.6,5.3,0.8,274,11,3.6,5.3,0.8,274,11,0,28.39,,0,0,0,38.3,43.3,49.1,0.23,0.14,0.30
BING,2019-11-08 21:50:00 EST,42.05843,-75.95104,1753,17.9,18.9,12.1,86.0,14.4,0.000,0.085,0.00,0.000,3.8,5.7,0.8,266,8,3.8,6.7,1.0,271,9,3.8,6.7,1.0,271,9,0,28.39,0.8,0,0,0,38.3,43.3,49.1,0.23,0.14,0.30
BING,2019-11-08 21:55:00 EST,42.05843,-75.95104,1753,18.0,19.1,12.1,85.4,14.4,0.000,0.085,0.00,0.000,3.9,5.6,0.8,262,9,3.9,5.9,0.9,266,9,3.9,5.9,0.9,266,9,0,28.39,1.2,0,0,0,38.1,43.3,49.1,0.23,0.14,0.30
BING,2019-11-08 22:00:00 EST,42.05843,-75.95104,1753,18.0,19.0,12.2,84.3,14.0,0.000,0.085,0.00,0.000,3.8,5.3,0.5,268,9,3.7,6.1,0.8,272,10,3.7,6.1,0.8,272,10,0,28.39,1.0,0,0,0,38.1,43.3,49.1,0.23,0.14,0.30
BING,2019-11-08 22:05:00 EST,42.05843,-75.95104,1753,17.6,19.0,11.8,84.4,13.7,0.000,0.085,0.00,0.000,3.9,5.6,0.9,269,9,3.8,6.2,1.0,275,10,3.8,6.2,1.0,275,10,0,28.39,0.9,0,0,0,38.1,43.3,49.1,0.23,0.14,0.30
BING,2019-11-08 22:10:00 EST,42.05843,-75.95104,1753,17.3,18.9,10.7,84.8,13.5,0.000,0.085,0.00,0.000,4.3,6.1,0.6,266,10,4.3,6.6,0.8,270,11,4.3,6.6,0.8,270,11,0,28.39,1.2,0,0,0,38.1,43.3,49.1,0.23,0.14,0.30
BING,2019-11-08 22:15:00 EST,42.05843,-75.95104,1753,17.7,19.0,11.5,84.0,13.7,0.000,0.085,0.00,0.000,4.0,5.9,0.6,265,10,4.0,6.0,0.8,272,12,4.0,6.0,0.8,272,12,0,28.39,0.6,0,0,0,38.1,43.3,49.1,0.23,0.14,0.30
BING,2019-11-08 22:20:00 EST,42.05843,-75.95104,1753,18.1,19.1,12.3,83.4,13.9,0.000,0.085,0.00,0.000,4.0,6.4,0.8,274,11,3.8,6.6,1.0,282,12,3.8,6.6,1.0,282,12,0,28.38,1.0,0,0,0,38.1,43.3,49.1,0.23,0.14,0.30
BING,2019-11-08 22:25:00 EST,42.05843,-75.95104,1753,17.9,19.0,12.1,82.7,13.5,0.000,0.085,0.00,0.000,3.9,5.3,0.5,271,11,3.8,5.1,0.7,276,11,3.8,5.1,0.7,276,11,0,28.38,0.9,0,0,0,38.0,43.3,49.1,0.23,0.14,0.30
BING,2019-11-08 22:30:00 EST,42.05843,-75.95104,1753,17.8,18.9,11.2,82.7,13.4,0.000,0.085,0.00,0.000,4.5,6.1,0.8,276,11,4.4,6.6,0.9,282,12,4.4,6.6,0.9,282,12,0,28.38,0.9,0,0,0,37.9,43.3,49.1,0.23,0.14,0.30
BING,2019-11-08 22:35:00 EST,42.05843,-75.95104,1753,17.8,18.9,11.9,82.9,13.5,0.000,0.085,0.00,0.000,4.0,5.6,0.7,275,11,3.9,6.0,0.9,281,14,3.9,6.0,0.9,281,14,0,28.38,0.8,0,0,0,37.9,43.3,49.1,0.23,0.14,0.30
BING,2019-11-08 22:40:00 EST,42.05843,-75.95104,1753,17.7,18.8,11.4,83.0,13.4,0.000,0.085,0.00,0.000,4.1,6.3,0.7,266,9,4.2,6.9,0.9,270,9,4.2,6.9,0.9,270,9,0,28.38,1.0,0,0,0,37.9,43.3,49.1,0.23,0.14,0.30
BING,2019-11-08 22:45:00 EST,42.05843,-75.95104,1753,17.5,18.7,11.8,83.0,13.2,0.000,0.085,0.00,0.000,3.8,5.8,0.8,269,7,3.7,5.7,0.9,274,8,3.7,5.7,0.9,274,8,0,28.38,0.9,0,0,0,37.9,43.3,49.1,0.23,0.14,0.30
BING,2019-11-08 22:50:00 EST,42.05843,-75.95104,1753,17.6,18.8,12.0,84.2,13.6,0.000,0.085,0.00,0.000,3.7,5.5,0.6,273,9,3.6,5.7,0.8,279,10,3.6,5.7,0.8,279,10,0,28.38,1.0,0,0,0,37.9,43.3,49.1,0.23,0.14,0.30
BING,2019-11-08 22:55:00 EST,42.05843,-75.95104,1753,17.7,18.8,17.7,83.7,13.6,0.000,0.085,0.00,0.000,3.0,4.7,0.7,280,12,2.8,4.6,0.8,288,14,2.8,4.6,0.8,288,14,0,28.38,1.1,0,0,0,37.9,43.3,49.1,0.23,0.14,0.30
BING,2019-11-08 23:00:00 EST,42.05843,-75.95104,1753,17.8,18.8,17.8,83.3,13.6,0.000,0.085,0.00,0.000,2.7,4.8,0.9,272,9,2.5,5.2,0.9,280,13,2.5,5.2,0.9,280,13,0,28.38,1.0,0,0,0,37.9,43.3,49.1,0.23,0.14,0.30
BING,2019-11-08 23:05:00 EST,42.05843,-75.95104,1753,17.8,19.0,17.8,82.8,13.5,0.000,0.085,0.00,0.000,2.4,4.2,0.6,261,13,2.3,4.9,0.8,267,18,2.3,4.9,0.8,267,18,0,28.38,1.0,0,0,0,37.9,43.3,49.1,0.23,0.14,0.30
BING,2019-11-08 23:10:00 EST,42.05843,-75.95104,1753,17.4,19.0,17.4,82.1,12.8,0.000,0.085,0.00,0.000,2.9,4.7,0.6,271,13,2.9,5.6,0.7,277,16,2.9,5.6,0.7,277,16,0,28.38,1.0,0,0,0,37.8,43.2,49.1,0.23,0.14,0.30
BING,2019-11-08 23:15:00 EST,42.05843,-75.95104,1753,18.0,19.2,18.0,81.4,13.2,0.000,0.085,0.00,0.000,2.8,4.3,0.7,275,11,2.6,4.7,0.8,281,14,2.6,4.7,0.8,281,14,0,28.38,1.1,0,0,0,37.8,43.2,49.1,0.23,0.14,0.30
BING,2019-11-08 23:20:00 EST,42.05843,-75.95104,1753,17.7,19.2,17.7,80.9,12.8,0.000,0.085,0.00,0.000,2.2,4.2,0.7,286,16,1.9,4.5,0.7,294,19,1.9,4.5,0.7,294,19,0,28.38,1.0,0,0,0,37.8,43.2,49.0,0.23,0.14,0.30
BING,2019-11-08 23:25:00 EST,42.05843,-75.95104,1753,17.8,19.3,17.8,81.3,13.1,0.000,0.085,0.00,0.000,2.6,4.9,0.7,276,10,2.4,5.2,0.7,282,15,2.4,5.2,0.7,282,15,0,28.38,1.0,0,0,0,37.8,43.2,49.1,0.23,0.14,0.30
BING,2019-11-08 23:30:00 EST,42.05843,-75.95104,1753,18.0,19.2,18.0,81.0,13.1,0.000,0.085,0.00,0.000,3.1,4.0,0.4,268,11,2.9,4.1,0.5,274,13,2.9,4.1,0.5,274,13,0,28.38,1.2,0,0,0,37.7,43.2,49.1,0.23,0.14,0.30
BING,2019-11-08 23:35:00 EST,42.05843,-75.95104,1753,18.2,19.2,13.5,80.1,13.1,0.000,0.085,0.00,0.000,3.2,4.0,0.5,269,6,3.1,4.3,0.5,275,8,3.1,4.3,0.5,275,8,0,28.38,1.1,0,0,0,37.7,43.2,49.1,0.23,0.14,0.30
BING,2019-11-08 23:40:00 EST,42.05843,-75.95104,1753,17.9,19.0,17.9,80.7,13.0,0.000,0.085,0.00,0.000,2.6,4.0,0.5,264,9,2.4,4.1,0.6,267,13,2.4,4.1,0.6,267,13,0,28.38,1.0,0,0,0,37.7,43.2,49.1,0.23,0.14,0.30
BING,2019-11-08 23:45:00 EST,42.05843,-75.95104,1753,17.7,18.6,17.7,81.4,12.9,0.000,0.085,0.00,0.000,3.0,3.9,0.5,245,8,2.9,4.4,0.6,246,12,2.9,4.4,0.6,246,12,0,28.38,1.1,0,0,0,37.6,43.2,49.0,0.23,0.14,0.30
BING,2019-11-08 23:50:00 EST,42.05843,-75.95104,1753,17.6,18.5,12.7,83.0,13.3,0.000,0.085,0.00,0.000,3.2,4.3,0.5,239,7,3.2,4.6,0.7,240,8,3.2,4.6,0.7,240,8,0,28.38,0.9,0,0,0,37.6,43.2,48.9,0.23,0.14,0.30
BING,2019-11-08 23:55:00 EST,42.05843,-75.95104,1753,17.4,18.4,17.4,83.0,13.2,0.000,0.085,0.00,0.000,2.5,3.8,0.5,236,7,2.4,4.0,0.6,235,10,2.4,4.0,0.6,235,10,0,28.39,0.9,0,0,0,37.6,43.2,49.0,0.23,0.14,0.30
BKLN,2019-11-08 00:00:00 EST,40.63176,-73.95367,109,41.5,41.6,35.9,74.7,34.1,0.000,0.037,0.00,0.000,8.7,15.3,2.4,330,15,9.3,16.2,2.3,330,14,9.3,16.2,2.3,330,14,0,29.90,-0.0,,,,,,,,,
BKLN,2019-11-08 00:05:00 EST,40.63176,-73.95367,109,41.6,41.6,35.3,74.0,34.0,0.000,0.000,0.00,0.000,10.6,20.2,3.5,320,15,10.8,20.5,3.6,317,16,10.8,20.5,3.6,317,16,0,29.90,0.0,,,,,,,,,
BKLN,2019-11-08 00:10:00 EST,40.63176,-73.95367,109,41.5,41.5,34.7,71.4,33.0,0.000,0.000,0.00,0.000,11.2,20.2,3.7,321,19,12.1,20.1,3.7,318,16,12.1,20.1,3.7,318,16,0,29.90,0.0,,,,,,,,,
BKLN,2019-11-08 00:15:00 EST,40.63176,-73.95367,109,41.5,41.4,34.7,69.5,32.3,0.000,0.000,0.00,0.000,11.4,22.1,4.5,315,20,12.3,23.2,4.6,311,20,12.3,23.2,4.6,311,20,0,29.90,-0.0,,,,,,,,,
BKLN,2019-11-08 00:20:00 EST,40.63176,-73.95367,109,41.4,41.4,34.6,67.8,31.6,0.000,0.000,0.00,0.000,11.3,21.5,4.0,327,17,11.9,22.4,4.2,323,17,11.9,22.4,4.2,323,17,0,29.90,0.0,,,,,,,,,
BKLN,2019-11-08 00:25:00 EST,40.63176,-73.95367,109,41.4,41.3,34.6,66.6,31.1,0.000,0.000,0.00,0.000,11.2,24.0,4.3,309,20,12.1,26.1,4.6,304,18,12.1,26.1,4.6,304,18,0,29.90,0.0,,,,,,,,,
BKLN,2019-11-08 00:30:00 EST,40.63176,-73.95367,109,41.2,41.1,33.5,64.7,30.2,0.000,0.000,0.00,0.000,13.9,32.0,6.0,320,18,14.7,33.0,5.9,316,18,14.7,33.0,5.9,316,18,0,29.90,-0.1,,,,,,,,,
BKLN,2019-11-08 00:35:00 EST,40.63176,-73.95367,109,40.9,40.9,33.1,62.1,28.9,0.000,0.000,0.00,0.000,13.7,22.1,4.4,326,16,14.6,23.8,4.5,323,15,14.6,23.8,4.5,323,15,0,29.90,0.0,,,,,,,,,
BKLN,2019-11-08 00:40:00 EST,40.63176,-73.95367,109,40.7,40.7,31.7,60.3,28.1,0.000,0.000,0.00,0.000,17.7,29.3,5.4,319,16,19.0,28.9,5.2,315,15,19.0,28.9,5.2,315,15,0,29.90,-0.1,,,,,,,,,
BKLN,2019-11-08 00:45:00 EST,40.63176,-73.95367,109,40.5,40.5,32.2,60.7,28.0,0.000,0.000,0.00,0.000,15.3,26.4,4.7,326,17,15.9,25.7,4.7,321,14,15.9,25.7,4.7,321,14,0,29.91,-0.0,,,,,,,,,
BKLN,2019-11-08 00:50:00 EST,40.63176,-73.95367,109,40.5,40.5,32.8,59.0,27.2,0.000,0.000,0.00,0.000,13.0,24.6,5.2,328,25,13.8,24.1,5.0,326,18,13.8,24.1,5.0,326,18,0,29.91,0.1,,,,,,,,,
BKLN,2019-11-08 00:55:00 EST,40.63176,-73.95367,109,40.6,40.5,33.2,58.3,27.1,0.000,0.000,0.00,0.000,12.1,23.8,4.1,324,19,13.0,24.2,4.3,320,18,13.0,24.2,4.3,320,18,0,29.91,-0.1,,,,,,,,,
BKLN,2019-11-08 01:00:00 EST,40.63176,-73.95367,109,40.1,40.2,31.2,57.4,26.3,0.000,0.000,0.00,0.000,17.0,27.3,4.3,334,14,17.8,27.0,4.5,331,14,17.8,27.0,4.5,331,14,0,29.91,0.1,,,,,,,,,
BKLN,2019-11-08 01:05:00 EST,40.63176,-73.95367,109,40.3,40.2,33.1,58.5,26.9,0.000,0.000,0.00,0.000,11.3,22.1,3.8,323,18,12.1,23.7,4.0,320,19,12.1,23.7,4.0,320,19,0,29.91,0.0,,,,,,,,,
BKLN,2019-11-08 01:10:00 EST,40.63176,-73.95367,109,40.3,40.2,34.5,59.7,27.4,0.000,0.000,0.00,0.000,8.1,15.9,2.6,316,17,8.8,17.6,2.7,313,19,8.8,17.6,2.7,313,19,0,29.91,0.0,,,,,,,,,
BKLN,2019-11-08 01:15:00 EST,40.63176,-73.95367,109,40.4,40.3,35.2,60.8,27.9,0.000,0.000,0.00,0.000,6.9,12.3,2.4,307,17,7.7,13.5,2.4,299,15,7.7,13.5,2.4,299,15,0,29.91,0.0,,,,,,,,,
BKLN,2019-11-08 01:20:00 EST,40.63176,-73.95367,109,40.0,39.9,33.1,58.9,26.8,0.000,0.000,0.00,0.000,10.7,19.1,3.6,309,13,11.4,20.0,3.7,304,13,11.4,20.0,3.7,304,13,0,29.92,0.0,,,,,,,,,
BKLN,2019-11-08 01:25:00 EST,40.63176,-73.95367,109,39.8,39.7,32.6,59.0,26.6,0.000,0.000,0.00,0.000,11.5,20.7,3.2,313,15,12.1,19.5,3.1,310,15,12.1,19.5,3.1,310,15,0,29.92,-0.1,,,,,,,,,
BKLN,2019-11-08 01:30:00 EST,40.63176,-73.95367,109,39.7,39.6,32.3,58.7,26.4,0.000,0.000,0.00,0.000,11.2,19.1,3.6,304,16,12.4,23.0,3.9,298,16,12.4,23.0,3.9,298,16,0,29.92,-0.0,,,,,,,,,
BKLN,2019-11-08 01:35:00 EST,40.63176,-73.95367,109,39.6,39.5,33.2,59.5,26.7,0.000,0.000,0.00,0.000,9.4,17.6,3.1,308,14,10.1,17.9,3.3,303,13,10.1,17.9,3.3,303,13,0,29.92,-0.0,,,,,,,,,
BKLN,2019-11-08 01:40:00 EST,40.63176,-73.95367,109,39.4,39.3,32.1,60.0,26.7,0.000,0.000,0.00,0.000,11.4,20.7,3.8,311,16,12.0,21.0,3.7,305,16,12.0,21.0,3.7,305,16,0,29.92,0.1,,,,,,,,,
BKLN,2019-11-08 01:45:00 EST,40.63176,-73.95367,109,39.4,39.4,32.4,60.9,27.0,0.000,0.000,0.00,0.000,10.6,19.0,3.1,315,21,11.3,20.1,3.4,311,20,11.3,20.1,3.4,311,20,0,29.92,-0.0,,,,,,,,,
BKLN,2019-11-08 01:50:00 EST,40.63176,-73.95367,109,39.3,39.3,32.9,61.7,27.3,0.000,0.000,0.00,0.000,9.2,15.6,2.9,323,19,9.9,17.5,3.1,321,20,9.9,17.5,3.1,321,20,0,29.93,0.1,,,,,,,,,
BKLN,2019-11-08 01:55:00 EST,40.63176,-73.95367,109,39.2,39.2,32.9,62.1,27.3,0.000,0.000,0.00,0.000,8.6,14.1,2.4,313,19,9.4,14.7,2.5,310,20,9.4,14.7,2.5,310,20,0,29.93,0.2,,,,,,,,,
BKLN,2019-11-08 02:00:00 EST,40.63176,-73.95367,109,39.1,39.1,32.8,62.5,27.4,0.000,0.000,0.00,0.000,8.4,15.9,3.0,306,14,9.3,16.5,2.9,302,15,9.3,16.5,2.9,302,15,0,29.93,-0.0,,,,,,,,,
BKLN,2019-11-08 02:05:00 EST,40.63176,-73.95367,109,38.8,38.8,29.7,59.6,25.9,0.000,0.000,0.00,0.000,16.3,32.1,5.0,313,15,17.0,33.8,5.2,309,14,17.0,33.8,5.2,309,14,0,29.93,0.0,,,,,,,,,
BKLN,2019-11-08 02:10:00 EST,40.63176,-73.95367,109,38.7,38.7,30.4,60.1,26.1,0.000,0.000,0.00,0.000,13.2,21.1,3.7,315,16,14.4,21.2,3.7,313,16,14.4,21.2,3.7,313,16,0,29.93,0.0,,,,,,,,,
BKLN,2019-11-08 02:15:00 EST,40.63176,-73.95367,109,38.6,38.6,30.8,59.3,25.6,0.000,0.000,0.00,0.000,11.8,18.6,3.3,309,18,12.7,19.1,3.2,304,15,12.7,19.1,3.2,304,15,0,29.93,0.2,,,,,,,,,
BKLN,2019-11-08 02:20:00 EST,40.63176,-73.95367,109,38.5,38.4,30.3,59.6,25.6,0.000,0.000,0.00,0.000,12.9,19.4,2.9,314,22,13.8,23.6,3.1,311,22,13.8,23.6,3.1,311,22,0,29.93,0.0,,,,,,,,,
BKLN,2019-11-08 02:25:00 EST,40.63176,-73.95367,109,38.5,38.4,31.9,59.7,25.7,0.000,0.000,0.00,0.000,8.9,16.4,2.6,308,20,9.9,16.6,2.7,305,19,9.9,16.6,2.7,305,19,0,29.93,-0.0,,,,,,,,,
BKLN,2019-11-08 02:30:00 EST,40.63176,-73.95367,109,38.3,38.3,31.3,60.5,25.8,0.000,0.000,0.00,0.000,9.7,20.2,3.7,321,19,10.5,19.5,3.6,317,17,10.5,19.5,3.6,317,17,0,29.93,-0.1,,,,,,,,,
BKLN,2019-11-08 02:35:00 EST,40.63176,-73.95367,109,38.2,38.1,30.3,60.3,25.7,0.000,0.000,0.00,0.000,11.7,19.9,4.4,305,13,12.8,21.6,4.4,301,12,12.8,21.6,4.4,301,12,0,29.92,0.1,,,,,,,,,
BKLN,2019-11-08 02:40:00 EST,40.63176,-73.95367,109,38.2,38.0,30.8,59.3,25.3,0.000,0.000,0.00,0.000,10.8,19.9,4.0,311,12,11.5,21.4,4.2,306,13,11.5,21.4,4.2,306,13,0,29.92,0.1,,,,,,,,,
BKLN,2019-11-08 02:45:00 EST,40.63176,-73.95367,109,38.1,38.1,31.3,56.8,24.1,0.000,0.000,0.00,0.000,9.1,15.5,2.9,324,21,9.9,16.2,3.0,320,20,9.9,16.2,3.0,320,20,0,29.93,0.0,,,,,,,,,
BKLN,2019-11-08 02:50:00 EST,40.63176,-73.95367,109,38.1,38.0,31.3,56.8,24.1,0.000,0.000,0.00,0.000,9.1,14.8,2.7,309,18,9.9,16.6,2.6,306,18,9.9,16.6,2.6,306,18,0,29.93,0.1,,,,,,,,,
BKLN,2019-11-08 02:55:00 EST,40.63176,-73.95367,109,38.0,37.8,30.5,57.7,24.5,0.000,0.000,0.00,0.000,10.8,18.3,2.8,299,12,11.6,21.6,3.1,294,11,11.6,21.6,3.1,294,11,0,29.93,0.0,,,,,,,,,
BKLN,2019-11-08 03:00:00 EST,40.63176,-73.95367,109,37.7,37.5,29.5,57.1,23.9,0.000,0.000,0.00,0.000,12.3,20.8,3.4,298,14,13.3,22.0,3.7,293,14,13.3,22.0,3.7,293,14,0,29.93,0.0,,,,,,,,,
BKLN,2019-11-08 03:05:00 EST,40.63176,-73.95367,109,37.5,37.4,29.0,53.4,22.1,0.000,0.000,0.00,0.000,12.9,24.0,4.1,311,21,14.0,25.8,4.5,307,19,14.0,25.8,4.5,307,19,0,29.93,0.3,,,,,,,,,
BKLN,2019-11-08 03:10:00 EST,40.63176,-73.95367,109,37.3,37.2,27.4,52.2,21.4,0.000,0.000,0.00,0.000,17.3,26.1,3.7,295,12,18.4,27.9,3.7,290,10,18.4,27.9,3.7,290,10,0,29.92,0.2,,,,,,,,,
BKLN,2019-11-08 03:15:00 EST,40.63176,-73.95367,109,37.5,37.2,30.1,53.4,22.1,0.000,0.000,0.00,0.000,10.1,18.6,3.0,303,13,11.0,19.3,3.2,298,13,11.0,19.3,3.2,298,13,0,29.92,-0.0,,,,,,,,,
BKLN,2019-11-08 03:20:00 EST,40.63176,-73.95367,109,37.2,37.0,29.0,52.5,21.4,0.000,0.000,0.00,0.000,11.7,21.5,3.9,304,17,12.8,23.1,4.0,299,15,12.8,23.1,4.0,299,15,0,29.92,0.0,,,,,,,,,
BKLN,2019-11-08 03:25:00 EST,40.63176,-73.95367,109,37.0,37.0,29.5,52.4,21.2,0.000,0.000,0.00,0.000,10.2,15.9,2.4,315,18,11.1,16.7,2.4,314,19,11.1,16.7,2.4,314,19,0,29.93,0.0,,,,,,,,,
BKLN,2019-11-08 03:30:00 EST,40.63176,-73.95367,109,36.7,36.8,27.2,46.6,18.2,0.000,0.000,0.00,0.000,15.7,27.6,4.8,325,18,16.2,29.1,4.7,323,16,16.2,29.1,4.7,323,16,0,29.93,0.0,,,,,,,,,
BKLN,2019-11-08 03:35:00 EST,40.63176,-73.95367,109,36.7,36.7,28.1,44.8,17.3,0.000,0.000,0.00,0.000,12.8,26.0,4.7,317,17,13.6,27.5,4.7,313,17,13.6,27.5,4.7,313,17,0,29.93,0.1,,,,,,,,,
BKLN,2019-11-08 03:40:00 EST,40.63176,-73.95367,109,36.7,36.7,29.8,46.1,17.9,0.000,0.000,0.00,0.000,8.7,12.9,2.0,326,21,9.3,15.9,2.2,324,21,9.3,15.9,2.2,324,21,0,29.93,0.0,,,,,,,,,
BKLN,2019-11-08 03:45:00 EST,40.63176,-73.95367,109,36.4,36.4,27.5,45.5,17.3,0.000,0.000,0.00,0.000,12.9,23.3,4.2,321,17,14.0,27.1,4.0,317,19,14.0,27.1,4.0,317,19,0,29.93,-0.0,,,,,,,,,
BKLN,2019-11-08 03:50:00 EST,40.63176,-73.95367,109,36.3,36.2,27.2,44.8,16.8,0.000,0.000,0.00,0.000,13.4,23.7,4.8,324,17,14.5,23.3,4.4,320,17,14.5,23.3,4.4,320,17,0,29.93,-0.0,,,,,,,,,
BKLN,2019-11-08 03:55:00 EST,40.63176,-73.95367,109,36.0,36.1,27.5,45.7,17.0,0.000,0.000,0.00,0.000,12.1,21.9,3.9,322,19,12.7,23.3,4.1,320,16,12.7,23.3,4.1,320,16,0,29.93,-0.0,,,,,,,,,
BKLN,2019-11-08 04:00:00 EST,40.63176,-73.95367,109,36.0,36.0,27.7,45.7,17.0,0.000,0.000,0.00,0.000,11.2,18.0,3.2,323,21,12.2,19.8,3.4,319,20,12.2,19.8,3.4,319,20,0,29.93,-0.0,,,,,,,,,
BKLN,2019-11-08 04:05:00 EST,40.63176,-73.95367,109,35.9,35.9,27.9,46.3,17.3,0.000,0.000,0.00,0.000,10.5,17.6,2.5,314,16,11.4,18.3,2.6,310,18,11.4,18.3,2.6,310,18,0,29.93,-0.0,,,,,,,,,
BKLN,2019-11-08 04:10:00 EST,40.63176,-73.95367,109,36.1,36.0,28.0,46.0,17.3,0.000,0.000,0.00,0.000,10.9,18.5,3.2,315,21,11.8,17.9,3.1,312,19,11.8,17.9,3.1,312,19,0,29.93,-0.0,,,,,,,,,
BKLN,2019-11-08 04:15:00 EST,40.63176,-73.95367,109,36.0,36.1,29.0,45.6,17.1,0.000,0.000,0.00,0.000,8.8,16.2,2.7,322,19,9.5,15.8,3.0,319,19,9.5,15.8,3.0,319,19,0,29.93,0.0,,,,,,,,,
BKLN,2019-11-08 04:20:00 EST,40.63176,-73.95367,109,35.9,36.0,28.3,45.8,17.1,0.000,0.000,0.00,0.000,10.0,16.4,3.0,328,14,10.8,17.7,3.1,325,13,10.8,17.7,3.1,325,13,0,29.94,0.0,,,,,,,,,
BKLN,2019-11-08 04:25:00 EST,40.63176,-73.95367,109,36.0,36.0,29.3,46.3,17.4,0.000,0.000,0.00,0.000,7.8,13.8,2.7,321,19,8.8,15.7,2.4,317,20,8.8,15.7,2.4,317,20,0,29.94,0.1,,,,,,,,,
BKLN,2019-11-08 04:30:00 EST,40.63176,-73.95367,109,36.0,36.0,28.6,46.1,17.3,0.000,0.000,0.00,0.000,9.7,15.4,3.2,320,17,10.2,17.7,3.3,316,18,10.2,17.7,3.3,316,18,0,29.94,-0.0,,,,,,,,,
BKLN,2019-11-08 04:35:00 EST,40.63176,-73.95367,109,35.9,35.9,28.9,46.8,17.6,0.000,0.000,0.00,0.000,8.9,14.2,2.5,307,14,9.5,15.1,2.6,303,13,9.5,15.1,2.6,303,13,0,29.95,-0.0,,,,,,,,,
BKLN,2019-11-08 04:40:00 EST,40.63176,-73.95367,109,35.8,35.7,27.3,46.3,17.1,0.000,0.000,0.00,0.000,11.9,19.3,3.5,314,16,12.6,19.6,3.5,311,18,12.6,19.6,3.5,311,18,0,29.95,-0.0,,,,,,,,,
BKLN,2019-11-08 04:45:00 EST,40.63176,-73.95367,109,35.7,35.7,28.1,46.3,17.1,0.000,0.000,0.00,0.000,9.8,15.2,2.7,311,17,10.5,17.5,2.7,308,14,10.5,17.5,2.7,308,14,0,29.96,-0.0,,,,,,,,,
BKLN,2019-11-08 04:50:00 EST,40.63176,-73.95367,109,35.3,35.4,26.3,48.6,17.9,0.000,0.000,0.00,0.000,12.8,18.7,3.4,315,15,13.7,19.4,3.2,309,12,13.7,19.4,3.2,309,12,0,29.96,-0.0,,,,,,,,,
BKLN,2019-11-08 04:55:00 EST,40.63176,-73.95367,109,35.4,35.3,27.2,48.6,17.9,0.000,0.000,0.00,0.000,10.8,18.3,3.3,308,17,11.6,20.9,3.5,304,16,11.6,20.9,3.5,304,16,0,29.96,0.1,,,,,,,,,
BKLN,2019-11-08 05:00:00 EST,40.63176,-73.95367,109,35.2,35.1,27.4,49.6,18.2,0.000,0.000,0.00,0.000,9.9,14.5,2.2,304,13,10.6,14.9,2.4,300,12,10.6,14.9,2.4,300,12,0,29.96,0.0,,,,,,,,,
BKLN,2019-11-08 05:05:00 EST,40.63176,-73.95367,109,35.1,34.9,27.1,50.1,18.3,0.000,0.000,0.00,0.000,10.2,15.4,2.1,303,14,10.9,16.9,2.1,298,14,10.9,16.9,2.1,298,14,0,29.96,0.0,,,,,,,,,
BKLN,2019-11-08 05:10:00 EST,40.63176,-73.95367,109,35.0,34.8,27.4,50.1,18.3,0.000,0.000,0.00,0.000,9.3,15.3,3.2,310,14,10.0,17.4,3.0,306,13,10.0,17.4,3.0,306,13,0,29.96,0.0,,,,,,,,,
BKLN,2019-11-08 05:15:00 EST,40.63176,-73.95367,109,35.0,34.9,27.6,49.9,18.2,0.000,0.000,0.00,0.000,9.1,15.9,2.8,315,14,9.8,16.7,2.7,309,14,9.8,16.7,2.7,309,14,0,29.96,0.1,,,,,,,,,
BKLN,2019-11-08 05:20:00 EST,40.63176,-73.95367,109,35.1,34.8,27.2,49.8,18.2,0.000,0.000,0.00,0.000,10.0,15.7,2.7,305,13,10.8,16.5,2.7,300,12,10.8,16.5,2.7,300,12,0,29.96,-0.0,,,,,,,,,
BKLN,2019-11-08 05:25:00 EST,40.63176,-73.95367,109,34.9,34.7,26.0,50.3,18.3,0.000,0.000,0.00,0.000,12.2,16.5,2.6,302,13,13.1,19.5,2.7,296,11,13.1,19.5,2.7,296,11,0,29.96,-0.0,,,,,,,,,
BKLN,2019-11-08 05:30:00 EST,40.63176,-73.95367,109,34.8,34.6,26.2,50.4,18.2,0.000,0.000,0.00,0.000,11.3,18.0,2.7,305,13,12.1,19.2,2.6,298,13,12.1,19.2,2.6,298,13,0,29.96,0.0,,,,,,,,,
BKLN,2019-11-08 05:35:00 EST,40.63176,-73.95367,109,34.7,34.5,25.5,51.6,18.6,0.000,0.000,0.00,0.000,12.6,18.0,2.6,294,12,13.5,18.7,2.7,289,12,13.5,18.7,2.7,289,12,0,29.96,0.0,,,,,,,,,
BKLN,2019-11-08 05:40:00 EST,40.63176,-73.95367,109,34.6,34.5,25.7,52.8,19.2,0.000,0.000,0.00,0.000,12.2,18.1,2.8,301,12,13.0,20.9,3.0,295,12,13.0,20.9,3.0,295,12,0,29.97,0.0,,,,,,,,,
BKLN,2019-11-08 05:45:00 EST,40.63176,-73.95367,109,34.6,34.3,25.9,54.2,19.8,0.000,0.000,0.00,0.000,11.5,18.6,3.3,297,12,12.3,19.7,3.2,291,12,12.3,19.7,3.2,291,12,0,29.97,0.2,,,,,,,,,
BKLN,2019-11-08 05:50:00 EST,40.63176,-73.95367,109,34.6,34.3,26.8,55.3,20.2,0.000,0.000,0.00,0.000,9.6,14.9,2.2,293,15,10.4,16.5,2.3,288,13,10.4,16.5,2.3,288,13,0,29.97,0.1,,,,,,,,,
BKLN,2019-11-08 05:55:00 EST,40.63176,-73.95367,109,34.6,34.2,25.9,55.1,20.1,0.000,0.000,0.00,0.000,11.5,17.6,2.9,298,12,12.3,18.7,3.0,291,12,12.3,18.7,3.0,291,12,0,29.97,0.0,,,,,,,,,
BKLN,2019-11-08 06:00:00 EST,40.63176,-73.95367,109,34.4,34.1,25.6,54.7,19.7,0.000,0.000,0.00,0.000,11.6,16.6,2.9,294,12,12.5,18.2,3.2,288,12,12.5,18.2,3.2,288,12,0,29.97,-0.0,,,,,,,,,
BKLN,2019-11-08 06:05:00 EST,40.63176,-73.95367,109,34.2,34.0,25.3,55.0,19.8,0.000,0.000,0.00,0.000,11.9,16.6,2.7,294,14,12.8,20.3,3.1,289,13,12.8,20.3,3.1,289,13,0,29.98,-0.0,,,,,,,,,
BKLN,2019-11-08 06:10:00 EST,40.63176,-73.95367,109,34.1,33.9,24.8,55.1,19.6,0.000,0.000,0.00,0.000,12.8,17.8,2.6,297,9,13.6,19.0,2.6,290,9,13.6,19.0,2.6,290,9,0,29.98,-0.0,,,,,,,,,
BKLN,2019-11-08 06:15:00 EST,40.63176,-73.95367,109,34.3,34.0,26.0,55.5,20.0,0.000,0.000,0.00,0.000,10.3,15.6,2.0,300,12,11.0,17.6,2.2,294,10,11.0,17.6,2.2,294,10,0,29.98,0.0,,,,,,,,,
BKLN,2019-11-08 06:20:00 EST,40.63176,-73.95367,109,34.2,33.9,25.4,55.1,19.7,0.000,0.000,0.00,0.000,11.3,18.0,3.2,300,15,12.3,21.0,3.2,295,13,12.3,21.0,3.2,295,13,0,29.98,0.1,,,,,,,,,
BKLN,2019-11-08 06:25:00 EST,40.63176,-73.95367,109,34.0,33.8,24.3,54.7,19.4,0.000,0.000,0.00,0.000,13.9,21.1,2.6,301,11,14.7,22.0,3.0,295,11,14.7,22.0,3.0,295,11,1,29.99,-0.0,,,,,,,,,
BKLN,2019-11-08 06:30:00 EST,40.63176,-73.95367,109,34.0,33.8,24.6,53.9,19.1,0.000,0.000,0.00,0.000,12.9,19.9,2.9,302,10,13.7,21.6,3.0,296,9,13.7,21.6,3.0,296,9,2,29.99,-0.0,,,,,,,,,
BKLN,2019-11-08 06:35:00 EST,40.63176,-73.95367,109,33.9,33.8,24.3,54.9,19.4,0.000,0.000,0.00,0.000,13.4,18.6,3.2,301,12,14.2,21.1,3.3,296,12,14.2,21.1,3.3,296,12,3,29.99,-0.0,,,,,,,,,
BKLN,2019-11-08 06:40:00 EST,40.63176,-73.95367,109,33.9,33.7,24.3,55.3,19.6,0.000,0.000,0.00,0.000,13.4,18.8,2.9,297,12,14.3,22.2,3.0,292,10,14.3,22.2,3.0,292,10,5,30.00,-0.0,,,,,,,,,
BKLN,2019-11-08 06:45:00 EST,40.63176,-73.95367,109,34.0,33.8,24.9,55.8,19.8,0.000,0.000,0.00,0.000,11.7,18.0,3.0,306,12,12.8,17.5,2.7,300,13,12.8,17.5,2.7,300,13,7,30.00,-0.0,,,,,,,,,
BKLN,2019-11-08 06:50:00 EST,40.63176,-73.95367,109,33.9,33.8,25.2,56.2,19.9,0.000,0.000,0.00,0.000,10.8,17.7,3.2,297,18,12.0,20.4,3.3,291,17,12.0,20.4,3.3,291,17,9,30.01,0.1,,,,,,,,,
BKLN,2019-11-08 06:55:00 EST,40.63176,-73.95367,109,33.9,33.7,25.1,56.1,19.9,0.000,0.000,0.00,0.000,11.3,18.6,2.7,297,16,12.3,20.6,2.9,292,15,12.3,20.6,2.9,292,15,11,30.01,-0.0,,,,,,,,,
BKLN,2019-11-08 07:00:00 EST,40.63176,-73.95367,109,33.9,33.7,25.6,56.5,20.1,0.000,0.000,0.00,0.000,10.3,15.1,2.3,301,11,11.0,16.8,2.3,296,12,11.0,16.8,2.3,296,12,16,30.01,0.1,,,,,,,,,
BKLN,2019-11-08 07:05:00 EST,40.63176,-73.95367,109,33.9,33.6,25.6,56.6,20.1,0.000,0.000,0.00,0.000,10.2,16.1,2.6,297,13,10.9,18.1,2.8,292,13,10.9,18.1,2.8,292,13,42,30.01,0.0,,,,,,,,,
BKLN,2019-11-08 07:10:00 EST,40.63176,-73.95367,109,33.9,33.7,25.2,56.2,19.9,0.000,0.000,0.00,0.000,11.4,16.7,2.7,306,12,12.0,18.2,2.6,301,11,12.0,18.2,2.6,301,11,59,30.01,-0.0,,,,,,,,,
BKLN,2019-11-08 07:15:00 EST,40.63176,-73.95367,109,33.8,33.7,25.6,56.9,20.2,0.000,0.000,0.00,0.000,10.3,15.6,2.6,301,12,10.9,17.0,2.8,295,13,10.9,17.0,2.8,295,13,71,30.01,0.0,,,,,,,,,
BKLN,2019-11-08 07:20:00 EST,40.63176,-73.95367,109,34.3,33.9,27.5,56.8,20.5,0.000,0.000,0.00,0.000,7.4,12.6,2.2,296,16,8.1,14.2,2.3,292,15,8.1,14.2,2.3,292,15,83,30.02,0.1,,,,,,,,,
BKLN,2019-11-08 07:25:00 EST,40.63176,-73.95367,109,34.5,34.1,27.8,57.0,20.8,0.000,0.000,0.00,0.000,7.3,14.0,2.4,291,18,8.2,16.3,2.7,285,18,8.2,16.3,2.7,285,18,92,30.02,0.2,,,,,,,,,
BKLN,2019-11-08 07:30:00 EST,40.63176,-73.95367,109,34.1,33.9,24.7,56.8,20.4,0.000,0.000,0.00,0.000,12.8,20.1,3.2,293,14,13.9,21.0,3.4,287,11,13.9,21.0,3.4,287,11,96,30.02,-0.0,,,,,,,,,
BKLN,2019-11-08 07:35:00 EST,40.63176,-73.95367,109,33.8,33.7,25.6,57.7,20.5,0.000,0.000,0.00,0.000,10.2,16.1,2.9,298,13,10.9,17.1,2.9,293,13,10.9,17.1,2.9,293,13,102,30.02,0.2,,,,,,,,,
BKLN,2019-11-08 07:40:00 EST,40.63176,-73.95367,109,34.2,33.8,25.7,57.6,20.8,0.000,0.000,0.00,0.000,10.7,16.8,2.2,299,14,11.6,17.0,2.4,294,13,11.6,17.0,2.4,294,13,132,30.02,-0.0,,,,,,,,,
BKLN,2019-11-08 07:45:00 EST,40.63176,-73.95367,109,34.3,33.9,25.8,57.6,20.9,0.000,0.000,0.00,0.000,11.0,17.3,3.0,299,12,11.6,18.4,3.1,294,12,11.6,18.4,3.1,294,12,128,30.03,-0.0,,,,,,,,,
BKLN,2019-11-08 07:50:00 EST,40.63176,-73.95367,109,34.3,34.0,26.3,57.7,20.9,0.000,0.000,0.00,0.000,9.5,15.6,2.8,295,18,10.6,17.1,3.2,289,18,10.6,17.1,3.2,289,18,131,30.03,0.0,,,,,,,,,
BKLN,2019-11-08 07:55:00 EST,40.63176,-73.95367,109,34.4,34.1,26.4,58.0,21.2,0.000,0.000,0.00,0.000,9.6,17.0,3.5,295,14,10.6,18.5,3.5,289,12,10.6,18.5,3.5,289,12,167,30.03,0.1,,,,,,,,,
BKLN,2019-11-08 08:00:00 EST,40.63176,-73.95367,109,34.2,33.9,25.2,58.5,21.2,0.000,0.000,0.00,0.000,12.0,17.5,2.8,299,15,12.8,17.9,2.8,292,15,12.8,17.9,2.8,292,15,162,30.03,0.0,,,,,,,,,
BKLN,2019-11-08 08:05:00 EST,40.63176,-73.95367,109,34.5,33.9,24.9,59.0,21.6,0.000,0.000,0.00,0.000,13.5,21.8,3.3,287,16,14.5,23.1,3.6,282,14,14.5,23.1,3.6,282,14,169,30.03,0.1,,,,,,,,,
BKLN,2019-11-08 08:10:00 EST,40.63176,-73.95367,109,34.1,33.7,25.1,60.3,21.7,0.000,0.000,0.00,0.000,11.8,19.7,4.0,301,17,12.7,20.5,4.0,295,16,12.7,20.5,4.0,295,16,112,30.03,0.0,,,,,,,,,
BKLN,2019-11-08 08:15:00 EST,40.63176,-73.95367,109,34.4,34.1,25.7,60.5,22.1,0.000,0.000,0.00,0.000,11.4,18.9,2.8,295,17,12.2,20.1,3.0,290,18,12.2,20.1,3.0,290,18,91,30.03,-0.0,,,,,,,,,
BKLN,2019-11-08 08:20:00 EST,40.63176,-73.95367,109,34.1,33.9,24.3,60.6,21.9,0.000,0.000,0.00,0.000,14.1,24.2,4.4,299,16,15.0,26.7,4.4,293,15,15.0,26.7,4.4,293,15,106,30.03,0.0,,,,,,,,,
BKLN,2019-11-08 08:25:00 EST,40.63176,-73.95367,109,34.0,33.8,22.8,61.0,22.0,0.000,0.000,0.00,0.000,18.3,25.9,4.1,299,10,19.2,27.7,4.1,295,10,19.2,27.7,4.1,295,10,83,30.03,-0.0,,,,,,,,,
BKLN,2019-11-08 08:30:00 EST,40.63176,-73.95367,109,34.0,33.8,23.9,61.2,22.1,0.000,0.000,0.00,0.000,14.8,22.9,3.7,299,15,15.8,23.3,3.8,293,13,15.8,23.3,3.8,293,13,111,30.03,-0.0,,,,,,,,,
BKLN,2019-11-08 08:35:00 EST,40.63176,-73.95367,109,34.0,33.9,23.9,60.6,21.8,0.000,0.000,0.00,0.000,14.8,25.2,4.0,303,13,15.8,27.4,4.1,297,13,15.8,27.4,4.1,297,13,195,30.03,-0.0,,,,,,,,,
BKLN,2019-11-08 08:40:00 EST,40.63176,-73.95367,109,34.8,34.5,26.2,60.2,22.4,0.000,0.000,0.00,0.000,11.5,16.5,2.7,302,16,12.4,17.8,2.7,296,15,12.4,17.8,2.7,296,15,268,30.03,0.0,,,,,,,,,
BKLN,2019-11-08 08:45:00 EST,40.63176,-73.95367,109,35.1,34.7,26.1,58.7,22.1,0.000,0.000,0.00,0.000,12.3,19.4,2.9,300,20,13.5,21.7,3.0,296,21,13.5,21.7,3.0,296,21,300,30.03,0.1,,,,,,,,,
BKLN,2019-11-08 08:50:00 EST,40.63176,-73.95367,109,34.9,34.6,24.9,57.8,21.5,0.000,0.000,0.00,0.000,15.8,24.6,4.1,302,10,16.4,25.0,4.1,297,9,16.4,25.0,4.1,297,9,303,30.03,0.0,,,,,,,,,
BKLN,2019-11-08 08:55:00 EST,40.63176,-73.95367,109,35.2,34.8,25.1,57.6,21.7,0.000,0.000,0.00,0.000,15.6,26.5,4.7,294,19,16.7,27.4,4.7,288,18,16.7,27.4,4.7,288,18,345,30.02,0.0,,,,,,,,,
BKLN,2019-11-08 09:00:00 EST,40.63176,-73.95367,109,35.3,35.0,24.9,56.8,21.5,0.000,0.000,0.00,0.000,16.8,25.2,3.6,302,11,17.8,25.9,3.7,296,12,17.8,25.9,3.7,296,12,343,30.03,-0.0,,,,,,,,,
BKLN,2019-11-08 09:05:00 EST,40.63176,-73.95367,109,35.7,35.4,26.9,57.0,21.9,0.000,0.000,0.00,0.000,12.1,20.9,3.3,305,16,13.1,22.1,3.5,299,16,13.1,22.1,3.5,299,16,285,30.03,0.0,,,,,,,,,
BKLN,2019-11-08 09:10:00 EST,40.63176,-73.95367,109,35.7,35.5,26.2,56.3,21.6,0.000,0.000,0.00,0.000,14.4,19.5,2.6,310,18,15.3,22.7,2.9,305,17,15.3,22.7,2.9,305,17,284,30.02,0.0,,,,,,,,,
BKLN,2019-11-08 09:15:00 EST,40.63176,-73.95367,109,35.8,35.7,26.6,55.6,21.5,0.000,0.000,0.00,0.000,14.0,22.9,3.2,307,17,14.8,23.6,3.4,301,16,14.8,23.6,3.4,301,16,227,30.03,0.0,,,,,,,,,
BKLN,2019-11-08 09:20:00 EST,40.63176,-73.95367,109,36.1,35.8,26.6,54.9,21.4,0.000,0.000,0.00,0.000,14.4,21.8,4.0,293,16,15.6,25.0,4.3,287,15,15.6,25.0,4.3,287,15,227,30.02,-0.1,,,,,,,,,
BKLN,2019-11-08 09:25:00 EST,40.63176,-73.95367,109,36.0,35.7,26.3,54.6,21.2,0.000,0.000,0.00,0.000,14.9,25.0,4.5,302,22,16.1,28.2,5.0,298,23,16.1,28.2,5.0,298,23,285,30.02,-0.1,,,,,,,,,
BKLN,2019-11-08 09:30:00 EST,40.63176,-73.95367,109,35.9,35.6,25.8,53.6,20.7,0.000,0.000,0.00,0.000,16.7,28.5,4.0,311,16,17.5,30.2,4.1,305,16,17.5,30.2,4.1,305,16,233,30.03,-0.1,,,,,,,,,
BKLN,2019-11-08 09:35:00 EST,40.63176,-73.95367,109,35.9,35.7,26.8,54.3,21.0,0.000,0.000,0.00,0.000,13.8,27.3,4.8,305,16,14.4,28.7,4.4,301,15,14.4,28.7,4.4,301,15,204,30.02,0.2,,,,,,,,,
BKLN,2019-11-08 09:40:00 EST,40.63176,-73.95367,109,36.0,35.9,26.5,53.6,20.8,0.000,0.000,0.00,0.000,14.6,23.2,3.5,315,18,15.5,25.5,3.5,309,15,15.5,25.5,3.5,309,15,190,30.02,0.1,,,,,,,,,
BKLN,2019-11-08 09:45:00 EST,40.63176,-73.95367,109,36.3,36.1,26.4,52.7,20.6,0.000,0.000,0.00,0.000,15.8,26.4,5.0,299,13,17.1,29.9,5.2,294,13,17.1,29.9,5.2,294,13,286,30.02,0.1,,,,,,,,,
BKLN,2019-11-08 09:50:00 EST,40.63176,-73.95367,109,36.8,36.5,26.5,50.9,20.3,0.000,0.000,0.00,0.000,17.9,30.1,4.5,297,15,19.0,30.7,4.7,293,13,19.0,30.7,4.7,293,13,398,30.03,0.0,,,,,,,,,
BKLN,2019-11-08 09:55:00 EST,40.63176,-73.95367,109,37.1,36.8,27.1,49.2,19.8,0.000,0.000,0.00,0.000,17.3,28.3,5.0,299,16,18.5,29.9,5.2,293,15,18.5,29.9,5.2,293,15,446,30.03,-0.0,,,,,,,,,
BKLN,2019-11-08 10:00:00 EST,40.63176,-73.95367,109,37.1,36.8,26.9,48.5,19.4,0.000,0.000,0.00,0.000,18.3,29.1,4.7,297,13,19.2,32.0,4.9,293,12,19.2,32.0,4.9,293,12,462,30.03,0.0,,,,,,,,,
BKLN,2019-11-08 10:05:00 EST,40.63176,-73.95367,109,37.3,37.1,28.4,48.3,19.5,0.000,0.000,0.00,0.000,14.0,22.9,4.6,311,17,14.9,26.7,4.4,305,16,14.9,26.7,4.4,305,16,453,30.03,0.0,,,,,,,,,
BKLN,2019-11-08 10:10:00 EST,40.63176,-73.95367,109,37.5,37.3,28.7,47.3,19.2,0.000,0.000,0.00,0.000,14.2,27.8,4.8,321,18,14.9,28.0,5.0,319,17,14.9,28.0,5.0,319,17,439,30.03,0.1,,,,,,,,,
BKLN,2019-11-08 10:15:00 EST,40.63176,-73.95367,109,37.8,37.6,28.8,45.3,18.5,0.000,0.000,0.00,0.000,14.6,24.0,3.8,314,16,15.6,25.6,4.0,310,16,15.6,25.6,4.0,310,16,431,30.03,-0.0,,,,,,,,,
BKLN,2019-11-08 10:20:00 EST,40.63176,-73.95367,109,38.2,38.0,29.8,44.3,18.4,0.000,0.000,0.00,0.000,13.1,21.7,4.2,308,20,14.3,21.7,3.6,304,18,14.3,21.7,3.6,304,18,401,30.03,-0.0,,,,,,,,,
BKLN,2019-11-08 10:25:00 EST,40.63176,-73.95367,109,37.3,37.2,26.1,43.7,17.2,0.000,0.000,0.00,0.000,22.2,32.4,4.9,307,14,23.4,34.1,4.8,303,12,23.4,34.1,4.8,303,12,266,30.03,-0.0,,,,,,,,,
BKLN,2019-11-08 10:30:00 EST,40.63176,-73.95367,109,37.2,37.0,25.8,41.7,16.0,0.000,0.000,0.00,0.000,23.2,35.1,4.8,301,12,24.4,36.2,5.1,296,12,24.4,36.2,5.1,296,12,483,30.03,-0.0,,,,,,,,,
BKLN,2019-11-08 10:35:00 EST,40.63176,-73.95367,109,37.7,37.4,26.8,40.7,15.9,0.000,0.000,0.00,0.000,21.6,33.8,4.5,297,14,22.7,36.5,5.0,292,11,22.7,36.5,5.0,292,11,529,30.03,0.0,,,,,,,,,
BKLN,2019-11-08 10:40:00 EST,40.63176,-73.95367,109,37.5,37.4,26.6,40.9,15.8,0.000,0.000,0.00,0.000,21.5,33.3,5.0,304,12,22.7,33.4,5.1,299,11,22.7,33.4,5.1,299,11,511,30.03,0.0,,,,,,,,,
BKLN,2019-11-08 10:45:00 EST,40.63176,-73.95367,109,37.8,37.7,27.5,41.4,16.4,0.000,0.000,0.00,0.000,19.7,32.2,5.4,304,15,20.4,33.2,5.4,300,13,20.4,33.2,5.4,300,13,526,30.03,-0.0,,,,,,,,,
BKLN,2019-11-08 10:50:00 EST,40.63176,-73.95367,109,38.0,37.8,28.2,41.3,16.5,0.000,0.000,0.00,0.000,17.5,29.6,5.3,293,19,18.7,35.1,5.8,288,16,18.7,35.1,5.8,288,16,521,30.03,0.0,,,,,,,,,
BKLN,2019-11-08 10:55:00 EST,40.63176,-73.95367,109,37.9,37.8,27.5,39.5,15.5,0.000,0.000,0.00,0.000,20.0,32.7,6.7,312,16,21.1,34.8,6.8,309,15,21.1,34.8,6.8,309,15,516,30.04,0.0,,,,,,,,,
BKLN,2019-11-08 11:00:00 EST,40.63176,-73.95367,109,37.8,37.6,27.5,37.8,14.4,0.000,0.000,0.00,0.000,19.4,31.1,5.6,312,16,20.3,32.8,5.7,307,15,20.3,32.8,5.7,307,15,478,30.04,-0.2,,,,,,,,,
BKLN,2019-11-08 11:05:00 EST,40.63176,-73.95367,109,37.9,37.8,28.2,39.2,15.2,0.000,0.000,0.00,0.000,17.0,28.5,4.9,299,17,18.3,30.9,5.1,295,16,18.3,30.9,5.1,295,16,513,30.03,0.1,,,,,,,,,
BKLN,2019-11-08 11:10:00 EST,40.63176,-73.95367,109,38.3,38.0,28.2,38.0,14.9,0.000,0.000,0.00,0.000,19.2,34.8,5.0,298,15,20.2,37.9,5.4,293,15,20.2,37.9,5.4,293,15,515,30.03,-0.0,,,,,,,,,
BKLN,2019-11-08 11:15:00 EST,40.63176,-73.95367,109,37.8,37.6,26.7,37.5,14.2,0.000,0.000,0.00,0.000,22.2,35.9,5.4,296,16,23.8,38.2,5.6,290,14,23.8,38.2,5.6,290,14,519,30.03,0.0,,,,,,,,,
BKLN,2019-11-08 11:20:00 EST,40.63176,-73.95367,109,37.9,37.6,27.8,38.0,14.5,0.000,0.000,0.00,0.000,18.9,32.4,5.5,300,15,19.8,35.8,5.7,295,14,19.8,35.8,5.7,295,14,526,30.03,-0.1,,,,,,,,,
BKLN,2019-11-08 11:25:00 EST,40.63176,-73.95367,109,38.0,37.7,28.1,38.8,15.1,0.000,0.000,0.00,0.000,18.2,29.2,4.2,298,12,19.2,30.6,4.4,293,12,19.2,30.6,4.4,293,12,554,30.03,0.1,,,,,,,,,
BKLN,2019-11-08 11:30:00 EST,40.63176,-73.95367,109,38.5,38.3,29.0,39.3,15.8,0.000,0.000,0.00,0.000,17.1,32.0,5.4,295,14,18.4,32.3,5.4,290,15,18.4,32.3,5.4,290,15,569,30.03,0.0,,,,,,,,,
BKLN,2019-11-08 11:35:00 EST,40.63176,-73.95367,109,38.2,38.0,27.4,37.6,14.5,0.000,0.000,0.00,0.000,21.6,34.8,5.8,295,14,22.8,37.1,6.0,292,13,22.8,37.1,6.0,292,13,537,30.03,-0.1,,,,,,,,,
BKLN,2019-11-08 11:40:00 EST,40.63176,-73.95367,109,37.7,37.5,27.0,37.9,14.3,0.000,0.000,0.00,0.000,21.2,34.8,6.5,299,13,22.2,35.7,6.5,293,12,22.2,35.7,6.5,293,12,550,30.02,0.2,,,,,,,,,
BKLN,2019-11-08 11:45:00 EST,40.63176,-73.95367,109,38.4,38.2,28.1,37.1,14.5,0.000,0.000,0.00,0.000,19.6,33.0,6.1,292,15,21.3,35.5,6.3,286,14,21.3,35.5,6.3,286,14,543,30.02,-0.1,,,,,,,,,
BKLN,2019-11-08 11:50:00 EST,40.63176,-73.95367,109,37.9,37.8,26.9,36.4,13.5,0.000,0.000,0.00,0.000,22.3,35.4,6.2,295,14,23.6,38.4,6.8,289,13,23.6,38.4,6.8,289,13,533,30.03,-0.1,,,,,,,,,
BKLN,2019-11-08 11:55:00 EST,40.63176,-73.95367,109,37.8,37.7,26.9,36.2,13.4,0.000,0.000,0.00,0.000,22.5,33.2,6.5,310,17,22.9,33.9,6.2,305,15,22.9,33.9,6.2,305,15,534,30.02,0.2,,,,,,,,,
BKLN,2019-11-08 12:00:00 EST,40.63176,-73.95367,109,38.5,38.3,29.4,36.4,14.1,0.000,0.000,0.00,0.000,15.8,27.9,4.2,306,11,16.5,28.8,4.6,302,12,16.5,28.8,4.6,302,12,519,30.03,0.1,,,,,,,,,
BKLN,2019-11-08 12:05:00 EST,40.63176,-73.95367,109,38.3,38.2,29.1,37.0,14.2,0.000,0.000,0.00,0.000,15.8,23.7,4.3,310,14,16.7,25.9,4.4,307,13,16.7,25.9,4.4,307,13,522,30.02,0.1,,,,,,,,,
BKLN,2019-11-08 12:10:00 EST,40.63176,-73.95367,109,38.3,38.1,28.5,35.7,13.5,0.000,0.000,0.00,0.000,18.3,30.5,5.1,299,12,19.2,30.8,5.7,292,12,19.2,30.8,5.7,292,12,393,30.02,0.3,,,,,,,,,
BKLN,2019-11-08 12:15:00 EST,40.63176,-73.95367,109,38.2,38.0,28.6,35.3,13.1,0.000,0.000,0.00,0.000,17.3,30.3,4.5,315,18,18.1,29.9,4.3,312,15,18.1,29.9,4.3,312,15,471,30.02,0.0,,,,,,,,,
BKLN,2019-11-08 12:20:00 EST,40.63176,-73.95367,109,38.0,37.9,29.1,36.2,13.5,0.000,0.000,0.00,0.000,14.5,23.6,4.4,327,19,15.6,27.2,4.4,325,16,15.6,27.2,4.4,325,16,392,30.02,0.1,,,,,,,,,
BKLN,2019-11-08 12:25:00 EST,40.63176,-73.95367,109,38.7,38.3,29.3,35.5,13.6,0.000,0.000,0.00,0.000,16.4,25.5,5.0,295,17,17.7,28.0,5.1,290,17,17.7,28.0,5.1,290,17,531,30.01,-0.0,,,,,,,,,
BKLN,2019-11-08 12:30:00 EST,40.63176,-73.95367,109,38.6,38.3,28.7,35.1,13.4,0.000,0.000,0.00,0.000,18.6,30.1,4.5,293,16,19.8,33.5,4.9,288,13,19.8,33.5,4.9,288,13,527,30.01,0.1,,,,,,,,,
BKLN,2019-11-08 12:35:00 EST,40.63176,-73.95367,109,38.5,38.4,28.5,35.0,13.2,0.000,0.000,0.00,0.000,19.3,27.8,4.7,294,13,20.5,29.2,5.1,289,13,20.5,29.2,5.1,289,13,539,30.01,0.2,,,,,,,,,
BKLN,2019-11-08 12:40:00 EST,40.63176,-73.95367,109,38.8,38.6,29.5,34.9,13.4,0.000,0.000,0.00,0.000,16.3,25.4,4.5,302,15,17.5,25.9,4.5,298,16,17.5,25.9,4.5,298,16,524,30.01,-0.0,,,,,,,,,
BKLN,2019-11-08 12:45:00 EST,40.63176,-73.95367,109,39.4,39.2,31.2,34.7,13.7,0.000,0.000,0.00,0.000,13.7,25.7,4.0,303,20,14.4,28.8,4.3,300,18,14.4,28.8,4.3,300,18,508,30.01,0.2,,,,,,,,,
BKLN,2019-11-08 12:50:00 EST,40.63176,-73.95367,109,39.4,39.2,31.3,32.1,12.1,0.000,0.000,0.00,0.000,13.5,25.6,5.1,324,20,14.4,24.5,5.1,319,20,14.4,24.5,5.1,319,20,432,30.02,-0.1,,,,,,,,,
BKLN,2019-11-08 12:55:00 EST,40.63176,-73.95367,109,38.4,38.4,29.4,32.7,11.6,0.000,0.000,0.00,0.000,15.5,25.1,4.5,322,18,16.5,26.9,4.6,319,18,16.5,26.9,4.6,319,18,309,30.01,0.0,,,,,,,,,
BKLN,2019-11-08 13:00:00 EST,40.63176,-73.95367,109,38.2,38.2,28.1,32.1,11.0,0.000,0.000,0.00,0.000,19.1,28.0,5.1,319,18,20.4,31.6,5.4,315,16,20.4,31.6,5.4,315,16,370,30.01,-0.1,,,,,,,,,
BKLN,2019-11-08 13:05:00 EST,40.63176,-73.95367,109,38.6,38.5,28.5,33.0,11.9,0.000,0.000,0.00,0.000,19.3,30.0,4.6,304,16,20.4,33.1,4.6,299,13,20.4,33.1,4.6,299,13,477,30.02,-0.1,,,,,,,,,
BKLN,2019-11-08 13:10:00 EST,40.63176,-73.95367,109,38.9,38.7,29.5,32.5,11.8,0.000,0.000,0.00,0.000,17.1,28.4,5.6,308,19,18.1,30.2,5.9,304,17,18.1,30.2,5.9,304,17,469,30.02,-0.0,,,,,,,,,
BKLN,2019-11-08 13:15:00 EST,40.63176,-73.95367,109,38.9,38.7,30.3,32.9,12.1,0.000,0.000,0.00,0.000,14.3,23.2,4.1,304,19,15.4,23.3,4.1,301,19,15.4,23.3,4.1,301,19,467,30.01,-0.1,,,,,,,,,
BKLN,2019-11-08 13:20:00 EST,40.63176,-73.95367,109,38.8,38.7,28.8,32.1,11.5,0.000,0.000,0.00,0.000,19.7,30.3,5.6,299,13,20.6,32.9,5.8,293,11,20.6,32.9,5.8,293,11,455,30.02,0.3,,,,,,,,,
BKLN,2019-11-08 13:25:00 EST,40.63176,-73.95367,109,38.9,38.6,29.7,32.0,11.5,0.000,0.000,0.00,0.000,16.8,31.1,4.9,300,15,17.6,31.4,4.8,294,14,17.6,31.4,4.8,294,14,447,30.02,-0.0,,,,,,,,,
BKLN,2019-11-08 13:30:00 EST,40.63176,-73.95367,109,38.8,38.6,29.3,32.6,11.9,0.000,0.000,0.00,0.000,17.7,27.3,4.8,303,15,18.6,29.1,4.9,298,12,18.6,29.1,4.9,298,12,437,30.02,-0.1,,,,,,,,,
BKLN,2019-11-08 13:35:00 EST,40.63176,-73.95367,109,38.8,38.7,29.1,32.7,12.0,0.000,0.000,0.00,0.000,18.1,28.6,4.5,286,16,19.4,29.4,4.4,282,15,19.4,29.4,4.4,282,15,426,30.02,-0.1,,,,,,,,,
BKLN,2019-11-08 13:40:00 EST,40.63176,-73.95367,109,38.8,38.7,28.5,31.6,11.2,0.000,0.000,0.00,0.000,20.4,30.3,4.8,296,14,21.6,31.8,4.8,290,12,21.6,31.8,4.8,290,12,340,30.02,0.1,,,,,,,,,
BKLN,2019-11-08 13:45:00 EST,40.63176,-73.95367,109,38.9,38.7,29.8,31.3,11.0,0.000,0.000,0.00,0.000,15.9,26.5,4.1,316,21,17.0,26.7,4.5,313,19,17.0,26.7,4.5,313,19,405,30.02,-0.0,,,,,,,,,
BKLN,2019-11-08 13:50:00 EST,40.63176,-73.95367,109,38.6,38.5,28.8,30.7,10.3,0.000,0.000,0.00,0.000,18.1,29.2,5.3,319,15,19.2,31.6,5.0,315,17,19.2,31.6,5.0,315,17,396,30.02,-0.0,,,,,,,,,
BKLN,2019-11-08 13:55:00 EST,40.63176,-73.95367,109,38.8,38.6,30.3,30.8,10.5,0.000,0.000,0.00,0.000,13.5,23.6,4.3,325,20,14.8,24.3,4.3,322,19,14.8,24.3,4.3,322,19,387,30.02,-0.0,,,,,,,,,
BKLN,2019-11-08 14:00:00 EST,40.63176,-73.95367,109,38.8,38.7,28.9,30.4,10.3,0.000,0.000,0.00,0.000,18.7,35.5,7.1,309,17,19.9,37.5,7.1,305,16,19.9,37.5,7.1,305,16,381,30.03,-0.1,,,,,,,,,
BKLN,2019-11-08 14:05:00 EST,40.63176,-73.95367,109,38.4,38.2,27.8,30.5,9.9,0.000,0.000,0.00,0.000,21.1,36.1,6.9,302,17,22.3,37.1,6.6,298,14,22.3,37.1,6.6,298,14,322,30.03,-0.1,,,,,,,,,
BKLN,2019-11-08 14:10:00 EST,40.63176,-73.95367,109,38.5,38.4,29.0,31.6,10.9,0.000,0.000,0.00,0.000,16.7,26.2,4.1,302,17,18.0,30.5,4.4,296,14,18.0,30.5,4.4,296,14,316,30.03,0.0,,,,,,,,,
BKLN,2019-11-08 14:15:00 EST,40.63176,-73.95367,109,38.0,37.9,27.6,32.4,11.0,0.000,0.000,0.00,0.000,19.9,28.8,4.5,294,14,21.1,30.9,4.9,288,12,21.1,30.9,4.9,288,12,356,30.03,0.1,,,,,,,,,
BKLN,2019-11-08 14:20:00 EST,40.63176,-73.95367,109,38.2,37.9,27.6,32.4,11.2,0.000,0.000,0.00,0.000,20.8,31.3,4.7,296,12,21.9,33.1,4.7,291,10,21.9,33.1,4.7,291,10,344,30.03,-0.1,,,,,,,,,
BKLN,2019-11-08 14:25:00 EST,40.63176,-73.95367,109,38.2,38.0,28.6,33.8,12.1,0.000,0.000,0.00,0.000,17.2,27.7,4.3,300,14,18.3,29.9,4.5,294,13,18.3,29.9,4.5,294,13,334,30.03,-0.0,,,,,,,,,
BKLN,2019-11-08 14:30:00 EST,40.63176,-73.95367,109,38.6,38.3,29.3,34.4,12.8,0.000,0.000,0.00,0.000,16.4,23.2,3.4,292,19,17.5,24.8,3.7,286,17,17.5,24.8,3.7,286,17,329,30.04,0.1,,,,,,,,,
BKLN,2019-11-08 14:35:00 EST,40.63176,-73.95367,109,38.1,37.9,28.0,34.1,12.2,0.000,0.000,0.00,0.000,19.2,25.0,3.0,296,11,19.9,26.3,3.1,290,10,19.9,26.3,3.1,290,10,313,30.04,0.2,,,,,,,,,
BKLN,2019-11-08 14:40:00 EST,40.63176,-73.95367,109,38.3,38.2,29.1,32.6,11.4,0.000,0.000,0.00,0.000,15.6,24.0,3.8,299,15,16.8,26.7,4.4,294,14,16.8,26.7,4.4,294,14,297,30.04,0.0,,,,,,,,,
BKLN,2019-11-08 14:45:00 EST,40.63176,-73.95367,109,38.7,38.4,29.1,31.2,10.8,0.000,0.000,0.00,0.000,17.4,30.4,5.7,296,14,18.6,35.1,5.8,292,11,18.6,35.1,5.8,292,11,285,30.04,-0.1,,,,,,,,,
BKLN,2019-11-08 14:50:00 EST,40.63176,-73.95367,109,38.8,38.6,30.4,29.9,9.9,0.000,0.000,0.00,0.000,13.7,23.1,3.7,313,16,14.7,23.9,3.7,309,17,14.7,23.9,3.7,309,17,272,30.04,-0.1,,,,,,,,,
BKLN,2019-11-08 14:55:00 EST,40.63176,-73.95367,109,38.1,38.1,28.6,30.0,9.4,0.000,0.000,0.00,0.000,16.8,26.7,5.2,320,18,17.9,27.0,4.9,316,16,17.9,27.0,4.9,316,16,257,30.05,0.0,,,,,,,,,
BKLN,2019-11-08 15:00:00 EST,40.63176,-73.95367,109,38.4,38.3,29.6,30.4,9.9,0.000,0.000,0.00,0.000,14.5,27.0,4.4,313,17,15.6,28.3,4.9,308,16,15.6,28.3,4.9,308,16,243,30.04,-0.1,,,,,,,,,
BKLN,2019-11-08 15:05:00 EST,40.63176,-73.95367,109,38.0,38.0,28.1,30.2,9.4,0.000,0.000,0.00,0.000,17.9,26.5,4.3,310,17,18.9,26.7,3.9,305,14,18.9,26.7,3.9,305,14,228,30.05,0.0,,,,,,,,,
BKLN,2019-11-08 15:10:00 EST,40.63176,-73.95367,109,38.3,38.1,30.1,31.0,10.3,0.000,0.000,0.00,0.000,12.7,27.2,5.1,319,22,13.6,30.0,5.2,316,20,13.6,30.0,5.2,316,20,217,30.05,-0.1,,,,,,,,,
BKLN,2019-11-08 15:15:00 EST,40.63176,-73.95367,109,38.2,38.0,29.2,30.8,10.0,0.000,0.000,0.00,0.000,14.7,24.7,4.8,308,23,15.9,24.5,4.6,303,22,15.9,24.5,4.6,303,22,204,30.05,-0.0,,,,,,,,,
BKLN,2019-11-08 15:20:00 EST,40.63176,-73.95367,109,38.0,37.8,29.1,31.3,10.2,0.000,0.000,0.00,0.000,14.2,22.2,3.8,315,16,15.3,28.8,3.8,310,18,15.3,28.8,3.8,310,18,191,30.05,0.0,,,,,,,,,
BKLN,2019-11-08 15:25:00 EST,40.63176,-73.95367,109,37.8,37.7,28.1,31.2,10.0,0.000,0.000,0.00,0.000,17.2,25.5,4.4,314,17,18.2,28.9,4.4,310,16,18.2,28.9,4.4,310,16,179,30.05,-0.1,,,,,,,,,
BKLN,2019-11-08 15:30:00 EST,40.63176,-73.95367,109,37.9,37.7,28.4,32.0,10.6,0.000,0.000,0.00,0.000,16.5,28.3,5.5,302,12,17.3,28.2,5.5,296,11,17.3,28.2,5.5,296,11,166,30.05,0.0,,,,,,,,,
BKLN,2019-11-08 15:35:00 EST,40.63176,-73.95367,109,37.9,37.6,28.0,32.1,10.7,0.000,0.000,0.00,0.000,17.4,26.5,3.9,297,16,18.7,28.5,4.1,291,13,18.7,28.5,4.1,291,13,154,30.05,0.2,,,,,,,,,
BKLN,2019-11-08 15:40:00 EST,40.63176,-73.95367,109,37.7,37.5,28.2,32.1,10.6,0.000,0.000,0.00,0.000,16.5,25.7,4.0,292,15,17.6,27.3,4.3,287,13,17.6,27.3,4.3,287,13,143,30.06,-0.0,,,,,,,,,
BKLN,2019-11-08 15:45:00 EST,40.63176,-73.95367,109,37.6,37.4,28.1,32.3,10.6,0.000,0.000,0.00,0.000,16.3,24.3,3.4,301,13,17.2,23.6,3.5,295,12,17.2,23.6,3.5,295,12,131,30.06,0.0,,,,,,,,,
BKLN,2019-11-08 15:50:00 EST,40.63176,-73.95367,109,37.6,37.4,28.3,32.7,10.9,0.000,0.000,0.00,0.000,15.9,21.6,2.7,303,11,16.6,23.0,2.9,299,10,16.6,23.0,2.9,299,10,118,30.06,0.0,,,,,,,,,
BKLN,2019-11-08 15:55:00 EST,40.63176,-73.95367,109,37.4,37.2,28.5,33.3,11.1,0.000,0.000,0.00,0.000,13.9,19.2,2.1,292,12,15.1,22.7,2.5,285,12,15.1,22.7,2.5,285,12,108,30.06,0.1,,,,,,,,,
BKLN,2019-11-08 16:00:00 EST,40.63176,-73.95367,109,37.6,37.4,29.0,34.3,11.9,0.000,0.000,0.00,0.000,13.2,22.4,3.1,295,13,14.2,25.2,3.3,290,12,14.2,25.2,3.3,290,12,95,30.07,0.0,,,,,,,,,
BKLN,2019-11-08 16:05:00 EST,40.63176,-73.95367,109,37.5,37.3,28.6,34.4,11.9,0.000,0.000,0.00,0.000,14.1,23.5,4.3,299,13,15.1,25.0,4.6,294,13,15.1,25.0,4.6,294,13,82,30.07,-0.1,,,,,,,,,
BKLN,2019-11-08 16:10:00 EST,40.63176,-73.95367,109,37.5,37.2,29.4,34.9,12.2,0.000,0.000,0.00,0.000,11.9,23.6,4.5,300,15,12.7,23.1,4.4,295,13,12.7,23.1,4.4,295,13,70,30.07,-0.0,,,,,,,,,
BKLN,2019-11-08 16:15:00 EST,40.63176,-73.95367,109,36.9,36.7,27.3,34.5,11.5,0.000,0.000,0.00,0.000,15.9,23.7,3.8,300,15,16.8,26.3,4.1,293,12,16.8,26.3,4.1,293,12,57,30.07,0.0,,,,,,,,,
BKLN,2019-11-08 16:20:00 EST,40.63176,-73.95367,109,36.8,36.6,27.4,34.3,11.3,0.000,0.000,0.00,0.000,14.8,24.5,4.8,290,17,16.1,25.8,5.0,284,15,16.1,25.8,5.0,284,15,44,30.07,0.1,,,,,,,,,
BKLN,2019-11-08 16:25:00 EST,40.63176,-73.95367,109,36.7,36.5,27.9,34.1,11.0,0.000,0.000,0.00,0.000,12.9,19.9,2.8,295,15,14.2,23.6,3.3,288,14,14.2,23.6,3.3,288,14,33,30.08,-0.0,,,,,,,,,
BKLN,2019-11-08 16:30:00 EST,40.63176,-73.95367,109,36.7,36.4,27.8,33.9,10.9,0.000,0.000,0.00,0.000,12.8,19.9,3.2,291,17,14.4,23.0,3.5,286,15,14.4,23.0,3.5,286,15,24,30.08,0.1,,,,,,,,,
BKLN,2019-11-08 16:35:00 EST,40.63176,-73.95367,109,36.6,36.3,27.7,34.4,11.1,0.000,0.000,0.00,0.000,13.1,22.9,3.3,298,17,14.1,23.6,3.3,292,16,14.1,23.6,3.3,292,16,17,30.08,0.0,,,,,,,,,
BKLN,2019-11-08 16:40:00 EST,40.63176,-73.95367,109,36.4,36.2,27.2,35.0,11.3,0.000,0.000,0.00,0.000,13.8,23.4,3.5,296,18,15.1,24.8,3.9,292,15,15.1,24.8,3.9,292,15,11,30.08,0.1,,,,,,,,,
BKLN,2019-11-08 16:45:00 EST,40.63176,-73.95367,109,36.3,36.2,27.5,35.0,11.3,0.000,0.000,0.00,0.000,12.9,22.3,3.1,309,17,13.8,21.6,3.3,305,15,13.8,21.6,3.3,305,15,7,30.09,0.1,,,,,,,,,
BKLN,2019-11-08 16:50:00 EST,40.63176,-73.95367,109,36.2,36.2,27.4,34.9,11.1,0.000,0.000,0.00,0.000,13.0,26.2,5.1,309,15,14.0,26.1,4.7,305,17,14.0,26.1,4.7,305,17,4,30.09,0.0,,,,,,,,,
BKLN,2019-11-08 16:55:00 EST,40.63176,-73.95367,109,36.0,35.8,26.1,35.2,11.1,0.000,0.000,0.00,0.000,16.0,23.7,3.1,299,13,16.9,23.1,3.0,293,11,16.9,23.1,3.0,293,11,2,30.09,-0.0,,,,,,,,,
BKLN,2019-11-08 17:00:00 EST,40.63176,-73.95367,109,36.0,35.7,26.9,35.6,11.3,0.000,0.000,0.00,0.000,13.6,20.2,3.5,297,11,14.5,20.8,3.5,293,10,14.5,20.8,3.5,293,10,1,30.10,-0.0,,,,,,,,,
BKLN,2019-11-08 17:05:00 EST,40.63176,-73.95367,109,35.9,35.7,26.8,35.4,11.2,0.000,0.000,0.00,0.000,13.5,24.3,4.0,304,14,14.5,26.5,3.9,299,15,14.5,26.5,3.9,299,15,0,30.10,0.1,,,,,,,,,
BKLN,2019-11-08 17:10:00 EST,40.63176,-73.95367,109,35.9,35.6,26.4,35.4,11.2,0.000,0.000,0.00,0.000,14.7,24.5,5.1,299,12,15.6,25.4,4.8,294,11,15.6,25.4,4.8,294,11,0,30.10,0.1,,,,,,,,,
BKLN,2019-11-08 17:15:00 EST,40.63176,-73.95367,109,35.7,35.5,26.4,35.7,11.2,0.000,0.000,0.00,0.000,13.7,21.8,3.1,299,16,14.8,25.5,3.5,294,14,14.8,25.5,3.5,294,14,0,30.11,0.2,,,,,,,,,
BKLN,2019-11-08 17:20:00 EST,40.63176,-73.95367,109,35.6,35.4,25.9,36.1,11.3,0.000,0.000,0.00,0.000,14.9,22.9,3.7,300,11,15.9,24.0,3.6,294,11,15.9,24.0,3.6,294,11,0,30.11,0.1,,,,,,,,,
BKLN,2019-11-08 17:25:00 EST,40.63176,-73.95367,109,35.5,35.2,25.7,36.6,11.6,0.000,0.000,0.00,0.000,15.6,23.4,3.5,301,11,16.3,23.9,3.3,295,9,16.3,23.9,3.3,295,9,0,30.11,0.1,,,,,,,,,
BKLN,2019-11-08 17:30:00 EST,40.63176,-73.95367,109,35.5,35.3,26.7,37.6,12.1,0.000,0.000,0.00,0.000,12.1,20.4,3.2,298,16,13.2,21.4,3.6,292,15,13.2,21.4,3.6,292,15,0,30.12,-0.1,,,,,,,,,
BKLN,2019-11-08 17:35:00 EST,40.63176,-73.95367,109,35.4,35.2,25.3,37.6,12.1,0.000,0.000,0.00,0.000,15.9,24.6,3.9,301,13,16.9,25.9,3.7,297,12,16.9,25.9,3.7,297,12,0,30.12,0.0,,,,,,,,,
BKLN,2019-11-08 17:40:00 EST,40.63176,-73.95367,109,35.5,35.4,27.0,38.0,12.4,0.000,0.000,0.00,0.000,11.4,21.4,4.0,308,18,12.4,22.4,4.0,304,17,12.4,22.4,4.0,304,17,0,30.12,-0.1,,,,,,,,,
BKLN,2019-11-08 17:45:00 EST,40.63176,-73.95367,109,35.1,35.0,25.3,37.2,11.5,0.000,0.000,0.00,0.000,14.8,21.5,3.3,300,14,15.8,23.0,3.3,297,12,15.8,23.0,3.3,297,12,0,30.12,-0.0,,,,,,,,,
BKLN,2019-11-08 17:50:00 EST,40.63176,-73.95367,109,35.2,35.1,25.5,37.3,11.7,0.000,0.000,0.00,0.000,14.9,21.6,3.3,300,15,15.7,23.2,3.9,295,15,15.7,23.2,3.9,295,15,0,30.12,0.0,,,,,,,,,
BKLN,2019-11-08 17:55:00 EST,40.63176,-73.95367,109,35.1,35.0,24.6,37.5,11.8,0.000,0.000,0.00,0.000,17.3,24.8,3.8,298,10,18.1,26.6,3.7,293,9,18.1,26.6,3.7,293,9,0,30.13,-0.0,,,,,,,,,
BKLN,2019-11-08 18:00:00 EST,40.63176,-73.95367,109,35.1,35.0,25.4,37.7,11.8,0.000,0.000,0.00,0.000,14.2,23.5,3.6,302,16,15.4,23.3,3.8,297,15,15.4,23.3,3.8,297,15,0,30.13,-0.0,,,,,,,,,
BKLN,2019-11-08 18:05:00 EST,40.63176,-73.95367,109,35.2,34.9,26.6,38.4,12.3,0.000,0.000,0.00,0.000,11.7,19.1,3.4,299,15,12.5,21.7,3.5,294,14,12.5,21.7,3.5,294,14,0,30.13,0.2,,,,,,,,,
BKLN,2019-11-08 18:10:00 EST,40.63176,-73.95367,109,35.2,34.9,26.5,38.3,12.3,0.000,0.000,0.00,0.000,11.7,19.7,3.5,301,15,12.8,22.6,3.6,295,13,12.8,22.6,3.6,295,13,0,30.13,0.0,,,,,,,,,
BKLN,2019-11-08 18:15:00 EST,40.63176,-73.95367,109,34.9,34.8,25.6,38.3,12.0,0.000,0.000,0.00,0.000,13.1,22.7,4.6,317,20,14.2,23.7,4.5,311,20,14.2,23.7,4.5,311,20,0,30.14,-0.0,,,,,,,,,
BKLN,2019-11-08 18:20:00 EST,40.63176,-73.95367,109,34.9,34.8,27.0,38.3,12.1,0.000,0.000,0.00,0.000,10.1,18.0,3.8,321,17,10.8,18.7,3.7,319,17,10.8,18.7,3.7,319,17,0,30.14,-0.0,,,,,,,,,
BKLN,2019-11-08 18:25:00 EST,40.63176,-73.95367,109,34.6,34.6,25.3,38.6,12.0,0.000,0.000,0.00,0.000,13.3,20.5,3.6,312,14,14.1,22.7,3.6,308,15,14.1,22.7,3.6,308,15,0,30.15,0.0,,,,,,,,,
BKLN,2019-11-08 18:30:00 EST,40.63176,-73.95367,109,34.5,34.5,24.7,38.2,11.6,0.000,0.000,0.00,0.000,14.5,24.6,4.6,315,16,15.5,25.0,4.7,313,15,15.5,25.0,4.7,313,15,0,30.15,0.1,,,,,,,,,
BKLN,2019-11-08 18:35:00 EST,40.63176,-73.95367,109,34.5,34.5,24.9,38.8,12.0,0.000,0.000,0.00,0.000,14.2,19.8,3.1,314,17,14.7,20.7,3.2,310,16,14.7,20.7,3.2,310,16,0,30.15,-0.0,,,,,,,,,
BKLN,2019-11-08 18:40:00 EST,40.63176,-73.95367,109,34.5,34.4,24.9,39.6,12.4,0.000,0.000,0.00,0.000,13.8,24.4,3.6,313,15,14.5,23.3,3.9,309,13,14.5,23.3,3.9,309,13,0,30.15,-0.0,,,,,,,,,
BKLN,2019-11-08 18:45:00 EST,40.63176,-73.95367,109,34.4,34.3,24.6,40.2,12.7,0.000,0.000,0.00,0.000,14.0,21.1,3.6,310,14,15.3,23.2,3.7,305,12,15.3,23.2,3.7,305,12,0,30.15,0.0,,,,,,,,,
BKLN,2019-11-08 18:50:00 EST,40.63176,-73.95367,109,34.4,34.2,23.9,40.5,12.8,0.000,0.000,0.00,0.000,16.3,26.2,3.7,303,13,17.3,27.1,3.8,298,11,17.3,27.1,3.8,298,11,0,30.15,-0.0,,,,,,,,,
BKLN,2019-11-08 18:55:00 EST,40.63176,-73.95367,109,34.2,34.1,23.8,40.9,12.9,0.000,0.000,0.00,0.000,15.9,22.9,4.2,312,17,16.8,24.6,4.1,309,15,16.8,24.6,4.1,309,15,0,30.15,-0.0,,,,,,,,,
BKLN,2019-11-08 19:00:00 EST,40.63176,-73.95367,109,34.2,34.0,24.2,40.9,12.8,0.000,0.000,0.00,0.000,14.4,23.7,4.1,306,13,15.6,24.4,4.0,300,12,15.6,24.4,4.0,300,12,0,30.15,0.0,,,,,,,,,
BKLN,2019-11-08 19:05:00 EST,40.63176,-73.95367,109,34.3,34.0,24.4,40.8,12.9,0.000,0.000,0.00,0.000,14.3,23.2,3.5,303,17,15.1,26.0,3.9,297,16,15.1,26.0,3.9,297,16,0,30.16,-0.1,,,,,,,,,
BKLN,2019-11-08 19:10:00 EST,40.63176,-73.95367,109,33.9,33.8,22.7,39.4,11.7,0.000,0.000,0.00,0.000,18.2,29.6,4.7,302,13,19.1,30.4,4.9,298,11,19.1,30.4,4.9,298,11,0,30.16,0.0,,,,,,,,,
BKLN,2019-11-08 19:15:00 EST,40.63176,-73.95367,109,33.9,33.8,24.5,38.7,11.4,0.000,0.000,0.00,0.000,13.0,23.4,4.1,314,16,13.6,23.3,3.9,307,16,13.6,23.3,3.9,307,16,0,30.16,-0.0,,,,,,,,,
BKLN,2019-11-08 19:20:00 EST,40.63176,-73.95367,109,33.8,33.8,24.0,38.7,11.3,0.000,0.000,0.00,0.000,13.8,24.0,4.7,321,17,14.6,24.9,4.8,316,17,14.6,24.9,4.8,316,17,0,30.16,-0.1,,,,,,,,,
BKLN,2019-11-08 19:25:00 EST,40.63176,-73.95367,109,33.5,33.6,23.3,38.2,10.7,0.000,0.000,0.00,0.000,14.9,25.6,4.9,322,15,15.6,26.1,4.9,321,15,15.6,26.1,4.9,321,15,0,30.16,-0.0,,,,,,,,,
BKLN,2019-11-08 19:30:00 EST,40.63176,-73.95367,109,33.6,33.6,23.9,38.6,11.0,0.000,0.000,0.00,0.000,13.2,27.5,4.6,321,20,14.2,27.4,4.3,317,17,14.2,27.4,4.3,317,17,0,30.16,0.0,,,,,,,,,
BKLN,2019-11-08 19:35:00 EST,40.63176,-73.95367,109,33.6,33.6,24.4,39.2,11.4,0.000,0.000,0.00,0.000,12.3,20.9,3.0,317,15,13.1,23.8,3.4,314,14,13.1,23.8,3.4,314,14,0,30.17,-0.0,,,,,,,,,
BKLN,2019-11-08 19:40:00 EST,40.63176,-73.95367,109,33.5,33.5,24.7,39.7,11.5,0.000,0.000,0.00,0.000,10.9,18.0,3.0,313,15,11.9,20.3,3.2,310,16,11.9,20.3,3.2,310,16,0,30.17,0.0,,,,,,,,,
BKLN,2019-11-08 19:45:00 EST,40.63176,-73.95367,109,33.5,33.4,24.2,40.0,11.7,0.000,0.000,0.00,0.000,12.6,18.9,3.8,307,12,13.0,19.3,4.0,302,12,13.0,19.3,4.0,302,12,0,30.17,0.1,,,,,,,,,
BKLN,2019-11-08 19:50:00 EST,40.63176,-73.95367,109,33.5,33.3,25.2,40.4,12.0,0.000,0.000,0.00,0.000,10.1,16.6,2.8,306,23,11.0,18.9,3.1,300,19,11.0,18.9,3.1,300,19,0,30.18,-0.0,,,,,,,,,
BKLN,2019-11-08 19:55:00 EST,40.63176,-73.95367,109,33.3,33.2,23.9,40.3,11.7,0.000,0.000,0.00,0.000,12.4,18.6,2.9,302,13,13.3,18.6,3.0,298,12,13.3,18.6,3.0,298,12,0,30.18,0.0,,,,,,,,,
BKLN,2019-11-08 20:00:00 EST,40.63176,-73.95367,109,33.4,33.2,24.2,40.4,11.9,0.000,0.000,0.00,0.000,12.0,17.8,3.2,307,14,12.8,20.4,3.4,302,15,12.8,20.4,3.4,302,15,0,30.18,0.0,,,,,,,,,
BKLN,2019-11-08 20:05:00 EST,40.63176,-73.95367,109,33.4,33.3,25.3,41.3,12.4,0.000,0.000,0.00,0.000,9.6,15.7,3.0,307,14,10.3,16.5,3.1,304,14,10.3,16.5,3.1,304,14,0,30.18,-0.0,,,,,,,,,
BKLN,2019-11-08 20:10:00 EST,40.63176,-73.95367,109,33.4,33.2,24.1,41.5,12.5,0.000,0.000,0.00,0.000,12.2,17.8,2.8,306,10,13.0,21.2,3.2,301,11,13.0,21.2,3.2,301,11,0,30.18,-0.0,,,,,,,,,
BKLN,2019-11-08 20:15:00 EST,40.63176,-73.95367,109,33.2,33.1,24.9,42.3,12.7,0.000,0.000,0.00,0.000,9.7,16.1,2.6,308,16,10.6,16.8,2.7,304,15,10.6,16.8,2.7,304,15,0,30.18,-0.0,,,,,,,,,
BKLN,2019-11-08 20:20:00 EST,40.63176,-73.95367,109,33.2,33.1,24.9,42.3,12.8,0.000,0.000,0.00,0.000,10.1,18.6,2.7,310,16,10.8,18.1,2.9,306,18,10.8,18.1,2.9,306,18,0,30.18,-0.0,,,,,,,,,
BKLN,2019-11-08 20:25:00 EST,40.63176,-73.95367,109,33.0,32.9,23.7,42.4,12.6,0.000,0.000,0.00,0.000,12.1,16.1,2.2,300,11,12.9,17.2,2.3,295,11,12.9,17.2,2.3,295,11,0,30.18,-0.0,,,,,,,,,
BKLN,2019-11-08 20:30:00 EST,40.63176,-73.95367,109,32.9,32.7,22.7,41.9,12.2,0.000,0.000,0.00,0.000,14.0,22.1,3.4,297,13,15.0,22.2,3.2,292,12,15.0,22.2,3.2,292,12,0,30.18,0.3,,,,,,,,,
BKLN,2019-11-08 20:35:00 EST,40.63176,-73.95367,109,32.8,32.6,23.1,41.8,12.1,0.000,0.000,0.00,0.000,12.5,17.8,2.4,301,15,13.6,18.9,2.6,294,14,13.6,18.9,2.6,294,14,0,30.19,0.0,,,,,,,,,
BKLN,2019-11-08 20:40:00 EST,40.63176,-73.95367,109,32.7,32.6,23.3,42.1,12.2,0.000,0.000,0.00,0.000,12.1,23.2,3.9,306,19,13.1,23.7,3.7,302,17,13.1,23.7,3.7,302,17,0,30.19,0.1,,,,,,,,,
BKLN,2019-11-08 20:45:00 EST,40.63176,-73.95367,109,32.7,32.6,23.6,42.3,12.3,0.000,0.000,0.00,0.000,11.5,22.2,4.1,308,17,12.2,23.7,4.2,304,15,12.2,23.7,4.2,304,15,0,30.19,-0.0,,,,,,,,,
BKLN,2019-11-08 20:50:00 EST,40.63176,-73.95367,109,32.6,32.5,23.5,42.7,12.4,0.000,0.000,0.00,0.000,11.3,18.2,3.2,302,13,12.2,20.6,3.4,296,12,12.2,20.6,3.4,296,12,0,30.19,0.0,,,,,,,,,
BKLN,2019-11-08 20:55:00 EST,40.63176,-73.95367,109,32.5,32.4,23.1,41.8,11.8,0.000,0.000,0.00,0.000,12.1,20.2,3.7,307,14,12.9,20.8,3.7,301,13,12.9,20.8,3.7,301,13,0,30.19,0.1,,,,,,,,,
BKLN,2019-11-08 21:00:00 EST,40.63176,-73.95367,109,32.5,32.2,21.7,41.9,11.9,0.000,0.000,0.00,0.000,15.5,22.4,3.6,299,13,16.4,22.9,3.5,292,11,16.4,22.9,3.5,292,11,0,30.19,-0.0,,,,,,,,,
BKLN,2019-11-08 21:05:00 EST,40.63176,-73.95367,109,32.6,32.5,24.4,42.8,12.4,0.000,0.000,0.00,0.000,9.4,16.4,3.7,308,15,10.1,17.4,3.7,303,15,10.1,17.4,3.7,303,15,0,30.19,-0.0,,,,,,,,,
BKLN,2019-11-08 21:10:00 EST,40.63176,-73.95367,109,32.3,32.2,23.1,42.8,12.2,0.000,0.000,0.00,0.000,11.4,19.7,2.9,307,16,12.2,20.7,2.8,302,15,12.2,20.7,2.8,302,15,0,30.20,0.0,,,,,,,,,
BKLN,2019-11-08 21:15:00 EST,40.63176,-73.95367,109,32.4,32.2,23.5,43.4,12.6,0.000,0.000,0.00,0.000,10.4,18.6,3.3,309,15,11.3,20.0,3.4,305,16,11.3,20.0,3.4,305,16,0,30.20,-0.0,,,,,,,,,
BKLN,2019-11-08 21:20:00 EST,40.63176,-73.95367,109,32.1,32.0,22.0,43.2,12.2,0.000,0.000,0.00,0.000,13.5,21.2,3.0,306,13,14.3,21.4,3.1,301,12,14.3,21.4,3.1,301,12,0,30.20,0.1,,,,,,,,,
BKLN,2019-11-08 21:25:00 EST,40.63176,-73.95367,109,32.0,32.0,22.4,43.2,12.1,0.000,0.000,0.00,0.000,11.9,19.1,3.1,322,18,12.8,19.8,3.2,318,17,12.8,19.8,3.2,318,17,0,30.20,0.0,,,,,,,,,
BKLN,2019-11-08 21:30:00 EST,40.63176,-73.95367,109,31.9,31.9,22.6,42.7,11.7,0.000,0.000,0.00,0.000,11.4,22.5,3.9,321,22,12.1,21.7,4.0,317,18,12.1,21.7,4.0,317,18,0,30.21,-0.1,,,,,,,,,
BKLN,2019-11-08 21:35:00 EST,40.63176,-73.95367,109,31.8,31.9,23.8,43.0,11.8,0.000,0.000,0.00,0.000,8.6,17.0,3.5,332,19,9.4,17.8,3.4,326,18,9.4,17.8,3.4,326,18,0,30.21,-0.0,,,,,,,,,
BKLN,2019-11-08 21:40:00 EST,40.63176,-73.95367,109,31.6,31.7,22.3,43.4,11.9,0.000,0.000,0.00,0.000,11.3,17.3,2.6,337,17,12.0,18.8,3.0,334,15,12.0,18.8,3.0,334,15,0,30.21,-0.0,,,,,,,,,
BKLN,2019-11-08 21:45:00 EST,40.63176,-73.95367,109,31.4,31.5,20.7,43.9,12.0,0.000,0.000,0.00,0.000,14.6,20.2,2.7,335,15,15.4,22.3,3.0,332,14,15.4,22.3,3.0,332,14,0,30.21,0.0,,,,,,,,,
BKLN,2019-11-08 21:50:00 EST,40.63176,-73.95367,109,31.6,31.6,22.6,44.3,12.3,0.000,0.000,0.00,0.000,10.4,21.6,4.6,318,20,11.5,21.6,4.5,313,20,11.5,21.6,4.5,313,20,0,30.21,-0.0,,,,,,,,,
BKLN,2019-11-08 21:55:00 EST,40.63176,-73.95367,109,31.6,31.6,21.8,44.5,12.4,0.000,0.000,0.00,0.000,12.0,26.5,4.5,321,18,12.9,25.7,4.5,318,15,12.9,25.7,4.5,318,15,0,30.21,-0.0,,,,,,,,,
BKLN,2019-11-08 22:00:00 EST,40.63176,-73.95367,109,31.5,31.5,23.5,45.0,12.6,0.000,0.000,0.00,0.000,8.5,12.9,2.1,332,17,9.3,15.7,2.5,329,18,9.3,15.7,2.5,329,18,0,30.22,0.0,,,,,,,,,
BKLN,2019-11-08 22:05:00 EST,40.63176,-73.95367,109,31.4,31.5,21.7,44.9,12.4,0.000,0.000,0.00,0.000,12.0,20.6,4.1,331,18,12.8,21.5,4.2,330,17,12.8,21.5,4.2,330,17,0,30.22,-0.0,,,,,,,,,
BKLN,2019-11-08 22:10:00 EST,40.63176,-73.95367,109,31.2,31.3,20.8,44.7,12.1,0.000,0.000,0.00,0.000,13.5,20.2,3.1,326,12,14.3,20.5,3.1,325,11,14.3,20.5,3.1,325,11,0,30.22,-0.0,,,,,,,,,
BKLN,2019-11-08 22:15:00 EST,40.63176,-73.95367,109,31.2,31.3,21.8,45.6,12.6,0.000,0.000,0.00,0.000,11.3,17.4,2.5,325,17,11.9,17.7,2.7,322,15,11.9,17.7,2.7,322,15,0,30.22,0.0,,,,,,,,,
BKLN,2019-11-08 22:20:00 EST,40.63176,-73.95367,109,31.3,31.4,23.7,45.9,12.9,0.000,0.000,0.00,0.000,8.0,14.8,2.1,325,18,8.6,16.4,2.3,321,19,8.6,16.4,2.3,321,19,0,30.22,0.0,,,,,,,,,
BKLN,2019-11-08 22:25:00 EST,40.63176,-73.95367,109,31.3,31.3,23.0,46.1,12.9,0.000,0.000,0.00,0.000,8.6,17.5,3.8,333,20,9.5,20.1,3.8,329,19,9.5,20.1,3.8,329,19,0,30.23,0.0,,,,,,,,,
BKLN,2019-11-08 22:30:00 EST,40.63176,-73.95367,109,31.2,31.3,22.0,46.3,13.0,0.000,0.000,0.00,0.000,11.0,17.6,2.7,313,14,11.7,16.9,2.8,309,14,11.7,16.9,2.8,309,14,0,30.23,0.0,,,,,,,,,
BKLN,2019-11-08 22:35:00 EST,40.63176,-73.95367,109,31.3,31.2,23.7,47.8,13.7,0.000,0.000,0.00,0.000,7.7,11.7,1.9,313,18,8.5,12.8,2.0,308,18,8.5,12.8,2.0,308,18,0,30.22,0.2,,,,,,,,,
BKLN,2019-11-08 22:40:00 EST,40.63176,-73.95367,109,31.1,31.0,21.6,48.6,14.0,0.000,0.000,0.00,0.000,11.4,17.0,2.4,305,11,12.2,17.3,2.5,299,10,12.2,17.3,2.5,299,10,0,30.22,-0.0,,,,,,,,,
BKLN,2019-11-08 22:45:00 EST,40.63176,-73.95367,109,31.1,31.1,22.9,49.6,14.5,0.000,0.000,0.00,0.000,8.9,18.0,3.0,305,16,9.5,18.3,3.1,301,17,9.5,18.3,3.1,301,17,0,30.23,-0.0,,,,,,,,,
BKLN,2019-11-08 22:50:00 EST,40.63176,-73.95367,109,30.9,31.0,21.9,48.8,13.9,0.000,0.000,0.00,0.000,10.6,18.0,3.2,316,17,11.1,18.2,3.1,315,16,11.1,18.2,3.1,315,16,0,30.23,0.0,,,,,,,,,
BKLN,2019-11-08 22:55:00 EST,40.63176,-73.95367,109,30.8,30.8,22.2,48.6,13.6,0.000,0.000,0.00,0.000,9.5,18.0,3.1,320,15,10.0,18.5,3.2,316,15,10.0,18.5,3.2,316,15,0,30.23,-0.0,,,,,,,,,
BKLN,2019-11-08 23:00:00 EST,40.63176,-73.95367,109,31.1,31.0,23.6,49.6,14.4,0.000,0.000,0.00,0.000,7.4,11.6,2.0,312,14,8.2,12.4,2.1,308,14,8.2,12.4,2.1,308,14,0,30.23,-0.0,,,,,,,,,
BKLN,2019-11-08 23:05:00 EST,40.63176,-73.95367,109,30.8,30.7,20.8,50.3,14.5,0.000,0.000,0.00,0.000,12.5,18.6,2.6,302,14,13.2,19.4,2.5,297,12,13.2,19.4,2.5,297,12,0,30.23,0.0,,,,,,,,,
BKLN,2019-11-08 23:10:00 EST,40.63176,-73.95367,109,30.7,30.6,21.9,50.7,14.5,0.000,0.000,0.00,0.000,9.7,13.7,2.0,323,17,10.4,15.7,2.3,319,18,10.4,15.7,2.3,319,18,0,30.23,-0.0,,,,,,,,,
BKLN,2019-11-08 23:15:00 EST,40.63176,-73.95367,109,30.6,30.5,21.5,51.2,14.7,0.000,0.000,0.00,0.000,10.3,15.3,2.6,304,15,10.9,16.1,2.7,299,14,10.9,16.1,2.7,299,14,0,30.23,-0.0,,,,,,,,,
BKLN,2019-11-08 23:20:00 EST,40.63176,-73.95367,109,30.4,30.4,21.0,51.0,14.4,0.000,0.000,0.00,0.000,11.0,17.0,2.5,303,13,11.6,18.0,2.6,297,12,11.6,18.0,2.6,297,12,0,30.23,0.0,,,,,,,,,
BKLN,2019-11-08 23:25:00 EST,40.63176,-73.95367,109,30.5,30.4,21.5,51.4,14.7,0.000,0.000,0.00,0.000,10.1,14.8,2.6,306,16,10.7,16.1,2.7,301,16,10.7,16.1,2.7,301,16,0,30.23,-0.0,,,,,,,,,
BKLN,2019-11-08 23:30:00 EST,40.63176,-73.95367,109,30.4,30.3,20.4,51.5,14.6,0.000,0.000,0.00,0.000,12.3,18.3,2.7,308,10,12.8,18.8,2.9,303,10,12.8,18.8,2.9,303,10,0,30.23,0.0,,,,,,,,,
BKLN,2019-11-08 23:35:00 EST,40.63176,-73.95367,109,30.3,30.2,21.0,52.0,14.7,0.000,0.000,0.00,0.000,10.2,16.4,2.5,309,15,11.0,17.5,2.7,307,14,11.0,17.5,2.7,307,14,0,30.23,-0.0,,,,,,,,,
BKLN,2019-11-08 23:40:00 EST,40.63176,-73.95367,109,30.3,30.2,22.0,52.2,14.9,0.000,0.000,0.00,0.000,8.8,12.9,2.2,307,13,9.3,15.4,2.4,302,13,9.3,15.4,2.4,302,13,0,30.23,-0.0,,,,,,,,,
BKLN,2019-11-08 23:45:00 EST,40.63176,-73.95367,109,30.3,30.3,23.9,53.0,15.2,0.000,0.000,0.00,0.000,5.8,11.8,2.5,311,14,6.4,11.4,2.5,307,15,6.4,11.4,2.5,307,15,0,30.23,-0.0,,,,,,,,,
BKLN,2019-11-08 23:50:00 EST,40.63176,-73.95367,109,30.3,30.2,22.3,53.1,15.2,0.000,0.000,0.00,0.000,7.9,12.9,2.6,307,16,8.6,15.6,2.8,302,16,8.6,15.6,2.8,302,16,0,30.23,-0.0,,,,,,,,,
BKLN,2019-11-08 23:55:00 EST,40.63176,-73.95367,109,30.2,30.2,22.1,53.0,15.1,0.000,0.000,0.00,0.000,7.9,13.6,2.5,307,16,8.8,13.4,2.3,303,15,8.8,13.4,2.3,303,15,0,30.23,-0.0,,,,,,,,,
BRAN,2019-11-08 00:00:00 EST,42.59494,-79.02154,717,30.5,30.8,24.0,83.3,26.0,0.000,0.275,0.00,0.000,5.8,8.2,1.1,342,15,6.5,9.4,1.3,348,7,6.5,9.4,1.3,348,7,0,29.38,,0,0,0,44.8,46.9,49.8,0.34,0.36,0.48
BRAN,2019-11-08 00:05:00 EST,42.59494,-79.02154,717,30.6,30.9,23.4,83.3,26.1,0.000,0.000,0.00,0.000,6.8,10.2,1.5,341,12,7.6,12.2,1.7,347,9,7.6,12.2,1.7,347,9,0,29.38,,0,0,0,44.8,46.9,49.8,0.34,0.36,0.48
BRAN,2019-11-08 00:10:00 EST,42.59494,-79.02154,717,30.7,31.0,22.4,80.7,25.4,0.000,0.000,0.00,0.000,8.5,13.1,1.6,341,14,9.4,15.2,1.9,348,9,9.4,15.2,1.9,348,9,0,29.38,,0,0,0,44.8,46.9,49.8,0.34,0.36,0.48
BRAN,2019-11-08 00:15:00 EST,42.59494,-79.02154,717,30.4,30.8,22.9,81.0,25.3,0.000,0.000,0.00,0.000,7.3,11.1,1.5,338,14,8.0,13.5,1.7,343,9,8.0,13.5,1.7,343,9,0,29.38,,0,0,0,44.7,46.9,49.8,0.34,0.36,0.48
BRAN,2019-11-08 00:20:00 EST,42.59494,-79.02154,717,30.4,30.8,22.5,79.6,24.8,0.000,0.000,0.00,0.000,7.9,11.2,1.7,337,15,8.6,12.3,1.7,344,9,8.6,12.3,1.7,344,9,0,29.38,,0,0,0,44.7,46.9,49.8,0.34,0.36,0.48
BRAN,2019-11-08 00:25:00 EST,42.59494,-79.02154,717,30.2,30.6,22.8,79.9,24.7,0.000,0.000,0.00,0.000,7.0,10.7,1.6,339,11,7.7,11.2,1.7,347,9,7.7,11.2,1.7,347,9,0,29.39,,0,0,0,44.6,46.9,49.7,0.34,0.36,0.48
BRAN,2019-11-08 00:30:00 EST,42.59494,-79.02154,717,30.0,30.5,23.3,80.4,24.7,0.000,0.000,0.00,0.000,6.1,9.1,1.1,342,11,6.7,11.4,1.4,348,8,6.7,11.4,1.4,348,8,0,29.39,,0,0,0,44.6,46.9,49.7,0.34,0.36,0.48
BRAN,2019-11-08 00:35:00 EST,42.59494,-79.02154,717,29.9,30.3,22.9,80.8,24.7,0.000,0.000,0.00,0.000,6.4,11.8,1.4,345,18,7.1,13.0,1.5,352,9,7.1,13.0,1.5,352,9,0,29.39,,0,0,0,44.6,46.9,49.6,0.34,0.36,0.48
BRAN,2019-11-08 00:40:00 EST,42.59494,-79.02154,717,29.7,30.2,23.1,81.3,24.7,0.000,0.000,0.00,0.000,5.7,8.8,1.0,345,12,6.5,9.6,1.1,352,9,6.5,9.6,1.1,352,9,0,29.39,,0,0,0,44.6,46.9,49.7,0.34,0.36,0.48
BRAN,2019-11-08 00:45:00 EST,42.59494,-79.02154,717,29.7,30.3,22.5,81.6,24.8,0.000,0.000,0.00,0.000,6.5,9.9,1.1,348,9,7.4,12.1,1.4,355,6,7.4,12.1,1.4,355,6,0,29.39,,0,0,0,44.6,46.9,49.7,0.34,0.36,0.48
BRAN,2019-11-08 00:50:00 EST,42.59494,-79.02154,717,29.8,30.2,22.5,81.2,24.7,0.000,0.000,0.00,0.000,6.3,9.9,1.3,352,12,7.4,11.4,1.5,358,7,7.4,11.4,1.5,358,7,0,29.39,,0,0,0,44.6,46.9,49.6,0.34,0.36,0.48
BRAN,2019-11-08 00:55:00 EST,42.59494,-79.02154,717,29.8,30.3,22.4,81.4,24.8,0.000,0.000,0.00,0.000,7.1,9.1,1.3,339,10,7.7,11.6,1.5,347,9,7.7,11.6,1.5,347,9,0,29.39,,0,0,0,44.6,46.9,49.6,0.34,0.36,0.48
BRAN,2019-11-08 01:00:00 EST,42.59494,-79.02154,717,30.0,30.4,23.6,80.8,24.9,0.000,0.000,0.00,0.000,6.1,8.8,1.2,337,11,6.4,10.1,1.5,344,11,6.4,10.1,1.5,344,11,0,29.39,,0,0,0,44.6,46.9,49.6,0.34,0.36,0.48
BRAN,2019-11-08 01:05:00 EST,42.59494,-79.02154,717,30.2,30.5,23.2,80.3,24.9,0.000,0.000,0.00,0.000,6.8,10.2,1.6,337,8,7.3,11.1,1.6,345,7,7.3,11.1,1.6,345,7,0,29.39,,0,0,0,44.6,46.9,49.6,0.34,0.36,0.48
BRAN,2019-11-08 01:10:00 EST,42.59494,-79.02154,717,30.4,30.6,22.5,79.2,24.7,0.000,0.000,0.00,0.000,7.8,13.6,1.9,341,13,8.6,15.5,2.1,349,10,8.6,15.5,2.1,349,10,0,29.40,,0,0,0,44.6,46.9,49.6,0.34,0.36,0.48
BRAN,2019-11-08 01:15:00 EST,42.59494,-79.02154,717,30.5,30.7,22.7,77.8,24.4,0.000,0.000,0.00,0.000,7.9,10.5,1.5,338,15,8.5,11.6,1.7,346,9,8.5,11.6,1.7,346,9,0,29.40,,0,0,0,44.6,46.9,49.6,0.34,0.36,0.48
BRAN,2019-11-08 01:20:00 EST,42.59494,-79.02154,717,30.4,30.7,23.3,76.7,24.0,0.000,0.000,0.00,0.000,7.2,10.5,1.5,332,15,7.5,12.2,1.6,340,11,7.5,12.2,1.6,340,11,0,29.40,,0,0,0,44.6,46.9,49.6,0.34,0.36,0.48
BRAN,2019-11-08 01:25:00 EST,42.59494,-79.02154,717,30.5,30.7,22.2,74.0,23.2,0.000,0.000,0.00,0.000,9.4,14.0,2.0,329,10,9.4,14.9,2.1,335,11,9.4,14.9,2.1,335,11,0,29.40,,0,0,0,44.6,46.9,49.6,0.34,0.36,0.48
BRAN,2019-11-08 01:30:00 EST,42.59494,-79.02154,717,30.4,30.6,23.1,75.1,23.5,0.000,0.000,0.00,0.000,7.3,12.3,2.5,336,12,7.7,13.1,2.6,344,10,7.7,13.1,2.6,344,10,0,29.40,,0,0,0,44.6,46.9,49.6,0.34,0.36,0.48
BRAN,2019-11-08 01:35:00 EST,42.59494,-79.02154,717,30.3,30.5,22.5,76.9,23.9,0.000,0.000,0.00,0.000,7.8,11.6,1.3,343,9,8.4,12.0,1.4,351,6,8.4,12.0,1.4,351,6,0,29.40,,0,0,0,44.6,46.9,49.6,0.34,0.36,0.48
BRAN,2019-11-08 01:40:00 EST,42.59494,-79.02154,717,30.4,30.6,22.3,76.2,23.8,0.000,0.000,0.00,0.000,8.2,13.1,2.1,340,18,8.9,13.9,2.4,348,8,8.9,13.9,2.4,348,8,0,29.40,,0,0,0,44.6,46.9,49.6,0.34,0.36,0.48
BRAN,2019-11-08 01:45:00 EST,42.59494,-79.02154,717,30.3,30.5,23.1,76.8,23.9,0.000,0.000,0.00,0.000,7.0,10.8,1.5,345,16,7.5,13.7,1.7,351,14,7.5,13.7,1.7,351,14,0,29.40,,0,0,0,44.5,46.8,49.6,0.34,0.36,0.48
BRAN,2019-11-08 01:50:00 EST,42.59494,-79.02154,717,30.2,30.4,22.5,77.2,23.9,0.000,0.000,0.00,0.000,7.7,14.1,2.1,336,12,8.2,13.8,2.2,342,11,8.2,13.8,2.2,342,11,0,29.40,,0,0,0,44.5,46.8,49.6,0.34,0.36,0.48
BRAN,2019-11-08 01:55:00 EST,42.59494,-79.02154,717,30.3,30.5,23.1,74.5,23.2,0.000,0.000,0.00,0.000,7.1,12.3,1.8,336,11,7.5,13.2,1.9,344,10,7.5,13.2,1.9,344,10,0,29.40,,0,0,0,44.4,46.8,49.6,0.34,0.36,0.48
BRAN,2019-11-08 02:00:00 EST,42.59494,-79.02154,717,30.2,30.4,22.9,75.1,23.2,0.000,0.000,0.00,0.000,7.3,10.5,1.4,337,11,7.6,11.6,1.6,345,11,7.6,11.6,1.6,345,11,0,29.40,,0,0,0,44.4,46.8,49.6,0.34,0.36,0.48
BRAN,2019-11-08 02:05:00 EST,42.59494,-79.02154,717,30.1,30.4,22.4,75.0,23.1,0.000,0.000,0.00,0.000,7.7,12.2,1.6,336,11,8.1,13.7,1.8,343,10,8.1,13.7,1.8,343,10,0,29.40,,0,0,0,44.4,46.8,49.6,0.34,0.36,0.48
BRAN,2019-11-08 02:10:00 EST,42.59494,-79.02154,717,30.2,30.5,22.6,73.3,22.7,0.000,0.000,0.00,0.000,7.4,13.3,2.3,336,17,8.0,14.8,2.1,342,14,8.0,14.8,2.1,342,14,0,29.40,,0,0,0,44.4,46.8,49.6,0.34,0.36,0.48
BRAN,2019-11-08 02:15:00 EST,42.59494,-79.02154,717,30.1,30.4,22.4,73.2,22.6,0.000,0.000,0.00,0.000,7.4,11.1,1.8,342,14,8.2,11.7,1.8,350,10,8.2,11.7,1.8,350,10,0,29.40,,0,0,0,44.4,46.8,49.6,0.34,0.36,0.48
BRAN,2019-11-08 02:20:00 EST,42.59494,-79.02154,717,29.9,30.2,23.6,74.3,22.7,0.000,0.000,0.00,0.000,5.6,8.8,1.2,336,12,6.1,8.6,1.1,341,12,6.1,8.6,1.1,341,12,0,29.40,,0,0,0,44.4,46.8,49.6,0.34,0.36,0.48
BRAN,2019-11-08 02:25:00 EST,42.59494,-79.02154,717,30.0,30.3,22.6,73.2,22.4,0.000,0.000,0.00,0.000,7.3,11.3,1.6,336,12,7.6,11.8,1.8,343,9,7.6,11.8,1.8,343,9,0,29.40,,0,0,0,44.4,46.8,49.6,0.34,0.36,0.48
BRAN,2019-11-08 02:30:00 EST,42.59494,-79.02154,717,30.0,30.3,22.4,72.6,22.3,0.000,0.000,0.00,0.000,7.7,12.1,2.0,335,11,8.1,12.4,2.0,340,11,8.1,12.4,2.0,340,11,0,29.40,,0,0,0,44.4,46.8,49.6,0.34,0.36,0.48
BRAN,2019-11-08 02:35:00 EST,42.59494,-79.02154,717,30.0,30.3,22.0,71.8,22.0,0.000,0.000,0.00,0.000,7.9,10.3,1.1,346,16,8.7,11.2,1.3,351,10,8.7,11.2,1.3,351,10,0,29.41,,0,0,0,44.4,46.8,49.6,0.34,0.36,0.48
BRAN,2019-11-08 02:40:00 EST,42.59494,-79.02154,717,29.9,30.3,21.8,71.0,21.7,0.000,0.000,0.00,0.000,8.3,12.6,2.1,344,11,8.9,13.6,2.2,351,10,8.9,13.6,2.2,351,10,0,29.41,,0,0,0,44.4,46.8,49.6,0.34,0.36,0.48
BRAN,2019-11-08 02:45:00 EST,42.59494,-79.02154,717,29.8,30.3,21.8,68.9,20.8,0.000,0.000,0.00,0.000,8.0,11.5,1.1,341,7,8.6,12.0,1.1,348,7,8.6,12.0,1.1,348,7,0,29.41,,0,0,0,44.4,46.8,49.6,0.34,0.36,0.48
BRAN,2019-11-08 02:50:00 EST,42.59494,-79.02154,717,29.6,29.9,23.3,70.9,21.3,0.000,0.000,0.00,0.000,5.5,10.3,1.3,348,14,6.1,11.0,1.3,353,10,6.1,11.0,1.3,353,10,0,29.41,,0,0,0,44.4,46.8,49.6,0.34,0.36,0.48
BRAN,2019-11-08 02:55:00 EST,42.59494,-79.02154,717,29.5,29.9,22.3,72.9,21.9,0.000,0.000,0.00,0.000,6.5,12.4,1.6,354,20,7.3,13.9,1.7,358,8,7.3,13.9,1.7,358,8,0,29.41,,0,0,0,44.4,46.8,49.6,0.34,0.36,0.48
BRAN,2019-11-08 03:00:00 EST,42.59494,-79.02154,717,29.5,29.9,21.9,72.9,21.9,0.000,0.000,0.00,0.000,7.0,12.6,1.6,348,16,7.9,15.1,1.7,354,9,7.9,15.1,1.7,354,9,0,29.41,,0,0,0,44.4,46.8,49.6,0.34,0.36,0.48
BRAN,2019-11-08 03:05:00 EST,42.59494,-79.02154,717,29.3,29.7,22.4,74.4,22.1,0.000,0.000,0.00,0.000,6.1,9.0,1.3,347,14,6.8,9.6,1.3,352,11,6.8,9.6,1.3,352,11,0,29.41,,0,0,0,44.4,46.8,49.6,0.34,0.36,0.48
BRAN,2019-11-08 03:10:00 EST,42.59494,-79.02154,717,29.3,29.7,21.6,74.9,22.3,0.000,0.000,0.00,0.000,7.2,10.4,1.3,344,11,7.9,11.5,1.4,350,8,7.9,11.5,1.4,350,8,0,29.41,,0,0,0,44.3,46.8,49.6,0.34,0.36,0.48
BRAN,2019-11-08 03:15:00 EST,42.59494,-79.02154,717,29.4,29.7,22.4,74.9,22.4,0.000,0.000,0.00,0.000,6.3,9.5,1.3,347,14,7.0,10.3,1.4,353,7,7.0,10.3,1.4,353,7,0,29.41,,0,0,0,44.2,46.8,49.6,0.34,0.36,0.48
BRAN,2019-11-08 03:20:00 EST,42.59494,-79.02154,717,29.4,29.7,22.3,76.3,22.8,0.000,0.000,0.00,0.000,6.4,10.4,1.0,351,13,7.0,11.8,1.3,356,7,7.0,11.8,1.3,356,7,0,29.41,,0,0,0,44.1,46.8,49.6,0.34,0.36,0.48
BRAN,2019-11-08 03:25:00 EST,42.59494,-79.02154,717,29.4,29.8,21.3,75.9,22.8,0.000,0.000,0.00,0.000,8.0,14.6,2.2,346,11,8.7,15.7,2.3,352,8,8.7,15.7,2.3,352,8,0,29.41,,0,0,0,44.1,46.8,49.6,0.34,0.36,0.48
BRAN,2019-11-08 03:30:00 EST,42.59494,-79.02154,717,29.6,29.8,20.8,74.1,22.3,0.000,0.000,0.00,0.000,9.4,13.3,1.7,337,13,9.9,14.5,1.8,343,11,9.9,14.5,1.8,343,11,0,29.42,,0,0,0,44.1,46.8,49.6,0.34,0.36,0.48
BRAN,2019-11-08 03:35:00 EST,42.59494,-79.02154,717,29.4,29.7,21.1,72.9,21.8,0.000,0.000,0.00,0.000,8.4,12.6,2.1,340,11,9.0,14.3,2.2,345,9,9.0,14.3,2.2,345,9,0,29.42,,0,0,0,44.1,46.8,49.6,0.34,0.36,0.48
BRAN,2019-11-08 03:40:00 EST,42.59494,-79.02154,717,29.2,29.5,21.1,73.5,21.8,0.000,0.000,0.00,0.000,7.9,11.5,1.6,337,10,8.5,12.2,1.7,343,9,8.5,12.2,1.7,343,9,0,29.42,,0,0,0,44.1,46.8,49.6,0.34,0.36,0.48
BRAN,2019-11-08 03:45:00 EST,42.59494,-79.02154,717,29.2,29.6,20.6,73.9,22.0,0.000,0.000,0.00,0.000,8.8,12.7,1.5,342,14,9.4,13.9,1.7,347,8,9.4,13.9,1.7,347,8,0,29.42,,0,0,0,44.1,46.8,49.6,0.34,0.36,0.48
BRAN,2019-11-08 03:50:00 EST,42.59494,-79.02154,717,29.3,29.6,20.6,73.9,22.0,0.000,0.000,0.00,0.000,9.0,14.4,2.1,340,14,9.7,16.1,2.1,345,12,9.7,16.1,2.1,345,12,0,29.42,,0,0,0,44.1,46.8,49.6,0.34,0.36,0.48
BRAN,2019-11-08 03:55:00 EST,42.59494,-79.02154,717,29.4,29.6,20.5,74.3,22.2,0.000,0.000,0.00,0.000,9.4,13.7,1.7,340,10,9.9,13.9,1.7,346,8,9.9,13.9,1.7,346,8,0,29.42,,0,0,0,44.1,46.8,49.6,0.34,0.36,0.48
BRAN,2019-11-08 04:00:00 EST,42.59494,-79.02154,717,29.3,29.5,20.5,72.9,21.7,0.000,0.000,0.00,0.000,9.2,12.7,1.5,339,10,9.8,13.0,1.6,345,8,9.8,13.0,1.6,345,8,0,29.42,,0,0,0,44.1,46.8,49.6,0.34,0.36,0.48
BRAN,2019-11-08 04:05:00 EST,42.59494,-79.02154,717,29.0,29.3,21.4,73.4,21.5,0.000,0.000,0.00,0.000,7.2,10.9,1.5,336,13,7.7,11.9,1.6,343,11,7.7,11.9,1.6,343,11,0,29.42,,0,0,0,44.1,46.7,49.6,0.34,0.36,0.48
BRAN,2019-11-08 04:10:00 EST,42.59494,-79.02154,717,28.9,29.2,21.6,72.8,21.3,0.000,0.000,0.00,0.000,6.8,9.9,1.6,335,13,7.2,11.0,1.6,339,11,7.2,11.0,1.6,339,11,0,29.42,,0,0,0,44.1,46.6,49.6,0.33,0.36,0.48
BRAN,2019-11-08 04:15:00 EST,42.59494,-79.02154,717,28.8,29.2,22.3,73.5,21.4,0.000,0.000,0.00,0.000,5.7,10.5,1.5,331,15,6.1,10.5,1.4,337,9,6.1,10.5,1.4,337,9,0,29.42,,0,0,0,44.1,46.7,49.6,0.34,0.36,0.48
BRAN,2019-11-08 04:20:00 EST,42.59494,-79.02154,717,28.9,29.3,21.3,72.9,21.3,0.000,0.000,0.00,0.000,7.4,11.8,1.4,334,8,7.7,12.2,1.5,342,7,7.7,12.2,1.5,342,7,0,29.43,,0,0,0,44.0,46.6,49.6,0.33,0.36,0.48
BRAN,2019-11-08 04:25:00 EST,42.59494,-79.02154,717,29.0,29.3,21.8,73.1,21.5,0.000,0.000,0.00,0.000,6.7,10.4,1.3,333,14,7.1,11.5,1.5,339,11,7.1,11.5,1.5,339,11,0,29.43,,0,0,0,44.0,46.6,49.6,0.34,0.36,0.48
BRAN,2019-11-08 04:30:00 EST,42.59494,-79.02154,717,29.0,29.3,21.5,72.8,21.3,0.000,0.000,0.00,0.000,7.0,9.6,1.4,335,14,7.5,10.8,1.7,341,10,7.5,10.8,1.7,341,10,0,29.43,,0,0,0,43.9,46.6,49.6,0.33,0.36,0.48
BRAN,2019-11-08 04:35:00 EST,42.59494,-79.02154,717,28.9,29.1,21.4,73.1,21.4,0.000,0.000,0.00,0.000,7.2,13.6,1.9,338,13,7.5,13.9,2.0,343,14,7.5,13.9,2.0,343,14,0,29.43,,0,0,0,43.9,46.6,49.6,0.33,0.36,0.48
BRAN,2019-11-08 04:40:00 EST,42.59494,-79.02154,717,29.0,29.1,20.0,73.9,21.7,0.000,0.000,0.00,0.000,9.4,15.3,2.6,336,18,10.0,16.6,2.8,343,9,10.0,16.6,2.8,343,9,0,29.43,,0,0,0,43.9,46.6,49.6,0.34,0.36,0.48
BRAN,2019-11-08 04:45:00 EST,42.59494,-79.02154,717,29.0,29.1,19.0,74.5,21.9,0.000,0.000,0.00,0.000,11.3,17.9,2.2,346,12,12.1,19.4,2.7,351,10,12.1,19.4,2.7,351,10,0,29.43,,0,0,0,43.9,46.6,49.6,0.34,0.36,0.48
BRAN,2019-11-08 04:50:00 EST,42.59494,-79.02154,717,28.8,29.0,20.0,74.9,21.9,0.000,0.000,0.00,0.000,9.3,15.0,1.7,333,15,9.7,14.5,1.7,338,11,9.7,14.5,1.7,338,11,0,29.44,,0,0,0,43.9,46.6,49.6,0.34,0.36,0.48
BRAN,2019-11-08 04:55:00 EST,42.59494,-79.02154,717,28.7,28.9,18.6,73.4,21.3,0.000,0.000,0.00,0.000,11.7,16.6,2.4,334,12,12.0,17.5,2.5,341,12,12.0,17.5,2.5,341,12,0,29.44,,0,0,0,43.9,46.6,49.6,0.34,0.36,0.48
BRAN,2019-11-08 05:00:00 EST,42.59494,-79.02154,717,28.7,28.9,18.6,72.6,21.0,0.000,0.000,0.00,0.000,11.4,15.9,1.7,340,16,11.9,17.1,1.7,347,8,11.9,17.1,1.7,347,8,0,29.44,,0,0,0,43.9,46.6,49.6,0.34,0.36,0.48
BRAN,2019-11-08 05:05:00 EST,42.59494,-79.02154,717,28.6,28.8,18.3,72.7,20.9,0.000,0.000,0.00,0.000,11.9,18.6,2.5,334,13,12.4,18.7,2.4,340,11,12.4,18.7,2.4,340,11,0,29.44,,0,0,0,43.9,46.6,49.6,0.34,0.36,0.48
BRAN,2019-11-08 05:10:00 EST,42.59494,-79.02154,717,28.3,28.6,18.5,72.3,20.5,0.000,0.000,0.00,0.000,10.8,15.1,2.0,334,11,11.2,16.3,2.1,340,10,11.2,16.3,2.1,340,10,0,29.44,,0,0,0,43.9,46.6,49.6,0.34,0.36,0.48
BRAN,2019-11-08 05:15:00 EST,42.59494,-79.02154,717,28.1,28.5,19.0,70.9,19.9,0.000,0.000,0.00,0.000,9.2,15.2,2.0,337,14,9.8,17.1,2.2,344,13,9.8,17.1,2.2,344,13,0,29.44,,0,0,0,43.9,46.6,49.6,0.34,0.36,0.48
BRAN,2019-11-08 05:20:00 EST,42.59494,-79.02154,717,28.0,28.5,18.9,69.9,19.5,0.000,0.000,0.00,0.000,9.6,14.8,2.6,339,18,9.9,15.2,2.7,345,10,9.9,15.2,2.7,345,10,0,29.45,,0,0,0,43.9,46.6,49.6,0.34,0.36,0.48
BRAN,2019-11-08 05:25:00 EST,42.59494,-79.02154,717,27.9,28.3,19.2,69.8,19.3,0.000,0.000,0.00,0.000,9.0,15.3,2.2,329,12,9.2,15.5,2.2,333,11,9.2,15.5,2.2,333,11,0,29.45,,0,0,0,43.9,46.6,49.6,0.34,0.36,0.48
BRAN,2019-11-08 05:30:00 EST,42.59494,-79.02154,717,28.1,28.5,18.9,68.5,19.0,0.000,0.000,0.00,0.000,9.7,15.7,2.4,330,10,9.9,16.6,2.6,337,10,9.9,16.6,2.6,337,10,0,29.45,,0,0,0,43.9,46.6,49.6,0.34,0.36,0.48
BRAN,2019-11-08 05:35:00 EST,42.59494,-79.02154,717,28.0,28.4,19.9,68.0,18.8,0.000,0.000,0.00,0.000,7.8,12.3,2.2,333,13,8.0,13.4,2.3,338,12,8.0,13.4,2.3,338,12,0,29.45,,0,0,0,43.9,46.6,49.6,0.34,0.36,0.48
BRAN,2019-11-08 05:40:00 EST,42.59494,-79.02154,717,27.7,28.2,20.2,69.3,19.0,0.000,0.000,0.00,0.000,6.7,9.8,1.2,335,12,7.1,10.9,1.4,342,12,7.1,10.9,1.4,342,12,0,29.45,,0,0,0,43.9,46.6,49.6,0.34,0.36,0.48
BRAN,2019-11-08 05:45:00 EST,42.59494,-79.02154,717,27.7,28.3,19.7,69.7,19.1,0.000,0.000,0.00,0.000,7.4,11.9,1.8,339,11,8.0,12.7,1.8,346,9,8.0,12.7,1.8,346,9,0,29.46,,0,0,0,43.8,46.6,49.6,0.34,0.36,0.48
BRAN,2019-11-08 05:50:00 EST,42.59494,-79.02154,717,27.5,28.2,19.8,71.4,19.5,0.000,0.000,0.00,0.000,6.9,9.4,1.1,340,16,7.5,10.2,1.2,347,10,7.5,10.2,1.2,347,10,0,29.46,,0,0,0,43.8,46.6,49.6,0.34,0.36,0.49
BRAN,2019-11-08 05:55:00 EST,42.59494,-79.02154,717,27.6,28.2,20.1,71.4,19.6,0.000,0.000,0.00,0.000,6.7,8.9,1.0,340,9,7.2,9.8,1.2,346,8,7.2,9.8,1.2,346,8,0,29.46,,0,0,0,43.7,46.6,49.6,0.34,0.36,0.48
BRAN,2019-11-08 06:00:00 EST,42.59494,-79.02154,717,27.7,28.2,20.3,71.5,19.7,0.000,0.000,0.00,0.000,6.5,10.2,1.3,341,10,7.0,10.4,1.3,347,9,7.0,10.4,1.3,347,9,0,29.46,,0,0,0,43.7,46.6,49.6,0.34,0.36,0.48
BRAN,2019-11-08 06:05:00 EST,42.59494,-79.02154,717,27.6,28.1,20.6,72.7,20.0,0.000,0.000,0.00,0.000,6.0,8.1,1.0,346,11,6.5,8.9,1.0,351,8,6.5,8.9,1.0,351,8,0,29.46,,0,0,0,43.7,46.5,49.5,0.34,0.36,0.48
BRAN,2019-11-08 06:10:00 EST,42.59494,-79.02154,717,27.7,28.1,20.8,73.5,20.3,0.000,0.000,0.00,0.000,5.6,7.9,0.8,346,15,6.4,8.9,1.0,352,8,6.4,8.9,1.0,352,8,0,29.46,,0,0,0,43.7,46.5,49.6,0.34,0.36,0.48
BRAN,2019-11-08 06:15:00 EST,42.59494,-79.02154,717,27.5,27.9,21.2,75.5,20.8,0.000,0.000,0.00,0.000,5.1,7.5,1.1,355,12,5.7,8.9,1.2,360,7,5.7,8.9,1.2,360,7,0,29.47,,0,0,0,43.7,46.5,49.6,0.34,0.36,0.49
BRAN,2019-11-08 06:20:00 EST,42.59494,-79.02154,717,27.6,27.9,20.5,76.4,21.1,0.000,0.000,0.00,0.000,5.8,8.0,1.5,352,12,6.5,9.8,1.5,357,10,6.5,9.8,1.5,357,10,0,29.47,,0,0,0,43.7,46.4,49.5,0.34,0.36,0.48
BRAN,2019-11-08 06:25:00 EST,42.59494,-79.02154,717,27.6,27.8,19.9,76.3,21.2,0.000,0.000,0.00,0.000,6.7,9.7,1.5,360,20,7.4,11.4,1.6,4,10,7.4,11.4,1.6,4,10,0,29.47,,0,0,0,43.7,46.4,49.5,0.34,0.36,0.48
BRAN,2019-11-08 06:30:00 EST,42.59494,-79.02154,717,27.7,27.9,19.9,75.5,20.9,0.000,0.000,0.00,0.000,6.9,9.6,1.4,352,11,7.5,11.0,1.6,358,8,7.5,11.0,1.6,358,8,0,29.47,,0,0,0,43.7,46.4,49.5,0.34,0.36,0.48
BRAN,2019-11-08 06:35:00 EST,42.59494,-79.02154,717,27.5,27.8,20.3,75.7,20.8,0.000,0.000,0.00,0.000,6.0,8.8,1.1,348,10,6.6,9.4,1.3,353,8,6.6,9.4,1.3,353,8,0,29.48,,0,0,0,43.7,46.4,49.5,0.34,0.36,0.48
BRAN,2019-11-08 06:40:00 EST,42.59494,-79.02154,717,27.3,27.6,20.5,76.1,20.7,0.000,0.000,0.00,0.000,5.4,8.5,1.1,352,12,6.1,9.2,1.1,357,9,6.1,9.2,1.1,357,9,0,29.48,,0,0,0,43.6,46.4,49.5,0.34,0.36,0.48
BRAN,2019-11-08 06:45:00 EST,42.59494,-79.02154,717,26.9,27.5,20.4,76.6,20.6,0.000,0.000,0.00,0.000,5.0,6.9,0.9,355,9,5.7,7.8,1.0,359,7,5.7,7.8,1.0,359,7,0,29.48,,0,0,0,43.6,46.4,49.5,0.33,0.36,0.48
BRAN,2019-11-08 06:50:00 EST,42.59494,-79.02154,717,26.9,27.5,19.8,77.0,20.7,0.000,0.000,0.00,0.000,5.9,8.0,0.9,356,18,6.5,10.2,1.1,0,7,6.5,10.2,1.1,0,7,1,29.48,,0,0,0,43.6,46.4,49.5,0.33,0.36,0.48
BRAN,2019-11-08 06:55:00 EST,42.59494,-79.02154,717,26.9,27.4,19.3,76.5,20.5,0.000,0.000,0.00,0.000,6.6,9.9,1.3,353,15,7.2,10.6,1.3,358,7,7.2,10.6,1.3,358,7,2,29.48,,0,0,0,43.5,46.4,49.5,0.33,0.36,0.48
BRAN,2019-11-08 07:00:00 EST,42.59494,-79.02154,717,26.7,27.2,19.6,77.4,20.6,0.000,0.000,0.00,0.000,5.7,7.5,0.9,348,11,6.4,9.4,1.0,354,8,6.4,9.4,1.0,354,8,4,29.48,,0,0,0,43.5,46.4,49.5,0.33,0.36,0.49
BRAN,2019-11-08 07:05:00 EST,42.59494,-79.02154,717,26.5,27.2,20.6,77.9,20.6,0.000,0.000,0.00,0.000,4.6,6.9,0.8,352,15,5.1,7.5,0.8,358,7,5.1,7.5,0.8,358,7,5,29.48,,0,0,0,43.5,46.4,49.5,0.33,0.36,0.48
BRAN,2019-11-08 07:10:00 EST,42.59494,-79.02154,717,26.3,27.0,19.5,78.6,20.5,0.000,0.000,0.00,0.000,5.1,7.6,0.9,355,9,5.8,8.3,1.0,359,5,5.8,8.3,1.0,359,5,8,29.48,,0,0,0,43.5,46.4,49.5,0.34,0.36,0.48
BRAN,2019-11-08 07:15:00 EST,42.59494,-79.02154,717,26.1,27.0,20.1,79.5,20.6,0.000,0.000,0.00,0.000,4.4,6.5,0.5,358,12,5.0,7.4,0.7,1,6,5.0,7.4,0.7,1,6,14,29.49,,0,0,0,43.5,46.4,49.5,0.33,0.36,0.49
BRAN,2019-11-08 07:20:00 EST,42.59494,-79.02154,717,26.2,27.0,19.8,80.0,20.9,0.000,0.000,0.00,0.000,4.9,6.4,0.7,355,9,5.6,7.9,1.0,358,6,5.6,7.9,1.0,358,6,20,29.49,,0,0,0,43.5,46.4,49.5,0.33,0.36,0.48
BRAN,2019-11-08 07:25:00 EST,42.59494,-79.02154,717,26.5,27.1,20.7,79.9,21.1,0.000,0.000,0.00,0.000,4.4,5.7,0.7,351,11,4.9,7.1,1.0,355,8,4.9,7.1,1.0,355,8,25,29.49,,0,0,0,43.5,46.4,49.5,0.34,0.36,0.48
BRAN,2019-11-08 07:30:00 EST,42.59494,-79.02154,717,26.6,27.2,21.0,79.9,21.3,0.000,0.000,0.00,0.000,4.3,5.3,0.5,350,14,4.8,6.0,0.6,355,5,4.8,6.0,0.6,355,5,30,29.49,,0,0,0,43.5,46.4,49.5,0.34,0.36,0.48
BRAN,2019-11-08 07:35:00 EST,42.59494,-79.02154,717,26.6,27.2,21.5,80.5,21.4,0.000,0.000,0.00,0.000,3.7,4.9,0.5,357,10,4.4,6.3,0.6,1,6,4.4,6.3,0.6,1,6,43,29.50,,0,0,0,43.5,46.4,49.5,0.34,0.36,0.48
BRAN,2019-11-08 07:40:00 EST,42.59494,-79.02154,717,27.3,27.6,21.4,80.2,22.0,0.000,0.000,0.00,0.000,4.5,7.1,1.0,358,10,5.1,8.4,1.1,2,7,5.1,8.4,1.1,2,7,45,29.50,,0,0,0,43.5,46.4,49.5,0.34,0.36,0.49
BRAN,2019-11-08 07:45:00 EST,42.59494,-79.02154,717,27.8,27.8,23.7,78.6,22.0,0.000,0.000,0.00,0.000,3.2,4.9,0.7,360,11,3.6,6.1,0.9,4,9,3.6,6.1,0.9,4,9,34,29.50,,0,0,0,43.4,46.4,49.5,0.34,0.36,0.48
BRAN,2019-11-08 07:50:00 EST,42.59494,-79.02154,717,27.7,27.8,22.1,77.8,21.7,0.000,0.000,0.00,0.000,4.4,6.9,1.2,357,11,4.9,8.1,1.4,2,8,4.9,8.1,1.4,2,8,33,29.50,,0,0,0,43.4,46.4,49.5,0.34,0.36,0.49
BRAN,2019-11-08 07:55:00 EST,42.59494,-79.02154,717,27.8,27.8,21.2,76.5,21.3,0.000,0.000,0.00,0.000,5.4,8.0,1.0,1,16,6.0,9.2,1.2,5,8,6.0,9.2,1.2,5,8,36,29.50,,0,0,0,43.3,46.3,49.5,0.34,0.36,0.49
BRAN,2019-11-08 08:00:00 EST,42.59494,-79.02154,717,27.9,27.9,20.8,76.0,21.3,0.000,0.000,0.00,0.000,5.7,8.8,1.3,1,14,6.7,11.6,1.7,6,7,6.7,11.6,1.7,6,7,39,29.51,,0,0,0,43.3,46.2,49.5,0.33,0.36,0.49
BRAN,2019-11-08 08:05:00 EST,42.59494,-79.02154,717,28.1,28.0,21.3,75.7,21.4,0.000,0.000,0.00,0.000,5.6,9.2,1.2,359,17,6.3,9.6,1.2,3,7,6.3,9.6,1.2,3,7,45,29.51,,0,0,0,43.3,46.1,49.5,0.33,0.36,0.49
BRAN,2019-11-08 08:10:00 EST,42.59494,-79.02154,717,28.3,28.1,21.1,74.9,21.3,0.000,0.000,0.00,0.000,6.4,9.7,1.4,6,11,6.8,10.5,1.7,8,8,6.8,10.5,1.7,8,8,46,29.51,,0,0,0,43.3,46.0,49.5,0.33,0.36,0.48
BRAN,2019-11-08 08:15:00 EST,42.59494,-79.02154,717,28.4,28.3,21.6,73.9,21.2,0.000,0.000,0.00,0.000,5.8,9.8,1.4,357,22,6.5,10.9,1.4,1,10,6.5,10.9,1.4,1,10,50,29.51,,0,0,0,43.3,46.0,49.5,0.33,0.36,0.48
BRAN,2019-11-08 08:20:00 EST,42.59494,-79.02154,717,28.6,28.4,21.4,74.0,21.3,0.000,0.000,0.00,0.000,6.4,10.5,1.3,1,15,6.9,11.6,1.5,4,7,6.9,11.6,1.5,4,7,58,29.51,,0,0,0,43.3,46.0,49.5,0.33,0.36,0.49
BRAN,2019-11-08 08:25:00 EST,42.59494,-79.02154,717,28.7,28.5,22.7,74.0,21.5,0.000,0.000,0.00,0.000,5.0,8.0,1.3,357,16,5.5,9.4,1.4,2,10,5.5,9.4,1.4,2,10,70,29.51,,0,0,0,43.3,46.0,49.5,0.33,0.36,0.48
BRAN,2019-11-08 08:30:00 EST,42.59494,-79.02154,717,28.9,28.6,21.5,72.5,21.1,0.000,0.000,0.00,0.000,6.9,9.4,1.3,2,15,7.4,10.6,1.5,4,9,7.4,10.6,1.5,4,9,89,29.51,,0,0,0,43.3,46.0,49.5,0.33,0.36,0.48
BRAN,2019-11-08 08:35:00 EST,42.59494,-79.02154,717,29.2,28.9,21.5,72.1,21.3,0.000,0.000,0.00,0.000,7.5,11.6,1.4,354,13,7.9,12.4,1.6,359,10,7.9,12.4,1.6,359,10,138,29.52,,0,0,0,43.3,46.0,49.5,0.33,0.36,0.49
BRAN,2019-11-08 08:40:00 EST,42.59494,-79.02154,717,29.3,28.9,22.5,72.2,21.5,0.000,0.000,0.00,0.000,6.2,9.4,1.4,359,17,6.6,9.6,1.3,3,9,6.6,9.6,1.3,3,9,100,29.52,,0,0,0,43.3,46.0,49.5,0.33,0.36,0.48
BRAN,2019-11-08 08:45:00 EST,42.59494,-79.02154,717,29.1,28.8,22.0,72.3,21.3,0.000,0.000,0.00,0.000,6.5,10.9,1.8,8,16,6.9,11.8,1.9,11,10,6.9,11.8,1.9,11,10,124,29.52,,0,0,0,43.2,46.0,49.5,0.33,0.36,0.48
BRAN,2019-11-08 08:50:00 EST,42.59494,-79.02154,717,28.8,28.6,19.8,71.5,20.8,0.000,0.000,0.00,0.000,9.5,13.9,2.0,352,14,10.0,14.9,2.2,358,9,10.0,14.9,2.2,358,9,101,29.52,,0,0,0,43.2,46.0,49.5,0.33,0.36,0.48
BRAN,2019-11-08 08:55:00 EST,42.59494,-79.02154,717,28.6,28.4,21.0,72.4,20.8,0.000,0.000,0.00,0.000,7.0,10.8,1.7,359,18,7.6,12.4,1.9,4,8,7.6,12.4,1.9,4,8,99,29.52,,0,0,0,43.2,46.0,49.5,0.33,0.36,0.48
BRAN,2019-11-08 09:00:00 EST,42.59494,-79.02154,717,28.8,28.6,20.5,71.1,20.6,0.000,0.000,0.00,0.000,8.1,13.2,1.9,5,19,8.6,13.7,1.8,9,9,8.6,13.7,1.8,9,9,154,29.52,,0,0,0,43.2,46.0,49.5,0.33,0.36,0.48
BRAN,2019-11-08 09:05:00 EST,42.59494,-79.02154,717,28.9,28.7,21.8,70.4,20.5,0.000,0.000,0.00,0.000,6.6,10.7,1.6,341,18,7.0,11.5,1.7,346,16,7.0,11.5,1.7,346,16,163,29.52,,0,0,0,43.2,46.0,49.5,0.33,0.36,0.49
BRAN,2019-11-08 09:10:00 EST,42.59494,-79.02154,717,29.4,29.0,20.8,69.3,20.6,0.000,0.000,0.00,0.000,8.8,13.3,2.1,355,11,9.5,14.2,2.2,359,9,9.5,14.2,2.2,359,9,263,29.53,,0,0,0,43.2,46.0,49.5,0.33,0.36,0.49
BRAN,2019-11-08 09:15:00 EST,42.59494,-79.02154,717,29.2,28.7,21.5,69.6,20.5,0.000,0.000,0.00,0.000,7.1,11.0,1.7,1,13,7.7,11.7,1.9,5,10,7.7,11.7,1.9,5,10,120,29.53,,0,0,0,43.2,46.0,49.5,0.33,0.36,0.48
BRAN,2019-11-08 09:20:00 EST,42.59494,-79.02154,717,28.9,28.6,20.8,68.9,20.0,0.000,0.000,0.00,0.000,8.0,11.9,1.5,360,14,8.4,11.9,1.6,3,10,8.4,11.9,1.6,3,10,203,29.53,,0,0,0,43.2,46.0,49.5,0.33,0.36,0.49
BRAN,2019-11-08 09:25:00 EST,42.59494,-79.02154,717,29.2,28.8,21.4,67.4,19.7,0.000,0.000,0.00,0.000,7.3,10.9,1.7,12,16,8.0,12.4,1.8,13,10,8.0,12.4,1.8,13,10,215,29.53,,0,0,0,43.2,46.0,49.5,0.33,0.36,0.48
BRAN,2019-11-08 09:30:00 EST,42.59494,-79.02154,717,28.8,28.5,20.8,66.8,19.2,0.000,0.000,0.00,0.000,7.7,11.4,1.5,7,14,8.3,11.9,1.6,9,11,8.3,11.9,1.6,9,11,153,29.53,,0,0,0,43.2,46.0,49.5,0.33,0.36,0.48
BRAN,2019-11-08 09:35:00 EST,42.59494,-79.02154,717,28.8,28.5,21.1,68.5,19.7,0.000,0.000,0.00,0.000,7.1,12.0,1.6,352,15,7.7,13.0,1.8,357,7,7.7,13.0,1.8,357,7,150,29.53,,0,0,0,43.2,46.0,49.5,0.33,0.36,0.49
BRAN,2019-11-08 09:40:00 EST,42.59494,-79.02154,717,29.0,28.6,22.0,69.8,20.4,0.000,0.000,0.00,0.000,6.5,9.8,1.5,359,14,6.9,9.6,1.5,3,12,6.9,9.6,1.5,3,12,192,29.53,,0,0,0,43.2,45.9,49.5,0.33,0.36,0.49
BRAN,2019-11-08 09:45:00 EST,42.59494,-79.02154,717,29.3,28.8,21.0,68.5,20.3,0.000,0.000,0.00,0.000,8.5,12.6,1.9,358,13,9.1,13.2,2.2,1,10,9.1,13.2,2.2,1,10,229,29.54,,0,0,0,43.2,45.9,49.5,0.33,0.36,0.49
BRAN,2019-11-08 09:50:00 EST,42.59494,-79.02154,717,28.7,28.3,20.0,68.2,19.6,0.000,0.000,0.00,0.000,8.7,12.6,1.5,360,9,9.4,14.5,1.6,4,6,9.4,14.5,1.6,4,6,114,29.54,,0,0,0,43.2,45.9,49.5,0.33,0.36,0.49
BRAN,2019-11-08 09:55:00 EST,42.59494,-79.02154,717,28.5,28.3,22.2,68.9,19.6,0.000,0.000,0.00,0.000,5.6,8.4,1.3,13,20,5.9,9.1,1.4,16,12,5.9,9.1,1.4,16,12,131,29.54,,0,0,0,43.2,45.9,49.5,0.33,0.36,0.49
BRAN,2019-11-08 10:00:00 EST,42.59494,-79.02154,717,29.3,28.8,22.8,68.2,20.1,0.000,0.000,0.00,0.000,5.6,9.1,1.3,354,16,6.2,10.8,1.5,359,13,6.2,10.8,1.5,359,13,422,29.54,,0,0,0,43.0,45.9,49.5,0.33,0.36,0.49
BRAN,2019-11-08 10:05:00 EST,42.59494,-79.02154,717,29.5,28.8,21.2,67.4,20.0,0.000,0.000,0.00,0.000,8.3,11.6,1.6,360,9,8.9,12.2,1.7,3,7,8.9,12.2,1.7,3,7,209,29.54,,0,0,0,43.0,45.9,49.5,0.33,0.36,0.49
BRAN,2019-11-08 10:10:00 EST,42.59494,-79.02154,717,28.9,28.5,20.2,66.7,19.2,0.000,0.000,0.00,0.000,9.0,12.8,1.8,356,12,9.3,13.6,1.8,0,10,9.3,13.6,1.8,0,10,95,29.54,,0,0,0,43.0,45.9,49.5,0.33,0.36,0.49
BRAN,2019-11-08 10:15:00 EST,42.59494,-79.02154,717,28.5,28.2,20.7,68.4,19.4,0.000,0.000,0.00,0.000,7.5,9.7,1.2,1,16,7.8,10.9,1.4,5,8,7.8,10.9,1.4,5,8,95,29.54,,0,0,0,43.0,45.9,49.5,0.33,0.36,0.48
BRAN,2019-11-08 10:20:00 EST,42.59494,-79.02154,717,28.9,28.5,21.8,67.8,19.6,0.000,0.000,0.00,0.000,6.6,10.8,1.9,8,18,7.0,11.8,2.1,11,11,7.0,11.8,2.1,11,11,339,29.54,,0,0,0,43.0,45.9,49.5,0.33,0.36,0.49
BRAN,2019-11-08 10:25:00 EST,42.59494,-79.02154,717,29.5,28.8,22.9,64.9,19.2,0.000,0.000,0.00,0.000,6.2,10.6,1.8,11,11,6.5,10.8,1.9,14,12,6.5,10.8,1.9,14,12,505,29.54,,0,0,0,43.0,45.9,49.4,0.33,0.36,0.49
BRAN,2019-11-08 10:30:00 EST,42.59494,-79.02154,717,30.3,29.4,25.1,64.4,19.7,0.000,0.000,0.00,0.000,4.4,10.6,1.7,0,20,5.0,11.5,2.0,4,19,5.0,11.5,2.0,4,19,560,29.54,,0,0,0,43.0,45.9,49.5,0.33,0.36,0.49
BRAN,2019-11-08 10:35:00 EST,42.59494,-79.02154,717,30.6,29.6,22.5,64.4,20.0,0.000,0.000,0.00,0.000,8.5,12.6,2.3,352,14,9.1,13.1,2.1,355,12,9.1,13.1,2.1,355,12,302,29.54,,0,0,0,43.0,45.9,49.5,0.33,0.36,0.48
BRAN,2019-11-08 10:40:00 EST,42.59494,-79.02154,717,29.1,28.5,21.2,63.8,18.4,0.000,0.000,0.00,0.000,7.8,11.8,1.6,357,11,8.2,13.1,1.7,0,8,8.2,13.1,1.7,0,8,274,29.55,,0,0,0,43.0,45.9,49.3,0.33,0.36,0.49
BRAN,2019-11-08 10:45:00 EST,42.59494,-79.02154,717,29.9,29.1,23.9,62.5,18.7,0.000,0.000,0.00,0.000,5.5,7.7,1.0,357,19,5.9,8.9,1.1,2,14,5.9,8.9,1.1,2,14,556,29.55,,0,0,0,43.0,45.9,49.4,0.33,0.36,0.48
BRAN,2019-11-08 10:50:00 EST,42.59494,-79.02154,717,29.8,29.2,23.6,60.1,17.6,0.000,0.000,0.00,0.000,5.6,8.5,1.4,14,19,6.0,8.6,1.4,17,19,6.0,8.6,1.4,17,19,293,29.55,,0,0,0,43.0,45.9,49.4,0.33,0.36,0.49
BRAN,2019-11-08 10:55:00 EST,42.59494,-79.02154,717,29.8,29.2,23.6,63.3,18.8,0.000,0.000,0.00,0.000,5.8,9.1,1.3,324,17,6.0,9.2,1.3,328,16,6.0,9.2,1.3,328,16,169,29.55,,0,0,0,43.0,45.9,49.4,0.33,0.36,0.49
BRAN,2019-11-08 11:00:00 EST,42.59494,-79.02154,717,29.6,29.0,21.5,63.9,18.9,0.000,0.000,0.00,0.000,8.2,12.3,1.7,355,13,8.6,13.0,1.7,359,10,8.6,13.0,1.7,359,10,310,29.55,,0,0,0,43.0,45.9,49.3,0.33,0.36,0.48
BRAN,2019-11-08 11:05:00 EST,42.59494,-79.02154,717,30.3,29.4,23.2,63.6,19.4,0.000,0.000,0.00,0.000,6.9,9.6,1.7,350,15,7.3,10.0,1.8,356,11,7.3,10.0,1.8,356,11,585,29.55,,0,0,0,43.0,45.9,49.3,0.33,0.36,0.49
BRAN,2019-11-08 11:10:00 EST,42.59494,-79.02154,717,30.9,29.9,23.4,62.1,19.4,0.000,0.000,0.00,0.000,7.5,11.1,1.8,4,19,8.1,12.1,1.7,8,14,8.1,12.1,1.7,8,14,479,29.55,,0,0,0,43.0,45.9,49.3,0.33,0.36,0.49
BRAN,2019-11-08 11:15:00 EST,42.59494,-79.02154,717,30.0,29.3,22.5,62.1,18.6,0.000,0.000,0.00,0.000,7.3,12.3,2.2,345,16,7.9,13.0,2.3,348,14,7.9,13.0,2.3,348,14,209,29.55,,0,0,0,43.0,45.9,49.3,0.33,0.36,0.48
BRAN,2019-11-08 11:20:00 EST,42.59494,-79.02154,717,30.0,29.3,23.5,61.5,18.3,0.000,0.000,0.00,0.000,5.9,9.0,1.5,341,21,6.4,10.9,1.5,347,20,6.4,10.9,1.5,347,20,357,29.55,,0,0,0,43.0,45.9,49.3,0.33,0.36,0.49
BRAN,2019-11-08 11:25:00 EST,42.59494,-79.02154,717,29.9,29.2,23.3,58.9,17.2,0.000,0.000,0.00,0.000,6.6,10.4,2.0,312,13,6.6,10.9,1.9,315,14,6.6,10.9,1.9,315,14,454,29.55,,0,0,0,42.9,45.8,49.3,0.33,0.36,0.48
BRAN,2019-11-08 11:30:00 EST,42.59494,-79.02154,717,30.8,29.8,25.2,60.0,18.5,0.000,0.000,0.00,0.000,5.4,8.5,1.5,326,21,5.5,9.4,1.6,330,19,5.5,9.4,1.6,330,19,494,29.55,,0,0,0,42.9,45.8,49.3,0.33,0.36,0.49
BRAN,2019-11-08 11:35:00 EST,42.59494,-79.02154,717,30.2,29.4,22.3,61.9,18.7,0.000,0.000,0.00,0.000,8.0,12.0,2.3,357,17,8.6,12.6,2.2,359,16,8.6,12.6,2.2,359,16,263,29.55,,0,0,0,42.9,45.7,49.3,0.33,0.36,0.48
BRAN,2019-11-08 11:40:00 EST,42.59494,-79.02154,717,30.0,29.1,22.6,62.9,18.9,0.000,0.000,0.00,0.000,7.2,10.4,1.6,2,17,7.7,11.6,1.6,6,8,7.7,11.6,1.6,6,8,341,29.55,,0,0,0,42.8,45.7,49.3,0.33,0.36,0.48
BRAN,2019-11-08 11:45:00 EST,42.59494,-79.02154,717,29.7,29.2,23.2,62.2,18.4,0.000,0.000,0.00,0.000,5.9,10.3,1.7,357,17,6.4,11.9,1.9,1,10,6.4,11.9,1.9,1,10,190,29.54,,0,0,0,42.8,45.7,49.3,0.33,0.36,0.49
BRAN,2019-11-08 11:50:00 EST,42.59494,-79.02154,717,30.0,29.1,23.2,60.4,17.9,0.000,0.000,0.00,0.000,6.5,9.1,1.0,357,18,6.8,9.5,1.1,1,15,6.8,9.5,1.1,1,15,470,29.54,,0,0,0,42.8,45.7,49.3,0.33,0.36,0.49
BRAN,2019-11-08 11:55:00 EST,42.59494,-79.02154,717,30.4,29.6,24.5,61.3,18.6,0.000,0.000,0.00,0.000,5.3,7.7,1.3,354,19,5.7,9.0,1.3,0,15,5.7,9.0,1.3,0,15,334,29.54,,0,0,0,42.8,45.7,49.3,0.33,0.36,0.49
BRAN,2019-11-08 12:00:00 EST,42.59494,-79.02154,717,30.8,30.1,25.4,60.1,18.6,0.000,0.000,0.00,0.000,5.0,11.3,2.4,330,17,5.3,11.5,2.4,334,15,5.3,11.5,2.4,334,15,536,29.54,,0,0,0,42.8,45.7,49.3,0.33,0.36,0.49
BRAN,2019-11-08 12:05:00 EST,42.59494,-79.02154,717,30.3,29.5,22.2,61.1,18.5,0.000,0.000,0.00,0.000,8.6,13.3,1.6,357,15,9.0,12.9,1.7,2,13,9.0,12.9,1.7,2,13,299,29.54,,0,0,0,42.8,45.7,49.3,0.33,0.36,0.49
BRAN,2019-11-08 12:10:00 EST,42.59494,-79.02154,717,30.4,29.5,22.5,61.7,18.8,0.000,0.000,0.00,0.000,8.3,12.1,1.6,360,17,8.7,12.9,1.7,3,14,8.7,12.9,1.7,3,14,429,29.54,,0,0,0,42.8,45.7,49.3,0.33,0.36,0.49
BRAN,2019-11-08 12:15:00 EST,42.59494,-79.02154,717,30.2,29.3,22.3,57.0,16.8,0.000,0.000,0.00,0.000,8.2,12.4,2.0,358,14,8.6,12.4,2.0,1,10,8.6,12.4,2.0,1,10,502,29.53,,0,0,0,42.8,45.7,49.3,0.33,0.36,0.49
BRAN,2019-11-08 12:20:00 EST,42.59494,-79.02154,717,30.9,29.7,23.9,56.4,17.2,0.000,0.000,0.00,0.000,7.1,9.6,1.3,345,15,7.4,10.2,1.4,349,14,7.4,10.2,1.4,349,14,581,29.53,,0,0,0,42.8,45.7,49.3,0.33,0.36,0.48
BRAN,2019-11-08 12:25:00 EST,42.59494,-79.02154,717,31.2,30.0,23.1,58.1,18.2,0.000,0.000,0.00,0.000,8.8,14.4,1.9,9,17,9.4,15.6,2.1,12,15,9.4,15.6,2.1,12,15,512,29.53,,0,0,0,42.8,45.7,49.3,0.33,0.36,0.49
BRAN,2019-11-08 12:30:00 EST,42.59494,-79.02154,717,30.5,29.7,22.7,57.7,17.4,0.000,0.000,0.00,0.000,7.8,13.2,2.0,8,15,8.6,14.4,2.1,11,13,8.6,14.4,2.1,11,13,265,29.53,,0,0,0,42.8,45.7,49.3,0.33,0.36,0.49
BRAN,2019-11-08 12:35:00 EST,42.59494,-79.02154,717,29.9,29.2,21.6,58.0,16.9,0.000,0.000,0.00,0.000,8.7,13.4,2.1,346,13,9.1,14.2,2.1,351,10,9.1,14.2,2.1,351,10,236,29.53,,0,0,0,42.8,45.7,49.3,0.32,0.36,0.49
BRAN,2019-11-08 12:40:00 EST,42.59494,-79.02154,717,30.7,29.8,24.7,60.1,18.4,0.000,0.000,0.00,0.000,5.5,10.2,1.9,347,19,5.9,10.2,1.7,352,18,5.9,10.2,1.7,352,18,502,29.53,,0,0,0,42.8,45.7,49.3,0.32,0.36,0.49
BRAN,2019-11-08 12:45:00 EST,42.59494,-79.02154,717,31.4,30.2,26.0,55.9,17.5,0.000,0.000,0.00,0.000,4.9,9.2,2.2,347,25,5.5,10.0,2.0,353,25,5.5,10.0,2.0,353,25,588,29.53,,0,0,0,42.8,45.7,49.3,0.32,0.36,0.49
BRAN,2019-11-08 12:50:00 EST,42.59494,-79.02154,717,31.3,30.2,23.4,56.6,17.6,0.000,0.000,0.00,0.000,8.8,14.0,3.1,334,15,9.0,14.2,3.1,340,12,9.0,14.2,3.1,340,12,293,29.53,,0,0,0,42.8,45.7,49.3,0.32,0.36,0.48
BRAN,2019-11-08 12:55:00 EST,42.59494,-79.02154,717,30.2,29.4,21.4,58.9,17.5,0.000,0.000,0.00,0.000,9.5,13.2,1.8,351,15,10.2,14.1,1.8,357,8,10.2,14.1,1.8,357,8,157,29.53,,0,0,0,42.8,45.7,49.3,0.33,0.36,0.49
BRAN,2019-11-08 13:00:00 EST,42.59494,-79.02154,717,30.3,29.4,22.6,58.7,17.6,0.000,0.000,0.00,0.000,8.0,11.5,1.8,347,12,8.4,12.1,1.9,352,11,8.4,12.1,1.9,352,11,493,29.53,,0,0,0,42.8,45.7,49.3,0.32,0.36,0.49
BRAN,2019-11-08 13:05:00 EST,42.59494,-79.02154,717,30.7,29.6,25.1,57.2,17.3,0.000,0.000,0.00,0.000,5.1,9.9,2.1,5,21,5.5,10.3,2.1,6,20,5.5,10.3,2.1,6,20,337,29.53,,0,0,0,42.8,45.7,49.3,0.32,0.36,0.49
BRAN,2019-11-08 13:10:00 EST,42.59494,-79.02154,717,30.7,29.9,23.9,58.0,17.6,0.000,0.000,0.00,0.000,6.9,9.9,1.2,335,21,7.0,11.1,1.3,339,20,7.0,11.1,1.3,339,20,219,29.53,,0,0,0,42.8,45.7,49.3,0.32,0.36,0.49
BRAN,2019-11-08 13:15:00 EST,42.59494,-79.02154,717,31.2,30.2,24.3,57.7,18.0,0.000,0.000,0.00,0.000,7.0,9.3,1.1,345,17,7.3,10.3,1.3,349,15,7.3,10.3,1.3,349,15,589,29.53,,0,0,0,42.8,45.7,49.3,0.33,0.36,0.48
BRAN,2019-11-08 13:20:00 EST,42.59494,-79.02154,717,31.7,30.5,25.4,58.5,18.8,0.000,0.000,0.00,0.000,6.2,8.8,1.5,9,21,6.7,9.7,1.5,13,20,6.7,9.7,1.5,13,20,592,29.53,,0,0,0,42.8,45.7,49.3,0.33,0.36,0.48
BRAN,2019-11-08 13:25:00 EST,42.59494,-79.02154,717,31.3,30.5,25.6,56.2,17.5,0.000,0.000,0.00,0.000,5.6,9.0,1.4,15,16,5.8,10.1,1.6,18,15,5.8,10.1,1.6,18,15,514,29.53,,0,0,0,42.8,45.7,49.3,0.33,0.36,0.49
BRAN,2019-11-08 13:30:00 EST,42.59494,-79.02154,717,31.8,30.7,24.8,58.1,18.7,0.000,0.000,0.00,0.000,7.0,11.1,1.9,14,15,7.6,12.1,1.8,15,12,7.6,12.1,1.8,15,12,566,29.53,,0,0,0,42.8,45.6,49.3,0.33,0.36,0.48
BRAN,2019-11-08 13:35:00 EST,42.59494,-79.02154,717,31.6,30.5,25.3,57.8,18.4,0.000,0.000,0.00,0.000,6.2,10.7,1.7,18,15,6.6,11.5,1.8,22,14,6.6,11.5,1.8,22,14,492,29.53,,0,0,0,42.8,45.6,49.3,0.33,0.36,0.49
BRAN,2019-11-08 13:40:00 EST,42.59494,-79.02154,717,31.0,30.2,23.7,57.8,17.9,0.000,0.000,0.00,0.000,7.6,11.6,2.2,20,21,7.9,13.6,2.3,21,18,7.9,13.6,2.3,21,18,378,29.53,,0,0,0,42.8,45.5,49.3,0.33,0.36,0.48
BRAN,2019-11-08 13:45:00 EST,42.59494,-79.02154,717,31.3,30.2,23.9,56.9,17.8,0.000,0.000,0.00,0.000,7.5,10.9,1.6,7,19,8.2,12.0,1.6,11,12,8.2,12.0,1.6,11,12,541,29.53,,0,0,0,42.8,45.5,49.3,0.33,0.36,0.49
BRAN,2019-11-08 13:50:00 EST,42.59494,-79.02154,717,31.7,30.5,25.4,56.8,18.1,0.000,0.000,0.00,0.000,6.1,9.5,1.4,10,21,6.6,10.0,1.3,12,20,6.6,10.0,1.3,12,20,549,29.53,,0,0,0,42.8,45.5,49.3,0.33,0.36,0.49
BRAN,2019-11-08 13:55:00 EST,42.59494,-79.02154,717,31.5,30.5,24.3,56.6,17.8,0.000,0.000,0.00,0.000,7.4,11.2,1.8,14,21,7.9,13.6,1.9,16,16,7.9,13.6,1.9,16,16,271,29.53,,0,0,0,42.8,45.5,49.3,0.33,0.36,0.48
BRAN,2019-11-08 14:00:00 EST,42.59494,-79.02154,717,30.6,29.9,23.4,59.3,18.1,0.000,0.000,0.00,0.000,7.2,11.3,1.6,360,15,7.6,11.7,1.7,3,13,7.6,11.7,1.7,3,13,142,29.53,,0,0,0,42.8,45.5,49.3,0.33,0.36,0.49
BRAN,2019-11-08 14:05:00 EST,42.59494,-79.02154,717,30.5,29.9,23.6,60.9,18.6,0.000,0.000,0.00,0.000,6.6,9.1,1.3,347,17,7.1,9.7,1.3,351,10,7.1,9.7,1.3,351,10,121,29.53,,0,0,0,42.8,45.5,49.3,0.33,0.36,0.49
BRAN,2019-11-08 14:10:00 EST,42.59494,-79.02154,717,30.3,29.7,22.3,59.8,18.0,0.000,0.000,0.00,0.000,8.4,12.0,1.6,349,12,8.8,12.3,1.5,354,9,8.8,12.3,1.5,354,9,182,29.53,,0,0,0,42.8,45.5,49.3,0.33,0.36,0.48
BRAN,2019-11-08 14:15:00 EST,42.59494,-79.02154,717,30.1,29.5,23.8,60.5,18.0,0.000,0.000,0.00,0.000,5.7,8.7,1.2,344,13,6.1,9.7,1.3,349,9,6.1,9.7,1.3,349,9,106,29.53,,0,0,0,42.8,45.5,49.3,0.33,0.36,0.49
BRAN,2019-11-08 14:20:00 EST,42.59494,-79.02154,717,29.9,29.4,23.9,61.5,18.3,0.000,0.000,0.00,0.000,5.2,7.7,1.1,350,20,5.9,8.0,1.2,353,18,5.9,8.0,1.2,353,18,101,29.53,,0,0,0,42.8,45.5,49.3,0.33,0.36,0.49
BRAN,2019-11-08 14:25:00 EST,42.59494,-79.02154,717,29.9,29.5,24.6,59.3,17.4,0.000,0.000,0.00,0.000,4.5,7.8,1.4,327,23,5.0,8.0,1.4,333,21,5.0,8.0,1.4,333,21,98,29.53,,0,0,0,42.8,45.5,49.3,0.33,0.36,0.48
BRAN,2019-11-08 14:30:00 EST,42.59494,-79.02154,717,30.0,29.6,23.6,60.1,17.8,0.000,0.000,0.00,0.000,5.8,9.1,1.4,350,18,6.3,9.5,1.4,355,12,6.3,9.5,1.4,355,12,121,29.53,,0,0,0,42.7,45.5,49.3,0.33,0.36,0.48
BRAN,2019-11-08 14:35:00 EST,42.59494,-79.02154,717,29.9,29.5,24.1,61.0,18.1,0.000,0.000,0.00,0.000,5.3,7.7,1.1,339,20,5.6,8.8,1.3,344,18,5.6,8.8,1.3,344,18,95,29.53,,0,0,0,42.7,45.5,49.3,0.33,0.36,0.48
BRAN,2019-11-08 14:40:00 EST,42.59494,-79.02154,717,30.0,29.6,24.4,58.6,17.3,0.000,0.000,0.00,0.000,5.3,8.9,1.9,321,14,5.4,9.5,1.7,325,14,5.4,9.5,1.7,325,14,86,29.53,,0,0,0,42.6,45.5,49.3,0.33,0.36,0.48
BRAN,2019-11-08 14:45:00 EST,42.59494,-79.02154,717,29.8,29.5,22.7,56.6,16.2,0.000,0.000,0.00,0.000,7.2,10.2,1.6,318,11,7.2,9.6,1.5,322,11,7.2,9.6,1.5,322,11,70,29.53,,0,0,0,42.7,45.5,49.2,0.33,0.36,0.48
BRAN,2019-11-08 14:50:00 EST,42.59494,-79.02154,717,29.7,29.4,23.4,58.6,16.9,0.000,0.000,0.00,0.000,6.0,8.3,1.1,318,10,6.1,8.4,1.0,323,11,6.1,8.4,1.0,323,11,73,29.53,,0,0,0,42.6,45.5,49.3,0.33,0.36,0.49
BRAN,2019-11-08 14:55:00 EST,42.59494,-79.02154,717,29.8,29.5,25.8,58.1,16.9,0.000,0.000,0.00,0.000,3.7,5.6,1.1,309,16,3.7,6.4,1.1,311,15,3.7,6.4,1.1,311,15,153,29.53,,0,0,0,42.6,45.5,49.3,0.33,0.36,0.49
BRAN,2019-11-08 15:00:00 EST,42.59494,-79.02154,717,30.8,30.1,25.9,58.2,17.8,0.000,0.000,0.00,0.000,4.6,9.0,1.6,289,15,4.7,9.2,1.6,293,12,4.7,9.2,1.6,293,12,263,29.53,,0,0,0,42.6,45.5,49.3,0.33,0.36,0.48
BRAN,2019-11-08 15:05:00 EST,42.59494,-79.02154,717,31.0,30.3,26.5,54.4,16.5,0.000,0.000,0.00,0.000,4.3,7.1,1.5,295,16,4.4,7.0,1.5,299,15,4.4,7.0,1.5,299,15,209,29.53,,0,0,0,42.6,45.5,49.2,0.33,0.36,0.48
BRAN,2019-11-08 15:10:00 EST,42.59494,-79.02154,717,30.2,29.8,24.3,55.6,16.2,0.000,0.000,0.00,0.000,5.6,9.0,1.8,320,17,5.8,9.3,1.9,325,17,5.8,9.3,1.9,325,17,103,29.53,,0,0,0,42.6,45.5,49.3,0.33,0.36,0.48
BRAN,2019-11-08 15:15:00 EST,42.59494,-79.02154,717,30.7,30.0,24.7,57.3,17.3,0.000,0.000,0.00,0.000,5.6,8.1,1.0,339,10,5.9,8.4,1.0,344,9,5.9,8.4,1.0,344,9,277,29.53,,0,0,0,42.6,45.5,49.2,0.33,0.36,0.48
BRAN,2019-11-08 15:20:00 EST,42.59494,-79.02154,717,31.0,30.4,27.4,55.1,16.7,0.000,0.000,0.00,0.000,3.3,5.7,0.8,349,16,3.6,6.6,1.0,353,16,3.6,6.6,1.0,353,16,290,29.53,,0,0,0,42.6,45.5,49.1,0.33,0.36,0.49
BRAN,2019-11-08 15:25:00 EST,42.59494,-79.02154,717,31.5,30.7,24.6,57.1,18.0,0.000,0.000,0.00,0.000,6.9,11.1,2.7,1,21,7.3,11.7,2.7,5,21,7.3,11.7,2.7,5,21,276,29.53,,0,0,0,42.6,45.5,49.1,0.33,0.36,0.48
BRAN,2019-11-08 15:30:00 EST,42.59494,-79.02154,717,31.1,30.3,25.8,56.9,17.6,0.000,0.000,0.00,0.000,4.9,7.2,1.0,7,14,5.3,8.2,1.0,8,10,5.3,8.2,1.0,8,10,265,29.53,,0,0,0,42.6,45.5,49.1,0.33,0.36,0.49
BRAN,2019-11-08 15:35:00 EST,42.59494,-79.02154,717,31.2,30.6,27.1,58.2,18.2,0.000,0.000,0.00,0.000,3.6,6.4,1.4,337,20,4.0,6.7,1.5,342,19,4.0,6.7,1.5,342,19,104,29.53,,0,0,0,42.6,45.5,49.1,0.33,0.36,0.48
BRAN,2019-11-08 15:40:00 EST,42.59494,-79.02154,717,30.5,30.1,26.9,57.7,17.4,0.000,0.000,0.00,0.000,3.4,7.7,1.4,321,18,3.5,7.1,1.3,325,18,3.5,7.1,1.3,325,18,95,29.53,,0,0,0,42.6,45.5,49.1,0.33,0.36,0.48
BRAN,2019-11-08 15:45:00 EST,42.59494,-79.02154,717,30.6,30.3,30.6,58.6,17.9,0.000,0.000,0.00,0.000,2.0,3.7,0.9,308,27,2.2,4.5,1.0,308,29,2.2,4.5,1.0,308,29,111,29.53,,0,0,0,42.6,45.5,49.1,0.33,0.36,0.48
BRAN,2019-11-08 15:50:00 EST,42.59494,-79.02154,717,30.7,30.3,30.7,58.7,17.9,0.000,0.000,0.00,0.000,1.9,6.1,1.6,299,31,2.3,6.6,1.5,302,38,2.3,6.6,1.5,302,38,85,29.53,,0,0,0,42.6,45.5,49.1,0.33,0.36,0.48
BRAN,2019-11-08 15:55:00 EST,42.59494,-79.02154,717,30.7,30.3,30.7,57.9,17.6,0.000,0.000,0.00,0.000,2.0,3.9,0.6,281,26,2.2,3.9,0.6,287,26,2.2,3.9,0.6,287,26,118,29.53,,0,0,0,42.6,45.5,49.1,0.33,0.36,0.49
BRAN,2019-11-08 16:00:00 EST,42.59494,-79.02154,717,31.1,30.6,27.7,57.5,17.9,0.000,0.000,0.00,0.000,3.4,5.3,0.8,274,18,3.5,5.5,0.9,278,18,3.5,5.5,0.9,278,18,125,29.53,,0,0,0,42.6,45.5,49.1,0.33,0.36,0.48
BRAN,2019-11-08 16:05:00 EST,42.59494,-79.02154,717,31.0,30.5,27.7,58.4,18.1,0.000,0.000,0.00,0.000,3.2,5.3,0.9,303,21,3.3,5.9,1.1,306,20,3.3,5.9,1.1,306,20,100,29.53,,0,0,0,42.6,45.5,49.1,0.33,0.36,0.48
BRAN,2019-11-08 16:10:00 EST,42.59494,-79.02154,717,30.6,30.2,30.6,57.4,17.3,0.000,0.000,0.00,0.000,3.1,4.3,0.6,313,14,2.9,3.9,0.6,317,12,2.9,3.9,0.6,317,12,71,29.53,,0,0,0,42.6,45.5,49.1,0.33,0.36,0.48
BRAN,2019-11-08 16:15:00 EST,42.59494,-79.02154,717,30.4,30.1,26.5,58.4,17.5,0.000,0.000,0.00,0.000,3.7,7.5,1.6,286,15,3.7,7.4,1.7,289,15,3.7,7.4,1.7,289,15,46,29.53,,0,0,0,42.6,45.5,49.1,0.33,0.36,0.48
BRAN,2019-11-08 16:20:00 EST,42.59494,-79.02154,717,30.1,30.0,26.3,58.4,17.3,0.000,0.000,0.00,0.000,3.5,5.3,0.9,279,17,3.6,5.9,0.8,284,16,3.6,5.9,0.8,284,16,34,29.53,,0,0,0,42.6,45.5,49.1,0.33,0.36,0.48
BRAN,2019-11-08 16:25:00 EST,42.59494,-79.02154,717,29.9,29.9,26.8,58.5,17.2,0.000,0.000,0.00,0.000,3.1,3.9,0.5,291,11,3.1,4.4,0.6,296,10,3.1,4.4,0.6,296,10,25,29.53,,0,0,0,42.6,45.5,49.1,0.33,0.36,0.49
BRAN,2019-11-08 16:30:00 EST,42.59494,-79.02154,717,29.8,29.8,29.8,60.2,17.7,0.000,0.000,0.00,0.000,1.7,2.6,0.5,284,14,1.8,3.0,0.5,288,16,1.8,3.0,0.5,288,16,20,29.53,,0,0,0,42.6,45.5,49.1,0.33,0.36,0.49
BRAN,2019-11-08 16:35:00 EST,42.59494,-79.02154,717,29.6,29.7,29.6,60.9,17.7,0.000,0.000,0.00,0.000,1.5,2.6,0.5,265,13,1.7,2.9,0.5,269,14,1.7,2.9,0.5,269,14,16,29.53,,0,0,0,42.6,45.5,49.1,0.33,0.36,0.48
BRAN,2019-11-08 16:40:00 EST,42.59494,-79.02154,717,29.6,29.8,29.6,60.1,17.5,0.000,0.000,0.00,0.000,2.2,3.0,0.4,255,25,2.2,3.2,0.4,262,27,2.2,3.2,0.4,262,27,13,29.53,,0,0,0,42.6,45.4,49.1,0.33,0.36,0.49
BRAN,2019-11-08 16:45:00 EST,42.59494,-79.02154,717,29.7,29.9,29.7,59.8,17.4,0.000,0.000,0.00,0.000,1.2,2.4,0.4,252,27,1.3,2.1,0.3,253,28,1.3,2.1,0.3,253,28,11,29.53,,0,0,0,42.6,45.4,49.1,0.33,0.36,0.48
BRAN,2019-11-08 16:50:00 EST,42.59494,-79.02154,717,29.1,29.8,29.1,67.3,19.6,0.000,0.000,0.00,0.000,1.8,2.0,0.1,202,7,1.8,2.2,0.2,208,7,1.8,2.2,0.2,208,7,9,29.53,,0,0,0,42.6,45.4,49.1,0.33,0.36,0.49
BRAN,2019-11-08 16:55:00 EST,42.59494,-79.02154,717,29.2,29.8,29.2,67.4,19.7,0.000,0.000,0.00,0.000,1.3,1.8,0.3,194,8,1.6,2.0,0.2,199,10,1.6,2.0,0.2,199,10,7,29.53,,0,0,0,42.6,45.3,49.1,0.33,0.36,0.48
BRAN,2019-11-08 17:00:00 EST,42.59494,-79.02154,717,29.4,29.9,29.4,67.8,20.1,0.000,0.000,0.00,0.000,0.1,1.1,0.3,192,0,0.2,1.4,0.4,214,19,0.2,1.4,0.4,214,19,5,29.54,,0,0,0,42.6,45.3,49.1,0.33,0.36,0.49
BRAN,2019-11-08 17:05:00 EST,42.59494,-79.02154,717,29.3,29.8,29.3,71.0,21.1,0.000,0.000,0.00,0.000,0.0,0.0,0.0,0,0,0.0,0.0,0.0,0,0,0.0,0.0,0.0,0,0,3,29.54,,0,0,0,42.6,45.3,49.1,0.33,0.36,0.48
BRAN,2019-11-08 17:10:00 EST,42.59494,-79.02154,717,28.8,29.5,28.8,75.0,21.9,0.000,0.000,0.00,0.000,0.0,0.0,0.0,0,0,0.5,0.9,0.4,90,10,0.5,0.9,0.4,90,10,2,29.54,,0,0,0,42.6,45.3,49.1,0.33,0.36,0.48
BRAN,2019-11-08 17:15:00 EST,42.59494,-79.02154,717,28.3,29.4,28.3,78.4,22.4,0.000,0.000,0.00,0.000,0.0,0.0,0.0,0,0,0.5,1.0,0.4,122,8,0.5,1.0,0.4,122,8,1,29.53,,0,0,0,42.6,45.3,49.1,0.33,0.36,0.48
BRAN,2019-11-08 17:20:00 EST,42.59494,-79.02154,717,27.6,29.2,27.6,79.9,22.2,0.000,0.000,0.00,0.000,0.6,1.2,0.5,126,4,1.0,1.3,0.2,126,12,1.0,1.3,0.2,126,12,0,29.53,,0,0,0,42.6,45.3,49.1,0.33,0.36,0.48
BRAN,2019-11-08 17:25:00 EST,42.59494,-79.02154,717,27.6,28.7,27.6,79.5,22.1,0.000,0.000,0.00,0.000,0.4,1.2,0.5,128,0,0.6,1.3,0.5,131,6,0.6,1.3,0.5,131,6,0,29.53,,0,0,0,42.6,45.3,49.1,0.33,0.36,0.48
BRAN,2019-11-08 17:30:00 EST,42.59494,-79.02154,717,27.6,28.8,27.6,78.3,21.7,0.000,0.000,0.00,0.000,1.9,2.6,0.2,140,6,1.9,2.4,0.3,140,5,1.9,2.4,0.3,140,5,0,29.53,,0,0,0,42.6,45.3,49.1,0.33,0.36,0.48
BRAN,2019-11-08 17:35:00 EST,42.59494,-79.02154,717,27.7,28.9,27.7,77.8,21.7,0.000,0.000,0.00,0.000,2.5,3.5,0.4,142,7,2.3,3.1,0.4,142,7,2.3,3.1,0.4,142,7,0,29.53,,0,0,0,42.6,45.3,49.1,0.33,0.36,0.48
BRAN,2019-11-08 17:40:00 EST,42.59494,-79.02154,717,27.8,28.9,27.8,76.5,21.3,0.000,0.000,0.00,0.000,2.2,3.3,0.4,141,8,2.2,3.1,0.4,140,8,2.2,3.1,0.4,140,8,0,29.54,,0,0,0,42.6,45.3,49.1,0.33,0.36,0.48
BRAN,2019-11-08 17:45:00 EST,42.59494,-79.02154,717,27.8,28.9,27.8,75.8,21.2,0.000,0.000,0.00,0.000,2.3,3.7,0.6,142,11,2.2,3.6,0.6,142,11,2.2,3.6,0.6,142,11,0,29.54,,0,0,0,42.6,45.3,49.1,0.33,0.36,0.48
BRAN,2019-11-08 17:50:00 EST,42.59494,-79.02154,717,27.8,28.9,27.8,75.3,21.0,0.000,0.000,0.00,0.000,2.7,3.7,0.4,138,13,2.7,3.8,0.5,139,13,2.7,3.8,0.5,139,13,0,29.54,,0,0,0,42.6,45.3,49.1,0.33,0.36,0.48
BRAN,2019-11-08 17:55:00 EST,42.59494,-79.02154,717,27.7,28.9,27.7,74.5,20.7,0.000,0.000,0.00,0.000,2.5,4.1,0.5,138,12,2.5,4.7,0.6,139,9,2.5,4.7,0.6,139,9,0,29.54,,0,0,0,42.6,45.3,49.1,0.33,0.36,0.48
BRAN,2019-11-08 18:00:00 EST,42.59494,-79.02154,717,28.0,28.9,28.0,73.0,20.4,0.000,0.000,0.00,0.000,2.7,4.4,0.6,139,14,2.6,4.1,0.5,140,12,2.6,4.1,0.5,140,12,0,29.54,,0,0,0,42.6,45.3,49.1,0.33,0.36,0.48
BRAN,2019-11-08 18:05:00 EST,42.59494,-79.02154,717,28.0,28.9,28.0,73.6,20.7,0.000,0.000,0.00,0.000,2.7,3.8,0.5,146,9,2.8,3.8,0.4,145,9,2.8,3.8,0.4,145,9,0,29.54,,0,0,0,42.6,45.3,49.1,0.33,0.36,0.48
BRAN,2019-11-08 18:10:00 EST,42.59494,-79.02154,717,27.9,28.7,27.9,74.6,20.9,0.000,0.000,0.00,0.000,2.1,3.5,0.4,149,9,2.2,3.2,0.4,149,10,2.2,3.2,0.4,149,10,0,29.54,,0,0,0,42.6,45.3,49.1,0.33,0.36,0.48
BRAN,2019-11-08 18:15:00 EST,42.59494,-79.02154,717,27.9,28.8,27.9,74.3,20.8,0.000,0.000,0.00,0.000,2.5,3.9,0.6,143,10,2.5,4.4,0.6,143,9,2.5,4.4,0.6,143,9,0,29.54,,0,0,0,42.6,45.3,49.1,0.33,0.36,0.49
BRAN,2019-11-08 18:20:00 EST,42.59494,-79.02154,717,28.0,28.7,28.0,74.0,20.8,0.000,0.000,0.00,0.000,2.9,4.2,0.5,131,11,2.7,4.1,0.6,131,8,2.7,4.1,0.6,131,8,0,29.54,,0,0,0,42.6,45.3,49.1,0.33,0.36,0.49
BRAN,2019-11-08 18:25:00 EST,42.59494,-79.02154,717,28.1,28.7,28.1,71.7,20.2,0.000,0.000,0.00,0.000,2.6,4.2,0.6,139,15,2.6,4.3,0.6,141,13,2.6,4.3,0.6,141,13,0,29.54,,0,0,0,42.6,45.3,49.1,0.33,0.36,0.48
BRAN,2019-11-08 18:30:00 EST,42.59494,-79.02154,717,28.2,28.7,28.2,72.4,20.5,0.000,0.000,0.00,0.000,2.4,4.0,0.7,147,14,2.5,5.0,0.7,147,13,2.5,5.0,0.7,147,13,0,29.54,,0,0,0,42.5,45.3,49.1,0.33,0.36,0.48
BRAN,2019-11-08 18:35:00 EST,42.59494,-79.02154,717,28.3,28.7,28.3,72.8,20.7,0.000,0.000,0.00,0.000,2.8,4.7,0.7,138,13,2.7,5.4,0.8,140,13,2.7,5.4,0.8,140,13,0,29.54,,0,0,0,42.4,45.3,49.1,0.33,0.36,0.48
BRAN,2019-11-08 18:40:00 EST,42.59494,-79.02154,717,28.3,28.7,28.3,73.1,20.8,0.000,0.000,0.00,0.000,3.0,4.7,0.7,141,14,3.0,5.1,0.8,142,12,3.0,5.1,0.8,142,12,0,29.54,,0,0,0,42.5,45.3,49.1,0.33,0.36,0.48
BRAN,2019-11-08 18:45:00 EST,42.59494,-79.02154,717,28.5,28.8,23.8,70.8,20.3,0.000,0.000,0.00,0.000,4.2,6.6,1.1,146,10,4.2,6.5,1.0,145,9,4.2,6.5,1.0,145,9,0,29.54,,0,0,0,42.4,45.3,49.1,0.33,0.36,0.48
BRAN,2019-11-08 18:50:00 EST,42.59494,-79.02154,717,28.6,28.8,24.1,69.3,19.8,0.000,0.000,0.00,0.000,4.1,6.3,1.0,137,14,4.1,7.0,1.1,138,12,4.1,7.0,1.1,138,12,0,29.54,,0,0,0,42.4,45.3,49.1,0.33,0.36,0.49
BRAN,2019-11-08 18:55:00 EST,42.59494,-79.02154,717,28.6,28.7,24.2,68.6,19.5,0.000,0.000,0.00,0.000,3.9,5.7,0.9,139,16,3.9,6.2,0.9,139,15,3.9,6.2,0.9,139,15,0,29.54,,0,0,0,42.4,45.3,49.0,0.33,0.36,0.48
BRAN,2019-11-08 19:00:00 EST,42.59494,-79.02154,717,28.5,28.7,24.5,68.5,19.4,0.000,0.000,0.00,0.000,3.6,7.0,1.0,141,13,3.6,6.8,1.0,142,12,3.6,6.8,1.0,142,12,0,29.54,,0,0,0,42.4,45.3,49.0,0.33,0.36,0.48
BRAN,2019-11-08 19:05:00 EST,42.59494,-79.02154,717,28.5,28.7,24.7,69.0,19.6,0.000,0.000,0.00,0.000,3.3,5.2,0.8,139,18,3.4,5.5,0.9,141,16,3.4,5.5,0.9,141,16,0,29.54,,0,0,0,42.4,45.3,49.0,0.33,0.36,0.48
BRAN,2019-11-08 19:10:00 EST,42.59494,-79.02154,717,28.5,28.7,25.0,68.9,19.6,0.000,0.000,0.00,0.000,3.3,5.2,1.0,128,18,3.3,5.2,1.0,130,16,3.3,5.2,1.0,130,16,0,29.54,,0,0,0,42.4,45.3,48.8,0.33,0.36,0.48
BRAN,2019-11-08 19:15:00 EST,42.59494,-79.02154,717,28.4,28.7,28.4,70.0,19.9,0.000,0.000,0.00,0.000,3.1,4.5,0.7,132,19,2.9,4.4,0.8,133,17,2.9,4.4,0.8,133,17,0,29.54,,0,0,0,42.4,45.3,48.9,0.33,0.36,0.48
BRAN,2019-11-08 19:20:00 EST,42.59494,-79.02154,717,28.3,28.6,24.7,71.0,20.1,0.000,0.000,0.00,0.000,3.3,5.7,0.7,140,17,3.3,6.2,0.8,141,15,3.3,6.2,0.8,141,15,0,29.54,,0,0,0,42.4,45.3,48.7,0.33,0.36,0.48
BRAN,2019-11-08 19:25:00 EST,42.59494,-79.02154,717,28.4,28.6,25.1,70.6,20.0,0.000,0.000,0.00,0.000,3.2,5.5,0.7,122,17,3.1,5.4,0.7,125,15,3.1,5.4,0.7,125,15,0,29.54,,0,0,0,42.4,45.3,48.7,0.33,0.36,0.48
BRAN,2019-11-08 19:30:00 EST,42.59494,-79.02154,717,28.3,28.5,28.3,70.6,20.0,0.000,0.000,0.00,0.000,2.6,4.2,0.7,120,13,2.5,4.2,0.7,124,10,2.5,4.2,0.7,124,10,0,29.54,,0,0,0,42.4,45.3,48.7,0.33,0.36,0.48
BRAN,2019-11-08 19:35:00 EST,42.59494,-79.02154,717,28.4,28.4,28.4,69.7,19.8,0.000,0.000,0.00,0.000,2.5,4.3,0.6,119,13,2.5,4.4,0.7,122,12,2.5,4.4,0.7,122,12,0,29.54,,0,0,0,42.4,45.3,48.7,0.33,0.36,0.48
BRAN,2019-11-08 19:40:00 EST,42.59494,-79.02154,717,28.4,28.5,24.4,70.1,19.9,0.000,0.000,0.00,0.000,3.6,5.6,1.0,109,15,3.6,5.7,1.0,112,14,3.6,5.7,1.0,112,14,0,29.54,,0,0,0,42.4,45.3,48.7,0.33,0.36,0.48
BRAN,2019-11-08 19:45:00 EST,42.59494,-79.02154,717,28.4,28.5,22.8,70.9,20.1,0.000,0.000,0.00,0.000,4.9,7.5,1.0,99,12,5.0,8.2,1.1,101,11,5.0,8.2,1.1,101,11,0,29.54,,0,0,0,42.4,45.2,48.7,0.33,0.36,0.49
BRAN,2019-11-08 19:50:00 EST,42.59494,-79.02154,717,28.4,28.5,24.1,70.4,20.0,0.000,0.000,0.00,0.000,3.9,5.9,0.9,117,16,3.9,5.8,0.9,117,14,3.9,5.8,0.9,117,14,0,29.54,,0,0,0,42.4,45.2,48.7,0.33,0.36,0.48
BRAN,2019-11-08 19:55:00 EST,42.59494,-79.02154,717,28.4,28.5,24.5,71.1,20.2,0.000,0.000,0.00,0.000,3.6,5.4,0.9,135,15,3.5,5.4,0.8,137,13,3.5,5.4,0.8,137,13,0,29.54,,0,0,0,42.4,45.1,48.7,0.33,0.36,0.48
BRAN,2019-11-08 20:00:00 EST,42.59494,-79.02154,717,28.4,28.5,24.5,70.7,20.1,0.000,0.000,0.00,0.000,3.6,5.8,0.9,124,18,3.5,5.6,0.9,126,18,3.5,5.6,0.9,126,18,0,29.54,,0,0,0,42.4,45.1,48.7,0.33,0.36,0.49
BRAN,2019-11-08 20:05:00 EST,42.59494,-79.02154,717,28.4,28.5,23.6,70.0,19.9,0.000,0.000,0.00,0.000,4.3,6.7,1.4,122,17,4.3,7.4,1.4,123,16,4.3,7.4,1.4,123,16,0,29.54,,0,0,0,42.4,45.1,48.7,0.33,0.36,0.48
BRAN,2019-11-08 20:10:00 EST,42.59494,-79.02154,717,28.4,28.4,24.6,71.0,20.2,0.000,0.000,0.00,0.000,3.3,5.6,1.1,132,27,3.4,5.9,1.1,135,26,3.4,5.9,1.1,135,26,0,29.54,,0,0,0,42.4,45.1,48.7,0.33,0.36,0.48
BRAN,2019-11-08 20:15:00 EST,42.59494,-79.02154,717,28.5,28.5,24.1,70.7,20.2,0.000,0.000,0.00,0.000,3.8,6.5,0.7,141,18,3.9,6.0,0.8,141,18,3.9,6.0,0.8,141,18,0,29.54,,0,0,0,42.4,45.1,48.7,0.33,0.36,0.48
BRAN,2019-11-08 20:20:00 EST,42.59494,-79.02154,717,28.4,28.5,23.3,70.2,20.0,0.000,0.000,0.00,0.000,4.5,6.7,0.9,159,17,4.6,7.5,0.9,161,17,4.6,7.5,0.9,161,17,0,29.54,,0,0,0,42.4,45.1,48.7,0.33,0.36,0.49
BRAN,2019-11-08 20:25:00 EST,42.59494,-79.02154,717,28.4,28.4,22.4,70.5,20.0,0.000,0.000,0.00,0.000,5.3,7.7,1.2,166,15,5.4,7.9,1.1,169,15,5.4,7.9,1.1,169,15,0,29.53,,0,0,0,42.4,45.1,48.7,0.33,0.36,0.49
BRAN,2019-11-08 20:30:00 EST,42.59494,-79.02154,717,28.3,28.3,24.4,70.9,20.1,0.000,0.000,0.00,0.000,3.4,5.6,0.9,155,12,3.5,6.0,1.0,157,12,3.5,6.0,1.0,157,12,0,29.53,,0,0,0,42.4,45.1,48.7,0.33,0.36,0.48
BRAN,2019-11-08 20:35:00 EST,42.59494,-79.02154,717,28.2,28.3,28.2,71.5,20.2,0.000,0.000,0.00,0.000,2.7,3.8,0.5,168,17,2.9,5.4,0.7,170,17,2.9,5.4,0.7,170,17,0,29.53,,0,0,0,42.4,45.1,48.7,0.33,0.36,0.48
BRAN,2019-11-08 20:40:00 EST,42.59494,-79.02154,717,28.2,28.2,24.7,72.1,20.3,0.000,0.000,0.00,0.000,3.1,4.5,0.7,159,19,3.2,5.4,0.8,160,20,3.2,5.4,0.8,160,20,0,29.53,,0,0,0,42.4,45.1,48.7,0.33,0.36,0.48
BRAN,2019-11-08 20:45:00 EST,42.59494,-79.02154,717,28.1,28.1,24.3,73.2,20.6,0.000,0.000,0.00,0.000,3.2,5.1,1.1,169,12,3.4,5.8,1.2,172,12,3.4,5.8,1.2,172,12,0,29.53,,0,0,0,42.4,45.1,48.7,0.33,0.36,0.48
BRAN,2019-11-08 20:50:00 EST,42.59494,-79.02154,717,28.0,28.0,23.3,74.1,20.9,0.000,0.000,0.00,0.000,3.9,6.3,0.8,169,10,4.2,6.3,0.8,171,10,4.2,6.3,0.8,171,10,0,29.54,,0,0,0,42.4,45.1,48.7,0.33,0.36,0.48
BRAN,2019-11-08 20:55:00 EST,42.59494,-79.02154,717,27.9,27.9,22.3,76.0,21.3,0.000,0.000,0.00,0.000,4.9,6.9,1.1,170,11,5.0,7.9,1.2,174,10,5.0,7.9,1.2,174,10,0,29.53,,0,0,0,42.4,45.1,48.7,0.33,0.36,0.48
BRAN,2019-11-08 21:00:00 EST,42.59494,-79.02154,717,27.8,27.7,22.6,78.0,21.9,0.000,0.000,0.00,0.000,4.6,7.5,0.9,168,16,4.6,7.4,1.0,171,15,4.6,7.4,1.0,171,15,0,29.53,,0,0,0,42.4,45.1,48.7,0.33,0.36,0.48
BRAN,2019-11-08 21:05:00 EST,42.59494,-79.02154,717,27.6,27.5,22.5,81.0,22.6,0.000,0.000,0.00,0.000,4.1,7.0,1.2,171,14,4.5,7.4,1.1,172,13,4.5,7.4,1.1,172,13,0,29.53,,0,0,0,42.4,45.1,48.7,0.33,0.36,0.48
BRAN,2019-11-08 21:10:00 EST,42.59494,-79.02154,717,27.4,27.3,22.8,84.0,23.3,0.000,0.000,0.00,0.000,3.8,6.9,1.2,165,15,4.0,6.9,1.2,166,16,4.0,6.9,1.2,166,16,0,29.53,,0,0,0,42.4,45.1,48.7,0.33,0.36,0.48
BRAN,2019-11-08 21:15:00 EST,42.59494,-79.02154,717,27.3,27.1,22.0,86.1,23.7,0.003,0.003,0.00,0.003,4.4,7.3,1.1,164,14,4.6,8.0,1.2,166,16,4.6,8.0,1.2,166,16,0,29.53,,0,0,0,42.4,45.1,48.7,0.33,0.36,0.48
BRAN,2019-11-08 21:20:00 EST,42.59494,-79.02154,717,27.2,27.0,22.6,87.8,24.1,0.001,0.004,0.00,0.004,3.9,5.9,0.8,158,17,4.0,6.6,0.9,160,19,4.0,6.6,0.9,160,19,0,29.53,,0,0,0,42.4,45.1,48.7,0.33,0.36,0.48
BRAN,2019-11-08 21:25:00 EST,42.59494,-79.02154,717,27.1,26.9,20.8,89.2,24.3,0.000,0.004,0.00,0.004,5.3,8.7,1.7,163,11,5.5,9.9,1.8,164,11,5.5,9.9,1.8,164,11,0,29.53,,0,0,0,42.4,45.1,48.7,0.33,0.36,0.48
BRAN,2019-11-08 21:30:00 EST,42.59494,-79.02154,717,27.1,26.9,23.1,90.2,24.6,0.000,0.004,0.00,0.004,3.0,7.1,1.6,164,20,3.5,8.0,1.6,167,18,3.5,8.0,1.6,167,18,0,29.53,,0,0,0,42.4,45.1,48.7,0.33,0.36,0.48
BRAN,2019-11-08 21:35:00 EST,42.59494,-79.02154,717,27.1,26.9,21.9,90.9,24.8,0.002,0.006,0.00,0.006,4.1,6.5,1.0,160,15,4.4,7.0,1.1,161,17,4.4,7.0,1.1,161,17,0,29.53,,0,0,0,42.4,45.1,48.7,0.33,0.36,0.48
BRAN,2019-11-08 21:40:00 EST,42.59494,-79.02154,717,27.1,26.9,22.0,91.3,24.9,0.001,0.007,0.00,0.007,3.9,5.9,1.1,163,16,4.3,6.7,1.1,166,16,4.3,6.7,1.1,166,16,0,29.53,,0,0,0,42.3,45.1,48.7,0.33,0.36,0.49
BRAN,2019-11-08 21:45:00 EST,42.59494,-79.02154,717,27.1,26.9,22.0,91.6,25.0,0.002,0.009,0.00,0.009,4.0,7.4,1.2,165,14,4.3,6.7,1.2,167,14,4.3,6.7,1.2,167,14,0,29.53,,0,0,0,42.3,45.1,48.7,0.33,0.36,0.48
BRAN,2019-11-08 21:50:00 EST,42.59494,-79.02154,717,27.1,26.8,22.4,91.9,25.0,0.001,0.011,0.00,0.011,4.0,6.5,1.3,147,13,4.0,6.6,1.2,148,13,4.0,6.6,1.2,148,13,0,29.53,,0,0,0,42.3,45.1,48.7,0.33,0.36,0.48
BRAN,2019-11-08 21:55:00 EST,42.59494,-79.02154,717,27.0,26.8,22.4,92.3,25.1,0.001,0.012,0.00,0.012,3.7,6.4,1.0,144,19,4.0,6.7,1.1,146,19,4.0,6.7,1.1,146,19,0,29.53,,0,0,0,42.3,45.1,48.7,0.33,0.36,0.48
BRAN,2019-11-08 22:00:00 EST,42.59494,-79.02154,717,26.9,26.7,22.1,92.7,25.0,0.000,0.012,0.00,0.012,3.9,7.5,1.5,159,17,4.1,7.3,1.7,161,16,4.1,7.3,1.7,161,16,0,29.53,,0,0,0,42.3,45.1,48.7,0.33,0.36,0.48
BRAN,2019-11-08 22:05:00 EST,42.59494,-79.02154,717,26.9,26.7,22.9,92.9,25.1,0.000,0.012,0.00,0.012,3.4,5.3,0.9,139,14,3.4,5.7,1.0,139,13,3.4,5.7,1.0,139,13,0,29.53,,0,0,0,42.3,45.1,48.7,0.33,0.36,0.48
BRAN,2019-11-08 22:10:00 EST,42.59494,-79.02154,717,26.9,26.7,23.3,93.0,25.1,0.000,0.012,0.00,0.012,3.1,5.7,1.0,135,16,3.2,5.7,0.9,136,16,3.2,5.7,0.9,136,16,0,29.53,,0,0,0,42.3,45.1,48.7,0.33,0.36,0.48
BRAN,2019-11-08 22:15:00 EST,42.59494,-79.02154,717,26.8,26.7,22.6,92.9,25.0,0.000,0.012,0.00,0.009,3.6,6.2,0.8,120,13,3.6,6.1,0.9,121,11,3.6,6.1,0.9,121,11,0,29.52,,0,0,0,42.3,45.1,48.7,0.33,0.36,0.48
BRAN,2019-11-08 22:20:00 EST,42.59494,-79.02154,717,26.7,26.6,21.5,92.7,24.9,0.000,0.012,0.00,0.008,4.6,7.5,1.1,133,12,4.4,7.0,1.2,134,11,4.4,7.0,1.2,134,11,0,29.52,,0,0,0,42.3,45.1,48.7,0.33,0.36,0.48
BRAN,2019-11-08 22:25:00 EST,42.59494,-79.02154,717,26.4,26.5,26.4,92.5,24.5,0.000,0.012,0.00,0.008,2.4,5.1,0.8,125,17,2.6,5.1,0.8,127,15,2.6,5.1,0.8,127,15,0,29.52,,0,0,0,42.3,45.1,48.7,0.33,0.36,0.48
BRAN,2019-11-08 22:30:00 EST,42.59494,-79.02154,717,26.1,26.3,26.1,92.4,24.2,0.000,0.012,0.00,0.008,2.4,3.5,0.5,113,15,2.5,3.8,0.5,117,14,2.5,3.8,0.5,117,14,0,29.52,,0,0,0,42.3,45.1,48.7,0.33,0.36,0.49
BRAN,2019-11-08 22:35:00 EST,42.59494,-79.02154,717,25.9,26.2,21.9,92.3,24.0,0.000,0.012,0.00,0.006,3.4,4.8,0.6,114,12,3.4,4.6,0.6,117,12,3.4,4.6,0.6,117,12,0,29.52,,0,0,0,42.3,45.1,48.7,0.33,0.36,0.48
BRAN,2019-11-08 22:40:00 EST,42.59494,-79.02154,717,25.8,26.1,25.8,92.1,23.8,0.000,0.012,0.00,0.004,3.0,4.5,0.5,120,12,2.9,4.7,0.6,123,10,2.9,4.7,0.6,123,10,0,29.51,,0,0,0,42.3,45.0,48.7,0.33,0.36,0.48
BRAN,2019-11-08 22:45:00 EST,42.59494,-79.02154,717,25.7,26.0,25.7,92.2,23.7,0.000,0.012,0.00,0.002,2.8,4.2,0.6,137,15,2.8,4.1,0.6,138,12,2.8,4.1,0.6,138,12,0,29.51,,0,0,0,42.3,45.0,48.7,0.33,0.36,0.48
BRAN,2019-11-08 22:50:00 EST,42.59494,-79.02154,717,25.7,26.0,20.9,92.3,23.8,0.000,0.012,0.00,0.001,3.8,6.1,0.8,152,10,3.9,6.5,0.9,154,10,3.9,6.5,0.9,154,10,0,29.51,,0,0,0,42.3,45.0,48.7,0.33,0.36,0.48
BRAN,2019-11-08 22:55:00 EST,42.59494,-79.02154,717,25.8,26.1,21.0,92.3,23.9,0.000,0.012,0.00,0.000,3.8,6.4,0.8,151,10,3.9,6.5,0.8,152,11,3.9,6.5,0.8,152,11,0,29.51,,0,0,0,42.3,45.0,48.7,0.33,0.36,0.48
BRAN,2019-11-08 23:00:00 EST,42.59494,-79.02154,717,26.1,26.3,21.1,91.7,24.0,0.000,0.012,0.00,0.000,4.0,5.9,1.0,148,13,4.2,6.3,1.1,149,11,4.2,6.3,1.1,149,11,0,29.51,,0,0,0,42.3,45.0,48.7,0.33,0.36,0.48
BRAN,2019-11-08 23:05:00 EST,42.59494,-79.02154,717,26.3,26.4,21.7,90.6,23.9,0.000,0.012,0.00,0.000,3.8,5.3,0.7,146,14,3.8,5.6,0.8,147,13,3.8,5.6,0.8,147,13,0,29.51,,0,0,0,42.3,45.0,48.7,0.33,0.36,0.48
BRAN,2019-11-08 23:10:00 EST,42.59494,-79.02154,717,26.4,26.4,22.1,89.5,23.7,0.000,0.012,0.00,0.000,3.5,5.7,0.8,142,13,3.5,5.3,0.8,143,11,3.5,5.3,0.8,143,11,0,29.50,,0,0,0,42.3,45.0,48.7,0.33,0.36,0.48
BRAN,2019-11-08 23:15:00 EST,42.59494,-79.02154,717,26.3,26.4,20.9,88.3,23.3,0.000,0.012,0.00,0.000,4.6,7.8,1.2,142,13,4.6,7.9,1.2,142,13,4.6,7.9,1.2,142,13,0,29.50,,0,0,0,42.3,45.0,48.7,0.33,0.36,0.48
BRAN,2019-11-08 23:20:00 EST,42.59494,-79.02154,717,26.3,26.4,21.6,87.6,23.1,0.000,0.012,0.00,0.000,3.8,6.2,1.1,147,12,3.9,6.4,1.2,147,13,3.9,6.4,1.2,147,13,0,29.50,,0,0,0,42.3,45.0,48.7,0.33,0.36,0.48
BRAN,2019-11-08 23:25:00 EST,42.59494,-79.02154,717,26.3,26.5,22.1,87.1,23.0,0.000,0.012,0.00,0.000,3.5,5.5,0.8,147,16,3.5,5.6,1.0,148,16,3.5,5.6,1.0,148,16,0,29.50,,0,0,0,42.3,45.0,48.7,0.33,0.36,0.48
BRAN,2019-11-08 23:30:00 EST,42.59494,-79.02154,717,26.5,26.6,21.2,86.7,23.0,0.000,0.012,0.00,0.000,4.3,7.0,1.0,156,13,4.4,7.2,1.0,157,14,4.4,7.2,1.0,157,14,0,29.50,,0,0,0,42.3,45.0,48.7,0.33,0.36,0.48
BRAN,2019-11-08 23:35:00 EST,42.59494,-79.02154,717,26.6,26.7,22.4,86.5,23.1,0.000,0.012,0.00,0.000,3.5,6.1,0.9,160,14,3.5,6.3,0.9,162,15,3.5,6.3,0.9,162,15,0,29.50,,0,0,0,42.3,45.0,48.7,0.33,0.36,0.48
BRAN,2019-11-08 23:40:00 EST,42.59494,-79.02154,717,26.8,26.9,22.5,86.2,23.3,0.000,0.012,0.00,0.000,3.4,5.3,0.9,157,13,3.7,5.4,0.9,160,13,3.7,5.4,0.9,160,13,0,29.50,,0,0,0,42.3,45.0,48.7,0.33,0.36,0.48
BRAN,2019-11-08 23:45:00 EST,42.59494,-79.02154,717,27.0,27.0,23.1,86.0,23.4,0.000,0.012,0.00,0.000,3.3,6.4,1.1,154,14,3.4,6.3,1.1,155,14,3.4,6.3,1.1,155,14,0,29.50,,0,0,0,42.3,45.0,48.7,0.33,0.36,0.48
BRAN,2019-11-08 23:50:00 EST,42.59494,-79.02154,717,27.2,27.2,23.8,85.3,23.4,0.000,0.012,0.00,0.000,3.1,5.8,1.1,148,14,3.1,6.3,1.1,148,14,3.1,6.3,1.1,148,14,0,29.50,,0,0,0,42.3,45.0,48.7,0.33,0.36,0.48
BRAN,2019-11-08 23:55:00 EST,42.59494,-79.02154,717,27.3,27.3,23.6,85.2,23.5,0.000,0.012,0.00,0.000,3.2,6.0,1.1,154,17,3.3,6.8,1.3,155,18,3.3,6.8,1.3,155,18,0,29.50,,0,0,0,42.3,45.0,48.7,0.33,0.36,0.48
BREW,2019-11-08 00:00:00 EST,41.43993,-73.57642,608,32.5,33.4,25.8,91.4,30.3,0.000,0.404,0.00,0.000,6.7,10.3,1.7,1,13,7.5,12.0,2.1,6,8,7.5,12.0,2.1,6,8,0,29.34,0.1,0,0,0,46.8,48.7,50.4,0.32,0.32,0.30
BREW,2019-11-08 00:05:00 EST,41.43993,-73.57642,608,32.3,33.3,26.4,91.0,30.0,0.000,0.000,0.00,0.000,5.7,9.2,1.3,352,17,6.3,10.4,1.5,358,11,6.3,10.4,1.5,358,11,0,29.34,0.1,0,0,0,46.8,48.7,50.4,0.32,0.32,0.30
BREW,2019-11-08 00:10:00 EST,41.43993,-73.57642,608,32.1,33.1,27.4,91.7,30.0,0.000,0.000,0.00,0.000,4.3,7.6,1.3,350,27,4.9,9.5,1.6,356,15,4.9,9.5,1.6,356,15,0,29.35,0.0,0,0,0,46.8,48.7,50.4,0.32,0.32,0.30
BREW,2019-11-08 00:15:00 EST,41.43993,-73.57642,608,31.9,33.0,26.1,92.7,30.1,0.000,0.000,0.00,0.000,5.6,9.6,1.8,336,14,6.1,9.8,1.7,344,11,6.1,9.8,1.7,344,11,0,29.35,0.0,0,0,0,46.8,48.7,50.4,0.32,0.32,0.30
BREW,2019-11-08 00:20:00 EST,41.43993,-73.57642,608,31.9,32.8,24.8,93.3,30.1,0.000,0.000,0.00,0.000,7.3,10.7,1.5,342,17,7.8,11.3,1.6,350,13,7.8,11.3,1.6,350,13,0,29.35,0.1,0,0,0,46.8,48.7,50.4,0.32,0.32,0.30
BREW,2019-11-08 00:25:00 EST,41.43993,-73.57642,608,32.2,33.0,24.9,92.5,30.3,0.000,0.000,0.00,0.000,7.8,12.1,1.7,340,17,8.5,13.2,1.8,346,11,8.5,13.2,1.8,346,11,0,29.35,0.1,0,0,0,46.8,48.7,50.4,0.32,0.32,0.30
BREW,2019-11-08 00:30:00 EST,41.43993,-73.57642,608,32.4,33.1,24.4,91.1,30.1,0.000,0.000,0.00,0.000,8.8,12.3,1.8,338,13,9.7,13.8,2.0,346,13,9.7,13.8,2.0,346,13,0,29.35,0.1,0,0,0,46.8,48.7,50.4,0.32,0.32,0.30
BREW,2019-11-08 00:35:00 EST,41.43993,-73.57642,608,32.5,33.2,23.2,89.4,29.7,0.000,0.000,0.00,0.000,11.6,17.7,2.7,339,15,12.5,18.7,2.8,348,10,12.5,18.7,2.8,348,10,0,29.35,0.1,0,0,0,46.8,48.7,50.4,0.32,0.32,0.30
BREW,2019-11-08 00:40:00 EST,41.43993,-73.57642,608,32.5,33.2,23.7,87.9,29.3,0.000,0.000,0.00,0.000,10.6,16.5,2.8,342,22,11.3,17.1,2.9,351,13,11.3,17.1,2.9,351,13,0,29.35,0.0,0,0,0,46.8,48.7,50.4,0.32,0.32,0.30
BREW,2019-11-08 00:45:00 EST,41.43993,-73.57642,608,32.5,33.1,23.4,86.8,29.0,0.000,0.000,0.00,0.000,10.8,18.9,3.0,342,17,11.9,22.0,3.1,349,13,11.9,22.0,3.1,349,13,0,29.35,0.0,0,0,0,46.8,48.7,50.4,0.32,0.32,0.30
BREW,2019-11-08 00:50:00 EST,41.43993,-73.57642,608,32.3,32.9,24.6,87.6,29.1,0.000,0.000,0.00,0.000,8.5,13.2,2.5,355,23,9.1,14.4,2.7,359,13,9.1,14.4,2.7,359,13,0,29.35,0.1,0,0,0,46.7,48.7,50.4,0.32,0.32,0.30
BREW,2019-11-08 00:55:00 EST,41.43993,-73.57642,608,32.2,32.9,24.0,87.2,28.9,0.000,0.000,0.00,0.000,9.3,14.5,2.2,344,16,10.0,16.0,2.4,350,14,10.0,16.0,2.4,350,14,0,29.35,0.1,0,0,0,46.7,48.7,50.4,0.32,0.32,0.30
BREW,2019-11-08 01:00:00 EST,41.43993,-73.57642,608,32.2,32.9,24.0,85.8,28.4,0.000,0.000,0.00,0.000,9.0,13.5,2.1,352,21,9.9,15.6,2.2,358,10,9.9,15.6,2.2,358,10,0,29.35,0.1,0,0,0,46.6,48.7,50.4,0.32,0.32,0.30
BREW,2019-11-08 01:05:00 EST,41.43993,-73.57642,608,32.1,32.8,25.0,85.9,28.4,0.000,0.000,0.00,0.000,7.0,11.0,1.4,350,14,7.9,12.5,1.5,356,10,7.9,12.5,1.5,356,10,0,29.35,0.1,0,0,0,46.6,48.7,50.4,0.32,0.32,0.30
BREW,2019-11-08 01:10:00 EST,41.43993,-73.57642,608,32.1,32.7,24.3,83.6,27.7,0.000,0.000,0.00,0.000,8.1,13.1,2.0,1,18,9.2,15.0,2.2,6,14,9.2,15.0,2.2,6,14,0,29.35,0.0,0,0,0,46.6,48.7,50.4,0.32,0.32,0.30
BREW,2019-11-08 01:15:00 EST,41.43993,-73.57642,608,31.9,32.6,25.4,83.6,27.5,0.000,0.000,0.00,0.000,6.4,9.9,1.6,352,13,7.1,12.3,1.7,359,9,7.1,12.3,1.7,359,9,0,29.35,0.0,0,0,0,46.6,48.7,50.4,0.32,0.32,0.30
BREW,2019-11-08 01:20:00 EST,41.43993,-73.57642,608,31.8,32.5,25.7,84.8,27.7,0.000,0.000,0.00,0.000,5.7,9.0,1.3,345,16,6.3,10.7,1.4,352,15,6.3,10.7,1.4,352,15,0,29.35,0.1,0,0,0,46.6,48.7,50.4,0.32,0.32,0.30
BREW,2019-11-08 01:25:00 EST,41.43993,-73.57642,608,31.8,32.5,24.4,83.3,27.3,0.000,0.000,0.00,0.000,7.4,10.1,1.2,344,22,8.3,11.5,1.4,350,17,8.3,11.5,1.4,350,17,0,29.35,0.1,0,0,0,46.6,48.7,50.4,0.32,0.32,0.30
BREW,2019-11-08 01:30:00 EST,41.43993,-73.57642,608,31.7,32.4,25.2,82.5,27.0,0.000,0.000,0.00,0.000,6.0,10.1,1.5,350,17,6.9,11.1,1.6,355,16,6.9,11.1,1.6,355,16,0,29.35,0.1,0,0,0,46.6,48.7,50.4,0.32,0.32,0.30
BREW,2019-11-08 01:35:00 EST,41.43993,-73.57642,608,31.8,32.5,23.1,78.3,25.8,0.000,0.000,0.00,0.000,9.9,16.7,2.4,358,17,10.9,16.9,2.3,4,13,10.9,16.9,2.3,4,13,0,29.35,0.1,0,0,0,46.6,48.7,50.4,0.32,0.32,0.30
BREW,2019-11-08 01:40:00 EST,41.43993,-73.57642,608,31.6,32.4,22.9,76.2,25.0,0.000,0.000,0.00,0.000,10.0,17.5,2.5,352,13,10.7,17.4,2.6,358,10,10.7,17.4,2.6,358,10,0,29.36,0.0,0,0,0,46.6,48.7,50.4,0.32,0.32,0.30
BREW,2019-11-08 01:45:00 EST,41.43993,-73.57642,608,31.4,32.1,22.8,75.2,24.5,0.000,0.000,0.00,0.000,9.4,15.2,2.2,349,22,10.3,18.4,2.3,355,14,10.3,18.4,2.3,355,14,0,29.36,0.0,0,0,0,46.6,48.7,50.4,0.32,0.32,0.30
BREW,2019-11-08 01:50:00 EST,41.43993,-73.57642,608,31.2,32.0,23.0,74.1,23.9,0.000,0.000,0.00,0.000,9.0,15.5,2.4,356,17,9.7,17.9,2.6,1,14,9.7,17.9,2.6,1,14,0,29.36,0.1,0,0,0,46.6,48.7,50.4,0.32,0.32,0.30
BREW,2019-11-08 01:55:00 EST,41.43993,-73.57642,608,30.8,31.7,22.0,75.4,24.0,0.000,0.000,0.00,0.000,9.7,18.0,2.9,340,21,10.5,18.5,3.1,346,15,10.5,18.5,3.1,346,15,0,29.35,0.0,0,0,0,46.6,48.7,50.4,0.32,0.32,0.30
BREW,2019-11-08 02:00:00 EST,41.43993,-73.57642,608,30.6,31.5,21.4,75.3,23.7,0.000,0.000,0.00,0.000,10.4,17.5,3.6,357,24,11.2,18.9,3.6,1,11,11.2,18.9,3.6,1,11,0,29.35,0.1,0,0,0,46.6,48.7,50.4,0.32,0.32,0.30
BREW,2019-11-08 02:05:00 EST,41.43993,-73.57642,608,30.7,31.5,20.5,73.7,23.3,0.000,0.000,0.00,0.000,12.4,17.3,2.8,358,18,13.5,18.8,2.6,2,16,13.5,18.8,2.6,2,16,0,29.35,0.0,0,0,0,46.5,48.7,50.4,0.32,0.32,0.30
BREW,2019-11-08 02:10:00 EST,41.43993,-73.57642,608,30.6,31.4,20.8,73.3,23.0,0.000,0.000,0.00,0.000,11.6,19.9,3.0,340,13,12.4,20.3,2.9,348,10,12.4,20.3,2.9,348,10,0,29.36,0.0,0,0,0,46.5,48.7,50.4,0.32,0.32,0.30
BREW,2019-11-08 02:15:00 EST,41.43993,-73.57642,608,30.6,31.4,21.2,72.7,22.9,0.000,0.000,0.00,0.000,10.7,15.3,2.5,350,19,11.7,16.4,2.5,357,11,11.7,16.4,2.5,357,11,0,29.37,0.0,0,0,0,46.4,48.7,50.4,0.32,0.32,0.30
BREW,2019-11-08 02:20:00 EST,41.43993,-73.57642,608,30.6,31.2,22.4,72.1,22.6,0.000,0.000,0.00,0.000,8.5,17.8,2.9,359,24,9.2,18.5,3.1,3,11,9.2,18.5,3.1,3,11,0,29.37,0.0,0,0,0,46.4,48.7,50.4,0.32,0.32,0.30
BREW,2019-11-08 02:25:00 EST,41.43993,-73.57642,608,30.2,31.0,21.2,73.2,22.7,0.000,0.000,0.00,0.000,9.7,16.1,2.3,358,18,10.7,15.8,2.4,3,16,10.7,15.8,2.4,3,16,0,29.37,0.1,0,0,0,46.4,48.7,50.4,0.32,0.32,0.30
BREW,2019-11-08 02:30:00 EST,41.43993,-73.57642,608,29.8,30.7,22.3,73.4,22.4,0.000,0.000,0.00,0.000,7.0,11.6,1.7,352,19,7.9,13.0,2.0,358,12,7.9,13.0,2.0,358,12,0,29.37,0.0,0,0,0,46.4,48.7,50.4,0.32,0.32,0.30
BREW,2019-11-08 02:35:00 EST,41.43993,-73.57642,608,29.6,30.5,21.1,72.8,21.9,0.000,0.000,0.00,0.000,8.2,13.4,2.0,355,24,9.3,16.0,2.2,2,19,9.3,16.0,2.2,2,19,0,29.36,-0.0,0,0,0,46.4,48.7,50.4,0.32,0.32,0.30
BREW,2019-11-08 02:40:00 EST,41.43993,-73.57642,608,29.4,30.4,19.6,72.5,21.7,0.000,0.000,0.00,0.000,10.9,19.1,2.9,346,14,11.9,20.2,2.9,353,11,11.9,20.2,2.9,353,11,0,29.36,0.0,0,0,0,46.4,48.7,50.4,0.32,0.32,0.30
BREW,2019-11-08 02:45:00 EST,41.43993,-73.57642,608,29.3,30.2,19.6,71.3,21.1,0.000,0.000,0.00,0.000,10.5,15.7,2.6,346,20,11.5,16.7,2.7,352,12,11.5,16.7,2.7,352,12,0,29.36,0.1,0,0,0,46.4,48.7,50.4,0.32,0.32,0.30
BREW,2019-11-08 02:50:00 EST,41.43993,-73.57642,608,29.3,30.1,20.1,69.9,20.7,0.000,0.000,0.00,0.000,9.7,16.9,3.0,351,21,10.6,17.3,3.2,358,18,10.6,17.3,3.2,358,18,0,29.36,-0.0,0,0,0,46.4,48.7,50.4,0.32,0.32,0.30
BREW,2019-11-08 02:55:00 EST,41.43993,-73.57642,608,29.2,30.1,20.0,70.2,20.7,0.000,0.000,0.00,0.000,9.6,13.6,2.0,343,13,10.5,15.6,2.3,350,11,10.5,15.6,2.3,350,11,0,29.37,0.1,0,0,0,46.4,48.7,50.4,0.32,0.32,0.30
BREW,2019-11-08 03:00:00 EST,41.43993,-73.57642,608,29.2,30.0,19.5,69.1,20.3,0.000,0.000,0.00,0.000,10.3,15.6,2.6,345,20,11.4,16.9,2.7,353,14,11.4,16.9,2.7,353,14,0,29.37,0.1,0,0,0,46.4,48.7,50.4,0.32,0.32,0.30
BREW,2019-11-08 03:05:00 EST,41.43993,-73.57642,608,28.9,29.9,18.4,69.2,20.1,0.000,0.000,0.00,0.000,12.1,23.1,3.3,344,21,13.0,25.4,3.2,350,17,13.0,25.4,3.2,350,17,0,29.36,0.0,0,0,0,46.4,48.7,50.4,0.32,0.32,0.30
BREW,2019-11-08 03:10:00 EST,41.43993,-73.57642,608,28.9,29.9,18.0,67.4,19.5,0.000,0.000,0.00,0.000,13.2,24.1,2.9,344,16,14.1,24.8,3.1,350,14,14.1,24.8,3.1,350,14,0,29.37,-0.0,0,0,0,46.4,48.7,50.4,0.32,0.32,0.30
BREW,2019-11-08 03:15:00 EST,41.43993,-73.57642,608,28.7,29.6,18.6,66.9,19.1,0.000,0.000,0.00,0.000,11.1,17.8,2.9,339,14,12.0,18.6,2.9,343,12,12.0,18.6,2.9,343,12,0,29.36,0.0,0,0,0,46.4,48.7,50.4,0.32,0.32,0.30
BREW,2019-11-08 03:20:00 EST,41.43993,-73.57642,608,28.7,29.6,17.7,64.7,18.3,0.000,0.000,0.00,0.000,13.4,19.9,2.8,342,18,14.3,21.1,2.7,349,15,14.3,21.1,2.7,349,15,0,29.36,0.0,0,0,0,46.4,48.7,50.4,0.32,0.32,0.30
BREW,2019-11-08 03:25:00 EST,41.43993,-73.57642,608,28.4,29.4,18.5,65.0,18.1,0.000,0.000,0.00,0.000,10.5,17.0,2.7,348,14,11.4,19.6,2.8,353,12,11.4,19.6,2.8,353,12,0,29.36,0.0,0,0,0,46.4,48.7,50.4,0.32,0.32,0.30
BREW,2019-11-08 03:30:00 EST,41.43993,-73.57642,608,28.4,29.3,17.8,63.8,17.7,0.000,0.000,0.00,0.000,12.0,19.7,3.1,345,14,13.1,20.1,3.2,352,11,13.1,20.1,3.2,352,11,0,29.36,0.0,0,0,0,46.4,48.7,50.4,0.32,0.32,0.30
BREW,2019-11-08 03:35:00 EST,41.43993,-73.57642,608,28.2,29.1,18.9,63.3,17.4,0.000,0.000,0.00,0.000,9.6,17.0,3.1,343,14,10.4,17.9,3.1,349,12,10.4,17.9,3.1,349,12,0,29.36,0.0,0,0,0,46.3,48.7,50.4,0.32,0.32,0.30
BREW,2019-11-08 03:40:00 EST,41.43993,-73.57642,608,28.0,28.9,19.3,64.0,17.4,0.000,0.000,0.00,0.000,8.4,14.2,2.5,356,22,9.1,17.2,2.8,2,13,9.1,17.2,2.8,2,13,0,29.36,0.1,0,0,0,46.0,48.7,50.4,0.32,0.32,0.30
BREW,2019-11-08 03:45:00 EST,41.43993,-73.57642,608,27.7,28.7,18.5,65.2,17.5,0.000,0.000,0.00,0.000,8.8,13.7,2.3,339,17,9.7,15.2,2.4,346,13,9.7,15.2,2.4,346,13,0,29.36,0.0,0,0,0,46.0,48.7,50.4,0.32,0.32,0.30
BREW,2019-11-08 03:50:00 EST,41.43993,-73.57642,608,27.5,28.6,19.3,65.8,17.5,0.000,0.000,0.00,0.000,7.4,12.9,1.6,356,21,8.0,13.3,1.9,0,14,8.0,13.3,1.9,0,14,0,29.36,0.0,0,0,0,46.0,48.7,50.4,0.32,0.32,0.30
BREW,2019-11-08 03:55:00 EST,41.43993,-73.57642,608,27.5,28.5,19.5,65.0,17.3,0.000,0.000,0.00,0.000,6.8,13.0,2.0,354,21,7.8,14.0,2.1,358,16,7.8,14.0,2.1,358,16,0,29.36,0.0,0,0,0,46.0,48.7,50.4,0.32,0.32,0.30
BREW,2019-11-08 04:00:00 EST,41.43993,-73.57642,608,27.2,28.3,18.7,65.5,17.2,0.000,0.000,0.00,0.000,7.7,13.2,2.1,346,18,8.6,15.3,2.4,352,15,8.6,15.3,2.4,352,15,0,29.36,0.1,0,0,0,46.0,48.7,50.4,0.32,0.32,0.30
BREW,2019-11-08 04:05:00 EST,41.43993,-73.57642,608,27.4,28.4,18.0,64.9,17.1,0.000,0.000,0.00,0.000,9.1,15.6,2.5,342,12,10.1,17.1,2.3,349,8,10.1,17.1,2.3,349,8,0,29.36,-0.0,0,0,0,46.0,48.7,50.4,0.32,0.32,0.30
BREW,2019-11-08 04:10:00 EST,41.43993,-73.57642,608,27.3,28.3,18.0,64.2,16.8,0.000,0.000,0.00,0.000,9.0,14.8,2.0,340,13,9.9,17.6,2.2,347,11,9.9,17.6,2.2,347,11,0,29.36,-0.0,0,0,0,46.0,48.7,50.4,0.32,0.32,0.30
BREW,2019-11-08 04:15:00 EST,41.43993,-73.57642,608,27.2,28.2,17.5,64.3,16.8,0.000,0.000,0.00,0.000,9.5,14.7,2.1,356,22,10.6,17.1,2.3,1,9,10.6,17.1,2.3,1,9,0,29.36,0.0,0,0,0,46.0,48.7,50.4,0.32,0.32,0.30
BREW,2019-11-08 04:20:00 EST,41.43993,-73.57642,608,27.1,28.1,18.0,64.3,16.6,0.000,0.000,0.00,0.000,8.3,13.1,2.1,351,12,9.5,14.5,2.1,356,10,9.5,14.5,2.1,356,10,0,29.36,-0.1,0,0,0,46.0,48.7,50.4,0.32,0.32,0.30
BREW,2019-11-08 04:25:00 EST,41.43993,-73.57642,608,26.8,27.9,17.7,66.0,16.9,0.000,0.000,0.00,0.000,8.3,12.8,2.2,344,21,9.2,13.5,2.2,351,12,9.2,13.5,2.2,351,12,0,29.36,0.0,0,0,0,46.0,48.7,50.4,0.32,0.32,0.30
BREW,2019-11-08 04:30:00 EST,41.43993,-73.57642,608,26.8,27.8,17.1,65.9,16.9,0.000,0.000,0.00,0.000,9.3,14.2,2.1,347,24,10.4,16.7,2.2,351,16,10.4,16.7,2.2,351,16,0,29.36,0.0,0,0,0,46.0,48.6,50.4,0.32,0.32,0.30
BREW,2019-11-08 04:35:00 EST,41.43993,-73.57642,608,26.9,27.8,16.9,65.3,16.8,0.000,0.000,0.00,0.000,10.1,14.1,1.5,344,14,11.0,15.7,1.7,349,13,11.0,15.7,1.7,349,13,0,29.37,-0.0,0,0,0,46.0,48.6,50.4,0.32,0.32,0.30
BREW,2019-11-08 04:40:00 EST,41.43993,-73.57642,608,26.7,27.6,17.6,66.2,16.9,0.000,0.000,0.00,0.000,8.2,12.3,1.6,340,16,9.1,13.5,1.7,347,13,9.1,13.5,1.7,347,13,0,29.37,-0.0,0,0,0,46.0,48.6,50.4,0.32,0.32,0.30
BREW,2019-11-08 04:45:00 EST,41.43993,-73.57642,608,26.4,27.4,16.8,67.7,17.1,0.000,0.000,0.00,0.000,8.9,14.0,2.3,342,16,9.8,15.8,2.3,350,13,9.8,15.8,2.3,350,13,0,29.37,-0.0,0,0,0,46.0,48.6,50.4,0.32,0.32,0.30
BREW,2019-11-08 04:50:00 EST,41.43993,-73.57642,608,26.3,27.4,17.6,68.1,17.2,0.000,0.000,0.00,0.000,7.5,10.6,1.6,346,18,8.5,12.6,1.7,352,15,8.5,12.6,1.7,352,15,0,29.38,0.0,0,0,0,45.9,48.6,50.4,0.32,0.32,0.30
BREW,2019-11-08 04:55:00 EST,41.43993,-73.57642,608,26.3,27.3,17.4,67.5,17.0,0.000,0.000,0.00,0.000,8.0,11.9,2.3,346,18,8.9,14.4,2.4,351,14,8.9,14.4,2.4,351,14,0,29.38,-0.0,0,0,0,45.9,48.6,50.4,0.32,0.32,0.30
BREW,2019-11-08 05:00:00 EST,41.43993,-73.57642,608,26.3,27.2,16.8,68.0,17.1,0.000,0.000,0.00,0.000,8.7,15.7,2.4,344,15,9.8,16.2,2.5,349,14,9.8,16.2,2.5,349,14,0,29.38,0.0,0,0,0,45.9,48.6,50.4,0.32,0.32,0.30
BREW,2019-11-08 05:05:00 EST,41.43993,-73.57642,608,26.2,27.1,16.5,68.4,17.2,0.000,0.000,0.00,0.000,9.2,13.0,2.4,343,16,10.1,15.3,2.5,351,14,10.1,15.3,2.5,351,14,0,29.38,0.0,0,0,0,45.9,48.6,50.4,0.32,0.32,0.30
BREW,2019-11-08 05:10:00 EST,41.43993,-73.57642,608,26.1,27.0,17.3,68.4,17.1,0.000,0.000,0.00,0.000,7.5,12.1,1.9,350,18,8.5,13.1,1.9,355,14,8.5,13.1,1.9,355,14,0,29.38,0.1,0,0,0,45.9,48.6,50.4,0.32,0.32,0.30
BREW,2019-11-08 05:15:00 EST,41.43993,-73.57642,608,25.8,26.8,18.0,69.3,17.1,0.000,0.000,0.00,0.000,6.0,11.4,1.4,350,18,7.1,14.4,1.7,355,13,7.1,14.4,1.7,355,13,0,29.38,0.0,0,0,0,45.9,48.6,50.4,0.32,0.32,0.30
BREW,2019-11-08 05:20:00 EST,41.43993,-73.57642,608,25.8,26.7,17.0,70.0,17.3,0.000,0.000,0.00,0.000,7.3,13.7,1.8,346,12,8.4,14.8,1.9,353,11,8.4,14.8,1.9,353,11,0,29.38,0.0,0,0,0,45.9,48.6,50.3,0.32,0.32,0.30
BREW,2019-11-08 05:25:00 EST,41.43993,-73.57642,608,25.7,26.7,16.4,70.8,17.5,0.000,0.000,0.00,0.000,8.2,12.1,1.9,340,13,9.2,14.7,2.1,347,12,9.2,14.7,2.1,347,12,0,29.38,0.0,0,0,0,45.9,48.6,50.4,0.32,0.32,0.30
BREW,2019-11-08 05:30:00 EST,41.43993,-73.57642,608,25.8,26.7,16.1,70.1,17.4,0.000,0.000,0.00,0.000,9.2,13.2,2.0,341,14,10.1,15.0,2.3,348,12,10.1,15.0,2.3,348,12,0,29.38,0.1,0,0,0,45.9,48.6,50.3,0.32,0.32,0.30
BREW,2019-11-08 05:35:00 EST,41.43993,-73.57642,608,25.5,26.5,18.0,71.0,17.4,0.000,0.000,0.00,0.000,5.8,11.5,1.8,341,12,6.5,12.7,1.8,348,12,6.5,12.7,1.8,348,12,0,29.38,-0.1,0,0,0,45.9,48.6,50.4,0.32,0.32,0.30
BREW,2019-11-08 05:40:00 EST,41.43993,-73.57642,608,25.3,26.3,17.3,72.0,17.6,0.000,0.000,0.00,0.000,6.3,10.4,1.7,347,16,7.1,11.3,1.9,353,15,7.1,11.3,1.9,353,15,0,29.39,0.1,0,0,0,45.9,48.6,50.4,0.32,0.32,0.30
BREW,2019-11-08 05:45:00 EST,41.43993,-73.57642,608,25.2,26.3,17.8,72.3,17.6,0.000,0.000,0.00,0.000,5.7,8.3,1.4,343,16,6.4,10.3,1.5,349,11,6.4,10.3,1.5,349,11,0,29.39,0.0,0,0,0,45.8,48.6,50.3,0.32,0.32,0.30
BREW,2019-11-08 05:50:00 EST,41.43993,-73.57642,608,25.1,26.2,18.1,73.2,17.7,0.000,0.000,0.00,0.000,5.0,8.2,1.3,357,16,5.8,9.0,1.3,1,9,5.8,9.0,1.3,1,9,0,29.39,-0.0,0,0,0,45.8,48.6,50.2,0.32,0.32,0.30
BREW,2019-11-08 05:55:00 EST,41.43993,-73.57642,608,25.1,26.1,18.4,73.1,17.7,0.000,0.000,0.00,0.000,4.8,8.3,1.6,347,22,5.6,10.2,1.9,353,13,5.6,10.2,1.9,353,13,0,29.39,-0.0,0,0,0,45.7,48.6,50.3,0.32,0.32,0.30
BREW,2019-11-08 06:00:00 EST,41.43993,-73.57642,608,24.7,25.9,18.5,74.2,17.6,0.000,0.000,0.00,0.000,4.3,7.7,1.1,349,14,5.0,8.1,1.2,355,11,5.0,8.1,1.2,355,11,0,29.40,-0.1,0,0,0,45.7,48.6,50.3,0.32,0.32,0.30
BREW,2019-11-08 06:05:00 EST,41.43993,-73.57642,608,24.6,26.0,17.8,74.9,17.8,0.000,0.000,0.00,0.000,5.0,7.4,1.0,332,12,5.6,8.5,1.3,337,12,5.6,8.5,1.3,337,12,0,29.40,0.0,0,0,0,45.7,48.6,50.3,0.32,0.32,0.30
BREW,2019-11-08 06:10:00 EST,41.43993,-73.57642,608,24.6,25.9,18.4,75.3,17.9,0.000,0.000,0.00,0.000,4.4,6.0,0.6,323,12,4.9,7.3,0.7,329,12,4.9,7.3,0.7,329,12,0,29.40,-0.1,0,0,0,45.7,48.6,50.2,0.32,0.32,0.30
BREW,2019-11-08 06:15:00 EST,41.43993,-73.57642,608,24.4,25.9,17.9,75.5,17.7,0.000,0.000,0.00,0.000,4.7,6.8,0.8,322,10,5.2,7.6,0.9,325,9,5.2,7.6,0.9,325,9,0,29.40,-0.0,0,0,0,45.7,48.6,50.2,0.32,0.32,0.30
BREW,2019-11-08 06:20:00 EST,41.43993,-73.57642,608,24.2,26.0,17.5,75.6,17.6,0.000,0.000,0.00,0.000,5.1,6.6,0.7,322,12,5.5,7.1,0.8,326,12,5.5,7.1,0.8,326,12,0,29.40,0.0,0,0,0,45.7,48.6,50.2,0.32,0.32,0.30
BREW,2019-11-08 06:25:00 EST,41.43993,-73.57642,608,24.1,25.9,17.7,75.8,17.6,0.000,0.000,0.00,0.000,4.7,6.5,0.7,323,8,5.1,7.0,0.8,327,8,5.1,7.0,0.8,327,8,1,29.40,-0.0,0,0,0,45.7,48.6,50.2,0.32,0.32,0.30
BREW,2019-11-08 06:30:00 EST,41.43993,-73.57642,608,23.8,25.7,18.4,76.6,17.5,0.000,0.000,0.00,0.000,3.8,5.3,0.5,329,7,4.2,6.4,0.6,333,7,4.2,6.4,0.6,333,7,2,29.41,-0.0,0,0,0,45.7,48.6,50.2,0.32,0.32,0.30
BREW,2019-11-08 06:35:00 EST,41.43993,-73.57642,608,23.5,25.5,18.4,77.6,17.5,0.000,0.000,0.00,0.000,3.6,4.5,0.4,322,8,3.9,5.0,0.4,328,9,3.9,5.0,0.4,328,9,3,29.41,-0.1,0,0,0,45.7,48.6,50.2,0.32,0.32,0.30
BREW,2019-11-08 06:40:00 EST,41.43993,-73.57642,608,23.6,25.7,18.8,78.3,17.8,0.000,0.000,0.00,0.000,3.4,4.6,0.5,315,8,3.6,5.2,0.6,319,7,3.6,5.2,0.6,319,7,5,29.41,-0.0,0,0,0,45.7,48.6,50.2,0.32,0.32,0.30
BREW,2019-11-08 06:45:00 EST,41.43993,-73.57642,608,23.8,25.6,23.8,77.8,17.9,0.000,0.000,0.00,0.000,2.8,3.7,0.4,320,6,2.9,4.4,0.5,322,5,2.9,4.4,0.5,322,5,7,29.41,-0.1,0,0,0,45.6,48.6,50.2,0.32,0.32,0.30
BREW,2019-11-08 06:50:00 EST,41.43993,-73.57642,608,23.5,25.2,23.5,79.7,18.1,0.000,0.000,0.00,0.000,1.6,2.3,0.3,325,9,1.8,2.5,0.3,327,12,1.8,2.5,0.3,327,12,9,29.42,-0.1,0,0,0,45.5,48.6,50.2,0.32,0.32,0.30
BREW,2019-11-08 06:55:00 EST,41.43993,-73.57642,608,23.5,25.1,23.5,80.6,18.4,0.000,0.000,0.00,0.000,1.7,2.5,0.3,322,5,1.9,2.6,0.2,323,6,1.9,2.6,0.2,323,6,12,29.42,-0.1,0,0,0,45.5,48.6,50.2,0.32,0.32,0.30
BREW,2019-11-08 07:00:00 EST,41.43993,-73.57642,608,23.3,24.6,23.3,81.2,18.4,0.000,0.000,0.00,0.000,1.5,1.8,0.2,327,4,1.7,2.1,0.2,327,6,1.7,2.1,0.2,327,6,15,29.42,-0.1,0,0,0,45.5,48.6,50.2,0.32,0.32,0.30
BREW,2019-11-08 07:05:00 EST,41.43993,-73.57642,608,23.1,24.5,23.1,82.7,18.6,0.000,0.000,0.00,0.000,1.5,1.9,0.2,350,9,2.0,2.6,0.2,357,8,2.0,2.6,0.2,357,8,16,29.42,-0.1,0,0,0,45.5,48.6,50.2,0.32,0.32,0.30
BREW,2019-11-08 07:10:00 EST,41.43993,-73.57642,608,23.0,24.5,23.0,83.4,18.8,0.000,0.000,0.00,0.000,1.6,2.1,0.3,351,9,2.1,2.8,0.4,353,10,2.1,2.8,0.4,353,10,26,29.42,-0.1,0,0,0,45.5,48.6,50.2,0.32,0.32,0.30
BREW,2019-11-08 07:15:00 EST,41.43993,-73.57642,608,23.3,24.9,23.3,83.4,19.0,0.000,0.000,0.00,0.000,2.0,2.4,0.2,348,7,2.6,3.4,0.3,352,8,2.6,3.4,0.3,352,8,31,29.42,-0.0,0,0,0,45.5,48.6,50.2,0.32,0.32,0.30
BREW,2019-11-08 07:20:00 EST,41.43993,-73.57642,608,23.6,25.2,19.0,82.5,19.0,0.000,0.000,0.00,0.000,2.8,5.0,0.9,349,13,3.5,6.0,1.1,355,12,3.5,6.0,1.1,355,12,35,29.43,0.1,0,0,0,45.5,48.6,50.2,0.32,0.32,0.30
BREW,2019-11-08 07:25:00 EST,41.43993,-73.57642,608,24.0,25.6,18.2,79.3,18.5,0.000,0.000,0.00,0.000,3.9,5.5,0.6,350,12,4.5,6.3,0.8,356,9,4.5,6.3,0.8,356,9,41,29.43,-0.0,0,0,0,45.5,48.6,50.2,0.32,0.32,0.30
BREW,2019-11-08 07:30:00 EST,41.43993,-73.57642,608,24.6,25.9,18.3,77.5,18.6,0.000,0.000,0.00,0.000,4.4,6.6,1.1,350,14,5.1,7.8,1.1,355,8,5.1,7.8,1.1,355,8,37,29.43,0.0,0,0,0,45.5,48.6,50.2,0.32,0.32,0.30
BREW,2019-11-08 07:35:00 EST,41.43993,-73.57642,608,25.1,26.1,19.5,76.4,18.7,0.000,0.000,0.00,0.000,3.9,6.0,0.8,357,11,4.5,6.5,0.9,0,9,4.5,6.5,0.9,0,9,56,29.43,0.1,0,0,0,45.5,48.6,50.2,0.32,0.32,0.30
BREW,2019-11-08 07:40:00 EST,41.43993,-73.57642,608,25.6,26.3,21.3,74.3,18.6,0.000,0.000,0.00,0.000,3.0,5.9,1.0,0,16,3.5,6.7,1.1,4,14,3.5,6.7,1.1,4,14,41,29.43,0.0,0,0,0,45.5,48.6,50.2,0.32,0.32,0.30
BREW,2019-11-08 07:45:00 EST,41.43993,-73.57642,608,25.8,26.5,21.9,74.3,18.8,0.000,0.000,0.00,0.000,2.7,4.2,0.5,348,12,3.3,4.8,0.6,353,11,3.3,4.8,0.6,353,11,57,29.43,0.0,0,0,0,45.5,48.6,50.2,0.32,0.32,0.30
BREW,2019-11-08 07:50:00 EST,41.43993,-73.57642,608,26.4,26.7,22.8,75.4,19.7,0.000,0.000,0.00,0.000,2.7,5.8,1.2,336,15,3.1,6.4,1.3,342,14,3.1,6.4,1.3,342,14,119,29.44,0.1,0,0,0,45.4,48.6,50.2,0.32,0.32,0.30
BREW,2019-11-08 07:55:00 EST,41.43993,-73.57642,608,26.6,26.9,21.0,72.3,18.9,0.000,0.000,0.00,0.000,4.1,7.9,1.8,354,16,4.8,9.1,1.8,360,15,4.8,9.1,1.8,360,15,56,29.44,-0.0,0,0,0,45.3,48.6,50.2,0.32,0.32,0.30
BREW,2019-11-08 08:00:00 EST,41.43993,-73.57642,608,26.5,26.9,21.7,73.4,19.2,0.000,0.000,0.00,0.000,3.6,5.6,0.7,341,13,4.1,6.6,0.9,347,13,4.1,6.6,0.9,347,13,137,29.44,0.1,0,0,0,45.3,48.6,50.2,0.32,0.32,0.30
BREW,2019-11-08 08:05:00 EST,41.43993,-73.57642,608,27.4,27.5,24.0,73.0,19.9,0.000,0.000,0.00,0.000,2.5,4.2,0.8,342,18,3.0,5.0,0.9,346,19,3.0,5.0,0.9,346,19,184,29.44,0.0,0,0,0,45.3,48.6,50.2,0.32,0.32,0.30
BREW,2019-11-08 08:10:00 EST,41.43993,-73.57642,608,28.0,27.9,28.0,71.3,19.9,0.000,0.000,0.00,0.000,2.2,3.6,0.6,344,20,2.6,4.3,0.7,350,20,2.6,4.3,0.7,350,20,251,29.44,0.0,0,0,0,45.3,48.6,50.2,0.32,0.32,0.30
BREW,2019-11-08 08:15:00 EST,41.43993,-73.57642,608,28.2,28.0,24.4,69.4,19.4,0.000,0.000,0.00,0.000,2.8,4.6,1.2,325,20,3.4,5.3,1.2,333,24,3.4,5.3,1.2,333,24,203,29.44,0.1,0,0,0,45.3,48.6,50.2,0.32,0.32,0.30
BREW,2019-11-08 08:20:00 EST,41.43993,-73.57642,608,28.9,28.3,24.2,70.1,20.4,0.000,0.000,0.00,0.000,3.6,5.5,0.8,352,19,4.2,5.9,1.0,357,17,4.2,5.9,1.0,357,17,192,29.44,0.1,0,0,0,45.3,48.5,50.2,0.32,0.32,0.30
BREW,2019-11-08 08:25:00 EST,41.43993,-73.57642,608,28.5,28.2,24.3,69.7,19.8,0.000,0.000,0.00,0.000,3.1,5.8,1.0,356,14,3.8,7.0,1.2,0,11,3.8,7.0,1.2,0,11,116,29.44,0.0,0,0,0,45.3,48.6,50.2,0.32,0.32,0.30
BREW,2019-11-08 08:30:00 EST,41.43993,-73.57642,608,28.6,28.3,21.5,70.1,20.0,0.000,0.000,0.00,0.000,6.0,8.1,0.8,345,14,6.8,9.3,1.0,352,11,6.8,9.3,1.0,352,11,148,29.44,0.1,0,0,0,45.3,48.5,50.2,0.32,0.32,0.30
BREW,2019-11-08 08:35:00 EST,41.43993,-73.57642,608,28.6,28.3,21.5,71.2,20.4,0.000,0.000,0.00,0.000,5.9,8.9,1.4,355,21,6.8,10.4,1.5,359,18,6.8,10.4,1.5,359,18,102,29.44,0.1,0,0,0,45.3,48.5,50.2,0.32,0.32,0.30
BREW,2019-11-08 08:40:00 EST,41.43993,-73.57642,608,28.6,28.3,21.4,70.9,20.4,0.000,0.000,0.00,0.000,6.5,9.9,1.4,336,19,7.0,11.3,1.7,342,19,7.0,11.3,1.7,342,19,229,29.44,0.1,0,0,0,45.3,48.5,50.2,0.32,0.32,0.30
BREW,2019-11-08 08:45:00 EST,41.43993,-73.57642,608,29.0,28.6,23.1,71.3,20.9,0.000,0.000,0.00,0.000,4.8,8.7,1.4,342,18,5.6,9.7,1.4,349,18,5.6,9.7,1.4,349,18,196,29.44,0.0,0,0,0,45.3,48.6,50.2,0.32,0.32,0.30
BREW,2019-11-08 08:50:00 EST,41.43993,-73.57642,608,29.1,28.8,22.6,70.2,20.7,0.000,0.000,0.00,0.000,5.5,10.5,2.4,359,17,6.3,11.8,2.6,3,14,6.3,11.8,2.6,3,14,248,29.44,0.2,0,0,0,45.2,48.5,50.2,0.32,0.32,0.30
BREW,2019-11-08 08:55:00 EST,41.43993,-73.57642,608,29.6,29.1,22.9,70.4,21.1,0.000,0.000,0.00,0.000,5.6,11.0,2.2,327,15,6.6,12.4,2.1,331,15,6.6,12.4,2.1,331,15,239,29.44,0.1,0,0,0,45.2,48.5,50.2,0.32,0.32,0.30
BREW,2019-11-08 09:00:00 EST,41.43993,-73.57642,608,29.9,29.4,24.1,69.5,21.2,0.000,0.000,0.00,0.000,4.6,7.9,1.2,333,22,5.6,8.9,1.1,341,17,5.6,8.9,1.1,341,17,356,29.45,0.1,0,0,0,45.1,48.5,50.2,0.32,0.32,0.30
BREW,2019-11-08 09:05:00 EST,41.43993,-73.57642,608,30.1,29.3,22.9,68.6,21.0,0.000,0.000,0.00,0.000,6.9,10.4,1.7,330,20,7.4,11.9,1.7,336,18,7.4,11.9,1.7,336,18,246,29.44,0.1,0,0,0,45.1,48.4,50.2,0.32,0.32,0.30
BREW,2019-11-08 09:10:00 EST,41.43993,-73.57642,608,29.6,29.2,21.6,69.4,20.8,0.000,0.000,0.00,0.000,7.6,12.9,2.1,346,23,8.5,14.3,2.3,352,16,8.5,14.3,2.3,352,16,159,29.44,0.1,0,0,0,45.1,48.4,50.2,0.32,0.32,0.30
BREW,2019-11-08 09:15:00 EST,41.43993,-73.57642,608,29.7,29.2,22.6,71.2,21.5,0.000,0.000,0.00,0.000,6.2,12.4,2.4,346,22,7.1,13.5,2.4,353,19,7.1,13.5,2.4,353,19,187,29.44,0.1,0,0,0,45.1,48.4,50.2,0.32,0.32,0.30
BREW,2019-11-08 09:20:00 EST,41.43993,-73.57642,608,30.0,29.5,24.1,70.9,21.7,0.000,0.000,0.00,0.000,5.1,9.6,1.9,340,22,5.6,10.1,2.0,347,20,5.6,10.1,2.0,347,20,223,29.44,0.1,0,0,0,45.1,48.4,50.2,0.32,0.32,0.30
BREW,2019-11-08 09:25:00 EST,41.43993,-73.57642,608,30.0,29.5,22.7,70.6,21.6,0.000,0.000,0.00,0.000,6.8,11.1,1.8,339,16,7.6,11.5,2.1,346,16,7.6,11.5,2.1,346,16,229,29.44,0.1,0,0,0,45.1,48.4,50.2,0.32,0.32,0.30
BREW,2019-11-08 09:30:00 EST,41.43993,-73.57642,608,30.2,29.7,23.3,69.3,21.4,0.000,0.000,0.00,0.000,6.2,9.9,1.7,346,17,7.1,11.3,2.0,353,15,7.1,11.3,2.0,353,15,196,29.44,0.1,0,0,0,45.1,48.4,50.2,0.32,0.32,0.30
BREW,2019-11-08 09:35:00 EST,41.43993,-73.57642,608,30.4,30.0,23.0,69.9,21.7,0.000,0.000,0.00,0.000,7.1,14.8,2.9,339,17,7.8,17.8,3.1,345,16,7.8,17.8,3.1,345,16,230,29.44,0.2,0,0,0,45.1,48.4,50.2,0.32,0.32,0.30
BREW,2019-11-08 09:40:00 EST,41.43993,-73.57642,608,31.1,30.5,22.7,68.3,21.8,0.000,0.000,0.00,0.000,8.9,14.7,2.2,330,20,9.7,15.9,2.3,335,18,9.7,15.9,2.3,335,18,291,29.44,0.1,0,0,0,45.1,48.4,50.2,0.32,0.32,0.30
BREW,2019-11-08 09:45:00 EST,41.43993,-73.57642,608,31.2,30.5,22.9,67.0,21.5,0.000,0.000,0.00,0.000,8.8,15.3,2.7,348,18,9.6,16.1,2.5,352,15,9.6,16.1,2.5,352,15,282,29.45,0.1,0,0,0,45.1,48.4,50.2,0.32,0.32,0.30
BREW,2019-11-08 09:50:00 EST,41.43993,-73.57642,608,31.0,30.6,23.7,67.3,21.5,0.000,0.000,0.00,0.000,7.1,13.4,1.9,335,23,7.9,13.9,2.0,342,22,7.9,13.9,2.0,342,22,136,29.45,-0.0,0,0,0,45.1,48.4,50.2,0.32,0.32,0.30
BREW,2019-11-08 09:55:00 EST,41.43993,-73.57642,608,30.6,30.3,20.6,64.8,20.1,0.000,0.000,0.00,0.000,12.0,21.8,3.4,314,17,12.8,29.7,3.9,319,19,12.8,29.7,3.9,319,19,283,29.45,0.1,0,0,0,45.0,48.4,50.2,0.32,0.32,0.30
BREW,2019-11-08 10:00:00 EST,41.43993,-73.57642,608,31.0,30.6,20.7,61.4,19.3,0.000,0.000,0.00,0.000,13.4,21.0,2.9,315,16,14.2,22.4,3.0,323,16,14.2,22.4,3.0,323,16,387,29.45,0.1,0,0,0,45.0,48.4,50.2,0.32,0.32,0.30
BREW,2019-11-08 10:05:00 EST,41.43993,-73.57642,608,31.9,31.3,21.1,60.0,19.6,0.000,0.000,0.00,0.000,15.0,23.0,3.4,323,23,16.0,27.1,3.7,326,23,16.0,27.1,3.7,326,23,445,29.45,0.1,0,0,0,45.0,48.4,50.2,0.32,0.32,0.30
BREW,2019-11-08 10:10:00 EST,41.43993,-73.57642,608,31.9,31.3,21.0,59.1,19.3,0.000,0.000,0.00,0.000,15.2,24.8,4.0,345,17,16.5,30.2,4.3,351,15,16.5,30.2,4.3,351,15,383,29.45,0.2,0,0,0,45.0,48.4,50.2,0.32,0.32,0.30
BREW,2019-11-08 10:15:00 EST,41.43993,-73.57642,608,32.9,31.9,24.3,59.5,20.3,0.000,0.000,0.00,0.000,10.0,24.3,3.3,344,22,11.0,24.6,3.4,348,16,11.0,24.6,3.4,348,16,477,29.45,0.0,0,0,0,45.0,48.4,50.2,0.32,0.32,0.30
BREW,2019-11-08 10:20:00 EST,41.43993,-73.57642,608,31.7,30.5,21.4,63.5,20.7,0.000,0.000,0.00,0.000,12.8,21.6,3.6,357,18,14.3,25.0,3.8,2,15,14.3,25.0,3.8,2,15,281,29.45,-0.0,0,0,0,45.0,48.4,50.2,0.32,0.32,0.30
BREW,2019-11-08 10:25:00 EST,41.43993,-73.57642,608,30.3,29.8,20.3,67.5,20.8,0.000,0.000,0.00,0.000,11.5,23.9,4.4,353,19,12.7,26.2,4.2,0,13,12.7,26.2,4.2,0,13,157,29.45,0.1,0,0,0,45.0,48.4,50.2,0.32,0.32,0.30
BREW,2019-11-08 10:30:00 EST,41.43993,-73.57642,608,29.5,29.3,19.0,69.1,20.6,0.000,0.000,0.00,0.000,12.2,21.3,3.2,3,14,13.4,23.5,3.6,7,8,13.4,23.5,3.6,7,8,123,29.46,0.1,0,0,0,45.0,48.4,50.2,0.32,0.32,0.30
BREW,2019-11-08 10:35:00 EST,41.43993,-73.57642,608,30.2,29.6,21.1,69.7,21.5,0.000,0.000,0.00,0.000,10.0,19.8,2.8,350,24,10.9,20.5,2.9,355,17,10.9,20.5,2.9,355,17,256,29.46,0.0,0,0,0,45.0,48.4,50.2,0.32,0.32,0.30
BREW,2019-11-08 10:40:00 EST,41.43993,-73.57642,608,29.9,29.5,18.2,66.6,20.1,0.000,0.000,0.00,0.000,15.8,25.6,3.1,342,16,16.9,25.4,3.2,348,14,16.9,25.4,3.2,348,14,262,29.46,0.2,0,0,0,45.0,48.4,50.2,0.32,0.32,0.30
BREW,2019-11-08 10:45:00 EST,41.43993,-73.57642,608,31.4,30.4,20.2,64.8,20.9,0.000,0.000,0.00,0.000,15.5,23.2,3.6,342,24,16.7,26.1,3.6,349,16,16.7,26.1,3.6,349,16,486,29.46,0.1,0,0,0,45.0,48.4,50.2,0.32,0.32,0.30
BREW,2019-11-08 10:50:00 EST,41.43993,-73.57642,608,31.5,30.6,19.8,62.2,20.1,0.000,0.000,0.00,0.000,17.3,25.5,3.6,343,14,18.5,27.4,3.8,348,11,18.5,27.4,3.8,348,11,486,29.46,0.2,0,0,0,45.0,48.4,50.2,0.32,0.32,0.30
BREW,2019-11-08 10:55:00 EST,41.43993,-73.57642,608,31.7,30.8,21.0,59.5,19.2,0.000,0.000,0.00,0.000,14.2,23.6,4.2,342,20,15.7,26.3,4.4,346,20,15.7,26.3,4.4,346,20,499,29.46,0.3,0,0,0,45.0,48.4,50.2,0.32,0.32,0.30
BREW,2019-11-08 11:00:00 EST,41.43993,-73.57642,608,32.2,31.1,20.9,56.1,18.3,0.000,0.000,0.00,0.000,16.5,25.0,3.4,330,16,18.0,29.8,3.7,335,14,18.0,29.8,3.7,335,14,499,29.46,0.1,0,0,0,45.0,48.4,50.2,0.32,0.32,0.30
BREW,2019-11-08 11:05:00 EST,41.43993,-73.57642,608,32.4,31.2,21.9,53.5,17.3,0.000,0.000,0.00,0.000,14.4,23.2,3.2,334,14,15.4,25.5,3.4,339,13,15.4,25.5,3.4,339,13,511,29.46,0.2,0,0,0,45.0,48.4,50.2,0.32,0.32,0.30
BREW,2019-11-08 11:10:00 EST,41.43993,-73.57642,608,32.5,31.4,21.3,52.5,17.1,0.000,0.000,0.00,0.000,17.0,25.3,3.8,333,16,18.0,28.8,4.0,339,14,18.0,28.8,4.0,339,14,517,29.45,0.1,0,0,0,45.0,48.4,50.2,0.32,0.32,0.30
BREW,2019-11-08 11:15:00 EST,41.43993,-73.57642,608,33.0,31.8,22.9,50.8,16.8,0.000,0.000,0.00,0.000,13.8,22.9,3.5,326,21,15.0,24.8,3.5,333,21,15.0,24.8,3.5,333,21,539,29.45,0.1,0,0,0,44.9,48.4,50.2,0.32,0.32,0.30
BREW,2019-11-08 11:20:00 EST,41.43993,-73.57642,608,33.3,32.1,23.5,48.9,16.2,0.000,0.000,0.00,0.000,13.4,22.1,3.5,333,14,14.5,23.6,3.7,338,12,14.5,23.6,3.7,338,12,551,29.46,0.2,0,0,0,44.9,48.4,50.2,0.32,0.32,0.30
BREW,2019-11-08 11:25:00 EST,41.43993,-73.57642,608,34.1,32.8,24.4,47.3,16.1,0.000,0.000,0.00,0.000,13.6,23.2,3.7,324,20,14.6,24.3,3.7,329,18,14.6,24.3,3.7,329,18,558,29.46,0.1,0,0,0,44.8,48.4,50.2,0.32,0.32,0.30
BREW,2019-11-08 11:30:00 EST,41.43993,-73.57642,608,33.8,32.5,23.6,45.4,14.9,0.000,0.000,0.00,0.000,14.9,22.5,3.6,324,19,15.9,27.6,3.9,328,18,15.9,27.6,3.9,328,18,591,29.45,0.2,0,0,0,44.8,48.3,50.2,0.32,0.32,0.30
BREW,2019-11-08 11:35:00 EST,41.43993,-73.57642,608,33.9,32.6,23.5,45.5,15.0,0.000,0.000,0.00,0.000,16.0,24.0,3.4,332,17,16.6,25.1,3.6,338,17,16.6,25.1,3.6,338,17,541,29.45,0.1,0,0,0,44.8,48.4,50.2,0.32,0.32,0.30
BREW,2019-11-08 11:40:00 EST,41.43993,-73.57642,608,33.9,32.6,23.8,46.4,15.5,0.000,0.000,0.00,0.000,14.8,24.6,3.7,343,20,15.8,29.0,3.8,349,16,15.8,29.0,3.8,349,16,549,29.45,0.2,0,0,0,44.9,48.3,50.2,0.32,0.32,0.30
BREW,2019-11-08 11:45:00 EST,41.43993,-73.57642,608,33.4,32.1,22.2,46.4,15.0,0.000,0.000,0.00,0.000,17.6,25.4,5.3,349,18,18.8,33.6,5.7,356,12,18.8,33.6,5.7,356,12,542,29.45,0.1,0,0,0,44.8,48.3,50.2,0.32,0.32,0.30
BREW,2019-11-08 11:50:00 EST,41.43993,-73.57642,608,32.4,31.5,21.3,46.7,14.3,0.000,0.000,0.00,0.000,16.1,24.8,4.2,345,15,17.4,29.3,4.4,351,14,17.4,29.3,4.4,351,14,356,29.45,0.1,0,0,0,44.8,48.3,50.2,0.32,0.32,0.30
BREW,2019-11-08 11:55:00 EST,41.43993,-73.57642,608,32.0,31.0,20.4,46.9,14.0,0.000,0.000,0.00,0.000,17.6,25.1,3.6,336,14,18.7,28.6,3.9,341,12,18.7,28.6,3.9,341,12,439,29.45,0.2,0,0,0,44.9,48.2,50.2,0.32,0.32,0.30
BREW,2019-11-08 12:00:00 EST,41.43993,-73.57642,608,32.4,31.2,20.6,45.7,13.7,0.000,0.000,0.00,0.000,18.4,24.9,4.2,326,13,19.6,29.8,4.7,331,11,19.6,29.8,4.7,331,11,519,29.45,0.1,0,0,0,44.9,48.2,50.2,0.32,0.32,0.30
BREW,2019-11-08 12:05:00 EST,41.43993,-73.57642,608,32.8,31.4,21.3,44.5,13.5,0.000,0.000,0.00,0.000,18.0,25.6,4.3,338,18,19.0,27.6,4.7,343,16,19.0,27.6,4.7,343,16,516,29.45,0.1,0,0,0,44.9,48.2,50.2,0.32,0.32,0.30
BREW,2019-11-08 12:10:00 EST,41.43993,-73.57642,608,32.7,31.4,21.8,43.4,12.9,0.000,0.000,0.00,0.000,15.8,23.5,3.9,325,16,17.0,29.2,4.2,331,15,17.0,29.2,4.2,331,15,486,29.45,0.0,0,0,0,44.9,48.2,50.2,0.32,0.32,0.30
BREW,2019-11-08 12:15:00 EST,41.43993,-73.57642,608,32.8,31.6,21.8,42.6,12.5,0.000,0.000,0.00,0.000,16.2,23.0,3.8,330,17,17.4,29.6,4.2,336,16,17.4,29.6,4.2,336,16,512,29.45,0.3,0,0,0,44.9,48.2,50.2,0.32,0.32,0.30
BREW,2019-11-08 12:20:00 EST,41.43993,-73.57642,608,33.2,32.0,23.0,40.4,11.7,0.000,0.000,0.00,0.000,14.2,24.3,3.9,311,20,15.1,27.7,4.0,317,20,15.1,27.7,4.0,317,20,526,29.45,0.4,0,0,0,45.0,48.2,50.2,0.32,0.32,0.30
BREW,2019-11-08 12:25:00 EST,41.43993,-73.57642,608,33.4,32.1,22.8,40.4,11.9,0.000,0.000,0.00,0.000,16.0,25.1,3.7,331,17,16.8,27.0,3.9,338,14,16.8,27.0,3.9,338,14,529,29.45,0.2,0,0,0,45.0,48.2,50.2,0.32,0.32,0.30
BREW,2019-11-08 12:30:00 EST,41.43993,-73.57642,608,33.4,32.0,22.8,40.7,12.1,0.000,0.000,0.00,0.000,15.9,25.1,3.5,336,17,17.0,25.5,3.5,343,16,17.0,25.5,3.5,343,16,539,29.45,0.0,0,0,0,45.0,48.2,50.2,0.32,0.32,0.30
BREW,2019-11-08 12:35:00 EST,41.43993,-73.57642,608,33.3,31.9,22.3,41.0,12.2,0.000,0.000,0.00,0.000,17.4,24.9,3.5,336,15,18.1,28.4,3.8,342,15,18.1,28.4,3.8,342,15,526,29.45,0.1,0,0,0,45.0,48.2,50.2,0.32,0.32,0.30
BREW,2019-11-08 12:40:00 EST,41.43993,-73.57642,608,33.7,32.2,24.4,41.5,12.7,0.000,0.000,0.00,0.000,12.5,24.9,3.6,325,26,13.2,26.4,3.7,331,22,13.2,26.4,3.7,331,22,501,29.45,0.2,0,0,0,45.0,48.2,50.2,0.32,0.32,0.30
BREW,2019-11-08 12:45:00 EST,41.43993,-73.57642,608,34.1,32.5,23.8,40.8,12.8,0.000,0.000,0.00,0.000,15.4,23.4,3.9,350,25,16.5,28.2,4.1,355,14,16.5,28.2,4.1,355,14,519,29.45,-0.0,0,0,0,45.0,48.2,50.2,0.32,0.32,0.30
BREW,2019-11-08 12:50:00 EST,41.43993,-73.57642,608,33.3,31.9,22.3,40.1,11.6,0.000,0.000,0.00,0.000,16.7,24.8,3.4,352,24,17.9,27.6,3.8,358,14,17.9,27.6,3.8,358,14,440,29.45,0.1,0,0,0,45.0,48.2,50.2,0.32,0.32,0.30
BREW,2019-11-08 12:55:00 EST,41.43993,-73.57642,608,33.2,31.8,21.7,39.7,11.3,0.000,0.000,0.00,0.000,18.3,25.6,4.2,355,22,19.5,29.2,4.6,1,10,19.5,29.2,4.6,1,10,478,29.45,0.1,0,0,0,45.0,48.2,50.2,0.32,0.32,0.30
BREW,2019-11-08 13:00:00 EST,41.43993,-73.57642,608,33.8,32.2,24.3,40.8,12.4,0.000,0.000,0.00,0.000,12.4,22.8,4.1,334,25,13.7,26.5,4.1,340,19,13.7,26.5,4.1,340,19,473,29.45,0.0,0,0,0,45.0,48.2,50.2,0.32,0.32,0.30
BREW,2019-11-08 13:05:00 EST,41.43993,-73.57642,608,33.5,32.2,23.1,39.8,11.6,0.000,0.000,0.00,0.000,15.8,24.8,3.3,332,22,16.5,29.0,3.7,338,20,16.5,29.0,3.7,338,20,467,29.45,-0.0,0,0,0,45.0,48.2,50.2,0.32,0.32,0.30
BREW,2019-11-08 13:10:00 EST,41.43993,-73.57642,608,33.4,32.0,22.3,39.1,11.2,0.000,0.000,0.00,0.000,17.4,24.5,3.8,346,18,18.4,26.6,3.9,353,13,18.4,26.6,3.9,353,13,456,29.45,0.0,0,0,0,45.0,48.2,50.2,0.32,0.32,0.30
BREW,2019-11-08 13:15:00 EST,41.43993,-73.57642,608,33.7,32.1,23.8,39.3,11.5,0.000,0.000,0.00,0.000,13.8,23.7,3.9,339,19,14.9,26.7,4.0,344,17,14.9,26.7,4.0,344,17,454,29.45,0.1,0,0,0,45.1,48.2,50.2,0.32,0.32,0.30
BREW,2019-11-08 13:20:00 EST,41.43993,-73.57642,608,33.6,32.2,23.6,40.3,11.9,0.000,0.000,0.00,0.000,14.1,24.4,4.2,327,24,15.1,29.6,4.5,334,23,15.1,29.6,4.5,334,23,398,29.45,0.1,0,0,0,45.1,48.2,50.2,0.32,0.32,0.30
BREW,2019-11-08 13:25:00 EST,41.43993,-73.57642,608,33.4,32.1,22.8,38.4,10.7,0.000,0.000,0.00,0.000,15.7,24.8,4.1,345,18,16.7,27.2,4.2,351,15,16.7,27.2,4.2,351,15,439,29.45,0.2,0,0,0,45.1,48.2,50.2,0.32,0.32,0.30
BREW,2019-11-08 13:30:00 EST,41.43993,-73.57642,608,33.5,32.2,22.3,37.7,10.4,0.000,0.000,0.00,0.000,17.5,23.7,3.4,340,16,18.6,31.6,3.9,344,14,18.6,31.6,3.9,344,14,431,29.45,0.2,0,0,0,45.1,48.2,50.2,0.32,0.32,0.30
BREW,2019-11-08 13:35:00 EST,41.43993,-73.57642,608,33.2,32.1,22.6,38.3,10.5,0.000,0.000,0.00,0.000,15.6,22.9,4.2,325,20,16.6,25.5,4.1,331,18,16.6,25.5,4.1,331,18,331,29.45,0.0,0,0,0,45.1,48.2,50.2,0.32,0.32,0.30
BREW,2019-11-08 13:40:00 EST,41.43993,-73.57642,608,33.1,32.1,22.6,39.8,11.3,0.000,0.000,0.00,0.000,15.0,24.3,3.8,340,16,16.0,24.6,3.7,345,14,16.0,24.6,3.7,345,14,378,29.46,0.0,0,0,0,45.1,48.2,50.2,0.32,0.32,0.30
BREW,2019-11-08 13:45:00 EST,41.43993,-73.57642,608,33.1,32.0,22.0,38.7,10.6,0.000,0.000,0.00,0.000,16.8,26.5,4.8,343,20,18.1,31.7,5.0,347,15,18.1,31.7,5.0,347,15,425,29.46,0.2,0,0,0,45.1,48.2,50.2,0.32,0.32,0.30
BREW,2019-11-08 13:50:00 EST,41.43993,-73.57642,608,33.6,32.4,23.4,38.5,11.0,0.000,0.000,0.00,0.000,14.7,24.6,4.6,345,24,15.8,29.3,4.8,352,15,15.8,29.3,4.8,352,15,424,29.45,0.2,0,0,0,45.1,48.2,50.2,0.32,0.32,0.30
BREW,2019-11-08 13:55:00 EST,41.43993,-73.57642,608,34.1,32.8,24.1,39.0,11.7,0.000,0.000,0.00,0.000,14.6,23.0,4.0,345,20,15.4,24.4,4.1,350,14,15.4,24.4,4.1,350,14,375,29.46,-0.1,0,0,0,45.1,48.2,50.1,0.32,0.32,0.30
BREW,2019-11-08 14:00:00 EST,41.43993,-73.57642,608,33.2,32.2,22.8,38.7,10.8,0.000,0.000,0.00,0.000,15.1,24.5,3.7,347,17,16.1,27.2,3.7,354,14,16.1,27.2,3.7,354,14,284,29.46,-0.1,0,0,0,45.3,48.2,50.2,0.32,0.32,0.30
BREW,2019-11-08 14:05:00 EST,41.43993,-73.57642,608,33.0,32.1,22.7,38.5,10.4,0.000,0.000,0.00,0.000,14.8,23.2,3.3,334,14,15.7,25.1,3.3,340,13,15.7,25.1,3.3,340,13,364,29.46,0.1,0,0,0,45.3,48.2,50.0,0.32,0.32,0.30
BREW,2019-11-08 14:10:00 EST,41.43993,-73.57642,608,33.8,32.6,24.7,38.1,10.9,0.000,0.000,0.00,0.000,12.0,19.3,3.2,334,21,12.9,20.9,3.1,342,18,12.9,20.9,3.1,342,18,357,29.46,0.1,0,0,0,45.3,48.2,50.0,0.32,0.32,0.30
BREW,2019-11-08 14:15:00 EST,41.43993,-73.57642,608,33.8,32.8,24.3,37.1,10.3,0.000,0.000,0.00,0.000,13.3,20.4,3.0,344,17,14.0,21.4,3.0,349,15,14.0,21.4,3.0,349,15,341,29.46,0.2,0,0,0,45.3,48.2,50.1,0.32,0.32,0.30
BREW,2019-11-08 14:20:00 EST,41.43993,-73.57642,608,33.5,32.6,23.2,37.4,10.2,0.000,0.000,0.00,0.000,14.6,24.4,3.8,341,18,15.9,28.4,4.1,346,16,15.9,28.4,4.1,346,16,333,29.46,0.1,0,0,0,45.3,48.2,50.0,0.32,0.32,0.30
BREW,2019-11-08 14:25:00 EST,41.43993,-73.57642,608,33.2,32.6,23.4,37.8,10.2,0.000,0.000,0.00,0.000,13.2,22.9,3.6,335,16,14.2,23.3,3.7,340,13,14.2,23.3,3.7,340,13,220,29.46,-0.0,0,0,0,45.3,48.2,50.1,0.32,0.32,0.30
BREW,2019-11-08 14:30:00 EST,41.43993,-73.57642,608,32.6,32.3,22.9,38.4,10.0,0.000,0.000,0.00,0.000,12.4,17.9,2.5,347,18,13.6,20.1,2.7,353,16,13.6,20.1,2.7,353,16,185,29.46,0.1,0,0,0,45.3,48.2,50.0,0.32,0.32,0.30
BREW,2019-11-08 14:35:00 EST,41.43993,-73.57642,608,32.9,32.4,22.1,38.4,10.3,0.000,0.000,0.00,0.000,16.0,23.5,3.2,349,22,17.1,27.7,3.6,353,14,17.1,27.7,3.6,353,14,287,29.46,0.1,0,0,0,45.3,48.2,49.9,0.32,0.32,0.30
BREW,2019-11-08 14:40:00 EST,41.43993,-73.57642,608,33.3,32.6,23.5,37.7,10.3,0.000,0.000,0.00,0.000,13.7,21.2,3.3,341,19,14.4,21.2,3.4,348,14,14.4,21.2,3.4,348,14,303,29.47,0.0,0,0,0,45.3,48.2,49.8,0.32,0.32,0.30
BREW,2019-11-08 14:45:00 EST,41.43993,-73.57642,608,33.5,32.8,24.1,38.6,10.9,0.000,0.000,0.00,0.000,12.4,20.5,3.3,350,18,13.6,22.8,3.4,356,17,13.6,22.8,3.4,356,17,295,29.47,0.0,0,0,0,45.5,48.2,49.8,0.32,0.32,0.30
BREW,2019-11-08 14:50:00 EST,41.43993,-73.57642,608,33.4,32.8,23.6,38.1,10.6,0.000,0.000,0.00,0.000,13.7,20.3,3.0,334,23,14.4,22.0,3.2,342,22,14.4,22.0,3.2,342,22,285,29.47,-0.0,0,0,0,45.5,48.2,49.8,0.32,0.32,0.30
BREW,2019-11-08 14:55:00 EST,41.43993,-73.57642,608,33.3,32.7,24.2,38.4,10.7,0.000,0.000,0.00,0.000,11.5,20.7,4.0,343,16,12.4,22.5,4.0,350,15,12.4,22.5,4.0,350,15,258,29.47,0.0,0,0,0,45.5,48.0,49.8,0.32,0.32,0.30
BREW,2019-11-08 15:00:00 EST,41.43993,-73.57642,608,33.0,32.7,24.1,38.6,10.5,0.000,0.000,0.00,0.000,10.9,16.4,2.5,341,23,11.9,17.3,2.7,348,19,11.9,17.3,2.7,348,19,246,29.47,0.1,0,0,0,45.5,48.1,49.8,0.32,0.32,0.30
BREW,2019-11-08 15:05:00 EST,41.43993,-73.57642,608,32.9,32.7,23.8,39.3,10.8,0.000,0.000,0.00,0.000,11.5,17.6,3.6,345,17,12.3,20.3,3.8,352,12,12.3,20.3,3.8,352,12,233,29.48,0.0,0,0,0,45.5,48.1,49.8,0.32,0.32,0.30
BREW,2019-11-08 15:10:00 EST,41.43993,-73.57642,608,32.8,32.7,24.1,39.7,10.9,0.000,0.000,0.00,0.000,10.5,18.8,3.5,358,22,11.3,20.5,3.8,2,18,11.3,20.5,3.8,2,18,200,29.48,0.1,0,0,0,45.5,48.1,49.8,0.32,0.32,0.30
BREW,2019-11-08 15:15:00 EST,41.43993,-73.57642,608,32.6,32.6,23.6,40.1,10.9,0.000,0.000,0.00,0.000,10.9,16.6,2.6,338,13,11.8,17.1,2.5,346,12,11.8,17.1,2.5,346,12,155,29.48,-0.0,0,0,0,45.5,48.0,49.8,0.32,0.32,0.30
BREW,2019-11-08 15:20:00 EST,41.43993,-73.57642,608,32.2,32.5,23.2,40.5,10.9,0.000,0.000,0.00,0.000,10.9,18.4,3.0,345,16,11.8,20.8,3.1,351,13,11.8,20.8,3.1,351,13,72,29.48,0.0,0,0,0,45.5,48.0,49.8,0.32,0.32,0.30
BREW,2019-11-08 15:25:00 EST,41.43993,-73.57642,608,31.6,32.0,22.4,41.4,10.8,0.000,0.000,0.00,0.000,11.0,18.8,3.2,350,19,11.8,19.4,3.2,355,14,11.8,19.4,3.2,355,14,45,29.48,-0.0,0,0,0,45.5,48.0,49.8,0.32,0.32,0.30
BREW,2019-11-08 15:30:00 EST,41.43993,-73.57642,608,31.3,31.7,21.7,41.7,10.6,0.000,0.000,0.00,0.000,11.9,19.4,3.0,340,25,12.5,20.7,3.1,345,18,12.5,20.7,3.1,345,18,41,29.48,0.0,0,0,0,45.5,48.0,49.8,0.32,0.32,0.30
BREW,2019-11-08 15:35:00 EST,41.43993,-73.57642,608,31.5,32.0,23.0,42.0,11.0,0.000,0.000,0.00,0.000,9.3,15.0,2.0,346,19,10.3,16.0,2.3,352,17,10.3,16.0,2.3,352,17,48,29.49,-0.0,0,0,0,45.5,48.0,49.8,0.32,0.32,0.30
BREW,2019-11-08 15:40:00 EST,41.43993,-73.57642,608,31.4,31.8,22.1,42.2,11.1,0.000,0.000,0.00,0.000,10.7,16.4,2.2,337,19,11.9,18.3,2.5,343,19,11.9,18.3,2.5,343,19,47,29.49,0.0,0,0,0,45.5,48.0,49.8,0.32,0.32,0.30
BREW,2019-11-08 15:45:00 EST,41.43993,-73.57642,608,31.2,31.6,21.7,42.4,11.0,0.000,0.000,0.00,0.000,11.3,15.7,2.2,349,24,12.2,17.6,2.5,353,14,12.2,17.6,2.5,353,14,36,29.49,-0.0,0,0,0,45.5,48.0,49.8,0.32,0.32,0.30
BREW,2019-11-08 15:50:00 EST,41.43993,-73.57642,608,30.9,31.3,21.3,42.0,10.5,0.000,0.000,0.00,0.000,11.3,17.7,2.6,342,20,12.2,19.4,2.7,347,19,12.2,19.4,2.7,347,19,35,29.49,0.0,0,0,0,45.6,48.0,49.8,0.32,0.32,0.30
BREW,2019-11-08 15:55:00 EST,41.43993,-73.57642,608,30.8,31.3,20.9,42.3,10.5,0.000,0.000,0.00,0.000,12.0,23.1,4.3,344,13,12.8,24.7,4.5,350,12,12.8,24.7,4.5,350,12,30,29.49,0.1,0,0,0,45.6,48.0,49.8,0.32,0.32,0.30
BREW,2019-11-08 16:00:00 EST,41.43993,-73.57642,608,30.7,31.2,20.9,42.1,10.3,0.000,0.000,0.00,0.000,11.8,18.9,3.1,340,18,12.7,20.1,3.1,348,13,12.7,20.1,3.1,348,13,29,29.49,0.0,0,0,0,45.7,48.0,49.8,0.32,0.32,0.30
BREW,2019-11-08 16:05:00 EST,41.43993,-73.57642,608,30.7,31.2,22.4,42.3,10.4,0.000,0.000,0.00,0.000,8.8,12.5,1.7,339,14,9.5,13.2,1.9,345,14,9.5,13.2,1.9,345,14,26,29.50,-0.0,0,0,0,45.7,48.0,49.8,0.32,0.32,0.30
BREW,2019-11-08 16:10:00 EST,41.43993,-73.57642,608,30.6,31.2,21.8,42.7,10.5,0.000,0.000,0.00,0.000,9.7,18.7,3.8,322,15,10.4,21.1,4.0,326,14,10.4,21.1,4.0,326,14,21,29.50,0.0,0,0,0,45.7,48.0,49.8,0.32,0.32,0.30
BREW,2019-11-08 16:15:00 EST,41.43993,-73.57642,608,30.5,31.1,20.7,42.2,10.2,0.000,0.000,0.00,0.000,11.8,19.5,2.9,331,20,12.5,23.5,3.2,338,16,12.5,23.5,3.2,338,16,18,29.50,0.0,0,0,0,45.7,48.0,49.8,0.32,0.32,0.30
BREW,2019-11-08 16:20:00 EST,41.43993,-73.57642,608,30.2,30.9,21.5,42.9,10.4,0.000,0.000,0.00,0.000,9.6,14.8,2.1,332,19,10.1,15.7,2.3,338,17,10.1,15.7,2.3,338,17,16,29.50,0.0,0,0,0,45.7,48.0,49.8,0.32,0.32,0.30
BREW,2019-11-08 16:25:00 EST,41.43993,-73.57642,608,30.1,30.7,20.4,43.1,10.3,0.000,0.000,0.00,0.000,11.1,17.4,2.4,339,21,11.9,19.4,2.6,347,19,11.9,19.4,2.6,347,19,14,29.50,0.0,0,0,0,45.7,48.0,49.8,0.32,0.32,0.30
BREW,2019-11-08 16:30:00 EST,41.43993,-73.57642,608,30.1,30.7,20.4,42.6,10.1,0.000,0.000,0.00,0.000,11.3,19.9,2.9,320,15,11.9,20.7,2.8,325,14,11.9,20.7,2.8,325,14,12,29.50,-0.1,0,0,0,45.7,48.0,49.8,0.32,0.32,0.30
BREW,2019-11-08 16:35:00 EST,41.43993,-73.57642,608,29.8,30.5,20.5,43.6,10.3,0.000,0.000,0.00,0.000,10.1,15.7,2.2,339,17,10.9,16.6,2.2,346,16,10.9,16.6,2.2,346,16,9,29.51,0.0,0,0,0,45.7,48.0,49.8,0.32,0.32,0.30
BREW,2019-11-08 16:40:00 EST,41.43993,-73.57642,608,29.6,30.4,20.4,44.4,10.6,0.000,0.000,0.00,0.000,10.1,17.0,2.7,339,14,10.8,17.0,2.6,346,12,10.8,17.0,2.6,346,12,7,29.51,0.0,0,0,0,45.7,48.0,49.8,0.32,0.32,0.30
BREW,2019-11-08 16:45:00 EST,41.43993,-73.57642,608,29.4,30.3,20.5,45.5,10.9,0.000,0.000,0.00,0.000,9.0,14.7,2.1,338,18,10.0,16.2,2.2,344,17,10.0,16.2,2.2,344,17,5,29.51,0.0,0,0,0,45.7,48.0,49.8,0.32,0.32,0.30
BREW,2019-11-08 16:50:00 EST,41.43993,-73.57642,608,29.5,30.3,20.4,45.7,11.0,0.000,0.000,0.00,0.000,9.6,15.1,2.5,334,14,10.4,15.6,2.5,341,12,10.4,15.6,2.5,341,12,3,29.51,0.0,0,0,0,45.7,48.0,49.8,0.32,0.32,0.30
BREW,2019-11-08 16:55:00 EST,41.43993,-73.57642,608,29.2,30.1,21.4,46.5,11.2,0.000,0.000,0.00,0.000,7.4,11.3,1.5,340,12,8.1,13.2,1.7,345,11,8.1,13.2,1.7,345,11,1,29.51,0.0,0,0,0,45.7,48.0,49.8,0.32,0.32,0.30
BREW,2019-11-08 17:00:00 EST,41.43993,-73.57642,608,29.1,29.9,21.1,47.8,11.7,0.000,0.000,0.00,0.000,7.5,12.5,2.1,335,15,8.2,13.2,2.1,341,13,8.2,13.2,2.1,341,13,0,29.52,-0.0,0,0,0,45.7,48.0,49.8,0.32,0.32,0.30
BREW,2019-11-08 17:05:00 EST,41.43993,-73.57642,608,28.8,29.8,20.5,49.1,12.1,0.000,0.000,0.00,0.000,8.0,12.6,1.8,342,15,8.8,13.5,1.9,349,12,8.8,13.5,1.9,349,12,0,29.52,0.0,0,0,0,45.7,48.0,49.8,0.32,0.32,0.30
BREW,2019-11-08 17:10:00 EST,41.43993,-73.57642,608,28.7,29.7,20.4,49.5,12.2,0.000,0.000,0.00,0.000,8.1,10.3,1.0,338,10,8.7,11.1,1.1,345,10,8.7,11.1,1.1,345,10,0,29.52,0.0,0,0,0,45.7,48.0,49.8,0.32,0.32,0.30
BREW,2019-11-08 17:15:00 EST,41.43993,-73.57642,608,28.6,29.6,19.7,50.1,12.3,0.000,0.000,0.00,0.000,8.8,15.6,2.4,336,15,9.5,15.8,2.5,341,16,9.5,15.8,2.5,341,16,0,29.52,0.0,0,0,0,45.7,48.0,49.8,0.32,0.32,0.30
BREW,2019-11-08 17:20:00 EST,41.43993,-73.57642,608,28.6,29.5,20.0,50.1,12.4,0.000,0.000,0.00,0.000,8.6,14.5,2.1,338,12,9.2,15.8,2.2,345,11,9.2,15.8,2.2,345,11,0,29.53,-0.1,0,0,0,45.7,48.0,49.8,0.32,0.32,0.30
BREW,2019-11-08 17:25:00 EST,41.43993,-73.57642,608,28.4,29.3,19.8,50.3,12.2,0.000,0.000,0.00,0.000,8.1,16.0,2.6,344,17,9.0,16.1,2.5,351,15,9.0,16.1,2.5,351,15,0,29.53,-0.0,0,0,0,45.7,48.0,49.8,0.32,0.32,0.30
BREW,2019-11-08 17:30:00 EST,41.43993,-73.57642,608,28.5,29.4,18.3,50.5,12.4,0.000,0.000,0.00,0.000,11.1,19.4,3.1,336,19,12.0,19.5,3.1,343,15,12.0,19.5,3.1,343,15,0,29.53,-0.0,0,0,0,45.7,48.0,49.8,0.32,0.32,0.30
BREW,2019-11-08 17:35:00 EST,41.43993,-73.57642,608,28.6,29.4,18.9,50.4,12.4,0.000,0.000,0.00,0.000,10.3,16.4,2.6,340,12,11.0,19.0,2.7,346,10,11.0,19.0,2.7,346,10,0,29.53,0.0,0,0,0,45.6,48.0,49.8,0.32,0.32,0.30
BREW,2019-11-08 17:40:00 EST,41.43993,-73.57642,608,28.3,29.2,19.1,51.2,12.6,0.000,0.000,0.00,0.000,9.5,14.7,1.8,336,12,10.1,16.1,1.8,342,11,10.1,16.1,1.8,342,11,0,29.54,0.0,0,0,0,45.6,48.0,49.8,0.32,0.32,0.30
BREW,2019-11-08 17:45:00 EST,41.43993,-73.57642,608,28.2,29.1,18.5,51.8,12.7,0.000,0.000,0.00,0.000,9.7,15.7,2.0,342,14,10.9,17.0,2.0,346,10,10.9,17.0,2.0,346,10,0,29.54,0.0,0,0,0,45.5,48.0,49.8,0.32,0.32,0.30
BREW,2019-11-08 17:50:00 EST,41.43993,-73.57642,608,28.2,29.1,18.1,52.2,12.9,0.000,0.000,0.00,0.000,11.0,17.5,2.6,337,13,11.8,18.6,2.7,343,12,11.8,18.6,2.7,343,12,0,29.54,-0.0,0,0,0,45.5,48.0,49.8,0.32,0.32,0.30
BREW,2019-11-08 17:55:00 EST,41.43993,-73.57642,608,28.2,29.1,18.3,51.9,12.8,0.000,0.000,0.00,0.000,10.6,16.2,2.4,345,17,11.6,18.0,2.4,351,10,11.6,18.0,2.4,351,10,0,29.55,-0.0,0,0,0,45.5,48.0,49.8,0.32,0.32,0.30
BREW,2019-11-08 18:00:00 EST,41.43993,-73.57642,608,28.1,28.9,18.7,52.4,12.9,0.000,0.000,0.00,0.000,9.5,15.2,2.6,345,20,10.4,18.3,2.8,350,11,10.4,18.3,2.8,350,11,0,29.55,-0.0,0,0,0,45.5,48.0,49.8,0.32,0.32,0.30
BREW,2019-11-08 18:05:00 EST,41.43993,-73.57642,608,27.8,28.8,18.2,53.3,13.1,0.000,0.000,0.00,0.000,9.9,14.2,2.0,339,13,10.6,14.5,2.1,345,11,10.6,14.5,2.1,345,11,0,29.55,0.0,0,0,0,45.5,48.0,49.8,0.32,0.32,0.30
BREW,2019-11-08 18:10:00 EST,41.43993,-73.57642,608,27.8,28.7,18.5,53.5,13.1,0.000,0.000,0.00,0.000,9.4,13.6,2.3,339,14,10.2,15.1,2.2,345,12,10.2,15.1,2.2,345,12,0,29.55,0.0,0,0,0,45.5,48.0,49.8,0.32,0.32,0.30
BREW,2019-11-08 18:15:00 EST,41.43993,-73.57642,608,27.6,28.6,18.4,54.4,13.3,0.000,0.000,0.00,0.000,9.1,13.4,2.2,336,18,9.9,14.9,2.2,343,14,9.9,14.9,2.2,343,14,0,29.56,-0.0,0,0,0,45.5,48.0,49.8,0.32,0.32,0.30
BREW,2019-11-08 18:20:00 EST,41.43993,-73.57642,608,27.6,28.5,18.5,54.7,13.4,0.000,0.000,0.00,0.000,8.8,14.9,2.5,348,14,9.7,16.4,2.5,355,12,9.7,16.4,2.5,355,12,0,29.56,0.0,0,0,0,45.5,48.0,49.8,0.32,0.32,0.30
BREW,2019-11-08 18:25:00 EST,41.43993,-73.57642,608,27.7,28.5,19.6,54.4,13.3,0.000,0.000,0.00,0.000,7.2,10.9,1.6,340,16,8.0,11.8,1.7,348,14,8.0,11.8,1.7,348,14,0,29.56,-0.1,0,0,0,45.5,48.0,49.8,0.32,0.32,0.30
BREW,2019-11-08 18:30:00 EST,41.43993,-73.57642,608,27.4,28.3,19.9,55.4,13.5,0.000,0.000,0.00,0.000,6.3,9.1,1.2,337,16,7.0,11.4,1.4,342,17,7.0,11.4,1.4,342,17,0,29.57,-0.0,0,0,0,45.5,48.0,49.8,0.32,0.32,0.30
BREW,2019-11-08 18:35:00 EST,41.43993,-73.57642,608,27.2,28.3,19.8,55.8,13.5,0.000,0.000,0.00,0.000,6.3,10.6,1.8,332,17,6.8,10.4,1.8,338,16,6.8,10.4,1.8,338,16,0,29.57,0.0,0,0,0,45.5,48.0,49.8,0.32,0.32,0.30
BREW,2019-11-08 18:40:00 EST,41.43993,-73.57642,608,26.9,28.1,20.1,56.6,13.5,0.000,0.000,0.00,0.000,5.4,8.5,1.1,324,14,6.0,8.9,1.2,330,14,6.0,8.9,1.2,330,14,0,29.57,-0.1,0,0,0,45.5,48.0,49.8,0.32,0.32,0.30
BREW,2019-11-08 18:45:00 EST,41.43993,-73.57642,608,26.9,28.1,19.7,57.1,13.7,0.000,0.000,0.00,0.000,5.9,9.5,1.7,330,20,6.6,10.9,1.9,337,20,6.6,10.9,1.9,337,20,0,29.57,0.1,0,0,0,45.5,48.0,49.8,0.32,0.32,0.30
BREW,2019-11-08 18:50:00 EST,41.43993,-73.57642,608,27.2,28.1,22.2,56.4,13.7,0.000,0.000,0.00,0.000,3.9,9.2,2.0,322,17,4.3,9.9,2.0,328,17,4.3,9.9,2.0,328,17,0,29.57,-0.2,0,0,0,45.5,48.0,49.8,0.32,0.32,0.30
BREW,2019-11-08 18:55:00 EST,41.43993,-73.57642,608,26.9,28.0,22.0,57.1,13.7,0.000,0.000,0.00,0.000,3.6,6.7,1.5,353,28,4.2,8.9,1.7,356,26,4.2,8.9,1.7,356,26,0,29.57,-0.0,0,0,0,45.5,48.0,49.8,0.32,0.32,0.30
BREW,2019-11-08 19:00:00 EST,41.43993,-73.57642,608,27.2,28.1,21.9,57.1,14.0,0.000,0.000,0.00,0.000,4.0,9.2,2.0,4,28,4.5,9.4,2.0,11,28,4.5,9.4,2.0,11,28,0,29.58,-0.1,0,0,0,45.5,48.0,49.8,0.32,0.32,0.30
BREW,2019-11-08 19:05:00 EST,41.43993,-73.57642,608,27.0,28.1,21.7,57.2,13.9,0.000,0.000,0.00,0.000,4.1,6.7,1.5,325,17,4.6,7.2,1.5,331,17,4.6,7.2,1.5,331,17,0,29.58,-0.1,0,0,0,45.5,48.0,49.8,0.32,0.32,0.30
BREW,2019-11-08 19:10:00 EST,41.43993,-73.57642,608,26.9,28.0,20.4,57.1,13.7,0.000,0.000,0.00,0.000,5.2,10.0,1.5,319,17,5.7,11.7,1.6,327,17,5.7,11.7,1.6,327,17,0,29.58,-0.0,0,0,0,45.4,48.0,49.7,0.32,0.32,0.30
BREW,2019-11-08 19:15:00 EST,41.43993,-73.57642,608,27.1,28.0,22.7,57.3,13.9,0.000,0.000,0.00,0.000,3.5,7.8,1.5,317,21,3.8,8.5,1.6,324,22,3.8,8.5,1.6,324,22,0,29.58,-0.1,0,0,0,45.3,48.0,49.8,0.32,0.32,0.30
BREW,2019-11-08 19:20:00 EST,41.43993,-73.57642,608,26.6,27.8,21.0,57.8,13.7,0.000,0.000,0.00,0.000,4.2,7.5,1.5,348,26,4.8,8.3,1.6,352,23,4.8,8.3,1.6,352,23,0,29.58,-0.1,0,0,0,45.3,48.0,49.7,0.32,0.32,0.30
BREW,2019-11-08 19:25:00 EST,41.43993,-73.57642,608,26.5,27.8,19.1,57.4,13.5,0.000,0.000,0.00,0.000,5.9,8.8,1.4,343,15,6.7,10.0,1.4,350,14,6.7,10.0,1.4,350,14,0,29.58,-0.0,0,0,0,45.3,48.0,49.7,0.32,0.32,0.30
BREW,2019-11-08 19:30:00 EST,41.43993,-73.57642,608,26.4,27.7,17.6,57.8,13.6,0.000,0.000,0.00,0.000,7.9,12.3,2.0,334,12,8.6,13.2,2.0,340,13,8.6,13.2,2.0,340,13,0,29.58,0.0,0,0,0,45.3,48.0,49.8,0.32,0.32,0.30
BREW,2019-11-08 19:35:00 EST,41.43993,-73.57642,608,26.1,27.4,18.1,58.2,13.4,0.000,0.000,0.00,0.000,6.8,9.7,1.5,342,17,7.4,11.0,1.6,350,9,7.4,11.0,1.6,350,9,0,29.58,-0.0,0,0,0,45.3,48.0,49.7,0.32,0.32,0.30
BREW,2019-11-08 19:40:00 EST,41.43993,-73.57642,608,26.1,27.4,17.7,58.5,13.5,0.000,0.000,0.00,0.000,7.4,10.1,1.5,344,10,8.0,11.5,1.6,351,9,8.0,11.5,1.6,351,9,0,29.59,0.0,0,0,0,45.3,48.0,49.7,0.32,0.32,0.30
BREW,2019-11-08 19:45:00 EST,41.43993,-73.57642,608,25.8,27.1,19.0,59.1,13.4,0.000,0.000,0.00,0.000,5.2,7.6,0.9,339,13,5.7,8.3,1.0,345,13,5.7,8.3,1.0,345,13,0,29.59,-0.0,0,0,0,45.3,48.0,49.7,0.32,0.32,0.30
BREW,2019-11-08 19:50:00 EST,41.43993,-73.57642,608,25.5,26.9,19.7,60.1,13.6,0.000,0.000,0.00,0.000,4.1,6.8,1.0,332,17,4.8,8.0,1.1,338,16,4.8,8.0,1.1,338,16,0,29.59,-0.1,0,0,0,45.3,48.0,49.6,0.32,0.32,0.30
BREW,2019-11-08 19:55:00 EST,41.43993,-73.57642,608,25.6,27.0,20.4,60.3,13.8,0.000,0.000,0.00,0.000,3.9,6.6,1.0,349,17,4.3,8.4,1.1,355,15,4.3,8.4,1.1,355,15,0,29.59,0.0,0,0,0,45.3,48.0,49.7,0.32,0.32,0.30
BREW,2019-11-08 20:00:00 EST,41.43993,-73.57642,608,25.9,27.1,21.2,60.0,13.9,0.000,0.000,0.00,0.000,3.3,6.4,1.2,352,17,3.9,7.9,1.3,357,15,3.9,7.9,1.3,357,15,0,29.60,0.1,0,0,0,45.3,48.0,49.6,0.32,0.32,0.30
BREW,2019-11-08 20:05:00 EST,41.43993,-73.57642,608,26.1,27.1,26.1,59.1,13.8,0.000,0.000,0.00,0.000,2.4,5.8,1.0,355,15,2.9,6.9,1.2,357,15,2.9,6.9,1.2,357,15,0,29.60,-0.2,0,0,0,45.2,48.0,49.7,0.32,0.32,0.30
BREW,2019-11-08 20:10:00 EST,41.43993,-73.57642,608,25.6,27.0,21.5,59.4,13.4,0.000,0.000,0.00,0.000,3.0,7.9,1.8,337,14,3.4,8.9,1.8,342,14,3.4,8.9,1.8,342,14,0,29.60,-0.1,0,0,0,45.2,48.0,49.6,0.32,0.32,0.30
BREW,2019-11-08 20:15:00 EST,41.43993,-73.57642,608,25.1,26.8,18.5,61.0,13.5,0.000,0.000,0.00,0.000,5.0,6.3,0.8,339,14,5.4,7.1,0.9,345,13,5.4,7.1,0.9,345,13,0,29.60,-0.1,0,0,0,45.1,48.0,49.6,0.32,0.32,0.30
BREW,2019-11-08 20:20:00 EST,41.43993,-73.57642,608,24.9,26.5,16.2,63.2,14.2,0.000,0.000,0.00,0.000,7.3,10.9,1.5,326,13,8.0,12.0,1.5,331,13,8.0,12.0,1.5,331,13,0,29.60,0.0,0,0,0,45.1,48.0,49.6,0.32,0.32,0.30
BREW,2019-11-08 20:25:00 EST,41.43993,-73.57642,608,24.8,26.4,16.9,63.5,14.2,0.000,0.000,0.00,0.000,6.4,9.5,1.0,330,10,7.0,10.3,1.2,337,10,7.0,10.3,1.2,337,10,0,29.60,-0.0,0,0,0,45.1,48.0,49.6,0.32,0.32,0.30
BREW,2019-11-08 20:30:00 EST,41.43993,-73.57642,608,24.5,26.2,16.4,64.8,14.3,0.000,0.000,0.00,0.000,6.2,9.2,1.2,339,10,7.0,10.3,1.2,345,10,7.0,10.3,1.2,345,10,0,29.60,-0.1,0,0,0,45.1,48.0,49.6,0.31,0.32,0.30
BREW,2019-11-08 20:35:00 EST,41.43993,-73.57642,608,24.6,26.3,16.2,64.9,14.5,0.000,0.000,0.00,0.000,6.9,9.9,1.2,334,11,7.5,10.1,1.3,341,10,7.5,10.1,1.3,341,10,0,29.60,0.0,0,0,0,45.1,48.0,49.6,0.32,0.32,0.30
BREW,2019-11-08 20:40:00 EST,41.43993,-73.57642,608,24.5,26.2,15.4,65.0,14.4,0.000,0.000,0.00,0.000,7.9,13.2,1.6,333,13,8.5,14.5,1.8,341,12,8.5,14.5,1.8,341,12,0,29.60,0.0,0,0,0,45.1,48.0,49.6,0.31,0.32,0.30
BREW,2019-11-08 20:45:00 EST,41.43993,-73.57642,608,24.6,26.0,16.4,65.3,14.7,0.000,0.000,0.00,0.000,6.7,9.6,1.0,330,10,7.3,9.8,1.1,335,10,7.3,9.8,1.1,335,10,0,29.60,-0.1,0,0,0,45.1,48.0,49.6,0.32,0.32,0.30
BREW,2019-11-08 20:50:00 EST,41.43993,-73.57642,608,24.7,26.1,16.3,65.1,14.7,0.000,0.000,0.00,0.000,7.0,10.1,1.5,329,11,7.6,11.2,1.5,334,12,7.6,11.2,1.5,334,12,0,29.60,0.0,0,0,0,45.1,48.0,49.6,0.32,0.32,0.30
BREW,2019-11-08 20:55:00 EST,41.43993,-73.57642,608,24.7,26.0,16.4,64.5,14.4,0.000,0.000,0.00,0.000,6.7,9.7,1.5,340,18,7.4,11.5,1.6,347,14,7.4,11.5,1.6,347,14,0,29.60,0.0,0,0,0,45.1,48.0,49.6,0.32,0.32,0.30
BREW,2019-11-08 21:00:00 EST,41.43993,-73.57642,608,25.1,26.2,17.7,63.5,14.5,0.000,0.000,0.00,0.000,6.0,9.3,1.2,327,17,6.4,9.3,1.2,332,14,6.4,9.3,1.2,332,14,0,29.61,0.0,0,0,0,45.1,48.0,49.6,0.31,0.32,0.30
BREW,2019-11-08 21:05:00 EST,41.43993,-73.57642,608,25.0,26.2,19.9,62.7,14.1,0.000,0.000,0.00,0.000,3.7,7.0,1.2,320,21,4.1,9.1,1.4,326,21,4.1,9.1,1.4,326,21,0,29.61,-0.0,0,0,0,45.1,48.0,49.6,0.31,0.32,0.31
BREW,2019-11-08 21:10:00 EST,41.43993,-73.57642,608,24.9,26.1,20.9,63.1,14.1,0.000,0.000,0.00,0.000,2.8,6.1,1.3,336,15,3.3,6.9,1.3,344,15,3.3,6.9,1.3,344,15,0,29.61,-0.1,0,0,0,45.1,48.0,49.6,0.32,0.32,0.30
BREW,2019-11-08 21:15:00 EST,41.43993,-73.57642,608,24.6,26.2,16.9,63.3,13.9,0.000,0.000,0.00,0.000,6.0,8.8,1.2,340,14,6.7,9.6,1.4,348,13,6.7,9.6,1.4,348,13,0,29.61,0.0,0,0,0,45.0,48.0,49.6,0.31,0.32,0.31
BREW,2019-11-08 21:20:00 EST,41.43993,-73.57642,608,24.9,26.2,16.6,63.5,14.2,0.000,0.000,0.00,0.000,6.8,10.4,1.4,331,13,7.4,11.6,1.5,338,13,7.4,11.6,1.5,338,13,0,29.61,-0.0,0,0,0,45.0,48.0,49.6,0.32,0.32,0.30
BREW,2019-11-08 21:25:00 EST,41.43993,-73.57642,608,24.6,25.8,16.0,63.8,14.1,0.000,0.000,0.00,0.000,7.2,10.4,1.3,340,10,7.8,10.8,1.5,345,10,7.8,10.8,1.5,345,10,0,29.61,-0.0,0,0,0,45.0,48.0,49.6,0.32,0.32,0.31
BREW,2019-11-08 21:30:00 EST,41.43993,-73.57642,608,24.5,25.9,16.0,64.2,14.1,0.000,0.000,0.00,0.000,7.1,11.1,1.4,336,10,7.6,12.1,1.5,341,9,7.6,12.1,1.5,341,9,0,29.61,-0.0,0,0,0,45.0,48.0,49.6,0.32,0.32,0.31
BREW,2019-11-08 21:35:00 EST,41.43993,-73.57642,608,24.1,25.5,16.0,65.2,14.1,0.000,0.000,0.00,0.000,6.2,12.1,1.5,336,11,6.9,11.5,1.6,342,11,6.9,11.5,1.6,342,11,0,29.62,-0.0,0,0,0,45.0,48.0,49.6,0.32,0.32,0.31
BREW,2019-11-08 21:40:00 EST,41.43993,-73.57642,608,24.0,25.4,17.1,65.8,14.2,0.000,0.000,0.00,0.000,5.1,7.6,1.1,326,11,5.6,8.2,1.1,332,13,5.6,8.2,1.1,332,13,0,29.62,0.0,0,0,0,45.0,47.9,49.6,0.32,0.32,0.31
BREW,2019-11-08 21:45:00 EST,41.43993,-73.57642,608,24.0,25.4,17.8,65.7,14.2,0.000,0.000,0.00,0.000,4.5,7.5,1.2,331,13,4.9,8.1,1.4,337,12,4.9,8.1,1.4,337,12,0,29.62,-0.1,0,0,0,45.0,47.9,49.6,0.31,0.32,0.31
BREW,2019-11-08 21:50:00 EST,41.43993,-73.57642,608,23.8,25.5,19.0,65.8,14.1,0.000,0.000,0.00,0.000,3.4,5.8,1.0,314,13,3.7,6.9,1.2,319,11,3.7,6.9,1.2,319,11,0,29.62,-0.0,0,0,0,45.0,47.9,49.6,0.31,0.32,0.31
BREW,2019-11-08 21:55:00 EST,41.43993,-73.57642,608,24.3,25.6,20.0,65.3,14.4,0.000,0.000,0.00,0.000,3.2,5.6,0.9,310,15,3.4,5.9,0.9,314,14,3.4,5.9,0.9,314,14,0,29.63,-0.2,0,0,0,44.9,47.8,49.6,0.31,0.32,0.31
BREW,2019-11-08 22:00:00 EST,41.43993,-73.57642,608,24.2,25.5,24.2,64.7,14.0,0.000,0.000,0.00,0.000,2.1,4.0,0.8,284,14,2.5,4.8,0.9,291,14,2.5,4.8,0.9,291,14,0,29.63,-0.1,0,0,0,44.9,47.9,49.6,0.31,0.32,0.31
BREW,2019-11-08 22:05:00 EST,41.43993,-73.57642,608,24.1,25.6,18.7,65.3,14.1,0.000,0.000,0.00,0.000,3.9,6.9,1.1,292,18,4.2,7.7,1.1,298,19,4.2,7.7,1.1,298,19,0,29.63,-0.1,0,0,0,44.8,47.8,49.6,0.31,0.32,0.31
BREW,2019-11-08 22:10:00 EST,41.43993,-73.57642,608,23.7,25.4,17.9,65.0,13.6,0.000,0.000,0.00,0.000,4.2,5.6,0.6,323,10,4.4,7.2,0.8,327,10,4.4,7.2,0.8,327,10,0,29.63,-0.0,0,0,0,44.8,47.8,49.6,0.31,0.32,0.31
BREW,2019-11-08 22:15:00 EST,41.43993,-73.57642,608,23.1,25.1,14.5,67.2,13.8,0.000,0.000,0.00,0.000,6.7,9.9,1.3,331,13,7.4,10.7,1.4,335,13,7.4,10.7,1.4,335,13,0,29.63,0.0,0,0,0,44.8,47.8,49.6,0.31,0.32,0.31
BREW,2019-11-08 22:20:00 EST,41.43993,-73.57642,608,22.7,24.8,13.7,68.9,14.1,0.000,0.000,0.00,0.000,7.3,10.2,1.1,330,7,7.8,10.6,1.1,336,9,7.8,10.6,1.1,336,9,0,29.63,-0.0,0,0,0,44.8,47.8,49.6,0.31,0.32,0.31
BREW,2019-11-08 22:25:00 EST,41.43993,-73.57642,608,22.9,24.8,13.4,69.3,14.4,0.000,0.000,0.00,0.000,8.1,13.4,1.7,326,10,8.6,13.8,1.7,332,8,8.6,13.8,1.7,332,8,0,29.62,0.1,0,0,0,44.8,47.8,49.6,0.31,0.32,0.31
BREW,2019-11-08 22:30:00 EST,41.43993,-73.57642,608,23.3,24.9,13.7,68.0,14.3,0.000,0.000,0.00,0.000,8.1,11.3,1.3,327,10,8.7,11.8,1.4,333,10,8.7,11.8,1.4,333,10,0,29.62,0.0,0,0,0,44.8,47.8,49.6,0.31,0.32,0.31
BREW,2019-11-08 22:35:00 EST,41.43993,-73.57642,608,23.5,24.8,15.5,67.2,14.2,0.000,0.000,0.00,0.000,6.0,8.8,1.2,329,12,6.6,9.5,1.2,336,11,6.6,9.5,1.2,336,11,0,29.63,0.1,0,0,0,44.8,47.8,49.6,0.31,0.32,0.31
BREW,2019-11-08 22:40:00 EST,41.43993,-73.57642,608,23.8,25.1,16.9,66.1,14.1,0.000,0.000,0.00,0.000,4.9,6.9,1.0,321,13,5.6,8.0,0.9,325,12,5.6,8.0,0.9,325,12,0,29.63,-0.0,0,0,0,44.8,47.8,49.6,0.31,0.32,0.31
BREW,2019-11-08 22:45:00 EST,41.43993,-73.57642,608,23.8,25.2,16.2,65.5,13.9,0.000,0.000,0.00,0.000,5.9,9.2,1.5,319,10,6.3,9.9,1.6,325,9,6.3,9.9,1.6,325,9,0,29.63,0.0,0,0,0,44.8,47.8,49.6,0.31,0.32,0.31
BREW,2019-11-08 22:50:00 EST,41.43993,-73.57642,608,24.0,25.3,16.0,64.7,13.9,0.000,0.000,0.00,0.000,6.3,11.8,1.7,329,15,6.9,12.6,1.8,335,14,6.9,12.6,1.8,335,14,0,29.63,-0.1,0,0,0,44.7,47.8,49.6,0.31,0.32,0.31
BREW,2019-11-08 22:55:00 EST,41.43993,-73.57642,608,23.5,25.0,18.0,65.2,13.6,0.000,0.000,0.00,0.000,3.7,6.1,0.8,339,15,4.3,6.9,0.8,346,14,4.3,6.9,0.8,346,14,0,29.63,-0.1,0,0,0,44.7,47.8,49.6,0.31,0.32,0.31
BREW,2019-11-08 23:00:00 EST,41.43993,-73.57642,608,23.1,24.7,23.1,66.9,13.8,0.000,0.000,0.00,0.000,2.1,5.0,1.3,355,19,2.6,5.6,1.4,0,15,2.6,5.6,1.4,0,15,0,29.63,-0.0,0,0,0,44.6,47.8,49.6,0.31,0.32,0.31
BREW,2019-11-08 23:05:00 EST,41.43993,-73.57642,608,22.4,24.5,22.4,68.2,13.5,0.000,0.000,0.00,0.000,1.7,2.6,0.6,104,24,2.0,3.4,0.5,108,29,2.0,3.4,0.5,108,29,0,29.63,-0.1,0,0,0,44.6,47.8,49.6,0.31,0.32,0.31
BREW,2019-11-08 23:10:00 EST,41.43993,-73.57642,608,21.5,24.1,21.5,72.2,13.9,0.000,0.000,0.00,0.000,1.7,2.4,0.4,134,20,1.9,3.1,0.5,136,19,1.9,3.1,0.5,136,19,0,29.64,0.1,0,0,0,44.6,47.8,49.6,0.31,0.32,0.31
BREW,2019-11-08 23:15:00 EST,41.43993,-73.57642,608,21.8,23.8,21.8,75.3,15.2,0.000,0.000,0.00,0.000,2.2,2.9,0.3,175,7,2.5,3.2,0.3,178,9,2.5,3.2,0.3,178,9,0,29.63,-0.2,0,0,0,44.6,47.8,49.6,0.31,0.32,0.31
BREW,2019-11-08 23:20:00 EST,41.43993,-73.57642,608,21.9,23.4,21.9,76.3,15.6,0.000,0.000,0.00,0.000,1.8,2.5,0.2,179,19,2.0,2.8,0.3,182,20,2.0,2.8,0.3,182,20,0,29.64,-0.2,0,0,0,44.6,47.8,49.6,0.31,0.32,0.31
BREW,2019-11-08 23:25:00 EST,41.43993,-73.57642,608,21.2,23.8,21.2,76.5,15.0,0.000,0.000,0.00,0.000,0.5,1.8,0.5,126,27,1.0,1.9,0.5,117,36,1.0,1.9,0.5,117,36,0,29.64,-0.0,0,0,0,44.6,47.8,49.6,0.31,0.32,0.31
BREW,2019-11-08 23:30:00 EST,41.43993,-73.57642,608,21.3,23.8,21.3,75.4,14.7,0.000,0.000,0.00,0.000,0.6,1.8,0.6,52,7,1.0,2.0,0.4,46,11,1.0,2.0,0.4,46,11,0,29.64,-0.2,0,0,0,44.6,47.8,49.6,0.31,0.32,0.31
BREW,2019-11-08 23:35:00 EST,41.43993,-73.57642,608,21.3,23.4,21.3,74.2,14.4,0.000,0.000,0.00,0.000,0.3,0.9,0.2,341,17,1.0,1.2,0.2,335,17,1.0,1.2,0.2,335,17,0,29.64,-0.2,0,0,0,44.6,47.8,49.6,0.31,0.32,0.31
BREW,2019-11-08 23:40:00 EST,41.43993,-73.57642,608,21.4,23.3,21.4,74.6,14.6,0.000,0.000,0.00,0.000,1.0,1.6,0.4,319,3,1.3,1.9,0.3,319,8,1.3,1.9,0.3,319,8,0,29.64,-0.2,0,0,0,44.6,47.8,49.6,0.31,0.32,0.31
BREW,2019-11-08 23:45:00 EST,41.43993,-73.57642,608,20.9,22.6,20.9,75.2,14.2,0.000,0.000,0.00,0.000,0.1,0.9,0.2,320,0,0.2,1.2,0.4,305,23,0.2,1.2,0.4,305,23,0,29.64,-0.2,0,0,0,44.6,47.8,49.6,0.31,0.32,0.31
BREW,2019-11-08 23:50:00 EST,41.43993,-73.57642,608,20.8,22.6,20.8,75.3,14.2,0.000,0.000,0.00,0.000,0.0,0.0,0.0,0,0,0.1,0.8,0.2,190,11,0.1,0.8,0.2,190,11,0,29.64,-0.2,0,0,0,44.6,47.8,49.6,0.31,0.32,0.31
BREW,2019-11-08 23:55:00 EST,41.43993,-73.57642,608,20.5,22.7,20.5,76.9,14.4,0.000,0.000,0.00,0.000,0.3,0.5,0.2,307,2,1.0,1.3,0.2,316,15,1.0,1.3,0.2,316,15,0,29.64,-0.3,0,0,0,44.4,47.8,49.6,0.31,0.32,0.31
BROC,2019-11-08 00:00:00 EST,43.20835,-77.96592,563,28.6,28.4,28.6,96.9,27.8,0.000,0.121,0.00,0.019,2.2,3.5,0.6,302,8,2.3,3.9,0.6,304,7,2.3,3.9,0.6,304,7,0,29.53,-0.1,0,0,0,43.4,47.1,48.7,0.33,0.29,0.28
BROC,2019-11-08 00:05:00 EST,43.20835,-77.96592,563,28.6,28.5,28.6,96.9,27.8,0.000,0.000,0.00,0.016,2.2,3.6,0.7,296,12,2.4,3.7,0.6,297,12,2.4,3.7,0.6,297,12,0,29.54,-0.1,0,0,0,43.4,47.1,48.6,0.33,0.29,0.28
BROC,2019-11-08 00:10:00 EST,43.20835,-77.96592,563,28.6,28.4,24.4,96.9,27.8,0.000,0.000,0.00,0.012,3.3,4.7,0.6,281,7,3.7,5.3,0.7,283,7,3.7,5.3,0.7,283,7,0,29.54,-0.1,0,0,0,43.4,47.0,48.8,0.33,0.29,0.28
BROC,2019-11-08 00:15:00 EST,43.20835,-77.96592,563,28.5,28.4,28.5,96.8,27.7,0.000,0.000,0.00,0.009,2.5,3.5,0.4,280,9,2.9,4.0,0.4,283,9,2.9,4.0,0.4,283,9,0,29.53,-0.2,0,0,0,43.4,47.1,48.7,0.33,0.29,0.28
BROC,2019-11-08 00:20:00 EST,43.20835,-77.96592,563,28.3,28.3,24.1,96.7,27.5,0.000,0.000,0.00,0.005,3.3,5.0,0.6,274,6,3.7,5.5,0.7,277,7,3.7,5.5,0.7,277,7,0,29.54,-0.1,0,0,0,43.4,47.1,48.7,0.33,0.29,0.28
BROC,2019-11-08 00:25:00 EST,43.20835,-77.96592,563,28.2,28.2,24.3,96.8,27.4,0.000,0.000,0.00,0.005,3.2,4.2,0.5,263,9,3.6,4.5,0.5,264,11,3.6,4.5,0.5,264,11,0,29.54,-0.1,0,0,0,43.5,47.1,48.7,0.33,0.29,0.28
BROC,2019-11-08 00:30:00 EST,43.20835,-77.96592,563,28.3,28.2,23.5,96.8,27.5,0.000,0.000,0.00,0.004,3.9,4.8,0.4,259,7,4.2,5.6,0.6,259,7,4.2,5.6,0.6,259,7,0,29.54,-0.1,0,0,0,43.4,47.0,48.7,0.33,0.29,0.28
BROC,2019-11-08 00:35:00 EST,43.20835,-77.96592,563,28.3,28.2,23.9,96.8,27.6,0.000,0.000,0.00,0.000,3.6,4.7,0.6,264,8,4.0,5.6,0.7,266,9,4.0,5.6,0.7,266,9,0,29.54,-0.1,0,0,0,43.4,47.1,48.9,0.33,0.29,0.28
BROC,2019-11-08 00:40:00 EST,43.20835,-77.96592,563,28.4,28.3,23.9,96.9,27.6,0.000,0.000,0.00,0.000,3.6,4.8,0.8,263,21,4.0,5.5,0.9,264,21,4.0,5.5,0.9,264,21,0,29.54,-0.1,0,0,0,43.4,47.1,48.8,0.33,0.29,0.28
BROC,2019-11-08 00:45:00 EST,43.20835,-77.96592,563,28.5,28.3,22.9,96.9,27.7,0.000,0.000,0.00,0.000,4.7,6.6,0.8,274,13,5.1,7.1,0.9,275,12,5.1,7.1,0.9,275,12,0,29.54,-0.1,0,0,0,43.4,47.0,48.7,0.33,0.29,0.28
BROC,2019-11-08 00:50:00 EST,43.20835,-77.96592,563,28.5,28.3,22.5,96.8,27.7,0.000,0.000,0.00,0.000,5.0,6.9,1.0,273,9,5.5,8.0,1.1,275,9,5.5,8.0,1.1,275,9,0,29.54,-0.1,0,0,0,43.4,47.1,48.7,0.33,0.29,0.28
BROC,2019-11-08 00:55:00 EST,43.20835,-77.96592,563,28.5,28.3,22.6,96.8,27.7,0.000,0.000,0.00,0.000,4.9,6.7,1.1,275,10,5.4,7.5,1.2,276,8,5.4,7.5,1.2,276,8,0,29.54,-0.1,0,0,0,43.4,47.1,48.8,0.33,0.29,0.28
BROC,2019-11-08 01:00:00 EST,43.20835,-77.96592,563,28.6,28.4,24.2,96.7,27.7,0.000,0.000,0.00,0.000,3.4,5.8,0.9,286,13,3.9,6.7,1.1,286,13,3.9,6.7,1.1,286,13,0,29.54,-0.1,0,0,0,43.3,47.1,48.7,0.33,0.29,0.28
BROC,2019-11-08 01:05:00 EST,43.20835,-77.96592,563,28.4,28.4,24.8,96.5,27.5,0.000,0.000,0.00,0.000,2.9,5.8,0.9,286,17,3.3,5.5,0.9,286,15,3.3,5.5,0.9,286,15,0,29.54,-0.1,0,0,0,43.3,47.1,49.0,0.33,0.29,0.28
BROC,2019-11-08 01:10:00 EST,43.20835,-77.96592,563,28.2,28.3,24.4,96.2,27.3,0.000,0.000,0.00,0.000,3.2,5.8,0.8,292,12,3.5,6.4,1.0,293,11,3.5,6.4,1.0,293,11,0,29.54,-0.1,0,0,0,43.3,47.1,48.6,0.33,0.29,0.28
BROC,2019-11-08 01:15:00 EST,43.20835,-77.96592,563,28.3,28.5,23.0,95.7,27.3,0.000,0.000,0.00,0.000,4.5,6.4,0.8,302,13,4.8,7.2,1.0,303,14,4.8,7.2,1.0,303,14,0,29.54,-0.1,0,0,0,43.3,47.0,49.0,0.33,0.29,0.28
BROC,2019-11-08 01:20:00 EST,43.20835,-77.96592,563,28.5,28.5,24.1,94.3,27.0,0.000,0.000,0.00,0.000,3.5,5.7,0.8,333,13,3.9,6.7,0.8,334,14,3.9,6.7,0.8,334,14,0,29.54,-0.1,0,0,0,43.3,47.1,48.7,0.33,0.29,0.28
BROC,2019-11-08 01:25:00 EST,43.20835,-77.96592,563,28.4,28.5,23.0,91.8,26.3,0.000,0.000,0.00,0.000,4.3,5.9,0.6,332,13,4.9,7.4,0.8,334,13,4.9,7.4,0.8,334,13,0,29.55,-0.1,0,0,0,43.3,47.1,48.8,0.33,0.29,0.28
BROC,2019-11-08 01:30:00 EST,43.20835,-77.96592,563,28.4,28.4,23.3,89.1,25.6,0.000,0.000,0.00,0.000,4.3,6.1,0.7,316,14,4.5,7.3,0.9,317,15,4.5,7.3,0.9,317,15,0,29.55,-0.1,0,0,0,43.3,47.1,48.7,0.33,0.29,0.28
BROC,2019-11-08 01:35:00 EST,43.20835,-77.96592,563,28.4,28.4,23.2,87.7,25.3,0.000,0.000,0.00,0.000,4.5,6.2,0.8,313,12,4.7,7.3,0.9,313,12,4.7,7.3,0.9,313,12,0,29.55,-0.1,0,0,0,43.3,47.1,48.6,0.33,0.29,0.28
BROC,2019-11-08 01:40:00 EST,43.20835,-77.96592,563,28.4,28.3,23.3,86.3,24.8,0.000,0.000,0.00,0.000,4.2,6.5,1.0,322,11,4.6,6.8,1.1,323,11,4.6,6.8,1.1,323,11,0,29.55,-0.1,0,0,0,43.3,47.0,48.8,0.33,0.29,0.28
BROC,2019-11-08 01:45:00 EST,43.20835,-77.96592,563,28.3,28.3,22.2,83.7,24.0,0.000,0.000,0.00,0.000,5.1,7.9,1.4,338,16,5.6,9.7,1.7,339,15,5.6,9.7,1.7,339,15,0,29.55,-0.1,0,0,0,43.3,47.0,48.7,0.33,0.29,0.28
BROC,2019-11-08 01:50:00 EST,43.20835,-77.96592,563,28.3,28.2,22.3,82.0,23.5,0.000,0.000,0.00,0.000,4.4,7.4,1.4,350,15,5.4,9.6,1.7,351,14,5.4,9.6,1.7,351,14,0,29.55,-0.1,0,0,0,43.3,47.0,48.7,0.33,0.29,0.28
BROC,2019-11-08 01:55:00 EST,43.20835,-77.96592,563,28.3,28.2,22.6,79.6,22.8,0.000,0.000,0.00,0.000,4.6,8.8,1.3,328,13,5.2,9.9,1.5,330,15,5.2,9.9,1.5,330,15,0,29.55,-0.1,0,0,0,43.2,47.0,48.6,0.33,0.29,0.28
BROC,2019-11-08 02:00:00 EST,43.20835,-77.96592,563,28.1,28.1,22.9,80.1,22.8,0.000,0.000,0.00,0.000,4.4,7.1,0.9,331,9,4.7,7.2,1.0,332,10,4.7,7.2,1.0,332,10,0,29.55,-0.1,0,0,0,43.3,47.0,48.7,0.33,0.29,0.28
BROC,2019-11-08 02:05:00 EST,43.20835,-77.96592,563,28.2,28.1,22.5,79.8,22.8,0.000,0.000,0.00,0.000,4.7,7.2,1.0,315,10,5.1,8.1,1.1,315,10,5.1,8.1,1.1,315,10,0,29.56,-0.1,0,0,0,43.3,47.0,48.7,0.33,0.29,0.28
BROC,2019-11-08 02:10:00 EST,43.20835,-77.96592,563,28.3,28.2,22.1,79.2,22.7,0.000,0.000,0.00,0.000,5.2,7.7,1.2,315,13,5.6,8.9,1.4,316,13,5.6,8.9,1.4,316,13,0,29.56,-0.1,0,0,0,43.3,47.0,48.7,0.33,0.29,0.28
BROC,2019-11-08 02:15:00 EST,43.20835,-77.96592,563,28.2,28.1,21.4,78.5,22.4,0.000,0.000,0.00,0.000,5.9,10.4,1.6,331,17,6.5,11.6,1.8,331,18,6.5,11.6,1.8,331,18,0,29.56,-0.1,0,0,0,43.3,46.9,48.7,0.33,0.29,0.28
BROC,2019-11-08 02:20:00 EST,43.20835,-77.96592,563,28.2,28.1,21.3,77.9,22.2,0.000,0.000,0.00,0.000,5.7,9.4,1.9,337,14,6.5,10.2,2.1,339,14,6.5,10.2,2.1,339,14,0,29.56,-0.1,0,0,0,43.3,46.9,48.7,0.33,0.29,0.28
BROC,2019-11-08 02:25:00 EST,43.20835,-77.96592,563,28.0,27.9,22.6,79.6,22.5,0.000,0.000,0.00,0.000,4.1,6.8,1.0,337,12,4.7,7.7,1.1,337,12,4.7,7.7,1.1,337,12,0,29.56,-0.1,0,0,0,43.2,46.9,48.7,0.33,0.29,0.28
BROC,2019-11-08 02:30:00 EST,43.20835,-77.96592,563,27.9,27.8,22.0,80.3,22.6,0.000,0.000,0.00,0.000,4.7,7.2,1.2,330,14,5.2,8.0,1.3,330,13,5.2,8.0,1.3,330,13,0,29.56,-0.1,0,0,0,43.3,46.9,48.6,0.33,0.29,0.28
BROC,2019-11-08 02:35:00 EST,43.20835,-77.96592,563,27.8,27.6,22.0,80.3,22.5,0.000,0.000,0.00,0.000,4.7,7.5,1.3,328,11,5.1,8.1,1.5,328,13,5.1,8.1,1.5,328,13,0,29.56,-0.1,0,0,0,43.3,46.9,48.7,0.33,0.29,0.28
BROC,2019-11-08 02:40:00 EST,43.20835,-77.96592,563,27.7,27.6,23.2,81.7,22.9,0.000,0.000,0.00,0.000,3.6,5.6,0.6,317,8,4.0,5.9,0.7,315,8,4.0,5.9,0.7,315,8,0,29.56,-0.1,0,0,0,43.1,46.9,48.7,0.33,0.29,0.28
BROC,2019-11-08 02:45:00 EST,43.20835,-77.96592,563,27.7,27.6,22.3,81.4,22.8,0.000,0.000,0.00,0.000,4.5,6.6,0.8,309,9,4.7,7.5,0.8,310,9,4.7,7.5,0.8,310,9,0,29.56,-0.1,0,0,0,43.2,46.9,48.7,0.33,0.29,0.28
BROC,2019-11-08 02:50:00 EST,43.20835,-77.96592,563,27.7,27.6,21.8,80.7,22.5,0.000,0.000,0.00,0.000,4.9,7.0,0.9,310,9,5.2,7.5,1.0,310,9,5.2,7.5,1.0,310,9,0,29.56,-0.1,0,0,0,43.2,46.9,48.7,0.33,0.29,0.28
BROC,2019-11-08 02:55:00 EST,43.20835,-77.96592,563,27.6,27.5,23.6,81.5,22.6,0.000,0.000,0.00,0.000,3.2,4.2,0.4,303,9,3.5,5.1,0.6,304,9,3.5,5.1,0.6,304,9,0,29.56,-0.1,0,0,0,43.1,46.9,48.6,0.33,0.29,0.28
BROC,2019-11-08 03:00:00 EST,43.20835,-77.96592,563,27.5,27.5,23.0,82.0,22.8,0.000,0.000,0.00,0.000,3.6,5.4,0.6,304,12,3.9,5.9,0.7,305,11,3.9,5.9,0.7,305,11,0,29.56,-0.1,0,0,0,43.2,46.9,48.6,0.33,0.29,0.28
BROC,2019-11-08 03:05:00 EST,43.20835,-77.96592,563,27.6,27.6,22.5,82.5,23.0,0.000,0.000,0.00,0.000,4.1,6.4,0.9,297,10,4.4,6.9,1.1,298,10,4.4,6.9,1.1,298,10,0,29.56,-0.1,0,0,0,43.1,46.9,48.7,0.33,0.29,0.28
BROC,2019-11-08 03:10:00 EST,43.20835,-77.96592,563,27.7,27.6,22.5,82.1,22.9,0.000,0.000,0.00,0.000,4.1,5.8,0.7,297,11,4.5,6.0,0.8,299,11,4.5,6.0,0.8,299,11,0,29.56,-0.1,0,0,0,43.2,46.8,48.6,0.33,0.29,0.28
BROC,2019-11-08 03:15:00 EST,43.20835,-77.96592,563,27.8,27.6,23.1,81.9,23.0,0.000,0.000,0.00,0.000,3.9,5.3,0.7,307,10,4.1,5.7,0.8,309,9,4.1,5.7,0.8,309,9,0,29.56,-0.1,0,0,0,43.2,46.9,48.7,0.33,0.29,0.28
BROC,2019-11-08 03:20:00 EST,43.20835,-77.96592,563,27.8,27.7,21.9,81.3,22.8,0.000,0.000,0.00,0.000,5.0,7.7,1.4,308,10,5.3,8.3,1.4,309,9,5.3,8.3,1.4,309,9,0,29.56,-0.1,0,0,0,43.1,46.8,48.7,0.33,0.29,0.28
BROC,2019-11-08 03:25:00 EST,43.20835,-77.96592,563,27.8,27.6,20.8,79.9,22.4,0.000,0.000,0.00,0.000,6.2,9.0,1.1,312,9,6.6,9.4,1.2,313,8,6.6,9.4,1.2,313,8,0,29.57,-0.1,0,0,0,43.2,46.8,48.7,0.33,0.29,0.28
BROC,2019-11-08 03:30:00 EST,43.20835,-77.96592,563,27.7,27.6,21.6,80.4,22.5,0.000,0.000,0.00,0.000,5.1,8.5,0.9,316,13,5.5,8.5,1.0,315,13,5.5,8.5,1.0,315,13,0,29.57,-0.1,0,0,0,43.2,46.8,48.6,0.33,0.29,0.28
BROC,2019-11-08 03:35:00 EST,43.20835,-77.96592,563,27.6,27.5,21.2,80.6,22.5,0.000,0.000,0.00,0.000,5.5,8.3,1.1,316,11,5.8,9.8,1.2,315,10,5.8,9.8,1.2,315,10,0,29.57,-0.1,0,0,0,43.1,46.8,48.7,0.33,0.29,0.28
BROC,2019-11-08 03:40:00 EST,43.20835,-77.96592,563,27.5,27.4,20.4,80.2,22.2,0.000,0.000,0.00,0.000,6.2,9.6,1.0,315,11,6.7,10.3,1.1,315,10,6.7,10.3,1.1,315,10,0,29.57,-0.1,0,0,0,43.1,46.8,48.7,0.33,0.29,0.28
BROC,2019-11-08 03:45:00 EST,43.20835,-77.96592,563,27.6,27.4,20.2,78.7,21.8,0.000,0.000,0.00,0.000,6.5,9.6,1.3,312,12,7.0,10.3,1.3,312,11,7.0,10.3,1.3,312,11,0,29.57,-0.1,0,0,0,43.1,46.8,48.6,0.33,0.29,0.28
BROC,2019-11-08 03:50:00 EST,43.20835,-77.96592,563,27.6,27.5,20.3,78.4,21.8,0.000,0.000,0.00,0.000,6.4,9.3,1.1,315,10,6.9,9.9,1.2,316,9,6.9,9.9,1.2,316,9,0,29.57,-0.1,0,0,0,43.1,46.8,48.6,0.33,0.29,0.28
BROC,2019-11-08 03:55:00 EST,43.20835,-77.96592,563,27.6,27.5,20.1,77.8,21.6,0.000,0.000,0.00,0.000,6.8,10.0,1.2,315,11,7.2,11.0,1.3,316,11,7.2,11.0,1.3,316,11,0,29.57,-0.1,0,0,0,43.0,46.8,48.7,0.33,0.29,0.28
BROC,2019-11-08 04:00:00 EST,43.20835,-77.96592,563,27.6,27.5,19.6,76.4,21.2,0.000,0.000,0.00,0.000,7.6,10.9,1.4,315,9,7.9,11.2,1.4,316,9,7.9,11.2,1.4,316,9,0,29.57,-0.1,0,0,0,43.1,46.8,48.6,0.33,0.29,0.28
BROC,2019-11-08 04:05:00 EST,43.20835,-77.96592,563,27.5,27.4,20.0,74.7,20.6,0.000,0.000,0.00,0.000,6.5,10.2,1.6,317,13,7.2,11.3,1.8,317,12,7.2,11.3,1.8,317,12,0,29.57,-0.1,0,0,0,43.1,46.8,48.7,0.32,0.29,0.28
BROC,2019-11-08 04:10:00 EST,43.20835,-77.96592,563,27.3,27.3,19.1,74.5,20.3,0.000,0.000,0.00,0.000,7.7,11.3,1.6,316,11,8.2,12.2,1.7,318,11,8.2,12.2,1.7,318,11,0,29.58,-0.1,0,0,0,43.1,46.8,48.6,0.33,0.29,0.28
BROC,2019-11-08 04:15:00 EST,43.20835,-77.96592,563,27.2,27.2,19.0,73.2,19.8,0.000,0.000,0.00,0.000,7.4,11.1,1.4,319,12,8.0,12.3,1.5,319,12,8.0,12.3,1.5,319,12,0,29.58,-0.1,0,0,0,43.1,46.8,48.7,0.33,0.29,0.28
BROC,2019-11-08 04:20:00 EST,43.20835,-77.96592,563,26.9,27.0,19.0,72.8,19.4,0.000,0.000,0.00,0.000,7.0,9.4,1.1,315,13,7.5,10.3,1.2,316,12,7.5,10.3,1.2,316,12,0,29.58,-0.1,0,0,0,43.1,46.8,48.6,0.33,0.29,0.28
BROC,2019-11-08 04:25:00 EST,43.20835,-77.96592,563,26.9,26.9,18.9,72.3,19.2,0.000,0.000,0.00,0.000,7.3,10.7,1.2,311,8,7.7,11.4,1.2,312,7,7.7,11.4,1.2,312,7,0,29.58,-0.1,0,0,0,43.1,46.8,48.6,0.32,0.29,0.28
BROC,2019-11-08 04:30:00 EST,43.20835,-77.96592,563,26.9,26.9,19.1,72.3,19.1,0.000,0.000,0.00,0.000,6.9,9.5,1.1,310,11,7.3,10.4,1.2,310,11,7.3,10.4,1.2,310,11,0,29.58,-0.1,0,0,0,43.2,46.8,48.7,0.33,0.29,0.28
BROC,2019-11-08 04:35:00 EST,43.20835,-77.96592,563,26.8,26.8,19.2,72.5,19.2,0.000,0.000,0.00,0.000,6.7,10.7,1.5,309,10,7.1,11.1,1.5,310,9,7.1,11.1,1.5,310,9,0,29.58,-0.1,0,0,0,43.1,46.9,48.7,0.32,0.29,0.28
BROC,2019-11-08 04:40:00 EST,43.20835,-77.96592,563,26.8,26.8,18.5,72.6,19.2,0.000,0.000,0.00,0.000,7.6,10.9,1.2,312,11,8.0,11.5,1.3,313,10,8.0,11.5,1.3,313,10,0,29.59,-0.1,0,0,0,43.1,46.8,48.7,0.32,0.29,0.28
BROC,2019-11-08 04:45:00 EST,43.20835,-77.96592,563,26.8,26.7,18.9,72.0,19.0,0.000,0.000,0.00,0.000,7.0,10.4,1.6,309,12,7.5,11.1,1.7,309,12,7.5,11.1,1.7,309,12,0,29.59,-0.1,0,0,0,43.1,46.8,48.6,0.32,0.29,0.28
BROC,2019-11-08 04:50:00 EST,43.20835,-77.96592,563,26.7,26.7,18.6,72.0,18.9,0.000,0.000,0.00,0.000,7.5,10.1,1.0,310,9,7.8,10.4,1.2,311,8,7.8,10.4,1.2,311,8,0,29.59,-0.1,0,0,0,43.1,46.8,48.7,0.32,0.29,0.28
BROC,2019-11-08 04:55:00 EST,43.20835,-77.96592,563,26.7,26.6,19.0,72.7,19.1,0.000,0.000,0.00,0.000,6.5,10.1,1.5,308,11,7.0,11.2,1.5,309,10,7.0,11.2,1.5,309,10,0,29.59,-0.1,0,0,0,43.0,46.8,48.7,0.33,0.29,0.28
BROC,2019-11-08 05:00:00 EST,43.20835,-77.96592,563,26.6,26.5,18.9,72.9,19.1,0.000,0.000,0.00,0.000,6.6,9.6,1.5,312,11,7.0,10.1,1.5,313,11,7.0,10.1,1.5,313,11,0,29.59,-0.1,0,0,0,42.9,46.8,48.7,0.33,0.29,0.28
BROC,2019-11-08 05:05:00 EST,43.20835,-77.96592,563,26.5,26.5,18.9,72.7,18.9,0.000,0.000,0.00,0.000,6.6,8.5,0.8,313,10,7.0,9.5,0.9,313,9,7.0,9.5,0.9,313,9,0,29.59,-0.1,0,0,0,43.0,46.8,48.7,0.33,0.29,0.28
BROC,2019-11-08 05:10:00 EST,43.20835,-77.96592,563,26.4,26.4,19.8,73.2,19.0,0.000,0.000,0.00,0.000,5.2,7.6,0.9,312,14,5.7,8.5,1.1,313,14,5.7,8.5,1.1,313,14,0,29.59,-0.1,0,0,0,42.9,46.8,48.7,0.33,0.29,0.28
BROC,2019-11-08 05:15:00 EST,43.20835,-77.96592,563,26.3,26.3,18.3,73.5,19.0,0.000,0.000,0.00,0.000,7.0,11.0,1.6,317,11,7.4,12.0,1.6,318,10,7.4,12.0,1.6,318,10,0,29.60,-0.1,0,0,0,42.9,46.8,48.6,0.32,0.29,0.28
BROC,2019-11-08 05:20:00 EST,43.20835,-77.96592,563,26.3,26.2,18.0,73.4,18.9,0.000,0.000,0.00,0.000,7.5,12.1,1.5,313,10,7.9,11.4,1.5,314,9,7.9,11.4,1.5,314,9,0,29.60,-0.1,0,0,0,42.9,46.8,48.7,0.32,0.29,0.28
BROC,2019-11-08 05:25:00 EST,43.20835,-77.96592,563,26.2,26.2,18.0,73.5,18.9,0.000,0.000,0.00,0.000,7.3,12.1,1.8,312,13,7.7,12.5,1.8,313,12,7.7,12.5,1.8,313,12,0,29.60,-0.1,0,0,0,42.9,46.8,48.7,0.33,0.29,0.28
BROC,2019-11-08 05:30:00 EST,43.20835,-77.96592,563,26.1,26.1,17.9,73.1,18.7,0.000,0.000,0.00,0.000,7.2,10.4,1.3,321,13,7.8,12.2,1.4,321,13,7.8,12.2,1.4,321,13,0,29.60,-0.1,0,0,0,42.9,46.8,48.6,0.32,0.29,0.28
BROC,2019-11-08 05:35:00 EST,43.20835,-77.96592,563,26.1,26.1,17.8,72.6,18.5,0.000,0.000,0.00,0.000,7.3,10.4,1.2,312,11,7.8,12.9,1.3,313,10,7.8,12.9,1.3,313,10,0,29.60,-0.1,0,0,0,42.9,46.8,48.6,0.33,0.29,0.28
BROC,2019-11-08 05:40:00 EST,43.20835,-77.96592,563,26.0,26.0,17.6,73.1,18.6,0.000,0.000,0.00,0.000,7.5,12.2,1.6,313,12,8.0,12.9,1.7,314,12,8.0,12.9,1.7,314,12,0,29.61,-0.1,0,0,0,42.9,46.8,48.6,0.32,0.29,0.28
BROC,2019-11-08 05:45:00 EST,43.20835,-77.96592,563,25.8,25.9,17.6,73.5,18.5,0.000,0.000,0.00,0.000,7.1,10.5,1.4,318,10,7.6,12.6,1.6,318,9,7.6,12.6,1.6,318,9,0,29.61,-0.1,0,0,0,42.8,46.8,48.6,0.33,0.29,0.28
BROC,2019-11-08 05:50:00 EST,43.20835,-77.96592,563,25.7,25.8,17.1,73.4,18.4,0.000,0.000,0.00,0.000,7.6,10.7,1.5,310,10,8.1,11.2,1.6,311,9,8.1,11.2,1.6,311,9,0,29.61,-0.1,0,0,0,42.8,46.8,48.7,0.33,0.29,0.28
BROC,2019-11-08 05:55:00 EST,43.20835,-77.96592,563,25.7,25.8,16.9,72.5,18.0,0.000,0.000,0.00,0.000,7.8,12.2,1.5,315,12,8.3,13.1,1.5,315,11,8.3,13.1,1.5,315,11,0,29.61,-0.2,0,0,0,42.8,46.8,48.6,0.32,0.29,0.28
BROC,2019-11-08 06:00:00 EST,43.20835,-77.96592,563,25.5,25.6,17.3,72.7,18.0,0.000,0.000,0.00,0.000,6.8,10.0,1.3,312,13,7.5,11.1,1.5,312,12,7.5,11.1,1.5,312,12,0,29.62,-0.2,0,0,0,42.8,46.8,48.6,0.33,0.29,0.28
BROC,2019-11-08 06:05:00 EST,43.20835,-77.96592,563,25.3,25.5,17.5,73.3,18.0,0.000,0.000,0.00,0.000,6.6,10.3,1.4,313,9,7.0,11.0,1.5,315,8,7.0,11.0,1.5,315,8,0,29.62,-0.1,0,0,0,42.8,46.8,48.7,0.32,0.29,0.28
BROC,2019-11-08 06:10:00 EST,43.20835,-77.96592,563,25.4,25.4,17.3,72.0,17.6,0.000,0.000,0.00,0.000,6.9,9.5,1.1,309,11,7.2,10.0,1.2,311,10,7.2,10.0,1.2,311,10,0,29.62,-0.1,0,0,0,42.7,46.8,48.7,0.33,0.29,0.28
BROC,2019-11-08 06:15:00 EST,43.20835,-77.96592,563,25.4,25.4,16.7,71.2,17.3,0.000,0.000,0.00,0.000,7.7,9.6,1.0,313,10,8.1,10.3,1.1,315,9,8.1,10.3,1.1,315,9,0,29.62,-0.1,0,0,0,42.7,46.7,48.7,0.33,0.29,0.28
BROC,2019-11-08 06:20:00 EST,43.20835,-77.96592,563,25.2,25.3,16.8,71.3,17.2,0.000,0.000,0.00,0.000,7.1,10.2,1.2,313,13,7.6,12.0,1.2,314,12,7.6,12.0,1.2,314,12,0,29.62,-0.1,0,0,0,42.8,46.7,48.7,0.32,0.29,0.28
BROC,2019-11-08 06:25:00 EST,43.20835,-77.96592,563,25.2,25.3,17.3,71.0,17.1,0.000,0.000,0.00,0.000,6.8,9.9,1.2,309,9,7.1,10.1,1.3,311,8,7.1,10.1,1.3,311,8,0,29.62,-0.1,0,0,0,42.8,46.7,48.6,0.32,0.29,0.28
BROC,2019-11-08 06:30:00 EST,43.20835,-77.96592,563,25.2,25.3,17.6,70.4,16.9,0.000,0.000,0.00,0.000,6.4,8.3,0.9,307,9,6.7,8.7,1.0,308,7,6.7,8.7,1.0,308,7,0,29.63,-0.1,0,0,0,42.8,46.7,48.6,0.33,0.29,0.28
BROC,2019-11-08 06:35:00 EST,43.20835,-77.96592,563,25.2,25.2,17.1,69.8,16.8,0.000,0.000,0.00,0.000,7.0,10.6,1.3,306,12,7.4,11.1,1.4,307,11,7.4,11.1,1.4,307,11,0,29.63,-0.1,0,0,0,42.7,46.7,48.5,0.33,0.29,0.28
BROC,2019-11-08 06:40:00 EST,43.20835,-77.96592,563,25.1,25.2,17.8,70.1,16.7,0.000,0.000,0.00,0.000,5.9,8.5,1.1,304,10,6.1,8.6,1.2,306,10,6.1,8.6,1.2,306,10,0,29.63,-0.1,0,0,0,42.6,46.6,48.6,0.32,0.29,0.28
BROC,2019-11-08 06:45:00 EST,43.20835,-77.96592,563,25.0,25.1,17.9,70.6,16.8,0.000,0.000,0.00,0.000,5.7,8.3,1.1,311,10,6.0,9.0,1.1,313,10,6.0,9.0,1.1,313,10,1,29.63,-0.1,0,0,0,42.6,46.6,48.5,0.33,0.29,0.28
BROC,2019-11-08 06:50:00 EST,43.20835,-77.96592,563,24.9,25.0,17.7,70.6,16.6,0.000,0.000,0.00,0.000,5.7,8.8,1.0,309,10,6.0,10.1,1.1,310,9,6.0,10.1,1.1,310,9,2,29.63,-0.0,0,0,0,42.5,46.6,48.5,0.33,0.29,0.28
BROC,2019-11-08 06:55:00 EST,43.20835,-77.96592,563,24.8,25.0,17.9,70.7,16.6,0.000,0.000,0.00,0.000,5.4,7.4,0.9,309,11,5.7,8.4,0.9,311,11,5.7,8.4,0.9,311,11,4,29.64,-0.1,0,0,0,42.6,46.6,48.4,0.32,0.29,0.28
BROC,2019-11-08 07:00:00 EST,43.20835,-77.96592,563,24.6,24.9,17.1,71.0,16.5,0.000,0.000,0.00,0.000,6.0,9.4,1.3,317,10,6.4,10.6,1.3,317,9,6.4,10.6,1.3,317,9,6,29.64,-0.1,0,0,0,42.5,46.6,48.5,0.33,0.29,0.28
BROC,2019-11-08 07:05:00 EST,43.20835,-77.96592,563,24.4,24.6,18.1,72.4,16.7,0.000,0.000,0.00,0.000,4.6,7.1,0.8,331,11,5.0,8.3,1.1,331,11,5.0,8.3,1.1,331,11,9,29.64,-0.1,0,0,0,42.5,46.6,48.6,0.33,0.29,0.28
BROC,2019-11-08 07:10:00 EST,43.20835,-77.96592,563,24.5,24.6,17.9,72.2,16.8,0.000,0.000,0.00,0.000,5.1,8.1,1.2,324,11,5.4,9.0,1.3,324,10,5.4,9.0,1.3,324,10,12,29.64,-0.1,0,0,0,42.5,46.6,48.5,0.33,0.29,0.28
BROC,2019-11-08 07:15:00 EST,43.20835,-77.96592,563,24.5,24.6,17.4,71.7,16.7,0.000,0.000,0.00,0.000,5.5,8.9,1.3,321,11,5.9,10.0,1.5,322,11,5.9,10.0,1.5,322,11,15,29.65,-0.1,0,0,0,42.5,46.6,48.5,0.32,0.29,0.28
BROC,2019-11-08 07:20:00 EST,43.20835,-77.96592,563,24.3,24.5,17.9,72.1,16.6,0.000,0.000,0.00,0.000,4.7,6.9,1.0,311,9,5.2,7.4,1.2,313,9,5.2,7.4,1.2,313,9,20,29.65,-0.1,0,0,0,42.4,46.6,48.5,0.32,0.29,0.28
BROC,2019-11-08 07:25:00 EST,43.20835,-77.96592,563,24.4,24.6,17.1,71.4,16.5,0.000,0.000,0.00,0.000,5.7,7.2,0.8,316,10,6.1,8.0,0.9,316,9,6.1,8.0,0.9,316,9,40,29.65,0.0,0,0,0,42.4,46.6,48.6,0.32,0.29,0.28
BROC,2019-11-08 07:30:00 EST,43.20835,-77.96592,563,24.6,24.7,17.3,70.1,16.2,0.000,0.000,0.00,0.000,5.7,8.8,1.2,312,13,6.1,9.7,1.2,312,12,6.1,9.7,1.2,312,12,56,29.65,-0.0,0,0,0,42.4,46.6,48.4,0.32,0.29,0.28
BROC,2019-11-08 07:35:00 EST,43.20835,-77.96592,563,24.7,24.7,17.7,69.7,16.2,0.000,0.000,0.00,0.000,5.4,8.1,1.2,306,12,5.8,9.3,1.2,307,11,5.8,9.3,1.2,307,11,69,29.66,0.0,0,0,0,42.4,46.6,48.4,0.32,0.29,0.28
BROC,2019-11-08 07:40:00 EST,43.20835,-77.96592,563,24.8,24.8,18.7,68.8,16.0,0.000,0.000,0.00,0.000,4.7,7.9,1.5,310,14,5.0,10.2,1.7,311,14,5.0,10.2,1.7,311,14,84,29.66,-0.0,0,0,0,42.4,46.6,48.4,0.32,0.29,0.28
BROC,2019-11-08 07:45:00 EST,43.20835,-77.96592,563,25.0,25.0,16.3,67.2,15.6,0.000,0.000,0.00,0.000,7.8,12.5,2.1,305,10,8.0,12.3,2.2,307,9,8.0,12.3,2.2,307,9,80,29.66,0.0,0,0,0,42.4,46.6,48.4,0.32,0.29,0.28
BROC,2019-11-08 07:50:00 EST,43.20835,-77.96592,563,25.1,25.0,18.0,67.7,15.9,0.000,0.000,0.00,0.000,5.5,8.0,0.9,324,13,6.0,8.8,1.0,324,12,6.0,8.8,1.0,324,12,86,29.67,0.0,0,0,0,42.4,46.6,48.5,0.32,0.29,0.28
BROC,2019-11-08 07:55:00 EST,43.20835,-77.96592,563,25.1,25.0,19.0,69.0,16.4,0.000,0.000,0.00,0.000,4.6,7.6,1.1,320,15,5.0,8.6,1.2,322,15,5.0,8.6,1.2,322,15,63,29.67,-0.0,0,0,0,42.4,46.6,48.5,0.32,0.29,0.28
BROC,2019-11-08 08:00:00 EST,43.20835,-77.96592,563,25.2,25.1,16.7,67.6,16.0,0.000,0.000,0.00,0.000,7.4,11.5,1.6,321,12,7.9,12.0,1.5,323,11,7.9,12.0,1.5,323,11,65,29.67,0.0,0,0,0,42.4,46.5,48.5,0.33,0.29,0.28
BROC,2019-11-08 08:05:00 EST,43.20835,-77.96592,563,25.3,25.2,17.7,68.3,16.3,0.000,0.000,0.00,0.000,6.3,10.2,1.7,321,11,6.8,11.6,1.7,322,11,6.8,11.6,1.7,322,11,65,29.67,0.0,0,0,0,42.4,46.6,48.5,0.32,0.29,0.28
BROC,2019-11-08 08:10:00 EST,43.20835,-77.96592,563,25.4,25.2,18.2,68.4,16.5,0.000,0.000,0.00,0.000,5.7,8.9,1.5,326,15,6.2,10.3,1.7,328,16,6.2,10.3,1.7,328,16,73,29.67,0.0,0,0,0,42.3,46.5,48.4,0.32,0.29,0.28
BROC,2019-11-08 08:15:00 EST,43.20835,-77.96592,563,25.6,25.4,17.9,69.4,17.0,0.000,0.000,0.00,0.000,6.4,11.3,1.6,314,11,6.9,12.4,1.8,315,10,6.9,12.4,1.8,315,10,69,29.67,-0.0,0,0,0,42.3,46.6,48.4,0.32,0.29,0.28
BROC,2019-11-08 08:20:00 EST,43.20835,-77.96592,563,25.7,25.5,18.2,69.1,17.0,0.000,0.000,0.00,0.000,6.1,9.1,1.2,325,13,6.6,9.8,1.2,325,14,6.6,9.8,1.2,325,14,87,29.67,-0.0,0,0,0,42.3,46.5,48.5,0.32,0.29,0.28
BROC,2019-11-08 08:25:00 EST,43.20835,-77.96592,563,25.7,25.5,18.7,68.6,16.8,0.000,0.000,0.00,0.000,5.5,10.4,1.7,334,13,6.1,11.0,1.7,335,14,6.1,11.0,1.7,335,14,109,29.67,0.0,0,0,0,42.3,46.5,48.4,0.32,0.29,0.28
BROC,2019-11-08 08:30:00 EST,43.20835,-77.96592,563,25.9,25.6,18.9,68.1,16.8,0.000,0.000,0.00,0.000,5.8,10.5,2.3,322,11,6.0,11.0,2.3,324,10,6.0,11.0,2.3,324,10,127,29.68,0.0,0,0,0,42.4,46.4,48.4,0.32,0.29,0.28
BROC,2019-11-08 08:35:00 EST,43.20835,-77.96592,563,25.9,25.7,18.4,66.7,16.4,0.000,0.000,0.00,0.000,6.4,10.2,1.6,309,12,6.7,10.8,1.5,312,11,6.7,10.8,1.5,312,11,100,29.68,0.0,0,0,0,42.3,46.4,48.5,0.33,0.29,0.28
BROC,2019-11-08 08:40:00 EST,43.20835,-77.96592,563,26.0,25.8,17.6,66.7,16.4,0.000,0.000,0.00,0.000,7.6,10.0,1.2,319,13,7.9,10.9,1.2,320,13,7.9,10.9,1.2,320,13,128,29.68,0.0,0,0,0,42.2,46.4,48.4,0.33,0.29,0.28
BROC,2019-11-08 08:45:00 EST,43.20835,-77.96592,563,26.2,25.9,18.4,66.1,16.4,0.000,0.000,0.00,0.000,6.6,9.9,1.1,314,16,7.0,10.7,1.2,315,16,7.0,10.7,1.2,315,16,165,29.68,0.0,0,0,0,42.3,46.4,48.4,0.32,0.29,0.28
BROC,2019-11-08 08:50:00 EST,43.20835,-77.96592,563,26.4,26.1,19.3,67.2,17.0,0.000,0.000,0.00,0.000,5.8,8.1,1.2,320,17,6.4,8.9,1.3,321,18,6.4,8.9,1.3,321,18,159,29.68,0.0,0,0,0,42.3,46.4,48.5,0.32,0.29,0.28
BROC,2019-11-08 08:55:00 EST,43.20835,-77.96592,563,26.4,26.1,17.6,64.7,16.1,0.000,0.000,0.00,0.000,7.8,11.0,1.8,339,18,8.6,13.5,2.0,342,14,8.6,13.5,2.0,342,14,173,29.68,0.0,0,0,0,42.2,46.4,48.5,0.33,0.29,0.28
BROC,2019-11-08 09:00:00 EST,43.20835,-77.96592,563,26.3,25.9,15.9,65.0,16.1,0.000,0.000,0.00,0.000,10.4,16.4,2.9,333,14,11.3,20.2,3.0,336,13,11.3,20.2,3.0,336,13,187,29.68,-0.0,0,0,0,42.2,46.4,48.4,0.32,0.29,0.28
BROC,2019-11-08 09:05:00 EST,43.20835,-77.96592,563,26.2,25.9,16.3,66.2,16.5,0.000,0.000,0.00,0.000,9.9,14.4,2.3,331,12,10.6,16.0,2.5,333,10,10.6,16.0,2.5,333,10,152,29.68,-0.0,0,0,0,42.2,46.4,48.4,0.32,0.29,0.28
BROC,2019-11-08 09:10:00 EST,43.20835,-77.96592,563,26.4,26.1,17.4,65.9,16.5,0.000,0.000,0.00,0.000,8.4,14.5,2.2,332,11,8.9,14.6,2.2,334,12,8.9,14.6,2.2,334,12,191,29.68,-0.0,0,0,0,42.1,46.5,48.5,0.33,0.29,0.28
BROC,2019-11-08 09:15:00 EST,43.20835,-77.96592,563,26.5,26.2,15.3,63.3,15.7,0.000,0.000,0.00,0.000,12.8,17.8,2.4,318,12,13.3,20.7,2.5,319,12,13.3,20.7,2.5,319,12,219,29.68,-0.0,0,0,0,42.2,46.4,48.5,0.32,0.29,0.28
BROC,2019-11-08 09:20:00 EST,43.20835,-77.96592,563,26.5,26.2,15.7,64.5,16.2,0.000,0.000,0.00,0.000,11.9,17.6,2.2,313,12,12.5,19.6,2.3,316,11,12.5,19.6,2.3,316,11,208,29.68,0.0,0,0,0,42.1,46.4,48.4,0.32,0.29,0.28
BROC,2019-11-08 09:25:00 EST,43.20835,-77.96592,563,26.1,25.8,14.7,65.9,16.2,0.000,0.000,0.00,0.000,12.9,17.5,2.0,310,11,13.4,18.7,2.2,311,9,13.4,18.7,2.2,311,9,176,29.68,0.0,0,0,0,42.1,46.4,48.4,0.32,0.29,0.28
BROC,2019-11-08 09:30:00 EST,43.20835,-77.96592,563,26.2,25.9,16.2,66.2,16.5,0.000,0.000,0.00,0.000,10.1,14.5,2.2,317,12,10.6,15.0,2.1,319,13,10.6,15.0,2.1,319,13,195,29.69,0.0,0,0,0,42.1,46.5,48.4,0.32,0.29,0.28
BROC,2019-11-08 09:35:00 EST,43.20835,-77.96592,563,26.4,26.0,16.3,67.3,17.0,0.000,0.000,0.00,0.000,10.0,16.8,2.7,326,18,10.9,17.2,2.7,327,17,10.9,17.2,2.7,327,17,205,29.69,-0.1,0,0,0,42.2,46.4,48.4,0.32,0.29,0.28
BROC,2019-11-08 09:40:00 EST,43.20835,-77.96592,563,26.4,26.0,16.3,65.9,16.5,0.000,0.000,0.00,0.000,10.3,16.1,2.0,317,17,10.8,15.9,1.8,318,16,10.8,15.9,1.8,318,16,203,29.69,-0.0,0,0,0,42.2,46.4,48.4,0.32,0.29,0.28
BROC,2019-11-08 09:45:00 EST,43.20835,-77.96592,563,26.6,26.2,16.5,66.8,17.1,0.000,0.000,0.00,0.000,10.5,17.0,2.5,312,13,11.1,18.3,2.6,314,12,11.1,18.3,2.6,314,12,281,29.69,-0.0,0,0,0,42.1,46.4,48.4,0.32,0.29,0.28
BROC,2019-11-08 09:50:00 EST,43.20835,-77.96592,563,26.2,25.8,16.2,66.9,16.7,0.000,0.000,0.00,0.000,9.7,16.1,2.4,331,14,10.5,16.5,2.3,332,13,10.5,16.5,2.3,332,13,146,29.69,-0.1,0,0,0,42.2,46.3,48.4,0.32,0.29,0.28
BROC,2019-11-08 09:55:00 EST,43.20835,-77.96592,563,26.4,26.0,17.4,67.6,17.1,0.000,0.000,0.00,0.000,8.2,15.6,2.5,324,19,8.9,15.5,2.5,325,18,8.9,15.5,2.5,325,18,245,29.69,0.0,0,0,0,42.2,46.4,48.4,0.32,0.29,0.28
BROC,2019-11-08 10:00:00 EST,43.20835,-77.96592,563,26.6,26.2,16.3,66.0,16.8,0.000,0.000,0.00,0.000,10.6,18.1,2.7,322,18,11.5,18.3,2.6,323,18,11.5,18.3,2.6,323,18,214,29.69,-0.1,0,0,0,42.2,46.4,48.4,0.32,0.29,0.28
BROC,2019-11-08 10:05:00 EST,43.20835,-77.96592,563,26.4,26.0,16.3,64.0,15.8,0.000,0.000,0.00,0.000,10.3,13.4,1.3,315,13,10.9,15.5,1.5,316,14,10.9,15.5,1.5,316,14,295,29.69,-0.1,0,0,0,42.1,46.4,48.4,0.33,0.29,0.28
BROC,2019-11-08 10:10:00 EST,43.20835,-77.96592,563,26.8,26.3,15.9,61.7,15.4,0.000,0.000,0.00,0.000,12.2,19.4,2.6,321,12,12.7,20.0,2.6,322,11,12.7,20.0,2.6,322,11,275,29.69,-0.1,0,0,0,42.1,46.4,48.4,0.32,0.29,0.28
BROC,2019-11-08 10:15:00 EST,43.20835,-77.96592,563,26.6,26.2,16.2,61.3,15.1,0.000,0.000,0.00,0.000,10.8,16.1,2.1,319,9,11.6,16.5,2.0,320,10,11.6,16.5,2.0,320,10,209,29.69,-0.1,0,0,0,42.1,46.3,48.4,0.32,0.29,0.28
BROC,2019-11-08 10:20:00 EST,43.20835,-77.96592,563,26.7,26.3,16.0,61.7,15.3,0.000,0.000,0.00,0.000,11.4,16.6,3.0,330,14,12.1,18.0,3.2,334,13,12.1,18.0,3.2,334,13,191,29.70,-0.0,0,0,0,42.3,46.3,48.5,0.32,0.29,0.28
BROC,2019-11-08 10:25:00 EST,43.20835,-77.96592,563,26.6,26.2,16.7,61.5,15.2,0.000,0.000,0.00,0.000,10.0,15.2,2.6,331,16,10.7,16.5,2.7,332,15,10.7,16.5,2.7,332,15,225,29.70,-0.1,0,0,0,42.2,46.3,48.4,0.32,0.29,0.28
BROC,2019-11-08 10:30:00 EST,43.20835,-77.96592,563,26.7,26.3,16.1,61.4,15.2,0.000,0.000,0.00,0.000,10.9,16.9,2.7,337,16,12.0,18.5,2.8,339,15,12.0,18.5,2.8,339,15,226,29.70,-0.1,0,0,0,42.2,46.3,48.4,0.32,0.29,0.28
BROC,2019-11-08 10:35:00 EST,43.20835,-77.96592,563,26.8,26.4,17.1,60.6,15.0,0.000,0.000,0.00,0.000,9.6,16.7,2.7,317,15,10.2,16.8,2.6,317,15,10.2,16.8,2.6,317,15,271,29.70,-0.0,0,0,0,42.1,46.4,48.4,0.32,0.29,0.28
BROC,2019-11-08 10:40:00 EST,43.20835,-77.96592,563,27.1,26.6,17.8,60.0,15.1,0.000,0.000,0.00,0.000,9.4,14.8,2.0,317,11,9.9,16.8,2.0,318,10,9.9,16.8,2.0,318,10,295,29.70,-0.1,0,0,0,42.2,46.3,48.4,0.32,0.29,0.28
BROC,2019-11-08 10:45:00 EST,43.20835,-77.96592,563,26.8,26.4,16.3,58.5,14.2,0.000,0.000,0.00,0.000,11.3,15.6,2.0,327,17,11.9,17.6,2.3,328,16,11.9,17.6,2.3,328,16,222,29.70,-0.1,0,0,0,42.3,46.4,48.4,0.32,0.29,0.28
BROC,2019-11-08 10:50:00 EST,43.20835,-77.96592,563,27.2,26.8,17.6,61.1,15.6,0.000,0.000,0.00,0.000,9.5,15.2,1.9,323,19,10.4,16.9,2.1,325,16,10.4,16.9,2.1,325,16,269,29.70,-0.0,0,0,0,42.2,46.1,48.4,0.32,0.29,0.28
BROC,2019-11-08 10:55:00 EST,43.20835,-77.96592,563,27.4,26.9,17.2,60.8,15.6,0.000,0.000,0.00,0.000,10.9,15.9,2.8,323,13,11.7,16.3,2.7,324,14,11.7,16.3,2.7,324,14,331,29.70,-0.1,0,0,0,42.3,46.3,48.3,0.32,0.29,0.28
BROC,2019-11-08 11:00:00 EST,43.20835,-77.96592,563,27.3,26.8,18.4,60.5,15.4,0.000,0.000,0.00,0.000,8.2,12.1,1.8,329,17,9.1,13.1,1.9,330,14,9.1,13.1,1.9,330,14,198,29.70,-0.1,0,0,0,42.3,46.1,48.4,0.32,0.29,0.28
BROC,2019-11-08 11:05:00 EST,43.20835,-77.96592,563,27.5,27.0,18.6,60.0,15.4,0.000,0.000,0.00,0.000,8.7,12.9,1.8,303,13,9.2,13.8,1.8,304,13,9.2,13.8,1.8,304,13,479,29.70,0.1,0,0,0,42.3,46.3,48.4,0.32,0.29,0.28
BROC,2019-11-08 11:10:00 EST,43.20835,-77.96592,563,27.7,27.2,17.4,58.8,15.1,0.000,0.000,0.00,0.000,11.4,17.4,2.8,315,13,12.0,17.5,2.9,314,12,12.0,17.5,2.9,314,12,346,29.70,-0.0,0,0,0,42.3,46.0,48.3,0.32,0.29,0.28
BROC,2019-11-08 11:15:00 EST,43.20835,-77.96592,563,27.3,26.7,17.0,58.5,14.6,0.000,0.000,0.00,0.000,10.9,17.5,2.8,322,16,11.6,18.7,2.7,322,16,11.6,18.7,2.7,322,16,443,29.70,-0.0,0,0,0,42.4,46.0,48.3,0.32,0.29,0.28
BROC,2019-11-08 11:20:00 EST,43.20835,-77.96592,563,27.6,27.0,17.7,58.3,14.9,0.000,0.000,0.00,0.000,10.5,15.1,2.3,312,18,11.2,15.8,2.3,314,20,11.2,15.8,2.3,314,20,496,29.70,-0.0,0,0,0,42.4,46.0,48.3,0.32,0.29,0.28
BROC,2019-11-08 11:25:00 EST,43.20835,-77.96592,563,27.4,26.9,16.3,58.6,14.8,0.000,0.000,0.00,0.000,12.6,18.7,2.7,319,10,13.4,20.1,2.6,321,10,13.4,20.1,2.6,321,10,315,29.70,-0.0,0,0,0,42.4,46.1,48.3,0.32,0.29,0.28
BROC,2019-11-08 11:30:00 EST,43.20835,-77.96592,563,27.4,26.9,16.7,59.4,15.1,0.000,0.000,0.00,0.000,11.9,17.3,2.5,317,13,12.7,18.5,2.3,319,13,12.7,18.5,2.3,319,13,287,29.70,-0.1,0,0,0,42.3,46.0,48.4,0.32,0.29,0.28
BROC,2019-11-08 11:35:00 EST,43.20835,-77.96592,563,27.0,26.5,16.8,58.4,14.4,0.000,0.000,0.00,0.000,10.9,16.4,2.3,301,11,11.3,17.2,2.3,302,11,11.3,17.2,2.3,302,11,395,29.70,-0.0,0,0,0,42.4,46.0,48.3,0.32,0.29,0.28
BROC,2019-11-08 11:40:00 EST,43.20835,-77.96592,563,27.2,26.6,16.7,59.5,15.0,0.000,0.000,0.00,0.000,11.5,18.3,2.5,321,10,12.1,19.9,2.7,323,10,12.1,19.9,2.7,323,10,162,29.70,-0.1,0,0,0,42.3,46.0,48.3,0.32,0.29,0.28
BROC,2019-11-08 11:45:00 EST,43.20835,-77.96592,563,27.2,26.7,18.4,60.4,15.3,0.000,0.000,0.00,0.000,8.3,13.0,2.6,317,15,9.0,15.6,2.7,317,14,9.0,15.6,2.7,317,14,387,29.70,0.1,0,0,0,42.4,46.0,48.3,0.32,0.29,0.28
BROC,2019-11-08 11:50:00 EST,43.20835,-77.96592,563,27.9,27.2,18.0,59.5,15.6,0.000,0.000,0.00,0.000,10.6,18.2,2.6,312,17,11.2,17.8,2.6,313,16,11.2,17.8,2.6,313,16,510,29.69,-0.1,0,0,0,42.4,46.0,48.4,0.32,0.29,0.28
BROC,2019-11-08 11:55:00 EST,43.20835,-77.96592,563,28.0,27.3,18.2,59.9,15.8,0.000,0.000,0.00,0.000,10.1,15.1,2.4,307,17,10.9,15.7,2.5,307,18,10.9,15.7,2.5,307,18,504,29.69,-0.1,0,0,0,42.4,46.0,48.3,0.32,0.29,0.28
BROC,2019-11-08 12:00:00 EST,43.20835,-77.96592,563,27.7,27.1,18.7,58.5,15.1,0.000,0.000,0.00,0.000,8.8,14.7,1.9,329,17,9.6,15.8,2.1,331,17,9.6,15.8,2.1,331,17,461,29.69,0.0,0,0,0,42.3,46.0,48.3,0.32,0.29,0.28
BROC,2019-11-08 12:05:00 EST,43.20835,-77.96592,563,28.2,27.3,18.5,60.5,16.3,0.000,0.000,0.00,0.000,10.2,14.2,2.2,283,12,11.1,16.1,2.4,284,12,11.1,16.1,2.4,284,12,495,29.69,-0.1,0,0,0,42.5,46.0,48.2,0.32,0.29,0.28
BROC,2019-11-08 12:10:00 EST,43.20835,-77.96592,563,27.9,27.2,18.5,58.4,15.2,0.000,0.000,0.00,0.000,9.7,16.0,2.0,310,18,10.3,17.5,2.3,312,19,10.3,17.5,2.3,312,19,513,29.69,-0.0,0,0,0,42.3,46.0,48.2,0.32,0.29,0.28
BROC,2019-11-08 12:15:00 EST,43.20835,-77.96592,563,27.9,27.2,17.4,55.7,14.1,0.000,0.000,0.00,0.000,11.5,16.9,2.2,338,13,12.4,18.5,2.4,341,12,12.4,18.5,2.4,341,12,479,29.69,-0.1,0,0,0,42.5,46.0,48.2,0.32,0.29,0.28
BROC,2019-11-08 12:20:00 EST,43.20835,-77.96592,563,28.2,27.4,18.1,58.0,15.3,0.000,0.000,0.00,0.000,11.1,16.0,2.1,329,16,11.9,17.4,2.3,332,16,11.9,17.4,2.3,332,16,498,29.69,-0.1,0,0,0,42.6,46.0,48.2,0.32,0.29,0.28
BROC,2019-11-08 12:25:00 EST,43.20835,-77.96592,563,28.3,27.4,18.6,57.5,15.2,0.000,0.000,0.00,0.000,10.1,17.0,2.4,332,13,11.0,17.3,2.6,333,14,11.0,17.3,2.6,333,14,443,29.69,-0.1,0,0,0,42.6,46.0,48.2,0.32,0.29,0.28
BROC,2019-11-08 12:30:00 EST,43.20835,-77.96592,563,28.3,27.5,18.7,57.9,15.3,0.000,0.000,0.00,0.000,10.1,16.1,2.5,324,13,10.8,16.6,2.4,326,13,10.8,16.6,2.4,326,13,499,29.69,-0.0,0,0,0,42.6,46.0,48.2,0.32,0.29,0.28
BROC,2019-11-08 12:35:00 EST,43.20835,-77.96592,563,29.1,28.1,20.3,59.3,16.6,0.000,0.000,0.00,0.000,9.1,15.4,2.1,311,17,9.7,15.1,2.2,312,16,9.7,15.1,2.2,312,16,469,29.68,-0.1,0,0,0,42.7,46.0,48.2,0.32,0.29,0.28
BROC,2019-11-08 12:40:00 EST,43.20835,-77.96592,563,28.6,27.8,19.6,56.8,15.2,0.000,0.000,0.00,0.000,9.3,15.4,2.2,318,10,9.7,15.6,2.2,319,9,9.7,15.6,2.2,319,9,502,29.69,-0.0,0,0,0,42.8,46.0,48.2,0.32,0.29,0.28
BROC,2019-11-08 12:45:00 EST,43.20835,-77.96592,563,28.9,28.0,19.5,58.1,16.0,0.000,0.000,0.00,0.000,10.1,14.6,2.2,312,15,10.6,15.4,2.3,313,15,10.6,15.4,2.3,313,15,483,29.69,-0.1,0,0,0,42.8,46.0,48.2,0.32,0.29,0.28
BROC,2019-11-08 12:50:00 EST,43.20835,-77.96592,563,28.4,27.7,18.1,56.6,14.9,0.000,0.000,0.00,0.000,11.9,16.5,2.2,317,10,12.3,17.3,2.1,318,10,12.3,17.3,2.1,318,10,461,29.69,-0.1,0,0,0,42.8,46.0,48.2,0.32,0.29,0.28
BROC,2019-11-08 12:55:00 EST,43.20835,-77.96592,563,28.8,27.9,19.3,58.0,15.9,0.000,0.000,0.00,0.000,10.1,16.5,2.5,320,16,10.9,17.5,2.6,323,16,10.9,17.5,2.6,323,16,489,29.68,-0.0,0,0,0,42.8,46.0,48.2,0.32,0.29,0.28
BROC,2019-11-08 13:00:00 EST,43.20835,-77.96592,563,28.5,27.7,18.6,54.8,14.3,0.000,0.000,0.00,0.000,11.0,15.7,1.8,323,11,11.5,16.3,1.8,325,10,11.5,16.3,1.8,325,10,482,29.69,0.0,0,0,0,42.9,45.9,48.2,0.32,0.29,0.28
BROC,2019-11-08 13:05:00 EST,43.20835,-77.96592,563,28.7,28.1,19.9,55.9,15.0,0.000,0.000,0.00,0.000,9.0,12.8,2.1,321,18,9.4,13.3,2.3,323,14,9.4,13.3,2.3,323,14,531,29.69,-0.0,0,0,0,42.9,45.9,48.2,0.32,0.29,0.28
BROC,2019-11-08 13:10:00 EST,43.20835,-77.96592,563,29.9,28.7,20.8,58.8,17.2,0.000,0.000,0.00,0.000,9.6,14.3,1.6,290,15,10.6,15.9,1.8,290,13,10.6,15.9,1.8,290,13,417,29.69,-0.2,0,0,0,43.0,45.9,48.2,0.33,0.29,0.28
BROC,2019-11-08 13:15:00 EST,43.20835,-77.96592,563,28.8,27.9,19.6,56.1,15.1,0.000,0.000,0.00,0.000,9.7,13.2,1.8,286,12,10.4,16.0,2.1,287,11,10.4,16.0,2.1,287,11,418,29.69,-0.1,0,0,0,43.1,46.0,48.2,0.32,0.29,0.28
BROC,2019-11-08 13:20:00 EST,43.20835,-77.96592,563,29.1,28.1,19.4,57.1,15.8,0.000,0.000,0.00,0.000,10.4,15.8,2.1,281,12,11.4,16.9,2.4,281,11,11.4,16.9,2.4,281,11,524,29.69,0.1,0,0,0,43.1,46.0,48.2,0.33,0.29,0.28
BROC,2019-11-08 13:25:00 EST,43.20835,-77.96592,563,29.5,28.5,21.1,56.8,16.0,0.000,0.000,0.00,0.000,8.3,16.1,2.6,287,13,9.0,16.9,2.7,288,12,9.0,16.9,2.7,288,12,492,29.69,0.1,0,0,0,43.1,45.9,48.2,0.32,0.29,0.28
BROC,2019-11-08 13:30:00 EST,43.20835,-77.96592,563,29.7,28.5,20.2,56.6,16.1,0.000,0.000,0.00,0.000,10.8,15.6,1.8,296,12,11.4,16.2,1.9,296,11,11.4,16.2,1.9,296,11,475,29.69,-0.1,0,0,0,43.1,45.9,48.2,0.33,0.29,0.28
BROC,2019-11-08 13:35:00 EST,43.20835,-77.96592,563,29.3,28.3,21.3,57.3,16.1,0.000,0.000,0.00,0.000,7.9,12.6,2.1,297,11,8.5,13.2,2.1,298,11,8.5,13.2,2.1,298,11,476,29.69,-0.0,0,0,0,43.1,45.9,48.2,0.32,0.29,0.28
BROC,2019-11-08 13:40:00 EST,43.20835,-77.96592,563,29.5,28.6,21.0,58.3,16.7,0.000,0.000,0.00,0.000,8.8,14.5,2.3,319,18,9.4,18.3,2.6,320,16,9.4,18.3,2.6,320,16,268,29.69,-0.2,0,0,0,43.2,45.9,48.2,0.33,0.29,0.28
BROC,2019-11-08 13:45:00 EST,43.20835,-77.96592,563,28.4,27.8,20.3,55.7,14.5,0.000,0.000,0.00,0.000,7.5,12.4,2.4,344,15,8.1,13.5,2.4,346,13,8.1,13.5,2.4,346,13,211,29.69,-0.0,0,0,0,43.2,45.9,48.2,0.33,0.29,0.28
BROC,2019-11-08 13:50:00 EST,43.20835,-77.96592,563,28.6,28.2,19.8,58.9,16.0,0.000,0.000,0.00,0.000,8.7,17.0,3.9,312,16,9.5,18.1,3.8,312,16,9.5,18.1,3.8,312,16,133,29.69,-0.1,0,0,0,43.3,45.9,48.2,0.33,0.29,0.28
BROC,2019-11-08 13:55:00 EST,43.20835,-77.96592,563,28.8,28.2,20.0,58.8,16.2,0.000,0.000,0.00,0.000,9.1,13.7,1.9,314,11,9.6,14.6,1.9,315,10,9.6,14.6,1.9,315,10,404,29.69,-0.0,0,0,0,43.3,45.9,48.2,0.32,0.29,0.28
BROC,2019-11-08 14:00:00 EST,43.20835,-77.96592,563,29.3,28.4,19.8,56.6,15.8,0.000,0.000,0.00,0.000,10.8,17.2,2.9,311,12,11.1,16.3,2.9,311,11,11.1,16.3,2.9,311,11,428,29.68,-0.1,0,0,0,43.4,45.9,48.1,0.33,0.29,0.28
BROC,2019-11-08 14:05:00 EST,43.20835,-77.96592,563,29.4,28.5,22.0,55.7,15.5,0.000,0.000,0.00,0.000,6.9,12.7,2.2,327,25,7.5,14.8,2.3,329,22,7.5,14.8,2.3,329,22,417,29.69,0.1,0,0,0,43.5,45.9,48.2,0.33,0.29,0.28
BROC,2019-11-08 14:10:00 EST,43.20835,-77.96592,563,29.5,28.8,20.6,57.4,16.3,0.000,0.000,0.00,0.000,9.2,15.0,1.9,309,31,10.1,15.9,2.1,311,28,10.1,15.9,2.1,311,28,380,29.68,-0.1,0,0,0,43.5,45.9,48.2,0.32,0.29,0.28
BROC,2019-11-08 14:15:00 EST,43.20835,-77.96592,563,29.4,28.7,20.7,57.7,16.3,0.000,0.000,0.00,0.000,9.1,13.4,1.8,320,14,9.6,15.0,1.9,321,15,9.6,15.0,1.9,321,15,369,29.68,-0.0,0,0,0,43.5,45.9,48.1,0.33,0.29,0.28
BROC,2019-11-08 14:20:00 EST,43.20835,-77.96592,563,29.1,28.4,20.8,57.8,16.1,0.000,0.000,0.00,0.000,7.9,14.0,2.7,331,23,8.8,14.7,2.6,333,18,8.8,14.7,2.6,333,18,312,29.68,0.1,0,0,0,43.5,45.9,48.2,0.32,0.29,0.28
BROC,2019-11-08 14:25:00 EST,43.20835,-77.96592,563,29.4,28.7,21.4,59.0,16.8,0.000,0.000,0.00,0.000,7.7,10.2,1.3,326,14,8.5,11.1,1.4,327,14,8.5,11.1,1.4,327,14,351,29.68,-0.0,0,0,0,43.5,45.9,48.2,0.33,0.29,0.28
BROC,2019-11-08 14:30:00 EST,43.20835,-77.96592,563,29.4,28.6,20.4,56.9,16.0,0.000,0.000,0.00,0.000,9.2,14.3,2.8,325,16,10.1,15.2,2.6,326,16,10.1,15.2,2.6,326,16,334,29.68,-0.2,0,0,0,43.5,45.9,48.1,0.32,0.29,0.28
BROC,2019-11-08 14:35:00 EST,43.20835,-77.96592,563,28.3,27.8,18.9,57.8,15.4,0.000,0.000,0.00,0.000,9.8,14.9,2.2,339,8,10.5,15.6,2.2,341,8,10.5,15.6,2.2,341,8,301,29.68,-0.0,0,0,0,43.5,45.9,48.1,0.32,0.29,0.28
BROC,2019-11-08 14:40:00 EST,43.20835,-77.96592,563,29.0,28.4,20.6,59.3,16.6,0.000,0.000,0.00,0.000,8.0,12.9,2.0,330,15,8.9,15.0,2.2,332,16,8.9,15.0,2.2,332,16,306,29.68,-0.1,0,0,0,43.6,45.9,48.1,0.32,0.29,0.28
BROC,2019-11-08 14:45:00 EST,43.20835,-77.96592,563,28.9,28.4,19.4,57.7,15.8,0.000,0.000,0.00,0.000,10.0,13.4,2.0,336,12,10.9,14.5,1.8,339,10,10.9,14.5,1.8,339,10,292,29.68,-0.0,0,0,0,43.6,45.9,48.1,0.32,0.29,0.28
BROC,2019-11-08 14:50:00 EST,43.20835,-77.96592,563,29.0,28.4,20.4,59.2,16.5,0.000,0.000,0.00,0.000,8.4,11.8,1.7,336,17,9.2,14.3,1.8,336,16,9.2,14.3,1.8,336,16,280,29.68,-0.1,0,0,0,43.6,45.9,48.0,0.32,0.29,0.28
BROC,2019-11-08 14:55:00 EST,43.20835,-77.96592,563,28.7,28.3,20.3,59.0,16.2,0.000,0.000,0.00,0.000,8.1,11.7,1.6,335,14,8.9,12.6,1.7,338,11,8.9,12.6,1.7,338,11,266,29.68,-0.1,0,0,0,43.6,45.9,48.1,0.32,0.29,0.28
BROC,2019-11-08 15:00:00 EST,43.20835,-77.96592,563,28.9,28.5,20.6,58.7,16.3,0.000,0.000,0.00,0.000,8.3,13.5,2.3,337,13,8.9,14.1,2.4,339,12,8.9,14.1,2.4,339,12,260,29.68,-0.1,0,0,0,43.6,45.9,48.1,0.32,0.29,0.28
BROC,2019-11-08 15:05:00 EST,43.20835,-77.96592,563,29.0,28.4,20.1,58.9,16.4,0.000,0.000,0.00,0.000,9.2,13.7,2.2,310,19,9.8,14.4,2.2,310,18,9.8,14.4,2.2,310,18,247,29.68,-0.1,0,0,0,43.6,45.9,48.1,0.32,0.29,0.28
BROC,2019-11-08 15:10:00 EST,43.20835,-77.96592,563,29.2,28.6,21.2,59.3,16.8,0.000,0.000,0.00,0.000,8.0,11.8,1.5,297,11,8.5,12.2,1.6,297,11,8.5,12.2,1.6,297,11,235,29.68,-0.1,0,0,0,43.7,45.9,48.1,0.32,0.29,0.28
BROC,2019-11-08 15:15:00 EST,43.20835,-77.96592,563,28.9,28.3,19.4,57.1,15.6,0.000,0.000,0.00,0.000,10.4,15.3,2.8,291,8,10.9,15.6,2.8,292,8,10.9,15.6,2.8,292,8,197,29.68,-0.1,0,0,0,43.6,45.9,48.1,0.32,0.29,0.28
BROC,2019-11-08 15:20:00 EST,43.20835,-77.96592,563,28.7,28.3,19.7,57.6,15.7,0.000,0.000,0.00,0.000,9.3,12.6,1.7,287,14,10.0,13.8,1.8,287,13,10.0,13.8,1.8,287,13,166,29.68,-0.1,0,0,0,43.6,45.9,48.1,0.32,0.29,0.28
BROC,2019-11-08 15:25:00 EST,43.20835,-77.96592,563,29.0,28.6,20.5,56.7,15.6,0.000,0.000,0.00,0.000,8.4,12.6,1.9,284,10,9.1,14.5,2.1,284,9,9.1,14.5,2.1,284,9,198,29.68,-0.1,0,0,0,43.6,45.9,48.1,0.32,0.29,0.28
BROC,2019-11-08 15:30:00 EST,43.20835,-77.96592,563,29.1,28.6,20.1,58.2,16.3,0.000,0.000,0.00,0.000,9.3,13.2,2.0,286,11,10.1,14.6,2.1,287,9,10.1,14.6,2.1,287,9,188,29.68,-0.1,0,0,0,43.6,45.9,48.1,0.33,0.29,0.28
BROC,2019-11-08 15:35:00 EST,43.20835,-77.96592,563,28.9,28.5,20.6,58.9,16.4,0.000,0.000,0.00,0.000,8.3,11.3,1.5,294,14,8.8,14.1,1.6,295,13,8.8,14.1,1.6,295,13,171,29.68,-0.1,0,0,0,43.6,45.9,48.1,0.32,0.29,0.28
BROC,2019-11-08 15:40:00 EST,43.20835,-77.96592,563,28.7,28.3,19.5,59.3,16.3,0.000,0.000,0.00,0.000,9.6,14.0,1.9,294,10,10.1,14.9,1.9,295,10,10.1,14.9,1.9,295,10,113,29.69,-0.1,0,0,0,43.6,45.9,48.1,0.32,0.29,0.28
BROC,2019-11-08 15:45:00 EST,43.20835,-77.96592,563,28.6,28.3,20.1,59.5,16.2,0.000,0.000,0.00,0.000,8.5,12.2,1.9,297,11,9.0,13.2,2.1,297,10,9.0,13.2,2.1,297,10,138,29.69,-0.1,0,0,0,43.5,45.9,48.1,0.32,0.29,0.28
BROC,2019-11-08 15:50:00 EST,43.20835,-77.96592,563,28.9,28.5,21.6,59.8,16.6,0.000,0.000,0.00,0.000,6.6,11.5,1.8,306,16,7.2,13.1,1.8,307,15,7.2,13.1,1.8,307,15,139,29.68,-0.0,0,0,0,43.5,45.9,48.1,0.33,0.29,0.28
BROC,2019-11-08 15:55:00 EST,43.20835,-77.96592,563,28.8,28.5,21.2,60.7,16.9,0.000,0.000,0.00,0.000,7.1,10.7,1.5,288,11,7.7,11.4,1.6,288,10,7.7,11.4,1.6,288,10,129,29.68,-0.1,0,0,0,43.5,45.9,48.1,0.32,0.29,0.28
BROC,2019-11-08 16:00:00 EST,43.20835,-77.96592,563,28.6,28.3,19.3,61.0,16.8,0.000,0.000,0.00,0.000,9.6,12.6,1.7,277,11,10.3,14.7,1.9,277,10,10.3,14.7,1.9,277,10,119,29.68,-0.1,0,0,0,43.5,45.9,48.1,0.32,0.29,0.28
BROC,2019-11-08 16:05:00 EST,43.20835,-77.96592,563,28.7,28.4,20.9,61.5,17.1,0.000,0.000,0.00,0.000,7.2,12.6,2.4,285,10,7.9,13.8,2.6,286,9,7.9,13.8,2.6,286,9,105,29.68,-0.1,0,0,0,43.5,45.9,48.1,0.32,0.29,0.28
BROC,2019-11-08 16:10:00 EST,43.20835,-77.96592,563,28.5,28.4,20.8,61.2,16.9,0.000,0.000,0.00,0.000,7.2,11.3,1.7,297,12,7.7,11.8,1.7,298,12,7.7,11.8,1.7,298,12,89,29.68,-0.1,0,0,0,43.5,46.0,48.0,0.32,0.29,0.28
BROC,2019-11-08 16:15:00 EST,43.20835,-77.96592,563,28.4,28.3,20.1,60.7,16.6,0.000,0.000,0.00,0.000,8.1,11.6,1.7,289,11,8.7,12.6,1.8,291,10,8.7,12.6,1.8,291,10,74,29.69,-0.1,0,0,0,43.5,45.9,48.1,0.32,0.29,0.28
BROC,2019-11-08 16:20:00 EST,43.20835,-77.96592,563,28.2,28.1,20.3,60.9,16.4,0.000,0.000,0.00,0.000,7.3,10.7,1.8,292,14,7.9,12.1,1.8,294,13,7.9,12.1,1.8,294,13,61,29.69,-0.1,0,0,0,43.5,45.9,48.1,0.32,0.29,0.28
BROC,2019-11-08 16:25:00 EST,43.20835,-77.96592,563,28.1,28.1,21.2,61.9,16.7,0.000,0.000,0.00,0.000,5.8,8.8,1.1,291,13,6.4,11.8,1.4,292,12,6.4,11.8,1.4,292,12,47,29.69,-0.1,0,0,0,43.4,45.9,48.0,0.32,0.29,0.28
BROC,2019-11-08 16:30:00 EST,43.20835,-77.96592,563,27.9,27.9,20.2,60.3,15.9,0.000,0.000,0.00,0.000,6.9,10.2,1.4,283,11,7.5,11.4,1.5,283,10,7.5,11.4,1.5,283,10,33,29.69,-0.1,0,0,0,43.4,45.9,48.0,0.32,0.29,0.28
BROC,2019-11-08 16:35:00 EST,43.20835,-77.96592,563,27.8,27.9,19.6,61.3,16.2,0.000,0.000,0.00,0.000,7.7,11.0,1.2,292,10,8.2,11.7,1.3,293,10,8.2,11.7,1.3,293,10,22,29.69,-0.1,0,0,0,43.4,45.9,48.0,0.32,0.29,0.28
BROC,2019-11-08 16:40:00 EST,43.20835,-77.96592,563,27.6,27.7,20.3,62.4,16.4,0.000,0.000,0.00,0.000,6.3,10.2,1.4,279,12,6.8,11.3,1.6,281,10,6.8,11.3,1.6,281,10,16,29.69,-0.1,0,0,0,43.3,46.0,48.0,0.33,0.29,0.28
BROC,2019-11-08 16:45:00 EST,43.20835,-77.96592,563,27.2,27.4,20.6,64.1,16.7,0.000,0.000,0.00,0.000,5.4,8.3,1.1,275,9,6.0,9.3,1.2,277,9,6.0,9.3,1.2,277,9,12,29.69,-0.1,0,0,0,43.3,45.9,48.0,0.32,0.29,0.28
BROC,2019-11-08 16:50:00 EST,43.20835,-77.96592,563,27.0,27.4,19.9,65.4,17.0,0.000,0.000,0.00,0.000,6.0,8.9,1.2,283,10,6.6,9.4,1.3,284,9,6.6,9.4,1.3,284,9,9,29.69,-0.1,0,0,0,43.3,45.9,48.0,0.33,0.29,0.28
BROC,2019-11-08 16:55:00 EST,43.20835,-77.96592,563,27.1,27.4,22.0,65.1,16.9,0.000,0.000,0.00,0.000,3.9,7.2,0.8,283,9,4.3,7.1,0.8,285,9,4.3,7.1,0.8,285,9,6,29.69,-0.1,0,0,0,43.3,46.0,48.0,0.33,0.29,0.28
BROC,2019-11-08 17:00:00 EST,43.20835,-77.96592,563,26.8,27.3,21.3,66.3,17.0,0.000,0.000,0.00,0.000,4.1,5.8,0.7,283,9,4.6,6.8,0.8,284,8,4.6,6.8,0.8,284,8,4,29.69,-0.1,0,0,0,43.3,46.0,48.1,0.32,0.29,0.28
BROC,2019-11-08 17:05:00 EST,43.20835,-77.96592,563,26.8,27.2,21.5,65.9,17.0,0.000,0.000,0.00,0.000,4.0,6.0,0.6,281,8,4.5,7.3,0.7,283,7,4.5,7.3,0.7,283,7,2,29.70,-0.1,0,0,0,43.2,45.9,48.0,0.33,0.29,0.28
BROC,2019-11-08 17:10:00 EST,43.20835,-77.96592,563,26.6,27.1,20.8,66.8,17.0,0.000,0.000,0.00,0.000,4.5,6.3,0.8,275,7,4.9,7.3,0.8,277,7,4.9,7.3,0.8,277,7,1,29.70,-0.2,0,0,0,43.1,46.0,48.1,0.32,0.29,0.28
BROC,2019-11-08 17:15:00 EST,43.20835,-77.96592,563,26.3,27.0,20.3,67.4,17.0,0.000,0.000,0.00,0.000,4.6,6.1,0.6,271,5,5.1,7.1,0.7,273,6,5.1,7.1,0.7,273,6,0,29.70,-0.1,0,0,0,43.1,46.0,48.0,0.33,0.29,0.28
BROC,2019-11-08 17:20:00 EST,43.20835,-77.96592,563,26.2,27.0,20.0,67.8,17.0,0.000,0.000,0.00,0.000,4.8,6.4,0.7,273,8,5.4,7.6,0.9,275,8,5.4,7.6,0.9,275,8,0,29.70,-0.1,0,0,0,43.2,46.0,48.0,0.32,0.29,0.28
BROC,2019-11-08 17:25:00 EST,43.20835,-77.96592,563,26.2,26.9,19.4,68.4,17.2,0.000,0.000,0.00,0.000,5.5,7.4,0.8,270,8,6.0,8.3,0.9,272,8,6.0,8.3,0.9,272,8,0,29.70,-0.1,0,0,0,43.1,46.0,48.0,0.33,0.29,0.28
BROC,2019-11-08 17:30:00 EST,43.20835,-77.96592,563,26.2,26.9,19.3,68.4,17.2,0.000,0.000,0.00,0.000,5.5,7.4,0.8,271,6,6.0,8.7,1.0,272,6,6.0,8.7,1.0,272,6,0,29.70,-0.1,0,0,0,43.0,45.9,48.0,0.32,0.29,0.28
BROC,2019-11-08 17:35:00 EST,43.20835,-77.96592,563,26.1,26.7,19.9,68.7,17.2,0.000,0.000,0.00,0.000,4.7,6.4,0.5,270,6,5.2,7.0,0.5,272,6,5.2,7.0,0.5,272,6,0,29.70,-0.1,0,0,0,43.0,46.0,48.0,0.32,0.29,0.28
BROC,2019-11-08 17:40:00 EST,43.20835,-77.96592,563,26.0,26.7,19.9,69.1,17.2,0.000,0.000,0.00,0.000,4.6,5.8,0.5,273,4,5.1,6.3,0.5,275,5,5.1,6.3,0.5,275,5,0,29.70,-0.1,0,0,0,42.9,45.9,48.0,0.33,0.29,0.28
BROC,2019-11-08 17:45:00 EST,43.20835,-77.96592,563,25.9,26.6,20.4,69.0,17.1,0.000,0.000,0.00,0.000,4.1,5.4,0.4,271,4,4.5,5.9,0.5,273,5,4.5,5.9,0.5,273,5,0,29.70,-0.1,0,0,0,42.9,46.0,48.1,0.32,0.29,0.28
BROC,2019-11-08 17:50:00 EST,43.20835,-77.96592,563,25.9,26.4,20.7,69.1,17.1,0.000,0.000,0.00,0.000,3.9,5.6,0.6,263,9,4.2,6.2,0.6,264,10,4.2,6.2,0.6,264,10,0,29.70,0.0,0,0,0,42.9,45.9,48.1,0.33,0.29,0.28
BROC,2019-11-08 17:55:00 EST,43.20835,-77.96592,563,26.1,26.3,22.1,68.8,17.2,0.000,0.000,0.00,0.000,3.1,4.8,0.6,254,9,3.4,5.3,0.6,255,11,3.4,5.3,0.6,255,11,0,29.70,-0.1,0,0,0,42.8,45.9,48.0,0.32,0.29,0.28
BROC,2019-11-08 18:00:00 EST,43.20835,-77.96592,563,25.7,26.2,25.7,70.8,17.5,0.000,0.000,0.00,0.000,2.6,3.7,0.5,253,8,2.8,4.3,0.5,254,10,2.8,4.3,0.5,254,10,0,29.70,-0.1,0,0,0,42.8,45.9,48.0,0.32,0.29,0.28
BROC,2019-11-08 18:05:00 EST,43.20835,-77.96592,563,25.2,26.2,25.2,72.4,17.6,0.000,0.000,0.00,0.000,2.6,3.6,0.4,247,9,2.8,4.3,0.5,247,10,2.8,4.3,0.5,247,10,0,29.70,-0.1,0,0,0,42.8,46.0,48.0,0.32,0.29,0.28
BROC,2019-11-08 18:10:00 EST,43.20835,-77.96592,563,24.9,25.9,24.9,74.4,17.9,0.000,0.000,0.00,0.000,2.5,3.1,0.3,236,11,2.5,3.6,0.5,235,11,2.5,3.6,0.5,235,11,0,29.70,-0.1,0,0,0,42.7,45.9,48.0,0.32,0.29,0.28
BROC,2019-11-08 18:15:00 EST,43.20835,-77.96592,563,24.6,25.7,24.6,77.6,18.6,0.000,0.000,0.00,0.000,2.0,3.0,0.3,225,9,2.1,3.1,0.4,226,7,2.1,3.1,0.4,226,7,0,29.70,-0.1,0,0,0,42.7,45.9,48.1,0.32,0.29,0.28
BROC,2019-11-08 18:20:00 EST,43.20835,-77.96592,563,24.2,25.6,24.2,80.2,18.9,0.000,0.000,0.00,0.000,2.1,2.9,0.3,214,6,2.2,3.1,0.3,217,6,2.2,3.1,0.3,217,6,0,29.70,-0.0,0,0,0,42.6,46.0,48.0,0.33,0.29,0.28
BROC,2019-11-08 18:25:00 EST,43.20835,-77.96592,563,23.9,25.7,23.9,81.2,19.0,0.000,0.000,0.00,0.000,2.4,3.1,0.2,210,5,2.6,3.4,0.3,214,5,2.6,3.4,0.3,214,5,0,29.70,-0.0,0,0,0,42.5,46.0,48.0,0.32,0.29,0.28
BROC,2019-11-08 18:30:00 EST,43.20835,-77.96592,563,23.7,25.7,23.7,81.7,18.9,0.000,0.000,0.00,0.000,2.6,3.3,0.3,213,5,2.6,3.6,0.3,217,5,2.6,3.6,0.3,217,5,0,29.70,-0.0,0,0,0,42.5,45.9,48.0,0.32,0.29,0.28
BROC,2019-11-08 18:35:00 EST,43.20835,-77.96592,563,23.6,25.7,19.8,81.9,18.9,0.000,0.000,0.00,0.000,2.9,3.7,0.3,213,5,3.0,4.0,0.4,217,5,3.0,4.0,0.4,217,5,0,29.71,-0.0,0,0,0,42.4,45.9,48.0,0.32,0.29,0.28
BROC,2019-11-08 18:40:00 EST,43.20835,-77.96592,563,23.7,25.7,19.2,82.4,19.2,0.000,0.000,0.00,0.000,3.3,4.1,0.4,214,7,3.5,4.5,0.5,217,7,3.5,4.5,0.5,217,7,0,29.71,-0.1,0,0,0,42.4,45.9,48.0,0.32,0.29,0.28
BROC,2019-11-08 18:45:00 EST,43.20835,-77.96592,563,24.0,25.8,19.4,81.6,19.2,0.000,0.000,0.00,0.000,3.5,4.3,0.4,218,8,3.6,4.8,0.6,220,6,3.6,4.8,0.6,220,6,0,29.71,-0.1,0,0,0,42.4,45.9,48.1,0.32,0.29,0.28
BROC,2019-11-08 18:50:00 EST,43.20835,-77.96592,563,23.4,25.6,23.4,80.5,18.2,0.000,0.000,0.00,0.000,2.7,3.9,0.4,215,7,2.8,3.8,0.4,216,8,2.8,3.8,0.4,216,8,0,29.71,0.0,0,0,0,42.4,45.9,48.0,0.32,0.29,0.28
BROC,2019-11-08 18:55:00 EST,43.20835,-77.96592,563,23.6,25.6,19.7,82.4,19.0,0.000,0.000,0.00,0.000,3.1,4.7,0.5,217,6,3.1,4.8,0.5,221,5,3.1,4.8,0.5,221,5,0,29.71,-0.1,0,0,0,42.4,45.9,48.0,0.32,0.29,0.28
BROC,2019-11-08 19:00:00 EST,43.20835,-77.96592,563,23.5,25.5,19.6,81.0,18.5,0.000,0.000,0.00,0.000,3.0,4.2,0.4,218,7,3.1,4.8,0.6,220,6,3.1,4.8,0.6,220,6,0,29.71,-0.0,0,0,0,42.4,45.9,48.0,0.32,0.29,0.28
BROC,2019-11-08 19:05:00 EST,43.20835,-77.96592,563,23.3,25.3,19.1,82.7,18.8,0.000,0.000,0.00,0.000,3.1,4.3,0.5,211,8,3.2,4.8,0.5,214,7,3.2,4.8,0.5,214,7,0,29.71,-0.1,0,0,0,42.3,45.9,48.0,0.32,0.29,0.28
BROC,2019-11-08 19:10:00 EST,43.20835,-77.96592,563,22.9,25.3,19.0,83.7,18.7,0.000,0.000,0.00,0.000,2.9,4.3,0.6,215,8,3.0,4.9,0.6,218,7,3.0,4.9,0.6,218,7,0,29.71,-0.0,0,0,0,42.2,45.9,48.0,0.32,0.29,0.28
BROC,2019-11-08 19:15:00 EST,43.20835,-77.96592,563,23.0,25.2,23.0,83.5,18.8,0.000,0.000,0.00,0.000,2.5,4.5,0.6,216,10,2.7,4.7,0.6,218,8,2.7,4.7,0.6,218,8,0,29.71,-0.0,0,0,0,42.2,45.9,48.0,0.32,0.29,0.28
BROC,2019-11-08 19:20:00 EST,43.20835,-77.96592,563,22.8,25.3,18.7,84.2,18.7,0.000,0.000,0.00,0.000,2.8,3.9,0.4,204,6,3.1,4.4,0.5,208,7,3.1,4.4,0.5,208,7,0,29.71,-0.0,0,0,0,42.1,45.9,48.0,0.32,0.29,0.28
BROC,2019-11-08 19:25:00 EST,43.20835,-77.96592,563,22.6,25.2,17.7,85.1,18.9,0.000,0.000,0.00,0.000,3.3,4.2,0.4,206,7,3.7,5.0,0.5,209,7,3.7,5.0,0.5,209,7,0,29.71,0.0,0,0,0,42.0,45.9,47.9,0.32,0.29,0.28
BROC,2019-11-08 19:30:00 EST,43.20835,-77.96592,563,22.8,25.5,17.9,84.9,19.0,0.000,0.000,0.00,0.000,3.4,4.7,0.5,213,7,3.7,5.8,0.6,216,7,3.7,5.8,0.6,216,7,0,29.71,-0.0,0,0,0,42.0,45.9,48.0,0.32,0.29,0.28
BROC,2019-11-08 19:35:00 EST,43.20835,-77.96592,563,23.0,25.6,18.5,84.1,18.9,0.000,0.000,0.00,0.000,3.3,4.5,0.6,219,10,3.4,5.7,0.7,221,8,3.4,5.7,0.7,221,8,0,29.71,-0.0,0,0,0,42.0,45.9,48.0,0.32,0.29,0.28
BROC,2019-11-08 19:40:00 EST,43.20835,-77.96592,563,23.2,25.5,18.0,80.4,18.0,0.000,0.000,0.00,0.000,3.8,5.4,0.6,220,7,3.9,5.9,0.7,222,6,3.9,5.9,0.7,222,6,0,29.71,-0.1,0,0,0,41.9,45.9,48.0,0.32,0.29,0.28
BROC,2019-11-08 19:45:00 EST,43.20835,-77.96592,563,23.4,25.4,17.6,78.3,17.7,0.000,0.000,0.00,0.000,4.3,5.2,0.4,218,7,4.4,5.5,0.5,220,5,4.4,5.5,0.5,220,5,0,29.71,0.0,0,0,0,41.8,45.9,47.9,0.32,0.29,0.28
BROC,2019-11-08 19:50:00 EST,43.20835,-77.96592,563,23.5,25.5,18.5,76.7,17.3,0.000,0.000,0.00,0.000,3.8,5.3,0.7,220,10,3.9,5.4,0.8,221,8,3.9,5.4,0.8,221,8,0,29.71,-0.1,0,0,0,41.9,45.9,48.0,0.32,0.29,0.28
BROC,2019-11-08 19:55:00 EST,43.20835,-77.96592,563,22.9,25.5,17.9,79.0,17.4,0.000,0.000,0.00,0.000,3.6,5.5,0.6,214,8,3.8,5.9,0.6,215,7,3.8,5.9,0.6,215,7,0,29.71,-0.0,0,0,0,41.8,45.9,48.0,0.32,0.29,0.28
BROC,2019-11-08 20:00:00 EST,43.20835,-77.96592,563,22.9,25.3,17.4,80.3,17.8,0.000,0.000,0.00,0.000,3.9,5.2,0.5,214,9,4.1,5.7,0.7,216,9,4.1,5.7,0.7,216,9,0,29.71,-0.1,0,0,0,41.7,45.9,47.9,0.32,0.29,0.28
BROC,2019-11-08 20:05:00 EST,43.20835,-77.96592,563,22.7,25.0,17.4,81.8,17.9,0.000,0.000,0.00,0.000,3.7,5.1,0.6,209,7,3.9,5.5,0.7,213,7,3.9,5.5,0.7,213,7,0,29.71,0.2,0,0,0,41.6,45.9,48.0,0.32,0.29,0.28
BROC,2019-11-08 20:10:00 EST,43.20835,-77.96592,563,22.8,24.9,18.2,80.6,17.7,0.000,0.000,0.00,0.000,3.2,4.4,0.4,211,10,3.4,5.1,0.6,213,9,3.4,5.1,0.6,213,9,0,29.71,-0.0,0,0,0,41.7,45.9,48.0,0.33,0.29,0.28
BROC,2019-11-08 20:15:00 EST,43.20835,-77.96592,563,22.3,25.1,17.2,82.6,17.9,0.000,0.000,0.00,0.000,3.5,5.2,0.7,212,10,3.8,6.1,0.8,215,9,3.8,6.1,0.8,215,9,0,29.71,0.0,0,0,0,41.7,45.9,48.0,0.32,0.29,0.28
BROC,2019-11-08 20:20:00 EST,43.20835,-77.96592,563,22.8,25.2,17.6,83.4,18.6,0.000,0.000,0.00,0.000,3.7,6.5,0.7,214,9,3.9,6.5,0.8,216,7,3.9,6.5,0.8,216,7,0,29.71,0.0,0,0,0,41.6,45.9,48.0,0.33,0.29,0.28
BROC,2019-11-08 20:25:00 EST,43.20835,-77.96592,563,22.4,25.0,17.9,82.4,17.8,0.000,0.000,0.00,0.000,3.1,4.1,0.6,215,7,3.3,5.1,0.7,217,6,3.3,5.1,0.7,217,6,0,29.71,0.0,0,0,0,41.5,45.9,48.0,0.32,0.29,0.28
BROC,2019-11-08 20:30:00 EST,43.20835,-77.96592,563,22.2,24.8,16.7,83.5,18.0,0.000,0.000,0.00,0.000,3.8,5.7,0.6,213,11,4.0,6.0,0.8,215,10,4.0,6.0,0.8,215,10,0,29.71,0.1,0,0,0,41.5,45.9,48.0,0.32,0.29,0.28
BROC,2019-11-08 20:35:00 EST,43.20835,-77.96592,563,23.2,25.1,17.5,80.0,17.9,0.000,0.000,0.00,0.000,4.0,6.4,0.6,219,10,4.3,6.2,0.7,220,7,4.3,6.2,0.7,220,7,0,29.70,0.0,0,0,0,41.4,45.9,48.0,0.32,0.29,0.28
BROC,2019-11-08 20:40:00 EST,43.20835,-77.96592,563,23.8,25.1,17.8,76.9,17.6,0.000,0.000,0.00,0.000,4.5,6.6,0.8,218,7,4.7,7.2,0.8,221,6,4.7,7.2,0.8,221,6,0,29.70,-0.0,0,0,0,41.4,45.9,47.9,0.32,0.29,0.28
BROC,2019-11-08 20:45:00 EST,43.20835,-77.96592,563,23.5,25.2,17.8,76.1,17.0,0.000,0.000,0.00,0.000,4.1,6.1,0.7,218,9,4.4,6.0,0.7,220,8,4.4,6.0,0.7,220,8,0,29.70,-0.0,0,0,0,41.4,45.9,47.9,0.32,0.29,0.28
BROC,2019-11-08 20:50:00 EST,43.20835,-77.96592,563,23.1,25.2,18.3,77.3,17.1,0.000,0.000,0.00,0.000,3.6,5.5,0.7,220,8,3.7,6.1,0.8,222,5,3.7,6.1,0.8,222,5,0,29.70,0.0,0,0,0,41.4,45.9,47.9,0.33,0.29,0.28
BROC,2019-11-08 20:55:00 EST,43.20835,-77.96592,563,23.0,25.4,18.2,79.2,17.5,0.000,0.000,0.00,0.000,3.5,5.6,0.7,222,7,3.6,5.9,0.7,224,5,3.6,5.9,0.7,224,5,0,29.70,0.1,0,0,0,41.3,45.9,47.9,0.33,0.29,0.28
BROC,2019-11-08 21:00:00 EST,43.20835,-77.96592,563,23.3,25.3,18.3,78.6,17.6,0.000,0.000,0.00,0.000,3.5,5.0,0.7,214,9,3.7,5.8,0.8,216,8,3.7,5.8,0.8,216,8,0,29.70,0.1,0,0,0,41.3,45.8,48.0,0.32,0.29,0.28
BROC,2019-11-08 21:05:00 EST,43.20835,-77.96592,563,22.9,25.2,17.8,80.8,17.9,0.000,0.000,0.00,0.000,3.5,5.0,0.6,207,10,3.9,5.7,0.7,209,9,3.9,5.7,0.7,209,9,0,29.70,0.1,0,0,0,41.2,45.9,47.9,0.32,0.29,0.28
BROC,2019-11-08 21:10:00 EST,43.20835,-77.96592,563,22.9,25.2,18.4,82.5,18.3,0.000,0.000,0.00,0.000,3.1,5.3,0.8,202,11,3.4,5.7,0.9,205,11,3.4,5.7,0.9,205,11,0,29.70,0.2,0,0,0,41.2,45.8,48.0,0.32,0.29,0.28
BROC,2019-11-08 21:15:00 EST,43.20835,-77.96592,563,22.8,25.0,18.3,81.7,18.0,0.000,0.000,0.00,0.000,3.1,4.3,0.7,196,10,3.4,4.8,0.8,199,11,3.4,4.8,0.8,199,11,0,29.70,0.3,0,0,0,41.1,45.7,47.9,0.32,0.29,0.28
BROC,2019-11-08 21:20:00 EST,43.20835,-77.96592,563,22.6,24.7,17.6,82.8,18.2,0.000,0.000,0.00,0.000,3.4,5.5,0.7,206,10,3.8,6.2,0.8,208,10,3.8,6.2,0.8,208,10,0,29.69,0.1,0,0,0,41.2,45.8,48.0,0.32,0.29,0.28
BROC,2019-11-08 21:25:00 EST,43.20835,-77.96592,563,23.2,24.6,18.5,82.4,18.6,0.000,0.000,0.00,0.000,3.2,4.5,0.6,203,12,3.5,5.3,0.8,207,11,3.5,5.3,0.8,207,11,0,29.70,0.0,0,0,0,41.0,45.7,47.9,0.32,0.29,0.28
BROC,2019-11-08 21:30:00 EST,43.20835,-77.96592,563,23.0,24.4,17.7,80.4,17.8,0.000,0.000,0.00,0.000,3.5,5.3,0.8,198,11,4.0,6.1,0.8,200,12,4.0,6.1,0.8,200,12,0,29.69,0.1,0,0,0,41.0,45.8,47.9,0.32,0.29,0.28
BROC,2019-11-08 21:35:00 EST,43.20835,-77.96592,563,23.0,24.3,17.7,81.0,18.0,0.000,0.000,0.00,0.000,3.6,5.8,0.7,198,9,4.0,6.6,0.8,200,9,4.0,6.6,0.8,200,9,0,29.69,0.1,0,0,0,40.9,45.7,47.9,0.32,0.29,0.28
BROC,2019-11-08 21:40:00 EST,43.20835,-77.96592,563,23.2,24.3,17.8,80.9,18.2,0.000,0.000,0.00,0.000,3.8,5.3,0.6,197,10,4.1,5.8,0.8,198,11,4.1,5.8,0.8,198,11,0,29.69,0.0,0,0,0,40.9,45.7,47.9,0.32,0.29,0.28
BROC,2019-11-08 21:45:00 EST,43.20835,-77.96592,563,22.8,24.0,17.3,80.8,17.7,0.000,0.000,0.00,0.000,3.6,5.3,0.8,196,14,4.1,6.2,0.9,197,14,4.1,6.2,0.9,197,14,0,29.69,0.2,0,0,0,40.9,45.7,47.9,0.33,0.29,0.28
BROC,2019-11-08 21:50:00 EST,43.20835,-77.96592,563,22.9,23.8,17.8,80.9,17.9,0.000,0.000,0.00,0.000,3.5,6.5,0.9,194,15,3.8,6.9,1.1,195,13,3.8,6.9,1.1,195,13,0,29.69,0.2,0,0,0,41.0,45.7,47.9,0.33,0.29,0.28
BROC,2019-11-08 21:55:00 EST,43.20835,-77.96592,563,23.1,23.6,18.8,80.5,18.0,0.000,0.000,0.00,0.000,2.9,5.3,0.8,191,14,3.3,6.3,0.9,194,14,3.3,6.3,0.9,194,14,0,29.69,0.1,0,0,0,40.9,45.7,47.9,0.33,0.29,0.28
BROC,2019-11-08 22:00:00 EST,43.20835,-77.96592,563,23.0,23.5,23.0,80.2,17.8,0.000,0.000,0.00,0.000,2.3,3.7,0.7,192,13,2.6,4.2,0.7,195,15,2.6,4.2,0.7,195,15,0,29.69,0.1,0,0,0,40.9,45.7,47.8,0.33,0.29,0.28
BROC,2019-11-08 22:05:00 EST,43.20835,-77.96592,563,22.7,23.3,18.4,80.8,17.7,0.000,0.000,0.00,0.000,3.0,5.3,0.9,198,12,3.2,6.7,1.0,200,13,3.2,6.7,1.0,200,13,0,29.69,0.1,0,0,0,40.9,45.7,47.8,0.33,0.29,0.28
BROC,2019-11-08 22:10:00 EST,43.20835,-77.96592,563,22.7,23.3,17.6,81.7,18.0,0.000,0.000,0.00,0.000,3.3,6.3,0.9,193,13,3.8,7.5,1.2,195,14,3.8,7.5,1.2,195,14,0,29.69,0.2,0,0,0,40.7,45.7,47.8,0.32,0.29,0.28
BROC,2019-11-08 22:15:00 EST,43.20835,-77.96592,563,22.8,23.2,18.6,81.3,17.9,0.000,0.000,0.00,0.000,2.8,5.3,1.0,186,16,3.2,6.3,1.1,188,17,3.2,6.3,1.1,188,17,0,29.69,0.1,0,0,0,40.7,45.6,47.8,0.32,0.29,0.28
BROC,2019-11-08 22:20:00 EST,43.20835,-77.96592,563,22.7,23.2,18.8,81.6,17.9,0.000,0.000,0.00,0.000,2.6,4.3,0.7,184,17,3.0,5.1,0.8,186,17,3.0,5.1,0.8,186,17,0,29.69,0.2,0,0,0,40.7,45.6,47.8,0.32,0.29,0.28
BROC,2019-11-08 22:25:00 EST,43.20835,-77.96592,563,22.9,23.3,22.9,81.6,18.1,0.000,0.000,0.00,0.000,2.5,4.5,0.8,191,17,3.0,6.9,1.0,194,17,3.0,6.9,1.0,194,17,0,29.69,0.1,0,0,0,40.7,45.6,47.8,0.33,0.29,0.28
BROC,2019-11-08 22:30:00 EST,43.20835,-77.96592,563,22.5,23.2,17.4,81.3,17.7,0.000,0.000,0.00,0.000,3.3,5.6,0.8,190,19,3.8,5.9,1.0,193,17,3.8,5.9,1.0,193,17,0,29.68,0.1,0,0,0,40.6,45.5,47.8,0.33,0.29,0.28
BROC,2019-11-08 22:35:00 EST,43.20835,-77.96592,563,22.4,23.1,18.3,82.2,17.8,0.000,0.000,0.00,0.000,2.7,5.4,0.9,178,16,3.1,6.9,1.1,181,17,3.1,6.9,1.1,181,17,0,29.68,0.2,0,0,0,40.6,45.6,47.8,0.33,0.29,0.28
BROC,2019-11-08 22:40:00 EST,43.20835,-77.96592,563,22.6,23.1,17.2,81.8,17.9,0.000,0.000,0.00,0.000,3.5,5.5,0.9,181,16,4.0,6.8,1.2,182,18,4.0,6.8,1.2,182,18,0,29.68,0.1,0,0,0,40.6,45.6,47.8,0.32,0.29,0.28
BROC,2019-11-08 22:45:00 EST,43.20835,-77.96592,563,22.3,23.0,17.7,81.6,17.5,0.000,0.000,0.00,0.000,2.9,5.0,0.8,185,16,3.4,6.2,1.0,188,14,3.4,6.2,1.0,188,14,0,29.68,0.2,0,0,0,40.6,45.5,47.8,0.33,0.29,0.28
BROC,2019-11-08 22:50:00 EST,43.20835,-77.96592,563,22.7,23.1,17.9,81.3,17.8,0.000,0.000,0.00,0.000,3.3,6.1,1.0,193,14,3.6,6.5,1.2,196,15,3.6,6.5,1.2,196,15,0,29.68,0.1,0,0,0,40.5,45.5,47.8,0.33,0.29,0.28
BROC,2019-11-08 22:55:00 EST,43.20835,-77.96592,563,22.3,23.0,17.5,81.2,17.4,0.000,0.000,0.00,0.000,2.9,4.9,0.8,194,16,3.6,6.3,1.0,194,14,3.6,6.3,1.0,194,14,0,29.68,0.2,0,0,0,40.5,45.5,47.8,0.32,0.29,0.28
BROC,2019-11-08 23:00:00 EST,43.20835,-77.96592,563,22.2,22.8,22.2,82.2,17.6,0.000,0.000,0.00,0.000,2.5,4.8,0.8,181,16,3.0,5.7,1.0,183,16,3.0,5.7,1.0,183,16,0,29.68,0.1,0,0,0,40.5,45.5,47.8,0.32,0.29,0.28
BROC,2019-11-08 23:05:00 EST,43.20835,-77.96592,563,21.9,22.7,17.1,82.8,17.5,0.000,0.000,0.00,0.000,3.0,5.3,1.1,182,13,3.5,7.0,1.2,183,14,3.5,7.0,1.2,183,14,0,29.68,0.3,0,0,0,40.4,45.4,47.8,0.33,0.29,0.28
BROC,2019-11-08 23:10:00 EST,43.20835,-77.96592,563,22.1,22.7,16.2,82.8,17.6,0.000,0.000,0.00,0.000,3.8,5.8,0.8,176,13,4.3,6.7,1.0,179,13,4.3,6.7,1.0,179,13,0,29.67,0.2,0,0,0,40.4,45.5,47.8,0.32,0.29,0.28
BROC,2019-11-08 23:15:00 EST,43.20835,-77.96592,563,22.1,22.6,15.7,82.4,17.5,0.000,0.000,0.00,0.000,4.2,6.9,1.2,184,14,4.7,8.6,1.3,186,12,4.7,8.6,1.3,186,12,0,29.67,0.2,0,0,0,40.4,45.5,47.8,0.32,0.29,0.28
BROC,2019-11-08 23:20:00 EST,43.20835,-77.96592,563,22.0,22.4,15.2,81.7,17.3,0.000,0.000,0.00,0.000,4.7,7.1,0.9,182,13,5.2,8.0,1.2,183,12,5.2,8.0,1.2,183,12,0,29.67,0.2,0,0,0,40.4,45.5,47.8,0.32,0.29,0.28
BROC,2019-11-08 23:25:00 EST,43.20835,-77.96592,563,22.0,22.3,15.3,81.8,17.3,0.000,0.000,0.00,0.000,4.3,7.8,1.4,185,18,5.1,9.2,1.8,185,16,5.1,9.2,1.8,185,16,0,29.67,0.2,0,0,0,40.3,45.4,47.8,0.32,0.29,0.28
BROC,2019-11-08 23:30:00 EST,43.20835,-77.96592,563,22.0,22.3,15.7,81.2,17.1,0.000,0.000,0.00,0.000,3.9,7.7,1.4,179,17,4.7,8.6,1.6,181,16,4.7,8.6,1.6,181,16,0,29.67,0.2,0,0,0,40.3,45.5,47.8,0.33,0.29,0.28
BROC,2019-11-08 23:35:00 EST,43.20835,-77.96592,563,22.1,22.5,15.5,80.7,17.1,0.000,0.000,0.00,0.000,4.3,7.2,1.1,175,17,4.9,9.7,1.4,176,17,4.9,9.7,1.4,176,17,0,29.67,0.2,0,0,0,40.3,45.4,47.8,0.32,0.29,0.28
BROC,2019-11-08 23:40:00 EST,43.20835,-77.96592,563,22.1,22.5,14.9,80.2,16.9,0.000,0.000,0.00,0.000,4.8,7.5,1.5,172,15,5.6,9.8,1.9,175,15,5.6,9.8,1.9,175,15,0,29.67,0.3,0,0,0,40.3,45.4,47.8,0.32,0.29,0.28
BROC,2019-11-08 23:45:00 EST,43.20835,-77.96592,563,22.3,22.7,14.6,79.5,17.0,0.000,0.000,0.00,0.000,5.2,9.6,2.2,178,17,6.1,11.6,2.4,178,15,6.1,11.6,2.4,178,15,0,29.66,0.2,0,0,0,40.2,45.4,47.8,0.33,0.29,0.28
BROC,2019-11-08 23:50:00 EST,43.20835,-77.96592,563,22.7,22.9,15.6,78.6,17.0,0.000,0.000,0.00,0.000,5.1,11.0,1.8,175,24,5.5,10.9,1.9,177,20,5.5,10.9,1.9,177,20,0,29.66,0.3,0,0,0,40.3,45.5,47.8,0.32,0.29,0.28
BROC,2019-11-08 23:55:00 EST,43.20835,-77.96592,563,22.8,23.0,15.4,77.5,16.8,0.000,0.000,0.00,0.000,5.0,10.5,1.7,188,28,5.9,13.0,2.0,188,27,5.9,13.0,2.0,188,27,0,29.66,0.2,0,0,0,40.2,45.4,47.8,0.32,0.29,0.28
BRON,2019-11-08 00:00:00 EST,40.87248,-73.89352,189,39.3,39.3,34.6,86.5,35.6,0.000,0.146,0.00,0.000,5.6,9.9,2.3,326,26,6.5,13.6,2.7,338,20,6.5,13.6,2.7,338,20,0,29.81,0.1,,,,,,,,,
BRON,2019-11-08 00:05:00 EST,40.87248,-73.89352,189,39.0,39.1,33.0,86.2,35.3,0.000,0.000,0.00,0.000,7.9,12.3,2.0,325,18,8.9,13.4,2.0,334,15,8.9,13.4,2.0,334,15,0,29.81,0.1,,,,,,,,,
BRON,2019-11-08 00:10:00 EST,40.87248,-73.89352,189,39.1,39.2,33.7,85.8,35.2,0.000,0.000,0.00,0.000,6.7,12.4,2.4,328,20,7.6,12.8,2.6,338,17,7.6,12.8,2.6,338,17,0,29.81,0.1,,,,,,,,,
BRON,2019-11-08 00:15:00 EST,40.87248,-73.89352,189,39.0,39.1,33.7,85.4,35.0,0.000,0.000,0.00,0.000,6.3,12.1,2.4,331,21,7.3,14.7,2.8,339,16,7.3,14.7,2.8,339,16,0,29.81,0.1,,,,,,,,,
BRON,2019-11-08 00:20:00 EST,40.87248,-73.89352,189,38.9,39.1,34.2,85.6,35.0,0.000,0.000,0.00,0.000,5.6,10.5,2.2,327,21,6.5,12.5,2.3,333,17,6.5,12.5,2.3,333,17,0,29.81,0.1,,,,,,,,,
BRON,2019-11-08 00:25:00 EST,40.87248,-73.89352,189,38.9,39.1,34.1,85.1,34.8,0.000,0.000,0.00,0.000,5.9,13.3,2.8,331,21,6.5,14.0,3.1,339,21,6.5,14.0,3.1,339,21,0,29.81,0.2,,,,,,,,,
BRON,2019-11-08 00:30:00 EST,40.87248,-73.89352,189,38.8,39.0,33.9,84.1,34.4,0.000,0.000,0.00,0.000,5.8,11.6,2.5,330,25,6.7,12.4,2.6,340,23,6.7,12.4,2.6,340,23,0,29.81,0.1,,,,,,,,,
BRON,2019-11-08 00:35:00 EST,40.87248,-73.89352,189,38.9,39.0,34.3,83.9,34.4,0.000,0.000,0.00,0.000,5.3,10.7,1.9,324,21,6.2,10.9,2.0,332,20,6.2,10.9,2.0,332,20,0,29.81,0.1,,,,,,,,,
BRON,2019-11-08 00:40:00 EST,40.87248,-73.89352,189,38.8,39.0,34.0,82.6,33.9,0.000,0.000,0.00,0.000,5.6,14.1,2.8,317,18,6.4,15.2,2.9,326,17,6.4,15.2,2.9,326,17,0,29.81,0.1,,,,,,,,,
BRON,2019-11-08 00:45:00 EST,40.87248,-73.89352,189,38.7,38.9,33.1,80.1,33.1,0.000,0.000,0.00,0.000,6.9,11.2,2.3,319,21,7.8,13.7,2.6,328,21,7.8,13.7,2.6,328,21,0,29.81,0.2,,,,,,,,,
BRON,2019-11-08 00:50:00 EST,40.87248,-73.89352,189,38.7,38.9,33.0,76.3,31.9,0.000,0.000,0.00,0.000,7.2,16.6,2.4,317,23,8.0,16.7,2.8,327,21,8.0,16.7,2.8,327,21,0,29.81,0.1,,,,,,,,,
BRON,2019-11-08 00:55:00 EST,40.87248,-73.89352,189,38.6,38.8,32.2,72.6,30.6,0.000,0.000,0.00,0.000,8.5,14.5,2.6,318,18,9.4,16.0,2.8,326,16,9.4,16.0,2.8,326,16,0,29.81,0.1,,,,,,,,,
BRON,2019-11-08 01:00:00 EST,40.87248,-73.89352,189,38.4,38.6,30.8,70.5,29.7,0.000,0.000,0.00,0.000,11.3,17.5,3.3,318,17,12.3,20.8,3.3,326,18,12.3,20.8,3.3,326,18,0,29.82,0.1,,,,,,,,,
BRON,2019-11-08 01:05:00 EST,40.87248,-73.89352,189,38.3,38.4,31.2,69.3,29.1,0.000,0.000,0.00,0.000,10.2,19.3,3.3,318,19,10.7,19.5,3.4,326,20,10.7,19.5,3.4,326,20,0,29.82,0.1,,,,,,,,,
BRON,2019-11-08 01:10:00 EST,40.87248,-73.89352,189,38.1,38.3,30.4,68.8,28.8,0.000,0.000,0.00,0.000,11.4,17.9,3.3,320,22,12.2,20.2,3.6,327,22,12.2,20.2,3.6,327,22,0,29.82,0.1,,,,,,,,,
BRON,2019-11-08 01:15:00 EST,40.87248,-73.89352,189,38.0,38.2,30.6,68.8,28.6,0.000,0.000,0.00,0.000,10.5,16.1,2.5,316,17,11.1,18.4,2.7,327,16,11.1,18.4,2.7,327,16,0,29.82,0.1,,,,,,,,,
BRON,2019-11-08 01:20:00 EST,40.87248,-73.89352,189,37.9,38.0,30.5,69.4,28.7,0.000,0.000,0.00,0.000,10.6,14.8,2.5,319,14,11.1,15.8,2.7,326,12,11.1,15.8,2.7,326,12,0,29.82,0.1,,,,,,,,,
BRON,2019-11-08 01:25:00 EST,40.87248,-73.89352,189,37.8,38.0,32.1,69.6,28.8,0.000,0.000,0.00,0.000,6.5,13.6,3.0,322,27,7.6,15.0,2.9,330,28,7.6,15.0,2.9,330,28,0,29.83,0.1,,,,,,,,,
BRON,2019-11-08 01:30:00 EST,40.87248,-73.89352,189,37.8,37.9,31.4,70.3,29.0,0.000,0.000,0.00,0.000,8.2,12.3,2.4,320,19,9.0,13.7,2.6,328,18,9.0,13.7,2.6,328,18,0,29.83,0.1,,,,,,,,,
BRON,2019-11-08 01:35:00 EST,40.87248,-73.89352,189,37.6,37.7,31.3,70.1,28.7,0.000,0.000,0.00,0.000,7.9,16.3,2.5,314,18,8.7,17.0,2.6,323,16,8.7,17.0,2.6,323,16,0,29.83,0.1,,,,,,,,,
BRON,2019-11-08 01:40:00 EST,40.87248,-73.89352,189,37.5,37.6,31.1,70.0,28.6,0.000,0.000,0.00,0.000,8.0,15.2,2.7,331,21,8.8,17.7,3.0,338,18,8.8,17.7,3.0,338,18,0,29.82,0.1,,,,,,,,,
BRON,2019-11-08 01:45:00 EST,40.87248,-73.89352,189,37.5,37.6,31.6,70.0,28.6,0.000,0.000,0.00,0.000,6.9,14.3,3.1,331,24,7.8,19.4,3.5,343,24,7.8,19.4,3.5,343,24,0,29.83,0.1,,,,,,,,,
BRON,2019-11-08 01:50:00 EST,40.87248,-73.89352,189,37.3,37.5,32.0,70.8,28.7,0.000,0.000,0.00,0.000,6.1,10.7,1.9,327,18,6.9,12.4,2.1,337,18,6.9,12.4,2.1,337,18,0,29.83,0.1,,,,,,,,,
BRON,2019-11-08 01:55:00 EST,40.87248,-73.89352,189,37.3,37.5,30.3,69.5,28.2,0.000,0.000,0.00,0.000,8.9,19.4,3.5,318,18,10.0,19.2,3.5,328,17,10.0,19.2,3.5,328,17,0,29.83,0.1,,,,,,,,,
BRON,2019-11-08 02:00:00 EST,40.87248,-73.89352,189,37.2,37.4,30.4,67.7,27.6,0.000,0.000,0.00,0.000,8.7,14.4,2.8,318,15,9.6,16.5,2.8,328,14,9.6,16.5,2.8,328,14,0,29.84,0.1,,,,,,,,,
BRON,2019-11-08 02:05:00 EST,40.87248,-73.89352,189,37.1,37.3,30.0,66.1,26.8,0.000,0.000,0.00,0.000,9.2,15.0,2.9,317,19,10.2,16.6,2.7,325,20,10.2,16.6,2.7,325,20,0,29.84,0.1,,,,,,,,,
BRON,2019-11-08 02:10:00 EST,40.87248,-73.89352,189,37.0,37.2,29.5,61.6,25.1,0.000,0.000,0.00,0.000,9.7,18.6,4.1,326,22,10.9,19.2,4.0,337,20,10.9,19.2,4.0,337,20,0,29.84,0.1,,,,,,,,,
BRON,2019-11-08 02:15:00 EST,40.87248,-73.89352,189,36.9,37.1,30.0,59.9,24.3,0.000,0.000,0.00,0.000,9.0,16.2,3.3,321,23,9.6,19.3,3.6,330,20,9.6,19.3,3.6,330,20,0,29.83,0.1,,,,,,,,,
BRON,2019-11-08 02:20:00 EST,40.87248,-73.89352,189,36.7,36.9,28.5,58.8,23.7,0.000,0.000,0.00,0.000,11.6,19.1,3.5,318,17,12.5,19.1,3.3,328,16,12.5,19.1,3.3,328,16,0,29.84,0.1,,,,,,,,,
BRON,2019-11-08 02:25:00 EST,40.87248,-73.89352,189,36.6,36.8,29.0,57.6,23.0,0.000,0.000,0.00,0.000,10.3,20.9,3.6,323,15,11.0,22.2,3.7,330,14,11.0,22.2,3.7,330,14,0,29.83,0.1,,,,,,,,,
BRON,2019-11-08 02:30:00 EST,40.87248,-73.89352,189,36.4,36.6,28.2,55.4,22.0,0.000,0.000,0.00,0.000,11.7,21.3,3.9,318,18,12.4,22.3,4.1,328,16,12.4,22.3,4.1,328,16,0,29.83,0.1,,,,,,,,,
BRON,2019-11-08 02:35:00 EST,40.87248,-73.89352,189,36.3,36.5,27.5,53.9,21.2,0.000,0.000,0.00,0.000,13.0,20.5,3.7,312,17,13.8,21.5,3.7,320,16,13.8,21.5,3.7,320,16,0,29.84,0.1,,,,,,,,,
BRON,2019-11-08 02:40:00 EST,40.87248,-73.89352,189,36.2,36.4,28.1,53.6,21.0,0.000,0.000,0.00,0.000,11.2,18.1,3.0,324,20,12.2,20.2,3.3,333,16,12.2,20.2,3.3,333,16,0,29.83,0.1,,,,,,,,,
BRON,2019-11-08 02:45:00 EST,40.87248,-73.89352,189,36.0,36.2,28.0,54.0,21.0,0.000,0.000,0.00,0.000,11.3,21.5,3.8,315,15,11.7,22.2,3.8,324,15,11.7,22.2,3.8,324,15,0,29.83,0.1,,,,,,,,,
BRON,2019-11-08 02:50:00 EST,40.87248,-73.89352,189,35.9,36.1,28.1,55.2,21.3,0.000,0.000,0.00,0.000,10.3,19.1,3.3,319,16,10.9,20.1,3.6,327,16,10.9,20.1,3.6,327,16,0,29.84,0.1,,,,,,,,,
BRON,2019-11-08 02:55:00 EST,40.87248,-73.89352,189,35.7,35.9,27.5,55.2,21.2,0.000,0.000,0.00,0.000,11.1,18.4,3.5,320,13,11.8,20.6,3.6,329,13,11.8,20.6,3.6,329,13,0,29.83,0.1,,,,,,,,,
BRON,2019-11-08 03:00:00 EST,40.87248,-73.89352,189,35.6,35.8,28.6,54.8,20.9,0.000,0.000,0.00,0.000,8.2,19.9,3.6,318,21,9.1,20.2,3.7,328,18,9.1,20.2,3.7,328,18,0,29.83,0.1,,,,,,,,,
BRON,2019-11-08 03:05:00 EST,40.87248,-73.89352,189,35.5,35.6,27.2,51.6,19.4,0.000,0.000,0.00,0.000,10.8,17.9,2.9,319,19,11.8,19.2,3.1,329,20,11.8,19.2,3.1,329,20,0,29.84,0.1,,,,,,,,,
BRON,2019-11-08 03:10:00 EST,40.87248,-73.89352,189,35.3,35.5,27.1,52.0,19.4,0.000,0.000,0.00,0.000,10.6,18.1,3.7,321,18,11.5,19.3,3.6,330,17,11.5,19.3,3.6,330,17,0,29.84,0.1,,,,,,,,,
BRON,2019-11-08 03:15:00 EST,40.87248,-73.89352,189,35.0,35.2,28.1,52.5,19.4,0.000,0.000,0.00,0.000,8.1,14.9,3.0,316,17,8.8,14.9,3.1,324,17,8.8,14.9,3.1,324,17,0,29.84,0.1,,,,,,,,,
BRON,2019-11-08 03:20:00 EST,40.87248,-73.89352,189,34.9,35.1,27.6,52.7,19.3,0.000,0.000,0.00,0.000,8.2,17.8,3.7,319,25,9.3,19.2,3.7,329,24,9.3,19.2,3.7,329,24,0,29.84,0.1,,,,,,,,,
BRON,2019-11-08 03:25:00 EST,40.87248,-73.89352,189,34.7,34.9,26.7,52.2,19.0,0.000,0.000,0.00,0.000,10.0,17.2,3.5,319,22,10.9,18.0,3.8,326,17,10.9,18.0,3.8,326,17,0,29.84,0.1,,,,,,,,,
BRON,2019-11-08 03:30:00 EST,40.87248,-73.89352,189,34.6,34.9,27.9,52.5,19.0,0.000,0.000,0.00,0.000,7.4,14.4,2.8,324,18,8.2,16.6,3.1,331,18,8.2,16.6,3.1,331,18,0,29.84,0.1,,,,,,,,,
BRON,2019-11-08 03:35:00 EST,40.87248,-73.89352,189,34.6,34.7,27.5,52.3,18.9,0.000,0.000,0.00,0.000,8.2,13.6,2.8,324,20,8.8,15.4,2.8,333,16,8.8,15.4,2.8,333,16,0,29.83,0.1,,,,,,,,,
BRON,2019-11-08 03:40:00 EST,40.87248,-73.89352,189,34.4,34.6,27.0,51.7,18.5,0.000,0.000,0.00,0.000,8.5,15.9,2.9,329,25,9.6,19.1,2.9,338,21,9.6,19.1,2.9,338,21,0,29.83,0.0,,,,,,,,,
BRON,2019-11-08 03:45:00 EST,40.87248,-73.89352,189,34.3,34.6,27.7,51.6,18.3,0.000,0.000,0.00,0.000,6.5,13.1,3.0,330,26,7.9,16.0,3.3,338,21,7.9,16.0,3.3,338,21,0,29.84,0.1,,,,,,,,,
BRON,2019-11-08 03:50:00 EST,40.87248,-73.89352,189,34.2,34.5,26.5,51.9,18.4,0.000,0.000,0.00,0.000,9.3,17.2,2.9,327,17,10.0,18.1,3.0,335,16,10.0,18.1,3.0,335,16,0,29.84,0.1,,,,,,,,,
BRON,2019-11-08 03:55:00 EST,40.87248,-73.89352,189,34.3,34.5,29.3,53.4,19.1,0.000,0.000,0.00,0.000,4.4,9.4,2.2,328,29,5.5,11.2,2.4,334,25,5.5,11.2,2.4,334,25,0,29.84,0.1,,,,,,,,,
BRON,2019-11-08 04:00:00 EST,40.87248,-73.89352,189,34.1,34.3,27.0,53.3,18.9,0.000,0.000,0.00,0.000,7.4,13.2,2.7,332,24,8.7,15.9,2.9,342,22,8.7,15.9,2.9,342,22,0,29.83,0.1,,,,,,,,,
BRON,2019-11-08 04:05:00 EST,40.87248,-73.89352,189,34.0,34.2,26.1,52.8,18.5,0.000,0.000,0.00,0.000,9.2,16.1,2.5,332,20,10.1,17.5,2.6,341,19,10.1,17.5,2.6,341,19,0,29.83,0.1,,,,,,,,,
BRON,2019-11-08 04:10:00 EST,40.87248,-73.89352,189,33.9,34.1,27.9,53.7,18.9,0.000,0.000,0.00,0.000,5.9,13.5,2.7,332,23,6.9,13.9,2.9,340,21,6.9,13.9,2.9,340,21,0,29.84,0.1,,,,,,,,,
BRON,2019-11-08 04:15:00 EST,40.87248,-73.89352,189,33.8,33.9,26.8,54.2,19.0,0.000,0.000,0.00,0.000,7.6,12.1,2.3,325,22,8.4,13.4,2.5,333,19,8.4,13.4,2.5,333,19,0,29.84,0.2,,,,,,,,,
BRON,2019-11-08 04:20:00 EST,40.87248,-73.89352,189,33.7,34.0,28.8,55.2,19.4,0.000,0.000,0.00,0.000,4.6,11.5,2.2,326,23,5.4,11.3,2.6,335,23,5.4,11.3,2.6,335,23,0,29.84,0.2,,,,,,,,,
BRON,2019-11-08 04:25:00 EST,40.87248,-73.89352,189,33.7,34.0,28.3,56.2,19.8,0.000,0.000,0.00,0.000,5.2,10.7,2.1,326,23,5.9,11.7,2.2,335,21,5.9,11.7,2.2,335,21,0,29.84,-0.0,,,,,,,,,
BRON,2019-11-08 04:30:00 EST,40.87248,-73.89352,189,33.5,33.8,27.5,55.9,19.4,0.000,0.000,0.00,0.000,6.1,13.0,3.0,322,24,6.8,13.8,3.1,333,23,6.8,13.8,3.1,333,23,0,29.85,0.1,,,,,,,,,
BRON,2019-11-08 04:35:00 EST,40.87248,-73.89352,189,33.4,33.7,27.8,57.1,19.9,0.000,0.000,0.00,0.000,5.4,9.5,2.1,311,19,6.1,10.9,2.1,320,18,6.1,10.9,2.1,320,18,0,29.85,0.1,,,,,,,,,
BRON,2019-11-08 04:40:00 EST,40.87248,-73.89352,189,33.4,33.7,28.2,57.2,19.9,0.000,0.000,0.00,0.000,5.2,10.9,2.5,318,18,5.7,10.8,2.5,327,18,5.7,10.8,2.5,327,18,0,29.85,0.1,,,,,,,,,
BRON,2019-11-08 04:45:00 EST,40.87248,-73.89352,189,33.3,33.5,27.2,56.9,19.7,0.000,0.000,0.00,0.000,6.1,10.2,1.7,305,18,6.8,10.7,1.7,313,17,6.8,10.7,1.7,313,17,0,29.86,0.1,,,,,,,,,
BRON,2019-11-08 04:50:00 EST,40.87248,-73.89352,189,33.2,33.4,26.9,57.1,19.7,0.000,0.000,0.00,0.000,6.7,10.6,2.0,304,18,7.2,11.7,2.1,313,18,7.2,11.7,2.1,313,18,0,29.86,0.1,,,,,,,,,
BRON,2019-11-08 04:55:00 EST,40.87248,-73.89352,189,33.1,33.4,27.1,58.2,20.0,0.000,0.000,0.00,0.000,6.0,10.6,2.0,309,23,6.6,11.5,2.1,317,22,6.6,11.5,2.1,317,22,0,29.86,0.1,,,,,,,,,
BRON,2019-11-08 05:00:00 EST,40.87248,-73.89352,189,33.2,33.4,27.5,58.4,20.1,0.000,0.000,0.00,0.000,5.7,11.9,3.2,312,19,6.2,13.7,3.2,321,20,6.2,13.7,3.2,321,20,0,29.86,0.1,,,,,,,,,
BRON,2019-11-08 05:05:00 EST,40.87248,-73.89352,189,33.0,33.3,26.1,56.9,19.4,0.000,0.000,0.00,0.000,7.5,13.0,2.3,321,12,8.0,15.6,2.4,328,13,8.0,15.6,2.4,328,13,0,29.86,0.1,,,,,,,,,
BRON,2019-11-08 05:10:00 EST,40.87248,-73.89352,189,33.2,33.3,26.8,57.7,19.9,0.000,0.000,0.00,0.000,6.5,11.1,2.0,302,22,7.1,11.2,2.1,312,21,7.1,11.2,2.1,312,21,0,29.86,0.2,,,,,,,,,
BRON,2019-11-08 05:15:00 EST,40.87248,-73.89352,189,33.1,33.2,26.8,57.0,19.5,0.000,0.000,0.00,0.000,6.4,11.5,2.6,301,21,7.0,12.7,2.6,309,20,7.0,12.7,2.6,309,20,0,29.86,0.2,,,,,,,,,
BRON,2019-11-08 05:20:00 EST,40.87248,-73.89352,189,32.9,33.1,27.0,57.9,19.7,0.000,0.000,0.00,0.000,5.8,11.0,2.5,299,21,6.4,12.4,2.6,307,19,6.4,12.4,2.6,307,19,0,29.86,0.1,,,,,,,,,
BRON,2019-11-08 05:25:00 EST,40.87248,-73.89352,189,32.9,33.0,26.1,57.9,19.6,0.000,0.000,0.00,0.000,6.9,11.2,1.9,299,18,7.7,12.7,2.0,306,17,7.7,12.7,2.0,306,17,0,29.87,0.1,,,,,,,,,
BRON,2019-11-08 05:30:00 EST,40.87248,-73.89352,189,32.8,33.0,27.1,58.7,19.9,0.000,0.000,0.00,0.000,5.6,10.2,1.7,297,25,6.1,9.8,1.8,305,23,6.1,9.8,1.8,305,23,0,29.87,0.1,,,,,,,,,
BRON,2019-11-08 05:35:00 EST,40.87248,-73.89352,189,32.6,32.8,25.9,58.0,19.5,0.000,0.000,0.00,0.000,6.8,13.6,2.4,306,24,7.5,13.5,2.2,316,22,7.5,13.5,2.2,316,22,0,29.87,0.1,,,,,,,,,
BRON,2019-11-08 05:40:00 EST,40.87248,-73.89352,189,32.4,32.7,23.7,58.0,19.3,0.000,0.000,0.00,0.000,10.4,18.0,3.2,319,13,11.2,18.6,3.3,327,13,11.2,18.6,3.3,327,13,0,29.87,0.1,,,,,,,,,
BRON,2019-11-08 05:45:00 EST,40.87248,-73.89352,189,32.4,32.7,25.0,58.9,19.6,0.000,0.000,0.00,0.000,7.7,12.7,2.3,320,17,8.5,15.1,2.5,330,16,8.5,15.1,2.5,330,16,0,29.87,0.0,,,,,,,,,
BRON,2019-11-08 05:50:00 EST,40.87248,-73.89352,189,32.5,32.6,25.7,59.4,19.9,0.000,0.000,0.00,0.000,6.9,11.3,2.5,327,20,7.5,14.3,2.8,335,20,7.5,14.3,2.8,335,20,0,29.88,0.1,,,,,,,,,
BRON,2019-11-08 05:55:00 EST,40.87248,-73.89352,189,32.3,32.6,25.4,60.2,20.1,0.000,0.000,0.00,0.000,7.0,11.3,2.1,323,16,7.8,14.3,2.2,334,15,7.8,14.3,2.2,334,15,0,29.88,0.1,,,,,,,,,
BRON,2019-11-08 06:00:00 EST,40.87248,-73.89352,189,32.4,32.6,26.4,60.9,20.4,0.000,0.000,0.00,0.000,5.8,10.4,2.1,317,17,6.4,11.5,2.2,324,16,6.4,11.5,2.2,324,16,0,29.88,0.1,,,,,,,,,
BRON,2019-11-08 06:05:00 EST,40.87248,-73.89352,189,32.3,32.6,26.5,61.1,20.4,0.000,0.000,0.00,0.000,5.8,11.6,2.5,305,17,6.2,12.5,2.6,313,18,6.2,12.5,2.6,313,18,0,29.88,0.1,,,,,,,,,
BRON,2019-11-08 06:10:00 EST,40.87248,-73.89352,189,32.3,32.5,25.5,60.7,20.2,0.000,0.000,0.00,0.000,7.0,12.5,2.7,314,17,7.5,12.5,2.6,323,17,7.5,12.5,2.6,323,17,0,29.88,0.3,,,,,,,,,
BRON,2019-11-08 06:15:00 EST,40.87248,-73.89352,189,32.3,32.5,25.7,61.6,20.6,0.000,0.000,0.00,0.000,6.7,11.3,1.8,308,17,7.3,12.1,1.8,316,16,7.3,12.1,1.8,316,16,0,29.89,0.3,,,,,,,,,
BRON,2019-11-08 06:20:00 EST,40.87248,-73.89352,189,32.2,32.3,24.3,61.7,20.5,0.000,0.000,0.00,0.000,9.0,14.7,3.0,314,17,9.4,15.6,3.2,323,15,9.4,15.6,3.2,323,15,0,29.89,0.1,,,,,,,,,
BRON,2019-11-08 06:25:00 EST,40.87248,-73.89352,189,32.1,32.3,24.0,61.6,20.4,0.000,0.000,0.00,0.000,8.9,15.6,3.0,311,19,9.7,18.6,3.1,320,19,9.7,18.6,3.1,320,19,1,29.89,0.1,,,,,,,,,
BRON,2019-11-08 06:30:00 EST,40.87248,-73.89352,189,32.0,32.2,25.6,62.5,20.6,0.000,0.000,0.00,0.000,6.5,13.7,2.5,311,16,6.8,15.9,2.7,319,18,6.8,15.9,2.7,319,18,2,29.89,0.1,,,,,,,,,
BRON,2019-11-08 06:35:00 EST,40.87248,-73.89352,189,31.9,32.1,23.7,62.5,20.5,0.000,0.000,0.00,0.000,9.1,15.1,3.0,314,17,9.7,17.1,3.1,323,17,9.7,17.1,3.1,323,17,3,29.90,0.0,,,,,,,,,
BRON,2019-11-08 06:40:00 EST,40.87248,-73.89352,189,31.8,32.1,24.2,63.0,20.7,0.000,0.000,0.00,0.000,8.4,15.8,3.2,301,17,8.8,17.1,3.3,309,16,8.8,17.1,3.3,309,16,5,29.90,0.1,,,,,,,,,
BRON,2019-11-08 06:45:00 EST,40.87248,-73.89352,189,31.9,32.0,23.9,63.0,20.8,0.000,0.000,0.00,0.000,8.9,15.3,3.1,295,17,9.5,17.3,3.2,301,15,9.5,17.3,3.2,301,15,6,29.90,0.2,,,,,,,,,
BRON,2019-11-08 06:50:00 EST,40.87248,-73.89352,189,32.0,32.0,23.5,63.1,20.8,0.000,0.000,0.00,0.000,9.6,18.4,3.5,299,15,10.4,19.0,3.6,306,14,10.4,19.0,3.6,306,14,9,29.90,0.1,,,,,,,,,
BRON,2019-11-08 06:55:00 EST,40.87248,-73.89352,189,31.9,32.0,24.3,63.1,20.8,0.000,0.000,0.00,0.000,8.3,12.8,2.4,300,18,8.8,14.0,2.5,305,15,8.8,14.0,2.5,305,15,10,29.90,0.2,,,,,,,,,
BRON,2019-11-08 07:00:00 EST,40.87248,-73.89352,189,32.2,32.3,25.4,63.5,21.2,0.000,0.000,0.00,0.000,6.8,11.5,2.3,302,23,7.4,13.9,2.6,310,22,7.4,13.9,2.6,310,22,19,29.90,0.1,,,,,,,,,
BRON,2019-11-08 07:05:00 EST,40.87248,-73.89352,189,32.2,32.4,24.9,62.3,20.8,0.000,0.000,0.00,0.000,7.6,13.2,2.4,314,19,8.3,16.1,2.4,323,17,8.3,16.1,2.4,323,17,38,29.91,0.1,,,,,,,,,
BRON,2019-11-08 07:10:00 EST,40.87248,-73.89352,189,32.5,32.7,26.3,62.6,21.1,0.000,0.000,0.00,0.000,5.9,12.9,2.5,313,19,6.6,14.0,2.7,321,19,6.6,14.0,2.7,321,19,49,29.91,0.1,,,,,,,,,
BRON,2019-11-08 07:15:00 EST,40.87248,-73.89352,189,32.5,32.6,25.6,62.0,20.9,0.000,0.000,0.00,0.000,7.3,12.1,2.0,310,14,7.7,12.5,1.9,320,14,7.7,12.5,1.9,320,14,61,29.91,0.1,,,,,,,,,
BRON,2019-11-08 07:20:00 EST,40.87248,-73.89352,189,32.6,32.7,25.7,61.4,20.8,0.000,0.000,0.00,0.000,7.5,14.4,2.8,311,17,7.9,14.9,2.8,318,17,7.9,14.9,2.8,318,17,73,29.91,0.1,,,,,,,,,
BRON,2019-11-08 07:25:00 EST,40.87248,-73.89352,189,32.8,32.8,25.3,61.3,20.9,0.000,0.000,0.00,0.000,8.1,14.6,2.8,309,18,8.8,14.8,2.7,316,17,8.8,14.8,2.7,316,17,88,29.91,0.3,,,,,,,,,
BRON,2019-11-08 07:30:00 EST,40.87248,-73.89352,189,32.7,32.7,24.5,61.1,20.8,0.000,0.000,0.00,0.000,9.6,16.5,2.5,299,16,10.2,19.9,2.7,307,15,10.2,19.9,2.7,307,15,53,29.91,0.2,,,,,,,,,
BRON,2019-11-08 07:35:00 EST,40.87248,-73.89352,189,32.8,32.7,24.9,61.2,20.9,0.000,0.000,0.00,0.000,8.7,14.5,2.3,288,18,9.5,16.1,2.5,296,17,9.5,16.1,2.5,296,17,112,29.92,0.1,,,,,,,,,
BRON,2019-11-08 07:40:00 EST,40.87248,-73.89352,189,32.7,32.7,24.7,61.5,20.9,0.000,0.000,0.00,0.000,9.2,14.2,2.8,295,14,9.9,15.7,2.9,303,13,9.9,15.7,2.9,303,13,128,29.92,0.1,,,,,,,,,
BRON,2019-11-08 07:45:00 EST,40.87248,-73.89352,189,32.8,32.8,25.9,62.3,21.3,0.000,0.000,0.00,0.000,7.4,12.2,2.0,294,18,7.9,13.4,2.1,301,18,7.9,13.4,2.1,301,18,139,29.92,0.3,,,,,,,,,
BRON,2019-11-08 07:50:00 EST,40.87248,-73.89352,189,32.9,32.8,25.3,63.3,21.8,0.000,0.000,0.00,0.000,8.5,13.9,2.8,296,19,9.2,15.2,2.9,302,19,9.2,15.2,2.9,302,19,151,29.93,0.2,,,,,,,,,
BRON,2019-11-08 07:55:00 EST,40.87248,-73.89352,189,32.9,32.8,25.6,63.2,21.7,0.000,0.000,0.00,0.000,8.1,15.8,3.4,301,17,8.6,17.1,3.2,309,15,8.6,17.1,3.2,309,15,163,29.93,0.1,,,,,,,,,
BRON,2019-11-08 08:00:00 EST,40.87248,-73.89352,189,32.8,32.8,25.6,63.2,21.7,0.000,0.000,0.00,0.000,7.8,15.3,2.3,291,20,8.5,15.0,2.4,298,19,8.5,15.0,2.4,298,19,175,29.93,0.1,,,,,,,,,
BRON,2019-11-08 08:05:00 EST,40.87248,-73.89352,189,33.1,33.0,25.7,63.5,22.1,0.000,0.000,0.00,0.000,8.1,18.3,2.9,296,23,8.9,20.0,3.1,302,23,8.9,20.0,3.1,302,23,187,29.93,0.2,,,,,,,,,
BRON,2019-11-08 08:10:00 EST,40.87248,-73.89352,189,33.5,33.3,27.6,64.3,22.7,0.000,0.000,0.00,0.000,5.4,11.7,2.8,293,33,6.6,16.3,3.1,300,31,6.6,16.3,3.1,300,31,199,29.93,0.2,,,,,,,,,
BRON,2019-11-08 08:15:00 EST,40.87248,-73.89352,189,33.4,33.3,26.3,63.3,22.3,0.000,0.000,0.00,0.000,7.8,13.3,2.5,298,23,8.4,14.0,2.5,304,23,8.4,14.0,2.5,304,23,212,29.93,0.2,,,,,,,,,
BRON,2019-11-08 08:20:00 EST,40.87248,-73.89352,189,33.7,33.5,27.0,64.5,23.0,0.000,0.000,0.00,0.000,7.2,12.4,2.4,291,21,7.8,12.7,2.4,299,19,7.8,12.7,2.4,299,19,220,29.93,0.2,,,,,,,,,
BRON,2019-11-08 08:25:00 EST,40.87248,-73.89352,189,33.8,33.6,27.1,63.8,22.8,0.000,0.000,0.00,0.000,7.4,12.9,2.3,312,20,7.9,13.3,2.3,321,20,7.9,13.3,2.3,321,20,232,29.93,0.2,,,,,,,,,
BRON,2019-11-08 08:30:00 EST,40.87248,-73.89352,189,34.1,33.8,27.1,63.8,23.1,0.000,0.000,0.00,0.000,7.8,14.7,3.0,304,20,8.5,15.6,2.8,313,19,8.5,15.6,2.8,313,19,253,29.93,0.1,,,,,,,,,
BRON,2019-11-08 08:35:00 EST,40.87248,-73.89352,189,34.0,33.8,26.5,63.3,22.9,0.000,0.000,0.00,0.000,8.7,13.1,2.6,306,18,9.4,14.6,2.4,314,17,9.4,14.6,2.4,314,17,231,29.93,0.1,,,,,,,,,
BRON,2019-11-08 08:40:00 EST,40.87248,-73.89352,189,34.0,33.8,25.0,62.1,22.4,0.000,0.000,0.00,0.000,12.0,19.6,3.6,301,19,12.8,21.4,3.7,308,19,12.8,21.4,3.7,308,19,278,29.93,0.2,,,,,,,,,
BRON,2019-11-08 08:45:00 EST,40.87248,-73.89352,189,34.3,34.0,25.6,62.2,22.7,0.000,0.000,0.00,0.000,11.6,20.3,3.3,306,18,12.2,21.1,3.4,315,18,12.2,21.1,3.4,315,18,236,29.93,0.1,,,,,,,,,
BRON,2019-11-08 08:50:00 EST,40.87248,-73.89352,189,34.1,34.0,25.3,61.3,22.2,0.000,0.000,0.00,0.000,11.8,23.3,4.5,303,16,12.5,22.7,4.4,313,16,12.5,22.7,4.4,313,16,184,29.93,0.2,,,,,,,,,
BRON,2019-11-08 08:55:00 EST,40.87248,-73.89352,189,34.3,34.2,26.0,61.8,22.6,0.000,0.000,0.00,0.000,10.4,20.5,3.8,302,18,11.4,23.2,3.6,310,18,11.4,23.2,3.6,310,18,141,29.93,0.1,,,,,,,,,
BRON,2019-11-08 09:00:00 EST,40.87248,-73.89352,189,34.4,34.3,25.8,61.4,22.5,0.000,0.000,0.00,0.000,11.2,28.3,4.5,302,24,12.1,27.6,4.7,312,21,12.1,27.6,4.7,312,21,218,29.93,0.2,,,,,,,,,
BRON,2019-11-08 09:05:00 EST,40.87248,-73.89352,189,34.5,34.4,25.8,61.1,22.5,0.000,0.000,0.00,0.000,11.6,20.6,3.9,302,21,12.5,21.9,4.1,308,22,12.5,21.9,4.1,308,22,266,29.93,0.1,,,,,,,,,
BRON,2019-11-08 09:10:00 EST,40.87248,-73.89352,189,35.2,34.9,28.3,61.0,23.1,0.000,0.000,0.00,0.000,8.1,15.1,2.9,308,19,8.8,15.6,2.9,315,19,8.8,15.6,2.9,315,19,354,29.92,0.1,,,,,,,,,
BRON,2019-11-08 09:15:00 EST,40.87248,-73.89352,189,35.6,35.2,27.5,58.9,22.7,0.000,0.000,0.00,0.000,10.8,24.1,4.5,312,15,11.5,26.2,4.5,323,14,11.5,26.2,4.5,323,14,364,29.92,0.1,,,,,,,,,
BRON,2019-11-08 09:20:00 EST,40.87248,-73.89352,189,35.3,34.9,25.7,56.0,21.1,0.000,0.000,0.00,0.000,14.5,24.6,3.3,312,16,15.2,24.7,3.4,321,16,15.2,24.7,3.4,321,16,436,29.92,0.1,,,,,,,,,
BRON,2019-11-08 09:25:00 EST,40.87248,-73.89352,189,35.7,35.4,27.5,56.2,21.6,0.000,0.000,0.00,0.000,10.8,20.2,4.8,316,28,12.0,23.8,5.0,327,23,12.0,23.8,5.0,327,23,243,29.93,0.1,,,,,,,,,
BRON,2019-11-08 09:30:00 EST,40.87248,-73.89352,189,35.7,35.4,26.4,55.5,21.3,0.000,0.000,0.00,0.000,14.3,28.3,5.3,309,17,14.9,27.8,5.1,317,15,14.9,27.8,5.1,317,15,360,29.93,0.1,,,,,,,,,
BRON,2019-11-08 09:35:00 EST,40.87248,-73.89352,189,35.4,35.0,25.1,53.5,20.1,0.000,0.000,0.00,0.000,16.6,26.0,4.8,315,20,17.6,28.0,4.8,323,16,17.6,28.0,4.8,323,16,389,29.93,0.1,,,,,,,,,
BRON,2019-11-08 09:40:00 EST,40.87248,-73.89352,189,35.9,35.4,26.8,52.6,20.2,0.000,0.000,0.00,0.000,13.5,27.4,5.8,316,17,14.3,29.7,5.6,325,17,14.3,29.7,5.6,325,17,393,29.93,0.2,,,,,,,,,
BRON,2019-11-08 09:45:00 EST,40.87248,-73.89352,189,36.3,35.9,28.5,52.6,20.7,0.000,0.000,0.00,0.000,10.6,19.7,3.8,314,23,11.5,20.6,3.7,321,22,11.5,20.6,3.7,321,22,404,29.93,0.1,,,,,,,,,
BRON,2019-11-08 09:50:00 EST,40.87248,-73.89352,189,36.0,35.6,26.5,51.5,19.9,0.000,0.000,0.00,0.000,15.0,25.8,5.2,302,13,15.7,26.9,5.3,309,12,15.7,26.9,5.3,309,12,395,29.93,0.2,,,,,,,,,
BRON,2019-11-08 09:55:00 EST,40.87248,-73.89352,189,36.3,35.8,27.4,50.7,19.8,0.000,0.000,0.00,0.000,13.1,23.9,4.5,310,25,14.2,26.0,4.8,314,23,14.2,26.0,4.8,314,23,472,29.93,0.1,,,,,,,,,
BRON,2019-11-08 10:00:00 EST,40.87248,-73.89352,189,36.5,35.9,27.8,48.7,19.0,0.000,0.000,0.00,0.000,12.6,23.7,4.7,289,19,13.8,26.8,5.0,296,17,13.8,26.8,5.0,296,17,507,29.93,0.2,,,,,,,,,
BRON,2019-11-08 10:05:00 EST,40.87248,-73.89352,189,36.8,36.3,27.6,48.7,19.3,0.000,0.000,0.00,0.000,14.5,27.2,5.0,304,18,15.5,28.2,5.1,310,18,15.5,28.2,5.1,310,18,552,29.93,0.1,,,,,,,,,
BRON,2019-11-08 10:10:00 EST,40.87248,-73.89352,189,36.6,36.1,27.3,47.9,18.7,0.000,0.000,0.00,0.000,15.2,26.2,4.5,310,14,15.4,26.2,4.5,318,15,15.4,26.2,4.5,318,15,352,29.93,0.1,,,,,,,,,
BRON,2019-11-08 10:15:00 EST,40.87248,-73.89352,189,36.5,36.1,28.7,49.0,19.2,0.000,0.000,0.00,0.000,10.8,19.9,4.0,317,26,11.4,20.7,4.2,327,26,11.4,20.7,4.2,327,26,287,29.93,0.1,,,,,,,,,
BRON,2019-11-08 10:20:00 EST,40.87248,-73.89352,189,36.8,36.5,30.4,49.3,19.6,0.000,0.000,0.00,0.000,7.6,20.8,4.3,313,24,8.6,20.9,4.6,321,23,8.6,20.9,4.6,321,23,170,29.94,0.1,,,,,,,,,
BRON,2019-11-08 10:25:00 EST,40.87248,-73.89352,189,36.6,36.4,30.0,48.9,19.2,0.000,0.000,0.00,0.000,7.6,17.2,3.5,316,27,8.8,18.8,3.8,325,24,8.8,18.8,3.8,325,24,152,29.94,0.1,,,,,,,,,
BRON,2019-11-08 10:30:00 EST,40.87248,-73.89352,189,36.1,35.9,27.6,47.4,18.0,0.000,0.000,0.00,0.000,11.2,22.1,4.4,333,25,12.7,24.2,4.6,343,22,12.7,24.2,4.6,343,22,171,29.94,0.1,,,,,,,,,
BRON,2019-11-08 10:35:00 EST,40.87248,-73.89352,189,36.4,36.1,28.4,46.5,17.8,0.000,0.000,0.00,0.000,10.7,22.7,4.3,336,29,11.9,25.2,4.5,342,26,11.9,25.2,4.5,342,26,396,29.94,0.1,,,,,,,,,
BRON,2019-11-08 10:40:00 EST,40.87248,-73.89352,189,36.6,36.2,28.0,46.0,17.7,0.000,0.000,0.00,0.000,12.7,19.4,4.1,315,21,13.5,20.6,4.1,322,20,13.5,20.6,4.1,322,20,461,29.94,0.1,,,,,,,,,
BRON,2019-11-08 10:45:00 EST,40.87248,-73.89352,189,36.7,36.2,28.1,44.9,17.3,0.000,0.000,0.00,0.000,12.8,23.5,4.1,315,21,13.8,24.3,4.2,324,18,13.8,24.3,4.2,324,18,513,29.93,0.3,,,,,,,,,
BRON,2019-11-08 10:50:00 EST,40.87248,-73.89352,189,37.4,36.7,29.5,44.8,17.9,0.000,0.000,0.00,0.000,11.5,26.5,6.8,318,16,12.2,28.8,6.6,327,17,12.2,28.8,6.6,327,17,438,29.93,0.2,,,,,,,,,
BRON,2019-11-08 10:55:00 EST,40.87248,-73.89352,189,37.6,37.1,29.4,43.4,17.3,0.000,0.000,0.00,0.000,11.8,21.6,3.9,313,25,13.0,26.9,4.2,320,23,13.0,26.9,4.2,320,23,536,29.93,0.1,,,,,,,,,
BRON,2019-11-08 11:00:00 EST,40.87248,-73.89352,189,37.4,36.9,28.9,41.5,16.1,0.000,0.000,0.00,0.000,13.4,22.1,3.6,316,18,14.1,23.1,3.5,319,17,14.1,23.1,3.5,319,17,422,29.94,0.0,,,,,,,,,
BRON,2019-11-08 11:05:00 EST,40.87248,-73.89352,189,37.1,36.6,28.0,42.8,16.6,0.000,0.000,0.00,0.000,14.4,23.0,4.7,307,21,15.2,24.6,4.7,313,20,15.2,24.6,4.7,313,20,369,29.94,0.1,,,,,,,,,
BRON,2019-11-08 11:10:00 EST,40.87248,-73.89352,189,36.9,36.5,27.7,41.9,15.9,0.000,0.000,0.00,0.000,15.0,22.9,3.7,320,18,15.7,27.0,4.1,329,16,15.7,27.0,4.1,329,16,283,29.94,0.0,,,,,,,,,
BRON,2019-11-08 11:15:00 EST,40.87248,-73.89352,189,37.0,36.7,28.1,40.6,15.3,0.000,0.000,0.00,0.000,13.6,26.5,4.7,307,21,14.8,28.7,4.9,315,19,14.8,28.7,4.9,315,19,540,29.94,0.1,,,,,,,,,
BRON,2019-11-08 11:20:00 EST,40.87248,-73.89352,189,37.5,37.1,29.1,39.8,15.2,0.000,0.000,0.00,0.000,12.3,23.8,4.4,326,21,13.7,23.1,4.6,337,18,13.7,23.1,4.6,337,18,534,29.93,0.1,,,,,,,,,
BRON,2019-11-08 11:25:00 EST,40.87248,-73.89352,189,37.3,36.9,28.7,40.2,15.3,0.000,0.000,0.00,0.000,12.6,22.3,4.7,332,26,13.8,26.7,5.1,340,22,13.8,26.7,5.1,340,22,531,29.93,0.1,,,,,,,,,
BRON,2019-11-08 11:30:00 EST,40.87248,-73.89352,189,37.4,36.9,28.3,40.5,15.6,0.000,0.000,0.00,0.000,14.7,27.8,5.0,310,25,15.7,29.3,5.1,315,25,15.7,29.3,5.1,315,25,583,29.93,0.0,,,,,,,,,
BRON,2019-11-08 11:35:00 EST,40.87248,-73.89352,189,37.6,37.1,29.0,41.1,16.1,0.000,0.000,0.00,0.000,13.4,23.0,3.3,303,19,14.4,23.0,3.3,311,18,14.4,23.0,3.3,311,18,566,29.93,0.1,,,,,,,,,
BRON,2019-11-08 11:40:00 EST,40.87248,-73.89352,189,37.8,37.2,29.2,40.5,15.9,0.000,0.000,0.00,0.000,13.2,25.0,4.3,316,22,14.4,25.0,4.5,324,20,14.4,25.0,4.5,324,20,582,29.93,0.1,,,,,,,,,
BRON,2019-11-08 11:45:00 EST,40.87248,-73.89352,189,37.8,37.1,29.8,40.2,15.7,0.000,0.000,0.00,0.000,11.8,21.5,4.2,312,20,12.7,22.1,4.4,319,20,12.7,22.1,4.4,319,20,485,29.93,-0.0,,,,,,,,,
BRON,2019-11-08 11:50:00 EST,40.87248,-73.89352,189,38.2,37.6,31.7,40.3,16.2,0.000,0.000,0.00,0.000,8.4,18.6,4.0,315,29,9.6,19.3,4.0,323,26,9.6,19.3,4.0,323,26,589,29.93,-0.0,,,,,,,,,
BRON,2019-11-08 11:55:00 EST,40.87248,-73.89352,189,38.2,37.5,30.7,38.9,15.4,0.000,0.000,0.00,0.000,10.5,22.7,4.6,327,30,11.7,22.5,4.5,337,24,11.7,22.5,4.5,337,24,548,29.93,0.1,,,,,,,,,
BRON,2019-11-08 12:00:00 EST,40.87248,-73.89352,189,37.5,37.1,28.7,38.5,14.5,0.000,0.000,0.00,0.000,13.5,23.3,4.7,324,19,14.8,24.4,4.4,334,17,14.8,24.4,4.4,334,17,461,29.93,0.0,,,,,,,,,
BRON,2019-11-08 12:05:00 EST,40.87248,-73.89352,189,37.4,36.9,28.2,37.1,13.6,0.000,0.000,0.00,0.000,14.7,24.8,5.0,325,19,16.0,26.4,4.7,332,15,16.0,26.4,4.7,332,15,521,29.93,0.1,,,,,,,,,
BRON,2019-11-08 12:10:00 EST,40.87248,-73.89352,189,37.6,37.0,28.6,38.5,14.5,0.000,0.000,0.00,0.000,14.6,24.6,4.7,305,21,15.4,25.4,4.5,312,20,15.4,25.4,4.5,312,20,515,29.92,0.2,,,,,,,,,
BRON,2019-11-08 12:15:00 EST,40.87248,-73.89352,189,37.7,37.0,28.0,39.0,14.9,0.000,0.000,0.00,0.000,17.1,28.4,4.9,311,14,17.7,29.6,4.7,320,13,17.7,29.6,4.7,320,13,364,29.92,-0.0,,,,,,,,,
BRON,2019-11-08 12:20:00 EST,40.87248,-73.89352,189,37.0,36.5,28.4,40.5,15.1,0.000,0.000,0.00,0.000,13.2,23.4,3.8,308,22,13.8,24.5,3.9,315,19,13.8,24.5,3.9,315,19,405,29.92,0.1,,,,,,,,,
BRON,2019-11-08 12:25:00 EST,40.87248,-73.89352,189,37.6,37.0,29.8,41.5,16.3,0.000,0.000,0.00,0.000,11.2,21.7,4.2,307,22,12.1,25.8,4.1,316,20,12.1,25.8,4.1,316,20,447,29.92,0.1,,,,,,,,,
BRON,2019-11-08 12:30:00 EST,40.87248,-73.89352,189,37.9,37.3,30.0,38.0,14.5,0.000,0.000,0.00,0.000,10.8,26.2,5.5,327,29,12.5,30.5,5.7,337,25,12.5,30.5,5.7,337,25,515,29.92,0.1,,,,,,,,,
BRON,2019-11-08 12:35:00 EST,40.87248,-73.89352,189,37.4,36.9,27.9,35.9,12.8,0.000,0.000,0.00,0.000,15.8,27.9,5.0,319,20,17.0,32.1,5.4,328,17,17.0,32.1,5.4,328,17,513,29.92,0.1,,,,,,,,,
BRON,2019-11-08 12:40:00 EST,40.87248,-73.89352,189,37.4,36.9,28.9,37.9,14.0,0.000,0.000,0.00,0.000,13.1,23.7,4.3,306,22,13.6,24.3,4.2,314,18,13.6,24.3,4.2,314,18,507,29.92,0.1,,,,,,,,,
BRON,2019-11-08 12:45:00 EST,40.87248,-73.89352,189,37.5,37.0,29.1,38.2,14.3,0.000,0.000,0.00,0.000,13.0,24.0,3.5,303,16,13.7,24.3,3.6,309,15,13.7,24.3,3.6,309,15,501,29.93,0.1,,,,,,,,,
BRON,2019-11-08 12:50:00 EST,40.87248,-73.89352,189,37.3,36.7,28.1,38.9,14.5,0.000,0.000,0.00,0.000,15.0,27.0,4.8,307,16,15.6,30.9,5.1,313,15,15.6,30.9,5.1,313,15,502,29.92,0.1,,,,,,,,,
BRON,2019-11-08 12:55:00 EST,40.87248,-73.89352,189,37.2,36.7,28.6,40.8,15.5,0.000,0.000,0.00,0.000,13.3,24.3,5.0,307,19,13.7,22.7,4.8,314,20,13.7,22.7,4.8,314,20,521,29.92,0.2,,,,,,,,,
BRON,2019-11-08 13:00:00 EST,40.87248,-73.89352,189,37.8,37.2,30.2,40.9,16.2,0.000,0.000,0.00,0.000,11.2,19.1,3.9,305,15,11.9,19.8,3.6,311,17,11.9,19.8,3.6,311,17,533,29.92,0.0,,,,,,,,,
BRON,2019-11-08 13:05:00 EST,40.87248,-73.89352,189,38.0,37.4,30.3,40.1,15.9,0.000,0.000,0.00,0.000,11.3,21.8,4.1,308,24,12.2,23.9,4.0,315,21,12.2,23.9,4.0,315,21,500,29.92,0.0,,,,,,,,,
BRON,2019-11-08 13:10:00 EST,40.87248,-73.89352,189,37.6,37.1,30.2,39.8,15.3,0.000,0.000,0.00,0.000,10.6,18.1,3.9,315,18,11.3,21.1,4.2,323,17,11.3,21.1,4.2,323,17,426,29.92,0.1,,,,,,,,,
BRON,2019-11-08 13:15:00 EST,40.87248,-73.89352,189,38.2,37.6,31.1,40.3,16.1,0.000,0.000,0.00,0.000,9.5,19.1,4.0,320,26,10.5,21.8,4.3,329,23,10.5,21.8,4.3,329,23,483,29.92,0.0,,,,,,,,,
BRON,2019-11-08 13:20:00 EST,40.87248,-73.89352,189,37.8,37.3,29.7,38.9,15.0,0.000,0.000,0.00,0.000,11.3,21.6,4.3,339,30,13.0,22.9,4.7,348,26,13.0,22.9,4.7,348,26,485,29.92,0.1,,,,,,,,,
BRON,2019-11-08 13:25:00 EST,40.87248,-73.89352,189,37.0,36.5,27.6,37.8,13.6,0.000,0.000,0.00,0.000,14.2,25.2,5.0,322,16,15.9,24.5,4.9,330,15,15.9,24.5,4.9,330,15,241,29.93,-0.0,,,,,,,,,
BRON,2019-11-08 13:30:00 EST,40.87248,-73.89352,189,36.8,36.4,28.5,37.6,13.3,0.000,0.000,0.00,0.000,11.6,19.9,3.1,310,20,12.7,20.0,3.1,318,21,12.7,20.0,3.1,318,21,365,29.93,0.1,,,,,,,,,
BRON,2019-11-08 13:35:00 EST,40.87248,-73.89352,189,37.0,36.5,27.9,36.6,12.8,0.000,0.000,0.00,0.000,14.6,22.6,3.8,296,20,15.1,23.3,4.1,304,16,15.1,23.3,4.1,304,16,453,29.93,0.1,,,,,,,,,
BRON,2019-11-08 13:40:00 EST,40.87248,-73.89352,189,37.3,36.8,28.6,35.8,12.6,0.000,0.000,0.00,0.000,13.5,26.1,4.9,315,17,14.3,28.0,5.2,322,17,14.3,28.0,5.2,322,17,434,29.93,0.1,,,,,,,,,
BRON,2019-11-08 13:45:00 EST,40.87248,-73.89352,189,37.5,37.1,29.1,34.0,11.6,0.000,0.000,0.31,0.000,12.4,24.8,5.2,331,26,13.6,27.7,5.3,339,23,13.6,27.7,5.3,339,23,455,29.93,0.0,,,,,,,,,
BRON,2019-11-08 13:50:00 EST,40.87248,-73.89352,189,37.7,37.2,30.8,35.5,12.8,0.000,0.000,0.00,0.000,8.9,19.9,4.2,330,23,9.8,20.2,4.3,341,21,9.8,20.2,4.3,341,21,240,29.93,-0.0,,,,,,,,,
BRON,2019-11-08 13:55:00 EST,40.87248,-73.89352,189,37.5,37.0,30.2,35.1,12.4,0.000,0.000,0.00,0.000,9.5,17.2,3.7,332,27,10.8,19.3,3.7,343,24,10.8,19.3,3.7,343,24,401,29.94,-0.0,,,,,,,,,
BRON,2019-11-08 14:00:00 EST,40.87248,-73.89352,189,37.5,37.0,31.0,35.0,12.3,0.000,0.000,0.00,0.000,8.2,18.5,4.0,329,25,9.0,17.8,3.9,338,25,9.0,17.8,3.9,338,25,381,29.93,0.1,,,,,,,,,
BRON,2019-11-08 14:05:00 EST,40.87248,-73.89352,189,37.9,37.4,30.0,33.6,11.8,0.000,0.000,0.00,0.000,11.3,23.5,4.4,331,27,12.7,29.3,4.7,342,21,12.7,29.3,4.7,342,21,396,29.94,-0.0,,,,,,,,,
BRON,2019-11-08 14:10:00 EST,40.87248,-73.89352,189,37.5,37.2,30.2,33.7,11.5,0.000,0.000,0.00,0.000,9.9,19.2,4.2,319,32,10.8,20.8,4.6,327,30,10.8,20.8,4.6,327,30,306,29.94,0.1,,,,,,,,,
BRON,2019-11-08 14:15:00 EST,40.87248,-73.89352,189,37.8,37.4,31.7,34.9,12.5,0.000,0.000,0.00,0.000,7.2,13.4,2.8,319,30,8.3,14.1,3.2,326,28,8.3,14.1,3.2,326,28,202,29.94,0.1,,,,,,,,,
BRON,2019-11-08 14:20:00 EST,40.87248,-73.89352,189,38.0,37.6,31.7,34.5,12.4,0.000,0.000,0.00,0.000,8.0,18.5,3.9,320,24,8.8,21.8,4.0,331,22,8.8,21.8,4.0,331,22,328,29.94,0.0,,,,,,,,,
BRON,2019-11-08 14:25:00 EST,40.87248,-73.89352,189,37.5,37.1,29.4,34.0,11.7,0.000,0.000,0.00,0.000,12.0,18.9,3.4,308,18,12.8,21.8,3.5,314,19,12.8,21.8,3.5,314,19,370,29.94,0.0,,,,,,,,,
BRON,2019-11-08 14:30:00 EST,40.87248,-73.89352,189,37.7,37.2,29.2,33.6,11.5,0.000,0.000,0.00,0.000,12.8,25.9,4.4,314,22,13.8,26.5,4.4,321,19,13.8,26.5,4.4,321,19,354,29.94,-0.0,,,,,,,,,
BRON,2019-11-08 14:35:00 EST,40.87248,-73.89352,189,37.5,37.1,29.4,34.1,11.7,0.000,0.000,0.00,0.000,11.7,19.4,3.8,318,17,12.7,20.9,3.8,326,16,12.7,20.9,3.8,326,16,319,29.95,0.1,,,,,,,,,
BRON,2019-11-08 14:40:00 EST,40.87248,-73.89352,189,37.6,37.3,30.9,34.8,12.3,0.000,0.000,0.00,0.000,8.8,16.8,3.4,319,25,9.6,17.3,3.5,325,25,9.6,17.3,3.5,325,25,306,29.95,0.0,,,,,,,,,
BRON,2019-11-08 14:45:00 EST,40.87248,-73.89352,189,37.3,37.0,29.3,35.0,12.2,0.000,0.000,0.00,0.000,11.1,18.7,3.3,316,22,12.4,19.8,3.4,325,20,12.4,19.8,3.4,325,20,312,29.95,0.1,,,,,,,,,
BRON,2019-11-08 14:50:00 EST,40.87248,-73.89352,189,37.6,37.2,30.0,35.4,12.6,0.000,0.000,0.00,0.000,10.5,16.9,3.2,302,21,11.5,19.3,3.4,309,21,11.5,19.3,3.4,309,21,319,29.95,-0.0,,,,,,,,,
BRON,2019-11-08 14:55:00 EST,40.87248,-73.89352,189,37.5,37.1,30.1,35.0,12.3,0.000,0.000,0.00,0.000,10.0,18.9,3.5,319,20,11.0,19.8,3.4,328,20,11.0,19.8,3.4,328,20,298,29.95,0.0,,,,,,,,,
BRON,2019-11-08 15:00:00 EST,40.87248,-73.89352,189,37.7,37.4,30.2,35.0,12.5,0.000,0.000,0.00,0.000,10.5,25.1,4.6,315,22,11.5,23.7,4.8,324,22,11.5,23.7,4.8,324,22,287,29.95,-0.1,,,,,,,,,
BRON,2019-11-08 15:05:00 EST,40.87248,-73.89352,189,37.4,37.1,28.7,34.4,11.8,0.000,0.000,0.00,0.000,13.0,22.4,3.9,323,17,14.2,22.8,3.9,334,16,14.2,22.8,3.9,334,16,271,29.95,-0.0,,,,,,,,,
BRON,2019-11-08 15:10:00 EST,40.87248,-73.89352,189,37.9,37.6,32.0,35.9,13.3,0.000,0.000,0.00,0.000,7.0,17.8,3.5,307,30,8.1,17.2,3.8,314,28,8.1,17.2,3.8,314,28,248,29.95,0.0,,,,,,,,,
BRON,2019-11-08 15:15:00 EST,40.87248,-73.89352,189,37.7,37.4,31.6,35.1,12.5,0.000,0.000,0.00,0.000,7.2,13.4,2.8,336,26,8.3,14.9,2.7,346,26,8.3,14.9,2.7,346,26,223,29.95,-0.1,,,,,,,,,
BRON,2019-11-08 15:20:00 EST,40.87248,-73.89352,189,37.5,37.2,31.1,35.3,12.5,0.000,0.000,0.00,0.000,7.9,14.1,3.0,321,23,8.7,14.6,2.8,332,19,8.7,14.6,2.8,332,19,216,29.96,-0.0,,,,,,,,,
BRON,2019-11-08 15:25:00 EST,40.87248,-73.89352,189,37.4,37.1,31.0,35.3,12.4,0.000,0.000,0.00,0.000,7.6,14.1,3.2,332,27,8.6,18.2,3.6,341,24,8.6,18.2,3.6,341,24,207,29.96,-0.1,,,,,,,,,
BRON,2019-11-08 15:30:00 EST,40.87248,-73.89352,189,37.4,37.2,30.5,36.6,13.3,0.000,0.000,0.00,0.000,9.3,21.2,4.3,321,22,10.0,21.0,4.5,328,22,10.0,21.0,4.5,328,22,188,29.96,-0.0,,,,,,,,,
BRON,2019-11-08 15:35:00 EST,40.87248,-73.89352,189,37.1,36.8,28.7,36.2,12.7,0.000,0.000,0.00,0.000,12.8,20.3,3.3,318,14,13.3,20.5,3.3,326,12,13.3,20.5,3.3,326,12,179,29.96,-0.0,,,,,,,,,
BRON,2019-11-08 15:40:00 EST,40.87248,-73.89352,189,37.0,36.8,29.9,36.8,13.0,0.000,0.000,0.00,0.000,8.8,20.8,3.7,351,36,10.1,24.1,4.4,356,26,10.1,24.1,4.4,356,26,165,29.96,-0.1,,,,,,,,,
BRON,2019-11-08 15:45:00 EST,40.87248,-73.89352,189,36.7,36.6,27.9,36.3,12.4,0.000,0.000,0.00,0.000,12.9,21.5,4.3,338,25,14.2,24.4,4.5,347,22,14.2,24.4,4.5,347,22,141,29.97,-0.1,,,,,,,,,
BRON,2019-11-08 15:50:00 EST,40.87248,-73.89352,189,36.5,36.4,28.3,36.2,12.2,0.000,0.000,0.00,0.000,11.5,20.5,5.0,320,20,12.5,23.1,4.9,327,19,12.5,23.1,4.9,327,19,126,29.97,-0.0,,,,,,,,,
BRON,2019-11-08 15:55:00 EST,40.87248,-73.89352,189,36.6,36.4,28.4,37.3,12.9,0.000,0.000,0.00,0.000,11.3,18.9,3.2,318,15,12.3,21.2,3.1,330,15,12.3,21.2,3.1,330,15,114,29.97,-0.1,,,,,,,,,
BRON,2019-11-08 16:00:00 EST,40.87248,-73.89352,189,36.3,36.3,29.5,36.1,11.9,0.000,0.000,0.00,0.000,8.2,16.5,3.7,343,27,9.0,17.7,4.0,349,25,9.0,17.7,4.0,349,25,99,29.97,-0.0,,,,,,,,,
BRON,2019-11-08 16:05:00 EST,40.87248,-73.89352,189,36.5,36.4,29.1,38.2,13.4,0.000,0.000,0.00,0.000,9.5,17.2,3.8,305,22,10.4,19.3,3.7,312,21,10.4,19.3,3.7,312,21,84,29.97,-0.0,,,,,,,,,
BRON,2019-11-08 16:10:00 EST,40.87248,-73.89352,189,36.2,36.1,27.9,38.3,13.2,0.000,0.000,0.00,0.000,11.8,18.3,3.9,308,17,12.3,20.0,3.7,314,16,12.3,20.0,3.7,314,16,70,29.97,-0.1,,,,,,,,,
BRON,2019-11-08 16:15:00 EST,40.87248,-73.89352,189,36.0,36.0,28.2,38.5,13.1,0.000,0.000,0.00,0.000,9.9,17.2,3.3,313,21,11.1,18.8,3.5,322,18,11.1,18.8,3.5,322,18,56,29.98,-0.1,,,,,,,,,
BRON,2019-11-08 16:20:00 EST,40.87248,-73.89352,189,35.8,35.8,26.5,37.6,12.4,0.000,0.000,0.00,0.000,13.8,24.6,4.6,321,17,14.9,25.9,4.5,329,16,14.9,25.9,4.5,329,16,43,29.98,-0.1,,,,,,,,,
BRON,2019-11-08 16:25:00 EST,40.87248,-73.89352,189,35.5,35.6,27.3,38.0,12.4,0.000,0.000,0.00,0.000,10.8,20.2,4.0,320,21,11.9,23.5,4.2,330,20,11.9,23.5,4.2,330,20,32,29.98,-0.0,,,,,,,,,
BRON,2019-11-08 16:30:00 EST,40.87248,-73.89352,189,35.5,35.6,28.5,38.9,12.9,0.000,0.000,0.00,0.000,8.0,22.1,3.9,334,27,9.1,24.6,4.6,344,25,9.1,24.6,4.6,344,25,20,29.98,-0.1,,,,,,,,,
BRON,2019-11-08 16:35:00 EST,40.87248,-73.89352,189,35.3,35.5,27.8,40.2,13.5,0.000,0.000,0.00,0.000,9.5,21.3,4.9,317,21,10.1,22.6,5.1,327,21,10.1,22.6,5.1,327,21,12,29.99,-0.0,,,,,,,,,
BRON,2019-11-08 16:40:00 EST,40.87248,-73.89352,189,35.2,35.4,29.2,40.5,13.6,0.000,0.000,0.00,0.000,6.0,14.2,2.7,326,29,7.2,16.8,3.2,337,26,7.2,16.8,3.2,337,26,9,29.99,-0.1,,,,,,,,,
BRON,2019-11-08 16:45:00 EST,40.87248,-73.89352,189,35.1,35.2,27.7,40.5,13.5,0.000,0.000,0.00,0.000,8.7,19.3,4.4,328,24,9.8,20.1,4.4,336,19,9.8,20.1,4.4,336,19,6,29.99,-0.1,,,,,,,,,
BRON,2019-11-08 16:50:00 EST,40.87248,-73.89352,189,34.8,35.0,25.6,39.8,12.8,0.000,0.000,0.00,0.000,13.4,21.0,3.8,318,13,14.0,24.0,3.9,326,13,14.0,24.0,3.9,326,13,4,29.99,-0.1,,,,,,,,,
BRON,2019-11-08 16:55:00 EST,40.87248,-73.89352,189,34.7,34.9,26.2,40.5,13.2,0.000,0.000,0.00,0.000,11.2,19.7,3.9,321,15,12.1,21.4,3.8,332,15,12.1,21.4,3.8,332,15,2,29.99,-0.1,,,,,,,,,
BRON,2019-11-08 17:00:00 EST,40.87248,-73.89352,189,34.7,34.9,26.5,40.7,13.2,0.000,0.000,0.00,0.000,10.2,19.1,3.1,320,18,11.4,18.3,3.2,331,16,11.4,18.3,3.2,331,16,1,30.00,-0.1,,,,,,,,,
BRON,2019-11-08 17:05:00 EST,40.87248,-73.89352,189,34.6,34.7,27.2,39.7,12.5,0.000,0.000,0.00,0.000,8.0,15.8,3.2,322,24,9.4,17.7,3.3,330,20,9.4,17.7,3.3,330,20,0,30.00,-0.1,,,,,,,,,
BRON,2019-11-08 17:10:00 EST,40.87248,-73.89352,189,34.4,34.6,26.2,39.3,12.2,0.000,0.000,0.00,0.000,10.1,19.5,4.0,324,23,11.1,20.4,4.0,332,20,11.1,20.4,4.0,332,20,0,30.00,-0.1,,,,,,,,,
BRON,2019-11-08 17:15:00 EST,40.87248,-73.89352,189,34.3,34.5,26.5,39.7,12.3,0.000,0.000,0.00,0.000,9.0,18.5,3.5,318,19,10.2,19.9,3.4,328,18,10.2,19.9,3.4,328,18,0,30.01,-0.1,,,,,,,,,
BRON,2019-11-08 17:20:00 EST,40.87248,-73.89352,189,34.3,34.4,27.0,40.1,12.6,0.000,0.000,0.00,0.000,8.1,16.9,3.0,332,25,9.2,20.2,3.5,342,24,9.2,20.2,3.5,342,24,0,30.01,-0.1,,,,,,,,,
BRON,2019-11-08 17:25:00 EST,40.87248,-73.89352,189,34.1,34.2,25.4,40.8,12.7,0.000,0.000,0.00,0.000,11.3,18.9,3.5,314,15,12.0,20.7,3.3,323,14,12.0,20.7,3.3,323,14,0,30.02,-0.1,,,,,,,,,
BRON,2019-11-08 17:30:00 EST,40.87248,-73.89352,189,33.9,34.1,24.4,40.2,12.2,0.000,0.000,0.00,0.000,13.1,22.4,3.8,319,14,14.1,23.5,3.4,327,14,14.1,23.5,3.4,327,14,0,30.02,-0.1,,,,,,,,,
BRON,2019-11-08 17:35:00 EST,40.87248,-73.89352,189,33.9,34.1,26.3,40.8,12.6,0.000,0.000,0.00,0.000,8.4,14.2,2.6,321,24,9.5,16.6,3.0,330,19,9.5,16.6,3.0,330,19,0,30.02,-0.1,,,,,,,,,
BRON,2019-11-08 17:40:00 EST,40.87248,-73.89352,189,33.8,34.0,24.9,41.1,12.7,0.000,0.000,0.00,0.000,11.8,19.7,3.2,315,13,12.5,18.8,3.0,324,14,12.5,18.8,3.0,324,14,0,30.02,-0.1,,,,,,,,,
BRON,2019-11-08 17:45:00 EST,40.87248,-73.89352,189,33.8,33.9,25.7,41.1,12.6,0.000,0.000,0.00,0.000,9.5,17.1,3.3,321,18,10.4,19.9,3.2,329,18,10.4,19.9,3.2,329,18,0,30.03,-0.1,,,,,,,,,
BRON,2019-11-08 17:50:00 EST,40.87248,-73.89352,189,33.8,34.0,27.3,41.6,12.9,0.000,0.000,0.00,0.000,6.7,14.6,3.4,320,25,7.6,15.9,3.4,329,23,7.6,15.9,3.4,329,23,0,30.03,-0.1,,,,,,,,,
BRON,2019-11-08 17:55:00 EST,40.87248,-73.89352,189,33.6,33.8,25.0,41.4,12.6,0.000,0.000,0.00,0.000,11.0,19.9,3.6,316,16,11.7,21.1,3.6,325,16,11.7,21.1,3.6,325,16,0,30.03,-0.1,,,,,,,,,
BRON,2019-11-08 18:00:00 EST,40.87248,-73.89352,189,33.7,33.8,25.6,42.0,13.0,0.000,0.000,0.00,0.000,9.3,15.3,2.5,320,19,10.4,16.2,2.8,329,16,10.4,16.2,2.8,329,16,0,30.04,-0.1,,,,,,,,,
BRON,2019-11-08 18:05:00 EST,40.87248,-73.89352,189,33.6,33.7,26.6,41.8,12.8,0.000,0.000,0.00,0.000,7.4,12.9,3.1,322,20,8.3,15.5,3.1,333,19,8.3,15.5,3.1,333,19,0,30.04,-0.1,,,,,,,,,
BRON,2019-11-08 18:10:00 EST,40.87248,-73.89352,189,33.5,33.7,25.4,42.5,13.1,0.000,0.000,0.00,0.000,9.4,18.5,4.8,317,22,10.3,19.4,4.4,326,21,10.3,19.4,4.4,326,21,0,30.04,-0.1,,,,,,,,,
BRON,2019-11-08 18:15:00 EST,40.87248,-73.89352,189,33.4,33.6,26.7,43.5,13.6,0.000,0.000,0.00,0.000,7.2,15.3,3.0,320,24,7.9,15.5,3.1,329,19,7.9,15.5,3.1,329,19,0,30.05,-0.1,,,,,,,,,
BRON,2019-11-08 18:20:00 EST,40.87248,-73.89352,189,33.4,33.5,25.9,43.2,13.3,0.000,0.000,0.00,0.000,8.3,17.9,3.1,321,14,9.1,18.6,3.3,329,14,9.1,18.6,3.3,329,14,0,30.05,-0.1,,,,,,,,,
BRON,2019-11-08 18:25:00 EST,40.87248,-73.89352,189,33.2,33.4,24.9,44.0,13.6,0.000,0.000,0.00,0.000,10.0,18.6,3.4,316,15,10.7,19.1,3.4,324,16,10.7,19.1,3.4,324,16,0,30.05,-0.0,,,,,,,,,
BRON,2019-11-08 18:30:00 EST,40.87248,-73.89352,189,33.1,33.3,25.1,44.1,13.6,0.000,0.000,0.00,0.000,9.3,17.3,3.2,324,17,10.1,18.2,3.3,331,17,10.1,18.2,3.3,331,17,0,30.05,-0.1,,,,,,,,,
BRON,2019-11-08 18:35:00 EST,40.87248,-73.89352,189,33.1,33.3,24.7,45.2,14.2,0.000,0.000,0.00,0.000,10.0,19.3,3.7,311,20,10.8,18.9,3.7,320,18,10.8,18.9,3.7,320,18,0,30.05,-0.1,,,,,,,,,
BRON,2019-11-08 18:40:00 EST,40.87248,-73.89352,189,33.1,33.2,24.2,45.4,14.2,0.000,0.000,0.00,0.000,11.2,19.2,3.4,312,16,11.8,18.7,3.4,321,16,11.8,18.7,3.4,321,16,0,30.05,-0.1,,,,,,,,,
BRON,2019-11-08 18:45:00 EST,40.87248,-73.89352,189,32.9,33.1,24.2,45.4,14.1,0.000,0.000,0.00,0.000,10.6,15.9,2.6,317,18,11.4,17.3,2.7,329,18,11.4,17.3,2.7,329,18,0,30.06,-0.1,,,,,,,,,
BRON,2019-11-08 18:50:00 EST,40.87248,-73.89352,189,32.8,33.0,24.8,45.9,14.2,0.000,0.000,0.00,0.000,9.3,16.8,2.8,313,17,9.8,17.5,2.9,323,19,9.8,17.5,2.9,323,19,0,30.06,-0.1,,,,,,,,,
BRON,2019-11-08 18:55:00 EST,40.87248,-73.89352,189,32.8,33.0,26.0,46.8,14.7,0.000,0.000,0.00,0.000,6.4,10.5,2.1,331,26,7.8,15.6,2.3,338,22,7.8,15.6,2.3,338,22,0,30.06,-0.1,,,,,,,,,
BRON,2019-11-08 19:00:00 EST,40.87248,-73.89352,189,32.7,33.0,25.6,47.1,14.8,0.000,0.000,0.00,0.000,7.7,11.9,2.0,319,16,8.2,12.5,2.0,327,16,8.2,12.5,2.0,327,16,0,30.06,-0.1,,,,,,,,,
BRON,2019-11-08 19:05:00 EST,40.87248,-73.89352,189,32.6,32.8,24.5,47.1,14.6,0.000,0.000,0.00,0.000,8.9,19.1,3.7,319,21,9.9,19.5,3.7,328,21,9.9,19.5,3.7,328,21,0,30.07,-0.1,,,,,,,,,
BRON,2019-11-08 19:10:00 EST,40.87248,-73.89352,189,32.5,32.7,23.8,47.8,14.8,0.000,0.000,0.00,0.000,10.4,16.4,2.4,316,17,11.1,18.2,2.7,324,17,11.1,18.2,2.7,324,17,0,30.07,-0.1,,,,,,,,,
BRON,2019-11-08 19:15:00 EST,40.87248,-73.89352,189,32.5,32.7,25.6,48.2,15.1,0.000,0.000,0.00,0.000,7.3,12.9,2.8,317,23,7.9,13.5,2.7,325,22,7.9,13.5,2.7,325,22,0,30.07,-0.1,,,,,,,,,
BRON,2019-11-08 19:20:00 EST,40.87248,-73.89352,189,32.3,32.5,24.6,47.6,14.6,0.000,0.000,0.00,0.000,8.3,14.3,2.6,315,21,9.2,15.5,2.5,323,20,9.2,15.5,2.5,323,20,0,30.07,-0.0,,,,,,,,,
BRON,2019-11-08 19:25:00 EST,40.87248,-73.89352,189,32.3,32.5,24.7,47.7,14.6,0.000,0.000,0.00,0.000,8.0,13.2,2.5,319,24,8.9,14.9,2.5,326,24,8.9,14.9,2.5,326,24,0,30.07,-0.1,,,,,,,,,
BRON,2019-11-08 19:30:00 EST,40.87248,-73.89352,189,32.2,32.3,23.8,47.0,14.2,0.000,0.000,0.00,0.000,9.6,17.5,3.3,314,20,10.3,17.4,3.0,322,20,10.3,17.4,3.0,322,20,0,30.07,-0.1,,,,,,,,,
BRON,2019-11-08 19:35:00 EST,40.87248,-73.89352,189,32.1,32.3,23.1,47.7,14.5,0.000,0.000,0.00,0.000,11.0,17.7,3.1,312,15,11.7,19.1,3.0,321,15,11.7,19.1,3.0,321,15,0,30.07,-0.0,,,,,,,,,
BRON,2019-11-08 19:40:00 EST,40.87248,-73.89352,189,32.1,32.3,24.1,48.8,15.0,0.000,0.000,0.00,0.000,8.6,15.3,2.7,309,20,9.5,15.8,2.5,317,21,9.5,15.8,2.5,317,21,0,30.07,-0.1,,,,,,,,,
BRON,2019-11-08 19:45:00 EST,40.87248,-73.89352,189,32.1,32.3,25.8,48.5,14.8,0.000,0.000,0.00,0.000,5.8,12.1,2.7,327,28,6.7,14.0,2.8,336,21,6.7,14.0,2.8,336,21,0,30.07,-0.1,,,,,,,,,
BRON,2019-11-08 19:50:00 EST,40.87248,-73.89352,189,32.0,32.2,26.1,48.8,14.9,0.000,0.000,0.00,0.000,5.3,8.9,2.2,317,25,6.2,11.4,2.4,326,26,6.2,11.4,2.4,326,26,0,30.08,-0.0,,,,,,,,,
BRON,2019-11-08 19:55:00 EST,40.87248,-73.89352,189,31.8,32.0,24.9,48.8,14.7,0.000,0.000,0.00,0.000,6.9,12.3,2.2,325,19,7.6,13.7,2.3,335,18,7.6,13.7,2.3,335,18,0,30.08,-0.1,,,,,,,,,
BRON,2019-11-08 20:00:00 EST,40.87248,-73.89352,189,31.7,31.9,23.5,48.6,14.5,0.000,0.000,0.00,0.000,9.2,16.9,3.1,314,17,9.6,18.3,3.4,323,16,9.6,18.3,3.4,323,16,0,30.08,-0.0,,,,,,,,,
BRON,2019-11-08 20:05:00 EST,40.87248,-73.89352,189,31.7,31.9,23.5,49.6,15.0,0.000,0.000,0.00,0.000,9.1,14.4,2.4,319,18,9.8,15.1,2.4,327,14,9.8,15.1,2.4,327,14,0,30.08,-0.1,,,,,,,,,
BRON,2019-11-08 20:10:00 EST,40.87248,-73.89352,189,31.5,31.7,22.2,48.8,14.5,0.000,0.000,0.00,0.000,11.4,17.9,3.2,313,12,11.9,19.0,3.1,322,11,11.9,19.0,3.1,322,11,0,30.08,-0.0,,,,,,,,,
BRON,2019-11-08 20:15:00 EST,40.87248,-73.89352,189,31.6,31.8,23.2,49.9,15.0,0.000,0.000,0.00,0.000,9.4,13.9,2.5,318,16,10.2,17.1,2.7,328,14,10.2,17.1,2.7,328,14,0,30.08,-0.1,,,,,,,,,
BRON,2019-11-08 20:20:00 EST,40.87248,-73.89352,189,31.5,31.7,23.5,49.6,14.8,0.000,0.000,0.00,0.000,8.4,14.0,2.2,322,17,9.1,15.4,2.3,331,16,9.1,15.4,2.3,331,16,0,30.08,-0.1,,,,,,,,,
BRON,2019-11-08 20:25:00 EST,40.87248,-73.89352,189,31.5,31.7,25.4,49.8,14.8,0.000,0.000,0.00,0.000,5.1,10.6,2.1,332,31,6.2,12.7,2.2,339,29,6.2,12.7,2.2,339,29,0,30.09,-0.0,,,,,,,,,
BRON,2019-11-08 20:30:00 EST,40.87248,-73.89352,189,31.3,31.5,23.2,49.2,14.5,0.000,0.000,0.00,0.000,8.0,17.2,3.1,324,29,9.3,21.2,3.2,333,26,9.3,21.2,3.2,333,26,0,30.10,-0.0,,,,,,,,,
BRON,2019-11-08 20:35:00 EST,40.87248,-73.89352,189,31.3,31.4,25.2,49.9,14.7,0.000,0.000,0.00,0.000,5.3,9.9,1.9,335,31,6.1,12.2,2.3,343,28,6.1,12.2,2.3,343,28,0,30.10,-0.1,,,,,,,,,
BRON,2019-11-08 20:40:00 EST,40.87248,-73.89352,189,31.1,31.3,23.4,50.1,14.6,0.000,0.000,0.00,0.000,7.8,12.1,2.2,319,18,8.5,15.1,2.5,327,17,8.5,15.1,2.5,327,17,0,30.10,-0.1,,,,,,,,,
BRON,2019-11-08 20:45:00 EST,40.87248,-73.89352,189,31.0,31.3,22.5,51.0,15.0,0.000,0.000,0.00,0.000,9.3,14.8,2.8,318,16,10.1,16.5,2.8,324,12,10.1,16.5,2.8,324,12,0,30.09,-0.1,,,,,,,,,
BRON,2019-11-08 20:50:00 EST,40.87248,-73.89352,189,31.1,31.3,22.1,51.7,15.4,0.000,0.000,0.00,0.000,10.2,16.5,2.7,320,13,10.8,18.0,2.9,330,11,10.8,18.0,2.9,330,11,0,30.10,-0.1,,,,,,,,,
BRON,2019-11-08 20:55:00 EST,40.87248,-73.89352,189,30.9,31.1,22.6,51.0,14.9,0.000,0.000,0.00,0.000,8.8,15.6,2.2,319,14,9.5,15.9,2.4,328,15,9.5,15.9,2.4,328,15,0,30.10,-0.0,,,,,,,,,
BRON,2019-11-08 21:00:00 EST,40.87248,-73.89352,189,30.8,31.1,22.7,51.3,15.0,0.000,0.000,0.00,0.000,8.5,18.0,4.2,322,17,9.2,18.3,4.3,330,18,9.2,18.3,4.3,330,18,0,30.10,-0.1,,,,,,,,,
BRON,2019-11-08 21:05:00 EST,40.87248,-73.89352,189,30.6,30.8,21.6,50.2,14.3,0.000,0.000,0.00,0.000,9.5,19.2,3.6,323,18,10.8,20.3,3.8,335,17,10.8,20.3,3.8,335,17,0,30.10,-0.1,,,,,,,,,
BRON,2019-11-08 21:10:00 EST,40.87248,-73.89352,189,30.5,30.7,22.1,50.2,14.2,0.000,0.000,0.00,0.000,9.0,17.5,3.6,319,17,9.8,17.8,3.5,328,16,9.8,17.8,3.5,328,16,0,30.10,-0.1,,,,,,,,,
BRON,2019-11-08 21:15:00 EST,40.87248,-73.89352,189,30.5,30.7,21.8,50.5,14.3,0.000,0.000,0.00,0.000,9.3,17.1,2.7,327,24,10.3,18.4,3.0,335,23,10.3,18.4,3.0,335,23,0,30.11,-0.1,,,,,,,,,
BRON,2019-11-08 21:20:00 EST,40.87248,-73.89352,189,30.4,30.6,21.2,51.1,14.4,0.000,0.000,0.00,0.000,10.2,18.0,2.8,319,15,11.0,17.3,3.0,328,13,11.0,17.3,3.0,328,13,0,30.11,-0.1,,,,,,,,,
BRON,2019-11-08 21:25:00 EST,40.87248,-73.89352,189,30.3,30.5,21.0,51.6,14.6,0.000,0.000,0.00,0.000,10.6,15.6,2.2,315,14,11.4,16.8,2.6,323,14,11.4,16.8,2.6,323,14,0,30.10,-0.0,,,,,,,,,
BRON,2019-11-08 21:30:00 EST,40.87248,-73.89352,189,30.3,30.5,21.1,51.7,14.6,0.000,0.000,0.00,0.000,10.5,16.4,3.3,321,16,11.1,19.0,3.3,329,13,11.1,19.0,3.3,329,13,0,30.11,-0.1,,,,,,,,,
BRON,2019-11-08 21:35:00 EST,40.87248,-73.89352,189,30.4,30.5,22.2,51.4,14.5,0.000,0.000,0.00,0.000,7.9,14.9,3.0,330,19,9.1,17.5,3.1,338,17,9.1,17.5,3.1,338,17,0,30.11,-0.1,,,,,,,,,
BRON,2019-11-08 21:40:00 EST,40.87248,-73.89352,189,30.3,30.5,23.9,51.4,14.5,0.000,0.000,0.00,0.000,5.6,11.0,2.8,338,32,6.4,13.2,3.0,345,29,6.4,13.2,3.0,345,29,0,30.11,-0.1,,,,,,,,,
BRON,2019-11-08 21:45:00 EST,40.87248,-73.89352,189,30.4,30.4,23.8,52.5,15.0,0.000,0.000,0.00,0.000,5.9,12.5,2.5,314,19,6.7,12.6,2.5,325,19,6.7,12.6,2.5,325,19,0,30.11,-0.1,,,,,,,,,
BRON,2019-11-08 21:50:00 EST,40.87248,-73.89352,189,30.2,30.4,22.2,53.2,15.2,0.000,0.000,0.00,0.000,8.0,12.7,1.9,319,18,8.7,17.3,2.3,330,18,8.7,17.3,2.3,330,18,0,30.11,-0.1,,,,,,,,,
BRON,2019-11-08 21:55:00 EST,40.87248,-73.89352,189,30.1,30.3,21.6,53.3,15.1,0.000,0.000,0.00,0.000,8.9,13.4,2.0,315,15,9.5,13.8,1.9,324,14,9.5,13.8,1.9,324,14,0,30.12,-0.1,,,,,,,,,
BRON,2019-11-08 22:00:00 EST,40.87248,-73.89352,189,30.1,30.3,22.1,53.7,15.3,0.000,0.000,0.00,0.000,7.7,13.2,2.3,319,20,8.6,13.8,2.5,329,19,8.6,13.8,2.5,329,19,0,30.12,-0.1,,,,,,,,,
BRON,2019-11-08 22:05:00 EST,40.87248,-73.89352,189,29.9,30.1,21.2,53.5,15.1,0.000,0.000,0.00,0.000,9.5,17.5,2.9,319,14,9.9,19.0,3.0,328,14,9.9,19.0,3.0,328,14,0,30.12,-0.0,,,,,,,,,
BRON,2019-11-08 22:10:00 EST,40.87248,-73.89352,189,29.9,30.0,22.0,53.3,14.9,0.000,0.000,0.00,0.000,7.6,13.3,2.4,326,19,8.3,17.0,2.5,335,16,8.3,17.0,2.5,335,16,0,30.12,-0.1,,,,,,,,,
BRON,2019-11-08 22:15:00 EST,40.87248,-73.89352,189,29.7,29.9,21.3,53.3,14.8,0.000,0.000,0.00,0.000,8.6,15.4,2.7,321,22,9.2,16.6,2.7,330,17,9.2,16.6,2.7,330,17,0,30.12,0.1,,,,,,,,,
BRON,2019-11-08 22:20:00 EST,40.87248,-73.89352,189,29.7,29.9,21.8,53.3,14.8,0.000,0.000,0.00,0.000,7.5,14.2,2.7,312,20,8.3,14.4,2.5,321,20,8.3,14.4,2.5,321,20,0,30.12,-0.1,,,,,,,,,
BRON,2019-11-08 22:25:00 EST,40.87248,-73.89352,189,29.7,29.9,22.9,54.1,15.2,0.000,0.000,0.00,0.000,6.2,10.4,2.0,319,17,6.8,10.8,2.1,327,18,6.8,10.8,2.1,327,18,0,30.13,0.0,,,,,,,,,
BRON,2019-11-08 22:30:00 EST,40.87248,-73.89352,189,29.7,30.0,23.4,54.7,15.4,0.000,0.000,0.00,0.000,5.6,11.4,2.6,320,19,6.2,11.9,2.6,332,18,6.2,11.9,2.6,332,18,0,30.13,-0.1,,,,,,,,,
BRON,2019-11-08 22:35:00 EST,40.87248,-73.89352,189,29.6,29.7,21.5,54.2,15.1,0.000,0.000,0.00,0.000,8.1,13.2,2.3,316,15,8.6,13.1,2.3,326,15,8.6,13.1,2.3,326,15,0,30.13,-0.1,,,,,,,,,
BRON,2019-11-08 22:40:00 EST,40.87248,-73.89352,189,29.7,29.9,22.9,55.1,15.5,0.000,0.000,0.00,0.000,6.3,11.4,1.9,312,22,6.7,11.5,2.0,320,21,6.7,11.5,2.0,320,21,0,30.13,-0.1,,,,,,,,,
BRON,2019-11-08 22:45:00 EST,40.87248,-73.89352,189,29.4,29.6,21.2,54.1,14.9,0.000,0.000,0.00,0.000,8.1,12.9,2.0,320,14,8.9,13.3,2.0,331,14,8.9,13.3,2.0,331,14,0,30.13,-0.1,,,,,,,,,
BRON,2019-11-08 22:50:00 EST,40.87248,-73.89352,189,29.3,29.5,21.5,54.4,14.9,0.000,0.000,0.00,0.000,7.8,12.9,1.8,316,14,8.2,13.6,2.0,325,13,8.2,13.6,2.0,325,13,0,30.13,-0.1,,,,,,,,,
BRON,2019-11-08 22:55:00 EST,40.87248,-73.89352,189,29.5,29.6,22.6,55.2,15.3,0.000,0.000,0.00,0.000,6.1,10.2,1.8,308,21,6.8,11.2,1.7,316,21,6.8,11.2,1.7,316,21,0,30.13,-0.1,,,,,,,,,
BRON,2019-11-08 23:00:00 EST,40.87248,-73.89352,189,29.3,29.5,21.6,55.0,15.1,0.000,0.000,0.00,0.000,7.4,13.2,2.3,309,14,7.9,13.8,2.3,316,15,7.9,13.8,2.3,316,15,0,30.13,-0.1,,,,,,,,,
BRON,2019-11-08 23:05:00 EST,40.87248,-73.89352,189,29.4,29.5,22.1,55.4,15.4,0.000,0.000,0.00,0.000,6.8,11.5,1.9,304,16,7.4,11.2,1.9,311,14,7.4,11.2,1.9,311,14,0,30.13,-0.0,,,,,,,,,
BRON,2019-11-08 23:10:00 EST,40.87248,-73.89352,189,29.3,29.5,22.0,55.6,15.4,0.000,0.000,0.00,0.000,6.7,11.3,2.1,321,25,7.3,14.2,2.3,328,22,7.3,14.2,2.3,328,22,0,30.13,-0.0,,,,,,,,,
BRON,2019-11-08 23:15:00 EST,40.87248,-73.89352,189,29.3,29.5,22.7,56.4,15.7,0.000,0.000,0.00,0.000,5.8,10.4,1.8,316,18,6.3,12.0,1.9,326,19,6.3,12.0,1.9,326,19,0,30.13,-0.1,,,,,,,,,
BRON,2019-11-08 23:20:00 EST,40.87248,-73.89352,189,29.0,29.2,20.3,54.8,14.8,0.000,0.000,0.00,0.000,9.0,14.7,2.8,321,15,9.5,15.0,2.8,330,14,9.5,15.0,2.8,330,14,0,30.13,-0.1,,,,,,,,,
BRON,2019-11-08 23:25:00 EST,40.87248,-73.89352,189,29.0,29.3,21.8,55.8,15.2,0.000,0.000,0.00,0.000,6.5,12.7,2.7,314,15,7.2,13.3,2.5,323,19,7.2,13.3,2.5,323,19,0,30.13,-0.1,,,,,,,,,
BRON,2019-11-08 23:30:00 EST,40.87248,-73.89352,189,29.0,29.2,21.1,55.5,15.1,0.000,0.000,0.00,0.000,7.6,14.6,3.3,320,15,8.1,16.2,3.4,329,14,8.1,16.2,3.4,329,14,0,30.13,-0.1,,,,,,,,,
BRON,2019-11-08 23:35:00 EST,40.87248,-73.89352,189,28.9,29.1,21.9,55.3,14.9,0.000,0.000,0.00,0.000,5.8,11.4,2.3,319,19,6.7,12.1,2.2,329,18,6.7,12.1,2.2,329,18,0,30.14,-0.1,,,,,,,,,
BRON,2019-11-08 23:40:00 EST,40.87248,-73.89352,189,28.9,29.1,21.8,56.0,15.2,0.000,0.000,0.00,0.000,6.5,12.4,2.3,314,15,6.9,12.2,2.4,323,16,6.9,12.2,2.4,323,16,0,30.14,-0.1,,,,,,,,,
BRON,2019-11-08 23:45:00 EST,40.87248,-73.89352,189,28.8,29.1,22.6,56.0,15.1,0.000,0.000,0.00,0.000,5.3,9.5,1.9,329,25,5.9,11.1,2.3,338,22,5.9,11.1,2.3,338,22,0,30.14,-0.1,,,,,,,,,
BRON,2019-11-08 23:50:00 EST,40.87248,-73.89352,189,28.8,28.9,21.5,55.8,15.0,0.000,0.000,0.00,0.000,6.6,11.9,2.3,313,15,7.2,12.6,2.4,323,14,7.2,12.6,2.4,323,14,0,30.14,0.0,,,,,,,,,
BRON,2019-11-08 23:55:00 EST,40.87248,-73.89352,189,28.6,28.8,20.0,55.9,14.9,0.000,0.000,0.00,0.000,8.6,13.1,2.2,320,14,9.2,13.5,2.2,328,14,9.2,13.5,2.2,328,14,0,30.14,-0.1,,,,,,,,,
BROO,2019-11-08 00:00:00 EST,42.79591,-75.29929,1657,23.1,22.9,23.1,90.9,20.9,0.000,0.133,0.00,0.000,1.5,2.8,0.8,260,9,1.8,3.1,0.8,264,13,1.8,3.1,0.8,264,13,0,28.28,-0.1,0,0,0,44.1,47.5,49.5,0.53,0.47,0.34
BROO,2019-11-08 00:05:00 EST,42.79591,-75.29929,1657,23.2,22.9,23.2,91.3,21.0,0.000,0.000,0.00,0.000,2.4,3.8,0.5,244,11,2.6,4.3,0.6,247,13,2.6,4.3,0.6,247,13,0,28.28,-0.1,0,0,0,44.1,47.6,49.5,0.53,0.47,0.34
BROO,2019-11-08 00:10:00 EST,42.79591,-75.29929,1657,23.2,22.9,23.2,91.1,21.0,0.000,0.000,0.00,0.000,1.9,2.8,0.4,256,8,2.2,3.2,0.4,259,11,2.2,3.2,0.4,259,11,0,28.28,-0.1,0,0,0,44.1,47.5,49.5,0.54,0.47,0.34
BROO,2019-11-08 00:15:00 EST,42.79591,-75.29929,1657,23.1,22.9,23.1,91.0,20.9,0.000,0.000,0.00,0.000,2.1,3.2,0.3,278,14,2.3,3.7,0.4,283,17,2.3,3.7,0.4,283,17,0,28.28,-0.1,0,0,0,44.1,47.6,49.5,0.53,0.47,0.34
BROO,2019-11-08 00:20:00 EST,42.79591,-75.29929,1657,23.1,22.9,23.1,91.2,20.9,0.000,0.000,0.00,0.000,1.6,2.8,0.4,239,16,1.7,3.3,0.5,241,18,1.7,3.3,0.5,241,18,0,28.27,-0.1,0,0,0,44.1,47.5,49.5,0.53,0.47,0.34
BROO,2019-11-08 00:25:00 EST,42.79591,-75.29929,1657,22.9,22.8,22.9,91.0,20.7,0.000,0.000,0.00,0.000,0.8,1.8,0.5,238,11,1.2,2.0,0.4,238,21,1.2,2.0,0.4,238,21,0,28.27,-0.2,0,0,0,44.1,47.5,49.5,0.53,0.47,0.34
BROO,2019-11-08 00:30:00 EST,42.79591,-75.29929,1657,22.8,22.7,22.8,90.6,20.5,0.000,0.000,0.00,0.000,0.4,1.0,0.4,247,8,0.6,1.5,0.5,263,11,0.6,1.5,0.5,263,11,0,28.27,-0.2,0,0,0,44.1,47.6,49.5,0.53,0.47,0.34
BROO,2019-11-08 00:35:00 EST,42.79591,-75.29929,1657,22.4,22.6,22.4,90.9,20.2,0.000,0.000,0.00,0.000,0.7,1.7,0.6,259,4,1.3,2.1,0.3,262,16,1.3,2.1,0.3,262,16,0,28.27,-0.3,0,0,0,44.1,47.5,49.5,0.53,0.47,0.34
BROO,2019-11-08 00:40:00 EST,42.79591,-75.29929,1657,22.1,22.5,22.1,92.6,20.3,0.000,0.000,0.00,0.000,1.4,2.0,0.3,270,2,1.7,2.3,0.3,283,11,1.7,2.3,0.3,283,11,0,28.27,-0.3,0,0,0,44.1,47.5,49.5,0.53,0.47,0.34
BROO,2019-11-08 00:45:00 EST,42.79591,-75.29929,1657,22.0,22.4,22.0,92.9,20.2,0.000,0.000,0.00,0.000,1.3,1.8,0.2,289,11,1.4,2.0,0.2,302,13,1.4,2.0,0.2,302,13,0,28.27,-0.2,0,0,0,44.1,47.5,49.5,0.53,0.47,0.34
BROO,2019-11-08 00:50:00 EST,42.79591,-75.29929,1657,22.1,22.4,22.1,93.0,20.4,0.000,0.000,0.00,0.000,1.4,1.8,0.2,310,9,1.4,2.0,0.2,316,10,1.4,2.0,0.2,316,10,0,28.26,-0.2,0,0,0,44.1,47.5,49.5,0.53,0.47,0.34
BROO,2019-11-08 00:55:00 EST,42.79591,-75.29929,1657,22.1,22.4,22.1,92.8,20.3,0.000,0.000,0.00,0.000,0.6,1.6,0.4,298,0,0.9,1.8,0.5,292,8,0.9,1.8,0.5,292,8,0,28.26,-0.2,0,0,0,44.1,47.5,49.5,0.53,0.47,0.34
BROO,2019-11-08 01:00:00 EST,42.79591,-75.29929,1657,21.6,22.1,21.6,92.3,19.7,0.000,0.000,0.00,0.000,1.8,3.1,1.2,290,6,2.0,2.9,0.9,295,14,2.0,2.9,0.9,295,14,0,28.26,-0.3,0,0,0,44.1,47.5,49.5,0.53,0.47,0.34
BROO,2019-11-08 01:05:00 EST,42.79591,-75.29929,1657,21.4,21.7,21.4,93.5,19.8,0.000,0.000,0.00,0.000,1.9,2.4,0.2,298,7,1.9,2.4,0.3,307,7,1.9,2.4,0.3,307,7,0,28.26,-0.2,0,0,0,44.0,47.5,49.5,0.53,0.47,0.34
BROO,2019-11-08 01:10:00 EST,42.79591,-75.29929,1657,21.9,22.1,21.9,94.1,20.5,0.000,0.000,0.00,0.000,2.3,3.1,0.5,308,5,2.2,3.1,0.5,316,4,2.2,3.1,0.5,316,4,0,28.26,-0.2,0,0,0,44.0,47.5,49.5,0.53,0.47,0.34
BROO,2019-11-08 01:15:00 EST,42.79591,-75.29929,1657,22.2,22.4,22.2,93.3,20.5,0.000,0.000,0.00,0.000,2.7,3.9,0.6,312,10,2.5,3.9,0.6,319,8,2.5,3.9,0.6,319,8,0,28.26,-0.2,0,0,0,43.9,47.5,49.5,0.53,0.47,0.34
BROO,2019-11-08 01:20:00 EST,42.79591,-75.29929,1657,22.6,22.5,22.6,92.1,20.6,0.000,0.000,0.00,0.000,2.6,3.6,0.6,311,8,2.3,3.5,0.5,318,6,2.3,3.5,0.5,318,6,0,28.26,-0.2,0,0,0,44.0,47.5,49.5,0.53,0.47,0.34
BROO,2019-11-08 01:25:00 EST,42.79591,-75.29929,1657,22.7,22.6,22.7,91.5,20.6,0.000,0.000,0.00,0.000,2.3,3.2,0.4,308,9,2.3,3.5,0.5,316,9,2.3,3.5,0.5,316,9,0,28.26,-0.2,0,0,0,43.9,47.5,49.5,0.53,0.47,0.34
BROO,2019-11-08 01:30:00 EST,42.79591,-75.29929,1657,22.7,22.6,22.7,91.4,20.6,0.000,0.000,0.00,0.000,2.3,3.4,0.4,302,7,2.2,3.1,0.4,311,7,2.2,3.1,0.4,311,7,0,28.26,-0.2,0,0,0,43.9,47.5,49.5,0.53,0.47,0.34
BROO,2019-11-08 01:35:00 EST,42.79591,-75.29929,1657,22.7,22.5,22.7,92.0,20.7,0.000,0.000,0.00,0.000,2.4,3.2,0.4,298,9,2.3,3.0,0.4,307,8,2.3,3.0,0.4,307,8,0,28.26,-0.2,0,0,0,43.9,47.5,49.5,0.53,0.47,0.34
BROO,2019-11-08 01:40:00 EST,42.79591,-75.29929,1657,22.8,22.6,22.8,92.1,20.8,0.000,0.000,0.00,0.000,2.4,3.5,0.5,292,8,2.4,3.6,0.5,302,10,2.4,3.6,0.5,302,10,0,28.27,-0.2,0,0,0,43.9,47.5,49.5,0.52,0.47,0.34
BROO,2019-11-08 01:45:00 EST,42.79591,-75.29929,1657,22.8,22.6,22.8,92.1,20.9,0.000,0.000,0.00,0.000,2.1,3.3,0.4,291,15,2.2,3.3,0.4,297,17,2.2,3.3,0.4,297,17,0,28.27,-0.2,0,0,0,43.9,47.5,49.5,0.52,0.47,0.34
BROO,2019-11-08 01:50:00 EST,42.79591,-75.29929,1657,22.9,22.7,22.9,91.8,20.9,0.000,0.000,0.00,0.000,2.3,3.7,1.0,284,14,2.4,4.6,1.0,290,16,2.4,4.6,1.0,290,16,0,28.27,-0.2,0,0,0,43.9,47.5,49.5,0.52,0.47,0.34
BROO,2019-11-08 01:55:00 EST,42.79591,-75.29929,1657,23.0,22.8,23.0,92.7,21.2,0.000,0.000,0.00,0.000,1.0,2.3,0.5,281,27,1.4,3.2,0.5,291,32,1.4,3.2,0.5,291,32,0,28.26,-0.2,0,0,0,43.9,47.5,49.5,0.52,0.47,0.34
BROO,2019-11-08 02:00:00 EST,42.79591,-75.29929,1657,22.9,22.7,22.9,91.6,20.8,0.000,0.000,0.00,0.000,2.1,3.4,0.4,309,17,2.1,3.3,0.5,316,17,2.1,3.3,0.5,316,17,0,28.26,-0.2,0,0,0,43.9,47.5,49.5,0.52,0.47,0.34
BROO,2019-11-08 02:05:00 EST,42.79591,-75.29929,1657,22.9,22.7,22.9,92.0,21.0,0.000,0.000,0.00,0.000,1.6,2.3,0.3,304,12,1.6,2.7,0.4,310,11,1.6,2.7,0.4,310,11,0,28.26,-0.2,0,0,0,43.9,47.5,49.5,0.52,0.47,0.34
BROO,2019-11-08 02:10:00 EST,42.79591,-75.29929,1657,22.9,22.7,22.9,92.0,20.9,0.000,0.000,0.00,0.000,1.9,3.7,0.8,308,17,1.8,3.3,0.7,313,18,1.8,3.3,0.7,313,18,0,28.26,-0.2,0,0,0,43.9,47.5,49.5,0.52,0.47,0.34
BROO,2019-11-08 02:15:00 EST,42.79591,-75.29929,1657,22.8,22.6,22.8,91.6,20.7,0.000,0.000,0.00,0.000,2.0,3.3,0.6,294,19,2.1,3.5,0.7,298,20,2.1,3.5,0.7,298,20,0,28.26,-0.3,0,0,0,43.9,47.5,49.5,0.52,0.47,0.34
BROO,2019-11-08 02:20:00 EST,42.79591,-75.29929,1657,22.5,22.5,22.5,91.7,20.5,0.000,0.000,0.00,0.000,1.8,2.9,0.5,280,12,2.0,3.4,0.6,284,14,2.0,3.4,0.6,284,14,0,28.26,-0.2,0,0,0,43.9,47.5,49.5,0.52,0.47,0.34
BROO,2019-11-08 02:25:00 EST,42.79591,-75.29929,1657,22.4,22.4,22.4,91.8,20.3,0.000,0.000,0.00,0.000,2.7,3.9,0.6,295,9,2.7,4.4,0.7,305,10,2.7,4.4,0.7,305,10,0,28.26,-0.2,0,0,0,43.9,47.5,49.5,0.52,0.47,0.34
BROO,2019-11-08 02:30:00 EST,42.79591,-75.29929,1657,22.0,22.3,22.0,92.0,20.1,0.000,0.000,0.00,0.000,2.7,3.7,0.4,300,10,2.6,3.9,0.5,310,9,2.6,3.9,0.5,310,9,0,28.26,-0.3,0,0,0,43.9,47.5,49.5,0.52,0.47,0.34
BROO,2019-11-08 02:35:00 EST,42.79591,-75.29929,1657,22.0,22.1,22.0,92.3,20.1,0.000,0.000,0.00,0.000,2.1,2.9,0.4,307,11,2.1,3.3,0.5,316,11,2.1,3.3,0.5,316,11,0,28.26,-0.3,0,0,0,43.9,47.5,49.5,0.52,0.47,0.34
BROO,2019-11-08 02:40:00 EST,42.79591,-75.29929,1657,21.9,22.1,21.9,92.0,20.0,0.000,0.000,0.00,0.000,2.5,3.2,0.4,332,10,2.8,4.7,0.7,341,13,2.8,4.7,0.7,341,13,0,28.26,-0.2,0,0,0,43.9,47.5,49.5,0.52,0.47,0.34
BROO,2019-11-08 02:45:00 EST,42.79591,-75.29929,1657,21.9,22.0,17.5,91.9,19.9,0.000,0.000,0.00,0.000,2.5,3.5,0.4,344,7,3.2,4.1,0.5,354,9,3.2,4.1,0.5,354,9,0,28.26,-0.3,0,0,0,43.9,47.5,49.5,0.52,0.47,0.34
BROO,2019-11-08 02:50:00 EST,42.79591,-75.29929,1657,21.8,21.9,21.8,92.4,19.9,0.000,0.000,0.00,0.000,2.3,3.4,0.4,344,6,2.9,4.1,0.6,351,8,2.9,4.1,0.6,351,8,0,28.26,-0.2,0,0,0,43.9,47.5,49.5,0.52,0.47,0.34
BROO,2019-11-08 02:55:00 EST,42.79591,-75.29929,1657,21.7,21.8,21.7,92.9,20.0,0.000,0.000,0.00,0.000,1.5,2.2,0.3,343,8,1.9,3.4,0.4,348,12,1.9,3.4,0.4,348,12,0,28.26,-0.2,0,0,0,43.9,47.5,49.5,0.52,0.47,0.34
BROO,2019-11-08 03:00:00 EST,42.79591,-75.29929,1657,21.6,21.6,21.6,93.4,20.0,0.000,0.000,0.00,0.000,1.3,1.6,0.1,350,2,1.7,2.3,0.2,355,8,1.7,2.3,0.2,355,8,0,28.26,-0.2,0,0,0,43.9,47.5,49.5,0.52,0.47,0.34
BROO,2019-11-08 03:05:00 EST,42.79591,-75.29929,1657,21.6,21.6,21.6,93.9,20.1,0.000,0.000,0.00,0.000,0.5,1.5,0.5,351,8,0.7,1.7,0.6,348,19,0.7,1.7,0.6,348,19,0,28.26,-0.2,0,0,0,43.9,47.5,49.5,0.52,0.47,0.34
BROO,2019-11-08 03:10:00 EST,42.79591,-75.29929,1657,21.4,21.5,21.4,94.1,20.0,0.000,0.000,0.00,0.000,0.6,1.3,0.3,325,4,1.0,1.5,0.2,302,14,1.0,1.5,0.2,302,14,0,28.26,-0.2,0,0,0,43.9,47.5,49.5,0.52,0.47,0.34
BROO,2019-11-08 03:15:00 EST,42.79591,-75.29929,1657,21.3,21.5,21.3,94.4,20.0,0.000,0.000,0.00,0.000,0.5,1.0,0.2,321,2,1.2,1.4,0.1,292,11,1.2,1.4,0.1,292,11,0,28.26,-0.1,0,0,0,43.9,47.5,49.5,0.52,0.47,0.34
BROO,2019-11-08 03:20:00 EST,42.79591,-75.29929,1657,21.6,21.6,21.6,95.2,20.5,0.000,0.000,0.00,0.000,1.6,2.8,0.5,330,10,1.8,3.0,0.6,337,14,1.8,3.0,0.6,337,14,0,28.26,-0.1,0,0,0,43.9,47.5,49.5,0.52,0.47,0.34
BROO,2019-11-08 03:25:00 EST,42.79591,-75.29929,1657,21.8,21.7,21.8,94.9,20.6,0.000,0.000,0.00,0.000,1.0,2.4,0.7,335,14,1.2,3.0,0.8,336,15,1.2,3.0,0.8,336,15,0,28.26,-0.2,0,0,0,43.9,47.5,49.5,0.52,0.47,0.34
BROO,2019-11-08 03:30:00 EST,42.79591,-75.29929,1657,21.9,21.7,21.9,94.8,20.6,0.000,0.000,0.00,0.000,1.5,2.8,0.5,331,20,1.8,3.5,0.7,335,20,1.8,3.5,0.7,335,20,0,28.26,-0.2,0,0,0,43.9,47.5,49.5,0.52,0.47,0.34
BROO,2019-11-08 03:35:00 EST,42.79591,-75.29929,1657,21.9,21.7,21.9,94.5,20.6,0.000,0.000,0.00,0.000,1.6,2.9,0.8,336,17,1.9,3.7,0.8,344,21,1.9,3.7,0.8,344,21,0,28.26,-0.2,0,0,0,43.9,47.5,49.5,0.52,0.47,0.34
BROO,2019-11-08 03:40:00 EST,42.79591,-75.29929,1657,21.9,21.8,21.9,94.2,20.5,0.000,0.000,0.00,0.000,1.9,3.4,0.8,328,22,2.3,4.0,0.7,335,25,2.3,4.0,0.7,335,25,0,28.26,-0.2,0,0,0,43.9,47.5,49.5,0.52,0.47,0.34
BROO,2019-11-08 03:45:00 EST,42.79591,-75.29929,1657,21.9,21.7,21.9,93.7,20.3,0.000,0.000,0.00,0.000,1.5,2.5,0.4,323,28,2.0,4.1,0.7,332,30,2.0,4.1,0.7,332,30,0,28.25,-0.2,0,0,0,43.9,47.5,49.5,0.52,0.47,0.34
BROO,2019-11-08 03:50:00 EST,42.79591,-75.29929,1657,21.7,21.6,21.7,93.1,20.0,0.000,0.000,0.00,0.000,1.9,3.4,0.6,343,22,2.3,3.9,0.7,354,23,2.3,3.9,0.7,354,23,0,28.25,-0.2,0,0,0,43.9,47.5,49.5,0.52,0.47,0.34
BROO,2019-11-08 03:55:00 EST,42.79591,-75.29929,1657,21.4,21.4,21.4,92.7,19.6,0.000,0.000,0.00,0.000,1.8,3.8,0.8,340,26,1.9,3.5,0.7,347,26,1.9,3.5,0.7,347,26,0,28.25,-0.2,0,0,0,43.9,47.5,49.5,0.52,0.47,0.34
BROO,2019-11-08 04:00:00 EST,42.79591,-75.29929,1657,21.2,21.3,21.2,93.3,19.5,0.000,0.000,0.00,0.000,2.8,4.0,0.5,301,7,2.7,4.1,0.6,309,7,2.7,4.1,0.6,309,7,0,28.25,-0.1,0,0,0,43.9,47.5,49.4,0.52,0.47,0.34
BROO,2019-11-08 04:05:00 EST,42.79591,-75.29929,1657,21.5,21.4,21.5,94.6,20.2,0.000,0.000,0.00,0.000,2.7,4.1,0.5,313,12,2.7,4.2,0.6,320,13,2.7,4.2,0.6,320,13,0,28.26,-0.1,0,0,0,43.9,47.5,49.4,0.52,0.47,0.34
BROO,2019-11-08 04:10:00 EST,42.79591,-75.29929,1657,21.7,21.4,14.4,93.5,20.1,0.000,0.000,0.00,0.000,4.9,8.4,1.2,339,19,5.5,10.1,1.4,346,18,5.5,10.1,1.4,346,18,0,28.26,-0.1,0,0,0,43.8,47.5,49.5,0.52,0.47,0.34
BROO,2019-11-08 04:15:00 EST,42.79591,-75.29929,1657,21.6,21.3,13.7,91.9,19.6,0.000,0.000,0.00,0.000,5.4,8.4,1.5,339,18,6.1,10.7,2.0,346,18,6.1,10.7,2.0,346,18,0,28.26,-0.1,0,0,0,43.9,47.5,49.4,0.52,0.47,0.34
BROO,2019-11-08 04:20:00 EST,42.79591,-75.29929,1657,21.4,21.1,14.0,91.4,19.3,0.000,0.000,0.00,0.000,4.7,8.4,1.6,338,23,5.6,10.2,2.0,346,22,5.6,10.2,2.0,346,22,0,28.26,-0.3,0,0,0,43.9,47.5,49.5,0.52,0.47,0.34
BROO,2019-11-08 04:25:00 EST,42.79591,-75.29929,1657,21.3,21.0,14.1,92.3,19.4,0.000,0.000,0.00,0.000,4.8,8.1,1.6,336,17,5.4,10.0,1.8,344,17,5.4,10.0,1.8,344,17,0,28.27,-0.1,0,0,0,43.9,47.5,49.5,0.52,0.47,0.34
BROO,2019-11-08 04:30:00 EST,42.79591,-75.29929,1657,21.1,20.8,13.0,91.8,19.1,0.004,0.004,0.00,0.004,5.6,11.3,1.9,329,18,6.2,12.4,2.2,337,18,6.2,12.4,2.2,337,18,0,28.27,-0.1,0,0,0,43.8,47.5,49.4,0.52,0.47,0.34
BROO,2019-11-08 04:35:00 EST,42.79591,-75.29929,1657,20.5,20.2,13.1,89.2,17.8,0.001,0.005,0.00,0.005,5.0,11.6,1.9,323,21,5.4,10.4,2.0,331,20,5.4,10.4,2.0,331,20,0,28.27,-0.2,0,0,0,43.7,47.5,49.4,0.52,0.47,0.34
BROO,2019-11-08 04:40:00 EST,42.79591,-75.29929,1657,20.2,19.9,12.1,90.0,17.7,0.001,0.006,0.00,0.006,5.2,8.7,1.6,337,18,6.0,11.0,2.1,346,17,6.0,11.0,2.1,346,17,0,28.27,0.2,0,0,0,43.7,47.5,49.5,0.52,0.47,0.34
BROO,2019-11-08 04:45:00 EST,42.79591,-75.29929,1657,19.9,19.7,13.1,91.2,17.7,0.000,0.006,0.00,0.006,4.4,6.4,1.0,330,14,4.8,7.5,1.2,339,15,4.8,7.5,1.2,339,15,0,28.27,0.5,0,0,0,43.7,47.5,49.5,0.52,0.47,0.34
BROO,2019-11-08 04:50:00 EST,42.79591,-75.29929,1657,19.7,19.6,13.8,90.9,17.5,0.000,0.006,0.00,0.006,3.7,6.8,1.3,327,19,4.0,7.0,1.5,335,19,4.0,7.0,1.5,335,19,0,28.27,,0,0,0,43.7,47.5,49.5,0.52,0.47,0.34
BROO,2019-11-08 04:55:00 EST,42.79591,-75.29929,1657,19.6,19.5,14.8,91.1,17.4,0.000,0.006,0.00,0.006,2.8,6.1,1.4,323,20,3.3,6.4,1.5,330,18,3.3,6.4,1.5,330,18,0,28.27,,0,0,0,43.7,47.5,49.4,0.52,0.47,0.34
BROO,2019-11-08 05:00:00 EST,42.79591,-75.29929,1657,19.5,19.4,19.5,91.4,17.4,0.000,0.006,0.00,0.006,2.6,5.4,0.9,319,29,2.9,6.5,1.0,325,27,2.9,6.5,1.0,325,27,0,28.27,0.7,0,0,0,43.7,47.5,49.4,0.52,0.47,0.34
BROO,2019-11-08 05:05:00 EST,42.79591,-75.29929,1657,19.3,19.3,13.6,91.4,17.2,0.000,0.006,0.00,0.006,3.5,6.7,1.4,318,26,3.8,7.6,1.7,325,25,3.8,7.6,1.7,325,25,0,28.27,0.3,0,0,0,43.7,47.5,49.4,0.52,0.47,0.34
BROO,2019-11-08 05:10:00 EST,42.79591,-75.29929,1657,19.3,19.3,19.3,91.3,17.2,0.000,0.006,0.00,0.006,2.9,5.6,1.0,310,15,2.9,6.1,1.0,319,19,2.9,6.1,1.0,319,19,0,28.27,0.1,0,0,0,43.7,47.5,49.4,0.52,0.47,0.34
BROO,2019-11-08 05:15:00 EST,42.79591,-75.29929,1657,19.1,19.1,13.9,91.0,17.0,0.000,0.006,0.00,0.006,3.3,7.0,1.2,308,23,3.6,6.6,1.3,316,23,3.6,6.6,1.3,316,23,0,28.27,0.1,0,0,0,43.7,47.5,49.3,0.52,0.47,0.34
BROO,2019-11-08 05:20:00 EST,42.79591,-75.29929,1657,19.0,19.0,13.4,90.4,16.7,0.000,0.006,0.00,0.006,3.7,6.3,0.9,302,19,3.7,6.5,1.0,309,19,3.7,6.5,1.0,309,19,0,28.27,0.3,0,0,0,43.7,47.5,49.4,0.51,0.47,0.34
BROO,2019-11-08 05:25:00 EST,42.79591,-75.29929,1657,18.9,18.9,18.9,90.4,16.5,0.000,0.006,0.00,0.006,2.8,5.9,0.9,298,17,3.0,6.4,1.0,304,18,3.0,6.4,1.0,304,18,0,28.27,0.3,0,0,0,43.7,47.5,49.4,0.51,0.47,0.34
BROO,2019-11-08 05:30:00 EST,42.79591,-75.29929,1657,18.8,18.8,18.8,90.3,16.4,0.000,0.006,0.00,0.002,2.3,6.0,1.3,301,19,2.6,6.8,1.5,309,22,2.6,6.8,1.5,309,22,0,28.27,0.1,0,0,0,43.7,47.5,49.3,0.51,0.47,0.34
BROO,2019-11-08 05:35:00 EST,42.79591,-75.29929,1657,18.6,18.8,11.9,89.6,16.1,0.000,0.006,0.00,0.001,4.1,7.2,1.4,299,24,4.6,7.9,1.5,307,25,4.6,7.9,1.5,307,25,0,28.28,0.3,0,0,0,43.7,47.5,49.3,0.51,0.47,0.34
BROO,2019-11-08 05:40:00 EST,42.79591,-75.29929,1657,18.7,18.8,18.7,90.0,16.2,0.000,0.006,0.00,0.000,2.7,6.4,1.3,305,30,3.0,7.7,1.4,311,29,3.0,7.7,1.4,311,29,0,28.28,0.2,0,0,0,43.7,47.5,49.3,0.52,0.47,0.34
BROO,2019-11-08 05:45:00 EST,42.79591,-75.29929,1657,18.4,18.6,18.4,89.7,15.9,0.000,0.006,0.00,0.000,2.3,5.7,1.0,292,24,2.7,6.6,1.2,299,25,2.7,6.6,1.2,299,25,0,28.28,0.1,0,0,0,43.7,47.5,49.3,0.52,0.47,0.34
BROO,2019-11-08 05:50:00 EST,42.79591,-75.29929,1657,18.4,18.7,13.2,90.0,16.0,0.000,0.006,0.00,0.000,3.3,5.6,1.0,309,19,3.4,6.0,1.1,315,19,3.4,6.0,1.1,315,19,0,28.28,0.2,0,0,0,43.7,47.5,49.3,0.52,0.47,0.34
BROO,2019-11-08 05:55:00 EST,42.79591,-75.29929,1657,18.7,18.8,12.6,90.2,16.3,0.000,0.006,0.00,0.000,3.9,10.7,2.0,300,20,4.1,10.1,1.9,307,20,4.1,10.1,1.9,307,20,0,28.28,0.1,0,0,0,43.7,47.5,49.3,0.52,0.47,0.34
BROO,2019-11-08 06:00:00 EST,42.79591,-75.29929,1657,18.7,18.8,11.7,89.6,16.1,0.000,0.006,0.00,0.000,4.2,7.2,1.1,305,22,4.8,8.6,1.4,311,23,4.8,8.6,1.4,311,23,0,28.28,0.1,0,0,0,43.7,47.5,49.3,0.52,0.47,0.34
BROO,2019-11-08 06:05:00 EST,42.79591,-75.29929,1657,18.6,18.7,13.4,88.8,15.8,0.000,0.006,0.00,0.000,3.3,8.8,1.5,304,24,3.5,9.0,1.5,311,24,3.5,9.0,1.5,311,24,0,28.28,0.1,0,0,0,43.7,47.4,49.3,0.52,0.47,0.34
BROO,2019-11-08 06:10:00 EST,42.79591,-75.29929,1657,18.7,18.7,13.0,89.1,16.0,0.000,0.006,0.00,0.000,3.6,6.1,1.0,298,22,3.8,7.0,1.3,302,22,3.8,7.0,1.3,302,22,0,28.29,0.0,0,0,0,43.7,47.4,49.3,0.52,0.47,0.34
BROO,2019-11-08 06:15:00 EST,42.79591,-75.29929,1657,18.8,18.8,12.0,89.4,16.2,0.000,0.006,0.00,0.000,4.3,6.6,1.2,294,19,4.6,7.2,1.4,300,19,4.6,7.2,1.4,300,19,0,28.29,0.2,0,0,0,43.7,47.4,49.3,0.52,0.47,0.34
BROO,2019-11-08 06:20:00 EST,42.79591,-75.29929,1657,18.9,18.9,12.2,89.3,16.3,0.000,0.006,0.00,0.000,4.4,7.7,1.2,302,24,4.6,7.7,1.4,307,25,4.6,7.7,1.4,307,25,0,28.29,-0.0,0,0,0,43.7,47.3,49.3,0.52,0.47,0.34
BROO,2019-11-08 06:25:00 EST,42.79591,-75.29929,1657,19.1,18.9,11.2,88.7,16.3,0.000,0.006,0.00,0.000,5.1,9.8,1.9,295,20,5.6,11.9,2.1,303,21,5.6,11.9,2.1,303,21,0,28.29,-0.1,0,0,0,43.6,47.3,49.3,0.52,0.47,0.34
BROO,2019-11-08 06:30:00 EST,42.79591,-75.29929,1657,19.1,18.9,11.4,86.7,15.8,0.000,0.006,0.00,0.000,5.2,9.4,1.8,311,23,5.4,11.4,2.0,319,24,5.4,11.4,2.0,319,24,0,28.30,-0.2,0,0,0,43.6,47.3,49.3,0.52,0.47,0.34
BROO,2019-11-08 06:35:00 EST,42.79591,-75.29929,1657,19.0,18.8,13.3,87.2,15.8,0.000,0.006,0.00,0.000,3.7,9.1,1.5,309,24,3.9,10.8,1.7,317,24,3.9,10.8,1.7,317,24,1,28.30,-0.2,0,0,0,43.6,47.3,49.3,0.51,0.47,0.34
BROO,2019-11-08 06:40:00 EST,42.79591,-75.29929,1657,18.9,18.7,11.0,87.6,15.8,0.000,0.006,0.00,0.000,5.6,11.6,2.1,303,14,5.6,11.0,2.0,310,14,5.6,11.0,2.0,310,14,2,28.30,-0.2,0,0,0,43.6,47.3,49.3,0.51,0.47,0.34
BROO,2019-11-08 06:45:00 EST,42.79591,-75.29929,1657,18.9,18.7,12.4,88.0,16.0,0.000,0.006,0.00,0.000,4.1,6.9,1.1,295,19,4.4,7.6,1.2,299,18,4.4,7.6,1.2,299,18,3,28.31,-0.0,0,0,0,43.6,47.3,49.3,0.51,0.47,0.34
BROO,2019-11-08 06:50:00 EST,42.79591,-75.29929,1657,18.9,18.7,12.5,88.6,16.1,0.000,0.006,0.00,0.000,3.9,9.1,1.6,312,25,4.3,10.8,2.1,318,27,4.3,10.8,2.1,318,27,4,28.31,-0.1,0,0,0,43.5,47.3,49.3,0.51,0.47,0.34
BROO,2019-11-08 06:55:00 EST,42.79591,-75.29929,1657,18.9,18.7,11.0,89.1,16.2,0.000,0.006,0.00,0.000,5.2,11.0,2.0,301,24,5.6,12.0,2.1,306,25,5.6,12.0,2.1,306,25,5,28.31,-0.0,0,0,0,43.5,47.3,49.3,0.51,0.47,0.34
BROO,2019-11-08 07:00:00 EST,42.79591,-75.29929,1657,19.0,18.8,13.2,89.4,16.3,0.000,0.006,0.00,0.000,3.6,6.6,1.4,305,26,3.8,8.0,1.5,313,27,3.8,8.0,1.5,313,27,7,28.32,-0.0,0,0,0,43.5,47.3,49.3,0.51,0.47,0.34
BROO,2019-11-08 07:05:00 EST,42.79591,-75.29929,1657,19.0,18.8,12.1,89.9,16.6,0.000,0.006,0.00,0.000,4.3,7.3,1.2,317,28,4.8,8.6,1.6,325,29,4.8,8.6,1.6,325,29,6,28.32,-0.4,0,0,0,43.5,47.3,49.3,0.51,0.47,0.34
BROO,2019-11-08 07:10:00 EST,42.79591,-75.29929,1657,19.0,18.8,11.2,89.4,16.4,0.000,0.006,0.00,0.000,5.2,11.3,1.8,305,21,5.5,10.9,1.9,310,20,5.5,10.9,1.9,310,20,9,28.32,-0.1,0,0,0,43.5,47.3,49.3,0.51,0.47,0.34
BROO,2019-11-08 07:15:00 EST,42.79591,-75.29929,1657,18.9,18.7,10.3,89.4,16.3,0.004,0.010,0.00,0.004,6.2,10.6,1.9,311,20,6.4,12.2,1.9,320,20,6.4,12.2,1.9,320,20,10,28.32,-0.2,0,0,0,43.5,47.3,49.3,0.51,0.47,0.34
BROO,2019-11-08 07:20:00 EST,42.79591,-75.29929,1657,18.9,18.7,11.5,90.1,16.5,0.001,0.011,0.00,0.005,4.8,8.8,1.7,298,22,5.1,10.8,1.8,303,24,5.1,10.8,1.8,303,24,12,28.33,-0.3,0,0,0,43.5,47.3,49.3,0.51,0.47,0.34
BROO,2019-11-08 07:25:00 EST,42.79591,-75.29929,1657,18.9,18.7,10.1,89.5,16.4,0.000,0.011,0.00,0.005,6.2,15.5,2.7,321,22,6.6,16.9,2.9,327,23,6.6,16.9,2.9,327,23,15,28.33,0.6,0,0,0,43.5,47.3,49.3,0.51,0.47,0.34
BROO,2019-11-08 07:30:00 EST,42.79591,-75.29929,1657,18.9,18.7,10.4,89.1,16.3,0.000,0.011,0.00,0.005,5.6,17.2,3.2,309,28,6.3,20.4,3.6,315,30,6.3,20.4,3.6,315,30,18,28.33,0.4,0,0,0,43.5,47.3,49.3,0.51,0.47,0.34
BROO,2019-11-08 07:35:00 EST,42.79591,-75.29929,1657,18.8,18.6,10.0,88.3,15.9,0.000,0.011,0.00,0.005,6.1,17.4,2.7,305,21,6.5,16.6,2.6,312,21,6.5,16.6,2.6,312,21,21,28.33,0.4,0,0,0,43.5,47.3,49.3,0.51,0.47,0.34
BROO,2019-11-08 07:40:00 EST,42.79591,-75.29929,1657,18.7,18.5,9.2,87.8,15.7,0.000,0.011,0.00,0.005,6.9,12.6,2.4,301,19,7.3,14.2,2.4,308,19,7.3,14.2,2.4,308,19,32,28.34,-0.0,0,0,0,43.5,47.3,49.3,0.51,0.47,0.34
BROO,2019-11-08 07:45:00 EST,42.79591,-75.29929,1657,18.8,18.6,8.7,87.4,15.7,0.000,0.011,0.00,0.005,7.7,17.0,3.6,303,16,8.1,16.0,3.7,311,18,8.1,16.0,3.7,311,18,53,28.34,-0.1,0,0,0,43.5,47.3,49.3,0.51,0.47,0.34
BROO,2019-11-08 07:50:00 EST,42.79591,-75.29929,1657,18.9,18.7,8.3,87.7,15.8,0.000,0.011,0.00,0.005,8.3,15.6,2.5,306,22,8.7,16.2,2.2,312,20,8.7,16.2,2.2,312,20,30,28.34,-0.2,0,0,0,43.5,47.3,49.3,0.51,0.47,0.34
BROO,2019-11-08 07:55:00 EST,42.79591,-75.29929,1657,18.9,18.7,8.7,88.9,16.1,0.000,0.011,0.00,0.005,7.7,14.4,2.6,299,25,8.2,16.1,2.7,309,25,8.2,16.1,2.7,309,25,52,28.35,0.9,0,0,0,43.5,47.3,49.3,0.51,0.47,0.34
BROO,2019-11-08 08:00:00 EST,42.79591,-75.29929,1657,19.0,18.8,10.7,88.2,16.1,0.000,0.011,0.00,0.005,5.6,9.9,1.9,295,21,6.0,10.9,2.1,299,19,6.0,10.9,2.1,299,19,72,28.35,0.9,0,0,0,43.5,47.3,49.3,0.51,0.47,0.34
BROO,2019-11-08 08:05:00 EST,42.79591,-75.29929,1657,19.3,19.1,10.3,87.1,16.1,0.000,0.011,0.00,0.005,6.2,10.1,1.6,310,20,6.8,10.5,1.6,316,20,6.8,10.5,1.6,316,20,61,28.35,0.9,0,0,0,43.5,47.3,49.3,0.51,0.47,0.34
BROO,2019-11-08 08:10:00 EST,42.79591,-75.29929,1657,19.5,19.3,10.6,86.4,16.1,0.000,0.011,0.00,0.005,6.3,12.9,2.3,310,22,6.7,13.2,2.1,316,21,6.7,13.2,2.1,316,21,68,28.35,0.9,0,0,0,43.5,47.3,49.3,0.51,0.47,0.34
BROO,2019-11-08 08:15:00 EST,42.79591,-75.29929,1657,19.6,19.4,12.7,86.8,16.3,0.000,0.011,0.00,0.001,4.3,9.0,2.0,330,26,4.9,10.2,2.2,336,26,4.9,10.2,2.2,336,26,70,28.35,0.8,0,0,0,43.5,47.3,49.3,0.51,0.47,0.34
BROO,2019-11-08 08:20:00 EST,42.79591,-75.29929,1657,19.5,19.3,9.8,87.5,16.4,0.000,0.011,0.00,0.000,7.0,13.6,2.4,321,23,7.9,15.8,2.6,331,21,7.9,15.8,2.6,331,21,70,28.35,0.8,0,0,0,43.5,47.3,49.3,0.51,0.47,0.34
BROO,2019-11-08 08:25:00 EST,42.79591,-75.29929,1657,19.5,19.3,9.1,87.8,16.5,0.000,0.011,0.00,0.000,8.4,15.1,2.4,305,15,8.7,14.3,2.1,310,14,8.7,14.3,2.1,310,14,69,28.36,0.9,0,0,0,43.5,47.3,49.3,0.51,0.47,0.34
BROO,2019-11-08 08:30:00 EST,42.79591,-75.29929,1657,19.5,19.3,10.2,88.5,16.7,0.000,0.011,0.00,0.000,6.7,11.0,1.9,313,23,7.3,12.9,1.9,320,22,7.3,12.9,1.9,320,22,71,28.36,1.1,0,0,0,43.5,47.3,49.3,0.51,0.47,0.34
BROO,2019-11-08 08:35:00 EST,42.79591,-75.29929,1657,19.4,19.2,9.9,88.2,16.5,0.006,0.017,0.00,0.006,6.8,11.8,2.1,323,24,7.5,13.2,2.6,330,24,7.5,13.2,2.6,330,24,97,28.36,0.8,0,0,0,43.5,47.3,49.3,0.51,0.47,0.34
BROO,2019-11-08 08:40:00 EST,42.79591,-75.29929,1657,19.5,19.3,11.4,87.9,16.5,0.000,0.017,0.00,0.006,5.3,10.6,1.7,315,26,6.0,11.0,1.8,323,26,6.0,11.0,1.8,323,26,136,28.36,0.8,0,0,0,43.4,47.3,49.3,0.51,0.47,0.34
BROO,2019-11-08 08:45:00 EST,42.79591,-75.29929,1657,19.8,19.6,10.6,84.7,15.9,0.000,0.017,0.00,0.006,6.5,12.9,2.6,329,24,7.2,14.9,3.0,337,23,7.2,14.9,3.0,337,23,182,28.36,0.8,0,0,0,43.3,47.3,49.3,0.51,0.47,0.34
BROO,2019-11-08 08:50:00 EST,42.79591,-75.29929,1657,20.0,19.8,11.9,84.1,16.0,0.000,0.017,0.00,0.006,5.5,11.2,2.3,325,19,6.1,12.7,2.5,334,19,6.1,12.7,2.5,334,19,151,28.36,0.8,0,0,0,43.3,47.3,49.3,0.51,0.47,0.34
BROO,2019-11-08 08:55:00 EST,42.79591,-75.29929,1657,19.9,19.7,10.5,84.9,16.1,0.000,0.017,0.00,0.006,6.9,13.4,2.2,332,21,7.5,14.4,2.6,338,21,7.5,14.4,2.6,338,21,143,28.36,0.6,0,0,0,43.3,47.3,49.3,0.51,0.47,0.35
BROO,2019-11-08 09:00:00 EST,42.79591,-75.29929,1657,20.1,19.9,11.7,85.0,16.4,0.000,0.017,0.00,0.006,6.1,9.2,1.6,310,23,6.4,12.1,1.9,317,23,6.4,12.1,1.9,317,23,163,28.36,0.8,0,0,0,43.3,47.3,49.3,0.51,0.47,0.34
BROO,2019-11-08 09:05:00 EST,42.79591,-75.29929,1657,20.0,19.8,12.0,84.8,16.2,0.000,0.017,0.00,0.006,5.4,10.6,2.6,314,24,6.0,10.7,2.4,320,26,6.0,10.7,2.4,320,26,143,28.37,0.7,0,0,0,43.3,47.3,49.3,0.51,0.47,0.34
BROO,2019-11-08 09:10:00 EST,42.79591,-75.29929,1657,20.0,19.7,11.8,84.5,16.0,0.000,0.017,0.00,0.006,5.7,11.6,1.8,305,24,6.1,13.3,2.1,311,25,6.1,13.3,2.1,311,25,128,28.37,0.7,0,0,0,43.3,47.3,49.3,0.51,0.47,0.34
BROO,2019-11-08 09:15:00 EST,42.79591,-75.29929,1657,19.9,19.7,12.4,84.2,15.9,0.000,0.017,0.00,0.006,5.2,13.0,2.2,295,19,5.4,12.3,2.2,301,20,5.4,12.3,2.2,301,20,135,28.37,0.7,0,0,0,43.3,47.3,49.3,0.51,0.47,0.34
BROO,2019-11-08 09:20:00 EST,42.79591,-75.29929,1657,20.1,19.8,10.5,81.3,15.2,0.000,0.017,0.00,0.006,7.0,13.1,2.7,306,22,7.7,13.8,2.8,312,22,7.7,13.8,2.8,312,22,198,28.37,0.7,0,0,0,43.3,47.3,49.3,0.51,0.47,0.34
BROO,2019-11-08 09:25:00 EST,42.79591,-75.29929,1657,20.3,20.1,12.9,80.2,15.2,0.000,0.017,0.00,0.006,5.0,8.7,1.6,298,20,5.4,10.0,1.8,305,21,5.4,10.0,1.8,305,21,212,28.37,0.7,0,0,0,43.3,47.3,49.3,0.51,0.47,0.34
BROO,2019-11-08 09:30:00 EST,42.79591,-75.29929,1657,20.5,20.2,10.7,78.2,14.8,0.000,0.017,0.00,0.006,7.5,14.3,2.5,307,27,8.2,15.0,2.6,312,28,8.2,15.0,2.6,312,28,245,28.37,0.7,0,0,0,43.3,47.3,49.3,0.51,0.47,0.34
BROO,2019-11-08 09:35:00 EST,42.79591,-75.29929,1657,20.7,20.4,10.8,77.6,14.8,0.000,0.017,0.00,0.000,7.8,13.8,2.3,302,21,8.3,14.8,2.5,306,22,8.3,14.8,2.5,306,22,252,28.37,0.8,0,0,0,43.3,47.3,49.3,0.51,0.47,0.34
BROO,2019-11-08 09:40:00 EST,42.79591,-75.29929,1657,20.7,20.4,11.3,77.1,14.7,0.000,0.017,0.00,0.000,7.2,12.6,2.6,310,19,7.7,12.5,2.5,317,18,7.7,12.5,2.5,317,18,297,28.37,1.0,0,0,0,43.3,47.3,49.3,0.51,0.47,0.34
BROO,2019-11-08 09:45:00 EST,42.79591,-75.29929,1657,20.6,20.3,10.7,77.1,14.5,0.000,0.017,0.00,0.000,8.0,15.6,2.4,322,19,8.4,16.6,2.7,327,18,8.4,16.6,2.7,327,18,224,28.37,0.8,0,0,0,43.3,47.3,49.3,0.51,0.47,0.34
BROO,2019-11-08 09:50:00 EST,42.79591,-75.29929,1657,20.8,20.5,10.9,77.4,14.9,0.000,0.017,0.00,0.000,8.1,14.5,3.3,316,21,8.5,15.4,3.3,324,22,8.5,15.4,3.3,324,22,314,28.37,0.8,0,0,0,43.3,47.3,49.3,0.51,0.47,0.34
BROO,2019-11-08 09:55:00 EST,42.79591,-75.29929,1657,21.2,20.9,12.3,77.8,15.3,0.000,0.017,0.00,0.000,6.6,10.4,1.8,313,24,7.2,12.5,1.9,320,24,7.2,12.5,1.9,320,24,319,28.37,0.8,0,0,0,43.3,47.3,49.3,0.51,0.47,0.34
BROO,2019-11-08 10:00:00 EST,42.79591,-75.29929,1657,21.5,21.2,13.1,78.2,15.8,0.000,0.017,0.00,0.000,6.4,13.6,2.5,312,21,6.7,13.1,2.5,318,22,6.7,13.1,2.5,318,22,267,28.37,0.7,0,0,0,43.3,47.3,49.3,0.51,0.47,0.34
BROO,2019-11-08 10:05:00 EST,42.79591,-75.29929,1657,21.5,21.2,12.2,78.7,15.9,0.000,0.017,0.00,0.000,7.1,12.3,2.3,292,25,7.8,15.2,2.8,296,25,7.8,15.2,2.8,296,25,274,28.37,0.7,0,0,0,43.2,47.2,49.3,0.51,0.47,0.34
BROO,2019-11-08 10:10:00 EST,42.79591,-75.29929,1657,21.8,21.3,12.1,78.7,16.2,0.000,0.017,0.00,0.000,7.5,15.9,2.8,279,20,8.5,18.7,3.5,283,19,8.5,18.7,3.5,283,19,409,28.37,0.8,0,0,0,43.2,47.3,49.3,0.52,0.47,0.34
BROO,2019-11-08 10:15:00 EST,42.79591,-75.29929,1657,21.8,21.4,11.5,76.4,15.6,0.000,0.017,0.00,0.000,8.6,15.5,2.7,281,19,9.4,17.2,3.2,285,17,9.4,17.2,3.2,285,17,319,28.37,0.7,0,0,0,43.2,47.3,49.3,0.51,0.47,0.34
BROO,2019-11-08 10:20:00 EST,42.79591,-75.29929,1657,21.9,21.6,12.2,77.0,15.8,0.000,0.017,0.00,0.000,8.0,14.2,2.3,309,21,8.5,14.4,2.0,316,21,8.5,14.4,2.0,316,21,319,28.38,0.7,0,0,0,43.2,47.2,49.3,0.51,0.47,0.34
BROO,2019-11-08 10:25:00 EST,42.79591,-75.29929,1657,21.8,21.5,11.0,77.4,15.8,0.000,0.017,0.00,0.000,9.6,16.2,3.2,318,21,10.0,16.8,3.3,325,21,10.0,16.8,3.3,325,21,273,28.38,0.8,0,0,0,43.2,47.2,49.3,0.51,0.47,0.34
BROO,2019-11-08 10:30:00 EST,42.79591,-75.29929,1657,21.7,21.4,10.9,78.6,16.1,0.000,0.017,0.00,0.000,9.2,13.4,2.1,291,24,10.2,15.5,2.4,296,23,10.2,15.5,2.4,296,23,216,28.38,0.7,0,0,0,43.2,47.2,49.3,0.51,0.47,0.34
BROO,2019-11-08 10:35:00 EST,42.79591,-75.29929,1657,21.6,21.3,12.9,78.2,15.9,0.000,0.017,0.00,0.000,6.8,15.2,3.1,292,18,7.1,12.8,2.8,299,18,7.1,12.8,2.8,299,18,246,28.38,0.8,0,0,0,43.2,47.2,49.3,0.51,0.47,0.34
BROO,2019-11-08 10:40:00 EST,42.79591,-75.29929,1657,21.7,21.4,12.8,77.7,15.8,0.000,0.017,0.00,0.000,7.0,14.9,3.3,309,17,7.3,14.1,3.0,314,19,7.3,14.1,3.0,314,19,239,28.38,0.8,0,0,0,43.2,47.1,49.3,0.51,0.47,0.34
BROO,2019-11-08 10:45:00 EST,42.79591,-75.29929,1657,21.7,21.4,10.8,77.3,15.7,0.000,0.017,0.00,0.000,9.3,14.5,2.5,279,17,10.3,18.6,3.2,285,16,10.3,18.6,3.2,285,16,227,28.38,0.9,0,0,0,43.2,47.2,49.3,0.51,0.47,0.34
BROO,2019-11-08 10:50:00 EST,42.79591,-75.29929,1657,21.6,21.4,10.7,77.5,15.7,0.000,0.017,0.00,0.000,9.8,16.8,2.7,296,14,10.3,17.0,2.6,300,15,10.3,17.0,2.6,300,15,213,28.38,0.8,0,0,0,43.2,47.1,49.3,0.51,0.47,0.34
BROO,2019-11-08 10:55:00 EST,42.79591,-75.29929,1657,21.4,21.2,10.0,75.9,15.0,0.000,0.017,0.00,0.000,10.6,19.4,3.6,291,16,11.1,20.9,3.6,296,15,11.1,20.9,3.6,296,15,218,28.38,1.0,0,0,0,43.2,47.1,49.3,0.51,0.47,0.34
BROO,2019-11-08 11:00:00 EST,42.79591,-75.29929,1657,21.8,21.6,13.5,75.9,15.4,0.000,0.017,0.00,0.000,6.2,13.8,2.2,304,22,6.7,14.1,2.3,309,23,6.7,14.1,2.3,309,23,275,28.38,0.9,0,0,0,43.2,47.1,49.3,0.51,0.47,0.34
BROO,2019-11-08 11:05:00 EST,42.79591,-75.29929,1657,22.0,21.7,11.4,74.7,15.2,0.000,0.017,0.00,0.000,9.3,19.7,3.2,290,22,10.0,19.7,3.4,297,23,10.0,19.7,3.4,297,23,268,28.38,1.0,0,0,0,43.2,47.1,49.3,0.51,0.47,0.34
BROO,2019-11-08 11:10:00 EST,42.79591,-75.29929,1657,22.0,21.7,12.7,74.3,15.0,0.000,0.017,0.00,0.000,7.5,14.5,2.0,285,16,7.9,13.1,2.0,291,15,7.9,13.1,2.0,291,15,217,28.38,0.8,0,0,0,43.2,47.1,49.3,0.51,0.47,0.34
BROO,2019-11-08 11:15:00 EST,42.79591,-75.29929,1657,21.6,21.4,10.0,74.6,14.8,0.000,0.017,0.00,0.000,10.8,16.4,2.6,287,17,11.5,19.6,2.9,292,17,11.5,19.6,2.9,292,17,237,28.38,0.7,0,0,0,43.2,47.1,49.3,0.51,0.47,0.34
BROO,2019-11-08 11:20:00 EST,42.79591,-75.29929,1657,21.9,21.6,12.4,76.2,15.5,0.000,0.017,0.00,0.000,7.6,14.8,2.1,290,18,8.1,15.7,2.2,297,18,8.1,15.7,2.2,297,18,257,28.38,0.7,0,0,0,43.2,47.1,49.3,0.51,0.47,0.34
BROO,2019-11-08 11:25:00 EST,42.79591,-75.29929,1657,22.0,21.7,13.4,75.7,15.5,0.000,0.017,0.00,0.000,6.5,11.7,1.8,304,31,7.0,13.4,2.2,311,31,7.0,13.4,2.2,311,31,266,28.38,0.6,0,0,0,43.2,47.1,49.3,0.51,0.47,0.34
BROO,2019-11-08 11:30:00 EST,42.79591,-75.29929,1657,22.2,21.9,12.0,75.8,15.7,0.000,0.017,0.00,0.000,8.7,16.3,2.6,310,29,9.4,15.9,2.8,317,28,9.4,15.9,2.8,317,28,229,28.38,0.6,0,0,0,43.2,47.1,49.3,0.51,0.47,0.34
BROO,2019-11-08 11:35:00 EST,42.79591,-75.29929,1657,22.2,21.9,13.3,74.3,15.3,0.000,0.017,0.00,0.000,6.9,13.2,2.8,312,23,7.5,16.5,2.9,319,24,7.5,16.5,2.9,319,24,311,28.38,0.6,0,0,0,43.2,47.1,49.3,0.51,0.47,0.34
BROO,2019-11-08 11:40:00 EST,42.79591,-75.29929,1657,22.2,21.9,12.3,73.1,14.9,0.000,0.017,0.00,0.000,8.7,13.9,2.2,306,18,8.9,14.9,2.3,313,17,8.9,14.9,2.3,313,17,277,28.38,0.7,0,0,0,43.2,47.1,49.3,0.51,0.47,0.34
BROO,2019-11-08 11:45:00 EST,42.79591,-75.29929,1657,22.7,22.3,12.6,72.1,15.0,0.000,0.017,0.00,0.000,8.9,13.8,2.8,301,18,9.3,16.1,2.8,306,20,9.3,16.1,2.8,306,20,429,28.38,0.6,0,0,0,43.2,47.1,49.3,0.51,0.47,0.34
BROO,2019-11-08 11:50:00 EST,42.79591,-75.29929,1657,22.4,22.1,12.9,72.7,14.9,0.000,0.017,0.00,0.000,7.5,13.2,2.3,288,25,8.3,14.5,2.5,294,25,8.3,14.5,2.5,294,25,244,28.38,0.5,0,0,0,43.2,47.1,49.3,0.51,0.47,0.34
BROO,2019-11-08 11:55:00 EST,42.79591,-75.29929,1657,22.3,22.0,13.0,73.7,15.2,0.000,0.017,0.00,0.000,7.7,14.9,2.7,291,18,8.1,16.2,2.8,297,16,8.1,16.2,2.8,297,16,280,28.38,0.7,0,0,0,43.2,47.1,49.3,0.51,0.47,0.34
BROO,2019-11-08 12:00:00 EST,42.79591,-75.29929,1657,22.7,22.3,13.3,75.5,16.1,0.000,0.017,0.00,0.000,7.2,14.0,2.3,283,19,8.3,16.1,2.7,287,17,8.3,16.1,2.7,287,17,319,28.38,0.8,0,0,0,43.2,47.1,49.3,0.51,0.47,0.34
BROO,2019-11-08 12:05:00 EST,42.79591,-75.29929,1657,22.2,21.8,10.7,77.9,16.4,0.000,0.017,0.00,0.000,10.6,14.8,2.0,274,14,11.7,17.5,2.6,278,14,11.7,17.5,2.6,278,14,193,28.38,0.6,0,0,0,43.2,47.1,49.3,0.51,0.47,0.34
BROO,2019-11-08 12:10:00 EST,42.79591,-75.29929,1657,22.1,21.8,12.6,81.2,17.2,0.000,0.017,0.00,0.000,7.4,13.2,2.8,288,21,8.3,17.7,3.0,292,20,8.3,17.7,3.0,292,20,137,28.38,0.4,0,0,0,43.2,47.1,49.3,0.51,0.47,0.34
BROO,2019-11-08 12:15:00 EST,42.79591,-75.29929,1657,22.1,21.9,12.9,81.1,17.2,0.000,0.017,0.00,0.000,7.2,12.4,2.3,281,17,7.8,15.4,2.6,285,15,7.8,15.4,2.6,285,15,151,28.38,0.5,0,0,0,43.2,47.1,49.3,0.51,0.47,0.34
BROO,2019-11-08 12:20:00 EST,42.79591,-75.29929,1657,22.4,22.1,13.6,80.3,17.3,0.000,0.017,0.00,0.000,6.9,12.7,2.3,282,18,7.5,13.0,2.5,287,17,7.5,13.0,2.5,287,17,189,28.38,,0,0,0,43.2,47.1,49.3,0.52,0.47,0.35
BROO,2019-11-08 12:25:00 EST,42.79591,-75.29929,1657,22.3,22.1,12.7,79.4,16.9,0.000,0.017,0.00,0.000,7.9,14.2,2.7,288,18,8.5,18.2,3.0,293,16,8.5,18.2,3.0,293,16,131,28.38,0.4,0,0,0,43.2,47.1,49.3,0.51,0.47,0.34
BROO,2019-11-08 12:30:00 EST,42.79591,-75.29929,1657,21.9,21.6,12.0,82.7,17.4,0.000,0.017,0.00,0.000,8.3,14.3,2.6,294,16,8.8,14.4,2.5,299,15,8.8,14.4,2.5,299,15,208,28.37,0.7,0,0,0,43.2,47.1,49.3,0.52,0.47,0.34
BROO,2019-11-08 12:35:00 EST,42.79591,-75.29929,1657,22.5,22.1,12.4,82.1,17.9,0.000,0.017,0.00,0.000,8.6,15.1,2.9,288,22,9.4,15.9,3.2,293,21,9.4,15.9,3.2,293,21,499,28.37,0.7,0,0,0,43.2,47.1,49.3,0.52,0.47,0.34
BROO,2019-11-08 12:40:00 EST,42.79591,-75.29929,1657,23.1,22.7,13.5,78.7,17.5,0.000,0.017,0.00,0.000,8.0,12.6,2.7,287,26,8.8,15.4,3.1,294,25,8.8,15.4,3.1,294,25,424,28.37,0.7,0,0,0,43.2,47.1,49.3,0.52,0.47,0.34
BROO,2019-11-08 12:45:00 EST,42.79591,-75.29929,1657,23.5,23.1,13.2,77.0,17.4,0.000,0.017,0.00,0.000,9.2,13.5,2.4,289,25,9.9,16.3,2.7,296,26,9.9,16.3,2.7,296,26,456,28.37,0.6,0,0,0,43.1,47.1,49.3,0.51,0.47,0.34
BROO,2019-11-08 12:50:00 EST,42.79591,-75.29929,1657,23.7,23.3,13.8,76.8,17.5,0.000,0.017,0.00,0.000,8.7,15.6,3.1,293,26,9.4,19.4,3.6,297,26,9.4,19.4,3.6,297,26,484,28.37,0.5,0,0,0,43.1,47.1,49.3,0.52,0.47,0.34
BROO,2019-11-08 12:55:00 EST,42.79591,-75.29929,1657,23.4,23.1,14.7,76.3,17.1,0.000,0.017,0.00,0.000,7.1,15.2,2.6,310,23,7.6,15.6,2.6,318,23,7.6,15.6,2.6,318,23,277,28.37,0.8,0,0,0,43.1,47.1,49.3,0.52,0.47,0.34
BROO,2019-11-08 13:00:00 EST,42.79591,-75.29929,1657,23.4,23.1,13.8,78.0,17.6,0.000,0.017,0.00,0.000,8.0,19.0,4.7,288,20,8.9,22.3,5.5,292,20,8.9,22.3,5.5,292,20,181,28.37,0.5,0,0,0,43.1,47.1,49.3,0.52,0.47,0.34
BROO,2019-11-08 13:05:00 EST,42.79591,-75.29929,1657,23.1,22.7,10.8,76.2,16.7,0.000,0.017,0.00,0.000,12.3,21.8,3.4,278,13,13.5,25.7,3.9,284,12,13.5,25.7,3.9,284,12,477,28.37,0.2,0,0,0,43.0,47.1,49.3,0.52,0.47,0.34
BROO,2019-11-08 13:10:00 EST,42.79591,-75.29929,1657,23.3,23.0,13.5,75.0,16.6,0.000,0.017,0.00,0.000,8.3,15.3,2.9,288,23,9.2,16.3,3.2,295,24,9.2,16.3,3.2,295,24,279,28.37,0.3,0,0,0,43.0,47.1,49.3,0.51,0.47,0.35
BROO,2019-11-08 13:15:00 EST,42.79591,-75.29929,1657,23.5,23.1,16.1,77.0,17.3,0.000,0.017,0.00,0.000,5.2,12.8,3.0,289,29,5.9,14.9,3.2,296,29,5.9,14.9,3.2,296,29,268,28.37,-0.0,0,0,0,43.0,47.1,49.3,0.52,0.47,0.35
BROO,2019-11-08 13:20:00 EST,42.79591,-75.29929,1657,23.0,22.7,12.9,78.0,17.1,0.000,0.017,0.00,0.000,8.7,18.0,3.5,312,28,9.4,20.3,3.5,322,26,9.4,20.3,3.5,322,26,77,28.37,-0.0,0,0,0,43.0,47.1,49.3,0.52,0.47,0.34
BROO,2019-11-08 13:25:00 EST,42.79591,-75.29929,1657,22.2,22.1,12.3,77.8,16.4,0.000,0.017,0.00,0.000,8.5,16.7,3.2,301,23,9.0,17.4,3.1,307,21,9.0,17.4,3.1,307,21,46,28.38,-0.0,0,0,0,43.0,47.1,49.3,0.52,0.47,0.35
BROO,2019-11-08 13:30:00 EST,42.79591,-75.29929,1657,22.1,21.9,11.2,77.0,16.0,0.000,0.017,0.00,0.000,9.8,16.1,3.0,302,21,10.3,17.5,3.1,307,21,10.3,17.5,3.1,307,21,84,28.38,-0.1,0,0,0,43.0,47.1,49.3,0.52,0.47,0.34
BROO,2019-11-08 13:35:00 EST,42.79591,-75.29929,1657,21.9,21.7,11.5,77.6,16.0,0.000,0.017,0.00,0.000,9.2,16.7,2.8,306,17,9.6,17.2,2.9,312,18,9.6,17.2,2.9,312,18,103,28.38,0.0,0,0,0,43.0,47.1,49.3,0.52,0.47,0.34
BROO,2019-11-08 13:40:00 EST,42.79591,-75.29929,1657,21.9,21.7,9.2,75.4,15.3,0.000,0.017,0.00,0.000,13.2,21.1,3.2,297,17,13.7,21.0,3.4,302,15,13.7,21.0,3.4,302,15,134,28.38,0.1,0,0,0,43.0,47.1,49.3,0.52,0.47,0.35
BROO,2019-11-08 13:45:00 EST,42.79591,-75.29929,1657,22.4,22.1,10.6,73.8,15.3,0.000,0.017,0.00,0.000,11.4,20.7,3.8,294,20,12.0,22.8,4.2,298,20,12.0,22.8,4.2,298,20,377,28.38,0.2,0,0,0,43.0,47.1,49.2,0.52,0.47,0.34
BROO,2019-11-08 13:50:00 EST,42.79591,-75.29929,1657,22.9,22.6,11.4,72.0,15.2,0.000,0.017,0.00,0.000,11.1,19.0,2.9,288,17,11.8,22.2,3.2,293,15,11.8,22.2,3.2,293,15,416,28.38,0.2,0,0,0,43.0,47.1,49.3,0.52,0.47,0.34
BROO,2019-11-08 13:55:00 EST,42.79591,-75.29929,1657,23.1,22.7,10.3,71.9,15.4,0.000,0.017,0.00,0.000,13.6,21.3,3.8,283,18,14.7,21.4,4.1,288,15,14.7,21.4,4.1,288,15,402,28.38,0.3,0,0,0,43.0,47.1,49.3,0.52,0.47,0.35
BROO,2019-11-08 14:00:00 EST,42.79591,-75.29929,1657,23.6,23.2,12.5,72.2,16.0,0.000,0.017,0.00,0.000,10.7,18.4,3.1,289,20,11.5,18.9,3.5,292,19,11.5,18.9,3.5,292,19,436,28.38,0.3,0,0,0,43.0,47.1,49.2,0.52,0.47,0.35
BROO,2019-11-08 14:05:00 EST,42.79591,-75.29929,1657,23.6,23.2,10.5,70.1,15.2,0.000,0.017,0.00,0.000,15.0,25.9,4.1,286,15,15.8,26.0,4.2,291,16,15.8,26.0,4.2,291,16,444,28.37,0.3,0,0,0,43.0,47.1,49.3,0.52,0.47,0.34
BROO,2019-11-08 14:10:00 EST,42.79591,-75.29929,1657,23.6,23.2,11.3,70.4,15.4,0.000,0.017,0.00,0.000,13.5,20.2,2.8,289,16,14.0,22.8,3.2,294,15,14.0,22.8,3.2,294,15,388,28.37,0.3,0,0,0,43.0,47.1,49.3,0.52,0.47,0.34
BROO,2019-11-08 14:15:00 EST,42.79591,-75.29929,1657,23.4,23.1,12.3,72.1,15.7,0.000,0.017,0.00,0.000,11.0,17.4,2.5,305,17,11.3,19.8,2.7,311,17,11.3,19.8,2.7,311,17,262,28.37,0.5,0,0,0,43.0,47.1,49.2,0.52,0.47,0.34
BROO,2019-11-08 14:20:00 EST,42.79591,-75.29929,1657,23.1,22.7,11.5,75.3,16.4,0.000,0.017,0.00,0.000,11.3,18.6,3.8,289,19,12.0,21.0,4.0,295,17,12.0,21.0,4.0,295,17,135,28.38,0.5,0,0,0,43.0,47.1,49.2,0.52,0.47,0.34
BROO,2019-11-08 14:25:00 EST,42.79591,-75.29929,1657,22.7,22.4,11.1,79.1,17.1,0.000,0.017,0.00,0.000,11.0,18.3,3.0,286,17,11.8,20.9,3.4,290,16,11.8,20.9,3.4,290,16,176,28.38,0.5,0,0,0,43.0,47.1,49.2,0.52,0.47,0.34
BROO,2019-11-08 14:30:00 EST,42.79591,-75.29929,1657,22.3,22.0,10.2,82.0,17.7,0.000,0.017,0.00,0.000,12.3,22.6,3.8,294,18,12.9,21.5,3.6,298,16,12.9,21.5,3.6,298,16,246,28.38,0.5,0,0,0,43.0,47.1,49.2,0.52,0.47,0.34
BROO,2019-11-08 14:35:00 EST,42.79591,-75.29929,1657,22.4,22.1,12.1,83.6,18.2,0.000,0.017,0.00,0.000,8.7,17.1,2.8,284,16,9.6,18.7,3.0,288,14,9.6,18.7,3.0,288,14,227,28.38,0.4,0,0,0,43.0,47.1,49.1,0.52,0.47,0.34
BROO,2019-11-08 14:40:00 EST,42.79591,-75.29929,1657,22.6,22.3,11.6,79.9,17.4,0.000,0.017,0.00,0.000,10.1,17.6,2.3,286,15,10.9,22.3,2.7,292,15,10.9,22.3,2.7,292,15,338,28.38,0.6,0,0,0,43.0,47.1,49.2,0.52,0.47,0.34
BROO,2019-11-08 14:45:00 EST,42.79591,-75.29929,1657,23.1,22.7,12.6,78.8,17.5,0.000,0.017,0.00,0.000,9.6,17.5,2.7,297,20,10.0,17.7,2.9,304,19,10.0,17.7,2.9,304,19,292,28.38,0.6,0,0,0,43.0,47.1,49.2,0.52,0.47,0.34
BROO,2019-11-08 14:50:00 EST,42.79591,-75.29929,1657,23.2,22.8,12.7,77.3,17.1,0.000,0.017,0.00,0.000,9.3,18.2,3.8,288,18,10.1,19.0,4.1,293,16,10.1,19.0,4.1,293,16,171,28.38,0.6,0,0,0,43.0,47.1,49.1,0.52,0.47,0.35
BROO,2019-11-08 14:55:00 EST,42.79591,-75.29929,1657,22.8,22.6,12.6,77.2,16.8,0.000,0.017,0.00,0.000,8.7,15.9,3.0,316,25,9.6,19.7,3.4,322,24,9.6,19.7,3.4,322,24,102,28.39,0.5,0,0,0,43.0,47.1,49.1,0.52,0.47,0.35
BROO,2019-11-08 15:00:00 EST,42.79591,-75.29929,1657,22.4,22.2,11.9,76.7,16.2,0.000,0.017,0.00,0.000,9.5,15.3,2.7,301,19,9.8,17.5,3.0,305,20,9.8,17.5,3.0,305,20,66,28.39,0.6,0,0,0,43.0,47.1,49.1,0.52,0.47,0.35
BROO,2019-11-08 15:05:00 EST,42.79591,-75.29929,1657,22.0,21.9,10.2,77.2,16.0,0.000,0.017,0.00,0.000,11.5,20.2,3.3,303,21,12.1,23.3,3.6,308,21,12.1,23.3,3.6,308,21,74,28.39,0.6,0,0,0,43.0,47.1,49.1,0.52,0.47,0.35
BROO,2019-11-08 15:10:00 EST,42.79591,-75.29929,1657,22.0,21.8,10.0,76.1,15.6,0.000,0.017,0.00,0.000,11.5,18.0,2.5,285,15,12.5,21.3,2.9,290,12,12.5,21.3,2.9,290,12,124,28.39,0.5,0,0,0,43.0,47.1,49.1,0.52,0.47,0.35
BROO,2019-11-08 15:15:00 EST,42.79591,-75.29929,1657,22.3,22.0,10.4,76.1,15.9,0.000,0.017,0.00,0.000,11.3,18.0,2.5,283,15,12.4,18.7,2.8,288,14,12.4,18.7,2.8,288,14,232,28.39,0.6,0,0,0,43.0,47.1,49.1,0.52,0.47,0.34
BROO,2019-11-08 15:20:00 EST,42.79591,-75.29929,1657,22.4,22.2,11.1,75.4,15.8,0.000,0.017,0.00,0.000,10.3,17.6,3.0,291,18,11.3,20.7,3.3,295,18,11.3,20.7,3.3,295,18,170,28.39,0.6,0,0,0,43.0,47.1,49.2,0.52,0.47,0.35
BROO,2019-11-08 15:25:00 EST,42.79591,-75.29929,1657,22.7,22.4,12.5,75.4,16.1,0.000,0.017,0.00,0.000,9.1,14.6,1.8,300,17,9.5,14.6,2.1,308,16,9.5,14.6,2.1,308,16,185,28.39,0.5,0,0,0,43.0,47.0,49.1,0.52,0.47,0.34
BROO,2019-11-08 15:30:00 EST,42.79591,-75.29929,1657,22.4,22.2,11.4,75.7,15.9,0.000,0.017,0.00,0.000,9.9,16.4,2.5,288,20,10.7,18.1,2.9,293,19,10.7,18.1,2.9,293,19,83,28.39,0.5,0,0,0,43.0,47.0,49.1,0.52,0.47,0.35
BROO,2019-11-08 15:35:00 EST,42.79591,-75.29929,1657,22.4,22.2,10.9,76.4,16.1,0.000,0.017,0.00,0.000,10.9,17.7,2.6,287,24,11.7,18.1,2.8,294,20,11.7,18.1,2.8,294,20,104,28.40,0.5,0,0,0,43.0,47.1,49.1,0.52,0.47,0.35
BROO,2019-11-08 15:40:00 EST,42.79591,-75.29929,1657,22.7,22.4,12.8,74.9,15.9,0.000,0.017,0.00,0.000,8.3,14.9,3.0,291,20,9.0,14.8,2.9,296,21,9.0,14.8,2.9,296,21,154,28.40,0.5,0,0,0,43.0,47.0,49.1,0.52,0.47,0.35
BROO,2019-11-08 15:45:00 EST,42.79591,-75.29929,1657,22.7,22.5,13.3,72.1,15.0,0.000,0.017,0.00,0.000,7.6,14.8,2.1,297,20,8.2,14.3,2.3,302,20,8.2,14.3,2.3,302,20,146,28.40,0.5,0,0,0,43.0,47.0,49.1,0.52,0.47,0.35
BROO,2019-11-08 15:50:00 EST,42.79591,-75.29929,1657,22.6,22.4,12.2,71.3,14.7,0.000,0.017,0.00,0.000,8.6,14.7,2.7,278,14,9.8,18.9,3.2,283,13,9.8,18.9,3.2,283,13,107,28.40,0.5,0,0,0,43.0,46.9,49.1,0.52,0.47,0.35
BROO,2019-11-08 15:55:00 EST,42.79591,-75.29929,1657,22.5,22.3,12.0,71.4,14.6,0.000,0.017,0.00,0.000,9.3,15.3,2.4,288,12,9.8,17.0,2.5,294,13,9.8,17.0,2.5,294,13,112,28.40,0.5,0,0,0,43.0,46.9,49.1,0.52,0.47,0.35
BROO,2019-11-08 16:00:00 EST,42.79591,-75.29929,1657,22.4,22.2,11.2,70.8,14.3,0.000,0.017,0.00,0.000,10.2,15.4,2.1,284,15,11.1,18.2,2.4,289,14,11.1,18.2,2.4,289,14,103,28.40,0.5,0,0,0,43.0,47.0,49.1,0.52,0.47,0.35
BROO,2019-11-08 16:05:00 EST,42.79591,-75.29929,1657,22.1,22.0,10.6,70.2,13.9,0.000,0.017,0.00,0.000,10.6,17.5,2.3,280,16,11.6,20.8,2.8,286,13,11.6,20.8,2.8,286,13,66,28.40,0.4,0,0,0,43.0,47.0,49.1,0.52,0.47,0.35
BROO,2019-11-08 16:10:00 EST,42.79591,-75.29929,1657,21.8,21.7,12.0,71.3,13.9,0.000,0.017,0.00,0.000,7.8,14.7,2.7,289,17,8.5,16.0,3.0,294,16,8.5,16.0,3.0,294,16,37,28.40,0.5,0,0,0,43.0,46.9,49.1,0.52,0.47,0.35
BROO,2019-11-08 16:15:00 EST,42.79591,-75.29929,1657,21.6,21.5,12.8,73.0,14.2,0.000,0.017,0.00,0.000,6.6,10.7,1.8,284,16,7.2,12.1,2.0,288,16,7.2,12.1,2.0,288,16,44,28.41,0.5,0,0,0,43.0,46.9,49.1,0.52,0.47,0.35
BROO,2019-11-08 16:20:00 EST,42.79591,-75.29929,1657,21.4,21.4,13.0,73.7,14.4,0.000,0.017,0.00,0.000,6.2,8.5,1.3,292,17,6.8,10.2,1.4,298,17,6.8,10.2,1.4,298,17,33,28.41,0.5,0,0,0,42.9,46.9,49.1,0.52,0.47,0.35
BROO,2019-11-08 16:25:00 EST,42.79591,-75.29929,1657,21.2,21.2,12.7,74.9,14.4,0.000,0.017,0.00,0.000,6.2,10.3,1.8,283,12,6.7,11.2,1.9,288,12,6.7,11.2,1.9,288,12,22,28.41,0.5,0,0,0,43.0,46.9,49.1,0.52,0.47,0.35
BROO,2019-11-08 16:30:00 EST,42.79591,-75.29929,1657,21.0,21.1,13.0,76.1,14.6,0.000,0.017,0.00,0.000,5.7,11.8,2.1,287,19,6.2,13.0,2.2,291,19,6.2,13.0,2.2,291,19,16,28.41,0.5,0,0,0,43.0,46.9,49.1,0.52,0.47,0.35
BROO,2019-11-08 16:35:00 EST,42.79591,-75.29929,1657,20.9,21.0,13.3,76.4,14.7,0.000,0.017,0.00,0.000,5.3,9.8,1.3,281,16,5.7,10.8,1.6,286,15,5.7,10.8,1.6,286,15,12,28.41,0.5,0,0,0,43.0,46.9,49.1,0.52,0.47,0.35
BROO,2019-11-08 16:40:00 EST,42.79591,-75.29929,1657,20.9,20.9,11.8,77.0,14.8,0.000,0.017,0.00,0.000,6.7,11.5,1.6,281,17,7.4,13.1,1.8,286,17,7.4,13.1,1.8,286,17,9,28.41,0.5,0,0,0,43.0,46.9,49.1,0.52,0.47,0.35
BROO,2019-11-08 16:45:00 EST,42.79591,-75.29929,1657,20.8,20.8,13.9,77.2,14.8,0.000,0.017,0.00,0.000,4.7,7.6,1.0,291,19,5.0,8.6,1.2,297,17,5.0,8.6,1.2,297,17,7,28.42,0.5,0,0,0,42.9,46.9,49.1,0.52,0.47,0.35
BROO,2019-11-08 16:50:00 EST,42.79591,-75.29929,1657,20.7,20.8,13.9,77.5,14.8,0.000,0.017,0.00,0.000,4.5,9.3,1.7,292,21,4.9,10.0,1.7,297,21,4.9,10.0,1.7,297,21,5,28.42,0.4,0,0,0,42.9,46.9,49.1,0.52,0.47,0.35
BROO,2019-11-08 16:55:00 EST,42.79591,-75.29929,1657,20.9,20.9,12.0,77.6,15.0,0.000,0.017,0.00,0.000,6.6,12.2,1.6,281,14,7.2,13.2,1.9,286,14,7.2,13.2,1.9,286,14,3,28.42,0.4,0,0,0,42.8,46.9,49.1,0.52,0.47,0.34
BROO,2019-11-08 17:00:00 EST,42.79591,-75.29929,1657,20.9,20.9,12.4,78.4,15.3,0.000,0.017,0.00,0.000,6.2,9.9,1.4,271,14,6.7,11.3,1.6,276,14,6.7,11.3,1.6,276,14,1,28.42,0.4,0,0,0,42.8,46.9,49.1,0.52,0.47,0.35
BROO,2019-11-08 17:05:00 EST,42.79591,-75.29929,1657,20.9,20.9,12.5,78.6,15.3,0.000,0.017,0.00,0.000,6.1,9.2,1.2,282,17,6.6,11.3,1.4,286,16,6.6,11.3,1.4,286,16,0,28.42,0.5,0,0,0,42.8,46.9,49.1,0.52,0.47,0.35
BROO,2019-11-08 17:10:00 EST,42.79591,-75.29929,1657,20.7,20.7,13.8,79.2,15.3,0.000,0.017,0.00,0.000,4.8,6.9,0.9,288,12,5.1,7.3,1.0,294,13,5.1,7.3,1.0,294,13,0,28.42,0.4,0,0,0,42.8,46.9,49.1,0.52,0.47,0.35
BROO,2019-11-08 17:15:00 EST,42.79591,-75.29929,1657,20.8,20.8,12.3,80.4,15.8,0.000,0.017,0.00,0.000,6.2,10.0,1.6,278,15,6.7,10.4,1.6,283,16,6.7,10.4,1.6,283,16,0,28.43,0.4,0,0,0,42.8,46.9,49.1,0.52,0.47,0.35
BROO,2019-11-08 17:20:00 EST,42.79591,-75.29929,1657,20.9,20.7,13.2,81.5,16.1,0.000,0.017,0.00,0.000,5.3,7.0,1.0,276,11,5.8,8.4,1.2,281,10,5.8,8.4,1.2,281,10,0,28.43,0.4,0,0,0,42.8,46.9,49.1,0.52,0.47,0.35
BROO,2019-11-08 17:25:00 EST,42.79591,-75.29929,1657,20.8,20.6,13.6,84.2,16.8,0.000,0.017,0.00,0.000,4.8,7.0,1.1,279,15,5.3,8.0,1.2,283,13,5.3,8.0,1.2,283,13,0,28.43,0.4,0,0,0,42.8,46.9,49.1,0.53,0.47,0.35
BROO,2019-11-08 17:30:00 EST,42.79591,-75.29929,1657,20.7,20.5,13.8,86.7,17.4,0.000,0.017,0.00,0.000,4.8,7.5,1.2,293,16,5.0,8.9,1.6,298,15,5.0,8.9,1.6,298,15,0,28.43,0.3,0,0,0,42.8,46.9,49.1,0.52,0.47,0.35
BROO,2019-11-08 17:35:00 EST,42.79591,-75.29929,1657,20.5,20.4,12.5,87.9,17.5,0.000,0.017,0.00,0.000,5.7,9.4,1.5,282,13,6.0,10.2,1.8,287,13,6.0,10.2,1.8,287,13,0,28.43,0.4,0,0,0,42.8,46.9,49.1,0.52,0.47,0.35
BROO,2019-11-08 17:40:00 EST,42.79591,-75.29929,1657,20.4,20.4,11.8,88.1,17.4,0.000,0.017,0.00,0.000,6.3,10.3,1.2,283,11,6.7,12.0,1.4,288,11,6.7,12.0,1.4,288,11,0,28.43,0.4,0,0,0,42.8,46.9,49.1,0.53,0.47,0.35
BROO,2019-11-08 17:45:00 EST,42.79591,-75.29929,1657,20.5,20.4,11.6,88.1,17.5,0.000,0.017,0.00,0.000,6.5,10.9,1.5,282,17,7.0,11.3,1.8,287,16,7.0,11.3,1.8,287,16,0,28.43,0.4,0,0,0,42.8,46.9,49.1,0.53,0.47,0.35
BROO,2019-11-08 17:50:00 EST,42.79591,-75.29929,1657,20.6,20.5,10.9,87.3,17.4,0.000,0.017,0.00,0.000,7.6,10.7,1.4,281,9,8.0,12.6,1.7,286,8,8.0,12.6,1.7,286,8,0,28.44,0.4,0,0,0,42.8,46.9,49.1,0.53,0.47,0.35
BROO,2019-11-08 17:55:00 EST,42.79591,-75.29929,1657,20.7,20.6,10.9,86.7,17.4,0.000,0.017,0.00,0.000,7.6,12.5,2.1,283,14,8.2,13.8,2.5,288,14,8.2,13.8,2.5,288,14,0,28.44,0.4,0,0,0,42.8,46.9,49.1,0.53,0.47,0.35
BROO,2019-11-08 18:00:00 EST,42.79591,-75.29929,1657,20.6,20.5,12.3,86.5,17.2,0.000,0.017,0.00,0.000,6.0,10.2,1.7,287,13,6.3,11.5,1.7,292,11,6.3,11.5,1.7,292,11,0,28.44,0.3,0,0,0,42.8,46.9,49.1,0.52,0.47,0.35
BROO,2019-11-08 18:05:00 EST,42.79591,-75.29929,1657,20.3,20.4,12.1,87.3,17.1,0.000,0.017,0.00,0.000,5.9,9.1,1.2,286,14,6.3,9.6,1.2,292,14,6.3,9.6,1.2,292,14,0,28.44,0.3,0,0,0,42.8,46.9,49.1,0.52,0.47,0.35
BROO,2019-11-08 18:10:00 EST,42.79591,-75.29929,1657,20.2,20.2,12.0,87.5,17.1,0.000,0.017,0.00,0.000,5.7,9.4,1.2,282,14,6.2,10.8,1.5,288,13,6.2,10.8,1.5,288,13,0,28.44,0.4,0,0,0,42.8,46.9,49.1,0.52,0.47,0.35
BROO,2019-11-08 18:15:00 EST,42.79591,-75.29929,1657,20.1,20.2,11.0,87.7,17.1,0.000,0.017,0.00,0.000,6.8,11.2,1.7,284,13,7.2,13.4,1.8,291,14,7.2,13.4,1.8,291,14,0,28.44,0.4,0,0,0,42.8,46.9,49.1,0.52,0.47,0.35
BROO,2019-11-08 18:20:00 EST,42.79591,-75.29929,1657,20.2,20.2,11.1,87.6,17.2,0.000,0.017,0.00,0.000,6.9,11.1,1.8,289,16,7.3,12.6,2.0,294,15,7.3,12.6,2.0,294,15,0,28.45,0.4,0,0,0,42.8,46.9,49.1,0.52,0.47,0.35
BROO,2019-11-08 18:25:00 EST,42.79591,-75.29929,1657,20.1,20.1,11.1,87.6,17.0,0.000,0.017,0.00,0.000,6.5,10.1,1.3,280,13,7.1,12.1,1.5,285,12,7.1,12.1,1.5,285,12,0,28.45,0.3,0,0,0,42.8,46.9,49.1,0.52,0.47,0.35
BROO,2019-11-08 18:30:00 EST,42.79591,-75.29929,1657,20.1,20.1,10.3,87.8,17.0,0.000,0.017,0.00,0.000,7.9,10.7,1.1,290,15,8.1,11.6,1.4,295,15,8.1,11.6,1.4,295,15,0,28.45,0.3,0,0,0,42.8,46.9,49.1,0.52,0.47,0.35
BROO,2019-11-08 18:35:00 EST,42.79591,-75.29929,1657,20.0,20.1,10.5,87.6,16.9,0.000,0.017,0.00,0.000,7.4,10.6,1.6,288,15,7.7,12.2,1.6,293,14,7.7,12.2,1.6,293,14,0,28.45,0.3,0,0,0,42.8,46.9,49.1,0.51,0.47,0.35
BROO,2019-11-08 18:40:00 EST,42.79591,-75.29929,1657,19.9,20.0,10.1,88.2,17.0,0.000,0.017,0.00,0.000,7.8,10.3,1.3,289,11,8.1,11.5,1.5,293,11,8.1,11.5,1.5,293,11,0,28.45,0.3,0,0,0,42.8,46.9,49.1,0.51,0.47,0.35
BROO,2019-11-08 18:45:00 EST,42.79591,-75.29929,1657,19.6,19.8,10.6,88.6,16.8,0.000,0.017,0.00,0.000,6.4,9.6,1.5,282,15,7.1,10.5,1.6,286,13,7.1,10.5,1.6,286,13,0,28.45,0.3,0,0,0,42.8,46.9,49.1,0.51,0.47,0.35
BROO,2019-11-08 18:50:00 EST,42.79591,-75.29929,1657,19.6,19.7,11.2,89.1,16.9,0.000,0.017,0.00,0.000,5.9,9.7,1.2,288,15,6.3,11.2,1.4,292,17,6.3,11.2,1.4,292,17,0,28.45,0.3,0,0,0,42.8,46.9,49.1,0.51,0.47,0.35
BROO,2019-11-08 18:55:00 EST,42.79591,-75.29929,1657,19.4,19.6,11.7,89.2,16.7,0.000,0.017,0.00,0.000,5.1,8.5,1.3,284,13,5.5,9.6,1.4,288,12,5.5,9.6,1.4,288,12,0,28.46,0.4,0,0,0,42.8,46.9,49.1,0.51,0.47,0.35
BROO,2019-11-08 19:00:00 EST,42.79591,-75.29929,1657,19.4,19.6,11.1,89.6,16.8,0.000,0.017,0.00,0.000,5.6,9.1,1.4,283,16,6.1,10.8,1.6,289,16,6.1,10.8,1.6,289,16,0,28.46,0.3,0,0,0,42.8,46.9,49.1,0.51,0.47,0.35
BROO,2019-11-08 19:05:00 EST,42.79591,-75.29929,1657,19.5,19.6,11.0,89.4,16.9,0.000,0.017,0.00,0.000,6.0,9.9,1.3,289,18,6.4,11.2,1.6,294,18,6.4,11.2,1.6,294,18,0,28.46,0.3,0,0,0,42.8,46.9,49.1,0.51,0.47,0.35
BROO,2019-11-08 19:10:00 EST,42.79591,-75.29929,1657,19.1,19.3,12.7,89.5,16.5,0.000,0.017,0.00,0.000,4.1,8.4,1.1,276,11,4.3,7.7,1.1,281,11,4.3,7.7,1.1,281,11,0,28.46,0.3,0,0,0,42.8,46.9,49.1,0.51,0.47,0.35
BROO,2019-11-08 19:15:00 EST,42.79591,-75.29929,1657,19.0,19.2,11.6,90.3,16.7,0.000,0.017,0.00,0.000,4.9,8.0,1.1,279,13,5.2,9.2,1.2,284,12,5.2,9.2,1.2,284,12,0,28.46,0.3,0,0,0,42.8,46.9,49.1,0.51,0.47,0.35
BROO,2019-11-08 19:20:00 EST,42.79591,-75.29929,1657,19.0,19.2,12.4,90.5,16.7,0.000,0.017,0.00,0.000,4.2,6.1,0.8,286,16,4.5,7.0,1.0,292,15,4.5,7.0,1.0,292,15,0,28.46,0.3,0,0,0,42.8,46.9,49.1,0.51,0.47,0.35
BROO,2019-11-08 19:25:00 EST,42.79591,-75.29929,1657,19.1,19.2,12.0,90.9,16.8,0.000,0.017,0.00,0.000,4.5,7.5,1.2,290,17,4.9,8.6,1.3,294,15,4.9,8.6,1.3,294,15,0,28.46,0.3,0,0,0,42.8,46.9,49.1,0.51,0.47,0.35
BROO,2019-11-08 19:30:00 EST,42.79591,-75.29929,1657,19.1,19.2,12.9,90.7,16.8,0.000,0.017,0.00,0.000,3.9,6.9,0.9,288,14,4.2,8.3,1.0,293,14,4.2,8.3,1.0,293,14,0,28.46,0.3,0,0,0,42.8,46.9,49.1,0.51,0.47,0.35
BROO,2019-11-08 19:35:00 EST,42.79591,-75.29929,1657,18.9,19.1,13.4,90.6,16.6,0.000,0.017,0.00,0.000,3.3,6.9,1.2,290,18,3.6,7.8,1.5,296,19,3.6,7.8,1.5,296,19,0,28.46,0.4,0,0,0,42.8,46.9,49.1,0.51,0.47,0.35
BROO,2019-11-08 19:40:00 EST,42.79591,-75.29929,1657,18.8,19.1,12.3,91.2,16.6,0.000,0.017,0.00,0.000,4.1,6.7,0.9,277,11,4.4,7.8,1.1,283,10,4.4,7.8,1.1,283,10,0,28.46,0.2,0,0,0,42.8,46.9,49.1,0.51,0.47,0.35
BROO,2019-11-08 19:45:00 EST,42.79591,-75.29929,1657,18.8,19.1,12.3,91.5,16.8,0.000,0.017,0.00,0.000,4.1,6.7,1.2,283,13,4.4,7.0,1.3,288,14,4.4,7.0,1.3,288,14,0,28.46,0.4,0,0,0,42.8,46.9,49.1,0.51,0.47,0.35
BROO,2019-11-08 19:50:00 EST,42.79591,-75.29929,1657,19.0,19.2,12.4,91.6,17.0,0.000,0.017,0.00,0.000,4.1,7.1,0.9,278,10,4.5,7.8,1.1,284,10,4.5,7.8,1.1,284,10,0,28.46,0.3,0,0,0,42.8,46.9,49.1,0.51,0.47,0.35
BROO,2019-11-08 19:55:00 EST,42.79591,-75.29929,1657,19.2,19.2,12.9,92.0,17.2,0.000,0.017,0.00,0.000,3.9,6.1,1.0,267,10,4.3,6.8,1.1,272,10,4.3,6.8,1.1,272,10,0,28.46,0.3,0,0,0,42.8,46.8,49.1,0.51,0.47,0.35
BROO,2019-11-08 20:00:00 EST,42.79591,-75.29929,1657,19.3,19.2,13.7,92.2,17.4,0.000,0.017,0.00,0.000,3.6,5.0,0.7,269,12,3.8,5.6,0.8,274,14,3.8,5.6,0.8,274,14,0,28.46,0.3,0,0,0,42.8,46.8,49.1,0.51,0.47,0.35
BROO,2019-11-08 20:05:00 EST,42.79591,-75.29929,1657,19.5,19.3,13.8,92.5,17.6,0.000,0.017,0.00,0.000,3.6,5.4,0.7,271,12,3.9,6.1,0.7,275,13,3.9,6.1,0.7,275,13,0,28.46,0.3,0,0,0,42.7,46.8,49.1,0.51,0.47,0.35
BROO,2019-11-08 20:10:00 EST,42.79591,-75.29929,1657,19.6,19.5,12.8,92.4,17.7,0.000,0.017,0.00,0.000,4.4,7.4,1.1,260,9,4.7,8.3,1.2,265,9,4.7,8.3,1.2,265,9,0,28.46,0.3,0,0,0,42.7,46.8,49.1,0.51,0.47,0.35
BROO,2019-11-08 20:15:00 EST,42.79591,-75.29929,1657,19.6,19.5,12.0,92.3,17.7,0.000,0.017,0.00,0.000,5.2,6.6,0.6,256,6,5.5,7.3,0.6,261,6,5.5,7.3,0.6,261,6,0,28.46,0.4,0,0,0,42.7,46.8,49.1,0.51,0.47,0.35
BROO,2019-11-08 20:20:00 EST,42.79591,-75.29929,1657,19.7,19.5,12.9,92.6,17.9,0.000,0.017,0.00,0.000,4.4,5.6,0.5,260,8,4.8,6.5,0.6,265,8,4.8,6.5,0.6,265,8,0,28.46,0.4,0,0,0,42.7,46.8,49.1,0.51,0.47,0.35
BROO,2019-11-08 20:25:00 EST,42.79591,-75.29929,1657,19.7,19.5,13.2,92.7,17.9,0.000,0.017,0.00,0.000,4.1,5.6,0.7,260,6,4.5,5.9,0.7,265,6,4.5,5.9,0.7,265,6,0,28.46,0.4,0,0,0,42.6,46.8,49.1,0.51,0.47,0.35
BROO,2019-11-08 20:30:00 EST,42.79591,-75.29929,1657,19.7,19.5,13.4,92.6,17.9,0.000,0.017,0.00,0.000,4.0,6.1,0.7,263,8,4.4,6.8,0.8,267,9,4.4,6.8,0.8,267,9,0,28.47,0.4,0,0,0,42.6,46.8,49.1,0.51,0.47,0.35
BROO,2019-11-08 20:35:00 EST,42.79591,-75.29929,1657,19.8,19.6,11.7,92.2,17.9,0.000,0.017,0.00,0.000,5.7,7.7,0.7,272,8,6.1,8.3,0.8,277,8,6.1,8.3,0.8,277,8,0,28.47,0.4,0,0,0,42.6,46.8,49.0,0.51,0.47,0.35
BROO,2019-11-08 20:40:00 EST,42.79591,-75.29929,1657,19.9,19.7,12.3,91.2,17.7,0.000,0.017,0.00,0.000,5.0,7.7,0.9,272,9,5.5,8.3,1.0,277,8,5.5,8.3,1.0,277,8,0,28.47,0.4,0,0,0,42.6,46.8,49.1,0.51,0.47,0.35
BROO,2019-11-08 20:45:00 EST,42.79591,-75.29929,1657,19.8,19.7,12.2,90.7,17.5,0.000,0.017,0.00,0.000,5.1,6.7,0.8,273,9,5.5,7.5,0.9,278,9,5.5,7.5,0.9,278,9,0,28.47,0.4,0,0,0,42.6,46.8,49.1,0.51,0.47,0.35
BROO,2019-11-08 20:50:00 EST,42.79591,-75.29929,1657,19.9,19.8,11.7,90.0,17.4,0.000,0.017,0.00,0.000,5.7,8.0,1.3,284,14,6.1,9.2,1.3,290,15,6.1,9.2,1.3,290,15,0,28.47,0.4,0,0,0,42.6,46.8,49.1,0.51,0.47,0.35
BROO,2019-11-08 20:55:00 EST,42.79591,-75.29929,1657,19.7,19.7,11.8,89.8,17.2,0.000,0.017,0.00,0.000,5.4,8.4,1.3,273,9,5.8,9.9,1.3,278,8,5.8,9.9,1.3,278,8,0,28.47,0.3,0,0,0,42.6,46.8,49.0,0.51,0.47,0.35
BROO,2019-11-08 21:00:00 EST,42.79591,-75.29929,1657,19.3,19.5,12.8,89.9,16.9,0.000,0.017,0.00,0.000,4.3,5.9,0.6,274,8,4.5,6.5,0.7,279,8,4.5,6.5,0.7,279,8,0,28.47,0.2,0,0,0,42.6,46.8,49.0,0.51,0.47,0.35
BROO,2019-11-08 21:05:00 EST,42.79591,-75.29929,1657,19.1,19.3,12.4,90.5,16.7,0.000,0.017,0.00,0.000,4.3,5.9,0.7,280,12,4.6,6.5,0.8,285,11,4.6,6.5,0.8,285,11,0,28.47,0.3,0,0,0,42.6,46.8,49.0,0.51,0.47,0.35
BROO,2019-11-08 21:10:00 EST,42.79591,-75.29929,1657,19.2,19.2,13.2,90.8,17.0,0.000,0.017,0.00,0.000,3.8,5.9,0.9,287,14,4.1,6.7,0.9,293,14,4.1,6.7,0.9,293,14,0,28.47,0.3,0,0,0,42.6,46.8,49.1,0.51,0.47,0.35
BROO,2019-11-08 21:15:00 EST,42.79591,-75.29929,1657,19.2,19.3,12.3,90.9,16.9,0.000,0.017,0.00,0.000,4.3,6.5,0.8,268,11,4.7,7.0,0.8,273,10,4.7,7.0,0.8,273,10,0,28.47,0.3,0,0,0,42.6,46.8,49.0,0.51,0.47,0.35
BROO,2019-11-08 21:20:00 EST,42.79591,-75.29929,1657,19.3,19.3,12.8,91.2,17.2,0.000,0.017,0.00,0.000,4.2,5.6,0.6,276,10,4.5,6.2,0.7,281,9,4.5,6.2,0.7,281,9,0,28.47,0.3,0,0,0,42.6,46.8,49.0,0.51,0.47,0.35
BROO,2019-11-08 21:25:00 EST,42.79591,-75.29929,1657,19.3,19.3,12.6,90.8,17.0,0.000,0.017,0.00,0.000,4.2,5.4,0.6,271,9,4.6,6.5,0.7,276,9,4.6,6.5,0.7,276,9,0,28.47,0.3,0,0,0,42.6,46.8,48.8,0.51,0.47,0.35
BROO,2019-11-08 21:30:00 EST,42.79591,-75.29929,1657,19.0,19.2,13.3,90.9,16.8,0.000,0.017,0.00,0.000,3.6,6.0,0.8,261,9,3.9,6.3,0.7,266,10,3.9,6.3,0.7,266,10,0,28.47,0.3,0,0,0,42.6,46.8,48.8,0.51,0.47,0.35
BROO,2019-11-08 21:35:00 EST,42.79591,-75.29929,1657,18.6,19.0,13.3,90.7,16.3,0.000,0.017,0.00,0.000,3.2,4.5,0.6,269,9,3.5,5.3,0.7,274,10,3.5,5.3,0.7,274,10,0,28.47,0.3,0,0,0,42.6,46.8,48.8,0.51,0.47,0.35
BROO,2019-11-08 21:40:00 EST,42.79591,-75.29929,1657,18.2,18.8,13.6,90.9,16.0,0.000,0.017,0.00,0.000,2.8,4.5,0.7,261,11,3.1,4.8,0.7,266,13,3.1,4.8,0.7,266,13,0,28.47,0.3,0,0,0,42.6,46.8,48.7,0.51,0.47,0.35
BROO,2019-11-08 21:45:00 EST,42.79591,-75.29929,1657,17.9,18.7,13.2,91.2,15.8,0.000,0.017,0.00,0.000,2.9,3.9,0.4,262,8,3.1,5.0,0.5,267,11,3.1,5.0,0.5,267,11,0,28.47,0.2,0,0,0,42.6,46.8,49.0,0.51,0.47,0.35
BROO,2019-11-08 21:50:00 EST,42.79591,-75.29929,1657,18.0,18.7,13.0,91.9,16.0,0.000,0.017,0.00,0.000,3.0,4.2,0.7,271,9,3.3,5.1,0.8,277,11,3.3,5.1,0.8,277,11,0,28.47,0.3,0,0,0,42.6,46.8,48.8,0.51,0.47,0.35
BROO,2019-11-08 21:55:00 EST,42.79591,-75.29929,1657,18.0,18.5,18.0,91.8,16.0,0.000,0.017,0.00,0.000,2.0,3.7,0.8,253,13,2.2,4.2,0.8,255,16,2.2,4.2,0.8,255,16,0,28.47,0.1,0,0,0,42.6,46.8,48.8,0.51,0.47,0.35
BROO,2019-11-08 22:00:00 EST,42.79591,-75.29929,1657,17.1,18.3,17.1,90.9,14.9,0.000,0.017,0.00,0.000,2.2,2.9,0.3,240,10,2.4,3.5,0.4,242,11,2.4,3.5,0.4,242,11,0,28.47,0.3,0,0,0,42.6,46.8,48.7,0.51,0.47,0.35
BROO,2019-11-08 22:05:00 EST,42.79591,-75.29929,1657,17.1,18.0,17.1,92.0,15.1,0.000,0.017,0.00,0.000,2.1,2.8,0.5,246,10,2.3,3.2,0.5,248,13,2.3,3.2,0.5,248,13,0,28.47,0.3,0,0,0,42.6,46.8,48.7,0.51,0.47,0.35
BROO,2019-11-08 22:10:00 EST,42.79591,-75.29929,1657,17.6,17.7,17.6,93.3,16.0,0.000,0.017,0.00,0.000,1.1,2.9,0.8,242,12,1.4,3.6,0.7,250,18,1.4,3.6,0.7,250,18,0,28.47,0.3,0,0,0,42.6,46.8,48.7,0.51,0.47,0.35
BROO,2019-11-08 22:15:00 EST,42.79591,-75.29929,1657,17.4,17.7,17.4,93.5,15.9,0.000,0.017,0.00,0.000,1.7,2.6,0.3,236,10,1.9,2.9,0.4,236,11,1.9,2.9,0.4,236,11,0,28.47,0.2,0,0,0,42.6,46.8,48.7,0.51,0.47,0.35
BROO,2019-11-08 22:20:00 EST,42.79591,-75.29929,1657,17.2,17.8,17.2,93.0,15.5,0.000,0.017,0.00,0.000,1.7,2.8,0.4,221,7,1.8,3.0,0.4,225,9,1.8,3.0,0.4,225,9,0,28.47,0.2,0,0,0,42.6,46.8,48.7,0.51,0.47,0.35
BROO,2019-11-08 22:25:00 EST,42.79591,-75.29929,1657,17.2,17.9,17.2,93.2,15.6,0.000,0.017,0.00,0.000,0.9,1.5,0.3,195,11,1.4,1.9,0.3,190,16,1.4,1.9,0.3,190,16,0,28.47,0.3,0,0,0,42.6,46.8,48.7,0.51,0.47,0.35
BROO,2019-11-08 22:30:00 EST,42.79591,-75.29929,1657,17.3,18.0,17.3,93.9,15.8,0.000,0.017,0.00,0.000,1.4,3.3,0.8,215,20,1.7,3.8,0.8,216,21,1.7,3.8,0.8,216,21,0,28.47,0.1,0,0,0,42.6,46.8,48.7,0.51,0.47,0.35
BROO,2019-11-08 22:35:00 EST,42.79591,-75.29929,1657,17.6,17.9,17.6,93.6,16.1,0.000,0.017,0.00,0.000,0.3,1.1,0.4,230,2,0.9,1.7,0.4,214,15,0.9,1.7,0.4,214,15,0,28.47,-0.0,0,0,0,42.6,46.8,48.7,0.51,0.47,0.35
BROO,2019-11-08 22:40:00 EST,42.79591,-75.29929,1657,17.7,18.1,17.7,93.5,16.2,0.000,0.017,0.00,0.000,0.6,1.4,0.4,223,7,1.0,1.6,0.3,228,11,1.0,1.6,0.3,228,11,0,28.47,-0.0,0,0,0,42.6,46.8,48.7,0.51,0.47,0.35
BROO,2019-11-08 22:45:00 EST,42.79591,-75.29929,1657,17.8,18.0,17.8,93.8,16.3,0.000,0.017,0.00,0.000,0.8,1.3,0.2,230,0,1.1,1.7,0.2,231,10,1.1,1.7,0.2,231,10,0,28.47,-0.1,0,0,0,42.6,46.8,48.7,0.51,0.47,0.35
BROO,2019-11-08 22:50:00 EST,42.79591,-75.29929,1657,17.6,18.1,17.6,94.0,16.2,0.000,0.017,0.00,0.000,1.4,2.6,0.5,210,9,1.6,2.9,0.5,209,10,1.6,2.9,0.5,209,10,0,28.47,-0.1,0,0,0,42.6,46.8,48.7,0.51,0.47,0.35
BROO,2019-11-08 22:55:00 EST,42.79591,-75.29929,1657,17.6,18.1,17.6,93.3,15.9,0.000,0.017,0.00,0.000,1.2,2.0,0.3,199,10,1.5,2.3,0.3,199,13,1.5,2.3,0.3,199,13,0,28.46,-0.2,0,0,0,42.6,46.8,48.7,0.51,0.47,0.35
BROO,2019-11-08 23:00:00 EST,42.79591,-75.29929,1657,17.1,18.0,17.1,93.0,15.5,0.000,0.017,0.00,0.000,1.4,2.2,0.4,179,7,1.8,2.5,0.4,181,11,1.8,2.5,0.4,181,11,0,28.46,-0.1,0,0,0,42.6,46.8,48.7,0.51,0.47,0.35
BROO,2019-11-08 23:05:00 EST,42.79591,-75.29929,1657,17.2,17.9,17.2,93.5,15.6,0.000,0.017,0.00,0.000,2.1,3.5,0.5,197,12,2.4,3.6,0.5,202,15,2.4,3.6,0.5,202,15,0,28.46,-0.2,0,0,0,42.6,46.8,48.7,0.51,0.47,0.35
BROO,2019-11-08 23:10:00 EST,42.79591,-75.29929,1657,16.3,16.9,16.3,92.0,14.4,0.000,0.017,0.00,0.000,1.2,1.9,0.4,249,9,1.6,2.3,0.4,252,18,1.6,2.3,0.4,252,18,0,28.46,-0.1,0,0,0,42.6,46.8,48.7,0.51,0.47,0.35
BROO,2019-11-08 23:15:00 EST,42.79591,-75.29929,1657,16.1,16.7,16.1,93.4,14.6,0.000,0.017,0.00,0.000,1.1,1.5,0.2,254,15,1.4,1.8,0.2,261,19,1.4,1.8,0.2,261,19,0,28.46,-0.1,0,0,0,42.6,46.8,48.7,0.51,0.47,0.35
BROO,2019-11-08 23:20:00 EST,42.79591,-75.29929,1657,16.3,16.5,16.3,94.7,15.1,0.000,0.017,0.00,0.000,0.8,1.2,0.2,255,13,1.2,1.6,0.2,260,15,1.2,1.6,0.2,260,15,0,28.47,-0.1,0,0,0,42.6,46.8,48.7,0.51,0.47,0.35
BROO,2019-11-08 23:25:00 EST,42.79591,-75.29929,1657,16.2,16.3,16.2,94.6,15.0,0.000,0.017,0.00,0.000,0.8,1.3,0.4,252,8,1.2,1.8,0.3,250,21,1.2,1.8,0.3,250,21,0,28.47,-0.1,0,0,0,42.6,46.8,48.7,0.51,0.47,0.35
BROO,2019-11-08 23:30:00 EST,42.79591,-75.29929,1657,16.1,16.3,16.1,94.3,14.7,0.000,0.017,0.00,0.000,1.1,2.3,0.6,211,18,1.4,2.6,0.6,218,21,1.4,2.6,0.6,218,21,0,28.47,-0.1,0,0,0,42.6,46.8,48.7,0.51,0.47,0.35
BROO,2019-11-08 23:35:00 EST,42.79591,-75.29929,1657,16.0,16.4,16.0,94.6,14.7,0.000,0.017,0.00,0.000,0.3,1.1,0.3,255,15,0.9,1.7,0.5,245,26,0.9,1.7,0.5,245,26,0,28.47,-0.0,0,0,0,42.6,46.8,48.7,0.51,0.47,0.35
BROO,2019-11-08 23:40:00 EST,42.79591,-75.29929,1657,16.7,17.3,16.7,95.4,15.6,0.000,0.017,0.00,0.000,1.2,1.9,0.4,212,12,1.4,2.2,0.5,214,14,1.4,2.2,0.5,214,14,0,28.47,-0.1,0,0,0,42.6,46.8,48.7,0.51,0.47,0.35
BROO,2019-11-08 23:45:00 EST,42.79591,-75.29929,1657,16.7,17.6,16.7,94.5,15.4,0.000,0.017,0.00,0.000,1.7,2.4,0.3,185,8,2.0,3.1,0.4,191,11,2.0,3.1,0.4,191,11,0,28.47,-0.1,0,0,0,42.6,46.8,48.7,0.51,0.47,0.35
BROO,2019-11-08 23:50:00 EST,42.79591,-75.29929,1657,16.9,18.1,16.9,94.3,15.5,0.000,0.017,0.00,0.000,2.5,3.4,0.3,177,5,2.8,3.9,0.4,179,8,2.8,3.9,0.4,179,8,0,28.47,-0.1,0,0,0,42.6,46.8,48.7,0.51,0.47,0.35
BROO,2019-11-08 23:55:00 EST,42.79591,-75.29929,1657,17.1,18.3,17.1,94.3,15.8,0.000,0.017,0.00,0.000,2.3,2.9,0.3,178,7,2.6,3.2,0.3,182,8,2.6,3.2,0.3,182,8,0,28.46,-0.1,0,0,0,42.5,46.8,48.7,0.51,0.47,0.35
BSPA,2019-11-08 00:00:00 EST,43.02280,-73.87498,395,27.9,28.5,27.9,77.9,21.9,0.000,0.206,0.00,0.000,2.5,5.3,1.3,303,22,2.8,5.9,1.4,300,21,2.8,5.9,1.4,300,21,0,29.65,-0.0,0,0,0,44.8,48.2,51.3,0.55,0.47,0.40
BSPA,2019-11-08 00:05:00 EST,43.02280,-73.87498,395,27.8,28.4,27.8,75.3,21.0,0.000,0.000,0.00,0.000,1.9,3.3,0.7,324,22,2.2,3.9,0.7,320,23,2.2,3.9,0.7,320,23,0,29.65,-0.0,0,0,0,44.8,48.1,51.3,0.55,0.47,0.40
BSPA,2019-11-08 00:10:00 EST,43.02280,-73.87498,395,26.9,27.9,26.9,81.5,22.0,0.000,0.000,0.00,0.000,0.9,2.7,0.6,10,23,1.2,3.1,0.8,11,22,1.2,3.1,0.8,11,22,0,29.65,0.0,0,0,0,44.8,48.2,51.3,0.55,0.47,0.40
BSPA,2019-11-08 00:15:00 EST,43.02280,-73.87498,395,26.6,27.5,26.6,86.6,23.2,0.000,0.000,0.00,0.000,0.9,2.0,0.5,359,22,1.3,3.3,0.6,348,28,1.3,3.3,0.6,348,28,0,29.65,0.2,0,0,0,44.8,48.2,51.3,0.55,0.47,0.40
BSPA,2019-11-08 00:20:00 EST,43.02280,-73.87498,395,26.6,27.6,26.6,84.3,22.5,0.000,0.000,0.00,0.000,1.3,3.1,0.9,335,23,1.8,4.8,1.1,335,22,1.8,4.8,1.1,335,22,0,29.65,0.2,0,0,0,44.8,48.2,51.3,0.55,0.47,0.40
BSPA,2019-11-08 00:25:00 EST,43.02280,-73.87498,395,26.4,27.5,26.4,84.7,22.4,0.000,0.000,0.00,0.000,1.3,4.2,0.9,336,28,1.7,4.7,1.1,333,29,1.7,4.7,1.1,333,29,0,29.64,0.1,0,0,0,44.7,48.1,51.3,0.55,0.47,0.40
BSPA,2019-11-08 00:30:00 EST,43.02280,-73.87498,395,26.9,27.6,26.9,80.3,21.6,0.000,0.000,0.00,0.000,2.5,4.2,0.7,284,15,2.9,4.6,0.7,285,14,2.9,4.6,0.7,285,14,0,29.64,0.0,0,0,0,44.6,48.2,51.3,0.55,0.47,0.40
BSPA,2019-11-08 00:35:00 EST,43.02280,-73.87498,395,26.6,27.4,26.6,78.5,20.8,0.000,0.000,0.00,0.000,2.3,4.0,0.6,279,16,2.7,4.5,0.7,279,16,2.7,4.5,0.7,279,16,0,29.64,0.1,0,0,0,44.6,48.2,51.3,0.55,0.47,0.40
BSPA,2019-11-08 00:40:00 EST,43.02280,-73.87498,395,26.7,27.5,22.5,77.8,20.7,0.000,0.000,0.00,0.000,3.2,5.0,0.6,280,13,3.6,6.2,0.8,280,12,3.6,6.2,0.8,280,12,0,29.65,0.0,0,0,0,44.6,48.1,51.3,0.55,0.47,0.40
BSPA,2019-11-08 00:45:00 EST,43.02280,-73.87498,395,26.1,27.1,26.1,81.9,21.3,0.000,0.000,0.00,0.000,2.5,4.9,0.7,275,9,2.9,5.8,0.9,276,8,2.9,5.8,0.9,276,8,0,29.65,0.1,0,0,0,44.6,48.1,51.3,0.55,0.47,0.40
BSPA,2019-11-08 00:50:00 EST,43.02280,-73.87498,395,26.1,26.9,26.1,83.6,21.8,0.000,0.000,0.00,0.000,1.9,3.1,0.3,278,13,2.2,3.5,0.4,278,11,2.2,3.5,0.4,278,11,0,29.65,0.1,0,0,0,44.6,48.0,51.3,0.55,0.47,0.40
BSPA,2019-11-08 00:55:00 EST,43.02280,-73.87498,395,26.0,26.7,26.0,82.8,21.5,0.000,0.000,0.00,0.000,2.0,4.2,0.6,268,11,2.3,5.0,0.7,269,12,2.3,5.0,0.7,269,12,0,29.64,0.2,0,0,0,44.5,48.0,51.3,0.55,0.47,0.40
BSPA,2019-11-08 01:00:00 EST,43.02280,-73.87498,395,26.1,26.7,26.1,82.4,21.5,0.000,0.000,0.00,0.000,2.4,3.7,0.7,281,8,2.8,4.3,0.8,281,8,2.8,4.3,0.8,281,8,0,29.64,0.2,0,0,0,44.4,48.0,51.3,0.55,0.47,0.40
BSPA,2019-11-08 01:05:00 EST,43.02280,-73.87498,395,26.0,26.6,26.0,81.4,21.1,0.000,0.000,0.00,0.000,2.4,3.1,0.4,285,14,2.7,4.2,0.6,285,14,2.7,4.2,0.6,285,14,0,29.64,0.2,0,0,0,44.4,48.0,51.3,0.55,0.47,0.40
BSPA,2019-11-08 01:10:00 EST,43.02280,-73.87498,395,25.9,26.5,25.9,80.9,20.8,0.000,0.000,0.00,0.000,2.2,3.9,0.6,280,10,2.6,4.6,0.7,281,10,2.6,4.6,0.7,281,10,0,29.64,0.1,0,0,0,44.4,48.0,51.3,0.55,0.47,0.40
BSPA,2019-11-08 01:15:00 EST,43.02280,-73.87498,395,25.7,26.4,25.7,81.1,20.7,0.000,0.000,0.00,0.000,1.7,2.8,0.5,283,10,2.0,3.3,0.5,283,13,2.0,3.3,0.5,283,13,0,29.64,0.1,0,0,0,44.4,48.0,51.3,0.55,0.47,0.40
BSPA,2019-11-08 01:20:00 EST,43.02280,-73.87498,395,25.0,26.3,25.0,83.1,20.6,0.000,0.000,0.00,0.000,0.7,2.1,0.5,317,42,1.0,2.3,0.6,328,51,1.0,2.3,0.6,328,51,0,29.64,0.1,0,0,0,44.4,48.0,51.3,0.55,0.47,0.40
BSPA,2019-11-08 01:25:00 EST,43.02280,-73.87498,395,24.4,25.8,24.4,87.8,21.3,0.000,0.000,0.00,0.000,0.4,1.4,0.4,315,21,0.6,2.1,0.6,314,23,0.6,2.1,0.6,314,23,0,29.64,0.2,0,0,0,44.3,48.0,51.3,0.55,0.47,0.40
BSPA,2019-11-08 01:30:00 EST,43.02280,-73.87498,395,24.3,25.9,24.3,90.3,21.9,0.000,0.000,0.00,0.000,0.6,0.9,0.1,360,20,0.9,1.4,0.3,353,23,0.9,1.4,0.3,353,23,0,29.64,0.2,0,0,0,44.1,48.0,51.3,0.55,0.47,0.40
BSPA,2019-11-08 01:35:00 EST,43.02280,-73.87498,395,24.8,26.1,24.8,87.9,21.8,0.000,0.000,0.00,0.000,1.7,2.5,0.4,278,13,2.0,2.9,0.5,277,12,2.0,2.9,0.5,277,12,0,29.64,0.2,0,0,0,44.1,48.0,51.3,0.55,0.47,0.40
BSPA,2019-11-08 01:40:00 EST,43.02280,-73.87498,395,25.0,26.0,21.3,86.1,21.4,0.000,0.000,0.00,0.000,2.7,3.5,0.3,264,6,3.0,4.1,0.4,264,7,3.0,4.1,0.4,264,7,0,29.64,0.2,0,0,0,44.1,48.0,51.3,0.55,0.47,0.40
BSPA,2019-11-08 01:45:00 EST,43.02280,-73.87498,395,24.8,26.0,21.2,84.2,20.7,0.000,0.000,0.00,0.000,2.7,3.8,0.6,261,8,3.0,4.2,0.6,260,9,3.0,4.2,0.6,260,9,0,29.64,0.2,0,0,0,44.0,48.0,51.3,0.55,0.47,0.40
BSPA,2019-11-08 01:50:00 EST,43.02280,-73.87498,395,24.6,25.4,24.6,86.5,21.1,0.000,0.000,0.00,0.000,1.3,2.3,0.5,269,11,1.6,2.8,0.6,270,13,1.6,2.8,0.6,270,13,0,29.64,0.2,0,0,0,43.9,48.0,51.3,0.55,0.47,0.40
BSPA,2019-11-08 01:55:00 EST,43.02280,-73.87498,395,24.5,25.4,24.5,87.6,21.3,0.000,0.000,0.00,0.000,1.7,3.1,0.5,262,7,2.1,4.0,0.5,263,9,2.1,4.0,0.5,263,9,0,29.63,0.2,0,0,0,43.9,48.0,51.3,0.55,0.47,0.40
BSPA,2019-11-08 02:00:00 EST,43.02280,-73.87498,395,23.7,25.4,23.7,86.7,20.4,0.000,0.000,0.00,0.000,0.4,2.1,0.5,296,14,0.6,2.4,0.6,297,17,0.6,2.4,0.6,297,17,0,29.63,0.2,0,0,0,43.9,48.0,51.3,0.55,0.47,0.40
BSPA,2019-11-08 02:05:00 EST,43.02280,-73.87498,395,24.2,25.5,24.2,88.0,21.2,0.000,0.000,0.00,0.000,1.9,3.2,0.9,255,5,2.2,3.9,0.8,252,7,2.2,3.9,0.8,252,7,0,29.63,0.3,0,0,0,43.9,48.0,51.3,0.55,0.47,0.40
BSPA,2019-11-08 02:10:00 EST,43.02280,-73.87498,395,24.2,25.3,24.2,85.9,20.6,0.000,0.000,0.00,0.000,1.0,1.7,0.3,284,29,1.3,2.5,0.4,284,28,1.3,2.5,0.4,284,28,0,29.63,0.3,0,0,0,43.9,48.0,51.3,0.55,0.47,0.40
BSPA,2019-11-08 02:15:00 EST,43.02280,-73.87498,395,24.2,25.2,24.2,86.3,20.7,0.000,0.000,0.00,0.000,1.4,2.0,0.4,256,8,1.6,2.5,0.4,254,13,1.6,2.5,0.4,254,13,0,29.63,0.2,0,0,0,43.8,48.0,51.3,0.55,0.47,0.40
BSPA,2019-11-08 02:20:00 EST,43.02280,-73.87498,395,24.0,24.9,24.0,87.3,20.8,0.000,0.000,0.00,0.000,1.3,2.0,0.3,257,11,1.5,2.6,0.4,258,16,1.5,2.6,0.4,258,16,0,29.63,0.2,0,0,0,43.7,48.0,51.3,0.55,0.47,0.40
BSPA,2019-11-08 02:25:00 EST,43.02280,-73.87498,395,24.0,24.7,24.0,86.7,20.6,0.000,0.000,0.00,0.000,1.3,2.6,0.8,286,10,1.7,3.8,0.9,288,14,1.7,3.8,0.9,288,14,0,29.63,0.2,0,0,0,43.7,48.0,51.3,0.55,0.47,0.40
BSPA,2019-11-08 02:30:00 EST,43.02280,-73.87498,395,23.8,24.9,23.8,85.6,20.1,0.000,0.000,0.00,0.000,1.9,3.1,0.6,288,17,2.2,3.4,0.6,289,17,2.2,3.4,0.6,289,17,0,29.63,0.2,0,0,0,43.7,48.0,51.2,0.55,0.47,0.40
BSPA,2019-11-08 02:35:00 EST,43.02280,-73.87498,395,23.3,24.8,23.3,87.3,20.0,0.000,0.000,0.00,0.000,1.6,2.6,0.4,271,14,2.0,3.3,0.5,270,15,2.0,3.3,0.5,270,15,0,29.63,0.3,0,0,0,43.7,48.0,51.3,0.55,0.47,0.40
BSPA,2019-11-08 02:40:00 EST,43.02280,-73.87498,395,23.9,24.9,23.9,86.5,20.4,0.000,0.000,0.00,0.000,2.5,3.3,0.4,282,9,2.8,4.1,0.5,281,9,2.8,4.1,0.5,281,9,0,29.63,0.3,0,0,0,43.6,48.0,51.3,0.55,0.47,0.40
BSPA,2019-11-08 02:45:00 EST,43.02280,-73.87498,395,24.0,24.8,24.0,84.5,20.0,0.000,0.000,0.00,0.000,2.5,3.4,0.4,281,7,2.8,4.0,0.5,282,8,2.8,4.0,0.5,282,8,0,29.63,0.2,0,0,0,43.5,48.0,51.2,0.55,0.47,0.40
BSPA,2019-11-08 02:50:00 EST,43.02280,-73.87498,395,24.0,24.8,20.0,84.3,20.0,0.000,0.000,0.00,0.000,2.7,3.7,0.5,280,6,3.1,4.2,0.5,280,6,3.1,4.2,0.5,280,6,0,29.63,0.3,0,0,0,43.5,48.0,51.3,0.55,0.47,0.40
BSPA,2019-11-08 02:55:00 EST,43.02280,-73.87498,395,24.0,24.8,19.7,84.3,20.0,0.000,0.000,0.00,0.000,3.0,4.2,0.4,273,8,3.4,4.6,0.5,272,8,3.4,4.6,0.5,272,8,0,29.63,0.3,0,0,0,43.5,48.0,51.3,0.55,0.47,0.40
BSPA,2019-11-08 03:00:00 EST,43.02280,-73.87498,395,23.4,24.5,23.4,85.9,19.8,0.000,0.000,0.00,0.000,1.5,2.8,0.6,290,18,1.7,3.5,0.8,288,19,1.7,3.5,0.8,288,19,0,29.63,0.2,0,0,0,43.5,48.0,51.2,0.55,0.47,0.40
BSPA,2019-11-08 03:05:00 EST,43.02280,-73.87498,395,23.1,24.4,23.1,86.9,19.7,0.000,0.000,0.00,0.000,2.3,4.5,1.0,280,18,2.7,5.5,1.1,281,19,2.7,5.5,1.1,281,19,0,29.63,0.3,0,0,0,43.4,48.0,51.1,0.55,0.47,0.40
BSPA,2019-11-08 03:10:00 EST,43.02280,-73.87498,395,23.4,24.4,18.5,85.9,19.8,0.000,0.000,0.00,0.000,3.2,4.6,0.6,263,10,3.7,5.5,0.7,264,10,3.7,5.5,0.7,264,10,0,29.63,0.4,0,0,0,43.3,48.0,51.2,0.55,0.47,0.40
BSPA,2019-11-08 03:15:00 EST,43.02280,-73.87498,395,23.7,24.5,18.9,84.8,19.8,0.000,0.000,0.00,0.000,3.3,4.5,0.5,262,9,3.7,5.4,0.6,261,9,3.7,5.4,0.6,261,9,0,29.63,0.3,0,0,0,43.3,48.0,51.1,0.55,0.47,0.40
BSPA,2019-11-08 03:20:00 EST,43.02280,-73.87498,395,23.7,24.4,18.8,84.0,19.5,0.000,0.000,0.00,0.000,3.3,4.5,0.5,267,8,3.7,5.3,0.6,267,8,3.7,5.3,0.6,267,8,0,29.63,0.3,0,0,0,43.3,48.0,51.2,0.55,0.47,0.40
BSPA,2019-11-08 03:25:00 EST,43.02280,-73.87498,395,23.6,24.3,18.5,84.6,19.6,0.000,0.000,0.00,0.000,3.4,5.8,0.8,278,13,3.9,7.4,1.0,278,11,3.9,7.4,1.0,278,11,0,29.63,0.4,0,0,0,43.3,48.0,51.1,0.55,0.47,0.40
BSPA,2019-11-08 03:30:00 EST,43.02280,-73.87498,395,23.5,24.4,23.5,84.1,19.4,0.000,0.000,0.00,0.000,2.5,4.7,0.8,293,16,2.7,5.1,1.0,292,14,2.7,5.1,1.0,292,14,0,29.63,0.4,0,0,0,43.2,48.0,51.2,0.55,0.47,0.40
BSPA,2019-11-08 03:35:00 EST,43.02280,-73.87498,395,23.5,24.5,23.5,83.9,19.4,0.000,0.000,0.00,0.000,2.0,3.9,0.7,304,18,2.2,4.2,0.8,303,16,2.2,4.2,0.8,303,16,0,29.63,0.3,0,0,0,43.2,48.0,51.1,0.55,0.47,0.40
BSPA,2019-11-08 03:40:00 EST,43.02280,-73.87498,395,22.6,24.2,22.6,86.5,19.2,0.000,0.000,0.00,0.000,1.1,2.0,0.4,346,28,1.3,2.6,0.6,350,28,1.3,2.6,0.6,350,28,0,29.63,0.3,0,0,0,43.2,48.0,51.2,0.55,0.47,0.40
BSPA,2019-11-08 03:45:00 EST,43.02280,-73.87498,395,22.5,24.1,22.5,88.5,19.6,0.000,0.000,0.00,0.000,1.5,4.1,0.9,341,19,1.9,5.1,1.1,340,17,1.9,5.1,1.1,340,17,0,29.63,0.4,0,0,0,43.2,48.0,51.1,0.55,0.47,0.40
BSPA,2019-11-08 03:50:00 EST,43.02280,-73.87498,395,22.6,23.8,22.6,88.8,19.8,0.000,0.000,0.00,0.000,1.2,2.7,0.5,295,20,1.5,3.2,0.5,294,18,1.5,3.2,0.5,294,18,0,29.63,0.3,0,0,0,43.2,48.0,51.1,0.55,0.47,0.40
BSPA,2019-11-08 03:55:00 EST,43.02280,-73.87498,395,22.9,23.9,22.9,87.3,19.6,0.000,0.000,0.00,0.000,2.7,4.9,0.9,288,13,3.0,6.1,1.0,289,13,3.0,6.1,1.0,289,13,0,29.63,0.5,0,0,0,43.0,48.0,51.1,0.55,0.47,0.40
BSPA,2019-11-08 04:00:00 EST,43.02280,-73.87498,395,23.0,23.8,23.0,84.6,19.1,0.000,0.000,0.00,0.000,2.2,5.2,0.9,289,17,2.6,6.6,1.0,289,18,2.6,6.6,1.0,289,18,0,29.63,0.4,0,0,0,43.0,48.0,51.1,0.55,0.47,0.40
BSPA,2019-11-08 04:05:00 EST,43.02280,-73.87498,395,22.9,23.8,22.9,84.1,18.8,0.000,0.000,0.00,0.000,2.4,4.7,0.8,296,18,2.6,5.6,1.0,294,16,2.6,5.6,1.0,294,16,0,29.63,0.4,0,0,0,43.0,48.0,51.1,0.55,0.46,0.40
BSPA,2019-11-08 04:10:00 EST,43.02280,-73.87498,395,22.8,23.7,22.8,84.9,18.9,0.000,0.000,0.00,0.000,2.4,4.4,0.8,294,16,2.6,6.0,0.9,295,15,2.6,6.0,0.9,295,15,0,29.63,0.4,0,0,0,43.0,48.0,51.1,0.55,0.47,0.40
BSPA,2019-11-08 04:15:00 EST,43.02280,-73.87498,395,22.6,23.6,22.6,84.6,18.7,0.000,0.000,0.00,0.000,2.4,4.5,0.8,304,17,2.7,4.7,0.9,305,17,2.7,4.7,0.9,305,17,0,29.63,0.4,0,0,0,43.0,48.0,51.1,0.55,0.47,0.40
BSPA,2019-11-08 04:20:00 EST,43.02280,-73.87498,395,22.5,23.5,22.5,84.4,18.5,0.000,0.000,0.00,0.000,2.1,3.9,0.7,299,17,2.5,4.8,0.9,298,16,2.5,4.8,0.9,298,16,0,29.63,0.4,0,0,0,42.8,47.9,51.1,0.55,0.47,0.40
BSPA,2019-11-08 04:25:00 EST,43.02280,-73.87498,395,22.5,23.6,22.5,86.3,19.0,0.000,0.000,0.00,0.000,2.4,3.9,0.7,298,15,2.6,4.6,0.8,300,14,2.6,4.6,0.8,300,14,0,29.63,0.4,0,0,0,42.8,47.8,51.1,0.55,0.47,0.40
BSPA,2019-11-08 04:30:00 EST,43.02280,-73.87498,395,22.6,23.6,22.6,85.2,18.9,0.000,0.000,0.00,0.000,2.3,4.0,0.6,305,17,2.4,4.7,0.7,303,16,2.4,4.7,0.7,303,16,0,29.63,0.5,0,0,0,42.8,47.9,51.1,0.55,0.47,0.40
BSPA,2019-11-08 04:35:00 EST,43.02280,-73.87498,395,22.9,23.7,22.9,83.0,18.5,0.000,0.000,0.00,0.000,2.2,4.0,0.8,314,24,2.5,4.8,0.9,313,21,2.5,4.8,0.9,313,21,0,29.63,0.4,0,0,0,42.8,47.8,51.1,0.55,0.47,0.40
BSPA,2019-11-08 04:40:00 EST,43.02280,-73.87498,395,22.7,23.7,22.7,82.8,18.3,0.000,0.000,0.00,0.000,2.4,3.9,0.7,312,17,2.7,5.2,0.9,313,16,2.7,5.2,0.9,313,16,0,29.64,0.4,0,0,0,42.8,47.8,51.1,0.55,0.47,0.40
BSPA,2019-11-08 04:45:00 EST,43.02280,-73.87498,395,22.5,23.6,22.5,83.3,18.2,0.000,0.000,0.00,0.000,2.5,4.3,0.7,309,17,2.7,4.6,0.8,309,18,2.7,4.6,0.8,309,18,0,29.64,0.3,0,0,0,42.8,47.8,51.1,0.55,0.47,0.40
BSPA,2019-11-08 04:50:00 EST,43.02280,-73.87498,395,22.4,23.5,22.4,82.5,17.9,0.000,0.000,0.00,0.000,1.6,2.6,0.5,304,17,1.8,3.8,0.5,304,19,1.8,3.8,0.5,304,19,0,29.64,0.5,0,0,0,42.6,47.8,51.1,0.55,0.47,0.40
BSPA,2019-11-08 04:55:00 EST,43.02280,-73.87498,395,22.5,23.4,22.5,83.5,18.2,0.000,0.000,0.00,0.000,1.5,3.0,0.5,307,19,1.6,3.4,0.6,305,18,1.6,3.4,0.6,305,18,0,29.64,0.4,0,0,0,42.6,47.8,51.1,0.55,0.47,0.40
BSPA,2019-11-08 05:00:00 EST,43.02280,-73.87498,395,22.5,23.4,22.5,84.0,18.4,0.000,0.000,0.00,0.000,1.8,3.2,0.5,291,11,2.0,3.8,0.5,292,11,2.0,3.8,0.5,292,11,0,29.64,0.5,0,0,0,42.6,47.8,51.1,0.55,0.46,0.40
BSPA,2019-11-08 05:05:00 EST,43.02280,-73.87498,395,22.6,23.4,22.6,83.9,18.5,0.000,0.000,0.00,0.000,2.3,3.6,0.4,286,7,2.6,3.7,0.4,288,9,2.6,3.7,0.4,288,9,0,29.64,0.5,0,0,0,42.6,47.8,51.1,0.55,0.47,0.40
BSPA,2019-11-08 05:10:00 EST,43.02280,-73.87498,395,22.2,23.2,22.2,83.3,17.9,0.000,0.000,0.00,0.000,1.1,1.9,0.5,287,7,1.4,2.4,0.5,286,12,1.4,2.4,0.5,286,12,0,29.64,0.4,0,0,0,42.6,47.8,51.1,0.55,0.47,0.40
BSPA,2019-11-08 05:15:00 EST,43.02280,-73.87498,395,21.6,22.8,21.6,85.3,17.9,0.000,0.000,0.00,0.000,0.5,1.5,0.5,291,1,0.7,1.8,0.5,296,11,0.7,1.8,0.5,296,11,0,29.64,0.4,0,0,0,42.5,47.8,51.1,0.55,0.46,0.40
BSPA,2019-11-08 05:20:00 EST,43.02280,-73.87498,395,20.4,22.4,20.4,88.0,17.4,0.000,0.000,0.00,0.000,0.0,0.0,0.0,0,0,0.3,1.0,0.4,12,3,0.3,1.0,0.4,12,3,0,29.64,0.5,0,0,0,42.4,47.8,51.1,0.55,0.47,0.40
BSPA,2019-11-08 05:25:00 EST,43.02280,-73.87498,395,20.7,22.1,20.7,89.8,18.2,0.000,0.000,0.00,0.000,0.1,1.4,0.4,248,4,0.4,1.7,0.6,236,2,0.4,1.7,0.6,236,2,0,29.64,0.5,0,0,0,42.4,47.8,51.1,0.55,0.47,0.40
BSPA,2019-11-08 05:30:00 EST,43.02280,-73.87498,395,21.4,22.4,21.4,90.7,19.1,0.000,0.000,0.00,0.000,1.0,1.5,0.2,245,0,1.2,1.7,0.2,235,4,1.2,1.7,0.2,235,4,0,29.64,0.5,0,0,0,42.4,47.8,51.1,0.55,0.46,0.40
BSPA,2019-11-08 05:35:00 EST,43.02280,-73.87498,395,21.0,22.1,21.0,90.3,18.6,0.000,0.000,0.00,0.000,1.1,1.5,0.2,245,0,1.4,1.7,0.2,242,8,1.4,1.7,0.2,242,8,0,29.64,0.4,0,0,0,42.4,47.8,51.1,0.55,0.47,0.40
BSPA,2019-11-08 05:40:00 EST,43.02280,-73.87498,395,20.0,21.8,20.0,89.1,17.3,0.000,0.000,0.00,0.000,1.2,1.5,0.2,250,2,1.5,1.8,0.2,249,8,1.5,1.8,0.2,249,8,0,29.64,0.5,0,0,0,42.4,47.8,51.1,0.55,0.46,0.40
BSPA,2019-11-08 05:45:00 EST,43.02280,-73.87498,395,20.5,21.6,20.5,91.4,18.4,0.000,0.000,0.00,0.000,1.7,2.6,0.5,235,11,1.8,2.7,0.4,233,13,1.8,2.7,0.4,233,13,0,29.64,0.5,0,0,0,42.4,47.8,51.1,0.55,0.47,0.40
BSPA,2019-11-08 05:50:00 EST,43.02280,-73.87498,395,20.8,21.9,20.8,91.9,18.8,0.000,0.000,0.00,0.000,1.6,2.2,0.5,229,5,1.7,2.4,0.4,225,8,1.7,2.4,0.4,225,8,0,29.64,0.4,0,0,0,42.3,47.8,51.1,0.55,0.47,0.40
BSPA,2019-11-08 05:55:00 EST,43.02280,-73.87498,395,19.6,21.4,19.6,90.5,17.3,0.000,0.000,0.00,0.000,0.2,0.9,0.3,16,27,0.6,1.3,0.5,324,46,0.6,1.3,0.5,324,46,0,29.64,0.5,0,0,0,42.3,47.8,51.1,0.55,0.46,0.40
BSPA,2019-11-08 06:00:00 EST,43.02280,-73.87498,395,19.7,21.0,19.7,92.2,17.8,0.000,0.000,0.00,0.000,0.0,0.4,0.1,22,0,0.0,0.7,0.1,50,81,0.0,0.7,0.1,50,81,0,29.65,0.5,0,0,0,42.3,47.8,51.1,0.55,0.47,0.40
BSPA,2019-11-08 06:05:00 EST,43.02280,-73.87498,395,19.8,21.0,19.8,94.0,18.4,0.000,0.000,0.00,0.000,0.0,0.0,0.0,0,0,0.1,0.9,0.3,253,2,0.1,0.9,0.3,253,2,0,29.65,0.5,0,0,0,42.3,47.8,51.1,0.55,0.47,0.40
BSPA,2019-11-08 06:10:00 EST,43.02280,-73.87498,395,19.9,20.9,19.9,94.0,18.4,0.000,0.000,0.00,0.000,0.0,0.0,0.0,0,0,0.3,0.9,0.4,314,12,0.3,0.9,0.4,314,12,0,29.65,0.5,0,0,0,42.3,47.7,51.1,0.55,0.46,0.40
BSPA,2019-11-08 06:15:00 EST,43.02280,-73.87498,395,19.6,20.6,19.6,93.4,18.0,0.000,0.000,0.00,0.000,0.0,0.0,0.0,0,0,0.4,1.1,0.4,269,9,0.4,1.1,0.4,269,9,0,29.65,0.5,0,0,0,42.1,47.6,51.1,0.55,0.46,0.40
BSPA,2019-11-08 06:20:00 EST,43.02280,-73.87498,395,19.3,20.6,19.3,93.5,17.8,0.000,0.000,0.00,0.000,0.7,1.6,0.7,278,3,1.4,2.1,0.6,276,5,1.4,2.1,0.6,276,5,0,29.65,0.6,0,0,0,42.1,47.6,51.1,0.55,0.47,0.40
BSPA,2019-11-08 06:25:00 EST,43.02280,-73.87498,395,19.1,20.4,19.1,93.7,17.6,0.000,0.000,0.00,0.000,0.6,1.5,0.5,327,42,1.0,2.0,0.5,328,42,1.0,2.0,0.5,328,42,0,29.66,0.5,0,0,0,42.1,47.5,51.1,0.55,0.46,0.40
BSPA,2019-11-08 06:30:00 EST,43.02280,-73.87498,395,19.4,20.6,19.4,94.0,18.0,0.000,0.000,0.00,0.000,1.5,2.5,0.4,273,17,1.9,3.0,0.5,272,17,1.9,3.0,0.5,272,17,1,29.66,0.6,0,0,0,42.1,47.5,51.1,0.55,0.46,0.40
BSPA,2019-11-08 06:35:00 EST,43.02280,-73.87498,395,19.9,21.3,19.9,93.7,18.4,0.000,0.000,0.00,0.000,1.2,1.8,0.3,276,7,1.5,2.2,0.3,279,8,1.5,2.2,0.3,279,8,3,29.66,0.6,0,0,0,42.1,47.6,51.1,0.55,0.46,0.40
BSPA,2019-11-08 06:40:00 EST,43.02280,-73.87498,395,19.0,20.6,19.0,92.4,17.2,0.000,0.000,0.00,0.000,0.6,2.5,0.7,311,50,1.0,2.9,0.8,302,51,1.0,2.9,0.8,302,51,6,29.66,0.5,0,0,0,42.1,47.5,51.1,0.55,0.47,0.40
BSPA,2019-11-08 06:45:00 EST,43.02280,-73.87498,395,18.6,20.1,18.6,92.5,16.8,0.000,0.000,0.00,0.000,0.4,1.3,0.5,45,5,0.6,1.5,0.6,41,8,0.6,1.5,0.6,41,8,9,29.67,0.6,0,0,0,42.0,47.5,51.1,0.55,0.46,0.40
BSPA,2019-11-08 06:50:00 EST,43.02280,-73.87498,395,18.7,20.0,18.7,93.1,17.1,0.000,0.000,0.00,0.000,0.9,2.1,0.7,195,29,1.2,2.3,0.7,196,12,1.2,2.3,0.7,196,12,12,29.67,0.5,0,0,0,41.9,47.5,51.1,0.55,0.46,0.40
BSPA,2019-11-08 06:55:00 EST,43.02280,-73.87498,395,18.7,20.1,18.7,93.7,17.2,0.000,0.000,0.00,0.000,0.6,1.0,0.2,221,19,1.0,1.4,0.2,223,23,1.0,1.4,0.2,223,23,15,29.67,0.7,0,0,0,41.9,47.5,51.1,0.55,0.46,0.40
BSPA,2019-11-08 07:00:00 EST,43.02280,-73.87498,395,19.4,20.6,19.4,93.7,17.9,0.000,0.000,0.00,0.000,1.5,2.6,0.5,220,10,1.7,2.8,0.5,219,11,1.7,2.8,0.5,219,11,17,29.67,0.7,0,0,0,41.9,47.5,51.1,0.55,0.46,0.40
BSPA,2019-11-08 07:05:00 EST,43.02280,-73.87498,395,19.8,20.8,19.8,93.5,18.2,0.000,0.000,0.00,0.000,1.3,2.0,0.3,298,19,1.6,2.5,0.3,297,18,1.6,2.5,0.3,297,18,20,29.68,0.6,0,0,0,41.9,47.5,51.1,0.55,0.47,0.40
BSPA,2019-11-08 07:10:00 EST,43.02280,-73.87498,395,19.9,21.1,19.9,93.0,18.2,0.000,0.000,0.00,0.000,2.2,3.0,0.4,297,14,2.4,3.7,0.5,297,15,2.4,3.7,0.5,297,15,22,29.68,0.6,0,0,0,41.9,47.5,51.1,0.55,0.46,0.40
BSPA,2019-11-08 07:15:00 EST,43.02280,-73.87498,395,20.8,22.2,20.8,89.7,18.3,0.000,0.000,0.00,0.000,2.5,4.2,0.8,305,13,2.6,5.0,0.8,303,12,2.6,5.0,0.8,303,12,25,29.68,0.7,0,0,0,41.8,47.5,51.1,0.55,0.46,0.40
BSPA,2019-11-08 07:20:00 EST,43.02280,-73.87498,395,21.7,22.5,15.3,86.9,18.4,0.000,0.000,0.00,0.000,4.1,6.4,0.9,277,10,4.7,7.6,1.1,278,9,4.7,7.6,1.1,278,9,27,29.68,0.7,0,0,0,41.7,47.5,51.1,0.55,0.46,0.40
BSPA,2019-11-08 07:25:00 EST,43.02280,-73.87498,395,21.8,22.3,17.4,86.5,18.4,0.000,0.000,0.00,0.000,2.8,3.9,0.6,271,14,3.2,4.6,0.7,271,14,3.2,4.6,0.7,271,14,43,29.68,0.7,0,0,0,41.7,47.5,51.1,0.55,0.46,0.40
BSPA,2019-11-08 07:30:00 EST,43.02280,-73.87498,395,22.3,22.9,17.3,84.3,18.3,0.000,0.000,0.00,0.000,3.3,6.1,1.2,289,18,3.7,7.3,1.4,288,16,3.7,7.3,1.4,288,16,88,29.69,0.7,0,0,0,41.7,47.5,51.1,0.55,0.46,0.40
BSPA,2019-11-08 07:35:00 EST,43.02280,-73.87498,395,22.9,23.3,22.9,79.6,17.5,0.000,0.000,0.00,0.000,2.3,5.6,1.1,293,24,2.8,6.8,1.3,290,23,2.8,6.8,1.3,290,23,119,29.69,0.7,0,0,0,41.7,47.5,51.1,0.55,0.46,0.40
BSPA,2019-11-08 07:40:00 EST,43.02280,-73.87498,395,23.5,23.8,18.8,74.2,16.5,0.000,0.000,0.00,0.000,3.1,5.9,1.1,303,23,3.6,7.0,1.2,301,22,3.6,7.0,1.2,301,22,132,29.69,0.7,0,0,0,41.7,47.5,51.1,0.55,0.47,0.40
BSPA,2019-11-08 07:45:00 EST,43.02280,-73.87498,395,23.9,24.2,17.4,71.1,15.9,0.000,0.000,0.00,0.000,4.4,8.0,1.7,286,16,5.1,9.3,1.8,284,14,5.1,9.3,1.8,284,14,141,29.70,0.7,0,0,0,41.6,47.5,51.1,0.55,0.47,0.40
BSPA,2019-11-08 07:50:00 EST,43.02280,-73.87498,395,24.2,24.4,16.8,68.9,15.5,0.000,0.000,0.00,0.000,5.3,9.4,1.7,284,15,6.1,11.2,2.1,283,13,6.1,11.2,2.1,283,13,151,29.70,0.7,0,0,0,41.5,47.5,51.1,0.55,0.47,0.40
BSPA,2019-11-08 07:55:00 EST,43.02280,-73.87498,395,24.5,24.7,16.5,67.6,15.3,0.000,0.000,0.00,0.000,6.0,11.3,1.8,294,21,6.8,13.3,2.1,292,19,6.8,13.3,2.1,292,19,159,29.70,0.7,0,0,0,41.5,47.5,51.1,0.55,0.46,0.40
BSPA,2019-11-08 08:00:00 EST,43.02280,-73.87498,395,24.6,24.9,15.7,65.4,14.7,0.000,0.000,0.00,0.000,7.2,12.6,1.9,289,16,8.3,14.3,2.3,286,14,8.3,14.3,2.3,286,14,166,29.70,0.7,0,0,0,41.5,47.4,51.1,0.55,0.47,0.40
BSPA,2019-11-08 08:05:00 EST,43.02280,-73.87498,395,24.8,25.0,16.1,64.7,14.6,0.000,0.000,0.00,0.000,6.9,13.4,2.7,292,21,8.0,15.6,2.9,291,18,8.0,15.6,2.9,291,18,175,29.70,0.7,0,0,0,41.5,47.5,51.1,0.55,0.46,0.40
BSPA,2019-11-08 08:10:00 EST,43.02280,-73.87498,395,25.0,25.2,16.0,64.5,14.7,0.000,0.000,0.00,0.000,7.1,15.3,3.1,299,22,8.3,17.5,3.2,296,22,8.3,17.5,3.2,296,22,185,29.70,0.7,0,0,0,41.5,47.3,51.1,0.55,0.47,0.40
BSPA,2019-11-08 08:15:00 EST,43.02280,-73.87498,395,25.1,25.3,17.4,63.8,14.5,0.000,0.000,0.00,0.000,6.0,11.6,2.0,294,20,6.7,12.6,2.4,295,19,6.7,12.6,2.4,295,19,184,29.70,0.7,0,0,0,41.5,47.4,51.1,0.55,0.46,0.40
BSPA,2019-11-08 08:20:00 EST,43.02280,-73.87498,395,25.2,25.4,17.5,64.1,14.8,0.000,0.000,0.00,0.000,5.8,10.6,2.0,297,17,6.7,12.5,2.3,294,14,6.7,12.5,2.3,294,14,207,29.71,0.7,0,0,0,41.4,47.3,51.1,0.55,0.47,0.40
BSPA,2019-11-08 08:25:00 EST,43.02280,-73.87498,395,25.3,25.5,16.5,63.8,14.7,0.000,0.000,0.00,0.000,7.3,12.1,2.5,294,21,8.2,14.1,2.6,293,20,8.2,14.1,2.6,293,20,218,29.71,0.7,0,0,0,41.4,47.3,51.1,0.55,0.47,0.40
BSPA,2019-11-08 08:30:00 EST,43.02280,-73.87498,395,25.6,25.7,19.0,65.0,15.5,0.000,0.000,0.00,0.000,4.9,8.8,1.4,294,23,5.7,11.6,1.9,290,22,5.7,11.6,1.9,290,22,227,29.71,0.7,0,0,0,41.4,47.3,51.1,0.55,0.47,0.40
BSPA,2019-11-08 08:35:00 EST,43.02280,-73.87498,395,25.7,25.8,18.3,63.6,15.1,0.000,0.000,0.00,0.000,5.8,11.3,2.2,308,20,6.5,14.2,2.3,308,18,6.5,14.2,2.3,308,18,239,29.71,0.7,0,0,0,41.4,47.3,51.1,0.55,0.47,0.40
BSPA,2019-11-08 08:40:00 EST,43.02280,-73.87498,395,25.9,26.0,18.7,63.9,15.3,0.000,0.000,0.00,0.000,5.5,11.0,2.3,310,23,6.3,12.0,2.4,306,21,6.3,12.0,2.4,306,21,248,29.71,0.8,0,0,0,41.4,47.3,51.1,0.55,0.47,0.40
BSPA,2019-11-08 08:45:00 EST,43.02280,-73.87498,395,26.2,26.2,19.6,64.0,15.7,0.000,0.000,0.00,0.000,5.0,9.6,2.1,304,32,5.7,11.2,2.4,301,31,5.7,11.2,2.4,301,31,260,29.72,0.7,0,0,0,41.4,47.3,51.1,0.55,0.47,0.40
BSPA,2019-11-08 08:50:00 EST,43.02280,-73.87498,395,26.1,26.2,18.6,62.0,14.9,0.000,0.000,0.00,0.000,6.1,11.9,2.5,306,23,6.7,11.2,2.4,303,22,6.7,11.2,2.4,303,22,268,29.72,0.7,0,0,0,41.4,47.3,51.1,0.55,0.47,0.40
BSPA,2019-11-08 08:55:00 EST,43.02280,-73.87498,395,26.2,26.3,17.9,61.3,14.7,0.000,0.000,0.00,0.000,7.0,12.7,2.5,289,19,7.9,14.5,2.8,288,16,7.9,14.5,2.8,288,16,290,29.72,0.8,0,0,0,41.4,47.3,51.1,0.55,0.47,0.40
BSPA,2019-11-08 09:00:00 EST,43.02280,-73.87498,395,26.4,26.5,18.5,61.8,15.1,0.000,0.000,0.00,0.000,6.6,12.7,2.1,303,26,7.4,14.7,2.4,302,25,7.4,14.7,2.4,302,25,272,29.72,0.8,0,0,0,41.4,47.3,51.1,0.55,0.47,0.40
BSPA,2019-11-08 09:05:00 EST,43.02280,-73.87498,395,26.8,26.7,19.7,63.0,15.9,0.000,0.000,0.00,0.000,5.5,11.7,2.2,299,30,6.3,13.3,2.4,299,26,6.3,13.3,2.4,299,26,232,29.72,0.7,0,0,0,41.4,47.3,51.1,0.55,0.47,0.40
BSPA,2019-11-08 09:10:00 EST,43.02280,-73.87498,395,26.1,26.3,18.7,60.2,14.2,0.000,0.000,0.00,0.000,6.0,9.4,1.5,299,23,6.7,11.8,1.9,299,22,6.7,11.8,1.9,299,22,101,29.72,0.7,0,0,0,41.2,47.3,51.1,0.55,0.47,0.40
BSPA,2019-11-08 09:15:00 EST,43.02280,-73.87498,395,26.1,26.3,20.3,62.3,15.0,0.000,0.000,0.00,0.000,4.2,10.1,2.0,319,26,4.9,12.4,2.2,316,23,4.9,12.4,2.2,316,23,91,29.72,0.7,0,0,0,41.2,47.3,51.1,0.55,0.47,0.40
BSPA,2019-11-08 09:20:00 EST,43.02280,-73.87498,395,26.3,26.5,19.9,61.7,14.9,0.000,0.000,0.00,0.000,4.9,9.6,1.9,318,22,5.5,10.3,2.1,316,23,5.5,10.3,2.1,316,23,194,29.72,0.8,0,0,0,41.2,47.2,51.1,0.55,0.47,0.40
BSPA,2019-11-08 09:25:00 EST,43.02280,-73.87498,395,27.1,27.1,19.1,60.6,15.3,0.000,0.000,0.00,0.000,6.6,14.4,3.3,287,18,7.6,17.0,3.8,285,16,7.6,17.0,3.8,285,16,299,29.72,0.8,0,0,0,41.2,47.2,51.1,0.55,0.47,0.40
BSPA,2019-11-08 09:30:00 EST,43.02280,-73.87498,395,27.4,27.4,18.9,59.4,15.1,0.000,0.000,0.00,0.000,7.5,14.7,2.5,298,19,8.5,16.1,2.5,296,19,8.5,16.1,2.5,296,19,321,29.72,0.7,0,0,0,41.2,47.1,51.1,0.55,0.47,0.40
BSPA,2019-11-08 09:35:00 EST,43.02280,-73.87498,395,27.3,27.4,18.3,59.0,14.9,0.000,0.000,0.00,0.000,8.0,15.6,3.3,290,17,9.5,17.5,3.7,287,16,9.5,17.5,3.7,287,16,266,29.72,0.7,0,0,0,41.2,47.1,51.1,0.55,0.47,0.40
BSPA,2019-11-08 09:40:00 EST,43.02280,-73.87498,395,27.3,27.4,18.9,58.0,14.5,0.000,0.000,0.00,0.000,7.3,13.2,2.7,290,22,8.3,16.6,3.1,288,20,8.3,16.6,3.1,288,20,193,29.72,0.8,0,0,0,41.2,47.1,51.1,0.55,0.47,0.40
BSPA,2019-11-08 09:45:00 EST,43.02280,-73.87498,395,27.5,27.6,20.4,58.9,15.0,0.000,0.000,0.00,0.000,5.7,12.2,2.6,290,21,6.7,14.9,2.9,289,20,6.7,14.9,2.9,289,20,277,29.72,0.8,0,0,0,41.2,47.1,51.1,0.55,0.47,0.40
BSPA,2019-11-08 09:50:00 EST,43.02280,-73.87498,395,28.4,28.2,19.3,58.9,15.8,0.000,0.000,0.00,0.000,8.6,16.6,3.5,287,26,9.9,18.7,3.9,285,25,9.9,18.7,3.9,285,25,350,29.72,0.8,0,0,0,41.2,47.1,51.1,0.55,0.47,0.40
BSPA,2019-11-08 09:55:00 EST,43.02280,-73.87498,395,28.5,28.4,19.4,56.2,14.9,0.000,0.000,0.00,0.000,8.8,17.9,2.8,292,20,9.9,19.5,3.1,289,17,9.9,19.5,3.1,289,17,396,29.72,0.8,0,0,0,41.2,47.1,51.1,0.55,0.47,0.40
BSPA,2019-11-08 10:00:00 EST,43.02280,-73.87498,395,28.9,28.7,22.5,56.8,15.5,0.000,0.000,0.00,0.000,5.2,12.3,3.1,303,23,6.0,14.8,3.1,303,25,6.0,14.8,3.1,303,25,343,29.72,0.7,0,0,0,41.2,47.1,51.1,0.55,0.47,0.40
BSPA,2019-11-08 10:05:00 EST,43.02280,-73.87498,395,29.3,29.0,21.4,55.7,15.4,0.000,0.000,0.00,0.000,7.3,13.0,2.8,295,20,8.3,15.2,3.1,294,19,8.3,15.2,3.1,294,19,415,29.72,0.7,0,0,0,41.2,47.1,51.1,0.55,0.47,0.40
BSPA,2019-11-08 10:10:00 EST,43.02280,-73.87498,395,29.4,29.2,21.3,54.8,15.1,0.000,0.000,0.00,0.000,7.4,17.4,3.3,320,26,8.6,18.0,3.4,319,26,8.6,18.0,3.4,319,26,326,29.72,0.7,0,0,0,41.2,47.1,51.1,0.55,0.47,0.40
BSPA,2019-11-08 10:15:00 EST,43.02280,-73.87498,395,29.4,29.2,20.2,52.8,14.3,0.000,0.000,0.00,0.000,9.8,15.4,2.8,304,23,10.6,16.7,3.0,302,22,10.6,16.7,3.0,302,22,426,29.72,0.8,0,0,0,41.2,47.1,51.1,0.55,0.47,0.40
BSPA,2019-11-08 10:20:00 EST,43.02280,-73.87498,395,29.8,29.6,21.5,51.4,14.0,0.000,0.000,0.00,0.000,7.9,14.3,3.3,311,26,9.2,21.1,3.5,310,25,9.2,21.1,3.5,310,25,429,29.72,0.7,0,0,0,41.2,47.1,51.1,0.55,0.47,0.40
BSPA,2019-11-08 10:25:00 EST,43.02280,-73.87498,395,29.6,29.4,21.1,50.1,13.3,0.000,0.000,0.00,0.000,8.6,17.2,3.4,308,25,9.4,19.1,3.2,303,25,9.4,19.1,3.2,303,25,413,29.72,0.7,0,0,0,41.2,47.1,51.1,0.55,0.47,0.40
BSPA,2019-11-08 10:30:00 EST,43.02280,-73.87498,395,29.7,29.7,21.6,51.6,14.1,0.000,0.000,0.00,0.000,7.6,15.0,2.8,304,21,8.7,15.9,3.2,303,22,8.7,15.9,3.2,303,22,451,29.72,0.8,0,0,0,41.2,47.1,51.1,0.55,0.47,0.40
BSPA,2019-11-08 10:35:00 EST,43.02280,-73.87498,395,30.0,29.7,23.0,53.8,15.3,0.000,0.000,0.00,0.000,6.0,12.5,2.8,312,26,7.2,14.5,2.6,311,25,7.2,14.5,2.6,311,25,341,29.72,0.7,0,0,0,41.2,47.1,51.1,0.55,0.47,0.40
BSPA,2019-11-08 10:40:00 EST,43.02280,-73.87498,395,30.3,29.9,24.5,54.4,15.8,0.000,0.000,0.00,0.000,4.9,11.2,2.8,318,31,5.6,12.8,2.7,318,31,5.6,12.8,2.7,318,31,391,29.72,0.7,0,0,0,41.2,47.1,51.1,0.55,0.47,0.40
BSPA,2019-11-08 10:45:00 EST,43.02280,-73.87498,395,30.0,29.8,23.1,50.9,14.0,0.000,0.000,0.00,0.000,6.0,12.4,1.9,330,31,7.1,13.1,2.1,327,29,7.1,13.1,2.1,327,29,377,29.72,0.9,0,0,0,41.2,47.1,51.1,0.55,0.47,0.40
BSPA,2019-11-08 10:50:00 EST,43.02280,-73.87498,395,30.9,30.4,24.8,52.2,15.4,0.000,0.000,0.00,0.000,5.2,12.1,2.6,294,28,6.1,14.5,2.6,291,29,6.1,14.5,2.6,291,29,473,29.72,0.9,0,0,0,41.2,47.1,51.1,0.55,0.47,0.40
BSPA,2019-11-08 10:55:00 EST,43.02280,-73.87498,395,31.1,30.7,23.7,49.5,14.4,0.000,0.000,0.00,0.000,7.1,14.6,3.5,296,22,8.1,18.2,3.9,293,22,8.1,18.2,3.9,293,22,537,29.72,0.7,0,0,0,41.2,47.1,51.1,0.55,0.47,0.40
BSPA,2019-11-08 11:00:00 EST,43.02280,-73.87498,395,31.4,30.9,22.0,50.8,15.2,0.000,0.000,0.00,0.000,10.2,19.5,4.2,279,16,11.9,21.7,4.7,278,13,11.9,21.7,4.7,278,13,493,29.72,0.7,0,0,0,41.2,47.1,51.1,0.55,0.47,0.40
BSPA,2019-11-08 11:05:00 EST,43.02280,-73.87498,395,30.7,30.2,21.1,52.4,15.3,0.000,0.000,0.00,0.000,10.7,18.7,2.9,282,20,12.1,21.5,3.6,280,16,12.1,21.5,3.6,280,16,432,29.72,0.7,0,0,0,41.2,47.1,51.0,0.55,0.47,0.40
BSPA,2019-11-08 11:10:00 EST,43.02280,-73.87498,395,30.5,30.2,21.6,50.4,14.3,0.000,0.000,0.00,0.000,9.6,17.5,3.2,294,24,10.7,19.3,3.5,291,21,10.7,19.3,3.5,291,21,456,29.72,0.7,0,0,0,41.3,47.0,51.0,0.55,0.47,0.40
BSPA,2019-11-08 11:15:00 EST,43.02280,-73.87498,395,30.6,30.3,21.6,48.6,13.5,0.000,0.000,0.00,0.000,9.7,17.3,3.4,293,20,10.8,19.0,3.6,290,19,10.8,19.0,3.6,290,19,433,29.72,0.6,0,0,0,41.4,46.9,50.8,0.55,0.47,0.40
BSPA,2019-11-08 11:20:00 EST,43.02280,-73.87498,395,31.0,30.8,24.2,49.1,14.1,0.000,0.000,0.00,0.000,6.3,13.4,2.5,301,30,7.2,16.3,3.1,299,30,7.2,16.3,3.1,299,30,373,29.72,0.7,0,0,0,41.4,46.9,51.1,0.55,0.47,0.40
BSPA,2019-11-08 11:25:00 EST,43.02280,-73.87498,395,31.1,30.8,21.9,46.1,12.7,0.000,0.000,0.00,0.000,10.4,19.7,3.9,315,24,11.4,23.2,4.1,314,23,11.4,23.2,4.1,314,23,412,29.72,0.6,0,0,0,41.4,46.9,51.0,0.55,0.47,0.40
BSPA,2019-11-08 11:30:00 EST,43.02280,-73.87498,395,31.6,31.3,23.8,46.4,13.4,0.000,0.000,0.00,0.000,7.7,18.3,3.0,292,20,8.9,21.2,3.5,290,17,8.9,21.2,3.5,290,17,432,29.72,0.5,0,0,0,41.5,46.9,50.8,0.55,0.47,0.40
BSPA,2019-11-08 11:35:00 EST,43.02280,-73.87498,395,30.8,30.7,22.4,45.8,12.3,0.000,0.000,0.00,0.000,8.6,19.9,3.1,285,20,9.7,22.7,3.3,284,18,9.7,22.7,3.3,284,18,317,29.72,0.6,0,0,0,41.5,46.9,50.9,0.55,0.47,0.40
BSPA,2019-11-08 11:40:00 EST,43.02280,-73.87498,395,30.8,30.6,21.5,44.7,11.8,0.000,0.000,0.00,0.000,10.1,20.0,3.1,294,19,11.5,25.8,3.6,292,16,11.5,25.8,3.6,292,16,307,29.72,0.4,0,0,0,41.6,46.9,50.7,0.55,0.47,0.40
BSPA,2019-11-08 11:45:00 EST,43.02280,-73.87498,395,30.5,30.5,24.1,45.5,11.9,0.000,0.000,0.00,0.000,5.6,10.0,2.1,320,27,6.5,11.2,2.3,319,25,6.5,11.2,2.3,319,25,338,29.72,0.6,0,0,0,41.7,46.9,50.8,0.55,0.47,0.40
BSPA,2019-11-08 11:50:00 EST,43.02280,-73.87498,395,31.4,31.1,24.5,46.1,13.1,0.000,0.000,0.00,0.000,6.7,14.2,2.7,309,25,7.5,15.9,3.0,307,24,7.5,15.9,3.0,307,24,522,29.72,0.4,0,0,0,41.7,46.9,50.8,0.55,0.47,0.40
BSPA,2019-11-08 11:55:00 EST,43.02280,-73.87498,395,31.7,31.4,22.7,44.5,12.5,0.000,0.000,0.00,0.000,10.2,18.9,3.6,299,22,11.4,22.2,4.0,298,21,11.4,22.2,4.0,298,21,566,29.72,0.5,0,0,0,41.9,46.9,50.7,0.55,0.47,0.40
BSPA,2019-11-08 12:00:00 EST,43.02280,-73.87498,395,31.8,31.4,22.9,42.5,11.6,0.000,0.000,0.00,0.000,9.9,19.3,3.3,297,23,11.0,25.5,3.7,296,22,11.0,25.5,3.7,296,22,528,29.72,0.4,0,0,0,41.9,46.9,50.7,0.55,0.47,0.40
BSPA,2019-11-08 12:05:00 EST,43.02280,-73.87498,395,31.3,31.2,23.3,41.0,10.4,0.000,0.000,0.00,0.000,8.3,16.5,2.8,317,27,9.3,17.4,3.0,317,24,9.3,17.4,3.0,317,24,295,29.71,0.4,0,0,0,42.0,46.9,50.7,0.55,0.47,0.40
BSPA,2019-11-08 12:10:00 EST,43.02280,-73.87498,395,31.0,31.0,23.6,41.8,10.5,0.000,0.000,0.00,0.000,7.1,14.4,3.0,313,27,8.1,15.2,3.3,313,26,8.1,15.2,3.3,313,26,274,29.71,0.4,0,0,0,42.1,46.9,50.7,0.55,0.47,0.40
BSPA,2019-11-08 12:15:00 EST,43.02280,-73.87498,395,30.8,30.8,23.8,44.8,11.9,0.000,0.000,0.00,0.000,6.4,11.4,2.6,305,32,7.4,14.5,2.9,304,32,7.4,14.5,2.9,304,32,146,29.72,0.3,0,0,0,42.1,46.9,50.7,0.55,0.47,0.40
BSPA,2019-11-08 12:20:00 EST,43.02280,-73.87498,395,30.4,30.4,24.3,46.7,12.4,0.000,0.000,0.00,0.000,5.3,9.8,1.7,303,28,6.0,10.9,1.9,300,25,6.0,10.9,1.9,300,25,246,29.71,0.4,0,0,0,42.2,46.9,50.7,0.55,0.47,0.40
BSPA,2019-11-08 12:25:00 EST,43.02280,-73.87498,395,30.6,30.6,21.8,49.1,13.8,0.000,0.000,0.00,0.000,9.1,16.5,3.3,303,28,10.3,18.3,3.9,299,27,10.3,18.3,3.9,299,27,233,29.72,0.3,0,0,0,42.3,46.9,50.7,0.55,0.47,0.40
BSPA,2019-11-08 12:30:00 EST,43.02280,-73.87498,395,31.4,30.9,23.8,48.5,14.1,0.000,0.000,0.00,0.000,7.2,14.5,2.9,302,30,8.4,19.5,3.4,297,26,8.4,19.5,3.4,297,26,478,29.71,0.4,0,0,0,42.4,46.8,50.7,0.55,0.47,0.40
BSPA,2019-11-08 12:35:00 EST,43.02280,-73.87498,395,31.8,31.4,24.4,42.7,11.6,0.000,0.000,0.00,0.000,7.2,15.4,2.9,315,26,8.2,16.4,2.8,315,25,8.2,16.4,2.8,315,25,475,29.71,0.4,0,0,0,42.4,46.8,50.7,0.55,0.47,0.40
BSPA,2019-11-08 12:40:00 EST,43.02280,-73.87498,395,32.3,31.9,24.5,42.6,12.0,0.000,0.000,0.00,0.000,7.7,18.8,4.6,342,32,9.2,25.2,5.1,345,26,9.2,25.2,5.1,345,26,493,29.71,0.4,0,0,0,42.4,46.8,50.7,0.55,0.47,0.40
BSPA,2019-11-08 12:45:00 EST,43.02280,-73.87498,395,32.5,32.1,24.7,41.6,11.7,0.000,0.000,0.00,0.000,8.0,15.3,3.3,319,28,9.2,16.2,3.4,316,25,9.2,16.2,3.4,316,25,517,29.71,0.3,0,0,0,42.5,46.8,50.7,0.55,0.47,0.40
BSPA,2019-11-08 12:50:00 EST,43.02280,-73.87498,395,32.0,31.6,24.6,41.7,11.3,0.000,0.000,0.00,0.000,7.2,19.1,3.1,322,29,8.4,20.9,3.6,322,27,8.4,20.9,3.6,322,27,328,29.71,0.3,0,0,0,42.6,46.8,50.7,0.55,0.47,0.40
BSPA,2019-11-08 12:55:00 EST,43.02280,-73.87498,395,31.5,31.3,24.2,42.2,11.1,0.000,0.000,0.00,0.000,7.2,15.1,3.0,314,23,8.1,15.7,2.9,312,22,8.1,15.7,2.9,312,22,428,29.71,0.4,0,0,0,42.6,46.8,50.7,0.55,0.47,0.40
BSPA,2019-11-08 13:00:00 EST,43.02280,-73.87498,395,31.7,31.4,24.3,40.4,10.3,0.000,0.000,0.00,0.000,7.4,13.0,2.6,308,21,8.3,14.4,2.5,305,21,8.3,14.4,2.5,305,21,439,29.71,0.3,0,0,0,42.7,46.8,50.7,0.55,0.47,0.40
BSPA,2019-11-08 13:05:00 EST,43.02280,-73.87498,395,32.0,31.6,23.5,40.9,10.9,0.000,0.000,0.00,0.000,9.1,18.1,3.3,307,26,10.3,20.7,3.7,303,25,10.3,20.7,3.7,303,25,469,29.71,0.4,0,0,0,42.8,46.8,50.7,0.55,0.47,0.40
BSPA,2019-11-08 13:10:00 EST,43.02280,-73.87498,395,31.0,30.9,23.3,41.2,10.2,0.000,0.000,0.00,0.000,7.7,17.7,2.9,310,24,8.6,20.4,3.3,305,21,8.6,20.4,3.3,305,21,176,29.72,0.2,0,0,0,42.8,46.8,50.7,0.55,0.47,0.40
BSPA,2019-11-08 13:15:00 EST,43.02280,-73.87498,395,30.3,30.4,22.7,45.6,11.8,0.000,0.000,0.00,0.000,7.1,16.2,3.3,318,26,8.2,18.8,3.7,315,23,8.2,18.8,3.7,315,23,167,29.72,0.2,0,0,0,42.8,46.8,50.7,0.55,0.47,0.40
BSPA,2019-11-08 13:20:00 EST,43.02280,-73.87498,395,29.8,29.8,21.2,46.7,11.8,0.000,0.000,0.00,0.000,8.8,23.4,4.0,320,26,9.6,25.1,4.1,316,26,9.6,25.1,4.1,316,26,334,29.72,0.4,0,0,0,43.0,46.8,50.7,0.55,0.47,0.40
BSPA,2019-11-08 13:25:00 EST,43.02280,-73.87498,395,31.2,31.0,26.5,47.7,13.7,0.000,0.000,0.00,0.000,3.7,8.3,1.7,313,28,4.7,9.8,2.0,310,24,4.7,9.8,2.0,310,24,405,29.72,0.3,0,0,0,43.0,46.8,50.7,0.55,0.47,0.40
BSPA,2019-11-08 13:30:00 EST,43.02280,-73.87498,395,31.3,31.1,23.7,44.5,12.1,0.000,0.000,0.00,0.000,7.6,14.1,2.6,305,22,8.4,15.2,2.7,303,22,8.4,15.2,2.7,303,22,402,29.72,0.3,0,0,0,43.0,46.8,50.7,0.55,0.47,0.40
BSPA,2019-11-08 13:35:00 EST,43.02280,-73.87498,395,31.6,31.2,23.2,42.8,11.5,0.000,0.000,0.00,0.000,8.8,17.4,3.5,298,22,9.9,20.3,3.7,297,22,9.9,20.3,3.7,297,22,318,29.72,0.2,0,0,0,43.1,46.8,50.7,0.55,0.47,0.40
BSPA,2019-11-08 13:40:00 EST,43.02280,-73.87498,395,31.3,31.2,22.2,41.2,10.4,0.000,0.000,0.00,0.000,10.1,18.7,3.8,299,20,11.3,23.0,3.8,296,17,11.3,23.0,3.8,296,17,330,29.72,0.2,0,0,0,43.2,46.8,50.7,0.55,0.47,0.40
BSPA,2019-11-08 13:45:00 EST,43.02280,-73.87498,395,31.5,31.3,23.2,40.4,10.1,0.000,0.000,0.00,0.000,8.9,17.6,2.8,327,23,9.8,19.1,3.0,329,21,9.8,19.1,3.0,329,21,420,29.72,0.2,0,0,0,43.2,46.8,50.7,0.55,0.47,0.40
BSPA,2019-11-08 13:50:00 EST,43.02280,-73.87498,395,32.0,31.9,23.6,39.9,10.3,0.000,0.000,0.00,0.000,9.2,20.2,4.7,301,24,10.2,21.8,5.1,298,23,10.2,21.8,5.1,298,23,356,29.72,0.1,0,0,0,43.2,46.8,50.7,0.55,0.47,0.40
BSPA,2019-11-08 13:55:00 EST,43.02280,-73.87498,395,31.5,31.5,23.4,40.0,9.9,0.000,0.000,0.00,0.000,8.3,19.1,3.3,304,28,9.5,19.4,3.3,302,24,9.5,19.4,3.3,302,24,258,29.72,0.2,0,0,0,43.2,46.8,50.7,0.55,0.47,0.40
BSPA,2019-11-08 14:00:00 EST,43.02280,-73.87498,395,31.0,31.1,22.1,39.6,9.3,0.000,0.000,0.00,0.000,9.8,17.3,3.3,295,22,10.8,20.0,3.9,296,21,10.8,20.0,3.9,296,21,314,29.72,0.3,0,0,0,43.2,46.8,50.7,0.55,0.47,0.40
BSPA,2019-11-08 14:05:00 EST,43.02280,-73.87498,395,32.3,31.9,24.3,40.1,10.7,0.000,0.000,0.00,0.000,8.6,15.9,4.0,320,29,9.6,17.5,4.1,317,28,9.6,17.5,4.1,317,28,435,29.72,0.1,0,0,0,43.3,46.8,50.7,0.54,0.47,0.40
BSPA,2019-11-08 14:10:00 EST,43.02280,-73.87498,395,32.5,32.2,24.7,39.8,10.7,0.000,0.000,0.00,0.000,8.2,13.7,2.3,292,22,9.3,17.4,2.8,290,21,9.3,17.4,2.8,290,21,428,29.72,0.2,0,0,0,43.3,46.8,50.7,0.55,0.47,0.40
BSPA,2019-11-08 14:15:00 EST,43.02280,-73.87498,395,32.3,32.1,24.0,40.0,10.7,0.000,0.000,0.00,0.000,8.9,18.0,3.3,281,25,10.3,21.4,3.9,281,20,10.3,21.4,3.9,281,20,389,29.72,0.2,0,0,0,43.3,46.8,50.7,0.54,0.47,0.40
BSPA,2019-11-08 14:20:00 EST,43.02280,-73.87498,395,31.8,31.7,22.1,40.2,10.4,0.000,0.000,0.00,0.000,11.9,17.9,3.1,296,27,13.1,21.3,3.3,293,26,13.1,21.3,3.3,293,26,377,29.72,0.2,0,0,0,43.3,46.8,50.7,0.54,0.47,0.40
BSPA,2019-11-08 14:25:00 EST,43.02280,-73.87498,395,32.2,32.0,24.3,39.2,10.1,0.000,0.000,0.00,0.000,8.0,19.1,3.7,296,23,9.4,23.5,3.9,295,21,9.4,23.5,3.9,295,21,317,29.73,0.1,0,0,0,43.3,46.8,50.7,0.54,0.47,0.40
BSPA,2019-11-08 14:30:00 EST,43.02280,-73.87498,395,31.4,31.4,24.5,38.8,9.2,0.000,0.000,0.00,0.000,6.3,14.0,2.6,314,27,7.4,16.7,2.8,314,24,7.4,16.7,2.8,314,24,220,29.73,0.1,0,0,0,43.3,46.8,50.7,0.54,0.47,0.40
BSPA,2019-11-08 14:35:00 EST,43.02280,-73.87498,395,31.3,31.4,23.6,39.3,9.4,0.000,0.000,0.00,0.000,7.5,15.8,3.2,307,30,8.7,17.9,3.7,303,28,8.7,17.9,3.7,303,28,171,29.73,0.1,0,0,0,43.3,46.8,50.7,0.54,0.47,0.40
BSPA,2019-11-08 14:40:00 EST,43.02280,-73.87498,395,31.2,31.2,25.6,40.7,10.0,0.000,0.000,0.00,0.000,4.4,9.8,2.0,320,37,5.6,11.5,2.3,318,35,5.6,11.5,2.3,318,35,133,29.73,0.1,0,0,0,43.5,46.8,50.7,0.54,0.47,0.40
BSPA,2019-11-08 14:45:00 EST,43.02280,-73.87498,395,30.8,30.9,24.2,40.6,9.6,0.000,0.000,0.00,0.000,5.7,16.0,3.2,334,34,6.8,16.4,3.4,336,31,6.8,16.4,3.4,336,31,141,29.73,0.2,0,0,0,43.5,46.8,50.7,0.54,0.47,0.40
BSPA,2019-11-08 14:50:00 EST,43.02280,-73.87498,395,31.3,31.3,24.8,41.0,10.3,0.000,0.000,0.00,0.000,5.8,9.9,1.9,323,26,6.7,11.5,2.1,321,25,6.7,11.5,2.1,321,25,261,29.73,0.2,0,0,0,43.5,46.8,50.7,0.54,0.47,0.40
BSPA,2019-11-08 14:55:00 EST,43.02280,-73.87498,395,31.7,31.6,23.3,39.5,9.8,0.000,0.000,0.00,0.000,9.0,18.1,3.5,298,23,10.0,19.5,4.1,297,20,10.0,19.5,4.1,297,20,256,29.73,0.1,0,0,0,43.5,46.8,50.7,0.54,0.47,0.40
BSPA,2019-11-08 15:00:00 EST,43.02280,-73.87498,395,31.2,31.3,22.0,39.2,9.3,0.000,0.000,0.00,0.000,10.0,17.0,3.9,294,26,11.5,20.4,4.3,292,24,11.5,20.4,4.3,292,24,158,29.73,0.1,0,0,0,43.5,46.8,50.7,0.54,0.47,0.40
BSPA,2019-11-08 15:05:00 EST,43.02280,-73.87498,395,30.6,30.7,21.8,38.7,8.3,0.000,0.000,0.00,0.000,9.2,17.8,2.7,308,21,10.2,18.5,3.0,306,20,10.2,18.5,3.0,306,20,179,29.74,0.1,0,0,0,43.5,46.8,50.7,0.54,0.47,0.40
BSPA,2019-11-08 15:10:00 EST,43.02280,-73.87498,395,30.4,30.6,22.2,39.0,8.4,0.000,0.000,0.00,0.000,8.4,20.8,3.6,309,20,9.2,19.9,3.6,311,18,9.2,19.9,3.6,311,18,89,29.74,0.1,0,0,0,43.5,46.8,50.7,0.54,0.47,0.40
BSPA,2019-11-08 15:15:00 EST,43.02280,-73.87498,395,30.1,30.3,23.7,41.3,9.3,0.000,0.000,0.00,0.000,5.4,11.3,2.3,320,29,6.3,13.5,2.6,320,25,6.3,13.5,2.6,320,25,67,29.74,0.1,0,0,0,43.5,46.8,50.7,0.54,0.47,0.40
BSPA,2019-11-08 15:20:00 EST,43.02280,-73.87498,395,30.1,30.3,23.7,41.4,9.4,0.000,0.000,0.00,0.000,5.6,10.2,2.2,304,17,6.3,12.3,2.4,301,15,6.3,12.3,2.4,301,15,80,29.74,0.1,0,0,0,43.5,46.8,50.7,0.54,0.47,0.40
BSPA,2019-11-08 15:25:00 EST,43.02280,-73.87498,395,29.8,30.2,23.0,42.5,9.8,0.000,0.000,0.00,0.000,6.0,9.9,2.1,304,26,6.9,11.3,2.0,301,27,6.9,11.3,2.0,301,27,47,29.74,0.1,0,0,0,43.5,46.8,50.7,0.54,0.47,0.40
BSPA,2019-11-08 15:30:00 EST,43.02280,-73.87498,395,29.9,30.1,23.6,43.0,10.1,0.000,0.000,0.00,0.000,5.6,10.2,2.1,306,20,6.1,13.0,2.2,305,19,6.1,13.0,2.2,305,19,90,29.74,0.2,0,0,0,43.5,46.8,50.7,0.54,0.47,0.40
BSPA,2019-11-08 15:35:00 EST,43.02280,-73.87498,395,30.1,30.3,22.4,42.0,9.7,0.000,0.000,0.00,0.000,7.4,13.3,2.7,303,18,8.2,14.0,2.7,301,18,8.2,14.0,2.7,301,18,108,29.75,0.1,0,0,0,43.5,46.8,50.7,0.54,0.47,0.40
BSPA,2019-11-08 15:40:00 EST,43.02280,-73.87498,395,30.3,30.5,22.0,41.6,9.8,0.000,0.000,0.00,0.000,8.1,15.1,2.4,288,18,9.4,18.0,2.7,287,15,9.4,18.0,2.7,287,15,123,29.75,0.1,0,0,0,43.5,46.8,50.7,0.54,0.47,0.40
BSPA,2019-11-08 15:45:00 EST,43.02280,-73.87498,395,30.4,30.6,21.5,40.4,9.1,0.000,0.000,0.00,0.000,9.4,15.6,2.4,293,16,10.5,17.3,2.8,290,14,10.5,17.3,2.8,290,14,110,29.75,0.1,0,0,0,43.5,46.8,50.7,0.54,0.47,0.40
BSPA,2019-11-08 15:50:00 EST,43.02280,-73.87498,395,30.3,30.6,23.3,40.9,9.4,0.000,0.000,0.00,0.000,6.3,11.4,2.3,301,23,7.3,12.6,2.5,298,21,7.3,12.6,2.5,298,21,90,29.75,0.1,0,0,0,43.5,46.8,50.6,0.54,0.47,0.40
BSPA,2019-11-08 15:55:00 EST,43.02280,-73.87498,395,30.2,30.5,24.1,41.2,9.4,0.000,0.000,0.00,0.000,5.2,11.6,2.1,312,23,6.0,11.7,2.4,309,22,6.0,11.7,2.4,309,22,49,29.75,0.1,0,0,0,43.5,46.8,50.6,0.54,0.47,0.40
BSPA,2019-11-08 16:00:00 EST,43.02280,-73.87498,395,30.1,30.4,23.7,41.4,9.4,0.000,0.000,0.00,0.000,5.3,11.6,2.6,303,22,6.3,11.5,2.7,301,20,6.3,11.5,2.7,301,20,63,29.75,0.1,0,0,0,43.5,46.8,50.6,0.54,0.47,0.40
BSPA,2019-11-08 16:05:00 EST,43.02280,-73.87498,395,30.0,30.4,23.0,41.9,9.7,0.000,0.000,0.00,0.000,6.1,12.7,2.2,310,24,7.2,16.8,2.5,307,23,7.2,16.8,2.5,307,23,47,29.75,0.1,0,0,0,43.5,46.8,50.6,0.54,0.47,0.40
BSPA,2019-11-08 16:10:00 EST,43.02280,-73.87498,395,29.8,30.2,22.9,42.4,9.7,0.000,0.000,0.00,0.000,6.0,16.4,3.6,315,30,7.0,19.0,3.8,313,29,7.0,19.0,3.8,313,29,49,29.75,0.2,0,0,0,43.5,46.8,50.5,0.54,0.47,0.40
BSPA,2019-11-08 16:15:00 EST,43.02280,-73.87498,395,29.7,30.1,21.7,39.4,8.0,0.000,0.000,0.00,0.000,7.5,14.2,3.0,314,23,8.5,15.8,3.3,315,21,8.5,15.8,3.3,315,21,34,29.75,0.1,0,0,0,43.3,46.7,50.5,0.54,0.47,0.40
BSPA,2019-11-08 16:20:00 EST,43.02280,-73.87498,395,29.4,29.8,23.2,41.4,8.8,0.000,0.000,0.00,0.000,5.0,13.9,3.0,327,29,6.0,15.4,3.1,323,29,6.0,15.4,3.1,323,29,19,29.76,0.1,0,0,0,43.3,46.8,50.5,0.54,0.47,0.40
BSPA,2019-11-08 16:25:00 EST,43.02280,-73.87498,395,29.2,29.6,24.4,42.7,9.3,0.000,0.000,0.00,0.000,3.5,7.7,2.0,338,26,4.4,9.5,2.3,336,26,4.4,9.5,2.3,336,26,15,29.76,0.1,0,0,0,43.3,46.8,50.5,0.54,0.47,0.40
BSPA,2019-11-08 16:30:00 EST,43.02280,-73.87498,395,29.1,29.5,23.2,43.2,9.5,0.000,0.000,0.00,0.000,4.6,11.2,2.0,334,31,5.4,14.8,2.4,333,28,5.4,14.8,2.4,333,28,12,29.76,0.1,0,0,0,43.3,46.8,50.5,0.54,0.47,0.40
BSPA,2019-11-08 16:35:00 EST,43.02280,-73.87498,395,28.8,29.4,25.6,44.0,9.6,0.000,0.000,0.00,0.000,2.4,7.7,1.6,327,36,3.1,8.1,1.7,327,36,3.1,8.1,1.7,327,36,9,29.76,0.1,0,0,0,43.3,46.8,50.5,0.54,0.47,0.40
BSPA,2019-11-08 16:40:00 EST,43.02280,-73.87498,395,28.8,29.4,22.3,44.2,9.7,0.000,0.000,0.00,0.000,5.4,12.2,2.5,334,25,6.2,12.6,2.5,335,24,6.2,12.6,2.5,335,24,6,29.77,0.2,0,0,0,43.3,46.7,50.5,0.54,0.47,0.40
BSPA,2019-11-08 16:45:00 EST,43.02280,-73.87498,395,28.8,29.3,25.2,43.9,9.6,0.000,0.000,0.00,0.000,2.7,7.0,1.5,336,27,3.4,9.2,1.9,335,22,3.4,9.2,1.9,335,22,4,29.77,0.1,0,0,0,43.3,46.8,50.5,0.54,0.47,0.40
BSPA,2019-11-08 16:50:00 EST,43.02280,-73.87498,395,28.6,29.1,28.6,44.8,9.8,0.000,0.000,0.00,0.000,2.0,5.2,1.3,351,28,2.7,6.1,1.4,349,29,2.7,6.1,1.4,349,29,2,29.77,0.2,0,0,0,43.2,46.8,50.5,0.54,0.47,0.40
BSPA,2019-11-08 16:55:00 EST,43.02280,-73.87498,395,28.5,29.0,28.5,45.0,9.8,0.000,0.000,0.00,0.000,1.6,3.7,0.9,312,33,2.1,4.7,1.1,310,32,2.1,4.7,1.1,310,32,1,29.77,0.2,0,0,0,43.2,46.8,50.5,0.54,0.47,0.40
BSPA,2019-11-08 17:00:00 EST,43.02280,-73.87498,395,28.3,29.0,28.3,45.5,9.9,0.000,0.000,0.00,0.000,1.0,4.2,1.2,338,39,1.4,5.2,1.2,333,51,1.4,5.2,1.2,333,51,0,29.77,0.2,0,0,0,43.2,46.8,50.5,0.54,0.47,0.40
BSPA,2019-11-08 17:05:00 EST,43.02280,-73.87498,395,28.1,29.0,28.1,46.8,10.4,0.000,0.000,0.00,0.000,1.4,4.5,1.2,5,35,1.9,6.3,1.5,3,33,1.9,6.3,1.5,3,33,0,29.78,0.1,0,0,0,43.2,46.8,50.5,0.54,0.47,0.40
BSPA,2019-11-08 17:10:00 EST,43.02280,-73.87498,395,27.8,28.7,27.8,49.1,11.1,0.000,0.000,0.00,0.000,1.6,4.5,1.0,34,26,2.0,7.4,1.3,30,25,2.0,7.4,1.3,30,25,0,29.78,0.3,0,0,0,43.2,46.7,50.5,0.54,0.47,0.40
BSPA,2019-11-08 17:15:00 EST,43.02280,-73.87498,395,28.1,28.9,23.1,47.8,10.8,0.000,0.000,0.00,0.000,4.0,7.4,1.5,325,24,4.5,8.7,1.6,322,22,4.5,8.7,1.6,322,22,0,29.78,0.2,0,0,0,43.2,46.7,50.5,0.54,0.47,0.40
BSPA,2019-11-08 17:20:00 EST,43.02280,-73.87498,395,28.4,28.9,22.7,46.6,10.5,0.000,0.000,0.00,0.000,4.5,8.8,1.9,318,22,5.1,10.2,1.9,318,21,5.1,10.2,1.9,318,21,0,29.78,0.1,0,0,0,43.0,46.8,50.5,0.54,0.47,0.40
BSPA,2019-11-08 17:25:00 EST,43.02280,-73.87498,395,28.4,29.0,22.2,46.1,10.3,0.000,0.000,0.00,0.000,5.1,12.6,2.0,297,22,5.8,14.0,2.3,295,21,5.8,14.0,2.3,295,21,0,29.79,0.3,0,0,0,43.0,46.7,50.5,0.54,0.47,0.40
BSPA,2019-11-08 17:30:00 EST,43.02280,-73.87498,395,28.4,28.9,22.7,46.3,10.4,0.000,0.000,0.00,0.000,4.5,12.4,2.5,315,30,5.2,14.5,2.7,312,25,5.2,14.5,2.7,312,25,0,29.79,0.2,0,0,0,43.0,46.8,50.5,0.54,0.47,0.40
BSPA,2019-11-08 17:35:00 EST,43.02280,-73.87498,395,28.2,28.8,21.7,46.3,10.2,0.000,0.000,0.00,0.000,5.2,10.4,2.4,312,32,6.1,11.9,2.7,308,30,6.1,11.9,2.7,308,30,0,29.79,0.2,0,0,0,43.0,46.8,50.5,0.54,0.47,0.40
BSPA,2019-11-08 17:40:00 EST,43.02280,-73.87498,395,28.1,28.6,21.5,45.9,9.9,0.000,0.000,0.00,0.000,5.1,14.0,3.1,327,25,6.2,14.5,3.2,326,24,6.2,14.5,3.2,326,24,0,29.80,0.2,0,0,0,43.0,46.8,50.5,0.54,0.47,0.40
BSPA,2019-11-08 17:45:00 EST,43.02280,-73.87498,395,28.0,28.5,22.3,45.9,9.8,0.000,0.000,0.00,0.000,4.3,11.0,2.7,328,27,5.2,13.3,2.7,326,28,5.2,13.3,2.7,326,28,0,29.80,0.3,0,0,0,42.8,46.8,50.5,0.54,0.47,0.40
BSPA,2019-11-08 17:50:00 EST,43.02280,-73.87498,395,27.9,28.3,23.5,46.3,9.9,0.000,0.000,0.00,0.000,2.8,6.9,1.7,344,31,3.8,9.7,2.2,342,28,3.8,9.7,2.2,342,28,0,29.81,0.3,0,0,0,42.8,46.7,50.5,0.54,0.47,0.40
BSPA,2019-11-08 17:55:00 EST,43.02280,-73.87498,395,27.6,28.1,22.3,47.2,10.0,0.000,0.000,0.00,0.000,3.5,8.2,1.7,358,24,4.6,9.9,2.1,353,21,4.6,9.9,2.1,353,21,0,29.81,0.3,0,0,0,42.8,46.8,50.5,0.54,0.47,0.40
BSPA,2019-11-08 18:00:00 EST,43.02280,-73.87498,395,27.6,28.1,23.3,46.8,9.9,0.000,0.000,0.00,0.000,3.0,9.8,1.9,344,30,3.7,10.7,2.1,340,29,3.7,10.7,2.1,340,29,0,29.81,0.3,0,0,0,42.8,46.8,50.5,0.54,0.47,0.40
BSPA,2019-11-08 18:05:00 EST,43.02280,-73.87498,395,27.4,28.0,22.9,47.5,10.0,0.000,0.000,0.00,0.000,3.3,6.1,1.1,320,30,3.9,7.2,1.5,316,29,3.9,7.2,1.5,316,29,0,29.81,0.3,0,0,0,42.8,46.8,50.5,0.54,0.47,0.40
BSPA,2019-11-08 18:10:00 EST,43.02280,-73.87498,395,27.4,28.1,21.6,47.4,9.9,0.000,0.000,0.00,0.000,4.3,8.0,2.1,327,26,5.0,9.7,2.3,328,23,5.0,9.7,2.3,328,23,0,29.81,0.3,0,0,0,42.8,46.8,50.5,0.54,0.47,0.40
BSPA,2019-11-08 18:15:00 EST,43.02280,-73.87498,395,27.2,27.9,22.7,48.1,10.1,0.000,0.000,0.00,0.000,3.4,7.7,1.8,324,26,3.9,9.9,2.0,323,25,3.9,9.9,2.0,323,25,0,29.81,0.3,0,0,0,42.7,46.8,50.5,0.54,0.47,0.40
BSPA,2019-11-08 18:20:00 EST,43.02280,-73.87498,395,27.0,27.8,23.1,48.5,10.1,0.000,0.000,0.00,0.000,2.8,6.5,1.3,321,34,3.4,6.8,1.4,320,32,3.4,6.8,1.4,320,32,0,29.82,0.4,0,0,0,42.6,46.8,50.5,0.54,0.47,0.40
BSPA,2019-11-08 18:25:00 EST,43.02280,-73.87498,395,27.2,27.8,21.4,48.5,10.3,0.000,0.000,0.00,0.000,4.4,9.1,1.8,316,28,5.0,10.0,1.8,314,26,5.0,10.0,1.8,314,26,0,29.82,0.4,0,0,0,42.6,46.7,50.5,0.54,0.47,0.40
BSPA,2019-11-08 18:30:00 EST,43.02280,-73.87498,395,27.3,27.8,21.3,48.4,10.3,0.000,0.000,0.00,0.000,4.6,13.2,2.2,294,21,5.3,15.0,2.3,293,19,5.3,15.0,2.3,293,19,0,29.81,0.3,0,0,0,42.6,46.7,50.5,0.54,0.47,0.40
BSPA,2019-11-08 18:35:00 EST,43.02280,-73.87498,395,27.4,27.9,20.5,48.5,10.5,0.000,0.000,0.00,0.000,5.4,10.8,1.8,298,23,6.2,11.5,1.8,297,22,6.2,11.5,1.8,297,22,0,29.81,0.3,0,0,0,42.6,46.8,50.5,0.54,0.47,0.40
BSPA,2019-11-08 18:40:00 EST,43.02280,-73.87498,395,26.9,27.6,21.7,49.9,10.7,0.000,0.000,0.00,0.000,3.8,7.6,1.8,301,21,4.4,9.1,1.9,299,21,4.4,9.1,1.9,299,21,0,29.81,0.4,0,0,0,42.6,46.7,50.5,0.54,0.47,0.40
BSPA,2019-11-08 18:45:00 EST,43.02280,-73.87498,395,26.8,27.5,22.0,50.3,10.8,0.000,0.000,0.00,0.000,3.1,5.9,1.1,310,35,4.1,7.1,1.4,306,32,4.1,7.1,1.4,306,32,0,29.82,0.4,0,0,0,42.4,46.7,50.5,0.54,0.47,0.40
BSPA,2019-11-08 18:50:00 EST,43.02280,-73.87498,395,26.7,27.4,22.0,50.9,10.9,0.000,0.000,0.00,0.000,3.2,8.8,2.1,320,30,3.9,10.3,2.3,321,30,3.9,10.3,2.3,321,30,0,29.82,0.4,0,0,0,42.4,46.7,50.5,0.54,0.47,0.40
BSPA,2019-11-08 18:55:00 EST,43.02280,-73.87498,395,26.6,27.3,26.6,51.4,11.0,0.000,0.000,0.00,0.000,2.2,5.8,1.6,332,23,2.7,7.3,1.8,334,23,2.7,7.3,1.8,334,23,0,29.82,0.4,0,0,0,42.4,46.6,50.5,0.54,0.47,0.40
BSPA,2019-11-08 19:00:00 EST,43.02280,-73.87498,395,26.3,27.0,26.3,52.5,11.2,0.000,0.000,0.00,0.000,1.1,2.2,0.6,315,22,1.7,4.4,0.8,317,22,1.7,4.4,0.8,317,22,0,29.82,0.2,0,0,0,42.4,46.7,50.5,0.54,0.47,0.40
BSPA,2019-11-08 19:05:00 EST,43.02280,-73.87498,395,26.3,27.0,26.3,52.8,11.4,0.000,0.000,0.00,0.000,1.7,3.4,0.8,307,18,2.1,4.1,0.8,308,16,2.1,4.1,0.8,308,16,0,29.82,0.4,0,0,0,42.4,46.7,50.5,0.54,0.47,0.40
BSPA,2019-11-08 19:10:00 EST,43.02280,-73.87498,395,26.3,26.9,26.3,52.8,11.3,0.000,0.000,0.00,0.000,2.4,4.5,0.9,284,13,3.0,5.3,1.0,282,13,3.0,5.3,1.0,282,13,0,29.82,0.3,0,0,0,42.4,46.6,50.5,0.54,0.47,0.40
BSPA,2019-11-08 19:15:00 EST,43.02280,-73.87498,395,26.3,26.9,26.3,52.7,11.4,0.000,0.000,0.00,0.000,2.6,4.6,0.9,296,17,3.0,6.2,1.1,295,16,3.0,6.2,1.1,295,16,0,29.82,0.3,0,0,0,42.3,46.6,50.5,0.54,0.47,0.40
BSPA,2019-11-08 19:20:00 EST,43.02280,-73.87498,395,26.1,26.8,22.0,53.0,11.3,0.000,0.000,0.00,0.000,2.9,4.7,0.8,283,16,3.4,5.8,1.0,283,15,3.4,5.8,1.0,283,15,0,29.83,0.3,0,0,0,42.3,46.6,50.5,0.54,0.47,0.40
BSPA,2019-11-08 19:25:00 EST,43.02280,-73.87498,395,26.0,26.7,22.1,53.3,11.4,0.000,0.000,0.00,0.000,2.8,4.9,0.7,289,16,3.3,5.9,0.9,290,14,3.3,5.9,0.9,290,14,0,29.83,0.4,0,0,0,42.3,46.6,50.5,0.54,0.47,0.40
BSPA,2019-11-08 19:30:00 EST,43.02280,-73.87498,395,26.0,26.6,26.0,53.2,11.3,0.000,0.000,0.00,0.000,2.3,6.8,1.5,302,22,2.7,7.7,1.7,300,22,2.7,7.7,1.7,300,22,0,29.83,0.5,0,0,0,42.3,46.6,50.5,0.54,0.47,0.40
BSPA,2019-11-08 19:35:00 EST,43.02280,-73.87498,395,25.8,26.6,21.3,53.6,11.3,0.000,0.000,0.00,0.000,3.2,8.7,1.7,312,20,3.7,9.1,1.7,309,20,3.7,9.1,1.7,309,20,0,29.83,0.3,0,0,0,42.3,46.6,50.5,0.54,0.47,0.40
BSPA,2019-11-08 19:40:00 EST,43.02280,-73.87498,395,25.3,26.4,21.7,55.3,11.5,0.000,0.000,0.00,0.000,2.4,6.4,1.7,311,24,3.0,8.3,1.9,306,25,3.0,8.3,1.9,306,25,0,29.83,0.4,0,0,0,42.1,46.6,50.5,0.54,0.47,0.40
BSPA,2019-11-08 19:45:00 EST,43.02280,-73.87498,395,25.3,26.3,25.3,56.3,11.9,0.000,0.000,0.00,0.000,1.8,4.5,1.0,307,22,2.3,5.5,1.2,307,22,2.3,5.5,1.2,307,22,0,29.83,0.4,0,0,0,42.1,46.6,50.5,0.54,0.47,0.40
BSPA,2019-11-08 19:50:00 EST,43.02280,-73.87498,395,25.6,26.4,21.6,55.4,11.8,0.000,0.000,0.00,0.000,2.8,5.6,1.0,298,24,3.3,6.7,1.2,297,23,3.3,6.7,1.2,297,23,0,29.83,0.4,0,0,0,42.1,46.6,50.5,0.54,0.47,0.40
BSPA,2019-11-08 19:55:00 EST,43.02280,-73.87498,395,25.6,26.3,25.6,55.5,11.9,0.000,0.000,0.00,0.000,2.6,5.4,1.1,303,13,3.0,6.5,1.2,303,13,3.0,6.5,1.2,303,13,0,29.83,0.4,0,0,0,42.1,46.6,50.5,0.54,0.47,0.40
BSPA,2019-11-08 20:00:00 EST,43.02280,-73.87498,395,25.5,26.2,21.7,55.7,11.8,0.000,0.000,0.00,0.000,2.9,4.6,0.8,297,15,3.2,5.3,0.9,296,15,3.2,5.3,0.9,296,15,0,29.83,0.4,0,0,0,42.1,46.6,50.5,0.54,0.47,0.40
BSPA,2019-11-08 20:05:00 EST,43.02280,-73.87498,395,25.2,26.2,19.8,56.3,11.8,0.000,0.000,0.00,0.000,3.8,6.4,1.1,287,14,4.4,7.1,1.3,287,13,4.4,7.1,1.3,287,13,0,29.83,0.5,0,0,0,42.0,46.6,50.5,0.54,0.47,0.40
BSPA,2019-11-08 20:10:00 EST,43.02280,-73.87498,395,25.1,26.1,20.7,57.0,12.0,0.000,0.000,0.00,0.000,3.1,7.0,1.4,321,19,3.6,7.5,1.5,320,19,3.6,7.5,1.5,320,19,0,29.83,0.5,0,0,0,42.0,46.6,50.5,0.54,0.47,0.40
BSPA,2019-11-08 20:15:00 EST,43.02280,-73.87498,395,25.2,26.1,20.2,56.9,12.1,0.000,0.000,0.00,0.000,3.6,8.8,2.1,322,18,4.0,9.5,2.1,320,17,4.0,9.5,2.1,320,17,0,29.83,0.5,0,0,0,41.9,46.6,50.5,0.54,0.47,0.40
BSPA,2019-11-08 20:20:00 EST,43.02280,-73.87498,395,25.5,26.3,18.6,56.8,12.3,0.000,0.000,0.00,0.000,5.3,9.4,1.6,313,27,6.0,10.2,1.8,312,25,6.0,10.2,1.8,312,25,0,29.83,0.5,0,0,0,41.9,46.6,50.5,0.54,0.47,0.40
BSPA,2019-11-08 20:25:00 EST,43.02280,-73.87498,395,26.0,26.5,19.8,55.4,12.2,0.000,0.000,0.00,0.000,4.7,6.9,1.0,301,21,5.2,8.2,1.2,301,20,5.2,8.2,1.2,301,20,0,29.83,0.4,0,0,0,41.9,46.6,50.5,0.54,0.47,0.40
BSPA,2019-11-08 20:30:00 EST,43.02280,-73.87498,395,25.6,26.2,20.5,56.1,12.1,0.000,0.000,0.00,0.000,3.6,6.9,1.5,291,25,4.1,7.9,1.9,288,21,4.1,7.9,1.9,288,21,0,29.83,0.5,0,0,0,41.9,46.6,50.5,0.54,0.47,0.40
BSPA,2019-11-08 20:35:00 EST,43.02280,-73.87498,395,25.5,26.2,19.3,56.9,12.3,0.000,0.000,0.00,0.000,4.3,9.4,2.5,310,36,5.1,10.4,2.6,307,38,5.1,10.4,2.6,307,38,0,29.83,0.4,0,0,0,41.8,46.6,50.5,0.54,0.47,0.40
BSPA,2019-11-08 20:40:00 EST,43.02280,-73.87498,395,25.3,26.0,19.5,58.0,12.6,0.000,0.000,0.00,0.000,3.8,12.0,3.3,319,31,4.7,13.4,3.2,324,35,4.7,13.4,3.2,324,35,0,29.83,0.5,0,0,0,41.7,46.6,50.5,0.54,0.47,0.40
BSPA,2019-11-08 20:45:00 EST,43.02280,-73.87498,395,25.5,26.1,20.5,57.6,12.6,0.000,0.000,0.00,0.000,3.2,8.6,1.9,317,42,4.1,10.2,2.1,316,43,4.1,10.2,2.1,316,43,0,29.83,0.5,0,0,0,41.7,46.6,50.5,0.54,0.47,0.40
BSPA,2019-11-08 20:50:00 EST,43.02280,-73.87498,395,25.5,26.1,21.3,57.9,12.7,0.000,0.000,0.00,0.000,2.7,6.4,1.4,3,44,3.4,9.0,1.5,356,44,3.4,9.0,1.5,356,44,0,29.84,0.5,0,0,0,41.7,46.6,50.5,0.54,0.47,0.40
BSPA,2019-11-08 20:55:00 EST,43.02280,-73.87498,395,25.5,26.0,25.5,58.1,12.8,0.000,0.000,0.00,0.000,2.3,4.8,1.1,292,44,2.9,6.5,1.4,295,44,2.9,6.5,1.4,295,44,0,29.84,0.6,0,0,0,41.7,46.6,50.5,0.54,0.47,0.40
BSPA,2019-11-08 21:00:00 EST,43.02280,-73.87498,395,25.4,26.0,25.4,58.7,12.9,0.000,0.000,0.00,0.000,2.4,6.6,1.3,314,36,2.9,7.5,1.4,311,33,2.9,7.5,1.4,311,33,0,29.84,0.4,0,0,0,41.7,46.6,50.4,0.54,0.47,0.40
BSPA,2019-11-08 21:05:00 EST,43.02280,-73.87498,395,25.2,25.8,21.4,59.4,13.1,0.000,0.000,0.00,0.000,2.6,9.1,2.1,318,36,3.2,11.8,2.5,319,37,3.2,11.8,2.5,319,37,0,29.84,0.4,0,0,0,41.5,46.6,50.4,0.54,0.47,0.40
BSPA,2019-11-08 21:10:00 EST,43.02280,-73.87498,395,24.6,25.7,24.6,60.5,12.9,0.000,0.000,0.00,0.000,1.8,3.2,0.8,28,46,2.4,4.8,0.9,21,44,2.4,4.8,0.9,21,44,0,29.84,0.4,0,0,0,41.5,46.6,50.4,0.54,0.47,0.40
BSPA,2019-11-08 21:15:00 EST,43.02280,-73.87498,395,24.4,25.4,24.4,61.9,13.3,0.000,0.000,0.00,0.000,1.5,3.2,0.8,9,35,2.0,4.6,1.0,5,36,2.0,4.6,1.0,5,36,0,29.84,0.4,0,0,0,41.5,46.6,50.4,0.54,0.47,0.40
BSPA,2019-11-08 21:20:00 EST,43.02280,-73.87498,395,24.0,25.2,24.0,63.3,13.4,0.000,0.000,0.00,0.000,1.7,4.5,1.0,337,51,2.1,4.8,1.1,334,54,2.1,4.8,1.1,334,54,0,29.84,0.5,0,0,0,41.5,46.6,50.4,0.54,0.47,0.40
BSPA,2019-11-08 21:25:00 EST,43.02280,-73.87498,395,24.0,25.4,24.0,63.1,13.2,0.000,0.000,0.00,0.000,2.1,3.1,0.6,69,16,2.5,4.2,0.6,65,16,2.5,4.2,0.6,65,16,0,29.84,0.5,0,0,0,41.5,46.6,50.4,0.54,0.47,0.40
BSPA,2019-11-08 21:30:00 EST,43.02280,-73.87498,395,23.6,25.0,23.6,63.8,13.2,0.000,0.000,0.00,0.000,2.3,4.7,1.1,75,29,2.7,5.3,1.2,72,29,2.7,5.3,1.2,72,29,0,29.84,0.5,0,0,0,41.5,46.6,50.4,0.54,0.47,0.40
BSPA,2019-11-08 21:35:00 EST,43.02280,-73.87498,395,24.1,25.0,24.1,64.9,14.0,0.000,0.000,0.00,0.000,0.8,2.7,0.7,86,29,1.2,3.3,0.7,78,36,1.2,3.3,0.7,78,36,0,29.85,0.4,0,0,0,41.4,46.6,50.4,0.54,0.47,0.40
BSPA,2019-11-08 21:40:00 EST,43.02280,-73.87498,395,22.7,25.0,22.7,66.6,13.2,0.000,0.000,0.00,0.000,1.7,3.4,1.0,88,12,2.0,4.5,1.2,84,14,2.0,4.5,1.2,84,14,0,29.85,0.5,0,0,0,41.4,46.6,50.4,0.54,0.47,0.40
BSPA,2019-11-08 21:45:00 EST,43.02280,-73.87498,395,22.4,24.0,22.4,67.9,13.4,0.000,0.000,0.00,0.000,0.1,1.2,0.3,168,8,0.9,2.1,0.5,172,28,0.9,2.1,0.5,172,28,0,29.85,0.5,0,0,0,41.4,46.6,50.4,0.54,0.47,0.40
BSPA,2019-11-08 21:50:00 EST,43.02280,-73.87498,395,22.3,23.9,22.3,71.3,14.5,0.000,0.000,0.00,0.000,2.3,3.7,0.7,161,19,2.7,4.1,0.7,158,23,2.7,4.1,0.7,158,23,0,29.85,0.5,0,0,0,41.4,46.6,50.4,0.53,0.47,0.40
BSPA,2019-11-08 21:55:00 EST,43.02280,-73.87498,395,22.5,23.7,22.5,71.6,14.7,0.000,0.000,0.00,0.000,0.9,2.4,0.6,201,22,1.4,3.2,0.7,207,21,1.4,3.2,0.7,207,21,0,29.85,0.5,0,0,0,41.4,46.6,50.4,0.53,0.47,0.40
BSPA,2019-11-08 22:00:00 EST,43.02280,-73.87498,395,23.2,23.9,23.2,69.7,14.8,0.000,0.000,0.00,0.000,0.8,1.8,0.6,221,9,1.2,1.9,0.3,223,11,1.2,1.9,0.3,223,11,0,29.85,0.6,0,0,0,41.4,46.6,50.4,0.53,0.47,0.40
BSPA,2019-11-08 22:05:00 EST,43.02280,-73.87498,395,23.4,24.3,23.4,67.9,14.4,0.000,0.000,0.00,0.000,1.2,2.3,0.3,231,22,1.6,2.6,0.3,230,23,1.6,2.6,0.3,230,23,0,29.85,0.5,0,0,0,41.3,46.6,50.4,0.53,0.47,0.40
BSPA,2019-11-08 22:10:00 EST,43.02280,-73.87498,395,22.9,24.4,22.9,67.8,13.9,0.000,0.000,0.00,0.000,2.5,4.0,0.8,245,8,2.9,4.7,0.8,242,10,2.9,4.7,0.8,242,10,0,29.85,0.3,0,0,0,41.2,46.5,50.4,0.53,0.47,0.40
BSPA,2019-11-08 22:15:00 EST,43.02280,-73.87498,395,21.0,23.5,21.0,71.3,13.1,0.000,0.000,0.00,0.000,0.5,1.4,0.4,1,37,0.9,1.9,0.6,12,44,0.9,1.9,0.6,12,44,0,29.85,0.5,0,0,0,41.2,46.4,50.4,0.53,0.47,0.40
BSPA,2019-11-08 22:20:00 EST,43.02280,-73.87498,395,21.3,23.1,21.3,73.2,14.1,0.000,0.000,0.00,0.000,0.2,0.8,0.3,160,1,0.8,1.3,0.4,149,17,0.8,1.3,0.4,149,17,0,29.86,0.5,0,0,0,41.2,46.5,50.4,0.53,0.47,0.40
BSPA,2019-11-08 22:25:00 EST,43.02280,-73.87498,395,21.1,22.9,21.1,74.0,14.1,0.000,0.000,0.00,0.000,0.0,0.0,0.0,0,0,0.2,1.0,0.3,186,11,0.2,1.0,0.3,186,11,0,29.86,0.6,0,0,0,41.2,46.4,50.4,0.53,0.47,0.40
BSPA,2019-11-08 22:30:00 EST,43.02280,-73.87498,395,21.6,22.8,21.6,74.2,14.6,0.000,0.000,0.00,0.000,0.4,1.2,0.4,258,4,1.1,1.7,0.3,240,24,1.1,1.7,0.3,240,24,0,29.86,0.5,0,0,0,41.2,46.4,50.4,0.53,0.47,0.40
BSPA,2019-11-08 22:35:00 EST,43.02280,-73.87498,395,21.6,22.9,21.6,75.2,15.0,0.000,0.000,0.00,0.000,1.1,2.7,0.8,237,11,1.6,2.7,0.6,234,16,1.6,2.7,0.6,234,16,0,29.86,0.5,0,0,0,41.1,46.4,50.4,0.53,0.47,0.40
BSPA,2019-11-08 22:40:00 EST,43.02280,-73.87498,395,22.0,23.6,22.0,73.4,14.8,0.000,0.000,0.00,0.000,2.7,4.1,0.6,236,10,2.9,4.6,0.6,235,11,2.9,4.6,0.6,235,11,0,29.86,0.5,0,0,0,41.0,46.4,50.4,0.53,0.47,0.40
BSPA,2019-11-08 22:45:00 EST,43.02280,-73.87498,395,22.1,23.1,22.1,72.4,14.6,0.000,0.000,0.00,0.000,1.5,2.2,0.3,239,11,1.8,2.5,0.3,236,13,1.8,2.5,0.3,236,13,0,29.86,0.4,0,0,0,41.0,46.4,50.4,0.53,0.47,0.40
BSPA,2019-11-08 22:50:00 EST,43.02280,-73.87498,395,20.8,22.2,20.8,73.1,13.6,0.000,0.000,0.00,0.000,0.8,1.3,0.4,223,6,1.1,1.7,0.5,222,11,1.1,1.7,0.5,222,11,0,29.86,0.6,0,0,0,41.0,46.4,50.4,0.53,0.47,0.40
BSPA,2019-11-08 22:55:00 EST,43.02280,-73.87498,395,20.6,21.9,20.6,74.8,13.9,0.000,0.000,0.00,0.000,0.4,1.3,0.5,201,4,0.8,1.7,0.6,206,14,0.8,1.7,0.6,206,14,0,29.86,0.6,0,0,0,41.0,46.4,50.4,0.53,0.47,0.40
BSPA,2019-11-08 23:00:00 EST,43.02280,-73.87498,395,20.4,21.6,20.4,77.8,14.6,0.000,0.000,0.00,0.000,0.3,0.9,0.3,213,3,0.7,1.2,0.4,211,16,0.7,1.2,0.4,211,16,0,29.86,0.7,0,0,0,41.0,46.4,50.4,0.53,0.47,0.40
BSPA,2019-11-08 23:05:00 EST,43.02280,-73.87498,395,20.9,21.7,20.9,76.7,14.7,0.000,0.000,0.00,0.000,0.5,0.9,0.3,265,25,1.0,1.5,0.3,259,25,1.0,1.5,0.3,259,25,0,29.86,0.6,0,0,0,41.0,46.4,50.4,0.53,0.47,0.40
BSPA,2019-11-08 23:10:00 EST,43.02280,-73.87498,395,20.4,21.4,20.4,76.6,14.3,0.000,0.000,0.00,0.000,1.6,3.7,1.2,242,17,2.1,4.3,1.2,238,18,2.1,4.3,1.2,238,18,0,29.86,0.5,0,0,0,40.9,46.4,50.4,0.53,0.47,0.40
BSPA,2019-11-08 23:15:00 EST,43.02280,-73.87498,395,20.6,22.1,16.3,77.8,14.7,0.000,0.000,0.00,0.000,2.8,3.4,0.3,240,10,3.0,3.9,0.4,237,10,3.0,3.9,0.4,237,10,0,29.86,0.6,0,0,0,40.9,46.4,50.4,0.53,0.47,0.40
BSPA,2019-11-08 23:20:00 EST,43.02280,-73.87498,395,20.6,22.0,20.6,77.4,14.7,0.000,0.000,0.00,0.000,2.7,3.6,0.3,234,5,2.8,3.7,0.4,231,5,2.8,3.7,0.4,231,5,0,29.86,0.6,0,0,0,40.8,46.4,50.4,0.53,0.47,0.40
BSPA,2019-11-08 23:25:00 EST,43.02280,-73.87498,395,20.2,21.5,20.2,78.0,14.5,0.000,0.000,0.00,0.000,2.5,3.3,0.3,241,9,2.7,3.6,0.3,238,10,2.7,3.6,0.3,238,10,0,29.86,0.6,0,0,0,40.8,46.4,50.4,0.53,0.47,0.40
BSPA,2019-11-08 23:30:00 EST,43.02280,-73.87498,395,19.7,21.5,19.7,79.1,14.3,0.000,0.000,0.00,0.000,1.7,2.4,0.3,227,10,1.9,3.0,0.3,225,9,1.9,3.0,0.3,225,9,0,29.86,0.6,0,0,0,40.8,46.4,50.4,0.53,0.47,0.40
BSPA,2019-11-08 23:35:00 EST,43.02280,-73.87498,395,18.8,20.9,18.8,78.8,13.4,0.000,0.000,0.00,0.000,1.1,1.8,0.4,170,36,1.4,2.4,0.4,163,37,1.4,2.4,0.4,163,37,0,29.86,0.5,0,0,0,40.8,46.4,50.4,0.53,0.47,0.40
BSPA,2019-11-08 23:40:00 EST,43.02280,-73.87498,395,18.3,20.4,18.3,83.0,14.0,0.000,0.000,0.00,0.000,1.2,1.8,0.4,68,26,1.5,2.2,0.3,64,26,1.5,2.2,0.3,64,26,0,29.87,0.7,0,0,0,40.7,46.4,50.4,0.53,0.47,0.40
BSPA,2019-11-08 23:45:00 EST,43.02280,-73.87498,395,18.7,20.2,18.7,85.4,15.1,0.000,0.000,0.00,0.000,1.0,1.7,0.3,47,8,1.4,2.1,0.2,41,10,1.4,2.1,0.2,41,10,0,29.87,0.6,0,0,0,40.6,46.4,50.4,0.53,0.47,0.40
BSPA,2019-11-08 23:50:00 EST,43.02280,-73.87498,395,18.6,20.9,18.6,84.5,14.7,0.000,0.000,0.00,0.000,0.9,1.5,0.3,56,10,1.3,1.7,0.3,52,14,1.3,1.7,0.3,52,14,0,29.87,0.7,0,0,0,40.6,46.4,50.4,0.53,0.47,0.40
BSPA,2019-11-08 23:55:00 EST,43.02280,-73.87498,395,19.0,21.4,19.0,83.1,14.7,0.000,0.000,0.00,0.000,0.3,0.8,0.3,344,22,0.7,1.5,0.6,330,32,0.7,1.5,0.6,330,32,0,29.87,0.6,0,0,0,40.6,46.4,50.4,0.53,0.47,0.40
BUFF,2019-11-08 00:00:00 EST,43.00017,-78.76717,589,29.7,29.9,26.2,86.2,26.1,0.000,0.095,0.00,0.000,3.3,5.9,1.4,320,20,3.4,6.6,1.4,327,20,3.4,6.6,1.4,327,20,0,29.53,-0.2,0,0,0,43.0,45.9,48.6,0.50,0.41,0.41
BUFF,2019-11-08 00:05:00 EST,43.00017,-78.76717,589,29.5,29.8,29.5,86.2,25.9,0.000,0.000,0.00,0.000,2.5,6.1,1.1,314,19,2.8,6.9,1.2,320,20,2.8,6.9,1.2,320,20,0,29.53,-0.2,0,0,0,43.0,45.9,48.6,0.50,0.41,0.41
BUFF,2019-11-08 00:10:00 EST,43.00017,-78.76717,589,29.6,29.8,25.7,86.2,25.9,0.000,0.000,0.00,0.000,3.4,7.1,1.3,316,18,3.6,6.4,1.3,321,18,3.6,6.4,1.3,321,18,0,29.53,-0.2,0,0,0,43.0,45.9,48.6,0.50,0.41,0.41
BUFF,2019-11-08 00:15:00 EST,43.00017,-78.76717,589,29.6,29.8,25.9,86.5,26.1,0.000,0.000,0.00,0.000,3.6,6.5,1.5,311,18,3.6,7.0,1.4,315,17,3.6,7.0,1.4,315,17,0,29.53,-0.2,0,0,0,43.0,45.9,48.6,0.50,0.41,0.41
BUFF,2019-11-08 00:20:00 EST,43.00017,-78.76717,589,29.7,29.8,24.6,85.7,25.9,0.000,0.000,0.00,0.000,4.6,10.3,1.5,321,17,4.8,10.4,1.6,326,17,4.8,10.4,1.6,326,17,0,29.53,-0.2,0,0,0,43.0,45.9,48.5,0.50,0.41,0.41
BUFF,2019-11-08 00:25:00 EST,43.00017,-78.76717,589,29.7,29.9,25.9,85.6,26.0,0.000,0.000,0.00,0.000,3.3,6.6,1.2,319,22,3.6,9.1,1.2,324,24,3.6,9.1,1.2,324,24,0,29.53,-0.2,0,0,0,43.0,45.9,48.5,0.50,0.41,0.41
BUFF,2019-11-08 00:30:00 EST,43.00017,-78.76717,589,29.7,29.8,24.7,85.7,25.9,0.000,0.000,0.00,0.000,4.7,8.0,1.4,323,18,4.7,9.3,1.6,329,17,4.7,9.3,1.6,329,17,0,29.53,-0.2,0,0,0,43.0,45.9,48.5,0.50,0.41,0.41
BUFF,2019-11-08 00:35:00 EST,43.00017,-78.76717,589,29.4,29.7,25.7,84.9,25.4,0.000,0.000,0.00,0.000,3.3,6.3,1.2,333,20,3.5,7.0,1.3,339,20,3.5,7.0,1.3,339,20,0,29.53,-0.2,0,0,0,43.0,45.9,48.5,0.50,0.41,0.41
BUFF,2019-11-08 00:40:00 EST,43.00017,-78.76717,589,29.4,29.6,25.2,83.6,25.0,0.000,0.000,0.00,0.000,3.7,6.6,1.2,328,16,3.9,8.9,1.3,334,15,3.9,8.9,1.3,334,15,0,29.53,-0.3,0,0,0,42.9,45.8,48.5,0.50,0.41,0.41
BUFF,2019-11-08 00:45:00 EST,43.00017,-78.76717,589,29.1,29.5,25.9,83.6,24.8,0.000,0.000,0.00,0.000,3.0,5.4,1.0,328,17,3.1,6.0,1.0,331,17,3.1,6.0,1.0,331,17,0,29.53,-0.3,0,0,0,42.9,45.8,48.4,0.50,0.41,0.41
BUFF,2019-11-08 00:50:00 EST,43.00017,-78.76717,589,29.0,29.3,29.0,84.3,24.9,0.000,0.000,0.00,0.000,2.3,3.6,0.4,337,10,2.6,3.9,0.5,341,10,2.6,3.9,0.5,341,10,0,29.53,-0.2,0,0,0,42.9,45.8,48.5,0.50,0.41,0.41
BUFF,2019-11-08 00:55:00 EST,43.00017,-78.76717,589,29.1,29.3,25.2,84.8,25.1,0.000,0.000,0.00,0.000,3.4,5.0,0.8,338,14,3.6,5.9,0.9,344,13,3.6,5.9,0.9,344,13,0,29.53,-0.3,0,0,0,42.8,45.7,48.4,0.50,0.41,0.41
BUFF,2019-11-08 01:00:00 EST,43.00017,-78.76717,589,29.1,29.3,25.1,84.2,24.9,0.000,0.000,0.00,0.000,3.6,5.8,0.8,333,22,3.6,6.4,0.9,339,17,3.6,6.4,0.9,339,17,0,29.53,-0.3,0,0,0,42.8,45.7,48.4,0.50,0.41,0.41
BUFF,2019-11-08 01:05:00 EST,43.00017,-78.76717,589,29.0,29.3,29.0,83.2,24.5,0.000,0.000,0.00,0.000,2.6,6.1,1.3,327,16,2.9,6.7,1.4,334,18,2.9,6.7,1.4,334,18,0,29.54,-0.3,0,0,0,42.8,45.7,48.4,0.50,0.41,0.41
BUFF,2019-11-08 01:10:00 EST,43.00017,-78.76717,589,28.9,29.3,25.1,83.4,24.5,0.000,0.000,0.00,0.000,3.4,5.5,0.9,326,16,3.5,6.7,1.0,330,16,3.5,6.7,1.0,330,16,0,29.54,-0.2,0,0,0,42.8,45.7,48.4,0.50,0.41,0.41
BUFF,2019-11-08 01:15:00 EST,43.00017,-78.76717,589,28.9,29.2,25.1,82.7,24.3,0.000,0.000,0.00,0.000,3.4,5.6,0.9,329,15,3.6,6.2,1.1,335,16,3.6,6.2,1.1,335,16,0,29.54,-0.2,0,0,0,42.8,45.7,48.4,0.50,0.41,0.41
BUFF,2019-11-08 01:20:00 EST,43.00017,-78.76717,589,28.7,29.1,28.7,82.7,24.1,0.000,0.000,0.00,0.000,2.2,4.1,0.8,330,17,2.5,4.6,0.8,334,18,2.5,4.6,0.8,334,18,0,29.53,-0.3,0,0,0,42.8,45.7,48.4,0.50,0.41,0.41
BUFF,2019-11-08 01:25:00 EST,43.00017,-78.76717,589,28.7,29.0,28.7,83.0,24.1,0.000,0.000,0.00,0.000,2.6,5.0,0.8,329,14,2.7,4.9,0.7,336,14,2.7,4.9,0.7,336,14,0,29.53,-0.2,0,0,0,42.8,45.7,48.4,0.50,0.41,0.41
BUFF,2019-11-08 01:30:00 EST,43.00017,-78.76717,589,28.7,29.0,28.7,83.2,24.2,0.000,0.000,0.00,0.000,2.4,3.9,0.6,329,12,2.5,4.3,0.7,334,10,2.5,4.3,0.7,334,10,0,29.54,-0.2,0,0,0,42.8,45.7,48.4,0.50,0.40,0.41
BUFF,2019-11-08 01:35:00 EST,43.00017,-78.76717,589,28.4,28.8,28.4,83.8,24.1,0.000,0.000,0.00,0.000,1.8,4.0,0.8,337,8,2.2,4.4,0.7,344,11,2.2,4.4,0.7,344,11,0,29.54,-0.3,0,0,0,42.8,45.7,48.4,0.50,0.41,0.41
BUFF,2019-11-08 01:40:00 EST,43.00017,-78.76717,589,28.2,28.8,24.5,84.6,24.2,0.000,0.000,0.00,0.000,3.1,5.8,0.7,341,15,3.4,5.7,0.9,346,15,3.4,5.7,0.9,346,15,0,29.54,-0.3,0,0,0,42.8,45.7,48.4,0.50,0.41,0.41
BUFF,2019-11-08 01:45:00 EST,43.00017,-78.76717,589,28.3,28.7,23.4,84.6,24.2,0.000,0.000,0.00,0.000,4.0,6.3,1.0,343,13,4.3,7.6,1.1,349,12,4.3,7.6,1.1,349,12,0,29.54,-0.3,0,0,0,42.8,45.7,48.4,0.50,0.41,0.41
BUFF,2019-11-08 01:50:00 EST,43.00017,-78.76717,589,28.3,28.6,24.0,84.5,24.3,0.000,0.000,0.00,0.000,3.6,5.3,0.8,336,16,3.9,6.3,1.0,341,15,3.9,6.3,1.0,341,15,0,29.54,-0.2,0,0,0,42.8,45.7,48.4,0.50,0.41,0.41
BUFF,2019-11-08 01:55:00 EST,43.00017,-78.76717,589,28.3,28.6,28.3,85.2,24.5,0.000,0.000,0.00,0.000,2.5,5.1,0.7,328,19,2.7,6.0,0.8,334,18,2.7,6.0,0.8,334,18,0,29.55,-0.2,0,0,0,42.8,45.7,48.4,0.50,0.41,0.41
BUFF,2019-11-08 02:00:00 EST,43.00017,-78.76717,589,28.4,28.6,24.0,86.0,24.7,0.000,0.000,0.00,0.000,3.5,6.1,1.1,350,17,3.9,7.3,1.1,354,14,3.9,7.3,1.1,354,14,0,29.54,-0.2,0,0,0,42.8,45.7,48.4,0.50,0.41,0.41
BUFF,2019-11-08 02:05:00 EST,43.00017,-78.76717,589,28.4,28.5,22.4,86.5,24.9,0.000,0.000,0.00,0.000,5.2,7.9,1.2,344,20,5.5,8.8,1.3,348,17,5.5,8.8,1.3,348,17,0,29.55,-0.2,0,0,0,42.8,45.7,48.4,0.50,0.41,0.41
BUFF,2019-11-08 02:10:00 EST,43.00017,-78.76717,589,28.4,28.4,22.5,86.6,24.9,0.000,0.000,0.00,0.000,4.9,7.5,1.3,343,14,5.3,8.4,1.3,348,13,5.3,8.4,1.3,348,13,0,29.55,-0.2,0,0,0,42.8,45.7,48.4,0.50,0.41,0.41
BUFF,2019-11-08 02:15:00 EST,43.00017,-78.76717,589,28.1,28.2,22.7,87.8,25.0,0.000,0.000,0.00,0.000,4.5,7.6,1.4,347,16,4.9,9.4,1.4,353,9,4.9,9.4,1.4,353,9,0,29.55,-0.2,0,0,0,42.8,45.7,48.4,0.50,0.41,0.41
BUFF,2019-11-08 02:20:00 EST,43.00017,-78.76717,589,27.9,28.1,23.8,88.2,24.9,0.000,0.000,0.00,0.000,3.3,6.1,1.3,333,10,3.6,7.3,1.5,339,11,3.6,7.3,1.5,339,11,0,29.55,-0.2,0,0,0,42.6,45.7,48.4,0.50,0.41,0.41
BUFF,2019-11-08 02:25:00 EST,43.00017,-78.76717,589,27.7,27.9,27.7,88.5,24.7,0.000,0.000,0.00,0.000,2.5,5.3,0.8,342,17,2.9,4.7,0.8,351,16,2.9,4.7,0.8,351,16,0,29.55,-0.3,0,0,0,42.6,45.7,48.4,0.50,0.41,0.41
BUFF,2019-11-08 02:30:00 EST,43.00017,-78.76717,589,27.5,27.8,27.5,88.4,24.5,0.000,0.000,0.00,0.000,2.3,4.0,0.7,352,20,2.7,4.6,0.7,358,16,2.7,4.6,0.7,358,16,0,29.54,-0.3,0,0,0,42.6,45.6,48.4,0.50,0.41,0.41
BUFF,2019-11-08 02:35:00 EST,43.00017,-78.76717,589,27.2,27.8,23.5,89.1,24.4,0.000,0.000,0.00,0.000,2.9,4.7,0.6,352,11,3.3,5.3,0.7,357,10,3.3,5.3,0.7,357,10,0,29.54,-0.2,0,0,0,42.6,45.6,48.4,0.50,0.41,0.41
BUFF,2019-11-08 02:40:00 EST,43.00017,-78.76717,589,27.4,27.9,27.4,88.8,24.5,0.000,0.000,0.00,0.000,2.5,4.4,1.1,337,15,3.0,4.8,1.1,341,17,3.0,4.8,1.1,341,17,0,29.54,-0.2,0,0,0,42.6,45.6,48.4,0.50,0.41,0.41
BUFF,2019-11-08 02:45:00 EST,43.00017,-78.76717,589,27.5,27.9,27.5,87.9,24.3,0.000,0.000,0.00,0.000,2.5,3.7,0.5,337,11,2.8,4.1,0.6,342,12,2.8,4.1,0.6,342,12,0,29.55,-0.3,0,0,0,42.6,45.6,48.4,0.50,0.41,0.41
BUFF,2019-11-08 02:50:00 EST,43.00017,-78.76717,589,27.3,28.0,23.2,87.9,24.2,0.000,0.000,0.00,0.000,3.4,4.8,0.7,335,13,3.6,5.2,0.7,340,12,3.6,5.2,0.7,340,12,0,29.55,-0.3,0,0,0,42.6,45.5,48.4,0.50,0.41,0.41
BUFF,2019-11-08 02:55:00 EST,43.00017,-78.76717,589,27.6,28.1,23.9,87.7,24.5,0.000,0.000,0.00,0.000,3.1,7.2,1.4,332,17,3.3,8.2,1.5,337,15,3.3,8.2,1.5,337,15,0,29.55,-0.2,0,0,0,42.6,45.5,48.4,0.50,0.41,0.41
BUFF,2019-11-08 03:00:00 EST,43.00017,-78.76717,589,27.9,28.4,22.6,85.9,24.3,0.000,0.000,0.00,0.000,4.5,7.4,1.1,342,13,4.7,7.5,1.2,347,12,4.7,7.5,1.2,347,12,0,29.55,-0.2,0,0,0,42.6,45.5,48.4,0.50,0.41,0.41
BUFF,2019-11-08 03:05:00 EST,43.00017,-78.76717,589,28.2,28.4,23.0,84.3,24.0,0.000,0.000,0.00,0.000,4.3,8.5,1.8,337,16,4.6,9.1,1.9,344,15,4.6,9.1,1.9,344,15,0,29.55,-0.2,0,0,0,42.6,45.5,48.4,0.50,0.41,0.41
BUFF,2019-11-08 03:10:00 EST,43.00017,-78.76717,589,28.4,28.6,22.4,82.5,23.7,0.000,0.000,0.00,0.000,5.2,7.7,1.2,343,10,5.4,8.4,1.3,348,9,5.4,8.4,1.3,348,9,0,29.55,-0.2,0,0,0,42.5,45.5,48.4,0.50,0.41,0.41
BUFF,2019-11-08 03:15:00 EST,43.00017,-78.76717,589,28.3,28.5,23.2,82.3,23.6,0.000,0.000,0.00,0.000,4.1,7.4,1.3,340,15,4.5,8.4,1.4,347,13,4.5,8.4,1.4,347,13,0,29.55,-0.2,0,0,0,42.5,45.5,48.4,0.50,0.41,0.41
BUFF,2019-11-08 03:20:00 EST,43.00017,-78.76717,589,28.2,28.5,23.4,81.9,23.4,0.000,0.000,0.00,0.000,3.9,6.5,0.9,347,20,4.3,7.6,1.0,353,12,4.3,7.6,1.0,353,12,0,29.56,-0.3,0,0,0,42.4,45.5,48.4,0.50,0.41,0.41
BUFF,2019-11-08 03:25:00 EST,43.00017,-78.76717,589,28.0,28.3,22.6,82.1,23.3,0.000,0.000,0.00,0.000,4.4,7.8,1.3,348,14,4.8,8.1,1.4,353,12,4.8,8.1,1.4,353,12,0,29.56,-0.3,0,0,0,42.4,45.5,48.4,0.50,0.41,0.41
BUFF,2019-11-08 03:30:00 EST,43.00017,-78.76717,589,27.9,28.2,21.7,81.1,22.9,0.000,0.000,0.00,0.000,5.3,9.0,1.5,359,17,5.6,10.1,1.7,1,13,5.6,10.1,1.7,1,13,0,29.56,-0.3,0,0,0,42.4,45.5,48.4,0.50,0.41,0.41
BUFF,2019-11-08 03:35:00 EST,43.00017,-78.76717,589,27.7,28.0,22.6,80.8,22.5,0.000,0.000,0.00,0.000,4.0,6.1,0.9,352,18,4.4,7.0,1.0,357,12,4.4,7.0,1.0,357,12,0,29.56,-0.3,0,0,0,42.4,45.5,48.4,0.50,0.41,0.41
BUFF,2019-11-08 03:40:00 EST,43.00017,-78.76717,589,27.4,27.8,23.0,81.4,22.5,0.000,0.000,0.00,0.000,3.5,5.9,1.0,2,15,3.8,6.0,1.1,2,14,3.8,6.0,1.1,2,14,0,29.56,-0.2,0,0,0,42.4,45.5,48.4,0.50,0.41,0.41
BUFF,2019-11-08 03:45:00 EST,43.00017,-78.76717,589,27.7,27.9,21.4,81.1,22.7,0.000,0.000,0.00,0.000,5.2,8.1,1.6,358,16,5.7,9.3,1.6,2,14,5.7,9.3,1.6,2,14,0,29.56,-0.2,0,0,0,42.4,45.5,48.4,0.50,0.41,0.41
BUFF,2019-11-08 03:50:00 EST,43.00017,-78.76717,589,27.7,27.9,22.2,81.2,22.7,0.000,0.000,0.00,0.000,4.5,7.0,1.1,348,12,4.9,8.3,1.2,352,11,4.9,8.3,1.2,352,11,0,29.56,-0.2,0,0,0,42.4,45.5,48.4,0.50,0.41,0.41
BUFF,2019-11-08 03:55:00 EST,43.00017,-78.76717,589,27.7,27.8,21.3,81.8,22.9,0.000,0.000,0.00,0.000,5.4,9.1,1.5,11,15,5.8,10.4,1.6,13,14,5.8,10.4,1.6,13,14,0,29.56,-0.2,0,0,0,42.4,45.5,48.4,0.50,0.41,0.41
BUFF,2019-11-08 04:00:00 EST,43.00017,-78.76717,589,27.7,27.8,19.1,80.8,22.6,0.000,0.000,0.00,0.000,8.4,12.7,2.0,4,15,8.8,13.7,2.2,8,12,8.8,13.7,2.2,8,12,0,29.56,-0.2,0,0,0,42.4,45.5,48.4,0.50,0.41,0.41
BUFF,2019-11-08 04:05:00 EST,43.00017,-78.76717,589,27.7,27.8,20.8,81.2,22.6,0.000,0.000,0.00,0.000,6.0,8.9,1.2,1,15,6.3,10.3,1.4,3,13,6.3,10.3,1.4,3,13,0,29.57,-0.2,0,0,0,42.4,45.5,48.4,0.50,0.41,0.41
BUFF,2019-11-08 04:10:00 EST,43.00017,-78.76717,589,27.5,27.6,22.0,82.0,22.7,0.000,0.000,0.00,0.000,4.4,7.7,1.6,9,13,4.8,8.8,1.6,11,14,4.8,8.8,1.6,11,14,0,29.57,-0.2,0,0,0,42.4,45.5,48.4,0.50,0.41,0.41
BUFF,2019-11-08 04:15:00 EST,43.00017,-78.76717,589,27.5,27.6,20.2,80.5,22.3,0.000,0.000,0.00,0.000,6.4,9.4,1.2,2,15,6.7,10.3,1.4,4,13,6.7,10.3,1.4,4,13,0,29.57,-0.2,0,0,0,42.4,45.5,48.4,0.50,0.41,0.41
BUFF,2019-11-08 04:20:00 EST,43.00017,-78.76717,589,27.4,27.6,20.9,79.4,21.9,0.000,0.000,0.00,0.000,5.6,10.1,2.1,358,11,5.8,9.7,2.0,1,9,5.8,9.7,2.0,1,9,0,29.57,-0.2,0,0,0,42.4,45.5,48.4,0.50,0.40,0.41
BUFF,2019-11-08 04:25:00 EST,43.00017,-78.76717,589,27.3,27.4,23.8,80.4,22.1,0.000,0.000,0.00,0.000,2.8,4.6,0.7,343,20,3.2,5.4,0.9,346,18,3.2,5.4,0.9,346,18,0,29.57,-0.2,0,0,0,42.4,45.5,48.4,0.50,0.41,0.41
BUFF,2019-11-08 04:30:00 EST,43.00017,-78.76717,589,27.3,27.4,22.6,80.9,22.2,0.000,0.000,0.00,0.000,3.8,7.2,1.7,352,17,4.1,8.0,1.7,358,17,4.1,8.0,1.7,358,17,0,29.57,-0.2,0,0,0,42.3,45.5,48.4,0.50,0.41,0.41
BUFF,2019-11-08 04:35:00 EST,43.00017,-78.76717,589,27.3,27.5,21.2,79.6,21.9,0.000,0.000,0.00,0.000,5.0,7.7,1.2,342,18,5.4,8.4,1.0,347,16,5.4,8.4,1.0,347,16,0,29.57,-0.2,0,0,0,42.3,45.5,48.4,0.50,0.41,0.41
BUFF,2019-11-08 04:40:00 EST,43.00017,-78.76717,589,27.3,27.4,22.0,79.8,21.9,0.000,0.000,0.00,0.000,4.2,6.2,0.8,333,14,4.6,7.0,0.9,338,14,4.6,7.0,0.9,338,14,0,29.58,-0.2,0,0,0,42.3,45.5,48.4,0.50,0.41,0.41
BUFF,2019-11-08 04:45:00 EST,43.00017,-78.76717,589,27.3,27.4,22.4,80.5,22.1,0.000,0.000,0.00,0.000,3.7,7.3,1.8,347,20,4.2,7.9,1.9,353,12,4.2,7.9,1.9,353,12,0,29.58,-0.2,0,0,0,42.3,45.5,48.4,0.50,0.41,0.41
BUFF,2019-11-08 04:50:00 EST,43.00017,-78.76717,589,27.3,27.4,23.0,80.9,22.2,0.000,0.000,0.00,0.000,3.2,7.2,1.6,338,22,3.7,8.4,1.7,344,19,3.7,8.4,1.7,344,19,0,29.58,-0.2,0,0,0,42.3,45.5,48.4,0.50,0.41,0.41
BUFF,2019-11-08 04:55:00 EST,43.00017,-78.76717,589,27.3,27.4,19.0,78.2,21.4,0.000,0.000,0.00,0.000,7.5,12.6,2.2,347,18,8.2,13.2,2.4,352,11,8.2,13.2,2.4,352,11,0,29.58,-0.2,0,0,0,42.3,45.5,48.4,0.50,0.41,0.41
BUFF,2019-11-08 05:00:00 EST,43.00017,-78.76717,589,27.3,27.4,19.7,76.6,20.9,0.000,0.000,0.00,0.000,6.7,11.8,1.6,352,15,7.1,12.6,1.8,357,14,7.1,12.6,1.8,357,14,0,29.59,-0.2,0,0,0,42.3,45.5,48.4,0.50,0.41,0.41
BUFF,2019-11-08 05:05:00 EST,43.00017,-78.76717,589,27.2,27.3,19.7,76.4,20.8,0.000,0.000,0.00,0.000,6.6,10.1,1.6,357,17,7.0,10.9,1.7,360,10,7.0,10.9,1.7,360,10,0,29.59,-0.2,0,0,0,42.3,45.4,48.3,0.50,0.41,0.41
BUFF,2019-11-08 05:10:00 EST,43.00017,-78.76717,589,27.2,27.3,20.3,76.2,20.7,0.000,0.000,0.00,0.000,5.8,9.1,1.3,341,14,6.3,11.6,1.6,348,11,6.3,11.6,1.6,348,11,0,29.59,-0.3,0,0,0,42.3,45.3,48.3,0.50,0.41,0.41
BUFF,2019-11-08 05:15:00 EST,43.00017,-78.76717,589,27.1,27.2,22.1,77.2,20.9,0.000,0.000,0.00,0.000,3.7,6.0,1.0,346,20,4.2,6.3,0.9,350,14,4.2,6.3,0.9,350,14,0,29.59,-0.3,0,0,0,42.3,45.4,48.3,0.50,0.41,0.41
BUFF,2019-11-08 05:20:00 EST,43.00017,-78.76717,589,27.1,27.2,19.8,75.9,20.5,0.000,0.000,0.00,0.000,6.2,9.8,2.1,353,19,6.7,10.1,2.1,355,13,6.7,10.1,2.1,355,13,0,29.59,-0.2,0,0,0,42.3,45.3,48.3,0.50,0.41,0.41
BUFF,2019-11-08 05:25:00 EST,43.00017,-78.76717,589,27.1,27.2,20.0,74.9,20.2,0.000,0.000,0.00,0.000,6.2,10.4,1.6,355,14,6.5,11.0,1.8,359,9,6.5,11.0,1.8,359,9,0,29.59,-0.3,0,0,0,42.2,45.3,48.3,0.50,0.41,0.41
BUFF,2019-11-08 05:30:00 EST,43.00017,-78.76717,589,27.1,27.2,21.4,74.9,20.2,0.000,0.000,0.00,0.000,4.4,9.6,1.7,353,18,5.0,10.8,1.8,355,16,5.0,10.8,1.8,355,16,0,29.59,-0.3,0,0,0,42.1,45.3,48.2,0.50,0.41,0.41
BUFF,2019-11-08 05:35:00 EST,43.00017,-78.76717,589,27.1,27.2,19.7,73.8,19.8,0.000,0.000,0.00,0.000,6.5,11.0,2.1,356,17,6.8,11.9,2.1,359,15,6.8,11.9,2.1,359,15,0,29.59,-0.2,0,0,0,42.1,45.3,48.2,0.50,0.41,0.41
BUFF,2019-11-08 05:40:00 EST,43.00017,-78.76717,589,27.0,27.1,20.9,72.9,19.5,0.000,0.000,0.00,0.000,5.0,8.2,1.2,349,19,5.4,9.6,1.4,354,16,5.4,9.6,1.4,354,16,0,29.60,-0.2,0,0,0,42.1,45.3,48.2,0.50,0.41,0.41
BUFF,2019-11-08 05:45:00 EST,43.00017,-78.76717,589,26.9,27.0,21.0,73.8,19.7,0.000,0.000,0.00,0.000,4.7,7.5,1.5,353,19,5.1,8.3,1.4,356,18,5.1,8.3,1.4,356,18,0,29.60,-0.2,0,0,0,42.1,45.3,48.2,0.50,0.41,0.41
BUFF,2019-11-08 05:50:00 EST,43.00017,-78.76717,589,26.8,27.0,19.4,73.7,19.5,0.000,0.000,0.00,0.000,6.3,12.9,2.9,348,13,6.8,14.5,3.1,354,10,6.8,14.5,3.1,354,10,0,29.60,-0.2,0,0,0,42.1,45.3,48.2,0.50,0.41,0.41
BUFF,2019-11-08 05:55:00 EST,43.00017,-78.76717,589,26.9,27.0,19.2,71.9,19.0,0.000,0.000,0.00,0.000,6.9,10.7,1.9,355,19,7.2,11.2,2.0,358,15,7.2,11.2,2.0,358,15,0,29.61,-0.2,0,0,0,42.1,45.3,48.2,0.50,0.41,0.41
BUFF,2019-11-08 06:00:00 EST,43.00017,-78.76717,589,26.8,26.9,19.7,70.6,18.6,0.000,0.000,0.00,0.000,6.1,10.7,1.8,354,20,6.4,11.8,2.0,358,17,6.4,11.8,2.0,358,17,0,29.61,-0.2,0,0,0,42.1,45.3,48.2,0.50,0.41,0.41
BUFF,2019-11-08 06:05:00 EST,43.00017,-78.76717,589,26.7,26.9,21.6,71.1,18.6,0.000,0.000,0.00,0.000,4.0,7.3,1.0,346,19,4.3,8.2,1.1,351,16,4.3,8.2,1.1,351,16,0,29.61,-0.2,0,0,0,42.1,45.3,48.2,0.50,0.41,0.41
BUFF,2019-11-08 06:10:00 EST,43.00017,-78.76717,589,26.7,26.8,21.4,70.6,18.4,0.000,0.000,0.00,0.000,4.0,6.6,1.0,348,15,4.4,7.0,1.1,353,12,4.4,7.0,1.1,353,12,0,29.61,-0.2,0,0,0,42.1,45.3,48.2,0.50,0.41,0.41
BUFF,2019-11-08 06:15:00 EST,43.00017,-78.76717,589,26.7,26.8,22.4,70.7,18.4,0.000,0.000,0.00,0.000,3.3,6.8,1.2,330,17,3.6,8.1,1.3,337,16,3.6,8.1,1.3,337,16,0,29.61,-0.3,0,0,0,42.1,45.3,48.2,0.50,0.41,0.41
BUFF,2019-11-08 06:20:00 EST,43.00017,-78.76717,589,26.6,26.7,22.0,71.9,18.7,0.000,0.000,0.00,0.000,3.5,6.3,1.3,350,14,3.8,7.3,1.5,355,13,3.8,7.3,1.5,355,13,0,29.61,-0.3,0,0,0,42.1,45.3,48.2,0.50,0.41,0.41
BUFF,2019-11-08 06:25:00 EST,43.00017,-78.76717,589,26.6,26.8,20.9,71.6,18.6,0.000,0.000,0.00,0.000,4.6,7.7,1.6,349,20,4.8,7.9,1.5,352,19,4.8,7.9,1.5,352,19,0,29.62,-0.3,0,0,0,42.1,45.3,48.2,0.50,0.41,0.41
BUFF,2019-11-08 06:30:00 EST,43.00017,-78.76717,589,26.5,26.7,21.8,72.2,18.8,0.000,0.000,0.00,0.000,3.6,6.2,1.5,346,20,4.0,7.1,1.5,351,17,4.0,7.1,1.5,351,17,0,29.62,-0.3,0,0,0,42.1,45.3,48.2,0.50,0.41,0.41
BUFF,2019-11-08 06:35:00 EST,43.00017,-78.76717,589,26.5,26.7,21.9,71.8,18.7,0.000,0.000,0.00,0.000,3.5,6.1,1.1,346,13,3.9,6.5,1.2,351,12,3.9,6.5,1.2,351,12,0,29.62,-0.3,0,0,0,42.1,45.3,48.2,0.50,0.41,0.41
BUFF,2019-11-08 06:40:00 EST,43.00017,-78.76717,589,26.6,26.7,21.9,71.4,18.6,0.000,0.000,0.00,0.000,3.5,5.6,1.2,341,19,3.9,6.2,1.2,348,19,3.9,6.2,1.2,348,19,0,29.62,-0.2,0,0,0,42.0,45.3,48.2,0.50,0.41,0.41
BUFF,2019-11-08 06:45:00 EST,43.00017,-78.76717,589,26.5,26.7,22.6,72.0,18.7,0.000,0.000,0.00,0.000,3.0,5.8,1.3,346,12,3.4,7.2,1.4,352,13,3.4,7.2,1.4,352,13,0,29.62,-0.2,0,0,0,42.0,45.3,48.2,0.50,0.41,0.41
BUFF,2019-11-08 06:50:00 EST,43.00017,-78.76717,589,26.5,26.7,21.7,72.1,18.8,0.000,0.000,0.00,0.000,3.8,5.5,1.0,352,15,4.0,6.1,1.0,356,11,4.0,6.1,1.0,356,11,1,29.62,-0.3,0,0,0,41.9,45.2,48.2,0.50,0.41,0.41
BUFF,2019-11-08 06:55:00 EST,43.00017,-78.76717,589,26.5,26.7,20.9,71.7,18.6,0.000,0.000,0.00,0.000,4.4,7.3,1.2,349,17,4.7,8.1,1.3,354,15,4.7,8.1,1.3,354,15,2,29.63,-0.3,0,0,0,41.9,45.2,48.2,0.50,0.41,0.41
BUFF,2019-11-08 07:00:00 EST,43.00017,-78.76717,589,26.6,26.7,20.2,71.3,18.5,0.000,0.000,0.00,0.000,5.1,7.2,1.3,350,16,5.5,8.2,1.3,355,10,5.5,8.2,1.3,355,10,3,29.63,-0.2,0,0,0,41.9,45.1,48.2,0.50,0.41,0.41
BUFF,2019-11-08 07:05:00 EST,43.00017,-78.76717,589,26.6,26.7,20.5,71.5,18.6,0.000,0.000,0.00,0.000,4.9,8.9,1.2,357,15,5.2,9.9,1.4,360,13,5.2,9.9,1.4,360,13,4,29.63,-0.2,0,0,0,41.9,45.1,48.2,0.50,0.41,0.41
BUFF,2019-11-08 07:10:00 EST,43.00017,-78.76717,589,26.5,26.7,19.8,70.8,18.3,0.000,0.000,0.00,0.000,5.7,9.5,1.4,2,16,5.9,11.1,1.5,6,15,5.9,11.1,1.5,6,15,6,29.63,-0.3,0,0,0,41.9,45.1,48.2,0.50,0.41,0.41
BUFF,2019-11-08 07:15:00 EST,43.00017,-78.76717,589,26.5,26.6,18.1,68.8,17.7,0.000,0.000,0.00,0.000,7.8,10.4,1.2,7,18,8.1,12.6,1.4,9,12,8.1,12.6,1.4,9,12,8,29.64,-0.3,0,0,0,41.9,45.1,48.2,0.50,0.41,0.41
BUFF,2019-11-08 07:20:00 EST,43.00017,-78.76717,589,26.4,26.5,19.1,69.1,17.6,0.000,0.000,0.00,0.000,6.2,9.9,1.9,13,15,6.5,11.7,2.0,14,13,6.5,11.7,2.0,14,13,12,29.64,-0.2,0,0,0,41.9,45.1,48.2,0.50,0.41,0.41
BUFF,2019-11-08 07:25:00 EST,43.00017,-78.76717,589,26.2,26.4,19.7,69.9,17.8,0.000,0.000,0.00,0.000,5.3,8.5,1.4,1,16,5.6,8.7,1.4,5,13,5.6,8.7,1.4,5,13,16,29.64,-0.3,0,0,0,41.9,45.1,48.2,0.50,0.41,0.41
BUFF,2019-11-08 07:30:00 EST,43.00017,-78.76717,589,26.0,26.3,19.5,70.8,17.8,0.000,0.000,0.00,0.000,5.3,8.9,1.2,7,12,5.5,9.7,1.2,9,10,5.5,9.7,1.2,9,10,19,29.64,-0.3,0,0,0,41.9,45.1,48.2,0.50,0.41,0.41
BUFF,2019-11-08 07:35:00 EST,43.00017,-78.76717,589,25.9,26.2,19.4,70.3,17.5,0.000,0.000,0.00,0.000,5.2,7.2,1.1,4,14,5.5,8.2,1.2,5,11,5.5,8.2,1.2,5,11,26,29.64,-0.2,0,0,0,41.9,45.1,48.2,0.50,0.41,0.41
BUFF,2019-11-08 07:40:00 EST,43.00017,-78.76717,589,25.8,26.1,20.0,71.3,17.8,0.000,0.000,0.00,0.000,4.5,7.3,1.3,12,13,4.7,7.4,1.4,15,11,4.7,7.4,1.4,15,11,38,29.65,-0.2,0,0,0,41.9,45.1,48.2,0.50,0.41,0.41
BUFF,2019-11-08 07:45:00 EST,43.00017,-78.76717,589,25.9,26.1,19.6,70.6,17.6,0.000,0.000,0.00,0.000,5.1,7.7,1.1,14,11,5.3,8.5,1.1,16,10,5.3,8.5,1.1,16,10,61,29.65,-0.2,0,0,0,41.8,45.1,48.2,0.50,0.41,0.41
BUFF,2019-11-08 07:50:00 EST,43.00017,-78.76717,589,26.1,26.2,19.5,69.4,17.4,0.000,0.000,0.00,0.000,5.4,8.4,1.3,9,14,5.6,8.8,1.3,11,15,5.6,8.8,1.3,11,15,92,29.65,-0.3,0,0,0,41.8,45.1,48.2,0.50,0.41,0.41
BUFF,2019-11-08 07:55:00 EST,43.00017,-78.76717,589,26.2,26.3,19.1,68.3,17.2,0.000,0.000,0.00,0.000,5.9,9.0,1.3,2,13,6.3,10.5,1.5,5,10,6.3,10.5,1.5,5,10,103,29.65,-0.2,0,0,0,41.7,45.1,48.2,0.50,0.41,0.41
BUFF,2019-11-08 08:00:00 EST,43.00017,-78.76717,589,26.4,26.4,19.9,67.8,17.2,0.000,0.000,0.00,0.000,5.3,7.8,1.2,8,10,5.6,8.1,1.4,11,10,5.6,8.1,1.4,11,10,112,29.66,-0.2,0,0,0,41.7,45.1,48.2,0.50,0.41,0.41
BUFF,2019-11-08 08:05:00 EST,43.00017,-78.76717,589,26.5,26.5,20.1,67.7,17.3,0.000,0.000,0.00,0.000,5.1,8.3,1.1,358,12,5.5,9.8,1.3,0,10,5.5,9.8,1.3,0,10,122,29.66,-0.2,0,0,0,41.7,45.1,48.2,0.50,0.41,0.41
BUFF,2019-11-08 08:10:00 EST,43.00017,-78.76717,589,26.6,26.6,20.0,67.5,17.3,0.000,0.000,0.00,0.000,5.3,9.1,1.7,2,14,5.8,9.7,1.8,5,12,5.8,9.7,1.8,5,12,132,29.66,-0.2,0,0,0,41.7,45.1,48.2,0.50,0.41,0.41
BUFF,2019-11-08 08:15:00 EST,43.00017,-78.76717,589,26.8,26.7,21.5,68.1,17.7,0.000,0.000,0.00,0.000,4.2,7.1,1.5,1,17,4.5,8.1,1.3,4,15,4.5,8.1,1.3,4,15,142,29.66,-0.2,0,0,0,41.7,45.1,48.2,0.50,0.41,0.41
BUFF,2019-11-08 08:20:00 EST,43.00017,-78.76717,589,26.9,26.8,20.1,65.7,17.0,0.000,0.000,0.00,0.000,5.8,10.5,2.2,5,18,6.1,10.8,2.1,7,15,6.1,10.8,2.1,7,15,151,29.66,-0.2,0,0,0,41.7,45.1,48.2,0.50,0.41,0.41
BUFF,2019-11-08 08:25:00 EST,43.00017,-78.76717,589,26.9,26.8,19.3,64.5,16.6,0.000,0.000,0.00,0.000,6.7,11.4,2.0,348,11,7.1,12.7,2.1,353,9,7.1,12.7,2.1,353,9,161,29.66,-0.2,0,0,0,41.7,45.1,48.2,0.50,0.41,0.41
BUFF,2019-11-08 08:30:00 EST,43.00017,-78.76717,589,27.2,27.1,21.1,65.3,17.1,0.000,0.000,0.00,0.000,5.0,8.8,1.4,348,22,5.4,8.1,1.4,353,16,5.4,8.1,1.4,353,16,171,29.67,-0.2,0,0,0,41.7,45.1,48.2,0.50,0.41,0.41
BUFF,2019-11-08 08:35:00 EST,43.00017,-78.76717,589,27.2,27.0,20.0,64.2,16.6,0.000,0.000,0.00,0.000,6.3,10.7,1.7,0,17,6.6,11.1,1.6,2,15,6.6,11.1,1.6,2,15,181,29.67,-0.2,0,0,0,41.7,45.1,48.2,0.50,0.41,0.41
BUFF,2019-11-08 08:40:00 EST,43.00017,-78.76717,589,27.4,27.2,20.4,64.3,16.9,0.000,0.000,0.00,0.000,5.9,10.0,1.8,349,21,6.4,11.5,2.0,354,20,6.4,11.5,2.0,354,20,190,29.67,-0.1,0,0,0,41.7,45.1,48.2,0.50,0.41,0.41
BUFF,2019-11-08 08:45:00 EST,43.00017,-78.76717,589,27.6,27.3,20.9,65.1,17.4,0.000,0.000,0.00,0.000,5.6,10.3,1.7,360,25,6.0,12.2,1.9,2,19,6.0,12.2,1.9,2,19,200,29.67,-0.2,0,0,0,41.7,45.1,48.2,0.50,0.41,0.41
BUFF,2019-11-08 08:50:00 EST,43.00017,-78.76717,589,27.7,27.5,20.6,64.7,17.4,0.000,0.000,0.00,0.000,6.3,13.7,3.0,2,19,6.6,15.3,2.9,5,13,6.6,15.3,2.9,5,13,180,29.67,-0.3,0,0,0,41.7,45.1,48.2,0.50,0.41,0.41
BUFF,2019-11-08 08:55:00 EST,43.00017,-78.76717,589,27.2,27.0,18.0,64.8,16.9,0.000,0.000,0.00,0.000,9.2,14.3,2.2,4,11,9.6,14.2,2.2,7,11,9.6,14.2,2.2,7,11,147,29.67,-0.2,0,0,0,41.7,45.0,48.1,0.50,0.41,0.41
BUFF,2019-11-08 09:00:00 EST,43.00017,-78.76717,589,27.4,27.1,18.6,65.3,17.2,0.000,0.000,0.00,0.000,8.3,13.5,1.9,15,17,8.9,14.5,2.2,18,15,8.9,14.5,2.2,18,15,254,29.67,-0.2,0,0,0,41.6,45.0,48.1,0.50,0.41,0.41
BUFF,2019-11-08 09:05:00 EST,43.00017,-78.76717,589,27.4,27.1,19.0,64.4,16.9,0.000,0.000,0.00,0.000,8.1,12.0,1.7,19,12,8.3,12.6,1.8,22,12,8.3,12.6,1.8,22,12,150,29.67,-0.2,0,0,0,41.6,45.0,48.1,0.50,0.41,0.41
BUFF,2019-11-08 09:10:00 EST,43.00017,-78.76717,589,27.6,27.3,18.2,64.5,17.2,0.000,0.000,0.00,0.000,9.6,13.8,1.7,14,17,10.1,14.7,1.9,17,15,10.1,14.7,1.9,17,15,317,29.67,-0.2,0,0,0,41.5,45.0,48.0,0.50,0.41,0.41
BUFF,2019-11-08 09:15:00 EST,43.00017,-78.76717,589,28.1,27.7,19.7,63.9,17.5,0.000,0.000,0.00,0.000,8.2,14.2,2.2,13,21,8.6,14.8,2.3,17,18,8.6,14.8,2.3,17,18,352,29.68,-0.2,0,0,0,41.5,45.0,48.0,0.50,0.41,0.41
BUFF,2019-11-08 09:20:00 EST,43.00017,-78.76717,589,28.0,27.6,19.7,63.2,17.1,0.000,0.000,0.00,0.000,7.9,14.4,2.4,13,15,8.3,15.2,2.5,15,14,8.3,15.2,2.5,15,14,265,29.68,-0.1,0,0,0,41.5,45.0,48.1,0.50,0.41,0.41
BUFF,2019-11-08 09:25:00 EST,43.00017,-78.76717,589,27.9,27.5,19.0,64.4,17.5,0.000,0.000,0.00,0.000,9.0,13.6,1.7,21,14,9.4,13.5,1.7,22,14,9.4,13.5,1.7,22,14,166,29.68,-0.2,0,0,0,41.5,45.0,48.0,0.50,0.41,0.41
BUFF,2019-11-08 09:30:00 EST,43.00017,-78.76717,589,27.7,27.5,19.4,64.1,17.1,0.000,0.000,0.00,0.000,7.7,11.7,1.9,349,21,8.3,12.5,2.1,353,17,8.3,12.5,2.1,353,17,194,29.68,-0.2,0,0,0,41.5,45.0,48.0,0.50,0.40,0.41
BUFF,2019-11-08 09:35:00 EST,43.00017,-78.76717,589,27.7,27.2,18.6,63.3,16.8,0.000,0.000,0.00,0.000,9.1,13.5,1.7,359,18,9.6,13.7,1.8,4,14,9.6,13.7,1.8,4,14,297,29.68,-0.2,0,0,0,41.5,45.0,48.0,0.50,0.41,0.41
BUFF,2019-11-08 09:40:00 EST,43.00017,-78.76717,589,28.1,27.3,20.5,62.7,17.0,0.000,0.000,0.00,0.000,7.2,12.3,2.6,21,14,7.4,12.6,2.6,23,13,7.4,12.6,2.6,23,13,371,29.68,-0.2,0,0,0,41.5,45.0,48.0,0.50,0.41,0.41
BUFF,2019-11-08 09:45:00 EST,43.00017,-78.76717,589,28.4,27.9,21.3,63.1,17.5,0.000,0.000,0.00,0.000,6.7,13.1,2.9,19,17,6.9,14.9,2.9,22,15,6.9,14.9,2.9,22,15,294,29.68,-0.2,0,0,0,41.5,45.0,48.0,0.50,0.41,0.41
BUFF,2019-11-08 09:50:00 EST,43.00017,-78.76717,589,28.2,27.7,19.9,62.3,17.0,0.000,0.000,0.00,0.000,8.2,12.8,2.0,353,24,8.5,14.6,2.3,359,22,8.5,14.6,2.3,359,22,200,29.68,-0.2,0,0,0,41.5,45.0,48.0,0.50,0.41,0.41
BUFF,2019-11-08 09:55:00 EST,43.00017,-78.76717,589,27.9,27.7,21.2,63.3,17.0,0.000,0.000,0.00,0.000,5.8,9.6,1.8,337,27,6.1,10.7,1.8,346,24,6.1,10.7,1.8,346,24,141,29.68,-0.2,0,0,0,41.5,45.0,48.0,0.50,0.41,0.41
BUFF,2019-11-08 10:00:00 EST,43.00017,-78.76717,589,28.0,27.8,21.1,63.6,17.3,0.000,0.000,0.00,0.000,6.1,9.4,1.7,354,22,6.5,10.6,1.7,360,18,6.5,10.6,1.7,360,18,213,29.68,-0.2,0,0,0,41.5,45.0,48.0,0.50,0.41,0.41
BUFF,2019-11-08 10:05:00 EST,43.00017,-78.76717,589,27.9,27.6,19.5,62.6,16.8,0.000,0.000,0.00,0.000,8.1,12.4,1.9,343,13,8.5,12.7,2.1,350,9,8.5,12.7,2.1,350,9,166,29.68,-0.2,0,0,0,41.5,45.0,48.0,0.50,0.41,0.41
BUFF,2019-11-08 10:10:00 EST,43.00017,-78.76717,589,27.8,27.5,19.3,61.6,16.3,0.000,0.000,0.00,0.000,8.2,12.8,2.5,6,16,8.7,14.9,2.7,9,13,8.7,14.9,2.7,9,13,240,29.68,-0.1,0,0,0,41.5,45.0,48.0,0.50,0.41,0.41
BUFF,2019-11-08 10:15:00 EST,43.00017,-78.76717,589,28.3,27.7,20.9,61.6,16.8,0.000,0.000,0.00,0.000,6.9,10.9,1.7,5,26,7.3,11.7,1.9,9,24,7.3,11.7,1.9,9,24,375,29.68,0.0,0,0,0,41.5,45.0,48.0,0.50,0.41,0.41
BUFF,2019-11-08 10:20:00 EST,43.00017,-78.76717,589,28.8,28.0,20.1,60.3,16.7,0.000,0.000,0.00,0.000,8.9,14.9,3.0,14,14,9.3,17.5,3.4,17,13,9.3,17.5,3.4,17,13,363,29.68,-0.2,0,0,0,41.5,44.9,48.0,0.50,0.41,0.41
BUFF,2019-11-08 10:25:00 EST,43.00017,-78.76717,589,28.4,27.9,19.7,60.7,16.5,0.000,0.000,0.00,0.000,8.7,15.0,2.4,8,12,9.1,15.9,2.6,10,10,9.1,15.9,2.6,10,10,353,29.69,-0.1,0,0,0,41.5,44.8,48.0,0.50,0.41,0.41
BUFF,2019-11-08 10:30:00 EST,43.00017,-78.76717,589,29.1,28.2,21.3,60.9,17.3,0.000,0.000,0.00,0.000,7.7,12.7,2.8,15,11,8.0,14.1,2.8,18,11,8.0,14.1,2.8,18,11,491,29.69,-0.2,0,0,0,41.5,44.8,48.0,0.50,0.41,0.41
BUFF,2019-11-08 10:35:00 EST,43.00017,-78.76717,589,28.5,27.9,20.2,60.5,16.6,0.000,0.000,0.00,0.000,8.3,12.6,2.5,0,23,8.7,14.5,2.5,5,19,8.7,14.5,2.5,5,19,300,29.69,-0.2,0,0,0,41.5,44.8,48.0,0.50,0.41,0.41
BUFF,2019-11-08 10:40:00 EST,43.00017,-78.76717,589,28.5,28.0,20.0,61.7,17.0,0.000,0.000,0.00,0.000,8.4,13.7,2.1,1,22,8.9,16.1,2.5,3,17,8.9,16.1,2.5,3,17,184,29.69,-0.2,0,0,0,41.5,44.8,48.0,0.50,0.41,0.41
BUFF,2019-11-08 10:45:00 EST,43.00017,-78.76717,589,28.6,28.1,20.4,61.6,17.0,0.000,0.000,0.00,0.000,8.1,12.9,1.9,332,20,8.4,12.7,2.0,338,19,8.4,12.7,2.0,338,19,321,29.69,-0.1,0,0,0,41.5,44.8,48.0,0.50,0.41,0.41
BUFF,2019-11-08 10:50:00 EST,43.00017,-78.76717,589,29.1,28.5,21.6,60.4,17.1,0.000,0.000,0.00,0.000,7.0,13.7,2.5,347,24,7.6,14.3,2.6,350,19,7.6,14.3,2.6,350,19,478,29.69,-0.2,0,0,0,41.5,44.8,48.0,0.50,0.41,0.41
BUFF,2019-11-08 10:55:00 EST,43.00017,-78.76717,589,29.3,28.6,21.2,59.8,17.1,0.000,0.000,0.00,0.000,8.2,13.4,2.2,328,23,8.5,14.2,2.2,333,22,8.5,14.2,2.2,333,22,536,29.69,-0.1,0,0,0,41.5,44.8,48.0,0.50,0.41,0.41
BUFF,2019-11-08 11:00:00 EST,43.00017,-78.76717,589,30.1,29.4,24.2,60.1,17.9,0.000,0.000,0.00,0.000,5.6,12.9,1.8,335,23,5.8,11.9,1.9,338,24,5.8,11.9,1.9,338,24,493,29.69,-0.1,0,0,0,41.5,44.8,48.0,0.50,0.41,0.41
BUFF,2019-11-08 11:05:00 EST,43.00017,-78.76717,589,29.1,28.6,20.3,60.7,17.2,0.000,0.000,0.00,0.000,9.0,15.6,2.6,348,15,9.7,16.7,2.7,352,10,9.7,16.7,2.7,352,10,185,29.69,-0.3,0,0,0,41.5,44.8,48.0,0.50,0.41,0.41
BUFF,2019-11-08 11:10:00 EST,43.00017,-78.76717,589,28.3,27.8,19.2,61.0,16.5,0.000,0.000,0.00,0.000,9.5,14.9,2.4,351,13,9.9,16.2,2.6,356,10,9.9,16.2,2.6,356,10,376,29.69,-0.1,0,0,0,41.5,44.8,48.0,0.50,0.41,0.41
BUFF,2019-11-08 11:15:00 EST,43.00017,-78.76717,589,29.2,28.4,20.7,60.3,17.2,0.000,0.000,0.00,0.000,8.9,13.6,1.9,345,13,9.3,14.9,2.0,350,12,9.3,14.9,2.0,350,12,582,29.69,-0.1,0,0,0,41.5,44.8,48.0,0.50,0.41,0.41
BUFF,2019-11-08 11:20:00 EST,43.00017,-78.76717,589,29.6,28.9,22.2,59.9,17.4,0.000,0.000,0.00,0.000,7.0,13.7,2.7,316,22,7.5,14.7,2.7,322,23,7.5,14.7,2.7,322,23,475,29.69,-0.3,0,0,0,41.5,44.8,48.0,0.50,0.41,0.41
BUFF,2019-11-08 11:25:00 EST,43.00017,-78.76717,589,29.5,28.7,21.3,60.2,17.4,0.000,0.000,0.00,0.000,8.3,14.2,2.3,357,19,8.8,15.1,2.7,360,16,8.8,15.1,2.7,360,16,464,29.69,-0.2,0,0,0,41.5,44.8,48.0,0.50,0.41,0.41
BUFF,2019-11-08 11:30:00 EST,43.00017,-78.76717,589,29.8,29.1,21.9,59.7,17.5,0.000,0.000,0.00,0.000,8.0,13.7,2.2,351,21,8.5,15.1,2.4,355,14,8.5,15.1,2.4,355,14,393,29.69,-0.3,0,0,0,41.5,44.8,48.0,0.50,0.41,0.41
BUFF,2019-11-08 11:35:00 EST,43.00017,-78.76717,589,28.5,28.1,20.9,59.2,16.1,0.000,0.000,0.00,0.000,7.0,11.0,1.9,332,25,7.5,12.3,2.1,337,19,7.5,12.3,2.1,337,19,155,29.69,-0.3,0,0,0,41.5,44.8,48.0,0.50,0.41,0.41
BUFF,2019-11-08 11:40:00 EST,43.00017,-78.76717,589,28.5,28.3,21.8,58.9,16.0,0.000,0.000,0.00,0.000,5.9,11.7,2.2,331,20,6.4,12.9,2.1,338,19,6.4,12.9,2.1,338,19,444,29.69,0.0,0,0,0,41.5,44.8,48.0,0.50,0.40,0.41
BUFF,2019-11-08 11:45:00 EST,43.00017,-78.76717,589,30.4,29.5,22.9,58.8,17.7,0.000,0.000,0.00,0.000,7.5,12.3,2.1,316,25,8.0,13.3,2.1,324,24,8.0,13.3,2.1,324,24,559,29.68,-0.3,0,0,0,41.5,44.8,48.0,0.50,0.41,0.41
BUFF,2019-11-08 11:50:00 EST,43.00017,-78.76717,589,29.6,29.1,23.6,57.3,16.4,0.000,0.000,0.00,0.000,5.5,11.5,2.2,324,29,5.8,12.5,2.3,330,22,5.8,12.5,2.3,330,22,164,29.68,-0.3,0,0,0,41.5,44.8,48.0,0.50,0.41,0.41
BUFF,2019-11-08 11:55:00 EST,43.00017,-78.76717,589,28.7,28.4,20.0,57.9,15.8,0.000,0.000,0.00,0.000,8.9,13.6,2.3,4,14,9.5,14.2,2.5,7,11,9.5,14.2,2.5,7,11,140,29.68,-0.2,0,0,0,41.5,44.8,48.0,0.50,0.41,0.41
BUFF,2019-11-08 12:00:00 EST,43.00017,-78.76717,589,28.8,28.4,21.6,59.2,16.3,0.000,0.000,0.00,0.000,6.6,11.3,2.0,355,23,7.1,13.0,2.1,358,23,7.1,13.0,2.1,358,23,179,29.68,-0.1,0,0,0,41.5,44.8,48.0,0.50,0.41,0.41
BUFF,2019-11-08 12:05:00 EST,43.00017,-78.76717,589,29.6,28.9,22.5,58.5,16.8,0.000,0.000,0.00,0.000,7.1,11.9,2.1,313,22,7.2,12.5,2.0,317,21,7.2,12.5,2.0,317,21,399,29.68,-0.1,0,0,0,41.7,44.8,48.0,0.50,0.41,0.41
BUFF,2019-11-08 12:10:00 EST,43.00017,-78.76717,589,29.9,29.2,23.3,59.1,17.3,0.000,0.000,0.00,0.000,6.2,13.3,2.3,309,19,6.4,13.6,2.1,313,20,6.4,13.6,2.1,313,20,272,29.68,-0.2,0,0,0,41.7,44.8,48.0,0.50,0.41,0.41
BUFF,2019-11-08 12:15:00 EST,43.00017,-78.76717,589,29.3,28.9,22.8,59.3,16.9,0.000,0.000,0.00,0.000,5.9,10.5,1.8,333,18,6.3,10.7,2.1,341,15,6.3,10.7,2.1,341,15,192,29.68,-0.2,0,0,0,41.7,44.8,48.0,0.50,0.41,0.41
BUFF,2019-11-08 12:20:00 EST,43.00017,-78.76717,589,29.0,28.6,21.5,59.7,16.8,0.000,0.000,0.00,0.000,7.6,11.8,2.2,319,21,7.6,12.3,2.2,325,20,7.6,12.3,2.2,325,20,272,29.68,-0.2,0,0,0,41.7,44.8,48.0,0.50,0.41,0.41
BUFF,2019-11-08 12:25:00 EST,43.00017,-78.76717,589,29.2,28.6,20.7,56.6,15.6,0.000,0.000,0.00,0.000,9.2,15.1,2.6,330,17,9.2,15.0,2.6,336,15,9.2,15.0,2.6,336,15,464,29.68,-0.1,0,0,0,41.7,44.8,48.0,0.50,0.41,0.41
BUFF,2019-11-08 12:30:00 EST,43.00017,-78.76717,589,28.9,28.5,21.5,57.5,15.7,0.000,0.000,0.00,0.000,7.0,10.8,1.8,347,17,7.3,12.0,1.9,351,15,7.3,12.0,1.9,351,15,184,29.68,-0.2,0,0,0,41.7,44.8,47.9,0.50,0.41,0.41
BUFF,2019-11-08 12:35:00 EST,43.00017,-78.76717,589,29.3,28.7,22.6,57.2,16.0,0.000,0.000,0.00,0.000,6.4,10.0,1.8,322,21,6.5,11.8,1.9,329,20,6.5,11.8,1.9,329,20,411,29.68,-0.2,0,0,0,41.7,44.8,47.9,0.50,0.41,0.41
BUFF,2019-11-08 12:40:00 EST,43.00017,-78.76717,589,30.1,29.1,23.2,55.8,16.2,0.000,0.000,0.00,0.000,6.6,13.6,3.4,341,27,7.0,15.3,3.5,346,22,7.0,15.3,3.5,346,22,534,29.68,-0.3,0,0,0,41.7,44.7,47.9,0.50,0.41,0.41
BUFF,2019-11-08 12:45:00 EST,43.00017,-78.76717,589,29.2,28.8,21.4,55.6,15.3,0.000,0.000,0.00,0.000,7.7,13.7,2.3,346,28,8.1,15.1,2.3,349,24,8.1,15.1,2.3,349,24,147,29.67,-0.3,0,0,0,41.7,44.7,47.9,0.50,0.40,0.41
BUFF,2019-11-08 12:50:00 EST,43.00017,-78.76717,589,28.4,28.2,20.3,55.8,14.6,0.000,0.000,0.00,0.000,7.8,12.1,2.3,353,20,8.3,13.0,2.4,357,13,8.3,13.0,2.4,357,13,118,29.67,-0.2,0,0,0,41.9,44.7,47.8,0.50,0.41,0.41
BUFF,2019-11-08 12:55:00 EST,43.00017,-78.76717,589,29.4,28.7,22.9,57.2,16.1,0.000,0.000,0.00,0.000,6.0,9.7,1.9,316,20,6.4,10.5,1.8,321,21,6.4,10.5,1.8,321,21,591,29.67,-0.0,0,0,0,41.9,44.7,47.8,0.50,0.41,0.41
BUFF,2019-11-08 13:00:00 EST,43.00017,-78.76717,589,29.6,29.0,23.2,55.9,15.8,0.000,0.000,0.00,0.000,6.2,9.0,1.5,341,26,6.3,10.3,1.6,346,24,6.3,10.3,1.6,346,24,442,29.67,-0.0,0,0,0,41.9,44.6,47.8,0.50,0.41,0.41
BUFF,2019-11-08 13:05:00 EST,43.00017,-78.76717,589,29.8,29.2,21.2,55.0,15.6,0.000,0.000,0.00,0.000,9.5,15.2,2.3,350,18,9.8,16.4,2.7,355,15,9.8,16.4,2.7,355,15,275,29.67,-0.3,0,0,0,41.9,44.6,47.8,0.50,0.41,0.41
BUFF,2019-11-08 13:10:00 EST,43.00017,-78.76717,589,28.8,28.4,20.8,56.2,15.1,0.000,0.000,0.00,0.000,7.9,13.1,2.3,355,12,8.3,14.0,2.3,357,10,8.3,14.0,2.3,357,10,142,29.67,-0.2,0,0,0,41.9,44.6,47.8,0.50,0.41,0.41
BUFF,2019-11-08 13:15:00 EST,43.00017,-78.76717,589,28.6,28.4,21.5,57.2,15.4,0.000,0.000,0.00,0.000,6.8,10.5,2.0,333,22,6.9,10.8,1.9,338,18,6.9,10.8,1.9,338,18,243,29.67,-0.2,0,0,0,41.9,44.6,47.8,0.50,0.41,0.41
BUFF,2019-11-08 13:20:00 EST,43.00017,-78.76717,589,29.6,29.0,23.1,56.9,16.1,0.000,0.000,0.00,0.000,6.0,11.4,2.1,348,20,6.3,12.5,2.3,353,14,6.3,12.5,2.3,353,14,524,29.67,-0.2,0,0,0,42.0,44.6,47.8,0.50,0.41,0.41
BUFF,2019-11-08 13:25:00 EST,43.00017,-78.76717,589,29.8,29.3,22.9,57.3,16.5,0.000,0.000,0.00,0.000,6.5,11.5,1.9,336,26,6.8,13.2,1.9,340,22,6.8,13.2,1.9,340,22,226,29.67,-0.2,0,0,0,42.0,44.6,47.8,0.50,0.41,0.41
BUFF,2019-11-08 13:30:00 EST,43.00017,-78.76717,589,29.2,28.9,22.4,57.3,16.0,0.000,0.000,0.00,0.000,6.4,9.1,1.8,312,28,6.6,9.1,1.7,317,28,6.6,9.1,1.7,317,28,180,29.67,-0.3,0,0,0,42.1,44.6,47.8,0.50,0.41,0.41
BUFF,2019-11-08 13:35:00 EST,43.00017,-78.76717,589,29.0,28.5,24.1,58.9,16.4,0.000,0.000,0.00,0.000,4.1,8.3,2.1,317,37,4.4,8.4,2.1,320,34,4.4,8.4,2.1,320,34,266,29.67,-0.0,0,0,0,42.1,44.6,47.8,0.50,0.41,0.41
BUFF,2019-11-08 13:40:00 EST,43.00017,-78.76717,589,29.9,29.3,23.4,57.2,16.5,0.000,0.000,0.00,0.000,6.0,9.0,1.3,351,18,6.3,9.9,1.4,357,14,6.3,9.9,1.4,357,14,336,29.67,-0.0,0,0,0,42.1,44.6,47.8,0.50,0.41,0.41
BUFF,2019-11-08 13:45:00 EST,43.00017,-78.76717,589,30.5,29.7,26.0,57.1,17.1,0.000,0.000,0.00,0.000,4.1,7.2,1.5,332,21,4.4,7.9,1.5,337,19,4.4,7.9,1.5,337,19,448,29.67,-0.0,0,0,0,42.1,44.6,47.8,0.50,0.41,0.41
BUFF,2019-11-08 13:50:00 EST,43.00017,-78.76717,589,30.3,29.7,23.9,55.4,16.2,0.000,0.000,0.00,0.000,6.1,10.4,2.1,324,17,6.3,11.8,2.1,330,17,6.3,11.8,2.1,330,17,390,29.67,-0.3,0,0,0,42.1,44.6,47.8,0.50,0.41,0.41
BUFF,2019-11-08 13:55:00 EST,43.00017,-78.76717,589,29.7,29.2,23.9,56.5,16.1,0.000,0.000,0.00,0.000,5.4,8.8,1.8,311,19,5.5,9.0,1.6,315,20,5.5,9.0,1.6,315,20,365,29.67,-0.2,0,0,0,42.1,44.6,47.8,0.50,0.41,0.41
BUFF,2019-11-08 14:00:00 EST,43.00017,-78.76717,589,30.1,29.4,23.5,57.0,16.7,0.000,0.000,0.00,0.000,6.4,9.2,1.3,293,13,6.5,9.6,1.3,296,14,6.5,9.6,1.3,296,14,419,29.67,-0.2,0,0,0,42.1,44.6,47.8,0.50,0.41,0.41
BUFF,2019-11-08 14:05:00 EST,43.00017,-78.76717,589,30.7,30.0,23.5,55.1,16.5,0.000,0.000,0.00,0.000,7.2,11.1,2.1,349,22,7.7,12.2,2.2,352,18,7.7,12.2,2.2,352,18,393,29.67,-0.2,0,0,0,42.1,44.6,47.8,0.50,0.41,0.41
BUFF,2019-11-08 14:10:00 EST,43.00017,-78.76717,589,29.8,29.2,25.4,54.0,15.2,0.000,0.000,0.00,0.000,3.8,8.5,1.8,339,21,4.1,8.8,1.9,346,20,4.1,8.8,1.9,346,20,391,29.67,-0.2,0,0,0,42.1,44.6,47.8,0.50,0.41,0.41
BUFF,2019-11-08 14:15:00 EST,43.00017,-78.76717,589,30.6,29.9,23.9,55.9,16.7,0.000,0.000,0.00,0.000,6.6,11.6,3.1,301,30,6.9,13.1,2.9,307,31,6.9,13.1,2.9,307,31,387,29.67,-0.3,0,0,0,42.2,44.6,47.8,0.50,0.41,0.41
BUFF,2019-11-08 14:20:00 EST,43.00017,-78.76717,589,30.5,30.0,24.8,55.2,16.3,0.000,0.000,0.00,0.000,5.3,9.8,1.9,300,23,5.6,9.6,1.9,305,24,5.6,9.6,1.9,305,24,387,29.67,-0.1,0,0,0,42.3,44.6,47.8,0.50,0.41,0.41
BUFF,2019-11-08 14:25:00 EST,43.00017,-78.76717,589,30.7,29.9,26.1,54.8,16.4,0.000,0.000,0.00,0.000,4.3,9.6,2.1,283,19,4.5,10.1,2.1,288,19,4.5,10.1,2.1,288,19,395,29.67,-0.1,0,0,0,42.3,44.6,47.8,0.50,0.41,0.41
BUFF,2019-11-08 14:30:00 EST,43.00017,-78.76717,589,30.6,30.0,23.0,53.1,15.6,0.000,0.000,0.00,0.000,8.2,11.9,1.5,289,12,8.3,12.3,1.5,292,12,8.3,12.3,1.5,292,12,361,29.66,-0.2,0,0,0,42.3,44.6,47.8,0.50,0.41,0.41
BUFF,2019-11-08 14:35:00 EST,43.00017,-78.76717,589,30.6,30.2,23.6,53.1,15.6,0.000,0.000,0.00,0.000,7.6,11.4,1.8,298,12,7.4,11.1,1.8,302,13,7.4,11.1,1.8,302,13,332,29.66,-0.3,0,0,0,42.3,44.6,47.8,0.50,0.41,0.41
BUFF,2019-11-08 14:40:00 EST,43.00017,-78.76717,589,29.8,29.5,24.7,51.5,14.1,0.000,0.000,0.00,0.000,4.9,7.9,2.1,288,15,4.8,8.8,2.2,292,15,4.8,8.8,2.2,292,15,320,29.66,-0.2,0,0,0,42.3,44.6,47.8,0.50,0.41,0.41
BUFF,2019-11-08 14:45:00 EST,43.00017,-78.76717,589,30.5,30.1,30.5,54.2,15.9,0.000,0.000,0.00,0.000,2.2,4.8,0.9,297,20,2.3,4.7,0.9,303,22,2.3,4.7,0.9,303,22,321,29.66,-0.3,0,0,0,42.3,44.6,47.8,0.50,0.41,0.41
BUFF,2019-11-08 14:50:00 EST,43.00017,-78.76717,589,31.0,30.4,27.5,53.5,16.1,0.000,0.000,0.00,0.000,3.5,8.3,1.9,307,29,3.5,8.2,1.9,310,24,3.5,8.2,1.9,310,24,341,29.66,-0.2,0,0,0,42.3,44.6,47.8,0.50,0.41,0.41
BUFF,2019-11-08 14:55:00 EST,43.00017,-78.76717,589,31.3,30.7,25.5,53.5,16.3,0.000,0.000,0.00,0.000,5.8,12.0,2.2,294,20,5.9,13.1,2.1,297,21,5.9,13.1,2.1,297,21,331,29.66,-0.1,0,0,0,42.3,44.6,47.8,0.50,0.41,0.41
BUFF,2019-11-08 15:00:00 EST,43.00017,-78.76717,589,31.0,30.4,24.2,54.1,16.3,0.000,0.000,0.00,0.000,6.8,12.6,1.8,329,27,7.1,14.3,1.9,333,27,7.1,14.3,1.9,333,27,310,29.66,-0.2,0,0,0,42.3,44.6,47.8,0.50,0.41,0.41
BUFF,2019-11-08 15:05:00 EST,43.00017,-78.76717,589,30.6,30.1,25.3,54.7,16.2,0.000,0.000,0.00,0.000,4.6,8.8,2.3,320,23,5.1,9.4,2.0,326,25,5.1,9.4,2.0,326,25,218,29.66,-0.3,0,0,0,42.4,44.6,47.8,0.50,0.41,0.41
BUFF,2019-11-08 15:10:00 EST,43.00017,-78.76717,589,29.6,29.5,23.0,55.8,15.7,0.000,0.000,0.00,0.000,6.7,8.9,1.3,300,13,6.5,8.9,1.4,304,12,6.5,8.9,1.4,304,12,62,29.66,-0.2,0,0,0,42.4,44.6,47.8,0.50,0.41,0.41
BUFF,2019-11-08 15:15:00 EST,43.00017,-78.76717,589,29.9,29.6,25.2,56.0,16.1,0.000,0.000,0.00,0.000,4.4,7.3,1.3,310,15,4.4,7.2,1.1,315,15,4.4,7.2,1.1,315,15,233,29.66,-0.1,0,0,0,42.4,44.6,47.8,0.49,0.41,0.41
BUFF,2019-11-08 15:20:00 EST,43.00017,-78.76717,589,30.5,30.1,26.7,55.7,16.5,0.000,0.000,0.00,0.000,3.3,6.9,1.2,330,21,3.7,7.2,1.2,334,20,3.7,7.2,1.2,334,20,223,29.66,-0.3,0,0,0,42.4,44.6,47.8,0.49,0.41,0.41
BUFF,2019-11-08 15:25:00 EST,43.00017,-78.76717,589,30.3,30.0,25.8,54.3,15.8,0.000,0.000,0.00,0.000,4.0,7.1,1.5,331,19,4.4,7.5,1.5,335,21,4.4,7.5,1.5,335,21,213,29.66,-0.2,0,0,0,42.4,44.6,47.8,0.49,0.41,0.41
BUFF,2019-11-08 15:30:00 EST,43.00017,-78.76717,589,30.2,29.9,25.0,54.4,15.8,0.000,0.000,0.00,0.000,5.0,8.3,1.2,302,21,5.0,8.3,1.3,307,21,5.0,8.3,1.3,307,21,201,29.66,-0.3,0,0,0,42.4,44.6,47.8,0.49,0.41,0.41
BUFF,2019-11-08 15:35:00 EST,43.00017,-78.76717,589,30.2,30.1,25.0,54.0,15.6,0.000,0.000,0.00,0.000,4.8,9.0,1.6,318,19,5.0,8.6,1.7,323,21,5.0,8.6,1.7,323,21,189,29.67,-0.3,0,0,0,42.4,44.6,47.8,0.49,0.41,0.41
BUFF,2019-11-08 15:40:00 EST,43.00017,-78.76717,589,30.2,30.0,24.9,54.9,15.9,0.000,0.000,0.00,0.000,5.1,8.6,1.6,315,16,5.0,8.4,1.4,319,17,5.0,8.4,1.4,319,17,173,29.67,-0.3,0,0,0,42.4,44.6,47.8,0.49,0.41,0.41
BUFF,2019-11-08 15:45:00 EST,43.00017,-78.76717,589,29.9,29.8,24.0,55.1,15.7,0.000,0.000,0.00,0.000,5.5,8.5,1.3,299,12,5.6,8.0,1.2,302,12,5.6,8.0,1.2,302,12,160,29.66,-0.3,0,0,0,42.4,44.6,47.7,0.49,0.41,0.41
BUFF,2019-11-08 15:50:00 EST,43.00017,-78.76717,589,29.8,29.7,24.8,53.8,15.1,0.000,0.000,0.00,0.000,4.8,8.0,1.2,305,17,4.7,8.3,1.2,311,18,4.7,8.3,1.2,311,18,148,29.66,-0.3,0,0,0,42.4,44.6,47.6,0.49,0.41,0.41
BUFF,2019-11-08 15:55:00 EST,43.00017,-78.76717,589,29.9,29.8,25.5,55.1,15.7,0.000,0.000,0.00,0.000,4.1,7.0,1.3,304,20,4.1,7.2,1.2,308,19,4.1,7.2,1.2,308,19,136,29.66,-0.2,0,0,0,42.4,44.6,47.6,0.49,0.41,0.41
BUFF,2019-11-08 16:00:00 EST,43.00017,-78.76717,589,29.9,29.9,23.6,55.7,16.0,0.000,0.000,0.00,0.000,6.3,9.6,2.2,303,21,6.3,10.4,2.1,307,22,6.3,10.4,2.1,307,22,124,29.67,-0.3,0,0,0,42.4,44.6,47.6,0.49,0.41,0.41
BUFF,2019-11-08 16:05:00 EST,43.00017,-78.76717,589,29.5,29.6,22.7,56.9,16.1,0.000,0.000,0.00,0.000,6.9,12.0,2.1,295,9,6.8,13.2,2.1,298,10,6.8,13.2,2.1,298,10,111,29.67,-0.3,0,0,0,42.4,44.6,47.5,0.49,0.41,0.41
BUFF,2019-11-08 16:10:00 EST,43.00017,-78.76717,589,29.5,29.6,23.9,57.0,16.2,0.000,0.000,0.00,0.000,5.2,6.7,0.8,279,12,5.3,7.5,0.9,282,10,5.3,7.5,0.9,282,10,98,29.67,-0.3,0,0,0,42.4,44.6,47.6,0.49,0.41,0.41
BUFF,2019-11-08 16:15:00 EST,43.00017,-78.76717,589,29.4,29.6,24.8,57.1,16.1,0.000,0.000,0.00,0.000,4.2,7.0,1.4,286,18,4.3,6.7,1.5,290,17,4.3,6.7,1.5,290,17,85,29.67,-0.3,0,0,0,42.4,44.6,47.5,0.49,0.41,0.41
BUFF,2019-11-08 16:20:00 EST,43.00017,-78.76717,589,29.3,29.6,24.7,57.8,16.2,0.000,0.000,0.00,0.000,4.1,6.9,1.0,309,25,4.2,8.5,1.1,313,25,4.2,8.5,1.1,313,25,68,29.67,-0.2,0,0,0,42.4,44.6,47.5,0.49,0.41,0.41
BUFF,2019-11-08 16:25:00 EST,43.00017,-78.76717,589,29.2,29.5,23.9,57.8,16.2,0.000,0.000,0.00,0.000,4.8,7.4,1.2,289,17,4.9,8.5,1.3,292,17,4.9,8.5,1.3,292,17,32,29.67,-0.3,0,0,0,42.4,44.6,47.5,0.49,0.41,0.41
BUFF,2019-11-08 16:30:00 EST,43.00017,-78.76717,589,29.0,29.4,22.7,58.8,16.4,0.000,0.000,0.00,0.000,5.9,8.5,1.3,275,12,6.0,9.1,1.4,279,12,6.0,9.1,1.4,279,12,25,29.67,-0.2,0,0,0,42.4,44.6,47.5,0.49,0.41,0.41
BUFF,2019-11-08 16:35:00 EST,43.00017,-78.76717,589,28.8,29.1,22.3,58.8,16.2,0.000,0.000,0.00,0.000,6.2,8.9,1.6,287,11,6.2,9.1,1.6,291,11,6.2,9.1,1.6,291,11,18,29.67,-0.3,0,0,0,42.4,44.6,47.5,0.49,0.41,0.41
BUFF,2019-11-08 16:40:00 EST,43.00017,-78.76717,589,28.6,29.0,22.6,59.1,16.1,0.000,0.000,0.00,0.000,5.5,7.8,1.1,286,8,5.5,7.5,1.0,290,7,5.5,7.5,1.0,290,7,16,29.67,-0.2,0,0,0,42.4,44.6,47.5,0.49,0.41,0.41
BUFF,2019-11-08 16:45:00 EST,43.00017,-78.76717,589,28.8,29.0,24.6,58.2,16.0,0.000,0.000,0.00,0.000,3.9,6.4,0.9,297,16,3.8,6.2,1.0,301,16,3.8,6.2,1.0,301,16,13,29.67,-0.3,0,0,0,42.4,44.6,47.5,0.49,0.40,0.41
BUFF,2019-11-08 16:50:00 EST,43.00017,-78.76717,589,28.5,28.9,24.3,59.3,16.1,0.000,0.000,0.00,0.000,3.8,5.9,1.1,294,12,3.8,6.1,1.2,298,12,3.8,6.1,1.2,298,12,10,29.67,-0.3,0,0,0,42.4,44.6,47.5,0.49,0.41,0.41
BUFF,2019-11-08 16:55:00 EST,43.00017,-78.76717,589,28.6,28.9,25.4,59.6,16.3,0.000,0.000,0.00,0.000,2.8,4.4,0.6,340,16,3.0,5.0,0.7,346,16,3.0,5.0,0.7,346,16,7,29.67,-0.3,0,0,0,42.4,44.6,47.5,0.49,0.41,0.41
BUFF,2019-11-08 17:00:00 EST,43.00017,-78.76717,589,28.4,28.7,28.4,59.6,16.1,0.000,0.000,0.00,0.000,1.4,3.4,0.9,352,19,1.7,3.9,0.7,353,24,1.7,3.9,0.7,353,24,5,29.67,-0.2,0,0,0,42.4,44.7,47.5,0.49,0.41,0.41
BUFF,2019-11-08 17:05:00 EST,43.00017,-78.76717,589,28.3,28.6,28.3,60.2,16.3,0.000,0.000,0.00,0.000,0.5,1.6,0.5,356,10,0.8,2.1,0.7,359,16,0.8,2.1,0.7,359,16,3,29.67,-0.3,0,0,0,42.4,44.6,47.5,0.49,0.41,0.41
BUFF,2019-11-08 17:10:00 EST,43.00017,-78.76717,589,28.1,28.4,28.1,61.8,16.6,0.000,0.000,0.00,0.000,0.3,1.0,0.3,356,5,0.8,1.5,0.4,3,9,0.8,1.5,0.4,3,9,1,29.67,-0.4,0,0,0,42.4,44.6,47.5,0.49,0.41,0.41
BUFF,2019-11-08 17:15:00 EST,43.00017,-78.76717,589,26.9,28.3,26.9,70.2,18.5,0.000,0.000,0.00,0.000,0.0,0.0,0.0,0,0,0.0,1.0,0.2,348,2,0.0,1.0,0.2,348,2,1,29.67,-0.3,0,0,0,42.4,44.7,47.5,0.49,0.41,0.41
BUFF,2019-11-08 17:20:00 EST,43.00017,-78.76717,589,26.3,28.2,26.3,72.9,18.8,0.000,0.000,0.00,0.000,0.4,1.0,0.4,353,0,0.6,1.3,0.5,168,7,0.6,1.3,0.5,168,7,0,29.67,-0.3,0,0,0,42.4,44.7,47.5,0.49,0.41,0.41
BUFF,2019-11-08 17:25:00 EST,43.00017,-78.76717,589,25.9,28.0,25.9,74.3,18.8,0.000,0.000,0.00,0.000,1.1,1.9,0.3,153,27,1.3,2.1,0.2,157,11,1.3,2.1,0.2,157,11,0,29.67,-0.3,0,0,0,42.4,44.7,47.5,0.49,0.41,0.41
BUFF,2019-11-08 17:30:00 EST,43.00017,-78.76717,589,25.5,27.9,25.5,76.6,19.1,0.000,0.000,0.00,0.000,1.5,1.9,0.2,177,2,1.6,2.1,0.2,180,6,1.6,2.1,0.2,180,6,0,29.67,-0.3,0,0,0,42.4,44.6,47.5,0.49,0.41,0.41
BUFF,2019-11-08 17:35:00 EST,43.00017,-78.76717,589,25.0,28.1,25.0,80.0,19.7,0.000,0.000,0.00,0.000,1.5,2.0,0.4,184,3,1.6,2.0,0.3,190,6,1.6,2.0,0.3,190,6,0,29.68,-0.3,0,0,0,42.4,44.7,47.5,0.49,0.41,0.41
BUFF,2019-11-08 17:40:00 EST,43.00017,-78.76717,589,25.0,27.7,25.0,79.7,19.6,0.000,0.000,0.00,0.000,1.5,2.0,0.2,163,6,1.6,1.9,0.1,158,9,1.6,1.9,0.1,158,9,0,29.68,-0.3,0,0,0,42.3,44.7,47.5,0.49,0.41,0.41
BUFF,2019-11-08 17:45:00 EST,43.00017,-78.76717,589,24.8,27.1,24.8,80.8,19.8,0.000,0.000,0.00,0.000,1.3,1.8,0.3,150,3,1.3,1.7,0.2,149,9,1.3,1.7,0.2,149,9,0,29.68,-0.2,0,0,0,42.3,44.7,47.5,0.49,0.41,0.41
BUFF,2019-11-08 17:50:00 EST,43.00017,-78.76717,589,25.0,26.8,25.0,81.3,20.1,0.000,0.000,0.00,0.000,1.2,1.4,0.1,147,2,1.2,1.5,0.1,146,6,1.2,1.5,0.1,146,6,0,29.68,-0.2,0,0,0,42.3,44.6,47.5,0.49,0.41,0.41
BUFF,2019-11-08 17:55:00 EST,43.00017,-78.76717,589,25.2,26.9,25.2,81.4,20.3,0.000,0.000,0.00,0.000,0.9,1.1,0.2,146,0,0.9,1.2,0.3,142,5,0.9,1.2,0.3,142,5,0,29.68,-0.3,0,0,0,42.3,44.7,47.5,0.49,0.41,0.41
BUFF,2019-11-08 18:00:00 EST,43.00017,-78.76717,589,25.0,26.7,25.0,83.8,20.8,0.000,0.000,0.00,0.000,0.1,0.5,0.2,146,0,0.2,1.0,0.3,63,4,0.2,1.0,0.3,63,4,0,29.68,-0.3,0,0,0,42.3,44.7,47.5,0.49,0.41,0.41
BUFF,2019-11-08 18:05:00 EST,43.00017,-78.76717,589,25.3,26.7,25.3,79.0,19.7,0.000,0.000,0.00,0.000,0.0,0.0,0.0,0,0,0.8,1.1,0.2,59,12,0.8,1.1,0.2,59,12,0,29.68,-0.3,0,0,0,42.3,44.7,47.5,0.49,0.41,0.41
BUFF,2019-11-08 18:10:00 EST,43.00017,-78.76717,589,24.9,26.6,24.9,78.1,19.1,0.000,0.000,0.00,0.000,0.0,0.9,0.1,145,0,0.6,1.0,0.4,113,15,0.6,1.0,0.4,113,15,0,29.68,-0.3,0,0,0,42.3,44.7,47.5,0.49,0.41,0.41
BUFF,2019-11-08 18:15:00 EST,43.00017,-78.76717,589,24.2,26.3,24.2,85.2,20.4,0.000,0.000,0.00,0.000,0.6,1.0,0.2,145,81,0.7,1.2,0.3,135,7,0.7,1.2,0.3,135,7,0,29.68,-0.3,0,0,0,42.2,44.7,47.5,0.49,0.41,0.41
BUFF,2019-11-08 18:20:00 EST,43.00017,-78.76717,589,24.6,26.0,24.6,82.7,20.1,0.000,0.000,0.00,0.000,0.0,0.4,0.1,145,0,0.5,1.1,0.4,102,8,0.5,1.1,0.4,102,8,0,29.68,-0.3,0,0,0,42.1,44.7,47.5,0.49,0.41,0.41
BUFF,2019-11-08 18:25:00 EST,43.00017,-78.76717,589,24.1,25.8,24.1,79.6,18.7,0.000,0.000,0.00,0.000,0.3,0.7,0.2,145,0,0.8,1.0,0.2,115,5,0.8,1.0,0.2,115,5,0,29.68,-0.2,0,0,0,42.1,44.7,47.5,0.49,0.41,0.41
BUFF,2019-11-08 18:30:00 EST,43.00017,-78.76717,589,24.0,26.0,24.0,83.9,19.8,0.000,0.000,0.00,0.000,0.1,0.5,0.2,145,0,0.9,1.1,0.2,91,19,0.9,1.1,0.2,91,19,0,29.68,-0.3,0,0,0,42.1,44.7,47.5,0.49,0.40,0.41
BUFF,2019-11-08 18:35:00 EST,43.00017,-78.76717,589,23.5,25.9,23.5,89.4,20.9,0.000,0.000,0.00,0.000,0.2,1.1,0.3,145,0,1.2,1.5,0.1,88,19,1.2,1.5,0.1,88,19,0,29.68,-0.3,0,0,0,42.1,44.7,47.5,0.49,0.41,0.41
BUFF,2019-11-08 18:40:00 EST,43.00017,-78.76717,589,23.0,25.6,23.0,89.9,20.4,0.000,0.000,0.00,0.000,1.4,1.6,0.1,145,0,1.3,1.6,0.1,140,2,1.3,1.6,0.1,140,2,0,29.68,-0.2,0,0,0,42.1,44.7,47.5,0.49,0.41,0.41
BUFF,2019-11-08 18:45:00 EST,43.00017,-78.76717,589,23.3,25.4,23.3,89.3,20.6,0.000,0.000,0.00,0.000,0.8,1.2,0.3,145,81,1.0,1.3,0.2,128,11,1.0,1.3,0.2,128,11,0,29.68,-0.2,0,0,0,42.0,44.7,47.5,0.49,0.41,0.41
BUFF,2019-11-08 18:50:00 EST,43.00017,-78.76717,589,23.3,25.3,23.3,89.6,20.7,0.000,0.000,0.00,0.000,0.4,0.9,0.4,145,81,1.1,1.4,0.1,111,9,1.1,1.4,0.1,111,9,0,29.68,-0.2,0,0,0,41.9,44.7,47.5,0.49,0.41,0.41
BUFF,2019-11-08 18:55:00 EST,43.00017,-78.76717,589,23.6,25.4,23.6,88.8,20.8,0.000,0.000,0.00,0.000,0.0,0.4,0.1,145,0,1.1,1.2,0.1,84,16,1.1,1.2,0.1,84,16,0,29.68,-0.3,0,0,0,41.9,44.7,47.5,0.49,0.41,0.41
BUFF,2019-11-08 19:00:00 EST,43.00017,-78.76717,589,23.7,25.6,23.7,87.3,20.4,0.000,0.000,0.00,0.000,0.0,0.0,0.0,0,0,1.0,1.3,0.1,60,9,1.0,1.3,0.1,60,9,0,29.68,-0.3,0,0,0,41.9,44.6,47.5,0.49,0.41,0.41
BUFF,2019-11-08 19:05:00 EST,43.00017,-78.76717,589,23.5,25.6,23.5,88.0,20.4,0.000,0.000,0.00,0.000,0.0,0.0,0.0,0,0,0.6,1.0,0.4,78,14,0.6,1.0,0.4,78,14,0,29.68,-0.3,0,0,0,41.9,44.7,47.5,0.49,0.41,0.41
BUFF,2019-11-08 19:10:00 EST,43.00017,-78.76717,589,22.7,25.3,22.7,89.4,20.1,0.000,0.000,0.00,0.000,0.0,0.0,0.0,0,0,0.0,0.0,0.0,0,0,0.0,0.0,0.0,0,0,0,29.68,-0.3,0,0,0,41.9,44.7,47.5,0.49,0.41,0.41
BUFF,2019-11-08 19:15:00 EST,43.00017,-78.76717,589,22.4,25.1,22.4,88.2,19.4,0.000,0.000,0.00,0.000,0.0,0.7,0.1,145,0,0.0,0.0,0.0,0,0,0.0,0.0,0.0,0,0,0,29.68,-0.2,0,0,0,41.8,44.6,47.5,0.49,0.41,0.41
BUFF,2019-11-08 19:20:00 EST,43.00017,-78.76717,589,22.5,24.7,22.5,89.0,19.8,0.000,0.000,0.00,0.000,0.0,0.4,0.1,145,0,0.3,0.8,0.4,107,6,0.3,0.8,0.4,107,6,0,29.68,-0.2,0,0,0,41.7,44.6,47.5,0.49,0.41,0.41
BUFF,2019-11-08 19:25:00 EST,43.00017,-78.76717,589,22.5,24.5,22.5,90.6,20.2,0.000,0.000,0.00,0.000,0.7,1.3,0.4,145,81,0.9,1.3,0.3,132,9,0.9,1.3,0.3,132,9,0,29.68,-0.3,0,0,0,41.7,44.6,47.5,0.49,0.41,0.41
BUFF,2019-11-08 19:30:00 EST,43.00017,-78.76717,589,22.2,24.3,22.2,90.7,19.9,0.000,0.000,0.00,0.000,1.4,1.5,0.1,145,81,1.4,1.7,0.1,136,3,1.4,1.7,0.1,136,3,0,29.68,-0.2,0,0,0,41.7,44.6,47.5,0.49,0.41,0.41
BUFF,2019-11-08 19:35:00 EST,43.00017,-78.76717,589,22.5,24.4,22.5,90.2,20.0,0.000,0.000,0.00,0.000,1.4,1.8,0.2,137,7,1.6,1.8,0.1,128,2,1.6,1.8,0.1,128,2,0,29.68,-0.3,0,0,0,41.7,44.6,47.5,0.49,0.41,0.41
BUFF,2019-11-08 19:40:00 EST,43.00017,-78.76717,589,22.1,24.3,22.1,90.7,19.8,0.000,0.000,0.00,0.000,1.2,1.6,0.2,124,6,1.4,1.7,0.1,116,9,1.4,1.7,0.1,116,9,0,29.68,-0.2,0,0,0,41.7,44.6,47.5,0.49,0.41,0.41
BUFF,2019-11-08 19:45:00 EST,43.00017,-78.76717,589,22.2,24.4,22.2,91.8,20.2,0.000,0.000,0.00,0.000,0.8,0.9,0.1,112,0,1.1,1.3,0.1,107,9,1.1,1.3,0.1,107,9,0,29.68,-0.2,0,0,0,41.6,44.6,47.5,0.49,0.41,0.41
BUFF,2019-11-08 19:50:00 EST,43.00017,-78.76717,589,22.1,24.2,22.1,91.7,20.1,0.000,0.000,0.00,0.000,0.7,0.9,0.1,113,0,1.0,1.2,0.1,126,6,1.0,1.2,0.1,126,6,0,29.68,-0.2,0,0,0,41.5,44.6,47.5,0.49,0.41,0.41
BUFF,2019-11-08 19:55:00 EST,43.00017,-78.76717,589,22.1,24.2,22.1,91.6,20.1,0.000,0.000,0.00,0.000,1.1,1.2,0.2,124,4,1.2,1.4,0.1,135,3,1.2,1.4,0.1,135,3,0,29.68,-0.2,0,0,0,41.5,44.6,47.5,0.49,0.41,0.41
BUFF,2019-11-08 20:00:00 EST,43.00017,-78.76717,589,21.9,24.1,21.9,92.3,20.0,0.000,0.000,0.00,0.000,1.5,1.8,0.1,132,1,1.5,1.7,0.1,138,2,1.5,1.7,0.1,138,2,0,29.68,-0.2,0,0,0,41.5,44.6,47.5,0.49,0.40,0.41
BUFF,2019-11-08 20:05:00 EST,43.00017,-78.76717,589,22.2,24.8,22.2,93.3,20.5,0.000,0.000,0.00,0.000,1.9,2.1,0.1,143,3,1.7,2.0,0.1,144,3,1.7,2.0,0.1,144,3,0,29.68,-0.2,0,0,0,41.5,44.6,47.5,0.49,0.41,0.41
BUFF,2019-11-08 20:10:00 EST,43.00017,-78.76717,589,22.0,25.4,22.0,92.1,20.0,0.000,0.000,0.00,0.000,2.2,3.0,0.3,158,8,2.3,3.4,0.4,161,8,2.3,3.4,0.4,161,8,0,29.68,-0.3,0,0,0,41.4,44.6,47.5,0.49,0.41,0.41
BUFF,2019-11-08 20:15:00 EST,43.00017,-78.76717,589,21.4,25.8,16.3,92.1,19.4,0.000,0.000,0.00,0.000,3.4,4.5,0.5,162,6,3.6,5.4,0.6,164,7,3.6,5.4,0.6,164,7,0,29.68,-0.2,0,0,0,41.4,44.6,47.5,0.49,0.41,0.41
BUFF,2019-11-08 20:20:00 EST,43.00017,-78.76717,589,21.4,25.9,21.4,91.8,19.4,0.000,0.000,0.00,0.000,2.8,4.2,0.6,165,6,3.0,4.6,0.6,166,8,3.0,4.6,0.6,166,8,0,29.67,-0.3,0,0,0,41.4,44.6,47.4,0.49,0.41,0.41
BUFF,2019-11-08 20:25:00 EST,43.00017,-78.76717,589,21.6,25.8,21.6,90.8,19.3,0.000,0.000,0.00,0.000,2.0,3.1,0.4,171,8,2.1,3.0,0.4,175,10,2.1,3.0,0.4,175,10,0,29.67,-0.2,0,0,0,41.4,44.6,47.5,0.49,0.41,0.41
BUFF,2019-11-08 20:30:00 EST,43.00017,-78.76717,589,21.5,25.9,21.5,90.4,19.1,0.000,0.000,0.00,0.000,2.6,3.5,0.4,174,9,2.7,4.3,0.5,178,10,2.7,4.3,0.5,178,10,0,29.67,-0.2,0,0,0,41.4,44.6,47.4,0.49,0.41,0.41
BUFF,2019-11-08 20:35:00 EST,43.00017,-78.76717,589,21.2,25.8,21.2,89.1,18.5,0.000,0.000,0.00,0.000,2.5,3.1,0.3,172,4,2.6,3.4,0.3,175,7,2.6,3.4,0.3,175,7,0,29.67,-0.3,0,0,0,41.3,44.6,47.4,0.49,0.41,0.41
BUFF,2019-11-08 20:40:00 EST,43.00017,-78.76717,589,20.8,25.5,20.8,89.6,18.2,0.000,0.000,0.00,0.000,2.2,3.0,0.3,162,6,2.3,3.1,0.4,161,9,2.3,3.1,0.4,161,9,0,29.67,-0.2,0,0,0,41.2,44.6,47.5,0.49,0.41,0.41
BUFF,2019-11-08 20:45:00 EST,43.00017,-78.76717,589,21.4,25.4,21.4,90.6,19.1,0.000,0.000,0.00,0.000,2.0,2.6,0.3,148,3,1.9,3.0,0.3,146,6,1.9,3.0,0.3,146,6,0,29.67,-0.3,0,0,0,41.2,44.6,47.4,0.49,0.41,0.41
BUFF,2019-11-08 20:50:00 EST,43.00017,-78.76717,589,21.1,25.2,21.1,90.7,18.8,0.000,0.000,0.00,0.000,1.5,2.0,0.2,164,11,1.6,2.0,0.2,165,13,1.6,2.0,0.2,165,13,0,29.67,-0.2,0,0,0,41.2,44.6,47.4,0.49,0.41,0.41
BUFF,2019-11-08 20:55:00 EST,43.00017,-78.76717,589,21.2,25.2,21.2,91.0,18.9,0.000,0.000,0.00,0.000,1.8,3.0,0.4,170,5,2.0,3.2,0.4,174,8,2.0,3.2,0.4,174,8,0,29.67,-0.2,0,0,0,41.2,44.6,47.3,0.49,0.41,0.41
BUFF,2019-11-08 21:00:00 EST,43.00017,-78.76717,589,20.7,25.1,20.7,90.4,18.3,0.000,0.000,0.00,0.000,1.5,2.2,0.3,190,8,1.6,2.5,0.4,194,11,1.6,2.5,0.4,194,11,0,29.67,-0.3,0,0,0,41.2,44.6,47.4,0.49,0.41,0.41
BUFF,2019-11-08 21:05:00 EST,43.00017,-78.76717,589,20.6,25.2,20.6,90.5,18.2,0.000,0.000,0.00,0.000,1.5,2.9,0.6,177,14,1.5,3.2,0.7,176,18,1.5,3.2,0.7,176,18,0,29.67,-0.2,0,0,0,41.1,44.6,47.3,0.49,0.40,0.41
BUFF,2019-11-08 21:10:00 EST,43.00017,-78.76717,589,20.5,24.9,20.5,90.2,18.1,0.000,0.000,0.00,0.000,1.5,2.4,0.5,173,10,1.5,2.8,0.5,174,13,1.5,2.8,0.5,174,13,0,29.67,-0.2,0,0,0,41.0,44.6,47.3,0.49,0.41,0.41
BUFF,2019-11-08 21:15:00 EST,43.00017,-78.76717,589,20.4,24.3,20.4,90.8,18.2,0.000,0.000,0.00,0.000,0.4,1.8,0.5,162,6,0.7,2.8,0.6,179,43,0.7,2.8,0.6,179,43,0,29.67,-0.2,0,0,0,41.0,44.6,47.3,0.49,0.41,0.41
BUFF,2019-11-08 21:20:00 EST,43.00017,-78.76717,589,20.9,24.5,20.9,91.8,18.9,0.000,0.000,0.00,0.000,0.2,1.2,0.3,187,2,0.6,1.5,0.4,242,35,0.6,1.5,0.4,242,35,0,29.67,-0.2,0,0,0,41.0,44.6,47.3,0.49,0.40,0.41
BUFF,2019-11-08 21:25:00 EST,43.00017,-78.76717,589,20.9,24.7,20.9,90.7,18.6,0.000,0.000,0.00,0.000,0.5,0.9,0.3,184,0,0.5,1.4,0.4,195,10,0.5,1.4,0.4,195,10,0,29.67,-0.3,0,0,0,41.0,44.6,47.3,0.49,0.41,0.41
BUFF,2019-11-08 21:30:00 EST,43.00017,-78.76717,589,20.4,23.9,20.4,90.6,18.1,0.000,0.000,0.00,0.000,0.1,0.9,0.2,174,1,0.2,1.1,0.4,173,5,0.2,1.1,0.4,173,5,0,29.67,-0.2,0,0,0,41.0,44.5,47.3,0.49,0.41,0.41
BUFF,2019-11-08 21:35:00 EST,43.00017,-78.76717,589,20.5,23.3,20.5,91.7,18.5,0.000,0.000,0.00,0.000,0.4,2.3,0.6,143,8,0.7,1.9,0.6,130,8,0.7,1.9,0.6,130,8,0,29.67,-0.2,0,0,0,41.0,44.5,47.3,0.49,0.41,0.41
BUFF,2019-11-08 21:40:00 EST,43.00017,-78.76717,589,20.4,23.2,20.4,90.9,18.2,0.000,0.000,0.00,0.000,1.3,2.5,0.4,126,6,1.4,2.4,0.3,121,10,1.4,2.4,0.3,121,10,0,29.66,-0.2,0,0,0,40.8,44.5,47.3,0.49,0.41,0.41
BUFF,2019-11-08 21:45:00 EST,43.00017,-78.76717,589,20.3,23.5,20.3,91.2,18.2,0.000,0.000,0.00,0.000,1.9,2.4,0.3,135,11,1.8,2.5,0.3,134,9,1.8,2.5,0.3,134,9,0,29.66,-0.2,0,0,0,40.8,44.4,47.3,0.49,0.41,0.41
BUFF,2019-11-08 21:50:00 EST,43.00017,-78.76717,589,20.5,23.3,20.5,92.3,18.6,0.000,0.000,0.00,0.000,1.7,2.2,0.2,136,5,1.6,2.1,0.2,135,5,1.6,2.1,0.2,135,5,0,29.66,-0.2,0,0,0,40.8,44.4,47.3,0.49,0.41,0.41
BUFF,2019-11-08 21:55:00 EST,43.00017,-78.76717,589,20.8,23.8,20.8,93.5,19.2,0.000,0.000,0.00,0.000,1.6,2.2,0.2,146,7,1.5,2.3,0.2,142,6,1.5,2.3,0.2,142,6,0,29.66,-0.2,0,0,0,40.8,44.4,47.3,0.49,0.41,0.41
BUFF,2019-11-08 22:00:00 EST,43.00017,-78.76717,589,21.0,23.6,21.0,93.6,19.5,0.000,0.000,0.00,0.000,1.6,3.5,0.6,159,10,1.6,4.5,0.7,159,14,1.6,4.5,0.7,159,14,0,29.66,-0.2,0,0,0,40.8,44.4,47.3,0.49,0.41,0.41
BUFF,2019-11-08 22:05:00 EST,43.00017,-78.76717,589,21.1,23.9,16.7,93.4,19.5,0.000,0.000,0.00,0.000,3.1,4.9,0.9,162,9,3.1,5.3,1.1,163,11,3.1,5.3,1.1,163,11,0,29.66,-0.3,0,0,0,40.6,44.4,47.3,0.49,0.41,0.41
BUFF,2019-11-08 22:10:00 EST,43.00017,-78.76717,589,20.2,24.8,13.7,92.5,18.4,0.000,0.000,0.00,0.000,4.5,5.7,0.5,161,7,4.6,5.7,0.5,163,7,4.6,5.7,0.5,163,7,0,29.66,-0.2,0,0,0,40.6,44.4,47.3,0.49,0.41,0.41
BUFF,2019-11-08 22:15:00 EST,43.00017,-78.76717,589,20.3,25.0,14.3,90.8,18.0,0.000,0.000,0.00,0.000,3.8,5.9,0.8,166,12,4.2,7.1,1.0,170,11,4.2,7.1,1.0,170,11,0,29.66,-0.2,0,0,0,40.6,44.4,47.3,0.49,0.40,0.41
BUFF,2019-11-08 22:20:00 EST,43.00017,-78.76717,589,20.5,24.5,20.5,89.5,18.0,0.000,0.000,0.00,0.000,2.5,4.9,1.0,165,13,2.6,5.5,1.1,166,14,2.6,5.5,1.1,166,14,0,29.66,-0.3,0,0,0,40.6,44.4,47.3,0.49,0.41,0.41
BUFF,2019-11-08 22:25:00 EST,43.00017,-78.76717,589,21.9,24.3,21.9,89.3,19.3,0.000,0.000,0.00,0.000,1.4,2.8,0.6,170,21,1.5,3.5,0.7,171,21,1.5,3.5,0.7,171,21,0,29.66,-0.2,0,0,0,40.6,44.4,47.3,0.49,0.41,0.41
BUFF,2019-11-08 22:30:00 EST,43.00017,-78.76717,589,22.6,24.8,17.2,86.7,19.3,0.000,0.000,0.00,0.000,3.9,5.7,0.8,168,9,4.0,6.5,0.9,171,10,4.0,6.5,0.9,171,10,0,29.65,-0.2,0,0,0,40.6,44.4,47.3,0.49,0.41,0.41
BUFF,2019-11-08 22:35:00 EST,43.00017,-78.76717,589,22.3,24.8,16.8,83.7,18.1,0.000,0.000,0.00,0.000,4.0,5.8,0.6,168,9,4.0,6.1,0.7,171,9,4.0,6.1,0.7,171,9,0,29.65,-0.3,0,0,0,40.6,44.4,47.3,0.49,0.41,0.41
BUFF,2019-11-08 22:40:00 EST,43.00017,-78.76717,589,22.8,24.9,17.4,83.9,18.6,0.000,0.000,0.00,0.000,3.8,5.6,0.6,168,10,4.0,6.1,0.7,170,10,4.0,6.1,0.7,170,10,0,29.65,-0.2,0,0,0,40.5,44.4,47.3,0.49,0.41,0.41
BUFF,2019-11-08 22:45:00 EST,43.00017,-78.76717,589,23.3,24.9,18.7,83.4,19.1,0.000,0.000,0.00,0.000,3.4,5.5,0.7,171,8,3.6,6.0,0.7,174,9,3.6,6.0,0.7,174,9,0,29.65,-0.2,0,0,0,40.5,44.4,47.3,0.49,0.41,0.41
BUFF,2019-11-08 22:50:00 EST,43.00017,-78.76717,589,23.6,24.7,23.6,82.6,19.1,0.000,0.000,0.00,0.000,2.8,5.0,0.7,164,9,2.9,5.3,0.8,165,11,2.9,5.3,0.8,165,11,0,29.65,-0.2,0,0,0,40.5,44.4,47.3,0.49,0.41,0.41
BUFF,2019-11-08 22:55:00 EST,43.00017,-78.76717,589,23.6,24.7,19.6,82.3,18.9,0.000,0.000,0.00,0.000,3.0,4.6,0.6,163,9,3.1,5.1,0.7,166,11,3.1,5.1,0.7,166,11,0,29.65,-0.2,0,0,0,40.5,44.4,47.3,0.49,0.40,0.41
BUFF,2019-11-08 23:00:00 EST,43.00017,-78.76717,589,23.0,24.6,17.9,82.2,18.4,0.000,0.000,0.00,0.000,3.8,5.1,0.6,159,7,3.8,5.6,0.7,161,8,3.8,5.6,0.7,161,8,0,29.64,-0.2,0,0,0,40.5,44.3,47.3,0.48,0.41,0.41
BUFF,2019-11-08 23:05:00 EST,43.00017,-78.76717,589,23.2,24.6,16.8,82.3,18.6,0.000,0.000,0.00,0.000,4.8,6.6,0.8,158,8,4.9,7.1,0.8,160,9,4.9,7.1,0.8,160,9,0,29.64,-0.2,0,0,0,40.4,44.3,47.3,0.48,0.41,0.41
BUFF,2019-11-08 23:10:00 EST,43.00017,-78.76717,589,23.5,24.6,17.7,82.1,18.8,0.000,0.000,0.00,0.000,4.4,6.4,0.7,159,9,4.5,6.5,0.8,162,8,4.5,6.5,0.8,162,8,0,29.64,-0.1,0,0,0,40.3,44.1,47.3,0.48,0.40,0.41
BUFF,2019-11-08 23:15:00 EST,43.00017,-78.76717,589,23.7,24.7,17.6,82.1,19.1,0.000,0.000,0.00,0.000,4.8,6.8,0.8,159,10,4.8,7.9,1.0,161,9,4.8,7.9,1.0,161,9,0,29.64,-0.2,0,0,0,40.3,44.1,47.3,0.48,0.41,0.41
BUFF,2019-11-08 23:20:00 EST,43.00017,-78.76717,589,24.3,24.8,19.1,81.5,19.5,0.000,0.000,0.00,0.000,3.8,6.2,0.9,174,11,4.1,6.7,1.0,176,11,4.1,6.7,1.0,176,11,0,29.64,-0.1,0,0,0,40.3,44.1,47.3,0.48,0.41,0.41
BUFF,2019-11-08 23:25:00 EST,43.00017,-78.76717,589,24.4,24.8,19.7,81.0,19.4,0.000,0.000,0.00,0.000,3.7,6.2,0.8,167,13,3.7,6.2,0.9,169,14,3.7,6.2,0.9,169,14,0,29.64,-0.2,0,0,0,40.3,44.1,47.3,0.48,0.41,0.41
BUFF,2019-11-08 23:30:00 EST,43.00017,-78.76717,589,24.4,24.9,20.4,81.5,19.6,0.000,0.000,0.00,0.000,3.1,5.5,0.9,171,10,3.2,5.7,1.0,174,10,3.2,5.7,1.0,174,10,0,29.64,-0.1,0,0,0,40.3,44.1,47.3,0.48,0.40,0.41
BUFF,2019-11-08 23:35:00 EST,43.00017,-78.76717,589,24.6,25.1,19.6,81.8,19.9,0.000,0.000,0.00,0.000,3.9,5.8,0.8,169,10,4.0,6.5,0.9,171,10,4.0,6.5,0.9,171,10,0,29.63,-0.2,0,0,0,40.3,44.1,47.3,0.48,0.41,0.41
BUFF,2019-11-08 23:40:00 EST,43.00017,-78.76717,589,24.7,25.2,20.0,81.9,20.0,0.000,0.000,0.00,0.000,3.6,5.7,0.7,168,12,3.8,5.9,0.8,170,13,3.8,5.9,0.8,170,13,0,29.63,-0.1,0,0,0,40.3,44.1,47.3,0.48,0.41,0.41
BUFF,2019-11-08 23:45:00 EST,43.00017,-78.76717,589,24.9,25.3,20.3,81.5,20.1,0.000,0.000,0.00,0.000,3.6,5.6,0.8,172,10,3.7,6.1,0.9,175,12,3.7,6.1,0.9,175,12,0,29.63,-0.1,0,0,0,40.3,44.1,47.3,0.48,0.41,0.41
BUFF,2019-11-08 23:50:00 EST,43.00017,-78.76717,589,25.0,25.4,20.3,82.4,20.4,0.000,0.000,0.00,0.000,3.6,6.0,1.0,174,10,3.8,6.5,1.0,179,9,3.8,6.5,1.0,179,9,0,29.63,-0.1,0,0,0,40.1,44.1,47.3,0.48,0.41,0.41
BUFF,2019-11-08 23:55:00 EST,43.00017,-78.76717,589,25.2,25.5,21.2,82.7,20.7,0.000,0.000,0.00,0.000,3.0,4.8,0.7,175,13,3.3,5.7,0.8,180,13,3.3,5.7,0.8,180,13,0,29.64,-0.1,0,0,0,40.1,44.1,47.3,0.48,0.41,0.41
BURD,2019-11-08 00:00:00 EST,42.41042,-76.77176,1863,23.8,24.1,19.5,94.4,22.4,0.000,0.250,0.00,0.000,3.1,4.5,0.5,294,10,3.3,5.0,0.6,295,10,3.3,5.0,0.6,295,10,0,28.07,0.8,0,0,0,43.8,45.9,48.1,0.38,0.42,0.29
BURD,2019-11-08 00:05:00 EST,42.41042,-76.77176,1863,23.7,24.0,16.9,94.2,22.3,0.000,0.000,0.00,0.000,4.7,6.9,0.9,271,11,5.5,8.3,1.1,275,10,5.5,8.3,1.1,275,10,0,28.08,0.9,0,0,0,43.8,45.9,48.1,0.38,0.42,0.29
BURD,2019-11-08 00:10:00 EST,42.41042,-76.77176,1863,23.6,23.7,18.2,94.4,22.2,0.000,0.000,0.00,0.000,3.6,5.7,1.0,260,10,4.2,7.1,1.1,261,10,4.2,7.1,1.1,261,10,0,28.08,1.0,0,0,0,43.8,45.9,48.1,0.38,0.42,0.29
BURD,2019-11-08 00:15:00 EST,42.41042,-76.77176,1863,23.4,23.5,23.4,95.4,22.3,0.000,0.000,0.00,0.000,2.1,3.4,0.5,254,8,2.4,4.1,0.7,253,9,2.4,4.1,0.7,253,9,0,28.08,0.9,0,0,0,43.8,45.9,48.1,0.38,0.43,0.29
BURD,2019-11-08 00:20:00 EST,42.41042,-76.77176,1863,23.7,23.8,23.7,95.8,22.7,0.000,0.000,0.00,0.000,1.8,3.3,0.6,250,14,2.1,4.0,0.7,252,16,2.1,4.0,0.7,252,16,0,28.08,0.9,0,0,0,43.7,45.9,48.1,0.38,0.43,0.29
BURD,2019-11-08 00:25:00 EST,42.41042,-76.77176,1863,23.8,24.0,23.8,95.7,22.8,0.000,0.000,0.00,0.000,2.0,3.5,0.5,254,11,2.2,4.2,0.6,256,12,2.2,4.2,0.6,256,12,0,28.08,0.9,0,0,0,43.7,45.9,48.1,0.38,0.43,0.29
BURD,2019-11-08 00:30:00 EST,42.41042,-76.77176,1863,24.0,24.1,20.2,95.2,22.8,0.000,0.000,0.00,0.000,2.7,4.2,0.6,257,12,3.0,5.1,0.7,259,13,3.0,5.1,0.7,259,13,0,28.08,0.8,0,0,0,43.7,45.9,48.1,0.38,0.43,0.29
BURD,2019-11-08 00:35:00 EST,42.41042,-76.77176,1863,24.0,24.1,24.0,94.4,22.6,0.000,0.000,0.00,0.000,2.4,3.6,0.6,257,10,2.7,4.2,0.7,257,11,2.7,4.2,0.7,257,11,0,28.08,0.7,0,0,0,43.7,45.9,48.0,0.38,0.43,0.29
BURD,2019-11-08 00:40:00 EST,42.41042,-76.77176,1863,24.1,24.1,24.1,94.2,22.6,0.000,0.000,0.00,0.000,1.9,4.6,0.7,247,16,2.2,4.6,0.7,252,19,2.2,4.6,0.7,252,19,0,28.08,0.7,0,0,0,43.7,45.9,48.0,0.38,0.42,0.29
BURD,2019-11-08 00:45:00 EST,42.41042,-76.77176,1863,24.1,24.2,24.1,94.2,22.7,0.000,0.000,0.00,0.000,2.5,4.4,0.5,247,11,2.8,4.8,0.7,249,13,2.8,4.8,0.7,249,13,0,28.08,0.6,0,0,0,43.7,45.9,48.1,0.38,0.43,0.29
BURD,2019-11-08 00:50:00 EST,42.41042,-76.77176,1863,24.1,24.1,20.2,93.9,22.6,0.000,0.000,0.00,0.000,2.7,4.6,0.8,265,15,3.1,5.4,0.9,267,15,3.1,5.4,0.9,267,15,0,28.08,0.3,0,0,0,43.7,45.9,48.0,0.38,0.42,0.29
BURD,2019-11-08 00:55:00 EST,42.41042,-76.77176,1863,24.1,24.2,18.7,94.0,22.7,0.000,0.000,0.00,0.000,3.7,5.8,0.9,278,13,4.3,7.3,1.0,279,11,4.3,7.3,1.0,279,11,0,28.08,0.2,0,0,0,43.7,45.9,48.1,0.38,0.43,0.29
BURD,2019-11-08 01:00:00 EST,42.41042,-76.77176,1863,24.2,24.2,18.9,94.1,22.7,0.000,0.000,0.00,0.000,3.4,5.7,1.0,264,18,4.1,7.0,1.1,267,17,4.1,7.0,1.1,267,17,0,28.08,-0.0,0,0,0,43.7,45.9,48.1,0.38,0.42,0.29
BURD,2019-11-08 01:05:00 EST,42.41042,-76.77176,1863,24.2,24.2,18.8,94.1,22.7,0.000,0.000,0.00,0.000,3.6,6.6,1.2,259,17,4.1,8.0,1.4,262,16,4.1,8.0,1.4,262,16,0,28.08,0.8,0,0,0,43.8,45.9,48.1,0.38,0.43,0.29
BURD,2019-11-08 01:10:00 EST,42.41042,-76.77176,1863,24.1,24.1,18.9,94.1,22.7,0.000,0.000,0.00,0.000,3.5,5.1,1.0,263,13,4.0,6.3,1.1,267,12,4.0,6.3,1.1,267,12,0,28.07,0.9,0,0,0,43.7,45.9,48.1,0.38,0.42,0.29
BURD,2019-11-08 01:15:00 EST,42.41042,-76.77176,1863,24.1,24.1,19.1,94.3,22.7,0.000,0.000,0.00,0.000,3.4,6.0,1.0,282,13,3.9,7.2,1.2,284,11,3.9,7.2,1.2,284,11,0,28.07,0.8,0,0,0,43.7,45.9,48.1,0.38,0.42,0.29
BURD,2019-11-08 01:20:00 EST,42.41042,-76.77176,1863,24.0,24.1,18.4,94.5,22.6,0.000,0.000,0.00,0.000,3.7,7.5,1.0,283,15,4.3,8.8,1.2,284,14,4.3,8.8,1.2,284,14,0,28.07,0.8,0,0,0,43.7,45.9,48.1,0.38,0.42,0.29
BURD,2019-11-08 01:25:00 EST,42.41042,-76.77176,1863,24.0,24.0,17.7,94.4,22.6,0.000,0.000,0.00,0.000,4.3,7.2,1.4,272,14,5.0,8.2,1.7,274,12,5.0,8.2,1.7,274,12,0,28.07,0.7,0,0,0,43.6,45.9,48.1,0.38,0.43,0.29
BURD,2019-11-08 01:30:00 EST,42.41042,-76.77176,1863,24.0,24.1,17.0,94.6,22.7,0.000,0.000,0.00,0.000,4.9,8.7,1.4,276,16,5.7,10.1,1.7,277,14,5.7,10.1,1.7,277,14,0,28.07,0.7,0,0,0,43.7,45.9,48.2,0.38,0.42,0.29
BURD,2019-11-08 01:35:00 EST,42.41042,-76.77176,1863,24.1,24.2,16.8,94.6,22.8,0.000,0.000,0.00,0.000,5.2,8.2,1.4,273,20,6.1,9.7,1.7,277,16,6.1,9.7,1.7,277,16,0,28.07,0.7,0,0,0,43.7,45.9,48.0,0.38,0.43,0.29
BURD,2019-11-08 01:40:00 EST,42.41042,-76.77176,1863,24.2,24.2,17.2,94.7,22.9,0.000,0.000,0.00,0.000,4.9,8.8,1.5,280,14,5.6,10.5,1.9,282,11,5.6,10.5,1.9,282,11,0,28.07,0.8,0,0,0,43.6,45.9,48.1,0.38,0.43,0.29
BURD,2019-11-08 01:45:00 EST,42.41042,-76.77176,1863,24.2,24.2,16.7,95.1,23.0,0.000,0.000,0.00,0.000,5.3,10.2,1.5,272,16,6.3,11.5,1.8,275,14,6.3,11.5,1.8,275,14,0,28.07,0.8,0,0,0,43.6,45.9,48.0,0.38,0.42,0.29
BURD,2019-11-08 01:50:00 EST,42.41042,-76.77176,1863,24.2,24.2,16.8,95.2,23.1,0.000,0.000,0.00,0.000,5.3,8.3,1.3,270,17,6.2,9.9,1.6,272,15,6.2,9.9,1.6,272,15,0,28.07,0.8,0,0,0,43.7,45.9,48.1,0.38,0.42,0.29
BURD,2019-11-08 01:55:00 EST,42.41042,-76.77176,1863,24.3,24.3,16.0,95.2,23.1,0.000,0.000,0.00,0.000,6.2,9.2,1.2,273,13,7.3,10.5,1.5,276,11,7.3,10.5,1.5,276,11,0,28.07,0.7,0,0,0,43.7,45.9,48.1,0.38,0.43,0.29
BURD,2019-11-08 02:00:00 EST,42.41042,-76.77176,1863,24.3,24.2,16.2,95.1,23.1,0.000,0.000,0.00,0.000,5.9,10.1,1.8,266,16,6.9,12.1,2.1,269,13,6.9,12.1,2.1,269,13,0,28.07,0.8,0,0,0,43.7,45.9,48.1,0.38,0.42,0.29
BURD,2019-11-08 02:05:00 EST,42.41042,-76.77176,1863,24.3,24.2,16.5,95.0,23.0,0.000,0.000,0.00,0.000,5.6,9.3,1.3,275,20,6.6,10.3,1.5,274,14,6.6,10.3,1.5,274,14,0,28.07,0.8,0,0,0,43.6,45.9,48.1,0.38,0.42,0.29
BURD,2019-11-08 02:10:00 EST,42.41042,-76.77176,1863,24.2,24.2,16.7,95.0,22.9,0.000,0.000,0.00,0.000,5.3,9.9,1.8,268,18,6.2,11.9,2.1,270,15,6.2,11.9,2.1,270,15,0,28.07,0.8,0,0,0,43.6,45.9,48.1,0.38,0.42,0.29
BURD,2019-11-08 02:15:00 EST,42.41042,-76.77176,1863,24.1,24.2,16.6,94.9,22.9,0.000,0.000,0.00,0.000,5.4,9.8,1.7,277,16,6.3,12.2,2.0,278,13,6.3,12.2,2.0,278,13,0,28.07,1.0,0,0,0,43.6,45.9,48.1,0.38,0.43,0.29
BURD,2019-11-08 02:20:00 EST,42.41042,-76.77176,1863,24.2,24.2,16.1,95.1,23.0,0.000,0.000,0.00,0.000,5.9,11.5,1.7,273,17,6.9,14.1,2.1,274,14,6.9,14.1,2.1,274,14,0,28.07,,0,0,0,43.6,45.9,48.1,0.38,0.42,0.29
BURD,2019-11-08 02:25:00 EST,42.41042,-76.77176,1863,24.2,24.2,15.7,95.0,23.0,0.000,0.000,0.00,0.000,6.4,10.5,1.5,279,14,7.5,12.1,1.8,281,12,7.5,12.1,1.8,281,12,0,28.07,0.9,0,0,0,43.6,45.9,48.1,0.38,0.43,0.29
BURD,2019-11-08 02:30:00 EST,42.41042,-76.77176,1863,24.2,24.2,16.3,95.0,23.0,0.000,0.000,0.00,0.000,5.8,10.5,1.4,276,15,6.7,11.3,1.8,278,13,6.7,11.3,1.8,278,13,0,28.07,1.1,0,0,0,43.6,45.9,48.1,0.38,0.42,0.29
BURD,2019-11-08 02:35:00 EST,42.41042,-76.77176,1863,24.2,24.2,14.6,95.0,22.9,0.000,0.000,0.00,0.000,7.6,11.3,1.7,273,15,9.2,15.1,2.1,275,12,9.2,15.1,2.1,275,12,0,28.07,,0,0,0,43.7,45.9,48.1,0.38,0.43,0.29
BURD,2019-11-08 02:40:00 EST,42.41042,-76.77176,1863,24.2,24.1,14.0,94.6,22.9,0.000,0.000,0.00,0.000,8.6,16.7,2.6,278,17,10.1,17.7,2.9,278,15,10.1,17.7,2.9,278,15,0,28.07,1.0,0,0,0,43.7,45.9,48.1,0.38,0.43,0.29
BURD,2019-11-08 02:45:00 EST,42.41042,-76.77176,1863,24.1,24.1,13.6,94.6,22.8,0.000,0.000,0.00,0.000,9.5,14.9,2.4,297,13,10.7,16.8,2.6,295,10,10.7,16.8,2.6,295,10,0,28.07,,0,0,0,43.6,45.8,48.1,0.38,0.42,0.29
BURD,2019-11-08 02:50:00 EST,42.41042,-76.77176,1863,24.1,24.0,13.3,95.1,22.9,0.003,0.003,0.00,0.003,10.1,19.0,2.8,299,13,11.1,20.4,3.1,299,10,11.1,20.4,3.1,299,10,0,28.07,0.9,0,0,0,43.6,45.9,48.1,0.38,0.43,0.29
BURD,2019-11-08 02:55:00 EST,42.41042,-76.77176,1863,24.0,23.9,12.5,95.4,22.9,0.000,0.003,0.00,0.003,11.3,17.4,2.6,300,15,12.4,18.2,2.7,300,12,12.4,18.2,2.7,300,12,0,28.07,0.8,0,0,0,43.6,45.9,48.1,0.38,0.42,0.29
BURD,2019-11-08 03:00:00 EST,42.41042,-76.77176,1863,23.9,23.9,12.7,95.8,22.9,0.000,0.003,0.00,0.003,10.7,18.3,2.6,297,12,11.8,18.5,2.8,297,11,11.8,18.5,2.8,297,11,0,28.07,0.9,0,0,0,43.6,45.9,48.1,0.38,0.42,0.29
BURD,2019-11-08 03:05:00 EST,42.41042,-76.77176,1863,23.9,23.8,12.8,96.1,22.9,0.000,0.003,0.00,0.003,10.9,16.7,2.9,306,14,11.5,17.5,2.8,308,14,11.5,17.5,2.8,308,14,0,28.07,0.9,0,0,0,43.5,45.9,48.1,0.38,0.43,0.29
BURD,2019-11-08 03:10:00 EST,42.41042,-76.77176,1863,23.8,23.8,12.1,96.1,22.9,0.002,0.005,0.00,0.005,11.8,17.7,2.6,306,11,12.9,19.9,2.8,305,10,12.9,19.9,2.8,305,10,0,28.08,0.9,0,0,0,43.6,45.9,48.1,0.38,0.42,0.29
BURD,2019-11-08 03:15:00 EST,42.41042,-76.77176,1863,23.8,23.8,13.9,96.2,22.9,0.000,0.005,0.00,0.005,8.3,13.2,2.3,316,18,9.4,15.0,2.5,317,19,9.4,15.0,2.5,317,19,0,28.08,0.8,0,0,0,43.5,45.9,48.1,0.38,0.43,0.29
BURD,2019-11-08 03:20:00 EST,42.41042,-76.77176,1863,23.7,23.7,13.6,96.2,22.8,0.000,0.005,0.00,0.005,8.7,15.3,2.2,316,18,9.7,16.0,2.2,319,18,9.7,16.0,2.2,319,18,0,28.08,0.8,0,0,0,43.5,45.9,48.1,0.38,0.42,0.29
BURD,2019-11-08 03:25:00 EST,42.41042,-76.77176,1863,23.6,23.6,13.7,95.9,22.6,0.000,0.005,0.00,0.005,8.5,13.5,2.0,321,15,9.5,15.8,2.1,322,15,9.5,15.8,2.1,322,15,0,28.08,0.8,0,0,0,43.6,45.9,48.1,0.38,0.43,0.29
BURD,2019-11-08 03:30:00 EST,42.41042,-76.77176,1863,23.5,23.5,12.9,95.8,22.5,0.000,0.005,0.00,0.005,9.5,16.1,2.2,313,15,10.5,20.1,2.5,314,14,10.5,20.1,2.5,314,14,0,28.08,0.9,0,0,0,43.5,45.9,48.1,0.38,0.42,0.29
BURD,2019-11-08 03:35:00 EST,42.41042,-76.77176,1863,23.5,23.4,12.8,95.7,22.4,0.000,0.005,0.00,0.005,9.9,16.4,2.4,313,12,10.6,15.8,2.4,315,13,10.6,15.8,2.4,315,13,0,28.08,0.8,0,0,0,43.6,45.9,48.1,0.38,0.42,0.29
BURD,2019-11-08 03:40:00 EST,42.41042,-76.77176,1863,23.4,23.4,12.7,95.6,22.4,0.000,0.005,0.00,0.005,10.0,16.6,2.4,308,11,10.8,17.5,2.3,309,12,10.8,17.5,2.3,309,12,0,28.08,0.8,0,0,0,43.5,45.9,48.1,0.38,0.42,0.29
BURD,2019-11-08 03:45:00 EST,42.41042,-76.77176,1863,23.4,23.4,12.1,95.9,22.4,0.000,0.005,0.00,0.005,10.8,18.2,2.8,302,17,11.8,20.5,3.0,303,16,11.8,20.5,3.0,303,16,0,28.08,0.8,0,0,0,43.5,45.9,48.1,0.38,0.43,0.29
BURD,2019-11-08 03:50:00 EST,42.41042,-76.77176,1863,23.4,23.4,12.6,95.9,22.4,0.000,0.005,0.00,0.002,9.8,15.9,2.6,309,16,10.8,19.2,2.8,310,16,10.8,19.2,2.8,310,16,0,28.08,0.8,0,0,0,43.5,45.9,48.1,0.38,0.43,0.29
BURD,2019-11-08 03:55:00 EST,42.41042,-76.77176,1863,23.3,23.3,12.3,95.8,22.3,0.000,0.005,0.00,0.002,10.3,15.5,2.1,313,15,11.3,17.5,2.4,314,15,11.3,17.5,2.4,314,15,0,28.08,0.8,0,0,0,43.5,45.8,48.1,0.38,0.43,0.29
BURD,2019-11-08 04:00:00 EST,42.41042,-76.77176,1863,23.3,23.3,12.1,95.8,22.3,0.000,0.005,0.00,0.002,10.4,18.6,2.6,306,17,11.6,20.7,2.7,306,17,11.6,20.7,2.7,306,17,0,28.08,0.8,0,0,0,43.4,45.9,48.1,0.38,0.42,0.29
BURD,2019-11-08 04:05:00 EST,42.41042,-76.77176,1863,23.4,23.4,13.6,95.9,22.4,0.000,0.005,0.00,0.002,8.3,13.7,2.0,307,14,9.2,14.7,2.2,307,13,9.2,14.7,2.2,307,13,0,28.08,0.8,0,0,0,43.5,45.9,48.1,0.38,0.42,0.29
BURD,2019-11-08 04:10:00 EST,42.41042,-76.77176,1863,23.4,23.3,12.5,96.0,22.4,0.000,0.005,0.00,0.000,9.9,16.7,2.2,309,14,10.9,16.8,2.3,309,15,10.9,16.8,2.3,309,15,0,28.08,0.8,0,0,0,43.5,45.8,48.1,0.38,0.43,0.29
BURD,2019-11-08 04:15:00 EST,42.41042,-76.77176,1863,23.3,23.3,11.2,95.9,22.3,0.000,0.005,0.00,0.000,12.4,17.3,2.2,305,11,13.4,18.1,2.2,304,12,13.4,18.1,2.2,304,12,0,28.08,0.8,0,0,0,43.5,45.8,48.1,0.38,0.43,0.29
BURD,2019-11-08 04:20:00 EST,42.41042,-76.77176,1863,23.3,23.2,11.6,95.9,22.3,0.000,0.005,0.00,0.000,11.7,17.2,2.4,308,11,12.5,18.7,2.6,309,11,12.5,18.7,2.6,309,11,0,28.08,0.8,0,0,0,43.4,45.9,48.0,0.38,0.43,0.29
BURD,2019-11-08 04:25:00 EST,42.41042,-76.77176,1863,23.3,23.2,11.4,95.8,22.2,0.000,0.005,0.00,0.000,11.5,20.6,2.7,312,14,12.7,24.0,2.9,314,16,12.7,24.0,2.9,314,16,0,28.08,0.8,0,0,0,43.4,45.8,48.1,0.38,0.43,0.29
BURD,2019-11-08 04:30:00 EST,42.41042,-76.77176,1863,23.3,23.2,12.3,95.7,22.2,0.000,0.005,0.00,0.000,9.8,15.6,2.6,320,16,11.0,19.9,2.9,320,16,11.0,19.9,2.9,320,16,0,28.09,0.8,0,0,0,43.4,45.9,48.0,0.38,0.43,0.29
BURD,2019-11-08 04:35:00 EST,42.41042,-76.77176,1863,23.2,23.1,12.6,95.7,22.2,0.000,0.005,0.00,0.000,9.3,13.7,2.1,316,15,10.4,15.8,2.2,316,15,10.4,15.8,2.2,316,15,0,28.09,0.9,0,0,0,43.4,45.8,48.1,0.38,0.42,0.29
BURD,2019-11-08 04:40:00 EST,42.41042,-76.77176,1863,23.1,23.0,11.3,95.4,22.0,0.000,0.005,0.00,0.000,11.7,16.3,2.1,309,12,12.7,16.9,2.1,308,11,12.7,16.9,2.1,308,11,0,28.09,0.8,0,0,0,43.4,45.8,48.0,0.38,0.43,0.29
BURD,2019-11-08 04:45:00 EST,42.41042,-76.77176,1863,23.1,23.0,12.3,95.3,21.9,0.000,0.005,0.00,0.000,9.6,18.4,3.4,316,14,10.6,20.1,3.6,317,14,10.6,20.1,3.6,317,14,0,28.09,0.8,0,0,0,43.3,45.8,48.0,0.38,0.42,0.29
BURD,2019-11-08 04:50:00 EST,42.41042,-76.77176,1863,23.0,22.8,10.4,94.6,21.6,0.000,0.005,0.00,0.000,12.9,20.3,3.0,314,15,14.1,22.9,3.1,317,16,14.1,22.9,3.1,317,16,0,28.09,0.8,0,0,0,43.4,45.8,48.0,0.38,0.43,0.29
BURD,2019-11-08 04:55:00 EST,42.41042,-76.77176,1863,22.9,22.8,11.6,94.5,21.6,0.000,0.005,0.00,0.000,10.4,19.1,3.3,310,14,11.4,21.5,3.3,311,13,11.4,21.5,3.3,311,13,0,28.09,0.8,0,0,0,43.4,45.8,48.1,0.38,0.43,0.29
BURD,2019-11-08 05:00:00 EST,42.41042,-76.77176,1863,22.8,22.8,12.0,94.7,21.6,0.000,0.005,0.00,0.000,9.5,13.7,2.1,310,15,10.7,16.1,2.2,311,15,10.7,16.1,2.2,311,15,0,28.10,0.8,0,0,0,43.3,45.8,48.1,0.38,0.43,0.29
BURD,2019-11-08 05:05:00 EST,42.41042,-76.77176,1863,22.8,22.7,11.9,94.4,21.4,0.000,0.005,0.00,0.000,9.6,16.0,2.4,319,17,10.7,19.1,2.6,321,17,10.7,19.1,2.6,321,17,0,28.10,0.8,0,0,0,43.3,45.8,48.1,0.38,0.42,0.29
BURD,2019-11-08 05:10:00 EST,42.41042,-76.77176,1863,22.7,22.7,10.8,94.0,21.3,0.000,0.005,0.00,0.000,11.7,22.6,4.0,319,14,12.6,23.0,3.9,323,14,12.6,23.0,3.9,323,14,0,28.10,0.8,0,0,0,43.4,45.7,48.1,0.38,0.42,0.29
BURD,2019-11-08 05:15:00 EST,42.41042,-76.77176,1863,22.6,22.6,11.2,94.3,21.2,0.000,0.005,0.00,0.000,10.6,18.5,2.7,313,13,11.6,21.4,2.8,314,14,11.6,21.4,2.8,314,14,0,28.10,0.9,0,0,0,43.3,45.8,48.1,0.38,0.43,0.29
BURD,2019-11-08 05:20:00 EST,42.41042,-76.77176,1863,22.5,22.5,10.7,94.1,21.1,0.000,0.005,0.00,0.000,11.3,18.2,2.5,314,15,12.2,16.7,2.4,314,14,12.2,16.7,2.4,314,14,0,28.10,0.8,0,0,0,43.3,45.7,48.0,0.38,0.43,0.29
BURD,2019-11-08 05:25:00 EST,42.41042,-76.77176,1863,22.4,22.4,10.1,93.5,20.8,0.000,0.005,0.00,0.000,12.3,19.2,2.9,315,16,13.3,20.6,2.8,315,15,13.3,20.6,2.8,315,15,0,28.10,0.9,0,0,0,43.3,45.7,48.1,0.38,0.43,0.29
BURD,2019-11-08 05:30:00 EST,42.41042,-76.77176,1863,22.3,22.3,10.6,93.9,20.8,0.000,0.005,0.00,0.000,11.1,16.1,2.6,308,13,12.0,18.3,2.7,309,13,12.0,18.3,2.7,309,13,0,28.10,0.9,0,0,0,43.3,45.7,48.1,0.38,0.43,0.29
BURD,2019-11-08 05:35:00 EST,42.41042,-76.77176,1863,22.2,22.1,11.0,94.1,20.8,0.000,0.005,0.00,0.000,9.9,15.1,2.5,317,15,11.0,18.5,2.7,319,17,11.0,18.5,2.7,319,17,0,28.11,1.1,0,0,0,43.3,45.7,48.1,0.38,0.43,0.29
BURD,2019-11-08 05:40:00 EST,42.41042,-76.77176,1863,22.1,22.0,9.3,94.2,20.6,0.000,0.005,0.00,0.000,13.0,20.5,2.8,313,13,13.9,20.8,2.7,314,15,13.9,20.8,2.7,314,15,0,28.11,1.0,0,0,0,43.3,45.7,48.0,0.38,0.42,0.29
BURD,2019-11-08 05:45:00 EST,42.41042,-76.77176,1863,21.9,21.9,9.9,93.9,20.4,0.002,0.007,0.00,0.002,11.4,20.0,3.4,316,13,12.3,20.9,3.2,316,13,12.3,20.9,3.2,316,13,0,28.11,0.8,0,0,0,43.3,45.7,48.0,0.38,0.43,0.29
BURD,2019-11-08 05:50:00 EST,42.41042,-76.77176,1863,21.9,21.8,10.2,93.8,20.4,0.000,0.007,0.00,0.002,10.6,19.1,3.2,321,21,11.7,20.6,3.2,325,19,11.7,20.6,3.2,325,19,0,28.11,0.9,0,0,0,43.3,45.7,48.0,0.38,0.42,0.29
BURD,2019-11-08 05:55:00 EST,42.41042,-76.77176,1863,21.8,21.8,9.0,93.7,20.3,0.000,0.007,0.00,0.002,13.1,20.5,3.5,312,15,14.0,20.5,3.4,314,16,14.0,20.5,3.4,314,16,0,28.11,0.8,0,0,0,43.3,45.7,48.1,0.38,0.43,0.29
BURD,2019-11-08 06:00:00 EST,42.41042,-76.77176,1863,21.7,21.7,10.7,93.8,20.2,0.000,0.007,0.00,0.002,9.6,16.3,2.2,316,12,10.5,16.5,2.2,315,12,10.5,16.5,2.2,315,12,0,28.12,0.7,0,0,0,43.3,45.7,48.0,0.38,0.42,0.29
BURD,2019-11-08 06:05:00 EST,42.41042,-76.77176,1863,21.8,21.7,10.3,94.6,20.5,0.000,0.007,0.00,0.002,10.4,15.7,2.5,305,10,11.2,17.6,2.5,305,10,11.2,17.6,2.5,305,10,0,28.12,0.8,0,0,0,43.3,45.7,48.0,0.38,0.43,0.29
BURD,2019-11-08 06:10:00 EST,42.41042,-76.77176,1863,21.7,21.7,9.3,95.0,20.5,0.000,0.007,0.00,0.002,12.0,18.4,2.4,306,14,13.1,19.8,2.6,307,14,13.1,19.8,2.6,307,14,0,28.12,0.7,0,0,0,43.2,45.7,48.0,0.38,0.42,0.29
BURD,2019-11-08 06:15:00 EST,42.41042,-76.77176,1863,21.7,21.6,9.0,95.2,20.5,0.000,0.007,0.00,0.002,12.3,19.4,2.7,303,14,13.5,21.3,2.5,304,14,13.5,21.3,2.5,304,14,0,28.12,0.7,0,0,0,43.3,45.7,48.1,0.38,0.42,0.29
BURD,2019-11-08 06:20:00 EST,42.41042,-76.77176,1863,21.5,21.5,7.2,94.3,20.2,0.000,0.007,0.00,0.002,16.1,25.9,3.5,303,14,17.4,25.6,3.5,303,13,17.4,25.6,3.5,303,13,0,28.12,0.8,0,0,0,43.2,45.7,47.9,0.38,0.42,0.29
BURD,2019-11-08 06:25:00 EST,42.41042,-76.77176,1863,21.5,21.5,8.9,93.8,20.0,0.000,0.007,0.00,0.002,12.8,19.4,3.1,312,14,13.4,19.7,3.1,313,13,13.4,19.7,3.1,313,13,0,28.13,0.7,0,0,0,43.3,45.7,48.1,0.38,0.42,0.29
BURD,2019-11-08 06:30:00 EST,42.41042,-76.77176,1863,21.5,21.4,9.0,93.8,20.0,0.000,0.007,0.00,0.002,12.2,18.6,2.7,307,16,13.0,19.9,2.7,306,14,13.0,19.9,2.7,306,14,0,28.13,0.6,0,0,0,43.2,45.7,48.0,0.38,0.43,0.29
BURD,2019-11-08 06:35:00 EST,42.41042,-76.77176,1863,21.4,21.4,9.5,93.6,19.8,0.000,0.007,0.00,0.002,10.8,18.1,2.4,307,14,11.8,18.2,2.5,305,15,11.8,18.2,2.5,305,15,0,28.13,0.6,0,0,0,43.2,45.7,48.1,0.38,0.43,0.29
BURD,2019-11-08 06:40:00 EST,42.41042,-76.77176,1863,21.2,21.2,7.9,93.1,19.5,0.000,0.007,0.00,0.002,13.7,22.5,3.2,305,14,14.7,24.6,3.1,303,13,14.7,24.6,3.1,303,13,1,28.13,0.6,0,0,0,43.3,45.7,48.0,0.38,0.42,0.29
BURD,2019-11-08 06:45:00 EST,42.41042,-76.77176,1863,21.1,21.2,8.0,92.1,19.2,0.000,0.007,0.00,0.000,13.2,21.1,2.9,311,16,14.2,25.1,3.1,311,14,14.2,25.1,3.1,311,14,2,28.13,0.6,0,0,0,43.2,45.7,48.1,0.38,0.43,0.29
BURD,2019-11-08 06:50:00 EST,42.41042,-76.77176,1863,20.9,21.0,8.3,91.9,19.0,0.000,0.007,0.00,0.000,12.1,18.7,2.4,306,13,13.1,18.9,2.5,306,13,13.1,18.9,2.5,306,13,4,28.14,0.6,0,0,0,43.2,45.7,48.0,0.38,0.42,0.29
BURD,2019-11-08 06:55:00 EST,42.41042,-76.77176,1863,20.8,20.9,7.5,92.0,18.9,0.000,0.007,0.00,0.000,13.6,23.9,3.3,306,11,14.4,24.2,3.4,306,11,14.4,24.2,3.4,306,11,5,28.14,0.6,0,0,0,43.2,45.7,47.9,0.38,0.42,0.29
BURD,2019-11-08 07:00:00 EST,42.41042,-76.77176,1863,20.7,20.8,8.0,91.8,18.7,0.000,0.007,0.00,0.000,12.2,18.0,2.5,304,13,13.1,21.5,2.7,302,12,13.1,21.5,2.7,302,12,8,28.14,0.6,0,0,0,43.2,45.7,48.0,0.38,0.42,0.29
BURD,2019-11-08 07:05:00 EST,42.41042,-76.77176,1863,20.6,20.8,8.0,91.7,18.6,0.000,0.007,0.00,0.000,11.8,19.8,2.8,303,11,12.8,20.9,3.0,301,11,12.8,20.9,3.0,301,11,12,28.14,0.6,0,0,0,43.2,45.7,48.0,0.38,0.42,0.29
BURD,2019-11-08 07:10:00 EST,42.41042,-76.77176,1863,20.6,20.7,7.2,91.5,18.5,0.000,0.007,0.00,0.000,13.4,18.3,2.5,304,12,14.3,19.7,2.5,304,11,14.3,19.7,2.5,304,11,15,28.14,0.6,0,0,0,43.2,45.7,48.0,0.38,0.42,0.29
BURD,2019-11-08 07:15:00 EST,42.41042,-76.77176,1863,20.5,20.7,6.3,90.8,18.3,0.000,0.007,0.00,0.000,15.4,22.1,2.7,304,11,16.3,21.9,2.6,303,9,16.3,21.9,2.6,303,9,16,28.14,0.5,0,0,0,43.2,45.7,48.0,0.38,0.42,0.29
BURD,2019-11-08 07:20:00 EST,42.41042,-76.77176,1863,20.4,20.6,7.1,90.1,17.9,0.000,0.007,0.00,0.000,13.2,20.2,3.0,304,11,14.2,22.6,3.0,304,10,14.2,22.6,3.0,304,10,19,28.15,0.6,0,0,0,43.2,45.7,48.0,0.38,0.42,0.29
BURD,2019-11-08 07:25:00 EST,42.41042,-76.77176,1863,20.4,20.6,6.4,90.4,18.0,0.000,0.007,0.00,0.000,14.8,23.9,2.8,306,10,15.7,23.9,2.7,306,10,15.7,23.9,2.7,306,10,26,28.15,0.5,0,0,0,43.2,45.7,48.0,0.38,0.42,0.29
BURD,2019-11-08 07:30:00 EST,42.41042,-76.77176,1863,20.4,20.5,6.9,90.3,18.0,0.000,0.007,0.00,0.000,13.7,18.3,2.0,307,11,14.6,19.4,2.0,306,11,14.6,19.4,2.0,306,11,34,28.15,0.6,0,0,0,43.1,45.7,48.0,0.38,0.42,0.29
BURD,2019-11-08 07:35:00 EST,42.41042,-76.77176,1863,20.3,20.5,6.6,90.3,18.0,0.000,0.007,0.00,0.000,14.0,22.3,4.1,301,15,15.2,22.6,3.8,300,12,15.2,22.6,3.8,300,12,35,28.15,0.6,0,0,0,43.0,45.7,48.0,0.38,0.42,0.29
BURD,2019-11-08 07:40:00 EST,42.41042,-76.77176,1863,20.2,20.4,7.8,90.0,17.7,0.000,0.007,0.00,0.000,11.3,18.2,3.0,304,12,12.4,19.4,3.0,303,11,12.4,19.4,3.0,303,11,39,28.16,0.6,0,0,0,43.1,45.7,48.0,0.38,0.42,0.29
BURD,2019-11-08 07:45:00 EST,42.41042,-76.77176,1863,20.3,20.5,6.1,90.0,17.8,0.000,0.007,0.00,0.000,15.1,21.7,2.8,305,13,16.0,22.7,2.8,305,13,16.0,22.7,2.8,305,13,56,28.16,0.7,0,0,0,43.1,45.7,48.0,0.38,0.42,0.29
BURD,2019-11-08 07:50:00 EST,42.41042,-76.77176,1863,20.4,20.5,7.7,90.4,18.0,0.000,0.007,0.00,0.000,11.9,18.4,2.2,302,11,12.8,19.9,2.4,302,9,12.8,19.9,2.4,302,9,74,28.16,0.6,0,0,0,43.0,45.7,47.9,0.38,0.42,0.29
BURD,2019-11-08 07:55:00 EST,42.41042,-76.77176,1863,20.4,20.5,7.1,90.8,18.2,0.000,0.007,0.00,0.000,13.6,20.2,2.6,302,10,14.3,22.2,2.9,302,10,14.3,22.2,2.9,302,10,83,28.16,0.6,0,0,0,43.0,45.7,48.0,0.38,0.42,0.29
BURD,2019-11-08 08:00:00 EST,42.41042,-76.77176,1863,20.4,20.4,7.0,90.6,18.1,0.000,0.007,0.00,0.000,13.9,21.3,3.1,308,11,14.5,21.4,3.1,308,12,14.5,21.4,3.1,308,12,94,28.17,0.6,0,0,0,43.0,45.6,48.0,0.38,0.42,0.29
BURD,2019-11-08 08:05:00 EST,42.41042,-76.77176,1863,20.4,20.4,7.4,90.4,18.0,0.000,0.007,0.00,0.000,12.8,17.4,2.4,304,9,13.5,18.8,2.5,304,10,13.5,18.8,2.5,304,10,79,28.17,0.6,0,0,0,43.0,45.7,48.0,0.38,0.42,0.29
BURD,2019-11-08 08:10:00 EST,42.41042,-76.77176,1863,20.3,20.3,6.9,90.6,18.0,0.000,0.007,0.00,0.000,13.7,19.6,2.6,304,11,14.4,21.1,2.6,304,12,14.4,21.1,2.6,304,12,108,28.17,0.6,0,0,0,43.0,45.7,48.0,0.38,0.42,0.29
BURD,2019-11-08 08:15:00 EST,42.41042,-76.77176,1863,20.4,20.4,7.2,90.1,17.9,0.000,0.007,0.00,0.000,12.8,19.1,2.9,304,13,13.9,21.7,3.2,304,12,13.9,21.7,3.2,304,12,101,28.17,0.6,0,0,0,42.9,45.6,47.9,0.38,0.42,0.29
BURD,2019-11-08 08:20:00 EST,42.41042,-76.77176,1863,20.4,20.4,6.7,90.1,18.0,0.000,0.007,0.00,0.000,14.0,21.7,3.2,308,17,15.1,23.0,3.3,311,14,15.1,23.0,3.3,311,14,124,28.17,0.6,0,0,0,42.9,45.7,48.0,0.38,0.42,0.29
BURD,2019-11-08 08:25:00 EST,42.41042,-76.77176,1863,20.5,20.4,6.6,90.0,18.0,0.000,0.007,0.00,0.000,14.6,22.9,3.4,305,10,15.4,22.9,3.3,306,12,15.4,22.9,3.3,306,12,108,28.17,0.6,0,0,0,42.9,45.7,47.9,0.38,0.42,0.29
BURD,2019-11-08 08:30:00 EST,42.41042,-76.77176,1863,20.5,20.4,6.3,90.1,18.1,0.000,0.007,0.00,0.000,15.1,22.1,2.9,304,10,16.2,22.8,2.9,304,8,16.2,22.8,2.9,304,8,106,28.17,0.6,0,0,0,42.9,45.6,47.9,0.38,0.42,0.29
BURD,2019-11-08 08:35:00 EST,42.41042,-76.77176,1863,20.5,20.5,5.9,89.1,17.9,0.000,0.007,0.00,0.000,16.3,26.2,4.6,304,11,17.4,28.0,4.6,304,11,17.4,28.0,4.6,304,11,153,28.17,0.6,0,0,0,42.9,45.5,47.9,0.38,0.42,0.29
BURD,2019-11-08 08:40:00 EST,42.41042,-76.77176,1863,20.6,20.5,6.1,88.8,17.8,0.000,0.007,0.00,0.000,16.2,24.1,3.6,305,12,17.0,27.2,3.7,306,11,17.0,27.2,3.7,306,11,125,28.18,0.6,0,0,0,42.9,45.5,47.9,0.38,0.42,0.29
BURD,2019-11-08 08:45:00 EST,42.41042,-76.77176,1863,20.6,20.5,6.4,88.3,17.7,0.000,0.007,0.00,0.000,15.6,23.9,3.2,306,12,16.5,23.1,3.1,306,12,16.5,23.1,3.1,306,12,171,28.18,0.6,0,0,0,42.8,45.6,47.9,0.38,0.42,0.29
BURD,2019-11-08 08:50:00 EST,42.41042,-76.77176,1863,20.9,20.7,8.0,89.2,18.2,0.000,0.007,0.00,0.000,12.9,20.5,3.2,308,11,13.5,22.2,3.1,309,13,13.5,22.2,3.1,309,13,182,28.18,0.6,0,0,0,42.8,45.5,47.9,0.38,0.42,0.29
BURD,2019-11-08 08:55:00 EST,42.41042,-76.77176,1863,20.8,20.6,6.8,89.0,18.1,0.000,0.007,0.00,0.000,14.9,22.1,3.3,300,13,16.1,23.5,3.4,302,11,16.1,23.5,3.4,302,11,103,28.18,0.6,0,0,0,42.9,45.6,48.0,0.38,0.42,0.29
BURD,2019-11-08 09:00:00 EST,42.41042,-76.77176,1863,20.6,20.6,6.4,87.5,17.5,0.000,0.007,0.00,0.000,15.3,21.9,3.3,299,11,16.5,24.8,3.5,299,9,16.5,24.8,3.5,299,9,172,28.18,0.7,0,0,0,42.8,45.5,47.9,0.38,0.41,0.29
BURD,2019-11-08 09:05:00 EST,42.41042,-76.77176,1863,20.9,20.7,6.6,85.6,17.2,0.000,0.007,0.00,0.000,15.4,21.5,3.3,302,13,16.7,24.9,3.4,304,12,16.7,24.9,3.4,304,12,219,28.18,0.8,0,0,0,42.9,45.5,47.9,0.38,0.41,0.29
BURD,2019-11-08 09:10:00 EST,42.41042,-76.77176,1863,20.9,20.7,6.8,85.1,17.1,0.000,0.007,0.00,0.000,15.0,21.6,2.9,305,17,16.3,23.7,2.9,306,14,16.3,23.7,2.9,306,14,168,28.18,0.6,0,0,0,42.8,45.4,47.9,0.38,0.41,0.29
BURD,2019-11-08 09:15:00 EST,42.41042,-76.77176,1863,20.8,20.7,7.0,84.6,16.8,0.000,0.007,0.00,0.000,14.0,22.6,3.4,303,14,15.4,24.9,3.6,303,12,15.4,24.9,3.6,303,12,168,28.18,0.6,0,0,0,42.8,45.4,47.8,0.38,0.41,0.29
BURD,2019-11-08 09:20:00 EST,42.41042,-76.77176,1863,20.9,20.8,7.5,84.5,17.0,0.000,0.007,0.00,0.000,13.6,20.9,2.7,310,12,14.7,19.8,2.8,313,11,14.7,19.8,2.8,313,11,212,28.18,0.6,0,0,0,42.8,45.5,48.0,0.38,0.41,0.29
BURD,2019-11-08 09:25:00 EST,42.41042,-76.77176,1863,20.9,20.8,7.6,85.1,17.2,0.000,0.007,0.00,0.000,13.4,22.3,3.6,311,14,14.6,23.0,3.6,313,15,14.6,23.0,3.6,313,15,183,28.19,0.6,0,0,0,42.8,45.4,47.9,0.38,0.41,0.29
BURD,2019-11-08 09:30:00 EST,42.41042,-76.77176,1863,20.8,20.7,7.1,82.1,16.2,0.000,0.007,0.00,0.000,14.6,21.0,3.2,312,16,15.5,21.4,3.0,313,16,15.5,21.4,3.0,313,16,156,28.19,0.6,0,0,0,42.8,45.5,47.9,0.38,0.41,0.29
BURD,2019-11-08 09:35:00 EST,42.41042,-76.77176,1863,20.8,20.6,8.1,83.6,16.6,0.000,0.007,0.00,0.000,12.0,20.8,3.0,313,19,13.3,21.1,2.9,314,17,13.3,21.1,2.9,314,17,146,28.19,0.6,0,0,0,42.8,45.5,47.9,0.38,0.41,0.29
BURD,2019-11-08 09:40:00 EST,42.41042,-76.77176,1863,21.0,20.8,9.1,85.2,17.3,0.000,0.007,0.00,0.000,10.7,19.2,3.0,308,16,11.8,22.2,3.1,305,16,11.8,22.2,3.1,305,16,142,28.19,0.6,0,0,0,42.8,45.4,47.9,0.38,0.41,0.29
BURD,2019-11-08 09:45:00 EST,42.41042,-76.77176,1863,21.1,20.8,8.1,82.8,16.7,0.000,0.007,0.00,0.000,13.4,19.6,2.9,306,10,14.0,20.1,2.8,303,10,14.0,20.1,2.8,303,10,238,28.19,0.6,0,0,0,42.7,45.4,47.9,0.38,0.41,0.29
BURD,2019-11-08 09:50:00 EST,42.41042,-76.77176,1863,21.1,20.8,8.1,81.8,16.4,0.000,0.007,0.00,0.000,12.9,20.5,3.5,307,16,13.8,23.2,3.6,306,15,13.8,23.2,3.6,306,15,177,28.19,0.6,0,0,0,42.7,45.4,47.9,0.38,0.40,0.29
BURD,2019-11-08 09:55:00 EST,42.41042,-76.77176,1863,20.8,20.6,7.1,82.3,16.2,0.000,0.007,0.00,0.000,14.3,21.2,2.9,306,14,15.1,22.2,2.9,305,13,15.1,22.2,2.9,305,13,147,28.20,0.6,0,0,0,42.7,45.5,47.9,0.38,0.40,0.29
BURD,2019-11-08 10:00:00 EST,42.41042,-76.77176,1863,21.0,20.8,9.0,82.6,16.6,0.000,0.007,0.00,0.000,11.0,17.1,2.5,313,17,11.9,17.8,2.4,311,15,11.9,17.8,2.4,311,15,232,28.20,0.6,0,0,0,42.7,45.4,47.9,0.38,0.40,0.29
BURD,2019-11-08 10:05:00 EST,42.41042,-76.77176,1863,20.9,20.7,9.1,81.1,16.1,0.000,0.007,0.00,0.000,10.6,19.9,3.6,314,14,11.5,20.4,3.6,314,15,11.5,20.4,3.6,314,15,228,28.20,0.6,0,0,0,42.7,45.4,47.9,0.38,0.41,0.29
BURD,2019-11-08 10:10:00 EST,42.41042,-76.77176,1863,21.0,20.7,8.7,80.1,15.8,0.000,0.007,0.00,0.000,11.8,19.4,3.4,311,16,12.4,21.0,3.5,310,15,12.4,21.0,3.5,310,15,230,28.20,0.6,0,0,0,42.7,45.4,47.8,0.38,0.40,0.29
BURD,2019-11-08 10:15:00 EST,42.41042,-76.77176,1863,21.4,21.0,8.2,79.6,16.1,0.000,0.007,0.00,0.000,13.6,23.5,3.7,308,17,14.5,23.8,3.7,309,17,14.5,23.8,3.7,309,17,368,28.20,0.6,0,0,0,42.6,45.4,47.9,0.38,0.40,0.29
BURD,2019-11-08 10:20:00 EST,42.41042,-76.77176,1863,21.5,21.1,8.6,77.9,15.7,0.000,0.007,0.00,0.000,13.4,21.5,3.2,310,12,14.1,21.2,3.2,309,13,14.1,21.2,3.2,309,13,330,28.20,0.6,0,0,0,42.7,45.4,47.9,0.38,0.40,0.29
BURD,2019-11-08 10:25:00 EST,42.41042,-76.77176,1863,21.2,20.9,9.0,79.5,15.8,0.000,0.007,0.00,0.000,11.3,20.1,3.0,315,16,12.3,20.4,2.9,315,17,12.3,20.4,2.9,315,17,160,28.20,0.7,0,0,0,42.7,45.4,47.8,0.38,0.40,0.29
BURD,2019-11-08 10:30:00 EST,42.41042,-76.77176,1863,20.9,20.7,9.2,79.8,15.6,0.000,0.007,0.00,0.000,10.4,17.3,2.6,324,19,11.2,17.7,2.7,326,17,11.2,17.7,2.7,326,17,136,28.21,0.6,0,0,0,42.6,45.4,47.8,0.38,0.40,0.29
BURD,2019-11-08 10:35:00 EST,42.41042,-76.77176,1863,21.1,20.9,9.7,80.7,16.1,0.000,0.007,0.00,0.000,10.3,16.2,2.6,306,16,11.0,16.8,2.6,304,15,11.0,16.8,2.6,304,15,201,28.21,0.7,0,0,0,42.6,45.4,47.8,0.38,0.40,0.29
BURD,2019-11-08 10:40:00 EST,42.41042,-76.77176,1863,21.5,21.2,10.2,79.5,16.1,0.000,0.007,0.00,0.000,9.9,14.3,2.5,306,14,10.7,16.6,2.7,303,13,10.7,16.6,2.7,303,13,254,28.21,0.7,0,0,0,42.6,45.4,47.8,0.38,0.40,0.29
BURD,2019-11-08 10:45:00 EST,42.41042,-76.77176,1863,21.6,21.3,11.0,80.7,16.6,0.000,0.007,0.00,0.000,8.7,15.1,2.7,317,21,9.8,16.6,2.8,316,23,9.8,16.6,2.8,316,23,192,28.21,0.7,0,0,0,42.6,45.4,47.8,0.38,0.40,0.29
BURD,2019-11-08 10:50:00 EST,42.41042,-76.77176,1863,21.4,21.1,9.8,78.0,15.6,0.000,0.007,0.00,0.000,10.7,16.4,2.5,321,21,11.4,17.4,2.6,322,18,11.4,17.4,2.6,322,18,209,28.21,0.7,0,0,0,42.6,45.4,47.8,0.38,0.40,0.29
BURD,2019-11-08 10:55:00 EST,42.41042,-76.77176,1863,21.4,21.2,9.8,77.1,15.3,0.000,0.007,0.00,0.000,10.5,15.3,2.3,309,13,11.4,16.2,2.4,309,15,11.4,16.2,2.4,309,15,198,28.21,0.7,0,0,0,42.6,45.5,47.8,0.38,0.40,0.29
BURD,2019-11-08 11:00:00 EST,42.41042,-76.77176,1863,21.5,21.2,9.1,76.7,15.3,0.000,0.007,0.00,0.000,12.3,19.9,3.5,310,18,13.0,20.8,3.4,308,14,13.0,20.8,3.4,308,14,239,28.21,0.7,0,0,0,42.6,45.4,47.8,0.38,0.40,0.29
BURD,2019-11-08 11:05:00 EST,42.41042,-76.77176,1863,21.4,21.1,9.3,75.8,14.9,0.000,0.007,0.00,0.000,11.6,17.5,2.5,310,13,12.3,18.8,2.5,310,13,12.3,18.8,2.5,310,13,224,28.21,0.7,0,0,0,42.6,45.4,47.8,0.38,0.40,0.29
BURD,2019-11-08 11:10:00 EST,42.41042,-76.77176,1863,21.4,21.1,9.9,77.6,15.5,0.000,0.007,0.00,0.000,10.7,16.0,2.8,313,14,11.2,16.8,2.7,315,14,11.2,16.8,2.7,315,14,269,28.21,0.8,0,0,0,42.6,45.4,47.9,0.38,0.40,0.29
BURD,2019-11-08 11:15:00 EST,42.41042,-76.77176,1863,21.9,21.5,9.2,76.1,15.5,0.000,0.007,0.00,0.000,13.1,20.1,2.9,312,16,13.9,20.5,3.0,309,16,13.9,20.5,3.0,309,16,341,28.21,0.7,0,0,0,42.6,45.4,47.8,0.38,0.40,0.29
BURD,2019-11-08 11:20:00 EST,42.41042,-76.77176,1863,21.6,21.3,10.5,76.6,15.4,0.000,0.007,0.00,0.000,9.8,18.3,3.4,317,20,10.5,19.8,3.3,319,18,10.5,19.8,3.3,319,18,205,28.21,0.6,0,0,0,42.6,45.4,47.8,0.38,0.40,0.29
BURD,2019-11-08 11:25:00 EST,42.41042,-76.77176,1863,21.6,21.3,10.0,76.9,15.4,0.000,0.007,0.00,0.000,10.7,16.3,2.7,309,13,11.5,17.2,2.8,307,14,11.5,17.2,2.8,307,14,264,28.21,0.6,0,0,0,42.6,45.4,47.8,0.38,0.40,0.29
BURD,2019-11-08 11:30:00 EST,42.41042,-76.77176,1863,21.5,21.3,10.2,77.0,15.4,0.000,0.007,0.00,0.000,10.4,16.9,3.1,313,14,11.0,18.8,3.1,312,14,11.0,18.8,3.1,312,14,205,28.21,0.7,0,0,0,42.6,45.4,47.8,0.38,0.40,0.29
BURD,2019-11-08 11:35:00 EST,42.41042,-76.77176,1863,21.4,21.2,10.3,80.0,16.2,0.000,0.007,0.00,0.000,9.6,14.0,1.7,310,14,10.4,15.3,1.8,309,15,10.4,15.3,1.8,309,15,112,28.21,0.6,0,0,0,42.5,45.3,47.8,0.38,0.40,0.29
BURD,2019-11-08 11:40:00 EST,42.41042,-76.77176,1863,21.3,21.1,8.8,79.3,15.9,0.000,0.007,0.00,0.000,12.4,21.4,4.4,305,14,13.2,23.0,4.4,304,14,13.2,23.0,4.4,304,14,196,28.21,0.5,0,0,0,42.5,45.4,47.8,0.38,0.40,0.29
BURD,2019-11-08 11:45:00 EST,42.41042,-76.77176,1863,21.4,21.1,9.5,78.1,15.6,0.000,0.007,0.00,0.000,10.9,15.9,2.6,306,19,11.9,18.9,2.8,304,17,11.9,18.9,2.8,304,17,255,28.21,0.6,0,0,0,42.5,45.3,47.8,0.38,0.40,0.29
BURD,2019-11-08 11:50:00 EST,42.41042,-76.77176,1863,22.0,21.6,11.9,78.3,16.3,0.000,0.007,0.00,0.000,8.2,13.2,2.3,309,16,9.1,16.5,2.5,307,17,9.1,16.5,2.5,307,17,310,28.21,0.3,0,0,0,42.6,45.4,47.8,0.38,0.40,0.29
BURD,2019-11-08 11:55:00 EST,42.41042,-76.77176,1863,21.9,21.6,9.6,76.7,15.7,0.000,0.007,0.00,0.000,12.0,18.3,2.5,305,13,12.9,20.4,2.7,303,12,12.9,20.4,2.7,303,12,149,28.21,0.5,0,0,0,42.5,45.4,47.8,0.38,0.39,0.29
BURD,2019-11-08 12:00:00 EST,42.41042,-76.77176,1863,21.5,21.4,9.7,76.9,15.4,0.000,0.007,0.00,0.000,10.9,19.0,3.6,310,22,11.9,19.3,3.6,310,22,11.9,19.3,3.6,310,22,141,28.21,0.6,0,0,0,42.5,45.4,47.8,0.38,0.40,0.29
BURD,2019-11-08 12:05:00 EST,42.41042,-76.77176,1863,21.5,21.3,10.1,77.0,15.4,0.000,0.007,0.00,0.000,10.5,18.0,2.9,307,14,11.1,18.7,2.8,305,14,11.1,18.7,2.8,305,14,168,28.21,0.5,0,0,0,42.6,45.4,47.8,0.38,0.39,0.29
BURD,2019-11-08 12:10:00 EST,42.41042,-76.77176,1863,21.6,21.3,10.9,77.4,15.6,0.000,0.007,0.00,0.000,9.2,15.7,2.4,312,14,9.8,17.3,2.6,311,14,9.8,17.3,2.6,311,14,187,28.20,0.8,0,0,0,42.6,45.3,47.8,0.38,0.39,0.29
BURD,2019-11-08 12:15:00 EST,42.41042,-76.77176,1863,21.9,21.6,11.2,76.1,15.5,0.000,0.007,0.00,0.000,9.2,13.9,1.8,300,14,10.1,15.7,2.1,298,14,10.1,15.7,2.1,298,14,251,28.20,0.7,0,0,0,42.6,45.4,47.8,0.38,0.40,0.29
BURD,2019-11-08 12:20:00 EST,42.41042,-76.77176,1863,22.1,21.8,11.0,74.8,15.4,0.000,0.007,0.00,0.000,9.7,14.0,2.3,291,15,10.9,14.8,2.5,290,13,10.9,14.8,2.5,290,13,203,28.20,0.9,0,0,0,42.5,45.4,47.8,0.38,0.39,0.29
BURD,2019-11-08 12:25:00 EST,42.41042,-76.77176,1863,22.3,22.0,12.0,74.3,15.3,0.000,0.007,0.00,0.000,8.7,13.5,2.5,321,18,9.5,15.5,2.5,321,20,9.5,15.5,2.5,321,20,257,28.20,1.0,0,0,0,42.5,45.4,47.8,0.38,0.39,0.29
BURD,2019-11-08 12:30:00 EST,42.41042,-76.77176,1863,22.3,22.1,10.7,74.0,15.3,0.000,0.007,0.00,0.000,10.7,16.5,2.7,311,13,11.8,18.1,2.4,309,14,11.8,18.1,2.4,309,14,145,28.20,1.1,0,0,0,42.5,45.5,47.8,0.38,0.40,0.29
BURD,2019-11-08 12:35:00 EST,42.41042,-76.77176,1863,21.9,21.7,11.3,77.0,15.8,0.000,0.007,0.00,0.000,9.1,13.4,1.8,311,16,9.8,14.0,1.9,312,17,9.8,14.0,1.9,312,17,154,28.20,,0,0,0,42.5,45.4,47.8,0.38,0.39,0.29
BURD,2019-11-08 12:40:00 EST,42.41042,-76.77176,1863,22.1,21.8,11.8,76.9,16.0,0.000,0.007,0.00,0.000,8.7,13.2,2.0,309,16,9.4,14.7,2.0,307,15,9.4,14.7,2.0,307,15,177,28.20,,0,0,0,42.5,45.3,47.8,0.38,0.40,0.29
BURD,2019-11-08 12:45:00 EST,42.41042,-76.77176,1863,22.1,21.8,11.0,76.0,15.7,0.000,0.007,0.00,0.000,9.9,15.3,2.2,303,13,10.8,16.2,2.2,301,11,10.8,16.2,2.2,301,11,210,28.20,1.0,0,0,0,42.6,45.4,47.8,0.38,0.39,0.29
BURD,2019-11-08 12:50:00 EST,42.41042,-76.77176,1863,22.5,22.1,11.6,73.0,15.2,0.000,0.007,0.00,0.000,9.9,16.1,2.8,301,14,10.6,17.0,2.9,299,12,10.6,17.0,2.9,299,12,335,28.20,0.9,0,0,0,42.5,45.3,47.8,0.38,0.39,0.29
BURD,2019-11-08 12:55:00 EST,42.41042,-76.77176,1863,22.3,22.0,11.8,72.9,14.9,0.000,0.007,0.00,0.000,9.2,14.9,2.8,312,15,10.0,15.6,2.9,313,16,10.0,15.6,2.9,313,16,279,28.20,1.1,0,0,0,42.6,45.4,47.7,0.38,0.39,0.29
BURD,2019-11-08 13:00:00 EST,42.41042,-76.77176,1863,22.5,22.1,12.9,74.0,15.5,0.000,0.007,0.00,0.000,7.8,11.3,1.5,319,14,8.5,12.3,1.7,319,14,8.5,12.3,1.7,319,14,178,28.20,0.8,0,0,0,42.5,45.4,47.8,0.38,0.39,0.29
BURD,2019-11-08 13:05:00 EST,42.41042,-76.77176,1863,22.6,22.3,13.3,76.6,16.4,0.000,0.007,0.00,0.000,7.3,15.3,2.7,306,16,8.2,17.1,3.0,305,16,8.2,17.1,3.0,305,16,158,28.20,0.8,0,0,0,42.5,45.4,47.7,0.38,0.39,0.29
BURD,2019-11-08 13:10:00 EST,42.41042,-76.77176,1863,22.3,22.0,11.8,78.4,16.6,0.000,0.007,0.00,0.000,9.0,14.5,2.4,297,17,9.8,17.2,2.7,295,13,9.8,17.2,2.7,295,13,160,28.20,0.9,0,0,0,42.4,45.4,47.8,0.38,0.39,0.29
BURD,2019-11-08 13:15:00 EST,42.41042,-76.77176,1863,22.4,22.2,11.4,75.9,16.0,0.000,0.007,0.00,0.000,9.9,15.3,2.0,306,13,10.8,16.5,2.2,304,15,10.8,16.5,2.2,304,15,338,28.20,1.0,0,0,0,42.5,45.4,47.8,0.38,0.39,0.29
BURD,2019-11-08 13:20:00 EST,42.41042,-76.77176,1863,23.3,22.8,11.7,71.2,15.3,0.000,0.007,0.00,0.000,11.6,17.4,3.1,310,14,12.4,18.3,3.1,309,14,12.4,18.3,3.1,309,14,405,28.20,0.8,0,0,0,42.6,45.4,47.7,0.38,0.39,0.29
BURD,2019-11-08 13:25:00 EST,42.41042,-76.77176,1863,23.2,22.8,13.6,71.0,15.2,0.000,0.007,0.00,0.000,8.0,11.8,1.6,301,19,8.7,13.5,1.8,299,18,8.7,13.5,1.8,299,18,283,28.20,0.8,0,0,0,42.5,45.4,47.8,0.38,0.39,0.29
BURD,2019-11-08 13:30:00 EST,42.41042,-76.77176,1863,23.5,23.1,13.2,70.9,15.5,0.000,0.007,0.00,0.000,9.2,17.5,2.2,308,15,10.0,19.0,2.4,307,14,10.0,19.0,2.4,307,14,352,28.20,0.7,0,0,0,42.5,45.4,47.7,0.38,0.39,0.29
BURD,2019-11-08 13:35:00 EST,42.41042,-76.77176,1863,23.5,23.0,12.9,68.2,14.5,0.000,0.007,0.00,0.000,9.8,15.8,2.3,303,12,10.5,15.9,2.5,301,12,10.5,15.9,2.5,301,12,402,28.20,0.7,0,0,0,42.5,45.3,47.7,0.38,0.39,0.29
BURD,2019-11-08 13:40:00 EST,42.41042,-76.77176,1863,23.5,23.0,11.4,68.1,14.5,0.000,0.007,0.00,0.000,12.2,17.1,2.2,305,13,13.2,18.9,2.6,304,11,13.2,18.9,2.6,304,11,258,28.20,0.7,0,0,0,42.6,45.4,47.7,0.38,0.39,0.29
BURD,2019-11-08 13:45:00 EST,42.41042,-76.77176,1863,22.9,22.7,11.1,68.5,14.1,0.000,0.007,0.00,0.000,11.4,16.8,2.7,310,14,12.5,19.0,2.9,309,16,12.5,19.0,2.9,309,16,213,28.20,0.7,0,0,0,42.5,45.4,47.8,0.38,0.39,0.29
BURD,2019-11-08 13:50:00 EST,42.41042,-76.77176,1863,22.9,22.7,11.9,69.5,14.4,0.000,0.007,0.00,0.000,10.7,17.3,2.5,314,12,11.1,18.7,2.8,314,12,11.1,18.7,2.8,314,12,232,28.20,0.7,0,0,0,42.5,45.4,47.8,0.38,0.39,0.29
BURD,2019-11-08 13:55:00 EST,42.41042,-76.77176,1863,22.5,22.3,10.6,71.0,14.5,0.000,0.007,0.00,0.000,11.5,18.6,2.8,303,14,12.4,19.1,2.9,301,15,12.4,19.1,2.9,301,15,128,28.20,0.7,0,0,0,42.5,45.4,47.7,0.38,0.39,0.29
BURD,2019-11-08 14:00:00 EST,42.41042,-76.77176,1863,22.3,22.2,12.2,72.0,14.7,0.000,0.007,0.00,0.000,8.5,16.0,2.3,311,17,9.3,15.8,2.2,309,16,9.3,15.8,2.2,309,16,110,28.20,0.7,0,0,0,42.5,45.4,47.7,0.38,0.39,0.29
BURD,2019-11-08 14:05:00 EST,42.41042,-76.77176,1863,22.2,22.1,10.8,71.8,14.5,0.000,0.007,0.00,0.000,10.6,14.9,2.6,311,16,11.4,17.0,2.6,310,18,11.4,17.0,2.6,310,18,111,28.20,0.8,0,0,0,42.5,45.4,47.7,0.37,0.39,0.29
BURD,2019-11-08 14:10:00 EST,42.41042,-76.77176,1863,22.2,22.1,11.9,72.9,14.9,0.000,0.007,0.00,0.000,9.1,14.5,2.1,309,9,9.6,15.1,2.0,308,9,9.6,15.1,2.0,308,9,116,28.20,0.7,0,0,0,42.6,45.4,47.8,0.37,0.39,0.29
BURD,2019-11-08 14:15:00 EST,42.41042,-76.77176,1863,22.2,22.1,10.6,75.5,15.6,0.000,0.007,0.00,0.000,10.9,19.6,3.5,304,14,11.7,21.3,3.5,304,13,11.7,21.3,3.5,304,13,214,28.20,0.7,0,0,0,42.6,45.3,47.6,0.38,0.39,0.29
BURD,2019-11-08 14:20:00 EST,42.41042,-76.77176,1863,22.3,22.2,9.9,73.3,15.1,0.000,0.007,0.00,0.000,12.7,18.3,2.3,304,12,13.4,19.8,2.3,303,11,13.4,19.8,2.3,303,11,211,28.20,0.8,0,0,0,42.5,45.3,47.6,0.37,0.39,0.29
BURD,2019-11-08 14:25:00 EST,42.41042,-76.77176,1863,23.1,22.8,11.5,71.5,15.3,0.000,0.007,0.00,0.000,11.5,16.6,2.2,302,13,12.2,16.6,2.2,299,10,12.2,16.6,2.2,299,10,405,28.20,0.8,0,0,0,42.5,45.3,47.6,0.37,0.39,0.29
BURD,2019-11-08 14:30:00 EST,42.41042,-76.77176,1863,23.5,23.1,12.1,70.9,15.4,0.000,0.007,0.00,0.000,10.7,16.2,2.9,297,15,11.9,18.0,2.8,295,12,11.9,18.0,2.8,295,12,283,28.20,0.7,0,0,0,42.6,45.3,47.6,0.38,0.39,0.29
BURD,2019-11-08 14:35:00 EST,42.41042,-76.77176,1863,22.7,22.6,10.6,70.8,14.7,0.000,0.007,0.00,0.000,12.2,19.7,2.8,309,16,13.2,20.4,2.9,308,16,13.2,20.4,2.9,308,16,123,28.21,0.7,0,0,0,42.6,45.3,47.8,0.38,0.39,0.29
BURD,2019-11-08 14:40:00 EST,42.41042,-76.77176,1863,22.3,22.2,9.5,71.3,14.4,0.000,0.007,0.00,0.000,13.3,20.8,2.8,304,9,14.2,21.9,3.1,303,8,14.2,21.9,3.1,303,8,107,28.21,0.7,0,0,0,42.5,45.3,47.7,0.38,0.39,0.29
BURD,2019-11-08 14:45:00 EST,42.41042,-76.77176,1863,22.3,22.2,11.5,71.3,14.4,0.000,0.007,0.00,0.000,9.5,15.1,2.4,316,18,10.3,17.2,2.5,316,15,10.3,17.2,2.5,316,15,145,28.21,0.7,0,0,0,42.5,45.3,47.8,0.38,0.39,0.29
BURD,2019-11-08 14:50:00 EST,42.41042,-76.77176,1863,22.3,22.1,10.8,72.9,14.9,0.000,0.007,0.00,0.000,10.6,16.2,2.8,304,11,11.5,17.9,3.0,303,11,11.5,17.9,3.0,303,11,130,28.21,0.7,0,0,0,42.5,45.4,47.8,0.37,0.39,0.29
BURD,2019-11-08 14:55:00 EST,42.41042,-76.77176,1863,22.0,21.9,12.1,73.0,14.7,0.000,0.007,0.00,0.000,8.1,12.9,1.8,320,17,8.8,15.2,2.2,320,18,8.8,15.2,2.2,320,18,106,28.21,0.7,0,0,0,42.5,45.3,47.5,0.37,0.39,0.29
BURD,2019-11-08 15:00:00 EST,42.41042,-76.77176,1863,22.6,22.4,11.7,72.7,15.2,0.000,0.007,0.00,0.000,9.9,19.9,3.2,307,12,10.5,20.7,3.0,306,14,10.5,20.7,3.0,306,14,292,28.21,0.6,0,0,0,42.5,45.3,47.6,0.37,0.39,0.29
BURD,2019-11-08 15:05:00 EST,42.41042,-76.77176,1863,22.7,22.5,10.8,70.2,14.5,0.000,0.007,0.00,0.000,11.6,19.7,3.3,315,18,12.6,20.6,3.4,313,16,12.6,20.6,3.4,313,16,177,28.21,0.7,0,0,0,42.5,45.3,47.6,0.37,0.39,0.29
BURD,2019-11-08 15:10:00 EST,42.41042,-76.77176,1863,22.7,22.6,11.4,69.4,14.1,0.000,0.007,0.00,0.000,10.7,18.0,2.9,307,15,11.3,19.6,3.1,305,15,11.3,19.6,3.1,305,15,191,28.21,0.7,0,0,0,42.5,45.3,47.7,0.37,0.39,0.29
BURD,2019-11-08 15:15:00 EST,42.41042,-76.77176,1863,22.8,22.6,11.3,68.2,13.9,0.000,0.007,0.00,0.000,11.0,17.0,2.6,303,14,11.8,18.0,2.4,303,12,11.8,18.0,2.4,303,12,250,28.21,0.7,0,0,0,42.5,45.2,47.6,0.37,0.39,0.29
BURD,2019-11-08 15:20:00 EST,42.41042,-76.77176,1863,22.8,22.7,11.4,69.0,14.2,0.000,0.007,0.00,0.000,11.1,17.2,2.7,307,14,11.7,17.8,2.6,305,12,11.7,17.8,2.6,305,12,156,28.21,0.7,0,0,0,42.5,45.3,47.7,0.37,0.39,0.29
BURD,2019-11-08 15:25:00 EST,42.41042,-76.77176,1863,22.5,22.4,11.2,69.4,14.0,0.000,0.007,0.00,0.000,10.5,16.6,2.5,300,13,11.2,16.4,2.7,299,11,11.2,16.4,2.7,299,11,140,28.21,0.7,0,0,0,42.5,45.2,47.7,0.37,0.39,0.29
BURD,2019-11-08 15:30:00 EST,42.41042,-76.77176,1863,22.5,22.4,11.0,69.4,14.0,0.000,0.007,0.00,0.000,10.9,18.9,3.1,314,17,11.7,19.9,3.0,315,18,11.7,19.9,3.0,315,18,170,28.21,0.7,0,0,0,42.5,45.2,47.6,0.38,0.39,0.29
BURD,2019-11-08 15:35:00 EST,42.41042,-76.77176,1863,22.6,22.4,11.8,69.7,14.1,0.000,0.007,0.00,0.000,9.6,18.2,3.3,315,15,10.4,17.4,3.0,315,15,10.4,17.4,3.0,315,15,107,28.21,0.6,0,0,0,42.5,45.2,47.6,0.37,0.39,0.29
BURD,2019-11-08 15:40:00 EST,42.41042,-76.77176,1863,22.2,22.2,10.6,69.9,13.9,0.000,0.007,0.00,0.000,11.3,16.6,2.4,314,14,11.8,17.0,2.4,314,14,11.8,17.0,2.4,314,14,83,28.21,0.7,0,0,0,42.5,45.2,47.6,0.37,0.39,0.29
BURD,2019-11-08 15:45:00 EST,42.41042,-76.77176,1863,22.2,22.2,12.2,71.7,14.5,0.000,0.007,0.00,0.000,8.4,13.7,1.8,310,16,9.1,14.1,1.9,308,16,9.1,14.1,1.9,308,16,78,28.22,0.6,0,0,0,42.5,45.2,47.7,0.37,0.39,0.29
BURD,2019-11-08 15:50:00 EST,42.41042,-76.77176,1863,22.2,22.1,10.1,71.2,14.2,0.000,0.007,0.00,0.000,11.8,17.4,2.6,303,11,12.5,19.6,2.8,302,12,12.5,19.6,2.8,302,12,63,28.22,0.6,0,0,0,42.5,45.2,47.6,0.37,0.39,0.29
BURD,2019-11-08 15:55:00 EST,42.41042,-76.77176,1863,22.0,22.1,11.0,70.9,14.0,0.000,0.007,0.00,0.000,10.1,16.8,2.7,308,16,10.7,19.3,2.9,306,16,10.7,19.3,2.9,306,16,62,28.22,0.6,0,0,0,42.5,45.2,47.6,0.38,0.39,0.29
BURD,2019-11-08 16:00:00 EST,42.41042,-76.77176,1863,22.0,22.0,10.5,70.9,14.0,0.000,0.007,0.00,0.000,10.7,14.7,1.9,304,10,11.4,15.4,1.9,303,10,11.4,15.4,1.9,303,10,54,28.22,0.6,0,0,0,42.4,45.2,47.6,0.37,0.39,0.29
BURD,2019-11-08 16:05:00 EST,42.41042,-76.77176,1863,21.9,22.0,11.5,72.1,14.3,0.000,0.007,0.00,0.000,8.9,13.5,1.9,313,18,9.7,14.7,1.9,311,17,9.7,14.7,1.9,311,17,43,28.22,0.6,0,0,0,42.5,45.2,47.7,0.37,0.39,0.29
BURD,2019-11-08 16:10:00 EST,42.41042,-76.77176,1863,21.9,21.9,11.1,73.2,14.6,0.000,0.007,0.00,0.000,9.5,14.1,2.3,307,18,10.2,15.5,2.3,307,19,10.2,15.5,2.3,307,19,35,28.22,0.6,0,0,0,42.5,45.2,47.6,0.38,0.39,0.29
BURD,2019-11-08 16:15:00 EST,42.41042,-76.77176,1863,21.8,21.9,12.3,74.1,14.8,0.000,0.007,0.00,0.000,7.5,12.0,2.2,310,14,8.2,13.2,2.2,309,13,8.2,13.2,2.2,309,13,25,28.22,0.6,0,0,0,42.5,45.2,47.8,0.38,0.39,0.29
BURD,2019-11-08 16:20:00 EST,42.41042,-76.77176,1863,21.8,21.9,12.3,74.8,15.1,0.000,0.007,0.00,0.000,7.6,14.8,2.7,306,16,8.2,16.0,2.7,304,15,8.2,16.0,2.7,304,15,15,28.22,0.6,0,0,0,42.5,45.1,47.6,0.38,0.39,0.29
BURD,2019-11-08 16:25:00 EST,42.41042,-76.77176,1863,21.8,21.9,11.7,74.5,15.0,0.000,0.007,0.00,0.000,8.5,14.0,2.3,320,14,9.1,14.7,2.2,320,16,9.1,14.7,2.2,320,16,12,28.22,0.7,0,0,0,42.5,45.2,47.8,0.38,0.38,0.29
BURD,2019-11-08 16:30:00 EST,42.41042,-76.77176,1863,21.9,21.9,12.9,74.6,15.0,0.000,0.007,0.00,0.000,6.7,11.9,1.9,328,21,7.5,12.2,2.0,327,19,7.5,12.2,2.0,327,19,14,28.23,0.7,0,0,0,42.5,45.1,47.7,0.38,0.38,0.29
BURD,2019-11-08 16:35:00 EST,42.41042,-76.77176,1863,21.7,21.8,12.6,74.7,14.9,0.000,0.007,0.00,0.000,6.9,11.8,2.3,317,18,7.7,13.4,2.3,318,20,7.7,13.4,2.3,318,20,15,28.23,0.6,0,0,0,42.5,45.1,47.7,0.38,0.38,0.29
BURD,2019-11-08 16:40:00 EST,42.41042,-76.77176,1863,21.5,21.7,11.1,73.6,14.4,0.000,0.007,0.00,0.000,8.6,12.3,1.8,310,11,9.3,14.0,1.9,309,12,9.3,14.0,1.9,309,12,15,28.23,0.6,0,0,0,42.5,45.1,47.5,0.38,0.38,0.29
BURD,2019-11-08 16:45:00 EST,42.41042,-76.77176,1863,21.4,21.7,12.4,74.1,14.4,0.000,0.007,0.00,0.000,6.9,11.9,1.7,319,15,7.4,12.0,1.6,319,15,7.4,12.0,1.6,319,15,13,28.23,0.6,0,0,0,42.5,45.1,47.6,0.37,0.38,0.29
BURD,2019-11-08 16:50:00 EST,42.41042,-76.77176,1863,21.4,21.7,11.1,72.2,13.9,0.000,0.007,0.00,0.000,8.7,13.5,2.1,316,14,9.2,14.2,2.1,317,15,9.2,14.2,2.1,317,15,9,28.23,0.6,0,0,0,42.4,45.1,47.6,0.38,0.38,0.29
BURD,2019-11-08 16:55:00 EST,42.41042,-76.77176,1863,21.1,21.5,11.7,74.1,14.2,0.000,0.007,0.00,0.000,7.2,10.2,1.4,310,13,7.9,11.2,1.6,308,13,7.9,11.2,1.6,308,13,4,28.23,0.6,0,0,0,42.5,45.1,47.6,0.38,0.37,0.29
BURD,2019-11-08 17:00:00 EST,42.41042,-76.77176,1863,21.1,21.4,12.3,73.9,14.1,0.000,0.007,0.00,0.000,6.6,10.2,1.4,313,11,7.1,10.6,1.5,314,11,7.1,10.6,1.5,314,11,3,28.24,0.6,0,0,0,42.5,45.1,47.7,0.38,0.37,0.29
BURD,2019-11-08 17:05:00 EST,42.41042,-76.77176,1863,20.9,21.3,10.9,73.7,13.8,0.000,0.007,0.00,0.000,7.8,12.8,1.9,314,15,8.6,12.5,1.9,311,14,8.6,12.5,1.9,311,14,1,28.24,0.6,0,0,0,42.5,45.1,47.6,0.38,0.37,0.29
BURD,2019-11-08 17:10:00 EST,42.41042,-76.77176,1863,20.9,21.3,10.7,72.2,13.3,0.000,0.007,0.00,0.000,8.2,12.0,1.7,310,12,8.8,12.4,1.8,307,12,8.8,12.4,1.8,307,12,1,28.24,0.6,0,0,0,42.4,45.1,47.6,0.38,0.37,0.29
BURD,2019-11-08 17:15:00 EST,42.41042,-76.77176,1863,20.8,21.2,11.5,72.0,13.2,0.000,0.007,0.00,0.000,7.1,11.2,1.9,312,14,7.6,11.3,1.9,312,12,7.6,11.3,1.9,312,12,0,28.24,0.6,0,0,0,42.4,45.2,47.5,0.38,0.37,0.29
BURD,2019-11-08 17:20:00 EST,42.41042,-76.77176,1863,20.8,21.2,11.2,71.7,13.1,0.000,0.007,0.00,0.000,7.3,11.4,1.7,316,21,7.9,12.4,1.7,315,18,7.9,12.4,1.7,315,18,0,28.24,0.6,0,0,0,42.4,45.1,47.6,0.38,0.37,0.29
BURD,2019-11-08 17:25:00 EST,42.41042,-76.77176,1863,20.7,21.2,10.5,71.6,13.0,0.000,0.007,0.00,0.000,8.3,15.3,2.6,309,9,8.8,15.2,2.5,309,9,8.8,15.2,2.5,309,9,0,28.24,0.6,0,0,0,42.5,45.1,47.6,0.38,0.36,0.29
BURD,2019-11-08 17:30:00 EST,42.41042,-76.77176,1863,20.5,21.1,10.9,72.5,13.0,0.000,0.007,0.00,0.000,7.2,10.8,1.3,310,10,7.9,11.1,1.5,309,9,7.9,11.1,1.5,309,9,0,28.24,0.6,0,0,0,42.3,45.1,47.6,0.38,0.36,0.29
BURD,2019-11-08 17:35:00 EST,42.41042,-76.77176,1863,20.3,20.9,11.4,73.2,13.1,0.000,0.007,0.00,0.000,6.3,9.6,1.3,313,17,7.0,11.9,1.4,312,17,7.0,11.9,1.4,312,17,0,28.24,0.6,0,0,0,42.5,45.1,47.5,0.38,0.37,0.29
BURD,2019-11-08 17:40:00 EST,42.41042,-76.77176,1863,20.4,21.0,11.5,72.8,13.1,0.000,0.007,0.00,0.000,6.4,9.6,1.1,314,10,7.0,11.0,1.3,312,11,7.0,11.0,1.3,312,11,0,28.24,0.6,0,0,0,42.4,45.1,47.6,0.37,0.37,0.29
BURD,2019-11-08 17:45:00 EST,42.41042,-76.77176,1863,20.1,20.7,11.3,74.2,13.2,0.000,0.007,0.00,0.000,6.2,10.1,1.5,311,12,6.7,10.9,1.5,311,13,6.7,10.9,1.5,311,13,0,28.25,0.7,0,0,0,42.5,45.1,47.6,0.38,0.37,0.29
BURD,2019-11-08 17:50:00 EST,42.41042,-76.77176,1863,19.9,20.6,11.7,75.6,13.4,0.000,0.007,0.00,0.000,5.5,11.3,1.5,311,9,6.1,11.2,1.5,310,11,6.1,11.2,1.5,310,11,0,28.25,0.7,0,0,0,42.5,45.1,47.6,0.37,0.37,0.29
BURD,2019-11-08 17:55:00 EST,42.41042,-76.77176,1863,20.0,20.7,10.6,75.5,13.5,0.000,0.007,0.00,0.000,6.7,9.8,1.3,310,10,7.5,10.8,1.3,309,10,7.5,10.8,1.3,309,10,0,28.25,0.6,0,0,0,42.5,45.1,47.6,0.38,0.37,0.29
BURD,2019-11-08 18:00:00 EST,42.41042,-76.77176,1863,19.8,20.6,10.9,74.9,13.2,0.000,0.007,0.00,0.000,6.4,9.1,1.0,308,11,6.9,10.4,1.1,308,11,6.9,10.4,1.1,308,11,0,28.25,0.5,0,0,0,42.4,45.1,47.6,0.37,0.36,0.29
BURD,2019-11-08 18:05:00 EST,42.41042,-76.77176,1863,19.7,20.5,11.2,75.1,13.1,0.000,0.007,0.00,0.000,5.8,8.6,1.3,312,14,6.4,9.6,1.4,312,14,6.4,9.6,1.4,312,14,0,28.25,0.6,0,0,0,42.4,45.1,47.5,0.37,0.36,0.29
BURD,2019-11-08 18:10:00 EST,42.41042,-76.77176,1863,20.0,20.7,10.6,74.4,13.2,0.000,0.007,0.00,0.000,7.1,10.3,1.3,310,10,7.6,11.9,1.5,309,11,7.6,11.9,1.5,309,11,0,28.25,0.6,0,0,0,42.4,45.1,47.6,0.37,0.36,0.29
BURD,2019-11-08 18:15:00 EST,42.41042,-76.77176,1863,20.0,20.6,10.9,74.7,13.2,0.000,0.007,0.00,0.000,6.6,8.8,0.9,308,8,7.1,9.3,1.0,307,9,7.1,9.3,1.0,307,9,0,28.26,0.6,0,0,0,42.4,45.1,47.6,0.37,0.36,0.29
BURD,2019-11-08 18:20:00 EST,42.41042,-76.77176,1863,19.6,20.5,10.9,75.8,13.2,0.000,0.007,0.00,0.000,6.1,7.9,1.0,310,9,6.6,9.2,1.1,308,9,6.6,9.2,1.1,308,9,0,28.26,0.5,0,0,0,42.3,45.1,47.6,0.37,0.36,0.29
BURD,2019-11-08 18:25:00 EST,42.41042,-76.77176,1863,19.6,20.4,10.6,75.8,13.2,0.000,0.007,0.00,0.000,6.2,9.4,1.2,311,9,6.9,10.3,1.1,311,11,6.9,10.3,1.1,311,11,0,28.26,0.6,0,0,0,42.4,45.1,47.6,0.37,0.36,0.29
BURD,2019-11-08 18:30:00 EST,42.41042,-76.77176,1863,19.7,20.5,11.0,75.5,13.2,0.000,0.007,0.00,0.000,6.2,8.5,1.2,311,12,6.7,9.3,1.2,312,11,6.7,9.3,1.2,312,11,0,28.26,0.5,0,0,0,42.4,45.1,47.6,0.37,0.36,0.29
BURD,2019-11-08 18:35:00 EST,42.41042,-76.77176,1863,19.2,20.3,11.6,76.6,13.1,0.000,0.007,0.00,0.000,4.8,6.5,0.8,313,8,5.4,7.6,1.0,312,10,5.4,7.6,1.0,312,10,0,28.26,0.5,0,0,0,42.5,45.1,47.5,0.37,0.36,0.29
BURD,2019-11-08 18:40:00 EST,42.41042,-76.77176,1863,19.4,20.3,11.8,77.4,13.5,0.000,0.007,0.00,0.000,4.9,7.1,0.9,320,12,5.4,8.5,1.1,319,12,5.4,8.5,1.1,319,12,0,28.26,0.7,0,0,0,42.4,45.2,47.6,0.37,0.36,0.29
BURD,2019-11-08 18:45:00 EST,42.41042,-76.77176,1863,19.3,20.2,12.3,76.8,13.2,0.000,0.007,0.00,0.000,4.4,6.7,1.0,315,10,4.9,7.2,1.1,316,11,4.9,7.2,1.1,316,11,0,28.26,0.5,0,0,0,42.3,45.1,47.6,0.37,0.36,0.29
BURD,2019-11-08 18:50:00 EST,42.41042,-76.77176,1863,19.1,20.1,11.5,77.1,13.1,0.000,0.007,0.00,0.000,4.8,7.0,0.9,313,11,5.3,8.3,1.0,312,13,5.3,8.3,1.0,312,13,0,28.26,0.6,0,0,0,42.3,45.1,47.6,0.37,0.36,0.29
BURD,2019-11-08 18:55:00 EST,42.41042,-76.77176,1863,18.6,20.0,12.0,78.4,13.0,0.000,0.007,0.00,0.000,4.0,5.7,0.7,314,9,4.5,6.3,0.8,313,9,4.5,6.3,0.8,313,9,0,28.26,0.6,0,0,0,42.4,45.1,47.6,0.37,0.36,0.29
BURD,2019-11-08 19:00:00 EST,42.41042,-76.77176,1863,18.6,19.7,14.1,79.3,13.2,0.000,0.007,0.00,0.000,2.8,4.8,0.9,305,15,3.0,5.5,1.0,304,12,3.0,5.5,1.0,304,12,0,28.26,0.6,0,0,0,42.4,45.1,47.6,0.37,0.36,0.29
BURD,2019-11-08 19:05:00 EST,42.41042,-76.77176,1863,18.6,19.5,13.4,80.5,13.6,0.000,0.007,0.00,0.000,3.2,4.7,0.8,297,12,3.4,5.3,0.9,298,11,3.4,5.3,0.9,298,11,0,28.26,0.6,0,0,0,42.4,45.1,47.6,0.37,0.36,0.29
BURD,2019-11-08 19:10:00 EST,42.41042,-76.77176,1863,18.4,19.6,12.6,80.8,13.5,0.000,0.007,0.00,0.000,3.5,4.7,0.6,310,9,3.9,5.4,0.8,309,10,3.9,5.4,0.8,309,10,0,28.26,0.5,0,0,0,42.4,45.1,47.6,0.37,0.36,0.29
BURD,2019-11-08 19:15:00 EST,42.41042,-76.77176,1863,18.1,19.5,11.7,82.6,13.7,0.000,0.007,0.00,0.000,3.9,6.2,0.9,307,8,4.3,6.8,1.1,306,8,4.3,6.8,1.1,306,8,0,28.26,0.5,0,0,0,42.4,45.1,47.6,0.37,0.36,0.29
BURD,2019-11-08 19:20:00 EST,42.41042,-76.77176,1863,18.4,19.9,10.1,81.9,13.8,0.000,0.007,0.00,0.000,5.5,7.9,0.9,305,7,6.0,8.4,0.9,304,6,6.0,8.4,0.9,304,6,0,28.26,0.6,0,0,0,42.4,45.1,47.5,0.37,0.36,0.29
BURD,2019-11-08 19:25:00 EST,42.41042,-76.77176,1863,18.6,20.0,11.5,80.1,13.5,0.000,0.007,0.00,0.000,4.3,6.4,0.9,316,11,4.9,7.1,1.0,316,11,4.9,7.1,1.0,316,11,0,28.26,0.6,0,0,0,42.4,45.1,47.6,0.37,0.36,0.29
BURD,2019-11-08 19:30:00 EST,42.41042,-76.77176,1863,18.4,19.8,12.2,81.2,13.6,0.000,0.007,0.00,0.000,3.8,6.9,1.0,313,13,4.2,7.8,1.1,315,13,4.2,7.8,1.1,315,13,0,28.26,0.6,0,0,0,42.4,45.1,47.5,0.37,0.36,0.29
BURD,2019-11-08 19:35:00 EST,42.41042,-76.77176,1863,18.3,19.8,9.8,80.9,13.4,0.000,0.007,0.00,0.000,5.5,8.3,1.1,310,9,6.1,8.9,1.2,308,8,6.1,8.9,1.2,308,8,0,28.26,0.6,0,0,0,42.4,45.1,47.6,0.37,0.36,0.29
BURD,2019-11-08 19:40:00 EST,42.41042,-76.77176,1863,18.5,20.0,10.0,79.6,13.2,0.000,0.007,0.00,0.000,5.6,7.7,0.9,305,8,6.2,7.9,0.9,304,8,6.2,7.9,0.9,304,8,0,28.26,0.6,0,0,0,42.4,45.1,47.6,0.37,0.36,0.29
BURD,2019-11-08 19:45:00 EST,42.41042,-76.77176,1863,18.5,19.9,10.7,79.4,13.1,0.000,0.007,0.00,0.000,4.9,6.8,0.9,306,7,5.4,7.4,1.0,305,7,5.4,7.4,1.0,305,7,0,28.27,0.6,0,0,0,42.4,45.1,47.6,0.37,0.36,0.29
BURD,2019-11-08 19:50:00 EST,42.41042,-76.77176,1863,18.5,19.8,11.5,79.8,13.3,0.000,0.007,0.00,0.000,4.3,5.3,0.6,308,8,4.7,6.1,0.7,306,8,4.7,6.1,0.7,306,8,0,28.27,0.6,0,0,0,42.4,45.1,47.5,0.37,0.36,0.29
BURD,2019-11-08 19:55:00 EST,42.41042,-76.77176,1863,18.3,19.7,13.6,80.5,13.3,0.000,0.007,0.00,0.000,2.8,4.3,0.8,319,13,3.1,5.3,0.8,320,12,3.1,5.3,0.8,320,12,0,28.27,0.5,0,0,0,42.4,45.1,47.6,0.37,0.36,0.29
BURD,2019-11-08 20:00:00 EST,42.41042,-76.77176,1863,18.2,19.5,13.0,81.9,13.6,0.000,0.007,0.00,0.000,3.3,5.1,0.7,305,11,3.4,5.5,0.8,306,11,3.4,5.5,0.8,306,11,0,28.27,0.7,0,0,0,42.4,45.1,47.5,0.37,0.36,0.29
BURD,2019-11-08 20:05:00 EST,42.41042,-76.77176,1863,18.3,19.5,13.1,82.0,13.7,0.000,0.007,0.00,0.000,3.2,4.4,0.5,304,8,3.4,5.2,0.6,303,8,3.4,5.2,0.6,303,8,0,28.27,0.6,0,0,0,42.4,45.1,47.6,0.37,0.36,0.29
BURD,2019-11-08 20:10:00 EST,42.41042,-76.77176,1863,18.2,19.3,18.2,82.0,13.6,0.000,0.007,0.00,0.000,2.1,3.8,0.6,316,16,2.2,4.4,0.7,317,17,2.2,4.4,0.7,317,17,0,28.27,0.5,0,0,0,42.3,45.1,47.7,0.37,0.36,0.29
BURD,2019-11-08 20:15:00 EST,42.41042,-76.77176,1863,18.5,19.4,18.5,82.9,14.1,0.000,0.007,0.00,0.000,2.3,3.4,0.5,319,17,2.4,3.9,0.6,318,18,2.4,3.9,0.6,318,18,0,28.27,0.6,0,0,0,42.3,45.0,47.5,0.37,0.35,0.29
BURD,2019-11-08 20:20:00 EST,42.41042,-76.77176,1863,18.4,19.3,18.4,82.7,14.0,0.000,0.007,0.00,0.000,2.2,3.6,0.6,310,14,2.3,4.5,0.7,311,12,2.3,4.5,0.7,311,12,0,28.27,0.6,0,0,0,42.2,45.1,47.6,0.37,0.36,0.29
BURD,2019-11-08 20:25:00 EST,42.41042,-76.77176,1863,18.3,19.3,13.4,83.3,14.1,0.000,0.007,0.00,0.000,3.0,4.8,0.8,300,14,3.2,5.3,1.0,300,11,3.2,5.3,1.0,300,11,0,28.27,0.5,0,0,0,42.2,45.0,47.5,0.37,0.35,0.29
BURD,2019-11-08 20:30:00 EST,42.41042,-76.77176,1863,18.3,19.4,12.7,82.7,13.9,0.000,0.007,0.00,0.000,3.5,5.0,0.8,298,12,3.7,5.5,0.9,298,10,3.7,5.5,0.9,298,10,0,28.27,0.6,0,0,0,42.2,45.0,47.5,0.37,0.35,0.29
BURD,2019-11-08 20:35:00 EST,42.41042,-76.77176,1863,18.3,19.4,12.6,82.4,13.8,0.000,0.007,0.00,0.000,3.5,4.6,0.6,297,10,3.7,5.4,0.8,297,9,3.7,5.4,0.8,297,9,0,28.27,0.6,0,0,0,42.2,45.0,47.5,0.37,0.35,0.29
BURD,2019-11-08 20:40:00 EST,42.41042,-76.77176,1863,18.3,19.2,13.1,82.5,13.9,0.000,0.007,0.00,0.000,3.1,4.5,0.6,291,13,3.4,5.3,0.7,292,11,3.4,5.3,0.7,292,11,0,28.27,0.6,0,0,0,42.3,45.0,47.5,0.37,0.35,0.29
BURD,2019-11-08 20:45:00 EST,42.41042,-76.77176,1863,18.5,19.4,12.6,82.2,14.0,0.000,0.007,0.00,0.000,3.5,5.6,1.0,292,11,3.9,5.9,1.1,293,10,3.9,5.9,1.1,293,10,0,28.27,0.6,0,0,0,42.1,45.0,47.4,0.37,0.35,0.29
BURD,2019-11-08 20:50:00 EST,42.41042,-76.77176,1863,18.4,19.3,13.1,82.0,13.9,0.000,0.007,0.00,0.000,3.3,4.7,0.7,295,10,3.6,5.6,0.9,295,8,3.6,5.6,0.9,295,8,0,28.27,0.6,0,0,0,42.1,45.0,47.4,0.37,0.35,0.29
BURD,2019-11-08 20:55:00 EST,42.41042,-76.77176,1863,18.4,19.4,12.6,82.0,13.8,0.000,0.007,0.00,0.000,3.5,4.7,0.7,289,13,3.8,6.0,0.9,290,10,3.8,6.0,0.9,290,10,0,28.27,0.6,0,0,0,42.2,45.0,47.4,0.37,0.35,0.29
BURD,2019-11-08 21:00:00 EST,42.41042,-76.77176,1863,18.6,19.4,12.5,81.8,14.0,0.000,0.007,0.00,0.000,3.6,5.0,0.7,291,10,4.0,5.9,0.9,291,9,4.0,5.9,0.9,291,9,0,28.27,0.6,0,0,0,42.2,45.0,47.4,0.37,0.35,0.29
BURD,2019-11-08 21:05:00 EST,42.41042,-76.77176,1863,18.6,19.5,11.9,81.4,13.9,0.000,0.007,0.00,0.000,4.1,6.1,0.8,287,11,4.5,7.0,0.9,287,10,4.5,7.0,0.9,287,10,0,28.27,0.7,0,0,0,42.2,45.0,47.4,0.37,0.35,0.29
BURD,2019-11-08 21:10:00 EST,42.41042,-76.77176,1863,18.6,19.4,13.7,81.6,13.9,0.000,0.007,0.00,0.000,3.0,4.4,0.7,288,9,3.3,5.1,0.8,290,8,3.3,5.1,0.8,290,8,0,28.27,0.5,0,0,0,42.1,45.0,47.4,0.37,0.35,0.29
BURD,2019-11-08 21:15:00 EST,42.41042,-76.77176,1863,18.5,19.2,18.5,82.3,14.0,0.000,0.007,0.00,0.000,2.7,3.7,0.4,293,9,2.8,4.0,0.5,293,9,2.8,4.0,0.5,293,9,0,28.26,0.7,0,0,0,42.1,45.0,47.5,0.37,0.35,0.29
BURD,2019-11-08 21:20:00 EST,42.41042,-76.77176,1863,18.3,19.1,18.3,82.9,14.0,0.000,0.007,0.00,0.000,2.8,3.9,0.5,295,7,2.9,4.2,0.6,296,7,2.9,4.2,0.6,296,7,0,28.26,0.6,0,0,0,42.1,45.0,47.5,0.37,0.35,0.29
BURD,2019-11-08 21:25:00 EST,42.41042,-76.77176,1863,18.4,19.3,12.8,84.0,14.4,0.000,0.007,0.00,0.000,3.4,6.1,0.7,289,10,3.7,6.8,1.0,289,9,3.7,6.8,1.0,289,9,0,28.27,0.6,0,0,0,42.1,45.0,47.4,0.37,0.35,0.29
BURD,2019-11-08 21:30:00 EST,42.41042,-76.77176,1863,18.7,19.4,12.2,84.7,14.8,0.000,0.007,0.00,0.000,4.0,5.3,0.6,282,10,4.4,5.9,0.8,283,8,4.4,5.9,0.8,283,8,0,28.26,0.7,0,0,0,42.0,45.0,47.4,0.37,0.35,0.29
BURD,2019-11-08 21:35:00 EST,42.41042,-76.77176,1863,18.8,19.4,12.9,84.3,14.8,0.000,0.007,0.00,0.000,3.6,4.5,0.5,286,10,3.9,5.3,0.7,287,8,3.9,5.3,0.7,287,8,0,28.27,0.6,0,0,0,41.9,45.0,47.3,0.37,0.35,0.29
BURD,2019-11-08 21:40:00 EST,42.41042,-76.77176,1863,18.6,19.4,13.2,84.2,14.7,0.000,0.007,0.00,0.000,3.3,4.6,0.6,281,10,3.6,5.1,0.7,282,9,3.6,5.1,0.7,282,9,0,28.26,0.7,0,0,0,42.0,45.0,47.4,0.37,0.35,0.29
BURD,2019-11-08 21:45:00 EST,42.41042,-76.77176,1863,18.9,19.6,12.9,84.6,15.0,0.000,0.007,0.00,0.000,3.7,4.9,0.5,280,8,4.0,5.6,0.7,281,7,4.0,5.6,0.7,281,7,0,28.26,0.6,0,0,0,41.9,45.0,47.4,0.37,0.35,0.29
BURD,2019-11-08 21:50:00 EST,42.41042,-76.77176,1863,18.9,19.7,12.8,84.4,15.0,0.000,0.007,0.00,0.000,3.8,5.0,0.5,279,7,4.1,5.6,0.6,280,7,4.1,5.6,0.6,280,7,0,28.26,0.7,0,0,0,41.9,45.0,47.6,0.37,0.35,0.29
BURD,2019-11-08 21:55:00 EST,42.41042,-76.77176,1863,18.9,19.7,12.7,84.4,15.0,0.000,0.007,0.00,0.000,3.8,5.3,0.5,281,7,4.2,5.8,0.7,282,6,4.2,5.8,0.7,282,6,0,28.26,0.6,0,0,0,41.9,45.0,47.4,0.37,0.35,0.29
BURD,2019-11-08 22:00:00 EST,42.41042,-76.77176,1863,19.0,19.7,13.4,84.5,15.1,0.000,0.007,0.00,0.000,3.4,4.2,0.5,279,8,3.7,5.1,0.6,281,8,3.7,5.1,0.6,281,8,0,28.26,0.6,0,0,0,41.9,45.0,47.4,0.37,0.35,0.29
BURD,2019-11-08 22:05:00 EST,42.41042,-76.77176,1863,18.8,19.7,12.3,84.4,14.8,0.000,0.007,0.00,0.000,3.9,5.0,0.5,273,7,4.4,5.8,0.7,274,7,4.4,5.8,0.7,274,7,0,28.26,0.6,0,0,0,41.9,45.0,47.4,0.37,0.35,0.29
BURD,2019-11-08 22:10:00 EST,42.41042,-76.77176,1863,18.9,19.9,12.2,84.3,14.9,0.000,0.007,0.00,0.000,4.1,5.4,0.4,264,6,4.5,5.7,0.5,265,5,4.5,5.7,0.5,265,5,0,28.26,0.5,0,0,0,41.9,45.0,47.4,0.37,0.35,0.29
BURD,2019-11-08 22:15:00 EST,42.41042,-76.77176,1863,18.9,19.8,12.5,83.9,14.8,0.000,0.007,0.00,0.000,3.9,5.1,0.6,264,7,4.3,5.7,0.7,265,6,4.3,5.7,0.7,265,6,0,28.26,0.6,0,0,0,41.9,45.0,47.4,0.37,0.35,0.29
BURD,2019-11-08 22:20:00 EST,42.41042,-76.77176,1863,19.1,20.0,12.7,83.0,14.8,0.000,0.007,0.00,0.000,4.0,5.3,0.5,265,7,4.4,6.0,0.6,266,6,4.4,6.0,0.6,266,6,0,28.26,0.6,0,0,0,41.8,45.0,47.4,0.37,0.35,0.29
BURD,2019-11-08 22:25:00 EST,42.41042,-76.77176,1863,19.3,20.1,12.0,81.4,14.5,0.000,0.007,0.00,0.000,4.6,5.6,0.6,273,9,5.1,6.7,0.7,275,8,5.1,6.7,0.7,275,8,0,28.26,0.6,0,0,0,41.8,45.0,47.4,0.37,0.35,0.29
BURD,2019-11-08 22:30:00 EST,42.41042,-76.77176,1863,19.2,20.0,12.3,80.5,14.2,0.000,0.007,0.00,0.000,4.4,6.4,0.8,272,10,4.8,7.7,1.0,274,9,4.8,7.7,1.0,274,9,0,28.26,0.6,0,0,0,41.9,45.0,47.4,0.37,0.35,0.29
BURD,2019-11-08 22:35:00 EST,42.41042,-76.77176,1863,19.0,20.1,12.0,80.7,14.0,0.000,0.007,0.00,0.000,4.3,5.6,0.7,275,8,4.8,6.3,0.7,276,7,4.8,6.3,0.7,276,7,0,28.26,0.6,0,0,0,41.8,45.0,47.4,0.37,0.35,0.29
BURD,2019-11-08 22:40:00 EST,42.41042,-76.77176,1863,19.2,20.1,11.9,80.9,14.3,0.000,0.007,0.00,0.000,4.7,5.8,0.5,274,7,5.2,6.3,0.5,274,6,5.2,6.3,0.5,274,6,0,28.26,0.6,0,0,0,41.8,44.9,47.3,0.37,0.35,0.29
BURD,2019-11-08 22:45:00 EST,42.41042,-76.77176,1863,18.9,19.9,11.8,80.7,13.9,0.000,0.007,0.00,0.000,4.4,6.1,0.7,272,9,4.9,6.7,0.8,272,9,4.9,6.7,0.8,272,9,0,28.26,0.6,0,0,0,41.8,44.8,47.3,0.37,0.35,0.29
BURD,2019-11-08 22:50:00 EST,42.41042,-76.77176,1863,19.0,19.8,11.9,80.7,14.1,0.000,0.007,0.00,0.000,4.5,6.4,0.8,263,10,5.0,7.3,0.9,264,8,5.0,7.3,0.9,264,8,0,28.26,0.5,0,0,0,41.7,44.9,47.3,0.37,0.35,0.29
BURD,2019-11-08 22:55:00 EST,42.41042,-76.77176,1863,18.9,19.8,12.4,79.8,13.7,0.000,0.007,0.00,0.000,4.0,5.2,0.6,263,9,4.5,5.8,0.7,264,8,4.5,5.8,0.7,264,8,0,28.26,0.6,0,0,0,41.7,44.9,47.4,0.37,0.35,0.29
BURD,2019-11-08 23:00:00 EST,42.41042,-76.77176,1863,18.9,19.8,11.9,79.4,13.6,0.000,0.007,0.00,0.000,4.4,5.9,0.8,262,10,4.9,6.8,0.9,263,8,4.9,6.8,0.9,263,8,0,28.25,0.6,0,0,0,41.8,44.9,47.3,0.37,0.35,0.29
BURD,2019-11-08 23:05:00 EST,42.41042,-76.77176,1863,18.9,19.8,12.5,78.8,13.4,0.000,0.007,0.00,0.000,3.8,5.2,0.7,256,9,4.3,6.0,0.8,258,8,4.3,6.0,0.8,258,8,0,28.25,0.6,0,0,0,41.7,44.9,47.4,0.37,0.35,0.29
BURD,2019-11-08 23:10:00 EST,42.41042,-76.77176,1863,19.0,19.9,12.3,78.1,13.3,0.000,0.007,0.00,0.000,4.1,5.3,0.6,250,8,4.6,6.4,0.9,251,7,4.6,6.4,0.9,251,7,0,28.25,0.7,0,0,0,41.8,44.8,47.4,0.37,0.35,0.29
BURD,2019-11-08 23:15:00 EST,42.41042,-76.77176,1863,19.0,20.0,12.0,77.0,13.0,0.000,0.007,0.00,0.000,4.3,5.8,0.6,244,7,4.8,6.6,0.7,248,6,4.8,6.6,0.7,248,6,0,28.25,0.6,0,0,0,41.7,44.8,47.4,0.37,0.35,0.29
BURD,2019-11-08 23:20:00 EST,42.41042,-76.77176,1863,18.9,19.9,11.7,76.6,12.8,0.000,0.007,0.00,0.000,4.6,6.0,0.6,243,8,5.1,6.2,0.7,245,8,5.1,6.2,0.7,245,8,0,28.25,0.6,0,0,0,41.7,44.8,47.4,0.37,0.35,0.29
BURD,2019-11-08 23:25:00 EST,42.41042,-76.77176,1863,18.7,19.5,12.1,77.3,12.7,0.000,0.007,0.00,0.000,4.1,5.5,0.7,233,9,4.4,6.2,0.9,234,10,4.4,6.2,0.9,234,10,0,28.25,0.6,0,0,0,41.6,44.8,47.4,0.37,0.35,0.29
BURD,2019-11-08 23:30:00 EST,42.41042,-76.77176,1863,18.6,19.3,12.0,78.2,12.9,0.000,0.007,0.00,0.000,4.2,6.0,0.8,235,9,4.4,6.6,0.9,235,10,4.4,6.6,0.9,235,10,0,28.25,0.7,0,0,0,41.6,44.7,47.4,0.37,0.35,0.29
BURD,2019-11-08 23:35:00 EST,42.41042,-76.77176,1863,18.5,19.3,12.0,78.3,12.9,0.000,0.007,0.00,0.000,4.1,5.8,0.6,233,8,4.4,6.6,0.8,235,8,4.4,6.6,0.8,235,8,0,28.25,0.6,0,0,0,41.6,44.8,47.4,0.37,0.35,0.29
BURD,2019-11-08 23:40:00 EST,42.41042,-76.77176,1863,18.3,19.3,12.2,78.5,12.7,0.000,0.007,0.00,0.000,3.8,4.9,0.6,226,7,4.0,5.6,0.7,226,8,4.0,5.6,0.7,226,8,0,28.25,0.6,0,0,0,41.6,44.8,47.3,0.37,0.35,0.29
BURD,2019-11-08 23:45:00 EST,42.41042,-76.77176,1863,18.5,19.4,12.1,78.1,12.8,0.000,0.007,0.00,0.000,4.1,5.8,0.8,226,12,4.3,6.1,0.9,227,12,4.3,6.1,0.9,227,12,0,28.26,0.6,0,0,0,41.6,44.8,47.3,0.37,0.35,0.29
BURD,2019-11-08 23:50:00 EST,42.41042,-76.77176,1863,18.6,19.5,12.0,77.2,12.7,0.000,0.007,0.00,0.000,4.2,5.8,0.7,224,13,4.5,6.1,0.8,225,12,4.5,6.1,0.8,225,12,0,28.26,0.7,0,0,0,41.6,44.7,47.4,0.37,0.35,0.29
BURD,2019-11-08 23:55:00 EST,42.41042,-76.77176,1863,18.7,19.6,13.0,76.2,12.5,0.000,0.007,0.00,0.000,3.6,7.2,1.6,214,17,3.8,7.4,1.5,214,16,3.8,7.4,1.5,214,16,0,28.25,0.6,0,0,0,41.6,44.7,47.4,0.37,0.35,0.29
BURT,2019-11-08 00:00:00 EST,43.31699,-78.74903,315,31.2,31.8,23.1,71.2,23.0,0.000,0.189,0.00,0.000,8.6,10.9,1.0,346,8,9.3,11.3,1.1,352,6,9.3,11.3,1.1,352,6,0,29.84,0.2,0,0,0,43.2,47.3,49.5,0.25,0.28,0.30
BURT,2019-11-08 00:05:00 EST,43.31699,-78.74903,315,31.4,31.8,22.7,71.5,23.2,0.000,0.000,0.00,0.000,9.6,14.9,2.4,355,20,10.6,17.3,2.6,359,10,10.6,17.3,2.6,359,10,0,29.84,0.2,0,0,0,43.1,47.3,49.5,0.25,0.28,0.30
BURT,2019-11-08 00:10:00 EST,43.31699,-78.74903,315,31.3,31.7,23.8,71.6,23.2,0.000,0.000,0.00,0.000,7.8,11.3,1.4,358,20,8.4,12.3,1.3,1,18,8.4,12.3,1.3,1,18,0,29.84,-0.1,0,0,0,43.2,47.3,49.4,0.25,0.28,0.30
BURT,2019-11-08 00:15:00 EST,43.31699,-78.74903,315,31.4,31.7,22.6,71.8,23.3,0.000,0.000,0.00,0.000,9.9,14.1,1.7,4,13,10.7,15.7,1.9,7,10,10.7,15.7,1.9,7,10,0,29.84,-0.2,0,0,0,43.2,47.3,49.3,0.25,0.28,0.30
BURT,2019-11-08 00:20:00 EST,43.31699,-78.74903,315,31.4,31.7,21.9,71.7,23.4,0.000,0.000,0.00,0.000,11.8,16.9,2.1,4,10,12.5,18.1,2.4,7,9,12.5,18.1,2.4,7,9,0,29.84,0.3,0,0,0,43.2,47.3,49.4,0.25,0.28,0.30
BURT,2019-11-08 00:25:00 EST,43.31699,-78.74903,315,31.5,31.8,22.2,71.5,23.4,0.000,0.000,0.00,0.000,11.1,15.6,1.5,348,12,12.0,16.2,1.6,353,8,12.0,16.2,1.6,353,8,0,29.84,0.4,0,0,0,43.1,47.3,49.4,0.25,0.28,0.30
BURT,2019-11-08 00:30:00 EST,43.31699,-78.74903,315,31.5,31.7,22.3,73.4,24.0,0.000,0.000,0.00,0.000,10.9,14.5,1.5,354,14,11.8,15.8,1.6,358,9,11.8,15.8,1.6,358,9,0,29.84,0.3,0,0,0,43.2,47.3,49.4,0.25,0.28,0.30
BURT,2019-11-08 00:35:00 EST,43.31699,-78.74903,315,31.4,31.6,22.2,73.2,23.8,0.000,0.000,0.00,0.000,10.8,15.9,1.8,352,12,11.8,17.5,2.0,359,7,11.8,17.5,2.0,359,7,0,29.85,-0.0,0,0,0,43.1,47.3,49.4,0.25,0.28,0.30
BURT,2019-11-08 00:40:00 EST,43.31699,-78.74903,315,31.3,31.5,21.9,71.6,23.2,0.000,0.000,0.00,0.000,11.2,17.1,2.0,356,12,12.1,17.4,2.2,0,6,12.1,17.4,2.2,0,6,0,29.85,,0,0,0,43.2,47.2,49.4,0.25,0.28,0.30
BURT,2019-11-08 00:45:00 EST,43.31699,-78.74903,315,31.1,31.4,22.2,72.4,23.3,0.000,0.000,0.00,0.000,10.0,12.6,1.2,350,17,10.9,15.4,1.4,355,7,10.9,15.4,1.4,355,7,0,29.85,0.1,0,0,0,43.1,47.2,49.4,0.25,0.28,0.30
BURT,2019-11-08 00:50:00 EST,43.31699,-78.74903,315,31.1,31.3,22.0,72.2,23.2,0.000,0.000,0.00,0.000,10.3,13.1,1.3,354,10,11.1,15.0,1.5,359,7,11.1,15.0,1.5,359,7,0,29.85,0.0,0,0,0,43.0,47.3,49.4,0.25,0.28,0.30
BURT,2019-11-08 00:55:00 EST,43.31699,-78.74903,315,31.0,31.2,22.1,72.3,23.1,0.000,0.000,0.00,0.000,9.8,12.4,1.1,352,9,10.7,14.7,1.4,356,6,10.7,14.7,1.4,356,6,0,29.85,-0.0,0,0,0,43.1,47.2,49.4,0.25,0.28,0.30
BURT,2019-11-08 01:00:00 EST,43.31699,-78.74903,315,30.9,31.1,22.0,71.4,22.7,0.000,0.000,0.00,0.000,9.8,14.9,1.6,0,9,10.8,16.8,2.0,4,8,10.8,16.8,2.0,4,8,0,29.85,-0.2,0,0,0,43.0,47.3,49.4,0.25,0.28,0.30
BURT,2019-11-08 01:05:00 EST,43.31699,-78.74903,315,30.6,30.9,21.9,71.0,22.3,0.000,0.000,0.00,0.000,9.6,14.5,1.9,352,14,10.3,15.4,2.1,357,12,10.3,15.4,2.1,357,12,0,29.85,0.1,0,0,0,43.0,47.3,49.4,0.25,0.28,0.30
BURT,2019-11-08 01:10:00 EST,43.31699,-78.74903,315,30.4,30.7,22.4,72.2,22.5,0.000,0.000,0.00,0.000,7.9,11.7,1.7,358,16,8.7,13.1,1.9,1,8,8.7,13.1,1.9,1,8,0,29.85,0.0,0,0,0,43.0,47.2,49.4,0.25,0.28,0.30
BURT,2019-11-08 01:15:00 EST,43.31699,-78.74903,315,30.5,30.7,21.7,71.8,22.5,0.000,0.000,0.00,0.000,9.4,12.6,1.5,352,11,10.2,13.9,1.7,357,9,10.2,13.9,1.7,357,9,0,29.85,0.1,0,0,0,43.0,47.3,49.4,0.25,0.28,0.30
BURT,2019-11-08 01:20:00 EST,43.31699,-78.74903,315,30.5,30.7,22.2,70.6,22.1,0.000,0.000,0.00,0.000,8.6,11.5,1.1,1,11,9.5,12.8,1.3,4,7,9.5,12.8,1.3,4,7,0,29.85,0.1,0,0,0,43.0,47.2,49.4,0.25,0.28,0.30
BURT,2019-11-08 01:25:00 EST,43.31699,-78.74903,315,30.4,30.6,21.6,70.4,21.9,0.000,0.000,0.00,0.000,9.5,12.4,1.2,355,11,10.1,13.7,1.4,359,9,10.1,13.7,1.4,359,9,0,29.85,-0.0,0,0,0,43.0,47.2,49.4,0.25,0.28,0.30
BURT,2019-11-08 01:30:00 EST,43.31699,-78.74903,315,30.2,30.5,22.3,70.9,21.9,0.000,0.000,0.00,0.000,7.8,11.2,1.2,351,12,8.6,12.8,1.4,355,10,8.6,12.8,1.4,355,10,0,29.85,-0.0,0,0,0,43.0,47.3,49.4,0.25,0.28,0.30
BURT,2019-11-08 01:35:00 EST,43.31699,-78.74903,315,30.1,30.4,22.0,71.1,21.9,0.000,0.000,0.00,0.000,8.3,10.9,1.4,359,19,9.0,12.5,1.5,2,10,9.0,12.5,1.5,2,10,0,29.85,-0.0,0,0,0,42.9,47.2,49.4,0.25,0.28,0.30
BURT,2019-11-08 01:40:00 EST,43.31699,-78.74903,315,30.1,30.3,22.0,69.4,21.3,0.000,0.000,0.00,0.000,8.2,11.3,1.3,7,15,8.8,12.3,1.5,10,9,8.8,12.3,1.5,10,9,0,29.85,-0.0,0,0,0,42.9,47.3,49.4,0.25,0.28,0.30
BURT,2019-11-08 01:45:00 EST,43.31699,-78.74903,315,30.0,30.2,22.2,70.2,21.4,0.000,0.000,0.00,0.000,7.5,12.1,1.7,352,13,8.3,14.0,1.9,357,10,8.3,14.0,1.9,357,10,0,29.85,-0.1,0,0,0,42.9,47.1,49.4,0.25,0.28,0.30
BURT,2019-11-08 01:50:00 EST,43.31699,-78.74903,315,30.1,30.2,21.2,69.7,21.4,0.000,0.000,0.00,0.000,9.6,14.2,2.0,6,10,10.4,15.7,2.3,10,10,10.4,15.7,2.3,10,10,0,29.86,-0.1,0,0,0,42.8,47.3,49.4,0.25,0.28,0.30
BURT,2019-11-08 01:55:00 EST,43.31699,-78.74903,315,29.9,30.1,21.0,70.4,21.4,0.000,0.000,0.00,0.000,9.4,12.2,1.2,351,13,10.3,13.4,1.3,356,7,10.3,13.4,1.3,356,7,0,29.86,-0.0,0,0,0,42.8,47.3,49.3,0.25,0.28,0.30
BURT,2019-11-08 02:00:00 EST,43.31699,-78.74903,315,29.8,30.0,20.9,69.3,21.0,0.000,0.000,0.00,0.000,9.4,12.4,1.3,357,13,10.3,14.5,1.5,0,9,10.3,14.5,1.5,0,9,0,29.86,0.0,0,0,0,42.8,47.3,49.3,0.25,0.28,0.30
BURT,2019-11-08 02:05:00 EST,43.31699,-78.74903,315,29.9,30.0,21.3,69.1,21.0,0.000,0.000,0.00,0.000,9.0,12.1,1.3,5,8,9.6,13.6,1.3,9,8,9.6,13.6,1.3,9,8,0,29.86,0.0,0,0,0,42.8,47.2,49.4,0.25,0.28,0.30
BURT,2019-11-08 02:10:00 EST,43.31699,-78.74903,315,29.9,30.0,21.6,69.2,21.0,0.000,0.000,0.00,0.000,8.6,12.4,1.6,355,18,9.2,13.1,1.7,360,16,9.2,13.1,1.7,360,16,0,29.86,-0.0,0,0,0,42.8,47.2,49.4,0.25,0.28,0.30
BURT,2019-11-08 02:15:00 EST,43.31699,-78.74903,315,29.9,30.0,21.3,69.3,21.1,0.000,0.000,0.00,0.000,8.7,13.5,2.4,347,11,9.6,14.4,2.4,351,10,9.6,14.4,2.4,351,10,0,29.86,-0.0,0,0,0,42.8,47.2,49.4,0.25,0.28,0.30
BURT,2019-11-08 02:20:00 EST,43.31699,-78.74903,315,29.9,30.0,21.1,70.0,21.3,0.000,0.000,0.00,0.000,9.4,14.5,1.5,358,16,10.1,16.1,1.7,1,5,10.1,16.1,1.7,1,5,0,29.86,-0.0,0,0,0,42.8,47.2,49.3,0.25,0.28,0.30
BURT,2019-11-08 02:25:00 EST,43.31699,-78.74903,315,29.8,29.9,20.2,69.8,21.2,0.000,0.000,0.00,0.000,10.7,15.3,2.0,359,12,11.8,16.5,2.3,4,7,11.8,16.5,2.3,4,7,0,29.86,-0.0,0,0,0,42.8,47.3,49.4,0.25,0.28,0.30
BURT,2019-11-08 02:30:00 EST,43.31699,-78.74903,315,29.7,29.8,20.1,71.6,21.6,0.000,0.000,0.00,0.000,10.6,14.4,1.5,3,11,11.5,16.1,1.7,7,10,11.5,16.1,1.7,7,10,0,29.86,-0.0,0,0,0,42.8,47.3,49.3,0.25,0.28,0.30
BURT,2019-11-08 02:35:00 EST,43.31699,-78.74903,315,29.6,29.6,20.1,71.6,21.5,0.000,0.000,0.00,0.000,10.3,14.8,2.2,2,16,11.2,15.6,2.4,5,12,11.2,15.6,2.4,5,12,0,29.86,-0.0,0,0,0,42.8,47.3,49.3,0.25,0.28,0.30
BURT,2019-11-08 02:40:00 EST,43.31699,-78.74903,315,29.5,29.6,19.6,70.8,21.2,0.000,0.000,0.00,0.000,11.2,15.1,1.7,349,13,12.2,17.3,1.9,354,8,12.2,17.3,1.9,354,8,0,29.87,-0.1,0,0,0,42.8,47.1,49.4,0.25,0.28,0.30
BURT,2019-11-08 02:45:00 EST,43.31699,-78.74903,315,29.3,29.4,19.5,70.7,21.0,0.000,0.000,0.00,0.000,11.0,14.8,1.7,357,12,11.9,16.2,1.8,1,10,11.9,16.2,1.8,1,10,0,29.87,-0.1,0,0,0,42.8,47.3,49.3,0.25,0.28,0.30
BURT,2019-11-08 02:50:00 EST,43.31699,-78.74903,315,29.2,29.3,20.7,71.3,21.1,0.000,0.000,0.00,0.000,8.6,11.4,1.2,348,15,9.3,11.8,1.3,352,13,9.3,11.8,1.3,352,13,0,29.87,-0.0,0,0,0,42.8,47.2,49.4,0.25,0.28,0.30
BURT,2019-11-08 02:55:00 EST,43.31699,-78.74903,315,29.4,29.4,20.9,69.6,20.6,0.000,0.000,0.00,0.000,8.3,11.3,1.6,346,11,9.2,12.2,1.6,351,9,9.2,12.2,1.6,351,9,0,29.87,-0.2,0,0,0,42.8,47.2,49.3,0.25,0.28,0.30
BURT,2019-11-08 03:00:00 EST,43.31699,-78.74903,315,29.4,29.5,19.2,69.6,20.7,0.000,0.000,0.00,0.000,11.8,17.5,2.3,347,10,12.6,18.6,2.4,353,8,12.6,18.6,2.4,353,8,0,29.87,-0.0,0,0,0,42.8,47.1,49.3,0.25,0.28,0.30
BURT,2019-11-08 03:05:00 EST,43.31699,-78.74903,315,29.4,29.5,20.3,70.3,20.9,0.000,0.000,0.00,0.000,9.6,15.1,2.4,350,18,10.5,16.8,2.6,355,8,10.5,16.8,2.6,355,8,0,29.87,-0.0,0,0,0,42.8,47.2,49.3,0.25,0.28,0.30
BURT,2019-11-08 03:10:00 EST,43.31699,-78.74903,315,29.3,29.4,19.3,66.3,19.5,0.000,0.000,0.00,0.000,11.5,15.9,1.7,342,12,12.3,17.8,2.0,349,10,12.3,17.8,2.0,349,10,0,29.87,0.0,0,0,0,42.7,47.1,49.3,0.25,0.28,0.30
BURT,2019-11-08 03:15:00 EST,43.31699,-78.74903,315,29.1,29.3,18.6,65.5,19.0,0.000,0.000,0.00,0.000,12.4,15.3,1.4,349,13,13.3,16.7,1.5,355,11,13.3,16.7,1.5,355,11,0,29.87,0.0,0,0,0,42.7,47.1,49.3,0.25,0.28,0.30
BURT,2019-11-08 03:20:00 EST,43.31699,-78.74903,315,29.1,29.2,19.2,67.8,19.8,0.000,0.000,0.00,0.000,11.2,14.5,1.3,338,14,11.9,15.0,1.4,344,8,11.9,15.0,1.4,344,8,0,29.87,0.0,0,0,0,42.7,47.1,49.3,0.25,0.28,0.30
BURT,2019-11-08 03:25:00 EST,43.31699,-78.74903,315,29.0,29.1,20.0,68.3,19.9,0.000,0.000,0.00,0.000,9.3,12.4,1.2,348,9,10.1,14.3,1.3,353,6,10.1,14.3,1.3,353,6,0,29.87,0.0,0,0,0,42.6,47.1,49.3,0.25,0.28,0.30
BURT,2019-11-08 03:30:00 EST,43.31699,-78.74903,315,29.0,29.0,20.3,69.5,20.2,0.000,0.000,0.00,0.000,8.6,13.7,1.6,350,11,9.4,13.8,1.7,356,8,9.4,13.8,1.7,356,8,0,29.88,0.0,0,0,0,42.7,47.1,49.3,0.25,0.28,0.30
BURT,2019-11-08 03:35:00 EST,43.31699,-78.74903,315,29.0,29.0,20.2,70.3,20.5,0.000,0.000,0.00,0.000,8.6,14.8,2.5,343,15,9.5,16.3,2.7,351,7,9.5,16.3,2.7,351,7,0,29.88,0.0,0,0,0,42.6,47.1,49.3,0.25,0.28,0.30
BURT,2019-11-08 03:40:00 EST,43.31699,-78.74903,315,28.9,29.0,18.6,65.1,18.7,0.000,0.000,0.00,0.000,11.9,14.9,1.7,335,10,12.6,16.5,1.6,341,11,12.6,16.5,1.6,341,11,0,29.88,0.0,0,0,0,42.6,47.0,49.3,0.25,0.28,0.30
BURT,2019-11-08 03:45:00 EST,43.31699,-78.74903,315,28.9,29.0,19.8,65.4,18.7,0.000,0.000,0.00,0.000,9.6,12.9,1.6,335,10,10.2,13.3,1.7,340,10,10.2,13.3,1.7,340,10,0,29.88,0.0,0,0,0,42.6,47.1,49.3,0.25,0.28,0.30
BURT,2019-11-08 03:50:00 EST,43.31699,-78.74903,315,28.8,28.9,18.9,66.7,19.1,0.000,0.000,0.00,0.000,10.8,15.3,2.2,331,14,11.6,16.9,2.3,338,13,11.6,16.9,2.3,338,13,0,29.88,0.0,0,0,0,42.6,47.1,49.3,0.25,0.28,0.30
BURT,2019-11-08 03:55:00 EST,43.31699,-78.74903,315,28.8,28.9,20.2,67.8,19.5,0.000,0.000,0.00,0.000,8.3,12.6,1.6,344,13,9.2,14.2,1.7,350,11,9.2,14.2,1.7,350,11,0,29.88,0.0,0,0,0,42.6,47.1,49.3,0.25,0.28,0.30
BURT,2019-11-08 04:00:00 EST,43.31699,-78.74903,315,28.9,28.9,19.0,65.5,18.8,0.000,0.000,0.00,0.000,10.9,14.8,2.2,334,14,11.6,15.8,2.1,340,11,11.6,15.8,2.1,340,11,0,29.88,0.0,0,0,0,42.5,47.0,49.3,0.25,0.28,0.30
BURT,2019-11-08 04:05:00 EST,43.31699,-78.74903,315,28.6,28.7,18.1,65.3,18.5,0.000,0.000,0.00,0.000,12.3,18.2,2.5,332,12,13.0,21.2,2.8,338,12,13.0,21.2,2.8,338,12,0,29.88,0.1,0,0,0,42.5,47.1,49.3,0.25,0.28,0.30
BURT,2019-11-08 04:10:00 EST,43.31699,-78.74903,315,28.6,28.6,18.4,66.6,18.8,0.000,0.000,0.00,0.000,11.4,16.6,1.6,346,11,12.1,18.4,1.8,352,9,12.1,18.4,1.8,352,9,0,29.89,0.1,0,0,0,42.5,47.0,49.3,0.25,0.28,0.30
BURT,2019-11-08 04:15:00 EST,43.31699,-78.74903,315,28.6,28.8,18.9,66.1,18.7,0.000,0.000,0.00,0.000,10.2,15.4,1.9,342,12,11.1,18.0,2.0,347,11,11.1,18.0,2.0,347,11,0,29.89,0.1,0,0,0,42.4,47.0,49.3,0.25,0.28,0.30
BURT,2019-11-08 04:20:00 EST,43.31699,-78.74903,315,28.6,28.7,18.3,65.5,18.5,0.000,0.000,0.00,0.000,11.7,16.6,2.3,337,9,12.4,17.5,2.3,343,9,12.4,17.5,2.3,343,9,0,29.89,0.0,0,0,0,42.4,47.1,49.3,0.25,0.28,0.30
BURT,2019-11-08 04:25:00 EST,43.31699,-78.74903,315,28.5,28.6,18.1,66.7,18.8,0.000,0.000,0.00,0.000,11.9,16.3,1.7,339,16,12.7,17.4,1.8,344,12,12.7,17.4,1.8,344,12,0,29.89,0.0,0,0,0,42.4,47.1,49.3,0.25,0.28,0.30
BURT,2019-11-08 04:30:00 EST,43.31699,-78.74903,315,28.5,28.5,17.2,64.2,17.9,0.000,0.000,0.00,0.000,13.7,19.9,2.6,351,19,14.7,22.3,2.8,356,9,14.7,22.3,2.8,356,9,0,29.89,0.0,0,0,0,42.4,47.1,49.3,0.25,0.28,0.30
BURT,2019-11-08 04:35:00 EST,43.31699,-78.74903,315,28.5,28.5,18.5,63.7,17.7,0.000,0.000,0.00,0.000,11.1,15.5,2.1,332,9,11.7,15.8,2.2,338,10,11.7,15.8,2.2,338,10,0,29.90,0.0,0,0,0,42.4,47.0,49.3,0.25,0.28,0.30
BURT,2019-11-08 04:40:00 EST,43.31699,-78.74903,315,28.3,28.4,18.8,65.9,18.4,0.000,0.000,0.00,0.000,10.0,14.0,1.7,335,15,10.7,15.7,1.9,340,10,10.7,15.7,1.9,340,10,0,29.90,0.0,0,0,0,42.4,47.1,49.3,0.25,0.28,0.30
BURT,2019-11-08 04:45:00 EST,43.31699,-78.74903,315,28.3,28.4,17.8,65.4,18.2,0.000,0.000,0.00,0.000,12.0,15.3,1.6,332,14,12.8,17.0,1.8,338,9,12.8,17.0,1.8,338,9,0,29.90,0.0,0,0,0,42.4,47.0,49.3,0.25,0.28,0.30
BURT,2019-11-08 04:50:00 EST,43.31699,-78.74903,315,28.3,28.4,17.2,65.2,18.1,0.000,0.000,0.00,0.000,13.3,18.6,1.8,346,12,14.2,19.8,1.9,352,10,14.2,19.8,1.9,352,10,0,29.90,0.0,0,0,0,42.4,47.1,49.3,0.25,0.28,0.30
BURT,2019-11-08 04:55:00 EST,43.31699,-78.74903,315,28.4,28.4,18.8,66.6,18.7,0.000,0.000,0.00,0.000,10.0,14.5,1.9,337,11,10.8,15.7,1.8,343,9,10.8,15.7,1.8,343,9,0,29.90,0.1,0,0,0,42.3,47.1,49.3,0.25,0.28,0.30
BURT,2019-11-08 05:00:00 EST,43.31699,-78.74903,315,28.3,28.5,17.6,65.4,18.2,0.000,0.000,0.00,0.000,12.5,16.4,1.5,345,9,13.3,17.6,1.6,352,7,13.3,17.6,1.6,352,7,0,29.90,0.0,0,0,0,42.3,47.1,49.3,0.25,0.28,0.30
BURT,2019-11-08 05:05:00 EST,43.31699,-78.74903,315,28.3,28.4,18.8,66.0,18.4,0.000,0.000,0.00,0.000,9.8,14.8,2.3,345,11,10.6,15.7,2.2,351,7,10.6,15.7,2.2,351,7,0,29.90,-0.0,0,0,0,42.4,47.1,49.3,0.25,0.28,0.30
BURT,2019-11-08 05:10:00 EST,43.31699,-78.74903,315,28.2,28.3,18.1,67.8,18.9,0.000,0.000,0.00,0.000,10.7,16.1,2.2,350,11,11.6,17.9,2.4,355,8,11.6,17.9,2.4,355,8,0,29.90,0.0,0,0,0,42.4,47.0,49.3,0.25,0.28,0.30
BURT,2019-11-08 05:15:00 EST,43.31699,-78.74903,315,28.2,28.3,17.8,65.6,18.2,0.000,0.000,0.00,0.000,11.4,15.6,1.5,352,10,12.4,16.9,1.6,357,8,12.4,16.9,1.6,357,8,0,29.90,0.0,0,0,0,42.4,47.0,49.3,0.25,0.28,0.30
BURT,2019-11-08 05:20:00 EST,43.31699,-78.74903,315,28.2,28.4,17.1,64.2,17.7,0.000,0.000,0.00,0.000,13.3,17.3,1.9,342,13,14.2,19.2,2.1,349,7,14.2,19.2,2.1,349,7,0,29.91,0.0,0,0,0,42.4,47.1,49.3,0.25,0.28,0.30
BURT,2019-11-08 05:25:00 EST,43.31699,-78.74903,315,27.9,28.1,16.6,63.1,17.0,0.000,0.000,0.00,0.000,13.5,19.6,2.3,349,13,14.5,20.7,2.5,354,10,14.5,20.7,2.5,354,10,0,29.91,0.0,0,0,0,42.3,47.0,49.3,0.25,0.28,0.30
BURT,2019-11-08 05:30:00 EST,43.31699,-78.74903,315,27.7,27.9,17.2,64.7,17.4,0.000,0.000,0.00,0.000,11.5,15.4,1.7,345,13,12.3,16.3,1.8,351,11,12.3,16.3,1.8,351,11,0,29.91,0.0,0,0,0,42.4,47.0,49.3,0.25,0.28,0.30
BURT,2019-11-08 05:35:00 EST,43.31699,-78.74903,315,27.4,27.7,18.1,65.8,17.5,0.000,0.000,0.00,0.000,9.0,13.7,2.2,347,12,9.9,15.3,2.4,352,9,9.9,15.3,2.4,352,9,0,29.91,-0.0,0,0,0,42.4,47.0,49.3,0.25,0.28,0.30
BURT,2019-11-08 05:40:00 EST,43.31699,-78.74903,315,27.5,27.8,17.3,65.3,17.3,0.000,0.000,0.00,0.000,10.8,17.2,2.2,338,11,11.6,18.4,2.4,344,11,11.6,18.4,2.4,344,11,0,29.91,0.1,0,0,0,42.3,47.1,49.2,0.25,0.28,0.30
BURT,2019-11-08 05:45:00 EST,43.31699,-78.74903,315,27.4,27.8,17.1,63.0,16.5,0.000,0.000,0.00,0.000,11.3,14.1,1.6,332,10,12.0,16.0,1.8,339,9,12.0,16.0,1.8,339,9,0,29.92,0.0,0,0,0,42.4,47.0,49.3,0.25,0.28,0.30
BURT,2019-11-08 05:50:00 EST,43.31699,-78.74903,315,27.4,27.7,18.1,64.3,16.9,0.000,0.000,0.00,0.000,9.2,12.2,1.4,330,8,9.8,14.3,1.4,335,8,9.8,14.3,1.4,335,8,0,29.92,0.0,0,0,0,42.3,47.1,49.3,0.25,0.28,0.30
BURT,2019-11-08 05:55:00 EST,43.31699,-78.74903,315,27.2,27.7,17.4,65.1,17.0,0.000,0.000,0.00,0.000,9.8,13.7,1.5,328,11,10.6,15.5,1.7,334,10,10.6,15.5,1.7,334,10,0,29.92,0.0,0,0,0,42.3,47.1,49.3,0.25,0.28,0.30
BURT,2019-11-08 06:00:00 EST,43.31699,-78.74903,315,27.4,27.8,16.7,65.9,17.5,0.000,0.000,0.00,0.000,12.0,17.4,1.7,337,14,12.8,18.3,1.9,344,12,12.8,18.3,1.9,344,12,0,29.92,0.0,0,0,0,42.3,47.1,49.3,0.25,0.28,0.30
BURT,2019-11-08 06:05:00 EST,43.31699,-78.74903,315,27.5,27.8,17.5,64.0,17.0,0.000,0.000,0.00,0.000,10.8,15.9,1.8,333,9,11.4,16.2,1.9,339,9,11.4,16.2,1.9,339,9,0,29.92,0.1,0,0,0,42.3,47.1,49.3,0.25,0.28,0.30
BURT,2019-11-08 06:10:00 EST,43.31699,-78.74903,315,27.4,27.8,17.4,64.4,17.0,0.000,0.000,0.00,0.000,10.3,13.9,1.4,348,17,11.2,15.5,1.6,354,8,11.2,15.5,1.6,354,8,0,29.93,-0.0,0,0,0,42.1,47.1,49.3,0.25,0.28,0.30
BURT,2019-11-08 06:15:00 EST,43.31699,-78.74903,315,27.3,27.7,16.6,62.8,16.3,0.000,0.000,0.00,0.000,11.8,16.4,1.9,332,16,12.6,18.7,2.1,337,13,12.6,18.7,2.1,337,13,0,29.93,0.1,0,0,0,42.2,47.1,49.2,0.25,0.28,0.30
BURT,2019-11-08 06:20:00 EST,43.31699,-78.74903,315,27.1,27.6,17.0,62.8,16.1,0.000,0.000,0.00,0.000,10.8,14.1,1.5,327,11,11.3,15.7,1.6,334,11,11.3,15.7,1.6,334,11,0,29.93,0.0,0,0,0,42.1,47.0,49.3,0.25,0.28,0.30
BURT,2019-11-08 06:25:00 EST,43.31699,-78.74903,315,27.2,27.6,17.6,63.5,16.4,0.000,0.000,0.00,0.000,9.4,14.0,1.5,341,17,10.2,16.1,1.8,346,13,10.2,16.1,1.8,346,13,0,29.93,0.0,0,0,0,42.1,47.1,49.3,0.25,0.28,0.30
BURT,2019-11-08 06:30:00 EST,43.31699,-78.74903,315,27.4,27.8,16.4,63.5,16.6,0.000,0.000,0.00,0.000,12.3,16.9,2.0,344,15,13.2,18.5,2.2,350,8,13.2,18.5,2.2,350,8,0,29.93,0.0,0,0,0,42.1,47.1,49.3,0.25,0.28,0.30
BURT,2019-11-08 06:35:00 EST,43.31699,-78.74903,315,27.3,27.7,16.2,62.6,16.2,0.000,0.000,0.00,0.000,12.7,17.8,2.0,342,7,13.6,19.2,2.1,349,6,13.6,19.2,2.1,349,6,0,29.93,-0.0,0,0,0,42.1,47.0,49.3,0.25,0.28,0.30
BURT,2019-11-08 06:40:00 EST,43.31699,-78.74903,315,27.3,27.7,16.5,62.1,16.1,0.000,0.000,0.00,0.000,11.8,18.6,2.2,346,12,12.8,19.4,2.3,352,6,12.8,19.4,2.3,352,6,0,29.93,0.0,0,0,0,42.0,47.0,49.3,0.25,0.28,0.30
BURT,2019-11-08 06:45:00 EST,43.31699,-78.74903,315,27.2,27.6,16.6,61.2,15.6,0.000,0.000,0.00,0.000,11.5,16.4,2.1,348,9,12.4,18.8,2.1,354,6,12.4,18.8,2.1,354,6,1,29.94,0.0,0,0,0,42.1,47.0,49.3,0.25,0.28,0.30
BURT,2019-11-08 06:50:00 EST,43.31699,-78.74903,315,27.2,27.6,16.4,60.7,15.4,0.000,0.000,0.00,0.000,12.2,17.2,2.3,342,8,13.0,18.9,2.4,347,7,13.0,18.9,2.4,347,7,2,29.94,-0.0,0,0,0,42.1,47.1,49.3,0.25,0.28,0.30
BURT,2019-11-08 06:55:00 EST,43.31699,-78.74903,315,27.2,27.7,16.8,61.3,15.7,0.000,0.000,0.00,0.000,11.3,15.2,2.1,326,10,11.9,15.7,2.1,332,10,11.9,15.7,2.1,332,10,3,29.94,0.0,0,0,0,42.1,47.1,49.2,0.25,0.28,0.30
BURT,2019-11-08 07:00:00 EST,43.31699,-78.74903,315,27.0,27.5,17.2,62.4,15.9,0.000,0.000,0.00,0.000,9.9,13.6,1.7,338,14,10.7,15.3,1.8,343,13,10.7,15.3,1.8,343,13,5,29.94,0.0,0,0,0,42.0,47.0,49.2,0.25,0.28,0.30
BURT,2019-11-08 07:05:00 EST,43.31699,-78.74903,315,27.2,27.5,16.4,62.1,16.0,0.000,0.000,0.00,0.000,12.1,15.8,1.7,341,10,12.8,17.4,1.8,347,8,12.8,17.4,1.8,347,8,7,29.95,-0.0,0,0,0,42.0,47.0,49.2,0.25,0.28,0.30
BURT,2019-11-08 07:10:00 EST,43.31699,-78.74903,315,27.2,27.5,16.5,62.2,16.0,0.000,0.000,0.00,0.000,11.8,16.3,2.0,340,16,12.7,17.4,2.0,347,8,12.7,17.4,2.0,347,8,11,29.95,-0.0,0,0,0,41.9,47.0,49.3,0.25,0.28,0.30
BURT,2019-11-08 07:15:00 EST,43.31699,-78.74903,315,27.0,27.4,17.1,62.4,15.8,0.000,0.000,0.00,0.000,10.2,15.4,1.8,339,10,10.8,17.2,1.8,346,10,10.8,17.2,1.8,346,10,14,29.95,0.0,0,0,0,41.9,47.1,49.3,0.25,0.28,0.30
BURT,2019-11-08 07:20:00 EST,43.31699,-78.74903,315,26.9,27.3,17.3,61.8,15.5,0.000,0.000,0.00,0.000,9.4,13.0,1.5,344,15,10.2,14.1,1.6,351,12,10.2,14.1,1.6,351,12,20,29.96,0.0,0,0,0,41.9,47.0,49.2,0.25,0.28,0.30
BURT,2019-11-08 07:25:00 EST,43.31699,-78.74903,315,26.9,27.3,16.9,62.8,15.9,0.000,0.000,0.00,0.000,10.3,13.4,1.5,352,18,11.0,14.7,1.7,356,8,11.0,14.7,1.7,356,8,35,29.96,0.0,0,0,0,41.9,46.9,49.2,0.25,0.28,0.30
BURT,2019-11-08 07:30:00 EST,43.31699,-78.74903,315,27.1,27.3,16.7,62.3,15.9,0.000,0.000,0.00,0.000,10.9,14.9,1.9,351,15,11.8,16.4,2.0,356,12,11.8,16.4,2.0,356,12,49,29.96,-0.0,0,0,0,41.9,47.0,49.2,0.25,0.28,0.30
BURT,2019-11-08 07:35:00 EST,43.31699,-78.74903,315,27.2,27.5,17.1,62.5,16.1,0.000,0.000,0.00,0.000,10.5,14.2,1.3,346,11,11.3,15.6,1.4,352,8,11.3,15.6,1.4,352,8,50,29.96,-0.0,0,0,0,41.9,47.0,49.2,0.25,0.28,0.30
BURT,2019-11-08 07:40:00 EST,43.31699,-78.74903,315,27.2,27.4,16.8,62.3,16.0,0.000,0.000,0.00,0.000,11.1,14.9,1.8,345,19,11.8,16.5,1.9,352,10,11.8,16.5,1.9,352,10,62,29.96,0.0,0,0,0,41.8,47.1,49.2,0.25,0.28,0.30
BURT,2019-11-08 07:45:00 EST,43.31699,-78.74903,315,27.0,27.3,17.1,61.6,15.6,0.000,0.000,0.00,0.000,9.9,12.8,1.6,352,15,10.8,14.0,1.6,356,8,10.8,14.0,1.6,356,8,59,29.97,-0.0,0,0,0,41.8,47.0,49.2,0.25,0.28,0.30
BURT,2019-11-08 07:50:00 EST,43.31699,-78.74903,315,27.1,27.4,15.8,60.4,15.2,0.000,0.000,0.00,0.000,13.0,17.2,1.9,347,12,13.9,18.7,2.2,353,7,13.9,18.7,2.2,353,7,90,29.97,0.0,0,0,0,41.7,47.0,49.1,0.25,0.28,0.30
BURT,2019-11-08 07:55:00 EST,43.31699,-78.74903,315,27.2,27.4,16.8,60.6,15.3,0.000,0.000,0.00,0.000,11.0,15.8,1.8,350,18,11.9,16.7,2.0,355,12,11.9,16.7,2.0,355,12,110,29.97,0.0,0,0,0,41.8,47.0,49.2,0.25,0.28,0.30
BURT,2019-11-08 08:00:00 EST,43.31699,-78.74903,315,27.2,27.4,16.9,61.3,15.7,0.000,0.000,0.00,0.000,11.0,13.8,1.2,339,11,11.6,14.8,1.4,346,11,11.6,14.8,1.4,346,11,117,29.97,-0.0,0,0,0,41.7,47.0,49.2,0.25,0.28,0.30
BURT,2019-11-08 08:05:00 EST,43.31699,-78.74903,315,27.1,27.3,16.3,62.2,15.9,0.000,0.000,0.00,0.000,11.9,16.7,2.1,343,11,12.7,18.5,2.4,348,9,12.7,18.5,2.4,348,9,111,29.98,0.0,0,0,0,41.7,47.0,49.2,0.25,0.28,0.30
BURT,2019-11-08 08:10:00 EST,43.31699,-78.74903,315,27.1,27.2,17.1,62.3,15.9,0.000,0.000,0.00,0.000,10.3,16.3,2.2,344,12,11.0,18.1,2.4,349,11,11.0,18.1,2.4,349,11,129,29.98,0.0,0,0,0,41.7,47.0,49.2,0.25,0.28,0.30
BURT,2019-11-08 08:15:00 EST,43.31699,-78.74903,315,27.3,27.4,17.1,61.4,15.8,0.000,0.000,0.00,0.000,10.8,18.0,2.9,334,9,11.5,18.7,2.9,340,9,11.5,18.7,2.9,340,9,153,29.98,-0.0,0,0,0,41.7,46.9,49.2,0.25,0.28,0.30
BURT,2019-11-08 08:20:00 EST,43.31699,-78.74903,315,27.2,27.4,17.0,61.9,15.8,0.000,0.000,0.00,0.000,10.7,14.5,1.4,338,9,11.5,15.7,1.5,344,9,11.5,15.7,1.5,344,9,138,29.98,0.0,0,0,0,41.7,46.9,49.2,0.25,0.28,0.30
BURT,2019-11-08 08:25:00 EST,43.31699,-78.74903,315,27.3,27.4,17.3,61.1,15.7,0.000,0.000,0.00,0.000,10.2,16.1,2.0,349,11,11.1,17.3,2.1,355,9,11.1,17.3,2.1,355,9,154,29.98,0.0,0,0,0,41.7,46.8,49.2,0.25,0.28,0.30
BURT,2019-11-08 08:30:00 EST,43.31699,-78.74903,315,27.3,27.4,18.2,60.7,15.5,0.000,0.000,0.00,0.000,8.7,13.0,2.2,349,13,9.5,13.8,2.2,355,12,9.5,13.8,2.2,355,12,198,29.98,0.0,0,0,0,41.7,46.8,49.3,0.25,0.28,0.30
BURT,2019-11-08 08:35:00 EST,43.31699,-78.74903,315,27.5,27.6,17.5,59.1,15.1,0.000,0.000,0.00,0.000,10.6,14.8,1.8,333,13,11.2,15.3,1.9,340,13,11.2,15.3,1.9,340,13,208,29.98,0.0,0,0,0,41.7,46.8,49.2,0.25,0.28,0.30
BURT,2019-11-08 08:40:00 EST,43.31699,-78.74903,315,27.7,27.7,17.6,59.8,15.5,0.000,0.000,0.00,0.000,10.6,15.7,2.0,344,11,11.4,16.7,2.2,350,8,11.4,16.7,2.2,350,8,218,29.98,0.0,0,0,0,41.6,46.9,49.2,0.25,0.28,0.30
BURT,2019-11-08 08:45:00 EST,43.31699,-78.74903,315,27.6,27.6,16.8,58.2,14.8,0.000,0.000,0.00,0.000,11.9,18.4,2.5,341,10,12.9,20.3,2.7,348,9,12.9,20.3,2.7,348,9,229,29.99,0.0,0,0,0,41.5,46.8,49.2,0.25,0.28,0.30
BURT,2019-11-08 08:50:00 EST,43.31699,-78.74903,315,27.6,27.7,17.5,59.7,15.4,0.000,0.000,0.00,0.000,10.8,14.5,1.8,345,16,11.6,15.4,1.9,349,13,11.6,15.4,1.9,349,13,246,29.99,-0.0,0,0,0,41.6,46.8,49.2,0.25,0.28,0.30
BURT,2019-11-08 08:55:00 EST,43.31699,-78.74903,315,27.5,27.5,16.9,58.8,14.9,0.000,0.000,0.00,0.000,11.8,14.5,1.6,339,11,12.5,16.2,1.8,344,11,12.5,16.2,1.8,344,11,261,29.99,0.0,0,0,0,41.5,46.9,49.1,0.25,0.28,0.30
BURT,2019-11-08 09:00:00 EST,43.31699,-78.74903,315,27.6,27.6,17.7,61.5,16.0,0.000,0.000,0.00,0.000,10.0,12.8,1.2,350,16,11.0,14.0,1.3,355,9,11.0,14.0,1.3,355,9,247,29.99,0.0,0,0,0,41.5,46.8,49.1,0.25,0.28,0.30
BURT,2019-11-08 09:05:00 EST,43.31699,-78.74903,315,27.5,27.5,17.2,60.4,15.6,0.000,0.000,0.00,0.000,11.2,15.5,1.5,333,11,11.9,15.8,1.5,339,11,11.9,15.8,1.5,339,11,279,29.99,0.0,0,0,0,41.5,46.9,49.1,0.25,0.28,0.30
BURT,2019-11-08 09:10:00 EST,43.31699,-78.74903,315,27.5,27.4,17.7,61.9,16.2,0.000,0.000,0.00,0.000,10.3,17.0,2.2,332,17,10.8,17.4,2.2,338,15,10.8,17.4,2.2,338,15,271,29.99,0.0,0,0,0,41.5,46.8,49.1,0.25,0.28,0.30
BURT,2019-11-08 09:15:00 EST,43.31699,-78.74903,315,27.6,27.5,17.0,60.5,15.8,0.000,0.000,0.00,0.000,12.0,15.7,1.5,341,18,12.7,16.7,1.7,347,13,12.7,16.7,1.7,347,13,315,30.00,0.0,0,0,0,41.5,46.8,49.1,0.25,0.28,0.30
BURT,2019-11-08 09:20:00 EST,43.31699,-78.74903,315,27.5,27.2,19.0,61.9,16.1,0.000,0.000,0.00,0.000,8.0,12.3,1.6,342,15,8.7,13.3,1.6,346,10,8.7,13.3,1.6,346,10,260,30.00,0.1,0,0,0,41.5,46.8,49.2,0.25,0.28,0.30
BURT,2019-11-08 09:25:00 EST,43.31699,-78.74903,315,27.8,27.5,18.6,62.7,16.7,0.000,0.000,0.00,0.000,9.3,12.7,1.7,334,10,9.9,14.2,1.8,341,9,9.9,14.2,1.8,341,9,267,30.00,0.0,0,0,0,41.4,46.7,49.1,0.25,0.28,0.30
BURT,2019-11-08 09:30:00 EST,43.31699,-78.74903,315,27.6,27.4,18.2,61.4,16.0,0.000,0.000,0.00,0.000,9.4,12.7,1.6,335,9,10.1,13.4,1.7,340,9,10.1,13.4,1.7,340,9,182,30.00,0.0,0,0,0,41.4,46.8,49.1,0.25,0.28,0.30
BURT,2019-11-08 09:35:00 EST,43.31699,-78.74903,315,27.6,27.4,17.4,63.5,16.8,0.000,0.000,0.00,0.000,10.8,17.8,2.4,341,20,11.7,17.8,2.4,346,16,11.7,17.8,2.4,346,16,220,30.00,0.0,0,0,0,41.4,46.7,49.1,0.25,0.28,0.30
BURT,2019-11-08 09:40:00 EST,43.31699,-78.74903,315,27.5,27.3,17.7,62.0,16.2,0.000,0.000,0.00,0.000,10.1,14.8,1.4,336,8,10.9,15.7,1.5,343,8,10.9,15.7,1.5,343,8,213,30.00,0.0,0,0,0,41.4,46.8,49.1,0.25,0.28,0.30
BURT,2019-11-08 09:45:00 EST,43.31699,-78.74903,315,27.7,27.4,18.2,63.2,16.8,0.000,0.000,0.00,0.000,10.0,15.6,2.5,327,11,10.5,16.8,2.5,333,11,10.5,16.8,2.5,333,11,280,30.00,0.0,0,0,0,41.4,46.7,49.1,0.25,0.28,0.30
BURT,2019-11-08 09:50:00 EST,43.31699,-78.74903,315,27.6,27.3,16.8,61.5,16.1,0.000,0.000,0.00,0.000,12.4,16.5,1.6,331,9,13.1,16.7,1.7,336,9,13.1,16.7,1.7,336,9,221,30.00,0.0,0,0,0,41.4,46.7,49.1,0.25,0.28,0.30
BURT,2019-11-08 09:55:00 EST,43.31699,-78.74903,315,27.6,27.3,18.0,62.8,16.5,0.000,0.000,0.00,0.000,9.7,12.5,1.3,327,15,10.4,13.8,1.3,332,15,10.4,13.8,1.3,332,15,255,30.00,0.0,0,0,0,41.4,46.7,49.1,0.25,0.28,0.30
BURT,2019-11-08 10:00:00 EST,43.31699,-78.74903,315,27.7,27.3,17.0,64.9,17.4,0.000,0.000,0.00,0.000,11.9,15.8,1.9,346,9,12.6,18.6,2.1,352,8,12.6,18.6,2.1,352,8,280,30.00,0.0,0,0,0,41.4,46.7,49.1,0.25,0.28,0.30
BURT,2019-11-08 10:05:00 EST,43.31699,-78.74903,315,27.9,27.5,18.5,63.8,17.2,0.000,0.000,0.00,0.000,9.8,14.4,1.5,332,9,10.4,14.9,1.7,338,10,10.4,14.9,1.7,338,10,376,30.00,-0.0,0,0,0,41.4,46.8,49.1,0.25,0.28,0.30
BURT,2019-11-08 10:10:00 EST,43.31699,-78.74903,315,27.4,27.1,17.3,62.8,16.4,0.000,0.000,0.00,0.000,10.8,16.9,2.4,337,10,11.5,17.6,2.5,344,10,11.5,17.6,2.5,344,10,246,30.00,0.0,0,0,0,41.4,46.8,49.1,0.25,0.28,0.30
BURT,2019-11-08 10:15:00 EST,43.31699,-78.74903,315,27.4,27.1,16.8,62.9,16.4,0.000,0.000,0.00,0.000,11.7,15.8,2.5,345,13,12.6,19.1,2.7,351,11,12.6,19.1,2.7,351,11,241,30.01,0.1,0,0,0,41.4,46.7,49.1,0.25,0.28,0.30
BURT,2019-11-08 10:20:00 EST,43.31699,-78.74903,315,27.6,27.2,17.3,63.0,16.7,0.000,0.000,0.00,0.000,11.2,15.5,2.2,332,10,11.9,17.4,2.2,339,10,11.9,17.4,2.2,339,10,438,30.01,0.0,0,0,0,41.4,46.8,49.0,0.25,0.28,0.30
BURT,2019-11-08 10:25:00 EST,43.31699,-78.74903,315,27.9,27.4,18.0,66.7,18.2,0.000,0.000,0.00,0.000,10.2,14.9,1.7,336,16,11.1,15.4,1.6,341,14,11.1,15.4,1.6,341,14,370,30.01,-0.0,0,0,0,41.3,46.8,49.1,0.25,0.28,0.30
BURT,2019-11-08 10:30:00 EST,43.31699,-78.74903,315,28.0,27.4,18.5,63.9,17.4,0.000,0.000,0.00,0.000,10.1,13.9,2.0,320,14,10.6,15.3,2.1,325,14,10.6,15.3,2.1,325,14,444,30.01,-0.1,0,0,0,41.3,46.8,49.0,0.25,0.28,0.30
BURT,2019-11-08 10:35:00 EST,43.31699,-78.74903,315,27.7,27.2,18.8,64.2,17.2,0.000,0.000,0.00,0.000,8.6,12.5,2.1,349,13,9.3,13.8,2.1,354,6,9.3,13.8,2.1,354,6,308,30.01,-0.1,0,0,0,41.3,46.8,49.1,0.25,0.28,0.30
BURT,2019-11-08 10:40:00 EST,43.31699,-78.74903,315,27.8,27.3,18.7,65.5,17.8,0.000,0.000,0.00,0.000,9.1,12.0,1.6,319,11,9.7,13.0,1.5,325,12,9.7,13.0,1.5,325,12,396,30.01,-0.0,0,0,0,41.3,46.8,49.1,0.25,0.28,0.30
BURT,2019-11-08 10:45:00 EST,43.31699,-78.74903,315,28.1,27.4,19.4,64.3,17.6,0.000,0.000,0.00,0.000,8.8,12.0,1.5,308,8,9.0,12.2,1.6,314,7,9.0,12.2,1.6,314,7,360,30.01,-0.1,0,0,0,41.2,46.8,49.0,0.25,0.28,0.30
BURT,2019-11-08 10:50:00 EST,43.31699,-78.74903,315,28.2,27.4,18.2,65.8,18.2,0.000,0.000,0.00,0.000,10.8,13.8,1.9,341,10,11.6,14.5,2.0,347,10,11.6,14.5,2.0,347,10,446,30.01,-0.1,0,0,0,41.3,46.8,49.0,0.25,0.28,0.30
BURT,2019-11-08 10:55:00 EST,43.31699,-78.74903,315,28.0,27.4,19.3,66.4,18.2,0.000,0.000,0.00,0.000,8.3,13.8,2.5,332,13,9.0,14.4,2.5,337,15,9.0,14.4,2.5,337,15,302,30.01,-0.1,0,0,0,41.3,46.7,49.1,0.25,0.28,0.30
BURT,2019-11-08 11:00:00 EST,43.31699,-78.74903,315,27.9,27.4,18.3,66.7,18.3,0.000,0.000,0.00,0.000,10.0,12.9,1.3,335,11,10.7,13.7,1.3,341,11,10.7,13.7,1.3,341,11,230,30.01,0.1,0,0,0,41.2,46.7,49.0,0.25,0.28,0.30
BURT,2019-11-08 11:05:00 EST,43.31699,-78.74903,315,27.9,27.4,18.1,67.2,18.4,0.000,0.000,0.00,0.000,10.2,13.3,1.5,344,16,10.9,14.9,1.6,348,10,10.9,14.9,1.6,348,10,196,30.01,-0.1,0,0,0,41.2,46.7,49.0,0.25,0.28,0.30
BURT,2019-11-08 11:10:00 EST,43.31699,-78.74903,315,27.7,27.3,19.0,66.5,18.0,0.000,0.000,0.00,0.000,8.1,11.0,1.5,347,15,8.9,12.2,1.6,353,11,8.9,12.2,1.6,353,11,266,30.01,0.2,0,0,0,41.2,46.7,49.0,0.25,0.28,0.30
BURT,2019-11-08 11:15:00 EST,43.31699,-78.74903,315,28.1,27.6,19.4,65.9,18.1,0.000,0.000,0.00,0.000,8.4,11.6,1.6,330,18,9.0,12.3,1.6,335,14,9.0,12.3,1.6,335,14,222,30.01,0.1,0,0,0,41.2,46.7,49.0,0.25,0.28,0.30
BURT,2019-11-08 11:20:00 EST,43.31699,-78.74903,315,28.1,27.5,20.4,66.1,18.3,0.000,0.000,0.00,0.000,7.2,10.5,1.3,324,11,7.6,11.1,1.4,329,10,7.6,11.1,1.4,329,10,430,30.01,0.2,0,0,0,41.2,46.7,49.0,0.25,0.28,0.30
BURT,2019-11-08 11:25:00 EST,43.31699,-78.74903,315,28.4,27.7,20.1,67.0,18.8,0.000,0.000,0.00,0.000,7.8,11.0,1.5,342,17,8.4,11.9,1.5,347,16,8.4,11.9,1.5,347,16,366,30.01,0.1,0,0,0,41.2,46.7,49.0,0.25,0.28,0.30
BURT,2019-11-08 11:30:00 EST,43.31699,-78.74903,315,28.6,27.8,20.0,66.7,18.9,0.000,0.000,0.00,0.000,8.3,13.7,1.4,347,19,9.0,13.3,1.4,352,11,9.0,13.3,1.4,352,11,393,30.01,0.1,0,0,0,41.2,46.7,49.1,0.25,0.28,0.30
BURT,2019-11-08 11:35:00 EST,43.31699,-78.74903,315,28.3,27.6,20.0,67.2,18.8,0.000,0.000,0.00,0.000,8.3,11.7,1.6,305,7,8.6,12.3,1.6,312,7,8.6,12.3,1.6,312,7,287,30.01,0.2,0,0,0,41.2,46.8,48.8,0.25,0.28,0.30
BURT,2019-11-08 11:40:00 EST,43.31699,-78.74903,315,28.4,27.6,19.1,68.7,19.4,0.000,0.000,0.00,0.000,9.9,12.9,2.0,324,8,10.3,14.0,2.1,329,8,10.3,14.0,2.1,329,8,323,30.01,0.1,0,0,0,41.2,46.7,48.9,0.25,0.28,0.30
BURT,2019-11-08 11:45:00 EST,43.31699,-78.74903,315,28.4,27.7,19.5,69.1,19.6,0.000,0.000,0.00,0.000,9.1,13.3,1.8,323,8,9.6,14.1,1.8,328,7,9.6,14.1,1.8,328,7,423,30.00,0.1,0,0,0,41.2,46.7,48.8,0.25,0.28,0.30
BURT,2019-11-08 11:50:00 EST,43.31699,-78.74903,315,28.7,27.8,20.7,68.8,19.7,0.000,0.000,0.00,0.000,7.4,10.0,1.3,345,13,8.2,10.9,1.3,350,13,8.2,10.9,1.3,350,13,440,30.00,0.1,0,0,0,41.2,46.6,49.0,0.25,0.28,0.30
BURT,2019-11-08 11:55:00 EST,43.31699,-78.74903,315,28.7,27.9,19.4,69.7,20.0,0.000,0.000,0.00,0.000,9.8,14.5,2.4,329,16,10.3,14.8,2.4,335,11,10.3,14.8,2.4,335,11,320,30.00,0.1,0,0,0,41.2,46.7,48.9,0.25,0.28,0.30
BURT,2019-11-08 12:00:00 EST,43.31699,-78.74903,315,28.8,27.8,20.7,69.6,20.1,0.000,0.000,0.00,0.000,7.9,13.0,1.6,314,9,8.4,13.8,1.8,320,8,8.4,13.8,1.8,320,8,543,30.00,0.2,0,0,0,41.2,46.6,48.9,0.25,0.28,0.30
BURT,2019-11-08 12:05:00 EST,43.31699,-78.74903,315,28.9,28.0,19.4,70.8,20.6,0.000,0.000,0.00,0.000,10.0,14.2,2.0,346,8,10.9,16.2,2.1,351,8,10.9,16.2,2.1,351,8,270,30.00,0.1,0,0,0,41.2,46.6,49.0,0.25,0.28,0.30
BURT,2019-11-08 12:10:00 EST,43.31699,-78.74903,315,28.8,27.9,19.8,71.8,20.8,0.000,0.000,0.00,0.000,9.4,12.7,1.6,325,17,10.0,13.1,1.4,329,14,10.0,13.1,1.4,329,14,305,30.00,0.1,0,0,0,41.2,46.6,48.8,0.25,0.28,0.30
BURT,2019-11-08 12:15:00 EST,43.31699,-78.74903,315,28.5,27.7,21.0,69.5,19.8,0.000,0.000,0.00,0.000,6.8,10.2,1.4,319,11,7.4,11.6,1.6,325,10,7.4,11.6,1.6,325,10,268,30.00,0.1,0,0,0,41.2,46.5,48.9,0.25,0.28,0.30
BURT,2019-11-08 12:20:00 EST,43.31699,-78.74903,315,28.3,27.8,18.5,69.3,19.5,0.000,0.000,0.00,0.000,10.7,15.3,1.9,317,15,11.2,15.6,1.9,324,15,11.2,15.6,1.9,324,15,157,30.00,0.1,0,0,0,41.2,46.5,48.8,0.25,0.28,0.30
BURT,2019-11-08 12:25:00 EST,43.31699,-78.74903,315,28.5,27.8,19.8,70.2,20.0,0.000,0.000,0.00,0.000,8.7,12.0,1.2,314,21,9.1,13.0,1.3,320,21,9.1,13.0,1.3,320,21,292,30.00,0.1,0,0,0,41.2,46.6,48.8,0.25,0.28,0.30
BURT,2019-11-08 12:30:00 EST,43.31699,-78.74903,315,29.1,28.2,20.2,70.7,20.8,0.000,0.000,0.00,0.000,9.3,13.6,2.0,325,17,10.0,14.1,2.0,329,16,10.0,14.1,2.0,329,16,380,30.00,0.1,0,0,0,41.2,46.4,48.8,0.25,0.28,0.30
BURT,2019-11-08 12:35:00 EST,43.31699,-78.74903,315,28.9,28.1,19.2,69.0,20.0,0.000,0.000,0.00,0.000,10.9,15.1,1.8,328,9,11.4,15.4,1.8,334,9,11.4,15.4,1.8,334,9,345,29.99,-0.0,0,0,0,41.2,46.4,49.0,0.25,0.28,0.30
BURT,2019-11-08 12:40:00 EST,43.31699,-78.74903,315,28.8,27.9,19.9,68.8,19.8,0.000,0.000,0.00,0.000,9.2,13.3,1.9,331,9,9.7,14.2,1.9,337,10,9.7,14.2,1.9,337,10,427,29.99,0.2,0,0,0,41.2,46.5,48.6,0.25,0.28,0.30
BURT,2019-11-08 12:45:00 EST,43.31699,-78.74903,315,29.0,28.1,21.0,67.6,19.6,0.000,0.000,0.00,0.000,7.9,12.0,1.9,328,7,8.3,13.2,2.0,335,8,8.3,13.2,2.0,335,8,421,29.99,-0.1,0,0,0,41.2,46.4,48.8,0.25,0.28,0.30
BURT,2019-11-08 12:50:00 EST,43.31699,-78.74903,315,29.1,28.3,21.0,66.6,19.4,0.000,0.000,0.00,0.000,8.1,12.8,1.7,314,12,8.5,13.8,1.8,320,12,8.5,13.8,1.8,320,12,497,29.99,-0.2,0,0,0,41.2,46.4,48.7,0.25,0.28,0.30
BURT,2019-11-08 12:55:00 EST,43.31699,-78.74903,315,29.7,28.5,21.3,67.4,20.2,0.000,0.000,0.00,0.000,8.7,13.0,1.6,319,11,9.0,15.0,1.8,325,12,9.0,15.0,1.8,325,12,441,29.99,-0.1,0,0,0,41.2,46.5,48.7,0.25,0.28,0.30
BURT,2019-11-08 13:00:00 EST,43.31699,-78.74903,315,29.3,28.3,20.3,68.8,20.3,0.000,0.000,0.00,0.000,9.5,14.0,1.7,316,15,10.1,15.5,1.8,321,14,10.1,15.5,1.8,321,14,324,29.99,-0.2,0,0,0,41.2,46.5,48.7,0.25,0.28,0.29
BURT,2019-11-08 13:05:00 EST,43.31699,-78.74903,315,29.0,28.2,20.3,67.0,19.4,0.000,0.000,0.00,0.000,9.0,12.1,1.3,311,10,9.4,14.1,1.5,318,9,9.4,14.1,1.5,318,9,283,29.99,-0.1,0,0,0,41.2,46.5,48.7,0.25,0.28,0.30
BURT,2019-11-08 13:10:00 EST,43.31699,-78.74903,315,29.0,28.3,21.6,67.7,19.6,0.000,0.000,0.00,0.000,6.9,8.6,1.0,317,19,7.4,9.5,1.1,323,19,7.4,9.5,1.1,323,19,170,29.99,-0.1,0,0,0,41.2,46.5,48.6,0.25,0.28,0.30
BURT,2019-11-08 13:15:00 EST,43.31699,-78.74903,315,29.1,28.4,20.7,66.9,19.4,0.000,0.000,0.00,0.000,8.6,11.3,1.7,322,13,9.0,11.9,1.8,328,11,9.0,11.9,1.8,328,11,228,29.99,-0.2,0,0,0,41.3,46.6,48.8,0.25,0.28,0.30
BURT,2019-11-08 13:20:00 EST,43.31699,-78.74903,315,28.6,28.1,20.0,67.4,19.2,0.000,0.000,0.00,0.000,8.8,11.4,1.0,313,7,9.2,12.2,1.1,319,7,9.2,12.2,1.1,319,7,132,29.99,-0.2,0,0,0,41.3,46.5,48.7,0.25,0.28,0.30
BURT,2019-11-08 13:25:00 EST,43.31699,-78.74903,315,28.6,28.0,21.4,67.4,19.2,0.000,0.000,0.00,0.000,6.7,9.6,1.6,302,11,6.9,10.4,1.6,308,11,6.9,10.4,1.6,308,11,164,29.99,-0.1,0,0,0,41.3,46.4,48.7,0.25,0.28,0.30
BURT,2019-11-08 13:30:00 EST,43.31699,-78.74903,315,28.8,28.3,22.6,66.9,19.2,0.000,0.000,0.00,0.000,5.3,7.5,1.0,280,11,5.8,8.5,1.2,287,10,5.8,8.5,1.2,287,10,172,29.99,-0.2,0,0,0,41.3,46.5,48.7,0.25,0.28,0.30
BURT,2019-11-08 13:35:00 EST,43.31699,-78.74903,315,29.4,28.6,22.8,66.6,19.6,0.000,0.000,0.00,0.000,5.9,8.6,1.2,319,18,6.3,9.0,1.3,324,16,6.3,9.0,1.3,324,16,413,29.99,-0.1,0,0,0,41.3,46.4,48.7,0.25,0.28,0.29
BURT,2019-11-08 13:40:00 EST,43.31699,-78.74903,315,29.9,29.0,22.2,66.4,20.1,0.000,0.000,0.00,0.000,7.5,10.9,1.6,317,10,8.1,11.5,1.7,322,9,8.1,11.5,1.7,322,9,439,29.99,-0.2,0,0,0,41.3,46.4,48.6,0.25,0.28,0.30
BURT,2019-11-08 13:45:00 EST,43.31699,-78.74903,315,29.8,28.7,22.8,65.1,19.5,0.000,0.000,0.00,0.000,6.7,11.2,2.2,317,7,7.0,11.4,2.3,322,6,7.0,11.4,2.3,322,6,472,29.99,-0.1,0,0,0,41.4,46.3,48.7,0.25,0.28,0.30
BURT,2019-11-08 13:50:00 EST,43.31699,-78.74903,315,30.0,28.9,23.4,64.4,19.5,0.000,0.000,0.00,0.000,6.1,9.6,1.3,331,10,6.6,9.6,1.3,337,9,6.6,9.6,1.3,337,9,501,29.99,-0.1,0,0,0,41.3,46.4,48.7,0.25,0.28,0.30
BURT,2019-11-08 13:55:00 EST,43.31699,-78.74903,315,30.6,29.3,24.7,62.8,19.4,0.000,0.000,0.00,0.000,5.3,7.9,1.3,279,24,5.8,8.3,1.4,285,23,5.8,8.3,1.4,285,23,491,29.99,-0.1,0,0,0,41.4,46.3,48.6,0.25,0.28,0.30
BURT,2019-11-08 14:00:00 EST,43.31699,-78.74903,315,31.1,29.7,24.9,61.6,19.5,0.000,0.000,0.00,0.000,5.9,11.0,2.7,307,25,6.3,12.1,2.7,311,26,6.3,12.1,2.7,311,26,508,29.98,-0.2,0,0,0,41.4,46.3,48.7,0.25,0.28,0.30
BURT,2019-11-08 14:05:00 EST,43.31699,-78.74903,315,30.3,29.2,23.1,65.2,20.0,0.000,0.000,0.00,0.000,6.9,10.7,1.4,335,17,7.4,12.1,1.5,341,16,7.4,12.1,1.5,341,16,371,29.98,-0.3,0,0,0,41.4,46.4,48.7,0.25,0.28,0.30
BURT,2019-11-08 14:10:00 EST,43.31699,-78.74903,315,30.3,29.5,24.6,64.8,19.9,0.000,0.000,0.00,0.000,4.9,7.9,1.8,279,17,5.5,8.8,1.9,285,16,5.5,8.8,1.9,285,16,315,29.98,-0.2,0,0,0,41.4,46.3,48.7,0.25,0.28,0.30
BURT,2019-11-08 14:15:00 EST,43.31699,-78.74903,315,30.2,29.4,22.1,66.9,20.6,0.000,0.000,0.00,0.000,8.5,11.8,1.5,308,12,9.0,12.0,1.4,313,12,9.0,12.0,1.4,313,12,190,29.98,-0.3,0,0,0,41.4,46.3,48.6,0.25,0.28,0.30
BURT,2019-11-08 14:20:00 EST,43.31699,-78.74903,315,29.4,28.8,21.6,65.2,19.1,0.000,0.000,0.00,0.000,7.8,10.2,1.4,297,8,8.1,11.1,1.5,304,8,8.1,11.1,1.5,304,8,89,29.98,-0.2,0,0,0,41.4,46.4,48.7,0.25,0.28,0.30
BURT,2019-11-08 14:25:00 EST,43.31699,-78.74903,315,29.2,28.8,22.8,67.7,19.9,0.000,0.000,0.00,0.000,5.7,7.5,1.0,305,15,6.1,8.1,1.0,310,15,6.1,8.1,1.0,310,15,127,29.98,-0.2,0,0,0,41.4,46.4,48.7,0.25,0.28,0.30
BURT,2019-11-08 14:30:00 EST,43.31699,-78.74903,315,30.1,29.3,23.0,67.4,20.6,0.000,0.000,0.00,0.000,6.8,9.3,1.2,311,10,7.3,10.4,1.3,316,11,7.3,10.4,1.3,316,11,335,29.98,-0.2,0,0,0,41.4,46.2,48.7,0.25,0.28,0.30
BURT,2019-11-08 14:35:00 EST,43.31699,-78.74903,315,29.9,29.2,22.4,64.1,19.2,0.000,0.000,0.00,0.000,7.3,10.6,1.1,329,13,7.8,10.7,1.2,335,12,7.8,10.7,1.2,335,12,215,29.98,-0.2,0,0,0,41.4,46.3,48.6,0.25,0.28,0.30
BURT,2019-11-08 14:40:00 EST,43.31699,-78.74903,315,29.9,29.3,23.8,66.0,20.0,0.000,0.000,0.00,0.000,5.5,9.4,1.1,321,20,5.9,9.8,1.3,326,19,5.9,9.8,1.3,326,19,204,29.98,-0.2,0,0,0,41.4,46.3,48.7,0.25,0.28,0.30
BURT,2019-11-08 14:45:00 EST,43.31699,-78.74903,315,30.2,29.5,24.8,65.2,19.9,0.000,0.000,0.00,0.000,4.8,7.6,1.0,310,19,5.1,8.4,1.1,315,18,5.1,8.4,1.1,315,18,217,29.98,-0.2,0,0,0,41.4,46.3,48.7,0.25,0.28,0.30
BURT,2019-11-08 14:50:00 EST,43.31699,-78.74903,315,30.4,29.8,24.8,67.4,20.9,0.000,0.000,0.00,0.000,5.0,7.9,1.1,285,14,5.5,8.3,1.1,291,12,5.5,8.3,1.1,291,12,119,29.98,-0.2,0,0,0,41.4,46.3,48.6,0.25,0.28,0.30
BURT,2019-11-08 14:55:00 EST,43.31699,-78.74903,315,30.8,30.0,25.3,65.3,20.5,0.000,0.000,0.00,0.000,5.0,7.7,1.2,282,15,5.4,8.6,1.2,288,13,5.4,8.6,1.2,288,13,219,29.98,-0.2,0,0,0,41.4,46.4,48.7,0.25,0.28,0.30
BURT,2019-11-08 15:00:00 EST,43.31699,-78.74903,315,30.5,29.8,25.6,62.7,19.2,0.000,0.000,0.00,0.000,4.1,5.9,0.7,284,19,4.6,7.0,1.0,290,18,4.6,7.0,1.0,290,18,254,29.98,-0.2,0,0,0,41.4,46.3,48.7,0.25,0.28,0.30
BURT,2019-11-08 15:05:00 EST,43.31699,-78.74903,315,31.2,30.4,25.2,61.2,19.4,0.000,0.000,0.00,0.000,5.7,11.9,2.4,295,18,6.2,12.7,2.5,301,18,6.2,12.7,2.5,301,18,289,29.98,-0.3,0,0,0,41.4,46.3,48.7,0.25,0.28,0.30
BURT,2019-11-08 15:10:00 EST,43.31699,-78.74903,315,30.8,30.0,23.8,60.6,18.8,0.000,0.000,0.00,0.000,6.8,10.4,1.5,285,14,7.4,11.3,1.5,291,13,7.4,11.3,1.5,291,13,262,29.98,-0.2,0,0,0,41.4,46.2,48.7,0.25,0.28,0.30
BURT,2019-11-08 15:15:00 EST,43.31699,-78.74903,315,30.8,30.0,24.9,60.3,18.6,0.000,0.000,0.00,0.000,5.5,8.7,1.2,290,9,5.9,9.5,1.3,295,10,5.9,9.5,1.3,295,10,240,29.98,-0.2,0,0,0,41.4,46.3,48.7,0.25,0.28,0.30
BURT,2019-11-08 15:20:00 EST,43.31699,-78.74903,315,30.7,29.9,24.4,61.3,18.9,0.000,0.000,0.00,0.000,5.9,8.0,1.0,304,7,6.3,8.5,1.0,310,7,6.3,8.5,1.0,310,7,230,29.98,-0.2,0,0,0,41.4,46.3,48.7,0.25,0.28,0.30
BURT,2019-11-08 15:25:00 EST,43.31699,-78.74903,315,30.7,30.0,25.3,59.7,18.3,0.000,0.000,0.00,0.000,4.9,7.1,1.2,276,27,5.3,9.0,1.5,282,27,5.3,9.0,1.5,282,27,220,29.98,-0.2,0,0,0,41.5,46.3,48.7,0.25,0.28,0.30
BURT,2019-11-08 15:30:00 EST,43.31699,-78.74903,315,30.6,30.1,24.6,58.4,17.7,0.000,0.000,0.00,0.000,5.3,8.4,1.3,251,17,6.0,9.3,1.5,257,16,6.0,9.3,1.5,257,16,160,29.98,-0.3,0,0,0,41.5,46.3,48.7,0.25,0.28,0.30
BURT,2019-11-08 15:35:00 EST,43.31699,-78.74903,315,30.9,30.3,26.1,59.4,18.4,0.000,0.000,0.00,0.000,4.3,7.4,1.5,246,17,4.7,7.8,1.5,251,17,4.7,7.8,1.5,251,17,195,29.98,-0.3,0,0,0,41.5,46.3,48.7,0.25,0.28,0.30
BURT,2019-11-08 15:40:00 EST,43.31699,-78.74903,315,30.5,30.1,23.8,60.4,18.4,0.000,0.000,0.00,0.000,6.4,9.6,1.4,282,14,6.9,10.2,1.5,288,14,6.9,10.2,1.5,288,14,93,29.98,-0.3,0,0,0,41.5,46.4,48.6,0.25,0.28,0.30
BURT,2019-11-08 15:45:00 EST,43.31699,-78.74903,315,30.2,29.9,24.8,63.1,19.1,0.000,0.000,0.00,0.000,4.8,8.0,1.1,282,11,5.2,8.5,1.2,287,9,5.2,8.5,1.2,287,9,123,29.98,-0.2,0,0,0,41.5,46.3,48.7,0.25,0.28,0.30
BURT,2019-11-08 15:50:00 EST,43.31699,-78.74903,315,30.5,30.1,24.8,60.0,18.3,0.000,0.000,0.00,0.000,5.1,8.6,1.4,260,17,5.6,10.2,1.6,268,15,5.6,10.2,1.6,268,15,149,29.98,-0.2,0,0,0,41.5,46.3,48.6,0.25,0.28,0.30
BURT,2019-11-08 15:55:00 EST,43.31699,-78.74903,315,30.6,30.2,24.5,59.2,18.1,0.000,0.000,0.00,0.000,5.5,8.5,1.3,263,19,6.0,9.9,1.5,269,18,6.0,9.9,1.5,269,18,139,29.98,-0.3,0,0,0,41.5,46.3,48.6,0.25,0.28,0.30
BURT,2019-11-08 16:00:00 EST,43.31699,-78.74903,315,30.5,30.2,23.2,60.3,18.4,0.000,0.000,0.00,0.000,7.1,10.9,1.4,277,19,7.7,11.5,1.4,284,18,7.7,11.5,1.4,284,18,124,29.98,-0.3,0,0,0,41.5,46.3,48.6,0.25,0.28,0.30
BURT,2019-11-08 16:05:00 EST,43.31699,-78.74903,315,30.4,30.1,25.6,60.6,18.4,0.000,0.000,0.00,0.000,4.1,7.7,1.6,268,12,4.5,9.4,1.8,275,10,4.5,9.4,1.8,275,10,111,29.98,-0.2,0,0,0,41.5,46.3,48.6,0.25,0.28,0.30
BURT,2019-11-08 16:10:00 EST,43.31699,-78.74903,315,30.4,30.2,25.1,60.3,18.3,0.000,0.000,0.00,0.000,4.5,7.1,1.1,253,15,5.0,8.1,1.2,257,16,5.0,8.1,1.2,257,16,95,29.98,-0.3,0,0,0,41.5,46.3,48.6,0.25,0.28,0.30
BURT,2019-11-08 16:15:00 EST,43.31699,-78.74903,315,30.2,30.0,24.1,60.8,18.3,0.000,0.000,0.00,0.000,5.3,7.7,1.2,268,11,5.9,8.5,1.3,274,10,5.9,8.5,1.3,274,10,81,29.98,-0.3,0,0,0,41.5,46.3,48.6,0.25,0.28,0.30
BURT,2019-11-08 16:20:00 EST,43.31699,-78.74903,315,30.0,30.0,24.8,61.8,18.5,0.000,0.000,0.00,0.000,4.5,6.8,1.1,274,14,4.9,7.9,1.3,280,13,4.9,7.9,1.3,280,13,65,29.98,-0.3,0,0,0,41.5,46.4,48.7,0.25,0.28,0.30
BURT,2019-11-08 16:25:00 EST,43.31699,-78.74903,315,29.7,29.9,23.8,61.8,18.2,0.000,0.000,0.00,0.000,5.0,7.2,1.2,265,20,5.7,9.5,1.4,272,19,5.7,9.5,1.4,272,19,51,29.98,-0.3,0,0,0,41.5,46.4,48.6,0.25,0.28,0.30
BURT,2019-11-08 16:30:00 EST,43.31699,-78.74903,315,29.4,29.7,24.8,61.1,17.7,0.000,0.000,0.00,0.000,4.0,5.6,0.7,243,21,4.3,6.3,0.8,250,21,4.3,6.3,0.8,250,21,29,29.98,-0.3,0,0,0,41.5,46.3,48.7,0.25,0.28,0.30
BURT,2019-11-08 16:35:00 EST,43.31699,-78.74903,315,29.3,29.7,25.6,62.5,18.1,0.000,0.000,0.00,0.000,3.2,5.3,0.8,245,16,3.5,5.9,0.9,251,15,3.5,5.9,0.9,251,15,22,29.98,-0.3,0,0,0,41.5,46.3,48.6,0.25,0.28,0.30
BURT,2019-11-08 16:40:00 EST,43.31699,-78.74903,315,29.2,29.6,25.0,63.6,18.4,0.000,0.000,0.00,0.000,3.7,6.3,0.9,236,14,3.9,6.7,1.0,241,14,3.9,6.7,1.0,241,14,18,29.98,-0.3,0,0,0,41.5,46.4,48.6,0.26,0.28,0.30
BURT,2019-11-08 16:45:00 EST,43.31699,-78.74903,315,29.1,29.4,24.9,64.4,18.6,0.000,0.000,0.00,0.000,3.7,7.7,1.3,238,16,3.9,8.9,1.4,244,16,3.9,8.9,1.4,244,16,15,29.98,-0.3,0,0,0,41.5,46.3,48.6,0.25,0.28,0.30
BURT,2019-11-08 16:50:00 EST,43.31699,-78.74903,315,29.0,29.4,29.0,64.9,18.7,0.000,0.000,0.00,0.000,2.9,5.6,0.9,230,14,2.9,6.4,1.0,235,15,2.9,6.4,1.0,235,15,11,29.98,-0.3,0,0,0,41.4,46.2,48.6,0.25,0.28,0.30
BURT,2019-11-08 16:55:00 EST,43.31699,-78.74903,315,28.8,29.3,25.1,65.6,18.8,0.000,0.000,0.00,0.000,3.4,6.1,0.8,233,11,3.5,7.4,1.0,238,11,3.5,7.4,1.0,238,11,8,29.98,-0.3,0,0,0,41.5,46.1,48.6,0.26,0.28,0.30
BURT,2019-11-08 17:00:00 EST,43.31699,-78.74903,315,28.7,29.3,25.5,65.7,18.6,0.000,0.000,0.00,0.000,3.0,5.7,0.8,231,11,3.0,6.0,0.9,235,11,3.0,6.0,0.9,235,11,5,29.98,-0.3,0,0,0,41.4,46.2,48.6,0.25,0.28,0.30
BURT,2019-11-08 17:05:00 EST,43.31699,-78.74903,315,28.5,29.2,28.5,66.4,18.7,0.000,0.000,0.00,0.000,2.9,3.7,0.5,226,14,2.9,4.4,0.7,230,12,2.9,4.4,0.7,230,12,3,29.98,-0.3,0,0,0,41.4,46.2,48.7,0.25,0.28,0.30
BURT,2019-11-08 17:10:00 EST,43.31699,-78.74903,315,28.4,29.0,28.4,67.6,19.1,0.000,0.000,0.00,0.000,2.1,3.3,0.5,205,16,2.2,3.2,0.4,209,17,2.2,3.2,0.4,209,17,1,29.98,-0.3,0,0,0,41.5,46.3,48.6,0.26,0.28,0.30
BURT,2019-11-08 17:15:00 EST,43.31699,-78.74903,315,27.9,28.9,27.9,70.8,19.7,0.000,0.000,0.00,0.000,2.3,3.5,0.4,186,7,2.6,3.7,0.4,193,9,2.6,3.7,0.4,193,9,1,29.98,-0.3,0,0,0,41.4,46.1,48.7,0.26,0.28,0.30
BURT,2019-11-08 17:20:00 EST,43.31699,-78.74903,315,26.8,28.7,26.8,74.9,19.9,0.000,0.000,0.00,0.000,2.6,3.4,0.4,181,9,2.8,3.6,0.4,189,9,2.8,3.6,0.4,189,9,0,29.98,-0.3,0,0,0,41.4,46.3,48.6,0.26,0.28,0.30
BURT,2019-11-08 17:25:00 EST,43.31699,-78.74903,315,26.1,28.5,26.1,76.9,19.9,0.000,0.000,0.00,0.000,2.3,3.8,0.4,174,10,2.6,4.7,0.5,182,11,2.6,4.7,0.5,182,11,0,29.98,-0.3,0,0,0,41.4,46.1,48.7,0.25,0.28,0.30
BURT,2019-11-08 17:30:00 EST,43.31699,-78.74903,315,25.9,28.3,25.9,78.6,20.2,0.000,0.000,0.00,0.000,2.3,3.7,0.5,182,12,2.6,4.0,0.5,189,13,2.6,4.0,0.5,189,13,0,29.98,-0.3,0,0,0,41.4,46.0,48.6,0.26,0.28,0.30
BURT,2019-11-08 17:35:00 EST,43.31699,-78.74903,315,25.7,28.1,25.7,78.9,20.1,0.000,0.000,0.00,0.000,1.7,2.6,0.4,174,9,2.1,3.2,0.4,179,12,2.1,3.2,0.4,179,12,0,29.98,-0.3,0,0,0,41.4,46.1,48.6,0.26,0.28,0.30
BURT,2019-11-08 17:40:00 EST,43.31699,-78.74903,315,25.6,27.9,25.6,79.2,20.0,0.000,0.000,0.00,0.000,1.4,2.8,0.4,172,9,1.8,3.5,0.5,179,13,1.8,3.5,0.5,179,13,0,29.98,-0.4,0,0,0,41.4,46.0,48.6,0.26,0.28,0.30
BURT,2019-11-08 17:45:00 EST,43.31699,-78.74903,315,25.5,27.9,25.5,79.6,20.1,0.000,0.000,0.00,0.000,1.5,2.3,0.4,160,10,1.7,2.9,0.4,164,13,1.7,2.9,0.4,164,13,0,29.98,-0.3,0,0,0,41.4,45.9,48.6,0.26,0.28,0.30
BURT,2019-11-08 17:50:00 EST,43.31699,-78.74903,315,25.4,28.0,25.4,79.1,19.9,0.000,0.000,0.00,0.000,1.5,3.2,0.5,164,11,1.8,3.9,0.5,168,16,1.8,3.9,0.5,168,16,0,29.98,-0.3,0,0,0,41.3,46.0,48.6,0.26,0.28,0.30
BURT,2019-11-08 17:55:00 EST,43.31699,-78.74903,315,24.4,27.7,24.4,80.8,19.4,0.000,0.000,0.00,0.000,1.1,1.6,0.2,171,6,1.5,2.1,0.3,174,9,1.5,2.1,0.3,174,9,0,29.98,-0.3,0,0,0,41.3,46.0,48.6,0.26,0.28,0.30
BURT,2019-11-08 18:00:00 EST,43.31699,-78.74903,315,24.3,27.5,24.3,82.3,19.7,0.000,0.000,0.00,0.000,0.6,1.5,0.3,170,3,1.0,1.8,0.3,174,13,1.0,1.8,0.3,174,13,0,29.98,-0.3,0,0,0,41.3,46.0,48.6,0.25,0.28,0.30
BURT,2019-11-08 18:05:00 EST,43.31699,-78.74903,315,24.3,27.5,24.3,83.1,19.9,0.000,0.000,0.00,0.000,1.7,2.6,0.7,188,5,2.1,3.4,0.7,194,8,2.1,3.4,0.7,194,8,0,29.98,-0.3,0,0,0,41.2,46.0,48.6,0.26,0.28,0.30
BURT,2019-11-08 18:10:00 EST,43.31699,-78.74903,315,24.0,27.6,24.0,84.2,20.0,0.000,0.000,0.00,0.000,2.2,3.3,0.5,182,7,2.6,3.8,0.5,190,9,2.6,3.8,0.5,190,9,0,29.98,-0.3,0,0,0,41.2,46.0,48.6,0.26,0.28,0.30
BURT,2019-11-08 18:15:00 EST,43.31699,-78.74903,315,23.6,27.4,23.6,85.8,20.0,0.000,0.000,0.00,0.000,1.6,2.7,0.3,168,11,1.9,3.5,0.5,175,13,1.9,3.5,0.5,175,13,0,29.98,-0.3,0,0,0,41.2,46.0,48.6,0.26,0.28,0.29
BURT,2019-11-08 18:20:00 EST,43.31699,-78.74903,315,23.7,27.0,23.7,86.7,20.3,0.000,0.000,0.00,0.000,1.2,1.9,0.3,156,13,1.5,2.5,0.4,159,16,1.5,2.5,0.4,159,16,0,29.98,-0.3,0,0,0,41.1,46.0,48.6,0.25,0.28,0.30
BURT,2019-11-08 18:25:00 EST,43.31699,-78.74903,315,23.5,27.0,23.5,87.0,20.2,0.000,0.000,0.00,0.000,1.4,2.0,0.3,150,8,1.6,2.6,0.3,150,10,1.6,2.6,0.3,150,10,0,29.99,-0.3,0,0,0,41.2,46.0,48.6,0.25,0.28,0.30
BURT,2019-11-08 18:30:00 EST,43.31699,-78.74903,315,22.9,27.0,22.9,86.1,19.3,0.000,0.000,0.00,0.000,1.6,2.1,0.2,162,7,1.9,2.5,0.3,165,11,1.9,2.5,0.3,165,11,0,29.99,-0.2,0,0,0,41.1,45.9,48.6,0.26,0.28,0.30
BURT,2019-11-08 18:35:00 EST,43.31699,-78.74903,315,22.7,26.6,22.7,86.9,19.4,0.000,0.000,0.00,0.000,1.8,2.6,0.3,153,7,1.9,3.0,0.3,154,9,1.9,3.0,0.3,154,9,0,29.99,-0.3,0,0,0,41.0,46.0,48.5,0.25,0.28,0.30
BURT,2019-11-08 18:40:00 EST,43.31699,-78.74903,315,22.6,26.3,22.6,87.3,19.4,0.000,0.000,0.00,0.000,1.9,3.4,0.4,159,10,2.2,4.1,0.6,162,14,2.2,4.1,0.6,162,14,0,29.99,-0.2,0,0,0,41.0,45.9,48.5,0.26,0.28,0.30
BURT,2019-11-08 18:45:00 EST,43.31699,-78.74903,315,22.7,26.3,22.7,87.8,19.6,0.000,0.000,0.00,0.000,1.7,2.6,0.4,164,8,2.0,3.0,0.4,169,10,2.0,3.0,0.4,169,10,0,29.99,-0.3,0,0,0,41.0,46.0,48.5,0.26,0.28,0.29
BURT,2019-11-08 18:50:00 EST,43.31699,-78.74903,315,22.7,26.3,22.7,87.5,19.6,0.000,0.000,0.00,0.000,1.9,2.9,0.4,167,8,2.2,3.4,0.4,170,11,2.2,3.4,0.4,170,11,0,29.99,-0.3,0,0,0,41.0,45.9,48.6,0.25,0.28,0.30
BURT,2019-11-08 18:55:00 EST,43.31699,-78.74903,315,22.7,26.6,22.7,87.3,19.5,0.000,0.000,0.00,0.000,2.5,3.7,0.4,158,10,2.8,4.9,0.6,160,13,2.8,4.9,0.6,160,13,0,29.99,-0.3,0,0,0,41.0,46.0,48.6,0.26,0.28,0.30
BURT,2019-11-08 19:00:00 EST,43.31699,-78.74903,315,22.7,26.6,22.7,87.3,19.5,0.000,0.000,0.00,0.000,2.3,2.9,0.3,151,8,2.4,3.4,0.3,154,11,2.4,3.4,0.3,154,11,0,29.99,-0.3,0,0,0,40.9,46.0,48.6,0.26,0.28,0.30
BURT,2019-11-08 19:05:00 EST,43.31699,-78.74903,315,22.6,26.5,22.6,86.3,19.2,0.000,0.000,0.00,0.000,2.7,3.8,0.5,154,8,2.9,4.7,0.7,157,10,2.9,4.7,0.7,157,10,0,29.99,-0.2,0,0,0,41.0,46.0,48.6,0.26,0.28,0.29
BURT,2019-11-08 19:10:00 EST,43.31699,-78.74903,315,22.7,26.5,22.7,85.1,18.9,0.000,0.000,0.00,0.000,2.6,4.2,0.5,163,10,3.0,5.3,0.7,167,11,3.0,5.3,0.7,167,11,0,29.99,-0.3,0,0,0,40.9,46.0,48.5,0.25,0.28,0.30
BURT,2019-11-08 19:15:00 EST,43.31699,-78.74903,315,22.3,26.2,22.3,84.9,18.5,0.000,0.000,0.00,0.000,2.6,3.7,0.4,164,10,2.9,4.1,0.4,168,12,2.9,4.1,0.4,168,12,0,29.99,-0.3,0,0,0,40.8,46.0,48.5,0.26,0.28,0.30
BURT,2019-11-08 19:20:00 EST,43.31699,-78.74903,315,21.9,26.2,21.9,86.4,18.5,0.000,0.000,0.00,0.000,2.6,3.7,0.4,161,11,2.9,3.9,0.5,166,13,2.9,3.9,0.5,166,13,0,29.99,-0.2,0,0,0,40.9,46.0,48.6,0.25,0.28,0.29
BURT,2019-11-08 19:25:00 EST,43.31699,-78.74903,315,22.0,26.4,17.7,87.5,18.8,0.000,0.000,0.00,0.000,2.7,4.2,0.5,163,10,3.1,5.1,0.6,169,11,3.1,5.1,0.6,169,11,0,29.99,-0.3,0,0,0,40.8,46.0,48.5,0.25,0.28,0.30
BURT,2019-11-08 19:30:00 EST,43.31699,-78.74903,315,22.3,26.3,22.3,86.9,19.0,0.000,0.000,0.00,0.000,2.6,3.9,0.4,158,10,2.9,4.5,0.5,162,12,2.9,4.5,0.5,162,12,0,29.99,-0.3,0,0,0,40.8,46.0,48.5,0.25,0.28,0.30
BURT,2019-11-08 19:35:00 EST,43.31699,-78.74903,315,22.3,26.1,22.3,85.5,18.6,0.000,0.000,0.00,0.000,2.6,3.8,0.4,157,10,2.9,4.4,0.5,159,11,2.9,4.4,0.5,159,11,0,29.99,-0.3,0,0,0,40.6,46.0,48.4,0.25,0.28,0.30
BURT,2019-11-08 19:40:00 EST,43.31699,-78.74903,315,22.4,26.2,22.4,85.5,18.8,0.000,0.000,0.00,0.000,2.7,3.4,0.3,157,9,2.9,3.9,0.4,160,12,2.9,3.9,0.4,160,12,0,29.99,-0.2,0,0,0,40.6,46.0,48.4,0.25,0.28,0.30
BURT,2019-11-08 19:45:00 EST,43.31699,-78.74903,315,22.1,25.9,22.1,85.1,18.3,0.000,0.000,0.00,0.000,2.6,3.7,0.3,155,9,2.8,4.2,0.5,158,11,2.8,4.2,0.5,158,11,0,29.99,-0.2,0,0,0,40.6,46.0,48.5,0.26,0.28,0.30
BURT,2019-11-08 19:50:00 EST,43.31699,-78.74903,315,22.2,26.0,22.2,85.6,18.6,0.000,0.000,0.00,0.000,2.7,3.9,0.5,156,11,2.9,4.7,0.6,158,12,2.9,4.7,0.6,158,12,0,29.99,-0.2,0,0,0,40.6,46.0,48.4,0.25,0.28,0.30
BURT,2019-11-08 19:55:00 EST,43.31699,-78.74903,315,22.0,26.0,17.9,85.5,18.3,0.000,0.000,0.00,0.000,2.9,3.7,0.3,154,10,3.1,4.2,0.5,156,11,3.1,4.2,0.5,156,11,0,29.99,-0.2,0,0,0,40.6,46.0,48.5,0.25,0.28,0.30
BURT,2019-11-08 20:00:00 EST,43.31699,-78.74903,315,22.1,25.9,17.1,85.4,18.4,0.000,0.000,0.00,0.000,3.3,4.3,0.4,154,9,3.6,4.7,0.5,156,9,3.6,4.7,0.5,156,9,0,29.99,-0.2,0,0,0,40.6,45.8,48.4,0.25,0.28,0.30
BURT,2019-11-08 20:05:00 EST,43.31699,-78.74903,315,22.1,25.7,17.0,84.6,18.2,0.000,0.000,0.00,0.000,3.4,4.5,0.5,159,11,3.8,5.4,0.6,163,12,3.8,5.4,0.6,163,12,0,29.98,-0.2,0,0,0,40.5,45.9,48.5,0.25,0.28,0.29
BURT,2019-11-08 20:10:00 EST,43.31699,-78.74903,315,21.8,25.5,17.3,84.6,17.8,0.000,0.000,0.00,0.000,3.0,4.5,0.6,155,11,3.3,5.7,0.9,160,11,3.3,5.7,0.9,160,11,0,29.98,-0.2,0,0,0,40.5,45.9,48.4,0.26,0.28,0.30
BURT,2019-11-08 20:15:00 EST,43.31699,-78.74903,315,21.9,25.3,17.9,84.8,18.1,0.000,0.000,0.00,0.000,2.9,4.3,0.4,154,11,3.0,4.4,0.5,156,12,3.0,4.4,0.5,156,12,0,29.98,-0.3,0,0,0,40.5,46.0,48.5,0.25,0.28,0.30
BURT,2019-11-08 20:20:00 EST,43.31699,-78.74903,315,21.9,25.3,17.6,84.2,17.9,0.000,0.000,0.00,0.000,2.9,3.9,0.4,154,8,3.2,4.5,0.5,159,10,3.2,4.5,0.5,159,10,0,29.98,-0.2,0,0,0,40.4,45.9,48.4,0.25,0.28,0.30
BURT,2019-11-08 20:25:00 EST,43.31699,-78.74903,315,21.6,25.3,17.2,84.4,17.6,0.000,0.000,0.00,0.000,2.9,3.9,0.4,154,8,3.2,5.2,0.6,157,10,3.2,5.2,0.6,157,10,0,29.98,-0.2,0,0,0,40.4,45.8,48.4,0.25,0.28,0.30
BURT,2019-11-08 20:30:00 EST,43.31699,-78.74903,315,21.5,25.2,17.2,84.8,17.6,0.000,0.000,0.00,0.000,2.8,3.9,0.4,157,9,3.1,4.7,0.5,161,9,3.1,4.7,0.5,161,9,0,29.98,-0.3,0,0,0,40.4,45.9,48.4,0.25,0.28,0.30
BURT,2019-11-08 20:35:00 EST,43.31699,-78.74903,315,21.1,25.1,21.1,84.9,17.3,0.000,0.000,0.00,0.000,2.7,3.9,0.4,166,10,3.0,4.6,0.5,170,11,3.0,4.6,0.5,170,11,0,29.98,-0.2,0,0,0,40.3,45.9,48.4,0.25,0.28,0.30
BURT,2019-11-08 20:40:00 EST,43.31699,-78.74903,315,21.2,24.9,21.2,86.0,17.6,0.000,0.000,0.00,0.000,2.2,3.9,0.6,176,9,2.6,4.5,0.7,181,11,2.6,4.5,0.7,181,11,0,29.98,-0.3,0,0,0,40.3,45.9,48.4,0.25,0.28,0.29
BURT,2019-11-08 20:45:00 EST,43.31699,-78.74903,315,21.3,24.5,21.3,87.4,18.1,0.000,0.000,0.00,0.000,1.7,2.3,0.2,159,10,1.9,3.0,0.3,163,15,1.9,3.0,0.3,163,15,0,29.97,-0.2,0,0,0,40.3,45.9,48.4,0.25,0.28,0.30
BURT,2019-11-08 20:50:00 EST,43.31699,-78.74903,315,21.6,24.9,21.6,87.4,18.4,0.000,0.000,0.00,0.000,2.2,3.1,0.4,165,10,2.5,3.8,0.5,171,13,2.5,3.8,0.5,171,13,0,29.98,-0.3,0,0,0,40.3,45.8,48.4,0.25,0.28,0.30
BURT,2019-11-08 20:55:00 EST,43.31699,-78.74903,315,22.0,25.3,22.0,86.5,18.6,0.000,0.000,0.00,0.000,2.5,3.7,0.4,159,10,2.8,4.4,0.6,162,11,2.8,4.4,0.6,162,11,0,29.97,-0.3,0,0,0,40.2,45.8,48.4,0.25,0.28,0.30
BURT,2019-11-08 21:00:00 EST,43.31699,-78.74903,315,21.9,25.4,21.9,84.8,18.0,0.000,0.000,0.00,0.000,2.2,3.3,0.5,162,13,2.5,4.4,0.6,166,17,2.5,4.4,0.6,166,17,0,29.97,-0.3,0,0,0,40.2,45.8,48.4,0.25,0.28,0.30
BURT,2019-11-08 21:05:00 EST,43.31699,-78.74903,315,22.6,25.3,22.6,84.4,18.6,0.000,0.000,0.00,0.000,1.9,3.2,0.5,164,14,2.2,4.1,0.6,169,16,2.2,4.1,0.6,169,16,0,29.97,-0.3,0,0,0,40.1,45.9,48.4,0.25,0.28,0.30
BURT,2019-11-08 21:10:00 EST,43.31699,-78.74903,315,22.4,25.5,22.4,83.5,18.2,0.000,0.000,0.00,0.000,2.2,4.1,0.5,172,13,2.6,4.5,0.7,179,15,2.6,4.5,0.7,179,15,0,29.97,-0.3,0,0,0,40.1,45.9,48.4,0.25,0.28,0.30
BURT,2019-11-08 21:15:00 EST,43.31699,-78.74903,315,22.2,25.6,22.2,84.0,18.1,0.000,0.000,0.00,0.000,2.3,3.5,0.5,175,12,2.8,4.0,0.6,181,13,2.8,4.0,0.6,181,13,0,29.97,-0.4,0,0,0,40.1,45.8,48.4,0.25,0.28,0.29
BURT,2019-11-08 21:20:00 EST,43.31699,-78.74903,315,22.3,25.6,22.3,83.9,18.2,0.000,0.000,0.00,0.000,2.4,3.7,0.3,163,12,2.8,4.3,0.5,169,13,2.8,4.3,0.5,169,13,0,29.97,-0.3,0,0,0,40.1,45.9,48.4,0.25,0.28,0.30
BURT,2019-11-08 21:25:00 EST,43.31699,-78.74903,315,21.7,25.6,17.6,83.6,17.5,0.000,0.000,0.00,0.000,2.7,3.7,0.4,161,10,3.0,4.7,0.6,165,11,3.0,4.7,0.6,165,11,0,29.97,-0.3,0,0,0,40.1,45.8,48.4,0.25,0.28,0.29
BURT,2019-11-08 21:30:00 EST,43.31699,-78.74903,315,21.5,25.6,21.5,84.5,17.6,0.000,0.000,0.00,0.000,2.7,3.9,0.4,160,11,3.0,4.6,0.6,164,12,3.0,4.6,0.6,164,12,0,29.97,-0.3,0,0,0,39.9,45.8,48.4,0.25,0.28,0.30
BURT,2019-11-08 21:35:00 EST,43.31699,-78.74903,315,21.6,25.4,17.3,84.7,17.7,0.000,0.000,0.00,0.000,2.7,4.5,0.5,157,11,3.2,5.3,0.7,161,13,3.2,5.3,0.7,161,13,0,29.97,-0.3,0,0,0,39.9,45.9,48.4,0.25,0.28,0.30
BURT,2019-11-08 21:40:00 EST,43.31699,-78.74903,315,21.2,25.1,15.9,85.0,17.4,0.000,0.000,0.00,0.000,3.4,4.8,0.5,152,12,3.8,6.3,0.8,154,12,3.8,6.3,0.8,154,12,0,29.97,-0.3,0,0,0,39.9,45.8,48.4,0.25,0.28,0.30
BURT,2019-11-08 21:45:00 EST,43.31699,-78.74903,315,21.2,25.2,15.6,85.7,17.6,0.000,0.000,0.00,0.000,3.6,5.3,0.5,150,10,4.0,6.0,0.8,154,11,4.0,6.0,0.8,154,11,0,29.97,-0.2,0,0,0,39.9,45.8,48.4,0.25,0.28,0.30
BURT,2019-11-08 21:50:00 EST,43.31699,-78.74903,315,21.8,25.1,16.8,85.2,18.0,0.000,0.000,0.00,0.000,3.3,4.6,0.6,153,11,3.7,5.7,0.8,156,13,3.7,5.7,0.8,156,13,0,29.97,-0.2,0,0,0,39.9,45.8,48.4,0.25,0.28,0.29
BURT,2019-11-08 21:55:00 EST,43.31699,-78.74903,315,22.2,25.3,16.8,84.0,18.1,0.000,0.000,0.00,0.000,3.6,4.5,0.5,151,11,4.0,5.7,0.7,154,12,4.0,5.7,0.7,154,12,0,29.96,-0.2,0,0,0,39.9,45.8,48.4,0.26,0.28,0.30
BURT,2019-11-08 22:00:00 EST,43.31699,-78.74903,315,22.1,25.0,16.8,82.8,17.7,0.000,0.000,0.00,0.000,3.5,5.5,0.7,154,11,3.9,6.0,1.0,156,12,3.9,6.0,1.0,156,12,0,29.96,-0.3,0,0,0,39.9,45.9,48.4,0.25,0.28,0.30
BURT,2019-11-08 22:05:00 EST,43.31699,-78.74903,315,21.9,24.8,16.3,82.8,17.5,0.000,0.000,0.00,0.000,3.8,5.8,0.7,154,9,4.1,6.3,0.9,158,11,4.1,6.3,0.9,158,11,0,29.96,-0.3,0,0,0,39.8,45.8,48.3,0.26,0.28,0.30
BURT,2019-11-08 22:10:00 EST,43.31699,-78.74903,315,22.1,25.0,15.9,83.2,17.8,0.000,0.000,0.00,0.000,4.1,6.2,0.9,156,12,4.6,7.2,1.0,161,11,4.6,7.2,1.0,161,11,0,29.96,-0.3,0,0,0,39.7,45.8,48.4,0.25,0.28,0.29
BURT,2019-11-08 22:15:00 EST,43.31699,-78.74903,315,22.0,25.1,15.3,82.5,17.5,0.000,0.000,0.00,0.000,4.5,6.6,0.8,159,9,5.0,7.9,0.9,163,9,5.0,7.9,0.9,163,9,0,29.96,-0.3,0,0,0,39.7,45.8,48.4,0.25,0.28,0.30
BURT,2019-11-08 22:20:00 EST,43.31699,-78.74903,315,21.9,24.9,16.0,82.6,17.4,0.000,0.000,0.00,0.000,3.8,6.1,0.7,160,12,4.3,6.6,0.8,165,12,4.3,6.6,0.8,165,12,0,29.96,-0.1,0,0,0,39.7,45.8,48.3,0.26,0.28,0.29
BURT,2019-11-08 22:25:00 EST,43.31699,-78.74903,315,22.3,25.0,17.5,83.1,18.0,0.000,0.000,0.00,0.000,3.2,4.3,0.5,162,12,3.6,5.5,0.7,167,12,3.6,5.5,0.7,167,12,0,29.96,-0.3,0,0,0,39.7,45.8,48.3,0.25,0.28,0.30
BURT,2019-11-08 22:30:00 EST,43.31699,-78.74903,315,22.3,24.8,18.1,82.4,17.8,0.000,0.000,0.00,0.000,3.0,4.5,0.4,154,12,3.2,4.3,0.6,157,13,3.2,4.3,0.6,157,13,0,29.95,-0.2,0,0,0,39.6,45.8,48.4,0.26,0.28,0.29
BURT,2019-11-08 22:35:00 EST,43.31699,-78.74903,315,22.1,24.9,17.0,82.0,17.4,0.000,0.000,0.00,0.000,3.3,4.5,0.5,157,9,3.7,5.1,0.6,161,10,3.7,5.1,0.6,161,10,0,29.95,-0.3,0,0,0,39.5,45.8,48.3,0.26,0.28,0.30
BURT,2019-11-08 22:40:00 EST,43.31699,-78.74903,315,21.9,25.1,17.2,82.9,17.5,0.000,0.000,0.00,0.000,3.1,4.3,0.5,156,9,3.5,4.9,0.6,160,10,3.5,4.9,0.6,160,10,0,29.95,-0.3,0,0,0,39.6,45.8,48.3,0.26,0.28,0.30
BURT,2019-11-08 22:45:00 EST,43.31699,-78.74903,315,22.2,25.2,17.8,82.3,17.7,0.000,0.000,0.00,0.000,3.0,4.1,0.4,155,8,3.3,4.9,0.6,158,10,3.3,4.9,0.6,158,10,0,29.95,-0.3,0,0,0,39.5,45.7,48.4,0.25,0.28,0.30
BURT,2019-11-08 22:50:00 EST,43.31699,-78.74903,315,21.8,25.1,16.0,81.5,17.0,0.000,0.000,0.00,0.000,3.8,4.7,0.4,156,5,4.2,5.4,0.5,159,6,4.2,5.4,0.5,159,6,0,29.95,-0.3,0,0,0,39.6,45.8,48.3,0.25,0.28,0.29
BURT,2019-11-08 22:55:00 EST,43.31699,-78.74903,315,21.1,25.2,14.8,83.1,16.8,0.000,0.000,0.00,0.000,4.2,5.1,0.3,157,6,4.6,5.9,0.5,160,7,4.6,5.9,0.5,160,7,0,29.94,-0.2,0,0,0,39.5,45.9,48.4,0.26,0.28,0.29
BURT,2019-11-08 23:00:00 EST,43.31699,-78.74903,315,21.3,25.5,14.2,85.0,17.5,0.000,0.000,0.00,0.000,4.9,6.1,0.5,154,8,5.3,6.7,0.6,159,8,5.3,6.7,0.6,159,8,0,29.94,-0.1,0,0,0,39.5,45.8,48.3,0.26,0.28,0.30
BURT,2019-11-08 23:05:00 EST,43.31699,-78.74903,315,22.5,25.1,16.5,82.2,17.8,0.000,0.000,0.00,0.000,4.1,5.9,0.7,149,10,4.5,6.9,0.8,151,10,4.5,6.9,0.8,151,10,0,29.94,-0.4,0,0,0,39.5,45.8,48.4,0.25,0.28,0.30
BURT,2019-11-08 23:10:00 EST,43.31699,-78.74903,315,22.1,24.8,16.7,81.0,17.2,0.000,0.000,0.00,0.000,3.6,5.0,0.6,152,9,4.0,6.5,0.8,155,9,4.0,6.5,0.8,155,9,0,29.94,-0.2,0,0,0,39.5,45.7,48.4,0.25,0.28,0.30
BURT,2019-11-08 23:15:00 EST,43.31699,-78.74903,315,22.3,24.9,16.3,82.0,17.6,0.000,0.000,0.00,0.000,4.0,5.2,0.5,154,9,4.4,6.2,0.7,159,9,4.4,6.2,0.7,159,9,0,29.94,-0.2,0,0,0,39.5,45.8,48.3,0.25,0.28,0.30
BURT,2019-11-08 23:20:00 EST,43.31699,-78.74903,315,22.1,24.9,15.8,81.7,17.4,0.000,0.000,0.00,0.000,4.2,5.4,0.6,156,8,4.7,6.1,0.7,161,8,4.7,6.1,0.7,161,8,0,29.94,-0.2,0,0,0,39.5,45.7,48.4,0.25,0.28,0.30
BURT,2019-11-08 23:25:00 EST,43.31699,-78.74903,315,21.7,24.8,15.3,83.1,17.3,0.000,0.000,0.00,0.000,4.3,5.6,0.5,158,9,4.7,6.8,0.7,163,10,4.7,6.8,0.7,163,10,0,29.94,-0.2,0,0,0,39.4,45.6,48.3,0.25,0.28,0.30
BURT,2019-11-08 23:30:00 EST,43.31699,-78.74903,315,22.4,24.6,15.8,83.8,18.3,0.000,0.000,0.00,0.000,4.4,6.1,0.8,158,9,5.0,7.0,0.9,163,9,5.0,7.0,0.9,163,9,0,29.94,-0.2,0,0,0,39.4,45.7,48.3,0.25,0.28,0.30
BURT,2019-11-08 23:35:00 EST,43.31699,-78.74903,315,22.5,24.6,16.8,83.3,18.2,0.000,0.000,0.00,0.000,3.8,5.2,0.5,158,11,4.3,6.3,0.8,163,11,4.3,6.3,0.8,163,11,0,29.94,-0.2,0,0,0,39.4,45.6,48.3,0.26,0.28,0.30
BURT,2019-11-08 23:40:00 EST,43.31699,-78.74903,315,22.9,24.7,17.2,83.0,18.6,0.000,0.000,0.00,0.000,3.8,5.3,0.6,157,12,4.3,6.1,0.7,160,12,4.3,6.1,0.7,160,12,0,29.94,-0.2,0,0,0,39.4,45.7,48.3,0.25,0.28,0.30
BURT,2019-11-08 23:45:00 EST,43.31699,-78.74903,315,23.1,25.0,16.8,81.5,18.3,0.000,0.000,0.00,0.000,4.3,6.2,0.8,155,10,4.8,7.7,0.9,159,10,4.8,7.7,0.9,159,10,0,29.94,-0.2,0,0,0,39.3,45.7,48.3,0.25,0.28,0.30
BURT,2019-11-08 23:50:00 EST,43.31699,-78.74903,315,23.1,25.0,17.4,81.2,18.2,0.000,0.000,0.00,0.000,3.8,5.3,0.6,156,11,4.3,6.6,0.8,160,12,4.3,6.6,0.8,160,12,0,29.94,-0.2,0,0,0,39.3,45.6,48.3,0.25,0.28,0.30
BURT,2019-11-08 23:55:00 EST,43.31699,-78.74903,315,23.3,25.1,17.7,81.5,18.5,0.000,0.000,0.00,0.000,3.9,5.6,0.6,153,12,4.2,5.7,0.7,158,12,4.2,5.7,0.7,158,12,0,29.94,-0.2,0,0,0,39.2,45.7,48.2,0.25,0.28,0.30
CAMD,2019-11-08 00:00:00 EST,43.33985,-75.74299,493,27.0,27.5,27.0,94.0,25.5,0.000,0.044,0.00,0.000,0.1,0.6,0.2,83,0,0.6,1.3,0.5,117,7,0.6,1.3,0.5,117,7,0,29.57,-0.0,0,0,0,42.4,45.7,49.5,0.29,0.26,0.30
CAMD,2019-11-08 00:05:00 EST,43.33985,-75.74299,493,27.0,27.6,27.0,94.3,25.6,0.000,0.000,0.00,0.000,0.9,1.6,0.3,104,11,1.2,1.8,0.2,109,11,1.2,1.8,0.2,109,11,0,29.57,-0.0,0,0,0,42.4,45.7,49.5,0.29,0.26,0.30
CAMD,2019-11-08 00:10:00 EST,43.33985,-75.74299,493,27.1,27.7,27.1,94.4,25.7,0.000,0.000,0.00,0.000,0.3,0.9,0.3,101,8,0.6,1.3,0.5,102,20,0.6,1.3,0.5,102,20,0,29.57,-0.0,0,0,0,42.4,45.7,49.5,0.29,0.26,0.30
CAMD,2019-11-08 00:15:00 EST,43.33985,-75.74299,493,27.1,27.5,27.1,94.6,25.7,0.000,0.000,0.00,0.000,0.2,0.9,0.3,133,1,0.4,1.1,0.4,126,8,0.4,1.1,0.4,126,8,0,29.57,-0.0,0,0,0,42.4,45.7,49.5,0.29,0.26,0.30
CAMD,2019-11-08 00:20:00 EST,43.33985,-75.74299,493,27.2,27.5,27.2,95.2,26.0,0.000,0.000,0.00,0.000,0.4,1.2,0.4,119,9,0.6,1.5,0.5,115,13,0.6,1.5,0.5,115,13,0,29.57,-0.1,0,0,0,42.4,45.7,49.5,0.29,0.26,0.30
CAMD,2019-11-08 00:25:00 EST,43.33985,-75.74299,493,27.2,27.5,27.2,95.0,25.9,0.000,0.000,0.00,0.000,0.7,1.2,0.4,50,20,1.0,1.5,0.4,51,22,1.0,1.5,0.4,51,22,0,29.57,-0.1,0,0,0,42.4,45.6,49.5,0.29,0.26,0.30
CAMD,2019-11-08 00:30:00 EST,43.33985,-75.74299,493,27.3,27.5,27.3,95.0,26.1,0.000,0.000,0.00,0.000,1.3,1.9,0.4,62,15,1.5,2.3,0.5,65,15,1.5,2.3,0.5,65,15,0,29.57,-0.1,0,0,0,42.4,45.5,49.5,0.29,0.26,0.30
CAMD,2019-11-08 00:35:00 EST,43.33985,-75.74299,493,27.4,27.6,27.4,94.3,26.0,0.000,0.000,0.00,0.000,1.0,1.8,0.4,22,23,1.2,2.3,0.4,24,23,1.2,2.3,0.4,24,23,0,29.57,-0.1,0,0,0,42.4,45.5,49.5,0.29,0.26,0.30
CAMD,2019-11-08 00:40:00 EST,43.33985,-75.74299,493,27.4,27.6,27.4,92.8,25.6,0.000,0.000,0.00,0.000,2.1,4.1,0.9,48,30,2.4,5.0,1.0,52,30,2.4,5.0,1.0,52,30,0,29.57,-0.0,0,0,0,42.3,45.5,49.5,0.29,0.26,0.30
CAMD,2019-11-08 00:45:00 EST,43.33985,-75.74299,493,27.6,27.7,27.6,84.8,23.6,0.000,0.000,0.00,0.000,2.2,4.3,1.0,38,18,2.4,4.9,0.9,42,19,2.4,4.9,0.9,42,19,0,29.57,-0.0,0,0,0,42.3,45.4,49.5,0.29,0.26,0.30
CAMD,2019-11-08 00:50:00 EST,43.33985,-75.74299,493,27.5,27.6,27.5,82.3,22.8,0.000,0.000,0.00,0.000,1.1,2.1,0.4,36,18,1.3,2.1,0.4,37,19,1.3,2.1,0.4,37,19,0,29.57,-0.0,0,0,0,42.3,45.4,49.5,0.29,0.26,0.30
CAMD,2019-11-08 00:55:00 EST,43.33985,-75.74299,493,27.5,27.6,27.5,83.1,23.1,0.000,0.000,0.00,0.000,1.6,3.5,0.6,22,21,1.9,4.0,0.7,24,21,1.9,4.0,0.7,24,21,0,29.57,-0.0,0,0,0,42.3,45.4,49.5,0.29,0.26,0.30
CAMD,2019-11-08 01:00:00 EST,43.33985,-75.74299,493,27.5,27.6,27.5,82.7,22.9,0.000,0.000,0.00,0.000,1.5,2.2,0.2,358,13,1.9,2.9,0.3,2,12,1.9,2.9,0.3,2,12,0,29.57,-0.1,0,0,0,42.3,45.4,49.5,0.29,0.26,0.29
CAMD,2019-11-08 01:05:00 EST,43.33985,-75.74299,493,27.5,27.6,27.5,83.4,23.1,0.000,0.000,0.00,0.000,2.0,3.8,0.8,351,20,2.6,4.7,0.9,355,18,2.6,4.7,0.9,355,18,0,29.57,-0.1,0,0,0,42.3,45.4,49.5,0.29,0.26,0.30
CAMD,2019-11-08 01:10:00 EST,43.33985,-75.74299,493,27.5,27.6,27.5,83.4,23.1,0.000,0.000,0.00,0.000,1.4,3.1,0.6,4,24,1.9,4.1,0.6,5,21,1.9,4.1,0.6,5,21,0,29.57,-0.0,0,0,0,42.3,45.4,49.5,0.29,0.26,0.30
CAMD,2019-11-08 01:15:00 EST,43.33985,-75.74299,493,27.4,27.5,23.0,81.2,22.4,0.000,0.000,0.00,0.000,3.1,5.0,0.9,339,22,3.8,6.5,1.1,346,18,3.8,6.5,1.1,346,18,0,29.58,-0.1,0,0,0,42.3,45.4,49.5,0.29,0.26,0.30
CAMD,2019-11-08 01:20:00 EST,43.33985,-75.74299,493,27.1,27.2,23.7,78.5,21.4,0.000,0.000,0.00,0.000,2.5,4.2,0.8,357,18,3.1,5.3,1.0,1,16,3.1,5.3,1.0,1,16,0,29.58,-0.0,0,0,0,42.2,45.4,49.5,0.29,0.26,0.30
CAMD,2019-11-08 01:25:00 EST,43.33985,-75.74299,493,27.1,27.1,23.4,78.3,21.2,0.000,0.000,0.00,0.000,2.6,5.0,1.1,352,22,3.2,6.3,1.2,356,18,3.2,6.3,1.2,356,18,0,29.58,-0.0,0,0,0,42.1,45.4,49.5,0.29,0.26,0.30
CAMD,2019-11-08 01:30:00 EST,43.33985,-75.74299,493,26.9,26.9,26.9,77.1,20.7,0.000,0.000,0.00,0.000,2.0,4.7,1.3,9,20,2.5,5.6,1.5,11,21,2.5,5.6,1.5,11,21,0,29.58,-0.0,0,0,0,42.1,45.4,49.5,0.29,0.26,0.30
CAMD,2019-11-08 01:35:00 EST,43.33985,-75.74299,493,26.8,26.9,26.8,78.7,21.1,0.000,0.000,0.00,0.000,1.4,3.4,1.0,11,14,1.9,4.4,1.1,14,17,1.9,4.4,1.1,14,17,0,29.58,-0.1,0,0,0,42.1,45.4,49.5,0.29,0.26,0.30
CAMD,2019-11-08 01:40:00 EST,43.33985,-75.74299,493,26.8,26.9,26.8,80.7,21.7,0.000,0.000,0.00,0.000,1.4,5.3,1.2,19,19,1.8,7.1,1.3,20,20,1.8,7.1,1.3,20,20,0,29.58,-0.1,0,0,0,42.1,45.4,49.5,0.29,0.26,0.30
CAMD,2019-11-08 01:45:00 EST,43.33985,-75.74299,493,26.7,26.7,22.5,74.2,19.6,0.000,0.000,0.00,0.000,2.9,5.2,1.2,1,19,3.5,6.9,1.5,5,17,3.5,6.9,1.5,5,17,0,29.58,-0.1,0,0,0,42.1,45.5,49.5,0.29,0.26,0.30
CAMD,2019-11-08 01:50:00 EST,43.33985,-75.74299,493,26.6,26.7,26.6,75.4,19.9,0.000,0.000,0.00,0.000,1.6,2.6,0.5,353,29,2.0,3.6,0.6,358,21,2.0,3.6,0.6,358,21,0,29.58,-0.0,0,0,0,42.1,45.4,49.5,0.29,0.26,0.30
CAMD,2019-11-08 01:55:00 EST,43.33985,-75.74299,493,26.6,26.6,26.6,76.2,20.1,0.000,0.000,0.00,0.000,2.4,4.0,0.8,349,16,3.0,5.0,0.9,355,12,3.0,5.0,0.9,355,12,0,29.58,-0.0,0,0,0,42.1,45.4,49.5,0.29,0.26,0.30
CAMD,2019-11-08 02:00:00 EST,43.33985,-75.74299,493,26.5,26.6,26.5,77.2,20.4,0.000,0.000,0.00,0.000,1.4,2.3,0.5,318,20,1.6,3.2,0.5,323,21,1.6,3.2,0.5,323,21,0,29.58,-0.0,0,0,0,42.1,45.4,49.5,0.29,0.26,0.29
CAMD,2019-11-08 02:05:00 EST,43.33985,-75.74299,493,26.5,26.5,26.5,78.4,20.7,0.000,0.000,0.00,0.000,1.3,1.9,0.4,315,14,1.5,3.0,0.5,318,15,1.5,3.0,0.5,318,15,0,29.58,-0.0,0,0,0,42.1,45.4,49.5,0.29,0.26,0.29
CAMD,2019-11-08 02:10:00 EST,43.33985,-75.74299,493,26.4,26.5,26.4,79.0,20.8,0.000,0.000,0.00,0.000,1.2,2.6,0.6,332,37,1.6,3.4,0.6,337,36,1.6,3.4,0.6,337,36,0,29.58,-0.0,0,0,0,42.1,45.4,49.5,0.29,0.26,0.29
CAMD,2019-11-08 02:15:00 EST,43.33985,-75.74299,493,26.5,26.7,26.5,76.3,20.1,0.000,0.000,0.00,0.000,1.9,4.1,1.0,315,38,2.5,5.1,1.0,322,38,2.5,5.1,1.0,322,38,0,29.58,-0.0,0,0,0,42.1,45.4,49.5,0.29,0.26,0.30
CAMD,2019-11-08 02:20:00 EST,43.33985,-75.74299,493,26.6,26.6,26.6,73.9,19.4,0.000,0.000,0.00,0.000,1.9,2.8,0.5,344,23,2.2,3.5,0.7,350,20,2.2,3.5,0.7,350,20,0,29.58,-0.0,0,0,0,42.0,45.4,49.4,0.29,0.26,0.30
CAMD,2019-11-08 02:25:00 EST,43.33985,-75.74299,493,26.5,26.6,26.5,74.4,19.5,0.000,0.000,0.00,0.000,1.0,1.8,0.4,322,28,1.4,3.0,0.5,326,27,1.4,3.0,0.5,326,27,0,29.58,-0.1,0,0,0,42.0,45.3,49.4,0.29,0.26,0.30
CAMD,2019-11-08 02:30:00 EST,43.33985,-75.74299,493,26.5,26.6,26.5,72.9,19.0,0.000,0.000,0.00,0.000,1.8,3.2,0.6,347,18,2.3,4.6,0.7,351,17,2.3,4.6,0.7,351,17,0,29.57,-0.1,0,0,0,41.9,45.3,49.4,0.29,0.26,0.30
CAMD,2019-11-08 02:35:00 EST,43.33985,-75.74299,493,26.5,26.6,26.5,71.8,18.7,0.000,0.000,0.00,0.000,1.4,2.8,0.6,339,13,1.9,3.5,0.7,343,15,1.9,3.5,0.7,343,15,0,29.58,-0.1,0,0,0,41.9,45.3,49.4,0.29,0.26,0.30
CAMD,2019-11-08 02:40:00 EST,43.33985,-75.74299,493,26.5,26.6,22.9,70.4,18.2,0.000,0.000,0.00,0.000,2.5,3.8,0.7,343,17,3.1,4.6,0.8,349,14,3.1,4.6,0.8,349,14,0,29.58,-0.1,0,0,0,41.9,45.3,49.4,0.29,0.26,0.30
CAMD,2019-11-08 02:45:00 EST,43.33985,-75.74299,493,26.4,26.5,26.4,72.7,18.8,0.000,0.000,0.00,0.000,2.2,3.9,0.8,338,15,2.9,4.8,0.9,344,14,2.9,4.8,0.9,344,14,0,29.58,-0.1,0,0,0,41.9,45.4,49.3,0.29,0.26,0.29
CAMD,2019-11-08 02:50:00 EST,43.33985,-75.74299,493,26.3,26.4,22.8,72.2,18.5,0.000,0.000,0.00,0.000,2.5,3.9,0.6,341,21,3.0,4.6,0.7,346,17,3.0,4.6,0.7,346,17,0,29.58,-0.1,0,0,0,41.9,45.3,49.4,0.29,0.26,0.30
CAMD,2019-11-08 02:55:00 EST,43.33985,-75.74299,493,26.2,26.3,22.7,72.0,18.4,0.000,0.000,0.00,0.000,2.5,4.2,0.6,349,20,3.0,4.9,0.7,354,16,3.0,4.9,0.7,354,16,0,29.58,-0.1,0,0,0,41.9,45.2,49.4,0.29,0.26,0.30
CAMD,2019-11-08 03:00:00 EST,43.33985,-75.74299,493,25.9,26.1,25.9,73.3,18.5,0.000,0.000,0.00,0.000,2.1,3.7,0.7,347,19,2.8,5.3,0.8,352,17,2.8,5.3,0.8,352,17,0,29.57,-0.0,0,0,0,41.9,45.1,49.3,0.29,0.26,0.30
CAMD,2019-11-08 03:05:00 EST,43.33985,-75.74299,493,25.7,25.9,25.7,73.5,18.4,0.000,0.000,0.00,0.000,2.1,3.8,0.7,356,21,2.7,4.1,0.8,358,14,2.7,4.1,0.8,358,14,0,29.57,-0.1,0,0,0,41.9,45.2,49.4,0.29,0.26,0.30
CAMD,2019-11-08 03:10:00 EST,43.33985,-75.74299,493,25.5,25.7,25.5,72.7,18.0,0.000,0.000,0.00,0.000,2.1,3.7,0.6,349,20,2.5,4.6,0.7,352,19,2.5,4.6,0.7,352,19,0,29.57,-0.1,0,0,0,41.9,45.1,49.4,0.29,0.26,0.30
CAMD,2019-11-08 03:15:00 EST,43.33985,-75.74299,493,25.2,25.5,25.2,75.0,18.4,0.000,0.000,0.00,0.000,2.0,5.5,0.8,353,20,2.6,6.6,1.0,356,16,2.6,6.6,1.0,356,16,0,29.57,-0.0,0,0,0,41.9,45.2,49.4,0.29,0.26,0.30
CAMD,2019-11-08 03:20:00 EST,43.33985,-75.74299,493,25.3,25.5,20.8,70.7,17.1,0.000,0.000,0.00,0.000,3.0,5.2,0.9,349,19,3.6,6.4,1.1,353,15,3.6,6.4,1.1,353,15,0,29.58,-0.1,0,0,0,41.8,45.2,49.3,0.29,0.26,0.30
CAMD,2019-11-08 03:25:00 EST,43.33985,-75.74299,493,25.2,25.4,25.2,69.7,16.6,0.000,0.000,0.00,0.000,2.2,4.2,0.8,346,16,2.7,5.5,1.0,351,16,2.7,5.5,1.0,351,16,0,29.58,-0.1,0,0,0,41.8,45.2,49.4,0.29,0.26,0.30
CAMD,2019-11-08 03:30:00 EST,43.33985,-75.74299,493,24.9,25.2,24.9,70.8,16.8,0.000,0.000,0.00,0.000,2.3,4.3,0.8,335,11,2.8,5.5,1.0,341,12,2.8,5.5,1.0,341,12,0,29.58,-0.1,0,0,0,41.7,45.1,49.3,0.29,0.26,0.29
CAMD,2019-11-08 03:35:00 EST,43.33985,-75.74299,493,24.7,25.0,24.7,71.1,16.7,0.000,0.000,0.00,0.000,1.7,3.1,0.6,351,23,2.1,3.9,0.7,355,20,2.1,3.9,0.7,355,20,0,29.58,-0.1,0,0,0,41.7,45.1,49.3,0.29,0.26,0.29
CAMD,2019-11-08 03:40:00 EST,43.33985,-75.74299,493,24.4,24.8,24.4,73.1,17.0,0.000,0.000,0.00,0.000,0.8,1.7,0.5,356,11,1.1,2.6,0.6,0,13,1.1,2.6,0.6,0,13,0,29.58,-0.1,0,0,0,41.7,45.1,49.3,0.29,0.26,0.29
CAMD,2019-11-08 03:45:00 EST,43.33985,-75.74299,493,23.9,24.5,23.9,75.6,17.3,0.000,0.000,0.00,0.000,0.1,0.6,0.1,347,0,0.2,1.0,0.3,1,6,0.2,1.0,0.3,1,6,0,29.58,-0.1,0,0,0,41.7,45.1,49.3,0.29,0.26,0.29
CAMD,2019-11-08 03:50:00 EST,43.33985,-75.74299,493,23.5,24.2,23.5,81.3,18.6,0.000,0.000,0.00,0.000,0.2,0.7,0.3,347,0,0.6,1.1,0.4,332,11,0.6,1.1,0.4,332,11,0,29.58,-0.0,0,0,0,41.7,45.1,49.3,0.29,0.26,0.29
CAMD,2019-11-08 03:55:00 EST,43.33985,-75.74299,493,23.4,23.9,23.4,81.9,18.7,0.000,0.000,0.00,0.000,0.0,0.0,0.0,0,0,0.1,0.9,0.3,339,6,0.1,0.9,0.3,339,6,0,29.58,-0.1,0,0,0,41.7,45.1,49.3,0.29,0.26,0.30
CAMD,2019-11-08 04:00:00 EST,43.33985,-75.74299,493,23.4,24.1,23.4,83.4,19.1,0.000,0.000,0.00,0.000,0.1,0.6,0.2,271,0,0.4,1.0,0.4,260,9,0.4,1.0,0.4,260,9,0,29.58,-0.1,0,0,0,41.7,45.1,49.3,0.29,0.26,0.30
CAMD,2019-11-08 04:05:00 EST,43.33985,-75.74299,493,23.1,23.8,23.1,82.6,18.6,0.000,0.000,0.00,0.000,0.0,0.4,0.1,220,1,0.1,1.2,0.3,237,8,0.1,1.2,0.3,237,8,0,29.58,-0.0,0,0,0,41.7,45.1,49.3,0.29,0.26,0.30
CAMD,2019-11-08 04:10:00 EST,43.33985,-75.74299,493,22.7,23.7,22.7,83.8,18.6,0.000,0.000,0.00,0.000,0.3,0.9,0.3,13,25,0.6,1.3,0.5,17,36,0.6,1.3,0.5,17,36,0,29.58,-0.1,0,0,0,41.7,45.1,49.4,0.29,0.26,0.29
CAMD,2019-11-08 04:15:00 EST,43.33985,-75.74299,493,22.6,23.3,22.6,86.6,19.2,0.000,0.000,0.00,0.000,1.4,2.6,0.5,356,13,1.9,3.3,0.6,1,11,1.9,3.3,0.6,1,11,0,29.58,-0.2,0,0,0,41.6,45.1,49.3,0.29,0.26,0.29
CAMD,2019-11-08 04:20:00 EST,43.33985,-75.74299,493,22.4,23.1,22.4,86.5,19.0,0.000,0.000,0.00,0.000,1.0,1.8,0.3,313,17,1.1,1.8,0.2,316,15,1.1,1.8,0.2,316,15,0,29.59,-0.1,0,0,0,41.5,45.1,49.3,0.29,0.26,0.30
CAMD,2019-11-08 04:25:00 EST,43.33985,-75.74299,493,22.5,23.2,22.5,86.1,19.0,0.000,0.000,0.00,0.000,0.3,0.7,0.3,298,81,0.5,1.0,0.4,294,4,0.5,1.0,0.4,294,4,0,29.59,-0.0,0,0,0,41.5,45.1,49.3,0.29,0.26,0.30
CAMD,2019-11-08 04:30:00 EST,43.33985,-75.74299,493,22.6,23.2,22.6,86.6,19.2,0.000,0.000,0.00,0.000,0.0,0.4,0.1,298,0,0.3,1.0,0.4,275,12,0.3,1.0,0.4,275,12,0,29.59,-0.0,0,0,0,41.5,45.0,49.3,0.29,0.26,0.29
CAMD,2019-11-08 04:35:00 EST,43.33985,-75.74299,493,22.7,23.2,22.7,86.6,19.4,0.000,0.000,0.00,0.000,0.2,1.2,0.4,267,13,0.6,1.7,0.5,290,18,0.6,1.7,0.5,290,18,0,29.59,-0.0,0,0,0,41.5,45.0,49.3,0.29,0.26,0.29
CAMD,2019-11-08 04:40:00 EST,43.33985,-75.74299,493,22.9,23.2,22.9,86.2,19.4,0.000,0.000,0.00,0.000,0.3,1.5,0.4,284,13,0.5,2.2,0.6,293,10,0.5,2.2,0.6,293,10,0,29.59,-0.0,0,0,0,41.5,45.0,49.3,0.29,0.26,0.30
CAMD,2019-11-08 04:45:00 EST,43.33985,-75.74299,493,22.9,23.3,22.9,86.3,19.4,0.000,0.000,0.00,0.000,1.2,2.7,0.6,303,13,1.4,2.7,0.4,311,12,1.4,2.7,0.4,311,12,0,29.59,-0.0,0,0,0,41.5,45.0,49.4,0.29,0.26,0.30
CAMD,2019-11-08 04:50:00 EST,43.33985,-75.74299,493,23.0,23.4,23.0,88.3,20.1,0.000,0.000,0.00,0.000,1.0,1.9,0.4,309,18,1.3,2.1,0.4,319,20,1.3,2.1,0.4,319,20,0,29.59,-0.0,0,0,0,41.5,45.0,49.3,0.29,0.26,0.30
CAMD,2019-11-08 04:55:00 EST,43.33985,-75.74299,493,23.0,23.3,23.0,87.8,19.9,0.000,0.000,0.00,0.000,0.8,2.0,0.6,19,17,1.2,2.3,0.5,17,22,1.2,2.3,0.5,17,22,0,29.59,0.0,0,0,0,41.5,45.0,49.3,0.29,0.26,0.30
CAMD,2019-11-08 05:00:00 EST,43.33985,-75.74299,493,23.3,23.5,23.3,85.8,19.7,0.000,0.000,0.00,0.000,1.5,3.5,0.6,336,27,1.9,3.8,0.7,344,26,1.9,3.8,0.7,344,26,0,29.59,0.0,0,0,0,41.4,45.0,49.3,0.29,0.26,0.29
CAMD,2019-11-08 05:05:00 EST,43.33985,-75.74299,493,23.7,23.9,23.7,82.4,19.2,0.000,0.000,0.00,0.000,1.6,3.9,1.1,304,18,1.9,4.3,1.1,312,21,1.9,4.3,1.1,312,21,0,29.60,-0.0,0,0,0,41.4,45.0,49.4,0.29,0.26,0.30
CAMD,2019-11-08 05:10:00 EST,43.33985,-75.74299,493,24.1,24.2,19.6,78.9,18.5,0.000,0.000,0.00,0.000,3.1,5.3,0.9,310,23,3.5,5.9,1.1,317,23,3.5,5.9,1.1,317,23,0,29.60,0.0,0,0,0,41.4,45.0,49.3,0.29,0.26,0.30
CAMD,2019-11-08 05:15:00 EST,43.33985,-75.74299,493,24.3,24.3,19.0,76.0,17.8,0.000,0.000,0.00,0.000,3.8,5.9,1.0,307,23,4.1,7.8,1.3,315,23,4.1,7.8,1.3,315,23,0,29.60,0.0,0,0,0,41.4,45.0,49.3,0.29,0.26,0.30
CAMD,2019-11-08 05:20:00 EST,43.33985,-75.74299,493,24.1,24.2,15.9,75.0,17.4,0.000,0.000,0.00,0.000,6.4,12.6,2.7,323,17,7.2,15.3,3.0,330,16,7.2,15.3,3.0,330,16,0,29.60,-0.0,0,0,0,41.4,45.0,49.3,0.29,0.26,0.30
CAMD,2019-11-08 05:25:00 EST,43.33985,-75.74299,493,24.0,24.0,20.2,76.7,17.7,0.000,0.000,0.00,0.000,2.6,5.2,0.9,312,22,3.0,5.6,1.1,318,22,3.0,5.6,1.1,318,22,0,29.60,-0.0,0,0,0,41.4,45.0,49.3,0.29,0.26,0.30
CAMD,2019-11-08 05:30:00 EST,43.33985,-75.74299,493,23.8,23.9,18.3,78.4,18.1,0.000,0.000,0.00,0.000,3.8,6.4,1.1,303,25,4.3,7.8,1.3,309,23,4.3,7.8,1.3,309,23,0,29.60,-0.0,0,0,0,41.3,44.9,49.3,0.29,0.26,0.30
CAMD,2019-11-08 05:35:00 EST,43.33985,-75.74299,493,23.6,23.6,16.4,78.2,17.8,0.000,0.000,0.00,0.000,5.5,9.7,1.8,299,17,5.9,9.9,1.8,305,18,5.9,9.9,1.8,305,18,0,29.60,-0.0,0,0,0,41.3,44.9,49.3,0.29,0.26,0.30
CAMD,2019-11-08 05:40:00 EST,43.33985,-75.74299,493,23.4,23.5,17.5,79.1,17.9,0.000,0.000,0.00,0.000,4.2,6.8,1.2,306,22,4.6,7.5,1.3,313,23,4.6,7.5,1.3,313,23,0,29.60,-0.0,0,0,0,41.2,44.9,49.3,0.29,0.26,0.30
CAMD,2019-11-08 05:45:00 EST,43.33985,-75.74299,493,23.3,23.4,17.7,80.2,18.1,0.000,0.000,0.00,0.000,3.7,6.6,1.3,295,23,4.3,7.7,1.5,301,21,4.3,7.7,1.5,301,21,0,29.60,-0.0,0,0,0,41.2,44.8,49.3,0.29,0.26,0.30
CAMD,2019-11-08 05:50:00 EST,43.33985,-75.74299,493,23.2,23.3,18.3,81.9,18.5,0.000,0.000,0.00,0.000,3.2,5.8,1.3,299,23,3.7,7.6,1.4,303,21,3.7,7.6,1.4,303,21,0,29.60,-0.0,0,0,0,41.2,44.8,49.3,0.29,0.26,0.30
CAMD,2019-11-08 05:55:00 EST,43.33985,-75.74299,493,23.2,23.3,18.4,82.4,18.6,0.000,0.000,0.00,0.000,3.2,5.3,0.8,307,19,3.6,6.3,1.1,312,18,3.6,6.3,1.1,312,18,0,29.61,-0.0,0,0,0,41.2,44.8,49.3,0.29,0.26,0.30
CAMD,2019-11-08 06:00:00 EST,43.33985,-75.74299,493,23.2,23.3,17.4,83.3,18.8,0.000,0.000,0.00,0.000,3.9,7.9,1.3,299,22,4.4,8.9,1.5,305,21,4.4,8.9,1.5,305,21,0,29.61,-0.0,0,0,0,41.2,44.8,49.3,0.29,0.26,0.29
CAMD,2019-11-08 06:05:00 EST,43.33985,-75.74299,493,23.1,23.2,18.3,84.5,19.1,0.000,0.000,0.00,0.000,3.3,6.9,1.4,300,15,3.6,8.3,1.5,306,14,3.6,8.3,1.5,306,14,0,29.61,-0.0,0,0,0,41.2,44.8,49.3,0.29,0.26,0.29
CAMD,2019-11-08 06:10:00 EST,43.33985,-75.74299,493,22.9,23.1,18.2,85.5,19.2,0.000,0.000,0.00,0.000,3.3,6.6,1.5,304,14,3.5,7.0,1.5,311,14,3.5,7.0,1.5,311,14,0,29.61,-0.0,0,0,0,41.1,44.8,49.3,0.29,0.26,0.30
CAMD,2019-11-08 06:15:00 EST,43.33985,-75.74299,493,22.9,23.0,18.0,86.2,19.4,0.000,0.000,0.00,0.000,3.5,6.5,1.1,303,19,3.7,7.2,1.2,309,16,3.7,7.2,1.2,309,16,0,29.62,-0.0,0,0,0,41.1,44.7,49.3,0.29,0.26,0.30
CAMD,2019-11-08 06:20:00 EST,43.33985,-75.74299,493,22.9,23.0,19.0,86.7,19.5,0.000,0.000,0.00,0.000,2.8,5.2,1.0,295,23,3.0,5.6,1.1,299,20,3.0,5.6,1.1,299,20,0,29.62,-0.0,0,0,0,41.0,44.8,49.3,0.29,0.26,0.30
CAMD,2019-11-08 06:25:00 EST,43.33985,-75.74299,493,22.9,23.0,18.1,86.7,19.5,0.000,0.000,0.00,0.000,3.4,6.3,1.1,301,19,3.6,6.3,1.2,306,17,3.6,6.3,1.2,306,17,0,29.62,-0.1,0,0,0,41.0,44.8,49.3,0.29,0.26,0.29
CAMD,2019-11-08 06:30:00 EST,43.33985,-75.74299,493,22.7,22.9,18.1,87.0,19.4,0.000,0.000,0.00,0.000,3.1,6.2,1.2,295,20,3.5,6.4,1.3,299,20,3.5,6.4,1.3,299,20,0,29.63,-0.1,0,0,0,41.0,44.7,49.2,0.29,0.26,0.29
CAMD,2019-11-08 06:35:00 EST,43.33985,-75.74299,493,22.6,22.9,17.6,87.7,19.5,0.000,0.000,0.00,0.000,3.6,6.4,0.8,298,14,3.7,6.7,1.0,306,13,3.7,6.7,1.0,306,13,1,29.63,-0.0,0,0,0,41.0,44.7,49.3,0.29,0.26,0.30
CAMD,2019-11-08 06:40:00 EST,43.33985,-75.74299,493,22.6,22.8,22.6,87.9,19.5,0.000,0.000,0.00,0.000,2.6,5.2,1.0,311,18,2.8,6.2,1.0,318,16,2.8,6.2,1.0,318,16,2,29.63,-0.1,0,0,0,41.0,44.7,49.3,0.29,0.26,0.30
CAMD,2019-11-08 06:45:00 EST,43.33985,-75.74299,493,22.5,22.7,22.5,88.0,19.5,0.000,0.000,0.00,0.000,2.1,4.2,0.9,320,16,2.4,5.4,0.9,327,18,2.4,5.4,0.9,327,18,4,29.63,-0.0,0,0,0,41.0,44.7,49.3,0.29,0.26,0.30
CAMD,2019-11-08 06:50:00 EST,43.33985,-75.74299,493,22.4,22.7,18.0,88.1,19.5,0.000,0.000,0.00,0.000,2.6,5.4,0.9,347,26,3.3,7.4,1.1,352,23,3.3,7.4,1.1,352,23,5,29.64,-0.0,0,0,0,41.0,44.7,49.2,0.29,0.26,0.30
CAMD,2019-11-08 06:55:00 EST,43.33985,-75.74299,493,22.5,22.8,17.0,84.7,18.6,0.000,0.000,0.00,0.000,3.6,6.4,1.4,325,17,4.1,7.9,1.5,332,17,4.1,7.9,1.5,332,17,8,29.64,0.0,0,0,0,41.0,44.7,49.2,0.29,0.26,0.30
CAMD,2019-11-08 07:00:00 EST,43.33985,-75.74299,493,22.7,22.9,18.1,80.7,17.7,0.000,0.000,0.00,0.000,3.1,5.2,0.8,307,22,3.5,6.2,0.9,313,20,3.5,6.2,0.9,313,20,13,29.64,-0.0,0,0,0,41.0,44.7,49.2,0.29,0.26,0.30
CAMD,2019-11-08 07:05:00 EST,43.33985,-75.74299,493,22.6,22.9,16.5,79.5,17.3,0.000,0.000,0.00,0.000,4.2,8.3,1.8,300,21,4.6,10.1,2.1,307,21,4.6,10.1,2.1,307,21,15,29.64,-0.0,0,0,0,41.0,44.7,49.2,0.29,0.26,0.30
CAMD,2019-11-08 07:10:00 EST,43.33985,-75.74299,493,22.8,23.0,17.3,77.9,16.9,0.000,0.000,0.00,0.000,3.7,6.8,1.1,302,18,4.1,6.4,1.1,308,17,4.1,6.4,1.1,308,17,21,29.65,-0.0,0,0,0,41.0,44.6,49.1,0.29,0.26,0.29
CAMD,2019-11-08 07:15:00 EST,43.33985,-75.74299,493,22.8,23.0,18.4,78.0,17.0,0.000,0.000,0.00,0.000,2.9,4.6,0.8,294,19,3.3,5.9,0.9,300,17,3.3,5.9,0.9,300,17,36,29.65,-0.0,0,0,0,40.9,44.6,49.2,0.29,0.26,0.29
CAMD,2019-11-08 07:20:00 EST,43.33985,-75.74299,493,22.8,23.0,22.8,78.3,17.0,0.000,0.000,0.00,0.000,2.4,3.9,0.6,303,22,2.7,5.4,0.7,309,22,2.7,5.4,0.7,309,22,52,29.65,-0.0,0,0,0,40.8,44.6,49.2,0.29,0.26,0.29
CAMD,2019-11-08 07:25:00 EST,43.33985,-75.74299,493,22.9,23.1,22.9,77.8,17.0,0.000,0.000,0.00,0.000,2.5,4.5,0.7,297,15,2.7,5.0,0.8,302,16,2.7,5.0,0.8,302,16,62,29.65,-0.1,0,0,0,40.8,44.6,49.2,0.29,0.26,0.29
CAMD,2019-11-08 07:30:00 EST,43.33985,-75.74299,493,22.9,23.1,22.9,77.9,17.1,0.000,0.000,0.00,0.000,1.9,3.2,0.7,299,19,2.2,4.4,0.8,303,18,2.2,4.4,0.8,303,18,72,29.66,-0.0,0,0,0,40.8,44.6,49.1,0.29,0.26,0.30
CAMD,2019-11-08 07:35:00 EST,43.33985,-75.74299,493,22.9,23.1,22.9,77.9,17.1,0.000,0.000,0.00,0.000,2.6,4.6,0.9,297,23,3.0,5.6,1.0,304,22,3.0,5.6,1.0,304,22,82,29.66,-0.0,0,0,0,40.8,44.6,49.2,0.29,0.26,0.30
CAMD,2019-11-08 07:40:00 EST,43.33985,-75.74299,493,23.0,23.2,18.2,78.6,17.4,0.000,0.000,0.00,0.000,3.4,5.8,0.8,298,23,3.7,6.5,1.0,302,22,3.7,6.5,1.0,302,22,93,29.66,0.0,0,0,0,40.8,44.5,49.1,0.29,0.26,0.29
CAMD,2019-11-08 07:45:00 EST,43.33985,-75.74299,493,23.2,23.3,23.2,78.8,17.6,0.000,0.000,0.00,0.000,2.1,4.7,1.0,305,18,2.3,4.7,0.8,311,20,2.3,4.7,0.8,311,20,105,29.66,-0.0,0,0,0,40.8,44.6,49.1,0.29,0.26,0.30
CAMD,2019-11-08 07:50:00 EST,43.33985,-75.74299,493,23.3,23.5,23.3,78.7,17.7,0.000,0.000,0.00,0.000,2.1,3.9,0.9,311,26,2.6,4.9,1.1,318,27,2.6,4.9,1.1,318,27,117,29.66,0.0,0,0,0,40.8,44.5,49.1,0.29,0.26,0.30
CAMD,2019-11-08 07:55:00 EST,43.33985,-75.74299,493,23.5,23.7,23.5,77.0,17.3,0.000,0.000,0.00,0.000,2.4,4.2,0.8,306,35,2.8,5.4,1.0,313,35,2.8,5.4,1.0,313,35,128,29.66,0.0,0,0,0,40.8,44.5,49.1,0.29,0.26,0.29
CAMD,2019-11-08 08:00:00 EST,43.33985,-75.74299,493,23.7,23.8,23.7,76.2,17.3,0.000,0.000,0.00,0.000,2.7,6.1,1.4,302,20,2.9,6.7,1.4,305,19,2.9,6.7,1.4,305,19,140,29.66,0.0,0,0,0,40.7,44.5,49.1,0.29,0.26,0.30
CAMD,2019-11-08 08:05:00 EST,43.33985,-75.74299,493,23.9,24.1,23.9,76.0,17.5,0.000,0.000,0.00,0.000,2.6,5.3,0.9,292,16,2.9,6.5,1.1,298,16,2.9,6.5,1.1,298,16,153,29.67,0.0,0,0,0,40.7,44.5,49.1,0.29,0.26,0.30
CAMD,2019-11-08 08:10:00 EST,43.33985,-75.74299,493,24.2,24.2,19.5,75.0,17.4,0.000,0.000,0.00,0.000,3.3,5.7,1.4,295,22,3.6,7.3,1.7,300,22,3.6,7.3,1.7,300,22,165,29.67,0.0,0,0,0,40.6,44.4,49.1,0.29,0.26,0.29
CAMD,2019-11-08 08:15:00 EST,43.33985,-75.74299,493,24.4,24.5,24.4,74.8,17.6,0.000,0.000,0.00,0.000,2.4,5.8,1.5,305,23,2.9,7.0,1.5,312,22,2.9,7.0,1.5,312,22,176,29.67,0.0,0,0,0,40.6,44.4,49.1,0.29,0.26,0.30
CAMD,2019-11-08 08:20:00 EST,43.33985,-75.74299,493,24.7,24.8,20.4,74.4,17.8,0.000,0.000,0.00,0.000,3.1,5.0,0.9,301,28,3.5,6.1,1.0,306,27,3.5,6.1,1.0,306,27,188,29.67,0.0,0,0,0,40.6,44.4,49.1,0.29,0.26,0.29
CAMD,2019-11-08 08:25:00 EST,43.33985,-75.74299,493,25.1,25.1,19.3,73.3,17.7,0.000,0.000,0.00,0.000,4.0,7.6,1.7,327,19,4.6,8.5,1.9,332,21,4.6,8.5,1.9,332,21,199,29.67,0.1,0,0,0,40.6,44.4,49.1,0.29,0.26,0.30
CAMD,2019-11-08 08:30:00 EST,43.33985,-75.74299,493,25.4,25.4,20.1,72.7,17.9,0.000,0.000,0.00,0.000,3.6,6.4,1.1,331,25,4.3,7.4,1.5,336,23,4.3,7.4,1.5,336,23,212,29.67,0.1,0,0,0,40.6,44.5,49.1,0.29,0.26,0.29
CAMD,2019-11-08 08:35:00 EST,43.33985,-75.74299,493,25.8,25.8,20.6,71.9,18.0,0.000,0.000,0.00,0.000,3.4,6.9,1.3,325,28,4.2,7.3,1.4,329,26,4.2,7.3,1.4,329,26,230,29.68,0.0,0,0,0,40.6,44.4,49.1,0.29,0.26,0.30
CAMD,2019-11-08 08:40:00 EST,43.33985,-75.74299,493,25.7,25.8,21.2,71.9,17.9,0.000,0.000,0.00,0.000,3.2,6.9,1.3,288,24,3.7,8.0,1.4,294,24,3.7,8.0,1.4,294,24,239,29.68,0.1,0,0,0,40.6,44.4,49.1,0.29,0.26,0.30
CAMD,2019-11-08 08:45:00 EST,43.33985,-75.74299,493,25.8,25.9,20.1,72.0,18.0,0.000,0.000,0.00,0.000,4.3,7.7,1.2,296,19,4.7,8.8,1.4,302,17,4.7,8.8,1.4,302,17,253,29.68,0.0,0,0,0,40.6,44.4,49.1,0.29,0.26,0.30
CAMD,2019-11-08 08:50:00 EST,43.33985,-75.74299,493,26.2,26.1,20.5,71.1,18.1,0.000,0.000,0.00,0.000,4.3,9.6,1.9,299,26,4.8,10.1,1.9,305,27,4.8,10.1,1.9,305,27,283,29.68,0.0,0,0,0,40.6,44.4,49.1,0.29,0.26,0.30
CAMD,2019-11-08 08:55:00 EST,43.33985,-75.74299,493,26.2,26.0,19.5,69.1,17.4,0.000,0.000,0.00,0.000,5.2,11.2,1.6,304,22,5.8,12.3,1.7,308,21,5.8,12.3,1.7,308,21,202,29.68,0.0,0,0,0,40.6,44.4,49.1,0.29,0.26,0.29
CAMD,2019-11-08 09:00:00 EST,43.33985,-75.74299,493,26.4,26.3,22.0,69.9,17.9,0.000,0.000,0.00,0.000,3.0,6.0,1.5,327,34,3.6,8.3,1.8,331,33,3.6,8.3,1.8,331,33,224,29.68,0.1,0,0,0,40.5,44.4,49.1,0.29,0.26,0.30
CAMD,2019-11-08 09:05:00 EST,43.33985,-75.74299,493,27.0,26.8,21.8,66.9,17.5,0.000,0.000,0.00,0.000,4.0,7.5,1.6,12,30,4.4,9.5,1.7,15,24,4.4,9.5,1.7,15,24,308,29.68,0.1,0,0,0,40.5,44.3,49.0,0.29,0.26,0.30
CAMD,2019-11-08 09:10:00 EST,43.33985,-75.74299,493,27.4,27.1,21.9,65.6,17.4,0.000,0.000,0.00,0.000,4.0,8.2,1.9,350,26,4.7,10.9,2.3,355,24,4.7,10.9,2.3,355,24,319,29.68,0.1,0,0,0,40.5,44.2,49.1,0.29,0.26,0.30
CAMD,2019-11-08 09:15:00 EST,43.33985,-75.74299,493,27.7,27.4,21.9,65.6,17.7,0.000,0.000,0.00,0.000,4.2,9.6,2.2,359,30,5.2,11.1,2.2,2,28,5.2,11.1,2.2,2,28,337,29.68,0.1,0,0,0,40.5,44.2,49.1,0.29,0.26,0.29
CAMD,2019-11-08 09:20:00 EST,43.33985,-75.74299,493,27.7,27.7,23.0,63.4,16.9,0.000,0.000,0.00,0.000,3.4,7.2,1.2,318,28,4.2,7.6,1.3,323,25,4.2,7.6,1.3,323,25,374,29.68,0.1,0,0,0,40.5,44.1,49.0,0.29,0.26,0.30
CAMD,2019-11-08 09:25:00 EST,43.33985,-75.74299,493,27.8,27.6,21.8,62.3,16.6,0.000,0.000,0.00,0.000,5.0,11.0,2.1,321,18,5.4,12.2,2.0,327,17,5.4,12.2,2.0,327,17,327,29.68,0.1,0,0,0,40.5,44.1,49.1,0.29,0.26,0.30
CAMD,2019-11-08 09:30:00 EST,43.33985,-75.74299,493,27.6,27.6,21.7,63.4,16.8,0.000,0.000,0.00,0.000,4.6,9.9,2.1,309,26,5.3,9.4,2.1,315,27,5.3,9.4,2.1,315,27,246,29.68,0.0,0,0,0,40.5,44.1,49.0,0.29,0.26,0.30
CAMD,2019-11-08 09:35:00 EST,43.33985,-75.74299,493,27.4,27.3,20.3,63.8,16.8,0.000,0.000,0.00,0.000,5.8,9.9,1.9,313,23,6.6,10.9,2.0,318,21,6.6,10.9,2.0,318,21,129,29.69,0.0,0,0,0,40.5,44.1,49.0,0.29,0.26,0.30
CAMD,2019-11-08 09:40:00 EST,43.33985,-75.74299,493,27.3,27.2,19.8,65.3,17.2,0.000,0.000,0.00,0.000,6.3,12.7,2.1,328,23,7.1,13.1,2.0,334,23,7.1,13.1,2.0,334,23,208,29.69,0.0,0,0,0,40.5,44.1,49.0,0.29,0.26,0.30
CAMD,2019-11-08 09:45:00 EST,43.33985,-75.74299,493,27.3,27.2,20.6,65.0,17.1,0.000,0.000,0.00,0.000,5.3,12.1,1.8,344,21,6.0,13.9,2.1,348,18,6.0,13.9,2.1,348,18,205,29.69,0.1,0,0,0,40.5,44.1,49.0,0.29,0.26,0.30
CAMD,2019-11-08 09:50:00 EST,43.33985,-75.74299,493,27.5,27.3,22.2,64.8,17.2,0.000,0.000,0.00,0.000,3.9,8.8,2.5,313,29,4.6,11.0,2.4,318,26,4.6,11.0,2.4,318,26,160,29.69,0.0,0,0,0,40.4,44.1,48.8,0.29,0.26,0.30
CAMD,2019-11-08 09:55:00 EST,43.33985,-75.74299,493,27.6,27.3,20.8,65.2,17.4,0.000,0.000,0.00,0.000,5.3,9.7,1.9,320,20,6.2,10.2,2.0,324,20,6.2,10.2,2.0,324,20,386,29.69,-0.0,0,0,0,40.4,44.1,48.9,0.29,0.26,0.29
CAMD,2019-11-08 10:00:00 EST,43.33985,-75.74299,493,28.0,27.7,21.3,64.0,17.4,0.000,0.000,0.00,0.000,5.6,9.9,1.9,319,23,6.2,11.1,2.0,326,23,6.2,11.1,2.0,326,23,426,29.69,0.1,0,0,0,40.3,44.1,48.7,0.29,0.26,0.29
CAMD,2019-11-08 10:05:00 EST,43.33985,-75.74299,493,28.0,27.5,20.4,63.6,17.2,0.000,0.000,0.00,0.000,6.7,10.3,2.0,293,16,7.3,13.7,2.0,297,16,7.3,13.7,2.0,297,16,365,29.69,0.1,0,0,0,40.3,44.0,48.7,0.29,0.26,0.30
CAMD,2019-11-08 10:10:00 EST,43.33985,-75.74299,493,28.3,28.0,21.4,63.1,17.4,0.000,0.000,0.00,0.000,5.6,11.8,2.2,314,34,6.5,13.8,2.3,320,34,6.5,13.8,2.3,320,34,321,29.69,0.1,0,0,0,40.3,44.0,48.7,0.29,0.26,0.30
CAMD,2019-11-08 10:15:00 EST,43.33985,-75.74299,493,28.3,28.0,19.2,60.6,16.4,0.000,0.000,0.00,0.000,8.7,16.3,2.7,338,29,9.9,18.3,3.1,346,22,9.9,18.3,3.1,346,22,368,29.69,0.0,0,0,0,40.3,43.9,48.8,0.29,0.26,0.30
CAMD,2019-11-08 10:20:00 EST,43.33985,-75.74299,493,28.3,28.0,20.9,61.4,16.8,0.000,0.000,0.00,0.000,6.5,13.9,3.2,333,17,7.3,14.4,3.1,340,17,7.3,14.4,3.1,340,17,300,29.69,0.0,0,0,0,40.3,43.9,48.8,0.29,0.26,0.29
CAMD,2019-11-08 10:25:00 EST,43.33985,-75.74299,493,28.5,28.2,22.1,61.8,17.1,0.000,0.000,0.00,0.000,5.3,17.5,3.7,319,29,6.0,18.6,3.6,329,24,6.0,18.6,3.6,329,24,263,29.69,0.0,0,0,0,40.3,43.9,48.8,0.29,0.26,0.29
CAMD,2019-11-08 10:30:00 EST,43.33985,-75.74299,493,28.5,28.2,19.7,59.5,16.1,0.000,0.000,0.00,0.000,7.9,15.4,2.9,339,22,9.3,18.8,3.2,344,19,9.3,18.8,3.2,344,19,350,29.69,0.1,0,0,0,40.3,43.8,49.0,0.29,0.26,0.29
CAMD,2019-11-08 10:35:00 EST,43.33985,-75.74299,493,29.0,28.7,20.7,60.2,16.9,0.000,0.000,0.00,0.000,7.9,13.7,2.1,328,30,8.9,14.0,2.3,335,29,8.9,14.0,2.3,335,29,403,29.69,0.0,0,0,0,40.3,43.8,48.8,0.29,0.26,0.29
CAMD,2019-11-08 10:40:00 EST,43.33985,-75.74299,493,28.9,28.6,20.6,59.8,16.7,0.000,0.000,0.00,0.000,8.1,17.9,2.8,299,22,8.8,17.4,2.6,306,21,8.8,17.4,2.6,306,21,371,29.69,0.1,0,0,0,40.3,43.8,48.8,0.29,0.26,0.30
CAMD,2019-11-08 10:45:00 EST,43.33985,-75.74299,493,28.7,28.4,19.8,59.0,16.2,0.000,0.000,0.00,0.000,9.0,16.3,2.8,318,22,9.9,16.6,3.0,322,21,9.9,16.6,3.0,322,21,370,29.69,-0.0,0,0,0,40.3,43.8,48.6,0.29,0.26,0.30
CAMD,2019-11-08 10:50:00 EST,43.33985,-75.74299,493,28.8,28.5,19.6,57.3,15.6,0.000,0.000,0.00,0.000,9.4,18.6,3.2,321,23,10.2,20.7,3.7,328,22,10.2,20.7,3.7,328,22,384,29.69,0.1,0,0,0,40.3,43.8,48.6,0.29,0.26,0.30
CAMD,2019-11-08 10:55:00 EST,43.33985,-75.74299,493,28.8,28.5,21.4,58.6,16.1,0.000,0.000,0.00,0.000,6.4,11.5,2.1,317,23,7.3,12.0,2.3,325,21,7.3,12.0,2.3,325,21,243,29.70,0.0,0,0,0,40.3,43.8,48.7,0.29,0.26,0.30
CAMD,2019-11-08 11:00:00 EST,43.33985,-75.74299,493,28.5,28.3,20.4,58.4,15.8,0.000,0.000,0.00,0.000,7.5,12.9,2.4,303,24,8.4,15.0,2.7,308,22,8.4,15.0,2.7,308,22,277,29.70,0.0,0,0,0,40.3,43.8,48.8,0.29,0.26,0.30
CAMD,2019-11-08 11:05:00 EST,43.33985,-75.74299,493,29.4,29.0,20.9,58.1,16.4,0.000,0.000,0.00,0.000,8.0,16.2,3.2,311,22,9.2,19.3,3.4,317,22,9.2,19.3,3.4,317,22,469,29.70,-0.0,0,0,0,40.3,43.9,48.7,0.29,0.26,0.30
CAMD,2019-11-08 11:10:00 EST,43.33985,-75.74299,493,28.6,28.4,18.9,56.5,15.1,0.000,0.000,0.00,0.000,10.5,19.2,3.7,328,17,11.3,20.1,3.9,332,16,11.3,20.1,3.9,332,16,171,29.70,-0.0,0,0,0,40.3,43.8,48.7,0.29,0.26,0.30
CAMD,2019-11-08 11:15:00 EST,43.33985,-75.74299,493,28.6,28.4,20.2,57.1,15.3,0.000,0.000,0.00,0.000,7.9,16.5,3.2,324,21,8.8,16.0,3.1,330,19,8.8,16.0,3.1,330,19,353,29.70,0.0,0,0,0,40.3,43.8,48.6,0.29,0.26,0.30
CAMD,2019-11-08 11:20:00 EST,43.33985,-75.74299,493,29.2,28.9,21.6,58.2,16.3,0.000,0.000,0.00,0.000,6.7,11.4,1.8,332,23,7.7,13.8,2.2,337,22,7.7,13.8,2.2,337,22,355,29.70,0.1,0,0,0,40.3,43.9,48.7,0.29,0.26,0.29
CAMD,2019-11-08 11:25:00 EST,43.33985,-75.74299,493,29.7,29.3,21.8,58.2,16.8,0.000,0.000,0.00,0.000,7.6,14.5,2.6,306,23,8.4,17.4,2.6,314,23,8.4,17.4,2.6,314,23,389,29.70,-0.0,0,0,0,40.3,43.8,48.6,0.29,0.26,0.30
CAMD,2019-11-08 11:30:00 EST,43.33985,-75.74299,493,28.8,28.4,20.4,60.3,16.7,0.000,0.000,0.00,0.000,7.7,14.6,2.8,297,23,8.8,15.7,2.6,301,23,8.8,15.7,2.6,301,23,316,29.70,0.1,0,0,0,40.3,43.7,48.7,0.29,0.26,0.30
CAMD,2019-11-08 11:35:00 EST,43.33985,-75.74299,493,28.8,28.4,21.0,64.5,18.3,0.000,0.000,0.00,0.000,7.0,16.9,2.8,299,27,7.9,17.8,3.1,301,26,7.9,17.8,3.1,301,26,280,29.70,0.0,0,0,0,40.3,43.8,48.8,0.29,0.26,0.30
CAMD,2019-11-08 11:40:00 EST,43.33985,-75.74299,493,28.6,28.2,20.6,64.9,18.3,0.000,0.000,0.00,0.000,7.5,14.4,2.8,300,22,8.2,14.0,2.8,303,20,8.2,14.0,2.8,303,20,560,29.69,0.1,0,0,0,40.3,43.7,48.6,0.29,0.26,0.29
CAMD,2019-11-08 11:45:00 EST,43.33985,-75.74299,493,29.1,28.5,21.5,67.2,19.6,0.000,0.000,0.00,0.000,7.0,13.4,2.4,300,19,7.7,14.9,2.5,304,19,7.7,14.9,2.5,304,19,299,29.69,-0.0,0,0,0,40.3,43.8,48.7,0.29,0.26,0.30
CAMD,2019-11-08 11:50:00 EST,43.33985,-75.74299,493,28.1,27.9,18.9,68.2,19.0,0.000,0.000,0.00,0.000,9.2,15.6,2.5,304,20,10.1,16.6,2.6,310,20,10.1,16.6,2.6,310,20,292,29.69,0.1,0,0,0,40.4,43.7,48.6,0.29,0.26,0.30
CAMD,2019-11-08 11:55:00 EST,43.33985,-75.74299,493,28.1,27.8,19.6,69.5,19.4,0.000,0.000,0.00,0.000,8.2,13.4,3.0,314,21,8.9,14.5,3.0,318,20,8.9,14.5,3.0,318,20,152,29.70,-0.1,0,0,0,40.5,43.8,48.7,0.29,0.26,0.30
CAMD,2019-11-08 12:00:00 EST,43.33985,-75.74299,493,27.9,27.7,19.3,68.2,18.8,0.000,0.000,0.00,0.000,8.2,12.6,2.1,318,20,8.9,14.9,2.4,324,20,8.9,14.9,2.4,324,20,396,29.69,0.1,0,0,0,40.5,43.8,48.6,0.29,0.26,0.30
CAMD,2019-11-08 12:05:00 EST,43.33985,-75.74299,493,28.5,28.1,21.1,64.8,18.1,0.000,0.000,0.00,0.000,6.4,12.3,2.9,309,20,7.2,14.0,2.9,312,20,7.2,14.0,2.9,312,20,285,29.69,-0.0,0,0,0,40.5,43.8,48.6,0.29,0.26,0.30
CAMD,2019-11-08 12:10:00 EST,43.33985,-75.74299,493,28.7,28.2,19.6,65.5,18.6,0.000,0.000,0.00,0.000,9.0,14.6,3.0,321,20,9.9,18.6,3.1,329,20,9.9,18.6,3.1,329,20,505,29.69,-0.1,0,0,0,40.5,43.7,48.6,0.29,0.26,0.30
CAMD,2019-11-08 12:15:00 EST,43.33985,-75.74299,493,28.1,27.8,20.0,68.6,19.1,0.000,0.000,0.00,0.000,7.6,14.6,2.2,319,20,8.2,14.0,2.3,325,20,8.2,14.0,2.3,325,20,134,29.69,-0.0,0,0,0,40.6,43.8,48.6,0.29,0.26,0.30
CAMD,2019-11-08 12:20:00 EST,43.33985,-75.74299,493,27.2,27.1,18.0,72.0,19.4,0.000,0.000,0.00,0.000,8.8,16.6,3.0,315,22,9.7,17.8,3.1,323,21,9.7,17.8,3.1,323,21,81,29.70,0.0,0,0,0,40.6,43.7,48.6,0.29,0.26,0.30
CAMD,2019-11-08 12:25:00 EST,43.33985,-75.74299,493,27.2,27.0,20.0,75.1,20.4,0.000,0.000,0.00,0.000,6.0,11.7,2.1,308,29,6.7,12.5,2.2,313,26,6.7,12.5,2.2,313,26,185,29.70,-0.0,0,0,0,40.6,43.7,48.6,0.29,0.26,0.29
CAMD,2019-11-08 12:30:00 EST,43.33985,-75.74299,493,28.1,27.7,20.7,72.7,20.5,0.000,0.000,0.00,0.000,6.5,12.6,2.3,298,24,7.2,13.7,2.4,303,23,7.2,13.7,2.4,303,23,383,29.70,0.0,0,0,0,40.6,43.7,48.6,0.29,0.26,0.29
CAMD,2019-11-08 12:35:00 EST,43.33985,-75.74299,493,28.9,28.5,22.4,68.4,19.8,0.000,0.000,0.00,0.000,5.5,10.8,2.2,316,31,6.2,12.7,2.3,321,27,6.2,12.7,2.3,321,27,426,29.70,-0.0,0,0,0,40.7,43.7,48.6,0.29,0.26,0.30
CAMD,2019-11-08 12:40:00 EST,43.33985,-75.74299,493,29.2,28.7,21.2,64.6,18.7,0.000,0.000,0.00,0.000,7.2,14.8,2.6,297,34,8.3,21.4,2.9,301,33,8.3,21.4,2.9,301,33,420,29.70,-0.1,0,0,0,40.8,43.7,48.6,0.29,0.26,0.30
CAMD,2019-11-08 12:45:00 EST,43.33985,-75.74299,493,28.5,28.2,21.2,65.0,18.2,0.000,0.000,0.00,0.000,6.4,12.1,2.5,313,27,7.1,13.1,2.6,320,24,7.1,13.1,2.6,320,24,194,29.70,-0.1,0,0,0,40.8,43.7,48.6,0.29,0.26,0.30
CAMD,2019-11-08 12:50:00 EST,43.33985,-75.74299,493,28.1,27.9,19.5,65.8,18.1,0.000,0.000,0.00,0.000,8.2,16.8,2.5,306,28,8.9,16.4,2.4,312,27,8.9,16.4,2.4,312,27,171,29.69,-0.0,0,0,0,40.9,43.7,48.6,0.29,0.26,0.29
CAMD,2019-11-08 12:55:00 EST,43.33985,-75.74299,493,28.8,28.6,22.2,61.2,17.1,0.000,0.000,0.00,0.000,5.8,12.1,2.4,306,20,6.3,14.3,2.3,313,17,6.3,14.3,2.3,313,17,283,29.69,0.1,0,0,0,41.0,43.7,48.6,0.29,0.26,0.30
CAMD,2019-11-08 13:00:00 EST,43.33985,-75.74299,493,30.2,29.7,22.7,59.3,17.7,0.000,0.000,0.00,0.000,6.8,13.1,2.3,310,26,7.9,15.5,2.6,317,25,7.9,15.5,2.6,317,25,428,29.69,-0.1,0,0,0,41.0,43.7,48.6,0.29,0.26,0.30
CAMD,2019-11-08 13:05:00 EST,43.33985,-75.74299,493,28.9,28.6,20.6,55.1,14.8,0.000,0.000,0.00,0.000,7.8,14.1,2.6,297,24,8.6,15.0,2.9,302,19,8.6,15.0,2.9,302,19,108,29.69,-0.1,0,0,0,41.0,43.7,48.6,0.29,0.26,0.30
CAMD,2019-11-08 13:10:00 EST,43.33985,-75.74299,493,28.4,28.3,19.9,55.1,14.3,0.000,0.000,0.00,0.000,8.3,16.5,3.7,298,24,8.9,16.9,3.7,303,24,8.9,16.9,3.7,303,24,148,29.69,0.1,0,0,0,41.0,43.7,48.6,0.29,0.26,0.30
CAMD,2019-11-08 13:15:00 EST,43.33985,-75.74299,493,29.6,29.2,23.6,56.0,15.8,0.000,0.000,0.00,0.000,4.9,12.6,2.8,294,29,5.7,12.8,2.9,303,31,5.7,12.8,2.9,303,31,482,29.69,-0.1,0,0,0,41.0,43.7,48.6,0.29,0.26,0.29
CAMD,2019-11-08 13:20:00 EST,43.33985,-75.74299,493,30.7,30.1,24.0,54.7,16.3,0.000,0.000,0.00,0.000,6.0,14.6,2.9,299,24,6.8,16.4,3.2,304,24,6.8,16.4,3.2,304,24,421,29.69,-0.1,0,0,0,41.1,43.7,48.6,0.29,0.26,0.29
CAMD,2019-11-08 13:25:00 EST,43.33985,-75.74299,493,30.2,29.8,22.9,54.2,15.6,0.000,0.000,0.00,0.000,6.8,11.3,2.0,292,25,7.7,13.0,2.3,297,24,7.7,13.0,2.3,297,24,329,29.69,0.0,0,0,0,41.2,43.7,48.6,0.29,0.26,0.30
CAMD,2019-11-08 13:30:00 EST,43.33985,-75.74299,493,30.2,29.8,22.7,51.6,14.5,0.000,0.000,0.00,0.000,7.1,16.3,3.0,307,26,7.9,14.9,2.9,311,24,7.9,14.9,2.9,311,24,348,29.70,-0.1,0,0,0,41.2,43.7,48.6,0.29,0.26,0.29
CAMD,2019-11-08 13:35:00 EST,43.33985,-75.74299,493,29.9,29.5,21.6,51.2,14.0,0.000,0.000,0.00,0.000,8.5,16.3,2.6,319,19,9.1,14.9,2.5,325,17,9.1,14.9,2.5,325,17,411,29.69,-0.0,0,0,0,41.2,43.7,48.6,0.29,0.26,0.29
CAMD,2019-11-08 13:40:00 EST,43.33985,-75.74299,493,29.5,29.4,22.2,51.4,13.8,0.000,0.000,0.00,0.000,6.8,11.1,1.9,304,24,7.4,12.6,1.9,311,22,7.4,12.6,1.9,311,22,180,29.69,-0.1,0,0,0,41.2,43.8,48.6,0.29,0.26,0.29
CAMD,2019-11-08 13:45:00 EST,43.33985,-75.74299,493,29.0,29.0,21.9,52.6,13.8,0.000,0.000,0.00,0.000,6.2,12.9,3.2,303,30,6.9,13.6,2.8,305,28,6.9,13.6,2.8,305,28,132,29.69,-0.0,0,0,0,41.3,43.7,48.6,0.29,0.26,0.30
CAMD,2019-11-08 13:50:00 EST,43.33985,-75.74299,493,29.4,29.2,21.4,52.6,14.2,0.000,0.000,0.00,0.000,8.0,15.9,2.7,313,24,8.5,17.1,2.6,318,23,8.5,17.1,2.6,318,23,316,29.69,-0.0,0,0,0,41.4,43.7,48.6,0.29,0.26,0.30
CAMD,2019-11-08 13:55:00 EST,43.33985,-75.74299,493,30.2,29.9,23.2,52.0,14.7,0.000,0.000,0.00,0.000,6.3,14.2,3.0,278,33,7.2,16.8,3.2,282,31,7.2,16.8,3.2,282,31,311,29.69,-0.1,0,0,0,41.4,43.7,48.6,0.29,0.26,0.30
CAMD,2019-11-08 14:00:00 EST,43.33985,-75.74299,493,30.1,29.8,24.6,50.9,14.1,0.000,0.000,0.00,0.000,4.6,10.6,2.3,285,35,5.4,14.0,2.4,289,33,5.4,14.0,2.4,289,33,367,29.69,-0.0,0,0,0,41.4,43.7,48.7,0.29,0.26,0.30
CAMD,2019-11-08 14:05:00 EST,43.33985,-75.74299,493,30.8,30.4,26.2,50.9,14.8,0.000,0.000,0.00,0.000,3.8,7.7,1.6,292,37,4.5,10.3,1.9,299,33,4.5,10.3,1.9,299,33,377,29.69,0.0,0,0,0,41.4,43.7,48.6,0.29,0.26,0.30
CAMD,2019-11-08 14:10:00 EST,43.33985,-75.74299,493,30.9,30.5,25.9,50.0,14.4,0.000,0.000,0.00,0.000,4.1,9.2,1.9,295,27,4.9,11.8,2.3,298,25,4.9,11.8,2.3,298,25,398,29.69,-0.0,0,0,0,41.4,43.7,48.6,0.29,0.26,0.30
CAMD,2019-11-08 14:15:00 EST,43.33985,-75.74299,493,30.8,30.4,23.5,50.9,14.7,0.000,0.000,0.00,0.000,6.7,12.9,2.5,279,33,7.7,15.3,2.8,286,31,7.7,15.3,2.8,286,31,364,29.69,-0.0,0,0,0,41.5,43.7,48.6,0.29,0.26,0.30
CAMD,2019-11-08 14:20:00 EST,43.33985,-75.74299,493,30.4,30.1,23.3,50.0,13.9,0.000,0.000,0.00,0.000,6.9,13.6,2.1,289,21,7.4,15.1,2.5,294,19,7.4,15.1,2.5,294,19,381,29.69,-0.1,0,0,0,41.5,43.7,48.6,0.29,0.26,0.30
CAMD,2019-11-08 14:25:00 EST,43.33985,-75.74299,493,30.4,29.9,23.0,50.1,14.0,0.000,0.000,0.00,0.000,7.1,12.8,2.3,291,22,7.8,14.6,2.3,297,20,7.8,14.6,2.3,297,20,391,29.69,0.1,0,0,0,41.5,43.7,48.6,0.29,0.26,0.30
CAMD,2019-11-08 14:30:00 EST,43.33985,-75.74299,493,30.3,30.0,23.3,52.6,15.0,0.000,0.000,0.00,0.000,6.1,12.6,2.8,292,25,7.1,15.4,3.0,295,23,7.1,15.4,3.0,295,23,159,29.69,-0.2,0,0,0,41.5,43.7,48.6,0.29,0.26,0.30
CAMD,2019-11-08 14:35:00 EST,43.33985,-75.74299,493,29.9,29.7,22.3,54.0,15.3,0.000,0.000,0.00,0.000,7.3,13.1,2.6,301,25,8.1,13.6,2.8,307,24,8.1,13.6,2.8,307,24,254,29.69,0.0,0,0,0,41.5,43.7,48.6,0.29,0.26,0.30
CAMD,2019-11-08 14:40:00 EST,43.33985,-75.74299,493,30.2,30.0,21.9,50.1,13.8,0.000,0.000,0.00,0.000,8.5,15.0,2.7,311,22,9.3,19.1,3.0,316,22,9.3,19.1,3.0,316,22,258,29.70,-0.1,0,0,0,41.6,43.8,48.6,0.29,0.26,0.30
CAMD,2019-11-08 14:45:00 EST,43.33985,-75.74299,493,30.2,30.0,24.5,51.5,14.4,0.000,0.000,0.00,0.000,4.8,11.0,2.1,311,34,5.4,10.6,2.1,316,32,5.4,10.6,2.1,316,32,251,29.70,-0.1,0,0,0,41.7,43.7,48.6,0.29,0.26,0.30
CAMD,2019-11-08 14:50:00 EST,43.33985,-75.74299,493,30.3,30.0,22.7,54.4,15.8,0.000,0.000,0.00,0.000,7.2,16.7,3.1,312,26,8.1,15.6,3.0,317,26,8.1,15.6,3.0,317,26,191,29.70,-0.1,0,0,0,41.7,43.7,48.6,0.29,0.26,0.29
CAMD,2019-11-08 14:55:00 EST,43.33985,-75.74299,493,29.7,29.5,21.1,54.1,15.1,0.000,0.000,0.00,0.000,8.7,15.3,2.6,324,15,9.5,16.6,2.7,331,15,9.5,16.6,2.7,331,15,120,29.70,-0.0,0,0,0,41.7,43.7,48.6,0.29,0.26,0.30
CAMD,2019-11-08 15:00:00 EST,43.33985,-75.74299,493,29.4,29.4,22.5,54.2,14.9,0.000,0.000,0.00,0.000,6.2,12.6,2.4,318,19,6.9,13.4,2.6,323,18,6.9,13.4,2.6,323,18,108,29.70,-0.1,0,0,0,41.7,43.7,48.6,0.29,0.26,0.30
CAMD,2019-11-08 15:05:00 EST,43.33985,-75.74299,493,29.2,29.2,21.0,53.4,14.4,0.000,0.000,0.00,0.000,8.5,13.3,2.3,322,13,8.9,13.8,2.3,328,12,8.9,13.8,2.3,328,12,133,29.70,-0.1,0,0,0,41.8,43.7,48.6,0.29,0.26,0.30
CAMD,2019-11-08 15:10:00 EST,43.33985,-75.74299,493,29.3,29.3,22.8,54.6,15.0,0.000,0.000,0.00,0.000,5.8,11.3,2.0,331,28,6.4,12.8,2.1,340,22,6.4,12.8,2.1,340,22,90,29.70,-0.0,0,0,0,41.8,43.7,48.6,0.29,0.26,0.30
CAMD,2019-11-08 15:15:00 EST,43.33985,-75.74299,493,29.3,29.3,21.6,53.7,14.6,0.000,0.000,0.00,0.000,7.3,12.3,2.6,320,15,8.0,12.4,2.5,326,15,8.0,12.4,2.5,326,15,121,29.70,-0.1,0,0,0,41.9,43.8,48.6,0.29,0.26,0.30
CAMD,2019-11-08 15:20:00 EST,43.33985,-75.74299,493,29.4,29.3,22.9,55.2,15.3,0.000,0.000,0.00,0.000,5.9,11.0,2.3,323,23,6.4,11.8,2.7,328,22,6.4,11.8,2.7,328,22,139,29.70,0.0,0,0,0,41.9,43.8,48.5,0.29,0.26,0.30
CAMD,2019-11-08 15:25:00 EST,43.33985,-75.74299,493,29.6,29.5,23.1,55.4,15.6,0.000,0.000,0.00,0.000,5.6,13.4,2.8,339,25,6.3,14.7,3.3,344,23,6.3,14.7,3.3,344,23,89,29.71,-0.1,0,0,0,41.9,43.8,48.6,0.29,0.26,0.30
CAMD,2019-11-08 15:30:00 EST,43.33985,-75.74299,493,29.3,29.3,24.1,55.6,15.3,0.000,0.000,0.00,0.000,4.3,11.3,1.9,318,26,4.7,10.8,2.0,323,24,4.7,10.8,2.0,323,24,83,29.71,-0.0,0,0,0,41.9,43.8,48.6,0.29,0.26,0.30
CAMD,2019-11-08 15:35:00 EST,43.33985,-75.74299,493,29.3,29.3,21.7,54.1,14.7,0.000,0.000,0.00,0.000,7.0,15.1,3.0,308,24,7.7,15.7,3.1,314,23,7.7,15.7,3.1,314,23,115,29.71,-0.1,0,0,0,41.9,43.7,48.5,0.29,0.26,0.30
CAMD,2019-11-08 15:40:00 EST,43.33985,-75.74299,493,29.0,29.1,21.9,54.7,14.7,0.000,0.000,0.00,0.000,6.5,13.2,2.6,316,23,7.1,14.0,2.5,323,21,7.1,14.0,2.5,323,21,56,29.71,-0.1,0,0,0,42.0,43.8,48.4,0.29,0.26,0.30
CAMD,2019-11-08 15:45:00 EST,43.33985,-75.74299,493,29.1,29.1,21.3,55.0,14.9,0.000,0.000,0.00,0.000,7.1,10.1,1.6,327,21,7.9,12.3,1.9,335,19,7.9,12.3,1.9,335,19,100,29.71,-0.1,0,0,0,42.1,43.7,48.4,0.29,0.26,0.30
CAMD,2019-11-08 15:50:00 EST,43.33985,-75.74299,493,29.0,29.0,22.3,55.6,15.1,0.000,0.000,0.00,0.000,5.9,10.5,2.0,324,23,6.5,10.4,2.1,330,19,6.5,10.4,2.1,330,19,42,29.71,-0.1,0,0,0,42.1,43.8,48.4,0.29,0.26,0.30
CAMD,2019-11-08 15:55:00 EST,43.33985,-75.74299,493,28.8,28.9,20.9,55.3,14.8,0.000,0.000,0.00,0.000,7.6,12.9,2.5,330,19,8.0,17.6,2.8,337,17,8.0,17.6,2.8,337,17,38,29.71,-0.0,0,0,0,42.1,43.8,48.4,0.29,0.26,0.30
CAMD,2019-11-08 16:00:00 EST,43.33985,-75.74299,493,28.9,29.0,22.3,55.2,14.8,0.000,0.000,0.00,0.000,5.9,12.7,2.6,322,17,6.3,13.6,2.8,328,17,6.3,13.6,2.8,328,17,81,29.71,-0.1,0,0,0,42.1,43.8,48.4,0.29,0.26,0.30
CAMD,2019-11-08 16:05:00 EST,43.33985,-75.74299,493,29.0,29.1,23.8,55.2,14.9,0.000,0.000,0.00,0.000,4.4,8.8,1.6,314,23,4.8,8.5,1.7,321,20,4.8,8.5,1.7,321,20,53,29.71,-0.1,0,0,0,42.1,43.8,48.5,0.29,0.26,0.30
CAMD,2019-11-08 16:10:00 EST,43.33985,-75.74299,493,28.8,29.0,23.5,54.9,14.6,0.000,0.000,0.00,0.000,4.3,7.9,1.5,306,23,4.8,7.8,1.5,312,22,4.8,7.8,1.5,312,22,30,29.72,-0.1,0,0,0,42.1,43.9,48.4,0.29,0.26,0.30
CAMD,2019-11-08 16:15:00 EST,43.33985,-75.74299,493,28.6,28.8,22.8,54.6,14.3,0.000,0.000,0.00,0.000,4.8,8.3,1.4,307,24,5.3,9.2,1.6,312,23,5.3,9.2,1.6,312,23,23,29.72,-0.1,0,0,0,42.0,43.8,48.4,0.29,0.26,0.29
CAMD,2019-11-08 16:20:00 EST,43.33985,-75.74299,493,28.5,28.7,22.1,54.7,14.2,0.000,0.000,0.00,0.000,5.3,12.3,2.5,315,20,5.9,13.5,2.6,322,17,5.9,13.5,2.6,322,17,22,29.72,-0.1,0,0,0,42.0,43.8,48.5,0.29,0.26,0.30
CAMD,2019-11-08 16:25:00 EST,43.33985,-75.74299,493,28.3,28.5,22.7,55.1,14.2,0.000,0.000,0.00,0.000,4.6,8.7,1.6,311,18,5.1,9.7,1.8,316,17,5.1,9.7,1.8,316,17,18,29.72,-0.1,0,0,0,41.9,43.8,48.4,0.29,0.26,0.30
CAMD,2019-11-08 16:30:00 EST,43.33985,-75.74299,493,28.2,28.4,22.8,55.7,14.4,0.000,0.000,0.00,0.000,4.4,7.7,1.7,314,16,4.8,8.5,1.8,318,17,4.8,8.5,1.8,318,17,14,29.72,-0.1,0,0,0,41.9,43.8,48.4,0.29,0.26,0.30
CAMD,2019-11-08 16:35:00 EST,43.33985,-75.74299,493,28.2,28.4,22.5,55.8,14.4,0.000,0.000,0.00,0.000,4.8,8.2,1.4,313,17,5.2,10.0,1.6,320,17,5.2,10.0,1.6,320,17,12,29.72,-0.1,0,0,0,41.9,43.8,48.4,0.29,0.26,0.30
CAMD,2019-11-08 16:40:00 EST,43.33985,-75.74299,493,28.2,28.3,22.6,57.1,14.9,0.000,0.000,0.00,0.000,4.6,9.3,1.7,324,17,5.0,9.3,1.8,331,15,5.0,9.3,1.8,331,15,9,29.72,-0.1,0,0,0,41.9,43.8,48.4,0.29,0.26,0.30
CAMD,2019-11-08 16:45:00 EST,43.33985,-75.74299,493,27.9,28.2,24.3,58.6,15.3,0.000,0.000,0.00,0.000,2.8,6.1,1.3,327,24,3.2,6.8,1.4,330,22,3.2,6.8,1.4,330,22,6,29.72,-0.1,0,0,0,41.9,43.8,48.4,0.29,0.26,0.30
CAMD,2019-11-08 16:50:00 EST,43.33985,-75.74299,493,27.7,28.1,24.1,58.8,15.1,0.000,0.000,0.00,0.000,3.0,6.1,0.9,313,19,3.2,7.7,1.1,318,19,3.2,7.7,1.1,318,19,4,29.73,-0.0,0,0,0,41.9,43.8,48.4,0.29,0.26,0.29
CAMD,2019-11-08 16:55:00 EST,43.33985,-75.74299,493,27.8,28.0,23.6,59.4,15.4,0.000,0.000,0.00,0.000,3.3,6.4,1.0,292,18,3.7,7.4,1.1,298,19,3.7,7.4,1.1,298,19,2,29.73,-0.1,0,0,0,41.9,43.8,48.4,0.29,0.26,0.30
CAMD,2019-11-08 17:00:00 EST,43.33985,-75.74299,493,27.6,27.8,27.6,60.3,15.7,0.000,0.000,0.00,0.000,1.8,4.4,1.0,287,23,2.1,4.3,1.0,295,25,2.1,4.3,1.0,295,25,1,29.73,-0.1,0,0,0,41.8,43.8,48.4,0.29,0.26,0.30
CAMD,2019-11-08 17:05:00 EST,43.33985,-75.74299,493,27.3,27.6,27.3,62.2,16.1,0.000,0.000,0.00,0.000,2.0,4.2,0.7,291,28,2.3,4.2,0.8,299,26,2.3,4.2,0.8,299,26,0,29.73,-0.1,0,0,0,41.7,43.8,48.4,0.29,0.26,0.30
CAMD,2019-11-08 17:10:00 EST,43.33985,-75.74299,493,27.0,27.4,27.0,63.5,16.3,0.000,0.000,0.00,0.000,2.1,4.9,1.0,298,18,2.2,5.2,1.1,304,16,2.2,5.2,1.1,304,16,0,29.73,-0.2,0,0,0,41.7,43.8,48.4,0.29,0.26,0.29
CAMD,2019-11-08 17:15:00 EST,43.33985,-75.74299,493,26.8,27.2,26.8,64.4,16.4,0.000,0.000,0.00,0.000,1.3,4.1,0.8,288,23,1.6,4.8,0.8,290,25,1.6,4.8,0.8,290,25,0,29.73,-0.0,0,0,0,41.7,43.9,48.4,0.29,0.26,0.30
CAMD,2019-11-08 17:20:00 EST,43.33985,-75.74299,493,26.7,27.1,26.7,65.3,16.6,0.000,0.000,0.00,0.000,1.5,4.2,0.9,286,26,1.7,4.2,0.9,292,24,1.7,4.2,0.9,292,24,0,29.74,-0.0,0,0,0,41.7,43.8,48.4,0.29,0.26,0.30
CAMD,2019-11-08 17:25:00 EST,43.33985,-75.74299,493,26.7,27.0,26.7,65.8,16.8,0.000,0.000,0.00,0.000,1.6,3.4,0.7,287,25,1.8,5.0,0.9,292,22,1.8,5.0,0.9,292,22,0,29.74,-0.0,0,0,0,41.7,43.8,48.4,0.29,0.26,0.29
CAMD,2019-11-08 17:30:00 EST,43.33985,-75.74299,493,26.6,26.9,26.6,66.9,17.1,0.000,0.000,0.00,0.000,1.9,4.3,0.8,298,24,2.2,5.3,1.0,304,22,2.2,5.3,1.0,304,22,0,29.74,-0.1,0,0,0,41.7,43.8,48.4,0.29,0.26,0.30
CAMD,2019-11-08 17:35:00 EST,43.33985,-75.74299,493,26.4,26.7,26.4,68.5,17.5,0.000,0.000,0.00,0.000,1.5,3.1,0.8,277,36,1.8,3.7,0.8,284,39,1.8,3.7,0.8,284,39,0,29.74,-0.1,0,0,0,41.6,43.9,48.4,0.29,0.26,0.30
CAMD,2019-11-08 17:40:00 EST,43.33985,-75.74299,493,26.1,26.5,26.1,70.4,17.8,0.000,0.000,0.00,0.000,1.1,3.3,0.8,320,23,1.3,3.0,0.8,328,23,1.3,3.0,0.8,328,23,0,29.74,-0.0,0,0,0,41.5,43.8,48.4,0.29,0.26,0.29
CAMD,2019-11-08 17:45:00 EST,43.33985,-75.74299,493,26.0,26.3,26.0,72.9,18.5,0.000,0.000,0.00,0.000,1.6,4.1,1.0,315,23,2.0,4.7,0.8,327,29,2.0,4.7,0.8,327,29,0,29.74,-0.0,0,0,0,41.5,43.8,48.4,0.29,0.26,0.30
CAMD,2019-11-08 17:50:00 EST,43.33985,-75.74299,493,25.8,26.1,25.8,73.9,18.6,0.000,0.000,0.00,0.000,1.8,3.7,0.8,301,17,1.9,3.8,0.7,307,14,1.9,3.8,0.7,307,14,0,29.75,-0.1,0,0,0,41.5,43.9,48.4,0.29,0.26,0.30
CAMD,2019-11-08 17:55:00 EST,43.33985,-75.74299,493,25.6,26.0,25.6,74.9,18.8,0.000,0.000,0.00,0.000,1.7,3.3,0.7,290,19,2.0,3.8,0.7,297,21,2.0,3.8,0.7,297,21,0,29.75,-0.1,0,0,0,41.5,43.8,48.4,0.29,0.26,0.30
CAMD,2019-11-08 18:00:00 EST,43.33985,-75.74299,493,25.6,25.9,25.6,75.8,19.0,0.000,0.000,0.00,0.000,1.1,1.9,0.6,297,18,1.4,2.5,0.6,303,21,1.4,2.5,0.6,303,21,0,29.75,-0.1,0,0,0,41.4,43.9,48.4,0.29,0.26,0.29
CAMD,2019-11-08 18:05:00 EST,43.33985,-75.74299,493,25.4,25.7,25.4,77.0,19.2,0.000,0.000,0.00,0.000,0.8,1.8,0.5,285,14,1.0,2.1,0.6,297,23,1.0,2.1,0.6,297,23,0,29.75,-0.0,0,0,0,41.4,43.8,48.4,0.29,0.26,0.30
CAMD,2019-11-08 18:10:00 EST,43.33985,-75.74299,493,25.4,25.5,25.4,78.7,19.7,0.000,0.000,0.00,0.000,1.1,2.6,0.5,314,23,1.4,2.8,0.5,319,22,1.4,2.8,0.5,319,22,0,29.75,-0.0,0,0,0,41.4,43.8,48.4,0.29,0.26,0.30
CAMD,2019-11-08 18:15:00 EST,43.33985,-75.74299,493,25.2,25.4,25.2,80.0,19.9,0.000,0.000,0.00,0.000,1.7,3.1,0.7,308,18,1.9,3.7,0.7,312,17,1.9,3.7,0.7,312,17,0,29.75,-0.1,0,0,0,41.4,43.8,48.4,0.29,0.26,0.30
CAMD,2019-11-08 18:20:00 EST,43.33985,-75.74299,493,24.8,25.3,24.8,81.1,19.8,0.000,0.000,0.00,0.000,1.7,2.8,0.5,302,16,1.9,3.4,0.5,308,16,1.9,3.4,0.5,308,16,0,29.75,0.0,0,0,0,41.4,43.8,48.4,0.29,0.26,0.30
CAMD,2019-11-08 18:25:00 EST,43.33985,-75.74299,493,24.7,25.2,24.7,81.9,20.0,0.000,0.000,0.00,0.000,1.5,3.1,0.7,316,27,1.8,3.7,0.7,326,27,1.8,3.7,0.7,326,27,0,29.76,0.0,0,0,0,41.4,43.8,48.4,0.29,0.26,0.29
CAMD,2019-11-08 18:30:00 EST,43.33985,-75.74299,493,24.7,25.0,24.7,83.5,20.4,0.000,0.000,0.00,0.000,0.4,2.2,0.6,303,15,0.7,2.4,0.7,308,15,0.7,2.4,0.7,308,15,0,29.76,-0.0,0,0,0,41.2,43.8,48.4,0.29,0.26,0.29
CAMD,2019-11-08 18:35:00 EST,43.33985,-75.74299,493,24.2,24.9,24.2,84.3,20.2,0.000,0.000,0.00,0.000,0.0,0.0,0.0,0,0,0.1,1.0,0.3,245,11,0.1,1.0,0.3,245,11,0,29.76,0.0,0,0,0,41.2,43.8,48.4,0.29,0.26,0.30
CAMD,2019-11-08 18:40:00 EST,43.33985,-75.74299,493,24.5,25.0,24.5,85.4,20.7,0.000,0.000,0.00,0.000,0.4,2.5,0.5,243,24,0.7,2.9,0.6,251,26,0.7,2.9,0.6,251,26,0,29.76,-0.1,0,0,0,41.2,43.8,48.4,0.29,0.26,0.30
CAMD,2019-11-08 18:45:00 EST,43.33985,-75.74299,493,24.2,24.8,24.2,85.5,20.4,0.000,0.000,0.00,0.000,0.7,2.0,0.5,297,61,1.0,2.8,0.6,285,59,1.0,2.8,0.6,285,59,0,29.76,0.0,0,0,0,41.2,43.8,48.4,0.29,0.26,0.29
CAMD,2019-11-08 18:50:00 EST,43.33985,-75.74299,493,23.4,24.6,23.4,87.2,20.1,0.000,0.000,0.00,0.000,0.5,1.2,0.4,43,24,0.9,2.0,0.6,41,26,0.9,2.0,0.6,41,26,0,29.76,0.0,0,0,0,41.1,43.8,48.4,0.29,0.26,0.30
CAMD,2019-11-08 18:55:00 EST,43.33985,-75.74299,493,23.6,24.5,23.6,88.8,20.8,0.000,0.000,0.00,0.000,0.2,0.9,0.3,10,6,0.6,1.6,0.4,10,13,0.6,1.6,0.4,10,13,0,29.76,-0.0,0,0,0,41.0,43.9,48.4,0.29,0.26,0.30
CAMD,2019-11-08 19:00:00 EST,43.33985,-75.74299,493,24.0,24.5,24.0,89.1,21.2,0.000,0.000,0.00,0.000,0.7,1.4,0.5,353,8,1.2,2.2,0.6,357,10,1.2,2.2,0.6,357,10,0,29.76,-0.0,0,0,0,41.0,43.9,48.4,0.29,0.26,0.30
CAMD,2019-11-08 19:05:00 EST,43.33985,-75.74299,493,24.0,24.5,24.0,89.6,21.4,0.000,0.000,0.00,0.000,1.6,4.2,0.8,332,32,2.1,5.1,0.9,337,32,2.1,5.1,0.9,337,32,0,29.76,0.1,0,0,0,41.0,43.8,48.4,0.29,0.26,0.30
CAMD,2019-11-08 19:10:00 EST,43.33985,-75.74299,493,23.6,24.4,23.6,89.8,21.1,0.000,0.000,0.00,0.000,1.1,2.3,0.6,343,38,1.5,3.0,0.7,352,33,1.5,3.0,0.7,352,33,0,29.76,-0.0,0,0,0,41.0,43.9,48.4,0.29,0.26,0.30
CAMD,2019-11-08 19:15:00 EST,43.33985,-75.74299,493,23.2,24.2,23.2,90.4,20.8,0.000,0.000,0.00,0.000,1.1,1.5,0.3,18,12,1.4,1.9,0.2,26,15,1.4,1.9,0.2,26,15,0,29.76,-0.0,0,0,0,41.0,43.8,48.4,0.29,0.26,0.30
CAMD,2019-11-08 19:20:00 EST,43.33985,-75.74299,493,22.9,23.9,22.9,91.2,20.7,0.000,0.000,0.00,0.000,1.0,1.4,0.2,19,6,1.3,1.8,0.2,19,10,1.3,1.8,0.2,19,10,0,29.76,-0.1,0,0,0,41.0,43.8,48.4,0.29,0.26,0.29
CAMD,2019-11-08 19:25:00 EST,43.33985,-75.74299,493,22.6,23.7,22.6,91.3,20.4,0.000,0.000,0.00,0.000,0.1,0.7,0.2,8,0,0.3,1.1,0.4,337,9,0.3,1.1,0.4,337,9,0,29.76,0.0,0,0,0,40.9,43.8,48.4,0.29,0.26,0.29
CAMD,2019-11-08 19:30:00 EST,43.33985,-75.74299,493,22.9,23.8,22.9,92.2,20.9,0.000,0.000,0.00,0.000,0.0,0.0,0.0,0,0,0.1,0.8,0.3,8,9,0.1,0.8,0.3,8,9,0,29.76,0.0,0,0,0,40.9,43.8,48.4,0.29,0.26,0.30
CAMD,2019-11-08 19:35:00 EST,43.33985,-75.74299,493,22.6,23.7,22.6,92.9,20.9,0.000,0.000,0.00,0.000,0.0,0.0,0.0,0,0,0.1,0.8,0.2,315,1,0.1,0.8,0.2,315,1,0,29.76,-0.0,0,0,0,40.8,43.8,48.3,0.29,0.26,0.29
CAMD,2019-11-08 19:40:00 EST,43.33985,-75.74299,493,22.4,23.3,22.4,93.2,20.8,0.000,0.000,0.00,0.000,0.0,0.0,0.0,0,0,0.0,0.0,0.0,0,0,0.0,0.0,0.0,0,0,0,29.76,0.1,0,0,0,40.8,43.8,48.4,0.29,0.26,0.29
CAMD,2019-11-08 19:45:00 EST,43.33985,-75.74299,493,22.3,23.0,22.3,94.0,20.9,0.000,0.000,0.00,0.000,0.0,0.0,0.0,0,0,0.5,1.1,0.4,33,8,0.5,1.1,0.4,33,8,0,29.76,-0.0,0,0,0,40.8,43.7,48.4,0.29,0.26,0.29
CAMD,2019-11-08 19:50:00 EST,43.33985,-75.74299,493,21.9,22.6,21.9,94.0,20.5,0.000,0.000,0.00,0.000,0.8,1.4,0.4,47,25,1.3,1.6,0.2,57,14,1.3,1.6,0.2,57,14,0,29.76,-0.0,0,0,0,40.8,43.8,48.4,0.29,0.26,0.30
CAMD,2019-11-08 19:55:00 EST,43.33985,-75.74299,493,21.9,22.6,21.9,93.4,20.2,0.000,0.000,0.00,0.000,0.9,1.2,0.3,63,1,1.1,1.6,0.4,60,10,1.1,1.6,0.4,60,10,0,29.76,-0.1,0,0,0,40.7,43.8,48.3,0.29,0.26,0.29
CAMD,2019-11-08 20:00:00 EST,43.33985,-75.74299,493,21.5,22.3,21.5,93.6,20.0,0.000,0.000,0.00,0.000,0.3,1.5,0.6,32,1,1.2,1.7,0.2,9,21,1.2,1.7,0.2,9,21,0,29.76,0.0,0,0,0,40.6,43.8,48.3,0.29,0.26,0.29
CAMD,2019-11-08 20:05:00 EST,43.33985,-75.74299,493,21.6,22.1,21.6,93.5,20.0,0.000,0.000,0.00,0.000,1.8,2.6,0.3,29,8,1.9,2.8,0.3,33,9,1.9,2.8,0.3,33,9,0,29.76,-0.0,0,0,0,40.6,43.8,48.2,0.29,0.26,0.29
CAMD,2019-11-08 20:10:00 EST,43.33985,-75.74299,493,21.6,21.9,21.6,93.6,20.0,0.000,0.000,0.00,0.000,1.3,2.0,0.3,36,13,1.4,2.2,0.3,37,11,1.4,2.2,0.3,37,11,0,29.76,-0.0,0,0,0,40.6,43.8,48.2,0.29,0.26,0.29
CAMD,2019-11-08 20:15:00 EST,43.33985,-75.74299,493,21.4,21.8,21.4,93.8,19.9,0.000,0.000,0.00,0.000,0.3,1.3,0.4,40,4,0.5,1.7,0.5,29,7,0.5,1.7,0.5,29,7,0,29.77,0.0,0,0,0,40.6,43.8,48.2,0.29,0.26,0.29
CAMD,2019-11-08 20:20:00 EST,43.33985,-75.74299,493,21.4,21.9,21.4,94.0,19.9,0.000,0.000,0.00,0.000,0.1,0.9,0.3,75,1,0.4,1.5,0.5,78,4,0.4,1.5,0.5,78,4,0,29.77,0.0,0,0,0,40.6,43.7,48.3,0.29,0.26,0.30
CAMD,2019-11-08 20:25:00 EST,43.33985,-75.74299,493,21.5,22.1,21.5,94.4,20.2,0.000,0.000,0.00,0.000,0.1,0.9,0.2,76,0,0.3,1.2,0.4,71,14,0.3,1.2,0.4,71,14,0,29.77,0.0,0,0,0,40.6,43.7,48.2,0.29,0.26,0.29
CAMD,2019-11-08 20:30:00 EST,43.33985,-75.74299,493,21.4,21.9,21.4,94.5,20.1,0.000,0.000,0.00,0.000,0.5,1.9,0.6,77,52,0.7,1.8,0.7,291,57,0.7,1.8,0.7,291,57,0,29.77,-0.0,0,0,0,40.5,43.7,48.3,0.29,0.26,0.30
CAMD,2019-11-08 20:35:00 EST,43.33985,-75.74299,493,21.2,21.8,21.2,94.4,19.8,0.000,0.000,0.00,0.000,0.5,1.5,0.4,98,53,0.7,1.6,0.6,69,52,0.7,1.6,0.6,69,52,0,29.77,0.1,0,0,0,40.5,43.7,48.3,0.29,0.26,0.30
CAMD,2019-11-08 20:40:00 EST,43.33985,-75.74299,493,21.5,22.0,21.5,94.3,20.1,0.000,0.000,0.00,0.000,0.0,0.0,0.0,0,0,0.1,1.2,0.3,178,8,0.1,1.2,0.3,178,8,0,29.77,0.0,0,0,0,40.5,43.7,48.3,0.29,0.26,0.30
CAMD,2019-11-08 20:45:00 EST,43.33985,-75.74299,493,21.6,22.1,21.6,94.7,20.3,0.000,0.000,0.00,0.000,0.2,0.9,0.3,92,0,0.8,1.4,0.4,64,21,0.8,1.4,0.4,64,21,0,29.77,0.0,0,0,0,40.5,43.7,48.2,0.29,0.26,0.29
CAMD,2019-11-08 20:50:00 EST,43.33985,-75.74299,493,21.4,22.0,21.4,94.1,20.0,0.000,0.000,0.00,0.000,0.1,0.8,0.3,92,0,0.2,1.2,0.4,86,2,0.2,1.2,0.4,86,2,0,29.77,0.1,0,0,0,40.5,43.7,48.2,0.29,0.26,0.29
CAMD,2019-11-08 20:55:00 EST,43.33985,-75.74299,493,21.9,22.1,21.9,94.2,20.5,0.000,0.000,0.00,0.000,0.0,0.0,0.0,0,0,0.1,0.9,0.3,71,4,0.1,0.9,0.3,71,4,0,29.77,0.1,0,0,0,40.5,43.7,48.2,0.29,0.26,0.30
CAMD,2019-11-08 21:00:00 EST,43.33985,-75.74299,493,22.1,22.3,22.1,94.4,20.7,0.000,0.000,0.00,0.000,0.0,0.0,0.0,0,0,0.2,0.9,0.4,130,7,0.2,0.9,0.4,130,7,0,29.77,0.1,0,0,0,40.4,43.7,48.2,0.29,0.26,0.29
CAMD,2019-11-08 21:05:00 EST,43.33985,-75.74299,493,22.2,22.4,22.2,94.5,20.9,0.000,0.000,0.00,0.000,0.6,1.2,0.5,153,4,1.1,1.8,0.3,151,12,1.1,1.8,0.3,151,12,0,29.77,0.1,0,0,0,40.3,43.7,48.2,0.29,0.26,0.29
CAMD,2019-11-08 21:10:00 EST,43.33985,-75.74299,493,22.3,22.6,22.3,94.4,21.0,0.000,0.000,0.00,0.000,0.0,0.4,0.1,144,0,0.2,0.9,0.3,113,2,0.2,0.9,0.3,113,2,0,29.77,0.1,0,0,0,40.3,43.6,48.2,0.29,0.25,0.29
CAMD,2019-11-08 21:15:00 EST,43.33985,-75.74299,493,22.4,22.7,22.4,94.1,20.9,0.000,0.000,0.00,0.000,0.7,1.5,0.5,7,5,1.0,2.0,0.7,15,10,1.0,2.0,0.7,15,10,0,29.77,0.1,0,0,0,40.3,43.6,48.2,0.29,0.26,0.29
CAMD,2019-11-08 21:20:00 EST,43.33985,-75.74299,493,22.5,22.6,22.5,93.5,20.9,0.000,0.000,0.00,0.000,0.2,0.9,0.3,3,2,0.4,1.2,0.4,32,17,0.4,1.2,0.4,32,17,0,29.77,0.0,0,0,0,40.3,43.6,48.2,0.29,0.26,0.29
CAMD,2019-11-08 21:25:00 EST,43.33985,-75.74299,493,22.7,22.7,22.7,93.7,21.1,0.005,0.005,0.00,0.005,0.1,0.7,0.2,81,0,0.2,1.2,0.4,88,6,0.2,1.2,0.4,88,6,0,29.77,0.1,0,0,0,40.3,43.5,48.2,0.29,0.25,0.29
CAMD,2019-11-08 21:30:00 EST,43.33985,-75.74299,493,22.8,22.9,22.8,93.8,21.3,0.000,0.005,0.00,0.005,0.9,1.6,0.5,55,14,1.1,1.8,0.5,53,12,1.1,1.8,0.5,53,12,0,29.77,0.1,0,0,0,40.3,43.6,48.2,0.29,0.25,0.30
CAMD,2019-11-08 21:35:00 EST,43.33985,-75.74299,493,22.9,23.0,22.9,93.7,21.4,0.000,0.005,0.00,0.005,0.6,1.3,0.5,28,8,0.8,1.6,0.5,33,15,0.8,1.6,0.5,33,15,0,29.77,0.1,0,0,0,40.3,43.5,48.2,0.29,0.26,0.30
CAMD,2019-11-08 21:40:00 EST,43.33985,-75.74299,493,23.0,23.0,23.0,93.7,21.4,0.000,0.005,0.00,0.005,0.2,1.5,0.4,12,2,0.4,1.8,0.5,4,8,0.4,1.8,0.5,4,8,0,29.77,0.1,0,0,0,40.1,43.5,48.2,0.29,0.26,0.29
CAMD,2019-11-08 21:45:00 EST,43.33985,-75.74299,493,22.9,23.1,22.9,93.7,21.4,0.000,0.005,0.00,0.005,0.0,0.0,0.0,0,0,0.0,0.0,0.0,0,0,0.0,0.0,0.0,0,0,0,29.77,0.1,0,0,0,40.1,43.6,48.2,0.29,0.26,0.29
CAMD,2019-11-08 21:50:00 EST,43.33985,-75.74299,493,22.9,23.2,22.9,93.7,21.3,0.000,0.005,0.00,0.005,0.0,0.0,0.0,0,0,0.0,0.0,0.0,0,0,0.0,0.0,0.0,0,0,0,29.77,0.0,0,0,0,40.1,43.5,48.2,0.29,0.26,0.29
CAMD,2019-11-08 21:55:00 EST,43.33985,-75.74299,493,22.8,23.2,22.8,93.8,21.3,0.000,0.005,0.00,0.005,0.0,0.4,0.1,15,0,0.3,1.1,0.4,61,10,0.3,1.1,0.4,61,10,0,29.77,0.1,0,0,0,40.1,43.5,48.2,0.29,0.26,0.29
CAMD,2019-11-08 22:00:00 EST,43.33985,-75.74299,493,23.1,23.3,23.1,94.0,21.6,0.000,0.005,0.00,0.005,0.0,0.0,0.0,0,0,0.0,0.0,0.0,0,0,0.0,0.0,0.0,0,0,0,29.77,0.0,0,0,0,40.1,43.5,48.2,0.29,0.26,0.30
CAMD,2019-11-08 22:05:00 EST,43.33985,-75.74299,493,22.9,23.4,22.9,94.4,21.5,0.000,0.005,0.00,0.005,0.0,0.0,0.0,0,0,0.0,0.9,0.1,81,0,0.0,0.9,0.1,81,0,0,29.77,0.0,0,0,0,40.1,43.5,48.2,0.29,0.25,0.29
CAMD,2019-11-08 22:10:00 EST,43.33985,-75.74299,493,22.7,23.2,22.7,94.6,21.3,0.000,0.005,0.00,0.005,0.0,0.0,0.0,0,0,0.3,1.1,0.4,82,3,0.3,1.1,0.4,82,3,0,29.77,0.0,0,0,0,40.1,43.5,48.2,0.29,0.26,0.30
CAMD,2019-11-08 22:15:00 EST,43.33985,-75.74299,493,22.6,23.0,22.6,94.5,21.3,0.000,0.005,0.00,0.005,0.0,0.0,0.0,0,0,0.0,0.0,0.0,0,0,0.0,0.0,0.0,0,0,0,29.77,-0.0,0,0,0,40.1,43.5,48.2,0.29,0.26,0.29
CAMD,2019-11-08 22:20:00 EST,43.33985,-75.74299,493,22.3,22.9,22.3,94.9,21.1,0.000,0.005,0.00,0.005,0.0,0.0,0.0,0,0,0.0,0.0,0.0,0,0,0.0,0.0,0.0,0,0,0,29.77,0.0,0,0,0,40.0,43.5,48.2,0.29,0.26,0.29
CAMD,2019-11-08 22:25:00 EST,43.33985,-75.74299,493,22.0,22.7,22.0,95.1,20.8,0.000,0.005,0.00,0.000,0.0,0.0,0.0,0,0,0.2,1.0,0.4,68,37,0.2,1.0,0.4,68,37,0,29.76,-0.0,0,0,0,39.9,43.5,48.2,0.29,0.26,0.29
CAMD,2019-11-08 22:30:00 EST,43.33985,-75.74299,493,21.9,22.7,21.9,95.5,20.8,0.000,0.005,0.00,0.000,0.0,0.0,0.0,0,0,0.3,1.0,0.4,286,11,0.3,1.0,0.4,286,11,0,29.76,0.0,0,0,0,39.9,43.5,48.2,0.29,0.26,0.29
CAMD,2019-11-08 22:35:00 EST,43.33985,-75.74299,493,22.0,22.9,22.0,96.4,21.2,0.000,0.005,0.00,0.000,0.0,0.0,0.0,0,0,0.4,1.2,0.5,53,28,0.4,1.2,0.5,53,28,0,29.76,-0.1,0,0,0,39.9,43.5,48.2,0.29,0.26,0.29
CAMD,2019-11-08 22:40:00 EST,43.33985,-75.74299,493,21.7,22.5,21.7,96.2,20.8,0.000,0.005,0.00,0.000,0.4,1.0,0.3,15,0,0.9,1.3,0.3,38,28,0.9,1.3,0.3,38,28,0,29.76,0.0,0,0,0,39.9,43.4,48.2,0.29,0.26,0.29
CAMD,2019-11-08 22:45:00 EST,43.33985,-75.74299,493,21.3,22.2,21.3,95.9,20.3,0.000,0.005,0.00,0.000,1.0,1.6,0.3,22,9,1.2,1.8,0.3,29,12,1.2,1.8,0.3,29,12,0,29.76,-0.1,0,0,0,39.9,43.3,48.2,0.29,0.26,0.29
CAMD,2019-11-08 22:50:00 EST,43.33985,-75.74299,493,21.0,22.2,21.0,95.4,19.9,0.000,0.005,0.00,0.000,1.1,1.7,0.4,26,10,1.3,1.9,0.5,28,15,1.3,1.9,0.5,28,15,0,29.76,0.0,0,0,0,39.9,43.4,48.2,0.29,0.26,0.29
CAMD,2019-11-08 22:55:00 EST,43.33985,-75.74299,493,21.5,22.0,21.5,95.4,20.4,0.000,0.005,0.00,0.000,0.0,0.3,0.0,177,0,0.2,1.1,0.3,145,14,0.2,1.1,0.3,145,14,0,29.76,-0.0,0,0,0,39.9,43.3,48.2,0.29,0.26,0.29
CAMD,2019-11-08 23:00:00 EST,43.33985,-75.74299,493,21.4,22.2,21.4,95.4,20.3,0.000,0.005,0.00,0.000,0.1,0.5,0.2,156,0,0.3,1.0,0.4,170,5,0.3,1.0,0.4,170,5,0,29.76,0.0,0,0,0,39.9,43.4,48.2,0.29,0.26,0.29
CAMD,2019-11-08 23:05:00 EST,43.33985,-75.74299,493,21.1,22.1,21.1,95.2,19.9,0.000,0.005,0.00,0.000,0.1,0.7,0.2,121,14,0.7,1.4,0.5,71,24,0.7,1.4,0.5,71,24,0,29.76,0.1,0,0,0,39.9,43.3,48.1,0.29,0.25,0.29
CAMD,2019-11-08 23:10:00 EST,43.33985,-75.74299,493,21.2,22.0,21.2,95.6,20.2,0.000,0.005,0.00,0.000,1.3,2.9,1.0,25,15,1.5,3.3,1.0,26,16,1.5,3.3,1.0,26,16,0,29.76,-0.1,0,0,0,39.9,43.3,48.2,0.29,0.26,0.29
CAMD,2019-11-08 23:15:00 EST,43.33985,-75.74299,493,20.9,22.6,20.9,95.1,19.8,0.000,0.005,0.00,0.000,2.1,2.8,0.3,34,11,2.2,3.4,0.4,37,11,2.2,3.4,0.4,37,11,0,29.76,-0.1,0,0,0,39.9,43.3,48.2,0.29,0.25,0.29
CAMD,2019-11-08 23:20:00 EST,43.33985,-75.74299,493,20.3,21.3,20.3,93.9,18.8,0.000,0.005,0.00,0.000,0.6,1.9,0.5,98,19,1.0,2.2,0.5,98,25,1.0,2.2,0.5,98,25,0,29.76,0.1,0,0,0,39.8,43.3,48.2,0.29,0.26,0.29
CAMD,2019-11-08 23:25:00 EST,43.33985,-75.74299,493,20.4,21.6,20.4,94.2,19.0,0.000,0.005,0.00,0.000,0.1,0.4,0.2,98,0,0.3,1.4,0.4,100,5,0.3,1.4,0.4,100,5,0,29.76,0.0,0,0,0,39.7,43.3,48.2,0.29,0.25,0.29
CAMD,2019-11-08 23:30:00 EST,43.33985,-75.74299,493,20.6,21.4,20.6,94.3,19.2,0.000,0.005,0.00,0.000,0.1,0.8,0.2,98,0,0.3,1.3,0.4,81,9,0.3,1.3,0.4,81,9,0,29.76,0.1,0,0,0,39.7,43.3,48.2,0.29,0.26,0.29
CAMD,2019-11-08 23:35:00 EST,43.33985,-75.74299,493,20.9,21.4,20.9,94.8,19.6,0.000,0.005,0.00,0.000,0.0,0.7,0.1,96,0,0.1,1.2,0.2,82,4,0.1,1.2,0.2,82,4,0,29.76,0.1,0,0,0,39.7,43.3,48.2,0.29,0.26,0.29
CAMD,2019-11-08 23:40:00 EST,43.33985,-75.74299,493,21.2,22.0,21.2,95.1,20.0,0.000,0.005,0.00,0.000,1.3,2.2,0.4,87,19,1.6,2.6,0.4,86,21,1.6,2.6,0.4,86,21,0,29.76,-0.0,0,0,0,39.7,43.2,48.1,0.29,0.26,0.29
CAMD,2019-11-08 23:45:00 EST,43.33985,-75.74299,493,21.3,21.9,21.3,95.2,20.2,0.000,0.005,0.00,0.000,1.3,1.9,0.3,350,26,1.7,2.4,0.4,353,25,1.7,2.4,0.4,353,25,0,29.76,0.1,0,0,0,39.7,43.2,48.1,0.29,0.26,0.29
CAMD,2019-11-08 23:50:00 EST,43.33985,-75.74299,493,21.7,22.2,21.7,94.8,20.5,0.000,0.005,0.00,0.000,1.5,2.6,0.7,45,12,1.5,3.3,0.7,48,9,1.5,3.3,0.7,48,9,0,29.76,0.0,0,0,0,39.7,43.2,48.1,0.29,0.26,0.29
CAMD,2019-11-08 23:55:00 EST,43.33985,-75.74299,493,21.0,22.0,21.0,93.8,19.5,0.000,0.005,0.00,0.000,1.8,2.3,0.3,105,33,1.9,2.7,0.2,109,34,1.9,2.7,0.2,109,34,0,29.76,-0.1,0,0,0,39.7,43.2,48.1,0.29,0.26,0.29
CAPE,2019-11-08 00:00:00 EST,44.10452,-76.32686,275,25.9,26.7,16.3,64.0,15.4,0.000,0.178,0.00,0.000,9.4,15.0,1.9,357,16,9.9,16.6,2.1,359,8,9.9,16.6,2.1,359,8,0,29.84,-0.0,0,0,0,42.1,46.8,48.6,0.33,0.47,0.38
CAPE,2019-11-08 00:05:00 EST,44.10452,-76.32686,275,26.5,27.0,15.5,60.7,14.7,0.000,0.000,0.00,0.000,12.3,16.3,1.7,359,12,12.7,17.4,2.2,1,5,12.7,17.4,2.2,1,5,0,29.85,-0.1,0,0,0,42.0,46.8,48.6,0.33,0.47,0.38
CAPE,2019-11-08 00:10:00 EST,44.10452,-76.32686,275,26.5,27.1,16.1,60.3,14.6,0.000,0.000,0.00,0.000,10.7,15.1,1.6,3,13,11.4,16.0,1.9,4,5,11.4,16.0,1.9,4,5,0,29.84,-0.1,0,0,0,42.1,46.8,48.7,0.33,0.47,0.38
CAPE,2019-11-08 00:15:00 EST,44.10452,-76.32686,275,26.6,27.2,16.3,60.8,14.8,0.000,0.000,0.00,0.000,10.7,14.9,2.0,9,9,11.3,15.5,2.2,10,7,11.3,15.5,2.2,10,7,0,29.84,-0.1,0,0,0,42.0,46.7,48.7,0.33,0.47,0.38
CAPE,2019-11-08 00:20:00 EST,44.10452,-76.32686,275,26.5,27.1,16.5,60.3,14.5,0.000,0.000,0.00,0.000,10.1,17.2,2.7,6,12,10.6,18.5,2.9,6,6,10.6,18.5,2.9,6,6,0,29.84,-0.1,0,0,0,42.0,46.7,48.7,0.33,0.47,0.38
CAPE,2019-11-08 00:25:00 EST,44.10452,-76.32686,275,26.5,27.1,15.7,59.4,14.3,0.000,0.000,0.00,0.000,11.7,17.0,2.6,3,10,12.3,18.4,2.9,7,7,12.3,18.4,2.9,7,7,0,29.84,-0.1,0,0,0,42.0,46.7,48.6,0.33,0.47,0.38
CAPE,2019-11-08 00:30:00 EST,44.10452,-76.32686,275,26.3,26.9,15.5,59.2,14.0,0.000,0.000,0.00,0.000,11.3,17.0,2.3,3,11,12.2,18.3,2.7,4,6,12.2,18.3,2.7,4,6,0,29.84,-0.0,0,0,0,42.0,46.7,48.7,0.33,0.47,0.38
CAPE,2019-11-08 00:35:00 EST,44.10452,-76.32686,275,26.4,27.0,14.9,57.0,13.3,0.000,0.000,0.00,0.000,13.1,18.2,2.4,4,8,13.8,20.2,2.9,7,6,13.8,20.2,2.9,7,6,0,29.84,-0.1,0,0,0,41.9,46.6,48.7,0.33,0.47,0.38
CAPE,2019-11-08 00:40:00 EST,44.10452,-76.32686,275,26.1,26.8,15.9,59.6,13.9,0.000,0.000,0.00,0.000,10.3,15.1,1.7,6,6,10.9,16.2,2.0,7,5,10.9,16.2,2.0,7,5,0,29.84,-0.1,0,0,0,41.9,46.7,48.8,0.33,0.47,0.38
CAPE,2019-11-08 00:45:00 EST,44.10452,-76.32686,275,25.9,26.6,16.8,61.5,14.5,0.000,0.000,0.00,0.000,8.5,11.6,1.1,3,11,9.0,13.0,1.4,6,7,9.0,13.0,1.4,6,7,0,29.84,-0.1,0,0,0,41.9,46.6,48.7,0.33,0.47,0.38
CAPE,2019-11-08 00:50:00 EST,44.10452,-76.32686,275,25.8,26.5,16.3,62.3,14.7,0.000,0.000,0.00,0.000,9.1,13.7,1.5,5,15,9.5,15.2,2.0,7,8,9.5,15.2,2.0,7,8,0,29.84,-0.0,0,0,0,41.9,46.7,48.7,0.33,0.47,0.38
CAPE,2019-11-08 00:55:00 EST,44.10452,-76.32686,275,25.8,26.5,15.7,63.0,15.0,0.000,0.000,0.00,0.000,10.2,14.3,1.5,10,9,10.7,15.2,1.8,11,6,10.7,15.2,1.8,11,6,0,29.84,-0.1,0,0,0,41.9,46.7,48.6,0.33,0.47,0.38
CAPE,2019-11-08 01:00:00 EST,44.10452,-76.32686,275,25.7,26.4,15.9,63.6,15.1,0.000,0.000,0.00,0.000,9.7,12.9,1.8,11,11,9.9,13.9,1.9,12,9,9.9,13.9,1.9,12,9,0,29.84,-0.1,0,0,0,41.9,46.6,48.7,0.33,0.47,0.38
CAPE,2019-11-08 01:05:00 EST,44.10452,-76.32686,275,25.6,26.3,15.9,64.4,15.2,0.000,0.000,0.00,0.000,9.4,12.2,1.3,5,7,9.8,13.3,1.5,8,6,9.8,13.3,1.5,8,6,0,29.84,-0.1,0,0,0,41.9,46.6,48.8,0.33,0.47,0.38
CAPE,2019-11-08 01:10:00 EST,44.10452,-76.32686,275,25.6,26.3,15.6,64.0,15.1,0.000,0.000,0.00,0.000,10.4,14.0,1.5,16,8,10.4,15.0,1.7,18,7,10.4,15.0,1.7,18,7,0,29.84,-0.1,0,0,0,41.9,46.6,48.6,0.33,0.47,0.38
CAPE,2019-11-08 01:15:00 EST,44.10452,-76.32686,275,25.2,25.9,16.4,65.9,15.4,0.000,0.000,0.00,0.000,8.3,11.8,1.5,9,9,8.4,12.4,1.6,11,8,8.4,12.4,1.6,11,8,0,29.84,-0.1,0,0,0,41.8,46.7,48.6,0.33,0.47,0.38
CAPE,2019-11-08 01:20:00 EST,44.10452,-76.32686,275,24.9,25.7,16.9,67.1,15.5,0.000,0.000,0.00,0.000,7.0,9.5,1.0,2,8,7.1,11.5,1.3,3,7,7.1,11.5,1.3,3,7,0,29.84,-0.1,0,0,0,41.8,46.7,48.7,0.33,0.47,0.38
CAPE,2019-11-08 01:25:00 EST,44.10452,-76.32686,275,25.0,25.8,17.1,68.9,16.2,0.000,0.000,0.00,0.000,6.8,10.4,1.5,353,17,6.9,10.8,1.5,356,10,6.9,10.8,1.5,356,10,0,29.84,-0.1,0,0,0,41.8,46.6,48.6,0.33,0.47,0.38
CAPE,2019-11-08 01:30:00 EST,44.10452,-76.32686,275,25.2,25.9,16.8,69.4,16.5,0.000,0.000,0.00,0.000,7.4,12.6,2.2,352,12,7.6,13.2,2.3,355,9,7.6,13.2,2.3,355,9,0,29.84,-0.0,0,0,0,41.7,46.6,48.6,0.33,0.47,0.38
CAPE,2019-11-08 01:35:00 EST,44.10452,-76.32686,275,25.2,25.8,17.2,68.8,16.4,0.000,0.000,0.00,0.000,6.9,10.7,1.5,347,15,7.1,11.8,1.6,352,9,7.1,11.8,1.6,352,9,0,29.84,-0.2,0,0,0,41.7,46.6,48.8,0.33,0.47,0.38
CAPE,2019-11-08 01:40:00 EST,44.10452,-76.32686,275,25.0,25.6,16.5,69.4,16.4,0.000,0.000,0.00,0.000,7.2,10.7,1.6,348,16,7.7,13.0,1.7,354,9,7.7,13.0,1.7,354,9,0,29.84,-0.1,0,0,0,41.8,46.6,48.7,0.33,0.47,0.38
CAPE,2019-11-08 01:45:00 EST,44.10452,-76.32686,275,24.8,25.5,16.9,69.1,16.1,0.000,0.000,0.00,0.000,6.7,11.0,1.4,354,20,6.9,12.6,1.6,355,9,6.9,12.6,1.6,355,9,0,29.84,-0.1,0,0,0,41.7,46.6,48.6,0.33,0.47,0.38
CAPE,2019-11-08 01:50:00 EST,44.10452,-76.32686,275,25.0,25.6,15.8,66.4,15.4,0.000,0.000,0.00,0.000,8.2,12.4,1.6,355,20,8.8,15.5,2.0,358,10,8.8,15.5,2.0,358,10,0,29.84,-0.1,0,0,0,41.7,46.6,48.8,0.33,0.47,0.38
CAPE,2019-11-08 01:55:00 EST,44.10452,-76.32686,275,25.1,25.5,16.6,67.4,15.8,0.000,0.000,0.00,0.000,7.4,11.0,1.4,340,15,7.7,10.9,1.4,345,11,7.7,10.9,1.4,345,11,0,29.84,-0.0,0,0,0,41.7,46.6,48.7,0.33,0.47,0.38
CAPE,2019-11-08 02:00:00 EST,44.10452,-76.32686,275,25.0,25.4,17.3,70.3,16.7,0.000,0.000,0.00,0.000,6.4,9.2,1.3,336,10,6.7,10.3,1.4,340,10,6.7,10.3,1.4,340,10,0,29.84,-0.0,0,0,0,41.6,46.6,48.6,0.33,0.47,0.38
CAPE,2019-11-08 02:05:00 EST,44.10452,-76.32686,275,25.2,25.4,16.2,70.5,16.9,0.000,0.000,0.00,0.000,8.4,12.6,1.8,334,9,8.5,11.7,1.8,339,9,8.5,11.7,1.8,339,9,0,29.84,-0.0,0,0,0,41.6,46.6,48.6,0.33,0.47,0.38
CAPE,2019-11-08 02:10:00 EST,44.10452,-76.32686,275,25.1,25.4,15.1,70.0,16.7,0.000,0.000,0.00,0.000,10.3,15.3,2.2,332,9,10.2,14.9,2.0,337,7,10.2,14.9,2.0,337,7,0,29.84,-0.0,0,0,0,41.6,46.6,48.6,0.33,0.47,0.38
CAPE,2019-11-08 02:15:00 EST,44.10452,-76.32686,275,25.1,25.4,15.3,69.6,16.6,0.000,0.000,0.00,0.000,9.9,13.4,1.6,331,9,9.8,13.6,1.7,337,8,9.8,13.6,1.7,337,8,0,29.84,-0.0,0,0,0,41.7,46.6,48.6,0.33,0.47,0.38
CAPE,2019-11-08 02:20:00 EST,44.10452,-76.32686,275,25.1,25.4,15.8,70.8,16.9,0.000,0.000,0.00,0.000,8.7,11.5,1.6,340,10,9.0,13.1,1.5,345,8,9.0,13.1,1.5,345,8,0,29.85,-0.0,0,0,0,41.7,46.6,48.6,0.33,0.47,0.38
CAPE,2019-11-08 02:25:00 EST,44.10452,-76.32686,275,25.0,25.3,14.7,70.1,16.6,0.000,0.000,0.00,0.000,10.5,13.6,1.5,340,14,10.6,14.4,1.6,345,8,10.6,14.4,1.6,345,8,0,29.85,-0.1,0,0,0,41.6,46.5,48.8,0.33,0.47,0.38
CAPE,2019-11-08 02:30:00 EST,44.10452,-76.32686,275,24.8,25.2,14.4,69.0,16.1,0.000,0.000,0.00,0.000,10.4,15.9,2.3,348,17,10.8,17.2,2.3,353,8,10.8,17.2,2.3,353,8,0,29.85,-0.1,0,0,0,41.7,46.5,48.6,0.33,0.47,0.38
CAPE,2019-11-08 02:35:00 EST,44.10452,-76.32686,275,24.6,25.0,14.4,69.2,16.0,0.000,0.000,0.00,0.000,10.0,14.6,2.1,349,20,10.3,16.2,2.3,352,7,10.3,16.2,2.3,352,7,0,29.85,-0.1,0,0,0,41.6,46.5,48.9,0.33,0.47,0.38
CAPE,2019-11-08 02:40:00 EST,44.10452,-76.32686,275,24.3,24.7,14.9,70.4,16.0,0.000,0.000,0.00,0.000,8.5,13.7,2.2,342,12,8.8,14.6,2.2,346,9,8.8,14.6,2.2,346,9,0,29.85,-0.1,0,0,0,41.6,46.5,48.7,0.33,0.47,0.38
CAPE,2019-11-08 02:45:00 EST,44.10452,-76.32686,275,24.2,24.7,14.3,69.5,15.7,0.000,0.000,0.00,0.000,9.4,15.0,1.9,341,10,9.7,16.1,2.0,347,8,9.7,16.1,2.0,347,8,0,29.85,-0.1,0,0,0,41.5,46.5,48.7,0.33,0.47,0.38
CAPE,2019-11-08 02:50:00 EST,44.10452,-76.32686,275,23.9,24.4,16.2,72.1,16.2,0.000,0.000,0.00,0.000,6.2,8.4,1.0,330,13,6.4,8.8,1.0,333,11,6.4,8.8,1.0,333,11,0,29.85,-0.1,0,0,0,41.6,46.5,48.6,0.32,0.47,0.38
CAPE,2019-11-08 02:55:00 EST,44.10452,-76.32686,275,23.7,24.3,15.7,73.9,16.6,0.000,0.000,0.00,0.000,6.7,9.6,1.4,328,10,6.7,10.3,1.3,332,10,6.7,10.3,1.3,332,10,0,29.85,-0.1,0,0,0,41.6,46.4,48.6,0.32,0.47,0.38
CAPE,2019-11-08 03:00:00 EST,44.10452,-76.32686,275,23.4,24.1,15.7,74.9,16.7,0.000,0.000,0.00,0.000,6.5,9.5,0.9,326,8,6.3,8.5,0.9,329,8,6.3,8.5,0.9,329,8,0,29.85,-0.1,0,0,0,41.5,46.5,48.7,0.32,0.47,0.38
CAPE,2019-11-08 03:05:00 EST,44.10452,-76.32686,275,23.3,24.0,14.3,75.5,16.7,0.000,0.000,0.00,0.000,8.2,10.7,1.5,323,8,8.0,10.5,1.4,328,8,8.0,10.5,1.4,328,8,0,29.85,-0.0,0,0,0,41.5,46.5,48.6,0.33,0.47,0.38
CAPE,2019-11-08 03:10:00 EST,44.10452,-76.32686,275,23.5,24.1,13.9,75.7,17.0,0.000,0.000,0.00,0.000,8.8,13.4,2.4,329,11,8.9,14.3,2.3,334,10,8.9,14.3,2.3,334,10,0,29.85,-0.0,0,0,0,41.5,46.5,48.7,0.33,0.47,0.38
CAPE,2019-11-08 03:15:00 EST,44.10452,-76.32686,275,23.5,24.0,15.1,76.4,17.2,0.000,0.000,0.00,0.000,7.1,11.1,1.9,329,10,7.2,10.9,1.7,333,10,7.2,10.9,1.7,333,10,0,29.85,-0.0,0,0,0,41.5,46.4,48.7,0.32,0.47,0.38
CAPE,2019-11-08 03:20:00 EST,44.10452,-76.32686,275,23.4,23.9,15.8,76.9,17.2,0.000,0.000,0.00,0.000,6.1,8.6,1.1,328,10,6.2,8.6,1.1,331,10,6.2,8.6,1.1,331,10,0,29.85,-0.1,0,0,0,41.5,46.5,48.6,0.32,0.47,0.38
CAPE,2019-11-08 03:25:00 EST,44.10452,-76.32686,275,23.1,23.7,15.7,78.1,17.3,0.000,0.000,0.00,0.000,5.7,10.0,1.5,340,18,6.0,10.9,1.6,343,12,6.0,10.9,1.6,343,12,0,29.85,-0.0,0,0,0,41.4,46.5,48.7,0.32,0.47,0.38
CAPE,2019-11-08 03:30:00 EST,44.10452,-76.32686,275,23.1,23.8,15.3,78.1,17.3,0.000,0.000,0.00,0.000,6.5,10.4,1.9,336,12,6.4,10.5,2.1,340,11,6.4,10.5,2.1,340,11,0,29.85,-0.1,0,0,0,41.5,46.4,48.7,0.33,0.47,0.38
CAPE,2019-11-08 03:35:00 EST,44.10452,-76.32686,275,22.9,23.6,14.4,79.4,17.5,0.000,0.000,0.00,0.000,7.2,11.5,1.8,328,11,7.2,11.7,1.7,332,10,7.2,11.7,1.7,332,10,0,29.85,0.0,0,0,0,41.4,46.5,48.8,0.33,0.47,0.38
CAPE,2019-11-08 03:40:00 EST,44.10452,-76.32686,275,23.3,23.7,13.1,79.0,17.7,0.000,0.000,0.00,0.000,9.6,13.4,1.8,334,11,9.7,13.7,1.8,338,9,9.7,13.7,1.8,338,9,0,29.85,0.0,0,0,0,41.4,46.4,48.7,0.32,0.47,0.38
CAPE,2019-11-08 03:45:00 EST,44.10452,-76.32686,275,23.2,23.7,13.7,78.6,17.6,0.000,0.000,0.00,0.000,8.5,12.4,1.8,331,12,8.6,13.0,1.7,335,11,8.6,13.0,1.7,335,11,0,29.85,-0.0,0,0,0,41.4,46.4,48.7,0.33,0.47,0.38
CAPE,2019-11-08 03:50:00 EST,44.10452,-76.32686,275,23.0,23.6,13.6,79.6,17.7,0.000,0.000,0.00,0.000,8.7,12.8,1.7,330,8,8.5,12.1,1.6,334,9,8.5,12.1,1.6,334,9,0,29.85,-0.1,0,0,0,41.4,46.4,48.6,0.32,0.47,0.38
CAPE,2019-11-08 03:55:00 EST,44.10452,-76.32686,275,23.1,23.5,12.9,80.4,17.9,0.000,0.000,0.00,0.000,9.6,13.8,1.9,329,9,9.5,14.6,1.9,333,9,9.5,14.6,1.9,333,9,0,29.85,-0.0,0,0,0,41.4,46.5,48.6,0.32,0.47,0.38
CAPE,2019-11-08 04:00:00 EST,44.10452,-76.32686,275,23.1,23.4,13.2,80.5,18.0,0.000,0.000,0.00,0.000,9.3,13.0,1.9,325,13,9.2,12.7,1.7,328,10,9.2,12.7,1.7,328,10,0,29.86,-0.0,0,0,0,41.4,46.4,48.7,0.33,0.47,0.38
CAPE,2019-11-08 04:05:00 EST,44.10452,-76.32686,275,23.0,23.5,13.1,80.8,18.0,0.000,0.000,0.00,0.000,9.4,11.7,1.1,327,8,9.2,13.0,1.1,331,8,9.2,13.0,1.1,331,8,0,29.86,0.0,0,0,0,41.4,46.4,48.6,0.33,0.47,0.38
CAPE,2019-11-08 04:10:00 EST,44.10452,-76.32686,275,22.9,23.4,13.3,81.7,18.2,0.000,0.000,0.00,0.000,8.8,13.7,2.0,329,10,8.8,13.8,2.0,333,9,8.8,13.8,2.0,333,9,0,29.86,-0.1,0,0,0,41.4,46.3,48.6,0.33,0.47,0.38
CAPE,2019-11-08 04:15:00 EST,44.10452,-76.32686,275,22.8,23.3,13.1,81.4,18.0,0.000,0.000,0.00,0.000,8.9,12.7,1.5,329,10,8.9,12.8,1.5,333,9,8.9,12.8,1.5,333,9,0,29.86,-0.0,0,0,0,41.4,46.4,48.6,0.32,0.47,0.38
CAPE,2019-11-08 04:20:00 EST,44.10452,-76.32686,275,22.9,23.3,12.3,80.9,17.9,0.000,0.000,0.00,0.000,10.1,15.0,1.9,337,12,10.3,15.7,2.1,342,11,10.3,15.7,2.1,342,11,0,29.86,-0.0,0,0,0,41.4,46.5,48.6,0.33,0.47,0.38
CAPE,2019-11-08 04:25:00 EST,44.10452,-76.32686,275,22.9,23.2,13.8,81.4,18.1,0.000,0.000,0.00,0.000,7.9,11.7,1.8,334,11,7.9,12.1,1.8,338,11,7.9,12.1,1.8,338,11,0,29.86,-0.1,0,0,0,41.4,46.4,48.7,0.32,0.47,0.38
CAPE,2019-11-08 04:30:00 EST,44.10452,-76.32686,275,22.8,23.2,12.6,82.2,18.2,0.000,0.000,0.00,0.000,9.7,13.4,1.4,333,11,9.6,13.9,1.5,337,11,9.6,13.9,1.5,337,11,0,29.87,-0.1,0,0,0,41.4,46.3,48.6,0.32,0.47,0.38
CAPE,2019-11-08 04:35:00 EST,44.10452,-76.32686,275,22.8,23.1,12.9,82.0,18.1,0.000,0.000,0.00,0.000,9.0,14.2,2.0,334,9,9.0,14.8,1.9,339,9,9.0,14.8,1.9,339,9,0,29.87,-0.0,0,0,0,41.2,46.4,48.6,0.33,0.47,0.38
CAPE,2019-11-08 04:40:00 EST,44.10452,-76.32686,275,22.5,23.0,14.1,82.9,18.1,0.000,0.000,0.00,0.000,6.7,10.8,1.7,336,16,6.9,11.1,1.7,340,14,6.9,11.1,1.7,340,14,0,29.87,-0.0,0,0,0,41.2,46.4,48.7,0.33,0.47,0.38
CAPE,2019-11-08 04:45:00 EST,44.10452,-76.32686,275,22.7,23.1,12.4,83.0,18.3,0.000,0.000,0.00,0.000,9.5,16.0,2.8,337,13,9.6,17.4,2.8,341,12,9.6,17.4,2.8,341,12,0,29.87,-0.0,0,0,0,41.2,46.4,48.6,0.33,0.47,0.38
CAPE,2019-11-08 04:50:00 EST,44.10452,-76.32686,275,22.7,23.0,13.6,83.2,18.4,0.000,0.000,0.00,0.000,7.7,11.3,1.7,332,12,7.9,12.1,1.7,335,12,7.9,12.1,1.7,335,12,0,29.87,-0.0,0,0,0,41.4,46.4,48.7,0.32,0.47,0.38
CAPE,2019-11-08 04:55:00 EST,44.10452,-76.32686,275,22.8,23.1,13.9,83.7,18.6,0.000,0.000,0.00,0.000,7.6,12.1,1.9,338,13,7.7,12.1,1.8,342,11,7.7,12.1,1.8,342,11,0,29.87,-0.0,0,0,0,41.3,46.4,48.6,0.33,0.47,0.38
CAPE,2019-11-08 05:00:00 EST,44.10452,-76.32686,275,22.9,23.2,13.0,83.2,18.6,0.000,0.000,0.00,0.000,9.2,14.7,2.1,331,11,9.2,14.6,2.0,337,10,9.2,14.6,2.0,337,10,0,29.87,-0.0,0,0,0,41.3,46.4,48.6,0.33,0.47,0.38
CAPE,2019-11-08 05:05:00 EST,44.10452,-76.32686,275,22.9,23.2,13.8,83.7,18.7,0.000,0.000,0.00,0.000,7.8,11.3,1.6,339,12,7.9,11.4,1.6,344,9,7.9,11.4,1.6,344,9,0,29.87,-0.0,0,0,0,41.2,46.3,48.6,0.33,0.47,0.38
CAPE,2019-11-08 05:10:00 EST,44.10452,-76.32686,275,22.8,23.1,14.2,85.0,19.0,0.000,0.000,0.00,0.000,7.4,12.4,1.8,331,15,7.3,11.9,1.7,335,12,7.3,11.9,1.7,335,12,0,29.88,0.0,0,0,0,41.2,46.4,48.7,0.33,0.47,0.38
CAPE,2019-11-08 05:15:00 EST,44.10452,-76.32686,275,23.1,23.3,13.1,84.3,19.0,0.000,0.000,0.00,0.000,9.3,13.3,1.9,332,11,9.2,13.7,1.9,337,11,9.2,13.7,1.9,337,11,0,29.88,-0.0,0,0,0,41.2,46.4,48.6,0.33,0.47,0.38
CAPE,2019-11-08 05:20:00 EST,44.10452,-76.32686,275,23.1,23.3,12.7,83.1,18.8,0.000,0.000,0.00,0.000,10.0,13.1,1.5,336,10,10.1,13.8,1.6,340,10,10.1,13.8,1.6,340,10,0,29.88,-0.0,0,0,0,41.2,46.4,48.6,0.33,0.47,0.38
CAPE,2019-11-08 05:25:00 EST,44.10452,-76.32686,275,23.0,23.2,14.9,83.5,18.8,0.000,0.000,0.00,0.000,6.5,10.1,1.3,337,12,6.7,10.3,1.4,340,10,6.7,10.3,1.4,340,10,0,29.88,-0.0,0,0,0,41.1,46.4,48.6,0.33,0.46,0.38
CAPE,2019-11-08 05:30:00 EST,44.10452,-76.32686,275,22.8,23.1,13.8,84.9,18.9,0.000,0.000,0.00,0.000,7.7,11.3,1.9,327,11,7.7,11.1,1.8,331,12,7.7,11.1,1.8,331,12,0,29.88,-0.1,0,0,0,41.0,46.3,48.7,0.32,0.46,0.38
CAPE,2019-11-08 05:35:00 EST,44.10452,-76.32686,275,22.6,23.1,13.3,85.6,19.0,0.000,0.000,0.00,0.000,8.2,12.3,1.6,332,13,8.2,11.8,1.5,336,13,8.2,11.8,1.5,336,13,0,29.88,-0.0,0,0,0,41.0,46.4,48.6,0.33,0.47,0.38
CAPE,2019-11-08 05:40:00 EST,44.10452,-76.32686,275,22.5,22.9,12.5,85.4,18.8,0.000,0.000,0.00,0.000,9.1,14.5,1.8,326,12,9.1,14.8,1.8,330,11,9.1,14.8,1.8,330,11,0,29.88,-0.0,0,0,0,41.0,46.4,48.6,0.32,0.47,0.38
CAPE,2019-11-08 05:45:00 EST,44.10452,-76.32686,275,22.5,22.9,12.7,85.0,18.7,0.000,0.000,0.00,0.000,8.9,14.8,1.7,329,11,8.9,14.6,1.5,333,10,8.9,14.6,1.5,333,10,0,29.88,-0.0,0,0,0,41.1,46.3,48.6,0.33,0.47,0.38
CAPE,2019-11-08 05:50:00 EST,44.10452,-76.32686,275,22.5,22.9,13.1,85.2,18.7,0.000,0.000,0.00,0.000,8.3,12.0,1.6,332,11,8.3,12.4,1.6,336,12,8.3,12.4,1.6,336,12,0,29.88,0.0,0,0,0,41.0,46.3,48.6,0.32,0.47,0.38
CAPE,2019-11-08 05:55:00 EST,44.10452,-76.32686,275,22.4,22.8,13.9,85.8,18.8,0.000,0.000,0.00,0.000,7.3,10.0,1.1,326,10,7.1,9.7,1.0,329,10,7.1,9.7,1.0,329,10,0,29.89,-0.1,0,0,0,41.1,46.4,48.6,0.32,0.47,0.38
CAPE,2019-11-08 06:00:00 EST,44.10452,-76.32686,275,22.2,22.7,14.6,86.2,18.7,0.000,0.000,0.00,0.000,5.8,10.9,1.6,332,13,5.9,11.7,1.8,336,13,5.9,11.7,1.8,336,13,0,29.89,-0.0,0,0,0,40.9,46.3,48.6,0.32,0.47,0.38
CAPE,2019-11-08 06:05:00 EST,44.10452,-76.32686,275,22.2,22.7,14.1,86.4,18.7,0.000,0.000,0.00,0.000,6.4,10.1,1.3,326,11,6.5,9.7,1.3,330,12,6.5,9.7,1.3,330,12,0,29.89,-0.0,0,0,0,41.0,46.3,48.7,0.33,0.47,0.38
CAPE,2019-11-08 06:10:00 EST,44.10452,-76.32686,275,22.3,22.7,14.0,86.6,18.9,0.000,0.000,0.00,0.000,6.8,10.2,1.5,329,10,6.7,9.7,1.4,333,10,6.7,9.7,1.4,333,10,0,29.89,-0.1,0,0,0,41.0,46.3,48.6,0.32,0.47,0.38
CAPE,2019-11-08 06:15:00 EST,44.10452,-76.32686,275,22.2,22.7,14.4,87.0,18.9,0.000,0.000,0.00,0.000,6.0,12.3,2.1,328,12,6.2,12.3,1.9,332,11,6.2,12.3,1.9,332,11,0,29.90,0.0,0,0,0,41.0,46.4,48.7,0.33,0.47,0.38
CAPE,2019-11-08 06:20:00 EST,44.10452,-76.32686,275,22.5,22.9,13.6,86.6,19.1,0.000,0.000,0.00,0.000,7.6,10.1,0.9,325,9,7.5,9.7,0.9,328,9,7.5,9.7,0.9,328,9,0,29.90,0.0,0,0,0,41.0,46.3,48.7,0.33,0.47,0.38
CAPE,2019-11-08 06:25:00 EST,44.10452,-76.32686,275,22.2,22.7,14.4,86.6,18.8,0.000,0.000,0.00,0.000,6.1,8.7,1.1,328,11,6.1,9.2,1.1,331,12,6.1,9.2,1.1,331,12,0,29.90,0.0,0,0,0,40.9,46.3,48.7,0.32,0.47,0.38
CAPE,2019-11-08 06:30:00 EST,44.10452,-76.32686,275,22.3,22.7,15.4,87.3,19.1,0.000,0.000,0.00,0.000,5.1,7.2,1.0,331,15,5.3,7.4,0.9,334,15,5.3,7.4,0.9,334,15,0,29.90,-0.0,0,0,0,40.9,46.3,48.6,0.32,0.47,0.38
CAPE,2019-11-08 06:35:00 EST,44.10452,-76.32686,275,22.5,22.9,14.9,86.9,19.2,0.000,0.000,0.00,0.000,6.0,9.4,1.2,330,10,6.1,8.6,1.1,335,10,6.1,8.6,1.1,335,10,0,29.90,0.0,0,0,0,40.9,46.1,48.6,0.32,0.47,0.38
CAPE,2019-11-08 06:40:00 EST,44.10452,-76.32686,275,22.8,23.1,14.2,85.7,19.1,0.000,0.000,0.00,0.000,7.0,11.0,1.7,338,18,7.3,11.6,1.9,342,14,7.3,11.6,1.9,342,14,1,29.91,-0.1,0,0,0,40.9,46.2,48.6,0.33,0.47,0.38
CAPE,2019-11-08 06:45:00 EST,44.10452,-76.32686,275,22.7,23.0,15.2,85.1,18.9,0.000,0.000,0.00,0.000,5.8,10.4,1.4,335,11,6.0,10.8,1.4,338,11,6.0,10.8,1.4,338,11,2,29.91,-0.1,0,0,0,40.9,46.2,48.6,0.32,0.47,0.38
CAPE,2019-11-08 06:50:00 EST,44.10452,-76.32686,275,22.6,22.9,15.8,85.3,18.8,0.000,0.000,0.00,0.000,5.1,7.6,1.2,336,13,5.2,9.3,1.3,340,12,5.2,9.3,1.3,340,12,3,29.91,-0.0,0,0,0,40.9,46.1,48.6,0.33,0.47,0.38
CAPE,2019-11-08 06:55:00 EST,44.10452,-76.32686,275,22.7,23.0,13.6,84.1,18.6,0.000,0.000,0.00,0.000,7.6,12.6,1.9,340,14,7.8,12.5,1.8,345,13,7.8,12.5,1.8,345,13,5,29.91,-0.0,0,0,0,40.9,46.1,48.6,0.32,0.47,0.38
CAPE,2019-11-08 07:00:00 EST,44.10452,-76.32686,275,22.6,23.0,14.6,83.1,18.2,0.000,0.000,0.00,0.000,6.2,11.2,1.8,338,11,6.5,13.1,1.9,342,11,6.5,13.1,1.9,342,11,8,29.91,-0.0,0,0,0,40.9,46.0,48.6,0.33,0.46,0.38
CAPE,2019-11-08 07:05:00 EST,44.10452,-76.32686,275,22.3,22.8,14.3,84.1,18.3,0.000,0.000,0.00,0.000,6.3,9.7,1.6,331,12,6.4,10.4,1.7,335,12,6.4,10.4,1.7,335,12,12,29.92,0.0,0,0,0,40.9,46.1,48.7,0.32,0.46,0.38
CAPE,2019-11-08 07:10:00 EST,44.10452,-76.32686,275,22.6,22.9,13.4,83.4,18.3,0.000,0.000,0.00,0.000,7.7,13.2,2.3,344,16,8.0,15.0,2.3,348,14,8.0,15.0,2.3,348,14,16,29.92,0.0,0,0,0,40.9,46.1,48.6,0.32,0.47,0.38
CAPE,2019-11-08 07:15:00 EST,44.10452,-76.32686,275,22.7,23.0,13.6,82.0,18.0,0.000,0.000,0.00,0.000,7.5,12.0,1.6,339,11,7.9,12.9,1.7,343,8,7.9,12.9,1.7,343,8,28,29.92,0.0,0,0,0,40.9,46.0,48.6,0.32,0.46,0.38
CAPE,2019-11-08 07:20:00 EST,44.10452,-76.32686,275,22.9,23.2,12.9,80.6,17.9,0.000,0.000,0.00,0.000,9.1,16.2,2.4,341,16,9.4,16.5,2.5,347,10,9.4,16.5,2.5,347,10,34,29.92,0.0,0,0,0,40.8,46.0,48.7,0.32,0.46,0.38
CAPE,2019-11-08 07:25:00 EST,44.10452,-76.32686,275,23.1,23.3,13.0,79.2,17.7,0.000,0.000,0.00,0.000,9.2,14.6,2.1,337,10,9.5,14.4,2.0,342,10,9.5,14.4,2.0,342,10,42,29.93,-0.0,0,0,0,40.8,46.0,48.6,0.33,0.47,0.38
CAPE,2019-11-08 07:30:00 EST,44.10452,-76.32686,275,23.0,23.3,11.8,78.9,17.5,0.000,0.000,0.00,0.000,11.1,14.7,1.7,341,13,11.4,15.3,1.8,345,11,11.4,15.3,1.8,345,11,26,29.93,0.0,0,0,0,40.8,46.0,48.6,0.33,0.46,0.38
CAPE,2019-11-08 07:35:00 EST,44.10452,-76.32686,275,22.9,23.2,13.0,79.1,17.4,0.000,0.000,0.00,0.000,8.9,15.1,2.4,344,15,9.2,15.0,2.3,348,11,9.2,15.0,2.3,348,11,29,29.93,0.0,0,0,0,40.7,46.0,48.6,0.33,0.46,0.38
CAPE,2019-11-08 07:40:00 EST,44.10452,-76.32686,275,22.9,23.2,13.4,79.2,17.4,0.000,0.000,0.00,0.000,8.2,12.6,2.0,345,18,8.5,14.7,2.1,349,11,8.5,14.7,2.1,349,11,43,29.93,0.0,0,0,0,40.7,46.0,48.6,0.33,0.46,0.38
CAPE,2019-11-08 07:45:00 EST,44.10452,-76.32686,275,22.9,23.1,15.0,80.2,17.7,0.000,0.000,0.00,0.000,6.4,9.9,1.4,328,12,6.4,10.5,1.5,332,13,6.4,10.5,1.5,332,13,44,29.93,-0.0,0,0,0,40.7,46.0,48.6,0.32,0.46,0.38
CAPE,2019-11-08 07:50:00 EST,44.10452,-76.32686,275,22.7,23.0,13.6,81.0,17.8,0.000,0.000,0.00,0.000,7.9,10.8,1.2,328,9,7.9,10.9,1.1,331,10,7.9,10.9,1.1,331,10,52,29.93,-0.0,0,0,0,40.6,46.0,48.6,0.33,0.46,0.38
CAPE,2019-11-08 07:55:00 EST,44.10452,-76.32686,275,22.8,23.0,15.3,81.1,17.9,0.000,0.000,0.00,0.000,5.9,9.3,1.4,328,13,6.0,9.0,1.3,331,13,6.0,9.0,1.3,331,13,102,29.94,0.0,0,0,0,40.7,46.0,48.6,0.32,0.46,0.38
CAPE,2019-11-08 08:00:00 EST,44.10452,-76.32686,275,22.8,23.0,13.4,81.9,18.1,0.000,0.000,0.00,0.000,8.7,11.8,1.4,316,7,8.4,11.2,1.3,319,5,8.4,11.2,1.3,319,5,106,29.94,0.0,0,0,0,40.7,46.0,48.7,0.32,0.47,0.38
CAPE,2019-11-08 08:05:00 EST,44.10452,-76.32686,275,22.7,22.9,13.8,83.2,18.4,0.000,0.000,0.00,0.000,7.7,10.5,1.1,320,13,7.6,11.1,1.1,324,13,7.6,11.1,1.1,324,13,67,29.94,-0.0,0,0,0,40.8,46.0,48.6,0.32,0.46,0.38
CAPE,2019-11-08 08:10:00 EST,44.10452,-76.32686,275,22.5,22.8,13.6,84.1,18.5,0.000,0.000,0.00,0.000,7.9,10.7,1.4,319,7,7.6,10.6,1.3,322,7,7.6,10.6,1.3,322,7,59,29.94,0.0,0,0,0,40.6,46.0,48.6,0.33,0.46,0.38
CAPE,2019-11-08 08:15:00 EST,44.10452,-76.32686,275,22.6,22.8,13.9,84.9,18.8,0.000,0.000,0.00,0.000,7.5,10.2,1.4,316,10,7.3,10.8,1.3,320,9,7.3,10.8,1.3,320,9,65,29.94,-0.0,0,0,0,40.6,46.0,48.6,0.32,0.46,0.38
CAPE,2019-11-08 08:20:00 EST,44.10452,-76.32686,275,22.6,22.8,13.8,84.1,18.5,0.000,0.000,0.00,0.000,7.7,10.5,1.4,319,9,7.6,10.2,1.2,322,8,7.6,10.2,1.2,322,8,74,29.94,0.0,0,0,0,40.6,45.9,48.6,0.32,0.46,0.38
CAPE,2019-11-08 08:25:00 EST,44.10452,-76.32686,275,22.9,23.0,14.6,83.1,18.5,0.000,0.000,0.00,0.000,6.8,9.8,1.2,324,9,6.8,10.0,1.2,327,9,6.8,10.0,1.2,327,9,93,29.95,0.0,0,0,0,40.6,46.0,48.7,0.32,0.46,0.38
CAPE,2019-11-08 08:30:00 EST,44.10452,-76.32686,275,22.9,23.0,15.4,82.3,18.3,0.000,0.000,0.00,0.000,6.1,8.6,1.2,328,8,6.0,8.4,1.2,331,9,6.0,8.4,1.2,331,9,85,29.95,0.1,0,0,0,40.6,45.9,48.6,0.33,0.46,0.38
CAPE,2019-11-08 08:35:00 EST,44.10452,-76.32686,275,23.1,23.2,14.9,82.1,18.5,0.000,0.000,0.00,0.000,6.7,9.8,1.5,340,16,6.8,10.5,1.5,345,14,6.8,10.5,1.5,345,14,89,29.95,0.0,0,0,0,40.6,45.9,48.6,0.32,0.46,0.38
CAPE,2019-11-08 08:40:00 EST,44.10452,-76.32686,275,23.3,23.2,14.6,81.8,18.5,0.000,0.000,0.00,0.000,7.7,10.2,1.2,326,10,7.5,10.6,1.1,330,10,7.5,10.6,1.1,330,10,91,29.95,0.0,0,0,0,40.6,45.9,48.6,0.32,0.46,0.38
CAPE,2019-11-08 08:45:00 EST,44.10452,-76.32686,275,23.4,23.3,14.3,82.5,18.9,0.000,0.000,0.00,0.000,8.2,11.0,1.4,318,11,8.1,10.4,1.3,321,10,8.1,10.4,1.3,321,10,122,29.95,0.1,0,0,0,40.6,45.9,48.6,0.32,0.46,0.38
CAPE,2019-11-08 08:50:00 EST,44.10452,-76.32686,275,23.7,23.6,14.9,82.0,19.0,0.000,0.000,0.00,0.000,7.4,11.1,1.7,337,10,7.7,11.0,1.5,342,9,7.7,11.0,1.5,342,9,123,29.95,0.1,0,0,0,40.6,45.9,48.6,0.33,0.46,0.38
CAPE,2019-11-08 08:55:00 EST,44.10452,-76.32686,275,23.9,23.7,15.2,81.9,19.1,0.000,0.000,0.00,0.000,7.7,12.0,1.5,322,12,7.6,13.3,1.5,325,12,7.6,13.3,1.5,325,12,161,29.95,0.1,0,0,0,40.6,45.9,48.6,0.32,0.46,0.38
CAPE,2019-11-08 09:00:00 EST,44.10452,-76.32686,275,24.0,23.9,15.5,81.2,19.1,0.000,0.000,0.00,0.000,7.3,11.5,1.7,332,12,7.5,12.7,1.8,336,12,7.5,12.7,1.8,336,12,127,29.95,0.0,0,0,0,40.5,45.9,48.6,0.32,0.46,0.38
CAPE,2019-11-08 09:05:00 EST,44.10452,-76.32686,275,24.0,23.8,14.6,78.7,18.3,0.000,0.000,0.00,0.000,8.5,13.0,1.5,338,12,8.6,12.0,1.5,344,11,8.6,12.0,1.5,344,11,143,29.95,0.1,0,0,0,40.5,45.9,48.6,0.32,0.46,0.38
CAPE,2019-11-08 09:10:00 EST,44.10452,-76.32686,275,23.9,23.7,14.1,77.7,17.9,0.000,0.000,0.00,0.000,9.4,13.2,1.9,332,17,9.3,14.2,1.8,336,14,9.3,14.2,1.8,336,14,128,29.96,0.1,0,0,0,40.5,45.9,48.6,0.32,0.46,0.38
CAPE,2019-11-08 09:15:00 EST,44.10452,-76.32686,275,24.0,23.8,14.3,77.9,18.1,0.000,0.000,0.00,0.000,8.7,14.8,2.5,353,17,9.2,15.5,2.6,357,12,9.2,15.5,2.6,357,12,144,29.96,0.0,0,0,0,40.5,45.9,48.6,0.32,0.46,0.38
CAPE,2019-11-08 09:20:00 EST,44.10452,-76.32686,275,24.4,24.1,14.3,74.6,17.5,0.000,0.000,0.00,0.000,9.7,16.7,2.0,2,11,9.9,17.0,2.4,4,7,9.9,17.0,2.4,4,7,368,29.96,0.1,0,0,0,40.5,45.9,48.6,0.32,0.46,0.38
CAPE,2019-11-08 09:25:00 EST,44.10452,-76.32686,275,24.7,24.3,13.3,71.1,16.7,0.000,0.000,0.00,0.000,12.5,17.7,2.3,3,9,12.8,17.2,2.6,5,7,12.8,17.2,2.6,5,7,365,29.96,0.0,0,0,0,40.5,45.9,48.6,0.32,0.46,0.38
CAPE,2019-11-08 09:30:00 EST,44.10452,-76.32686,275,25.5,25.0,16.4,72.3,17.8,0.000,0.000,0.00,0.000,8.4,16.7,2.2,354,18,8.7,17.9,2.5,356,11,8.7,17.9,2.5,356,11,498,29.96,0.1,0,0,0,40.5,45.9,48.6,0.32,0.46,0.38
CAPE,2019-11-08 09:35:00 EST,44.10452,-76.32686,275,25.3,24.8,15.2,71.3,17.3,0.000,0.000,0.00,0.000,10.3,15.3,2.1,345,19,10.4,16.2,2.3,350,14,10.4,16.2,2.3,350,14,264,29.96,-0.1,0,0,0,40.5,45.9,48.6,0.32,0.46,0.38
CAPE,2019-11-08 09:40:00 EST,44.10452,-76.32686,275,24.3,24.0,13.6,73.5,17.0,0.000,0.000,0.00,0.000,10.8,15.0,2.1,335,14,11.0,15.8,2.4,340,12,11.0,15.8,2.4,340,12,116,29.96,0.0,0,0,0,40.4,45.9,48.6,0.32,0.46,0.38
CAPE,2019-11-08 09:45:00 EST,44.10452,-76.32686,275,24.0,23.8,14.2,73.5,16.8,0.000,0.000,0.00,0.000,9.4,15.9,2.1,329,10,9.4,15.5,1.9,332,10,9.4,15.5,1.9,332,10,112,29.96,0.0,0,0,0,40.5,45.9,48.6,0.32,0.46,0.38
CAPE,2019-11-08 09:50:00 EST,44.10452,-76.32686,275,23.9,23.8,12.8,72.1,16.2,0.000,0.000,0.00,0.000,11.7,18.0,2.7,331,9,11.5,19.5,2.7,337,9,11.5,19.5,2.7,337,9,117,29.97,0.0,0,0,0,40.5,45.9,48.7,0.32,0.46,0.38
CAPE,2019-11-08 09:55:00 EST,44.10452,-76.32686,275,24.5,24.2,14.7,71.9,16.7,0.000,0.000,0.00,0.000,9.8,14.4,2.2,321,10,9.5,13.8,1.9,325,10,9.5,13.8,1.9,325,10,405,29.96,0.1,0,0,0,40.5,45.9,48.6,0.32,0.46,0.38
CAPE,2019-11-08 10:00:00 EST,44.10452,-76.32686,275,24.9,24.5,16.6,70.5,16.6,0.000,0.000,0.00,0.000,7.4,10.0,1.4,328,11,7.4,10.1,1.4,331,12,7.4,10.1,1.4,331,12,396,29.96,-0.0,0,0,0,40.4,45.9,48.6,0.32,0.46,0.38
CAPE,2019-11-08 10:05:00 EST,44.10452,-76.32686,275,25.0,24.6,16.3,69.4,16.4,0.000,0.000,0.00,0.000,7.6,10.4,1.3,352,19,8.0,11.5,1.4,354,12,8.0,11.5,1.4,354,12,398,29.96,0.1,0,0,0,40.5,45.9,48.6,0.32,0.46,0.38
CAPE,2019-11-08 10:10:00 EST,44.10452,-76.32686,275,25.3,24.9,17.6,69.8,16.8,0.000,0.000,0.00,0.000,6.6,8.8,1.1,351,23,6.7,9.4,1.1,354,20,6.7,9.4,1.1,354,20,406,29.96,0.0,0,0,0,40.4,45.9,48.6,0.32,0.46,0.38
CAPE,2019-11-08 10:15:00 EST,44.10452,-76.32686,275,25.7,25.0,18.0,69.5,17.1,0.000,0.000,0.00,0.000,6.6,9.3,1.6,357,22,6.8,10.8,1.6,358,17,6.8,10.8,1.6,358,17,416,29.96,0.0,0,0,0,40.4,45.9,48.6,0.32,0.46,0.38
CAPE,2019-11-08 10:20:00 EST,44.10452,-76.32686,275,25.5,25.1,17.9,67.3,16.2,0.000,0.000,0.00,0.000,6.5,9.5,1.3,332,13,6.6,9.9,1.3,336,12,6.6,9.9,1.3,336,12,425,29.97,-0.0,0,0,0,40.4,45.9,48.6,0.32,0.46,0.38
CAPE,2019-11-08 10:25:00 EST,44.10452,-76.32686,275,25.5,25.0,16.2,66.4,15.9,0.000,0.000,0.00,0.000,9.1,13.2,2.1,335,20,9.1,13.0,1.8,340,18,9.1,13.0,1.8,340,18,395,29.97,0.0,0,0,0,40.3,45.9,48.6,0.32,0.46,0.38
CAPE,2019-11-08 10:30:00 EST,44.10452,-76.32686,275,25.8,25.3,18.0,68.6,17.0,0.000,0.000,0.00,0.000,7.3,10.4,1.6,319,15,7.1,10.8,1.5,324,15,7.1,10.8,1.5,324,15,439,29.97,0.0,0,0,0,40.3,45.9,48.6,0.32,0.46,0.38
CAPE,2019-11-08 10:35:00 EST,44.10452,-76.32686,275,26.0,25.4,18.4,70.1,17.6,0.000,0.000,0.00,0.000,7.0,11.6,1.9,317,15,6.9,11.5,1.6,321,16,6.9,11.5,1.6,321,16,422,29.97,0.0,0,0,0,40.4,45.9,48.6,0.32,0.46,0.38
CAPE,2019-11-08 10:40:00 EST,44.10452,-76.32686,275,26.0,25.4,19.2,69.6,17.4,0.000,0.000,0.00,0.000,6.0,8.9,1.2,309,14,5.8,8.9,1.1,312,13,5.8,8.9,1.1,312,13,420,29.97,0.0,0,0,0,40.3,45.9,48.6,0.33,0.46,0.38
CAPE,2019-11-08 10:45:00 EST,44.10452,-76.32686,275,26.1,25.4,19.8,69.0,17.3,0.000,0.000,0.00,0.000,5.4,9.0,1.8,289,16,5.3,8.9,1.7,292,15,5.3,8.9,1.7,292,15,462,29.97,0.0,0,0,0,40.3,45.9,48.6,0.33,0.46,0.38
CAPE,2019-11-08 10:50:00 EST,44.10452,-76.32686,275,26.5,25.7,20.7,68.4,17.5,0.000,0.000,0.00,0.000,4.6,7.5,1.3,277,17,4.9,7.9,1.4,281,16,4.9,7.9,1.4,281,16,501,29.97,-0.0,0,0,0,40.3,45.8,48.6,0.32,0.46,0.38
CAPE,2019-11-08 10:55:00 EST,44.10452,-76.32686,275,26.4,25.7,18.3,69.0,17.6,0.000,0.000,0.00,0.000,7.7,12.8,2.1,298,15,7.5,13.0,1.9,303,15,7.5,13.0,1.9,303,15,363,29.97,-0.0,0,0,0,40.3,45.8,48.6,0.32,0.46,0.38
CAPE,2019-11-08 11:00:00 EST,44.10452,-76.32686,275,26.6,25.8,18.8,70.3,18.2,0.000,0.000,0.00,0.000,7.3,13.2,2.2,301,12,7.2,12.1,2.0,305,12,7.2,12.1,2.0,305,12,528,29.97,0.0,0,0,0,40.2,45.8,48.6,0.32,0.46,0.38
CAPE,2019-11-08 11:05:00 EST,44.10452,-76.32686,275,26.8,25.9,19.3,67.4,17.4,0.000,0.000,0.00,0.000,6.8,10.4,1.6,325,21,6.8,10.0,1.3,331,20,6.8,10.0,1.3,331,20,535,29.97,0.2,0,0,0,40.2,45.8,48.6,0.33,0.46,0.38
CAPE,2019-11-08 11:10:00 EST,44.10452,-76.32686,275,26.9,26.2,19.6,67.9,17.7,0.000,0.000,0.00,0.000,6.8,11.1,2.2,296,15,6.6,10.5,2.0,302,16,6.6,10.5,2.0,302,16,537,29.97,0.0,0,0,0,40.3,45.8,48.6,0.32,0.46,0.38
CAPE,2019-11-08 11:15:00 EST,44.10452,-76.32686,275,26.3,25.7,18.0,68.4,17.3,0.000,0.000,0.00,0.000,8.1,11.5,2.2,294,14,7.8,11.4,1.9,297,15,7.8,11.4,1.9,297,15,212,29.97,-0.0,0,0,0,40.4,45.8,48.6,0.32,0.46,0.38
CAPE,2019-11-08 11:20:00 EST,44.10452,-76.32686,275,26.4,25.8,18.8,69.1,17.7,0.000,0.000,0.00,0.000,7.0,9.9,1.5,323,13,7.0,9.5,1.4,325,14,7.0,9.5,1.4,325,14,443,29.97,0.1,0,0,0,40.3,45.7,48.6,0.32,0.46,0.38
CAPE,2019-11-08 11:25:00 EST,44.10452,-76.32686,275,27.1,26.3,19.0,68.5,18.1,0.000,0.000,0.00,0.000,8.0,10.6,1.2,311,17,7.7,10.7,1.3,315,17,7.7,10.7,1.3,315,17,435,29.97,-0.0,0,0,0,40.3,45.7,48.6,0.32,0.46,0.38
CAPE,2019-11-08 11:30:00 EST,44.10452,-76.32686,275,27.3,26.7,19.7,68.5,18.3,0.000,0.000,0.00,0.000,7.2,11.8,2.2,318,16,7.2,11.4,2.2,321,16,7.2,11.4,2.2,321,16,474,29.97,-0.0,0,0,0,40.3,45.7,48.6,0.32,0.46,0.38
CAPE,2019-11-08 11:35:00 EST,44.10452,-76.32686,275,27.2,26.6,20.1,66.1,17.3,0.000,0.000,0.00,0.000,6.8,10.5,1.5,319,15,6.5,10.3,1.5,322,14,6.5,10.3,1.5,322,14,527,29.97,0.0,0,0,0,40.3,45.7,48.6,0.32,0.46,0.38
CAPE,2019-11-08 11:40:00 EST,44.10452,-76.32686,275,27.6,26.8,19.6,66.2,17.8,0.000,0.000,0.00,0.000,7.9,15.7,4.5,312,19,7.8,14.5,4.1,314,19,7.8,14.5,4.1,314,19,520,29.97,0.0,0,0,0,40.2,45.7,48.6,0.32,0.46,0.38
CAPE,2019-11-08 11:45:00 EST,44.10452,-76.32686,275,27.2,26.5,19.3,65.7,17.3,0.000,0.000,0.00,0.000,8.0,12.5,1.8,308,9,7.6,12.1,1.6,313,7,7.6,12.1,1.6,313,7,472,29.97,0.1,0,0,0,40.3,45.7,48.6,0.32,0.46,0.38
CAPE,2019-11-08 11:50:00 EST,44.10452,-76.32686,275,27.9,27.3,19.5,66.9,18.4,0.000,0.000,0.00,0.000,8.5,14.5,2.3,317,10,8.5,15.1,2.3,319,10,8.5,15.1,2.3,319,10,436,29.96,-0.1,0,0,0,40.3,45.7,48.7,0.32,0.46,0.38
CAPE,2019-11-08 11:55:00 EST,44.10452,-76.32686,275,27.5,26.9,19.8,65.2,17.3,0.000,0.000,0.00,0.000,7.4,13.1,2.6,324,24,7.4,12.3,2.3,330,21,7.4,12.3,2.3,330,21,511,29.96,-0.1,0,0,0,40.2,45.7,48.6,0.32,0.46,0.38
CAPE,2019-11-08 12:00:00 EST,44.10452,-76.32686,275,26.8,26.3,17.9,68.5,17.8,0.000,0.000,0.00,0.000,9.5,12.3,1.3,309,8,9.0,11.4,1.3,313,7,9.0,11.4,1.3,313,7,127,29.96,-0.0,0,0,0,40.3,45.7,48.6,0.32,0.46,0.38
CAPE,2019-11-08 12:05:00 EST,44.10452,-76.32686,275,27.3,26.8,21.4,66.9,17.7,0.000,0.000,0.00,0.000,5.3,8.3,1.3,312,18,5.1,7.5,1.2,316,18,5.1,7.5,1.2,316,18,546,29.96,0.2,0,0,0,40.3,45.7,48.6,0.32,0.46,0.38
CAPE,2019-11-08 12:10:00 EST,44.10452,-76.32686,275,27.9,27.3,20.5,67.8,18.7,0.000,0.000,0.00,0.000,7.2,12.9,1.9,299,15,7.1,12.4,2.0,304,14,7.1,12.4,2.0,304,14,403,29.96,0.1,0,0,0,40.3,45.7,48.5,0.32,0.46,0.38
CAPE,2019-11-08 12:15:00 EST,44.10452,-76.32686,275,28.3,27.6,20.1,67.3,18.9,0.000,0.000,0.00,0.000,8.7,13.6,2.1,311,13,8.4,12.7,2.1,314,14,8.4,12.7,2.1,314,14,482,29.96,-0.0,0,0,0,40.3,45.7,48.5,0.32,0.46,0.38
CAPE,2019-11-08 12:20:00 EST,44.10452,-76.32686,275,27.9,27.2,20.4,65.5,17.8,0.000,0.000,0.00,0.000,7.5,11.1,1.9,309,12,7.1,10.8,1.8,312,12,7.1,10.8,1.8,312,12,394,29.96,-0.1,0,0,0,40.3,45.6,48.6,0.32,0.46,0.38
CAPE,2019-11-08 12:25:00 EST,44.10452,-76.32686,275,27.4,26.9,18.2,68.6,18.4,0.000,0.000,0.00,0.000,10.3,13.7,2.1,307,11,9.7,14.4,1.9,311,11,9.7,14.4,1.9,311,11,256,29.96,-0.1,0,0,0,40.2,45.7,48.5,0.32,0.46,0.38
CAPE,2019-11-08 12:30:00 EST,44.10452,-76.32686,275,27.7,27.3,20.4,67.8,18.5,0.000,0.000,0.00,0.000,6.8,11.5,1.8,334,15,7.0,11.2,1.6,337,14,7.0,11.2,1.6,337,14,378,29.96,-0.0,0,0,0,40.2,45.6,48.5,0.32,0.46,0.38
CAPE,2019-11-08 12:35:00 EST,44.10452,-76.32686,275,28.2,27.4,20.4,66.3,18.4,0.000,0.000,0.00,0.000,7.9,12.3,2.0,324,13,7.8,12.4,1.9,329,12,7.8,12.4,1.9,329,12,491,29.96,-0.2,0,0,0,40.3,45.7,48.5,0.32,0.46,0.38
CAPE,2019-11-08 12:40:00 EST,44.10452,-76.32686,275,27.7,27.3,19.9,67.7,18.4,0.000,0.000,0.00,0.000,7.6,11.5,2.0,324,17,7.5,11.3,2.0,329,17,7.5,11.3,2.0,329,17,134,29.96,-0.1,0,0,0,40.2,45.7,48.5,0.32,0.46,0.38
CAPE,2019-11-08 12:45:00 EST,44.10452,-76.32686,275,28.5,27.9,21.8,69.1,19.6,0.000,0.000,0.00,0.000,6.3,10.1,1.2,320,11,6.3,10.0,1.3,323,11,6.3,10.0,1.3,323,11,456,29.96,-0.0,0,0,0,40.3,45.5,48.4,0.32,0.46,0.38
CAPE,2019-11-08 12:50:00 EST,44.10452,-76.32686,275,29.2,28.2,20.7,67.3,19.7,0.000,0.000,0.00,0.000,9.6,13.4,1.9,318,8,9.0,12.2,1.8,320,7,9.0,12.2,1.8,320,7,456,29.96,-0.2,0,0,0,40.3,45.5,48.5,0.32,0.46,0.38
CAPE,2019-11-08 12:55:00 EST,44.10452,-76.32686,275,28.1,27.5,20.3,66.1,18.2,0.000,0.000,0.00,0.000,7.9,13.3,2.8,307,13,7.7,12.6,2.5,311,13,7.7,12.6,2.5,311,13,357,29.96,-0.1,0,0,0,40.3,45.6,48.5,0.32,0.46,0.38
CAPE,2019-11-08 13:00:00 EST,44.10452,-76.32686,275,28.2,27.8,20.4,67.0,18.7,0.000,0.000,0.00,0.000,8.1,16.1,3.3,316,15,7.7,15.2,3.0,320,16,7.7,15.2,3.0,320,16,219,29.95,-0.1,0,0,0,40.2,45.5,48.4,0.32,0.46,0.38
CAPE,2019-11-08 13:05:00 EST,44.10452,-76.32686,275,28.6,27.9,19.6,66.6,18.9,0.000,0.000,0.00,0.000,10.4,13.5,1.5,300,15,9.9,12.7,1.4,304,15,9.9,12.7,1.4,304,15,475,29.95,0.1,0,0,0,40.3,45.6,48.6,0.32,0.46,0.38
CAPE,2019-11-08 13:10:00 EST,44.10452,-76.32686,275,29.1,28.3,23.5,64.9,18.8,0.000,0.000,0.00,0.000,4.9,9.0,1.6,270,18,5.2,9.7,1.7,274,17,5.2,9.7,1.7,274,17,460,29.96,0.1,0,0,0,40.3,45.6,48.4,0.32,0.46,0.38
CAPE,2019-11-08 13:15:00 EST,44.10452,-76.32686,275,30.2,29.1,22.8,66.1,20.2,0.000,0.000,0.00,0.000,7.8,11.7,1.8,321,20,7.8,11.7,1.7,325,20,7.8,11.7,1.7,325,20,534,29.96,0.0,0,0,0,40.3,45.5,48.5,0.32,0.46,0.38
CAPE,2019-11-08 13:20:00 EST,44.10452,-76.32686,275,29.5,28.6,21.4,66.6,19.8,0.000,0.000,0.00,0.000,9.0,12.8,2.0,301,12,8.6,12.4,1.8,304,12,8.6,12.4,1.8,304,12,272,29.96,-0.1,0,0,0,40.2,45.6,48.5,0.32,0.46,0.38
CAPE,2019-11-08 13:25:00 EST,44.10452,-76.32686,275,29.2,28.8,22.9,65.7,19.2,0.000,0.000,0.00,0.000,6.2,10.4,2.0,323,14,6.1,11.2,2.0,327,13,6.1,11.2,2.0,327,13,300,29.96,-0.1,0,0,0,40.3,45.6,48.4,0.32,0.46,0.38
CAPE,2019-11-08 13:30:00 EST,44.10452,-76.32686,275,29.1,28.7,21.7,66.8,19.4,0.000,0.000,0.00,0.000,7.5,11.5,2.0,318,14,7.4,11.3,1.9,324,15,7.4,11.3,1.9,324,15,177,29.96,-0.1,0,0,0,40.3,45.5,48.5,0.32,0.46,0.38
CAPE,2019-11-08 13:35:00 EST,44.10452,-76.32686,275,28.7,28.4,20.4,65.5,18.6,0.000,0.000,0.00,0.000,9.2,11.7,1.4,309,10,8.7,11.5,1.4,313,10,8.7,11.5,1.4,313,10,137,29.96,-0.1,0,0,0,40.2,45.5,48.4,0.32,0.46,0.38
CAPE,2019-11-08 13:40:00 EST,44.10452,-76.32686,275,28.9,28.4,21.0,66.8,19.2,0.000,0.000,0.00,0.000,8.6,12.3,1.3,312,7,8.0,10.8,1.2,316,6,8.0,10.8,1.2,316,6,243,29.96,-0.1,0,0,0,40.2,45.5,48.4,0.32,0.46,0.38
CAPE,2019-11-08 13:45:00 EST,44.10452,-76.32686,275,29.2,28.9,22.1,65.6,19.1,0.000,0.000,0.00,0.000,7.4,11.0,1.4,313,10,7.1,10.3,1.4,317,10,7.1,10.3,1.4,317,10,282,29.96,-0.1,0,0,0,40.2,45.5,48.5,0.32,0.46,0.38
CAPE,2019-11-08 13:50:00 EST,44.10452,-76.32686,275,28.9,28.7,21.1,66.1,19.0,0.000,0.000,0.00,0.000,8.2,11.2,1.1,313,9,7.9,10.0,1.0,316,8,7.9,10.0,1.0,316,8,104,29.96,-0.1,0,0,0,40.3,45.5,48.5,0.32,0.46,0.38
CAPE,2019-11-08 13:55:00 EST,44.10452,-76.32686,275,28.8,28.7,22.2,66.5,19.1,0.000,0.000,0.00,0.000,6.6,9.6,1.7,310,10,6.3,9.6,1.5,313,10,6.3,9.6,1.5,313,10,195,29.96,0.0,0,0,0,40.4,45.4,48.4,0.32,0.46,0.38
CAPE,2019-11-08 14:00:00 EST,44.10452,-76.32686,275,30.1,29.5,22.1,66.9,20.4,0.000,0.000,0.00,0.000,8.8,12.3,2.1,295,11,8.6,12.5,1.9,297,11,8.6,12.5,1.9,297,11,341,29.96,0.0,0,0,0,40.3,45.5,48.5,0.32,0.46,0.38
CAPE,2019-11-08 14:05:00 EST,44.10452,-76.32686,275,30.0,29.5,22.8,65.8,20.0,0.000,0.000,0.00,0.000,7.7,11.2,1.4,288,13,7.5,10.8,1.4,291,12,7.5,10.8,1.4,291,12,165,29.96,-0.1,0,0,0,40.3,45.4,48.5,0.32,0.46,0.38
CAPE,2019-11-08 14:10:00 EST,44.10452,-76.32686,275,29.9,29.6,22.7,65.1,19.6,0.000,0.000,0.00,0.000,7.7,12.4,1.9,301,9,7.4,11.7,1.8,304,9,7.4,11.7,1.8,304,9,336,29.95,-0.0,0,0,0,40.4,45.5,48.4,0.32,0.45,0.38
CAPE,2019-11-08 14:15:00 EST,44.10452,-76.32686,275,30.7,30.1,23.8,63.1,19.6,0.000,0.000,0.00,0.000,7.3,11.9,1.6,304,11,7.1,11.2,1.5,308,10,7.1,11.2,1.5,308,10,340,29.95,-0.1,0,0,0,40.4,45.5,48.4,0.32,0.45,0.38
CAPE,2019-11-08 14:20:00 EST,44.10452,-76.32686,275,31.0,30.3,23.6,62.3,19.6,0.000,0.000,0.00,0.000,8.2,13.1,1.9,306,15,8.0,12.7,1.8,310,15,8.0,12.7,1.8,310,15,398,29.95,-0.1,0,0,0,40.3,45.4,48.4,0.32,0.45,0.38
CAPE,2019-11-08 14:25:00 EST,44.10452,-76.32686,275,30.5,29.9,22.9,62.2,19.1,0.000,0.000,0.00,0.000,8.5,12.5,1.4,287,12,8.3,11.8,1.4,290,11,8.3,11.8,1.4,290,11,240,29.95,-0.2,0,0,0,40.4,45.5,48.4,0.32,0.46,0.38
CAPE,2019-11-08 14:30:00 EST,44.10452,-76.32686,275,30.1,29.9,22.1,63.8,19.3,0.000,0.000,0.00,0.000,9.0,12.4,1.8,305,13,8.7,11.8,1.7,308,13,8.7,11.8,1.7,308,13,121,29.95,-0.1,0,0,0,40.3,45.5,48.5,0.32,0.46,0.38
CAPE,2019-11-08 14:35:00 EST,44.10452,-76.32686,275,29.9,29.7,21.3,62.8,18.7,0.000,0.000,0.00,0.000,10.3,14.5,1.9,304,5,9.5,13.4,1.8,309,5,9.5,13.4,1.8,309,5,127,29.95,-0.1,0,0,0,40.3,45.5,48.5,0.32,0.46,0.38
CAPE,2019-11-08 14:40:00 EST,44.10452,-76.32686,275,30.4,30.2,22.5,63.3,19.4,0.000,0.000,0.00,0.000,8.8,12.1,1.5,296,11,8.7,11.5,1.4,300,11,8.7,11.5,1.4,300,11,250,29.95,-0.0,0,0,0,40.3,45.4,48.4,0.32,0.45,0.38
CAPE,2019-11-08 14:45:00 EST,44.10452,-76.32686,275,31.1,30.6,23.1,62.5,19.8,0.000,0.000,0.00,0.000,9.5,14.1,2.0,306,8,9.1,13.5,1.8,310,8,9.1,13.5,1.8,310,8,270,29.95,-0.1,0,0,0,40.3,45.4,48.4,0.32,0.45,0.38
CAPE,2019-11-08 14:50:00 EST,44.10452,-76.32686,275,31.4,31.0,22.8,63.0,20.3,0.000,0.000,0.00,0.000,10.9,15.8,2.4,309,10,10.4,14.6,2.2,313,10,10.4,14.6,2.2,313,10,324,29.95,-0.1,0,0,0,40.3,45.4,48.5,0.32,0.46,0.38
CAPE,2019-11-08 14:55:00 EST,44.10452,-76.32686,275,31.1,30.7,22.9,61.0,19.2,0.000,0.000,0.00,0.000,10.0,13.0,1.6,310,9,9.5,13.5,1.5,314,9,9.5,13.5,1.5,314,9,306,29.95,-0.1,0,0,0,40.3,45.5,48.4,0.32,0.46,0.38
CAPE,2019-11-08 15:00:00 EST,44.10452,-76.32686,275,31.1,30.7,23.0,61.5,19.4,0.000,0.000,0.00,0.000,9.7,13.4,1.5,302,10,9.2,12.5,1.4,306,9,9.2,12.5,1.4,306,9,243,29.95,-0.1,0,0,0,40.3,45.5,48.4,0.32,0.46,0.38
CAPE,2019-11-08 15:05:00 EST,44.10452,-76.32686,275,30.7,30.5,22.1,61.7,19.1,0.000,0.000,0.00,0.000,10.3,15.1,2.0,305,9,9.9,13.8,1.9,308,10,9.9,13.8,1.9,308,10,166,29.95,-0.1,0,0,0,40.3,45.4,48.4,0.32,0.46,0.38
CAPE,2019-11-08 15:10:00 EST,44.10452,-76.32686,275,31.0,30.7,23.7,60.7,19.0,0.000,0.000,0.00,0.000,7.8,10.8,1.1,325,15,7.8,10.4,1.1,329,14,7.8,10.4,1.1,329,14,222,29.95,-0.1,0,0,0,40.4,45.4,48.4,0.32,0.46,0.38
CAPE,2019-11-08 15:15:00 EST,44.10452,-76.32686,275,30.8,30.7,23.6,57.9,17.7,0.000,0.000,0.00,0.000,7.9,10.7,1.3,323,10,7.6,10.4,1.3,326,10,7.6,10.4,1.3,326,10,146,29.95,-0.1,0,0,0,40.3,45.4,48.4,0.32,0.46,0.38
CAPE,2019-11-08 15:20:00 EST,44.10452,-76.32686,275,30.9,30.7,23.7,59.7,18.5,0.000,0.000,0.00,0.000,7.8,10.2,1.3,320,10,7.5,10.6,1.1,323,9,7.5,10.6,1.1,323,9,200,29.95,-0.1,0,0,0,40.4,45.5,48.5,0.32,0.46,0.38
CAPE,2019-11-08 15:25:00 EST,44.10452,-76.32686,275,31.0,30.8,23.6,58.6,18.2,0.000,0.000,0.00,0.000,8.1,10.8,1.5,313,12,7.9,11.6,1.4,315,11,7.9,11.6,1.4,315,11,191,29.95,-0.1,0,0,0,40.2,45.5,48.4,0.32,0.46,0.38
CAPE,2019-11-08 15:30:00 EST,44.10452,-76.32686,275,30.8,30.8,23.1,58.3,17.9,0.000,0.000,0.00,0.000,8.6,12.9,1.9,328,15,8.5,14.2,1.8,333,15,8.5,14.2,1.8,333,15,115,29.95,-0.1,0,0,0,40.4,45.5,48.4,0.32,0.46,0.38
CAPE,2019-11-08 15:35:00 EST,44.10452,-76.32686,275,30.8,30.9,23.5,61.0,18.9,0.000,0.000,0.00,0.000,7.8,12.5,1.7,307,9,7.7,11.6,1.5,311,9,7.7,11.6,1.5,311,9,143,29.95,-0.1,0,0,0,40.4,45.4,48.4,0.32,0.45,0.38
CAPE,2019-11-08 15:40:00 EST,44.10452,-76.32686,275,30.9,30.9,24.5,58.9,18.2,0.000,0.000,0.00,0.000,6.9,9.5,1.3,303,12,6.6,9.6,1.4,308,11,6.6,9.6,1.4,308,11,152,29.96,-0.1,0,0,0,40.4,45.5,48.4,0.32,0.46,0.38
CAPE,2019-11-08 15:45:00 EST,44.10452,-76.32686,275,30.6,30.7,22.7,59.4,18.1,0.000,0.000,0.00,0.000,9.2,13.7,2.1,302,9,8.8,12.7,2.0,306,9,8.8,12.7,2.0,306,9,89,29.96,-0.2,0,0,0,40.4,45.5,48.4,0.32,0.46,0.38
CAPE,2019-11-08 15:50:00 EST,44.10452,-76.32686,275,29.9,30.3,22.7,61.0,18.1,0.000,0.000,0.00,0.000,7.7,11.5,1.7,298,11,7.4,10.7,1.5,301,11,7.4,10.7,1.5,301,11,40,29.96,-0.2,0,0,0,40.4,45.5,48.4,0.32,0.46,0.38
CAPE,2019-11-08 15:55:00 EST,44.10452,-76.32686,275,29.5,30.1,24.3,63.0,18.5,0.000,0.000,0.00,0.000,5.0,7.5,1.2,297,13,4.9,8.0,1.3,299,13,4.9,8.0,1.3,299,13,35,29.96,-0.1,0,0,0,40.4,45.5,48.4,0.32,0.46,0.38
CAPE,2019-11-08 16:00:00 EST,44.10452,-76.32686,275,29.6,30.2,23.7,63.5,18.8,0.000,0.000,0.00,0.000,5.8,8.4,1.1,297,12,5.7,8.5,1.1,300,11,5.7,8.5,1.1,300,11,50,29.96,-0.1,0,0,0,40.4,45.5,48.4,0.32,0.46,0.38
CAPE,2019-11-08 16:05:00 EST,44.10452,-76.32686,275,29.5,30.2,23.4,64.2,18.9,0.000,0.000,0.00,0.000,5.9,9.3,1.6,288,9,5.9,10.3,1.6,292,8,5.9,10.3,1.6,292,8,29,29.96,-0.1,0,0,0,40.4,45.5,48.4,0.32,0.46,0.38
CAPE,2019-11-08 16:10:00 EST,44.10452,-76.32686,275,29.6,30.3,23.2,61.6,18.0,0.000,0.000,0.00,0.000,6.4,8.7,1.2,296,7,6.2,8.3,1.1,300,7,6.2,8.3,1.1,300,7,35,29.96,-0.1,0,0,0,40.4,45.5,48.4,0.32,0.46,0.38
CAPE,2019-11-08 16:15:00 EST,44.10452,-76.32686,275,29.3,30.1,23.4,62.6,18.2,0.000,0.000,0.00,0.000,5.8,8.3,1.0,303,8,5.6,8.1,1.0,307,8,5.6,8.1,1.0,307,8,26,29.96,-0.2,0,0,0,40.4,45.4,48.4,0.32,0.46,0.38
CAPE,2019-11-08 16:20:00 EST,44.10452,-76.32686,275,29.0,30.0,22.8,65.6,18.9,0.000,0.000,0.00,0.000,5.8,8.0,1.0,298,10,5.7,8.3,1.0,302,10,5.7,8.3,1.0,302,10,24,29.96,-0.1,0,0,0,40.4,45.4,48.5,0.32,0.46,0.38
CAPE,2019-11-08 16:25:00 EST,44.10452,-76.32686,275,29.0,30.2,22.1,64.1,18.4,0.000,0.000,0.00,0.000,6.9,9.1,0.9,306,8,6.8,9.2,0.9,309,7,6.8,9.2,0.9,309,7,20,29.96,-0.2,0,0,0,40.5,45.4,48.4,0.32,0.46,0.38
CAPE,2019-11-08 16:30:00 EST,44.10452,-76.32686,275,28.7,29.9,23.3,65.5,18.6,0.000,0.000,0.00,0.000,5.2,6.9,0.7,302,9,5.0,6.8,0.8,306,9,5.0,6.8,0.8,306,9,16,29.96,-0.2,0,0,0,40.3,45.4,48.4,0.32,0.46,0.38
CAPE,2019-11-08 16:35:00 EST,44.10452,-76.32686,275,28.6,30.1,22.8,64.0,18.0,0.000,0.000,0.00,0.000,5.4,7.0,0.8,292,9,5.3,7.3,0.8,296,9,5.3,7.3,0.8,296,9,14,29.96,-0.1,0,0,0,40.5,45.4,48.4,0.32,0.46,0.38
CAPE,2019-11-08 16:40:00 EST,44.10452,-76.32686,275,28.4,30.0,22.8,64.5,18.0,0.000,0.000,0.00,0.000,5.2,7.3,1.0,298,10,5.0,7.7,1.0,301,10,5.0,7.7,1.0,301,10,10,29.96,-0.2,0,0,0,40.3,45.5,48.4,0.32,0.46,0.38
CAPE,2019-11-08 16:45:00 EST,44.10452,-76.32686,275,28.2,30.0,22.4,62.8,17.1,0.000,0.000,0.00,0.000,5.4,7.8,0.9,298,11,5.3,7.9,1.0,301,11,5.3,7.9,1.0,301,11,7,29.96,-0.2,0,0,0,40.4,45.5,48.4,0.32,0.46,0.38
CAPE,2019-11-08 16:50:00 EST,44.10452,-76.32686,275,28.4,29.9,24.4,64.0,17.8,0.000,0.000,0.00,0.000,3.9,5.1,0.7,317,7,3.7,5.3,0.7,319,7,3.7,5.3,0.7,319,7,5,29.97,-0.2,0,0,0,40.3,45.4,48.4,0.32,0.46,0.38
CAPE,2019-11-08 16:55:00 EST,44.10452,-76.32686,275,28.1,29.7,23.2,65.3,18.0,0.000,0.000,0.00,0.000,4.4,7.2,0.9,300,11,4.3,7.0,1.0,306,10,4.3,7.0,1.0,306,10,3,29.97,-0.2,0,0,0,40.4,45.4,48.4,0.32,0.46,0.38
CAPE,2019-11-08 17:00:00 EST,44.10452,-76.32686,275,27.7,29.6,23.0,65.3,17.6,0.000,0.000,0.00,0.000,4.2,6.6,1.1,292,8,4.1,6.4,1.1,295,7,4.1,6.4,1.1,295,7,1,29.97,-0.1,0,0,0,40.4,45.4,48.4,0.32,0.46,0.38
CAPE,2019-11-08 17:05:00 EST,44.10452,-76.32686,275,27.5,29.2,23.8,68.8,18.6,0.000,0.000,0.00,0.000,3.3,4.5,0.4,286,7,3.3,5.0,0.5,291,7,3.3,5.0,0.5,291,7,1,29.97,-0.1,0,0,0,40.4,45.4,48.4,0.32,0.46,0.38
CAPE,2019-11-08 17:10:00 EST,44.10452,-76.32686,275,27.8,29.3,27.8,68.7,18.9,0.000,0.000,0.00,0.000,2.7,3.9,0.9,276,10,2.8,4.6,0.8,280,10,2.8,4.6,0.8,280,10,0,29.97,-0.2,0,0,0,40.4,45.5,48.5,0.32,0.45,0.38
CAPE,2019-11-08 17:15:00 EST,44.10452,-76.32686,275,27.4,29.3,27.4,69.8,18.9,0.000,0.000,0.00,0.000,2.7,5.0,1.1,285,13,2.7,4.7,1.0,289,13,2.7,4.7,1.0,289,13,0,29.97,-0.1,0,0,0,40.4,45.5,48.4,0.32,0.46,0.38
CAPE,2019-11-08 17:20:00 EST,44.10452,-76.32686,275,27.4,29.5,22.8,68.8,18.5,0.000,0.000,0.00,0.000,4.0,5.5,0.7,290,9,4.0,5.9,0.8,294,9,4.0,5.9,0.8,294,9,0,29.97,-0.2,0,0,0,40.4,45.4,48.4,0.32,0.45,0.38
CAPE,2019-11-08 17:25:00 EST,44.10452,-76.32686,275,27.0,29.5,22.1,69.0,18.2,0.000,0.000,0.00,0.000,4.3,5.7,0.6,290,7,4.2,5.8,0.7,294,6,4.2,5.8,0.7,294,6,0,29.97,-0.2,0,0,0,40.4,45.5,48.4,0.32,0.45,0.38
CAPE,2019-11-08 17:30:00 EST,44.10452,-76.32686,275,27.2,29.6,22.3,70.5,18.9,0.000,0.000,0.00,0.000,4.3,5.7,0.6,289,6,4.2,6.0,0.7,293,6,4.2,6.0,0.7,293,6,0,29.97,-0.1,0,0,0,40.4,45.5,48.4,0.32,0.45,0.38
CAPE,2019-11-08 17:35:00 EST,44.10452,-76.32686,275,27.0,29.2,21.7,69.2,18.2,0.000,0.000,0.00,0.000,4.6,7.2,0.9,288,8,4.5,7.1,1.0,292,8,4.5,7.1,1.0,292,8,0,29.97,-0.1,0,0,0,40.3,45.4,48.4,0.32,0.45,0.38
CAPE,2019-11-08 17:40:00 EST,44.10452,-76.32686,275,26.9,29.0,23.0,69.1,18.2,0.000,0.000,0.00,0.000,3.4,4.4,0.3,280,5,3.4,4.7,0.3,284,6,3.4,4.7,0.3,284,6,0,29.98,-0.1,0,0,0,40.4,45.4,48.4,0.32,0.45,0.38
CAPE,2019-11-08 17:45:00 EST,44.10452,-76.32686,275,27.0,29.4,21.7,69.7,18.4,0.000,0.000,0.00,0.000,4.6,6.9,0.8,285,5,4.5,7.1,0.8,288,5,4.5,7.1,0.8,288,5,0,29.98,-0.2,0,0,0,40.2,45.3,48.4,0.32,0.45,0.38
CAPE,2019-11-08 17:50:00 EST,44.10452,-76.32686,275,27.2,29.7,20.9,69.9,18.7,0.000,0.000,0.00,0.000,5.6,8.3,1.0,286,6,5.5,8.3,1.0,289,6,5.5,8.3,1.0,289,6,0,29.98,-0.2,0,0,0,40.2,45.3,48.4,0.32,0.45,0.38
CAPE,2019-11-08 17:55:00 EST,44.10452,-76.32686,275,27.4,29.7,21.1,69.8,18.8,0.000,0.000,0.00,0.000,5.6,8.3,1.2,285,8,5.6,8.5,1.2,288,6,5.6,8.5,1.2,288,6,0,29.98,-0.2,0,0,0,40.3,45.4,48.4,0.32,0.45,0.38
CAPE,2019-11-08 18:00:00 EST,44.10452,-76.32686,275,27.2,29.7,20.5,68.5,18.2,0.000,0.000,0.00,0.000,6.2,9.0,0.9,286,7,6.0,8.8,0.9,289,6,6.0,8.8,0.9,289,6,0,29.98,-0.1,0,0,0,40.2,45.4,48.4,0.32,0.45,0.38
CAPE,2019-11-08 18:05:00 EST,44.10452,-76.32686,275,27.6,30.0,21.2,66.8,18.1,0.000,0.000,0.00,0.000,5.9,8.3,1.1,289,10,5.9,8.2,1.1,292,9,5.9,8.2,1.1,292,9,0,29.98,-0.1,0,0,0,40.3,45.4,48.4,0.32,0.45,0.38
CAPE,2019-11-08 18:10:00 EST,44.10452,-76.32686,275,27.6,29.4,23.6,67.9,18.3,0.000,0.000,0.00,0.000,3.5,4.9,0.4,279,6,3.5,4.9,0.4,283,7,3.5,4.9,0.4,283,7,0,29.98,-0.1,0,0,0,40.2,45.3,48.4,0.32,0.45,0.38
CAPE,2019-11-08 18:15:00 EST,44.10452,-76.32686,275,27.2,29.3,23.6,68.6,18.3,0.000,0.000,0.00,0.000,3.2,5.6,0.9,282,10,3.2,5.9,0.9,287,11,3.2,5.9,0.9,287,11,0,29.98,-0.2,0,0,0,40.2,45.4,48.4,0.32,0.45,0.38
CAPE,2019-11-08 18:20:00 EST,44.10452,-76.32686,275,27.1,29.6,27.1,70.2,18.7,0.000,0.000,0.00,0.000,3.0,3.9,0.3,282,5,3.0,4.0,0.4,288,5,3.0,4.0,0.4,288,5,0,29.98,-0.2,0,0,0,40.3,45.3,48.4,0.32,0.46,0.38
CAPE,2019-11-08 18:25:00 EST,44.10452,-76.32686,275,26.9,29.6,22.6,70.7,18.7,0.000,0.000,0.00,0.000,3.7,6.2,1.1,288,7,3.7,6.8,1.2,292,7,3.7,6.8,1.2,292,7,0,29.98,-0.2,0,0,0,40.2,45.3,48.4,0.32,0.46,0.38
CAPE,2019-11-08 18:30:00 EST,44.10452,-76.32686,275,27.0,29.5,22.5,69.9,18.5,0.000,0.000,0.00,0.000,3.9,5.7,0.7,285,7,3.9,6.1,0.8,289,6,3.9,6.1,0.8,289,6,0,29.98,-0.1,0,0,0,40.2,45.3,48.4,0.32,0.46,0.38
CAPE,2019-11-08 18:35:00 EST,44.10452,-76.32686,275,26.5,29.5,20.4,70.0,18.0,0.000,0.000,0.00,0.000,5.2,9.1,1.4,288,8,5.2,9.4,1.4,291,7,5.2,9.4,1.4,291,7,0,29.98,-0.2,0,0,0,40.2,45.3,48.4,0.32,0.45,0.38
CAPE,2019-11-08 18:40:00 EST,44.10452,-76.32686,275,26.9,29.6,20.6,71.1,18.8,0.000,0.000,0.00,0.000,5.6,8.6,0.8,288,8,5.5,9.5,0.9,290,9,5.5,9.5,0.9,290,9,0,29.98,-0.1,0,0,0,40.2,45.3,48.4,0.32,0.46,0.38
CAPE,2019-11-08 18:45:00 EST,44.10452,-76.32686,275,27.6,29.8,21.3,69.6,19.0,0.000,0.000,0.00,0.000,5.6,8.9,1.0,285,11,5.6,9.0,1.0,287,10,5.6,9.0,1.0,287,10,0,29.99,-0.1,0,0,0,40.3,45.3,48.4,0.32,0.46,0.38
CAPE,2019-11-08 18:50:00 EST,44.10452,-76.32686,275,28.1,30.3,21.0,67.7,18.8,0.000,0.000,0.00,0.000,6.9,10.2,1.4,283,8,6.8,9.9,1.4,285,8,6.8,9.9,1.4,285,8,0,29.98,-0.1,0,0,0,40.2,45.2,48.3,0.32,0.45,0.38
CAPE,2019-11-08 18:55:00 EST,44.10452,-76.32686,275,28.4,30.4,20.4,67.3,19.0,0.000,0.000,0.00,0.000,8.2,12.2,1.5,287,7,8.0,11.4,1.5,290,6,8.0,11.4,1.5,290,6,0,29.99,-0.1,0,0,0,40.2,45.3,48.4,0.32,0.46,0.38
CAPE,2019-11-08 19:00:00 EST,44.10452,-76.32686,275,28.5,30.4,20.3,66.9,18.9,0.000,0.000,0.00,0.000,8.7,13.5,1.7,286,9,8.4,12.9,1.7,290,7,8.4,12.9,1.7,290,7,0,29.99,-0.1,0,0,0,40.1,45.2,48.4,0.32,0.46,0.38
CAPE,2019-11-08 19:05:00 EST,44.10452,-76.32686,275,28.4,29.7,22.7,67.0,18.9,0.000,0.000,0.00,0.000,5.2,9.4,1.3,274,12,5.2,9.8,1.4,277,12,5.2,9.8,1.4,277,12,0,29.99,-0.1,0,0,0,40.2,45.3,48.4,0.32,0.45,0.38
CAPE,2019-11-08 19:10:00 EST,44.10452,-76.32686,275,28.2,29.7,22.5,68.9,19.3,0.000,0.000,0.00,0.000,5.1,7.2,0.7,277,12,5.1,7.4,0.8,281,10,5.1,7.4,0.8,281,10,0,29.99,-0.2,0,0,0,40.2,45.2,48.3,0.32,0.45,0.38
CAPE,2019-11-08 19:15:00 EST,44.10452,-76.32686,275,28.2,30.0,20.4,69.2,19.4,0.000,0.000,0.00,0.000,7.8,13.4,1.7,284,9,7.7,13.2,1.8,287,9,7.7,13.2,1.8,287,9,0,29.99,-0.2,0,0,0,40.1,45.2,48.3,0.32,0.45,0.38
CAPE,2019-11-08 19:20:00 EST,44.10452,-76.32686,275,28.0,29.9,20.0,70.6,19.6,0.000,0.000,0.00,0.000,8.1,12.6,1.6,286,8,8.0,12.3,1.6,288,6,8.0,12.3,1.6,288,6,0,29.99,-0.1,0,0,0,40.1,45.2,48.3,0.32,0.45,0.38
CAPE,2019-11-08 19:25:00 EST,44.10452,-76.32686,275,28.4,30.0,20.1,69.9,19.9,0.000,0.000,0.00,0.000,8.6,13.2,1.6,287,9,8.6,13.3,1.6,290,7,8.6,13.3,1.6,290,7,0,29.99,-0.1,0,0,0,40.1,45.2,48.3,0.32,0.45,0.38
CAPE,2019-11-08 19:30:00 EST,44.10452,-76.32686,275,28.3,30.0,20.2,69.9,19.7,0.000,0.000,0.00,0.000,8.4,12.1,1.3,285,9,8.2,12.0,1.3,289,7,8.2,12.0,1.3,289,7,0,29.99,-0.1,0,0,0,40.1,45.2,48.4,0.32,0.45,0.38
CAPE,2019-11-08 19:35:00 EST,44.10452,-76.32686,275,28.6,30.2,19.8,69.4,19.8,0.000,0.000,0.00,0.000,9.6,13.8,1.7,287,9,9.3,13.6,1.7,290,7,9.3,13.6,1.7,290,7,0,29.99,-0.1,0,0,0,40.1,45.2,48.3,0.32,0.46,0.38
CAPE,2019-11-08 19:40:00 EST,44.10452,-76.32686,275,28.5,30.1,19.9,69.5,19.8,0.000,0.000,0.00,0.000,9.4,14.3,2.0,282,10,9.2,16.0,2.2,285,8,9.2,16.0,2.2,285,8,0,29.99,-0.1,0,0,0,40.1,45.1,48.4,0.32,0.45,0.38
CAPE,2019-11-08 19:45:00 EST,44.10452,-76.32686,275,28.6,30.1,20.0,69.6,20.0,0.000,0.000,0.00,0.000,9.5,15.3,1.9,286,9,9.2,15.2,1.9,289,7,9.2,15.2,1.9,289,7,0,29.99,-0.1,0,0,0,40.1,45.3,48.3,0.32,0.45,0.38
CAPE,2019-11-08 19:50:00 EST,44.10452,-76.32686,275,28.6,30.0,20.0,68.3,19.5,0.000,0.000,0.00,0.000,9.5,13.0,1.5,286,8,9.3,14.3,1.7,290,7,9.3,14.3,1.7,290,7,0,29.99,-0.1,0,0,0,40.0,45.1,48.3,0.32,0.45,0.38
CAPE,2019-11-08 19:55:00 EST,44.10452,-76.32686,275,28.6,30.0,19.5,69.4,19.9,0.000,0.000,0.00,0.000,10.2,14.5,1.8,289,7,10.0,14.2,1.7,292,6,10.0,14.2,1.7,292,6,0,29.99,-0.2,0,0,0,40.0,45.2,48.4,0.32,0.45,0.38
CAPE,2019-11-08 20:00:00 EST,44.10452,-76.32686,275,28.3,29.8,20.0,71.1,20.1,0.000,0.000,0.00,0.000,8.8,13.0,1.7,285,8,8.5,12.9,1.8,288,7,8.5,12.9,1.8,288,7,0,29.99,-0.0,0,0,0,40.0,45.2,48.3,0.32,0.45,0.38
CAPE,2019-11-08 20:05:00 EST,44.10452,-76.32686,275,28.2,29.8,20.3,71.6,20.2,0.000,0.000,0.00,0.000,7.9,12.0,1.7,283,10,8.0,12.9,1.8,284,8,8.0,12.9,1.8,284,8,0,29.99,-0.0,0,0,0,39.9,45.2,48.3,0.32,0.45,0.38
CAPE,2019-11-08 20:10:00 EST,44.10452,-76.32686,275,28.6,29.9,19.2,70.9,20.4,0.000,0.000,0.00,0.000,10.7,16.8,2.6,286,8,10.5,17.1,2.6,288,6,10.5,17.1,2.6,288,6,0,29.99,-0.1,0,0,0,40.0,45.1,48.2,0.32,0.45,0.38
CAPE,2019-11-08 20:15:00 EST,44.10452,-76.32686,275,28.3,29.8,20.2,71.7,20.4,0.000,0.000,0.00,0.000,8.4,12.9,2.1,283,9,8.3,14.1,2.1,285,7,8.3,14.1,2.1,285,7,0,29.99,-0.1,0,0,0,40.0,45.2,48.3,0.32,0.46,0.38
CAPE,2019-11-08 20:20:00 EST,44.10452,-76.32686,275,28.0,29.6,20.7,73.6,20.7,0.000,0.000,0.00,0.000,7.1,12.5,1.6,285,10,7.1,13.4,1.7,290,8,7.1,13.4,1.7,290,8,0,29.99,-0.1,0,0,0,39.9,45.2,48.3,0.32,0.46,0.38
CAPE,2019-11-08 20:25:00 EST,44.10452,-76.32686,275,28.2,29.6,19.6,73.9,20.9,0.000,0.000,0.00,0.000,9.3,12.5,1.5,292,9,9.0,12.8,1.5,294,7,9.0,12.8,1.5,294,7,0,29.99,-0.1,0,0,0,39.9,45.2,48.3,0.32,0.46,0.38
CAPE,2019-11-08 20:30:00 EST,44.10452,-76.32686,275,28.2,29.4,19.1,74.8,21.2,0.000,0.000,0.00,0.000,9.8,14.1,1.5,293,8,9.8,14.1,1.7,296,7,9.8,14.1,1.7,296,7,0,29.99,-0.1,0,0,0,40.0,45.1,48.2,0.32,0.46,0.38
CAPE,2019-11-08 20:35:00 EST,44.10452,-76.32686,275,28.4,29.6,19.1,74.4,21.3,0.000,0.000,0.00,0.000,10.5,15.6,1.8,293,8,10.3,15.3,1.8,295,7,10.3,15.3,1.8,295,7,0,29.99,-0.0,0,0,0,39.9,45.2,48.2,0.32,0.45,0.38
CAPE,2019-11-08 20:40:00 EST,44.10452,-76.32686,275,28.4,29.6,19.0,74.4,21.3,0.000,0.000,0.00,0.000,10.9,15.7,1.9,289,7,10.6,15.2,1.8,292,7,10.6,15.2,1.8,292,7,0,29.99,-0.0,0,0,0,40.0,45.1,48.3,0.32,0.45,0.38
CAPE,2019-11-08 20:45:00 EST,44.10452,-76.32686,275,28.5,29.8,18.5,74.0,21.3,0.000,0.000,0.00,0.000,12.0,18.0,2.2,284,8,11.7,17.6,2.3,287,5,11.7,17.6,2.3,287,5,0,29.99,-0.1,0,0,0,39.9,45.2,48.2,0.32,0.45,0.38
CAPE,2019-11-08 20:50:00 EST,44.10452,-76.32686,275,28.6,29.7,19.5,73.5,21.2,0.000,0.000,0.00,0.000,10.4,17.9,3.0,289,8,10.2,17.4,2.8,292,7,10.2,17.4,2.8,292,7,0,29.99,-0.1,0,0,0,39.9,45.2,48.2,0.32,0.45,0.38
CAPE,2019-11-08 20:55:00 EST,44.10452,-76.32686,275,28.0,29.2,19.8,75.1,21.1,0.000,0.000,0.00,0.000,8.5,12.3,1.7,287,8,8.3,12.1,1.7,290,6,8.3,12.1,1.7,290,6,0,29.99,-0.1,0,0,0,39.9,45.1,48.2,0.32,0.45,0.38
CAPE,2019-11-08 21:00:00 EST,44.10452,-76.32686,275,28.2,29.3,18.6,74.0,21.0,0.000,0.000,0.00,0.000,10.8,16.7,2.0,288,9,10.8,18.4,2.2,291,8,10.8,18.4,2.2,291,8,0,29.99,-0.1,0,0,0,39.8,45.1,48.3,0.32,0.45,0.38
CAPE,2019-11-08 21:05:00 EST,44.10452,-76.32686,275,28.2,29.3,19.1,73.7,20.9,0.000,0.000,0.00,0.000,10.3,14.1,1.7,291,8,9.9,14.3,1.8,295,7,9.9,14.3,1.8,295,7,0,29.99,-0.1,0,0,0,39.7,45.2,48.3,0.32,0.46,0.38
CAPE,2019-11-08 21:10:00 EST,44.10452,-76.32686,275,27.8,29.2,19.6,74.4,20.7,0.000,0.000,0.00,0.000,8.6,13.4,1.5,287,8,8.3,15.3,1.6,291,7,8.3,15.3,1.6,291,7,0,29.99,-0.1,0,0,0,39.8,45.2,48.2,0.32,0.46,0.38
CAPE,2019-11-08 21:15:00 EST,44.10452,-76.32686,275,28.1,29.3,18.4,73.7,20.8,0.000,0.000,0.00,0.000,11.1,15.5,1.8,290,9,10.9,15.5,1.8,293,6,10.9,15.5,1.8,293,6,0,29.99,-0.0,0,0,0,39.7,45.1,48.2,0.32,0.45,0.38
CAPE,2019-11-08 21:20:00 EST,44.10452,-76.32686,275,28.0,29.2,19.5,73.1,20.5,0.000,0.000,0.00,0.000,8.8,13.4,1.7,288,9,8.7,13.2,1.8,292,8,8.7,13.2,1.8,292,8,0,29.99,-0.1,0,0,0,39.8,45.1,48.2,0.32,0.45,0.37
CAPE,2019-11-08 21:25:00 EST,44.10452,-76.32686,275,27.9,29.1,19.3,73.8,20.6,0.000,0.000,0.00,0.000,9.1,13.2,1.6,296,10,8.9,13.6,1.6,297,10,8.9,13.6,1.6,297,10,0,29.99,-0.0,0,0,0,39.7,45.1,48.2,0.32,0.45,0.37
CAPE,2019-11-08 21:30:00 EST,44.10452,-76.32686,275,28.1,29.1,19.4,73.6,20.7,0.000,0.000,0.00,0.000,9.3,13.6,1.6,293,10,9.1,13.3,1.6,296,8,9.1,13.3,1.6,296,8,0,29.99,-0.1,0,0,0,39.8,45.1,48.2,0.32,0.45,0.38
CAPE,2019-11-08 21:35:00 EST,44.10452,-76.32686,275,27.5,28.8,20.2,75.3,20.7,0.000,0.000,0.00,0.000,7.0,9.8,1.3,292,9,6.8,9.7,1.4,297,10,6.8,9.7,1.4,297,10,0,29.99,-0.1,0,0,0,39.8,45.1,48.2,0.32,0.45,0.38
CAPE,2019-11-08 21:40:00 EST,44.10452,-76.32686,275,27.5,28.8,18.8,74.7,20.6,0.000,0.000,0.00,0.000,9.3,14.5,1.7,293,11,9.0,14.4,1.7,297,9,9.0,14.4,1.7,297,9,0,29.99,-0.1,0,0,0,39.7,45.1,48.2,0.32,0.46,0.38
CAPE,2019-11-08 21:45:00 EST,44.10452,-76.32686,275,27.7,28.9,18.2,73.6,20.3,0.000,0.000,0.00,0.000,10.8,16.0,2.4,295,8,10.4,16.4,2.4,299,7,10.4,16.4,2.4,299,7,0,29.99,-0.0,0,0,0,39.8,45.2,48.2,0.32,0.46,0.38
CAPE,2019-11-08 21:50:00 EST,44.10452,-76.32686,275,27.7,28.9,19.0,73.2,20.2,0.000,0.000,0.00,0.000,9.3,14.0,1.6,297,8,9.0,13.6,1.7,301,8,9.0,13.6,1.7,301,8,0,29.99,-0.2,0,0,0,39.7,45.2,48.2,0.32,0.46,0.38
CAPE,2019-11-08 21:55:00 EST,44.10452,-76.32686,275,27.3,28.6,18.4,74.2,20.2,0.000,0.000,0.00,0.000,9.5,13.2,1.5,294,7,9.2,12.3,1.4,297,7,9.2,12.3,1.4,297,7,0,29.99,-0.1,0,0,0,39.7,45.1,48.2,0.32,0.45,0.37
CAPE,2019-11-08 22:00:00 EST,44.10452,-76.32686,275,27.1,28.5,18.3,74.9,20.2,0.000,0.000,0.00,0.000,9.2,12.3,1.3,296,9,8.9,12.4,1.5,298,9,8.9,12.4,1.5,298,9,0,29.99,-0.1,0,0,0,39.7,45.1,48.2,0.32,0.46,0.38
CAPE,2019-11-08 22:05:00 EST,44.10452,-76.32686,275,27.1,28.5,18.4,74.8,20.2,0.000,0.000,0.00,0.000,8.9,12.0,1.2,295,9,8.7,12.5,1.3,297,7,8.7,12.5,1.3,297,7,0,29.99,-0.1,0,0,0,39.7,45.1,48.2,0.32,0.46,0.37
CAPE,2019-11-08 22:10:00 EST,44.10452,-76.32686,275,27.1,28.4,18.5,74.8,20.2,0.000,0.000,0.00,0.000,8.9,13.3,1.5,295,10,8.6,14.6,1.5,299,10,8.6,14.6,1.5,299,10,0,29.99,0.0,0,0,0,39.7,45.2,48.2,0.32,0.46,0.38
CAPE,2019-11-08 22:15:00 EST,44.10452,-76.32686,275,27.1,28.4,18.4,74.4,20.1,0.000,0.000,0.00,0.000,9.1,12.3,1.4,292,9,8.8,12.4,1.6,296,8,8.8,12.4,1.6,296,8,0,29.99,-0.1,0,0,0,39.6,45.1,48.2,0.32,0.45,0.38
CAPE,2019-11-08 22:20:00 EST,44.10452,-76.32686,275,26.9,28.2,18.6,74.4,19.9,0.000,0.000,0.00,0.000,8.4,14.0,1.6,296,9,8.2,13.1,1.6,298,9,8.2,13.1,1.6,298,9,0,29.99,-0.0,0,0,0,39.6,45.1,48.2,0.32,0.46,0.38
CAPE,2019-11-08 22:25:00 EST,44.10452,-76.32686,275,26.7,28.1,18.9,74.8,19.8,0.000,0.000,0.00,0.000,7.6,11.0,1.4,295,8,7.3,10.4,1.4,299,7,7.3,10.4,1.4,299,7,0,29.99,-0.1,0,0,0,39.6,45.1,48.2,0.32,0.45,0.38
CAPE,2019-11-08 22:30:00 EST,44.10452,-76.32686,275,26.7,28.2,18.7,74.4,19.7,0.000,0.000,0.00,0.000,7.9,11.4,1.3,294,10,7.6,11.5,1.4,298,8,7.6,11.5,1.4,298,8,0,29.99,-0.0,0,0,0,39.6,45.1,48.2,0.32,0.45,0.38
CAPE,2019-11-08 22:35:00 EST,44.10452,-76.32686,275,26.4,28.0,19.0,74.2,19.3,0.000,0.000,0.00,0.000,7.0,9.2,1.0,295,9,6.7,8.9,1.0,299,7,6.7,8.9,1.0,299,7,0,29.98,-0.1,0,0,0,39.5,45.1,48.2,0.32,0.45,0.38
CAPE,2019-11-08 22:40:00 EST,44.10452,-76.32686,275,26.6,28.1,18.9,74.3,19.5,0.000,0.000,0.00,0.000,7.4,10.0,1.2,299,8,7.2,9.6,1.1,304,7,7.2,9.6,1.1,304,7,0,29.98,-0.1,0,0,0,39.6,45.1,48.2,0.32,0.45,0.37
CAPE,2019-11-08 22:45:00 EST,44.10452,-76.32686,275,26.5,28.0,18.9,75.1,19.7,0.000,0.000,0.00,0.000,7.4,10.0,1.2,303,6,7.0,9.3,1.1,307,5,7.0,9.3,1.1,307,5,0,29.98,-0.0,0,0,0,39.5,45.1,48.2,0.32,0.45,0.38
CAPE,2019-11-08 22:50:00 EST,44.10452,-76.32686,275,26.4,28.0,18.2,75.2,19.6,0.000,0.000,0.00,0.000,8.1,10.6,1.4,302,7,7.8,10.6,1.3,306,7,7.8,10.6,1.3,306,7,0,29.98,0.1,0,0,0,39.5,45.1,48.2,0.32,0.45,0.37
CAPE,2019-11-08 22:55:00 EST,44.10452,-76.32686,275,26.4,27.9,18.0,76.2,19.9,0.000,0.000,0.00,0.000,8.4,11.5,1.1,302,7,8.0,11.1,1.0,306,7,8.0,11.1,1.0,306,7,0,29.98,-0.0,0,0,0,39.5,45.1,48.2,0.32,0.45,0.38
CAPE,2019-11-08 23:00:00 EST,44.10452,-76.32686,275,26.2,27.8,18.0,76.4,19.8,0.000,0.000,0.00,0.000,8.1,11.1,1.1,299,8,7.8,10.4,1.1,303,7,7.8,10.4,1.1,303,7,0,29.98,-0.0,0,0,0,39.5,45.1,48.2,0.32,0.45,0.37
CAPE,2019-11-08 23:05:00 EST,44.10452,-76.32686,275,26.5,27.9,18.5,74.5,19.5,0.000,0.000,0.00,0.000,7.9,12.3,1.6,298,7,7.5,11.6,1.5,303,6,7.5,11.6,1.5,303,6,0,29.98,-0.1,0,0,0,39.5,45.1,48.2,0.32,0.45,0.37
CAPE,2019-11-08 23:10:00 EST,44.10452,-76.32686,275,25.9,27.6,18.6,75.7,19.3,0.000,0.000,0.00,0.000,6.7,9.6,1.0,297,8,6.4,9.4,1.0,301,7,6.4,9.4,1.0,301,7,0,29.98,-0.1,0,0,0,39.5,45.1,48.2,0.32,0.45,0.37
CAPE,2019-11-08 23:15:00 EST,44.10452,-76.32686,275,25.9,27.7,18.1,75.9,19.4,0.000,0.000,0.00,0.000,7.4,10.7,1.2,295,7,7.1,10.2,1.2,299,7,7.1,10.2,1.2,299,7,0,29.98,-0.1,0,0,0,39.5,45.1,48.2,0.31,0.45,0.37
CAPE,2019-11-08 23:20:00 EST,44.10452,-76.32686,275,25.8,27.6,18.1,75.7,19.2,0.000,0.000,0.00,0.000,7.1,11.0,1.4,295,7,6.9,10.7,1.4,299,7,6.9,10.7,1.4,299,7,0,29.98,-0.0,0,0,0,39.5,45.0,48.2,0.32,0.45,0.37
CAPE,2019-11-08 23:25:00 EST,44.10452,-76.32686,275,25.6,27.6,18.6,76.3,19.2,0.000,0.000,0.00,0.000,6.2,8.6,0.8,294,8,6.0,8.3,0.9,298,7,6.0,8.3,0.9,298,7,0,29.98,-0.1,0,0,0,39.5,45.1,48.2,0.32,0.45,0.37
CAPE,2019-11-08 23:30:00 EST,44.10452,-76.32686,275,25.9,27.6,18.1,76.5,19.5,0.000,0.000,0.00,0.000,7.1,10.6,1.1,294,7,7.0,10.8,1.2,296,6,7.0,10.8,1.2,296,6,0,29.98,-0.1,0,0,0,39.5,45.0,48.2,0.32,0.45,0.37
CAPE,2019-11-08 23:35:00 EST,44.10452,-76.32686,275,25.6,27.7,18.7,76.6,19.3,0.000,0.000,0.00,0.000,6.0,9.1,1.5,290,5,5.9,8.9,1.5,293,6,5.9,8.9,1.5,293,6,0,29.98,-0.0,0,0,0,39.5,45.0,48.2,0.32,0.45,0.37
CAPE,2019-11-08 23:40:00 EST,44.10452,-76.32686,275,25.5,27.5,18.0,77.6,19.5,0.000,0.000,0.00,0.000,6.6,10.2,1.3,293,9,6.6,10.2,1.3,296,8,6.6,10.2,1.3,296,8,0,29.98,-0.1,0,0,0,39.5,45.0,48.2,0.32,0.45,0.37
CAPE,2019-11-08 23:45:00 EST,44.10452,-76.32686,275,25.6,27.6,18.7,76.9,19.3,0.000,0.000,0.00,0.000,6.0,8.0,0.9,293,6,5.9,8.0,0.9,296,6,5.9,8.0,0.9,296,6,0,29.98,-0.1,0,0,0,39.5,45.0,48.2,0.32,0.45,0.37
CAPE,2019-11-08 23:50:00 EST,44.10452,-76.32686,275,25.2,27.3,18.9,77.9,19.2,0.000,0.000,0.00,0.000,5.1,6.7,0.7,292,7,5.1,7.0,0.7,295,6,5.1,7.0,0.7,295,6,0,29.98,-0.1,0,0,0,39.4,45.0,48.2,0.32,0.45,0.37
CAPE,2019-11-08 23:55:00 EST,44.10452,-76.32686,275,25.1,27.4,18.5,78.2,19.3,0.000,0.000,0.00,0.000,5.5,7.5,0.8,289,7,5.4,7.7,0.8,293,6,5.4,7.7,0.8,293,6,0,29.98,-0.0,0,0,0,39.5,45.0,48.2,0.32,0.45,0.37
CHAZ,2019-11-08 00:00:00 EST,44.89565,-73.46461,186,25.0,25.4,20.3,87.9,22.0,0.000,0.225,0.00,0.000,3.4,4.8,0.7,280,10,3.8,5.4,0.8,283,10,3.8,5.4,0.8,283,10,0,29.89,0.0,0,0,0,37.2,41.9,45.0,0.22,0.27,0.31
CHAZ,2019-11-08 00:05:00 EST,44.89565,-73.46461,186,25.0,25.4,20.3,87.5,21.8,0.000,0.000,0.00,0.000,3.3,6.4,1.0,277,14,3.7,8.2,1.2,280,15,3.7,8.2,1.2,280,15,0,29.89,-0.0,0,0,0,37.2,41.9,45.0,0.22,0.27,0.31
CHAZ,2019-11-08 00:10:00 EST,44.89565,-73.46461,186,24.9,25.3,20.3,87.4,21.7,0.000,0.000,0.00,0.000,3.2,5.0,0.7,268,12,3.6,5.7,0.8,270,12,3.6,5.7,0.8,270,12,0,29.89,0.0,0,0,0,37.2,41.9,45.0,0.22,0.27,0.31
CHAZ,2019-11-08 00:15:00 EST,44.89565,-73.46461,186,24.9,25.3,19.0,87.4,21.7,0.000,0.000,0.00,0.000,4.3,7.4,1.1,269,11,4.8,8.0,1.2,272,10,4.8,8.0,1.2,272,10,0,29.88,0.0,0,0,0,37.2,41.9,45.0,0.22,0.27,0.31
CHAZ,2019-11-08 00:20:00 EST,44.89565,-73.46461,186,24.7,25.1,20.0,87.3,21.5,0.000,0.000,0.00,0.000,3.3,5.8,0.8,279,13,3.8,6.3,0.9,281,13,3.8,6.3,0.9,281,13,0,29.88,0.0,0,0,0,37.2,41.9,45.0,0.22,0.27,0.31
CHAZ,2019-11-08 00:25:00 EST,44.89565,-73.46461,186,24.6,25.0,19.0,87.8,21.5,0.000,0.000,0.00,0.000,4.0,7.0,1.1,277,13,4.5,7.5,1.2,280,13,4.5,7.5,1.2,280,13,0,29.88,0.1,0,0,0,37.2,41.9,45.0,0.22,0.27,0.31
CHAZ,2019-11-08 00:30:00 EST,44.89565,-73.46461,186,24.7,25.0,19.3,87.4,21.5,0.000,0.000,0.00,0.000,3.8,5.6,0.7,274,12,4.2,6.5,0.9,276,12,4.2,6.5,0.9,276,12,0,29.88,-0.1,0,0,0,37.1,41.9,45.0,0.22,0.27,0.31
CHAZ,2019-11-08 00:35:00 EST,44.89565,-73.46461,186,24.5,24.9,19.8,87.2,21.3,0.000,0.000,0.00,0.000,3.3,6.7,1.0,277,13,3.8,7.3,1.2,280,13,3.8,7.3,1.2,280,13,0,29.88,-0.0,0,0,0,37.0,41.9,45.0,0.22,0.27,0.31
CHAZ,2019-11-08 00:40:00 EST,44.89565,-73.46461,186,24.5,24.9,20.6,87.5,21.3,0.000,0.000,0.00,0.000,2.9,4.1,0.5,293,12,3.1,4.3,0.5,297,12,3.1,4.3,0.5,297,12,0,29.88,-0.0,0,0,0,37.0,41.9,45.0,0.22,0.27,0.31
CHAZ,2019-11-08 00:45:00 EST,44.89565,-73.46461,186,24.6,24.9,19.3,87.3,21.3,0.000,0.000,0.00,0.000,3.8,5.8,0.9,291,7,4.1,6.4,1.0,295,8,4.1,6.4,1.0,295,8,0,29.88,-0.0,0,0,0,37.0,41.9,45.0,0.22,0.27,0.31
CHAZ,2019-11-08 00:50:00 EST,44.89565,-73.46461,186,24.5,24.8,19.8,86.7,21.1,0.000,0.000,0.00,0.000,3.3,4.7,0.5,299,11,3.6,5.5,0.7,303,9,3.6,5.5,0.7,303,9,0,29.88,0.0,0,0,0,37.0,41.9,45.0,0.22,0.27,0.31
CHAZ,2019-11-08 00:55:00 EST,44.89565,-73.46461,186,24.3,24.7,20.2,87.3,21.0,0.000,0.000,0.00,0.000,3.0,4.5,0.6,296,11,3.2,5.4,0.7,300,11,3.2,5.4,0.7,300,11,0,29.87,0.0,0,0,0,37.0,41.8,45.0,0.22,0.27,0.31
CHAZ,2019-11-08 01:00:00 EST,44.89565,-73.46461,186,24.3,24.7,19.9,87.2,21.1,0.000,0.000,0.00,0.000,3.2,4.6,0.7,291,9,3.4,5.4,0.8,295,10,3.4,5.4,0.8,295,10,0,29.87,0.0,0,0,0,37.0,41.7,45.0,0.22,0.27,0.31
CHAZ,2019-11-08 01:05:00 EST,44.89565,-73.46461,186,24.3,24.6,20.1,86.6,20.8,0.000,0.000,0.00,0.000,3.0,4.5,0.6,294,10,3.3,5.1,0.7,299,10,3.3,5.1,0.7,299,10,0,29.87,-0.0,0,0,0,37.0,41.7,45.0,0.22,0.27,0.31
CHAZ,2019-11-08 01:10:00 EST,44.89565,-73.46461,186,23.9,24.5,23.9,87.1,20.6,0.000,0.000,0.00,0.000,2.2,3.6,0.4,301,10,2.5,3.8,0.5,306,8,2.5,3.8,0.5,306,8,0,29.87,0.0,0,0,0,36.9,41.7,45.0,0.22,0.27,0.31
CHAZ,2019-11-08 01:15:00 EST,44.89565,-73.46461,186,23.7,24.4,23.7,88.3,20.7,0.000,0.000,0.00,0.000,2.6,3.4,0.3,304,6,2.7,3.5,0.4,309,6,2.7,3.5,0.4,309,6,0,29.87,0.0,0,0,0,36.9,41.7,45.0,0.22,0.27,0.31
CHAZ,2019-11-08 01:20:00 EST,44.89565,-73.46461,186,23.8,24.4,19.9,88.4,20.8,0.000,0.000,0.00,0.000,2.8,4.0,0.5,295,6,3.1,4.4,0.5,300,6,3.1,4.4,0.5,300,6,0,29.87,0.0,0,0,0,36.9,41.7,45.0,0.22,0.27,0.31
CHAZ,2019-11-08 01:25:00 EST,44.89565,-73.46461,186,23.8,24.3,19.2,87.6,20.6,0.000,0.000,0.00,0.000,3.2,5.3,0.6,282,10,3.5,6.0,0.7,285,9,3.5,6.0,0.7,285,9,0,29.87,0.0,0,0,0,36.9,41.7,45.0,0.22,0.27,0.31
CHAZ,2019-11-08 01:30:00 EST,44.89565,-73.46461,186,23.6,24.2,23.6,87.5,20.5,0.000,0.000,0.00,0.000,2.6,3.7,0.4,278,9,2.9,4.2,0.4,283,10,2.9,4.2,0.4,283,10,0,29.87,-0.0,0,0,0,36.9,41.7,45.0,0.22,0.27,0.31
CHAZ,2019-11-08 01:35:00 EST,44.89565,-73.46461,186,23.5,24.1,19.7,87.3,20.3,0.000,0.000,0.00,0.000,2.7,3.7,0.4,276,9,3.0,4.4,0.4,281,9,3.0,4.4,0.4,281,9,0,29.87,-0.0,0,0,0,36.7,41.7,45.0,0.22,0.27,0.31
CHAZ,2019-11-08 01:40:00 EST,44.89565,-73.46461,186,23.4,24.1,19.4,87.5,20.2,0.000,0.000,0.00,0.000,2.8,4.0,0.5,283,8,3.1,4.7,0.5,287,9,3.1,4.7,0.5,287,9,0,29.87,-0.0,0,0,0,36.7,41.7,45.0,0.22,0.27,0.31
CHAZ,2019-11-08 01:45:00 EST,44.89565,-73.46461,186,23.4,23.9,18.7,88.1,20.4,0.000,0.000,0.00,0.000,3.3,4.5,0.6,293,9,3.6,5.1,0.7,296,9,3.6,5.1,0.7,296,9,0,29.87,0.0,0,0,0,36.7,41.7,45.0,0.22,0.27,0.31
CHAZ,2019-11-08 01:50:00 EST,44.89565,-73.46461,186,23.7,24.1,18.4,87.0,20.4,0.000,0.000,0.00,0.000,3.7,5.7,0.7,295,10,4.0,6.7,0.8,298,9,4.0,6.7,0.8,298,9,0,29.87,-0.0,0,0,0,36.7,41.7,45.0,0.22,0.27,0.31
CHAZ,2019-11-08 01:55:00 EST,44.89565,-73.46461,186,24.0,24.3,18.7,86.0,20.5,0.000,0.000,0.00,0.000,3.9,5.1,0.5,294,10,4.1,5.6,0.6,297,9,4.1,5.6,0.6,297,9,0,29.87,0.1,0,0,0,36.7,41.7,45.0,0.22,0.27,0.31
CHAZ,2019-11-08 02:00:00 EST,44.89565,-73.46461,186,24.3,24.4,19.3,85.2,20.5,0.000,0.000,0.00,0.000,3.7,5.0,0.6,297,8,3.9,5.1,0.7,300,7,3.9,5.1,0.7,300,7,0,29.87,0.1,0,0,0,36.7,41.7,45.0,0.22,0.27,0.31
CHAZ,2019-11-08 02:05:00 EST,44.89565,-73.46461,186,24.4,24.5,17.9,84.7,20.4,0.000,0.000,0.00,0.000,4.8,6.9,1.0,286,13,5.2,7.6,1.1,288,13,5.2,7.6,1.1,288,13,0,29.87,0.0,0,0,0,36.5,41.6,45.0,0.22,0.27,0.31
CHAZ,2019-11-08 02:10:00 EST,44.89565,-73.46461,186,24.4,24.5,16.6,84.3,20.3,0.000,0.000,0.00,0.000,6.0,8.3,1.2,279,12,6.6,9.4,1.3,281,11,6.6,9.4,1.3,281,11,0,29.87,0.0,0,0,0,36.5,41.5,45.0,0.22,0.27,0.31
CHAZ,2019-11-08 02:15:00 EST,44.89565,-73.46461,186,24.4,24.6,17.9,84.4,20.4,0.000,0.000,0.00,0.000,4.8,6.8,0.9,288,13,5.3,7.8,1.0,290,12,5.3,7.8,1.0,290,12,0,29.87,0.0,0,0,0,36.5,41.5,45.0,0.22,0.27,0.31
CHAZ,2019-11-08 02:20:00 EST,44.89565,-73.46461,186,24.6,24.7,17.2,83.8,20.4,0.000,0.000,0.00,0.000,5.9,8.6,1.1,295,12,6.3,9.3,1.2,297,12,6.3,9.3,1.2,297,12,0,29.87,0.0,0,0,0,36.5,41.5,45.0,0.21,0.27,0.31
CHAZ,2019-11-08 02:25:00 EST,44.89565,-73.46461,186,24.7,24.8,16.9,83.0,20.3,0.000,0.000,0.00,0.000,6.2,9.5,1.1,290,10,6.7,10.4,1.3,292,10,6.7,10.4,1.3,292,10,0,29.87,0.1,0,0,0,36.5,41.5,45.0,0.22,0.27,0.31
CHAZ,2019-11-08 02:30:00 EST,44.89565,-73.46461,186,24.7,24.8,17.7,83.2,20.4,0.000,0.000,0.00,0.000,5.4,7.5,1.0,284,12,5.9,9.1,1.2,286,10,5.9,9.1,1.2,286,10,0,29.86,0.1,0,0,0,36.5,41.5,45.0,0.22,0.27,0.31
CHAZ,2019-11-08 02:35:00 EST,44.89565,-73.46461,186,24.7,24.9,17.0,82.6,20.2,0.000,0.000,0.00,0.000,6.1,9.4,1.3,281,10,6.7,10.4,1.4,282,9,6.7,10.4,1.4,282,9,0,29.86,0.1,0,0,0,36.5,41.5,45.0,0.21,0.27,0.31
CHAZ,2019-11-08 02:40:00 EST,44.89565,-73.46461,186,24.7,24.9,16.9,82.9,20.3,0.000,0.000,0.00,0.000,6.1,10.9,1.1,286,13,6.8,11.9,1.4,288,12,6.8,11.9,1.4,288,12,0,29.86,0.1,0,0,0,36.3,41.5,44.9,0.21,0.27,0.31
CHAZ,2019-11-08 02:45:00 EST,44.89565,-73.46461,186,24.7,24.8,17.5,82.9,20.2,0.000,0.000,0.00,0.000,5.7,9.5,1.4,298,11,6.0,10.0,1.4,299,10,6.0,10.0,1.4,299,10,0,29.86,0.0,0,0,0,36.3,41.5,45.0,0.21,0.27,0.31
CHAZ,2019-11-08 02:50:00 EST,44.89565,-73.46461,186,24.5,24.6,17.8,83.7,20.3,0.000,0.000,0.00,0.000,5.1,7.2,0.8,299,14,5.5,7.6,0.9,301,13,5.5,7.6,0.9,301,13,0,29.86,0.0,0,0,0,36.3,41.5,44.9,0.22,0.27,0.31
CHAZ,2019-11-08 02:55:00 EST,44.89565,-73.46461,186,24.4,24.6,17.4,84.0,20.3,0.000,0.000,0.00,0.000,5.4,7.8,0.8,299,12,5.8,7.9,0.9,301,12,5.8,7.9,0.9,301,12,0,29.86,0.0,0,0,0,36.3,41.5,45.0,0.22,0.27,0.31
CHAZ,2019-11-08 03:00:00 EST,44.89565,-73.46461,186,24.4,24.5,16.9,83.7,20.2,0.000,0.000,0.00,0.000,5.7,9.1,1.2,287,12,6.3,9.4,1.3,289,11,6.3,9.4,1.3,289,11,0,29.86,0.0,0,0,0,36.3,41.5,44.8,0.22,0.27,0.31
CHAZ,2019-11-08 03:05:00 EST,44.89565,-73.46461,186,24.5,24.6,16.1,83.3,20.2,0.000,0.000,0.00,0.000,7.0,10.2,1.5,296,10,7.5,11.5,1.5,298,10,7.5,11.5,1.5,298,10,0,29.86,0.1,0,0,0,36.3,41.4,44.9,0.22,0.27,0.31
CHAZ,2019-11-08 03:10:00 EST,44.89565,-73.46461,186,24.6,24.7,16.9,82.9,20.2,0.000,0.000,0.00,0.000,6.3,8.5,0.9,297,11,6.7,9.6,1.0,298,10,6.7,9.6,1.0,298,10,0,29.86,0.1,0,0,0,36.3,41.4,44.9,0.22,0.27,0.31
CHAZ,2019-11-08 03:15:00 EST,44.89565,-73.46461,186,24.8,24.8,16.8,83.1,20.4,0.000,0.000,0.00,0.000,6.6,11.0,1.4,305,12,7.0,11.6,1.4,307,11,7.0,11.6,1.4,307,11,0,29.86,0.1,0,0,0,36.3,41.4,44.9,0.22,0.27,0.31
CHAZ,2019-11-08 03:20:00 EST,44.89565,-73.46461,186,24.9,24.9,17.0,84.2,20.8,0.000,0.000,0.00,0.000,6.5,9.0,1.2,319,12,6.9,10.1,1.1,321,10,6.9,10.1,1.1,321,10,0,29.86,0.0,0,0,0,36.3,41.4,44.8,0.22,0.27,0.31
CHAZ,2019-11-08 03:25:00 EST,44.89565,-73.46461,186,24.9,24.8,17.0,86.9,21.5,0.000,0.000,0.00,0.000,6.6,9.4,1.2,321,8,6.9,9.9,1.2,323,8,6.9,9.9,1.2,323,8,0,29.86,0.0,0,0,0,36.3,41.4,44.8,0.22,0.27,0.31
CHAZ,2019-11-08 03:30:00 EST,44.89565,-73.46461,186,24.7,24.6,17.5,90.3,22.3,0.005,0.005,0.00,0.005,5.5,8.4,1.1,323,12,6.0,9.0,1.2,323,10,6.0,9.0,1.2,323,10,0,29.86,0.0,0,0,0,36.1,41.4,44.8,0.22,0.27,0.31
CHAZ,2019-11-08 03:35:00 EST,44.89565,-73.46461,186,24.4,24.2,16.9,92.3,22.5,0.009,0.015,0.00,0.015,6.0,8.5,0.9,327,9,6.3,9.1,1.0,329,10,6.3,9.1,1.0,329,10,0,29.86,-0.1,0,0,0,36.1,41.4,44.8,0.22,0.27,0.31
CHAZ,2019-11-08 03:40:00 EST,44.89565,-73.46461,186,24.0,24.0,18.5,94.0,22.6,0.008,0.022,0.00,0.022,4.0,5.5,0.6,312,9,4.3,5.8,0.6,313,8,4.3,5.8,0.6,313,8,0,29.86,-0.1,0,0,0,36.1,41.4,44.8,0.22,0.27,0.31
CHAZ,2019-11-08 03:45:00 EST,44.89565,-73.46461,186,24.0,24.0,18.4,95.0,22.8,0.005,0.027,0.00,0.027,4.1,5.8,0.7,324,9,4.4,6.0,0.8,326,9,4.4,6.0,0.8,326,9,0,29.86,0.6,0,0,0,36.1,41.4,44.8,0.22,0.27,0.31
CHAZ,2019-11-08 03:50:00 EST,44.89565,-73.46461,186,24.1,24.0,18.3,95.6,23.0,0.005,0.032,0.00,0.032,4.1,6.3,0.8,318,12,4.5,6.3,0.9,318,11,4.5,6.3,0.9,318,11,0,29.86,0.5,0,0,0,36.1,41.4,44.8,0.22,0.27,0.31
CHAZ,2019-11-08 03:55:00 EST,44.89565,-73.46461,186,24.2,24.2,15.8,95.7,23.1,0.002,0.034,0.00,0.034,6.9,9.7,1.4,320,13,7.3,10.2,1.4,321,12,7.3,10.2,1.4,321,12,0,29.86,0.6,0,0,0,36.1,41.4,44.8,0.22,0.27,0.31
CHAZ,2019-11-08 04:00:00 EST,44.89565,-73.46461,186,24.2,24.3,16.2,95.5,23.2,0.003,0.037,0.00,0.037,6.5,9.0,1.0,308,12,6.9,9.5,1.0,309,11,6.9,9.5,1.0,309,11,0,29.86,0.5,0,0,0,36.1,41.3,44.8,0.22,0.27,0.31
CHAZ,2019-11-08 04:05:00 EST,44.89565,-73.46461,186,24.3,24.4,16.8,95.2,23.1,0.000,0.037,0.00,0.037,5.7,8.5,1.0,308,13,6.3,9.2,1.1,309,12,6.3,9.2,1.1,309,12,0,29.86,0.5,0,0,0,36.1,41.2,44.8,0.22,0.27,0.31
CHAZ,2019-11-08 04:10:00 EST,44.89565,-73.46461,186,24.4,24.5,17.0,94.7,23.1,0.000,0.037,0.00,0.037,5.9,7.8,0.9,306,9,6.2,8.1,1.0,308,9,6.2,8.1,1.0,308,9,0,29.86,0.4,0,0,0,36.1,41.2,44.8,0.22,0.27,0.31
CHAZ,2019-11-08 04:15:00 EST,44.89565,-73.46461,186,24.4,24.5,17.3,94.4,23.0,0.000,0.037,0.00,0.037,5.4,8.7,0.8,297,11,5.8,8.6,0.8,298,10,5.8,8.6,0.8,298,10,0,29.86,0.2,0,0,0,36.1,41.2,44.8,0.22,0.27,0.31
CHAZ,2019-11-08 04:20:00 EST,44.89565,-73.46461,186,24.4,24.5,17.7,94.5,23.0,0.000,0.037,0.00,0.037,4.9,6.6,0.9,300,10,5.4,8.0,0.9,301,9,5.4,8.0,0.9,301,9,0,29.86,0.2,0,0,0,36.1,41.2,44.8,0.22,0.27,0.31
CHAZ,2019-11-08 04:25:00 EST,44.89565,-73.46461,186,24.4,24.5,17.9,94.5,23.1,0.000,0.037,0.00,0.037,4.9,7.5,0.9,301,9,5.3,9.2,1.0,303,9,5.3,9.2,1.0,303,9,0,29.86,0.0,0,0,0,36.1,41.2,44.8,0.22,0.27,0.31
CHAZ,2019-11-08 04:30:00 EST,44.89565,-73.46461,186,24.3,24.5,17.9,94.4,23.0,0.000,0.037,0.00,0.032,4.9,6.6,0.7,304,11,5.2,6.9,0.8,305,9,5.2,6.9,0.8,305,9,0,29.86,0.0,0,0,0,36.1,41.2,44.8,0.22,0.27,0.31
CHAZ,2019-11-08 04:35:00 EST,44.89565,-73.46461,186,24.3,24.5,17.1,94.6,23.0,0.000,0.037,0.00,0.022,5.6,7.7,0.9,301,9,6.0,8.1,0.9,303,8,6.0,8.1,0.9,303,8,0,29.86,0.0,0,0,0,36.1,41.2,44.8,0.22,0.27,0.31
CHAZ,2019-11-08 04:40:00 EST,44.89565,-73.46461,186,24.2,24.5,17.8,94.6,22.9,0.000,0.037,0.00,0.015,4.8,6.9,1.1,300,11,5.2,7.8,1.2,302,10,5.2,7.8,1.2,302,10,0,29.86,0.0,0,0,0,36.1,41.2,44.8,0.22,0.27,0.31
CHAZ,2019-11-08 04:45:00 EST,44.89565,-73.46461,186,24.3,24.5,16.6,94.8,23.0,0.000,0.037,0.00,0.010,6.0,9.4,1.2,300,13,6.5,10.4,1.4,301,13,6.5,10.4,1.4,301,13,0,29.86,0.0,0,0,0,36.1,41.2,44.8,0.22,0.27,0.31
CHAZ,2019-11-08 04:50:00 EST,44.89565,-73.46461,186,24.3,24.5,15.9,94.7,23.0,0.000,0.037,0.00,0.005,7.2,9.6,1.4,305,11,7.5,10.2,1.4,307,11,7.5,10.2,1.4,307,11,0,29.86,0.0,0,0,0,36.1,41.2,44.8,0.22,0.27,0.31
CHAZ,2019-11-08 04:55:00 EST,44.89565,-73.46461,186,24.4,24.5,16.4,94.5,23.0,0.000,0.037,0.00,0.003,6.4,9.4,1.2,298,11,6.9,9.8,1.2,300,10,6.9,9.8,1.2,300,10,0,29.86,-0.0,0,0,0,36.1,41.2,44.8,0.22,0.27,0.31
CHAZ,2019-11-08 05:00:00 EST,44.89565,-73.46461,186,24.3,24.5,16.5,94.4,23.0,0.000,0.037,0.00,0.000,6.4,9.3,1.5,305,11,6.7,10.0,1.4,306,10,6.7,10.0,1.4,306,10,0,29.86,0.0,0,0,0,36.1,41.2,44.8,0.22,0.27,0.31
CHAZ,2019-11-08 05:05:00 EST,44.89565,-73.46461,186,24.4,24.6,15.6,93.9,22.9,0.000,0.037,0.00,0.000,7.5,10.8,1.4,304,11,8.0,11.1,1.3,303,10,8.0,11.1,1.3,303,10,0,29.86,0.0,0,0,0,36.1,41.2,44.8,0.22,0.27,0.31
CHAZ,2019-11-08 05:10:00 EST,44.89565,-73.46461,186,24.3,24.5,15.7,92.9,22.6,0.000,0.037,0.00,0.000,7.5,10.9,1.3,313,10,7.8,10.8,1.3,315,8,7.8,10.8,1.3,315,8,0,29.87,-0.1,0,0,0,36.1,41.1,44.8,0.22,0.27,0.31
CHAZ,2019-11-08 05:15:00 EST,44.89565,-73.46461,186,24.3,24.5,14.4,92.0,22.3,0.000,0.037,0.00,0.000,9.2,13.4,2.1,318,10,9.6,13.8,1.9,319,9,9.6,13.8,1.9,319,9,0,29.87,0.1,0,0,0,36.2,41.1,44.8,0.22,0.27,0.31
CHAZ,2019-11-08 05:20:00 EST,44.89565,-73.46461,186,24.1,24.3,13.8,91.3,21.9,0.000,0.037,0.00,0.000,9.8,16.1,2.0,319,9,10.2,16.3,2.0,320,9,10.2,16.3,2.0,320,9,0,29.87,0.5,0,0,0,36.3,41.1,44.8,0.22,0.27,0.31
CHAZ,2019-11-08 05:25:00 EST,44.89565,-73.46461,186,23.8,24.1,14.7,91.5,21.7,0.000,0.037,0.00,0.000,7.7,10.3,1.3,323,9,8.3,11.4,1.4,325,9,8.3,11.4,1.4,325,9,0,29.87,0.5,0,0,0,36.3,41.1,44.8,0.22,0.27,0.31
CHAZ,2019-11-08 05:30:00 EST,44.89565,-73.46461,186,23.3,23.8,16.2,91.4,21.2,0.000,0.037,0.00,0.000,5.3,7.3,1.1,316,9,5.6,7.7,1.0,318,7,5.6,7.7,1.0,318,7,0,29.87,0.6,0,0,0,36.3,41.0,44.8,0.22,0.27,0.31
CHAZ,2019-11-08 05:35:00 EST,44.89565,-73.46461,186,23.2,23.8,16.6,91.6,21.1,0.000,0.037,0.00,0.000,4.8,6.6,0.7,307,9,5.1,7.1,0.8,310,7,5.1,7.1,0.8,310,7,0,29.87,0.5,0,0,0,36.3,41.0,44.8,0.22,0.27,0.31
CHAZ,2019-11-08 05:40:00 EST,44.89565,-73.46461,186,23.1,23.7,16.3,91.7,21.0,0.000,0.037,0.00,0.000,4.8,6.9,0.9,305,9,5.3,7.2,0.8,306,7,5.3,7.2,0.8,306,7,0,29.87,0.5,0,0,0,36.3,41.0,44.7,0.22,0.27,0.31
CHAZ,2019-11-08 05:45:00 EST,44.89565,-73.46461,186,23.0,23.5,16.6,92.4,21.2,0.000,0.037,0.00,0.000,4.6,6.7,0.9,299,9,5.0,7.2,0.9,300,8,5.0,7.2,0.9,300,8,0,29.87,0.5,0,0,0,36.3,41.0,44.7,0.22,0.27,0.31
CHAZ,2019-11-08 05:50:00 EST,44.89565,-73.46461,186,22.8,23.5,16.2,92.6,21.0,0.000,0.037,0.00,0.000,4.7,6.1,0.7,301,10,5.1,6.6,0.8,302,9,5.1,6.6,0.8,302,9,0,29.87,0.5,0,0,0,36.3,41.0,44.7,0.22,0.27,0.31
CHAZ,2019-11-08 05:55:00 EST,44.89565,-73.46461,186,22.6,23.4,15.9,92.9,20.9,0.000,0.037,0.00,0.000,4.8,6.6,0.6,303,10,5.2,7.9,0.8,305,9,5.2,7.9,0.8,305,9,0,29.87,0.4,0,0,0,36.3,41.0,44.6,0.22,0.27,0.31
CHAZ,2019-11-08 06:00:00 EST,44.89565,-73.46461,186,22.6,23.3,15.2,93.2,20.9,0.000,0.037,0.00,0.000,5.5,7.4,0.9,305,7,5.8,8.3,1.1,307,7,5.8,8.3,1.1,307,7,0,29.87,0.3,0,0,0,36.3,41.0,44.6,0.22,0.27,0.31
CHAZ,2019-11-08 06:05:00 EST,44.89565,-73.46461,186,22.4,23.2,15.0,93.1,20.7,0.000,0.037,0.00,0.000,5.4,7.5,0.9,302,10,5.8,8.6,1.0,304,9,5.8,8.6,1.0,304,9,0,29.88,0.4,0,0,0,36.3,41.0,44.6,0.22,0.27,0.31
CHAZ,2019-11-08 06:10:00 EST,44.89565,-73.46461,186,22.2,23.0,15.5,92.9,20.4,0.000,0.037,0.00,0.000,4.7,6.5,0.7,300,10,5.0,7.0,0.8,302,10,5.0,7.0,0.8,302,10,0,29.88,0.6,0,0,0,36.3,41.0,44.6,0.22,0.27,0.31
CHAZ,2019-11-08 06:15:00 EST,44.89565,-73.46461,186,22.2,22.9,15.1,93.4,20.5,0.000,0.037,0.00,0.000,5.1,6.5,0.8,302,11,5.4,7.7,0.9,304,9,5.4,7.7,0.9,304,9,0,29.88,0.4,0,0,0,36.3,41.0,44.6,0.21,0.27,0.31
CHAZ,2019-11-08 06:20:00 EST,44.89565,-73.46461,186,22.1,23.0,14.1,93.3,20.4,0.000,0.037,0.00,0.000,5.8,8.8,1.2,298,12,6.3,9.2,1.3,300,11,6.3,9.2,1.3,300,11,0,29.88,0.4,0,0,0,36.3,41.0,44.6,0.21,0.27,0.31
CHAZ,2019-11-08 06:25:00 EST,44.89565,-73.46461,186,22.4,23.0,14.5,93.4,20.8,0.000,0.037,0.00,0.000,5.8,8.5,1.1,296,11,6.3,10.7,1.3,297,10,6.3,10.7,1.3,297,10,0,29.88,0.4,0,0,0,36.3,41.0,44.6,0.21,0.27,0.31
CHAZ,2019-11-08 06:30:00 EST,44.89565,-73.46461,186,22.7,23.2,14.5,93.2,21.1,0.000,0.037,0.00,0.000,6.4,10.6,1.1,303,9,6.8,10.4,1.3,304,9,6.8,10.4,1.3,304,9,1,29.88,0.4,0,0,0,36.3,41.0,44.6,0.21,0.27,0.31
CHAZ,2019-11-08 06:35:00 EST,44.89565,-73.46461,186,22.9,23.4,14.7,92.7,21.1,0.000,0.037,0.00,0.000,6.4,9.6,1.3,305,10,6.8,10.3,1.3,306,8,6.8,10.3,1.3,306,8,2,29.88,0.4,0,0,0,36.3,41.0,44.6,0.22,0.27,0.31
CHAZ,2019-11-08 06:40:00 EST,44.89565,-73.46461,186,23.1,23.5,15.3,92.2,21.1,0.000,0.037,0.00,0.000,6.1,9.0,1.1,308,11,6.4,10.3,1.1,310,9,6.4,10.3,1.1,310,9,3,29.88,0.4,0,0,0,36.3,41.0,44.6,0.21,0.27,0.31
CHAZ,2019-11-08 06:45:00 EST,44.89565,-73.46461,186,23.2,23.6,14.9,91.9,21.2,0.000,0.037,0.00,0.000,6.6,10.4,1.7,309,13,6.9,10.6,1.6,310,12,6.9,10.6,1.6,310,12,3,29.89,0.3,0,0,0,36.3,40.9,44.6,0.22,0.27,0.31
CHAZ,2019-11-08 06:50:00 EST,44.89565,-73.46461,186,23.0,23.5,15.5,91.4,20.9,0.000,0.037,0.00,0.000,5.6,8.5,1.0,310,9,6.1,9.2,1.1,313,8,6.1,9.2,1.1,313,8,4,29.89,0.4,0,0,0,36.3,40.9,44.6,0.22,0.27,0.31
CHAZ,2019-11-08 06:55:00 EST,44.89565,-73.46461,186,23.3,23.7,15.4,91.4,21.1,0.000,0.037,0.00,0.000,6.1,8.9,1.2,308,10,6.5,10.5,1.3,309,10,6.5,10.5,1.3,309,10,6,29.89,0.4,0,0,0,36.3,40.9,44.6,0.22,0.27,0.31
CHAZ,2019-11-08 07:00:00 EST,44.89565,-73.46461,186,23.3,23.7,16.1,90.7,21.0,0.000,0.037,0.00,0.000,5.4,6.9,0.9,305,12,5.8,7.7,1.0,306,12,5.8,7.7,1.0,306,12,8,29.89,0.4,0,0,0,36.3,40.9,44.6,0.21,0.27,0.31
CHAZ,2019-11-08 07:05:00 EST,44.89565,-73.46461,186,23.1,23.6,16.1,90.4,20.7,0.000,0.037,0.00,0.000,5.1,6.9,0.8,307,11,5.5,7.5,0.9,308,9,5.5,7.5,0.9,308,9,10,29.90,0.3,0,0,0,36.3,40.8,44.6,0.21,0.27,0.31
CHAZ,2019-11-08 07:10:00 EST,44.89565,-73.46461,186,22.9,23.5,16.4,90.3,20.4,0.000,0.037,0.00,0.000,4.6,6.3,0.7,301,9,4.9,7.8,0.9,303,9,4.9,7.8,0.9,303,9,14,29.90,0.4,0,0,0,36.3,40.8,44.6,0.21,0.27,0.31
CHAZ,2019-11-08 07:15:00 EST,44.89565,-73.46461,186,22.9,23.5,15.9,90.8,20.6,0.000,0.037,0.00,0.000,5.1,8.8,1.5,298,12,5.5,11.9,1.6,301,11,5.5,11.9,1.6,301,11,19,29.90,0.4,0,0,0,36.3,40.8,44.6,0.21,0.27,0.31
CHAZ,2019-11-08 07:20:00 EST,44.89565,-73.46461,186,23.1,23.5,15.1,90.6,20.7,0.000,0.037,0.00,0.000,6.0,8.8,1.0,299,10,6.6,9.4,1.0,300,10,6.6,9.4,1.0,300,10,21,29.90,0.4,0,0,0,36.4,40.8,44.6,0.21,0.27,0.31
CHAZ,2019-11-08 07:25:00 EST,44.89565,-73.46461,186,23.1,23.5,15.5,90.1,20.6,0.000,0.037,0.00,0.000,5.7,9.6,1.1,295,10,6.1,10.8,1.2,296,9,6.1,10.8,1.2,296,9,23,29.91,0.4,0,0,0,36.3,40.8,44.6,0.21,0.27,0.31
CHAZ,2019-11-08 07:30:00 EST,44.89565,-73.46461,186,22.9,23.4,15.1,89.7,20.4,0.000,0.037,0.00,0.000,6.0,9.0,1.2,302,11,6.4,9.4,1.2,305,10,6.4,9.4,1.2,305,10,22,29.91,0.4,0,0,0,36.4,40.8,44.6,0.21,0.27,0.31
CHAZ,2019-11-08 07:35:00 EST,44.89565,-73.46461,186,23.0,23.4,14.8,89.3,20.3,0.000,0.037,0.00,0.000,6.3,9.4,1.3,300,14,6.8,8.8,1.2,301,13,6.8,8.8,1.2,301,13,30,29.91,0.4,0,0,0,36.4,40.8,44.6,0.21,0.27,0.31
CHAZ,2019-11-08 07:40:00 EST,44.89565,-73.46461,186,23.2,23.5,14.4,88.8,20.4,0.000,0.037,0.00,0.000,7.3,10.0,1.2,298,10,7.6,10.3,1.3,300,9,7.6,10.3,1.3,300,9,29,29.91,0.4,0,0,0,36.4,40.8,44.6,0.21,0.27,0.31
CHAZ,2019-11-08 07:45:00 EST,44.89565,-73.46461,186,23.3,23.6,13.9,87.7,20.2,0.000,0.037,0.00,0.000,7.9,12.6,1.6,295,10,8.5,12.2,1.5,297,10,8.5,12.2,1.5,297,10,84,29.91,0.4,0,0,0,36.4,40.8,44.6,0.21,0.27,0.31
CHAZ,2019-11-08 07:50:00 EST,44.89565,-73.46461,186,23.7,23.9,14.1,87.0,20.4,0.000,0.037,0.00,0.000,8.4,11.5,1.5,301,11,8.9,13.5,1.5,303,11,8.9,13.5,1.5,303,11,123,29.91,0.4,0,0,0,36.4,40.8,44.6,0.21,0.27,0.31
CHAZ,2019-11-08 07:55:00 EST,44.89565,-73.46461,186,23.7,24.0,14.2,86.6,20.3,0.000,0.037,0.00,0.000,8.4,12.6,1.8,306,12,8.9,13.6,1.9,307,11,8.9,13.6,1.9,307,11,42,29.92,0.4,0,0,0,36.5,40.8,44.6,0.21,0.27,0.31
CHAZ,2019-11-08 08:00:00 EST,44.89565,-73.46461,186,23.9,24.1,13.6,86.5,20.4,0.000,0.037,0.00,0.000,9.9,14.2,2.0,302,13,10.1,14.2,2.1,303,13,10.1,14.2,2.1,303,13,137,29.92,0.4,0,0,0,36.5,40.8,44.6,0.21,0.27,0.31
CHAZ,2019-11-08 08:05:00 EST,44.89565,-73.46461,186,24.1,24.2,14.9,85.6,20.4,0.000,0.037,0.00,0.000,8.0,13.4,1.9,309,15,8.4,14.4,1.9,310,13,8.4,14.4,1.9,310,13,98,29.92,0.4,0,0,0,36.5,40.8,44.6,0.21,0.27,0.31
CHAZ,2019-11-08 08:10:00 EST,44.89565,-73.46461,186,24.0,24.2,14.5,85.5,20.3,0.000,0.037,0.00,0.000,8.5,12.3,1.7,309,12,8.8,12.6,1.7,311,12,8.8,12.6,1.7,311,12,56,29.92,0.4,0,0,0,36.5,40.8,44.6,0.21,0.27,0.31
CHAZ,2019-11-08 08:15:00 EST,44.89565,-73.46461,186,24.3,24.4,12.9,84.4,20.2,0.000,0.037,0.00,0.000,11.9,17.0,2.5,306,13,12.3,18.9,2.7,307,12,12.3,18.9,2.7,307,12,126,29.92,0.5,0,0,0,36.5,40.8,44.6,0.21,0.27,0.31
CHAZ,2019-11-08 08:20:00 EST,44.89565,-73.46461,186,24.5,24.6,13.6,82.7,20.0,0.000,0.037,0.00,0.000,11.2,17.0,2.6,306,13,11.6,17.1,2.5,307,13,11.6,17.1,2.5,307,13,167,29.92,0.5,0,0,0,36.5,40.8,44.6,0.21,0.27,0.31
CHAZ,2019-11-08 08:25:00 EST,44.89565,-73.46461,186,24.5,24.5,13.3,81.6,19.7,0.000,0.037,0.00,0.000,11.8,18.0,2.5,305,10,12.0,17.7,2.5,307,10,12.0,17.7,2.5,307,10,146,29.92,0.5,0,0,0,36.5,40.8,44.5,0.21,0.27,0.31
CHAZ,2019-11-08 08:30:00 EST,44.89565,-73.46461,186,24.4,24.5,14.4,81.9,19.7,0.000,0.037,0.00,0.000,9.2,14.2,2.0,294,14,9.9,17.1,2.1,296,13,9.9,17.1,2.1,296,13,137,29.93,0.5,0,0,0,36.5,40.8,44.5,0.21,0.27,0.31
CHAZ,2019-11-08 08:35:00 EST,44.89565,-73.46461,186,24.5,24.6,13.8,80.4,19.4,0.000,0.037,0.00,0.000,10.3,17.5,2.7,290,14,11.1,18.0,2.8,290,13,11.1,18.0,2.8,290,13,152,29.93,0.5,0,0,0,36.5,40.7,44.4,0.21,0.27,0.31
CHAZ,2019-11-08 08:40:00 EST,44.89565,-73.46461,186,24.6,24.7,13.8,79.7,19.2,0.000,0.037,0.00,0.000,10.5,16.3,3.3,289,13,11.3,17.4,3.2,290,13,11.3,17.4,3.2,290,13,204,29.93,0.5,0,0,0,36.5,40.7,44.4,0.21,0.27,0.31
CHAZ,2019-11-08 08:45:00 EST,44.89565,-73.46461,186,24.8,24.8,13.7,78.7,19.1,0.000,0.037,0.00,0.000,11.2,16.1,2.1,290,13,12.0,19.8,2.5,291,12,12.0,19.8,2.5,291,12,246,29.92,0.5,0,0,0,36.5,40.7,44.4,0.21,0.27,0.31
CHAZ,2019-11-08 08:50:00 EST,44.89565,-73.46461,186,25.0,25.0,15.3,78.0,19.1,0.000,0.037,0.00,0.000,9.0,14.9,2.8,300,17,9.6,17.9,2.8,301,16,9.6,17.9,2.8,301,16,264,29.92,0.5,0,0,0,36.5,40.6,44.4,0.21,0.27,0.31
CHAZ,2019-11-08 08:55:00 EST,44.89565,-73.46461,186,25.1,25.1,14.1,76.5,18.7,0.000,0.037,0.00,0.000,11.4,17.5,2.8,293,15,12.0,19.7,2.7,294,14,12.0,19.7,2.7,294,14,304,29.93,0.5,0,0,0,36.5,40.7,44.4,0.21,0.27,0.31
CHAZ,2019-11-08 09:00:00 EST,44.89565,-73.46461,186,25.2,25.2,15.1,76.9,19.0,0.000,0.037,0.00,0.000,10.0,19.0,3.5,303,17,10.5,20.8,3.4,304,17,10.5,20.8,3.4,304,17,224,29.93,0.5,0,0,0,36.5,40.6,44.4,0.21,0.27,0.31
CHAZ,2019-11-08 09:05:00 EST,44.89565,-73.46461,186,25.3,25.1,14.7,75.2,18.5,0.000,0.037,0.00,0.000,10.6,18.8,3.5,305,14,11.1,19.8,3.4,305,13,11.1,19.8,3.4,305,13,302,29.93,0.5,0,0,0,36.5,40.6,44.4,0.21,0.27,0.31
CHAZ,2019-11-08 09:10:00 EST,44.89565,-73.46461,186,25.1,25.0,14.7,76.4,18.7,0.000,0.037,0.00,0.000,10.1,16.1,2.9,291,11,10.7,17.8,3.3,293,9,10.7,17.8,3.3,293,9,224,29.93,0.5,0,0,0,36.5,40.6,44.4,0.21,0.27,0.31
CHAZ,2019-11-08 09:15:00 EST,44.89565,-73.46461,186,25.0,24.8,13.5,76.8,18.8,0.000,0.037,0.00,0.000,12.7,19.4,2.8,300,14,13.2,20.3,2.9,300,13,13.2,20.3,2.9,300,13,332,29.93,0.5,0,0,0,36.5,40.6,44.4,0.21,0.27,0.31
CHAZ,2019-11-08 09:20:00 EST,44.89565,-73.46461,186,24.8,24.7,12.4,77.1,18.7,0.000,0.037,0.00,0.000,14.2,22.2,2.7,286,14,15.1,22.8,3.0,288,12,15.1,22.8,3.0,288,12,190,29.93,0.4,0,0,0,36.5,40.6,44.4,0.21,0.27,0.31
CHAZ,2019-11-08 09:25:00 EST,44.89565,-73.46461,186,24.6,24.5,13.0,78.2,18.8,0.000,0.037,0.00,0.000,12.3,18.4,2.1,291,10,13.0,18.9,2.2,291,10,13.0,18.9,2.2,291,10,148,29.93,0.5,0,0,0,36.5,40.6,44.4,0.21,0.27,0.31
CHAZ,2019-11-08 09:30:00 EST,44.89565,-73.46461,186,24.8,24.7,13.4,78.8,19.1,0.000,0.037,0.00,0.000,12.3,23.4,3.6,308,12,12.6,23.1,3.7,309,11,12.6,23.1,3.7,309,11,136,29.94,0.4,0,0,0,36.5,40.6,44.4,0.22,0.27,0.31
CHAZ,2019-11-08 09:35:00 EST,44.89565,-73.46461,186,24.3,24.2,12.7,82.6,19.8,0.000,0.037,0.00,0.000,12.8,20.4,2.7,306,12,13.0,21.6,2.8,307,10,13.0,21.6,2.8,307,10,107,29.94,0.4,0,0,0,36.5,40.6,44.4,0.21,0.27,0.31
CHAZ,2019-11-08 09:40:00 EST,44.89565,-73.46461,186,24.4,24.3,12.4,81.8,19.6,0.000,0.037,0.00,0.000,13.0,19.5,2.4,296,14,13.7,20.2,2.6,298,12,13.7,20.2,2.6,298,12,156,29.94,0.4,0,0,0,36.5,40.6,44.4,0.22,0.27,0.31
CHAZ,2019-11-08 09:45:00 EST,44.89565,-73.46461,186,24.3,24.2,12.5,81.3,19.4,0.000,0.037,0.00,0.000,12.4,20.0,3.5,293,13,13.3,23.5,3.6,292,11,13.3,23.5,3.6,292,11,116,29.94,0.3,0,0,0,36.5,40.6,44.4,0.21,0.27,0.31
CHAZ,2019-11-08 09:50:00 EST,44.89565,-73.46461,186,24.2,24.1,12.0,81.8,19.4,0.000,0.037,0.00,0.000,13.3,20.5,3.2,295,12,13.9,21.5,3.3,295,10,13.9,21.5,3.3,295,10,97,29.94,0.5,0,0,0,36.5,40.6,44.4,0.22,0.27,0.31
CHAZ,2019-11-08 09:55:00 EST,44.89565,-73.46461,186,23.9,23.8,12.4,85.0,20.0,0.000,0.037,0.00,0.000,11.6,18.7,2.7,293,12,12.3,20.4,2.7,294,11,12.3,20.4,2.7,294,11,148,29.94,0.6,0,0,0,36.5,40.6,44.4,0.22,0.27,0.31
CHAZ,2019-11-08 10:00:00 EST,44.89565,-73.46461,186,24.2,24.1,13.5,85.9,20.6,0.000,0.037,0.00,0.000,10.4,14.8,1.7,298,14,11.0,15.3,1.8,299,13,11.0,15.3,1.8,299,13,256,29.94,0.7,0,0,0,36.5,40.6,44.4,0.22,0.27,0.31
CHAZ,2019-11-08 10:05:00 EST,44.89565,-73.46461,186,24.7,24.5,14.3,83.9,20.5,0.000,0.037,0.00,0.000,10.0,16.1,3.2,295,16,10.7,17.3,3.1,296,14,10.7,17.3,3.1,296,14,211,29.94,0.6,0,0,0,36.5,40.6,44.4,0.21,0.27,0.31
CHAZ,2019-11-08 10:10:00 EST,44.89565,-73.46461,186,24.7,24.5,13.5,83.7,20.4,0.000,0.037,0.00,0.000,11.6,17.7,2.7,302,17,12.1,18.6,2.8,303,15,12.1,18.6,2.8,303,15,131,29.94,0.6,0,0,0,36.5,40.6,44.4,0.22,0.27,0.31
CHAZ,2019-11-08 10:15:00 EST,44.89565,-73.46461,186,24.5,24.4,13.3,83.4,20.2,0.000,0.037,0.00,0.000,11.7,17.5,2.8,300,11,12.2,19.7,2.8,302,11,12.2,19.7,2.8,302,11,154,29.94,0.7,0,0,0,36.5,40.6,44.4,0.22,0.27,0.31
CHAZ,2019-11-08 10:20:00 EST,44.89565,-73.46461,186,24.7,24.6,14.5,82.3,20.1,0.000,0.037,0.00,0.000,9.7,16.5,2.1,296,14,10.3,17.5,2.2,298,13,10.3,17.5,2.2,298,13,179,29.94,0.7,0,0,0,36.5,40.6,44.4,0.22,0.27,0.31
CHAZ,2019-11-08 10:25:00 EST,44.89565,-73.46461,186,24.9,24.8,14.2,81.6,20.0,0.000,0.037,0.00,0.000,10.6,16.6,3.0,300,13,11.1,17.1,2.9,301,11,11.1,17.1,2.9,301,11,221,29.94,0.7,0,0,0,36.5,40.6,44.4,0.22,0.27,0.31
CHAZ,2019-11-08 10:30:00 EST,44.89565,-73.46461,186,25.6,25.2,14.0,81.4,20.7,0.000,0.037,0.00,0.000,13.0,18.7,3.1,308,13,13.5,20.9,3.3,311,13,13.5,20.9,3.3,311,13,311,29.94,0.7,0,0,0,36.5,40.6,44.4,0.22,0.27,0.31
CHAZ,2019-11-08 10:35:00 EST,44.89565,-73.46461,186,25.6,25.2,13.1,78.0,19.7,0.000,0.037,0.00,0.000,15.5,20.7,2.3,309,11,15.6,21.8,2.3,311,10,15.6,21.8,2.3,311,10,419,29.94,0.7,0,0,0,36.5,40.6,44.4,0.21,0.27,0.31
CHAZ,2019-11-08 10:40:00 EST,44.89565,-73.46461,186,26.0,25.5,14.0,76.7,19.7,0.000,0.037,0.00,0.000,14.0,19.3,2.9,303,17,14.8,20.5,2.8,304,18,14.8,20.5,2.8,304,18,447,29.94,0.7,0,0,0,36.5,40.6,44.4,0.22,0.27,0.31
CHAZ,2019-11-08 10:45:00 EST,44.89565,-73.46461,186,26.5,26.1,16.4,75.7,19.9,0.000,0.037,0.00,0.000,10.4,16.2,3.0,301,15,10.9,17.5,3.0,301,13,10.9,17.5,3.0,301,13,449,29.94,0.6,0,0,0,36.5,40.6,44.4,0.22,0.27,0.31
CHAZ,2019-11-08 10:50:00 EST,44.89565,-73.46461,186,26.5,26.2,15.4,74.7,19.5,0.000,0.037,0.00,0.000,12.2,19.2,3.9,293,13,13.0,21.5,4.1,294,13,13.0,21.5,4.1,294,13,443,29.94,0.7,0,0,0,36.5,40.6,44.2,0.22,0.27,0.31
CHAZ,2019-11-08 10:55:00 EST,44.89565,-73.46461,186,26.8,26.3,15.6,74.3,19.7,0.000,0.037,0.00,0.000,12.9,18.6,2.5,311,14,13.4,19.1,2.5,312,14,13.4,19.1,2.5,312,14,384,29.94,0.7,0,0,0,36.5,40.6,44.2,0.22,0.27,0.31
CHAZ,2019-11-08 11:00:00 EST,44.89565,-73.46461,186,26.6,26.3,15.6,73.8,19.4,0.000,0.037,0.00,0.000,12.2,18.6,2.6,293,15,12.9,21.1,2.9,293,14,12.9,21.1,2.9,293,14,441,29.94,0.7,0,0,0,36.5,40.6,44.1,0.22,0.27,0.31
CHAZ,2019-11-08 11:05:00 EST,44.89565,-73.46461,186,26.9,26.4,16.1,74.1,19.7,0.000,0.037,0.00,0.000,12.1,19.3,3.1,302,15,12.5,19.8,3.1,306,14,12.5,19.8,3.1,306,14,424,29.94,0.7,0,0,0,36.6,40.6,44.1,0.22,0.27,0.31
CHAZ,2019-11-08 11:10:00 EST,44.89565,-73.46461,186,27.1,26.4,15.6,73.9,19.8,0.000,0.037,0.00,0.000,13.9,22.4,3.3,316,14,14.2,22.7,3.4,318,14,14.2,22.7,3.4,318,14,295,29.94,0.6,0,0,0,36.7,40.5,44.1,0.22,0.27,0.31
CHAZ,2019-11-08 11:15:00 EST,44.89565,-73.46461,186,27.0,26.3,16.7,74.2,19.9,0.000,0.037,0.00,0.000,11.0,14.5,1.8,318,13,11.6,16.3,2.0,318,11,11.6,16.3,2.0,318,11,384,29.94,0.8,0,0,0,36.6,40.5,44.1,0.22,0.27,0.31
CHAZ,2019-11-08 11:20:00 EST,44.89565,-73.46461,186,27.4,26.8,17.2,71.5,19.4,0.000,0.037,0.00,0.000,11.0,17.6,2.5,296,15,11.5,19.7,2.9,297,15,11.5,19.7,2.9,297,15,453,29.94,0.6,0,0,0,36.7,40.6,44.1,0.22,0.27,0.31
CHAZ,2019-11-08 11:25:00 EST,44.89565,-73.46461,186,27.1,26.5,16.4,71.7,19.2,0.000,0.037,0.00,0.000,12.0,20.0,3.0,319,14,12.5,20.4,2.9,321,13,12.5,20.4,2.9,321,13,202,29.94,0.6,0,0,0,36.7,40.5,44.1,0.22,0.27,0.31
CHAZ,2019-11-08 11:30:00 EST,44.89565,-73.46461,186,26.4,26.1,14.9,72.7,18.8,0.000,0.037,0.00,0.000,13.4,17.5,2.3,312,13,13.7,18.9,2.4,310,14,13.7,18.9,2.4,310,14,120,29.94,0.6,0,0,0,36.7,40.5,44.1,0.22,0.27,0.31
CHAZ,2019-11-08 11:35:00 EST,44.89565,-73.46461,186,26.1,26.0,15.3,71.9,18.3,0.000,0.037,0.00,0.000,11.4,21.6,3.4,299,16,12.2,22.9,3.6,302,15,12.2,22.9,3.6,302,15,109,29.94,0.6,0,0,0,36.7,40.5,44.1,0.22,0.27,0.31
CHAZ,2019-11-08 11:40:00 EST,44.89565,-73.46461,186,26.3,26.2,16.5,72.9,18.8,0.000,0.037,0.00,0.000,9.9,16.9,2.8,306,16,10.4,16.6,2.9,308,15,10.4,16.6,2.9,308,15,231,29.94,0.6,0,0,0,36.7,40.5,44.1,0.22,0.27,0.31
CHAZ,2019-11-08 11:45:00 EST,44.89565,-73.46461,186,26.7,26.5,16.6,73.0,19.2,0.000,0.037,0.00,0.000,9.9,14.8,2.9,284,13,10.9,17.2,3.2,285,11,10.9,17.2,3.2,285,11,336,29.94,0.7,0,0,0,36.7,40.5,44.1,0.22,0.27,0.31
CHAZ,2019-11-08 11:50:00 EST,44.89565,-73.46461,186,27.2,26.9,16.2,71.3,19.2,0.000,0.037,0.00,0.000,12.8,19.1,2.8,297,10,13.2,19.5,2.9,298,10,13.2,19.5,2.9,298,10,467,29.93,0.6,0,0,0,36.7,40.5,44.1,0.22,0.27,0.31
CHAZ,2019-11-08 11:55:00 EST,44.89565,-73.46461,186,26.9,26.7,15.0,71.3,18.8,0.000,0.037,0.00,0.000,13.8,17.6,1.9,282,13,15.1,21.1,2.3,283,11,15.1,21.1,2.3,283,11,259,29.93,0.6,0,0,0,36.7,40.5,44.1,0.22,0.27,0.31
CHAZ,2019-11-08 12:00:00 EST,44.89565,-73.46461,186,26.8,26.8,16.8,72.0,19.0,0.000,0.037,0.00,0.000,10.1,15.0,2.0,280,13,11.1,17.3,2.3,281,11,11.1,17.3,2.3,281,11,211,29.93,0.6,0,0,0,36.7,40.5,44.1,0.22,0.27,0.31
CHAZ,2019-11-08 12:05:00 EST,44.89565,-73.46461,186,27.2,27.0,16.9,71.0,19.0,0.000,0.037,0.00,0.000,10.8,16.7,2.8,288,17,11.6,18.6,3.1,289,16,11.6,18.6,3.1,289,16,363,29.93,0.7,0,0,0,36.7,40.5,44.1,0.22,0.27,0.31
CHAZ,2019-11-08 12:10:00 EST,44.89565,-73.46461,186,27.2,27.0,16.0,71.0,19.0,0.000,0.037,0.00,0.000,12.3,21.3,3.6,285,12,13.4,22.4,3.7,285,10,13.4,22.4,3.7,285,10,298,29.93,0.6,0,0,0,36.7,40.5,44.1,0.22,0.27,0.31
CHAZ,2019-11-08 12:15:00 EST,44.89565,-73.46461,186,27.0,26.9,16.1,71.5,19.0,0.000,0.037,0.00,0.000,11.9,17.6,3.1,298,18,12.9,21.6,3.6,299,18,12.9,21.6,3.6,299,18,158,29.93,0.7,0,0,0,36.7,40.5,44.1,0.22,0.27,0.31
CHAZ,2019-11-08 12:20:00 EST,44.89565,-73.46461,186,27.0,26.9,15.5,71.6,19.0,0.000,0.037,0.00,0.000,13.8,19.7,3.1,301,12,14.2,24.1,3.4,302,12,14.2,24.1,3.4,302,12,174,29.93,0.6,0,0,0,36.7,40.5,44.1,0.22,0.27,0.31
CHAZ,2019-11-08 12:25:00 EST,44.89565,-73.46461,186,27.1,27.0,16.6,72.1,19.3,0.000,0.037,0.00,0.000,11.3,16.3,2.7,295,19,12.0,18.4,3.1,296,18,12.0,18.4,3.1,296,18,164,29.93,0.6,0,0,0,36.7,40.5,44.1,0.22,0.27,0.31
CHAZ,2019-11-08 12:30:00 EST,44.89565,-73.46461,186,27.3,27.1,16.7,72.1,19.5,0.000,0.037,0.00,0.000,12.4,18.4,3.2,312,15,12.5,19.4,3.2,314,15,12.5,19.4,3.2,314,15,155,29.93,0.6,0,0,0,36.7,40.5,44.1,0.22,0.27,0.31
CHAZ,2019-11-08 12:35:00 EST,44.89565,-73.46461,186,27.3,27.2,17.6,70.1,18.8,0.000,0.037,0.00,0.000,9.8,19.3,3.3,300,19,10.4,21.2,3.5,302,18,10.4,21.2,3.5,302,18,150,29.93,0.6,0,0,0,36.7,40.5,44.1,0.22,0.27,0.31
CHAZ,2019-11-08 12:40:00 EST,44.89565,-73.46461,186,27.5,27.3,17.3,68.8,18.6,0.000,0.037,0.00,0.000,11.1,16.6,2.7,296,16,11.8,19.0,2.8,297,16,11.8,19.0,2.8,297,16,319,29.93,0.6,0,0,0,36.7,40.5,44.1,0.22,0.27,0.31
CHAZ,2019-11-08 12:45:00 EST,44.89565,-73.46461,186,27.8,27.6,17.2,69.1,19.0,0.000,0.037,0.00,0.000,12.4,16.7,2.3,303,17,12.8,18.5,2.4,303,15,12.8,18.5,2.4,303,15,321,29.93,0.6,0,0,0,36.7,40.5,44.1,0.22,0.27,0.31
CHAZ,2019-11-08 12:50:00 EST,44.89565,-73.46461,186,28.0,27.7,17.9,69.9,19.5,0.000,0.037,0.00,0.000,10.9,21.8,4.2,296,17,11.8,23.5,4.4,297,17,11.8,23.5,4.4,297,17,314,29.93,0.5,0,0,0,36.7,40.5,44.1,0.22,0.27,0.31
CHAZ,2019-11-08 12:55:00 EST,44.89565,-73.46461,186,27.8,27.5,16.8,70.4,19.4,0.000,0.037,0.00,0.000,12.9,21.1,2.8,300,14,13.5,19.7,2.7,300,12,13.5,19.7,2.7,300,12,262,29.93,0.5,0,0,0,36.7,40.5,44.1,0.21,0.27,0.31
CHAZ,2019-11-08 13:00:00 EST,44.89565,-73.46461,186,28.1,27.8,18.5,71.4,20.1,0.000,0.037,0.00,0.000,10.1,15.8,2.5,293,20,10.9,17.5,2.8,294,19,10.9,17.5,2.8,294,19,395,29.93,0.6,0,0,0,36.7,40.5,44.1,0.22,0.27,0.31
CHAZ,2019-11-08 13:05:00 EST,44.89565,-73.46461,186,28.2,28.0,17.6,70.8,20.0,0.000,0.037,0.00,0.000,11.8,20.0,2.9,287,18,13.0,21.9,3.2,288,16,13.0,21.9,3.2,288,16,401,29.93,0.5,0,0,0,36.8,40.5,44.1,0.22,0.27,0.31
CHAZ,2019-11-08 13:10:00 EST,44.89565,-73.46461,186,28.2,28.0,16.3,70.7,19.9,0.000,0.037,0.00,0.000,14.7,21.5,3.1,279,13,15.9,24.4,3.3,280,12,15.9,24.4,3.3,280,12,416,29.93,0.4,0,0,0,36.9,40.5,44.0,0.22,0.27,0.31
CHAZ,2019-11-08 13:15:00 EST,44.89565,-73.46461,186,28.2,28.1,17.0,71.6,20.2,0.000,0.037,0.00,0.000,13.3,18.7,2.8,279,13,14.3,22.3,3.3,280,12,14.3,22.3,3.3,280,12,416,29.93,0.4,0,0,0,36.8,40.5,44.0,0.22,0.27,0.31
CHAZ,2019-11-08 13:20:00 EST,44.89565,-73.46461,186,28.2,28.1,18.5,72.4,20.5,0.000,0.037,0.00,0.000,10.2,16.7,2.4,288,16,11.0,19.0,2.6,289,14,11.0,19.0,2.6,289,14,224,29.93,0.3,0,0,0,36.9,40.5,44.1,0.22,0.27,0.31
CHAZ,2019-11-08 13:25:00 EST,44.89565,-73.46461,186,28.2,28.1,17.5,73.2,20.7,0.000,0.037,0.00,0.000,12.3,19.0,3.0,285,19,13.1,20.5,3.1,286,17,13.1,20.5,3.1,286,17,207,29.93,0.2,0,0,0,36.9,40.5,44.0,0.21,0.27,0.31
CHAZ,2019-11-08 13:30:00 EST,44.89565,-73.46461,186,27.8,27.6,16.6,73.4,20.4,0.000,0.037,0.00,0.000,13.3,22.4,3.2,294,16,14.1,24.1,3.5,295,15,14.1,24.1,3.5,295,15,181,29.93,0.3,0,0,0,36.9,40.5,44.0,0.21,0.27,0.31
CHAZ,2019-11-08 13:35:00 EST,44.89565,-73.46461,186,27.6,27.5,16.1,75.3,20.8,0.000,0.037,0.00,0.000,13.6,20.0,3.8,283,13,14.5,23.2,4.1,284,11,14.5,23.2,4.1,284,11,199,29.93,0.2,0,0,0,36.9,40.5,43.9,0.21,0.27,0.31
CHAZ,2019-11-08 13:40:00 EST,44.89565,-73.46461,186,27.5,27.4,16.6,76.9,21.2,0.000,0.037,0.00,0.000,11.8,17.8,2.4,279,17,13.0,20.2,3.0,280,14,13.0,20.2,3.0,280,14,152,29.93,0.1,0,0,0,36.9,40.5,43.9,0.22,0.27,0.31
CHAZ,2019-11-08 13:45:00 EST,44.89565,-73.46461,186,27.5,27.4,16.3,77.2,21.3,0.000,0.037,0.00,0.000,12.7,20.5,2.7,288,14,13.8,24.6,3.2,287,12,13.8,24.6,3.2,287,12,183,29.93,0.1,0,0,0,36.9,40.5,43.9,0.22,0.27,0.31
CHAZ,2019-11-08 13:50:00 EST,44.89565,-73.46461,186,27.5,27.5,16.9,77.8,21.5,0.000,0.037,0.00,0.000,11.6,17.2,2.2,289,14,12.6,18.1,2.3,289,11,12.6,18.1,2.3,289,11,165,29.93,0.1,0,0,0,37.0,40.5,43.9,0.21,0.27,0.31
CHAZ,2019-11-08 13:55:00 EST,44.89565,-73.46461,186,27.6,27.6,17.7,78.8,21.9,0.000,0.037,0.00,0.000,10.2,14.6,2.3,280,14,11.1,16.7,2.4,280,12,11.1,16.7,2.4,280,12,202,29.93,0.2,0,0,0,37.0,40.5,43.9,0.22,0.27,0.31
CHAZ,2019-11-08 14:00:00 EST,44.89565,-73.46461,186,27.8,27.7,17.5,78.1,21.8,0.000,0.037,0.00,0.000,10.9,18.5,2.9,275,12,12.0,20.2,3.2,276,11,12.0,20.2,3.2,276,11,263,29.93,0.3,0,0,0,37.0,40.5,43.9,0.21,0.27,0.31
CHAZ,2019-11-08 14:05:00 EST,44.89565,-73.46461,186,27.7,27.7,17.0,76.5,21.3,0.000,0.037,0.00,0.000,11.8,17.5,2.8,282,13,12.9,20.9,3.0,282,13,12.9,20.9,3.0,282,13,207,29.93,0.3,0,0,0,37.0,40.5,43.9,0.22,0.27,0.31
CHAZ,2019-11-08 14:10:00 EST,44.89565,-73.46461,186,28.1,28.0,17.6,74.6,21.1,0.000,0.037,0.00,0.000,11.8,19.1,3.2,284,13,12.6,20.6,3.4,284,12,12.6,20.6,3.4,284,12,283,29.93,0.2,0,0,0,37.0,40.5,43.9,0.21,0.27,0.31
CHAZ,2019-11-08 14:15:00 EST,44.89565,-73.46461,186,28.7,28.5,18.4,73.1,21.1,0.000,0.037,0.00,0.000,11.4,16.9,2.6,287,17,12.3,18.4,2.9,286,14,12.3,18.4,2.9,286,14,429,29.93,0.2,0,0,0,37.0,40.5,43.9,0.21,0.27,0.31
CHAZ,2019-11-08 14:20:00 EST,44.89565,-73.46461,186,28.8,28.6,17.5,71.4,20.7,0.000,0.037,0.00,0.000,13.7,22.9,3.5,290,17,15.0,25.8,3.9,291,15,15.0,25.8,3.9,291,15,237,29.93,0.3,0,0,0,37.0,40.5,43.9,0.21,0.27,0.31
CHAZ,2019-11-08 14:25:00 EST,44.89565,-73.46461,186,28.9,28.7,18.8,71.7,20.9,0.000,0.037,0.00,0.000,11.1,16.1,2.4,279,17,12.2,17.3,2.5,280,16,12.2,17.3,2.5,280,16,323,29.93,0.3,0,0,0,37.0,40.5,43.9,0.21,0.27,0.31
CHAZ,2019-11-08 14:30:00 EST,44.89565,-73.46461,186,28.9,28.7,17.2,70.9,20.6,0.000,0.037,0.00,0.000,15.0,23.9,3.1,287,14,16.1,26.0,3.5,287,12,16.1,26.0,3.5,287,12,290,29.93,0.3,0,0,0,37.0,40.5,43.9,0.21,0.27,0.31
CHAZ,2019-11-08 14:35:00 EST,44.89565,-73.46461,186,28.9,28.6,18.3,72.9,21.3,0.000,0.037,0.00,0.000,12.1,22.1,3.0,290,17,13.2,24.1,3.2,290,15,13.2,24.1,3.2,290,15,339,29.93,0.2,0,0,0,37.0,40.5,43.9,0.21,0.27,0.31
CHAZ,2019-11-08 14:40:00 EST,44.89565,-73.46461,186,28.5,28.3,16.3,74.6,21.5,0.000,0.037,0.00,0.000,15.8,22.8,3.7,284,13,17.1,24.4,4.0,285,10,17.1,24.4,4.0,285,10,336,29.93,0.2,0,0,0,37.0,40.5,43.9,0.21,0.27,0.31
CHAZ,2019-11-08 14:45:00 EST,44.89565,-73.46461,186,28.5,28.3,18.2,76.5,22.0,0.000,0.037,0.00,0.000,11.2,16.9,2.7,283,16,12.3,18.9,3.0,284,15,12.3,18.9,3.0,284,15,259,29.94,0.2,0,0,0,37.0,40.5,43.9,0.21,0.27,0.31
CHAZ,2019-11-08 14:50:00 EST,44.89565,-73.46461,186,28.2,28.1,17.5,76.3,21.8,0.000,0.037,0.00,0.000,12.4,17.9,2.8,285,11,13.3,19.8,2.9,285,9,13.3,19.8,2.9,285,9,218,29.94,0.2,0,0,0,37.0,40.5,43.9,0.21,0.27,0.31
CHAZ,2019-11-08 14:55:00 EST,44.89565,-73.46461,186,28.3,28.2,18.9,76.4,21.8,0.000,0.037,0.00,0.000,9.6,13.9,1.7,288,16,10.3,14.7,1.9,288,14,10.3,14.7,1.9,288,14,214,29.94,0.3,0,0,0,37.0,40.5,43.9,0.22,0.27,0.31
CHAZ,2019-11-08 15:00:00 EST,44.89565,-73.46461,186,28.3,28.3,18.4,75.9,21.7,0.000,0.037,0.00,0.000,10.5,21.0,3.3,277,18,11.5,22.7,3.6,279,16,11.5,22.7,3.6,279,16,172,29.94,0.2,0,0,0,37.0,40.5,43.9,0.21,0.27,0.31
CHAZ,2019-11-08 15:05:00 EST,44.89565,-73.46461,186,28.6,28.5,18.6,75.4,21.8,0.000,0.037,0.00,0.000,10.7,16.8,2.7,281,15,11.7,20.3,3.1,281,13,11.7,20.3,3.1,281,13,188,29.94,0.2,0,0,0,37.1,40.5,43.9,0.21,0.27,0.31
CHAZ,2019-11-08 15:10:00 EST,44.89565,-73.46461,186,28.8,28.8,19.2,73.3,21.3,0.000,0.037,0.00,0.000,10.2,18.3,2.4,280,14,11.1,18.3,2.5,282,13,11.1,18.3,2.5,282,13,214,29.94,0.2,0,0,0,37.2,40.5,43.9,0.21,0.27,0.31
CHAZ,2019-11-08 15:15:00 EST,44.89565,-73.46461,186,28.8,28.8,18.3,72.1,21.0,0.000,0.037,0.00,0.000,12.4,18.0,2.5,286,16,13.2,19.9,2.5,287,14,13.2,19.9,2.5,287,14,114,29.94,0.2,0,0,0,37.2,40.5,43.9,0.22,0.27,0.31
CHAZ,2019-11-08 15:20:00 EST,44.89565,-73.46461,186,28.7,28.7,18.4,72.6,21.0,0.000,0.037,0.00,0.000,11.6,17.3,2.2,281,17,12.4,19.4,2.7,283,16,12.4,19.4,2.7,283,16,66,29.94,0.2,0,0,0,37.2,40.5,43.9,0.21,0.27,0.31
CHAZ,2019-11-08 15:25:00 EST,44.89565,-73.46461,186,28.8,28.8,19.4,72.7,21.1,0.000,0.037,0.00,0.000,9.6,17.0,2.9,283,14,10.5,17.3,3.0,284,12,10.5,17.3,3.0,284,12,143,29.94,0.2,0,0,0,37.2,40.5,43.9,0.21,0.27,0.31
CHAZ,2019-11-08 15:30:00 EST,44.89565,-73.46461,186,29.1,29.1,20.2,70.9,20.8,0.000,0.037,0.00,0.000,8.9,14.0,2.2,286,12,9.8,16.5,2.4,287,12,9.8,16.5,2.4,287,12,160,29.95,0.2,0,0,0,37.2,40.5,43.9,0.21,0.27,0.31
CHAZ,2019-11-08 15:35:00 EST,44.89565,-73.46461,186,29.2,29.2,19.7,70.2,20.7,0.000,0.037,0.00,0.000,10.5,19.3,2.8,297,15,11.1,21.3,2.8,297,16,11.1,21.3,2.8,297,16,90,29.95,0.3,0,0,0,37.2,40.5,43.9,0.21,0.27,0.31
CHAZ,2019-11-08 15:40:00 EST,44.89565,-73.46461,186,29.2,29.2,18.4,68.7,20.2,0.000,0.037,0.00,0.000,13.4,20.3,2.5,292,11,14.0,20.9,2.6,292,11,14.0,20.9,2.6,292,11,137,29.95,0.2,0,0,0,37.2,40.5,43.9,0.22,0.27,0.31
CHAZ,2019-11-08 15:45:00 EST,44.89565,-73.46461,186,29.4,29.4,18.9,66.7,19.7,0.000,0.037,0.00,0.000,12.5,18.9,3.1,288,14,13.3,21.6,3.2,289,13,13.3,21.6,3.2,289,13,148,29.95,0.3,0,0,0,37.2,40.5,43.9,0.21,0.27,0.31
CHAZ,2019-11-08 15:50:00 EST,44.89565,-73.46461,186,29.5,29.5,18.8,65.0,19.2,0.000,0.037,0.00,0.000,13.0,20.2,3.3,291,15,13.7,23.1,3.6,291,13,13.7,23.1,3.6,291,13,127,29.95,0.3,0,0,0,37.2,40.5,43.9,0.21,0.27,0.31
CHAZ,2019-11-08 15:55:00 EST,44.89565,-73.46461,186,29.2,29.3,19.1,65.4,19.0,0.000,0.037,0.00,0.000,11.8,17.9,2.6,293,14,12.5,18.7,2.8,295,13,12.5,18.7,2.8,295,13,75,29.95,0.2,0,0,0,37.2,40.5,43.9,0.22,0.27,0.31
CHAZ,2019-11-08 16:00:00 EST,44.89565,-73.46461,186,29.1,29.2,18.7,65.1,18.8,0.000,0.037,0.00,0.000,12.0,18.2,2.8,293,15,12.9,19.5,2.9,293,14,12.9,19.5,2.9,293,14,69,29.95,0.3,0,0,0,37.2,40.5,43.9,0.21,0.27,0.31
CHAZ,2019-11-08 16:05:00 EST,44.89565,-73.46461,186,28.8,29.0,18.7,65.9,18.9,0.000,0.037,0.00,0.000,11.6,17.3,2.4,297,16,12.3,18.3,2.4,298,14,12.3,18.3,2.4,298,14,47,29.95,0.3,0,0,0,37.2,40.5,43.9,0.21,0.27,0.31
CHAZ,2019-11-08 16:10:00 EST,44.89565,-73.46461,186,28.6,28.9,19.3,67.0,19.0,0.000,0.037,0.00,0.000,9.6,12.6,1.5,297,14,10.3,13.6,1.7,296,14,10.3,13.6,1.7,296,14,39,29.96,0.2,0,0,0,37.2,40.5,43.9,0.21,0.27,0.31
CHAZ,2019-11-08 16:15:00 EST,44.89565,-73.46461,186,28.5,28.8,18.5,67.0,18.9,0.000,0.037,0.00,0.000,11.3,16.4,2.3,300,14,11.8,17.2,2.2,301,14,11.8,17.2,2.2,301,14,24,29.96,0.3,0,0,0,37.2,40.5,43.9,0.22,0.27,0.31
CHAZ,2019-11-08 16:20:00 EST,44.89565,-73.46461,186,28.4,28.6,19.3,67.8,19.1,0.000,0.037,0.00,0.000,9.3,14.5,1.8,292,14,10.0,14.9,2.0,293,13,10.0,14.9,2.0,293,13,22,29.96,0.3,0,0,0,37.2,40.5,43.9,0.21,0.27,0.31
CHAZ,2019-11-08 16:25:00 EST,44.89565,-73.46461,186,28.3,28.6,18.7,68.4,19.3,0.000,0.037,0.00,0.000,10.6,16.2,1.9,299,13,11.0,16.8,2.0,300,13,11.0,16.8,2.0,300,13,14,29.96,0.2,0,0,0,37.2,40.5,43.9,0.21,0.27,0.31
CHAZ,2019-11-08 16:30:00 EST,44.89565,-73.46461,186,28.1,28.4,19.3,68.9,19.2,0.000,0.037,0.00,0.000,8.6,11.6,1.4,295,14,9.3,12.9,1.5,296,14,9.3,12.9,1.5,296,14,8,29.96,0.2,0,0,0,37.2,40.5,43.9,0.21,0.27,0.31
CHAZ,2019-11-08 16:35:00 EST,44.89565,-73.46461,186,27.9,28.3,18.1,69.5,19.2,0.000,0.037,0.00,0.000,10.0,17.0,2.6,285,11,10.8,18.4,2.9,286,10,10.8,18.4,2.9,286,10,5,29.96,0.2,0,0,0,37.2,40.5,43.9,0.21,0.27,0.31
CHAZ,2019-11-08 16:40:00 EST,44.89565,-73.46461,186,27.7,28.1,19.0,70.2,19.3,0.000,0.037,0.00,0.000,8.4,13.0,1.9,291,14,9.1,14.1,1.9,292,11,9.1,14.1,1.9,292,11,3,29.96,0.3,0,0,0,37.2,40.5,43.9,0.22,0.27,0.31
CHAZ,2019-11-08 16:45:00 EST,44.89565,-73.46461,186,27.5,27.9,19.1,71.1,19.4,0.000,0.037,0.00,0.000,7.7,11.4,1.5,292,12,8.5,12.5,1.7,292,11,8.5,12.5,1.7,292,11,2,29.97,0.2,0,0,0,37.2,40.5,43.8,0.22,0.27,0.31
CHAZ,2019-11-08 16:50:00 EST,44.89565,-73.46461,186,27.4,27.8,18.6,71.4,19.4,0.000,0.037,0.00,0.000,8.5,14.2,2.1,292,13,9.2,15.3,2.2,293,12,9.2,15.3,2.2,293,12,1,29.97,0.3,0,0,0,37.2,40.5,43.8,0.22,0.27,0.31
CHAZ,2019-11-08 16:55:00 EST,44.89565,-73.46461,186,27.4,27.7,18.5,71.6,19.5,0.000,0.037,0.00,0.000,8.4,13.2,1.8,282,12,9.2,14.8,2.1,284,11,9.2,14.8,2.1,284,11,0,29.97,0.2,0,0,0,37.2,40.5,43.7,0.22,0.27,0.31
CHAZ,2019-11-08 17:00:00 EST,44.89565,-73.46461,186,27.3,27.6,18.3,72.3,19.6,0.000,0.037,0.00,0.000,8.7,13.8,1.9,289,14,9.3,13.8,2.0,290,13,9.3,13.8,2.0,290,13,0,29.97,0.3,0,0,0,37.1,40.5,43.7,0.22,0.27,0.31
CHAZ,2019-11-08 17:05:00 EST,44.89565,-73.46461,186,27.2,27.5,19.3,72.7,19.6,0.000,0.037,0.00,0.000,6.9,11.0,1.5,290,14,7.5,11.3,1.7,292,13,7.5,11.3,1.7,292,13,0,29.97,0.3,0,0,0,37.0,40.5,43.7,0.22,0.27,0.31
CHAZ,2019-11-08 17:10:00 EST,44.89565,-73.46461,186,27.1,27.5,18.2,72.7,19.5,0.000,0.037,0.00,0.000,8.3,13.0,2.0,291,13,9.0,13.8,2.0,292,11,9.0,13.8,2.0,292,11,0,29.98,0.2,0,0,0,37.0,40.5,43.7,0.22,0.27,0.31
CHAZ,2019-11-08 17:15:00 EST,44.89565,-73.46461,186,27.2,27.5,18.0,72.6,19.5,0.000,0.037,0.00,0.000,8.7,13.7,1.7,289,12,9.5,14.4,1.9,290,11,9.5,14.4,1.9,290,11,0,29.98,0.3,0,0,0,37.0,40.5,43.7,0.22,0.27,0.31
CHAZ,2019-11-08 17:20:00 EST,44.89565,-73.46461,186,27.0,27.4,18.2,73.3,19.5,0.000,0.037,0.00,0.000,8.4,11.7,1.6,295,13,8.9,12.7,1.7,297,12,8.9,12.7,1.7,297,12,0,29.98,0.2,0,0,0,37.0,40.4,43.7,0.22,0.27,0.31
CHAZ,2019-11-08 17:25:00 EST,44.89565,-73.46461,186,26.9,27.3,17.9,73.6,19.6,0.000,0.037,0.00,0.000,8.7,13.9,1.9,295,12,9.2,14.7,2.0,295,11,9.2,14.7,2.0,295,11,0,29.98,0.3,0,0,0,37.0,40.5,43.7,0.22,0.27,0.31
CHAZ,2019-11-08 17:30:00 EST,44.89565,-73.46461,186,26.8,27.2,18.4,73.9,19.6,0.000,0.037,0.00,0.000,7.5,10.3,1.4,296,12,8.1,11.0,1.5,296,12,8.1,11.0,1.5,296,12,0,29.99,0.2,0,0,0,37.0,40.5,43.7,0.22,0.27,0.31
CHAZ,2019-11-08 17:35:00 EST,44.89565,-73.46461,186,26.6,27.1,18.6,74.3,19.6,0.000,0.037,0.00,0.000,7.0,9.9,1.3,291,12,7.6,11.0,1.3,292,10,7.6,11.0,1.3,292,10,0,29.99,0.2,0,0,0,37.0,40.5,43.7,0.21,0.27,0.31
CHAZ,2019-11-08 17:40:00 EST,44.89565,-73.46461,186,26.6,27.0,18.2,74.4,19.5,0.000,0.037,0.00,0.000,7.5,12.6,1.5,289,13,8.1,13.1,1.7,290,12,8.1,13.1,1.7,290,12,0,29.99,0.3,0,0,0,37.0,40.5,43.7,0.22,0.27,0.31
CHAZ,2019-11-08 17:45:00 EST,44.89565,-73.46461,186,26.7,27.1,18.1,74.1,19.6,0.000,0.037,0.00,0.000,7.9,11.9,1.5,293,10,8.4,12.2,1.6,294,9,8.4,12.2,1.6,294,9,0,29.99,0.2,0,0,0,37.0,40.5,43.7,0.22,0.27,0.31
CHAZ,2019-11-08 17:50:00 EST,44.89565,-73.46461,186,26.7,27.0,18.2,73.9,19.5,0.000,0.037,0.00,0.000,7.5,11.5,1.4,289,11,8.2,12.1,1.7,290,9,8.2,12.1,1.7,290,9,0,29.99,0.2,0,0,0,37.0,40.5,43.7,0.22,0.27,0.31
CHAZ,2019-11-08 17:55:00 EST,44.89565,-73.46461,186,26.7,27.1,17.5,73.4,19.4,0.000,0.037,0.00,0.000,8.9,13.4,1.9,286,10,9.5,13.8,2.0,288,9,9.5,13.8,2.0,288,9,0,30.00,0.2,0,0,0,36.9,40.5,43.7,0.22,0.27,0.31
CHAZ,2019-11-08 18:00:00 EST,44.89565,-73.46461,186,26.6,27.1,18.1,73.4,19.3,0.000,0.037,0.00,0.000,7.9,13.7,1.7,288,11,8.4,14.0,1.9,289,10,8.4,14.0,1.9,289,10,0,30.00,0.3,0,0,0,36.9,40.5,43.7,0.22,0.27,0.31
CHAZ,2019-11-08 18:05:00 EST,44.89565,-73.46461,186,26.5,27.0,18.3,73.4,19.2,0.000,0.037,0.00,0.000,7.1,10.5,1.4,285,15,7.8,12.5,1.7,286,12,7.8,12.5,1.7,286,12,0,30.00,0.2,0,0,0,36.9,40.5,43.7,0.21,0.27,0.31
CHAZ,2019-11-08 18:10:00 EST,44.89565,-73.46461,186,26.4,27.0,18.8,73.5,19.1,0.000,0.037,0.00,0.000,6.5,9.2,1.2,293,11,7.0,10.4,1.3,294,10,7.0,10.4,1.3,294,10,0,30.00,0.2,0,0,0,36.9,40.4,43.7,0.22,0.27,0.31
CHAZ,2019-11-08 18:15:00 EST,44.89565,-73.46461,186,26.3,26.8,18.6,73.7,19.0,0.000,0.037,0.00,0.000,6.4,9.9,1.4,296,11,7.0,11.0,1.4,297,10,7.0,11.0,1.4,297,10,0,30.00,0.2,0,0,0,36.9,40.5,43.7,0.22,0.27,0.31
CHAZ,2019-11-08 18:20:00 EST,44.89565,-73.46461,186,26.3,26.7,19.0,73.4,18.9,0.000,0.037,0.00,0.000,6.1,9.8,1.4,295,11,6.5,10.1,1.4,295,11,6.5,10.1,1.4,295,11,0,30.00,0.2,0,0,0,36.8,40.5,43.7,0.21,0.27,0.31
CHAZ,2019-11-08 18:25:00 EST,44.89565,-73.46461,186,26.1,26.7,19.7,73.7,18.9,0.000,0.037,0.00,0.000,5.2,8.3,1.2,301,11,5.5,9.1,1.3,303,10,5.5,9.1,1.3,303,10,0,30.01,0.2,0,0,0,36.7,40.5,43.7,0.21,0.27,0.31
CHAZ,2019-11-08 18:30:00 EST,44.89565,-73.46461,186,26.1,26.6,19.3,73.5,18.8,0.000,0.037,0.00,0.000,5.4,8.3,1.2,294,13,5.9,10.0,1.4,296,12,5.9,10.0,1.4,296,12,0,30.01,0.2,0,0,0,36.7,40.5,43.7,0.22,0.27,0.31
CHAZ,2019-11-08 18:35:00 EST,44.89565,-73.46461,186,25.8,26.4,19.2,73.6,18.6,0.000,0.037,0.00,0.000,5.1,7.3,0.9,295,12,5.6,9.5,1.1,296,11,5.6,9.5,1.1,296,11,0,30.01,0.3,0,0,0,36.7,40.5,43.7,0.22,0.27,0.31
CHAZ,2019-11-08 18:40:00 EST,44.89565,-73.46461,186,25.8,26.4,19.5,73.6,18.6,0.000,0.037,0.00,0.000,5.0,8.8,1.1,292,17,5.4,9.5,1.3,293,15,5.4,9.5,1.3,293,15,0,30.01,0.3,0,0,0,36.7,40.4,43.7,0.21,0.27,0.31
CHAZ,2019-11-08 18:45:00 EST,44.89565,-73.46461,186,25.6,26.3,19.7,73.6,18.4,0.000,0.037,0.00,0.000,4.4,6.5,0.9,282,13,4.9,7.0,1.0,284,12,4.9,7.0,1.0,284,12,0,30.01,0.2,0,0,0,36.7,40.5,43.7,0.22,0.27,0.31
CHAZ,2019-11-08 18:50:00 EST,44.89565,-73.46461,186,25.6,26.3,19.4,73.9,18.4,0.000,0.037,0.00,0.000,4.7,8.1,1.2,282,14,5.2,8.9,1.3,285,13,5.2,8.9,1.3,285,13,0,30.01,0.3,0,0,0,36.7,40.4,43.7,0.22,0.27,0.31
CHAZ,2019-11-08 18:55:00 EST,44.89565,-73.46461,186,25.8,26.3,18.4,73.4,18.4,0.000,0.037,0.00,0.000,5.9,10.5,1.6,282,15,6.5,12.0,1.8,285,15,6.5,12.0,1.8,285,15,0,30.01,0.3,0,0,0,36.7,40.4,43.7,0.22,0.27,0.31
CHAZ,2019-11-08 19:00:00 EST,44.89565,-73.46461,186,25.5,26.1,19.0,73.6,18.3,0.000,0.037,0.00,0.000,5.1,7.3,1.0,293,16,5.5,8.4,1.2,294,15,5.5,8.4,1.2,294,15,0,30.02,0.2,0,0,0,36.7,40.3,43.7,0.22,0.27,0.31
CHAZ,2019-11-08 19:05:00 EST,44.89565,-73.46461,186,25.3,26.1,17.7,74.7,18.4,0.000,0.037,0.00,0.000,6.1,10.3,1.5,284,11,6.7,11.8,1.6,286,10,6.7,11.8,1.6,286,10,0,30.02,0.2,0,0,0,36.7,40.4,43.7,0.22,0.27,0.31
CHAZ,2019-11-08 19:10:00 EST,44.89565,-73.46461,186,25.3,25.9,19.1,74.8,18.5,0.000,0.037,0.00,0.000,4.7,7.1,0.8,285,17,5.2,7.7,1.0,286,15,5.2,7.7,1.0,286,15,0,30.02,0.2,0,0,0,36.5,40.3,43.7,0.22,0.27,0.31
CHAZ,2019-11-08 19:15:00 EST,44.89565,-73.46461,186,25.3,25.8,18.6,75.1,18.5,0.000,0.037,0.00,0.000,5.0,9.0,1.4,288,12,5.5,10.1,1.5,290,13,5.5,10.1,1.5,290,13,0,30.02,0.3,0,0,0,36.5,40.3,43.7,0.22,0.27,0.31
CHAZ,2019-11-08 19:20:00 EST,44.89565,-73.46461,186,25.4,25.8,18.8,75.1,18.6,0.000,0.037,0.00,0.000,5.0,7.0,1.1,291,11,5.5,8.0,1.1,292,11,5.5,8.0,1.1,292,11,0,30.02,0.2,0,0,0,36.5,40.3,43.7,0.22,0.27,0.31
CHAZ,2019-11-08 19:25:00 EST,44.89565,-73.46461,186,25.2,25.8,18.1,75.3,18.5,0.000,0.037,0.00,0.000,5.6,8.8,1.1,292,11,6.1,9.4,1.1,293,10,6.1,9.4,1.1,293,10,0,30.02,0.3,0,0,0,36.5,40.3,43.7,0.21,0.27,0.31
CHAZ,2019-11-08 19:30:00 EST,44.89565,-73.46461,186,25.2,25.8,17.9,75.8,18.7,0.000,0.037,0.00,0.000,5.8,8.1,1.0,291,12,6.2,10.7,1.2,293,12,6.2,10.7,1.2,293,12,0,30.02,0.3,0,0,0,36.5,40.3,43.7,0.22,0.27,0.31
CHAZ,2019-11-08 19:35:00 EST,44.89565,-73.46461,186,25.3,25.7,18.5,75.9,18.7,0.000,0.037,0.00,0.000,5.1,8.7,1.5,287,13,5.7,10.4,1.6,291,12,5.7,10.4,1.6,291,12,0,30.02,0.3,0,0,0,36.5,40.3,43.7,0.22,0.27,0.31
CHAZ,2019-11-08 19:40:00 EST,44.89565,-73.46461,186,25.3,25.8,18.6,76.2,18.9,0.000,0.037,0.00,0.000,5.1,7.5,0.8,290,14,5.6,8.3,1.0,290,14,5.6,8.3,1.0,290,14,0,30.02,0.2,0,0,0,36.5,40.3,43.7,0.22,0.27,0.31
CHAZ,2019-11-08 19:45:00 EST,44.89565,-73.46461,186,25.2,25.7,18.4,76.4,18.8,0.000,0.037,0.00,0.000,5.1,7.5,1.0,287,11,5.7,8.5,1.2,288,11,5.7,8.5,1.2,288,11,0,30.02,0.2,0,0,0,36.5,40.3,43.7,0.21,0.27,0.31
CHAZ,2019-11-08 19:50:00 EST,44.89565,-73.46461,186,25.0,25.5,18.5,76.9,18.8,0.000,0.037,0.00,0.000,4.8,7.2,1.2,292,13,5.4,8.1,1.3,294,12,5.4,8.1,1.3,294,12,0,30.02,0.2,0,0,0,36.5,40.3,43.7,0.21,0.27,0.31
CHAZ,2019-11-08 19:55:00 EST,44.89565,-73.46461,186,25.0,25.5,18.9,76.9,18.8,0.000,0.037,0.00,0.000,4.5,7.2,1.0,287,13,5.0,8.2,1.2,290,13,5.0,8.2,1.2,290,13,0,30.02,0.2,0,0,0,36.3,40.3,43.7,0.22,0.27,0.31
CHAZ,2019-11-08 20:00:00 EST,44.89565,-73.46461,186,24.8,25.4,19.0,77.6,18.8,0.000,0.037,0.00,0.000,4.2,6.6,1.0,290,11,4.7,7.5,1.1,292,10,4.7,7.5,1.1,292,10,0,30.03,0.2,0,0,0,36.3,40.3,43.7,0.22,0.27,0.31
CHAZ,2019-11-08 20:05:00 EST,44.89565,-73.46461,186,24.8,25.4,18.3,77.9,18.9,0.000,0.037,0.00,0.000,4.8,9.2,1.0,286,11,5.3,10.7,1.3,288,11,5.3,10.7,1.3,288,11,0,30.03,0.3,0,0,0,36.3,40.3,43.6,0.21,0.27,0.31
CHAZ,2019-11-08 20:10:00 EST,44.89565,-73.46461,186,24.7,25.3,18.7,78.0,18.8,0.000,0.037,0.00,0.000,4.3,7.1,1.1,287,13,4.8,8.8,1.4,290,12,4.8,8.8,1.4,290,12,0,30.03,0.3,0,0,0,36.3,40.3,43.6,0.21,0.27,0.31
CHAZ,2019-11-08 20:15:00 EST,44.89565,-73.46461,186,24.4,25.1,19.5,78.4,18.7,0.000,0.037,0.00,0.000,3.5,5.8,0.9,286,15,3.9,7.5,1.1,288,14,3.9,7.5,1.1,288,14,0,30.03,0.2,0,0,0,36.3,40.3,43.7,0.21,0.27,0.31
CHAZ,2019-11-08 20:20:00 EST,44.89565,-73.46461,186,24.4,25.0,18.7,79.2,18.9,0.000,0.037,0.00,0.000,4.1,6.2,0.9,286,11,4.5,6.7,1.0,288,10,4.5,6.7,1.0,288,10,0,30.03,0.2,0,0,0,36.3,40.3,43.6,0.22,0.27,0.31
CHAZ,2019-11-08 20:25:00 EST,44.89565,-73.46461,186,24.2,24.9,18.7,79.2,18.7,0.000,0.037,0.00,0.000,4.0,7.3,1.0,294,11,4.3,7.8,1.1,296,9,4.3,7.8,1.1,296,9,0,30.03,0.3,0,0,0,36.3,40.3,43.6,0.21,0.27,0.31
CHAZ,2019-11-08 20:30:00 EST,44.89565,-73.46461,186,23.9,24.8,18.6,80.0,18.7,0.000,0.037,0.00,0.000,3.7,5.7,0.9,300,10,4.1,6.4,1.0,301,9,4.1,6.4,1.0,301,9,0,30.03,0.2,0,0,0,36.3,40.3,43.6,0.21,0.27,0.31
CHAZ,2019-11-08 20:35:00 EST,44.89565,-73.46461,186,23.6,24.7,18.4,80.6,18.5,0.000,0.037,0.00,0.000,3.6,5.1,0.5,294,9,3.9,6.2,0.7,298,8,3.9,6.2,0.7,298,8,0,30.03,0.2,0,0,0,36.3,40.3,43.5,0.21,0.27,0.31
CHAZ,2019-11-08 20:40:00 EST,44.89565,-73.46461,186,23.5,24.6,18.4,81.3,18.6,0.000,0.037,0.00,0.000,3.5,5.3,0.7,292,10,3.9,6.4,0.9,295,10,3.9,6.4,0.9,295,10,0,30.03,0.2,0,0,0,36.2,40.3,43.6,0.21,0.27,0.31
CHAZ,2019-11-08 20:45:00 EST,44.89565,-73.46461,186,23.4,24.4,18.7,81.5,18.6,0.000,0.037,0.00,0.000,3.3,4.5,0.5,296,10,3.5,4.8,0.5,299,10,3.5,4.8,0.5,299,10,0,30.04,0.2,0,0,0,36.1,40.3,43.5,0.21,0.27,0.31
CHAZ,2019-11-08 20:50:00 EST,44.89565,-73.46461,186,23.5,24.4,19.4,81.8,18.8,0.000,0.037,0.00,0.000,2.9,4.5,0.5,283,11,3.2,4.8,0.5,287,11,3.2,4.8,0.5,287,11,0,30.04,0.2,0,0,0,36.1,40.3,43.5,0.21,0.27,0.31
CHAZ,2019-11-08 20:55:00 EST,44.89565,-73.46461,186,23.3,24.5,19.1,81.8,18.6,0.000,0.037,0.00,0.000,2.9,4.2,0.7,282,11,3.3,4.7,0.7,286,11,3.3,4.7,0.7,286,11,0,30.04,0.2,0,0,0,36.1,40.3,43.5,0.21,0.27,0.31
CHAZ,2019-11-08 21:00:00 EST,44.89565,-73.46461,186,23.0,24.3,23.0,82.0,18.3,0.000,0.037,0.00,0.000,2.4,3.5,0.6,288,11,2.7,4.5,0.7,292,12,2.7,4.5,0.7,292,12,0,30.04,0.3,0,0,0,36.1,40.3,43.5,0.21,0.27,0.31
CHAZ,2019-11-08 21:05:00 EST,44.89565,-73.46461,186,22.7,24.2,22.7,82.7,18.2,0.000,0.037,0.00,0.000,2.7,3.9,0.4,293,9,2.9,4.5,0.6,297,9,2.9,4.5,0.6,297,9,0,30.04,0.1,0,0,0,36.1,40.3,43.5,0.21,0.27,0.31
CHAZ,2019-11-08 21:10:00 EST,44.89565,-73.46461,186,22.1,24.1,22.1,83.7,17.9,0.000,0.037,0.00,0.000,2.6,3.9,0.5,288,9,2.9,4.6,0.5,292,8,2.9,4.6,0.5,292,8,0,30.04,0.2,0,0,0,36.1,40.3,43.5,0.21,0.27,0.31
CHAZ,2019-11-08 21:15:00 EST,44.89565,-73.46461,186,22.9,24.0,18.9,85.2,19.1,0.000,0.037,0.00,0.000,2.8,3.6,0.4,287,7,3.1,4.2,0.5,291,8,3.1,4.2,0.5,291,8,0,30.04,0.0,0,0,0,36.1,40.3,43.5,0.21,0.27,0.31
CHAZ,2019-11-08 21:20:00 EST,44.89565,-73.46461,186,22.1,23.9,17.3,85.7,18.4,0.000,0.037,0.00,0.000,3.2,4.3,0.4,285,6,3.5,5.3,0.4,290,7,3.5,5.3,0.4,290,7,0,30.04,0.3,0,0,0,36.1,40.3,43.5,0.21,0.27,0.31
CHAZ,2019-11-08 21:25:00 EST,44.89565,-73.46461,186,22.4,23.7,18.1,86.6,19.0,0.000,0.037,0.00,0.000,2.9,4.2,0.4,280,7,3.2,4.7,0.5,284,8,3.2,4.7,0.5,284,8,0,30.04,0.1,0,0,0,36.1,40.3,43.5,0.21,0.27,0.31
CHAZ,2019-11-08 21:30:00 EST,44.89565,-73.46461,186,21.8,23.7,21.8,86.0,18.3,0.000,0.037,0.00,0.000,2.6,3.6,0.4,285,9,2.9,4.9,0.5,290,10,2.9,4.9,0.5,290,10,0,30.04,0.2,0,0,0,36.1,40.2,43.5,0.21,0.27,0.31
CHAZ,2019-11-08 21:35:00 EST,44.89565,-73.46461,186,21.5,23.7,21.5,86.9,18.2,0.000,0.037,0.00,0.000,2.5,3.9,0.6,280,11,2.8,5.2,0.7,284,11,2.8,5.2,0.7,284,11,0,30.04,0.2,0,0,0,36.0,40.2,43.5,0.21,0.27,0.31
CHAZ,2019-11-08 21:40:00 EST,44.89565,-73.46461,186,21.5,23.6,21.5,86.3,18.0,0.000,0.037,0.00,0.000,2.4,3.3,0.5,277,9,2.7,3.9,0.5,280,11,2.7,3.9,0.5,280,11,0,30.04,0.2,0,0,0,36.0,40.2,43.5,0.21,0.27,0.31
CHAZ,2019-11-08 21:45:00 EST,44.89565,-73.46461,186,21.8,23.6,17.4,86.2,18.3,0.000,0.037,0.00,0.000,2.9,4.6,0.6,262,12,3.2,5.3,0.7,264,14,3.2,5.3,0.7,264,14,0,30.04,0.3,0,0,0,36.0,40.2,43.5,0.21,0.27,0.31
CHAZ,2019-11-08 21:50:00 EST,44.89565,-73.46461,186,22.0,23.6,22.0,83.9,17.9,0.000,0.037,0.00,0.000,2.6,4.5,0.7,264,10,3.0,5.1,0.8,267,12,3.0,5.1,0.8,267,12,0,30.04,0.2,0,0,0,36.0,40.1,43.5,0.21,0.27,0.31
CHAZ,2019-11-08 21:55:00 EST,44.89565,-73.46461,186,21.6,23.5,21.6,84.4,17.6,0.000,0.037,0.00,0.000,1.5,2.1,0.3,274,9,1.8,2.5,0.3,276,12,1.8,2.5,0.3,276,12,0,30.04,0.1,0,0,0,36.0,40.1,43.5,0.21,0.27,0.31
CHAZ,2019-11-08 22:00:00 EST,44.89565,-73.46461,186,21.0,23.3,21.0,85.7,17.3,0.000,0.037,0.00,0.000,1.6,3.4,0.5,271,9,1.9,5.2,0.6,275,9,1.9,5.2,0.6,275,9,0,30.04,0.1,0,0,0,36.0,40.2,43.5,0.21,0.27,0.31
CHAZ,2019-11-08 22:05:00 EST,44.89565,-73.46461,186,19.3,23.2,19.3,86.3,15.9,0.000,0.037,0.00,0.000,1.8,2.7,0.2,275,9,2.1,3.2,0.3,279,12,2.1,3.2,0.3,279,12,0,30.04,0.2,0,0,0,36.0,40.1,43.5,0.21,0.27,0.31
CHAZ,2019-11-08 22:10:00 EST,44.89565,-73.46461,186,18.9,22.9,18.9,89.2,16.2,0.000,0.037,0.00,0.000,1.7,2.3,0.3,285,3,2.0,2.7,0.3,290,7,2.0,2.7,0.3,290,7,0,30.04,0.3,0,0,0,36.0,40.1,43.5,0.21,0.27,0.31
CHAZ,2019-11-08 22:15:00 EST,44.89565,-73.46461,186,18.9,23.2,18.9,92.1,17.0,0.000,0.037,0.00,0.000,1.8,2.5,0.2,290,5,2.0,2.9,0.3,295,7,2.0,2.9,0.3,295,7,0,30.04,0.3,0,0,0,36.0,40.1,43.5,0.21,0.27,0.31
CHAZ,2019-11-08 22:20:00 EST,44.89565,-73.46461,186,18.5,23.2,18.5,93.1,16.9,0.000,0.037,0.00,0.000,2.0,2.6,0.2,280,8,2.3,3.1,0.3,284,10,2.3,3.1,0.3,284,10,0,30.04,0.2,0,0,0,36.0,40.1,43.5,0.21,0.27,0.31
CHAZ,2019-11-08 22:25:00 EST,44.89565,-73.46461,186,18.5,23.2,18.5,93.7,17.0,0.000,0.037,0.00,0.000,2.0,3.1,0.3,281,10,2.3,3.6,0.3,286,11,2.3,3.6,0.3,286,11,0,30.04,0.2,0,0,0,36.0,40.1,43.5,0.21,0.27,0.31
CHAZ,2019-11-08 22:30:00 EST,44.89565,-73.46461,186,18.6,23.0,18.6,93.8,17.1,0.000,0.037,0.00,0.000,2.2,3.1,0.4,267,13,2.5,3.4,0.4,270,16,2.5,3.4,0.4,270,16,0,30.05,0.3,0,0,0,36.0,40.1,43.5,0.21,0.27,0.31
CHAZ,2019-11-08 22:35:00 EST,44.89565,-73.46461,186,18.0,21.9,18.0,93.6,16.5,0.000,0.037,0.00,0.000,2.1,4.0,0.6,281,14,2.3,4.6,0.7,285,16,2.3,4.6,0.7,285,16,0,30.05,0.2,0,0,0,36.0,40.1,43.5,0.21,0.27,0.31
CHAZ,2019-11-08 22:40:00 EST,44.89565,-73.46461,186,18.7,22.8,18.7,94.6,17.4,0.000,0.037,0.00,0.000,2.2,3.4,0.4,278,11,2.5,3.9,0.5,283,13,2.5,3.9,0.5,283,13,0,30.05,0.2,0,0,0,36.0,40.1,43.5,0.21,0.27,0.31
CHAZ,2019-11-08 22:45:00 EST,44.89565,-73.46461,186,18.6,23.0,18.6,94.4,17.3,0.000,0.037,0.00,0.000,1.9,2.8,0.3,282,6,2.1,3.3,0.4,287,9,2.1,3.3,0.4,287,9,0,30.04,0.0,0,0,0,35.9,40.1,43.5,0.21,0.27,0.31
CHAZ,2019-11-08 22:50:00 EST,44.89565,-73.46461,186,16.8,22.4,16.8,92.5,15.0,0.000,0.037,0.00,0.000,1.8,2.6,0.3,292,5,2.0,3.0,0.3,295,8,2.0,3.0,0.3,295,8,0,30.04,0.3,0,0,0,35.8,40.1,43.5,0.21,0.27,0.31
CHAZ,2019-11-08 22:55:00 EST,44.89565,-73.46461,186,17.8,22.0,17.8,94.6,16.5,0.000,0.037,0.00,0.000,1.6,2.5,0.4,297,11,1.7,2.7,0.4,302,12,1.7,2.7,0.4,302,12,0,30.04,0.3,0,0,0,35.8,40.1,43.5,0.21,0.27,0.31
CHAZ,2019-11-08 23:00:00 EST,44.89565,-73.46461,186,18.1,22.0,18.1,95.2,17.0,0.000,0.037,0.00,0.000,1.4,1.8,0.2,306,13,1.5,2.1,0.2,309,10,1.5,2.1,0.2,309,10,0,30.04,0.2,0,0,0,35.8,40.1,43.5,0.21,0.27,0.31
CHAZ,2019-11-08 23:05:00 EST,44.89565,-73.46461,186,17.6,22.1,17.6,94.6,16.3,0.000,0.037,0.00,0.000,1.8,2.4,0.2,316,14,2.0,3.3,0.4,321,13,2.0,3.3,0.4,321,13,0,30.04,0.2,0,0,0,35.8,40.1,43.5,0.21,0.27,0.31
CHAZ,2019-11-08 23:10:00 EST,44.89565,-73.46461,186,17.3,21.1,17.3,94.5,16.0,0.000,0.037,0.00,0.000,2.3,3.0,0.2,333,7,2.5,3.5,0.4,333,8,2.5,3.5,0.4,333,8,0,30.04,0.1,0,0,0,35.8,40.1,43.5,0.21,0.27,0.31
CHAZ,2019-11-08 23:15:00 EST,44.89565,-73.46461,186,16.5,20.8,16.5,94.5,15.2,0.000,0.037,0.00,0.000,1.7,2.5,0.6,340,7,2.0,2.9,0.7,340,8,2.0,2.9,0.7,340,8,0,30.04,0.2,0,0,0,35.8,40.1,43.5,0.21,0.27,0.31
CHAZ,2019-11-08 23:20:00 EST,44.89565,-73.46461,186,16.0,19.0,16.0,94.4,14.7,0.000,0.037,0.00,0.000,0.5,1.5,0.4,345,81,0.7,2.2,0.6,348,9,0.7,2.2,0.6,348,9,0,30.04,0.2,0,0,0,35.8,40.1,43.5,0.21,0.27,0.31
CHAZ,2019-11-08 23:25:00 EST,44.89565,-73.46461,186,15.5,18.8,15.5,94.4,14.2,0.000,0.037,0.00,0.000,0.0,0.0,0.0,0,0,0.3,1.1,0.4,317,6,0.3,1.1,0.4,317,6,0,30.04,0.3,0,0,0,35.7,40.1,43.5,0.21,0.27,0.31
CHAZ,2019-11-08 23:30:00 EST,44.89565,-73.46461,186,16.3,19.2,16.3,94.7,15.0,0.000,0.037,0.00,0.000,0.1,0.7,0.2,345,81,0.3,1.2,0.4,313,7,0.3,1.2,0.4,313,7,0,30.04,0.2,0,0,0,35.6,40.1,43.5,0.21,0.27,0.31
CHAZ,2019-11-08 23:35:00 EST,44.89565,-73.46461,186,16.5,18.8,16.5,95.5,15.4,0.000,0.037,0.00,0.000,0.0,0.0,0.0,0,0,0.0,0.8,0.1,284,1,0.0,0.8,0.1,284,1,0,30.04,0.2,0,0,0,35.6,40.1,43.5,0.21,0.27,0.31
CHAZ,2019-11-08 23:40:00 EST,44.89565,-73.46461,186,16.7,18.5,16.7,95.9,15.7,0.000,0.037,0.00,0.000,0.0,0.0,0.0,0,0,0.7,1.1,0.4,178,12,0.7,1.1,0.4,178,12,0,30.04,0.2,0,0,0,35.6,40.0,43.5,0.21,0.27,0.31
CHAZ,2019-11-08 23:45:00 EST,44.89565,-73.46461,186,16.8,18.6,16.8,96.4,16.0,0.000,0.037,0.00,0.000,0.9,1.6,0.6,215,3,1.3,1.8,0.4,214,9,1.3,1.8,0.4,214,9,0,30.05,0.2,0,0,0,35.6,40.1,43.5,0.21,0.27,0.31
CHAZ,2019-11-08 23:50:00 EST,44.89565,-73.46461,186,16.5,18.4,16.5,96.1,15.6,0.000,0.037,0.00,0.000,1.0,1.4,0.3,213,1,1.3,1.6,0.2,212,9,1.3,1.6,0.2,212,9,0,30.05,0.3,0,0,0,35.6,39.9,43.5,0.21,0.27,0.31
CHAZ,2019-11-08 23:55:00 EST,44.89565,-73.46461,186,17.1,18.2,17.1,96.1,16.1,0.000,0.037,0.00,0.000,1.2,1.5,0.2,195,7,1.5,1.9,0.2,193,8,1.5,1.9,0.2,193,8,0,30.05,0.2,0,0,0,35.5,39.9,43.5,0.21,0.27,0.31
CHES,2019-11-08 00:00:00 EST,43.65390,-73.77736,1089,23.6,24.2,18.3,65.2,13.6,0.000,0.048,0.00,0.000,3.7,6.6,1.2,308,11,4.1,8.0,1.2,309,12,4.1,8.0,1.2,309,12,0,28.87,-0.1,0,0,0,39.7,46.4,49.1,0.20,0.23,0.18
CHES,2019-11-08 00:05:00 EST,43.65390,-73.77736,1089,23.3,23.8,23.3,66.8,13.9,0.000,0.000,0.00,0.000,2.0,3.7,0.5,299,15,2.3,4.6,0.7,300,16,2.3,4.6,0.7,300,16,0,28.86,-0.1,0,0,0,39.7,46.4,49.1,0.20,0.23,0.18
CHES,2019-11-08 00:10:00 EST,43.65390,-73.77736,1089,23.1,23.5,23.1,70.3,14.8,0.000,0.000,0.00,0.000,1.8,4.5,1.1,319,14,2.3,5.8,1.2,323,18,2.3,5.8,1.2,323,18,0,28.86,0.0,0,0,0,39.6,46.4,49.1,0.20,0.23,0.18
CHES,2019-11-08 00:15:00 EST,43.65390,-73.77736,1089,23.2,23.5,19.3,69.2,14.6,0.000,0.000,0.00,0.000,2.5,4.8,1.0,335,23,3.1,6.9,1.3,341,24,3.1,6.9,1.3,341,24,0,28.86,0.0,0,0,0,39.6,46.4,49.1,0.20,0.23,0.18
CHES,2019-11-08 00:20:00 EST,43.65390,-73.77736,1089,23.1,23.3,23.1,68.8,14.4,0.000,0.000,0.00,0.000,1.8,4.9,1.3,337,24,2.5,6.6,1.5,339,25,2.5,6.6,1.5,339,25,0,28.86,-0.1,0,0,0,39.6,46.4,49.1,0.20,0.23,0.18
CHES,2019-11-08 00:25:00 EST,43.65390,-73.77736,1089,22.5,23.1,22.5,69.6,14.1,0.000,0.000,0.00,0.000,2.0,5.6,1.7,305,23,2.8,6.6,1.8,303,30,2.8,6.6,1.8,303,30,0,28.86,-0.1,0,0,0,39.6,46.4,49.1,0.20,0.23,0.18
CHES,2019-11-08 00:30:00 EST,43.65390,-73.77736,1089,22.7,23.3,18.0,71.3,14.8,0.000,0.000,0.00,0.000,2.7,5.6,1.2,312,26,3.5,7.1,1.4,317,27,3.5,7.1,1.4,317,27,0,28.86,-0.0,0,0,0,39.5,46.4,49.1,0.20,0.23,0.18
CHES,2019-11-08 00:35:00 EST,43.65390,-73.77736,1089,22.9,23.4,16.2,71.5,15.1,0.000,0.000,0.00,0.000,4.6,8.6,1.5,299,17,5.3,10.2,1.7,302,17,5.3,10.2,1.7,302,17,0,28.85,-0.1,0,0,0,39.5,46.4,49.1,0.20,0.23,0.18
CHES,2019-11-08 00:40:00 EST,43.65390,-73.77736,1089,22.9,23.5,15.7,71.7,15.1,0.000,0.000,0.00,0.000,5.0,8.2,1.3,294,14,5.7,9.9,1.5,295,14,5.7,9.9,1.5,295,14,0,28.85,-0.0,0,0,0,39.4,46.4,49.1,0.20,0.23,0.18
CHES,2019-11-08 00:45:00 EST,43.65390,-73.77736,1089,22.9,23.5,16.0,71.9,15.2,0.000,0.000,0.00,0.000,4.8,8.3,1.4,302,15,5.4,9.0,1.4,303,15,5.4,9.0,1.4,303,15,0,28.85,0.1,0,0,0,39.4,46.4,49.1,0.20,0.23,0.18
CHES,2019-11-08 00:50:00 EST,43.65390,-73.77736,1089,22.7,23.2,16.8,72.3,15.2,0.000,0.000,0.00,0.000,3.9,7.2,1.5,293,18,4.4,8.1,1.7,294,17,4.4,8.1,1.7,294,17,0,28.86,-0.1,0,0,0,39.4,46.4,49.1,0.20,0.23,0.18
CHES,2019-11-08 00:55:00 EST,43.65390,-73.77736,1089,22.7,23.3,15.9,73.0,15.4,0.000,0.000,0.00,0.000,4.7,7.7,1.3,293,15,5.3,9.0,1.6,294,14,5.3,9.0,1.6,294,14,0,28.85,-0.1,0,0,0,39.4,46.4,49.1,0.20,0.23,0.18
CHES,2019-11-08 01:00:00 EST,43.65390,-73.77736,1089,22.9,23.3,16.5,72.6,15.4,0.000,0.000,0.00,0.000,4.2,8.0,1.5,292,15,4.9,9.6,1.7,293,14,4.9,9.6,1.7,293,14,0,28.85,-0.0,0,0,0,39.2,46.4,49.1,0.20,0.23,0.18
CHES,2019-11-08 01:05:00 EST,43.65390,-73.77736,1089,22.7,23.2,16.0,72.6,15.2,0.000,0.000,0.00,0.000,4.6,6.7,1.1,290,13,5.2,8.5,1.3,291,13,5.2,8.5,1.3,291,13,0,28.85,-0.1,0,0,0,39.2,46.4,49.1,0.20,0.23,0.18
CHES,2019-11-08 01:10:00 EST,43.65390,-73.77736,1089,22.5,23.1,15.7,73.3,15.3,0.000,0.000,0.00,0.000,4.6,7.2,1.0,292,14,5.3,8.1,1.2,292,14,5.3,8.1,1.2,292,14,0,28.85,-0.1,0,0,0,39.2,46.4,49.1,0.20,0.23,0.18
CHES,2019-11-08 01:15:00 EST,43.65390,-73.77736,1089,22.4,23.0,16.0,73.7,15.3,0.000,0.000,0.00,0.000,4.2,6.9,1.1,290,9,4.8,7.7,1.3,291,10,4.8,7.7,1.3,291,10,0,28.85,-0.0,0,0,0,39.2,46.4,49.1,0.20,0.23,0.18
CHES,2019-11-08 01:20:00 EST,43.65390,-73.77736,1089,22.3,22.9,15.1,74.2,15.3,0.000,0.000,0.00,0.000,4.9,8.1,1.4,284,14,5.5,10.1,1.7,285,14,5.5,10.1,1.7,285,14,0,28.85,-0.0,0,0,0,39.2,46.4,49.1,0.20,0.23,0.18
CHES,2019-11-08 01:25:00 EST,43.65390,-73.77736,1089,22.3,22.7,15.5,74.6,15.4,0.000,0.000,0.00,0.000,4.4,7.5,1.1,282,16,5.2,9.9,1.4,283,15,5.2,9.9,1.4,283,15,0,28.85,-0.1,0,0,0,39.2,46.4,49.1,0.20,0.23,0.18
CHES,2019-11-08 01:30:00 EST,43.65390,-73.77736,1089,22.0,22.5,15.4,75.6,15.4,0.000,0.000,0.00,0.000,4.2,7.2,1.2,282,17,4.9,8.4,1.5,284,16,4.9,8.4,1.5,284,16,0,28.85,0.1,0,0,0,39.2,46.4,49.1,0.20,0.23,0.18
CHES,2019-11-08 01:35:00 EST,43.65390,-73.77736,1089,22.0,22.6,14.9,76.5,15.8,0.000,0.000,0.00,0.000,4.8,7.3,1.3,284,18,5.5,9.5,1.7,285,17,5.5,9.5,1.7,285,17,0,28.85,0.0,0,0,0,39.2,46.4,49.1,0.20,0.23,0.18
CHES,2019-11-08 01:40:00 EST,43.65390,-73.77736,1089,22.0,22.6,15.3,76.1,15.6,0.000,0.000,0.00,0.000,4.4,6.6,0.9,289,12,5.1,7.1,1.0,291,10,5.1,7.1,1.0,291,10,0,28.85,-0.1,0,0,0,39.2,46.4,49.1,0.20,0.23,0.18
CHES,2019-11-08 01:45:00 EST,43.65390,-73.77736,1089,21.9,22.5,16.3,76.1,15.5,0.000,0.000,0.00,0.000,3.4,6.9,1.4,284,13,4.0,8.1,1.5,285,14,4.0,8.1,1.5,285,14,0,28.85,-0.0,0,0,0,39.2,46.4,49.1,0.20,0.23,0.18
CHES,2019-11-08 01:50:00 EST,43.65390,-73.77736,1089,21.9,22.5,15.6,75.3,15.3,0.000,0.000,0.00,0.000,4.1,7.1,1.4,284,17,4.7,8.0,1.5,285,17,4.7,8.0,1.5,285,17,0,28.85,-0.1,0,0,0,39.1,46.4,49.1,0.20,0.23,0.18
CHES,2019-11-08 01:55:00 EST,43.65390,-73.77736,1089,22.1,22.4,15.1,74.2,15.1,0.000,0.000,0.00,0.000,4.6,7.4,1.2,295,18,5.3,8.5,1.4,296,18,5.3,8.5,1.4,296,18,0,28.85,-0.1,0,0,0,39.0,46.4,49.1,0.20,0.23,0.18
CHES,2019-11-08 02:00:00 EST,43.65390,-73.77736,1089,22.0,22.5,15.6,73.6,14.8,0.000,0.000,0.00,0.000,4.0,6.8,1.3,293,17,4.7,8.3,1.5,294,18,4.7,8.3,1.5,294,18,0,28.85,0.0,0,0,0,39.0,46.4,49.1,0.20,0.23,0.18
CHES,2019-11-08 02:05:00 EST,43.65390,-73.77736,1089,21.7,22.2,16.1,74.2,14.8,0.000,0.000,0.00,0.000,3.6,6.9,1.2,311,16,4.1,7.9,1.3,315,17,4.1,7.9,1.3,315,17,0,28.84,-0.0,0,0,0,39.0,46.4,49.1,0.20,0.23,0.18
CHES,2019-11-08 02:10:00 EST,43.65390,-73.77736,1089,21.6,22.2,15.1,74.5,14.8,0.000,0.000,0.00,0.000,4.2,7.8,1.6,290,16,4.8,9.8,1.8,292,15,4.8,9.8,1.8,292,15,0,28.84,-0.1,0,0,0,39.0,46.4,49.1,0.20,0.23,0.18
CHES,2019-11-08 02:15:00 EST,43.65390,-73.77736,1089,21.7,22.2,14.8,74.0,14.6,0.000,0.000,0.00,0.000,4.5,8.5,1.6,303,15,5.1,9.0,1.6,304,16,5.1,9.0,1.6,304,16,0,28.84,0.0,0,0,0,39.0,46.4,49.1,0.20,0.23,0.17
CHES,2019-11-08 02:20:00 EST,43.65390,-73.77736,1089,21.6,22.1,14.6,74.0,14.6,0.000,0.000,0.00,0.000,4.6,9.3,1.4,296,11,5.2,10.9,1.7,298,12,5.2,10.9,1.7,298,12,0,28.84,-0.0,0,0,0,38.9,46.4,49.1,0.20,0.23,0.18
CHES,2019-11-08 02:25:00 EST,43.65390,-73.77736,1089,21.7,22.2,14.2,73.3,14.5,0.000,0.000,0.00,0.000,5.1,7.4,0.9,290,10,5.7,8.4,1.0,291,11,5.7,8.4,1.0,291,11,0,28.84,-0.1,0,0,0,38.8,46.4,49.1,0.20,0.23,0.18
CHES,2019-11-08 02:30:00 EST,43.65390,-73.77736,1089,21.4,22.1,14.9,73.3,14.2,0.000,0.000,0.00,0.000,4.2,7.2,1.2,294,11,4.8,8.3,1.3,296,11,4.8,8.3,1.3,296,11,0,28.84,-0.1,0,0,0,38.8,46.4,49.1,0.20,0.23,0.18
CHES,2019-11-08 02:35:00 EST,43.65390,-73.77736,1089,20.8,21.6,20.8,75.5,14.3,0.000,0.000,0.00,0.000,2.3,4.4,0.8,323,18,2.7,5.0,0.8,326,19,2.7,5.0,0.8,326,19,0,28.83,0.1,0,0,0,38.8,46.4,49.1,0.20,0.23,0.18
CHES,2019-11-08 02:40:00 EST,43.65390,-73.77736,1089,21.1,21.6,16.0,78.3,15.4,0.000,0.000,0.00,0.000,3.3,5.3,0.9,294,16,3.7,6.5,1.1,295,16,3.7,6.5,1.1,295,16,0,28.83,-0.2,0,0,0,38.8,46.4,49.1,0.20,0.23,0.18
CHES,2019-11-08 02:45:00 EST,43.65390,-73.77736,1089,20.9,21.7,14.1,75.9,14.5,0.000,0.000,0.00,0.000,4.4,6.9,0.7,278,9,5.0,8.2,0.9,279,8,5.0,8.2,0.9,279,8,0,28.84,0.0,0,0,0,38.8,46.4,49.1,0.20,0.23,0.18
CHES,2019-11-08 02:50:00 EST,43.65390,-73.77736,1089,21.1,21.8,14.0,74.4,14.2,0.000,0.000,0.00,0.000,4.7,6.7,1.0,290,10,5.3,7.5,1.2,291,10,5.3,7.5,1.2,291,10,0,28.83,-0.0,0,0,0,38.7,46.4,49.1,0.20,0.23,0.18
CHES,2019-11-08 02:55:00 EST,43.65390,-73.77736,1089,21.0,21.8,13.4,73.5,13.9,0.000,0.000,0.00,0.000,5.1,9.0,1.1,293,8,5.8,11.1,1.2,293,9,5.8,11.1,1.2,293,9,0,28.83,-0.1,0,0,0,38.7,46.4,49.1,0.20,0.23,0.17
CHES,2019-11-08 03:00:00 EST,43.65390,-73.77736,1089,20.7,21.5,13.9,74.4,13.9,0.000,0.000,0.00,0.000,4.5,6.4,0.9,296,9,5.0,7.2,0.9,298,9,5.0,7.2,0.9,298,9,0,28.83,-0.0,0,0,0,38.7,46.4,49.1,0.20,0.23,0.18
CHES,2019-11-08 03:05:00 EST,43.65390,-73.77736,1089,20.9,21.7,13.3,75.1,14.3,0.000,0.000,0.00,0.000,5.1,8.4,1.5,312,19,5.7,8.9,1.5,317,19,5.7,8.9,1.5,317,19,0,28.83,-0.0,0,0,0,38.7,46.4,49.1,0.20,0.23,0.17
CHES,2019-11-08 03:10:00 EST,43.65390,-73.77736,1089,20.8,21.4,14.3,74.7,14.0,0.000,0.000,0.00,0.000,4.3,7.2,1.2,318,12,4.6,7.4,1.3,322,12,4.6,7.4,1.3,322,12,0,28.83,0.1,0,0,0,38.7,46.4,49.1,0.20,0.23,0.18
CHES,2019-11-08 03:15:00 EST,43.65390,-73.77736,1089,20.9,21.3,11.6,73.5,13.8,0.000,0.000,0.00,0.000,6.7,13.4,2.5,295,15,7.6,14.6,2.7,295,14,7.6,14.6,2.7,295,14,0,28.83,0.1,0,0,0,38.7,46.4,49.1,0.20,0.23,0.18
CHES,2019-11-08 03:20:00 EST,43.65390,-73.77736,1089,21.3,21.6,11.4,70.1,13.0,0.000,0.000,0.00,0.000,7.7,12.4,1.7,296,15,8.6,12.9,2.0,296,16,8.6,12.9,2.0,296,16,0,28.84,0.0,0,0,0,38.7,46.4,49.1,0.20,0.23,0.17
CHES,2019-11-08 03:25:00 EST,43.65390,-73.77736,1089,21.3,21.6,11.5,68.2,12.4,0.000,0.000,0.00,0.000,7.4,12.0,1.9,297,18,8.3,13.4,2.1,299,16,8.3,13.4,2.1,299,16,0,28.83,0.0,0,0,0,38.5,46.4,49.1,0.20,0.23,0.18
CHES,2019-11-08 03:30:00 EST,43.65390,-73.77736,1089,21.2,21.6,12.9,66.9,11.9,0.000,0.000,0.00,0.000,5.8,9.1,1.2,299,17,6.5,11.9,1.5,300,16,6.5,11.9,1.5,300,16,0,28.83,0.0,0,0,0,38.5,46.4,49.1,0.20,0.23,0.18
CHES,2019-11-08 03:35:00 EST,43.65390,-73.77736,1089,21.4,21.7,10.9,65.9,11.8,0.000,0.000,0.00,0.000,8.6,14.2,2.0,292,11,9.5,16.1,2.5,292,12,9.5,16.1,2.5,292,12,0,28.83,-0.0,0,0,0,38.5,46.4,49.1,0.20,0.23,0.18
CHES,2019-11-08 03:40:00 EST,43.65390,-73.77736,1089,21.2,21.6,11.5,66.2,11.7,0.000,0.000,0.00,0.000,7.4,13.1,2.2,291,13,8.2,15.2,2.4,291,14,8.2,15.2,2.4,291,14,0,28.83,0.0,0,0,0,38.5,46.3,49.1,0.20,0.23,0.18
CHES,2019-11-08 03:45:00 EST,43.65390,-73.77736,1089,21.1,21.5,11.2,66.4,11.7,0.000,0.000,0.00,0.000,7.6,13.2,1.9,292,14,8.5,15.1,2.2,291,15,8.5,15.1,2.2,291,15,0,28.83,0.1,0,0,0,38.5,46.3,49.1,0.20,0.23,0.18
CHES,2019-11-08 03:50:00 EST,43.65390,-73.77736,1089,21.3,21.6,11.0,66.0,11.7,0.000,0.000,0.00,0.000,8.1,15.9,2.3,289,13,9.3,18.3,2.9,290,11,9.3,18.3,2.9,290,11,0,28.84,0.0,0,0,0,38.4,46.3,49.1,0.20,0.23,0.18
CHES,2019-11-08 03:55:00 EST,43.65390,-73.77736,1089,21.1,21.5,11.5,66.2,11.6,0.000,0.000,0.00,0.000,7.3,12.6,1.9,296,13,8.1,14.6,2.1,297,14,8.1,14.6,2.1,297,14,0,28.84,0.1,0,0,0,38.3,46.3,49.1,0.20,0.23,0.18
CHES,2019-11-08 04:00:00 EST,43.65390,-73.77736,1089,21.2,21.5,10.8,66.4,11.7,0.000,0.000,0.00,0.000,8.3,14.3,2.4,294,13,9.3,15.6,2.6,294,14,9.3,15.6,2.6,294,14,0,28.84,0.0,0,0,0,38.3,46.1,49.1,0.20,0.23,0.18
CHES,2019-11-08 04:05:00 EST,43.65390,-73.77736,1089,21.1,21.3,11.7,67.4,12.0,0.000,0.000,0.00,0.000,6.9,11.6,2.1,302,15,7.8,12.4,2.2,302,16,7.8,12.4,2.2,302,16,0,28.84,0.1,0,0,0,38.3,46.2,49.1,0.20,0.23,0.18
CHES,2019-11-08 04:10:00 EST,43.65390,-73.77736,1089,21.0,21.3,10.6,67.7,12.1,0.000,0.000,0.00,0.000,8.5,13.7,2.1,301,16,9.4,15.0,2.4,302,16,9.4,15.0,2.4,302,16,0,28.84,0.1,0,0,0,38.3,46.1,49.1,0.20,0.23,0.18
CHES,2019-11-08 04:15:00 EST,43.65390,-73.77736,1089,20.9,21.1,11.7,68.1,12.0,0.000,0.000,0.00,0.000,6.7,10.7,2.0,296,15,7.4,13.2,2.1,297,14,7.4,13.2,2.1,297,14,0,28.84,-0.0,0,0,0,38.3,46.1,49.1,0.20,0.23,0.18
CHES,2019-11-08 04:20:00 EST,43.65390,-73.77736,1089,20.9,21.1,11.0,67.9,11.9,0.000,0.000,0.00,0.000,7.3,13.4,2.2,290,16,8.4,15.4,2.4,289,14,8.4,15.4,2.4,289,14,0,28.84,-0.0,0,0,0,38.3,46.0,49.1,0.20,0.23,0.18
CHES,2019-11-08 04:25:00 EST,43.65390,-73.77736,1089,20.8,21.1,11.6,67.9,11.9,0.000,0.000,0.00,0.000,6.7,10.4,1.4,290,12,7.5,11.5,1.6,290,11,7.5,11.5,1.6,290,11,0,28.84,-0.0,0,0,0,38.2,46.1,49.1,0.20,0.23,0.18
CHES,2019-11-08 04:30:00 EST,43.65390,-73.77736,1089,20.8,21.0,10.8,67.7,11.8,0.000,0.000,0.00,0.000,7.8,14.2,2.4,296,13,8.5,14.7,2.4,297,14,8.5,14.7,2.4,297,14,0,28.84,0.0,0,0,0,38.1,46.0,49.1,0.20,0.23,0.18
CHES,2019-11-08 04:35:00 EST,43.65390,-73.77736,1089,20.8,21.0,11.3,66.6,11.4,0.000,0.000,0.00,0.000,7.1,13.1,2.1,294,16,7.9,14.8,2.5,293,15,7.9,14.8,2.5,293,15,0,28.83,-0.0,0,0,0,38.1,46.1,49.1,0.20,0.23,0.17
CHES,2019-11-08 04:40:00 EST,43.65390,-73.77736,1089,20.5,20.8,11.3,67.1,11.3,0.000,0.000,0.00,0.000,6.7,11.4,1.6,300,16,7.4,11.8,1.7,299,16,7.4,11.8,1.7,299,16,0,28.83,0.0,0,0,0,38.1,46.0,49.1,0.20,0.23,0.18
CHES,2019-11-08 04:45:00 EST,43.65390,-73.77736,1089,20.6,20.8,12.5,66.2,11.1,0.000,0.000,0.00,0.000,5.6,9.1,1.5,309,16,6.3,10.5,1.6,311,18,6.3,10.5,1.6,311,18,0,28.83,0.1,0,0,0,38.1,46.0,49.1,0.20,0.23,0.18
CHES,2019-11-08 04:50:00 EST,43.65390,-73.77736,1089,20.5,20.7,13.6,66.2,10.9,0.000,0.000,0.00,0.000,4.1,6.7,1.4,323,19,4.9,7.5,1.5,326,20,4.9,7.5,1.5,326,20,0,28.83,0.1,0,0,0,38.1,46.0,49.1,0.20,0.23,0.18
CHES,2019-11-08 04:55:00 EST,43.65390,-73.77736,1089,20.2,20.5,15.7,66.0,10.7,0.000,0.000,0.00,0.000,2.4,6.1,1.7,334,29,3.2,8.0,1.6,344,37,3.2,8.0,1.6,344,37,0,28.84,-0.0,0,0,0,38.1,46.0,49.1,0.20,0.23,0.18
CHES,2019-11-08 05:00:00 EST,43.65390,-73.77736,1089,20.1,20.4,13.5,66.2,10.6,0.000,0.000,0.00,0.000,3.7,6.6,1.5,330,23,4.7,9.7,1.9,334,23,4.7,9.7,1.9,334,23,0,28.84,0.1,0,0,0,37.9,46.0,49.1,0.20,0.23,0.18
CHES,2019-11-08 05:05:00 EST,43.65390,-73.77736,1089,20.4,20.6,13.5,65.3,10.6,0.000,0.000,0.00,0.000,4.1,7.8,1.5,327,25,4.9,8.6,1.7,329,24,4.9,8.6,1.7,329,24,0,28.84,-0.0,0,0,0,37.9,46.0,49.1,0.20,0.23,0.18
CHES,2019-11-08 05:10:00 EST,43.65390,-73.77736,1089,20.3,20.5,12.3,64.8,10.3,0.000,0.000,0.00,0.000,5.2,13.7,2.6,322,20,6.0,14.6,2.7,326,18,6.0,14.6,2.7,326,18,0,28.84,0.1,0,0,0,37.9,46.0,49.1,0.20,0.23,0.18
CHES,2019-11-08 05:15:00 EST,43.65390,-73.77736,1089,20.3,20.7,10.2,63.9,10.1,0.000,0.000,0.00,0.000,8.0,15.9,2.5,302,13,8.6,15.4,2.5,304,14,8.6,15.4,2.5,304,14,0,28.84,0.0,0,0,0,37.9,46.0,49.1,0.20,0.23,0.18
CHES,2019-11-08 05:20:00 EST,43.65390,-73.77736,1089,20.2,20.5,10.3,64.3,10.1,0.000,0.000,0.00,0.000,7.7,11.2,1.9,305,15,8.3,14.1,2.2,307,15,8.3,14.1,2.2,307,15,0,28.84,-0.0,0,0,0,37.9,46.0,49.1,0.20,0.23,0.18
CHES,2019-11-08 05:25:00 EST,43.65390,-73.77736,1089,20.2,20.5,9.9,64.6,10.2,0.000,0.000,0.00,0.000,8.2,12.6,2.0,301,11,8.9,14.2,2.1,301,12,8.9,14.2,2.1,301,12,0,28.84,-0.0,0,0,0,37.9,46.0,49.1,0.20,0.23,0.18
CHES,2019-11-08 05:30:00 EST,43.65390,-73.77736,1089,20.2,20.4,9.6,64.8,10.2,0.000,0.000,0.00,0.000,8.6,14.5,2.2,305,15,9.2,15.7,2.4,306,15,9.2,15.7,2.4,306,15,0,28.84,0.0,0,0,0,37.9,46.0,49.1,0.20,0.23,0.18
CHES,2019-11-08 05:35:00 EST,43.65390,-73.77736,1089,20.0,20.3,9.6,65.8,10.4,0.000,0.000,0.00,0.000,8.1,12.1,1.8,300,15,8.9,14.0,2.1,300,15,8.9,14.0,2.1,300,15,0,28.84,0.0,0,0,0,37.8,46.0,49.1,0.20,0.23,0.18
CHES,2019-11-08 05:40:00 EST,43.65390,-73.77736,1089,19.9,20.2,8.6,66.0,10.4,0.000,0.000,0.00,0.000,9.4,16.3,2.8,303,16,10.2,17.6,2.8,304,18,10.2,17.6,2.8,304,18,0,28.84,0.1,0,0,0,37.8,46.0,49.1,0.20,0.23,0.18
CHES,2019-11-08 05:45:00 EST,43.65390,-73.77736,1089,20.1,20.3,8.9,65.4,10.4,0.000,0.000,0.00,0.000,9.5,18.3,3.5,306,13,10.1,19.4,3.4,308,14,10.1,19.4,3.4,308,14,0,28.84,-0.0,0,0,0,37.8,46.0,49.1,0.20,0.23,0.18
CHES,2019-11-08 05:50:00 EST,43.65390,-73.77736,1089,20.0,20.2,8.1,65.5,10.3,0.000,0.000,0.00,0.000,10.3,17.5,2.7,299,15,11.3,19.4,2.9,300,15,11.3,19.4,2.9,300,15,0,28.85,0.1,0,0,0,37.8,46.0,49.1,0.20,0.23,0.18
CHES,2019-11-08 05:55:00 EST,43.65390,-73.77736,1089,19.7,20.0,10.6,66.8,10.4,0.000,0.000,0.00,0.000,6.2,10.5,1.8,300,16,7.1,12.4,2.0,302,16,7.1,12.4,2.0,302,16,0,28.85,0.0,0,0,0,37.8,46.0,49.1,0.20,0.23,0.18
CHES,2019-11-08 06:00:00 EST,43.65390,-73.77736,1089,19.6,19.9,9.6,67.5,10.6,0.000,0.000,0.00,0.000,7.5,12.1,1.9,298,14,8.2,14.0,2.0,299,14,8.2,14.0,2.0,299,14,0,28.85,0.1,0,0,0,37.8,46.0,49.1,0.20,0.23,0.18
CHES,2019-11-08 06:05:00 EST,43.65390,-73.77736,1089,19.6,19.9,9.0,67.6,10.6,0.000,0.000,0.00,0.000,8.2,14.0,2.3,300,14,9.1,15.7,2.4,300,14,9.1,15.7,2.4,300,14,0,28.85,0.0,0,0,0,37.7,46.0,49.1,0.20,0.23,0.18
CHES,2019-11-08 06:10:00 EST,43.65390,-73.77736,1089,19.6,19.8,9.2,67.5,10.6,0.000,0.000,0.00,0.000,7.8,12.9,2.1,302,17,8.7,15.4,2.3,303,18,8.7,15.4,2.3,303,18,0,28.85,0.1,0,0,0,37.6,46.0,49.1,0.20,0.23,0.18
CHES,2019-11-08 06:15:00 EST,43.65390,-73.77736,1089,19.8,19.9,8.1,67.9,10.9,0.000,0.000,0.00,0.000,9.9,14.7,2.2,301,17,10.8,17.2,2.5,301,17,10.8,17.2,2.5,301,17,0,28.85,0.0,0,0,0,37.6,46.0,49.1,0.20,0.23,0.18
CHES,2019-11-08 06:20:00 EST,43.65390,-73.77736,1089,19.8,19.9,8.4,68.2,11.0,0.000,0.000,0.00,0.000,9.8,16.1,2.6,304,17,10.4,18.3,2.7,304,17,10.4,18.3,2.7,304,17,0,28.85,0.0,0,0,0,37.6,46.0,49.1,0.20,0.23,0.18
CHES,2019-11-08 06:25:00 EST,43.65390,-73.77736,1089,19.6,19.8,8.6,69.0,11.1,0.000,0.000,0.00,0.000,8.8,15.8,2.7,298,15,9.7,18.8,2.9,298,15,9.7,18.8,2.9,298,15,0,28.85,0.1,0,0,0,37.6,46.0,49.1,0.20,0.23,0.18
CHES,2019-11-08 06:30:00 EST,43.65390,-73.77736,1089,19.6,19.8,9.1,70.0,11.4,0.000,0.000,0.00,0.000,8.1,15.1,2.5,310,16,9.0,17.7,2.7,312,18,9.0,17.7,2.7,312,18,1,28.86,0.1,0,0,0,37.6,46.0,49.1,0.20,0.23,0.18
CHES,2019-11-08 06:35:00 EST,43.65390,-73.77736,1089,19.6,19.7,8.7,71.0,11.7,0.000,0.000,0.00,0.000,8.4,16.5,2.7,305,16,9.4,18.0,3.0,307,16,9.4,18.0,3.0,307,16,3,28.86,0.0,0,0,0,37.6,46.0,49.1,0.20,0.23,0.18
CHES,2019-11-08 06:40:00 EST,43.65390,-73.77736,1089,19.5,19.7,9.2,71.8,11.9,0.000,0.000,0.00,0.000,7.3,13.4,2.2,305,18,8.5,16.4,2.5,306,16,8.5,16.4,2.5,306,16,6,28.86,0.1,0,0,0,37.6,46.0,49.1,0.20,0.23,0.18
CHES,2019-11-08 06:45:00 EST,43.65390,-73.77736,1089,19.6,19.7,9.0,71.9,12.0,0.000,0.000,0.00,0.000,8.4,15.6,2.5,306,15,9.1,18.6,2.7,309,16,9.1,18.6,2.7,309,16,10,28.87,0.1,0,0,0,37.5,46.0,49.1,0.20,0.23,0.18
CHES,2019-11-08 06:50:00 EST,43.65390,-73.77736,1089,19.7,19.8,8.1,71.6,12.0,0.000,0.000,0.00,0.000,9.8,17.3,2.8,310,17,10.6,17.8,2.8,312,17,10.6,17.8,2.8,312,17,13,28.87,0.0,0,0,0,37.4,46.0,49.1,0.20,0.23,0.18
CHES,2019-11-08 06:55:00 EST,43.65390,-73.77736,1089,19.5,19.7,8.7,72.4,12.1,0.000,0.000,0.00,0.000,8.5,14.8,2.2,309,14,9.4,16.1,2.3,311,15,9.4,16.1,2.3,311,15,17,28.87,0.1,0,0,0,37.4,46.0,49.1,0.20,0.23,0.18
CHES,2019-11-08 07:00:00 EST,43.65390,-73.77736,1089,19.4,19.6,8.6,73.0,12.2,0.000,0.000,0.00,0.000,8.3,14.2,2.0,304,16,9.3,15.1,2.1,306,14,9.3,15.1,2.1,306,14,19,28.87,0.1,0,0,0,37.4,46.0,49.1,0.20,0.23,0.18
CHES,2019-11-08 07:05:00 EST,43.65390,-73.77736,1089,19.6,19.7,8.4,72.4,12.1,0.000,0.000,0.00,0.000,9.0,14.4,2.4,301,15,9.9,16.3,2.5,302,15,9.9,16.3,2.5,302,15,24,28.87,0.1,0,0,0,37.4,45.9,49.1,0.20,0.23,0.18
CHES,2019-11-08 07:10:00 EST,43.65390,-73.77736,1089,19.8,19.9,9.1,71.4,12.1,0.000,0.000,0.00,0.000,8.5,14.2,2.3,308,13,9.2,14.9,2.1,310,14,9.2,14.9,2.1,310,14,32,28.88,0.1,0,0,0,37.4,45.9,49.1,0.20,0.23,0.18
CHES,2019-11-08 07:15:00 EST,43.65390,-73.77736,1089,19.8,19.9,10.1,71.5,12.1,0.000,0.000,0.00,0.000,7.2,12.6,1.9,313,13,7.9,13.5,1.9,316,14,7.9,13.5,1.9,316,14,41,28.88,0.1,0,0,0,37.4,45.9,49.0,0.20,0.23,0.18
CHES,2019-11-08 07:20:00 EST,43.65390,-73.77736,1089,20.0,20.0,10.3,71.1,12.1,0.000,0.000,0.00,0.000,7.2,12.6,1.9,301,16,7.9,15.7,2.2,303,16,7.9,15.7,2.2,303,16,41,28.88,0.1,0,0,0,37.3,45.9,49.1,0.20,0.23,0.18
CHES,2019-11-08 07:25:00 EST,43.65390,-73.77736,1089,20.0,20.1,10.8,71.0,12.1,0.000,0.000,0.00,0.000,6.7,9.9,1.3,303,15,7.3,10.9,1.4,306,16,7.3,10.9,1.4,306,16,44,28.89,0.1,0,0,0,37.3,45.9,49.1,0.20,0.23,0.18
CHES,2019-11-08 07:30:00 EST,43.65390,-73.77736,1089,20.1,20.1,11.1,71.1,12.2,0.000,0.000,0.00,0.000,6.4,10.6,2.0,304,18,7.1,12.2,2.2,307,18,7.1,12.2,2.2,307,18,52,28.89,0.1,0,0,0,37.2,45.9,49.0,0.20,0.23,0.18
CHES,2019-11-08 07:35:00 EST,43.65390,-73.77736,1089,20.2,20.2,11.1,71.5,12.5,0.000,0.000,0.00,0.000,6.6,10.2,1.4,306,17,7.3,11.2,1.5,309,17,7.3,11.2,1.5,309,17,65,28.89,0.1,0,0,0,37.2,45.9,49.1,0.20,0.23,0.18
CHES,2019-11-08 07:40:00 EST,43.65390,-73.77736,1089,20.3,20.3,10.9,71.4,12.6,0.000,0.000,0.00,0.000,6.9,12.9,1.8,304,15,7.6,13.3,1.8,307,16,7.6,13.3,1.8,307,16,58,28.89,0.1,0,0,0,37.2,45.9,49.0,0.20,0.23,0.18
CHES,2019-11-08 07:45:00 EST,43.65390,-73.77736,1089,20.3,20.3,9.7,72.1,12.7,0.000,0.000,0.00,0.000,8.4,15.1,2.7,300,16,9.2,16.6,2.8,301,16,9.2,16.6,2.8,301,16,70,28.90,0.1,0,0,0,37.2,45.9,49.1,0.20,0.23,0.18
CHES,2019-11-08 07:50:00 EST,43.65390,-73.77736,1089,20.4,20.4,9.0,71.8,12.8,0.000,0.000,0.00,0.000,9.7,14.8,2.1,310,14,10.6,15.2,2.0,313,15,10.6,15.2,2.0,313,15,102,28.90,0.1,0,0,0,37.2,45.9,49.1,0.20,0.23,0.18
CHES,2019-11-08 07:55:00 EST,43.65390,-73.77736,1089,20.7,20.6,9.3,71.0,12.8,0.000,0.000,0.00,0.000,10.0,16.1,2.0,306,16,10.8,16.7,2.2,308,18,10.8,16.7,2.2,308,18,147,28.90,0.1,0,0,0,37.2,45.9,48.9,0.20,0.23,0.18
CHES,2019-11-08 08:00:00 EST,43.65390,-73.77736,1089,21.0,20.9,10.0,70.0,12.8,0.000,0.000,0.00,0.000,9.4,14.6,2.0,310,16,10.2,17.4,2.2,311,16,10.2,17.4,2.2,311,16,176,28.90,0.1,0,0,0,37.2,45.9,48.8,0.20,0.23,0.18
CHES,2019-11-08 08:05:00 EST,43.65390,-73.77736,1089,21.3,21.1,11.5,70.0,13.0,0.000,0.000,0.00,0.000,7.6,11.9,2.0,303,13,8.4,12.9,1.8,305,13,8.4,12.9,1.8,305,13,188,28.90,0.1,0,0,0,37.2,45.9,48.8,0.20,0.23,0.18
CHES,2019-11-08 08:10:00 EST,43.65390,-73.77736,1089,21.6,21.3,11.5,68.5,12.8,0.000,0.000,0.00,0.000,8.4,12.3,1.8,312,13,8.9,12.7,1.8,314,13,8.9,12.7,1.8,314,13,212,28.90,0.1,0,0,0,37.2,45.9,48.8,0.20,0.23,0.18
CHES,2019-11-08 08:15:00 EST,43.65390,-73.77736,1089,21.7,21.5,10.7,67.5,12.6,0.000,0.000,0.00,0.000,9.9,16.1,2.2,310,13,10.5,17.4,2.2,313,13,10.5,17.4,2.2,313,13,206,28.90,0.1,0,0,0,37.2,45.9,48.9,0.20,0.23,0.18
CHES,2019-11-08 08:20:00 EST,43.65390,-73.77736,1089,22.0,21.8,12.1,67.2,12.8,0.000,0.000,0.00,0.000,7.9,14.0,2.5,302,13,8.7,15.1,2.5,303,14,8.7,15.1,2.5,303,14,192,28.90,0.1,0,0,0,37.2,45.9,48.7,0.20,0.23,0.18
CHES,2019-11-08 08:25:00 EST,43.65390,-73.77736,1089,22.1,21.9,10.7,65.7,12.3,0.000,0.000,0.00,0.000,10.5,17.5,2.9,311,14,11.2,19.1,3.0,313,15,11.2,19.1,3.0,313,15,210,28.91,0.1,0,0,0,37.2,45.9,48.9,0.20,0.23,0.18
CHES,2019-11-08 08:30:00 EST,43.65390,-73.77736,1089,22.1,21.9,11.1,66.5,12.7,0.000,0.000,0.00,0.000,9.8,14.8,2.5,319,17,10.6,16.6,2.6,322,17,10.6,16.6,2.6,322,17,227,28.91,0.1,0,0,0,37.2,45.9,49.0,0.20,0.23,0.18
CHES,2019-11-08 08:35:00 EST,43.65390,-73.77736,1089,22.3,22.1,12.3,66.5,12.9,0.000,0.000,0.00,0.000,8.3,13.7,1.9,306,16,9.1,15.3,2.0,307,16,9.1,15.3,2.0,307,16,239,28.91,0.1,0,0,0,37.2,45.9,48.8,0.20,0.23,0.18
CHES,2019-11-08 08:40:00 EST,43.65390,-73.77736,1089,22.7,22.4,13.0,66.6,13.2,0.000,0.000,0.00,0.000,7.9,18.0,2.8,306,13,8.8,18.7,2.9,305,14,8.8,18.7,2.9,305,14,250,28.91,0.1,0,0,0,37.2,45.9,48.9,0.20,0.23,0.18
CHES,2019-11-08 08:45:00 EST,43.65390,-73.77736,1089,22.7,22.5,11.1,64.6,12.6,0.000,0.000,0.00,0.000,11.1,16.9,2.2,315,14,12.0,17.6,2.1,317,14,12.0,17.6,2.1,317,14,261,28.91,0.1,0,0,0,37.2,45.9,48.8,0.20,0.23,0.18
CHES,2019-11-08 08:50:00 EST,43.65390,-73.77736,1089,23.0,22.7,12.2,64.4,12.8,0.000,0.000,0.00,0.000,9.8,18.4,3.2,315,19,10.6,18.2,3.2,316,18,10.6,18.2,3.2,316,18,270,28.91,0.1,0,0,0,37.2,45.9,48.7,0.20,0.23,0.18
CHES,2019-11-08 08:55:00 EST,43.65390,-73.77736,1089,23.0,22.8,11.9,64.0,12.7,0.000,0.000,0.00,0.000,10.4,15.6,2.3,311,18,11.3,17.1,2.3,314,15,11.3,17.1,2.3,314,15,285,28.91,0.1,0,0,0,37.2,45.9,48.7,0.20,0.23,0.18
CHES,2019-11-08 09:00:00 EST,43.65390,-73.77736,1089,23.6,23.1,14.9,65.5,13.7,0.000,0.000,0.00,0.000,6.9,13.4,1.9,312,18,7.5,13.9,2.0,311,19,7.5,13.9,2.0,311,19,295,28.91,0.1,0,0,0,37.2,45.9,48.7,0.20,0.23,0.18
CHES,2019-11-08 09:05:00 EST,43.65390,-73.77736,1089,23.6,23.2,12.6,63.2,12.9,0.000,0.000,0.00,0.000,10.4,18.0,3.1,320,15,11.3,22.1,3.1,325,14,11.3,22.1,3.1,325,14,316,28.91,0.1,0,0,0,37.2,45.9,48.7,0.20,0.23,0.18
CHES,2019-11-08 09:10:00 EST,43.65390,-73.77736,1089,23.8,23.5,12.5,62.9,13.0,0.000,0.000,0.00,0.000,10.9,19.8,3.5,305,14,11.8,22.8,3.7,307,16,11.8,22.8,3.7,307,16,317,28.91,0.1,0,0,0,37.2,45.9,48.7,0.20,0.23,0.18
CHES,2019-11-08 09:15:00 EST,43.65390,-73.77736,1089,23.9,23.6,13.6,62.9,13.1,0.000,0.000,0.00,0.000,9.0,15.1,2.4,320,17,10.0,15.1,2.4,324,17,10.0,15.1,2.4,324,17,333,28.91,0.1,0,0,0,37.1,45.9,48.7,0.20,0.23,0.18
CHES,2019-11-08 09:20:00 EST,43.65390,-73.77736,1089,24.3,23.9,13.7,63.1,13.6,0.000,0.000,0.00,0.000,10.0,17.1,3.0,312,21,10.9,18.0,3.1,312,22,10.9,18.0,3.1,312,22,381,28.91,0.1,0,0,0,37.0,45.9,48.8,0.20,0.23,0.18
CHES,2019-11-08 09:25:00 EST,43.65390,-73.77736,1089,24.4,24.0,13.9,62.1,13.3,0.000,0.000,0.00,0.000,9.9,17.1,2.5,306,17,10.8,19.4,2.7,309,17,10.8,19.4,2.7,309,17,309,28.91,0.1,0,0,0,37.1,45.9,48.7,0.20,0.23,0.18
CHES,2019-11-08 09:30:00 EST,43.65390,-73.77736,1089,24.8,24.3,13.7,61.1,13.3,0.000,0.000,0.00,0.000,10.9,18.0,3.1,309,19,12.0,20.2,3.2,309,21,12.0,20.2,3.2,309,21,395,28.91,0.1,0,0,0,37.0,45.9,48.7,0.20,0.23,0.18
CHES,2019-11-08 09:35:00 EST,43.65390,-73.77736,1089,24.5,24.2,13.6,60.8,12.8,0.000,0.000,0.00,0.000,10.6,15.0,2.6,310,19,11.4,18.5,2.7,313,21,11.4,18.5,2.7,313,21,257,28.91,0.1,0,0,0,37.0,45.8,48.7,0.20,0.23,0.18
CHES,2019-11-08 09:40:00 EST,43.65390,-73.77736,1089,24.6,24.2,14.0,60.6,12.9,0.000,0.000,0.00,0.000,10.3,17.0,2.1,309,14,11.0,18.0,2.3,309,14,11.0,18.0,2.3,309,14,353,28.91,0.2,0,0,0,37.0,45.9,48.7,0.20,0.23,0.18
CHES,2019-11-08 09:45:00 EST,43.65390,-73.77736,1089,24.6,24.2,12.5,59.2,12.3,0.000,0.000,0.00,0.000,12.7,24.0,3.9,302,17,13.9,22.4,4.0,303,17,13.9,22.4,4.0,303,17,322,28.91,0.1,0,0,0,37.0,45.8,48.7,0.20,0.23,0.18
CHES,2019-11-08 09:50:00 EST,43.65390,-73.77736,1089,24.8,24.4,12.8,57.6,12.0,0.000,0.000,0.00,0.000,12.8,26.9,3.9,298,17,14.1,29.9,4.1,297,16,14.1,29.9,4.1,297,16,350,28.91,0.1,0,0,0,37.0,45.8,48.7,0.20,0.23,0.18
CHES,2019-11-08 09:55:00 EST,43.65390,-73.77736,1089,24.9,24.5,12.4,56.1,11.4,0.000,0.000,0.00,0.000,14.0,20.5,3.6,313,17,15.0,21.8,3.4,315,19,15.0,21.8,3.4,315,19,245,28.91,0.1,0,0,0,37.0,45.8,48.7,0.20,0.23,0.18
CHES,2019-11-08 10:00:00 EST,43.65390,-73.77736,1089,24.7,24.4,12.1,59.9,12.7,0.000,0.000,0.00,0.000,14.0,22.1,3.2,296,12,15.2,23.8,3.2,296,11,15.2,23.8,3.2,296,11,284,28.91,0.1,0,0,0,37.0,45.7,48.7,0.20,0.23,0.18
CHES,2019-11-08 10:05:00 EST,43.65390,-73.77736,1089,24.7,24.4,13.5,59.8,12.7,0.000,0.000,0.00,0.000,11.1,16.6,2.1,298,17,12.1,18.5,2.3,299,18,12.1,18.5,2.3,299,18,323,28.92,0.2,0,0,0,37.0,45.7,48.7,0.20,0.23,0.18
CHES,2019-11-08 10:10:00 EST,43.65390,-73.77736,1089,25.1,24.6,14.0,58.7,12.7,0.000,0.000,0.00,0.000,11.3,22.3,3.6,301,15,12.2,23.4,3.8,300,16,12.2,23.4,3.8,300,16,427,28.92,0.1,0,0,0,37.0,45.7,48.7,0.20,0.23,0.18
CHES,2019-11-08 10:15:00 EST,43.65390,-73.77736,1089,25.4,24.9,14.4,56.1,12.0,0.000,0.000,0.00,0.000,11.3,18.6,3.0,304,20,12.4,20.6,3.2,303,20,12.4,20.6,3.2,303,20,435,28.92,0.1,0,0,0,37.0,45.7,48.7,0.20,0.23,0.18
CHES,2019-11-08 10:20:00 EST,43.65390,-73.77736,1089,25.8,25.3,13.7,53.9,11.3,0.000,0.000,0.00,0.000,13.7,25.1,3.8,302,16,14.7,26.4,4.0,303,15,14.7,26.4,4.0,303,15,449,28.92,0.0,0,0,0,37.0,45.7,48.7,0.20,0.23,0.18
CHES,2019-11-08 10:25:00 EST,43.65390,-73.77736,1089,25.9,25.4,13.5,50.9,10.2,0.000,0.000,0.00,0.000,14.6,25.7,3.8,296,15,15.7,27.0,4.0,297,14,15.7,27.0,4.0,297,14,463,28.92,0.1,0,0,0,37.0,45.7,48.7,0.20,0.23,0.18
CHES,2019-11-08 10:30:00 EST,43.65390,-73.77736,1089,26.1,25.7,13.2,48.5,9.3,0.000,0.000,0.00,0.000,15.9,24.1,3.8,301,17,17.2,27.4,4.2,302,17,17.2,27.4,4.2,302,17,495,28.92,0.1,0,0,0,37.0,45.7,48.7,0.20,0.23,0.18
CHES,2019-11-08 10:35:00 EST,43.65390,-73.77736,1089,26.0,25.7,13.6,47.1,8.5,0.000,0.000,0.00,0.000,14.4,22.9,3.8,317,24,15.6,23.8,3.7,318,22,15.6,23.8,3.7,318,22,285,28.92,0.0,0,0,0,37.0,45.7,48.7,0.20,0.23,0.18
CHES,2019-11-08 10:40:00 EST,43.65390,-73.77736,1089,24.9,24.8,12.7,55.1,11.1,0.000,0.000,0.00,0.000,13.5,22.8,3.7,298,18,14.6,23.6,3.7,296,18,14.6,23.6,3.7,296,18,227,28.92,0.1,0,0,0,37.0,45.7,48.7,0.20,0.23,0.18
CHES,2019-11-08 10:45:00 EST,43.65390,-73.77736,1089,25.2,24.7,12.5,60.7,13.5,0.000,0.000,0.00,0.000,14.9,23.9,3.6,292,14,16.0,25.4,4.0,293,13,16.0,25.4,4.0,293,13,413,28.92,0.1,0,0,0,37.0,45.7,48.7,0.20,0.23,0.18
CHES,2019-11-08 10:50:00 EST,43.65390,-73.77736,1089,25.4,25.0,13.0,59.1,13.1,0.000,0.000,0.00,0.000,14.3,22.5,3.0,296,15,15.3,23.1,3.2,297,17,15.3,23.1,3.2,297,17,389,28.92,0.1,0,0,0,37.0,45.7,48.7,0.20,0.23,0.18
CHES,2019-11-08 10:55:00 EST,43.65390,-73.77736,1089,25.2,24.9,12.5,57.5,12.3,0.000,0.000,0.00,0.000,14.8,27.6,4.1,293,14,16.0,28.6,4.4,294,16,16.0,28.6,4.4,294,16,359,28.92,0.1,0,0,0,37.0,45.7,48.7,0.20,0.23,0.18
CHES,2019-11-08 11:00:00 EST,43.65390,-73.77736,1089,25.3,24.9,12.8,57.1,12.3,0.000,0.000,0.00,0.000,14.4,23.4,3.9,289,15,15.8,25.2,3.8,290,13,15.8,25.2,3.8,290,13,357,28.92,0.1,0,0,0,37.0,45.7,48.7,0.20,0.23,0.18
CHES,2019-11-08 11:05:00 EST,43.65390,-73.77736,1089,25.7,25.3,14.1,56.9,12.6,0.000,0.000,0.00,0.000,12.9,18.9,3.2,295,12,13.7,21.7,3.5,295,12,13.7,21.7,3.5,295,12,458,28.92,0.2,0,0,0,37.0,45.7,48.7,0.20,0.23,0.18
CHES,2019-11-08 11:10:00 EST,43.65390,-73.77736,1089,25.8,25.3,13.5,54.8,11.8,0.000,0.000,0.00,0.000,14.4,23.2,3.7,299,13,15.5,23.9,3.6,297,13,15.5,23.9,3.6,297,13,485,28.92,0.2,0,0,0,37.0,45.7,48.7,0.20,0.23,0.18
CHES,2019-11-08 11:15:00 EST,43.65390,-73.77736,1089,25.8,25.4,14.3,55.2,11.9,0.000,0.000,0.00,0.000,12.6,20.1,3.5,311,19,13.6,21.6,3.4,314,20,13.6,21.6,3.4,314,20,336,28.92,0.1,0,0,0,37.0,45.7,48.7,0.20,0.23,0.18
CHES,2019-11-08 11:20:00 EST,43.65390,-73.77736,1089,25.8,25.3,14.1,52.4,10.7,0.000,0.000,0.00,0.000,12.8,21.4,2.8,299,17,13.7,22.4,3.0,299,17,13.7,22.4,3.0,299,17,468,28.93,0.1,0,0,0,37.0,45.7,48.7,0.20,0.23,0.18
CHES,2019-11-08 11:25:00 EST,43.65390,-73.77736,1089,26.1,25.6,13.6,50.5,10.2,0.000,0.000,0.00,0.000,14.8,28.1,5.8,308,17,16.2,32.1,5.9,307,16,16.2,32.1,5.9,307,16,392,28.92,0.1,0,0,0,37.0,45.7,48.7,0.20,0.23,0.18
CHES,2019-11-08 11:30:00 EST,43.65390,-73.77736,1089,25.3,25.1,13.8,49.1,8.9,0.000,0.000,0.00,0.000,12.1,23.1,4.1,323,17,13.3,24.6,4.0,326,16,13.3,24.6,4.0,326,16,147,28.93,0.1,0,0,0,37.0,45.7,48.7,0.20,0.23,0.18
CHES,2019-11-08 11:35:00 EST,43.65390,-73.77736,1089,25.3,25.1,15.0,50.1,9.3,0.000,0.000,0.00,0.000,9.0,16.5,2.9,336,23,10.7,19.0,3.0,339,20,10.7,19.0,3.0,339,20,173,28.93,0.1,0,0,0,37.0,45.7,48.7,0.20,0.23,0.18
CHES,2019-11-08 11:40:00 EST,43.65390,-73.77736,1089,25.4,25.2,15.8,52.8,10.6,0.000,0.000,0.00,0.000,9.1,14.8,2.8,302,15,9.7,16.4,3.1,307,16,9.7,16.4,3.1,307,16,219,28.93,0.1,0,0,0,37.0,45.7,48.7,0.20,0.23,0.18
CHES,2019-11-08 11:45:00 EST,43.65390,-73.77736,1089,25.7,25.4,15.5,52.9,10.9,0.000,0.000,0.00,0.000,9.9,17.4,3.1,304,19,10.9,19.4,3.3,305,20,10.9,19.4,3.3,305,20,249,28.92,0.1,0,0,0,37.0,45.7,48.7,0.20,0.23,0.18
CHES,2019-11-08 11:50:00 EST,43.65390,-73.77736,1089,26.3,25.8,16.2,52.3,11.2,0.000,0.000,0.00,0.000,9.8,18.2,2.9,301,17,10.9,20.6,2.9,301,17,10.9,20.6,2.9,301,17,536,28.92,0.2,0,0,0,37.0,45.6,48.7,0.20,0.23,0.18
CHES,2019-11-08 11:55:00 EST,43.65390,-73.77736,1089,26.8,26.2,16.2,50.2,10.7,0.000,0.000,0.00,0.000,11.1,17.5,3.0,300,16,12.0,20.6,3.4,301,15,12.0,20.6,3.4,301,15,550,28.92,0.2,0,0,0,37.0,45.6,48.7,0.20,0.23,0.18
CHES,2019-11-08 12:00:00 EST,43.65390,-73.77736,1089,27.1,26.4,16.1,50.5,11.1,0.000,0.000,0.00,0.000,12.1,18.2,3.3,298,20,13.1,20.0,3.3,299,17,13.1,20.0,3.3,299,17,587,28.92,0.2,0,0,0,37.0,45.6,48.7,0.20,0.23,0.18
CHES,2019-11-08 12:05:00 EST,43.65390,-73.77736,1089,27.3,26.6,16.5,48.5,10.4,0.000,0.000,0.00,0.000,11.4,19.6,3.8,327,26,12.8,24.9,4.1,330,22,12.8,24.9,4.1,330,22,491,28.92,0.1,0,0,0,37.0,45.5,48.7,0.20,0.23,0.18
CHES,2019-11-08 12:10:00 EST,43.65390,-73.77736,1089,26.9,26.3,15.7,48.5,10.0,0.000,0.000,0.00,0.000,12.4,22.1,4.0,294,13,13.4,25.2,4.2,294,13,13.4,25.2,4.2,294,13,351,28.92,0.0,0,0,0,37.0,45.5,48.7,0.20,0.23,0.18
CHES,2019-11-08 12:15:00 EST,43.65390,-73.77736,1089,26.4,25.9,14.7,49.2,9.9,0.000,0.000,0.00,0.000,13.0,19.9,3.4,295,19,14.3,23.5,3.6,296,18,14.3,23.5,3.6,296,18,405,28.92,0.2,0,0,0,37.0,45.5,48.7,0.20,0.23,0.18
CHES,2019-11-08 12:20:00 EST,43.65390,-73.77736,1089,26.1,25.6,14.4,50.5,10.2,0.000,0.000,0.00,0.000,12.7,22.2,4.3,295,14,14.0,24.3,4.5,295,13,14.0,24.3,4.5,295,13,259,28.92,0.1,0,0,0,37.0,45.5,48.7,0.20,0.23,0.18
CHES,2019-11-08 12:25:00 EST,43.65390,-73.77736,1089,25.8,25.5,15.3,50.8,10.1,0.000,0.000,0.00,0.000,10.4,19.3,2.8,305,20,11.5,23.0,3.1,306,21,11.5,23.0,3.1,306,21,191,28.92,0.1,0,0,0,37.0,45.5,48.7,0.20,0.23,0.18
CHES,2019-11-08 12:30:00 EST,43.65390,-73.77736,1089,26.3,25.8,15.9,51.6,10.9,0.000,0.000,0.00,0.000,10.1,17.5,3.6,304,23,11.3,21.6,3.8,304,22,11.3,21.6,3.8,304,22,389,28.92,0.2,0,0,0,37.0,45.5,48.7,0.20,0.23,0.18
CHES,2019-11-08 12:35:00 EST,43.65390,-73.77736,1089,27.1,26.5,17.0,49.5,10.7,0.000,0.000,0.00,0.000,10.5,17.1,2.7,317,18,11.4,19.3,3.0,319,18,11.4,19.3,3.0,319,18,424,28.92,0.2,0,0,0,37.0,45.5,48.7,0.20,0.23,0.18
CHES,2019-11-08 12:40:00 EST,43.65390,-73.77736,1089,26.7,26.3,15.9,49.1,10.1,0.000,0.000,0.00,0.000,11.3,19.2,4.3,313,17,12.3,19.9,4.0,316,16,12.3,19.9,4.0,316,16,303,28.92,0.2,0,0,0,37.1,45.5,48.7,0.20,0.23,0.18
CHES,2019-11-08 12:45:00 EST,43.65390,-73.77736,1089,26.4,26.0,14.7,48.7,9.6,0.000,0.000,0.00,0.000,13.0,25.1,4.6,320,23,14.2,28.0,4.9,323,21,14.2,28.0,4.9,323,21,182,28.92,0.0,0,0,0,37.2,45.5,48.7,0.20,0.23,0.18
CHES,2019-11-08 12:50:00 EST,43.65390,-73.77736,1089,25.8,25.6,15.0,48.0,8.8,0.000,0.000,0.00,0.000,10.6,22.9,3.5,334,25,12.2,26.9,3.8,337,21,12.2,26.9,3.8,337,21,171,28.92,0.1,0,0,0,37.2,45.5,48.7,0.20,0.23,0.18
CHES,2019-11-08 12:55:00 EST,43.65390,-73.77736,1089,26.2,25.8,14.5,48.4,9.4,0.000,0.000,0.00,0.000,13.1,22.7,3.4,315,20,14.2,24.5,3.6,318,21,14.2,24.5,3.6,318,21,413,28.92,0.2,0,0,0,37.2,45.5,48.7,0.20,0.23,0.18
CHES,2019-11-08 13:00:00 EST,43.65390,-73.77736,1089,26.7,26.1,15.3,47.9,9.6,0.000,0.000,0.00,0.000,12.7,22.2,3.9,312,17,13.7,24.3,3.8,313,17,13.7,24.3,3.8,313,17,488,28.92,0.2,0,0,0,37.2,45.5,48.7,0.20,0.23,0.18
CHES,2019-11-08 13:05:00 EST,43.65390,-73.77736,1089,27.4,26.9,16.3,47.3,9.9,0.000,0.000,0.00,0.000,12.5,27.3,5.4,300,16,13.6,27.5,5.8,301,17,13.6,27.5,5.8,301,17,398,28.92,0.1,0,0,0,37.2,45.5,48.7,0.20,0.23,0.18
CHES,2019-11-08 13:10:00 EST,43.65390,-73.77736,1089,26.5,26.2,14.4,47.1,9.1,0.000,0.000,0.00,0.000,14.5,23.1,4.9,311,16,15.5,24.4,5.1,312,16,15.5,24.4,5.1,312,16,247,28.92,0.1,0,0,0,37.2,45.5,48.7,0.20,0.23,0.18
CHES,2019-11-08 13:15:00 EST,43.65390,-73.77736,1089,26.6,26.1,16.3,49.1,10.0,0.000,0.000,0.00,0.000,10.4,18.7,3.0,311,20,11.4,18.2,2.8,312,17,11.4,18.2,2.8,312,17,360,28.92,0.1,0,0,0,37.2,45.5,48.7,0.20,0.23,0.18
CHES,2019-11-08 13:20:00 EST,43.65390,-73.77736,1089,26.6,26.2,15.5,48.9,9.9,0.000,0.000,0.00,0.000,12.2,22.8,3.7,320,19,12.9,24.7,3.9,324,16,12.9,24.7,3.9,324,16,244,28.92,0.1,0,0,0,37.2,45.5,48.7,0.20,0.23,0.18
CHES,2019-11-08 13:25:00 EST,43.65390,-73.77736,1089,26.5,26.1,14.8,50.0,10.4,0.000,0.000,0.00,0.000,13.8,22.9,3.8,304,16,14.6,21.9,4.0,304,15,14.6,21.9,4.0,304,15,413,28.92,0.0,0,0,0,37.2,45.5,48.7,0.20,0.23,0.18
CHES,2019-11-08 13:30:00 EST,43.65390,-73.77736,1089,26.7,26.2,15.1,50.3,10.7,0.000,0.000,0.00,0.000,13.2,21.6,3.4,312,19,14.4,23.4,3.3,312,18,14.4,23.4,3.3,312,18,343,28.92,0.0,0,0,0,37.2,45.5,48.7,0.20,0.23,0.18
CHES,2019-11-08 13:35:00 EST,43.65390,-73.77736,1089,25.8,25.5,14.4,53.0,11.0,0.000,0.000,0.00,0.000,12.1,20.8,3.2,305,17,13.1,21.0,3.3,307,18,13.1,21.0,3.3,307,18,134,28.92,0.1,0,0,0,37.2,45.5,48.7,0.20,0.23,0.18
CHES,2019-11-08 13:40:00 EST,43.65390,-73.77736,1089,25.7,25.5,15.6,54.8,11.7,0.000,0.000,0.00,0.000,9.7,16.9,3.0,299,16,10.6,18.2,3.1,299,16,10.6,18.2,3.1,299,16,227,28.92,0.2,0,0,0,37.2,45.5,48.7,0.20,0.23,0.18
CHES,2019-11-08 13:45:00 EST,43.65390,-73.77736,1089,25.9,25.6,15.2,53.0,11.1,0.000,0.000,0.00,0.000,11.1,19.4,3.2,305,13,11.9,24.3,3.4,306,15,11.9,24.3,3.4,306,15,152,28.92,0.1,0,0,0,37.2,45.5,48.7,0.20,0.23,0.18
CHES,2019-11-08 13:50:00 EST,43.65390,-73.77736,1089,26.0,25.6,16.4,54.3,11.7,0.000,0.000,0.00,0.000,8.9,16.9,2.8,298,16,9.7,17.1,3.0,298,15,9.7,17.1,3.0,298,15,263,28.93,0.1,0,0,0,37.2,45.5,48.7,0.20,0.23,0.18
CHES,2019-11-08 13:55:00 EST,43.65390,-73.77736,1089,26.2,25.7,15.5,52.7,11.3,0.000,0.000,0.00,0.000,11.1,20.3,2.9,309,18,12.0,23.8,3.1,309,18,12.0,23.8,3.1,309,18,345,28.92,0.1,0,0,0,37.2,45.5,48.7,0.20,0.23,0.18
CHES,2019-11-08 14:00:00 EST,43.65390,-73.77736,1089,26.5,26.1,14.6,50.6,10.7,0.000,0.000,0.00,0.000,13.7,20.5,3.1,305,17,14.9,26.0,3.6,304,17,14.9,26.0,3.6,304,17,353,28.92,0.1,0,0,0,37.2,45.5,48.7,0.20,0.23,0.18
CHES,2019-11-08 14:05:00 EST,43.65390,-73.77736,1089,26.5,26.1,15.2,48.7,9.7,0.000,0.000,0.00,0.000,12.4,22.1,3.5,310,16,13.3,24.0,3.6,309,15,13.3,24.0,3.6,309,15,346,28.92,0.1,0,0,0,37.3,45.5,48.7,0.20,0.23,0.18
CHES,2019-11-08 14:10:00 EST,43.65390,-73.77736,1089,26.7,26.2,16.1,47.8,9.5,0.000,0.000,0.00,0.000,10.9,16.5,3.0,301,16,12.1,19.0,3.2,302,18,12.1,19.0,3.2,302,18,336,28.92,0.0,0,0,0,37.4,45.5,48.7,0.20,0.23,0.18
CHES,2019-11-08 14:15:00 EST,43.65390,-73.77736,1089,26.6,26.2,14.5,47.4,9.3,0.000,0.000,0.00,0.000,14.2,21.8,3.6,304,19,15.5,25.2,4.0,303,18,15.5,25.2,4.0,303,18,326,28.92,0.2,0,0,0,37.4,45.5,48.7,0.20,0.23,0.18
CHES,2019-11-08 14:20:00 EST,43.65390,-73.77736,1089,26.5,26.1,14.4,47.9,9.4,0.000,0.000,0.00,0.000,14.3,22.4,3.4,300,16,15.5,24.8,3.6,299,17,15.5,24.8,3.6,299,17,326,28.92,0.2,0,0,0,37.4,45.5,48.7,0.20,0.23,0.18
CHES,2019-11-08 14:25:00 EST,43.65390,-73.77736,1089,26.4,26.0,13.7,48.4,9.5,0.000,0.000,0.00,0.000,15.5,22.9,3.4,293,15,16.8,25.5,4.0,293,14,16.8,25.5,4.0,293,14,236,28.92,0.1,0,0,0,37.4,45.5,48.7,0.20,0.23,0.18
CHES,2019-11-08 14:30:00 EST,43.65390,-73.77736,1089,25.7,25.5,12.8,51.8,10.4,0.000,0.000,0.00,0.000,15.6,23.3,3.7,294,12,16.8,25.8,3.8,294,11,16.8,25.8,3.8,294,11,169,28.92,0.2,0,0,0,37.4,45.4,48.7,0.20,0.23,0.18
CHES,2019-11-08 14:35:00 EST,43.65390,-73.77736,1089,25.9,25.6,12.8,51.7,10.5,0.000,0.000,0.00,0.000,16.3,25.1,4.2,294,12,17.6,27.6,4.4,292,10,17.6,27.6,4.4,292,10,177,28.92,0.0,0,0,0,37.4,45.4,48.7,0.20,0.23,0.18
CHES,2019-11-08 14:40:00 EST,43.65390,-73.77736,1089,26.1,25.8,13.5,51.6,10.6,0.000,0.000,0.00,0.000,15.1,25.5,5.1,292,13,16.4,28.1,5.6,291,11,16.4,28.1,5.6,291,11,184,28.93,0.1,0,0,0,37.4,45.4,48.7,0.20,0.23,0.18
CHES,2019-11-08 14:45:00 EST,43.65390,-73.77736,1089,25.5,25.3,13.0,53.5,10.9,0.000,0.000,0.00,0.000,14.0,21.3,3.3,297,14,15.4,26.5,3.6,296,13,15.4,26.5,3.6,296,13,66,28.93,0.1,0,0,0,37.4,45.3,48.7,0.20,0.23,0.18
CHES,2019-11-08 14:50:00 EST,43.65390,-73.77736,1089,25.2,25.1,13.5,54.8,11.2,0.000,0.000,0.00,0.000,12.8,21.9,3.8,315,16,13.7,25.9,4.0,317,16,13.7,25.9,4.0,317,16,54,28.94,0.1,0,0,0,37.4,45.3,48.7,0.20,0.23,0.18
CHES,2019-11-08 14:55:00 EST,43.65390,-73.77736,1089,25.2,25.1,15.3,56.0,11.7,0.000,0.000,0.00,0.000,9.1,14.6,2.5,306,16,10.0,15.2,2.4,306,15,10.0,15.2,2.4,306,15,55,28.94,0.1,0,0,0,37.4,45.3,48.7,0.20,0.23,0.18
CHES,2019-11-08 15:00:00 EST,43.65390,-73.77736,1089,25.1,24.9,13.8,57.1,12.0,0.000,0.000,0.00,0.000,11.5,18.1,3.0,309,18,12.4,20.2,3.1,309,20,12.4,20.2,3.1,309,20,66,28.94,0.1,0,0,0,37.4,45.3,48.7,0.20,0.23,0.18
CHES,2019-11-08 15:05:00 EST,43.65390,-73.77736,1089,24.6,24.4,13.9,62.4,13.5,0.000,0.000,0.00,0.000,10.0,16.4,2.9,326,15,11.2,18.5,3.0,328,16,11.2,18.5,3.0,328,16,58,28.95,0.1,0,0,0,37.4,45.3,48.7,0.20,0.23,0.18
CHES,2019-11-08 15:10:00 EST,43.65390,-73.77736,1089,24.2,24.1,13.1,67.0,14.8,0.000,0.000,0.00,0.000,10.7,17.4,3.0,316,15,11.7,18.3,3.1,318,16,11.7,18.3,3.1,318,16,49,28.95,0.1,0,0,0,37.4,45.3,48.7,0.20,0.23,0.18
CHES,2019-11-08 15:15:00 EST,43.65390,-73.77736,1089,24.0,24.0,14.0,66.6,14.5,0.000,0.000,0.00,0.000,8.9,14.3,2.3,313,15,9.8,17.2,2.6,316,15,9.8,17.2,2.6,316,15,42,28.95,0.1,0,0,0,37.4,45.3,48.7,0.20,0.23,0.18
CHES,2019-11-08 15:20:00 EST,43.65390,-73.77736,1089,24.1,24.1,13.7,65.6,14.2,0.000,0.000,0.00,0.000,9.5,18.1,3.1,318,20,10.5,19.7,3.3,319,20,10.5,19.7,3.3,319,20,56,28.95,0.1,0,0,0,37.4,45.3,48.7,0.20,0.23,0.18
CHES,2019-11-08 15:25:00 EST,43.65390,-73.77736,1089,24.4,24.3,14.6,64.0,14.0,0.000,0.000,0.00,0.000,8.4,16.7,2.6,303,17,9.5,16.4,2.9,302,15,9.5,16.4,2.9,302,15,81,28.96,0.1,0,0,0,37.4,45.3,48.7,0.20,0.23,0.18
CHES,2019-11-08 15:30:00 EST,43.65390,-73.77736,1089,24.9,24.7,13.7,60.0,12.9,0.000,0.000,0.00,0.000,11.2,18.0,2.9,302,16,12.1,20.0,2.8,303,17,12.1,20.0,2.8,303,17,130,28.96,0.1,0,0,0,37.4,45.3,48.7,0.20,0.23,0.18
CHES,2019-11-08 15:35:00 EST,43.65390,-73.77736,1089,24.8,24.7,14.3,58.3,12.2,0.000,0.000,0.00,0.000,10.1,14.7,2.0,312,16,10.9,16.4,2.2,316,16,10.9,16.4,2.2,316,16,52,28.96,0.1,0,0,0,37.4,45.3,48.7,0.20,0.23,0.18
CHES,2019-11-08 15:40:00 EST,43.65390,-73.77736,1089,24.7,24.6,14.3,59.1,12.4,0.000,0.000,0.00,0.000,9.4,16.8,3.0,316,15,10.5,20.2,3.0,319,15,10.5,20.2,3.0,319,15,71,28.96,0.1,0,0,0,37.4,45.3,48.7,0.20,0.23,0.18
CHES,2019-11-08 15:45:00 EST,43.65390,-73.77736,1089,24.9,24.8,16.4,57.1,11.9,0.000,0.000,0.00,0.000,7.1,12.6,2.4,315,19,7.7,16.1,2.6,318,19,7.7,16.1,2.6,318,19,85,28.96,0.1,0,0,0,37.4,45.3,48.7,0.20,0.23,0.18
CHES,2019-11-08 15:50:00 EST,43.65390,-73.77736,1089,24.9,24.8,14.5,56.3,11.5,0.000,0.000,0.00,0.000,9.7,17.2,2.7,307,20,10.8,18.1,2.9,308,21,10.8,18.1,2.9,308,21,57,28.96,0.1,0,0,0,37.4,45.3,48.7,0.20,0.23,0.18
CHES,2019-11-08 15:55:00 EST,43.65390,-73.77736,1089,24.7,24.6,14.7,57.6,11.9,0.000,0.000,0.00,0.000,8.9,15.3,3.0,315,17,9.9,16.3,2.8,317,17,9.9,16.3,2.8,317,17,64,28.96,0.1,0,0,0,37.4,45.3,48.7,0.20,0.23,0.18
CHES,2019-11-08 16:00:00 EST,43.65390,-73.77736,1089,24.7,24.6,14.0,58.4,12.2,0.000,0.000,0.00,0.000,10.4,17.5,2.6,315,13,11.3,18.3,2.7,317,15,11.3,18.3,2.7,317,15,82,28.96,0.1,0,0,0,37.4,45.3,48.7,0.20,0.23,0.18
CHES,2019-11-08 16:05:00 EST,43.65390,-73.77736,1089,24.6,24.5,15.2,59.1,12.3,0.000,0.000,0.00,0.000,8.1,13.0,2.2,310,14,8.9,14.5,2.2,313,14,8.9,14.5,2.2,313,14,51,28.97,0.1,0,0,0,37.3,45.3,48.7,0.20,0.23,0.18
CHES,2019-11-08 16:10:00 EST,43.65390,-73.77736,1089,24.5,24.4,14.6,59.1,12.3,0.000,0.000,0.00,0.000,9.2,14.8,2.4,310,12,9.8,16.1,2.4,311,12,9.8,16.1,2.4,311,12,32,28.97,0.1,0,0,0,37.2,45.3,48.7,0.20,0.23,0.18
CHES,2019-11-08 16:15:00 EST,43.65390,-73.77736,1089,24.5,24.4,12.7,58.7,12.1,0.000,0.000,0.00,0.000,12.2,21.7,4.1,307,16,13.3,26.2,4.3,307,15,13.3,26.2,4.3,307,15,20,28.97,0.1,0,0,0,37.2,45.3,48.7,0.20,0.23,0.18
CHES,2019-11-08 16:20:00 EST,43.65390,-73.77736,1089,24.3,24.3,12.7,59.5,12.2,0.000,0.000,0.00,0.000,12.2,20.7,3.1,299,13,12.8,21.9,3.2,300,14,12.8,21.9,3.2,300,14,18,28.97,0.1,0,0,0,37.2,45.3,48.7,0.20,0.23,0.18
CHES,2019-11-08 16:25:00 EST,43.65390,-73.77736,1089,24.1,24.1,12.5,61.2,12.6,0.000,0.000,0.00,0.000,11.6,20.4,3.7,297,14,12.6,22.2,3.8,297,14,12.6,22.2,3.8,297,14,13,28.97,0.1,0,0,0,37.2,45.3,48.7,0.20,0.23,0.18
CHES,2019-11-08 16:30:00 EST,43.65390,-73.77736,1089,24.0,24.0,12.1,61.2,12.6,0.000,0.000,0.00,0.000,12.4,22.9,3.0,300,14,13.3,22.2,3.0,298,14,13.3,22.2,3.0,298,14,8,28.97,0.1,0,0,0,37.2,45.3,48.7,0.20,0.23,0.18
CHES,2019-11-08 16:35:00 EST,43.65390,-73.77736,1089,23.9,23.9,12.3,60.7,12.3,0.000,0.000,0.00,0.000,11.6,20.3,2.9,299,16,12.5,21.4,3.0,299,16,12.5,21.4,3.0,299,16,5,28.97,0.1,0,0,0,37.2,45.3,48.7,0.20,0.23,0.18
CHES,2019-11-08 16:40:00 EST,43.65390,-73.77736,1089,23.8,23.9,13.1,60.3,12.1,0.000,0.000,0.00,0.000,10.2,15.9,2.4,303,13,10.9,18.9,2.4,305,15,10.9,18.9,2.4,305,15,4,28.97,0.1,0,0,0,37.2,45.3,48.7,0.20,0.23,0.18
CHES,2019-11-08 16:45:00 EST,43.65390,-73.77736,1089,23.7,23.8,12.6,60.8,12.1,0.000,0.000,0.00,0.000,10.5,17.8,3.4,309,15,11.4,18.1,3.2,309,15,11.4,18.1,3.2,309,15,2,28.97,0.1,0,0,0,37.2,45.3,48.7,0.20,0.23,0.18
CHES,2019-11-08 16:50:00 EST,43.65390,-73.77736,1089,23.7,23.8,13.1,60.4,12.0,0.000,0.000,0.00,0.000,10.0,16.2,2.7,302,15,10.6,18.3,2.7,304,16,10.6,18.3,2.7,304,16,1,28.97,0.1,0,0,0,37.2,45.2,48.7,0.20,0.23,0.18
CHES,2019-11-08 16:55:00 EST,43.65390,-73.77736,1089,23.7,23.8,12.6,60.4,12.0,0.000,0.000,0.00,0.000,10.7,15.8,2.4,297,14,11.5,17.6,2.7,299,13,11.5,17.6,2.7,299,13,1,28.97,0.0,0,0,0,37.2,45.2,48.6,0.20,0.23,0.18
CHES,2019-11-08 17:00:00 EST,43.65390,-73.77736,1089,23.5,23.6,12.5,61.9,12.3,0.000,0.000,0.00,0.000,10.3,16.8,2.9,301,15,11.2,18.5,2.9,303,16,11.2,18.5,2.9,303,16,0,28.98,0.1,0,0,0,37.2,45.2,48.7,0.20,0.23,0.18
CHES,2019-11-08 17:05:00 EST,43.65390,-73.77736,1089,23.5,23.5,12.7,62.6,12.6,0.000,0.000,0.00,0.000,10.0,16.1,2.4,306,15,10.7,18.0,2.4,308,15,10.7,18.0,2.4,308,15,0,28.98,0.1,0,0,0,37.2,45.1,48.6,0.20,0.23,0.18
CHES,2019-11-08 17:10:00 EST,43.65390,-73.77736,1089,23.4,23.5,12.7,61.9,12.2,0.000,0.000,0.00,0.000,9.7,16.9,2.8,299,17,10.6,18.3,3.0,300,16,10.6,18.3,3.0,300,16,0,28.98,0.1,0,0,0,37.2,45.1,48.6,0.20,0.23,0.18
CHES,2019-11-08 17:15:00 EST,43.65390,-73.77736,1089,23.2,23.4,12.7,61.9,12.1,0.000,0.000,0.00,0.000,9.2,15.5,2.7,317,17,10.2,19.6,3.0,318,17,10.2,19.6,3.0,318,17,0,28.98,0.1,0,0,0,37.2,45.1,48.6,0.20,0.23,0.18
CHES,2019-11-08 17:20:00 EST,43.65390,-73.77736,1089,23.3,23.5,13.5,60.7,11.7,0.000,0.000,0.00,0.000,8.5,14.2,2.1,305,15,9.1,14.5,2.0,307,14,9.1,14.5,2.0,307,14,0,28.98,0.1,0,0,0,37.2,45.1,48.6,0.20,0.23,0.18
CHES,2019-11-08 17:25:00 EST,43.65390,-73.77736,1089,23.1,23.3,12.9,61.3,11.8,0.000,0.000,0.00,0.000,8.8,12.9,1.9,297,13,9.7,14.2,2.0,298,13,9.7,14.2,2.0,298,13,0,28.98,0.1,0,0,0,37.2,45.1,48.6,0.20,0.23,0.18
CHES,2019-11-08 17:30:00 EST,43.65390,-73.77736,1089,23.1,23.4,12.2,61.0,11.6,0.000,0.000,0.00,0.000,10.1,17.5,2.7,300,16,10.9,17.2,2.8,300,16,10.9,17.2,2.8,300,16,0,28.99,0.1,0,0,0,37.2,45.1,48.6,0.20,0.23,0.18
CHES,2019-11-08 17:35:00 EST,43.65390,-73.77736,1089,23.0,23.2,12.4,61.5,11.7,0.000,0.000,0.00,0.000,9.4,14.5,1.8,293,12,10.3,16.6,1.9,293,12,10.3,16.6,1.9,293,12,0,28.99,0.1,0,0,0,37.2,45.1,48.6,0.20,0.23,0.18
CHES,2019-11-08 17:40:00 EST,43.65390,-73.77736,1089,23.0,23.3,11.7,61.1,11.6,0.000,0.000,0.00,0.000,10.8,15.3,2.3,289,12,11.7,18.0,2.5,290,10,11.7,18.0,2.5,290,10,0,28.99,0.1,0,0,0,37.2,45.1,48.6,0.20,0.23,0.18
CHES,2019-11-08 17:45:00 EST,43.65390,-73.77736,1089,23.1,23.3,13.5,60.5,11.5,0.000,0.000,0.00,0.000,8.0,14.2,2.1,293,15,8.7,16.1,2.2,294,14,8.7,16.1,2.2,294,14,0,28.99,0.1,0,0,0,37.2,45.1,48.6,0.20,0.23,0.18
CHES,2019-11-08 17:50:00 EST,43.65390,-73.77736,1089,22.9,23.1,13.7,60.9,11.4,0.000,0.000,0.00,0.000,7.3,16.7,2.5,299,17,8.1,18.4,2.6,299,16,8.1,18.4,2.6,299,16,0,29.00,0.1,0,0,0,37.2,45.1,48.6,0.20,0.23,0.18
CHES,2019-11-08 17:55:00 EST,43.65390,-73.77736,1089,23.0,23.1,12.2,61.7,11.8,0.000,0.000,0.00,0.000,9.7,21.0,4.0,299,13,10.5,22.3,4.1,299,13,10.5,22.3,4.1,299,13,0,29.00,0.1,0,0,0,37.2,45.1,48.6,0.20,0.23,0.18
CHES,2019-11-08 18:00:00 EST,43.65390,-73.77736,1089,22.9,23.1,12.7,62.3,11.9,0.000,0.000,0.00,0.000,8.6,16.4,2.8,295,17,9.6,16.9,3.0,297,16,9.6,16.9,3.0,297,16,0,29.00,0.1,0,0,0,37.1,45.1,48.6,0.20,0.23,0.18
CHES,2019-11-08 18:05:00 EST,43.65390,-73.77736,1089,22.9,23.1,14.1,62.9,12.2,0.000,0.000,0.00,0.000,7.0,12.6,2.5,309,13,7.6,13.4,2.7,310,15,7.6,13.4,2.7,310,15,0,29.01,0.1,0,0,0,37.0,45.1,48.6,0.20,0.23,0.18
CHES,2019-11-08 18:10:00 EST,43.65390,-73.77736,1089,22.6,22.9,15.3,63.6,12.1,0.000,0.000,0.00,0.000,4.9,11.0,1.7,301,19,5.7,12.2,2.0,301,19,5.7,12.2,2.0,301,19,0,29.01,0.1,0,0,0,37.0,45.1,48.6,0.20,0.23,0.18
CHES,2019-11-08 18:15:00 EST,43.65390,-73.77736,1089,22.9,23.0,13.4,64.1,12.5,0.000,0.000,0.00,0.000,7.6,12.0,1.9,295,13,8.5,15.5,2.2,295,13,8.5,15.5,2.2,295,13,0,29.01,0.1,0,0,0,37.0,45.1,48.6,0.20,0.23,0.18
CHES,2019-11-08 18:20:00 EST,43.65390,-73.77736,1089,22.6,22.9,14.2,64.5,12.4,0.000,0.000,0.00,0.000,6.3,9.6,1.3,302,18,6.9,11.4,1.6,304,19,6.9,11.4,1.6,304,19,0,29.01,0.1,0,0,0,37.0,45.1,48.6,0.20,0.23,0.18
CHES,2019-11-08 18:25:00 EST,43.65390,-73.77736,1089,22.6,22.8,16.1,65.1,12.6,0.000,0.000,0.00,0.000,4.3,7.8,1.4,314,16,4.9,9.5,1.5,317,16,4.9,9.5,1.5,317,16,0,29.02,0.1,0,0,0,37.0,45.1,48.6,0.20,0.23,0.18
CHES,2019-11-08 18:30:00 EST,43.65390,-73.77736,1089,22.5,22.7,16.6,65.4,12.6,0.000,0.000,0.00,0.000,3.7,6.9,0.9,319,21,4.3,7.1,1.1,322,19,4.3,7.1,1.1,322,19,0,29.02,0.0,0,0,0,37.0,45.1,48.6,0.20,0.23,0.18
CHES,2019-11-08 18:35:00 EST,43.65390,-73.77736,1089,22.3,22.6,18.3,65.5,12.5,0.000,0.000,0.00,0.000,2.2,6.4,1.3,333,27,3.0,7.1,1.4,337,27,3.0,7.1,1.4,337,27,0,29.02,0.1,0,0,0,37.0,45.1,48.6,0.20,0.23,0.18
CHES,2019-11-08 18:40:00 EST,43.65390,-73.77736,1089,22.0,22.6,16.3,65.6,12.3,0.000,0.000,0.00,0.000,3.7,8.6,2.0,304,24,4.2,11.4,2.1,308,25,4.2,11.4,2.1,308,25,0,29.02,0.1,0,0,0,37.0,45.1,48.6,0.20,0.23,0.18
CHES,2019-11-08 18:45:00 EST,43.65390,-73.77736,1089,22.2,22.6,15.9,65.4,12.3,0.000,0.000,0.00,0.000,4.1,5.6,0.8,303,19,4.7,6.7,1.0,306,20,4.7,6.7,1.0,306,20,0,29.02,0.1,0,0,0,37.0,45.1,48.6,0.20,0.23,0.18
CHES,2019-11-08 18:50:00 EST,43.65390,-73.77736,1089,22.1,22.6,14.3,65.4,12.2,0.000,0.000,0.00,0.000,5.5,8.4,1.1,295,12,6.1,9.4,1.3,297,12,6.1,9.4,1.3,297,12,0,29.02,0.0,0,0,0,37.0,45.1,48.6,0.20,0.23,0.18
CHES,2019-11-08 18:55:00 EST,43.65390,-73.77736,1089,22.2,22.6,13.5,64.9,12.2,0.000,0.000,0.00,0.000,6.7,11.7,1.8,291,11,7.3,13.3,1.9,292,12,7.3,13.3,1.9,292,12,0,29.02,0.1,0,0,0,37.0,45.1,48.6,0.20,0.23,0.18
CHES,2019-11-08 19:00:00 EST,43.65390,-73.77736,1089,22.2,22.6,12.3,64.9,12.1,0.000,0.000,0.00,0.000,7.9,12.6,1.8,289,12,8.8,14.0,2.1,290,12,8.8,14.0,2.1,290,12,0,29.02,0.2,0,0,0,36.9,45.1,48.6,0.20,0.23,0.18
CHES,2019-11-08 19:05:00 EST,43.65390,-73.77736,1089,22.3,22.7,12.7,63.9,12.0,0.000,0.000,0.00,0.000,7.8,12.6,1.9,292,15,8.5,15.3,2.3,293,16,8.5,15.3,2.3,293,16,0,29.02,0.1,0,0,0,36.9,45.1,48.6,0.20,0.23,0.18
CHES,2019-11-08 19:10:00 EST,43.65390,-73.77736,1089,22.3,22.6,13.9,64.0,11.9,0.000,0.000,0.00,0.000,6.2,11.2,1.5,293,12,6.8,12.8,1.6,294,11,6.8,12.8,1.6,294,11,0,29.02,0.0,0,0,0,36.9,45.1,48.6,0.20,0.23,0.18
CHES,2019-11-08 19:15:00 EST,43.65390,-73.77736,1089,22.3,22.7,12.9,63.7,11.9,0.000,0.000,0.00,0.000,7.5,11.0,1.4,296,14,8.3,12.1,1.6,297,14,8.3,12.1,1.6,297,14,0,29.02,0.0,0,0,0,36.9,45.1,48.6,0.20,0.23,0.18
CHES,2019-11-08 19:20:00 EST,43.65390,-73.77736,1089,22.3,22.7,12.8,63.6,11.8,0.000,0.000,0.00,0.000,7.6,13.3,1.8,294,12,8.4,14.0,1.9,296,13,8.4,14.0,1.9,296,13,0,29.02,0.1,0,0,0,36.9,45.1,48.6,0.20,0.23,0.18
CHES,2019-11-08 19:25:00 EST,43.65390,-73.77736,1089,22.5,22.9,12.1,63.3,11.9,0.000,0.000,0.00,0.000,8.9,16.7,2.1,295,12,9.7,16.3,2.1,295,12,9.7,16.3,2.1,295,12,0,29.02,0.1,0,0,0,36.9,45.1,48.6,0.20,0.23,0.18
CHES,2019-11-08 19:30:00 EST,43.65390,-73.77736,1089,22.7,22.9,11.3,62.7,11.9,0.000,0.000,0.00,0.000,10.6,16.3,2.3,289,11,11.6,18.6,2.6,289,10,11.6,18.6,2.6,289,10,0,29.02,0.1,0,0,0,36.9,45.1,48.6,0.20,0.23,0.18
CHES,2019-11-08 19:35:00 EST,43.65390,-73.77736,1089,22.5,22.8,11.7,62.4,11.6,0.000,0.000,0.00,0.000,9.5,15.1,2.1,289,12,10.4,15.6,2.3,288,11,10.4,15.6,2.3,288,11,0,29.03,0.1,0,0,0,36.9,45.1,48.6,0.20,0.23,0.18
CHES,2019-11-08 19:40:00 EST,43.65390,-73.77736,1089,22.7,23.0,11.6,62.4,11.8,0.000,0.000,0.00,0.000,10.2,15.2,1.8,289,11,11.2,17.5,2.3,287,10,11.2,17.5,2.3,287,10,0,29.03,0.1,0,0,0,36.9,45.0,48.6,0.20,0.23,0.18
CHES,2019-11-08 19:45:00 EST,43.65390,-73.77736,1089,22.8,23.0,11.3,61.8,11.7,0.000,0.000,0.00,0.000,10.8,15.8,2.1,292,13,11.7,19.1,2.3,292,13,11.7,19.1,2.3,292,13,0,29.03,0.1,0,0,0,36.8,45.1,48.6,0.20,0.23,0.18
CHES,2019-11-08 19:50:00 EST,43.65390,-73.77736,1089,22.7,22.9,12.0,61.9,11.5,0.000,0.000,0.00,0.000,9.5,13.2,1.8,294,11,10.2,15.0,1.9,294,11,10.2,15.0,1.9,294,11,0,29.03,0.0,0,0,0,36.7,45.0,48.6,0.20,0.23,0.18
CHES,2019-11-08 19:55:00 EST,43.65390,-73.77736,1089,22.7,23.0,12.1,61.7,11.5,0.000,0.000,0.00,0.000,9.2,17.2,2.6,293,14,10.1,21.1,2.9,293,13,10.1,21.1,2.9,293,13,0,29.03,0.1,0,0,0,36.7,45.1,48.6,0.20,0.23,0.18
CHES,2019-11-08 20:00:00 EST,43.65390,-73.77736,1089,23.0,23.1,11.4,61.0,11.5,0.000,0.000,0.00,0.000,11.1,18.0,2.8,301,13,12.0,20.6,3.0,302,12,12.0,20.6,3.0,302,12,0,29.03,0.1,0,0,0,36.7,45.0,48.6,0.20,0.23,0.18
CHES,2019-11-08 20:05:00 EST,43.65390,-73.77736,1089,22.9,23.1,11.0,61.0,11.5,0.000,0.000,0.00,0.000,11.9,19.6,2.7,301,13,12.7,21.5,3.1,300,14,12.7,21.5,3.1,300,14,0,29.03,0.1,0,0,0,36.7,45.0,48.6,0.20,0.23,0.18
CHES,2019-11-08 20:10:00 EST,43.65390,-73.77736,1089,23.0,23.2,11.6,61.0,11.5,0.000,0.000,0.00,0.000,10.7,16.4,2.4,296,13,11.6,19.0,2.7,295,11,11.6,19.0,2.7,295,11,0,29.03,0.1,0,0,0,36.7,45.0,48.6,0.20,0.23,0.18
CHES,2019-11-08 20:15:00 EST,43.65390,-73.77736,1089,22.8,23.0,12.4,62.2,11.8,0.000,0.000,0.00,0.000,8.9,14.5,2.5,299,14,9.8,16.0,2.5,299,13,9.8,16.0,2.5,299,13,0,29.03,0.1,0,0,0,36.7,45.0,48.6,0.20,0.23,0.18
CHES,2019-11-08 20:20:00 EST,43.65390,-73.77736,1089,22.8,23.0,13.3,62.5,11.8,0.000,0.000,0.00,0.000,7.6,11.8,1.6,299,16,8.4,13.0,1.9,300,15,8.4,13.0,1.9,300,15,0,29.03,0.0,0,0,0,36.7,45.0,48.6,0.20,0.23,0.18
CHES,2019-11-08 20:25:00 EST,43.65390,-73.77736,1089,22.5,22.9,13.5,63.3,11.9,0.000,0.000,0.00,0.000,6.8,11.4,1.7,299,16,7.7,15.5,1.9,299,16,7.7,15.5,1.9,299,16,0,29.03,0.1,0,0,0,36.7,45.0,48.6,0.20,0.23,0.18
CHES,2019-11-08 20:30:00 EST,43.65390,-73.77736,1089,22.7,22.9,13.6,63.3,12.2,0.000,0.000,0.00,0.000,7.3,13.4,2.2,300,13,7.9,13.5,2.4,302,14,7.9,13.5,2.4,302,14,0,29.03,0.1,0,0,0,36.7,45.0,48.6,0.20,0.23,0.18
CHES,2019-11-08 20:35:00 EST,43.65390,-73.77736,1089,22.8,23.0,14.1,63.5,12.2,0.000,0.000,0.00,0.000,6.6,11.9,2.1,290,15,7.3,15.2,2.3,291,15,7.3,15.2,2.3,291,15,0,29.03,0.0,0,0,0,36.7,45.0,48.6,0.20,0.23,0.18
CHES,2019-11-08 20:40:00 EST,43.65390,-73.77736,1089,22.8,23.0,14.5,63.5,12.2,0.000,0.000,0.00,0.000,6.2,12.5,2.1,295,18,6.9,13.9,2.3,296,18,6.9,13.9,2.3,296,18,0,29.03,0.0,0,0,0,36.7,45.0,48.6,0.20,0.23,0.18
CHES,2019-11-08 20:45:00 EST,43.65390,-73.77736,1089,22.6,22.8,15.8,63.8,12.2,0.000,0.000,0.00,0.000,4.4,9.3,1.8,297,21,5.2,11.1,1.9,297,21,5.2,11.1,1.9,297,21,0,29.04,0.1,0,0,0,36.6,45.0,48.6,0.20,0.23,0.18
CHES,2019-11-08 20:50:00 EST,43.65390,-73.77736,1089,22.6,22.9,16.8,63.9,12.2,0.000,0.000,0.00,0.000,3.8,8.8,1.8,310,20,4.4,9.2,1.8,313,22,4.4,9.2,1.8,313,22,0,29.04,0.0,0,0,0,36.6,45.0,48.6,0.20,0.23,0.18
CHES,2019-11-08 20:55:00 EST,43.65390,-73.77736,1089,22.4,22.8,15.7,64.4,12.2,0.000,0.000,0.00,0.000,4.6,8.2,1.3,308,16,5.1,8.0,1.4,311,16,5.1,8.0,1.4,311,16,0,29.04,0.0,0,0,0,36.6,45.0,48.6,0.20,0.23,0.18
CHES,2019-11-08 21:00:00 EST,43.65390,-73.77736,1089,22.5,22.8,14.9,64.3,12.3,0.000,0.000,0.00,0.000,5.6,8.6,1.5,300,17,6.1,8.9,1.6,301,17,6.1,8.9,1.6,301,17,0,29.04,0.1,0,0,0,36.5,45.0,48.6,0.20,0.23,0.18
CHES,2019-11-08 21:05:00 EST,43.65390,-73.77736,1089,22.8,23.0,14.2,63.3,12.2,0.000,0.000,0.00,0.000,6.5,12.0,2.1,295,17,7.3,14.7,2.3,296,18,7.3,14.7,2.3,296,18,0,29.04,-0.0,0,0,0,36.5,45.0,48.6,0.20,0.23,0.18
CHES,2019-11-08 21:10:00 EST,43.65390,-73.77736,1089,22.6,22.8,14.7,63.4,12.0,0.000,0.000,0.00,0.000,5.5,9.0,1.7,305,21,6.3,12.1,2.0,308,21,6.3,12.1,2.0,308,21,0,29.04,0.0,0,0,0,36.5,45.0,48.6,0.20,0.23,0.18
CHES,2019-11-08 21:15:00 EST,43.65390,-73.77736,1089,22.5,22.8,15.7,63.6,12.0,0.000,0.000,0.00,0.000,4.6,7.7,1.7,303,25,5.2,8.4,1.7,305,25,5.2,8.4,1.7,305,25,0,29.04,0.0,0,0,0,36.5,45.0,48.6,0.20,0.23,0.18
CHES,2019-11-08 21:20:00 EST,43.65390,-73.77736,1089,22.4,22.7,14.7,64.3,12.2,0.000,0.000,0.00,0.000,5.4,9.0,1.6,295,19,6.1,10.8,1.8,296,18,6.1,10.8,1.8,296,18,0,29.04,0.0,0,0,0,36.5,45.0,48.5,0.20,0.23,0.18
CHES,2019-11-08 21:25:00 EST,43.65390,-73.77736,1089,22.4,22.7,14.9,64.3,12.2,0.000,0.000,0.00,0.000,5.3,9.7,1.7,291,14,5.9,11.0,1.9,292,14,5.9,11.0,1.9,292,14,0,29.04,0.1,0,0,0,36.5,45.0,48.6,0.20,0.23,0.18
CHES,2019-11-08 21:30:00 EST,43.65390,-73.77736,1089,22.3,22.7,13.8,64.9,12.3,0.000,0.000,0.00,0.000,6.4,11.2,1.5,289,20,7.1,14.1,1.8,290,20,7.1,14.1,1.8,290,20,0,29.04,0.1,0,0,0,36.5,45.0,48.6,0.20,0.23,0.18
CHES,2019-11-08 21:35:00 EST,43.65390,-73.77736,1089,22.3,22.7,14.5,65.0,12.3,0.000,0.000,0.00,0.000,5.6,8.4,1.1,297,14,6.3,9.8,1.2,297,14,6.3,9.8,1.2,297,14,0,29.04,0.1,0,0,0,36.5,45.0,48.6,0.20,0.23,0.18
CHES,2019-11-08 21:40:00 EST,43.65390,-73.77736,1089,22.4,22.8,13.6,65.1,12.5,0.000,0.000,0.00,0.000,6.7,11.5,1.8,290,11,7.4,13.6,1.9,291,11,7.4,13.6,1.9,291,11,0,29.04,-0.0,0,0,0,36.5,45.0,48.6,0.20,0.23,0.18
CHES,2019-11-08 21:45:00 EST,43.65390,-73.77736,1089,22.4,22.7,13.9,65.2,12.5,0.000,0.000,0.00,0.000,6.2,10.2,1.6,296,18,7.1,10.6,1.7,297,18,7.1,10.6,1.7,297,18,0,29.04,0.1,0,0,0,36.3,45.0,48.6,0.20,0.23,0.18
CHES,2019-11-08 21:50:00 EST,43.65390,-73.77736,1089,22.4,22.8,15.3,65.1,12.4,0.000,0.000,0.00,0.000,5.0,9.6,1.4,302,17,5.5,9.3,1.5,304,18,5.5,9.3,1.5,304,18,0,29.04,-0.0,0,0,0,36.3,45.0,48.6,0.20,0.23,0.18
CHES,2019-11-08 21:55:00 EST,43.65390,-73.77736,1089,22.3,22.7,15.9,65.7,12.5,0.000,0.000,0.00,0.000,4.3,8.0,1.3,296,18,4.8,7.3,1.2,296,17,4.8,7.3,1.2,296,17,0,29.04,0.2,0,0,0,36.3,45.0,48.5,0.20,0.23,0.18
CHES,2019-11-08 22:00:00 EST,43.65390,-73.77736,1089,22.2,22.7,16.4,66.2,12.7,0.000,0.000,0.00,0.000,3.9,6.9,1.2,293,16,4.3,7.5,1.4,296,16,4.3,7.5,1.4,296,16,0,29.04,0.1,0,0,0,36.3,45.0,48.6,0.20,0.23,0.18
CHES,2019-11-08 22:05:00 EST,43.65390,-73.77736,1089,22.3,22.6,17.7,66.3,12.7,0.000,0.000,0.00,0.000,2.9,5.3,1.2,281,17,3.4,6.1,1.2,282,17,3.4,6.1,1.2,282,17,0,29.04,0.0,0,0,0,36.3,45.0,48.5,0.20,0.23,0.18
CHES,2019-11-08 22:10:00 EST,43.65390,-73.77736,1089,21.9,22.3,21.9,66.8,12.5,0.000,0.000,0.00,0.000,1.8,7.3,1.3,302,16,2.1,7.4,1.3,307,19,2.1,7.4,1.3,307,19,0,29.04,0.1,0,0,0,36.3,45.0,48.6,0.20,0.23,0.18
CHES,2019-11-08 22:15:00 EST,43.65390,-73.77736,1089,21.7,22.1,21.7,68.0,12.7,0.000,0.000,0.00,0.000,1.2,2.4,0.6,258,40,1.6,2.9,0.6,255,47,1.6,2.9,0.6,255,47,0,29.04,-0.0,0,0,0,36.3,45.0,48.5,0.20,0.23,0.18
CHES,2019-11-08 22:20:00 EST,43.65390,-73.77736,1089,20.4,21.8,20.4,71.9,12.8,0.000,0.000,0.00,0.000,2.3,3.6,0.7,202,15,2.7,3.9,0.6,201,15,2.7,3.9,0.6,201,15,0,29.05,-0.1,0,0,0,36.3,44.9,48.5,0.20,0.23,0.18
CHES,2019-11-08 22:25:00 EST,43.65390,-73.77736,1089,19.4,21.6,14.8,74.1,12.5,0.000,0.000,0.00,0.000,3.0,5.3,0.9,230,12,3.1,6.0,1.0,230,13,3.1,6.0,1.0,230,13,0,29.05,-0.1,0,0,0,36.3,44.9,48.5,0.20,0.23,0.18
CHES,2019-11-08 22:30:00 EST,43.65390,-73.77736,1089,18.9,21.6,12.5,74.4,12.1,0.000,0.000,0.00,0.000,4.0,5.7,0.6,236,8,4.3,6.1,0.7,233,9,4.3,6.1,0.7,233,9,0,29.05,-0.0,0,0,0,36.3,44.9,48.4,0.20,0.23,0.18
CHES,2019-11-08 22:35:00 EST,43.65390,-73.77736,1089,18.9,21.1,11.9,77.8,13.2,0.000,0.000,0.00,0.000,4.5,7.4,1.1,249,7,4.9,8.4,1.3,248,8,4.9,8.4,1.3,248,8,0,29.05,0.1,0,0,0,36.2,44.9,48.4,0.20,0.23,0.18
CHES,2019-11-08 22:40:00 EST,43.65390,-73.77736,1089,20.3,22.1,12.0,75.2,13.7,0.000,0.000,0.00,0.000,5.7,8.1,0.8,257,10,6.3,9.1,0.9,258,10,6.3,9.1,0.9,258,10,0,29.05,0.1,0,0,0,36.1,44.9,48.5,0.20,0.23,0.18
CHES,2019-11-08 22:45:00 EST,43.65390,-73.77736,1089,20.6,21.7,11.9,73.8,13.6,0.000,0.000,0.00,0.000,6.3,8.5,1.1,271,9,6.9,9.8,1.3,271,8,6.9,9.8,1.3,271,8,0,29.05,0.1,0,0,0,36.1,44.8,48.5,0.20,0.23,0.18
CHES,2019-11-08 22:50:00 EST,43.65390,-73.77736,1089,20.8,21.8,11.5,73.9,13.8,0.000,0.000,0.00,0.000,7.0,10.4,1.3,271,9,7.7,12.0,1.5,272,8,7.7,12.0,1.5,272,8,0,29.05,-0.0,0,0,0,36.1,44.9,48.5,0.20,0.23,0.18
CHES,2019-11-08 22:55:00 EST,43.65390,-73.77736,1089,21.0,22.0,10.5,73.5,13.9,0.000,0.000,0.00,0.000,8.6,13.2,2.3,289,13,9.4,13.8,2.4,288,12,9.4,13.8,2.4,288,12,0,29.05,0.1,0,0,0,36.1,44.8,48.4,0.20,0.23,0.18
CHES,2019-11-08 23:00:00 EST,43.65390,-73.77736,1089,21.6,22.1,11.7,70.9,13.7,0.000,0.000,0.00,0.000,8.0,11.1,1.2,281,11,8.7,12.4,1.4,281,11,8.7,12.4,1.4,281,11,0,29.05,0.0,0,0,0,36.1,44.8,48.4,0.20,0.23,0.18
CHES,2019-11-08 23:05:00 EST,43.65390,-73.77736,1089,21.1,21.9,11.7,71.7,13.4,0.000,0.000,0.00,0.000,7.0,9.9,1.5,284,10,7.8,11.9,1.6,284,9,7.8,11.9,1.6,284,9,0,29.04,0.1,0,0,0,36.1,44.8,48.5,0.20,0.23,0.18
CHES,2019-11-08 23:10:00 EST,43.65390,-73.77736,1089,21.5,22.1,11.3,71.5,13.7,0.000,0.000,0.00,0.000,8.3,11.9,1.5,286,11,9.0,13.9,1.8,285,10,9.0,13.9,1.8,285,10,0,29.04,0.0,0,0,0,36.1,44.8,48.4,0.20,0.23,0.18
CHES,2019-11-08 23:15:00 EST,43.65390,-73.77736,1089,21.8,22.2,11.5,70.4,13.7,0.000,0.000,0.00,0.000,8.4,14.5,2.0,289,13,9.3,16.3,2.2,289,13,9.3,16.3,2.2,289,13,0,29.04,0.1,0,0,0,36.1,44.8,48.4,0.20,0.23,0.18
CHES,2019-11-08 23:20:00 EST,43.65390,-73.77736,1089,21.3,21.7,11.9,70.9,13.3,0.000,0.000,0.00,0.000,7.3,12.3,2.0,298,13,7.8,13.4,2.2,298,12,7.8,13.4,2.2,298,12,0,29.04,0.0,0,0,0,36.0,44.8,48.4,0.20,0.23,0.18
CHES,2019-11-08 23:25:00 EST,43.65390,-73.77736,1089,20.9,21.5,12.2,72.3,13.4,0.000,0.000,0.00,0.000,6.4,11.8,2.0,297,14,7.0,12.2,2.1,297,15,7.0,12.2,2.1,297,15,0,29.04,0.1,0,0,0,36.0,44.8,48.4,0.20,0.23,0.18
CHES,2019-11-08 23:30:00 EST,43.65390,-73.77736,1089,21.2,21.6,13.3,71.8,13.5,0.000,0.000,0.00,0.000,5.7,9.5,2.1,305,14,6.1,10.0,2.2,308,16,6.1,10.0,2.2,308,16,0,29.04,0.0,0,0,0,36.0,44.8,48.4,0.20,0.23,0.18
CHES,2019-11-08 23:35:00 EST,43.65390,-73.77736,1089,20.8,21.2,13.5,72.8,13.4,0.000,0.000,0.00,0.000,4.6,8.6,2.1,289,13,5.3,10.5,2.2,290,13,5.3,10.5,2.2,290,13,0,29.05,0.1,0,0,0,36.0,44.8,48.4,0.20,0.23,0.18
CHES,2019-11-08 23:40:00 EST,43.65390,-73.77736,1089,21.0,21.5,13.5,72.4,13.5,0.000,0.000,0.00,0.000,5.1,8.2,1.5,288,11,5.6,10.0,1.7,288,12,5.6,10.0,1.7,288,12,0,29.05,0.0,0,0,0,36.0,44.8,48.4,0.20,0.23,0.18
CHES,2019-11-08 23:45:00 EST,43.65390,-73.77736,1089,21.0,21.4,13.7,72.6,13.6,0.000,0.000,0.00,0.000,4.8,7.5,1.3,285,13,5.4,9.0,1.5,286,12,5.4,9.0,1.5,286,12,0,29.05,0.1,0,0,0,36.0,44.8,48.4,0.20,0.23,0.18
CHES,2019-11-08 23:50:00 EST,43.65390,-73.77736,1089,20.8,21.3,15.1,72.5,13.4,0.000,0.000,0.00,0.000,3.5,7.2,1.3,280,15,4.1,8.7,1.4,281,15,4.1,8.7,1.4,281,15,0,29.05,0.1,0,0,0,36.0,44.8,48.4,0.20,0.23,0.18
CHES,2019-11-08 23:55:00 EST,43.65390,-73.77736,1089,21.0,21.2,14.9,73.0,13.7,0.000,0.000,0.00,0.000,3.8,6.6,1.2,275,14,4.3,7.5,1.4,276,15,4.3,7.5,1.4,276,15,0,29.05,-0.0,0,0,0,36.0,44.8,48.4,0.20,0.23,0.18
CINC,2019-11-08 00:00:00 EST,42.52242,-75.97562,1391,21.7,22.0,21.7,94.3,20.3,0.000,0.130,0.00,0.000,1.4,1.8,0.3,7,22,1.8,2.6,0.3,9,10,1.8,2.6,0.3,9,10,0,28.58,-0.4,0,0,0,42.8,47.1,49.6,0.48,0.51,0.41
CINC,2019-11-08 00:05:00 EST,42.52242,-75.97562,1391,21.6,22.0,21.6,94.3,20.2,0.000,0.000,0.00,0.000,1.2,1.8,0.3,47,14,1.4,2.0,0.3,44,13,1.4,2.0,0.3,44,13,0,28.58,-0.4,0,0,0,42.8,47.1,49.6,0.48,0.51,0.41
CINC,2019-11-08 00:10:00 EST,42.52242,-75.97562,1391,21.7,21.9,21.7,94.5,20.4,0.000,0.000,0.00,0.000,1.0,1.5,0.2,6,34,1.5,2.2,0.3,8,19,1.5,2.2,0.3,8,19,0,28.58,-0.4,0,0,0,42.8,47.1,49.7,0.48,0.51,0.41
CINC,2019-11-08 00:15:00 EST,42.52242,-75.97562,1391,21.8,22.0,21.8,94.5,20.5,0.000,0.000,0.00,0.000,1.4,1.9,0.3,26,8,1.7,2.2,0.3,20,6,1.7,2.2,0.3,20,6,0,28.58,-0.5,0,0,0,42.8,47.1,49.6,0.48,0.51,0.41
CINC,2019-11-08 00:20:00 EST,42.52242,-75.97562,1391,21.3,21.8,21.3,93.8,19.8,0.000,0.000,0.00,0.000,0.8,1.5,0.4,30,0,1.0,1.9,0.4,29,6,1.0,1.9,0.4,29,6,0,28.58,-0.4,0,0,0,42.6,47.1,49.6,0.48,0.51,0.41
CINC,2019-11-08 00:25:00 EST,42.52242,-75.97562,1391,21.4,21.6,21.4,93.9,19.9,0.000,0.000,0.00,0.000,0.0,0.0,0.0,0,0,0.0,0.8,0.2,75,4,0.0,0.8,0.2,75,4,0,28.58,-0.4,0,0,0,42.6,47.1,49.7,0.48,0.51,0.41
CINC,2019-11-08 00:30:00 EST,42.52242,-75.97562,1391,21.0,21.4,21.0,94.0,19.5,0.000,0.000,0.00,0.000,0.0,0.0,0.0,0,0,0.3,1.0,0.4,73,7,0.3,1.0,0.4,73,7,0,28.57,-0.3,0,0,0,42.6,47.1,49.6,0.48,0.51,0.41
CINC,2019-11-08 00:35:00 EST,42.52242,-75.97562,1391,21.1,21.5,21.1,94.1,19.7,0.000,0.000,0.00,0.000,0.0,0.0,0.0,0,0,0.7,1.2,0.4,311,13,0.7,1.2,0.4,311,13,0,28.57,-0.3,0,0,0,42.6,47.1,49.6,0.48,0.51,0.41
CINC,2019-11-08 00:40:00 EST,42.52242,-75.97562,1391,21.6,21.8,21.6,94.6,20.3,0.000,0.000,0.00,0.000,0.6,1.2,0.4,218,13,0.9,1.5,0.3,240,27,0.9,1.5,0.3,240,27,0,28.57,-0.4,0,0,0,42.5,47.1,49.7,0.48,0.51,0.41
CINC,2019-11-08 00:45:00 EST,42.52242,-75.97562,1391,21.5,21.7,21.5,94.8,20.3,0.000,0.000,0.00,0.000,0.2,1.1,0.4,183,4,0.3,1.3,0.4,183,10,0.3,1.3,0.4,183,10,0,28.57,-0.3,0,0,0,42.4,47.1,49.6,0.48,0.51,0.41
CINC,2019-11-08 00:50:00 EST,42.52242,-75.97562,1391,21.7,21.9,21.7,94.9,20.5,0.000,0.000,0.00,0.000,0.0,0.4,0.1,178,0,0.1,1.0,0.2,227,6,0.1,1.0,0.2,227,6,0,28.57,-0.3,0,0,0,42.4,47.1,49.6,0.48,0.51,0.41
CINC,2019-11-08 00:55:00 EST,42.52242,-75.97562,1391,22.0,22.0,22.0,95.1,20.8,0.000,0.000,0.00,0.000,0.0,0.0,0.0,0,0,0.1,1.0,0.3,17,5,0.1,1.0,0.3,17,5,0,28.57,-0.3,0,0,0,42.4,47.1,49.6,0.48,0.51,0.41
CINC,2019-11-08 01:00:00 EST,42.52242,-75.97562,1391,22.2,22.3,22.2,95.2,21.1,0.000,0.000,0.00,0.000,0.0,0.0,0.0,0,0,0.3,1.0,0.4,10,5,0.3,1.0,0.4,10,5,0,28.57,-0.3,0,0,0,42.4,47.1,49.6,0.48,0.51,0.41
CINC,2019-11-08 01:05:00 EST,42.52242,-75.97562,1391,22.5,22.6,22.5,95.4,21.4,0.000,0.000,0.00,0.000,0.0,0.0,0.0,0,0,0.0,0.8,0.2,62,2,0.0,0.8,0.2,62,2,0,28.56,-0.3,0,0,0,42.4,46.9,49.6,0.48,0.51,0.41
CINC,2019-11-08 01:10:00 EST,42.52242,-75.97562,1391,22.9,22.8,22.9,95.4,21.8,0.000,0.000,0.00,0.000,0.0,0.0,0.0,0,0,0.0,0.0,0.0,0,0,0.0,0.0,0.0,0,0,0,28.57,-0.4,0,0,0,42.4,47.0,49.6,0.48,0.51,0.41
CINC,2019-11-08 01:15:00 EST,42.52242,-75.97562,1391,23.1,23.1,23.1,95.5,22.0,0.000,0.000,0.00,0.000,0.1,0.5,0.2,179,0,0.3,1.2,0.4,337,7,0.3,1.2,0.4,337,7,0,28.57,-0.4,0,0,0,42.3,46.9,49.6,0.48,0.51,0.41
CINC,2019-11-08 01:20:00 EST,42.52242,-75.97562,1391,23.2,23.3,23.2,95.6,22.2,0.000,0.000,0.00,0.000,0.0,0.4,0.1,178,0,0.1,0.9,0.2,188,4,0.1,0.9,0.2,188,4,0,28.57,-0.5,0,0,0,42.3,46.9,49.6,0.48,0.51,0.41
CINC,2019-11-08 01:25:00 EST,42.52242,-75.97562,1391,23.4,23.4,23.4,95.6,22.3,0.010,0.010,0.00,0.010,0.1,0.4,0.1,178,0,0.1,0.9,0.3,174,6,0.1,0.9,0.3,174,6,0,28.57,-0.5,0,0,0,42.3,46.9,49.6,0.48,0.51,0.41
CINC,2019-11-08 01:30:00 EST,42.52242,-75.97562,1391,23.6,23.5,23.6,95.6,22.5,0.006,0.016,0.00,0.016,1.0,1.8,0.6,171,5,1.2,2.0,0.7,170,6,1.2,2.0,0.7,170,6,0,28.57,-0.6,0,0,0,42.3,46.9,49.6,0.48,0.51,0.41
CINC,2019-11-08 01:35:00 EST,42.52242,-75.97562,1391,23.8,23.7,23.8,95.7,22.8,0.005,0.021,0.00,0.021,1.1,1.4,0.1,169,10,1.3,1.9,0.2,167,14,1.3,1.9,0.2,167,14,0,28.57,-0.4,0,0,0,42.2,46.9,49.6,0.48,0.51,0.41
CINC,2019-11-08 01:40:00 EST,42.52242,-75.97562,1391,23.9,23.9,23.9,95.7,22.9,0.003,0.024,0.00,0.024,0.4,1.2,0.5,144,3,0.5,1.4,0.5,137,7,0.5,1.4,0.5,137,7,0,28.57,-0.7,0,0,0,42.1,46.9,49.6,0.48,0.51,0.41
CINC,2019-11-08 01:45:00 EST,42.52242,-75.97562,1391,24.0,24.0,24.0,95.6,23.0,0.002,0.026,0.00,0.026,0.8,1.4,0.4,133,10,1.1,1.5,0.2,114,25,1.1,1.5,0.2,114,25,0,28.57,-1.8,0,0,0,42.1,46.9,49.6,0.48,0.51,0.41
CINC,2019-11-08 01:50:00 EST,42.52242,-75.97562,1391,24.1,24.1,24.1,95.4,23.0,0.000,0.026,0.00,0.026,0.1,0.5,0.1,100,0,0.2,1.1,0.4,89,7,0.2,1.1,0.4,89,7,0,28.57,-2.8,0,0,0,42.1,46.9,49.6,0.48,0.51,0.41
CINC,2019-11-08 01:55:00 EST,42.52242,-75.97562,1391,24.1,24.1,24.1,95.3,23.0,0.010,0.036,0.00,0.036,0.0,0.0,0.0,0,0,0.3,1.3,0.4,167,7,0.3,1.3,0.4,167,7,0,28.57,-2.5,0,0,0,42.1,46.9,49.6,0.48,0.51,0.41
CINC,2019-11-08 02:00:00 EST,42.52242,-75.97562,1391,24.2,24.1,24.2,95.3,23.0,0.001,0.037,0.00,0.037,0.9,1.2,0.2,173,10,1.3,1.7,0.2,174,13,1.3,1.7,0.2,174,13,0,28.57,-2.7,0,0,0,42.1,46.9,49.6,0.48,0.51,0.41
CINC,2019-11-08 02:05:00 EST,42.52242,-75.97562,1391,24.2,24.2,24.2,95.3,23.0,0.001,0.038,0.00,0.038,0.9,1.7,0.5,125,21,1.2,2.2,0.5,123,29,1.2,2.2,0.5,123,29,0,28.56,-2.7,0,0,0,42.1,46.9,49.6,0.48,0.51,0.41
CINC,2019-11-08 02:10:00 EST,42.52242,-75.97562,1391,24.3,24.3,24.3,95.2,23.1,0.000,0.038,0.00,0.038,0.8,1.5,0.3,199,12,1.0,2.0,0.4,209,19,1.0,2.0,0.4,209,19,0,28.56,-2.5,0,0,0,42.1,46.9,49.6,0.48,0.51,0.41
CINC,2019-11-08 02:15:00 EST,42.52242,-75.97562,1391,24.2,24.2,24.2,95.0,23.0,0.000,0.038,0.00,0.038,1.4,2.1,0.4,193,6,1.7,2.4,0.5,197,9,1.7,2.4,0.5,197,9,0,28.56,,0,0,0,42.0,46.9,49.6,0.48,0.51,0.41
CINC,2019-11-08 02:20:00 EST,42.52242,-75.97562,1391,24.1,24.1,24.1,95.0,22.9,0.000,0.038,0.00,0.038,1.2,1.7,0.3,198,6,1.3,1.8,0.2,208,9,1.3,1.8,0.2,208,9,0,28.56,,0,0,0,41.9,46.9,49.6,0.48,0.51,0.41
CINC,2019-11-08 02:25:00 EST,42.52242,-75.97562,1391,24.1,24.1,24.1,95.1,22.9,0.006,0.044,0.00,0.034,1.0,1.9,0.6,198,7,1.0,2.3,0.5,208,17,1.0,2.3,0.5,208,17,0,28.56,-2.4,0,0,0,41.9,46.9,49.6,0.48,0.51,0.41
CINC,2019-11-08 02:30:00 EST,42.52242,-75.97562,1391,24.2,24.1,24.2,95.2,23.0,0.003,0.047,0.00,0.031,0.2,1.0,0.3,169,6,0.3,1.6,0.4,177,29,0.3,1.6,0.4,177,29,0,28.56,-3.3,0,0,0,41.9,46.9,49.6,0.48,0.51,0.41
CINC,2019-11-08 02:35:00 EST,42.52242,-75.97562,1391,24.2,24.2,24.2,95.3,23.1,0.002,0.049,0.00,0.028,0.2,1.4,0.4,20,4,0.7,1.8,0.6,11,7,0.7,1.8,0.6,11,7,0,28.56,-2.4,0,0,0,41.9,46.9,49.6,0.48,0.51,0.41
CINC,2019-11-08 02:40:00 EST,42.52242,-75.97562,1391,24.5,24.5,20.8,95.4,23.3,0.006,0.054,0.00,0.030,2.8,5.8,1.0,29,11,3.0,5.6,1.0,21,11,3.0,5.6,1.0,21,11,0,28.56,-1.9,0,0,0,41.9,46.8,49.6,0.48,0.51,0.41
CINC,2019-11-08 02:45:00 EST,42.52242,-75.97562,1391,24.8,24.8,20.8,95.6,23.7,0.008,0.063,0.00,0.036,3.3,4.7,0.6,31,13,3.3,5.8,0.8,25,14,3.3,5.8,0.8,25,14,0,28.56,,0,0,0,41.9,46.8,49.6,0.48,0.51,0.41
CINC,2019-11-08 02:50:00 EST,42.52242,-75.97562,1391,24.8,24.8,24.8,95.3,23.7,0.002,0.065,0.00,0.038,2.4,4.2,0.7,43,14,2.4,4.1,0.7,39,15,2.4,4.1,0.7,39,15,0,28.56,,0,0,0,41.9,46.8,49.6,0.48,0.51,0.41
CINC,2019-11-08 02:55:00 EST,42.52242,-75.97562,1391,24.9,24.9,24.9,95.1,23.7,0.007,0.071,0.00,0.035,2.4,5.4,1.0,39,19,2.4,5.0,1.0,33,20,2.4,5.0,1.0,33,20,0,28.56,,0,0,0,41.9,46.8,49.6,0.48,0.51,0.41
CINC,2019-11-08 03:00:00 EST,42.52242,-75.97562,1391,25.0,25.0,21.4,95.0,23.8,0.003,0.074,0.00,0.037,2.7,4.5,0.6,3,28,3.0,5.7,1.0,3,16,3.0,5.7,1.0,3,16,0,28.56,,0,0,0,41.9,46.8,49.6,0.48,0.51,0.41
CINC,2019-11-08 03:05:00 EST,42.52242,-75.97562,1391,25.0,25.0,21.0,94.9,23.8,0.005,0.079,0.00,0.041,2.9,4.5,0.9,4,24,3.3,5.2,1.0,4,13,3.3,5.2,1.0,4,13,0,28.56,,0,0,0,41.9,46.8,49.6,0.48,0.51,0.41
CINC,2019-11-08 03:10:00 EST,42.52242,-75.97562,1391,25.0,25.0,25.0,94.9,23.8,0.004,0.083,0.00,0.044,1.1,3.6,0.9,323,27,1.4,4.0,0.8,337,26,1.4,4.0,0.8,337,26,0,28.56,,0,0,0,41.9,46.8,49.6,0.48,0.51,0.41
CINC,2019-11-08 03:15:00 EST,42.52242,-75.97562,1391,25.0,25.0,25.0,94.6,23.7,0.004,0.086,0.00,0.048,2.9,7.7,1.5,303,18,2.8,9.2,1.5,318,18,2.8,9.2,1.5,318,18,0,28.56,,0,0,0,41.9,46.8,49.6,0.48,0.51,0.41
CINC,2019-11-08 03:20:00 EST,42.52242,-75.97562,1391,24.9,25.0,24.9,94.1,23.5,0.003,0.089,0.00,0.051,1.0,4.1,0.9,290,32,1.1,3.9,0.7,325,48,1.1,3.9,0.7,325,48,0,28.56,,0,0,0,41.9,46.8,49.6,0.48,0.51,0.41
CINC,2019-11-08 03:25:00 EST,42.52242,-75.97562,1391,24.9,24.9,21.1,93.9,23.4,0.002,0.091,0.00,0.048,3.3,7.4,1.7,288,20,3.1,7.1,1.5,303,23,3.1,7.1,1.5,303,23,0,28.56,,0,0,0,41.9,46.8,49.6,0.48,0.51,0.41
CINC,2019-11-08 03:30:00 EST,42.52242,-75.97562,1391,24.9,24.9,24.9,93.0,23.1,0.000,0.091,0.00,0.044,3.3,5.6,1.2,286,15,3.0,5.8,1.1,301,14,3.0,5.8,1.1,301,14,0,28.56,,0,0,0,41.9,46.8,49.6,0.48,0.51,0.41
CINC,2019-11-08 03:35:00 EST,42.52242,-75.97562,1391,24.7,24.9,24.7,92.8,22.9,0.000,0.091,0.00,0.043,2.1,5.3,1.2,309,23,2.0,5.8,0.9,331,20,2.0,5.8,0.9,331,20,0,28.56,,0,0,0,41.9,46.8,49.6,0.48,0.51,0.41
CINC,2019-11-08 03:40:00 EST,42.52242,-75.97562,1391,24.7,24.8,24.7,92.8,22.9,0.000,0.091,0.00,0.037,1.5,4.8,0.9,277,15,1.6,4.8,1.0,295,15,1.6,4.8,1.0,295,15,0,28.56,,0,0,0,41.9,46.8,49.6,0.48,0.51,0.41
CINC,2019-11-08 03:45:00 EST,42.52242,-75.97562,1391,24.7,24.8,24.7,92.8,22.9,0.000,0.091,0.00,0.029,1.7,5.3,1.4,280,18,1.7,4.6,1.1,297,19,1.7,4.6,1.1,297,19,0,28.56,,0,0,0,41.9,46.8,49.6,0.48,0.51,0.41
CINC,2019-11-08 03:50:00 EST,42.52242,-75.97562,1391,24.5,24.7,24.5,92.6,22.7,0.000,0.091,0.00,0.027,2.3,6.2,1.7,309,28,2.1,7.4,1.5,324,25,2.1,7.4,1.5,324,25,0,28.56,,0,0,0,41.9,46.8,49.6,0.48,0.51,0.41
CINC,2019-11-08 03:55:00 EST,42.52242,-75.97562,1391,24.6,24.8,24.6,92.4,22.7,0.000,0.091,0.00,0.020,3.3,6.6,1.5,293,16,2.8,6.8,1.3,307,17,2.8,6.8,1.3,307,17,0,28.56,,0,0,0,41.9,46.6,49.6,0.48,0.51,0.41
CINC,2019-11-08 04:00:00 EST,42.52242,-75.97562,1391,24.6,24.8,24.6,92.1,22.7,0.000,0.091,0.00,0.017,2.4,5.3,1.2,304,31,2.4,6.3,1.2,319,30,2.4,6.3,1.2,319,30,0,28.56,,0,0,0,41.9,46.7,49.6,0.48,0.51,0.41
CINC,2019-11-08 04:05:00 EST,42.52242,-75.97562,1391,24.6,24.9,24.6,92.1,22.6,0.000,0.091,0.00,0.012,1.8,3.9,0.7,331,42,1.8,4.1,0.8,340,33,1.8,4.1,0.8,340,33,0,28.56,,0,0,0,41.9,46.7,49.6,0.48,0.51,0.41
CINC,2019-11-08 04:10:00 EST,42.52242,-75.97562,1391,24.7,24.9,24.7,91.9,22.7,0.000,0.091,0.00,0.009,2.2,7.4,1.2,276,27,2.3,8.8,1.5,286,25,2.3,8.8,1.5,286,25,0,28.56,,0,0,0,41.9,46.6,49.6,0.48,0.51,0.41
CINC,2019-11-08 04:15:00 EST,42.52242,-75.97562,1391,25.0,25.2,20.9,91.3,22.8,0.000,0.091,0.00,0.005,3.5,7.8,2.0,296,31,3.3,9.5,1.8,310,32,3.3,9.5,1.8,310,32,0,28.56,,0,0,0,41.9,46.6,49.6,0.48,0.51,0.41
CINC,2019-11-08 04:20:00 EST,42.52242,-75.97562,1391,25.2,25.3,25.2,90.3,22.7,0.000,0.091,0.00,0.002,2.5,10.2,2.2,286,29,2.6,8.6,2.1,299,30,2.6,8.6,2.1,299,30,0,28.56,,0,0,0,41.9,46.6,49.6,0.48,0.51,0.41
CINC,2019-11-08 04:25:00 EST,42.52242,-75.97562,1391,25.4,25.5,25.4,89.3,22.7,0.000,0.091,0.00,0.000,2.5,7.3,1.8,287,39,2.4,6.0,1.6,307,38,2.4,6.0,1.6,307,38,0,28.57,,0,0,0,41.9,46.6,49.6,0.48,0.51,0.41
CINC,2019-11-08 04:30:00 EST,42.52242,-75.97562,1391,25.4,25.4,25.4,89.7,22.8,0.000,0.091,0.00,0.000,2.0,8.7,1.3,272,37,2.2,10.7,1.6,289,36,2.2,10.7,1.6,289,36,0,28.57,,0,0,0,41.9,46.6,49.6,0.48,0.51,0.41
CINC,2019-11-08 04:35:00 EST,42.52242,-75.97562,1391,25.4,25.4,19.4,89.9,22.8,0.000,0.091,0.00,0.000,4.5,9.0,1.9,275,22,4.9,11.1,2.2,287,20,4.9,11.1,2.2,287,20,0,28.56,,0,0,0,41.9,46.6,49.6,0.48,0.51,0.41
CINC,2019-11-08 04:40:00 EST,42.52242,-75.97562,1391,25.3,25.3,19.8,90.4,22.9,0.006,0.097,0.00,0.006,4.4,8.3,1.7,297,27,4.5,9.1,1.7,315,28,4.5,9.1,1.7,315,28,0,28.57,1.1,0,0,0,41.9,46.6,49.6,0.48,0.51,0.41
CINC,2019-11-08 04:45:00 EST,42.52242,-75.97562,1391,25.1,25.1,18.5,92.1,23.1,0.020,0.117,0.26,0.026,4.9,8.3,1.1,353,31,5.4,10.3,1.6,359,15,5.4,10.3,1.6,359,15,0,28.57,,0,0,0,41.9,46.6,49.6,0.48,0.51,0.41
CINC,2019-11-08 04:50:00 EST,42.52242,-75.97562,1391,25.0,25.0,18.9,93.6,23.4,0.007,0.124,0.00,0.033,4.5,6.6,0.9,351,34,4.9,7.6,1.3,356,21,4.9,7.6,1.3,356,21,0,28.57,,0,0,0,41.9,46.6,49.6,0.48,0.51,0.41
CINC,2019-11-08 04:55:00 EST,42.52242,-75.97562,1391,25.1,25.2,18.7,93.1,23.4,0.000,0.124,0.00,0.033,4.7,9.5,1.8,337,41,5.2,12.1,2.3,347,29,5.2,12.1,2.3,347,29,0,28.57,0.7,0,0,0,41.9,46.6,49.6,0.48,0.51,0.41
CINC,2019-11-08 05:00:00 EST,42.52242,-75.97562,1391,25.0,25.1,15.7,90.5,22.6,0.001,0.125,0.00,0.033,7.7,15.4,3.2,335,32,8.8,19.7,4.1,350,20,8.8,19.7,4.1,350,20,0,28.58,,0,0,0,41.9,46.6,49.6,0.48,0.51,0.41
CINC,2019-11-08 05:05:00 EST,42.52242,-75.97562,1391,24.7,24.8,19.3,87.3,21.4,0.000,0.125,0.00,0.033,3.9,7.5,1.3,316,24,4.2,7.3,1.2,331,21,4.2,7.3,1.2,331,21,0,28.58,,0,0,0,41.9,46.6,49.6,0.48,0.51,0.41
CINC,2019-11-08 05:10:00 EST,42.52242,-75.97562,1391,24.3,24.5,18.2,87.1,21.1,0.000,0.125,0.00,0.033,4.2,9.3,1.5,329,26,4.9,10.9,1.7,343,19,4.9,10.9,1.7,343,19,0,28.58,,0,0,0,41.9,46.6,49.6,0.48,0.51,0.41
CINC,2019-11-08 05:15:00 EST,42.52242,-75.97562,1391,24.1,24.3,17.7,86.3,20.6,0.000,0.125,0.00,0.033,4.5,10.6,2.0,328,32,5.0,11.1,2.1,343,21,5.0,11.1,2.1,343,21,0,28.58,,0,0,0,41.9,46.6,49.6,0.48,0.51,0.41
CINC,2019-11-08 05:20:00 EST,42.52242,-75.97562,1391,24.0,24.1,16.5,85.8,20.4,0.000,0.125,0.00,0.033,5.5,10.8,2.3,321,30,6.3,11.8,2.5,334,24,6.3,11.8,2.5,334,24,0,28.58,-0.3,0,0,0,41.9,46.4,49.6,0.48,0.51,0.41
CINC,2019-11-08 05:25:00 EST,42.52242,-75.97562,1391,23.8,23.9,18.9,85.5,20.1,0.000,0.125,0.00,0.033,3.2,9.1,1.7,331,27,3.8,9.0,1.9,347,19,3.8,9.0,1.9,347,19,0,28.59,,0,0,0,41.9,46.4,49.6,0.48,0.51,0.41
CINC,2019-11-08 05:30:00 EST,42.52242,-75.97562,1391,23.7,23.9,19.4,86.0,20.1,0.000,0.125,0.00,0.033,2.9,8.5,1.8,310,29,3.3,9.0,1.8,327,23,3.3,9.0,1.8,327,23,0,28.59,-0.5,0,0,0,41.9,46.4,49.6,0.48,0.51,0.41
CINC,2019-11-08 05:35:00 EST,42.52242,-75.97562,1391,23.6,23.7,23.6,86.1,20.1,0.000,0.125,0.00,0.033,1.8,5.5,1.4,308,27,1.9,5.7,1.3,327,23,1.9,5.7,1.3,327,23,0,28.59,,0,0,0,41.9,46.4,49.6,0.48,0.51,0.41
CINC,2019-11-08 05:40:00 EST,42.52242,-75.97562,1391,23.4,23.6,18.7,86.2,19.9,0.000,0.125,0.00,0.028,3.1,8.2,1.7,330,33,3.6,10.1,1.9,344,26,3.6,10.1,1.9,344,26,0,28.59,1.6,0,0,0,41.9,46.4,49.6,0.48,0.51,0.41
CINC,2019-11-08 05:45:00 EST,42.52242,-75.97562,1391,23.4,23.5,19.3,86.7,20.0,0.000,0.125,0.00,0.007,2.7,5.8,1.0,318,29,3.2,6.2,1.0,332,25,3.2,6.2,1.0,332,25,0,28.59,1.9,0,0,0,41.9,46.4,49.6,0.48,0.51,0.41
CINC,2019-11-08 05:50:00 EST,42.52242,-75.97562,1391,23.1,23.4,23.1,87.2,19.9,0.000,0.125,0.00,0.001,1.8,4.5,1.0,337,42,2.2,6.0,1.1,348,34,2.2,6.0,1.1,348,34,0,28.60,1.8,0,0,0,41.9,46.4,49.6,0.48,0.51,0.41
CINC,2019-11-08 05:55:00 EST,42.52242,-75.97562,1391,23.0,23.3,18.8,87.1,19.8,0.000,0.125,0.00,0.001,2.9,4.9,0.9,327,28,3.2,5.5,1.0,341,21,3.2,5.5,1.0,341,21,0,28.60,1.7,0,0,0,41.9,46.4,49.6,0.48,0.51,0.41
CINC,2019-11-08 06:00:00 EST,42.52242,-75.97562,1391,23.2,23.4,16.2,86.2,19.7,0.000,0.125,0.00,0.000,5.1,11.0,2.2,317,24,5.6,11.8,2.3,334,21,5.6,11.8,2.3,334,21,0,28.60,1.8,0,0,0,41.9,46.4,49.6,0.48,0.51,0.41
CINC,2019-11-08 06:05:00 EST,42.52242,-75.97562,1391,23.4,23.5,16.8,85.5,19.7,0.000,0.125,0.00,0.000,4.4,9.1,1.6,324,25,5.2,12.2,2.2,341,18,5.2,12.2,2.2,341,18,0,28.60,1.6,0,0,0,41.9,46.4,49.6,0.48,0.51,0.41
CINC,2019-11-08 06:10:00 EST,42.52242,-75.97562,1391,23.5,23.5,17.8,85.4,19.8,0.000,0.125,0.00,0.000,4.0,8.0,1.4,328,32,4.4,9.8,1.8,342,23,4.4,9.8,1.8,342,23,0,28.60,,0,0,0,41.9,46.4,49.6,0.48,0.51,0.41
CINC,2019-11-08 06:15:00 EST,42.52242,-75.97562,1391,23.5,23.5,18.7,85.3,19.7,0.000,0.125,0.00,0.000,2.9,7.2,1.8,347,34,3.7,9.2,2.1,357,28,3.7,9.2,2.1,357,28,0,28.61,1.6,0,0,0,41.9,46.4,49.6,0.48,0.51,0.41
CINC,2019-11-08 06:20:00 EST,42.52242,-75.97562,1391,23.5,23.6,16.2,85.8,19.9,0.000,0.125,0.00,0.000,5.2,11.0,2.0,352,32,6.0,13.3,2.6,356,19,6.0,13.3,2.6,356,19,0,28.61,1.6,0,0,0,41.9,46.4,49.6,0.48,0.51,0.41
CINC,2019-11-08 06:25:00 EST,42.52242,-75.97562,1391,23.5,23.5,17.2,86.2,20.0,0.000,0.125,0.00,0.000,4.3,9.3,1.7,347,30,4.9,10.5,2.0,353,16,4.9,10.5,2.0,353,16,0,28.61,1.6,0,0,0,41.9,46.4,49.6,0.48,0.51,0.41
CINC,2019-11-08 06:30:00 EST,42.52242,-75.97562,1391,23.5,23.5,18.1,86.4,20.0,0.000,0.125,0.00,0.000,3.5,6.6,1.3,326,32,4.1,7.8,1.6,339,25,4.1,7.8,1.6,339,25,0,28.61,1.6,0,0,0,41.9,46.4,49.6,0.48,0.51,0.41
CINC,2019-11-08 06:35:00 EST,42.52242,-75.97562,1391,23.5,23.5,18.5,86.3,20.0,0.000,0.125,0.00,0.000,3.4,5.4,0.7,318,25,3.7,7.3,1.1,334,23,3.7,7.3,1.1,334,23,0,28.62,1.6,0,0,0,41.9,46.4,49.6,0.48,0.51,0.41
CINC,2019-11-08 06:40:00 EST,42.52242,-75.97562,1391,23.4,23.4,19.2,86.5,20.0,0.000,0.125,0.00,0.000,3.0,7.0,1.5,286,24,3.3,9.1,1.8,301,27,3.3,9.1,1.8,301,27,1,28.62,1.8,0,0,0,41.9,46.4,49.6,0.48,0.51,0.41
CINC,2019-11-08 06:45:00 EST,42.52242,-75.97562,1391,23.4,23.4,15.8,85.0,19.5,0.000,0.125,0.00,0.000,5.6,9.8,1.8,291,29,6.1,11.2,2.0,307,28,6.1,11.2,2.0,307,28,1,28.62,1.8,0,0,0,41.9,46.4,49.6,0.48,0.51,0.41
CINC,2019-11-08 06:50:00 EST,42.52242,-75.97562,1391,23.3,23.4,17.1,83.8,19.1,0.000,0.125,0.00,0.000,4.4,8.0,1.4,295,23,4.7,8.8,1.6,310,23,4.7,8.8,1.6,310,23,2,28.62,1.9,0,0,0,41.9,46.4,49.6,0.48,0.51,0.41
CINC,2019-11-08 06:55:00 EST,42.52242,-75.97562,1391,23.3,23.3,16.4,83.9,19.1,0.000,0.125,0.00,0.000,4.9,10.8,2.7,302,31,5.4,11.2,2.8,319,31,5.4,11.2,2.8,319,31,2,28.63,,0,0,0,41.9,46.4,49.6,0.48,0.51,0.41
CINC,2019-11-08 07:00:00 EST,42.52242,-75.97562,1391,23.2,23.2,17.3,84.6,19.2,0.000,0.125,0.00,0.000,4.1,9.1,2.0,318,33,4.5,10.9,2.2,333,27,4.5,10.9,2.2,333,27,4,28.63,1.5,0,0,0,41.9,46.2,49.6,0.48,0.51,0.41
CINC,2019-11-08 07:05:00 EST,42.52242,-75.97562,1391,23.2,23.3,15.4,84.2,19.1,0.000,0.125,0.00,0.000,5.9,12.4,2.8,307,25,6.4,12.5,2.8,324,19,6.4,12.5,2.8,324,19,6,28.63,1.8,0,0,0,41.9,46.3,49.6,0.48,0.51,0.41
CINC,2019-11-08 07:10:00 EST,42.52242,-75.97562,1391,23.1,23.2,17.1,83.2,18.8,0.000,0.125,0.00,0.000,4.1,12.6,3.1,305,35,4.6,16.4,3.4,320,35,4.6,16.4,3.4,320,35,8,28.63,1.8,0,0,0,41.9,46.1,49.6,0.48,0.51,0.41
CINC,2019-11-08 07:15:00 EST,42.52242,-75.97562,1391,23.0,23.1,15.4,81.8,18.3,0.000,0.125,0.00,0.000,5.3,10.0,2.2,288,23,6.1,11.6,2.3,303,23,6.1,11.6,2.3,303,23,9,28.63,1.7,0,0,0,41.9,46.0,49.6,0.48,0.51,0.41
CINC,2019-11-08 07:20:00 EST,42.52242,-75.97562,1391,22.7,22.9,15.7,81.9,18.0,0.000,0.125,0.00,0.000,5.0,8.4,1.9,287,18,5.4,9.3,1.9,299,19,5.4,9.3,1.9,299,19,11,28.63,1.8,0,0,0,41.9,46.0,49.6,0.48,0.51,0.41
CINC,2019-11-08 07:25:00 EST,42.52242,-75.97562,1391,22.8,23.0,17.1,82.1,18.2,0.000,0.125,0.00,0.000,3.9,9.3,1.6,302,30,4.3,8.5,1.7,316,28,4.3,8.5,1.7,316,28,16,28.64,1.8,0,0,0,41.9,46.0,49.6,0.48,0.51,0.41
CINC,2019-11-08 07:30:00 EST,42.52242,-75.97562,1391,23.0,23.1,14.9,81.1,18.0,0.000,0.125,0.00,0.000,6.0,11.5,2.6,297,27,6.6,11.9,2.6,315,27,6.6,11.9,2.6,315,27,22,28.64,1.8,0,0,0,41.9,46.0,49.6,0.48,0.51,0.41
CINC,2019-11-08 07:35:00 EST,42.52242,-75.97562,1391,23.0,23.2,15.9,80.1,17.8,0.000,0.125,0.00,0.000,5.1,10.6,2.6,306,33,5.7,11.4,2.5,322,26,5.7,11.4,2.5,322,26,31,28.64,1.7,0,0,0,41.9,46.0,49.6,0.48,0.51,0.41
CINC,2019-11-08 07:40:00 EST,42.52242,-75.97562,1391,23.1,23.2,13.6,80.7,18.1,0.000,0.125,0.00,0.000,8.1,13.0,2.7,301,20,8.7,14.4,2.9,318,17,8.7,14.4,2.9,318,17,39,28.64,1.8,0,0,0,41.9,46.0,49.6,0.48,0.51,0.41
CINC,2019-11-08 07:45:00 EST,42.52242,-75.97562,1391,23.2,23.2,15.0,81.7,18.4,0.000,0.125,0.00,0.000,6.0,10.2,2.1,289,34,6.8,12.3,2.4,303,31,6.8,12.3,2.4,303,31,18,28.65,1.7,0,0,0,41.9,46.0,49.6,0.48,0.51,0.41
CINC,2019-11-08 07:50:00 EST,42.52242,-75.97562,1391,23.1,23.1,15.5,83.0,18.7,0.000,0.125,0.00,0.000,5.5,13.3,2.1,295,23,6.2,17.4,2.4,310,21,6.2,17.4,2.4,310,21,25,28.65,1.7,0,0,0,41.9,46.0,49.6,0.48,0.51,0.41
CINC,2019-11-08 07:55:00 EST,42.52242,-75.97562,1391,23.2,23.2,15.3,83.1,18.9,0.000,0.125,0.00,0.000,5.7,13.7,3.2,296,27,6.6,17.6,3.6,313,29,6.6,17.6,3.6,313,29,25,28.65,1.9,0,0,0,41.9,46.0,49.5,0.48,0.51,0.41
CINC,2019-11-08 08:00:00 EST,42.52242,-75.97562,1391,23.2,23.2,14.9,83.7,19.0,0.000,0.125,0.00,0.000,6.2,12.6,2.5,308,20,6.9,15.3,2.5,327,16,6.9,15.3,2.5,327,16,18,28.65,1.6,0,0,0,41.9,46.0,49.5,0.48,0.51,0.41
CINC,2019-11-08 08:05:00 EST,42.52242,-75.97562,1391,22.9,22.9,14.6,85.0,19.1,0.000,0.125,0.00,0.000,6.4,12.6,2.2,301,18,6.9,13.2,2.1,318,17,6.9,13.2,2.1,318,17,17,28.66,1.2,0,0,0,41.9,46.0,49.5,0.48,0.51,0.41
CINC,2019-11-08 08:10:00 EST,42.52242,-75.97562,1391,22.7,22.7,14.8,84.9,18.9,0.000,0.125,0.00,0.000,5.9,14.9,3.6,299,23,6.5,17.9,3.7,316,20,6.5,17.9,3.7,316,20,22,28.66,1.2,0,0,0,41.9,46.0,49.5,0.48,0.51,0.41
CINC,2019-11-08 08:15:00 EST,42.52242,-75.97562,1391,22.8,22.8,14.6,85.3,19.0,0.004,0.129,0.00,0.004,5.4,10.0,2.0,334,32,6.7,11.4,2.5,346,22,6.7,11.4,2.5,346,22,21,28.66,1.2,0,0,0,41.9,46.0,49.5,0.48,0.51,0.41
CINC,2019-11-08 08:20:00 EST,42.52242,-75.97562,1391,22.6,22.7,12.9,83.8,18.5,0.000,0.129,0.00,0.004,8.0,13.4,2.6,310,25,8.8,14.4,2.5,327,20,8.8,14.4,2.5,327,20,50,28.66,1.3,0,0,0,41.9,46.0,49.5,0.48,0.51,0.41
CINC,2019-11-08 08:25:00 EST,42.52242,-75.97562,1391,22.6,22.7,13.5,81.4,17.8,0.000,0.129,0.00,0.004,6.8,15.7,3.2,320,24,7.9,18.5,3.6,337,19,7.9,18.5,3.6,337,19,55,28.67,1.3,0,0,0,41.9,46.0,49.5,0.48,0.51,0.41
CINC,2019-11-08 08:30:00 EST,42.52242,-75.97562,1391,22.6,22.6,14.7,80.9,17.6,0.000,0.129,0.00,0.004,5.1,8.3,1.4,326,30,6.4,11.1,2.0,341,21,6.4,11.1,2.0,341,21,59,28.67,1.4,0,0,0,41.9,46.0,49.5,0.48,0.51,0.41
CINC,2019-11-08 08:35:00 EST,42.52242,-75.97562,1391,22.5,22.5,15.0,79.7,17.1,0.000,0.129,0.00,0.004,5.0,9.0,2.0,307,26,5.9,10.3,2.2,322,25,5.9,10.3,2.2,322,25,73,28.67,1.6,0,0,0,41.9,46.0,49.5,0.48,0.51,0.41
CINC,2019-11-08 08:40:00 EST,42.52242,-75.97562,1391,22.6,22.6,14.6,79.9,17.3,0.000,0.129,0.00,0.004,5.4,10.7,1.6,327,34,6.5,13.6,2.3,345,24,6.5,13.6,2.3,345,24,77,28.67,1.5,0,0,0,41.9,46.0,49.5,0.48,0.51,0.41
CINC,2019-11-08 08:45:00 EST,42.52242,-75.97562,1391,22.5,22.5,13.8,79.7,17.1,0.000,0.129,0.00,0.004,5.9,8.9,1.8,325,33,7.2,14.9,2.3,338,24,7.2,14.9,2.3,338,24,40,28.67,1.4,0,0,0,41.9,46.0,49.5,0.48,0.51,0.41
CINC,2019-11-08 08:50:00 EST,42.52242,-75.97562,1391,22.5,22.6,14.4,78.3,16.8,0.000,0.129,0.00,0.004,5.5,9.3,1.9,328,30,6.6,11.4,2.5,343,20,6.6,11.4,2.5,343,20,104,28.68,1.4,0,0,0,41.9,46.0,49.5,0.48,0.51,0.41
CINC,2019-11-08 08:55:00 EST,42.52242,-75.97562,1391,22.9,23.0,14.7,76.7,16.7,0.000,0.129,0.00,0.004,5.9,14.1,2.6,318,32,6.8,14.6,3.0,334,25,6.8,14.6,3.0,334,25,83,28.68,1.5,0,0,0,41.9,46.0,49.5,0.48,0.51,0.41
CINC,2019-11-08 09:00:00 EST,42.52242,-75.97562,1391,22.9,22.9,14.4,75.3,16.2,0.000,0.129,0.00,0.004,6.3,13.7,3.0,313,26,7.1,16.1,3.4,332,22,7.1,16.1,3.4,332,22,57,28.68,1.4,0,0,0,41.9,46.0,49.5,0.48,0.51,0.41
CINC,2019-11-08 09:05:00 EST,42.52242,-75.97562,1391,22.8,22.8,13.5,75.1,16.1,0.000,0.129,0.00,0.004,7.0,15.5,3.3,324,35,8.1,18.3,3.4,338,26,8.1,18.3,3.4,338,26,49,28.68,1.6,0,0,0,41.9,45.9,49.5,0.48,0.51,0.41
CINC,2019-11-08 09:10:00 EST,42.52242,-75.97562,1391,22.6,22.7,15.4,76.3,16.3,0.000,0.129,0.00,0.004,4.9,10.8,2.3,310,26,5.7,12.5,2.5,327,23,5.7,12.5,2.5,327,23,52,28.68,1.7,0,0,0,41.9,45.9,49.5,0.48,0.51,0.41
CINC,2019-11-08 09:15:00 EST,42.52242,-75.97562,1391,22.7,22.7,16.2,75.8,16.2,0.000,0.129,0.00,0.000,4.1,9.4,2.1,302,29,5.0,11.0,2.2,318,27,5.0,11.0,2.2,318,27,53,28.68,1.4,0,0,0,41.9,45.9,49.5,0.48,0.51,0.41
CINC,2019-11-08 09:20:00 EST,42.52242,-75.97562,1391,22.7,22.8,15.0,74.9,15.9,0.000,0.129,0.00,0.000,5.5,9.6,2.1,301,22,6.2,11.1,2.3,321,21,6.2,11.1,2.3,321,21,60,28.68,1.1,0,0,0,41.9,45.9,49.5,0.48,0.51,0.41
CINC,2019-11-08 09:25:00 EST,42.52242,-75.97562,1391,22.7,22.9,11.6,73.1,15.4,0.000,0.129,0.00,0.000,9.7,17.2,2.8,342,39,11.2,18.3,3.3,350,27,11.2,18.3,3.3,350,27,94,28.68,1.0,0,0,0,41.9,45.9,49.5,0.48,0.51,0.41
CINC,2019-11-08 09:30:00 EST,42.52242,-75.97562,1391,23.1,23.2,14.1,71.1,15.1,0.000,0.129,0.00,0.000,7.1,12.7,2.5,314,25,7.9,15.0,2.8,334,20,7.9,15.0,2.8,334,20,142,28.69,1.1,0,0,0,41.9,45.9,49.5,0.48,0.51,0.41
CINC,2019-11-08 09:35:00 EST,42.52242,-75.97562,1391,23.4,23.5,15.3,69.3,14.8,0.000,0.129,0.00,0.000,6.0,10.3,2.1,306,23,6.8,11.0,2.2,321,21,6.8,11.0,2.2,321,21,138,28.69,0.9,0,0,0,41.9,45.9,49.5,0.48,0.51,0.41
CINC,2019-11-08 09:40:00 EST,42.52242,-75.97562,1391,23.4,23.5,13.6,68.3,14.5,0.000,0.129,0.00,0.000,7.7,14.8,2.2,326,32,9.1,18.7,3.0,342,25,9.1,18.7,3.0,342,25,154,28.69,,0,0,0,41.9,45.9,49.5,0.48,0.51,0.41
CINC,2019-11-08 09:45:00 EST,42.52242,-75.97562,1391,23.5,23.6,14.1,69.0,14.9,0.000,0.129,0.00,0.000,7.3,11.5,2.0,324,29,8.6,13.7,2.7,341,18,8.6,13.7,2.7,341,18,169,28.69,0.9,0,0,0,41.9,45.9,49.5,0.48,0.51,0.41
CINC,2019-11-08 09:50:00 EST,42.52242,-75.97562,1391,23.8,23.8,15.8,68.1,14.8,0.000,0.129,0.00,0.000,6.2,12.9,2.9,289,23,6.8,14.5,3.1,303,21,6.8,14.5,3.1,303,21,177,28.69,1.1,0,0,0,41.9,45.9,49.5,0.48,0.51,0.41
CINC,2019-11-08 09:55:00 EST,42.52242,-75.97562,1391,23.8,23.8,15.8,67.8,14.7,0.000,0.129,0.00,0.000,6.6,15.3,3.5,297,18,6.8,16.4,3.7,314,16,6.8,16.4,3.7,314,16,171,28.69,1.2,0,0,0,41.9,45.9,49.5,0.48,0.51,0.41
CINC,2019-11-08 10:00:00 EST,42.52242,-75.97562,1391,24.1,24.0,16.4,68.2,15.1,0.000,0.129,0.00,0.000,5.5,12.6,3.2,323,31,6.4,16.0,3.4,340,25,6.4,16.0,3.4,340,25,171,28.69,0.9,0,0,0,41.9,45.9,49.5,0.48,0.51,0.41
CINC,2019-11-08 10:05:00 EST,42.52242,-75.97562,1391,23.7,23.8,14.5,69.4,15.2,0.000,0.129,0.00,0.000,7.7,12.3,2.0,301,16,8.3,13.4,2.2,319,19,8.3,13.4,2.2,319,19,171,28.69,0.7,0,0,0,41.9,45.9,49.5,0.48,0.51,0.41
CINC,2019-11-08 10:10:00 EST,42.52242,-75.97562,1391,24.0,23.9,15.8,69.3,15.4,0.000,0.129,0.00,0.000,6.3,11.5,2.1,306,30,7.0,16.7,2.9,323,26,7.0,16.7,2.9,323,26,117,28.69,0.9,0,0,0,41.9,45.9,49.5,0.48,0.51,0.41
CINC,2019-11-08 10:15:00 EST,42.52242,-75.97562,1391,23.6,23.6,15.2,71.6,15.8,0.000,0.129,0.00,0.000,6.6,14.2,2.7,288,22,7.3,15.1,2.9,301,23,7.3,15.1,2.9,301,23,99,28.69,,0,0,0,41.9,45.9,49.5,0.48,0.51,0.41
CINC,2019-11-08 10:20:00 EST,42.52242,-75.97562,1391,23.6,23.5,17.5,72.4,16.0,0.000,0.129,0.00,0.000,4.0,8.3,2.0,300,28,4.7,9.5,2.1,317,28,4.7,9.5,2.1,317,28,85,28.69,,0,0,0,41.9,45.9,49.5,0.48,0.51,0.41
CINC,2019-11-08 10:25:00 EST,42.52242,-75.97562,1391,23.5,23.5,14.9,71.3,15.5,0.000,0.129,0.00,0.000,6.6,12.6,2.1,301,25,7.4,12.3,2.3,318,24,7.4,12.3,2.3,318,24,85,28.69,0.6,0,0,0,41.9,45.9,49.5,0.48,0.51,0.41
CINC,2019-11-08 10:30:00 EST,42.52242,-75.97562,1391,23.6,23.6,14.7,71.5,15.7,0.000,0.129,0.00,0.000,7.1,13.9,2.7,292,35,7.8,15.2,3.1,306,31,7.8,15.2,3.1,306,31,96,28.69,-0.2,0,0,0,41.9,45.9,49.5,0.48,0.51,0.41
CINC,2019-11-08 10:35:00 EST,42.52242,-75.97562,1391,23.7,23.7,17.5,71.0,15.7,0.000,0.129,0.00,0.000,4.3,7.9,1.7,318,43,4.9,9.5,1.9,330,37,4.9,9.5,1.9,330,37,161,28.70,-0.2,0,0,0,41.9,45.9,49.5,0.48,0.51,0.41
CINC,2019-11-08 10:40:00 EST,42.52242,-75.97562,1391,24.2,24.1,17.0,69.1,15.6,0.000,0.129,0.00,0.000,5.0,10.7,1.8,350,34,5.9,11.8,2.1,359,19,5.9,11.8,2.1,359,19,236,28.70,0.7,0,0,0,41.9,45.9,49.5,0.48,0.51,0.41
CINC,2019-11-08 10:45:00 EST,42.52242,-75.97562,1391,24.0,23.9,14.1,69.3,15.4,0.000,0.129,0.00,0.000,8.4,14.5,2.8,326,30,9.5,17.4,3.4,342,20,9.5,17.4,3.4,342,20,113,28.70,0.3,0,0,0,41.9,45.9,49.5,0.48,0.51,0.41
CINC,2019-11-08 10:50:00 EST,42.52242,-75.97562,1391,23.8,23.8,14.5,69.8,15.3,0.000,0.129,0.00,0.000,7.5,14.8,2.4,331,30,8.4,14.9,2.7,343,20,8.4,14.9,2.7,343,20,125,28.70,1.5,0,0,0,41.9,45.9,49.5,0.48,0.51,0.41
CINC,2019-11-08 10:55:00 EST,42.52242,-75.97562,1391,23.7,23.7,13.8,70.8,15.6,0.000,0.129,0.00,0.000,8.4,16.0,2.3,339,34,9.4,17.8,2.9,349,23,9.4,17.8,2.9,349,23,119,28.70,1.5,0,0,0,41.9,45.9,49.5,0.48,0.51,0.41
CINC,2019-11-08 11:00:00 EST,42.52242,-75.97562,1391,23.7,23.7,14.9,69.6,15.2,0.000,0.129,0.00,0.000,6.8,10.7,1.6,323,25,7.8,13.1,2.0,341,17,7.8,13.1,2.0,341,17,89,28.70,1.3,0,0,0,41.9,45.9,49.5,0.48,0.51,0.41
CINC,2019-11-08 11:05:00 EST,42.52242,-75.97562,1391,23.6,23.6,16.0,70.0,15.3,0.000,0.129,0.00,0.000,5.5,8.4,1.6,318,25,6.3,10.7,1.9,336,22,6.3,10.7,1.9,336,22,80,28.70,1.5,0,0,0,42.0,45.9,49.5,0.48,0.51,0.41
CINC,2019-11-08 11:10:00 EST,42.52242,-75.97562,1391,23.6,23.6,17.0,72.0,15.9,0.000,0.129,0.00,0.000,4.6,10.7,2.1,303,25,5.2,11.9,2.3,322,23,5.2,11.9,2.3,322,23,71,28.70,1.2,0,0,0,41.9,45.9,49.5,0.48,0.51,0.41
CINC,2019-11-08 11:15:00 EST,42.52242,-75.97562,1391,23.4,23.4,16.2,76.0,16.9,0.000,0.129,0.00,0.000,5.3,9.9,2.2,295,24,5.8,10.7,2.1,309,24,5.8,10.7,2.1,309,24,148,28.70,1.4,0,0,0,41.9,45.9,49.5,0.48,0.51,0.41
CINC,2019-11-08 11:20:00 EST,42.52242,-75.97562,1391,24.4,24.4,15.8,73.0,17.0,0.000,0.129,0.00,0.000,7.5,11.6,2.1,293,19,7.7,13.8,2.3,309,18,7.7,13.8,2.3,309,18,309,28.70,0.6,0,0,0,42.0,45.8,49.5,0.48,0.51,0.41
CINC,2019-11-08 11:25:00 EST,42.52242,-75.97562,1391,24.8,24.8,16.6,68.6,15.9,0.000,0.129,0.00,0.000,7.2,17.0,3.0,301,21,7.2,18.3,2.8,319,18,7.2,18.3,2.8,319,18,231,28.70,,0,0,0,42.0,45.9,49.5,0.48,0.51,0.41
CINC,2019-11-08 11:30:00 EST,42.52242,-75.97562,1391,24.7,24.7,17.5,69.5,16.1,0.000,0.129,0.00,0.000,5.6,10.7,2.2,267,22,6.0,11.4,2.4,280,23,6.0,11.4,2.4,280,23,204,28.70,0.4,0,0,0,42.0,45.9,49.5,0.48,0.51,0.41
CINC,2019-11-08 11:35:00 EST,42.52242,-75.97562,1391,24.9,24.9,17.1,65.7,15.0,0.000,0.129,0.00,0.000,6.3,11.1,2.1,321,26,6.8,13.1,2.4,337,18,6.8,13.1,2.4,337,18,237,28.70,-0.2,0,0,0,42.0,45.9,49.5,0.48,0.51,0.41
CINC,2019-11-08 11:40:00 EST,42.52242,-75.97562,1391,25.1,25.1,18.7,65.5,15.2,0.000,0.129,0.00,0.000,5.2,11.3,2.7,296,18,5.3,13.6,2.8,314,19,5.3,13.6,2.8,314,19,156,28.70,-0.6,0,0,0,42.0,45.8,49.5,0.48,0.51,0.41
CINC,2019-11-08 11:45:00 EST,42.52242,-75.97562,1391,24.5,24.5,15.7,68.9,15.7,0.000,0.129,0.00,0.000,7.4,12.9,1.9,312,24,8.0,16.0,2.3,330,21,8.0,16.0,2.3,330,21,101,28.70,-0.5,0,0,0,42.0,45.9,49.5,0.48,0.51,0.41
CINC,2019-11-08 11:50:00 EST,42.52242,-75.97562,1391,24.1,24.0,17.6,73.1,16.7,0.000,0.129,0.00,0.000,4.4,8.3,1.9,324,34,5.2,9.2,2.0,339,28,5.2,9.2,2.0,339,28,151,28.70,-0.0,0,0,0,42.0,45.8,49.5,0.48,0.51,0.41
CINC,2019-11-08 11:55:00 EST,42.52242,-75.97562,1391,24.1,24.1,16.6,69.3,15.5,0.000,0.129,0.00,0.000,5.5,14.4,2.9,325,36,6.3,16.5,3.3,341,27,6.3,16.5,3.3,341,27,142,28.70,0.5,0,0,0,42.1,45.8,49.5,0.48,0.51,0.41
CINC,2019-11-08 12:00:00 EST,42.52242,-75.97562,1391,24.1,24.1,17.5,67.1,14.7,0.000,0.129,0.00,0.000,4.8,9.2,1.6,347,42,5.3,10.0,1.8,353,30,5.3,10.0,1.8,353,30,149,28.70,0.6,0,0,0,42.1,45.8,49.5,0.48,0.51,0.41
CINC,2019-11-08 12:05:00 EST,42.52242,-75.97562,1391,24.5,24.6,16.1,65.4,14.5,0.000,0.129,0.00,0.000,6.8,15.3,3.6,287,25,7.4,16.0,4.0,302,22,7.4,16.0,4.0,302,22,247,28.70,1.1,0,0,0,42.1,45.8,49.5,0.48,0.51,0.41
CINC,2019-11-08 12:10:00 EST,42.52242,-75.97562,1391,25.0,25.0,16.3,64.8,14.8,0.000,0.129,0.00,0.000,7.7,14.4,2.4,302,26,8.1,13.9,2.4,320,22,8.1,13.9,2.4,320,22,377,28.70,1.0,0,0,0,42.1,45.8,49.5,0.48,0.51,0.41
CINC,2019-11-08 12:15:00 EST,42.52242,-75.97562,1391,25.4,25.3,16.5,64.1,14.9,0.000,0.129,0.00,0.000,7.7,15.1,3.3,275,27,8.4,18.4,3.7,290,27,8.4,18.4,3.7,290,27,354,28.70,0.3,0,0,0,42.1,45.8,49.4,0.48,0.51,0.41
CINC,2019-11-08 12:20:00 EST,42.52242,-75.97562,1391,25.6,25.5,17.8,64.2,15.2,0.000,0.129,0.00,0.000,6.4,15.8,2.9,293,32,7.0,18.3,3.4,308,29,7.0,18.3,3.4,308,29,403,28.70,1.1,0,0,0,42.1,45.7,49.5,0.48,0.51,0.41
CINC,2019-11-08 12:25:00 EST,42.52242,-75.97562,1391,25.4,25.3,16.2,61.1,13.9,0.000,0.129,0.00,0.000,8.7,16.1,3.3,299,19,9.0,18.0,3.4,318,20,9.0,18.0,3.4,318,20,462,28.70,-0.3,0,0,0,42.1,45.7,49.5,0.48,0.51,0.41
CINC,2019-11-08 12:30:00 EST,42.52242,-75.97562,1391,24.8,24.8,15.0,64.6,14.6,0.000,0.129,0.00,0.000,8.7,15.6,2.6,326,27,9.7,18.5,3.0,342,19,9.7,18.5,3.0,342,19,220,28.70,-0.1,0,0,0,42.1,45.7,49.4,0.48,0.51,0.41
CINC,2019-11-08 12:35:00 EST,42.52242,-75.97562,1391,23.8,23.8,14.2,71.4,15.9,0.000,0.129,0.00,0.000,8.5,16.1,2.8,307,21,9.0,15.3,2.6,326,17,9.0,15.3,2.6,326,17,146,28.70,0.1,0,0,0,42.1,45.7,49.4,0.48,0.51,0.41
CINC,2019-11-08 12:40:00 EST,42.52242,-75.97562,1391,23.7,23.7,15.0,68.7,14.9,0.000,0.129,0.00,0.000,7.1,14.5,2.4,315,32,7.6,16.5,2.6,332,24,7.6,16.5,2.6,332,24,155,28.69,0.0,0,0,0,42.1,45.7,49.4,0.48,0.51,0.41
CINC,2019-11-08 12:45:00 EST,42.52242,-75.97562,1391,24.4,24.4,15.9,64.2,14.0,0.000,0.129,0.00,0.000,6.9,17.8,4.3,314,33,7.5,19.5,4.5,331,29,7.5,19.5,4.5,331,29,372,28.69,-0.2,0,0,0,42.1,45.7,49.3,0.48,0.51,0.41
CINC,2019-11-08 12:50:00 EST,42.52242,-75.97562,1391,24.4,24.5,16.2,61.8,13.2,0.000,0.129,0.00,0.000,6.8,13.7,3.3,313,27,7.2,16.6,3.7,331,22,7.2,16.6,3.7,331,22,316,28.69,-0.2,0,0,0,42.1,45.7,49.3,0.48,0.51,0.41
CINC,2019-11-08 12:55:00 EST,42.52242,-75.97562,1391,24.9,24.9,17.4,59.9,12.9,0.000,0.129,0.00,0.000,5.8,10.7,1.9,312,30,6.4,12.8,1.9,328,24,6.4,12.8,1.9,328,24,254,28.69,-0.1,0,0,0,42.1,45.7,49.3,0.48,0.51,0.41
CINC,2019-11-08 13:00:00 EST,42.52242,-75.97562,1391,24.3,24.2,14.1,60.6,12.6,0.000,0.129,0.00,0.000,9.1,16.4,2.6,318,28,10.0,18.7,2.9,334,22,10.0,18.7,2.9,334,22,181,28.70,-0.1,0,0,0,42.1,45.7,49.3,0.48,0.51,0.41
CINC,2019-11-08 13:05:00 EST,42.52242,-75.97562,1391,23.7,23.7,15.1,68.0,14.7,0.000,0.129,0.00,0.000,7.0,15.8,3.2,305,27,7.5,16.4,3.3,320,25,7.5,16.4,3.3,320,25,134,28.70,-0.1,0,0,0,42.1,45.7,49.3,0.48,0.51,0.41
CINC,2019-11-08 13:10:00 EST,42.52242,-75.97562,1391,23.6,23.6,16.8,71.6,15.7,0.000,0.129,0.00,0.000,4.8,9.5,2.0,331,29,5.3,10.5,2.3,343,19,5.3,10.5,2.3,343,19,155,28.70,0.4,0,0,0,42.1,45.7,49.3,0.48,0.51,0.41
CINC,2019-11-08 13:15:00 EST,42.52242,-75.97562,1391,23.9,24.0,17.0,68.9,15.2,0.000,0.129,0.00,0.000,5.3,9.0,1.8,295,18,5.6,10.4,1.8,312,19,5.6,10.4,1.8,312,19,380,28.69,0.5,0,0,0,42.1,45.7,49.3,0.48,0.51,0.41
CINC,2019-11-08 13:20:00 EST,42.52242,-75.97562,1391,24.5,24.5,19.0,66.4,14.9,0.000,0.129,0.00,0.000,3.6,7.5,1.5,313,33,4.4,8.1,1.5,326,28,4.4,8.1,1.5,326,28,411,28.69,0.5,0,0,0,42.1,45.7,49.3,0.48,0.51,0.41
CINC,2019-11-08 13:25:00 EST,42.52242,-75.97562,1391,24.8,24.7,17.1,65.3,14.8,0.000,0.129,0.00,0.000,6.3,10.9,2.1,310,23,6.6,13.6,2.3,325,20,6.6,13.6,2.3,325,20,220,28.70,-0.1,0,0,0,42.1,45.7,49.3,0.48,0.51,0.41
CINC,2019-11-08 13:30:00 EST,42.52242,-75.97562,1391,23.5,23.5,15.4,71.7,15.7,0.000,0.129,0.00,0.000,6.5,13.1,2.6,302,17,6.9,15.3,2.7,318,18,6.9,15.3,2.7,318,18,121,28.70,0.1,0,0,0,42.1,45.7,49.3,0.48,0.51,0.41
CINC,2019-11-08 13:35:00 EST,42.52242,-75.97562,1391,23.6,23.5,17.5,74.1,16.5,0.000,0.129,0.00,0.000,4.1,8.3,1.6,301,41,4.7,9.5,1.6,318,38,4.7,9.5,1.6,318,38,166,28.70,0.1,0,0,0,42.1,45.7,49.3,0.48,0.51,0.41
CINC,2019-11-08 13:40:00 EST,42.52242,-75.97562,1391,23.6,23.5,15.9,72.0,15.8,0.000,0.129,0.00,0.000,5.7,10.2,2.5,319,37,6.3,11.2,2.7,335,26,6.3,11.2,2.7,335,26,162,28.70,0.1,0,0,0,42.1,45.7,49.3,0.48,0.51,0.41
CINC,2019-11-08 13:45:00 EST,42.52242,-75.97562,1391,23.4,23.5,15.0,71.5,15.6,0.000,0.129,0.00,0.000,6.8,11.4,2.3,305,19,7.2,12.7,2.3,324,19,7.2,12.7,2.3,324,19,165,28.70,-0.0,0,0,0,42.1,45.7,49.3,0.48,0.51,0.41
CINC,2019-11-08 13:50:00 EST,42.52242,-75.97562,1391,23.4,23.4,15.9,72.1,15.7,0.000,0.129,0.00,0.000,5.6,11.5,2.4,285,19,6.0,12.0,2.5,300,21,6.0,12.0,2.5,300,21,172,28.70,-0.0,0,0,0,42.1,45.7,49.3,0.48,0.51,0.41
CINC,2019-11-08 13:55:00 EST,42.52242,-75.97562,1391,23.8,23.8,16.9,72.1,16.1,0.000,0.129,0.00,0.000,5.1,9.6,1.7,285,21,5.5,9.4,1.8,302,22,5.5,9.4,1.8,302,22,338,28.70,0.1,0,0,0,42.1,45.7,49.3,0.48,0.51,0.41
CINC,2019-11-08 14:00:00 EST,42.52242,-75.97562,1391,24.6,24.5,18.1,71.4,16.6,0.000,0.129,0.00,0.000,4.6,10.1,1.8,274,31,5.2,10.6,2.1,285,35,5.2,10.6,2.1,285,35,414,28.70,-0.2,0,0,0,42.1,45.7,49.3,0.48,0.51,0.41
CINC,2019-11-08 14:05:00 EST,42.52242,-75.97562,1391,24.9,24.8,19.1,72.5,17.3,0.000,0.129,0.00,0.000,4.3,7.7,1.5,293,23,4.6,8.5,1.6,309,24,4.6,8.5,1.6,309,24,440,28.70,0.2,0,0,0,42.1,45.7,49.3,0.48,0.51,0.41
CINC,2019-11-08 14:10:00 EST,42.52242,-75.97562,1391,24.8,24.7,16.2,71.1,16.7,0.000,0.129,0.00,0.000,7.2,14.6,2.4,332,41,7.8,16.7,2.7,342,31,7.8,16.7,2.7,342,31,151,28.70,-0.0,0,0,0,42.1,45.7,49.3,0.48,0.51,0.41
CINC,2019-11-08 14:15:00 EST,42.52242,-75.97562,1391,23.7,23.7,14.0,72.2,16.1,0.000,0.129,0.00,0.000,8.4,15.3,2.8,355,26,9.2,16.4,3.0,358,13,9.2,16.4,3.0,358,13,76,28.70,0.1,0,0,0,42.1,45.7,49.3,0.48,0.51,0.41
CINC,2019-11-08 14:20:00 EST,42.52242,-75.97562,1391,23.5,23.4,16.7,72.3,15.9,0.000,0.129,0.00,0.000,4.5,9.7,2.3,317,37,5.3,11.9,2.3,332,33,5.3,11.9,2.3,332,33,118,28.70,0.3,0,0,0,42.1,45.7,49.3,0.48,0.51,0.41
CINC,2019-11-08 14:25:00 EST,42.52242,-75.97562,1391,23.4,23.4,16.5,71.1,15.4,0.000,0.129,0.00,0.000,4.8,9.8,2.1,312,32,5.4,9.2,2.1,329,25,5.4,9.2,2.1,329,25,112,28.71,0.4,0,0,0,42.1,45.7,49.3,0.48,0.51,0.41
CINC,2019-11-08 14:30:00 EST,42.52242,-75.97562,1391,23.2,23.2,15.3,71.3,15.3,0.000,0.129,0.00,0.000,6.0,15.7,3.1,306,30,6.4,17.1,3.2,322,25,6.4,17.1,3.2,322,25,126,28.71,0.6,0,0,0,42.1,45.7,49.3,0.48,0.51,0.41
CINC,2019-11-08 14:35:00 EST,42.52242,-75.97562,1391,23.4,23.5,16.0,71.8,15.7,0.000,0.129,0.00,0.000,5.4,10.8,2.3,319,29,6.0,12.7,2.6,336,22,6.0,12.7,2.6,336,22,360,28.71,0.6,0,0,0,42.1,45.7,49.3,0.48,0.51,0.41
CINC,2019-11-08 14:40:00 EST,42.52242,-75.97562,1391,24.0,23.9,18.7,71.8,16.2,0.000,0.129,0.00,0.000,3.7,6.1,1.4,305,16,4.1,7.6,1.6,326,19,4.1,7.6,1.6,326,19,333,28.71,0.5,0,0,0,42.1,45.7,49.3,0.48,0.51,0.41
CINC,2019-11-08 14:45:00 EST,42.52242,-75.97562,1391,23.9,23.7,16.6,73.2,16.6,0.000,0.129,0.00,0.000,5.2,10.4,2.3,323,40,6.0,12.2,2.5,336,32,6.0,12.2,2.5,336,32,144,28.71,-0.0,0,0,0,42.1,45.7,49.3,0.48,0.51,0.41
CINC,2019-11-08 14:50:00 EST,42.52242,-75.97562,1391,23.6,23.5,17.1,77.5,17.6,0.000,0.129,0.00,0.000,5.0,10.2,1.9,299,22,5.0,12.2,1.9,316,19,5.0,12.2,1.9,316,19,174,28.71,-0.2,0,0,0,42.1,45.7,49.3,0.48,0.51,0.41
CINC,2019-11-08 14:55:00 EST,42.52242,-75.97562,1391,23.7,23.7,17.6,78.0,17.8,0.000,0.129,0.00,0.000,4.3,9.6,2.0,299,28,4.8,9.8,2.0,316,28,4.8,9.8,2.0,316,28,131,28.71,-0.0,0,0,0,42.1,45.7,49.3,0.48,0.51,0.41
CINC,2019-11-08 15:00:00 EST,42.52242,-75.97562,1391,24.0,24.0,20.3,75.2,17.3,0.000,0.129,0.00,0.000,2.5,6.6,1.1,301,31,3.0,6.4,0.9,320,31,3.0,6.4,0.9,320,31,201,28.71,0.1,0,0,0,42.1,45.7,49.3,0.48,0.51,0.41
CINC,2019-11-08 15:05:00 EST,42.52242,-75.97562,1391,24.3,24.3,17.6,70.4,16.1,0.000,0.129,0.00,0.000,4.9,8.9,1.8,282,27,5.4,10.2,1.9,295,26,5.4,10.2,1.9,295,26,164,28.71,-0.0,0,0,0,42.1,45.7,49.3,0.48,0.51,0.41
CINC,2019-11-08 15:10:00 EST,42.52242,-75.97562,1391,24.1,24.0,15.4,69.7,15.6,0.000,0.129,0.00,0.000,7.6,12.9,2.3,295,14,7.7,12.3,2.1,313,16,7.7,12.3,2.1,313,16,123,28.71,-0.2,0,0,0,42.1,45.7,49.3,0.48,0.51,0.41
CINC,2019-11-08 15:15:00 EST,42.52242,-75.97562,1391,23.9,23.9,15.4,71.5,16.0,0.000,0.129,0.00,0.000,7.0,16.7,3.0,298,22,7.3,18.5,3.2,315,22,7.3,18.5,3.2,315,22,62,28.71,-0.2,0,0,0,42.1,45.7,49.3,0.48,0.51,0.41
CINC,2019-11-08 15:20:00 EST,42.52242,-75.97562,1391,23.7,23.6,15.5,72.4,16.1,0.000,0.129,0.00,0.000,6.7,10.7,1.8,287,22,6.9,13.0,2.0,303,21,6.9,13.0,2.0,303,21,51,28.71,-0.3,0,0,0,42.1,45.7,49.3,0.48,0.51,0.41
CINC,2019-11-08 15:25:00 EST,42.52242,-75.97562,1391,23.2,23.1,14.9,77.1,17.1,0.000,0.129,0.00,0.000,6.6,10.4,1.5,294,23,6.9,12.6,1.9,311,24,6.9,12.6,1.9,311,24,59,28.71,-0.4,0,0,0,42.1,45.7,49.3,0.48,0.51,0.41
CINC,2019-11-08 15:30:00 EST,42.52242,-75.97562,1391,22.8,22.7,14.5,82.1,18.1,0.000,0.129,0.00,0.000,6.4,11.2,2.1,293,22,6.8,12.8,2.0,309,22,6.8,12.8,2.0,309,22,47,28.72,-0.3,0,0,0,42.1,45.6,49.3,0.48,0.51,0.41
CINC,2019-11-08 15:35:00 EST,42.52242,-75.97562,1391,22.7,22.6,17.4,84.3,18.7,0.000,0.129,0.00,0.000,3.5,7.7,1.5,287,27,4.0,8.4,1.5,303,22,4.0,8.4,1.5,303,22,60,28.72,-0.4,0,0,0,42.1,45.7,49.3,0.48,0.51,0.41
CINC,2019-11-08 15:40:00 EST,42.52242,-75.97562,1391,22.7,22.6,14.4,83.4,18.4,0.000,0.129,0.00,0.000,6.6,12.2,2.2,299,31,6.9,13.9,2.2,315,28,6.9,13.9,2.2,315,28,103,28.72,0.8,0,0,0,42.1,45.7,49.3,0.48,0.51,0.41
CINC,2019-11-08 15:45:00 EST,42.52242,-75.97562,1391,22.7,22.7,14.9,81.9,18.0,0.000,0.129,0.00,0.000,5.7,10.3,1.9,319,25,6.3,10.9,2.1,335,19,6.3,10.9,2.1,335,19,55,28.72,0.8,0,0,0,42.1,45.6,49.3,0.48,0.51,0.41
CINC,2019-11-08 15:50:00 EST,42.52242,-75.97562,1391,22.8,22.8,17.6,79.6,17.4,0.000,0.129,0.00,0.000,3.5,8.2,1.4,303,39,3.9,8.3,1.4,319,34,3.9,8.3,1.4,319,34,37,28.72,0.8,0,0,0,42.1,45.7,49.3,0.48,0.51,0.41
CINC,2019-11-08 15:55:00 EST,42.52242,-75.97562,1391,22.4,22.6,18.0,79.6,17.1,0.000,0.129,0.00,0.000,3.0,8.5,2.1,292,20,3.3,8.3,1.9,309,21,3.3,8.3,1.9,309,21,32,28.72,0.8,0,0,0,42.1,45.7,49.3,0.48,0.51,0.41
CINC,2019-11-08 16:00:00 EST,42.52242,-75.97562,1391,22.3,22.5,17.7,78.9,16.7,0.000,0.129,0.00,0.000,3.0,6.1,0.9,322,36,3.4,7.2,1.1,335,29,3.4,7.2,1.1,335,29,28,28.72,0.6,0,0,0,42.1,45.7,49.3,0.48,0.51,0.41
CINC,2019-11-08 16:05:00 EST,42.52242,-75.97562,1391,22.3,22.5,14.4,78.6,16.6,0.000,0.129,0.00,0.000,6.0,11.1,2.3,305,19,6.3,11.8,2.2,322,17,6.3,11.8,2.2,322,17,30,28.72,0.6,0,0,0,42.1,45.7,49.3,0.48,0.51,0.41
CINC,2019-11-08 16:10:00 EST,42.52242,-75.97562,1391,22.2,22.5,16.3,78.0,16.4,0.000,0.129,0.00,0.000,4.1,6.9,1.3,292,30,4.4,8.9,1.4,307,33,4.4,8.9,1.4,307,33,45,28.72,0.6,0,0,0,42.1,45.7,49.3,0.48,0.51,0.41
CINC,2019-11-08 16:15:00 EST,42.52242,-75.97562,1391,22.1,22.4,17.3,78.3,16.4,0.007,0.135,0.00,0.007,3.3,5.8,0.8,300,20,3.5,5.5,0.9,316,21,3.5,5.5,0.9,316,21,27,28.72,0.6,0,0,0,42.1,45.6,49.3,0.48,0.51,0.41
CINC,2019-11-08 16:20:00 EST,42.52242,-75.97562,1391,21.8,22.2,21.8,78.1,16.0,0.000,0.135,0.00,0.007,2.0,6.3,1.5,310,33,2.4,6.4,1.4,328,30,2.4,6.4,1.4,328,30,20,28.72,0.4,0,0,0,42.1,45.6,49.3,0.48,0.51,0.41
CINC,2019-11-08 16:25:00 EST,42.52242,-75.97562,1391,21.6,22.1,21.6,78.3,15.9,0.001,0.136,0.00,0.007,1.2,2.9,0.8,327,32,1.6,3.5,0.9,338,26,1.6,3.5,0.9,338,26,16,28.73,0.3,0,0,0,42.1,45.6,49.3,0.48,0.51,0.41
CINC,2019-11-08 16:30:00 EST,42.52242,-75.97562,1391,21.6,21.9,21.6,78.9,16.1,0.000,0.136,0.00,0.007,1.8,6.1,2.0,297,20,2.0,6.3,1.9,315,23,2.0,6.3,1.9,315,23,16,28.73,0.4,0,0,0,42.1,45.6,49.3,0.48,0.51,0.41
CINC,2019-11-08 16:35:00 EST,42.52242,-75.97562,1391,21.2,21.8,21.2,79.3,15.8,0.000,0.136,0.00,0.007,0.6,1.6,0.5,82,46,1.0,2.4,0.7,85,45,1.0,2.4,0.7,85,45,21,28.73,0.0,0,0,0,42.1,45.6,49.3,0.48,0.51,0.41
CINC,2019-11-08 16:40:00 EST,42.52242,-75.97562,1391,20.8,21.7,20.8,80.8,15.8,0.000,0.136,0.00,0.007,0.2,1.2,0.3,141,20,0.5,2.1,0.6,133,22,0.5,2.1,0.6,133,22,13,28.73,-0.1,0,0,0,42.1,45.6,49.3,0.48,0.51,0.41
CINC,2019-11-08 16:45:00 EST,42.52242,-75.97562,1391,20.5,21.6,20.5,82.3,16.0,0.000,0.136,0.00,0.007,0.4,1.3,0.4,166,25,0.9,1.6,0.4,171,34,0.9,1.6,0.4,171,34,9,28.73,0.1,0,0,0,42.1,45.6,49.3,0.48,0.51,0.41
CINC,2019-11-08 16:50:00 EST,42.52242,-75.97562,1391,19.4,21.2,19.4,83.0,15.1,0.000,0.136,0.00,0.007,0.9,1.7,0.4,188,56,1.2,4.0,0.7,197,65,1.2,4.0,0.7,197,65,7,28.74,0.1,0,0,0,42.1,45.6,49.3,0.48,0.51,0.41
CINC,2019-11-08 16:55:00 EST,42.52242,-75.97562,1391,20.9,21.6,20.9,85.2,17.1,0.000,0.136,0.00,0.007,2.5,4.2,0.8,299,22,2.8,5.2,0.9,318,23,2.8,5.2,0.9,318,23,4,28.74,0.3,0,0,0,42.1,45.5,49.3,0.48,0.51,0.41
CINC,2019-11-08 17:00:00 EST,42.52242,-75.97562,1391,21.0,21.6,21.0,82.6,16.5,0.000,0.136,0.00,0.007,0.2,1.7,0.5,337,20,0.7,3.0,0.8,344,27,0.7,3.0,0.8,344,27,2,28.74,-0.3,0,0,0,42.1,45.6,49.3,0.48,0.51,0.41
CINC,2019-11-08 17:05:00 EST,42.52242,-75.97562,1391,21.1,21.5,21.1,82.3,16.6,0.000,0.136,0.00,0.007,2.4,6.1,1.8,294,52,2.8,7.2,1.9,303,51,2.8,7.2,1.9,303,51,1,28.74,-0.1,0,0,0,42.1,45.5,49.3,0.48,0.51,0.41
CINC,2019-11-08 17:10:00 EST,42.52242,-75.97562,1391,20.9,21.5,20.9,82.6,16.4,0.000,0.136,0.00,0.007,1.1,4.6,1.1,288,46,1.6,5.2,1.4,290,46,1.6,5.2,1.4,290,46,0,28.74,0.0,0,0,0,42.1,45.5,49.3,0.48,0.51,0.41
CINC,2019-11-08 17:15:00 EST,42.52242,-75.97562,1391,21.4,21.7,17.2,81.7,16.6,0.000,0.136,0.00,0.001,2.8,6.2,1.4,313,32,3.0,6.7,1.4,330,26,3.0,6.7,1.4,330,26,0,28.75,-0.2,0,0,0,42.1,45.5,49.3,0.48,0.51,0.41
CINC,2019-11-08 17:20:00 EST,42.52242,-75.97562,1391,21.3,21.5,21.3,81.9,16.6,0.000,0.136,0.00,0.001,2.1,4.5,0.9,280,33,2.3,4.9,1.0,294,34,2.3,4.9,1.0,294,34,0,28.75,0.1,0,0,0,42.1,45.6,49.3,0.48,0.51,0.41
CINC,2019-11-08 17:25:00 EST,42.52242,-75.97562,1391,21.0,21.4,21.0,81.8,16.3,0.000,0.136,0.00,0.000,0.9,3.1,0.7,268,32,1.2,6.0,1.0,283,32,1.2,6.0,1.0,283,32,0,28.75,-0.0,0,0,0,42.1,45.5,49.3,0.48,0.51,0.41
CINC,2019-11-08 17:30:00 EST,42.52242,-75.97562,1391,20.8,21.3,20.8,82.3,16.3,0.000,0.136,0.00,0.000,1.2,2.6,0.7,269,38,1.6,4.0,0.7,282,42,1.6,4.0,0.7,282,42,0,28.75,-0.4,0,0,0,42.1,45.5,49.2,0.48,0.51,0.41
CINC,2019-11-08 17:35:00 EST,42.52242,-75.97562,1391,20.4,21.1,20.4,83.2,16.1,0.000,0.136,0.00,0.000,0.7,3.1,0.9,260,16,1.1,3.9,0.8,271,28,1.1,3.9,0.8,271,28,0,28.75,-0.2,0,0,0,42.1,45.5,49.2,0.48,0.51,0.41
CINC,2019-11-08 17:40:00 EST,42.52242,-75.97562,1391,20.0,21.0,20.0,83.9,15.9,0.000,0.136,0.00,0.000,1.2,3.1,0.8,276,21,1.4,3.6,0.8,295,24,1.4,3.6,0.8,295,24,0,28.75,-0.5,0,0,0,42.1,45.5,49.2,0.48,0.51,0.41
CINC,2019-11-08 17:45:00 EST,42.52242,-75.97562,1391,19.9,20.9,19.9,85.2,16.2,0.000,0.136,0.00,0.000,1.4,3.2,0.9,270,16,1.6,4.3,1.0,282,20,1.6,4.3,1.0,282,20,0,28.75,-0.1,0,0,0,42.1,45.5,49.2,0.48,0.51,0.41
CINC,2019-11-08 17:50:00 EST,42.52242,-75.97562,1391,19.7,20.6,19.7,85.1,16.0,0.000,0.136,0.00,0.000,0.8,1.9,0.6,293,11,0.9,2.3,0.7,315,12,0.9,2.3,0.7,315,12,0,28.76,-0.4,0,0,0,42.1,45.5,49.1,0.48,0.51,0.41
CINC,2019-11-08 17:55:00 EST,42.52242,-75.97562,1391,19.7,20.6,19.7,84.6,15.8,0.000,0.136,0.00,0.000,1.0,2.8,0.8,310,22,1.3,2.8,0.8,330,19,1.3,2.8,0.8,330,19,0,28.76,-0.4,0,0,0,42.1,45.5,49.1,0.48,0.51,0.41
CINC,2019-11-08 18:00:00 EST,42.52242,-75.97562,1391,18.9,19.8,18.9,86.1,15.4,0.000,0.136,0.00,0.000,0.7,1.5,0.5,341,23,1.2,2.2,0.5,353,18,1.2,2.2,0.5,353,18,0,28.76,0.0,0,0,0,42.1,45.5,49.2,0.48,0.51,0.41
CINC,2019-11-08 18:05:00 EST,42.52242,-75.97562,1391,19.1,20.4,19.1,87.2,15.9,0.000,0.136,0.00,0.000,1.5,2.9,0.5,327,29,1.9,3.2,0.5,345,21,1.9,3.2,0.5,345,21,0,28.76,-0.2,0,0,0,42.1,45.5,49.1,0.48,0.51,0.41
CINC,2019-11-08 18:10:00 EST,42.52242,-75.97562,1391,19.0,20.3,19.0,86.9,15.8,0.000,0.136,0.00,0.000,1.0,1.9,0.5,313,16,1.3,2.4,0.5,337,20,1.3,2.4,0.5,337,20,0,28.76,-0.3,0,0,0,42.1,45.5,49.1,0.48,0.51,0.41
CINC,2019-11-08 18:15:00 EST,42.52242,-75.97562,1391,19.1,19.9,19.1,86.6,15.7,0.000,0.136,0.00,0.000,0.3,1.0,0.4,350,21,0.8,1.6,0.6,351,14,0.8,1.6,0.6,351,14,0,28.76,-0.3,0,0,0,42.1,45.5,49.1,0.48,0.51,0.41
CINC,2019-11-08 18:20:00 EST,42.52242,-75.97562,1391,17.4,19.3,17.4,85.8,13.9,0.000,0.136,0.00,0.000,0.9,1.5,0.5,10,16,1.3,2.0,0.3,7,14,1.3,2.0,0.3,7,14,0,28.77,-0.1,0,0,0,42.1,45.5,49.1,0.48,0.51,0.41
CINC,2019-11-08 18:25:00 EST,42.52242,-75.97562,1391,17.6,18.9,17.6,88.5,14.8,0.000,0.136,0.00,0.000,1.2,1.5,0.2,14,9,1.6,2.2,0.2,7,6,1.6,2.2,0.2,7,6,0,28.77,-0.1,0,0,0,42.1,45.5,49.1,0.48,0.51,0.41
CINC,2019-11-08 18:30:00 EST,42.52242,-75.97562,1391,17.4,19.6,17.4,90.0,15.0,0.000,0.136,0.00,0.000,0.9,1.6,0.4,358,20,1.5,3.0,0.5,1,11,1.5,3.0,0.5,1,11,0,28.77,0.0,0,0,0,42.1,45.5,49.1,0.48,0.51,0.41
CINC,2019-11-08 18:35:00 EST,42.52242,-75.97562,1391,17.3,18.9,17.3,90.7,15.1,0.000,0.136,0.00,0.000,1.3,2.3,0.4,14,5,1.7,2.9,0.4,8,6,1.7,2.9,0.4,8,6,0,28.77,-0.3,0,0,0,42.1,45.5,49.1,0.48,0.51,0.41
CINC,2019-11-08 18:40:00 EST,42.52242,-75.97562,1391,17.0,18.6,17.0,90.8,14.8,0.000,0.136,0.00,0.000,1.7,2.6,0.5,19,7,2.1,3.3,0.5,12,9,2.1,3.3,0.5,12,9,0,28.77,-0.2,0,0,0,42.1,45.5,49.1,0.48,0.51,0.41
CINC,2019-11-08 18:45:00 EST,42.52242,-75.97562,1391,17.0,18.4,17.0,91.1,14.9,0.000,0.136,0.00,0.000,2.0,2.6,0.3,6,22,2.5,3.6,0.4,4,10,2.5,3.6,0.4,4,10,0,28.77,-0.1,0,0,0,42.1,45.5,49.1,0.48,0.51,0.41
CINC,2019-11-08 18:50:00 EST,42.52242,-75.97562,1391,16.9,18.2,16.9,90.6,14.7,0.000,0.136,0.00,0.000,1.1,2.2,0.5,343,23,1.5,2.9,0.6,354,17,1.5,2.9,0.6,354,17,0,28.77,-0.3,0,0,0,42.1,45.5,49.1,0.48,0.51,0.41
CINC,2019-11-08 18:55:00 EST,42.52242,-75.97562,1391,16.7,18.2,16.7,90.8,14.5,0.000,0.136,0.00,0.000,0.4,1.8,0.5,21,12,0.9,1.8,0.5,358,18,0.9,1.8,0.5,358,18,0,28.77,-0.2,0,0,0,42.1,45.5,49.1,0.48,0.51,0.41
CINC,2019-11-08 19:00:00 EST,42.52242,-75.97562,1391,16.0,17.2,16.0,91.1,13.8,0.000,0.136,0.00,0.000,0.2,1.1,0.3,13,3,0.6,1.9,0.6,9,12,0.6,1.9,0.6,9,12,0,28.77,0.2,0,0,0,42.1,45.5,49.1,0.48,0.51,0.41
CINC,2019-11-08 19:05:00 EST,42.52242,-75.97562,1391,15.5,17.0,15.5,91.5,13.5,0.000,0.136,0.00,0.000,1.3,2.0,0.6,24,2,1.6,2.3,0.5,18,8,1.6,2.3,0.5,18,8,0,28.77,0.2,0,0,0,42.1,45.5,49.1,0.48,0.51,0.41
CINC,2019-11-08 19:10:00 EST,42.52242,-75.97562,1391,15.7,16.8,15.7,92.0,13.8,0.000,0.136,0.00,0.000,1.4,1.7,0.2,34,7,1.6,1.9,0.1,33,7,1.6,1.9,0.1,33,7,0,28.77,0.1,0,0,0,42.1,45.5,49.1,0.48,0.51,0.41
CINC,2019-11-08 19:15:00 EST,42.52242,-75.97562,1391,15.8,16.5,15.8,92.2,13.9,0.000,0.136,0.00,0.000,1.7,2.2,0.2,34,4,2.0,2.5,0.3,26,7,2.0,2.5,0.3,26,7,0,28.77,0.1,0,0,0,42.1,45.5,49.1,0.48,0.51,0.41
CINC,2019-11-08 19:20:00 EST,42.52242,-75.97562,1391,15.6,16.8,15.6,91.8,13.6,0.000,0.136,0.00,0.000,2.0,2.8,0.5,17,10,2.4,3.6,0.6,10,9,2.4,3.6,0.6,10,9,0,28.77,-0.2,0,0,0,42.1,45.5,49.1,0.48,0.51,0.41
CINC,2019-11-08 19:25:00 EST,42.52242,-75.97562,1391,15.7,17.4,15.7,91.8,13.8,0.000,0.136,0.00,0.000,1.5,2.4,0.3,353,23,2.0,2.9,0.4,359,11,2.0,2.9,0.4,359,11,0,28.77,-0.2,0,0,0,42.1,45.5,49.1,0.48,0.51,0.41
CINC,2019-11-08 19:30:00 EST,42.52242,-75.97562,1391,15.3,17.7,15.3,91.8,13.4,0.000,0.136,0.00,0.000,0.9,2.1,0.4,334,19,1.3,2.3,0.5,354,15,1.3,2.3,0.5,354,15,0,28.77,0.0,0,0,0,42.1,45.5,49.1,0.48,0.51,0.41
CINC,2019-11-08 19:35:00 EST,42.52242,-75.97562,1391,15.1,18.2,15.1,91.4,13.0,0.000,0.136,0.00,0.000,1.5,2.8,0.4,333,28,1.9,3.0,0.5,347,17,1.9,3.0,0.5,347,17,0,28.77,-0.2,0,0,0,42.1,45.5,49.1,0.48,0.51,0.41
CINC,2019-11-08 19:40:00 EST,42.52242,-75.97562,1391,15.2,18.0,15.2,91.6,13.2,0.000,0.136,0.00,0.000,1.2,2.0,0.3,329,26,1.5,2.5,0.4,346,21,1.5,2.5,0.4,346,21,0,28.77,-0.2,0,0,0,42.1,45.5,49.1,0.48,0.51,0.41
CINC,2019-11-08 19:45:00 EST,42.52242,-75.97562,1391,15.7,17.7,15.7,92.0,13.8,0.000,0.136,0.00,0.000,1.1,1.9,0.3,356,22,1.6,2.7,0.4,359,12,1.6,2.7,0.4,359,12,0,28.77,-0.2,0,0,0,42.1,45.5,49.1,0.48,0.51,0.41
CINC,2019-11-08 19:50:00 EST,42.52242,-75.97562,1391,15.7,17.9,15.7,91.5,13.7,0.000,0.136,0.00,0.000,1.6,2.3,0.3,339,22,2.2,3.0,0.4,353,13,2.2,3.0,0.4,353,13,0,28.77,-0.3,0,0,0,42.1,45.5,49.1,0.48,0.51,0.41
CINC,2019-11-08 19:55:00 EST,42.52242,-75.97562,1391,16.0,18.4,16.0,91.1,13.9,0.000,0.136,0.00,0.000,1.9,3.6,0.7,330,19,2.4,4.6,0.7,349,15,2.4,4.6,0.7,349,15,0,28.77,-0.1,0,0,0,42.1,45.5,49.1,0.48,0.51,0.41
CINC,2019-11-08 20:00:00 EST,42.52242,-75.97562,1391,16.2,18.3,16.2,90.5,13.9,0.000,0.136,0.00,0.000,1.4,2.6,0.6,322,23,1.9,3.2,0.7,339,20,1.9,3.2,0.7,339,20,0,28.77,-0.2,0,0,0,42.1,45.5,49.1,0.48,0.51,0.41
CINC,2019-11-08 20:05:00 EST,42.52242,-75.97562,1391,16.7,18.6,16.7,90.0,14.3,0.000,0.136,0.00,0.000,2.6,4.4,0.7,304,11,2.7,5.1,0.8,322,13,2.7,5.1,0.8,322,13,0,28.77,-0.4,0,0,0,42.1,45.5,49.1,0.48,0.51,0.41
CINC,2019-11-08 20:10:00 EST,42.52242,-75.97562,1391,15.7,18.4,15.7,87.0,12.5,0.000,0.136,0.00,0.000,2.3,4.1,0.7,319,23,2.7,4.1,0.7,338,19,2.7,4.1,0.7,338,19,0,28.77,-0.2,0,0,0,42.1,45.5,49.1,0.48,0.51,0.41
CINC,2019-11-08 20:15:00 EST,42.52242,-75.97562,1391,16.4,18.6,16.4,89.0,13.7,0.000,0.136,0.00,0.000,1.8,3.5,0.8,324,34,2.2,4.8,0.8,339,25,2.2,4.8,0.8,339,25,0,28.77,-0.3,0,0,0,42.1,45.5,49.1,0.48,0.51,0.41
CINC,2019-11-08 20:20:00 EST,42.52242,-75.97562,1391,16.8,18.8,16.8,88.5,14.0,0.000,0.136,0.00,0.000,1.3,3.1,0.6,346,37,1.7,3.8,0.7,354,26,1.7,3.8,0.7,354,26,0,28.77,-0.3,0,0,0,42.1,45.5,49.1,0.48,0.51,0.41
CINC,2019-11-08 20:25:00 EST,42.52242,-75.97562,1391,16.3,18.9,16.3,87.2,13.2,0.000,0.136,0.00,0.000,1.6,4.9,1.1,330,33,2.1,5.2,1.1,346,25,2.1,5.2,1.1,346,25,0,28.78,-0.2,0,0,0,42.1,45.5,49.1,0.48,0.51,0.41
CINC,2019-11-08 20:30:00 EST,42.52242,-75.97562,1391,16.4,18.7,16.4,87.9,13.5,0.000,0.136,0.00,0.000,1.1,3.4,0.8,294,12,1.3,3.7,0.8,314,14,1.3,3.7,0.8,314,14,0,28.78,-0.3,0,0,0,42.1,45.5,49.1,0.48,0.51,0.41
CINC,2019-11-08 20:35:00 EST,42.52242,-75.97562,1391,15.2,17.5,15.2,87.6,12.2,0.000,0.136,0.00,0.000,0.2,1.3,0.3,26,10,0.5,2.0,0.6,1,39,0.5,2.0,0.6,1,39,0,28.78,-0.4,0,0,0,42.1,45.5,49.1,0.48,0.51,0.41
CINC,2019-11-08 20:40:00 EST,42.52242,-75.97562,1391,14.8,17.7,14.8,88.9,12.1,0.000,0.136,0.00,0.000,0.6,1.7,0.6,335,49,0.9,2.7,0.7,347,39,0.9,2.7,0.7,347,39,0,28.78,-0.2,0,0,0,42.1,45.5,49.1,0.48,0.51,0.41
CINC,2019-11-08 20:45:00 EST,42.52242,-75.97562,1391,15.1,17.6,15.1,90.5,12.8,0.000,0.136,0.00,0.000,0.2,0.8,0.2,155,30,0.5,1.6,0.5,157,39,0.5,1.6,0.5,157,39,0,28.78,-0.3,0,0,0,42.1,45.5,49.1,0.48,0.51,0.41
CINC,2019-11-08 20:50:00 EST,42.52242,-75.97562,1391,14.8,17.1,14.8,90.9,12.6,0.000,0.136,0.00,0.000,0.6,1.8,0.4,169,16,0.8,2.2,0.5,176,17,0.8,2.2,0.5,176,17,0,28.78,-0.4,0,0,0,42.0,45.5,49.1,0.48,0.51,0.41
CINC,2019-11-08 20:55:00 EST,42.52242,-75.97562,1391,15.1,17.0,15.1,91.5,13.1,0.000,0.136,0.00,0.000,0.2,0.9,0.3,66,27,0.6,1.7,0.5,105,44,0.6,1.7,0.5,105,44,0,28.78,-0.3,0,0,0,42.1,45.5,49.1,0.48,0.51,0.41
CINC,2019-11-08 21:00:00 EST,42.52242,-75.97562,1391,15.4,18.1,15.4,92.1,13.5,0.000,0.136,0.00,0.000,0.7,1.2,0.4,28,27,1.1,1.8,0.4,27,24,1.1,1.8,0.4,27,24,0,28.78,-0.3,0,0,0,42.0,45.5,49.1,0.48,0.51,0.41
CINC,2019-11-08 21:05:00 EST,42.52242,-75.97562,1391,15.5,18.0,15.5,91.4,13.4,0.000,0.136,0.00,0.000,0.3,1.2,0.3,2,27,0.8,1.7,0.5,15,23,0.8,1.7,0.5,15,23,0,28.78,-0.4,0,0,0,42.0,45.5,49.1,0.48,0.51,0.41
CINC,2019-11-08 21:10:00 EST,42.52242,-75.97562,1391,15.9,18.1,15.9,91.2,13.8,0.000,0.136,0.00,0.000,0.7,1.3,0.4,9,29,1.1,2.3,0.5,11,22,1.1,2.3,0.5,11,22,0,28.78,-0.5,0,0,0,41.9,45.5,49.1,0.48,0.51,0.41
CINC,2019-11-08 21:15:00 EST,42.52242,-75.97562,1391,15.5,18.1,15.5,90.2,13.1,0.000,0.136,0.00,0.000,0.9,1.9,0.4,350,30,1.4,2.6,0.4,2,15,1.4,2.6,0.4,2,15,0,28.78,-0.3,0,0,0,41.9,45.5,49.1,0.48,0.51,0.41
CINC,2019-11-08 21:20:00 EST,42.52242,-75.97562,1391,15.1,17.6,15.1,90.0,12.7,0.000,0.136,0.00,0.000,0.5,1.2,0.3,35,8,1.0,1.9,0.3,34,14,1.0,1.9,0.3,34,14,0,28.78,-0.4,0,0,0,41.9,45.5,49.1,0.48,0.51,0.41
CINC,2019-11-08 21:25:00 EST,42.52242,-75.97562,1391,14.9,17.4,14.9,90.1,12.5,0.000,0.136,0.00,0.000,0.6,1.9,0.4,49,11,1.1,2.3,0.4,52,17,1.1,2.3,0.4,52,17,0,28.78,-0.4,0,0,0,41.9,45.5,49.1,0.48,0.51,0.41
CINC,2019-11-08 21:30:00 EST,42.52242,-75.97562,1391,15.6,17.5,15.6,91.3,13.5,0.000,0.136,0.00,0.000,0.3,0.7,0.2,42,17,0.8,1.5,0.4,38,16,0.8,1.5,0.4,38,16,0,28.78,-0.4,0,0,0,41.9,45.5,49.1,0.48,0.51,0.41
CINC,2019-11-08 21:35:00 EST,42.52242,-75.97562,1391,15.8,17.4,15.8,90.7,13.6,0.000,0.136,0.00,0.000,1.0,1.7,0.2,34,8,1.4,2.0,0.2,32,10,1.4,2.0,0.2,32,10,0,28.78,-0.5,0,0,0,41.9,45.5,49.1,0.48,0.51,0.41
CINC,2019-11-08 21:40:00 EST,42.52242,-75.97562,1391,15.6,17.4,15.6,90.4,13.3,0.000,0.136,0.00,0.000,1.0,1.8,0.4,28,31,1.5,2.4,0.4,25,24,1.5,2.4,0.4,25,24,0,28.78,-0.3,0,0,0,41.9,45.5,49.1,0.48,0.51,0.41
CINC,2019-11-08 21:45:00 EST,42.52242,-75.97562,1391,15.8,17.4,15.8,90.5,13.5,0.000,0.136,0.00,0.000,1.0,2.3,0.3,351,23,1.4,2.4,0.4,1,13,1.4,2.4,0.4,1,13,0,28.78,-0.1,0,0,0,41.9,45.5,49.1,0.48,0.51,0.41
CINC,2019-11-08 21:50:00 EST,42.52242,-75.97562,1391,14.3,16.6,14.3,88.7,11.5,0.000,0.136,0.00,0.000,1.6,2.1,0.3,28,6,1.8,2.6,0.3,23,10,1.8,2.6,0.3,23,10,0,28.78,-0.4,0,0,0,41.9,45.5,49.1,0.48,0.51,0.41
CINC,2019-11-08 21:55:00 EST,42.52242,-75.97562,1391,15.1,16.7,15.1,90.9,13.0,0.000,0.136,0.00,0.000,0.7,1.8,0.5,31,6,1.2,2.3,0.5,28,15,1.2,2.3,0.5,28,15,0,28.78,-0.4,0,0,0,41.9,45.5,49.1,0.48,0.51,0.41
CINC,2019-11-08 22:00:00 EST,42.52242,-75.97562,1391,14.6,17.1,14.6,90.4,12.3,0.000,0.136,0.00,0.000,0.5,1.4,0.4,31,7,0.9,1.7,0.5,30,13,0.9,1.7,0.5,30,13,0,28.78,-0.3,0,0,0,41.9,45.5,49.1,0.48,0.51,0.41
CINC,2019-11-08 22:05:00 EST,42.52242,-75.97562,1391,14.8,17.0,14.8,90.5,12.5,0.000,0.136,0.00,0.000,0.8,2.0,0.5,18,6,1.3,2.8,0.6,13,17,1.3,2.8,0.6,13,17,0,28.78,-0.5,0,0,0,41.9,45.5,49.1,0.48,0.51,0.41
CINC,2019-11-08 22:10:00 EST,42.52242,-75.97562,1391,15.1,16.6,15.1,91.1,12.9,0.000,0.136,0.00,0.000,1.4,2.4,0.3,358,20,1.9,3.3,0.6,1,9,1.9,3.3,0.6,1,9,0,28.77,-0.4,0,0,0,41.9,45.5,49.1,0.48,0.51,0.41
CINC,2019-11-08 22:15:00 EST,42.52242,-75.97562,1391,14.4,16.3,14.4,90.1,12.1,0.000,0.136,0.00,0.000,1.4,2.3,0.4,26,11,1.8,2.8,0.4,19,14,1.8,2.8,0.4,19,14,0,28.77,-0.3,0,0,0,41.9,45.5,49.1,0.48,0.51,0.41
CINC,2019-11-08 22:20:00 EST,42.52242,-75.97562,1391,14.5,16.2,14.5,90.4,12.2,0.000,0.136,0.00,0.000,0.6,1.5,0.4,28,9,1.1,2.3,0.5,23,13,1.1,2.3,0.5,23,13,0,28.77,-0.4,0,0,0,41.9,45.5,49.1,0.48,0.51,0.41
CINC,2019-11-08 22:25:00 EST,42.52242,-75.97562,1391,13.2,15.8,13.2,90.1,10.9,0.000,0.136,0.00,0.000,0.3,1.5,0.4,42,7,0.7,1.9,0.6,39,16,0.7,1.9,0.6,39,16,0,28.77,-0.5,0,0,0,41.9,45.5,49.1,0.48,0.51,0.41
CINC,2019-11-08 22:30:00 EST,42.52242,-75.97562,1391,11.4,13.2,11.4,87.6,8.5,0.000,0.136,0.00,0.000,0.6,1.3,0.5,76,30,0.7,1.6,0.6,73,31,0.7,1.6,0.6,73,31,0,28.78,-0.4,0,0,0,41.9,45.5,49.1,0.48,0.51,0.41
CINC,2019-11-08 22:35:00 EST,42.52242,-75.97562,1391,12.4,13.8,12.4,90.0,10.0,0.000,0.136,0.00,0.000,0.0,0.0,0.0,0,0,0.0,0.8,0.2,210,2,0.0,0.8,0.2,210,2,0,28.78,-0.3,0,0,0,41.8,45.5,49.1,0.48,0.51,0.41
CINC,2019-11-08 22:40:00 EST,42.52242,-75.97562,1391,11.2,14.0,11.2,91.7,9.2,0.000,0.136,0.00,0.000,0.3,1.5,0.4,208,3,0.5,1.5,0.5,228,9,0.5,1.5,0.5,228,9,0,28.78,-0.4,0,0,0,41.7,45.4,49.1,0.48,0.51,0.41
CINC,2019-11-08 22:45:00 EST,42.52242,-75.97562,1391,11.1,13.5,11.1,91.3,9.1,0.000,0.136,0.00,0.000,0.5,1.2,0.4,23,13,1.0,1.6,0.4,22,14,1.0,1.6,0.4,22,14,0,28.78,-0.1,0,0,0,41.7,45.4,49.1,0.48,0.51,0.41
CINC,2019-11-08 22:50:00 EST,42.52242,-75.97562,1391,12.8,13.8,12.8,93.6,11.3,0.000,0.136,0.00,0.000,1.5,2.1,0.3,32,5,1.7,2.4,0.3,26,8,1.7,2.4,0.3,26,8,0,28.78,-0.3,0,0,0,41.7,45.4,49.0,0.48,0.51,0.41
CINC,2019-11-08 22:55:00 EST,42.52242,-75.97562,1391,13.2,13.7,13.2,93.6,11.7,0.000,0.136,0.00,0.000,0.8,1.6,0.4,32,11,1.3,2.6,0.4,24,19,1.3,2.6,0.4,24,19,0,28.78,-0.2,0,0,0,41.7,45.4,49.0,0.48,0.51,0.41
CINC,2019-11-08 23:00:00 EST,42.52242,-75.97562,1391,13.4,13.9,13.4,92.7,11.7,0.000,0.136,0.00,0.000,1.5,1.9,0.2,20,9,1.8,2.7,0.3,14,10,1.8,2.7,0.3,14,10,0,28.77,-0.5,0,0,0,41.7,45.3,49.0,0.48,0.51,0.41
CINC,2019-11-08 23:05:00 EST,42.52242,-75.97562,1391,12.5,13.8,12.5,91.4,10.5,0.000,0.136,0.00,0.000,1.2,1.8,0.4,18,32,1.6,2.0,0.2,19,25,1.6,2.0,0.2,19,25,0,28.77,-0.5,0,0,0,41.7,45.4,49.0,0.48,0.51,0.41
CINC,2019-11-08 23:10:00 EST,42.52242,-75.97562,1391,10.8,13.5,10.8,90.3,8.5,0.000,0.136,0.00,0.000,1.5,2.3,0.3,42,7,1.7,2.5,0.3,37,9,1.7,2.5,0.3,37,9,0,28.77,-0.4,0,0,0,41.7,45.3,49.0,0.48,0.51,0.41
CINC,2019-11-08 23:15:00 EST,42.52242,-75.97562,1391,11.8,13.2,11.8,90.8,9.7,0.000,0.136,0.00,0.000,0.9,1.1,0.2,55,0,1.3,1.4,0.1,33,8,1.3,1.4,0.1,33,8,0,28.77,-0.3,0,0,0,41.7,45.3,49.0,0.48,0.51,0.41
CINC,2019-11-08 23:20:00 EST,42.52242,-75.97562,1391,12.8,13.3,12.8,92.6,11.1,0.000,0.136,0.00,0.000,1.0,1.5,0.2,49,5,1.4,1.7,0.2,36,5,1.4,1.7,0.2,36,5,0,28.77,-0.4,0,0,0,41.7,45.3,48.9,0.48,0.51,0.41
CINC,2019-11-08 23:25:00 EST,42.52242,-75.97562,1391,12.8,13.3,12.8,92.0,10.9,0.000,0.136,0.00,0.000,1.0,1.6,0.3,37,6,1.4,1.9,0.3,25,12,1.4,1.9,0.3,25,12,0,28.77,-0.3,0,0,0,41.7,45.4,49.0,0.48,0.51,0.41
CINC,2019-11-08 23:30:00 EST,42.52242,-75.97562,1391,12.7,13.3,12.7,91.3,10.7,0.000,0.136,0.00,0.000,1.6,1.8,0.1,28,0,1.9,2.1,0.1,23,4,1.9,2.1,0.1,23,4,0,28.77,-0.5,0,0,0,41.7,45.3,48.8,0.48,0.51,0.41
CINC,2019-11-08 23:35:00 EST,42.52242,-75.97562,1391,10.6,13.0,10.6,89.6,8.2,0.000,0.136,0.00,0.000,1.2,1.6,0.2,27,1,1.5,2.0,0.2,26,8,1.5,2.0,0.2,26,8,0,28.77,-0.3,0,0,0,41.7,45.3,48.9,0.48,0.51,0.41
CINC,2019-11-08 23:40:00 EST,42.52242,-75.97562,1391,10.2,12.7,10.2,88.6,7.5,0.000,0.136,0.00,0.000,0.7,1.3,0.3,26,0,1.1,1.5,0.2,26,10,1.1,1.5,0.2,26,10,0,28.77,-0.3,0,0,0,41.7,45.3,48.8,0.48,0.51,0.41
CINC,2019-11-08 23:45:00 EST,42.52242,-75.97562,1391,10.7,12.4,10.7,90.2,8.4,0.000,0.136,0.00,0.000,0.1,0.7,0.1,26,0,0.3,1.1,0.4,32,11,0.3,1.1,0.4,32,11,0,28.77,-0.3,0,0,0,41.7,45.3,48.7,0.48,0.51,0.41
CINC,2019-11-08 23:50:00 EST,42.52242,-75.97562,1391,10.7,12.5,10.7,91.5,8.7,0.000,0.136,0.00,0.000,0.9,1.5,0.3,26,0,1.3,1.8,0.2,25,4,1.3,1.8,0.2,25,4,0,28.77,-0.4,0,0,0,41.7,45.3,48.7,0.48,0.51,0.41
CINC,2019-11-08 23:55:00 EST,42.52242,-75.97562,1391,11.8,12.6,11.8,92.8,10.1,0.000,0.136,0.00,0.000,1.4,1.6,0.1,26,0,1.6,1.9,0.2,24,5,1.6,1.9,0.2,24,5,0,28.77,-0.2,0,0,0,41.6,45.3,48.7,0.48,0.51,0.41
CLAR,2019-11-08 00:00:00 EST,41.97920,-74.51710,1915,25.9,25.6,17.7,72.1,18.1,0.000,0.274,0.00,0.000,6.6,15.3,2.4,40,28,7.5,17.4,2.8,42,29,7.5,17.4,2.8,42,29,0,27.97,-0.0,0,0,0,40.3,43.1,45.3,0.18,0.24,0.10
CLAR,2019-11-08 00:05:00 EST,41.97920,-74.51710,1915,25.7,25.5,19.7,71.6,17.8,0.000,0.000,0.00,0.000,4.1,8.5,1.9,46,30,5.0,9.3,2.0,46,29,5.0,9.3,2.0,46,29,0,27.97,0.0,0,0,0,40.3,43.1,45.3,0.18,0.24,0.09
CLAR,2019-11-08 00:10:00 EST,41.97920,-74.51710,1915,25.4,25.3,20.7,72.5,17.8,0.000,0.000,0.00,0.000,3.3,7.7,1.7,23,23,3.8,8.6,1.7,24,25,3.8,8.6,1.7,24,25,0,27.97,0.0,0,0,0,40.3,43.2,45.3,0.18,0.24,0.10
CLAR,2019-11-08 00:15:00 EST,41.97920,-74.51710,1915,25.2,25.1,20.0,72.5,17.6,0.000,0.000,0.00,0.000,3.5,7.8,1.6,356,38,4.2,9.5,2.0,3,36,4.2,9.5,2.0,3,36,0,27.97,0.0,0,0,0,40.3,43.2,45.3,0.18,0.24,0.09
CLAR,2019-11-08 00:20:00 EST,41.97920,-74.51710,1915,25.2,25.0,21.5,70.3,16.9,0.000,0.000,0.00,0.000,2.4,6.4,1.4,60,28,3.1,7.9,1.4,61,33,3.1,7.9,1.4,61,33,0,27.97,0.0,0,0,0,40.2,43.2,45.3,0.18,0.24,0.09
CLAR,2019-11-08 00:25:00 EST,41.97920,-74.51710,1915,25.0,24.9,21.0,71.5,17.1,0.000,0.000,0.00,0.000,2.7,9.5,2.2,14,56,3.3,12.0,2.3,15,55,3.3,12.0,2.3,15,55,0,27.97,0.0,0,0,0,40.2,43.2,45.2,0.18,0.24,0.09
CLAR,2019-11-08 00:30:00 EST,41.97920,-74.51710,1915,24.9,24.8,18.3,72.9,17.4,0.000,0.000,0.00,0.000,4.8,9.1,1.4,76,17,5.4,9.8,1.6,76,14,5.4,9.8,1.6,76,14,0,27.97,0.0,0,0,0,40.1,43.2,45.3,0.18,0.24,0.09
CLAR,2019-11-08 00:35:00 EST,41.97920,-74.51710,1915,24.8,24.7,18.2,72.3,17.2,0.000,0.000,0.00,0.000,4.6,8.8,1.9,35,41,5.5,10.7,2.2,32,40,5.5,10.7,2.2,32,40,0,27.97,-0.0,0,0,0,40.1,43.1,45.3,0.18,0.24,0.09
CLAR,2019-11-08 00:40:00 EST,41.97920,-74.51710,1915,24.7,24.6,18.3,72.5,17.1,0.000,0.000,0.00,0.000,4.4,11.4,1.8,61,30,5.2,13.4,2.1,60,29,5.2,13.4,2.1,60,29,0,27.96,0.0,0,0,0,40.1,43.2,45.3,0.18,0.24,0.09
CLAR,2019-11-08 00:45:00 EST,41.97920,-74.51710,1915,24.4,24.4,20.0,73.0,17.0,0.000,0.000,0.00,0.000,2.9,6.8,1.2,25,32,3.5,10.5,1.6,28,29,3.5,10.5,1.6,28,29,0,27.96,-0.0,0,0,0,39.9,43.1,45.3,0.18,0.24,0.09
CLAR,2019-11-08 00:50:00 EST,41.97920,-74.51710,1915,24.3,24.3,19.8,72.3,16.7,0.000,0.000,0.00,0.000,2.9,5.6,1.6,22,41,3.5,7.2,1.8,25,39,3.5,7.2,1.8,25,39,0,27.96,-0.0,0,0,0,39.9,43.2,45.3,0.18,0.24,0.09
CLAR,2019-11-08 00:55:00 EST,41.97920,-74.51710,1915,24.2,24.1,24.2,72.9,16.7,0.000,0.000,0.00,0.000,1.2,2.4,0.6,27,38,1.8,3.6,0.7,27,40,1.8,3.6,0.7,27,40,0,27.96,0.0,0,0,0,39.9,43.1,45.3,0.18,0.24,0.09
CLAR,2019-11-08 01:00:00 EST,41.97920,-74.51710,1915,24.0,24.0,17.1,74.2,17.0,0.000,0.000,0.00,0.000,4.8,8.8,1.8,62,25,5.5,10.6,2.1,64,24,5.5,10.6,2.1,64,24,0,27.96,0.0,0,0,0,39.8,43.2,45.3,0.18,0.24,0.09
CLAR,2019-11-08 01:05:00 EST,41.97920,-74.51710,1915,23.8,23.9,23.8,74.0,16.8,0.000,0.000,0.00,0.000,2.1,5.0,1.2,39,31,2.7,6.0,1.2,37,31,2.7,6.0,1.2,37,31,0,27.96,-0.0,0,0,0,39.7,43.1,45.3,0.18,0.24,0.09
CLAR,2019-11-08 01:10:00 EST,41.97920,-74.51710,1915,23.7,23.7,23.7,74.1,16.6,0.000,0.000,0.00,0.000,2.4,5.4,1.2,55,25,2.9,5.9,1.2,57,27,2.9,5.9,1.2,57,27,0,27.96,0.1,0,0,0,39.7,43.1,45.2,0.18,0.24,0.09
CLAR,2019-11-08 01:15:00 EST,41.97920,-74.51710,1915,23.5,23.6,23.5,75.6,17.0,0.000,0.000,0.00,0.000,2.1,4.6,0.8,43,27,2.6,4.8,0.9,41,26,2.6,4.8,0.9,41,26,0,27.96,0.0,0,0,0,39.7,43.2,45.3,0.19,0.24,0.09
CLAR,2019-11-08 01:20:00 EST,41.97920,-74.51710,1915,23.5,23.5,19.2,75.3,16.8,0.000,0.000,0.00,0.000,2.7,6.0,1.5,20,13,3.3,8.2,1.5,21,14,3.3,8.2,1.5,21,14,0,27.96,0.0,0,0,0,39.6,43.1,45.3,0.18,0.24,0.10
CLAR,2019-11-08 01:25:00 EST,41.97920,-74.51710,1915,23.4,23.4,16.6,75.7,16.8,0.000,0.000,0.00,0.000,4.6,10.5,2.9,22,21,5.3,12.0,3.2,24,21,5.3,12.0,3.2,24,21,0,27.96,0.0,0,0,0,39.6,43.1,45.3,0.19,0.24,0.10
CLAR,2019-11-08 01:30:00 EST,41.97920,-74.51710,1915,23.3,23.3,17.6,75.2,16.6,0.000,0.000,0.00,0.000,3.5,9.6,1.8,46,37,4.4,10.8,1.9,44,37,4.4,10.8,1.9,44,37,0,27.96,0.0,0,0,0,39.6,43.2,45.3,0.18,0.24,0.10
CLAR,2019-11-08 01:35:00 EST,41.97920,-74.51710,1915,23.2,23.2,18.1,77.5,17.2,0.000,0.000,0.00,0.000,3.3,5.2,0.8,53,24,3.9,5.6,0.9,56,23,3.9,5.6,0.9,56,23,0,27.96,0.0,0,0,0,39.6,43.1,45.3,0.18,0.24,0.10
CLAR,2019-11-08 01:40:00 EST,41.97920,-74.51710,1915,23.1,23.1,18.4,77.4,17.1,0.000,0.000,0.00,0.000,3.0,8.7,1.9,79,34,3.5,10.5,2.1,76,31,3.5,10.5,2.1,76,31,0,27.95,0.0,0,0,0,39.4,43.1,45.3,0.18,0.24,0.10
CLAR,2019-11-08 01:45:00 EST,41.97920,-74.51710,1915,23.0,23.0,18.9,78.1,17.1,0.000,0.000,0.00,0.000,2.4,7.7,1.8,82,26,3.1,9.1,2.2,82,30,3.1,9.1,2.2,82,30,0,27.95,0.0,0,0,0,39.4,43.2,45.3,0.18,0.24,0.10
CLAR,2019-11-08 01:50:00 EST,41.97920,-74.51710,1915,22.9,22.9,18.8,77.8,17.0,0.000,0.000,0.00,0.000,2.6,6.5,1.5,38,30,3.2,7.7,1.6,37,32,3.2,7.7,1.6,37,32,0,27.95,0.0,0,0,0,39.3,43.1,45.3,0.18,0.24,0.10
CLAR,2019-11-08 01:55:00 EST,41.97920,-74.51710,1915,22.8,22.8,22.8,78.6,17.2,0.000,0.000,0.00,0.000,2.3,4.5,1.0,81,36,2.8,6.1,1.2,79,36,2.8,6.1,1.2,79,36,0,27.96,-0.0,0,0,0,39.3,43.2,45.3,0.18,0.24,0.10
CLAR,2019-11-08 02:00:00 EST,41.97920,-74.51710,1915,22.7,22.7,22.7,79.4,17.2,0.000,0.000,0.00,0.000,2.0,5.0,1.1,37,25,2.6,6.1,1.1,34,24,2.6,6.1,1.1,34,24,0,27.96,0.0,0,0,0,39.2,43.1,45.3,0.18,0.24,0.10
CLAR,2019-11-08 02:05:00 EST,41.97920,-74.51710,1915,22.5,22.6,22.5,80.2,17.3,0.000,0.000,0.00,0.000,1.3,4.3,1.2,67,30,1.8,7.4,1.3,60,37,1.8,7.4,1.3,60,37,0,27.96,0.0,0,0,0,39.2,43.1,45.3,0.18,0.24,0.10
CLAR,2019-11-08 02:10:00 EST,41.97920,-74.51710,1915,22.5,22.5,18.5,79.9,17.2,0.000,0.000,0.00,0.000,2.4,6.1,1.7,56,29,3.1,8.1,1.8,57,28,3.1,8.1,1.8,57,28,0,27.95,0.0,0,0,0,39.2,43.1,45.3,0.18,0.24,0.10
CLAR,2019-11-08 02:15:00 EST,41.97920,-74.51710,1915,22.4,22.4,17.4,80.0,17.2,0.000,0.000,0.00,0.000,3.1,7.5,1.8,36,29,3.7,8.6,1.8,36,27,3.7,8.6,1.8,36,27,0,27.95,0.0,0,0,0,39.2,43.1,45.2,0.18,0.24,0.09
CLAR,2019-11-08 02:20:00 EST,41.97920,-74.51710,1915,22.5,22.4,15.3,80.1,17.3,0.000,0.000,0.00,0.000,4.7,10.1,2.4,60,28,5.5,10.7,2.4,62,27,5.5,10.7,2.4,62,27,0,27.95,0.1,0,0,0,39.2,43.1,45.2,0.18,0.24,0.10
CLAR,2019-11-08 02:25:00 EST,41.97920,-74.51710,1915,22.5,22.4,18.1,79.4,17.1,0.000,0.000,0.00,0.000,2.8,6.4,1.4,22,30,3.3,7.8,1.7,23,29,3.3,7.8,1.7,23,29,0,27.96,0.0,0,0,0,39.1,43.1,45.3,0.18,0.24,0.09
CLAR,2019-11-08 02:30:00 EST,41.97920,-74.51710,1915,22.2,22.2,22.2,79.5,16.8,0.000,0.000,0.00,0.000,1.2,4.1,1.1,91,43,1.8,5.1,1.3,75,51,1.8,5.1,1.3,75,51,0,27.96,-0.1,0,0,0,39.0,43.0,45.1,0.18,0.25,0.09
CLAR,2019-11-08 02:35:00 EST,41.97920,-74.51710,1915,22.1,22.3,22.1,79.6,16.7,0.000,0.000,0.00,0.000,2.4,4.7,0.9,54,24,2.7,6.3,1.1,58,22,2.7,6.3,1.1,58,22,0,27.96,-0.0,0,0,0,39.0,43.1,45.3,0.18,0.24,0.09
CLAR,2019-11-08 02:40:00 EST,41.97920,-74.51710,1915,22.0,22.3,22.0,79.9,16.8,0.000,0.000,0.00,0.000,1.2,3.9,0.7,60,18,1.6,3.9,0.6,60,22,1.6,3.9,0.6,60,22,0,27.95,0.1,0,0,0,39.0,43.1,45.2,0.18,0.24,0.09
CLAR,2019-11-08 02:45:00 EST,41.97920,-74.51710,1915,22.0,22.3,22.0,80.1,16.8,0.000,0.000,0.00,0.000,1.0,2.3,0.7,57,21,1.4,3.6,0.7,56,23,1.4,3.6,0.7,56,23,0,27.95,-0.0,0,0,0,38.9,43.1,45.3,0.18,0.25,0.09
CLAR,2019-11-08 02:50:00 EST,41.97920,-74.51710,1915,21.6,22.0,21.6,81.5,16.8,0.000,0.000,0.00,0.000,0.9,2.2,0.7,317,45,1.4,2.8,0.6,338,51,1.4,2.8,0.6,338,51,0,27.95,-0.0,0,0,0,38.8,43.1,45.2,0.18,0.25,0.09
CLAR,2019-11-08 02:55:00 EST,41.97920,-74.51710,1915,20.9,21.3,20.9,84.5,17.0,0.000,0.000,0.00,0.000,0.8,1.4,0.5,275,18,1.3,1.8,0.5,272,21,1.3,1.8,0.5,272,21,0,27.95,0.0,0,0,0,38.8,43.0,45.2,0.18,0.24,0.09
CLAR,2019-11-08 03:00:00 EST,41.97920,-74.51710,1915,20.6,21.1,20.6,85.5,17.0,0.000,0.000,0.00,0.000,0.3,1.5,0.5,239,1,0.8,1.7,0.5,276,35,0.8,1.7,0.5,276,35,0,27.95,0.0,0,0,0,38.7,43.0,45.2,0.18,0.25,0.09
CLAR,2019-11-08 03:05:00 EST,41.97920,-74.51710,1915,20.5,21.0,20.5,86.9,17.2,0.000,0.000,0.00,0.000,0.0,0.0,0.0,0,0,0.6,1.3,0.5,160,28,0.6,1.3,0.5,160,28,0,27.95,-0.0,0,0,0,38.7,43.0,45.2,0.18,0.25,0.09
CLAR,2019-11-08 03:10:00 EST,41.97920,-74.51710,1915,20.4,21.0,20.4,87.3,17.2,0.000,0.000,0.00,0.000,0.8,1.9,0.6,190,15,1.4,2.4,0.6,192,55,1.4,2.4,0.6,192,55,0,27.95,-0.0,0,0,0,38.7,43.0,45.2,0.18,0.24,0.09
CLAR,2019-11-08 03:15:00 EST,41.97920,-74.51710,1915,20.4,20.8,20.4,88.0,17.4,0.000,0.000,0.00,0.000,0.0,0.6,0.1,51,12,0.3,1.3,0.4,358,13,0.3,1.3,0.4,358,13,0,27.95,0.1,0,0,0,38.7,43.0,45.1,0.18,0.25,0.09
CLAR,2019-11-08 03:20:00 EST,41.97920,-74.51710,1915,20.4,20.8,20.4,87.9,17.4,0.000,0.000,0.00,0.000,0.5,1.8,0.6,150,1,0.9,2.2,0.6,139,28,0.9,2.2,0.6,139,28,0,27.95,-0.0,0,0,0,38.6,43.0,45.1,0.18,0.25,0.09
CLAR,2019-11-08 03:25:00 EST,41.97920,-74.51710,1915,20.3,20.7,20.3,89.2,17.7,0.000,0.000,0.00,0.000,0.9,2.1,0.8,319,28,1.3,2.3,0.5,306,48,1.3,2.3,0.5,306,48,0,27.95,0.0,0,0,0,38.5,43.0,45.2,0.18,0.25,0.09
CLAR,2019-11-08 03:30:00 EST,41.97920,-74.51710,1915,20.2,20.8,20.2,89.2,17.5,0.000,0.000,0.00,0.000,1.3,2.0,0.3,167,38,1.7,2.7,0.4,165,41,1.7,2.7,0.4,165,41,0,27.95,-0.0,0,0,0,38.5,43.0,45.1,0.18,0.24,0.09
CLAR,2019-11-08 03:35:00 EST,41.97920,-74.51710,1915,20.5,21.0,20.5,89.7,17.9,0.000,0.000,0.00,0.000,2.3,6.4,1.5,28,48,2.7,7.3,1.5,39,48,2.7,7.3,1.5,39,48,0,27.95,0.0,0,0,0,38.5,43.0,45.1,0.18,0.24,0.10
CLAR,2019-11-08 03:40:00 EST,41.97920,-74.51710,1915,21.0,21.5,16.2,86.3,17.5,0.000,0.000,0.00,0.000,2.8,7.7,1.6,43,33,3.4,8.7,1.7,43,36,3.4,8.7,1.7,43,36,0,27.95,0.0,0,0,0,38.3,42.9,45.1,0.18,0.24,0.10
CLAR,2019-11-08 03:45:00 EST,41.97920,-74.51710,1915,21.6,22.1,16.5,81.8,16.9,0.000,0.000,0.00,0.000,3.0,8.0,2.3,7,39,3.7,9.9,2.6,10,42,3.7,9.9,2.6,10,42,0,27.95,0.1,0,0,0,38.3,42.8,45.1,0.18,0.25,0.10
CLAR,2019-11-08 03:50:00 EST,41.97920,-74.51710,1915,22.3,22.3,15.9,77.3,16.3,0.000,0.000,0.00,0.000,4.1,7.5,1.9,36,23,4.8,8.2,1.9,36,24,4.8,8.2,1.9,36,24,0,27.95,0.0,0,0,0,38.3,42.9,45.1,0.18,0.24,0.10
CLAR,2019-11-08 03:55:00 EST,41.97920,-74.51710,1915,22.4,22.3,22.4,75.5,15.8,0.000,0.000,0.00,0.000,1.2,5.0,1.3,28,33,1.8,6.1,1.4,25,43,1.8,6.1,1.4,25,43,0,27.95,0.1,0,0,0,38.3,42.8,45.1,0.18,0.25,0.10
CLAR,2019-11-08 04:00:00 EST,41.97920,-74.51710,1915,21.7,22.1,21.7,77.2,15.7,0.000,0.000,0.00,0.000,1.5,3.0,0.8,171,57,1.7,3.4,0.8,180,56,1.7,3.4,0.8,180,56,0,27.95,0.0,0,0,0,38.3,42.8,45.1,0.18,0.24,0.10
CLAR,2019-11-08 04:05:00 EST,41.97920,-74.51710,1915,21.8,22.0,21.8,78.2,16.0,0.000,0.000,0.00,0.000,2.1,5.4,1.4,285,58,2.6,6.8,1.4,278,57,2.6,6.8,1.4,278,57,0,27.95,0.0,0,0,0,38.2,42.8,45.1,0.18,0.25,0.10
CLAR,2019-11-08 04:10:00 EST,41.97920,-74.51710,1915,21.5,21.8,21.5,79.0,16.0,0.000,0.000,0.00,0.000,1.1,3.7,0.9,47,57,1.5,4.6,0.9,45,59,1.5,4.6,0.9,45,59,0,27.95,0.1,0,0,0,38.2,42.8,45.1,0.18,0.25,0.10
CLAR,2019-11-08 04:15:00 EST,41.97920,-74.51710,1915,21.5,21.9,21.5,78.9,16.0,0.000,0.000,0.00,0.000,0.4,2.7,0.7,287,10,0.6,3.4,0.9,288,17,0.6,3.4,0.9,288,17,0,27.95,-0.0,0,0,0,38.1,42.8,45.1,0.18,0.24,0.10
CLAR,2019-11-08 04:20:00 EST,41.97920,-74.51710,1915,21.2,21.6,21.2,80.4,16.1,0.000,0.000,0.00,0.000,0.4,1.4,0.5,146,0,0.8,1.7,0.6,152,12,0.8,1.7,0.6,152,12,0,27.96,0.0,0,0,0,38.1,42.8,45.1,0.18,0.25,0.10
CLAR,2019-11-08 04:25:00 EST,41.97920,-74.51710,1915,21.4,21.7,21.4,81.8,16.7,0.000,0.000,0.00,0.000,1.3,2.6,0.6,135,19,1.6,2.9,0.4,137,25,1.6,2.9,0.4,137,25,0,27.96,-0.0,0,0,0,38.1,42.8,45.1,0.18,0.25,0.10
CLAR,2019-11-08 04:30:00 EST,41.97920,-74.51710,1915,21.1,21.5,21.1,84.4,17.1,0.000,0.000,0.00,0.000,0.7,2.3,0.8,75,19,1.2,3.0,0.8,59,38,1.2,3.0,0.8,59,38,0,27.96,0.1,0,0,0,37.9,42.8,45.1,0.18,0.25,0.10
CLAR,2019-11-08 04:35:00 EST,41.97920,-74.51710,1915,21.6,21.6,21.6,85.3,17.9,0.000,0.000,0.00,0.000,1.2,3.9,0.9,47,42,1.7,4.9,1.0,45,44,1.7,4.9,1.0,45,44,0,27.95,0.1,0,0,0,37.9,42.8,45.1,0.18,0.25,0.09
CLAR,2019-11-08 04:40:00 EST,41.97920,-74.51710,1915,22.0,21.9,22.0,82.1,17.4,0.000,0.000,0.00,0.000,1.6,4.6,1.3,68,36,2.2,6.5,1.5,68,37,2.2,6.5,1.5,68,37,0,27.96,0.1,0,0,0,37.9,42.8,45.1,0.18,0.25,0.10
CLAR,2019-11-08 04:45:00 EST,41.97920,-74.51710,1915,22.2,22.0,22.2,80.6,17.2,0.000,0.000,0.00,0.000,1.7,3.3,0.8,36,25,2.0,4.9,1.0,37,24,2.0,4.9,1.0,37,24,0,27.96,0.0,0,0,0,37.9,42.8,45.1,0.18,0.24,0.09
CLAR,2019-11-08 04:50:00 EST,41.97920,-74.51710,1915,22.3,22.1,17.9,78.8,16.7,0.000,0.000,0.00,0.000,2.8,4.9,0.8,60,18,3.3,6.1,1.1,62,17,3.3,6.1,1.1,62,17,0,27.96,0.0,0,0,0,37.9,42.8,45.1,0.18,0.24,0.09
CLAR,2019-11-08 04:55:00 EST,41.97920,-74.51710,1915,22.3,22.1,22.3,80.4,17.2,0.000,0.000,0.00,0.000,1.7,3.6,1.0,14,64,2.3,4.8,1.1,4,69,2.3,4.8,1.1,4,69,0,27.95,0.0,0,0,0,37.9,42.8,45.1,0.18,0.25,0.09
CLAR,2019-11-08 05:00:00 EST,41.97920,-74.51710,1915,22.2,22.0,22.2,80.9,17.3,0.000,0.000,0.00,0.000,1.3,2.6,0.7,54,33,2.0,3.4,0.6,49,33,2.0,3.4,0.6,49,33,0,27.95,0.0,0,0,0,37.9,42.8,45.1,0.18,0.25,0.09
CLAR,2019-11-08 05:05:00 EST,41.97920,-74.51710,1915,22.1,22.0,22.1,81.0,17.2,0.000,0.000,0.00,0.000,2.2,4.1,0.9,47,26,2.6,4.7,0.9,45,29,2.6,4.7,0.9,45,29,0,27.96,0.1,0,0,0,37.9,42.8,45.1,0.18,0.24,0.09
CLAR,2019-11-08 05:10:00 EST,41.97920,-74.51710,1915,22.2,22.0,22.2,81.2,17.3,0.000,0.000,0.00,0.000,1.6,5.0,1.4,40,60,2.2,6.7,1.7,42,58,2.2,6.7,1.7,42,58,0,27.95,0.0,0,0,0,37.8,42.7,45.1,0.18,0.25,0.10
CLAR,2019-11-08 05:15:00 EST,41.97920,-74.51710,1915,22.2,22.1,22.2,81.2,17.3,0.000,0.000,0.00,0.000,0.6,2.8,0.7,146,26,1.0,3.6,0.8,137,32,1.0,3.6,0.8,137,32,0,27.95,0.0,0,0,0,37.8,42.7,45.1,0.18,0.25,0.10
CLAR,2019-11-08 05:20:00 EST,41.97920,-74.51710,1915,22.3,22.1,22.3,82.8,17.8,0.000,0.000,0.00,0.000,1.4,3.1,0.8,152,30,1.9,3.6,0.7,149,32,1.9,3.6,0.7,149,32,0,27.96,0.1,0,0,0,37.8,42.7,45.1,0.18,0.24,0.10
CLAR,2019-11-08 05:25:00 EST,41.97920,-74.51710,1915,22.5,22.3,22.5,81.4,17.7,0.000,0.000,0.00,0.000,1.2,3.2,0.7,161,66,1.7,3.9,0.8,179,68,1.7,3.9,0.8,179,68,0,27.96,0.1,0,0,0,37.8,42.6,45.1,0.18,0.25,0.10
CLAR,2019-11-08 05:30:00 EST,41.97920,-74.51710,1915,22.7,22.5,22.7,78.7,17.0,0.000,0.000,0.00,0.000,0.7,2.9,0.7,54,64,1.2,3.7,0.8,102,68,1.2,3.7,0.8,102,68,0,27.96,0.0,0,0,0,37.8,42.7,45.1,0.18,0.25,0.10
CLAR,2019-11-08 05:35:00 EST,41.97920,-74.51710,1915,22.8,22.6,22.8,78.7,17.2,0.000,0.000,0.00,0.000,2.4,8.6,2.1,348,40,2.9,11.1,2.5,348,36,2.9,11.1,2.5,348,36,0,27.96,0.0,0,0,0,37.8,42.6,45.1,0.18,0.25,0.10
CLAR,2019-11-08 05:40:00 EST,41.97920,-74.51710,1915,22.8,22.6,22.8,77.9,17.0,0.000,0.000,0.00,0.000,2.4,9.4,2.3,264,37,2.9,9.9,2.2,267,42,2.9,9.9,2.2,267,42,0,27.96,0.0,0,0,0,37.8,42.7,45.1,0.18,0.25,0.10
CLAR,2019-11-08 05:45:00 EST,41.97920,-74.51710,1915,23.0,22.7,15.8,77.4,17.0,0.000,0.000,0.00,0.000,4.8,9.9,2.2,325,38,5.7,12.7,2.2,326,44,5.7,12.7,2.2,326,44,0,27.97,0.0,0,0,0,37.8,42.6,45.1,0.18,0.25,0.10
CLAR,2019-11-08 05:50:00 EST,41.97920,-74.51710,1915,23.0,22.8,23.0,78.3,17.3,0.000,0.000,0.00,0.000,2.3,4.3,0.7,250,23,2.8,5.7,0.9,255,25,2.8,5.7,0.9,255,25,0,27.97,0.1,0,0,0,37.8,42.6,45.1,0.18,0.25,0.10
CLAR,2019-11-08 05:55:00 EST,41.97920,-74.51710,1915,23.1,22.9,18.3,77.3,17.0,0.000,0.000,0.00,0.000,2.8,8.5,1.9,270,40,3.6,11.8,2.1,276,45,3.6,11.8,2.1,276,45,0,27.97,0.1,0,0,0,37.7,42.6,45.1,0.18,0.25,0.10
CLAR,2019-11-08 06:00:00 EST,41.97920,-74.51710,1915,23.2,23.0,16.5,78.0,17.4,0.000,0.000,0.00,0.000,4.5,12.9,3.3,222,54,5.3,14.4,3.6,224,58,5.3,14.4,3.6,224,58,0,27.97,0.0,0,0,0,37.6,42.5,45.1,0.18,0.24,0.10
CLAR,2019-11-08 06:05:00 EST,41.97920,-74.51710,1915,23.3,23.1,23.3,77.9,17.4,0.000,0.000,0.00,0.000,1.3,2.7,0.6,322,74,1.8,4.1,0.7,332,73,1.8,4.1,0.7,332,73,0,27.97,0.0,0,0,0,37.6,42.5,45.1,0.18,0.25,0.10
CLAR,2019-11-08 06:10:00 EST,41.97920,-74.51710,1915,23.4,23.2,17.5,77.2,17.3,0.000,0.000,0.00,0.000,3.9,10.0,2.2,268,46,4.6,9.4,2.1,269,46,4.6,9.4,2.1,269,46,0,27.97,0.0,0,0,0,37.6,42.5,45.1,0.18,0.25,0.10
CLAR,2019-11-08 06:15:00 EST,41.97920,-74.51710,1915,23.5,23.3,23.5,76.7,17.3,0.000,0.000,0.00,0.000,2.3,6.6,1.5,267,39,2.9,7.8,1.6,273,43,2.9,7.8,1.6,273,43,0,27.97,0.1,0,0,0,37.6,42.5,45.1,0.18,0.25,0.10
CLAR,2019-11-08 06:20:00 EST,41.97920,-74.51710,1915,23.6,23.4,18.7,77.1,17.5,0.000,0.000,0.00,0.000,2.9,8.3,1.8,293,66,3.7,10.8,2.1,306,63,3.7,10.8,2.1,306,63,0,27.97,0.1,0,0,0,37.6,42.4,45.1,0.18,0.25,0.10
CLAR,2019-11-08 06:25:00 EST,41.97920,-74.51710,1915,23.6,23.4,23.6,77.1,17.5,0.000,0.000,0.00,0.000,1.9,5.4,1.5,257,55,2.6,7.5,1.6,252,61,2.6,7.5,1.6,252,61,0,27.97,0.1,0,0,0,37.6,42.5,45.1,0.18,0.24,0.10
CLAR,2019-11-08 06:30:00 EST,41.97920,-74.51710,1915,23.7,23.5,23.7,77.6,17.7,0.000,0.000,0.00,0.000,1.9,4.7,1.4,208,55,2.5,6.9,1.7,220,53,2.5,6.9,1.7,220,53,1,27.97,0.0,0,0,0,37.6,42.4,45.1,0.18,0.24,0.10
CLAR,2019-11-08 06:35:00 EST,41.97920,-74.51710,1915,23.6,23.5,23.6,77.7,17.7,0.000,0.000,0.00,0.000,1.9,7.5,1.7,245,54,2.6,8.9,1.8,242,60,2.6,8.9,1.8,242,60,1,27.97,0.1,0,0,0,37.6,42.3,45.0,0.18,0.25,0.10
CLAR,2019-11-08 06:40:00 EST,41.97920,-74.51710,1915,23.6,23.5,23.6,76.4,17.3,0.000,0.000,0.00,0.000,1.9,6.6,1.5,244,42,2.4,8.4,1.6,250,46,2.4,8.4,1.6,250,46,3,27.97,0.1,0,0,0,37.6,42.3,45.1,0.18,0.25,0.10
CLAR,2019-11-08 06:45:00 EST,41.97920,-74.51710,1915,23.7,23.5,18.5,76.3,17.4,0.000,0.000,0.00,0.000,3.3,6.7,1.5,318,28,4.0,9.5,1.7,324,27,4.0,9.5,1.7,324,27,6,27.98,0.0,0,0,0,37.6,42.3,45.1,0.18,0.25,0.10
CLAR,2019-11-08 06:50:00 EST,41.97920,-74.51710,1915,23.7,23.5,17.6,77.8,17.8,0.000,0.000,0.00,0.000,3.9,8.6,1.9,323,35,4.8,10.8,2.0,324,35,4.8,10.8,2.0,324,35,5,27.98,0.0,0,0,0,37.6,42.3,45.1,0.18,0.25,0.10
CLAR,2019-11-08 06:55:00 EST,41.97920,-74.51710,1915,23.4,23.1,18.5,82.5,18.8,0.004,0.004,0.00,0.004,2.9,8.0,1.8,328,51,3.7,10.0,2.0,330,47,3.7,10.0,2.0,330,47,9,27.98,-0.0,0,0,0,37.6,42.4,45.1,0.18,0.25,0.10
CLAR,2019-11-08 07:00:00 EST,41.97920,-74.51710,1915,23.2,23.0,23.2,85.1,19.3,0.001,0.005,0.00,0.005,1.6,4.7,1.3,27,65,2.1,5.5,1.4,24,68,2.1,5.5,1.4,24,68,15,27.99,0.0,0,0,0,37.6,42.3,45.1,0.18,0.24,0.10
CLAR,2019-11-08 07:05:00 EST,41.97920,-74.51710,1915,23.8,23.6,17.7,79.4,18.3,0.000,0.005,0.00,0.005,3.9,10.0,1.8,262,46,4.7,12.3,2.3,268,48,4.7,12.3,2.3,268,48,13,27.99,0.0,0,0,0,37.6,42.3,45.1,0.18,0.25,0.10
CLAR,2019-11-08 07:10:00 EST,41.97920,-74.51710,1915,23.9,23.8,18.7,76.1,17.5,0.000,0.005,0.00,0.005,3.3,7.2,1.7,209,45,4.1,9.1,2.0,214,49,4.1,9.1,2.0,214,49,14,27.99,0.0,0,0,0,37.6,42.3,45.1,0.18,0.24,0.10
CLAR,2019-11-08 07:15:00 EST,41.97920,-74.51710,1915,24.0,23.8,17.5,72.4,16.4,0.000,0.005,0.00,0.005,4.2,11.5,2.7,23,32,5.1,13.6,3.2,25,28,5.1,13.6,3.2,25,28,23,28.00,0.0,0,0,0,37.5,42.3,45.0,0.18,0.24,0.10
CLAR,2019-11-08 07:20:00 EST,41.97920,-74.51710,1915,23.9,23.7,23.9,71.7,16.1,0.000,0.005,0.00,0.005,2.0,5.7,1.2,49,60,2.6,7.9,1.6,57,57,2.6,7.9,1.6,57,57,18,28.00,-0.0,0,0,0,37.5,42.3,45.0,0.18,0.25,0.10
CLAR,2019-11-08 07:25:00 EST,41.97920,-74.51710,1915,23.6,23.4,18.5,74.1,16.6,0.000,0.005,0.00,0.005,3.0,10.9,2.6,67,34,3.9,10.6,2.5,71,34,3.9,10.6,2.5,71,34,24,28.00,-0.0,0,0,0,37.6,42.3,45.0,0.18,0.25,0.10
CLAR,2019-11-08 07:30:00 EST,41.97920,-74.51710,1915,23.4,23.3,16.1,70.6,15.3,0.000,0.005,0.00,0.005,4.8,16.2,3.4,30,44,5.9,18.3,3.8,35,45,5.9,18.3,3.8,35,45,42,28.01,0.0,0,0,0,37.5,42.3,45.0,0.18,0.24,0.10
CLAR,2019-11-08 07:35:00 EST,41.97920,-74.51710,1915,23.3,23.2,14.1,66.2,13.7,0.000,0.005,0.00,0.005,7.3,14.1,2.7,44,26,8.3,17.2,2.9,47,25,8.3,17.2,2.9,47,25,52,28.01,-0.0,0,0,0,37.6,42.3,45.0,0.18,0.24,0.10
CLAR,2019-11-08 07:40:00 EST,41.97920,-74.51710,1915,23.2,23.0,16.3,66.0,13.5,0.000,0.005,0.00,0.005,4.4,10.4,2.2,40,38,5.4,12.0,2.4,44,38,5.4,12.0,2.4,44,38,73,28.02,0.0,0,0,0,37.5,42.3,45.0,0.18,0.25,0.10
CLAR,2019-11-08 07:45:00 EST,41.97920,-74.51710,1915,23.2,23.0,15.3,66.7,13.8,0.000,0.005,0.00,0.005,5.5,9.9,2.3,17,34,6.6,13.2,2.6,18,33,6.6,13.2,2.6,18,33,68,28.02,0.0,0,0,0,37.5,42.3,45.0,0.18,0.24,0.10
CLAR,2019-11-08 07:50:00 EST,41.97920,-74.51710,1915,23.2,23.0,16.1,67.4,14.0,0.000,0.005,0.00,0.005,4.8,12.4,2.9,302,63,5.6,15.2,3.4,308,59,5.6,15.2,3.4,308,59,54,28.02,0.0,0,0,0,37.5,42.3,45.0,0.18,0.24,0.10
CLAR,2019-11-08 07:55:00 EST,41.97920,-74.51710,1915,23.1,22.8,17.3,68.2,14.2,0.000,0.005,0.00,0.001,3.6,9.4,1.9,296,57,4.4,11.0,2.1,308,58,4.4,11.0,2.1,308,58,54,28.02,0.0,0,0,0,37.5,42.3,45.0,0.18,0.24,0.10
CLAR,2019-11-08 08:00:00 EST,41.97920,-74.51710,1915,22.9,22.7,17.6,69.2,14.4,0.000,0.005,0.00,0.000,3.4,9.6,2.1,355,62,4.1,11.3,2.2,360,61,4.1,11.3,2.2,360,61,50,28.02,0.0,0,0,0,37.5,42.3,45.0,0.18,0.25,0.10
CLAR,2019-11-08 08:05:00 EST,41.97920,-74.51710,1915,22.8,22.6,16.5,71.0,14.8,0.000,0.005,0.00,0.000,3.8,11.0,2.0,347,70,4.9,13.0,2.4,349,69,4.9,13.0,2.4,349,69,63,28.02,0.0,0,0,0,37.4,42.3,45.0,0.18,0.24,0.10
CLAR,2019-11-08 08:10:00 EST,41.97920,-74.51710,1915,22.8,22.5,22.8,74.3,15.9,0.000,0.005,0.00,0.000,1.8,7.2,1.7,102,69,2.5,7.2,1.9,73,71,2.5,7.2,1.9,73,71,51,28.02,-0.0,0,0,0,37.5,42.3,45.0,0.18,0.25,0.10
CLAR,2019-11-08 08:15:00 EST,41.97920,-74.51710,1915,22.6,22.4,17.2,74.0,15.6,0.000,0.005,0.00,0.000,3.4,10.8,2.4,146,54,4.0,12.3,2.6,147,54,4.0,12.3,2.6,147,54,56,28.02,0.0,0,0,0,37.5,42.3,45.0,0.18,0.24,0.10
CLAR,2019-11-08 08:20:00 EST,41.97920,-74.51710,1915,22.7,22.4,16.5,73.1,15.4,0.000,0.005,0.00,0.000,3.8,9.5,2.0,218,49,4.7,11.9,2.1,219,51,4.7,11.9,2.1,219,51,74,28.03,0.0,0,0,0,37.5,42.4,45.0,0.18,0.24,0.10
CLAR,2019-11-08 08:25:00 EST,41.97920,-74.51710,1915,22.7,22.4,17.1,70.3,14.5,0.000,0.005,0.00,0.000,3.6,10.5,2.2,51,57,4.2,10.7,2.6,50,56,4.2,10.7,2.6,50,56,91,28.03,0.0,0,0,0,37.5,42.2,45.0,0.18,0.25,0.10
CLAR,2019-11-08 08:30:00 EST,41.97920,-74.51710,1915,22.7,22.4,16.2,68.4,13.9,0.000,0.005,0.00,0.000,3.9,12.3,3.4,278,52,4.9,14.3,3.6,283,55,4.9,14.3,3.6,283,55,98,28.03,0.0,0,0,0,37.5,42.3,45.0,0.18,0.24,0.10
CLAR,2019-11-08 08:35:00 EST,41.97920,-74.51710,1915,22.5,22.2,14.8,68.6,13.7,0.000,0.005,0.00,0.000,4.9,10.4,2.1,297,60,6.0,13.1,2.6,303,57,6.0,13.1,2.6,303,57,105,28.03,0.0,0,0,0,37.5,42.1,45.0,0.18,0.25,0.10
CLAR,2019-11-08 08:40:00 EST,41.97920,-74.51710,1915,22.5,22.1,16.4,70.5,14.3,0.000,0.005,0.00,0.000,3.7,12.2,2.9,355,42,4.5,14.2,3.2,359,41,4.5,14.2,3.2,359,41,144,28.03,0.0,0,0,0,37.5,42.1,45.0,0.18,0.24,0.10
CLAR,2019-11-08 08:45:00 EST,41.97920,-74.51710,1915,22.5,22.1,22.5,71.9,14.8,0.000,0.005,0.00,0.000,2.3,5.1,1.3,35,52,2.8,5.9,1.3,35,49,2.8,5.9,1.3,35,49,134,28.03,0.0,0,0,0,37.6,42.1,45.0,0.18,0.25,0.10
CLAR,2019-11-08 08:50:00 EST,41.97920,-74.51710,1915,22.6,22.2,15.3,72.6,15.1,0.000,0.005,0.00,0.000,4.9,8.7,2.0,9,55,5.8,9.9,2.2,17,53,5.8,9.9,2.2,17,53,156,28.03,-0.0,0,0,0,37.5,42.2,45.0,0.18,0.24,0.10
CLAR,2019-11-08 08:55:00 EST,41.97920,-74.51710,1915,22.7,22.4,18.0,69.4,14.1,0.000,0.005,0.00,0.000,2.9,7.5,1.9,11,62,3.5,9.3,2.1,14,58,3.5,9.3,2.1,14,58,174,28.03,0.0,0,0,0,37.6,42.1,45.0,0.18,0.24,0.10
CLAR,2019-11-08 09:00:00 EST,41.97920,-74.51710,1915,23.0,22.6,16.0,69.5,14.5,0.000,0.005,0.00,0.000,4.6,10.6,2.3,22,42,5.5,13.8,2.9,24,38,5.5,13.8,2.9,24,38,188,28.03,0.0,0,0,0,37.6,42.1,45.0,0.17,0.25,0.10
CLAR,2019-11-08 09:05:00 EST,41.97920,-74.51710,1915,22.9,22.5,13.9,68.9,14.2,0.000,0.005,0.00,0.000,6.6,17.8,3.3,2,49,7.7,18.3,3.5,3,47,7.7,18.3,3.5,3,47,175,28.03,0.0,0,0,0,37.6,42.1,44.9,0.18,0.25,0.10
CLAR,2019-11-08 09:10:00 EST,41.97920,-74.51710,1915,22.9,22.6,16.3,70.0,14.6,0.000,0.005,0.00,0.000,4.2,9.4,2.3,26,35,5.1,13.1,2.5,27,37,5.1,13.1,2.5,27,37,163,28.03,0.0,0,0,0,37.6,42.1,45.0,0.18,0.24,0.10
CLAR,2019-11-08 09:15:00 EST,41.97920,-74.51710,1915,23.0,22.6,15.6,67.5,13.8,0.000,0.005,0.00,0.000,4.9,13.1,2.8,22,52,5.9,14.4,3.2,27,55,5.9,14.4,3.2,27,55,221,28.04,-0.0,0,0,0,37.6,42.1,44.9,0.18,0.25,0.10
CLAR,2019-11-08 09:20:00 EST,41.97920,-74.51710,1915,23.0,22.5,16.7,66.0,13.3,0.000,0.005,0.00,0.000,3.9,12.3,2.9,305,68,4.8,15.0,3.2,292,67,4.8,15.0,3.2,292,67,235,28.04,0.0,0,0,0,37.6,42.1,45.0,0.17,0.25,0.10
CLAR,2019-11-08 09:25:00 EST,41.97920,-74.51710,1915,22.9,22.5,13.6,63.9,12.5,0.000,0.005,0.00,0.000,7.2,16.0,2.8,342,56,8.3,18.1,3.1,345,54,8.3,18.1,3.1,345,54,267,28.04,-0.0,0,0,0,37.6,42.1,45.0,0.17,0.25,0.10
CLAR,2019-11-08 09:30:00 EST,41.97920,-74.51710,1915,23.0,22.6,17.4,64.1,12.6,0.000,0.005,0.00,0.000,3.2,10.8,2.0,325,67,4.2,14.9,2.4,332,67,4.2,14.9,2.4,332,67,299,28.04,-0.0,0,0,0,37.6,42.0,45.0,0.17,0.25,0.10
CLAR,2019-11-08 09:35:00 EST,41.97920,-74.51710,1915,23.0,22.5,14.2,63.1,12.3,0.000,0.005,0.00,0.000,6.4,19.1,5.0,329,44,7.5,20.0,5.1,335,44,7.5,20.0,5.1,335,44,402,28.05,0.0,0,0,0,37.6,42.1,44.9,0.17,0.24,0.10
CLAR,2019-11-08 09:40:00 EST,41.97920,-74.51710,1915,23.2,22.6,14.8,62.3,12.2,0.000,0.005,0.00,0.000,5.9,11.8,2.7,325,56,7.2,15.0,3.1,327,56,7.2,15.0,3.1,327,56,403,28.04,0.0,0,0,0,37.7,42.1,44.9,0.18,0.25,0.10
CLAR,2019-11-08 09:45:00 EST,41.97920,-74.51710,1915,23.7,23.1,15.2,62.2,12.6,0.000,0.005,0.00,0.000,6.3,18.6,3.6,326,50,7.4,19.9,4.0,330,47,7.4,19.9,4.0,330,47,440,28.04,-0.0,0,0,0,37.8,42.0,44.9,0.17,0.25,0.10
CLAR,2019-11-08 09:50:00 EST,41.97920,-74.51710,1915,23.1,22.6,15.5,61.5,11.8,0.000,0.005,0.00,0.000,5.3,12.3,2.9,5,49,6.2,14.5,3.2,9,50,6.2,14.5,3.2,9,50,274,28.04,-0.0,0,0,0,37.8,42.1,44.9,0.17,0.25,0.10
CLAR,2019-11-08 09:55:00 EST,41.97920,-74.51710,1915,23.3,22.5,16.5,65.3,13.4,0.000,0.005,0.00,0.000,4.3,13.7,2.6,357,53,5.3,14.4,2.8,355,53,5.3,14.4,2.8,355,53,358,28.05,0.0,0,0,0,37.8,42.1,44.8,0.18,0.25,0.10
CLAR,2019-11-08 10:00:00 EST,41.97920,-74.51710,1915,23.5,22.7,16.9,64.4,13.2,0.000,0.005,0.00,0.000,4.3,10.4,2.2,34,73,5.2,12.2,2.5,24,73,5.2,12.2,2.5,24,73,373,28.05,0.1,0,0,0,37.9,42.0,44.8,0.17,0.25,0.10
CLAR,2019-11-08 10:05:00 EST,41.97920,-74.51710,1915,23.2,22.5,16.6,63.5,12.6,0.000,0.005,0.00,0.000,4.0,14.8,3.0,304,61,5.1,17.3,3.3,311,60,5.1,17.3,3.3,311,60,281,28.05,0.0,0,0,0,37.9,42.0,44.8,0.18,0.25,0.10
CLAR,2019-11-08 10:10:00 EST,41.97920,-74.51710,1915,23.1,22.4,15.6,63.8,12.7,0.000,0.005,0.00,0.000,5.2,12.6,3.0,1,46,6.1,15.6,3.4,6,45,6.1,15.6,3.4,6,45,368,28.05,0.1,0,0,0,37.9,41.9,44.8,0.17,0.25,0.10
CLAR,2019-11-08 10:15:00 EST,41.97920,-74.51710,1915,23.0,22.4,14.9,62.8,12.2,0.000,0.005,0.00,0.000,5.5,14.9,3.4,299,36,6.7,18.1,3.8,304,37,6.7,18.1,3.8,304,37,406,28.05,0.1,0,0,0,38.1,41.9,44.8,0.17,0.24,0.10
CLAR,2019-11-08 10:20:00 EST,41.97920,-74.51710,1915,23.2,22.5,14.9,64.3,12.9,0.000,0.005,0.00,0.000,6.1,13.9,3.9,337,39,6.9,16.0,4.1,338,41,6.9,16.0,4.1,338,41,332,28.05,-0.0,0,0,0,38.1,41.9,44.8,0.17,0.24,0.10
CLAR,2019-11-08 10:25:00 EST,41.97920,-74.51710,1915,23.3,22.6,17.8,63.0,12.6,0.000,0.005,0.00,0.000,3.1,9.5,1.6,314,51,4.2,10.0,1.7,325,52,4.2,10.0,1.7,325,52,361,28.05,-0.0,0,0,0,38.3,41.9,44.8,0.18,0.25,0.10
CLAR,2019-11-08 10:30:00 EST,41.97920,-74.51710,1915,23.5,22.7,16.9,64.6,13.3,0.000,0.005,0.00,0.000,4.2,15.0,3.3,267,53,5.1,16.3,3.4,272,51,5.1,16.3,3.4,272,51,346,28.05,-0.1,0,0,0,38.3,41.9,44.8,0.18,0.24,0.10
CLAR,2019-11-08 10:35:00 EST,41.97920,-74.51710,1915,23.6,22.7,15.4,66.2,13.9,0.000,0.005,0.00,0.000,5.8,13.4,2.1,254,25,6.9,16.0,2.4,259,25,6.9,16.0,2.4,259,25,328,28.05,-0.0,0,0,0,38.3,41.9,44.8,0.17,0.24,0.10
CLAR,2019-11-08 10:40:00 EST,41.97920,-74.51710,1915,23.0,22.4,13.8,66.8,13.6,0.000,0.005,0.00,0.000,7.2,14.9,2.9,306,31,8.2,17.7,3.1,309,31,8.2,17.7,3.1,309,31,344,28.05,0.0,0,0,0,38.4,41.9,44.8,0.18,0.24,0.10
CLAR,2019-11-08 10:45:00 EST,41.97920,-74.51710,1915,23.0,22.4,17.5,69.0,14.3,0.000,0.005,0.00,0.000,3.3,14.6,2.5,316,49,4.1,17.1,2.8,324,43,4.1,17.1,2.8,324,43,301,28.05,-0.0,0,0,0,38.5,41.9,44.8,0.17,0.24,0.10
CLAR,2019-11-08 10:50:00 EST,41.97920,-74.51710,1915,22.8,22.3,14.1,68.6,14.0,0.000,0.005,0.00,0.000,6.4,13.4,3.2,322,47,7.3,14.6,3.1,323,48,7.3,14.6,3.1,323,48,288,28.05,0.0,0,0,0,38.5,41.9,44.8,0.18,0.24,0.10
CLAR,2019-11-08 10:55:00 EST,41.97920,-74.51710,1915,22.7,22.1,16.1,69.8,14.3,0.000,0.005,0.00,0.000,4.2,9.6,2.4,326,49,5.1,10.3,2.4,336,50,5.1,10.3,2.4,336,50,299,28.05,0.1,0,0,0,38.6,41.9,44.8,0.18,0.25,0.10
CLAR,2019-11-08 11:00:00 EST,41.97920,-74.51710,1915,22.7,22.0,14.0,70.3,14.5,0.000,0.005,0.00,0.000,6.2,14.4,2.5,320,44,7.4,16.8,2.6,323,40,7.4,16.8,2.6,323,40,187,28.06,0.0,0,0,0,38.7,41.8,44.7,0.18,0.24,0.10
CLAR,2019-11-08 11:05:00 EST,41.97920,-74.51710,1915,22.9,22.3,14.0,66.9,13.5,0.000,0.005,0.00,0.000,6.2,19.8,4.6,339,53,7.6,22.7,4.9,343,48,7.6,22.7,4.9,343,48,459,28.06,0.0,0,0,0,38.7,41.8,44.8,0.18,0.24,0.10
CLAR,2019-11-08 11:10:00 EST,41.97920,-74.51710,1915,23.4,22.6,17.4,65.2,13.4,0.000,0.005,0.00,0.000,3.8,9.5,2.2,312,35,4.6,10.4,2.4,316,34,4.6,10.4,2.4,316,34,546,28.06,-0.0,0,0,0,38.7,41.8,44.8,0.18,0.25,0.10
CLAR,2019-11-08 11:15:00 EST,41.97920,-74.51710,1915,24.1,23.3,18.5,63.0,13.3,0.000,0.005,0.00,0.000,3.6,8.3,1.7,317,50,4.4,9.1,1.8,330,52,4.4,9.1,1.8,330,52,552,28.06,0.1,0,0,0,38.7,41.8,44.8,0.17,0.24,0.10
CLAR,2019-11-08 11:20:00 EST,41.97920,-74.51710,1915,24.1,23.3,16.0,60.0,12.2,0.000,0.005,0.00,0.000,5.9,14.9,2.8,272,65,7.1,18.5,3.5,277,65,7.1,18.5,3.5,277,65,556,28.06,0.0,0,0,0,38.9,41.8,44.8,0.18,0.24,0.10
CLAR,2019-11-08 11:25:00 EST,41.97920,-74.51710,1915,24.3,23.6,16.8,58.8,11.9,0.000,0.005,0.00,0.000,5.2,14.0,3.2,22,42,6.3,19.2,3.6,23,40,6.3,19.2,3.6,23,40,555,28.06,0.1,0,0,0,39.0,41.7,44.7,0.18,0.25,0.10
CLAR,2019-11-08 11:30:00 EST,41.97920,-74.51710,1915,24.4,23.5,17.4,56.8,11.2,0.000,0.005,0.00,0.000,4.7,10.2,2.3,292,61,5.8,12.1,2.5,305,60,5.8,12.1,2.5,305,60,574,28.06,-0.0,0,0,0,39.0,41.7,44.8,0.18,0.25,0.10
CLAR,2019-11-08 11:35:00 EST,41.97920,-74.51710,1915,24.4,23.3,15.8,57.3,11.4,0.000,0.005,0.00,0.000,6.6,14.5,3.8,305,51,7.7,16.5,3.9,308,54,7.7,16.5,3.9,308,54,572,28.06,0.2,0,0,0,39.1,41.7,44.8,0.18,0.24,0.10
CLAR,2019-11-08 11:40:00 EST,41.97920,-74.51710,1915,24.1,23.2,14.6,57.7,11.3,0.000,0.005,0.00,0.000,7.7,15.0,3.4,297,48,8.8,17.4,3.6,302,50,8.8,17.4,3.6,302,50,468,28.06,-0.1,0,0,0,39.2,41.7,44.8,0.18,0.24,0.10
CLAR,2019-11-08 11:45:00 EST,41.97920,-74.51710,1915,24.0,23.3,16.6,59.4,11.9,0.000,0.005,0.00,0.000,4.9,14.3,3.3,352,36,6.2,15.6,3.5,359,34,6.2,15.6,3.5,359,34,299,28.06,-0.1,0,0,0,39.2,41.6,44.7,0.18,0.24,0.10
CLAR,2019-11-08 11:50:00 EST,41.97920,-74.51710,1915,23.3,22.7,15.3,57.5,10.4,0.000,0.005,0.00,0.000,4.9,13.4,2.9,347,44,6.6,14.6,3.2,354,44,6.6,14.6,3.2,354,44,196,28.06,0.0,0,0,0,39.2,41.7,44.8,0.17,0.24,0.10
CLAR,2019-11-08 11:55:00 EST,41.97920,-74.51710,1915,23.4,22.7,16.5,60.2,11.6,0.000,0.005,0.00,0.000,4.5,10.7,2.5,10,53,5.5,12.2,2.6,9,54,5.5,12.2,2.6,9,54,274,28.06,-0.0,0,0,0,39.2,41.6,44.8,0.18,0.24,0.10
CLAR,2019-11-08 12:00:00 EST,41.97920,-74.51710,1915,23.9,23.0,18.7,61.2,12.5,0.000,0.005,0.00,0.000,3.4,9.1,1.7,327,54,4.0,10.9,1.7,328,55,4.0,10.9,1.7,328,55,464,28.06,0.0,0,0,0,39.2,41.7,44.8,0.18,0.24,0.10
CLAR,2019-11-08 12:05:00 EST,41.97920,-74.51710,1915,24.1,23.4,16.3,57.0,11.1,0.000,0.005,0.00,0.000,5.8,16.6,3.1,316,39,6.7,17.8,3.3,317,42,6.7,17.8,3.3,317,42,459,28.05,0.0,0,0,0,39.2,41.6,44.8,0.17,0.25,0.10
CLAR,2019-11-08 12:10:00 EST,41.97920,-74.51710,1915,24.7,24.0,18.9,57.3,11.8,0.000,0.005,0.00,0.000,3.8,8.8,1.8,259,42,4.6,11.8,2.3,265,43,4.6,11.8,2.3,265,43,580,28.05,-0.0,0,0,0,39.2,41.7,44.8,0.18,0.24,0.10
CLAR,2019-11-08 12:15:00 EST,41.97920,-74.51710,1915,24.9,24.1,18.2,55.2,11.1,0.000,0.005,0.00,0.000,4.5,13.2,3.3,309,46,5.6,15.9,3.4,317,49,5.6,15.9,3.4,317,49,520,28.05,-0.0,0,0,0,39.3,41.7,44.7,0.18,0.24,0.10
CLAR,2019-11-08 12:20:00 EST,41.97920,-74.51710,1915,25.0,23.9,17.6,56.6,11.8,0.000,0.005,0.00,0.000,5.1,13.2,3.5,270,53,6.3,16.5,3.5,278,53,6.3,16.5,3.5,278,53,486,28.05,0.1,0,0,0,39.5,41.6,44.7,0.18,0.24,0.10
CLAR,2019-11-08 12:25:00 EST,41.97920,-74.51710,1915,24.7,23.9,20.1,53.4,10.1,0.000,0.005,0.00,0.000,2.7,14.8,2.4,263,71,3.6,13.3,2.5,287,79,3.6,13.3,2.5,287,79,602,28.05,0.1,0,0,0,39.7,41.7,44.8,0.18,0.25,0.10
CLAR,2019-11-08 12:30:00 EST,41.97920,-74.51710,1915,25.0,23.8,16.8,54.4,10.8,0.000,0.005,0.00,0.000,6.0,15.7,3.7,12,44,7.3,19.8,4.4,18,44,7.3,19.8,4.4,18,44,623,28.05,0.2,0,0,0,39.9,41.6,44.7,0.18,0.24,0.10
CLAR,2019-11-08 12:35:00 EST,41.97920,-74.51710,1915,25.4,24.1,17.6,54.0,11.1,0.000,0.005,0.00,0.000,5.5,15.3,3.1,29,62,6.9,17.8,3.4,24,63,6.9,17.8,3.4,24,63,658,28.05,-0.0,0,0,0,40.1,41.7,44.7,0.18,0.24,0.10
CLAR,2019-11-08 12:40:00 EST,41.97920,-74.51710,1915,25.6,24.4,18.7,54.4,11.4,0.000,0.005,0.00,0.000,4.1,17.0,3.1,17,59,5.8,18.3,3.4,21,63,5.8,18.3,3.4,21,63,511,28.05,0.1,0,0,0,40.4,41.6,44.6,0.18,0.24,0.10
CLAR,2019-11-08 12:45:00 EST,41.97920,-74.51710,1915,25.1,24.3,18.4,55.8,11.5,0.000,0.005,0.00,0.000,4.7,15.0,2.9,267,47,5.6,18.2,3.3,274,48,5.6,18.2,3.3,274,48,346,28.05,-0.0,0,0,0,40.5,41.6,44.6,0.18,0.25,0.10
CLAR,2019-11-08 12:50:00 EST,41.97920,-74.51710,1915,24.3,23.7,14.9,56.9,11.2,0.000,0.005,0.00,0.000,7.6,15.8,3.1,312,46,8.9,19.9,3.4,313,46,8.9,19.9,3.4,313,46,307,28.05,0.0,0,0,0,40.6,41.7,44.6,0.18,0.25,0.10
CLAR,2019-11-08 12:55:00 EST,41.97920,-74.51710,1915,24.3,23.7,17.2,60.9,12.8,0.000,0.005,0.00,0.000,4.9,8.9,2.3,244,46,5.9,10.7,2.5,248,49,5.9,10.7,2.5,248,49,403,28.05,-0.0,0,0,0,40.7,41.6,44.6,0.18,0.24,0.10
CLAR,2019-11-08 13:00:00 EST,41.97920,-74.51710,1915,24.3,23.5,15.7,60.1,12.4,0.000,0.005,0.00,0.000,6.6,14.7,4.3,324,31,7.7,17.4,4.4,332,30,7.7,17.4,4.4,332,30,174,28.05,-0.1,0,0,0,40.8,41.6,44.6,0.18,0.24,0.10
CLAR,2019-11-08 13:05:00 EST,41.97920,-74.51710,1915,23.7,23.1,14.4,61.9,12.5,0.000,0.005,0.00,0.000,7.4,15.1,3.5,21,26,8.4,17.2,3.7,22,24,8.4,17.2,3.7,22,24,190,28.05,0.1,0,0,0,40.7,41.7,44.6,0.18,0.25,0.10
CLAR,2019-11-08 13:10:00 EST,41.97920,-74.51710,1915,23.4,22.9,15.1,64.6,13.3,0.000,0.005,0.00,0.000,6.0,12.4,2.5,11,32,7.0,14.5,2.8,11,31,7.0,14.5,2.8,11,31,161,28.05,0.0,0,0,0,40.6,41.6,44.6,0.18,0.24,0.10
CLAR,2019-11-08 13:15:00 EST,41.97920,-74.51710,1915,23.3,22.8,18.1,66.3,13.7,0.000,0.005,0.00,0.000,3.3,9.9,2.6,316,38,4.0,10.5,2.8,318,42,4.0,10.5,2.8,318,42,183,28.05,0.0,0,0,0,40.6,41.6,44.6,0.18,0.24,0.10
CLAR,2019-11-08 13:20:00 EST,41.97920,-74.51710,1915,23.7,23.3,17.9,65.1,13.7,0.000,0.005,0.00,0.000,3.8,7.9,1.7,315,36,4.5,8.7,1.9,322,36,4.5,8.7,1.9,322,36,206,28.05,0.0,0,0,0,40.6,41.7,44.6,0.18,0.24,0.10
CLAR,2019-11-08 13:25:00 EST,41.97920,-74.51710,1915,24.2,23.5,16.5,64.1,13.8,0.000,0.005,0.00,0.000,5.4,13.5,3.0,311,54,6.4,16.2,3.0,316,55,6.4,16.2,3.0,316,55,324,28.05,0.0,0,0,0,40.5,41.6,44.6,0.18,0.25,0.10
CLAR,2019-11-08 13:30:00 EST,41.97920,-74.51710,1915,24.5,23.8,17.7,63.4,13.9,0.000,0.005,0.00,0.000,4.6,11.9,2.9,335,55,5.6,14.7,3.3,340,52,5.6,14.7,3.3,340,52,253,28.05,0.0,0,0,0,40.4,41.6,44.6,0.18,0.24,0.10
CLAR,2019-11-08 13:35:00 EST,41.97920,-74.51710,1915,25.0,24.1,17.3,63.1,14.2,0.000,0.005,0.00,0.000,5.6,13.2,2.6,3,68,6.7,14.8,3.2,7,65,6.7,14.8,3.2,7,65,438,28.05,-0.1,0,0,0,40.3,41.6,44.6,0.18,0.24,0.10
CLAR,2019-11-08 13:40:00 EST,41.97920,-74.51710,1915,25.5,24.5,18.9,60.4,13.7,0.000,0.005,0.00,0.000,4.7,13.9,2.6,12,43,5.5,13.5,2.9,11,39,5.5,13.5,2.9,11,39,495,28.05,-0.1,0,0,0,40.3,41.6,44.6,0.18,0.24,0.10
CLAR,2019-11-08 13:45:00 EST,41.97920,-74.51710,1915,25.3,24.5,16.7,59.9,13.3,0.000,0.005,0.00,0.000,6.6,14.3,2.9,1,38,8.0,17.4,3.5,2,35,8.0,17.4,3.5,2,35,284,28.05,0.0,0,0,0,40.4,41.6,44.6,0.18,0.24,0.10
CLAR,2019-11-08 13:50:00 EST,41.97920,-74.51710,1915,24.0,23.3,15.1,69.2,15.3,0.000,0.005,0.00,0.000,7.0,14.0,2.8,10,38,7.9,14.4,3.0,8,32,7.9,14.4,3.0,8,32,109,28.05,-0.0,0,0,0,40.5,41.7,44.6,0.18,0.25,0.10
CLAR,2019-11-08 13:55:00 EST,41.97920,-74.51710,1915,23.0,22.6,17.0,79.0,17.5,0.006,0.010,0.00,0.006,4.1,10.4,2.2,24,28,4.6,12.2,2.5,25,31,4.6,12.2,2.5,25,31,94,28.05,0.0,0,0,0,40.5,41.6,44.6,0.18,0.25,0.10
CLAR,2019-11-08 14:00:00 EST,41.97920,-74.51710,1915,23.1,22.6,23.1,81.0,18.1,0.000,0.010,0.00,0.006,1.5,5.0,1.4,40,42,2.1,7.2,1.5,48,50,2.1,7.2,1.5,48,50,169,28.05,0.1,0,0,0,40.5,41.6,44.6,0.18,0.24,0.10
CLAR,2019-11-08 14:05:00 EST,41.97920,-74.51710,1915,23.6,23.0,16.3,73.0,16.2,0.000,0.010,0.00,0.006,4.3,14.3,2.7,321,68,5.8,17.9,3.0,315,70,5.8,17.9,3.0,315,70,175,28.05,0.1,0,0,0,40.4,41.7,44.6,0.18,0.24,0.10
CLAR,2019-11-08 14:10:00 EST,41.97920,-74.51710,1915,23.9,23.3,17.4,64.6,13.7,0.000,0.010,0.00,0.006,4.3,11.5,2.7,7,68,5.2,13.0,2.8,16,68,5.2,13.0,2.8,16,68,301,28.06,0.1,0,0,0,40.3,41.7,44.6,0.18,0.25,0.10
CLAR,2019-11-08 14:15:00 EST,41.97920,-74.51710,1915,24.2,23.6,15.0,60.2,12.4,0.000,0.010,0.00,0.006,7.3,20.4,4.2,313,39,8.5,23.3,4.6,317,39,8.5,23.3,4.6,317,39,399,28.06,0.0,0,0,0,40.3,41.6,44.6,0.18,0.24,0.10
CLAR,2019-11-08 14:20:00 EST,41.97920,-74.51710,1915,24.7,24.1,16.4,57.8,12.0,0.000,0.010,0.00,0.006,6.6,15.3,3.9,350,40,7.5,18.1,4.2,355,37,7.5,18.1,4.2,355,37,386,28.06,-0.0,0,0,0,40.3,41.6,44.6,0.18,0.24,0.10
CLAR,2019-11-08 14:25:00 EST,41.97920,-74.51710,1915,24.7,23.9,15.8,54.6,10.6,0.000,0.010,0.00,0.006,6.7,13.7,3.2,21,49,8.1,18.7,3.7,22,48,8.1,18.7,3.7,22,48,329,28.06,0.0,0,0,0,40.1,41.7,44.6,0.18,0.25,0.10
CLAR,2019-11-08 14:30:00 EST,41.97920,-74.51710,1915,24.5,23.9,16.3,55.6,10.8,0.000,0.010,0.00,0.006,5.9,10.9,2.5,346,50,7.1,14.3,2.7,345,52,7.1,14.3,2.7,345,52,105,28.06,-0.0,0,0,0,40.1,41.6,44.6,0.18,0.24,0.10
CLAR,2019-11-08 14:35:00 EST,41.97920,-74.51710,1915,23.8,23.4,14.5,55.8,10.2,0.000,0.010,0.00,0.006,7.4,13.1,2.9,280,39,8.4,16.4,3.1,284,40,8.4,16.4,3.1,284,40,83,28.06,0.0,0,0,0,40.1,41.7,44.6,0.18,0.24,0.10
CLAR,2019-11-08 14:40:00 EST,41.97920,-74.51710,1915,24.0,23.5,16.5,56.4,10.7,0.000,0.010,0.00,0.006,4.9,12.9,2.9,21,47,6.1,16.0,3.2,24,43,6.1,16.0,3.2,24,43,244,28.07,0.1,0,0,0,40.0,41.7,44.6,0.18,0.24,0.10
CLAR,2019-11-08 14:45:00 EST,41.97920,-74.51710,1915,24.5,23.9,17.1,55.5,10.8,0.000,0.010,0.00,0.006,5.2,12.2,3.1,329,51,6.2,13.6,3.2,332,54,6.2,13.6,3.2,332,54,360,28.07,0.1,0,0,0,39.9,41.6,44.5,0.18,0.24,0.10
CLAR,2019-11-08 14:50:00 EST,41.97920,-74.51710,1915,24.7,24.0,15.1,54.9,10.8,0.000,0.010,0.00,0.006,8.1,16.1,3.7,10,41,9.4,20.6,4.2,14,37,9.4,20.6,4.2,14,37,341,28.07,0.0,0,0,0,39.9,41.7,44.5,0.18,0.24,0.10
CLAR,2019-11-08 14:55:00 EST,41.97920,-74.51710,1915,25.0,24.1,19.9,56.5,11.7,0.000,0.010,0.00,0.000,3.2,7.5,1.7,293,58,4.1,9.6,1.9,307,61,4.1,9.6,1.9,307,61,336,28.07,-0.1,0,0,0,39.9,41.7,44.4,0.17,0.25,0.10
CLAR,2019-11-08 15:00:00 EST,41.97920,-74.51710,1915,25.2,24.5,20.3,55.1,11.4,0.000,0.010,0.00,0.000,3.0,10.5,2.4,352,64,3.9,13.6,2.7,8,58,3.9,13.6,2.7,8,58,364,28.07,-0.1,0,0,0,39.9,41.7,44.4,0.18,0.24,0.10
CLAR,2019-11-08 15:05:00 EST,41.97920,-74.51710,1915,24.9,24.3,15.0,52.4,9.9,0.000,0.010,0.00,0.000,8.2,19.4,4.3,345,49,9.8,21.6,4.8,348,45,9.8,21.6,4.8,348,45,346,28.07,0.0,0,0,0,39.7,41.7,44.4,0.17,0.24,0.10
CLAR,2019-11-08 15:10:00 EST,41.97920,-74.51710,1915,25.0,24.3,18.4,52.2,10.0,0.000,0.010,0.00,0.000,4.3,11.5,2.1,340,60,5.5,14.9,2.9,341,61,5.5,14.9,2.9,341,61,280,28.07,0.0,0,0,0,39.7,41.8,44.4,0.17,0.25,0.10
CLAR,2019-11-08 15:15:00 EST,41.97920,-74.51710,1915,25.0,24.4,17.7,52.0,9.9,0.000,0.010,0.00,0.000,5.0,15.2,3.7,343,53,6.3,20.2,4.0,345,54,6.3,20.2,4.0,345,54,201,28.07,-0.1,0,0,0,39.7,41.8,44.4,0.17,0.24,0.10
CLAR,2019-11-08 15:20:00 EST,41.97920,-74.51710,1915,24.5,24.0,17.7,53.2,9.9,0.000,0.010,0.00,0.000,4.2,13.7,2.9,310,60,5.5,17.0,2.8,307,61,5.5,17.0,2.8,307,61,115,28.07,-0.1,0,0,0,39.7,41.7,44.4,0.17,0.24,0.10
CLAR,2019-11-08 15:25:00 EST,41.97920,-74.51710,1915,24.0,23.5,15.7,56.0,10.5,0.000,0.010,0.00,0.000,6.0,12.8,2.7,0,38,7.2,17.1,3.1,3,34,7.2,17.1,3.1,3,34,182,28.07,0.0,0,0,0,39.6,41.7,44.4,0.17,0.24,0.10
CLAR,2019-11-08 15:30:00 EST,41.97920,-74.51710,1915,24.0,23.5,17.8,57.9,11.4,0.000,0.010,0.00,0.000,3.9,13.9,3.0,19,32,5.0,15.9,3.3,22,37,5.0,15.9,3.3,22,37,185,28.07,0.0,0,0,0,39.6,41.7,44.4,0.17,0.24,0.10
CLAR,2019-11-08 15:35:00 EST,41.97920,-74.51710,1915,24.0,23.4,16.2,58.1,11.4,0.000,0.010,0.00,0.000,5.2,14.8,3.4,335,55,6.6,17.1,4.0,335,50,6.6,17.1,4.0,335,50,168,28.08,-0.0,0,0,0,39.6,41.7,44.4,0.17,0.24,0.10
CLAR,2019-11-08 15:40:00 EST,41.97920,-74.51710,1915,23.4,23.0,16.0,56.5,10.1,0.000,0.010,0.00,0.000,4.7,12.6,3.4,359,31,5.9,16.2,3.9,3,33,5.9,16.2,3.9,3,33,44,28.08,-0.0,0,0,0,39.6,41.7,44.4,0.17,0.24,0.10
CLAR,2019-11-08 15:45:00 EST,41.97920,-74.51710,1915,23.0,22.7,15.3,57.6,10.3,0.000,0.010,0.00,0.000,5.2,10.2,2.3,20,45,6.2,11.2,2.5,23,47,6.2,11.2,2.5,23,47,55,28.08,-0.0,0,0,0,39.5,41.7,44.4,0.17,0.24,0.10
CLAR,2019-11-08 15:50:00 EST,41.97920,-74.51710,1915,22.9,22.6,17.0,59.1,10.7,0.000,0.010,0.00,0.000,3.7,10.1,2.0,341,50,4.5,11.4,2.2,349,53,4.5,11.4,2.2,349,53,54,28.08,-0.0,0,0,0,39.4,41.8,44.4,0.17,0.24,0.10
CLAR,2019-11-08 15:55:00 EST,41.97920,-74.51710,1915,22.6,22.4,13.6,59.9,10.8,0.000,0.010,0.00,0.000,6.9,15.3,3.1,317,49,7.7,16.1,3.2,318,48,7.7,16.1,3.2,318,48,38,28.09,0.0,0,0,0,39.3,41.7,44.3,0.17,0.24,0.10
CLAR,2019-11-08 16:00:00 EST,41.97920,-74.51710,1915,22.5,22.3,15.2,61.6,11.3,0.000,0.010,0.00,0.000,4.2,9.9,2.7,319,60,5.7,14.6,3.0,322,60,5.7,14.6,3.0,322,60,32,28.09,0.0,0,0,0,39.2,41.6,44.4,0.17,0.24,0.10
CLAR,2019-11-08 16:05:00 EST,41.97920,-74.51710,1915,22.5,22.3,16.1,62.4,11.6,0.000,0.010,0.00,0.000,3.6,13.7,2.7,22,41,4.8,14.7,2.9,21,41,4.8,14.7,2.9,21,41,40,28.09,0.0,0,0,0,39.2,41.7,44.4,0.17,0.24,0.10
CLAR,2019-11-08 16:10:00 EST,41.97920,-74.51710,1915,22.5,22.3,16.4,62.1,11.5,0.000,0.010,0.00,0.000,3.6,8.0,1.8,300,56,4.6,10.4,2.1,308,55,4.6,10.4,2.1,308,55,72,28.09,0.0,0,0,0,39.2,41.7,44.4,0.17,0.25,0.10
CLAR,2019-11-08 16:15:00 EST,41.97920,-74.51710,1915,22.5,22.3,17.0,62.7,11.7,0.000,0.010,0.00,0.000,3.1,9.9,1.9,335,51,4.1,11.6,2.2,341,49,4.1,11.6,2.2,341,49,67,28.09,0.0,0,0,0,39.2,41.7,44.3,0.17,0.24,0.10
CLAR,2019-11-08 16:20:00 EST,41.97920,-74.51710,1915,22.6,22.3,15.3,64.1,12.3,0.000,0.010,0.00,0.000,4.7,9.6,2.0,0,34,5.7,11.1,2.3,3,32,5.7,11.1,2.3,3,32,60,28.09,0.0,0,0,0,39.2,41.7,44.4,0.17,0.25,0.10
CLAR,2019-11-08 16:25:00 EST,41.97920,-74.51710,1915,22.4,22.2,15.2,64.0,12.1,0.000,0.010,0.00,0.000,4.7,10.4,1.8,316,43,5.6,11.7,2.1,321,43,5.6,11.7,2.1,321,43,19,28.09,0.0,0,0,0,39.0,41.7,44.4,0.17,0.24,0.10
CLAR,2019-11-08 16:30:00 EST,41.97920,-74.51710,1915,22.3,22.1,15.5,64.3,12.1,0.000,0.010,0.00,0.000,4.3,9.9,2.6,276,27,5.2,11.8,2.8,279,26,5.2,11.8,2.8,279,26,14,28.09,0.0,0,0,0,39.0,41.7,44.4,0.17,0.25,0.10
CLAR,2019-11-08 16:35:00 EST,41.97920,-74.51710,1915,22.3,22.1,16.2,63.0,11.6,0.000,0.010,0.00,0.000,3.6,13.4,2.9,72,64,4.5,13.5,3.3,57,63,4.5,13.5,3.3,57,63,10,28.09,-0.0,0,0,0,39.0,41.8,44.4,0.17,0.25,0.10
CLAR,2019-11-08 16:40:00 EST,41.97920,-74.51710,1915,22.0,21.8,15.9,64.2,11.7,0.000,0.010,0.00,0.000,3.5,7.9,1.9,255,53,4.5,8.9,2.1,261,55,4.5,8.9,2.1,261,55,9,28.10,0.0,0,0,0,38.9,41.8,44.4,0.17,0.24,0.10
CLAR,2019-11-08 16:45:00 EST,41.97920,-74.51710,1915,21.8,21.6,16.8,64.0,11.5,0.000,0.010,0.00,0.000,2.8,7.3,1.6,275,28,3.6,9.3,1.8,281,28,3.6,9.3,1.8,281,28,7,28.10,0.0,0,0,0,38.8,41.7,44.4,0.17,0.24,0.10
CLAR,2019-11-08 16:50:00 EST,41.97920,-74.51710,1915,21.6,21.5,15.4,64.0,11.3,0.000,0.010,0.00,0.000,3.8,10.0,2.1,1,55,4.6,10.9,2.1,4,52,4.6,10.9,2.1,4,52,4,28.10,0.1,0,0,0,38.8,41.8,44.4,0.17,0.24,0.10
CLAR,2019-11-08 16:55:00 EST,41.97920,-74.51710,1915,21.6,21.4,15.5,65.0,11.6,0.000,0.010,0.00,0.000,3.3,10.1,2.2,349,53,4.4,13.8,2.6,351,53,4.4,13.8,2.6,351,53,2,28.10,0.0,0,0,0,38.7,41.7,44.4,0.17,0.24,0.10
CLAR,2019-11-08 17:00:00 EST,41.97920,-74.51710,1915,21.5,21.3,12.8,65.4,11.6,0.000,0.010,0.00,0.000,6.1,16.3,3.7,303,46,7.0,17.3,3.9,306,46,7.0,17.3,3.9,306,46,1,28.10,0.0,0,0,0,38.7,41.7,44.4,0.17,0.25,0.10
CLAR,2019-11-08 17:05:00 EST,41.97920,-74.51710,1915,21.4,21.3,13.4,65.9,11.8,0.000,0.010,0.00,0.000,5.2,15.1,3.4,298,41,6.2,17.1,3.3,303,43,6.2,17.1,3.3,303,43,0,28.10,0.0,0,0,0,38.7,41.7,44.4,0.17,0.24,0.10
CLAR,2019-11-08 17:10:00 EST,41.97920,-74.51710,1915,21.4,21.2,14.2,66.8,12.0,0.000,0.010,0.00,0.000,4.4,13.4,2.8,253,35,5.3,15.7,3.3,255,34,5.3,15.7,3.3,255,34,0,28.10,0.0,0,0,0,38.5,41.8,44.4,0.17,0.24,0.10
CLAR,2019-11-08 17:15:00 EST,41.97920,-74.51710,1915,21.2,21.1,21.2,67.2,12.0,0.000,0.010,0.00,0.000,2.1,8.0,1.8,248,50,2.8,9.3,2.0,257,54,2.8,9.3,2.0,257,54,0,28.10,0.0,0,0,0,38.5,41.7,44.4,0.17,0.25,0.10
CLAR,2019-11-08 17:20:00 EST,41.97920,-74.51710,1915,21.2,21.1,16.1,67.5,12.2,0.000,0.010,0.00,0.000,3.1,13.2,3.4,260,38,3.7,14.3,3.6,262,41,3.7,14.3,3.6,262,41,0,28.11,0.0,0,0,0,38.4,41.6,44.4,0.17,0.24,0.10
CLAR,2019-11-08 17:25:00 EST,41.97920,-74.51710,1915,21.2,21.1,21.2,67.5,12.1,0.000,0.010,0.00,0.000,1.8,5.6,1.5,46,60,2.6,8.8,1.5,46,65,2.6,8.8,1.5,46,65,0,28.11,0.0,0,0,0,38.3,41.7,44.3,0.17,0.24,0.10
CLAR,2019-11-08 17:30:00 EST,41.97920,-74.51710,1915,21.1,21.0,14.2,66.4,11.7,0.000,0.010,0.00,0.000,4.1,13.5,3.3,288,42,5.1,14.7,3.5,290,42,5.1,14.7,3.5,290,42,0,28.11,-0.0,0,0,0,38.3,41.6,44.4,0.17,0.24,0.10
CLAR,2019-11-08 17:35:00 EST,41.97920,-74.51710,1915,20.9,20.9,15.4,68.5,12.2,0.000,0.010,0.00,0.000,3.1,6.9,1.7,211,29,3.9,8.6,1.8,214,31,3.9,8.6,1.8,214,31,0,28.11,-0.0,0,0,0,38.3,41.7,44.4,0.17,0.25,0.10
CLAR,2019-11-08 17:40:00 EST,41.97920,-74.51710,1915,20.8,20.8,20.8,68.5,12.1,0.000,0.010,0.00,0.000,1.5,5.4,1.2,186,60,2.1,6.1,1.4,174,65,2.1,6.1,1.4,174,65,0,28.11,0.0,0,0,0,38.2,41.7,44.4,0.17,0.24,0.10
CLAR,2019-11-08 17:45:00 EST,41.97920,-74.51710,1915,20.8,20.7,20.8,68.2,11.9,0.000,0.010,0.00,0.000,2.2,6.2,1.5,322,65,3.0,8.5,1.6,325,68,3.0,8.5,1.6,325,68,0,28.12,0.0,0,0,0,38.1,41.7,44.4,0.17,0.24,0.10
CLAR,2019-11-08 17:50:00 EST,41.97920,-74.51710,1915,20.7,20.6,15.3,68.0,11.8,0.000,0.010,0.00,0.000,2.9,6.7,1.8,352,56,3.8,8.2,1.8,353,56,3.8,8.2,1.8,353,56,0,28.12,0.0,0,0,0,38.1,41.7,44.4,0.18,0.24,0.10
CLAR,2019-11-08 17:55:00 EST,41.97920,-74.51710,1915,20.7,20.6,15.0,67.3,11.5,0.000,0.010,0.00,0.000,3.2,8.0,1.8,300,56,4.0,10.3,2.0,309,55,4.0,10.3,2.0,309,55,0,28.12,0.0,0,0,0,37.9,41.7,44.4,0.18,0.25,0.10
CLAR,2019-11-08 18:00:00 EST,41.97920,-74.51710,1915,20.5,20.5,15.9,67.4,11.5,0.000,0.010,0.00,0.000,2.5,7.5,1.2,11,72,3.3,8.5,1.4,356,73,3.3,8.5,1.4,356,73,0,28.13,0.1,0,0,0,38.0,41.7,44.4,0.18,0.24,0.10
CLAR,2019-11-08 18:05:00 EST,41.97920,-74.51710,1915,20.5,20.4,20.5,67.5,11.4,0.000,0.010,0.00,0.000,1.9,7.0,1.5,320,33,2.4,6.8,1.6,328,31,2.4,6.8,1.6,328,31,0,28.13,0.1,0,0,0,37.9,41.8,44.4,0.18,0.24,0.10
CLAR,2019-11-08 18:10:00 EST,41.97920,-74.51710,1915,20.5,20.5,14.3,67.1,11.3,0.000,0.010,0.00,0.000,3.5,9.9,1.9,272,44,4.4,11.2,2.0,284,48,4.4,11.2,2.0,284,48,0,28.13,0.1,0,0,0,37.9,41.7,44.4,0.18,0.24,0.10
CLAR,2019-11-08 18:15:00 EST,41.97920,-74.51710,1915,20.5,20.4,20.5,66.9,11.3,0.000,0.010,0.00,0.000,1.8,4.5,1.3,332,52,2.2,6.1,1.5,340,55,2.2,6.1,1.5,340,55,0,28.13,-0.0,0,0,0,37.8,41.6,44.4,0.17,0.24,0.10
CLAR,2019-11-08 18:20:00 EST,41.97920,-74.51710,1915,20.2,20.2,20.2,68.1,11.4,0.000,0.010,0.00,0.000,1.6,6.1,1.7,302,52,2.4,7.3,1.8,310,58,2.4,7.3,1.8,310,58,0,28.13,0.0,0,0,0,37.8,41.6,44.4,0.17,0.25,0.10
CLAR,2019-11-08 18:25:00 EST,41.97920,-74.51710,1915,20.2,20.2,15.1,69.4,11.8,0.000,0.010,0.00,0.000,2.8,8.7,2.4,6,25,3.5,9.9,2.6,7,27,3.5,9.9,2.6,7,27,0,28.14,0.0,0,0,0,37.7,41.7,44.4,0.17,0.25,0.10
CLAR,2019-11-08 18:30:00 EST,41.97920,-74.51710,1915,20.4,20.4,13.0,69.3,12.0,0.000,0.010,0.00,0.000,4.6,10.1,2.1,6,45,5.5,11.4,2.1,6,46,5.5,11.4,2.1,6,46,0,28.14,0.1,0,0,0,37.6,41.7,44.4,0.17,0.24,0.10
CLAR,2019-11-08 18:35:00 EST,41.97920,-74.51710,1915,20.6,20.4,15.8,68.8,11.9,0.000,0.010,0.00,0.000,2.7,7.5,1.4,35,71,3.3,8.0,1.5,17,71,3.3,8.0,1.5,17,71,0,28.14,0.0,0,0,0,37.6,41.7,44.3,0.17,0.24,0.10
CLAR,2019-11-08 18:40:00 EST,41.97920,-74.51710,1915,20.4,20.3,20.4,68.7,11.8,0.000,0.010,0.00,0.000,1.4,9.0,1.7,37,62,2.0,9.6,1.9,44,64,2.0,9.6,1.9,44,64,0,28.14,0.1,0,0,0,37.6,41.7,44.4,0.17,0.24,0.10
CLAR,2019-11-08 18:45:00 EST,41.97920,-74.51710,1915,20.4,20.4,20.4,70.0,12.2,0.000,0.010,0.00,0.000,2.1,6.6,1.2,57,25,2.6,7.2,1.4,58,26,2.6,7.2,1.4,58,26,0,28.14,0.0,0,0,0,37.6,41.6,44.3,0.17,0.24,0.10
CLAR,2019-11-08 18:50:00 EST,41.97920,-74.51710,1915,20.5,20.4,20.5,69.5,12.1,0.000,0.010,0.00,0.000,2.2,4.6,1.0,42,72,2.7,8.2,1.3,35,73,2.7,8.2,1.3,35,73,0,28.15,0.0,0,0,0,37.6,41.7,44.4,0.17,0.24,0.10
CLAR,2019-11-08 18:55:00 EST,41.97920,-74.51710,1915,20.5,20.3,14.5,69.8,12.1,0.000,0.010,0.00,0.000,3.5,9.6,2.1,78,69,4.2,11.7,2.5,63,69,4.2,11.7,2.5,63,69,0,28.15,0.0,0,0,0,37.4,41.6,44.3,0.17,0.24,0.10
CLAR,2019-11-08 19:00:00 EST,41.97920,-74.51710,1915,20.6,20.4,13.8,69.4,12.2,0.000,0.010,0.00,0.000,4.2,9.8,2.1,72,43,4.9,14.3,2.5,72,44,4.9,14.3,2.5,72,44,0,28.15,0.1,0,0,0,37.4,41.7,44.3,0.17,0.24,0.10
CLAR,2019-11-08 19:05:00 EST,41.97920,-74.51710,1915,20.5,20.3,15.6,69.3,12.0,0.000,0.010,0.00,0.000,2.8,9.3,2.5,41,21,3.4,10.8,2.6,43,26,3.4,10.8,2.6,43,26,0,28.15,0.0,0,0,0,37.4,41.6,44.3,0.17,0.24,0.10
CLAR,2019-11-08 19:10:00 EST,41.97920,-74.51710,1915,20.2,20.1,20.2,70.3,12.1,0.000,0.010,0.00,0.000,1.2,2.8,0.7,299,52,2.0,4.3,0.8,298,55,2.0,4.3,0.8,298,55,0,28.15,0.0,0,0,0,37.4,41.7,44.3,0.17,0.24,0.10
CLAR,2019-11-08 19:15:00 EST,41.97920,-74.51710,1915,20.3,20.2,15.8,70.0,12.1,0.000,0.010,0.00,0.000,2.5,6.9,1.5,15,27,3.2,8.7,1.7,17,26,3.2,8.7,1.7,17,26,0,28.15,0.0,0,0,0,37.4,41.6,44.2,0.17,0.25,0.10
CLAR,2019-11-08 19:20:00 EST,41.97920,-74.51710,1915,20.2,20.1,14.3,69.9,12.0,0.000,0.010,0.00,0.000,3.4,8.9,1.8,144,71,4.1,9.7,2.0,146,69,4.1,9.7,2.0,146,69,0,28.15,0.0,0,0,0,37.3,41.7,44.1,0.17,0.24,0.10
CLAR,2019-11-08 19:25:00 EST,41.97920,-74.51710,1915,20.3,20.1,14.2,69.9,12.0,0.000,0.010,0.00,0.000,3.5,7.1,1.8,35,48,4.2,7.7,1.9,40,48,4.2,7.7,1.9,40,48,0,28.15,0.0,0,0,0,37.3,41.7,44.2,0.17,0.24,0.10
CLAR,2019-11-08 19:30:00 EST,41.97920,-74.51710,1915,20.3,20.1,20.3,70.3,12.1,0.000,0.010,0.00,0.000,2.1,4.6,1.2,72,42,2.6,5.3,1.3,69,42,2.6,5.3,1.3,69,42,0,28.16,0.0,0,0,0,37.2,41.6,44.1,0.17,0.24,0.10
CLAR,2019-11-08 19:35:00 EST,41.97920,-74.51710,1915,20.2,20.1,15.2,70.8,12.2,0.000,0.010,0.00,0.000,2.9,6.0,1.1,33,44,3.5,7.0,1.3,38,43,3.5,7.0,1.3,38,43,0,28.16,0.0,0,0,0,37.2,41.6,44.1,0.17,0.25,0.10
CLAR,2019-11-08 19:40:00 EST,41.97920,-74.51710,1915,20.2,20.0,20.2,70.4,12.1,0.000,0.010,0.00,0.000,1.5,6.2,1.1,66,29,2.0,6.2,1.2,67,32,2.0,6.2,1.2,67,32,0,28.16,0.0,0,0,0,37.2,41.6,44.1,0.17,0.25,0.10
CLAR,2019-11-08 19:45:00 EST,41.97920,-74.51710,1915,20.2,20.1,12.6,71.2,12.4,0.000,0.010,0.00,0.000,4.9,9.5,1.4,57,26,5.6,12.2,1.6,59,26,5.6,12.2,1.6,59,26,0,28.16,0.0,0,0,0,37.2,41.7,44.1,0.17,0.25,0.10
CLAR,2019-11-08 19:50:00 EST,41.97920,-74.51710,1915,20.1,20.0,13.4,70.8,12.2,0.000,0.010,0.00,0.000,4.0,8.0,1.9,18,51,4.8,11.1,2.0,24,51,4.8,11.1,2.0,24,51,0,28.16,0.1,0,0,0,37.2,41.6,44.1,0.17,0.24,0.10
CLAR,2019-11-08 19:55:00 EST,41.97920,-74.51710,1915,20.1,20.0,12.1,70.3,12.0,0.000,0.010,0.00,0.000,5.3,9.6,1.8,339,44,6.0,11.3,1.9,344,44,6.0,11.3,1.9,344,44,0,28.16,0.1,0,0,0,37.2,41.6,44.0,0.17,0.25,0.10
CLAR,2019-11-08 20:00:00 EST,41.97920,-74.51710,1915,20.2,20.0,12.2,70.1,12.0,0.000,0.010,0.00,0.000,5.1,11.4,2.6,346,34,5.9,13.2,3.0,350,31,5.9,13.2,3.0,350,31,0,28.16,0.0,0,0,0,37.2,41.6,44.0,0.17,0.25,0.10
CLAR,2019-11-08 20:05:00 EST,41.97920,-74.51710,1915,20.1,19.9,20.1,70.4,12.0,0.000,0.010,0.00,0.000,1.5,5.1,1.3,359,43,2.0,5.8,1.4,354,47,2.0,5.8,1.4,354,47,0,28.16,0.1,0,0,0,37.2,41.6,44.1,0.17,0.24,0.10
CLAR,2019-11-08 20:10:00 EST,41.97920,-74.51710,1915,20.1,19.9,13.2,70.5,12.0,0.000,0.010,0.00,0.000,4.0,9.7,1.9,321,63,4.9,10.6,2.1,323,60,4.9,10.6,2.1,323,60,0,28.16,0.1,0,0,0,37.2,41.6,44.1,0.17,0.24,0.10
CLAR,2019-11-08 20:15:00 EST,41.97920,-74.51710,1915,20.0,19.9,20.0,71.6,12.3,0.000,0.010,0.00,0.000,1.7,5.3,1.2,332,54,2.3,6.5,1.2,338,53,2.3,6.5,1.2,338,53,0,28.16,0.1,0,0,0,37.2,41.5,44.1,0.17,0.25,0.10
CLAR,2019-11-08 20:20:00 EST,41.97920,-74.51710,1915,20.1,19.9,12.6,71.0,12.2,0.000,0.010,0.00,0.000,4.8,9.6,2.3,34,25,5.5,10.9,2.5,35,24,5.5,10.9,2.5,35,24,0,28.16,0.1,0,0,0,37.1,41.5,44.1,0.17,0.24,0.10
CLAR,2019-11-08 20:25:00 EST,41.97920,-74.51710,1915,20.1,20.0,20.1,70.3,12.0,0.000,0.010,0.00,0.000,1.5,3.4,1.0,360,32,2.3,4.7,1.2,355,35,2.3,4.7,1.2,355,35,0,28.16,0.1,0,0,0,37.0,41.6,44.0,0.17,0.25,0.10
CLAR,2019-11-08 20:30:00 EST,41.97920,-74.51710,1915,20.1,19.9,20.1,71.7,12.4,0.000,0.010,0.00,0.000,1.9,3.6,0.9,7,22,2.2,4.2,1.0,6,27,2.2,4.2,1.0,6,27,0,28.16,0.1,0,0,0,37.0,41.5,44.1,0.17,0.24,0.10
CLAR,2019-11-08 20:35:00 EST,41.97920,-74.51710,1915,20.1,19.9,20.1,71.2,12.3,0.000,0.010,0.00,0.000,1.0,2.8,0.8,39,34,1.7,4.8,0.9,36,37,1.7,4.8,0.9,36,37,0,28.16,0.1,0,0,0,37.0,41.6,44.1,0.17,0.24,0.10
CLAR,2019-11-08 20:40:00 EST,41.97920,-74.51710,1915,20.0,19.9,13.9,72.8,12.7,0.000,0.010,0.00,0.000,3.6,7.2,1.6,42,23,4.2,7.8,1.6,44,23,4.2,7.8,1.6,44,23,0,28.17,0.1,0,0,0,37.0,41.5,44.1,0.17,0.24,0.10
CLAR,2019-11-08 20:45:00 EST,41.97920,-74.51710,1915,20.2,20.0,14.1,72.0,12.6,0.000,0.010,0.00,0.000,3.7,8.4,1.7,36,23,4.2,10.9,2.0,37,23,4.2,10.9,2.0,37,23,0,28.17,0.0,0,0,0,37.0,41.5,44.1,0.17,0.24,0.10
CLAR,2019-11-08 20:50:00 EST,41.97920,-74.51710,1915,20.2,20.0,13.7,72.9,12.9,0.000,0.010,0.00,0.000,4.0,7.0,1.3,24,18,4.5,7.7,1.5,27,17,4.5,7.7,1.5,27,17,0,28.17,0.0,0,0,0,37.0,41.6,44.1,0.17,0.24,0.10
CLAR,2019-11-08 20:55:00 EST,41.97920,-74.51710,1915,20.1,19.9,20.1,71.1,12.2,0.000,0.010,0.00,0.000,1.8,4.0,1.2,26,23,2.3,4.8,1.2,28,32,2.3,4.8,1.2,28,32,0,28.17,0.1,0,0,0,37.0,41.5,44.1,0.17,0.25,0.10
CLAR,2019-11-08 21:00:00 EST,41.97920,-74.51710,1915,20.0,19.9,20.0,70.9,12.1,0.000,0.010,0.00,0.000,1.5,4.3,0.9,13,31,2.0,5.5,1.0,8,35,2.0,5.5,1.0,8,35,0,28.17,0.1,0,0,0,37.0,41.5,44.0,0.17,0.24,0.10
CLAR,2019-11-08 21:05:00 EST,41.97920,-74.51710,1915,20.1,19.9,20.1,70.5,12.0,0.000,0.010,0.00,0.000,1.5,4.2,1.0,350,46,2.1,4.7,1.0,345,45,2.1,4.7,1.0,345,45,0,28.17,-0.0,0,0,0,37.0,41.5,44.1,0.17,0.25,0.10
CLAR,2019-11-08 21:10:00 EST,41.97920,-74.51710,1915,19.9,19.8,13.8,71.5,12.2,0.000,0.010,0.00,0.000,3.7,9.6,2.3,306,28,4.3,9.8,2.4,312,33,4.3,9.8,2.4,312,33,0,28.17,0.1,0,0,0,37.0,41.5,44.1,0.17,0.25,0.10
CLAR,2019-11-08 21:15:00 EST,41.97920,-74.51710,1915,19.9,19.8,19.9,73.3,12.7,0.000,0.010,0.00,0.000,1.3,5.6,1.4,94,41,2.1,6.3,1.4,95,63,2.1,6.3,1.4,95,63,0,28.17,0.0,0,0,0,37.0,41.5,44.1,0.17,0.24,0.10
CLAR,2019-11-08 21:20:00 EST,41.97920,-74.51710,1915,19.9,19.8,19.9,73.1,12.7,0.000,0.010,0.00,0.000,1.8,3.7,0.8,156,16,2.2,4.2,0.7,160,17,2.2,4.2,0.7,160,17,0,28.17,0.0,0,0,0,36.9,41.4,44.1,0.17,0.25,0.10
CLAR,2019-11-08 21:25:00 EST,41.97920,-74.51710,1915,19.9,19.8,19.9,74.1,13.0,0.000,0.010,0.00,0.000,1.7,3.1,0.8,135,41,2.2,4.0,0.8,131,43,2.2,4.0,0.8,131,43,0,28.17,0.1,0,0,0,36.9,41.4,44.1,0.17,0.24,0.10
CLAR,2019-11-08 21:30:00 EST,41.97920,-74.51710,1915,19.9,19.7,19.9,73.6,12.8,0.000,0.010,0.00,0.000,2.5,5.3,1.0,62,36,3.0,5.7,1.1,60,37,3.0,5.7,1.1,60,37,0,28.18,0.0,0,0,0,36.8,41.4,44.1,0.17,0.24,0.10
CLAR,2019-11-08 21:35:00 EST,41.97920,-74.51710,1915,19.8,19.7,19.8,73.4,12.7,0.000,0.010,0.00,0.000,1.7,5.0,1.2,88,23,2.1,6.2,1.2,87,22,2.1,6.2,1.2,87,22,0,28.18,0.0,0,0,0,36.9,41.4,44.1,0.17,0.25,0.10
CLAR,2019-11-08 21:40:00 EST,41.97920,-74.51710,1915,19.8,19.6,19.8,72.7,12.5,0.000,0.010,0.00,0.000,1.6,4.1,0.8,74,32,2.1,4.7,0.8,75,33,2.1,4.7,0.8,75,33,0,28.18,0.0,0,0,0,36.7,41.4,44.1,0.17,0.25,0.10
CLAR,2019-11-08 21:45:00 EST,41.97920,-74.51710,1915,19.6,19.5,19.6,76.1,13.3,0.000,0.010,0.00,0.000,0.7,2.3,0.6,7,56,1.2,2.8,0.6,353,71,1.2,2.8,0.6,353,71,0,28.18,0.1,0,0,0,36.7,41.4,44.1,0.17,0.24,0.10
CLAR,2019-11-08 21:50:00 EST,41.97920,-74.51710,1915,19.7,19.6,19.7,75.6,13.2,0.000,0.010,0.00,0.000,0.8,1.8,0.7,274,9,1.4,2.4,0.8,278,24,1.4,2.4,0.8,278,24,0,28.19,0.0,0,0,0,36.7,41.4,44.1,0.17,0.24,0.10
CLAR,2019-11-08 21:55:00 EST,41.97920,-74.51710,1915,19.6,19.5,19.6,75.5,13.2,0.000,0.010,0.00,0.000,0.9,1.7,0.5,230,29,1.4,2.6,0.4,226,41,1.4,2.6,0.4,226,41,0,28.19,0.1,0,0,0,36.7,41.4,44.1,0.17,0.24,0.10
CLAR,2019-11-08 22:00:00 EST,41.97920,-74.51710,1915,19.7,19.5,19.7,74.4,12.9,0.000,0.010,0.00,0.000,0.9,2.3,0.6,206,16,1.4,3.0,0.6,203,27,1.4,3.0,0.6,203,27,0,28.19,0.0,0,0,0,36.7,41.4,44.1,0.17,0.24,0.10
CLAR,2019-11-08 22:05:00 EST,41.97920,-74.51710,1915,19.7,19.5,19.7,73.7,12.7,0.000,0.010,0.00,0.000,1.9,4.1,1.0,205,34,2.3,4.7,0.9,204,36,2.3,4.7,0.9,204,36,0,28.19,0.0,0,0,0,36.7,41.4,44.1,0.17,0.25,0.10
CLAR,2019-11-08 22:10:00 EST,41.97920,-74.51710,1915,19.7,19.5,19.7,73.2,12.5,0.000,0.010,0.00,0.000,2.0,3.7,0.7,277,22,2.3,4.1,0.7,283,24,2.3,4.1,0.7,283,24,0,28.19,0.0,0,0,0,36.7,41.4,44.0,0.17,0.25,0.10
CLAR,2019-11-08 22:15:00 EST,41.97920,-74.51710,1915,19.6,19.4,19.6,73.9,12.6,0.000,0.010,0.00,0.000,1.2,2.3,0.6,204,18,1.6,2.9,0.8,203,20,1.6,2.9,0.8,203,20,0,28.19,0.1,0,0,0,36.7,41.4,44.1,0.17,0.25,0.10
CLAR,2019-11-08 22:20:00 EST,41.97920,-74.51710,1915,19.4,19.3,19.4,76.4,13.2,0.000,0.010,0.00,0.000,1.7,2.6,0.5,178,14,2.0,3.3,0.6,177,17,2.0,3.3,0.6,177,17,0,28.19,0.0,0,0,0,36.7,41.4,44.1,0.17,0.24,0.10
CLAR,2019-11-08 22:25:00 EST,41.97920,-74.51710,1915,19.4,19.3,19.4,77.6,13.5,0.000,0.010,0.00,0.000,0.6,2.3,0.6,114,10,0.8,2.8,0.7,116,15,0.8,2.8,0.7,116,15,0,28.19,0.0,0,0,0,36.7,41.4,44.0,0.17,0.24,0.10
CLAR,2019-11-08 22:30:00 EST,41.97920,-74.51710,1915,19.2,19.2,19.2,78.7,13.7,0.000,0.010,0.00,0.000,0.8,2.4,0.8,111,14,1.2,3.0,0.8,116,31,1.2,3.0,0.8,116,31,0,28.19,0.0,0,0,0,36.6,41.4,44.1,0.17,0.24,0.10
CLAR,2019-11-08 22:35:00 EST,41.97920,-74.51710,1915,19.0,19.1,19.0,78.3,13.4,0.000,0.010,0.00,0.000,1.1,4.7,1.3,97,27,1.5,4.8,1.3,86,40,1.5,4.8,1.3,86,40,0,28.19,0.1,0,0,0,36.6,41.3,44.1,0.17,0.24,0.10
CLAR,2019-11-08 22:40:00 EST,41.97920,-74.51710,1915,19.0,19.1,14.6,77.8,13.2,0.000,0.010,0.00,0.000,2.4,4.3,0.7,29,43,3.0,5.0,0.8,26,43,3.0,5.0,0.8,26,43,0,28.19,0.0,0,0,0,36.6,41.3,44.1,0.17,0.25,0.10
CLAR,2019-11-08 22:45:00 EST,41.97920,-74.51710,1915,18.8,18.9,18.8,79.5,13.5,0.000,0.010,0.00,0.000,1.8,3.4,0.6,351,16,2.3,4.6,0.8,350,17,2.3,4.6,0.8,350,17,0,28.19,0.0,0,0,0,36.5,41.3,44.0,0.17,0.24,0.10
CLAR,2019-11-08 22:50:00 EST,41.97920,-74.51710,1915,18.8,19.0,18.8,78.9,13.4,0.000,0.010,0.00,0.000,1.7,3.5,0.7,9,25,2.0,4.0,0.8,9,24,2.0,4.0,0.8,9,24,0,28.19,0.0,0,0,0,36.5,41.3,44.0,0.17,0.24,0.10
CLAR,2019-11-08 22:55:00 EST,41.97920,-74.51710,1915,18.8,19.0,13.6,79.0,13.4,0.000,0.010,0.00,0.000,3.0,5.0,0.8,11,18,3.5,5.3,0.7,11,14,3.5,5.3,0.7,11,14,0,28.19,-0.0,0,0,0,36.5,41.3,44.0,0.17,0.24,0.10
CLAR,2019-11-08 23:00:00 EST,41.97920,-74.51710,1915,18.5,18.8,12.5,80.1,13.4,0.000,0.010,0.00,0.000,3.4,5.4,1.1,16,13,4.0,6.6,1.2,15,15,4.0,6.6,1.2,15,15,0,28.19,0.0,0,0,0,36.5,41.3,44.0,0.17,0.25,0.10
CLAR,2019-11-08 23:05:00 EST,41.97920,-74.51710,1915,18.8,18.9,11.0,79.7,13.6,0.000,0.010,0.00,0.000,5.0,6.6,0.7,17,12,5.6,7.8,0.9,18,12,5.6,7.8,0.9,18,12,0,28.19,0.0,0,0,0,36.5,41.3,44.0,0.17,0.24,0.10
CLAR,2019-11-08 23:10:00 EST,41.97920,-74.51710,1915,18.7,18.8,11.9,79.6,13.5,0.000,0.010,0.00,0.000,4.1,6.1,0.8,14,15,4.7,7.2,1.1,14,10,4.7,7.2,1.1,14,10,0,28.19,0.0,0,0,0,36.4,41.3,43.9,0.17,0.24,0.10
CLAR,2019-11-08 23:15:00 EST,41.97920,-74.51710,1915,18.7,18.8,11.9,79.2,13.4,0.000,0.010,0.00,0.000,4.3,6.4,0.8,7,16,4.7,7.3,1.0,7,12,4.7,7.3,1.0,7,12,0,28.18,0.0,0,0,0,36.3,41.2,43.9,0.17,0.24,0.10
CLAR,2019-11-08 23:20:00 EST,41.97920,-74.51710,1915,18.7,18.7,11.0,79.0,13.3,0.000,0.010,0.00,0.000,4.8,9.1,1.4,31,25,5.4,11.2,1.7,34,25,5.4,11.2,1.7,34,25,0,28.18,0.1,0,0,0,36.3,41.2,43.9,0.17,0.24,0.10
CLAR,2019-11-08 23:25:00 EST,41.97920,-74.51710,1915,18.8,18.8,13.5,79.7,13.6,0.000,0.010,0.00,0.000,3.0,6.5,1.3,71,25,3.6,8.1,1.5,69,26,3.6,8.1,1.5,69,26,0,28.18,0.0,0,0,0,36.3,41.2,43.9,0.17,0.24,0.10
CLAR,2019-11-08 23:30:00 EST,41.97920,-74.51710,1915,18.8,18.8,14.0,81.1,13.9,0.000,0.010,0.00,0.000,2.8,4.4,0.8,74,23,3.2,5.2,1.0,75,22,3.2,5.2,1.0,75,22,0,28.18,0.0,0,0,0,36.3,41.2,43.9,0.17,0.24,0.10
CLAR,2019-11-08 23:35:00 EST,41.97920,-74.51710,1915,18.6,18.8,18.6,80.9,13.7,0.000,0.010,0.00,0.000,1.8,3.9,0.8,72,30,2.1,5.9,0.9,70,33,2.1,5.9,0.9,70,33,0,28.18,-0.1,0,0,0,36.3,41.2,43.9,0.17,0.24,0.10
CLAR,2019-11-08 23:40:00 EST,41.97920,-74.51710,1915,18.2,18.5,18.2,81.2,13.4,0.000,0.010,0.00,0.000,2.0,3.9,0.9,27,33,2.5,5.2,1.0,23,36,2.5,5.2,1.0,23,36,0,28.18,0.1,0,0,0,36.3,41.2,43.9,0.17,0.24,0.10
CLAR,2019-11-08 23:45:00 EST,41.97920,-74.51710,1915,18.6,18.7,18.6,80.0,13.5,0.000,0.010,0.00,0.000,1.1,3.9,1.0,86,35,1.6,4.2,1.0,76,48,1.6,4.2,1.0,76,48,0,28.18,-0.0,0,0,0,36.3,41.2,43.9,0.17,0.24,0.10
CLAR,2019-11-08 23:50:00 EST,41.97920,-74.51710,1915,17.8,18.5,17.8,81.5,13.1,0.000,0.010,0.00,0.000,1.1,3.7,0.9,136,34,1.6,4.4,1.0,139,44,1.6,4.4,1.0,139,44,0,28.19,0.0,0,0,0,36.3,41.2,43.9,0.17,0.24,0.10
CLAR,2019-11-08 23:55:00 EST,41.97920,-74.51710,1915,18.2,18.8,18.2,82.4,13.8,0.000,0.010,0.00,0.000,1.7,5.3,1.2,72,20,2.2,6.7,1.2,74,27,2.2,6.7,1.2,74,27,0,28.19,0.1,0,0,0,36.3,41.1,43.9,0.17,0.24,0.10
CLIF,2019-11-08 00:00:00 EST,43.01479,-77.18518,628,28.3,27.7,23.8,98.6,28.0,0.002,0.154,0.00,0.009,3.4,6.0,0.9,272,10,4.0,7.3,1.0,278,10,4.0,7.3,1.0,278,10,0,29.45,-0.2,0,0,0,43.0,46.9,48.4,0.30,0.22,0.27
CLIF,2019-11-08 00:05:00 EST,43.01479,-77.18518,628,28.3,27.6,22.0,98.8,28.0,0.004,0.004,0.00,0.013,5.0,8.4,1.4,262,9,5.8,9.3,1.6,269,8,5.8,9.3,1.6,269,8,0,29.45,-0.2,0,0,0,43.0,46.9,48.4,0.30,0.22,0.27
CLIF,2019-11-08 00:10:00 EST,43.01479,-77.18518,628,28.2,27.6,21.3,98.8,27.9,0.004,0.007,0.00,0.017,5.6,9.0,1.2,270,10,6.4,11.3,1.4,276,9,6.4,11.3,1.4,276,9,0,29.45,0.0,0,0,0,43.0,46.9,48.4,0.30,0.22,0.27
CLIF,2019-11-08 00:15:00 EST,43.01479,-77.18518,628,28.2,27.6,21.2,99.0,27.9,0.003,0.011,0.00,0.020,5.4,8.5,1.5,271,10,6.6,10.5,1.8,278,8,6.6,10.5,1.8,278,8,0,29.45,-0.3,0,0,0,43.0,46.9,48.4,0.31,0.22,0.27
CLIF,2019-11-08 00:20:00 EST,43.01479,-77.18518,628,28.1,27.5,21.0,99.1,27.9,0.005,0.015,0.00,0.024,5.6,9.1,1.4,272,15,6.8,11.4,1.8,278,12,6.8,11.4,1.8,278,12,0,29.45,0.1,0,0,0,43.0,46.9,48.4,0.31,0.22,0.27
CLIF,2019-11-08 00:25:00 EST,43.01479,-77.18518,628,28.1,27.5,22.2,99.2,27.9,0.005,0.020,0.00,0.029,4.7,6.7,0.9,279,13,5.3,7.9,1.0,285,12,5.3,7.9,1.0,285,12,0,29.45,0.4,0,0,0,43.0,46.9,48.4,0.30,0.22,0.27
CLIF,2019-11-08 00:30:00 EST,43.01479,-77.18518,628,28.1,27.5,20.6,99.2,27.9,0.001,0.021,0.00,0.030,5.9,9.1,1.3,272,12,7.1,11.4,1.7,278,10,7.1,11.4,1.7,278,10,0,29.45,0.4,0,0,0,43.0,46.8,48.4,0.31,0.22,0.27
CLIF,2019-11-08 00:35:00 EST,43.01479,-77.18518,628,28.1,27.5,21.4,99.3,28.0,0.004,0.025,0.00,0.034,5.2,7.1,0.8,277,13,6.2,9.1,1.2,283,11,6.2,9.1,1.2,283,11,0,29.45,0.2,0,0,0,43.0,46.8,48.4,0.31,0.22,0.27
CLIF,2019-11-08 00:40:00 EST,43.01479,-77.18518,628,28.1,27.5,21.6,99.4,28.0,0.003,0.028,0.00,0.037,5.3,8.2,1.2,285,9,6.0,10.1,1.4,290,8,6.0,10.1,1.4,290,8,0,29.45,0.3,0,0,0,43.0,46.8,48.4,0.31,0.22,0.27
CLIF,2019-11-08 00:45:00 EST,43.01479,-77.18518,628,28.1,27.5,21.7,99.4,28.0,0.001,0.030,0.00,0.039,5.1,7.1,0.9,284,11,5.9,8.7,1.1,289,9,5.9,8.7,1.1,289,9,0,29.45,0.0,0,0,0,43.0,46.8,48.4,0.31,0.22,0.27
CLIF,2019-11-08 00:50:00 EST,43.01479,-77.18518,628,28.1,27.6,22.9,99.5,28.0,0.006,0.035,0.00,0.040,4.2,6.7,0.8,284,13,4.6,8.4,1.2,290,12,4.6,8.4,1.2,290,12,0,29.45,-0.6,0,0,0,43.0,46.8,48.4,0.30,0.22,0.27
CLIF,2019-11-08 00:55:00 EST,43.01479,-77.18518,628,28.2,27.6,24.8,99.6,28.1,0.006,0.041,0.00,0.043,2.9,5.2,0.7,288,12,3.2,6.5,1.0,295,12,3.2,6.5,1.0,295,12,0,29.45,0.8,0,0,0,43.0,46.8,48.4,0.30,0.22,0.27
CLIF,2019-11-08 01:00:00 EST,43.01479,-77.18518,628,28.2,27.6,22.7,99.6,28.1,0.002,0.043,0.00,0.043,4.4,6.4,0.8,283,9,4.9,7.4,1.0,288,8,4.9,7.4,1.0,288,8,0,29.45,0.5,0,0,0,43.0,46.8,48.4,0.30,0.22,0.27
CLIF,2019-11-08 01:05:00 EST,43.01479,-77.18518,628,28.2,27.6,24.3,99.6,28.1,0.005,0.047,0.00,0.044,3.2,5.7,0.9,284,11,3.5,6.7,1.1,289,12,3.5,6.7,1.1,289,12,0,29.44,,0,0,0,42.9,46.8,48.4,0.30,0.22,0.27
CLIF,2019-11-08 01:10:00 EST,43.01479,-77.18518,628,28.1,27.6,22.2,99.7,28.1,0.001,0.048,0.00,0.041,4.6,6.8,1.0,280,12,5.4,8.4,1.5,285,10,5.4,8.4,1.5,285,10,0,29.45,0.7,0,0,0,42.9,46.8,48.4,0.30,0.22,0.27
CLIF,2019-11-08 01:15:00 EST,43.01479,-77.18518,628,28.0,27.5,22.8,99.6,28.0,0.000,0.048,0.00,0.038,4.0,5.9,0.8,282,14,4.7,8.1,1.3,286,13,4.7,8.1,1.3,286,13,0,29.45,-0.3,0,0,0,42.9,46.8,48.4,0.30,0.22,0.27
CLIF,2019-11-08 01:20:00 EST,43.01479,-77.18518,628,27.8,27.4,21.2,99.6,27.7,0.000,0.048,0.00,0.033,5.1,7.7,1.0,275,10,6.1,9.8,1.4,281,8,6.1,9.8,1.4,281,8,0,29.45,-0.3,0,0,0,42.9,46.8,48.4,0.30,0.22,0.27
CLIF,2019-11-08 01:25:00 EST,43.01479,-77.18518,628,27.8,27.3,21.7,99.6,27.6,0.000,0.048,0.00,0.028,4.6,6.9,0.9,271,10,5.4,8.0,1.2,278,10,5.4,8.0,1.2,278,10,0,29.45,-0.2,0,0,0,42.8,46.8,48.4,0.30,0.22,0.27
CLIF,2019-11-08 01:30:00 EST,43.01479,-77.18518,628,27.6,27.3,21.5,99.6,27.5,0.000,0.048,0.00,0.027,4.6,8.5,1.8,273,11,5.5,11.6,2.2,278,10,5.5,11.6,2.2,278,10,0,29.45,0.2,0,0,0,42.8,46.8,48.4,0.30,0.22,0.27
CLIF,2019-11-08 01:35:00 EST,43.01479,-77.18518,628,27.6,27.2,21.5,99.6,27.5,0.000,0.048,0.00,0.023,4.6,7.7,1.2,272,10,5.4,9.7,1.5,278,9,5.4,9.7,1.5,278,9,0,29.45,0.2,0,0,0,42.8,46.8,48.4,0.30,0.22,0.27
CLIF,2019-11-08 01:40:00 EST,43.01479,-77.18518,628,27.5,27.1,22.0,99.6,27.4,0.000,0.048,0.00,0.020,4.0,6.5,1.1,274,9,4.8,8.2,1.3,280,9,4.8,8.2,1.3,280,9,0,29.45,0.4,0,0,0,42.8,46.8,48.4,0.30,0.22,0.27
CLIF,2019-11-08 01:45:00 EST,43.01479,-77.18518,628,27.5,27.2,21.3,99.7,27.4,0.000,0.048,0.00,0.019,4.7,8.2,1.0,270,8,5.6,9.7,1.3,277,7,5.6,9.7,1.3,277,7,0,29.45,0.3,0,0,0,42.8,46.8,48.4,0.30,0.22,0.27
CLIF,2019-11-08 01:50:00 EST,43.01479,-77.18518,628,27.4,27.1,20.4,99.7,27.3,0.000,0.048,0.00,0.013,5.4,8.6,1.2,268,8,6.4,10.2,1.5,274,8,6.4,10.2,1.5,274,8,0,29.45,0.6,0,0,0,42.8,46.8,48.4,0.30,0.22,0.27
CLIF,2019-11-08 01:55:00 EST,43.01479,-77.18518,628,27.5,27.1,19.1,99.7,27.4,0.000,0.048,0.00,0.007,6.9,9.5,1.3,273,10,8.3,11.7,1.6,279,8,8.3,11.7,1.6,279,8,0,29.45,0.6,0,0,0,42.8,46.8,48.4,0.30,0.22,0.27
CLIF,2019-11-08 02:00:00 EST,43.01479,-77.18518,628,27.5,27.1,20.5,99.8,27.4,0.000,0.048,0.00,0.006,5.4,7.3,1.0,268,10,6.4,9.3,1.2,275,9,6.4,9.3,1.2,275,9,0,29.45,0.8,0,0,0,42.8,46.8,48.4,0.30,0.22,0.27
CLIF,2019-11-08 02:05:00 EST,43.01479,-77.18518,628,27.6,27.1,20.1,99.8,27.5,0.000,0.048,0.00,0.001,6.0,8.9,1.3,275,12,7.0,11.2,1.7,281,9,7.0,11.2,1.7,281,9,0,29.45,0.7,0,0,0,42.8,46.8,48.4,0.30,0.22,0.27
CLIF,2019-11-08 02:10:00 EST,43.01479,-77.18518,628,27.7,27.2,19.0,99.8,27.7,0.000,0.048,0.00,0.000,7.6,9.9,1.2,272,10,8.9,13.2,1.7,278,8,8.9,13.2,1.7,278,8,0,29.45,0.7,0,0,0,42.8,46.8,48.4,0.30,0.22,0.27
CLIF,2019-11-08 02:15:00 EST,43.01479,-77.18518,628,27.7,27.2,19.8,99.8,27.7,0.000,0.048,0.00,0.000,6.5,10.4,1.6,271,10,7.7,13.2,1.9,276,9,7.7,13.2,1.9,276,9,0,29.45,0.7,0,0,0,42.8,46.8,48.3,0.30,0.22,0.27
CLIF,2019-11-08 02:20:00 EST,43.01479,-77.18518,628,27.7,27.2,21.0,99.8,27.7,0.000,0.048,0.00,0.000,5.5,8.3,1.0,282,11,6.1,9.8,1.3,287,11,6.1,9.8,1.3,287,11,0,29.45,0.7,0,0,0,42.8,46.8,48.4,0.30,0.22,0.27
CLIF,2019-11-08 02:25:00 EST,43.01479,-77.18518,628,27.8,27.3,20.7,99.8,27.7,0.000,0.048,0.00,0.000,5.6,9.9,1.3,278,10,6.5,11.6,1.6,283,8,6.5,11.6,1.6,283,8,0,29.45,0.6,0,0,0,42.8,46.8,48.3,0.30,0.22,0.27
CLIF,2019-11-08 02:30:00 EST,43.01479,-77.18518,628,27.8,27.3,21.2,99.8,27.8,0.000,0.048,0.00,0.000,5.4,9.2,1.5,280,11,6.1,10.2,1.8,285,11,6.1,10.2,1.8,285,11,0,29.45,0.5,0,0,0,42.8,46.8,48.2,0.30,0.22,0.27
CLIF,2019-11-08 02:35:00 EST,43.01479,-77.18518,628,27.9,27.4,21.1,99.8,27.8,0.000,0.048,0.00,0.000,5.7,8.6,1.1,283,14,6.3,10.4,1.4,289,13,6.3,10.4,1.4,289,13,0,29.46,0.5,0,0,0,42.8,46.8,48.3,0.30,0.22,0.27
CLIF,2019-11-08 02:40:00 EST,43.01479,-77.18518,628,27.9,27.4,21.6,99.8,27.9,0.000,0.048,0.00,0.000,5.1,7.5,0.9,285,11,5.7,8.6,1.2,290,11,5.7,8.6,1.2,290,11,0,29.46,0.5,0,0,0,42.8,46.8,48.3,0.30,0.22,0.27
CLIF,2019-11-08 02:45:00 EST,43.01479,-77.18518,628,27.9,27.5,22.2,99.7,27.9,0.000,0.048,0.00,0.000,5.0,7.2,1.1,295,15,5.1,9.0,1.1,302,16,5.1,9.0,1.1,302,16,0,29.46,0.4,0,0,0,42.8,46.8,48.3,0.30,0.22,0.27
CLIF,2019-11-08 02:50:00 EST,43.01479,-77.18518,628,27.9,27.5,22.4,99.7,27.9,0.000,0.048,0.00,0.000,4.7,7.2,1.0,290,11,4.9,8.0,1.2,295,11,4.9,8.0,1.2,295,11,0,29.46,0.4,0,0,0,42.8,46.8,48.2,0.30,0.22,0.27
CLIF,2019-11-08 02:55:00 EST,43.01479,-77.18518,628,27.9,27.5,21.9,99.7,27.8,0.000,0.048,0.00,0.000,5.3,7.4,0.9,289,9,5.4,8.4,1.2,296,10,5.4,8.4,1.2,296,10,0,29.46,0.2,0,0,0,42.8,46.8,48.3,0.30,0.22,0.27
CLIF,2019-11-08 03:00:00 EST,43.01479,-77.18518,628,27.8,27.5,22.6,99.6,27.8,0.000,0.048,0.00,0.000,4.2,6.7,1.1,289,14,4.6,8.4,1.3,293,14,4.6,8.4,1.3,293,14,0,29.46,-0.1,0,0,0,42.8,46.8,48.3,0.30,0.22,0.27
CLIF,2019-11-08 03:05:00 EST,43.01479,-77.18518,628,27.8,27.4,21.9,99.5,27.7,0.000,0.048,0.00,0.000,5.3,9.8,1.6,297,14,5.2,9.1,1.3,302,17,5.2,9.1,1.3,302,17,0,29.46,-0.1,0,0,0,42.8,46.8,48.2,0.30,0.22,0.27
CLIF,2019-11-08 03:10:00 EST,43.01479,-77.18518,628,27.7,27.4,23.4,99.4,27.6,0.000,0.048,0.00,0.000,3.8,7.0,0.8,298,14,3.8,6.2,0.9,304,15,3.8,6.2,0.9,304,15,0,29.46,-0.1,0,0,0,42.8,46.8,48.2,0.30,0.22,0.27
CLIF,2019-11-08 03:15:00 EST,43.01479,-77.18518,628,27.6,27.3,23.5,99.3,27.4,0.000,0.048,0.00,0.000,3.7,6.1,1.0,311,15,3.6,6.6,1.0,319,16,3.6,6.6,1.0,319,16,0,29.46,0.0,0,0,0,42.8,46.8,48.2,0.30,0.22,0.27
CLIF,2019-11-08 03:20:00 EST,43.01479,-77.18518,628,27.4,27.1,23.4,99.2,27.2,0.000,0.048,0.00,0.000,3.5,6.9,1.2,310,14,3.5,6.9,1.3,318,15,3.5,6.9,1.3,318,15,0,29.46,0.8,0,0,0,42.8,46.8,48.2,0.30,0.22,0.27
CLIF,2019-11-08 03:25:00 EST,43.01479,-77.18518,628,27.2,26.9,23.4,99.1,26.9,0.000,0.048,0.00,0.000,3.2,6.5,1.0,314,18,3.3,6.6,1.1,324,18,3.3,6.6,1.1,324,18,0,29.46,0.7,0,0,0,42.8,46.7,48.2,0.30,0.22,0.27
CLIF,2019-11-08 03:30:00 EST,43.01479,-77.18518,628,27.2,26.9,21.3,98.9,26.9,0.000,0.048,0.00,0.000,5.3,9.0,1.6,314,14,5.1,8.5,1.4,324,15,5.1,8.5,1.4,324,15,0,29.46,0.6,0,0,0,42.8,46.8,48.2,0.30,0.22,0.27
CLIF,2019-11-08 03:35:00 EST,43.01479,-77.18518,628,27.1,26.8,21.9,98.8,26.8,0.000,0.048,0.00,0.000,4.4,6.7,0.9,313,15,4.5,7.9,1.1,321,16,4.5,7.9,1.1,321,16,0,29.47,0.7,0,0,0,42.7,46.7,48.2,0.30,0.22,0.27
CLIF,2019-11-08 03:40:00 EST,43.01479,-77.18518,628,26.9,26.6,22.2,98.6,26.5,0.000,0.048,0.00,0.000,4.0,6.9,1.2,312,11,4.0,8.4,1.2,322,11,4.0,8.4,1.2,322,11,0,29.47,0.7,0,0,0,42.8,46.7,48.2,0.30,0.22,0.27
CLIF,2019-11-08 03:45:00 EST,43.01479,-77.18518,628,26.7,26.4,22.2,98.4,26.3,0.000,0.048,0.00,0.000,3.7,5.3,0.7,310,12,3.7,6.4,0.9,320,15,3.7,6.4,0.9,320,15,0,29.47,0.7,0,0,0,42.6,46.6,48.2,0.30,0.22,0.27
CLIF,2019-11-08 03:50:00 EST,43.01479,-77.18518,628,26.6,26.3,22.5,98.3,26.2,0.000,0.048,0.00,0.000,3.7,5.3,0.8,306,15,3.5,5.6,0.8,315,17,3.5,5.6,0.8,315,17,0,29.47,0.6,0,0,0,42.6,46.6,48.2,0.30,0.22,0.27
CLIF,2019-11-08 03:55:00 EST,43.01479,-77.18518,628,26.5,26.2,21.8,98.3,26.1,0.000,0.048,0.00,0.000,4.1,6.9,1.1,303,13,4.0,6.5,0.9,312,13,4.0,6.5,0.9,312,13,0,29.47,0.5,0,0,0,42.7,46.6,48.2,0.30,0.22,0.27
CLIF,2019-11-08 04:00:00 EST,43.01479,-77.18518,628,26.6,26.1,22.6,98.3,26.2,0.000,0.048,0.00,0.000,3.3,5.8,0.9,309,19,3.4,6.0,0.9,317,20,3.4,6.0,0.9,317,20,0,29.47,0.4,0,0,0,42.6,46.6,48.2,0.30,0.22,0.27
CLIF,2019-11-08 04:05:00 EST,43.01479,-77.18518,628,26.7,26.3,20.7,98.2,26.3,0.000,0.048,0.00,0.000,5.0,10.0,1.9,315,17,5.1,10.2,2.0,324,18,5.1,10.2,2.0,324,18,0,29.47,0.3,0,0,0,42.6,46.6,48.2,0.30,0.22,0.27
CLIF,2019-11-08 04:10:00 EST,43.01479,-77.18518,628,26.8,26.3,19.8,97.9,26.3,0.000,0.048,0.00,0.000,6.1,12.3,2.1,311,17,6.2,12.9,2.1,319,18,6.2,12.9,2.1,319,18,0,29.47,0.1,0,0,0,42.6,46.6,48.2,0.30,0.22,0.27
CLIF,2019-11-08 04:15:00 EST,43.01479,-77.18518,628,26.8,26.4,19.4,97.5,26.2,0.000,0.048,0.00,0.000,6.3,8.9,1.2,319,21,6.8,10.8,1.6,329,19,6.8,10.8,1.6,329,19,0,29.47,0.2,0,0,0,42.6,46.6,48.2,0.30,0.22,0.27
CLIF,2019-11-08 04:20:00 EST,43.01479,-77.18518,628,26.8,26.4,20.3,97.1,26.1,0.000,0.048,0.00,0.000,5.7,9.5,1.6,308,15,5.7,9.2,1.5,316,15,5.7,9.2,1.5,316,15,0,29.48,0.1,0,0,0,42.6,46.6,48.2,0.30,0.22,0.27
CLIF,2019-11-08 04:25:00 EST,43.01479,-77.18518,628,26.7,26.2,21.2,97.0,25.9,0.000,0.048,0.00,0.000,4.4,11.3,2.3,304,17,4.6,10.9,2.3,312,17,4.6,10.9,2.3,312,17,0,29.48,0.1,0,0,0,42.6,46.6,48.2,0.30,0.22,0.27
CLIF,2019-11-08 04:30:00 EST,43.01479,-77.18518,628,26.7,26.3,19.1,96.8,26.0,0.000,0.048,0.00,0.000,6.7,10.6,1.7,319,15,7.1,12.0,1.8,328,16,7.1,12.0,1.8,328,16,0,29.48,-0.1,0,0,0,42.6,46.6,48.2,0.30,0.22,0.27
CLIF,2019-11-08 04:35:00 EST,43.01479,-77.18518,628,26.7,26.2,19.0,96.5,25.8,0.000,0.048,0.00,0.000,6.4,11.3,1.8,328,17,7.0,14.6,2.2,337,17,7.0,14.6,2.2,337,17,0,29.48,-0.3,0,0,0,42.6,46.6,48.2,0.30,0.22,0.27
CLIF,2019-11-08 04:40:00 EST,43.01479,-77.18518,628,26.2,25.7,18.2,96.4,25.3,0.000,0.048,0.00,0.000,6.5,10.3,1.9,330,20,7.3,13.5,2.2,340,15,7.3,13.5,2.2,340,15,0,29.48,-0.3,0,0,0,42.6,46.6,48.2,0.30,0.22,0.27
CLIF,2019-11-08 04:45:00 EST,43.01479,-77.18518,628,26.1,25.6,19.6,96.8,25.3,0.000,0.048,0.00,0.000,4.7,9.5,1.7,319,22,5.5,10.9,2.0,328,22,5.5,10.9,2.0,328,22,0,29.48,-0.3,0,0,0,42.6,46.6,48.2,0.30,0.22,0.27
CLIF,2019-11-08 04:50:00 EST,43.01479,-77.18518,628,26.2,25.7,18.3,97.1,25.4,0.000,0.048,0.00,0.000,6.6,11.3,1.8,317,18,7.2,14.5,2.2,327,18,7.2,14.5,2.2,327,18,0,29.48,-0.3,0,0,0,42.6,46.6,48.2,0.30,0.22,0.27
CLIF,2019-11-08 04:55:00 EST,43.01479,-77.18518,628,26.1,25.6,17.2,97.1,25.4,0.000,0.048,0.00,0.000,8.2,13.2,2.1,308,16,8.6,14.9,2.0,317,17,8.6,14.9,2.0,317,17,0,29.49,-0.4,0,0,0,42.6,46.6,48.2,0.30,0.22,0.27
CLIF,2019-11-08 05:00:00 EST,43.01479,-77.18518,628,26.0,25.6,18.1,97.0,25.2,0.000,0.048,0.00,0.000,7.1,13.0,2.0,306,11,7.1,12.4,1.7,314,11,7.1,12.4,1.7,314,11,0,29.49,-0.3,0,0,0,42.6,46.6,48.2,0.30,0.22,0.27
CLIF,2019-11-08 05:05:00 EST,43.01479,-77.18518,628,26.0,25.6,18.9,97.2,25.4,0.000,0.048,0.00,0.000,6.2,10.5,1.6,303,16,6.3,10.7,1.7,310,16,6.3,10.7,1.7,310,16,0,29.49,-0.2,0,0,0,42.5,46.6,48.2,0.30,0.22,0.27
CLIF,2019-11-08 05:10:00 EST,43.01479,-77.18518,628,26.0,25.6,19.3,97.3,25.4,0.003,0.052,0.00,0.003,5.5,10.6,1.6,294,16,5.9,10.2,1.5,299,14,5.9,10.2,1.5,299,14,0,29.49,-0.1,0,0,0,42.6,46.6,48.2,0.30,0.22,0.27
CLIF,2019-11-08 05:15:00 EST,43.01479,-77.18518,628,26.1,25.7,17.6,97.3,25.5,0.000,0.052,0.00,0.003,7.8,11.6,1.9,291,11,8.1,14.4,2.0,297,11,8.1,14.4,2.0,297,11,0,29.49,-0.1,0,0,0,42.5,46.6,48.2,0.30,0.22,0.27
CLIF,2019-11-08 05:20:00 EST,43.01479,-77.18518,628,26.2,25.7,17.3,97.3,25.5,0.000,0.052,0.00,0.003,7.9,11.1,1.2,285,11,8.7,11.4,1.3,290,9,8.7,11.4,1.3,290,9,0,29.49,-0.2,0,0,0,42.5,46.6,48.2,0.30,0.22,0.27
CLIF,2019-11-08 05:25:00 EST,43.01479,-77.18518,628,26.1,25.6,17.1,97.2,25.4,0.000,0.052,0.00,0.003,7.8,12.3,1.8,281,13,8.8,15.1,2.3,286,12,8.8,15.1,2.3,286,12,0,29.49,0.6,0,0,0,42.5,46.6,48.2,0.30,0.22,0.27
CLIF,2019-11-08 05:30:00 EST,43.01479,-77.18518,628,26.1,25.7,17.1,97.0,25.4,0.000,0.052,0.00,0.003,8.1,13.5,2.0,285,13,8.8,16.0,2.3,290,11,8.8,16.0,2.3,290,11,0,29.50,1.0,0,0,0,42.4,46.6,48.2,0.30,0.22,0.27
CLIF,2019-11-08 05:35:00 EST,43.01479,-77.18518,628,26.1,25.7,17.2,96.9,25.4,0.000,0.052,0.00,0.003,7.9,13.2,2.4,286,12,8.7,14.8,2.9,291,11,8.7,14.8,2.9,291,11,0,29.50,0.9,0,0,0,42.4,46.6,48.2,0.30,0.22,0.27
CLIF,2019-11-08 05:40:00 EST,43.01479,-77.18518,628,26.2,25.8,16.9,96.7,25.4,0.000,0.052,0.00,0.003,8.5,14.0,1.7,283,11,9.3,15.1,1.8,289,9,9.3,15.1,1.8,289,9,0,29.50,0.6,0,0,0,42.4,46.6,48.2,0.30,0.22,0.27
CLIF,2019-11-08 05:45:00 EST,43.01479,-77.18518,628,26.2,25.9,17.0,96.4,25.4,0.000,0.052,0.00,0.003,8.6,13.6,1.9,288,10,9.3,15.1,2.3,293,9,9.3,15.1,2.3,293,9,0,29.50,0.4,0,0,0,42.4,46.6,48.2,0.30,0.22,0.27
CLIF,2019-11-08 05:50:00 EST,43.01479,-77.18518,628,26.2,25.8,16.4,96.0,25.2,0.000,0.052,0.00,0.003,9.2,14.5,1.9,283,10,10.3,16.4,2.5,289,9,10.3,16.4,2.5,289,9,0,29.50,0.4,0,0,0,42.4,46.6,48.2,0.30,0.22,0.27
CLIF,2019-11-08 05:55:00 EST,43.01479,-77.18518,628,26.1,25.7,16.2,95.5,25.0,0.003,0.055,0.00,0.006,9.4,13.9,2.0,287,10,10.3,14.9,2.2,291,9,10.3,14.9,2.2,291,9,0,29.51,0.4,0,0,0,42.4,46.6,48.2,0.30,0.22,0.27
CLIF,2019-11-08 06:00:00 EST,43.01479,-77.18518,628,26.0,25.6,16.0,95.0,24.8,0.000,0.055,0.00,0.006,9.4,15.9,2.2,282,8,10.6,19.1,2.6,287,8,10.6,19.1,2.6,287,8,0,29.51,0.4,0,0,0,42.4,46.5,48.2,0.30,0.22,0.27
CLIF,2019-11-08 06:05:00 EST,43.01479,-77.18518,628,25.8,25.4,16.2,94.7,24.5,0.000,0.055,0.00,0.006,8.9,13.1,1.7,281,12,9.9,15.6,2.0,286,11,9.9,15.6,2.0,286,11,0,29.51,0.3,0,0,0,42.4,46.5,48.2,0.30,0.22,0.27
CLIF,2019-11-08 06:10:00 EST,43.01479,-77.18518,628,25.8,25.4,16.8,94.6,24.5,0.000,0.055,0.00,0.003,7.9,11.3,1.5,284,13,8.8,14.3,1.9,289,12,8.8,14.3,1.9,289,12,0,29.51,0.4,0,0,0,42.4,46.5,48.2,0.30,0.22,0.27
CLIF,2019-11-08 06:15:00 EST,43.01479,-77.18518,628,25.7,25.3,15.5,94.4,24.4,0.000,0.055,0.00,0.003,9.7,14.3,1.6,282,9,10.9,17.8,2.3,288,9,10.9,17.8,2.3,288,9,0,29.52,0.1,0,0,0,42.4,46.5,48.2,0.30,0.22,0.27
CLIF,2019-11-08 06:20:00 EST,43.01479,-77.18518,628,25.6,25.2,16.0,94.5,24.3,0.000,0.055,0.00,0.003,8.7,14.4,1.9,282,12,9.7,15.1,2.0,288,11,9.7,15.1,2.0,288,11,0,29.52,0.2,0,0,0,42.4,46.5,48.2,0.30,0.22,0.27
CLIF,2019-11-08 06:25:00 EST,43.01479,-77.18518,628,25.5,25.0,15.2,94.7,24.2,0.000,0.055,0.00,0.003,9.5,13.7,1.7,281,10,10.8,17.5,2.2,286,9,10.8,17.5,2.2,286,9,0,29.52,0.3,0,0,0,42.4,46.4,48.2,0.30,0.22,0.27
CLIF,2019-11-08 06:30:00 EST,43.01479,-77.18518,628,25.4,25.0,16.1,95.2,24.2,0.000,0.055,0.00,0.003,8.2,14.9,1.8,284,13,9.1,17.9,2.1,289,12,9.1,17.9,2.1,289,12,0,29.52,0.4,0,0,0,42.4,46.4,48.2,0.30,0.22,0.27
CLIF,2019-11-08 06:35:00 EST,43.01479,-77.18518,628,25.5,25.1,16.1,95.2,24.3,0.000,0.055,0.00,0.003,8.2,11.8,1.5,281,11,9.3,15.8,1.8,287,10,9.3,15.8,1.8,287,10,0,29.52,0.4,0,0,0,42.4,46.4,48.1,0.30,0.22,0.27
CLIF,2019-11-08 06:40:00 EST,43.01479,-77.18518,628,25.5,25.1,16.0,94.6,24.2,0.000,0.055,0.00,0.003,8.6,14.0,1.9,283,11,9.6,16.0,2.1,289,10,9.6,16.0,2.1,289,10,0,29.53,0.4,0,0,0,42.4,46.4,48.1,0.30,0.22,0.27
CLIF,2019-11-08 06:45:00 EST,43.01479,-77.18518,628,25.5,25.1,15.8,94.0,24.0,0.000,0.055,0.00,0.003,8.5,13.6,1.9,278,10,9.8,15.8,2.4,284,8,9.8,15.8,2.4,284,8,1,29.53,0.3,0,0,0,42.4,46.4,48.0,0.30,0.22,0.27
CLIF,2019-11-08 06:50:00 EST,43.01479,-77.18518,628,25.4,25.0,15.6,93.8,23.9,0.000,0.055,0.00,0.003,9.1,14.3,2.2,284,11,10.1,16.9,2.5,290,10,10.1,16.9,2.5,290,10,1,29.53,0.3,0,0,0,42.4,46.4,48.1,0.30,0.22,0.27
CLIF,2019-11-08 06:55:00 EST,43.01479,-77.18518,628,25.5,25.0,16.3,93.9,24.0,0.000,0.055,0.00,0.000,8.6,13.6,2.2,295,12,9.0,14.4,2.3,302,12,9.0,14.4,2.3,302,12,1,29.53,0.2,0,0,0,42.4,46.4,48.1,0.30,0.22,0.27
CLIF,2019-11-08 07:00:00 EST,43.01479,-77.18518,628,25.3,24.8,17.2,94.7,24.0,0.004,0.059,0.00,0.004,7.0,12.3,1.9,298,15,7.3,12.7,1.9,304,15,7.3,12.7,1.9,304,15,2,29.54,0.3,0,0,0,42.4,46.4,48.0,0.30,0.22,0.27
CLIF,2019-11-08 07:05:00 EST,43.01479,-77.18518,628,25.1,24.6,17.1,95.5,24.0,0.001,0.059,0.00,0.005,6.7,11.1,1.6,290,12,7.2,13.3,1.6,295,11,7.2,13.3,1.6,295,11,3,29.54,0.3,0,0,0,42.4,46.4,48.0,0.30,0.22,0.27
CLIF,2019-11-08 07:10:00 EST,43.01479,-77.18518,628,25.1,24.5,17.0,96.0,24.1,0.000,0.059,0.00,0.005,6.7,10.2,1.5,287,13,7.3,12.2,1.7,293,12,7.3,12.2,1.7,293,12,5,29.54,0.1,0,0,0,42.4,46.4,48.0,0.30,0.22,0.27
CLIF,2019-11-08 07:15:00 EST,43.01479,-77.18518,628,25.1,24.6,17.5,96.2,24.2,0.000,0.059,0.00,0.005,6.3,9.8,1.5,294,13,6.6,10.9,1.5,301,13,6.6,10.9,1.5,301,13,6,29.55,-0.1,0,0,0,42.4,46.4,48.0,0.30,0.22,0.27
CLIF,2019-11-08 07:20:00 EST,43.01479,-77.18518,628,25.1,24.6,17.3,96.2,24.2,0.000,0.059,0.00,0.005,6.5,10.7,1.8,316,18,7.0,11.4,1.8,324,18,7.0,11.4,1.8,324,18,6,29.55,-0.1,0,0,0,42.4,46.4,48.0,0.30,0.22,0.27
CLIF,2019-11-08 07:25:00 EST,43.01479,-77.18518,628,24.8,24.3,15.7,96.0,23.9,0.005,0.065,0.00,0.010,8.0,14.4,2.6,323,20,8.7,17.4,2.9,331,19,8.7,17.4,2.9,331,19,9,29.55,-0.3,0,0,0,42.4,46.4,48.0,0.30,0.22,0.27
CLIF,2019-11-08 07:30:00 EST,43.01479,-77.18518,628,24.7,24.1,15.9,96.2,23.7,0.001,0.065,0.00,0.011,7.8,11.3,1.9,304,16,8.0,12.3,1.9,311,15,8.0,12.3,1.9,311,15,16,29.55,-0.2,0,0,0,42.4,46.4,48.0,0.30,0.22,0.27
CLIF,2019-11-08 07:35:00 EST,43.01479,-77.18518,628,24.8,24.3,17.7,96.7,24.0,0.001,0.066,0.00,0.011,5.6,11.4,1.8,310,15,6.0,11.2,1.8,317,17,6.0,11.2,1.8,317,17,19,29.55,-0.4,0,0,0,42.4,46.4,48.0,0.30,0.22,0.27
CLIF,2019-11-08 07:40:00 EST,43.01479,-77.18518,628,24.8,24.3,16.4,96.5,24.0,0.000,0.066,0.00,0.011,7.5,12.9,2.3,308,17,7.7,12.2,2.2,316,16,7.7,12.2,2.2,316,16,27,29.56,0.5,0,0,0,42.4,46.4,48.0,0.30,0.22,0.27
CLIF,2019-11-08 07:45:00 EST,43.01479,-77.18518,628,24.9,24.3,16.5,96.4,24.0,0.000,0.066,0.00,0.011,7.3,13.2,2.6,299,14,7.6,13.0,2.4,305,14,7.6,13.0,2.4,305,14,28,29.56,0.2,0,0,0,42.4,46.4,48.0,0.30,0.22,0.27
CLIF,2019-11-08 07:50:00 EST,43.01479,-77.18518,628,24.9,24.4,16.2,96.0,23.9,0.000,0.066,0.00,0.011,7.8,14.7,2.2,295,15,8.1,16.0,2.3,301,14,8.1,16.0,2.3,301,14,31,29.56,0.7,0,0,0,42.4,46.4,48.0,0.30,0.22,0.27
CLIF,2019-11-08 07:55:00 EST,43.01479,-77.18518,628,25.0,24.5,16.7,95.8,24.0,0.000,0.066,0.00,0.011,7.3,13.8,1.9,296,18,7.5,12.9,1.8,302,16,7.5,12.9,1.8,302,16,45,29.56,0.9,0,0,0,42.3,46.4,48.0,0.30,0.22,0.27
CLIF,2019-11-08 08:00:00 EST,43.01479,-77.18518,628,25.1,24.6,17.4,95.1,23.9,0.000,0.066,0.00,0.007,6.5,12.8,2.2,300,14,6.7,13.3,2.2,305,14,6.7,13.3,2.2,305,14,52,29.56,0.8,0,0,0,42.3,46.4,48.0,0.30,0.22,0.27
CLIF,2019-11-08 08:05:00 EST,43.01479,-77.18518,628,25.1,24.6,18.9,94.9,23.9,0.000,0.066,0.00,0.007,4.9,7.5,1.3,293,15,5.1,8.4,1.3,300,14,5.1,8.4,1.3,300,14,61,29.57,0.9,0,0,0,42.3,46.4,48.0,0.30,0.22,0.27
CLIF,2019-11-08 08:10:00 EST,43.01479,-77.18518,628,25.2,24.7,18.9,94.4,23.8,0.000,0.066,0.00,0.007,4.8,8.5,1.6,294,13,5.2,9.5,1.7,300,13,5.2,9.5,1.7,300,13,96,29.57,0.8,0,0,0,42.3,46.4,48.0,0.30,0.22,0.27
CLIF,2019-11-08 08:15:00 EST,43.01479,-77.18518,628,25.5,24.9,18.8,93.5,23.8,0.000,0.066,0.00,0.007,5.4,9.6,1.3,300,14,5.6,9.8,1.3,306,13,5.6,9.8,1.3,306,13,108,29.57,0.9,0,0,0,42.3,46.4,48.0,0.30,0.22,0.27
CLIF,2019-11-08 08:20:00 EST,43.01479,-77.18518,628,25.5,24.9,17.7,92.8,23.7,0.000,0.066,0.00,0.007,6.5,11.9,2.0,287,15,6.9,12.1,2.0,294,15,6.9,12.1,2.0,294,15,58,29.58,0.7,0,0,0,42.3,46.4,48.0,0.30,0.22,0.27
CLIF,2019-11-08 08:25:00 EST,43.01479,-77.18518,628,25.4,24.8,17.7,92.3,23.4,0.000,0.066,0.00,0.002,6.4,13.3,1.9,293,13,6.7,14.9,2.3,299,13,6.7,14.9,2.3,299,13,71,29.58,0.9,0,0,0,42.3,46.4,48.0,0.30,0.22,0.27
CLIF,2019-11-08 08:30:00 EST,43.01479,-77.18518,628,25.3,24.8,16.4,91.0,23.1,0.000,0.066,0.00,0.001,7.7,14.1,2.5,288,14,8.5,16.5,2.7,294,12,8.5,16.5,2.7,294,12,74,29.58,0.8,0,0,0,42.3,46.4,48.0,0.30,0.22,0.27
CLIF,2019-11-08 08:35:00 EST,43.01479,-77.18518,628,25.4,24.9,16.2,90.3,23.0,0.000,0.066,0.00,0.000,8.5,14.3,2.3,306,20,9.0,16.8,2.2,312,21,9.0,16.8,2.2,312,21,91,29.58,0.8,0,0,0,42.3,46.4,48.0,0.30,0.22,0.27
CLIF,2019-11-08 08:40:00 EST,43.01479,-77.18518,628,25.4,24.9,18.2,89.0,22.6,0.000,0.066,0.00,0.000,5.7,9.1,1.5,311,19,6.2,11.1,1.7,321,21,6.2,11.1,1.7,321,21,97,29.58,0.9,0,0,0,42.3,46.4,48.0,0.30,0.22,0.27
CLIF,2019-11-08 08:45:00 EST,43.01479,-77.18518,628,25.5,25.0,16.4,87.3,22.3,0.000,0.066,0.00,0.000,7.8,14.5,3.3,328,21,8.8,18.2,4.0,340,19,8.8,18.2,4.0,340,19,166,29.58,1.0,0,0,0,42.3,46.4,48.0,0.30,0.22,0.27
CLIF,2019-11-08 08:50:00 EST,43.01479,-77.18518,628,25.3,24.8,15.7,86.4,21.8,0.000,0.066,0.00,0.000,8.5,18.0,2.6,338,18,9.6,18.7,3.0,345,17,9.6,18.7,3.0,345,17,165,29.58,1.1,0,0,0,42.3,46.4,48.0,0.30,0.22,0.27
CLIF,2019-11-08 08:55:00 EST,43.01479,-77.18518,628,25.0,24.4,14.6,88.1,22.0,0.000,0.066,0.00,0.000,9.5,14.9,2.3,333,15,10.7,17.9,2.5,343,13,10.7,17.9,2.5,343,13,118,29.58,1.1,0,0,0,42.3,46.4,48.0,0.30,0.22,0.27
CLIF,2019-11-08 09:00:00 EST,43.01479,-77.18518,628,24.8,24.2,14.9,89.6,22.2,0.000,0.066,0.00,0.000,9.1,15.6,2.3,327,16,9.8,19.3,3.0,336,15,9.8,19.3,3.0,336,15,94,29.59,0.6,0,0,0,42.3,46.4,48.0,0.30,0.22,0.27
CLIF,2019-11-08 09:05:00 EST,43.01479,-77.18518,628,24.7,24.1,15.8,90.4,22.3,0.000,0.066,0.00,0.000,8.1,13.8,2.4,307,12,8.3,13.2,2.2,314,13,8.3,13.2,2.2,314,13,122,29.59,-0.1,0,0,0,42.3,46.3,48.0,0.30,0.22,0.27
CLIF,2019-11-08 09:10:00 EST,43.01479,-77.18518,628,25.1,24.4,15.8,90.1,22.6,0.000,0.066,0.00,0.000,8.2,13.4,2.6,314,18,8.9,16.3,2.6,320,18,8.9,16.3,2.6,320,18,163,29.59,-0.2,0,0,0,42.2,46.3,48.0,0.30,0.22,0.27
CLIF,2019-11-08 09:15:00 EST,43.01479,-77.18518,628,25.1,24.4,16.0,91.2,22.9,0.000,0.066,0.00,0.000,7.8,13.2,2.4,317,19,8.6,13.7,2.5,326,20,8.6,13.7,2.5,326,20,131,29.59,0.5,0,0,0,42.2,46.3,48.0,0.30,0.22,0.27
CLIF,2019-11-08 09:20:00 EST,43.01479,-77.18518,628,24.9,24.3,16.8,91.7,22.9,0.000,0.066,0.00,0.000,6.6,12.7,1.8,319,25,7.3,11.8,1.8,327,23,7.3,11.8,1.8,327,23,99,29.59,-0.3,0,0,0,42.2,46.2,48.0,0.30,0.22,0.27
CLIF,2019-11-08 09:25:00 EST,43.01479,-77.18518,628,24.7,24.0,16.7,93.4,23.1,0.004,0.070,0.00,0.004,6.6,10.2,1.3,314,18,7.0,10.8,1.5,323,17,7.0,10.8,1.5,323,17,119,29.59,-0.0,0,0,0,42.1,46.3,48.0,0.30,0.22,0.27
CLIF,2019-11-08 09:30:00 EST,43.01479,-77.18518,628,24.8,24.0,16.2,94.5,23.5,0.001,0.072,0.00,0.006,7.2,12.1,2.0,313,17,7.8,13.7,2.2,322,19,7.8,13.7,2.2,322,19,134,29.59,0.5,0,0,0,42.1,46.1,48.0,0.30,0.22,0.27
CLIF,2019-11-08 09:35:00 EST,43.01479,-77.18518,628,24.8,24.1,16.1,94.1,23.4,0.000,0.072,0.00,0.006,7.5,15.1,2.8,312,15,8.0,15.4,2.8,319,15,8.0,15.4,2.8,319,15,191,29.59,0.4,0,0,0,42.1,46.0,48.0,0.30,0.22,0.27
CLIF,2019-11-08 09:40:00 EST,43.01479,-77.18518,628,25.5,24.7,17.2,92.7,23.7,0.000,0.072,0.00,0.006,7.1,13.6,2.2,313,17,7.6,13.1,1.9,318,17,7.6,13.1,1.9,318,17,209,29.59,-0.4,0,0,0,42.1,46.0,48.0,0.30,0.22,0.27
CLIF,2019-11-08 09:45:00 EST,43.01479,-77.18518,628,25.4,24.6,16.3,92.0,23.4,0.000,0.072,0.00,0.006,7.6,15.1,2.4,328,25,8.7,17.7,3.0,337,20,8.7,17.7,3.0,337,20,186,29.60,-0.1,0,0,0,42.1,46.0,48.0,0.30,0.22,0.27
CLIF,2019-11-08 09:50:00 EST,43.01479,-77.18518,628,24.8,24.1,14.6,91.2,22.6,0.000,0.072,0.00,0.006,9.8,15.2,2.4,324,19,10.4,16.7,2.6,334,16,10.4,16.7,2.6,334,16,164,29.60,0.6,0,0,0,42.1,46.0,48.0,0.30,0.22,0.27
CLIF,2019-11-08 09:55:00 EST,43.01479,-77.18518,628,24.9,24.2,17.1,91.6,22.8,0.000,0.072,0.00,0.006,5.9,10.4,2.3,327,18,6.8,11.3,2.2,336,17,6.8,11.3,2.2,336,17,167,29.60,0.8,0,0,0,42.1,46.0,48.0,0.30,0.22,0.27
CLIF,2019-11-08 10:00:00 EST,43.01479,-77.18518,628,25.0,24.3,16.9,91.1,22.7,0.000,0.072,0.00,0.006,6.5,11.9,1.9,326,20,7.1,13.7,2.4,335,19,7.1,13.7,2.4,335,19,164,29.60,1.0,0,0,0,42.1,46.0,48.0,0.30,0.22,0.27
CLIF,2019-11-08 10:05:00 EST,43.01479,-77.18518,628,25.5,24.8,16.1,88.9,22.7,0.000,0.072,0.00,0.006,8.2,15.6,2.7,336,19,9.3,17.1,3.4,344,17,9.3,17.1,3.4,344,17,283,29.60,1.1,0,0,0,42.1,46.0,48.0,0.30,0.22,0.27
CLIF,2019-11-08 10:10:00 EST,43.01479,-77.18518,628,25.8,25.0,17.4,88.5,22.9,0.000,0.072,0.00,0.006,6.9,11.5,2.0,335,22,7.8,13.9,2.3,343,21,7.8,13.9,2.3,343,21,279,29.60,1.0,0,0,0,42.1,46.0,48.0,0.30,0.22,0.27
CLIF,2019-11-08 10:15:00 EST,43.01479,-77.18518,628,25.8,25.1,17.7,87.9,22.7,0.000,0.072,0.00,0.006,6.4,11.0,1.9,344,18,7.4,12.3,2.1,352,17,7.4,12.3,2.1,352,17,256,29.60,1.0,0,0,0,42.1,46.0,48.0,0.30,0.22,0.27
CLIF,2019-11-08 10:20:00 EST,43.01479,-77.18518,628,25.7,25.0,16.3,87.4,22.5,0.000,0.072,0.00,0.006,8.2,12.6,2.3,342,16,9.4,15.5,2.8,350,13,9.4,15.5,2.8,350,13,274,29.60,1.3,0,0,0,42.1,46.0,48.0,0.30,0.22,0.27
CLIF,2019-11-08 10:25:00 EST,43.01479,-77.18518,628,26.0,25.3,17.0,85.4,22.3,0.000,0.072,0.00,0.001,8.0,13.2,2.3,331,19,8.9,15.3,2.6,340,19,8.9,15.3,2.6,340,19,279,29.60,,0,0,0,42.1,46.0,48.0,0.30,0.22,0.27
CLIF,2019-11-08 10:30:00 EST,43.01479,-77.18518,628,26.3,25.5,18.0,84.5,22.2,0.000,0.072,0.00,0.000,6.8,15.3,2.7,331,20,7.8,17.7,3.2,340,17,7.8,17.7,3.2,340,17,227,29.60,0.3,0,0,0,42.1,46.0,48.0,0.30,0.22,0.27
CLIF,2019-11-08 10:35:00 EST,43.01479,-77.18518,628,26.0,25.4,16.3,83.7,21.8,0.000,0.072,0.00,0.000,8.9,15.8,2.9,337,17,10.1,18.4,3.2,346,14,10.1,18.4,3.2,346,14,163,29.60,0.7,0,0,0,42.1,46.0,48.0,0.30,0.22,0.27
CLIF,2019-11-08 10:40:00 EST,43.01479,-77.18518,628,25.9,25.2,16.0,84.1,21.8,0.000,0.072,0.00,0.000,10.0,16.4,2.5,305,14,10.4,18.4,2.5,310,15,10.4,18.4,2.5,310,15,125,29.61,-0.3,0,0,0,42.0,46.0,48.0,0.30,0.22,0.27
CLIF,2019-11-08 10:45:00 EST,43.01479,-77.18518,628,25.7,25.0,16.6,84.5,21.6,0.000,0.072,0.00,0.000,8.4,14.3,2.4,310,14,8.8,15.3,2.2,318,15,8.8,15.3,2.2,318,15,151,29.61,-0.1,0,0,0,41.9,46.0,47.9,0.30,0.22,0.27
CLIF,2019-11-08 10:50:00 EST,43.01479,-77.18518,628,26.2,25.2,17.8,86.2,22.6,0.000,0.072,0.00,0.000,7.0,12.9,2.0,284,14,7.9,15.7,2.2,291,13,7.9,15.7,2.2,291,13,288,29.61,0.5,0,0,0,41.9,46.0,47.9,0.30,0.22,0.27
CLIF,2019-11-08 10:55:00 EST,43.01479,-77.18518,628,26.1,25.1,17.2,86.0,22.4,0.000,0.072,0.00,0.000,8.3,13.1,2.6,298,12,8.6,14.0,2.6,305,13,8.6,14.0,2.6,305,13,285,29.61,0.3,0,0,0,41.9,46.0,48.0,0.30,0.22,0.27
CLIF,2019-11-08 11:00:00 EST,43.01479,-77.18518,628,26.5,25.5,17.6,86.2,22.9,0.000,0.072,0.00,0.000,8.5,11.8,1.5,294,12,8.8,13.4,1.7,300,13,8.8,13.4,1.7,300,13,419,29.61,0.3,0,0,0,41.9,46.0,47.9,0.30,0.22,0.27
CLIF,2019-11-08 11:05:00 EST,43.01479,-77.18518,628,27.0,25.9,19.2,86.0,23.4,0.000,0.072,0.00,0.000,6.8,12.9,2.7,286,13,7.5,15.5,2.9,291,13,7.5,15.5,2.9,291,13,310,29.60,-0.1,0,0,0,41.9,46.0,47.9,0.30,0.22,0.27
CLIF,2019-11-08 11:10:00 EST,43.01479,-77.18518,628,27.0,26.0,16.5,84.7,23.0,0.000,0.072,0.00,0.000,10.3,18.3,4.0,273,14,11.9,21.9,4.7,279,12,11.9,21.9,4.7,279,12,242,29.60,0.2,0,0,0,41.9,46.0,47.9,0.30,0.22,0.27
CLIF,2019-11-08 11:15:00 EST,43.01479,-77.18518,628,25.7,24.8,14.4,87.2,22.4,0.000,0.072,0.00,0.000,12.0,18.2,2.3,287,11,12.8,18.7,2.4,292,11,12.8,18.7,2.4,292,11,92,29.60,0.7,0,0,0,41.9,46.0,47.9,0.30,0.22,0.27
CLIF,2019-11-08 11:20:00 EST,43.01479,-77.18518,628,25.2,24.4,16.8,92.3,23.3,0.000,0.072,0.00,0.000,7.4,11.2,1.6,298,17,7.8,12.2,1.8,306,17,7.8,12.2,1.8,306,17,110,29.61,0.4,0,0,0,41.9,46.0,47.8,0.30,0.22,0.27
CLIF,2019-11-08 11:25:00 EST,43.01479,-77.18518,628,25.2,24.4,17.0,93.8,23.7,0.000,0.072,0.00,0.000,7.1,11.4,1.8,306,22,7.4,11.3,1.9,312,22,7.4,11.3,1.9,312,22,195,29.61,0.3,0,0,0,41.9,46.0,47.9,0.30,0.22,0.27
CLIF,2019-11-08 11:30:00 EST,43.01479,-77.18518,628,26.4,25.3,16.1,92.8,24.6,0.000,0.072,0.00,0.000,10.4,15.8,2.7,286,12,11.3,18.4,3.2,291,9,11.3,18.4,3.2,291,9,387,29.61,-0.4,0,0,0,41.9,46.0,47.8,0.30,0.22,0.27
CLIF,2019-11-08 11:35:00 EST,43.01479,-77.18518,628,26.0,25.2,16.3,89.7,23.4,0.009,0.081,0.00,0.009,9.8,16.1,2.9,312,15,10.0,16.3,2.8,320,14,10.0,16.3,2.8,320,14,356,29.61,-0.3,0,0,0,41.9,46.0,47.8,0.30,0.22,0.27
CLIF,2019-11-08 11:40:00 EST,43.01479,-77.18518,628,26.1,25.1,16.4,88.4,23.1,0.000,0.081,0.00,0.009,9.8,14.0,2.4,314,12,10.0,15.4,2.3,322,12,10.0,15.4,2.3,322,12,431,29.60,-0.2,0,0,0,41.9,46.0,47.8,0.30,0.22,0.27
CLIF,2019-11-08 11:45:00 EST,43.01479,-77.18518,628,26.2,25.4,18.2,88.1,23.2,0.001,0.082,0.00,0.011,7.1,12.4,2.9,313,15,7.4,14.6,2.9,321,14,7.4,14.6,2.9,321,14,332,29.60,0.5,0,0,0,41.9,46.0,47.8,0.30,0.22,0.27
CLIF,2019-11-08 11:50:00 EST,43.01479,-77.18518,628,26.2,25.4,17.5,88.6,23.3,0.000,0.082,0.00,0.011,8.0,12.2,2.6,316,17,8.4,16.2,2.6,324,17,8.4,16.2,2.6,324,17,257,29.60,-0.6,0,0,0,41.9,46.0,47.8,0.30,0.22,0.27
CLIF,2019-11-08 11:55:00 EST,43.01479,-77.18518,628,25.9,25.2,17.3,88.2,22.9,0.000,0.082,0.00,0.011,7.9,12.9,2.0,303,15,8.3,13.4,2.1,309,15,8.3,13.4,2.1,309,15,172,29.60,-0.4,0,0,0,41.9,46.0,47.8,0.30,0.22,0.27
CLIF,2019-11-08 12:00:00 EST,43.01479,-77.18518,628,26.3,25.4,17.7,87.7,23.2,0.000,0.082,0.00,0.011,8.0,14.1,3.0,310,13,8.3,14.0,2.9,316,13,8.3,14.0,2.9,316,13,397,29.60,-0.1,0,0,0,41.9,46.0,47.8,0.30,0.22,0.27
CLIF,2019-11-08 12:05:00 EST,43.01479,-77.18518,628,26.9,25.8,19.7,86.1,23.3,0.000,0.082,0.00,0.011,6.2,8.8,1.4,303,17,6.6,11.0,1.5,308,17,6.6,11.0,1.5,308,17,395,29.60,-0.3,0,0,0,41.9,45.9,47.8,0.30,0.22,0.27
CLIF,2019-11-08 12:10:00 EST,43.01479,-77.18518,628,26.9,26.0,17.9,81.7,22.0,0.000,0.082,0.00,0.011,8.8,11.8,1.7,316,16,9.1,12.6,1.8,323,15,9.1,12.6,1.8,323,15,401,29.60,0.4,0,0,0,41.9,45.9,47.8,0.30,0.22,0.27
CLIF,2019-11-08 12:15:00 EST,43.01479,-77.18518,628,26.5,25.7,16.8,79.7,21.1,0.000,0.082,0.00,0.011,9.8,15.3,2.5,313,16,10.4,17.2,2.5,322,16,10.4,17.2,2.5,322,16,192,29.60,0.1,0,0,0,41.9,45.9,47.8,0.30,0.22,0.27
CLIF,2019-11-08 12:20:00 EST,43.01479,-77.18518,628,26.4,25.7,18.4,81.2,21.4,0.000,0.082,0.00,0.011,7.0,15.0,2.7,309,17,7.4,13.2,2.5,316,17,7.4,13.2,2.5,316,17,152,29.60,-0.2,0,0,0,41.9,45.9,47.8,0.30,0.22,0.27
CLIF,2019-11-08 12:25:00 EST,43.01479,-77.18518,628,27.0,26.1,18.0,78.2,21.1,0.000,0.082,0.00,0.011,9.0,16.4,3.5,302,16,9.2,16.6,3.3,308,15,9.2,16.6,3.3,308,15,452,29.60,0.2,0,0,0,41.7,45.9,47.8,0.30,0.22,0.27
CLIF,2019-11-08 12:30:00 EST,43.01479,-77.18518,628,27.2,26.4,18.1,73.0,19.7,0.000,0.082,0.00,0.011,9.4,16.4,2.8,309,14,9.5,16.0,2.7,315,13,9.5,16.0,2.7,315,13,271,29.60,0.1,0,0,0,41.7,45.9,47.8,0.30,0.22,0.27
CLIF,2019-11-08 12:35:00 EST,43.01479,-77.18518,628,26.7,26.0,16.7,72.8,19.1,0.000,0.082,0.00,0.001,10.4,15.6,2.5,311,13,10.7,16.3,2.5,319,13,10.7,16.3,2.5,319,13,177,29.59,0.3,0,0,0,41.8,45.9,47.8,0.30,0.22,0.27
CLIF,2019-11-08 12:40:00 EST,43.01479,-77.18518,628,26.9,26.2,18.1,74.2,19.8,0.000,0.082,0.00,0.001,8.5,12.6,1.7,305,14,8.8,14.4,2.0,311,13,8.8,14.4,2.0,311,13,229,29.59,0.3,0,0,0,41.7,45.9,47.8,0.30,0.22,0.27
CLIF,2019-11-08 12:45:00 EST,43.01479,-77.18518,628,27.4,26.6,20.1,74.0,20.2,0.000,0.082,0.00,0.000,6.3,10.8,2.2,303,19,6.8,12.4,2.3,309,19,6.8,12.4,2.3,309,19,236,29.59,0.3,0,0,0,41.8,45.9,47.8,0.30,0.22,0.27
CLIF,2019-11-08 12:50:00 EST,43.01479,-77.18518,628,27.2,26.5,17.4,71.0,19.0,0.000,0.082,0.00,0.000,10.3,16.4,2.6,310,17,10.6,17.5,2.4,317,18,10.6,17.5,2.4,317,18,214,29.59,-0.2,0,0,0,41.7,45.9,47.8,0.30,0.22,0.27
CLIF,2019-11-08 12:55:00 EST,43.01479,-77.18518,628,27.6,26.8,18.2,66.7,18.0,0.000,0.082,0.00,0.000,9.5,17.8,3.3,311,14,10.2,19.1,3.3,317,15,10.2,19.1,3.3,317,15,446,29.59,0.1,0,0,0,41.7,45.9,47.8,0.30,0.22,0.27
CLIF,2019-11-08 13:00:00 EST,43.01479,-77.18518,628,27.7,26.9,18.0,65.8,17.7,0.000,0.082,0.00,0.000,10.6,15.9,2.5,306,13,10.7,18.2,2.6,313,13,10.7,18.2,2.6,313,13,296,29.59,0.1,0,0,0,41.7,45.9,47.8,0.30,0.22,0.27
CLIF,2019-11-08 13:05:00 EST,43.01479,-77.18518,628,27.4,26.7,18.3,67.9,18.2,0.000,0.082,0.00,0.000,8.9,13.0,2.0,302,14,9.5,15.1,2.1,309,14,9.5,15.1,2.1,309,14,248,29.59,-0.0,0,0,0,41.7,45.9,47.8,0.30,0.22,0.27
CLIF,2019-11-08 13:10:00 EST,43.01479,-77.18518,628,27.2,26.5,17.3,68.2,18.1,0.000,0.082,0.00,0.000,10.7,17.3,2.9,314,10,10.9,20.3,3.0,320,9,10.9,20.3,3.0,320,9,182,29.59,-0.0,0,0,0,41.7,45.9,47.8,0.30,0.22,0.27
CLIF,2019-11-08 13:15:00 EST,43.01479,-77.18518,628,26.9,26.3,17.1,67.3,17.5,0.000,0.082,0.00,0.000,10.3,19.4,2.8,304,15,10.6,19.6,2.9,310,14,10.6,19.6,2.9,310,14,163,29.59,-0.4,0,0,0,41.7,45.9,47.8,0.30,0.22,0.27
CLIF,2019-11-08 13:20:00 EST,43.01479,-77.18518,628,27.0,26.4,18.9,67.8,17.8,0.000,0.082,0.00,0.000,7.2,11.1,1.9,300,20,7.8,12.8,2.0,306,19,7.8,12.8,2.0,306,19,162,29.59,-0.3,0,0,0,41.7,45.9,47.8,0.30,0.22,0.27
CLIF,2019-11-08 13:25:00 EST,43.01479,-77.18518,628,27.7,27.0,18.3,67.9,18.5,0.000,0.082,0.00,0.000,9.2,13.4,1.9,285,11,10.3,15.1,2.2,291,9,10.3,15.1,2.2,291,9,336,29.59,-0.1,0,0,0,41.7,45.9,47.8,0.30,0.22,0.27
CLIF,2019-11-08 13:30:00 EST,43.01479,-77.18518,628,27.9,27.1,17.0,67.4,18.5,0.000,0.082,0.00,0.000,11.9,17.4,2.1,281,13,13.4,19.1,2.6,286,11,13.4,19.1,2.6,286,11,278,29.59,-0.1,0,0,0,41.7,45.9,47.8,0.30,0.22,0.27
CLIF,2019-11-08 13:35:00 EST,43.01479,-77.18518,628,27.4,26.7,16.9,67.0,17.9,0.000,0.082,0.00,0.000,11.7,20.0,2.8,299,19,12.3,22.3,3.1,305,19,12.3,22.3,3.1,305,19,206,29.59,-0.1,0,0,0,41.7,45.9,47.8,0.30,0.22,0.27
CLIF,2019-11-08 13:40:00 EST,43.01479,-77.18518,628,26.9,26.3,16.5,70.2,18.5,0.000,0.082,0.00,0.000,11.3,17.5,2.6,311,13,11.8,17.7,2.8,319,12,11.8,17.7,2.8,319,12,180,29.60,-0.2,0,0,0,41.7,45.9,47.8,0.30,0.22,0.27
CLIF,2019-11-08 13:45:00 EST,43.01479,-77.18518,628,27.0,26.3,17.7,74.3,19.9,0.000,0.082,0.00,0.000,8.9,15.6,2.9,291,14,9.7,16.3,3.1,298,12,9.7,16.3,3.1,298,12,184,29.60,-0.1,0,0,0,41.7,45.9,47.8,0.30,0.22,0.27
CLIF,2019-11-08 13:50:00 EST,43.01479,-77.18518,628,27.4,26.5,17.7,72.0,19.6,0.000,0.082,0.00,0.000,9.8,16.3,2.9,288,11,10.6,16.9,3.1,293,10,10.6,16.9,3.1,293,10,423,29.59,0.0,0,0,0,41.7,45.9,47.8,0.30,0.22,0.27
CLIF,2019-11-08 13:55:00 EST,43.01479,-77.18518,628,28.0,27.3,17.1,68.2,18.9,0.000,0.082,0.00,0.000,12.6,21.9,3.3,294,16,13.5,22.8,3.4,299,15,13.5,22.8,3.4,299,15,293,29.59,-0.1,0,0,0,41.7,45.9,47.8,0.30,0.22,0.27
CLIF,2019-11-08 14:00:00 EST,43.01479,-77.18518,628,27.6,27.0,16.7,67.6,18.3,0.000,0.082,0.00,0.000,12.5,19.3,3.3,305,16,13.3,20.4,3.2,312,16,13.3,20.4,3.2,312,16,174,29.59,-0.2,0,0,0,41.7,45.9,47.8,0.30,0.22,0.27
CLIF,2019-11-08 14:05:00 EST,43.01479,-77.18518,628,27.5,26.9,16.7,66.1,17.7,0.000,0.082,0.00,0.000,12.2,21.4,3.6,309,17,13.0,21.0,3.5,315,17,13.0,21.0,3.5,315,17,246,29.59,-0.1,0,0,0,41.7,45.9,47.8,0.30,0.22,0.27
CLIF,2019-11-08 14:10:00 EST,43.01479,-77.18518,628,28.1,27.4,18.3,66.9,18.5,0.000,0.082,0.00,0.000,10.4,16.3,2.7,300,14,11.0,16.6,2.8,306,13,11.0,16.6,2.8,306,13,331,29.59,-0.1,0,0,0,41.7,45.9,47.8,0.30,0.22,0.27
CLIF,2019-11-08 14:15:00 EST,43.01479,-77.18518,628,28.1,27.3,20.2,68.0,18.8,0.000,0.082,0.00,0.000,6.8,10.9,1.5,328,21,7.8,12.0,1.8,336,21,7.8,12.0,1.8,336,21,250,29.60,-0.1,0,0,0,41.7,45.9,47.8,0.30,0.22,0.27
CLIF,2019-11-08 14:20:00 EST,43.01479,-77.18518,628,28.4,27.5,20.3,66.5,18.6,0.000,0.082,0.00,0.000,7.5,12.6,1.9,311,20,8.2,13.6,2.1,317,20,8.2,13.6,2.1,317,20,379,29.59,-0.0,0,0,0,41.7,45.9,47.8,0.30,0.22,0.27
CLIF,2019-11-08 14:25:00 EST,43.01479,-77.18518,628,28.3,27.5,19.6,64.6,17.9,0.000,0.082,0.00,0.000,7.7,11.9,2.2,342,22,9.1,17.0,2.6,348,20,9.1,17.0,2.6,348,20,329,29.59,-0.1,0,0,0,41.7,45.9,47.8,0.30,0.22,0.27
CLIF,2019-11-08 14:30:00 EST,43.01479,-77.18518,628,28.5,27.7,20.9,64.1,17.9,0.000,0.082,0.00,0.000,6.9,11.3,1.7,329,18,7.5,14.1,1.9,336,17,7.5,14.1,1.9,336,17,338,29.60,-0.1,0,0,0,41.7,45.9,47.8,0.30,0.22,0.27
CLIF,2019-11-08 14:35:00 EST,43.01479,-77.18518,628,28.5,27.7,19.2,62.8,17.4,0.000,0.082,0.00,0.000,9.6,17.8,3.6,316,19,10.3,18.0,3.6,322,19,10.3,18.0,3.6,322,19,325,29.59,-0.1,0,0,0,41.7,45.9,47.8,0.30,0.22,0.27
CLIF,2019-11-08 14:40:00 EST,43.01479,-77.18518,628,28.1,27.4,17.8,61.9,16.7,0.000,0.082,0.00,0.000,11.7,21.0,3.1,311,14,12.2,21.5,3.2,317,13,12.2,21.5,3.2,317,13,226,29.60,-0.1,0,0,0,41.7,45.9,47.8,0.30,0.22,0.27
CLIF,2019-11-08 14:45:00 EST,43.01479,-77.18518,628,27.7,27.0,17.9,64.4,17.2,0.000,0.082,0.00,0.000,10.2,15.9,2.4,306,12,10.8,17.6,2.4,312,12,10.8,17.6,2.4,312,12,240,29.60,-0.1,0,0,0,41.7,45.9,47.8,0.30,0.22,0.27
CLIF,2019-11-08 14:50:00 EST,43.01479,-77.18518,628,27.4,26.9,17.8,63.9,16.8,0.000,0.082,0.00,0.000,10.0,15.9,2.4,307,14,10.5,18.7,2.5,314,14,10.5,18.7,2.5,314,14,88,29.59,-0.1,0,0,0,41.7,45.9,47.8,0.30,0.22,0.27
CLIF,2019-11-08 14:55:00 EST,43.01479,-77.18518,628,27.7,27.1,19.1,66.6,18.1,0.000,0.082,0.00,0.000,8.2,14.8,2.0,302,15,8.8,15.6,2.1,306,14,8.8,15.6,2.1,306,14,275,29.59,-0.1,0,0,0,41.7,45.8,47.8,0.30,0.22,0.27
CLIF,2019-11-08 15:00:00 EST,43.01479,-77.18518,628,28.3,27.6,19.9,64.1,17.8,0.000,0.082,0.00,0.000,8.3,13.8,2.6,310,18,8.8,14.6,2.6,317,16,8.8,14.6,2.6,317,16,297,29.59,-0.0,0,0,0,41.7,45.8,47.8,0.30,0.22,0.27
CLIF,2019-11-08 15:05:00 EST,43.01479,-77.18518,628,28.2,27.5,18.8,63.7,17.4,0.000,0.082,0.00,0.000,9.7,15.1,2.8,305,14,10.3,17.8,2.9,311,14,10.3,17.8,2.9,311,14,206,29.59,-0.1,0,0,0,41.7,45.8,47.6,0.30,0.22,0.27
CLIF,2019-11-08 15:10:00 EST,43.01479,-77.18518,628,28.2,27.5,19.9,66.0,18.3,0.000,0.082,0.00,0.000,7.9,14.2,2.1,296,14,8.5,16.0,2.4,300,15,8.5,16.0,2.4,300,15,237,29.59,-0.0,0,0,0,41.6,45.7,47.6,0.30,0.22,0.27
CLIF,2019-11-08 15:15:00 EST,43.01479,-77.18518,628,28.5,27.7,19.0,64.6,18.0,0.000,0.082,0.00,0.000,9.8,16.4,2.1,294,14,10.6,17.1,2.2,299,14,10.6,17.1,2.2,299,14,273,29.59,-0.1,0,0,0,41.5,45.7,47.6,0.30,0.22,0.27
CLIF,2019-11-08 15:20:00 EST,43.01479,-77.18518,628,28.6,27.8,20.8,64.3,18.1,0.000,0.082,0.00,0.000,7.3,11.8,1.7,298,14,7.9,12.4,1.8,305,13,7.9,12.4,1.8,305,13,222,29.59,-0.1,0,0,0,41.5,45.7,47.5,0.30,0.22,0.27
CLIF,2019-11-08 15:25:00 EST,43.01479,-77.18518,628,28.2,27.6,21.1,65.3,18.0,0.000,0.082,0.00,0.000,6.2,11.1,1.8,293,17,6.7,11.6,1.7,300,14,6.7,11.6,1.7,300,14,148,29.60,-0.1,0,0,0,41.5,45.7,47.5,0.30,0.22,0.27
CLIF,2019-11-08 15:30:00 EST,43.01479,-77.18518,628,27.6,27.1,18.8,66.2,17.8,0.000,0.082,0.00,0.000,8.2,14.0,2.3,289,12,9.0,14.3,2.4,293,10,9.0,14.3,2.4,293,10,86,29.60,-0.1,0,0,0,41.5,45.7,47.5,0.30,0.22,0.27
CLIF,2019-11-08 15:35:00 EST,43.01479,-77.18518,628,27.9,27.3,20.8,65.5,17.8,0.000,0.082,0.00,0.000,6.2,11.3,1.8,292,13,6.6,11.8,2.0,297,13,6.6,11.8,2.0,297,13,195,29.60,-0.1,0,0,0,41.5,45.7,47.5,0.30,0.22,0.27
CLIF,2019-11-08 15:40:00 EST,43.01479,-77.18518,628,27.9,27.3,20.4,64.8,17.6,0.000,0.082,0.00,0.000,6.7,11.8,2.2,308,12,7.1,12.7,2.3,315,12,7.1,12.7,2.3,315,12,78,29.60,-0.1,0,0,0,41.5,45.7,47.5,0.30,0.22,0.27
CLIF,2019-11-08 15:45:00 EST,43.01479,-77.18518,628,27.4,27.0,19.5,65.1,17.2,0.000,0.082,0.00,0.000,7.1,11.5,2.0,307,14,7.6,11.5,1.9,314,14,7.6,11.5,1.9,314,14,67,29.60,-0.1,0,0,0,41.5,45.7,47.5,0.30,0.22,0.27
CLIF,2019-11-08 15:50:00 EST,43.01479,-77.18518,628,27.7,27.2,20.4,65.2,17.5,0.000,0.082,0.00,0.000,6.4,11.3,1.9,303,14,6.9,11.8,1.9,309,14,6.9,11.8,1.9,309,14,137,29.60,-0.1,0,0,0,41.5,45.7,47.5,0.30,0.22,0.27
CLIF,2019-11-08 15:55:00 EST,43.01479,-77.18518,628,27.7,27.2,19.5,64.4,17.2,0.000,0.082,0.00,0.000,7.6,12.1,1.9,290,11,8.2,13.5,2.0,296,11,8.2,13.5,2.0,296,11,92,29.60,-0.1,0,0,0,41.5,45.7,47.5,0.30,0.22,0.27
CLIF,2019-11-08 16:00:00 EST,43.01479,-77.18518,628,27.1,26.9,19.2,65.4,17.1,0.000,0.082,0.00,0.000,6.9,12.4,2.1,291,13,7.6,14.0,2.4,296,13,7.6,14.0,2.4,296,13,33,29.60,-0.1,0,0,0,41.5,45.7,47.5,0.30,0.22,0.27
CLIF,2019-11-08 16:05:00 EST,43.01479,-77.18518,628,27.0,26.7,19.7,65.3,16.8,0.000,0.082,0.00,0.000,6.2,11.0,1.9,297,13,6.6,11.3,1.9,302,12,6.6,11.3,1.9,302,12,37,29.60,-0.1,0,0,0,41.5,45.7,47.5,0.30,0.22,0.27
CLIF,2019-11-08 16:10:00 EST,43.01479,-77.18518,628,26.9,26.6,19.4,65.9,17.0,0.000,0.082,0.00,0.000,6.5,10.3,1.4,291,14,6.9,10.9,1.5,296,12,6.9,10.9,1.5,296,12,32,29.60,-0.1,0,0,0,41.5,45.7,47.5,0.30,0.22,0.27
CLIF,2019-11-08 16:15:00 EST,43.01479,-77.18518,628,27.0,26.7,18.8,65.6,17.0,0.000,0.082,0.00,0.000,7.6,11.5,2.0,293,11,7.9,12.4,2.0,299,10,7.9,12.4,2.0,299,10,47,29.60,-0.1,0,0,0,41.5,45.7,47.5,0.30,0.22,0.27
CLIF,2019-11-08 16:20:00 EST,43.01479,-77.18518,628,27.0,26.7,18.5,65.6,17.0,0.000,0.082,0.00,0.000,7.9,13.4,1.9,302,16,8.3,14.5,2.0,308,18,8.3,14.5,2.0,308,18,32,29.61,-0.1,0,0,0,41.5,45.7,47.5,0.30,0.22,0.27
CLIF,2019-11-08 16:25:00 EST,43.01479,-77.18518,628,26.9,26.6,19.7,65.9,17.0,0.000,0.082,0.00,0.000,6.0,8.8,1.1,302,16,6.5,10.3,1.3,307,16,6.5,10.3,1.3,307,16,21,29.61,-0.1,0,0,0,41.5,45.7,47.5,0.30,0.22,0.27
CLIF,2019-11-08 16:30:00 EST,43.01479,-77.18518,628,26.8,26.6,19.9,66.2,17.0,0.000,0.082,0.00,0.000,5.8,9.4,1.3,305,16,6.1,10.4,1.5,311,16,6.1,10.4,1.5,311,16,29,29.61,-0.1,0,0,0,41.5,45.7,47.5,0.30,0.22,0.27
CLIF,2019-11-08 16:35:00 EST,43.01479,-77.18518,628,26.7,26.5,21.4,66.8,17.1,0.000,0.082,0.00,0.000,4.1,7.1,0.9,303,12,4.4,8.1,1.0,309,12,4.4,8.1,1.0,309,12,22,29.61,-0.1,0,0,0,41.5,45.7,47.5,0.30,0.22,0.27
CLIF,2019-11-08 16:40:00 EST,43.01479,-77.18518,628,26.7,26.5,20.9,67.1,17.2,0.000,0.082,0.00,0.000,4.6,7.6,1.1,298,13,4.9,8.7,1.2,304,12,4.9,8.7,1.2,304,12,21,29.61,-0.1,0,0,0,41.5,45.7,47.5,0.30,0.22,0.27
CLIF,2019-11-08 16:45:00 EST,43.01479,-77.18518,628,26.4,26.4,21.1,67.8,17.2,0.000,0.082,0.00,0.000,4.0,5.9,1.0,284,15,4.5,7.3,1.2,290,13,4.5,7.3,1.2,290,13,15,29.61,-0.1,0,0,0,41.5,45.7,47.5,0.30,0.22,0.27
CLIF,2019-11-08 16:50:00 EST,43.01479,-77.18518,628,26.3,26.4,20.8,69.0,17.5,0.000,0.082,0.00,0.000,4.2,5.5,0.6,275,8,4.6,6.0,0.7,282,7,4.6,6.0,0.7,282,7,8,29.61,-0.1,0,0,0,41.5,45.7,47.5,0.30,0.22,0.27
CLIF,2019-11-08 16:55:00 EST,43.01479,-77.18518,628,26.3,26.4,21.1,69.7,17.8,0.000,0.082,0.00,0.000,3.9,5.6,0.7,275,9,4.4,7.0,0.9,282,9,4.4,7.0,0.9,282,9,6,29.61,-0.1,0,0,0,41.5,45.7,47.5,0.30,0.22,0.27
CLIF,2019-11-08 17:00:00 EST,43.01479,-77.18518,628,26.5,26.5,20.1,68.8,17.7,0.000,0.082,0.00,0.000,5.0,7.7,1.0,269,9,5.5,8.6,1.1,275,8,5.5,8.6,1.1,275,8,3,29.61,-0.0,0,0,0,41.5,45.7,47.5,0.30,0.22,0.27
CLIF,2019-11-08 17:05:00 EST,43.01479,-77.18518,628,26.4,26.4,20.6,69.0,17.6,0.000,0.082,0.00,0.000,4.5,6.6,1.0,273,13,5.0,7.4,1.1,279,13,5.0,7.4,1.1,279,13,2,29.61,-0.1,0,0,0,41.5,45.7,47.5,0.30,0.22,0.27
CLIF,2019-11-08 17:10:00 EST,43.01479,-77.18518,628,26.2,26.3,21.7,70.0,17.8,0.000,0.082,0.00,0.000,3.5,5.9,0.7,284,9,3.8,6.5,0.8,291,9,3.8,6.5,0.8,291,9,1,29.61,-0.1,0,0,0,41.5,45.7,47.5,0.30,0.22,0.27
CLIF,2019-11-08 17:15:00 EST,43.01479,-77.18518,628,26.2,26.3,21.0,70.0,17.7,0.000,0.082,0.00,0.000,3.8,6.3,1.0,277,8,4.3,7.3,1.2,284,7,4.3,7.3,1.2,284,7,0,29.62,-0.0,0,0,0,41.4,45.7,47.5,0.30,0.22,0.27
CLIF,2019-11-08 17:20:00 EST,43.01479,-77.18518,628,26.0,26.2,21.1,70.1,17.6,0.000,0.082,0.00,0.000,3.7,6.2,0.7,281,10,4.1,7.3,0.8,287,9,4.1,7.3,0.8,287,9,0,29.62,-0.1,0,0,0,41.4,45.7,47.5,0.30,0.22,0.27
CLIF,2019-11-08 17:25:00 EST,43.01479,-77.18518,628,26.0,26.2,19.8,70.8,17.8,0.000,0.082,0.00,0.000,4.6,6.6,0.9,274,7,5.2,7.7,1.1,280,8,5.2,7.7,1.1,280,8,0,29.62,-0.1,0,0,0,41.4,45.7,47.5,0.30,0.22,0.27
CLIF,2019-11-08 17:30:00 EST,43.01479,-77.18518,628,25.8,26.0,20.1,70.8,17.7,0.000,0.082,0.00,0.000,4.2,5.6,0.6,271,6,4.7,6.5,0.7,278,6,4.7,6.5,0.7,278,6,0,29.62,-0.1,0,0,0,41.4,45.6,47.5,0.30,0.22,0.27
CLIF,2019-11-08 17:35:00 EST,43.01479,-77.18518,628,25.7,26.0,20.3,71.0,17.6,0.000,0.082,0.00,0.000,3.9,5.1,0.5,266,7,4.4,6.3,0.6,272,8,4.4,6.3,0.6,272,8,0,29.62,-0.1,0,0,0,41.4,45.6,47.5,0.30,0.22,0.27
CLIF,2019-11-08 17:40:00 EST,43.01479,-77.18518,628,25.6,25.9,19.8,71.1,17.5,0.000,0.082,0.00,0.000,4.3,5.8,0.5,258,7,4.8,6.8,0.6,264,7,4.8,6.8,0.6,264,7,0,29.62,-0.1,0,0,0,41.4,45.6,47.5,0.30,0.22,0.27
CLIF,2019-11-08 17:45:00 EST,43.01479,-77.18518,628,25.3,25.8,19.1,72.7,17.8,0.000,0.082,0.00,0.000,4.6,6.0,0.5,251,6,5.1,6.9,0.7,256,6,5.1,6.9,0.7,256,6,0,29.63,-0.1,0,0,0,41.4,45.6,47.5,0.30,0.22,0.27
CLIF,2019-11-08 17:50:00 EST,43.01479,-77.18518,628,25.1,25.7,18.9,73.0,17.7,0.000,0.082,0.00,0.000,4.6,6.9,0.9,250,7,5.1,7.6,0.9,256,8,5.1,7.6,0.9,256,8,0,29.63,-0.0,0,0,0,41.4,45.6,47.5,0.30,0.22,0.27
CLIF,2019-11-08 17:55:00 EST,43.01479,-77.18518,628,25.3,25.7,18.8,73.0,17.8,0.000,0.082,0.00,0.000,4.9,7.9,0.9,250,7,5.4,8.5,1.0,257,6,5.4,8.5,1.0,257,6,0,29.63,-0.1,0,0,0,41.4,45.6,47.5,0.30,0.22,0.27
CLIF,2019-11-08 18:00:00 EST,43.01479,-77.18518,628,25.3,25.8,18.2,72.7,17.7,0.000,0.082,0.00,0.000,5.4,8.7,1.0,253,9,6.0,9.8,1.1,259,8,6.0,9.8,1.1,259,8,0,29.63,-0.1,0,0,0,41.4,45.6,47.5,0.30,0.22,0.27
CLIF,2019-11-08 18:05:00 EST,43.01479,-77.18518,628,25.4,25.8,18.5,72.1,17.6,0.000,0.082,0.00,0.000,5.2,6.7,0.7,257,6,5.8,7.8,0.8,262,6,5.8,7.8,0.8,262,6,0,29.63,-0.1,0,0,0,41.4,45.5,47.5,0.30,0.22,0.27
CLIF,2019-11-08 18:10:00 EST,43.01479,-77.18518,628,25.1,25.6,18.1,73.0,17.7,0.000,0.082,0.00,0.000,5.4,7.2,0.8,262,7,5.9,7.9,0.9,268,6,5.9,7.9,0.9,268,6,0,29.63,-0.1,0,0,0,41.4,45.5,47.5,0.30,0.22,0.27
CLIF,2019-11-08 18:15:00 EST,43.01479,-77.18518,628,24.9,25.5,18.6,74.3,17.8,0.000,0.082,0.00,0.000,4.6,6.5,0.7,263,6,5.1,6.9,0.8,270,7,5.1,6.9,0.8,270,7,0,29.63,-0.1,0,0,0,41.4,45.5,47.5,0.30,0.22,0.27
CLIF,2019-11-08 18:20:00 EST,43.01479,-77.18518,628,24.9,25.3,18.8,75.2,18.1,0.000,0.082,0.00,0.000,4.4,6.3,0.6,259,6,4.9,7.4,0.8,265,6,4.9,7.4,0.8,265,6,0,29.63,-0.1,0,0,0,41.4,45.5,47.5,0.30,0.22,0.27
CLIF,2019-11-08 18:25:00 EST,43.01479,-77.18518,628,24.6,25.3,18.3,76.1,18.1,0.000,0.082,0.00,0.000,4.6,6.1,0.8,254,7,5.0,7.1,0.8,260,7,5.0,7.1,0.8,260,7,0,29.63,-0.1,0,0,0,41.4,45.5,47.5,0.30,0.22,0.27
CLIF,2019-11-08 18:30:00 EST,43.01479,-77.18518,628,24.7,25.3,17.9,75.4,18.1,0.000,0.082,0.00,0.000,5.1,7.2,0.9,246,7,5.7,8.5,1.0,251,7,5.7,8.5,1.0,251,7,0,29.63,-0.2,0,0,0,41.4,45.5,47.5,0.30,0.22,0.27
CLIF,2019-11-08 18:35:00 EST,43.01479,-77.18518,628,24.7,25.3,17.6,74.4,17.7,0.000,0.082,0.00,0.000,5.4,7.6,0.7,248,9,5.9,9.0,0.9,254,8,5.9,9.0,0.9,254,8,0,29.63,-0.1,0,0,0,41.3,45.5,47.5,0.30,0.22,0.27
CLIF,2019-11-08 18:40:00 EST,43.01479,-77.18518,628,24.7,25.2,17.0,74.5,17.7,0.000,0.082,0.00,0.000,5.9,9.8,1.3,255,9,6.6,11.6,1.6,262,9,6.6,11.6,1.6,262,9,0,29.64,-0.1,0,0,0,41.3,45.5,47.5,0.30,0.22,0.27
CLIF,2019-11-08 18:45:00 EST,43.01479,-77.18518,628,24.7,25.1,17.0,74.5,17.8,0.000,0.082,0.00,0.000,6.0,8.6,1.2,254,7,6.6,10.4,1.4,261,7,6.6,10.4,1.4,261,7,0,29.64,-0.1,0,0,0,41.3,45.5,47.5,0.30,0.22,0.27
CLIF,2019-11-08 18:50:00 EST,43.01479,-77.18518,628,24.8,25.2,17.1,73.8,17.6,0.000,0.082,0.00,0.000,6.0,8.3,1.0,256,7,6.6,9.2,1.2,262,7,6.6,9.2,1.2,262,7,0,29.64,-0.1,0,0,0,41.2,45.5,47.5,0.30,0.22,0.27
CLIF,2019-11-08 18:55:00 EST,43.01479,-77.18518,628,24.8,25.2,16.9,73.7,17.6,0.000,0.082,0.00,0.000,6.2,9.7,1.1,255,7,6.9,12.4,1.3,261,6,6.9,12.4,1.3,261,6,0,29.64,-0.0,0,0,0,41.2,45.5,47.5,0.30,0.22,0.27
CLIF,2019-11-08 19:00:00 EST,43.01479,-77.18518,628,24.9,25.2,17.2,73.0,17.5,0.000,0.082,0.00,0.000,6.1,9.0,1.1,256,8,6.7,9.8,1.2,263,7,6.7,9.8,1.2,263,7,0,29.64,-0.0,0,0,0,41.2,45.5,47.5,0.30,0.22,0.27
CLIF,2019-11-08 19:05:00 EST,43.01479,-77.18518,628,24.9,25.2,17.1,72.7,17.4,0.000,0.082,0.00,0.000,6.2,9.0,1.1,257,9,6.8,10.0,1.3,264,8,6.8,10.0,1.3,264,8,0,29.64,-0.1,0,0,0,41.2,45.5,47.4,0.30,0.22,0.27
CLIF,2019-11-08 19:10:00 EST,43.01479,-77.18518,628,24.9,25.3,17.4,72.8,17.4,0.000,0.082,0.00,0.000,5.7,8.0,0.9,252,9,6.4,9.6,1.1,258,9,6.4,9.6,1.1,258,9,0,29.64,-0.1,0,0,0,41.2,45.5,47.4,0.30,0.22,0.27
CLIF,2019-11-08 19:15:00 EST,43.01479,-77.18518,628,24.7,25.2,17.5,73.1,17.3,0.000,0.082,0.00,0.000,5.5,6.9,0.7,247,8,6.1,7.9,0.8,254,9,6.1,7.9,0.8,254,9,0,29.64,-0.1,0,0,0,41.2,45.5,47.4,0.30,0.22,0.27
CLIF,2019-11-08 19:20:00 EST,43.01479,-77.18518,628,24.6,25.1,17.3,73.4,17.3,0.000,0.082,0.00,0.000,5.7,7.7,0.7,245,8,6.1,8.7,0.8,252,7,6.1,8.7,0.8,252,7,0,29.64,-0.1,0,0,0,41.2,45.5,47.4,0.30,0.22,0.27
CLIF,2019-11-08 19:25:00 EST,43.01479,-77.18518,628,24.4,25.0,17.1,74.0,17.3,0.000,0.082,0.00,0.000,5.6,8.0,0.9,249,7,6.1,9.2,1.0,254,7,6.1,9.2,1.0,254,7,0,29.64,-0.1,0,0,0,41.2,45.5,47.4,0.30,0.22,0.27
CLIF,2019-11-08 19:30:00 EST,43.01479,-77.18518,628,24.1,24.9,16.4,75.2,17.4,0.000,0.082,0.00,0.000,5.9,7.6,0.6,242,7,6.5,8.7,0.6,247,7,6.5,8.7,0.6,247,7,0,29.64,-0.1,0,0,0,41.2,45.5,47.3,0.30,0.22,0.27
CLIF,2019-11-08 19:35:00 EST,43.01479,-77.18518,628,23.9,24.5,16.0,76.6,17.6,0.000,0.082,0.00,0.000,6.3,7.5,0.6,234,5,6.6,7.9,0.7,238,5,6.6,7.9,0.7,238,5,0,29.64,-0.1,0,0,0,41.2,45.5,47.3,0.30,0.22,0.27
CLIF,2019-11-08 19:40:00 EST,43.01479,-77.18518,628,23.8,24.4,15.7,76.9,17.6,0.000,0.082,0.00,0.000,6.6,8.0,0.7,238,6,7.0,8.5,0.7,244,6,7.0,8.5,0.7,244,6,0,29.64,-0.1,0,0,0,41.2,45.5,47.4,0.30,0.22,0.27
CLIF,2019-11-08 19:45:00 EST,43.01479,-77.18518,628,24.0,24.4,15.5,76.3,17.6,0.000,0.082,0.00,0.000,7.1,8.9,0.8,241,4,7.5,10.1,0.9,246,4,7.5,10.1,0.9,246,4,0,29.64,-0.0,0,0,0,41.2,45.5,47.4,0.30,0.22,0.27
CLIF,2019-11-08 19:50:00 EST,43.01479,-77.18518,628,24.0,24.3,15.9,75.9,17.5,0.000,0.082,0.00,0.000,6.5,7.7,0.6,243,5,6.9,8.7,0.7,249,4,6.9,8.7,0.7,249,4,0,29.64,-0.1,0,0,0,41.2,45.5,47.3,0.30,0.22,0.27
CLIF,2019-11-08 19:55:00 EST,43.01479,-77.18518,628,23.8,24.2,15.6,76.9,17.6,0.000,0.082,0.00,0.000,6.6,8.2,0.7,236,5,6.9,8.8,0.8,241,5,6.9,8.8,0.8,241,5,0,29.64,-0.1,0,0,0,41.2,45.5,47.3,0.30,0.22,0.27
CLIF,2019-11-08 20:00:00 EST,43.01479,-77.18518,628,23.6,24.0,15.5,77.4,17.5,0.000,0.082,0.00,0.000,6.3,8.0,0.6,235,6,6.8,8.3,0.7,239,5,6.8,8.3,0.7,239,5,0,29.64,-0.0,0,0,0,41.2,45.5,47.3,0.30,0.22,0.27
CLIF,2019-11-08 20:05:00 EST,43.01479,-77.18518,628,23.3,23.8,15.6,78.2,17.5,0.000,0.082,0.00,0.000,5.9,7.4,0.5,235,6,6.3,8.0,0.6,239,6,6.3,8.0,0.6,239,6,0,29.64,-0.1,0,0,0,41.1,45.5,47.3,0.30,0.22,0.27
CLIF,2019-11-08 20:10:00 EST,43.01479,-77.18518,628,23.0,23.6,14.8,80.2,17.8,0.000,0.082,0.00,0.000,6.3,7.5,0.5,235,4,6.8,8.3,0.6,241,4,6.8,8.3,0.6,241,4,0,29.64,-0.0,0,0,0,41.1,45.5,47.3,0.30,0.22,0.27
CLIF,2019-11-08 20:15:00 EST,43.01479,-77.18518,628,23.0,23.7,14.9,79.5,17.6,0.000,0.082,0.00,0.000,6.3,7.5,0.6,236,4,6.7,8.1,0.6,240,5,6.7,8.1,0.6,240,5,0,29.64,-0.1,0,0,0,41.0,45.5,47.3,0.30,0.22,0.27
CLIF,2019-11-08 20:20:00 EST,43.01479,-77.18518,628,23.1,23.7,15.2,79.3,17.7,0.000,0.082,0.00,0.000,6.2,8.0,0.6,234,5,6.5,8.3,0.6,239,5,6.5,8.3,0.6,239,5,0,29.64,-0.1,0,0,0,41.0,45.5,47.3,0.30,0.22,0.27
CLIF,2019-11-08 20:25:00 EST,43.01479,-77.18518,628,23.0,23.6,15.3,79.4,17.6,0.000,0.082,0.00,0.000,5.9,7.6,0.6,236,4,6.3,8.6,0.6,241,5,6.3,8.6,0.6,241,5,0,29.64,-0.1,0,0,0,41.0,45.5,47.3,0.30,0.22,0.27
CLIF,2019-11-08 20:30:00 EST,43.01479,-77.18518,628,22.8,23.4,15.3,80.0,17.6,0.000,0.082,0.00,0.000,5.7,6.7,0.5,233,4,6.0,7.4,0.6,237,4,6.0,7.4,0.6,237,4,0,29.64,-0.1,0,0,0,41.0,45.5,47.3,0.30,0.22,0.27
CLIF,2019-11-08 20:35:00 EST,43.01479,-77.18518,628,22.7,23.4,15.2,80.2,17.5,0.000,0.082,0.00,0.000,5.7,6.6,0.3,233,4,6.0,7.3,0.4,237,4,6.0,7.3,0.4,237,4,0,29.64,-0.1,0,0,0,41.0,45.5,47.3,0.30,0.22,0.27
CLIF,2019-11-08 20:40:00 EST,43.01479,-77.18518,628,22.7,23.3,15.2,80.2,17.5,0.000,0.082,0.00,0.000,5.5,6.1,0.3,229,2,5.9,6.9,0.4,234,3,5.9,6.9,0.4,234,3,0,29.64,-0.1,0,0,0,41.0,45.5,47.3,0.30,0.22,0.27
CLIF,2019-11-08 20:45:00 EST,43.01479,-77.18518,628,22.6,23.2,15.3,80.4,17.4,0.000,0.082,0.00,0.000,5.3,6.0,0.3,229,3,5.7,6.7,0.4,234,3,5.7,6.7,0.4,234,3,0,29.64,-0.1,0,0,0,41.0,45.5,47.3,0.30,0.22,0.27
CLIF,2019-11-08 20:50:00 EST,43.01479,-77.18518,628,22.5,23.2,15.6,80.5,17.4,0.000,0.082,0.00,0.000,4.9,5.6,0.2,227,2,5.2,6.1,0.3,231,3,5.2,6.1,0.3,231,3,0,29.64,-0.1,0,0,0,41.0,45.5,47.3,0.30,0.22,0.27
CLIF,2019-11-08 20:55:00 EST,43.01479,-77.18518,628,22.4,23.1,15.7,80.6,17.4,0.000,0.082,0.00,0.000,4.8,5.4,0.2,224,3,5.1,5.8,0.3,228,3,5.1,5.8,0.3,228,3,0,29.64,-0.1,0,0,0,41.0,45.5,47.3,0.30,0.22,0.27
CLIF,2019-11-08 21:00:00 EST,43.01479,-77.18518,628,22.2,23.0,15.7,81.2,17.3,0.000,0.082,0.00,0.000,4.6,5.1,0.2,222,3,4.9,5.8,0.3,227,3,4.9,5.8,0.3,227,3,0,29.64,-0.1,0,0,0,41.0,45.5,47.3,0.30,0.22,0.27
CLIF,2019-11-08 21:05:00 EST,43.01479,-77.18518,628,21.9,22.8,15.2,82.9,17.5,0.000,0.082,0.00,0.000,4.7,5.3,0.3,221,3,5.0,5.7,0.4,226,3,5.0,5.7,0.4,226,3,0,29.64,-0.1,0,0,0,41.0,45.5,47.3,0.30,0.22,0.27
CLIF,2019-11-08 21:10:00 EST,43.01479,-77.18518,628,21.8,22.7,15.2,84.4,17.8,0.000,0.082,0.00,0.000,4.6,5.3,0.3,218,3,4.9,5.7,0.4,223,3,4.9,5.7,0.4,223,3,0,29.64,-0.0,0,0,0,41.0,45.5,47.3,0.30,0.22,0.27
CLIF,2019-11-08 21:15:00 EST,43.01479,-77.18518,628,21.5,22.6,15.4,85.0,17.7,0.000,0.082,0.00,0.000,4.1,5.0,0.3,216,5,4.4,5.3,0.4,221,3,4.4,5.3,0.4,221,3,0,29.64,-0.1,0,0,0,41.0,45.4,47.3,0.30,0.22,0.27
CLIF,2019-11-08 21:20:00 EST,43.01479,-77.18518,628,21.3,22.4,15.5,86.5,17.9,0.000,0.082,0.00,0.000,3.9,4.9,0.4,214,5,4.1,5.0,0.4,221,4,4.1,5.0,0.4,221,4,0,29.64,0.0,0,0,0,41.0,45.4,47.3,0.30,0.22,0.27
CLIF,2019-11-08 21:25:00 EST,43.01479,-77.18518,628,21.1,22.3,15.3,86.8,17.8,0.000,0.082,0.00,0.000,3.9,5.0,0.3,212,4,4.2,5.3,0.4,219,4,4.2,5.3,0.4,219,4,0,29.64,0.0,0,0,0,41.0,45.4,47.3,0.30,0.22,0.27
CLIF,2019-11-08 21:30:00 EST,43.01479,-77.18518,628,21.0,22.2,15.4,87.7,18.0,0.000,0.082,0.00,0.000,3.8,4.6,0.3,217,5,4.0,5.0,0.4,223,5,4.0,5.0,0.4,223,5,0,29.63,-0.0,0,0,0,41.0,45.3,47.3,0.30,0.22,0.27
CLIF,2019-11-08 21:35:00 EST,43.01479,-77.18518,628,21.0,22.1,15.3,87.4,17.8,0.000,0.082,0.00,0.000,3.9,5.0,0.3,220,6,4.1,5.1,0.4,225,5,4.1,5.1,0.4,225,5,0,29.63,-0.0,0,0,0,41.0,45.3,47.3,0.30,0.22,0.27
CLIF,2019-11-08 21:40:00 EST,43.01479,-77.18518,628,20.9,22.1,14.8,88.1,17.9,0.000,0.082,0.00,0.000,4.1,5.5,0.3,214,6,4.4,5.7,0.4,220,5,4.4,5.7,0.4,220,5,0,29.63,-0.0,0,0,0,41.0,45.3,47.3,0.30,0.22,0.27
CLIF,2019-11-08 21:45:00 EST,43.01479,-77.18518,628,20.8,22.3,13.9,88.5,17.9,0.000,0.082,0.00,0.000,4.7,5.5,0.4,215,5,5.0,6.6,0.6,221,4,5.0,6.6,0.6,221,4,0,29.63,-0.1,0,0,0,41.0,45.3,47.3,0.30,0.22,0.27
CLIF,2019-11-08 21:50:00 EST,43.01479,-77.18518,628,20.8,22.1,14.3,88.5,18.0,0.000,0.082,0.00,0.000,4.4,5.7,0.4,217,5,4.7,6.1,0.4,222,4,4.7,6.1,0.4,222,4,0,29.63,-0.0,0,0,0,41.0,45.3,47.3,0.30,0.22,0.27
CLIF,2019-11-08 21:55:00 EST,43.01479,-77.18518,628,20.9,22.0,14.7,88.0,17.9,0.000,0.082,0.00,0.000,4.2,5.8,0.5,214,7,4.4,5.7,0.5,220,6,4.4,5.7,0.5,220,6,0,29.63,-0.0,0,0,0,41.0,45.3,47.3,0.30,0.22,0.27
CLIF,2019-11-08 22:00:00 EST,43.01479,-77.18518,628,21.0,22.0,14.7,87.4,17.8,0.000,0.082,0.00,0.000,4.2,5.6,0.5,211,6,4.6,6.6,0.7,218,5,4.6,6.6,0.7,218,5,0,29.63,-0.0,0,0,0,40.9,45.3,47.3,0.30,0.22,0.27
CLIF,2019-11-08 22:05:00 EST,43.01479,-77.18518,628,20.7,21.8,14.1,87.3,17.5,0.000,0.082,0.00,0.000,4.5,6.0,0.6,219,6,4.8,6.0,0.6,224,5,4.8,6.0,0.6,224,5,0,29.63,-0.1,0,0,0,40.9,45.3,47.3,0.30,0.22,0.27
CLIF,2019-11-08 22:10:00 EST,43.01479,-77.18518,628,20.7,21.7,13.6,88.5,17.8,0.000,0.082,0.00,0.000,4.8,5.9,0.4,223,6,5.1,7.2,0.5,228,4,5.1,7.2,0.5,228,4,0,29.63,-0.0,0,0,0,40.8,45.3,47.3,0.30,0.22,0.27
CLIF,2019-11-08 22:15:00 EST,43.01479,-77.18518,628,20.8,22.0,12.7,88.1,17.9,0.000,0.082,0.00,0.000,5.9,7.6,0.7,222,6,6.2,8.3,0.8,226,5,6.2,8.3,0.8,226,5,0,29.63,-0.0,0,0,0,40.8,45.3,47.3,0.30,0.22,0.27
CLIF,2019-11-08 22:20:00 EST,43.01479,-77.18518,628,21.2,22.1,12.9,86.2,17.7,0.000,0.082,0.00,0.000,6.1,8.0,0.6,223,5,6.5,8.4,0.7,227,4,6.5,8.4,0.7,227,4,0,29.63,-0.1,0,0,0,40.8,45.3,47.3,0.30,0.22,0.27
CLIF,2019-11-08 22:25:00 EST,43.01479,-77.18518,628,21.4,22.3,13.3,84.0,17.3,0.000,0.082,0.00,0.000,6.0,7.5,0.7,220,5,6.3,8.8,0.8,225,4,6.3,8.8,0.8,225,4,0,29.62,-0.0,0,0,0,40.8,45.3,47.3,0.30,0.22,0.27
CLIF,2019-11-08 22:30:00 EST,43.01479,-77.18518,628,21.7,22.4,13.7,82.3,17.1,0.000,0.082,0.00,0.000,5.9,8.3,0.8,220,6,6.2,8.1,0.8,225,5,6.2,8.1,0.8,225,5,0,29.62,-0.0,0,0,0,40.8,45.3,47.3,0.30,0.22,0.27
CLIF,2019-11-08 22:35:00 EST,43.01479,-77.18518,628,21.6,22.3,13.6,81.9,16.9,0.000,0.082,0.00,0.000,6.0,7.6,0.7,222,5,6.3,7.9,0.7,227,5,6.3,7.9,0.7,227,5,0,29.62,0.1,0,0,0,40.8,45.3,47.3,0.30,0.22,0.27
CLIF,2019-11-08 22:40:00 EST,43.01479,-77.18518,628,21.4,22.2,12.8,82.3,16.9,0.000,0.082,0.00,0.000,6.6,8.1,0.5,223,5,7.0,8.5,0.6,227,4,7.0,8.5,0.6,227,4,0,29.62,-0.1,0,0,0,40.7,45.3,47.3,0.30,0.22,0.27
CLIF,2019-11-08 22:45:00 EST,43.01479,-77.18518,628,21.6,22.4,12.9,82.6,17.1,0.000,0.082,0.00,0.000,6.7,8.5,0.6,223,6,7.0,9.1,0.7,227,5,7.0,9.1,0.7,227,5,0,29.62,-0.0,0,0,0,40.6,45.3,47.3,0.30,0.22,0.27
CLIF,2019-11-08 22:50:00 EST,43.01479,-77.18518,628,22.0,22.7,13.3,80.5,16.9,0.000,0.082,0.00,0.000,7.0,9.2,0.7,221,7,7.3,9.6,0.8,225,5,7.3,9.6,0.8,225,5,0,29.62,-0.1,0,0,0,40.6,45.3,47.3,0.30,0.22,0.27
CLIF,2019-11-08 22:55:00 EST,43.01479,-77.18518,628,22.1,22.8,14.0,79.6,16.7,0.000,0.082,0.00,0.000,6.1,8.3,0.7,221,7,6.5,8.7,0.8,227,6,6.5,8.7,0.8,227,6,0,29.61,-0.1,0,0,0,40.6,45.3,47.3,0.30,0.22,0.27
CLIF,2019-11-08 23:00:00 EST,43.01479,-77.18518,628,22.0,23.1,14.0,80.1,16.8,0.000,0.082,0.00,0.000,6.0,7.5,0.5,222,6,6.4,7.5,0.6,227,5,6.4,7.5,0.6,227,5,0,29.61,-0.0,0,0,0,40.6,45.3,47.3,0.30,0.22,0.27
CLIF,2019-11-08 23:05:00 EST,43.01479,-77.18518,628,22.3,23.3,13.9,79.4,16.9,0.000,0.082,0.00,0.000,6.5,7.7,0.6,220,7,6.8,8.4,0.7,226,4,6.8,8.4,0.7,226,4,0,29.61,0.0,0,0,0,40.6,45.3,47.3,0.30,0.22,0.27
CLIF,2019-11-08 23:10:00 EST,43.01479,-77.18518,628,22.2,23.3,14.1,79.3,16.7,0.000,0.082,0.00,0.000,6.2,8.0,0.8,222,7,6.5,8.8,0.9,227,5,6.5,8.8,0.9,227,5,0,29.61,-0.0,0,0,0,40.6,45.3,47.3,0.30,0.22,0.27
CLIF,2019-11-08 23:15:00 EST,43.01479,-77.18518,628,22.1,23.5,14.3,79.4,16.7,0.000,0.082,0.00,0.000,5.9,7.4,0.7,221,6,6.2,8.3,0.7,225,4,6.2,8.3,0.7,225,4,0,29.61,-0.1,0,0,0,40.6,45.3,47.3,0.30,0.22,0.27
CLIF,2019-11-08 23:20:00 EST,43.01479,-77.18518,628,22.2,23.6,14.7,79.7,16.9,0.000,0.082,0.00,0.000,5.5,7.7,0.8,217,8,5.9,8.1,0.8,223,7,5.9,8.1,0.8,223,7,0,29.61,-0.1,0,0,0,40.6,45.3,47.2,0.30,0.22,0.27
CLIF,2019-11-08 23:25:00 EST,43.01479,-77.18518,628,22.4,23.3,15.4,78.4,16.7,0.000,0.082,0.00,0.000,5.0,8.0,1.0,212,10,5.3,8.6,1.1,218,9,5.3,8.6,1.1,218,9,0,29.61,-0.0,0,0,0,40.6,45.3,47.3,0.30,0.22,0.27
CLIF,2019-11-08 23:30:00 EST,43.01479,-77.18518,628,21.8,22.7,15.1,80.1,16.6,0.000,0.082,0.00,0.000,4.6,6.6,0.7,208,10,5.0,7.5,0.9,215,9,5.0,7.5,0.9,215,9,0,29.61,-0.0,0,0,0,40.6,45.3,47.1,0.30,0.22,0.27
CLIF,2019-11-08 23:35:00 EST,43.01479,-77.18518,628,21.7,22.5,14.7,81.3,16.9,0.000,0.082,0.00,0.000,5.0,6.7,0.6,215,8,5.3,7.3,0.7,221,8,5.3,7.3,0.7,221,8,0,29.61,-0.0,0,0,0,40.6,45.3,47.2,0.30,0.22,0.27
CLIF,2019-11-08 23:40:00 EST,43.01479,-77.18518,628,21.7,22.5,15.0,82.1,17.1,0.000,0.082,0.00,0.000,4.8,6.5,0.8,215,9,5.0,7.7,0.8,221,7,5.0,7.7,0.8,221,7,0,29.61,-0.0,0,0,0,40.5,45.2,47.1,0.30,0.22,0.27
CLIF,2019-11-08 23:45:00 EST,43.01479,-77.18518,628,21.7,22.6,15.4,82.5,17.2,0.000,0.082,0.00,0.000,4.3,5.9,0.6,211,9,4.6,6.3,0.6,218,8,4.6,6.3,0.6,218,8,0,29.61,0.1,0,0,0,40.5,45.2,47.1,0.30,0.22,0.27
CLIF,2019-11-08 23:50:00 EST,43.01479,-77.18518,628,21.8,22.6,15.3,81.8,17.1,0.000,0.082,0.00,0.000,4.5,6.8,0.9,215,8,4.8,7.1,1.0,220,6,4.8,7.1,1.0,220,6,0,29.61,0.0,0,0,0,40.5,45.2,47.1,0.30,0.22,0.27
CLIF,2019-11-08 23:55:00 EST,43.01479,-77.18518,628,21.5,22.4,15.1,82.1,16.9,0.000,0.082,0.00,0.000,4.5,6.7,0.7,222,6,4.7,7.1,0.7,227,6,4.7,7.1,0.7,227,6,0,29.61,-0.1,0,0,0,40.5,45.2,47.1,0.30,0.22,0.27
CLYM,2019-11-08 00:00:00 EST,42.02447,-79.62408,1477,26.5,26.4,20.1,99.8,26.5,0.005,0.106,0.00,0.013,5.4,8.0,1.3,288,8,5.5,8.6,1.3,291,8,5.5,8.6,1.3,291,8,0,28.58,-0.2,0,0,0,44.1,48.0,49.5,0.35,0.29,0.14
CLYM,2019-11-08 00:05:00 EST,42.02447,-79.62408,1477,26.5,26.2,17.8,99.8,26.4,0.013,0.013,0.00,0.024,8.5,12.0,1.5,300,11,8.5,12.3,1.5,304,11,8.5,12.3,1.5,304,11,0,28.58,-0.0,0,0,0,44.1,48.0,49.5,0.35,0.29,0.14
CLYM,2019-11-08 00:10:00 EST,42.02447,-79.62408,1477,26.2,25.9,18.2,99.9,26.2,0.015,0.028,0.00,0.038,7.2,9.3,0.9,286,11,7.4,9.6,1.1,288,11,7.4,9.6,1.1,288,11,0,28.58,-0.5,0,0,0,44.1,48.0,49.5,0.35,0.29,0.14
CLYM,2019-11-08 00:15:00 EST,42.02447,-79.62408,1477,26.1,25.9,18.9,99.9,26.1,0.018,0.046,0.24,0.052,6.1,9.1,1.2,286,10,6.3,9.7,1.3,288,11,6.3,9.7,1.3,288,11,0,28.58,,0,0,0,44.1,48.0,49.5,0.35,0.29,0.14
CLYM,2019-11-08 00:20:00 EST,42.02447,-79.62408,1477,26.0,25.8,18.9,99.9,26.0,0.012,0.057,0.00,0.062,6.1,8.8,0.9,296,9,6.2,8.5,0.9,299,9,6.2,8.5,0.9,299,9,0,28.58,,0,0,0,44.1,48.0,49.5,0.35,0.29,0.14
CLYM,2019-11-08 00:25:00 EST,42.02447,-79.62408,1477,26.1,25.9,20.0,99.9,26.0,0.010,0.068,0.00,0.072,5.0,6.5,0.6,291,11,5.1,6.9,0.6,293,11,5.1,6.9,0.6,293,11,0,28.58,0.3,0,0,0,44.1,48.0,49.5,0.35,0.29,0.14
CLYM,2019-11-08 00:30:00 EST,42.02447,-79.62408,1477,26.0,25.8,19.6,99.8,26.0,0.009,0.077,0.00,0.082,5.4,7.3,0.8,291,5,5.5,7.5,0.8,294,6,5.5,7.5,0.8,294,6,0,28.58,1.4,0,0,0,44.1,47.9,49.5,0.35,0.29,0.14
CLYM,2019-11-08 00:35:00 EST,42.02447,-79.62408,1477,26.1,25.9,19.4,99.8,26.0,0.006,0.083,0.00,0.088,5.6,9.3,1.1,294,10,5.8,9.5,1.1,297,11,5.8,9.5,1.1,297,11,0,28.58,0.1,0,0,0,44.1,47.9,49.5,0.35,0.29,0.14
CLYM,2019-11-08 00:40:00 EST,42.02447,-79.62408,1477,26.0,25.9,16.7,99.9,26.0,0.004,0.087,0.00,0.092,9.1,14.3,2.5,285,14,9.3,15.7,2.6,287,13,9.3,15.7,2.6,287,13,0,28.58,1.6,0,0,0,44.1,47.8,49.5,0.35,0.29,0.14
CLYM,2019-11-08 00:45:00 EST,42.02447,-79.62408,1477,26.1,25.9,17.2,99.9,26.0,0.003,0.090,0.00,0.095,8.3,14.4,1.7,276,13,8.6,15.0,1.8,278,12,8.6,15.0,1.8,278,12,0,28.58,1.3,0,0,0,44.1,47.8,49.5,0.35,0.29,0.14
CLYM,2019-11-08 00:50:00 EST,42.02447,-79.62408,1477,25.9,25.8,15.6,99.9,25.9,0.007,0.097,0.00,0.102,10.7,15.3,2.2,281,11,11.1,15.8,2.3,282,10,11.1,15.8,2.3,282,10,0,28.58,,0,0,0,44.0,47.8,49.5,0.35,0.29,0.14
CLYM,2019-11-08 00:55:00 EST,42.02447,-79.62408,1477,25.6,25.5,15.8,99.9,25.6,0.005,0.102,0.00,0.107,9.6,14.8,2.0,269,10,10.1,16.9,2.1,272,8,10.1,16.9,2.1,272,8,0,28.57,1.8,0,0,0,43.9,47.8,49.5,0.35,0.29,0.14
CLYM,2019-11-08 01:00:00 EST,42.02447,-79.62408,1477,25.5,25.4,17.1,99.9,25.5,0.006,0.109,0.00,0.109,7.4,10.7,1.3,272,9,7.8,11.1,1.4,274,8,7.8,11.1,1.4,274,8,0,28.57,1.4,0,0,0,43.9,47.8,49.5,0.35,0.29,0.14
CLYM,2019-11-08 01:05:00 EST,42.02447,-79.62408,1477,25.5,25.3,18.2,99.8,25.4,0.003,0.111,0.00,0.098,6.0,7.5,0.8,273,8,6.3,8.4,0.9,275,8,6.3,8.4,0.9,275,8,0,28.57,1.6,0,0,0,43.9,47.8,49.5,0.35,0.29,0.14
CLYM,2019-11-08 01:10:00 EST,42.02447,-79.62408,1477,25.6,25.5,17.5,99.8,25.5,0.000,0.111,0.00,0.083,7.0,10.9,1.9,284,10,7.3,12.0,2.0,284,9,7.3,12.0,2.0,284,9,0,28.57,1.8,0,0,0,43.9,47.8,49.5,0.35,0.29,0.14
CLYM,2019-11-08 01:15:00 EST,42.02447,-79.62408,1477,25.9,25.7,16.2,99.9,25.8,0.015,0.126,0.00,0.081,9.9,12.6,1.1,299,7,9.9,13.1,1.1,302,7,9.9,13.1,1.1,302,7,0,28.58,1.9,0,0,0,43.9,47.8,49.5,0.36,0.29,0.14
CLYM,2019-11-08 01:20:00 EST,42.02447,-79.62408,1477,25.8,25.6,16.9,99.8,25.7,0.013,0.139,0.00,0.082,8.5,11.5,1.3,295,9,8.6,12.3,1.4,298,10,8.6,12.3,1.4,298,10,0,28.58,2.3,0,0,0,43.9,47.8,49.5,0.35,0.29,0.14
CLYM,2019-11-08 01:25:00 EST,42.02447,-79.62408,1477,25.8,25.6,15.9,99.8,25.7,0.009,0.148,0.00,0.081,9.9,14.0,1.8,286,10,10.1,14.2,1.8,287,9,10.1,14.2,1.8,287,9,0,28.58,2.6,0,0,0,43.9,47.8,49.5,0.35,0.29,0.14
CLYM,2019-11-08 01:30:00 EST,42.02447,-79.62408,1477,25.7,25.6,16.3,99.9,25.7,0.019,0.168,0.31,0.091,9.0,12.1,1.4,280,10,9.3,14.5,1.7,282,9,9.3,14.5,1.7,282,9,0,28.58,3.0,0,0,0,43.9,47.8,49.5,0.35,0.29,0.14
CLYM,2019-11-08 01:35:00 EST,42.02447,-79.62408,1477,25.6,25.5,16.8,99.8,25.6,0.010,0.178,0.00,0.095,8.3,11.7,1.2,290,11,8.5,12.1,1.3,293,11,8.5,12.1,1.3,293,11,0,28.58,3.0,0,0,0,43.9,47.8,49.5,0.35,0.29,0.14
CLYM,2019-11-08 01:40:00 EST,42.02447,-79.62408,1477,25.6,25.4,16.9,99.9,25.5,0.004,0.182,0.00,0.094,8.0,10.4,1.1,279,10,8.2,10.5,1.1,281,9,8.2,10.5,1.1,281,9,0,28.57,3.1,0,0,0,43.9,47.8,49.5,0.35,0.29,0.14
CLYM,2019-11-08 01:45:00 EST,42.02447,-79.62408,1477,25.5,25.4,17.2,99.9,25.5,0.005,0.187,0.00,0.097,7.2,12.2,1.5,265,11,7.7,12.9,1.7,268,10,7.7,12.9,1.7,268,10,0,28.57,3.1,0,0,0,43.9,47.8,49.5,0.35,0.29,0.14
CLYM,2019-11-08 01:50:00 EST,42.02447,-79.62408,1477,25.6,25.5,18.1,99.8,25.6,0.007,0.194,0.00,0.096,6.3,9.7,1.4,259,10,6.6,10.7,1.6,262,10,6.6,10.7,1.6,262,10,0,28.57,3.0,0,0,0,43.9,47.8,49.5,0.35,0.29,0.14
CLYM,2019-11-08 01:55:00 EST,42.02447,-79.62408,1477,25.6,25.5,18.5,99.8,25.6,0.004,0.197,0.00,0.095,5.7,8.5,1.0,274,10,6.1,9.2,1.1,276,10,6.1,9.2,1.1,276,10,0,28.58,2.6,0,0,0,43.9,47.8,49.5,0.35,0.29,0.14
CLYM,2019-11-08 02:00:00 EST,42.02447,-79.62408,1477,25.6,25.4,18.5,99.8,25.5,0.011,0.208,0.00,0.100,5.7,9.1,1.1,270,13,6.0,11.4,1.4,274,11,6.0,11.4,1.4,274,11,0,28.58,,0,0,0,43.9,47.8,49.5,0.35,0.29,0.14
CLYM,2019-11-08 02:05:00 EST,42.02447,-79.62408,1477,25.6,25.4,18.2,99.9,25.5,0.007,0.215,0.00,0.104,6.2,8.7,1.0,279,8,6.5,8.9,1.0,282,7,6.5,8.9,1.0,282,7,0,28.58,3.5,0,0,0,43.8,47.8,49.5,0.35,0.29,0.14
CLYM,2019-11-08 02:10:00 EST,42.02447,-79.62408,1477,25.6,25.4,18.1,99.8,25.5,0.006,0.221,0.00,0.109,6.4,8.0,0.7,284,8,6.5,8.5,0.7,287,8,6.5,8.5,0.7,287,8,0,28.58,3.6,0,0,0,43.7,47.8,49.5,0.35,0.29,0.14
CLYM,2019-11-08 02:15:00 EST,42.02447,-79.62408,1477,25.6,25.5,18.8,99.9,25.6,0.007,0.228,0.00,0.102,5.7,7.3,0.7,298,8,5.8,8.1,0.8,301,9,5.8,8.1,0.8,301,9,0,28.58,3.6,0,0,0,43.7,47.8,49.5,0.35,0.29,0.14
CLYM,2019-11-08 02:20:00 EST,42.02447,-79.62408,1477,25.7,25.6,17.3,99.8,25.7,0.010,0.238,0.00,0.098,7.7,10.2,1.0,288,9,7.9,11.5,1.1,290,9,7.9,11.5,1.1,290,9,0,28.58,3.6,0,0,0,43.7,47.8,49.5,0.35,0.29,0.14
CLYM,2019-11-08 02:25:00 EST,42.02447,-79.62408,1477,25.9,25.7,17.9,99.8,25.8,0.005,0.243,0.00,0.094,6.9,9.4,1.1,272,12,7.3,10.9,1.2,274,12,7.3,10.9,1.2,274,12,0,28.58,3.7,0,0,0,43.7,47.8,49.5,0.35,0.29,0.14
CLYM,2019-11-08 02:30:00 EST,42.02447,-79.62408,1477,25.9,25.7,18.2,99.8,25.8,0.004,0.247,0.00,0.080,6.5,11.0,1.5,274,10,6.9,11.5,1.5,277,11,6.9,11.5,1.5,277,11,0,28.58,3.7,0,0,0,43.7,47.8,49.5,0.35,0.29,0.14
CLYM,2019-11-08 02:35:00 EST,42.02447,-79.62408,1477,25.9,25.7,18.0,99.9,25.8,0.006,0.254,0.00,0.076,6.7,9.2,1.3,272,10,7.1,11.0,1.4,276,10,7.1,11.0,1.4,276,10,0,28.58,3.9,0,0,0,43.7,47.8,49.5,0.35,0.29,0.14
CLYM,2019-11-08 02:40:00 EST,42.02447,-79.62408,1477,25.8,25.7,18.7,99.8,25.8,0.004,0.257,0.00,0.075,5.8,9.9,1.3,272,11,6.2,10.7,1.5,274,11,6.2,10.7,1.5,274,11,0,28.58,3.9,0,0,0,43.7,47.8,49.5,0.35,0.29,0.14
CLYM,2019-11-08 02:45:00 EST,42.02447,-79.62408,1477,25.8,25.7,16.6,99.8,25.8,0.011,0.268,0.00,0.081,8.6,11.9,1.4,271,11,9.0,13.5,1.6,273,8,9.0,13.5,1.6,273,8,0,28.58,3.9,0,0,0,43.7,47.8,49.5,0.35,0.29,0.14
CLYM,2019-11-08 02:50:00 EST,42.02447,-79.62408,1477,25.8,25.7,17.2,99.9,25.8,0.002,0.270,0.00,0.076,8.0,12.1,1.5,279,8,8.2,13.0,1.6,282,8,8.2,13.0,1.6,282,8,0,28.58,3.9,0,0,0,43.7,47.8,49.5,0.35,0.29,0.14
CLYM,2019-11-08 02:55:00 EST,42.02447,-79.62408,1477,25.8,25.7,18.2,99.8,25.8,0.000,0.270,0.00,0.072,6.6,8.8,1.0,277,10,6.9,9.3,1.0,279,9,6.9,9.3,1.0,279,9,0,28.58,3.9,0,0,0,43.7,47.8,49.5,0.35,0.29,0.14
CLYM,2019-11-08 03:00:00 EST,42.02447,-79.62408,1477,25.8,25.7,18.4,99.8,25.7,0.000,0.270,0.00,0.061,6.3,8.5,0.8,276,8,6.4,8.7,0.8,278,8,6.4,8.7,0.8,278,8,0,28.58,3.9,0,0,0,43.7,47.8,49.5,0.35,0.29,0.14
CLYM,2019-11-08 03:05:00 EST,42.02447,-79.62408,1477,25.7,25.7,18.0,99.8,25.7,0.000,0.270,0.00,0.054,6.7,9.0,0.9,278,7,6.9,9.5,0.9,280,7,6.9,9.5,0.9,280,7,0,28.58,4.1,0,0,0,43.7,47.8,49.5,0.35,0.29,0.14
CLYM,2019-11-08 03:10:00 EST,42.02447,-79.62408,1477,25.6,25.7,17.9,99.9,25.6,0.000,0.270,0.00,0.049,6.5,9.1,1.0,280,9,6.8,9.7,1.0,282,8,6.8,9.7,1.0,282,8,0,28.58,,0,0,0,43.7,47.8,49.5,0.35,0.29,0.14
CLYM,2019-11-08 03:15:00 EST,42.02447,-79.62408,1477,25.5,25.6,18.8,99.8,25.5,0.000,0.270,0.00,0.042,5.5,8.0,0.8,282,9,5.7,8.4,0.8,285,9,5.7,8.4,0.8,285,9,0,28.58,3.9,0,0,0,43.7,47.8,49.5,0.35,0.29,0.14
CLYM,2019-11-08 03:20:00 EST,42.02447,-79.62408,1477,25.5,25.6,18.1,99.8,25.4,0.000,0.270,0.00,0.032,6.2,9.2,0.9,284,9,6.5,9.5,1.0,287,8,6.5,9.5,1.0,287,8,0,28.58,3.8,0,0,0,43.7,47.8,49.5,0.35,0.29,0.14
CLYM,2019-11-08 03:25:00 EST,42.02447,-79.62408,1477,25.6,25.7,17.9,99.8,25.6,0.000,0.270,0.00,0.027,6.6,8.8,1.0,284,9,6.8,9.1,1.0,286,8,6.8,9.1,1.0,286,8,0,28.58,3.9,0,0,0,43.6,47.7,49.5,0.35,0.29,0.14
CLYM,2019-11-08 03:30:00 EST,42.02447,-79.62408,1477,25.7,25.8,18.8,99.9,25.7,0.000,0.270,0.00,0.022,5.7,9.1,1.4,287,12,5.9,9.4,1.4,290,11,5.9,9.4,1.4,290,11,0,28.58,3.8,0,0,0,43.7,47.5,49.5,0.35,0.29,0.14
CLYM,2019-11-08 03:35:00 EST,42.02447,-79.62408,1477,25.6,25.7,19.0,99.8,25.6,0.000,0.270,0.00,0.016,5.5,7.4,0.7,292,8,5.6,7.8,0.7,296,9,5.6,7.8,0.7,296,9,0,28.58,3.7,0,0,0,43.6,47.5,49.5,0.35,0.29,0.14
CLYM,2019-11-08 03:40:00 EST,42.02447,-79.62408,1477,25.6,25.7,18.8,99.8,25.6,0.000,0.270,0.00,0.013,5.6,7.5,0.8,290,10,5.9,7.9,0.8,293,9,5.9,7.9,0.8,293,9,0,28.58,3.6,0,0,0,43.5,47.5,49.5,0.35,0.29,0.14
CLYM,2019-11-08 03:45:00 EST,42.02447,-79.62408,1477,25.6,25.7,18.9,99.8,25.5,0.000,0.270,0.00,0.002,5.4,7.5,0.8,287,9,5.7,7.9,0.8,290,8,5.7,7.9,0.8,290,8,0,28.58,3.6,0,0,0,43.5,47.5,49.5,0.35,0.29,0.14
CLYM,2019-11-08 03:50:00 EST,42.02447,-79.62408,1477,25.7,25.8,19.1,99.8,25.7,0.000,0.270,0.00,0.000,5.4,7.1,0.8,284,7,5.6,7.9,0.8,286,7,5.6,7.9,0.8,286,7,0,28.58,3.5,0,0,0,43.5,47.5,49.5,0.35,0.29,0.14
CLYM,2019-11-08 03:55:00 EST,42.02447,-79.62408,1477,25.3,25.7,20.0,99.9,25.3,0.000,0.270,0.00,0.000,4.2,5.8,0.5,299,6,4.3,5.9,0.6,302,6,4.3,5.9,0.6,302,6,0,28.59,3.2,0,0,0,43.5,47.5,49.5,0.35,0.29,0.14
CLYM,2019-11-08 04:00:00 EST,42.02447,-79.62408,1477,24.4,25.5,19.3,99.9,24.4,0.000,0.270,0.00,0.000,3.9,4.7,0.4,296,6,4.0,5.2,0.5,300,6,4.0,5.2,0.5,300,6,0,28.59,3.1,0,0,0,43.5,47.5,49.5,0.35,0.29,0.14
CLYM,2019-11-08 04:05:00 EST,42.02447,-79.62408,1477,24.1,25.6,17.5,99.9,24.1,0.000,0.270,0.00,0.000,5.2,7.6,0.8,299,11,5.3,7.7,0.8,302,10,5.3,7.7,0.8,302,10,0,28.59,3.2,0,0,0,43.5,47.5,49.5,0.35,0.29,0.14
CLYM,2019-11-08 04:10:00 EST,42.02447,-79.62408,1477,24.2,25.5,17.8,99.8,24.1,0.000,0.270,0.00,0.000,4.9,7.7,0.8,297,9,5.1,8.2,0.9,299,9,5.1,8.2,0.9,299,9,0,28.59,3.5,0,0,0,43.5,47.5,49.5,0.35,0.29,0.14
CLYM,2019-11-08 04:15:00 EST,42.02447,-79.62408,1477,24.7,25.7,17.3,99.8,24.6,0.000,0.270,0.00,0.000,6.1,7.2,0.6,296,4,6.2,7.6,0.6,299,4,6.2,7.6,0.6,299,4,0,28.59,,0,0,0,43.5,47.5,49.5,0.35,0.29,0.14
CLYM,2019-11-08 04:20:00 EST,42.02447,-79.62408,1477,25.3,25.9,18.0,99.8,25.2,0.000,0.270,0.00,0.000,6.2,8.2,0.6,297,6,6.3,8.9,0.7,300,6,6.3,8.9,0.7,300,6,0,28.59,3.6,0,0,0,43.5,47.5,49.5,0.35,0.29,0.14
CLYM,2019-11-08 04:25:00 EST,42.02447,-79.62408,1477,25.9,26.2,17.8,99.9,25.9,0.004,0.273,0.00,0.004,7.4,9.1,0.8,298,8,7.5,9.9,0.8,302,7,7.5,9.9,0.8,302,7,0,28.59,3.6,0,0,0,43.5,47.5,49.5,0.35,0.29,0.14
CLYM,2019-11-08 04:30:00 EST,42.02447,-79.62408,1477,25.9,26.4,17.6,99.9,25.9,0.000,0.273,0.00,0.004,7.8,10.4,1.0,303,6,7.8,10.5,1.0,306,6,7.8,10.5,1.0,306,6,0,28.59,3.5,0,0,0,43.5,47.5,49.5,0.35,0.29,0.14
CLYM,2019-11-08 04:35:00 EST,42.02447,-79.62408,1477,25.1,26.3,17.2,99.8,25.1,0.000,0.273,0.00,0.004,7.0,8.9,0.9,304,7,7.0,8.7,0.8,307,6,7.0,8.7,0.8,307,6,0,28.59,3.4,0,0,0,43.5,47.5,49.5,0.35,0.29,0.14
CLYM,2019-11-08 04:40:00 EST,42.02447,-79.62408,1477,24.3,26.1,16.9,99.9,24.3,0.000,0.273,0.00,0.004,6.1,8.3,0.7,297,6,6.3,8.5,0.7,301,6,6.3,8.5,0.7,301,6,0,28.59,3.6,0,0,0,43.5,47.5,49.5,0.35,0.29,0.14
CLYM,2019-11-08 04:45:00 EST,42.02447,-79.62408,1477,23.8,25.9,17.2,99.8,23.8,0.000,0.273,0.00,0.004,5.1,6.0,0.4,307,6,5.2,6.6,0.5,310,5,5.2,6.6,0.5,310,5,0,28.59,3.5,0,0,0,43.5,47.5,49.5,0.35,0.29,0.14
CLYM,2019-11-08 04:50:00 EST,42.02447,-79.62408,1477,24.5,25.9,18.1,99.8,24.5,0.000,0.273,0.00,0.004,4.9,7.2,0.9,328,11,5.2,7.4,0.9,332,11,5.2,7.4,0.9,332,11,0,28.59,4.0,0,0,0,43.5,47.5,49.5,0.35,0.29,0.14
CLYM,2019-11-08 04:55:00 EST,42.02447,-79.62408,1477,25.1,26.1,17.7,99.8,25.0,0.000,0.273,0.00,0.004,6.4,9.6,1.4,324,9,6.3,9.7,1.4,328,10,6.3,9.7,1.4,328,10,0,28.60,3.4,0,0,0,43.5,47.5,49.5,0.35,0.29,0.14
CLYM,2019-11-08 05:00:00 EST,42.02447,-79.62408,1477,25.1,26.3,17.3,99.8,25.0,0.000,0.273,0.00,0.004,6.8,10.1,0.9,318,7,6.8,9.4,0.8,321,6,6.8,9.4,0.8,321,6,0,28.60,3.5,0,0,0,43.5,47.5,49.5,0.35,0.29,0.14
CLYM,2019-11-08 05:05:00 EST,42.02447,-79.62408,1477,25.6,26.4,16.7,99.9,25.5,0.000,0.273,0.00,0.004,8.4,11.8,1.3,307,9,8.4,11.6,1.2,310,9,8.4,11.6,1.2,310,9,0,28.60,3.5,0,0,0,43.5,47.5,49.5,0.35,0.29,0.14
CLYM,2019-11-08 05:10:00 EST,42.02447,-79.62408,1477,25.9,25.9,15.8,99.8,25.8,0.000,0.273,0.00,0.004,10.5,16.4,2.1,292,10,10.6,16.8,2.1,295,10,10.6,16.8,2.1,295,10,0,28.60,3.2,0,0,0,43.5,47.5,49.5,0.35,0.29,0.14
CLYM,2019-11-08 05:15:00 EST,42.02447,-79.62408,1477,25.7,25.7,15.4,99.8,25.7,0.006,0.280,0.00,0.010,11.0,14.9,1.2,299,8,11.0,14.6,1.2,301,8,11.0,14.6,1.2,301,8,0,28.61,3.0,0,0,0,43.5,47.5,49.4,0.35,0.29,0.14
CLYM,2019-11-08 05:20:00 EST,42.02447,-79.62408,1477,25.8,25.8,16.5,99.9,25.7,0.009,0.289,0.35,0.019,9.2,12.3,1.2,309,7,9.1,12.3,1.1,313,6,9.1,12.3,1.1,313,6,0,28.61,3.2,0,0,0,43.5,47.5,49.4,0.35,0.29,0.14
CLYM,2019-11-08 05:25:00 EST,42.02447,-79.62408,1477,25.4,25.8,16.9,99.8,25.3,0.000,0.289,0.00,0.015,7.8,12.4,1.4,308,7,7.9,12.1,1.3,311,6,7.9,12.1,1.3,311,6,0,28.61,3.2,0,0,0,43.5,47.5,49.4,0.35,0.29,0.14
CLYM,2019-11-08 05:30:00 EST,42.02447,-79.62408,1477,25.0,25.8,16.2,99.8,24.9,0.000,0.289,0.00,0.015,8.2,10.8,0.9,301,6,8.2,10.6,0.8,305,6,8.2,10.6,0.8,305,6,0,28.61,3.1,0,0,0,43.5,47.5,49.3,0.35,0.29,0.14
CLYM,2019-11-08 05:35:00 EST,42.02447,-79.62408,1477,24.5,25.7,16.0,99.8,24.5,0.000,0.289,0.00,0.015,7.6,9.6,0.8,298,6,7.6,10.3,0.7,302,6,7.6,10.3,0.7,302,6,0,28.61,3.0,0,0,0,43.5,47.5,49.3,0.35,0.29,0.14
CLYM,2019-11-08 05:40:00 EST,42.02447,-79.62408,1477,24.4,25.5,16.1,99.8,24.4,0.000,0.289,0.00,0.015,7.1,11.0,1.1,296,7,7.2,12.7,1.2,299,7,7.2,12.7,1.2,299,7,0,28.61,2.9,0,0,0,43.5,47.5,49.3,0.35,0.29,0.14
CLYM,2019-11-08 05:45:00 EST,42.02447,-79.62408,1477,24.2,25.5,15.4,99.8,24.2,0.000,0.289,0.00,0.015,8.0,11.0,1.2,301,7,8.0,11.5,1.3,305,7,8.0,11.5,1.3,305,7,0,28.61,2.9,0,0,0,43.5,47.5,49.3,0.35,0.29,0.14
CLYM,2019-11-08 05:50:00 EST,42.02447,-79.62408,1477,24.4,25.5,16.4,99.8,24.3,0.000,0.289,0.00,0.015,6.7,8.5,0.7,308,9,6.9,9.0,0.7,312,9,6.9,9.0,0.7,312,9,0,28.61,2.9,0,0,0,43.5,47.5,49.3,0.35,0.29,0.14
CLYM,2019-11-08 05:55:00 EST,42.02447,-79.62408,1477,24.2,25.8,15.5,99.8,24.2,0.000,0.289,0.00,0.015,7.8,11.0,1.2,311,8,7.9,11.1,1.2,315,8,7.9,11.1,1.2,315,8,0,28.62,3.0,0,0,0,43.5,47.5,49.3,0.35,0.29,0.14
CLYM,2019-11-08 06:00:00 EST,42.02447,-79.62408,1477,24.8,25.9,15.9,99.8,24.8,0.000,0.289,0.00,0.015,8.3,12.9,1.2,309,6,8.3,12.1,1.2,312,6,8.3,12.1,1.2,312,6,0,28.62,2.5,0,0,0,43.5,47.5,49.3,0.35,0.29,0.14
CLYM,2019-11-08 06:05:00 EST,42.02447,-79.62408,1477,24.8,26.0,16.5,99.8,24.8,0.000,0.289,0.00,0.015,7.5,10.1,0.8,310,7,7.5,9.8,0.8,313,6,7.5,9.8,0.8,313,6,0,28.62,2.6,0,0,0,43.5,47.4,49.3,0.35,0.29,0.14
CLYM,2019-11-08 06:10:00 EST,42.02447,-79.62408,1477,24.7,26.0,16.4,99.8,24.6,0.000,0.289,0.00,0.015,7.3,10.2,1.2,319,11,7.3,11.1,1.2,322,11,7.3,11.1,1.2,322,11,0,28.62,2.6,0,0,0,43.5,47.4,49.3,0.35,0.29,0.14
CLYM,2019-11-08 06:15:00 EST,42.02447,-79.62408,1477,24.7,26.0,16.1,99.8,24.7,0.000,0.289,0.00,0.009,7.8,11.3,1.2,314,7,7.8,11.7,1.1,317,7,7.8,11.7,1.1,317,7,0,28.62,2.7,0,0,0,43.5,47.5,49.3,0.35,0.29,0.14
CLYM,2019-11-08 06:20:00 EST,42.02447,-79.62408,1477,24.7,26.0,16.1,99.8,24.7,0.000,0.289,0.00,0.000,7.9,9.7,0.7,309,6,7.8,9.7,0.7,312,6,7.8,9.7,0.7,312,6,0,28.63,2.6,0,0,0,43.5,47.4,49.3,0.35,0.29,0.14
CLYM,2019-11-08 06:25:00 EST,42.02447,-79.62408,1477,23.6,25.8,15.8,99.8,23.6,0.000,0.289,0.00,0.000,6.4,8.5,0.8,308,6,6.4,8.9,0.8,311,5,6.4,8.9,0.8,311,5,0,28.63,2.6,0,0,0,43.5,47.4,49.3,0.35,0.29,0.14
CLYM,2019-11-08 06:30:00 EST,42.02447,-79.62408,1477,23.5,25.5,15.5,99.8,23.5,0.000,0.289,0.00,0.000,6.6,8.5,0.9,313,9,6.7,8.8,1.0,316,8,6.7,8.8,1.0,316,8,0,28.63,2.7,0,0,0,43.5,47.3,49.3,0.35,0.29,0.14
CLYM,2019-11-08 06:35:00 EST,42.02447,-79.62408,1477,24.1,25.4,16.5,99.8,24.1,0.000,0.289,0.00,0.000,6.3,9.5,1.2,326,8,6.4,9.5,1.3,330,8,6.4,9.5,1.3,330,8,0,28.63,2.7,0,0,0,43.5,47.3,49.3,0.35,0.29,0.14
CLYM,2019-11-08 06:40:00 EST,42.02447,-79.62408,1477,24.4,25.7,16.2,99.8,24.4,0.000,0.289,0.00,0.000,7.0,12.1,1.7,324,9,7.2,11.7,1.7,327,10,7.2,11.7,1.7,327,10,0,28.63,2.8,0,0,0,43.5,47.3,49.3,0.35,0.29,0.14
CLYM,2019-11-08 06:45:00 EST,42.02447,-79.62408,1477,25.2,25.9,16.8,99.8,25.1,0.000,0.289,0.00,0.000,7.6,11.2,1.2,315,8,7.6,10.7,1.1,319,7,7.6,10.7,1.1,319,7,1,28.64,2.9,0,0,0,43.5,47.3,49.3,0.35,0.29,0.14
CLYM,2019-11-08 06:50:00 EST,42.02447,-79.62408,1477,25.7,26.1,16.6,99.8,25.6,0.005,0.293,0.00,0.005,8.8,11.3,1.3,313,9,8.8,11.2,1.2,316,8,8.8,11.2,1.2,316,8,1,28.64,3.2,0,0,0,43.5,47.3,49.3,0.35,0.29,0.14
CLYM,2019-11-08 06:55:00 EST,42.02447,-79.62408,1477,26.0,26.2,16.8,99.8,26.0,0.001,0.294,0.00,0.006,9.3,13.4,1.7,326,10,9.2,13.5,1.6,330,10,9.2,13.5,1.6,330,10,2,28.64,3.2,0,0,0,43.5,47.3,49.3,0.35,0.29,0.14
CLYM,2019-11-08 07:00:00 EST,42.02447,-79.62408,1477,26.1,26.4,16.7,99.8,26.0,0.000,0.294,0.00,0.006,9.5,11.9,1.1,321,8,9.5,12.1,1.1,324,7,9.5,12.1,1.1,324,7,4,28.64,3.1,0,0,0,43.5,47.3,49.3,0.35,0.29,0.14
CLYM,2019-11-08 07:05:00 EST,42.02447,-79.62408,1477,26.1,26.4,17.0,99.9,26.1,0.000,0.294,0.00,0.006,8.9,12.1,1.1,311,7,8.9,12.2,1.2,314,7,8.9,12.2,1.2,314,7,7,28.64,3.1,0,0,0,43.5,47.3,49.3,0.35,0.29,0.14
CLYM,2019-11-08 07:10:00 EST,42.02447,-79.62408,1477,26.3,26.6,15.8,99.9,26.3,0.000,0.294,0.00,0.006,11.8,15.7,1.6,307,7,11.7,15.6,1.5,310,7,11.7,15.6,1.5,310,7,8,28.64,3.1,0,0,0,43.5,47.3,49.3,0.35,0.29,0.14
CLYM,2019-11-08 07:15:00 EST,42.02447,-79.62408,1477,26.3,26.5,15.9,99.9,26.2,0.000,0.294,0.00,0.006,11.3,17.0,1.9,309,8,11.4,17.6,1.9,311,9,11.4,17.6,1.9,311,9,16,28.64,3.2,0,0,0,43.5,47.3,49.3,0.35,0.29,0.14
CLYM,2019-11-08 07:20:00 EST,42.02447,-79.62408,1477,26.1,26.4,15.8,99.8,26.1,0.000,0.294,0.00,0.006,11.3,15.1,1.6,301,6,11.1,14.9,1.6,304,7,11.1,14.9,1.6,304,7,25,28.64,3.1,0,0,0,43.5,47.3,49.3,0.35,0.29,0.14
CLYM,2019-11-08 07:25:00 EST,42.02447,-79.62408,1477,26.0,26.4,15.9,99.9,26.0,0.000,0.294,0.00,0.006,10.7,13.1,1.0,302,5,10.8,13.1,1.1,304,5,10.8,13.1,1.1,304,5,55,28.65,3.1,0,0,0,43.5,47.3,49.3,0.35,0.29,0.14
CLYM,2019-11-08 07:30:00 EST,42.02447,-79.62408,1477,26.5,26.6,15.9,99.9,26.4,0.000,0.294,0.00,0.006,11.9,15.3,1.4,304,8,11.8,15.9,1.3,306,8,11.8,15.9,1.3,306,8,109,28.65,3.1,0,0,0,43.5,47.3,49.3,0.35,0.29,0.14
CLYM,2019-11-08 07:35:00 EST,42.02447,-79.62408,1477,26.5,26.6,17.0,99.8,26.4,0.000,0.294,0.00,0.006,9.7,12.4,1.3,298,7,9.7,12.4,1.3,301,7,9.7,12.4,1.3,301,7,71,28.65,3.1,0,0,0,43.5,47.3,49.3,0.35,0.29,0.14
CLYM,2019-11-08 07:40:00 EST,42.02447,-79.62408,1477,26.4,26.6,17.3,99.9,26.3,0.000,0.294,0.00,0.006,9.1,12.2,1.2,305,6,9.1,12.1,1.2,308,6,9.1,12.1,1.2,308,6,74,28.65,3.1,0,0,0,43.5,47.3,49.3,0.35,0.29,0.14
CLYM,2019-11-08 07:45:00 EST,42.02447,-79.62408,1477,26.6,26.7,17.1,99.8,26.6,0.000,0.294,0.00,0.006,9.9,14.0,1.3,302,8,9.9,14.4,1.3,304,7,9.9,14.4,1.3,304,7,120,28.66,3.1,0,0,0,43.5,47.3,49.3,0.35,0.29,0.14
CLYM,2019-11-08 07:50:00 EST,42.02447,-79.62408,1477,26.8,26.8,16.9,99.8,26.7,0.000,0.294,0.00,0.001,10.5,13.6,1.3,297,7,10.6,13.7,1.4,300,8,10.6,13.7,1.4,300,8,74,28.66,3.1,0,0,0,43.5,47.3,49.3,0.35,0.29,0.14
CLYM,2019-11-08 07:55:00 EST,42.02447,-79.62408,1477,26.6,26.7,16.6,99.8,26.5,0.000,0.294,0.00,0.000,10.9,14.5,1.7,301,8,10.8,14.2,1.6,303,8,10.8,14.2,1.6,303,8,61,28.66,3.1,0,0,0,43.5,47.3,49.3,0.35,0.29,0.14
CLYM,2019-11-08 08:00:00 EST,42.02447,-79.62408,1477,26.6,26.7,16.8,99.0,26.4,0.000,0.294,0.00,0.000,10.3,14.0,1.9,309,9,10.3,14.7,1.8,312,9,10.3,14.7,1.8,312,9,84,28.66,3.2,0,0,0,43.5,47.3,49.3,0.35,0.29,0.14
CLYM,2019-11-08 08:05:00 EST,42.02447,-79.62408,1477,26.5,26.6,15.9,98.0,26.1,0.000,0.294,0.00,0.000,12.2,16.9,1.8,309,8,12.0,16.6,1.9,312,8,12.0,16.6,1.9,312,8,66,28.66,3.1,0,0,0,43.5,47.3,49.3,0.35,0.29,0.14
CLYM,2019-11-08 08:10:00 EST,42.02447,-79.62408,1477,26.5,26.7,15.7,95.9,25.5,0.000,0.294,0.00,0.000,12.4,16.1,1.4,306,8,12.3,15.9,1.5,309,7,12.3,15.9,1.5,309,7,86,28.66,,0,0,0,43.5,47.3,49.3,0.35,0.29,0.14
CLYM,2019-11-08 08:15:00 EST,42.02447,-79.62408,1477,26.5,26.8,17.1,94.4,25.1,0.000,0.294,0.00,0.000,9.7,15.8,1.8,311,7,9.7,15.7,1.8,313,6,9.7,15.7,1.8,313,6,194,28.66,,0,0,0,43.5,47.3,49.3,0.35,0.29,0.14
CLYM,2019-11-08 08:20:00 EST,42.02447,-79.62408,1477,26.6,27.0,17.6,93.9,25.1,0.000,0.294,0.00,0.000,9.2,13.1,1.5,316,7,9.2,12.9,1.5,319,6,9.2,12.9,1.5,319,6,198,28.67,2.5,0,0,0,43.5,47.3,49.3,0.35,0.29,0.14
CLYM,2019-11-08 08:25:00 EST,42.02447,-79.62408,1477,26.7,27.1,18.1,92.0,24.7,0.000,0.294,0.00,0.000,8.4,11.1,1.1,314,7,8.3,11.3,1.1,317,6,8.3,11.3,1.1,317,6,219,28.67,3.2,0,0,0,43.5,47.3,49.3,0.35,0.29,0.14
CLYM,2019-11-08 08:30:00 EST,42.02447,-79.62408,1477,26.7,27.2,18.3,90.4,24.3,0.000,0.294,0.00,0.000,8.1,11.3,1.2,306,8,8.1,11.3,1.1,310,7,8.1,11.3,1.1,310,7,239,28.67,3.2,0,0,0,43.5,47.3,49.3,0.35,0.29,0.14
CLYM,2019-11-08 08:35:00 EST,42.02447,-79.62408,1477,26.9,27.4,17.5,88.9,24.1,0.000,0.294,0.00,0.000,9.9,14.2,1.5,307,10,9.9,13.9,1.4,310,11,9.9,13.9,1.4,310,11,251,28.67,2.6,0,0,0,43.4,47.3,49.3,0.35,0.29,0.14
CLYM,2019-11-08 08:40:00 EST,42.02447,-79.62408,1477,27.0,27.4,18.3,87.1,23.6,0.000,0.294,0.00,0.000,8.5,11.0,0.9,299,11,8.6,11.7,1.0,301,11,8.6,11.7,1.0,301,11,263,28.67,2.8,0,0,0,43.5,47.3,49.3,0.35,0.29,0.14
CLYM,2019-11-08 08:45:00 EST,42.02447,-79.62408,1477,26.7,27.2,18.5,85.7,23.0,0.000,0.294,0.00,0.000,7.7,11.8,1.2,297,7,7.9,11.8,1.2,300,7,7.9,11.8,1.2,300,7,275,28.67,2.1,0,0,0,43.4,47.3,49.3,0.35,0.29,0.14
CLYM,2019-11-08 08:50:00 EST,42.02447,-79.62408,1477,27.0,27.6,18.4,83.8,22.8,0.000,0.294,0.00,0.000,8.4,11.7,1.4,295,8,8.5,11.4,1.4,297,9,8.5,11.4,1.4,297,9,285,28.67,2.6,0,0,0,43.5,47.3,49.3,0.35,0.29,0.14
CLYM,2019-11-08 08:55:00 EST,42.02447,-79.62408,1477,27.3,27.7,20.1,81.7,22.4,0.000,0.294,0.00,0.000,6.4,8.5,0.9,292,9,6.6,9.1,1.0,295,10,6.6,9.1,1.0,295,10,300,28.67,2.3,0,0,0,43.5,47.3,49.3,0.35,0.29,0.14
CLYM,2019-11-08 09:00:00 EST,42.02447,-79.62408,1477,27.4,27.7,20.6,80.8,22.3,0.000,0.294,0.00,0.000,6.0,8.4,1.1,291,8,6.2,8.7,1.1,293,8,6.2,8.7,1.1,293,8,331,28.67,2.5,0,0,0,43.4,47.3,49.3,0.35,0.29,0.14
CLYM,2019-11-08 09:05:00 EST,42.02447,-79.62408,1477,28.0,28.1,21.1,79.2,22.4,0.000,0.294,0.00,0.000,6.4,9.1,1.5,299,8,6.4,8.9,1.4,302,9,6.4,8.9,1.4,302,9,424,28.67,2.3,0,0,0,43.3,47.2,49.3,0.35,0.29,0.14
CLYM,2019-11-08 09:10:00 EST,42.02447,-79.62408,1477,28.5,28.4,20.0,78.3,22.6,0.000,0.294,0.00,0.000,8.7,14.8,2.7,301,12,8.9,14.5,2.6,303,13,8.9,14.5,2.6,303,13,213,28.67,2.5,0,0,0,43.4,47.3,49.3,0.35,0.29,0.14
CLYM,2019-11-08 09:15:00 EST,42.02447,-79.62408,1477,28.8,28.6,19.2,74.4,21.6,0.000,0.294,0.00,0.000,11.2,16.0,2.2,316,8,11.1,15.0,2.0,319,7,11.1,15.0,2.0,319,7,176,28.68,2.4,0,0,0,43.3,47.3,49.3,0.35,0.29,0.14
CLYM,2019-11-08 09:20:00 EST,42.02447,-79.62408,1477,28.6,28.6,18.4,73.1,21.1,0.000,0.294,0.00,0.000,12.4,17.0,2.4,310,10,12.3,17.0,2.3,313,8,12.3,17.0,2.3,313,8,173,28.68,2.3,0,0,0,43.3,47.3,49.3,0.35,0.29,0.14
CLYM,2019-11-08 09:25:00 EST,42.02447,-79.62408,1477,28.5,28.5,18.0,68.9,19.6,0.000,0.294,0.00,0.000,13.2,17.6,2.0,313,7,13.0,17.4,1.9,317,6,13.0,17.4,1.9,317,6,167,28.68,2.6,0,0,0,43.3,47.2,49.3,0.35,0.29,0.14
CLYM,2019-11-08 09:30:00 EST,42.02447,-79.62408,1477,28.5,28.5,18.0,68.0,19.3,0.000,0.294,0.00,0.000,12.9,18.0,2.0,310,9,12.7,17.9,1.9,314,9,12.7,17.9,1.9,314,9,180,28.68,2.6,0,0,0,43.3,47.2,49.3,0.35,0.29,0.14
CLYM,2019-11-08 09:35:00 EST,42.02447,-79.62408,1477,28.5,28.5,18.4,67.4,19.1,0.000,0.294,0.00,0.000,12.0,16.6,1.9,305,8,12.0,16.7,1.8,308,7,12.0,16.7,1.8,308,7,212,28.68,2.7,0,0,0,43.3,47.1,49.3,0.35,0.29,0.14
CLYM,2019-11-08 09:40:00 EST,42.02447,-79.62408,1477,28.5,28.5,18.7,68.0,19.3,0.000,0.294,0.00,0.000,11.5,14.5,1.3,305,8,11.4,14.5,1.3,308,8,11.4,14.5,1.3,308,8,204,28.68,2.9,0,0,0,43.3,47.1,49.3,0.35,0.29,0.14
CLYM,2019-11-08 09:45:00 EST,42.02447,-79.62408,1477,28.5,28.4,19.3,68.5,19.4,0.000,0.294,0.00,0.000,9.9,12.6,1.7,301,9,10.0,13.0,1.7,303,9,10.0,13.0,1.7,303,9,157,28.68,2.7,0,0,0,43.3,47.1,49.3,0.35,0.29,0.14
CLYM,2019-11-08 09:50:00 EST,42.02447,-79.62408,1477,28.2,28.3,19.5,69.9,19.7,0.000,0.294,0.00,0.000,9.1,13.0,1.5,304,11,9.2,12.4,1.4,306,10,9.2,12.4,1.4,306,10,171,28.68,2.6,0,0,0,43.3,47.1,49.3,0.35,0.29,0.14
CLYM,2019-11-08 09:55:00 EST,42.02447,-79.62408,1477,28.5,28.4,20.5,71.6,20.5,0.000,0.294,0.00,0.000,8.0,11.5,1.7,295,8,8.2,11.6,1.7,298,8,8.2,11.6,1.7,298,8,298,28.68,2.7,0,0,0,43.3,47.1,49.3,0.35,0.29,0.14
CLYM,2019-11-08 10:00:00 EST,42.02447,-79.62408,1477,28.3,28.2,19.2,72.9,20.7,0.000,0.294,0.00,0.000,9.6,12.9,1.5,292,9,9.8,13.6,1.5,294,9,9.8,13.6,1.5,294,9,230,28.68,2.7,0,0,0,43.3,47.1,49.3,0.35,0.29,0.14
CLYM,2019-11-08 10:05:00 EST,42.02447,-79.62408,1477,28.4,28.4,20.0,71.9,20.5,0.000,0.294,0.00,0.000,8.6,12.3,1.3,283,10,8.8,12.7,1.4,284,9,8.8,12.7,1.4,284,9,442,28.68,2.7,0,0,0,43.3,47.1,49.3,0.35,0.29,0.14
CLYM,2019-11-08 10:10:00 EST,42.02447,-79.62408,1477,29.0,28.8,21.4,71.5,20.9,0.000,0.294,0.00,0.000,7.4,10.3,1.2,280,8,7.7,11.0,1.3,281,9,7.7,11.0,1.3,281,9,628,28.68,2.7,0,0,0,43.3,47.1,49.3,0.35,0.29,0.14
CLYM,2019-11-08 10:15:00 EST,42.02447,-79.62408,1477,29.2,28.9,21.1,70.8,20.9,0.000,0.294,0.00,0.000,8.2,12.3,1.4,278,10,8.5,13.0,1.5,280,9,8.5,13.0,1.5,280,9,356,28.68,2.5,0,0,0,43.3,47.1,49.3,0.35,0.29,0.14
CLYM,2019-11-08 10:20:00 EST,42.02447,-79.62408,1477,28.9,28.7,19.6,70.5,20.5,0.000,0.294,0.00,0.000,10.4,13.6,1.3,294,11,10.4,14.2,1.5,297,12,10.4,14.2,1.5,297,12,210,28.68,2.5,0,0,0,43.3,47.1,49.2,0.35,0.29,0.14
CLYM,2019-11-08 10:25:00 EST,42.02447,-79.62408,1477,28.9,28.8,20.1,73.3,21.5,0.000,0.294,0.00,0.000,9.7,12.9,1.2,301,8,9.6,12.6,1.1,303,8,9.6,12.6,1.1,303,8,204,28.68,2.4,0,0,0,43.3,47.1,49.2,0.35,0.29,0.14
CLYM,2019-11-08 10:30:00 EST,42.02447,-79.62408,1477,29.1,28.9,20.5,71.9,21.1,0.000,0.294,0.00,0.000,9.2,12.7,1.7,303,8,9.3,14.0,1.7,306,8,9.3,14.0,1.7,306,8,225,28.68,2.6,0,0,0,43.3,47.1,49.2,0.35,0.29,0.14
CLYM,2019-11-08 10:35:00 EST,42.02447,-79.62408,1477,29.6,29.2,21.5,71.1,21.4,0.000,0.294,0.00,0.000,8.8,12.3,2.0,321,9,8.8,13.6,2.0,325,10,8.8,13.6,2.0,325,10,254,28.68,2.5,0,0,0,43.3,47.1,49.1,0.35,0.29,0.14
CLYM,2019-11-08 10:40:00 EST,42.02447,-79.62408,1477,29.7,29.2,21.8,70.5,21.3,0.000,0.294,0.00,0.000,8.5,11.1,1.2,321,6,8.5,11.1,1.2,324,6,8.5,11.1,1.2,324,6,240,28.68,2.5,0,0,0,43.3,47.1,49.1,0.35,0.29,0.14
CLYM,2019-11-08 10:45:00 EST,42.02447,-79.62408,1477,29.6,29.1,21.7,70.8,21.3,0.000,0.294,0.00,0.000,8.5,12.2,1.4,321,11,8.4,12.5,1.5,325,11,8.4,12.5,1.5,325,11,262,28.68,2.5,0,0,0,43.3,47.1,49.1,0.35,0.29,0.14
CLYM,2019-11-08 10:50:00 EST,42.02447,-79.62408,1477,29.7,29.1,21.6,71.5,21.6,0.000,0.294,0.00,0.000,8.5,12.3,1.8,314,13,8.8,12.9,1.5,318,13,8.8,12.9,1.5,318,13,383,28.69,2.4,0,0,0,43.3,47.1,49.1,0.35,0.29,0.14
CLYM,2019-11-08 10:55:00 EST,42.02447,-79.62408,1477,29.5,28.9,23.0,75.1,22.6,0.000,0.294,0.00,0.000,5.8,9.2,1.6,354,27,6.3,9.9,1.8,359,21,6.3,9.9,1.8,359,21,293,28.69,2.5,0,0,0,43.3,47.1,49.1,0.35,0.29,0.14
CLYM,2019-11-08 11:00:00 EST,42.02447,-79.62408,1477,29.0,28.4,22.3,80.6,23.8,0.000,0.294,0.00,0.000,6.1,10.5,1.6,23,18,6.5,13.1,1.9,23,15,6.5,13.1,1.9,23,15,222,28.69,2.3,0,0,0,43.3,47.1,49.1,0.35,0.29,0.14
CLYM,2019-11-08 11:05:00 EST,42.02447,-79.62408,1477,28.0,27.5,20.7,84.6,23.9,0.000,0.294,0.00,0.000,6.5,9.9,1.5,20,13,7.0,11.3,1.6,21,11,7.0,11.3,1.6,21,11,162,28.69,2.3,0,0,0,43.3,47.1,49.1,0.35,0.29,0.14
CLYM,2019-11-08 11:10:00 EST,42.02447,-79.62408,1477,27.8,27.2,20.4,88.0,24.7,0.000,0.294,0.00,0.000,6.7,10.1,1.7,25,18,7.0,9.9,1.6,26,18,7.0,9.9,1.6,26,18,135,28.69,2.3,0,0,0,43.3,47.1,49.1,0.35,0.29,0.14
CLYM,2019-11-08 11:15:00 EST,42.02447,-79.62408,1477,27.8,27.3,21.7,89.7,25.2,0.000,0.294,0.00,0.000,4.9,8.8,1.5,356,15,5.5,9.3,1.5,360,13,5.5,9.3,1.5,360,13,151,28.69,2.1,0,0,0,43.3,47.1,49.1,0.35,0.29,0.14
CLYM,2019-11-08 11:20:00 EST,42.02447,-79.62408,1477,27.6,27.2,21.4,91.0,25.3,0.000,0.294,0.00,0.000,4.9,8.5,1.9,5,16,5.5,10.2,2.1,7,15,5.5,10.2,2.1,7,15,181,28.69,2.3,0,0,0,43.3,47.1,49.1,0.35,0.29,0.14
CLYM,2019-11-08 11:25:00 EST,42.02447,-79.62408,1477,27.8,27.4,21.7,93.8,26.3,0.008,0.302,0.00,0.008,5.0,8.5,1.6,351,20,5.5,9.6,1.8,355,20,5.5,9.6,1.8,355,20,184,28.69,2.0,0,0,0,43.3,47.1,49.1,0.35,0.29,0.14
CLYM,2019-11-08 11:30:00 EST,42.02447,-79.62408,1477,27.8,27.3,21.7,93.2,26.1,0.004,0.306,0.00,0.012,4.9,8.8,1.6,349,18,5.5,10.0,1.8,354,18,5.5,10.0,1.8,354,18,183,28.69,2.2,0,0,0,43.3,47.1,49.1,0.35,0.29,0.14
CLYM,2019-11-08 11:35:00 EST,42.02447,-79.62408,1477,27.6,27.3,23.4,94.4,26.2,0.001,0.307,0.00,0.013,3.4,6.2,1.0,331,21,3.7,7.1,1.2,334,20,3.7,7.1,1.2,334,20,165,28.69,2.0,0,0,0,43.3,47.1,49.1,0.35,0.29,0.14
CLYM,2019-11-08 11:40:00 EST,42.02447,-79.62408,1477,28.3,27.9,21.9,92.6,26.4,0.000,0.307,0.00,0.013,5.6,8.6,1.2,320,13,5.9,8.3,1.3,323,14,5.9,8.3,1.3,323,14,239,28.69,,0,0,0,43.3,47.1,49.1,0.35,0.29,0.14
CLYM,2019-11-08 11:45:00 EST,42.02447,-79.62408,1477,28.5,28.4,24.7,87.6,25.3,0.000,0.307,0.00,0.013,3.2,6.3,1.5,304,21,3.5,7.9,1.6,306,22,3.5,7.9,1.6,306,22,405,28.69,,0,0,0,43.3,47.1,49.1,0.35,0.29,0.14
CLYM,2019-11-08 11:50:00 EST,42.02447,-79.62408,1477,29.3,29.1,25.5,80.7,24.1,0.000,0.307,0.00,0.013,3.3,5.5,1.2,306,18,3.5,5.7,1.0,312,21,3.5,5.7,1.0,312,21,428,28.69,2.6,0,0,0,43.3,47.1,49.1,0.35,0.29,0.14
CLYM,2019-11-08 11:55:00 EST,42.02447,-79.62408,1477,29.9,29.5,23.5,72.6,22.1,0.000,0.307,0.00,0.013,5.8,10.2,1.7,347,31,6.2,13.0,2.0,352,29,6.2,13.0,2.0,352,29,454,28.69,,0,0,0,43.3,47.1,49.1,0.35,0.29,0.14
CLYM,2019-11-08 12:00:00 EST,42.02447,-79.62408,1477,30.7,30.1,23.3,67.6,21.3,0.000,0.307,0.00,0.013,7.6,12.1,2.6,335,17,8.0,13.5,2.8,339,18,8.0,13.5,2.8,339,18,495,28.69,1.6,0,0,0,43.3,47.1,49.1,0.35,0.29,0.14
CLYM,2019-11-08 12:05:00 EST,42.02447,-79.62408,1477,30.8,29.9,23.7,65.7,20.6,0.000,0.307,0.00,0.013,7.1,11.0,1.6,336,14,7.5,12.3,1.8,340,13,7.5,12.3,1.8,340,13,398,28.69,2.2,0,0,0,43.3,47.1,49.1,0.36,0.29,0.14
CLYM,2019-11-08 12:10:00 EST,42.02447,-79.62408,1477,29.8,29.3,22.5,66.3,19.9,0.000,0.307,0.00,0.013,7.0,13.1,2.2,338,17,7.5,15.2,2.4,343,14,7.5,15.2,2.4,343,14,170,28.68,2.4,0,0,0,43.3,47.1,49.1,0.35,0.29,0.14
CLYM,2019-11-08 12:15:00 EST,42.02447,-79.62408,1477,29.6,29.3,20.9,64.7,19.1,0.000,0.307,0.00,0.013,9.7,12.0,1.2,324,12,9.8,13.0,1.3,328,12,9.8,13.0,1.3,328,12,357,28.68,2.4,0,0,0,43.3,47.1,49.1,0.35,0.29,0.14
CLYM,2019-11-08 12:20:00 EST,42.02447,-79.62408,1477,30.9,30.2,23.1,62.4,19.6,0.000,0.307,0.00,0.013,8.1,12.3,1.7,332,18,8.7,13.3,1.9,337,16,8.7,13.3,1.9,337,16,554,28.68,2.2,0,0,0,43.3,47.1,49.1,0.35,0.29,0.14
CLYM,2019-11-08 12:25:00 EST,42.02447,-79.62408,1477,31.2,30.2,23.4,60.0,18.9,0.000,0.307,0.00,0.005,8.8,12.6,1.6,322,10,8.8,12.7,1.5,326,11,8.8,12.7,1.5,326,11,547,28.68,2.0,0,0,0,43.3,47.1,49.1,0.35,0.29,0.14
CLYM,2019-11-08 12:30:00 EST,42.02447,-79.62408,1477,30.7,29.8,23.1,60.4,18.6,0.000,0.307,0.00,0.001,8.0,11.5,1.6,322,16,8.3,12.9,1.7,326,17,8.3,12.9,1.7,326,17,542,28.68,2.1,0,0,0,43.3,47.1,49.1,0.35,0.29,0.14
CLYM,2019-11-08 12:35:00 EST,42.02447,-79.62408,1477,31.2,30.2,22.8,58.4,18.3,0.000,0.307,0.00,0.000,9.5,13.3,1.7,331,17,9.8,13.5,1.8,335,17,9.8,13.5,1.8,335,17,599,28.68,2.1,0,0,0,43.3,47.1,49.1,0.35,0.29,0.14
CLYM,2019-11-08 12:40:00 EST,42.02447,-79.62408,1477,31.3,30.2,22.9,58.6,18.4,0.000,0.307,0.00,0.000,10.0,14.8,2.4,322,14,9.8,15.4,2.4,326,10,9.8,15.4,2.4,326,10,572,28.68,1.9,0,0,0,43.3,47.1,49.1,0.35,0.29,0.14
CLYM,2019-11-08 12:45:00 EST,42.02447,-79.62408,1477,30.2,29.4,21.0,58.1,17.2,0.000,0.307,0.00,0.000,10.9,14.8,1.9,327,12,10.9,14.9,1.8,330,12,10.9,14.9,1.8,330,12,323,28.68,2.1,0,0,0,43.3,47.1,49.1,0.35,0.29,0.14
CLYM,2019-11-08 12:50:00 EST,42.02447,-79.62408,1477,29.6,29.3,21.3,60.3,17.5,0.000,0.307,0.00,0.000,8.9,12.9,1.8,321,23,9.0,12.5,1.7,326,22,9.0,12.5,1.7,326,22,133,28.68,2.0,0,0,0,43.3,47.1,49.1,0.35,0.29,0.14
CLYM,2019-11-08 12:55:00 EST,42.02447,-79.62408,1477,29.2,29.2,20.8,61.0,17.5,0.000,0.307,0.00,0.000,9.1,12.9,1.8,307,15,9.1,12.4,1.6,309,15,9.1,12.4,1.6,309,15,496,28.68,2.1,0,0,0,43.3,47.1,49.1,0.35,0.29,0.14
CLYM,2019-11-08 13:00:00 EST,42.02447,-79.62408,1477,31.0,30.2,22.6,57.7,17.8,0.000,0.307,0.00,0.000,9.8,15.5,2.1,316,12,9.9,14.8,2.0,319,13,9.9,14.8,2.0,319,13,631,28.68,1.8,0,0,0,43.3,47.1,49.1,0.35,0.29,0.14
CLYM,2019-11-08 13:05:00 EST,42.02447,-79.62408,1477,29.7,29.2,20.2,55.5,15.7,0.000,0.307,0.00,0.000,11.4,16.1,1.7,320,9,11.3,17.0,1.8,323,10,11.3,17.0,1.8,323,10,158,28.68,1.7,0,0,0,43.3,47.1,49.1,0.35,0.29,0.14
CLYM,2019-11-08 13:10:00 EST,42.02447,-79.62408,1477,29.2,28.9,20.8,59.5,16.8,0.000,0.307,0.00,0.000,8.6,12.3,1.6,328,13,9.0,12.9,1.6,333,13,9.0,12.9,1.6,333,13,198,28.68,1.9,0,0,0,43.3,47.1,49.1,0.35,0.29,0.14
CLYM,2019-11-08 13:15:00 EST,42.02447,-79.62408,1477,28.8,28.7,20.8,60.3,16.8,0.000,0.307,0.00,0.000,8.1,11.5,1.9,323,11,8.2,12.2,1.8,327,11,8.2,12.2,1.8,327,11,94,28.68,1.9,0,0,0,43.3,47.1,49.1,0.35,0.29,0.14
CLYM,2019-11-08 13:20:00 EST,42.02447,-79.62408,1477,28.8,28.8,19.4,58.6,16.1,0.000,0.307,0.00,0.000,10.9,14.5,1.8,307,10,10.8,15.4,1.8,310,10,10.8,15.4,1.8,310,10,417,28.68,1.8,0,0,0,43.3,47.1,49.1,0.35,0.29,0.14
CLYM,2019-11-08 13:25:00 EST,42.02447,-79.62408,1477,29.5,29.2,20.4,54.6,15.2,0.000,0.307,0.00,0.000,10.7,15.1,1.8,316,9,10.5,14.6,1.7,318,10,10.5,14.6,1.7,318,10,370,28.68,1.8,0,0,0,43.3,47.1,49.1,0.35,0.29,0.14
CLYM,2019-11-08 13:30:00 EST,42.02447,-79.62408,1477,29.5,29.4,20.3,54.0,14.9,0.000,0.307,0.00,0.000,10.6,15.6,2.1,304,12,10.6,15.2,2.1,306,12,10.6,15.2,2.1,306,12,429,28.68,1.6,0,0,0,43.3,47.1,49.1,0.35,0.29,0.14
CLYM,2019-11-08 13:35:00 EST,42.02447,-79.62408,1477,29.4,29.2,20.0,54.9,15.2,0.000,0.307,0.00,0.000,11.1,14.5,1.7,310,9,10.9,14.1,1.6,312,10,10.9,14.1,1.6,312,10,328,28.68,1.4,0,0,0,43.3,47.1,49.1,0.35,0.29,0.14
CLYM,2019-11-08 13:40:00 EST,42.02447,-79.62408,1477,29.3,29.2,20.8,55.0,15.2,0.000,0.307,0.00,0.000,9.4,13.8,1.7,309,11,9.3,13.7,1.7,311,11,9.3,13.7,1.7,311,11,418,28.68,1.4,0,0,0,43.3,47.1,49.1,0.35,0.29,0.14
CLYM,2019-11-08 13:45:00 EST,42.02447,-79.62408,1477,31.0,30.3,23.7,53.4,16.0,0.000,0.307,0.00,0.000,7.8,12.0,1.8,327,18,7.9,12.9,1.9,332,17,7.9,12.9,1.9,332,17,576,28.68,1.6,0,0,0,43.3,47.1,49.1,0.35,0.29,0.14
CLYM,2019-11-08 13:50:00 EST,42.02447,-79.62408,1477,31.5,30.6,23.6,51.6,15.7,0.000,0.307,0.00,0.000,8.0,12.2,2.2,347,18,8.9,13.7,2.4,353,11,8.9,13.7,2.4,353,11,575,28.68,2.1,0,0,0,43.3,47.1,49.1,0.36,0.29,0.14
CLYM,2019-11-08 13:55:00 EST,42.02447,-79.62408,1477,31.2,30.3,23.4,52.5,15.8,0.000,0.307,0.00,0.000,8.0,12.9,1.9,349,19,8.7,14.1,2.1,355,16,8.7,14.1,2.1,355,16,549,28.68,2.0,0,0,0,43.3,47.1,49.1,0.35,0.29,0.14
CLYM,2019-11-08 14:00:00 EST,42.02447,-79.62408,1477,31.1,30.3,23.1,54.0,16.4,0.000,0.307,0.00,0.000,8.1,12.1,1.8,352,20,9.0,14.6,2.2,355,15,9.0,14.6,2.2,355,15,556,28.68,1.4,0,0,0,43.3,47.1,49.1,0.35,0.29,0.14
CLYM,2019-11-08 14:05:00 EST,42.02447,-79.62408,1477,31.4,30.2,24.5,52.9,16.2,0.000,0.307,0.00,0.000,7.0,10.9,1.7,340,17,7.4,10.9,1.7,344,15,7.4,10.9,1.7,344,15,570,28.68,1.2,0,0,0,43.3,47.1,49.1,0.35,0.29,0.14
CLYM,2019-11-08 14:10:00 EST,42.02447,-79.62408,1477,31.4,30.4,25.4,53.3,16.4,0.000,0.307,0.00,0.000,5.8,8.8,1.6,345,20,6.2,10.7,1.8,349,18,6.2,10.7,1.8,349,18,528,28.68,1.5,0,0,0,43.3,47.1,49.1,0.35,0.29,0.14
CLYM,2019-11-08 14:15:00 EST,42.02447,-79.62408,1477,29.8,29.1,20.8,56.4,16.2,0.000,0.307,0.00,0.000,10.5,13.8,2.2,322,6,10.4,13.5,2.0,325,6,10.4,13.5,2.0,325,6,155,28.68,1.6,0,0,0,43.3,47.1,49.1,0.36,0.29,0.14
CLYM,2019-11-08 14:20:00 EST,42.02447,-79.62408,1477,29.0,28.7,21.7,57.4,15.9,0.000,0.307,0.00,0.000,7.0,10.9,1.5,337,18,7.3,13.0,1.5,341,11,7.3,13.0,1.5,341,11,166,28.68,1.6,0,0,0,43.3,47.1,49.1,0.35,0.29,0.14
CLYM,2019-11-08 14:25:00 EST,42.02447,-79.62408,1477,29.0,28.6,22.0,57.0,15.7,0.000,0.307,0.00,0.000,6.3,10.5,1.9,341,23,6.8,10.8,1.9,344,17,6.8,10.8,1.9,344,17,138,28.68,1.9,0,0,0,43.3,47.1,49.1,0.35,0.29,0.14
CLYM,2019-11-08 14:30:00 EST,42.02447,-79.62408,1477,28.9,28.6,22.0,54.6,14.6,0.000,0.307,0.00,0.000,6.3,10.5,1.7,330,15,6.6,10.6,1.7,334,15,6.6,10.6,1.7,334,15,171,28.68,1.8,0,0,0,43.3,47.1,49.1,0.35,0.29,0.14
CLYM,2019-11-08 14:35:00 EST,42.02447,-79.62408,1477,28.6,28.3,21.6,55.3,14.6,0.000,0.307,0.00,0.000,6.6,8.7,1.0,332,18,6.7,8.6,0.9,336,14,6.7,8.6,0.9,336,14,117,28.68,,0,0,0,43.3,47.0,49.1,0.35,0.29,0.14
CLYM,2019-11-08 14:40:00 EST,42.02447,-79.62408,1477,28.5,28.4,21.3,56.4,14.9,0.000,0.307,0.00,0.000,6.9,11.7,1.5,331,12,6.9,10.8,1.4,335,12,6.9,10.8,1.4,335,12,122,28.68,2.0,0,0,0,43.3,47.0,49.1,0.35,0.29,0.14
CLYM,2019-11-08 14:45:00 EST,42.02447,-79.62408,1477,29.3,28.9,22.2,54.6,14.9,0.000,0.307,0.00,0.000,6.6,11.3,1.8,334,14,7.0,10.7,1.8,337,14,7.0,10.7,1.8,337,14,239,28.68,2.0,0,0,0,43.3,47.0,49.0,0.35,0.29,0.14
CLYM,2019-11-08 14:50:00 EST,42.02447,-79.62408,1477,30.2,29.5,23.4,51.9,14.6,0.000,0.307,0.00,0.000,6.1,8.8,1.1,347,10,6.8,10.2,1.3,352,8,6.8,10.2,1.3,352,8,338,28.68,1.9,0,0,0,43.3,47.0,49.0,0.35,0.29,0.14
CLYM,2019-11-08 14:55:00 EST,42.02447,-79.62408,1477,30.5,29.8,24.0,50.6,14.3,0.000,0.307,0.00,0.000,6.1,9.5,1.9,344,17,6.6,10.3,2.1,349,15,6.6,10.3,2.1,349,15,325,28.68,1.9,0,0,0,43.3,47.0,49.0,0.35,0.29,0.14
CLYM,2019-11-08 15:00:00 EST,42.02447,-79.62408,1477,30.3,29.5,23.9,50.7,14.2,0.000,0.307,0.00,0.000,6.0,10.1,1.5,328,16,6.3,12.3,1.9,332,17,6.3,12.3,1.9,332,17,325,28.68,1.9,0,0,0,43.3,46.9,49.1,0.35,0.29,0.14
CLYM,2019-11-08 15:05:00 EST,42.02447,-79.62408,1477,30.4,29.6,23.0,53.7,15.6,0.000,0.307,0.00,0.000,7.3,12.8,2.7,346,15,7.8,14.7,3.1,351,13,7.8,14.7,3.1,351,13,318,28.68,2.0,0,0,0,43.3,46.9,49.1,0.36,0.29,0.14
CLYM,2019-11-08 15:10:00 EST,42.02447,-79.62408,1477,30.2,29.4,23.7,54.6,15.8,0.000,0.307,0.00,0.000,6.0,8.3,1.3,337,16,6.5,9.8,1.4,341,15,6.5,9.8,1.4,341,15,302,28.68,2.0,0,0,0,43.3,46.9,49.0,0.35,0.29,0.14
CLYM,2019-11-08 15:15:00 EST,42.02447,-79.62408,1477,30.3,29.7,23.9,54.3,15.8,0.000,0.307,0.00,0.000,5.5,8.2,1.3,348,16,6.5,9.5,1.4,353,11,6.5,9.5,1.4,353,11,286,28.68,2.0,0,0,0,43.2,46.9,49.0,0.35,0.29,0.14
CLYM,2019-11-08 15:20:00 EST,42.02447,-79.62408,1477,29.8,29.1,22.0,52.8,14.7,0.000,0.307,0.00,0.000,8.2,10.7,1.2,327,13,8.3,11.3,1.2,331,13,8.3,11.3,1.2,331,13,277,28.68,1.9,0,0,0,43.3,46.9,48.9,0.35,0.29,0.14
CLYM,2019-11-08 15:25:00 EST,42.02447,-79.62408,1477,29.7,29.1,21.8,53.1,14.7,0.000,0.307,0.00,0.000,7.6,10.4,1.4,348,12,8.4,13.1,1.7,352,10,8.4,13.1,1.7,352,10,271,28.68,1.8,0,0,0,43.3,46.9,48.7,0.35,0.29,0.14
CLYM,2019-11-08 15:30:00 EST,42.02447,-79.62408,1477,29.8,29.2,23.6,52.7,14.6,0.000,0.307,0.00,0.000,5.5,8.0,1.3,353,18,6.0,10.3,1.6,357,17,6.0,10.3,1.6,357,17,263,28.68,2.0,0,0,0,43.3,46.9,48.7,0.35,0.29,0.14
CLYM,2019-11-08 15:35:00 EST,42.02447,-79.62408,1477,29.9,29.3,22.9,53.3,15.0,0.000,0.307,0.00,0.000,6.5,13.4,2.5,348,15,7.1,14.6,2.6,354,13,7.1,14.6,2.6,354,13,238,28.68,1.9,0,0,0,43.2,46.9,48.7,0.35,0.29,0.14
CLYM,2019-11-08 15:40:00 EST,42.02447,-79.62408,1477,29.6,29.1,22.9,55.1,15.4,0.000,0.307,0.00,0.000,6.3,9.9,1.4,349,18,6.7,10.8,1.8,354,13,6.7,10.8,1.8,354,13,219,28.68,1.9,0,0,0,43.3,46.9,48.7,0.35,0.29,0.14
CLYM,2019-11-08 15:45:00 EST,42.02447,-79.62408,1477,29.4,29.0,22.7,56.4,15.8,0.000,0.307,0.00,0.000,5.9,8.5,1.6,351,16,6.5,10.7,1.9,355,13,6.5,10.7,1.9,355,13,206,28.69,1.9,0,0,0,43.3,46.9,48.7,0.35,0.29,0.14
CLYM,2019-11-08 15:50:00 EST,42.02447,-79.62408,1477,29.3,28.9,23.5,55.8,15.5,0.000,0.307,0.00,0.000,4.8,7.5,1.2,345,24,5.4,9.0,1.3,351,17,5.4,9.0,1.3,351,17,186,28.69,1.7,0,0,0,43.2,46.9,48.7,0.35,0.29,0.14
CLYM,2019-11-08 15:55:00 EST,42.02447,-79.62408,1477,29.2,28.8,22.8,55.5,15.2,0.000,0.307,0.00,0.000,5.7,10.4,1.6,339,19,6.1,10.2,1.5,343,18,6.1,10.2,1.5,343,18,167,28.69,1.8,0,0,0,43.3,46.9,48.7,0.35,0.29,0.14
CLYM,2019-11-08 16:00:00 EST,42.02447,-79.62408,1477,29.0,28.6,21.6,55.4,15.0,0.000,0.307,0.00,0.000,7.4,10.0,1.2,329,6,7.4,10.4,1.2,333,6,7.4,10.4,1.2,333,6,152,28.69,1.9,0,0,0,43.3,46.9,48.7,0.35,0.29,0.14
CLYM,2019-11-08 16:05:00 EST,42.02447,-79.62408,1477,28.7,28.5,22.6,55.7,14.8,0.000,0.307,0.00,0.000,5.5,8.5,1.0,314,12,5.6,8.5,1.0,317,12,5.6,8.5,1.0,317,12,142,28.69,1.9,0,0,0,43.2,46.9,48.7,0.35,0.29,0.14
CLYM,2019-11-08 16:10:00 EST,42.02447,-79.62408,1477,27.9,28.3,21.9,56.8,14.5,0.000,0.307,0.00,0.000,5.3,8.8,0.8,312,9,5.4,9.1,1.0,315,8,5.4,9.1,1.0,315,8,129,28.69,1.9,0,0,0,43.2,46.9,48.7,0.35,0.29,0.14
CLYM,2019-11-08 16:15:00 EST,42.02447,-79.62408,1477,28.4,28.5,22.0,56.2,14.8,0.000,0.307,0.00,0.000,5.4,9.7,1.8,348,13,6.0,11.4,1.8,353,11,6.0,11.4,1.8,353,11,89,28.69,,0,0,0,43.2,46.9,48.7,0.35,0.28,0.14
CLYM,2019-11-08 16:20:00 EST,42.02447,-79.62408,1477,28.2,28.2,24.2,55.0,14.1,0.000,0.307,0.00,0.000,3.3,6.1,0.9,331,23,3.6,5.7,0.9,337,20,3.6,5.7,0.9,337,20,55,28.69,,0,0,0,43.2,46.9,48.7,0.35,0.29,0.14
CLYM,2019-11-08 16:25:00 EST,42.02447,-79.62408,1477,27.6,27.9,22.6,55.8,13.9,0.000,0.307,0.00,0.000,4.2,8.5,1.4,328,13,4.4,8.8,1.4,332,13,4.4,8.8,1.4,332,13,63,28.69,,0,0,0,43.2,46.9,48.7,0.35,0.29,0.14
CLYM,2019-11-08 16:30:00 EST,42.02447,-79.62408,1477,27.7,28.0,21.9,57.3,14.6,0.000,0.307,0.00,0.000,5.2,8.1,0.9,322,7,5.1,8.0,0.8,325,7,5.1,8.0,0.8,325,7,52,28.69,,0,0,0,43.2,46.9,48.7,0.35,0.29,0.14
CLYM,2019-11-08 16:35:00 EST,42.02447,-79.62408,1477,27.4,27.8,21.7,58.8,14.8,0.000,0.307,0.00,0.000,4.7,9.1,2.1,328,17,4.9,9.0,1.9,333,17,4.9,9.0,1.9,333,17,31,28.69,,0,0,0,43.3,46.9,48.7,0.35,0.29,0.14
CLYM,2019-11-08 16:40:00 EST,42.02447,-79.62408,1477,27.3,27.6,21.5,59.9,15.2,0.000,0.307,0.00,0.000,4.8,9.1,1.7,328,12,5.1,9.0,1.5,332,13,5.1,9.0,1.5,332,13,42,28.69,1.8,0,0,0,43.2,46.9,48.7,0.35,0.29,0.14
CLYM,2019-11-08 16:45:00 EST,42.02447,-79.62408,1477,27.2,27.6,20.7,60.5,15.3,0.000,0.307,0.00,0.000,5.6,8.3,1.3,334,12,5.9,8.7,1.4,337,12,5.9,8.7,1.4,337,12,29,28.69,,0,0,0,43.2,46.9,48.7,0.35,0.29,0.14
CLYM,2019-11-08 16:50:00 EST,42.02447,-79.62408,1477,26.8,27.5,19.8,60.9,15.1,0.000,0.307,0.00,0.000,6.3,8.5,1.2,327,9,6.3,8.7,1.1,329,8,6.3,8.7,1.1,329,8,21,28.70,,0,0,0,43.2,46.9,48.7,0.35,0.29,0.14
CLYM,2019-11-08 16:55:00 EST,42.02447,-79.62408,1477,26.4,27.2,21.2,61.7,15.0,0.000,0.307,0.00,0.000,4.4,6.6,0.9,323,9,4.4,6.7,1.0,327,9,4.4,6.7,1.0,327,9,12,28.70,,0,0,0,43.2,46.9,48.7,0.35,0.29,0.14
CLYM,2019-11-08 17:00:00 EST,42.02447,-79.62408,1477,26.2,27.1,21.1,63.3,15.5,0.000,0.307,0.00,0.000,4.1,7.2,1.4,331,11,4.2,6.9,1.3,336,12,4.2,6.9,1.3,336,12,8,28.70,,0,0,0,43.2,46.9,48.7,0.35,0.29,0.14
CLYM,2019-11-08 17:05:00 EST,42.02447,-79.62408,1477,26.0,26.8,22.2,66.2,16.2,0.000,0.307,0.00,0.000,2.9,4.9,0.9,344,18,3.2,5.9,1.1,347,17,3.2,5.9,1.1,347,17,5,28.70,,0,0,0,43.2,46.9,48.7,0.35,0.29,0.14
CLYM,2019-11-08 17:10:00 EST,42.02447,-79.62408,1477,25.4,26.5,21.2,68.6,16.5,0.000,0.307,0.00,0.000,3.2,5.0,0.7,338,13,3.4,5.5,0.8,342,13,3.4,5.5,0.8,342,13,4,28.70,1.7,0,0,0,43.2,46.9,48.7,0.35,0.29,0.14
CLYM,2019-11-08 17:15:00 EST,42.02447,-79.62408,1477,25.2,26.5,20.7,68.6,16.4,0.000,0.307,0.00,0.000,3.6,6.4,0.8,326,12,3.6,5.9,0.8,331,12,3.6,5.9,0.8,331,12,2,28.70,,0,0,0,43.2,46.9,48.7,0.35,0.29,0.14
CLYM,2019-11-08 17:20:00 EST,42.02447,-79.62408,1477,24.4,25.8,24.4,69.3,15.8,0.000,0.307,0.00,0.000,1.9,3.1,0.6,318,10,1.9,3.3,0.5,321,10,1.9,3.3,0.5,321,10,1,28.70,1.6,0,0,0,43.2,46.9,48.7,0.35,0.29,0.14
CLYM,2019-11-08 17:25:00 EST,42.02447,-79.62408,1477,23.5,24.9,23.5,69.5,15.0,0.000,0.307,0.00,0.000,0.8,1.8,0.4,271,31,1.1,1.9,0.4,270,32,1.1,1.9,0.4,270,32,0,28.70,,0,0,0,43.2,46.9,48.7,0.35,0.29,0.14
CLYM,2019-11-08 17:30:00 EST,42.02447,-79.62408,1477,23.3,25.1,23.3,72.4,15.8,0.000,0.307,0.00,0.000,0.0,0.0,0.0,0,0,0.0,0.7,0.1,216,1,0.0,0.7,0.1,216,1,0,28.70,1.5,0,0,0,43.2,46.9,48.7,0.35,0.29,0.14
CLYM,2019-11-08 17:35:00 EST,42.02447,-79.62408,1477,22.3,24.6,22.3,81.1,17.4,0.000,0.307,0.00,0.000,0.0,0.0,0.0,0,0,0.0,0.7,0.1,39,0,0.0,0.7,0.1,39,0,0,28.70,1.9,0,0,0,43.2,46.9,48.7,0.35,0.29,0.14
CLYM,2019-11-08 17:40:00 EST,42.02447,-79.62408,1477,22.0,24.5,22.0,83.7,17.8,0.000,0.307,0.00,0.000,0.0,0.0,0.0,0,0,0.0,0.0,0.0,0,0,0.0,0.0,0.0,0,0,0,28.70,1.3,0,0,0,43.2,46.9,48.7,0.35,0.29,0.14
CLYM,2019-11-08 17:45:00 EST,42.02447,-79.62408,1477,22.0,24.7,22.0,89.1,19.3,0.000,0.307,0.00,0.000,0.0,0.0,0.0,0,0,0.0,0.0,0.0,0,0,0.0,0.0,0.0,0,0,0,28.70,1.9,0,0,0,43.2,46.9,48.7,0.35,0.29,0.14
CLYM,2019-11-08 17:50:00 EST,42.02447,-79.62408,1477,21.9,24.6,21.9,91.8,19.9,0.000,0.307,0.00,0.000,0.0,0.0,0.0,0,0,0.0,0.8,0.2,360,8,0.0,0.8,0.2,360,8,0,28.70,1.5,0,0,0,43.2,46.9,48.7,0.35,0.29,0.14
CLYM,2019-11-08 17:55:00 EST,42.02447,-79.62408,1477,21.6,24.4,21.6,91.8,19.6,0.000,0.307,0.00,0.000,0.0,0.0,0.0,0,0,0.0,0.0,0.0,0,0,0.0,0.0,0.0,0,0,0,28.70,,0,0,0,43.2,46.9,48.7,0.35,0.29,0.14
CLYM,2019-11-08 18:00:00 EST,42.02447,-79.62408,1477,21.4,24.4,21.4,91.5,19.3,0.000,0.307,0.00,0.000,0.0,0.0,0.0,0,0,0.0,0.0,0.0,0,0,0.0,0.0,0.0,0,0,0,28.70,2.0,0,0,0,43.2,46.9,48.7,0.35,0.29,0.14
CLYM,2019-11-08 18:05:00 EST,42.02447,-79.62408,1477,21.2,23.9,21.2,92.3,19.4,0.000,0.307,0.00,0.000,0.0,0.0,0.0,0,0,0.0,0.0,0.0,0,0,0.0,0.0,0.0,0,0,0,28.70,1.9,0,0,0,43.2,46.9,48.7,0.35,0.29,0.14
CLYM,2019-11-08 18:10:00 EST,42.02447,-79.62408,1477,20.8,23.7,20.8,92.6,19.0,0.000,0.307,0.00,0.000,0.0,0.0,0.0,0,0,0.1,0.9,0.2,297,8,0.1,0.9,0.2,297,8,0,28.71,1.9,0,0,0,43.2,46.9,48.7,0.35,0.29,0.14
CLYM,2019-11-08 18:15:00 EST,42.02447,-79.62408,1477,20.8,23.2,20.8,93.3,19.1,0.000,0.307,0.00,0.000,0.5,1.4,0.6,328,0,1.0,1.6,0.5,325,13,1.0,1.6,0.5,325,13,0,28.71,1.7,0,0,0,43.2,46.9,48.7,0.35,0.29,0.14
CLYM,2019-11-08 18:20:00 EST,42.02447,-79.62408,1477,20.5,22.8,20.5,94.3,19.1,0.000,0.307,0.00,0.000,0.4,1.2,0.4,328,0,0.5,1.4,0.5,325,4,0.5,1.4,0.5,325,4,0,28.71,1.7,0,0,0,43.2,46.9,48.7,0.35,0.29,0.14
CLYM,2019-11-08 18:25:00 EST,42.02447,-79.62408,1477,20.3,22.9,20.3,95.7,19.3,0.000,0.307,0.00,0.000,0.0,0.0,0.0,0,0,0.0,0.0,0.0,0,0,0.0,0.0,0.0,0,0,0,28.71,1.6,0,0,0,43.2,46.9,48.7,0.35,0.29,0.14
CLYM,2019-11-08 18:30:00 EST,42.02447,-79.62408,1477,19.7,22.7,19.7,96.2,18.8,0.000,0.307,0.00,0.000,0.0,0.0,0.0,0,0,0.0,0.0,0.0,0,0,0.0,0.0,0.0,0,0,0,28.71,1.8,0,0,0,43.2,46.9,48.7,0.35,0.29,0.14
CLYM,2019-11-08 18:35:00 EST,42.02447,-79.62408,1477,19.1,22.0,19.1,96.7,18.3,0.000,0.307,0.00,0.000,0.0,0.0,0.0,0,0,0.2,1.0,0.4,94,8,0.2,1.0,0.4,94,8,0,28.71,1.6,0,0,0,43.2,46.9,48.7,0.35,0.29,0.14
CLYM,2019-11-08 18:40:00 EST,42.02447,-79.62408,1477,19.7,22.5,19.7,98.1,19.2,0.000,0.307,0.00,0.000,0.7,1.5,0.6,81,21,1.2,1.9,0.3,89,7,1.2,1.9,0.3,89,7,0,28.71,1.6,0,0,0,43.2,46.9,48.7,0.35,0.29,0.14
CLYM,2019-11-08 18:45:00 EST,42.02447,-79.62408,1477,19.9,22.8,19.9,98.3,19.5,0.000,0.307,0.00,0.000,0.3,0.9,0.3,83,0,0.5,1.2,0.5,109,6,0.5,1.2,0.5,109,6,0,28.71,1.6,0,0,0,43.2,46.9,48.7,0.35,0.29,0.14
CLYM,2019-11-08 18:50:00 EST,42.02447,-79.62408,1477,19.1,22.0,19.1,97.3,18.5,0.000,0.307,0.00,0.000,0.0,0.0,0.0,0,0,0.5,1.2,0.5,305,20,0.5,1.2,0.5,305,20,0,28.71,1.5,0,0,0,43.2,46.9,48.7,0.35,0.29,0.14
CLYM,2019-11-08 18:55:00 EST,42.02447,-79.62408,1477,17.7,21.3,17.7,95.1,16.5,0.000,0.307,0.00,0.000,0.2,0.7,0.2,84,0,0.5,1.1,0.4,246,6,0.5,1.1,0.4,246,6,0,28.71,1.7,0,0,0,43.2,46.9,48.7,0.35,0.29,0.14
CLYM,2019-11-08 19:00:00 EST,42.02447,-79.62408,1477,17.8,20.7,17.8,95.4,16.7,0.000,0.307,0.00,0.000,0.0,0.0,0.0,0,0,0.6,1.1,0.4,331,12,0.6,1.1,0.4,331,12,0,28.71,1.6,0,0,0,43.2,46.9,48.7,0.35,0.29,0.14
CLYM,2019-11-08 19:05:00 EST,42.02447,-79.62408,1477,18.7,20.7,18.7,97.3,18.0,0.000,0.307,0.00,0.000,0.0,0.0,0.0,0,0,0.4,0.9,0.4,318,4,0.4,0.9,0.4,318,4,0,28.71,1.6,0,0,0,43.2,46.9,48.7,0.35,0.29,0.14
CLYM,2019-11-08 19:10:00 EST,42.02447,-79.62408,1477,18.8,21.1,18.8,98.0,18.3,0.000,0.307,0.00,0.000,0.0,0.0,0.0,0,0,0.5,1.1,0.4,20,8,0.5,1.1,0.4,20,8,0,28.71,1.5,0,0,0,43.2,46.9,48.7,0.35,0.29,0.14
CLYM,2019-11-08 19:15:00 EST,42.02447,-79.62408,1477,18.7,21.5,18.7,98.3,18.3,0.000,0.307,0.00,0.000,0.0,0.0,0.0,0,0,0.0,0.7,0.1,28,2,0.0,0.7,0.1,28,2,0,28.71,1.7,0,0,0,43.2,46.9,48.7,0.35,0.29,0.14
CLYM,2019-11-08 19:20:00 EST,42.02447,-79.62408,1477,18.2,20.8,18.2,98.3,17.8,0.000,0.307,0.00,0.000,0.0,0.0,0.0,0,0,0.0,0.0,0.0,0,0,0.0,0.0,0.0,0,0,0,28.71,1.5,0,0,0,43.2,46.9,48.7,0.35,0.29,0.14
CLYM,2019-11-08 19:25:00 EST,42.02447,-79.62408,1477,17.2,19.7,17.2,97.9,16.7,0.000,0.307,0.00,0.000,0.1,1.5,0.3,100,19,1.2,2.2,0.6,196,7,1.2,2.2,0.6,196,7,0,28.71,1.4,0,0,0,43.2,46.9,48.7,0.35,0.29,0.14
CLYM,2019-11-08 19:30:00 EST,42.02447,-79.62408,1477,16.2,19.3,16.2,96.8,15.4,0.000,0.307,0.00,0.000,1.7,2.6,0.7,184,19,2.0,2.9,0.6,181,26,2.0,2.9,0.6,181,26,0,28.71,1.6,0,0,0,43.2,46.9,48.7,0.35,0.29,0.14
CLYM,2019-11-08 19:35:00 EST,42.02447,-79.62408,1477,16.8,18.9,16.8,98.6,16.5,0.000,0.307,0.00,0.000,2.1,3.4,0.9,108,9,2.3,3.7,0.9,110,11,2.3,3.7,0.9,110,11,0,28.71,1.8,0,0,0,43.2,46.9,48.7,0.35,0.29,0.14
CLYM,2019-11-08 19:40:00 EST,42.02447,-79.62408,1477,17.8,19.9,17.8,99.7,17.7,0.000,0.307,0.00,0.000,2.8,3.4,0.3,114,6,2.8,3.8,0.4,119,8,2.8,3.8,0.4,119,8,0,28.71,1.5,0,0,0,43.2,46.9,48.7,0.35,0.29,0.14
CLYM,2019-11-08 19:45:00 EST,42.02447,-79.62408,1477,17.7,19.3,17.7,98.7,17.4,0.000,0.307,0.00,0.000,1.5,2.3,0.6,136,13,1.6,2.3,0.4,143,19,1.6,2.3,0.4,143,19,0,28.71,1.5,0,0,0,43.2,46.9,48.7,0.35,0.29,0.14
CLYM,2019-11-08 19:50:00 EST,42.02447,-79.62408,1477,16.6,18.1,16.6,97.4,16.0,0.000,0.307,0.00,0.000,0.5,1.3,0.4,182,8,1.2,1.7,0.2,212,11,1.2,1.7,0.2,212,11,0,28.71,1.7,0,0,0,43.2,46.9,48.7,0.35,0.29,0.14
CLYM,2019-11-08 19:55:00 EST,42.02447,-79.62408,1477,16.8,17.6,16.8,98.1,16.3,0.000,0.307,0.00,0.000,0.6,2.0,0.5,151,37,0.9,2.3,0.6,156,37,0.9,2.3,0.6,156,37,0,28.71,1.8,0,0,0,43.2,46.9,48.7,0.35,0.29,0.14
CLYM,2019-11-08 20:00:00 EST,42.02447,-79.62408,1477,17.6,18.8,17.6,99.2,17.4,0.000,0.307,0.00,0.000,2.7,3.4,0.5,114,7,2.8,3.4,0.4,117,8,2.8,3.4,0.4,117,8,0,28.71,1.8,0,0,0,43.2,46.8,48.7,0.35,0.29,0.14
CLYM,2019-11-08 20:05:00 EST,42.02447,-79.62408,1477,18.0,20.1,18.0,99.4,17.9,0.000,0.307,0.00,0.000,2.2,3.4,0.9,118,5,2.2,3.3,0.7,122,7,2.2,3.3,0.7,122,7,0,28.71,1.6,0,0,0,43.0,46.9,48.7,0.35,0.29,0.14
CLYM,2019-11-08 20:10:00 EST,42.02447,-79.62408,1477,17.9,19.8,17.9,98.8,17.6,0.000,0.307,0.00,0.000,0.0,0.7,0.1,112,0,0.2,0.9,0.3,133,27,0.2,0.9,0.3,133,27,0,28.71,1.5,0,0,0,43.0,46.9,48.7,0.35,0.29,0.14
CLYM,2019-11-08 20:15:00 EST,42.02447,-79.62408,1477,18.3,19.3,18.3,98.9,18.1,0.000,0.307,0.00,0.000,0.2,2.2,0.5,158,2,0.4,2.6,0.7,173,11,0.4,2.6,0.7,173,11,0,28.71,1.4,0,0,0,43.0,46.8,48.7,0.35,0.29,0.14
CLYM,2019-11-08 20:20:00 EST,42.02447,-79.62408,1477,17.9,19.2,17.9,98.4,17.5,0.000,0.307,0.00,0.000,1.0,2.5,0.6,153,19,1.2,2.5,0.6,158,21,1.2,2.5,0.6,158,21,0,28.71,1.6,0,0,0,43.0,46.8,48.7,0.35,0.29,0.14
CLYM,2019-11-08 20:25:00 EST,42.02447,-79.62408,1477,17.9,19.3,17.9,98.3,17.5,0.000,0.307,0.00,0.000,1.6,2.0,0.2,130,5,1.6,2.0,0.2,130,5,1.6,2.0,0.2,130,5,0,28.70,1.7,0,0,0,43.0,46.8,48.7,0.35,0.29,0.14
CLYM,2019-11-08 20:30:00 EST,42.02447,-79.62408,1477,17.9,19.9,17.9,98.5,17.6,0.000,0.307,0.00,0.000,2.2,2.6,0.3,106,8,2.2,3.0,0.4,109,11,2.2,3.0,0.4,109,11,0,28.70,1.7,0,0,0,43.0,46.8,48.7,0.35,0.29,0.14
CLYM,2019-11-08 20:35:00 EST,42.02447,-79.62408,1477,17.8,20.1,17.8,97.9,17.3,0.000,0.307,0.00,0.000,0.6,1.4,0.4,116,24,0.9,1.7,0.5,126,29,0.9,1.7,0.5,126,29,0,28.70,1.6,0,0,0,43.0,46.8,48.7,0.35,0.29,0.14
CLYM,2019-11-08 20:40:00 EST,42.02447,-79.62408,1477,16.5,19.5,16.5,97.0,15.8,0.000,0.307,0.00,0.000,2.8,4.2,0.8,138,9,2.8,4.5,0.8,137,9,2.8,4.5,0.8,137,9,0,28.70,1.7,0,0,0,43.0,46.8,48.7,0.36,0.28,0.14
CLYM,2019-11-08 20:45:00 EST,42.02447,-79.62408,1477,16.3,19.1,11.2,96.9,15.6,0.000,0.307,0.00,0.000,3.1,4.5,0.8,205,20,3.2,4.7,0.8,206,21,3.2,4.7,0.8,206,21,0,28.70,1.6,0,0,0,43.0,46.8,48.7,0.35,0.29,0.14
CLYM,2019-11-08 20:50:00 EST,42.02447,-79.62408,1477,16.6,18.1,16.6,97.3,15.9,0.000,0.307,0.00,0.000,1.3,3.2,1.0,197,12,1.5,3.7,1.0,193,29,1.5,3.7,1.0,193,29,0,28.70,1.8,0,0,0,43.0,46.8,48.7,0.36,0.29,0.14
CLYM,2019-11-08 20:55:00 EST,42.02447,-79.62408,1477,17.9,18.3,17.9,98.3,17.5,0.000,0.307,0.00,0.000,0.6,2.0,0.7,79,9,0.9,2.3,0.8,82,21,0.9,2.3,0.8,82,21,0,28.70,1.7,0,0,0,43.0,46.8,48.7,0.35,0.29,0.14
CLYM,2019-11-08 21:00:00 EST,42.02447,-79.62408,1477,18.9,19.1,18.9,99.6,18.8,0.000,0.307,0.00,0.000,2.2,2.8,0.2,70,9,2.4,3.0,0.3,68,11,2.4,3.0,0.3,68,11,0,28.70,1.8,0,0,0,43.0,46.8,48.7,0.35,0.29,0.14
CLYM,2019-11-08 21:05:00 EST,42.02447,-79.62408,1477,19.0,19.6,19.0,99.4,18.9,0.000,0.307,0.00,0.000,2.5,4.2,0.8,127,13,2.5,4.1,0.7,128,13,2.5,4.1,0.7,128,13,0,28.70,1.6,0,0,0,43.0,46.8,48.7,0.35,0.28,0.14
CLYM,2019-11-08 21:10:00 EST,42.02447,-79.62408,1477,19.3,20.2,19.3,98.9,19.1,0.000,0.307,0.00,0.000,2.8,4.7,1.3,144,16,2.9,4.9,1.2,144,17,2.9,4.9,1.2,144,17,0,28.70,1.6,0,0,0,43.0,46.8,48.7,0.35,0.29,0.14
CLYM,2019-11-08 21:15:00 EST,42.02447,-79.62408,1477,19.3,20.2,19.3,98.4,18.9,0.000,0.307,0.00,0.000,0.2,1.0,0.3,22,16,0.5,1.7,0.6,11,25,0.5,1.7,0.6,11,25,0,28.70,1.6,0,0,0,43.0,46.8,48.7,0.36,0.29,0.14
CLYM,2019-11-08 21:20:00 EST,42.02447,-79.62408,1477,19.5,20.2,19.5,98.1,19.0,0.000,0.307,0.00,0.000,1.3,1.8,0.4,59,18,1.5,2.4,0.6,61,16,1.5,2.4,0.6,61,16,0,28.70,1.6,0,0,0,43.0,46.8,48.7,0.36,0.29,0.14
CLYM,2019-11-08 21:25:00 EST,42.02447,-79.62408,1477,20.3,20.6,20.3,98.8,20.0,0.000,0.307,0.00,0.000,1.1,1.8,0.3,97,12,1.4,2.4,0.4,97,17,1.4,2.4,0.4,97,17,0,28.70,1.6,0,0,0,42.9,46.8,48.7,0.36,0.29,0.14
CLYM,2019-11-08 21:30:00 EST,42.02447,-79.62408,1477,20.5,20.8,20.5,98.2,20.1,0.000,0.307,0.00,0.000,0.8,1.2,0.2,119,7,1.1,1.6,0.2,121,14,1.1,1.6,0.2,121,14,0,28.70,1.5,0,0,0,42.9,46.8,48.7,0.35,0.29,0.14
CLYM,2019-11-08 21:35:00 EST,42.02447,-79.62408,1477,20.3,21.0,20.3,97.1,19.6,0.000,0.307,0.00,0.000,1.4,2.0,0.3,109,8,1.5,2.2,0.3,109,12,1.5,2.2,0.3,109,12,0,28.70,1.6,0,0,0,42.8,46.8,48.7,0.36,0.29,0.14
CLYM,2019-11-08 21:40:00 EST,42.02447,-79.62408,1477,20.8,21.3,20.8,97.1,20.1,0.000,0.307,0.00,0.000,1.5,2.2,0.4,132,14,1.5,2.3,0.4,138,19,1.5,2.3,0.4,138,19,0,28.70,1.5,0,0,0,42.8,46.8,48.7,0.35,0.29,0.14
CLYM,2019-11-08 21:45:00 EST,42.02447,-79.62408,1477,20.9,21.4,20.9,96.6,20.1,0.000,0.307,0.00,0.000,0.1,1.0,0.3,226,17,0.8,1.5,0.5,249,15,0.8,1.5,0.5,249,15,0,28.70,1.6,0,0,0,42.8,46.8,48.7,0.36,0.29,0.14
CLYM,2019-11-08 21:50:00 EST,42.02447,-79.62408,1477,20.8,21.2,20.8,95.6,19.8,0.000,0.307,0.00,0.000,0.2,0.9,0.3,335,1,0.8,1.6,0.4,330,12,0.8,1.6,0.4,330,12,0,28.70,1.6,0,0,0,42.8,46.8,48.7,0.35,0.29,0.14
CLYM,2019-11-08 21:55:00 EST,42.02447,-79.62408,1477,21.0,21.4,21.0,95.4,19.9,0.000,0.307,0.00,0.000,0.0,0.0,0.0,0,0,0.0,0.7,0.1,55,1,0.0,0.7,0.1,55,1,0,28.70,1.6,0,0,0,42.8,46.8,48.7,0.36,0.29,0.14
CLYM,2019-11-08 22:00:00 EST,42.02447,-79.62408,1477,21.5,21.6,21.5,95.5,20.4,0.000,0.307,0.00,0.000,0.0,0.0,0.0,0,0,0.0,0.0,0.0,0,0,0.0,0.0,0.0,0,0,0,28.70,1.6,0,0,0,42.8,46.8,48.7,0.36,0.29,0.14
CLYM,2019-11-08 22:05:00 EST,42.02447,-79.62408,1477,21.7,21.8,21.7,94.6,20.4,0.000,0.307,0.00,0.000,0.0,0.0,0.0,0,0,0.0,0.8,0.1,306,1,0.0,0.8,0.1,306,1,0,28.70,1.6,0,0,0,42.8,46.8,48.7,0.36,0.29,0.14
CLYM,2019-11-08 22:10:00 EST,42.02447,-79.62408,1477,21.8,21.9,21.8,94.0,20.3,0.000,0.307,0.00,0.000,0.0,0.0,0.0,0,0,0.2,1.4,0.4,89,4,0.2,1.4,0.4,89,4,0,28.70,1.6,0,0,0,42.8,46.8,48.7,0.36,0.29,0.14
CLYM,2019-11-08 22:15:00 EST,42.02447,-79.62408,1477,21.9,22.0,21.9,93.3,20.2,0.000,0.307,0.00,0.000,0.4,0.9,0.4,93,2,1.0,1.7,0.2,85,14,1.0,1.7,0.2,85,14,0,28.70,1.6,0,0,0,42.8,46.8,48.7,0.35,0.29,0.14
CLYM,2019-11-08 22:20:00 EST,42.02447,-79.62408,1477,22.0,22.1,22.0,92.4,20.1,0.000,0.307,0.00,0.000,0.7,1.2,0.4,102,8,0.9,1.7,0.5,104,14,0.9,1.7,0.5,104,14,0,28.70,1.6,0,0,0,42.8,46.8,48.7,0.35,0.29,0.14
CLYM,2019-11-08 22:25:00 EST,42.02447,-79.62408,1477,22.1,22.2,22.1,91.6,20.1,0.000,0.307,0.00,0.000,0.0,0.0,0.0,0,0,0.0,0.7,0.1,165,8,0.0,0.7,0.1,165,8,0,28.69,1.6,0,0,0,42.8,46.8,48.7,0.36,0.29,0.14
CLYM,2019-11-08 22:30:00 EST,42.02447,-79.62408,1477,22.1,22.1,22.1,91.4,20.0,0.000,0.307,0.00,0.000,0.8,1.5,0.6,168,6,1.3,1.7,0.3,177,10,1.3,1.7,0.3,177,10,0,28.69,1.5,0,0,0,42.8,46.8,48.7,0.36,0.29,0.14
CLYM,2019-11-08 22:35:00 EST,42.02447,-79.62408,1477,21.9,22.0,21.9,90.8,19.6,0.000,0.307,0.00,0.000,0.8,1.2,0.1,174,0,1.1,1.4,0.1,185,7,1.1,1.4,0.1,185,7,0,28.69,1.6,0,0,0,42.8,46.8,48.7,0.36,0.29,0.14
CLYM,2019-11-08 22:40:00 EST,42.02447,-79.62408,1477,21.9,22.0,21.9,90.6,19.6,0.000,0.307,0.00,0.000,1.0,1.5,0.3,164,9,1.3,1.7,0.3,166,13,1.3,1.7,0.3,166,13,0,28.69,1.6,0,0,0,42.8,46.8,48.6,0.36,0.29,0.14
CLYM,2019-11-08 22:45:00 EST,42.02447,-79.62408,1477,22.0,22.1,22.0,91.3,19.9,0.000,0.307,0.00,0.000,1.1,1.6,0.3,139,8,1.3,1.9,0.3,140,11,1.3,1.9,0.3,140,11,0,28.69,1.6,0,0,0,42.8,46.8,48.7,0.36,0.29,0.14
CLYM,2019-11-08 22:50:00 EST,42.02447,-79.62408,1477,22.1,22.2,22.1,92.0,20.1,0.000,0.307,0.00,0.000,1.8,2.1,0.1,132,3,1.7,2.2,0.2,133,4,1.7,2.2,0.2,133,4,0,28.69,1.6,0,0,0,42.8,46.8,48.6,0.36,0.29,0.14
CLYM,2019-11-08 22:55:00 EST,42.02447,-79.62408,1477,22.2,22.3,22.2,91.7,20.2,0.000,0.307,0.00,0.000,1.0,1.8,0.4,136,4,1.2,2.0,0.3,129,13,1.2,2.0,0.3,129,13,0,28.68,1.5,0,0,0,42.8,46.8,48.6,0.36,0.29,0.14
CLYM,2019-11-08 23:00:00 EST,42.02447,-79.62408,1477,22.3,22.5,22.3,92.0,20.3,0.000,0.307,0.00,0.000,0.2,0.5,0.2,127,0,0.6,1.1,0.4,104,7,0.6,1.1,0.4,104,7,0,28.68,1.7,0,0,0,42.8,46.8,48.6,0.36,0.29,0.14
CLYM,2019-11-08 23:05:00 EST,42.02447,-79.62408,1477,22.4,22.9,22.4,92.5,20.6,0.000,0.307,0.00,0.000,1.2,2.1,0.4,123,9,1.3,2.4,0.4,123,12,1.3,2.4,0.4,123,12,0,28.68,1.7,0,0,0,42.8,46.8,48.6,0.36,0.29,0.14
CLYM,2019-11-08 23:10:00 EST,42.02447,-79.62408,1477,22.5,23.0,22.5,92.2,20.6,0.000,0.307,0.00,0.000,2.2,3.3,0.5,121,10,2.1,3.4,0.5,122,11,2.1,3.4,0.5,122,11,0,28.68,1.7,0,0,0,42.7,46.8,48.6,0.36,0.29,0.14
CLYM,2019-11-08 23:15:00 EST,42.02447,-79.62408,1477,22.7,23.0,22.7,91.4,20.6,0.000,0.307,0.00,0.000,2.2,2.8,0.2,127,4,2.0,2.7,0.3,130,3,2.0,2.7,0.3,130,3,0,28.68,1.7,0,0,0,42.7,46.8,48.6,0.35,0.29,0.14
CLYM,2019-11-08 23:20:00 EST,42.02447,-79.62408,1477,22.8,23.1,22.8,90.8,20.5,0.000,0.307,0.00,0.000,2.5,3.4,0.3,128,5,2.3,3.0,0.3,130,3,2.3,3.0,0.3,130,3,0,28.68,1.7,0,0,0,42.6,46.8,48.6,0.36,0.29,0.14
CLYM,2019-11-08 23:25:00 EST,42.02447,-79.62408,1477,22.8,23.1,22.8,91.0,20.6,0.000,0.307,0.00,0.000,2.7,3.5,0.3,131,3,2.5,3.4,0.3,131,2,2.5,3.4,0.3,131,2,0,28.68,1.7,0,0,0,42.7,46.8,48.6,0.36,0.29,0.14
CLYM,2019-11-08 23:30:00 EST,42.02447,-79.62408,1477,23.0,23.3,23.0,90.5,20.6,0.000,0.307,0.00,0.000,2.0,2.9,0.3,128,4,1.9,2.7,0.3,130,3,1.9,2.7,0.3,130,3,0,28.68,1.7,0,0,0,42.6,46.8,48.6,0.36,0.29,0.14
CLYM,2019-11-08 23:35:00 EST,42.02447,-79.62408,1477,23.1,23.3,23.1,90.1,20.6,0.000,0.307,0.00,0.000,1.9,2.9,0.3,136,7,1.9,2.8,0.3,137,7,1.9,2.8,0.3,137,7,0,28.68,1.7,0,0,0,42.6,46.8,48.6,0.36,0.29,0.14
CLYM,2019-11-08 23:40:00 EST,42.02447,-79.62408,1477,23.2,23.3,23.2,89.5,20.6,0.000,0.307,0.00,0.000,2.4,3.4,0.5,145,12,2.2,3.6,0.5,144,13,2.2,3.6,0.5,144,13,0,28.67,1.7,0,0,0,42.6,46.8,48.6,0.36,0.29,0.14
CLYM,2019-11-08 23:45:00 EST,42.02447,-79.62408,1477,23.2,23.3,23.2,88.7,20.4,0.000,0.307,0.00,0.000,2.5,3.5,0.5,145,8,2.4,3.3,0.4,143,8,2.4,3.3,0.4,143,8,0,28.67,1.7,0,0,0,42.6,46.8,48.6,0.36,0.29,0.14
CLYM,2019-11-08 23:50:00 EST,42.02447,-79.62408,1477,23.1,23.3,23.1,87.4,20.0,0.000,0.307,0.00,0.000,2.9,4.3,0.5,135,8,2.7,4.1,0.5,135,7,2.7,4.1,0.5,135,7,0,28.67,1.7,0,0,0,42.6,46.8,48.6,0.36,0.29,0.14
CLYM,2019-11-08 23:55:00 EST,42.02447,-79.62408,1477,23.2,23.4,19.2,86.7,19.9,0.000,0.307,0.00,0.000,3.3,4.2,0.2,126,7,3.1,4.0,0.3,128,5,3.1,4.0,0.3,128,5,0,28.67,1.7,0,0,0,42.6,46.8,48.6,0.36,0.29,0.14
COBL,2019-11-08 00:00:00 EST,42.67627,-74.50797,1076,23.6,23.7,23.6,88.2,20.6,0.000,0.255,0.00,0.000,2.5,3.4,0.4,233,17,2.5,3.7,0.6,240,18,2.5,3.7,0.6,240,18,0,28.91,-0.1,0,0,0,41.6,46.9,49.6,0.36,0.30,0.32
COBL,2019-11-08 00:05:00 EST,42.67627,-74.50797,1076,23.5,23.5,23.5,88.2,20.5,0.000,0.000,0.00,0.000,2.3,3.1,0.3,257,13,2.6,3.5,0.4,265,14,2.6,3.5,0.4,265,14,0,28.91,-0.1,0,0,0,41.5,46.8,49.6,0.36,0.30,0.32
COBL,2019-11-08 00:10:00 EST,42.67627,-74.50797,1076,23.3,23.5,23.3,87.7,20.2,0.000,0.000,0.00,0.000,2.7,3.3,0.3,240,8,2.8,3.7,0.4,248,10,2.8,3.7,0.4,248,10,0,28.91,-0.1,0,0,0,41.5,46.8,49.6,0.36,0.30,0.32
COBL,2019-11-08 00:15:00 EST,42.67627,-74.50797,1076,23.0,23.2,23.0,89.5,20.3,0.000,0.000,0.00,0.000,2.6,3.3,0.3,236,14,2.5,3.6,0.4,243,15,2.5,3.6,0.4,243,15,0,28.91,-0.1,0,0,0,41.5,46.9,49.5,0.36,0.30,0.31
COBL,2019-11-08 00:20:00 EST,42.67627,-74.50797,1076,23.0,23.1,23.0,90.3,20.6,0.000,0.000,0.00,0.000,2.4,3.2,0.5,235,10,2.3,3.3,0.5,241,11,2.3,3.3,0.5,241,11,0,28.91,-0.1,0,0,0,41.5,46.9,49.5,0.36,0.30,0.32
COBL,2019-11-08 00:25:00 EST,42.67627,-74.50797,1076,23.1,23.3,23.1,90.1,20.6,0.000,0.000,0.00,0.000,2.4,3.7,0.5,252,19,2.6,4.2,0.5,261,20,2.6,4.2,0.5,261,20,0,28.91,-0.0,0,0,0,41.4,46.9,49.6,0.36,0.30,0.32
COBL,2019-11-08 00:30:00 EST,42.67627,-74.50797,1076,23.0,23.2,23.0,88.5,20.1,0.000,0.000,0.00,0.000,2.7,3.6,0.4,239,9,2.7,3.7,0.4,246,11,2.7,3.7,0.4,246,11,0,28.90,-0.1,0,0,0,41.5,46.9,49.5,0.36,0.30,0.32
COBL,2019-11-08 00:35:00 EST,42.67627,-74.50797,1076,22.8,23.2,18.9,89.2,20.1,0.000,0.000,0.00,0.000,2.8,3.4,0.2,249,11,3.0,4.0,0.3,257,11,3.0,4.0,0.3,257,11,0,28.90,-0.0,0,0,0,41.4,46.9,49.5,0.36,0.30,0.32
COBL,2019-11-08 00:40:00 EST,42.67627,-74.50797,1076,23.3,23.4,23.3,87.5,20.1,0.000,0.000,0.00,0.000,2.0,2.9,0.4,262,22,2.2,3.4,0.4,270,23,2.2,3.4,0.4,270,23,0,28.90,-0.1,0,0,0,41.3,46.7,49.6,0.36,0.30,0.32
COBL,2019-11-08 00:45:00 EST,42.67627,-74.50797,1076,23.1,23.5,23.1,86.1,19.6,0.000,0.000,0.00,0.000,2.3,3.1,0.4,260,9,2.7,3.7,0.5,267,10,2.7,3.7,0.5,267,10,0,28.90,-0.0,0,0,0,41.3,46.9,49.5,0.36,0.30,0.32
COBL,2019-11-08 00:50:00 EST,42.67627,-74.50797,1076,23.2,23.6,23.2,86.6,19.8,0.000,0.000,0.00,0.000,2.2,2.9,0.3,261,8,2.5,3.6,0.4,268,9,2.5,3.6,0.4,268,9,0,28.90,-0.0,0,0,0,41.1,46.9,49.5,0.36,0.30,0.32
COBL,2019-11-08 00:55:00 EST,42.67627,-74.50797,1076,23.3,23.7,23.3,86.6,19.9,0.000,0.000,0.00,0.000,2.4,3.3,0.4,263,12,2.8,4.1,0.5,272,13,2.8,4.1,0.5,272,13,0,28.90,-0.1,0,0,0,41.1,46.7,49.6,0.36,0.30,0.31
COBL,2019-11-08 01:00:00 EST,42.67627,-74.50797,1076,23.6,23.7,19.6,84.5,19.6,0.000,0.000,0.00,0.000,2.8,4.3,0.7,266,16,3.1,5.7,0.9,274,17,3.1,5.7,0.9,274,17,0,28.90,-0.1,0,0,0,41.1,46.9,49.5,0.36,0.30,0.32
COBL,2019-11-08 01:05:00 EST,42.67627,-74.50797,1076,23.3,23.5,23.3,84.3,19.3,0.000,0.000,0.00,0.000,2.6,4.0,0.6,253,16,2.9,4.8,0.8,262,17,2.9,4.8,0.8,262,17,0,28.89,-0.1,0,0,0,41.0,46.7,49.6,0.36,0.30,0.32
COBL,2019-11-08 01:10:00 EST,42.67627,-74.50797,1076,22.5,23.0,22.5,86.6,19.1,0.000,0.000,0.00,0.000,2.5,3.3,0.3,250,12,2.7,3.9,0.4,258,12,2.7,3.9,0.4,258,12,0,28.89,-0.0,0,0,0,41.1,46.8,49.5,0.36,0.30,0.32
COBL,2019-11-08 01:15:00 EST,42.67627,-74.50797,1076,22.6,22.8,22.6,87.5,19.4,0.000,0.000,0.00,0.000,2.7,3.4,0.3,245,12,2.9,4.7,0.5,253,13,2.9,4.7,0.5,253,13,0,28.89,-0.1,0,0,0,41.0,46.7,49.5,0.36,0.30,0.32
COBL,2019-11-08 01:20:00 EST,42.67627,-74.50797,1076,22.5,22.9,22.5,88.8,19.7,0.000,0.000,0.00,0.000,2.6,3.4,0.3,259,11,2.9,3.9,0.4,267,12,2.9,3.9,0.4,267,12,0,28.89,0.0,0,0,0,41.0,46.8,49.5,0.36,0.30,0.32
COBL,2019-11-08 01:25:00 EST,42.67627,-74.50797,1076,22.7,22.9,22.7,88.2,19.8,0.000,0.000,0.00,0.000,2.7,3.7,0.3,251,10,2.9,4.2,0.4,260,10,2.9,4.2,0.4,260,10,0,28.89,-0.1,0,0,0,40.8,46.8,49.6,0.36,0.30,0.32
COBL,2019-11-08 01:30:00 EST,42.67627,-74.50797,1076,22.5,22.9,18.2,88.5,19.6,0.000,0.000,0.00,0.000,2.9,3.7,0.3,262,11,3.2,4.3,0.4,271,12,3.2,4.3,0.4,271,12,0,28.89,0.0,0,0,0,40.8,46.8,49.5,0.36,0.30,0.31
COBL,2019-11-08 01:35:00 EST,42.67627,-74.50797,1076,22.1,23.0,17.3,88.8,19.3,0.000,0.000,0.00,0.000,3.1,4.2,0.4,272,8,3.5,5.0,0.6,281,9,3.5,5.0,0.6,281,9,0,28.89,-0.0,0,0,0,40.8,46.8,49.5,0.36,0.30,0.32
COBL,2019-11-08 01:40:00 EST,42.67627,-74.50797,1076,21.9,23.0,16.1,88.9,19.1,0.000,0.000,0.00,0.000,3.8,4.7,0.3,273,7,4.3,5.7,0.4,281,7,4.3,5.7,0.4,281,7,0,28.89,-0.0,0,0,0,40.8,46.8,49.5,0.36,0.30,0.32
COBL,2019-11-08 01:45:00 EST,42.67627,-74.50797,1076,22.8,23.5,17.8,88.4,19.9,0.000,0.000,0.00,0.000,3.4,4.2,0.3,251,7,3.8,4.9,0.5,259,8,3.8,4.9,0.5,259,8,0,28.89,-0.1,0,0,0,40.7,46.7,49.5,0.36,0.30,0.31
COBL,2019-11-08 01:50:00 EST,42.67627,-74.50797,1076,22.1,22.9,16.6,87.5,19.0,0.000,0.000,0.00,0.000,3.6,4.7,0.4,264,9,4.1,5.9,0.6,272,9,4.1,5.9,0.6,272,9,0,28.89,-0.1,0,0,0,40.7,46.7,49.5,0.36,0.30,0.32
COBL,2019-11-08 01:55:00 EST,42.67627,-74.50797,1076,21.8,23.2,17.0,88.7,19.0,0.000,0.000,0.00,0.000,3.2,4.5,0.5,256,11,3.5,5.1,0.6,264,11,3.5,5.1,0.6,264,11,0,28.89,-0.0,0,0,0,40.6,46.8,49.5,0.36,0.30,0.32
COBL,2019-11-08 02:00:00 EST,42.67627,-74.50797,1076,21.8,23.0,17.6,89.1,19.1,0.000,0.000,0.00,0.000,2.8,3.9,0.3,256,9,3.1,4.4,0.4,265,9,3.1,4.4,0.4,265,9,0,28.88,-0.0,0,0,0,40.6,46.6,49.5,0.36,0.30,0.31
COBL,2019-11-08 02:05:00 EST,42.67627,-74.50797,1076,21.5,22.6,17.2,89.4,18.8,0.000,0.000,0.00,0.000,2.7,3.4,0.3,262,11,3.1,3.9,0.4,269,12,3.1,3.9,0.4,269,12,0,28.88,0.0,0,0,0,40.5,46.7,49.5,0.36,0.30,0.32
COBL,2019-11-08 02:10:00 EST,42.67627,-74.50797,1076,21.7,22.6,17.2,90.1,19.2,0.000,0.000,0.00,0.000,2.9,3.7,0.3,264,9,3.3,4.3,0.4,273,10,3.3,4.3,0.4,273,10,0,28.89,-0.0,0,0,0,40.4,46.8,49.4,0.36,0.30,0.32
COBL,2019-11-08 02:15:00 EST,42.67627,-74.50797,1076,21.9,22.8,17.3,89.4,19.3,0.000,0.000,0.00,0.000,3.0,3.8,0.3,257,10,3.4,4.9,0.4,265,10,3.4,4.9,0.4,265,10,0,28.89,-0.0,0,0,0,40.4,46.7,49.4,0.36,0.30,0.31
COBL,2019-11-08 02:20:00 EST,42.67627,-74.50797,1076,22.1,22.9,17.3,89.2,19.4,0.000,0.000,0.00,0.000,3.1,3.9,0.5,262,7,3.5,4.7,0.6,270,7,3.5,4.7,0.6,270,7,0,28.89,-0.0,0,0,0,40.4,46.7,49.4,0.36,0.30,0.32
COBL,2019-11-08 02:25:00 EST,42.67627,-74.50797,1076,22.4,22.9,22.4,88.1,19.4,0.000,0.000,0.00,0.000,2.2,3.0,0.4,264,8,2.5,3.6,0.5,272,10,2.5,3.6,0.5,272,10,0,28.89,-0.1,0,0,0,40.4,46.8,49.5,0.36,0.30,0.32
COBL,2019-11-08 02:30:00 EST,42.67627,-74.50797,1076,22.5,22.8,22.5,86.8,19.2,0.000,0.000,0.00,0.000,2.2,3.3,0.5,275,15,2.5,4.4,0.6,283,15,2.5,4.4,0.6,283,15,0,28.89,-0.1,0,0,0,40.4,46.6,49.4,0.36,0.30,0.32
COBL,2019-11-08 02:35:00 EST,42.67627,-74.50797,1076,22.7,22.9,22.7,86.4,19.2,0.000,0.000,0.00,0.000,2.7,4.6,0.7,281,10,3.0,5.2,0.8,290,11,3.0,5.2,0.8,290,11,0,28.89,0.0,0,0,0,40.2,46.7,49.5,0.36,0.30,0.32
COBL,2019-11-08 02:40:00 EST,42.67627,-74.50797,1076,22.6,22.7,22.6,85.6,18.9,0.000,0.000,0.00,0.000,2.3,3.9,0.5,274,11,2.7,4.5,0.6,283,12,2.7,4.5,0.6,283,12,0,28.89,-0.1,0,0,0,40.3,46.7,49.5,0.36,0.30,0.32
COBL,2019-11-08 02:45:00 EST,42.67627,-74.50797,1076,22.1,22.6,22.1,86.4,18.7,0.000,0.000,0.00,0.000,1.9,3.2,0.5,274,12,2.2,3.7,0.6,282,13,2.2,3.7,0.6,282,13,0,28.89,-0.0,0,0,0,40.2,46.8,49.4,0.36,0.30,0.32
COBL,2019-11-08 02:50:00 EST,42.67627,-74.50797,1076,22.2,22.6,22.2,87.2,19.0,0.000,0.000,0.00,0.000,1.9,3.2,0.5,275,13,2.2,4.0,0.6,283,15,2.2,4.0,0.6,283,15,0,28.89,-0.1,0,0,0,40.1,46.8,49.5,0.36,0.30,0.32
COBL,2019-11-08 02:55:00 EST,42.67627,-74.50797,1076,22.3,22.6,17.9,87.4,19.1,0.000,0.000,0.00,0.000,2.9,5.0,0.6,274,9,3.3,5.8,0.7,283,10,3.3,5.8,0.7,283,10,0,28.89,-0.1,0,0,0,40.1,46.7,49.4,0.36,0.30,0.31
COBL,2019-11-08 03:00:00 EST,42.67627,-74.50797,1076,22.3,22.5,18.3,87.0,19.0,0.000,0.000,0.00,0.000,2.7,4.2,0.6,275,13,3.0,4.7,0.6,284,14,3.0,4.7,0.6,284,14,0,28.89,-0.1,0,0,0,40.1,46.7,49.4,0.36,0.30,0.32
COBL,2019-11-08 03:05:00 EST,42.67627,-74.50797,1076,22.2,22.4,22.2,86.4,18.7,0.000,0.000,0.00,0.000,2.6,3.9,0.5,277,9,3.0,5.1,0.6,286,9,3.0,5.1,0.6,286,9,0,28.88,-0.1,0,0,0,40.1,46.6,49.4,0.36,0.30,0.32
COBL,2019-11-08 03:10:00 EST,42.67627,-74.50797,1076,21.7,22.2,21.7,86.8,18.4,0.000,0.000,0.00,0.000,2.5,3.3,0.5,269,10,2.8,3.9,0.6,276,11,2.8,3.9,0.6,276,11,0,28.88,-0.1,0,0,0,40.0,46.7,49.4,0.36,0.30,0.32
COBL,2019-11-08 03:15:00 EST,42.67627,-74.50797,1076,21.5,21.9,21.5,88.0,18.5,0.000,0.000,0.00,0.000,2.0,2.8,0.4,256,9,2.3,3.3,0.4,264,11,2.3,3.3,0.4,264,11,0,28.88,-0.1,0,0,0,40.0,46.7,49.4,0.36,0.30,0.32
COBL,2019-11-08 03:20:00 EST,42.67627,-74.50797,1076,21.4,21.7,21.4,88.7,18.6,0.000,0.000,0.00,0.000,1.9,3.2,0.5,262,10,2.3,3.6,0.5,270,10,2.3,3.6,0.5,270,10,0,28.88,-0.1,0,0,0,40.0,46.6,49.5,0.36,0.30,0.32
COBL,2019-11-08 03:25:00 EST,42.67627,-74.50797,1076,21.3,21.9,21.3,88.9,18.6,0.000,0.000,0.00,0.000,2.6,3.5,0.4,252,14,2.9,4.1,0.5,261,15,2.9,4.1,0.5,261,15,0,28.88,-0.1,0,0,0,39.8,46.7,49.4,0.36,0.30,0.31
COBL,2019-11-08 03:30:00 EST,42.67627,-74.50797,1076,21.1,21.5,21.1,89.3,18.5,0.000,0.000,0.00,0.000,2.7,3.3,0.4,242,11,2.8,3.9,0.5,249,11,2.8,3.9,0.5,249,11,0,28.88,-0.1,0,0,0,39.8,46.7,49.4,0.36,0.30,0.32
COBL,2019-11-08 03:35:00 EST,42.67627,-74.50797,1076,21.4,21.6,21.4,89.5,18.8,0.000,0.000,0.00,0.000,2.9,3.5,0.3,242,13,2.9,4.4,0.5,250,14,2.9,4.4,0.5,250,14,0,28.88,-0.1,0,0,0,39.7,46.8,49.4,0.36,0.30,0.32
COBL,2019-11-08 03:40:00 EST,42.67627,-74.50797,1076,21.0,21.3,21.0,89.0,18.3,0.000,0.000,0.00,0.000,2.6,3.6,0.4,242,10,2.6,3.9,0.4,250,10,2.6,3.9,0.4,250,10,0,28.88,-0.1,0,0,0,39.7,46.7,49.4,0.36,0.30,0.32
COBL,2019-11-08 03:45:00 EST,42.67627,-74.50797,1076,21.1,21.1,21.1,89.5,18.5,0.000,0.000,0.00,0.000,2.4,3.6,0.4,243,8,2.5,4.1,0.5,251,10,2.5,4.1,0.5,251,10,0,28.88,-0.1,0,0,0,39.6,46.7,49.4,0.36,0.30,0.32
COBL,2019-11-08 03:50:00 EST,42.67627,-74.50797,1076,21.0,21.1,16.8,89.3,18.4,0.000,0.000,0.00,0.000,2.9,3.9,0.5,245,10,3.0,4.6,0.7,253,12,3.0,4.6,0.7,253,12,0,28.88,-0.0,0,0,0,39.7,46.7,49.3,0.36,0.30,0.32
COBL,2019-11-08 03:55:00 EST,42.67627,-74.50797,1076,20.7,21.0,20.7,89.0,18.0,0.000,0.000,0.00,0.000,2.8,4.2,0.5,234,12,2.8,4.3,0.5,241,13,2.8,4.3,0.5,241,13,0,28.88,-0.0,0,0,0,39.6,46.7,49.4,0.36,0.30,0.31
COBL,2019-11-08 04:00:00 EST,42.67627,-74.50797,1076,20.8,21.1,20.8,89.4,18.2,0.000,0.000,0.00,0.000,1.5,2.6,0.7,244,17,1.7,3.1,0.6,253,20,1.7,3.1,0.6,253,20,0,28.88,-0.0,0,0,0,39.6,46.7,49.4,0.36,0.30,0.32
COBL,2019-11-08 04:05:00 EST,42.67627,-74.50797,1076,20.8,21.1,20.8,89.2,18.2,0.000,0.000,0.00,0.000,1.7,2.8,0.8,246,14,1.9,3.2,0.7,254,20,1.9,3.2,0.7,254,20,0,28.88,-0.1,0,0,0,39.5,46.7,49.4,0.36,0.30,0.32
COBL,2019-11-08 04:10:00 EST,42.67627,-74.50797,1076,20.6,21.2,20.6,88.9,17.9,0.000,0.000,0.00,0.000,1.6,2.7,0.7,236,15,1.7,2.9,0.6,242,16,1.7,2.9,0.6,242,16,0,28.88,-0.1,0,0,0,39.6,46.7,49.4,0.36,0.30,0.32
COBL,2019-11-08 04:15:00 EST,42.67627,-74.50797,1076,20.7,21.2,20.7,89.3,18.1,0.000,0.000,0.00,0.000,1.9,3.9,0.5,254,31,2.0,4.7,0.6,265,31,2.0,4.7,0.6,265,31,0,28.88,-0.0,0,0,0,39.5,46.6,49.4,0.36,0.30,0.32
COBL,2019-11-08 04:20:00 EST,42.67627,-74.50797,1076,21.3,21.7,21.3,88.6,18.5,0.000,0.000,0.00,0.000,2.6,5.0,0.9,288,17,2.7,4.8,0.9,296,17,2.7,4.8,0.9,296,17,0,28.88,0.0,0,0,0,39.5,46.5,49.5,0.36,0.30,0.32
COBL,2019-11-08 04:25:00 EST,42.67627,-74.50797,1076,21.4,21.7,21.4,87.4,18.2,0.000,0.000,0.00,0.000,2.3,4.2,0.9,259,20,2.7,5.3,1.1,268,21,2.7,5.3,1.1,268,21,0,28.88,-0.1,0,0,0,39.3,46.7,49.4,0.36,0.30,0.32
COBL,2019-11-08 04:30:00 EST,42.67627,-74.50797,1076,21.6,21.9,21.6,87.7,18.5,0.000,0.000,0.00,0.000,2.2,4.5,0.8,272,12,2.4,5.6,0.8,280,13,2.4,5.6,0.8,280,13,0,28.88,-0.0,0,0,0,39.3,46.6,49.4,0.36,0.30,0.32
COBL,2019-11-08 04:35:00 EST,42.67627,-74.50797,1076,21.4,21.9,21.4,86.5,18.0,0.000,0.000,0.00,0.000,1.3,2.6,0.7,295,19,1.4,3.1,0.7,299,23,1.4,3.1,0.7,299,23,0,28.88,-0.0,0,0,0,39.3,46.6,49.3,0.36,0.30,0.32
COBL,2019-11-08 04:40:00 EST,42.67627,-74.50797,1076,21.4,21.9,21.4,86.9,18.1,0.000,0.000,0.00,0.000,2.1,3.4,0.5,267,11,2.5,3.9,0.6,275,13,2.5,3.9,0.6,275,13,0,28.88,-0.1,0,0,0,39.3,46.4,49.4,0.36,0.30,0.31
COBL,2019-11-08 04:45:00 EST,42.67627,-74.50797,1076,21.9,22.1,21.9,86.9,18.6,0.000,0.000,0.00,0.000,2.5,3.8,0.6,297,13,2.4,4.1,0.6,305,14,2.4,4.1,0.6,305,14,0,28.89,-0.1,0,0,0,39.2,46.6,49.4,0.35,0.30,0.32
COBL,2019-11-08 04:50:00 EST,42.67627,-74.50797,1076,21.9,22.1,17.6,85.1,18.2,0.000,0.000,0.00,0.000,3.3,5.3,0.7,299,12,3.2,4.9,0.8,309,11,3.2,4.9,0.8,309,11,0,28.89,-0.1,0,0,0,39.2,46.6,49.4,0.36,0.30,0.32
COBL,2019-11-08 04:55:00 EST,42.67627,-74.50797,1076,21.9,22.0,21.9,84.5,17.9,0.000,0.000,0.00,0.000,2.5,4.3,0.9,285,26,2.6,5.4,1.1,293,25,2.6,5.4,1.1,293,25,0,28.89,-0.1,0,0,0,39.2,46.5,49.4,0.36,0.30,0.32
COBL,2019-11-08 05:00:00 EST,42.67627,-74.50797,1076,21.3,21.9,21.3,85.2,17.6,0.000,0.000,0.00,0.000,0.9,1.7,0.5,255,33,1.2,2.1,0.5,251,41,1.2,2.1,0.5,251,41,0,28.89,-0.0,0,0,0,39.2,46.5,49.4,0.36,0.30,0.32
COBL,2019-11-08 05:05:00 EST,42.67627,-74.50797,1076,20.7,21.4,20.7,86.4,17.3,0.000,0.000,0.00,0.000,1.1,3.8,0.8,241,42,1.4,4.7,0.8,249,47,1.4,4.7,0.8,249,47,0,28.89,0.1,0,0,0,39.2,46.6,49.3,0.36,0.30,0.32
COBL,2019-11-08 05:10:00 EST,42.67627,-74.50797,1076,21.5,21.8,17.0,85.9,17.9,0.000,0.000,0.00,0.000,2.9,4.2,0.7,268,20,3.2,5.4,1.0,277,20,3.2,5.4,1.0,277,20,0,28.89,-0.0,0,0,0,39.2,46.5,49.4,0.36,0.30,0.32
COBL,2019-11-08 05:15:00 EST,42.67627,-74.50797,1076,21.6,21.9,21.6,84.9,17.8,0.000,0.000,0.00,0.000,2.0,4.2,0.7,278,16,2.4,4.7,0.7,286,17,2.4,4.7,0.7,286,17,0,28.90,-0.0,0,0,0,39.2,46.5,49.4,0.36,0.30,0.31
COBL,2019-11-08 05:20:00 EST,42.67627,-74.50797,1076,22.0,22.1,22.0,82.6,17.6,0.000,0.000,0.00,0.000,2.2,5.6,1.2,251,27,2.5,7.0,1.4,258,28,2.5,7.0,1.4,258,28,0,28.90,-0.0,0,0,0,39.1,46.6,49.3,0.35,0.30,0.32
COBL,2019-11-08 05:25:00 EST,42.67627,-74.50797,1076,22.0,21.9,22.0,79.7,16.7,0.000,0.000,0.00,0.000,1.7,5.5,1.5,276,27,2.1,6.5,1.6,282,33,2.1,6.5,1.6,282,33,0,28.90,-0.0,0,0,0,39.1,46.6,49.4,0.35,0.30,0.32
COBL,2019-11-08 05:30:00 EST,42.67627,-74.50797,1076,22.0,22.0,17.6,77.2,16.0,0.000,0.000,0.00,0.000,3.1,6.9,1.3,299,15,3.3,8.0,1.5,306,14,3.3,8.0,1.5,306,14,0,28.90,-0.0,0,0,0,39.2,46.5,49.4,0.36,0.30,0.32
COBL,2019-11-08 05:35:00 EST,42.67627,-74.50797,1076,21.9,21.9,21.9,77.5,15.9,0.000,0.000,0.00,0.000,2.4,5.3,1.5,251,26,2.9,6.0,1.5,257,31,2.9,6.0,1.5,257,31,0,28.90,0.0,0,0,0,39.0,46.5,49.4,0.36,0.30,0.32
COBL,2019-11-08 05:40:00 EST,42.67627,-74.50797,1076,21.5,21.6,16.7,76.2,15.2,0.000,0.000,0.00,0.000,3.3,6.5,1.1,227,26,3.5,6.3,1.1,234,28,3.5,6.3,1.1,234,28,0,28.90,-0.0,0,0,0,39.2,46.1,49.3,0.36,0.30,0.31
COBL,2019-11-08 05:45:00 EST,42.67627,-74.50797,1076,21.3,21.3,21.3,77.1,15.2,0.000,0.000,0.00,0.000,2.1,4.4,1.0,295,40,2.3,5.5,1.1,301,41,2.3,5.5,1.1,301,41,0,28.90,0.0,0,0,0,39.0,46.5,49.4,0.36,0.30,0.32
COBL,2019-11-08 05:50:00 EST,42.67627,-74.50797,1076,21.3,21.3,16.2,77.0,15.3,0.000,0.000,0.00,0.000,3.3,5.8,1.5,279,28,3.7,7.7,1.7,286,28,3.7,7.7,1.7,286,28,0,28.90,-0.0,0,0,0,39.0,46.4,49.4,0.35,0.30,0.32
COBL,2019-11-08 05:55:00 EST,42.67627,-74.50797,1076,21.0,21.2,21.0,76.5,14.8,0.000,0.000,0.00,0.000,2.1,4.4,0.9,249,33,2.3,5.0,0.9,258,32,2.3,5.0,0.9,258,32,0,28.90,0.0,0,0,0,39.0,46.3,49.3,0.35,0.30,0.32
COBL,2019-11-08 06:00:00 EST,42.67627,-74.50797,1076,21.0,21.1,21.0,77.4,15.0,0.000,0.000,0.00,0.000,1.2,3.0,0.8,258,19,1.5,3.6,0.8,267,25,1.5,3.6,0.8,267,25,0,28.90,-0.0,0,0,0,39.0,46.4,49.4,0.36,0.30,0.32
COBL,2019-11-08 06:05:00 EST,42.67627,-74.50797,1076,20.9,20.8,20.9,79.1,15.4,0.000,0.000,0.00,0.000,1.0,3.1,0.7,259,14,1.4,3.9,0.8,267,19,1.4,3.9,0.8,267,19,0,28.90,0.0,0,0,0,39.0,46.4,49.4,0.35,0.30,0.32
COBL,2019-11-08 06:10:00 EST,42.67627,-74.50797,1076,20.3,20.4,20.3,81.0,15.5,0.000,0.000,0.00,0.000,1.2,2.6,0.7,224,25,1.4,2.8,0.7,232,31,1.4,2.8,0.7,232,31,0,28.91,-0.1,0,0,0,38.9,46.2,49.4,0.35,0.30,0.32
COBL,2019-11-08 06:15:00 EST,42.67627,-74.50797,1076,19.9,20.0,19.9,84.8,16.0,0.000,0.000,0.00,0.000,2.1,3.4,0.6,214,23,2.2,3.8,0.6,223,25,2.2,3.8,0.6,223,25,0,28.91,0.0,0,0,0,38.8,46.3,49.4,0.35,0.30,0.31
COBL,2019-11-08 06:20:00 EST,42.67627,-74.50797,1076,20.0,20.5,20.0,83.8,15.9,0.000,0.000,0.00,0.000,1.9,3.2,0.6,180,17,2.1,3.9,0.7,186,16,2.1,3.9,0.7,186,16,0,28.91,-0.1,0,0,0,38.8,46.3,49.3,0.36,0.30,0.32
COBL,2019-11-08 06:25:00 EST,42.67627,-74.50797,1076,19.1,20.1,19.1,85.7,15.5,0.000,0.000,0.00,0.000,2.4,3.6,0.7,201,28,2.6,4.6,0.9,208,29,2.6,4.6,0.9,208,29,0,28.92,-0.1,0,0,0,38.8,46.3,49.3,0.36,0.30,0.32
COBL,2019-11-08 06:30:00 EST,42.67627,-74.50797,1076,19.7,20.0,19.7,85.4,16.0,0.000,0.000,0.00,0.000,2.2,3.5,0.6,243,19,2.4,4.5,0.7,252,20,2.4,4.5,0.7,252,20,0,28.92,-0.1,0,0,0,38.8,46.3,49.4,0.36,0.30,0.32
COBL,2019-11-08 06:35:00 EST,42.67627,-74.50797,1076,20.0,20.2,15.6,84.9,16.2,0.000,0.000,0.00,0.000,3.0,4.1,0.5,217,18,3.1,4.8,0.7,226,19,3.1,4.8,0.7,226,19,1,28.92,-0.1,0,0,0,38.8,46.2,49.4,0.35,0.30,0.32
COBL,2019-11-08 06:40:00 EST,42.67627,-74.50797,1076,19.9,20.4,14.7,83.4,15.6,0.000,0.000,0.00,0.000,3.3,4.5,0.5,192,6,3.5,5.0,0.6,199,7,3.5,5.0,0.6,199,7,2,28.92,-0.1,0,0,0,38.7,46.3,49.3,0.36,0.30,0.32
COBL,2019-11-08 06:45:00 EST,42.67627,-74.50797,1076,19.6,20.2,19.6,85.0,15.9,0.000,0.000,0.00,0.000,2.2,3.7,0.7,219,14,2.1,3.9,0.6,226,15,2.1,3.9,0.6,226,15,4,28.92,-0.0,0,0,0,38.8,46.2,49.2,0.36,0.30,0.32
COBL,2019-11-08 06:50:00 EST,42.67627,-74.50797,1076,20.0,20.1,20.0,84.0,15.9,0.000,0.000,0.00,0.000,2.5,3.7,0.5,226,13,2.3,3.5,0.4,232,13,2.3,3.5,0.4,232,13,5,28.93,-0.0,0,0,0,38.6,46.3,49.3,0.36,0.30,0.32
COBL,2019-11-08 06:55:00 EST,42.67627,-74.50797,1076,19.2,19.9,14.4,84.7,15.4,0.000,0.000,0.00,0.000,3.0,5.7,1.0,195,11,3.3,6.1,1.1,203,12,3.3,6.1,1.1,203,12,7,28.93,0.1,0,0,0,38.7,46.1,49.3,0.35,0.30,0.31
COBL,2019-11-08 07:00:00 EST,42.67627,-74.50797,1076,19.9,20.3,13.6,83.4,15.7,0.000,0.000,0.00,0.000,4.0,8.2,1.7,183,23,4.4,7.9,1.8,190,24,4.4,7.9,1.8,190,24,9,28.93,-0.0,0,0,0,38.6,46.0,49.3,0.35,0.30,0.32
COBL,2019-11-08 07:05:00 EST,42.67627,-74.50797,1076,19.7,20.0,15.1,81.4,14.9,0.000,0.000,0.00,0.000,3.1,6.8,1.4,200,23,3.2,7.6,1.6,207,23,3.2,7.6,1.6,207,23,12,28.93,-0.0,0,0,0,38.7,46.2,49.3,0.35,0.30,0.31
COBL,2019-11-08 07:10:00 EST,42.67627,-74.50797,1076,19.8,20.2,12.7,81.4,15.1,0.000,0.000,0.00,0.000,4.6,8.0,1.3,200,22,5.1,8.8,1.5,206,21,5.1,8.8,1.5,206,21,18,28.94,0.0,0,0,0,38.7,46.1,49.3,0.36,0.30,0.32
COBL,2019-11-08 07:15:00 EST,42.67627,-74.50797,1076,20.3,20.4,15.0,80.5,15.3,0.000,0.000,0.00,0.000,3.1,6.4,1.4,181,19,3.7,6.7,1.4,188,19,3.7,6.7,1.4,188,19,34,28.94,-0.0,0,0,0,38.5,46.3,49.3,0.35,0.30,0.31
COBL,2019-11-08 07:20:00 EST,42.67627,-74.50797,1076,20.7,20.6,13.8,79.3,15.3,0.000,0.000,0.00,0.000,4.5,8.5,1.9,200,32,5.0,10.6,2.1,204,31,5.0,10.6,2.1,204,31,39,28.94,-0.0,0,0,0,38.6,46.0,49.3,0.35,0.30,0.32
COBL,2019-11-08 07:25:00 EST,42.67627,-74.50797,1076,21.0,20.7,15.0,77.7,15.1,0.000,0.000,0.00,0.000,3.8,8.0,1.5,183,28,4.3,8.1,1.7,185,27,4.3,8.1,1.7,185,27,37,28.94,-0.0,0,0,0,38.4,46.2,49.2,0.35,0.30,0.32
COBL,2019-11-08 07:30:00 EST,42.67627,-74.50797,1076,21.0,20.9,14.1,77.3,15.0,0.000,0.000,0.00,0.000,4.5,7.5,1.5,188,24,5.1,8.3,1.6,196,22,5.1,8.3,1.6,196,22,44,28.94,-0.0,0,0,0,38.4,46.3,49.3,0.35,0.30,0.32
COBL,2019-11-08 07:35:00 EST,42.67627,-74.50797,1076,21.3,21.1,15.5,77.2,15.3,0.000,0.000,0.00,0.000,3.7,5.9,0.9,166,18,4.2,6.8,1.0,174,18,4.2,6.8,1.0,174,18,56,28.94,0.0,0,0,0,38.4,46.3,49.3,0.35,0.30,0.32
COBL,2019-11-08 07:40:00 EST,42.67627,-74.50797,1076,21.6,21.3,21.6,75.1,15.0,0.000,0.000,0.00,0.000,2.2,6.0,1.5,221,66,2.8,7.9,1.7,230,67,2.8,7.9,1.7,230,67,52,28.95,-0.0,0,0,0,38.4,46.2,49.3,0.35,0.30,0.32
COBL,2019-11-08 07:45:00 EST,42.67627,-74.50797,1076,21.7,21.3,21.7,75.1,15.0,0.000,0.000,0.00,0.000,1.1,3.6,1.0,136,46,1.5,5.3,1.1,139,49,1.5,5.3,1.1,139,49,50,28.95,-0.0,0,0,0,38.4,46.3,49.3,0.35,0.30,0.31
COBL,2019-11-08 07:50:00 EST,42.67627,-74.50797,1076,21.8,21.4,17.6,75.2,15.2,0.000,0.000,0.00,0.000,2.8,4.0,0.6,86,44,3.1,4.7,0.7,89,43,3.1,4.7,0.7,89,43,58,28.96,-0.0,0,0,0,38.4,46.3,49.3,0.35,0.30,0.32
COBL,2019-11-08 07:55:00 EST,42.67627,-74.50797,1076,22.0,21.6,17.0,74.6,15.1,0.000,0.000,0.00,0.000,3.3,7.5,1.9,128,28,3.7,8.9,2.1,130,31,3.7,8.9,2.1,130,31,45,28.96,0.0,0,0,0,38.3,46.0,49.3,0.35,0.30,0.32
COBL,2019-11-08 08:00:00 EST,42.67627,-74.50797,1076,22.0,21.6,22.0,72.6,14.6,0.000,0.000,0.00,0.000,2.0,4.7,1.2,353,63,2.4,6.1,1.3,6,63,2.4,6.1,1.3,6,63,54,28.96,-0.0,0,0,0,38.4,46.1,49.3,0.35,0.31,0.32
COBL,2019-11-08 08:05:00 EST,42.67627,-74.50797,1076,22.0,21.6,16.8,73.3,14.7,0.000,0.000,0.00,0.000,3.1,6.6,1.4,304,39,3.8,8.3,1.7,317,42,3.8,8.3,1.7,317,42,45,28.97,0.0,0,0,0,38.4,46.1,49.3,0.35,0.30,0.32
COBL,2019-11-08 08:10:00 EST,42.67627,-74.50797,1076,21.9,21.5,17.7,72.4,14.3,0.000,0.000,0.00,0.000,2.4,7.3,1.9,290,51,3.1,9.5,2.1,305,57,3.1,9.5,2.1,305,57,36,28.97,0.0,0,0,0,38.3,46.0,49.2,0.35,0.31,0.32
COBL,2019-11-08 08:15:00 EST,42.67627,-74.50797,1076,22.0,21.6,22.0,73.5,14.9,0.000,0.000,0.00,0.000,1.9,5.6,1.6,30,50,2.4,7.0,1.9,36,48,2.4,7.0,1.9,36,48,67,28.97,-0.0,0,0,0,38.4,46.1,49.3,0.35,0.30,0.32
COBL,2019-11-08 08:20:00 EST,42.67627,-74.50797,1076,22.1,21.6,16.2,74.2,15.1,0.000,0.000,0.00,0.000,3.8,11.0,2.0,307,24,4.3,9.9,1.9,317,23,4.3,9.9,1.9,317,23,55,28.97,-0.0,0,0,0,38.3,46.0,49.2,0.35,0.30,0.32
COBL,2019-11-08 08:25:00 EST,42.67627,-74.50797,1076,22.1,21.7,14.0,74.1,15.1,0.000,0.000,0.00,0.000,5.8,12.3,2.5,286,27,6.4,13.8,2.8,295,26,6.4,13.8,2.8,295,26,53,28.98,-0.0,0,0,0,38.2,46.0,49.3,0.35,0.31,0.32
COBL,2019-11-08 08:30:00 EST,42.67627,-74.50797,1076,22.3,21.8,15.1,74.5,15.4,0.000,0.000,0.00,0.000,4.7,8.9,2.2,326,34,5.5,11.1,2.3,338,34,5.5,11.1,2.3,338,34,69,28.98,0.0,0,0,0,38.2,46.0,49.3,0.35,0.30,0.32
COBL,2019-11-08 08:35:00 EST,42.67627,-74.50797,1076,22.4,21.9,22.4,75.0,15.7,0.000,0.000,0.00,0.000,2.0,6.1,1.4,335,43,2.7,7.4,1.7,339,50,2.7,7.4,1.7,339,50,69,28.98,0.0,0,0,0,38.2,46.0,49.2,0.35,0.30,0.32
COBL,2019-11-08 08:40:00 EST,42.67627,-74.50797,1076,22.6,22.0,16.0,73.8,15.5,0.000,0.000,0.00,0.000,4.2,15.5,4.5,335,24,5.0,17.5,4.9,349,25,5.0,17.5,4.9,349,25,62,28.98,-0.0,0,0,0,38.3,46.0,49.2,0.35,0.30,0.32
COBL,2019-11-08 08:45:00 EST,42.67627,-74.50797,1076,22.3,21.9,13.0,72.6,14.9,0.000,0.000,0.00,0.000,7.2,14.6,2.5,305,30,8.1,14.9,2.7,313,30,8.1,14.9,2.7,313,30,79,28.98,0.0,0,0,0,38.3,46.0,49.2,0.35,0.30,0.32
COBL,2019-11-08 08:50:00 EST,42.67627,-74.50797,1076,22.4,21.9,15.7,72.2,14.8,0.000,0.000,0.00,0.000,4.5,9.9,2.2,317,25,5.1,9.5,2.3,324,26,5.1,9.5,2.3,324,26,70,28.98,0.0,0,0,0,38.2,45.8,49.2,0.35,0.31,0.32
COBL,2019-11-08 08:55:00 EST,42.67627,-74.50797,1076,22.6,22.0,14.7,71.6,14.8,0.000,0.000,0.00,0.000,6.0,13.4,3.0,314,23,6.4,12.6,2.9,324,23,6.4,12.6,2.9,324,23,116,28.98,-0.0,0,0,0,38.3,45.9,49.3,0.35,0.30,0.32
COBL,2019-11-08 09:00:00 EST,42.67627,-74.50797,1076,22.7,22.1,14.4,70.4,14.5,0.000,0.000,0.00,0.000,6.2,10.8,2.1,298,26,6.8,12.2,2.2,306,24,6.8,12.2,2.2,306,24,122,28.98,0.0,0,0,0,38.3,45.9,49.2,0.35,0.31,0.32
COBL,2019-11-08 09:05:00 EST,42.67627,-74.50797,1076,23.1,22.4,15.0,72.5,15.6,0.000,0.000,0.00,0.000,6.0,11.9,2.9,260,33,6.8,13.9,3.4,267,32,6.8,13.9,3.4,267,32,133,28.98,0.1,0,0,0,38.2,46.0,49.2,0.35,0.30,0.32
COBL,2019-11-08 09:10:00 EST,42.67627,-74.50797,1076,23.1,22.4,16.4,70.3,14.9,0.000,0.000,0.00,0.000,4.6,8.9,1.8,300,31,5.2,11.0,2.0,307,29,5.2,11.0,2.0,307,29,133,28.99,-0.0,0,0,0,38.3,46.0,49.2,0.35,0.31,0.32
COBL,2019-11-08 09:15:00 EST,42.67627,-74.50797,1076,23.2,22.6,14.1,69.1,14.6,0.000,0.000,0.00,0.000,7.5,15.3,2.6,307,19,8.0,18.0,2.7,316,21,8.0,18.0,2.7,316,21,135,28.99,-0.0,0,0,0,38.2,45.9,49.3,0.35,0.30,0.32
COBL,2019-11-08 09:20:00 EST,42.67627,-74.50797,1076,23.4,22.6,14.9,70.1,15.1,0.000,0.000,0.00,0.000,6.6,14.5,3.6,301,32,7.3,15.7,3.6,309,33,7.3,15.7,3.6,309,33,143,28.99,0.0,0,0,0,38.3,45.8,49.2,0.35,0.30,0.32
COBL,2019-11-08 09:25:00 EST,42.67627,-74.50797,1076,23.7,22.9,15.0,70.5,15.5,0.000,0.000,0.00,0.000,6.9,13.6,2.5,253,24,7.7,15.4,2.9,260,24,7.7,15.4,2.9,260,24,144,28.99,0.1,0,0,0,38.3,45.9,49.2,0.35,0.30,0.32
COBL,2019-11-08 09:30:00 EST,42.67627,-74.50797,1076,24.1,23.1,16.6,71.4,16.2,0.000,0.000,0.00,0.000,5.5,12.0,2.6,274,29,6.3,13.1,2.9,282,28,6.3,13.1,2.9,282,28,143,28.99,-0.0,0,0,0,38.4,45.8,49.2,0.35,0.30,0.32
COBL,2019-11-08 09:35:00 EST,42.67627,-74.50797,1076,24.0,23.3,16.6,68.4,15.1,0.000,0.000,0.00,0.000,5.5,11.8,2.6,274,39,6.1,13.2,2.9,281,38,6.1,13.2,2.9,281,38,148,28.99,0.1,0,0,0,38.3,45.8,49.2,0.35,0.30,0.32
COBL,2019-11-08 09:40:00 EST,42.67627,-74.50797,1076,24.2,23.4,14.8,67.4,14.9,0.000,0.000,0.00,0.000,7.9,12.3,2.0,292,26,8.7,14.5,2.2,299,25,8.7,14.5,2.2,299,25,149,28.99,0.1,0,0,0,38.2,45.8,49.2,0.35,0.31,0.31
COBL,2019-11-08 09:45:00 EST,42.67627,-74.50797,1076,24.4,23.5,17.0,67.3,15.1,0.000,0.000,0.00,0.000,5.6,10.9,2.5,314,33,6.1,12.1,2.9,322,34,6.1,12.1,2.9,322,34,149,28.99,-0.0,0,0,0,38.3,45.8,49.2,0.35,0.30,0.31
COBL,2019-11-08 09:50:00 EST,42.67627,-74.50797,1076,24.7,23.8,16.8,67.9,15.6,0.000,0.000,0.00,0.000,6.0,14.5,3.5,303,35,6.9,15.6,3.5,311,36,6.9,15.6,3.5,311,36,152,28.99,0.1,0,0,0,38.4,45.8,49.2,0.35,0.30,0.32
COBL,2019-11-08 09:55:00 EST,42.67627,-74.50797,1076,24.6,23.8,15.5,66.4,15.0,0.000,0.000,0.00,0.000,8.0,14.2,3.6,304,27,8.5,13.8,3.5,312,28,8.5,13.8,3.5,312,28,159,28.99,0.0,0,0,0,38.3,45.9,49.2,0.35,0.31,0.32
COBL,2019-11-08 10:00:00 EST,42.67627,-74.50797,1076,24.7,23.9,16.8,66.5,15.2,0.000,0.000,0.00,0.000,6.0,14.2,3.5,276,28,6.9,16.7,4.0,284,27,6.9,16.7,4.0,284,27,163,28.99,0.1,0,0,0,38.4,45.7,49.2,0.35,0.31,0.32
COBL,2019-11-08 10:05:00 EST,42.67627,-74.50797,1076,25.0,24.0,14.3,66.9,15.6,0.000,0.000,0.00,0.000,10.3,18.9,3.5,336,12,11.6,21.4,4.1,346,11,11.6,21.4,4.1,346,11,176,28.99,0.0,0,0,0,38.3,45.8,49.3,0.35,0.30,0.32
COBL,2019-11-08 10:10:00 EST,42.67627,-74.50797,1076,25.5,24.5,17.3,68.8,16.6,0.000,0.000,0.00,0.000,6.7,15.6,3.2,324,29,7.5,18.2,3.6,335,30,7.5,18.2,3.6,335,30,199,28.99,0.1,0,0,0,38.4,45.9,49.2,0.35,0.30,0.32
COBL,2019-11-08 10:15:00 EST,42.67627,-74.50797,1076,25.7,24.5,16.2,68.4,16.7,0.000,0.000,0.00,0.000,8.5,16.4,3.4,319,26,9.5,19.3,3.5,327,27,9.5,19.3,3.5,327,27,208,29.00,-0.0,0,0,0,38.3,45.8,49.2,0.35,0.30,0.32
COBL,2019-11-08 10:20:00 EST,42.67627,-74.50797,1076,25.2,24.2,14.1,66.9,15.7,0.000,0.000,0.00,0.000,11.4,20.3,3.1,312,20,12.1,23.2,3.5,320,22,12.1,23.2,3.5,320,22,236,29.00,0.0,0,0,0,38.4,45.8,49.2,0.35,0.31,0.32
COBL,2019-11-08 10:25:00 EST,42.67627,-74.50797,1076,24.8,23.9,14.0,67.1,15.4,0.000,0.000,0.00,0.000,10.8,18.0,3.8,326,17,11.5,20.3,4.0,335,15,11.5,20.3,4.0,335,15,150,29.00,0.1,0,0,0,38.4,45.8,49.2,0.35,0.30,0.32
COBL,2019-11-08 10:30:00 EST,42.67627,-74.50797,1076,24.4,23.6,14.6,68.7,15.6,0.000,0.000,0.00,0.000,8.6,14.0,2.9,322,21,9.5,15.7,3.1,331,21,9.5,15.7,3.1,331,21,136,29.00,0.0,0,0,0,38.4,45.8,49.2,0.35,0.30,0.32
COBL,2019-11-08 10:35:00 EST,42.67627,-74.50797,1076,24.7,23.8,15.1,69.1,16.0,0.000,0.000,0.00,0.000,8.4,15.6,2.7,327,24,9.4,18.8,3.1,336,23,9.4,18.8,3.1,336,23,235,29.00,-0.0,0,0,0,38.4,45.7,49.2,0.35,0.31,0.31
COBL,2019-11-08 10:40:00 EST,42.67627,-74.50797,1076,25.6,24.5,17.9,70.0,17.2,0.000,0.000,0.00,0.000,6.3,13.0,2.8,329,16,6.9,16.0,3.1,338,17,6.9,16.0,3.1,338,17,253,29.00,0.0,0,0,0,38.5,45.8,49.1,0.35,0.30,0.32
COBL,2019-11-08 10:45:00 EST,42.67627,-74.50797,1076,25.0,24.2,15.0,66.4,15.4,0.000,0.000,0.00,0.000,9.6,18.3,3.6,305,23,10.2,17.9,3.4,311,23,10.2,17.9,3.4,311,23,235,29.00,0.0,0,0,0,38.6,45.8,49.2,0.35,0.31,0.32
COBL,2019-11-08 10:50:00 EST,42.67627,-74.50797,1076,25.2,24.3,15.6,69.5,16.6,0.000,0.000,0.00,0.000,8.5,15.6,2.8,335,24,9.4,18.8,3.5,342,21,9.4,18.8,3.5,342,21,212,29.00,0.0,0,0,0,38.5,45.8,49.2,0.35,0.30,0.32
COBL,2019-11-08 10:55:00 EST,42.67627,-74.50797,1076,25.3,24.6,18.0,68.9,16.5,0.000,0.000,0.00,0.000,5.5,12.4,2.7,292,31,6.3,14.2,3.1,300,32,6.3,14.2,3.1,300,32,244,29.00,0.0,0,0,0,38.7,45.7,49.2,0.35,0.31,0.32
COBL,2019-11-08 11:00:00 EST,42.67627,-74.50797,1076,25.2,24.4,16.3,66.6,15.6,0.000,0.000,0.00,0.000,7.5,16.6,3.3,290,21,8.4,16.4,3.5,297,20,8.4,16.4,3.5,297,20,234,29.00,0.2,0,0,0,38.7,45.6,49.2,0.35,0.31,0.32
COBL,2019-11-08 11:05:00 EST,42.67627,-74.50797,1076,25.8,24.8,17.1,67.6,16.5,0.000,0.000,0.00,0.000,7.7,15.8,3.1,312,26,8.3,15.6,3.3,322,26,8.3,15.6,3.3,322,26,333,29.00,-0.1,0,0,0,38.7,45.6,49.2,0.36,0.31,0.32
COBL,2019-11-08 11:10:00 EST,42.67627,-74.50797,1076,25.4,24.7,15.1,64.9,15.2,0.000,0.000,0.00,0.000,9.5,14.9,2.7,279,24,10.7,16.6,3.2,288,21,10.7,16.6,3.2,288,21,203,29.00,0.1,0,0,0,38.8,45.6,49.2,0.35,0.30,0.32
COBL,2019-11-08 11:15:00 EST,42.67627,-74.50797,1076,25.2,24.5,16.2,66.2,15.5,0.000,0.000,0.00,0.000,8.1,15.7,2.6,295,25,8.7,15.1,2.6,303,24,8.7,15.1,2.6,303,24,260,29.00,0.0,0,0,0,38.8,45.6,49.2,0.36,0.31,0.32
COBL,2019-11-08 11:20:00 EST,42.67627,-74.50797,1076,25.7,24.9,17.6,65.7,15.8,0.000,0.000,0.00,0.000,6.6,11.7,2.1,274,35,7.4,14.3,2.4,281,38,7.4,14.3,2.4,281,38,341,28.99,-0.0,0,0,0,38.9,45.6,49.2,0.36,0.30,0.32
COBL,2019-11-08 11:25:00 EST,42.67627,-74.50797,1076,25.9,25.1,17.0,64.7,15.6,0.000,0.000,0.00,0.000,7.9,15.6,2.8,281,21,8.7,19.6,3.3,290,21,8.7,19.6,3.3,290,21,328,29.00,0.0,0,0,0,39.1,45.7,49.2,0.36,0.31,0.31
COBL,2019-11-08 11:30:00 EST,42.67627,-74.50797,1076,26.1,25.3,16.3,65.7,16.2,0.000,0.000,0.00,0.000,9.6,17.3,3.5,314,18,10.2,19.2,3.6,321,21,10.2,19.2,3.6,321,21,261,28.99,0.0,0,0,0,39.1,45.7,49.2,0.36,0.31,0.32
COBL,2019-11-08 11:35:00 EST,42.67627,-74.50797,1076,26.0,25.2,19.0,65.8,16.1,0.000,0.000,0.00,0.000,5.8,13.7,3.0,307,21,6.2,16.4,3.1,315,22,6.2,16.4,3.1,315,22,324,28.99,0.1,0,0,0,39.1,45.6,49.2,0.36,0.30,0.32
COBL,2019-11-08 11:40:00 EST,42.67627,-74.50797,1076,26.2,25.3,17.8,65.1,16.1,0.000,0.000,0.00,0.000,7.5,15.5,2.9,312,21,7.9,14.6,2.7,320,21,7.9,14.6,2.7,320,21,372,28.99,-0.1,0,0,0,39.2,45.6,49.2,0.36,0.31,0.32
COBL,2019-11-08 11:45:00 EST,42.67627,-74.50797,1076,26.3,25.5,17.8,67.1,16.9,0.000,0.000,0.00,0.000,7.1,17.1,2.9,327,28,8.1,17.6,3.0,336,27,8.1,17.6,3.0,336,27,206,28.99,-0.0,0,0,0,39.2,45.6,49.2,0.36,0.31,0.31
COBL,2019-11-08 11:50:00 EST,42.67627,-74.50797,1076,26.8,25.9,21.4,70.6,18.6,0.000,0.000,0.00,0.000,4.0,7.8,1.8,6,41,4.6,9.1,1.9,11,42,4.6,9.1,1.9,11,42,230,28.99,0.0,0,0,0,39.2,45.7,49.2,0.36,0.30,0.32
COBL,2019-11-08 11:55:00 EST,42.67627,-74.50797,1076,26.2,25.3,17.0,72.2,18.4,0.000,0.000,0.00,0.000,7.9,16.5,3.1,343,23,9.2,18.1,3.6,351,15,9.2,18.1,3.6,351,15,156,28.99,-0.0,0,0,0,39.2,45.6,49.2,0.36,0.30,0.32
COBL,2019-11-08 12:00:00 EST,42.67627,-74.50797,1076,25.3,24.6,15.8,70.9,17.2,0.000,0.000,0.00,0.000,8.1,12.6,2.8,342,16,9.4,15.1,3.1,351,13,9.4,15.1,3.1,351,13,92,28.99,0.0,0,0,0,39.2,45.7,49.1,0.36,0.30,0.32
COBL,2019-11-08 12:05:00 EST,42.67627,-74.50797,1076,25.1,24.5,16.4,68.9,16.4,0.000,0.000,0.00,0.000,7.0,12.8,2.8,339,17,8.1,16.4,3.4,347,14,8.1,16.4,3.4,347,14,94,28.99,-0.0,0,0,0,39.4,45.6,49.1,0.37,0.31,0.32
COBL,2019-11-08 12:10:00 EST,42.67627,-74.50797,1076,25.2,24.6,17.0,68.5,16.2,0.000,0.000,0.00,0.000,6.4,11.6,2.3,334,21,7.3,14.1,2.5,343,17,7.3,14.1,2.5,343,17,103,28.99,-0.0,0,0,0,39.5,45.7,49.2,0.37,0.30,0.32
COBL,2019-11-08 12:15:00 EST,42.67627,-74.50797,1076,25.3,24.7,16.7,68.0,16.2,0.000,0.000,0.00,0.000,7.2,12.9,1.9,338,15,8.0,15.1,2.0,346,13,8.0,15.1,2.0,346,13,108,28.99,0.0,0,0,0,39.5,45.6,49.2,0.37,0.30,0.32
COBL,2019-11-08 12:20:00 EST,42.67627,-74.50797,1076,25.3,24.6,16.6,69.7,16.8,0.000,0.000,0.00,0.000,7.4,14.9,2.7,321,21,8.1,17.1,3.0,331,20,8.1,17.1,3.0,331,20,240,28.99,0.0,0,0,0,39.6,45.5,49.2,0.37,0.30,0.32
COBL,2019-11-08 12:25:00 EST,42.67627,-74.50797,1076,26.0,25.0,19.7,71.3,18.0,0.000,0.000,0.00,0.000,4.8,8.0,1.4,299,26,5.3,9.8,1.5,308,25,5.3,9.8,1.5,308,25,418,28.99,-0.0,0,0,0,39.6,45.4,49.1,0.37,0.31,0.32
COBL,2019-11-08 12:30:00 EST,42.67627,-74.50797,1076,27.1,26.0,22.7,69.7,18.5,0.000,0.000,0.00,0.000,2.9,7.6,1.8,268,34,3.7,9.2,1.9,275,34,3.7,9.2,1.9,275,34,516,28.98,0.0,0,0,0,39.7,45.5,49.2,0.37,0.30,0.32
COBL,2019-11-08 12:35:00 EST,42.67627,-74.50797,1076,27.6,26.6,20.3,67.8,18.4,0.000,0.000,0.00,0.000,6.1,14.5,3.8,303,36,6.9,15.5,3.9,311,35,6.9,15.5,3.9,311,35,531,28.98,0.0,0,0,0,39.6,45.3,49.1,0.37,0.30,0.32
COBL,2019-11-08 12:40:00 EST,42.67627,-74.50797,1076,27.6,26.6,20.3,67.5,18.2,0.000,0.000,0.00,0.000,6.0,11.2,3.0,293,47,6.9,14.8,3.4,300,48,6.9,14.8,3.4,300,48,468,28.98,0.0,0,0,0,39.8,45.3,49.1,0.37,0.31,0.32
COBL,2019-11-08 12:45:00 EST,42.67627,-74.50797,1076,28.0,26.8,21.7,68.1,18.9,0.000,0.000,0.00,0.000,5.2,10.5,1.5,326,33,5.8,11.9,1.7,338,31,5.8,11.9,1.7,338,31,521,28.98,-0.0,0,0,0,39.8,45.3,49.2,0.37,0.31,0.32
COBL,2019-11-08 12:50:00 EST,42.67627,-74.50797,1076,28.2,27.0,21.8,67.3,18.7,0.000,0.000,0.00,0.000,4.8,13.7,3.2,341,39,5.8,16.2,3.8,350,40,5.8,16.2,3.8,350,40,373,28.98,-0.1,0,0,0,40.0,45.3,49.1,0.37,0.31,0.32
COBL,2019-11-08 12:55:00 EST,42.67627,-74.50797,1076,26.8,25.8,16.2,67.8,17.6,0.000,0.000,0.00,0.000,10.6,17.4,3.2,347,18,12.2,20.1,3.7,354,14,12.2,20.1,3.7,354,14,229,28.98,-0.1,0,0,0,40.0,45.3,49.2,0.37,0.31,0.32
COBL,2019-11-08 13:00:00 EST,42.67627,-74.50797,1076,25.4,24.4,14.8,74.6,18.5,0.000,0.000,0.00,0.000,10.4,17.2,2.9,334,25,11.4,21.2,3.3,344,14,11.4,21.2,3.3,344,14,163,28.99,-0.1,0,0,0,40.1,45.4,49.2,0.37,0.31,0.32
COBL,2019-11-08 13:05:00 EST,42.67627,-74.50797,1076,25.0,24.2,15.4,78.4,19.3,0.000,0.000,0.00,0.000,8.6,14.3,2.6,336,18,9.5,16.2,2.9,346,16,9.5,16.2,2.9,346,16,117,28.99,-0.2,0,0,0,40.1,45.4,49.1,0.37,0.30,0.32
COBL,2019-11-08 13:10:00 EST,42.67627,-74.50797,1076,25.6,24.7,19.7,77.2,19.5,0.000,0.000,0.00,0.000,4.3,9.1,1.8,347,20,4.9,9.8,2.1,357,18,4.9,9.8,2.1,357,18,236,28.99,-0.2,0,0,0,40.1,45.4,49.1,0.37,0.31,0.32
COBL,2019-11-08 13:15:00 EST,42.67627,-74.50797,1076,25.9,25.1,20.2,74.1,18.8,0.000,0.000,0.00,0.000,4.2,15.0,3.8,309,25,4.7,17.1,3.7,318,27,4.7,17.1,3.7,318,27,153,28.99,-0.1,0,0,0,40.2,45.4,49.2,0.37,0.30,0.32
COBL,2019-11-08 13:20:00 EST,42.67627,-74.50797,1076,25.8,25.2,17.9,69.8,17.3,0.000,0.000,0.00,0.000,6.5,14.6,3.5,325,25,7.2,17.1,3.8,335,20,7.2,17.1,3.8,335,20,98,28.99,-0.2,0,0,0,40.3,45.3,49.1,0.37,0.31,0.32
COBL,2019-11-08 13:25:00 EST,42.67627,-74.50797,1076,25.7,25.1,19.6,69.3,17.0,0.000,0.000,0.00,0.000,4.8,9.4,1.9,309,20,5.0,9.4,1.9,318,17,5.0,9.4,1.9,318,17,77,28.99,-0.2,0,0,0,40.3,45.4,49.1,0.37,0.31,0.32
COBL,2019-11-08 13:30:00 EST,42.67627,-74.50797,1076,25.6,25.1,19.3,70.5,17.4,0.000,0.000,0.00,0.000,4.7,9.1,2.1,320,28,5.2,11.7,2.3,330,27,5.2,11.7,2.3,330,27,125,28.99,-0.2,0,0,0,40.4,45.3,49.1,0.37,0.30,0.31
COBL,2019-11-08 13:35:00 EST,42.67627,-74.50797,1076,26.2,25.5,20.8,69.3,17.5,0.000,0.000,0.00,0.000,3.7,9.6,2.2,261,34,4.5,11.7,2.3,269,36,4.5,11.7,2.3,269,36,290,28.99,-0.1,0,0,0,40.4,45.3,49.1,0.37,0.31,0.32
COBL,2019-11-08 13:40:00 EST,42.67627,-74.50797,1076,26.2,25.7,17.5,67.2,16.8,0.000,0.000,0.00,0.000,7.6,14.9,2.4,272,19,8.5,17.6,2.8,280,18,8.5,17.6,2.8,280,18,191,28.99,-0.2,0,0,0,40.4,45.3,49.2,0.37,0.31,0.31
COBL,2019-11-08 13:45:00 EST,42.67627,-74.50797,1076,25.9,25.4,16.1,67.9,16.8,0.000,0.000,0.00,0.000,9.5,18.0,3.2,289,24,10.1,18.9,3.2,298,22,10.1,18.9,3.2,298,22,118,28.99,-0.2,0,0,0,40.4,45.4,49.1,0.36,0.31,0.32
COBL,2019-11-08 13:50:00 EST,42.67627,-74.50797,1076,25.6,25.1,16.6,69.5,17.0,0.000,0.000,0.00,0.000,7.9,13.7,2.7,291,33,8.7,14.0,2.6,298,33,8.7,14.0,2.6,298,33,121,28.99,-0.2,0,0,0,40.5,45.4,49.1,0.37,0.30,0.31
COBL,2019-11-08 13:55:00 EST,42.67627,-74.50797,1076,25.6,25.1,20.4,70.3,17.3,0.000,0.000,0.00,0.000,3.8,8.0,2.0,275,30,4.3,9.9,2.3,283,31,4.3,9.9,2.3,283,31,129,28.99,-0.2,0,0,0,40.5,45.3,49.0,0.37,0.31,0.32
COBL,2019-11-08 14:00:00 EST,42.67627,-74.50797,1076,25.5,25.0,18.2,70.8,17.3,0.000,0.000,0.00,0.000,5.6,12.3,2.7,287,22,6.2,14.2,3.1,292,20,6.2,14.2,3.1,292,20,78,28.99,-0.1,0,0,0,40.6,45.3,49.1,0.37,0.30,0.32
COBL,2019-11-08 14:05:00 EST,42.67627,-74.50797,1076,25.6,25.1,20.1,69.9,17.1,0.000,0.000,0.00,0.000,4.2,7.5,1.5,310,22,4.5,8.3,1.7,319,20,4.5,8.3,1.7,319,20,169,28.99,-0.2,0,0,0,40.6,45.3,49.0,0.37,0.31,0.31
COBL,2019-11-08 14:10:00 EST,42.67627,-74.50797,1076,25.7,25.2,21.9,67.5,16.4,0.000,0.000,0.00,0.000,2.9,5.9,1.2,282,32,3.2,7.3,1.3,293,33,3.2,7.3,1.3,293,33,101,28.99,-0.2,0,0,0,40.5,45.3,49.1,0.36,0.30,0.32
COBL,2019-11-08 14:15:00 EST,42.67627,-74.50797,1076,26.0,25.5,20.2,65.5,16.0,0.000,0.000,0.00,0.000,4.3,10.0,2.5,304,29,4.9,11.4,2.5,314,30,4.9,11.4,2.5,314,30,154,28.99,-0.1,0,0,0,40.6,45.3,49.1,0.37,0.31,0.32
COBL,2019-11-08 14:20:00 EST,42.67627,-74.50797,1076,26.2,25.7,18.8,63.2,15.4,0.000,0.000,0.00,0.000,5.8,14.6,2.7,287,30,6.5,16.3,3.2,296,29,6.5,16.3,3.2,296,29,101,28.99,-0.2,0,0,0,40.6,45.3,49.1,0.36,0.31,0.32
COBL,2019-11-08 14:25:00 EST,42.67627,-74.50797,1076,26.1,25.7,18.7,63.6,15.4,0.000,0.000,0.00,0.000,5.7,10.7,1.5,307,31,6.6,13.0,1.8,316,31,6.6,13.0,1.8,316,31,79,28.99,-0.2,0,0,0,40.6,45.4,49.1,0.36,0.31,0.32
COBL,2019-11-08 14:30:00 EST,42.67627,-74.50797,1076,25.9,25.5,17.5,64.4,15.5,0.000,0.000,0.00,0.000,7.4,14.5,2.4,314,24,7.9,16.1,2.4,322,23,7.9,16.1,2.4,322,23,74,28.99,-0.2,0,0,0,40.6,45.3,49.0,0.37,0.30,0.31
COBL,2019-11-08 14:35:00 EST,42.67627,-74.50797,1076,25.9,25.5,18.4,62.8,14.9,0.000,0.000,0.00,0.000,6.0,14.2,2.9,310,27,6.6,15.3,2.8,322,26,6.6,15.3,2.8,322,26,187,28.99,-0.1,0,0,0,40.5,45.3,49.0,0.36,0.31,0.31
COBL,2019-11-08 14:40:00 EST,42.67627,-74.50797,1076,26.3,25.8,21.7,61.3,14.8,0.000,0.000,0.00,0.000,3.4,9.1,1.5,325,25,3.9,10.2,1.8,335,23,3.9,10.2,1.8,335,23,173,28.99,-0.1,0,0,0,40.6,45.3,49.0,0.36,0.31,0.32
COBL,2019-11-08 14:45:00 EST,42.67627,-74.50797,1076,26.1,25.7,20.7,62.2,15.0,0.000,0.000,0.00,0.000,4.2,9.7,2.1,317,18,4.5,10.3,2.1,325,18,4.5,10.3,2.1,325,18,65,28.99,-0.1,0,0,0,40.5,45.3,49.0,0.36,0.31,0.32
COBL,2019-11-08 14:50:00 EST,42.67627,-74.50797,1076,26.1,25.8,20.1,61.6,14.7,0.000,0.000,0.00,0.000,4.5,10.6,1.9,285,36,5.0,10.6,2.0,296,36,5.0,10.6,2.0,296,36,67,29.00,-0.1,0,0,0,40.5,45.3,49.0,0.36,0.31,0.32
COBL,2019-11-08 14:55:00 EST,42.67627,-74.50797,1076,25.9,25.6,20.1,64.8,15.7,0.000,0.000,0.00,0.000,4.1,10.8,2.2,249,30,4.8,11.4,2.4,256,31,4.8,11.4,2.4,256,31,61,29.00,-0.1,0,0,0,40.6,45.2,49.0,0.36,0.30,0.32
COBL,2019-11-08 15:00:00 EST,42.67627,-74.50797,1076,25.6,25.3,19.7,66.8,16.1,0.000,0.000,0.00,0.000,4.6,10.9,1.9,268,31,5.0,9.8,1.9,278,31,5.0,9.8,1.9,278,31,66,29.00,-0.1,0,0,0,40.6,45.2,48.9,0.36,0.31,0.32
COBL,2019-11-08 15:05:00 EST,42.67627,-74.50797,1076,25.7,25.3,19.5,66.5,16.0,0.000,0.000,0.00,0.000,4.6,9.1,1.6,300,39,5.1,9.8,1.6,308,39,5.1,9.8,1.6,308,39,113,29.00,-0.1,0,0,0,40.5,45.2,49.0,0.36,0.31,0.32
COBL,2019-11-08 15:10:00 EST,42.67627,-74.50797,1076,26.2,25.7,20.9,63.9,15.6,0.000,0.000,0.00,0.000,3.8,9.9,2.3,295,30,4.4,11.4,2.5,305,28,4.4,11.4,2.5,305,28,251,29.00,-0.0,0,0,0,40.4,45.2,48.9,0.36,0.31,0.32
COBL,2019-11-08 15:15:00 EST,42.67627,-74.50797,1076,26.6,26.0,22.9,62.6,15.5,0.000,0.000,0.00,0.000,2.6,5.6,1.2,334,35,3.2,6.8,1.3,343,33,3.2,6.8,1.3,343,33,225,29.00,-0.1,0,0,0,40.5,45.4,49.1,0.36,0.30,0.31
COBL,2019-11-08 15:20:00 EST,42.67627,-74.50797,1076,27.1,26.4,21.0,62.0,15.8,0.000,0.000,0.00,0.000,4.7,10.2,1.9,297,37,5.4,12.2,2.1,308,37,5.4,12.2,2.1,308,37,276,29.00,-0.0,0,0,0,40.4,45.2,49.0,0.36,0.31,0.32
COBL,2019-11-08 15:25:00 EST,42.67627,-74.50797,1076,27.1,26.5,20.7,59.4,14.9,0.000,0.000,0.00,0.000,5.2,11.3,2.5,300,28,5.7,11.9,2.5,307,29,5.7,11.9,2.5,307,29,202,29.00,-0.1,0,0,0,40.4,45.2,49.0,0.36,0.30,0.31
COBL,2019-11-08 15:30:00 EST,42.67627,-74.50797,1076,27.2,26.6,22.1,61.4,15.7,0.000,0.000,0.00,0.000,4.0,11.6,3.0,321,33,4.4,11.9,2.8,329,35,4.4,11.9,2.8,329,35,230,29.00,-0.0,0,0,0,40.4,45.3,48.8,0.36,0.31,0.32
COBL,2019-11-08 15:35:00 EST,42.67627,-74.50797,1076,27.4,26.8,20.8,60.2,15.4,0.000,0.000,0.00,0.000,5.5,11.8,3.3,298,29,5.9,12.5,3.3,306,31,5.9,12.5,3.3,306,31,227,29.00,-0.1,0,0,0,40.4,45.2,48.8,0.36,0.31,0.32
COBL,2019-11-08 15:40:00 EST,42.67627,-74.50797,1076,26.9,26.5,17.9,60.7,15.1,0.000,0.000,0.00,0.000,8.3,18.6,4.0,320,29,9.1,19.9,4.4,329,28,9.1,19.9,4.4,329,28,106,29.01,-0.1,0,0,0,40.4,45.3,49.0,0.36,0.31,0.32
COBL,2019-11-08 15:45:00 EST,42.67627,-74.50797,1076,26.6,26.2,18.5,59.7,14.5,0.000,0.000,0.00,0.000,6.8,15.1,3.6,297,34,7.6,16.8,3.9,305,32,7.6,16.8,3.9,305,32,112,29.01,-0.1,0,0,0,40.4,45.3,49.0,0.36,0.31,0.31
COBL,2019-11-08 15:50:00 EST,42.67627,-74.50797,1076,26.2,25.8,20.7,61.0,14.6,0.000,0.000,0.00,0.000,4.0,8.8,1.9,302,28,4.5,11.1,2.2,308,28,4.5,11.1,2.2,308,28,66,29.01,-0.0,0,0,0,40.3,45.2,48.8,0.36,0.31,0.31
COBL,2019-11-08 15:55:00 EST,42.67627,-74.50797,1076,26.1,25.8,17.9,60.9,14.5,0.000,0.000,0.00,0.000,6.8,14.3,3.0,332,21,7.8,16.5,3.4,340,18,7.8,16.5,3.4,340,18,50,29.01,-0.0,0,0,0,40.4,45.2,48.9,0.36,0.31,0.32
COBL,2019-11-08 16:00:00 EST,42.67627,-74.50797,1076,26.1,25.7,18.6,63.4,15.4,0.000,0.000,0.00,0.000,5.9,12.2,2.2,327,29,6.7,13.5,2.4,336,27,6.7,13.5,2.4,336,27,71,29.01,-0.0,0,0,0,40.4,45.2,48.9,0.36,0.30,0.31
COBL,2019-11-08 16:05:00 EST,42.67627,-74.50797,1076,26.1,25.8,18.6,63.3,15.3,0.000,0.000,0.00,0.000,6.1,14.2,3.3,283,26,6.8,16.9,3.8,291,24,6.8,16.9,3.8,291,24,58,29.02,-0.0,0,0,0,40.4,45.3,48.8,0.36,0.31,0.31
COBL,2019-11-08 16:10:00 EST,42.67627,-74.50797,1076,26.1,25.7,21.1,62.7,15.1,0.000,0.000,0.00,0.000,3.6,6.7,1.7,273,30,4.1,10.0,2.1,281,27,4.1,10.0,2.1,281,27,51,29.02,-0.1,0,0,0,40.4,45.3,48.8,0.36,0.31,0.32
COBL,2019-11-08 16:15:00 EST,42.67627,-74.50797,1076,25.9,25.6,20.4,64.3,15.5,0.000,0.000,0.00,0.000,4.1,9.0,1.9,299,17,4.5,11.3,2.0,308,16,4.5,11.3,2.0,308,16,30,29.02,-0.1,0,0,0,40.4,45.3,48.7,0.36,0.31,0.31
COBL,2019-11-08 16:20:00 EST,42.67627,-74.50797,1076,25.7,25.4,25.7,65.0,15.6,0.000,0.000,0.00,0.000,1.6,5.0,1.3,241,40,2.1,7.0,1.4,246,45,2.1,7.0,1.4,246,45,26,29.02,-0.0,0,0,0,40.3,45.2,49.0,0.36,0.30,0.32
COBL,2019-11-08 16:25:00 EST,42.67627,-74.50797,1076,25.5,25.2,18.1,66.4,15.9,0.000,0.000,0.00,0.000,5.8,11.9,2.7,278,29,6.4,13.2,3.1,283,27,6.4,13.2,3.1,283,27,18,29.02,-0.1,0,0,0,40.3,45.3,48.7,0.36,0.30,0.32
COBL,2019-11-08 16:30:00 EST,42.67627,-74.50797,1076,25.2,24.9,17.5,70.2,16.8,0.000,0.000,0.00,0.000,6.2,12.1,2.6,302,25,6.7,12.6,2.4,310,24,6.7,12.6,2.4,310,24,13,29.03,-0.0,0,0,0,40.3,45.2,48.9,0.36,0.30,0.31
COBL,2019-11-08 16:35:00 EST,42.67627,-74.50797,1076,25.1,24.8,18.8,72.0,17.3,0.000,0.000,0.00,0.000,5.0,10.2,1.5,306,21,5.1,10.3,1.7,315,21,5.1,10.3,1.7,315,21,10,29.02,-0.1,0,0,0,40.2,45.2,49.0,0.36,0.30,0.32
COBL,2019-11-08 16:40:00 EST,42.67627,-74.50797,1076,25.0,24.8,21.3,71.9,17.2,0.000,0.000,0.00,0.000,2.7,4.7,1.0,286,35,3.1,5.2,1.1,292,36,3.1,5.2,1.1,292,36,8,29.02,-0.0,0,0,0,40.2,45.2,48.7,0.36,0.31,0.32
COBL,2019-11-08 16:45:00 EST,42.67627,-74.50797,1076,25.0,24.9,20.3,70.9,16.9,0.000,0.000,0.00,0.000,3.3,7.9,1.4,282,32,3.8,8.3,1.6,292,31,3.8,8.3,1.6,292,31,5,29.03,-0.1,0,0,0,40.2,45.2,48.8,0.36,0.31,0.32
COBL,2019-11-08 16:50:00 EST,42.67627,-74.50797,1076,25.0,24.8,19.4,69.6,16.4,0.000,0.000,0.00,0.000,3.9,7.3,1.6,264,22,4.5,8.9,2.0,271,22,4.5,8.9,2.0,271,22,3,29.03,-0.0,0,0,0,40.2,45.2,48.8,0.36,0.31,0.32
COBL,2019-11-08 16:55:00 EST,42.67627,-74.50797,1076,24.8,24.6,24.8,68.8,16.0,0.000,0.000,0.00,0.000,1.9,4.7,0.8,267,29,2.2,5.8,0.9,273,28,2.2,5.8,0.9,273,28,2,29.03,-0.1,0,0,0,40.1,45.3,48.6,0.36,0.31,0.31
COBL,2019-11-08 17:00:00 EST,42.67627,-74.50797,1076,24.5,24.5,19.7,69.7,16.0,0.000,0.000,0.00,0.000,3.0,7.7,1.8,270,43,3.7,9.4,1.8,275,44,3.7,9.4,1.8,275,44,0,29.03,-0.1,0,0,0,40.1,45.3,48.8,0.36,0.30,0.32
COBL,2019-11-08 17:05:00 EST,42.67627,-74.50797,1076,24.1,24.1,19.1,71.9,16.4,0.000,0.000,0.00,0.000,3.4,8.3,1.4,279,44,3.9,9.1,1.6,290,41,3.9,9.1,1.6,290,41,0,29.04,-0.1,0,0,0,40.1,45.3,48.6,0.36,0.30,0.32
COBL,2019-11-08 17:10:00 EST,42.67627,-74.50797,1076,23.9,23.9,19.6,73.1,16.5,0.000,0.000,0.00,0.000,2.8,6.0,1.5,248,38,3.3,7.1,1.6,257,37,3.3,7.1,1.6,257,37,0,29.04,-0.1,0,0,0,40.0,45.2,48.6,0.36,0.31,0.31
COBL,2019-11-08 17:15:00 EST,42.67627,-74.50797,1076,23.7,23.7,23.7,74.6,16.9,0.000,0.000,0.00,0.000,2.4,6.6,1.1,248,40,2.7,5.9,1.1,253,43,2.7,5.9,1.1,253,43,0,29.04,-0.1,0,0,0,40.0,45.2,48.8,0.36,0.30,0.32
COBL,2019-11-08 17:20:00 EST,42.67627,-74.50797,1076,23.6,23.5,23.6,75.6,17.1,0.000,0.000,0.00,0.000,2.0,6.3,1.6,274,25,2.4,8.0,1.9,281,25,2.4,8.0,1.9,281,25,0,29.04,-0.1,0,0,0,40.1,45.3,48.6,0.36,0.31,0.32
COBL,2019-11-08 17:25:00 EST,42.67627,-74.50797,1076,23.6,23.5,23.6,76.6,17.3,0.000,0.000,0.00,0.000,2.5,4.7,1.0,243,38,2.8,5.3,1.1,252,36,2.8,5.3,1.1,252,36,0,29.05,-0.0,0,0,0,40.0,45.2,48.7,0.36,0.31,0.32
COBL,2019-11-08 17:30:00 EST,42.67627,-74.50797,1076,23.8,23.6,23.8,76.9,17.6,0.000,0.000,0.00,0.000,2.0,4.4,0.9,240,20,2.2,6.2,1.1,245,19,2.2,6.2,1.1,245,19,0,29.05,-0.1,0,0,0,40.0,45.2,48.6,0.36,0.31,0.31
COBL,2019-11-08 17:35:00 EST,42.67627,-74.50797,1076,23.5,23.5,23.5,77.2,17.4,0.000,0.000,0.00,0.000,2.5,5.1,1.2,213,55,3.0,5.6,1.2,219,60,3.0,5.6,1.2,219,60,0,29.05,-0.1,0,0,0,39.9,45.3,48.7,0.36,0.31,0.32
COBL,2019-11-08 17:40:00 EST,42.67627,-74.50797,1076,23.6,23.5,23.6,77.8,17.7,0.000,0.000,0.00,0.000,2.5,5.8,1.0,235,33,2.9,6.9,1.1,243,32,2.9,6.9,1.1,243,32,0,29.06,-0.0,0,0,0,39.9,45.2,48.7,0.36,0.31,0.32
COBL,2019-11-08 17:45:00 EST,42.67627,-74.50797,1076,23.9,23.6,23.9,77.5,17.9,0.000,0.000,0.00,0.000,2.5,5.4,1.2,234,42,2.9,7.3,1.3,244,42,2.9,7.3,1.3,244,42,0,29.06,-0.1,0,0,0,39.8,45.1,48.6,0.36,0.31,0.32
COBL,2019-11-08 17:50:00 EST,42.67627,-74.50797,1076,24.0,23.7,24.0,77.0,17.8,0.000,0.000,0.00,0.000,2.2,5.1,1.0,215,46,2.6,6.9,1.2,224,47,2.6,6.9,1.2,224,47,0,29.06,-0.0,0,0,0,39.7,45.3,48.7,0.36,0.31,0.32
COBL,2019-11-08 17:55:00 EST,42.67627,-74.50797,1076,24.0,23.7,24.0,77.4,18.0,0.000,0.000,0.00,0.000,1.1,4.4,1.2,280,22,1.6,4.8,1.3,287,40,1.6,4.8,1.3,287,40,0,29.06,-0.0,0,0,0,39.7,45.2,48.6,0.36,0.31,0.31
COBL,2019-11-08 18:00:00 EST,42.67627,-74.50797,1076,24.1,23.8,20.0,76.6,17.8,0.000,0.000,0.00,0.000,2.8,5.7,1.4,264,30,3.3,6.5,1.5,271,31,3.3,6.5,1.5,271,31,0,29.07,-0.0,0,0,0,39.6,45.2,48.7,0.36,0.30,0.32
COBL,2019-11-08 18:05:00 EST,42.67627,-74.50797,1076,24.0,23.8,24.0,76.8,17.8,0.000,0.000,0.00,0.000,1.7,4.7,1.2,261,34,2.2,6.1,1.4,266,36,2.2,6.1,1.4,266,36,0,29.07,-0.0,0,0,0,39.6,45.1,48.7,0.36,0.31,0.32
COBL,2019-11-08 18:10:00 EST,42.67627,-74.50797,1076,24.0,23.8,20.3,76.4,17.7,0.000,0.000,0.00,0.000,2.5,5.7,1.3,264,17,3.0,6.4,1.3,270,21,3.0,6.4,1.3,270,21,0,29.07,-0.0,0,0,0,39.7,45.0,48.6,0.36,0.31,0.32
COBL,2019-11-08 18:15:00 EST,42.67627,-74.50797,1076,24.1,23.8,18.9,76.0,17.6,0.000,0.000,0.00,0.000,3.7,7.2,1.4,283,29,4.0,7.7,1.4,292,29,4.0,7.7,1.4,292,29,0,29.07,-0.0,0,0,0,39.5,45.2,48.6,0.36,0.30,0.32
COBL,2019-11-08 18:20:00 EST,42.67627,-74.50797,1076,24.0,23.8,17.7,76.0,17.6,0.000,0.000,0.00,0.000,4.4,8.2,2.0,265,21,5.0,9.7,2.4,273,19,5.0,9.7,2.4,273,19,0,29.07,-0.0,0,0,0,39.6,45.3,48.7,0.36,0.30,0.32
COBL,2019-11-08 18:25:00 EST,42.67627,-74.50797,1076,24.0,23.8,18.5,75.9,17.5,0.000,0.000,0.00,0.000,3.7,6.5,1.2,271,24,4.2,8.2,1.5,280,24,4.2,8.2,1.5,280,24,0,29.07,-0.0,0,0,0,39.5,45.2,48.7,0.36,0.30,0.31
COBL,2019-11-08 18:30:00 EST,42.67627,-74.50797,1076,23.9,23.7,23.9,75.6,17.3,0.000,0.000,0.00,0.000,2.5,5.3,0.9,264,22,2.8,6.7,1.1,271,21,2.8,6.7,1.1,271,21,0,29.07,-0.0,0,0,0,39.5,45.2,48.7,0.36,0.31,0.31
COBL,2019-11-08 18:35:00 EST,42.67627,-74.50797,1076,23.8,23.6,23.8,75.3,17.1,0.000,0.000,0.00,0.000,2.0,5.7,1.2,262,53,2.5,6.7,1.6,269,50,2.5,6.7,1.6,269,50,0,29.07,-0.1,0,0,0,39.5,45.1,48.7,0.36,0.30,0.32
COBL,2019-11-08 18:40:00 EST,42.67627,-74.50797,1076,23.4,23.5,23.4,76.0,17.0,0.000,0.000,0.00,0.000,1.1,2.9,0.7,271,35,1.5,3.6,0.8,276,33,1.5,3.6,0.8,276,33,0,29.08,0.0,0,0,0,39.4,45.2,48.6,0.35,0.31,0.32
COBL,2019-11-08 18:45:00 EST,42.67627,-74.50797,1076,23.7,23.4,23.7,76.0,17.2,0.000,0.000,0.00,0.000,1.1,2.3,0.7,222,33,1.5,2.6,0.6,222,36,1.5,2.6,0.6,222,36,0,29.08,-0.1,0,0,0,39.3,45.2,48.7,0.36,0.30,0.32
COBL,2019-11-08 18:50:00 EST,42.67627,-74.50797,1076,23.5,23.4,23.5,75.8,17.0,0.000,0.000,0.00,0.000,1.4,2.8,0.7,231,38,1.9,3.3,0.7,236,42,1.9,3.3,0.7,236,42,0,29.08,-0.0,0,0,0,39.3,45.2,48.7,0.36,0.30,0.32
COBL,2019-11-08 18:55:00 EST,42.67627,-74.50797,1076,23.4,23.4,23.4,74.4,16.5,0.000,0.000,0.00,0.000,2.5,4.3,0.8,234,29,2.7,4.9,0.9,236,30,2.7,4.9,0.9,236,30,0,29.08,-0.2,0,0,0,39.3,45.1,48.6,0.36,0.30,0.32
COBL,2019-11-08 19:00:00 EST,42.67627,-74.50797,1076,22.3,22.7,22.3,77.4,16.3,0.000,0.000,0.00,0.000,2.5,4.7,0.7,302,22,2.7,5.4,0.9,309,20,2.7,5.4,0.9,309,20,0,29.08,-0.1,0,0,0,39.3,45.2,48.6,0.36,0.30,0.31
COBL,2019-11-08 19:05:00 EST,42.67627,-74.50797,1076,22.5,22.8,18.0,78.0,16.7,0.000,0.000,0.00,0.000,3.1,7.4,1.6,287,21,3.4,8.2,1.9,294,20,3.4,8.2,1.9,294,20,0,29.08,0.0,0,0,0,39.2,45.2,48.7,0.35,0.30,0.32
COBL,2019-11-08 19:10:00 EST,42.67627,-74.50797,1076,23.0,23.0,18.7,72.4,15.4,0.000,0.000,0.00,0.000,3.1,7.5,1.3,294,20,3.3,7.2,1.3,303,18,3.3,7.2,1.3,303,18,0,29.08,-0.0,0,0,0,39.3,45.1,48.7,0.36,0.31,0.32
COBL,2019-11-08 19:15:00 EST,42.67627,-74.50797,1076,22.8,22.9,22.8,71.1,14.9,0.000,0.000,0.00,0.000,1.8,4.9,1.1,288,27,2.1,5.0,1.1,294,29,2.1,5.0,1.1,294,29,0,29.08,-0.1,0,0,0,39.2,45.1,48.6,0.36,0.30,0.31
COBL,2019-11-08 19:20:00 EST,42.67627,-74.50797,1076,22.3,22.7,22.3,71.8,14.6,0.000,0.000,0.00,0.000,0.4,1.2,0.4,209,31,0.9,1.7,0.5,201,33,0.9,1.7,0.5,201,33,0,29.08,-0.1,0,0,0,39.2,45.1,48.7,0.36,0.30,0.32
COBL,2019-11-08 19:25:00 EST,42.67627,-74.50797,1076,22.3,22.6,22.3,73.0,14.9,0.000,0.000,0.00,0.000,0.8,2.1,0.5,267,14,1.0,2.6,0.6,270,26,1.0,2.6,0.6,270,26,0,29.08,-0.2,0,0,0,39.2,45.1,48.7,0.36,0.30,0.32
COBL,2019-11-08 19:30:00 EST,42.67627,-74.50797,1076,21.6,22.5,21.6,76.6,15.4,0.000,0.000,0.00,0.000,1.9,3.4,0.5,235,12,2.0,4.1,0.6,241,12,2.0,4.1,0.6,241,12,0,29.09,-0.1,0,0,0,39.1,45.2,48.6,0.36,0.30,0.32
COBL,2019-11-08 19:35:00 EST,42.67627,-74.50797,1076,21.2,21.8,21.2,79.7,15.9,0.000,0.000,0.00,0.000,2.7,3.6,0.4,214,20,2.6,4.1,0.5,222,20,2.6,4.1,0.5,222,20,0,29.09,-0.1,0,0,0,39.1,45.1,48.6,0.36,0.30,0.32
COBL,2019-11-08 19:40:00 EST,42.67627,-74.50797,1076,21.1,21.4,21.1,81.8,16.4,0.000,0.000,0.00,0.000,2.5,3.1,0.3,228,23,2.6,3.9,0.5,236,23,2.6,3.9,0.5,236,23,0,29.09,-0.0,0,0,0,39.1,45.1,48.6,0.36,0.31,0.32
COBL,2019-11-08 19:45:00 EST,42.67627,-74.50797,1076,21.3,21.7,17.0,82.0,16.6,0.000,0.000,0.00,0.000,3.1,4.5,0.5,223,12,3.1,4.6,0.7,230,11,3.1,4.6,0.7,230,11,0,29.09,-0.0,0,0,0,39.1,45.1,48.6,0.36,0.30,0.32
COBL,2019-11-08 19:50:00 EST,42.67627,-74.50797,1076,21.3,22.1,16.6,81.6,16.6,0.000,0.000,0.00,0.000,3.3,4.5,0.7,237,8,3.4,4.8,0.8,245,9,3.4,4.8,0.8,245,9,0,29.09,0.0,0,0,0,39.0,45.1,48.6,0.36,0.31,0.32
COBL,2019-11-08 19:55:00 EST,42.67627,-74.50797,1076,22.0,22.5,17.4,78.9,16.4,0.000,0.000,0.00,0.000,3.2,5.8,1.0,244,14,3.4,6.5,1.1,251,14,3.4,6.5,1.1,251,14,0,29.09,-0.0,0,0,0,39.0,45.2,48.7,0.36,0.31,0.32
COBL,2019-11-08 20:00:00 EST,42.67627,-74.50797,1076,22.1,22.4,22.1,77.2,16.0,0.000,0.000,0.00,0.000,1.9,4.8,0.9,182,29,2.2,5.2,1.0,186,29,2.2,5.2,1.0,186,29,0,29.09,0.0,0,0,0,39.0,45.1,48.6,0.35,0.31,0.32
COBL,2019-11-08 20:05:00 EST,42.67627,-74.50797,1076,21.9,22.2,21.9,77.2,15.9,0.000,0.000,0.00,0.000,2.2,3.6,0.7,206,19,2.4,4.2,0.8,212,20,2.4,4.2,0.8,212,20,0,29.09,-0.2,0,0,0,38.9,45.1,48.7,0.36,0.30,0.32
COBL,2019-11-08 20:10:00 EST,42.67627,-74.50797,1076,21.2,21.6,21.2,79.7,16.0,0.000,0.000,0.00,0.000,2.4,3.7,0.7,237,17,2.4,4.2,0.7,246,19,2.4,4.2,0.7,246,19,0,29.09,-0.1,0,0,0,38.8,45.1,48.7,0.36,0.30,0.32
COBL,2019-11-08 20:15:00 EST,42.67627,-74.50797,1076,20.8,21.4,16.6,81.8,16.1,0.000,0.000,0.00,0.000,3.0,3.8,0.4,228,14,3.0,4.6,0.5,235,15,3.0,4.6,0.5,235,15,0,29.09,-0.1,0,0,0,38.8,44.9,48.7,0.36,0.30,0.31
COBL,2019-11-08 20:20:00 EST,42.67627,-74.50797,1076,21.1,21.5,21.1,81.7,16.3,0.000,0.000,0.00,0.000,2.7,3.7,0.4,234,11,2.7,4.5,0.6,241,12,2.7,4.5,0.6,241,12,0,29.09,-0.1,0,0,0,38.8,45.1,48.6,0.36,0.31,0.32
COBL,2019-11-08 20:25:00 EST,42.67627,-74.50797,1076,20.6,21.2,20.6,81.3,15.8,0.000,0.000,0.00,0.000,2.7,4.4,0.5,250,15,3.0,5.1,0.6,257,17,3.0,5.1,0.6,257,17,0,29.09,-0.1,0,0,0,38.8,45.1,48.7,0.36,0.31,0.32
COBL,2019-11-08 20:30:00 EST,42.67627,-74.50797,1076,20.2,21.2,20.2,81.9,15.5,0.000,0.000,0.00,0.000,2.6,3.1,0.3,249,10,2.8,3.5,0.4,257,11,2.8,3.5,0.4,257,11,0,29.09,-0.1,0,0,0,38.7,45.1,48.6,0.36,0.30,0.31
COBL,2019-11-08 20:35:00 EST,42.67627,-74.50797,1076,20.3,21.1,15.8,82.1,15.8,0.000,0.000,0.00,0.000,3.1,4.0,0.3,247,13,3.2,4.3,0.4,254,15,3.2,4.3,0.4,254,15,0,29.09,-0.0,0,0,0,38.7,45.1,48.6,0.36,0.31,0.32
COBL,2019-11-08 20:40:00 EST,42.67627,-74.50797,1076,20.1,20.9,15.6,82.1,15.5,0.000,0.000,0.00,0.000,2.9,3.7,0.4,255,13,3.2,4.4,0.5,263,13,3.2,4.4,0.5,263,13,0,29.09,0.0,0,0,0,38.6,45.1,48.6,0.36,0.31,0.32
COBL,2019-11-08 20:45:00 EST,42.67627,-74.50797,1076,20.3,20.9,15.3,82.5,15.8,0.000,0.000,0.00,0.000,3.2,3.8,0.3,257,11,3.5,4.6,0.5,266,10,3.5,4.6,0.5,266,10,0,29.09,-0.0,0,0,0,38.5,45.0,48.7,0.36,0.30,0.32
COBL,2019-11-08 20:50:00 EST,42.67627,-74.50797,1076,20.3,20.8,14.9,82.1,15.7,0.000,0.000,0.00,0.000,3.5,4.5,0.4,249,10,3.8,5.2,0.6,257,10,3.8,5.2,0.6,257,10,0,29.09,-0.1,0,0,0,38.5,45.1,48.6,0.36,0.31,0.31
COBL,2019-11-08 20:55:00 EST,42.67627,-74.50797,1076,20.2,20.6,15.3,81.7,15.5,0.000,0.000,0.00,0.000,3.2,4.5,0.5,248,15,3.4,5.4,0.7,257,16,3.4,5.4,0.7,257,16,0,29.10,-0.1,0,0,0,38.4,45.1,48.7,0.36,0.30,0.32
COBL,2019-11-08 21:00:00 EST,42.67627,-74.50797,1076,19.8,20.4,13.5,82.9,15.4,0.000,0.000,0.00,0.000,4.2,5.4,0.6,232,11,4.4,6.4,0.6,239,12,4.4,6.4,0.6,239,12,0,29.10,-0.0,0,0,0,38.4,45.1,48.7,0.36,0.31,0.32
COBL,2019-11-08 21:05:00 EST,42.67627,-74.50797,1076,19.6,20.7,13.1,83.9,15.5,0.000,0.000,0.00,0.000,4.4,5.1,0.5,227,7,4.5,5.4,0.5,234,8,4.5,5.4,0.5,234,8,0,29.10,-0.1,0,0,0,38.4,45.0,48.6,0.36,0.31,0.32
COBL,2019-11-08 21:10:00 EST,42.67627,-74.50797,1076,19.4,20.7,13.8,84.2,15.4,0.000,0.000,0.00,0.000,3.8,5.2,0.6,225,7,3.8,5.4,0.7,231,7,3.8,5.4,0.7,231,7,0,29.10,-0.0,0,0,0,38.3,45.1,48.6,0.36,0.31,0.32
COBL,2019-11-08 21:15:00 EST,42.67627,-74.50797,1076,19.1,20.2,14.3,84.6,15.2,0.000,0.000,0.00,0.000,3.2,3.7,0.2,225,7,3.2,3.8,0.3,231,7,3.2,3.8,0.3,231,7,0,29.10,-0.1,0,0,0,38.3,45.1,48.6,0.36,0.30,0.32
COBL,2019-11-08 21:20:00 EST,42.67627,-74.50797,1076,19.1,19.9,19.1,86.3,15.7,0.000,0.000,0.00,0.000,3.0,3.8,0.4,226,5,2.9,3.7,0.4,233,5,2.9,3.7,0.4,233,5,0,29.10,-0.0,0,0,0,38.3,45.0,48.7,0.36,0.31,0.32
COBL,2019-11-08 21:25:00 EST,42.67627,-74.50797,1076,19.7,20.0,15.4,85.8,16.1,0.000,0.000,0.00,0.000,3.1,3.9,0.5,229,7,3.0,4.4,0.6,235,6,3.0,4.4,0.6,235,6,0,29.10,-0.0,0,0,0,38.3,45.0,48.6,0.36,0.31,0.32
COBL,2019-11-08 21:30:00 EST,42.67627,-74.50797,1076,20.0,20.0,20.0,83.7,15.8,0.000,0.000,0.00,0.000,2.5,3.6,0.4,240,10,2.5,3.9,0.4,246,10,2.5,3.9,0.4,246,10,0,29.10,-0.0,0,0,0,38.2,45.0,48.7,0.36,0.31,0.32
COBL,2019-11-08 21:35:00 EST,42.67627,-74.50797,1076,19.4,20.1,19.4,82.8,15.0,0.000,0.000,0.00,0.000,2.4,3.4,0.3,257,12,2.6,3.8,0.4,264,13,2.6,3.8,0.4,264,13,0,29.10,0.0,0,0,0,38.1,45.1,48.6,0.36,0.30,0.32
COBL,2019-11-08 21:40:00 EST,42.67627,-74.50797,1076,19.4,20.1,19.4,84.3,15.4,0.000,0.000,0.00,0.000,2.6,4.5,0.8,257,16,2.8,5.1,0.8,266,17,2.8,5.1,0.8,266,17,0,29.10,-0.0,0,0,0,38.1,44.9,48.7,0.36,0.31,0.32
COBL,2019-11-08 21:45:00 EST,42.67627,-74.50797,1076,19.0,19.9,19.0,84.4,15.1,0.000,0.000,0.00,0.000,2.4,3.4,0.4,263,14,2.6,3.9,0.5,270,15,2.6,3.9,0.5,270,15,0,29.10,-0.1,0,0,0,38.0,45.0,48.6,0.35,0.31,0.32
COBL,2019-11-08 21:50:00 EST,42.67627,-74.50797,1076,18.8,19.7,18.8,85.6,15.2,0.000,0.000,0.00,0.000,2.3,3.7,0.4,268,13,2.5,4.7,0.6,278,15,2.5,4.7,0.6,278,15,0,29.10,0.0,0,0,0,38.1,45.1,48.6,0.36,0.30,0.32
COBL,2019-11-08 21:55:00 EST,42.67627,-74.50797,1076,18.3,19.5,18.3,86.5,15.0,0.000,0.000,0.00,0.000,2.7,3.4,0.5,269,12,3.0,3.9,0.6,278,13,3.0,3.9,0.6,278,13,0,29.11,-0.0,0,0,0,38.0,45.1,48.6,0.36,0.31,0.31
COBL,2019-11-08 22:00:00 EST,42.67627,-74.50797,1076,18.6,19.4,18.6,86.7,15.3,0.000,0.000,0.00,0.000,2.3,3.6,0.5,259,14,2.6,4.0,0.6,268,15,2.6,4.0,0.6,268,15,0,29.11,-0.0,0,0,0,37.9,45.1,48.6,0.36,0.30,0.32
COBL,2019-11-08 22:05:00 EST,42.67627,-74.50797,1076,18.5,19.3,18.5,86.8,15.2,0.000,0.000,0.00,0.000,2.5,3.5,0.4,240,17,2.5,4.0,0.5,248,19,2.5,4.0,0.5,248,19,0,29.11,0.0,0,0,0,37.9,45.1,48.7,0.35,0.31,0.32
COBL,2019-11-08 22:10:00 EST,42.67627,-74.50797,1076,18.6,19.1,18.6,87.7,15.6,0.000,0.000,0.00,0.000,3.0,3.4,0.4,226,9,2.8,3.6,0.4,233,8,2.8,3.6,0.4,233,8,0,29.11,-0.0,0,0,0,37.8,45.0,48.6,0.36,0.31,0.31
COBL,2019-11-08 22:15:00 EST,42.67627,-74.50797,1076,18.9,19.4,13.8,87.5,15.8,0.000,0.000,0.00,0.000,3.3,4.5,0.6,234,12,3.4,5.0,0.7,241,13,3.4,5.0,0.7,241,13,0,29.11,-0.1,0,0,0,37.9,45.1,48.7,0.36,0.31,0.32
COBL,2019-11-08 22:20:00 EST,42.67627,-74.50797,1076,18.6,19.6,13.0,86.3,15.2,0.000,0.000,0.00,0.000,3.5,4.8,0.4,242,10,3.7,5.1,0.5,249,10,3.7,5.1,0.5,249,10,0,29.11,0.1,0,0,0,37.7,45.0,48.7,0.36,0.30,0.32
COBL,2019-11-08 22:25:00 EST,42.67627,-74.50797,1076,19.2,19.6,13.2,85.7,15.6,0.000,0.000,0.00,0.000,3.8,4.7,0.4,244,8,4.1,5.2,0.5,251,8,4.1,5.2,0.5,251,8,0,29.11,-0.0,0,0,0,37.7,45.0,48.7,0.36,0.31,0.32
COBL,2019-11-08 22:30:00 EST,42.67627,-74.50797,1076,19.3,19.9,12.5,85.0,15.6,0.000,0.000,0.00,0.000,4.5,5.8,0.6,242,8,4.8,6.1,0.7,250,8,4.8,6.1,0.7,250,8,0,29.11,0.1,0,0,0,37.6,45.1,48.6,0.36,0.31,0.31
COBL,2019-11-08 22:35:00 EST,42.67627,-74.50797,1076,19.6,20.0,13.2,84.2,15.7,0.000,0.000,0.00,0.000,4.2,5.4,0.6,244,10,4.5,6.7,0.8,253,10,4.5,6.7,0.8,253,10,0,29.11,-0.0,0,0,0,37.7,45.0,48.6,0.36,0.30,0.32
COBL,2019-11-08 22:40:00 EST,42.67627,-74.50797,1076,19.3,19.7,13.5,83.6,15.2,0.000,0.000,0.00,0.000,3.8,5.3,0.6,238,9,4.0,5.3,0.7,246,10,4.0,5.3,0.7,246,10,0,29.11,-0.0,0,0,0,37.7,45.0,48.6,0.36,0.30,0.32
COBL,2019-11-08 22:45:00 EST,42.67627,-74.50797,1076,19.3,19.8,12.7,84.5,15.4,0.000,0.000,0.00,0.000,4.3,6.1,0.8,232,14,4.5,7.6,0.9,240,13,4.5,7.6,0.9,240,13,0,29.11,0.0,0,0,0,37.7,45.0,48.6,0.36,0.31,0.32
COBL,2019-11-08 22:50:00 EST,42.67627,-74.50797,1076,19.0,19.5,13.5,84.4,15.1,0.000,0.000,0.00,0.000,3.7,6.1,1.0,229,13,3.7,6.5,1.1,236,12,3.7,6.5,1.1,236,12,0,29.11,0.0,0,0,0,37.5,45.1,48.7,0.36,0.31,0.32
COBL,2019-11-08 22:55:00 EST,42.67627,-74.50797,1076,19.2,19.5,14.1,85.4,15.6,0.000,0.000,0.00,0.000,3.3,4.2,0.4,244,9,3.4,4.9,0.6,252,9,3.4,4.9,0.6,252,9,0,29.11,-0.0,0,0,0,37.6,45.0,48.6,0.36,0.31,0.32
COBL,2019-11-08 23:00:00 EST,42.67627,-74.50797,1076,19.4,19.6,14.1,85.4,15.7,0.000,0.000,0.00,0.000,3.4,5.0,0.7,241,11,3.6,5.5,0.7,249,12,3.6,5.5,0.7,249,12,0,29.11,0.0,0,0,0,37.5,45.0,48.6,0.36,0.31,0.32
COBL,2019-11-08 23:05:00 EST,42.67627,-74.50797,1076,19.1,19.4,19.1,85.0,15.3,0.000,0.000,0.00,0.000,3.0,4.4,0.4,230,8,2.9,4.6,0.6,236,7,2.9,4.6,0.6,236,7,0,29.11,0.0,0,0,0,37.5,44.9,48.6,0.35,0.31,0.31
COBL,2019-11-08 23:10:00 EST,42.67627,-74.50797,1076,18.9,19.0,18.9,86.2,15.5,0.000,0.000,0.00,0.000,2.6,3.4,0.4,236,9,2.5,3.8,0.4,243,9,2.5,3.8,0.4,243,9,0,29.11,0.0,0,0,0,37.4,44.9,48.5,0.36,0.30,0.32
COBL,2019-11-08 23:15:00 EST,42.67627,-74.50797,1076,18.8,19.0,13.4,86.6,15.5,0.000,0.000,0.00,0.000,3.4,4.7,0.6,244,11,3.6,5.4,0.8,252,11,3.6,5.4,0.8,252,11,0,29.11,0.0,0,0,0,37.3,44.9,48.6,0.36,0.31,0.31
COBL,2019-11-08 23:20:00 EST,42.67627,-74.50797,1076,18.8,18.9,14.1,86.9,15.5,0.000,0.000,0.00,0.000,3.1,4.4,0.5,241,16,3.2,5.5,0.7,249,16,3.2,5.5,0.7,249,16,0,29.11,0.0,0,0,0,37.3,44.7,48.7,0.36,0.31,0.32
COBL,2019-11-08 23:25:00 EST,42.67627,-74.50797,1076,19.0,19.2,14.2,86.8,15.7,0.000,0.000,0.00,0.000,3.0,3.9,0.5,249,11,3.2,4.6,0.5,257,12,3.2,4.6,0.5,257,12,0,29.11,0.0,0,0,0,37.3,44.9,48.5,0.35,0.31,0.32
COBL,2019-11-08 23:30:00 EST,42.67627,-74.50797,1076,18.9,19.5,14.1,86.5,15.6,0.000,0.000,0.00,0.000,3.1,4.4,0.4,247,9,3.3,4.9,0.5,254,9,3.3,4.9,0.5,254,9,0,29.11,-0.0,0,0,0,37.3,44.8,48.6,0.35,0.30,0.32
COBL,2019-11-08 23:35:00 EST,42.67627,-74.50797,1076,18.8,19.3,18.8,86.4,15.4,0.000,0.000,0.00,0.000,2.5,3.6,0.3,239,11,2.5,3.9,0.5,246,12,2.5,3.9,0.5,246,12,0,29.11,0.0,0,0,0,37.3,45.0,48.6,0.35,0.30,0.31
COBL,2019-11-08 23:40:00 EST,42.67627,-74.50797,1076,19.5,19.7,19.5,86.8,16.2,0.000,0.000,0.00,0.000,2.6,3.8,0.5,242,12,2.7,4.0,0.5,249,12,2.7,4.0,0.5,249,12,0,29.11,0.0,0,0,0,37.3,44.9,48.5,0.35,0.31,0.32
COBL,2019-11-08 23:45:00 EST,42.67627,-74.50797,1076,19.4,19.7,14.9,85.5,15.8,0.000,0.000,0.00,0.000,3.1,3.9,0.3,239,7,3.1,4.4,0.5,245,8,3.1,4.4,0.5,245,8,0,29.11,0.1,0,0,0,37.3,44.9,48.5,0.35,0.30,0.31
COBL,2019-11-08 23:50:00 EST,42.67627,-74.50797,1076,19.5,19.7,14.0,85.4,15.9,0.000,0.000,0.00,0.000,3.6,4.9,0.5,240,11,3.8,5.4,0.7,248,12,3.8,5.4,0.7,248,12,0,29.11,0.0,0,0,0,37.2,44.7,48.5,0.35,0.31,0.31
COBL,2019-11-08 23:55:00 EST,42.67627,-74.50797,1076,19.5,19.8,14.1,85.4,15.8,0.000,0.000,0.00,0.000,3.5,4.4,0.4,245,11,3.7,4.9,0.6,253,11,3.7,4.9,0.6,253,11,0,29.11,0.1,0,0,0,37.2,44.9,48.6,0.35,0.30,0.32
COHO,2019-11-08 00:00:00 EST,42.51178,-77.43762,1966,23.6,23.6,18.8,95.5,22.5,0.000,0.170,0.00,0.000,3.1,5.1,0.7,253,13,3.7,6.3,1.0,256,14,3.7,6.3,1.0,256,14,0,27.99,0.7,0,0,0,39.3,43.2,45.9,0.31,0.29,0.29
COHO,2019-11-08 00:05:00 EST,42.51178,-77.43762,1966,23.6,23.6,18.7,95.5,22.5,0.000,0.000,0.00,0.000,3.2,5.5,1.2,251,12,3.8,6.7,1.3,255,12,3.8,6.7,1.3,255,12,0,27.98,0.7,0,0,0,39.3,43.2,45.9,0.31,0.29,0.29
COHO,2019-11-08 00:10:00 EST,42.51178,-77.43762,1966,23.5,23.6,18.2,95.4,22.4,0.000,0.000,0.00,0.000,3.4,5.5,0.9,250,13,4.0,6.6,1.1,253,12,4.0,6.6,1.1,253,12,0,27.98,0.7,0,0,0,39.2,43.2,45.9,0.31,0.29,0.29
COHO,2019-11-08 00:15:00 EST,42.51178,-77.43762,1966,23.6,23.6,17.2,95.4,22.4,0.000,0.000,0.00,0.000,4.2,6.6,1.2,256,15,5.0,8.4,1.5,260,14,5.0,8.4,1.5,260,14,0,27.98,0.7,0,0,0,39.2,43.2,45.9,0.31,0.29,0.29
COHO,2019-11-08 00:20:00 EST,42.51178,-77.43762,1966,23.5,23.6,17.3,95.2,22.3,0.000,0.000,0.00,0.000,4.0,6.5,0.9,264,13,4.8,7.8,1.1,268,12,4.8,7.8,1.1,268,12,0,27.98,0.7,0,0,0,39.2,43.2,45.9,0.31,0.29,0.29
COHO,2019-11-08 00:25:00 EST,42.51178,-77.43762,1966,23.5,23.6,18.1,95.1,22.3,0.000,0.000,0.00,0.000,3.4,5.1,0.7,255,11,4.1,6.6,0.9,258,11,4.1,6.6,0.9,258,11,0,27.98,0.7,0,0,0,39.2,43.2,45.9,0.31,0.29,0.29
COHO,2019-11-08 00:30:00 EST,42.51178,-77.43762,1966,23.3,23.5,17.4,95.0,22.1,0.000,0.000,0.00,0.000,3.7,6.9,1.2,255,12,4.6,8.2,1.4,260,12,4.6,8.2,1.4,260,12,0,27.98,0.7,0,0,0,39.2,43.2,45.9,0.32,0.29,0.29
COHO,2019-11-08 00:35:00 EST,42.51178,-77.43762,1966,23.3,23.5,17.1,95.0,22.1,0.000,0.000,0.00,0.000,4.1,6.2,0.9,253,12,4.8,7.5,1.1,256,10,4.8,7.5,1.1,256,10,0,27.98,0.7,0,0,0,39.2,43.2,45.9,0.32,0.29,0.29
COHO,2019-11-08 00:40:00 EST,42.51178,-77.43762,1966,23.4,23.5,17.3,95.1,22.2,0.000,0.000,0.00,0.000,3.9,6.1,1.0,254,19,4.6,8.0,1.2,258,17,4.6,8.0,1.2,258,17,0,27.98,0.7,0,0,0,39.2,43.2,45.9,0.32,0.29,0.29
COHO,2019-11-08 00:45:00 EST,42.51178,-77.43762,1966,23.4,23.6,15.7,95.1,22.3,0.000,0.000,0.00,0.000,5.3,8.1,1.2,259,11,6.3,10.8,1.6,263,9,6.3,10.8,1.6,263,9,0,27.98,0.7,0,0,0,39.2,43.2,45.9,0.32,0.29,0.29
COHO,2019-11-08 00:50:00 EST,42.51178,-77.43762,1966,23.5,23.7,15.3,94.8,22.2,0.000,0.000,0.00,0.000,5.8,8.7,1.1,268,14,6.9,10.9,1.5,272,12,6.9,10.9,1.5,272,12,0,27.98,0.7,0,0,0,39.2,43.2,45.9,0.32,0.29,0.29
COHO,2019-11-08 00:55:00 EST,42.51178,-77.43762,1966,23.6,23.8,16.2,94.2,22.1,0.000,0.000,0.00,0.000,4.9,8.0,1.3,276,14,5.9,10.2,1.6,279,11,5.9,10.2,1.6,279,11,0,27.97,0.8,0,0,0,39.2,43.2,45.9,0.32,0.29,0.29
COHO,2019-11-08 01:00:00 EST,42.51178,-77.43762,1966,23.7,24.0,15.6,93.5,22.1,0.000,0.000,0.00,0.000,5.8,9.1,1.6,271,15,6.9,10.8,2.0,273,13,6.9,10.8,2.0,273,13,0,27.97,0.8,0,0,0,39.2,43.2,45.9,0.32,0.29,0.29
COHO,2019-11-08 01:05:00 EST,42.51178,-77.43762,1966,23.8,24.0,16.0,93.2,22.1,0.000,0.000,0.00,0.000,5.3,8.7,1.5,275,15,6.6,10.8,1.9,277,11,6.6,10.8,1.9,277,11,0,27.98,0.8,0,0,0,39.2,43.2,45.9,0.32,0.29,0.29
COHO,2019-11-08 01:10:00 EST,42.51178,-77.43762,1966,23.9,24.1,15.8,93.1,22.2,0.000,0.000,0.00,0.000,5.7,8.7,1.4,277,17,6.8,11.1,1.8,279,14,6.8,11.1,1.8,279,14,0,27.98,0.7,0,0,0,39.2,43.2,45.9,0.32,0.29,0.29
COHO,2019-11-08 01:15:00 EST,42.51178,-77.43762,1966,23.7,24.0,14.7,92.9,22.0,0.000,0.000,0.00,0.000,6.7,10.9,1.6,274,13,8.0,13.2,1.9,276,10,8.0,13.2,1.9,276,10,0,27.98,0.7,0,0,0,39.2,43.2,45.9,0.32,0.29,0.29
COHO,2019-11-08 01:20:00 EST,42.51178,-77.43762,1966,23.5,23.8,15.3,93.0,21.8,0.000,0.000,0.00,0.000,6.0,10.2,1.6,282,15,7.0,14.4,2.0,284,11,7.0,14.4,2.0,284,11,0,27.98,0.7,0,0,0,39.2,43.1,45.9,0.32,0.29,0.29
COHO,2019-11-08 01:25:00 EST,42.51178,-77.43762,1966,23.6,23.8,14.3,93.6,22.1,0.000,0.000,0.00,0.000,7.4,12.3,2.1,288,12,8.5,14.7,2.3,291,11,8.5,14.7,2.3,291,11,0,27.98,0.7,0,0,0,39.2,43.1,45.9,0.32,0.29,0.29
COHO,2019-11-08 01:30:00 EST,42.51178,-77.43762,1966,23.9,24.0,14.8,94.2,22.5,0.000,0.000,0.00,0.000,7.2,11.9,1.7,286,14,8.3,14.8,2.2,288,12,8.3,14.8,2.2,288,12,0,27.98,0.6,0,0,0,39.2,43.1,45.9,0.32,0.29,0.29
COHO,2019-11-08 01:35:00 EST,42.51178,-77.43762,1966,24.0,24.0,14.7,94.4,22.6,0.000,0.000,0.00,0.000,7.5,14.4,2.7,292,16,8.5,16.3,3.1,294,15,8.5,16.3,3.1,294,15,0,27.98,0.6,0,0,0,39.2,43.0,45.9,0.32,0.29,0.29
COHO,2019-11-08 01:40:00 EST,42.51178,-77.43762,1966,24.0,24.0,14.6,94.7,22.7,0.005,0.005,0.00,0.005,7.5,16.9,2.3,291,14,8.7,19.9,2.5,293,12,8.7,19.9,2.5,293,12,0,27.98,0.6,0,0,0,39.2,43.0,45.9,0.32,0.29,0.29
COHO,2019-11-08 01:45:00 EST,42.51178,-77.43762,1966,23.9,23.9,14.1,95.1,22.7,0.001,0.006,0.00,0.006,8.5,15.1,2.8,292,14,9.5,16.9,3.2,293,11,9.5,16.9,3.2,293,11,0,27.98,0.4,0,0,0,39.2,43.0,45.9,0.32,0.29,0.29
COHO,2019-11-08 01:50:00 EST,42.51178,-77.43762,1966,23.9,23.9,15.1,95.5,22.8,0.000,0.006,0.00,0.006,7.4,11.3,1.9,301,14,7.9,12.9,2.0,303,14,7.9,12.9,2.0,303,14,0,27.98,0.6,0,0,0,39.2,43.0,45.9,0.32,0.29,0.29
COHO,2019-11-08 01:55:00 EST,42.51178,-77.43762,1966,23.9,23.8,14.2,95.7,22.8,0.000,0.006,0.00,0.006,8.2,12.3,2.2,297,12,9.1,13.9,2.3,298,11,9.1,13.9,2.3,298,11,0,27.98,0.6,0,0,0,39.2,43.0,45.9,0.32,0.29,0.29
COHO,2019-11-08 02:00:00 EST,42.51178,-77.43762,1966,23.8,23.8,14.9,95.8,22.8,0.000,0.006,0.00,0.006,7.6,11.4,1.8,301,12,8.0,13.4,1.8,305,11,8.0,13.4,1.8,305,11,0,27.98,0.5,0,0,0,39.2,43.0,45.9,0.32,0.29,0.29
COHO,2019-11-08 02:05:00 EST,42.51178,-77.43762,1966,23.9,23.9,15.3,95.9,22.9,0.000,0.006,0.00,0.006,7.2,12.8,2.3,310,16,7.6,14.0,2.3,311,14,7.6,14.0,2.3,311,14,0,27.98,0.5,0,0,0,39.2,43.0,45.9,0.32,0.29,0.29
COHO,2019-11-08 02:10:00 EST,42.51178,-77.43762,1966,23.8,23.8,14.4,95.8,22.8,0.000,0.006,0.00,0.006,8.4,12.2,1.5,308,13,8.7,13.2,1.5,311,13,8.7,13.2,1.5,311,13,0,27.98,0.6,0,0,0,39.2,43.0,45.9,0.32,0.29,0.29
COHO,2019-11-08 02:15:00 EST,42.51178,-77.43762,1966,23.7,23.9,12.8,95.2,22.6,0.000,0.006,0.00,0.006,11.1,16.2,2.6,315,12,11.3,17.1,2.4,318,12,11.3,17.1,2.4,318,12,0,27.98,0.6,0,0,0,39.2,43.0,45.9,0.32,0.29,0.29
COHO,2019-11-08 02:20:00 EST,42.51178,-77.43762,1966,23.8,23.9,13.6,94.9,22.6,0.000,0.006,0.00,0.006,9.7,15.4,2.5,315,13,10.0,15.5,2.4,319,13,10.0,15.5,2.4,319,13,0,27.98,0.4,0,0,0,39.2,43.0,45.9,0.32,0.29,0.29
COHO,2019-11-08 02:25:00 EST,42.51178,-77.43762,1966,23.8,23.8,13.8,94.7,22.5,0.000,0.006,0.00,0.006,9.3,13.6,2.0,314,12,9.5,14.5,2.0,317,12,9.5,14.5,2.0,317,12,0,27.98,0.5,0,0,0,39.2,43.0,45.9,0.32,0.29,0.29
COHO,2019-11-08 02:30:00 EST,42.51178,-77.43762,1966,23.7,23.7,13.9,94.7,22.4,0.002,0.008,0.00,0.008,8.9,13.6,2.3,313,15,9.3,13.9,2.0,316,15,9.3,13.9,2.0,316,15,0,27.98,0.5,0,0,0,39.2,43.0,45.9,0.32,0.29,0.29
COHO,2019-11-08 02:35:00 EST,42.51178,-77.43762,1966,23.7,23.7,13.8,94.9,22.4,0.000,0.008,0.00,0.008,9.3,15.4,2.2,318,13,9.4,15.0,2.0,323,9,9.4,15.0,2.0,323,9,0,27.98,0.6,0,0,0,39.2,43.0,45.9,0.32,0.29,0.29
COHO,2019-11-08 02:40:00 EST,42.51178,-77.43762,1966,23.7,23.7,15.5,95.2,22.5,0.000,0.008,0.00,0.003,6.5,10.0,1.5,320,13,7.0,10.3,1.4,324,12,7.0,10.3,1.4,324,12,0,27.98,0.6,0,0,0,39.2,43.0,45.9,0.32,0.29,0.29
COHO,2019-11-08 02:45:00 EST,42.51178,-77.43762,1966,23.6,23.6,14.6,95.3,22.4,0.000,0.008,0.00,0.002,7.6,11.0,1.6,325,13,8.0,13.2,1.9,330,12,8.0,13.2,1.9,330,12,0,27.98,0.7,0,0,0,39.2,43.0,45.9,0.32,0.29,0.29
COHO,2019-11-08 02:50:00 EST,42.51178,-77.43762,1966,23.6,23.6,15.7,95.5,22.5,0.000,0.008,0.00,0.002,6.2,10.9,1.6,318,13,6.7,10.3,1.4,322,12,6.7,10.3,1.4,322,12,0,27.99,0.6,0,0,0,39.2,43.0,45.9,0.32,0.29,0.29
COHO,2019-11-08 02:55:00 EST,42.51178,-77.43762,1966,23.5,23.5,14.1,95.4,22.4,0.000,0.008,0.00,0.002,7.7,12.3,2.3,327,15,8.6,14.1,2.6,334,15,8.6,14.1,2.6,334,15,0,27.99,0.7,0,0,0,39.2,43.0,45.9,0.32,0.29,0.29
COHO,2019-11-08 03:00:00 EST,42.51178,-77.43762,1966,23.4,23.5,14.6,94.7,22.2,0.000,0.008,0.00,0.002,7.8,11.9,1.3,321,11,7.8,13.3,1.6,325,11,7.8,13.3,1.6,325,11,0,27.99,0.7,0,0,0,39.2,43.0,45.9,0.32,0.29,0.29
COHO,2019-11-08 03:05:00 EST,42.51178,-77.43762,1966,23.4,23.5,14.3,94.6,22.1,0.000,0.008,0.00,0.002,7.9,11.5,1.6,321,11,8.1,11.6,1.5,326,10,8.1,11.6,1.5,326,10,0,27.99,0.7,0,0,0,39.2,43.0,45.9,0.32,0.29,0.29
COHO,2019-11-08 03:10:00 EST,42.51178,-77.43762,1966,23.4,23.4,15.5,94.3,22.0,0.000,0.008,0.00,0.002,6.3,9.1,1.2,318,13,6.6,10.4,1.4,322,14,6.6,10.4,1.4,322,14,0,27.99,0.7,0,0,0,39.2,43.0,45.9,0.32,0.29,0.29
COHO,2019-11-08 03:15:00 EST,42.51178,-77.43762,1966,23.3,23.4,15.6,94.3,21.9,0.000,0.008,0.00,0.002,5.8,10.4,1.7,303,12,6.3,11.6,1.7,305,12,6.3,11.6,1.7,305,12,0,27.99,0.6,0,0,0,39.2,43.0,45.9,0.32,0.29,0.29
COHO,2019-11-08 03:20:00 EST,42.51178,-77.43762,1966,23.3,23.3,14.1,94.1,21.8,0.003,0.011,0.00,0.005,8.0,11.7,1.8,318,10,8.1,11.9,1.6,322,9,8.1,11.9,1.6,322,9,0,27.99,0.6,0,0,0,39.2,43.0,45.9,0.32,0.29,0.29
COHO,2019-11-08 03:25:00 EST,42.51178,-77.43762,1966,23.3,23.3,15.6,94.4,21.9,0.001,0.012,0.00,0.006,5.5,9.0,1.2,330,16,6.3,11.2,1.5,335,14,6.3,11.2,1.5,335,14,0,27.99,0.8,0,0,0,39.2,43.0,45.9,0.32,0.29,0.29
COHO,2019-11-08 03:30:00 EST,42.51178,-77.43762,1966,23.3,23.2,15.2,94.7,22.0,0.001,0.013,0.00,0.005,6.4,9.9,1.3,318,16,6.8,11.7,1.6,323,15,6.8,11.7,1.6,323,15,0,27.99,0.8,0,0,0,39.2,43.0,45.9,0.32,0.29,0.29
COHO,2019-11-08 03:35:00 EST,42.51178,-77.43762,1966,23.2,23.2,14.5,94.8,21.9,0.000,0.013,0.00,0.005,7.1,10.9,1.8,315,12,7.5,10.8,1.7,319,11,7.5,10.8,1.7,319,11,0,27.99,0.7,0,0,0,39.2,43.0,45.9,0.32,0.29,0.29
COHO,2019-11-08 03:40:00 EST,42.51178,-77.43762,1966,23.2,23.1,14.6,94.8,21.9,0.000,0.013,0.00,0.005,7.5,12.3,2.6,313,13,7.4,12.1,2.4,316,13,7.4,12.1,2.4,316,13,0,27.99,0.7,0,0,0,39.2,43.0,45.9,0.32,0.29,0.29
COHO,2019-11-08 03:45:00 EST,42.51178,-77.43762,1966,23.2,23.2,15.4,94.9,21.9,0.000,0.013,0.00,0.005,6.2,9.9,1.4,314,14,6.4,10.2,1.3,319,13,6.4,10.2,1.3,319,13,0,27.99,0.7,0,0,0,39.1,43.0,45.9,0.32,0.29,0.29
COHO,2019-11-08 03:50:00 EST,42.51178,-77.43762,1966,23.2,23.2,14.7,94.7,21.9,0.000,0.013,0.00,0.005,6.7,13.4,2.0,304,12,7.1,14.4,2.0,306,11,7.1,14.4,2.0,306,11,0,27.99,0.7,0,0,0,39.1,43.0,45.9,0.32,0.29,0.29
COHO,2019-11-08 03:55:00 EST,42.51178,-77.43762,1966,23.1,23.1,12.4,94.6,21.7,0.000,0.013,0.00,0.005,10.1,16.0,2.3,320,14,10.4,16.6,2.1,325,14,10.4,16.6,2.1,325,14,0,27.99,0.7,0,0,0,39.1,43.0,45.9,0.32,0.29,0.29
COHO,2019-11-08 04:00:00 EST,42.51178,-77.43762,1966,23.0,23.0,12.7,94.3,21.6,0.000,0.013,0.00,0.005,9.4,14.7,2.0,327,16,9.8,15.7,2.2,332,11,9.8,15.7,2.2,332,11,0,27.99,0.7,0,0,0,39.1,43.0,45.9,0.32,0.29,0.29
COHO,2019-11-08 04:05:00 EST,42.51178,-77.43762,1966,22.9,22.9,13.3,93.7,21.3,0.000,0.013,0.00,0.005,8.4,13.3,2.2,320,12,8.7,13.0,2.0,322,11,8.7,13.0,2.0,322,11,0,28.00,0.6,0,0,0,39.0,43.0,45.9,0.32,0.29,0.29
COHO,2019-11-08 04:10:00 EST,42.51178,-77.43762,1966,22.8,22.9,12.8,93.4,21.2,0.000,0.013,0.00,0.005,8.8,12.4,1.8,323,11,9.3,13.9,2.0,326,12,9.3,13.9,2.0,326,12,0,28.00,0.6,0,0,0,39.0,43.0,45.9,0.32,0.29,0.29
COHO,2019-11-08 04:15:00 EST,42.51178,-77.43762,1966,22.7,22.8,12.2,92.9,21.0,0.000,0.013,0.00,0.005,9.9,14.5,1.9,314,14,10.0,15.2,1.8,318,12,10.0,15.2,1.8,318,12,0,28.00,0.6,0,0,0,39.0,43.0,45.9,0.32,0.29,0.29
COHO,2019-11-08 04:20:00 EST,42.51178,-77.43762,1966,22.8,22.8,13.5,92.8,21.0,0.000,0.013,0.00,0.002,8.1,13.4,2.5,313,13,8.2,14.0,2.4,318,12,8.2,14.0,2.4,318,12,0,28.00,0.6,0,0,0,39.0,42.9,45.9,0.32,0.29,0.29
COHO,2019-11-08 04:25:00 EST,42.51178,-77.43762,1966,22.7,22.7,13.5,93.1,21.0,0.000,0.013,0.00,0.001,7.8,12.0,1.9,318,11,8.1,12.8,1.8,323,10,8.1,12.8,1.8,323,10,0,28.00,0.6,0,0,0,39.0,42.9,45.9,0.32,0.29,0.29
COHO,2019-11-08 04:30:00 EST,42.51178,-77.43762,1966,22.6,22.6,12.5,93.2,20.9,0.000,0.013,0.00,0.000,9.0,15.4,2.4,324,13,9.3,17.1,2.5,327,11,9.3,17.1,2.5,327,11,0,28.00,0.7,0,0,0,39.0,42.9,45.9,0.32,0.29,0.29
COHO,2019-11-08 04:35:00 EST,42.51178,-77.43762,1966,22.5,22.6,12.7,92.9,20.8,0.000,0.013,0.00,0.000,8.5,13.0,1.7,324,14,8.8,12.9,1.9,329,13,8.8,12.9,1.9,329,13,0,28.00,0.6,0,0,0,39.0,42.8,45.8,0.32,0.29,0.29
COHO,2019-11-08 04:40:00 EST,42.51178,-77.43762,1966,22.5,22.5,13.9,92.9,20.7,0.000,0.013,0.00,0.000,6.9,10.2,1.6,324,12,7.2,10.8,1.6,329,12,7.2,10.8,1.6,329,12,0,28.01,0.5,0,0,0,39.0,42.8,45.9,0.32,0.29,0.29
COHO,2019-11-08 04:45:00 EST,42.51178,-77.43762,1966,22.4,22.4,13.0,93.0,20.7,0.000,0.013,0.00,0.000,7.7,13.7,2.4,320,19,8.3,14.4,2.6,326,16,8.3,14.4,2.6,326,16,0,28.01,0.5,0,0,0,39.0,42.8,45.9,0.32,0.29,0.29
COHO,2019-11-08 04:50:00 EST,42.51178,-77.43762,1966,22.3,22.4,12.8,92.7,20.5,0.000,0.013,0.00,0.000,8.1,12.8,1.9,312,13,8.4,14.7,1.8,315,12,8.4,14.7,1.8,315,12,0,28.01,0.5,0,0,0,39.0,42.8,45.9,0.32,0.29,0.29
COHO,2019-11-08 04:55:00 EST,42.51178,-77.43762,1966,22.2,22.3,11.6,92.2,20.3,0.000,0.013,0.00,0.000,10.0,15.2,2.2,312,12,10.1,16.1,2.2,314,12,10.1,16.1,2.2,314,12,0,28.01,0.5,0,0,0,39.0,42.8,45.9,0.32,0.29,0.29
COHO,2019-11-08 05:00:00 EST,42.51178,-77.43762,1966,22.2,22.3,12.3,91.9,20.2,0.000,0.013,0.00,0.000,8.7,13.4,2.0,320,16,9.0,12.9,2.0,323,17,9.0,12.9,2.0,323,17,0,28.01,0.5,0,0,0,39.0,42.8,45.8,0.32,0.29,0.29
COHO,2019-11-08 05:05:00 EST,42.51178,-77.43762,1966,22.2,22.2,11.4,92.4,20.3,0.000,0.013,0.00,0.000,10.3,16.1,3.0,311,11,10.2,15.6,2.7,314,10,10.2,15.6,2.7,314,10,0,28.01,0.6,0,0,0,39.0,42.8,45.8,0.32,0.29,0.29
COHO,2019-11-08 05:10:00 EST,42.51178,-77.43762,1966,22.1,22.1,11.6,92.9,20.4,0.003,0.016,0.00,0.003,9.7,14.4,2.0,320,13,9.8,15.3,1.9,324,14,9.8,15.3,1.9,324,14,0,28.02,0.6,0,0,0,39.0,42.8,45.8,0.32,0.29,0.29
COHO,2019-11-08 05:15:00 EST,42.51178,-77.43762,1966,22.0,21.9,12.0,93.3,20.3,0.002,0.018,0.00,0.005,8.5,12.4,1.9,330,12,8.9,14.9,2.3,335,11,8.9,14.9,2.3,335,11,0,28.02,0.7,0,0,0,39.0,42.8,45.8,0.32,0.29,0.29
COHO,2019-11-08 05:20:00 EST,42.51178,-77.43762,1966,21.8,21.7,11.8,93.6,20.2,0.000,0.018,0.00,0.005,8.5,13.7,1.9,327,13,8.8,14.7,2.1,331,12,8.8,14.7,2.1,331,12,0,28.02,0.7,0,0,0,39.0,42.8,45.7,0.32,0.29,0.29
COHO,2019-11-08 05:25:00 EST,42.51178,-77.43762,1966,21.7,21.6,11.6,93.9,20.2,0.000,0.018,0.00,0.005,8.4,12.4,2.1,327,13,9.0,15.5,2.5,333,13,9.0,15.5,2.5,333,13,0,28.02,0.6,0,0,0,39.0,42.8,45.7,0.32,0.29,0.29
COHO,2019-11-08 05:30:00 EST,42.51178,-77.43762,1966,21.6,21.5,11.8,94.2,20.2,0.000,0.018,0.00,0.005,8.0,12.9,1.8,327,12,8.4,14.2,1.9,333,12,8.4,14.2,1.9,333,12,0,28.02,0.7,0,0,0,39.0,42.8,45.7,0.32,0.29,0.29
COHO,2019-11-08 05:35:00 EST,42.51178,-77.43762,1966,21.5,21.5,11.9,94.4,20.1,0.002,0.020,0.00,0.007,7.7,12.4,1.9,327,12,8.2,13.7,2.2,332,11,8.2,13.7,2.2,332,11,0,28.03,0.9,0,0,0,39.0,42.8,45.7,0.32,0.29,0.29
COHO,2019-11-08 05:40:00 EST,42.51178,-77.43762,1966,21.4,21.4,10.6,94.3,20.1,0.000,0.020,0.00,0.007,9.9,15.5,2.7,323,13,10.1,16.4,2.5,329,13,10.1,16.4,2.5,329,13,0,28.03,0.9,0,0,0,39.0,42.8,45.7,0.32,0.29,0.29
COHO,2019-11-08 05:45:00 EST,42.51178,-77.43762,1966,21.3,21.4,11.1,94.0,19.9,0.000,0.020,0.00,0.007,8.7,14.6,2.1,325,12,9.0,14.5,2.2,330,10,9.0,14.5,2.2,330,10,0,28.03,0.7,0,0,0,39.0,42.8,45.7,0.32,0.29,0.29
COHO,2019-11-08 05:50:00 EST,42.51178,-77.43762,1966,21.3,21.3,11.3,93.6,19.8,0.000,0.020,0.00,0.007,8.2,11.9,1.7,328,15,8.7,16.0,2.0,334,14,8.7,16.0,2.0,334,14,0,28.03,0.8,0,0,0,39.0,42.8,45.7,0.32,0.29,0.29
COHO,2019-11-08 05:55:00 EST,42.51178,-77.43762,1966,21.2,21.2,11.1,93.5,19.7,0.000,0.020,0.00,0.007,8.8,12.6,1.9,321,13,8.9,14.6,1.8,326,12,8.9,14.6,1.8,326,12,0,28.03,0.8,0,0,0,39.0,42.8,45.7,0.32,0.29,0.29
COHO,2019-11-08 06:00:00 EST,42.51178,-77.43762,1966,21.2,21.2,10.8,93.5,19.6,0.000,0.020,0.00,0.007,9.3,14.0,2.3,315,13,9.2,13.4,2.2,318,13,9.2,13.4,2.2,318,13,0,28.04,0.9,0,0,0,39.0,42.8,45.7,0.32,0.29,0.29
COHO,2019-11-08 06:05:00 EST,42.51178,-77.43762,1966,21.2,21.2,11.1,93.5,19.6,0.002,0.022,0.00,0.009,8.6,12.8,1.6,317,13,8.8,13.0,1.7,322,12,8.8,13.0,1.7,322,12,0,28.04,0.7,0,0,0,39.0,42.8,45.7,0.32,0.29,0.29
COHO,2019-11-08 06:10:00 EST,42.51178,-77.43762,1966,21.1,21.1,10.1,93.7,19.6,0.000,0.022,0.00,0.006,9.9,16.3,3.0,309,12,10.1,17.2,2.9,311,12,10.1,17.2,2.9,311,12,0,28.04,0.6,0,0,0,39.0,42.8,45.7,0.32,0.29,0.29
COHO,2019-11-08 06:15:00 EST,42.51178,-77.43762,1966,20.9,21.0,9.4,93.2,19.3,0.000,0.022,0.00,0.004,10.8,17.5,3.0,321,13,11.0,17.5,2.7,326,14,11.0,17.5,2.7,326,14,0,28.04,0.6,0,0,0,39.0,42.8,45.7,0.32,0.29,0.29
COHO,2019-11-08 06:20:00 EST,42.51178,-77.43762,1966,20.7,20.8,8.8,92.1,18.8,0.000,0.022,0.00,0.004,11.5,17.7,2.8,324,14,11.6,17.4,2.5,329,13,11.6,17.4,2.5,329,13,0,28.04,0.5,0,0,0,38.9,42.8,45.7,0.32,0.29,0.29
COHO,2019-11-08 06:25:00 EST,42.51178,-77.43762,1966,20.7,20.8,9.0,91.6,18.6,0.000,0.022,0.00,0.004,11.0,16.4,2.9,321,16,11.1,18.2,2.8,325,15,11.1,18.2,2.8,325,15,0,28.04,0.5,0,0,0,38.9,42.8,45.7,0.32,0.29,0.29
COHO,2019-11-08 06:30:00 EST,42.51178,-77.43762,1966,20.7,20.7,8.8,91.7,18.6,0.000,0.022,0.00,0.004,11.7,17.8,2.4,312,11,11.5,17.6,2.2,317,10,11.5,17.6,2.2,317,10,0,28.04,0.5,0,0,0,38.9,42.8,45.7,0.32,0.29,0.29
COHO,2019-11-08 06:35:00 EST,42.51178,-77.43762,1966,20.6,20.6,9.3,91.5,18.5,0.000,0.022,0.00,0.002,10.5,16.3,2.6,314,11,10.4,15.2,2.2,318,10,10.4,15.2,2.2,318,10,0,28.04,0.5,0,0,0,38.9,42.8,45.7,0.32,0.29,0.29
COHO,2019-11-08 06:40:00 EST,42.51178,-77.43762,1966,20.5,20.5,8.4,91.4,18.4,0.000,0.022,0.00,0.002,12.1,17.8,2.1,317,12,11.8,16.8,2.3,322,10,11.8,16.8,2.3,322,10,0,28.05,0.5,0,0,0,38.8,42.8,45.7,0.32,0.29,0.29
COHO,2019-11-08 06:45:00 EST,42.51178,-77.43762,1966,20.4,20.4,8.4,91.1,18.2,0.000,0.022,0.00,0.002,11.6,17.0,2.3,316,11,11.6,16.6,2.1,319,10,11.6,16.6,2.1,319,10,2,28.05,0.6,0,0,0,38.8,42.8,45.7,0.32,0.29,0.29
COHO,2019-11-08 06:50:00 EST,42.51178,-77.43762,1966,20.3,20.4,8.8,91.2,18.2,0.000,0.022,0.00,0.002,10.8,14.6,2.0,313,12,10.7,16.2,1.9,316,12,10.7,16.2,1.9,316,12,2,28.05,0.4,0,0,0,38.8,42.8,45.7,0.32,0.29,0.29
COHO,2019-11-08 06:55:00 EST,42.51178,-77.43762,1966,20.3,20.3,9.0,91.3,18.2,0.000,0.022,0.00,0.002,10.4,15.1,2.3,311,13,10.4,14.8,2.1,314,12,10.4,14.8,2.1,314,12,4,28.05,0.3,0,0,0,38.8,42.8,45.7,0.32,0.29,0.29
COHO,2019-11-08 07:00:00 EST,42.51178,-77.43762,1966,20.2,20.3,8.1,90.8,18.0,0.000,0.022,0.00,0.002,11.9,17.3,2.7,314,13,11.8,17.4,2.6,317,11,11.8,17.4,2.6,317,11,6,28.06,0.3,0,0,0,38.8,42.8,45.7,0.32,0.29,0.29
COHO,2019-11-08 07:05:00 EST,42.51178,-77.43762,1966,20.1,20.2,7.4,89.7,17.6,0.000,0.022,0.00,0.000,12.6,20.8,3.1,316,17,12.9,22.8,3.0,318,15,12.9,22.8,3.0,318,15,10,28.06,0.8,0,0,0,38.8,42.8,45.7,0.32,0.29,0.29
COHO,2019-11-08 07:10:00 EST,42.51178,-77.43762,1966,20.0,20.1,6.9,88.8,17.2,0.000,0.022,0.00,0.000,13.8,19.7,2.8,316,12,13.7,19.9,2.6,319,12,13.7,19.9,2.6,319,12,14,28.06,0.5,0,0,0,38.8,42.8,45.7,0.32,0.29,0.29
COHO,2019-11-08 07:15:00 EST,42.51178,-77.43762,1966,20.0,20.0,6.9,88.3,17.1,0.000,0.022,0.00,0.000,13.9,20.8,2.9,313,9,13.5,20.2,2.9,316,9,13.5,20.2,2.9,316,9,17,28.07,0.7,0,0,0,38.8,42.8,45.7,0.32,0.29,0.29
COHO,2019-11-08 07:20:00 EST,42.51178,-77.43762,1966,20.0,20.0,8.6,89.0,17.3,0.000,0.022,0.00,0.000,10.5,16.4,2.4,312,11,10.3,15.7,2.3,316,10,10.3,15.7,2.3,316,10,19,28.07,0.5,0,0,0,38.8,42.8,45.7,0.32,0.29,0.29
COHO,2019-11-08 07:25:00 EST,42.51178,-77.43762,1966,20.0,20.0,7.9,89.4,17.4,0.000,0.022,0.00,0.000,11.8,17.6,2.6,315,15,11.5,17.9,2.7,321,12,11.5,17.9,2.7,321,12,21,28.07,0.9,0,0,0,38.8,42.8,45.7,0.32,0.29,0.29
COHO,2019-11-08 07:30:00 EST,42.51178,-77.43762,1966,20.0,20.0,8.4,89.4,17.3,0.000,0.022,0.00,0.000,10.4,15.1,2.5,311,14,10.7,16.8,2.4,316,13,10.7,16.8,2.4,316,13,28,28.07,0.6,0,0,0,38.8,42.8,45.7,0.32,0.29,0.29
COHO,2019-11-08 07:35:00 EST,42.51178,-77.43762,1966,19.9,19.9,7.2,88.6,17.0,0.000,0.022,0.00,0.000,12.7,19.1,2.4,314,13,12.7,19.5,2.3,318,11,12.7,19.5,2.3,318,11,33,28.07,0.8,0,0,0,38.8,42.8,45.7,0.32,0.29,0.29
COHO,2019-11-08 07:40:00 EST,42.51178,-77.43762,1966,19.8,19.8,7.9,88.1,16.9,0.000,0.022,0.00,0.000,11.1,20.1,3.7,312,13,11.2,18.5,3.3,316,12,11.2,18.5,3.3,316,12,37,28.07,0.7,0,0,0,38.8,42.8,45.7,0.32,0.29,0.29
COHO,2019-11-08 07:45:00 EST,42.51178,-77.43762,1966,19.8,19.8,7.0,88.1,16.8,0.000,0.022,0.00,0.000,12.7,18.0,2.7,315,11,12.8,17.3,2.4,320,10,12.8,17.3,2.4,320,10,45,28.08,0.6,0,0,0,38.8,42.7,45.7,0.32,0.29,0.29
COHO,2019-11-08 07:50:00 EST,42.51178,-77.43762,1966,19.8,19.8,7.6,88.0,16.9,0.000,0.022,0.00,0.000,11.9,19.1,3.1,315,15,11.8,17.5,2.8,318,13,11.8,17.5,2.8,318,13,63,28.08,0.7,0,0,0,38.8,42.6,45.7,0.32,0.29,0.29
COHO,2019-11-08 07:55:00 EST,42.51178,-77.43762,1966,19.9,19.8,7.4,88.1,16.9,0.000,0.022,0.00,0.000,12.5,20.1,2.5,310,11,12.3,18.1,2.5,313,11,12.3,18.1,2.5,313,11,72,28.08,0.9,0,0,0,38.8,42.7,45.7,0.32,0.29,0.29
COHO,2019-11-08 08:00:00 EST,42.51178,-77.43762,1966,19.9,19.8,6.9,87.5,16.8,0.000,0.022,0.00,0.000,13.5,23.4,3.8,313,11,13.2,22.0,3.5,317,10,13.2,22.0,3.5,317,10,88,28.08,1.1,0,0,0,38.8,42.6,45.7,0.32,0.29,0.29
COHO,2019-11-08 08:05:00 EST,42.51178,-77.43762,1966,19.8,19.7,5.9,86.2,16.4,0.000,0.022,0.00,0.000,15.7,21.8,2.8,314,13,15.2,20.8,2.9,317,11,15.2,20.8,2.9,317,11,99,28.08,0.9,0,0,0,38.8,42.6,45.7,0.32,0.29,0.29
COHO,2019-11-08 08:10:00 EST,42.51178,-77.43762,1966,19.8,19.7,6.1,85.5,16.2,0.000,0.022,0.00,0.000,15.2,22.3,3.1,317,10,14.8,21.4,3.0,320,10,14.8,21.4,3.0,320,10,132,28.08,0.9,0,0,0,38.8,42.6,45.7,0.32,0.29,0.29
COHO,2019-11-08 08:15:00 EST,42.51178,-77.43762,1966,20.0,19.8,7.1,85.2,16.2,0.000,0.022,0.00,0.000,13.2,19.1,2.4,314,14,13.1,20.2,2.3,318,12,13.1,20.2,2.3,318,12,175,28.08,1.0,0,0,0,38.8,42.6,45.7,0.32,0.29,0.29
COHO,2019-11-08 08:20:00 EST,42.51178,-77.43762,1966,20.2,19.9,8.0,85.0,16.4,0.000,0.022,0.00,0.000,11.9,17.6,2.6,313,12,11.9,18.6,2.6,317,12,11.9,18.6,2.6,317,12,172,28.09,0.9,0,0,0,38.8,42.6,45.7,0.32,0.29,0.29
COHO,2019-11-08 08:25:00 EST,42.51178,-77.43762,1966,20.5,20.1,8.5,84.9,16.6,0.000,0.022,0.00,0.000,11.6,17.5,2.8,311,15,11.6,17.9,2.7,313,13,11.6,17.9,2.7,313,13,228,28.09,1.0,0,0,0,38.7,42.6,45.7,0.32,0.29,0.29
COHO,2019-11-08 08:30:00 EST,42.51178,-77.43762,1966,20.6,20.1,7.8,83.9,16.5,0.000,0.022,0.00,0.000,13.3,20.1,2.8,308,11,13.2,19.2,2.7,311,11,13.2,19.2,2.7,311,11,232,28.09,1.0,0,0,0,38.7,42.6,45.7,0.32,0.29,0.29
COHO,2019-11-08 08:35:00 EST,42.51178,-77.43762,1966,20.5,20.1,7.5,83.3,16.2,0.000,0.022,0.00,0.000,13.7,20.2,3.4,306,12,13.6,19.1,3.1,309,12,13.6,19.1,3.1,309,12,198,28.09,1.1,0,0,0,38.7,42.6,45.7,0.32,0.29,0.29
COHO,2019-11-08 08:40:00 EST,42.51178,-77.43762,1966,20.4,20.0,6.9,82.4,15.9,0.000,0.022,0.00,0.000,14.9,20.3,2.5,311,10,14.6,20.7,2.7,315,11,14.6,20.7,2.7,315,11,243,28.09,1.1,0,0,0,38.7,42.6,45.7,0.32,0.29,0.29
COHO,2019-11-08 08:45:00 EST,42.51178,-77.43762,1966,20.6,20.2,8.2,81.4,15.8,0.000,0.022,0.00,0.000,12.1,18.7,2.9,307,13,12.4,18.6,2.9,309,12,12.4,18.6,2.9,309,12,256,28.09,1.0,0,0,0,38.7,42.6,45.7,0.32,0.29,0.29
COHO,2019-11-08 08:50:00 EST,42.51178,-77.43762,1966,20.4,20.1,7.1,80.6,15.4,0.000,0.022,0.00,0.000,14.1,22.4,3.6,306,11,14.2,21.7,3.3,309,9,14.2,21.7,3.3,309,9,246,28.09,1.1,0,0,0,38.7,42.6,45.7,0.32,0.29,0.29
COHO,2019-11-08 08:55:00 EST,42.51178,-77.43762,1966,21.0,20.4,9.3,81.1,16.1,0.000,0.022,0.00,0.000,11.4,18.6,3.0,311,13,11.4,19.1,2.8,314,13,11.4,19.1,2.8,314,13,322,28.09,1.0,0,0,0,38.7,42.6,45.7,0.32,0.29,0.29
COHO,2019-11-08 09:00:00 EST,42.51178,-77.43762,1966,20.9,20.3,9.1,79.8,15.6,0.000,0.022,0.00,0.000,11.2,17.1,2.6,307,16,11.4,20.3,2.7,309,14,11.4,20.3,2.7,309,14,268,28.10,1.1,0,0,0,38.7,42.6,45.7,0.32,0.29,0.29
COHO,2019-11-08 09:05:00 EST,42.51178,-77.43762,1966,20.9,20.4,9.3,80.3,15.8,0.000,0.022,0.00,0.000,11.3,16.9,2.6,314,13,11.2,17.8,2.5,318,13,11.2,17.8,2.5,318,13,298,28.10,1.0,0,0,0,38.7,42.6,45.7,0.32,0.29,0.29
COHO,2019-11-08 09:10:00 EST,42.51178,-77.43762,1966,21.0,20.5,9.7,81.5,16.3,0.000,0.022,0.00,0.000,10.5,18.0,3.8,313,16,10.7,17.7,3.5,316,14,10.7,17.7,3.5,316,14,233,28.10,1.0,0,0,0,38.7,42.6,45.7,0.32,0.29,0.29
COHO,2019-11-08 09:15:00 EST,42.51178,-77.43762,1966,20.6,20.1,8.1,80.1,15.4,0.000,0.022,0.00,0.000,12.7,19.4,3.2,307,14,12.7,20.6,3.1,310,13,12.7,20.6,3.1,310,13,219,28.10,1.0,0,0,0,38.7,42.6,45.7,0.32,0.29,0.29
COHO,2019-11-08 09:20:00 EST,42.51178,-77.43762,1966,20.7,20.2,8.0,79.3,15.3,0.000,0.022,0.00,0.000,12.9,20.0,2.8,303,12,13.1,21.2,2.7,306,12,13.1,21.2,2.7,306,12,306,28.10,1.0,0,0,0,38.7,42.6,45.7,0.32,0.29,0.29
COHO,2019-11-08 09:25:00 EST,42.51178,-77.43762,1966,20.9,20.3,8.9,79.6,15.6,0.000,0.022,0.00,0.000,11.6,17.5,2.9,304,10,11.8,18.3,2.8,307,10,11.8,18.3,2.8,307,10,287,28.10,1.0,0,0,0,38.7,42.6,45.7,0.32,0.29,0.29
COHO,2019-11-08 09:30:00 EST,42.51178,-77.43762,1966,21.3,20.7,9.2,78.9,15.7,0.000,0.022,0.00,0.000,11.6,18.5,2.8,305,14,12.2,20.2,2.9,307,15,12.2,20.2,2.9,307,15,251,28.10,0.9,0,0,0,38.7,42.6,45.7,0.32,0.29,0.29
COHO,2019-11-08 09:35:00 EST,42.51178,-77.43762,1966,21.5,20.8,8.6,77.1,15.4,0.000,0.022,0.00,0.000,14.0,20.8,2.9,313,13,13.9,20.4,2.9,317,13,13.9,20.4,2.9,317,13,411,28.10,1.0,0,0,0,38.7,42.6,45.7,0.32,0.29,0.29
COHO,2019-11-08 09:40:00 EST,42.51178,-77.43762,1966,21.4,20.7,7.8,75.9,15.0,0.000,0.022,0.00,0.000,15.6,21.0,2.7,322,12,15.6,20.6,2.5,326,10,15.6,20.6,2.5,326,10,365,28.10,1.0,0,0,0,38.7,42.6,45.7,0.32,0.29,0.29
COHO,2019-11-08 09:45:00 EST,42.51178,-77.43762,1966,21.4,20.7,8.5,75.7,14.9,0.000,0.022,0.00,0.000,13.5,22.7,3.1,313,15,13.8,25.7,3.3,318,16,13.8,25.7,3.3,318,16,357,28.10,1.0,0,0,0,38.7,42.6,45.7,0.32,0.29,0.29
COHO,2019-11-08 09:50:00 EST,42.51178,-77.43762,1966,22.0,21.2,10.3,74.8,15.2,0.000,0.022,0.00,0.000,11.5,16.0,2.3,305,15,11.9,20.1,2.4,306,13,11.9,20.1,2.4,306,13,467,28.11,1.0,0,0,0,38.7,42.6,45.7,0.32,0.29,0.29
COHO,2019-11-08 09:55:00 EST,42.51178,-77.43762,1966,21.9,20.9,9.1,73.1,14.6,0.000,0.022,0.00,0.000,14.5,19.4,2.7,310,8,13.9,21.6,2.6,314,9,13.9,21.6,2.6,314,9,457,28.11,1.0,0,0,0,38.7,42.6,45.7,0.32,0.29,0.29
COHO,2019-11-08 10:00:00 EST,42.51178,-77.43762,1966,22.0,21.0,9.0,72.6,14.5,0.000,0.022,0.00,0.000,14.5,23.1,3.6,303,11,14.5,23.2,3.5,305,10,14.5,23.2,3.5,305,10,439,28.11,1.0,0,0,0,38.7,42.6,45.7,0.32,0.29,0.29
COHO,2019-11-08 10:05:00 EST,42.51178,-77.43762,1966,21.9,21.1,11.2,73.8,14.8,0.000,0.022,0.00,0.000,9.9,16.3,2.8,306,15,10.1,14.8,2.8,309,16,10.1,14.8,2.8,309,16,318,28.11,1.0,0,0,0,38.7,42.6,45.7,0.32,0.29,0.29
COHO,2019-11-08 10:10:00 EST,42.51178,-77.43762,1966,21.7,21.0,8.9,73.9,14.7,0.000,0.022,0.00,0.000,13.7,20.3,3.5,320,13,13.8,21.5,3.5,323,13,13.8,21.5,3.5,323,13,319,28.11,1.0,0,0,0,38.7,42.6,45.7,0.32,0.29,0.29
COHO,2019-11-08 10:15:00 EST,42.51178,-77.43762,1966,22.2,21.4,12.1,75.2,15.5,0.000,0.022,0.00,0.000,8.8,14.0,2.1,317,20,9.1,16.6,2.1,321,16,9.1,16.6,2.1,321,16,306,28.11,1.0,0,0,0,38.7,42.6,45.7,0.32,0.29,0.29
COHO,2019-11-08 10:20:00 EST,42.51178,-77.43762,1966,21.9,21.2,10.1,74.1,15.0,0.000,0.022,0.00,0.000,11.8,18.1,3.2,309,14,12.2,19.4,3.3,311,15,12.2,19.4,3.3,311,15,291,28.11,1.0,0,0,0,38.7,42.6,45.7,0.32,0.29,0.29
COHO,2019-11-08 10:25:00 EST,42.51178,-77.43762,1966,22.6,21.6,12.0,74.1,15.6,0.000,0.022,0.00,0.000,9.8,15.3,3.1,311,13,10.0,15.5,2.9,316,14,10.0,15.5,2.9,316,14,393,28.11,1.0,0,0,0,38.7,42.6,45.6,0.32,0.29,0.29
COHO,2019-11-08 10:30:00 EST,42.51178,-77.43762,1966,22.5,21.7,12.1,73.6,15.3,0.000,0.022,0.00,0.000,9.2,15.1,3.1,309,18,9.7,17.4,3.1,312,15,9.7,17.4,3.1,312,15,338,28.11,1.0,0,0,0,38.7,42.6,45.6,0.32,0.29,0.29
COHO,2019-11-08 10:35:00 EST,42.51178,-77.43762,1966,22.4,21.7,12.4,74.3,15.5,0.000,0.022,0.00,0.000,8.9,15.3,2.4,314,14,9.0,15.9,2.3,317,14,9.0,15.9,2.3,317,14,313,28.11,1.0,0,0,0,38.7,42.6,45.6,0.32,0.29,0.29
COHO,2019-11-08 10:40:00 EST,42.51178,-77.43762,1966,22.2,21.6,10.9,73.7,15.1,0.000,0.022,0.00,0.000,10.3,16.8,3.0,328,20,11.1,19.3,3.4,333,14,11.1,19.3,3.4,333,14,223,28.12,0.9,0,0,0,38.7,42.5,45.5,0.32,0.29,0.29
COHO,2019-11-08 10:45:00 EST,42.51178,-77.43762,1966,21.7,21.1,9.7,73.2,14.4,0.000,0.022,0.00,0.000,12.0,17.6,3.0,324,12,12.2,18.2,2.8,328,10,12.2,18.2,2.8,328,10,252,28.12,1.0,0,0,0,38.7,42.5,45.5,0.32,0.29,0.29
COHO,2019-11-08 10:50:00 EST,42.51178,-77.43762,1966,21.4,20.9,8.1,73.8,14.4,0.000,0.022,0.00,0.000,14.1,21.3,3.2,330,17,14.8,22.0,3.3,334,11,14.8,22.0,3.3,334,11,212,28.12,0.9,0,0,0,38.7,42.4,45.5,0.32,0.29,0.29
COHO,2019-11-08 10:55:00 EST,42.51178,-77.43762,1966,21.5,20.9,8.9,73.7,14.4,0.000,0.022,0.00,0.000,13.1,20.0,2.8,315,16,13.2,20.6,2.8,319,16,13.2,20.6,2.8,319,16,278,28.12,1.0,0,0,0,38.6,42.4,45.5,0.32,0.29,0.29
COHO,2019-11-08 11:00:00 EST,42.51178,-77.43762,1966,21.8,21.1,10.2,72.8,14.4,0.000,0.022,0.00,0.000,11.4,20.2,2.9,309,16,11.5,19.7,2.7,312,15,11.5,19.7,2.7,312,15,266,28.12,1.0,0,0,0,38.7,42.4,45.5,0.32,0.29,0.29
COHO,2019-11-08 11:05:00 EST,42.51178,-77.43762,1966,21.9,21.3,10.4,73.2,14.6,0.000,0.022,0.00,0.000,11.1,20.0,3.0,312,13,11.3,17.2,2.9,314,12,11.3,17.2,2.9,314,12,242,28.12,1.0,0,0,0,38.6,42.4,45.5,0.32,0.29,0.29
COHO,2019-11-08 11:10:00 EST,42.51178,-77.43762,1966,22.1,21.3,10.1,71.4,14.3,0.000,0.022,0.00,0.000,12.9,18.9,2.6,312,11,12.6,16.3,2.3,317,9,12.6,16.3,2.3,317,9,310,28.12,0.9,0,0,0,38.6,42.4,45.5,0.32,0.29,0.29
COHO,2019-11-08 11:15:00 EST,42.51178,-77.43762,1966,22.3,21.5,11.1,71.1,14.4,0.000,0.022,0.00,0.000,10.7,15.5,2.5,304,14,11.1,16.7,2.7,306,12,11.1,16.7,2.7,306,12,446,28.12,1.1,0,0,0,38.7,42.4,45.5,0.32,0.29,0.29
COHO,2019-11-08 11:20:00 EST,42.51178,-77.43762,1966,23.5,22.3,12.3,68.6,14.7,0.000,0.022,0.00,0.000,10.9,17.1,2.8,302,13,11.5,17.1,2.8,304,13,11.5,17.1,2.8,304,13,541,28.12,0.9,0,0,0,38.6,42.4,45.5,0.32,0.29,0.29
COHO,2019-11-08 11:25:00 EST,42.51178,-77.43762,1966,23.1,21.9,10.9,68.6,14.3,0.000,0.022,0.00,0.000,13.5,19.5,2.8,314,11,13.3,19.0,2.5,318,10,13.3,19.0,2.5,318,10,503,28.12,0.9,0,0,0,38.6,42.4,45.5,0.32,0.29,0.29
COHO,2019-11-08 11:30:00 EST,42.51178,-77.43762,1966,22.7,21.5,10.7,69.9,14.3,0.000,0.022,0.00,0.000,12.7,19.0,3.1,312,10,12.6,18.1,2.8,315,10,12.6,18.1,2.8,315,10,378,28.12,0.9,0,0,0,38.6,42.4,45.5,0.32,0.29,0.29
COHO,2019-11-08 11:35:00 EST,42.51178,-77.43762,1966,22.3,21.4,10.2,70.1,14.0,0.000,0.022,0.00,0.000,12.9,20.4,3.4,313,11,12.7,19.8,3.1,317,12,12.7,19.8,3.1,317,12,307,28.12,0.9,0,0,0,38.6,42.4,45.5,0.32,0.29,0.29
COHO,2019-11-08 11:40:00 EST,42.51178,-77.43762,1966,22.1,21.3,10.3,70.3,13.9,0.000,0.022,0.00,0.000,12.1,18.3,2.6,317,11,12.0,17.3,2.5,319,10,12.0,17.3,2.5,319,10,264,28.12,0.9,0,0,0,38.6,42.4,45.5,0.32,0.29,0.29
COHO,2019-11-08 11:45:00 EST,42.51178,-77.43762,1966,22.3,21.4,10.5,71.4,14.4,0.000,0.022,0.00,0.000,11.9,17.3,2.4,319,12,12.1,17.1,2.2,323,11,12.1,17.1,2.2,323,11,297,28.12,0.8,0,0,0,38.6,42.4,45.5,0.32,0.29,0.29
COHO,2019-11-08 11:50:00 EST,42.51178,-77.43762,1966,22.1,21.4,11.0,72.5,14.6,0.000,0.022,0.00,0.000,10.7,15.8,1.9,318,13,10.8,15.7,2.1,321,14,10.8,15.7,2.1,321,14,232,28.12,0.9,0,0,0,38.5,42.4,45.5,0.32,0.29,0.29
COHO,2019-11-08 11:55:00 EST,42.51178,-77.43762,1966,22.1,21.3,10.9,74.2,15.1,0.000,0.022,0.00,0.000,11.0,16.4,2.1,319,12,10.9,15.6,2.1,323,11,10.9,15.6,2.1,323,11,294,28.12,0.9,0,0,0,38.6,42.4,45.5,0.32,0.29,0.29
COHO,2019-11-08 12:00:00 EST,42.51178,-77.43762,1966,22.3,21.6,11.0,73.7,15.2,0.000,0.022,0.00,0.000,10.9,16.7,2.7,314,13,11.2,18.0,2.5,316,13,11.2,18.0,2.5,316,13,283,28.11,0.9,0,0,0,38.6,42.4,45.5,0.32,0.29,0.29
COHO,2019-11-08 12:05:00 EST,42.51178,-77.43762,1966,22.7,21.8,10.8,72.1,15.1,0.000,0.022,0.00,0.000,12.6,18.9,2.5,310,11,12.6,19.2,2.3,313,12,12.6,19.2,2.3,313,12,426,28.11,0.9,0,0,0,38.6,42.4,45.5,0.32,0.29,0.29
COHO,2019-11-08 12:10:00 EST,42.51178,-77.43762,1966,22.6,21.6,11.1,72.0,14.9,0.000,0.022,0.00,0.000,11.3,16.2,2.7,307,15,11.7,17.6,2.8,309,15,11.7,17.6,2.8,309,15,342,28.11,0.8,0,0,0,38.5,42.4,45.5,0.32,0.29,0.29
COHO,2019-11-08 12:15:00 EST,42.51178,-77.43762,1966,22.9,21.8,10.8,69.2,14.3,0.000,0.022,0.00,0.000,13.3,20.9,2.9,307,11,13.0,19.7,2.8,311,12,13.0,19.7,2.8,311,12,598,28.11,1.0,0,0,0,38.5,42.4,45.5,0.32,0.29,0.29
COHO,2019-11-08 12:20:00 EST,42.51178,-77.43762,1966,23.7,22.4,12.7,66.6,14.2,0.000,0.022,0.00,0.000,11.0,17.5,2.8,316,16,11.3,17.4,2.9,320,16,11.3,17.4,2.9,320,16,434,28.11,0.8,0,0,0,38.5,42.4,45.5,0.32,0.29,0.29
COHO,2019-11-08 12:25:00 EST,42.51178,-77.43762,1966,22.5,21.6,10.7,68.7,13.8,0.000,0.022,0.00,0.000,11.8,18.7,3.3,303,17,12.2,20.3,3.3,305,16,12.2,20.3,3.3,305,16,284,28.11,0.8,0,0,0,38.5,42.4,45.5,0.32,0.29,0.29
COHO,2019-11-08 12:30:00 EST,42.51178,-77.43762,1966,22.2,21.4,11.6,70.8,14.2,0.000,0.022,0.00,0.000,10.1,15.7,2.3,312,13,10.0,16.1,2.2,315,12,10.0,16.1,2.2,315,12,297,28.11,0.9,0,0,0,38.5,42.4,45.5,0.32,0.29,0.29
COHO,2019-11-08 12:35:00 EST,42.51178,-77.43762,1966,22.4,21.7,12.1,72.9,15.0,0.000,0.022,0.00,0.000,9.3,16.1,2.6,305,16,9.5,15.2,2.4,309,15,9.5,15.2,2.4,309,15,252,28.11,0.8,0,0,0,38.5,42.4,45.5,0.32,0.29,0.29
COHO,2019-11-08 12:40:00 EST,42.51178,-77.43762,1966,22.7,21.9,12.7,72.4,15.2,0.000,0.022,0.00,0.000,8.5,13.6,1.8,295,15,9.2,13.5,1.9,298,14,9.2,13.5,1.9,298,14,350,28.11,0.8,0,0,0,38.5,42.4,45.5,0.32,0.29,0.29
COHO,2019-11-08 12:45:00 EST,42.51178,-77.43762,1966,22.8,21.8,11.9,72.6,15.3,0.000,0.022,0.00,0.000,10.7,16.0,2.5,310,16,10.7,16.0,2.5,312,15,10.7,16.0,2.5,312,15,303,28.11,0.6,0,0,0,38.5,42.4,45.5,0.32,0.29,0.29
COHO,2019-11-08 12:50:00 EST,42.51178,-77.43762,1966,21.8,21.2,10.0,73.9,14.8,0.000,0.022,0.00,0.000,11.7,16.3,2.1,298,12,12.0,18.5,2.3,300,10,12.0,18.5,2.3,300,10,222,28.11,0.7,0,0,0,38.5,42.4,45.5,0.32,0.29,0.29
COHO,2019-11-08 12:55:00 EST,42.51178,-77.43762,1966,22.2,21.3,10.7,72.4,14.6,0.000,0.022,0.00,0.000,11.5,16.4,2.4,310,13,11.5,17.7,2.5,313,12,11.5,17.7,2.5,313,12,270,28.11,0.6,0,0,0,38.6,42.4,45.5,0.32,0.29,0.29
COHO,2019-11-08 13:00:00 EST,42.51178,-77.43762,1966,22.3,21.7,12.9,73.7,15.2,0.000,0.022,0.00,0.000,7.9,12.8,2.1,308,15,8.2,13.7,2.0,309,13,8.2,13.7,2.0,309,13,275,28.11,0.7,0,0,0,38.5,42.4,45.5,0.32,0.29,0.29
COHO,2019-11-08 13:05:00 EST,42.51178,-77.43762,1966,23.7,22.8,14.1,69.5,15.2,0.000,0.022,0.00,0.000,8.8,15.2,2.6,307,17,9.1,14.5,2.2,310,17,9.1,14.5,2.2,310,17,516,28.11,0.8,0,0,0,38.5,42.4,45.5,0.32,0.29,0.29
COHO,2019-11-08 13:10:00 EST,42.51178,-77.43762,1966,24.0,22.9,14.0,66.9,14.6,0.000,0.022,0.00,0.000,9.2,13.4,2.2,305,14,9.7,14.6,2.1,306,15,9.7,14.6,2.1,306,15,364,28.11,0.7,0,0,0,38.5,42.4,45.5,0.32,0.29,0.29
COHO,2019-11-08 13:15:00 EST,42.51178,-77.43762,1966,22.7,21.8,10.9,69.9,14.4,0.000,0.022,0.00,0.000,12.1,18.6,2.6,299,14,12.5,20.3,2.8,301,14,12.5,20.3,2.8,301,14,270,28.11,0.7,0,0,0,38.5,42.4,45.5,0.32,0.29,0.29
COHO,2019-11-08 13:20:00 EST,42.51178,-77.43762,1966,22.1,21.3,10.6,71.4,14.3,0.000,0.022,0.00,0.000,11.2,16.8,2.6,302,11,11.5,15.9,2.3,304,12,11.5,15.9,2.3,304,12,320,28.11,0.8,0,0,0,38.5,42.4,45.5,0.32,0.29,0.29
COHO,2019-11-08 13:25:00 EST,42.51178,-77.43762,1966,23.3,22.2,12.3,71.3,15.4,0.000,0.022,0.00,0.000,10.8,17.5,2.1,307,14,11.1,16.8,2.0,308,13,11.1,16.8,2.0,308,13,349,28.11,0.7,0,0,0,38.5,42.4,45.5,0.32,0.29,0.29
COHO,2019-11-08 13:30:00 EST,42.51178,-77.43762,1966,22.0,21.3,10.2,69.4,13.5,0.000,0.022,0.00,0.000,12.3,16.4,2.6,314,11,12.0,16.7,2.4,318,9,12.0,16.7,2.4,318,9,171,28.11,0.8,0,0,0,38.5,42.4,45.5,0.32,0.29,0.29
COHO,2019-11-08 13:35:00 EST,42.51178,-77.43762,1966,22.5,21.7,11.2,72.4,15.0,0.000,0.022,0.00,0.000,11.3,16.9,2.5,318,14,11.4,17.2,2.6,324,15,11.4,17.2,2.6,324,15,393,28.11,0.8,0,0,0,38.5,42.4,45.5,0.32,0.29,0.29
COHO,2019-11-08 13:40:00 EST,42.51178,-77.43762,1966,23.9,22.7,12.4,70.0,15.5,0.000,0.022,0.00,0.000,12.2,20.0,3.7,312,16,12.4,19.5,3.7,315,16,12.4,19.5,3.7,315,16,411,28.11,0.7,0,0,0,38.5,42.4,45.5,0.32,0.29,0.29
COHO,2019-11-08 13:45:00 EST,42.51178,-77.43762,1966,22.4,21.7,11.4,68.4,13.5,0.000,0.022,0.00,0.000,10.7,16.5,2.6,312,11,10.7,16.7,2.4,315,11,10.7,16.7,2.4,315,11,178,28.11,0.8,0,0,0,38.5,42.4,45.5,0.32,0.29,0.29
COHO,2019-11-08 13:50:00 EST,42.51178,-77.43762,1966,22.3,21.7,11.6,69.1,13.7,0.000,0.022,0.00,0.000,10.0,16.5,2.6,313,13,10.3,15.9,2.1,315,12,10.3,15.9,2.1,315,12,175,28.11,0.7,0,0,0,38.5,42.4,45.5,0.32,0.29,0.29
COHO,2019-11-08 13:55:00 EST,42.51178,-77.43762,1966,22.3,21.7,12.2,69.8,13.9,0.000,0.022,0.00,0.000,9.1,13.7,2.4,311,14,9.2,14.7,2.0,314,11,9.2,14.7,2.0,314,11,224,28.11,0.8,0,0,0,38.5,42.4,45.5,0.32,0.29,0.29
COHO,2019-11-08 14:00:00 EST,42.51178,-77.43762,1966,22.8,22.0,13.1,69.6,14.4,0.000,0.022,0.00,0.000,8.6,13.1,2.0,315,15,8.8,14.3,2.1,319,14,8.8,14.3,2.1,319,14,297,28.11,0.7,0,0,0,38.5,42.4,45.5,0.32,0.29,0.29
COHO,2019-11-08 14:05:00 EST,42.51178,-77.43762,1966,23.5,22.5,14.6,68.8,14.8,0.000,0.022,0.00,0.000,7.6,13.7,2.3,312,15,7.9,12.5,2.0,317,16,7.9,12.5,2.0,317,16,379,28.11,0.8,0,0,0,38.5,42.4,45.5,0.32,0.29,0.29
COHO,2019-11-08 14:10:00 EST,42.51178,-77.43762,1966,24.2,23.0,14.2,67.0,14.8,0.000,0.022,0.00,0.000,9.6,17.5,3.2,306,15,9.8,16.5,2.9,310,15,9.8,16.5,2.9,310,15,409,28.11,0.8,0,0,0,38.5,42.3,45.5,0.32,0.29,0.29
COHO,2019-11-08 14:15:00 EST,42.51178,-77.43762,1966,23.6,22.7,14.0,65.5,13.7,0.000,0.022,0.00,0.000,8.4,13.4,2.2,299,13,8.8,15.3,2.1,302,12,8.8,15.3,2.1,302,12,230,28.11,0.7,0,0,0,38.5,42.3,45.5,0.32,0.29,0.29
COHO,2019-11-08 14:20:00 EST,42.51178,-77.43762,1966,22.4,21.9,11.7,68.3,13.5,0.000,0.022,0.00,0.000,10.1,14.0,1.7,304,13,10.3,14.8,1.9,308,14,10.3,14.8,1.9,308,14,142,28.11,0.8,0,0,0,38.5,42.3,45.5,0.32,0.29,0.29
COHO,2019-11-08 14:25:00 EST,42.51178,-77.43762,1966,22.9,22.4,13.1,69.4,14.4,0.000,0.022,0.00,0.000,8.4,13.4,1.7,312,16,9.0,13.5,1.6,316,17,9.0,13.5,1.6,316,17,193,28.11,0.8,0,0,0,38.5,42.3,45.5,0.32,0.29,0.29
COHO,2019-11-08 14:30:00 EST,42.51178,-77.43762,1966,22.6,22.2,11.0,66.2,13.0,0.000,0.022,0.00,0.000,11.8,19.1,2.6,313,14,11.9,18.5,2.5,318,12,11.9,18.5,2.5,318,12,153,28.11,0.8,0,0,0,38.5,42.3,45.5,0.32,0.29,0.29
COHO,2019-11-08 14:35:00 EST,42.51178,-77.43762,1966,22.3,22.0,10.4,65.9,12.7,0.000,0.022,0.00,0.000,12.7,19.4,2.8,313,12,12.5,18.8,2.7,316,12,12.5,18.8,2.7,316,12,135,28.11,0.8,0,0,0,38.5,42.3,45.5,0.32,0.29,0.29
COHO,2019-11-08 14:40:00 EST,42.51178,-77.43762,1966,22.3,21.9,10.7,67.9,13.3,0.000,0.022,0.00,0.000,11.8,17.2,2.4,310,12,11.8,16.8,2.3,313,11,11.8,16.8,2.3,313,11,134,28.11,0.8,0,0,0,38.5,42.3,45.5,0.32,0.29,0.29
COHO,2019-11-08 14:45:00 EST,42.51178,-77.43762,1966,22.3,21.9,11.2,68.7,13.6,0.000,0.022,0.00,0.000,10.8,16.9,2.3,306,11,10.9,16.1,2.2,311,11,10.9,16.1,2.2,311,11,139,28.11,0.8,0,0,0,38.5,42.3,45.5,0.32,0.29,0.29
COHO,2019-11-08 14:50:00 EST,42.51178,-77.43762,1966,23.3,22.6,12.8,66.2,13.7,0.000,0.022,0.00,0.000,9.3,16.8,2.9,291,14,10.2,18.2,3.1,294,14,10.2,18.2,3.1,294,14,325,28.12,0.8,0,0,0,38.5,42.3,45.5,0.32,0.29,0.29
COHO,2019-11-08 14:55:00 EST,42.51178,-77.43762,1966,23.2,22.6,12.3,64.0,12.8,0.000,0.022,0.00,0.000,10.0,16.1,2.3,290,14,10.9,18.4,2.6,292,13,10.9,18.4,2.6,292,13,195,28.12,0.7,0,0,0,38.5,42.3,45.5,0.32,0.29,0.29
COHO,2019-11-08 15:00:00 EST,42.51178,-77.43762,1966,22.6,22.2,12.1,65.5,12.8,0.000,0.022,0.00,0.000,9.6,15.3,2.4,294,14,10.1,15.9,2.6,296,13,10.1,15.9,2.6,296,13,149,28.12,0.8,0,0,0,38.5,42.3,45.5,0.32,0.29,0.29
COHO,2019-11-08 15:05:00 EST,42.51178,-77.43762,1966,22.8,22.4,12.1,65.2,12.9,0.000,0.022,0.00,0.000,9.7,14.4,2.3,296,14,10.4,15.3,2.2,297,13,10.4,15.3,2.2,297,13,191,28.12,0.7,0,0,0,38.5,42.3,45.5,0.32,0.29,0.29
COHO,2019-11-08 15:10:00 EST,42.51178,-77.43762,1966,22.8,22.4,13.6,65.3,12.9,0.000,0.022,0.00,0.000,7.5,14.0,2.7,303,14,8.0,14.4,2.8,306,13,8.0,14.4,2.8,306,13,142,28.12,0.7,0,0,0,38.5,42.3,45.5,0.32,0.29,0.29
COHO,2019-11-08 15:15:00 EST,42.51178,-77.43762,1966,22.3,22.0,12.3,66.3,12.8,0.000,0.022,0.00,0.000,8.8,12.6,2.0,302,12,9.1,14.2,2.0,304,12,9.1,14.2,2.0,304,12,104,28.12,0.8,0,0,0,38.5,42.3,45.5,0.32,0.29,0.29
COHO,2019-11-08 15:20:00 EST,42.51178,-77.43762,1966,22.4,22.2,14.0,68.3,13.5,0.000,0.022,0.00,0.000,6.6,11.8,1.7,290,15,7.0,12.3,1.9,292,14,7.0,12.3,1.9,292,14,102,28.12,0.8,0,0,0,38.5,42.3,45.5,0.32,0.29,0.29
COHO,2019-11-08 15:25:00 EST,42.51178,-77.43762,1966,22.5,22.2,13.4,67.5,13.4,0.000,0.022,0.00,0.000,7.4,13.4,1.8,296,17,7.8,12.3,1.7,299,16,7.8,12.3,1.7,299,16,128,28.12,0.8,0,0,0,38.5,42.3,45.5,0.32,0.29,0.29
COHO,2019-11-08 15:30:00 EST,42.51178,-77.43762,1966,22.6,22.3,13.4,66.8,13.2,0.000,0.022,0.00,0.000,7.7,14.2,2.6,305,14,7.9,14.4,2.6,306,13,7.9,14.4,2.6,306,13,115,28.12,0.8,0,0,0,38.5,42.3,45.5,0.32,0.29,0.29
COHO,2019-11-08 15:35:00 EST,42.51178,-77.43762,1966,22.1,21.9,11.7,68.2,13.2,0.000,0.022,0.00,0.000,8.9,13.2,2.2,297,15,9.5,14.8,2.3,299,15,9.5,14.8,2.3,299,15,74,28.12,0.8,0,0,0,38.5,42.3,45.5,0.32,0.29,0.29
COHO,2019-11-08 15:40:00 EST,42.51178,-77.43762,1966,21.9,21.8,12.6,69.4,13.4,0.000,0.022,0.00,0.000,7.3,10.4,1.8,297,13,7.9,13.1,1.9,299,15,7.9,13.1,1.9,299,15,69,28.12,0.8,0,0,0,38.5,42.3,45.5,0.32,0.29,0.29
COHO,2019-11-08 15:45:00 EST,42.51178,-77.43762,1966,21.8,21.7,11.7,68.8,13.1,0.000,0.022,0.00,0.000,8.6,12.2,2.0,295,13,9.0,12.5,1.9,298,11,9.0,12.5,1.9,298,11,63,28.12,0.8,0,0,0,38.5,42.3,45.5,0.32,0.29,0.29
COHO,2019-11-08 15:50:00 EST,42.51178,-77.43762,1966,21.7,21.7,12.9,68.8,13.0,0.000,0.022,0.00,0.000,6.9,10.7,1.9,305,13,7.2,10.7,1.9,307,12,7.2,10.7,1.9,307,12,51,28.12,0.8,0,0,0,38.5,42.3,45.5,0.32,0.29,0.29
COHO,2019-11-08 15:55:00 EST,42.51178,-77.43762,1966,21.8,21.8,13.3,68.9,13.2,0.000,0.022,0.00,0.000,6.4,11.6,2.3,296,18,6.9,12.8,2.2,298,16,6.9,12.8,2.2,298,16,56,28.12,0.8,0,0,0,38.5,42.3,45.5,0.32,0.29,0.29
COHO,2019-11-08 16:00:00 EST,42.51178,-77.43762,1966,21.5,21.6,14.3,69.1,12.9,0.000,0.022,0.00,0.000,5.1,9.1,1.6,295,12,5.4,9.1,1.6,297,12,5.4,9.1,1.6,297,12,38,28.12,0.8,0,0,0,38.5,42.3,45.5,0.32,0.29,0.29
COHO,2019-11-08 16:05:00 EST,42.51178,-77.43762,1966,21.6,21.7,12.5,68.8,12.9,0.000,0.022,0.00,0.000,7.5,12.9,2.6,300,14,7.7,12.5,2.5,304,14,7.7,12.5,2.5,304,14,76,28.12,0.8,0,0,0,38.5,42.3,45.5,0.32,0.29,0.29
COHO,2019-11-08 16:10:00 EST,42.51178,-77.43762,1966,22.0,21.9,11.8,67.0,12.7,0.000,0.022,0.00,0.000,8.7,12.9,2.3,300,14,9.2,15.5,2.5,302,13,9.2,15.5,2.5,302,13,91,28.13,0.8,0,0,0,38.5,42.3,45.5,0.32,0.29,0.29
COHO,2019-11-08 16:15:00 EST,42.51178,-77.43762,1966,22.0,21.9,11.5,66.9,12.7,0.000,0.022,0.00,0.000,9.2,14.4,2.4,294,11,9.7,15.4,2.5,296,9,9.7,15.4,2.5,296,9,73,28.13,0.7,0,0,0,38.5,42.3,45.5,0.32,0.29,0.29
COHO,2019-11-08 16:20:00 EST,42.51178,-77.43762,1966,21.6,21.7,12.9,67.5,12.5,0.000,0.022,0.00,0.000,6.7,10.0,1.8,293,13,7.1,11.9,1.9,296,13,7.1,11.9,1.9,296,13,45,28.13,0.8,0,0,0,38.5,42.3,45.5,0.32,0.29,0.29
COHO,2019-11-08 16:25:00 EST,42.51178,-77.43762,1966,21.5,21.6,12.9,67.8,12.5,0.000,0.022,0.00,0.000,6.1,11.8,2.3,290,16,6.9,12.7,2.4,291,14,6.9,12.7,2.4,291,14,43,28.13,0.8,0,0,0,38.5,42.3,45.5,0.32,0.29,0.29
COHO,2019-11-08 16:30:00 EST,42.51178,-77.43762,1966,21.4,21.5,13.1,67.8,12.4,0.000,0.022,0.00,0.000,6.2,9.8,1.6,293,13,6.6,11.1,1.8,295,13,6.6,11.1,1.8,295,13,39,28.13,0.7,0,0,0,38.5,42.3,45.5,0.32,0.29,0.29
COHO,2019-11-08 16:35:00 EST,42.51178,-77.43762,1966,21.3,21.5,12.1,68.6,12.6,0.000,0.022,0.00,0.000,7.2,11.3,1.6,299,13,7.7,11.7,1.6,302,12,7.7,11.7,1.6,302,12,29,28.13,0.7,0,0,0,38.5,42.3,45.5,0.32,0.29,0.29
COHO,2019-11-08 16:40:00 EST,42.51178,-77.43762,1966,21.1,21.3,12.1,69.6,12.7,0.000,0.022,0.00,0.000,7.0,11.5,1.5,299,11,7.3,12.3,1.6,301,12,7.3,12.3,1.6,301,12,18,28.13,0.8,0,0,0,38.5,42.3,45.5,0.32,0.29,0.29
COHO,2019-11-08 16:45:00 EST,42.51178,-77.43762,1966,20.8,21.2,11.2,70.0,12.6,0.000,0.022,0.00,0.000,7.5,10.7,1.4,290,15,8.1,12.6,1.7,292,14,8.1,12.6,1.7,292,14,12,28.13,0.8,0,0,0,38.4,42.3,45.5,0.32,0.29,0.29
COHO,2019-11-08 16:50:00 EST,42.51178,-77.43762,1966,20.7,21.1,11.4,70.2,12.5,0.000,0.022,0.00,0.000,7.0,10.4,1.5,289,13,7.6,11.4,1.7,292,11,7.6,11.4,1.7,292,11,9,28.13,0.8,0,0,0,38.5,42.3,45.5,0.32,0.29,0.29
COHO,2019-11-08 16:55:00 EST,42.51178,-77.43762,1966,20.5,21.0,11.8,70.0,12.3,0.000,0.022,0.00,0.000,6.5,9.9,1.5,296,15,6.9,11.6,1.6,301,14,6.9,11.6,1.6,301,14,6,28.13,0.8,0,0,0,38.4,42.3,45.4,0.32,0.29,0.29
COHO,2019-11-08 17:00:00 EST,42.51178,-77.43762,1966,20.3,20.8,12.2,70.8,12.3,0.000,0.022,0.00,0.000,5.7,9.9,1.6,298,11,6.1,10.1,1.6,302,12,6.1,10.1,1.6,302,12,4,28.13,0.8,0,0,0,38.4,42.3,45.3,0.32,0.29,0.29
COHO,2019-11-08 17:05:00 EST,42.51178,-77.43762,1966,20.2,20.8,12.0,71.2,12.4,0.000,0.022,0.00,0.000,5.9,8.8,1.2,297,13,6.2,9.4,1.4,300,14,6.2,9.4,1.4,300,14,2,28.13,0.8,0,0,0,38.4,42.3,45.4,0.32,0.29,0.29
COHO,2019-11-08 17:10:00 EST,42.51178,-77.43762,1966,19.9,20.6,12.4,72.2,12.4,0.000,0.022,0.00,0.000,5.1,7.1,0.9,292,12,5.5,8.7,1.1,295,10,5.5,8.7,1.1,295,10,1,28.14,0.7,0,0,0,38.3,42.3,45.4,0.32,0.29,0.29
COHO,2019-11-08 17:15:00 EST,42.51178,-77.43762,1966,19.7,20.4,12.4,73.1,12.5,0.000,0.022,0.00,0.000,4.8,7.8,1.3,294,12,5.2,9.1,1.4,296,10,5.2,9.1,1.4,296,10,0,28.14,0.8,0,0,0,38.3,42.3,45.4,0.32,0.29,0.29
COHO,2019-11-08 17:20:00 EST,42.51178,-77.43762,1966,19.6,20.4,12.3,73.3,12.5,0.000,0.022,0.00,0.000,4.9,8.5,1.3,296,10,5.2,8.9,1.5,298,10,5.2,8.9,1.5,298,10,0,28.14,0.8,0,0,0,38.3,42.3,45.3,0.32,0.29,0.29
COHO,2019-11-08 17:25:00 EST,42.51178,-77.43762,1966,19.7,20.4,12.3,73.6,12.7,0.000,0.022,0.00,0.000,4.9,7.5,1.0,295,13,5.3,8.6,1.1,296,12,5.3,8.6,1.1,296,12,0,28.14,0.8,0,0,0,38.3,42.3,45.3,0.32,0.29,0.29
COHO,2019-11-08 17:30:00 EST,42.51178,-77.43762,1966,19.7,20.3,12.1,73.9,12.7,0.000,0.022,0.00,0.000,5.0,8.5,1.2,293,13,5.4,9.3,1.3,294,11,5.4,9.3,1.3,294,11,0,28.14,0.9,0,0,0,38.3,42.3,45.4,0.32,0.29,0.29
COHO,2019-11-08 17:35:00 EST,42.51178,-77.43762,1966,19.6,20.3,12.2,74.1,12.7,0.000,0.022,0.00,0.000,4.9,6.7,1.0,295,9,5.3,8.3,1.1,298,10,5.3,8.3,1.1,298,10,0,28.14,0.8,0,0,0,38.3,42.3,45.3,0.32,0.29,0.29
COHO,2019-11-08 17:40:00 EST,42.51178,-77.43762,1966,19.4,20.2,12.1,74.5,12.6,0.000,0.022,0.00,0.000,4.8,7.8,1.3,295,12,5.2,8.4,1.4,299,12,5.2,8.4,1.4,299,12,0,28.14,0.8,0,0,0,38.3,42.2,45.3,0.32,0.29,0.29
COHO,2019-11-08 17:45:00 EST,42.51178,-77.43762,1966,19.5,20.3,11.9,74.6,12.7,0.000,0.022,0.00,0.000,5.1,7.5,1.0,294,13,5.5,8.0,1.2,297,13,5.5,8.0,1.2,297,13,0,28.14,0.8,0,0,0,38.3,42.2,45.3,0.32,0.29,0.29
COHO,2019-11-08 17:50:00 EST,42.51178,-77.43762,1966,19.4,20.1,13.1,74.5,12.6,0.000,0.022,0.00,0.000,4.1,5.7,0.6,298,11,4.3,6.0,0.7,299,10,4.3,6.0,0.7,299,10,0,28.15,0.8,0,0,0,38.3,42.2,45.3,0.32,0.29,0.29
COHO,2019-11-08 17:55:00 EST,42.51178,-77.43762,1966,19.3,20.0,14.5,74.8,12.6,0.000,0.022,0.00,0.000,3.2,5.6,0.9,306,13,3.3,5.9,1.0,308,12,3.3,5.9,1.0,308,12,0,28.15,0.8,0,0,0,38.3,42.1,45.3,0.32,0.29,0.29
COHO,2019-11-08 18:00:00 EST,42.51178,-77.43762,1966,18.9,19.5,18.9,75.3,12.3,0.000,0.022,0.00,0.000,2.7,3.4,0.4,322,12,2.8,3.8,0.4,326,10,2.8,3.8,0.4,326,10,0,28.15,0.8,0,0,0,38.3,42.2,45.3,0.32,0.29,0.29
COHO,2019-11-08 18:05:00 EST,42.51178,-77.43762,1966,18.7,19.3,18.7,76.2,12.4,0.000,0.022,0.00,0.000,2.0,2.9,0.4,332,10,2.3,3.6,0.4,336,11,2.3,3.6,0.4,336,11,0,28.15,0.8,0,0,0,38.3,42.1,45.3,0.32,0.29,0.29
COHO,2019-11-08 18:10:00 EST,42.51178,-77.43762,1966,18.6,19.6,18.6,77.6,12.8,0.000,0.022,0.00,0.000,1.5,2.5,0.4,342,13,2.0,3.1,0.4,343,13,2.0,3.1,0.4,343,13,0,28.15,0.8,0,0,0,38.3,42.1,45.3,0.32,0.29,0.29
COHO,2019-11-08 18:15:00 EST,42.51178,-77.43762,1966,18.6,19.7,18.6,78.6,13.1,0.000,0.022,0.00,0.000,2.0,2.6,0.4,350,13,2.5,3.7,0.5,353,12,2.5,3.7,0.5,353,12,0,28.15,0.8,0,0,0,38.3,42.1,45.3,0.32,0.29,0.29
COHO,2019-11-08 18:20:00 EST,42.51178,-77.43762,1966,18.6,19.8,18.6,76.0,12.2,0.000,0.022,0.00,0.000,2.0,2.8,0.4,2,14,2.4,4.3,0.6,5,13,2.4,4.3,0.6,5,13,0,28.15,0.7,0,0,0,38.3,42.1,45.3,0.32,0.29,0.29
COHO,2019-11-08 18:25:00 EST,42.51178,-77.43762,1966,18.4,19.9,18.4,75.1,11.8,0.000,0.022,0.00,0.000,1.3,1.9,0.3,10,12,1.7,2.8,0.3,10,14,1.7,2.8,0.3,10,14,0,28.15,0.7,0,0,0,38.3,42.1,45.3,0.32,0.29,0.29
COHO,2019-11-08 18:30:00 EST,42.51178,-77.43762,1966,18.4,19.9,18.4,75.3,11.9,0.000,0.022,0.00,0.000,0.8,1.8,0.4,20,14,1.3,2.2,0.4,21,17,1.3,2.2,0.4,21,17,0,28.15,0.8,0,0,0,38.3,42.1,45.3,0.32,0.29,0.29
COHO,2019-11-08 18:35:00 EST,42.51178,-77.43762,1966,18.7,19.9,18.7,74.5,11.9,0.000,0.022,0.00,0.000,1.2,2.4,0.4,22,14,1.6,3.1,0.5,23,16,1.6,3.1,0.5,23,16,0,28.15,0.8,0,0,0,38.3,42.1,45.3,0.32,0.29,0.29
COHO,2019-11-08 18:40:00 EST,42.51178,-77.43762,1966,18.6,19.8,18.6,73.5,11.5,0.000,0.022,0.00,0.000,1.4,2.0,0.3,50,12,1.6,2.5,0.3,48,13,1.6,2.5,0.3,48,13,0,28.16,0.7,0,0,0,38.2,42.1,45.3,0.32,0.29,0.29
COHO,2019-11-08 18:45:00 EST,42.51178,-77.43762,1966,17.8,19.9,17.8,73.5,10.8,0.000,0.022,0.00,0.000,1.5,2.1,0.3,60,7,1.7,2.6,0.3,59,7,1.7,2.6,0.3,59,7,0,28.16,0.8,0,0,0,38.1,42.1,45.3,0.32,0.29,0.29
COHO,2019-11-08 18:50:00 EST,42.51178,-77.43762,1966,17.5,20.0,17.5,75.7,11.2,0.000,0.022,0.00,0.000,1.9,2.6,0.4,67,7,2.2,3.2,0.6,67,8,2.2,3.2,0.6,67,8,0,28.16,0.8,0,0,0,38.1,42.1,45.3,0.32,0.29,0.29
COHO,2019-11-08 18:55:00 EST,42.51178,-77.43762,1966,17.5,20.0,12.5,76.1,11.3,0.000,0.022,0.00,0.000,2.8,3.3,0.3,71,4,3.3,4.0,0.4,70,5,3.3,4.0,0.4,70,5,0,28.16,0.8,0,0,0,38.1,42.1,45.3,0.32,0.29,0.29
COHO,2019-11-08 19:00:00 EST,42.51178,-77.43762,1966,17.7,20.1,17.7,76.6,11.6,0.000,0.022,0.00,0.000,2.1,3.3,0.5,69,7,2.4,4.1,0.6,69,9,2.4,4.1,0.6,69,9,0,28.16,0.8,0,0,0,38.1,42.1,45.3,0.32,0.29,0.29
COHO,2019-11-08 19:05:00 EST,42.51178,-77.43762,1966,17.8,19.9,17.8,75.0,11.2,0.000,0.022,0.00,0.000,1.7,2.3,0.5,73,9,2.1,2.8,0.6,72,11,2.1,2.8,0.6,72,11,0,28.16,0.8,0,0,0,38.1,42.1,45.3,0.32,0.29,0.29
COHO,2019-11-08 19:10:00 EST,42.51178,-77.43762,1966,18.1,20.0,18.1,75.3,11.6,0.000,0.022,0.00,0.000,0.6,1.5,0.5,65,17,0.9,2.0,0.7,70,18,0.9,2.0,0.7,70,18,0,28.16,0.9,0,0,0,38.1,42.1,45.3,0.32,0.29,0.29
COHO,2019-11-08 19:15:00 EST,42.51178,-77.43762,1966,19.1,20.0,19.1,75.0,12.5,0.000,0.022,0.00,0.000,0.0,0.0,0.0,0,0,0.1,1.0,0.3,139,4,0.1,1.0,0.3,139,4,0,28.16,0.7,0,0,0,38.1,42.1,45.3,0.32,0.29,0.29
COHO,2019-11-08 19:20:00 EST,42.51178,-77.43762,1966,18.3,19.9,18.3,77.6,12.5,0.000,0.022,0.00,0.000,0.7,2.7,0.9,326,8,1.0,3.3,1.0,327,13,1.0,3.3,1.0,327,13,0,28.16,0.8,0,0,0,38.1,42.1,45.3,0.32,0.29,0.29
COHO,2019-11-08 19:25:00 EST,42.51178,-77.43762,1966,18.2,20.1,18.2,79.6,13.0,0.000,0.022,0.00,0.000,1.5,2.3,0.4,332,18,1.9,2.9,0.5,333,20,1.9,2.9,0.5,333,20,0,28.16,0.8,0,0,0,38.1,42.1,45.3,0.32,0.29,0.29
COHO,2019-11-08 19:30:00 EST,42.51178,-77.43762,1966,18.9,20.2,18.9,78.2,13.3,0.000,0.022,0.00,0.000,1.9,3.6,0.7,316,15,2.1,4.3,0.7,317,16,2.1,4.3,0.7,317,16,0,28.16,0.9,0,0,0,37.9,42.1,45.3,0.32,0.29,0.29
COHO,2019-11-08 19:35:00 EST,42.51178,-77.43762,1966,19.3,20.1,19.3,75.1,12.7,0.000,0.022,0.00,0.000,0.7,1.6,0.4,292,5,1.3,2.1,0.2,291,9,1.3,2.1,0.2,291,9,0,28.16,0.8,0,0,0,37.9,42.1,45.3,0.32,0.29,0.29
COHO,2019-11-08 19:40:00 EST,42.51178,-77.43762,1966,19.1,20.0,19.1,75.0,12.5,0.000,0.022,0.00,0.000,1.1,2.3,0.4,302,9,1.4,2.4,0.4,305,9,1.4,2.4,0.4,305,9,0,28.16,0.8,0,0,0,37.9,42.1,45.3,0.32,0.29,0.29
COHO,2019-11-08 19:45:00 EST,42.51178,-77.43762,1966,19.3,20.1,19.3,74.5,12.5,0.000,0.022,0.00,0.000,1.7,2.1,0.2,299,6,1.9,2.9,0.3,302,7,1.9,2.9,0.3,302,7,0,28.16,0.8,0,0,0,37.9,42.1,45.3,0.32,0.29,0.29
COHO,2019-11-08 19:50:00 EST,42.51178,-77.43762,1966,18.7,20.1,18.7,75.6,12.3,0.000,0.022,0.00,0.000,1.5,2.1,0.3,290,5,1.8,2.5,0.2,292,4,1.8,2.5,0.2,292,4,0,28.16,0.8,0,0,0,37.9,42.1,45.3,0.32,0.29,0.29
COHO,2019-11-08 19:55:00 EST,42.51178,-77.43762,1966,19.2,20.1,19.2,75.6,12.7,0.000,0.022,0.00,0.000,1.7,2.0,0.2,287,4,2.0,2.4,0.2,291,5,2.0,2.4,0.2,291,5,0,28.16,0.8,0,0,0,37.9,42.1,45.3,0.32,0.29,0.29
COHO,2019-11-08 20:00:00 EST,42.51178,-77.43762,1966,19.1,20.1,19.1,74.5,12.3,0.000,0.022,0.00,0.000,1.9,2.3,0.2,274,3,2.3,2.7,0.2,271,4,2.3,2.7,0.2,271,4,0,28.16,0.8,0,0,0,37.9,42.1,45.3,0.32,0.29,0.29
COHO,2019-11-08 20:05:00 EST,42.51178,-77.43762,1966,18.4,19.9,18.4,75.2,11.8,0.000,0.022,0.00,0.000,2.5,2.8,0.1,268,3,2.9,3.2,0.1,268,4,2.9,3.2,0.1,268,4,0,28.16,0.8,0,0,0,37.9,42.1,45.3,0.32,0.29,0.29
COHO,2019-11-08 20:10:00 EST,42.51178,-77.43762,1966,18.1,19.7,13.4,77.0,12.1,0.000,0.022,0.00,0.000,2.7,3.0,0.2,262,3,3.1,3.6,0.2,263,4,3.1,3.6,0.2,263,4,0,28.16,0.8,0,0,0,37.9,42.1,45.3,0.32,0.29,0.29
COHO,2019-11-08 20:15:00 EST,42.51178,-77.43762,1966,18.0,19.7,13.1,78.0,12.3,0.000,0.022,0.00,0.000,2.8,3.2,0.2,272,3,3.2,3.9,0.2,275,4,3.2,3.9,0.2,275,4,0,28.16,0.9,0,0,0,37.8,42.1,45.3,0.32,0.29,0.29
COHO,2019-11-08 20:20:00 EST,42.51178,-77.43762,1966,17.9,19.8,12.5,78.4,12.3,0.000,0.022,0.00,0.000,3.0,3.3,0.1,273,1,3.5,3.8,0.1,276,2,3.5,3.8,0.1,276,2,0,28.16,0.9,0,0,0,37.8,42.1,45.3,0.32,0.29,0.29
COHO,2019-11-08 20:25:00 EST,42.51178,-77.43762,1966,17.8,19.8,12.1,78.8,12.3,0.000,0.022,0.00,0.000,3.2,3.7,0.2,275,2,3.7,4.2,0.2,278,4,3.7,4.2,0.2,278,4,0,28.16,0.9,0,0,0,37.8,42.1,45.3,0.32,0.29,0.29
COHO,2019-11-08 20:30:00 EST,42.51178,-77.43762,1966,17.6,19.7,11.3,79.4,12.3,0.000,0.022,0.00,0.000,3.7,4.2,0.2,277,3,4.1,4.9,0.3,280,3,4.1,4.9,0.3,280,3,0,28.16,0.9,0,0,0,37.8,42.1,45.3,0.32,0.29,0.29
COHO,2019-11-08 20:35:00 EST,42.51178,-77.43762,1966,17.3,19.6,10.2,80.6,12.4,0.000,0.022,0.00,0.000,4.2,4.9,0.2,275,2,4.7,5.4,0.2,278,3,4.7,5.4,0.2,278,3,0,28.16,0.9,0,0,0,37.8,42.1,45.3,0.32,0.29,0.29
COHO,2019-11-08 20:40:00 EST,42.51178,-77.43762,1966,17.5,19.5,10.8,81.9,12.9,0.000,0.022,0.00,0.000,4.0,4.7,0.3,284,4,4.4,5.3,0.3,287,3,4.4,5.3,0.3,287,3,0,28.16,0.9,0,0,0,37.8,42.1,45.3,0.32,0.29,0.29
COHO,2019-11-08 20:45:00 EST,42.51178,-77.43762,1966,17.5,19.5,11.9,82.2,13.0,0.000,0.022,0.00,0.000,3.3,3.9,0.2,287,3,3.6,4.4,0.3,291,3,3.6,4.4,0.3,291,3,0,28.16,0.9,0,0,0,37.7,42.1,45.3,0.32,0.29,0.29
COHO,2019-11-08 20:50:00 EST,42.51178,-77.43762,1966,17.5,19.4,17.5,81.7,12.9,0.000,0.022,0.00,0.000,2.6,3.0,0.2,288,6,2.9,3.4,0.2,292,5,2.9,3.4,0.2,292,5,0,28.16,0.9,0,0,0,37.7,42.1,45.3,0.32,0.29,0.29
COHO,2019-11-08 20:55:00 EST,42.51178,-77.43762,1966,17.6,19.4,12.7,81.5,12.9,0.000,0.022,0.00,0.000,2.7,3.1,0.2,282,3,3.2,3.7,0.3,286,4,3.2,3.7,0.3,286,4,0,28.16,0.9,0,0,0,37.6,42.1,45.3,0.32,0.29,0.29
COHO,2019-11-08 21:00:00 EST,42.51178,-77.43762,1966,17.4,19.4,11.6,81.3,12.6,0.000,0.022,0.00,0.000,3.2,3.7,0.2,279,2,3.7,4.2,0.2,284,2,3.7,4.2,0.2,284,2,0,28.16,0.9,0,0,0,37.6,42.1,45.3,0.32,0.29,0.29
COHO,2019-11-08 21:05:00 EST,42.51178,-77.43762,1966,17.5,19.3,12.0,81.5,12.8,0.000,0.022,0.00,0.000,3.1,3.6,0.3,277,4,3.5,4.1,0.3,281,4,3.5,4.1,0.3,281,4,0,28.16,1.0,0,0,0,37.6,42.1,45.3,0.32,0.29,0.29
COHO,2019-11-08 21:10:00 EST,42.51178,-77.43762,1966,17.7,19.3,17.7,81.5,13.1,0.000,0.022,0.00,0.000,2.5,2.9,0.2,283,4,2.9,3.6,0.3,288,5,2.9,3.6,0.3,288,5,0,28.16,0.9,0,0,0,37.6,42.1,45.3,0.32,0.29,0.29
COHO,2019-11-08 21:15:00 EST,42.51178,-77.43762,1966,17.6,19.4,17.6,81.8,13.0,0.000,0.022,0.00,0.000,2.4,2.7,0.1,286,1,2.7,3.1,0.2,291,3,2.7,3.1,0.2,291,3,0,28.16,0.9,0,0,0,37.6,42.1,45.3,0.32,0.29,0.29
COHO,2019-11-08 21:20:00 EST,42.51178,-77.43762,1966,17.4,19.5,17.4,82.7,13.1,0.000,0.022,0.00,0.000,2.3,2.6,0.1,283,3,2.7,3.1,0.2,288,4,2.7,3.1,0.2,288,4,0,28.16,0.9,0,0,0,37.6,42.1,45.3,0.32,0.29,0.29
COHO,2019-11-08 21:25:00 EST,42.51178,-77.43762,1966,17.5,19.4,17.5,83.5,13.4,0.000,0.022,0.00,0.000,2.0,2.5,0.2,273,4,2.4,3.0,0.3,275,6,2.4,3.0,0.3,275,6,0,28.16,0.9,0,0,0,37.5,42.0,45.3,0.32,0.29,0.29
COHO,2019-11-08 21:30:00 EST,42.51178,-77.43762,1966,18.0,19.2,18.0,82.0,13.5,0.000,0.022,0.00,0.000,1.8,2.3,0.2,269,5,2.2,3.0,0.3,271,8,2.2,3.0,0.3,271,8,0,28.16,0.9,0,0,0,37.4,42.0,45.3,0.32,0.29,0.29
COHO,2019-11-08 21:35:00 EST,42.51178,-77.43762,1966,17.9,19.2,17.9,80.7,13.0,0.000,0.022,0.00,0.000,2.0,2.5,0.2,265,6,2.4,3.0,0.3,267,7,2.4,3.0,0.3,267,7,0,28.15,0.9,0,0,0,37.4,42.0,45.3,0.32,0.29,0.29
COHO,2019-11-08 21:40:00 EST,42.51178,-77.43762,1966,17.8,19.0,17.8,80.4,12.8,0.000,0.022,0.00,0.000,2.0,2.8,0.3,268,5,2.4,3.3,0.3,270,7,2.4,3.3,0.3,270,7,0,28.15,0.9,0,0,0,37.4,41.9,45.3,0.32,0.29,0.29
COHO,2019-11-08 21:45:00 EST,42.51178,-77.43762,1966,17.7,18.8,17.7,80.6,12.7,0.000,0.022,0.00,0.000,1.9,2.9,0.4,268,7,2.3,3.5,0.4,271,9,2.3,3.5,0.4,271,9,0,28.15,1.0,0,0,0,37.4,41.9,45.3,0.32,0.29,0.29
COHO,2019-11-08 21:50:00 EST,42.51178,-77.43762,1966,17.8,19.0,17.8,81.0,12.9,0.000,0.022,0.00,0.000,1.8,2.6,0.4,273,6,2.2,3.2,0.4,276,8,2.2,3.2,0.4,276,8,0,28.15,0.9,0,0,0,37.4,41.9,45.2,0.32,0.29,0.29
COHO,2019-11-08 21:55:00 EST,42.51178,-77.43762,1966,17.8,19.3,17.8,80.4,12.8,0.000,0.022,0.00,0.000,2.5,3.2,0.4,282,4,2.9,3.7,0.4,286,6,2.9,3.7,0.4,286,6,0,28.15,0.9,0,0,0,37.4,41.9,45.3,0.32,0.29,0.29
COHO,2019-11-08 22:00:00 EST,42.51178,-77.43762,1966,17.7,19.7,12.2,80.7,12.8,0.000,0.022,0.00,0.000,3.2,3.8,0.2,284,4,3.6,4.4,0.3,288,5,3.6,4.4,0.3,288,5,0,28.15,1.0,0,0,0,37.4,41.9,45.2,0.32,0.29,0.29
COHO,2019-11-08 22:05:00 EST,42.51178,-77.43762,1966,17.7,19.7,11.9,80.7,12.7,0.000,0.022,0.00,0.000,3.3,4.3,0.4,282,5,3.7,4.8,0.4,285,5,3.7,4.8,0.4,285,5,0,28.15,1.0,0,0,0,37.3,41.9,45.2,0.32,0.29,0.29
COHO,2019-11-08 22:10:00 EST,42.51178,-77.43762,1966,17.4,19.1,17.4,80.9,12.5,0.000,0.022,0.00,0.000,2.1,2.8,0.4,267,9,2.4,3.5,0.5,268,13,2.4,3.5,0.5,268,13,0,28.15,0.9,0,0,0,37.2,41.9,45.2,0.32,0.29,0.29
COHO,2019-11-08 22:15:00 EST,42.51178,-77.43762,1966,17.3,18.4,17.3,82.0,12.7,0.000,0.022,0.00,0.000,2.0,2.8,0.3,250,5,2.4,3.4,0.4,248,6,2.4,3.4,0.4,248,6,0,28.15,1.0,0,0,0,37.2,41.9,45.2,0.32,0.29,0.29
COHO,2019-11-08 22:20:00 EST,42.51178,-77.43762,1966,17.4,18.7,17.4,83.1,13.2,0.000,0.022,0.00,0.000,1.9,2.3,0.2,243,8,2.2,2.8,0.2,242,8,2.2,2.8,0.2,242,8,0,28.15,0.9,0,0,0,37.2,41.9,45.1,0.32,0.29,0.29
COHO,2019-11-08 22:25:00 EST,42.51178,-77.43762,1966,17.3,18.9,17.3,85.1,13.6,0.000,0.022,0.00,0.000,2.4,3.0,0.3,237,6,2.7,3.9,0.4,236,6,2.7,3.9,0.4,236,6,0,28.15,0.9,0,0,0,37.2,41.9,45.1,0.32,0.29,0.29
COHO,2019-11-08 22:30:00 EST,42.51178,-77.43762,1966,16.9,18.7,16.9,83.5,12.7,0.000,0.022,0.00,0.000,2.3,3.5,0.4,234,6,2.5,4.0,0.5,235,7,2.5,4.0,0.5,235,7,0,28.15,1.0,0,0,0,37.2,41.9,45.1,0.32,0.29,0.29
COHO,2019-11-08 22:35:00 EST,42.51178,-77.43762,1966,17.0,18.1,17.0,83.2,12.8,0.000,0.022,0.00,0.000,1.5,2.4,0.4,167,39,1.7,2.6,0.4,168,37,1.7,2.6,0.4,168,37,0,28.15,0.9,0,0,0,37.2,41.9,45.1,0.32,0.29,0.29
COHO,2019-11-08 22:40:00 EST,42.51178,-77.43762,1966,15.9,17.8,15.9,83.4,11.8,0.000,0.022,0.00,0.000,1.8,2.3,0.2,140,7,2.2,3.0,0.3,141,6,2.2,3.0,0.3,141,6,0,28.15,0.9,0,0,0,37.2,41.9,45.1,0.32,0.29,0.29
COHO,2019-11-08 22:45:00 EST,42.51178,-77.43762,1966,15.8,17.4,15.8,84.2,11.9,0.000,0.022,0.00,0.000,1.3,1.8,0.2,135,8,1.6,2.5,0.3,138,8,1.6,2.5,0.3,138,8,0,28.14,1.0,0,0,0,37.2,41.9,45.1,0.32,0.29,0.29
COHO,2019-11-08 22:50:00 EST,42.51178,-77.43762,1966,16.3,17.5,16.3,84.1,12.3,0.000,0.022,0.00,0.000,1.0,1.8,0.3,153,16,1.5,2.3,0.3,155,18,1.5,2.3,0.3,155,18,0,28.14,0.9,0,0,0,37.2,41.9,45.1,0.32,0.29,0.29
COHO,2019-11-08 22:55:00 EST,42.51178,-77.43762,1966,16.4,17.4,16.4,83.9,12.4,0.000,0.022,0.00,0.000,1.5,2.6,0.5,156,12,2.0,3.8,0.6,156,14,2.0,3.8,0.6,156,14,0,28.14,0.9,0,0,0,37.2,41.9,45.1,0.32,0.29,0.29
COHO,2019-11-08 23:00:00 EST,42.51178,-77.43762,1966,16.1,17.3,10.3,83.9,12.0,0.000,0.022,0.00,0.000,3.2,4.4,0.4,158,7,3.6,4.8,0.5,156,8,3.6,4.8,0.5,156,8,0,28.14,1.0,0,0,0,37.2,41.9,45.1,0.32,0.29,0.29
COHO,2019-11-08 23:05:00 EST,42.51178,-77.43762,1966,15.8,17.1,10.9,84.4,11.9,0.000,0.022,0.00,0.000,2.7,3.6,0.3,153,6,3.1,4.3,0.4,150,6,3.1,4.3,0.4,150,6,0,28.14,0.9,0,0,0,37.2,41.9,45.1,0.32,0.29,0.29
COHO,2019-11-08 23:10:00 EST,42.51178,-77.43762,1966,15.6,16.9,15.6,85.3,12.0,0.000,0.022,0.00,0.000,2.5,3.3,0.3,154,6,2.9,3.9,0.4,152,6,2.9,3.9,0.4,152,6,0,28.14,0.9,0,0,0,37.2,41.9,45.1,0.32,0.29,0.29
COHO,2019-11-08 23:15:00 EST,42.51178,-77.43762,1966,15.5,16.8,15.5,86.2,12.1,0.000,0.022,0.00,0.000,2.2,2.6,0.3,150,5,2.6,3.1,0.3,148,5,2.6,3.1,0.3,148,5,0,28.14,0.9,0,0,0,37.2,41.9,45.1,0.32,0.29,0.29
COHO,2019-11-08 23:20:00 EST,42.51178,-77.43762,1966,15.4,16.7,15.4,86.2,12.0,0.000,0.022,0.00,0.000,2.3,2.8,0.2,151,8,2.7,3.2,0.2,148,7,2.7,3.2,0.2,148,7,0,28.14,0.9,0,0,0,37.1,41.9,45.1,0.32,0.29,0.29
COHO,2019-11-08 23:25:00 EST,42.51178,-77.43762,1966,15.7,16.8,15.7,86.2,12.3,0.000,0.022,0.00,0.000,2.5,3.1,0.3,142,5,2.9,3.7,0.3,142,5,2.9,3.7,0.3,142,5,0,28.14,1.0,0,0,0,37.0,41.9,45.1,0.32,0.29,0.29
COHO,2019-11-08 23:30:00 EST,42.51178,-77.43762,1966,15.4,16.8,10.0,85.7,11.9,0.000,0.022,0.00,0.000,3.0,4.1,0.5,166,7,3.3,4.9,0.5,166,10,3.3,4.9,0.5,166,10,0,28.14,1.0,0,0,0,37.0,41.9,45.1,0.32,0.29,0.29
COHO,2019-11-08 23:35:00 EST,42.51178,-77.43762,1966,15.3,17.1,8.2,86.7,12.0,0.000,0.022,0.00,0.000,4.0,5.0,0.5,172,7,4.4,5.5,0.6,173,6,4.4,5.5,0.6,173,6,0,28.14,1.0,0,0,0,37.0,41.9,45.1,0.32,0.29,0.29
COHO,2019-11-08 23:40:00 EST,42.51178,-77.43762,1966,16.0,17.0,9.3,87.4,12.9,0.000,0.022,0.00,0.000,3.7,4.7,0.6,169,6,4.2,5.5,0.7,170,7,4.2,5.5,0.7,170,7,0,28.14,1.1,0,0,0,37.0,41.9,45.1,0.32,0.29,0.29
COHO,2019-11-08 23:45:00 EST,42.51178,-77.43762,1966,16.0,16.8,9.7,87.3,12.9,0.000,0.022,0.00,0.000,3.4,4.3,0.4,163,7,3.9,4.9,0.5,163,8,3.9,4.9,0.5,163,8,0,28.14,1.0,0,0,0,37.0,41.9,45.1,0.32,0.29,0.29
COHO,2019-11-08 23:50:00 EST,42.51178,-77.43762,1966,15.8,16.7,9.7,87.0,12.7,0.000,0.022,0.00,0.000,3.3,4.2,0.5,164,7,3.8,5.0,0.5,164,8,3.8,5.0,0.5,164,8,0,28.14,0.9,0,0,0,37.0,41.8,45.1,0.32,0.29,0.29
COHO,2019-11-08 23:55:00 EST,42.51178,-77.43762,1966,15.8,16.7,15.8,87.3,12.7,0.000,0.022,0.00,0.000,2.5,3.6,0.5,164,7,2.9,4.4,0.6,164,9,2.9,4.4,0.6,164,9,0,28.14,0.9,0,0,0,37.0,41.8,45.1,0.32,0.29,0.29
COLD,2019-11-08 00:00:00 EST,43.26127,-74.97878,1422,20.7,21.2,15.3,90.6,18.4,0.000,0.045,0.00,0.000,3.6,6.0,0.7,301,11,3.8,5.8,0.7,302,11,3.8,5.8,0.7,302,11,0,28.53,-0.1,0,0,0,39.2,43.4,45.9,0.19,0.16,0.16
COLD,2019-11-08 00:05:00 EST,43.26127,-74.97878,1422,20.5,21.1,15.1,90.7,18.2,0.000,0.000,0.00,0.000,3.5,5.1,0.6,292,9,3.8,5.8,0.7,292,9,3.8,5.8,0.7,292,9,0,28.53,-0.0,0,0,0,39.2,43.4,45.9,0.19,0.16,0.16
COLD,2019-11-08 00:10:00 EST,43.26127,-74.97878,1422,20.5,21.2,15.5,91.5,18.4,0.000,0.000,0.00,0.000,3.3,5.6,0.8,298,12,3.5,6.3,0.9,298,12,3.5,6.3,0.9,298,12,0,28.53,-0.1,0,0,0,39.2,43.4,45.9,0.19,0.16,0.16
COLD,2019-11-08 00:15:00 EST,43.26127,-74.97878,1422,20.5,21.1,20.5,91.8,18.5,0.000,0.000,0.00,0.000,2.1,2.9,0.4,302,10,2.3,3.4,0.4,304,9,2.3,3.4,0.4,304,9,0,28.52,-0.0,0,0,0,39.2,43.4,45.9,0.19,0.16,0.16
COLD,2019-11-08 00:20:00 EST,43.26127,-74.97878,1422,20.4,21.1,20.4,91.9,18.4,0.000,0.000,0.00,0.000,1.1,2.3,0.4,333,20,1.6,3.8,0.5,338,20,1.6,3.8,0.5,338,20,0,28.52,-0.1,0,0,0,39.2,43.3,45.9,0.19,0.16,0.16
COLD,2019-11-08 00:25:00 EST,43.26127,-74.97878,1422,20.5,21.2,20.5,92.7,18.7,0.000,0.000,0.00,0.000,1.7,2.8,0.3,360,12,2.4,3.5,0.4,0,12,2.4,3.5,0.4,0,12,0,28.52,-0.0,0,0,0,39.2,43.3,45.9,0.19,0.16,0.16
COLD,2019-11-08 00:30:00 EST,43.26127,-74.97878,1422,20.3,21.2,20.3,92.7,18.5,0.000,0.000,0.00,0.000,2.0,4.2,0.5,344,13,2.5,5.0,0.6,347,14,2.5,5.0,0.6,347,14,0,28.51,-0.0,0,0,0,39.2,43.3,45.9,0.19,0.16,0.16
COLD,2019-11-08 00:35:00 EST,43.26127,-74.97878,1422,20.6,21.1,20.6,93.0,18.9,0.000,0.000,0.00,0.000,2.2,3.7,0.5,343,10,2.7,4.7,0.6,345,11,2.7,4.7,0.6,345,11,0,28.51,-0.1,0,0,0,39.2,43.3,45.9,0.19,0.16,0.16
COLD,2019-11-08 00:40:00 EST,43.26127,-74.97878,1422,20.6,21.1,15.6,92.7,18.8,0.000,0.000,0.00,0.000,2.9,4.5,0.6,345,8,3.5,5.4,0.7,346,8,3.5,5.4,0.7,346,8,0,28.51,-0.1,0,0,0,39.1,43.3,45.9,0.19,0.16,0.16
COLD,2019-11-08 00:45:00 EST,43.26127,-74.97878,1422,20.3,21.0,15.6,92.5,18.5,0.000,0.000,0.00,0.000,2.5,3.7,0.4,358,8,3.3,4.5,0.4,359,8,3.3,4.5,0.4,359,8,0,28.51,-0.0,0,0,0,39.0,43.3,45.9,0.19,0.16,0.16
COLD,2019-11-08 00:50:00 EST,43.26127,-74.97878,1422,20.0,21.0,20.0,92.6,18.2,0.000,0.000,0.00,0.000,1.9,2.6,0.4,344,10,2.4,3.3,0.5,344,10,2.4,3.3,0.5,344,10,0,28.51,-0.0,0,0,0,39.0,43.3,45.9,0.19,0.16,0.16
COLD,2019-11-08 00:55:00 EST,43.26127,-74.97878,1422,20.2,20.9,20.2,93.2,18.5,0.000,0.000,0.00,0.000,2.1,3.3,0.4,308,12,2.2,3.3,0.4,308,12,2.2,3.3,0.4,308,12,0,28.51,-0.0,0,0,0,39.0,43.3,45.9,0.19,0.16,0.16
COLD,2019-11-08 01:00:00 EST,43.26127,-74.97878,1422,19.6,20.8,19.6,92.8,17.9,0.000,0.000,0.00,0.000,1.8,2.7,0.4,291,7,2.1,2.9,0.4,294,8,2.1,2.9,0.4,294,8,0,28.51,-0.0,0,0,0,39.0,43.3,45.9,0.19,0.16,0.16
COLD,2019-11-08 01:05:00 EST,43.26127,-74.97878,1422,19.7,20.7,19.7,93.3,18.1,0.000,0.000,0.00,0.000,1.7,2.6,0.3,273,11,2.1,3.1,0.4,275,10,2.1,3.1,0.4,275,10,0,28.51,0.1,0,0,0,39.0,43.3,45.9,0.19,0.16,0.16
COLD,2019-11-08 01:10:00 EST,43.26127,-74.97878,1422,19.7,20.5,19.7,93.5,18.1,0.000,0.000,0.00,0.000,1.4,2.3,0.3,266,14,1.8,2.6,0.3,267,16,1.8,2.6,0.3,267,16,0,28.51,-0.0,0,0,0,39.0,43.3,45.9,0.19,0.16,0.16
COLD,2019-11-08 01:15:00 EST,43.26127,-74.97878,1422,19.6,20.5,19.6,93.8,18.1,0.000,0.000,0.00,0.000,2.2,2.7,0.2,264,8,2.5,3.1,0.3,264,9,2.5,3.1,0.3,264,9,0,28.51,0.0,0,0,0,38.8,43.3,45.9,0.19,0.16,0.16
COLD,2019-11-08 01:20:00 EST,43.26127,-74.97878,1422,19.3,20.5,14.2,93.5,17.8,0.000,0.000,0.00,0.000,3.2,4.9,0.9,273,6,3.5,5.8,0.9,273,6,3.5,5.8,0.9,273,6,0,28.51,-0.1,0,0,0,38.8,43.3,45.9,0.19,0.16,0.16
COLD,2019-11-08 01:25:00 EST,43.26127,-74.97878,1422,19.6,20.4,12.8,93.9,18.1,0.000,0.000,0.00,0.000,4.3,5.6,0.7,261,8,4.7,6.2,0.8,261,8,4.7,6.2,0.8,261,8,0,28.51,0.0,0,0,0,38.8,43.3,45.9,0.19,0.16,0.16
COLD,2019-11-08 01:30:00 EST,43.26127,-74.97878,1422,19.4,20.1,13.5,93.4,17.8,0.000,0.000,0.00,0.000,3.7,5.6,0.6,258,7,4.0,6.9,0.7,258,7,4.0,6.9,0.7,258,7,0,28.51,0.1,0,0,0,38.8,43.3,45.9,0.19,0.16,0.16
COLD,2019-11-08 01:35:00 EST,43.26127,-74.97878,1422,19.3,20.0,14.3,93.5,17.8,0.000,0.000,0.00,0.000,3.1,4.8,0.7,267,8,3.4,5.9,0.8,267,8,3.4,5.9,0.8,267,8,0,28.51,0.1,0,0,0,38.8,43.3,45.9,0.19,0.16,0.16
COLD,2019-11-08 01:40:00 EST,43.26127,-74.97878,1422,19.3,19.9,19.3,93.4,17.7,0.000,0.000,0.00,0.000,2.3,3.1,0.3,268,7,2.6,3.4,0.3,268,8,2.6,3.4,0.3,268,8,0,28.51,-0.1,0,0,0,38.8,43.3,45.9,0.19,0.16,0.16
COLD,2019-11-08 01:45:00 EST,43.26127,-74.97878,1422,19.3,20.0,19.3,93.9,17.8,0.000,0.000,0.00,0.000,2.2,3.7,0.6,257,11,2.5,4.3,0.7,258,11,2.5,4.3,0.7,258,11,0,28.51,0.1,0,0,0,38.7,43.3,45.9,0.19,0.16,0.16
COLD,2019-11-08 01:50:00 EST,43.26127,-74.97878,1422,19.0,19.9,14.6,93.5,17.5,0.000,0.000,0.00,0.000,2.7,3.9,0.6,270,10,3.0,5.2,0.7,272,9,3.0,5.2,0.7,272,9,0,28.51,-0.2,0,0,0,38.7,43.3,45.9,0.19,0.16,0.16
COLD,2019-11-08 01:55:00 EST,43.26127,-74.97878,1422,19.2,20.0,13.5,93.2,17.5,0.000,0.000,0.00,0.000,3.5,5.2,0.7,288,12,3.8,5.4,0.8,289,11,3.8,5.4,0.8,289,11,0,28.51,0.1,0,0,0,38.7,43.3,45.9,0.19,0.16,0.16
COLD,2019-11-08 02:00:00 EST,43.26127,-74.97878,1422,19.4,20.0,13.5,92.1,17.4,0.000,0.000,0.00,0.000,3.8,5.6,0.7,300,11,3.9,5.9,0.8,301,11,3.9,5.9,0.8,301,11,0,28.51,-0.0,0,0,0,38.7,43.3,45.9,0.19,0.16,0.16
COLD,2019-11-08 02:05:00 EST,43.26127,-74.97878,1422,19.7,20.1,13.0,90.9,17.4,0.000,0.000,0.00,0.000,4.4,7.2,0.9,305,11,4.6,7.4,0.9,305,11,4.6,7.4,0.9,305,11,0,28.51,0.0,0,0,0,38.7,43.2,45.9,0.19,0.16,0.16
COLD,2019-11-08 02:10:00 EST,43.26127,-74.97878,1422,20.1,20.2,13.1,90.3,17.7,0.000,0.000,0.00,0.000,4.7,7.6,0.9,303,10,5.0,7.7,0.9,303,10,5.0,7.7,0.9,303,10,0,28.51,0.0,0,0,0,38.7,43.2,45.9,0.19,0.16,0.16
COLD,2019-11-08 02:15:00 EST,43.26127,-74.97878,1422,20.3,20.3,14.3,89.8,17.8,0.000,0.000,0.00,0.000,3.9,5.8,0.8,302,12,4.2,6.6,0.8,302,11,4.2,6.6,0.8,302,11,0,28.51,0.1,0,0,0,38.7,43.2,45.9,0.19,0.16,0.16
COLD,2019-11-08 02:20:00 EST,43.26127,-74.97878,1422,20.4,20.3,15.0,89.4,17.7,0.000,0.000,0.00,0.000,3.7,5.5,0.7,313,10,3.8,5.8,0.8,313,9,3.8,5.8,0.8,313,9,0,28.51,0.1,0,0,0,38.6,43.2,45.9,0.19,0.16,0.16
COLD,2019-11-08 02:25:00 EST,43.26127,-74.97878,1422,20.3,20.3,15.3,88.9,17.6,0.000,0.000,0.00,0.000,3.2,7.0,1.1,317,15,3.5,7.0,1.1,319,16,3.5,7.0,1.1,319,16,0,28.51,0.1,0,0,0,38.5,43.2,45.8,0.19,0.16,0.16
COLD,2019-11-08 02:30:00 EST,43.26127,-74.97878,1422,20.3,20.3,13.9,88.8,17.6,0.000,0.000,0.00,0.000,4.3,6.9,0.9,314,11,4.6,6.6,0.9,315,10,4.6,6.6,0.9,315,10,0,28.51,0.0,0,0,0,38.5,43.2,45.8,0.19,0.16,0.16
COLD,2019-11-08 02:35:00 EST,43.26127,-74.97878,1422,20.2,20.2,14.0,89.1,17.5,0.000,0.000,0.00,0.000,4.1,6.4,0.7,313,12,4.4,6.5,0.8,314,12,4.4,6.5,0.8,314,12,0,28.50,0.1,0,0,0,38.5,43.2,45.7,0.19,0.16,0.16
COLD,2019-11-08 02:40:00 EST,43.26127,-74.97878,1422,20.3,20.3,14.0,88.1,17.4,0.000,0.000,0.00,0.000,4.1,7.6,1.1,320,12,4.4,7.6,1.2,320,12,4.4,7.6,1.2,320,12,0,28.51,0.1,0,0,0,38.5,43.2,45.8,0.19,0.16,0.16
COLD,2019-11-08 02:45:00 EST,43.26127,-74.97878,1422,20.2,20.2,13.8,87.2,17.0,0.000,0.000,0.00,0.000,4.3,6.1,0.8,306,12,4.5,6.1,0.8,307,11,4.5,6.1,0.8,307,11,0,28.51,-0.0,0,0,0,38.5,43.2,45.8,0.19,0.16,0.16
COLD,2019-11-08 02:50:00 EST,43.26127,-74.97878,1422,19.9,20.1,14.1,86.3,16.5,0.000,0.000,0.00,0.000,3.8,5.3,0.8,309,8,4.0,5.7,0.9,309,9,4.0,5.7,0.9,309,9,0,28.51,0.0,0,0,0,38.4,43.2,45.7,0.19,0.16,0.16
COLD,2019-11-08 02:55:00 EST,43.26127,-74.97878,1422,19.6,20.0,14.5,86.6,16.2,0.000,0.000,0.00,0.000,3.3,6.0,0.9,311,9,3.5,6.9,1.0,312,10,3.5,6.9,1.0,312,10,0,28.51,0.0,0,0,0,38.3,43.2,45.7,0.19,0.16,0.16
COLD,2019-11-08 03:00:00 EST,43.26127,-74.97878,1422,19.6,20.0,12.9,86.4,16.2,0.000,0.000,0.00,0.000,4.4,6.7,0.9,314,12,4.7,6.8,0.9,313,11,4.7,6.8,0.9,313,11,0,28.51,0.0,0,0,0,38.3,43.2,45.7,0.19,0.16,0.16
COLD,2019-11-08 03:05:00 EST,43.26127,-74.97878,1422,19.5,20.0,12.6,86.1,16.0,0.000,0.000,0.00,0.000,4.5,6.7,0.8,315,10,4.7,6.9,0.9,316,10,4.7,6.9,0.9,316,10,0,28.51,0.0,0,0,0,38.3,43.2,45.8,0.19,0.16,0.16
COLD,2019-11-08 03:10:00 EST,43.26127,-74.97878,1422,19.3,19.9,12.0,85.6,15.7,0.000,0.000,0.00,0.000,4.8,6.8,0.7,312,10,5.1,7.0,0.8,313,10,5.1,7.0,0.8,313,10,0,28.51,0.1,0,0,0,38.3,43.2,45.8,0.19,0.16,0.16
COLD,2019-11-08 03:15:00 EST,43.26127,-74.97878,1422,19.3,19.9,12.2,84.9,15.5,0.000,0.000,0.00,0.000,4.8,7.1,1.0,311,8,5.0,7.5,1.1,311,8,5.0,7.5,1.1,311,8,0,28.51,0.1,0,0,0,38.3,43.2,45.7,0.19,0.16,0.16
COLD,2019-11-08 03:20:00 EST,43.26127,-74.97878,1422,19.4,19.9,11.4,84.8,15.5,0.000,0.000,0.00,0.000,5.4,8.0,1.0,304,11,5.7,8.3,1.0,304,10,5.7,8.3,1.0,304,10,0,28.51,0.1,0,0,0,38.3,43.2,45.7,0.19,0.16,0.16
COLD,2019-11-08 03:25:00 EST,43.26127,-74.97878,1422,19.3,19.7,11.7,84.9,15.6,0.000,0.000,0.00,0.000,5.1,6.8,0.8,303,13,5.5,8.1,1.0,303,12,5.5,8.1,1.0,303,12,0,28.51,0.1,0,0,0,38.3,43.2,45.7,0.19,0.16,0.16
COLD,2019-11-08 03:30:00 EST,43.26127,-74.97878,1422,19.3,19.7,12.0,84.9,15.5,0.000,0.000,0.00,0.000,4.8,7.5,1.1,307,10,5.2,7.8,1.1,308,10,5.2,7.8,1.1,308,10,0,28.51,0.1,0,0,0,38.3,43.2,45.7,0.19,0.16,0.16
COLD,2019-11-08 03:35:00 EST,43.26127,-74.97878,1422,19.2,19.5,12.1,84.7,15.4,0.000,0.000,0.00,0.000,4.7,7.5,1.1,307,9,5.0,8.1,1.1,308,9,5.0,8.1,1.1,308,9,0,28.51,0.0,0,0,0,38.2,43.2,45.7,0.19,0.16,0.16
COLD,2019-11-08 03:40:00 EST,43.26127,-74.97878,1422,19.2,19.5,10.5,84.5,15.3,0.000,0.000,0.00,0.000,6.1,10.1,1.2,306,9,6.5,10.1,1.3,304,9,6.5,10.1,1.3,304,9,0,28.51,-0.0,0,0,0,38.1,43.2,45.7,0.19,0.16,0.16
COLD,2019-11-08 03:45:00 EST,43.26127,-74.97878,1422,19.1,19.5,10.8,84.3,15.2,0.000,0.000,0.00,0.000,5.8,8.2,1.1,306,9,6.1,8.2,1.0,306,9,6.1,8.2,1.0,306,9,0,28.51,0.1,0,0,0,38.1,43.1,45.7,0.19,0.16,0.16
COLD,2019-11-08 03:50:00 EST,43.26127,-74.97878,1422,19.2,19.5,10.7,84.4,15.3,0.000,0.000,0.00,0.000,6.0,7.8,0.9,310,8,6.3,8.2,0.9,310,8,6.3,8.2,0.9,310,8,0,28.52,-0.0,0,0,0,38.1,43.1,45.7,0.19,0.16,0.16
COLD,2019-11-08 03:55:00 EST,43.26127,-74.97878,1422,19.2,19.4,10.8,83.9,15.1,0.000,0.000,0.00,0.000,5.9,8.3,0.9,311,12,6.2,8.7,0.9,311,13,6.2,8.7,0.9,311,13,0,28.51,0.0,0,0,0,38.1,43.0,45.7,0.19,0.16,0.16
COLD,2019-11-08 04:00:00 EST,43.26127,-74.97878,1422,18.9,19.3,11.1,84.3,15.0,0.000,0.000,0.00,0.000,5.2,7.1,0.9,316,12,5.6,7.6,1.0,317,12,5.6,7.6,1.0,317,12,0,28.51,0.0,0,0,0,38.1,43.0,45.7,0.19,0.16,0.16
COLD,2019-11-08 04:05:00 EST,43.26127,-74.97878,1422,18.6,19.1,12.0,84.5,14.7,0.000,0.000,0.00,0.000,4.1,6.1,1.0,320,14,4.5,6.9,1.2,321,13,4.5,6.9,1.2,321,13,0,28.51,-0.0,0,0,0,38.1,43.0,45.7,0.19,0.16,0.16
COLD,2019-11-08 04:10:00 EST,43.26127,-74.97878,1422,18.8,19.1,12.2,84.6,14.9,0.000,0.000,0.00,0.000,4.2,6.4,1.0,323,11,4.5,7.1,1.2,325,12,4.5,7.1,1.2,325,12,0,28.51,-0.0,0,0,0,38.1,43.0,45.7,0.19,0.16,0.16
COLD,2019-11-08 04:15:00 EST,43.26127,-74.97878,1422,18.3,18.9,13.1,84.8,14.5,0.000,0.000,0.00,0.000,3.2,5.3,1.1,314,13,3.5,5.9,1.2,315,12,3.5,5.9,1.2,315,12,0,28.51,0.0,0,0,0,37.9,43.0,45.7,0.19,0.16,0.16
COLD,2019-11-08 04:20:00 EST,43.26127,-74.97878,1422,18.3,18.8,12.3,85.4,14.6,0.000,0.000,0.00,0.000,3.7,4.9,0.5,320,11,3.9,5.4,0.7,321,10,3.9,5.4,0.7,321,10,0,28.51,0.0,0,0,0,37.9,43.0,45.7,0.19,0.16,0.16
COLD,2019-11-08 04:25:00 EST,43.26127,-74.97878,1422,18.4,18.8,13.0,85.4,14.7,0.000,0.000,0.00,0.000,3.3,5.0,0.9,318,9,3.5,5.7,1.0,319,8,3.5,5.7,1.0,319,8,0,28.51,-0.1,0,0,0,37.9,43.0,45.7,0.19,0.16,0.16
COLD,2019-11-08 04:30:00 EST,43.26127,-74.97878,1422,18.2,18.7,11.7,85.3,14.5,0.000,0.000,0.00,0.000,3.9,5.3,0.6,328,14,4.4,6.2,0.8,328,14,4.4,6.2,0.8,328,14,0,28.51,-0.0,0,0,0,37.9,43.0,45.7,0.19,0.16,0.16
COLD,2019-11-08 04:35:00 EST,43.26127,-74.97878,1422,18.2,18.5,11.3,85.7,14.6,0.000,0.000,0.00,0.000,4.3,9.0,1.6,318,12,4.6,9.5,1.6,320,11,4.6,9.5,1.6,320,11,0,28.51,0.1,0,0,0,37.9,43.0,45.7,0.19,0.16,0.16
COLD,2019-11-08 04:40:00 EST,43.26127,-74.97878,1422,18.3,18.5,10.7,85.9,14.8,0.000,0.000,0.00,0.000,4.8,7.1,0.9,323,13,5.3,8.0,1.0,324,13,5.3,8.0,1.0,324,13,0,28.51,0.0,0,0,0,37.9,43.0,45.7,0.19,0.16,0.16
COLD,2019-11-08 04:45:00 EST,43.26127,-74.97878,1422,18.3,18.4,10.6,86.3,14.9,0.000,0.000,0.00,0.000,4.8,8.8,1.4,332,17,5.4,8.7,1.6,332,14,5.4,8.7,1.6,332,14,0,28.51,0.1,0,0,0,37.9,43.0,45.7,0.19,0.16,0.16
COLD,2019-11-08 04:50:00 EST,43.26127,-74.97878,1422,18.4,18.4,9.4,86.0,14.9,0.000,0.000,0.00,0.000,6.2,8.9,1.2,326,12,6.6,9.5,1.3,327,12,6.6,9.5,1.3,327,12,0,28.51,0.1,0,0,0,37.9,43.0,45.7,0.19,0.16,0.16
COLD,2019-11-08 04:55:00 EST,43.26127,-74.97878,1422,18.3,18.3,10.6,86.1,14.8,0.000,0.000,0.00,0.000,4.7,8.0,1.1,335,14,5.3,9.9,1.3,337,13,5.3,9.9,1.3,337,13,0,28.52,0.0,0,0,0,37.8,43.0,45.7,0.19,0.16,0.16
COLD,2019-11-08 05:00:00 EST,43.26127,-74.97878,1422,18.2,18.2,10.9,86.6,14.8,0.000,0.000,0.00,0.000,4.6,8.3,1.4,328,15,4.9,9.3,1.5,332,15,4.9,9.3,1.5,332,15,0,28.52,0.1,0,0,0,37.8,43.0,45.7,0.19,0.16,0.16
COLD,2019-11-08 05:05:00 EST,43.26127,-74.97878,1422,18.0,18.1,10.4,86.7,14.7,0.000,0.000,0.00,0.000,4.7,7.7,1.3,327,15,5.1,9.2,1.4,328,13,5.1,9.2,1.4,328,13,0,28.52,0.0,0,0,0,37.8,43.0,45.7,0.19,0.16,0.16
COLD,2019-11-08 05:10:00 EST,43.26127,-74.97878,1422,18.1,18.2,9.2,87.0,14.9,0.000,0.000,0.00,0.000,6.1,9.1,1.5,325,10,6.5,10.3,1.5,325,10,6.5,10.3,1.5,325,10,0,28.52,0.1,0,0,0,37.8,43.0,45.7,0.19,0.16,0.16
COLD,2019-11-08 05:15:00 EST,43.26127,-74.97878,1422,18.2,18.2,8.5,86.2,14.8,0.000,0.000,0.00,0.000,6.7,11.4,2.1,327,13,7.4,12.9,2.2,328,12,7.4,12.9,2.2,328,12,0,28.52,-0.0,0,0,0,37.8,42.9,45.7,0.19,0.16,0.16
COLD,2019-11-08 05:20:00 EST,43.26127,-74.97878,1422,18.4,18.4,7.1,84.4,14.5,0.000,0.000,0.00,0.000,9.0,13.7,2.3,322,12,9.6,15.0,2.4,324,11,9.6,15.0,2.4,324,11,0,28.52,0.1,0,0,0,37.8,42.9,45.7,0.19,0.16,0.16
COLD,2019-11-08 05:25:00 EST,43.26127,-74.97878,1422,18.4,18.4,8.1,83.7,14.3,0.000,0.000,0.00,0.000,7.6,13.3,1.8,328,11,8.2,14.5,2.0,329,11,8.2,14.5,2.0,329,11,0,28.52,0.1,0,0,0,37.7,42.8,45.7,0.19,0.16,0.16
COLD,2019-11-08 05:30:00 EST,43.26127,-74.97878,1422,18.4,18.4,7.0,84.0,14.4,0.000,0.000,0.00,0.000,9.1,15.1,2.6,323,14,9.7,15.5,2.4,325,13,9.7,15.5,2.4,325,13,0,28.52,0.1,0,0,0,37.6,42.8,45.7,0.19,0.16,0.16
COLD,2019-11-08 05:35:00 EST,43.26127,-74.97878,1422,18.4,18.3,7.3,84.2,14.4,0.000,0.000,0.00,0.000,8.7,14.5,1.9,325,10,9.2,14.7,1.7,327,11,9.2,14.7,1.7,327,11,0,28.52,0.0,0,0,0,37.6,42.8,45.7,0.19,0.16,0.16
COLD,2019-11-08 05:40:00 EST,43.26127,-74.97878,1422,18.2,18.2,8.1,84.6,14.3,0.000,0.000,0.00,0.000,7.2,9.8,1.4,330,13,7.9,10.7,1.5,330,12,7.9,10.7,1.5,330,12,0,28.52,0.0,0,0,0,37.6,42.8,45.7,0.19,0.16,0.16
COLD,2019-11-08 05:45:00 EST,43.26127,-74.97878,1422,18.2,18.2,7.3,85.1,14.5,0.000,0.000,0.00,0.000,8.2,12.5,1.9,333,14,8.9,13.7,1.9,334,13,8.9,13.7,1.9,334,13,0,28.52,0.1,0,0,0,37.6,42.8,45.7,0.19,0.16,0.16
COLD,2019-11-08 05:50:00 EST,43.26127,-74.97878,1422,18.0,18.0,8.0,85.8,14.5,0.000,0.000,0.00,0.000,7.1,11.8,1.7,335,15,7.8,13.3,1.8,338,12,7.8,13.3,1.8,338,12,0,28.52,0.0,0,0,0,37.6,42.8,45.7,0.19,0.16,0.16
COLD,2019-11-08 05:55:00 EST,43.26127,-74.97878,1422,18.0,18.0,7.1,86.3,14.6,0.000,0.000,0.00,0.000,7.9,12.9,1.7,338,13,9.0,14.9,1.8,342,10,9.0,14.9,1.8,342,10,0,28.52,0.0,0,0,0,37.6,42.8,45.7,0.19,0.16,0.16
COLD,2019-11-08 06:00:00 EST,43.26127,-74.97878,1422,17.8,17.8,7.5,86.7,14.5,0.000,0.000,0.00,0.000,7.3,13.6,2.2,338,17,8.1,14.9,2.4,341,12,8.1,14.9,2.4,341,12,0,28.52,0.1,0,0,0,37.6,42.8,45.7,0.19,0.16,0.16
COLD,2019-11-08 06:05:00 EST,43.26127,-74.97878,1422,17.8,17.8,6.8,87.1,14.6,0.000,0.000,0.00,0.000,7.9,11.8,1.6,345,11,9.0,12.7,1.8,347,9,9.0,12.7,1.8,347,9,0,28.52,0.1,0,0,0,37.5,42.8,45.7,0.19,0.16,0.16
COLD,2019-11-08 06:10:00 EST,43.26127,-74.97878,1422,17.7,17.6,5.4,,,0.000,0.000,0.00,0.000,9.5,15.1,1.8,351,9,10.9,17.0,2.0,352,7,10.9,17.0,2.0,352,7,0,28.53,,,,,,,,,,
COLD,2019-11-08 06:15:00 EST,43.26127,-74.97878,1422,17.6,17.5,5.6,,,0.000,0.000,0.00,0.000,9.3,14.2,1.9,348,11,10.5,15.4,2.2,349,8,10.5,15.4,2.2,349,8,0,28.53,,,,,,,,,,
COLD,2019-11-08 06:20:00 EST,43.26127,-74.97878,1422,17.5,17.4,6.1,,,0.000,0.000,0.00,0.000,8.4,12.6,1.7,346,19,9.5,13.8,2.0,347,11,9.5,13.8,2.0,347,11,0,28.53,,,,,,,,,,
COLD,2019-11-08 06:25:00 EST,43.26127,-74.97878,1422,17.5,17.4,5.0,,,0.000,0.000,0.00,0.000,10.2,15.3,2.0,337,15,11.3,15.9,2.2,340,12,11.3,15.9,2.2,340,12,0,28.54,,,,,,,,,,
COLD,2019-11-08 06:30:00 EST,43.26127,-74.97878,1422,17.5,17.4,5.4,,,0.000,0.000,0.00,0.000,9.6,13.5,1.7,337,11,10.6,16.0,2.1,339,11,10.6,16.0,2.1,339,11,1,28.54,,,,,,,,,,
COLD,2019-11-08 06:35:00 EST,43.26127,-74.97878,1422,17.4,17.4,5.8,,,0.000,0.000,0.00,0.000,9.0,13.4,1.6,338,15,9.9,15.6,1.7,339,11,9.9,15.6,1.7,339,11,1,28.55,,,,,,,,,,
COLD,2019-11-08 06:40:00 EST,43.26127,-74.97878,1422,17.4,17.3,7.1,,,0.000,0.000,0.00,0.000,7.0,12.2,1.8,338,15,7.9,12.6,1.8,338,14,7.9,12.6,1.8,338,14,4,28.55,,,,,,,,,,
COLD,2019-11-08 06:45:00 EST,43.26127,-74.97878,1422,17.3,17.3,7.8,,,0.000,0.000,0.00,0.000,6.1,10.0,1.5,332,14,7.0,11.5,1.7,333,13,7.0,11.5,1.7,333,13,6,28.55,,,,,,,,,,
COLD,2019-11-08 06:50:00 EST,43.26127,-74.97878,1422,17.3,17.3,7.0,,,0.000,0.000,0.00,0.000,7.6,11.5,1.3,324,16,8.0,14.5,1.6,327,11,8.0,14.5,1.6,327,11,8,28.55,,,,,,,,,,
COLD,2019-11-08 06:55:00 EST,43.26127,-74.97878,1422,17.5,17.5,6.6,,,0.000,0.000,0.00,0.000,8.2,11.4,1.5,324,13,8.9,12.2,1.7,326,14,8.9,12.2,1.7,326,14,12,28.56,,,,,,,,,,
COLD,2019-11-08 07:00:00 EST,43.26127,-74.97878,1422,17.6,17.5,6.9,,,0.000,0.000,0.00,0.000,8.0,11.6,1.4,327,14,8.5,12.6,1.5,329,14,8.5,12.6,1.5,329,14,16,28.56,,,,,,,,,,
COLD,2019-11-08 07:05:00 EST,43.26127,-74.97878,1422,17.6,17.6,7.4,,,0.000,0.000,0.00,0.000,7.5,12.6,2.1,317,13,7.9,13.0,2.0,318,10,7.9,13.0,2.0,318,10,20,28.56,,,,,,,,,,
COLD,2019-11-08 07:10:00 EST,43.26127,-74.97878,1422,17.8,17.7,7.2,,,0.000,0.000,0.00,0.000,8.0,13.2,1.9,319,12,8.4,13.9,1.9,322,11,8.4,13.9,1.9,322,11,22,28.56,,,,,,,,,,
COLD,2019-11-08 07:15:00 EST,43.26127,-74.97878,1422,17.8,17.7,7.0,,,0.000,0.000,0.00,0.000,8.3,11.5,1.3,314,8,8.8,12.5,1.4,316,8,8.8,12.5,1.4,316,8,25,28.57,,,,,,,,,,
COLD,2019-11-08 07:20:00 EST,43.26127,-74.97878,1422,17.9,17.8,7.3,,,0.000,0.000,0.00,0.000,8.1,11.3,1.7,314,9,8.5,11.7,1.7,314,10,8.5,11.7,1.7,314,10,28,28.57,,,,,,,,,,
COLD,2019-11-08 07:25:00 EST,43.26127,-74.97878,1422,17.9,17.9,8.6,,,0.000,0.000,0.00,0.000,6.5,9.4,1.0,311,12,6.9,10.4,1.1,312,12,6.9,10.4,1.1,312,12,31,28.57,,,,,,,,,,
COLD,2019-11-08 07:30:00 EST,43.26127,-74.97878,1422,18.1,18.1,8.6,,,0.000,0.000,0.00,0.000,6.7,9.7,1.4,306,13,7.1,11.5,1.6,305,13,7.1,11.5,1.6,305,13,33,28.57,,,,,,,,,,
COLD,2019-11-08 07:35:00 EST,43.26127,-74.97878,1422,18.3,18.2,8.0,,,0.000,0.000,0.00,0.000,7.9,12.0,2.0,307,13,8.2,12.4,2.0,307,12,8.2,12.4,2.0,307,12,38,28.58,,,,,,,,,,
COLD,2019-11-08 07:40:00 EST,43.26127,-74.97878,1422,18.5,18.4,7.1,,,0.000,0.000,0.00,0.000,9.3,13.3,2.1,304,12,9.7,14.2,2.2,303,12,9.7,14.2,2.2,303,12,46,28.58,,,,,,,,,,
COLD,2019-11-08 07:45:00 EST,43.26127,-74.97878,1422,18.6,18.6,7.6,,,0.000,0.000,0.00,0.000,9.0,11.5,1.2,311,12,9.4,12.1,1.4,311,10,9.4,12.1,1.4,311,10,56,28.58,,,,,,,,,,
COLD,2019-11-08 07:50:00 EST,43.26127,-74.97878,1422,18.9,18.8,7.2,,,0.000,0.000,0.00,0.000,10.1,15.6,2.1,307,15,10.5,15.2,2.1,308,14,10.5,15.2,2.1,308,14,75,28.58,,,,,,,,,,
COLD,2019-11-08 07:55:00 EST,43.26127,-74.97878,1422,19.1,18.9,7.8,,,0.000,0.000,0.00,0.000,9.5,14.0,2.4,314,10,9.8,14.0,2.4,315,11,9.8,14.0,2.4,315,11,68,28.59,,,,,,,,,,
COLD,2019-11-08 08:00:00 EST,43.26127,-74.97878,1422,19.2,19.0,8.3,,,0.000,0.000,0.00,0.000,8.9,13.0,1.4,313,10,9.3,13.1,1.4,313,10,9.3,13.1,1.4,313,10,86,28.59,,,,,,,,,,
COLD,2019-11-08 08:05:00 EST,43.26127,-74.97878,1422,19.4,19.2,8.7,,,0.000,0.000,0.00,0.000,8.5,13.7,1.9,299,13,9.1,14.7,1.9,300,14,9.1,14.7,1.9,300,14,89,28.59,,,,,,,,,,
COLD,2019-11-08 08:10:00 EST,43.26127,-74.97878,1422,19.5,19.3,8.3,,,0.000,0.000,0.00,0.000,9.2,12.4,1.6,303,13,9.9,14.2,1.8,302,12,9.9,14.2,1.8,302,12,89,28.59,,,,,,,,,,
COLD,2019-11-08 08:15:00 EST,43.26127,-74.97878,1422,19.8,19.5,9.7,,,0.000,0.000,0.00,0.000,7.8,12.3,1.9,304,14,8.3,13.2,1.9,303,14,8.3,13.2,1.9,303,14,135,28.59,,,,,,,,,,
COLD,2019-11-08 08:20:00 EST,43.26127,-74.97878,1422,19.9,19.7,9.3,,,0.000,0.000,0.00,0.000,8.6,14.2,2.0,300,17,9.2,14.6,2.3,300,16,9.2,14.6,2.3,300,16,181,28.59,,,,,,,,,,
COLD,2019-11-08 08:25:00 EST,43.26127,-74.97878,1422,20.2,19.9,8.7,,,0.000,0.000,0.00,0.000,10.2,17.4,2.7,316,14,10.7,17.8,2.8,318,15,10.7,17.8,2.8,318,15,211,28.59,,,,,,,,,,
COLD,2019-11-08 08:30:00 EST,43.26127,-74.97878,1422,20.2,19.9,8.0,,,0.000,0.000,0.00,0.000,11.6,17.8,3.2,313,10,11.9,18.8,3.2,313,10,11.9,18.8,3.2,313,10,126,28.59,,,,,,,,,,
COLD,2019-11-08 08:35:00 EST,43.26127,-74.97878,1422,20.5,20.2,10.7,,,0.000,0.000,0.00,0.000,7.8,12.6,1.7,315,13,8.3,12.6,1.5,315,11,8.3,12.6,1.5,315,11,104,28.59,,,,,,,,,,
COLD,2019-11-08 08:40:00 EST,43.26127,-74.97878,1422,20.7,20.3,10.1,,,0.000,0.000,0.00,0.000,8.6,12.6,1.7,318,17,9.4,13.3,1.9,319,17,9.4,13.3,1.9,319,17,112,28.60,,,,,,,,,,
COLD,2019-11-08 08:45:00 EST,43.26127,-74.97878,1422,20.8,20.3,10.5,,,0.000,0.000,0.00,0.000,8.4,14.3,2.6,313,12,9.0,15.7,2.6,313,13,9.0,15.7,2.6,313,13,113,28.60,,,,,,,,,,
COLD,2019-11-08 08:50:00 EST,43.26127,-74.97878,1422,20.8,20.4,9.8,,,0.000,0.000,0.00,0.000,9.6,14.1,2.3,307,13,10.1,15.3,2.3,307,12,10.1,15.3,2.3,307,12,122,28.60,,,,,,,,,,
COLD,2019-11-08 08:55:00 EST,43.26127,-74.97878,1422,20.9,20.5,10.3,,,0.000,0.000,0.00,0.000,9.0,13.1,1.8,312,15,9.5,14.5,1.8,311,14,9.5,14.5,1.8,311,14,76,28.60,,,,,,,,,,
COLD,2019-11-08 09:00:00 EST,43.26127,-74.97878,1422,20.9,20.5,9.6,,,0.000,0.000,0.00,0.000,10.1,15.6,2.4,307,13,10.6,16.6,2.5,306,13,10.6,16.6,2.5,306,13,89,28.60,,,,,,,,,,
COLD,2019-11-08 09:05:00 EST,43.26127,-74.97878,1422,21.0,20.5,9.8,,,0.000,0.000,0.00,0.000,9.7,15.3,3.1,312,15,10.3,15.9,3.0,314,15,10.3,15.9,3.0,314,15,102,28.60,,,,,,,,,,
COLD,2019-11-08 09:10:00 EST,43.26127,-74.97878,1422,21.0,20.6,10.1,,,0.000,0.000,0.00,0.000,9.1,13.5,1.9,328,21,10.0,15.9,2.2,330,21,10.0,15.9,2.2,330,21,118,28.60,,,,,,,,,,
COLD,2019-11-08 09:15:00 EST,43.26127,-74.97878,1422,21.1,20.7,9.0,,,0.000,0.000,0.00,0.000,11.7,16.4,2.2,321,13,12.2,18.8,2.2,323,13,12.2,18.8,2.2,323,13,170,28.60,,,,,,,,,,
COLD,2019-11-08 09:20:00 EST,43.26127,-74.97878,1422,21.0,20.6,9.0,,,0.000,0.000,0.00,0.000,11.2,21.0,3.1,338,10,12.0,21.9,3.3,340,10,12.0,21.9,3.3,340,10,106,28.60,,,,,,,,,,
COLD,2019-11-08 09:25:00 EST,43.26127,-74.97878,1422,20.9,20.5,10.1,,,0.000,0.000,0.00,0.000,9.1,13.8,1.7,322,18,9.7,14.3,1.7,322,13,9.7,14.3,1.7,322,13,134,28.61,,,,,,,,,,
COLD,2019-11-08 09:30:00 EST,43.26127,-74.97878,1422,21.0,20.6,10.5,,,0.000,0.000,0.00,0.000,8.9,16.4,2.8,323,15,9.4,17.0,2.8,325,14,9.4,17.0,2.8,325,14,143,28.61,,,,,,,,,,
COLD,2019-11-08 09:35:00 EST,43.26127,-74.97878,1422,21.1,20.7,9.6,,,0.000,0.000,0.00,0.000,10.3,15.0,2.0,326,14,11.0,16.1,2.2,328,14,11.0,16.1,2.2,328,14,127,28.61,,,,,,,,,,
COLD,2019-11-08 09:40:00 EST,43.26127,-74.97878,1422,21.2,20.8,9.5,,,0.000,0.000,0.00,0.000,10.8,15.4,2.1,316,12,11.4,17.4,2.0,317,13,11.4,17.4,2.0,317,13,164,28.61,,,,,,,,,,
COLD,2019-11-08 09:45:00 EST,43.26127,-74.97878,1422,21.2,20.9,10.2,,,0.000,0.000,0.00,0.000,9.8,16.3,2.8,318,16,10.3,15.6,2.7,319,16,10.3,15.6,2.7,319,16,222,28.61,,,,,,,,,,
COLD,2019-11-08 09:50:00 EST,43.26127,-74.97878,1422,21.5,21.1,9.0,,,0.000,0.000,0.00,0.000,12.6,17.3,1.8,317,11,13.1,18.1,2.1,319,11,13.1,18.1,2.1,319,11,312,28.61,,,,,,,,,,
COLD,2019-11-08 09:55:00 EST,43.26127,-74.97878,1422,21.7,21.3,10.0,,,0.000,0.000,0.00,0.000,10.8,15.9,2.3,332,14,11.6,16.3,2.4,334,14,11.6,16.3,2.4,334,14,373,28.61,,,,,,,,,,
COLD,2019-11-08 10:00:00 EST,43.26127,-74.97878,1422,22.0,21.5,11.4,,,0.000,0.000,0.00,0.000,9.2,15.1,2.0,298,14,10.0,18.1,2.2,297,12,10.0,18.1,2.2,297,12,221,28.61,,,,,,,,,,
COLD,2019-11-08 10:05:00 EST,43.26127,-74.97878,1422,21.6,21.1,11.5,,,0.000,0.000,0.00,0.000,8.3,14.3,2.4,298,11,8.9,17.3,2.6,298,9,8.9,17.3,2.6,298,9,183,28.62,,,,,,,,,,
COLD,2019-11-08 10:10:00 EST,43.26127,-74.97878,1422,21.5,21.0,10.1,,,0.000,0.000,0.00,0.000,10.4,16.9,2.6,321,19,11.2,16.7,2.5,323,18,11.2,16.7,2.5,323,18,126,28.62,,,,,,,,,,
COLD,2019-11-08 10:15:00 EST,43.26127,-74.97878,1422,20.8,20.5,9.1,,,0.013,0.013,0.00,0.013,10.7,14.5,1.8,331,12,11.4,15.4,1.8,332,12,11.4,15.4,1.8,332,12,84,28.62,,,,,,,,,,
COLD,2019-11-08 10:20:00 EST,43.26127,-74.97878,1422,20.6,20.2,8.7,,,0.006,0.019,0.00,0.019,10.6,15.7,1.8,336,17,11.5,15.4,1.9,338,12,11.5,15.4,1.9,338,12,100,28.62,,,,,,,,,,
COLD,2019-11-08 10:25:00 EST,43.26127,-74.97878,1422,20.6,20.2,8.7,,,0.002,0.021,0.00,0.021,10.6,14.7,2.0,330,16,11.5,15.5,2.1,331,15,11.5,15.5,2.1,331,15,110,28.62,,,,,,,,,,
COLD,2019-11-08 10:30:00 EST,43.26127,-74.97878,1422,20.6,20.3,9.7,,,0.000,0.021,0.00,0.021,9.1,15.5,2.2,331,14,9.9,15.8,2.1,333,14,9.9,15.8,2.1,333,14,136,28.62,,,,,,,,,,
COLD,2019-11-08 10:35:00 EST,43.26127,-74.97878,1422,20.9,20.5,10.0,,,0.000,0.021,0.00,0.021,9.4,15.9,2.5,325,13,10.0,15.8,2.5,326,9,10.0,15.8,2.5,326,9,179,28.62,,,,,,,,,,
COLD,2019-11-08 10:40:00 EST,43.26127,-74.97878,1422,20.9,20.7,9.4,,,0.000,0.021,0.00,0.021,10.7,16.4,2.2,325,12,11.1,17.0,2.3,325,13,11.1,17.0,2.3,325,13,191,28.62,,,,,,,,,,
COLD,2019-11-08 10:45:00 EST,43.26127,-74.97878,1422,21.3,21.1,9.0,,,0.006,0.028,0.00,0.028,11.9,18.2,2.1,315,16,12.5,18.3,2.3,317,17,12.5,18.3,2.3,317,17,290,28.62,,,,,,,,,,
COLD,2019-11-08 10:50:00 EST,43.26127,-74.97878,1422,22.0,21.7,10.8,,,0.000,0.028,0.00,0.028,10.1,17.2,3.0,315,19,10.9,17.2,2.9,316,19,10.9,17.2,2.9,316,19,420,28.62,,,,,,,,,,
COLD,2019-11-08 10:55:00 EST,43.26127,-74.97878,1422,22.7,22.3,10.3,,,0.000,0.028,0.00,0.028,12.7,19.2,3.1,311,19,13.6,20.4,3.3,310,18,13.6,20.4,3.3,310,18,504,28.62,,,,,,,,,,
COLD,2019-11-08 11:00:00 EST,43.26127,-74.97878,1422,22.2,22.0,9.4,,,0.000,0.028,0.00,0.028,13.7,18.6,2.6,323,15,14.2,19.9,2.8,324,16,14.2,19.9,2.8,324,16,345,28.62,,,,,,,,,,
COLD,2019-11-08 11:05:00 EST,43.26127,-74.97878,1422,22.3,22.1,9.1,,,0.000,0.028,0.00,0.028,14.4,20.6,2.7,330,13,15.2,23.7,3.0,333,11,15.2,23.7,3.0,333,11,474,28.63,,,,,,,,,,
COLD,2019-11-08 11:10:00 EST,43.26127,-74.97878,1422,22.4,22.2,9.2,,,0.000,0.028,0.00,0.028,14.7,21.6,3.0,325,14,15.3,22.1,2.9,327,14,15.3,22.1,2.9,327,14,457,28.62,,,,,,,,,,
COLD,2019-11-08 11:15:00 EST,43.26127,-74.97878,1422,22.4,22.1,9.0,,,0.000,0.028,0.00,0.015,15.0,19.9,2.4,327,14,15.7,20.9,2.6,329,13,15.7,20.9,2.6,329,13,425,28.62,,,,,,,,,,
COLD,2019-11-08 11:20:00 EST,43.26127,-74.97878,1422,22.6,22.3,10.7,,,,,0.00,,11.9,27.2,3.3,326,14,12.6,27.9,3.5,327,14,12.6,27.9,3.5,327,14,440,28.62,,,,,,,,,,
COLD,2019-11-08 11:25:00 EST,43.26127,-74.97878,1422,22.4,22.2,9.3,,,,,,,13.9,23.3,3.6,330,17,15.0,25.1,4.1,331,16,15.0,25.1,4.1,331,16,281,28.62,,,,,,,,,,
COLD,2019-11-08 11:30:00 EST,43.26127,-74.97878,1422,22.3,22.1,10.5,,,,,,,11.3,17.9,2.5,342,14,12.2,20.3,2.8,344,14,12.2,20.3,2.8,344,14,278,28.62,,,,,,,,,,
COLD,2019-11-08 11:35:00 EST,43.26127,-74.97878,1422,22.6,22.2,10.6,,,,,,,11.7,16.5,2.3,338,15,12.6,19.2,2.6,339,13,12.6,19.2,2.6,339,13,406,28.62,,,,,,,,,,
COLD,2019-11-08 11:40:00 EST,43.26127,-74.97878,1422,22.6,22.2,11.9,,,,,,,9.3,13.3,2.4,335,20,10.3,14.7,2.3,337,17,10.3,14.7,2.3,337,17,386,28.62,,,,,,,,,,
COLD,2019-11-08 11:45:00 EST,43.26127,-74.97878,1422,23.2,22.9,10.6,,,,0.028,,0.000,13.6,20.1,3.2,312,21,14.4,20.8,3.2,313,22,14.4,20.8,3.2,313,22,475,28.62,,,,,,,,,,
COLD,2019-11-08 11:50:00 EST,43.26127,-74.97878,1422,23.5,23.1,12.7,,,0.000,0.028,,0.000,10.0,17.0,3.1,335,21,10.9,18.7,3.4,337,17,10.9,18.7,3.4,337,17,371,28.62,,,,,,,,,,
COLD,2019-11-08 11:55:00 EST,43.26127,-74.97878,1422,22.5,22.2,10.4,,,0.000,0.028,,0.000,11.9,16.9,2.1,346,13,13.0,17.9,2.3,347,10,13.0,17.9,2.3,347,10,162,28.62,,,,,,,,,,
COLD,2019-11-08 12:00:00 EST,43.26127,-74.97878,1422,22.4,22.1,10.6,,,0.000,0.028,,0.000,11.0,16.9,2.6,345,13,12.2,18.4,2.8,346,11,12.2,18.4,2.8,346,11,153,28.62,0.2,,,,,,,0.18,0.16,0.16
COLD,2019-11-08 12:05:00 EST,43.26127,-74.97878,1422,22.3,22.1,11.5,69.6,13.9,0.000,0.028,0.00,0.000,9.5,16.1,2.3,334,15,10.4,17.2,2.6,335,15,10.4,17.2,2.6,335,15,122,28.62,0.2,0,0,0,36.5,41.9,45.1,0.18,0.16,0.16
COLD,2019-11-08 12:10:00 EST,43.26127,-74.97878,1422,22.3,22.1,10.6,67.8,13.3,0.000,0.028,0.00,0.000,11.2,17.1,2.6,339,15,12.0,18.7,2.9,340,11,12.0,18.7,2.9,340,11,169,28.62,0.2,0,0,0,36.5,41.9,45.1,0.18,0.16,0.16
COLD,2019-11-08 12:15:00 EST,43.26127,-74.97878,1422,22.4,22.2,11.7,67.3,13.2,0.000,0.028,0.00,0.000,9.5,14.2,1.8,337,15,10.3,15.6,1.9,341,11,10.3,15.6,1.9,341,11,192,28.62,0.3,0,0,0,36.6,41.9,45.1,0.18,0.16,0.16
COLD,2019-11-08 12:20:00 EST,43.26127,-74.97878,1422,22.7,22.5,11.2,65.7,13.0,0.000,0.028,0.00,,10.9,17.1,2.8,340,17,11.8,18.7,3.1,343,10,11.8,18.7,3.1,343,10,249,28.62,0.3,0,0,0,36.7,41.9,45.1,0.18,0.16,0.16
COLD,2019-11-08 12:25:00 EST,43.26127,-74.97878,1422,22.6,22.5,10.9,65.3,12.7,0.000,0.028,0.00,,11.1,16.1,2.5,344,19,12.2,18.4,2.7,345,13,12.2,18.4,2.7,345,13,179,28.61,0.3,0,0,0,36.7,41.9,45.1,0.19,0.16,0.16
COLD,2019-11-08 12:30:00 EST,43.26127,-74.97878,1422,23.1,22.8,12.0,63.9,12.7,0.000,0.028,0.00,,10.3,15.0,2.3,343,18,11.2,16.2,2.4,344,10,11.2,16.2,2.4,344,10,484,28.61,0.4,0,0,0,36.7,41.9,45.1,0.18,0.16,0.16
COLD,2019-11-08 12:35:00 EST,43.26127,-74.97878,1422,23.7,23.2,12.2,63.6,13.1,0.000,0.028,0.00,,11.3,16.9,3.0,344,15,12.2,19.0,3.5,345,13,12.2,19.0,3.5,345,13,541,28.61,0.4,0,0,0,36.7,41.9,45.1,0.18,0.16,0.16
COLD,2019-11-08 12:40:00 EST,43.26127,-74.97878,1422,23.2,23.0,13.0,64.1,12.9,0.000,0.028,0.00,,9.2,15.9,2.1,331,14,9.7,16.0,2.0,331,13,9.7,16.0,2.0,331,13,167,28.61,0.3,0,0,0,36.7,41.9,45.1,0.19,0.16,0.16
COLD,2019-11-08 12:45:00 EST,43.26127,-74.97878,1422,22.7,22.6,11.7,64.6,12.5,0.000,0.028,0.00,0.000,10.1,17.0,2.2,336,14,10.9,20.2,2.4,337,14,10.9,20.2,2.4,337,14,109,28.62,0.3,0,0,0,36.7,41.9,45.1,0.19,0.16,0.16
COLD,2019-11-08 12:50:00 EST,43.26127,-74.97878,1422,22.9,22.8,11.8,63.8,12.5,0.000,0.028,0.00,0.000,10.6,17.0,2.5,336,13,11.2,19.5,2.7,337,12,11.2,19.5,2.7,337,12,188,28.62,0.3,0,0,0,36.7,41.9,45.1,0.19,0.16,0.16
COLD,2019-11-08 12:55:00 EST,43.26127,-74.97878,1422,23.0,22.9,12.7,62.7,12.2,0.000,0.028,0.00,0.000,9.1,12.5,1.5,333,13,9.9,14.1,1.7,335,12,9.9,14.1,1.7,335,12,169,28.62,0.3,0,0,0,36.7,41.9,45.1,0.19,0.16,0.16
COLD,2019-11-08 13:00:00 EST,43.26127,-74.97878,1422,22.8,22.7,11.0,63.1,12.1,0.000,0.028,0.00,0.000,11.7,21.6,3.4,337,15,12.5,23.0,3.4,338,13,12.5,23.0,3.4,338,13,96,28.62,0.4,0,0,0,36.7,41.9,45.1,0.19,0.16,0.16
COLD,2019-11-08 13:05:00 EST,43.26127,-74.97878,1422,22.9,22.8,10.8,62.6,12.0,0.000,0.028,0.00,0.000,12.4,17.2,2.4,323,12,12.9,19.0,2.4,324,11,12.9,19.0,2.4,324,11,149,28.61,0.4,0,0,0,36.7,41.9,45.1,0.19,0.16,0.16
COLD,2019-11-08 13:10:00 EST,43.26127,-74.97878,1422,23.6,23.3,13.0,62.1,12.5,0.000,0.028,0.00,0.000,10.0,17.8,3.0,318,14,10.5,19.3,2.9,319,15,10.5,19.3,2.9,319,15,365,28.62,0.5,0,0,0,36.7,41.9,45.1,0.19,0.16,0.16
COLD,2019-11-08 13:15:00 EST,43.26127,-74.97878,1422,23.8,23.6,11.1,61.1,12.4,0.000,0.028,0.00,0.000,14.5,19.7,2.6,302,13,15.0,21.3,2.6,303,12,15.0,21.3,2.6,303,12,310,28.62,0.4,0,0,0,36.7,41.9,45.1,0.19,0.16,0.16
COLD,2019-11-08 13:20:00 EST,43.26127,-74.97878,1422,24.6,24.1,13.6,59.8,12.6,0.000,0.028,0.00,0.000,11.0,15.3,2.1,295,14,11.6,17.3,2.4,294,14,11.6,17.3,2.4,294,14,566,28.62,0.5,0,0,0,36.7,41.9,45.1,0.19,0.16,0.16
COLD,2019-11-08 13:25:00 EST,43.26127,-74.97878,1422,25.1,24.7,13.4,57.1,12.0,0.000,0.028,0.00,0.000,12.8,18.9,2.8,295,16,13.4,19.5,2.9,294,15,13.4,19.5,2.9,294,15,574,28.61,0.4,0,0,0,36.7,41.9,45.1,0.19,0.16,0.16
COLD,2019-11-08 13:30:00 EST,43.26127,-74.97878,1422,25.0,24.7,13.7,54.5,10.9,0.000,0.028,0.00,0.000,12.1,18.1,2.5,302,15,12.7,20.1,2.6,301,14,12.7,20.1,2.6,301,14,493,28.61,0.4,0,0,0,36.7,41.9,45.1,0.19,0.16,0.16
COLD,2019-11-08 13:35:00 EST,43.26127,-74.97878,1422,25.4,25.0,14.9,55.8,11.8,0.000,0.028,0.00,0.000,10.5,17.2,2.2,306,15,11.2,18.0,2.1,305,15,11.2,18.0,2.1,305,15,503,28.61,0.3,0,0,0,36.7,41.9,45.1,0.19,0.16,0.16
COLD,2019-11-08 13:40:00 EST,43.26127,-74.97878,1422,25.4,25.0,13.4,54.0,11.0,0.000,0.028,0.00,0.000,13.3,18.7,2.3,285,13,14.3,21.0,2.7,284,11,14.3,21.0,2.7,284,11,510,28.61,0.5,0,0,0,36.7,41.9,45.1,0.19,0.16,0.16
COLD,2019-11-08 13:45:00 EST,43.26127,-74.97878,1422,25.5,25.1,13.7,54.4,11.3,0.000,0.028,0.00,0.000,13.5,22.0,3.5,308,14,14.0,22.4,3.4,308,14,14.0,22.4,3.4,308,14,430,28.61,0.4,0,0,0,36.7,41.9,45.1,0.19,0.16,0.16
COLD,2019-11-08 13:50:00 EST,43.26127,-74.97878,1422,25.6,25.3,14.5,52.8,10.7,0.000,0.028,0.00,0.000,11.9,18.3,2.8,317,15,12.4,18.4,2.9,318,16,12.4,18.4,2.9,318,16,462,28.61,0.5,0,0,0,36.7,41.9,45.1,0.19,0.16,0.16
COLD,2019-11-08 13:55:00 EST,43.26127,-74.97878,1422,25.9,25.6,14.6,50.5,10.0,0.000,0.028,0.00,0.000,12.8,18.5,2.3,311,12,13.2,19.1,2.4,310,12,13.2,19.1,2.4,310,12,468,28.61,0.5,0,0,0,36.7,41.9,45.1,0.19,0.16,0.16
COLD,2019-11-08 14:00:00 EST,43.26127,-74.97878,1422,25.8,25.5,15.2,50.5,10.0,0.000,0.028,0.00,0.000,11.0,17.0,2.3,317,17,11.6,16.4,2.3,318,16,11.6,16.4,2.3,318,16,395,28.61,0.5,0,0,0,36.7,41.8,45.1,0.19,0.16,0.16
COLD,2019-11-08 14:05:00 EST,43.26127,-74.97878,1422,25.4,25.1,14.0,52.0,10.2,0.000,0.028,0.00,0.000,12.2,20.2,3.2,333,14,12.9,21.0,3.4,336,13,12.9,21.0,3.4,336,13,255,28.61,0.4,0,0,0,36.7,41.8,45.1,0.19,0.16,0.16
COLD,2019-11-08 14:10:00 EST,43.26127,-74.97878,1422,24.9,24.6,12.9,54.2,10.6,0.000,0.028,0.00,0.000,12.9,19.1,2.3,344,20,14.0,21.1,2.5,345,13,14.0,21.1,2.5,345,13,304,28.61,0.4,0,0,0,36.7,41.7,45.1,0.19,0.16,0.16
COLD,2019-11-08 14:15:00 EST,43.26127,-74.97878,1422,24.9,24.6,13.0,54.4,10.8,0.000,0.028,0.00,0.000,12.9,19.2,3.1,346,15,13.8,21.1,3.4,347,15,13.8,21.1,3.4,347,15,305,28.61,0.4,0,0,0,36.7,41.7,45.1,0.19,0.16,0.16
COLD,2019-11-08 14:20:00 EST,43.26127,-74.97878,1422,24.6,24.3,11.9,55.8,11.0,0.000,0.028,0.00,0.000,14.6,19.7,2.5,348,16,15.6,22.1,2.6,349,9,15.6,22.1,2.6,349,9,231,28.62,0.4,0,0,0,36.7,41.7,45.1,0.19,0.16,0.16
COLD,2019-11-08 14:25:00 EST,43.26127,-74.97878,1422,24.5,24.2,12.0,56.0,11.0,0.000,0.028,0.00,0.000,13.9,20.2,2.5,348,13,15.0,20.7,2.6,349,11,15.0,20.7,2.6,349,11,219,28.62,0.4,0,0,0,36.7,41.7,45.1,0.19,0.16,0.16
COLD,2019-11-08 14:30:00 EST,43.26127,-74.97878,1422,24.2,24.0,11.9,57.4,11.3,0.000,0.028,0.00,0.000,13.2,19.3,2.0,352,21,14.3,20.9,2.0,352,10,14.3,20.9,2.0,352,10,143,28.62,0.4,0,0,0,36.7,41.7,45.1,0.19,0.16,0.16
COLD,2019-11-08 14:35:00 EST,43.26127,-74.97878,1422,23.9,23.8,11.6,57.3,11.0,0.000,0.028,0.00,0.000,13.1,20.2,3.0,354,16,14.3,21.5,3.2,355,10,14.3,21.5,3.2,355,10,95,28.62,0.4,0,0,0,36.7,41.7,45.1,0.19,0.16,0.16
COLD,2019-11-08 14:40:00 EST,43.26127,-74.97878,1422,23.8,23.7,11.9,55.2,10.0,0.000,0.028,0.00,0.000,12.6,17.9,2.4,331,12,13.0,19.2,2.7,330,12,13.0,19.2,2.7,330,12,102,28.62,0.4,0,0,0,36.7,41.7,45.1,0.19,0.16,0.16
COLD,2019-11-08 14:45:00 EST,43.26127,-74.97878,1422,23.8,23.7,11.9,56.2,10.5,0.000,0.028,0.00,0.000,12.0,20.2,2.8,332,12,13.1,21.8,2.9,333,13,13.1,21.8,2.9,333,13,110,28.63,0.4,0,0,0,36.7,41.7,45.1,0.19,0.16,0.16
COLD,2019-11-08 14:50:00 EST,43.26127,-74.97878,1422,23.7,23.6,11.6,57.1,10.7,0.000,0.028,0.00,0.000,12.7,22.4,3.7,341,11,13.5,22.7,3.9,342,11,13.5,22.7,3.9,342,11,74,28.63,0.4,0,0,0,36.7,41.7,45.1,0.18,0.16,0.16
COLD,2019-11-08 14:55:00 EST,43.26127,-74.97878,1422,23.6,23.6,12.9,57.9,10.9,0.000,0.028,0.00,0.000,9.7,14.0,1.8,336,20,10.6,15.0,2.0,338,12,10.6,15.0,2.0,338,12,69,28.63,0.4,0,0,0,36.7,41.7,45.0,0.19,0.16,0.16
COLD,2019-11-08 15:00:00 EST,43.26127,-74.97878,1422,23.5,23.5,12.0,58.6,11.1,0.000,0.028,0.00,0.000,11.1,16.4,2.8,347,15,12.1,17.6,2.9,348,11,12.1,17.6,2.9,348,11,61,28.63,0.4,0,0,0,36.7,41.7,45.1,0.18,0.16,0.16
COLD,2019-11-08 15:05:00 EST,43.26127,-74.97878,1422,23.5,23.5,12.8,59.4,11.4,0.000,0.028,0.00,0.000,9.7,15.0,1.8,343,12,10.6,17.1,2.1,343,10,10.6,17.1,2.1,343,10,66,28.63,0.4,0,0,0,36.7,41.7,45.0,0.18,0.16,0.16
COLD,2019-11-08 15:10:00 EST,43.26127,-74.97878,1422,23.4,23.4,11.7,60.4,11.7,0.000,0.028,0.00,0.000,11.6,16.4,2.2,345,14,12.5,17.8,2.3,345,11,12.5,17.8,2.3,345,11,65,28.63,0.4,0,0,0,36.7,41.7,45.0,0.19,0.16,0.16
COLD,2019-11-08 15:15:00 EST,43.26127,-74.97878,1422,23.4,23.3,12.6,61.8,12.2,0.000,0.028,0.00,0.000,10.1,15.4,2.1,332,12,10.8,16.2,2.1,334,12,10.8,16.2,2.1,334,12,119,28.63,0.4,0,0,0,36.7,41.7,45.0,0.18,0.16,0.16
COLD,2019-11-08 15:20:00 EST,43.26127,-74.97878,1422,23.6,23.6,13.1,61.8,12.4,0.000,0.028,0.00,0.000,9.7,17.0,1.9,328,17,10.5,19.9,2.1,331,17,10.5,19.9,2.1,331,17,120,28.63,0.4,0,0,0,36.7,41.7,45.0,0.18,0.16,0.16
COLD,2019-11-08 15:25:00 EST,43.26127,-74.97878,1422,23.6,23.5,12.0,60.9,12.1,0.000,0.028,0.00,0.000,11.7,17.0,2.5,341,13,12.4,17.9,2.6,341,11,12.4,17.9,2.6,341,11,130,28.63,0.4,0,0,0,36.7,41.7,45.0,0.19,0.16,0.16
COLD,2019-11-08 15:30:00 EST,43.26127,-74.97878,1422,23.5,23.5,11.1,58.8,11.2,0.000,0.028,0.00,0.000,13.0,18.9,3.1,342,12,14.0,21.2,3.5,344,10,14.0,21.2,3.5,344,10,154,28.64,0.4,0,0,0,36.7,41.7,45.0,0.19,0.16,0.16
COLD,2019-11-08 15:35:00 EST,43.26127,-74.97878,1422,23.6,23.5,13.1,59.1,11.4,0.000,0.028,0.00,0.000,9.4,15.4,2.1,338,12,10.3,17.9,2.4,342,12,10.3,17.9,2.4,342,12,148,28.64,0.4,0,0,0,36.7,41.7,45.0,0.18,0.16,0.16
COLD,2019-11-08 15:40:00 EST,43.26127,-74.97878,1422,23.6,23.5,13.2,58.9,11.3,0.000,0.028,0.00,0.000,9.3,13.2,1.7,345,11,10.2,16.2,2.0,346,10,10.2,16.2,2.0,346,10,138,28.64,0.4,0,0,0,36.7,41.7,45.0,0.18,0.16,0.16
COLD,2019-11-08 15:45:00 EST,43.26127,-74.97878,1422,23.5,23.6,13.9,59.3,11.4,0.000,0.028,0.00,0.000,8.1,11.8,1.8,339,18,8.9,12.8,2.0,341,13,8.9,12.8,2.0,341,13,131,28.64,0.4,0,0,0,36.7,41.7,45.0,0.18,0.16,0.16
COLD,2019-11-08 15:50:00 EST,43.26127,-74.97878,1422,23.7,23.7,16.0,59.6,11.7,0.000,0.028,0.00,0.000,5.8,10.4,1.7,334,15,6.4,12.2,1.8,336,16,6.4,12.2,1.8,336,16,135,28.64,0.4,0,0,0,36.7,41.7,45.0,0.18,0.16,0.16
COLD,2019-11-08 15:55:00 EST,43.26127,-74.97878,1422,24.1,24.0,14.5,58.6,11.7,0.000,0.028,0.00,0.000,8.5,12.3,2.0,324,16,9.1,14.3,2.0,324,16,9.1,14.3,2.0,324,16,137,28.64,0.4,0,0,0,36.7,41.7,45.0,0.18,0.16,0.16
COLD,2019-11-08 16:00:00 EST,43.26127,-74.97878,1422,24.4,24.2,14.2,57.6,11.6,0.000,0.028,0.00,0.000,9.6,15.7,2.4,320,13,10.2,16.2,2.4,321,13,10.2,16.2,2.4,321,13,120,28.64,0.4,0,0,0,36.7,41.6,45.0,0.18,0.16,0.16
COLD,2019-11-08 16:05:00 EST,43.26127,-74.97878,1422,24.2,24.1,13.5,59.0,11.9,0.000,0.028,0.00,0.000,10.3,14.8,1.8,330,15,10.9,15.0,2.1,332,13,10.9,15.0,2.1,332,13,71,28.64,0.4,0,0,0,36.7,41.6,45.0,0.19,0.16,0.16
COLD,2019-11-08 16:10:00 EST,43.26127,-74.97878,1422,23.5,23.5,11.9,61.4,12.2,0.000,0.028,0.00,0.000,11.3,18.2,2.6,349,14,12.5,20.6,2.8,350,10,12.5,20.6,2.8,350,10,48,28.64,0.4,0,0,0,36.7,41.6,45.0,0.18,0.16,0.16
COLD,2019-11-08 16:15:00 EST,43.26127,-74.97878,1422,23.2,23.1,11.0,62.3,12.2,0.000,0.028,0.00,0.000,12.2,17.5,2.1,348,9,13.3,18.5,2.3,350,8,13.3,18.5,2.3,350,8,37,28.64,0.4,0,0,0,36.7,41.5,45.0,0.19,0.16,0.16
COLD,2019-11-08 16:20:00 EST,43.26127,-74.97878,1422,23.1,23.1,12.4,63.1,12.4,0.000,0.028,0.00,0.000,9.5,15.6,2.1,338,13,10.4,17.4,2.4,341,13,10.4,17.4,2.4,341,13,25,28.65,0.4,0,0,0,36.7,41.5,45.0,0.18,0.16,0.16
COLD,2019-11-08 16:25:00 EST,43.26127,-74.97878,1422,22.9,22.9,12.3,64.0,12.5,0.000,0.028,0.00,0.000,9.2,16.3,2.4,346,12,10.1,17.1,2.6,348,11,10.1,17.1,2.6,348,11,17,28.65,0.4,0,0,0,36.8,41.5,45.0,0.18,0.16,0.16
COLD,2019-11-08 16:30:00 EST,43.26127,-74.97878,1422,22.6,22.7,12.6,64.7,12.5,0.000,0.028,0.00,0.000,8.4,14.0,1.8,341,13,9.3,15.4,1.8,343,11,9.3,15.4,1.8,343,11,13,28.65,0.4,0,0,0,36.8,41.5,45.0,0.19,0.16,0.16
COLD,2019-11-08 16:35:00 EST,43.26127,-74.97878,1422,22.2,22.5,12.4,66.1,12.6,0.000,0.028,0.00,0.000,8.0,11.8,1.5,347,9,8.9,13.3,1.7,349,8,8.9,13.3,1.7,349,8,11,28.65,0.4,0,0,0,36.8,41.5,45.0,0.19,0.16,0.16
COLD,2019-11-08 16:40:00 EST,43.26127,-74.97878,1422,22.3,22.5,13.7,65.9,12.6,0.000,0.028,0.00,0.000,6.5,9.9,1.2,343,17,7.1,10.8,1.3,344,10,7.1,10.8,1.3,344,10,8,28.65,0.4,0,0,0,36.8,41.5,45.0,0.19,0.16,0.16
COLD,2019-11-08 16:45:00 EST,43.26127,-74.97878,1422,22.2,22.4,13.6,66.0,12.6,0.000,0.028,0.00,0.000,6.4,9.9,1.3,344,10,7.1,11.2,1.4,345,9,7.1,11.2,1.4,345,9,6,28.66,0.3,0,0,0,36.8,41.5,45.0,0.19,0.16,0.16
COLD,2019-11-08 16:50:00 EST,43.26127,-74.97878,1422,21.7,22.2,15.0,66.7,12.3,0.000,0.028,0.00,0.000,4.4,6.1,0.9,343,12,5.0,7.2,1.0,344,11,5.0,7.2,1.0,344,11,4,28.66,0.4,0,0,0,36.8,41.5,45.0,0.18,0.16,0.16
COLD,2019-11-08 16:55:00 EST,43.26127,-74.97878,1422,21.6,22.1,14.1,68.2,12.7,0.000,0.028,0.00,0.000,5.0,7.3,0.9,345,17,5.7,8.6,1.0,346,12,5.7,8.6,1.0,346,12,2,28.66,0.4,0,0,0,36.8,41.5,45.0,0.19,0.16,0.16
COLD,2019-11-08 17:00:00 EST,43.26127,-74.97878,1422,21.6,22.0,12.9,68.5,12.8,0.000,0.028,0.00,0.000,6.2,8.5,1.0,349,12,7.1,9.8,1.1,351,9,7.1,9.8,1.1,351,9,1,28.66,0.4,0,0,0,36.8,41.5,45.0,0.19,0.16,0.16
COLD,2019-11-08 17:05:00 EST,43.26127,-74.97878,1422,21.5,21.9,12.9,69.2,13.0,0.000,0.028,0.00,0.000,6.3,9.1,1.4,339,16,7.0,10.6,1.6,342,15,7.0,10.6,1.6,342,15,0,28.66,0.4,0,0,0,36.8,41.5,45.0,0.19,0.16,0.16
COLD,2019-11-08 17:10:00 EST,43.26127,-74.97878,1422,21.4,21.9,14.0,68.7,12.7,0.000,0.028,0.00,0.000,5.3,8.7,1.3,325,14,5.7,8.4,1.4,325,10,5.7,8.4,1.4,325,10,0,28.67,0.3,0,0,0,36.7,41.5,45.0,0.19,0.16,0.16
COLD,2019-11-08 17:15:00 EST,43.26127,-74.97878,1422,21.3,21.7,14.5,69.0,12.7,0.000,0.028,0.00,0.000,4.4,8.1,1.3,327,13,5.0,9.3,1.4,327,12,5.0,9.3,1.4,327,12,0,28.67,0.3,0,0,0,36.8,41.5,44.9,0.19,0.16,0.16
COLD,2019-11-08 17:20:00 EST,43.26127,-74.97878,1422,21.2,21.7,14.6,69.2,12.7,0.000,0.028,0.00,0.000,4.4,6.4,0.9,327,13,4.8,7.0,1.0,329,12,4.8,7.0,1.0,329,12,0,28.67,0.4,0,0,0,36.7,41.5,44.8,0.19,0.16,0.16
COLD,2019-11-08 17:25:00 EST,43.26127,-74.97878,1422,21.6,21.8,12.5,67.5,12.5,0.000,0.028,0.00,0.000,7.0,10.4,1.5,334,17,7.6,10.9,1.4,336,16,7.6,10.9,1.4,336,16,0,28.67,0.3,0,0,0,36.7,41.5,44.8,0.19,0.16,0.16
COLD,2019-11-08 17:30:00 EST,43.26127,-74.97878,1422,21.3,21.6,12.9,67.4,12.2,0.000,0.028,0.00,0.000,5.9,10.4,1.6,339,12,6.7,11.9,1.7,341,12,6.7,11.9,1.7,341,12,0,28.67,0.4,0,0,0,36.9,41.5,44.8,0.19,0.16,0.16
COLD,2019-11-08 17:35:00 EST,43.26127,-74.97878,1422,21.0,21.4,14.0,67.6,12.0,0.000,0.028,0.00,0.000,4.7,7.5,1.2,335,13,5.2,7.6,1.3,336,12,5.2,7.6,1.3,336,12,0,28.67,0.5,0,0,0,36.8,41.5,44.8,0.19,0.16,0.16
COLD,2019-11-08 17:40:00 EST,43.26127,-74.97878,1422,21.0,21.5,14.0,67.8,12.1,0.000,0.028,0.00,0.000,4.5,7.6,1.1,335,14,5.2,8.3,1.2,337,13,5.2,8.3,1.2,337,13,0,28.67,0.3,0,0,0,36.7,41.5,44.8,0.19,0.16,0.16
COLD,2019-11-08 17:45:00 EST,43.26127,-74.97878,1422,21.1,21.5,15.2,67.6,12.0,0.000,0.028,0.00,0.000,3.7,5.8,0.9,339,15,4.2,7.0,1.1,339,12,4.2,7.0,1.1,339,12,0,28.68,0.3,0,0,0,36.7,41.5,44.8,0.19,0.16,0.16
COLD,2019-11-08 17:50:00 EST,43.26127,-74.97878,1422,20.6,21.3,15.8,68.3,11.8,0.000,0.028,0.00,0.000,3.0,5.1,0.7,335,13,3.4,6.4,1.0,337,12,3.4,6.4,1.0,337,12,0,28.68,0.4,0,0,0,36.8,41.5,44.8,0.19,0.16,0.16
COLD,2019-11-08 17:55:00 EST,43.26127,-74.97878,1422,20.7,21.3,15.2,68.9,12.1,0.000,0.028,0.00,0.000,3.4,5.8,0.8,320,13,3.8,6.2,1.0,321,13,3.8,6.2,1.0,321,13,0,28.68,0.4,0,0,0,36.7,41.5,44.8,0.19,0.16,0.16
COLD,2019-11-08 18:00:00 EST,43.26127,-74.97878,1422,20.2,21.1,14.6,69.4,11.8,0.000,0.028,0.00,0.000,3.7,5.4,0.6,314,10,3.9,6.1,0.7,315,10,3.9,6.1,0.7,315,10,0,28.68,0.4,0,0,0,36.7,41.4,44.8,0.19,0.16,0.16
COLD,2019-11-08 18:05:00 EST,43.26127,-74.97878,1422,20.2,21.0,15.1,70.4,12.1,0.000,0.028,0.00,0.000,3.4,4.8,0.6,308,8,3.6,5.4,0.7,309,7,3.6,5.4,0.7,309,7,0,28.69,0.3,0,0,0,36.7,41.4,44.8,0.19,0.16,0.16
COLD,2019-11-08 18:10:00 EST,43.26127,-74.97878,1422,20.2,21.1,13.9,70.9,12.2,0.000,0.028,0.00,0.000,4.1,5.8,0.6,298,7,4.4,6.1,0.7,297,7,4.4,6.1,0.7,297,7,0,28.69,0.3,0,0,0,36.7,41.4,44.8,0.19,0.16,0.16
COLD,2019-11-08 18:15:00 EST,43.26127,-74.97878,1422,20.1,21.1,14.8,70.6,12.1,0.000,0.028,0.00,0.000,3.5,5.0,0.6,301,11,3.7,6.1,0.7,302,11,3.7,6.1,0.7,302,11,0,28.69,0.4,0,0,0,36.7,41.4,44.8,0.19,0.16,0.16
COLD,2019-11-08 18:20:00 EST,43.26127,-74.97878,1422,19.7,20.9,14.7,71.1,11.9,0.000,0.028,0.00,0.000,3.2,4.2,0.5,295,10,3.5,5.1,0.6,296,10,3.5,5.1,0.6,296,10,0,28.69,0.2,0,0,0,36.7,41.4,44.8,0.19,0.16,0.16
COLD,2019-11-08 18:25:00 EST,43.26127,-74.97878,1422,19.9,20.9,15.3,72.3,12.4,0.000,0.028,0.00,0.000,3.0,4.2,0.4,297,8,3.2,4.5,0.4,299,7,3.2,4.5,0.4,299,7,0,28.69,0.3,0,0,0,36.7,41.4,44.8,0.19,0.16,0.16
COLD,2019-11-08 18:30:00 EST,43.26127,-74.97878,1422,19.1,20.7,14.7,72.8,11.8,0.000,0.028,0.00,0.000,2.8,3.4,0.4,278,11,3.0,3.8,0.4,279,12,3.0,3.8,0.4,279,12,0,28.70,0.4,0,0,0,36.7,41.4,44.8,0.19,0.16,0.16
COLD,2019-11-08 18:35:00 EST,43.26127,-74.97878,1422,19.6,20.7,15.2,74.6,12.9,0.000,0.028,0.00,0.000,2.8,3.7,0.5,273,10,3.1,4.2,0.5,273,10,3.1,4.2,0.5,273,10,0,28.70,0.4,0,0,0,36.7,41.4,44.8,0.19,0.16,0.16
COLD,2019-11-08 18:40:00 EST,43.26127,-74.97878,1422,19.6,20.7,14.2,74.2,12.7,0.000,0.028,0.00,0.000,3.4,4.5,0.4,279,9,3.7,5.1,0.6,279,9,3.7,5.1,0.6,279,9,0,28.70,0.4,0,0,0,36.7,41.4,44.8,0.19,0.16,0.16
COLD,2019-11-08 18:45:00 EST,43.26127,-74.97878,1422,20.1,20.8,14.2,73.7,13.0,0.000,0.028,0.00,0.000,3.8,5.0,0.5,288,9,4.1,5.1,0.5,289,8,4.1,5.1,0.5,289,8,0,28.70,0.4,0,0,0,36.7,41.4,44.8,0.19,0.16,0.16
COLD,2019-11-08 18:50:00 EST,43.26127,-74.97878,1422,20.1,20.7,14.0,73.1,12.9,0.000,0.028,0.00,0.000,4.0,5.1,0.4,289,8,4.2,5.7,0.4,289,8,4.2,5.7,0.4,289,8,0,28.70,0.3,0,0,0,36.7,41.4,44.8,0.19,0.16,0.16
COLD,2019-11-08 18:55:00 EST,43.26127,-74.97878,1422,19.8,20.6,13.6,73.1,12.6,0.000,0.028,0.00,0.000,4.0,5.4,0.5,276,7,4.3,5.7,0.6,276,6,4.3,5.7,0.6,276,6,0,28.70,0.4,0,0,0,36.7,41.4,44.8,0.19,0.16,0.16
COLD,2019-11-08 19:00:00 EST,43.26127,-74.97878,1422,19.8,20.6,13.4,73.2,12.6,0.000,0.028,0.00,0.000,4.1,5.8,0.8,283,9,4.5,6.2,0.9,283,8,4.5,6.2,0.9,283,8,0,28.70,0.3,0,0,0,36.7,41.4,44.8,0.19,0.16,0.16
COLD,2019-11-08 19:05:00 EST,43.26127,-74.97878,1422,19.7,20.5,13.3,73.5,12.6,0.000,0.028,0.00,0.000,4.1,5.9,0.6,290,7,4.4,6.4,0.7,289,7,4.4,6.4,0.7,289,7,0,28.70,0.3,0,0,0,36.7,41.4,44.8,0.19,0.16,0.16
COLD,2019-11-08 19:10:00 EST,43.26127,-74.97878,1422,19.5,20.4,13.6,73.6,12.5,0.000,0.028,0.00,0.000,3.8,5.0,0.5,287,8,4.0,5.6,0.6,287,8,4.0,5.6,0.6,287,8,0,28.70,0.4,0,0,0,36.7,41.4,44.8,0.19,0.16,0.16
COLD,2019-11-08 19:15:00 EST,43.26127,-74.97878,1422,19.3,20.4,13.4,73.8,12.4,0.000,0.028,0.00,0.000,3.8,5.4,0.6,287,8,4.0,5.8,0.7,287,7,4.0,5.8,0.7,287,7,0,28.70,0.3,0,0,0,36.7,41.4,44.8,0.19,0.16,0.16
COLD,2019-11-08 19:20:00 EST,43.26127,-74.97878,1422,19.4,20.4,12.6,74.0,12.4,0.000,0.028,0.00,0.000,4.4,6.9,0.9,285,8,4.7,7.3,1.0,285,8,4.7,7.3,1.0,285,8,0,28.70,0.3,0,0,0,36.7,41.4,44.8,0.18,0.16,0.16
COLD,2019-11-08 19:25:00 EST,43.26127,-74.97878,1422,19.3,20.2,13.7,73.9,12.4,0.000,0.028,0.00,0.000,3.5,4.5,0.5,290,8,3.8,4.9,0.6,290,7,3.8,4.9,0.6,290,7,0,28.70,0.3,0,0,0,36.7,41.4,44.8,0.19,0.16,0.16
COLD,2019-11-08 19:30:00 EST,43.26127,-74.97878,1422,19.1,20.1,12.9,74.4,12.3,0.000,0.028,0.00,0.000,4.0,5.2,0.6,293,10,4.2,5.8,0.7,292,10,4.2,5.8,0.7,292,10,0,28.70,0.3,0,0,0,36.7,41.4,44.8,0.18,0.16,0.16
COLD,2019-11-08 19:35:00 EST,43.26127,-74.97878,1422,19.2,20.2,11.8,74.5,12.4,0.000,0.028,0.00,0.000,4.8,7.3,0.8,286,8,5.2,9.0,0.9,286,6,5.2,9.0,0.9,286,6,0,28.70,0.4,0,0,0,36.7,41.4,44.8,0.19,0.16,0.16
COLD,2019-11-08 19:40:00 EST,43.26127,-74.97878,1422,19.3,20.1,12.1,74.5,12.5,0.000,0.028,0.00,0.000,4.7,7.7,0.8,284,9,5.1,8.8,0.9,285,8,5.1,8.8,0.9,285,8,0,28.70,0.4,0,0,0,36.7,41.4,44.8,0.18,0.16,0.16
COLD,2019-11-08 19:45:00 EST,43.26127,-74.97878,1422,19.0,19.9,12.8,74.6,12.2,0.000,0.028,0.00,0.000,3.8,5.6,0.5,286,8,4.2,5.8,0.6,286,7,4.2,5.8,0.6,286,7,0,28.70,0.3,0,0,0,36.7,41.4,44.8,0.18,0.16,0.16
COLD,2019-11-08 19:50:00 EST,43.26127,-74.97878,1422,19.2,20.0,12.8,75.4,12.7,0.000,0.028,0.00,0.000,4.0,5.8,0.5,288,8,4.4,6.1,0.6,289,7,4.4,6.1,0.6,289,7,0,28.70,0.3,0,0,0,36.7,41.4,44.8,0.18,0.16,0.16
COLD,2019-11-08 19:55:00 EST,43.26127,-74.97878,1422,19.0,20.0,12.6,74.8,12.3,0.000,0.028,0.00,0.000,4.1,5.3,0.7,286,8,4.3,6.2,0.8,286,8,4.3,6.2,0.8,286,8,0,28.70,0.3,0,0,0,36.7,41.4,44.8,0.19,0.16,0.16
COLD,2019-11-08 20:00:00 EST,43.26127,-74.97878,1422,19.1,20.0,12.9,75.5,12.6,0.000,0.028,0.00,0.000,3.8,5.5,0.8,289,10,4.1,6.2,0.9,289,8,4.1,6.2,0.9,289,8,0,28.70,0.3,0,0,0,36.7,41.4,44.7,0.18,0.16,0.16
COLD,2019-11-08 20:05:00 EST,43.26127,-74.97878,1422,19.2,20.1,12.6,75.8,12.8,0.000,0.028,0.00,0.000,4.2,5.6,0.6,291,10,4.5,5.9,0.7,291,9,4.5,5.9,0.7,291,9,0,28.70,0.3,0,0,0,36.7,41.4,44.7,0.18,0.16,0.16
COLD,2019-11-08 20:10:00 EST,43.26127,-74.97878,1422,19.1,20.0,13.1,75.3,12.6,0.000,0.028,0.00,0.000,3.8,5.4,0.7,291,9,4.1,6.3,0.8,292,9,4.1,6.3,0.8,292,9,0,28.70,0.3,0,0,0,36.6,41.4,44.7,0.18,0.16,0.16
COLD,2019-11-08 20:15:00 EST,43.26127,-74.97878,1422,19.1,20.0,12.9,76.1,12.8,0.000,0.028,0.00,0.000,3.9,6.5,0.9,297,10,4.1,7.1,0.9,298,9,4.1,7.1,0.9,298,9,0,28.70,0.3,0,0,0,36.5,41.4,44.6,0.18,0.16,0.16
COLD,2019-11-08 20:20:00 EST,43.26127,-74.97878,1422,19.0,20.1,12.5,76.1,12.7,0.000,0.028,0.00,0.000,4.1,5.4,0.5,302,8,4.4,5.9,0.6,302,7,4.4,5.9,0.6,302,7,0,28.70,0.3,0,0,0,36.5,41.4,44.6,0.18,0.16,0.16
COLD,2019-11-08 20:25:00 EST,43.26127,-74.97878,1422,18.9,20.1,12.3,76.5,12.7,0.000,0.028,0.00,0.000,4.1,5.4,0.6,296,9,4.4,5.8,0.7,295,8,4.4,5.8,0.7,295,8,0,28.70,0.4,0,0,0,36.5,41.3,44.6,0.18,0.16,0.16
COLD,2019-11-08 20:30:00 EST,43.26127,-74.97878,1422,18.3,19.8,12.6,77.0,12.3,0.000,0.028,0.00,0.000,3.4,4.6,0.5,269,15,3.7,5.0,0.5,269,15,3.7,5.0,0.5,269,15,0,28.70,0.3,0,0,0,36.5,41.3,44.6,0.18,0.16,0.16
COLD,2019-11-08 20:35:00 EST,43.26127,-74.97878,1422,18.1,19.4,12.4,79.6,12.8,0.000,0.028,0.00,0.000,3.4,4.6,0.7,256,10,3.7,5.2,0.8,256,11,3.7,5.2,0.8,256,11,0,28.71,0.4,0,0,0,36.5,41.3,44.6,0.18,0.16,0.16
COLD,2019-11-08 20:40:00 EST,43.26127,-74.97878,1422,18.6,19.4,18.6,78.9,13.2,0.000,0.028,0.00,0.000,2.5,4.1,0.7,253,16,2.8,5.3,0.7,253,16,2.8,5.3,0.7,253,16,0,28.71,0.4,0,0,0,36.5,41.2,44.6,0.18,0.16,0.16
COLD,2019-11-08 20:45:00 EST,43.26127,-74.97878,1422,18.6,19.5,18.6,78.2,12.9,0.000,0.028,0.00,0.000,2.4,3.4,0.5,244,13,2.7,4.2,0.6,243,12,2.7,4.2,0.6,243,12,0,28.71,0.3,0,0,0,36.5,41.2,44.6,0.18,0.16,0.16
COLD,2019-11-08 20:50:00 EST,43.26127,-74.97878,1422,18.7,19.5,18.7,77.8,12.9,0.000,0.028,0.00,0.000,2.0,3.9,0.5,244,14,2.2,4.4,0.7,243,15,2.2,4.4,0.7,243,15,0,28.71,0.4,0,0,0,36.5,41.2,44.6,0.19,0.16,0.16
COLD,2019-11-08 20:55:00 EST,43.26127,-74.97878,1422,18.4,19.5,18.4,77.5,12.5,0.000,0.028,0.00,0.000,1.5,2.8,0.4,229,10,1.7,3.2,0.4,226,11,1.7,3.2,0.4,226,11,0,28.71,0.0,0,0,0,36.5,41.2,44.6,0.18,0.16,0.16
COLD,2019-11-08 21:00:00 EST,43.26127,-74.97878,1422,16.2,19.3,16.2,78.2,10.6,0.000,0.028,0.00,0.000,1.4,2.0,0.4,223,12,1.6,2.3,0.3,220,14,1.6,2.3,0.3,220,14,0,28.71,0.1,0,0,0,36.5,41.2,44.6,0.18,0.16,0.16
COLD,2019-11-08 21:05:00 EST,43.26127,-74.97878,1422,14.6,18.8,14.6,83.7,10.5,0.000,0.028,0.00,0.000,0.5,1.0,0.3,185,15,1.1,1.6,0.2,177,18,1.1,1.6,0.2,177,18,0,28.71,0.4,0,0,0,36.5,41.2,44.6,0.18,0.16,0.16
COLD,2019-11-08 21:10:00 EST,43.26127,-74.97878,1422,15.9,18.3,15.9,85.8,12.4,0.000,0.028,0.00,0.000,1.2,2.0,0.4,100,12,1.8,2.6,0.4,98,15,1.8,2.6,0.4,98,15,0,28.71,0.5,0,0,0,36.5,41.2,44.6,0.18,0.16,0.16
COLD,2019-11-08 21:15:00 EST,43.26127,-74.97878,1422,16.5,18.2,16.5,85.3,12.9,0.000,0.028,0.00,0.000,2.4,2.8,0.2,91,7,2.9,3.4,0.3,89,9,2.9,3.4,0.3,89,9,0,28.71,0.4,0,0,0,36.5,41.2,44.6,0.18,0.16,0.16
COLD,2019-11-08 21:20:00 EST,43.26127,-74.97878,1422,16.6,18.7,16.6,84.2,12.7,0.000,0.028,0.00,0.000,2.1,2.6,0.2,79,7,2.7,3.3,0.3,75,9,2.7,3.3,0.3,75,9,0,28.71,0.3,0,0,0,36.5,41.2,44.6,0.18,0.16,0.16
COLD,2019-11-08 21:25:00 EST,43.26127,-74.97878,1422,15.4,18.2,15.4,82.0,10.9,0.000,0.028,0.00,0.000,1.7,2.3,0.4,105,18,2.0,3.1,0.5,104,20,2.0,3.1,0.5,104,20,0,28.71,0.1,0,0,0,36.3,41.2,44.6,0.18,0.16,0.16
COLD,2019-11-08 21:30:00 EST,43.26127,-74.97878,1422,13.3,17.0,13.3,83.1,9.1,0.000,0.028,0.00,0.000,0.9,1.2,0.2,143,17,1.3,1.6,0.2,143,17,1.3,1.6,0.2,143,17,0,28.71,0.3,0,0,0,36.3,41.2,44.6,0.18,0.16,0.16
COLD,2019-11-08 21:35:00 EST,43.26127,-74.97878,1422,15.1,17.3,15.1,89.5,12.6,0.000,0.028,0.00,0.000,0.4,1.3,0.4,132,14,1.0,1.9,0.5,137,20,1.0,1.9,0.5,137,20,0,28.71,0.2,0,0,0,36.3,41.2,44.6,0.18,0.16,0.16
COLD,2019-11-08 21:40:00 EST,43.26127,-74.97878,1422,14.0,17.4,14.0,87.0,10.9,0.000,0.028,0.00,0.000,0.2,1.1,0.3,188,0,0.9,1.6,0.4,173,20,0.9,1.6,0.4,173,20,0,28.71,0.3,0,0,0,36.3,41.2,44.6,0.18,0.16,0.16
COLD,2019-11-08 21:45:00 EST,43.26127,-74.97878,1422,14.4,18.1,14.4,88.6,11.7,0.000,0.028,0.00,0.000,0.0,0.0,0.0,0,0,0.3,1.8,0.4,211,30,0.3,1.8,0.4,211,30,0,28.71,0.2,0,0,0,36.3,41.2,44.6,0.18,0.16,0.16
COLD,2019-11-08 21:50:00 EST,43.26127,-74.97878,1422,15.1,18.0,15.1,89.6,12.5,0.000,0.028,0.00,0.000,0.4,1.2,0.4,235,20,0.8,2.1,0.7,236,29,0.8,2.1,0.7,236,29,0,28.71,0.3,0,0,0,36.3,41.2,44.6,0.18,0.16,0.16
COLD,2019-11-08 21:55:00 EST,43.26127,-74.97878,1422,15.3,18.5,15.3,88.2,12.4,0.000,0.028,0.00,0.000,1.3,2.8,0.6,259,24,1.7,3.7,0.7,258,25,1.7,3.7,0.7,258,25,0,28.71,0.3,0,0,0,36.3,41.2,44.6,0.18,0.16,0.16
COLD,2019-11-08 22:00:00 EST,43.26127,-74.97878,1422,15.5,18.3,15.5,88.7,12.8,0.000,0.028,0.00,0.000,0.6,1.2,0.4,264,23,1.1,1.9,0.4,266,24,1.1,1.9,0.4,266,24,0,28.71,0.3,0,0,0,36.3,41.2,44.6,0.18,0.16,0.16
COLD,2019-11-08 22:05:00 EST,43.26127,-74.97878,1422,15.6,18.2,15.6,88.4,12.8,0.000,0.028,0.00,0.000,0.7,1.3,0.4,275,19,1.2,1.9,0.4,274,21,1.2,1.9,0.4,274,21,0,28.71,0.1,0,0,0,36.3,41.2,44.6,0.18,0.16,0.16
COLD,2019-11-08 22:10:00 EST,43.26127,-74.97878,1422,14.6,18.0,14.6,87.3,11.5,0.000,0.028,0.00,0.000,0.8,1.6,0.4,235,18,1.3,2.0,0.4,235,20,1.3,2.0,0.4,235,20,0,28.71,0.5,0,0,0,36.3,41.2,44.6,0.18,0.16,0.16
COLD,2019-11-08 22:15:00 EST,43.26127,-74.97878,1422,16.1,18.2,16.1,90.4,13.7,0.000,0.028,0.00,0.000,1.9,2.6,0.4,211,13,2.1,3.5,0.5,209,14,2.1,3.5,0.5,209,14,0,28.71,0.3,0,0,0,36.3,41.2,44.6,0.18,0.16,0.16
COLD,2019-11-08 22:20:00 EST,43.26127,-74.97878,1422,16.0,18.4,16.0,90.3,13.7,0.000,0.028,0.00,0.000,2.1,3.2,0.5,224,12,2.3,3.8,0.6,222,12,2.3,3.8,0.6,222,12,0,28.71,0.5,0,0,0,36.3,41.2,44.6,0.18,0.16,0.16
COLD,2019-11-08 22:25:00 EST,43.26127,-74.97878,1422,17.8,18.6,17.8,92.6,16.0,0.000,0.028,0.00,0.000,2.1,3.6,0.4,222,16,2.3,3.9,0.5,219,16,2.3,3.9,0.5,219,16,0,28.71,0.4,0,0,0,36.3,41.2,44.6,0.18,0.16,0.16
COLD,2019-11-08 22:30:00 EST,43.26127,-74.97878,1422,18.1,18.6,18.1,90.7,15.9,0.000,0.028,0.00,0.000,1.8,3.4,0.6,215,8,2.0,3.3,0.5,214,10,2.0,3.3,0.5,214,10,0,28.71,0.5,0,0,0,36.2,41.2,44.6,0.18,0.16,0.16
COLD,2019-11-08 22:35:00 EST,43.26127,-74.97878,1422,18.5,18.6,18.5,89.7,15.9,0.000,0.028,0.00,0.000,2.2,2.8,0.4,212,8,2.3,3.2,0.4,211,9,2.3,3.2,0.4,211,9,0,28.71,0.4,0,0,0,36.1,41.2,44.5,0.18,0.16,0.16
COLD,2019-11-08 22:40:00 EST,43.26127,-74.97878,1422,18.4,18.7,18.4,88.8,15.7,0.000,0.028,0.00,0.000,2.4,3.0,0.3,217,8,2.4,3.2,0.3,216,8,2.4,3.2,0.3,216,8,0,28.71,0.4,0,0,0,36.1,41.2,44.5,0.18,0.16,0.16
COLD,2019-11-08 22:45:00 EST,43.26127,-74.97878,1422,18.4,18.7,18.4,88.7,15.6,0.000,0.028,0.00,0.000,2.0,2.8,0.3,215,10,2.0,2.8,0.3,213,10,2.0,2.8,0.3,213,10,0,28.71,0.4,0,0,0,36.1,41.2,44.5,0.18,0.16,0.16
COLD,2019-11-08 22:50:00 EST,43.26127,-74.97878,1422,18.4,18.7,18.4,89.5,15.8,0.000,0.028,0.00,0.000,2.2,3.3,0.5,208,16,2.4,3.7,0.5,205,16,2.4,3.7,0.5,205,16,0,28.71,0.4,0,0,0,36.1,41.1,44.4,0.18,0.16,0.16
COLD,2019-11-08 22:55:00 EST,43.26127,-74.97878,1422,18.5,18.7,18.5,90.3,16.2,0.000,0.028,0.00,0.000,2.5,3.3,0.3,203,7,2.7,3.8,0.4,201,8,2.7,3.8,0.4,201,8,0,28.71,0.5,0,0,0,36.1,41.1,44.4,0.18,0.16,0.16
COLD,2019-11-08 23:00:00 EST,43.26127,-74.97878,1422,19.1,18.9,19.1,91.9,17.1,0.000,0.028,0.00,0.000,2.7,4.7,0.6,220,12,3.0,5.0,0.8,218,12,3.0,5.0,0.8,218,12,0,28.71,0.4,0,0,0,36.1,41.1,44.4,0.18,0.16,0.16
COLD,2019-11-08 23:05:00 EST,43.26127,-74.97878,1422,19.3,19.0,14.2,92.1,17.4,0.000,0.028,0.00,0.000,3.3,5.0,0.7,227,13,3.4,5.1,0.8,225,12,3.4,5.1,0.8,225,12,0,28.71,0.5,0,0,0,36.1,41.0,44.4,0.18,0.16,0.16
COLD,2019-11-08 23:10:00 EST,43.26127,-74.97878,1422,19.6,19.3,12.7,93.1,17.9,0.000,0.028,0.00,0.000,4.6,7.5,1.1,231,15,4.8,10.0,1.2,232,16,4.8,10.0,1.2,232,16,0,28.71,0.4,0,0,0,36.1,41.0,44.4,0.18,0.16,0.16
COLD,2019-11-08 23:15:00 EST,43.26127,-74.97878,1422,19.7,19.4,13.5,93.5,18.1,0.000,0.028,0.00,0.000,4.0,6.1,0.8,230,12,4.3,7.3,0.9,229,11,4.3,7.3,0.9,229,11,0,28.71,0.5,0,0,0,36.1,41.0,44.4,0.18,0.16,0.16
COLD,2019-11-08 23:20:00 EST,43.26127,-74.97878,1422,19.8,19.6,12.6,94.2,18.4,0.000,0.028,0.00,0.000,4.7,7.9,1.1,238,13,5.1,9.0,1.2,239,13,5.1,9.0,1.2,239,13,0,28.71,0.4,0,0,0,36.1,41.0,44.4,0.18,0.16,0.16
COLD,2019-11-08 23:25:00 EST,43.26127,-74.97878,1422,19.9,19.7,12.6,94.7,18.6,0.000,0.028,0.00,0.000,5.0,7.8,1.3,235,11,5.2,8.1,1.3,233,10,5.2,8.1,1.3,233,10,0,28.71,0.4,0,0,0,36.1,41.0,44.4,0.18,0.16,0.16
COLD,2019-11-08 23:30:00 EST,43.26127,-74.97878,1422,19.9,19.7,12.8,94.9,18.7,0.000,0.028,0.00,0.000,4.6,6.8,1.1,253,13,5.1,7.6,1.2,253,13,5.1,7.6,1.2,253,13,0,28.71,0.4,0,0,0,36.1,41.0,44.4,0.18,0.16,0.16
COLD,2019-11-08 23:35:00 EST,43.26127,-74.97878,1422,19.9,19.8,12.4,95.2,18.8,0.000,0.028,0.00,0.000,4.9,7.5,1.2,248,12,5.4,8.9,1.3,249,13,5.4,8.9,1.3,249,13,0,28.71,0.4,0,0,0,36.1,41.0,44.4,0.18,0.16,0.16
COLD,2019-11-08 23:40:00 EST,43.26127,-74.97878,1422,20.0,19.8,13.4,95.4,18.9,0.000,0.028,0.00,0.000,4.1,7.7,1.4,253,11,4.6,8.7,1.5,253,11,4.6,8.7,1.5,253,11,0,28.71,0.4,0,0,0,36.0,41.0,44.4,0.18,0.16,0.16
COLD,2019-11-08 23:45:00 EST,43.26127,-74.97878,1422,20.0,19.9,11.6,95.5,18.9,0.000,0.028,0.00,0.000,5.7,8.3,1.3,252,11,6.3,9.1,1.4,252,13,6.3,9.1,1.4,252,13,0,28.71,0.4,0,0,0,36.0,41.0,44.4,0.18,0.16,0.16
COLD,2019-11-08 23:50:00 EST,43.26127,-74.97878,1422,19.9,19.9,14.0,95.3,18.8,0.000,0.028,0.00,0.000,3.7,5.9,0.9,265,15,4.1,6.5,1.0,265,15,4.1,6.5,1.0,265,15,0,28.71,0.4,0,0,0,36.0,41.0,44.4,0.18,0.16,0.16
COLD,2019-11-08 23:55:00 EST,43.26127,-74.97878,1422,19.8,19.8,15.2,95.1,18.7,0.000,0.028,0.00,0.000,2.9,5.1,0.9,258,12,3.2,5.7,0.9,258,13,3.2,5.7,0.9,258,13,0,28.71,0.4,0,0,0,36.0,41.0,44.4,0.18,0.16,0.16
COPA,2019-11-08 00:00:00 EST,42.13659,-73.51988,685,30.7,30.9,23.4,57.5,17.5,0.000,0.443,0.00,0.000,7.1,12.3,2.1,333,19,7.9,14.9,2.3,335,18,7.9,14.9,2.3,335,18,0,29.30,-0.5,0,0,0,46.0,48.4,50.7,0.38,0.43,0.38
COPA,2019-11-08 00:05:00 EST,42.13659,-73.51988,685,30.5,30.7,22.4,58.7,17.7,0.000,0.000,0.00,0.000,8.1,13.2,2.2,327,14,8.9,15.5,2.3,329,15,8.9,15.5,2.3,329,15,0,29.30,-0.4,0,0,0,46.0,48.4,50.7,0.38,0.44,0.38
COPA,2019-11-08 00:10:00 EST,42.13659,-73.51988,685,30.1,30.4,23.0,61.6,18.4,0.000,0.000,0.00,0.000,6.3,12.7,2.6,323,16,7.2,13.8,2.6,323,18,7.2,13.8,2.6,323,18,0,29.29,-0.4,0,0,0,46.0,48.4,50.7,0.38,0.43,0.38
COPA,2019-11-08 00:15:00 EST,42.13659,-73.51988,685,30.0,30.3,23.2,60.0,17.8,0.000,0.000,0.00,0.000,6.1,12.5,2.1,334,20,6.9,13.3,2.1,337,16,6.9,13.3,2.1,337,16,0,29.30,-0.4,0,0,0,46.0,48.4,50.7,0.38,0.43,0.38
COPA,2019-11-08 00:20:00 EST,42.13659,-73.51988,685,30.0,30.2,23.6,59.6,17.6,0.000,0.000,0.00,0.000,5.6,10.3,1.6,339,22,6.2,10.3,1.6,339,20,6.2,10.3,1.6,339,20,0,29.30,-0.4,0,0,0,46.0,48.4,50.7,0.38,0.43,0.38
COPA,2019-11-08 00:25:00 EST,42.13659,-73.51988,685,30.0,30.2,21.9,58.7,17.3,0.000,0.000,0.00,0.000,7.9,14.3,1.8,345,19,8.8,15.8,2.1,344,17,8.8,15.8,2.1,344,17,0,29.30,-0.4,0,0,0,46.0,48.4,50.7,0.38,0.43,0.38
COPA,2019-11-08 00:30:00 EST,42.13659,-73.51988,685,29.7,29.9,23.2,61.4,18.0,0.000,0.000,0.00,0.000,5.6,9.4,1.6,334,21,6.4,10.5,1.7,335,19,6.4,10.5,1.7,335,19,0,29.29,-0.4,0,0,0,46.0,48.4,50.7,0.38,0.43,0.38
COPA,2019-11-08 00:35:00 EST,42.13659,-73.51988,685,29.6,29.8,22.6,61.5,18.0,0.000,0.000,0.00,0.000,6.2,11.4,2.1,339,21,6.9,13.1,2.3,340,15,6.9,13.1,2.3,340,15,0,29.29,-0.4,0,0,0,46.0,48.4,50.7,0.38,0.43,0.38
COPA,2019-11-08 00:40:00 EST,42.13659,-73.51988,685,29.4,29.7,22.0,62.8,18.2,0.000,0.000,0.00,0.000,6.7,13.3,2.6,334,20,7.5,14.9,2.7,335,17,7.5,14.9,2.7,335,17,0,29.29,-0.4,0,0,0,46.0,48.4,50.7,0.38,0.43,0.38
COPA,2019-11-08 00:45:00 EST,42.13659,-73.51988,685,29.3,29.6,21.2,62.3,18.0,0.000,0.000,0.00,0.000,7.6,12.1,2.2,330,17,8.6,14.6,2.2,332,16,8.6,14.6,2.2,332,16,0,29.29,-0.4,0,0,0,46.0,48.4,50.7,0.38,0.43,0.38
COPA,2019-11-08 00:50:00 EST,42.13659,-73.51988,685,29.2,29.4,23.0,63.4,18.3,0.000,0.000,0.00,0.000,5.3,8.8,1.4,332,18,5.9,9.5,1.4,332,16,5.9,9.5,1.4,332,16,0,29.29,-0.4,0,0,0,46.0,48.4,50.6,0.38,0.44,0.38
COPA,2019-11-08 00:55:00 EST,42.13659,-73.51988,685,29.1,29.3,20.8,64.6,18.6,0.000,0.000,0.00,0.000,7.9,16.8,3.2,332,18,8.8,17.3,3.4,332,18,8.8,17.3,3.4,332,18,0,29.29,-0.5,0,0,0,46.0,48.4,50.6,0.38,0.43,0.38
COPA,2019-11-08 01:00:00 EST,42.13659,-73.51988,685,28.7,29.1,22.5,66.7,19.1,0.000,0.000,0.00,0.000,5.1,10.0,2.0,336,22,5.9,11.9,2.2,337,21,5.9,11.9,2.2,337,21,0,29.29,-0.4,0,0,0,46.0,48.4,50.6,0.38,0.43,0.38
COPA,2019-11-08 01:05:00 EST,42.13659,-73.51988,685,28.8,29.0,21.9,67.2,19.2,0.000,0.000,0.00,0.000,5.8,13.2,2.6,337,21,6.6,14.4,2.7,337,20,6.6,14.4,2.7,337,20,0,29.29,-0.4,0,0,0,46.0,48.4,50.6,0.38,0.44,0.38
COPA,2019-11-08 01:10:00 EST,42.13659,-73.51988,685,28.6,28.9,20.8,69.6,19.9,0.000,0.000,0.00,0.000,7.1,11.0,1.5,340,17,7.9,13.7,1.9,341,15,7.9,13.7,1.9,341,15,0,29.29,-0.4,0,0,0,46.0,48.4,50.6,0.38,0.43,0.38
COPA,2019-11-08 01:15:00 EST,42.13659,-73.51988,685,28.4,28.7,21.1,71.7,20.5,0.000,0.000,0.00,0.000,6.3,10.5,1.6,342,16,7.1,12.6,1.9,343,15,7.1,12.6,1.9,343,15,0,29.29,-0.4,0,0,0,46.0,48.4,50.6,0.38,0.43,0.38
COPA,2019-11-08 01:20:00 EST,42.13659,-73.51988,685,28.3,28.5,20.5,73.3,20.9,0.000,0.000,0.00,0.000,6.9,12.0,2.4,342,13,7.8,13.8,2.5,343,12,7.8,13.8,2.5,343,12,0,29.30,-0.4,0,0,0,46.0,48.4,50.6,0.38,0.43,0.38
COPA,2019-11-08 01:25:00 EST,42.13659,-73.51988,685,28.0,28.3,21.1,75.1,21.1,0.000,0.000,0.00,0.000,5.7,9.6,1.7,343,17,6.4,10.9,1.8,343,14,6.4,10.9,1.8,343,14,0,29.30,-0.4,0,0,0,45.9,48.4,50.6,0.38,0.43,0.38
COPA,2019-11-08 01:30:00 EST,42.13659,-73.51988,685,27.9,28.3,19.1,75.4,21.2,0.000,0.000,0.00,0.000,8.6,16.3,2.4,337,20,9.4,15.4,2.5,338,15,9.4,15.4,2.5,338,15,0,29.30,-0.4,0,0,0,45.9,48.4,50.5,0.38,0.43,0.38
COPA,2019-11-08 01:35:00 EST,42.13659,-73.51988,685,27.9,28.1,21.3,74.9,20.9,0.000,0.000,0.00,0.000,5.5,9.5,1.5,330,17,6.0,10.3,1.7,329,17,6.0,10.3,1.7,329,17,0,29.29,-0.5,0,0,0,45.9,48.4,50.6,0.38,0.43,0.38
COPA,2019-11-08 01:40:00 EST,42.13659,-73.51988,685,27.5,27.8,19.3,76.4,21.0,0.000,0.000,0.00,0.000,7.1,14.0,2.3,339,23,8.1,16.1,2.7,338,20,8.1,16.1,2.7,338,20,0,29.29,-0.4,0,0,0,45.9,48.4,50.5,0.38,0.44,0.38
COPA,2019-11-08 01:45:00 EST,42.13659,-73.51988,685,27.6,27.8,18.4,74.3,20.5,0.000,0.000,0.00,0.000,8.8,15.6,2.6,337,20,9.8,17.8,2.7,337,18,9.8,17.8,2.7,337,18,0,29.30,-0.4,0,0,0,45.9,48.4,50.5,0.38,0.43,0.38
COPA,2019-11-08 01:50:00 EST,42.13659,-73.51988,685,27.4,27.6,19.5,74.7,20.4,0.000,0.000,0.00,0.000,6.8,10.6,1.8,342,20,7.6,12.3,1.9,342,15,7.6,12.3,1.9,342,15,0,29.30,-0.4,0,0,0,45.9,48.4,50.5,0.38,0.44,0.38
COPA,2019-11-08 01:55:00 EST,42.13659,-73.51988,685,27.2,27.5,20.0,74.9,20.3,0.000,0.000,0.00,0.000,5.9,9.1,1.2,343,21,6.6,10.4,1.6,345,18,6.6,10.4,1.6,345,18,0,29.30,-0.4,0,0,0,45.9,48.3,50.6,0.38,0.43,0.38
COPA,2019-11-08 02:00:00 EST,42.13659,-73.51988,685,27.0,27.4,19.0,75.7,20.4,0.000,0.000,0.00,0.000,6.8,13.2,2.4,352,23,7.7,15.9,2.7,352,15,7.7,15.9,2.7,352,15,0,29.30,-0.4,0,0,0,45.9,48.3,50.5,0.38,0.43,0.38
COPA,2019-11-08 02:05:00 EST,42.13659,-73.51988,685,26.7,27.1,20.5,76.4,20.3,0.000,0.000,0.00,0.000,4.7,8.0,1.2,349,20,5.4,9.2,1.3,349,17,5.4,9.2,1.3,349,17,0,29.29,-0.4,0,0,0,45.9,48.3,50.5,0.38,0.43,0.38
COPA,2019-11-08 02:10:00 EST,42.13659,-73.51988,685,26.7,27.1,19.1,77.1,20.5,0.000,0.000,0.00,0.000,6.1,10.9,1.8,348,15,7.0,12.2,2.0,348,14,7.0,12.2,2.0,348,14,0,29.29,-0.4,0,0,0,45.9,48.3,50.5,0.38,0.43,0.38
COPA,2019-11-08 02:15:00 EST,42.13659,-73.51988,685,26.6,27.0,19.9,77.2,20.4,0.000,0.000,0.00,0.000,5.1,7.8,1.4,350,19,5.9,9.5,1.6,349,14,5.9,9.5,1.6,349,14,0,29.30,-0.4,0,0,0,45.9,48.2,50.5,0.38,0.44,0.38
COPA,2019-11-08 02:20:00 EST,42.13659,-73.51988,685,26.6,27.0,19.6,77.2,20.4,0.000,0.000,0.00,0.000,5.5,9.4,1.4,358,15,6.2,10.7,1.6,358,13,6.2,10.7,1.6,358,13,0,29.30,-0.4,0,0,0,45.9,48.2,50.5,0.38,0.43,0.38
COPA,2019-11-08 02:25:00 EST,42.13659,-73.51988,685,26.2,26.7,19.6,78.2,20.3,0.000,0.000,0.00,0.000,5.1,8.8,1.5,8,21,5.6,10.9,1.7,6,14,5.6,10.9,1.7,6,14,0,29.30,-0.4,0,0,0,45.9,48.2,50.5,0.38,0.43,0.38
COPA,2019-11-08 02:30:00 EST,42.13659,-73.51988,685,26.3,26.8,20.2,78.7,20.6,0.000,0.000,0.00,0.000,4.6,7.5,1.2,17,19,5.2,8.5,1.3,15,19,5.2,8.5,1.3,15,19,0,29.30,-0.4,0,0,0,45.9,48.2,50.5,0.38,0.43,0.38
COPA,2019-11-08 02:35:00 EST,42.13659,-73.51988,685,26.3,26.7,19.2,78.5,20.5,0.000,0.000,0.00,0.000,5.5,8.1,1.5,16,18,6.3,9.8,1.6,14,15,6.3,9.8,1.6,14,15,0,29.29,-0.4,0,0,0,45.9,48.2,50.5,0.38,0.43,0.38
COPA,2019-11-08 02:40:00 EST,42.13659,-73.51988,685,26.2,26.6,18.5,78.1,20.3,0.000,0.000,0.00,0.000,6.3,10.0,1.6,12,18,7.1,11.8,1.8,9,15,7.1,11.8,1.8,9,15,0,29.29,-0.3,0,0,0,45.8,48.2,50.5,0.38,0.44,0.38
COPA,2019-11-08 02:45:00 EST,42.13659,-73.51988,685,26.1,26.5,20.3,78.2,20.2,0.000,0.000,0.00,0.000,4.3,7.2,1.7,13,18,4.9,8.4,1.9,12,18,4.9,8.4,1.9,12,18,0,29.29,-0.4,0,0,0,45.7,48.2,50.5,0.38,0.43,0.38
COPA,2019-11-08 02:50:00 EST,42.13659,-73.51988,685,25.7,26.3,19.0,78.7,20.0,0.000,0.000,0.00,0.000,5.1,8.7,1.5,12,14,5.6,10.4,1.7,10,15,5.6,10.4,1.7,10,15,0,29.29,-0.4,0,0,0,45.7,48.2,50.5,0.38,0.43,0.38
COPA,2019-11-08 02:55:00 EST,42.13659,-73.51988,685,25.8,26.3,20.7,78.6,20.1,0.000,0.000,0.00,0.000,3.6,7.5,1.9,358,23,4.2,8.9,2.0,356,21,4.2,8.9,2.0,356,21,0,29.29,-0.3,0,0,0,45.7,48.2,50.5,0.39,0.43,0.38
COPA,2019-11-08 03:00:00 EST,42.13659,-73.51988,685,25.8,26.1,21.3,78.8,20.1,0.000,0.000,0.00,0.000,3.1,7.1,1.4,354,24,3.7,8.3,1.5,355,23,3.7,8.3,1.5,355,23,0,29.29,-0.2,0,0,0,45.7,48.2,50.5,0.39,0.43,0.38
COPA,2019-11-08 03:05:00 EST,42.13659,-73.51988,685,25.5,26.0,21.0,78.8,19.9,0.000,0.000,0.00,0.000,3.2,4.9,0.8,11,12,3.7,5.5,0.9,9,12,3.7,5.5,0.9,9,12,0,29.29,-0.2,0,0,0,45.7,48.2,50.5,0.39,0.43,0.38
COPA,2019-11-08 03:10:00 EST,42.13659,-73.51988,685,25.3,26.0,17.7,79.6,19.9,0.000,0.000,0.00,0.000,5.7,9.4,1.8,349,16,6.7,11.5,2.2,348,13,6.7,11.5,2.2,348,13,0,29.29,-0.3,0,0,0,45.7,48.2,50.5,0.39,0.43,0.38
COPA,2019-11-08 03:15:00 EST,42.13659,-73.51988,685,25.5,25.9,18.4,78.0,19.6,0.000,0.000,0.00,0.000,5.3,9.2,1.5,358,21,6.1,10.9,1.9,357,17,6.1,10.9,1.9,357,17,0,29.29,-0.3,0,0,0,45.7,48.2,50.5,0.39,0.43,0.38
COPA,2019-11-08 03:20:00 EST,42.13659,-73.51988,685,25.2,25.7,20.1,78.4,19.4,0.000,0.000,0.00,0.000,3.6,6.7,0.7,14,20,4.1,7.8,0.8,12,14,4.1,7.8,0.8,12,14,0,29.28,-0.3,0,0,0,45.7,48.2,50.5,0.39,0.43,0.38
COPA,2019-11-08 03:25:00 EST,42.13659,-73.51988,685,25.2,25.6,18.5,79.2,19.6,0.000,0.000,0.00,0.000,5.0,8.7,1.2,12,14,5.6,9.5,1.5,11,13,5.6,9.5,1.5,11,13,0,29.28,-0.4,0,0,0,45.7,48.2,50.5,0.39,0.43,0.38
COPA,2019-11-08 03:30:00 EST,42.13659,-73.51988,685,24.8,25.5,18.1,79.3,19.3,0.000,0.000,0.00,0.000,5.0,9.1,1.7,12,16,5.6,10.5,2.0,9,14,5.6,10.5,2.0,9,14,0,29.28,-0.3,0,0,0,45.7,48.2,50.5,0.39,0.43,0.38
COPA,2019-11-08 03:35:00 EST,42.13659,-73.51988,685,25.1,25.5,18.2,79.5,19.6,0.000,0.000,0.00,0.000,5.2,9.1,1.4,13,11,5.8,10.1,1.6,11,11,5.8,10.1,1.6,11,11,0,29.28,-0.3,0,0,0,45.6,48.2,50.5,0.39,0.43,0.38
COPA,2019-11-08 03:40:00 EST,42.13659,-73.51988,685,24.8,25.4,18.8,79.1,19.3,0.000,0.000,0.00,0.000,4.1,8.8,1.5,3,15,4.9,9.4,1.7,2,12,4.9,9.4,1.7,2,12,0,29.28,-0.3,0,0,0,45.5,48.2,50.5,0.39,0.43,0.38
COPA,2019-11-08 03:45:00 EST,42.13659,-73.51988,685,24.7,25.4,17.8,79.1,19.1,0.000,0.000,0.00,0.000,4.9,7.7,1.3,3,23,5.7,10.1,1.6,2,18,5.7,10.1,1.6,2,18,0,29.29,-0.3,0,0,0,45.5,48.2,50.5,0.39,0.43,0.38
COPA,2019-11-08 03:50:00 EST,42.13659,-73.51988,685,25.0,25.4,18.3,78.3,19.1,0.000,0.000,0.00,0.000,4.9,9.4,1.2,346,20,5.5,9.8,1.5,346,17,5.5,9.8,1.5,346,17,0,29.29,-0.3,0,0,0,45.5,48.2,50.5,0.39,0.43,0.38
COPA,2019-11-08 03:55:00 EST,42.13659,-73.51988,685,25.1,25.4,18.3,77.7,19.1,0.000,0.000,0.00,0.000,4.9,8.5,1.3,350,13,5.7,10.2,1.5,350,12,5.7,10.2,1.5,350,12,0,29.29,-0.4,0,0,0,45.5,48.2,50.5,0.39,0.43,0.38
COPA,2019-11-08 04:00:00 EST,42.13659,-73.51988,685,24.8,25.2,19.6,78.2,19.0,0.000,0.000,0.00,0.000,3.6,6.2,1.1,349,17,4.1,7.0,1.2,348,16,4.1,7.0,1.2,348,16,0,29.29,-0.3,0,0,0,45.5,48.2,50.5,0.39,0.44,0.38
COPA,2019-11-08 04:05:00 EST,42.13659,-73.51988,685,24.8,25.2,19.1,78.9,19.1,0.000,0.000,0.00,0.000,3.8,8.1,1.3,352,15,4.5,12.4,1.7,351,13,4.5,12.4,1.7,351,13,0,29.29,-0.3,0,0,0,45.5,48.2,50.5,0.39,0.43,0.38
COPA,2019-11-08 04:10:00 EST,42.13659,-73.51988,685,24.7,25.2,18.8,79.2,19.1,0.000,0.000,0.00,0.000,4.0,6.4,1.1,349,16,4.7,7.7,1.3,349,15,4.7,7.7,1.3,349,15,0,29.29,-0.3,0,0,0,45.5,48.2,50.5,0.39,0.43,0.38
COPA,2019-11-08 04:15:00 EST,42.13659,-73.51988,685,24.7,25.1,19.0,79.1,19.2,0.000,0.000,0.00,0.000,3.9,7.2,1.1,339,18,4.6,8.7,1.1,340,16,4.6,8.7,1.1,340,16,0,29.30,-0.4,0,0,0,45.5,48.2,50.5,0.39,0.44,0.38
COPA,2019-11-08 04:20:00 EST,42.13659,-73.51988,685,24.7,25.0,19.8,79.3,19.2,0.000,0.000,0.00,0.000,3.3,6.1,1.0,345,17,3.8,6.4,1.2,345,16,3.8,6.4,1.2,345,16,0,29.29,-0.4,0,0,0,45.5,48.2,50.5,0.39,0.43,0.38
COPA,2019-11-08 04:25:00 EST,42.13659,-73.51988,685,24.3,24.9,20.5,79.9,19.0,0.000,0.000,0.00,0.000,2.4,4.2,0.9,350,23,3.1,5.5,1.1,349,19,3.1,5.5,1.1,349,19,0,29.29,-0.3,0,0,0,45.5,48.2,50.5,0.39,0.43,0.38
COPA,2019-11-08 04:30:00 EST,42.13659,-73.51988,685,24.2,24.7,24.2,80.7,19.1,0.000,0.000,0.00,0.000,2.4,3.9,0.6,347,17,2.9,5.0,0.9,347,17,2.9,5.0,0.9,347,17,0,29.30,-0.3,0,0,0,45.5,48.2,50.5,0.39,0.43,0.38
COPA,2019-11-08 04:35:00 EST,42.13659,-73.51988,685,24.3,24.7,24.3,80.8,19.3,0.000,0.000,0.00,0.000,2.2,4.4,0.8,341,22,2.6,4.8,1.0,341,20,2.6,4.8,1.0,341,20,0,29.30,-0.3,0,0,0,45.4,48.2,50.5,0.39,0.44,0.38
COPA,2019-11-08 04:40:00 EST,42.13659,-73.51988,685,24.2,24.6,24.2,80.9,19.1,0.000,0.000,0.00,0.000,1.9,4.7,0.8,346,22,2.5,5.1,0.8,343,21,2.5,5.1,0.8,343,21,0,29.30,-0.4,0,0,0,45.3,48.2,50.5,0.39,0.43,0.38
COPA,2019-11-08 04:45:00 EST,42.13659,-73.51988,685,24.1,24.5,24.1,81.9,19.3,0.000,0.000,0.00,0.000,2.1,3.1,0.5,4,14,2.7,3.9,0.7,2,12,2.7,3.9,0.7,2,12,0,29.30,-0.4,0,0,0,45.3,48.2,50.5,0.39,0.44,0.38
COPA,2019-11-08 04:50:00 EST,42.13659,-73.51988,685,24.1,24.4,24.1,82.5,19.6,0.000,0.000,0.00,0.000,2.1,4.1,0.6,341,24,2.6,4.8,0.9,340,25,2.6,4.8,0.9,340,25,0,29.30,-0.4,0,0,0,45.3,48.2,50.5,0.39,0.43,0.38
COPA,2019-11-08 04:55:00 EST,42.13659,-73.51988,685,23.7,24.2,23.7,82.5,19.2,0.000,0.000,0.00,0.000,1.9,3.7,0.8,341,19,2.3,4.6,1.0,340,21,2.3,4.6,1.0,340,21,0,29.30,-0.3,0,0,0,45.3,48.2,50.5,0.39,0.43,0.38
COPA,2019-11-08 05:00:00 EST,42.13659,-73.51988,685,23.9,24.3,23.9,82.6,19.4,0.000,0.000,0.00,0.000,2.0,3.1,0.4,351,20,2.4,3.5,0.5,350,22,2.4,3.5,0.5,350,22,0,29.30,-0.4,0,0,0,45.3,48.2,50.5,0.39,0.44,0.38
COPA,2019-11-08 05:05:00 EST,42.13659,-73.51988,685,23.8,24.2,23.8,82.3,19.1,0.000,0.000,0.00,0.000,1.9,3.8,0.7,334,22,2.2,4.3,0.7,336,21,2.2,4.3,0.7,336,21,0,29.30,-0.3,0,0,0,45.3,48.1,50.5,0.39,0.43,0.38
COPA,2019-11-08 05:10:00 EST,42.13659,-73.51988,685,23.8,24.2,19.5,82.2,19.1,0.000,0.000,0.00,0.000,2.7,4.8,0.9,351,22,3.3,6.4,1.1,350,18,3.3,6.4,1.1,350,18,0,29.31,-0.4,0,0,0,45.3,48.1,50.5,0.39,0.44,0.38
COPA,2019-11-08 05:15:00 EST,42.13659,-73.51988,685,23.4,24.0,23.4,82.6,18.9,0.000,0.000,0.00,0.000,2.2,4.4,0.7,352,22,2.6,6.6,1.0,350,21,2.6,6.6,1.0,350,21,0,29.30,-0.3,0,0,0,45.1,48.1,50.5,0.39,0.43,0.38
COPA,2019-11-08 05:20:00 EST,42.13659,-73.51988,685,23.4,24.0,23.4,83.2,19.1,0.000,0.000,0.00,0.000,2.2,3.9,0.6,353,18,2.8,5.3,0.8,352,19,2.8,5.3,0.8,352,19,0,29.31,-0.4,0,0,0,45.1,48.1,50.5,0.39,0.43,0.38
COPA,2019-11-08 05:25:00 EST,42.13659,-73.51988,685,23.4,23.9,23.4,83.7,19.2,0.000,0.000,0.00,0.000,2.1,3.7,0.8,344,19,2.5,4.4,0.9,343,18,2.5,4.4,0.9,343,18,0,29.31,-0.4,0,0,0,45.1,48.0,50.5,0.39,0.43,0.38
COPA,2019-11-08 05:30:00 EST,42.13659,-73.51988,685,23.3,24.0,18.8,83.8,19.1,0.000,0.000,0.00,0.000,2.9,6.2,1.6,340,22,3.4,7.1,1.6,338,21,3.4,7.1,1.6,338,21,0,29.31,-0.3,0,0,0,45.1,48.0,50.5,0.39,0.43,0.38
COPA,2019-11-08 05:35:00 EST,42.13659,-73.51988,685,23.5,24.0,19.2,83.0,19.1,0.000,0.000,0.00,0.000,2.8,5.9,1.3,338,23,3.3,7.0,1.3,339,22,3.3,7.0,1.3,339,22,0,29.31,-0.4,0,0,0,45.1,48.0,50.5,0.39,0.43,0.38
COPA,2019-11-08 05:40:00 EST,42.13659,-73.51988,685,23.4,24.1,17.3,82.6,18.9,0.000,0.000,0.00,0.000,4.2,7.5,1.3,340,23,4.7,8.6,1.6,339,19,4.7,8.6,1.6,339,19,0,29.31,-0.2,0,0,0,45.1,48.0,50.5,0.39,0.43,0.38
COPA,2019-11-08 05:45:00 EST,42.13659,-73.51988,685,23.8,24.2,17.9,81.5,18.9,0.000,0.000,0.00,0.000,4.1,6.3,1.0,341,15,4.6,8.3,1.2,342,14,4.6,8.3,1.2,342,14,0,29.31,-0.3,0,0,0,45.1,48.0,50.5,0.39,0.43,0.38
COPA,2019-11-08 05:50:00 EST,42.13659,-73.51988,685,23.8,24.1,20.0,81.1,18.9,0.000,0.000,0.00,0.000,2.8,6.1,1.2,332,19,3.0,6.0,1.3,332,20,3.0,6.0,1.3,332,20,0,29.31,-0.4,0,0,0,45.0,48.0,50.5,0.39,0.43,0.38
COPA,2019-11-08 05:55:00 EST,42.13659,-73.51988,685,23.5,24.0,19.2,81.4,18.7,0.000,0.000,0.00,0.000,2.8,5.9,1.0,347,22,3.3,9.2,1.4,348,21,3.3,9.2,1.4,348,21,0,29.32,-0.4,0,0,0,45.0,48.0,50.5,0.39,0.43,0.38
COPA,2019-11-08 06:00:00 EST,42.13659,-73.51988,685,23.4,23.8,19.5,82.1,18.7,0.000,0.000,0.00,0.000,2.3,4.0,0.8,353,19,3.0,5.3,0.9,353,15,3.0,5.3,0.9,353,15,0,29.32,-0.4,0,0,0,45.0,48.0,50.5,0.39,0.43,0.38
COPA,2019-11-08 06:05:00 EST,42.13659,-73.51988,685,23.3,23.8,23.3,83.1,18.9,0.000,0.000,0.00,0.000,2.2,3.9,0.6,357,17,2.7,4.9,0.8,357,18,2.7,4.9,0.8,357,18,0,29.32,-0.4,0,0,0,45.0,48.0,50.5,0.39,0.43,0.38
COPA,2019-11-08 06:10:00 EST,42.13659,-73.51988,685,23.2,23.6,23.2,83.7,19.0,0.000,0.000,0.00,0.000,2.2,3.7,0.7,357,21,2.6,4.9,0.9,355,17,2.6,4.9,0.9,355,17,0,29.32,-0.4,0,0,0,45.0,48.0,50.5,0.39,0.43,0.38
COPA,2019-11-08 06:15:00 EST,42.13659,-73.51988,685,23.2,23.6,23.2,84.4,19.2,0.000,0.000,0.00,0.000,2.2,3.1,0.5,0,18,2.6,4.1,0.7,358,18,2.6,4.1,0.7,358,18,0,29.32,-0.3,0,0,0,45.0,48.0,50.5,0.39,0.43,0.38
COPA,2019-11-08 06:20:00 EST,42.13659,-73.51988,685,22.8,23.5,22.8,84.8,19.0,0.000,0.000,0.00,0.000,1.8,3.0,0.5,20,14,2.3,3.9,0.6,17,14,2.3,3.9,0.6,17,14,0,29.33,-0.3,0,0,0,44.9,48.0,50.5,0.39,0.43,0.38
COPA,2019-11-08 06:25:00 EST,42.13659,-73.51988,685,22.6,23.3,22.6,85.8,19.0,0.000,0.000,0.00,0.000,2.2,3.2,0.5,37,13,2.3,3.5,0.5,35,13,2.3,3.5,0.5,35,13,0,29.33,-0.3,0,0,0,44.8,48.0,50.5,0.39,0.43,0.38
COPA,2019-11-08 06:30:00 EST,42.13659,-73.51988,685,22.5,23.6,22.5,86.1,19.0,0.000,0.000,0.00,0.000,2.4,4.3,0.6,48,18,2.6,5.1,0.7,45,19,2.6,5.1,0.7,45,19,1,29.33,-0.3,0,0,0,44.8,48.0,50.5,0.39,0.43,0.38
COPA,2019-11-08 06:35:00 EST,42.13659,-73.51988,685,22.8,23.7,18.3,86.0,19.3,0.000,0.000,0.00,0.000,3.0,5.1,0.7,30,18,3.4,6.0,0.8,28,18,3.4,6.0,0.8,28,18,3,29.33,-0.3,0,0,0,44.8,48.0,50.5,0.40,0.43,0.38
COPA,2019-11-08 06:40:00 EST,42.13659,-73.51988,685,23.3,23.8,18.0,85.6,19.7,0.000,0.000,0.00,0.000,3.7,4.7,0.5,26,11,4.1,5.8,0.6,24,11,4.1,5.8,0.6,24,11,4,29.33,-0.3,0,0,0,44.8,48.0,50.5,0.39,0.43,0.38
COPA,2019-11-08 06:45:00 EST,42.13659,-73.51988,685,23.3,23.9,17.3,84.9,19.5,0.000,0.000,0.00,0.000,4.1,7.0,0.9,17,11,4.7,8.1,1.1,16,10,4.7,8.1,1.1,16,10,8,29.33,-0.2,0,0,0,44.8,48.0,50.5,0.40,0.43,0.38
COPA,2019-11-08 06:50:00 EST,42.13659,-73.51988,685,23.7,24.0,16.9,84.1,19.6,0.000,0.000,0.00,0.000,4.7,7.7,1.0,12,10,5.4,9.1,1.3,10,9,5.4,9.1,1.3,10,9,12,29.34,-0.3,0,0,0,44.8,48.0,50.5,0.40,0.43,0.38
COPA,2019-11-08 06:55:00 EST,42.13659,-73.51988,685,23.6,23.8,19.1,83.1,19.2,0.000,0.000,0.00,0.000,2.8,5.4,1.1,4,13,3.4,5.8,1.1,3,13,3.4,5.8,1.1,3,13,15,29.34,-0.0,0,0,0,44.8,48.0,50.5,0.40,0.43,0.38
COPA,2019-11-08 07:00:00 EST,42.13659,-73.51988,685,23.4,23.7,23.4,83.5,19.1,0.000,0.000,0.00,0.000,1.7,3.9,0.6,13,16,2.1,3.7,0.6,10,16,2.1,3.7,0.6,10,16,19,29.34,-0.3,0,0,0,44.7,48.0,50.5,0.40,0.43,0.38
COPA,2019-11-08 07:05:00 EST,42.13659,-73.51988,685,23.5,23.7,23.5,83.6,19.2,0.000,0.000,0.00,0.000,2.0,4.7,0.8,348,25,2.4,5.4,0.8,352,22,2.4,5.4,0.8,352,22,19,29.34,-0.0,0,0,0,44.6,48.0,50.5,0.40,0.43,0.38
COPA,2019-11-08 07:10:00 EST,42.13659,-73.51988,685,23.5,23.8,23.5,83.1,19.2,0.000,0.000,0.00,0.000,2.1,3.7,0.9,342,29,2.5,4.8,1.1,342,27,2.5,4.8,1.1,342,27,21,29.34,-0.3,0,0,0,44.6,48.0,50.5,0.40,0.43,0.38
COPA,2019-11-08 07:15:00 EST,42.13659,-73.51988,685,23.4,23.7,19.5,82.5,18.8,0.000,0.000,0.00,0.000,2.6,4.4,0.8,351,17,3.0,5.0,1.0,350,19,3.0,5.0,1.0,350,19,24,29.34,-0.3,0,0,0,44.6,48.0,50.5,0.40,0.44,0.38
COPA,2019-11-08 07:20:00 EST,42.13659,-73.51988,685,23.3,23.7,23.3,83.0,18.9,0.000,0.000,0.00,0.000,1.9,4.5,0.8,359,19,2.2,5.3,1.1,357,21,2.2,5.3,1.1,357,21,31,29.35,-0.0,0,0,0,44.6,47.9,50.5,0.40,0.43,0.38
COPA,2019-11-08 07:25:00 EST,42.13659,-73.51988,685,23.5,23.8,19.6,82.9,19.1,0.000,0.000,0.00,0.000,2.6,4.6,0.8,333,19,3.1,6.2,1.0,334,19,3.1,6.2,1.0,334,19,32,29.35,-0.0,0,0,0,44.6,47.9,50.5,0.40,0.43,0.38
COPA,2019-11-08 07:30:00 EST,42.13659,-73.51988,685,23.2,23.5,23.2,82.8,18.7,0.000,0.000,0.00,0.000,0.7,1.7,0.5,341,39,0.9,2.1,0.6,332,35,0.9,2.1,0.6,332,35,44,29.35,-0.2,0,0,0,44.6,47.9,50.5,0.40,0.44,0.38
COPA,2019-11-08 07:35:00 EST,42.13659,-73.51988,685,23.4,23.8,23.4,83.6,19.2,0.000,0.000,0.00,0.000,0.3,1.6,0.4,53,38,0.6,1.7,0.6,22,48,0.6,1.7,0.6,22,48,42,29.35,0.5,0,0,0,44.6,47.8,50.5,0.40,0.44,0.38
COPA,2019-11-08 07:40:00 EST,42.13659,-73.51988,685,23.6,23.9,23.6,83.0,19.2,0.000,0.000,0.00,0.000,1.2,3.2,0.8,350,24,1.6,3.9,0.9,352,26,1.6,3.9,0.9,352,26,70,29.36,0.7,0,0,0,44.5,47.8,50.5,0.40,0.43,0.38
COPA,2019-11-08 07:45:00 EST,42.13659,-73.51988,685,24.1,24.2,18.8,81.4,19.2,0.000,0.000,0.00,0.000,3.7,5.9,1.1,321,17,4.1,7.1,1.3,321,17,4.1,7.1,1.3,321,17,71,29.36,0.5,0,0,0,44.4,47.8,50.5,0.40,0.44,0.38
COPA,2019-11-08 07:50:00 EST,42.13659,-73.51988,685,24.2,24.2,20.4,81.8,19.4,0.000,0.000,0.00,0.000,2.6,6.8,1.3,348,25,3.0,7.2,1.3,348,25,3.0,7.2,1.3,348,25,66,29.36,0.8,0,0,0,44.4,47.8,50.5,0.40,0.43,0.38
COPA,2019-11-08 07:55:00 EST,42.13659,-73.51988,685,24.4,24.4,19.7,80.7,19.3,0.000,0.000,0.00,0.000,3.1,7.2,2.1,355,29,3.7,8.7,2.3,357,28,3.7,8.7,2.3,357,28,48,29.36,0.7,0,0,0,44.4,47.8,50.5,0.40,0.44,0.38
COPA,2019-11-08 08:00:00 EST,42.13659,-73.51988,685,24.4,24.5,19.0,79.5,19.0,0.000,0.000,0.00,0.000,3.5,9.8,2.6,350,31,4.3,12.4,2.9,347,24,4.3,12.4,2.9,347,24,203,29.36,0.1,0,0,0,44.4,47.8,50.5,0.40,0.44,0.38
COPA,2019-11-08 08:05:00 EST,42.13659,-73.51988,685,24.9,24.9,18.8,77.7,19.0,0.000,0.000,0.00,0.000,4.2,9.4,1.9,343,24,5.0,9.1,1.8,343,23,5.0,9.1,1.8,343,23,199,29.37,0.7,0,0,0,44.4,47.8,50.5,0.40,0.44,0.38
COPA,2019-11-08 08:10:00 EST,42.13659,-73.51988,685,25.1,25.0,17.6,77.0,18.9,0.000,0.000,0.00,0.000,5.6,12.3,2.8,318,25,6.6,13.5,2.9,317,25,6.6,13.5,2.9,317,25,82,29.37,0.4,0,0,0,44.4,47.8,50.5,0.40,0.44,0.38
COPA,2019-11-08 08:15:00 EST,42.13659,-73.51988,685,25.2,25.1,14.0,72.1,17.5,0.000,0.000,0.00,0.000,11.5,20.4,3.7,322,22,12.4,21.9,4.0,321,21,12.4,21.9,4.0,321,21,77,29.37,-0.1,0,0,0,44.4,47.8,50.5,0.40,0.44,0.38
COPA,2019-11-08 08:20:00 EST,42.13659,-73.51988,685,25.2,25.1,15.8,70.2,16.8,0.000,0.000,0.00,0.000,8.5,17.1,3.6,330,24,9.2,18.0,3.6,331,21,9.2,18.0,3.6,331,21,70,29.38,-0.1,0,0,0,44.4,47.8,50.5,0.40,0.44,0.38
COPA,2019-11-08 08:25:00 EST,42.13659,-73.51988,685,25.2,25.1,14.7,68.7,16.3,0.000,0.000,0.00,0.000,10.0,17.0,2.6,331,20,10.9,19.6,2.9,332,18,10.9,19.6,2.9,332,18,67,29.38,-0.2,0,0,0,44.4,47.8,50.5,0.40,0.44,0.38
COPA,2019-11-08 08:30:00 EST,42.13659,-73.51988,685,25.1,25.0,14.1,67.2,15.7,0.000,0.000,0.00,0.000,10.8,18.6,3.6,327,23,11.9,20.7,3.6,329,21,11.9,20.7,3.6,329,21,76,29.38,-0.3,0,0,0,44.2,47.8,50.5,0.40,0.44,0.38
COPA,2019-11-08 08:35:00 EST,42.13659,-73.51988,685,25.0,25.0,16.4,68.7,16.1,0.000,0.000,0.00,0.000,6.9,16.6,3.5,316,32,7.8,18.0,3.5,316,31,7.8,18.0,3.5,316,31,169,29.38,-0.2,0,0,0,44.1,47.8,50.5,0.40,0.44,0.38
COPA,2019-11-08 08:40:00 EST,42.13659,-73.51988,685,25.4,25.2,16.7,68.5,16.5,0.000,0.000,0.00,0.000,7.2,14.8,2.7,302,35,8.1,15.7,3.1,303,35,8.1,15.7,3.1,303,35,316,29.38,-0.3,0,0,0,44.1,47.8,50.5,0.40,0.44,0.38
COPA,2019-11-08 08:45:00 EST,42.13659,-73.51988,685,25.6,25.4,16.8,67.6,16.4,0.000,0.000,0.00,0.000,7.4,14.1,2.9,319,32,8.3,14.6,2.9,318,31,8.3,14.6,2.9,318,31,311,29.38,-0.3,0,0,0,44.1,47.8,50.5,0.40,0.44,0.38
COPA,2019-11-08 08:50:00 EST,42.13659,-73.51988,685,25.8,25.5,17.2,67.7,16.6,0.000,0.000,0.00,0.000,7.1,13.5,2.6,309,22,8.1,15.7,2.9,310,22,8.1,15.7,2.9,310,22,264,29.38,-0.3,0,0,0,44.1,47.8,50.5,0.40,0.44,0.38
COPA,2019-11-08 08:55:00 EST,42.13659,-73.51988,685,25.7,25.5,15.5,67.4,16.3,0.000,0.000,0.00,0.000,9.6,16.5,2.5,312,20,10.6,17.2,2.6,310,20,10.6,17.2,2.6,310,20,226,29.38,-0.2,0,0,0,44.1,47.8,50.5,0.40,0.44,0.38
COPA,2019-11-08 09:00:00 EST,42.13659,-73.51988,685,25.8,25.5,16.0,64.8,15.6,0.000,0.000,0.00,0.000,8.8,18.8,3.4,306,26,10.0,22.2,3.8,306,27,10.0,22.2,3.8,306,27,372,29.38,-0.2,0,0,0,44.1,47.8,50.5,0.40,0.44,0.38
COPA,2019-11-08 09:05:00 EST,42.13659,-73.51988,685,26.1,25.8,16.0,65.9,16.3,0.000,0.000,0.00,0.000,9.5,21.4,4.0,294,26,10.7,21.9,4.3,294,25,10.7,21.9,4.3,294,25,335,29.37,-0.2,0,0,0,44.1,47.7,50.5,0.40,0.44,0.38
COPA,2019-11-08 09:10:00 EST,42.13659,-73.51988,685,26.2,26.0,18.9,65.0,16.1,0.000,0.000,0.00,0.000,5.9,15.0,2.9,302,23,6.6,14.5,2.9,302,20,6.6,14.5,2.9,302,20,322,29.37,-0.2,0,0,0,44.1,47.6,50.5,0.40,0.44,0.38
COPA,2019-11-08 09:15:00 EST,42.13659,-73.51988,685,26.4,26.1,17.0,64.6,16.1,0.000,0.000,0.00,0.000,8.7,17.0,3.7,323,20,9.6,20.8,3.9,324,20,9.6,20.8,3.9,324,20,223,29.38,-0.2,0,0,0,44.1,47.5,50.5,0.40,0.44,0.38
COPA,2019-11-08 09:20:00 EST,42.13659,-73.51988,685,26.5,26.2,16.1,62.1,15.3,0.000,0.000,0.00,0.000,10.4,19.5,3.7,327,31,11.5,20.0,3.6,327,30,11.5,20.0,3.6,327,30,346,29.38,-0.2,0,0,0,44.1,47.5,50.5,0.40,0.44,0.38
COPA,2019-11-08 09:25:00 EST,42.13659,-73.51988,685,26.6,26.3,18.4,63.9,16.1,0.000,0.000,0.00,0.000,6.9,15.1,2.4,350,26,7.9,19.0,2.9,348,24,7.9,19.0,2.9,348,24,254,29.38,-0.3,0,0,0,44.1,47.5,50.5,0.40,0.44,0.38
COPA,2019-11-08 09:30:00 EST,42.13659,-73.51988,685,26.3,26.0,14.8,61.3,14.8,0.000,0.000,0.00,0.000,12.5,23.1,4.0,347,20,13.8,27.1,4.4,349,14,13.8,27.1,4.4,349,14,138,29.38,-0.3,0,0,0,44.1,47.5,50.5,0.40,0.44,0.38
COPA,2019-11-08 09:35:00 EST,42.13659,-73.51988,685,25.9,25.8,14.9,61.5,14.5,0.000,0.000,0.00,0.000,11.2,19.4,4.2,332,21,12.6,22.1,4.5,336,18,12.6,22.1,4.5,336,18,227,29.38,-0.1,0,0,0,44.1,47.5,50.5,0.40,0.44,0.38
COPA,2019-11-08 09:40:00 EST,42.13659,-73.51988,685,26.5,26.1,16.6,61.6,15.1,0.000,0.000,0.00,0.000,9.6,17.1,2.8,344,22,10.5,18.7,3.2,347,18,10.5,18.7,3.2,347,18,452,29.38,-0.1,0,0,0,44.1,47.5,50.4,0.40,0.44,0.38
COPA,2019-11-08 09:45:00 EST,42.13659,-73.51988,685,26.8,26.3,16.3,61.3,15.3,0.000,0.000,0.00,0.000,11.0,19.7,3.5,322,17,11.8,21.4,3.4,324,17,11.8,21.4,3.4,324,17,437,29.38,-0.2,0,0,0,44.1,47.5,50.4,0.40,0.44,0.38
COPA,2019-11-08 09:50:00 EST,42.13659,-73.51988,685,26.9,26.5,17.3,62.4,15.7,0.000,0.000,0.00,0.000,9.3,15.9,2.3,311,18,10.2,17.4,2.3,310,18,10.2,17.4,2.3,310,18,294,29.38,-0.2,0,0,0,44.0,47.5,50.4,0.40,0.44,0.38
COPA,2019-11-08 09:55:00 EST,42.13659,-73.51988,685,26.7,26.4,15.4,63.1,15.8,0.000,0.000,0.00,0.000,12.2,21.0,4.1,345,19,13.6,25.0,4.5,345,18,13.6,25.0,4.5,345,18,170,29.38,-0.3,0,0,0,44.0,47.5,50.4,0.40,0.44,0.38
COPA,2019-11-08 10:00:00 EST,42.13659,-73.51988,685,26.6,26.2,15.6,61.3,15.0,0.000,0.000,0.00,0.000,11.6,19.5,3.2,339,24,12.9,22.9,3.5,341,22,12.9,22.9,3.5,341,22,313,29.39,-0.3,0,0,0,44.0,47.5,50.4,0.40,0.44,0.38
COPA,2019-11-08 10:05:00 EST,42.13659,-73.51988,685,26.6,26.3,16.1,61.6,15.2,0.000,0.000,0.00,0.000,10.9,16.9,2.7,337,19,11.9,18.4,3.0,337,18,11.9,18.4,3.0,337,18,265,29.39,-0.2,0,0,0,44.0,47.5,50.4,0.39,0.44,0.38
COPA,2019-11-08 10:10:00 EST,42.13659,-73.51988,685,27.2,26.7,16.6,62.7,16.2,0.000,0.000,0.00,0.000,11.2,18.6,2.8,310,16,12.2,20.9,2.8,309,16,12.2,20.9,2.8,309,16,456,29.39,-0.2,0,0,0,43.9,47.5,50.4,0.40,0.44,0.38
COPA,2019-11-08 10:15:00 EST,42.13659,-73.51988,685,27.3,26.8,16.7,61.5,15.8,0.000,0.000,0.00,0.000,10.9,20.2,3.1,318,27,12.2,21.1,3.3,318,21,12.2,21.1,3.3,318,21,351,29.39,-0.3,0,0,0,43.9,47.5,50.4,0.40,0.44,0.38
COPA,2019-11-08 10:20:00 EST,42.13659,-73.51988,685,27.1,26.7,15.8,61.1,15.4,0.000,0.000,0.00,0.000,12.8,21.4,3.3,316,21,13.7,23.6,3.4,315,22,13.7,23.6,3.4,315,22,229,29.39,-0.3,0,0,0,43.9,47.5,50.4,0.40,0.44,0.38
COPA,2019-11-08 10:25:00 EST,42.13659,-73.51988,685,27.1,26.8,18.5,61.9,15.8,0.000,0.000,0.00,0.000,7.7,12.1,1.9,334,24,8.6,13.5,2.1,336,15,8.6,13.5,2.1,336,15,146,29.39,-0.3,0,0,0,43.9,47.5,50.4,0.39,0.44,0.38
COPA,2019-11-08 10:30:00 EST,42.13659,-73.51988,685,26.8,26.5,15.7,60.0,14.7,0.000,0.000,0.00,0.000,11.9,21.1,3.4,335,19,13.1,23.3,3.6,337,19,13.1,23.3,3.6,337,19,275,29.40,-0.2,0,0,0,44.0,47.5,50.4,0.39,0.44,0.38
COPA,2019-11-08 10:35:00 EST,42.13659,-73.51988,685,27.0,26.6,15.2,60.0,15.0,0.000,0.000,0.00,0.000,14.3,21.4,3.1,326,21,15.1,26.0,3.6,326,18,15.1,26.0,3.6,326,18,483,29.40,-0.2,0,0,0,44.0,47.5,50.4,0.39,0.44,0.38
COPA,2019-11-08 10:40:00 EST,42.13659,-73.51988,685,27.6,27.0,15.8,60.4,15.7,0.000,0.000,0.00,0.000,14.3,21.8,3.5,332,22,15.4,24.1,3.5,332,20,15.4,24.1,3.5,332,20,565,29.40,-0.3,0,0,0,43.9,47.5,50.4,0.39,0.44,0.38
COPA,2019-11-08 10:45:00 EST,42.13659,-73.51988,685,27.6,27.0,16.0,59.6,15.4,0.000,0.000,0.00,0.000,13.3,22.9,3.8,348,23,15.0,24.8,4.1,350,20,15.0,24.8,4.1,350,20,387,29.40,-0.3,0,0,0,44.0,47.5,50.4,0.39,0.44,0.38
COPA,2019-11-08 10:50:00 EST,42.13659,-73.51988,685,27.4,26.9,17.5,61.0,15.7,0.000,0.000,0.00,0.000,9.5,17.9,3.3,357,18,10.9,21.7,3.5,356,14,10.9,21.7,3.5,356,14,218,29.40,-0.3,0,0,0,44.1,47.5,50.4,0.39,0.44,0.38
COPA,2019-11-08 10:55:00 EST,42.13659,-73.51988,685,27.2,26.8,16.7,60.9,15.4,0.000,0.000,0.00,0.000,10.3,16.3,2.7,360,15,12.1,20.0,3.2,358,12,12.1,20.0,3.2,358,12,155,29.40,-0.2,0,0,0,44.1,47.4,50.4,0.39,0.44,0.38
COPA,2019-11-08 11:00:00 EST,42.13659,-73.51988,685,27.1,26.8,17.3,61.1,15.5,0.000,0.000,0.00,0.000,9.4,16.1,2.5,346,24,10.7,16.9,2.5,346,20,10.7,16.9,2.5,346,20,267,29.40,-0.3,0,0,0,44.1,47.4,50.4,0.39,0.44,0.38
COPA,2019-11-08 11:05:00 EST,42.13659,-73.51988,685,27.7,27.2,18.6,61.0,16.0,0.000,0.000,0.00,0.000,8.8,13.7,2.4,348,24,9.6,16.2,2.6,349,15,9.6,16.2,2.6,349,15,299,29.40,-0.3,0,0,0,44.0,47.3,50.4,0.39,0.44,0.38
COPA,2019-11-08 11:10:00 EST,42.13659,-73.51988,685,27.7,27.3,18.3,59.8,15.6,0.000,0.000,0.00,0.000,9.3,16.2,2.9,336,18,10.2,17.8,3.0,339,16,10.2,17.8,3.0,339,16,379,29.40,-0.3,0,0,0,44.1,47.4,50.4,0.39,0.44,0.38
COPA,2019-11-08 11:15:00 EST,42.13659,-73.51988,685,27.8,27.4,18.1,57.5,14.8,0.000,0.000,0.00,0.000,10.1,18.0,3.2,325,16,10.9,18.9,3.2,326,16,10.9,18.9,3.2,326,16,477,29.39,-0.2,0,0,0,44.1,47.3,50.4,0.39,0.44,0.38
COPA,2019-11-08 11:20:00 EST,42.13659,-73.51988,685,28.5,27.9,18.6,59.1,16.0,0.000,0.000,0.00,0.000,10.7,19.5,3.3,344,21,11.6,21.1,3.5,344,18,11.6,21.1,3.5,344,18,514,29.39,-0.4,0,0,0,44.1,47.3,50.4,0.39,0.44,0.38
COPA,2019-11-08 11:25:00 EST,42.13659,-73.51988,685,28.3,27.7,17.5,56.4,14.7,0.000,0.000,0.00,0.000,12.5,19.2,2.8,334,17,13.4,21.1,3.1,336,16,13.4,21.1,3.1,336,16,457,29.39,-0.4,0,0,0,44.1,47.3,50.4,0.39,0.44,0.38
COPA,2019-11-08 11:30:00 EST,42.13659,-73.51988,685,28.3,27.8,18.5,57.9,15.4,0.000,0.000,0.00,0.000,10.1,18.4,2.9,337,25,11.3,22.8,3.2,338,20,11.3,22.8,3.2,338,20,328,29.39,-0.3,0,0,0,44.1,47.3,50.4,0.39,0.44,0.38
COPA,2019-11-08 11:35:00 EST,42.13659,-73.51988,685,28.5,27.9,18.2,58.9,15.9,0.000,0.000,0.00,0.000,10.9,19.3,3.5,358,23,12.2,21.3,4.0,357,18,12.2,21.3,4.0,357,18,316,29.39,-0.3,0,0,0,44.1,47.3,50.4,0.39,0.44,0.38
COPA,2019-11-08 11:40:00 EST,42.13659,-73.51988,685,28.8,28.2,19.6,59.0,16.3,0.000,0.000,0.00,0.000,9.5,17.0,3.0,317,22,10.3,18.1,3.0,318,22,10.3,18.1,3.0,318,22,454,29.39,-0.2,0,0,0,44.1,47.3,50.4,0.39,0.44,0.38
COPA,2019-11-08 11:45:00 EST,42.13659,-73.51988,685,28.9,28.4,18.7,56.3,15.3,0.000,0.000,0.00,0.000,11.4,18.3,3.1,326,21,12.3,20.4,2.9,328,18,12.3,20.4,2.9,328,18,514,29.39,-0.4,0,0,0,44.1,47.3,50.4,0.39,0.44,0.38
COPA,2019-11-08 11:50:00 EST,42.13659,-73.51988,685,29.0,28.3,19.1,55.8,15.2,0.000,0.000,0.00,0.000,11.1,19.2,3.1,327,16,11.7,19.2,3.0,328,14,11.7,19.2,3.0,328,14,464,29.39,-0.4,0,0,0,44.1,47.3,50.4,0.39,0.44,0.38
COPA,2019-11-08 11:55:00 EST,42.13659,-73.51988,685,29.0,28.6,20.4,57.6,15.9,0.000,0.000,0.00,0.000,8.4,14.7,2.2,329,19,9.4,15.5,2.2,332,18,9.4,15.5,2.2,332,18,277,29.39,-0.3,0,0,0,44.1,47.3,50.4,0.39,0.44,0.38
COPA,2019-11-08 12:00:00 EST,42.13659,-73.51988,685,29.0,28.4,20.1,59.0,16.4,0.000,0.000,0.00,0.000,8.9,19.6,3.6,311,20,9.7,20.6,3.7,311,20,9.7,20.6,3.7,311,20,354,29.38,-0.2,0,0,0,44.1,47.3,50.4,0.39,0.44,0.38
COPA,2019-11-08 12:05:00 EST,42.13659,-73.51988,685,29.6,28.8,20.6,58.5,16.8,0.000,0.000,0.00,0.000,9.2,16.1,2.5,335,22,10.1,17.4,2.9,335,20,10.1,17.4,2.9,335,20,475,29.38,-0.4,0,0,0,44.1,47.3,50.4,0.39,0.44,0.38
COPA,2019-11-08 12:10:00 EST,42.13659,-73.51988,685,29.4,28.8,20.0,56.5,15.9,0.000,0.000,0.00,0.000,9.8,16.9,2.7,324,24,11.0,20.8,3.2,325,25,11.0,20.8,3.2,325,25,334,29.38,-0.3,0,0,0,44.1,47.3,50.4,0.39,0.44,0.38
COPA,2019-11-08 12:15:00 EST,42.13659,-73.51988,685,29.3,28.8,19.6,56.5,15.7,0.000,0.000,0.00,0.000,10.4,21.6,3.6,345,25,11.5,23.1,4.0,347,15,11.5,23.1,4.0,347,15,311,29.38,-0.3,0,0,0,44.3,47.3,50.4,0.39,0.44,0.38
COPA,2019-11-08 12:20:00 EST,42.13659,-73.51988,685,29.4,28.9,20.3,56.7,16.0,0.000,0.000,0.00,0.000,9.7,19.7,3.4,342,20,10.5,22.0,3.8,341,18,10.5,22.0,3.8,341,18,370,29.38,-0.2,0,0,0,44.4,47.3,50.4,0.39,0.44,0.38
COPA,2019-11-08 12:25:00 EST,42.13659,-73.51988,685,29.7,29.1,19.6,56.0,15.9,0.000,0.000,0.00,0.000,11.5,18.5,3.2,318,16,12.6,18.8,3.2,319,17,12.6,18.8,3.2,319,17,361,29.38,-0.4,0,0,0,44.4,47.3,50.4,0.39,0.44,0.38
COPA,2019-11-08 12:30:00 EST,42.13659,-73.51988,685,29.3,28.8,18.5,53.5,14.5,0.000,0.000,0.00,0.000,13.2,24.0,3.8,299,15,14.0,24.6,3.9,297,15,14.0,24.6,3.9,297,15,485,29.38,-0.4,0,0,0,44.4,47.3,50.4,0.39,0.44,0.38
COPA,2019-11-08 12:35:00 EST,42.13659,-73.51988,685,29.4,28.9,18.9,55.3,15.4,0.000,0.000,0.00,0.000,12.5,19.4,3.3,304,14,13.5,22.1,3.4,302,14,13.5,22.1,3.4,302,14,406,29.38,-0.4,0,0,0,44.4,47.3,50.4,0.39,0.44,0.38
COPA,2019-11-08 12:40:00 EST,42.13659,-73.51988,685,30.0,29.3,20.0,54.8,15.7,0.000,0.000,0.00,0.000,12.1,17.2,2.7,316,13,12.6,17.7,2.8,315,13,12.6,17.7,2.8,315,13,549,29.38,-0.3,0,0,0,44.4,47.3,50.4,0.39,0.44,0.38
COPA,2019-11-08 12:45:00 EST,42.13659,-73.51988,685,30.6,29.8,22.7,55.3,16.5,0.000,0.000,0.00,0.000,7.7,12.9,2.2,332,21,8.7,18.2,2.4,333,20,8.7,18.2,2.4,333,20,459,29.38,-0.4,0,0,0,44.4,47.3,50.4,0.39,0.44,0.38
COPA,2019-11-08 12:50:00 EST,42.13659,-73.51988,685,29.6,29.2,18.4,51.8,14.1,0.000,0.000,0.00,0.000,13.8,22.4,3.7,341,19,15.4,24.6,4.1,344,15,15.4,24.6,4.1,344,15,192,29.38,-0.3,0,0,0,44.4,47.3,50.4,0.39,0.44,0.38
COPA,2019-11-08 12:55:00 EST,42.13659,-73.51988,685,30.0,29.5,20.8,53.8,15.3,0.000,0.000,0.00,0.000,10.2,23.5,3.0,313,28,11.0,22.3,3.1,314,24,11.0,22.3,3.1,314,24,423,29.38,-0.3,0,0,0,44.4,47.3,50.4,0.39,0.44,0.38
COPA,2019-11-08 13:00:00 EST,42.13659,-73.51988,685,30.3,29.7,21.2,53.8,15.6,0.000,0.000,0.00,0.000,10.0,18.9,3.3,312,18,10.8,20.0,3.5,311,18,10.8,20.0,3.5,311,18,391,29.38,-0.3,0,0,0,44.4,47.3,50.4,0.39,0.44,0.38
COPA,2019-11-08 13:05:00 EST,42.13659,-73.51988,685,30.4,29.9,22.5,54.1,15.8,0.000,0.000,0.00,0.000,7.9,13.4,2.2,316,17,8.7,14.4,2.3,316,18,8.7,14.4,2.3,316,18,300,29.38,-0.4,0,0,0,44.5,47.3,50.4,0.39,0.44,0.38
COPA,2019-11-08 13:10:00 EST,42.13659,-73.51988,685,30.2,29.7,20.4,53.9,15.5,0.000,0.000,0.00,0.000,11.3,18.6,3.9,329,19,12.3,20.5,4.0,329,19,12.3,20.5,4.0,329,19,309,29.38,-0.3,0,0,0,44.4,47.2,50.4,0.39,0.44,0.38
COPA,2019-11-08 13:15:00 EST,42.13659,-73.51988,685,29.9,29.4,19.5,50.8,13.9,0.000,0.000,0.00,0.000,12.6,23.1,3.8,322,14,13.5,23.1,3.9,324,16,13.5,23.1,3.9,324,16,215,29.38,-0.4,0,0,0,44.5,47.3,50.4,0.39,0.44,0.38
COPA,2019-11-08 13:20:00 EST,42.13659,-73.51988,685,29.3,29.1,19.0,52.9,14.3,0.000,0.000,0.00,0.000,11.7,20.8,3.6,331,27,12.9,21.3,3.7,330,22,12.9,21.3,3.7,330,22,125,29.38,-0.4,0,0,0,44.6,47.2,50.4,0.39,0.44,0.38
COPA,2019-11-08 13:25:00 EST,42.13659,-73.51988,685,29.3,29.1,19.6,50.6,13.2,0.000,0.000,0.00,0.000,10.6,19.0,2.8,339,17,11.5,20.9,2.9,341,16,11.5,20.9,2.9,341,16,231,29.38,-0.3,0,0,0,44.6,47.2,50.4,0.39,0.44,0.38
COPA,2019-11-08 13:30:00 EST,42.13659,-73.51988,685,29.4,29.1,19.5,49.4,12.7,0.000,0.000,0.00,0.000,11.2,17.5,3.2,320,14,12.0,20.3,3.5,320,16,12.0,20.3,3.5,320,16,142,29.38,-0.4,0,0,0,44.6,47.2,50.4,0.39,0.44,0.38
COPA,2019-11-08 13:35:00 EST,42.13659,-73.51988,685,29.3,29.1,19.2,50.0,12.9,0.000,0.000,0.00,0.000,11.5,17.9,2.8,327,18,12.4,18.5,3.0,329,18,12.4,18.5,3.0,329,18,152,29.38,-0.4,0,0,0,44.6,47.1,50.4,0.39,0.44,0.38
COPA,2019-11-08 13:40:00 EST,42.13659,-73.51988,685,29.5,29.3,19.8,50.7,13.5,0.000,0.000,0.00,0.000,10.7,18.6,3.9,309,18,11.7,20.1,4.1,307,18,11.7,20.1,4.1,307,18,254,29.38,-0.3,0,0,0,44.6,47.1,50.4,0.39,0.44,0.38
COPA,2019-11-08 13:45:00 EST,42.13659,-73.51988,685,29.9,29.6,21.3,50.6,13.8,0.000,0.000,0.00,0.000,8.7,17.7,3.2,335,23,9.7,21.4,3.7,336,20,9.7,21.4,3.7,336,20,200,29.38,-0.4,0,0,0,44.6,47.1,50.4,0.39,0.44,0.38
COPA,2019-11-08 13:50:00 EST,42.13659,-73.51988,685,29.9,29.6,21.6,50.5,13.8,0.000,0.000,0.00,0.000,7.9,15.4,2.2,339,24,9.2,16.7,2.6,339,22,9.2,16.7,2.6,339,22,239,29.38,-0.3,0,0,0,44.6,47.1,50.4,0.39,0.44,0.38
COPA,2019-11-08 13:55:00 EST,42.13659,-73.51988,685,29.9,29.5,19.6,51.2,14.0,0.000,0.000,0.00,0.000,12.0,21.6,3.1,331,18,13.2,21.7,3.2,331,18,13.2,21.7,3.2,331,18,227,29.38,-0.4,0,0,0,44.6,47.1,50.4,0.39,0.44,0.38
COPA,2019-11-08 14:00:00 EST,42.13659,-73.51988,685,29.7,29.4,20.1,52.4,14.3,0.000,0.000,0.00,0.000,10.3,17.0,2.9,341,20,11.4,22.0,3.2,342,14,11.4,22.0,3.2,342,14,192,29.38,-0.3,0,0,0,44.6,47.1,50.4,0.39,0.44,0.38
COPA,2019-11-08 14:05:00 EST,42.13659,-73.51988,685,29.6,29.4,19.4,52.0,14.2,0.000,0.000,0.00,0.000,12.1,19.9,2.9,332,18,12.9,21.3,2.9,333,17,12.9,21.3,2.9,333,17,204,29.39,-0.3,0,0,0,44.6,47.1,50.4,0.39,0.44,0.38
COPA,2019-11-08 14:10:00 EST,42.13659,-73.51988,685,29.8,29.5,20.4,52.7,14.6,0.000,0.000,0.00,0.000,10.3,20.5,3.5,340,28,11.3,24.2,4.0,343,17,11.3,24.2,4.0,343,17,165,29.38,-0.4,0,0,0,44.6,47.1,50.4,0.39,0.44,0.38
COPA,2019-11-08 14:15:00 EST,42.13659,-73.51988,685,29.5,29.3,20.5,51.0,13.6,0.000,0.000,0.00,0.000,9.1,16.2,2.6,348,23,10.3,19.1,3.0,347,20,10.3,19.1,3.0,347,20,137,29.38,-0.3,0,0,0,44.6,47.1,50.4,0.39,0.44,0.38
COPA,2019-11-08 14:20:00 EST,42.13659,-73.51988,685,29.5,29.4,20.0,51.3,13.7,0.000,0.000,0.00,0.000,10.2,18.6,3.4,342,17,11.3,19.7,3.5,343,16,11.3,19.7,3.5,343,16,99,29.39,-0.3,0,0,0,44.6,47.1,50.4,0.39,0.44,0.38
COPA,2019-11-08 14:25:00 EST,42.13659,-73.51988,685,29.4,29.3,20.0,50.6,13.3,0.000,0.000,0.00,0.000,9.9,17.5,3.4,341,22,11.0,19.7,3.6,342,19,11.0,19.7,3.6,342,19,121,29.39,-0.4,0,0,0,44.6,47.1,50.3,0.39,0.44,0.38
COPA,2019-11-08 14:30:00 EST,42.13659,-73.51988,685,29.3,29.2,19.3,49.7,12.8,0.000,0.000,0.00,0.000,11.4,18.9,3.8,313,17,12.2,20.6,3.9,314,17,12.2,20.6,3.9,314,17,126,29.39,-0.4,0,0,0,44.6,47.1,50.3,0.39,0.44,0.38
COPA,2019-11-08 14:35:00 EST,42.13659,-73.51988,685,29.4,29.3,19.4,48.8,12.5,0.000,0.000,0.00,0.000,11.5,21.0,4.8,316,21,12.2,22.4,5.0,316,22,12.2,22.4,5.0,316,22,159,29.39,-0.4,0,0,0,44.6,47.1,50.3,0.39,0.44,0.38
COPA,2019-11-08 14:40:00 EST,42.13659,-73.51988,685,29.4,29.3,20.0,47.9,12.1,0.000,0.000,0.00,0.000,9.6,19.0,2.7,317,21,11.0,17.4,2.6,317,22,11.0,17.4,2.6,317,22,156,29.40,-0.3,0,0,0,44.6,47.1,50.2,0.39,0.44,0.38
COPA,2019-11-08 14:45:00 EST,42.13659,-73.51988,685,29.2,29.1,19.2,48.5,12.1,0.000,0.000,0.00,0.000,10.9,19.1,3.6,337,22,11.9,21.3,4.1,337,16,11.9,21.3,4.1,337,16,105,29.40,-0.2,0,0,0,44.6,47.1,50.2,0.39,0.44,0.38
COPA,2019-11-08 14:50:00 EST,42.13659,-73.51988,685,29.6,29.4,20.3,47.5,12.1,0.000,0.000,0.00,0.000,10.2,21.1,3.6,341,19,11.0,26.2,3.8,342,17,11.0,26.2,3.8,342,17,281,29.40,-0.2,0,0,0,44.6,47.1,50.2,0.39,0.44,0.38
COPA,2019-11-08 14:55:00 EST,42.13659,-73.51988,685,30.2,29.8,22.1,48.5,13.1,0.000,0.000,0.00,0.000,7.8,14.2,2.5,336,27,9.0,16.5,2.8,336,23,9.0,16.5,2.8,336,23,279,29.40,-0.2,0,0,0,44.6,47.1,50.2,0.39,0.44,0.38
COPA,2019-11-08 15:00:00 EST,42.13659,-73.51988,685,30.3,29.9,21.5,47.2,12.6,0.000,0.000,0.00,0.000,9.2,16.7,2.5,336,21,10.2,17.5,2.6,335,21,10.2,17.5,2.6,335,21,266,29.40,-0.3,0,0,0,44.6,47.1,50.2,0.39,0.44,0.38
COPA,2019-11-08 15:05:00 EST,42.13659,-73.51988,685,30.4,30.1,20.8,47.4,12.8,0.000,0.000,0.00,0.000,11.3,18.3,3.0,324,19,12.2,21.2,3.4,323,19,12.2,21.2,3.4,323,19,239,29.40,-0.3,0,0,0,44.6,47.1,50.2,0.39,0.44,0.38
COPA,2019-11-08 15:10:00 EST,42.13659,-73.51988,685,30.4,30.0,19.7,46.4,12.2,0.000,0.000,0.00,0.000,12.8,21.3,3.7,349,23,14.4,25.9,4.6,348,15,14.4,25.9,4.6,348,15,217,29.40,-0.4,0,0,0,44.6,47.1,50.2,0.39,0.44,0.38
COPA,2019-11-08 15:15:00 EST,42.13659,-73.51988,685,30.0,29.7,19.6,44.1,10.7,0.000,0.000,0.00,0.000,12.3,24.2,3.9,343,23,13.5,25.2,4.0,344,18,13.5,25.2,4.0,344,18,176,29.41,-0.3,0,0,0,44.6,47.1,50.2,0.39,0.44,0.38
COPA,2019-11-08 15:20:00 EST,42.13659,-73.51988,685,29.8,29.5,19.6,44.5,10.8,0.000,0.000,0.00,0.000,11.5,23.8,4.7,349,19,12.9,27.6,5.0,349,15,12.9,27.6,5.0,349,15,173,29.41,-0.4,0,0,0,44.6,47.1,50.2,0.39,0.44,0.38
COPA,2019-11-08 15:25:00 EST,42.13659,-73.51988,685,29.5,29.3,19.5,44.9,10.7,0.000,0.000,0.00,0.000,11.2,19.4,3.8,344,20,12.3,22.6,4.1,343,19,12.3,22.6,4.1,343,19,144,29.41,-0.4,0,0,0,44.6,47.1,50.2,0.39,0.44,0.38
COPA,2019-11-08 15:30:00 EST,42.13659,-73.51988,685,29.5,29.3,20.5,46.0,11.2,0.000,0.000,0.00,0.000,9.4,17.2,3.2,340,27,10.2,18.7,3.3,340,23,10.2,18.7,3.3,340,23,140,29.41,-0.2,0,0,0,44.6,47.1,50.2,0.39,0.44,0.38
COPA,2019-11-08 15:35:00 EST,42.13659,-73.51988,685,29.4,29.2,21.4,46.0,11.1,0.000,0.000,0.00,0.000,7.3,13.9,2.1,344,20,8.4,14.3,2.4,344,19,8.4,14.3,2.4,344,19,134,29.41,-0.2,0,0,0,44.6,47.1,50.2,0.39,0.44,0.38
COPA,2019-11-08 15:40:00 EST,42.13659,-73.51988,685,29.5,29.3,20.4,46.1,11.3,0.000,0.000,0.00,0.000,9.3,19.1,3.2,342,22,10.4,18.7,3.2,343,15,10.4,18.7,3.2,343,15,131,29.41,-0.4,0,0,0,44.6,47.1,50.2,0.39,0.44,0.38
COPA,2019-11-08 15:45:00 EST,42.13659,-73.51988,685,29.4,29.3,20.8,45.5,10.9,0.000,0.000,0.00,0.000,8.7,16.6,2.9,329,22,9.3,17.6,3.0,328,21,9.3,17.6,3.0,328,21,129,29.41,-0.3,0,0,0,44.6,47.1,50.2,0.39,0.44,0.38
COPA,2019-11-08 15:50:00 EST,42.13659,-73.51988,685,29.4,29.3,20.2,46.0,11.1,0.000,0.000,0.00,0.000,9.9,16.6,2.7,315,16,10.6,17.6,2.9,314,16,10.6,17.6,2.9,314,16,121,29.41,-0.2,0,0,0,44.6,47.1,50.2,0.39,0.44,0.38
COPA,2019-11-08 15:55:00 EST,42.13659,-73.51988,685,29.4,29.3,21.2,46.4,11.4,0.000,0.000,0.00,0.000,8.1,19.0,3.8,322,19,8.8,21.3,3.9,323,18,8.8,21.3,3.9,323,18,114,29.42,-0.4,0,0,0,44.6,47.1,50.2,0.39,0.44,0.38
COPA,2019-11-08 16:00:00 EST,42.13659,-73.51988,685,29.4,29.3,22.0,47.0,11.6,0.000,0.000,0.00,0.000,6.6,17.2,3.0,344,28,7.5,18.0,3.1,344,28,7.5,18.0,3.1,344,28,83,29.42,-0.4,0,0,0,44.6,47.1,50.2,0.39,0.44,0.38
COPA,2019-11-08 16:05:00 EST,42.13659,-73.51988,685,29.2,29.2,18.3,45.5,10.8,0.000,0.000,0.00,0.000,12.6,19.8,2.6,355,16,14.2,23.6,3.1,353,9,14.2,23.6,3.1,353,9,64,29.42,-0.3,0,0,0,44.6,47.1,50.2,0.39,0.44,0.38
COPA,2019-11-08 16:10:00 EST,42.13659,-73.51988,685,28.9,29.0,18.5,46.0,10.7,0.000,0.000,0.00,0.000,11.7,19.2,3.4,339,31,12.9,25.2,3.7,340,27,12.9,25.2,3.7,340,27,50,29.42,-0.4,0,0,0,44.6,47.1,50.2,0.39,0.44,0.38
COPA,2019-11-08 16:15:00 EST,42.13659,-73.51988,685,28.7,28.8,19.7,46.7,10.8,0.000,0.000,0.00,0.000,8.7,16.7,2.4,346,22,9.7,17.0,2.7,346,17,9.7,17.0,2.7,346,17,40,29.43,-0.4,0,0,0,44.6,47.1,50.2,0.39,0.44,0.38
COPA,2019-11-08 16:20:00 EST,42.13659,-73.51988,685,28.4,28.6,19.8,46.6,10.5,0.000,0.000,0.00,0.000,8.1,14.6,2.1,347,26,9.1,15.5,2.4,348,19,9.1,15.5,2.4,348,19,22,29.43,-0.4,0,0,0,44.6,47.1,50.2,0.39,0.44,0.38
COPA,2019-11-08 16:25:00 EST,42.13659,-73.51988,685,28.2,28.5,18.1,46.1,10.1,0.000,0.000,0.00,0.000,10.6,17.6,4.0,350,20,11.9,21.3,4.1,350,15,11.9,21.3,4.1,350,15,19,29.43,-0.4,0,0,0,44.6,47.1,50.2,0.39,0.44,0.38
COPA,2019-11-08 16:30:00 EST,42.13659,-73.51988,685,28.1,28.4,18.6,45.6,9.8,0.000,0.000,0.00,0.000,9.6,14.8,2.6,340,24,10.7,19.1,3.0,340,16,10.7,19.1,3.0,340,16,13,29.43,-0.4,0,0,0,44.6,47.1,50.2,0.39,0.44,0.38
COPA,2019-11-08 16:35:00 EST,42.13659,-73.51988,685,28.2,28.4,17.5,45.0,9.6,0.000,0.000,0.00,0.000,12.0,18.3,3.0,339,19,13.0,19.4,3.1,339,15,13.0,19.4,3.1,339,15,10,29.43,-0.4,0,0,0,44.6,47.1,50.2,0.39,0.44,0.38
COPA,2019-11-08 16:40:00 EST,42.13659,-73.51988,685,27.9,28.2,20.0,46.8,10.1,0.000,0.000,0.00,0.000,7.0,10.3,1.6,339,18,7.7,11.6,1.6,339,15,7.7,11.6,1.6,339,15,7,29.43,-0.4,0,0,0,44.6,47.1,50.2,0.39,0.44,0.38
COPA,2019-11-08 16:45:00 EST,42.13659,-73.51988,685,27.7,28.1,19.3,48.3,10.7,0.000,0.000,0.00,0.000,7.4,11.5,1.6,352,21,8.4,14.2,2.1,352,18,8.4,14.2,2.1,352,18,5,29.43,-0.4,0,0,0,44.6,47.1,50.2,0.39,0.44,0.38
COPA,2019-11-08 16:50:00 EST,42.13659,-73.51988,685,27.7,28.1,19.0,47.5,10.3,0.000,0.000,0.00,0.000,7.8,12.1,1.8,351,17,8.9,16.2,2.1,352,14,8.9,16.2,2.1,352,14,3,29.43,-0.5,0,0,0,44.6,47.1,50.2,0.39,0.44,0.38
COPA,2019-11-08 16:55:00 EST,42.13659,-73.51988,685,27.4,28.0,18.8,48.9,10.7,0.000,0.000,0.00,0.000,7.7,12.5,1.8,1,20,8.7,13.4,2.2,359,16,8.7,13.4,2.2,359,16,1,29.43,-0.4,0,0,0,44.6,47.1,50.2,0.39,0.44,0.38
COPA,2019-11-08 17:00:00 EST,42.13659,-73.51988,685,27.6,27.9,19.8,47.7,10.3,0.000,0.000,0.00,0.000,6.5,11.3,2.3,2,14,7.5,14.8,2.6,2,13,7.5,14.8,2.6,2,13,0,29.44,-0.4,0,0,0,44.6,47.1,50.2,0.39,0.44,0.38
COPA,2019-11-08 17:05:00 EST,42.13659,-73.51988,685,27.3,27.8,19.3,48.5,10.3,0.000,0.000,0.00,0.000,6.8,10.6,1.9,7,20,7.6,13.8,2.2,6,19,7.6,13.8,2.2,6,19,0,29.44,-0.5,0,0,0,44.6,47.1,50.2,0.39,0.44,0.38
COPA,2019-11-08 17:10:00 EST,42.13659,-73.51988,685,26.9,27.7,21.3,49.7,10.6,0.000,0.000,0.00,0.000,4.2,6.7,1.5,342,19,4.8,8.3,1.8,342,19,4.8,8.3,1.8,342,19,0,29.44,-0.4,0,0,0,44.6,47.1,50.2,0.39,0.44,0.38
COPA,2019-11-08 17:15:00 EST,42.13659,-73.51988,685,27.2,27.7,20.1,49.2,10.6,0.000,0.000,0.00,0.000,5.8,10.4,2.1,336,23,6.5,10.6,2.1,337,23,6.5,10.6,2.1,337,23,0,29.44,-0.3,0,0,0,44.6,47.1,50.2,0.39,0.44,0.38
COPA,2019-11-08 17:20:00 EST,42.13659,-73.51988,685,27.1,27.5,21.4,50.0,10.9,0.000,0.000,0.00,0.000,4.4,11.0,2.4,321,18,5.0,10.1,2.4,323,19,5.0,10.1,2.4,323,19,0,29.45,-0.5,0,0,0,44.6,47.1,50.2,0.39,0.44,0.38
COPA,2019-11-08 17:25:00 EST,42.13659,-73.51988,685,26.9,27.6,19.9,50.6,11.0,0.000,0.000,0.00,0.000,5.7,9.4,1.5,310,18,6.3,10.5,1.5,310,19,6.3,10.5,1.5,310,19,0,29.45,-0.5,0,0,0,44.6,47.1,50.2,0.39,0.44,0.38
COPA,2019-11-08 17:30:00 EST,42.13659,-73.51988,685,26.8,27.5,19.8,51.0,11.1,0.000,0.000,0.00,0.000,5.5,8.8,1.8,323,21,6.2,10.9,1.9,321,18,6.2,10.9,1.9,321,18,0,29.45,-0.4,0,0,0,44.6,47.1,50.2,0.39,0.44,0.38
COPA,2019-11-08 17:35:00 EST,42.13659,-73.51988,685,26.9,27.5,18.7,51.1,11.2,0.000,0.000,0.00,0.000,7.1,13.8,3.1,320,19,7.9,17.4,3.3,320,18,7.9,17.4,3.3,320,18,0,29.45,-0.3,0,0,0,44.5,47.1,50.2,0.39,0.44,0.38
COPA,2019-11-08 17:40:00 EST,42.13659,-73.51988,685,27.0,27.6,18.7,50.2,10.9,0.000,0.000,0.00,0.000,7.6,16.7,2.9,314,19,8.1,16.5,2.9,313,18,8.1,16.5,2.9,313,18,0,29.45,-0.4,0,0,0,44.4,47.1,50.2,0.39,0.44,0.38
COPA,2019-11-08 17:45:00 EST,42.13659,-73.51988,685,26.7,27.3,18.8,51.6,11.2,0.000,0.000,0.00,0.000,6.4,11.0,2.0,308,24,7.3,12.9,2.0,308,23,7.3,12.9,2.0,308,23,0,29.45,-0.3,0,0,0,44.4,47.1,50.2,0.38,0.44,0.38
COPA,2019-11-08 17:50:00 EST,42.13659,-73.51988,685,26.7,27.4,18.4,51.9,11.4,0.000,0.000,0.00,0.000,7.0,15.1,3.5,316,22,8.0,16.3,3.5,315,22,8.0,16.3,3.5,315,22,0,29.46,-0.4,0,0,0,44.4,47.1,50.2,0.38,0.44,0.38
COPA,2019-11-08 17:55:00 EST,42.13659,-73.51988,685,26.5,27.2,20.0,53.3,11.8,0.000,0.000,0.00,0.000,5.1,10.0,2.6,312,14,5.6,11.1,2.6,313,16,5.6,11.1,2.6,313,16,0,29.46,-0.3,0,0,0,44.4,47.1,50.2,0.38,0.44,0.38
COPA,2019-11-08 18:00:00 EST,42.13659,-73.51988,685,26.6,27.0,22.4,52.8,11.6,0.000,0.000,0.00,0.000,3.0,7.9,1.7,338,21,3.5,9.0,1.8,339,21,3.5,9.0,1.8,339,21,0,29.46,-0.3,0,0,0,44.4,47.1,50.2,0.38,0.44,0.38
COPA,2019-11-08 18:05:00 EST,42.13659,-73.51988,685,26.6,27.1,21.1,52.9,11.8,0.000,0.000,0.00,0.000,4.1,9.9,2.1,329,28,4.7,12.0,2.3,331,26,4.7,12.0,2.3,331,26,0,29.47,-0.5,0,0,0,44.4,47.1,50.2,0.38,0.44,0.38
COPA,2019-11-08 18:10:00 EST,42.13659,-73.51988,685,26.4,27.0,20.7,53.9,12.0,0.000,0.000,0.00,0.000,4.1,6.9,1.3,344,20,4.8,8.6,1.5,345,20,4.8,8.6,1.5,345,20,0,29.47,-0.4,0,0,0,44.4,47.1,50.2,0.38,0.44,0.38
COPA,2019-11-08 18:15:00 EST,42.13659,-73.51988,685,26.6,27.1,19.1,54.5,12.3,0.000,0.000,0.00,0.000,6.2,8.9,1.6,329,24,6.8,10.5,1.8,328,23,6.8,10.5,1.8,328,23,0,29.47,-0.4,0,0,0,44.4,47.1,50.2,0.38,0.44,0.38
COPA,2019-11-08 18:20:00 EST,42.13659,-73.51988,685,26.4,27.0,20.2,54.9,12.3,0.000,0.000,0.00,0.000,4.7,8.5,1.3,340,34,5.3,8.3,1.2,339,34,5.3,8.3,1.2,339,34,0,29.47,-0.4,0,0,0,44.4,47.0,50.2,0.38,0.44,0.38
COPA,2019-11-08 18:25:00 EST,42.13659,-73.51988,685,26.0,26.8,18.2,56.8,12.8,0.000,0.000,0.00,0.000,6.4,10.6,2.2,322,23,7.2,11.8,2.3,323,21,7.2,11.8,2.3,323,21,0,29.48,-0.4,0,0,0,44.4,47.1,50.2,0.38,0.44,0.38
COPA,2019-11-08 18:30:00 EST,42.13659,-73.51988,685,26.3,26.7,19.3,57.4,13.2,0.000,0.000,0.00,0.000,5.5,10.2,1.4,339,22,6.1,11.8,1.7,340,18,6.1,11.8,1.7,340,18,0,29.48,-0.3,0,0,0,44.4,47.0,50.2,0.38,0.44,0.38
COPA,2019-11-08 18:35:00 EST,42.13659,-73.51988,685,26.1,26.8,19.1,57.4,13.1,0.000,0.000,0.00,0.000,5.5,9.4,1.2,333,23,6.1,9.5,1.4,333,22,6.1,9.5,1.4,333,22,0,29.48,-0.3,0,0,0,44.1,47.0,50.2,0.38,0.44,0.38
COPA,2019-11-08 18:40:00 EST,42.13659,-73.51988,685,26.3,26.8,20.5,57.0,13.1,0.000,0.000,0.00,0.000,4.4,8.2,1.2,318,16,4.9,8.2,1.3,319,16,4.9,8.2,1.3,319,16,0,29.48,-0.3,0,0,0,44.2,47.0,50.2,0.38,0.44,0.38
COPA,2019-11-08 18:45:00 EST,42.13659,-73.51988,685,26.2,26.7,20.1,57.8,13.4,0.000,0.000,0.00,0.000,4.6,8.3,1.4,329,18,5.1,8.3,1.5,329,17,5.1,8.3,1.5,329,17,0,29.48,-0.4,0,0,0,44.1,47.0,50.2,0.38,0.44,0.38
COPA,2019-11-08 18:50:00 EST,42.13659,-73.51988,685,25.7,26.4,21.5,59.3,13.5,0.000,0.000,0.00,0.000,2.9,5.3,0.9,342,33,3.5,5.9,1.0,342,32,3.5,5.9,1.0,342,32,0,29.48,-0.3,0,0,0,44.1,47.0,50.2,0.38,0.44,0.38
COPA,2019-11-08 18:55:00 EST,42.13659,-73.51988,685,26.0,26.6,18.6,59.7,13.9,0.000,0.000,0.00,0.000,5.9,11.5,1.9,344,23,6.6,11.4,1.9,345,22,6.6,11.4,1.9,345,22,0,29.48,-0.3,0,0,0,44.1,46.9,50.2,0.38,0.44,0.38
COPA,2019-11-08 19:00:00 EST,42.13659,-73.51988,685,25.8,26.4,20.9,59.8,13.8,0.000,0.000,0.00,0.000,3.7,7.5,1.5,331,28,4.0,8.1,1.5,333,26,4.0,8.1,1.5,333,26,0,29.49,-0.4,0,0,0,44.1,46.9,50.2,0.38,0.44,0.38
COPA,2019-11-08 19:05:00 EST,42.13659,-73.51988,685,26.0,26.4,26.0,60.4,14.2,0.000,0.000,0.00,0.000,2.4,5.0,1.0,334,35,2.9,6.0,1.2,337,35,2.9,6.0,1.2,337,35,0,29.49,-0.3,0,0,0,44.1,47.0,50.2,0.38,0.44,0.38
COPA,2019-11-08 19:10:00 EST,42.13659,-73.51988,685,25.8,26.2,25.8,60.4,14.0,0.000,0.000,0.00,0.000,2.3,5.5,1.5,333,17,2.6,5.9,1.5,335,24,2.6,5.9,1.5,335,24,0,29.49,-0.4,0,0,0,44.1,46.9,50.2,0.38,0.44,0.38
COPA,2019-11-08 19:15:00 EST,42.13659,-73.51988,685,25.4,26.1,25.4,61.9,14.2,0.000,0.000,0.00,0.000,2.1,4.2,0.8,294,40,2.5,5.7,1.0,295,41,2.5,5.7,1.0,295,41,0,29.49,-0.3,0,0,0,44.1,46.9,50.1,0.38,0.44,0.38
COPA,2019-11-08 19:20:00 EST,42.13659,-73.51988,685,26.0,26.4,21.9,61.0,14.4,0.000,0.000,0.00,0.000,3.1,7.2,1.5,324,14,3.4,7.6,1.6,325,16,3.4,7.6,1.6,325,16,0,29.50,-0.5,0,0,0,44.0,46.9,50.2,0.38,0.44,0.38
COPA,2019-11-08 19:25:00 EST,42.13659,-73.51988,685,25.6,26.1,25.6,60.9,14.0,0.000,0.000,0.00,0.000,2.0,6.4,1.4,346,34,2.4,6.4,1.5,346,34,2.4,6.4,1.5,346,34,0,29.49,-0.4,0,0,0,43.9,46.9,50.1,0.38,0.44,0.38
COPA,2019-11-08 19:30:00 EST,42.13659,-73.51988,685,25.1,26.0,18.7,62.7,14.2,0.000,0.000,0.00,0.000,4.8,7.8,1.3,328,15,5.3,9.0,1.3,329,14,5.3,9.0,1.3,329,14,0,29.50,-0.2,0,0,0,43.9,46.9,50.1,0.38,0.44,0.38
COPA,2019-11-08 19:35:00 EST,42.13659,-73.51988,685,25.2,25.9,19.0,62.6,14.2,0.000,0.000,0.00,0.000,4.4,9.4,1.3,340,26,5.2,10.1,1.5,340,20,5.2,10.1,1.5,340,20,0,29.50,-0.3,0,0,0,43.9,46.9,50.2,0.38,0.44,0.38
COPA,2019-11-08 19:40:00 EST,42.13659,-73.51988,685,24.9,25.7,18.2,63.5,14.2,0.000,0.000,0.00,0.000,4.9,8.1,1.3,337,19,5.6,9.3,1.6,339,19,5.6,9.3,1.6,339,19,0,29.50,-0.2,0,0,0,43.9,46.9,50.1,0.38,0.44,0.38
COPA,2019-11-08 19:45:00 EST,42.13659,-73.51988,685,25.1,25.7,18.4,62.9,14.2,0.000,0.000,0.00,0.000,4.9,7.7,1.3,327,19,5.6,9.3,1.5,328,16,5.6,9.3,1.5,328,16,0,29.50,-0.3,0,0,0,43.9,46.9,50.0,0.38,0.44,0.38
COPA,2019-11-08 19:50:00 EST,42.13659,-73.51988,685,24.8,25.5,19.9,63.2,14.0,0.000,0.000,0.00,0.000,3.2,5.9,1.1,340,26,3.9,7.5,1.4,340,27,3.9,7.5,1.4,340,27,0,29.50,-0.3,0,0,0,43.9,46.9,49.9,0.38,0.44,0.38
COPA,2019-11-08 19:55:00 EST,42.13659,-73.51988,685,25.2,25.7,18.2,62.5,14.1,0.000,0.000,0.00,0.000,5.3,9.6,1.9,333,13,5.9,10.4,1.9,335,13,5.9,10.4,1.9,335,13,0,29.51,-0.3,0,0,0,43.9,46.9,50.0,0.38,0.44,0.38
COPA,2019-11-08 20:00:00 EST,42.13659,-73.51988,685,25.2,25.7,20.3,61.2,13.7,0.000,0.000,0.00,0.000,3.5,6.0,1.1,327,15,4.0,6.6,1.1,329,16,4.0,6.6,1.1,329,16,0,29.51,-0.3,0,0,0,43.9,46.9,50.0,0.38,0.44,0.38
COPA,2019-11-08 20:05:00 EST,42.13659,-73.51988,685,25.2,25.7,18.3,61.2,13.7,0.000,0.000,0.00,0.000,5.3,8.9,1.5,340,16,5.8,9.1,1.7,340,13,5.8,9.1,1.7,340,13,0,29.51,-0.3,0,0,0,43.9,46.9,49.9,0.38,0.44,0.38
COPA,2019-11-08 20:10:00 EST,42.13659,-73.51988,685,24.8,25.4,18.8,62.0,13.6,0.000,0.000,0.00,0.000,4.1,8.5,1.8,331,20,4.8,8.7,1.8,331,19,4.8,8.7,1.8,331,19,0,29.51,-0.1,0,0,0,43.8,46.9,49.9,0.38,0.44,0.38
COPA,2019-11-08 20:15:00 EST,42.13659,-73.51988,685,25.1,25.6,17.4,60.8,13.5,0.000,0.000,0.00,0.000,6.0,9.1,1.2,339,19,6.8,10.5,1.3,340,15,6.8,10.5,1.3,340,15,0,29.51,-0.2,0,0,0,43.7,46.9,49.8,0.38,0.44,0.38
COPA,2019-11-08 20:20:00 EST,42.13659,-73.51988,685,24.8,25.4,19.0,61.4,13.4,0.000,0.000,0.00,0.000,4.0,8.2,1.7,343,22,4.7,9.8,1.8,342,16,4.7,9.8,1.8,342,16,0,29.51,-0.3,0,0,0,43.7,46.9,49.8,0.38,0.44,0.38
COPA,2019-11-08 20:25:00 EST,42.13659,-73.51988,685,24.6,25.2,20.5,62.3,13.6,0.000,0.000,0.00,0.000,2.8,4.5,0.8,11,21,3.3,5.5,1.0,9,17,3.3,5.5,1.0,9,17,0,29.52,-0.4,0,0,0,43.7,46.9,49.8,0.38,0.44,0.38
COPA,2019-11-08 20:30:00 EST,42.13659,-73.51988,685,24.7,25.3,19.8,62.9,13.8,0.000,0.000,0.00,0.000,3.2,5.6,1.2,1,22,3.8,7.0,1.4,0,19,3.8,7.0,1.4,0,19,0,29.52,-0.3,0,0,0,43.7,46.9,49.8,0.38,0.44,0.38
COPA,2019-11-08 20:35:00 EST,42.13659,-73.51988,685,24.5,25.3,18.0,61.5,13.2,0.000,0.000,0.00,0.000,4.7,8.0,1.4,7,20,5.3,8.3,1.5,5,19,5.3,8.3,1.5,5,19,0,29.52,-0.3,0,0,0,43.7,46.9,49.8,0.38,0.44,0.38
COPA,2019-11-08 20:40:00 EST,42.13659,-73.51988,685,24.5,25.2,18.4,61.2,13.1,0.000,0.000,0.00,0.000,4.3,7.4,1.2,355,14,4.9,9.7,1.5,354,13,4.9,9.7,1.5,354,13,0,29.52,-0.4,0,0,0,43.7,46.9,49.8,0.38,0.44,0.38
COPA,2019-11-08 20:45:00 EST,42.13659,-73.51988,685,24.5,25.1,19.0,61.1,13.0,0.000,0.000,0.00,0.000,3.8,7.2,1.1,346,17,4.3,8.5,1.3,346,13,4.3,8.5,1.3,346,13,0,29.52,-0.3,0,0,0,43.7,46.9,49.8,0.38,0.44,0.38
COPA,2019-11-08 20:50:00 EST,42.13659,-73.51988,685,24.3,24.9,19.2,61.2,12.9,0.000,0.000,0.00,0.000,3.6,5.6,0.8,351,15,4.0,6.6,0.9,350,14,4.0,6.6,0.9,350,14,0,29.52,-0.4,0,0,0,43.6,46.9,49.8,0.38,0.44,0.38
COPA,2019-11-08 20:55:00 EST,42.13659,-73.51988,685,23.9,24.8,18.3,62.4,12.9,0.000,0.000,0.00,0.000,3.6,7.5,1.2,351,17,4.3,9.7,1.5,351,14,4.3,9.7,1.5,351,14,0,29.52,-0.3,0,0,0,43.6,46.9,49.8,0.38,0.44,0.38
COPA,2019-11-08 21:00:00 EST,42.13659,-73.51988,685,24.0,24.7,19.0,62.5,13.1,0.000,0.000,0.00,0.000,3.3,5.4,0.9,351,16,3.9,7.1,1.1,350,14,3.9,7.1,1.1,350,14,0,29.52,-0.3,0,0,0,43.5,46.9,49.8,0.38,0.44,0.38
COPA,2019-11-08 21:05:00 EST,42.13659,-73.51988,685,24.1,24.6,24.1,62.1,12.9,0.000,0.000,0.00,0.000,2.5,5.2,1.1,357,17,3.0,6.4,1.4,358,17,3.0,6.4,1.4,358,17,0,29.53,-0.3,0,0,0,43.5,46.9,49.8,0.38,0.44,0.38
COPA,2019-11-08 21:10:00 EST,42.13659,-73.51988,685,24.1,24.8,19.6,61.2,12.7,0.000,0.000,0.00,0.000,3.0,6.0,1.2,356,21,3.5,6.4,1.5,356,18,3.5,6.4,1.5,356,18,0,29.53,-0.4,0,0,0,43.5,46.9,49.8,0.38,0.44,0.38
COPA,2019-11-08 21:15:00 EST,42.13659,-73.51988,685,24.2,24.7,24.2,61.0,12.7,0.000,0.000,0.00,0.000,2.4,5.0,0.9,344,26,2.9,8.1,1.1,345,26,2.9,8.1,1.1,345,26,0,29.53,-0.4,0,0,0,43.5,46.9,49.8,0.38,0.44,0.38
COPA,2019-11-08 21:20:00 EST,42.13659,-73.51988,685,24.1,24.7,24.1,61.2,12.7,0.000,0.000,0.00,0.000,1.9,3.4,0.6,358,23,2.4,4.3,0.8,359,23,2.4,4.3,0.8,359,23,0,29.53,-0.4,0,0,0,43.5,46.8,49.8,0.38,0.44,0.38
COPA,2019-11-08 21:25:00 EST,42.13659,-73.51988,685,24.1,24.6,19.9,61.0,12.5,0.000,0.000,0.00,0.000,2.7,4.0,0.5,359,15,3.2,4.6,0.6,359,14,3.2,4.6,0.6,359,14,0,29.53,-0.2,0,0,0,43.5,46.8,49.8,0.38,0.44,0.38
COPA,2019-11-08 21:30:00 EST,42.13659,-73.51988,685,23.9,24.5,19.0,61.4,12.5,0.000,0.000,0.00,0.000,3.3,6.6,1.3,339,22,3.8,7.9,1.6,339,21,3.8,7.9,1.6,339,21,0,29.53,-0.2,0,0,0,43.5,46.8,49.8,0.38,0.44,0.38
COPA,2019-11-08 21:35:00 EST,42.13659,-73.51988,685,24.0,24.5,24.0,60.5,12.3,0.000,0.000,0.00,0.000,2.6,5.2,0.9,322,13,2.8,6.2,1.0,321,13,2.8,6.2,1.0,321,13,0,29.53,-0.3,0,0,0,43.4,46.8,49.8,0.38,0.44,0.38
COPA,2019-11-08 21:40:00 EST,42.13659,-73.51988,685,23.4,24.2,23.4,62.2,12.4,0.000,0.000,0.00,0.000,2.7,4.4,0.8,321,18,2.9,4.8,0.9,319,16,2.9,4.8,0.9,319,16,0,29.53,-0.4,0,0,0,43.3,46.8,49.8,0.38,0.44,0.38
COPA,2019-11-08 21:45:00 EST,42.13659,-73.51988,685,22.9,23.8,22.9,63.9,12.5,0.000,0.000,0.00,0.000,1.8,3.7,0.6,3,29,2.3,4.7,0.7,359,29,2.3,4.7,0.7,359,29,0,29.53,-0.3,0,0,0,43.3,46.8,49.8,0.38,0.44,0.38
COPA,2019-11-08 21:50:00 EST,42.13659,-73.51988,685,22.8,23.7,22.8,65.2,12.8,0.000,0.000,0.00,0.000,1.3,2.3,0.4,44,21,1.5,3.2,0.5,39,22,1.5,3.2,0.5,39,22,0,29.54,-0.3,0,0,0,43.3,46.8,49.8,0.38,0.44,0.38
COPA,2019-11-08 21:55:00 EST,42.13659,-73.51988,685,22.6,23.8,22.6,64.8,12.6,0.000,0.000,0.00,0.000,1.0,2.0,0.5,85,21,1.4,2.7,0.5,82,31,1.4,2.7,0.5,82,31,0,29.54,-0.5,0,0,0,43.3,46.8,49.8,0.38,0.44,0.38
COPA,2019-11-08 22:00:00 EST,42.13659,-73.51988,685,21.6,23.7,21.6,66.4,12.1,0.000,0.000,0.00,0.000,1.5,2.9,0.9,121,12,1.6,3.0,0.7,120,13,1.6,3.0,0.7,120,13,0,29.54,-0.4,0,0,0,43.3,46.8,49.8,0.38,0.44,0.38
COPA,2019-11-08 22:05:00 EST,42.13659,-73.51988,685,19.3,22.8,19.3,71.0,11.5,0.000,0.000,0.00,0.000,2.4,3.4,0.7,136,9,2.5,3.4,0.7,133,7,2.5,3.4,0.7,133,7,0,29.54,-0.4,0,0,0,43.3,46.8,49.8,0.38,0.44,0.38
COPA,2019-11-08 22:10:00 EST,42.13659,-73.51988,685,19.5,22.3,19.5,76.2,13.2,0.000,0.000,0.00,0.000,1.9,2.6,0.2,164,14,2.1,2.8,0.2,161,18,2.1,2.8,0.2,161,18,0,29.54,-0.3,0,0,0,43.2,46.8,49.8,0.38,0.44,0.38
COPA,2019-11-08 22:15:00 EST,42.13659,-73.51988,685,19.4,22.7,19.4,76.2,13.2,0.000,0.000,0.00,0.000,1.3,2.7,0.5,179,19,1.5,2.8,0.4,180,22,1.5,2.8,0.4,180,22,0,29.55,-0.2,0,0,0,43.2,46.8,49.8,0.38,0.44,0.38
COPA,2019-11-08 22:20:00 EST,42.13659,-73.51988,685,19.4,22.3,19.4,76.9,13.4,0.000,0.000,0.00,0.000,1.6,2.4,0.3,151,12,1.7,2.4,0.3,148,13,1.7,2.4,0.3,148,13,0,29.55,-0.3,0,0,0,43.2,46.8,49.8,0.38,0.44,0.38
COPA,2019-11-08 22:25:00 EST,42.13659,-73.51988,685,21.0,23.2,21.0,74.6,14.2,0.000,0.000,0.00,0.000,2.4,3.3,0.4,111,10,2.5,3.8,0.5,110,11,2.5,3.8,0.5,110,11,0,29.55,-0.3,0,0,0,43.2,46.8,49.8,0.38,0.44,0.38
COPA,2019-11-08 22:30:00 EST,42.13659,-73.51988,685,21.5,23.7,21.5,70.4,13.4,0.000,0.000,0.00,0.000,1.7,2.6,0.4,96,11,1.9,3.2,0.5,95,12,1.9,3.2,0.5,95,12,0,29.55,-0.5,0,0,0,43.2,46.8,49.8,0.38,0.44,0.38
COPA,2019-11-08 22:35:00 EST,42.13659,-73.51988,685,19.2,22.7,19.2,71.4,11.4,0.000,0.000,0.00,0.000,0.7,1.2,0.3,86,50,1.1,1.9,0.4,91,54,1.1,1.9,0.4,91,54,0,29.55,-0.2,0,0,0,43.2,46.8,49.8,0.38,0.44,0.38
COPA,2019-11-08 22:40:00 EST,42.13659,-73.51988,685,19.2,21.5,19.2,75.0,12.6,0.000,0.000,0.00,0.000,0.4,1.1,0.3,150,18,0.7,1.8,0.5,140,31,0.7,1.8,0.5,140,31,0,29.55,-0.2,0,0,0,43.2,46.8,49.8,0.38,0.44,0.38
COPA,2019-11-08 22:45:00 EST,42.13659,-73.51988,685,20.5,22.3,20.5,76.1,14.1,0.000,0.000,0.00,0.000,1.9,3.4,0.8,94,8,2.3,3.9,0.8,91,9,2.3,3.9,0.8,91,9,0,29.55,-0.1,0,0,0,43.2,46.8,49.8,0.38,0.44,0.38
COPA,2019-11-08 22:50:00 EST,42.13659,-73.51988,685,21.1,23.5,21.1,72.4,13.6,0.000,0.000,0.00,0.000,2.4,3.1,0.4,82,8,2.8,3.7,0.5,79,10,2.8,3.7,0.5,79,10,0,29.55,-0.3,0,0,0,43.0,46.8,49.8,0.38,0.44,0.38
COPA,2019-11-08 22:55:00 EST,42.13659,-73.51988,685,20.7,23.1,20.7,70.7,12.7,0.000,0.000,0.00,0.000,1.9,3.0,0.5,87,18,2.1,3.5,0.6,83,18,2.1,3.5,0.6,83,18,0,29.55,-0.5,0,0,0,43.0,46.8,49.8,0.38,0.44,0.38
COPA,2019-11-08 23:00:00 EST,42.13659,-73.51988,685,18.4,20.9,18.4,74.6,11.7,0.000,0.000,0.00,0.000,1.4,2.8,0.8,117,13,1.6,3.7,0.9,117,15,1.6,3.7,0.9,117,15,0,29.55,-0.3,0,0,0,43.0,46.8,49.8,0.38,0.44,0.38
COPA,2019-11-08 23:05:00 EST,42.13659,-73.51988,685,17.7,20.1,17.7,79.2,12.3,0.000,0.000,0.00,0.000,0.6,1.7,0.6,217,16,1.0,1.8,0.5,214,26,1.0,1.8,0.5,214,26,0,29.55,-0.2,0,0,0,43.0,46.8,49.8,0.38,0.44,0.38
COPA,2019-11-08 23:10:00 EST,42.13659,-73.51988,685,17.8,20.2,17.8,83.1,13.5,0.000,0.000,0.00,0.000,1.6,2.8,0.3,151,20,1.8,3.0,0.4,148,20,1.8,3.0,0.4,148,20,0,29.55,-0.2,0,0,0,43.0,46.8,49.8,0.38,0.44,0.38
COPA,2019-11-08 23:15:00 EST,42.13659,-73.51988,685,18.1,20.7,18.1,83.2,13.9,0.000,0.000,0.00,0.000,1.6,3.4,0.9,112,12,1.8,4.1,0.9,110,16,1.8,4.1,0.9,110,16,0,29.55,-0.2,0,0,0,43.0,46.8,49.8,0.38,0.44,0.38
COPA,2019-11-08 23:20:00 EST,42.13659,-73.51988,685,18.7,20.5,18.7,81.6,14.0,0.000,0.000,0.00,0.000,1.2,2.9,1.0,139,25,1.6,3.3,0.8,136,40,1.6,3.3,0.8,136,40,0,29.55,-0.2,0,0,0,42.9,46.8,49.8,0.38,0.44,0.38
COPA,2019-11-08 23:25:00 EST,42.13659,-73.51988,685,18.7,20.5,18.7,79.5,13.4,0.000,0.000,0.00,0.000,1.0,2.3,0.8,165,35,1.3,2.6,0.7,170,44,1.3,2.6,0.7,170,44,0,29.56,-0.2,0,0,0,42.8,46.8,49.8,0.38,0.44,0.38
COPA,2019-11-08 23:30:00 EST,42.13659,-73.51988,685,18.8,21.3,18.8,78.9,13.3,0.000,0.000,0.00,0.000,1.6,2.6,0.9,154,4,1.8,2.9,0.9,149,6,1.8,2.9,0.9,149,6,0,29.56,-0.4,0,0,0,42.8,46.7,49.8,0.38,0.44,0.38
COPA,2019-11-08 23:35:00 EST,42.13659,-73.51988,685,18.4,21.3,18.4,76.4,12.2,0.000,0.000,0.00,0.000,0.9,2.3,0.7,151,39,1.2,2.5,0.7,152,43,1.2,2.5,0.7,152,43,0,29.56,-0.1,0,0,0,42.8,46.7,49.8,0.38,0.44,0.38
COPA,2019-11-08 23:40:00 EST,42.13659,-73.51988,685,19.3,22.1,19.3,75.8,12.9,0.000,0.000,0.00,0.000,2.1,2.8,0.4,149,11,2.2,3.1,0.3,146,13,2.2,3.1,0.3,146,13,0,29.56,-0.4,0,0,0,42.8,46.6,49.8,0.38,0.44,0.38
COPA,2019-11-08 23:45:00 EST,42.13659,-73.51988,685,18.9,22.3,18.9,75.7,12.5,0.000,0.000,0.00,0.000,1.8,2.6,0.4,131,14,1.8,2.8,0.4,132,15,1.8,2.8,0.4,132,15,0,29.56,-0.3,0,0,0,42.8,46.6,49.8,0.38,0.44,0.38
COPA,2019-11-08 23:50:00 EST,42.13659,-73.51988,685,17.8,22.4,17.8,76.5,11.7,0.000,0.000,0.00,0.000,2.0,3.1,0.5,112,6,2.1,3.4,0.5,110,9,2.1,3.4,0.5,110,9,0,29.56,-0.3,0,0,0,42.8,46.6,49.8,0.38,0.44,0.38
COPA,2019-11-08 23:55:00 EST,42.13659,-73.51988,685,17.8,20.9,17.8,79.8,12.6,0.000,0.000,0.00,0.000,0.1,1.2,0.3,103,0,0.2,1.5,0.4,91,28,0.2,1.5,0.4,91,28,0,29.56,-0.3,0,0,0,42.8,46.6,49.8,0.38,0.44,0.38
COPE,2019-11-08 00:00:00 EST,43.92056,-75.60786,817,20.9,23.1,20.9,86.4,17.4,0.000,0.097,0.00,0.000,0.8,1.8,0.4,7,15,1.1,1.9,0.4,355,19,1.1,1.9,0.4,355,19,0,29.21,-0.1,0,0,,40.3,45.6,,0.50,0.65,
COPE,2019-11-08 00:05:00 EST,43.92056,-75.60786,817,20.6,22.9,20.6,88.2,17.7,0.000,0.000,0.00,0.000,1.3,2.3,0.5,319,46,1.5,2.6,0.5,310,45,1.5,2.6,0.5,310,45,0,29.21,-0.1,0,0,,40.2,45.6,,0.50,0.65,
COPE,2019-11-08 00:10:00 EST,43.92056,-75.60786,817,21.1,23.1,16.7,88.0,18.1,0.000,0.000,0.00,0.000,2.8,3.5,0.4,284,4,3.2,3.9,0.4,278,5,3.2,3.9,0.4,278,5,0,29.21,-0.1,0,0,,40.1,45.6,,0.50,0.65,
COPE,2019-11-08 00:15:00 EST,43.92056,-75.60786,817,21.6,23.1,17.5,85.8,18.1,0.000,0.000,0.00,0.000,2.7,3.7,0.3,283,6,3.0,4.2,0.4,277,7,3.0,4.2,0.4,277,7,0,29.21,-0.1,0,0,,40.1,45.5,,0.50,0.65,
COPE,2019-11-08 00:20:00 EST,43.92056,-75.60786,817,22.0,23.1,16.3,83.9,17.9,0.000,0.000,0.00,0.000,3.8,5.2,0.5,284,6,4.1,5.8,0.5,276,7,4.1,5.8,0.5,276,7,0,29.21,-0.1,0,0,,40.1,45.5,,0.50,0.65,
COPE,2019-11-08 00:25:00 EST,43.92056,-75.60786,817,21.6,22.9,16.1,83.3,17.3,0.000,0.000,0.00,0.000,3.6,4.4,0.4,282,7,4.0,5.1,0.5,274,7,4.0,5.1,0.5,274,7,0,29.21,-0.1,0,0,,40.1,45.5,,0.50,0.65,
COPE,2019-11-08 00:30:00 EST,43.92056,-75.60786,817,21.9,22.9,16.1,83.5,17.7,0.000,0.000,0.00,0.000,3.9,4.6,0.3,281,6,4.2,5.1,0.4,273,6,4.2,5.1,0.4,273,6,0,29.21,-0.1,0,0,,39.9,45.5,,0.50,0.65,
COPE,2019-11-08 00:35:00 EST,43.92056,-75.60786,817,21.8,22.9,17.2,82.5,17.3,0.000,0.000,0.00,0.000,3.1,3.7,0.4,275,9,3.4,4.3,0.5,268,10,3.4,4.3,0.5,268,10,0,29.21,-0.2,0,0,,39.9,45.5,,0.50,0.65,
COPE,2019-11-08 00:40:00 EST,43.92056,-75.60786,817,20.9,22.4,16.3,83.3,16.7,0.000,0.000,0.00,0.000,2.9,4.2,0.6,273,10,3.3,5.2,0.7,265,10,3.3,5.2,0.7,265,10,0,29.21,-0.1,0,0,,39.9,45.5,,0.50,0.65,
COPE,2019-11-08 00:45:00 EST,43.92056,-75.60786,817,21.1,22.5,14.8,84.8,17.2,0.000,0.000,0.00,0.000,4.2,6.0,0.8,264,7,4.6,6.6,0.9,257,6,4.6,6.6,0.9,257,6,0,29.21,-0.0,0,0,,39.9,45.5,,0.50,0.65,
COPE,2019-11-08 00:50:00 EST,43.92056,-75.60786,817,21.4,22.5,14.2,83.9,17.3,0.000,0.000,0.00,0.000,4.9,5.8,0.5,263,7,5.4,6.7,0.6,257,5,5.4,6.7,0.6,257,5,0,29.21,-0.1,0,0,,39.9,45.5,,0.50,0.65,
COPE,2019-11-08 00:55:00 EST,43.92056,-75.60786,817,21.5,22.6,14.9,83.3,17.2,0.000,0.000,0.00,0.000,4.4,5.7,0.7,265,8,4.8,6.6,0.8,259,7,4.8,6.6,0.8,259,7,0,29.21,-0.1,0,0,,39.8,45.5,,0.50,0.65,
COPE,2019-11-08 01:00:00 EST,43.92056,-75.60786,817,21.4,22.4,16.0,82.5,16.9,0.000,0.000,0.00,0.000,3.6,5.0,0.7,267,9,3.9,5.6,0.8,259,8,3.9,5.6,0.8,259,8,0,29.21,-0.1,0,0,,39.7,45.5,,0.50,0.65,
COPE,2019-11-08 01:05:00 EST,43.92056,-75.60786,817,21.0,22.1,15.7,84.5,17.1,0.000,0.000,0.00,0.000,3.5,4.9,0.7,258,8,3.8,5.5,0.8,251,8,3.8,5.5,0.8,251,8,0,29.21,-0.0,0,0,,39.7,45.5,,0.50,0.65,
COPE,2019-11-08 01:10:00 EST,43.92056,-75.60786,817,21.7,22.5,15.1,82.3,17.1,0.000,0.000,0.00,0.000,4.6,5.8,0.7,250,6,4.8,6.6,0.7,243,6,4.8,6.6,0.7,243,6,0,29.21,-0.1,0,0,,39.7,45.5,,0.50,0.65,
COPE,2019-11-08 01:15:00 EST,43.92056,-75.60786,817,21.8,22.4,15.3,82.4,17.2,0.000,0.000,0.00,0.000,4.4,5.9,0.8,255,7,4.8,6.9,1.0,247,6,4.8,6.9,1.0,247,6,0,29.21,-0.0,0,0,,39.7,45.5,,0.50,0.65,
COPE,2019-11-08 01:20:00 EST,43.92056,-75.60786,817,22.1,22.4,15.0,82.8,17.6,0.000,0.000,0.00,0.000,4.9,7.2,0.7,264,8,5.3,7.8,0.8,258,6,5.3,7.8,0.8,258,6,0,29.21,-0.0,0,0,,39.6,45.5,,0.50,0.65,
COPE,2019-11-08 01:25:00 EST,43.92056,-75.60786,817,22.1,22.4,16.5,83.3,17.8,0.000,0.000,0.00,0.000,3.8,5.1,0.6,266,8,4.1,5.7,0.8,260,8,4.1,5.7,0.8,260,8,0,29.21,-0.0,0,0,,39.6,45.5,,0.50,0.65,
COPE,2019-11-08 01:30:00 EST,43.92056,-75.60786,817,22.1,22.4,16.4,83.9,18.0,0.000,0.000,0.00,0.000,3.8,4.6,0.4,257,6,4.1,5.2,0.5,249,6,4.1,5.2,0.5,249,6,0,29.21,-0.0,0,0,,39.6,45.5,,0.50,0.65,
COPE,2019-11-08 01:35:00 EST,43.92056,-75.60786,817,22.2,22.5,16.1,83.7,18.0,0.000,0.000,0.00,0.000,4.2,5.6,0.5,257,6,4.5,7.0,0.7,250,6,4.5,7.0,0.7,250,6,0,29.21,-0.0,0,0,,39.6,45.5,,0.50,0.65,
COPE,2019-11-08 01:40:00 EST,43.92056,-75.60786,817,22.4,22.7,16.4,81.3,17.5,0.000,0.000,0.00,0.000,4.1,5.2,0.5,267,9,4.5,5.9,0.6,260,9,4.5,5.9,0.6,260,9,0,29.21,0.0,0,0,,39.6,45.5,,0.50,0.65,
COPE,2019-11-08 01:45:00 EST,43.92056,-75.60786,817,22.5,22.7,16.7,80.0,17.2,0.000,0.000,0.00,0.000,4.0,5.3,0.5,277,8,4.3,6.0,0.7,269,7,4.3,6.0,0.7,269,7,0,29.21,-0.0,0,0,,39.6,45.5,,0.50,0.65,
COPE,2019-11-08 01:50:00 EST,43.92056,-75.60786,817,22.4,22.6,16.6,80.5,17.3,0.000,0.000,0.00,0.000,3.9,5.3,0.7,280,6,4.3,6.1,0.7,273,6,4.3,6.1,0.7,273,6,0,29.21,-0.0,0,0,,39.5,45.5,,0.50,0.65,
COPE,2019-11-08 01:55:00 EST,43.92056,-75.60786,817,22.4,22.7,16.4,81.2,17.5,0.000,0.000,0.00,0.000,4.1,6.2,0.7,289,11,4.5,6.8,0.7,281,10,4.5,6.8,0.7,281,10,0,29.21,0.0,0,0,,39.4,45.5,,0.50,0.65,
COPE,2019-11-08 02:00:00 EST,43.92056,-75.60786,817,22.5,22.7,16.8,79.7,17.2,0.000,0.000,0.00,0.000,4.1,6.1,0.8,302,7,4.3,6.4,0.9,295,8,4.3,6.4,0.9,295,8,0,29.21,-0.0,0,0,,39.4,45.5,,0.50,0.65,
COPE,2019-11-08 02:05:00 EST,43.92056,-75.60786,817,22.6,22.8,16.9,80.0,17.4,0.000,0.000,0.00,0.000,4.0,6.0,0.8,293,12,4.3,6.6,0.8,285,10,4.3,6.6,0.8,285,10,0,29.21,-0.0,0,0,,39.4,45.5,,0.50,0.65,
COPE,2019-11-08 02:10:00 EST,43.92056,-75.60786,817,22.7,22.8,15.5,77.1,16.6,0.000,0.000,0.00,0.000,5.3,8.2,1.4,316,14,5.6,9.1,1.4,310,14,5.6,9.1,1.4,310,14,0,29.21,-0.0,0,0,,39.4,45.5,,0.50,0.65,
COPE,2019-11-08 02:15:00 EST,43.92056,-75.60786,817,22.6,22.8,16.1,77.2,16.6,0.000,0.000,0.00,0.000,4.7,6.7,0.9,328,18,5.0,8.3,1.0,322,17,5.0,8.3,1.0,322,17,0,29.21,-0.0,0,0,,39.4,45.5,,0.50,0.65,
COPE,2019-11-08 02:20:00 EST,43.92056,-75.60786,817,22.6,22.8,16.2,76.6,16.4,0.000,0.000,0.00,0.000,4.6,6.9,0.8,319,12,4.9,7.1,0.9,314,12,4.9,7.1,0.9,314,12,0,29.21,-0.0,0,0,,39.4,45.5,,0.50,0.65,
COPE,2019-11-08 02:25:00 EST,43.92056,-75.60786,817,22.6,22.7,16.1,76.8,16.4,0.000,0.000,0.00,0.000,4.7,6.2,0.8,311,12,4.9,6.8,0.8,305,12,4.9,6.8,0.8,305,12,0,29.21,-0.0,0,0,,39.3,45.5,,0.50,0.65,
COPE,2019-11-08 02:30:00 EST,43.92056,-75.60786,817,22.5,22.7,16.1,76.9,16.4,0.000,0.000,0.00,0.000,4.6,7.4,1.1,306,10,4.9,7.5,1.2,300,10,4.9,7.5,1.2,300,10,0,29.21,-0.0,0,0,,39.2,45.5,,0.50,0.65,
COPE,2019-11-08 02:35:00 EST,43.92056,-75.60786,817,22.5,22.6,14.6,76.5,16.2,0.000,0.000,0.00,0.000,6.1,8.4,1.1,304,8,6.3,8.7,1.2,296,8,6.3,8.7,1.2,296,8,0,29.21,0.0,0,0,,39.2,45.5,,0.50,0.65,
COPE,2019-11-08 02:40:00 EST,43.92056,-75.60786,817,22.3,22.5,15.7,77.5,16.4,0.000,0.000,0.00,0.000,4.6,6.7,0.9,313,9,5.0,7.7,0.9,305,9,5.0,7.7,0.9,305,9,0,29.21,-0.0,0,0,,39.2,45.5,,0.50,0.65,
COPE,2019-11-08 02:45:00 EST,43.92056,-75.60786,817,22.2,22.4,15.9,78.9,16.6,0.000,0.000,0.00,0.000,4.5,6.7,1.1,315,10,4.7,7.0,1.1,308,10,4.7,7.0,1.1,308,10,0,29.21,-0.0,0,0,,39.2,45.5,,0.50,0.65,
COPE,2019-11-08 02:50:00 EST,43.92056,-75.60786,817,22.1,22.3,15.8,79.2,16.7,0.000,0.000,0.00,0.000,4.5,5.7,0.7,307,8,4.7,6.4,0.7,300,9,4.7,6.4,0.7,300,9,0,29.21,0.0,0,0,,39.2,45.5,,0.50,0.65,
COPE,2019-11-08 02:55:00 EST,43.92056,-75.60786,817,22.2,22.3,16.8,78.9,16.6,0.000,0.000,0.00,0.000,3.9,4.8,0.4,303,6,4.0,5.6,0.6,296,7,4.0,5.6,0.6,296,7,0,29.21,-0.0,0,0,,39.2,45.5,,0.50,0.65,
COPE,2019-11-08 03:00:00 EST,43.92056,-75.60786,817,22.1,22.3,16.2,80.1,16.9,0.000,0.000,0.00,0.000,4.2,5.5,0.4,306,5,4.3,5.6,0.5,299,5,4.3,5.6,0.5,299,5,0,29.21,-0.0,0,0,,39.2,45.4,,0.50,0.65,
COPE,2019-11-08 03:05:00 EST,43.92056,-75.60786,817,22.0,22.2,16.7,81.1,17.1,0.000,0.000,0.00,0.000,3.8,5.3,0.7,300,8,3.9,5.8,0.8,292,9,3.9,5.8,0.8,292,9,0,29.21,0.0,0,0,,39.2,45.4,,0.50,0.65,
COPE,2019-11-08 03:10:00 EST,43.92056,-75.60786,817,22.0,22.1,16.1,80.3,16.9,0.000,0.000,0.00,0.000,4.1,5.8,0.7,303,11,4.3,6.8,0.9,295,10,4.3,6.8,0.9,295,10,0,29.21,0.0,0,0,,39.2,45.4,,0.50,0.65,
COPE,2019-11-08 03:15:00 EST,43.92056,-75.60786,817,21.9,22.1,14.1,79.5,16.5,0.000,0.000,0.00,0.000,5.7,8.0,0.9,298,10,6.1,8.5,1.0,291,11,6.1,8.5,1.0,291,11,0,29.21,-0.0,0,0,,39.2,45.4,,0.50,0.65,
COPE,2019-11-08 03:20:00 EST,43.92056,-75.60786,817,21.8,22.0,14.9,79.9,16.5,0.000,0.000,0.00,0.000,4.8,6.4,0.7,304,9,5.1,7.1,0.7,296,9,5.1,7.1,0.7,296,9,0,29.21,-0.0,0,0,,39.2,45.3,,0.50,0.65,
COPE,2019-11-08 03:25:00 EST,43.92056,-75.60786,817,21.7,22.0,13.8,79.7,16.4,0.000,0.000,0.00,0.000,5.9,8.4,1.0,300,9,6.2,9.0,1.1,292,8,6.2,9.0,1.1,292,8,0,29.21,-0.0,0,0,,39.2,45.3,,0.50,0.65,
COPE,2019-11-08 03:30:00 EST,43.92056,-75.60786,817,21.8,21.9,13.8,79.5,16.4,0.000,0.000,0.00,0.000,6.0,8.8,1.2,306,10,6.3,9.4,1.3,299,11,6.3,9.4,1.3,299,11,0,29.21,0.0,0,0,,39.2,45.3,,0.50,0.65,
COPE,2019-11-08 03:35:00 EST,43.92056,-75.60786,817,21.7,21.8,14.8,80.3,16.5,0.000,0.000,0.00,0.000,4.9,7.2,1.0,301,9,5.1,8.4,1.1,294,9,5.1,8.4,1.1,294,9,0,29.21,0.0,0,0,,39.2,45.4,,0.50,0.65,
COPE,2019-11-08 03:40:00 EST,43.92056,-75.60786,817,21.6,21.8,14.8,81.2,16.7,0.000,0.000,0.00,0.000,4.8,6.6,0.9,302,9,5.1,6.9,0.9,294,10,5.1,6.9,0.9,294,10,0,29.21,0.0,0,0,,39.2,45.3,,0.50,0.65,
COPE,2019-11-08 03:45:00 EST,43.92056,-75.60786,817,21.5,21.7,14.0,81.5,16.7,0.000,0.000,0.00,0.000,5.5,7.0,0.7,300,8,5.7,7.3,0.8,293,8,5.7,7.3,0.8,293,8,0,29.21,0.0,0,0,,39.2,45.3,,0.50,0.65,
COPE,2019-11-08 03:50:00 EST,43.92056,-75.60786,817,21.4,21.6,13.3,81.9,16.7,0.000,0.000,0.00,0.000,6.0,9.4,1.2,294,11,6.3,9.5,1.3,287,11,6.3,9.5,1.3,287,11,0,29.21,-0.0,0,0,,39.2,45.3,,0.50,0.65,
COPE,2019-11-08 03:55:00 EST,43.92056,-75.60786,817,21.1,21.5,13.9,82.2,16.5,0.000,0.000,0.00,0.000,5.0,7.1,0.9,293,9,5.4,8.3,1.0,286,9,5.4,8.3,1.0,286,9,0,29.21,-0.0,0,0,,39.2,45.3,,0.50,0.65,
COPE,2019-11-08 04:00:00 EST,43.92056,-75.60786,817,20.7,21.3,13.2,82.9,16.4,0.000,0.000,0.00,0.000,5.2,7.0,0.8,291,10,5.6,7.5,0.9,283,10,5.6,7.5,0.9,283,10,0,29.22,-0.1,0,0,,39.1,45.3,,0.50,0.65,
COPE,2019-11-08 04:05:00 EST,43.92056,-75.60786,817,20.5,21.1,12.1,83.2,16.2,0.000,0.000,0.00,0.000,6.2,8.5,0.9,292,10,6.5,9.9,1.1,284,10,6.5,9.9,1.1,284,10,0,29.22,0.0,0,0,,39.0,45.3,,0.50,0.65,
COPE,2019-11-08 04:10:00 EST,43.92056,-75.60786,817,20.2,20.8,12.7,83.1,15.9,0.000,0.000,0.00,0.000,5.2,8.5,1.4,302,12,5.5,9.0,1.4,294,12,5.5,9.0,1.4,294,12,0,29.22,0.0,0,0,,39.0,45.3,,0.50,0.65,
COPE,2019-11-08 04:15:00 EST,43.92056,-75.60786,817,20.1,20.7,12.6,83.0,15.8,0.000,0.000,0.00,0.000,5.2,9.6,1.5,299,11,5.5,10.0,1.6,292,11,5.5,10.0,1.6,292,11,0,29.22,-0.0,0,0,,39.0,45.3,,0.50,0.65,
COPE,2019-11-08 04:20:00 EST,43.92056,-75.60786,817,19.9,20.5,12.6,83.0,15.6,0.000,0.000,0.00,0.000,4.9,6.7,0.8,294,10,5.2,7.3,0.9,287,10,5.2,7.3,0.9,287,10,0,29.22,0.1,0,0,,39.0,45.3,,0.50,0.65,
COPE,2019-11-08 04:25:00 EST,43.92056,-75.60786,817,19.7,20.3,11.8,83.5,15.5,0.000,0.000,0.00,0.000,5.6,8.6,1.4,302,9,5.8,8.6,1.4,295,10,5.8,8.6,1.4,295,10,0,29.22,0.0,0,0,,39.0,45.3,,0.50,0.65,
COPE,2019-11-08 04:30:00 EST,43.92056,-75.60786,817,19.7,20.2,11.8,83.3,15.5,0.000,0.000,0.00,0.000,5.5,7.8,0.9,300,10,5.8,7.8,0.9,292,9,5.8,7.8,0.9,292,9,0,29.22,0.0,0,0,,39.0,45.3,,0.50,0.65,
COPE,2019-11-08 04:35:00 EST,43.92056,-75.60786,817,19.6,20.0,12.0,83.5,15.4,0.000,0.000,0.00,0.000,5.2,7.4,0.9,292,10,5.5,8.4,1.0,284,10,5.5,8.4,1.0,284,10,0,29.22,-0.0,0,0,,39.0,45.3,,0.50,0.65,
COPE,2019-11-08 04:40:00 EST,43.92056,-75.60786,817,19.6,19.9,11.8,84.0,15.5,0.000,0.000,0.00,0.000,5.3,7.7,1.1,298,9,5.6,9.1,1.2,290,8,5.6,9.1,1.2,290,8,0,29.22,0.1,0,0,,39.0,45.3,,0.50,0.65,
COPE,2019-11-08 04:45:00 EST,43.92056,-75.60786,817,20.0,20.1,9.9,84.6,16.1,0.000,0.000,0.00,0.000,8.1,13.1,2.1,306,11,8.4,13.4,2.1,297,11,8.4,13.4,2.1,297,11,0,29.23,0.0,0,0,,38.9,45.3,,0.50,0.65,
COPE,2019-11-08 04:50:00 EST,43.92056,-75.60786,817,20.3,20.3,10.4,85.0,16.5,0.000,0.000,0.00,0.000,7.7,11.4,1.7,307,13,8.3,13.2,1.8,299,13,8.3,13.2,1.8,299,13,0,29.23,0.1,0,0,,38.9,45.3,,0.50,0.65,
COPE,2019-11-08 04:55:00 EST,43.92056,-75.60786,817,20.5,20.4,11.0,85.7,16.9,0.000,0.000,0.00,0.000,7.4,10.9,1.4,313,11,7.7,11.0,1.5,306,11,7.7,11.0,1.5,306,11,0,29.23,0.1,0,0,,38.8,45.3,,0.50,0.65,
COPE,2019-11-08 05:00:00 EST,43.92056,-75.60786,817,20.6,20.5,10.8,86.0,17.1,0.000,0.000,0.00,0.000,7.9,10.3,1.3,308,8,8.2,11.3,1.3,300,8,8.2,11.3,1.3,300,8,0,29.23,0.1,0,0,,38.8,45.3,,0.50,0.65,
COPE,2019-11-08 05:05:00 EST,43.92056,-75.60786,817,20.7,20.6,11.0,86.1,17.1,0.000,0.000,0.00,0.000,7.7,11.0,1.6,316,11,8.0,12.3,1.7,311,11,8.0,12.3,1.7,311,11,0,29.23,0.1,0,0,,38.8,45.3,,0.50,0.65,
COPE,2019-11-08 05:10:00 EST,43.92056,-75.60786,817,20.7,20.6,11.9,86.8,17.4,0.000,0.000,0.00,0.000,6.5,9.6,1.3,314,13,7.0,10.2,1.4,307,13,7.0,10.2,1.4,307,13,0,29.23,0.1,0,0,,38.8,45.3,,0.50,0.65,
COPE,2019-11-08 05:15:00 EST,43.92056,-75.60786,817,20.6,20.6,10.8,87.0,17.4,0.000,0.000,0.00,0.000,8.0,11.1,1.6,313,11,8.2,11.8,1.5,307,12,8.2,11.8,1.5,307,12,0,29.23,0.1,0,0,,38.8,45.3,,0.50,0.65,
COPE,2019-11-08 05:20:00 EST,43.92056,-75.60786,817,20.6,20.6,11.1,87.5,17.5,0.000,0.000,0.00,0.000,7.3,11.3,1.7,322,15,7.9,11.9,1.7,315,16,7.9,11.9,1.7,315,16,0,29.23,0.1,0,0,,38.8,45.2,,0.50,0.65,
COPE,2019-11-08 05:25:00 EST,43.92056,-75.60786,817,20.6,20.5,10.8,87.7,17.5,0.000,0.000,0.00,0.000,7.8,11.8,1.4,317,15,8.2,12.7,1.5,311,15,8.2,12.7,1.5,311,15,0,29.23,0.1,0,0,,38.8,45.2,,0.50,0.65,
COPE,2019-11-08 05:30:00 EST,43.92056,-75.60786,817,20.7,20.6,11.5,88.1,17.7,0.000,0.000,0.00,0.000,7.0,11.5,1.5,303,12,7.5,11.1,1.6,295,11,7.5,11.1,1.6,295,11,0,29.24,0.1,0,0,,38.7,45.2,,0.50,0.65,
COPE,2019-11-08 05:35:00 EST,43.92056,-75.60786,817,20.7,20.6,11.4,88.4,17.8,0.000,0.000,0.00,0.000,7.2,11.9,1.7,303,12,7.6,12.8,1.7,294,12,7.6,12.8,1.7,294,12,0,29.24,0.1,0,0,,38.7,45.2,,0.50,0.65,
COPE,2019-11-08 05:40:00 EST,43.92056,-75.60786,817,20.7,20.6,10.7,88.1,17.7,0.000,0.000,0.00,0.000,8.2,11.4,1.1,309,9,8.5,11.1,1.0,302,9,8.5,11.1,1.0,302,9,0,29.24,0.1,0,0,,38.7,45.1,,0.50,0.65,
COPE,2019-11-08 05:45:00 EST,43.92056,-75.60786,817,20.7,20.7,11.5,88.0,17.7,0.000,0.000,0.00,0.000,7.1,9.1,1.2,303,14,7.5,10.6,1.2,294,14,7.5,10.6,1.2,294,14,0,29.24,0.1,0,0,,38.7,45.1,,0.50,0.65,
COPE,2019-11-08 05:50:00 EST,43.92056,-75.60786,817,20.8,20.7,11.0,88.6,18.0,0.000,0.000,0.00,0.000,7.9,10.7,1.2,309,11,8.3,11.2,1.3,302,11,8.3,11.2,1.3,302,11,0,29.24,0.1,0,0,,38.7,45.1,,0.50,0.65,
COPE,2019-11-08 05:55:00 EST,43.92056,-75.60786,817,20.8,20.7,11.4,88.4,17.9,0.000,0.000,0.00,0.000,7.3,10.7,1.1,298,10,7.8,11.5,1.2,290,10,7.8,11.5,1.2,290,10,0,29.24,0.1,0,0,,38.7,45.1,,0.50,0.65,
COPE,2019-11-08 06:00:00 EST,43.92056,-75.60786,817,20.9,20.8,11.5,88.9,18.1,0.000,0.000,0.00,0.000,7.4,10.4,1.1,306,12,7.7,11.2,1.3,299,13,7.7,11.2,1.3,299,13,0,29.24,0.1,0,0,,38.7,45.1,,0.50,0.65,
COPE,2019-11-08 06:05:00 EST,43.92056,-75.60786,817,20.9,20.8,11.5,88.8,18.1,0.000,0.000,0.00,0.000,7.7,10.2,1.1,311,8,7.8,10.6,1.1,305,8,7.8,10.6,1.1,305,8,0,29.24,0.1,0,0,,38.7,45.1,,0.50,0.65,
COPE,2019-11-08 06:10:00 EST,43.92056,-75.60786,817,21.0,20.9,11.4,88.9,18.2,0.000,0.000,0.00,0.000,7.6,12.3,1.7,311,12,8.0,12.6,1.8,303,12,8.0,12.6,1.8,303,12,0,29.25,0.1,0,0,,38.7,45.1,,0.50,0.65,
COPE,2019-11-08 06:15:00 EST,43.92056,-75.60786,817,21.0,20.9,10.8,88.9,18.2,0.000,0.000,0.00,0.000,8.5,13.2,1.5,311,14,8.8,13.1,1.6,303,14,8.8,13.1,1.6,303,14,0,29.25,0.1,0,0,,38.7,45.1,,0.50,0.65,
COPE,2019-11-08 06:20:00 EST,43.92056,-75.60786,817,21.0,20.9,10.3,88.8,18.2,0.000,0.000,0.00,0.000,9.4,13.5,1.7,304,11,9.7,13.8,1.8,296,11,9.7,13.8,1.8,296,11,0,29.25,0.1,0,0,,38.7,45.1,,0.50,0.65,
COPE,2019-11-08 06:25:00 EST,43.92056,-75.60786,817,21.0,21.0,10.2,88.5,18.2,0.000,0.000,0.00,0.000,9.5,13.0,1.6,304,8,9.9,13.1,1.6,296,8,9.9,13.1,1.6,296,8,0,29.25,0.0,0,0,,38.6,45.1,,0.50,0.65,
COPE,2019-11-08 06:30:00 EST,43.92056,-75.60786,817,21.1,21.1,11.2,89.0,18.4,0.000,0.000,0.00,0.000,8.1,12.6,1.7,305,11,8.5,13.3,1.7,298,11,8.5,13.3,1.7,298,11,0,29.25,0.1,0,0,,38.6,45.1,,0.50,0.65,
COPE,2019-11-08 06:35:00 EST,43.92056,-75.60786,817,21.1,21.0,10.3,88.8,18.3,0.000,0.000,0.00,0.000,9.6,14.4,1.4,308,8,9.8,16.2,1.5,300,8,9.8,16.2,1.5,300,8,0,29.25,0.1,0,0,,38.5,45.1,,0.50,0.65,
COPE,2019-11-08 06:40:00 EST,43.92056,-75.60786,817,21.2,21.1,9.3,88.9,18.4,0.000,0.000,0.00,0.000,11.5,16.1,2.2,308,9,11.8,16.3,2.2,300,9,11.8,16.3,2.2,300,9,1,29.26,0.1,0,0,,38.5,45.1,,0.50,0.65,
COPE,2019-11-08 06:45:00 EST,43.92056,-75.60786,817,21.2,21.1,10.5,88.8,18.4,0.000,0.000,0.00,0.000,9.1,13.6,1.9,303,13,9.6,14.7,2.1,294,11,9.6,14.7,2.1,294,11,1,29.26,0.1,0,0,,38.5,45.1,,0.50,0.65,
COPE,2019-11-08 06:50:00 EST,43.92056,-75.60786,817,21.2,21.2,10.2,88.9,18.4,0.000,0.000,0.00,0.000,9.8,13.4,1.9,302,12,10.3,15.4,2.0,294,12,10.3,15.4,2.0,294,12,2,29.26,0.1,0,0,,38.5,45.1,,0.50,0.65,
COPE,2019-11-08 06:55:00 EST,43.92056,-75.60786,817,21.3,21.2,10.4,88.5,18.4,0.000,0.000,0.00,0.000,9.6,14.5,2.3,302,10,10.0,15.6,2.2,294,10,10.0,15.6,2.2,294,10,4,29.26,0.1,0,0,,38.5,45.1,,0.50,0.65,
COPE,2019-11-08 07:00:00 EST,43.92056,-75.60786,817,21.4,21.3,10.7,88.5,18.5,0.000,0.000,0.00,0.000,9.4,14.5,2.2,308,11,9.7,14.5,2.1,300,10,9.7,14.5,2.1,300,10,3,29.27,0.1,0,0,,38.5,45.1,,0.50,0.65,
COPE,2019-11-08 07:05:00 EST,43.92056,-75.60786,817,21.4,21.3,9.6,88.2,18.4,0.000,0.000,0.00,0.000,11.2,16.8,2.8,310,11,11.6,16.3,2.7,302,10,11.6,16.3,2.7,302,10,4,29.27,0.1,0,0,,38.5,45.1,,0.50,0.65,
COPE,2019-11-08 07:10:00 EST,43.92056,-75.60786,817,21.4,21.3,10.5,88.2,18.4,0.000,0.000,0.00,0.000,9.7,15.3,2.4,315,14,10.0,15.6,2.3,308,14,10.0,15.6,2.3,308,14,6,29.27,0.1,0,0,,38.5,45.1,,0.50,0.65,
COPE,2019-11-08 07:15:00 EST,43.92056,-75.60786,817,21.4,21.3,10.7,87.2,18.2,0.000,0.000,0.00,0.000,9.5,13.9,1.9,316,12,9.9,15.1,2.0,308,12,9.9,15.1,2.0,308,12,9,29.27,0.1,0,0,,38.5,45.1,,0.49,0.65,
COPE,2019-11-08 07:20:00 EST,43.92056,-75.60786,817,21.6,21.5,10.2,87.6,18.5,0.000,0.000,0.00,0.000,10.5,15.0,1.8,313,11,10.9,14.6,1.8,304,11,10.9,14.6,1.8,304,11,15,29.28,0.1,0,0,,38.5,45.1,,0.50,0.65,
COPE,2019-11-08 07:25:00 EST,43.92056,-75.60786,817,21.5,21.4,10.0,87.3,18.3,0.000,0.000,0.00,0.000,11.0,15.8,2.1,307,8,11.3,16.5,2.1,299,7,11.3,16.5,2.1,299,7,11,29.28,0.1,0,0,,38.5,45.1,,0.50,0.65,
COPE,2019-11-08 07:30:00 EST,43.92056,-75.60786,817,21.5,21.5,11.0,87.2,18.3,0.000,0.000,0.00,0.000,9.3,14.3,2.0,314,13,9.5,15.4,2.1,306,12,9.5,15.4,2.1,306,12,14,29.28,0.1,0,0,,38.4,45.1,,0.50,0.65,
COPE,2019-11-08 07:35:00 EST,43.92056,-75.60786,817,21.5,21.5,10.9,87.4,18.4,0.000,0.000,0.00,0.000,9.5,13.1,1.5,317,12,9.8,13.6,1.5,310,12,9.8,13.6,1.5,310,12,19,29.28,0.1,0,0,,38.4,45.0,,0.49,0.65,
COPE,2019-11-08 07:40:00 EST,43.92056,-75.60786,817,21.6,21.5,10.9,87.8,18.5,0.000,0.000,0.00,0.000,9.6,13.4,2.4,319,13,9.8,14.9,2.5,313,14,9.8,14.9,2.5,313,14,20,29.29,-0.0,0,0,,38.3,45.0,,0.50,0.65,
COPE,2019-11-08 07:45:00 EST,43.92056,-75.60786,817,21.6,21.5,11.7,87.7,18.5,0.000,0.000,0.00,0.000,8.4,13.6,2.5,317,17,8.7,14.0,2.6,310,17,8.7,14.0,2.6,310,17,35,29.29,0.0,0,0,,38.3,45.0,,0.50,0.65,
COPE,2019-11-08 07:50:00 EST,43.92056,-75.60786,817,21.7,21.6,11.4,87.4,18.5,0.000,0.000,0.00,0.000,9.0,13.6,2.1,317,13,9.2,14.5,2.0,310,13,9.2,14.5,2.0,310,13,37,29.29,-0.0,0,0,,38.3,45.0,,0.50,0.65,
COPE,2019-11-08 07:55:00 EST,43.92056,-75.60786,817,21.5,21.4,10.3,87.8,18.4,0.000,0.000,0.00,0.000,10.6,14.5,2.0,319,13,10.7,15.8,2.1,312,13,10.7,15.8,2.1,312,13,21,29.29,0.0,0,0,,38.3,45.0,,0.50,0.65,
COPE,2019-11-08 08:00:00 EST,43.92056,-75.60786,817,21.6,21.5,12.0,88.2,18.6,0.000,0.000,0.00,0.000,8.0,13.2,1.9,322,11,8.2,13.3,1.8,314,10,8.2,13.3,1.8,314,10,30,29.30,0.0,0,0,,38.3,45.0,,0.49,0.65,
COPE,2019-11-08 08:05:00 EST,43.92056,-75.60786,817,21.6,21.4,11.2,88.4,18.6,0.000,0.000,0.00,0.000,8.9,12.7,1.8,312,15,9.3,14.1,1.8,304,14,9.3,14.1,1.8,304,14,28,29.30,-0.0,0,0,,38.3,45.0,,0.50,0.65,
COPE,2019-11-08 08:10:00 EST,43.92056,-75.60786,817,21.5,21.4,11.6,88.1,18.6,0.000,0.000,0.00,0.000,8.3,13.4,1.8,308,10,8.7,13.8,1.8,300,9,8.7,13.8,1.8,300,9,24,29.30,-0.0,0,0,,38.3,45.0,,0.50,0.65,
COPE,2019-11-08 08:15:00 EST,43.92056,-75.60786,817,21.4,21.2,10.6,87.9,18.4,0.000,0.000,0.00,0.000,9.7,14.2,2.0,309,13,10.0,15.2,2.0,301,13,10.0,15.2,2.0,301,13,32,29.30,-0.0,0,0,,38.3,45.0,,0.50,0.65,
COPE,2019-11-08 08:20:00 EST,43.92056,-75.60786,817,21.3,21.1,9.8,87.3,18.1,0.000,0.000,0.00,0.000,10.8,16.1,2.0,308,8,11.2,16.3,2.0,300,9,11.2,16.3,2.0,300,9,40,29.30,-0.0,0,0,,38.3,45.0,,0.49,0.65,
COPE,2019-11-08 08:25:00 EST,43.92056,-75.60786,817,21.3,21.2,11.0,87.5,18.2,0.000,0.000,0.00,0.000,9.0,12.1,1.4,307,9,9.3,12.3,1.4,300,9,9.3,12.3,1.4,300,9,50,29.30,0.0,0,0,,38.3,45.0,,0.50,0.65,
COPE,2019-11-08 08:30:00 EST,43.92056,-75.60786,817,21.3,21.1,11.0,87.0,18.0,0.000,0.000,0.00,0.000,8.8,12.9,1.7,308,13,9.2,14.1,1.8,301,14,9.2,14.1,1.8,301,14,57,29.30,-0.0,0,0,,38.3,45.0,,0.49,0.65,
COPE,2019-11-08 08:35:00 EST,43.92056,-75.60786,817,21.2,21.0,9.9,86.7,17.9,0.000,0.000,0.00,0.000,10.2,13.9,1.5,306,12,10.7,14.4,1.6,298,10,10.7,14.4,1.6,298,10,78,29.30,-0.0,0,0,,38.3,45.0,,0.49,0.65,
COPE,2019-11-08 08:40:00 EST,43.92056,-75.60786,817,21.3,21.1,10.9,86.6,17.9,0.000,0.000,0.00,0.000,8.9,12.3,1.4,306,16,9.4,13.1,1.6,299,16,9.4,13.1,1.6,299,16,103,29.31,0.1,0,0,,38.3,45.0,,0.50,0.65,
COPE,2019-11-08 08:45:00 EST,43.92056,-75.60786,817,21.6,21.3,11.4,86.9,18.3,0.000,0.000,0.00,0.000,8.7,14.4,1.8,304,10,9.1,14.9,1.8,296,9,9.1,14.9,1.8,296,9,81,29.31,-0.0,0,0,,38.3,45.0,,0.49,0.65,
COPE,2019-11-08 08:50:00 EST,43.92056,-75.60786,817,21.2,20.9,9.0,85.8,17.6,0.000,0.000,0.00,0.000,11.9,17.0,2.0,301,10,12.3,17.2,2.1,292,9,12.3,17.2,2.1,292,9,97,29.31,0.0,0,0,,38.3,45.0,,0.49,0.65,
COPE,2019-11-08 08:55:00 EST,43.92056,-75.60786,817,21.0,20.7,9.1,85.2,17.2,0.000,0.000,0.00,0.000,11.3,16.3,2.3,323,15,11.6,16.6,2.4,317,15,11.6,16.6,2.4,317,15,76,29.31,0.0,0,0,,38.3,45.0,,0.49,0.65,
COPE,2019-11-08 09:00:00 EST,43.92056,-75.60786,817,20.9,20.7,10.8,86.0,17.4,0.000,0.000,0.00,0.000,8.1,10.9,1.3,338,12,8.8,11.5,1.4,333,11,8.8,11.5,1.4,333,11,74,29.31,0.0,0,0,,38.3,45.0,,0.49,0.64,
COPE,2019-11-08 09:05:00 EST,43.92056,-75.60786,817,20.8,20.5,10.5,85.8,17.2,0.000,0.000,0.00,0.000,8.5,11.5,1.5,331,12,8.9,12.3,1.5,324,12,8.9,12.3,1.5,324,12,75,29.31,0.1,0,0,,38.3,45.0,,0.49,0.65,
COPE,2019-11-08 09:10:00 EST,43.92056,-75.60786,817,20.8,20.5,10.6,86.0,17.3,0.000,0.000,0.00,0.000,8.4,12.6,1.7,338,14,8.8,14.1,1.8,333,13,8.8,14.1,1.8,333,13,82,29.31,0.1,0,0,,38.2,45.0,,0.49,0.65,
COPE,2019-11-08 09:15:00 EST,43.92056,-75.60786,817,20.8,20.5,10.7,85.5,17.1,0.000,0.000,0.00,0.000,8.3,13.2,2.1,326,15,8.7,13.2,2.2,322,14,8.7,13.2,2.2,322,14,77,29.32,0.1,0,0,,38.1,45.0,,0.49,0.65,
COPE,2019-11-08 09:20:00 EST,43.92056,-75.60786,817,20.8,20.6,11.4,86.2,17.3,0.000,0.000,0.00,0.000,7.1,11.9,2.3,337,16,7.8,13.9,2.3,331,16,7.8,13.9,2.3,331,16,60,29.32,0.1,0,0,,38.1,44.9,,0.49,0.65,
COPE,2019-11-08 09:25:00 EST,43.92056,-75.60786,817,20.7,20.4,10.2,86.0,17.2,0.000,0.000,0.00,0.000,8.6,12.9,2.2,338,14,9.2,13.6,2.1,334,13,9.2,13.6,2.1,334,13,63,29.32,0.1,0,0,,38.1,44.9,,0.49,0.65,
COPE,2019-11-08 09:30:00 EST,43.92056,-75.60786,817,20.7,20.5,11.5,85.8,17.1,0.000,0.000,0.00,0.000,6.9,11.0,1.6,327,21,7.4,11.8,1.7,320,20,7.4,11.8,1.7,320,20,82,29.32,0.1,0,0,,38.1,44.9,,0.49,0.65,
COPE,2019-11-08 09:35:00 EST,43.92056,-75.60786,817,21.0,20.7,10.8,85.2,17.3,0.000,0.000,0.00,0.000,8.3,14.2,2.3,313,18,8.9,14.5,2.4,306,19,8.9,14.5,2.4,306,19,107,29.32,0.0,0,0,,38.1,44.8,,0.49,0.65,
COPE,2019-11-08 09:40:00 EST,43.92056,-75.60786,817,20.7,20.5,10.1,83.5,16.5,0.000,0.000,0.00,0.000,9.3,12.3,1.5,327,16,9.5,13.3,1.5,320,13,9.5,13.3,1.5,320,13,98,29.32,0.1,0,0,,38.1,44.8,,0.49,0.65,
COPE,2019-11-08 09:45:00 EST,43.92056,-75.60786,817,20.8,20.6,10.6,82.9,16.4,0.000,0.000,0.00,0.000,8.2,12.6,1.9,330,24,8.9,13.9,2.1,322,25,8.9,13.9,2.1,322,25,108,29.32,0.1,0,0,,38.1,44.8,,0.49,0.65,
COPE,2019-11-08 09:50:00 EST,43.92056,-75.60786,817,21.1,20.8,10.6,82.9,16.7,0.000,0.000,0.00,0.000,9.1,14.9,1.9,319,12,9.4,14.8,1.9,311,12,9.4,14.8,1.9,311,12,131,29.33,0.1,0,0,,38.1,44.8,,0.49,0.65,
COPE,2019-11-08 09:55:00 EST,43.92056,-75.60786,817,21.2,20.9,11.1,82.7,16.8,0.000,0.000,0.00,0.000,8.5,12.4,1.7,326,17,8.9,13.2,1.8,319,15,8.9,13.2,1.8,319,15,132,29.33,0.1,0,0,,38.1,44.8,,0.49,0.65,
COPE,2019-11-08 10:00:00 EST,43.92056,-75.60786,817,21.2,20.8,10.2,82.0,16.6,0.000,0.000,0.00,0.000,10.0,12.9,1.5,309,8,10.3,15.0,1.6,303,7,10.3,15.0,1.6,303,7,135,29.33,0.1,0,0,,38.1,44.8,,0.49,0.65,
COPE,2019-11-08 10:05:00 EST,43.92056,-75.60786,817,21.4,21.0,11.0,80.7,16.4,0.000,0.000,0.00,0.000,8.8,13.4,1.7,333,12,9.3,14.6,1.7,327,13,9.3,14.6,1.7,327,13,168,29.33,0.1,0,0,,38.1,44.8,,0.49,0.65,
COPE,2019-11-08 10:10:00 EST,43.92056,-75.60786,817,21.5,21.3,11.9,80.5,16.5,0.000,0.000,0.00,0.000,8.0,11.6,1.8,321,10,8.2,12.4,1.8,314,10,8.2,12.4,1.8,314,10,135,29.33,0.0,0,0,,38.1,44.8,,0.49,0.64,
COPE,2019-11-08 10:15:00 EST,43.92056,-75.60786,817,21.5,21.3,12.3,80.9,16.5,0.000,0.000,0.00,0.000,7.3,10.3,1.3,311,21,7.6,10.4,1.3,303,21,7.6,10.4,1.3,303,21,158,29.33,0.0,0,0,,38.1,44.8,,0.49,0.65,
COPE,2019-11-08 10:20:00 EST,43.92056,-75.60786,817,21.7,21.4,13.5,81.1,16.8,0.000,0.000,0.00,0.000,6.0,8.9,1.4,288,18,6.4,9.6,1.4,280,17,6.4,9.6,1.4,280,17,228,29.33,0.1,0,0,,38.1,44.8,,0.49,0.65,
COPE,2019-11-08 10:25:00 EST,43.92056,-75.60786,817,21.9,21.6,13.5,80.8,16.9,0.000,0.000,0.00,0.000,6.2,9.9,1.4,294,12,6.8,11.2,1.6,286,11,6.8,11.2,1.6,286,11,188,29.33,0.1,0,0,,38.1,44.8,,0.49,0.65,
COPE,2019-11-08 10:30:00 EST,43.92056,-75.60786,817,22.4,21.9,14.3,82.1,17.7,0.000,0.000,0.00,0.000,6.1,9.9,1.3,306,16,6.5,9.8,1.3,298,17,6.5,9.8,1.3,298,17,197,29.33,0.0,0,0,,38.1,44.8,,0.49,0.65,
COPE,2019-11-08 10:35:00 EST,43.92056,-75.60786,817,22.3,21.9,13.8,79.4,16.9,0.000,0.000,0.00,0.000,6.5,10.4,1.9,301,12,6.9,11.3,2.0,294,12,6.9,11.3,2.0,294,12,211,29.33,0.1,0,0,,38.1,44.8,,0.49,0.65,
COPE,2019-11-08 10:40:00 EST,43.92056,-75.60786,817,22.3,22.0,12.6,78.7,16.7,0.000,0.000,0.00,0.000,7.9,12.5,1.6,281,14,8.7,13.1,1.8,274,11,8.7,13.1,1.8,274,11,289,29.33,0.2,0,0,,38.1,44.8,,0.49,0.65,
COPE,2019-11-08 10:45:00 EST,43.92056,-75.60786,817,22.7,22.2,13.5,76.6,16.4,0.000,0.000,0.00,0.000,7.6,11.7,1.7,298,16,7.9,12.2,1.8,290,16,7.9,12.2,1.8,290,16,325,29.33,0.1,0,0,,38.1,44.8,,0.49,0.65,
COPE,2019-11-08 10:50:00 EST,43.92056,-75.60786,817,22.5,22.1,13.1,77.0,16.4,0.000,0.000,0.00,0.000,8.1,11.0,1.2,312,11,8.2,11.3,1.3,304,12,8.2,11.3,1.3,304,12,164,29.33,0.2,0,0,,38.1,44.8,,0.49,0.65,
COPE,2019-11-08 10:55:00 EST,43.92056,-75.60786,817,23.0,22.5,14.8,77.1,16.9,0.000,0.000,0.00,0.000,6.4,8.6,1.1,314,17,6.8,8.8,1.0,306,17,6.8,8.8,1.0,306,17,476,29.33,0.1,0,0,,38.1,44.8,,0.49,0.65,
COPE,2019-11-08 11:00:00 EST,43.92056,-75.60786,817,23.1,22.6,14.3,75.7,16.5,0.000,0.000,0.00,0.000,7.1,10.2,1.6,303,16,7.5,11.0,1.7,295,16,7.5,11.0,1.7,295,16,274,29.33,0.2,0,0,,38.1,44.8,,0.49,0.65,
COPE,2019-11-08 11:05:00 EST,43.92056,-75.60786,817,22.9,22.6,12.6,76.3,16.6,0.000,0.000,0.00,0.000,9.2,13.3,1.7,292,13,9.7,14.3,1.9,284,13,9.7,14.3,1.9,284,13,184,29.33,0.2,0,0,,38.1,44.8,,0.49,0.65,
COPE,2019-11-08 11:10:00 EST,43.92056,-75.60786,817,23.5,23.0,13.6,74.4,16.6,0.000,0.000,0.00,0.000,8.8,12.4,1.9,285,14,9.4,12.9,2.1,277,12,9.4,12.9,2.1,277,12,424,29.33,0.2,0,0,,38.1,44.8,,0.49,0.65,
COPE,2019-11-08 11:15:00 EST,43.92056,-75.60786,817,23.4,22.9,12.9,72.9,16.0,0.000,0.000,0.00,0.000,9.6,15.0,2.3,287,9,10.4,15.9,2.4,278,8,10.4,15.9,2.4,278,8,316,29.33,0.2,0,0,,38.1,44.8,,0.49,0.65,
COPE,2019-11-08 11:20:00 EST,43.92056,-75.60786,817,23.5,23.1,14.4,72.5,16.0,0.000,0.000,0.00,0.000,7.6,10.8,1.4,282,14,8.1,11.9,1.5,274,13,8.1,11.9,1.5,274,13,401,29.33,0.2,0,0,,38.1,44.8,,0.49,0.65,
COPE,2019-11-08 11:25:00 EST,43.92056,-75.60786,817,23.7,23.2,13.3,73.1,16.3,0.000,0.000,0.00,0.000,9.7,14.2,1.8,297,11,10.2,14.6,2.0,289,11,10.2,14.6,2.0,289,11,311,29.33,0.2,0,0,,38.1,44.8,,0.49,0.65,
COPE,2019-11-08 11:30:00 EST,43.92056,-75.60786,817,23.7,23.2,13.5,72.3,16.1,0.000,0.000,0.00,0.000,9.5,13.4,1.9,300,11,10.0,14.8,2.0,292,10,10.0,14.8,2.0,292,10,434,29.33,0.3,0,0,,38.1,44.7,,0.49,0.65,
COPE,2019-11-08 11:35:00 EST,43.92056,-75.60786,817,24.0,23.4,15.0,71.0,16.0,0.000,0.000,0.00,0.000,7.9,12.4,1.6,299,21,8.3,12.4,1.8,290,21,8.3,12.4,1.8,290,21,543,29.33,0.2,0,0,,38.1,44.7,,0.49,0.65,
COPE,2019-11-08 11:40:00 EST,43.92056,-75.60786,817,24.0,23.4,13.7,69.9,15.6,0.000,0.000,0.00,0.000,10.0,14.1,1.9,302,11,10.3,14.5,1.9,294,12,10.3,14.5,1.9,294,12,373,29.33,0.2,0,0,,38.1,44.6,,0.49,0.65,
COPE,2019-11-08 11:45:00 EST,43.92056,-75.60786,817,23.6,23.2,14.1,71.7,15.8,0.000,0.000,0.00,0.000,8.4,11.8,1.3,310,9,8.7,12.4,1.3,303,9,8.7,12.4,1.3,303,9,150,29.33,0.3,0,0,,38.1,44.7,,0.49,0.65,
COPE,2019-11-08 11:50:00 EST,43.92056,-75.60786,817,24.2,23.7,15.3,71.3,16.3,0.000,0.000,0.00,0.000,7.7,10.3,1.2,291,10,8.1,12.1,1.4,284,10,8.1,12.1,1.4,284,10,527,29.33,0.3,0,0,,38.1,44.6,,0.49,0.65,
COPE,2019-11-08 11:55:00 EST,43.92056,-75.60786,817,24.6,24.1,14.6,69.8,16.1,0.000,0.000,0.00,0.000,9.4,14.4,1.7,299,14,9.8,15.7,2.0,291,14,9.8,15.7,2.0,291,14,396,29.32,0.2,0,0,,38.1,44.6,,0.49,0.65,
COPE,2019-11-08 12:00:00 EST,43.92056,-75.60786,817,24.9,24.2,15.0,70.0,16.4,0.000,0.000,0.00,0.000,9.3,14.8,2.0,300,13,9.7,14.5,1.9,293,13,9.7,14.5,1.9,293,13,416,29.32,0.2,0,0,,38.1,44.6,,0.49,0.65,
COPE,2019-11-08 12:05:00 EST,43.92056,-75.60786,817,25.2,24.5,15.2,71.0,17.1,0.000,0.000,0.00,0.000,9.7,12.8,1.4,305,18,10.1,12.8,1.3,297,18,10.1,12.8,1.3,297,18,537,29.32,0.2,0,0,,38.1,44.6,,0.49,0.65,
COPE,2019-11-08 12:10:00 EST,43.92056,-75.60786,817,25.3,24.6,15.6,69.5,16.7,0.000,0.000,0.00,0.000,9.3,13.5,1.7,300,24,9.9,13.9,1.6,292,23,9.9,13.9,1.6,292,23,579,29.32,0.2,0,0,,38.1,44.6,,0.49,0.65,
COPE,2019-11-08 12:15:00 EST,43.92056,-75.60786,817,25.6,25.0,16.9,70.1,17.2,0.000,0.000,0.00,0.000,7.5,12.6,2.2,301,21,8.1,13.6,2.3,293,20,8.1,13.6,2.3,293,20,485,29.32,-0.0,0,0,,38.1,44.6,,0.49,0.65,
COPE,2019-11-08 12:20:00 EST,43.92056,-75.60786,817,25.6,25.0,15.8,69.1,16.8,0.000,0.000,0.00,0.000,9.6,13.4,1.5,320,13,9.9,14.3,1.7,313,12,9.9,14.3,1.7,313,12,322,29.32,0.0,0,0,,38.1,44.6,,0.49,0.65,
COPE,2019-11-08 12:25:00 EST,43.92056,-75.60786,817,25.4,24.8,15.9,71.2,17.4,0.000,0.000,0.00,0.000,9.1,12.9,1.6,314,11,9.5,13.0,1.5,307,10,9.5,13.0,1.5,307,10,274,29.32,0.0,0,0,,38.1,44.6,,0.49,0.65,
COPE,2019-11-08 12:30:00 EST,43.92056,-75.60786,817,25.7,25.0,15.9,71.3,17.6,0.000,0.000,0.00,0.000,9.2,15.6,2.3,297,18,9.9,17.1,2.5,288,17,9.9,17.1,2.5,288,17,369,29.32,0.1,0,0,,38.1,44.6,,0.49,0.65,
COPE,2019-11-08 12:35:00 EST,43.92056,-75.60786,817,25.3,24.8,15.9,70.8,17.1,0.000,0.000,0.00,0.000,8.6,14.3,2.0,293,17,9.2,16.0,2.1,284,17,9.2,16.0,2.1,284,17,222,29.32,0.1,0,0,,38.1,44.6,,0.49,0.65,
COPE,2019-11-08 12:40:00 EST,43.92056,-75.60786,817,25.0,24.6,14.5,71.8,17.2,0.000,0.000,0.00,0.000,10.6,16.1,2.3,312,13,11.0,17.5,2.3,304,13,11.0,17.5,2.3,304,13,147,29.32,0.1,0,0,,38.1,44.6,,0.49,0.65,
COPE,2019-11-08 12:45:00 EST,43.92056,-75.60786,817,25.0,24.6,15.5,70.9,16.9,0.000,0.000,0.00,0.000,8.8,12.5,1.4,315,13,9.2,13.3,1.4,307,13,9.2,13.3,1.4,307,13,226,29.32,0.1,0,0,,38.1,44.6,,0.49,0.65,
COPE,2019-11-08 12:50:00 EST,43.92056,-75.60786,817,24.9,24.6,15.8,69.9,16.5,0.000,0.000,0.00,0.000,8.3,12.2,1.8,315,19,8.5,13.1,1.9,308,20,8.5,13.1,1.9,308,20,166,29.32,0.1,0,0,,38.2,44.6,,0.49,0.65,
COPE,2019-11-08 12:55:00 EST,43.92056,-75.60786,817,25.1,24.8,15.2,71.1,17.1,0.000,0.000,0.00,0.000,9.4,14.0,2.5,300,19,10.0,15.1,2.5,292,19,10.0,15.1,2.5,292,19,255,29.32,0.1,0,0,,38.3,44.6,,0.49,0.65,
COPE,2019-11-08 13:00:00 EST,43.92056,-75.60786,817,25.4,25.0,15.1,69.6,16.9,0.000,0.000,0.00,0.000,10.2,14.0,1.5,287,11,10.9,14.9,1.7,279,10,10.9,14.9,1.7,279,10,295,29.32,0.0,0,0,,38.3,44.6,,0.49,0.65,
COPE,2019-11-08 13:05:00 EST,43.92056,-75.60786,817,25.4,25.1,15.5,71.4,17.4,0.000,0.000,0.00,0.000,9.5,14.2,1.9,307,11,10.0,16.2,1.9,298,10,10.0,16.2,1.9,298,10,200,29.32,0.1,0,0,,38.3,44.6,,0.49,0.65,
COPE,2019-11-08 13:10:00 EST,43.92056,-75.60786,817,25.4,25.0,15.1,71.4,17.4,0.000,0.000,0.00,0.000,10.0,14.2,1.4,288,11,10.7,14.6,1.5,280,9,10.7,14.6,1.5,280,9,191,29.32,0.1,0,0,,38.3,44.6,,0.49,0.65,
COPE,2019-11-08 13:15:00 EST,43.92056,-75.60786,817,25.4,25.1,16.0,70.9,17.2,0.000,0.000,0.00,0.000,8.8,12.0,1.7,302,12,9.2,12.7,1.7,293,11,9.2,12.7,1.7,293,11,131,29.32,0.1,0,0,,38.3,44.6,,0.49,0.65,
COPE,2019-11-08 13:20:00 EST,43.92056,-75.60786,817,25.4,25.2,16.2,70.8,17.3,0.000,0.000,0.00,0.000,8.4,12.0,1.8,304,12,8.9,12.7,1.8,296,12,8.9,12.7,1.8,296,12,121,29.32,0.0,0,0,,38.3,44.6,,0.49,0.65,
COPE,2019-11-08 13:25:00 EST,43.92056,-75.60786,817,25.3,25.1,14.3,69.5,16.7,0.000,0.000,0.00,0.000,11.4,17.2,2.7,302,9,12.0,19.2,2.9,293,9,12.0,19.2,2.9,293,9,127,29.32,0.1,0,0,,38.3,44.6,,0.49,0.65,
COPE,2019-11-08 13:30:00 EST,43.92056,-75.60786,817,25.4,25.2,15.8,71.1,17.3,0.000,0.000,0.00,0.000,9.1,12.3,1.4,304,10,9.5,12.7,1.5,296,9,9.5,12.7,1.5,296,9,139,29.32,0.0,0,0,,38.3,44.6,,0.49,0.65,
COPE,2019-11-08 13:35:00 EST,43.92056,-75.60786,817,25.2,25.0,15.6,70.7,17.1,0.000,0.000,0.00,0.000,9.1,13.6,1.6,307,10,9.5,14.5,1.6,298,9,9.5,14.5,1.6,298,9,183,29.32,0.1,0,0,,38.3,44.6,,0.49,0.65,
COPE,2019-11-08 13:40:00 EST,43.92056,-75.60786,817,25.4,25.1,15.1,71.1,17.4,0.000,0.000,0.00,0.000,10.7,14.3,1.9,313,9,10.9,14.9,1.9,305,7,10.9,14.9,1.9,305,7,238,29.32,0.1,0,0,,38.3,44.5,,0.49,0.65,
COPE,2019-11-08 13:45:00 EST,43.92056,-75.60786,817,25.6,25.3,16.9,70.9,17.5,0.000,0.000,0.00,0.000,7.8,11.7,1.7,302,13,8.2,12.7,1.9,294,12,8.2,12.7,1.9,294,12,208,29.32,0.1,0,0,,38.3,44.4,,0.49,0.65,
COPE,2019-11-08 13:50:00 EST,43.92056,-75.60786,817,25.6,25.3,15.3,69.9,17.1,0.000,0.000,0.00,0.000,10.4,15.5,2.0,297,12,10.8,16.5,2.1,288,11,10.8,16.5,2.1,288,11,172,29.32,0.1,0,0,,38.3,44.4,,0.49,0.65,
COPE,2019-11-08 13:55:00 EST,43.92056,-75.60786,817,25.6,25.3,15.5,71.3,17.6,0.000,0.000,0.00,0.000,10.1,13.7,1.5,298,11,10.6,14.0,1.6,291,11,10.6,14.0,1.6,291,11,142,29.32,0.1,0,0,,38.3,44.4,,0.49,0.65,
COPE,2019-11-08 14:00:00 EST,43.92056,-75.60786,817,25.6,25.4,16.3,71.6,17.7,0.000,0.000,0.00,0.000,8.7,12.8,1.5,296,14,9.2,14.0,1.7,288,13,9.2,14.0,1.7,288,13,149,29.32,0.1,0,0,,38.3,44.4,,0.49,0.65,
COPE,2019-11-08 14:05:00 EST,43.92056,-75.60786,817,25.6,25.4,16.8,70.0,17.2,0.000,0.000,0.00,0.000,8.1,11.7,1.8,308,13,8.4,11.8,1.8,300,13,8.4,11.8,1.8,300,13,148,29.32,0.1,0,0,,38.3,44.4,,0.49,0.65,
COPE,2019-11-08 14:10:00 EST,43.92056,-75.60786,817,25.6,25.4,16.4,70.5,17.3,0.000,0.000,0.00,0.000,8.4,12.5,1.7,300,14,9.0,13.1,1.7,291,13,9.0,13.1,1.7,291,13,134,29.32,0.1,0,0,,38.3,44.4,,0.49,0.65,
COPE,2019-11-08 14:15:00 EST,43.92056,-75.60786,817,25.7,25.4,16.5,67.5,16.4,0.000,0.000,0.00,0.000,8.7,12.9,1.4,311,15,8.9,12.7,1.4,303,14,8.9,12.7,1.4,303,14,217,29.32,0.1,0,0,,38.3,44.4,,0.49,0.65,
COPE,2019-11-08 14:20:00 EST,43.92056,-75.60786,817,25.7,25.5,18.3,68.8,16.9,0.000,0.000,0.00,0.000,6.4,8.8,1.4,315,11,6.6,10.0,1.6,309,11,6.6,10.0,1.6,309,11,172,29.32,0.1,0,0,,38.3,44.4,,0.49,0.65,
COPE,2019-11-08 14:25:00 EST,43.92056,-75.60786,817,25.9,25.7,16.6,67.8,16.7,0.000,0.000,0.00,0.000,8.6,12.7,1.7,298,14,9.2,14.3,2.0,291,13,9.2,14.3,2.0,291,13,209,29.32,0.1,0,0,,38.3,44.4,,0.49,0.65,
COPE,2019-11-08 14:30:00 EST,43.92056,-75.60786,817,26.0,25.8,16.9,66.3,16.3,0.000,0.000,0.00,0.000,8.3,12.7,1.7,292,16,8.8,13.5,1.8,284,16,8.8,13.5,1.8,284,16,141,29.33,0.0,0,0,,38.3,44.4,,0.49,0.65,
COPE,2019-11-08 14:35:00 EST,43.92056,-75.60786,817,25.7,25.5,15.3,68.2,16.6,0.000,0.000,0.00,0.000,10.7,14.7,1.5,305,10,11.0,15.6,1.7,298,10,11.0,15.6,1.7,298,10,132,29.33,0.1,0,0,,38.3,44.4,,0.49,0.65,
COPE,2019-11-08 14:40:00 EST,43.92056,-75.60786,817,25.7,25.6,16.7,70.1,17.3,0.000,0.000,0.00,0.000,8.2,12.7,1.8,305,11,8.6,13.4,1.8,297,11,8.6,13.4,1.8,297,11,101,29.33,0.1,0,0,,38.3,44.4,,0.49,0.65,
COPE,2019-11-08 14:45:00 EST,43.92056,-75.60786,817,25.8,25.7,17.8,68.8,16.9,0.000,0.000,0.00,0.000,7.0,10.0,1.4,307,10,7.3,10.1,1.5,300,10,7.3,10.1,1.5,300,10,103,29.33,0.1,0,0,,38.3,44.4,,0.49,0.65,
COPE,2019-11-08 14:50:00 EST,43.92056,-75.60786,817,26.1,26.0,18.5,69.0,17.3,0.000,0.000,0.00,0.000,6.4,9.6,1.2,298,16,6.8,10.3,1.4,289,17,6.8,10.3,1.4,289,17,140,29.33,0.1,0,0,,38.3,44.4,,0.49,0.65,
COPE,2019-11-08 14:55:00 EST,43.92056,-75.60786,817,26.2,26.0,17.6,68.4,17.2,0.000,0.000,0.00,0.000,7.8,12.2,1.7,302,10,8.2,14.6,1.9,295,10,8.2,14.6,1.9,295,10,169,29.33,0.1,0,0,,38.3,44.4,,0.49,0.65,
COPE,2019-11-08 15:00:00 EST,43.92056,-75.60786,817,26.3,26.1,17.9,68.1,17.2,0.000,0.000,0.00,0.000,7.6,11.5,1.5,301,9,8.0,11.5,1.5,292,9,8.0,11.5,1.5,292,9,197,29.33,0.1,0,0,,38.3,44.4,,0.49,0.65,
COPE,2019-11-08 15:05:00 EST,43.92056,-75.60786,817,26.4,26.2,17.5,67.5,17.1,0.000,0.000,0.00,0.000,8.5,11.0,1.2,308,10,8.8,11.2,1.2,302,10,8.8,11.2,1.2,302,10,147,29.33,0.0,0,0,,38.3,44.4,,0.49,0.65,
COPE,2019-11-08 15:10:00 EST,43.92056,-75.60786,817,26.3,26.2,17.1,69.1,17.6,0.000,0.000,0.00,0.000,9.0,11.6,1.6,315,6,9.3,12.4,1.6,307,7,9.3,12.4,1.6,307,7,87,29.33,0.1,0,0,,38.3,44.4,,0.49,0.65,
COPE,2019-11-08 15:15:00 EST,43.92056,-75.60786,817,26.2,26.1,18.3,69.5,17.6,0.000,0.000,0.00,0.000,6.9,12.3,1.6,308,11,7.3,12.5,1.7,301,12,7.3,12.5,1.7,301,12,94,29.33,0.1,0,0,,38.3,44.4,,0.49,0.65,
COPE,2019-11-08 15:20:00 EST,43.92056,-75.60786,817,26.2,26.1,18.1,70.0,17.7,0.000,0.000,0.00,0.000,7.1,9.8,1.4,324,14,7.5,10.3,1.3,315,13,7.5,10.3,1.3,315,13,140,29.33,0.1,0,0,,38.3,44.4,,0.49,0.65,
COPE,2019-11-08 15:25:00 EST,43.92056,-75.60786,817,26.2,26.1,17.7,69.2,17.5,0.000,0.000,0.00,0.000,7.8,13.7,2.3,307,15,8.1,14.4,2.3,300,14,8.1,14.4,2.3,300,14,100,29.33,0.1,0,0,,38.3,44.4,,0.49,0.65,
COPE,2019-11-08 15:30:00 EST,43.92056,-75.60786,817,26.3,26.2,16.7,69.1,17.5,0.000,0.000,0.00,0.000,9.6,16.7,2.5,316,10,9.8,17.7,2.6,308,10,9.8,17.7,2.6,308,10,118,29.33,0.1,0,0,,38.3,44.4,,0.49,0.65,
COPE,2019-11-08 15:35:00 EST,43.92056,-75.60786,817,26.3,26.3,18.0,70.4,18.0,0.000,0.000,0.00,0.000,7.7,11.2,1.4,323,10,7.9,11.9,1.4,316,10,7.9,11.9,1.4,316,10,123,29.33,0.0,0,0,,38.3,44.4,,0.49,0.65,
COPE,2019-11-08 15:40:00 EST,43.92056,-75.60786,817,26.4,26.3,17.6,69.1,17.6,0.000,0.000,0.00,0.000,8.5,12.4,1.7,321,11,8.7,13.1,1.7,313,12,8.7,13.1,1.7,313,12,159,29.33,0.1,0,0,,38.3,44.4,,0.49,0.65,
COPE,2019-11-08 15:45:00 EST,43.92056,-75.60786,817,26.7,26.6,19.9,71.1,18.6,0.000,0.000,0.00,0.000,5.6,11.3,1.8,303,16,6.0,11.7,1.8,295,14,6.0,11.7,1.8,295,14,96,29.33,0.0,0,0,,38.3,44.4,,0.49,0.65,
COPE,2019-11-08 15:50:00 EST,43.92056,-75.60786,817,26.5,26.5,17.8,69.6,17.9,0.000,0.000,0.00,0.000,8.2,11.3,1.2,301,10,8.6,11.5,1.3,294,10,8.6,11.5,1.3,294,10,89,29.33,0.0,0,0,,38.3,44.3,,0.49,0.65,
COPE,2019-11-08 15:55:00 EST,43.92056,-75.60786,817,26.5,26.5,17.7,69.8,18.0,0.000,0.000,0.00,0.000,8.1,12.4,2.2,283,15,8.6,13.6,2.2,276,14,8.6,13.6,2.2,276,14,81,29.33,0.0,0,0,,38.3,44.4,,0.49,0.65,
COPE,2019-11-08 16:00:00 EST,43.92056,-75.60786,817,26.3,26.4,17.8,69.9,17.8,0.000,0.000,0.00,0.000,7.5,11.2,1.5,289,12,8.0,13.5,1.8,280,10,8.0,13.5,1.8,280,10,52,29.33,0.0,0,0,,38.3,44.3,,0.49,0.65,
COPE,2019-11-08 16:05:00 EST,43.92056,-75.60786,817,26.1,26.2,17.2,69.6,17.5,0.000,0.000,0.00,0.000,8.1,11.1,1.0,285,9,8.6,11.7,1.2,277,8,8.6,11.7,1.2,277,8,47,29.33,0.0,0,0,,38.3,44.3,,0.49,0.65,
COPE,2019-11-08 16:10:00 EST,43.92056,-75.60786,817,26.0,26.2,18.8,71.0,17.9,0.000,0.000,0.00,0.000,6.1,9.8,1.3,301,9,6.4,10.0,1.3,294,8,6.4,10.0,1.3,294,8,40,29.34,0.0,0,0,,38.3,44.3,,0.49,0.65,
COPE,2019-11-08 16:15:00 EST,43.92056,-75.60786,817,26.0,26.2,18.5,71.2,17.9,0.000,0.000,0.00,0.000,6.3,8.7,1.3,302,9,6.6,9.0,1.4,295,9,6.6,9.0,1.4,295,9,35,29.34,0.0,0,0,,38.3,44.3,,0.49,0.65,
COPE,2019-11-08 16:20:00 EST,43.92056,-75.60786,817,26.0,26.2,19.2,71.8,18.1,0.000,0.000,0.00,0.000,5.6,8.8,1.1,300,11,5.8,8.9,1.1,293,11,5.8,8.9,1.1,293,11,33,29.34,0.1,0,0,,38.3,44.2,,0.49,0.65,
COPE,2019-11-08 16:25:00 EST,43.92056,-75.60786,817,26.1,26.3,18.6,72.3,18.4,0.000,0.000,0.00,0.000,6.5,9.6,1.4,298,11,6.7,10.1,1.5,291,11,6.7,10.1,1.5,291,11,28,29.34,0.1,0,0,,38.3,44.1,,0.49,0.65,
COPE,2019-11-08 16:30:00 EST,43.92056,-75.60786,817,26.1,26.3,18.1,73.1,18.7,0.000,0.000,0.00,0.000,7.0,11.2,1.8,298,11,7.3,11.5,1.8,290,11,7.3,11.5,1.8,290,11,19,29.34,0.0,0,0,,38.3,44.1,,0.49,0.65,
COPE,2019-11-08 16:35:00 EST,43.92056,-75.60786,817,26.0,26.2,18.1,73.0,18.5,0.000,0.000,0.00,0.000,6.7,9.6,1.7,285,12,7.2,10.8,1.9,277,12,7.2,10.8,1.9,277,12,13,29.34,0.0,0,0,,38.3,44.1,,0.49,0.65,
COPE,2019-11-08 16:40:00 EST,43.92056,-75.60786,817,25.9,26.2,18.5,73.5,18.6,0.000,0.000,0.00,0.000,6.1,9.5,1.4,282,11,6.5,10.6,1.5,274,9,6.5,10.6,1.5,274,9,10,29.34,0.0,0,0,,38.3,44.1,,0.49,0.65,
COPE,2019-11-08 16:45:00 EST,43.92056,-75.60786,817,25.8,26.1,18.0,73.5,18.5,0.000,0.000,0.00,0.000,6.6,10.0,1.5,290,12,7.1,10.9,1.6,281,12,7.1,10.9,1.6,281,12,7,29.34,0.0,0,0,,38.3,44.1,,0.49,0.65,
COPE,2019-11-08 16:50:00 EST,43.92056,-75.60786,817,25.8,26.0,18.1,73.2,18.4,0.000,0.000,0.00,0.000,6.6,8.4,0.9,294,10,6.9,9.9,1.1,287,9,6.9,9.9,1.1,287,9,4,29.34,0.0,0,0,,38.3,44.1,,0.49,0.65,
COPE,2019-11-08 16:55:00 EST,43.92056,-75.60786,817,25.4,25.8,17.9,74.1,18.3,0.000,0.000,0.00,0.000,6.2,8.0,0.8,288,10,6.6,9.2,1.0,281,10,6.6,9.2,1.0,281,10,2,29.35,0.0,0,0,,38.3,44.1,,0.49,0.65,
COPE,2019-11-08 17:00:00 EST,43.92056,-75.60786,817,25.0,25.6,17.3,75.3,18.3,0.000,0.000,0.00,0.000,6.3,9.2,1.0,290,8,6.7,9.4,1.2,282,8,6.7,9.4,1.2,282,8,1,29.35,0.0,0,0,,38.3,44.1,,0.49,0.65,
COPE,2019-11-08 17:05:00 EST,43.92056,-75.60786,817,24.9,25.5,17.7,75.9,18.4,0.000,0.000,0.00,0.000,5.7,9.0,1.3,285,8,6.1,9.9,1.3,277,7,6.1,9.9,1.3,277,7,0,29.35,0.0,0,0,,38.3,44.1,,0.49,0.65,
COPE,2019-11-08 17:10:00 EST,43.92056,-75.60786,817,24.6,25.3,19.1,77.1,18.4,0.000,0.000,0.00,0.000,4.1,5.6,0.6,278,8,4.4,5.9,0.7,270,8,4.4,5.9,0.7,270,8,0,29.35,0.0,0,0,,38.3,44.1,,0.49,0.65,
COPE,2019-11-08 17:15:00 EST,43.92056,-75.60786,817,24.6,25.3,18.3,77.5,18.6,0.000,0.000,0.00,0.000,4.8,7.1,0.9,289,9,5.0,7.6,1.0,281,8,5.0,7.6,1.0,281,8,0,29.35,-0.0,0,0,,38.3,44.1,,0.49,0.65,
COPE,2019-11-08 17:20:00 EST,43.92056,-75.60786,817,24.1,25.2,19.2,78.3,18.4,0.000,0.000,0.00,0.000,3.5,5.0,0.6,283,8,3.8,5.9,0.7,276,8,3.8,5.9,0.7,276,8,0,29.35,0.0,0,0,,38.3,44.1,,0.49,0.65,
COPE,2019-11-08 17:25:00 EST,43.92056,-75.60786,817,24.2,25.0,19.9,79.9,18.9,0.000,0.000,0.00,0.000,3.2,4.2,0.5,271,6,3.4,4.6,0.6,263,6,3.4,4.6,0.6,263,6,0,29.35,-0.0,0,0,,38.3,44.1,,0.49,0.65,
COPE,2019-11-08 17:30:00 EST,43.92056,-75.60786,817,24.0,24.8,18.3,80.3,18.8,0.000,0.000,0.00,0.000,4.2,5.5,0.5,268,5,4.5,5.7,0.6,261,5,4.5,5.7,0.6,261,5,0,29.35,0.0,0,0,,38.3,44.1,,0.49,0.65,
COPE,2019-11-08 17:35:00 EST,43.92056,-75.60786,817,23.9,24.6,18.1,80.7,18.8,0.000,0.000,0.00,0.000,4.1,5.7,0.6,267,6,4.5,6.0,0.7,260,5,4.5,6.0,0.7,260,5,0,29.35,0.1,0,0,,38.3,44.1,,0.49,0.65,
COPE,2019-11-08 17:40:00 EST,43.92056,-75.60786,817,23.6,24.6,18.4,81.4,18.8,0.000,0.000,0.00,0.000,3.7,5.1,0.5,259,7,4.0,5.6,0.6,252,7,4.0,5.6,0.6,252,7,0,29.35,0.0,0,0,,38.2,44.1,,0.49,0.65,
COPE,2019-11-08 17:45:00 EST,43.92056,-75.60786,817,23.5,24.5,17.8,81.9,18.8,0.000,0.000,0.00,0.000,4.1,4.8,0.3,252,4,4.4,5.1,0.4,245,4,4.4,5.1,0.4,245,4,0,29.36,0.0,0,0,,38.1,44.1,,0.49,0.65,
COPE,2019-11-08 17:50:00 EST,43.92056,-75.60786,817,23.4,24.2,18.8,81.9,18.7,0.000,0.000,0.00,0.000,3.5,4.5,0.5,249,5,3.5,4.8,0.6,241,5,3.5,4.8,0.6,241,5,0,29.36,0.0,0,0,,38.1,44.1,,0.49,0.65,
COPE,2019-11-08 17:55:00 EST,43.92056,-75.60786,817,23.1,24.0,23.1,82.4,18.5,0.000,0.000,0.00,0.000,3.1,3.9,0.4,242,7,3.0,4.2,0.5,233,6,3.0,4.2,0.5,233,6,0,29.36,-0.0,0,0,,38.1,44.1,,0.49,0.65,
COPE,2019-11-08 18:00:00 EST,43.92056,-75.60786,817,22.8,24.0,18.2,82.5,18.3,0.000,0.000,0.00,0.000,3.5,4.4,0.5,241,6,3.5,5.1,0.7,234,6,3.5,5.1,0.7,234,6,0,29.36,0.0,0,0,,38.1,44.1,,0.49,0.65,
COPE,2019-11-08 18:05:00 EST,43.92056,-75.60786,817,22.6,23.9,17.7,82.8,18.2,0.000,0.000,0.00,0.000,3.6,4.5,0.4,244,6,3.6,4.7,0.5,236,6,3.6,4.7,0.5,236,6,0,29.36,-0.0,0,0,,38.1,44.1,,0.49,0.65,
COPE,2019-11-08 18:10:00 EST,43.92056,-75.60786,817,22.4,23.9,17.9,83.2,18.1,0.000,0.000,0.00,0.000,3.3,3.8,0.2,247,5,3.4,4.0,0.3,239,5,3.4,4.0,0.3,239,5,0,29.36,0.0,0,0,,38.1,44.1,,0.49,0.65,
COPE,2019-11-08 18:15:00 EST,43.92056,-75.60786,817,22.2,23.8,17.8,84.2,18.1,0.000,0.000,0.00,0.000,3.3,4.3,0.5,247,5,3.3,4.5,0.6,237,4,3.3,4.5,0.6,237,4,0,29.36,-0.0,0,0,,38.1,44.1,,0.49,0.65,
COPE,2019-11-08 18:20:00 EST,43.92056,-75.60786,817,21.7,23.6,21.7,84.8,17.8,0.000,0.000,0.00,0.000,3.0,4.2,0.7,247,5,2.9,4.5,0.8,238,5,2.9,4.5,0.8,238,5,0,29.37,-0.0,0,0,,38.1,44.1,,0.49,0.65,
COPE,2019-11-08 18:25:00 EST,43.92056,-75.60786,817,21.3,23.0,21.3,86.6,17.9,0.000,0.000,0.00,0.000,2.1,2.6,0.2,242,7,2.0,2.6,0.2,233,6,2.0,2.6,0.2,233,6,0,29.37,0.0,0,0,,37.9,44.1,,0.49,0.65,
COPE,2019-11-08 18:30:00 EST,43.92056,-75.60786,817,21.3,22.7,21.3,87.7,18.2,0.000,0.000,0.00,0.000,1.4,2.1,0.2,252,13,1.5,2.2,0.3,242,14,1.5,2.2,0.3,242,14,0,29.37,0.0,0,0,,37.9,44.1,,0.49,0.65,
COPE,2019-11-08 18:35:00 EST,43.92056,-75.60786,817,21.7,23.3,17.5,87.0,18.4,0.000,0.000,0.00,0.000,3.3,4.2,0.4,235,6,3.1,4.3,0.5,226,4,3.1,4.3,0.5,226,4,0,29.37,0.0,0,0,,37.9,44.1,,0.49,0.65,
COPE,2019-11-08 18:40:00 EST,43.92056,-75.60786,817,21.5,22.9,21.5,86.0,17.9,0.000,0.000,0.00,0.000,2.1,3.6,0.6,253,17,2.1,3.9,0.5,247,19,2.1,3.9,0.5,247,19,0,29.37,0.1,0,0,,37.9,44.0,,0.49,0.65,
COPE,2019-11-08 18:45:00 EST,43.92056,-75.60786,817,21.5,23.0,21.5,88.5,18.6,0.000,0.000,0.00,0.000,1.9,2.5,0.3,270,13,2.1,3.0,0.5,263,15,2.1,3.0,0.5,263,15,0,29.37,0.1,0,0,,37.9,44.1,,0.49,0.65,
COPE,2019-11-08 18:50:00 EST,43.92056,-75.60786,817,21.3,23.3,21.3,89.0,18.6,0.000,0.000,0.00,0.000,2.5,3.9,0.5,271,10,2.8,4.9,0.6,265,11,2.8,4.9,0.6,265,11,0,29.37,0.1,0,0,,37.9,44.1,,0.49,0.65,
COPE,2019-11-08 18:55:00 EST,43.92056,-75.60786,817,21.0,23.0,21.0,87.2,17.8,0.000,0.000,0.00,0.000,2.4,3.4,0.3,270,9,2.7,3.8,0.4,263,10,2.7,3.8,0.4,263,10,0,29.37,0.1,0,0,,37.9,44.1,,0.49,0.65,
COPE,2019-11-08 19:00:00 EST,43.92056,-75.60786,817,21.1,22.9,21.1,88.1,18.2,0.000,0.000,0.00,0.000,2.8,4.3,0.5,247,14,2.9,4.7,0.6,238,13,2.9,4.7,0.6,238,13,0,29.37,0.1,0,0,,37.9,44.0,,0.49,0.65,
COPE,2019-11-08 19:05:00 EST,43.92056,-75.60786,817,21.5,23.3,16.4,86.0,17.9,0.000,0.000,0.00,0.000,3.5,4.7,0.5,246,8,3.7,5.6,0.7,238,8,3.7,5.6,0.7,238,8,0,29.37,0.0,0,0,,37.9,44.0,,0.49,0.65,
COPE,2019-11-08 19:10:00 EST,43.92056,-75.60786,817,20.8,23.1,15.6,84.5,16.9,0.000,0.000,0.00,0.000,3.4,5.2,0.7,256,12,3.7,5.3,0.8,249,12,3.7,5.3,0.8,249,12,0,29.37,0.0,0,0,,37.8,44.0,,0.49,0.65,
COPE,2019-11-08 19:15:00 EST,43.92056,-75.60786,817,21.0,23.2,14.7,85.0,17.2,0.000,0.000,0.00,0.000,4.3,6.1,0.7,250,9,4.5,6.7,0.8,243,9,4.5,6.7,0.8,243,9,0,29.37,0.0,0,0,,37.8,43.9,,0.49,0.65,
COPE,2019-11-08 19:20:00 EST,43.92056,-75.60786,817,20.9,23.0,15.4,84.2,16.9,0.000,0.000,0.00,0.000,3.7,4.7,0.4,249,9,3.9,5.7,0.6,240,8,3.9,5.7,0.6,240,8,0,29.37,0.0,0,0,,37.8,44.0,,0.49,0.65,
COPE,2019-11-08 19:25:00 EST,43.92056,-75.60786,817,20.9,23.2,14.7,85.0,17.1,0.000,0.000,0.00,0.000,4.2,5.9,0.8,244,8,4.4,6.3,0.9,236,8,4.4,6.3,0.9,236,8,0,29.37,0.2,0,0,,37.8,43.9,,0.49,0.65,
COPE,2019-11-08 19:30:00 EST,43.92056,-75.60786,817,22.0,23.3,15.7,81.8,17.3,0.000,0.000,0.00,0.000,4.5,6.2,0.7,238,9,4.7,7.3,0.9,230,9,4.7,7.3,0.9,230,9,0,29.37,0.2,0,0,,37.8,43.9,,0.49,0.65,
COPE,2019-11-08 19:35:00 EST,43.92056,-75.60786,817,22.4,23.3,15.4,79.5,17.1,0.000,0.000,0.00,0.000,5.3,7.1,0.7,234,6,5.4,6.9,0.7,226,6,5.4,6.9,0.7,226,6,0,29.37,0.2,0,0,,37.8,43.9,,0.49,0.65,
COPE,2019-11-08 19:40:00 EST,43.92056,-75.60786,817,22.4,23.2,15.8,78.6,16.7,0.000,0.000,0.00,0.000,4.8,6.4,0.9,238,8,5.0,7.1,1.0,230,7,5.0,7.1,1.0,230,7,0,29.37,-0.0,0,0,,37.8,43.9,,0.49,0.65,
COPE,2019-11-08 19:45:00 EST,43.92056,-75.60786,817,21.2,22.9,15.8,80.3,16.1,0.000,0.000,0.00,0.000,3.6,5.2,0.8,253,8,3.8,5.7,1.0,245,8,3.8,5.7,1.0,245,8,0,29.37,0.1,0,0,,37.8,43.9,,0.49,0.65,
COPE,2019-11-08 19:50:00 EST,43.92056,-75.60786,817,21.0,22.7,15.1,82.0,16.4,0.000,0.000,0.00,0.000,4.0,5.9,0.7,252,11,4.2,6.4,0.8,246,9,4.2,6.4,0.8,246,9,0,29.37,0.1,0,0,,37.7,43.9,,0.49,0.65,
COPE,2019-11-08 19:55:00 EST,43.92056,-75.60786,817,20.7,22.5,14.6,83.6,16.5,0.000,0.000,0.00,0.000,4.1,5.6,0.6,254,9,4.3,6.2,0.7,247,9,4.3,6.2,0.7,247,9,0,29.37,0.1,0,0,,37.6,43.9,,0.49,0.65,
COPE,2019-11-08 20:00:00 EST,43.92056,-75.60786,817,20.7,22.5,14.3,83.5,16.4,0.000,0.000,0.00,0.000,4.2,5.8,0.8,253,8,4.5,6.3,0.9,246,8,4.5,6.3,0.9,246,8,0,29.37,0.0,0,0,,37.6,43.9,,0.49,0.65,
COPE,2019-11-08 20:05:00 EST,43.92056,-75.60786,817,20.3,22.3,14.6,84.1,16.2,0.000,0.000,0.00,0.000,3.8,5.3,0.6,253,8,3.9,6.1,0.8,246,8,3.9,6.1,0.8,246,8,0,29.37,-0.0,0,0,,37.6,43.9,,0.49,0.65,
COPE,2019-11-08 20:10:00 EST,43.92056,-75.60786,817,19.9,22.1,14.1,84.3,15.9,0.000,0.000,0.00,0.000,3.7,5.2,0.6,258,10,4.0,6.8,0.8,250,10,4.0,6.8,0.8,250,10,0,29.37,0.1,0,0,,37.6,43.9,,0.49,0.65,
COPE,2019-11-08 20:15:00 EST,43.92056,-75.60786,817,19.8,22.1,14.8,84.8,16.0,0.000,0.000,0.00,0.000,3.3,4.9,0.5,254,7,3.4,5.0,0.6,245,8,3.4,5.0,0.6,245,8,0,29.37,0.1,0,0,,37.6,43.9,,0.49,0.65,
COPE,2019-11-08 20:20:00 EST,43.92056,-75.60786,817,20.0,22.2,14.5,85.0,16.2,0.000,0.000,0.00,0.000,3.6,5.7,0.6,252,10,3.8,6.0,0.8,244,9,3.8,6.0,0.8,244,9,0,29.37,0.1,0,0,,37.6,43.9,,0.49,0.65,
COPE,2019-11-08 20:25:00 EST,43.92056,-75.60786,817,20.1,22.4,14.1,84.3,16.1,0.000,0.000,0.00,0.000,3.9,5.2,0.6,251,10,4.2,5.8,0.7,244,10,4.2,5.8,0.7,244,10,0,29.37,0.1,0,0,,37.6,43.9,,0.49,0.65,
COPE,2019-11-08 20:30:00 EST,43.92056,-75.60786,817,19.8,22.5,14.8,83.9,15.7,0.000,0.000,0.00,0.000,3.3,4.7,0.6,255,9,3.5,5.4,0.7,247,8,3.5,5.4,0.7,247,8,0,29.37,0.1,0,0,,37.6,43.9,,0.49,0.65,
COPE,2019-11-08 20:35:00 EST,43.92056,-75.60786,817,19.6,22.4,14.8,84.7,15.7,0.000,0.000,0.00,0.000,3.0,4.0,0.4,260,8,3.3,5.0,0.5,253,9,3.3,5.0,0.5,253,9,0,29.37,0.1,0,0,,37.5,43.9,,0.49,0.65,
COPE,2019-11-08 20:40:00 EST,43.92056,-75.60786,817,19.1,22.1,14.6,84.6,15.2,0.000,0.000,0.00,0.000,2.7,3.8,0.3,266,8,3.0,4.2,0.4,258,9,3.0,4.2,0.4,258,9,0,29.37,0.0,0,0,,37.4,43.9,,0.49,0.65,
COPE,2019-11-08 20:45:00 EST,43.92056,-75.60786,817,18.7,21.7,12.7,85.2,15.0,0.000,0.000,0.00,0.000,3.7,4.7,0.4,268,9,4.0,5.4,0.5,261,8,4.0,5.4,0.5,261,8,0,29.37,0.1,0,0,,37.4,43.9,,0.49,0.65,
COPE,2019-11-08 20:50:00 EST,43.92056,-75.60786,817,19.9,22.5,14.5,85.4,16.3,0.000,0.000,0.00,0.000,3.6,6.6,1.0,251,9,3.7,7.0,1.2,242,9,3.7,7.0,1.2,242,9,0,29.37,0.2,0,0,,37.4,43.9,,0.49,0.65,
COPE,2019-11-08 20:55:00 EST,43.92056,-75.60786,817,20.9,22.8,15.1,80.2,15.7,0.000,0.000,0.00,0.000,3.9,6.5,0.9,247,8,4.1,6.9,1.0,239,8,4.1,6.9,1.0,239,8,0,29.37,0.1,0,0,,37.4,43.9,,0.49,0.65,
COPE,2019-11-08 21:00:00 EST,43.92056,-75.60786,817,20.1,22.4,15.9,80.8,15.2,0.000,0.000,0.00,0.000,2.9,4.6,0.5,261,15,3.0,5.1,0.6,254,16,3.0,5.1,0.6,254,16,0,29.37,0.0,0,0,,37.4,43.9,,0.49,0.65,
COPE,2019-11-08 21:05:00 EST,43.92056,-75.60786,817,19.3,22.1,14.7,82.3,14.8,0.000,0.000,0.00,0.000,2.9,4.5,0.4,263,8,3.1,4.5,0.4,255,9,3.1,4.5,0.4,255,9,0,29.37,0.1,0,0,,37.4,43.9,,0.49,0.65,
COPE,2019-11-08 21:10:00 EST,43.92056,-75.60786,817,19.2,21.7,19.2,84.2,15.2,0.000,0.000,0.00,0.000,2.6,3.2,0.3,263,8,2.8,3.6,0.4,255,8,2.8,3.6,0.4,255,8,0,29.37,0.1,0,0,,37.4,43.9,,0.49,0.65,
COPE,2019-11-08 21:15:00 EST,43.92056,-75.60786,817,18.8,21.3,13.6,85.8,15.2,0.000,0.000,0.00,0.000,3.1,3.8,0.3,272,3,3.4,4.2,0.4,264,3,3.4,4.2,0.4,264,3,0,29.37,0.2,0,0,,37.4,43.9,,0.49,0.65,
COPE,2019-11-08 21:20:00 EST,43.92056,-75.60786,817,18.6,21.1,12.8,87.1,15.4,0.000,0.000,0.00,0.000,3.5,4.3,0.3,272,6,3.9,4.8,0.4,264,5,3.9,4.8,0.4,264,5,0,29.37,0.2,0,0,,37.4,43.9,,0.49,0.65,
COPE,2019-11-08 21:25:00 EST,43.92056,-75.60786,817,18.5,20.8,13.7,86.9,15.3,0.000,0.000,0.00,0.000,2.9,3.9,0.4,272,10,3.2,4.3,0.5,264,12,3.2,4.3,0.5,264,12,0,29.37,0.1,0,0,,37.4,43.9,,0.49,0.65,
COPE,2019-11-08 21:30:00 EST,43.92056,-75.60786,817,18.0,20.4,18.0,87.1,14.8,0.000,0.000,0.00,0.000,2.7,3.2,0.2,275,4,3.0,3.5,0.3,267,4,3.0,3.5,0.3,267,4,0,29.37,0.2,0,0,,37.3,43.9,,0.49,0.65,
COPE,2019-11-08 21:35:00 EST,43.92056,-75.60786,817,18.1,19.9,18.1,88.2,15.2,0.000,0.000,0.00,0.000,2.0,2.5,0.2,293,10,2.2,3.1,0.3,287,11,2.2,3.1,0.3,287,11,0,29.37,0.2,0,0,,37.2,43.9,,0.49,0.65,
COPE,2019-11-08 21:40:00 EST,43.92056,-75.60786,817,18.1,19.2,18.1,88.2,15.2,0.000,0.000,0.00,0.000,1.2,1.8,0.4,298,12,1.4,2.3,0.4,291,15,1.4,2.3,0.4,291,15,0,29.37,0.2,0,0,,37.2,43.9,,0.49,0.65,
COPE,2019-11-08 21:45:00 EST,43.92056,-75.60786,817,18.1,19.1,18.1,88.4,15.2,0.000,0.000,0.00,0.000,1.3,2.3,0.4,263,16,1.5,2.7,0.5,256,18,1.5,2.7,0.5,256,18,0,29.38,0.1,0,0,,37.2,43.9,,0.49,0.65,
COPE,2019-11-08 21:50:00 EST,43.92056,-75.60786,817,17.8,19.6,17.8,88.9,15.1,0.000,0.000,0.00,0.000,2.5,3.5,0.6,271,7,2.7,3.9,0.7,263,8,2.7,3.9,0.7,263,8,0,29.38,0.1,0,0,,37.2,43.9,,0.49,0.65,
COPE,2019-11-08 21:55:00 EST,43.92056,-75.60786,817,17.4,19.5,17.4,89.6,14.9,0.000,0.000,0.00,0.000,0.5,2.0,0.6,240,25,0.8,2.1,0.6,198,48,0.8,2.1,0.6,198,48,0,29.37,0.1,0,0,,37.2,43.9,,0.49,0.65,
COPE,2019-11-08 22:00:00 EST,43.92056,-75.60786,817,17.6,19.5,17.6,91.8,15.6,0.000,0.000,0.00,0.000,0.0,0.1,0.0,108,0,0.3,1.4,0.4,87,13,0.3,1.4,0.4,87,13,0,29.37,0.2,0,0,,37.2,43.9,,0.49,0.65,
COPE,2019-11-08 22:05:00 EST,43.92056,-75.60786,817,17.2,19.2,17.2,91.5,15.1,0.000,0.000,0.00,0.000,0.1,0.9,0.3,108,0,0.6,1.5,0.5,57,20,0.6,1.5,0.5,57,20,0,29.37,0.2,0,0,,37.2,43.9,,0.49,0.65,
COPE,2019-11-08 22:10:00 EST,43.92056,-75.60786,817,17.2,18.4,17.2,91.4,15.1,0.000,0.000,0.00,0.000,0.0,0.0,0.0,0,0,0.3,1.0,0.4,113,5,0.3,1.0,0.4,113,5,0,29.37,0.2,0,0,,37.2,43.9,,0.49,0.65,
COPE,2019-11-08 22:15:00 EST,43.92056,-75.60786,817,17.1,18.5,17.1,92.0,15.2,0.000,0.000,0.00,0.000,0.0,0.0,0.0,0,0,0.2,0.8,0.3,89,9,0.2,0.8,0.3,89,9,0,29.37,0.2,0,0,,37.2,43.9,,0.49,0.65,
COPE,2019-11-08 22:20:00 EST,43.92056,-75.60786,817,17.3,18.8,17.3,92.7,15.5,0.000,0.000,0.00,0.000,0.0,0.0,0.0,0,0,0.2,1.0,0.3,84,34,0.2,1.0,0.3,84,34,0,29.37,0.2,0,0,,37.2,43.9,,0.49,0.65,
COPE,2019-11-08 22:25:00 EST,43.92056,-75.60786,817,17.3,18.7,17.3,92.9,15.6,0.000,0.000,0.00,0.000,0.0,0.0,0.0,0,0,0.7,1.3,0.4,21,7,0.7,1.3,0.4,21,7,0,29.37,0.2,0,0,,37.2,43.9,,0.49,0.65,
COPE,2019-11-08 22:30:00 EST,43.92056,-75.60786,817,17.0,18.5,17.0,92.7,15.2,0.000,0.000,0.00,0.000,0.0,0.0,0.0,0,0,0.7,1.2,0.4,30,16,0.7,1.2,0.4,30,16,0,29.37,0.2,0,0,,37.2,43.9,,0.49,0.65,
COPE,2019-11-08 22:35:00 EST,43.92056,-75.60786,817,16.8,18.4,16.8,92.5,15.0,0.000,0.000,0.00,0.000,0.2,0.8,0.3,107,0,1.1,1.6,0.2,63,8,1.1,1.6,0.2,63,8,0,29.37,0.2,0,0,,37.2,43.9,,0.49,0.65,
COPE,2019-11-08 22:40:00 EST,43.92056,-75.60786,817,16.9,18.1,16.9,92.8,15.2,0.000,0.000,0.00,0.000,0.0,0.0,0.0,0,0,0.5,1.3,0.4,61,17,0.5,1.3,0.4,61,17,0,29.37,0.2,0,0,,37.2,43.9,,0.49,0.65,
COPE,2019-11-08 22:45:00 EST,43.92056,-75.60786,817,16.9,18.2,16.9,92.8,15.1,0.000,0.000,0.00,0.000,0.0,0.0,0.0,0,0,0.1,0.9,0.2,15,2,0.1,0.9,0.2,15,2,0,29.37,0.2,0,0,,37.2,43.8,,0.49,0.65,
COPE,2019-11-08 22:50:00 EST,43.92056,-75.60786,817,16.7,18.1,16.7,92.8,15.0,0.000,0.000,0.00,0.000,0.3,0.8,0.3,108,0,0.7,1.2,0.4,271,21,0.7,1.2,0.4,271,21,0,29.37,0.2,0,0,,37.2,43.8,,0.49,0.65,
COPE,2019-11-08 22:55:00 EST,43.92056,-75.60786,817,16.8,18.6,16.8,92.8,15.0,0.000,0.000,0.00,0.000,0.0,0.4,0.1,108,0,0.3,1.1,0.4,233,15,0.3,1.1,0.4,233,15,0,29.37,0.2,0,0,,37.2,43.8,,0.49,0.65,
COPE,2019-11-08 23:00:00 EST,43.92056,-75.60786,817,16.6,18.4,16.6,92.8,14.9,0.000,0.000,0.00,0.000,0.0,0.0,0.0,0,0,0.5,1.3,0.5,195,7,0.5,1.3,0.5,195,7,0,29.37,0.2,0,0,,37.2,43.7,,0.49,0.65,
COPE,2019-11-08 23:05:00 EST,43.92056,-75.60786,817,16.8,18.4,16.8,93.0,15.2,0.000,0.000,0.00,0.000,0.0,0.0,0.0,0,0,0.0,0.7,0.1,177,2,0.0,0.7,0.1,177,2,0,29.37,0.2,0,0,,37.2,43.7,,0.49,0.65,
COPE,2019-11-08 23:10:00 EST,43.92056,-75.60786,817,16.6,18.7,16.6,92.8,14.9,0.000,0.000,0.00,0.000,0.0,0.0,0.0,0,0,0.0,0.0,0.0,0,0,0.0,0.0,0.0,0,0,0,29.37,0.2,0,0,,37.2,43.7,,0.49,0.65,
COPE,2019-11-08 23:15:00 EST,43.92056,-75.60786,817,16.6,18.9,16.6,92.9,14.9,0.000,0.000,0.00,0.000,0.0,0.0,0.0,0,0,0.0,0.8,0.2,213,1,0.0,0.8,0.2,213,1,0,29.37,0.2,0,0,,37.2,43.7,,0.49,0.65,
COPE,2019-11-08 23:20:00 EST,43.92056,-75.60786,817,16.6,19.0,16.6,93.2,15.0,0.000,0.000,0.00,0.000,0.2,0.5,0.2,108,0,0.5,1.2,0.5,311,6,0.5,1.2,0.5,311,6,0,29.37,0.2,0,0,,37.2,43.7,,0.48,0.65,
COPE,2019-11-08 23:25:00 EST,43.92056,-75.60786,817,16.6,18.8,16.6,93.4,15.0,0.000,0.000,0.00,0.000,1.0,1.5,0.3,108,0,1.4,1.9,0.2,286,7,1.4,1.9,0.2,286,7,0,29.37,0.2,0,0,,37.1,43.7,,0.49,0.65,
COPE,2019-11-08 23:30:00 EST,43.92056,-75.60786,817,16.6,18.6,16.6,92.9,14.9,0.000,0.000,0.00,0.000,1.1,1.7,0.3,262,48,1.4,2.1,0.3,262,12,1.4,2.1,0.3,262,12,0,29.37,0.2,0,0,,37.0,43.7,,0.49,0.65,
COPE,2019-11-08 23:35:00 EST,43.92056,-75.60786,817,16.6,18.7,16.6,93.8,15.1,0.000,0.000,0.00,0.000,0.0,0.6,0.1,265,0,0.3,1.1,0.4,45,24,0.3,1.1,0.4,45,24,0,29.37,0.2,0,0,,37.0,43.7,,0.49,0.65,
COPE,2019-11-08 23:40:00 EST,43.92056,-75.60786,817,16.7,18.3,16.7,93.7,15.2,0.000,0.000,0.00,0.000,0.0,0.0,0.0,0,0,0.6,1.3,0.5,83,15,0.6,1.3,0.5,83,15,0,29.37,0.2,0,0,,37.0,43.7,,0.49,0.65,
COPE,2019-11-08 23:45:00 EST,43.92056,-75.60786,817,16.1,17.7,16.1,93.1,14.4,0.000,0.000,0.00,0.000,1.0,1.5,0.5,124,0,1.4,1.8,0.2,121,4,1.4,1.8,0.2,121,4,0,29.37,0.2,0,0,,37.0,43.7,,0.49,0.65,
COPE,2019-11-08 23:50:00 EST,43.92056,-75.60786,817,16.1,18.2,16.1,93.1,14.5,0.000,0.000,0.00,0.000,1.2,2.0,0.6,124,0,1.6,2.3,0.6,110,5,1.6,2.3,0.6,110,5,0,29.37,0.2,0,0,,37.0,43.7,,0.49,0.65,
COPE,2019-11-08 23:55:00 EST,43.92056,-75.60786,817,16.1,17.6,16.1,93.0,14.4,0.000,0.000,0.00,0.000,0.1,0.8,0.2,125,0,0.2,1.4,0.4,266,3,0.2,1.4,0.4,266,3,0,29.37,0.3,0,0,,37.0,43.7,,0.48,0.65,
CROG,2019-11-08 00:00:00 EST,43.97496,-75.20100,1375,20.3,20.6,20.3,87.9,17.3,0.000,0.095,0.00,0.000,0.3,1.9,0.5,357,15,0.7,2.6,0.7,358,13,0.7,2.6,0.7,358,13,0,28.59,-0.0,0,0,0,38.7,44.6,46.4,0.13,0.14,0.09
CROG,2019-11-08 00:05:00 EST,43.97496,-75.20100,1375,20.1,20.3,20.1,87.8,17.1,0.000,0.000,0.00,0.000,0.9,2.6,0.7,13,20,1.4,3.7,0.6,11,23,1.4,3.7,0.6,11,23,0,28.59,-0.1,0,0,0,38.7,44.6,46.4,0.13,0.14,0.09
CROG,2019-11-08 00:10:00 EST,43.97496,-75.20100,1375,19.8,20.0,19.8,88.2,16.9,0.000,0.000,0.00,0.000,0.6,1.7,0.4,21,13,1.0,2.2,0.5,25,15,1.0,2.2,0.5,25,15,0,28.58,-0.0,0,0,0,38.7,44.6,46.4,0.13,0.14,0.09
CROG,2019-11-08 00:15:00 EST,43.97496,-75.20100,1375,19.6,19.7,19.6,89.0,16.9,0.000,0.000,0.00,0.000,0.7,3.4,0.6,11,15,1.2,5.1,0.8,14,19,1.2,5.1,0.8,14,19,0,28.58,-0.1,0,0,0,38.7,44.6,46.4,0.13,0.14,0.09
CROG,2019-11-08 00:20:00 EST,43.97496,-75.20100,1375,19.6,19.9,19.6,89.7,17.1,0.000,0.000,0.00,0.000,0.8,2.3,0.5,4,14,1.4,2.7,0.5,3,14,1.4,2.7,0.5,3,14,0,28.58,-0.0,0,0,0,38.7,44.6,46.4,0.13,0.14,0.09
CROG,2019-11-08 00:25:00 EST,43.97496,-75.20100,1375,19.4,19.7,19.4,89.6,16.9,0.000,0.000,0.00,0.000,1.1,4.5,0.8,5,19,1.8,6.0,1.1,6,17,1.8,6.0,1.1,6,17,0,28.58,-0.1,0,0,0,38.7,44.6,46.4,0.13,0.14,0.09
CROG,2019-11-08 00:30:00 EST,43.97496,-75.20100,1375,19.5,19.8,19.5,90.0,17.0,0.000,0.000,0.00,0.000,1.3,2.7,0.6,2,22,1.8,4.6,0.8,3,20,1.8,4.6,0.8,3,20,0,28.58,-0.1,0,0,0,38.7,44.6,46.4,0.13,0.14,0.09
CROG,2019-11-08 00:35:00 EST,43.97496,-75.20100,1375,19.3,19.9,19.3,89.4,16.7,0.000,0.000,0.00,0.000,1.3,4.2,0.8,7,24,1.6,5.0,0.8,9,21,1.6,5.0,0.8,9,21,0,28.57,-0.1,0,0,0,38.7,44.6,46.4,0.13,0.14,0.09
CROG,2019-11-08 00:40:00 EST,43.97496,-75.20100,1375,19.4,20.0,19.4,89.3,16.7,0.000,0.000,0.00,0.000,1.3,3.8,0.9,353,22,1.8,4.5,1.0,358,20,1.8,4.5,1.0,358,20,0,28.57,-0.0,0,0,0,38.7,44.6,46.4,0.13,0.14,0.09
CROG,2019-11-08 00:45:00 EST,43.97496,-75.20100,1375,19.4,19.9,19.4,90.2,17.0,0.000,0.000,0.00,0.000,1.5,3.0,0.6,2,21,2.1,4.1,0.8,4,18,2.1,4.1,0.8,4,18,0,28.57,-0.0,0,0,0,38.7,44.6,46.4,0.13,0.14,0.09
CROG,2019-11-08 00:50:00 EST,43.97496,-75.20100,1375,19.5,19.7,19.5,89.2,16.8,0.000,0.000,0.00,0.000,1.3,3.6,0.7,347,22,1.6,4.6,0.9,349,20,1.6,4.6,0.9,349,20,0,28.57,-0.1,0,0,0,38.7,44.6,46.4,0.13,0.14,0.09
CROG,2019-11-08 00:55:00 EST,43.97496,-75.20100,1375,19.2,19.3,19.2,90.6,16.9,0.000,0.000,0.00,0.000,0.5,2.1,0.4,328,18,0.9,2.4,0.5,333,22,0.9,2.4,0.5,333,22,0,28.57,-0.0,0,0,0,38.7,44.6,46.4,0.13,0.14,0.09
CROG,2019-11-08 01:00:00 EST,43.97496,-75.20100,1375,18.9,19.1,18.9,90.8,16.7,0.000,0.000,0.00,0.000,0.5,3.4,0.7,338,17,0.9,3.8,0.8,335,20,0.9,3.8,0.8,335,20,0,28.57,-0.1,0,0,0,38.6,44.6,46.4,0.13,0.14,0.09
CROG,2019-11-08 01:05:00 EST,43.97496,-75.20100,1375,18.7,18.8,18.7,90.5,16.4,0.000,0.000,0.00,0.000,0.1,0.6,0.2,301,5,0.3,1.0,0.4,305,8,0.3,1.0,0.4,305,8,0,28.57,-0.0,0,0,0,38.6,44.6,46.4,0.13,0.14,0.09
CROG,2019-11-08 01:10:00 EST,43.97496,-75.20100,1375,18.4,18.5,18.4,90.9,16.2,0.000,0.000,0.00,0.000,0.0,0.4,0.1,316,0,0.2,0.9,0.3,322,6,0.2,0.9,0.3,322,6,0,28.58,-0.0,0,0,0,38.5,44.6,46.4,0.13,0.14,0.09
CROG,2019-11-08 01:15:00 EST,43.97496,-75.20100,1375,18.1,18.2,18.1,91.2,16.0,0.000,0.000,0.00,0.000,0.0,0.0,0.0,0,0,0.0,0.7,0.1,324,0,0.0,0.7,0.1,324,0,0,28.58,-0.0,0,0,0,38.5,44.6,46.4,0.13,0.14,0.09
CROG,2019-11-08 01:20:00 EST,43.97496,-75.20100,1375,17.9,18.1,17.9,91.3,15.8,0.000,0.000,0.00,0.000,0.0,0.0,0.0,0,0,0.0,0.7,0.1,275,0,0.0,0.7,0.1,275,0,0,28.58,-0.0,0,0,0,38.5,44.6,46.4,0.13,0.14,0.09
CROG,2019-11-08 01:25:00 EST,43.97496,-75.20100,1375,17.5,17.7,17.5,91.7,15.6,0.000,0.000,0.00,0.000,0.0,0.0,0.0,0,0,0.0,0.0,0.0,0,0,0.0,0.0,0.0,0,0,0,28.58,-0.0,0,0,0,38.5,44.6,46.4,0.13,0.14,0.09
CROG,2019-11-08 01:30:00 EST,43.97496,-75.20100,1375,17.3,17.4,17.3,92.3,15.4,0.000,0.000,0.00,0.000,0.0,0.0,0.0,0,0,0.0,0.0,0.0,0,0,0.0,0.0,0.0,0,0,0,28.58,-0.0,0,0,0,38.5,44.6,46.4,0.13,0.14,0.09
CROG,2019-11-08 01:35:00 EST,43.97496,-75.20100,1375,17.2,17.5,17.2,92.4,15.4,0.000,0.000,0.00,0.000,0.0,0.0,0.0,0,0,0.0,0.0,0.0,0,0,0.0,0.0,0.0,0,0,0,28.58,-0.0,0,0,0,38.5,44.6,46.4,0.13,0.14,0.09
CROG,2019-11-08 01:40:00 EST,43.97496,-75.20100,1375,17.2,17.5,17.2,93.3,15.6,0.000,0.000,0.00,0.000,0.0,0.0,0.0,0,0,0.0,0.0,0.0,0,0,0.0,0.0,0.0,0,0,0,28.58,-0.0,0,0,0,38.5,44.6,46.4,0.13,0.14,0.09
CROG,2019-11-08 01:45:00 EST,43.97496,-75.20100,1375,17.0,17.4,17.0,93.4,15.5,0.000,0.000,0.00,0.000,0.0,0.0,0.0,0,0,0.0,0.0,0.0,0,0,0.0,0.0,0.0,0,0,0,28.58,0.0,0,0,0,38.5,44.6,46.3,0.13,0.14,0.09
CROG,2019-11-08 01:50:00 EST,43.97496,-75.20100,1375,17.0,17.3,17.0,93.3,15.4,0.000,0.000,0.00,0.000,0.0,0.0,0.0,0,0,0.0,0.0,0.0,0,0,0.0,0.0,0.0,0,0,0,28.58,0.0,0,0,0,38.5,44.6,46.4,0.13,0.14,0.09
CROG,2019-11-08 01:55:00 EST,43.97496,-75.20100,1375,17.0,17.2,17.0,93.2,15.4,0.000,0.000,0.00,0.000,0.0,0.0,0.0,0,0,0.0,0.8,0.2,170,3,0.0,0.8,0.2,170,3,0,28.58,0.0,0,0,0,38.5,44.6,46.4,0.13,0.14,0.09
CROG,2019-11-08 02:00:00 EST,43.97496,-75.20100,1375,17.3,17.4,17.3,94.2,15.9,0.000,0.000,0.00,0.000,0.1,1.2,0.3,318,5,0.1,1.9,0.4,305,18,0.1,1.9,0.4,305,18,0,28.58,0.0,0,0,0,38.4,44.6,46.4,0.13,0.14,0.09
CROG,2019-11-08 02:05:00 EST,43.97496,-75.20100,1375,17.5,17.8,17.5,94.8,16.2,0.000,0.000,0.00,0.000,0.1,0.7,0.2,358,18,0.5,3.3,0.6,3,29,0.5,3.3,0.6,3,29,0,28.58,0.1,0,0,0,38.4,44.6,46.3,0.13,0.14,0.09
CROG,2019-11-08 02:10:00 EST,43.97496,-75.20100,1375,18.0,18.2,18.0,94.5,16.7,0.000,0.000,0.00,0.000,0.6,2.6,0.7,327,16,0.9,4.3,0.8,341,26,0.9,4.3,0.8,341,26,0,28.58,0.0,0,0,0,38.3,44.6,46.4,0.13,0.14,0.09
CROG,2019-11-08 02:15:00 EST,43.97496,-75.20100,1375,18.3,18.4,18.3,91.9,16.3,0.000,0.000,0.00,0.000,0.2,0.9,0.3,18,10,0.3,1.6,0.5,12,13,0.3,1.6,0.5,12,13,0,28.58,-0.0,0,0,0,38.3,44.6,46.3,0.13,0.14,0.09
CROG,2019-11-08 02:20:00 EST,43.97496,-75.20100,1375,18.3,18.4,18.3,90.5,16.0,0.000,0.000,0.00,0.000,0.0,0.4,0.1,20,5,0.1,1.4,0.3,10,5,0.1,1.4,0.3,10,5,0,28.58,-0.0,0,0,0,38.3,44.6,46.3,0.13,0.14,0.09
CROG,2019-11-08 02:25:00 EST,43.97496,-75.20100,1375,18.4,18.4,18.4,90.3,16.0,0.000,0.000,0.00,0.000,0.1,0.6,0.1,25,12,0.4,1.2,0.4,53,31,0.4,1.2,0.4,53,31,0,28.58,0.0,0,0,0,38.3,44.6,46.2,0.13,0.14,0.09
CROG,2019-11-08 02:30:00 EST,43.97496,-75.20100,1375,18.4,18.5,18.4,89.8,15.9,0.000,0.000,0.00,0.000,0.5,2.3,0.6,11,18,1.1,2.7,0.7,14,21,1.1,2.7,0.7,14,21,0,28.58,-0.0,0,0,0,38.3,44.6,46.3,0.13,0.14,0.09
CROG,2019-11-08 02:35:00 EST,43.97496,-75.20100,1375,18.3,18.3,18.3,89.4,15.7,0.000,0.000,0.00,0.000,0.3,1.3,0.4,13,18,0.7,2.5,0.6,18,20,0.7,2.5,0.6,18,20,0,28.58,-0.0,0,0,0,38.3,44.4,46.3,0.13,0.14,0.09
CROG,2019-11-08 02:40:00 EST,43.97496,-75.20100,1375,18.1,18.1,18.1,89.1,15.4,0.000,0.000,0.00,0.000,0.5,1.8,0.6,5,18,0.8,2.7,0.6,7,20,0.8,2.7,0.6,7,20,0,28.58,-0.0,0,0,0,38.3,44.5,46.2,0.13,0.14,0.09
CROG,2019-11-08 02:45:00 EST,43.97496,-75.20100,1375,17.8,17.9,17.8,89.0,15.1,0.000,0.000,0.00,0.000,0.1,0.9,0.2,10,8,0.2,1.6,0.5,350,12,0.2,1.6,0.5,350,12,0,28.58,-0.0,0,0,0,38.3,44.4,46.0,0.13,0.14,0.09
CROG,2019-11-08 02:50:00 EST,43.97496,-75.20100,1375,17.6,17.7,17.6,89.6,15.0,0.000,0.000,0.00,0.000,0.2,1.2,0.3,18,8,0.6,1.6,0.5,18,15,0.6,1.6,0.5,18,15,0,28.58,0.0,0,0,0,38.3,44.5,46.2,0.13,0.14,0.09
CROG,2019-11-08 02:55:00 EST,43.97496,-75.20100,1375,17.4,17.4,17.4,90.1,15.0,0.000,0.000,0.00,0.000,0.1,0.6,0.2,22,11,0.5,1.3,0.5,24,19,0.5,1.3,0.5,24,19,0,28.58,-0.0,0,0,0,38.3,44.4,46.2,0.13,0.14,0.09
CROG,2019-11-08 03:00:00 EST,43.97496,-75.20100,1375,17.3,17.3,17.3,90.2,14.9,0.000,0.000,0.00,0.000,0.3,1.4,0.4,4,12,0.4,1.8,0.5,13,13,0.4,1.8,0.5,13,13,0,28.58,-0.0,0,0,0,38.3,44.4,46.0,0.13,0.14,0.09
CROG,2019-11-08 03:05:00 EST,43.97496,-75.20100,1375,17.1,17.2,17.1,90.6,14.8,0.000,0.000,0.00,0.000,0.1,1.1,0.3,359,10,0.2,1.7,0.4,357,10,0.2,1.7,0.4,357,10,0,28.58,0.0,0,0,0,38.3,44.5,46.0,0.13,0.14,0.09
CROG,2019-11-08 03:10:00 EST,43.97496,-75.20100,1375,17.1,17.3,17.1,91.4,15.0,0.000,0.000,0.00,0.000,0.0,0.6,0.1,355,3,0.1,1.2,0.3,334,16,0.1,1.2,0.3,334,16,0,28.58,0.0,0,0,0,38.3,44.4,46.0,0.13,0.14,0.09
CROG,2019-11-08 03:15:00 EST,43.97496,-75.20100,1375,17.3,17.5,17.3,91.9,15.3,0.000,0.000,0.00,0.000,0.6,1.8,0.5,342,29,0.9,2.3,0.6,356,33,0.9,2.3,0.6,356,33,0,28.58,-0.0,0,0,0,38.3,44.4,46.0,0.13,0.14,0.09
CROG,2019-11-08 03:20:00 EST,43.97496,-75.20100,1375,17.4,17.5,17.4,91.6,15.4,0.000,0.000,0.00,0.000,0.5,1.8,0.5,355,27,0.8,3.4,0.7,1,25,0.8,3.4,0.7,1,25,0,28.58,-0.0,0,0,0,38.3,44.4,46.0,0.13,0.14,0.09
CROG,2019-11-08 03:25:00 EST,43.97496,-75.20100,1375,17.4,17.4,17.4,91.3,15.3,0.000,0.000,0.00,0.000,0.4,2.5,0.5,348,19,0.8,2.7,0.6,358,22,0.8,2.7,0.6,358,22,0,28.58,-0.0,0,0,0,38.2,44.4,46.0,0.13,0.14,0.09
CROG,2019-11-08 03:30:00 EST,43.97496,-75.20100,1375,17.1,17.3,17.1,90.7,14.8,0.000,0.000,0.00,0.000,0.1,0.9,0.2,329,8,0.3,1.3,0.4,347,14,0.3,1.3,0.4,347,14,0,28.58,-0.0,0,0,0,38.2,44.4,46.1,0.13,0.14,0.09
CROG,2019-11-08 03:35:00 EST,43.97496,-75.20100,1375,16.8,17.1,16.8,90.7,14.6,0.000,0.000,0.00,0.000,0.4,2.0,0.6,306,10,0.7,2.5,0.7,315,27,0.7,2.5,0.7,315,27,0,28.58,0.0,0,0,0,38.2,44.4,46.0,0.13,0.14,0.09
CROG,2019-11-08 03:40:00 EST,43.97496,-75.20100,1375,16.8,17.1,16.8,90.9,14.6,0.000,0.000,0.00,0.000,0.2,1.2,0.3,351,26,0.7,1.9,0.6,352,30,0.7,1.9,0.6,352,30,0,28.58,-0.0,0,0,0,38.1,44.4,46.0,0.13,0.14,0.09
CROG,2019-11-08 03:45:00 EST,43.97496,-75.20100,1375,16.5,16.9,16.5,91.1,14.4,0.000,0.000,0.00,0.000,0.3,1.8,0.5,337,11,0.5,2.0,0.6,349,14,0.5,2.0,0.6,349,14,0,28.58,-0.0,0,0,0,38.1,44.4,46.0,0.13,0.14,0.09
CROG,2019-11-08 03:50:00 EST,43.97496,-75.20100,1375,16.5,16.8,16.5,91.5,14.4,0.000,0.000,0.00,0.000,0.2,0.9,0.3,339,14,0.3,1.7,0.5,356,24,0.3,1.7,0.5,356,24,0,28.58,-0.0,0,0,0,38.1,44.4,46.0,0.13,0.14,0.09
CROG,2019-11-08 03:55:00 EST,43.97496,-75.20100,1375,16.5,16.8,16.5,91.6,14.5,0.000,0.000,0.00,0.000,0.2,1.2,0.3,323,26,0.4,2.3,0.6,326,27,0.4,2.3,0.6,326,27,0,28.58,-0.0,0,0,0,38.1,44.4,46.0,0.13,0.14,0.09
CROG,2019-11-08 04:00:00 EST,43.97496,-75.20100,1375,16.5,16.8,16.5,91.7,14.5,0.000,0.000,0.00,0.000,0.2,1.2,0.3,305,10,0.3,1.6,0.5,303,17,0.3,1.6,0.5,303,17,0,28.58,-0.0,0,0,0,38.1,44.4,46.0,0.13,0.14,0.09
CROG,2019-11-08 04:05:00 EST,43.97496,-75.20100,1375,16.3,16.7,16.3,91.8,14.4,0.000,0.000,0.00,0.000,0.0,0.0,0.0,0,0,0.1,0.9,0.2,349,6,0.1,0.9,0.2,349,6,0,28.58,-0.0,0,0,0,38.1,44.4,46.0,0.13,0.14,0.09
CROG,2019-11-08 04:10:00 EST,43.97496,-75.20100,1375,16.3,16.5,16.3,92.2,14.5,0.000,0.000,0.00,0.000,0.2,1.0,0.3,353,9,0.3,1.3,0.4,9,11,0.3,1.3,0.4,9,11,0,28.58,0.0,0,0,0,38.1,44.4,46.0,0.13,0.14,0.09
CROG,2019-11-08 04:15:00 EST,43.97496,-75.20100,1375,16.6,16.7,16.6,93.0,14.9,0.000,0.000,0.00,0.000,0.1,1.8,0.3,14,6,0.1,2.5,0.4,2,8,0.1,2.5,0.4,2,8,0,28.58,0.1,0,0,0,38.1,44.4,46.0,0.13,0.14,0.09
CROG,2019-11-08 04:20:00 EST,43.97496,-75.20100,1375,17.2,17.3,17.2,93.4,15.7,0.000,0.000,0.00,0.000,0.7,3.1,0.9,289,30,1.0,4.2,1.0,294,37,1.0,4.2,1.0,294,37,0,28.58,0.0,0,0,0,38.1,44.4,46.0,0.13,0.14,0.09
CROG,2019-11-08 04:25:00 EST,43.97496,-75.20100,1375,17.6,17.5,17.6,92.6,15.8,0.000,0.000,0.00,0.000,0.7,2.3,0.7,356,37,1.1,3.7,0.8,12,47,1.1,3.7,0.8,12,47,0,28.58,0.0,0,0,0,38.1,44.4,46.0,0.13,0.14,0.09
CROG,2019-11-08 04:30:00 EST,43.97496,-75.20100,1375,17.8,17.6,17.8,92.0,15.9,0.000,0.000,0.00,0.000,1.6,4.8,1.1,338,34,2.2,6.2,1.2,345,34,2.2,6.2,1.2,345,34,0,28.59,-0.0,0,0,0,38.1,44.4,46.0,0.13,0.14,0.09
CROG,2019-11-08 04:35:00 EST,43.97496,-75.20100,1375,17.8,17.6,17.8,91.2,15.7,0.000,0.000,0.00,0.000,1.3,3.7,1.0,334,29,1.7,4.8,1.1,338,32,1.7,4.8,1.1,338,32,0,28.59,0.0,0,0,0,38.1,44.4,46.0,0.13,0.14,0.09
CROG,2019-11-08 04:40:00 EST,43.97496,-75.20100,1375,17.8,17.6,17.8,90.8,15.6,0.000,0.000,0.00,0.000,1.3,4.0,1.2,317,30,1.8,7.9,1.5,317,33,1.8,7.9,1.5,317,33,0,28.59,-0.0,0,0,0,37.9,44.4,46.0,0.12,0.14,0.09
CROG,2019-11-08 04:45:00 EST,43.97496,-75.20100,1375,17.9,17.7,17.9,91.0,15.7,0.000,0.000,0.00,0.000,1.9,3.9,0.8,326,28,2.3,4.8,0.9,330,30,2.3,4.8,0.9,330,30,0,28.59,-0.0,0,0,0,37.9,44.4,46.0,0.13,0.14,0.09
CROG,2019-11-08 04:50:00 EST,43.97496,-75.20100,1375,17.9,17.7,17.9,91.1,15.8,0.000,0.000,0.00,0.000,1.1,2.6,0.7,328,23,1.3,3.4,0.8,328,34,1.3,3.4,0.8,328,34,0,28.59,-0.0,0,0,0,37.9,44.4,46.0,0.13,0.14,0.09
CROG,2019-11-08 04:55:00 EST,43.97496,-75.20100,1375,18.0,17.8,18.0,91.4,16.0,0.000,0.000,0.00,0.000,1.4,3.7,0.8,328,31,1.8,4.9,0.9,328,33,1.8,4.9,0.9,328,33,0,28.59,0.0,0,0,0,37.9,44.4,46.0,0.13,0.14,0.09
CROG,2019-11-08 05:00:00 EST,43.97496,-75.20100,1375,18.1,17.8,18.1,91.7,16.1,0.000,0.000,0.00,0.000,1.9,4.6,1.0,320,34,2.4,7.2,1.2,324,36,2.4,7.2,1.2,324,36,0,28.59,0.0,0,0,0,37.9,44.4,46.0,0.13,0.14,0.09
CROG,2019-11-08 05:05:00 EST,43.97496,-75.20100,1375,18.1,17.9,18.1,92.0,16.2,0.000,0.000,0.00,0.000,1.2,3.4,0.8,357,33,1.8,4.2,1.1,1,30,1.8,4.2,1.1,1,30,0,28.59,0.0,0,0,0,37.9,44.4,46.0,0.13,0.14,0.09
CROG,2019-11-08 05:10:00 EST,43.97496,-75.20100,1375,18.2,17.9,18.2,92.4,16.4,0.000,0.000,0.00,0.000,1.2,4.5,1.2,303,38,1.8,6.4,1.4,313,44,1.8,6.4,1.4,313,44,0,28.59,0.0,0,0,0,37.9,44.4,46.0,0.13,0.14,0.09
CROG,2019-11-08 05:15:00 EST,43.97496,-75.20100,1375,18.4,18.1,18.4,92.8,16.6,0.000,0.000,0.00,0.000,0.9,2.3,0.6,320,44,1.4,3.3,0.8,325,50,1.4,3.3,0.8,325,50,0,28.59,-0.1,0,0,0,37.9,44.4,46.0,0.13,0.14,0.09
CROG,2019-11-08 05:20:00 EST,43.97496,-75.20100,1375,18.3,18.1,18.3,92.8,16.6,0.000,0.000,0.00,0.000,1.5,3.0,0.6,322,28,1.6,4.2,0.8,324,30,1.6,4.2,0.8,324,30,0,28.59,-0.1,0,0,0,37.9,44.4,46.0,0.13,0.14,0.09
CROG,2019-11-08 05:25:00 EST,43.97496,-75.20100,1375,18.3,18.1,18.3,92.6,16.6,0.004,0.004,0.00,0.004,0.9,2.8,0.8,331,30,1.4,4.7,1.1,325,35,1.4,4.7,1.1,325,35,0,28.59,-0.0,0,0,0,37.9,44.4,46.0,0.13,0.14,0.09
CROG,2019-11-08 05:30:00 EST,43.97496,-75.20100,1375,18.4,18.2,18.4,93.0,16.8,0.000,0.004,0.00,0.004,1.6,3.9,1.1,304,31,2.1,5.5,1.1,306,31,2.1,5.5,1.1,306,31,0,28.60,-0.1,0,0,0,37.9,44.4,46.0,0.13,0.14,0.09
CROG,2019-11-08 05:35:00 EST,43.97496,-75.20100,1375,18.5,18.2,18.5,93.1,16.8,0.000,0.004,0.00,0.004,1.4,4.5,1.0,332,44,1.9,4.4,1.1,333,44,1.9,4.4,1.1,333,44,0,28.60,-0.1,0,0,0,37.9,44.3,46.0,0.13,0.14,0.09
CROG,2019-11-08 05:40:00 EST,43.97496,-75.20100,1375,18.4,18.1,18.4,92.6,16.6,0.000,0.004,0.00,0.004,2.1,6.1,1.3,319,37,2.6,6.5,1.5,324,36,2.6,6.5,1.5,324,36,0,28.60,-0.1,0,0,0,37.9,44.4,46.0,0.13,0.14,0.09
CROG,2019-11-08 05:45:00 EST,43.97496,-75.20100,1375,18.5,18.2,18.5,92.7,16.7,0.000,0.004,0.00,0.004,1.5,3.9,1.2,322,25,1.9,4.3,1.0,322,36,1.9,4.3,1.0,322,36,0,28.60,-0.1,0,0,0,37.9,44.2,46.0,0.13,0.14,0.09
CROG,2019-11-08 05:50:00 EST,43.97496,-75.20100,1375,18.4,18.2,18.4,92.6,16.6,0.003,0.007,0.00,0.007,1.9,4.3,0.9,329,28,2.3,4.8,0.8,332,28,2.3,4.8,0.8,332,28,0,28.60,-0.1,0,0,0,37.9,44.3,46.0,0.13,0.14,0.09
CROG,2019-11-08 05:55:00 EST,43.97496,-75.20100,1375,18.5,18.2,18.5,92.9,16.8,0.002,0.008,0.00,0.008,1.3,2.8,0.7,325,32,1.8,4.5,0.9,330,35,1.8,4.5,0.9,330,35,0,28.60,-0.1,0,0,0,37.9,44.2,46.0,0.13,0.14,0.09
CROG,2019-11-08 06:00:00 EST,43.97496,-75.20100,1375,18.6,18.3,18.6,93.1,16.9,0.000,0.008,0.00,0.008,1.2,2.7,0.6,303,30,1.5,3.2,0.6,308,32,1.5,3.2,0.6,308,32,0,28.60,-0.1,0,0,0,37.9,44.3,46.0,0.13,0.14,0.09
CROG,2019-11-08 06:05:00 EST,43.97496,-75.20100,1375,18.6,18.4,18.6,93.0,16.9,0.000,0.008,0.00,0.008,1.0,2.8,0.8,300,42,1.4,5.2,1.0,309,48,1.4,5.2,1.0,309,48,0,28.60,-0.1,0,0,0,37.8,44.1,46.0,0.12,0.14,0.09
CROG,2019-11-08 06:10:00 EST,43.97496,-75.20100,1375,18.7,18.5,18.7,93.5,17.1,0.000,0.008,0.00,0.008,0.6,3.0,0.7,323,37,1.0,4.2,0.9,329,38,1.0,4.2,0.9,329,38,0,28.60,-0.1,0,0,0,37.8,44.1,46.0,0.13,0.14,0.09
CROG,2019-11-08 06:15:00 EST,43.97496,-75.20100,1375,18.7,18.4,18.7,93.2,17.1,0.003,0.011,0.00,0.011,1.1,3.1,0.8,330,19,1.4,3.9,0.9,336,24,1.4,3.9,0.9,336,24,0,28.60,-0.1,0,0,0,37.8,44.1,46.0,0.12,0.14,0.09
CROG,2019-11-08 06:20:00 EST,43.97496,-75.20100,1375,18.7,18.5,18.7,93.1,17.0,0.000,0.011,0.00,0.011,1.5,5.3,0.9,323,32,1.8,5.7,1.1,319,35,1.8,5.7,1.1,319,35,0,28.60,-0.1,0,0,0,37.8,44.1,46.0,0.13,0.14,0.09
CROG,2019-11-08 06:25:00 EST,43.97496,-75.20100,1375,18.9,18.7,18.9,93.6,17.3,0.000,0.011,0.00,0.008,0.4,3.7,0.9,286,18,0.8,6.1,1.0,302,34,0.8,6.1,1.0,302,34,0,28.61,-0.1,0,0,0,37.8,44.1,46.0,0.12,0.14,0.09
CROG,2019-11-08 06:30:00 EST,43.97496,-75.20100,1375,18.9,18.7,18.9,93.4,17.3,0.003,0.015,0.00,0.011,1.3,4.2,1.0,316,31,1.8,5.4,1.0,310,34,1.8,5.4,1.0,310,34,0,28.61,-0.2,0,0,0,37.8,44.1,46.0,0.12,0.14,0.09
CROG,2019-11-08 06:35:00 EST,43.97496,-75.20100,1375,18.9,18.7,18.9,93.3,17.2,0.002,0.016,0.00,0.013,1.6,4.6,1.4,313,28,2.4,6.5,1.5,315,37,2.4,6.5,1.5,315,37,0,28.61,-0.1,0,0,0,37.8,44.1,46.0,0.12,0.14,0.09
CROG,2019-11-08 06:40:00 EST,43.97496,-75.20100,1375,18.9,18.7,18.9,93.4,17.3,0.002,0.018,0.00,0.014,0.7,3.0,0.6,327,38,1.1,3.7,0.8,336,40,1.1,3.7,0.8,336,40,0,28.61,-0.1,0,0,0,37.8,44.1,46.0,0.12,0.14,0.09
CROG,2019-11-08 06:45:00 EST,43.97496,-75.20100,1375,19.0,18.8,19.0,93.4,17.4,0.000,0.018,0.00,0.014,1.5,5.8,1.4,319,36,2.1,6.8,1.5,319,35,2.1,6.8,1.5,319,35,0,28.62,-0.1,0,0,0,37.8,44.1,46.0,0.12,0.14,0.09
CROG,2019-11-08 06:50:00 EST,43.97496,-75.20100,1375,19.0,18.8,19.0,93.4,17.4,0.000,0.018,0.00,0.011,1.5,3.8,1.1,320,35,1.9,6.1,1.2,330,39,1.9,6.1,1.2,330,39,0,28.62,-0.1,0,0,0,37.8,44.1,46.0,0.12,0.14,0.09
CROG,2019-11-08 06:55:00 EST,43.97496,-75.20100,1375,19.0,18.8,14.4,93.2,17.3,0.000,0.018,0.00,0.009,2.7,8.5,1.8,336,31,3.1,10.3,2.4,339,30,3.1,10.3,2.4,339,30,1,28.62,-0.2,0,0,0,37.8,44.1,46.0,0.12,0.14,0.09
CROG,2019-11-08 07:00:00 EST,43.97496,-75.20100,1375,19.1,18.8,13.9,93.5,17.5,0.000,0.018,0.00,0.009,2.8,6.9,1.7,336,31,3.5,10.5,2.0,343,29,3.5,10.5,2.0,343,29,1,28.62,-0.2,0,0,0,37.8,44.1,46.0,0.12,0.14,0.09
CROG,2019-11-08 07:05:00 EST,43.97496,-75.20100,1375,19.0,18.8,14.5,93.5,17.4,0.003,0.021,0.00,0.013,2.6,9.2,1.9,326,33,3.1,10.9,2.0,333,35,3.1,10.9,2.0,333,35,2,28.63,-0.2,0,0,0,37.8,44.1,46.0,0.12,0.14,0.09
CROG,2019-11-08 07:10:00 EST,43.97496,-75.20100,1375,19.0,18.8,14.4,93.9,17.6,0.000,0.021,0.00,0.013,2.5,6.5,1.5,346,32,3.1,9.7,1.6,349,30,3.1,9.7,1.6,349,30,3,28.63,-0.2,0,0,0,37.8,44.1,46.0,0.12,0.14,0.09
CROG,2019-11-08 07:15:00 EST,43.97496,-75.20100,1375,19.1,18.9,19.1,93.8,17.6,0.000,0.021,0.00,0.009,2.2,7.5,1.9,354,35,2.9,10.5,2.2,354,36,2.9,10.5,2.2,354,36,4,28.63,-0.1,0,0,0,37.8,44.1,46.0,0.12,0.14,0.09
CROG,2019-11-08 07:20:00 EST,43.97496,-75.20100,1375,19.2,19.0,19.2,93.2,17.5,0.000,0.021,0.00,0.009,2.2,8.4,2.1,343,34,2.8,15.1,2.8,350,34,2.8,15.1,2.8,350,34,7,28.63,-0.2,0,0,0,37.7,44.1,46.0,0.12,0.14,0.09
CROG,2019-11-08 07:25:00 EST,43.97496,-75.20100,1375,19.2,19.0,19.2,92.9,17.5,0.000,0.021,0.00,0.009,2.2,5.0,1.4,341,35,2.9,8.6,1.6,347,33,2.9,8.6,1.6,347,33,6,28.64,-0.2,0,0,0,37.7,44.1,46.0,0.12,0.14,0.09
CROG,2019-11-08 07:30:00 EST,43.97496,-75.20100,1375,19.2,19.0,13.6,92.5,17.4,0.000,0.021,0.00,0.006,3.2,8.0,1.7,344,34,3.8,10.7,2.3,344,33,3.8,10.7,2.3,344,33,7,28.64,-0.2,0,0,0,37.7,44.1,46.0,0.13,0.14,0.09
CROG,2019-11-08 07:35:00 EST,43.97496,-75.20100,1375,19.3,19.1,14.4,92.6,17.5,0.000,0.021,0.00,0.005,2.6,9.6,1.9,339,29,3.3,10.8,1.8,341,32,3.3,10.8,1.8,341,32,6,28.64,-0.1,0,0,0,37.6,44.1,46.0,0.13,0.14,0.09
CROG,2019-11-08 07:40:00 EST,43.97496,-75.20100,1375,19.3,19.1,13.5,92.2,17.4,0.000,0.021,0.00,0.003,3.1,7.3,1.7,334,30,3.9,9.8,2.0,340,31,3.9,9.8,2.0,340,31,6,28.64,-0.2,0,0,0,37.6,44.1,46.0,0.13,0.14,0.09
CROG,2019-11-08 07:45:00 EST,43.97496,-75.20100,1375,19.3,19.1,19.3,92.5,17.5,0.003,0.024,0.00,0.006,1.1,3.7,1.0,342,38,1.5,4.0,1.1,332,46,1.5,4.0,1.1,332,46,8,28.65,-0.2,0,0,0,37.6,44.1,45.9,0.13,0.14,0.09
CROG,2019-11-08 07:50:00 EST,43.97496,-75.20100,1375,19.4,19.1,19.4,92.5,17.5,0.002,0.026,0.00,0.008,2.4,8.7,1.9,346,34,2.8,10.0,2.1,349,28,2.8,10.0,2.1,349,28,13,28.65,-0.2,0,0,0,37.6,44.1,46.0,0.13,0.14,0.09
CROG,2019-11-08 07:55:00 EST,43.97496,-75.20100,1375,19.5,19.2,19.5,92.5,17.7,0.002,0.027,0.00,0.009,2.1,9.6,1.6,351,30,2.9,9.2,1.9,350,32,2.9,9.2,1.9,350,32,15,28.65,-0.2,0,0,0,37.6,44.1,46.0,0.12,0.14,0.09
CROG,2019-11-08 08:00:00 EST,43.97496,-75.20100,1375,19.4,19.1,19.4,91.9,17.4,0.000,0.027,0.00,0.009,2.1,7.7,1.6,353,44,2.9,11.9,2.0,357,44,2.9,11.9,2.0,357,44,12,28.65,-0.2,0,0,0,37.6,44.1,46.0,0.12,0.14,0.09
CROG,2019-11-08 08:05:00 EST,43.97496,-75.20100,1375,19.2,18.9,14.4,91.5,17.2,0.000,0.027,0.00,0.006,2.8,7.5,1.5,358,36,3.3,9.0,1.7,352,36,3.3,9.0,1.7,352,36,14,28.66,-0.2,0,0,0,37.6,44.1,46.0,0.12,0.14,0.09
CROG,2019-11-08 08:10:00 EST,43.97496,-75.20100,1375,19.1,18.9,19.1,91.0,17.0,0.000,0.027,0.00,0.006,1.7,5.2,1.0,360,37,2.7,7.2,1.3,353,34,2.7,7.2,1.3,353,34,12,28.66,-0.2,0,0,0,37.6,44.1,46.0,0.12,0.14,0.09
CROG,2019-11-08 08:15:00 EST,43.97496,-75.20100,1375,19.1,18.8,13.2,91.2,16.9,0.000,0.027,0.00,0.006,3.1,9.6,1.9,347,37,4.0,10.7,2.2,351,31,4.0,10.7,2.2,351,31,12,28.66,-0.2,0,0,0,37.6,44.1,45.9,0.12,0.14,0.09
CROG,2019-11-08 08:20:00 EST,43.97496,-75.20100,1375,19.0,18.7,12.5,90.4,16.6,0.000,0.027,0.00,0.006,3.5,9.1,2.2,348,36,4.4,11.4,2.3,352,35,4.4,11.4,2.3,352,35,14,28.66,-0.2,0,0,0,37.6,44.0,45.9,0.12,0.14,0.09
CROG,2019-11-08 08:25:00 EST,43.97496,-75.20100,1375,19.0,18.7,12.9,89.6,16.4,0.000,0.027,0.00,0.006,3.3,7.6,1.3,357,28,4.1,8.5,1.7,1,21,4.1,8.5,1.7,1,21,16,28.66,-0.2,0,0,0,37.6,44.0,45.9,0.12,0.14,0.09
CROG,2019-11-08 08:30:00 EST,43.97496,-75.20100,1375,18.9,18.6,12.1,89.0,16.2,0.000,0.027,0.00,0.006,4.0,8.0,2.0,352,30,4.7,10.4,2.3,355,31,4.7,10.4,2.3,355,31,16,28.66,-0.2,0,0,0,37.6,43.9,45.9,0.12,0.14,0.09
CROG,2019-11-08 08:35:00 EST,43.97496,-75.20100,1375,18.8,18.6,12.2,89.6,16.3,0.000,0.027,0.00,0.006,3.6,8.4,1.5,352,22,4.5,10.0,2.0,352,20,4.5,10.0,2.0,352,20,13,28.66,-0.2,0,0,0,37.6,43.9,45.9,0.12,0.14,0.09
CROG,2019-11-08 08:40:00 EST,43.97496,-75.20100,1375,18.9,18.6,13.0,90.4,16.6,0.000,0.027,0.00,0.006,3.2,9.6,1.6,345,33,4.0,11.4,2.0,347,34,4.0,11.4,2.0,347,34,12,28.67,-0.2,0,0,0,37.6,43.9,45.9,0.13,0.14,0.09
CROG,2019-11-08 08:45:00 EST,43.97496,-75.20100,1375,18.7,18.4,11.6,89.9,16.2,0.000,0.027,0.00,0.003,4.0,10.7,2.1,350,27,4.8,12.0,2.4,355,27,4.8,12.0,2.4,355,27,11,28.67,-0.2,0,0,0,37.6,43.9,45.9,0.13,0.14,0.09
CROG,2019-11-08 08:50:00 EST,43.97496,-75.20100,1375,18.6,18.3,13.7,90.0,16.2,0.000,0.027,0.00,0.002,2.7,8.5,1.8,338,28,3.3,10.5,2.1,342,29,3.3,10.5,2.1,342,29,10,28.67,-0.2,0,0,0,37.6,43.9,45.9,0.13,0.14,0.09
CROG,2019-11-08 08:55:00 EST,43.97496,-75.20100,1375,18.7,18.4,14.0,90.9,16.5,0.000,0.027,0.00,0.000,2.5,7.1,1.4,338,33,3.1,8.9,1.7,343,30,3.1,8.9,1.7,343,30,12,28.67,-0.1,0,0,0,37.6,43.9,45.9,0.13,0.14,0.09
CROG,2019-11-08 09:00:00 EST,43.97496,-75.20100,1375,18.8,18.5,18.8,91.3,16.7,0.000,0.027,0.00,0.000,1.3,8.9,1.6,326,33,2.1,11.8,2.0,330,34,2.1,11.8,2.0,330,34,13,28.67,-0.2,0,0,0,37.6,43.9,45.9,0.13,0.14,0.09
CROG,2019-11-08 09:05:00 EST,43.97496,-75.20100,1375,18.8,18.5,14.0,91.3,16.6,0.000,0.027,0.00,0.000,2.6,9.1,1.9,349,32,3.2,11.6,2.2,345,36,3.2,11.6,2.2,345,36,15,28.67,-0.2,0,0,0,37.6,43.9,45.9,0.13,0.14,0.09
CROG,2019-11-08 09:10:00 EST,43.97496,-75.20100,1375,18.7,18.4,13.5,90.9,16.5,0.000,0.027,0.00,0.000,2.6,8.7,1.9,350,33,3.5,10.5,2.1,354,28,3.5,10.5,2.1,354,28,15,28.67,-0.2,0,0,0,37.6,43.9,45.9,0.13,0.14,0.09
CROG,2019-11-08 09:15:00 EST,43.97496,-75.20100,1375,18.6,18.3,13.9,91.1,16.4,0.003,0.030,0.00,0.003,2.4,6.3,1.3,2,33,3.1,8.1,1.4,1,32,3.1,8.1,1.4,1,32,16,28.68,-0.1,0,0,0,37.6,43.9,45.9,0.13,0.14,0.09
CROG,2019-11-08 09:20:00 EST,43.97496,-75.20100,1375,18.6,18.3,18.6,91.4,16.5,0.002,0.032,0.00,0.005,2.3,6.2,1.6,334,35,2.9,8.1,2.0,340,30,2.9,8.1,2.0,340,30,19,28.68,-0.1,0,0,0,37.6,43.9,45.9,0.13,0.14,0.09
CROG,2019-11-08 09:25:00 EST,43.97496,-75.20100,1375,18.5,18.2,13.1,90.9,16.3,0.000,0.032,0.00,0.005,3.1,9.6,1.7,308,38,3.6,7.5,1.5,311,39,3.6,7.5,1.5,311,39,21,28.68,-0.0,0,0,0,37.6,43.9,45.9,0.13,0.14,0.09
CROG,2019-11-08 09:30:00 EST,43.97496,-75.20100,1375,18.6,18.4,18.6,91.3,16.5,0.000,0.032,0.00,0.005,2.0,4.9,1.3,328,32,2.5,5.3,1.3,328,35,2.5,5.3,1.3,328,35,24,28.68,0.0,0,0,0,37.6,43.9,45.9,0.13,0.14,0.09
CROG,2019-11-08 09:35:00 EST,43.97496,-75.20100,1375,18.7,18.3,13.9,91.0,16.5,0.000,0.032,0.00,0.005,2.3,7.5,1.4,354,32,3.2,9.0,1.6,353,29,3.2,9.0,1.6,353,29,23,28.68,-0.0,0,0,0,37.5,43.9,45.9,0.12,0.14,0.09
CROG,2019-11-08 09:40:00 EST,43.97496,-75.20100,1375,18.7,18.3,18.7,90.6,16.4,0.000,0.032,0.00,0.005,2.0,6.3,1.3,333,30,2.6,7.8,1.6,335,31,2.6,7.8,1.6,335,31,27,28.68,0.1,0,0,0,37.5,43.9,45.9,0.13,0.14,0.09
CROG,2019-11-08 09:45:00 EST,43.97496,-75.20100,1375,18.7,18.4,13.1,89.9,16.2,0.000,0.032,0.00,0.005,2.8,8.5,1.7,319,31,3.7,9.6,1.7,326,35,3.7,9.6,1.7,326,35,35,28.68,0.2,0,0,0,37.5,43.9,45.9,0.12,0.14,0.09
CROG,2019-11-08 09:50:00 EST,43.97496,-75.20100,1375,19.2,18.8,19.2,90.0,16.8,0.000,0.032,0.00,0.005,1.2,5.9,1.1,318,50,1.9,6.0,1.3,330,52,1.9,6.0,1.3,330,52,43,28.68,-0.0,0,0,0,37.4,43.9,45.9,0.12,0.14,0.09
CROG,2019-11-08 09:55:00 EST,43.97496,-75.20100,1375,19.2,18.7,19.2,88.9,16.5,0.000,0.032,0.00,0.005,1.5,5.2,1.4,315,37,2.2,6.1,1.5,317,48,2.2,6.1,1.5,317,48,39,28.69,0.0,0,0,0,37.4,43.9,45.9,0.12,0.14,0.09
CROG,2019-11-08 10:00:00 EST,43.97496,-75.20100,1375,19.1,18.7,19.1,87.9,16.1,0.000,0.032,0.00,0.005,1.5,5.8,1.1,305,38,2.3,6.2,1.2,309,43,2.3,6.2,1.2,309,43,32,28.69,-0.0,0,0,0,37.4,43.9,45.9,0.12,0.14,0.09
CROG,2019-11-08 10:05:00 EST,43.97496,-75.20100,1375,19.2,18.9,19.2,88.4,16.4,0.000,0.032,0.00,0.005,1.6,8.1,1.7,334,27,2.5,10.7,2.1,335,32,2.5,10.7,2.1,335,32,32,28.69,0.1,0,0,0,37.4,43.9,45.9,0.12,0.14,0.09
CROG,2019-11-08 10:10:00 EST,43.97496,-75.20100,1375,19.5,19.1,19.5,88.5,16.6,0.000,0.032,0.00,0.005,1.6,4.7,0.9,289,55,2.0,5.7,1.0,291,56,2.0,5.7,1.0,291,56,41,28.69,0.1,0,0,0,37.4,43.9,45.9,0.12,0.14,0.09
CROG,2019-11-08 10:15:00 EST,43.97496,-75.20100,1375,19.8,19.2,19.8,87.2,16.6,0.000,0.032,0.00,0.002,1.5,6.5,1.2,316,40,2.1,6.2,1.3,318,38,2.1,6.2,1.3,318,38,91,28.69,0.0,0,0,0,37.4,43.9,45.9,0.12,0.14,0.09
CROG,2019-11-08 10:20:00 EST,43.97496,-75.20100,1375,20.2,19.8,20.2,85.5,16.5,0.000,0.032,0.00,0.000,1.4,4.4,1.1,313,29,1.8,5.3,1.3,311,28,1.8,5.3,1.3,311,28,62,28.69,0.0,0,0,0,37.4,43.9,45.9,0.12,0.14,0.09
CROG,2019-11-08 10:25:00 EST,43.97496,-75.20100,1375,20.4,19.9,20.4,83.5,16.2,0.000,0.032,0.00,0.000,1.9,5.6,1.4,299,55,2.5,7.2,1.7,300,51,2.5,7.2,1.7,300,51,100,28.69,-0.0,0,0,0,37.4,43.9,45.9,0.12,0.14,0.09
CROG,2019-11-08 10:30:00 EST,43.97496,-75.20100,1375,20.7,20.1,20.7,84.0,16.6,0.000,0.032,0.00,0.000,1.2,4.4,1.1,293,41,1.9,5.5,1.2,285,50,1.9,5.5,1.2,285,50,132,28.69,0.1,0,0,0,37.4,43.9,45.9,0.12,0.14,0.09
CROG,2019-11-08 10:35:00 EST,43.97496,-75.20100,1375,20.8,20.0,20.8,80.4,15.7,0.000,0.032,0.00,0.000,2.5,5.2,1.2,313,44,3.0,6.1,1.3,314,44,3.0,6.1,1.3,314,44,106,28.69,0.1,0,0,0,37.4,43.9,45.9,0.12,0.14,0.09
CROG,2019-11-08 10:40:00 EST,43.97496,-75.20100,1375,21.2,20.6,21.2,80.5,16.2,0.000,0.032,0.00,0.000,2.0,5.6,1.3,329,33,2.5,6.5,1.4,334,36,2.5,6.5,1.4,334,36,135,28.69,0.0,0,0,0,37.4,43.9,45.9,0.12,0.14,0.09
CROG,2019-11-08 10:45:00 EST,43.97496,-75.20100,1375,20.9,20.3,16.7,80.9,15.9,0.000,0.032,0.00,0.000,2.6,7.5,1.6,304,33,3.1,8.6,1.6,306,35,3.1,8.6,1.6,306,35,59,28.69,0.1,0,0,0,37.4,43.9,45.9,0.12,0.14,0.09
CROG,2019-11-08 10:50:00 EST,43.97496,-75.20100,1375,20.7,20.3,20.7,80.8,15.7,0.000,0.032,0.00,0.000,1.2,4.3,1.1,327,45,1.9,6.4,1.4,331,41,1.9,6.4,1.4,331,41,99,28.69,0.1,0,0,0,37.4,43.9,45.9,0.12,0.14,0.09
CROG,2019-11-08 10:55:00 EST,43.97496,-75.20100,1375,21.1,20.5,16.1,78.2,15.3,0.000,0.032,0.00,0.000,2.7,7.9,1.6,305,43,3.5,11.7,2.0,305,45,3.5,11.7,2.0,305,45,104,28.69,0.1,0,0,0,37.4,43.9,45.9,0.12,0.14,0.09
CROG,2019-11-08 11:00:00 EST,43.97496,-75.20100,1375,21.5,20.9,17.1,78.3,15.8,0.000,0.032,0.00,0.000,2.5,8.7,1.8,318,44,3.2,12.3,2.2,317,43,3.2,12.3,2.2,317,43,104,28.69,0.1,0,0,0,37.4,43.9,45.9,0.12,0.14,0.09
CROG,2019-11-08 11:05:00 EST,43.97496,-75.20100,1375,22.1,21.6,22.1,78.1,16.4,0.000,0.032,0.00,0.000,2.0,5.9,1.4,308,51,2.7,9.1,1.9,308,49,2.7,9.1,1.9,308,49,208,28.69,0.1,0,0,0,37.4,43.9,45.9,0.12,0.14,0.09
CROG,2019-11-08 11:10:00 EST,43.97496,-75.20100,1375,23.1,22.3,23.1,75.2,16.5,0.000,0.032,0.00,0.000,1.6,6.7,1.6,323,46,2.3,8.2,1.6,322,59,2.3,8.2,1.6,322,59,173,28.69,-0.0,0,0,0,37.4,43.8,45.9,0.12,0.14,0.09
CROG,2019-11-08 11:15:00 EST,43.97496,-75.20100,1375,22.6,21.9,17.5,73.6,15.4,0.000,0.032,0.00,0.000,2.8,8.0,1.6,348,36,3.8,10.7,2.1,348,31,3.8,10.7,2.1,348,31,134,28.69,0.2,0,0,0,37.4,43.8,45.9,0.12,0.14,0.09
CROG,2019-11-08 11:20:00 EST,43.97496,-75.20100,1375,22.8,22.0,18.7,74.8,16.0,0.000,0.032,0.00,0.000,2.7,6.9,1.5,336,26,3.2,7.6,1.7,343,29,3.2,7.6,1.7,343,29,73,28.69,0.0,0,0,0,37.4,43.8,45.9,0.12,0.14,0.09
CROG,2019-11-08 11:25:00 EST,43.97496,-75.20100,1375,22.6,22.1,22.6,76.1,16.2,0.000,0.032,0.00,0.000,1.2,5.0,1.2,342,31,1.7,9.6,1.4,343,34,1.7,9.6,1.4,343,34,132,28.69,0.0,0,0,0,37.4,43.8,45.9,0.12,0.14,0.09
CROG,2019-11-08 11:30:00 EST,43.97496,-75.20100,1375,22.5,22.0,22.5,73.8,15.4,0.000,0.032,0.00,0.000,1.6,5.4,1.2,314,54,2.1,6.5,1.3,315,50,2.1,6.5,1.3,315,50,148,28.69,0.1,0,0,0,37.4,43.8,45.9,0.12,0.14,0.09
CROG,2019-11-08 11:35:00 EST,43.97496,-75.20100,1375,22.9,22.3,22.9,73.1,15.6,0.000,0.032,0.00,0.000,1.7,5.5,1.3,336,38,2.4,7.5,1.4,337,42,2.4,7.5,1.4,337,42,141,28.69,-0.2,0,0,0,37.4,43.7,45.9,0.12,0.14,0.09
CROG,2019-11-08 11:40:00 EST,43.97496,-75.20100,1375,22.8,22.1,22.8,73.5,15.5,0.000,0.032,0.00,0.000,2.2,4.7,1.0,3,34,2.7,6.6,1.4,3,34,2.7,6.6,1.4,3,34,132,28.69,-0.1,0,0,0,37.4,43.7,45.9,0.12,0.14,0.09
CROG,2019-11-08 11:45:00 EST,43.97496,-75.20100,1375,23.6,23.0,23.6,74.3,16.6,0.000,0.032,0.00,0.000,1.0,3.1,1.0,325,47,1.5,5.0,1.0,317,57,1.5,5.0,1.0,317,57,208,28.68,0.0,0,0,0,37.4,43.7,45.9,0.12,0.14,0.09
CROG,2019-11-08 11:50:00 EST,43.97496,-75.20100,1375,23.6,22.9,18.6,71.6,15.8,0.000,0.032,0.00,0.000,3.3,9.2,2.0,344,38,3.9,10.0,2.1,348,39,3.9,10.0,2.1,348,39,98,28.68,-0.2,0,0,0,37.4,43.7,45.9,0.12,0.14,0.09
CROG,2019-11-08 11:55:00 EST,43.97496,-75.20100,1375,23.1,22.5,23.1,74.0,16.0,0.000,0.032,0.00,0.000,1.8,7.4,1.9,341,42,2.6,7.5,2.0,341,44,2.6,7.5,2.0,341,44,90,28.68,0.1,0,0,0,37.4,43.7,45.9,0.12,0.14,0.09
CROG,2019-11-08 12:00:00 EST,43.97496,-75.20100,1375,23.2,22.6,23.2,73.7,16.0,0.000,0.032,0.00,0.000,2.4,6.9,1.5,308,32,2.9,7.7,1.6,309,31,2.9,7.7,1.6,309,31,106,28.68,-0.2,0,0,0,37.4,43.7,45.9,0.12,0.14,0.09
CROG,2019-11-08 12:05:00 EST,43.97496,-75.20100,1375,23.4,23.0,23.4,73.6,16.2,0.000,0.032,0.00,0.000,2.0,5.8,1.2,309,42,2.7,6.6,1.4,304,44,2.7,6.6,1.4,304,44,139,28.68,-0.1,0,0,0,37.4,43.7,45.9,0.12,0.14,0.09
CROG,2019-11-08 12:10:00 EST,43.97496,-75.20100,1375,23.1,22.4,17.9,71.3,15.2,0.000,0.032,0.00,0.000,3.2,7.8,1.5,318,33,3.9,9.3,1.6,321,29,3.9,9.3,1.6,321,29,145,28.68,-0.0,0,0,0,37.4,43.7,45.9,0.12,0.14,0.09
CROG,2019-11-08 12:15:00 EST,43.97496,-75.20100,1375,23.2,22.7,18.7,72.6,15.7,0.000,0.032,0.00,0.000,2.7,7.2,1.6,318,45,3.5,8.4,1.9,318,42,3.5,8.4,1.9,318,42,107,28.68,-0.1,0,0,0,37.3,43.7,45.9,0.12,0.14,0.09
CROG,2019-11-08 12:20:00 EST,43.97496,-75.20100,1375,22.7,22.3,22.7,73.5,15.5,0.000,0.032,0.00,0.000,2.7,7.9,1.7,308,28,3.0,8.7,1.8,312,32,3.0,8.7,1.8,312,32,54,28.68,-0.3,0,0,0,37.4,43.7,45.9,0.12,0.14,0.09
CROG,2019-11-08 12:25:00 EST,43.97496,-75.20100,1375,22.7,22.3,22.7,73.5,15.5,0.000,0.032,0.00,0.000,2.1,6.1,1.3,350,38,2.7,7.6,1.6,350,39,2.7,7.6,1.6,350,39,74,28.68,-0.3,0,0,0,37.3,43.7,45.9,0.12,0.14,0.09
CROG,2019-11-08 12:30:00 EST,43.97496,-75.20100,1375,23.2,22.5,18.3,74.0,16.1,0.000,0.032,0.00,0.000,3.0,7.5,1.7,350,33,3.7,9.6,2.0,352,30,3.7,9.6,2.0,352,30,94,28.68,-0.3,0,0,0,37.3,43.7,45.9,0.12,0.14,0.09
CROG,2019-11-08 12:35:00 EST,43.97496,-75.20100,1375,23.0,22.4,23.0,74.4,16.1,0.000,0.032,0.00,0.000,2.3,7.5,1.8,328,34,2.9,9.1,1.9,324,38,2.9,9.1,1.9,324,38,71,28.68,-0.3,0,0,0,37.3,43.7,45.9,0.12,0.14,0.09
CROG,2019-11-08 12:40:00 EST,43.97496,-75.20100,1375,23.0,22.6,23.0,75.2,16.3,0.000,0.032,0.00,0.000,1.6,6.2,1.2,347,32,2.5,7.2,1.4,354,35,2.5,7.2,1.4,354,35,83,28.68,-0.3,0,0,0,37.3,43.7,45.8,0.12,0.14,0.09
CROG,2019-11-08 12:45:00 EST,43.97496,-75.20100,1375,23.2,22.6,17.0,74.2,16.2,0.000,0.032,0.00,0.000,4.0,9.6,2.2,352,28,4.8,11.0,2.6,355,25,4.8,11.0,2.6,355,25,89,28.68,-0.3,0,0,0,37.3,43.7,45.8,0.12,0.14,0.09
CROG,2019-11-08 12:50:00 EST,43.97496,-75.20100,1375,23.1,22.7,23.1,74.5,16.2,0.000,0.032,0.00,0.000,2.4,10.7,2.2,354,43,3.0,12.5,2.4,348,47,3.0,12.5,2.4,348,47,67,28.68,-0.3,0,0,0,37.3,43.7,45.8,0.12,0.14,0.09
CROG,2019-11-08 12:55:00 EST,43.97496,-75.20100,1375,22.9,22.5,22.9,74.7,16.1,0.000,0.032,0.00,0.000,2.4,5.2,1.4,304,32,2.9,7.3,1.5,307,36,2.9,7.3,1.5,307,36,67,28.68,-0.2,0,0,0,37.3,43.7,45.9,0.12,0.14,0.09
CROG,2019-11-08 13:00:00 EST,43.97496,-75.20100,1375,23.0,22.6,23.0,75.7,16.5,0.000,0.032,0.00,0.000,1.7,4.7,1.0,338,44,2.4,7.1,1.3,342,41,2.4,7.1,1.3,342,41,55,28.68,-0.2,0,0,0,37.2,43.7,45.8,0.12,0.14,0.09
CROG,2019-11-08 13:05:00 EST,43.97496,-75.20100,1375,23.0,22.6,23.0,74.9,16.3,0.000,0.032,0.00,0.000,1.2,4.4,1.0,326,62,1.7,6.0,1.3,326,54,1.7,6.0,1.3,326,54,46,28.68,-0.2,0,0,0,37.2,43.7,45.8,0.12,0.14,0.09
CROG,2019-11-08 13:10:00 EST,43.97496,-75.20100,1375,22.9,22.6,18.5,76.4,16.6,0.000,0.032,0.00,0.000,2.6,7.3,1.7,327,38,3.3,8.0,1.8,331,35,3.3,8.0,1.8,331,35,44,28.68,-0.2,0,0,0,37.2,43.7,45.8,0.12,0.14,0.09
CROG,2019-11-08 13:15:00 EST,43.97496,-75.20100,1375,22.8,22.5,18.2,74.2,15.8,0.000,0.032,0.00,0.000,3.0,7.7,1.6,328,37,3.5,9.0,1.8,331,32,3.5,9.0,1.8,331,32,51,28.68,-0.2,0,0,0,37.2,43.7,45.7,0.12,0.14,0.09
CROG,2019-11-08 13:20:00 EST,43.97496,-75.20100,1375,22.6,22.2,18.0,73.3,15.3,0.000,0.032,0.00,0.000,2.8,7.7,1.8,334,36,3.4,10.9,2.0,342,37,3.4,10.9,2.0,342,37,41,28.68,-0.3,0,0,0,37.2,43.7,45.7,0.12,0.14,0.09
CROG,2019-11-08 13:25:00 EST,43.97496,-75.20100,1375,22.4,22.1,18.0,74.7,15.6,0.000,0.032,0.00,0.000,2.6,9.8,1.9,341,36,3.3,12.0,2.0,343,34,3.3,12.0,2.0,343,34,41,28.69,-0.3,0,0,0,37.2,43.7,45.7,0.12,0.14,0.09
CROG,2019-11-08 13:30:00 EST,43.97496,-75.20100,1375,22.5,22.2,22.5,77.1,16.4,0.000,0.032,0.00,0.000,2.0,9.2,1.7,341,36,2.6,10.9,2.0,345,33,2.6,10.9,2.0,345,33,38,28.69,-0.3,0,0,0,37.2,43.7,45.7,0.12,0.14,0.09
CROG,2019-11-08 13:35:00 EST,43.97496,-75.20100,1375,22.6,22.2,18.4,75.5,16.0,0.000,0.032,0.00,0.000,2.4,9.5,1.9,349,40,3.2,8.9,2.1,348,37,3.2,8.9,2.1,348,37,46,28.69,-0.3,0,0,0,37.2,43.7,45.7,0.12,0.14,0.09
CROG,2019-11-08 13:40:00 EST,43.97496,-75.20100,1375,22.5,22.3,22.5,75.6,16.0,0.000,0.032,0.00,0.000,2.3,6.5,1.5,304,37,2.7,7.2,1.5,309,37,2.7,7.2,1.5,309,37,43,28.69,-0.3,0,0,0,37.2,43.7,45.7,0.12,0.14,0.09
CROG,2019-11-08 13:45:00 EST,43.97496,-75.20100,1375,22.5,22.2,18.5,76.5,16.3,0.000,0.032,0.00,0.000,2.4,8.4,1.7,326,34,3.1,11.2,2.0,334,30,3.1,11.2,2.0,334,30,48,28.69,-0.3,0,0,0,37.2,43.7,45.7,0.12,0.14,0.09
CROG,2019-11-08 13:50:00 EST,43.97496,-75.20100,1375,22.8,22.4,22.8,76.1,16.4,0.000,0.032,0.00,0.000,1.3,4.8,1.3,316,43,1.9,7.9,1.5,323,51,1.9,7.9,1.5,323,51,52,28.69,-0.2,0,0,0,37.2,43.7,45.7,0.12,0.14,0.09
CROG,2019-11-08 13:55:00 EST,43.97496,-75.20100,1375,22.8,22.5,18.4,75.5,16.2,0.000,0.032,0.00,0.000,2.6,6.7,1.6,358,36,3.3,8.0,1.7,359,35,3.3,8.0,1.7,359,35,45,28.69,-0.3,0,0,0,37.2,43.7,45.7,0.12,0.14,0.09
CROG,2019-11-08 14:00:00 EST,43.97496,-75.20100,1375,22.6,22.3,22.6,75.1,15.9,0.000,0.032,0.00,0.000,2.1,6.5,1.6,340,32,2.6,7.5,1.9,347,32,2.6,7.5,1.9,347,32,52,28.69,-0.3,0,0,0,37.2,43.6,45.7,0.12,0.14,0.09
CROG,2019-11-08 14:05:00 EST,43.97496,-75.20100,1375,23.0,22.6,23.0,77.3,16.9,0.000,0.032,0.00,0.000,1.3,5.8,1.3,357,53,2.0,7.9,1.4,353,53,2.0,7.9,1.4,353,53,63,28.69,-0.3,0,0,0,37.2,43.6,45.7,0.12,0.14,0.09
CROG,2019-11-08 14:10:00 EST,43.97496,-75.20100,1375,22.6,22.3,18.1,76.0,16.2,0.000,0.032,0.00,0.000,2.9,6.7,1.5,326,31,3.4,8.0,1.6,331,30,3.4,8.0,1.6,331,30,47,28.69,-0.2,0,0,0,37.2,43.5,45.7,0.12,0.14,0.09
CROG,2019-11-08 14:15:00 EST,43.97496,-75.20100,1375,22.8,22.5,22.8,78.1,17.0,0.000,0.032,0.00,0.000,1.6,4.5,1.2,330,34,2.1,5.9,1.3,335,46,2.1,5.9,1.3,335,46,91,28.69,-0.2,0,0,0,37.2,43.5,45.7,0.12,0.14,0.09
CROG,2019-11-08 14:20:00 EST,43.97496,-75.20100,1375,23.2,22.8,23.2,76.3,16.8,0.000,0.032,0.00,0.000,1.7,4.5,0.8,333,36,2.1,6.2,1.1,335,38,2.1,6.2,1.1,335,38,58,28.69,-0.3,0,0,0,37.2,43.6,45.7,0.12,0.14,0.09
CROG,2019-11-08 14:25:00 EST,43.97496,-75.20100,1375,23.1,22.8,23.1,76.6,16.9,0.000,0.032,0.00,0.000,2.0,5.5,1.3,314,35,2.7,6.9,1.5,319,37,2.7,6.9,1.5,319,37,50,28.69,-0.3,0,0,0,37.2,43.5,45.7,0.12,0.14,0.09
CROG,2019-11-08 14:30:00 EST,43.97496,-75.20100,1375,22.9,22.6,22.9,74.5,16.0,0.000,0.032,0.00,0.000,2.3,5.6,1.3,325,31,2.7,6.3,1.2,331,31,2.7,6.3,1.2,331,31,36,28.69,-0.2,0,0,0,37.2,43.5,45.7,0.12,0.14,0.09
CROG,2019-11-08 14:35:00 EST,43.97496,-75.20100,1375,22.9,22.6,22.9,75.1,16.2,0.000,0.032,0.00,0.000,2.0,6.6,1.3,336,38,2.5,11.4,1.7,340,39,2.5,11.4,1.7,340,39,45,28.69,-0.3,0,0,0,37.2,43.5,45.7,0.12,0.14,0.09
CROG,2019-11-08 14:40:00 EST,43.97496,-75.20100,1375,22.8,22.6,18.5,74.3,15.9,0.000,0.032,0.00,0.000,2.5,7.9,1.7,336,29,3.3,8.9,2.0,339,27,3.3,8.9,2.0,339,27,47,28.69,-0.3,0,0,0,37.2,43.5,45.7,0.12,0.14,0.09
CROG,2019-11-08 14:45:00 EST,43.97496,-75.20100,1375,22.7,22.5,22.7,74.2,15.7,0.000,0.032,0.00,0.000,1.1,4.3,0.8,317,40,1.6,4.5,1.0,314,39,1.6,4.5,1.0,314,39,35,28.69,-0.3,0,0,0,37.2,43.5,45.7,0.12,0.14,0.09
CROG,2019-11-08 14:50:00 EST,43.97496,-75.20100,1375,22.8,22.5,22.8,76.2,16.4,0.000,0.032,0.00,0.000,1.6,4.4,0.9,297,43,2.0,5.1,0.9,296,39,2.0,5.1,0.9,296,39,42,28.70,-0.2,0,0,0,37.2,43.5,45.7,0.12,0.14,0.09
CROG,2019-11-08 14:55:00 EST,43.97496,-75.20100,1375,22.8,22.5,22.8,76.8,16.6,0.000,0.032,0.00,0.000,2.4,6.4,1.5,321,25,2.8,7.1,1.6,327,27,2.8,7.1,1.6,327,27,38,28.70,-0.3,0,0,0,37.2,43.5,45.7,0.12,0.14,0.09
CROG,2019-11-08 15:00:00 EST,43.97496,-75.20100,1375,22.8,22.5,22.8,77.0,16.6,0.000,0.032,0.00,0.000,2.2,7.5,1.2,329,36,2.7,9.5,1.4,330,36,2.7,9.5,1.4,330,36,40,28.70,-0.3,0,0,0,37.2,43.5,45.7,0.12,0.14,0.09
CROG,2019-11-08 15:05:00 EST,43.97496,-75.20100,1375,23.1,22.8,23.1,79.3,17.7,0.000,0.032,0.00,0.000,1.0,4.7,0.9,310,43,1.6,5.9,1.2,306,41,1.6,5.9,1.2,306,41,63,28.70,-0.3,0,0,0,37.2,43.5,45.7,0.12,0.14,0.09
CROG,2019-11-08 15:10:00 EST,43.97496,-75.20100,1375,22.9,22.6,22.9,78.1,17.1,0.000,0.032,0.00,0.000,1.6,5.3,1.1,349,34,2.1,4.7,1.1,352,35,2.1,4.7,1.1,352,35,27,28.70,-0.3,0,0,0,37.2,43.5,45.7,0.12,0.14,0.09
CROG,2019-11-08 15:15:00 EST,43.97496,-75.20100,1375,22.8,22.7,22.8,78.8,17.2,0.000,0.032,0.00,0.000,0.7,1.8,0.5,2,27,1.1,3.0,0.6,11,30,1.1,3.0,0.6,11,30,24,28.70,-0.3,0,0,0,37.2,43.5,45.7,0.12,0.14,0.09
CROG,2019-11-08 15:20:00 EST,43.97496,-75.20100,1375,22.9,22.7,22.9,78.8,17.3,0.000,0.032,0.00,0.000,0.9,2.3,0.6,333,38,1.3,3.3,0.7,334,41,1.3,3.3,0.7,334,41,19,28.70,-0.3,0,0,0,37.2,43.5,45.7,0.12,0.14,0.09
CROG,2019-11-08 15:25:00 EST,43.97496,-75.20100,1375,22.7,22.6,22.7,78.7,17.0,0.000,0.032,0.00,0.000,0.5,2.3,0.6,350,28,0.8,2.4,0.7,327,44,0.8,2.4,0.7,327,44,16,28.70,-0.3,0,0,0,37.2,43.5,45.7,0.12,0.14,0.09
CROG,2019-11-08 15:30:00 EST,43.97496,-75.20100,1375,22.5,22.4,22.5,78.5,16.9,0.000,0.032,0.00,0.000,1.9,6.9,1.3,336,26,2.3,8.5,1.6,337,26,2.3,8.5,1.6,337,26,16,28.70,-0.3,0,0,0,37.2,43.5,45.7,0.12,0.14,0.09
CROG,2019-11-08 15:35:00 EST,43.97496,-75.20100,1375,22.5,22.3,22.5,80.1,17.3,0.000,0.032,0.00,0.000,1.6,4.0,1.0,345,38,2.2,6.1,1.1,341,39,2.2,6.1,1.1,341,39,22,28.70,-0.3,0,0,0,37.2,43.5,45.7,0.12,0.14,0.09
CROG,2019-11-08 15:40:00 EST,43.97496,-75.20100,1375,22.5,22.2,22.5,80.1,17.3,0.000,0.032,0.00,0.000,2.1,6.1,1.5,334,31,2.7,7.7,1.7,339,33,2.7,7.7,1.7,339,33,38,28.71,-0.3,0,0,0,37.2,43.5,45.7,0.12,0.14,0.09
CROG,2019-11-08 15:45:00 EST,43.97496,-75.20100,1375,22.5,22.3,22.5,81.7,17.8,0.000,0.032,0.00,0.000,1.5,2.9,0.5,312,31,2.0,4.3,0.6,315,34,2.0,4.3,0.6,315,34,26,28.71,-0.3,0,0,0,37.2,43.5,45.7,0.12,0.14,0.09
CROG,2019-11-08 15:50:00 EST,43.97496,-75.20100,1375,22.4,22.2,22.4,81.0,17.5,0.000,0.032,0.00,0.000,1.2,4.4,0.9,333,38,1.8,5.7,1.2,335,39,1.8,5.7,1.2,335,39,13,28.71,-0.2,0,0,0,37.2,43.5,45.7,0.12,0.14,0.09
CROG,2019-11-08 15:55:00 EST,43.97496,-75.20100,1375,22.0,22.0,22.0,80.6,17.0,0.000,0.032,0.00,0.000,1.7,4.7,1.1,336,31,2.3,6.1,1.2,343,34,2.3,6.1,1.2,343,34,10,28.71,-0.2,0,0,0,37.2,43.5,45.7,0.12,0.14,0.09
CROG,2019-11-08 16:00:00 EST,43.97496,-75.20100,1375,21.8,21.7,21.8,80.8,16.8,0.000,0.032,0.00,0.000,2.2,4.5,1.0,309,29,2.6,5.1,1.0,309,29,2.6,5.1,1.0,309,29,9,28.71,-0.3,0,0,0,37.2,43.5,45.7,0.12,0.14,0.09
CROG,2019-11-08 16:05:00 EST,43.97496,-75.20100,1375,21.5,21.6,21.5,82.0,16.9,0.000,0.032,0.00,0.000,0.8,2.8,0.7,301,37,1.3,3.5,0.7,296,42,1.3,3.5,0.7,296,42,10,28.71,-0.3,0,0,0,37.2,43.5,45.7,0.12,0.14,0.09
CROG,2019-11-08 16:10:00 EST,43.97496,-75.20100,1375,21.5,21.6,21.5,83.1,17.2,0.000,0.032,0.00,0.000,1.3,5.6,1.0,301,40,1.7,6.0,1.1,306,40,1.7,6.0,1.1,306,40,10,28.71,-0.3,0,0,0,37.2,43.5,45.7,0.12,0.14,0.09
CROG,2019-11-08 16:15:00 EST,43.97496,-75.20100,1375,21.5,21.6,21.5,83.9,17.4,0.000,0.032,0.00,0.000,0.6,4.3,0.9,1,22,0.9,4.8,1.1,357,21,0.9,4.8,1.1,357,21,9,28.71,-0.3,0,0,0,37.2,43.5,45.7,0.12,0.14,0.09
CROG,2019-11-08 16:20:00 EST,43.97496,-75.20100,1375,21.5,21.6,21.5,84.5,17.6,0.000,0.032,0.00,0.000,0.9,3.4,1.0,337,32,1.3,4.1,1.1,338,32,1.3,4.1,1.1,338,32,8,28.71,-0.2,0,0,0,37.2,43.5,45.7,0.12,0.14,0.09
CROG,2019-11-08 16:25:00 EST,43.97496,-75.20100,1375,21.6,21.5,21.6,85.0,17.7,0.000,0.032,0.00,0.000,0.9,2.3,0.7,317,31,1.4,3.2,0.8,319,31,1.4,3.2,0.8,319,31,5,28.71,-0.3,0,0,0,37.2,43.5,45.7,0.12,0.14,0.09
CROG,2019-11-08 16:30:00 EST,43.97496,-75.20100,1375,21.5,21.4,21.5,85.3,17.8,0.000,0.032,0.00,0.000,0.1,0.9,0.2,347,7,0.5,2.2,0.6,335,21,0.5,2.2,0.6,335,21,4,28.71,-0.2,0,0,0,37.2,43.5,45.7,0.12,0.14,0.09
CROG,2019-11-08 16:35:00 EST,43.97496,-75.20100,1375,21.5,21.5,21.5,86.7,18.2,0.000,0.032,0.00,0.000,0.6,1.8,0.5,331,31,0.8,2.5,0.7,330,32,0.8,2.5,0.7,330,32,3,28.72,-0.2,0,0,0,37.2,43.5,45.7,0.12,0.14,0.09
CROG,2019-11-08 16:40:00 EST,43.97496,-75.20100,1375,21.6,21.4,21.6,88.2,18.6,0.000,0.032,0.00,0.000,0.3,1.3,0.4,331,24,0.4,1.5,0.5,321,31,0.4,1.5,0.5,321,31,2,28.72,-0.3,0,0,0,37.2,43.5,45.7,0.12,0.14,0.09
CROG,2019-11-08 16:45:00 EST,43.97496,-75.20100,1375,21.6,21.4,21.6,89.5,19.0,0.005,0.037,0.00,0.005,0.5,2.3,0.6,243,15,0.8,3.1,0.7,242,41,0.8,3.1,0.7,242,41,1,28.72,-0.3,0,0,0,37.2,43.5,45.7,0.12,0.14,0.09
CROG,2019-11-08 16:50:00 EST,43.97496,-75.20100,1375,21.5,21.4,21.5,90.9,19.3,0.002,0.038,0.00,0.006,1.5,4.6,1.3,313,44,1.9,5.0,1.4,316,46,1.9,5.0,1.4,316,46,1,28.72,-0.2,0,0,0,37.2,43.5,45.7,0.12,0.14,0.09
CROG,2019-11-08 16:55:00 EST,43.97496,-75.20100,1375,21.5,21.4,21.5,91.2,19.3,0.000,0.038,0.00,0.006,0.9,3.7,0.7,293,39,1.4,5.1,0.9,298,42,1.4,5.1,0.9,298,42,0,28.72,-0.0,0,0,0,37.2,43.5,45.6,0.12,0.14,0.09
CROG,2019-11-08 17:00:00 EST,43.97496,-75.20100,1375,21.3,21.2,21.3,91.3,19.1,0.000,0.038,0.00,0.006,1.1,2.9,0.7,259,29,1.3,3.6,0.8,263,28,1.3,3.6,0.8,263,28,0,28.72,-0.0,0,0,0,37.2,43.5,45.6,0.12,0.14,0.09
CROG,2019-11-08 17:05:00 EST,43.97496,-75.20100,1375,21.1,21.1,21.1,91.4,19.0,0.000,0.038,0.00,0.006,0.3,1.9,0.4,348,15,0.4,2.9,0.6,350,23,0.4,2.9,0.6,350,23,0,28.72,-0.2,0,0,0,37.2,43.4,45.6,0.12,0.14,0.09
CROG,2019-11-08 17:10:00 EST,43.97496,-75.20100,1375,20.8,20.8,20.8,91.2,18.7,0.000,0.038,0.00,0.006,0.0,0.4,0.1,313,1,0.1,1.6,0.4,309,15,0.1,1.6,0.4,309,15,0,28.72,-0.1,0,0,0,37.2,43.4,45.6,0.12,0.14,0.09
CROG,2019-11-08 17:15:00 EST,43.97496,-75.20100,1375,20.5,20.6,20.5,91.3,18.3,0.000,0.038,0.00,0.006,0.1,1.1,0.3,309,4,0.2,1.2,0.3,297,24,0.2,1.2,0.3,297,24,0,28.73,-0.1,0,0,0,37.2,43.4,45.6,0.12,0.14,0.09
CROG,2019-11-08 17:20:00 EST,43.97496,-75.20100,1375,20.1,20.4,20.1,91.5,18.1,0.000,0.038,0.00,0.006,0.1,1.5,0.3,273,3,0.1,2.1,0.4,266,7,0.1,2.1,0.4,266,7,0,28.73,-0.0,0,0,0,37.2,43.3,45.5,0.12,0.14,0.09
CROG,2019-11-08 17:25:00 EST,43.97496,-75.20100,1375,20.2,20.3,20.2,92.0,18.2,0.000,0.038,0.00,0.006,0.2,0.9,0.3,360,13,0.3,1.9,0.5,19,19,0.3,1.9,0.5,19,19,0,28.73,-0.1,0,0,0,37.2,43.3,45.6,0.12,0.14,0.09
CROG,2019-11-08 17:30:00 EST,43.97496,-75.20100,1375,20.0,20.3,20.0,92.2,18.1,0.000,0.038,0.00,0.006,0.2,1.1,0.3,34,11,0.5,1.7,0.5,50,21,0.5,1.7,0.5,50,21,0,28.73,-0.2,0,0,0,37.2,43.4,45.6,0.12,0.14,0.09
CROG,2019-11-08 17:35:00 EST,43.97496,-75.20100,1375,20.0,20.1,20.0,92.3,18.1,0.000,0.038,0.00,0.006,0.0,0.6,0.1,27,1,0.1,1.2,0.3,57,4,0.1,1.2,0.3,57,4,0,28.73,-0.2,0,0,0,37.2,43.3,45.5,0.12,0.14,0.09
CROG,2019-11-08 17:40:00 EST,43.97496,-75.20100,1375,19.7,19.8,19.7,92.0,17.7,0.000,0.038,0.00,0.006,0.0,0.0,0.0,0,0,0.0,0.8,0.1,135,1,0.0,0.8,0.1,135,1,0,28.73,-0.3,0,0,0,37.2,43.3,45.5,0.12,0.14,0.09
CROG,2019-11-08 17:45:00 EST,43.97496,-75.20100,1375,19.4,19.5,19.4,92.6,17.6,0.000,0.038,0.00,0.002,0.0,0.0,0.0,0,0,0.0,0.7,0.1,244,2,0.0,0.7,0.1,244,2,0,28.73,-0.3,0,0,0,37.2,43.3,45.5,0.12,0.14,0.09
CROG,2019-11-08 17:50:00 EST,43.97496,-75.20100,1375,19.4,19.4,19.4,93.5,17.8,0.000,0.038,0.00,0.000,0.0,0.0,0.0,0,0,0.0,0.0,0.0,0,0,0.0,0.0,0.0,0,0,0,28.74,-0.2,0,0,0,37.2,43.3,45.5,0.12,0.14,0.09
CROG,2019-11-08 17:55:00 EST,43.97496,-75.20100,1375,19.2,19.3,19.2,93.6,17.7,0.000,0.038,0.00,0.000,0.0,0.0,0.0,0,0,0.0,0.0,0.0,0,0,0.0,0.0,0.0,0,0,0,28.74,-0.3,0,0,0,37.2,43.3,45.5,0.12,0.14,0.09
CROG,2019-11-08 18:00:00 EST,43.97496,-75.20100,1375,18.9,19.0,18.9,93.5,17.3,0.000,0.038,0.00,0.000,0.0,0.0,0.0,0,0,0.0,0.7,0.1,235,0,0.0,0.7,0.1,235,0,0,28.74,-0.3,0,0,0,37.2,43.3,45.5,0.12,0.14,0.09
CROG,2019-11-08 18:05:00 EST,43.97496,-75.20100,1375,18.5,18.6,18.5,93.7,17.0,0.000,0.038,0.00,0.000,0.1,0.5,0.2,224,0,0.3,1.0,0.4,219,4,0.3,1.0,0.4,219,4,0,28.74,-0.3,0,0,0,37.2,43.3,45.5,0.12,0.14,0.09
CROG,2019-11-08 18:10:00 EST,43.97496,-75.20100,1375,18.1,18.2,18.1,93.8,16.6,0.000,0.038,0.00,0.000,0.1,0.4,0.2,224,0,0.4,0.9,0.4,216,3,0.4,0.9,0.4,216,3,0,28.74,-0.2,0,0,0,37.2,43.3,45.5,0.12,0.14,0.09
CROG,2019-11-08 18:15:00 EST,43.97496,-75.20100,1375,17.6,17.9,17.6,93.1,16.0,0.000,0.038,0.00,0.000,0.0,0.0,0.0,0,0,0.0,0.8,0.1,202,0,0.0,0.8,0.1,202,0,0,28.74,-0.2,0,0,0,37.2,43.3,45.5,0.12,0.14,0.09
CROG,2019-11-08 18:20:00 EST,43.97496,-75.20100,1375,17.2,17.5,17.2,92.5,15.4,0.000,0.038,0.00,0.000,0.0,0.0,0.0,0,0,0.3,0.9,0.4,200,4,0.3,0.9,0.4,200,4,0,28.74,-0.2,0,0,0,37.2,43.3,45.5,0.12,0.14,0.09
CROG,2019-11-08 18:25:00 EST,43.97496,-75.20100,1375,16.9,17.1,16.9,93.3,15.3,0.000,0.038,0.00,0.000,0.0,0.0,0.0,0,0,0.4,0.9,0.4,211,7,0.4,0.9,0.4,211,7,0,28.74,-0.3,0,0,0,37.2,43.3,45.5,0.12,0.14,0.09
CROG,2019-11-08 18:30:00 EST,43.97496,-75.20100,1375,16.6,16.8,16.6,93.9,15.2,0.000,0.038,0.00,0.000,0.2,0.6,0.2,214,81,0.7,1.0,0.3,204,5,0.7,1.0,0.3,204,5,0,28.74,-0.4,0,0,0,37.2,43.3,45.5,0.12,0.14,0.09
CROG,2019-11-08 18:35:00 EST,43.97496,-75.20100,1375,16.3,16.5,16.3,93.7,14.8,0.000,0.038,0.00,0.000,0.8,1.0,0.1,213,1,1.1,1.4,0.2,206,5,1.1,1.4,0.2,206,5,0,28.74,-0.2,0,0,0,37.2,43.3,45.5,0.12,0.14,0.09
CROG,2019-11-08 18:40:00 EST,43.97496,-75.20100,1375,16.1,16.2,16.1,93.3,14.5,0.000,0.038,0.00,0.000,0.4,0.9,0.3,211,81,0.7,1.3,0.4,202,3,0.7,1.3,0.4,202,3,0,28.74,-0.2,0,0,0,37.2,43.3,45.5,0.12,0.14,0.09
CROG,2019-11-08 18:45:00 EST,43.97496,-75.20100,1375,16.1,16.2,16.1,93.5,14.5,0.000,0.038,0.00,0.000,0.0,0.0,0.0,0,0,0.0,0.0,0.0,0,0,0.0,0.0,0.0,0,0,0,28.75,-0.2,0,0,0,37.2,43.3,45.5,0.12,0.14,0.09
CROG,2019-11-08 18:50:00 EST,43.97496,-75.20100,1375,16.2,16.4,16.2,93.7,14.7,0.000,0.038,0.00,0.000,0.0,0.0,0.0,0,0,0.0,0.8,0.1,157,1,0.0,0.8,0.1,157,1,0,28.75,-0.1,0,0,0,37.2,43.3,45.5,0.12,0.14,0.09
CROG,2019-11-08 18:55:00 EST,43.97496,-75.20100,1375,16.5,16.7,16.5,94.1,15.1,0.000,0.038,0.00,0.000,0.0,0.5,0.1,211,0,0.3,0.9,0.4,198,7,0.3,0.9,0.4,198,7,0,28.75,-0.1,0,0,0,37.2,43.3,45.5,0.12,0.14,0.09
CROG,2019-11-08 19:00:00 EST,43.97496,-75.20100,1375,16.7,16.7,16.7,94.3,15.3,0.000,0.038,0.00,0.000,0.3,0.6,0.2,211,0,0.4,1.1,0.4,208,5,0.4,1.1,0.4,208,5,0,28.75,-0.1,0,0,0,37.2,43.3,45.5,0.12,0.14,0.09
CROG,2019-11-08 19:05:00 EST,43.97496,-75.20100,1375,16.6,16.7,16.6,93.7,15.2,0.000,0.038,0.00,0.000,0.1,0.4,0.2,211,0,0.5,0.9,0.4,219,5,0.5,0.9,0.4,219,5,0,28.75,-0.1,0,0,0,37.2,43.3,45.5,0.12,0.14,0.09
CROG,2019-11-08 19:10:00 EST,43.97496,-75.20100,1375,16.4,16.5,16.4,93.4,14.9,0.000,0.038,0.00,0.000,0.0,0.3,0.1,214,1,0.3,1.0,0.4,225,4,0.3,1.0,0.4,225,4,0,28.75,-0.1,0,0,0,37.2,43.3,45.5,0.12,0.14,0.09
CROG,2019-11-08 19:15:00 EST,43.97496,-75.20100,1375,16.1,16.3,16.1,93.2,14.5,0.000,0.038,0.00,0.000,0.0,0.0,0.0,0,0,0.2,0.8,0.3,220,4,0.2,0.8,0.3,220,4,0,28.75,-0.1,0,0,0,37.2,43.3,45.5,0.12,0.14,0.09
CROG,2019-11-08 19:20:00 EST,43.97496,-75.20100,1375,15.8,15.9,15.8,92.9,14.1,0.000,0.038,0.00,0.000,0.0,0.0,0.0,0,0,0.0,0.7,0.1,217,0,0.0,0.7,0.1,217,0,0,28.75,-0.1,0,0,0,37.2,43.3,45.5,0.12,0.14,0.09
CROG,2019-11-08 19:25:00 EST,43.97496,-75.20100,1375,15.4,15.6,15.4,92.4,13.6,0.000,0.038,0.00,0.000,0.0,0.0,0.0,0,0,0.0,0.0,0.0,0,0,0.0,0.0,0.0,0,0,0,28.75,-0.0,0,0,0,37.2,43.3,45.5,0.12,0.14,0.09
CROG,2019-11-08 19:30:00 EST,43.97496,-75.20100,1375,15.1,15.3,15.1,92.1,13.2,0.000,0.038,0.00,0.000,0.0,0.0,0.0,0,0,0.0,0.0,0.0,0,0,0.0,0.0,0.0,0,0,0,28.75,-0.1,0,0,0,37.2,43.3,45.5,0.12,0.14,0.09
CROG,2019-11-08 19:35:00 EST,43.97496,-75.20100,1375,14.7,15.0,14.7,92.4,12.9,0.000,0.038,0.00,0.000,0.0,0.0,0.0,0,0,0.0,0.7,0.1,220,0,0.0,0.7,0.1,220,0,0,28.75,-0.1,0,0,0,37.2,43.3,45.5,0.12,0.14,0.09
CROG,2019-11-08 19:40:00 EST,43.97496,-75.20100,1375,14.3,14.6,14.3,92.6,12.6,0.000,0.038,0.00,0.000,0.0,0.0,0.0,0,0,0.0,0.7,0.1,199,1,0.0,0.7,0.1,199,1,0,28.75,-0.1,0,0,0,37.2,43.3,45.5,0.12,0.14,0.09
CROG,2019-11-08 19:45:00 EST,43.97496,-75.20100,1375,14.2,14.3,14.2,92.6,12.4,0.000,0.038,0.00,0.000,0.0,0.0,0.0,0,0,0.0,0.0,0.0,0,0,0.0,0.0,0.0,0,0,0,28.75,-0.0,0,0,0,37.2,43.2,45.5,0.12,0.14,0.09
CROG,2019-11-08 19:50:00 EST,43.97496,-75.20100,1375,13.8,13.9,13.8,93.1,12.2,0.000,0.038,0.00,0.000,0.0,0.0,0.0,0,0,0.0,0.0,0.0,0,0,0.0,0.0,0.0,0,0,0,28.75,-0.1,0,0,0,37.2,43.2,45.5,0.12,0.14,0.09
CROG,2019-11-08 19:55:00 EST,43.97496,-75.20100,1375,13.6,13.7,13.6,93.1,12.0,0.000,0.038,0.00,0.000,0.0,0.0,0.0,0,0,0.0,0.0,0.0,0,0,0.0,0.0,0.0,0,0,0,28.75,-0.0,0,0,0,37.2,43.2,45.5,0.12,0.14,0.09
CROG,2019-11-08 20:00:00 EST,43.97496,-75.20100,1375,13.3,13.5,13.3,92.7,11.6,0.000,0.038,0.00,0.000,0.0,0.0,0.0,0,0,0.0,0.0,0.0,0,0,0.0,0.0,0.0,0,0,0,28.75,-0.1,0,0,0,37.2,43.2,45.5,0.12,0.14,0.09
CROG,2019-11-08 20:05:00 EST,43.97496,-75.20100,1375,13.2,13.4,13.2,92.4,11.4,0.000,0.038,0.00,0.000,0.0,0.0,0.0,0,0,0.0,0.0,0.0,0,0,0.0,0.0,0.0,0,0,0,28.75,0.0,0,0,0,37.2,43.2,45.5,0.12,0.14,0.09
CROG,2019-11-08 20:10:00 EST,43.97496,-75.20100,1375,13.0,13.3,13.0,91.7,11.1,0.000,0.038,0.00,0.000,0.0,0.0,0.0,0,0,0.0,0.0,0.0,0,0,0.0,0.0,0.0,0,0,0,28.75,0.0,0,0,0,37.2,43.2,45.5,0.12,0.14,0.09
CROG,2019-11-08 20:15:00 EST,43.97496,-75.20100,1375,12.8,13.0,12.8,91.8,10.9,0.000,0.038,0.00,0.000,0.0,0.0,0.0,0,0,0.0,0.0,0.0,0,0,0.0,0.0,0.0,0,0,0,28.75,-0.0,0,0,0,37.2,43.2,45.5,0.12,0.14,0.09
CROG,2019-11-08 20:20:00 EST,43.97496,-75.20100,1375,12.5,12.7,12.5,92.8,10.8,0.000,0.038,0.00,0.000,0.0,0.0,0.0,0,0,0.0,0.0,0.0,0,0,0.0,0.0,0.0,0,0,0,28.75,0.0,0,0,0,37.2,43.2,45.5,0.12,0.14,0.09
CROG,2019-11-08 20:25:00 EST,43.97496,-75.20100,1375,12.4,12.5,12.4,92.8,10.7,0.000,0.038,0.00,0.000,0.0,0.0,0.0,0,0,0.0,0.8,0.1,198,1,0.0,0.8,0.1,198,1,0,28.75,-0.1,0,0,0,37.2,43.2,45.5,0.12,0.14,0.09
CROG,2019-11-08 20:30:00 EST,43.97496,-75.20100,1375,12.1,12.4,12.1,92.5,10.3,0.000,0.038,0.00,0.000,0.0,0.0,0.0,0,0,0.0,0.7,0.1,201,1,0.0,0.7,0.1,201,1,0,28.75,0.0,0,0,0,37.2,43.2,45.5,0.12,0.14,0.09
CROG,2019-11-08 20:35:00 EST,43.97496,-75.20100,1375,11.9,12.0,11.9,92.3,10.1,0.000,0.038,0.00,0.000,0.0,0.0,0.0,0,0,0.0,0.0,0.0,0,0,0.0,0.0,0.0,0,0,0,28.75,0.0,0,0,0,37.2,43.2,45.5,0.12,0.14,0.09
CROG,2019-11-08 20:40:00 EST,43.97496,-75.20100,1375,11.7,11.8,11.7,92.6,9.9,0.000,0.038,0.00,0.000,0.0,0.0,0.0,0,0,0.0,0.0,0.0,0,0,0.0,0.0,0.0,0,0,0,28.75,-0.0,0,0,0,37.2,43.2,45.5,0.12,0.14,0.09
CROG,2019-11-08 20:45:00 EST,43.97496,-75.20100,1375,11.6,11.7,11.6,92.6,9.8,0.000,0.038,0.00,0.000,0.0,0.0,0.0,0,0,0.1,0.9,0.2,220,1,0.1,0.9,0.2,220,1,0,28.75,-0.1,0,0,0,37.2,43.2,45.5,0.12,0.14,0.09
CROG,2019-11-08 20:50:00 EST,43.97496,-75.20100,1375,11.4,11.5,11.4,92.6,9.7,0.000,0.038,0.00,0.000,0.0,0.0,0.0,0,0,0.0,0.7,0.1,220,1,0.0,0.7,0.1,220,1,0,28.75,0.0,0,0,0,37.2,43.2,45.5,0.12,0.14,0.09
CROG,2019-11-08 20:55:00 EST,43.97496,-75.20100,1375,11.1,11.2,11.1,92.3,9.3,0.000,0.038,0.00,0.000,0.0,0.0,0.0,0,0,0.0,0.0,0.0,0,0,0.0,0.0,0.0,0,0,0,28.75,0.0,0,0,0,37.2,43.2,45.5,0.12,0.14,0.09
CROG,2019-11-08 21:00:00 EST,43.97496,-75.20100,1375,11.0,11.1,11.0,92.0,9.2,0.000,0.038,0.00,0.000,0.0,0.0,0.0,0,0,0.2,0.9,0.3,199,2,0.2,0.9,0.3,199,2,0,28.75,-0.0,0,0,0,37.2,43.2,45.5,0.12,0.14,0.09
CROG,2019-11-08 21:05:00 EST,43.97496,-75.20100,1375,10.9,11.0,10.9,91.7,9.0,0.000,0.038,0.00,0.000,0.0,0.0,0.0,0,0,0.5,1.0,0.4,206,7,0.5,1.0,0.4,206,7,0,28.75,-0.1,0,0,0,37.2,43.2,45.5,0.12,0.14,0.09
CROG,2019-11-08 21:10:00 EST,43.97496,-75.20100,1375,10.7,10.9,10.7,91.0,8.6,0.000,0.038,0.00,0.000,0.0,0.0,0.0,0,0,0.0,0.9,0.2,203,1,0.0,0.9,0.2,203,1,0,28.75,0.0,0,0,0,37.2,43.2,45.5,0.12,0.14,0.09
CROG,2019-11-08 21:15:00 EST,43.97496,-75.20100,1375,10.5,10.7,10.5,90.8,8.3,0.000,0.038,0.00,0.000,0.0,0.0,0.0,0,0,0.0,0.0,0.0,0,0,0.0,0.0,0.0,0,0,0,28.75,-0.1,0,0,0,37.2,43.2,45.5,0.12,0.14,0.09
CROG,2019-11-08 21:20:00 EST,43.97496,-75.20100,1375,10.4,10.5,10.4,90.8,8.3,0.000,0.038,0.00,0.000,0.0,0.0,0.0,0,0,0.0,0.0,0.0,0,0,0.0,0.0,0.0,0,0,0,28.75,-0.1,0,0,0,37.2,43.2,45.5,0.12,0.14,0.09
CROG,2019-11-08 21:25:00 EST,43.97496,-75.20100,1375,10.2,10.5,10.2,91.4,8.2,0.000,0.038,0.00,0.000,0.0,0.0,0.0,0,0,0.0,0.0,0.0,0,0,0.0,0.0,0.0,0,0,0,28.75,-0.1,0,0,0,37.2,43.2,45.5,0.12,0.14,0.09
CROG,2019-11-08 21:30:00 EST,43.97496,-75.20100,1375,10.3,10.4,10.3,91.9,8.4,0.000,0.038,0.00,0.000,0.0,0.0,0.0,0,0,0.0,0.0,0.0,0,0,0.0,0.0,0.0,0,0,0,28.75,-0.1,0,0,0,37.2,43.2,45.5,0.12,0.14,0.09
CROG,2019-11-08 21:35:00 EST,43.97496,-75.20100,1375,10.2,10.4,10.2,92.0,8.3,0.000,0.038,0.00,0.000,0.0,0.0,0.0,0,0,0.0,0.0,0.0,0,0,0.0,0.0,0.0,0,0,0,28.75,-0.1,0,0,0,37.2,43.2,45.5,0.12,0.14,0.09
CROG,2019-11-08 21:40:00 EST,43.97496,-75.20100,1375,9.9,10.1,9.9,91.3,7.9,0.000,0.038,0.00,0.000,0.0,0.0,0.0,0,0,0.0,0.8,0.2,187,2,0.0,0.8,0.2,187,2,0,28.75,-0.1,0,0,0,37.2,43.2,45.5,0.12,0.14,0.09
CROG,2019-11-08 21:45:00 EST,43.97496,-75.20100,1375,9.8,9.9,9.8,90.8,7.6,0.000,0.038,0.00,0.000,0.0,0.0,0.0,0,0,0.0,0.7,0.1,191,0,0.0,0.7,0.1,191,0,0,28.75,-0.2,0,0,0,37.2,43.2,45.5,0.12,0.14,0.09
CROG,2019-11-08 21:50:00 EST,43.97496,-75.20100,1375,9.9,10.0,9.9,91.6,7.9,0.000,0.038,0.00,0.000,0.0,0.0,0.0,0,0,0.0,0.7,0.1,247,0,0.0,0.7,0.1,247,0,0,28.75,-0.2,0,0,0,37.1,43.2,45.5,0.12,0.14,0.09
CROG,2019-11-08 21:55:00 EST,43.97496,-75.20100,1375,10.0,10.2,10.0,91.5,8.0,0.000,0.038,0.00,0.000,0.0,0.0,0.0,0,0,0.0,0.7,0.1,225,0,0.0,0.7,0.1,225,0,0,28.75,-0.2,0,0,0,37.2,43.2,45.5,0.12,0.14,0.09
CROG,2019-11-08 22:00:00 EST,43.97496,-75.20100,1375,10.1,10.1,10.1,91.6,8.1,0.000,0.038,0.00,0.000,0.0,0.0,0.0,0,0,0.0,0.7,0.1,137,1,0.0,0.7,0.1,137,1,0,28.75,-0.2,0,0,0,37.1,43.2,45.4,0.12,0.14,0.09
CROG,2019-11-08 22:05:00 EST,43.97496,-75.20100,1375,10.1,10.1,10.1,91.7,8.1,0.000,0.038,0.00,0.000,0.0,0.0,0.0,0,0,0.0,0.7,0.1,127,0,0.0,0.7,0.1,127,0,0,28.75,-0.2,0,0,0,37.2,43.2,45.4,0.12,0.14,0.09
CROG,2019-11-08 22:10:00 EST,43.97496,-75.20100,1375,10.1,10.2,10.1,91.4,8.1,0.000,0.038,0.00,0.000,0.0,0.0,0.0,0,0,0.0,0.0,0.0,0,0,0.0,0.0,0.0,0,0,0,28.75,-0.2,0,0,0,37.2,43.2,45.4,0.12,0.14,0.09
CROG,2019-11-08 22:15:00 EST,43.97496,-75.20100,1375,10.0,10.3,10.0,91.2,7.9,0.000,0.038,0.00,0.000,0.0,0.0,0.0,0,0,0.0,0.0,0.0,0,0,0.0,0.0,0.0,0,0,0,28.75,-0.2,0,0,0,37.1,43.2,45.3,0.12,0.14,0.09
CROG,2019-11-08 22:20:00 EST,43.97496,-75.20100,1375,10.0,10.3,10.0,90.6,7.8,0.000,0.038,0.00,0.000,0.0,0.0,0.0,0,0,0.0,0.0,0.0,0,0,0.0,0.0,0.0,0,0,0,28.75,-0.2,0,0,0,37.1,43.2,45.3,0.12,0.14,0.09
CROG,2019-11-08 22:25:00 EST,43.97496,-75.20100,1375,10.0,10.2,10.0,90.9,7.9,0.000,0.038,0.00,0.000,0.0,0.0,0.0,0,0,0.1,0.8,0.2,211,3,0.1,0.8,0.2,211,3,0,28.75,-0.3,0,0,0,37.1,43.2,45.3,0.12,0.14,0.09
CROG,2019-11-08 22:30:00 EST,43.97496,-75.20100,1375,9.9,10.0,9.9,91.5,7.9,0.000,0.038,0.00,0.000,0.2,0.7,0.2,224,0,0.4,1.0,0.4,225,6,0.4,1.0,0.4,225,6,0,28.75,-0.3,0,0,0,37.1,43.2,45.3,0.12,0.14,0.09
CROG,2019-11-08 22:35:00 EST,43.97496,-75.20100,1375,9.5,9.8,9.5,90.5,7.3,0.000,0.038,0.00,0.000,0.0,0.4,0.1,217,2,0.2,1.0,0.3,208,5,0.2,1.0,0.3,208,5,0,28.75,-0.3,0,0,0,37.0,43.2,45.3,0.12,0.14,0.09
CROG,2019-11-08 22:40:00 EST,43.97496,-75.20100,1375,9.3,9.4,9.3,89.9,7.0,0.000,0.038,0.00,0.000,0.0,0.0,0.0,0,0,0.2,0.9,0.3,165,3,0.2,0.9,0.3,165,3,0,28.75,-0.3,0,0,0,37.0,43.2,45.3,0.12,0.14,0.09
CROG,2019-11-08 22:45:00 EST,43.97496,-75.20100,1375,9.2,9.3,9.2,89.9,6.8,0.000,0.038,0.00,0.000,0.0,0.0,0.0,0,0,0.2,0.9,0.3,201,1,0.2,0.9,0.3,201,1,0,28.75,-0.2,0,0,0,37.0,43.2,45.3,0.12,0.14,0.09
CROG,2019-11-08 22:50:00 EST,43.97496,-75.20100,1375,9.2,9.4,9.2,90.4,6.9,0.000,0.038,0.00,0.000,0.0,0.0,0.0,0,0,0.0,0.0,0.0,0,0,0.0,0.0,0.0,0,0,0,28.75,-0.2,0,0,0,37.0,43.2,45.3,0.12,0.14,0.09
CROG,2019-11-08 22:55:00 EST,43.97496,-75.20100,1375,9.3,9.4,9.3,90.7,7.1,0.000,0.038,0.00,0.000,0.0,0.0,0.0,0,0,0.1,0.8,0.2,235,3,0.1,0.8,0.2,235,3,0,28.75,-0.3,0,0,0,37.0,43.2,45.3,0.12,0.14,0.09
CROG,2019-11-08 23:00:00 EST,43.97496,-75.20100,1375,9.5,9.6,9.5,91.3,7.5,0.000,0.038,0.00,0.000,0.0,0.0,0.0,0,0,0.0,0.0,0.0,0,0,0.0,0.0,0.0,0,0,0,28.75,-0.3,0,0,0,37.0,43.1,45.3,0.12,0.14,0.09
CROG,2019-11-08 23:05:00 EST,43.97496,-75.20100,1375,9.8,9.8,9.8,91.5,7.8,0.000,0.038,0.00,0.000,0.0,0.0,0.0,0,0,0.0,0.0,0.0,0,0,0.0,0.0,0.0,0,0,0,28.75,-0.3,0,0,0,37.0,43.1,45.3,0.12,0.14,0.09
CROG,2019-11-08 23:10:00 EST,43.97496,-75.20100,1375,9.9,9.9,9.9,91.3,7.8,0.000,0.038,0.00,0.000,0.0,0.0,0.0,0,0,0.0,0.0,0.0,0,0,0.0,0.0,0.0,0,0,0,28.75,-0.3,0,0,0,37.0,43.1,45.3,0.12,0.14,0.09
CROG,2019-11-08 23:15:00 EST,43.97496,-75.20100,1375,9.9,10.1,9.9,91.0,7.8,0.000,0.038,0.00,0.000,0.0,0.0,0.0,0,0,0.0,0.0,0.0,0,0,0.0,0.0,0.0,0,0,0,28.75,-0.3,0,0,0,37.0,43.1,45.3,0.12,0.14,0.09
CROG,2019-11-08 23:20:00 EST,43.97496,-75.20100,1375,10.1,10.2,10.1,91.5,8.1,0.000,0.038,0.00,0.000,0.0,0.0,0.0,0,0,0.0,0.7,0.1,255,0,0.0,0.7,0.1,255,0,0,28.75,-0.3,0,0,0,37.0,43.1,45.3,0.12,0.14,0.09
CROG,2019-11-08 23:25:00 EST,43.97496,-75.20100,1375,10.3,10.5,10.3,92.1,8.5,0.000,0.038,0.00,0.000,0.0,0.0,0.0,0,0,0.0,0.0,0.0,0,0,0.0,0.0,0.0,0,0,0,28.75,-0.3,0,0,0,37.0,43.1,45.3,0.12,0.14,0.09
CROG,2019-11-08 23:30:00 EST,43.97496,-75.20100,1375,10.5,10.7,10.5,91.8,8.5,0.000,0.038,0.00,0.000,0.0,0.0,0.0,0,0,0.0,0.7,0.1,168,0,0.0,0.7,0.1,168,0,0,28.74,-0.3,0,0,0,37.0,43.0,45.3,0.12,0.14,0.09
CROG,2019-11-08 23:35:00 EST,43.97496,-75.20100,1375,10.7,10.7,10.7,91.9,8.8,0.000,0.038,0.00,0.000,0.0,0.0,0.0,0,0,0.0,0.7,0.2,216,1,0.0,0.7,0.2,216,1,0,28.74,-0.3,0,0,0,37.0,43.0,45.3,0.12,0.14,0.09
CROG,2019-11-08 23:40:00 EST,43.97496,-75.20100,1375,10.7,10.8,10.7,91.9,8.8,0.000,0.038,0.00,0.000,0.0,0.0,0.0,0,0,0.0,0.0,0.0,0,0,0.0,0.0,0.0,0,0,0,28.74,-0.3,0,0,0,37.0,43.0,45.3,0.12,0.14,0.09
CROG,2019-11-08 23:45:00 EST,43.97496,-75.20100,1375,10.9,10.9,10.9,91.8,9.0,0.000,0.038,0.00,0.000,0.0,0.0,0.0,0,0,0.0,0.8,0.1,206,1,0.0,0.8,0.1,206,1,0,28.75,-0.3,0,0,0,37.0,43.0,45.3,0.12,0.14,0.09
CROG,2019-11-08 23:50:00 EST,43.97496,-75.20100,1375,11.0,11.1,11.0,92.2,9.2,0.000,0.038,0.00,0.000,0.0,0.0,0.0,0,0,0.0,0.8,0.1,158,1,0.0,0.8,0.1,158,1,0,28.75,-0.3,0,0,0,37.0,43.0,45.3,0.12,0.14,0.09
CROG,2019-11-08 23:55:00 EST,43.97496,-75.20100,1375,11.1,11.3,11.1,91.9,9.2,0.000,0.038,0.00,0.000,0.0,0.0,0.0,0,0,0.0,0.8,0.2,287,1,0.0,0.8,0.2,287,1,0,28.75,-0.3,0,0,0,37.0,43.0,45.3,0.12,0.14,0.09
CSQR,2019-11-08 00:00:00 EST,43.32613,-76.10445,453,27.2,26.9,27.2,97.8,26.7,0.000,0.098,0.00,0.000,1.4,1.6,0.1,281,9,1.7,2.2,0.3,284,6,1.7,2.2,0.3,284,6,0,29.62,-0.0,0,0,0,43.5,47.8,49.3,0.38,0.52,0.40
CSQR,2019-11-08 00:05:00 EST,43.32613,-76.10445,453,27.3,27.0,27.3,97.8,26.7,0.000,0.000,0.00,0.000,1.6,2.0,0.2,282,5,2.0,2.5,0.3,286,5,2.0,2.5,0.3,286,5,0,29.62,-0.1,0,0,0,43.5,47.8,49.3,0.38,0.52,0.40
CSQR,2019-11-08 00:10:00 EST,43.32613,-76.10445,453,27.4,27.1,27.4,97.8,26.8,0.000,0.000,0.00,0.000,2.0,2.6,0.3,285,6,2.4,3.3,0.5,286,4,2.4,3.3,0.5,286,4,0,29.62,-0.1,0,0,0,43.5,47.8,49.3,0.38,0.52,0.40
CSQR,2019-11-08 00:15:00 EST,43.32613,-76.10445,453,27.5,27.2,27.5,97.8,27.0,0.000,0.000,0.00,0.000,2.1,2.6,0.3,291,7,2.1,3.2,0.6,290,7,2.1,3.2,0.6,290,7,0,29.62,-0.1,0,0,0,43.5,47.8,49.3,0.38,0.52,0.40
CSQR,2019-11-08 00:20:00 EST,43.32613,-76.10445,453,27.6,27.3,27.6,97.9,27.1,0.000,0.000,0.00,0.000,2.3,3.6,0.5,298,7,2.0,3.6,0.5,297,9,2.0,3.6,0.5,297,9,0,29.62,-0.1,0,0,0,43.5,47.8,49.3,0.38,0.52,0.40
CSQR,2019-11-08 00:25:00 EST,43.32613,-76.10445,453,27.6,27.3,27.6,97.9,27.1,0.006,0.006,0.00,0.006,2.7,3.6,0.4,297,11,2.4,4.3,0.6,297,11,2.4,4.3,0.6,297,11,0,29.63,-0.1,0,0,0,43.4,47.8,49.3,0.38,0.52,0.40
CSQR,2019-11-08 00:30:00 EST,43.32613,-76.10445,453,27.5,27.3,23.1,97.8,27.0,0.002,0.007,0.00,0.007,3.3,4.2,0.4,285,8,3.8,5.2,0.7,284,6,3.8,5.2,0.7,284,6,0,29.62,-0.1,0,0,0,43.4,47.8,49.3,0.38,0.52,0.40
CSQR,2019-11-08 00:35:00 EST,43.32613,-76.10445,453,27.5,27.3,22.5,97.7,27.0,0.003,0.010,0.00,0.010,3.4,4.3,0.5,271,8,4.3,6.1,0.7,276,6,4.3,6.1,0.7,276,6,0,29.62,-0.2,0,0,0,43.3,47.8,49.3,0.38,0.52,0.40
CSQR,2019-11-08 00:40:00 EST,43.32613,-76.10445,453,27.5,27.2,23.0,97.7,26.9,0.002,0.012,0.00,0.012,3.0,3.9,0.4,271,8,3.9,5.5,0.7,276,6,3.9,5.5,0.7,276,6,0,29.62,-0.2,0,0,0,43.3,47.8,49.3,0.38,0.52,0.40
CSQR,2019-11-08 00:45:00 EST,43.32613,-76.10445,453,27.4,27.2,27.4,97.6,26.8,0.002,0.014,0.00,0.014,1.8,3.3,0.6,256,5,2.3,4.5,0.8,263,8,2.3,4.5,0.8,263,8,0,29.62,-0.2,0,0,0,43.3,47.8,49.3,0.38,0.52,0.40
CSQR,2019-11-08 00:50:00 EST,43.32613,-76.10445,453,27.4,27.2,27.4,97.5,26.8,0.003,0.017,0.00,0.017,1.3,2.4,0.5,242,8,1.3,3.1,0.7,250,10,1.3,3.1,0.7,250,10,0,29.62,-0.2,0,0,0,43.3,47.8,49.3,0.38,0.52,0.40
CSQR,2019-11-08 00:55:00 EST,43.32613,-76.10445,453,27.4,27.1,27.4,97.5,26.7,0.002,0.019,0.00,0.019,1.6,2.0,0.2,272,10,1.8,2.5,0.3,278,9,1.8,2.5,0.3,278,9,0,29.62,-0.2,0,0,0,43.3,47.8,49.3,0.38,0.52,0.40
CSQR,2019-11-08 01:00:00 EST,43.32613,-76.10445,453,27.4,27.1,27.4,97.5,26.7,0.002,0.020,0.00,0.020,1.4,1.8,0.2,273,11,1.3,2.2,0.4,276,14,1.3,2.2,0.4,276,14,0,29.62,-0.2,0,0,0,43.3,47.8,49.3,0.38,0.52,0.40
CSQR,2019-11-08 01:05:00 EST,43.32613,-76.10445,453,27.4,27.2,27.4,97.4,26.8,0.000,0.020,0.00,0.020,1.5,2.2,0.3,270,13,1.5,2.3,0.3,273,16,1.5,2.3,0.3,273,16,0,29.62,-0.2,0,0,0,43.3,47.8,49.3,0.38,0.52,0.40
CSQR,2019-11-08 01:10:00 EST,43.32613,-76.10445,453,27.4,27.1,27.4,97.5,26.8,0.000,0.020,0.00,0.020,1.2,1.6,0.3,251,9,1.2,1.9,0.3,258,12,1.2,1.9,0.3,258,12,0,29.62,-0.2,0,0,0,43.3,47.8,49.3,0.38,0.52,0.40
CSQR,2019-11-08 01:15:00 EST,43.32613,-76.10445,453,27.4,27.2,27.4,97.5,26.8,0.000,0.020,0.00,0.020,1.1,1.7,0.3,269,14,1.0,1.6,0.4,276,12,1.0,1.6,0.4,276,12,0,29.62,-0.2,0,0,0,43.3,47.8,49.3,0.38,0.52,0.40
CSQR,2019-11-08 01:20:00 EST,43.32613,-76.10445,453,27.4,27.2,27.4,97.5,26.8,0.000,0.020,0.00,0.020,1.5,2.8,0.4,307,13,0.3,1.5,0.4,309,10,0.3,1.5,0.4,309,10,0,29.62,-0.2,0,0,0,43.3,47.8,49.3,0.38,0.52,0.40
CSQR,2019-11-08 01:25:00 EST,43.32613,-76.10445,453,27.4,27.2,27.4,97.6,26.8,0.003,0.023,0.00,0.018,2.2,3.0,0.4,316,15,0.8,2.4,0.6,313,13,0.8,2.4,0.6,313,13,0,29.62,-0.1,0,0,0,43.3,47.8,49.3,0.38,0.52,0.40
CSQR,2019-11-08 01:30:00 EST,43.32613,-76.10445,453,27.4,27.1,27.4,97.6,26.8,0.005,0.028,0.00,0.021,2.7,4.2,0.6,298,11,1.2,2.8,0.7,303,18,1.2,2.8,0.7,303,18,0,29.62,0.1,0,0,0,43.3,47.8,49.3,0.38,0.52,0.40
CSQR,2019-11-08 01:35:00 EST,43.32613,-76.10445,453,27.4,27.1,27.4,97.6,26.8,0.006,0.035,0.00,0.024,2.9,4.7,0.6,337,35,1.8,5.6,1.3,359,32,1.8,5.6,1.3,359,32,0,29.63,0.1,0,0,0,43.3,47.7,49.3,0.38,0.52,0.40
CSQR,2019-11-08 01:40:00 EST,43.32613,-76.10445,453,26.7,26.4,26.7,97.0,26.0,0.003,0.038,0.00,0.026,2.9,8.3,2.1,24,34,3.0,9.2,1.9,30,29,3.0,9.2,1.9,30,29,0,29.63,-0.2,0,0,0,43.3,47.8,49.3,0.38,0.52,0.40
CSQR,2019-11-08 01:45:00 EST,43.32613,-76.10445,453,26.1,25.9,26.1,95.9,25.1,0.002,0.039,0.00,0.026,2.6,6.7,1.6,12,30,2.8,8.3,1.8,16,30,2.8,8.3,1.8,16,30,0,29.63,0.6,0,0,0,43.3,47.5,49.3,0.38,0.52,0.40
CSQR,2019-11-08 01:50:00 EST,43.32613,-76.10445,453,26.0,25.8,26.0,95.9,25.0,0.000,0.039,0.00,0.022,2.9,7.7,1.6,7,34,2.8,8.1,1.9,11,33,2.8,8.1,1.9,11,33,0,29.63,-0.2,0,0,0,43.3,47.5,49.3,0.38,0.52,0.40
CSQR,2019-11-08 01:55:00 EST,43.32613,-76.10445,453,25.9,25.7,25.9,96.0,25.0,0.000,0.039,0.00,0.021,2.6,6.6,1.5,354,34,2.5,6.6,1.9,7,28,2.5,6.6,1.9,7,28,0,29.63,-0.1,0,0,0,43.3,47.5,49.3,0.38,0.52,0.40
CSQR,2019-11-08 02:00:00 EST,43.32613,-76.10445,453,25.8,25.6,25.8,96.0,24.8,0.004,0.043,0.00,0.023,2.1,6.6,1.7,356,34,2.1,8.4,1.9,8,32,2.1,8.4,1.9,8,32,0,29.63,-0.1,0,0,0,43.3,47.5,49.3,0.38,0.52,0.40
CSQR,2019-11-08 02:05:00 EST,43.32613,-76.10445,453,25.7,25.5,25.7,96.2,24.8,0.002,0.044,0.00,0.024,2.6,8.5,2.0,15,28,2.7,8.5,2.0,19,30,2.7,8.5,2.0,19,30,0,29.63,1.4,0,0,0,43.3,47.5,49.3,0.38,0.52,0.40
CSQR,2019-11-08 02:10:00 EST,43.32613,-76.10445,453,25.6,25.4,25.6,96.1,24.7,0.000,0.044,0.00,0.024,2.2,4.1,0.8,0,36,1.9,4.9,1.3,13,30,1.9,4.9,1.3,13,30,0,29.63,1.1,0,0,0,43.3,47.5,49.3,0.38,0.52,0.40
CSQR,2019-11-08 02:15:00 EST,43.32613,-76.10445,453,25.5,25.3,25.5,96.0,24.5,0.000,0.044,0.00,0.024,2.7,7.5,1.3,12,34,2.4,6.8,1.5,25,26,2.4,6.8,1.5,25,26,0,29.63,0.9,0,0,0,43.3,47.5,49.3,0.38,0.52,0.40
CSQR,2019-11-08 02:20:00 EST,43.32613,-76.10445,453,25.3,25.1,25.3,95.6,24.3,0.004,0.049,0.00,0.029,2.6,7.0,1.6,344,37,1.9,6.6,1.4,4,39,1.9,6.6,1.4,4,39,0,29.63,1.1,0,0,0,43.3,47.5,49.3,0.38,0.52,0.40
CSQR,2019-11-08 02:25:00 EST,43.32613,-76.10445,453,25.2,25.0,25.2,95.4,24.1,0.000,0.049,0.00,0.026,2.8,7.8,1.5,352,38,2.6,11.0,2.1,6,27,2.6,11.0,2.1,6,27,0,29.63,1.3,0,0,0,43.3,47.5,49.3,0.38,0.52,0.40
CSQR,2019-11-08 02:30:00 EST,43.32613,-76.10445,453,25.1,24.9,25.1,95.2,23.9,0.002,0.050,0.00,0.022,1.5,3.9,1.1,9,37,1.7,5.2,1.3,15,27,1.7,5.2,1.3,15,27,0,29.63,1.2,0,0,0,43.3,47.5,49.3,0.38,0.52,0.40
CSQR,2019-11-08 02:35:00 EST,43.32613,-76.10445,453,24.9,24.8,24.9,95.0,23.7,0.000,0.050,0.00,0.016,1.4,3.6,1.0,357,37,1.4,5.6,1.3,10,31,1.4,5.6,1.3,10,31,0,29.63,1.1,0,0,0,43.3,47.5,49.3,0.38,0.52,0.40
CSQR,2019-11-08 02:40:00 EST,43.32613,-76.10445,453,24.6,24.7,24.6,94.5,23.2,0.000,0.050,0.00,0.013,1.6,3.6,1.0,20,24,1.5,3.3,1.0,28,24,1.5,3.3,1.0,28,24,0,29.63,1.3,0,0,0,43.3,47.5,49.3,0.38,0.52,0.40
CSQR,2019-11-08 02:45:00 EST,43.32613,-76.10445,453,24.5,24.6,24.5,94.2,23.1,0.000,0.050,0.00,0.011,0.8,3.4,0.7,317,23,,,,,,0.8,3.4,0.7,317,23,0,29.63,1.2,0,0,0,43.3,47.5,49.3,0.38,0.52,0.40
CSQR,2019-11-08 02:50:00 EST,43.32613,-76.10445,453,24.6,24.5,24.6,94.1,23.2,0.000,0.050,0.00,0.011,1.3,3.9,0.8,332,30,,,,,,1.3,3.9,0.8,332,30,0,29.63,1.3,0,0,0,43.3,47.5,49.3,0.38,0.52,0.40
CSQR,2019-11-08 02:55:00 EST,43.32613,-76.10445,453,24.5,24.4,24.5,94.5,23.1,0.000,0.050,0.00,0.011,1.9,3.0,0.5,327,17,,,,,,1.9,3.0,0.5,327,17,0,29.63,1.3,0,0,0,43.3,47.5,49.3,0.38,0.52,0.40
CSQR,2019-11-08 03:00:00 EST,43.32613,-76.10445,453,24.6,24.5,24.6,94.9,23.3,0.000,0.050,0.00,0.007,1.9,4.2,0.8,332,21,,,,,,1.9,4.2,0.8,332,21,0,29.63,1.3,0,0,0,43.3,47.5,49.3,0.38,0.52,0.40
CSQR,2019-11-08 03:05:00 EST,43.32613,-76.10445,453,24.5,24.5,24.5,95.1,23.3,0.000,0.050,0.00,0.006,1.9,3.4,0.6,329,26,,,,,,1.9,3.4,0.6,329,26,0,29.63,1.2,0,0,0,43.3,47.5,49.3,0.38,0.52,0.40
CSQR,2019-11-08 03:10:00 EST,43.32613,-76.10445,453,24.4,24.4,24.4,95.0,23.2,0.000,0.050,0.00,0.006,2.1,5.3,1.0,329,20,,,,,,2.1,5.3,1.0,329,20,0,29.63,1.3,0,0,0,43.3,47.5,49.3,0.38,0.52,0.40
CSQR,2019-11-08 03:15:00 EST,43.32613,-76.10445,453,24.4,24.4,24.4,94.9,23.1,0.000,0.050,0.00,0.006,3.0,5.0,0.8,326,15,,,,,,3.0,5.0,0.8,326,15,0,29.63,1.3,0,0,0,43.3,47.5,49.3,0.38,0.52,0.40
CSQR,2019-11-08 03:20:00 EST,43.32613,-76.10445,453,24.2,24.2,24.2,94.9,23.0,0.000,0.050,0.00,0.002,2.7,4.2,0.7,328,23,,,,,,2.7,4.2,0.7,328,23,0,29.63,1.3,0,0,0,43.3,47.5,49.3,0.38,0.52,0.40
CSQR,2019-11-08 03:25:00 EST,43.32613,-76.10445,453,24.3,24.2,24.3,95.0,23.1,0.000,0.050,0.00,0.002,2.3,5.2,1.1,324,19,,,,,,2.3,5.2,1.1,324,19,0,29.63,1.3,0,0,0,43.3,47.5,49.3,0.38,0.52,0.40
CSQR,2019-11-08 03:30:00 EST,43.32613,-76.10445,453,24.4,24.3,24.4,95.2,23.2,0.000,0.050,0.00,0.000,2.4,4.5,0.9,324,19,,,,,,2.4,4.5,0.9,324,19,0,29.63,1.2,0,0,0,43.3,47.5,49.2,0.38,0.52,0.40
CSQR,2019-11-08 03:35:00 EST,43.32613,-76.10445,453,24.4,24.3,24.4,95.2,23.2,0.000,0.050,0.00,0.000,1.9,5.0,1.0,331,27,,,,,,1.9,5.0,1.0,331,27,0,29.63,1.3,0,0,0,43.3,47.5,49.2,0.38,0.52,0.40
CSQR,2019-11-08 03:40:00 EST,43.32613,-76.10445,453,24.4,24.3,24.4,95.1,23.3,0.000,0.050,0.00,0.000,2.4,3.9,0.7,320,20,,,,,,2.4,3.9,0.7,320,20,0,29.64,1.2,0,0,0,43.3,47.5,49.2,0.38,0.52,0.40
CSQR,2019-11-08 03:45:00 EST,43.32613,-76.10445,453,24.5,24.3,24.5,94.9,23.2,0.000,0.050,0.00,0.000,1.8,3.9,0.9,334,25,,,,,,1.8,3.9,0.9,334,25,0,29.64,1.2,0,0,0,43.3,47.5,49.1,0.38,0.52,0.40
CSQR,2019-11-08 03:50:00 EST,43.32613,-76.10445,453,24.5,24.3,24.5,94.7,23.2,0.000,0.050,0.00,0.000,1.4,2.8,0.6,336,29,,,,,,1.4,2.8,0.6,336,29,0,29.64,1.2,0,0,0,43.3,47.5,49.2,0.38,0.52,0.40
CSQR,2019-11-08 03:55:00 EST,43.32613,-76.10445,453,24.5,24.3,24.5,94.6,23.2,0.000,0.050,0.00,0.000,2.2,4.7,0.9,322,14,,,,,,2.2,4.7,0.9,322,14,0,29.64,1.1,0,0,0,43.3,47.5,49.1,0.38,0.52,0.40
CSQR,2019-11-08 04:00:00 EST,43.32613,-76.10445,453,24.5,24.3,24.5,94.5,23.2,0.000,0.050,0.00,0.000,3.0,4.5,0.7,311,16,,,,,,3.0,4.5,0.7,311,16,0,29.64,1.2,0,0,0,43.3,47.5,49.1,0.38,0.52,0.40
CSQR,2019-11-08 04:05:00 EST,43.32613,-76.10445,453,24.5,24.3,20.3,94.4,23.1,0.000,0.050,0.00,0.000,3.4,5.8,1.2,326,22,,,,,,3.4,5.8,1.2,326,22,0,29.64,1.1,0,0,0,43.3,47.5,49.1,0.38,0.52,0.40
CSQR,2019-11-08 04:10:00 EST,43.32613,-76.10445,453,24.4,24.2,19.7,94.1,22.9,0.000,0.050,0.00,0.000,3.6,5.8,0.8,311,13,,,,,,3.6,5.8,0.8,311,13,0,29.64,0.8,0,0,0,43.3,47.5,49.1,0.38,0.52,0.40
CSQR,2019-11-08 04:15:00 EST,43.32613,-76.10445,453,24.2,24.0,19.7,94.0,22.7,0.000,0.050,0.00,0.000,3.5,6.3,1.2,321,21,,,,,,3.5,6.3,1.2,321,21,0,29.64,0.3,0,0,0,43.3,47.5,49.1,0.38,0.52,0.40
CSQR,2019-11-08 04:20:00 EST,43.32613,-76.10445,453,24.1,23.9,19.6,93.9,22.6,0.000,0.050,0.00,0.000,3.5,4.8,0.7,320,16,,,,,,3.5,4.8,0.7,320,16,0,29.64,0.6,0,0,0,43.3,47.5,49.1,0.38,0.52,0.40
CSQR,2019-11-08 04:25:00 EST,43.32613,-76.10445,453,24.1,23.8,24.1,94.1,22.6,0.000,0.050,0.00,0.000,2.8,4.4,0.8,324,14,,,,,,2.8,4.4,0.8,324,14,0,29.64,0.4,0,0,0,43.3,47.5,49.1,0.38,0.52,0.40
CSQR,2019-11-08 04:30:00 EST,43.32613,-76.10445,453,24.0,23.8,24.0,94.3,22.6,0.000,0.050,0.00,0.000,1.0,2.3,0.7,319,12,,,,,,1.0,2.3,0.7,319,12,0,29.64,0.7,0,0,0,43.3,47.4,49.1,0.38,0.52,0.40
CSQR,2019-11-08 04:35:00 EST,43.32613,-76.10445,453,24.0,23.8,24.0,94.5,22.7,0.000,0.050,0.00,0.000,1.6,3.7,1.0,325,19,,,,,,1.6,3.7,1.0,325,19,0,29.65,0.8,0,0,0,43.3,47.4,49.1,0.38,0.52,0.40
CSQR,2019-11-08 04:40:00 EST,43.32613,-76.10445,453,23.9,23.7,23.9,94.4,22.6,0.000,0.050,0.00,0.000,1.9,4.0,0.9,330,32,,,,,,1.9,4.0,0.9,330,32,0,29.65,1.0,0,0,0,43.3,47.3,49.1,0.38,0.52,0.40
CSQR,2019-11-08 04:45:00 EST,43.32613,-76.10445,453,23.9,23.7,23.9,94.0,22.5,0.000,0.050,0.00,0.000,2.4,4.5,1.1,323,28,,,,,,2.4,4.5,1.1,323,28,0,29.65,0.8,0,0,0,43.3,47.3,49.1,0.38,0.52,0.40
CSQR,2019-11-08 04:50:00 EST,43.32613,-76.10445,453,23.9,23.7,23.9,93.9,22.4,0.000,0.050,0.00,0.000,2.9,4.7,1.1,325,16,,,,,,2.9,4.7,1.1,325,16,0,29.65,1.0,0,0,0,43.3,47.3,49.1,0.38,0.52,0.40
CSQR,2019-11-08 04:55:00 EST,43.32613,-76.10445,453,23.9,23.7,19.3,93.8,22.4,0.000,0.050,0.00,0.000,3.6,5.9,1.0,319,13,,,,,,3.6,5.9,1.0,319,13,0,29.65,0.5,0,0,0,43.3,47.3,49.1,0.38,0.52,0.40
CSQR,2019-11-08 05:00:00 EST,43.32613,-76.10445,453,23.9,23.6,23.9,94.2,22.5,0.000,0.050,0.00,0.000,2.0,3.3,0.6,331,18,,,,,,2.0,3.3,0.6,331,18,0,29.65,1.2,0,0,0,43.3,47.3,49.1,0.38,0.52,0.40
CSQR,2019-11-08 05:05:00 EST,43.32613,-76.10445,453,23.8,23.6,23.8,94.3,22.4,0.000,0.050,0.00,0.000,0.9,2.5,0.9,344,16,,,,,,0.9,2.5,0.9,344,16,0,29.65,0.9,0,0,0,43.3,47.3,49.1,0.38,0.52,0.40
CSQR,2019-11-08 05:10:00 EST,43.32613,-76.10445,453,23.7,23.5,23.7,94.3,22.3,0.004,0.054,0.00,0.004,2.6,4.8,0.9,319,17,,,,,,2.6,4.8,0.9,319,17,0,29.65,0.9,0,0,0,43.3,47.3,49.1,0.38,0.52,0.40
CSQR,2019-11-08 05:15:00 EST,43.32613,-76.10445,453,23.8,23.5,23.8,94.1,22.3,0.000,0.054,0.00,0.004,2.5,5.0,1.1,328,22,,,,,,2.5,5.0,1.1,328,22,0,29.65,0.8,0,0,0,43.3,47.3,49.1,0.38,0.52,0.40
CSQR,2019-11-08 05:20:00 EST,43.32613,-76.10445,453,23.7,23.5,23.7,94.0,22.2,0.000,0.054,0.00,0.004,2.0,3.6,0.6,298,13,,,,,,2.0,3.6,0.6,298,13,0,29.66,0.6,0,0,0,43.3,47.3,49.1,0.38,0.52,0.40
CSQR,2019-11-08 05:25:00 EST,43.32613,-76.10445,453,23.7,23.4,23.7,94.0,22.2,0.003,0.057,0.00,0.007,3.0,4.2,0.7,317,20,,,,,,3.0,4.2,0.7,317,20,0,29.66,1.0,0,0,0,43.3,47.3,49.1,0.38,0.52,0.40
CSQR,2019-11-08 05:30:00 EST,43.32613,-76.10445,453,23.6,23.3,23.6,94.2,22.1,0.003,0.061,0.00,0.010,2.7,4.2,0.7,311,15,,,,,,2.7,4.2,0.7,311,15,0,29.66,0.9,0,0,0,43.3,47.3,49.1,0.38,0.52,0.40
CSQR,2019-11-08 05:35:00 EST,43.32613,-76.10445,453,23.6,23.3,23.6,94.5,22.2,0.006,0.067,0.00,0.017,2.5,3.2,0.4,305,21,,,,,,2.5,3.2,0.4,305,21,0,29.66,0.1,0,0,0,43.3,47.3,49.1,0.38,0.52,0.40
CSQR,2019-11-08 05:40:00 EST,43.32613,-76.10445,453,23.5,23.2,23.5,94.8,22.2,0.002,0.069,0.00,0.018,2.5,3.9,0.6,317,13,,,,,,2.5,3.9,0.6,317,13,0,29.66,1.4,0,0,0,43.3,47.3,49.1,0.38,0.52,0.40
CSQR,2019-11-08 05:45:00 EST,43.32613,-76.10445,453,23.5,23.2,23.5,94.9,22.2,0.004,0.072,0.00,0.022,2.3,3.5,0.6,285,8,,,,,,2.3,3.5,0.6,285,8,0,29.67,0.8,0,0,0,43.3,47.3,49.1,0.38,0.52,0.40
CSQR,2019-11-08 05:50:00 EST,43.32613,-76.10445,453,23.4,23.2,23.4,94.9,22.2,0.000,0.072,0.00,0.022,2.3,4.2,0.9,290,13,,,,,,2.3,4.2,0.9,290,13,0,29.67,1.2,0,0,0,43.3,47.3,49.1,0.38,0.52,0.40
CSQR,2019-11-08 05:55:00 EST,43.32613,-76.10445,453,23.4,23.2,23.4,94.9,22.2,0.003,0.075,0.00,0.024,2.5,3.9,0.7,288,10,,,,,,2.5,3.9,0.7,288,10,0,29.67,1.5,0,0,0,43.3,47.3,49.1,0.38,0.52,0.40
CSQR,2019-11-08 06:00:00 EST,43.32613,-76.10445,453,23.4,23.2,19.4,95.0,22.2,0.003,0.078,0.00,0.028,3.1,4.7,0.5,290,12,,,,,,3.1,4.7,0.5,290,12,0,29.67,,0,0,0,43.3,47.3,49.1,0.38,0.52,0.40
CSQR,2019-11-08 06:05:00 EST,43.32613,-76.10445,453,23.4,23.2,19.6,95.1,22.2,0.002,0.080,0.00,0.030,3.0,4.8,0.6,291,14,,,,,,3.0,4.8,0.6,291,14,0,29.67,,0,0,0,43.3,47.3,49.1,0.38,0.52,0.40
CSQR,2019-11-08 06:10:00 EST,43.32613,-76.10445,453,23.4,23.2,17.9,95.1,22.2,0.004,0.084,0.00,0.030,4.2,5.3,0.6,288,11,,,,,,4.2,5.3,0.6,288,11,0,29.68,,0,0,0,43.3,47.3,49.1,0.38,0.52,0.40
CSQR,2019-11-08 06:15:00 EST,43.32613,-76.10445,453,23.4,23.2,19.3,95.1,22.2,0.003,0.087,0.00,0.033,3.2,4.6,0.6,288,14,,,,,,3.2,4.6,0.6,288,14,0,29.68,2.0,0,0,0,43.3,47.3,49.1,0.38,0.52,0.40
CSQR,2019-11-08 06:20:00 EST,43.32613,-76.10445,453,23.4,23.2,23.4,95.1,22.2,0.000,0.087,0.00,0.033,1.9,3.3,0.7,310,12,,,,,,1.9,3.3,0.7,310,12,0,29.68,,0,0,0,43.3,47.3,49.1,0.38,0.52,0.40
CSQR,2019-11-08 06:25:00 EST,43.32613,-76.10445,453,23.4,23.2,23.4,95.1,22.2,0.000,0.087,0.00,0.030,2.0,3.1,0.6,295,14,,,,,,2.0,3.1,0.6,295,14,0,29.68,2.2,0,0,0,43.3,47.3,49.1,0.38,0.52,0.40
CSQR,2019-11-08 06:30:00 EST,43.32613,-76.10445,453,23.5,23.3,19.4,95.1,22.3,0.000,0.087,0.00,0.026,3.2,4.6,0.7,302,10,,,,,,3.2,4.6,0.7,302,10,0,29.68,,0,0,0,43.3,47.3,49.1,0.38,0.52,0.40
CSQR,2019-11-08 06:35:00 EST,43.32613,-76.10445,453,23.5,23.3,23.5,95.0,22.3,0.004,0.091,0.00,0.024,2.7,3.9,0.5,308,20,,,,,,2.7,3.9,0.5,308,20,0,29.69,,0,0,0,43.3,47.3,49.1,0.38,0.52,0.40
CSQR,2019-11-08 06:40:00 EST,43.32613,-76.10445,453,23.6,23.3,23.6,95.1,22.4,0.000,0.091,0.00,0.022,2.3,3.9,0.6,323,15,,,,,,2.3,3.9,0.6,323,15,0,29.69,,0,0,0,43.3,47.3,49.1,0.38,0.52,0.40
CSQR,2019-11-08 06:45:00 EST,43.32613,-76.10445,453,23.6,23.4,23.6,95.1,22.4,0.000,0.091,0.00,0.019,1.2,2.8,0.8,315,28,,,,,,1.2,2.8,0.8,315,28,0,29.69,,0,0,0,43.3,47.3,49.1,0.38,0.52,0.40
CSQR,2019-11-08 06:50:00 EST,43.32613,-76.10445,453,23.7,23.5,23.7,95.1,22.5,0.000,0.091,0.00,0.019,0.7,1.3,0.3,308,22,,,,,,0.7,1.3,0.3,308,22,1,29.69,2.0,0,0,0,43.3,47.3,49.1,0.38,0.52,0.40
CSQR,2019-11-08 06:55:00 EST,43.32613,-76.10445,453,23.8,23.6,23.8,95.1,22.6,0.000,0.091,0.00,0.016,1.9,3.2,0.6,324,14,,,,,,1.9,3.2,0.6,324,14,1,29.70,2.2,0,0,0,43.3,47.3,49.1,0.38,0.52,0.40
CSQR,2019-11-08 07:00:00 EST,43.32613,-76.10445,453,23.8,23.6,23.8,95.2,22.6,0.004,0.095,0.00,0.017,1.9,5.3,1.7,321,27,,,,,,1.9,5.3,1.7,321,27,1,29.70,,0,0,0,43.3,47.3,49.1,0.38,0.52,0.40
CSQR,2019-11-08 07:05:00 EST,43.32613,-76.10445,453,23.7,23.5,18.5,95.2,22.6,0.007,0.102,0.00,0.022,4.0,5.8,1.1,316,17,,,,,,4.0,5.8,1.1,316,17,1,29.70,,0,0,0,43.3,47.3,49.1,0.38,0.52,0.40
CSQR,2019-11-08 07:10:00 EST,43.32613,-76.10445,453,23.6,23.4,19.6,95.1,22.5,0.008,0.111,0.00,0.027,3.2,7.3,1.4,331,24,,,,,,3.2,7.3,1.4,331,24,3,29.70,2.3,0,0,0,43.2,47.3,49.1,0.38,0.52,0.40
CSQR,2019-11-08 07:15:00 EST,43.32613,-76.10445,453,23.6,23.4,19.1,95.1,22.4,0.006,0.116,0.00,0.029,3.5,6.5,1.0,324,12,,,,,,3.5,6.5,1.0,324,12,4,29.70,2.8,0,0,0,43.3,47.3,49.1,0.38,0.52,0.40
CSQR,2019-11-08 07:20:00 EST,43.32613,-76.10445,453,23.7,23.4,23.7,95.2,22.5,0.006,0.122,0.00,0.035,2.7,6.5,1.1,318,20,,,,,,2.7,6.5,1.1,318,20,2,29.71,2.3,0,0,0,43.3,47.2,49.1,0.38,0.52,0.40
CSQR,2019-11-08 07:25:00 EST,43.32613,-76.10445,453,23.6,23.4,19.3,95.1,22.4,0.004,0.126,0.00,0.039,3.3,6.1,1.2,323,16,,,,,,3.3,6.1,1.2,323,16,4,29.71,,0,0,0,43.3,47.2,49.1,0.38,0.52,0.40
CSQR,2019-11-08 07:30:00 EST,43.32613,-76.10445,453,23.6,23.4,19.0,94.9,22.3,0.002,0.128,0.00,0.041,3.5,7.5,1.3,295,17,,,,,,3.5,7.5,1.3,295,17,5,29.71,,0,0,0,43.2,47.3,49.1,0.38,0.52,0.40
CSQR,2019-11-08 07:35:00 EST,43.32613,-76.10445,453,23.6,23.4,17.7,94.7,22.3,0.006,0.133,0.00,0.043,4.5,7.5,1.1,305,15,,,,,,4.5,7.5,1.1,305,15,6,29.71,3.0,0,0,0,43.2,47.3,49.1,0.38,0.52,0.40
CSQR,2019-11-08 07:40:00 EST,43.32613,-76.10445,453,23.5,23.3,19.0,94.6,22.2,0.004,0.137,0.00,0.046,3.4,5.6,0.9,317,20,,,,,,3.4,5.6,0.9,317,20,6,29.72,2.4,0,0,0,43.2,47.2,49.0,0.39,0.52,0.40
CSQR,2019-11-08 07:45:00 EST,43.32613,-76.10445,453,23.6,23.4,18.8,94.7,22.3,0.007,0.144,0.00,0.053,3.6,6.9,1.1,325,15,,,,,,3.6,6.9,1.1,325,15,9,29.72,,0,0,0,43.2,47.2,49.1,0.38,0.52,0.40
CSQR,2019-11-08 07:50:00 EST,43.32613,-76.10445,453,23.5,23.3,17.3,94.5,22.2,0.006,0.149,0.00,0.058,4.9,7.5,1.1,325,15,,,,,,4.9,7.5,1.1,325,15,9,29.72,3.1,0,0,0,43.2,47.2,49.0,0.38,0.52,0.40
CSQR,2019-11-08 07:55:00 EST,43.32613,-76.10445,453,23.5,23.3,18.5,94.3,22.1,0.004,0.153,0.00,0.062,3.8,6.3,0.9,320,18,,,,,,3.8,6.3,0.9,320,18,10,29.72,,0,0,0,43.2,47.1,48.9,0.38,0.52,0.40
CSQR,2019-11-08 08:00:00 EST,43.32613,-76.10445,453,23.4,23.2,17.4,94.3,22.0,0.013,0.166,0.00,0.071,4.6,9.4,1.8,320,21,,,,,,4.6,9.4,1.8,320,21,9,29.73,3.8,0,0,0,43.2,47.2,48.9,0.38,0.52,0.40
CSQR,2019-11-08 08:05:00 EST,43.32613,-76.10445,453,23.2,23.0,17.9,94.1,21.8,0.017,0.183,0.00,0.080,4.0,5.8,0.8,319,15,,,,,,4.0,5.8,0.8,319,15,7,29.73,3.9,0,0,0,43.2,47.1,48.9,0.38,0.52,0.40
CSQR,2019-11-08 08:10:00 EST,43.32613,-76.10445,453,23.1,23.0,17.3,94.1,21.7,0.020,0.202,0.26,0.092,4.5,7.7,1.4,326,19,,,,,,4.5,7.7,1.4,326,19,9,29.73,4.8,0,0,0,43.2,47.1,48.8,0.38,0.52,0.40
CSQR,2019-11-08 08:15:00 EST,43.32613,-76.10445,453,23.1,22.9,17.3,94.3,21.7,0.017,0.219,0.28,0.103,4.4,7.9,1.4,328,23,,,,,,4.4,7.9,1.4,328,23,11,29.73,,0,0,0,43.2,47.1,48.9,0.38,0.52,0.40
CSQR,2019-11-08 08:20:00 EST,43.32613,-76.10445,453,23.1,22.9,23.1,94.3,21.7,0.017,0.235,0.00,0.113,2.7,5.8,1.2,326,36,,,,,,2.7,5.8,1.2,326,36,9,29.73,,0,0,0,43.2,47.1,48.7,0.38,0.52,0.40
CSQR,2019-11-08 08:25:00 EST,43.32613,-76.10445,453,23.1,22.9,17.9,94.3,21.7,0.017,0.253,0.26,0.127,3.9,7.7,1.6,314,18,,,,,,3.9,7.7,1.6,314,18,9,29.74,,0,0,0,43.2,47.1,48.7,0.38,0.52,0.40
CSQR,2019-11-08 08:30:00 EST,43.32613,-76.10445,453,23.0,22.8,17.0,94.3,21.6,0.013,0.266,0.24,0.138,4.5,9.0,1.5,310,20,,,,,,4.5,9.0,1.5,310,20,13,29.74,,0,0,0,43.2,47.1,48.7,0.38,0.52,0.40
CSQR,2019-11-08 08:35:00 EST,43.32613,-76.10445,453,23.0,22.8,17.3,94.3,21.6,0.010,0.276,0.00,0.143,4.3,6.6,0.8,302,18,,,,,,4.3,6.6,0.8,302,18,13,29.74,6.6,0,0,0,43.2,47.1,48.7,0.38,0.52,0.40
CSQR,2019-11-08 08:40:00 EST,43.32613,-76.10445,453,23.0,22.8,17.0,94.4,21.7,0.006,0.282,0.00,0.145,4.6,6.4,0.9,288,11,,,,,,4.6,6.4,0.9,288,11,10,29.74,6.5,0,0,0,43.2,47.1,48.7,0.38,0.52,0.40
CSQR,2019-11-08 08:45:00 EST,43.32613,-76.10445,453,23.0,22.8,16.4,94.2,21.6,0.004,0.285,0.00,0.142,5.1,7.6,1.0,288,10,,,,,,5.1,7.6,1.0,288,10,12,29.74,,0,0,0,43.2,47.1,48.7,0.38,0.52,0.40
CSQR,2019-11-08 08:50:00 EST,43.32613,-76.10445,453,23.1,22.9,18.6,94.3,21.7,0.002,0.287,0.00,0.138,3.4,5.1,0.7,295,23,,,,,,3.4,5.1,0.7,295,23,17,29.74,,0,0,0,43.2,47.1,48.7,0.38,0.52,0.40
CSQR,2019-11-08 08:55:00 EST,43.32613,-76.10445,453,23.2,23.0,19.1,94.3,21.8,0.009,0.296,0.00,0.143,3.1,4.7,0.6,301,18,,,,,,3.1,4.7,0.6,301,18,13,29.74,,0,0,0,43.2,47.1,48.7,0.38,0.52,0.40
CSQR,2019-11-08 09:00:00 EST,43.32613,-76.10445,453,23.2,23.0,23.2,94.1,21.8,0.008,0.304,0.00,0.138,1.9,5.0,1.0,299,19,,,,,,1.9,5.0,1.0,299,19,14,29.74,,0,0,0,43.2,47.1,48.7,0.38,0.52,0.40
CSQR,2019-11-08 09:05:00 EST,43.32613,-76.10445,453,23.3,23.0,23.3,94.2,21.9,0.009,0.313,0.00,0.130,1.6,3.3,0.9,309,23,,,,,,1.6,3.3,0.9,309,23,22,29.74,,0,0,0,43.2,47.1,48.7,0.38,0.52,0.40
CSQR,2019-11-08 09:10:00 EST,43.32613,-76.10445,453,23.3,23.1,23.3,94.4,22.0,0.008,0.320,0.00,0.118,1.6,3.9,0.7,290,28,,,,,,1.6,3.9,0.7,290,28,31,29.74,,0,0,0,43.2,47.1,48.7,0.38,0.52,0.40
CSQR,2019-11-08 09:15:00 EST,43.32613,-76.10445,453,23.4,23.2,23.4,93.8,21.9,0.002,0.322,0.00,0.104,3.0,4.5,0.6,279,8,,,,,,3.0,4.5,0.6,279,8,38,29.74,,0,0,0,43.2,47.1,48.7,0.38,0.52,0.40
CSQR,2019-11-08 09:20:00 EST,43.32613,-76.10445,453,23.5,23.2,18.3,92.2,21.6,0.006,0.329,0.00,0.093,4.0,5.7,0.8,279,8,,,,,,4.0,5.7,0.8,279,8,20,29.75,,0,0,0,43.2,47.1,48.7,0.38,0.52,0.40
CSQR,2019-11-08 09:25:00 EST,43.32613,-76.10445,453,23.4,23.2,18.1,91.2,21.2,0.010,0.339,0.00,0.086,4.1,6.4,0.9,281,9,,,,,,4.1,6.4,0.9,281,9,19,29.75,7.6,0,0,0,43.2,47.1,48.7,0.38,0.52,0.40
CSQR,2019-11-08 09:30:00 EST,43.32613,-76.10445,453,23.5,23.3,18.5,91.4,21.4,0.004,0.343,0.00,0.077,3.8,5.7,0.7,270,11,,,,,,3.8,5.7,0.7,270,11,21,29.75,7.9,0,0,0,43.2,47.1,48.7,0.38,0.52,0.40
CSQR,2019-11-08 09:35:00 EST,43.32613,-76.10445,453,23.5,23.3,18.4,91.6,21.4,0.028,0.371,1.06,0.095,3.9,5.8,0.6,261,10,,,,,,3.9,5.8,0.6,261,10,21,29.75,8.0,0,0,0,43.2,47.1,48.7,0.38,0.52,0.40
CSQR,2019-11-08 09:40:00 EST,43.32613,-76.10445,453,23.7,23.4,18.8,92.2,21.7,0.005,0.376,0.00,0.094,3.7,4.8,0.5,269,9,,,,,,3.7,4.8,0.5,269,9,29,29.75,8.1,0,0,0,43.2,47.1,48.7,0.38,0.52,0.40
CSQR,2019-11-08 09:45:00 EST,43.32613,-76.10445,453,23.7,23.5,19.3,92.2,21.8,0.000,0.376,0.00,0.091,3.5,4.7,0.6,273,9,,,,,,3.5,4.7,0.6,273,9,29,29.75,8.2,0,0,0,43.2,47.1,48.7,0.38,0.52,0.40
CSQR,2019-11-08 09:50:00 EST,43.32613,-76.10445,453,23.8,23.6,19.5,91.4,21.7,0.000,0.376,0.00,0.089,3.4,4.7,0.5,284,7,,,,,,3.4,4.7,0.5,284,7,29,29.75,,0,0,0,43.2,47.1,48.7,0.38,0.52,0.40
CSQR,2019-11-08 09:55:00 EST,43.32613,-76.10445,453,24.0,23.8,19.7,90.9,21.7,0.008,0.384,0.00,0.088,3.4,4.7,0.5,282,10,,,,,,3.4,4.7,0.5,282,10,34,29.76,,0,0,0,43.2,47.1,48.7,0.38,0.52,0.40
CSQR,2019-11-08 10:00:00 EST,43.32613,-76.10445,453,24.3,24.0,24.3,90.1,21.8,0.000,0.384,0.00,0.080,3.0,6.8,1.5,287,16,,,,,,3.0,6.8,1.5,287,16,53,29.76,,0,0,0,43.2,47.1,48.7,0.38,0.52,0.40
CSQR,2019-11-08 10:05:00 EST,43.32613,-76.10445,453,24.5,24.3,20.3,89.0,21.7,0.017,0.402,1.02,0.089,3.3,6.0,1.1,284,28,,,,,,3.3,6.0,1.1,284,28,62,29.76,7.6,0,0,0,43.2,47.1,48.7,0.38,0.52,0.40
CSQR,2019-11-08 10:10:00 EST,43.32613,-76.10445,453,24.8,24.5,20.0,87.2,21.5,0.000,0.402,0.00,0.081,3.8,6.2,1.1,325,24,,,,,,3.8,6.2,1.1,325,24,66,29.76,,0,0,0,43.2,47.1,48.7,0.38,0.52,0.40
CSQR,2019-11-08 10:15:00 EST,43.32613,-76.10445,453,25.0,24.7,19.8,86.3,21.4,0.000,0.402,0.00,0.079,4.1,7.5,1.5,300,12,,,,,,4.1,7.5,1.5,300,12,93,29.76,,0,0,0,43.2,47.1,48.7,0.38,0.52,0.40
CSQR,2019-11-08 10:20:00 EST,43.32613,-76.10445,453,25.2,24.9,21.4,85.2,21.4,0.000,0.402,0.00,0.073,3.1,4.6,0.7,290,19,,,,,,3.1,4.6,0.7,290,19,73,29.76,8.1,0,0,0,43.2,47.1,48.7,0.38,0.52,0.40
CSQR,2019-11-08 10:25:00 EST,43.32613,-76.10445,453,25.4,25.2,25.4,82.9,20.9,0.000,0.402,0.00,0.063,2.6,5.0,0.7,300,26,,,,,,2.6,5.0,0.7,300,26,72,29.76,7.9,0,0,0,43.2,47.1,48.7,0.38,0.52,0.40
CSQR,2019-11-08 10:30:00 EST,43.32613,-76.10445,453,25.4,25.2,20.3,80.7,20.3,0.000,0.402,0.00,0.059,4.1,7.8,2.0,290,17,,,,,,4.1,7.8,2.0,290,17,51,29.76,8.3,0,0,0,43.2,47.1,48.7,0.38,0.52,0.40
CSQR,2019-11-08 10:35:00 EST,43.32613,-76.10445,453,25.4,25.2,20.2,82.0,20.7,0.000,0.402,0.00,0.031,4.2,6.5,1.0,298,16,,,,,,4.2,6.5,1.0,298,16,82,29.76,8.2,0,0,0,43.2,47.1,48.7,0.38,0.52,0.40
CSQR,2019-11-08 10:40:00 EST,43.32613,-76.10445,453,26.0,25.8,22.2,81.7,21.2,0.000,0.402,0.00,0.026,3.3,6.9,1.1,301,18,,,,,,3.3,6.9,1.1,301,18,160,29.76,8.2,0,0,0,43.2,47.1,48.7,0.38,0.52,0.40
CSQR,2019-11-08 10:45:00 EST,43.32613,-76.10445,453,26.6,26.3,26.6,77.4,20.5,0.000,0.402,0.00,0.026,2.7,5.2,1.1,309,18,,,,,,2.7,5.2,1.1,309,18,109,29.76,8.1,0,0,0,43.2,47.1,48.7,0.38,0.52,0.40
CSQR,2019-11-08 10:50:00 EST,43.32613,-76.10445,453,26.7,26.5,20.8,72.4,19.0,0.000,0.402,0.00,0.026,5.1,7.8,1.2,289,17,,,,,,5.1,7.8,1.2,289,17,96,29.76,8.0,0,0,0,43.2,47.1,48.7,0.38,0.52,0.40
CSQR,2019-11-08 10:55:00 EST,43.32613,-76.10445,453,26.8,26.6,18.2,73.9,19.6,0.000,0.402,0.00,0.017,8.5,17.6,3.5,285,16,,,,,,8.5,17.6,3.5,285,16,106,29.76,8.0,0,0,0,43.2,47.1,48.7,0.38,0.52,0.40
CSQR,2019-11-08 11:00:00 EST,43.32613,-76.10445,453,26.9,26.7,17.0,76.3,20.4,0.000,0.402,0.00,0.017,10.7,16.8,2.6,289,15,,,,,,10.7,16.8,2.6,289,15,243,29.76,8.0,0,0,0,43.2,47.1,48.7,0.38,0.52,0.40
CSQR,2019-11-08 11:05:00 EST,43.32613,-76.10445,453,26.8,26.6,16.6,76.3,20.4,0.000,0.402,0.00,0.000,11.4,15.3,1.8,283,12,,,,,,11.4,15.3,1.8,283,12,222,29.76,7.9,0,0,0,43.2,47.1,48.7,0.38,0.52,0.40
CSQR,2019-11-08 11:10:00 EST,43.32613,-76.10445,453,26.2,26.0,16.3,79.0,20.5,0.000,0.402,0.00,0.000,10.3,13.6,1.5,289,11,,,,,,10.3,13.6,1.5,289,11,222,29.76,7.9,0,0,0,43.2,47.1,48.7,0.39,0.52,0.40
CSQR,2019-11-08 11:15:00 EST,43.32613,-76.10445,453,25.8,25.6,15.7,81.8,21.0,0.000,0.402,0.00,0.000,10.7,18.0,2.8,297,17,,,,,,10.7,18.0,2.8,297,17,262,29.76,7.8,0,0,0,43.2,47.1,48.7,0.38,0.52,0.40
CSQR,2019-11-08 11:20:00 EST,43.32613,-76.10445,453,25.8,25.6,17.8,84.8,21.9,0.000,0.402,0.00,0.000,7.3,12.5,2.4,315,18,,,,,,7.3,12.5,2.4,315,18,324,29.76,7.7,0,0,0,43.2,47.1,48.7,0.38,0.52,0.40
CSQR,2019-11-08 11:25:00 EST,43.32613,-76.10445,453,26.1,26.0,19.1,85.8,22.5,0.000,0.402,0.00,0.000,6.2,11.1,1.6,321,18,,,,,,6.2,11.1,1.6,321,18,263,29.76,7.7,0,0,0,43.2,47.1,48.7,0.38,0.52,0.40
CSQR,2019-11-08 11:30:00 EST,43.32613,-76.10445,453,26.4,26.3,20.6,85.2,22.5,0.000,0.402,0.00,0.000,4.9,8.4,1.4,304,16,,,,,,4.9,8.4,1.4,304,16,142,29.76,7.7,0,0,0,43.2,47.1,48.7,0.38,0.52,0.40
CSQR,2019-11-08 11:35:00 EST,43.32613,-76.10445,453,26.8,26.7,18.3,81.9,22.0,0.000,0.402,0.00,0.000,8.3,13.6,2.3,289,13,,,,,,8.3,13.6,2.3,289,13,350,29.76,7.7,0,0,0,43.2,47.1,48.7,0.38,0.52,0.40
CSQR,2019-11-08 11:40:00 EST,43.32613,-76.10445,453,27.3,27.1,19.4,79.8,21.9,0.000,0.402,0.00,0.000,7.6,12.5,2.0,308,21,,,,,,7.6,12.5,2.0,308,21,536,29.76,7.7,0,0,0,43.2,47.1,48.7,0.38,0.52,0.40
CSQR,2019-11-08 11:45:00 EST,43.32613,-76.10445,453,27.5,27.3,17.3,76.0,20.9,0.000,0.402,0.00,0.000,11.5,18.9,3.4,286,12,,,,,,11.5,18.9,3.4,286,12,348,29.76,7.6,0,0,0,43.1,47.1,48.7,0.38,0.52,0.40
CSQR,2019-11-08 11:50:00 EST,43.32613,-76.10445,453,27.1,27.0,19.0,76.5,20.7,0.000,0.402,0.00,0.000,7.9,13.1,1.8,303,14,,,,,,7.9,13.1,1.8,303,14,281,29.76,7.6,0,0,0,43.1,47.1,48.7,0.38,0.52,0.40
CSQR,2019-11-08 11:55:00 EST,43.32613,-76.10445,453,26.8,26.7,17.3,79.1,21.2,0.000,0.402,0.00,0.000,10.0,17.5,2.8,318,14,,,,,,10.0,17.5,2.8,318,14,153,29.76,7.6,0,0,0,43.1,47.1,48.7,0.38,0.52,0.40
CSQR,2019-11-08 12:00:00 EST,43.32613,-76.10445,453,26.7,26.6,17.7,81.1,21.7,0.000,0.402,0.00,0.000,9.5,16.2,2.8,321,20,9.1,20.8,3.3,322,20,9.1,20.8,3.3,322,20,208,29.76,7.5,0,0,0,43.2,47.1,48.7,0.38,0.52,0.40
CSQR,2019-11-08 12:05:00 EST,43.32613,-76.10445,453,26.5,26.3,17.6,83.0,22.0,0.000,0.402,0.00,0.000,8.3,14.1,2.1,320,21,8.7,17.6,2.4,324,18,8.7,17.6,2.4,324,18,240,29.76,7.6,0,0,0,43.1,47.0,48.7,0.38,0.52,0.40
CSQR,2019-11-08 12:10:00 EST,43.32613,-76.10445,453,26.7,26.5,17.7,82.4,22.1,0.000,0.402,0.00,0.000,8.9,15.3,2.8,321,16,9.1,17.4,2.9,323,14,9.1,17.4,2.9,323,14,193,29.76,7.4,0,0,0,43.0,47.0,48.7,0.38,0.52,0.40
CSQR,2019-11-08 12:15:00 EST,43.32613,-76.10445,453,26.1,26.0,18.0,82.5,21.5,0.000,0.402,0.00,0.000,7.1,14.2,2.2,318,17,7.6,16.3,2.3,321,17,7.6,16.3,2.3,321,17,146,29.76,7.5,0,0,0,43.1,47.0,48.7,0.38,0.52,0.40
CSQR,2019-11-08 12:20:00 EST,43.32613,-76.10445,453,26.0,25.9,17.4,84.9,22.1,0.000,0.402,0.00,0.000,7.7,13.2,2.0,325,22,8.3,14.7,2.3,325,19,8.3,14.7,2.3,325,19,156,29.76,7.4,0,0,0,43.1,47.0,48.7,0.38,0.52,0.40
CSQR,2019-11-08 12:25:00 EST,43.32613,-76.10445,453,25.9,25.7,17.9,86.3,22.4,0.000,0.402,0.00,0.000,7.0,11.6,2.5,319,17,7.3,14.3,2.5,323,18,7.3,14.3,2.5,323,18,168,29.76,7.3,0,0,0,43.1,46.9,48.7,0.39,0.52,0.40
CSQR,2019-11-08 12:30:00 EST,43.32613,-76.10445,453,26.2,26.0,17.6,85.6,22.5,0.000,0.402,0.00,0.000,7.7,10.9,1.6,328,17,8.3,13.3,1.7,332,15,8.3,13.3,1.7,332,15,323,29.76,7.5,0,0,0,43.1,46.9,48.7,0.38,0.52,0.40
CSQR,2019-11-08 12:35:00 EST,43.32613,-76.10445,453,26.4,26.1,18.2,84.6,22.4,0.000,0.402,0.00,0.000,7.1,12.9,2.4,329,21,7.8,13.9,2.6,331,19,7.8,13.9,2.6,331,19,302,29.76,7.3,0,0,0,43.0,46.9,48.7,0.38,0.52,0.40
CSQR,2019-11-08 12:40:00 EST,43.32613,-76.10445,453,26.7,26.5,19.1,84.6,22.7,0.000,0.402,0.00,0.000,6.6,12.9,2.7,319,20,6.9,14.8,2.8,321,15,6.9,14.8,2.8,321,15,271,29.76,7.2,0,0,0,43.0,46.9,48.7,0.38,0.52,0.40
CSQR,2019-11-08 12:45:00 EST,43.32613,-76.10445,453,26.0,25.9,16.4,84.1,21.9,0.000,0.402,0.00,0.000,9.4,15.9,2.4,305,13,9.9,15.9,2.4,309,12,9.9,15.9,2.4,309,12,229,29.76,,0,0,0,43.0,46.9,48.7,0.38,0.52,0.40
CSQR,2019-11-08 12:50:00 EST,43.32613,-76.10445,453,25.8,25.6,16.8,85.6,22.0,0.000,0.402,0.00,0.000,7.8,12.4,1.7,298,15,8.6,14.7,2.0,300,13,8.6,14.7,2.0,300,13,273,29.76,,0,0,0,43.0,46.9,48.6,0.38,0.52,0.40
CSQR,2019-11-08 12:55:00 EST,43.32613,-76.10445,453,25.6,25.4,16.3,85.8,21.9,0.000,0.402,0.00,0.000,8.2,13.4,2.0,298,21,9.2,15.9,2.3,298,17,9.2,15.9,2.3,298,17,197,29.76,,0,0,0,43.0,46.9,48.6,0.38,0.52,0.40
CSQR,2019-11-08 13:00:00 EST,43.32613,-76.10445,453,26.2,26.1,17.1,83.5,21.9,0.000,0.402,0.00,0.000,8.3,13.4,2.2,293,12,9.1,15.9,2.5,295,11,9.1,15.9,2.5,295,11,303,29.76,,0,0,0,43.0,46.9,48.7,0.38,0.52,0.40
CSQR,2019-11-08 13:05:00 EST,43.32613,-76.10445,453,26.8,26.6,17.6,79.9,21.4,0.000,0.402,0.00,0.000,8.2,13.7,2.1,289,12,9.4,15.4,2.4,292,11,9.4,15.4,2.4,292,11,478,29.76,,0,0,0,43.0,46.9,48.6,0.38,0.52,0.40
CSQR,2019-11-08 13:10:00 EST,43.32613,-76.10445,453,27.3,27.1,17.8,76.8,20.9,0.000,0.402,0.00,0.000,9.0,14.5,2.0,290,13,10.1,15.7,2.4,292,11,10.1,15.7,2.4,292,11,471,29.76,6.9,0,0,0,43.0,46.9,48.6,0.38,0.52,0.40
CSQR,2019-11-08 13:15:00 EST,43.32613,-76.10445,453,27.4,27.2,17.4,75.4,20.7,0.000,0.402,0.00,0.000,9.7,14.0,2.1,284,10,11.3,17.3,2.6,288,7,11.3,17.3,2.6,288,7,476,29.76,6.9,0,0,0,43.0,46.9,48.6,0.39,0.52,0.40
CSQR,2019-11-08 13:20:00 EST,43.32613,-76.10445,453,27.8,27.6,18.6,73.6,20.5,0.000,0.402,0.00,0.000,8.4,11.8,1.8,281,14,9.8,15.3,2.3,284,13,9.8,15.3,2.3,284,13,504,29.76,6.9,0,0,0,43.0,46.9,48.6,0.39,0.52,0.40
CSQR,2019-11-08 13:25:00 EST,43.32613,-76.10445,453,28.1,27.9,19.1,72.0,20.2,0.000,0.402,0.00,0.000,8.7,13.0,2.1,293,22,9.7,17.0,2.6,297,22,9.7,17.0,2.6,297,22,470,29.76,6.8,0,0,0,43.0,46.9,48.6,0.39,0.52,0.40
CSQR,2019-11-08 13:30:00 EST,43.32613,-76.10445,453,28.0,27.8,18.3,70.7,19.7,0.000,0.402,0.00,0.000,9.3,13.4,2.0,271,12,11.0,16.7,2.3,276,9,11.0,16.7,2.3,276,9,493,29.76,6.6,0,0,0,43.0,46.9,48.6,0.39,0.52,0.40
CSQR,2019-11-08 13:35:00 EST,43.32613,-76.10445,453,27.9,27.7,18.9,69.0,19.0,0.000,0.402,0.00,0.000,8.2,12.7,1.7,281,15,9.5,15.9,2.3,285,14,9.5,15.9,2.3,285,14,409,29.76,6.5,0,0,0,43.0,46.9,48.6,0.39,0.52,0.40
CSQR,2019-11-08 13:40:00 EST,43.32613,-76.10445,453,28.2,28.1,20.1,69.4,19.5,0.000,0.402,0.00,0.000,7.2,10.7,1.7,289,19,8.2,12.9,1.8,291,17,8.2,12.9,1.8,291,17,434,29.76,6.2,0,0,0,43.0,46.9,48.6,0.39,0.52,0.40
CSQR,2019-11-08 13:45:00 EST,43.32613,-76.10445,453,28.1,27.9,19.9,70.6,19.8,0.000,0.402,0.00,0.000,7.4,11.0,1.5,284,16,8.3,13.1,1.7,286,14,8.3,13.1,1.7,286,14,441,29.76,6.1,0,0,0,43.0,46.9,48.6,0.39,0.52,0.40
CSQR,2019-11-08 13:50:00 EST,43.32613,-76.10445,453,28.1,27.8,18.0,70.7,19.8,0.000,0.402,0.00,0.000,9.9,16.2,2.8,271,13,11.6,19.4,3.4,275,10,11.6,19.4,3.4,275,10,465,29.76,5.7,0,0,0,43.0,46.9,48.6,0.39,0.52,0.40
CSQR,2019-11-08 13:55:00 EST,43.32613,-76.10445,453,28.2,28.0,19.1,70.7,19.9,0.000,0.402,0.00,0.000,8.4,11.6,1.5,277,15,9.9,14.2,2.0,281,14,9.9,14.2,2.0,281,14,429,29.76,5.7,0,0,0,43.0,46.9,48.6,0.39,0.52,0.40
CSQR,2019-11-08 14:00:00 EST,43.32613,-76.10445,453,28.2,28.0,18.3,68.0,18.9,0.000,0.402,0.00,0.000,10.0,14.2,1.9,283,11,11.4,18.4,2.4,287,11,11.4,18.4,2.4,287,11,387,29.75,5.8,0,0,0,43.0,46.9,48.6,0.39,0.52,0.40
CSQR,2019-11-08 14:05:00 EST,43.32613,-76.10445,453,28.2,28.0,18.8,66.9,18.6,0.000,0.402,0.00,0.000,9.0,13.3,1.5,279,14,10.3,15.8,1.9,283,11,10.3,15.8,1.9,283,11,431,29.75,5.8,0,0,0,43.0,46.9,48.6,0.39,0.52,0.40
CSQR,2019-11-08 14:10:00 EST,43.32613,-76.10445,453,28.0,27.8,17.9,67.3,18.6,0.000,0.402,0.00,0.000,9.9,15.9,2.3,270,13,11.8,19.1,2.9,273,10,11.8,19.1,2.9,273,10,288,29.75,5.8,0,0,0,43.0,46.9,48.6,0.39,0.52,0.40
CSQR,2019-11-08 14:15:00 EST,43.32613,-76.10445,453,27.9,27.7,17.9,69.2,19.1,0.000,0.402,0.00,0.000,10.1,18.0,2.6,285,12,11.5,21.2,3.1,287,11,11.5,21.2,3.1,287,11,276,29.75,5.9,0,0,0,43.0,46.9,48.6,0.39,0.52,0.40
CSQR,2019-11-08 14:20:00 EST,43.32613,-76.10445,453,27.8,27.7,18.0,69.5,19.1,0.000,0.402,0.00,0.000,10.1,14.8,2.4,288,11,11.1,16.6,2.6,292,9,11.1,16.6,2.6,292,9,210,29.76,5.8,0,0,0,43.0,46.9,48.6,0.39,0.52,0.40
CSQR,2019-11-08 14:25:00 EST,43.32613,-76.10445,453,27.7,27.6,20.9,70.4,19.3,0.000,0.402,0.00,0.000,5.6,8.8,1.8,288,10,6.3,9.9,2.0,291,10,6.3,9.9,2.0,291,10,250,29.76,5.8,0,0,0,43.0,46.9,48.6,0.39,0.52,0.40
CSQR,2019-11-08 14:30:00 EST,43.32613,-76.10445,453,28.1,27.9,21.1,68.3,19.0,0.000,0.402,0.00,0.000,5.8,10.3,1.7,284,12,6.6,12.3,1.8,286,10,6.6,12.3,1.8,286,10,295,29.76,5.8,0,0,0,43.0,46.9,48.6,0.39,0.52,0.40
CSQR,2019-11-08 14:35:00 EST,43.32613,-76.10445,453,28.3,28.1,20.9,68.2,19.1,0.000,0.402,0.00,0.000,6.5,16.8,2.6,301,23,7.1,18.4,2.8,304,23,7.1,18.4,2.8,304,23,149,29.76,5.8,0,0,0,43.0,46.9,48.6,0.39,0.52,0.40
CSQR,2019-11-08 14:40:00 EST,43.32613,-76.10445,453,27.0,26.8,17.4,74.2,19.9,0.000,0.402,0.00,0.000,10.1,17.4,2.6,315,12,10.3,17.4,2.7,318,11,10.3,17.4,2.7,318,11,104,29.76,5.6,0,0,0,43.0,46.9,48.6,0.39,0.52,0.40
CSQR,2019-11-08 14:45:00 EST,43.32613,-76.10445,453,26.8,26.7,19.7,77.3,20.7,0.000,0.402,0.00,0.000,5.9,9.2,1.3,307,19,6.4,11.1,1.3,308,17,6.4,11.1,1.3,308,17,147,29.76,5.6,0,0,0,43.0,46.9,48.6,0.39,0.52,0.40
CSQR,2019-11-08 14:50:00 EST,43.32613,-76.10445,453,27.1,27.0,20.2,76.4,20.7,0.000,0.402,0.00,0.000,5.9,10.7,1.8,316,17,6.2,11.3,2.2,320,17,6.2,11.3,2.2,320,17,119,29.76,5.6,0,0,0,43.0,46.9,48.6,0.39,0.52,0.40
CSQR,2019-11-08 14:55:00 EST,43.32613,-76.10445,453,27.0,26.8,18.9,77.8,21.0,0.000,0.402,0.00,0.000,7.7,10.4,1.3,314,14,7.8,10.8,1.4,318,13,7.8,10.8,1.4,318,13,125,29.76,5.5,0,0,0,43.0,46.9,48.6,0.39,0.52,0.40
CSQR,2019-11-08 15:00:00 EST,43.32613,-76.10445,453,27.2,27.0,20.2,77.1,20.9,0.000,0.402,0.00,0.000,5.9,9.1,1.1,292,15,6.3,10.1,1.3,296,15,6.3,10.1,1.3,296,15,78,29.76,5.5,0,0,0,43.0,46.9,48.6,0.39,0.52,0.40
CSQR,2019-11-08 15:05:00 EST,43.32613,-76.10445,453,26.9,26.8,18.8,79.1,21.3,0.000,0.402,0.00,0.000,7.3,11.0,1.5,308,18,7.7,12.0,1.5,309,16,7.7,12.0,1.5,309,16,66,29.77,5.5,0,0,0,43.0,46.9,48.6,0.39,0.52,0.40
CSQR,2019-11-08 15:10:00 EST,43.32613,-76.10445,453,26.7,26.6,21.5,81.4,21.8,0.000,0.402,0.00,0.000,4.1,6.4,0.8,314,21,4.4,7.5,1.1,318,19,4.4,7.5,1.1,318,19,87,29.77,5.6,0,0,0,43.0,46.9,48.6,0.39,0.52,0.40
CSQR,2019-11-08 15:15:00 EST,43.32613,-76.10445,453,27.1,27.0,20.2,80.4,21.9,0.000,0.402,0.00,0.000,5.9,9.6,1.5,308,15,6.3,9.6,1.5,311,15,6.3,9.6,1.5,311,15,89,29.77,5.4,0,0,0,43.0,46.9,48.6,0.39,0.52,0.40
CSQR,2019-11-08 15:20:00 EST,43.32613,-76.10445,453,27.1,26.9,18.5,79.0,21.4,0.000,0.402,0.00,0.000,7.7,11.8,2.0,288,12,8.5,13.0,2.3,291,10,8.5,13.0,2.3,291,10,103,29.77,5.2,0,0,0,43.0,46.9,48.6,0.39,0.52,0.40
CSQR,2019-11-08 15:25:00 EST,43.32613,-76.10445,453,27.0,26.8,20.4,81.2,22.0,0.000,0.402,0.00,0.000,5.2,9.7,1.5,280,16,5.8,10.7,1.5,284,15,5.8,10.7,1.5,284,15,117,29.77,5.5,0,0,0,43.0,46.9,48.6,0.39,0.52,0.40
CSQR,2019-11-08 15:30:00 EST,43.32613,-76.10445,453,27.0,26.9,22.1,81.4,22.1,0.000,0.402,0.00,0.000,3.8,6.4,1.0,293,21,4.2,7.4,1.3,296,21,4.2,7.4,1.3,296,21,101,29.77,5.5,0,0,0,43.0,46.9,48.6,0.39,0.52,0.40
CSQR,2019-11-08 15:35:00 EST,43.32613,-76.10445,453,27.2,27.0,22.6,80.5,22.0,0.000,0.402,0.00,0.000,3.9,9.6,1.7,314,14,3.9,10.3,1.7,318,15,3.9,10.3,1.7,318,15,62,29.77,5.4,0,0,0,43.0,46.9,48.6,0.39,0.52,0.40
CSQR,2019-11-08 15:40:00 EST,43.32613,-76.10445,453,27.2,27.0,22.6,80.6,22.0,0.000,0.402,0.00,0.000,3.6,5.7,1.0,310,13,3.9,6.8,1.1,314,12,3.9,6.8,1.1,314,12,58,29.77,5.2,0,0,0,43.0,46.9,48.6,0.39,0.52,0.40
CSQR,2019-11-08 15:45:00 EST,43.32613,-76.10445,453,26.8,26.7,22.1,82.5,22.2,0.000,0.402,0.00,0.000,3.6,5.8,0.9,278,16,4.0,6.4,1.0,280,16,4.0,6.4,1.0,280,16,39,29.77,5.2,0,0,0,43.0,46.9,48.6,0.39,0.52,0.40
CSQR,2019-11-08 15:50:00 EST,43.32613,-76.10445,453,26.7,26.6,20.1,83.8,22.5,0.000,0.402,0.00,0.000,5.4,7.5,0.8,287,8,5.9,8.1,0.9,290,8,5.9,8.1,0.9,290,8,54,29.77,5.1,0,0,0,43.0,46.9,48.6,0.39,0.52,0.40
CSQR,2019-11-08 15:55:00 EST,43.32613,-76.10445,453,26.7,26.6,21.5,84.6,22.7,0.000,0.402,0.00,0.000,4.1,5.6,0.7,289,12,4.4,7.0,0.9,292,12,4.4,7.0,0.9,292,12,72,29.77,5.3,0,0,0,43.0,46.9,48.6,0.39,0.52,0.40
CSQR,2019-11-08 16:00:00 EST,43.32613,-76.10445,453,26.6,26.5,22.5,86.1,23.1,0.000,0.402,0.00,0.000,3.3,6.6,1.5,296,16,3.5,7.1,1.7,299,17,3.5,7.1,1.7,299,17,65,29.77,5.3,0,0,0,43.0,46.9,48.6,0.39,0.52,0.40
CSQR,2019-11-08 16:05:00 EST,43.32613,-76.10445,453,26.6,26.5,26.6,87.4,23.4,0.000,0.402,0.00,0.000,2.2,4.4,0.9,335,28,2.7,5.3,1.0,339,25,2.7,5.3,1.0,339,25,46,29.77,5.4,0,0,0,42.9,46.9,48.6,0.39,0.52,0.40
CSQR,2019-11-08 16:10:00 EST,43.32613,-76.10445,453,26.5,26.4,26.5,87.8,23.4,0.000,0.402,0.00,0.000,1.8,4.0,0.8,333,26,2.1,4.8,0.9,339,24,2.1,4.8,0.9,339,24,50,29.77,5.4,0,0,0,42.9,46.9,48.6,0.39,0.52,0.40
CSQR,2019-11-08 16:15:00 EST,43.32613,-76.10445,453,26.8,26.6,26.8,87.5,23.5,0.000,0.402,0.00,0.000,1.9,3.1,0.5,304,23,2.1,3.6,0.6,307,22,2.1,3.6,0.6,307,22,58,29.77,5.5,0,0,0,42.9,46.9,48.6,0.39,0.52,0.40
CSQR,2019-11-08 16:20:00 EST,43.32613,-76.10445,453,26.8,26.7,26.8,86.8,23.4,0.000,0.402,0.00,0.000,1.7,2.6,0.5,280,18,2.0,3.2,0.6,285,17,2.0,3.2,0.6,285,17,66,29.77,5.3,0,0,0,42.9,46.9,48.6,0.39,0.52,0.40
CSQR,2019-11-08 16:25:00 EST,43.32613,-76.10445,453,26.9,26.8,26.9,86.1,23.4,0.000,0.402,0.00,0.000,1.7,3.4,0.8,312,16,1.7,3.8,0.7,316,17,1.7,3.8,0.7,316,17,63,29.78,5.3,0,0,0,42.9,46.8,48.6,0.39,0.52,0.40
CSQR,2019-11-08 16:30:00 EST,43.32613,-76.10445,453,27.2,27.0,27.2,86.1,23.6,0.000,0.402,0.00,0.000,0.8,3.7,0.9,347,33,1.1,5.2,1.1,4,35,1.1,5.2,1.1,4,35,30,29.78,5.1,0,0,0,42.8,46.8,48.6,0.39,0.52,0.40
CSQR,2019-11-08 16:35:00 EST,43.32613,-76.10445,453,26.9,26.8,26.9,85.2,23.1,0.000,0.402,0.00,0.000,1.5,4.2,0.8,353,31,1.7,4.1,0.9,358,35,1.7,4.1,0.9,358,35,11,29.78,5.3,0,0,0,42.8,46.8,48.6,0.39,0.52,0.40
CSQR,2019-11-08 16:40:00 EST,43.32613,-76.10445,453,26.6,26.6,26.6,85.8,22.9,0.000,0.402,0.00,0.000,0.8,2.3,0.5,21,63,1.1,2.3,0.6,38,51,1.1,2.3,0.6,38,51,6,29.78,5.2,0,0,0,42.8,46.8,48.6,0.39,0.52,0.40
CSQR,2019-11-08 16:45:00 EST,43.32613,-76.10445,453,26.5,26.4,26.5,87.2,23.2,0.000,0.402,0.00,0.000,1.3,2.8,0.7,329,21,1.7,3.8,0.8,334,26,1.7,3.8,0.8,334,26,3,29.78,5.3,0,0,0,42.8,46.8,48.6,0.39,0.52,0.40
CSQR,2019-11-08 16:50:00 EST,43.32613,-76.10445,453,26.5,26.4,26.5,88.9,23.7,0.004,0.406,0.00,0.004,2.5,3.9,0.5,328,12,2.8,4.4,0.8,332,13,2.8,4.4,0.8,332,13,2,29.78,5.1,0,0,0,42.8,46.8,48.6,0.39,0.52,0.40
CSQR,2019-11-08 16:55:00 EST,43.32613,-76.10445,453,26.4,26.2,26.4,90.4,24.0,0.006,0.411,0.00,0.009,1.7,2.7,0.4,325,14,1.8,2.6,0.5,332,15,1.8,2.6,0.5,332,15,2,29.79,,0,0,0,42.8,46.8,48.6,0.39,0.52,0.40
CSQR,2019-11-08 17:00:00 EST,43.32613,-76.10445,453,26.2,26.0,26.2,91.3,24.0,0.000,0.411,0.00,0.009,0.4,1.4,0.4,320,10,0.6,2.1,0.6,330,15,0.6,2.1,0.6,330,15,1,29.79,6.0,0,0,0,42.8,46.8,48.6,0.39,0.52,0.40
CSQR,2019-11-08 17:05:00 EST,43.32613,-76.10445,453,26.0,26.1,26.0,91.8,24.0,0.000,0.411,0.00,0.009,1.3,2.0,0.3,260,16,1.6,2.5,0.3,264,18,1.6,2.5,0.3,264,18,0,29.79,,0,0,0,42.8,46.8,48.6,0.39,0.52,0.40
CSQR,2019-11-08 17:10:00 EST,43.32613,-76.10445,453,25.9,26.0,25.9,92.3,24.0,0.000,0.411,0.00,0.009,2.2,3.5,0.6,252,9,2.6,4.2,0.8,254,11,2.6,4.2,0.8,254,11,0,29.79,,0,0,0,42.8,46.8,48.6,0.39,0.52,0.40
CSQR,2019-11-08 17:15:00 EST,43.32613,-76.10445,453,25.9,25.9,25.9,92.8,24.1,0.004,0.415,0.00,0.014,1.9,4.0,1.0,269,20,2.1,5.1,1.3,273,20,2.1,5.1,1.3,273,20,0,29.79,,0,0,0,42.8,46.8,48.6,0.39,0.52,0.40
CSQR,2019-11-08 17:20:00 EST,43.32613,-76.10445,453,26.0,25.9,26.0,93.2,24.3,0.002,0.417,0.00,0.015,0.8,1.7,0.4,266,15,1.0,1.8,0.4,272,18,1.0,1.8,0.4,272,18,0,29.79,,0,0,0,42.8,46.8,48.6,0.39,0.52,0.40
CSQR,2019-11-08 17:25:00 EST,43.32613,-76.10445,453,25.7,25.7,25.7,93.4,24.1,0.000,0.417,0.00,0.015,0.0,0.5,0.1,226,8,0.1,0.9,0.3,204,7,0.1,0.9,0.3,204,7,0,29.79,,0,0,0,42.8,46.8,48.5,0.39,0.52,0.40
CSQR,2019-11-08 17:30:00 EST,43.32613,-76.10445,453,25.7,25.7,25.7,93.8,24.2,0.000,0.417,0.00,0.015,0.1,0.5,0.1,201,0,0.1,0.8,0.2,212,3,0.1,0.8,0.2,212,3,0,29.79,,0,0,0,42.8,46.8,48.6,0.39,0.52,0.40
CSQR,2019-11-08 17:35:00 EST,43.32613,-76.10445,453,25.7,25.7,25.7,94.0,24.2,0.000,0.417,0.00,0.015,0.0,0.0,0.0,0,0,0.2,0.9,0.3,281,6,0.2,0.9,0.3,281,6,0,29.80,,0,0,0,42.8,46.8,48.5,0.39,0.52,0.40
CSQR,2019-11-08 17:40:00 EST,43.32613,-76.10445,453,25.6,25.7,25.6,94.1,24.2,0.000,0.417,0.00,0.015,0.0,0.0,0.0,0,0,0.0,0.8,0.1,37,5,0.0,0.8,0.1,37,5,0,29.80,,0,0,0,42.8,46.8,48.5,0.39,0.52,0.40
CSQR,2019-11-08 17:45:00 EST,43.32613,-76.10445,453,25.8,25.8,25.8,94.3,24.3,0.000,0.417,0.00,0.015,0.1,0.9,0.3,314,7,0.2,1.2,0.4,8,23,0.2,1.2,0.4,8,23,0,29.80,6.0,0,0,0,42.8,46.8,48.5,0.39,0.52,0.40
CSQR,2019-11-08 17:50:00 EST,43.32613,-76.10445,453,25.6,25.8,25.6,94.3,24.2,0.007,0.424,0.00,0.019,0.6,1.5,0.6,85,2,1.0,1.6,0.6,83,7,1.0,1.6,0.6,83,7,0,29.80,5.8,0,0,0,42.8,46.8,48.5,0.39,0.52,0.40
CSQR,2019-11-08 17:55:00 EST,43.32613,-76.10445,453,25.5,25.7,25.5,94.4,24.1,0.000,0.424,0.00,0.013,1.3,1.7,0.2,103,7,1.5,2.0,0.2,106,7,1.5,2.0,0.2,106,7,0,29.80,5.6,0,0,0,42.8,46.8,48.4,0.39,0.52,0.40
CSQR,2019-11-08 18:00:00 EST,43.32613,-76.10445,453,25.4,25.7,25.4,94.7,24.1,0.000,0.424,0.00,0.013,1.6,2.0,0.2,107,4,1.8,2.2,0.2,106,6,1.8,2.2,0.2,106,6,0,29.80,5.8,0,0,0,42.8,46.8,48.4,0.39,0.52,0.40
CSQR,2019-11-08 18:05:00 EST,43.32613,-76.10445,453,25.5,25.6,25.5,95.2,24.3,0.000,0.424,0.00,0.013,0.9,1.5,0.3,99,0,1.2,1.7,0.3,101,7,1.2,1.7,0.3,101,7,0,29.80,5.7,0,0,0,42.8,46.8,48.4,0.39,0.52,0.40
CSQR,2019-11-08 18:10:00 EST,43.32613,-76.10445,453,25.6,25.7,25.6,95.4,24.4,0.000,0.424,0.00,0.013,0.4,0.7,0.2,99,0,0.8,1.2,0.4,79,6,0.8,1.2,0.4,79,6,0,29.80,,0,0,0,42.8,46.8,48.4,0.39,0.52,0.40
CSQR,2019-11-08 18:15:00 EST,43.32613,-76.10445,453,25.6,25.7,25.6,95.4,24.5,0.000,0.424,0.00,0.009,0.8,1.4,0.5,99,0,1.2,1.7,0.5,97,7,1.2,1.7,0.5,97,7,0,29.80,,0,0,0,42.8,46.8,48.4,0.39,0.52,0.40
CSQR,2019-11-08 18:20:00 EST,43.32613,-76.10445,453,25.6,25.6,25.6,95.4,24.5,0.000,0.424,0.00,0.007,1.5,2.0,0.2,114,13,1.5,1.8,0.2,119,12,1.5,1.8,0.2,119,12,0,29.80,,0,0,0,42.8,46.8,48.4,0.39,0.52,0.40
CSQR,2019-11-08 18:25:00 EST,43.32613,-76.10445,453,24.9,25.4,24.9,95.2,23.7,0.000,0.424,0.00,0.007,2.4,2.8,0.2,152,9,2.3,3.2,0.6,161,11,2.3,3.2,0.6,161,11,0,29.80,5.0,0,0,0,42.8,46.8,48.4,0.39,0.52,0.40
CSQR,2019-11-08 18:30:00 EST,43.32613,-76.10445,453,24.3,25.4,24.3,94.7,23.0,0.000,0.424,0.00,0.007,1.8,2.4,0.3,156,7,1.8,2.8,0.4,162,11,1.8,2.8,0.4,162,11,0,29.81,5.2,0,0,0,42.8,46.8,48.4,0.39,0.52,0.40
CSQR,2019-11-08 18:35:00 EST,43.32613,-76.10445,453,24.6,25.3,24.6,95.5,23.5,0.000,0.424,0.00,0.007,1.8,2.3,0.2,149,7,1.6,2.7,0.4,156,11,1.6,2.7,0.4,156,11,0,29.81,5.2,0,0,0,42.8,46.8,48.4,0.39,0.52,0.40
CSQR,2019-11-08 18:40:00 EST,43.32613,-76.10445,453,24.4,25.1,24.4,95.7,23.3,0.000,0.424,0.00,0.007,1.7,2.3,0.3,162,3,2.0,2.7,0.3,170,4,2.0,2.7,0.3,170,4,0,29.81,5.1,0,0,0,42.8,46.8,48.4,0.39,0.52,0.40
CSQR,2019-11-08 18:45:00 EST,43.32613,-76.10445,453,24.6,25.1,24.6,95.9,23.6,0.004,0.428,0.00,0.011,1.5,2.3,0.4,159,1,1.7,2.5,0.4,168,4,1.7,2.5,0.4,168,4,0,29.81,5.0,0,0,0,42.8,46.8,48.4,0.39,0.52,0.40
CSQR,2019-11-08 18:50:00 EST,43.32613,-76.10445,453,24.7,25.1,24.7,96.2,23.8,0.000,0.428,0.00,0.004,1.2,1.8,0.3,147,13,1.2,2.0,0.3,145,19,1.2,2.0,0.3,145,19,0,29.81,4.9,0,0,0,42.8,46.8,48.4,0.39,0.52,0.40
CSQR,2019-11-08 18:55:00 EST,43.32613,-76.10445,453,24.9,25.1,24.9,96.5,24.0,0.000,0.428,0.00,0.004,1.4,1.9,0.2,118,9,1.4,1.9,0.3,118,12,1.4,1.9,0.3,118,12,0,29.81,4.9,0,0,0,42.8,46.8,48.4,0.39,0.52,0.40
CSQR,2019-11-08 19:00:00 EST,43.32613,-76.10445,453,24.9,25.1,24.9,96.6,24.1,0.000,0.428,0.00,0.004,1.6,2.1,0.3,112,7,1.7,2.1,0.2,113,9,1.7,2.1,0.2,113,9,0,29.81,5.0,0,0,0,42.8,46.8,48.4,0.39,0.52,0.40
CSQR,2019-11-08 19:05:00 EST,43.32613,-76.10445,453,23.9,24.8,23.9,96.4,23.0,0.000,0.428,0.00,0.004,2.5,2.9,0.2,152,12,2.2,3.3,0.6,160,15,2.2,3.3,0.6,160,15,0,29.81,5.2,0,0,0,42.8,46.8,48.4,0.39,0.52,0.40
CSQR,2019-11-08 19:10:00 EST,43.32613,-76.10445,453,23.1,24.6,19.1,95.8,22.1,0.000,0.428,0.00,0.004,3.0,3.6,0.3,175,10,3.1,3.8,0.3,181,9,3.1,3.8,0.3,181,9,0,29.81,5.4,0,0,0,42.8,46.8,48.4,0.39,0.52,0.40
CSQR,2019-11-08 19:15:00 EST,43.32613,-76.10445,453,23.4,24.3,23.4,96.3,22.5,0.000,0.428,0.00,0.004,2.4,3.1,0.4,156,10,2.2,3.4,0.4,162,13,2.2,3.4,0.4,162,13,0,29.81,5.4,0,0,0,42.8,46.8,48.4,0.39,0.52,0.40
CSQR,2019-11-08 19:20:00 EST,43.32613,-76.10445,453,23.8,24.4,23.8,97.0,23.1,0.000,0.428,0.00,0.004,2.1,3.1,0.3,140,5,1.6,2.8,0.3,142,7,1.6,2.8,0.3,142,7,0,29.81,5.4,0,0,0,42.8,46.8,48.4,0.39,0.52,0.40
CSQR,2019-11-08 19:25:00 EST,43.32613,-76.10445,453,23.5,24.3,23.5,97.0,22.8,0.000,0.428,0.00,0.004,2.3,2.7,0.3,127,9,1.9,2.9,0.4,128,9,1.9,2.9,0.4,128,9,0,29.81,5.5,0,0,0,42.8,46.8,48.4,0.39,0.52,0.40
CSQR,2019-11-08 19:30:00 EST,43.32613,-76.10445,453,23.8,24.6,23.8,97.2,23.1,0.000,0.428,0.00,0.004,2.5,3.7,0.3,116,6,2.4,3.3,0.4,119,8,2.4,3.3,0.4,119,8,0,29.81,5.4,0,0,0,42.8,46.8,48.4,0.39,0.52,0.40
CSQR,2019-11-08 19:35:00 EST,43.32613,-76.10445,453,23.9,24.4,23.9,97.1,23.2,0.000,0.428,0.00,0.004,2.4,3.4,0.4,129,5,1.7,2.7,0.4,132,5,1.7,2.7,0.4,132,5,0,29.81,5.3,0,0,0,42.8,46.8,48.4,0.39,0.52,0.40
CSQR,2019-11-08 19:40:00 EST,43.32613,-76.10445,453,23.6,24.3,23.6,96.7,22.8,0.000,0.428,0.00,0.004,1.7,2.6,0.3,132,8,1.4,2.1,0.2,132,8,1.4,2.1,0.2,132,8,0,29.81,5.4,0,0,0,42.8,46.8,48.4,0.39,0.52,0.40
CSQR,2019-11-08 19:45:00 EST,43.32613,-76.10445,453,23.6,24.3,23.6,96.6,22.7,0.000,0.428,0.00,0.000,2.0,3.2,0.4,122,15,1.8,3.0,0.5,123,15,1.8,3.0,0.5,123,15,0,29.81,5.5,0,0,0,42.8,46.8,48.4,0.39,0.52,0.40
CSQR,2019-11-08 19:50:00 EST,43.32613,-76.10445,453,23.9,24.5,23.9,96.5,23.0,0.000,0.428,0.00,0.000,1.8,2.6,0.3,125,14,1.6,3.4,0.5,127,16,1.6,3.4,0.5,127,16,0,29.81,5.4,0,0,0,42.8,46.8,48.4,0.39,0.52,0.40
CSQR,2019-11-08 19:55:00 EST,43.32613,-76.10445,453,23.6,24.4,23.6,95.8,22.6,0.000,0.428,0.00,0.000,2.0,2.8,0.5,116,15,2.0,3.2,0.5,116,15,2.0,3.2,0.5,116,15,0,29.81,5.4,0,0,0,42.8,46.8,48.4,0.39,0.52,0.40
CSQR,2019-11-08 20:00:00 EST,43.32613,-76.10445,453,23.4,24.4,23.4,94.9,22.1,0.000,0.428,0.00,0.000,2.8,3.5,0.4,123,12,2.4,4.1,0.5,125,12,2.4,4.1,0.5,125,12,0,29.81,5.5,0,0,0,42.8,46.8,48.4,0.39,0.52,0.40
CSQR,2019-11-08 20:05:00 EST,43.32613,-76.10445,453,23.2,24.1,23.2,94.5,21.9,0.000,0.428,0.00,0.000,1.7,3.0,0.6,136,18,1.6,2.9,0.5,141,19,1.6,2.9,0.5,141,19,0,29.81,5.4,0,0,0,42.8,46.8,48.4,0.39,0.52,0.40
CSQR,2019-11-08 20:10:00 EST,43.32613,-76.10445,453,23.5,24.1,23.5,94.5,22.2,0.000,0.428,0.00,0.000,1.6,5.7,1.3,173,21,1.7,6.6,1.4,176,22,1.7,6.6,1.4,176,22,0,29.81,5.4,0,0,0,42.8,46.8,48.4,0.39,0.52,0.40
CSQR,2019-11-08 20:15:00 EST,43.32613,-76.10445,453,23.0,23.7,23.0,93.3,21.4,0.000,0.428,0.00,0.000,1.2,3.4,0.8,184,49,1.2,3.2,0.8,196,42,1.2,3.2,0.8,196,42,0,29.81,5.5,0,0,0,42.8,46.8,48.4,0.40,0.52,0.40
CSQR,2019-11-08 20:20:00 EST,43.32613,-76.10445,453,22.6,24.1,22.6,93.6,21.0,0.000,0.428,0.00,0.000,1.1,2.8,0.8,206,14,1.3,3.2,0.7,207,19,1.3,3.2,0.7,207,19,0,29.81,5.3,0,0,0,42.8,46.8,48.4,0.40,0.52,0.40
CSQR,2019-11-08 20:25:00 EST,43.32613,-76.10445,453,22.6,24.2,22.6,93.7,21.1,0.000,0.428,0.00,0.000,1.4,2.8,0.6,238,14,1.5,3.4,0.6,243,19,1.5,3.4,0.6,243,19,0,29.81,5.6,0,0,0,42.8,46.8,48.4,0.39,0.52,0.40
CSQR,2019-11-08 20:30:00 EST,43.32613,-76.10445,453,23.5,24.0,23.5,95.0,22.3,0.000,0.428,0.00,0.000,1.5,3.0,0.9,246,19,1.6,3.4,0.9,248,19,1.6,3.4,0.9,248,19,0,29.81,5.5,0,0,0,42.8,46.8,48.4,0.39,0.52,0.40
CSQR,2019-11-08 20:35:00 EST,43.32613,-76.10445,453,23.0,23.8,23.0,95.2,21.8,0.000,0.428,0.00,0.000,1.7,3.1,0.6,257,18,1.9,3.8,0.7,260,19,1.9,3.8,0.7,260,19,0,29.81,,0,0,0,42.8,46.8,48.4,0.39,0.52,0.40
CSQR,2019-11-08 20:40:00 EST,43.32613,-76.10445,453,22.3,23.4,22.3,94.6,20.9,0.000,0.428,0.00,0.000,0.7,2.5,0.7,242,8,0.7,2.5,0.7,245,10,0.7,2.5,0.7,245,10,0,29.81,5.4,0,0,0,42.8,46.8,48.4,0.39,0.52,0.40
CSQR,2019-11-08 20:45:00 EST,43.32613,-76.10445,453,22.3,23.3,22.3,94.3,20.9,0.000,0.428,0.00,0.000,1.5,3.1,0.7,248,15,1.7,4.0,0.8,251,19,1.7,4.0,0.8,251,19,0,29.81,,0,0,0,42.8,46.8,48.4,0.40,0.52,0.40
CSQR,2019-11-08 20:50:00 EST,43.32613,-76.10445,453,22.0,23.0,22.0,95.0,20.8,0.000,0.428,0.00,0.000,3.0,5.0,0.7,238,13,2.9,5.9,0.9,242,13,2.9,5.9,0.9,242,13,0,29.81,,0,0,0,42.8,46.8,48.4,0.39,0.52,0.40
CSQR,2019-11-08 20:55:00 EST,43.32613,-76.10445,453,22.4,23.3,22.4,95.4,21.3,0.000,0.428,0.00,0.000,2.7,5.6,0.9,232,19,2.6,5.8,0.9,234,17,2.6,5.8,0.9,234,17,0,29.81,,0,0,0,42.8,46.8,48.4,0.39,0.52,0.40
CSQR,2019-11-08 21:00:00 EST,43.32613,-76.10445,453,22.4,23.4,18.4,95.3,21.3,0.000,0.428,0.00,0.000,3.0,6.8,1.0,242,19,3.0,7.5,1.2,244,18,3.0,7.5,1.2,244,18,0,29.81,,0,0,0,42.8,46.8,48.4,0.39,0.52,0.40
CSQR,2019-11-08 21:05:00 EST,43.32613,-76.10445,453,22.9,23.5,22.9,95.6,21.8,0.000,0.428,0.00,0.000,2.0,5.0,0.9,238,20,2.0,5.9,1.1,240,17,2.0,5.9,1.1,240,17,0,29.81,,0,0,0,42.8,46.8,48.4,0.39,0.52,0.40
CSQR,2019-11-08 21:10:00 EST,43.32613,-76.10445,453,22.6,23.5,22.6,95.4,21.4,0.000,0.428,0.00,0.000,1.1,2.8,0.6,171,42,1.2,2.7,0.7,170,41,1.2,2.7,0.7,170,41,0,29.81,5.5,0,0,0,42.8,46.8,48.4,0.39,0.52,0.40
CSQR,2019-11-08 21:15:00 EST,43.32613,-76.10445,453,22.2,23.4,22.2,95.5,21.2,0.000,0.428,0.00,0.000,1.1,1.8,0.5,97,17,1.3,2.6,0.6,92,16,1.3,2.6,0.6,92,16,0,29.81,5.6,0,0,0,42.8,46.7,48.4,0.40,0.52,0.40
CSQR,2019-11-08 21:20:00 EST,43.32613,-76.10445,453,21.9,23.2,21.9,95.0,20.7,0.000,0.428,0.00,0.000,1.7,2.7,0.4,78,22,1.9,3.1,0.4,80,20,1.9,3.1,0.4,80,20,0,29.81,5.5,0,0,0,42.8,46.7,48.4,0.40,0.52,0.40
CSQR,2019-11-08 21:25:00 EST,43.32613,-76.10445,453,22.4,23.5,22.4,95.7,21.4,0.000,0.428,0.00,0.000,0.9,2.4,0.6,56,33,1.2,3.3,0.8,60,25,1.2,3.3,0.8,60,25,0,29.81,5.5,0,0,0,42.8,46.7,48.4,0.40,0.52,0.40
CSQR,2019-11-08 21:30:00 EST,43.32613,-76.10445,453,22.6,23.4,22.6,95.5,21.5,0.000,0.428,0.00,0.000,1.2,2.9,0.7,349,28,1.5,3.3,0.7,2,27,1.5,3.3,0.7,2,27,0,29.81,5.0,0,0,0,42.8,46.7,48.4,0.40,0.52,0.40
CSQR,2019-11-08 21:35:00 EST,43.32613,-76.10445,453,23.2,23.9,23.2,95.6,22.1,0.000,0.428,0.00,0.000,0.9,2.0,0.6,317,40,1.1,2.4,0.7,320,44,1.1,2.4,0.7,320,44,0,29.82,,0,0,0,42.8,46.6,48.4,0.40,0.52,0.40
CSQR,2019-11-08 21:40:00 EST,43.32613,-76.10445,453,23.5,24.0,23.5,95.8,22.5,0.000,0.428,0.00,0.000,0.5,3.5,0.8,268,17,0.8,4.7,1.0,290,45,0.8,4.7,1.0,290,45,0,29.82,,0,0,0,42.8,46.6,48.4,0.40,0.52,0.40
CSQR,2019-11-08 21:45:00 EST,43.32613,-76.10445,453,23.1,23.7,23.1,95.1,21.9,0.000,0.428,0.00,0.000,1.4,3.4,0.7,197,39,1.4,4.4,0.7,193,39,1.4,4.4,0.7,193,39,0,29.81,,0,0,0,42.8,46.6,48.4,0.40,0.52,0.40
CSQR,2019-11-08 21:50:00 EST,43.32613,-76.10445,453,23.4,23.8,23.4,95.2,22.2,0.000,0.428,0.00,0.000,1.6,3.1,0.6,166,22,1.7,3.6,0.6,172,24,1.7,3.6,0.6,172,24,0,29.81,,0,0,0,42.8,46.6,48.4,0.40,0.52,0.40
CSQR,2019-11-08 21:55:00 EST,43.32613,-76.10445,453,24.2,24.4,24.2,95.8,23.1,0.000,0.428,0.00,0.000,2.8,4.5,0.7,190,24,2.9,5.0,0.8,195,21,2.9,5.0,0.8,195,21,0,29.81,,0,0,0,42.8,46.6,48.4,0.40,0.52,0.40
CSQR,2019-11-08 22:00:00 EST,43.32613,-76.10445,453,24.3,24.6,24.3,95.5,23.2,0.000,0.428,0.00,0.000,2.2,3.4,0.5,179,12,2.3,3.8,0.6,185,12,2.3,3.8,0.6,185,12,0,29.81,,0,0,0,42.8,46.6,48.4,0.40,0.52,0.40
CSQR,2019-11-08 22:05:00 EST,43.32613,-76.10445,453,24.2,24.7,24.2,95.0,23.0,0.000,0.428,0.00,0.000,2.1,3.1,0.4,167,17,2.3,3.8,0.5,174,17,2.3,3.8,0.5,174,17,0,29.81,,0,0,0,42.8,46.6,48.4,0.40,0.52,0.40
CSQR,2019-11-08 22:10:00 EST,43.32613,-76.10445,453,24.1,24.6,24.1,95.0,22.9,0.000,0.428,0.00,0.000,1.4,2.0,0.4,155,11,1.4,2.3,0.4,158,14,1.4,2.3,0.4,158,14,0,29.81,,0,0,0,42.8,46.6,48.4,0.40,0.52,0.40
CSQR,2019-11-08 22:15:00 EST,43.32613,-76.10445,453,24.0,24.6,24.0,94.9,22.8,0.000,0.428,0.00,0.000,0.6,1.6,0.5,175,14,0.6,2.4,0.6,167,16,0.6,2.4,0.6,167,16,0,29.81,,0,0,0,42.8,46.6,48.4,0.40,0.52,0.40
CSQR,2019-11-08 22:20:00 EST,43.32613,-76.10445,453,24.2,24.6,24.2,95.0,22.9,0.000,0.428,0.00,0.000,0.5,0.9,0.2,162,13,0.6,1.3,0.4,157,18,0.6,1.3,0.4,157,18,0,29.81,,0,0,0,42.8,46.6,48.4,0.40,0.52,0.40
CSQR,2019-11-08 22:25:00 EST,43.32613,-76.10445,453,24.4,24.7,24.4,95.2,23.2,0.000,0.428,0.00,0.000,0.4,1.7,0.5,117,11,0.6,2.1,0.6,106,10,0.6,2.1,0.6,106,10,0,29.81,,0,0,0,42.8,46.6,48.4,0.40,0.52,0.40
CSQR,2019-11-08 22:30:00 EST,43.32613,-76.10445,453,24.5,24.7,24.5,95.1,23.3,0.000,0.428,0.00,0.000,1.5,2.3,0.3,119,12,1.5,2.7,0.4,118,10,1.5,2.7,0.4,118,10,0,29.81,,0,0,0,42.8,46.6,48.4,0.40,0.52,0.40
CSQR,2019-11-08 22:35:00 EST,43.32613,-76.10445,453,24.6,24.9,24.6,94.8,23.3,0.000,0.428,0.00,0.000,1.5,2.0,0.4,102,16,1.6,2.5,0.6,100,16,1.6,2.5,0.6,100,16,0,29.81,,0,0,0,42.8,46.6,48.4,0.40,0.52,0.40
CSQR,2019-11-08 22:40:00 EST,43.32613,-76.10445,453,24.6,24.8,24.6,94.2,23.1,0.000,0.428,0.00,0.000,1.5,2.2,0.2,97,11,1.8,2.5,0.3,97,12,1.8,2.5,0.3,97,12,0,29.80,,0,0,0,42.8,46.6,48.4,0.40,0.52,0.40
CSQR,2019-11-08 22:45:00 EST,43.32613,-76.10445,453,24.5,24.8,24.5,94.0,23.0,0.000,0.428,0.00,0.000,1.7,2.9,0.6,109,17,1.8,3.4,0.6,108,18,1.8,3.4,0.6,108,18,0,29.80,5.5,0,0,0,42.8,46.6,48.3,0.40,0.52,0.40
CSQR,2019-11-08 22:50:00 EST,43.32613,-76.10445,453,24.3,24.8,24.3,93.3,22.7,0.000,0.428,0.00,0.000,1.4,3.3,0.7,174,24,1.5,3.3,0.8,178,28,1.5,3.3,0.8,178,28,0,29.81,,0,0,0,42.8,46.6,48.3,0.40,0.52,0.40
CSQR,2019-11-08 22:55:00 EST,43.32613,-76.10445,453,24.5,24.8,24.5,93.0,22.8,0.000,0.428,0.00,0.000,1.7,3.0,0.4,194,15,1.7,3.5,0.7,196,14,1.7,3.5,0.7,196,14,0,29.81,5.5,0,0,0,42.8,46.6,48.4,0.40,0.52,0.40
CSQR,2019-11-08 23:00:00 EST,43.32613,-76.10445,453,24.7,24.9,24.7,92.9,22.9,0.000,0.428,0.00,0.000,0.5,1.5,0.4,162,30,0.5,1.8,0.5,140,32,0.5,1.8,0.5,140,32,0,29.81,5.5,0,0,0,42.8,46.6,48.3,0.40,0.52,0.40
CSQR,2019-11-08 23:05:00 EST,43.32613,-76.10445,453,24.5,24.9,24.5,92.7,22.7,0.000,0.428,0.00,0.000,1.0,1.8,0.5,115,3,1.1,1.8,0.5,115,8,1.1,1.8,0.5,115,8,0,29.80,5.5,0,0,0,42.8,46.6,48.3,0.40,0.52,0.40
CSQR,2019-11-08 23:10:00 EST,43.32613,-76.10445,453,24.6,25.0,24.6,91.5,22.5,0.000,0.428,0.00,0.000,2.7,3.6,0.4,114,6,2.7,3.5,0.5,116,8,2.7,3.5,0.5,116,8,0,29.80,5.6,0,0,0,42.8,46.6,48.3,0.40,0.52,0.40
CSQR,2019-11-08 23:15:00 EST,43.32613,-76.10445,453,24.3,24.8,24.3,91.3,22.1,0.000,0.428,0.00,0.000,3.1,4.0,0.6,123,11,2.6,4.1,0.5,127,11,2.6,4.1,0.5,127,11,0,29.80,5.5,0,0,0,42.8,46.6,48.3,0.40,0.52,0.40
CSQR,2019-11-08 23:20:00 EST,43.32613,-76.10445,453,23.8,24.6,19.9,92.7,22.0,0.000,0.428,0.00,0.000,3.6,4.2,0.3,120,4,3.0,3.6,0.3,124,6,3.0,3.6,0.3,124,6,0,29.79,5.6,0,0,0,42.8,46.6,48.4,0.40,0.52,0.40
CSQR,2019-11-08 23:25:00 EST,43.32613,-76.10445,453,23.7,24.6,23.7,93.7,22.1,0.000,0.428,0.00,0.000,2.6,3.6,0.4,108,8,2.7,3.7,0.4,110,10,2.7,3.7,0.4,110,10,0,29.79,5.6,0,0,0,42.8,46.6,48.3,0.40,0.52,0.40
CSQR,2019-11-08 23:30:00 EST,43.32613,-76.10445,453,23.7,24.3,23.7,93.3,22.1,0.000,0.428,0.00,0.000,1.9,2.6,0.2,126,12,1.7,2.4,0.3,126,13,1.7,2.4,0.3,126,13,0,29.80,,0,0,0,42.8,46.6,48.3,0.40,0.52,0.40
CSQR,2019-11-08 23:35:00 EST,43.32613,-76.10445,453,23.5,24.0,23.5,92.8,21.7,0.000,0.428,0.00,0.000,1.3,2.0,0.3,107,18,1.5,2.1,0.3,104,20,1.5,2.1,0.3,104,20,0,29.80,5.3,0,0,0,42.8,46.6,48.3,0.40,0.52,0.40
CSQR,2019-11-08 23:40:00 EST,43.32613,-76.10445,453,23.6,24.0,23.6,93.1,21.9,0.000,0.428,0.00,0.000,2.2,3.2,0.6,62,6,2.2,3.5,0.6,65,9,2.2,3.5,0.6,65,9,0,29.80,,0,0,0,42.8,46.6,48.3,0.40,0.52,0.40
CSQR,2019-11-08 23:45:00 EST,43.32613,-76.10445,453,23.6,23.9,23.6,93.5,22.0,0.000,0.428,0.00,0.000,2.3,3.1,0.4,58,11,2.3,3.8,0.5,63,12,2.3,3.8,0.5,63,12,0,29.80,,0,0,0,42.8,46.6,48.3,0.40,0.52,0.40
CSQR,2019-11-08 23:50:00 EST,43.32613,-76.10445,453,22.7,23.5,22.7,93.3,21.1,0.000,0.428,0.00,0.000,1.8,2.3,0.3,106,19,1.8,2.9,0.4,105,19,1.8,2.9,0.4,105,19,0,29.80,5.4,0,0,0,42.8,46.6,48.2,0.40,0.52,0.40
CSQR,2019-11-08 23:55:00 EST,43.32613,-76.10445,453,21.6,23.1,21.6,92.3,19.7,0.000,0.428,0.00,0.000,2.0,3.0,0.4,137,7,1.5,2.5,0.3,137,7,1.5,2.5,0.3,137,7,0,29.80,5.4,0,0,0,42.8,46.6,48.2,0.40,0.52,0.40
DELE,2019-11-08 00:00:00 EST,42.41846,-78.42320,2042,24.9,24.7,15.0,,,0.000,0.180,0.00,0.009,,,,316,12,9.9,12.9,1.2,327,12,9.9,12.9,1.2,327,12,0,27.91,1.3,0,0,0,40.8,45.0,46.0,0.55,0.46,0.45
DELE,2019-11-08 00:05:00 EST,42.41846,-78.42320,2042,24.8,24.6,13.9,,,0.000,0.000,0.00,0.009,,,,326,9,11.6,17.8,2.0,337,9,11.6,17.8,2.0,337,9,0,27.91,1.3,0,0,0,40.8,45.0,46.0,0.55,0.46,0.45
DELE,2019-11-08 00:10:00 EST,42.41846,-78.42320,2042,24.7,24.5,13.9,,,0.000,0.000,0.00,0.009,,,,324,9,11.4,16.3,1.5,335,8,11.4,16.3,1.5,335,8,0,27.91,1.1,0,0,0,40.8,45.0,46.0,0.55,0.46,0.45
DELE,2019-11-08 00:15:00 EST,42.41846,-78.42320,2042,24.6,24.4,15.0,,,0.000,0.000,0.00,0.009,,,,329,9,9.3,14.0,1.8,340,7,9.3,14.0,1.8,340,7,0,27.91,1.1,0,0,0,40.8,45.0,46.0,0.55,0.46,0.45
DELE,2019-11-08 00:20:00 EST,42.41846,-78.42320,2042,24.5,24.3,14.1,,,0.000,0.000,0.00,0.009,,,,327,8,10.6,17.1,2.5,338,7,10.6,17.1,2.5,338,7,0,27.91,1.2,0,0,0,40.8,44.9,46.0,0.55,0.46,0.45
DELE,2019-11-08 00:25:00 EST,42.41846,-78.42320,2042,24.4,24.3,13.5,,,0.000,0.000,0.00,0.009,,,,320,9,11.6,15.9,1.5,331,9,11.6,15.9,1.5,331,9,0,27.91,1.3,0,0,0,40.8,44.9,46.0,0.55,0.46,0.45
DELE,2019-11-08 00:30:00 EST,42.41846,-78.42320,2042,24.3,24.2,13.6,100.0,24.3,0.000,0.000,0.00,0.009,,,,314,10,11.2,15.0,1.5,324,10,11.2,15.0,1.5,324,10,0,27.92,1.3,0,0,0,40.8,44.9,46.0,0.55,0.46,0.45
DELE,2019-11-08 00:35:00 EST,42.41846,-78.42320,2042,24.2,24.1,13.5,100.0,24.2,0.000,0.000,0.00,0.009,,,,317,9,10.8,13.9,1.7,327,8,10.8,13.9,1.7,327,8,0,27.92,1.3,0,0,0,40.8,44.9,46.0,0.55,0.46,0.45
DELE,2019-11-08 00:40:00 EST,42.41846,-78.42320,2042,24.2,24.0,14.4,100.0,24.2,0.000,0.000,0.00,0.009,,,,315,11,9.4,14.8,1.8,324,11,9.4,14.8,1.8,324,11,0,27.92,1.4,0,0,0,40.8,45.0,46.0,0.55,0.46,0.45
DELE,2019-11-08 00:45:00 EST,42.41846,-78.42320,2042,24.2,24.0,13.9,100.0,24.2,0.000,0.000,0.00,0.004,,,,319,9,10.3,17.6,2.4,330,9,10.3,17.6,2.4,330,9,0,27.92,1.5,0,0,0,40.8,44.9,46.0,0.55,0.46,0.45
DELE,2019-11-08 00:50:00 EST,42.41846,-78.42320,2042,24.1,23.9,12.8,100.0,24.1,0.000,0.000,0.00,0.002,,,,323,10,12.2,17.3,2.5,334,9,12.2,17.3,2.5,334,9,0,27.92,,0,0,0,40.8,44.9,46.0,0.55,0.46,0.45
DELE,2019-11-08 00:55:00 EST,42.41846,-78.42320,2042,23.9,23.8,13.9,100.0,23.9,0.000,0.000,0.00,0.000,,,,323,10,9.7,15.4,1.5,333,9,9.7,15.4,1.5,333,9,0,27.92,1.0,0,0,0,40.8,44.9,46.0,0.55,0.46,0.45
DELE,2019-11-08 01:00:00 EST,42.41846,-78.42320,2042,23.8,23.7,13.3,100.0,23.8,0.000,0.000,0.00,0.000,,,,323,9,10.3,14.0,1.6,333,8,10.3,14.0,1.6,333,8,0,27.92,,0,0,0,40.8,44.8,46.0,0.55,0.46,0.45
DELE,2019-11-08 01:05:00 EST,42.41846,-78.42320,2042,23.8,23.6,12.7,,,0.000,0.000,0.00,0.000,,,,323,8,11.5,15.2,1.5,334,8,11.5,15.2,1.5,334,8,0,27.92,,0,0,0,40.8,44.9,46.0,0.55,0.46,0.45
DELE,2019-11-08 01:10:00 EST,42.41846,-78.42320,2042,23.8,23.6,12.5,,,0.000,0.000,0.00,0.000,,,,327,10,12.0,17.8,2.0,338,10,12.0,17.8,2.0,338,10,0,27.92,1.6,0,0,0,40.8,44.9,46.0,0.55,0.46,0.45
DELE,2019-11-08 01:15:00 EST,42.41846,-78.42320,2042,23.8,23.6,12.8,,,0.000,0.000,0.00,0.000,,,,325,9,11.3,18.6,2.4,335,10,11.3,18.6,2.4,335,10,0,27.92,,0,0,0,40.8,44.8,46.0,0.55,0.46,0.45
DELE,2019-11-08 01:20:00 EST,42.41846,-78.42320,2042,23.7,23.5,12.9,,,0.000,0.000,0.00,0.000,,,,323,10,11.1,15.9,1.9,333,8,11.1,15.9,1.9,333,8,0,27.92,1.6,0,0,0,40.8,44.8,46.0,0.55,0.46,0.45
DELE,2019-11-08 01:25:00 EST,42.41846,-78.42320,2042,23.7,23.5,13.5,,,0.000,0.000,0.00,0.000,,,,326,8,10.0,15.1,1.8,337,7,10.0,15.1,1.8,337,7,0,27.92,1.8,0,0,0,40.8,44.8,46.0,0.56,0.46,0.45
DELE,2019-11-08 01:30:00 EST,42.41846,-78.42320,2042,23.6,23.4,14.7,,,0.000,0.000,0.00,0.000,,,,319,10,7.9,11.7,1.3,330,11,7.9,11.7,1.3,330,11,0,27.93,1.7,0,0,0,40.8,44.8,46.0,0.56,0.46,0.45
DELE,2019-11-08 01:35:00 EST,42.41846,-78.42320,2042,23.6,23.4,13.7,,,0.000,0.000,0.00,0.000,,,,326,9,9.3,14.6,1.8,336,8,9.3,14.6,1.8,336,8,0,27.93,1.7,0,0,0,40.8,44.8,46.0,0.56,0.46,0.45
DELE,2019-11-08 01:40:00 EST,42.41846,-78.42320,2042,23.6,23.3,12.4,,,0.000,0.000,0.00,0.000,,,,326,8,11.5,16.1,2.1,337,7,11.5,16.1,2.1,337,7,0,27.93,1.5,0,0,0,40.7,44.8,46.0,0.56,0.46,0.45
DELE,2019-11-08 01:45:00 EST,42.41846,-78.42320,2042,23.5,23.3,13.0,,,0.000,0.000,0.00,0.000,,,,321,7,10.4,16.4,1.9,331,7,10.4,16.4,1.9,331,7,0,27.93,1.7,0,0,0,40.6,44.8,46.0,0.56,0.46,0.45
DELE,2019-11-08 01:50:00 EST,42.41846,-78.42320,2042,23.5,23.3,12.9,,,0.000,0.000,0.00,0.000,,,,324,9,10.6,14.3,1.6,335,10,10.6,14.3,1.6,335,10,0,27.93,1.7,0,0,0,40.6,44.8,46.0,0.56,0.46,0.45
DELE,2019-11-08 01:55:00 EST,42.41846,-78.42320,2042,23.5,23.2,13.1,,,0.000,0.000,0.00,0.000,,,,320,11,10.0,13.6,1.8,331,11,10.0,13.6,1.8,331,11,0,27.93,1.7,0,0,0,40.6,44.8,46.0,0.56,0.46,0.45
DELE,2019-11-08 02:00:00 EST,42.41846,-78.42320,2042,23.5,23.2,12.5,,,0.000,0.000,0.00,0.000,,,,319,9,11.2,14.3,1.4,330,8,11.2,14.3,1.4,330,8,0,27.93,1.8,0,0,0,40.6,44.8,46.0,0.56,0.46,0.45
DELE,2019-11-08 02:05:00 EST,42.41846,-78.42320,2042,23.5,23.2,13.2,,,0.000,0.000,0.00,0.000,,,,306,8,9.9,12.8,1.2,315,9,9.9,12.8,1.2,315,9,0,27.93,1.7,0,0,0,40.6,44.8,46.0,0.56,0.46,0.45
DELE,2019-11-08 02:10:00 EST,42.41846,-78.42320,2042,23.4,23.2,13.9,,,0.000,0.000,0.00,0.000,,,,308,10,8.8,11.8,1.1,315,12,8.8,11.8,1.1,315,12,0,27.93,1.7,0,0,0,40.6,44.8,46.0,0.56,0.46,0.45
DELE,2019-11-08 02:15:00 EST,42.41846,-78.42320,2042,23.4,23.2,12.4,,,0.000,0.000,0.00,0.000,,,,329,12,11.1,18.6,2.5,340,9,11.1,18.6,2.5,340,9,0,27.93,1.6,0,0,0,40.6,44.8,46.0,0.56,0.46,0.45
DELE,2019-11-08 02:20:00 EST,42.41846,-78.42320,2042,23.4,23.2,11.4,100.0,23.4,0.000,0.000,0.00,0.000,,,,333,11,13.2,19.6,2.8,343,10,13.2,19.6,2.8,343,10,0,27.93,1.7,0,0,0,40.6,44.8,46.0,0.56,0.46,0.45
DELE,2019-11-08 02:25:00 EST,42.41846,-78.42320,2042,23.4,23.1,11.6,100.0,23.4,0.002,0.002,0.00,0.002,,,,337,9,12.7,19.0,2.4,348,8,12.7,19.0,2.4,348,8,0,27.93,1.6,0,0,0,40.6,44.8,46.0,0.56,0.46,0.45
DELE,2019-11-08 02:30:00 EST,42.41846,-78.42320,2042,23.3,23.0,11.0,100.0,23.3,0.000,0.002,0.00,0.002,,,,335,8,13.7,18.3,1.8,345,8,13.7,18.3,1.8,345,8,0,27.93,1.6,0,0,0,40.6,44.8,46.0,0.56,0.46,0.45
DELE,2019-11-08 02:35:00 EST,42.41846,-78.42320,2042,23.2,23.0,11.1,100.0,23.2,0.001,0.003,0.00,0.003,,,,332,7,13.3,17.8,1.5,342,6,13.3,17.8,1.5,342,6,0,27.93,1.6,0,0,0,40.6,44.8,46.0,0.56,0.46,0.45
DELE,2019-11-08 02:40:00 EST,42.41846,-78.42320,2042,23.2,22.9,11.1,,,0.000,0.003,0.00,0.003,,,,333,7,13.3,18.4,1.9,342,6,13.3,18.4,1.9,342,6,0,27.93,1.7,0,0,0,40.6,44.8,46.0,0.56,0.46,0.45
DELE,2019-11-08 02:45:00 EST,42.41846,-78.42320,2042,23.1,22.9,11.6,,,0.000,0.003,0.00,0.003,,,,329,8,12.0,17.5,2.3,339,8,12.0,17.5,2.3,339,8,0,27.93,1.7,0,0,0,40.6,44.8,46.0,0.56,0.46,0.45
DELE,2019-11-08 02:50:00 EST,42.41846,-78.42320,2042,23.1,22.8,11.3,,,0.000,0.003,0.00,0.003,,,,327,10,12.6,17.9,1.9,337,9,12.6,17.9,1.9,337,9,0,27.93,,0,0,0,40.6,44.8,46.0,0.56,0.46,0.45
DELE,2019-11-08 02:55:00 EST,42.41846,-78.42320,2042,23.1,22.8,11.1,,,0.000,0.003,0.00,0.003,,,,328,10,13.0,18.4,2.0,339,8,13.0,18.4,2.0,339,8,0,27.93,1.7,0,0,0,40.6,44.8,46.0,0.56,0.46,0.45
DELE,2019-11-08 03:00:00 EST,42.41846,-78.42320,2042,23.1,22.8,12.0,,,0.000,0.003,0.00,0.003,,,,327,8,11.2,14.2,1.4,338,7,11.2,14.2,1.4,338,7,0,27.93,1.7,0,0,0,40.6,44.8,46.0,0.56,0.46,0.45
DELE,2019-11-08 03:05:00 EST,42.41846,-78.42320,2042,23.1,22.8,12.7,,,0.000,0.003,0.00,0.003,,,,324,9,9.9,15.3,2.5,334,9,9.9,15.3,2.5,334,9,0,27.93,1.7,0,0,0,40.6,44.8,46.0,0.56,0.46,0.45
DELE,2019-11-08 03:10:00 EST,42.41846,-78.42320,2042,23.1,22.8,13.1,,,0.000,0.003,0.00,0.003,,,,329,11,9.3,14.5,1.9,339,11,9.3,14.5,1.9,339,11,0,27.93,1.9,0,0,0,40.6,44.8,46.0,0.56,0.46,0.45
DELE,2019-11-08 03:15:00 EST,42.41846,-78.42320,2042,23.1,22.8,11.5,,,0.000,0.003,0.00,0.003,,,,338,11,12.1,22.6,3.6,348,10,12.1,22.6,3.6,348,10,0,27.94,1.9,0,0,0,40.6,44.8,46.0,0.56,0.46,0.45
DELE,2019-11-08 03:20:00 EST,42.41846,-78.42320,2042,23.0,22.8,11.8,,,0.000,0.003,0.00,0.003,,,,329,9,11.4,15.7,2.1,339,9,11.4,15.7,2.1,339,9,0,27.94,2.0,0,0,0,40.6,44.8,45.9,0.56,0.46,0.45
DELE,2019-11-08 03:25:00 EST,42.41846,-78.42320,2042,23.0,22.7,11.6,,,0.000,0.003,0.00,0.001,,,,326,7,11.8,15.9,1.7,336,7,11.8,15.9,1.7,336,7,0,27.94,1.9,0,0,0,40.6,44.8,46.0,0.56,0.46,0.45
DELE,2019-11-08 03:30:00 EST,42.41846,-78.42320,2042,22.9,22.7,12.2,,,0.000,0.003,0.00,0.001,,,,324,8,10.6,14.0,1.6,334,8,10.6,14.0,1.6,334,8,0,27.94,1.8,0,0,0,40.6,44.8,45.9,0.56,0.46,0.45
DELE,2019-11-08 03:35:00 EST,42.41846,-78.42320,2042,22.8,22.6,13.1,,,0.000,0.003,0.00,0.000,,,,325,9,8.8,16.0,2.1,335,8,8.8,16.0,2.1,335,8,0,27.94,1.8,0,0,0,40.6,44.8,45.9,0.56,0.46,0.45
DELE,2019-11-08 03:40:00 EST,42.41846,-78.42320,2042,22.7,22.5,11.5,100.0,22.7,0.000,0.003,0.00,0.000,,,,323,9,11.2,17.2,1.9,333,8,11.2,17.2,1.9,333,8,0,27.94,1.8,0,0,0,40.6,44.8,46.0,0.56,0.46,0.45
DELE,2019-11-08 03:45:00 EST,42.41846,-78.42320,2042,22.3,22.3,11.5,99.1,22.1,0.000,0.003,0.00,0.000,,,,324,12,10.3,18.4,2.2,332,12,10.3,18.4,2.2,332,12,0,27.94,1.8,0,0,0,40.6,44.8,46.0,0.56,0.46,0.45
DELE,2019-11-08 03:50:00 EST,42.41846,-78.42320,2042,22.0,22.1,11.5,97.8,21.4,0.000,0.003,0.00,0.000,,,,321,9,9.6,13.1,1.5,331,8,9.6,13.1,1.5,331,8,0,27.94,1.8,0,0,0,40.6,44.8,45.9,0.56,0.46,0.45
DELE,2019-11-08 03:55:00 EST,42.41846,-78.42320,2042,22.0,22.1,12.6,98.7,21.7,0.000,0.003,0.00,0.000,,,,318,8,8.1,12.5,1.4,329,7,8.1,12.5,1.4,329,7,0,27.94,1.7,0,0,0,40.5,44.8,45.9,0.56,0.46,0.45
DELE,2019-11-08 04:00:00 EST,42.41846,-78.42320,2042,21.8,21.9,12.9,100.0,21.8,0.000,0.003,0.00,0.000,,,,319,6,7.4,10.5,1.1,328,6,7.4,10.5,1.1,328,6,0,27.94,1.6,0,0,0,40.5,44.8,45.9,0.56,0.46,0.45
DELE,2019-11-08 04:05:00 EST,42.41846,-78.42320,2042,21.8,21.9,13.1,100.0,21.8,0.000,0.003,0.00,0.000,,,,319,6,7.2,9.4,0.9,329,6,7.2,9.4,0.9,329,6,0,27.94,1.7,0,0,0,40.5,44.8,45.9,0.56,0.46,0.45
DELE,2019-11-08 04:10:00 EST,42.41846,-78.42320,2042,21.7,21.8,14.3,,,0.000,0.003,0.00,0.000,,,,310,7,5.7,7.5,0.8,319,7,5.7,7.5,0.8,319,7,0,27.94,1.6,0,0,0,40.5,44.8,45.9,0.56,0.46,0.45
DELE,2019-11-08 04:15:00 EST,42.41846,-78.42320,2042,21.6,21.8,13.6,,,0.000,0.003,0.00,0.000,,,,305,8,6.3,8.5,0.8,313,10,6.3,8.5,0.8,313,10,0,27.94,1.7,0,0,0,40.5,44.8,45.9,0.56,0.46,0.45
DELE,2019-11-08 04:20:00 EST,42.41846,-78.42320,2042,21.9,21.8,13.5,,,0.000,0.003,0.00,0.000,,,,307,7,6.8,9.7,1.0,314,8,6.8,9.7,1.0,314,8,0,27.95,1.6,0,0,0,40.5,44.8,45.9,0.56,0.46,0.45
DELE,2019-11-08 04:25:00 EST,42.41846,-78.42320,2042,21.9,21.7,13.6,,,0.000,0.003,0.00,0.000,,,,310,8,6.7,10.0,1.4,319,9,6.7,10.0,1.4,319,9,0,27.95,1.7,0,0,0,40.5,44.8,45.9,0.56,0.46,0.45
DELE,2019-11-08 04:30:00 EST,42.41846,-78.42320,2042,21.9,21.7,13.5,,,0.000,0.003,0.00,0.000,,,,313,9,6.8,10.1,1.3,323,9,6.8,10.1,1.3,323,9,0,27.95,1.7,0,0,0,40.5,44.8,45.9,0.56,0.46,0.45
DELE,2019-11-08 04:35:00 EST,42.41846,-78.42320,2042,21.7,21.6,13.0,,,0.000,0.003,0.00,0.000,,,,310,11,7.1,10.5,1.2,320,12,7.1,10.5,1.2,320,12,0,27.95,1.8,0,0,0,40.5,44.8,45.9,0.56,0.46,0.45
DELE,2019-11-08 04:40:00 EST,42.41846,-78.42320,2042,21.7,21.6,12.2,,,0.000,0.003,0.00,0.000,,,,307,8,8.1,11.2,1.2,317,9,8.1,11.2,1.2,317,9,0,27.95,1.6,0,0,0,40.5,44.8,45.9,0.56,0.46,0.45
DELE,2019-11-08 04:45:00 EST,42.41846,-78.42320,2042,21.7,21.6,12.5,,,0.000,0.003,0.00,0.000,,,,311,8,7.7,10.2,1.2,320,9,7.7,10.2,1.2,320,9,0,27.95,,0,0,0,40.5,44.8,45.9,0.56,0.46,0.45
DELE,2019-11-08 04:50:00 EST,42.41846,-78.42320,2042,21.7,21.6,12.4,,,0.000,0.003,0.00,0.000,,,,312,6,7.8,11.2,0.9,321,6,7.8,11.2,0.9,321,6,0,27.95,0.8,0,0,0,40.5,44.8,45.9,0.56,0.46,0.45
DELE,2019-11-08 04:55:00 EST,42.41846,-78.42320,2042,21.6,21.5,11.2,,,0.000,0.003,0.00,0.000,,,,315,9,9.4,13.0,1.4,323,8,9.4,13.0,1.4,323,8,0,27.95,,0,0,0,40.5,44.8,45.9,0.56,0.46,0.45
DELE,2019-11-08 05:00:00 EST,42.41846,-78.42320,2042,21.5,21.5,10.3,100.0,21.5,0.000,0.003,0.00,0.000,,,,317,10,10.6,15.0,1.5,327,10,10.6,15.0,1.5,327,10,0,27.95,,0,0,0,40.5,44.8,45.9,0.56,0.46,0.45
DELE,2019-11-08 05:05:00 EST,42.41846,-78.42320,2042,21.5,21.4,10.7,100.0,21.5,0.000,0.003,0.00,0.000,,,,315,7,10.0,12.1,0.9,326,7,10.0,12.1,0.9,326,7,0,27.96,,0,0,0,40.5,44.8,45.9,0.56,0.46,0.45
DELE,2019-11-08 05:10:00 EST,42.41846,-78.42320,2042,21.4,21.3,11.5,100.0,21.4,0.000,0.003,0.00,0.000,,,,316,10,8.6,12.7,1.3,325,11,8.6,12.7,1.3,325,11,0,27.96,,0,0,0,40.5,44.8,45.9,0.56,0.46,0.45
DELE,2019-11-08 05:15:00 EST,42.41846,-78.42320,2042,21.5,21.3,12.5,100.0,21.5,0.000,0.003,0.00,0.000,,,,307,8,7.3,10.0,1.1,315,9,7.3,10.0,1.1,315,9,0,27.96,1.5,0,0,0,40.5,44.8,45.9,0.56,0.46,0.45
DELE,2019-11-08 05:20:00 EST,42.41846,-78.42320,2042,21.6,21.4,12.0,100.0,21.6,0.000,0.003,0.00,0.000,,,,309,7,8.3,11.3,1.2,318,7,8.3,11.3,1.2,318,7,0,27.96,1.5,0,0,0,40.5,44.8,45.9,0.56,0.46,0.45
DELE,2019-11-08 05:25:00 EST,42.41846,-78.42320,2042,21.7,21.4,12.7,100.0,21.7,0.000,0.003,0.00,0.000,,,,304,9,7.5,10.2,1.0,312,12,7.5,10.2,1.0,312,12,0,27.96,1.5,0,0,0,40.5,44.8,45.9,0.56,0.46,0.45
DELE,2019-11-08 05:30:00 EST,42.41846,-78.42320,2042,21.7,21.5,13.3,,,0.000,0.003,0.00,0.000,,,,304,10,6.8,9.7,1.0,313,11,6.8,9.7,1.0,313,11,0,27.97,1.5,0,0,0,40.5,44.8,45.9,0.56,0.46,0.45
DELE,2019-11-08 05:35:00 EST,42.41846,-78.42320,2042,21.7,21.5,13.1,,,0.000,0.003,0.00,0.000,,,,305,8,7.1,10.2,1.0,314,8,7.1,10.2,1.0,314,8,0,27.97,1.5,0,0,0,40.5,44.8,45.9,0.56,0.46,0.45
DELE,2019-11-08 05:40:00 EST,42.41846,-78.42320,2042,21.8,21.6,13.6,,,0.000,0.003,0.00,0.000,,,,314,7,6.5,9.3,0.8,323,7,6.5,9.3,0.8,323,7,0,27.97,1.4,0,0,0,40.5,44.8,45.9,0.56,0.46,0.45
DELE,2019-11-08 05:45:00 EST,42.41846,-78.42320,2042,21.8,21.6,13.8,,,0.000,0.003,0.00,0.000,,,,299,10,6.3,8.8,1.1,308,11,6.3,8.8,1.1,308,11,0,27.97,,0,0,0,40.5,44.8,45.9,0.56,0.46,0.45
DELE,2019-11-08 05:50:00 EST,42.41846,-78.42320,2042,21.9,21.6,13.1,,,0.000,0.003,0.00,0.000,,,,302,8,7.2,9.6,1.0,310,8,7.2,9.6,1.0,310,8,0,27.97,,0,0,0,40.4,44.8,45.9,0.56,0.46,0.45
DELE,2019-11-08 05:55:00 EST,42.41846,-78.42320,2042,21.9,21.6,13.3,,,0.000,0.003,0.00,0.000,,,,301,8,7.0,9.2,0.9,308,9,7.0,9.2,0.9,308,9,0,27.97,,0,0,0,40.3,44.8,45.9,0.56,0.46,0.45
DELE,2019-11-08 06:00:00 EST,42.41846,-78.42320,2042,21.9,21.6,13.0,,,0.000,0.003,0.00,0.000,,,,307,8,7.3,10.6,1.4,316,9,7.3,10.6,1.4,316,9,0,27.97,,0,0,0,40.3,44.8,45.9,0.56,0.46,0.45
DELE,2019-11-08 06:05:00 EST,42.41846,-78.42320,2042,21.9,21.6,12.5,,,0.003,0.006,0.00,0.003,,,,328,13,8.1,13.4,1.8,338,13,8.1,13.4,1.8,338,13,0,27.98,1.3,0,0,0,40.3,44.8,45.9,0.56,0.46,0.45
DELE,2019-11-08 06:10:00 EST,42.41846,-78.42320,2042,21.8,21.5,10.2,,,0.001,0.007,0.00,0.004,,,,330,9,11.6,16.1,2.0,340,9,11.6,16.1,2.0,340,9,0,27.98,1.2,0,0,0,40.3,44.8,45.9,0.56,0.46,0.45
DELE,2019-11-08 06:15:00 EST,42.41846,-78.42320,2042,21.7,21.4,9.6,,,0.001,0.008,0.00,0.005,,,,333,13,12.4,18.7,2.8,344,10,12.4,18.7,2.8,344,10,0,27.98,1.1,0,0,0,40.3,44.8,45.9,0.56,0.46,0.45
DELE,2019-11-08 06:20:00 EST,42.41846,-78.42320,2042,21.6,21.3,9.9,,,0.000,0.008,0.00,0.005,,,,334,7,11.5,15.6,1.9,344,7,11.5,15.6,1.9,344,7,0,27.98,1.1,0,0,0,40.3,44.8,45.9,0.56,0.46,0.45
DELE,2019-11-08 06:25:00 EST,42.41846,-78.42320,2042,21.5,21.2,9.5,,,0.000,0.008,0.00,0.005,,,,332,7,12.1,16.9,1.6,342,7,12.1,16.9,1.6,342,7,0,27.98,1.1,0,0,0,40.3,44.8,45.9,0.56,0.46,0.45
DELE,2019-11-08 06:30:00 EST,42.41846,-78.42320,2042,21.4,21.1,9.3,,,0.000,0.008,0.00,0.005,,,,333,7,12.3,16.5,1.6,343,7,12.3,16.5,1.6,343,7,0,27.98,1.2,0,0,0,40.3,44.8,45.9,0.56,0.46,0.45
DELE,2019-11-08 06:35:00 EST,42.41846,-78.42320,2042,21.2,21.0,9.9,,,0.000,0.008,0.00,0.005,,,,331,6,10.8,14.1,1.2,341,6,10.8,14.1,1.2,341,6,0,27.99,1.3,0,0,0,40.3,44.8,45.9,0.56,0.46,0.45
DELE,2019-11-08 06:40:00 EST,42.41846,-78.42320,2042,21.2,20.9,8.8,,,0.000,0.008,0.00,0.005,,,,332,8,12.8,18.6,2.4,342,8,12.8,18.6,2.4,342,8,0,27.99,1.2,0,0,0,40.3,44.8,45.9,0.56,0.46,0.45
DELE,2019-11-08 06:45:00 EST,42.41846,-78.42320,2042,21.1,20.8,9.0,,,0.000,0.008,0.00,0.005,,,,332,7,12.3,16.7,1.9,342,7,12.3,16.7,1.9,342,7,0,27.99,1.4,0,0,0,40.3,44.8,45.9,0.56,0.46,0.45
DELE,2019-11-08 06:50:00 EST,42.41846,-78.42320,2042,20.9,20.6,7.9,,,0.000,0.008,0.00,0.005,,,,336,8,13.8,17.0,1.7,348,7,13.8,17.0,1.7,348,7,1,27.99,1.2,0,0,0,40.3,44.8,45.9,0.56,0.46,0.45
DELE,2019-11-08 06:55:00 EST,42.41846,-78.42320,2042,20.8,20.5,8.0,100.0,20.8,0.000,0.008,0.00,0.005,,,,338,9,13.3,17.1,1.9,348,8,13.3,17.1,1.9,348,8,2,27.99,1.4,0,0,0,40.3,44.8,45.9,0.56,0.46,0.45
DELE,2019-11-08 07:00:00 EST,42.41846,-78.42320,2042,20.7,20.4,8.0,100.0,20.7,0.000,0.008,0.00,0.005,,,,342,11,13.1,17.1,2.0,353,8,13.1,17.1,2.0,353,8,3,28.00,1.4,0,0,0,40.3,44.8,45.9,0.56,0.46,0.45
DELE,2019-11-08 07:05:00 EST,42.41846,-78.42320,2042,20.7,20.4,8.4,100.0,20.7,0.000,0.008,0.00,0.002,,,,342,11,12.3,16.3,1.7,353,7,12.3,16.3,1.7,353,7,5,28.00,1.4,0,0,0,40.3,44.8,45.9,0.56,0.46,0.45
DELE,2019-11-08 07:10:00 EST,42.41846,-78.42320,2042,20.7,20.4,8.8,100.0,20.7,0.000,0.008,0.00,0.001,,,,339,10,11.6,16.8,2.3,349,9,11.6,16.8,2.3,349,9,5,28.00,1.5,0,0,0,40.3,44.8,45.9,0.56,0.46,0.45
DELE,2019-11-08 07:15:00 EST,42.41846,-78.42320,2042,20.6,20.3,8.4,100.0,20.6,0.000,0.008,0.00,0.000,,,,336,7,12.1,16.3,1.6,346,7,12.1,16.3,1.6,346,7,9,28.00,1.4,0,0,0,40.3,44.8,45.9,0.56,0.46,0.45
DELE,2019-11-08 07:20:00 EST,42.41846,-78.42320,2042,20.5,20.2,8.5,100.0,20.5,0.000,0.008,0.00,0.000,,,,332,8,11.7,15.3,1.4,342,8,11.7,15.3,1.4,342,8,13,28.01,1.4,0,0,0,40.3,44.8,45.9,0.56,0.46,0.45
DELE,2019-11-08 07:25:00 EST,42.41846,-78.42320,2042,20.4,20.1,8.4,100.0,20.4,0.000,0.008,0.00,0.000,,,,333,6,11.7,15.0,1.7,343,6,11.7,15.0,1.7,343,6,16,28.01,1.4,0,0,0,40.3,44.8,45.9,0.56,0.46,0.45
DELE,2019-11-08 07:30:00 EST,42.41846,-78.42320,2042,20.2,20.0,8.4,100.0,20.2,0.000,0.008,0.00,0.000,,,,332,7,11.3,16.3,1.9,341,7,11.3,16.3,1.9,341,7,28,28.01,1.4,0,0,0,40.3,44.8,45.9,0.56,0.46,0.45
DELE,2019-11-08 07:35:00 EST,42.41846,-78.42320,2042,20.1,19.9,9.0,100.0,20.1,0.000,0.008,0.00,0.000,,,,329,7,9.9,12.6,1.3,339,7,9.9,12.6,1.3,339,7,40,28.01,1.3,0,0,0,40.3,44.8,45.9,0.56,0.46,0.45
DELE,2019-11-08 07:40:00 EST,42.41846,-78.42320,2042,20.2,20.0,8.6,100.0,20.2,0.000,0.008,0.00,0.000,,,,330,10,10.8,13.9,1.3,340,10,10.8,13.9,1.3,340,10,32,28.01,1.3,0,0,0,40.3,44.8,45.9,0.56,0.46,0.45
DELE,2019-11-08 07:45:00 EST,42.41846,-78.42320,2042,20.2,20.0,9.0,100.0,20.2,0.000,0.008,0.00,0.000,,,,332,6,10.3,16.1,1.8,342,7,10.3,16.1,1.8,342,7,40,28.02,1.3,0,0,0,40.3,44.8,45.9,0.56,0.46,0.45
DELE,2019-11-08 07:50:00 EST,42.41846,-78.42320,2042,20.2,20.0,8.5,99.6,20.1,0.000,0.008,0.00,0.000,,,,323,7,11.0,15.1,1.5,333,7,11.0,15.1,1.5,333,7,45,28.02,1.4,0,0,0,40.3,44.8,45.9,0.56,0.46,0.45
DELE,2019-11-08 07:55:00 EST,42.41846,-78.42320,2042,20.2,19.9,7.6,98.7,19.9,0.000,0.008,0.00,0.000,,,,333,7,12.7,17.4,1.8,343,7,12.7,17.4,1.8,343,7,44,28.02,1.4,0,0,0,40.3,44.8,45.9,0.56,0.46,0.45
DELE,2019-11-08 08:00:00 EST,42.41846,-78.42320,2042,20.2,19.8,7.6,98.4,19.8,0.000,0.008,0.00,0.000,,,,335,10,12.5,18.9,2.4,346,10,12.5,18.9,2.4,346,10,50,28.02,1.4,0,0,0,40.3,44.8,45.9,0.56,0.46,0.45
DELE,2019-11-08 08:05:00 EST,42.41846,-78.42320,2042,20.1,19.8,7.4,97.7,19.6,0.000,0.008,0.00,0.000,,,,340,8,12.7,17.1,2.4,350,7,12.7,17.1,2.4,350,7,58,28.02,1.3,0,0,0,40.3,44.7,45.9,0.56,0.46,0.45
DELE,2019-11-08 08:10:00 EST,42.41846,-78.42320,2042,20.0,19.7,7.6,97.5,19.4,0.000,0.008,0.00,0.000,,,,336,10,12.3,16.9,2.2,346,9,12.3,16.9,2.2,346,9,63,28.03,1.4,0,0,0,40.2,44.7,45.9,0.56,0.46,0.45
DELE,2019-11-08 08:15:00 EST,42.41846,-78.42320,2042,20.0,19.7,8.4,97.3,19.4,0.000,0.008,0.00,0.000,,,,330,12,10.7,14.0,1.8,340,11,10.7,14.0,1.8,340,11,63,28.03,1.3,0,0,0,40.2,44.7,45.9,0.56,0.46,0.45
DELE,2019-11-08 08:20:00 EST,42.41846,-78.42320,2042,20.0,19.7,8.6,96.7,19.2,0.000,0.008,0.00,0.000,,,,334,7,10.2,12.7,1.4,344,7,10.2,12.7,1.4,344,7,66,28.03,1.2,0,0,0,40.2,44.7,45.9,0.56,0.46,0.45
DELE,2019-11-08 08:25:00 EST,42.41846,-78.42320,2042,20.0,19.7,9.4,97.2,19.3,0.000,0.008,0.00,0.000,,,,327,8,9.2,14.5,1.5,337,7,9.2,14.5,1.5,337,7,66,28.03,1.3,0,0,0,40.1,44.8,45.9,0.56,0.46,0.45
DELE,2019-11-08 08:30:00 EST,42.41846,-78.42320,2042,20.0,19.7,9.4,97.0,19.3,0.000,0.008,0.00,0.000,,,,325,10,9.3,12.8,1.5,335,10,9.3,12.8,1.5,335,10,82,28.03,1.2,0,0,0,40.1,44.7,45.9,0.56,0.46,0.45
DELE,2019-11-08 08:35:00 EST,42.41846,-78.42320,2042,20.0,19.7,9.0,96.3,19.1,0.000,0.008,0.00,0.000,,,,321,10,9.8,13.0,1.8,332,10,9.8,13.0,1.8,332,10,76,28.04,1.2,0,0,0,40.1,44.6,45.9,0.56,0.46,0.45
DELE,2019-11-08 08:40:00 EST,42.41846,-78.42320,2042,20.1,19.7,9.7,95.8,19.0,0.000,0.008,0.00,0.000,,,,324,9,8.8,12.1,1.3,333,8,8.8,12.1,1.3,333,8,94,28.04,1.3,0,0,0,40.1,44.6,45.9,0.56,0.46,0.45
DELE,2019-11-08 08:45:00 EST,42.41846,-78.42320,2042,20.2,19.8,8.3,96.4,19.3,0.000,0.008,0.00,0.000,,,,335,9,11.2,14.9,1.6,346,9,11.2,14.9,1.6,346,9,105,28.04,1.3,0,0,0,40.1,44.6,45.9,0.56,0.46,0.45
DELE,2019-11-08 08:50:00 EST,42.41846,-78.42320,2042,20.2,19.9,9.7,94.8,18.9,0.000,0.008,0.00,0.000,,,,323,9,9.0,12.0,1.2,333,8,9.0,12.0,1.2,333,8,117,28.04,1.3,0,0,0,40.1,44.6,45.9,0.56,0.46,0.45
DELE,2019-11-08 08:55:00 EST,42.41846,-78.42320,2042,20.3,20.0,9.2,95.9,19.3,0.000,0.008,0.00,0.000,,,,332,10,10.0,14.7,1.7,343,9,10.0,14.7,1.7,343,9,124,28.04,1.3,0,0,0,40.1,44.6,45.9,0.56,0.46,0.45
DELE,2019-11-08 09:00:00 EST,42.41846,-78.42320,2042,20.4,20.0,9.6,95.1,19.2,0.000,0.008,0.00,0.000,,,,334,8,9.5,15.4,2.3,344,8,9.5,15.4,2.3,344,8,133,28.04,1.3,0,0,0,40.1,44.6,45.9,0.56,0.46,0.45
DELE,2019-11-08 09:05:00 EST,42.41846,-78.42320,2042,20.5,20.1,9.3,94.2,19.1,0.000,0.008,0.00,0.000,,,,332,8,10.2,14.3,2.0,342,8,10.2,14.3,2.0,342,8,163,28.04,1.3,0,0,0,40.1,44.6,45.9,0.56,0.46,0.45
DELE,2019-11-08 09:10:00 EST,42.41846,-78.42320,2042,20.5,20.1,8.6,93.3,18.9,0.000,0.008,0.00,0.000,,,,339,7,11.6,15.4,1.7,349,7,11.6,15.4,1.7,349,7,142,28.04,1.3,0,0,0,40.1,44.6,45.9,0.56,0.46,0.45
DELE,2019-11-08 09:15:00 EST,42.41846,-78.42320,2042,20.6,20.2,10.5,92.7,18.8,0.000,0.008,0.00,0.000,,,,328,9,8.6,12.5,1.6,338,9,8.6,12.5,1.6,338,9,161,28.04,1.3,0,0,0,40.1,44.6,45.9,0.56,0.46,0.45
DELE,2019-11-08 09:20:00 EST,42.41846,-78.42320,2042,20.7,20.3,8.8,91.5,18.6,0.000,0.008,0.00,0.000,,,,332,7,11.5,15.3,1.8,343,6,11.5,15.3,1.8,343,6,140,28.04,1.3,0,0,0,40.1,44.6,45.9,0.56,0.46,0.45
DELE,2019-11-08 09:25:00 EST,42.41846,-78.42320,2042,20.6,20.3,9.6,90.8,18.4,0.000,0.008,0.00,0.000,,,,330,8,10.1,13.8,1.5,340,8,10.1,13.8,1.5,340,8,122,28.05,1.3,0,0,0,40.1,44.6,45.9,0.56,0.46,0.45
DELE,2019-11-08 09:30:00 EST,42.41846,-78.42320,2042,20.6,20.3,8.2,87.9,17.6,0.000,0.008,0.00,0.000,,,,337,7,12.6,18.1,2.7,347,7,12.6,18.1,2.7,347,7,182,28.05,1.3,0,0,0,40.1,44.6,45.9,0.56,0.46,0.45
DELE,2019-11-08 09:35:00 EST,42.41846,-78.42320,2042,20.7,20.4,9.2,86.9,17.4,0.000,0.008,0.00,0.000,,,,324,12,10.9,13.9,1.5,333,11,10.9,13.9,1.5,333,11,180,28.05,1.3,0,0,0,40.1,44.6,45.9,0.56,0.46,0.45
DELE,2019-11-08 09:40:00 EST,42.41846,-78.42320,2042,20.8,20.4,9.3,89.6,18.2,0.000,0.008,0.00,0.000,,,,330,12,10.9,16.3,1.9,340,12,10.9,16.3,1.9,340,12,193,28.05,1.3,0,0,0,40.1,44.6,45.9,0.56,0.46,0.45
DELE,2019-11-08 09:45:00 EST,42.41846,-78.42320,2042,20.8,20.3,8.7,90.5,18.4,0.000,0.008,0.00,0.000,,,,336,7,12.0,15.8,1.7,346,8,12.0,15.8,1.7,346,8,207,28.05,1.2,0,0,0,40.1,44.6,45.9,0.56,0.46,0.45
DELE,2019-11-08 09:50:00 EST,42.41846,-78.42320,2042,20.9,20.5,9.0,90.9,18.7,0.000,0.008,0.00,0.000,,,,337,6,11.7,15.6,1.8,347,7,11.7,15.6,1.8,347,7,333,28.05,1.3,0,0,0,40.0,44.6,45.9,0.56,0.46,0.45
DELE,2019-11-08 09:55:00 EST,42.41846,-78.42320,2042,20.9,20.5,9.7,90.2,18.5,0.000,0.008,0.00,0.000,,,,336,15,10.6,14.7,1.8,347,12,10.6,14.7,1.8,347,12,259,28.05,1.1,0,0,0,40.0,44.6,45.9,0.56,0.46,0.45
DELE,2019-11-08 10:00:00 EST,42.41846,-78.42320,2042,20.8,20.5,8.5,87.8,17.7,0.000,0.008,0.00,0.000,,,,336,15,12.3,16.6,1.7,345,11,12.3,16.6,1.7,345,11,314,28.05,0.9,0,0,0,40.0,44.6,45.9,0.56,0.46,0.45
DELE,2019-11-08 10:05:00 EST,42.41846,-78.42320,2042,21.4,21.0,10.5,83.1,17.0,0.000,0.008,0.00,0.000,,,,323,13,10.1,15.6,2.0,332,14,10.1,15.6,2.0,332,14,532,28.05,1.1,0,0,0,39.9,44.6,45.9,0.56,0.46,0.45
DELE,2019-11-08 10:10:00 EST,42.41846,-78.42320,2042,21.5,21.1,10.4,84.3,17.5,0.000,0.008,0.00,0.000,,,,317,11,10.6,15.2,1.9,326,13,10.6,15.2,1.9,326,13,249,28.06,1.0,0,0,0,39.9,44.6,45.9,0.56,0.46,0.45
DELE,2019-11-08 10:15:00 EST,42.41846,-78.42320,2042,21.2,20.8,9.6,82.5,16.7,0.000,0.008,0.00,0.000,,,,323,10,11.3,15.8,1.6,332,11,11.3,15.8,1.6,332,11,261,28.06,1.0,0,0,0,39.9,44.6,45.9,0.56,0.46,0.45
DELE,2019-11-08 10:20:00 EST,42.41846,-78.42320,2042,21.1,20.8,9.4,81.3,16.3,0.000,0.008,0.00,0.000,,,,328,10,11.6,16.4,1.8,336,11,11.6,16.4,1.8,336,11,276,28.06,0.9,0,0,0,39.9,44.6,45.9,0.56,0.46,0.45
DELE,2019-11-08 10:25:00 EST,42.41846,-78.42320,2042,21.5,21.1,10.0,80.8,16.5,0.000,0.008,0.00,0.000,,,,331,11,11.3,16.6,2.0,341,11,11.3,16.6,2.0,341,11,451,28.06,0.9,0,0,0,39.9,44.6,45.9,0.56,0.46,0.45
DELE,2019-11-08 10:30:00 EST,42.41846,-78.42320,2042,21.4,20.9,10.7,82.1,16.7,0.000,0.008,0.00,0.000,,,,312,15,9.7,14.9,2.4,320,17,9.7,14.9,2.4,320,17,243,28.06,1.0,0,0,0,39.9,44.6,45.9,0.56,0.46,0.45
DELE,2019-11-08 10:35:00 EST,42.41846,-78.42320,2042,21.2,20.8,11.3,82.0,16.6,0.000,0.008,0.00,0.000,,,,332,16,8.5,12.3,1.9,342,16,8.5,12.3,1.9,342,16,232,28.06,1.0,0,0,0,39.9,44.6,45.9,0.56,0.46,0.45
DELE,2019-11-08 10:40:00 EST,42.41846,-78.42320,2042,21.2,20.8,10.4,83.1,16.8,0.000,0.008,0.00,0.000,,,,336,9,9.9,14.9,2.7,345,9,9.9,14.9,2.7,345,9,260,28.06,0.9,0,0,0,39.9,44.6,45.9,0.56,0.46,0.45
DELE,2019-11-08 10:45:00 EST,42.41846,-78.42320,2042,21.2,20.8,9.8,82.3,16.7,0.000,0.008,0.00,0.000,,,,334,7,11.0,13.9,1.5,345,7,11.0,13.9,1.5,345,7,209,28.06,0.8,0,0,0,39.9,44.6,45.9,0.56,0.46,0.45
DELE,2019-11-08 10:50:00 EST,42.41846,-78.42320,2042,21.3,21.0,10.6,80.6,16.3,0.000,0.008,0.00,0.000,,,,326,9,9.8,13.3,1.8,334,10,9.8,13.3,1.8,334,10,321,28.06,0.7,0,0,0,39.9,44.6,45.9,0.56,0.46,0.45
DELE,2019-11-08 10:55:00 EST,42.41846,-78.42320,2042,21.6,21.3,10.0,77.8,15.8,0.000,0.008,0.00,0.000,,,,314,11,11.6,19.5,3.1,322,12,11.6,19.5,3.1,322,12,401,28.06,0.7,0,0,0,39.9,44.6,45.9,0.56,0.46,0.45
DELE,2019-11-08 11:00:00 EST,42.41846,-78.42320,2042,22.0,21.6,11.9,77.3,16.0,0.000,0.008,0.00,0.000,,,,311,13,9.2,14.8,1.7,320,13,9.2,14.8,1.7,320,13,525,28.06,1.0,0,0,0,39.9,44.6,45.9,0.56,0.46,0.45
DELE,2019-11-08 11:05:00 EST,42.41846,-78.42320,2042,22.2,21.7,10.1,76.0,15.8,0.000,0.008,0.00,0.000,,,,303,9,12.7,17.1,2.0,310,10,12.7,17.1,2.0,310,10,355,28.06,0.9,0,0,0,39.9,44.6,45.9,0.56,0.46,0.45
DELE,2019-11-08 11:10:00 EST,42.41846,-78.42320,2042,22.1,21.6,10.6,76.0,15.6,0.000,0.008,0.00,0.000,,,,314,16,11.4,16.2,1.9,324,17,11.4,16.2,1.9,324,17,450,28.06,0.9,0,0,0,39.9,44.6,45.9,0.56,0.46,0.45
DELE,2019-11-08 11:15:00 EST,42.41846,-78.42320,2042,21.7,21.3,9.2,76.8,15.6,0.000,0.008,0.00,0.000,,,,338,8,13.4,20.6,3.3,349,8,13.4,20.6,3.3,349,8,183,28.06,0.9,0,0,0,39.9,44.6,45.9,0.56,0.46,0.45
DELE,2019-11-08 11:20:00 EST,42.41846,-78.42320,2042,21.7,21.3,9.3,75.5,15.2,0.000,0.008,0.00,0.000,,,,331,7,13.0,18.7,2.0,341,7,13.0,18.7,2.0,341,7,421,28.06,1.0,0,0,0,39.9,44.6,45.9,0.56,0.46,0.45
DELE,2019-11-08 11:25:00 EST,42.41846,-78.42320,2042,22.3,21.8,10.9,73.9,15.3,0.000,0.008,0.00,0.000,,,,314,8,11.5,16.0,1.8,322,8,11.5,16.0,1.8,322,8,622,28.06,1.0,0,0,0,39.9,44.6,45.8,0.56,0.46,0.45
DELE,2019-11-08 11:30:00 EST,42.41846,-78.42320,2042,23.0,22.4,12.0,75.1,16.3,0.000,0.008,0.00,0.000,,,,310,8,11.0,15.2,1.9,318,9,11.0,15.2,1.9,318,9,668,28.06,0.8,0,0,0,39.9,44.6,45.9,0.56,0.46,0.45
DELE,2019-11-08 11:35:00 EST,42.41846,-78.42320,2042,23.2,22.5,11.1,73.1,15.9,0.000,0.008,0.00,0.000,,,,307,18,13.3,17.5,1.9,313,20,13.3,17.5,1.9,313,20,604,28.05,0.8,0,0,0,39.9,44.6,45.9,0.56,0.46,0.45
DELE,2019-11-08 11:40:00 EST,42.41846,-78.42320,2042,22.8,22.2,11.0,74.3,15.8,0.000,0.008,0.00,0.000,,,,332,10,12.3,18.4,1.6,342,12,12.3,18.4,1.6,342,12,522,28.06,0.8,0,0,0,39.9,44.6,45.8,0.56,0.46,0.45
DELE,2019-11-08 11:45:00 EST,42.41846,-78.42320,2042,22.8,22.2,11.8,74.7,15.9,0.000,0.008,0.00,0.000,,,,305,8,10.9,15.4,2.1,312,10,10.9,15.4,2.1,312,10,473,28.05,0.9,0,0,0,39.9,44.6,45.8,0.56,0.46,0.45
DELE,2019-11-08 11:50:00 EST,42.41846,-78.42320,2042,22.7,22.2,11.5,74.1,15.7,0.000,0.008,0.00,0.000,,,,322,12,11.3,14.3,1.6,331,13,11.3,14.3,1.6,331,13,339,28.05,0.7,0,0,0,39.9,44.6,45.8,0.56,0.46,0.45
DELE,2019-11-08 11:55:00 EST,42.41846,-78.42320,2042,22.9,22.3,11.7,74.0,15.8,0.000,0.008,0.00,0.000,,,,310,10,11.2,16.0,1.7,318,10,11.2,16.0,1.7,318,10,392,28.05,0.7,0,0,0,39.9,44.6,45.8,0.56,0.46,0.45
DELE,2019-11-08 12:00:00 EST,42.41846,-78.42320,2042,22.5,22.0,10.4,71.8,14.8,0.000,0.008,0.00,0.000,,,,315,11,12.9,16.2,1.6,323,10,12.9,16.2,1.6,323,10,379,28.05,0.8,0,0,0,39.9,44.6,45.7,0.56,0.46,0.45
DELE,2019-11-08 12:05:00 EST,42.41846,-78.42320,2042,23.1,22.4,10.9,72.4,15.5,0.000,0.008,0.00,0.000,,,,332,9,13.4,17.5,2.6,343,9,13.4,17.5,2.6,343,9,505,28.05,0.7,0,0,0,39.9,44.6,45.7,0.56,0.46,0.45
DELE,2019-11-08 12:10:00 EST,42.41846,-78.42320,2042,23.1,22.6,12.1,71.6,15.3,0.000,0.008,0.00,0.000,,,,323,12,11.1,16.2,2.1,331,11,11.1,16.2,2.1,331,11,481,28.05,0.8,0,0,0,39.9,44.6,45.7,0.56,0.46,0.45
DELE,2019-11-08 12:15:00 EST,42.41846,-78.42320,2042,23.7,23.1,12.9,70.1,15.4,0.000,0.008,0.00,0.000,,,,307,12,11.0,17.4,2.0,314,14,11.0,17.4,2.0,314,14,685,28.04,0.6,0,0,0,39.9,44.6,45.7,0.56,0.46,0.45
DELE,2019-11-08 12:20:00 EST,42.41846,-78.42320,2042,23.6,23.0,12.2,71.6,15.8,0.000,0.008,0.00,0.000,,,,329,12,12.1,19.0,3.3,339,13,12.1,19.0,3.3,339,13,414,28.04,0.4,0,0,0,39.9,44.6,45.7,0.56,0.46,0.45
DELE,2019-11-08 12:25:00 EST,42.41846,-78.42320,2042,22.8,22.2,9.1,73.0,15.4,0.000,0.008,0.00,0.000,,,,344,10,16.8,22.1,2.7,352,7,16.8,22.1,2.7,352,7,291,28.04,0.5,0,0,0,39.9,44.6,45.7,0.56,0.46,0.45
DELE,2019-11-08 12:30:00 EST,42.41846,-78.42320,2042,22.7,22.1,9.5,72.1,15.1,0.000,0.008,0.00,0.000,,,,343,10,15.6,21.4,2.3,353,7,15.6,21.4,2.3,353,7,312,28.04,0.4,0,0,0,39.9,44.6,45.7,0.56,0.46,0.45
DELE,2019-11-08 12:35:00 EST,42.41846,-78.42320,2042,22.4,21.9,10.1,70.7,14.3,0.000,0.008,0.00,0.000,,,,337,9,13.1,17.2,1.8,346,8,13.1,17.2,1.8,346,8,196,28.04,0.5,0,0,0,39.9,44.6,45.7,0.56,0.46,0.45
DELE,2019-11-08 12:40:00 EST,42.41846,-78.42320,2042,22.4,22.0,10.0,68.4,13.6,0.000,0.008,0.00,0.000,,,,328,8,13.5,18.7,2.1,337,9,13.5,18.7,2.1,337,9,183,28.04,0.4,0,0,0,39.9,44.6,45.7,0.56,0.46,0.45
DELE,2019-11-08 12:45:00 EST,42.41846,-78.42320,2042,22.4,22.1,9.9,67.8,13.4,0.000,0.008,0.00,0.000,,,,332,8,13.9,19.0,2.1,341,7,13.9,19.0,2.1,341,7,253,28.04,0.3,0,0,0,39.9,44.6,45.7,0.56,0.46,0.45
DELE,2019-11-08 12:50:00 EST,42.41846,-78.42320,2042,23.1,22.6,10.9,67.1,13.8,0.000,0.008,0.00,0.000,,,,331,8,13.5,19.0,2.2,340,8,13.5,19.0,2.2,340,8,570,28.04,0.2,0,0,0,39.9,44.6,45.7,0.56,0.46,0.45
DELE,2019-11-08 12:55:00 EST,42.41846,-78.42320,2042,23.1,22.5,11.7,65.7,13.3,0.000,0.008,0.00,0.000,,,,330,8,11.7,16.1,1.8,339,8,11.7,16.1,1.8,339,8,518,28.04,0.0,0,0,0,39.9,44.6,45.7,0.56,0.46,0.45
DELE,2019-11-08 13:00:00 EST,42.41846,-78.42320,2042,23.9,23.3,13.6,66.3,14.3,0.000,0.008,0.00,0.000,,,,311,16,10.1,17.1,2.4,318,17,10.1,17.1,2.4,318,17,740,28.04,0.2,0,0,0,39.9,44.6,45.7,0.56,0.46,0.45
DELE,2019-11-08 13:05:00 EST,42.41846,-78.42320,2042,24.1,23.5,12.7,65.5,14.3,0.000,0.008,0.00,0.000,,,,305,8,12.5,16.6,1.7,314,9,12.5,16.6,1.7,314,9,527,28.04,0.1,0,0,0,39.9,44.6,45.7,0.56,0.46,0.45
DELE,2019-11-08 13:10:00 EST,42.41846,-78.42320,2042,23.4,23.0,12.4,68.7,14.6,0.000,0.008,0.00,0.000,,,,325,14,11.2,17.5,2.5,335,13,11.2,17.5,2.5,335,13,258,28.04,0.2,0,0,0,39.9,44.6,45.7,0.56,0.46,0.45
DELE,2019-11-08 13:15:00 EST,42.41846,-78.42320,2042,22.7,22.3,10.0,69.2,14.1,0.000,0.008,0.00,0.000,,,,338,7,14.3,18.8,2.1,349,7,14.3,18.8,2.1,349,7,162,28.04,0.2,0,0,0,39.9,44.6,45.7,0.56,0.46,0.45
DELE,2019-11-08 13:20:00 EST,42.41846,-78.42320,2042,22.7,22.3,10.5,69.1,14.1,0.000,0.008,0.00,0.000,,,,336,7,13.1,16.0,1.7,346,6,13.1,16.0,1.7,346,6,271,28.04,0.1,0,0,0,39.9,44.6,45.7,0.56,0.46,0.45
DELE,2019-11-08 13:25:00 EST,42.41846,-78.42320,2042,22.7,22.4,10.8,67.5,13.5,0.000,0.008,0.00,0.000,,,,334,7,12.6,16.7,1.8,344,7,12.6,16.7,1.8,344,7,196,28.04,0.1,0,0,0,39.9,44.6,45.7,0.56,0.46,0.45
DELE,2019-11-08 13:30:00 EST,42.41846,-78.42320,2042,23.5,23.0,11.8,67.1,14.2,0.000,0.008,0.00,0.000,,,,330,15,12.5,17.2,2.0,341,14,12.5,17.2,2.0,341,14,542,28.04,0.2,0,0,0,39.9,44.6,45.7,0.56,0.46,0.45
DELE,2019-11-08 13:35:00 EST,42.41846,-78.42320,2042,23.6,23.0,11.9,67.6,14.5,0.000,0.008,0.00,0.000,,,,332,11,12.7,17.1,1.7,342,10,12.7,17.1,1.7,342,10,451,28.04,0.3,0,0,0,39.9,44.6,45.7,0.56,0.46,0.45
DELE,2019-11-08 13:40:00 EST,42.41846,-78.42320,2042,23.1,22.7,11.7,67.1,13.8,0.000,0.008,0.00,0.000,,,,325,7,11.7,16.6,2.5,334,6,11.7,16.6,2.5,334,6,318,28.04,0.4,0,0,0,39.9,44.6,45.7,0.56,0.46,0.45
DELE,2019-11-08 13:45:00 EST,42.41846,-78.42320,2042,23.3,23.0,12.5,65.8,13.5,0.000,0.008,0.00,0.000,,,,321,12,10.7,15.0,1.7,331,10,10.7,15.0,1.7,331,10,175,28.04,0.4,0,0,0,39.9,44.6,45.7,0.56,0.46,0.45
DELE,2019-11-08 13:50:00 EST,42.41846,-78.42320,2042,23.0,22.8,12.1,64.9,12.9,0.000,0.008,0.00,0.000,,,,309,11,10.8,14.3,1.6,317,12,10.8,14.3,1.6,317,12,154,28.04,0.5,0,0,0,39.9,44.6,45.7,0.56,0.46,0.45
DELE,2019-11-08 13:55:00 EST,42.41846,-78.42320,2042,23.3,23.1,13.9,66.5,13.8,0.000,0.008,0.00,0.000,,,,300,12,8.6,11.9,1.0,307,12,8.6,11.9,1.0,307,12,182,28.04,0.4,0,0,0,39.9,44.6,45.7,0.56,0.46,0.45
DELE,2019-11-08 14:00:00 EST,42.41846,-78.42320,2042,23.5,23.2,13.2,65.8,13.8,0.000,0.008,0.00,0.000,8.9,13.0,1.8,315,9,10.0,14.7,1.7,324,9,10.0,14.7,1.7,324,9,388,28.04,0.5,0,0,0,39.9,44.6,45.7,0.56,0.46,0.45
DELE,2019-11-08 14:05:00 EST,42.41846,-78.42320,2042,24.5,23.8,13.9,68.1,15.5,0.000,0.008,0.00,0.000,9.4,13.4,1.9,332,19,10.9,17.3,2.4,342,19,10.9,17.3,2.4,342,19,625,28.04,0.4,0,0,0,39.9,44.6,45.7,0.56,0.46,0.45
DELE,2019-11-08 14:10:00 EST,42.41846,-78.42320,2042,24.0,23.3,12.1,68.4,15.1,0.000,0.008,0.00,0.000,11.0,13.2,1.2,350,15,13.2,16.6,1.6,360,8,13.2,16.6,1.6,360,8,567,28.04,0.4,0,0,0,39.9,44.6,45.7,0.56,0.46,0.45
DELE,2019-11-08 14:15:00 EST,42.41846,-78.42320,2042,23.5,23.0,12.1,69.3,15.0,0.000,0.008,0.00,0.000,10.6,13.2,1.0,337,10,12.1,16.3,1.4,349,8,12.1,16.3,1.4,349,8,247,28.04,0.4,0,0,0,39.9,44.6,45.7,0.56,0.46,0.45
DELE,2019-11-08 14:20:00 EST,42.41846,-78.42320,2042,22.7,22.5,11.1,71.2,14.7,0.000,0.008,0.00,0.000,10.0,12.3,1.1,350,6,11.9,14.8,1.4,1,4,11.9,14.8,1.4,1,4,117,28.04,0.4,0,0,0,39.9,44.6,45.7,0.56,0.46,0.45
DELE,2019-11-08 14:25:00 EST,42.41846,-78.42320,2042,23.0,22.9,13.6,71.0,15.1,0.000,0.008,0.00,0.000,7.6,10.3,1.2,335,13,8.5,12.3,1.5,345,13,8.5,12.3,1.5,345,13,333,28.04,0.4,0,0,0,39.8,44.5,45.7,0.56,0.46,0.45
DELE,2019-11-08 14:30:00 EST,42.41846,-78.42320,2042,24.1,23.7,14.9,67.9,15.0,0.000,0.008,0.00,0.000,7.6,10.7,1.2,310,14,8.4,12.0,1.4,318,15,8.4,12.0,1.4,318,15,448,28.04,0.4,0,0,0,39.8,44.5,45.7,0.56,0.46,0.45
DELE,2019-11-08 14:35:00 EST,42.41846,-78.42320,2042,24.3,23.9,13.7,66.0,14.6,0.000,0.008,0.00,0.000,9.7,12.6,1.5,290,13,10.9,14.5,1.8,297,13,10.9,14.5,1.8,297,13,470,28.04,0.4,0,0,0,39.8,44.5,45.7,0.56,0.46,0.45
DELE,2019-11-08 14:40:00 EST,42.41846,-78.42320,2042,24.4,24.0,13.3,64.1,14.0,0.000,0.008,0.00,0.000,10.5,14.4,1.9,282,15,11.8,16.4,2.2,290,14,11.8,16.4,2.2,290,14,413,28.04,0.4,0,0,0,39.8,44.5,45.7,0.56,0.46,0.45
DELE,2019-11-08 14:45:00 EST,42.41846,-78.42320,2042,24.2,23.8,13.0,63.7,13.7,0.000,0.008,0.00,0.000,11.2,14.5,1.6,297,13,12.0,16.5,1.8,303,15,12.0,16.5,1.8,303,15,362,28.04,0.4,0,0,0,39.7,44.5,45.7,0.56,0.46,0.45
DELE,2019-11-08 14:50:00 EST,42.41846,-78.42320,2042,24.0,23.6,12.7,65.0,13.9,0.000,0.008,0.00,0.000,11.2,15.5,2.1,300,12,11.9,16.3,2.3,307,12,11.9,16.3,2.3,307,12,174,28.04,0.3,0,0,0,39.7,44.5,45.7,0.56,0.46,0.45
DELE,2019-11-08 14:55:00 EST,42.41846,-78.42320,2042,23.4,23.2,12.9,67.8,14.3,0.000,0.008,0.00,0.000,9.6,13.3,1.9,302,8,10.1,14.1,1.7,310,8,10.1,14.1,1.7,310,8,131,28.04,0.4,0,0,0,39.7,44.5,45.7,0.56,0.46,0.45
DELE,2019-11-08 15:00:00 EST,42.41846,-78.42320,2042,24.0,23.7,13.9,67.6,14.8,0.000,0.008,0.00,0.000,9.1,12.3,1.6,300,12,9.8,13.4,1.7,308,13,9.8,13.4,1.7,308,13,296,28.04,0.3,0,0,0,39.7,44.4,45.7,0.56,0.46,0.45
DELE,2019-11-08 15:05:00 EST,42.41846,-78.42320,2042,23.7,23.4,13.2,66.1,14.0,0.000,0.008,0.00,0.000,9.6,13.0,1.4,290,11,10.5,15.2,1.6,296,11,10.5,15.2,1.6,296,11,229,28.04,0.4,0,0,0,39.7,44.4,45.7,0.56,0.46,0.45
DELE,2019-11-08 15:10:00 EST,42.41846,-78.42320,2042,24.3,23.9,14.0,64.3,13.9,0.000,0.008,0.00,0.000,9.2,11.5,1.3,274,8,10.3,14.6,1.6,282,8,10.3,14.6,1.6,282,8,351,28.04,0.4,0,0,0,39.7,44.4,45.7,0.56,0.46,0.45
DELE,2019-11-08 15:15:00 EST,42.41846,-78.42320,2042,24.7,24.3,15.6,64.6,14.4,0.000,0.008,0.00,0.000,7.7,11.9,1.7,268,9,8.5,12.9,1.9,276,8,8.5,12.9,1.9,276,8,436,28.04,0.3,0,0,0,39.7,44.4,45.7,0.56,0.46,0.45
DELE,2019-11-08 15:20:00 EST,42.41846,-78.42320,2042,24.7,24.2,15.3,61.7,13.4,0.000,0.008,0.00,0.000,8.2,11.1,1.9,284,12,8.9,12.1,2.0,290,11,8.9,12.1,2.0,290,11,430,28.04,0.3,0,0,0,39.7,44.4,45.7,0.56,0.46,0.45
DELE,2019-11-08 15:25:00 EST,42.41846,-78.42320,2042,24.7,24.3,15.0,61.9,13.5,0.000,0.008,0.00,0.000,8.6,11.5,1.4,270,9,9.6,12.9,1.5,277,9,9.6,12.9,1.5,277,9,412,28.05,0.4,0,0,0,39.7,44.4,45.7,0.56,0.46,0.45
DELE,2019-11-08 15:30:00 EST,42.41846,-78.42320,2042,24.6,24.2,14.9,62.4,13.6,0.000,0.008,0.00,0.000,8.7,12.2,1.6,288,13,9.5,13.8,2.0,294,12,9.5,13.8,2.0,294,12,369,28.05,0.3,0,0,0,39.7,44.4,45.7,0.56,0.46,0.45
DELE,2019-11-08 15:35:00 EST,42.41846,-78.42320,2042,24.4,23.9,16.2,64.7,14.2,0.000,0.008,0.00,0.000,6.7,11.2,2.0,308,13,7.1,11.7,2.0,318,13,7.1,11.7,2.0,318,13,152,28.05,0.3,0,0,0,39.7,44.4,45.7,0.56,0.46,0.45
DELE,2019-11-08 15:40:00 EST,42.41846,-78.42320,2042,23.6,23.3,14.0,66.8,14.2,0.000,0.008,0.00,0.000,8.6,11.4,1.4,320,7,9.0,11.8,1.3,329,7,9.0,11.8,1.3,329,7,247,28.05,0.3,0,0,0,39.7,44.4,45.7,0.56,0.46,0.45
DELE,2019-11-08 15:45:00 EST,42.41846,-78.42320,2042,23.5,23.3,14.4,66.1,13.9,0.000,0.008,0.00,0.000,7.8,10.3,1.2,325,9,8.2,13.3,1.4,336,9,8.2,13.3,1.4,336,9,204,28.05,0.3,0,0,0,39.7,44.4,45.7,0.56,0.46,0.45
DELE,2019-11-08 15:50:00 EST,42.41846,-78.42320,2042,23.0,22.9,13.7,67.1,13.7,0.000,0.008,0.00,0.000,7.6,9.8,1.1,329,10,8.2,11.0,1.2,340,10,8.2,11.0,1.2,340,10,56,28.05,0.3,0,0,0,39.7,44.4,45.7,0.56,0.46,0.45
DELE,2019-11-08 15:55:00 EST,42.41846,-78.42320,2042,22.9,22.9,15.2,66.2,13.3,0.000,0.008,0.00,0.000,5.7,9.8,1.6,325,9,6.2,10.4,1.6,335,9,6.2,10.4,1.6,335,9,55,28.05,0.3,0,0,0,39.7,44.4,45.7,0.56,0.46,0.45
DELE,2019-11-08 16:00:00 EST,42.41846,-78.42320,2042,23.0,23.1,13.5,67.7,13.9,0.000,0.008,0.00,0.000,8.1,10.5,1.4,308,13,8.6,11.5,1.4,316,14,8.6,11.5,1.4,316,14,137,28.05,0.3,0,0,0,39.7,44.4,45.7,0.56,0.46,0.45
DELE,2019-11-08 16:05:00 EST,42.41846,-78.42320,2042,23.1,23.1,13.1,66.6,13.6,0.000,0.008,0.00,0.000,8.9,11.6,1.2,306,7,9.4,12.2,1.1,315,8,9.4,12.2,1.1,315,8,53,28.05,0.3,0,0,0,39.7,44.4,45.7,0.56,0.46,0.45
DELE,2019-11-08 16:10:00 EST,42.41846,-78.42320,2042,23.1,23.1,13.7,67.3,13.9,0.000,0.008,0.00,0.000,7.8,9.9,1.1,288,15,8.4,11.0,1.1,295,16,8.4,11.0,1.1,295,16,127,28.05,0.3,0,0,0,39.7,44.4,45.7,0.56,0.46,0.45
DELE,2019-11-08 16:15:00 EST,42.41846,-78.42320,2042,23.4,23.3,14.5,65.6,13.5,0.000,0.008,0.00,0.000,6.9,9.9,1.1,279,7,7.7,10.6,1.1,286,6,7.7,10.6,1.1,286,6,104,28.06,0.3,0,0,0,39.7,44.4,45.7,0.56,0.46,0.45
DELE,2019-11-08 16:20:00 EST,42.41846,-78.42320,2042,23.0,23.1,13.8,67.6,13.9,0.000,0.008,0.00,0.000,7.5,12.0,1.4,287,13,8.1,13.1,1.5,294,13,8.1,13.1,1.5,294,13,35,28.06,0.3,0,0,0,39.7,44.4,45.7,0.56,0.46,0.45
DELE,2019-11-08 16:25:00 EST,42.41846,-78.42320,2042,22.8,22.9,12.7,69.2,14.2,0.000,0.008,0.00,0.000,8.8,12.6,1.4,289,9,9.4,13.1,1.5,296,8,9.4,13.1,1.5,296,8,30,28.06,0.3,0,0,0,39.7,44.4,45.7,0.56,0.46,0.45
DELE,2019-11-08 16:30:00 EST,42.41846,-78.42320,2042,22.7,22.7,12.8,68.5,13.9,0.000,0.008,0.00,0.000,8.3,11.1,1.3,297,10,9.0,11.7,1.3,303,10,9.0,11.7,1.3,303,10,37,28.06,0.3,0,0,0,39.7,44.4,45.7,0.56,0.46,0.45
DELE,2019-11-08 16:35:00 EST,42.41846,-78.42320,2042,22.6,22.7,12.7,67.8,13.6,0.000,0.008,0.00,0.000,8.7,10.4,0.9,296,6,9.0,12.1,1.1,303,7,9.0,12.1,1.1,303,7,46,28.06,0.3,0,0,0,39.7,44.4,45.7,0.56,0.46,0.45
DELE,2019-11-08 16:40:00 EST,42.41846,-78.42320,2042,22.3,22.6,13.4,68.0,13.4,0.000,0.008,0.00,0.000,7.1,10.0,1.0,296,9,7.5,10.7,1.1,303,8,7.5,10.7,1.1,303,8,20,28.06,0.3,0,0,0,39.7,44.4,45.7,0.56,0.46,0.45
DELE,2019-11-08 16:45:00 EST,42.41846,-78.42320,2042,22.2,22.5,13.7,68.9,13.5,0.000,0.008,0.00,0.000,6.4,8.0,0.7,292,9,6.9,9.3,0.9,299,10,6.9,9.3,0.9,299,10,33,28.06,0.3,0,0,0,39.7,44.4,45.7,0.56,0.46,0.45
DELE,2019-11-08 16:50:00 EST,42.41846,-78.42320,2042,22.3,22.5,14.5,69.2,13.8,0.000,0.008,0.00,0.000,5.6,8.5,0.9,289,8,6.2,8.9,1.0,296,7,6.2,8.9,1.0,296,7,25,28.06,0.2,0,0,0,39.7,44.4,45.7,0.56,0.46,0.45
DELE,2019-11-08 16:55:00 EST,42.41846,-78.42320,2042,22.1,22.3,14.0,70.8,14.0,0.000,0.008,0.00,0.000,6.0,7.6,0.8,290,7,6.4,8.2,1.0,298,7,6.4,8.2,1.0,298,7,18,28.06,0.3,0,0,0,39.7,44.4,45.7,0.56,0.46,0.45
DELE,2019-11-08 17:00:00 EST,42.41846,-78.42320,2042,21.6,22.2,14.0,72.6,14.2,0.000,0.008,0.00,0.000,5.4,6.6,0.6,291,8,5.9,7.3,0.7,298,8,5.9,7.3,0.7,298,8,7,28.06,0.3,0,0,0,39.7,44.4,45.7,0.56,0.46,0.45
DELE,2019-11-08 17:05:00 EST,42.41846,-78.42320,2042,21.4,22.1,15.0,73.8,14.4,0.000,0.008,0.00,0.000,4.3,6.0,0.7,285,6,4.7,6.6,0.8,292,6,4.7,6.6,0.8,292,6,4,28.06,0.2,0,0,0,39.7,44.4,45.7,0.56,0.46,0.45
DELE,2019-11-08 17:10:00 EST,42.41846,-78.42320,2042,21.5,22.0,15.8,74.4,14.6,0.000,0.008,0.00,0.000,3.7,5.1,0.5,283,8,4.1,5.8,0.7,290,7,4.1,5.8,0.7,290,7,2,28.06,0.3,0,0,0,39.7,44.4,45.7,0.56,0.46,0.45
DELE,2019-11-08 17:15:00 EST,42.41846,-78.42320,2042,21.5,21.9,15.1,73.9,14.5,0.000,0.008,0.00,0.000,4.3,6.1,0.9,281,12,4.7,7.0,1.0,288,11,4.7,7.0,1.0,288,11,1,28.06,0.2,0,0,0,39.7,44.4,45.7,0.56,0.46,0.45
DELE,2019-11-08 17:20:00 EST,42.41846,-78.42320,2042,21.5,22.0,12.8,72.2,14.0,0.000,0.008,0.00,0.000,6.4,9.1,0.9,278,8,7.1,10.7,1.1,286,8,7.1,10.7,1.1,286,8,0,28.06,0.3,0,0,0,39.7,44.4,45.7,0.56,0.46,0.45
DELE,2019-11-08 17:25:00 EST,42.41846,-78.42320,2042,21.2,21.7,13.9,73.2,13.9,0.000,0.008,0.00,0.000,4.8,7.4,0.9,279,12,5.4,8.3,1.0,286,11,5.4,8.3,1.0,286,11,0,28.06,0.4,0,0,0,39.7,44.4,45.7,0.56,0.46,0.45
DELE,2019-11-08 17:30:00 EST,42.41846,-78.42320,2042,21.3,21.7,12.9,73.1,14.1,0.000,0.008,0.00,0.000,6.0,8.3,0.7,283,7,6.7,8.9,0.8,291,7,6.7,8.9,0.8,291,7,0,28.06,0.3,0,0,0,39.7,44.4,45.7,0.56,0.46,0.45
DELE,2019-11-08 17:35:00 EST,42.41846,-78.42320,2042,21.1,21.6,12.9,73.4,14.0,0.000,0.008,0.00,0.000,5.9,7.7,0.8,289,9,6.4,9.1,1.0,296,9,6.4,9.1,1.0,296,9,0,28.07,0.2,0,0,0,39.7,44.4,45.7,0.56,0.46,0.45
DELE,2019-11-08 17:40:00 EST,42.41846,-78.42320,2042,21.1,21.5,13.2,74.0,14.1,0.000,0.008,0.00,0.000,5.6,7.6,0.8,292,8,6.0,8.2,0.8,301,8,6.0,8.2,0.8,301,8,0,28.07,0.3,0,0,0,39.7,44.4,45.7,0.56,0.46,0.45
DELE,2019-11-08 17:45:00 EST,42.41846,-78.42320,2042,20.8,21.3,13.7,74.2,13.9,0.000,0.008,0.00,0.000,4.9,7.7,0.7,292,6,5.3,8.6,0.8,300,7,5.3,8.6,0.8,300,7,0,28.07,0.2,0,0,0,39.7,44.4,45.7,0.56,0.46,0.45
DELE,2019-11-08 17:50:00 EST,42.41846,-78.42320,2042,20.7,21.2,14.4,76.0,14.3,0.000,0.008,0.00,0.000,4.0,5.3,0.5,286,6,4.4,6.2,0.6,294,6,4.4,6.2,0.6,294,6,0,28.07,0.3,0,0,0,39.7,44.4,45.7,0.56,0.46,0.45
DELE,2019-11-08 17:55:00 EST,42.41846,-78.42320,2042,20.8,21.2,14.8,76.1,14.5,0.000,0.008,0.00,0.000,3.8,4.7,0.4,283,6,4.3,5.5,0.5,291,5,4.3,5.5,0.5,291,5,0,28.07,0.2,0,0,0,39.7,44.4,45.7,0.56,0.46,0.45
DELE,2019-11-08 18:00:00 EST,42.41846,-78.42320,2042,20.8,21.2,14.3,76.1,14.4,0.000,0.008,0.00,0.000,4.2,5.3,0.5,286,5,4.6,5.9,0.6,293,5,4.6,5.9,0.6,293,5,0,28.07,0.3,0,0,0,39.7,44.4,45.7,0.56,0.46,0.45
DELE,2019-11-08 18:05:00 EST,42.41846,-78.42320,2042,20.7,21.2,13.9,76.2,14.4,0.000,0.008,0.00,0.000,4.5,5.6,0.4,290,5,4.9,6.1,0.5,298,5,4.9,6.1,0.5,298,5,0,28.07,0.2,0,0,0,39.7,44.4,45.6,0.56,0.46,0.45
DELE,2019-11-08 18:10:00 EST,42.41846,-78.42320,2042,20.6,21.2,14.0,76.5,14.4,0.000,0.008,0.00,0.000,4.4,5.1,0.3,293,5,4.7,5.5,0.4,300,5,4.7,5.5,0.4,300,5,0,28.07,0.3,0,0,0,39.7,44.4,45.7,0.56,0.46,0.45
DELE,2019-11-08 18:15:00 EST,42.41846,-78.42320,2042,20.5,21.1,14.0,76.8,14.4,0.000,0.008,0.00,0.000,4.3,5.3,0.4,295,5,4.6,5.6,0.4,303,4,4.6,5.6,0.4,303,4,0,28.07,0.3,0,0,0,39.7,44.4,45.6,0.56,0.46,0.45
DELE,2019-11-08 18:20:00 EST,42.41846,-78.42320,2042,20.5,21.0,14.3,77.2,14.5,0.000,0.008,0.00,0.000,3.9,4.5,0.2,286,4,4.3,5.2,0.3,294,5,4.3,5.2,0.3,294,5,0,28.07,0.3,0,0,0,39.7,44.4,45.7,0.56,0.46,0.45
DELE,2019-11-08 18:25:00 EST,42.41846,-78.42320,2042,20.4,20.8,13.7,78.0,14.6,0.000,0.008,0.00,0.000,4.4,5.1,0.4,289,5,4.7,5.6,0.4,296,5,4.7,5.6,0.4,296,5,0,28.07,0.2,0,0,0,39.7,44.4,45.5,0.56,0.46,0.45
DELE,2019-11-08 18:30:00 EST,42.41846,-78.42320,2042,20.3,21.0,12.7,78.1,14.5,0.000,0.008,0.00,0.000,5.3,6.0,0.3,296,3,5.5,6.5,0.4,303,3,5.5,6.5,0.4,303,3,0,28.07,0.2,0,0,0,39.7,44.4,45.6,0.56,0.46,0.45
DELE,2019-11-08 18:35:00 EST,42.41846,-78.42320,2042,20.2,20.9,12.9,77.8,14.3,0.000,0.008,0.00,0.000,4.9,5.6,0.3,295,3,5.2,6.0,0.3,304,4,5.2,6.0,0.3,304,4,0,28.08,0.2,0,0,0,39.7,44.4,45.6,0.56,0.46,0.45
DELE,2019-11-08 18:40:00 EST,42.41846,-78.42320,2042,20.1,20.8,13.2,78.3,14.5,0.000,0.008,0.00,0.000,4.6,5.4,0.4,291,4,5.0,6.1,0.4,299,4,5.0,6.1,0.4,299,4,0,28.08,0.2,0,0,0,39.7,44.4,45.6,0.56,0.46,0.45
DELE,2019-11-08 18:45:00 EST,42.41846,-78.42320,2042,19.9,20.6,13.5,79.1,14.5,0.000,0.008,0.00,0.000,4.0,4.9,0.3,284,3,4.4,5.4,0.4,292,4,4.4,5.4,0.4,292,4,0,28.08,0.2,0,0,0,39.7,44.4,45.6,0.56,0.46,0.45
DELE,2019-11-08 18:50:00 EST,42.41846,-78.42320,2042,19.3,20.5,12.8,82.7,14.9,0.000,0.008,0.00,0.000,4.1,4.7,0.2,272,4,4.4,5.1,0.3,281,4,4.4,5.1,0.3,281,4,0,28.08,0.3,0,0,0,39.7,44.4,45.5,0.56,0.46,0.45
DELE,2019-11-08 18:55:00 EST,42.41846,-78.42320,2042,19.4,20.6,12.5,83.2,15.1,0.000,0.008,0.00,0.000,4.4,4.7,0.2,265,2,4.8,5.2,0.3,273,3,4.8,5.2,0.3,273,3,0,28.08,0.3,0,0,0,39.7,44.4,45.5,0.56,0.46,0.45
DELE,2019-11-08 19:00:00 EST,42.41846,-78.42320,2042,19.8,20.8,13.2,81.8,15.1,0.000,0.008,0.00,0.000,4.2,4.8,0.3,270,4,4.6,5.3,0.4,278,5,4.6,5.3,0.4,278,5,0,28.08,0.3,0,0,0,39.7,44.4,45.5,0.56,0.46,0.45
DELE,2019-11-08 19:05:00 EST,42.41846,-78.42320,2042,20.1,20.9,13.3,80.5,15.1,0.000,0.008,0.00,0.000,4.4,5.3,0.4,280,4,4.8,6.1,0.5,288,3,4.8,6.1,0.5,288,3,0,28.08,0.3,0,0,0,39.7,44.4,45.5,0.56,0.46,0.45
DELE,2019-11-08 19:10:00 EST,42.41846,-78.42320,2042,20.1,20.8,13.3,79.0,14.7,0.000,0.008,0.00,0.000,4.4,5.1,0.3,279,4,4.9,5.9,0.4,287,3,4.9,5.9,0.4,287,3,0,28.08,0.2,0,0,0,39.7,44.4,45.5,0.56,0.46,0.45
DELE,2019-11-08 19:15:00 EST,42.41846,-78.42320,2042,20.1,20.7,13.5,79.1,14.7,0.000,0.008,0.00,0.000,4.2,4.6,0.2,277,2,4.6,5.3,0.2,285,2,4.6,5.3,0.2,285,2,0,28.08,0.2,0,0,0,39.7,44.4,45.5,0.56,0.46,0.45
DELE,2019-11-08 19:20:00 EST,42.41846,-78.42320,2042,20.1,20.7,13.6,79.4,14.8,0.000,0.008,0.00,0.000,4.2,4.6,0.2,268,4,4.6,5.1,0.3,277,5,4.6,5.1,0.3,277,5,0,28.08,0.3,0,0,0,39.6,44.4,45.5,0.56,0.46,0.45
DELE,2019-11-08 19:25:00 EST,42.41846,-78.42320,2042,20.0,20.6,14.5,79.7,14.7,0.000,0.008,0.00,0.000,3.5,4.7,0.5,261,5,3.8,5.0,0.5,269,5,3.8,5.0,0.5,269,5,0,28.08,0.3,0,0,0,39.6,44.4,45.5,0.56,0.46,0.45
DELE,2019-11-08 19:30:00 EST,42.41846,-78.42320,2042,19.8,20.6,14.6,80.8,14.8,0.000,0.008,0.00,0.000,3.2,4.1,0.5,262,6,3.5,4.4,0.5,270,6,3.5,4.4,0.5,270,6,0,28.08,0.3,0,0,0,39.6,44.4,45.5,0.56,0.46,0.45
DELE,2019-11-08 19:35:00 EST,42.41846,-78.42320,2042,19.6,20.3,14.7,81.6,14.8,0.000,0.008,0.00,0.000,3.1,3.9,0.3,241,7,3.3,4.4,0.4,247,8,3.3,4.4,0.4,247,8,0,28.08,0.3,0,0,0,39.6,44.4,45.5,0.56,0.46,0.45
DELE,2019-11-08 19:40:00 EST,42.41846,-78.42320,2042,19.3,20.1,14.8,81.5,14.5,0.000,0.008,0.00,0.000,3.0,3.5,0.2,236,3,3.1,3.9,0.3,242,4,3.1,3.9,0.3,242,4,0,28.08,0.3,0,0,0,39.6,44.4,45.5,0.56,0.46,0.45
DELE,2019-11-08 19:45:00 EST,42.41846,-78.42320,2042,19.2,20.2,14.5,82.0,14.6,0.000,0.008,0.00,0.000,3.0,3.7,0.3,242,5,3.2,4.0,0.4,250,6,3.2,4.0,0.4,250,6,0,28.08,0.3,0,0,0,39.6,44.4,45.5,0.56,0.46,0.45
DELE,2019-11-08 19:50:00 EST,42.41846,-78.42320,2042,19.3,20.3,14.3,82.6,14.9,0.000,0.008,0.00,0.000,3.1,3.7,0.2,246,3,3.4,4.2,0.3,253,4,3.4,4.2,0.3,253,4,0,28.08,0.3,0,0,0,39.6,44.4,45.5,0.56,0.46,0.45
DELE,2019-11-08 19:55:00 EST,42.41846,-78.42320,2042,19.4,20.3,14.0,81.7,14.7,0.000,0.008,0.00,0.000,3.4,3.9,0.2,235,5,3.6,4.3,0.3,242,6,3.6,4.3,0.3,242,6,0,28.08,0.3,0,0,0,39.6,44.4,45.5,0.56,0.46,0.45
DELE,2019-11-08 20:00:00 EST,42.41846,-78.42320,2042,19.5,20.3,13.4,80.8,14.5,0.000,0.008,0.00,0.000,3.9,4.4,0.3,224,3,4.2,4.9,0.4,230,4,4.2,4.9,0.4,230,4,0,28.08,0.3,0,0,0,39.6,44.4,45.5,0.56,0.46,0.45
DELE,2019-11-08 20:05:00 EST,42.41846,-78.42320,2042,19.5,20.3,13.7,80.4,14.5,0.000,0.008,0.00,0.000,3.7,4.3,0.3,230,3,4.0,4.8,0.4,236,3,4.0,4.8,0.4,236,3,0,28.08,0.3,0,0,0,39.6,44.4,45.5,0.56,0.46,0.45
DELE,2019-11-08 20:10:00 EST,42.41846,-78.42320,2042,19.3,20.3,13.6,81.1,14.5,0.000,0.008,0.00,0.000,3.6,4.1,0.2,217,10,3.9,4.6,0.3,224,9,3.9,4.6,0.3,224,9,0,28.08,0.2,0,0,0,39.6,44.4,45.5,0.56,0.46,0.45
DELE,2019-11-08 20:15:00 EST,42.41846,-78.42320,2042,18.1,20.2,12.1,84.6,14.3,0.000,0.008,0.00,0.000,3.7,4.2,0.2,203,4,4.0,4.6,0.2,212,5,4.0,4.6,0.2,212,5,0,28.08,0.3,0,0,0,39.6,44.4,45.5,0.56,0.46,0.45
DELE,2019-11-08 20:20:00 EST,42.41846,-78.42320,2042,18.1,20.0,11.5,88.6,15.3,0.000,0.008,0.00,0.000,4.0,4.6,0.3,199,4,4.3,5.1,0.4,207,5,4.3,5.1,0.4,207,5,0,28.08,0.3,0,0,0,39.6,44.4,45.5,0.56,0.46,0.45
DELE,2019-11-08 20:25:00 EST,42.41846,-78.42320,2042,18.3,19.9,10.5,89.2,15.7,0.000,0.008,0.00,0.000,5.1,6.1,0.4,195,9,5.4,6.5,0.4,202,10,5.4,6.5,0.4,202,10,0,28.07,0.2,0,0,0,39.6,44.4,45.5,0.56,0.46,0.45
DELE,2019-11-08 20:30:00 EST,42.41846,-78.42320,2042,17.6,19.0,9.3,88.7,14.8,0.000,0.008,0.00,0.000,5.3,6.5,0.6,173,6,5.7,6.9,0.6,179,6,5.7,6.9,0.6,179,6,0,28.07,0.3,0,0,0,39.6,44.4,45.5,0.56,0.46,0.45
DELE,2019-11-08 20:35:00 EST,42.41846,-78.42320,2042,17.6,19.0,9.5,90.9,15.4,0.000,0.008,0.00,0.000,5.1,6.0,0.4,175,4,5.6,6.4,0.4,181,4,5.6,6.4,0.4,181,4,0,28.07,0.4,0,0,0,39.6,44.4,45.5,0.56,0.46,0.45
DELE,2019-11-08 20:40:00 EST,42.41846,-78.42320,2042,17.5,18.4,8.6,91.5,15.5,0.000,0.008,0.00,0.000,6.0,6.4,0.2,176,1,6.4,7.0,0.3,181,2,6.4,7.0,0.3,181,2,0,28.07,0.3,0,0,0,39.6,44.3,45.5,0.56,0.46,0.45
DELE,2019-11-08 20:45:00 EST,42.41846,-78.42320,2042,17.2,18.5,8.3,92.0,15.3,0.000,0.008,0.00,0.000,5.9,6.1,0.2,176,2,6.3,6.7,0.2,181,2,6.3,6.7,0.2,181,2,0,28.07,0.2,0,0,0,39.6,44.3,45.5,0.56,0.46,0.45
DELE,2019-11-08 20:50:00 EST,42.41846,-78.42320,2042,17.1,18.7,7.9,93.7,15.6,0.000,0.008,0.00,0.000,6.2,6.8,0.3,174,1,6.6,7.2,0.3,179,2,6.6,7.2,0.3,179,2,0,28.07,0.4,0,0,0,39.6,44.4,45.5,0.56,0.46,0.45
DELE,2019-11-08 20:55:00 EST,42.41846,-78.42320,2042,17.2,18.5,7.2,94.9,16.0,0.000,0.008,0.00,0.000,7.2,8.0,0.3,175,1,7.5,8.5,0.4,180,2,7.5,8.5,0.4,180,2,0,28.07,0.3,0,0,0,39.6,44.4,45.5,0.56,0.46,0.45
DELE,2019-11-08 21:00:00 EST,42.41846,-78.42320,2042,16.9,18.3,6.7,94.0,15.4,0.000,0.008,0.00,0.000,7.1,7.8,0.3,178,3,7.6,8.4,0.4,183,4,7.6,8.4,0.4,183,4,0,28.07,0.3,0,0,0,39.6,44.3,45.5,0.56,0.46,0.45
DELE,2019-11-08 21:05:00 EST,42.41846,-78.42320,2042,17.0,18.8,7.2,94.0,15.5,0.000,0.008,0.00,0.000,6.9,8.6,0.5,187,6,7.3,9.2,0.5,194,5,7.3,9.2,0.5,194,5,0,28.07,0.3,0,0,0,39.6,44.1,45.5,0.56,0.46,0.45
DELE,2019-11-08 21:10:00 EST,42.41846,-78.42320,2042,16.8,18.2,7.3,93.0,15.1,0.000,0.008,0.00,0.000,6.4,7.7,0.6,189,5,6.8,8.4,0.7,196,6,6.8,8.4,0.7,196,6,0,28.07,0.3,0,0,0,39.6,44.3,45.5,0.56,0.46,0.45
DELE,2019-11-08 21:15:00 EST,42.41846,-78.42320,2042,16.8,18.2,7.7,93.3,15.2,0.000,0.008,0.00,0.000,6.1,7.7,0.6,194,6,6.4,8.0,0.6,200,6,6.4,8.0,0.6,200,6,0,28.07,0.4,0,0,0,39.6,44.1,45.5,0.56,0.46,0.45
DELE,2019-11-08 21:20:00 EST,42.41846,-78.42320,2042,17.2,19.1,8.7,92.7,15.4,0.000,0.008,0.00,0.000,5.5,6.8,0.5,195,5,5.9,7.1,0.5,200,5,5.9,7.1,0.5,200,5,0,28.07,0.4,0,0,0,39.6,44.1,45.5,0.56,0.46,0.45
DELE,2019-11-08 21:25:00 EST,42.41846,-78.42320,2042,17.9,19.7,9.3,92.6,16.1,0.000,0.008,0.00,0.000,5.8,6.4,0.3,204,5,6.1,6.6,0.4,212,5,6.1,6.6,0.4,212,5,0,28.06,0.3,0,0,0,39.6,44.1,45.5,0.56,0.46,0.45
DELE,2019-11-08 21:30:00 EST,42.41846,-78.42320,2042,18.2,20.2,9.1,87.2,15.1,0.000,0.008,0.00,0.000,6.3,7.2,0.4,214,3,6.8,7.9,0.5,219,3,6.8,7.9,0.5,219,3,0,28.06,0.2,0,0,0,39.6,44.1,45.5,0.56,0.46,0.45
DELE,2019-11-08 21:35:00 EST,42.41846,-78.42320,2042,17.4,19.0,8.6,86.8,14.2,0.000,0.008,0.00,0.000,6.0,6.9,0.4,204,6,6.3,7.6,0.5,211,5,6.3,7.6,0.5,211,5,0,28.07,0.2,0,0,0,39.6,44.1,45.5,0.56,0.46,0.45
DELE,2019-11-08 21:40:00 EST,42.41846,-78.42320,2042,17.4,18.9,7.7,88.8,14.6,0.000,0.008,0.00,0.000,6.8,8.8,0.6,206,6,7.2,9.1,0.6,213,5,7.2,9.1,0.6,213,5,0,28.07,0.3,0,0,0,39.6,44.1,45.5,0.56,0.46,0.45
DELE,2019-11-08 21:45:00 EST,42.41846,-78.42320,2042,17.8,18.8,8.3,85.6,14.2,0.000,0.008,0.00,0.000,6.8,8.0,0.6,203,6,7.1,8.6,0.7,210,5,7.1,8.6,0.7,210,5,0,28.07,0.4,0,0,0,39.6,44.1,45.5,0.56,0.46,0.45
DELE,2019-11-08 21:50:00 EST,42.41846,-78.42320,2042,17.7,18.5,7.7,85.5,14.1,0.000,0.008,0.00,0.000,7.3,9.1,0.7,203,6,7.7,9.5,0.7,209,5,7.7,9.5,0.7,209,5,0,28.07,0.2,0,0,0,39.6,44.1,45.5,0.56,0.46,0.45
DELE,2019-11-08 21:55:00 EST,42.41846,-78.42320,2042,16.9,18.2,6.8,88.0,13.9,0.000,0.008,0.00,0.000,7.2,8.3,0.6,206,5,7.6,8.9,0.6,213,5,7.6,8.9,0.6,213,5,0,28.07,0.4,0,0,0,39.6,44.1,45.5,0.56,0.46,0.45
DELE,2019-11-08 22:00:00 EST,42.41846,-78.42320,2042,17.0,18.6,7.3,89.0,14.4,0.000,0.008,0.00,0.000,7.0,8.6,0.6,205,6,7.2,9.2,0.7,212,5,7.2,9.2,0.7,212,5,0,28.06,0.4,0,0,0,39.6,44.1,45.5,0.56,0.46,0.45
DELE,2019-11-08 22:05:00 EST,42.41846,-78.42320,2042,17.5,19.0,7.7,87.4,14.4,0.000,0.008,0.00,0.000,7.0,8.8,0.5,206,6,7.4,9.5,0.6,213,4,7.4,9.5,0.6,213,4,0,28.06,0.3,0,0,0,39.6,44.1,45.5,0.56,0.46,0.45
DELE,2019-11-08 22:10:00 EST,42.41846,-78.42320,2042,17.5,19.0,7.6,85.3,13.8,0.000,0.008,0.00,0.000,7.1,8.5,0.5,200,5,7.4,8.7,0.5,207,5,7.4,8.7,0.5,207,5,0,28.06,0.3,0,0,0,39.6,44.1,45.5,0.56,0.46,0.45
DELE,2019-11-08 22:15:00 EST,42.41846,-78.42320,2042,16.4,18.3,7.1,88.5,13.6,0.000,0.008,0.00,0.000,6.3,7.5,0.4,195,5,6.6,7.7,0.5,201,5,6.6,7.7,0.5,201,5,0,28.06,0.3,0,0,0,39.6,44.1,45.5,0.56,0.46,0.45
DELE,2019-11-08 22:20:00 EST,42.41846,-78.42320,2042,16.2,18.5,6.4,92.8,14.5,0.000,0.008,0.00,0.000,6.8,7.7,0.4,202,4,7.1,8.0,0.5,209,4,7.1,8.0,0.5,209,4,0,28.06,0.3,0,0,0,39.6,44.1,45.5,0.56,0.46,0.45
DELE,2019-11-08 22:25:00 EST,42.41846,-78.42320,2042,16.6,18.7,7.1,92.7,14.8,0.000,0.008,0.00,0.000,6.4,7.7,0.4,205,5,6.7,8.4,0.5,211,4,6.7,8.4,0.5,211,4,0,28.06,0.3,0,0,0,39.6,44.1,45.5,0.56,0.46,0.45
DELE,2019-11-08 22:30:00 EST,42.41846,-78.42320,2042,17.1,19.2,7.9,90.5,14.8,0.000,0.008,0.00,0.000,6.3,6.9,0.3,204,4,6.6,7.5,0.3,212,4,6.6,7.5,0.3,212,4,0,28.06,0.3,0,0,0,39.6,44.1,45.5,0.56,0.46,0.45
DELE,2019-11-08 22:35:00 EST,42.41846,-78.42320,2042,17.1,19.3,7.6,88.7,14.4,0.000,0.008,0.00,0.000,6.7,7.3,0.3,203,4,7.0,8.6,0.4,211,4,7.0,8.6,0.4,211,4,0,28.05,0.3,0,0,0,39.6,44.1,45.5,0.56,0.46,0.45
DELE,2019-11-08 22:40:00 EST,42.41846,-78.42320,2042,17.0,18.9,7.6,89.4,14.4,0.000,0.008,0.00,0.000,6.3,7.8,0.4,210,3,6.8,8.1,0.4,217,2,6.8,8.1,0.4,217,2,0,28.05,0.2,0,0,0,39.6,44.1,45.5,0.56,0.46,0.45
DELE,2019-11-08 22:45:00 EST,42.41846,-78.42320,2042,17.0,18.8,7.6,89.5,14.5,0.000,0.008,0.00,0.000,6.4,7.6,0.4,211,5,6.8,8.3,0.5,217,4,6.8,8.3,0.5,217,4,0,28.05,0.3,0,0,0,39.6,44.1,45.5,0.56,0.46,0.45
DELE,2019-11-08 22:50:00 EST,42.41846,-78.42320,2042,17.5,19.2,7.7,87.5,14.4,0.000,0.008,0.00,0.000,6.9,8.2,0.4,210,5,7.3,8.6,0.5,216,3,7.3,8.6,0.5,216,3,0,28.05,0.3,0,0,0,39.6,44.1,45.5,0.56,0.46,0.45
DELE,2019-11-08 22:55:00 EST,42.41846,-78.42320,2042,18.0,19.4,8.6,85.7,14.5,0.000,0.008,0.00,0.000,6.6,7.5,0.4,207,5,7.1,8.0,0.5,214,4,7.1,8.0,0.5,214,4,0,28.05,0.3,0,0,0,39.6,44.1,45.5,0.56,0.46,0.45
DELE,2019-11-08 23:00:00 EST,42.41846,-78.42320,2042,18.2,19.5,8.7,84.3,14.2,0.000,0.008,0.00,0.000,6.7,7.5,0.4,205,5,7.1,8.0,0.4,212,5,7.1,8.0,0.4,212,5,0,28.05,0.4,0,0,0,39.6,44.1,45.5,0.56,0.46,0.45
DELE,2019-11-08 23:05:00 EST,42.41846,-78.42320,2042,17.7,18.6,8.0,86.4,14.4,0.000,0.008,0.00,0.000,7.0,8.7,0.9,192,8,7.4,9.1,0.9,199,8,7.4,9.1,0.9,199,8,0,28.05,0.4,0,0,0,39.6,44.1,45.5,0.56,0.46,0.45
DELE,2019-11-08 23:10:00 EST,42.41846,-78.42320,2042,17.2,18.4,7.9,90.6,14.9,0.000,0.008,0.00,0.000,6.3,7.0,0.3,186,4,6.7,7.5,0.4,193,4,6.7,7.5,0.4,193,4,0,28.05,0.4,0,0,0,39.6,44.1,45.5,0.56,0.46,0.45
DELE,2019-11-08 23:15:00 EST,42.41846,-78.42320,2042,17.2,19.2,8.0,92.5,15.4,0.000,0.008,0.00,0.000,6.3,6.6,0.2,188,2,6.6,7.3,0.2,195,2,6.6,7.3,0.2,195,2,0,28.05,0.4,0,0,0,39.6,44.1,45.5,0.56,0.46,0.45
DELE,2019-11-08 23:20:00 EST,42.41846,-78.42320,2042,17.4,19.2,8.7,92.8,15.7,0.000,0.008,0.00,0.000,5.8,6.5,0.3,188,4,6.2,7.0,0.3,195,4,6.2,7.0,0.3,195,4,0,28.05,0.4,0,0,0,39.5,44.1,45.5,0.55,0.46,0.45
DELE,2019-11-08 23:25:00 EST,42.41846,-78.42320,2042,17.5,18.6,7.9,92.7,15.8,0.000,0.008,0.00,0.000,6.8,7.6,0.5,174,4,7.2,7.9,0.4,179,4,7.2,7.9,0.4,179,4,0,28.04,0.4,0,0,0,39.6,44.1,45.5,0.55,0.46,0.45
DELE,2019-11-08 23:30:00 EST,42.41846,-78.42320,2042,17.5,19.2,8.0,92.4,15.7,0.000,0.008,0.00,0.000,6.6,7.3,0.3,175,2,7.0,7.7,0.2,179,2,7.0,7.7,0.2,179,2,0,28.04,0.4,0,0,0,39.5,44.1,45.5,0.55,0.46,0.45
DELE,2019-11-08 23:35:00 EST,42.41846,-78.42320,2042,17.7,19.9,8.8,91.3,15.6,0.000,0.008,0.00,0.000,6.0,6.5,0.2,183,4,6.4,7.0,0.2,190,4,6.4,7.0,0.2,190,4,0,28.04,0.4,0,0,0,39.5,44.1,45.5,0.55,0.46,0.45
DELE,2019-11-08 23:40:00 EST,42.41846,-78.42320,2042,17.5,19.5,8.2,90.3,15.1,0.000,0.008,0.00,0.000,6.4,7.0,0.3,186,4,6.8,8.0,0.4,193,3,6.8,8.0,0.4,193,3,0,28.04,0.4,0,0,0,39.5,44.1,45.5,0.55,0.46,0.45
DELE,2019-11-08 23:45:00 EST,42.41846,-78.42320,2042,17.4,19.2,8.1,90.9,15.2,0.000,0.008,0.00,0.000,6.4,8.0,0.5,187,6,6.8,8.4,0.5,194,4,6.8,8.4,0.5,194,4,0,28.04,0.4,0,0,0,39.4,44.1,45.5,0.55,0.46,0.45
DELE,2019-11-08 23:50:00 EST,42.41846,-78.42320,2042,17.6,19.2,8.2,90.3,15.2,0.000,0.008,0.00,0.000,6.5,8.6,0.6,186,5,6.9,9.1,0.7,193,4,6.9,9.1,0.7,193,4,0,28.04,0.3,0,0,0,39.4,44.1,45.5,0.55,0.46,0.45
DELE,2019-11-08 23:55:00 EST,42.41846,-78.42320,2042,17.6,19.1,8.3,90.2,15.2,0.000,0.008,0.00,0.000,6.5,7.3,0.3,185,4,6.8,7.7,0.4,192,4,6.8,7.7,0.4,192,4,0,28.04,0.4,0,0,0,39.4,44.1,45.5,0.55,0.46,0.45
DEPO,2019-11-08 00:00:00 EST,42.06855,-75.39220,1022,26.3,27.3,26.3,88.7,23.5,0.000,0.257,0.00,0.000,2.0,3.5,0.5,274,16,2.4,4.0,0.6,276,15,2.4,4.0,0.6,276,15,0,28.99,-0.1,0,0,,45.7,48.6,,0.26,0.25,
DEPO,2019-11-08 00:05:00 EST,42.06855,-75.39220,1022,26.2,27.0,26.2,91.1,24.0,0.000,0.000,0.00,0.000,1.4,2.0,0.2,237,16,1.6,2.5,0.3,234,17,1.6,2.5,0.3,234,17,0,28.99,-0.1,0,0,,45.7,48.6,,0.26,0.25,
DEPO,2019-11-08 00:10:00 EST,42.06855,-75.39220,1022,25.9,26.7,25.9,92.2,24.0,0.000,0.000,0.00,0.000,1.2,1.9,0.3,222,15,1.4,2.3,0.4,218,15,1.4,2.3,0.4,218,15,0,28.98,-0.1,0,0,,45.7,48.6,,0.26,0.25,
DEPO,2019-11-08 00:15:00 EST,42.06855,-75.39220,1022,26.0,26.4,26.0,94.0,24.5,0.000,0.000,0.00,0.000,1.1,2.3,0.4,253,25,1.3,2.7,0.5,250,27,1.3,2.7,0.5,250,27,0,28.98,-0.0,0,0,,45.7,48.6,,0.26,0.25,
DEPO,2019-11-08 00:20:00 EST,42.06855,-75.39220,1022,25.8,26.3,25.8,94.0,24.3,0.000,0.000,0.00,0.000,1.2,1.7,0.2,240,23,1.4,2.4,0.3,236,22,1.4,2.4,0.3,236,22,0,28.98,-0.1,0,0,,45.6,48.6,,0.26,0.25,
DEPO,2019-11-08 00:25:00 EST,42.06855,-75.39220,1022,25.5,26.1,25.5,94.8,24.2,0.000,0.000,0.00,0.000,1.4,2.8,0.7,141,21,1.5,2.5,0.4,141,25,1.5,2.5,0.4,141,25,0,28.98,-0.1,0,0,,45.5,48.6,,0.26,0.25,
DEPO,2019-11-08 00:30:00 EST,42.06855,-75.39220,1022,25.6,26.3,25.6,95.4,24.4,0.000,0.000,0.00,0.000,1.7,2.8,0.4,134,12,1.7,2.6,0.3,130,11,1.7,2.6,0.3,130,11,0,28.98,-0.1,0,0,,45.5,48.6,,0.26,0.25,
DEPO,2019-11-08 00:35:00 EST,42.06855,-75.39220,1022,25.3,25.9,25.3,94.1,23.8,0.000,0.000,0.00,0.000,1.5,2.0,0.2,166,6,1.8,2.4,0.2,163,10,1.8,2.4,0.2,163,10,0,28.97,-0.2,0,0,,45.5,48.6,,0.26,0.25,
DEPO,2019-11-08 00:40:00 EST,42.06855,-75.39220,1022,25.3,25.8,25.3,95.0,24.1,0.000,0.000,0.00,0.000,0.9,1.3,0.2,148,14,1.0,1.7,0.2,141,15,1.0,1.7,0.2,141,15,0,28.97,-0.1,0,0,,45.5,48.6,,0.26,0.25,
DEPO,2019-11-08 00:45:00 EST,42.06855,-75.39220,1022,25.4,25.9,25.4,96.1,24.5,0.000,0.000,0.00,0.000,0.8,1.7,0.5,107,13,1.2,2.0,0.3,105,14,1.2,2.0,0.3,105,14,0,28.97,-0.1,0,0,,45.5,48.6,,0.26,0.25,
DEPO,2019-11-08 00:50:00 EST,42.06855,-75.39220,1022,25.2,25.7,25.2,95.9,24.2,0.000,0.000,0.00,0.000,1.4,2.6,0.5,147,12,1.6,2.8,0.5,143,14,1.6,2.8,0.5,143,14,0,28.97,-0.1,0,0,,45.5,48.6,,0.26,0.25,
DEPO,2019-11-08 00:55:00 EST,42.06855,-75.39220,1022,25.2,25.6,25.2,96.3,24.3,0.000,0.000,0.00,0.000,0.9,1.4,0.4,187,13,1.2,2.2,0.4,185,20,1.2,2.2,0.4,185,20,0,28.96,-0.1,0,0,,45.4,48.6,,0.26,0.25,
DEPO,2019-11-08 01:00:00 EST,42.06855,-75.39220,1022,25.0,25.4,25.0,96.5,24.2,0.000,0.000,0.00,0.000,1.4,1.8,0.2,235,8,1.4,2.2,0.2,230,10,1.4,2.2,0.2,230,10,0,28.96,-0.1,0,0,,45.4,48.6,,0.26,0.25,
DEPO,2019-11-08 01:05:00 EST,42.06855,-75.39220,1022,24.9,25.4,24.9,96.4,24.1,0.000,0.000,0.00,0.000,1.6,2.0,0.2,258,11,1.8,2.3,0.3,259,14,1.8,2.3,0.3,259,14,0,28.97,-0.1,0,0,,45.3,48.6,,0.26,0.25,
DEPO,2019-11-08 01:10:00 EST,42.06855,-75.39220,1022,25.1,25.5,25.1,96.3,24.2,0.000,0.000,0.00,0.000,1.4,2.0,0.4,283,12,1.6,2.4,0.3,282,15,1.6,2.4,0.3,282,15,0,28.97,-0.1,0,0,,45.3,48.6,,0.26,0.25,
DEPO,2019-11-08 01:15:00 EST,42.06855,-75.39220,1022,24.7,25.4,24.7,96.1,23.7,0.000,0.000,0.00,0.000,1.6,2.8,0.4,246,9,1.9,3.3,0.5,247,14,1.9,3.3,0.5,247,14,0,28.97,-0.1,0,0,,45.3,48.6,,0.26,0.25,
DEPO,2019-11-08 01:20:00 EST,42.06855,-75.39220,1022,24.6,25.3,24.6,95.8,23.6,0.000,0.000,0.00,0.000,2.5,3.7,0.5,254,20,2.8,4.5,0.6,254,20,2.8,4.5,0.6,254,20,0,28.97,-0.2,0,0,,45.3,48.6,,0.26,0.25,
DEPO,2019-11-08 01:25:00 EST,42.06855,-75.39220,1022,24.9,25.1,24.9,95.5,23.8,0.000,0.000,0.00,0.000,2.6,4.0,0.6,244,15,2.8,4.4,0.7,243,16,2.8,4.4,0.7,243,16,0,28.97,-0.2,0,0,,45.2,48.6,,0.26,0.25,
DEPO,2019-11-08 01:30:00 EST,42.06855,-75.39220,1022,24.6,25.0,24.6,94.3,23.2,0.000,0.000,0.00,0.000,1.1,2.8,1.0,256,9,1.1,3.3,1.1,254,10,1.1,3.3,1.1,254,10,0,28.98,-0.1,0,0,,45.1,48.6,,0.26,0.25,
DEPO,2019-11-08 01:35:00 EST,42.06855,-75.39220,1022,24.9,25.0,24.9,94.7,23.6,0.000,0.000,0.00,0.000,0.5,1.2,0.4,236,8,0.7,1.4,0.5,228,11,0.7,1.4,0.5,228,11,0,28.98,-0.2,0,0,,45.1,48.5,,0.26,0.25,
DEPO,2019-11-08 01:40:00 EST,42.06855,-75.39220,1022,24.3,24.7,24.3,95.1,23.1,0.000,0.000,0.00,0.000,1.3,1.7,0.2,223,11,1.5,2.0,0.3,217,6,1.5,2.0,0.3,217,6,0,28.98,-0.1,0,0,,45.1,48.5,,0.26,0.25,
DEPO,2019-11-08 01:45:00 EST,42.06855,-75.39220,1022,24.1,24.6,24.1,95.3,22.9,0.000,0.000,0.00,0.000,1.2,1.5,0.2,178,12,1.5,1.8,0.2,170,14,1.5,1.8,0.2,170,14,0,28.97,-0.1,0,0,,45.1,48.5,,0.25,0.25,
DEPO,2019-11-08 01:50:00 EST,42.06855,-75.39220,1022,23.8,24.5,23.8,95.6,22.8,0.000,0.000,0.00,0.000,1.2,1.5,0.2,172,12,1.5,1.9,0.2,168,16,1.5,1.9,0.2,168,16,0,28.97,-0.1,0,0,,45.1,48.5,,0.25,0.25,
DEPO,2019-11-08 01:55:00 EST,42.06855,-75.39220,1022,24.2,24.6,24.2,96.5,23.3,0.000,0.000,0.00,0.000,0.9,1.7,0.4,153,1,1.1,1.9,0.5,147,7,1.1,1.9,0.5,147,7,0,28.97,-0.1,0,0,,45.0,48.4,,0.26,0.25,
DEPO,2019-11-08 02:00:00 EST,42.06855,-75.39220,1022,24.0,24.4,24.0,96.4,23.2,0.000,0.000,0.00,0.000,0.6,1.3,0.4,198,33,1.0,1.8,0.4,206,35,1.0,1.8,0.4,206,35,0,28.96,-0.1,0,0,,45.0,48.4,,0.26,0.25,
DEPO,2019-11-08 02:05:00 EST,42.06855,-75.39220,1022,23.9,24.3,23.9,96.3,23.0,0.000,0.000,0.00,0.000,2.3,2.9,0.3,243,8,2.4,3.0,0.2,240,9,2.4,3.0,0.2,240,9,0,28.97,-0.2,0,0,,45.0,48.4,,0.25,0.25,
DEPO,2019-11-08 02:10:00 EST,42.06855,-75.39220,1022,24.0,24.2,24.0,95.9,23.0,0.000,0.000,0.00,0.000,1.4,2.8,0.6,255,17,1.7,3.1,0.7,250,24,1.7,3.1,0.7,250,24,0,28.97,-0.1,0,0,,45.0,48.5,,0.25,0.25,
DEPO,2019-11-08 02:15:00 EST,42.06855,-75.39220,1022,23.8,24.1,23.8,95.6,22.7,0.000,0.000,0.00,0.000,1.3,2.0,0.3,241,11,1.4,2.0,0.3,239,11,1.4,2.0,0.3,239,11,0,28.97,-0.1,0,0,,45.0,48.4,,0.25,0.25,
DEPO,2019-11-08 02:20:00 EST,42.06855,-75.39220,1022,23.7,24.0,23.7,95.5,22.6,0.000,0.000,0.00,0.000,0.6,1.0,0.3,242,1,1.0,1.6,0.3,251,17,1.0,1.6,0.3,251,17,0,28.97,-0.1,0,0,,44.9,48.4,,0.25,0.25,
DEPO,2019-11-08 02:25:00 EST,42.06855,-75.39220,1022,23.7,24.1,23.7,95.9,22.7,0.000,0.000,0.00,0.000,0.8,2.5,0.7,281,18,1.0,3.1,0.9,276,23,1.0,3.1,0.9,276,23,0,28.97,-0.1,0,0,,44.8,48.4,,0.25,0.25,
DEPO,2019-11-08 02:30:00 EST,42.06855,-75.39220,1022,23.5,23.9,23.5,96.0,22.6,0.000,0.000,0.00,0.000,1.1,2.5,0.5,248,6,1.2,3.2,0.6,243,10,1.2,3.2,0.6,243,10,0,28.97,-0.1,0,0,,44.8,48.4,,0.25,0.25,
DEPO,2019-11-08 02:35:00 EST,42.06855,-75.39220,1022,23.8,24.1,23.8,96.2,22.9,0.000,0.000,0.00,0.000,1.2,2.0,0.3,242,10,1.4,2.5,0.3,237,11,1.4,2.5,0.3,237,11,0,28.97,-0.1,0,0,,44.8,48.4,,0.25,0.25,
DEPO,2019-11-08 02:40:00 EST,42.06855,-75.39220,1022,23.5,23.9,23.5,95.8,22.5,0.000,0.000,0.00,0.000,0.9,1.4,0.2,181,44,1.2,1.7,0.2,174,43,1.2,1.7,0.2,174,43,0,28.97,-0.1,0,0,,44.8,48.4,,0.25,0.25,
DEPO,2019-11-08 02:45:00 EST,42.06855,-75.39220,1022,23.3,23.9,23.3,96.0,22.3,0.000,0.000,0.00,0.000,0.4,1.3,0.5,117,2,0.5,1.8,0.6,115,10,0.5,1.8,0.6,115,10,0,28.97,-0.1,0,0,,44.8,48.4,,0.25,0.25,
DEPO,2019-11-08 02:50:00 EST,42.06855,-75.39220,1022,23.6,24.0,23.6,95.8,22.6,0.000,0.000,0.00,0.000,0.1,1.0,0.3,315,3,0.2,1.2,0.4,306,16,0.2,1.2,0.4,306,16,0,28.97,-0.1,0,0,,44.6,48.4,,0.25,0.25,
DEPO,2019-11-08 02:55:00 EST,42.06855,-75.39220,1022,23.4,24.0,23.4,96.2,22.5,0.000,0.000,0.00,0.000,0.8,1.8,0.7,264,5,1.1,2.2,0.8,262,8,1.1,2.2,0.8,262,8,0,28.97,-0.1,0,0,,44.6,48.4,,0.25,0.25,
DEPO,2019-11-08 03:00:00 EST,42.06855,-75.39220,1022,23.7,24.3,23.7,96.5,22.8,0.000,0.000,0.00,0.000,2.0,3.1,0.5,283,15,2.4,3.7,0.6,285,16,2.4,3.7,0.6,285,16,0,28.97,-0.1,0,0,,44.6,48.4,,0.25,0.25,
DEPO,2019-11-08 03:05:00 EST,42.06855,-75.39220,1022,24.3,24.4,24.3,96.0,23.4,0.000,0.000,0.00,0.000,1.3,2.6,0.5,265,11,1.7,3.0,0.6,267,16,1.7,3.0,0.6,267,16,0,28.97,-0.1,0,0,,44.6,48.4,,0.25,0.25,
DEPO,2019-11-08 03:10:00 EST,42.06855,-75.39220,1022,24.4,24.3,24.4,94.8,23.1,0.000,0.000,0.00,0.000,0.5,1.5,0.5,263,14,0.7,1.6,0.6,266,18,0.7,1.6,0.6,266,18,0,28.97,-0.1,0,0,,44.6,48.4,,0.25,0.25,
DEPO,2019-11-08 03:15:00 EST,42.06855,-75.39220,1022,24.5,24.4,24.5,94.2,23.0,0.000,0.000,0.00,0.000,0.3,0.9,0.3,255,11,0.7,1.8,0.5,247,31,0.7,1.8,0.5,247,31,0,28.97,-0.1,0,0,,44.5,48.4,,0.25,0.25,
DEPO,2019-11-08 03:20:00 EST,42.06855,-75.39220,1022,24.6,24.7,24.6,93.9,23.1,0.000,0.000,0.00,0.000,0.3,1.1,0.4,103,11,0.6,1.6,0.6,99,22,0.6,1.6,0.6,99,22,0,28.97,-0.1,0,0,,44.5,48.4,,0.25,0.25,
DEPO,2019-11-08 03:25:00 EST,42.06855,-75.39220,1022,24.8,25.0,24.8,92.9,23.1,0.000,0.000,0.00,0.000,1.2,2.1,0.4,31,34,1.4,2.5,0.6,31,34,1.4,2.5,0.6,31,34,0,28.97,-0.2,0,0,,44.4,48.4,,0.25,0.25,
DEPO,2019-11-08 03:30:00 EST,42.06855,-75.39220,1022,25.1,25.2,25.1,92.5,23.2,0.000,0.000,0.00,0.000,1.8,2.7,0.4,337,18,2.0,3.8,0.7,336,17,2.0,3.8,0.7,336,17,0,28.97,-0.2,0,0,,44.4,48.4,,0.25,0.25,
DEPO,2019-11-08 03:35:00 EST,42.06855,-75.39220,1022,25.1,25.0,25.1,91.9,23.1,0.000,0.000,0.00,0.000,1.1,1.6,0.3,261,20,1.3,2.1,0.2,258,22,1.3,2.1,0.2,258,22,0,28.97,,0,0,,44.4,48.4,,0.25,0.25,
DEPO,2019-11-08 03:40:00 EST,42.06855,-75.39220,1022,25.2,25.2,25.2,93.2,23.5,0.000,0.000,0.00,0.000,1.5,2.3,0.3,276,9,1.8,2.9,0.4,276,12,1.8,2.9,0.4,276,12,0,28.97,-0.2,0,0,,44.4,48.4,,0.25,0.25,
DEPO,2019-11-08 03:45:00 EST,42.06855,-75.39220,1022,25.3,25.3,25.3,93.7,23.8,0.000,0.000,0.00,0.000,1.9,2.8,0.3,261,11,2.2,3.6,0.4,262,15,2.2,3.6,0.4,262,15,0,28.97,-0.2,0,0,,44.4,48.4,,0.25,0.25,
DEPO,2019-11-08 03:50:00 EST,42.06855,-75.39220,1022,25.5,25.3,25.5,94.4,24.1,0.000,0.000,0.00,0.000,1.5,2.3,0.3,264,11,1.9,2.9,0.4,265,14,1.9,2.9,0.4,265,14,0,28.97,-0.1,0,0,,44.3,48.4,,0.25,0.25,
DEPO,2019-11-08 03:55:00 EST,42.06855,-75.39220,1022,25.5,25.4,25.5,94.8,24.3,0.007,0.007,0.00,0.007,1.4,3.1,0.6,292,10,1.6,4.0,0.7,292,13,1.6,4.0,0.7,292,13,0,28.97,-0.2,0,0,,44.1,48.4,,0.25,0.25,
DEPO,2019-11-08 04:00:00 EST,42.06855,-75.39220,1022,25.6,25.5,25.6,94.8,24.3,0.000,0.007,0.00,0.007,1.8,3.3,0.5,272,12,2.3,4.3,0.7,275,13,2.3,4.3,0.7,275,13,0,28.97,-0.3,0,0,,44.1,48.4,,0.25,0.25,
DEPO,2019-11-08 04:05:00 EST,42.06855,-75.39220,1022,25.7,25.6,25.7,94.7,24.4,0.000,0.007,0.00,0.007,2.2,2.9,0.4,262,12,2.6,3.9,0.6,264,13,2.6,3.9,0.6,264,13,0,28.97,-0.2,0,0,,44.1,48.4,,0.25,0.25,
DEPO,2019-11-08 04:10:00 EST,42.06855,-75.39220,1022,25.8,25.7,25.8,94.5,24.4,0.000,0.007,0.00,0.007,1.0,2.6,0.9,262,47,1.3,3.2,1.0,269,56,1.3,3.2,1.0,269,56,0,28.97,-0.2,0,0,,44.1,48.4,,0.25,0.25,
DEPO,2019-11-08 04:15:00 EST,42.06855,-75.39220,1022,26.1,26.0,21.0,93.9,24.5,0.000,0.007,0.00,0.007,3.4,6.4,1.2,344,14,4.2,8.8,1.6,345,12,4.2,8.8,1.6,345,12,0,28.97,-0.2,0,0,,44.1,48.4,,0.25,0.25,
DEPO,2019-11-08 04:20:00 EST,42.06855,-75.39220,1022,26.4,26.3,19.7,92.7,24.6,0.000,0.007,0.00,0.007,5.1,8.5,1.5,333,12,5.9,9.6,1.7,334,14,5.9,9.6,1.7,334,14,0,28.97,-0.2,0,0,,44.1,48.3,,0.25,0.25,
DEPO,2019-11-08 04:25:00 EST,42.06855,-75.39220,1022,26.3,26.2,26.3,93.3,24.6,0.000,0.007,0.00,0.007,2.5,4.0,0.7,302,14,2.8,5.1,0.8,300,14,2.8,5.1,0.8,300,14,0,28.97,-0.2,0,0,,44.1,48.2,,0.25,0.25,
DEPO,2019-11-08 04:30:00 EST,42.06855,-75.39220,1022,26.3,26.3,26.3,93.6,24.7,0.007,0.015,0.00,0.015,1.6,3.4,0.5,281,27,2.0,4.7,0.7,282,29,2.0,4.7,0.7,282,29,0,28.97,-0.2,0,0,,44.0,48.3,,0.25,0.25,
DEPO,2019-11-08 04:35:00 EST,42.06855,-75.39220,1022,26.4,26.4,26.4,92.8,24.6,0.000,0.015,0.00,0.015,1.7,3.1,0.5,314,23,2.2,3.7,0.5,316,24,2.2,3.7,0.5,316,24,0,28.97,-0.2,0,0,,44.0,48.2,,0.25,0.25,
DEPO,2019-11-08 04:40:00 EST,42.06855,-75.39220,1022,26.5,26.5,21.6,91.8,24.5,0.000,0.015,0.00,0.015,3.4,6.1,1.2,325,16,4.1,8.0,1.5,326,16,4.1,8.0,1.5,326,16,0,28.97,-0.2,0,0,,43.9,48.2,,0.25,0.25,
DEPO,2019-11-08 04:45:00 EST,42.06855,-75.39220,1022,26.6,26.5,21.1,91.1,24.3,0.000,0.015,0.00,0.015,3.8,5.8,1.1,307,26,4.6,7.1,1.3,308,27,4.6,7.1,1.3,308,27,0,28.97,-0.2,0,0,,43.9,48.2,,0.25,0.25,
DEPO,2019-11-08 04:50:00 EST,42.06855,-75.39220,1022,26.5,26.5,22.4,91.5,24.4,0.000,0.015,0.00,0.015,2.8,5.1,0.8,320,23,3.4,6.2,1.1,320,21,3.4,6.2,1.1,320,21,0,28.97,-0.2,0,0,,43.9,48.2,,0.25,0.25,
DEPO,2019-11-08 04:55:00 EST,42.06855,-75.39220,1022,26.5,26.5,21.8,91.0,24.2,0.000,0.015,0.00,0.007,3.4,5.0,0.8,330,12,4.0,5.9,1.0,331,13,4.0,5.9,1.0,331,13,0,28.97,-0.2,0,0,,43.9,48.2,,0.25,0.25,
DEPO,2019-11-08 05:00:00 EST,42.06855,-75.39220,1022,26.4,26.5,26.4,90.7,24.1,0.000,0.015,0.00,0.007,2.5,5.1,1.2,317,21,2.9,5.8,1.3,319,21,2.9,5.8,1.3,319,21,0,28.97,-0.2,0,0,,43.9,48.2,,0.25,0.25,
DEPO,2019-11-08 05:05:00 EST,42.06855,-75.39220,1022,26.1,26.4,22.0,90.6,23.7,0.000,0.015,0.00,0.007,3.0,4.5,0.9,305,17,3.5,5.8,1.0,306,16,3.5,5.8,1.0,306,16,0,28.97,-0.2,0,0,,43.9,48.2,,0.25,0.25,
DEPO,2019-11-08 05:10:00 EST,42.06855,-75.39220,1022,26.1,26.5,21.4,89.9,23.5,0.000,0.015,0.00,0.007,3.3,5.8,1.1,312,16,3.8,6.8,1.2,311,16,3.8,6.8,1.2,311,16,0,28.97,-0.3,0,0,,43.9,48.2,,0.26,0.25,
DEPO,2019-11-08 05:15:00 EST,42.06855,-75.39220,1022,25.9,26.3,25.9,90.5,23.5,0.000,0.015,0.00,0.007,2.3,4.3,0.8,303,20,2.7,5.4,0.9,303,17,2.7,5.4,0.9,303,17,0,28.97,-0.2,0,0,,43.9,48.2,,0.26,0.25,
DEPO,2019-11-08 05:20:00 EST,42.06855,-75.39220,1022,25.9,26.2,25.9,92.4,24.0,0.000,0.015,0.00,0.007,1.8,2.9,0.5,271,20,2.2,3.9,0.6,272,21,2.2,3.9,0.6,272,21,0,28.97,-0.2,0,0,,43.9,48.2,,0.25,0.25,
DEPO,2019-11-08 05:25:00 EST,42.06855,-75.39220,1022,26.1,26.3,22.6,92.8,24.3,0.000,0.015,0.00,0.007,2.4,3.8,0.6,265,13,3.0,4.6,0.6,266,14,3.0,4.6,0.6,266,14,0,28.98,-0.2,0,0,,43.9,48.2,,0.26,0.25,
DEPO,2019-11-08 05:30:00 EST,42.06855,-75.39220,1022,26.2,26.5,26.2,92.6,24.4,0.000,0.015,0.00,0.000,2.4,3.7,0.5,282,11,2.9,4.4,0.6,285,12,2.9,4.4,0.6,285,12,0,28.98,-0.2,0,0,,43.9,48.2,,0.26,0.25,
DEPO,2019-11-08 05:35:00 EST,42.06855,-75.39220,1022,26.4,26.6,26.4,91.6,24.3,0.000,0.015,0.00,0.000,1.4,2.7,0.6,303,12,1.7,2.8,0.7,305,13,1.7,2.8,0.7,305,13,0,28.98,-0.2,0,0,,43.9,48.2,,0.25,0.25,
DEPO,2019-11-08 05:40:00 EST,42.06855,-75.39220,1022,26.3,26.5,22.3,92.6,24.4,0.000,0.015,0.00,0.000,3.0,6.7,1.4,300,27,3.4,7.4,1.5,299,26,3.4,7.4,1.5,299,26,0,28.98,-0.1,0,0,,43.9,48.2,,0.25,0.24,
DEPO,2019-11-08 05:45:00 EST,42.06855,-75.39220,1022,26.8,26.9,21.5,88.5,23.8,0.000,0.015,0.00,0.000,4.0,8.0,1.6,310,18,4.5,9.4,1.8,309,18,4.5,9.4,1.8,309,18,0,28.98,-0.1,0,0,,43.9,48.2,,0.26,0.25,
DEPO,2019-11-08 05:50:00 EST,42.06855,-75.39220,1022,26.9,27.0,22.8,86.6,23.5,0.000,0.015,0.00,0.000,3.0,4.5,0.7,328,15,3.6,5.8,0.9,327,16,3.6,5.8,0.9,327,16,0,28.98,-0.2,0,0,,43.9,48.2,,0.25,0.25,
DEPO,2019-11-08 05:55:00 EST,42.06855,-75.39220,1022,27.1,27.1,20.9,86.8,23.7,0.000,0.015,0.00,0.000,4.5,6.6,1.0,343,17,5.4,8.4,1.2,344,12,5.4,8.4,1.2,344,12,0,28.99,-0.2,0,0,,43.9,48.2,,0.25,0.24,
DEPO,2019-11-08 06:00:00 EST,42.06855,-75.39220,1022,27.0,27.0,20.6,88.4,24.0,0.004,0.019,0.00,0.004,4.9,8.0,1.6,320,20,5.6,9.4,1.8,320,20,5.6,9.4,1.8,320,20,0,28.99,-0.2,0,0,,43.9,48.1,,0.26,0.24,
DEPO,2019-11-08 06:05:00 EST,42.06855,-75.39220,1022,26.8,26.7,21.6,89.3,24.1,0.001,0.019,0.00,0.005,3.9,6.8,1.2,311,15,4.3,8.5,1.4,309,14,4.3,8.5,1.4,309,14,0,28.99,-0.1,0,0,,43.9,48.1,,0.25,0.24,
DEPO,2019-11-08 06:10:00 EST,42.06855,-75.39220,1022,26.8,26.7,20.0,89.5,24.1,0.001,0.020,0.00,0.006,5.4,10.5,2.4,316,20,6.0,11.5,2.7,313,21,6.0,11.5,2.7,313,21,0,29.00,-0.1,0,0,,43.9,48.1,,0.25,0.24,
DEPO,2019-11-08 06:15:00 EST,42.06855,-75.39220,1022,26.7,26.7,20.2,90.1,24.2,0.000,0.020,0.00,0.006,4.9,12.2,2.2,292,33,5.7,14.0,2.1,289,32,5.7,14.0,2.1,289,32,0,29.00,-0.1,0,0,,43.9,48.0,,0.25,0.24,
DEPO,2019-11-08 06:20:00 EST,42.06855,-75.39220,1022,27.0,27.0,18.6,84.7,23.0,0.000,0.020,0.00,0.006,7.2,14.9,2.8,325,21,8.2,16.4,3.0,326,22,8.2,16.4,3.0,326,22,0,29.00,-0.2,0,0,,43.9,48.0,,0.25,0.24,
DEPO,2019-11-08 06:25:00 EST,42.06855,-75.39220,1022,27.1,27.1,19.2,81.8,22.3,0.000,0.020,0.00,0.006,6.8,10.4,1.8,309,16,7.5,12.6,2.2,307,16,7.5,12.6,2.2,307,16,0,29.01,-0.2,0,0,,43.8,48.0,,0.25,0.24,
DEPO,2019-11-08 06:30:00 EST,42.06855,-75.39220,1022,26.9,27.0,19.1,82.3,22.3,0.000,0.020,0.00,0.006,6.6,11.5,2.6,307,17,7.4,13.3,2.6,304,17,7.4,13.3,2.6,304,17,0,29.01,-0.2,0,0,,43.9,48.0,,0.26,0.25,
DEPO,2019-11-08 06:35:00 EST,42.06855,-75.39220,1022,26.9,27.0,20.7,82.1,22.2,0.000,0.020,0.00,0.006,4.9,8.8,1.8,310,19,5.5,9.6,1.8,307,18,5.5,9.6,1.8,307,18,0,29.01,-0.2,0,0,,43.8,48.0,,0.25,0.24,
DEPO,2019-11-08 06:40:00 EST,42.06855,-75.39220,1022,26.9,27.0,20.4,81.9,22.1,0.000,0.020,0.00,0.006,5.0,10.7,2.1,321,15,5.7,11.6,2.1,317,17,5.7,11.6,2.1,317,17,1,29.01,-0.1,0,0,,43.9,48.0,,0.25,0.24,
DEPO,2019-11-08 06:45:00 EST,42.06855,-75.39220,1022,26.9,27.0,20.2,82.4,22.3,0.000,0.020,0.00,0.006,5.3,10.8,2.0,321,19,6.0,12.1,2.1,318,21,6.0,12.1,2.1,318,21,2,29.02,-0.2,0,0,,43.8,48.0,,0.25,0.24,
DEPO,2019-11-08 06:50:00 EST,42.06855,-75.39220,1022,26.9,27.0,17.9,80.9,21.9,0.000,0.020,0.00,0.006,8.1,16.5,2.9,328,16,9.2,18.5,3.2,327,15,9.2,18.5,3.2,327,15,4,29.02,-0.2,0,0,,43.8,48.0,,0.25,0.24,
DEPO,2019-11-08 06:55:00 EST,42.06855,-75.39220,1022,27.0,27.1,16.2,77.2,20.8,0.000,0.020,0.00,0.006,11.6,17.3,3.0,337,20,12.7,21.4,3.4,338,16,12.7,21.4,3.4,338,16,5,29.02,-0.2,0,0,,43.9,48.0,,0.25,0.24,
DEPO,2019-11-08 07:00:00 EST,42.06855,-75.39220,1022,26.8,26.9,16.3,77.4,20.6,0.000,0.020,0.00,0.002,10.7,16.5,2.3,322,18,11.7,19.2,2.5,320,17,11.7,19.2,2.5,320,17,11,29.03,-0.2,0,0,,43.8,48.0,,0.25,0.24,
DEPO,2019-11-08 07:05:00 EST,42.06855,-75.39220,1022,26.8,26.8,18.2,76.1,20.2,0.000,0.020,0.00,0.001,7.6,14.2,2.0,321,20,8.4,15.9,2.2,321,20,8.4,15.9,2.2,321,20,17,29.03,-0.2,0,0,,43.7,48.0,,0.25,0.24,
DEPO,2019-11-08 07:10:00 EST,42.06855,-75.39220,1022,26.6,26.7,18.7,77.7,20.6,0.000,0.020,0.00,0.000,6.7,10.1,1.9,325,18,7.4,12.2,2.0,325,20,7.4,12.2,2.0,325,20,20,29.03,-0.2,0,0,,43.8,48.0,,0.25,0.24,
DEPO,2019-11-08 07:15:00 EST,42.06855,-75.39220,1022,26.5,26.5,17.3,77.8,20.5,0.000,0.020,0.00,0.000,8.2,16.7,2.9,322,22,9.4,19.0,3.0,321,23,9.4,19.0,3.0,321,23,22,29.03,-0.2,0,0,,43.7,48.0,,0.25,0.24,
DEPO,2019-11-08 07:20:00 EST,42.06855,-75.39220,1022,26.4,26.5,16.0,75.8,19.8,0.000,0.020,0.00,0.000,10.4,17.1,2.4,324,21,11.5,20.7,2.8,323,21,11.5,20.7,2.8,323,21,23,29.04,-0.2,0,0,,43.9,48.0,,0.25,0.24,
DEPO,2019-11-08 07:25:00 EST,42.06855,-75.39220,1022,26.3,26.4,15.9,74.3,19.3,0.000,0.020,0.00,0.000,10.2,19.1,3.1,326,21,11.4,22.1,3.7,327,22,11.4,22.1,3.7,327,22,28,29.04,-0.2,0,0,,43.8,48.0,,0.25,0.24,
DEPO,2019-11-08 07:30:00 EST,42.06855,-75.39220,1022,26.2,26.3,16.5,74.9,19.4,0.000,0.020,0.00,0.000,9.1,16.9,2.7,323,17,10.1,19.8,3.0,325,16,10.1,19.8,3.0,325,16,48,29.04,-0.2,0,0,,43.8,48.0,,0.25,0.24,
DEPO,2019-11-08 07:35:00 EST,42.06855,-75.39220,1022,26.2,26.2,16.2,75.2,19.4,0.000,0.020,0.00,0.000,9.8,17.4,2.2,321,15,10.5,20.0,2.4,322,14,10.5,20.0,2.4,322,14,35,29.04,-0.3,0,0,,43.8,48.0,,0.25,0.24,
DEPO,2019-11-08 07:40:00 EST,42.06855,-75.39220,1022,26.2,26.2,16.6,75.5,19.5,0.000,0.020,0.00,0.000,9.1,15.3,1.9,324,14,9.9,17.1,2.2,325,15,9.9,17.1,2.2,325,15,58,29.05,-0.2,0,0,,43.8,48.0,,0.25,0.24,
DEPO,2019-11-08 07:45:00 EST,42.06855,-75.39220,1022,26.2,26.1,16.4,76.9,20.0,0.000,0.020,0.00,0.000,9.1,14.5,2.4,323,25,10.3,18.7,2.9,324,26,10.3,18.7,2.9,324,26,55,29.05,-0.2,0,0,,43.8,47.9,,0.25,0.24,
DEPO,2019-11-08 07:50:00 EST,42.06855,-75.39220,1022,26.1,26.1,18.0,78.9,20.5,0.000,0.020,0.00,0.000,6.6,14.1,2.1,323,21,7.6,15.1,2.4,321,22,7.6,15.1,2.4,321,22,45,29.05,-0.1,0,0,,43.8,47.9,,0.25,0.24,
DEPO,2019-11-08 07:55:00 EST,42.06855,-75.39220,1022,26.1,26.0,18.9,78.5,20.3,0.000,0.020,0.00,0.000,5.7,9.6,1.9,321,20,6.3,10.9,2.0,322,17,6.3,10.9,2.0,322,17,38,29.05,-0.1,0,0,,43.8,47.8,,0.25,0.24,
DEPO,2019-11-08 08:00:00 EST,42.06855,-75.39220,1022,26.0,25.9,17.2,79.2,20.4,0.000,0.020,0.00,0.000,7.6,11.5,1.4,333,13,8.4,14.9,1.7,334,13,8.4,14.9,1.7,334,13,49,29.05,-0.1,0,0,,43.8,47.8,,0.25,0.24,
DEPO,2019-11-08 08:05:00 EST,42.06855,-75.39220,1022,25.9,25.9,18.3,79.6,20.5,0.000,0.020,0.00,0.000,6.1,10.3,1.8,331,17,6.8,12.3,2.1,330,18,6.8,12.3,2.1,330,18,107,29.06,-0.0,0,0,,43.8,47.8,,0.25,0.24,
DEPO,2019-11-08 08:10:00 EST,42.06855,-75.39220,1022,26.1,26.0,19.4,79.7,20.7,0.000,0.020,0.00,0.000,5.2,7.7,1.1,329,15,5.8,8.5,1.3,329,14,5.8,8.5,1.3,329,14,112,29.06,-0.0,0,0,,43.8,47.8,,0.25,0.24,
DEPO,2019-11-08 08:15:00 EST,42.06855,-75.39220,1022,26.3,26.1,19.9,78.0,20.3,0.000,0.020,0.00,0.000,4.7,8.5,2.0,320,22,5.4,9.9,2.1,317,20,5.4,9.9,2.1,317,20,154,29.05,0.0,0,0,,43.8,47.8,,0.25,0.24,
DEPO,2019-11-08 08:20:00 EST,42.06855,-75.39220,1022,26.3,26.1,18.9,77.2,20.1,0.000,0.020,0.00,0.000,5.4,10.6,2.4,321,32,6.6,12.2,2.5,322,30,6.6,12.2,2.5,322,30,110,29.06,-0.0,0,0,,43.9,47.8,,0.25,0.24,
DEPO,2019-11-08 08:25:00 EST,42.06855,-75.39220,1022,26.1,26.0,16.5,77.1,19.9,0.000,0.020,0.00,0.000,8.8,14.4,3.2,325,24,10.0,18.1,3.2,324,23,10.0,18.1,3.2,324,23,81,29.06,-0.0,0,0,,43.8,47.8,,0.25,0.24,
DEPO,2019-11-08 08:30:00 EST,42.06855,-75.39220,1022,26.1,26.0,17.0,77.0,19.9,0.000,0.020,0.00,0.000,8.2,13.1,1.9,336,14,9.1,13.7,2.0,336,13,9.1,13.7,2.0,336,13,120,29.06,0.0,0,0,,43.9,47.8,,0.25,0.24,
DEPO,2019-11-08 08:35:00 EST,42.06855,-75.39220,1022,26.2,26.0,17.0,77.0,19.9,0.000,0.020,0.00,0.000,8.3,15.6,3.1,324,14,9.2,17.2,2.9,322,13,9.2,17.2,2.9,322,13,90,29.06,-0.0,0,0,,43.9,47.8,,0.25,0.24,
DEPO,2019-11-08 08:40:00 EST,42.06855,-75.39220,1022,26.0,25.8,17.7,78.5,20.2,0.000,0.020,0.00,0.000,6.8,12.7,2.1,324,29,7.7,14.8,2.5,324,26,7.7,14.8,2.5,324,26,61,29.06,0.0,0,0,,43.9,47.8,,0.25,0.24,
DEPO,2019-11-08 08:45:00 EST,42.06855,-75.39220,1022,26.0,25.9,16.5,77.4,19.9,0.000,0.020,0.00,0.000,8.4,16.3,2.8,324,22,9.5,17.9,3.0,326,23,9.5,17.9,3.0,326,23,89,29.06,0.0,0,0,,43.8,47.8,,0.25,0.24,
DEPO,2019-11-08 08:50:00 EST,42.06855,-75.39220,1022,26.1,26.0,16.7,76.5,19.7,0.000,0.020,0.00,0.000,8.4,14.8,2.7,319,23,9.5,16.1,3.0,319,24,9.5,16.1,3.0,319,24,158,29.06,0.1,0,0,,43.8,47.8,,0.25,0.24,
DEPO,2019-11-08 08:55:00 EST,42.06855,-75.39220,1022,26.4,26.3,15.9,74.5,19.4,0.000,0.020,0.00,0.000,10.7,21.0,3.1,324,24,11.8,24.1,3.6,325,24,11.8,24.1,3.6,325,24,182,29.06,-0.0,0,0,,43.8,47.8,,0.25,0.24,
DEPO,2019-11-08 09:00:00 EST,42.06855,-75.39220,1022,26.4,26.2,15.4,74.6,19.4,0.000,0.020,0.00,0.000,12.0,20.2,3.2,328,18,12.7,20.5,3.5,329,18,12.7,20.5,3.5,329,18,110,29.06,0.0,0,0,,43.8,47.8,,0.25,0.24,
DEPO,2019-11-08 09:05:00 EST,42.06855,-75.39220,1022,26.1,25.9,16.7,77.3,20.0,0.000,0.020,0.00,0.000,8.5,16.7,2.9,311,24,9.6,19.1,3.2,310,23,9.6,19.1,3.2,310,23,115,29.07,-0.2,0,0,,43.9,47.8,,0.25,0.24,
DEPO,2019-11-08 09:10:00 EST,42.06855,-75.39220,1022,25.7,25.5,16.6,81.0,20.7,0.000,0.020,0.00,0.000,7.8,13.0,2.1,320,25,8.9,13.9,2.2,320,26,8.9,13.9,2.2,320,26,104,29.07,0.0,0,0,,43.9,47.8,,0.25,0.24,
DEPO,2019-11-08 09:15:00 EST,42.06855,-75.39220,1022,25.6,25.4,16.3,81.3,20.6,0.000,0.020,0.00,0.000,8.3,15.1,3.1,295,24,9.2,18.2,3.5,294,23,9.2,18.2,3.5,294,23,95,29.07,0.1,0,0,,43.9,47.8,,0.25,0.24,
DEPO,2019-11-08 09:20:00 EST,42.06855,-75.39220,1022,25.8,25.6,17.6,79.7,20.4,0.000,0.020,0.00,0.000,6.7,14.2,2.0,321,20,7.5,15.2,2.2,321,21,7.5,15.2,2.2,321,21,174,29.07,0.1,0,0,,43.9,47.8,,0.25,0.24,
DEPO,2019-11-08 09:25:00 EST,42.06855,-75.39220,1022,26.2,25.9,16.9,77.5,20.1,0.000,0.020,0.00,0.000,8.5,12.6,2.0,333,14,9.3,14.6,2.3,332,13,9.3,14.6,2.3,332,13,212,29.07,0.1,0,0,,43.9,47.8,,0.25,0.24,
DEPO,2019-11-08 09:30:00 EST,42.06855,-75.39220,1022,26.3,26.0,15.9,78.7,20.6,0.000,0.020,0.00,0.000,10.3,18.6,2.6,332,18,11.4,21.2,3.0,332,19,11.4,21.2,3.0,332,19,113,29.07,0.0,0,0,,43.9,47.8,,0.25,0.24,
DEPO,2019-11-08 09:35:00 EST,42.06855,-75.39220,1022,26.1,25.9,17.3,79.4,20.6,0.000,0.020,0.00,0.000,7.3,13.0,2.6,320,24,8.6,14.8,2.6,319,24,8.6,14.8,2.6,319,24,121,29.08,0.1,0,0,,43.9,47.8,,0.25,0.24,
DEPO,2019-11-08 09:40:00 EST,42.06855,-75.39220,1022,26.4,26.1,17.5,79.0,20.7,0.000,0.020,0.00,0.000,7.7,13.9,2.1,336,15,8.7,16.9,2.4,335,15,8.7,16.9,2.4,335,15,131,29.08,-0.0,0,0,,43.9,47.7,,0.25,0.24,
DEPO,2019-11-08 09:45:00 EST,42.06855,-75.39220,1022,26.3,26.0,14.2,72.9,18.7,0.004,0.024,0.00,0.004,13.5,21.8,4.1,337,24,15.0,25.4,4.3,339,21,15.0,25.4,4.3,339,21,135,29.08,-0.0,0,0,,43.9,47.6,,0.25,0.24,
DEPO,2019-11-08 09:50:00 EST,42.06855,-75.39220,1022,26.1,25.9,14.0,69.5,17.4,0.000,0.024,0.00,0.004,13.5,21.6,3.8,343,15,15.0,24.8,4.0,343,12,15.0,24.8,4.0,343,12,119,29.08,0.1,0,0,,43.9,47.5,,0.25,0.24,
DEPO,2019-11-08 09:55:00 EST,42.06855,-75.39220,1022,26.1,25.9,15.5,69.6,17.5,0.000,0.024,0.00,0.004,10.4,16.7,2.9,336,14,11.5,18.1,3.0,336,12,11.5,18.1,3.0,336,12,139,29.08,0.1,0,0,,43.9,47.6,,0.25,0.24,
DEPO,2019-11-08 10:00:00 EST,42.06855,-75.39220,1022,26.4,26.2,15.0,67.9,17.2,0.000,0.024,0.00,0.004,12.6,19.4,2.5,327,14,13.6,20.2,2.6,328,15,13.6,20.2,2.6,328,15,322,29.08,0.1,0,0,,43.9,47.5,,0.25,0.24,
DEPO,2019-11-08 10:05:00 EST,42.06855,-75.39220,1022,26.6,26.4,15.9,67.7,17.4,0.000,0.024,0.00,0.004,11.2,19.9,3.9,326,20,12.3,23.6,4.3,327,16,12.3,23.6,4.3,327,16,181,29.09,0.1,0,0,,43.9,47.5,,0.25,0.24,
DEPO,2019-11-08 10:10:00 EST,42.06855,-75.39220,1022,26.5,26.3,14.4,65.4,16.5,0.000,0.024,0.00,0.004,14.1,24.8,3.1,329,15,15.3,28.3,3.2,329,15,15.3,28.3,3.2,329,15,209,29.09,0.1,0,0,,43.9,47.5,,0.25,0.24,
DEPO,2019-11-08 10:15:00 EST,42.06855,-75.39220,1022,26.5,26.3,15.2,64.5,16.2,0.000,0.024,0.00,0.004,12.2,19.8,3.5,317,22,13.4,20.4,3.5,317,23,13.4,20.4,3.5,317,23,296,29.09,0.1,0,0,,43.9,47.5,,0.25,0.24,
DEPO,2019-11-08 10:20:00 EST,42.06855,-75.39220,1022,26.6,26.4,16.4,66.7,17.1,0.000,0.024,0.00,0.004,10.0,20.8,3.9,332,18,11.3,21.7,4.1,332,16,11.3,21.7,4.1,332,16,213,29.09,0.1,0,0,,43.9,47.5,,0.25,0.24,
DEPO,2019-11-08 10:25:00 EST,42.06855,-75.39220,1022,27.2,26.9,17.6,66.5,17.5,0.000,0.024,0.00,0.004,9.3,19.5,3.3,319,25,10.3,22.2,3.5,319,22,10.3,22.2,3.5,319,22,468,29.09,0.2,0,0,,43.9,47.5,,0.25,0.24,
DEPO,2019-11-08 10:30:00 EST,42.06855,-75.39220,1022,27.5,27.0,17.1,64.0,16.9,0.000,0.024,0.00,0.004,11.1,19.2,2.5,323,20,12.0,20.9,2.8,323,21,12.0,20.9,2.8,323,21,475,29.09,0.2,0,0,,43.9,47.5,,0.25,0.24,
DEPO,2019-11-08 10:35:00 EST,42.06855,-75.39220,1022,27.6,27.1,16.9,63.8,16.9,0.000,0.024,0.00,0.004,11.3,18.4,3.4,335,15,12.7,21.0,3.6,335,15,12.7,21.0,3.6,335,15,357,29.09,0.1,0,0,,43.9,47.5,,0.25,0.24,
DEPO,2019-11-08 10:40:00 EST,42.06855,-75.39220,1022,27.5,27.1,18.0,63.8,16.9,0.000,0.024,0.00,0.004,9.4,15.5,2.3,328,20,10.3,17.2,2.8,328,19,10.3,17.2,2.8,328,19,385,29.09,0.0,0,0,,43.9,47.5,,0.25,0.24,
DEPO,2019-11-08 10:45:00 EST,42.06855,-75.39220,1022,27.4,27.0,18.7,64.8,17.1,0.000,0.024,0.00,0.000,7.8,11.8,2.1,338,21,8.9,14.3,2.5,338,19,8.9,14.3,2.5,338,19,234,29.09,0.0,0,0,,43.9,47.5,,0.25,0.24,
DEPO,2019-11-08 10:50:00 EST,42.06855,-75.39220,1022,27.3,27.0,17.1,65.4,17.2,0.000,0.024,0.00,0.000,10.3,17.0,2.4,340,16,11.5,19.9,2.7,339,15,11.5,19.9,2.7,339,15,147,29.09,0.2,0,0,,43.9,47.5,,0.25,0.24,
DEPO,2019-11-08 10:55:00 EST,42.06855,-75.39220,1022,26.9,26.7,16.1,63.8,16.3,0.000,0.024,0.00,0.000,11.2,19.6,3.3,338,15,12.7,23.2,3.6,339,13,12.7,23.2,3.6,339,13,150,29.10,0.1,0,0,,43.9,47.5,,0.25,0.24,
DEPO,2019-11-08 11:00:00 EST,42.06855,-75.39220,1022,26.8,26.5,17.1,63.5,16.1,0.000,0.024,0.00,0.000,9.2,15.1,2.5,328,27,10.4,17.5,3.0,327,23,10.4,17.5,3.0,327,23,217,29.10,0.2,0,0,,43.9,47.5,,0.25,0.24,
DEPO,2019-11-08 11:05:00 EST,42.06855,-75.39220,1022,26.9,26.5,18.4,64.2,16.4,0.000,0.024,0.00,0.000,7.3,14.0,2.9,320,18,8.4,16.4,3.3,319,19,8.4,16.4,3.3,319,19,219,29.10,0.2,0,0,,43.9,47.5,,0.25,0.24,
DEPO,2019-11-08 11:10:00 EST,42.06855,-75.39220,1022,27.0,26.6,17.2,65.6,17.0,0.000,0.024,0.00,0.000,9.7,15.7,3.3,334,19,10.7,17.4,3.2,335,15,10.7,17.4,3.2,335,15,283,29.10,0.2,0,0,,43.9,47.5,,0.25,0.24,
DEPO,2019-11-08 11:15:00 EST,42.06855,-75.39220,1022,26.9,26.4,18.8,68.9,18.0,0.000,0.024,0.00,0.000,6.6,12.6,2.6,335,24,7.7,13.5,2.4,332,21,7.7,13.5,2.4,332,21,162,29.10,0.2,0,0,,43.9,47.5,,0.25,0.24,
DEPO,2019-11-08 11:20:00 EST,42.06855,-75.39220,1022,26.6,26.2,18.8,72.7,19.0,0.000,0.024,0.00,0.000,6.4,10.4,1.8,336,16,7.3,11.8,2.0,334,15,7.3,11.8,2.0,334,15,151,29.10,0.2,0,0,,43.9,47.5,,0.25,0.24,
DEPO,2019-11-08 11:25:00 EST,42.06855,-75.39220,1022,26.4,26.0,16.2,71.5,18.4,0.000,0.024,0.00,0.000,10.3,18.1,3.2,333,14,11.2,19.7,3.5,333,13,11.2,19.7,3.5,333,13,124,29.10,-0.0,0,0,,43.9,47.5,,0.25,0.24,
DEPO,2019-11-08 11:30:00 EST,42.06855,-75.39220,1022,25.9,25.6,15.5,71.2,17.9,0.000,0.024,0.00,0.000,10.2,22.2,4.5,335,16,11.3,25.8,4.9,336,14,11.3,25.8,4.9,336,14,207,29.10,0.1,0,0,,43.9,47.5,,0.25,0.24,
DEPO,2019-11-08 11:35:00 EST,42.06855,-75.39220,1022,27.1,26.5,19.3,70.6,18.8,0.000,0.024,0.00,0.000,6.3,12.3,2.3,335,19,7.3,14.2,2.6,333,18,7.3,14.2,2.6,333,18,443,29.10,0.1,0,0,,43.9,47.5,,0.25,0.24,
DEPO,2019-11-08 11:40:00 EST,42.06855,-75.39220,1022,27.2,26.6,16.7,66.2,17.4,0.000,0.024,0.28,0.000,11.1,19.1,3.6,335,14,12.1,20.7,3.8,334,13,12.1,20.7,3.8,334,13,425,29.10,0.1,0,0,,43.9,47.5,,0.25,0.24,
DEPO,2019-11-08 11:45:00 EST,42.06855,-75.39220,1022,27.2,26.8,17.6,64.4,16.8,0.000,0.024,0.00,0.000,9.4,18.0,3.4,322,27,10.3,18.6,3.7,321,26,10.3,18.6,3.7,321,26,305,29.09,0.0,0,0,,43.9,47.5,,0.25,0.24,
DEPO,2019-11-08 11:50:00 EST,42.06855,-75.39220,1022,27.1,26.7,17.3,66.0,17.2,0.000,0.024,0.00,0.000,9.7,19.4,3.5,315,20,10.6,20.8,3.6,315,19,10.6,20.8,3.6,315,19,180,29.09,0.1,0,0,,43.9,47.4,,0.25,0.24,
DEPO,2019-11-08 11:55:00 EST,42.06855,-75.39220,1022,27.2,26.7,17.8,69.1,18.4,0.000,0.024,0.00,0.000,8.9,14.5,2.1,344,15,10.0,16.4,2.4,344,15,10.0,16.4,2.4,344,15,279,29.09,0.1,0,0,,43.9,47.4,,0.25,0.24,
DEPO,2019-11-08 12:00:00 EST,42.06855,-75.39220,1022,27.0,26.6,16.4,67.2,17.6,0.000,0.024,0.00,0.000,11.4,21.6,2.9,337,16,12.4,21.5,3.2,337,13,12.4,21.5,3.2,337,13,237,29.09,0.1,0,0,,43.9,47.4,,0.25,0.24,
DEPO,2019-11-08 12:05:00 EST,42.06855,-75.39220,1022,27.2,26.8,16.6,62.7,16.1,0.000,0.024,0.00,0.000,11.3,17.7,3.1,326,27,12.3,20.7,3.3,325,27,12.3,20.7,3.3,325,27,318,29.09,0.1,0,0,,44.0,47.3,,0.25,0.24,
DEPO,2019-11-08 12:10:00 EST,42.06855,-75.39220,1022,27.9,27.4,18.3,64.2,17.4,0.000,0.024,0.00,0.000,9.6,17.9,3.4,335,16,10.7,17.3,3.5,335,15,10.7,17.3,3.5,335,15,374,29.09,-0.0,0,0,,44.0,47.3,,0.25,0.24,
DEPO,2019-11-08 12:15:00 EST,42.06855,-75.39220,1022,27.6,27.2,16.1,62.5,16.5,0.000,0.024,0.00,0.000,13.5,19.3,2.7,336,14,14.7,22.1,2.9,338,13,14.7,22.1,2.9,338,13,190,29.09,0.1,0,0,,44.0,47.3,,0.25,0.24,
DEPO,2019-11-08 12:20:00 EST,42.06855,-75.39220,1022,27.6,27.2,18.0,63.3,16.8,0.000,0.024,0.00,0.000,9.5,16.5,2.3,342,12,10.6,18.1,2.5,342,11,10.6,18.1,2.5,342,11,245,29.09,0.1,0,0,,44.1,47.3,,0.25,0.24,
DEPO,2019-11-08 12:25:00 EST,42.06855,-75.39220,1022,27.8,27.3,19.3,64.1,17.2,0.000,0.024,0.00,0.000,7.4,14.3,2.5,327,22,8.6,14.7,2.6,328,22,8.6,14.7,2.6,328,22,326,29.09,0.1,0,0,,44.1,47.3,,0.25,0.24,
DEPO,2019-11-08 12:30:00 EST,42.06855,-75.39220,1022,27.6,27.2,18.4,64.8,17.3,0.000,0.024,0.00,0.000,8.6,16.1,3.3,302,33,9.7,17.5,3.4,301,32,9.7,17.5,3.4,301,32,290,29.09,0.1,0,0,,44.1,47.3,,0.25,0.24,
DEPO,2019-11-08 12:35:00 EST,42.06855,-75.39220,1022,28.1,27.6,19.0,64.2,17.5,0.000,0.024,0.00,0.000,9.0,18.6,3.6,322,35,9.8,20.2,3.9,322,35,9.8,20.2,3.9,322,35,471,29.09,0.0,0,0,,44.1,47.3,,0.25,0.24,
DEPO,2019-11-08 12:40:00 EST,42.06855,-75.39220,1022,28.0,27.5,17.5,61.9,16.7,0.000,0.024,0.00,0.000,11.7,17.2,3.2,336,16,12.7,19.8,3.4,336,14,12.7,19.8,3.4,336,14,398,29.09,-0.1,0,0,,44.1,47.3,,0.25,0.24,
DEPO,2019-11-08 12:45:00 EST,42.06855,-75.39220,1022,28.5,28.0,19.8,60.5,16.6,0.000,0.024,0.00,0.000,8.5,18.5,4.2,320,22,9.4,19.6,4.3,319,20,9.4,19.6,4.3,319,20,594,29.08,0.1,0,0,,44.1,47.3,,0.25,0.24,
DEPO,2019-11-08 12:50:00 EST,42.06855,-75.39220,1022,29.3,28.5,20.4,60.6,17.3,0.000,0.024,0.00,0.000,9.0,16.6,3.0,323,23,9.9,19.0,3.2,320,22,9.9,19.0,3.2,320,22,611,29.08,-0.0,0,0,,44.1,47.3,,0.25,0.24,
DEPO,2019-11-08 12:55:00 EST,42.06855,-75.39220,1022,28.7,28.0,17.7,61.7,17.2,0.000,0.024,0.00,0.000,12.9,24.3,4.2,329,26,14.1,28.0,4.8,329,22,14.1,28.0,4.8,329,22,405,29.08,-0.0,0,0,,44.1,47.3,,0.25,0.24,
DEPO,2019-11-08 13:00:00 EST,42.06855,-75.39220,1022,28.1,27.6,19.5,64.3,17.6,0.000,0.024,0.00,0.000,8.2,16.2,3.2,335,20,9.0,17.1,3.2,336,16,9.0,17.1,3.2,336,16,173,29.08,-0.1,0,0,,44.1,47.3,,0.25,0.24,
DEPO,2019-11-08 13:05:00 EST,42.06855,-75.39220,1022,27.9,27.4,17.4,64.0,17.3,0.000,0.024,0.00,0.000,11.2,18.3,2.7,329,25,12.5,20.7,2.9,329,21,12.5,20.7,2.9,329,21,295,29.08,-0.0,0,0,,44.1,47.3,,0.25,0.24,
DEPO,2019-11-08 13:10:00 EST,42.06855,-75.39220,1022,28.6,27.8,18.7,64.7,18.3,0.000,0.024,0.00,0.000,10.4,16.0,2.5,344,20,11.6,18.0,2.7,342,18,11.6,18.0,2.7,342,18,547,29.08,-0.1,0,0,,44.1,47.3,,0.25,0.24,
DEPO,2019-11-08 13:15:00 EST,42.06855,-75.39220,1022,29.3,28.4,20.6,66.4,19.5,0.000,0.024,0.00,0.000,8.3,14.9,2.5,337,22,9.6,16.4,2.8,337,19,9.6,16.4,2.8,337,19,485,29.08,-0.2,0,0,,44.1,47.3,,0.25,0.24,
DEPO,2019-11-08 13:20:00 EST,42.06855,-75.39220,1022,29.0,28.4,20.3,65.0,18.7,0.000,0.024,0.00,0.000,8.2,13.4,1.8,347,19,9.4,15.2,2.1,347,15,9.4,15.2,2.1,347,15,210,29.08,-0.2,0,0,,44.1,47.3,,0.25,0.24,
DEPO,2019-11-08 13:25:00 EST,42.06855,-75.39220,1022,28.0,27.6,18.2,63.7,17.3,0.000,0.024,0.00,0.000,10.2,18.1,3.1,335,17,11.2,17.5,3.1,333,15,11.2,17.5,3.1,333,15,86,29.08,-0.1,0,0,,44.4,47.3,,0.25,0.24,
DEPO,2019-11-08 13:30:00 EST,42.06855,-75.39220,1022,27.8,27.4,19.0,64.3,17.3,0.000,0.024,0.00,0.000,8.2,15.1,2.4,332,21,9.2,16.2,2.5,332,18,9.2,16.2,2.5,332,18,94,29.09,-0.1,0,0,,44.4,47.3,,0.25,0.24,
DEPO,2019-11-08 13:35:00 EST,42.06855,-75.39220,1022,27.7,27.4,17.9,62.3,16.5,0.000,0.024,0.00,0.000,9.8,17.7,2.6,339,14,11.1,18.6,2.8,339,13,11.1,18.6,2.8,339,13,122,29.09,-0.1,0,0,,44.4,47.3,,0.25,0.24,
DEPO,2019-11-08 13:40:00 EST,42.06855,-75.39220,1022,27.7,27.4,18.7,62.2,16.5,0.000,0.024,0.00,0.000,8.7,16.3,2.8,326,20,9.6,16.4,2.8,326,17,9.6,16.4,2.8,326,17,261,29.09,-0.0,0,0,,44.4,47.3,,0.25,0.24,
DEPO,2019-11-08 13:45:00 EST,42.06855,-75.39220,1022,28.7,28.1,21.3,58.5,15.9,0.000,0.024,0.00,0.000,6.2,13.1,2.6,310,30,7.3,14.9,2.9,308,27,7.3,14.9,2.9,308,27,454,29.09,-0.2,0,0,,44.4,47.3,,0.25,0.24,
DEPO,2019-11-08 13:50:00 EST,42.06855,-75.39220,1022,28.7,28.1,20.6,55.9,14.9,0.000,0.024,0.00,0.000,7.3,15.1,3.3,318,37,8.4,16.7,3.6,317,37,8.4,16.7,3.6,317,37,377,29.09,-0.2,0,0,,44.4,47.3,,0.25,0.24,
DEPO,2019-11-08 13:55:00 EST,42.06855,-75.39220,1022,28.1,27.7,19.1,56.0,14.4,0.000,0.024,0.00,0.000,8.4,14.0,2.5,316,26,9.5,15.8,2.8,317,26,9.5,15.8,2.8,317,26,255,29.09,-0.1,0,0,,44.4,47.3,,0.25,0.23,
DEPO,2019-11-08 14:00:00 EST,42.06855,-75.39220,1022,28.2,27.8,19.1,56.9,14.9,0.000,0.024,0.00,0.000,9.0,17.5,3.2,332,25,9.9,18.3,3.3,330,26,9.9,18.3,3.3,330,26,224,29.09,-0.2,0,0,,44.4,47.3,,0.25,0.24,
DEPO,2019-11-08 14:05:00 EST,42.06855,-75.39220,1022,28.1,27.8,19.6,56.8,14.7,0.000,0.024,0.00,0.000,7.8,14.8,2.8,315,21,8.8,15.8,3.0,316,23,8.8,15.8,3.0,316,23,167,29.09,-0.1,0,0,,44.4,47.3,,0.25,0.24,
DEPO,2019-11-08 14:10:00 EST,42.06855,-75.39220,1022,28.3,27.9,19.5,58.9,15.7,0.000,0.024,0.00,0.000,8.1,15.6,3.2,328,23,9.2,17.0,3.4,329,24,9.2,17.0,3.4,329,24,275,29.09,-0.1,0,0,,44.4,47.3,,0.25,0.24,
DEPO,2019-11-08 14:15:00 EST,42.06855,-75.39220,1022,28.4,27.9,19.4,61.0,16.7,0.000,0.024,0.00,0.000,8.8,14.7,2.3,339,14,9.7,15.9,2.7,338,15,9.7,15.9,2.7,338,15,295,29.09,-0.0,0,0,,44.4,47.2,,0.25,0.23,
DEPO,2019-11-08 14:20:00 EST,42.06855,-75.39220,1022,28.5,27.9,18.7,64.0,17.8,0.000,0.024,0.00,0.000,10.3,14.6,2.0,329,14,11.2,16.6,2.4,330,13,11.2,16.6,2.4,330,13,221,29.09,-0.0,0,0,,44.5,47.2,,0.25,0.23,
DEPO,2019-11-08 14:25:00 EST,42.06855,-75.39220,1022,28.3,27.8,17.0,64.0,17.7,0.000,0.024,0.00,0.000,13.9,21.9,2.8,333,18,14.7,24.6,3.1,334,13,14.7,24.6,3.1,334,13,344,29.10,-0.0,0,0,,44.6,47.2,,0.25,0.24,
DEPO,2019-11-08 14:30:00 EST,42.06855,-75.39220,1022,28.4,27.8,17.9,58.8,15.8,0.000,0.024,0.00,0.000,11.7,20.5,2.9,327,16,12.7,20.3,2.9,327,17,12.7,20.3,2.9,327,17,394,29.10,-0.0,0,0,,44.6,47.2,,0.25,0.24,
DEPO,2019-11-08 14:35:00 EST,42.06855,-75.39220,1022,28.7,28.1,18.7,57.6,15.6,0.000,0.024,0.00,0.000,10.6,20.1,2.8,331,15,11.7,20.8,3.1,330,15,11.7,20.8,3.1,330,15,293,29.10,-0.1,0,0,,44.6,47.2,,0.25,0.24,
DEPO,2019-11-08 14:40:00 EST,42.06855,-75.39220,1022,29.0,28.4,20.8,58.2,16.2,0.000,0.024,0.00,0.000,7.6,12.5,2.4,330,17,8.6,15.3,2.6,329,15,8.6,15.3,2.6,329,15,311,29.10,-0.1,0,0,,44.6,47.1,,0.25,0.24,
DEPO,2019-11-08 14:45:00 EST,42.06855,-75.39220,1022,28.6,28.2,21.5,56.8,15.2,0.000,0.024,0.00,0.000,6.1,13.4,2.3,323,18,6.9,14.8,2.3,321,18,6.9,14.8,2.3,321,18,181,29.10,-0.1,0,0,,44.6,47.1,,0.25,0.24,
DEPO,2019-11-08 14:50:00 EST,42.06855,-75.39220,1022,27.9,27.6,18.2,57.1,14.7,0.000,0.024,0.00,0.000,9.9,21.8,4.3,326,19,10.8,25.5,4.3,326,18,10.8,25.5,4.3,326,18,220,29.10,-0.0,0,0,,44.6,47.1,,0.25,0.24,
DEPO,2019-11-08 14:55:00 EST,42.06855,-75.39220,1022,28.2,27.6,17.5,59.3,15.8,0.000,0.024,0.00,0.000,11.8,17.7,2.7,341,13,13.0,19.6,3.0,342,8,13.0,19.6,3.0,342,8,271,29.10,-0.1,0,0,,44.6,47.1,,0.25,0.24,
DEPO,2019-11-08 15:00:00 EST,42.06855,-75.39220,1022,27.9,27.5,17.8,62.0,16.5,0.000,0.024,0.00,0.000,10.6,17.5,3.4,329,18,11.5,18.9,3.4,327,18,11.5,18.9,3.4,327,18,133,29.10,-0.2,0,0,,44.6,47.1,,0.25,0.24,
DEPO,2019-11-08 15:05:00 EST,42.06855,-75.39220,1022,27.7,27.5,18.3,61.7,16.3,0.000,0.024,0.00,0.000,9.4,17.5,3.5,321,23,10.4,19.0,3.8,319,23,10.4,19.0,3.8,319,23,143,29.10,-0.1,0,0,,44.6,47.1,,0.25,0.24,
DEPO,2019-11-08 15:10:00 EST,42.06855,-75.39220,1022,27.7,27.4,16.9,58.2,14.9,0.000,0.024,0.00,0.000,12.1,17.5,2.9,333,22,13.2,20.6,3.2,333,14,13.2,20.6,3.2,333,14,175,29.11,-0.2,0,0,,44.6,47.1,,0.25,0.24,
DEPO,2019-11-08 15:15:00 EST,42.06855,-75.39220,1022,27.4,27.1,16.8,57.7,14.4,0.000,0.024,0.00,0.000,11.1,15.9,2.0,340,17,12.4,18.8,2.1,340,16,12.4,18.8,2.1,340,16,90,29.11,-0.2,0,0,,44.6,47.1,,0.25,0.24,
DEPO,2019-11-08 15:20:00 EST,42.06855,-75.39220,1022,27.2,27.0,16.8,58.8,14.7,0.000,0.024,0.00,0.000,10.8,17.0,2.1,334,14,11.9,19.1,2.4,335,13,11.9,19.1,2.4,335,13,94,29.11,-0.2,0,0,,44.6,47.1,,0.25,0.24,
DEPO,2019-11-08 15:25:00 EST,42.06855,-75.39220,1022,27.3,27.1,17.1,57.8,14.4,0.000,0.024,0.00,0.000,10.5,15.6,2.0,336,15,11.6,16.0,2.2,335,14,11.6,16.0,2.2,335,14,139,29.11,-0.2,0,0,,44.6,47.1,,0.25,0.24,
DEPO,2019-11-08 15:30:00 EST,42.06855,-75.39220,1022,27.6,27.3,17.9,58.8,15.1,0.000,0.024,0.00,0.000,9.4,13.7,2.3,341,21,10.6,15.8,2.6,340,20,10.6,15.8,2.6,340,20,137,29.11,-0.1,0,0,,44.6,47.1,,0.25,0.24,
DEPO,2019-11-08 15:35:00 EST,42.06855,-75.39220,1022,27.7,27.5,18.8,58.9,15.2,0.000,0.024,0.00,0.000,8.5,16.7,3.5,331,18,9.4,18.2,3.7,330,17,9.4,18.2,3.7,330,17,137,29.11,-0.2,0,0,,44.6,47.1,,0.25,0.24,
DEPO,2019-11-08 15:40:00 EST,42.06855,-75.39220,1022,27.5,27.3,19.3,59.2,15.1,0.000,0.024,0.00,0.000,7.2,14.0,2.3,313,35,8.1,17.1,2.7,312,33,8.1,17.1,2.7,312,33,74,29.11,-0.2,0,0,,44.6,47.1,,0.25,0.24,
DEPO,2019-11-08 15:45:00 EST,42.06855,-75.39220,1022,27.0,26.9,19.3,57.2,13.9,0.000,0.024,0.00,0.000,6.5,12.9,2.9,313,28,7.2,15.4,3.1,315,27,7.2,15.4,3.1,315,27,135,29.11,-0.2,0,0,,44.6,47.1,,0.25,0.24,
DEPO,2019-11-08 15:50:00 EST,42.06855,-75.39220,1022,26.8,26.8,18.7,57.3,13.7,0.000,0.024,0.00,0.000,6.8,14.0,2.3,328,31,7.8,15.4,2.4,327,30,7.8,15.4,2.4,327,30,92,29.11,-0.2,0,0,,44.6,47.1,,0.25,0.24,
DEPO,2019-11-08 15:55:00 EST,42.06855,-75.39220,1022,26.9,26.9,19.6,59.0,14.5,0.000,0.024,0.00,0.000,6.0,9.0,1.5,329,17,6.7,10.5,1.8,327,16,6.7,10.5,1.8,327,16,59,29.11,-0.2,0,0,,44.6,47.1,,0.25,0.24,
DEPO,2019-11-08 16:00:00 EST,42.06855,-75.39220,1022,26.9,26.9,18.4,59.6,14.8,0.000,0.024,0.00,0.000,7.6,13.0,2.4,321,28,8.4,15.0,2.6,320,26,8.4,15.0,2.6,320,26,43,29.12,-0.2,0,0,,44.6,47.1,,0.25,0.24,
DEPO,2019-11-08 16:05:00 EST,42.06855,-75.39220,1022,26.9,26.9,16.8,59.2,14.6,0.000,0.024,0.00,0.000,10.4,16.4,2.6,322,13,11.1,18.0,2.8,321,13,11.1,18.0,2.8,321,13,40,29.12,-0.2,0,0,,44.6,47.1,,0.25,0.24,
DEPO,2019-11-08 16:10:00 EST,42.06855,-75.39220,1022,26.7,26.7,16.6,58.9,14.2,0.000,0.024,0.00,0.000,10.1,17.4,3.1,325,15,11.0,18.5,3.2,323,16,11.0,18.5,3.2,323,16,28,29.12,-0.2,0,0,,44.5,47.1,,0.25,0.24,
DEPO,2019-11-08 16:15:00 EST,42.06855,-75.39220,1022,26.4,26.4,15.5,59.7,14.3,0.000,0.024,0.00,0.000,11.6,19.5,2.8,331,17,12.4,20.3,3.1,331,13,12.4,20.3,3.1,331,13,24,29.12,-0.2,0,0,,44.5,47.1,,0.25,0.24,
DEPO,2019-11-08 16:20:00 EST,42.06855,-75.39220,1022,26.2,26.2,16.4,61.1,14.6,0.000,0.024,0.00,0.000,9.3,15.6,2.7,330,15,10.1,18.0,2.9,330,15,10.1,18.0,2.9,330,15,22,29.12,-0.2,0,0,,44.5,47.1,,0.25,0.24,
DEPO,2019-11-08 16:25:00 EST,42.06855,-75.39220,1022,26.1,26.1,17.1,62.5,15.0,0.000,0.024,0.00,0.000,8.1,12.7,1.9,332,15,8.8,14.5,2.2,332,13,8.8,14.5,2.2,332,13,22,29.12,-0.2,0,0,,44.4,47.1,,0.25,0.24,
DEPO,2019-11-08 16:30:00 EST,42.06855,-75.39220,1022,26.1,26.1,17.9,63.1,15.2,0.000,0.024,0.00,0.000,7.0,12.3,2.1,321,21,7.6,13.2,2.2,320,21,7.6,13.2,2.2,320,21,21,29.13,-0.2,0,0,,44.4,47.1,,0.25,0.24,
DEPO,2019-11-08 16:35:00 EST,42.06855,-75.39220,1022,25.8,25.9,18.0,64.6,15.5,0.000,0.024,0.00,0.000,6.0,10.3,2.1,329,20,7.0,11.3,2.2,328,21,7.0,11.3,2.2,328,21,16,29.13,-0.2,0,0,,44.4,47.1,,0.25,0.24,
DEPO,2019-11-08 16:40:00 EST,42.06855,-75.39220,1022,25.7,25.8,17.0,66.0,15.9,0.000,0.024,0.00,0.000,7.5,14.2,2.1,332,16,8.3,17.1,2.2,330,14,8.3,17.1,2.2,330,14,12,29.13,-0.2,0,0,,44.4,47.1,,0.25,0.24,
DEPO,2019-11-08 16:45:00 EST,42.06855,-75.39220,1022,25.5,25.6,17.1,68.1,16.4,0.000,0.024,0.00,0.000,6.8,12.0,1.7,337,13,7.6,13.5,1.8,337,10,7.6,13.5,1.8,337,10,7,29.13,-0.2,0,0,,44.4,47.1,,0.25,0.24,
DEPO,2019-11-08 16:50:00 EST,42.06855,-75.39220,1022,25.4,25.5,16.7,68.6,16.5,0.000,0.024,0.00,0.000,7.4,12.1,1.9,331,12,8.1,13.9,2.1,329,11,8.1,13.9,2.1,329,11,5,29.13,-0.2,0,0,,44.4,47.1,,0.25,0.24,
DEPO,2019-11-08 16:55:00 EST,42.06855,-75.39220,1022,25.2,25.3,18.7,69.5,16.6,0.000,0.024,0.00,0.000,4.8,8.0,1.4,336,17,5.4,9.4,1.5,336,16,5.4,9.4,1.5,336,16,3,29.13,-0.2,0,0,,44.4,47.1,,0.25,0.23,
DEPO,2019-11-08 17:00:00 EST,42.06855,-75.39220,1022,25.2,25.3,18.3,69.5,16.7,0.000,0.024,0.00,0.000,5.3,9.7,1.5,333,23,5.8,10.3,1.6,331,23,5.8,10.3,1.6,331,23,1,29.14,-0.2,0,0,,44.3,47.1,,0.25,0.24,
DEPO,2019-11-08 17:05:00 EST,42.06855,-75.39220,1022,25.2,25.3,18.9,69.6,16.7,0.000,0.024,0.00,0.000,4.4,9.4,2.0,315,29,5.2,11.9,2.2,315,28,5.2,11.9,2.2,315,28,0,29.14,-0.2,0,0,,44.1,47.1,,0.25,0.24,
DEPO,2019-11-08 17:10:00 EST,42.06855,-75.39220,1022,25.2,25.3,18.8,70.4,16.9,0.000,0.024,0.00,0.000,4.8,7.1,1.2,334,10,5.3,8.0,1.3,332,11,5.3,8.0,1.3,332,11,0,29.14,-0.2,0,0,,44.1,47.1,,0.25,0.24,
DEPO,2019-11-08 17:15:00 EST,42.06855,-75.39220,1022,25.1,25.3,19.6,70.4,16.8,0.000,0.024,0.00,0.000,4.0,6.2,1.0,302,22,4.4,7.0,1.2,303,21,4.4,7.0,1.2,303,21,0,29.14,-0.1,0,0,,44.1,47.1,,0.25,0.24,
DEPO,2019-11-08 17:20:00 EST,42.06855,-75.39220,1022,24.9,25.1,24.9,70.8,16.7,0.000,0.024,0.00,0.000,2.8,4.4,0.8,308,12,3.0,5.4,1.0,307,11,3.0,5.4,1.0,307,11,0,29.14,-0.2,0,0,,44.1,47.1,,0.25,0.23,
DEPO,2019-11-08 17:25:00 EST,42.06855,-75.39220,1022,24.6,25.0,24.6,72.3,16.9,0.000,0.024,0.00,0.000,2.6,5.2,1.7,324,22,3.0,6.0,1.8,322,23,3.0,6.0,1.8,322,23,0,29.15,-0.1,0,0,,44.1,47.1,,0.25,0.24,
DEPO,2019-11-08 17:30:00 EST,42.06855,-75.39220,1022,24.6,24.9,18.7,71.9,16.8,0.000,0.024,0.00,0.000,4.1,9.1,1.8,315,26,4.6,8.8,1.9,315,26,4.6,8.8,1.9,315,26,0,29.15,-0.2,0,0,,44.1,47.1,,0.25,0.24,
DEPO,2019-11-08 17:35:00 EST,42.06855,-75.39220,1022,24.6,24.8,18.6,71.9,16.8,0.000,0.024,0.00,0.000,4.3,7.4,1.3,310,16,4.8,8.6,1.4,309,15,4.8,8.6,1.4,309,15,0,29.15,-0.1,0,0,,44.0,47.1,,0.25,0.24,
DEPO,2019-11-08 17:40:00 EST,42.06855,-75.39220,1022,24.4,24.6,18.2,71.9,16.7,0.000,0.024,0.00,0.000,4.6,8.9,2.2,303,14,5.0,9.4,2.3,303,14,5.0,9.4,2.3,303,14,0,29.15,-0.2,0,0,,43.9,47.1,,0.25,0.24,
DEPO,2019-11-08 17:45:00 EST,42.06855,-75.39220,1022,24.2,24.4,18.2,72.5,16.7,0.000,0.024,0.00,0.000,4.2,7.5,1.3,302,21,4.8,9.0,1.5,300,20,4.8,9.0,1.5,300,20,0,29.15,-0.2,0,0,,43.9,47.1,,0.25,0.24,
DEPO,2019-11-08 17:50:00 EST,42.06855,-75.39220,1022,24.2,24.4,17.9,73.0,16.8,0.000,0.024,0.00,0.000,4.4,7.7,1.3,316,20,5.0,8.6,1.4,316,19,5.0,8.6,1.4,316,19,0,29.16,-0.2,0,0,,43.9,47.1,,0.25,0.23,
DEPO,2019-11-08 17:55:00 EST,42.06855,-75.39220,1022,24.3,24.4,16.7,73.2,16.9,0.000,0.024,0.00,0.000,5.7,9.3,1.3,320,14,6.4,10.5,1.5,320,14,6.4,10.5,1.5,320,14,0,29.16,-0.2,0,0,,43.9,47.1,,0.25,0.23,
DEPO,2019-11-08 18:00:00 EST,42.06855,-75.39220,1022,24.1,24.3,16.4,74.0,17.0,0.000,0.024,0.00,0.000,5.9,8.7,1.2,307,20,6.5,10.3,1.5,306,20,6.5,10.3,1.5,306,20,0,29.17,-0.1,0,0,,43.9,47.1,,0.25,0.23,
DEPO,2019-11-08 18:05:00 EST,42.06855,-75.39220,1022,24.2,24.3,17.8,74.4,17.2,0.000,0.024,0.00,0.000,4.4,7.5,1.5,318,28,5.2,9.3,1.6,318,29,5.2,9.3,1.6,318,29,0,29.17,-0.2,0,0,,43.9,47.1,,0.25,0.23,
DEPO,2019-11-08 18:10:00 EST,42.06855,-75.39220,1022,24.3,24.4,17.7,74.0,17.2,0.000,0.024,0.00,0.000,5.0,8.6,1.3,315,17,5.4,8.6,1.4,313,16,5.4,8.6,1.4,313,16,0,29.17,-0.1,0,0,,43.9,47.1,,0.25,0.24,
DEPO,2019-11-08 18:15:00 EST,42.06855,-75.39220,1022,24.2,24.3,17.1,73.9,17.0,0.000,0.024,0.00,0.000,5.2,8.4,1.2,316,20,5.7,9.4,1.3,315,19,5.7,9.4,1.3,315,19,0,29.17,-0.2,0,0,,43.8,47.1,,0.25,0.23,
DEPO,2019-11-08 18:20:00 EST,42.06855,-75.39220,1022,24.0,24.1,16.0,74.5,17.0,0.000,0.024,0.00,0.000,6.1,15.5,3.4,330,36,6.8,17.3,3.6,329,35,6.8,17.3,3.6,329,35,0,29.17,-0.3,0,0,,43.7,47.1,,0.25,0.23,
DEPO,2019-11-08 18:25:00 EST,42.06855,-75.39220,1022,23.9,24.1,16.2,75.0,17.1,0.000,0.024,0.00,0.000,5.9,9.6,1.9,324,16,6.4,10.0,1.9,323,16,6.4,10.0,1.9,323,16,0,29.17,-0.1,0,0,,43.7,47.1,,0.25,0.23,
DEPO,2019-11-08 18:30:00 EST,42.06855,-75.39220,1022,23.7,24.0,15.9,74.8,16.8,0.000,0.024,0.00,0.000,5.8,11.4,2.1,320,26,6.5,12.2,2.1,319,27,6.5,12.2,2.1,319,27,0,29.17,-0.2,0,0,,43.7,47.1,,0.25,0.23,
DEPO,2019-11-08 18:35:00 EST,42.06855,-75.39220,1022,23.5,23.8,15.7,75.9,17.0,0.000,0.024,0.00,0.000,5.9,10.3,1.4,310,12,6.5,11.3,1.5,308,11,6.5,11.3,1.5,308,11,0,29.18,-0.2,0,0,,43.7,47.1,,0.25,0.23,
DEPO,2019-11-08 18:40:00 EST,42.06855,-75.39220,1022,23.4,23.7,17.6,76.1,17.0,0.000,0.024,0.00,0.000,4.2,5.8,1.0,313,16,4.5,6.7,1.1,311,14,4.5,6.7,1.1,311,14,0,29.18,-0.2,0,0,,43.7,47.1,,0.25,0.23,
DEPO,2019-11-08 18:45:00 EST,42.06855,-75.39220,1022,23.2,23.6,16.5,77.4,17.2,0.000,0.024,0.00,0.000,4.9,7.2,1.3,314,14,5.2,8.3,1.4,314,13,5.2,8.3,1.4,314,13,0,29.18,-0.2,0,0,,43.6,47.1,,0.25,0.24,
DEPO,2019-11-08 18:50:00 EST,42.06855,-75.39220,1022,23.1,23.5,16.2,78.2,17.3,0.000,0.024,0.00,0.000,5.0,8.4,1.4,294,16,5.3,9.0,1.5,294,16,5.3,9.0,1.5,294,16,0,29.18,-0.2,0,0,,43.5,47.1,,0.25,0.23,
DEPO,2019-11-08 18:55:00 EST,42.06855,-75.39220,1022,22.7,23.2,18.7,78.8,17.2,0.000,0.024,0.00,0.000,2.7,5.3,1.3,306,21,3.1,6.6,1.4,308,21,3.1,6.6,1.4,308,21,0,29.18,-0.2,0,0,,43.5,47.1,,0.25,0.24,
DEPO,2019-11-08 19:00:00 EST,42.06855,-75.39220,1022,22.7,23.2,17.7,79.7,17.3,0.000,0.024,0.00,0.000,3.3,6.0,1.0,305,16,3.7,6.9,1.0,303,16,3.7,6.9,1.0,303,16,0,29.18,-0.2,0,0,,43.5,47.1,,0.25,0.23,
DEPO,2019-11-08 19:05:00 EST,42.06855,-75.39220,1022,22.7,23.1,18.3,79.5,17.3,0.000,0.024,0.00,0.000,2.9,4.3,0.7,292,20,3.4,5.7,0.9,291,19,3.4,5.7,0.9,291,19,0,29.18,-0.1,0,0,,43.5,47.0,,0.25,0.23,
DEPO,2019-11-08 19:10:00 EST,42.06855,-75.39220,1022,22.6,23.0,22.6,79.9,17.3,0.000,0.024,0.00,0.000,2.2,4.2,1.0,308,17,2.4,4.7,1.1,307,16,2.4,4.7,1.1,307,16,0,29.18,-0.2,0,0,,43.5,47.1,,0.25,0.23,
DEPO,2019-11-08 19:15:00 EST,42.06855,-75.39220,1022,22.4,22.9,22.4,80.5,17.3,0.000,0.024,0.00,0.000,2.6,4.6,0.8,303,21,3.0,6.2,1.0,305,21,3.0,6.2,1.0,305,21,0,29.18,-0.3,0,0,,43.5,46.9,,0.25,0.24,
DEPO,2019-11-08 19:20:00 EST,42.06855,-75.39220,1022,22.6,22.9,22.6,80.4,17.5,0.000,0.024,0.00,0.000,2.6,4.8,0.7,311,16,2.8,5.3,0.8,310,15,2.8,5.3,0.8,310,15,0,29.19,-0.2,0,0,,43.4,46.9,,0.25,0.24,
DEPO,2019-11-08 19:25:00 EST,42.06855,-75.39220,1022,22.2,22.7,22.2,80.5,17.1,0.000,0.024,0.00,0.000,2.4,5.0,1.0,308,25,2.7,5.0,1.1,308,24,2.7,5.0,1.1,308,24,0,29.19,-0.2,0,0,,43.3,46.9,,0.25,0.24,
DEPO,2019-11-08 19:30:00 EST,42.06855,-75.39220,1022,22.1,22.6,17.1,81.3,17.3,0.000,0.024,0.00,0.000,3.3,5.9,0.9,298,14,3.7,6.4,1.1,297,13,3.7,6.4,1.1,297,13,0,29.19,-0.3,0,0,,43.3,46.9,,0.25,0.24,
DEPO,2019-11-08 19:35:00 EST,42.06855,-75.39220,1022,22.1,22.6,17.3,81.8,17.4,0.000,0.024,0.00,0.000,3.2,4.8,0.7,322,15,3.5,5.9,1.0,321,12,3.5,5.9,1.0,321,12,0,29.18,-0.2,0,0,,43.3,46.9,,0.25,0.23,
DEPO,2019-11-08 19:40:00 EST,42.06855,-75.39220,1022,21.7,22.3,21.7,81.1,16.8,0.000,0.024,0.00,0.000,1.6,3.9,1.0,319,19,1.9,5.0,1.1,316,20,1.9,5.0,1.1,316,20,0,29.18,-0.1,0,0,,43.3,46.9,,0.25,0.24,
DEPO,2019-11-08 19:45:00 EST,42.06855,-75.39220,1022,21.8,22.3,21.8,82.6,17.4,0.000,0.024,0.00,0.000,1.5,4.0,0.9,317,24,1.7,4.8,1.1,313,23,1.7,4.8,1.1,313,23,0,29.18,-0.1,0,0,,43.3,46.9,,0.25,0.24,
DEPO,2019-11-08 19:50:00 EST,42.06855,-75.39220,1022,21.9,22.3,21.9,83.0,17.5,0.000,0.024,0.00,0.000,2.3,4.4,0.6,314,20,2.6,5.1,0.7,315,20,2.6,5.1,0.7,315,20,0,29.18,-0.1,0,0,,43.2,46.9,,0.25,0.23,
DEPO,2019-11-08 19:55:00 EST,42.06855,-75.39220,1022,22.0,22.4,22.0,81.3,17.1,0.000,0.024,0.00,0.000,1.6,5.3,1.2,305,18,1.9,5.1,1.2,303,26,1.9,5.1,1.2,303,26,0,29.18,-0.3,0,0,,43.2,46.9,,0.25,0.23,
DEPO,2019-11-08 20:00:00 EST,42.06855,-75.39220,1022,21.3,22.0,21.3,82.2,16.7,0.000,0.024,0.00,0.000,0.5,1.3,0.4,90,33,0.7,1.7,0.6,88,28,0.7,1.7,0.6,88,28,0,29.18,-0.3,0,0,,43.2,46.9,,0.25,0.24,
DEPO,2019-11-08 20:05:00 EST,42.06855,-75.39220,1022,21.4,21.9,21.4,83.5,17.2,0.000,0.024,0.00,0.000,0.9,1.4,0.2,126,35,1.2,1.7,0.2,120,34,1.2,1.7,0.2,120,34,0,29.19,-0.3,0,0,,43.2,46.9,,0.25,0.23,
DEPO,2019-11-08 20:10:00 EST,42.06855,-75.39220,1022,20.9,21.5,20.9,84.3,17.0,0.000,0.024,0.00,0.000,1.4,2.1,0.4,138,12,1.4,2.1,0.3,133,13,1.4,2.1,0.3,133,13,0,29.19,-0.2,0,0,,43.1,46.9,,0.25,0.24,
DEPO,2019-11-08 20:15:00 EST,42.06855,-75.39220,1022,20.6,21.1,20.6,85.1,16.9,0.000,0.024,0.00,0.000,1.0,1.7,0.3,172,22,1.3,2.1,0.4,171,23,1.3,2.1,0.4,171,23,0,29.19,-0.2,0,0,,43.0,46.9,,0.25,0.24,
DEPO,2019-11-08 20:20:00 EST,42.06855,-75.39220,1022,20.1,21.1,20.1,87.4,17.0,0.000,0.024,0.00,0.000,1.4,2.0,0.4,224,25,1.6,2.5,0.4,225,27,1.6,2.5,0.4,225,27,0,29.19,-0.3,0,0,,43.0,46.9,,0.25,0.24,
DEPO,2019-11-08 20:25:00 EST,42.06855,-75.39220,1022,20.2,21.2,20.2,88.4,17.3,0.000,0.024,0.00,0.000,2.2,4.3,0.8,238,27,2.4,5.4,0.9,237,26,2.4,5.4,0.9,237,26,0,29.19,-0.4,0,0,,43.0,46.9,,0.25,0.24,
DEPO,2019-11-08 20:30:00 EST,42.06855,-75.39220,1022,19.8,21.1,19.8,87.3,16.6,0.000,0.024,0.00,0.000,1.9,2.6,0.3,233,20,2.1,3.3,0.4,234,21,2.1,3.3,0.4,234,21,0,29.19,-0.2,0,0,,43.0,46.9,,0.25,0.23,
DEPO,2019-11-08 20:35:00 EST,42.06855,-75.39220,1022,20.1,21.0,20.1,87.6,17.0,0.000,0.024,0.00,0.000,1.7,3.2,0.5,232,26,2.0,3.8,0.6,233,26,2.0,3.8,0.6,233,26,0,29.19,-0.2,0,0,,43.0,46.9,,0.25,0.24,
DEPO,2019-11-08 20:40:00 EST,42.06855,-75.39220,1022,19.9,20.8,19.9,87.7,16.8,0.000,0.024,0.00,0.000,1.4,2.0,0.3,219,13,1.6,2.3,0.2,216,14,1.6,2.3,0.2,216,14,0,29.19,-0.3,0,0,,42.8,46.9,,0.25,0.24,
DEPO,2019-11-08 20:45:00 EST,42.06855,-75.39220,1022,19.6,20.4,19.6,87.8,16.6,0.000,0.024,0.00,0.000,0.9,1.8,0.4,191,21,1.2,2.2,0.4,186,22,1.2,2.2,0.4,186,22,0,29.19,-0.2,0,0,,42.8,46.9,,0.25,0.24,
DEPO,2019-11-08 20:50:00 EST,42.06855,-75.39220,1022,19.7,20.2,19.7,90.0,17.2,0.000,0.024,0.00,0.000,1.2,1.6,0.3,170,14,1.4,2.1,0.3,167,19,1.4,2.1,0.3,167,19,0,29.20,-0.2,0,0,,42.8,46.9,,0.25,0.24,
DEPO,2019-11-08 20:55:00 EST,42.06855,-75.39220,1022,19.7,20.0,19.7,89.6,17.2,0.000,0.024,0.00,0.000,1.5,1.8,0.1,208,16,1.7,2.1,0.2,209,14,1.7,2.1,0.2,209,14,0,29.20,-0.2,0,0,,42.8,46.9,,0.25,0.24,
DEPO,2019-11-08 21:00:00 EST,42.06855,-75.39220,1022,19.4,19.8,19.4,89.7,16.9,0.000,0.024,0.00,0.000,1.0,1.7,0.3,194,7,1.3,1.9,0.3,192,11,1.3,1.9,0.3,192,11,0,29.20,-0.2,0,0,,42.8,46.9,,0.25,0.24,
DEPO,2019-11-08 21:05:00 EST,42.06855,-75.39220,1022,19.4,19.6,19.4,90.3,17.0,0.000,0.024,0.00,0.000,0.6,1.0,0.3,197,10,0.9,1.4,0.3,195,13,0.9,1.4,0.3,195,13,0,29.20,-0.2,0,0,,42.7,46.9,,0.25,0.24,
DEPO,2019-11-08 21:10:00 EST,42.06855,-75.39220,1022,19.0,19.4,19.0,90.8,16.8,0.000,0.024,0.00,0.000,1.1,1.8,0.3,187,23,1.4,2.1,0.3,180,24,1.4,2.1,0.3,180,24,0,29.20,-0.2,0,0,,42.6,46.9,,0.25,0.23,
DEPO,2019-11-08 21:15:00 EST,42.06855,-75.39220,1022,18.8,19.3,18.8,90.6,16.5,0.000,0.024,0.00,0.000,0.9,1.5,0.3,162,5,1.3,1.8,0.2,163,12,1.3,1.8,0.2,163,12,0,29.20,-0.2,0,0,,42.6,46.9,,0.25,0.24,
DEPO,2019-11-08 21:20:00 EST,42.06855,-75.39220,1022,18.8,19.3,18.8,90.2,16.4,0.000,0.024,0.00,0.000,0.8,1.2,0.2,180,6,1.1,1.5,0.2,173,11,1.1,1.5,0.2,173,11,0,29.20,-0.2,0,0,,42.6,46.9,,0.25,0.23,
DEPO,2019-11-08 21:25:00 EST,42.06855,-75.39220,1022,18.8,19.1,18.8,90.6,16.5,0.000,0.024,0.00,0.000,0.8,1.2,0.3,158,9,1.1,1.5,0.3,149,8,1.1,1.5,0.3,149,8,0,29.20,-0.2,0,0,,42.6,46.9,,0.25,0.23,
DEPO,2019-11-08 21:30:00 EST,42.06855,-75.39220,1022,18.7,19.1,18.7,90.1,16.3,0.000,0.024,0.00,0.000,1.0,1.6,0.3,179,9,1.2,2.1,0.5,177,11,1.2,2.1,0.5,177,11,0,29.20,-0.2,0,0,,42.5,46.9,,0.25,0.24,
DEPO,2019-11-08 21:35:00 EST,42.06855,-75.39220,1022,18.7,19.1,18.7,90.6,16.4,0.000,0.024,0.00,0.000,0.8,1.8,0.6,176,8,1.1,2.2,0.7,172,9,1.1,2.2,0.7,172,9,0,29.20,-0.2,0,0,,42.4,46.9,,0.25,0.24,
DEPO,2019-11-08 21:40:00 EST,42.06855,-75.39220,1022,18.3,18.9,18.3,90.8,16.1,0.000,0.024,0.00,0.000,1.2,1.6,0.2,167,9,1.5,1.8,0.2,163,14,1.5,1.8,0.2,163,14,0,29.20,-0.2,0,0,,42.4,46.9,,0.25,0.23,
DEPO,2019-11-08 21:45:00 EST,42.06855,-75.39220,1022,18.6,19.0,18.6,91.0,16.4,0.000,0.024,0.00,0.000,1.7,2.1,0.3,221,11,1.8,2.6,0.3,222,11,1.8,2.6,0.3,222,11,0,29.20,-0.3,0,0,,42.4,46.9,,0.25,0.24,
DEPO,2019-11-08 21:50:00 EST,42.06855,-75.39220,1022,18.4,18.8,18.4,91.0,16.2,0.000,0.024,0.00,0.000,1.5,1.8,0.2,223,6,1.6,2.0,0.2,220,8,1.6,2.0,0.2,220,8,0,29.20,-0.2,0,0,,42.4,46.8,,0.25,0.23,
DEPO,2019-11-08 21:55:00 EST,42.06855,-75.39220,1022,18.2,18.6,18.2,91.6,16.2,0.000,0.024,0.00,0.000,1.2,1.4,0.2,201,16,1.4,1.9,0.2,198,16,1.4,1.9,0.2,198,16,0,29.21,-0.2,0,0,,42.4,46.8,,0.25,0.24,
DEPO,2019-11-08 22:00:00 EST,42.06855,-75.39220,1022,18.1,18.5,18.1,92.1,16.2,0.000,0.024,0.00,0.000,1.6,2.0,0.2,222,6,1.7,2.2,0.2,222,5,1.7,2.2,0.2,222,5,0,29.21,-0.2,0,0,,42.3,46.8,,0.25,0.23,
DEPO,2019-11-08 22:05:00 EST,42.06855,-75.39220,1022,18.0,18.5,18.0,91.8,16.0,0.000,0.024,0.00,0.000,1.5,2.4,0.4,216,9,1.7,2.8,0.4,214,12,1.7,2.8,0.4,214,12,0,29.20,-0.2,0,0,,42.3,46.8,,0.25,0.23,
DEPO,2019-11-08 22:10:00 EST,42.06855,-75.39220,1022,18.0,18.7,18.0,92.2,16.1,0.000,0.024,0.00,0.000,1.2,2.0,0.3,237,21,1.5,2.3,0.3,240,22,1.5,2.3,0.3,240,22,0,29.21,-0.2,0,0,,42.3,46.8,,0.25,0.23,
DEPO,2019-11-08 22:15:00 EST,42.06855,-75.39220,1022,17.8,18.4,17.8,92.2,16.0,0.000,0.024,0.00,0.000,1.4,1.8,0.2,240,14,1.4,2.0,0.2,233,11,1.4,2.0,0.2,233,11,0,29.21,-0.2,0,0,,42.3,46.8,,0.25,0.23,
DEPO,2019-11-08 22:20:00 EST,42.06855,-75.39220,1022,18.1,18.8,18.1,92.0,16.2,0.000,0.024,0.00,0.000,1.2,2.0,0.3,195,14,1.5,2.2,0.3,189,19,1.5,2.2,0.3,189,19,0,29.21,-0.2,0,0,,42.3,46.8,,0.25,0.23,
DEPO,2019-11-08 22:25:00 EST,42.06855,-75.39220,1022,17.7,18.6,17.7,91.1,15.5,0.000,0.024,0.00,0.000,0.8,1.5,0.4,237,12,1.0,2.1,0.4,235,13,1.0,2.1,0.4,235,13,0,29.21,-0.2,0,0,,42.1,46.8,,0.25,0.23,
DEPO,2019-11-08 22:30:00 EST,42.06855,-75.39220,1022,17.4,18.4,17.4,92.0,15.5,0.000,0.024,0.00,0.000,1.8,2.5,0.3,239,13,1.9,2.5,0.3,237,14,1.9,2.5,0.3,237,14,0,29.21,-0.2,0,0,,42.1,46.8,,0.25,0.23,
DEPO,2019-11-08 22:35:00 EST,42.06855,-75.39220,1022,17.6,18.1,17.6,93.0,15.9,0.000,0.024,0.00,0.000,1.7,2.6,0.4,245,17,1.8,2.6,0.3,245,17,1.8,2.6,0.3,245,17,0,29.20,-0.2,0,0,,42.1,46.8,,0.25,0.23,
DEPO,2019-11-08 22:40:00 EST,42.06855,-75.39220,1022,17.6,18.0,17.6,92.3,15.7,0.000,0.024,0.00,0.000,1.5,2.1,0.3,222,11,1.7,2.5,0.3,222,8,1.7,2.5,0.3,222,8,0,29.20,-0.2,0,0,,42.1,46.8,,0.25,0.23,
DEPO,2019-11-08 22:45:00 EST,42.06855,-75.39220,1022,17.5,17.9,17.5,92.0,15.6,0.000,0.024,0.00,0.000,1.5,2.1,0.3,255,8,1.7,2.4,0.3,250,12,1.7,2.4,0.3,250,12,0,29.20,-0.3,0,0,,42.1,46.8,,0.25,0.23,
DEPO,2019-11-08 22:50:00 EST,42.06855,-75.39220,1022,17.0,17.8,17.0,91.3,14.9,0.000,0.024,0.00,0.000,1.7,2.3,0.3,244,8,1.9,2.7,0.3,241,11,1.9,2.7,0.3,241,11,0,29.20,-0.2,0,0,,42.1,46.8,,0.25,0.23,
DEPO,2019-11-08 22:55:00 EST,42.06855,-75.39220,1022,17.3,17.9,17.3,92.2,15.4,0.000,0.024,0.00,0.000,1.7,2.3,0.3,254,12,1.9,2.8,0.4,252,14,1.9,2.8,0.4,252,14,0,29.20,-0.2,0,0,,41.9,46.8,,0.25,0.23,
DEPO,2019-11-08 23:00:00 EST,42.06855,-75.39220,1022,17.2,17.8,17.2,92.0,15.3,0.000,0.024,0.00,0.000,1.7,2.2,0.2,234,11,1.8,2.5,0.3,232,11,1.8,2.5,0.3,232,11,0,29.20,-0.2,0,0,,41.9,46.8,,0.25,0.23,
DEPO,2019-11-08 23:05:00 EST,42.06855,-75.39220,1022,17.2,17.6,17.2,92.2,15.3,0.000,0.024,0.00,0.000,1.7,2.1,0.3,228,10,1.8,2.4,0.3,227,9,1.8,2.4,0.3,227,9,0,29.20,-0.2,0,0,,41.9,46.8,,0.25,0.23,
DEPO,2019-11-08 23:10:00 EST,42.06855,-75.39220,1022,17.2,17.5,17.2,92.3,15.3,0.000,0.024,0.00,0.000,1.5,1.9,0.3,243,15,1.6,2.2,0.4,239,14,1.6,2.2,0.4,239,14,0,29.20,-0.2,0,0,,41.9,46.8,,0.25,0.23,
DEPO,2019-11-08 23:15:00 EST,42.06855,-75.39220,1022,17.1,17.5,17.1,92.6,15.3,0.000,0.024,0.00,0.000,1.4,1.8,0.2,238,7,1.5,1.8,0.2,234,7,1.5,1.8,0.2,234,7,0,29.20,-0.2,0,0,,41.9,46.8,,0.25,0.23,
DEPO,2019-11-08 23:20:00 EST,42.06855,-75.39220,1022,17.1,17.4,17.1,92.7,15.3,0.000,0.024,0.00,0.000,1.5,2.0,0.2,220,9,1.6,2.3,0.3,218,9,1.6,2.3,0.3,218,9,0,29.20,-0.2,0,0,,41.9,46.8,,0.25,0.23,
DEPO,2019-11-08 23:25:00 EST,42.06855,-75.39220,1022,17.0,17.6,17.0,93.1,15.4,0.000,0.024,0.00,0.000,1.6,2.2,0.5,228,7,1.6,2.5,0.5,225,8,1.6,2.5,0.5,225,8,0,29.20,-0.2,0,0,,41.7,46.8,,0.25,0.23,
DEPO,2019-11-08 23:30:00 EST,42.06855,-75.39220,1022,16.9,17.5,16.9,92.7,15.1,0.000,0.024,0.00,0.000,1.5,1.8,0.2,215,6,1.7,2.3,0.2,215,6,1.7,2.3,0.2,215,6,0,29.20,-0.2,0,0,,41.7,46.8,,0.25,0.23,
DEPO,2019-11-08 23:35:00 EST,42.06855,-75.39220,1022,16.9,17.2,16.9,92.8,15.2,0.000,0.024,0.00,0.000,1.3,1.8,0.2,236,13,1.4,2.0,0.2,234,14,1.4,2.0,0.2,234,14,0,29.20,-0.2,0,0,,41.7,46.8,,0.25,0.23,
DEPO,2019-11-08 23:40:00 EST,42.06855,-75.39220,1022,16.7,17.1,16.7,92.7,14.9,0.000,0.024,0.00,0.000,1.4,1.7,0.1,239,7,1.5,1.9,0.1,234,7,1.5,1.9,0.1,234,7,0,29.21,-0.3,0,0,,41.7,46.8,,0.25,0.23,
DEPO,2019-11-08 23:45:00 EST,42.06855,-75.39220,1022,16.7,17.0,16.7,92.6,14.9,0.000,0.024,0.00,0.000,1.6,2.0,0.3,236,5,1.6,2.0,0.2,233,7,1.6,2.0,0.2,233,7,0,29.21,-0.3,0,0,,41.7,46.8,,0.25,0.23,
DEPO,2019-11-08 23:50:00 EST,42.06855,-75.39220,1022,16.5,16.9,16.5,92.3,14.7,0.000,0.024,0.00,0.000,1.4,2.0,0.2,219,9,1.6,2.2,0.3,217,9,1.6,2.2,0.3,217,9,0,29.21,-0.2,0,0,,41.7,46.6,,0.25,0.23,
DEPO,2019-11-08 23:55:00 EST,42.06855,-75.39220,1022,16.5,16.8,16.5,92.3,14.6,0.000,0.024,0.00,0.000,1.2,1.8,0.2,221,9,1.4,1.9,0.2,222,10,1.4,1.9,0.2,222,10,0,29.21,-0.2,0,0,,41.5,46.7,,0.25,0.23,
DOVE,2019-11-08 00:00:00 EST,41.77367,-73.57542,423,33.1,,27.1,83.0,28.5,0.000,0.521,0.00,0.000,5.9,12.9,2.6,3,26,6.6,13.5,2.8,7,25,6.6,13.5,2.8,7,25,0,29.56,-0.0,0,0,0,44.6,47.8,49.2,0.34,0.19,0.11
DOVE,2019-11-08 00:05:00 EST,41.77367,-73.57542,423,33.1,,28.4,82.8,28.5,0.000,0.000,0.00,0.000,4.2,9.1,1.8,351,24,5.0,12.7,2.1,358,21,5.0,12.7,2.1,358,21,0,29.56,-0.0,0,0,0,44.6,47.8,49.2,0.34,0.19,0.11
DOVE,2019-11-08 00:10:00 EST,41.77367,-73.57542,423,33.2,,26.7,79.5,27.6,0.000,0.000,0.00,0.000,6.6,13.2,2.2,6,31,7.3,17.0,2.7,12,27,7.3,17.0,2.7,12,27,0,29.57,-0.0,0,0,0,44.6,47.8,49.2,0.34,0.19,0.11
DOVE,2019-11-08 00:15:00 EST,41.77367,-73.57542,423,33.2,,26.2,77.0,26.7,0.000,0.000,0.00,0.000,7.1,13.5,2.5,24,27,8.1,16.2,3.0,24,25,8.1,16.2,3.0,24,25,0,29.57,-0.0,0,0,0,44.6,47.8,49.2,0.34,0.19,0.11
DOVE,2019-11-08 00:20:00 EST,41.77367,-73.57542,423,33.1,,26.6,74.5,25.9,0.000,0.000,0.00,0.000,6.6,15.6,3.7,24,29,7.3,15.9,3.8,25,27,7.3,15.9,3.8,25,27,0,29.57,-0.1,0,0,0,44.6,47.8,49.2,0.34,0.19,0.11
DOVE,2019-11-08 00:25:00 EST,41.77367,-73.57542,423,32.9,,25.8,69.9,24.1,0.000,0.000,0.00,0.000,7.6,14.0,2.7,35,17,8.1,15.8,3.0,40,15,8.1,15.8,3.0,40,15,0,29.56,-0.1,0,0,0,44.6,47.8,49.2,0.34,0.19,0.11
DOVE,2019-11-08 00:30:00 EST,41.77367,-73.57542,423,32.5,,26.6,68.9,23.4,0.000,0.000,0.00,0.000,5.2,10.2,2.0,4,22,6.3,12.4,2.2,7,20,6.3,12.4,2.2,7,20,0,29.56,0.0,0,0,0,44.5,47.8,49.2,0.34,0.19,0.10
DOVE,2019-11-08 00:35:00 EST,41.77367,-73.57542,423,32.4,,27.8,68.0,23.0,0.000,0.000,0.00,0.000,4.0,9.4,2.3,353,48,4.7,10.9,2.7,1,44,4.7,10.9,2.7,1,44,0,29.56,0.0,0,0,0,44.4,47.8,49.3,0.34,0.19,0.11
DOVE,2019-11-08 00:40:00 EST,41.77367,-73.57542,423,32.1,,28.4,69.8,23.4,0.000,0.000,0.00,0.000,3.4,9.1,2.3,14,34,3.9,10.9,2.4,19,33,3.9,10.9,2.4,19,33,0,29.56,-0.0,0,0,0,44.4,47.8,49.2,0.34,0.19,0.11
DOVE,2019-11-08 00:45:00 EST,41.77367,-73.57542,423,32.1,,26.9,69.4,23.2,0.000,0.000,0.00,0.000,4.7,8.5,1.6,3,35,5.4,9.1,1.7,5,32,5.4,9.1,1.7,5,32,0,29.57,-0.0,0,0,0,44.4,47.8,49.2,0.34,0.19,0.11
DOVE,2019-11-08 00:50:00 EST,41.77367,-73.57542,423,32.0,,26.4,69.6,23.2,0.000,0.000,0.00,0.000,4.8,11.2,2.8,3,30,5.8,13.2,3.1,7,30,5.8,13.2,3.1,7,30,0,29.57,-0.0,0,0,0,44.4,47.8,49.2,0.34,0.19,0.11
DOVE,2019-11-08 00:55:00 EST,41.77367,-73.57542,423,31.9,,26.9,68.6,22.7,0.000,0.000,0.00,0.000,4.1,9.4,1.9,4,29,5.0,11.2,2.3,9,27,5.0,11.2,2.3,9,27,0,29.57,-0.0,0,0,0,44.4,47.7,49.2,0.34,0.19,0.10
DOVE,2019-11-08 01:00:00 EST,41.77367,-73.57542,423,31.7,,24.7,68.7,22.6,0.000,0.000,0.00,0.000,6.8,13.4,2.4,3,21,7.7,16.4,2.9,7,19,7.7,16.4,2.9,7,19,0,29.57,-0.0,0,0,0,44.4,47.8,49.1,0.34,0.19,0.10
DOVE,2019-11-08 01:05:00 EST,41.77367,-73.57542,423,31.5,,24.9,68.5,22.3,0.000,0.000,0.00,0.000,6.5,10.4,2.0,16,23,7.0,13.6,2.2,21,20,7.0,13.6,2.2,21,20,0,29.56,-0.0,0,0,0,44.4,47.8,49.2,0.34,0.19,0.11
DOVE,2019-11-08 01:10:00 EST,41.77367,-73.57542,423,31.4,,24.7,66.2,21.4,0.000,0.000,0.00,0.000,6.3,13.4,2.4,11,23,7.1,16.2,2.9,14,23,7.1,16.2,2.9,14,23,0,29.56,-0.0,0,0,0,44.4,47.8,49.2,0.34,0.19,0.11
DOVE,2019-11-08 01:15:00 EST,41.77367,-73.57542,423,31.2,,24.2,65.0,20.8,0.000,0.000,0.00,0.000,6.6,13.6,2.6,21,28,7.4,16.6,2.9,25,26,7.4,16.6,2.9,25,26,0,29.56,-0.0,0,0,0,44.4,47.8,49.2,0.34,0.19,0.11
DOVE,2019-11-08 01:20:00 EST,41.77367,-73.57542,423,31.0,,25.1,64.4,20.3,0.000,0.000,0.00,0.000,5.2,11.2,2.2,12,34,5.8,11.3,2.3,14,35,5.8,11.3,2.3,14,35,0,29.57,0.0,0,0,0,44.4,47.7,49.2,0.34,0.19,0.11
DOVE,2019-11-08 01:25:00 EST,41.77367,-73.57542,423,30.9,,24.3,62.4,19.6,0.000,0.000,0.00,0.000,5.9,12.6,3.3,10,36,6.8,13.7,3.4,15,32,6.8,13.7,3.4,15,32,0,29.57,-0.1,0,0,0,44.3,47.6,49.1,0.34,0.19,0.11
DOVE,2019-11-08 01:30:00 EST,41.77367,-73.57542,423,30.5,,23.2,63.3,19.5,0.000,0.000,0.00,0.000,6.9,18.0,3.9,0,27,7.8,21.4,4.6,4,26,7.8,21.4,4.6,4,26,0,29.57,-0.1,0,0,0,44.1,47.6,49.1,0.34,0.19,0.11
DOVE,2019-11-08 01:35:00 EST,41.77367,-73.57542,423,30.4,,24.5,62.0,18.9,0.000,0.000,0.00,0.000,4.9,17.1,3.5,8,26,5.8,20.3,3.9,13,25,5.8,20.3,3.9,13,25,0,29.57,-0.0,0,0,0,44.1,47.6,49.1,0.34,0.19,0.11
DOVE,2019-11-08 01:40:00 EST,41.77367,-73.57542,423,30.3,,24.4,61.7,18.7,0.000,0.000,0.00,0.000,5.0,11.4,2.6,12,26,5.7,12.9,2.6,15,24,5.7,12.9,2.6,15,24,0,29.57,-0.0,0,0,0,44.1,47.6,49.1,0.34,0.19,0.11
DOVE,2019-11-08 01:45:00 EST,41.77367,-73.57542,423,30.2,30.2,23.6,61.0,18.4,0.000,0.000,0.00,0.000,5.8,11.4,2.2,1,29,6.6,12.8,2.4,6,26,6.6,12.8,2.4,6,26,0,29.57,0.0,0,0,0,44.1,47.6,49.2,0.34,0.19,0.11
DOVE,2019-11-08 01:50:00 EST,41.77367,-73.57542,423,30.4,30.5,24.0,58.6,17.7,0.000,0.000,0.00,0.000,5.8,13.3,2.7,346,27,6.5,18.1,3.0,352,24,6.5,18.1,3.0,352,24,0,29.57,-0.0,0,0,0,44.1,47.5,49.2,0.34,0.19,0.11
DOVE,2019-11-08 01:55:00 EST,41.77367,-73.57542,423,30.2,30.3,24.0,58.9,17.5,0.000,0.000,0.00,0.000,5.3,12.3,2.0,337,34,6.1,19.6,2.4,346,31,6.1,19.6,2.4,346,31,0,29.58,-0.0,0,0,0,44.1,47.5,49.2,0.34,0.19,0.11
DOVE,2019-11-08 02:00:00 EST,41.77367,-73.57542,423,30.1,30.2,26.0,58.9,17.5,0.000,0.000,0.00,0.000,3.2,7.2,1.9,14,37,3.9,10.2,2.2,18,35,3.9,10.2,2.2,18,35,0,29.58,-0.1,0,0,0,44.0,47.5,49.1,0.34,0.19,0.11
DOVE,2019-11-08 02:05:00 EST,41.77367,-73.57542,423,29.6,29.9,26.1,60.3,17.6,0.000,0.000,0.00,0.000,2.8,7.9,1.5,37,42,3.4,9.0,1.6,35,41,3.4,9.0,1.6,35,41,0,29.58,-0.1,0,0,0,43.9,47.5,49.2,0.34,0.19,0.11
DOVE,2019-11-08 02:10:00 EST,41.77367,-73.57542,423,29.4,29.9,24.7,60.8,17.5,0.000,0.000,0.00,0.000,3.5,6.4,1.1,350,27,4.3,8.1,1.4,357,28,4.3,8.1,1.4,357,28,0,29.58,-0.1,0,0,0,43.9,47.5,49.2,0.34,0.19,0.11
DOVE,2019-11-08 02:15:00 EST,41.77367,-73.57542,423,28.9,29.6,28.9,62.7,17.8,0.000,0.000,0.00,0.000,2.3,5.7,1.3,37,34,2.8,6.4,1.3,43,33,2.8,6.4,1.3,43,33,0,29.58,-0.0,0,0,0,43.9,47.5,49.1,0.34,0.19,0.11
DOVE,2019-11-08 02:20:00 EST,41.77367,-73.57542,423,29.1,29.6,24.3,62.5,17.9,0.000,0.000,0.00,0.000,3.8,7.1,1.4,15,29,4.4,8.2,1.6,17,27,4.4,8.2,1.6,17,27,0,29.58,-0.1,0,0,0,43.9,47.5,49.1,0.33,0.19,0.11
DOVE,2019-11-08 02:25:00 EST,41.77367,-73.57542,423,28.8,29.3,25.5,63.5,17.9,0.000,0.000,0.00,0.000,2.7,5.6,0.7,64,26,3.1,6.6,0.9,65,26,3.1,6.6,0.9,65,26,0,29.58,-0.1,0,0,0,43.9,47.5,49.1,0.33,0.19,0.11
DOVE,2019-11-08 02:30:00 EST,41.77367,-73.57542,423,28.4,29.1,28.4,64.7,18.0,0.000,0.000,0.00,0.000,2.6,5.6,1.3,41,35,3.0,6.8,1.3,46,36,3.0,6.8,1.3,46,36,0,29.58,-0.2,0,0,0,43.9,47.5,49.1,0.33,0.19,0.11
DOVE,2019-11-08 02:35:00 EST,41.77367,-73.57542,423,28.3,29.0,28.3,65.0,18.1,0.000,0.000,0.00,0.000,2.2,4.2,1.1,32,31,2.5,5.0,1.1,37,30,2.5,5.0,1.1,37,30,0,29.58,-0.0,0,0,0,43.8,47.5,49.1,0.33,0.19,0.11
DOVE,2019-11-08 02:40:00 EST,41.77367,-73.57542,423,28.3,28.9,28.3,65.8,18.3,0.000,0.000,0.00,0.000,2.2,5.0,1.1,25,33,2.6,5.6,1.1,30,29,2.6,5.6,1.1,30,29,0,29.59,0.0,0,0,0,43.8,47.5,49.1,0.33,0.19,0.11
DOVE,2019-11-08 02:45:00 EST,41.77367,-73.57542,423,28.4,28.7,28.4,65.7,18.4,0.000,0.000,0.00,0.000,1.2,3.7,0.8,5,38,1.7,4.8,1.1,14,37,1.7,4.8,1.1,14,37,0,29.59,-0.0,0,0,0,43.7,47.5,49.1,0.33,0.19,0.11
DOVE,2019-11-08 02:50:00 EST,41.77367,-73.57542,423,28.0,28.6,28.0,67.1,18.5,0.000,0.000,0.00,0.000,1.7,5.1,1.1,44,39,2.0,5.3,1.2,49,38,2.0,5.3,1.2,49,38,0,29.58,-0.1,0,0,0,43.7,47.5,49.0,0.33,0.19,0.11
DOVE,2019-11-08 02:55:00 EST,41.77367,-73.57542,423,27.0,28.6,27.0,69.0,18.2,0.000,0.000,0.00,0.000,0.8,2.0,0.6,87,62,1.3,2.8,0.7,96,64,1.3,2.8,0.7,96,64,0,29.58,-0.0,0,0,0,43.7,47.5,49.1,0.33,0.19,0.11
DOVE,2019-11-08 03:00:00 EST,41.77367,-73.57542,423,27.2,28.4,27.2,70.5,18.9,0.000,0.000,0.00,0.000,1.8,3.8,0.8,187,64,2.1,4.4,0.9,204,64,2.1,4.4,0.9,204,64,0,29.58,-0.1,0,0,0,43.7,47.5,49.1,0.33,0.19,0.11
DOVE,2019-11-08 03:05:00 EST,41.77367,-73.57542,423,25.9,28.0,25.9,74.6,18.9,0.000,0.000,0.00,0.000,2.3,3.9,0.7,177,31,2.7,4.3,0.7,180,31,2.7,4.3,0.7,180,31,0,29.58,0.0,0,0,0,43.5,47.5,49.1,0.33,0.19,0.11
DOVE,2019-11-08 03:10:00 EST,41.77367,-73.57542,423,27.0,28.0,27.0,73.9,19.8,0.000,0.000,0.00,0.000,1.8,4.4,0.9,285,27,2.3,4.9,0.9,293,29,2.3,4.9,0.9,293,29,0,29.58,-0.1,0,0,0,43.5,47.5,49.1,0.33,0.19,0.10
DOVE,2019-11-08 03:15:00 EST,41.77367,-73.57542,423,27.1,27.9,27.1,71.1,19.0,0.000,0.000,0.00,0.000,1.1,2.8,0.8,235,46,1.4,3.4,0.9,240,45,1.4,3.4,0.9,240,45,0,29.58,-0.1,0,0,0,43.5,47.5,49.0,0.33,0.19,0.11
DOVE,2019-11-08 03:20:00 EST,41.77367,-73.57542,423,27.1,27.9,27.1,70.8,18.9,0.000,0.000,0.00,0.000,1.7,3.8,0.8,218,41,2.2,4.9,1.0,229,39,2.2,4.9,1.0,229,39,0,29.58,-0.1,0,0,0,43.5,47.5,49.1,0.33,0.19,0.11
DOVE,2019-11-08 03:25:00 EST,41.77367,-73.57542,423,26.8,27.8,26.8,71.7,18.9,0.000,0.000,0.00,0.000,1.6,4.5,1.1,300,27,2.0,4.5,1.0,302,31,2.0,4.5,1.0,302,31,0,29.58,-0.1,0,0,0,43.5,47.5,49.0,0.33,0.19,0.11
DOVE,2019-11-08 03:30:00 EST,41.77367,-73.57542,423,27.3,27.8,27.3,70.5,19.0,0.000,0.000,0.00,0.000,1.9,3.8,0.9,312,30,2.3,4.7,1.0,314,31,2.3,4.7,1.0,314,31,0,29.58,-0.2,0,0,0,43.4,47.5,49.1,0.33,0.19,0.11
DOVE,2019-11-08 03:35:00 EST,41.77367,-73.57542,423,26.5,27.7,26.5,71.6,18.6,0.000,0.000,0.00,0.000,1.9,4.8,1.0,269,19,2.2,5.1,1.0,274,22,2.2,5.1,1.0,274,22,0,29.58,0.0,0,0,0,43.3,47.5,49.1,0.33,0.19,0.11
DOVE,2019-11-08 03:40:00 EST,41.77367,-73.57542,423,26.7,27.5,26.7,71.9,18.9,0.000,0.000,0.00,0.000,1.9,4.1,0.9,276,30,2.2,4.4,1.0,281,30,2.2,4.4,1.0,281,30,0,29.58,-0.1,0,0,0,43.3,47.5,49.0,0.33,0.19,0.11
DOVE,2019-11-08 03:45:00 EST,41.77367,-73.57542,423,26.7,27.4,23.0,72.8,19.1,0.000,0.000,0.00,0.000,2.8,5.5,0.8,267,17,3.2,5.7,0.9,274,17,3.2,5.7,0.9,274,17,0,29.58,-0.0,0,0,0,43.3,47.5,49.1,0.33,0.19,0.11
DOVE,2019-11-08 03:50:00 EST,41.77367,-73.57542,423,26.5,27.3,26.5,73.4,19.1,0.000,0.000,0.00,0.000,1.9,5.0,1.2,293,20,2.1,6.0,1.2,299,21,2.1,6.0,1.2,299,21,0,29.58,-0.3,0,0,0,43.2,47.5,49.0,0.33,0.19,0.11
DOVE,2019-11-08 03:55:00 EST,41.77367,-73.57542,423,25.3,27.2,25.3,74.7,18.4,0.000,0.000,0.00,0.000,1.5,3.7,0.9,299,35,1.8,3.7,1.0,301,35,1.8,3.7,1.0,301,35,0,29.58,-0.0,0,0,0,43.2,47.5,49.0,0.33,0.19,0.11
DOVE,2019-11-08 04:00:00 EST,41.77367,-73.57542,423,25.4,26.6,25.4,76.3,19.0,0.000,0.000,0.00,0.000,1.1,4.2,1.0,339,41,1.6,4.4,1.1,339,45,1.6,4.4,1.1,339,45,0,29.58,-0.2,0,0,0,43.2,47.5,49.1,0.33,0.19,0.11
DOVE,2019-11-08 04:05:00 EST,41.77367,-73.57542,423,25.7,27.0,25.7,76.6,19.4,0.000,0.000,0.00,0.000,0.4,1.6,0.5,348,44,0.7,2.4,0.7,283,52,0.7,2.4,0.7,283,52,0,29.58,-0.2,0,0,0,43.2,47.5,49.1,0.33,0.19,0.11
DOVE,2019-11-08 04:10:00 EST,41.77367,-73.57542,423,24.6,27.1,24.6,77.2,18.5,0.000,0.000,0.00,0.000,0.3,1.5,0.4,274,31,0.7,2.1,0.7,248,51,0.7,2.1,0.7,248,51,0,29.58,0.0,0,0,0,43.1,47.5,49.0,0.33,0.19,0.11
DOVE,2019-11-08 04:15:00 EST,41.77367,-73.57542,423,25.2,27.1,25.2,75.9,18.6,0.000,0.000,0.00,0.000,1.2,4.6,1.1,31,24,1.7,5.1,1.3,30,31,1.7,5.1,1.3,30,31,0,29.59,0.1,0,0,0,43.0,47.5,49.1,0.33,0.19,0.11
DOVE,2019-11-08 04:20:00 EST,41.77367,-73.57542,423,26.2,27.0,22.0,74.7,19.3,0.000,0.000,0.00,0.000,3.2,5.5,1.1,26,20,3.5,6.0,1.2,28,20,3.5,6.0,1.2,28,20,0,29.59,-0.1,0,0,0,43.0,47.5,49.1,0.33,0.19,0.11
DOVE,2019-11-08 04:25:00 EST,41.77367,-73.57542,423,25.5,26.7,25.5,74.8,18.6,0.000,0.000,0.00,0.000,0.9,2.3,0.6,71,19,1.3,2.7,0.5,74,19,1.3,2.7,0.5,74,19,0,29.58,-0.1,0,0,0,43.0,47.5,49.1,0.33,0.19,0.11
DOVE,2019-11-08 04:30:00 EST,41.77367,-73.57542,423,25.5,26.8,25.5,76.1,19.0,0.000,0.000,0.00,0.000,2.6,6.0,1.0,8,33,2.9,7.6,1.2,13,32,2.9,7.6,1.2,13,32,0,29.59,0.1,0,0,0,42.9,47.5,49.1,0.33,0.19,0.11
DOVE,2019-11-08 04:35:00 EST,41.77367,-73.57542,423,25.7,26.8,25.7,74.8,18.8,0.000,0.000,0.00,0.000,1.7,4.2,1.1,7,44,2.2,5.0,1.1,15,44,2.2,5.0,1.1,15,44,0,29.59,-0.0,0,0,0,42.8,47.5,49.1,0.33,0.19,0.11
DOVE,2019-11-08 04:40:00 EST,41.77367,-73.57542,423,25.7,26.8,25.7,75.0,18.9,0.000,0.000,0.00,0.000,1.2,3.2,1.0,28,27,1.5,3.8,1.0,31,44,1.5,3.8,1.0,31,44,0,29.59,-0.1,0,0,0,42.8,47.5,49.1,0.33,0.18,0.11
DOVE,2019-11-08 04:45:00 EST,41.77367,-73.57542,423,25.8,26.7,25.8,75.3,19.0,0.000,0.000,0.00,0.000,1.4,3.8,0.9,21,35,1.9,5.5,1.0,26,38,1.9,5.5,1.0,26,38,0,29.59,0.1,0,0,0,42.8,47.5,49.1,0.33,0.19,0.11
DOVE,2019-11-08 04:50:00 EST,41.77367,-73.57542,423,25.3,26.4,25.3,75.5,18.7,0.000,0.000,0.00,0.000,1.2,3.4,0.6,53,47,1.6,4.9,0.7,53,45,1.6,4.9,0.7,53,45,0,29.59,-0.3,0,0,0,42.8,47.5,49.0,0.33,0.19,0.11
DOVE,2019-11-08 04:55:00 EST,41.77367,-73.57542,423,25.4,26.6,25.4,76.2,18.9,0.000,0.000,0.00,0.000,1.3,3.8,1.1,19,28,1.6,4.7,1.2,23,33,1.6,4.7,1.2,23,33,0,29.60,-0.2,0,0,0,42.8,47.5,49.0,0.33,0.19,0.11
DOVE,2019-11-08 05:00:00 EST,41.77367,-73.57542,423,24.7,26.5,24.7,75.9,18.2,0.000,0.000,0.00,0.000,0.5,1.9,0.6,333,54,1.0,3.1,0.9,312,61,1.0,3.1,0.9,312,61,0,29.60,0.0,0,0,0,42.6,47.5,49.1,0.33,0.18,0.11
DOVE,2019-11-08 05:05:00 EST,41.77367,-73.57542,423,25.2,26.4,25.2,75.6,18.6,0.000,0.000,0.00,0.000,1.4,4.2,1.1,349,58,1.8,5.0,1.1,0,58,1.8,5.0,1.1,0,58,0,29.60,-0.0,0,0,0,42.6,47.5,49.1,0.33,0.19,0.11
DOVE,2019-11-08 05:10:00 EST,41.77367,-73.57542,423,24.8,26.4,24.8,76.3,18.4,0.000,0.000,0.00,0.000,0.7,2.3,0.7,249,37,1.3,3.3,0.9,252,47,1.3,3.3,0.9,252,47,0,29.59,-0.1,0,0,0,42.6,47.5,49.1,0.33,0.19,0.11
DOVE,2019-11-08 05:15:00 EST,41.77367,-73.57542,423,23.9,26.1,23.9,78.0,18.1,0.000,0.000,0.00,0.000,0.2,1.2,0.3,231,35,0.6,1.7,0.5,202,56,0.6,1.7,0.5,202,56,0,29.60,-0.1,0,0,0,42.6,47.4,49.0,0.33,0.19,0.11
DOVE,2019-11-08 05:20:00 EST,41.77367,-73.57542,423,23.5,25.7,23.5,81.3,18.6,0.000,0.000,0.00,0.000,0.3,1.5,0.5,311,7,0.4,1.7,0.5,326,22,0.4,1.7,0.5,326,22,0,29.60,-0.0,0,0,0,42.4,47.4,49.1,0.33,0.19,0.11
DOVE,2019-11-08 05:25:00 EST,41.77367,-73.57542,423,23.8,25.9,23.8,85.5,20.1,0.000,0.000,0.00,0.000,0.2,1.2,0.3,5,32,0.4,2.0,0.5,45,32,0.4,2.0,0.5,45,32,0,29.60,-0.0,0,0,0,42.4,47.4,49.0,0.33,0.19,0.11
DOVE,2019-11-08 05:30:00 EST,41.77367,-73.57542,423,22.5,25.6,22.5,84.1,18.4,0.000,0.000,0.00,0.000,0.9,2.1,0.5,61,15,1.1,2.8,0.5,63,18,1.1,2.8,0.5,63,18,0,29.60,-0.1,0,0,0,42.4,47.3,49.0,0.33,0.18,0.11
DOVE,2019-11-08 05:35:00 EST,41.77367,-73.57542,423,23.0,24.9,23.0,87.2,19.8,0.000,0.000,0.00,0.000,0.6,1.3,0.4,331,19,0.9,1.7,0.4,336,23,0.9,1.7,0.4,336,23,0,29.60,-0.2,0,0,0,42.4,47.3,49.1,0.33,0.19,0.11
DOVE,2019-11-08 05:40:00 EST,41.77367,-73.57542,423,23.4,24.9,23.4,89.3,20.7,0.000,0.000,0.00,0.000,0.7,2.0,0.6,1,9,1.1,2.7,0.7,4,13,1.1,2.7,0.7,4,13,0,29.60,-0.2,0,0,0,42.4,47.3,49.0,0.33,0.19,0.11
DOVE,2019-11-08 05:45:00 EST,41.77367,-73.57542,423,23.1,25.2,23.1,89.6,20.5,0.000,0.000,0.00,0.000,0.6,1.4,0.4,18,31,0.8,1.9,0.5,22,36,0.8,1.9,0.5,22,36,0,29.60,-0.3,0,0,0,42.3,47.3,48.9,0.33,0.18,0.11
DOVE,2019-11-08 05:50:00 EST,41.77367,-73.57542,423,22.0,24.6,22.0,89.8,19.4,0.000,0.000,0.00,0.000,0.2,1.0,0.3,314,4,0.4,1.6,0.5,308,12,0.4,1.6,0.5,308,12,0,29.60,-0.2,0,0,0,42.3,47.3,48.8,0.33,0.19,0.11
DOVE,2019-11-08 05:55:00 EST,41.77367,-73.57542,423,22.6,24.4,22.6,91.3,20.4,0.000,0.000,0.00,0.000,0.2,1.0,0.3,328,1,0.4,1.4,0.5,331,7,0.4,1.4,0.5,331,7,0,29.60,-0.2,0,0,0,42.3,47.3,49.1,0.33,0.18,0.11
DOVE,2019-11-08 06:00:00 EST,41.77367,-73.57542,423,22.9,24.4,22.9,92.1,21.0,0.000,0.000,0.00,0.000,0.6,1.9,0.5,345,20,1.0,2.4,0.6,353,28,1.0,2.4,0.6,353,28,0,29.61,-0.2,0,0,0,42.2,47.3,49.0,0.33,0.18,0.11
DOVE,2019-11-08 06:05:00 EST,41.77367,-73.57542,423,23.0,24.3,23.0,91.9,21.0,0.000,0.000,0.00,0.000,0.3,0.9,0.3,328,10,0.6,1.4,0.5,330,21,0.6,1.4,0.5,330,21,0,29.61,-0.3,0,0,0,42.1,47.3,49.0,0.33,0.19,0.11
DOVE,2019-11-08 06:10:00 EST,41.77367,-73.57542,423,22.6,24.3,22.6,91.9,20.6,0.000,0.000,0.00,0.000,0.2,1.6,0.4,359,6,0.5,2.2,0.7,21,23,0.5,2.2,0.7,21,23,0,29.61,-0.1,0,0,0,42.1,47.3,49.1,0.33,0.19,0.11
DOVE,2019-11-08 06:15:00 EST,41.77367,-73.57542,423,22.4,24.3,22.4,91.1,20.2,0.000,0.000,0.00,0.000,0.5,1.8,0.5,54,20,0.7,2.2,0.7,59,22,0.7,2.2,0.7,59,22,0,29.61,-0.0,0,0,0,42.1,47.3,49.1,0.33,0.19,0.11
DOVE,2019-11-08 06:20:00 EST,41.77367,-73.57542,423,22.6,25.1,22.6,91.3,20.5,0.000,0.000,0.00,0.000,0.9,2.3,0.6,65,15,1.2,2.9,0.5,70,20,1.2,2.9,0.5,70,20,0,29.61,-0.1,0,0,0,42.1,47.3,49.0,0.33,0.19,0.11
DOVE,2019-11-08 06:25:00 EST,41.77367,-73.57542,423,22.8,25.7,22.8,89.0,20.0,0.000,0.000,0.00,0.000,1.1,2.3,0.7,65,47,1.7,3.7,0.8,63,51,1.7,3.7,0.8,63,51,1,29.62,-0.2,0,0,0,42.0,47.3,49.0,0.33,0.19,0.11
DOVE,2019-11-08 06:30:00 EST,41.77367,-73.57542,423,22.1,25.6,22.1,88.0,19.1,0.000,0.000,0.00,0.000,2.2,4.0,0.7,31,27,2.7,5.9,1.0,32,25,2.7,5.9,1.0,32,25,2,29.62,0.0,0,0,0,41.9,47.3,48.9,0.33,0.19,0.11
DOVE,2019-11-08 06:35:00 EST,41.77367,-73.57542,423,24.4,25.8,20.0,82.4,19.8,0.000,0.000,0.00,0.000,3.0,6.9,1.5,12,28,3.4,7.5,1.6,13,28,3.4,7.5,1.6,13,28,3,29.62,0.1,0,0,0,41.9,47.3,49.0,0.33,0.18,0.11
DOVE,2019-11-08 06:40:00 EST,41.77367,-73.57542,423,24.4,25.9,24.4,78.9,18.8,0.000,0.000,0.00,0.000,1.8,4.5,1.0,19,22,2.2,5.6,1.1,22,22,2.2,5.6,1.1,22,22,6,29.62,0.0,0,0,0,41.9,47.3,49.0,0.33,0.19,0.12
DOVE,2019-11-08 06:45:00 EST,41.77367,-73.57542,423,25.0,26.1,25.0,77.7,19.0,0.000,0.000,0.00,0.000,1.9,5.3,1.5,23,30,2.4,6.3,1.5,31,36,2.4,6.3,1.5,31,36,8,29.63,0.1,0,0,0,41.9,47.3,49.1,0.32,0.18,0.12
DOVE,2019-11-08 06:50:00 EST,41.77367,-73.57542,423,25.2,26.2,20.4,76.5,18.9,0.000,0.000,0.00,0.000,3.3,6.9,1.7,25,23,3.9,7.8,1.7,29,22,3.9,7.8,1.7,29,22,12,29.63,-0.0,0,0,0,41.7,47.3,49.0,0.32,0.19,0.12
DOVE,2019-11-08 06:55:00 EST,41.77367,-73.57542,423,24.9,26.1,20.9,78.5,19.2,0.000,0.000,0.00,0.000,2.8,5.8,1.2,31,28,3.3,6.7,1.3,35,29,3.3,6.7,1.3,35,29,15,29.63,-0.0,0,0,0,41.7,47.3,49.1,0.32,0.19,0.12
DOVE,2019-11-08 07:00:00 EST,41.77367,-73.57542,423,25.0,25.8,20.2,77.9,19.0,0.000,0.000,0.00,0.000,3.4,6.1,0.8,40,27,3.8,6.9,1.0,43,25,3.8,6.9,1.0,43,25,21,29.63,-0.0,0,0,0,41.7,47.3,49.0,0.32,0.19,0.12
DOVE,2019-11-08 07:05:00 EST,41.77367,-73.57542,423,25.5,26.2,20.2,76.7,19.2,0.000,0.000,0.00,0.000,4.0,8.6,2.0,50,15,4.3,9.5,2.1,53,13,4.3,9.5,2.1,53,13,31,29.63,0.0,0,0,0,41.7,47.3,49.1,0.32,0.19,0.11
DOVE,2019-11-08 07:10:00 EST,41.77367,-73.57542,423,25.7,26.2,25.7,76.0,19.2,0.000,0.000,0.00,0.000,2.5,5.2,1.1,21,32,3.0,6.4,1.3,23,30,3.0,6.4,1.3,23,30,47,29.64,0.1,0,0,0,41.7,47.3,49.0,0.32,0.19,0.11
DOVE,2019-11-08 07:15:00 EST,41.77367,-73.57542,423,25.9,26.1,22.1,76.0,19.4,0.000,0.000,0.00,0.000,2.7,4.7,0.8,55,31,3.2,6.4,1.1,56,31,3.2,6.4,1.1,56,31,62,29.64,0.1,0,0,0,41.5,47.3,49.0,0.33,0.19,0.12
DOVE,2019-11-08 07:20:00 EST,41.77367,-73.57542,423,26.0,26.2,22.1,75.4,19.3,0.000,0.000,0.00,0.000,2.9,4.6,0.8,66,20,3.3,5.6,0.9,68,19,3.3,5.6,0.9,68,19,46,29.64,0.0,0,0,0,41.5,47.2,49.0,0.33,0.19,0.12
DOVE,2019-11-08 07:25:00 EST,41.77367,-73.57542,423,26.1,26.4,26.1,76.0,19.6,0.000,0.000,0.00,0.000,1.7,3.7,1.0,46,31,2.1,4.4,1.1,50,31,2.1,4.4,1.1,50,31,55,29.64,0.1,0,0,0,41.5,47.2,49.0,0.33,0.19,0.12
DOVE,2019-11-08 07:30:00 EST,41.77367,-73.57542,423,26.1,26.4,26.1,75.0,19.3,0.000,0.000,0.00,0.000,1.4,3.4,1.1,56,16,1.7,3.9,1.0,63,23,1.7,3.9,1.0,63,23,66,29.64,0.1,0,0,0,41.5,47.3,49.0,0.33,0.19,0.12
DOVE,2019-11-08 07:35:00 EST,41.77367,-73.57542,423,26.7,26.4,26.7,75.2,19.9,0.000,0.000,0.00,0.000,1.4,2.7,0.7,73,19,1.6,3.0,0.7,78,21,1.6,3.0,0.7,78,21,117,29.64,0.1,0,0,0,41.5,47.2,49.1,0.33,0.19,0.12
DOVE,2019-11-08 07:40:00 EST,41.77367,-73.57542,423,27.3,26.6,22.2,75.4,20.6,0.000,0.000,0.00,0.000,4.0,8.8,1.7,65,26,4.4,11.1,1.9,68,25,4.4,11.1,1.9,68,25,138,29.65,0.1,0,0,0,41.4,47.1,48.9,0.32,0.19,0.11
DOVE,2019-11-08 07:45:00 EST,41.77367,-73.57542,423,27.5,27.0,22.9,75.6,20.8,0.000,0.000,0.00,0.000,3.4,6.4,1.2,49,31,4.0,9.0,1.4,49,32,4.0,9.0,1.4,49,32,151,29.65,0.1,0,0,0,41.4,47.2,48.8,0.32,0.19,0.11
DOVE,2019-11-08 07:50:00 EST,41.77367,-73.57542,423,28.2,27.6,23.1,72.1,20.3,0.000,0.000,0.00,0.000,4.1,7.3,1.3,31,26,4.5,9.4,1.5,35,26,4.5,9.4,1.5,35,26,166,29.65,0.1,0,0,0,41.4,47.1,49.0,0.32,0.19,0.11
DOVE,2019-11-08 07:55:00 EST,41.77367,-73.57542,423,28.5,27.9,23.0,71.5,20.5,0.000,0.000,0.00,0.000,4.3,12.3,2.1,28,24,5.0,13.4,2.1,31,25,5.0,13.4,2.1,31,25,190,29.65,0.1,0,0,0,41.4,47.1,48.9,0.32,0.19,0.11
DOVE,2019-11-08 08:00:00 EST,41.77367,-73.57542,423,28.7,28.1,22.3,70.3,20.3,0.000,0.000,0.00,0.000,5.3,10.2,1.9,5,24,6.1,11.6,2.0,8,23,6.1,11.6,2.0,8,23,246,29.65,0.2,0,0,0,41.4,47.1,48.9,0.32,0.19,0.12
DOVE,2019-11-08 08:05:00 EST,41.77367,-73.57542,423,28.9,28.2,22.0,69.7,20.2,0.000,0.000,0.00,0.000,5.8,10.1,2.2,5,20,6.7,12.0,2.6,9,18,6.7,12.0,2.6,9,18,186,29.65,0.1,0,0,0,41.4,47.1,48.8,0.32,0.19,0.12
DOVE,2019-11-08 08:10:00 EST,41.77367,-73.57542,423,28.7,28.2,22.2,70.0,20.2,0.000,0.000,0.00,0.000,5.1,12.1,2.8,5,21,6.2,13.8,3.1,9,20,6.2,13.8,3.1,9,20,159,29.65,0.1,0,0,0,41.4,47.1,49.0,0.32,0.19,0.11
DOVE,2019-11-08 08:15:00 EST,41.77367,-73.57542,423,28.6,28.2,22.9,69.8,20.0,0.000,0.000,0.00,0.000,4.4,11.4,2.0,336,25,5.2,13.7,2.1,341,23,5.2,13.7,2.1,341,23,118,29.65,0.1,0,0,0,41.4,47.1,48.9,0.32,0.18,0.11
DOVE,2019-11-08 08:20:00 EST,41.77367,-73.57542,423,28.8,28.4,23.7,70.9,20.6,0.000,0.000,0.00,0.000,4.0,8.3,1.9,11,26,4.7,9.5,2.3,14,23,4.7,9.5,2.3,14,23,147,29.66,0.1,0,0,0,41.4,47.1,49.0,0.32,0.18,0.11
DOVE,2019-11-08 08:25:00 EST,41.77367,-73.57542,423,29.0,28.4,23.3,69.2,20.1,0.000,0.000,0.00,0.000,4.2,9.9,2.5,14,35,5.3,11.6,2.7,18,30,5.3,11.6,2.7,18,30,208,29.66,0.1,0,0,0,41.4,47.1,49.0,0.32,0.19,0.11
DOVE,2019-11-08 08:30:00 EST,41.77367,-73.57542,423,29.1,28.5,21.2,68.2,19.9,0.000,0.000,0.00,0.000,7.1,12.9,2.7,358,20,8.2,19.6,3.2,2,15,8.2,19.6,3.2,2,15,212,29.66,0.1,0,0,0,41.4,47.1,48.8,0.32,0.19,0.11
DOVE,2019-11-08 08:35:00 EST,41.77367,-73.57542,423,29.2,28.6,24.8,68.4,20.1,0.000,0.000,0.00,0.000,3.4,7.7,1.8,1,27,4.1,9.3,1.9,5,26,4.1,9.3,1.9,5,26,172,29.66,0.2,0,0,0,41.4,47.1,48.8,0.32,0.19,0.11
DOVE,2019-11-08 08:40:00 EST,41.77367,-73.57542,423,29.4,28.8,25.7,68.6,20.4,0.000,0.000,0.00,0.000,2.8,8.5,1.7,16,56,3.5,9.3,1.7,19,58,3.5,9.3,1.7,19,58,164,29.66,0.1,0,0,0,41.4,47.1,48.8,0.32,0.19,0.11
DOVE,2019-11-08 08:45:00 EST,41.77367,-73.57542,423,29.3,28.7,24.1,68.3,20.2,0.000,0.000,0.00,0.000,4.3,11.5,2.3,35,25,4.9,13.0,2.4,39,25,4.9,13.0,2.4,39,25,155,29.66,0.2,0,0,0,41.4,47.1,48.8,0.32,0.19,0.11
DOVE,2019-11-08 08:50:00 EST,41.77367,-73.57542,423,29.4,28.7,24.0,67.8,20.1,0.000,0.000,0.00,0.000,4.5,10.4,2.3,10,28,5.0,11.7,2.4,14,27,5.0,11.7,2.4,14,27,136,29.66,0.1,0,0,0,41.4,47.1,48.8,0.32,0.19,0.11
DOVE,2019-11-08 08:55:00 EST,41.77367,-73.57542,423,29.3,28.5,23.1,67.0,19.7,0.000,0.000,0.00,0.000,5.4,10.4,1.9,16,20,5.9,12.5,2.1,20,18,5.9,12.5,2.1,20,18,142,29.66,0.1,0,0,0,41.4,47.1,48.8,0.32,0.18,0.11
DOVE,2019-11-08 09:00:00 EST,41.77367,-73.57542,423,29.3,,22.2,66.6,19.6,0.000,0.000,0.00,0.000,6.0,11.0,2.1,357,32,7.1,13.0,2.2,2,29,7.1,13.0,2.2,2,29,165,29.66,0.1,0,0,0,41.4,47.1,48.8,0.32,0.19,0.11
DOVE,2019-11-08 09:05:00 EST,41.77367,-73.57542,423,29.4,,22.3,65.6,19.3,0.000,0.000,0.00,0.000,6.4,11.5,2.2,359,31,7.0,12.5,2.5,3,29,7.0,12.5,2.5,3,29,201,29.66,0.1,0,0,0,41.4,47.1,49.0,0.32,0.18,0.11
DOVE,2019-11-08 09:10:00 EST,41.77367,-73.57542,423,29.4,,21.6,64.4,18.9,0.000,0.000,0.00,0.000,7.5,14.6,2.3,357,35,8.2,15.7,2.5,3,33,8.2,15.7,2.5,3,33,217,29.66,0.1,0,0,0,41.4,47.1,48.8,0.32,0.18,0.11
DOVE,2019-11-08 09:15:00 EST,41.77367,-73.57542,423,29.6,,22.5,64.4,19.0,0.000,0.000,0.00,0.000,6.6,10.9,2.5,340,36,7.1,11.9,2.6,344,34,7.1,11.9,2.6,344,34,170,29.66,0.1,0,0,0,41.4,47.1,49.0,0.32,0.18,0.11
DOVE,2019-11-08 09:20:00 EST,41.77367,-73.57542,423,29.5,,23.7,63.1,18.5,0.000,0.000,0.00,0.000,5.0,12.8,2.8,346,30,5.6,13.9,3.0,353,29,5.6,13.9,3.0,353,29,222,29.67,0.1,0,0,0,41.4,47.1,48.9,0.32,0.18,0.11
DOVE,2019-11-08 09:25:00 EST,41.77367,-73.57542,423,29.5,,22.4,62.9,18.4,0.000,0.000,0.00,0.000,6.1,14.8,2.9,350,35,7.1,17.9,3.3,353,32,7.1,17.9,3.3,353,32,225,29.67,0.1,0,0,0,41.4,47.1,48.8,0.32,0.19,0.12
DOVE,2019-11-08 09:30:00 EST,41.77367,-73.57542,423,29.6,,21.8,63.0,18.6,0.000,0.000,0.00,0.000,7.3,14.6,2.8,7,22,8.2,17.0,3.2,11,20,8.2,17.0,3.2,11,20,249,29.67,0.1,0,0,0,41.5,47.0,48.7,0.32,0.19,0.11
DOVE,2019-11-08 09:35:00 EST,41.77367,-73.57542,423,29.6,,21.9,62.5,18.4,0.000,0.000,0.00,0.000,6.8,14.0,3.2,3,23,8.2,17.4,3.6,7,20,8.2,17.4,3.6,7,20,281,29.67,0.1,0,0,0,41.5,46.9,48.7,0.32,0.18,0.12
DOVE,2019-11-08 09:40:00 EST,41.77367,-73.57542,423,30.2,,22.9,61.8,18.6,0.000,0.000,0.00,0.000,6.3,24.6,3.2,351,31,7.5,29.2,3.9,357,28,7.5,29.2,3.9,357,28,319,29.67,0.1,0,0,0,41.5,46.9,49.0,0.32,0.18,0.11
DOVE,2019-11-08 09:45:00 EST,41.77367,-73.57542,423,30.0,,21.0,59.8,17.7,0.000,0.000,0.00,0.000,9.2,24.3,3.4,357,23,10.5,26.5,4.0,360,19,10.5,26.5,4.0,360,19,295,29.67,0.1,0,0,0,41.5,46.9,49.0,0.32,0.18,0.12
DOVE,2019-11-08 09:50:00 EST,41.77367,-73.57542,423,30.5,,24.2,59.9,18.2,0.000,0.000,0.00,0.000,5.4,11.4,2.2,2,40,6.3,14.3,2.7,5,42,6.3,14.3,2.7,5,42,308,29.67,0.1,0,0,0,41.6,46.9,48.9,0.32,0.19,0.11
DOVE,2019-11-08 09:55:00 EST,41.77367,-73.57542,423,30.7,,26.7,58.6,17.9,0.000,0.000,0.00,0.000,3.3,7.4,1.6,330,44,3.9,7.4,1.9,334,41,3.9,7.4,1.9,334,41,342,29.67,0.2,0,0,0,41.7,46.9,48.9,0.32,0.19,0.11
DOVE,2019-11-08 10:00:00 EST,41.77367,-73.57542,423,30.7,,23.9,57.2,17.3,0.000,0.000,0.00,0.000,6.2,12.9,2.9,331,38,7.1,13.8,3.0,336,38,7.1,13.8,3.0,336,38,218,29.67,0.1,0,0,0,41.7,46.9,48.8,0.32,0.18,0.11
DOVE,2019-11-08 10:05:00 EST,41.77367,-73.57542,423,30.5,,22.6,57.0,17.0,0.000,0.000,0.00,0.000,7.5,18.4,4.3,353,21,8.6,21.1,4.9,1,18,8.6,21.1,4.9,1,18,255,29.67,0.1,0,0,0,41.7,46.9,48.9,0.32,0.19,0.12
DOVE,2019-11-08 10:10:00 EST,41.77367,-73.57542,423,31.1,,22.5,55.2,16.9,0.000,0.000,0.00,0.000,9.0,25.0,4.5,357,30,10.3,26.4,4.8,1,26,10.3,26.4,4.8,1,26,471,29.67,0.2,0,0,0,41.8,46.9,49.0,0.32,0.18,0.12
DOVE,2019-11-08 10:15:00 EST,41.77367,-73.57542,423,31.8,,23.2,52.9,16.6,0.000,0.000,0.00,0.000,9.2,19.3,3.9,13,28,10.5,23.0,4.2,16,29,10.5,23.0,4.2,16,29,484,29.67,0.0,0,0,0,41.9,46.9,48.9,0.32,0.19,0.12
DOVE,2019-11-08 10:20:00 EST,41.77367,-73.57542,423,31.7,,25.5,52.3,16.2,0.000,0.000,0.00,0.000,5.6,12.6,2.4,357,40,6.5,16.9,2.8,1,35,6.5,16.9,2.8,1,35,508,29.68,0.2,0,0,0,41.9,46.9,48.9,0.32,0.19,0.12
DOVE,2019-11-08 10:25:00 EST,41.77367,-73.57542,423,32.4,,25.2,52.7,17.1,0.000,0.000,0.00,0.000,7.1,17.5,3.8,4,33,8.3,20.6,4.3,7,32,8.3,20.6,4.3,7,32,513,29.68,0.0,0,0,0,42.0,46.9,48.9,0.32,0.19,0.12
DOVE,2019-11-08 10:30:00 EST,41.77367,-73.57542,423,32.0,,25.2,51.7,16.2,0.000,0.000,0.00,0.000,6.4,15.5,4.1,299,47,7.4,16.9,4.4,305,49,7.4,16.9,4.4,305,49,458,29.68,-0.0,0,0,0,42.1,46.9,48.8,0.32,0.19,0.12
DOVE,2019-11-08 10:35:00 EST,41.77367,-73.57542,423,31.7,,24.9,50.1,15.2,0.000,0.000,0.00,0.000,6.3,14.0,3.6,281,37,7.2,14.5,3.8,289,37,7.2,14.5,3.8,289,37,526,29.68,0.0,0,0,0,42.1,46.9,48.7,0.32,0.19,0.12
DOVE,2019-11-08 10:40:00 EST,41.77367,-73.57542,423,31.8,,25.5,49.9,15.2,0.000,0.000,0.00,0.000,5.9,11.7,2.4,306,34,6.7,14.1,2.6,312,35,6.7,14.1,2.6,312,35,411,29.68,0.0,0,0,0,42.2,46.9,48.7,0.32,0.19,0.12
DOVE,2019-11-08 10:45:00 EST,41.77367,-73.57542,423,31.7,,24.2,48.5,14.5,0.000,0.000,0.00,0.000,7.5,15.8,3.2,321,36,8.3,18.1,3.4,328,36,8.3,18.1,3.4,328,36,367,29.68,0.2,0,0,0,42.3,46.9,48.8,0.32,0.19,0.12
DOVE,2019-11-08 10:50:00 EST,41.77367,-73.57542,423,32.7,,27.8,49.1,15.7,0.000,0.000,0.00,0.000,4.5,12.3,2.1,5,26,5.1,13.8,2.3,10,26,5.1,13.8,2.3,10,26,456,29.68,-0.0,0,0,0,42.4,46.9,48.8,0.32,0.19,0.12
DOVE,2019-11-08 10:55:00 EST,41.77367,-73.57542,423,32.2,,22.7,46.7,14.0,0.000,0.000,0.00,0.000,11.3,19.3,3.8,354,33,12.7,22.5,4.5,357,30,12.7,22.5,4.5,357,30,531,29.69,-0.0,0,0,0,42.4,46.8,48.7,0.32,0.19,0.12
DOVE,2019-11-08 11:00:00 EST,41.77367,-73.57542,423,31.9,,22.9,46.0,13.5,0.000,0.000,0.00,0.000,10.1,20.8,3.6,2,28,11.5,20.5,4.0,8,21,11.5,20.5,4.0,8,21,497,29.69,-0.0,0,0,0,42.5,46.8,48.7,0.32,0.19,0.12
DOVE,2019-11-08 11:05:00 EST,41.77367,-73.57542,423,31.8,,23.3,45.7,13.2,0.000,0.000,0.00,0.000,9.1,16.7,3.7,357,40,10.4,17.8,3.8,2,37,10.4,17.8,3.8,2,37,473,29.69,0.2,0,0,0,42.6,46.8,48.8,0.32,0.19,0.12
DOVE,2019-11-08 11:10:00 EST,41.77367,-73.57542,423,32.5,,26.0,46.6,14.3,0.000,0.000,0.00,0.000,5.8,15.9,3.3,344,49,7.2,19.5,3.3,349,44,7.2,19.5,3.3,349,44,345,29.69,-0.2,0,0,0,42.6,46.8,48.7,0.32,0.19,0.12
DOVE,2019-11-08 11:15:00 EST,41.77367,-73.57542,423,32.0,,25.8,46.2,13.6,0.000,0.000,0.00,0.000,5.5,11.8,3.2,290,35,6.6,14.5,3.4,298,37,6.6,14.5,3.4,298,37,571,29.69,-0.0,0,0,0,42.8,46.8,48.7,0.32,0.19,0.12
DOVE,2019-11-08 11:20:00 EST,41.77367,-73.57542,423,33.1,,26.8,47.0,15.0,0.000,0.000,0.00,0.000,6.1,16.6,4.2,343,31,6.9,17.7,4.4,349,27,6.9,17.7,4.4,349,27,593,29.68,0.0,0,0,0,42.8,46.8,48.7,0.32,0.19,0.12
DOVE,2019-11-08 11:25:00 EST,41.77367,-73.57542,423,32.9,,25.5,45.6,14.2,0.000,0.000,0.00,0.000,8.0,23.1,4.2,356,35,8.9,23.3,4.4,0,34,8.9,23.3,4.4,0,34,514,29.68,-0.2,0,0,0,42.9,46.8,48.8,0.32,0.19,0.12
DOVE,2019-11-08 11:30:00 EST,41.77367,-73.57542,423,32.1,,25.8,44.5,12.9,0.000,0.000,0.00,0.000,6.1,15.2,3.5,332,35,6.9,17.1,3.9,339,32,6.9,17.1,3.9,339,32,471,29.68,-0.1,0,0,0,43.0,46.8,48.7,0.32,0.19,0.12
DOVE,2019-11-08 11:35:00 EST,41.77367,-73.57542,423,32.8,,26.1,45.3,13.9,0.000,0.000,0.00,0.000,6.5,17.2,4.0,1,43,7.5,18.6,4.4,7,43,7.5,18.6,4.4,7,43,432,29.68,-0.1,0,0,0,43.1,46.8,48.6,0.32,0.19,0.12
DOVE,2019-11-08 11:40:00 EST,41.77367,-73.57542,423,31.9,,25.5,46.4,13.6,0.000,0.000,0.00,0.000,5.8,16.4,4.1,358,28,6.9,17.5,4.4,0,28,6.9,17.5,4.4,0,28,457,29.68,-0.0,0,0,0,43.2,46.8,48.7,0.32,0.19,0.12
DOVE,2019-11-08 11:45:00 EST,41.77367,-73.57542,423,33.3,,27.6,47.0,15.2,0.000,0.000,0.00,0.000,5.0,11.3,2.3,351,47,6.2,14.2,2.5,353,48,6.2,14.2,2.5,353,48,585,29.68,0.1,0,0,0,43.2,46.8,48.7,0.32,0.19,0.12
DOVE,2019-11-08 11:50:00 EST,41.77367,-73.57542,423,33.6,,27.1,45.0,14.4,0.000,0.000,0.00,0.000,6.1,14.1,3.6,301,50,7.4,18.0,3.8,307,49,7.4,18.0,3.8,307,49,567,29.68,-0.1,0,0,0,43.3,46.8,48.7,0.32,0.19,0.12
DOVE,2019-11-08 11:55:00 EST,41.77367,-73.57542,423,33.7,,27.0,44.4,14.3,0.000,0.000,0.00,0.000,6.8,12.3,2.1,3,34,7.9,14.5,2.3,3,31,7.9,14.5,2.3,3,31,525,29.68,0.0,0,0,0,43.3,46.8,48.7,0.32,0.19,0.12
DOVE,2019-11-08 12:00:00 EST,41.77367,-73.57542,423,33.4,,27.1,44.4,14.0,0.000,0.000,0.00,0.000,6.1,13.4,2.5,353,37,7.0,15.8,2.7,358,33,7.0,15.8,2.7,358,33,560,29.68,0.1,0,0,0,43.5,46.8,48.7,0.32,0.19,0.12
DOVE,2019-11-08 12:05:00 EST,41.77367,-73.57542,423,34.0,,26.9,43.9,14.4,0.000,0.000,0.00,0.000,7.8,15.1,2.7,345,24,8.8,17.5,3.1,351,20,8.8,17.5,3.1,351,20,605,29.68,0.0,0,0,0,43.5,46.8,48.7,0.32,0.18,0.12
DOVE,2019-11-08 12:10:00 EST,41.77367,-73.57542,423,33.6,,29.0,43.8,13.9,0.000,0.000,0.00,0.000,4.3,14.8,3.4,10,39,5.0,16.2,3.4,12,41,5.0,16.2,3.4,12,41,424,29.67,0.0,0,0,0,43.5,46.8,48.7,0.32,0.19,0.12
DOVE,2019-11-08 12:15:00 EST,41.77367,-73.57542,423,33.0,,27.6,43.6,13.2,0.000,0.000,0.00,0.000,4.9,9.9,2.3,310,47,5.7,12.2,2.7,313,44,5.7,12.2,2.7,313,44,283,29.67,0.0,0,0,0,43.7,46.8,48.7,0.32,0.19,0.11
DOVE,2019-11-08 12:20:00 EST,41.77367,-73.57542,423,33.0,,26.5,44.0,13.5,0.000,0.000,0.00,0.000,6.4,11.1,1.9,317,40,7.3,13.6,2.0,323,39,7.3,13.6,2.0,323,39,399,29.67,-0.0,0,0,0,43.7,46.8,48.6,0.32,0.18,0.11
DOVE,2019-11-08 12:25:00 EST,41.77367,-73.57542,423,32.9,,26.8,42.5,12.5,0.000,0.000,0.00,0.000,5.7,12.3,2.5,317,52,6.7,15.2,2.6,323,51,6.7,15.2,2.6,323,51,345,29.67,0.0,0,0,0,43.9,46.8,48.7,0.32,0.19,0.12
DOVE,2019-11-08 12:30:00 EST,41.77367,-73.57542,423,33.1,,27.0,41.6,12.3,0.000,0.000,0.00,0.000,5.5,11.8,3.3,1,36,6.7,14.9,3.3,5,36,6.7,14.9,3.3,5,36,463,29.67,0.2,0,0,0,43.9,46.8,48.7,0.32,0.19,0.12
DOVE,2019-11-08 12:35:00 EST,41.77367,-73.57542,423,33.4,,25.8,41.4,12.4,0.000,0.000,0.00,0.000,8.4,19.9,3.8,340,38,9.4,21.9,4.2,345,36,9.4,21.9,4.2,345,36,520,29.67,-0.1,0,0,0,43.9,46.8,48.7,0.32,0.19,0.12
DOVE,2019-11-08 12:40:00 EST,41.77367,-73.57542,423,33.4,,27.5,41.8,12.6,0.000,0.000,0.00,0.000,5.4,15.6,4.2,356,48,6.5,18.7,4.5,1,49,6.5,18.7,4.5,1,49,527,29.67,0.1,0,0,0,44.0,46.8,48.7,0.32,0.18,0.12
DOVE,2019-11-08 12:45:00 EST,41.77367,-73.57542,423,34.0,,29.5,41.6,13.0,0.000,0.000,0.00,0.000,3.9,11.5,3.0,350,43,4.9,12.6,3.2,358,44,4.9,12.6,3.2,358,44,534,29.66,0.1,0,0,0,44.1,46.8,48.6,0.32,0.18,0.11
DOVE,2019-11-08 12:50:00 EST,41.77367,-73.57542,423,33.6,,24.7,39.1,11.3,0.000,0.000,0.00,0.000,11.1,23.5,4.8,350,29,12.2,26.2,5.5,354,28,12.2,26.2,5.5,354,28,533,29.66,-0.0,0,0,0,44.1,46.8,48.7,0.32,0.19,0.11
DOVE,2019-11-08 12:55:00 EST,41.77367,-73.57542,423,34.1,,28.4,39.6,12.1,0.000,0.000,0.00,0.000,5.4,15.2,3.5,345,49,6.6,18.2,3.6,353,51,6.6,18.2,3.6,353,51,508,29.66,-0.0,0,0,0,44.2,46.8,48.6,0.32,0.18,0.11
DOVE,2019-11-08 13:00:00 EST,41.77367,-73.57542,423,34.0,,27.1,38.3,11.2,0.000,0.000,0.00,0.000,7.2,17.3,4.1,352,37,8.3,19.8,4.4,357,34,8.3,19.8,4.4,357,34,491,29.66,0.2,0,0,0,44.4,46.8,48.7,0.32,0.18,0.12
DOVE,2019-11-08 13:05:00 EST,41.77367,-73.57542,423,33.4,,25.3,38.6,10.8,0.000,0.000,0.00,0.000,8.7,22.3,4.0,6,36,10.2,26.4,4.7,10,33,10.2,26.4,4.7,10,33,481,29.67,-0.1,0,0,0,44.4,46.8,48.7,0.32,0.18,0.12
DOVE,2019-11-08 13:10:00 EST,41.77367,-73.57542,423,33.5,,27.5,39.4,11.4,0.000,0.000,0.00,0.000,5.8,22.2,5.0,326,50,6.8,23.4,5.2,328,53,6.8,23.4,5.2,328,53,453,29.67,-0.1,0,0,0,44.4,46.8,48.7,0.32,0.18,0.12
DOVE,2019-11-08 13:15:00 EST,41.77367,-73.57542,423,33.1,,26.2,40.0,11.4,0.000,0.000,0.00,0.000,7.0,17.0,3.3,334,42,8.0,19.5,3.6,341,42,8.0,19.5,3.6,341,42,468,29.67,0.1,0,0,0,44.6,46.7,48.7,0.32,0.18,0.11
DOVE,2019-11-08 13:20:00 EST,41.77367,-73.57542,423,33.5,,25.7,40.0,11.7,0.000,0.000,0.00,0.000,8.5,22.6,4.8,332,45,9.9,23.3,5.3,339,45,9.9,23.3,5.3,339,45,412,29.67,0.1,0,0,0,44.6,46.7,48.7,0.32,0.18,0.12
DOVE,2019-11-08 13:25:00 EST,41.77367,-73.57542,423,33.6,,25.1,38.9,11.2,0.000,0.000,0.00,0.000,10.0,21.3,3.1,355,27,11.2,25.1,3.6,359,26,11.2,25.1,3.6,359,26,470,29.67,-0.1,0,0,0,44.6,46.7,48.7,0.32,0.18,0.12
DOVE,2019-11-08 13:30:00 EST,41.77367,-73.57542,423,33.3,,26.1,38.7,10.9,0.000,0.000,0.00,0.000,7.6,21.2,3.6,336,23,8.7,20.1,3.7,343,21,8.7,20.1,3.7,343,21,436,29.67,-0.1,0,0,0,44.6,46.7,48.7,0.32,0.18,0.12
DOVE,2019-11-08 13:35:00 EST,41.77367,-73.57542,423,,,,,,,,,,,,,,,,,,,,,,,,,,,,,,,,,,,,
DOVE,2019-11-08 13:40:00 EST,41.77367,-73.57542,423,,,,,,,,,,,,,,,,,,,,,,,,,,,,,,,,,,,,
DOVE,2019-11-08 13:45:00 EST,41.77367,-73.57542,423,,,,,,,,,,,,,,,,,,,,,,,,,,,,,,,,,,,,
DOVE,2019-11-08 13:50:00 EST,41.77367,-73.57542,423,,,,,,,,,,,,,,,,,,,,,,,,,,,,,,,,,,,,
DOVE,2019-11-08 13:55:00 EST,41.77367,-73.57542,423,,,,,,,,,,,,,,,,,,,,,,,,,,,,,,,,,,,,
DOVE,2019-11-08 14:00:00 EST,41.77367,-73.57542,423,,,,,,,,,,,,,,,,,,,,,,,,,,,,,,,,,,,,
DOVE,2019-11-08 14:05:00 EST,41.77367,-73.57542,423,,,,,,,,,,,,,,,,,,,,,,,,,,,,,,,,,,,,
DOVE,2019-11-08 14:10:00 EST,41.77367,-73.57542,423,,,,,,,,,,,,,,,,,,,,,,,,,,,,,,,,,,,,
DOVE,2019-11-08 14:15:00 EST,41.77367,-73.57542,423,,,,,,,,,,,,,,,,,,,,,,,,,,,,,,,,,,,,
DOVE,2019-11-08 14:20:00 EST,41.77367,-73.57542,423,,,,,,,,,,,,,,,,,,,,,,,,,,,,,,,,,,,,
DOVE,2019-11-08 14:25:00 EST,41.77367,-73.57542,423,,,,,,,,,,,,,,,,,,,,,,,,,,,,,,,,,,,,
DOVE,2019-11-08 14:30:00 EST,41.77367,-73.57542,423,,,,,,,,,,,,,,,,,,,,,,,,,,,,,,,,,,,,
DOVE,2019-11-08 14:35:00 EST,41.77367,-73.57542,423,,,,,,,,,,,,,,,,,,,,,,,,,,,,,,,,,,,,
DOVE,2019-11-08 14:40:00 EST,41.77367,-73.57542,423,,,,,,,,,,,,,,,,,,,,,,,,,,,,,,,,,,,,
DOVE,2019-11-08 14:45:00 EST,41.77367,-73.57542,423,,,,,,,,,,,,,,,,,,,,,,,,,,,,,,,,,,,,
DOVE,2019-11-08 14:50:00 EST,41.77367,-73.57542,423,,,,,,,,,,,,,,,,,,,,,,,,,,,,,,,,,,,,
DOVE,2019-11-08 14:55:00 EST,41.77367,-73.57542,423,,,,,,,,,,,,,,,,,,,,,,,,,,,,,,,,,,,,
DOVE,2019-11-08 15:00:00 EST,41.77367,-73.57542,423,,,,,,,,,,,,,,,,,,,,,,,,,,,,,,,,,,,,
DOVE,2019-11-08 15:05:00 EST,41.77367,-73.57542,423,32.9,32.2,25.0,41.5,12.0,,0.000,0.00,,8.8,16.7,3.1,354,28,9.7,16.5,3.4,2,26,9.7,16.5,3.4,2,26,240,29.69,-0.0,0,0,0,44.6,46.6,48.6,0.32,0.18,0.12
DOVE,2019-11-08 15:10:00 EST,41.77367,-73.57542,423,32.8,32.3,26.2,42.9,12.7,0.000,0.000,0.00,,6.6,14.4,3.6,328,33,7.4,15.7,4.0,331,35,7.4,15.7,4.0,331,35,211,29.69,-0.1,0,0,0,44.6,46.6,48.5,0.32,0.18,0.12
DOVE,2019-11-08 15:15:00 EST,41.77367,-73.57542,423,33.0,32.3,28.6,43.0,12.9,0.000,0.000,0.00,,3.7,12.3,3.0,319,48,4.6,12.1,3.1,324,49,4.6,12.1,3.1,324,49,233,29.69,-0.1,0,0,0,44.6,46.6,48.5,0.32,0.18,0.12
DOVE,2019-11-08 15:20:00 EST,41.77367,-73.57542,423,32.9,32.2,27.3,43.5,13.1,0.000,0.000,0.00,,5.4,11.8,2.7,349,47,6.0,14.9,2.6,353,48,6.0,14.9,2.6,353,48,218,29.69,-0.1,0,0,0,44.6,46.6,48.5,0.32,0.18,0.12
DOVE,2019-11-08 15:25:00 EST,41.77367,-73.57542,423,33.0,32.3,27.3,44.1,13.5,0.000,0.000,0.00,,5.5,13.1,2.5,338,37,6.2,13.7,2.8,342,37,6.2,13.7,2.8,342,37,219,29.69,-0.1,0,0,0,44.6,46.6,48.6,0.32,0.18,0.12
DOVE,2019-11-08 15:30:00 EST,41.77367,-73.57542,423,32.6,32.0,26.2,42.5,12.2,0.000,0.000,0.00,,5.8,18.9,4.3,344,32,6.9,20.8,4.6,350,30,6.9,20.8,4.6,350,30,186,29.70,-0.1,0,0,0,44.6,46.7,48.4,0.32,0.18,0.12
DOVE,2019-11-08 15:35:00 EST,41.77367,-73.57542,423,32.3,31.8,26.0,42.3,11.9,0.000,0.000,0.00,,5.8,13.4,3.3,349,29,6.8,17.6,3.4,355,23,6.8,17.6,3.4,355,23,162,29.70,-0.1,0,0,0,44.6,46.6,48.5,0.32,0.18,0.12
DOVE,2019-11-08 15:40:00 EST,41.77367,-73.57542,423,31.8,31.5,24.5,43.5,12.1,0.000,0.000,0.00,,7.3,13.8,3.4,338,28,8.3,18.6,4.0,346,26,8.3,18.6,4.0,346,26,147,29.70,-0.1,0,0,0,44.5,46.6,48.5,0.32,0.18,0.12
DOVE,2019-11-08 15:45:00 EST,41.77367,-73.57542,423,31.5,31.3,24.4,44.8,12.5,0.000,0.000,0.00,,6.7,14.6,2.9,337,30,7.6,16.7,3.3,345,27,7.6,16.7,3.3,345,27,98,29.71,-0.1,0,0,0,44.4,46.6,48.5,0.32,0.18,0.11
DOVE,2019-11-08 15:50:00 EST,41.77367,-73.57542,423,31.3,31.1,25.1,45.8,12.8,0.000,0.000,0.00,,5.4,16.3,3.4,313,37,6.3,18.2,3.5,322,36,6.3,18.2,3.5,322,36,117,29.71,-0.1,0,0,0,44.4,46.6,48.5,0.32,0.18,0.12
DOVE,2019-11-08 15:55:00 EST,41.77367,-73.57542,423,31.3,31.0,25.8,45.5,12.6,0.000,0.000,0.00,,4.6,12.8,3.0,346,31,5.5,14.6,3.2,351,29,5.5,14.6,3.2,351,29,101,29.71,-0.1,0,0,0,44.4,46.6,48.6,0.32,0.18,0.12
DOVE,2019-11-08 16:00:00 EST,41.77367,-73.57542,423,31.1,31.0,25.3,45.6,12.5,0.000,0.000,0.00,,5.1,10.2,2.1,324,32,5.8,11.3,2.3,330,31,5.8,11.3,2.3,330,31,84,29.71,-0.1,0,0,0,44.4,46.6,48.5,0.32,0.18,0.12
DOVE,2019-11-08 16:05:00 EST,41.77367,-73.57542,423,30.7,30.7,24.9,46.6,12.7,0.000,0.000,0.00,0.000,4.8,8.5,2.0,326,51,5.8,11.5,2.4,333,49,5.8,11.5,2.4,333,49,29,29.71,-0.1,0,0,0,44.4,46.7,48.5,0.32,0.18,0.11
DOVE,2019-11-08 16:10:00 EST,41.77367,-73.57542,423,30.4,30.5,26.3,48.0,13.1,0.000,0.000,0.00,0.000,3.1,8.2,2.2,340,53,3.9,9.2,2.3,350,51,3.9,9.2,2.3,350,51,22,29.71,-0.2,0,0,0,44.4,46.7,48.4,0.32,0.18,0.12
DOVE,2019-11-08 16:15:00 EST,41.77367,-73.57542,423,30.2,30.3,25.2,48.8,13.2,0.000,0.000,0.00,0.000,4.0,12.2,3.6,302,42,4.7,14.5,3.8,304,48,4.7,14.5,3.8,304,48,19,29.71,-0.1,0,0,0,44.1,46.6,48.6,0.32,0.18,0.12
DOVE,2019-11-08 16:20:00 EST,41.77367,-73.57542,423,30.2,30.3,24.0,48.4,13.0,0.000,0.000,0.00,0.000,5.1,14.2,3.1,333,28,6.0,14.1,3.3,340,27,6.0,14.1,3.3,340,27,17,29.72,-0.1,0,0,0,44.1,46.7,48.5,0.32,0.18,0.12
DOVE,2019-11-08 16:25:00 EST,41.77367,-73.57542,423,30.1,30.2,23.3,47.8,12.7,0.000,0.000,0.00,0.000,5.9,11.4,2.8,356,31,6.9,15.3,3.3,2,28,6.9,15.3,3.3,2,28,15,29.72,-0.1,0,0,0,44.1,46.7,48.5,0.32,0.18,0.12
DOVE,2019-11-08 16:30:00 EST,41.77367,-73.57542,423,30.0,30.2,24.5,48.1,12.7,0.000,0.000,0.00,0.000,4.7,10.4,2.2,319,27,5.3,11.9,2.2,326,27,5.3,11.9,2.2,326,27,12,29.72,-0.1,0,0,0,44.1,46.7,48.5,0.32,0.18,0.12
DOVE,2019-11-08 16:35:00 EST,41.77367,-73.57542,423,29.6,30.0,26.0,49.7,13.1,0.000,0.000,0.00,0.000,2.6,9.6,2.2,347,32,3.4,10.6,2.3,350,33,3.4,10.6,2.3,350,33,10,29.72,-0.1,0,0,0,44.0,46.7,48.5,0.32,0.18,0.12
DOVE,2019-11-08 16:40:00 EST,41.77367,-73.57542,423,29.6,29.8,23.5,51.0,13.6,0.000,0.000,0.00,0.000,5.1,10.4,2.2,355,27,5.8,11.8,2.5,2,20,5.8,11.8,2.5,2,20,7,29.72,-0.1,0,0,0,43.9,46.7,48.5,0.32,0.18,0.11
DOVE,2019-11-08 16:45:00 EST,41.77367,-73.57542,423,29.5,29.7,23.7,51.6,13.9,0.000,0.000,0.00,0.000,4.7,10.4,2.4,338,23,5.5,13.6,2.9,345,21,5.5,13.6,2.9,345,21,5,29.73,-0.1,0,0,0,43.9,46.7,48.5,0.32,0.18,0.12
DOVE,2019-11-08 16:50:00 EST,41.77367,-73.57542,423,29.5,29.7,23.1,51.9,14.0,0.000,0.000,0.00,0.000,5.3,9.8,2.0,335,29,6.1,11.6,2.2,341,29,6.1,11.6,2.2,341,29,3,29.73,-0.1,0,0,0,43.9,46.7,48.5,0.32,0.18,0.12
DOVE,2019-11-08 16:55:00 EST,41.77367,-73.57542,423,29.4,29.6,24.7,52.0,14.0,0.000,0.000,0.00,0.000,3.7,10.4,2.4,353,26,4.4,11.6,2.6,358,24,4.4,11.6,2.6,358,24,1,29.73,-0.1,0,0,0,43.9,46.7,48.5,0.31,0.18,0.12
DOVE,2019-11-08 17:00:00 EST,41.77367,-73.57542,423,29.3,29.5,25.1,52.6,14.1,0.000,0.000,0.00,0.000,3.4,8.5,1.9,323,28,3.9,10.3,2.1,331,28,3.9,10.3,2.1,331,28,0,29.73,-0.1,0,0,0,43.7,46.7,48.5,0.32,0.18,0.11
DOVE,2019-11-08 17:05:00 EST,41.77367,-73.57542,423,29.0,29.4,29.0,53.1,14.0,0.000,0.000,0.00,0.000,2.3,5.6,1.4,10,46,2.8,7.5,1.7,17,46,2.8,7.5,1.7,17,46,0,29.73,-0.1,0,0,0,43.7,46.7,48.5,0.31,0.18,0.12
DOVE,2019-11-08 17:10:00 EST,41.77367,-73.57542,423,28.8,29.2,24.8,54.1,14.3,0.000,0.000,0.00,0.000,3.0,7.6,1.5,16,38,3.7,9.1,1.5,16,40,3.7,9.1,1.5,16,40,0,29.74,-0.1,0,0,0,43.7,46.8,48.5,0.32,0.18,0.12
DOVE,2019-11-08 17:15:00 EST,41.77367,-73.57542,423,28.8,29.2,23.7,54.6,14.5,0.000,0.000,0.00,0.000,3.9,6.9,1.3,336,27,4.6,7.3,1.6,343,25,4.6,7.3,1.6,343,25,0,29.74,-0.0,0,0,0,43.7,46.7,48.4,0.31,0.18,0.12
DOVE,2019-11-08 17:20:00 EST,41.77367,-73.57542,423,29.0,29.3,24.4,53.4,14.2,0.000,0.000,0.00,0.000,3.6,8.3,1.6,359,23,4.2,9.7,1.8,3,21,4.2,9.7,1.8,3,21,0,29.74,-0.1,0,0,0,43.5,46.8,48.5,0.31,0.18,0.11
DOVE,2019-11-08 17:25:00 EST,41.77367,-73.57542,423,28.6,29.2,28.6,53.8,14.0,0.000,0.000,0.00,0.000,1.8,5.1,1.1,324,33,2.3,5.7,1.1,334,35,2.3,5.7,1.1,334,35,0,29.74,-0.0,0,0,0,43.5,46.7,48.5,0.31,0.18,0.11
DOVE,2019-11-08 17:30:00 EST,41.77367,-73.57542,423,28.6,29.1,28.6,54.1,14.1,0.000,0.000,0.00,0.000,2.4,7.5,1.5,339,41,3.0,8.9,1.8,347,38,3.0,8.9,1.8,347,38,0,29.75,-0.3,0,0,0,43.5,46.8,48.5,0.31,0.18,0.11
DOVE,2019-11-08 17:35:00 EST,41.77367,-73.57542,423,28.3,29.0,28.3,55.0,14.2,0.000,0.000,0.00,0.000,1.6,4.8,1.4,292,37,2.2,5.4,1.3,290,42,2.2,5.4,1.3,290,42,0,29.75,-0.1,0,0,0,43.5,46.8,48.5,0.31,0.18,0.11
DOVE,2019-11-08 17:40:00 EST,41.77367,-73.57542,423,28.3,28.9,28.3,54.6,14.0,0.000,0.000,0.00,0.000,1.7,3.9,1.1,336,26,2.4,5.2,1.3,342,24,2.4,5.2,1.3,342,24,0,29.75,-0.1,0,0,0,43.4,46.8,48.4,0.31,0.18,0.11
DOVE,2019-11-08 17:45:00 EST,41.77367,-73.57542,423,28.2,28.8,28.2,55.2,14.1,0.000,0.000,0.00,0.000,1.7,4.0,1.0,359,32,2.3,7.4,1.3,7,33,2.3,7.4,1.3,7,33,0,29.75,-0.2,0,0,0,43.3,46.8,48.5,0.31,0.18,0.12
DOVE,2019-11-08 17:50:00 EST,41.77367,-73.57542,423,27.9,28.7,27.9,56.0,14.2,0.000,0.000,0.00,0.000,1.8,6.7,1.6,334,39,2.5,7.7,1.8,341,40,2.5,7.7,1.8,341,40,0,29.76,-0.0,0,0,0,43.3,46.8,48.5,0.31,0.18,0.11
DOVE,2019-11-08 17:55:00 EST,41.77367,-73.57542,423,28.3,28.7,22.7,55.0,14.2,0.000,0.000,0.00,0.000,4.4,11.1,1.9,356,28,5.0,11.6,2.1,1,25,5.0,11.6,2.1,1,25,0,29.76,-0.0,0,0,0,43.2,46.8,48.4,0.31,0.18,0.11
DOVE,2019-11-08 18:00:00 EST,41.77367,-73.57542,423,28.0,28.6,23.0,55.2,14.0,0.000,0.000,0.00,0.000,3.9,9.9,2.1,351,42,4.4,11.3,2.1,357,43,4.4,11.3,2.1,357,43,0,29.76,-0.1,0,0,0,43.2,46.8,48.5,0.31,0.18,0.11
DOVE,2019-11-08 18:05:00 EST,41.77367,-73.57542,423,28.2,28.7,24.1,55.0,14.1,0.000,0.000,0.00,0.000,3.1,5.6,1.0,314,31,3.7,7.1,1.2,320,28,3.7,7.1,1.2,320,28,0,29.77,-0.1,0,0,0,43.2,46.8,48.5,0.31,0.18,0.11
DOVE,2019-11-08 18:10:00 EST,41.77367,-73.57542,423,28.4,28.7,24.4,54.4,14.0,0.000,0.000,0.00,0.000,3.1,10.7,1.8,276,33,3.6,11.4,1.8,279,32,3.6,11.4,1.8,279,32,0,29.77,-0.1,0,0,0,43.2,46.8,48.5,0.31,0.18,0.11
DOVE,2019-11-08 18:15:00 EST,41.77367,-73.57542,423,28.3,28.6,23.7,54.6,14.0,0.000,0.000,0.00,0.000,3.3,6.6,1.5,279,31,4.0,7.3,1.5,281,29,4.0,7.3,1.5,281,29,0,29.77,-0.0,0,0,0,43.0,46.8,48.4,0.31,0.18,0.11
DOVE,2019-11-08 18:20:00 EST,41.77367,-73.57542,423,28.3,28.5,24.0,54.6,14.0,0.000,0.000,0.00,0.000,3.3,8.3,2.3,303,28,3.8,9.8,2.2,307,29,3.8,9.8,2.2,307,29,0,29.77,-0.0,0,0,0,43.0,46.7,48.4,0.31,0.18,0.12
DOVE,2019-11-08 18:25:00 EST,41.77367,-73.57542,423,28.3,28.6,28.3,54.7,14.0,0.000,0.000,0.00,0.000,2.0,4.8,1.3,296,62,2.6,6.5,1.4,302,63,2.6,6.5,1.4,302,63,0,29.77,-0.0,0,0,0,43.0,46.8,48.4,0.31,0.18,0.11
DOVE,2019-11-08 18:30:00 EST,41.77367,-73.57542,423,28.2,28.5,24.2,54.4,13.9,0.000,0.000,0.00,0.000,2.9,7.7,2.0,21,27,3.6,9.0,2.2,24,30,3.6,9.0,2.2,24,30,0,29.78,-0.0,0,0,0,43.0,46.8,48.5,0.31,0.18,0.11
DOVE,2019-11-08 18:35:00 EST,41.77367,-73.57542,423,28.2,28.3,28.2,54.5,13.9,0.000,0.000,0.00,0.000,0.4,2.6,0.5,30,34,0.9,3.0,0.8,28,40,0.9,3.0,0.8,28,40,0,29.78,-0.2,0,0,0,42.8,46.8,48.4,0.31,0.18,0.11
DOVE,2019-11-08 18:40:00 EST,41.77367,-73.57542,423,27.8,28.3,24.5,54.9,13.7,0.000,0.000,0.00,0.000,2.5,5.0,1.2,343,33,3.1,6.1,1.3,348,32,3.1,6.1,1.3,348,32,0,29.78,-0.0,0,0,0,42.8,46.8,48.5,0.31,0.18,0.12
DOVE,2019-11-08 18:45:00 EST,41.77367,-73.57542,423,27.5,28.2,27.5,55.8,13.7,0.000,0.000,0.00,0.000,1.2,2.0,0.5,310,39,1.8,3.2,0.6,314,38,1.8,3.2,0.6,314,38,0,29.78,-0.1,0,0,0,42.8,46.8,48.4,0.31,0.18,0.11
DOVE,2019-11-08 18:50:00 EST,41.77367,-73.57542,423,27.3,28.1,27.3,56.4,13.8,0.000,0.000,0.00,0.000,2.2,4.6,0.8,24,26,2.6,5.5,1.1,26,25,2.6,5.5,1.1,26,25,0,29.78,-0.1,0,0,0,42.8,46.7,48.5,0.31,0.18,0.11
DOVE,2019-11-08 18:55:00 EST,41.77367,-73.57542,423,27.0,28.0,27.0,56.4,13.5,0.000,0.000,0.00,0.000,1.4,2.9,0.6,28,31,1.9,3.7,0.7,33,30,1.9,3.7,0.7,33,30,0,29.78,0.0,0,0,0,42.7,46.8,48.5,0.31,0.18,0.11
DOVE,2019-11-08 19:00:00 EST,41.77367,-73.57542,423,27.3,27.9,27.3,55.7,13.6,0.000,0.000,0.00,0.000,0.8,2.2,0.6,53,64,1.4,3.9,0.8,73,66,1.4,3.9,0.8,73,66,0,29.78,-0.1,0,0,0,42.6,46.8,48.4,0.31,0.18,0.11
DOVE,2019-11-08 19:05:00 EST,41.77367,-73.57542,423,26.2,27.7,26.2,58.2,13.5,0.000,0.000,0.00,0.000,2.7,6.0,0.9,151,34,3.0,7.2,1.2,158,35,3.0,7.2,1.2,158,35,0,29.79,0.1,0,0,0,42.6,46.8,48.3,0.31,0.18,0.11
DOVE,2019-11-08 19:10:00 EST,41.77367,-73.57542,423,26.6,27.7,23.2,58.6,14.1,0.000,0.000,0.00,0.000,2.4,5.6,1.4,72,53,3.0,6.3,1.4,72,57,3.0,6.3,1.4,72,57,0,29.79,0.1,0,0,0,42.6,46.8,48.4,0.31,0.18,0.11
DOVE,2019-11-08 19:15:00 EST,41.77367,-73.57542,423,27.4,28.0,22.9,56.8,14.1,0.000,0.000,0.00,0.000,3.4,6.3,1.4,30,27,3.9,7.3,1.4,37,25,3.9,7.3,1.4,37,25,0,29.79,-0.1,0,0,0,42.4,46.8,48.4,0.31,0.18,0.11
DOVE,2019-11-08 19:20:00 EST,41.77367,-73.57542,423,26.8,27.7,26.8,57.8,13.9,0.000,0.000,0.00,0.000,2.4,3.7,0.7,336,22,2.8,4.7,0.8,341,21,2.8,4.7,0.8,341,21,0,29.79,-0.1,0,0,0,42.4,46.8,48.4,0.31,0.18,0.11
DOVE,2019-11-08 19:25:00 EST,41.77367,-73.57542,423,25.4,27.6,25.4,62.0,14.2,0.000,0.000,0.00,0.000,0.7,1.7,0.5,299,52,1.1,2.8,0.5,305,50,1.1,2.8,0.5,305,50,0,29.79,-0.2,0,0,0,42.4,46.8,48.4,0.31,0.18,0.11
DOVE,2019-11-08 19:30:00 EST,41.77367,-73.57542,423,26.6,27.7,26.6,60.7,14.8,0.000,0.000,0.00,0.000,2.0,4.7,1.2,323,37,2.6,6.4,1.4,329,36,2.6,6.4,1.4,329,36,0,29.79,-0.0,0,0,0,42.4,46.8,48.4,0.31,0.18,0.11
DOVE,2019-11-08 19:35:00 EST,41.77367,-73.57542,423,26.7,27.5,26.7,58.9,14.3,0.000,0.000,0.00,0.000,2.5,5.7,1.2,285,21,2.9,6.9,1.4,289,22,2.9,6.9,1.4,289,22,0,29.80,-0.0,0,0,0,42.4,46.8,48.4,0.31,0.18,0.11
DOVE,2019-11-08 19:40:00 EST,41.77367,-73.57542,423,27.1,27.6,22.9,58.4,14.4,0.000,0.000,0.00,0.000,3.0,5.9,1.2,305,38,3.6,6.9,1.3,309,38,3.6,6.9,1.3,309,38,0,29.80,-0.0,0,0,0,42.3,46.7,48.4,0.31,0.18,0.11
DOVE,2019-11-08 19:45:00 EST,41.77367,-73.57542,423,26.9,27.5,26.9,58.3,14.2,0.000,0.000,0.00,0.000,1.9,6.1,1.4,335,48,2.5,7.3,1.4,342,52,2.5,7.3,1.4,342,52,0,29.80,-0.0,0,0,0,42.3,46.7,48.4,0.31,0.18,0.11
DOVE,2019-11-08 19:50:00 EST,41.77367,-73.57542,423,26.8,27.3,26.8,58.3,14.1,0.000,0.000,0.00,0.000,1.7,3.7,0.9,64,56,2.3,5.0,1.0,65,54,2.3,5.0,1.0,65,54,0,29.80,-0.3,0,0,0,42.3,46.7,48.4,0.31,0.18,0.11
DOVE,2019-11-08 19:55:00 EST,41.77367,-73.57542,423,25.7,27.2,25.7,60.2,13.8,0.000,0.000,0.00,0.000,1.6,3.3,0.8,85,28,1.9,4.3,0.8,86,24,1.9,4.3,0.8,86,24,0,29.80,0.0,0,0,0,42.1,46.7,48.4,0.31,0.18,0.11
DOVE,2019-11-08 20:00:00 EST,41.77367,-73.57542,423,26.0,27.0,26.0,60.6,14.2,0.000,0.000,0.00,0.000,1.4,5.2,1.2,69,58,2.1,5.9,1.3,53,68,2.1,5.9,1.3,53,68,0,29.81,-0.1,0,0,0,42.1,46.7,48.3,0.31,0.18,0.11
DOVE,2019-11-08 20:05:00 EST,41.77367,-73.57542,423,26.2,27.2,26.2,60.6,14.4,0.000,0.000,0.00,0.000,2.2,4.7,1.3,24,48,2.7,6.4,1.6,23,46,2.7,6.4,1.6,23,46,0,29.81,0.1,0,0,0,42.1,46.7,48.4,0.31,0.18,0.11
DOVE,2019-11-08 20:10:00 EST,41.77367,-73.57542,423,27.0,27.4,23.7,59.0,14.6,0.000,0.000,0.00,0.000,2.4,6.7,1.7,1,46,3.0,9.5,2.1,5,40,3.0,9.5,2.1,5,40,0,29.81,0.0,0,0,0,42.1,46.7,48.3,0.31,0.18,0.11
DOVE,2019-11-08 20:15:00 EST,41.77367,-73.57542,423,27.1,27.4,27.1,58.8,14.6,0.000,0.000,0.00,0.000,2.3,6.7,1.5,301,29,3.0,7.9,1.6,312,32,3.0,7.9,1.6,312,32,0,29.81,-0.1,0,0,0,42.0,46.6,48.4,0.31,0.18,0.11
DOVE,2019-11-08 20:20:00 EST,41.77367,-73.57542,423,27.1,27.3,27.1,58.6,14.5,0.000,0.000,0.00,0.000,2.0,4.6,1.0,306,40,2.5,5.6,1.2,313,40,2.5,5.6,1.2,313,40,0,29.81,0.0,0,0,0,41.9,46.6,48.3,0.31,0.18,0.11
DOVE,2019-11-08 20:25:00 EST,41.77367,-73.57542,423,27.0,27.3,27.0,58.9,14.5,0.000,0.000,0.00,0.000,0.7,3.0,0.7,68,39,1.2,3.8,0.8,84,42,1.2,3.8,0.8,84,42,0,29.81,-0.0,0,0,0,41.9,46.6,48.4,0.31,0.18,0.11
DOVE,2019-11-08 20:30:00 EST,41.77367,-73.57542,423,26.7,27.2,26.7,58.8,14.2,0.000,0.000,0.00,0.000,1.0,2.9,0.8,149,66,1.6,3.4,0.7,112,73,1.6,3.4,0.7,112,73,0,29.81,0.0,0,0,0,41.9,46.6,48.4,0.31,0.18,0.11
DOVE,2019-11-08 20:35:00 EST,41.77367,-73.57542,423,26.5,27.1,26.5,59.6,14.4,0.000,0.000,0.00,0.000,1.7,6.1,1.6,353,53,2.3,7.6,1.8,351,56,2.3,7.6,1.8,351,56,0,29.81,0.1,0,0,0,41.9,46.6,48.4,0.31,0.18,0.11
DOVE,2019-11-08 20:40:00 EST,41.77367,-73.57542,423,26.2,26.9,26.2,59.9,14.1,0.000,0.000,0.00,0.000,1.2,3.4,1.0,86,47,1.6,3.9,1.0,95,54,1.6,3.9,1.0,95,54,0,29.82,-0.3,0,0,0,41.7,46.6,48.3,0.31,0.18,0.11
DOVE,2019-11-08 20:45:00 EST,41.77367,-73.57542,423,24.6,26.6,24.6,63.3,13.9,0.000,0.000,0.00,0.000,1.3,3.1,0.8,308,51,1.8,5.0,0.9,317,47,1.8,5.0,0.9,317,47,0,29.82,-0.0,0,0,0,41.7,46.6,48.3,0.31,0.18,0.11
DOVE,2019-11-08 20:50:00 EST,41.77367,-73.57542,423,25.7,26.8,25.7,63.2,14.9,0.000,0.000,0.00,0.000,1.9,5.1,1.0,301,30,2.3,5.8,1.1,308,36,2.3,5.8,1.1,308,36,0,29.82,0.1,0,0,0,41.7,46.6,48.3,0.31,0.18,0.11
DOVE,2019-11-08 20:55:00 EST,41.77367,-73.57542,423,25.6,26.8,25.6,61.9,14.3,0.000,0.000,0.00,0.000,1.9,4.5,1.3,278,32,2.4,5.4,1.3,287,35,2.4,5.4,1.3,287,35,0,29.82,-0.2,0,0,0,41.7,46.6,48.4,0.31,0.18,0.11
DOVE,2019-11-08 21:00:00 EST,41.77367,-73.57542,423,26.0,27.0,22.5,62.5,15.0,0.000,0.000,0.00,0.000,2.4,4.1,0.9,306,31,3.0,5.8,0.8,313,30,3.0,5.8,0.8,313,30,0,29.82,0.1,0,0,0,41.6,46.6,48.3,0.31,0.18,0.11
DOVE,2019-11-08 21:05:00 EST,41.77367,-73.57542,423,26.7,27.1,26.7,60.5,14.8,0.000,0.000,0.00,0.000,2.1,4.0,1.0,305,41,2.7,4.9,1.0,313,39,2.7,4.9,1.0,313,39,0,29.82,-0.1,0,0,0,41.5,46.6,48.4,0.31,0.18,0.12
DOVE,2019-11-08 21:10:00 EST,41.77367,-73.57542,423,26.1,26.8,26.1,61.2,14.5,0.000,0.000,0.00,0.000,2.3,7.2,1.6,41,32,2.8,8.7,1.7,47,34,2.8,8.7,1.7,47,34,0,29.83,-0.2,0,0,0,41.5,46.6,48.3,0.31,0.18,0.11
DOVE,2019-11-08 21:15:00 EST,41.77367,-73.57542,423,25.6,26.8,25.6,61.8,14.3,0.000,0.000,0.00,0.000,1.5,3.1,0.7,41,29,1.9,5.6,0.9,45,27,1.9,5.6,0.9,45,27,0,29.83,-0.0,0,0,0,41.5,46.6,48.3,0.31,0.18,0.11
DOVE,2019-11-08 21:20:00 EST,41.77367,-73.57542,423,25.4,26.6,25.4,62.5,14.4,0.000,0.000,0.00,0.000,0.3,1.9,0.6,27,19,0.6,2.0,0.6,37,29,0.6,2.0,0.6,37,29,0,29.83,-0.3,0,0,0,41.4,46.6,48.3,0.31,0.18,0.11
DOVE,2019-11-08 21:25:00 EST,41.77367,-73.57542,423,25.1,26.7,25.1,64.1,14.7,0.000,0.000,0.00,0.000,1.7,3.4,0.8,247,15,2.1,4.0,0.8,253,15,2.1,4.0,0.8,253,15,0,29.83,-0.0,0,0,0,41.4,46.6,48.4,0.31,0.18,0.12
DOVE,2019-11-08 21:30:00 EST,41.77367,-73.57542,423,25.6,26.7,25.6,63.7,15.0,0.000,0.000,0.00,0.000,2.5,5.9,1.3,270,32,2.8,6.4,1.5,276,32,2.8,6.4,1.5,276,32,0,29.83,-0.0,0,0,0,41.4,46.6,48.3,0.31,0.18,0.11
DOVE,2019-11-08 21:35:00 EST,41.77367,-73.57542,423,25.9,26.6,25.9,62.9,15.0,0.000,0.000,0.00,0.000,1.6,4.3,0.9,326,40,2.1,4.9,1.0,328,41,2.1,4.9,1.0,328,41,0,29.83,-0.1,0,0,0,41.4,46.6,48.3,0.31,0.18,0.11
DOVE,2019-11-08 21:40:00 EST,41.77367,-73.57542,423,25.7,26.6,25.7,63.5,15.0,0.000,0.000,0.00,0.000,1.3,4.4,1.2,270,27,1.6,5.3,1.3,278,32,1.6,5.3,1.3,278,32,0,29.83,-0.3,0,0,0,41.4,46.6,48.3,0.31,0.18,0.11
DOVE,2019-11-08 21:45:00 EST,41.77367,-73.57542,423,24.5,26.3,24.5,64.9,14.4,0.000,0.000,0.00,0.000,2.0,3.4,1.0,238,12,2.2,3.6,1.0,243,14,2.2,3.6,1.0,243,14,0,29.84,-0.1,0,0,0,41.3,46.6,48.3,0.31,0.18,0.12
DOVE,2019-11-08 21:50:00 EST,41.77367,-73.57542,423,25.2,26.4,20.8,65.8,15.4,0.000,0.000,0.00,0.000,3.2,5.6,0.9,252,14,3.6,7.7,1.1,258,17,3.6,7.7,1.1,258,17,0,29.84,-0.1,0,0,0,41.2,46.6,48.3,0.31,0.18,0.11
DOVE,2019-11-08 21:55:00 EST,41.77367,-73.57542,423,25.3,26.3,20.7,64.7,15.1,0.000,0.000,0.00,0.000,3.3,5.6,0.8,265,17,3.7,6.4,0.9,271,17,3.7,6.4,0.9,271,17,0,29.84,-0.0,0,0,0,41.2,46.6,48.2,0.31,0.18,0.11
DOVE,2019-11-08 22:00:00 EST,41.77367,-73.57542,423,25.2,26.1,20.7,65.7,15.3,0.000,0.000,0.00,0.000,3.2,5.3,0.9,259,17,3.6,6.3,1.0,265,17,3.6,6.3,1.0,265,17,0,29.84,-0.0,0,0,0,41.2,46.6,48.2,0.31,0.18,0.11
DOVE,2019-11-08 22:05:00 EST,41.77367,-73.57542,423,25.0,26.1,21.0,65.8,15.2,0.000,0.000,0.00,0.000,2.9,5.9,0.9,269,23,3.3,7.3,1.0,275,24,3.3,7.3,1.0,275,24,0,29.84,-0.1,0,0,0,41.1,46.6,48.3,0.31,0.18,0.11
DOVE,2019-11-08 22:10:00 EST,41.77367,-73.57542,423,24.9,26.0,24.9,66.4,15.2,0.000,0.000,0.00,0.000,2.4,4.5,0.8,278,18,2.8,4.9,0.9,284,20,2.8,4.9,0.9,284,20,0,29.84,0.1,0,0,0,41.0,46.6,48.3,0.31,0.18,0.11
DOVE,2019-11-08 22:15:00 EST,41.77367,-73.57542,423,25.5,26.1,20.9,65.3,15.4,0.000,0.000,0.00,0.000,3.2,6.1,1.0,275,17,3.7,6.8,1.2,282,17,3.7,6.8,1.2,282,17,0,29.84,0.1,0,0,0,41.0,46.6,48.2,0.31,0.18,0.12
DOVE,2019-11-08 22:20:00 EST,41.77367,-73.57542,423,25.5,26.0,25.5,64.4,15.1,0.000,0.000,0.00,0.000,2.4,4.3,1.1,231,31,2.7,4.6,1.1,238,33,2.7,4.6,1.1,238,33,0,29.84,-0.0,0,0,0,41.0,46.6,48.3,0.31,0.18,0.12
DOVE,2019-11-08 22:25:00 EST,41.77367,-73.57542,423,24.9,25.7,24.9,65.8,15.1,0.000,0.000,0.00,0.000,1.7,3.6,0.8,226,40,2.2,4.4,0.8,233,43,2.2,4.4,0.8,233,43,0,29.85,-0.1,0,0,0,41.0,46.6,48.3,0.31,0.18,0.11
DOVE,2019-11-08 22:30:00 EST,41.77367,-73.57542,423,24.9,25.8,24.9,66.7,15.4,0.000,0.000,0.00,0.000,2.0,4.2,0.9,231,42,2.3,4.5,0.9,241,44,2.3,4.5,0.9,241,44,0,29.85,0.1,0,0,0,41.0,46.5,48.3,0.31,0.18,0.11
DOVE,2019-11-08 22:35:00 EST,41.77367,-73.57542,423,24.7,25.5,24.7,66.1,15.0,0.000,0.000,0.00,0.000,1.2,2.5,0.8,225,37,1.6,3.1,0.7,234,43,1.6,3.1,0.7,234,43,0,29.85,-0.2,0,0,0,40.8,46.6,48.2,0.31,0.18,0.11
DOVE,2019-11-08 22:40:00 EST,41.77367,-73.57542,423,22.8,24.5,22.8,70.9,14.8,0.000,0.000,0.00,0.000,1.2,2.6,0.6,36,68,1.5,3.2,0.6,17,70,1.5,3.2,0.6,17,70,0,29.85,-0.1,0,0,0,40.8,46.5,48.2,0.31,0.18,0.11
DOVE,2019-11-08 22:45:00 EST,41.77367,-73.57542,423,22.5,24.5,22.5,73.3,15.3,0.000,0.000,0.00,0.000,0.9,3.1,0.8,298,43,1.4,4.2,0.8,295,41,1.4,4.2,0.8,295,41,0,29.85,-0.1,0,0,0,40.8,46.6,48.2,0.31,0.18,0.12
DOVE,2019-11-08 22:50:00 EST,41.77367,-73.57542,423,22.5,24.3,22.5,76.7,16.3,0.000,0.000,0.00,0.000,1.7,2.7,0.7,275,23,1.9,3.3,0.8,280,24,1.9,3.3,0.8,280,24,0,29.85,-0.2,0,0,0,40.8,46.5,48.2,0.31,0.18,0.11
DOVE,2019-11-08 22:55:00 EST,41.77367,-73.57542,423,21.9,23.9,21.9,77.0,15.8,0.000,0.000,0.00,0.000,2.3,3.1,0.5,256,14,2.7,3.7,0.5,261,15,2.7,3.7,0.5,261,15,0,29.85,-0.1,0,0,0,40.6,46.5,48.2,0.31,0.18,0.11
DOVE,2019-11-08 23:00:00 EST,41.77367,-73.57542,423,21.3,23.1,21.3,79.2,15.9,0.000,0.000,0.00,0.000,1.5,2.8,0.5,276,32,1.9,3.3,0.6,283,34,1.9,3.3,0.6,283,34,0,29.85,-0.2,0,0,0,40.6,46.5,48.2,0.31,0.18,0.11
DOVE,2019-11-08 23:05:00 EST,41.77367,-73.57542,423,21.7,23.2,21.7,80.7,16.7,0.000,0.000,0.00,0.000,0.0,0.7,0.1,1,0,0.1,0.9,0.2,35,18,0.1,0.9,0.2,35,18,0,29.85,-0.2,0,0,0,40.6,46.4,48.2,0.31,0.18,0.12
DOVE,2019-11-08 23:10:00 EST,41.77367,-73.57542,423,20.9,22.9,20.9,81.4,16.1,0.000,0.000,0.00,0.000,0.1,0.7,0.2,2,0,0.3,1.4,0.5,5,2,0.3,1.4,0.5,5,2,0,29.85,-0.2,0,0,0,40.6,46.4,48.2,0.31,0.18,0.11
DOVE,2019-11-08 23:15:00 EST,41.77367,-73.57542,423,21.7,23.3,21.7,83.4,17.5,0.000,0.000,0.00,0.000,0.7,1.5,0.6,286,14,1.0,2.0,0.6,290,18,1.0,2.0,0.6,290,18,0,29.85,-0.2,0,0,0,40.6,46.4,48.2,0.31,0.18,0.11
DOVE,2019-11-08 23:20:00 EST,41.77367,-73.57542,423,20.9,23.1,20.9,83.0,16.6,0.000,0.000,0.00,0.000,0.6,1.5,0.6,286,12,0.9,1.8,0.7,294,12,0.9,1.8,0.7,294,12,0,29.86,-0.2,0,0,0,40.5,46.4,48.2,0.31,0.18,0.12
DOVE,2019-11-08 23:25:00 EST,41.77367,-73.57542,423,20.0,22.6,20.0,83.4,15.7,0.000,0.000,0.00,0.000,0.6,1.3,0.4,18,13,1.0,1.6,0.5,21,19,1.0,1.6,0.5,21,19,0,29.86,-0.2,0,0,0,40.5,46.4,48.2,0.31,0.18,0.12
DOVE,2019-11-08 23:30:00 EST,41.77367,-73.57542,423,20.2,22.5,20.2,86.5,16.8,0.000,0.000,0.00,0.000,1.2,1.7,0.3,349,16,1.6,2.1,0.3,350,16,1.6,2.1,0.3,350,16,0,29.86,-0.2,0,0,0,40.5,46.4,48.2,0.31,0.18,0.12
DOVE,2019-11-08 23:35:00 EST,41.77367,-73.57542,423,20.6,22.4,20.6,86.7,17.3,0.000,0.000,0.00,0.000,0.2,1.2,0.3,333,0,0.4,1.4,0.5,308,13,0.4,1.4,0.5,308,13,0,29.86,-0.3,0,0,0,40.5,46.4,48.2,0.31,0.18,0.12
DOVE,2019-11-08 23:40:00 EST,41.77367,-73.57542,423,18.1,21.9,18.1,86.1,14.6,0.000,0.000,0.00,0.000,0.0,0.4,0.1,37,0,0.3,1.1,0.4,58,12,0.3,1.1,0.4,58,12,0,29.86,-0.1,0,0,0,40.3,46.4,48.2,0.31,0.18,0.12
DOVE,2019-11-08 23:45:00 EST,41.77367,-73.57542,423,19.2,21.5,19.2,87.4,16.1,0.000,0.000,0.00,0.000,0.6,1.1,0.4,49,19,1.0,1.5,0.4,49,25,1.0,1.5,0.4,49,25,0,29.86,-0.2,0,0,0,40.3,46.4,48.2,0.31,0.18,0.12
DOVE,2019-11-08 23:50:00 EST,41.77367,-73.57542,423,20.2,21.6,20.2,90.0,17.7,0.000,0.000,0.00,0.000,1.3,1.9,0.4,338,8,1.7,2.7,0.5,340,12,1.7,2.7,0.5,340,12,0,29.86,-0.3,0,0,0,40.3,46.4,48.2,0.31,0.18,0.12
DOVE,2019-11-08 23:55:00 EST,41.77367,-73.57542,423,20.8,21.8,20.8,87.0,17.5,0.000,0.000,0.00,0.000,1.4,2.1,0.3,349,16,1.8,2.7,0.3,353,17,1.8,2.7,0.3,353,17,0,29.86,-0.2,0,0,0,40.3,46.4,48.2,0.31,0.18,0.11
DUAN,2019-11-08 00:00:00 EST,42.80319,-74.17361,1369,23.2,23.0,15.6,92.9,21.5,0.000,0.245,0.00,0.000,5.4,9.3,1.8,297,15,6.2,12.5,2.0,302,13,6.2,12.5,2.0,302,13,0,28.57,-0.0,0,0,0,42.6,45.7,47.8,0.54,0.38,0.40
DUAN,2019-11-08 00:05:00 EST,42.80319,-74.17361,1369,23.1,22.9,15.4,92.7,21.3,0.000,0.000,0.00,0.000,5.3,9.0,1.6,296,17,6.2,9.1,1.7,304,18,6.2,9.1,1.7,304,18,0,28.57,-0.0,0,0,0,42.6,45.7,47.8,0.54,0.38,0.40
DUAN,2019-11-08 00:10:00 EST,42.80319,-74.17361,1369,22.9,22.7,15.8,92.7,21.1,0.000,0.000,0.00,0.000,4.9,9.6,1.4,303,13,5.6,9.8,1.4,311,12,5.6,9.8,1.4,311,12,0,28.57,-0.0,0,0,0,42.6,45.7,47.8,0.54,0.38,0.40
DUAN,2019-11-08 00:15:00 EST,42.80319,-74.17361,1369,22.8,22.6,15.8,92.9,21.0,0.000,0.000,0.00,0.000,4.8,7.7,1.4,309,13,5.4,8.8,1.4,317,12,5.4,8.8,1.4,317,12,0,28.57,-0.0,0,0,0,42.6,45.7,47.8,0.54,0.38,0.40
DUAN,2019-11-08 00:20:00 EST,42.80319,-74.17361,1369,22.7,22.6,14.9,92.6,20.9,0.000,0.000,0.00,0.000,5.6,8.6,1.4,307,15,6.3,9.7,1.3,315,12,6.3,9.7,1.3,315,12,0,28.57,-0.0,0,0,0,42.6,45.7,47.8,0.54,0.38,0.40
DUAN,2019-11-08 00:25:00 EST,42.80319,-74.17361,1369,22.7,22.5,15.2,92.4,20.8,0.000,0.000,0.00,0.000,5.3,8.5,1.5,302,13,5.9,9.0,1.6,310,13,5.9,9.0,1.6,310,13,0,28.56,-0.0,0,0,0,42.6,45.7,47.8,0.54,0.38,0.40
DUAN,2019-11-08 00:30:00 EST,42.80319,-74.17361,1369,22.5,22.4,15.5,92.2,20.6,0.000,0.000,0.00,0.000,4.7,8.5,1.5,297,15,5.5,10.1,1.6,303,14,5.5,10.1,1.6,303,14,0,28.56,0.0,0,0,0,42.5,45.7,47.8,0.54,0.38,0.40
DUAN,2019-11-08 00:35:00 EST,42.80319,-74.17361,1369,22.5,22.3,15.0,92.2,20.6,0.000,0.000,0.00,0.000,5.2,9.2,1.7,296,14,5.8,11.0,1.7,302,14,5.8,11.0,1.7,302,14,0,28.57,0.0,0,0,0,42.4,45.7,47.8,0.54,0.38,0.40
DUAN,2019-11-08 00:40:00 EST,42.80319,-74.17361,1369,22.4,22.3,14.6,92.1,20.5,0.000,0.000,0.00,0.000,5.1,7.8,1.3,289,17,6.2,10.4,1.6,293,15,6.2,10.4,1.6,293,15,0,28.56,0.0,0,0,0,42.4,45.7,47.8,0.54,0.38,0.40
DUAN,2019-11-08 00:45:00 EST,42.80319,-74.17361,1369,22.4,22.2,14.6,92.0,20.4,0.000,0.000,0.00,0.000,5.4,9.4,1.6,286,16,6.2,10.3,1.7,292,14,6.2,10.3,1.7,292,14,0,28.56,0.0,0,0,0,42.4,45.7,47.8,0.54,0.38,0.40
DUAN,2019-11-08 00:50:00 EST,42.80319,-74.17361,1369,22.3,22.2,14.0,91.7,20.3,0.000,0.000,0.00,0.000,5.9,9.1,1.8,284,13,6.8,10.5,1.9,290,11,6.8,10.5,1.9,290,11,0,28.56,0.0,0,0,0,42.4,45.7,47.8,0.54,0.38,0.40
DUAN,2019-11-08 00:55:00 EST,42.80319,-74.17361,1369,22.3,22.1,14.1,91.4,20.2,0.000,0.000,0.00,0.000,5.7,11.4,1.9,290,15,6.6,12.2,1.9,296,14,6.6,12.2,1.9,296,14,0,28.56,0.0,0,0,0,42.4,45.7,47.8,0.54,0.38,0.40
DUAN,2019-11-08 01:00:00 EST,42.80319,-74.17361,1369,22.2,22.1,13.8,91.3,20.1,0.000,0.000,0.00,0.000,5.9,10.4,1.7,288,16,7.0,11.2,1.9,294,12,7.0,11.2,1.9,294,12,0,28.56,0.0,0,0,0,42.4,45.7,47.8,0.54,0.38,0.40
DUAN,2019-11-08 01:05:00 EST,42.80319,-74.17361,1369,22.2,22.0,13.2,91.5,20.1,0.000,0.000,0.00,0.000,6.7,12.0,2.5,291,11,7.6,13.7,2.5,298,11,7.6,13.7,2.5,298,11,0,28.56,0.0,0,0,0,42.4,45.7,47.7,0.54,0.38,0.40
DUAN,2019-11-08 01:10:00 EST,42.80319,-74.17361,1369,22.0,21.8,13.4,91.7,20.0,0.000,0.000,0.00,0.000,6.4,11.0,1.9,289,15,7.0,12.2,2.1,295,13,7.0,12.2,2.1,295,13,0,28.56,0.0,0,0,0,42.4,45.7,47.7,0.54,0.38,0.40
DUAN,2019-11-08 01:15:00 EST,42.80319,-74.17361,1369,22.1,21.8,13.4,91.8,20.0,0.000,0.000,0.00,0.000,6.1,9.9,1.7,287,14,7.1,11.3,1.9,292,12,7.1,11.3,1.9,292,12,0,28.56,0.0,0,0,0,42.4,45.7,47.6,0.54,0.38,0.40
DUAN,2019-11-08 01:20:00 EST,42.80319,-74.17361,1369,22.1,21.9,13.0,91.6,20.0,0.000,0.000,0.00,0.000,6.5,11.0,2.1,286,14,7.6,13.4,2.4,291,12,7.6,13.4,2.4,291,12,0,28.56,0.0,0,0,0,42.4,45.7,47.8,0.54,0.38,0.40
DUAN,2019-11-08 01:25:00 EST,42.80319,-74.17361,1369,22.0,21.8,12.9,91.7,20.0,0.000,0.000,0.00,0.000,6.4,11.5,1.8,280,16,7.7,14.1,2.3,288,13,7.7,14.1,2.3,288,13,0,28.56,0.0,0,0,0,42.4,45.7,47.7,0.54,0.38,0.40
DUAN,2019-11-08 01:30:00 EST,42.80319,-74.17361,1369,22.0,21.8,14.1,91.8,19.9,0.000,0.000,0.00,0.000,5.4,9.1,1.2,289,16,6.2,9.5,1.3,295,14,6.2,9.5,1.3,295,14,0,28.55,0.0,0,0,0,42.3,45.7,47.8,0.54,0.38,0.40
DUAN,2019-11-08 01:35:00 EST,42.80319,-74.17361,1369,21.9,21.7,13.6,91.9,19.9,0.000,0.000,0.00,0.000,5.8,8.7,1.5,288,12,6.7,11.2,1.8,295,11,6.7,11.2,1.8,295,11,0,28.55,0.1,0,0,0,42.3,45.7,47.6,0.54,0.38,0.40
DUAN,2019-11-08 01:40:00 EST,42.80319,-74.17361,1369,21.8,21.7,14.2,91.8,19.8,0.000,0.000,0.00,0.000,5.1,9.0,1.9,289,14,6.0,10.1,2.1,294,12,6.0,10.1,2.1,294,12,0,28.55,0.1,0,0,0,42.3,45.7,47.6,0.54,0.38,0.40
DUAN,2019-11-08 01:45:00 EST,42.80319,-74.17361,1369,21.8,21.6,13.3,92.3,19.9,0.000,0.000,0.00,0.000,5.8,10.3,2.0,283,15,6.8,11.0,2.1,289,12,6.8,11.0,2.1,289,12,0,28.55,0.1,0,0,0,42.3,45.7,47.6,0.54,0.38,0.40
DUAN,2019-11-08 01:50:00 EST,42.80319,-74.17361,1369,21.8,21.6,13.2,92.6,20.0,0.000,0.000,0.00,0.000,5.9,9.6,1.6,283,14,7.0,11.7,1.8,289,10,7.0,11.7,1.8,289,10,0,28.55,0.1,0,0,0,42.3,45.7,47.6,0.54,0.38,0.40
DUAN,2019-11-08 01:55:00 EST,42.80319,-74.17361,1369,21.8,21.6,13.2,92.7,20.1,0.000,0.000,0.00,0.000,6.2,10.7,1.9,288,16,7.1,12.2,2.2,292,13,7.1,12.2,2.2,292,13,0,28.55,0.1,0,0,0,42.3,45.7,47.6,0.54,0.38,0.40
DUAN,2019-11-08 02:00:00 EST,42.80319,-74.17361,1369,21.8,21.6,12.8,92.7,20.0,0.000,0.000,0.00,0.000,6.5,10.9,1.6,283,13,7.6,11.8,1.9,290,11,7.6,11.8,1.9,290,11,0,28.55,0.1,0,0,0,42.2,45.7,47.6,0.54,0.38,0.40
DUAN,2019-11-08 02:05:00 EST,42.80319,-74.17361,1369,21.7,21.6,12.8,92.6,19.9,0.000,0.000,0.00,0.000,6.2,9.6,1.3,283,14,7.3,11.1,1.5,288,10,7.3,11.1,1.5,288,10,0,28.55,0.1,0,0,0,42.2,45.6,47.6,0.54,0.38,0.40
DUAN,2019-11-08 02:10:00 EST,42.80319,-74.17361,1369,21.7,21.6,13.0,92.9,20.0,0.000,0.000,0.00,0.000,6.1,9.4,1.5,285,14,7.2,11.9,1.8,292,13,7.2,11.9,1.8,292,13,0,28.55,0.1,0,0,0,42.3,45.6,47.5,0.55,0.38,0.40
DUAN,2019-11-08 02:15:00 EST,42.80319,-74.17361,1369,21.7,21.5,14.2,92.9,20.0,0.000,0.000,0.00,0.000,4.7,8.8,1.7,287,16,5.7,11.3,2.0,292,14,5.7,11.3,2.0,292,14,0,28.55,0.1,0,0,0,42.3,45.6,47.5,0.54,0.38,0.40
DUAN,2019-11-08 02:20:00 EST,42.80319,-74.17361,1369,21.6,21.4,14.1,92.9,19.8,0.000,0.000,0.00,0.000,4.8,7.7,1.5,281,17,5.7,9.4,1.7,288,14,5.7,9.4,1.7,288,14,0,28.55,0.1,0,0,0,42.2,45.6,47.5,0.54,0.38,0.40
DUAN,2019-11-08 02:25:00 EST,42.80319,-74.17361,1369,21.6,21.4,13.1,93.1,19.9,0.000,0.000,0.00,0.000,5.7,9.4,1.6,278,12,6.8,11.2,1.9,285,9,6.8,11.2,1.9,285,9,0,28.55,0.1,0,0,0,42.1,45.6,47.5,0.54,0.38,0.40
DUAN,2019-11-08 02:30:00 EST,42.80319,-74.17361,1369,21.5,21.4,12.2,93.2,19.9,0.000,0.000,0.00,0.000,6.6,10.7,1.4,279,15,7.9,13.0,1.6,286,12,7.9,13.0,1.6,286,12,0,28.55,0.1,0,0,0,42.1,45.6,47.6,0.54,0.38,0.40
DUAN,2019-11-08 02:35:00 EST,42.80319,-74.17361,1369,21.5,21.3,13.1,93.5,19.9,0.000,0.000,0.00,0.000,5.8,9.6,1.4,285,13,6.8,11.0,1.7,290,10,6.8,11.0,1.7,290,10,0,28.55,0.1,0,0,0,42.1,45.6,47.5,0.54,0.38,0.40
DUAN,2019-11-08 02:40:00 EST,42.80319,-74.17361,1369,21.4,21.2,13.5,93.5,19.8,0.000,0.000,0.00,0.000,5.2,7.9,1.4,282,16,6.1,10.4,1.6,288,13,6.1,10.4,1.6,288,13,0,28.55,0.1,0,0,0,42.1,45.5,47.5,0.54,0.38,0.40
DUAN,2019-11-08 02:45:00 EST,42.80319,-74.17361,1369,21.3,21.1,13.1,93.8,19.8,0.000,0.000,0.00,0.000,5.3,9.2,1.6,278,15,6.5,10.5,1.9,284,13,6.5,10.5,1.9,284,13,0,28.55,0.1,0,0,0,42.1,45.6,47.5,0.54,0.38,0.40
DUAN,2019-11-08 02:50:00 EST,42.80319,-74.17361,1369,21.3,21.1,13.3,93.8,19.8,0.000,0.000,0.00,0.000,5.1,8.1,1.3,285,13,6.1,9.4,1.4,290,11,6.1,9.4,1.4,290,11,0,28.55,0.1,0,0,0,42.1,45.5,47.5,0.54,0.38,0.40
DUAN,2019-11-08 02:55:00 EST,42.80319,-74.17361,1369,21.3,21.1,14.0,93.9,19.8,0.000,0.000,0.00,0.000,4.7,8.2,1.6,281,15,5.5,9.0,1.8,287,14,5.5,9.0,1.8,287,14,0,28.55,0.1,0,0,0,42.1,45.5,47.5,0.54,0.38,0.40
DUAN,2019-11-08 03:00:00 EST,42.80319,-74.17361,1369,21.2,21.0,13.8,93.8,19.7,0.000,0.000,0.00,0.000,4.7,8.6,1.4,282,15,5.6,10.0,1.6,289,12,5.6,10.0,1.6,289,12,0,28.55,0.1,0,0,0,42.1,45.5,47.5,0.54,0.38,0.40
DUAN,2019-11-08 03:05:00 EST,42.80319,-74.17361,1369,21.1,20.9,14.3,94.0,19.6,0.000,0.000,0.00,0.000,4.1,6.0,1.0,280,17,5.0,8.2,1.3,286,14,5.0,8.2,1.3,286,14,0,28.55,0.1,0,0,0,42.1,45.5,47.5,0.54,0.38,0.40
DUAN,2019-11-08 03:10:00 EST,42.80319,-74.17361,1369,21.0,20.9,14.3,94.0,19.6,0.000,0.000,0.00,0.000,4.0,7.6,1.1,284,14,4.9,9.0,1.2,291,12,4.9,9.0,1.2,291,12,0,28.55,0.1,0,0,0,42.1,45.5,47.6,0.54,0.38,0.40
DUAN,2019-11-08 03:15:00 EST,42.80319,-74.17361,1369,21.0,20.9,14.1,93.9,19.5,0.000,0.000,0.00,0.000,4.3,8.0,1.4,281,15,5.0,9.4,1.6,288,13,5.0,9.4,1.6,288,13,0,28.55,0.1,0,0,0,42.1,45.5,47.5,0.54,0.38,0.40
DUAN,2019-11-08 03:20:00 EST,42.80319,-74.17361,1369,20.9,20.8,14.0,93.7,19.4,0.000,0.000,0.00,0.000,4.3,6.4,1.0,287,13,5.0,8.1,1.2,294,12,5.0,8.1,1.2,294,12,0,28.55,0.2,0,0,0,42.1,45.5,47.5,0.54,0.38,0.40
DUAN,2019-11-08 03:25:00 EST,42.80319,-74.17361,1369,20.9,20.8,13.8,93.9,19.4,0.000,0.000,0.00,0.000,4.3,7.1,1.2,282,18,5.2,9.4,1.6,289,15,5.2,9.4,1.6,289,15,0,28.55,0.2,0,0,0,41.9,45.5,47.5,0.54,0.38,0.40
DUAN,2019-11-08 03:30:00 EST,42.80319,-74.17361,1369,20.9,20.7,13.7,94.1,19.5,0.000,0.000,0.00,0.000,4.6,8.3,1.5,292,17,5.3,9.2,1.6,299,17,5.3,9.2,1.6,299,17,0,28.55,0.2,0,0,0,41.9,45.5,47.5,0.54,0.38,0.40
DUAN,2019-11-08 03:35:00 EST,42.80319,-74.17361,1369,20.9,20.6,14.7,94.1,19.4,0.000,0.000,0.00,0.000,3.7,6.3,1.3,296,15,4.4,8.1,1.5,304,14,4.4,8.1,1.5,304,14,0,28.55,0.2,0,0,0,41.9,45.5,47.5,0.54,0.38,0.40
DUAN,2019-11-08 03:40:00 EST,42.80319,-74.17361,1369,20.8,20.6,14.9,94.0,19.4,0.000,0.000,0.00,0.000,3.7,7.2,1.4,293,16,4.2,7.7,1.5,301,15,4.2,7.7,1.5,301,15,0,28.55,0.2,0,0,0,41.9,45.5,47.5,0.54,0.38,0.40
DUAN,2019-11-08 03:45:00 EST,42.80319,-74.17361,1369,20.7,20.5,14.4,94.0,19.3,0.000,0.000,0.00,0.000,3.9,7.3,1.5,294,15,4.5,8.6,1.7,302,15,4.5,8.6,1.7,302,15,0,28.55,0.2,0,0,0,41.9,45.5,47.5,0.54,0.38,0.40
DUAN,2019-11-08 03:50:00 EST,42.80319,-74.17361,1369,20.7,20.5,14.4,94.1,19.3,0.000,0.000,0.00,0.000,3.9,8.3,1.5,291,14,4.5,8.9,1.7,298,12,4.5,8.9,1.7,298,12,0,28.55,0.1,0,0,0,41.9,45.5,47.5,0.54,0.38,0.40
DUAN,2019-11-08 03:55:00 EST,42.80319,-74.17361,1369,20.7,20.4,13.8,93.9,19.2,0.000,0.000,0.00,0.000,4.0,6.7,1.3,287,17,5.0,8.7,1.6,295,14,5.0,8.7,1.6,295,14,0,28.55,0.1,0,0,0,41.9,45.5,47.5,0.54,0.38,0.40
DUAN,2019-11-08 04:00:00 EST,42.80319,-74.17361,1369,20.7,20.5,11.6,94.0,19.2,0.000,0.000,0.00,0.000,6.3,10.9,1.8,288,14,7.3,14.4,2.1,294,12,7.3,14.4,2.1,294,12,0,28.55,0.2,0,0,0,41.9,45.5,47.5,0.54,0.38,0.40
DUAN,2019-11-08 04:05:00 EST,42.80319,-74.17361,1369,20.8,20.5,11.3,94.2,19.4,0.000,0.000,0.00,0.000,6.6,10.8,1.9,286,14,7.8,12.9,2.2,291,11,7.8,12.9,2.2,291,11,0,28.55,0.2,0,0,0,41.9,45.5,47.5,0.54,0.38,0.40
DUAN,2019-11-08 04:10:00 EST,42.80319,-74.17361,1369,20.8,20.6,11.2,94.2,19.4,0.000,0.000,0.00,0.000,7.3,12.4,2.1,295,13,8.0,13.4,2.1,300,12,8.0,13.4,2.1,300,12,0,28.55,0.2,0,0,0,41.9,45.5,47.5,0.54,0.38,0.40
DUAN,2019-11-08 04:15:00 EST,42.80319,-74.17361,1369,20.8,20.6,11.5,94.2,19.4,0.000,0.000,0.00,0.000,6.9,13.3,2.3,296,15,7.7,13.8,2.3,301,13,7.7,13.8,2.3,301,13,0,28.55,0.2,0,0,0,41.7,45.5,47.5,0.54,0.38,0.40
DUAN,2019-11-08 04:20:00 EST,42.80319,-74.17361,1369,20.8,20.5,11.0,94.3,19.4,0.000,0.000,0.00,0.000,7.7,11.5,1.6,302,12,8.2,12.2,1.8,307,11,8.2,12.2,1.8,307,11,0,28.54,0.2,0,0,0,41.7,45.5,47.5,0.54,0.38,0.40
DUAN,2019-11-08 04:25:00 EST,42.80319,-74.17361,1369,20.8,20.5,11.3,94.4,19.4,0.000,0.000,0.00,0.000,7.1,12.9,2.2,299,13,7.8,12.7,2.0,305,13,7.8,12.7,2.0,305,13,0,28.54,0.2,0,0,0,41.7,45.5,47.5,0.54,0.38,0.40
DUAN,2019-11-08 04:30:00 EST,42.80319,-74.17361,1369,20.8,20.5,10.6,94.7,19.5,0.000,0.000,0.00,0.000,7.8,12.6,2.0,296,14,8.7,14.1,2.3,301,13,8.7,14.1,2.3,301,13,0,28.54,0.2,0,0,0,41.7,45.5,47.5,0.54,0.38,0.40
DUAN,2019-11-08 04:35:00 EST,42.80319,-74.17361,1369,20.7,20.4,10.4,94.7,19.4,0.000,0.000,0.00,0.000,8.1,12.9,1.8,298,12,9.0,13.2,1.9,303,11,9.0,13.2,1.9,303,11,0,28.55,0.2,0,0,0,41.7,45.5,47.5,0.54,0.38,0.40
DUAN,2019-11-08 04:40:00 EST,42.80319,-74.17361,1369,20.7,20.4,10.3,94.7,19.4,0.000,0.000,0.00,0.000,8.1,13.2,2.4,295,15,9.1,16.3,2.7,298,14,9.1,16.3,2.7,298,14,0,28.55,0.2,0,0,0,41.7,45.5,47.5,0.54,0.38,0.40
DUAN,2019-11-08 04:45:00 EST,42.80319,-74.17361,1369,20.7,20.4,10.0,94.7,19.4,0.000,0.000,0.00,0.000,8.9,12.8,1.9,296,15,9.6,14.0,1.9,301,11,9.6,14.0,1.9,301,11,0,28.55,0.2,0,0,0,41.7,45.5,47.5,0.54,0.38,0.40
DUAN,2019-11-08 04:50:00 EST,42.80319,-74.17361,1369,20.7,20.4,9.6,94.6,19.4,0.000,0.000,0.00,0.000,9.6,14.8,2.2,296,10,10.2,15.5,2.3,302,9,10.2,15.5,2.3,302,9,0,28.55,0.2,0,0,0,41.7,45.5,47.5,0.54,0.38,0.40
DUAN,2019-11-08 04:55:00 EST,42.80319,-74.17361,1369,20.7,20.3,10.7,94.7,19.4,0.000,0.000,0.00,0.000,7.6,11.1,1.5,303,19,8.5,13.1,1.7,309,14,8.5,13.1,1.7,309,14,0,28.55,0.2,0,0,0,41.7,45.5,47.5,0.54,0.38,0.40
DUAN,2019-11-08 05:00:00 EST,42.80319,-74.17361,1369,20.7,20.4,10.6,94.7,19.4,0.000,0.000,0.00,0.000,7.7,11.6,2.0,305,14,8.6,13.2,2.1,308,13,8.6,13.2,2.1,308,13,0,28.55,0.2,0,0,0,41.7,45.5,47.5,0.54,0.38,0.40
DUAN,2019-11-08 05:05:00 EST,42.80319,-74.17361,1369,20.8,20.4,10.1,94.7,19.5,0.000,0.000,0.00,0.000,8.6,13.3,2.0,299,15,9.6,14.7,2.1,304,12,9.6,14.7,2.1,304,12,0,28.55,0.3,0,0,0,41.7,45.3,47.5,0.54,0.38,0.40
DUAN,2019-11-08 05:10:00 EST,42.80319,-74.17361,1369,20.7,20.4,9.7,94.5,19.4,0.000,0.000,0.00,0.000,9.3,14.6,2.6,300,13,10.1,15.7,2.6,305,12,10.1,15.7,2.6,305,12,0,28.55,0.3,0,0,0,41.6,45.4,47.5,0.54,0.38,0.40
DUAN,2019-11-08 05:15:00 EST,42.80319,-74.17361,1369,20.8,20.4,9.8,94.4,19.4,0.000,0.000,0.00,0.000,9.1,14.1,2.1,298,14,10.0,15.3,2.2,304,13,10.0,15.3,2.2,304,13,0,28.55,0.2,0,0,0,41.5,45.4,47.5,0.54,0.38,0.40
DUAN,2019-11-08 05:20:00 EST,42.80319,-74.17361,1369,20.7,20.3,10.3,94.3,19.4,0.000,0.000,0.00,0.000,8.2,12.3,2.0,303,15,9.1,13.8,2.0,307,13,9.1,13.8,2.0,307,13,0,28.55,0.2,0,0,0,41.5,45.4,47.5,0.54,0.38,0.40
DUAN,2019-11-08 05:25:00 EST,42.80319,-74.17361,1369,20.7,20.3,9.4,94.0,19.2,0.000,0.000,0.00,0.000,9.5,15.8,2.7,300,13,10.4,18.4,2.6,304,11,10.4,18.4,2.6,304,11,0,28.55,0.2,0,0,0,41.5,45.3,47.5,0.54,0.38,0.40
DUAN,2019-11-08 05:30:00 EST,42.80319,-74.17361,1369,20.5,20.2,9.5,93.4,18.9,0.000,0.000,0.00,0.000,8.8,15.6,2.7,299,14,10.0,16.6,2.6,302,12,10.0,16.6,2.6,302,12,0,28.55,0.2,0,0,0,41.5,45.3,47.5,0.54,0.38,0.40
DUAN,2019-11-08 05:35:00 EST,42.80319,-74.17361,1369,20.4,20.0,10.4,92.6,18.6,0.000,0.000,0.00,0.000,7.5,13.4,2.7,294,13,8.4,17.2,2.8,297,11,8.4,17.2,2.8,297,11,0,28.55,0.2,0,0,0,41.5,45.3,47.5,0.54,0.38,0.40
DUAN,2019-11-08 05:40:00 EST,42.80319,-74.17361,1369,20.2,19.9,10.6,92.8,18.5,0.000,0.000,0.00,0.000,6.9,12.7,2.4,287,15,7.9,14.1,2.5,292,12,7.9,14.1,2.5,292,12,0,28.55,0.2,0,0,0,41.5,45.3,47.5,0.54,0.38,0.40
DUAN,2019-11-08 05:45:00 EST,42.80319,-74.17361,1369,20.1,19.8,10.2,92.6,18.3,0.000,0.000,0.00,0.000,7.0,10.3,1.8,283,16,8.2,13.4,2.2,289,12,8.2,13.4,2.2,289,12,0,28.55,0.3,0,0,0,41.5,45.3,47.5,0.54,0.38,0.40
DUAN,2019-11-08 05:50:00 EST,42.80319,-74.17361,1369,20.0,19.7,9.9,92.4,18.2,0.000,0.000,0.00,0.000,7.4,11.8,2.1,284,15,8.5,14.6,2.4,290,11,8.5,14.6,2.4,290,11,0,28.55,0.3,0,0,0,41.5,45.3,47.5,0.54,0.38,0.40
DUAN,2019-11-08 05:55:00 EST,42.80319,-74.17361,1369,20.0,19.7,10.2,91.5,17.9,0.000,0.000,0.00,0.000,6.9,11.5,1.6,287,15,7.9,12.0,1.8,292,13,7.9,12.0,1.8,292,13,0,28.55,0.3,0,0,0,41.4,45.3,47.5,0.54,0.38,0.40
DUAN,2019-11-08 06:00:00 EST,42.80319,-74.17361,1369,19.8,19.5,10.6,91.1,17.6,0.000,0.000,0.00,0.000,6.0,10.3,1.5,285,18,7.2,11.9,1.8,293,13,7.2,11.9,1.8,293,13,0,28.56,0.3,0,0,0,41.4,45.3,47.5,0.54,0.38,0.40
DUAN,2019-11-08 06:05:00 EST,42.80319,-74.17361,1369,19.7,19.5,9.8,90.9,17.5,0.000,0.000,0.00,0.000,6.8,11.2,1.9,283,14,8.1,13.2,2.3,288,12,8.1,13.2,2.3,288,12,0,28.56,0.3,0,0,0,41.4,45.3,47.5,0.54,0.38,0.40
DUAN,2019-11-08 06:10:00 EST,42.80319,-74.17361,1369,19.6,19.4,9.6,90.2,17.2,0.000,0.000,0.00,0.000,7.1,11.4,1.9,284,17,8.2,12.6,2.1,291,13,8.2,12.6,2.1,291,13,0,28.56,0.3,0,0,0,41.4,45.3,47.5,0.54,0.38,0.40
DUAN,2019-11-08 06:15:00 EST,42.80319,-74.17361,1369,19.6,19.4,8.6,89.1,16.9,0.000,0.000,0.00,0.000,8.5,16.2,2.7,289,15,9.7,20.1,3.1,292,12,9.7,20.1,3.1,292,12,0,28.56,0.3,0,0,0,41.4,45.3,47.5,0.54,0.38,0.40
DUAN,2019-11-08 06:20:00 EST,42.80319,-74.17361,1369,19.6,19.4,7.9,86.8,16.4,0.000,0.000,0.00,0.000,9.7,17.2,2.4,291,15,10.8,18.3,2.6,295,11,10.8,18.3,2.6,295,11,0,28.56,0.3,0,0,0,41.4,45.3,47.5,0.54,0.38,0.40
DUAN,2019-11-08 06:25:00 EST,42.80319,-74.17361,1369,19.7,19.5,7.2,85.3,16.0,0.000,0.000,0.00,0.000,11.1,16.7,2.8,287,16,12.3,18.8,3.0,295,11,12.3,18.8,3.0,295,11,0,28.57,0.3,0,0,0,41.4,45.3,47.5,0.54,0.38,0.40
DUAN,2019-11-08 06:30:00 EST,42.80319,-74.17361,1369,19.7,19.4,7.1,85.3,16.0,0.000,0.000,0.00,0.000,10.8,17.8,2.7,294,16,12.2,18.9,2.8,299,13,12.2,18.9,2.8,299,13,1,28.57,0.3,0,0,0,41.4,45.3,47.4,0.55,0.38,0.40
DUAN,2019-11-08 06:35:00 EST,42.80319,-74.17361,1369,19.6,19.3,7.2,85.5,16.0,0.000,0.000,0.00,0.000,10.8,18.6,3.1,290,15,12.1,19.5,3.2,295,9,12.1,19.5,3.2,295,9,2,28.57,0.3,0,0,0,41.4,45.3,47.5,0.54,0.38,0.40
DUAN,2019-11-08 06:40:00 EST,42.80319,-74.17361,1369,19.6,19.3,7.0,85.4,15.9,0.000,0.000,0.00,0.000,10.8,18.1,3.0,287,15,12.3,17.8,2.9,293,13,12.3,17.8,2.9,293,13,4,28.57,0.3,0,0,0,41.4,45.3,47.5,0.54,0.38,0.40
DUAN,2019-11-08 06:45:00 EST,42.80319,-74.17361,1369,19.6,19.3,7.6,85.0,15.8,0.000,0.000,0.00,0.000,10.2,16.1,2.7,294,13,11.2,18.2,2.8,299,10,11.2,18.2,2.8,299,10,7,28.57,0.3,0,0,0,41.3,45.3,47.4,0.54,0.38,0.40
DUAN,2019-11-08 06:50:00 EST,42.80319,-74.17361,1369,19.6,19.3,8.1,84.9,15.8,0.000,0.000,0.00,0.000,9.3,18.3,3.0,292,15,10.4,18.2,3.0,296,14,10.4,18.2,3.0,296,14,10,28.58,0.4,0,0,0,41.3,45.3,47.4,0.54,0.38,0.40
DUAN,2019-11-08 06:55:00 EST,42.80319,-74.17361,1369,19.6,19.3,6.8,85.1,15.8,0.000,0.000,0.00,0.000,11.6,22.1,4.0,289,13,12.6,22.5,4.1,295,10,12.6,22.5,4.1,295,10,12,28.58,0.4,0,0,0,41.3,45.3,47.4,0.55,0.38,0.40
DUAN,2019-11-08 07:00:00 EST,42.80319,-74.17361,1369,19.7,19.4,7.4,83.9,15.6,0.000,0.000,0.00,0.000,10.7,18.0,3.2,288,14,11.8,20.2,3.4,296,12,11.8,20.2,3.4,296,12,13,28.58,0.4,0,0,0,41.2,45.2,47.4,0.54,0.38,0.40
DUAN,2019-11-08 07:05:00 EST,42.80319,-74.17361,1369,19.6,19.3,7.7,84.9,15.8,0.000,0.000,0.00,0.000,10.3,16.0,2.1,292,14,11.1,18.0,2.3,299,10,11.1,18.0,2.3,299,10,15,28.58,0.4,0,0,0,41.2,45.3,47.4,0.54,0.38,0.40
DUAN,2019-11-08 07:10:00 EST,42.80319,-74.17361,1369,19.6,19.3,7.2,85.5,15.9,0.000,0.000,0.00,0.000,10.9,17.4,2.3,297,14,11.9,17.5,2.5,300,11,11.9,17.5,2.5,300,11,19,28.58,0.4,0,0,0,41.2,45.2,47.4,0.55,0.38,0.40
DUAN,2019-11-08 07:15:00 EST,42.80319,-74.17361,1369,19.6,19.3,7.3,85.7,16.0,0.000,0.000,0.00,0.000,10.6,17.2,3.2,293,15,11.7,18.8,3.2,298,12,11.7,18.8,3.2,298,12,21,28.59,0.4,0,0,0,41.2,45.1,47.4,0.55,0.38,0.40
DUAN,2019-11-08 07:20:00 EST,42.80319,-74.17361,1369,19.5,19.3,7.4,86.2,16.1,0.000,0.000,0.00,0.000,10.3,17.2,2.9,292,17,11.4,19.9,3.0,298,12,11.4,19.9,3.0,298,12,27,28.59,0.4,0,0,0,41.2,45.2,47.3,0.55,0.38,0.40
DUAN,2019-11-08 07:25:00 EST,42.80319,-74.17361,1369,19.6,19.3,7.6,86.0,16.1,0.000,0.000,0.00,0.000,9.9,17.0,3.3,291,14,11.3,19.1,3.3,297,10,11.3,19.1,3.3,297,10,38,28.59,0.4,0,0,0,41.1,45.2,47.3,0.55,0.38,0.40
DUAN,2019-11-08 07:30:00 EST,42.80319,-74.17361,1369,19.6,19.3,7.6,86.1,16.1,0.000,0.000,0.00,0.000,10.3,18.5,2.8,294,15,11.2,19.9,2.9,299,13,11.2,19.9,2.9,299,13,40,28.60,0.4,0,0,0,41.0,45.1,47.3,0.55,0.38,0.40
DUAN,2019-11-08 07:35:00 EST,42.80319,-74.17361,1369,19.6,19.3,6.8,86.0,16.1,0.000,0.000,0.00,0.000,11.7,21.0,3.5,293,14,12.8,21.4,3.3,299,12,12.8,21.4,3.3,299,12,31,28.60,0.4,0,0,0,41.0,45.2,47.3,0.55,0.38,0.40
DUAN,2019-11-08 07:40:00 EST,42.80319,-74.17361,1369,19.6,19.4,7.0,86.1,16.2,0.000,0.000,0.00,0.000,11.3,20.3,3.1,296,16,12.4,20.4,3.5,299,11,12.4,20.4,3.5,299,11,30,28.60,0.4,0,0,0,41.0,45.1,47.3,0.55,0.38,0.40
DUAN,2019-11-08 07:45:00 EST,42.80319,-74.17361,1369,19.7,19.4,7.1,85.9,16.1,0.000,0.000,0.00,0.000,11.3,18.8,2.8,293,19,12.4,20.5,3.2,299,14,12.4,20.5,3.2,299,14,37,28.61,0.4,0,0,0,41.0,45.1,47.3,0.55,0.38,0.40
DUAN,2019-11-08 07:50:00 EST,42.80319,-74.17361,1369,19.7,19.4,6.6,85.5,16.0,0.000,0.000,0.00,0.000,12.1,17.8,3.4,293,17,13.2,20.2,3.4,297,13,13.2,20.2,3.4,297,13,43,28.61,0.4,0,0,0,41.0,45.1,47.3,0.54,0.38,0.40
DUAN,2019-11-08 07:55:00 EST,42.80319,-74.17361,1369,19.7,19.4,6.8,85.3,16.0,0.000,0.000,0.00,0.000,11.6,19.3,3.1,295,20,13.0,21.7,3.3,302,16,13.0,21.7,3.3,302,16,95,28.61,0.4,0,0,0,41.0,45.1,47.3,0.55,0.38,0.40
DUAN,2019-11-08 08:00:00 EST,42.80319,-74.17361,1369,19.8,19.4,6.3,85.4,16.1,0.000,0.000,0.00,0.000,12.9,22.1,4.3,296,16,14.2,23.4,4.5,302,14,14.2,23.4,4.5,302,14,125,28.61,0.4,0,0,0,41.0,45.1,47.3,0.54,0.38,0.40
DUAN,2019-11-08 08:05:00 EST,42.80319,-74.17361,1369,19.8,19.5,6.6,84.8,16.0,0.000,0.000,0.00,0.000,12.2,23.7,4.2,302,19,13.6,23.9,4.2,305,14,13.6,23.9,4.2,305,14,120,28.61,0.5,0,0,0,41.0,45.1,47.3,0.54,0.38,0.40
DUAN,2019-11-08 08:10:00 EST,42.80319,-74.17361,1369,19.8,19.5,6.2,83.8,15.7,0.000,0.000,0.00,0.000,13.5,24.7,3.9,299,16,14.4,25.5,3.9,304,12,14.4,25.5,3.9,304,12,136,28.62,0.5,0,0,0,41.0,45.1,47.3,0.55,0.38,0.40
DUAN,2019-11-08 08:15:00 EST,42.80319,-74.17361,1369,20.0,19.6,7.0,85.1,16.2,0.000,0.000,0.00,0.000,12.5,19.4,3.3,303,15,13.3,20.2,3.3,307,12,13.3,20.2,3.3,307,12,141,28.62,0.5,0,0,0,40.9,45.1,47.3,0.54,0.38,0.40
DUAN,2019-11-08 08:20:00 EST,42.80319,-74.17361,1369,19.9,19.5,6.6,83.8,15.7,0.000,0.000,0.00,0.000,12.8,20.6,3.7,299,15,13.9,22.0,3.7,304,11,13.9,22.0,3.7,304,11,122,28.62,0.5,0,0,0,40.8,45.1,47.3,0.54,0.38,0.40
DUAN,2019-11-08 08:25:00 EST,42.80319,-74.17361,1369,20.0,19.6,7.3,84.5,16.1,0.000,0.000,0.00,0.000,11.9,20.0,3.4,302,15,12.8,22.4,3.3,307,11,12.8,22.4,3.3,307,11,131,28.62,0.5,0,0,0,40.8,45.1,47.3,0.54,0.38,0.40
DUAN,2019-11-08 08:30:00 EST,42.80319,-74.17361,1369,20.1,19.6,7.2,84.8,16.2,0.000,0.000,0.00,0.000,12.0,19.6,2.8,309,15,13.1,20.6,2.8,313,12,13.1,20.6,2.8,313,12,162,28.63,0.5,0,0,0,40.8,45.1,47.3,0.54,0.38,0.40
DUAN,2019-11-08 08:35:00 EST,42.80319,-74.17361,1369,20.3,19.8,8.1,84.5,16.4,0.000,0.000,0.00,0.000,11.0,17.2,2.7,313,15,12.1,18.7,2.9,317,13,12.1,18.7,2.9,317,13,101,28.63,0.5,0,0,0,40.8,45.1,47.3,0.54,0.38,0.40
DUAN,2019-11-08 08:40:00 EST,42.80319,-74.17361,1369,20.4,19.9,8.5,84.0,16.4,0.000,0.000,0.00,0.000,10.5,16.6,2.5,308,16,11.6,17.0,2.6,316,13,11.6,17.0,2.6,316,13,82,28.63,0.5,0,0,0,40.8,45.1,47.3,0.54,0.38,0.40
DUAN,2019-11-08 08:45:00 EST,42.80319,-74.17361,1369,20.5,20.0,9.6,84.0,16.5,0.000,0.000,0.00,0.000,8.7,15.9,3.0,304,18,9.9,18.8,2.9,308,16,9.9,18.8,2.9,308,16,78,28.63,0.5,0,0,0,40.8,45.1,47.3,0.54,0.38,0.40
DUAN,2019-11-08 08:50:00 EST,42.80319,-74.17361,1369,20.8,20.2,9.8,84.4,16.9,0.000,0.000,0.00,0.000,9.0,12.8,1.9,318,16,10.1,14.7,2.1,323,13,10.1,14.7,2.1,323,13,85,28.64,0.5,0,0,0,40.8,45.1,47.3,0.54,0.38,0.40
DUAN,2019-11-08 08:55:00 EST,42.80319,-74.17361,1369,20.9,20.2,8.6,83.1,16.6,0.000,0.000,0.00,0.000,11.6,18.8,3.5,319,15,12.5,20.2,3.7,324,13,12.5,20.2,3.7,324,13,132,28.64,0.5,0,0,0,40.8,45.1,47.3,0.55,0.38,0.40
DUAN,2019-11-08 09:00:00 EST,42.80319,-74.17361,1369,20.9,20.2,9.6,82.0,16.2,0.000,0.000,0.00,0.000,9.5,16.2,2.8,308,17,10.5,18.0,3.0,314,15,10.5,18.0,3.0,314,15,171,28.64,0.5,0,0,0,40.8,45.1,47.3,0.54,0.38,0.40
DUAN,2019-11-08 09:05:00 EST,42.80319,-74.17361,1369,21.1,20.4,11.4,83.6,16.9,0.000,0.000,0.00,0.000,7.4,12.1,2.1,309,14,8.2,14.3,2.2,315,14,8.2,14.3,2.2,315,14,148,28.64,0.5,0,0,0,40.8,45.1,47.3,0.54,0.38,0.40
DUAN,2019-11-08 09:10:00 EST,42.80319,-74.17361,1369,21.3,20.6,10.2,82.3,16.8,0.000,0.000,0.00,0.000,9.7,15.4,2.7,295,19,10.5,16.5,2.9,301,16,10.5,16.5,2.9,301,16,122,28.64,0.4,0,0,0,40.7,45.1,47.3,0.54,0.38,0.40
DUAN,2019-11-08 09:15:00 EST,42.80319,-74.17361,1369,21.4,20.7,10.3,82.2,16.8,0.000,0.000,0.00,0.000,9.4,15.9,2.2,298,17,10.5,18.5,2.6,303,14,10.5,18.5,2.6,303,14,122,28.64,0.5,0,0,0,40.6,45.0,47.3,0.54,0.38,0.40
DUAN,2019-11-08 09:20:00 EST,42.80319,-74.17361,1369,21.6,20.9,11.0,82.7,17.1,0.000,0.000,0.00,0.000,8.7,15.3,3.1,299,17,9.7,16.4,3.0,304,16,9.7,16.4,3.0,304,16,122,28.64,0.5,0,0,0,40.6,45.0,47.3,0.54,0.38,0.40
DUAN,2019-11-08 09:25:00 EST,42.80319,-74.17361,1369,21.8,21.0,10.8,82.6,17.3,0.000,0.000,0.00,0.000,9.4,15.0,3.2,310,20,10.4,18.8,3.4,314,17,10.4,18.8,3.4,314,17,142,28.64,0.5,0,0,0,40.6,45.0,47.3,0.54,0.38,0.40
DUAN,2019-11-08 09:30:00 EST,42.80319,-74.17361,1369,21.9,21.1,10.5,81.8,17.2,0.000,0.000,0.00,0.000,10.1,19.9,3.5,302,17,11.1,21.8,3.4,309,15,11.1,21.8,3.4,309,15,144,28.64,0.5,0,0,0,40.6,45.0,47.3,0.54,0.38,0.40
DUAN,2019-11-08 09:35:00 EST,42.80319,-74.17361,1369,21.6,20.9,8.9,79.9,16.4,0.000,0.000,0.00,0.000,12.4,19.9,3.4,304,17,13.6,20.8,3.5,309,14,13.6,20.8,3.5,309,14,112,28.64,0.6,0,0,0,40.6,45.0,47.3,0.54,0.38,0.40
DUAN,2019-11-08 09:40:00 EST,42.80319,-74.17361,1369,21.8,21.1,10.0,80.9,16.9,0.000,0.000,0.00,0.000,10.7,20.5,3.5,303,16,12.0,21.0,3.6,306,14,12.0,21.0,3.6,306,14,98,28.64,0.5,0,0,0,40.6,45.0,47.3,0.54,0.38,0.40
DUAN,2019-11-08 09:45:00 EST,42.80319,-74.17361,1369,22.2,21.4,10.2,81.0,17.3,0.000,0.000,0.00,0.000,11.3,17.5,3.4,302,18,12.5,18.8,3.4,306,15,12.5,18.8,3.4,306,15,109,28.64,0.5,0,0,0,40.6,45.0,47.3,0.54,0.38,0.40
DUAN,2019-11-08 09:50:00 EST,42.80319,-74.17361,1369,22.4,21.7,10.3,79.2,17.0,0.000,0.000,0.00,0.000,11.6,19.6,3.9,297,15,12.8,19.8,3.8,302,12,12.8,19.8,3.8,302,12,142,28.64,0.6,0,0,0,40.6,45.0,47.3,0.54,0.38,0.40
DUAN,2019-11-08 09:55:00 EST,42.80319,-74.17361,1369,22.8,21.9,11.4,80.2,17.6,0.000,0.000,0.00,0.000,10.4,20.0,3.8,304,15,11.6,21.9,3.8,308,14,11.6,21.9,3.8,308,14,187,28.64,0.6,0,0,0,40.6,45.0,47.3,0.54,0.38,0.40
DUAN,2019-11-08 10:00:00 EST,42.80319,-74.17361,1369,22.9,22.2,12.0,80.3,17.8,0.000,0.000,0.00,0.000,9.7,14.9,2.6,296,18,10.8,18.0,2.7,301,14,10.8,18.0,2.7,301,14,225,28.64,0.6,0,0,0,40.6,45.0,47.3,0.54,0.38,0.40
DUAN,2019-11-08 10:05:00 EST,42.80319,-74.17361,1369,23.1,22.2,12.0,79.9,17.8,0.000,0.000,0.00,0.000,10.0,17.6,3.6,305,14,11.2,18.6,3.7,311,14,11.2,18.6,3.7,311,14,186,28.64,0.6,0,0,0,40.6,45.0,47.3,0.54,0.38,0.40
DUAN,2019-11-08 10:10:00 EST,42.80319,-74.17361,1369,23.2,22.3,11.9,79.7,17.8,0.000,0.000,0.00,0.000,10.3,17.6,3.1,303,19,11.5,18.5,3.2,308,16,11.5,18.5,3.2,308,16,183,28.65,0.5,0,0,0,40.6,45.0,47.3,0.54,0.38,0.40
DUAN,2019-11-08 10:15:00 EST,42.80319,-74.17361,1369,23.2,22.3,11.7,78.0,17.3,0.000,0.000,0.00,0.000,11.1,16.4,2.9,312,16,11.9,18.4,2.8,319,15,11.9,18.4,2.8,319,15,181,28.65,0.5,0,0,0,40.6,45.0,47.3,0.54,0.38,0.40
DUAN,2019-11-08 10:20:00 EST,42.80319,-74.17361,1369,23.2,22.5,11.6,77.6,17.2,0.000,0.000,0.00,0.000,11.0,16.9,2.9,297,16,12.1,19.2,2.9,303,13,12.1,19.2,2.9,303,13,215,28.65,0.5,0,0,0,40.5,45.0,47.3,0.54,0.38,0.40
DUAN,2019-11-08 10:25:00 EST,42.80319,-74.17361,1369,23.5,22.7,11.2,76.5,17.2,0.000,0.000,0.00,0.000,13.2,19.3,3.0,324,13,14.1,22.8,3.4,330,12,14.1,22.8,3.4,330,12,259,28.65,0.5,0,0,0,40.5,45.0,47.3,0.54,0.38,0.40
DUAN,2019-11-08 10:30:00 EST,42.80319,-74.17361,1369,23.5,22.7,12.1,74.2,16.5,0.000,0.000,0.00,0.000,11.0,18.9,2.8,305,16,11.9,19.2,2.9,311,16,11.9,19.2,2.9,311,16,319,28.65,0.6,0,0,0,40.5,45.0,47.3,0.54,0.38,0.40
DUAN,2019-11-08 10:35:00 EST,42.80319,-74.17361,1369,23.7,23.0,12.8,74.4,16.8,0.000,0.000,0.00,0.000,10.3,15.3,2.4,304,16,11.2,16.7,2.6,310,13,11.2,16.7,2.6,310,13,205,28.65,0.5,0,0,0,40.5,45.0,47.3,0.54,0.38,0.40
DUAN,2019-11-08 10:40:00 EST,42.80319,-74.17361,1369,23.8,23.1,12.4,74.0,16.7,0.000,0.000,0.00,0.000,11.0,20.0,2.9,300,16,12.3,20.4,3.0,305,14,12.3,20.4,3.0,305,14,257,28.65,0.5,0,0,0,40.5,45.0,47.2,0.54,0.38,0.40
DUAN,2019-11-08 10:45:00 EST,42.80319,-74.17361,1369,24.2,23.4,12.4,73.8,17.0,0.000,0.000,0.00,0.000,12.0,20.5,3.4,302,20,13.1,23.4,3.4,309,17,13.1,23.4,3.4,309,17,442,28.65,0.6,0,0,0,40.5,44.9,47.2,0.54,0.38,0.40
DUAN,2019-11-08 10:50:00 EST,42.80319,-74.17361,1369,24.7,23.7,12.4,70.1,16.3,0.000,0.000,0.00,0.000,12.9,19.7,2.8,304,16,14.6,21.2,3.1,308,14,14.6,21.2,3.1,308,14,545,28.65,0.6,0,0,0,40.5,44.9,47.3,0.54,0.38,0.40
DUAN,2019-11-08 10:55:00 EST,42.80319,-74.17361,1369,24.9,24.0,13.5,72.0,17.2,0.000,0.000,0.00,0.000,11.1,19.0,3.0,296,25,12.8,19.6,3.3,299,22,12.8,19.6,3.3,299,22,315,28.65,0.5,0,0,0,40.5,44.9,47.3,0.54,0.38,0.40
DUAN,2019-11-08 11:00:00 EST,42.80319,-74.17361,1369,24.7,23.8,11.9,71.2,16.7,0.000,0.000,0.00,0.000,14.8,25.4,3.9,299,17,16.0,26.8,3.9,304,14,16.0,26.8,3.9,304,14,369,28.65,0.5,0,0,0,40.5,44.8,47.2,0.54,0.38,0.40
DUAN,2019-11-08 11:05:00 EST,42.80319,-74.17361,1369,24.8,23.8,12.5,70.6,16.6,0.000,0.000,0.00,0.000,13.4,21.4,3.3,310,15,14.6,22.7,3.6,317,14,14.6,22.7,3.6,317,14,409,28.65,0.5,0,0,0,40.5,44.9,47.2,0.54,0.38,0.40
DUAN,2019-11-08 11:10:00 EST,42.80319,-74.17361,1369,24.9,24.0,13.0,70.4,16.7,0.000,0.000,0.00,0.000,12.7,19.6,3.4,312,16,13.9,20.7,3.4,318,13,13.9,20.7,3.4,318,13,464,28.65,0.5,0,0,0,40.5,44.8,47.2,0.54,0.38,0.40
DUAN,2019-11-08 11:15:00 EST,42.80319,-74.17361,1369,25.6,24.5,14.9,69.4,16.9,0.000,0.000,0.00,0.000,10.4,17.7,2.8,314,18,11.5,20.2,3.0,317,16,11.5,20.2,3.0,317,16,557,28.64,0.5,0,0,0,40.5,44.8,47.2,0.54,0.38,0.40
DUAN,2019-11-08 11:20:00 EST,42.80319,-74.17361,1369,25.5,24.2,14.0,70.8,17.3,0.000,0.000,0.00,0.000,12.2,20.2,3.1,319,14,13.1,20.0,2.9,323,13,13.1,20.0,2.9,323,13,325,28.64,0.4,0,0,0,40.5,44.8,47.2,0.54,0.38,0.40
DUAN,2019-11-08 11:25:00 EST,42.80319,-74.17361,1369,24.3,23.4,12.4,75.0,17.5,0.000,0.000,0.00,0.000,12.1,21.8,3.3,305,19,13.4,20.8,3.0,309,18,13.4,20.8,3.0,309,18,163,28.65,0.6,0,0,0,40.5,44.8,47.1,0.54,0.38,0.40
DUAN,2019-11-08 11:30:00 EST,42.80319,-74.17361,1369,24.5,23.5,12.5,75.5,17.8,0.000,0.000,0.00,0.000,12.5,22.9,4.4,297,17,13.7,24.4,4.5,300,13,13.7,24.4,4.5,300,13,359,28.65,0.5,0,0,0,40.5,44.8,47.1,0.54,0.38,0.40
DUAN,2019-11-08 11:35:00 EST,42.80319,-74.17361,1369,24.9,24.0,14.0,72.4,17.3,0.000,0.000,0.00,0.000,10.5,18.5,3.3,299,17,11.9,19.4,3.2,304,14,11.9,19.4,3.2,304,14,542,28.65,0.5,0,0,0,40.5,44.8,47.1,0.54,0.38,0.40
DUAN,2019-11-08 11:40:00 EST,42.80319,-74.17361,1369,25.3,24.3,14.5,71.3,17.3,0.000,0.000,0.00,0.000,10.5,18.8,2.7,304,17,11.7,20.1,2.8,310,17,11.7,20.1,2.8,310,17,396,28.64,0.5,0,0,0,40.5,44.8,47.1,0.54,0.38,0.40
DUAN,2019-11-08 11:45:00 EST,42.80319,-74.17361,1369,25.0,24.3,13.8,69.6,16.5,0.000,0.000,0.00,0.000,11.7,19.0,3.2,305,16,12.5,19.7,3.2,310,15,12.5,19.7,3.2,310,15,158,28.64,0.5,0,0,0,40.5,44.8,47.1,0.54,0.38,0.40
DUAN,2019-11-08 11:50:00 EST,42.80319,-74.17361,1369,25.0,24.2,14.5,70.2,16.7,0.000,0.000,0.00,0.000,9.9,16.2,2.6,311,15,11.0,17.1,2.9,315,14,11.0,17.1,2.9,315,14,429,28.64,0.5,0,0,0,40.5,44.8,47.1,0.54,0.38,0.40
DUAN,2019-11-08 11:55:00 EST,42.80319,-74.17361,1369,25.1,24.3,13.6,71.0,17.0,0.000,0.000,0.00,0.000,11.9,16.7,2.6,296,18,13.0,19.1,2.8,301,15,13.0,19.1,2.8,301,15,188,28.64,0.5,0,0,0,40.5,44.8,47.1,0.54,0.38,0.40
DUAN,2019-11-08 12:00:00 EST,42.80319,-74.17361,1369,24.9,24.2,13.5,70.8,16.8,0.000,0.000,0.00,0.000,11.4,17.5,3.0,285,18,12.9,19.1,3.2,292,14,12.9,19.1,3.2,292,14,203,28.64,0.5,0,0,0,40.5,44.8,47.1,0.54,0.38,0.40
DUAN,2019-11-08 12:05:00 EST,42.80319,-74.17361,1369,24.3,23.7,12.2,73.5,17.1,0.000,0.000,0.00,0.000,12.7,19.1,3.5,294,16,13.9,23.6,3.9,299,13,13.9,23.6,3.9,299,13,134,28.64,0.5,0,0,0,40.5,44.8,47.1,0.54,0.38,0.40
DUAN,2019-11-08 12:10:00 EST,42.80319,-74.17361,1369,24.3,23.7,11.4,71.8,16.5,0.000,0.000,0.00,0.000,14.5,22.2,3.5,292,17,15.9,25.3,3.7,296,15,15.9,25.3,3.7,296,15,138,28.64,0.5,0,0,0,40.5,44.8,47.1,0.54,0.38,0.40
DUAN,2019-11-08 12:15:00 EST,42.80319,-74.17361,1369,24.2,23.6,11.8,73.8,17.0,0.000,0.000,0.00,0.000,13.3,21.6,3.9,316,17,14.5,23.4,4.1,320,13,14.5,23.4,4.1,320,13,99,28.64,0.5,0,0,0,40.5,44.8,47.1,0.54,0.38,0.40
DUAN,2019-11-08 12:20:00 EST,42.80319,-74.17361,1369,24.6,23.9,14.2,74.1,17.6,0.000,0.000,0.00,0.000,9.7,15.7,2.8,307,19,10.6,18.2,3.1,313,16,10.6,18.2,3.1,313,16,252,28.64,0.5,0,0,0,40.5,44.8,47.1,0.54,0.38,0.40
DUAN,2019-11-08 12:25:00 EST,42.80319,-74.17361,1369,24.8,24.1,13.7,70.3,16.5,0.000,0.000,0.00,0.000,10.8,17.4,3.0,309,15,11.9,18.8,3.2,314,13,11.9,18.8,3.2,314,13,214,28.64,0.5,0,0,0,40.4,44.8,47.1,0.54,0.38,0.40
DUAN,2019-11-08 12:30:00 EST,42.80319,-74.17361,1369,25.1,24.4,14.5,71.2,17.0,0.000,0.000,0.00,0.000,10.4,18.6,3.0,312,17,11.1,20.0,2.9,318,16,11.1,20.0,2.9,318,16,211,28.63,0.5,0,0,0,40.4,44.8,47.1,0.54,0.38,0.40
DUAN,2019-11-08 12:35:00 EST,42.80319,-74.17361,1369,25.4,24.8,13.4,64.5,15.1,0.000,0.000,0.00,0.000,13.2,20.2,3.4,297,13,14.4,24.1,3.6,301,12,14.4,24.1,3.6,301,12,394,28.64,0.5,0,0,0,40.5,44.8,47.1,0.54,0.38,0.40
DUAN,2019-11-08 12:40:00 EST,42.80319,-74.17361,1369,25.9,25.1,14.0,60.2,14.0,0.000,0.000,0.00,0.000,13.2,20.6,3.5,298,17,14.3,22.6,3.6,304,14,14.3,22.6,3.6,304,14,486,28.64,0.5,0,0,0,40.4,44.8,47.1,0.54,0.38,0.40
DUAN,2019-11-08 12:45:00 EST,42.80319,-74.17361,1369,25.7,24.9,13.3,63.7,15.1,0.000,0.000,0.00,0.000,14.1,21.9,3.4,294,20,15.5,24.8,3.5,300,15,15.5,24.8,3.5,300,15,378,28.64,0.5,0,0,0,40.4,44.7,47.1,0.54,0.38,0.40
DUAN,2019-11-08 12:50:00 EST,42.80319,-74.17361,1369,25.9,24.9,13.8,68.2,16.8,0.000,0.000,0.00,0.000,13.4,22.1,4.1,290,19,14.9,24.7,4.4,295,16,14.9,24.7,4.4,295,16,470,28.64,0.5,0,0,0,40.4,44.7,47.1,0.54,0.38,0.40
DUAN,2019-11-08 12:55:00 EST,42.80319,-74.17361,1369,25.5,24.6,13.1,68.6,16.6,0.000,0.000,0.00,0.000,14.3,24.8,4.0,291,16,15.4,25.9,4.1,296,12,15.4,25.9,4.1,296,12,457,28.64,0.5,0,0,0,40.4,44.8,47.1,0.54,0.38,0.40
DUAN,2019-11-08 13:00:00 EST,42.80319,-74.17361,1369,25.6,24.7,13.7,68.5,16.6,0.000,0.000,0.00,0.000,13.1,21.8,4.1,309,16,14.1,23.3,4.0,314,14,14.1,23.3,4.0,314,14,327,28.64,0.5,0,0,0,40.4,44.6,47.1,0.54,0.38,0.40
DUAN,2019-11-08 13:05:00 EST,42.80319,-74.17361,1369,25.4,24.7,13.0,67.0,16.0,0.000,0.000,0.00,0.000,14.4,24.0,4.0,305,19,15.4,26.1,4.1,310,16,15.4,26.1,4.1,310,16,272,28.64,0.5,0,0,0,40.4,44.6,47.1,0.54,0.38,0.40
DUAN,2019-11-08 13:10:00 EST,42.80319,-74.17361,1369,25.3,24.7,14.3,65.8,15.5,0.000,0.000,0.00,0.000,11.2,19.4,3.3,303,17,12.2,20.1,3.1,306,15,12.2,20.1,3.1,306,15,165,28.64,0.5,0,0,0,40.4,44.6,47.1,0.54,0.38,0.40
DUAN,2019-11-08 13:15:00 EST,42.80319,-74.17361,1369,25.1,24.5,13.0,65.9,15.3,0.000,0.000,0.00,0.000,13.5,19.9,3.0,305,14,14.5,21.8,3.4,310,12,14.5,21.8,3.4,310,12,129,28.64,0.4,0,0,0,40.3,44.6,47.1,0.54,0.38,0.40
DUAN,2019-11-08 13:20:00 EST,42.80319,-74.17361,1369,25.1,24.5,13.9,67.2,15.7,0.000,0.000,0.00,0.000,11.3,22.1,3.6,311,18,12.3,21.2,3.7,316,16,12.3,21.2,3.7,316,16,128,28.64,0.5,0,0,0,40.3,44.6,47.1,0.54,0.38,0.40
DUAN,2019-11-08 13:25:00 EST,42.80319,-74.17361,1369,24.8,24.3,12.3,66.6,15.3,0.000,0.000,0.00,0.000,14.0,21.4,3.3,310,18,15.3,24.7,3.6,317,16,15.3,24.7,3.6,317,16,91,28.64,0.5,0,0,0,40.3,44.6,47.1,0.54,0.38,0.40
DUAN,2019-11-08 13:30:00 EST,42.80319,-74.17361,1369,24.7,24.1,12.8,68.9,15.9,0.000,0.000,0.00,0.000,12.7,21.2,3.6,322,12,13.6,23.0,4.0,329,11,13.6,23.0,4.0,329,11,186,28.64,0.5,0,0,0,40.3,44.6,47.1,0.54,0.38,0.40
DUAN,2019-11-08 13:35:00 EST,42.80319,-74.17361,1369,24.6,24.0,12.1,68.3,15.7,0.000,0.000,0.00,0.000,14.5,22.6,3.6,324,12,15.0,23.0,3.8,330,10,15.0,23.0,3.8,330,10,82,28.64,0.4,0,0,0,40.3,44.6,47.1,0.54,0.38,0.40
DUAN,2019-11-08 13:40:00 EST,42.80319,-74.17361,1369,24.3,23.8,12.0,68.0,15.2,0.000,0.000,0.00,0.000,12.9,22.6,3.7,320,17,14.2,24.5,3.7,325,15,14.2,24.5,3.7,325,15,55,28.64,0.5,0,0,0,40.3,44.6,47.1,0.54,0.38,0.40
DUAN,2019-11-08 13:45:00 EST,42.80319,-74.17361,1369,24.3,23.9,12.2,64.8,14.1,0.000,0.000,0.00,0.000,12.6,22.7,3.7,304,19,13.8,25.1,3.9,307,15,13.8,25.1,3.9,307,15,150,28.64,0.5,0,0,0,40.3,44.6,47.1,0.54,0.38,0.40
DUAN,2019-11-08 13:50:00 EST,42.80319,-74.17361,1369,24.3,23.9,12.0,64.3,14.0,0.000,0.000,0.00,0.000,13.5,20.0,3.3,314,15,14.4,22.2,3.1,322,12,14.4,22.2,3.1,322,12,86,28.64,0.5,0,0,0,40.3,44.6,47.1,0.54,0.38,0.40
DUAN,2019-11-08 13:55:00 EST,42.80319,-74.17361,1369,24.6,24.2,13.3,64.6,14.4,0.000,0.000,0.00,0.000,10.9,17.7,2.8,308,17,12.3,20.1,3.1,315,14,12.3,20.1,3.1,315,14,279,28.64,0.5,0,0,0,40.3,44.6,47.1,0.54,0.38,0.40
DUAN,2019-11-08 14:00:00 EST,42.80319,-74.17361,1369,25.6,24.9,13.6,60.5,13.8,0.000,0.000,0.00,0.000,13.5,23.4,3.8,304,16,14.6,23.9,3.8,312,14,14.6,23.9,3.8,312,14,439,28.64,0.5,0,0,0,40.3,44.6,47.1,0.54,0.38,0.40
DUAN,2019-11-08 14:05:00 EST,42.80319,-74.17361,1369,26.0,25.3,14.7,58.1,13.3,0.000,0.000,0.00,0.000,12.1,20.6,3.2,302,18,13.3,21.7,3.4,306,14,13.3,21.7,3.4,306,14,447,28.64,0.4,0,0,0,40.3,44.6,47.1,0.54,0.38,0.40
DUAN,2019-11-08 14:10:00 EST,42.80319,-74.17361,1369,26.1,25.4,14.8,57.5,13.1,0.000,0.000,0.00,0.000,12.0,23.2,4.3,298,19,13.1,25.4,4.5,304,15,13.1,25.4,4.5,304,15,421,28.64,0.5,0,0,0,40.3,44.6,47.1,0.54,0.38,0.40
DUAN,2019-11-08 14:15:00 EST,42.80319,-74.17361,1369,26.4,25.6,15.3,57.8,13.6,0.000,0.000,0.00,0.000,11.7,22.4,3.1,301,16,12.9,24.3,3.3,307,13,12.9,24.3,3.3,307,13,431,28.64,0.5,0,0,0,40.3,44.6,47.1,0.54,0.38,0.40
DUAN,2019-11-08 14:20:00 EST,42.80319,-74.17361,1369,26.4,25.5,14.4,57.1,13.2,0.000,0.000,0.00,0.000,13.9,22.3,3.8,305,16,15.0,24.9,4.0,309,14,15.0,24.9,4.0,309,14,409,28.65,0.4,0,0,0,40.3,44.6,47.1,0.54,0.38,0.40
DUAN,2019-11-08 14:25:00 EST,42.80319,-74.17361,1369,26.5,25.7,15.2,57.4,13.5,0.000,0.000,0.00,0.000,12.0,23.4,3.8,298,18,13.3,25.0,4.1,303,16,13.3,25.0,4.1,303,16,389,28.64,0.4,0,0,0,40.3,44.6,47.1,0.54,0.38,0.40
DUAN,2019-11-08 14:30:00 EST,42.80319,-74.17361,1369,26.7,25.9,16.3,57.9,13.8,0.000,0.000,0.00,0.000,10.5,18.6,3.5,299,16,11.7,21.1,3.5,305,15,11.7,21.1,3.5,305,15,347,28.65,0.5,0,0,0,40.3,44.6,47.1,0.54,0.38,0.40
DUAN,2019-11-08 14:35:00 EST,42.80319,-74.17361,1369,26.7,25.8,15.0,55.5,12.8,0.000,0.000,0.00,0.000,13.1,23.2,4.2,292,19,14.4,24.6,4.3,297,16,14.4,24.6,4.3,297,16,355,28.65,0.4,0,0,0,40.3,44.6,47.1,0.54,0.38,0.40
DUAN,2019-11-08 14:40:00 EST,42.80319,-74.17361,1369,26.4,25.8,14.1,54.8,12.3,0.000,0.000,0.00,0.000,14.3,23.7,4.1,313,15,15.7,25.8,4.2,319,14,15.7,25.8,4.2,319,14,306,28.65,0.4,0,0,0,40.3,44.6,47.0,0.54,0.38,0.40
DUAN,2019-11-08 14:45:00 EST,42.80319,-74.17361,1369,26.2,25.7,14.8,55.9,12.6,0.000,0.000,0.00,0.000,12.3,21.7,3.5,301,18,13.6,23.4,3.5,306,16,13.6,23.4,3.5,306,16,186,28.65,0.4,0,0,0,40.3,44.6,47.0,0.54,0.38,0.40
DUAN,2019-11-08 14:50:00 EST,42.80319,-74.17361,1369,25.8,25.3,13.4,53.3,11.1,0.000,0.000,0.00,0.000,14.6,23.1,3.9,298,18,15.7,27.0,3.8,305,16,15.7,27.0,3.8,305,16,154,28.65,0.4,0,0,0,40.3,44.6,47.0,0.54,0.38,0.40
DUAN,2019-11-08 14:55:00 EST,42.80319,-74.17361,1369,25.6,25.2,13.6,54.5,11.5,0.000,0.000,0.00,0.000,13.6,21.8,3.2,298,17,14.5,23.0,3.4,303,14,14.5,23.0,3.4,303,14,180,28.65,0.4,0,0,0,40.3,44.6,46.9,0.54,0.38,0.40
DUAN,2019-11-08 15:00:00 EST,42.80319,-74.17361,1369,25.5,25.1,13.9,54.1,11.2,0.000,0.000,0.00,0.000,12.7,20.2,3.9,298,15,13.5,22.8,4.0,303,12,13.5,22.8,4.0,303,12,106,28.65,0.4,0,0,0,40.3,44.6,47.0,0.54,0.38,0.40
DUAN,2019-11-08 15:05:00 EST,42.80319,-74.17361,1369,25.5,25.1,13.4,55.1,11.6,0.000,0.000,0.00,0.000,13.2,21.4,3.9,302,16,14.4,21.4,3.7,308,13,14.4,21.4,3.7,308,13,82,28.66,0.4,0,0,0,40.3,44.6,46.9,0.54,0.38,0.40
DUAN,2019-11-08 15:10:00 EST,42.80319,-74.17361,1369,25.2,24.9,13.5,54.9,11.3,0.000,0.000,0.00,0.000,12.7,21.8,3.5,301,15,13.6,21.9,3.5,307,12,13.6,21.9,3.5,307,12,67,28.66,0.4,0,0,0,40.3,44.5,46.9,0.54,0.38,0.40
DUAN,2019-11-08 15:15:00 EST,42.80319,-74.17361,1369,25.0,24.8,13.2,55.2,11.2,0.000,0.000,0.00,0.000,12.6,19.7,3.2,304,16,13.7,21.8,3.5,309,14,13.7,21.8,3.5,309,14,57,28.66,0.4,0,0,0,40.3,44.4,46.9,0.54,0.38,0.40
DUAN,2019-11-08 15:20:00 EST,42.80319,-74.17361,1369,24.9,24.7,13.4,55.7,11.3,0.000,0.000,0.00,0.000,12.0,20.3,3.4,307,15,13.1,23.4,3.5,314,13,13.1,23.4,3.5,314,13,99,28.66,0.5,0,0,0,40.3,44.4,46.9,0.54,0.38,0.40
DUAN,2019-11-08 15:25:00 EST,42.80319,-74.17361,1369,25.3,25.1,13.3,56.3,12.0,0.000,0.000,0.00,0.000,13.6,20.9,3.5,312,14,14.5,24.0,3.7,319,13,14.5,24.0,3.7,319,13,191,28.66,0.5,0,0,0,40.3,44.4,46.9,0.54,0.38,0.40
DUAN,2019-11-08 15:30:00 EST,42.80319,-74.17361,1369,25.6,25.3,14.5,56.4,12.2,0.000,0.000,0.00,0.000,11.3,18.0,2.7,311,17,12.6,21.1,2.9,316,13,12.6,21.1,2.9,316,13,180,28.66,0.5,0,0,0,40.3,44.4,46.9,0.54,0.38,0.40
DUAN,2019-11-08 15:35:00 EST,42.80319,-74.17361,1369,25.6,25.3,13.2,54.7,11.5,0.000,0.000,0.00,0.000,14.3,22.4,3.6,301,15,15.4,22.3,3.6,307,15,15.4,22.3,3.6,307,15,112,28.66,0.4,0,0,0,40.3,44.4,46.9,0.54,0.38,0.40
DUAN,2019-11-08 15:40:00 EST,42.80319,-74.17361,1369,25.3,25.1,13.2,53.5,10.8,0.000,0.000,0.00,0.000,13.6,23.3,3.8,299,14,14.6,23.4,3.9,307,12,14.6,23.4,3.9,307,12,107,28.66,0.5,0,0,0,40.3,44.4,46.9,0.54,0.38,0.40
DUAN,2019-11-08 15:45:00 EST,42.80319,-74.17361,1369,25.2,25.0,13.4,54.9,11.2,0.000,0.000,0.00,0.000,12.9,20.6,3.2,297,17,13.9,21.0,3.2,303,15,13.9,21.0,3.2,303,15,73,28.66,0.4,0,0,0,40.2,44.4,46.9,0.54,0.38,0.40
DUAN,2019-11-08 15:50:00 EST,42.80319,-74.17361,1369,25.1,24.9,13.7,55.1,11.2,0.000,0.000,0.00,0.000,11.8,18.9,3.3,296,16,12.8,18.9,3.4,302,13,12.8,18.9,3.4,302,13,66,28.66,0.5,0,0,0,40.1,44.4,46.9,0.54,0.38,0.40
DUAN,2019-11-08 15:55:00 EST,42.80319,-74.17361,1369,25.1,24.9,14.0,55.7,11.5,0.000,0.000,0.00,0.000,11.3,17.9,2.6,304,19,12.1,20.9,3.0,308,16,12.1,20.9,3.0,308,16,65,28.67,0.4,0,0,0,40.1,44.4,46.9,0.54,0.38,0.40
DUAN,2019-11-08 16:00:00 EST,42.80319,-74.17361,1369,25.1,24.9,14.8,58.6,12.6,0.000,0.000,0.00,0.000,9.5,16.0,2.6,310,17,10.6,17.6,2.9,315,14,10.6,17.6,2.9,315,14,72,28.67,0.5,0,0,0,40.1,44.4,46.9,0.54,0.38,0.40
DUAN,2019-11-08 16:05:00 EST,42.80319,-74.17361,1369,25.2,24.9,14.7,56.5,11.9,0.000,0.000,0.00,0.000,9.9,18.4,3.3,304,15,11.0,19.6,3.2,309,12,11.0,19.6,3.2,309,12,56,28.67,0.5,0,0,0,40.1,44.4,46.9,0.54,0.38,0.40
DUAN,2019-11-08 16:10:00 EST,42.80319,-74.17361,1369,25.0,24.9,14.1,56.5,11.8,0.000,0.000,0.00,0.000,11.0,19.9,2.9,301,16,11.9,21.1,3.1,308,14,11.9,21.1,3.1,308,14,38,28.67,0.5,0,0,0,40.1,44.4,46.9,0.54,0.38,0.40
DUAN,2019-11-08 16:15:00 EST,42.80319,-74.17361,1369,24.8,24.7,16.0,59.8,12.8,0.000,0.000,0.00,0.000,7.1,13.2,2.2,309,19,8.1,14.3,2.3,317,16,8.1,14.3,2.3,317,16,26,28.68,0.5,0,0,0,40.1,44.4,46.9,0.54,0.38,0.40
DUAN,2019-11-08 16:20:00 EST,42.80319,-74.17361,1369,24.7,24.6,15.7,59.8,12.7,0.000,0.000,0.00,0.000,7.4,12.8,2.2,312,13,8.3,14.0,2.1,318,10,8.3,14.0,2.1,318,10,17,28.68,0.4,0,0,0,40.1,44.4,46.9,0.54,0.38,0.40
DUAN,2019-11-08 16:25:00 EST,42.80319,-74.17361,1369,24.4,24.5,14.3,60.1,12.5,0.000,0.000,0.00,0.000,9.2,17.5,3.4,314,16,10.0,18.6,3.7,320,15,10.0,18.6,3.7,320,15,14,28.68,0.5,0,0,0,40.1,44.4,46.9,0.54,0.38,0.40
DUAN,2019-11-08 16:30:00 EST,42.80319,-74.17361,1369,24.4,24.4,14.6,58.8,12.0,0.000,0.000,0.00,0.000,8.4,16.0,3.3,314,13,9.5,18.7,3.3,320,11,9.5,18.7,3.3,320,11,12,28.68,0.5,0,0,0,40.1,44.4,46.9,0.54,0.38,0.40
DUAN,2019-11-08 16:35:00 EST,42.80319,-74.17361,1369,24.0,24.1,14.3,59.7,12.1,0.000,0.000,0.00,0.000,8.3,14.2,2.9,318,17,9.3,16.2,2.7,323,11,9.3,16.2,2.7,323,11,9,28.68,0.5,0,0,0,40.1,44.4,46.9,0.54,0.38,0.40
DUAN,2019-11-08 16:40:00 EST,42.80319,-74.17361,1369,23.9,24.1,13.7,60.0,12.0,0.000,0.000,0.00,0.000,9.2,14.8,2.4,315,17,10.1,15.7,2.4,323,14,10.1,15.7,2.4,323,14,7,28.68,0.5,0,0,0,40.1,44.4,46.9,0.54,0.38,0.40
DUAN,2019-11-08 16:45:00 EST,42.80319,-74.17361,1369,23.8,23.9,13.2,60.7,12.2,0.000,0.000,0.00,0.000,9.6,17.9,3.0,314,15,10.7,19.9,2.9,319,13,10.7,19.9,2.9,319,13,5,28.68,0.5,0,0,0,40.1,44.4,46.9,0.54,0.38,0.40
DUAN,2019-11-08 16:50:00 EST,42.80319,-74.17361,1369,23.7,23.8,13.0,60.0,11.9,0.000,0.000,0.00,0.000,10.1,18.1,2.8,308,16,10.8,19.3,2.8,314,14,10.8,19.3,2.8,314,14,3,28.69,0.5,0,0,0,40.0,44.4,46.9,0.54,0.38,0.40
DUAN,2019-11-08 16:55:00 EST,42.80319,-74.17361,1369,23.7,23.7,12.7,60.1,11.8,0.000,0.000,0.00,0.000,10.2,18.2,3.2,308,15,11.2,20.3,3.3,316,15,11.2,20.3,3.3,316,15,1,28.69,0.5,0,0,0,39.9,44.4,46.9,0.54,0.38,0.40
DUAN,2019-11-08 17:00:00 EST,42.80319,-74.17361,1369,23.7,23.7,12.0,59.0,11.4,0.000,0.000,0.00,0.000,11.5,21.4,3.4,306,14,12.5,22.1,3.6,312,13,12.5,22.1,3.6,312,13,0,28.69,0.5,0,0,0,39.9,44.4,46.9,0.54,0.38,0.40
DUAN,2019-11-08 17:05:00 EST,42.80319,-74.17361,1369,23.5,23.5,12.3,59.5,11.5,0.000,0.000,0.00,0.000,10.5,18.5,2.8,304,12,11.6,18.4,2.8,310,11,11.6,18.4,2.8,310,11,0,28.69,0.5,0,0,0,39.9,44.4,46.9,0.54,0.38,0.40
DUAN,2019-11-08 17:10:00 EST,42.80319,-74.17361,1369,23.5,23.5,11.4,59.7,11.5,0.000,0.000,0.00,0.000,12.3,18.4,3.0,301,14,13.3,21.0,3.2,308,11,13.3,21.0,3.2,308,11,0,28.69,0.5,0,0,0,39.9,44.4,46.9,0.54,0.38,0.40
DUAN,2019-11-08 17:15:00 EST,42.80319,-74.17361,1369,23.4,23.3,12.1,60.2,11.6,0.000,0.000,0.00,0.000,10.9,18.3,3.0,303,15,11.7,18.8,3.2,307,13,11.7,18.8,3.2,307,13,0,28.69,0.5,0,0,0,39.9,44.3,46.9,0.54,0.38,0.40
DUAN,2019-11-08 17:20:00 EST,42.80319,-74.17361,1369,23.3,23.3,11.7,61.7,12.1,0.000,0.000,0.00,0.000,11.0,16.7,2.6,309,14,12.2,19.9,3.0,315,11,12.2,19.9,3.0,315,11,0,28.69,0.5,0,0,0,39.9,44.3,46.9,0.54,0.38,0.40
DUAN,2019-11-08 17:25:00 EST,42.80319,-74.17361,1369,23.2,23.2,12.7,62.3,12.2,0.000,0.000,0.00,0.000,9.0,15.0,2.4,308,15,10.1,16.8,2.5,314,13,10.1,16.8,2.5,314,13,0,28.70,0.5,0,0,0,39.9,44.3,46.9,0.54,0.38,0.40
DUAN,2019-11-08 17:30:00 EST,42.80319,-74.17361,1369,23.1,23.1,12.2,62.6,12.2,0.000,0.000,0.00,0.000,9.6,16.8,2.5,307,16,10.8,18.6,2.6,311,13,10.8,18.6,2.6,311,13,0,28.70,0.6,0,0,0,39.9,44.2,46.9,0.54,0.38,0.40
DUAN,2019-11-08 17:35:00 EST,42.80319,-74.17361,1369,23.1,23.1,12.7,62.8,12.3,0.000,0.000,0.00,0.000,9.2,14.5,2.5,313,16,10.0,16.0,2.7,316,14,10.0,16.0,2.7,316,14,0,28.70,0.5,0,0,0,39.9,44.2,46.9,0.54,0.38,0.40
DUAN,2019-11-08 17:40:00 EST,42.80319,-74.17361,1369,23.0,23.1,12.1,63.4,12.4,0.000,0.000,0.00,0.000,10.0,14.4,2.3,306,14,10.8,16.7,2.5,313,13,10.8,16.7,2.5,313,13,0,28.71,0.6,0,0,0,39.9,44.1,46.9,0.54,0.38,0.40
DUAN,2019-11-08 17:45:00 EST,42.80319,-74.17361,1369,22.9,23.0,12.5,63.3,12.3,0.000,0.000,0.00,0.000,9.2,14.7,2.5,309,15,10.0,15.7,2.5,315,12,10.0,15.7,2.5,315,12,0,28.71,0.6,0,0,0,39.9,44.1,46.9,0.54,0.38,0.40
DUAN,2019-11-08 17:50:00 EST,42.80319,-74.17361,1369,22.8,22.8,12.5,64.5,12.6,0.000,0.000,0.00,0.000,8.8,15.5,2.3,302,13,9.6,16.3,2.3,308,11,9.6,16.3,2.3,308,11,0,28.71,0.5,0,0,0,39.8,44.1,46.9,0.54,0.38,0.40
DUAN,2019-11-08 17:55:00 EST,42.80319,-74.17361,1369,22.7,22.7,11.8,64.1,12.4,0.000,0.000,0.00,0.000,10.0,14.8,2.5,299,13,10.5,16.7,2.6,305,9,10.5,16.7,2.6,305,9,0,28.72,0.5,0,0,0,39.8,44.1,46.8,0.54,0.38,0.40
DUAN,2019-11-08 18:00:00 EST,42.80319,-74.17361,1369,22.6,22.6,11.0,64.6,12.5,0.000,0.000,0.00,0.000,10.8,16.7,2.6,296,14,11.9,17.5,2.6,302,10,11.9,17.5,2.6,302,10,0,28.72,0.5,0,0,0,39.8,44.1,46.8,0.54,0.38,0.40
DUAN,2019-11-08 18:05:00 EST,42.80319,-74.17361,1369,22.5,22.5,11.1,65.2,12.6,0.000,0.000,0.00,0.000,10.9,18.3,2.6,297,13,11.6,17.9,2.7,303,12,11.6,17.9,2.7,303,12,0,28.72,0.6,0,0,0,39.8,44.1,46.8,0.54,0.38,0.40
DUAN,2019-11-08 18:10:00 EST,42.80319,-74.17361,1369,22.5,22.4,10.6,65.1,12.6,0.000,0.000,0.00,0.000,11.4,16.5,2.7,303,12,12.4,19.6,2.7,306,11,12.4,19.6,2.7,306,11,0,28.72,0.6,0,0,0,39.7,44.1,46.8,0.54,0.38,0.40
DUAN,2019-11-08 18:15:00 EST,42.80319,-74.17361,1369,22.4,22.4,11.5,65.0,12.5,0.000,0.000,0.00,0.000,9.9,17.3,3.0,303,15,10.6,19.5,3.2,310,12,10.6,19.5,3.2,310,12,0,28.72,0.6,0,0,0,39.7,44.1,46.8,0.54,0.38,0.40
DUAN,2019-11-08 18:20:00 EST,42.80319,-74.17361,1369,22.5,22.4,11.1,65.1,12.5,0.000,0.000,0.00,0.000,10.5,18.0,3.6,307,15,11.4,18.3,3.6,311,14,11.4,18.3,3.6,311,14,0,28.72,0.6,0,0,0,39.7,44.1,46.8,0.54,0.38,0.40
DUAN,2019-11-08 18:25:00 EST,42.80319,-74.17361,1369,22.4,22.4,12.5,65.6,12.6,0.000,0.000,0.00,0.000,8.2,12.7,1.9,317,15,9.0,13.5,1.9,324,12,9.0,13.5,1.9,324,12,0,28.73,0.6,0,0,0,39.7,44.1,46.8,0.54,0.38,0.40
DUAN,2019-11-08 18:30:00 EST,42.80319,-74.17361,1369,22.3,22.3,12.4,66.6,12.8,0.000,0.000,0.00,0.000,8.1,13.8,2.0,319,13,8.9,12.6,1.8,324,13,8.9,12.6,1.8,324,13,0,28.73,0.6,0,0,0,39.7,44.1,46.8,0.54,0.38,0.40
DUAN,2019-11-08 18:35:00 EST,42.80319,-74.17361,1369,22.1,22.2,12.8,66.5,12.7,0.000,0.000,0.00,0.000,7.2,12.6,1.9,314,12,8.1,14.4,2.2,322,10,8.1,14.4,2.2,322,10,0,28.73,0.6,0,0,0,39.7,44.1,46.8,0.54,0.38,0.40
DUAN,2019-11-08 18:40:00 EST,42.80319,-74.17361,1369,22.0,22.1,12.9,66.3,12.5,0.000,0.000,0.00,0.000,6.9,12.0,1.7,309,14,7.7,11.1,1.7,316,13,7.7,11.1,1.7,316,13,0,28.73,0.6,0,0,0,39.7,44.1,46.8,0.55,0.38,0.40
DUAN,2019-11-08 18:45:00 EST,42.80319,-74.17361,1369,22.0,22.2,11.0,66.4,12.5,0.000,0.000,0.00,0.000,9.6,17.0,2.8,304,17,10.5,17.8,2.9,309,13,10.5,17.8,2.9,309,13,0,28.73,0.6,0,0,0,39.7,44.1,46.8,0.55,0.38,0.40
DUAN,2019-11-08 18:50:00 EST,42.80319,-74.17361,1369,22.2,22.2,11.2,65.0,12.2,0.000,0.000,0.00,0.000,9.8,16.8,2.4,306,13,10.6,17.1,2.4,312,11,10.6,17.1,2.4,312,11,0,28.73,0.6,0,0,0,39.6,44.1,46.8,0.54,0.38,0.40
DUAN,2019-11-08 18:55:00 EST,42.80319,-74.17361,1369,22.2,22.1,10.4,64.8,12.1,0.000,0.000,0.00,0.000,11.3,16.1,2.5,302,13,12.0,18.2,2.8,308,12,12.0,18.2,2.8,308,12,0,28.73,0.6,0,0,0,39.6,44.1,46.8,0.54,0.38,0.40
DUAN,2019-11-08 19:00:00 EST,42.80319,-74.17361,1369,22.0,22.0,10.5,65.9,12.4,0.000,0.000,0.00,0.000,10.5,15.6,2.8,306,13,11.4,18.1,2.8,310,12,11.4,18.1,2.8,310,12,0,28.74,0.6,0,0,0,39.6,44.1,46.8,0.54,0.38,0.40
DUAN,2019-11-08 19:05:00 EST,42.80319,-74.17361,1369,21.9,21.9,10.6,66.4,12.4,0.000,0.000,0.00,0.000,10.1,16.4,2.5,307,14,11.1,17.2,2.7,312,12,11.1,17.2,2.7,312,12,0,28.74,0.6,0,0,0,39.6,44.1,46.8,0.54,0.38,0.40
DUAN,2019-11-08 19:10:00 EST,42.80319,-74.17361,1369,21.7,21.7,11.0,67.7,12.7,0.000,0.000,0.00,0.000,8.9,14.8,2.1,310,15,10.0,15.6,2.3,316,11,10.0,15.6,2.3,316,11,0,28.74,0.6,0,0,0,39.6,44.0,46.8,0.54,0.38,0.40
DUAN,2019-11-08 19:15:00 EST,42.80319,-74.17361,1369,21.7,21.6,10.9,67.6,12.6,0.000,0.000,0.00,0.000,9.1,14.2,2.2,311,15,10.1,15.7,2.6,318,11,10.1,15.7,2.6,318,11,0,28.74,0.6,0,0,0,39.6,44.1,46.8,0.55,0.38,0.40
DUAN,2019-11-08 19:20:00 EST,42.80319,-74.17361,1369,21.6,21.6,10.3,67.7,12.6,0.000,0.000,0.00,0.000,9.8,14.3,2.4,315,11,11.0,16.1,2.5,320,9,11.0,16.1,2.5,320,9,0,28.74,0.7,0,0,0,39.6,44.0,46.8,0.54,0.38,0.40
DUAN,2019-11-08 19:25:00 EST,42.80319,-74.17361,1369,21.5,21.5,10.5,68.8,12.9,0.000,0.000,0.00,0.000,9.2,13.3,2.0,313,14,10.4,15.0,2.1,319,12,10.4,15.0,2.1,319,12,0,28.74,0.7,0,0,0,39.6,43.9,46.8,0.54,0.38,0.40
DUAN,2019-11-08 19:30:00 EST,42.80319,-74.17361,1369,21.5,21.5,10.0,68.7,12.8,0.000,0.000,0.00,0.000,10.5,16.8,2.7,308,17,11.4,17.8,2.7,315,12,11.4,17.8,2.7,315,12,0,28.74,0.7,0,0,0,39.6,44.0,46.8,0.54,0.38,0.40
DUAN,2019-11-08 19:35:00 EST,42.80319,-74.17361,1369,21.5,21.4,10.3,69.8,13.1,0.000,0.000,0.00,0.000,9.3,16.9,2.5,309,12,10.6,18.0,2.4,315,11,10.6,18.0,2.4,315,11,0,28.74,0.7,0,0,0,39.6,44.0,46.8,0.54,0.38,0.40
DUAN,2019-11-08 19:40:00 EST,42.80319,-74.17361,1369,21.4,21.3,10.3,69.2,12.9,0.000,0.000,0.00,0.000,9.2,15.6,2.5,307,14,10.4,18.2,2.6,312,13,10.4,18.2,2.6,312,13,0,28.74,0.6,0,0,0,39.6,43.9,46.8,0.54,0.38,0.40
DUAN,2019-11-08 19:45:00 EST,42.80319,-74.17361,1369,21.4,21.3,9.7,70.1,13.1,0.000,0.000,0.00,0.000,10.3,16.3,2.2,309,16,11.4,17.9,2.5,315,12,11.4,17.9,2.5,315,12,0,28.74,0.7,0,0,0,39.6,44.0,46.8,0.55,0.38,0.40
DUAN,2019-11-08 19:50:00 EST,42.80319,-74.17361,1369,21.3,21.3,10.0,70.9,13.3,0.000,0.000,0.00,0.000,9.5,16.0,2.1,307,14,10.7,17.5,2.5,313,13,10.7,17.5,2.5,313,13,0,28.74,0.6,0,0,0,39.6,43.9,46.8,0.54,0.38,0.40
DUAN,2019-11-08 19:55:00 EST,42.80319,-74.17361,1369,21.2,21.1,9.7,71.5,13.4,0.000,0.000,0.00,0.000,9.9,15.8,2.6,307,14,11.0,17.3,2.5,314,11,11.0,17.3,2.5,314,11,0,28.74,0.7,0,0,0,39.5,43.9,46.8,0.54,0.38,0.40
DUAN,2019-11-08 20:00:00 EST,42.80319,-74.17361,1369,21.2,21.1,9.4,71.6,13.4,0.000,0.000,0.00,0.000,10.3,15.4,2.0,306,16,11.5,17.4,2.3,312,13,11.5,17.4,2.3,312,13,0,28.74,0.7,0,0,0,39.4,43.9,46.8,0.54,0.38,0.40
DUAN,2019-11-08 20:05:00 EST,42.80319,-74.17361,1369,21.0,21.0,10.9,73.0,13.7,0.000,0.000,0.00,0.000,7.5,14.0,2.1,309,18,8.8,14.8,2.3,314,13,8.8,14.8,2.3,314,13,0,28.75,0.7,0,0,0,39.4,43.9,46.8,0.55,0.38,0.40
DUAN,2019-11-08 20:10:00 EST,42.80319,-74.17361,1369,21.0,20.9,10.3,73.3,13.8,0.000,0.000,0.00,0.000,8.9,14.5,2.6,310,15,9.6,17.3,2.8,316,13,9.6,17.3,2.8,316,13,0,28.75,0.7,0,0,0,39.4,43.9,46.8,0.54,0.38,0.40
DUAN,2019-11-08 20:15:00 EST,42.80319,-74.17361,1369,21.1,20.9,10.2,73.4,13.9,0.000,0.000,0.00,0.000,9.1,15.3,2.7,313,15,10.1,16.1,2.8,319,12,10.1,16.1,2.8,319,12,0,28.75,0.7,0,0,0,39.4,43.9,46.8,0.54,0.38,0.40
DUAN,2019-11-08 20:20:00 EST,42.80319,-74.17361,1369,21.0,20.9,11.0,74.0,14.0,0.000,0.000,0.00,0.000,7.8,15.4,2.6,314,14,8.7,16.5,2.9,320,13,8.7,16.5,2.9,320,13,0,28.75,0.7,0,0,0,39.4,43.9,46.8,0.54,0.38,0.40
DUAN,2019-11-08 20:25:00 EST,42.80319,-74.17361,1369,20.9,20.8,10.8,73.8,13.9,0.000,0.000,0.00,0.000,8.0,12.6,2.0,318,12,8.7,15.3,2.2,325,12,8.7,15.3,2.2,325,12,0,28.75,0.7,0,0,0,39.4,43.9,46.8,0.54,0.38,0.40
DUAN,2019-11-08 20:30:00 EST,42.80319,-74.17361,1369,20.9,20.8,10.9,74.5,14.1,0.000,0.000,0.00,0.000,8.2,14.4,2.4,320,16,8.7,15.7,2.4,327,15,8.7,15.7,2.4,327,15,0,28.75,0.7,0,0,0,39.4,43.9,46.8,0.54,0.38,0.40
DUAN,2019-11-08 20:35:00 EST,42.80319,-74.17361,1369,21.0,20.9,10.5,74.6,14.2,0.000,0.000,0.00,0.000,8.4,12.2,1.7,321,13,9.3,13.7,2.0,327,10,9.3,13.7,2.0,327,10,0,28.75,0.7,0,0,0,39.4,43.9,46.8,0.54,0.38,0.40
DUAN,2019-11-08 20:40:00 EST,42.80319,-74.17361,1369,20.8,20.7,12.0,75.0,14.1,0.000,0.000,0.00,0.000,6.3,9.9,1.3,317,15,7.0,11.1,1.7,324,14,7.0,11.1,1.7,324,14,0,28.75,0.6,0,0,0,39.4,43.9,46.8,0.54,0.38,0.40
DUAN,2019-11-08 20:45:00 EST,42.80319,-74.17361,1369,20.6,20.6,11.4,76.0,14.3,0.000,0.000,0.00,0.000,6.5,12.6,2.1,313,13,7.5,12.4,2.0,321,12,7.5,12.4,2.0,321,12,0,28.75,0.7,0,0,0,39.4,43.9,46.8,0.54,0.38,0.40
DUAN,2019-11-08 20:50:00 EST,42.80319,-74.17361,1369,20.6,20.6,11.3,76.2,14.3,0.000,0.000,0.00,0.000,6.5,10.2,1.6,313,12,7.6,11.2,1.6,319,10,7.6,11.2,1.6,319,10,0,28.75,0.7,0,0,0,39.4,43.9,46.8,0.54,0.38,0.40
DUAN,2019-11-08 20:55:00 EST,42.80319,-74.17361,1369,20.5,20.5,11.8,76.1,14.2,0.000,0.000,0.00,0.000,5.9,10.0,1.3,309,15,6.8,11.1,1.6,316,10,6.8,11.1,1.6,316,10,0,28.76,0.7,0,0,0,39.3,43.9,46.8,0.54,0.38,0.40
DUAN,2019-11-08 21:00:00 EST,42.80319,-74.17361,1369,20.2,20.2,12.0,76.9,14.1,0.000,0.000,0.00,0.000,5.5,8.8,1.4,310,15,6.2,10.6,1.6,315,12,6.2,10.6,1.6,315,12,0,28.76,0.7,0,0,0,39.3,43.9,46.8,0.55,0.38,0.40
DUAN,2019-11-08 21:05:00 EST,42.80319,-74.17361,1369,20.2,20.2,11.0,76.7,14.1,0.000,0.000,0.00,0.000,6.6,11.5,1.8,309,14,7.4,12.6,1.8,316,12,7.4,12.6,1.8,316,12,0,28.76,0.7,0,0,0,39.2,43.9,46.8,0.54,0.38,0.40
DUAN,2019-11-08 21:10:00 EST,42.80319,-74.17361,1369,20.3,20.3,10.9,76.5,14.1,0.000,0.000,0.00,0.000,6.8,10.7,1.8,306,13,7.5,11.1,1.7,313,11,7.5,11.1,1.7,313,11,0,28.76,0.7,0,0,0,39.2,43.9,46.8,0.54,0.38,0.40
DUAN,2019-11-08 21:15:00 EST,42.80319,-74.17361,1369,20.1,20.1,11.2,76.5,13.9,0.000,0.000,0.00,0.000,6.3,9.3,1.4,303,13,7.0,10.1,1.3,309,11,7.0,10.1,1.3,309,11,0,28.76,0.7,0,0,0,39.2,43.9,46.8,0.55,0.38,0.40
DUAN,2019-11-08 21:20:00 EST,42.80319,-74.17361,1369,19.9,20.0,11.0,77.0,13.9,0.000,0.000,0.00,0.000,6.3,9.5,1.5,297,12,6.9,11.0,1.6,303,9,6.9,11.0,1.6,303,9,0,28.76,0.7,0,0,0,39.2,43.9,46.7,0.55,0.38,0.40
DUAN,2019-11-08 21:25:00 EST,42.80319,-74.17361,1369,19.8,19.9,10.9,77.6,14.0,0.000,0.000,0.00,0.000,6.4,10.2,1.5,295,12,7.0,10.4,1.5,301,10,7.0,10.4,1.5,301,10,0,28.76,0.7,0,0,0,39.2,43.9,46.7,0.54,0.38,0.40
DUAN,2019-11-08 21:30:00 EST,42.80319,-74.17361,1369,19.6,19.7,10.9,78.2,13.9,0.000,0.000,0.00,0.000,5.9,9.4,1.5,291,12,6.6,10.4,1.6,298,11,6.6,10.4,1.6,298,11,0,28.76,0.7,0,0,0,39.2,43.9,46.6,0.54,0.38,0.40
DUAN,2019-11-08 21:35:00 EST,42.80319,-74.17361,1369,19.5,19.6,10.1,78.4,13.9,0.000,0.000,0.00,0.000,6.8,10.2,1.6,287,13,7.4,12.2,1.6,293,10,7.4,12.2,1.6,293,10,0,28.76,0.7,0,0,0,39.2,43.8,46.7,0.55,0.38,0.40
DUAN,2019-11-08 21:40:00 EST,42.80319,-74.17361,1369,19.5,19.6,9.5,79.1,14.1,0.000,0.000,0.00,0.000,7.4,12.0,2.1,284,15,8.2,13.5,2.1,290,12,8.2,13.5,2.1,290,12,0,28.76,0.8,0,0,0,39.2,43.8,46.6,0.54,0.38,0.40
DUAN,2019-11-08 21:45:00 EST,42.80319,-74.17361,1369,19.9,19.8,10.1,78.5,14.3,0.000,0.000,0.00,0.000,7.0,11.6,1.9,283,17,8.0,13.2,2.1,288,12,8.0,13.2,2.1,288,12,0,28.76,0.7,0,0,0,39.2,43.8,46.6,0.54,0.38,0.40
DUAN,2019-11-08 21:50:00 EST,42.80319,-74.17361,1369,19.9,19.8,10.0,78.1,14.2,0.000,0.000,0.00,0.000,7.4,12.8,1.9,283,16,8.1,13.1,2.1,288,12,8.1,13.1,2.1,288,12,0,28.76,0.7,0,0,0,39.2,43.7,46.6,0.55,0.38,0.40
DUAN,2019-11-08 21:55:00 EST,42.80319,-74.17361,1369,19.8,19.7,10.4,78.3,14.1,0.000,0.000,0.00,0.000,6.6,10.7,1.6,279,15,7.4,10.8,1.7,286,12,7.4,10.8,1.7,286,12,0,28.76,0.7,0,0,0,39.2,43.7,46.6,0.54,0.38,0.40
DUAN,2019-11-08 22:00:00 EST,42.80319,-74.17361,1369,19.7,19.6,10.3,78.4,14.1,0.000,0.000,0.00,0.000,6.7,11.0,1.7,276,14,7.5,12.1,1.9,282,11,7.5,12.1,1.9,282,11,0,28.76,0.8,0,0,0,39.2,43.7,46.6,0.54,0.38,0.40
DUAN,2019-11-08 22:05:00 EST,42.80319,-74.17361,1369,19.7,19.6,10.1,77.8,13.9,0.000,0.000,0.00,0.000,6.9,10.7,1.8,282,14,7.6,12.3,2.0,286,11,7.6,12.3,2.0,286,11,0,28.76,0.8,0,0,0,39.2,43.7,46.6,0.54,0.38,0.40
DUAN,2019-11-08 22:10:00 EST,42.80319,-74.17361,1369,19.7,19.6,10.9,77.9,13.9,0.000,0.000,0.00,0.000,5.9,11.3,1.7,277,15,6.7,12.3,1.8,285,12,6.7,12.3,1.8,285,12,0,28.76,0.8,0,0,0,39.2,43.7,46.6,0.55,0.38,0.40
DUAN,2019-11-08 22:15:00 EST,42.80319,-74.17361,1369,19.7,19.6,10.4,79.3,14.3,0.000,0.000,0.00,0.000,6.4,13.0,2.1,279,17,7.3,15.0,2.5,285,14,7.3,15.0,2.5,285,14,0,28.76,0.8,0,0,0,39.2,43.7,46.6,0.55,0.38,0.40
DUAN,2019-11-08 22:20:00 EST,42.80319,-74.17361,1369,19.8,19.7,10.1,81.1,15.0,0.000,0.000,0.00,0.000,7.0,12.2,2.2,276,14,8.0,14.3,2.4,283,12,8.0,14.3,2.4,283,12,0,28.76,0.8,0,0,0,39.2,43.7,46.6,0.55,0.38,0.40
DUAN,2019-11-08 22:25:00 EST,42.80319,-74.17361,1369,19.8,19.7,10.4,82.0,15.1,0.000,0.000,0.00,0.000,6.6,11.4,1.7,275,12,7.4,12.5,2.0,281,11,7.4,12.5,2.0,281,11,0,28.76,0.8,0,0,0,39.2,43.7,46.6,0.55,0.38,0.40
DUAN,2019-11-08 22:30:00 EST,42.80319,-74.17361,1369,19.7,19.6,11.0,83.5,15.6,0.000,0.000,0.00,0.000,6.1,9.9,1.7,277,15,6.7,11.2,1.9,285,12,6.7,11.2,1.9,285,12,0,28.76,0.8,0,0,0,39.2,43.7,46.6,0.55,0.38,0.40
DUAN,2019-11-08 22:35:00 EST,42.80319,-74.17361,1369,19.5,19.4,11.0,84.1,15.5,0.000,0.000,0.00,0.000,5.6,8.2,1.4,274,18,6.3,10.5,1.6,281,14,6.3,10.5,1.6,281,14,0,28.77,0.8,0,0,0,39.2,43.7,46.6,0.54,0.38,0.40
DUAN,2019-11-08 22:40:00 EST,42.80319,-74.17361,1369,19.4,19.3,10.9,85.2,15.7,0.000,0.000,0.00,0.000,5.5,9.7,1.5,273,17,6.3,11.6,1.8,280,13,6.3,11.6,1.8,280,13,0,28.77,0.8,0,0,0,39.2,43.7,46.6,0.54,0.38,0.40
DUAN,2019-11-08 22:45:00 EST,42.80319,-74.17361,1369,19.5,19.4,9.8,86.1,16.1,0.000,0.000,0.00,0.000,6.9,12.2,2.4,273,16,7.9,15.4,2.6,280,12,7.9,15.4,2.6,280,12,0,28.77,0.8,0,0,0,39.2,43.7,46.6,0.54,0.38,0.40
DUAN,2019-11-08 22:50:00 EST,42.80319,-74.17361,1369,19.8,19.6,10.5,86.2,16.3,0.000,0.000,0.00,0.000,6.5,11.1,1.8,275,16,7.3,15.0,2.1,281,12,7.3,15.0,2.1,281,12,0,28.77,0.8,0,0,0,39.2,43.7,46.6,0.55,0.38,0.40
DUAN,2019-11-08 22:55:00 EST,42.80319,-74.17361,1369,19.8,19.7,9.5,85.8,16.2,0.000,0.000,0.00,0.000,7.8,13.0,2.0,278,15,8.7,15.1,2.2,285,13,8.7,15.1,2.2,285,13,0,28.77,0.8,0,0,0,39.1,43.7,46.6,0.54,0.38,0.40
DUAN,2019-11-08 23:00:00 EST,42.80319,-74.17361,1369,19.8,19.6,10.6,85.4,16.1,0.000,0.000,0.00,0.000,6.4,12.1,1.7,278,15,7.1,14.0,2.1,285,12,7.1,14.0,2.1,285,12,0,28.77,0.8,0,0,0,39.1,43.7,46.6,0.55,0.38,0.40
DUAN,2019-11-08 23:05:00 EST,42.80319,-74.17361,1369,19.8,19.6,10.0,86.0,16.3,0.000,0.000,0.00,0.000,7.2,12.5,2.0,278,13,8.0,13.3,2.1,285,12,8.0,13.3,2.1,285,12,0,28.77,0.8,0,0,0,39.0,43.7,46.6,0.54,0.38,0.40
DUAN,2019-11-08 23:10:00 EST,42.80319,-74.17361,1369,19.8,19.6,10.4,86.9,16.6,0.000,0.000,0.00,0.000,6.8,10.5,1.6,282,16,7.6,12.0,1.8,287,14,7.6,12.0,1.8,287,14,0,28.77,0.8,0,0,0,39.0,43.7,46.6,0.55,0.38,0.40
DUAN,2019-11-08 23:15:00 EST,42.80319,-74.17361,1369,20.1,19.8,9.4,87.4,16.9,0.000,0.000,0.00,0.000,8.3,13.5,2.3,278,14,9.2,14.8,2.6,284,11,9.2,14.8,2.6,284,11,0,28.77,0.8,0,0,0,39.0,43.7,46.6,0.55,0.38,0.40
DUAN,2019-11-08 23:20:00 EST,42.80319,-74.17361,1369,20.3,20.0,9.2,88.0,17.3,0.000,0.000,0.00,0.000,9.3,14.7,2.3,280,14,10.2,15.6,2.5,285,10,10.2,15.6,2.5,285,10,0,28.77,0.9,0,0,0,39.0,43.6,46.6,0.54,0.38,0.40
DUAN,2019-11-08 23:25:00 EST,42.80319,-74.17361,1369,20.4,20.1,9.4,88.0,17.4,0.000,0.000,0.00,0.000,9.0,13.7,2.0,277,14,10.0,15.5,2.2,283,13,10.0,15.5,2.2,283,13,0,28.77,0.9,0,0,0,39.0,43.7,46.6,0.54,0.38,0.40
DUAN,2019-11-08 23:30:00 EST,42.80319,-74.17361,1369,20.5,20.1,10.8,88.2,17.6,0.000,0.000,0.00,0.000,7.2,14.3,2.5,275,14,8.1,15.5,2.5,281,12,8.1,15.5,2.5,281,12,0,28.77,0.8,0,0,0,39.0,43.5,46.6,0.55,0.38,0.40
DUAN,2019-11-08 23:35:00 EST,42.80319,-74.17361,1369,20.5,20.2,10.4,88.6,17.7,0.000,0.000,0.00,0.000,7.7,13.2,1.9,280,17,8.7,15.4,2.3,285,13,8.7,15.4,2.3,285,13,0,28.77,0.9,0,0,0,39.0,43.5,46.6,0.54,0.38,0.40
DUAN,2019-11-08 23:40:00 EST,42.80319,-74.17361,1369,20.7,20.3,11.3,89.0,18.0,0.000,0.000,0.00,0.000,6.9,10.3,1.8,275,15,7.7,14.0,1.9,281,13,7.7,14.0,1.9,281,13,0,28.77,0.8,0,0,0,39.0,43.6,46.6,0.54,0.38,0.40
DUAN,2019-11-08 23:45:00 EST,42.80319,-74.17361,1369,20.8,20.4,12.2,89.2,18.1,0.000,0.000,0.00,0.000,5.8,10.0,1.9,270,21,6.7,11.2,2.0,278,19,6.7,11.2,2.0,278,19,0,28.77,0.8,0,0,0,39.0,43.5,46.6,0.54,0.38,0.40
DUAN,2019-11-08 23:50:00 EST,42.80319,-74.17361,1369,20.7,20.4,12.2,89.2,18.0,0.000,0.000,0.00,0.000,5.8,10.1,1.7,270,17,6.7,11.8,1.9,276,15,6.7,11.8,1.9,276,15,0,28.77,0.8,0,0,0,39.0,43.5,46.6,0.55,0.38,0.40
DUAN,2019-11-08 23:55:00 EST,42.80319,-74.17361,1369,20.6,20.4,11.3,89.1,17.9,0.000,0.000,0.00,0.000,6.5,11.5,1.9,265,14,7.5,13.8,2.2,271,11,7.5,13.8,2.2,271,11,0,28.77,0.8,0,0,0,39.0,43.5,46.6,0.54,0.38,0.40
EAUR,2019-11-08 00:00:00 EST,42.71349,-78.63173,1237,27.1,27.1,19.6,95.8,26.1,0.000,0.095,0.00,0.004,6.5,10.4,1.8,328,12,7.0,11.6,2.0,339,12,7.0,11.6,2.0,339,12,0,28.80,-0.0,0,0,0,41.0,44.9,48.7,0.60,0.51,0.41
EAUR,2019-11-08 00:05:00 EST,42.71349,-78.63173,1237,27.0,27.0,19.1,96.0,26.0,0.000,0.000,0.00,0.004,6.6,10.1,1.7,338,16,7.6,12.1,1.9,349,12,7.6,12.1,1.9,349,12,0,28.80,-0.0,0,0,0,41.0,44.9,48.7,0.61,0.51,0.41
EAUR,2019-11-08 00:10:00 EST,42.71349,-78.63173,1237,26.9,27.0,20.0,96.3,26.0,0.000,0.000,0.00,0.004,5.5,7.7,1.1,335,12,6.2,8.8,1.3,346,11,6.2,8.8,1.3,346,11,0,28.80,-0.0,0,0,0,41.0,44.9,48.7,0.61,0.51,0.41
EAUR,2019-11-08 00:15:00 EST,42.71349,-78.63173,1237,26.9,27.0,21.4,96.6,26.1,0.000,0.000,0.00,0.004,3.9,5.8,0.7,341,14,4.7,7.5,0.8,351,14,4.7,7.5,0.8,351,14,0,28.80,-0.0,0,0,0,41.0,44.9,48.7,0.60,0.51,0.41
EAUR,2019-11-08 00:20:00 EST,42.71349,-78.63173,1237,26.9,27.0,20.6,96.7,26.1,0.000,0.000,0.00,0.004,4.7,7.4,1.0,339,11,5.4,9.0,1.2,349,10,5.4,9.0,1.2,349,10,0,28.80,-0.0,0,0,0,41.0,44.9,48.7,0.61,0.51,0.41
EAUR,2019-11-08 00:25:00 EST,42.71349,-78.63173,1237,26.9,27.0,20.6,96.8,26.1,0.000,0.000,0.00,0.004,4.7,6.5,0.6,342,18,5.4,8.5,0.9,351,11,5.4,8.5,0.9,351,11,0,28.80,-0.0,0,0,0,41.0,44.9,48.7,0.60,0.51,0.41
EAUR,2019-11-08 00:30:00 EST,42.71349,-78.63173,1237,26.9,26.9,20.2,96.8,26.1,0.000,0.000,0.00,0.004,5.1,8.0,0.9,338,14,5.9,9.3,1.2,351,12,5.9,9.3,1.2,351,12,0,28.80,-0.0,0,0,0,41.0,44.9,48.6,0.61,0.51,0.41
EAUR,2019-11-08 00:35:00 EST,42.71349,-78.63173,1237,26.9,27.0,19.9,96.9,26.2,0.000,0.000,0.00,0.004,5.4,8.6,1.1,341,15,6.3,10.7,1.5,350,15,6.3,10.7,1.5,350,15,0,28.80,-0.0,0,0,0,41.0,44.9,48.6,0.61,0.51,0.41
EAUR,2019-11-08 00:40:00 EST,42.71349,-78.63173,1237,26.9,26.9,19.8,96.8,26.1,0.000,0.000,0.00,0.004,5.4,9.6,1.5,349,15,6.4,11.0,1.8,358,13,6.4,11.0,1.8,358,13,0,28.80,-0.0,0,0,0,41.0,44.8,48.6,0.61,0.51,0.41
EAUR,2019-11-08 00:45:00 EST,42.71349,-78.63173,1237,26.8,26.9,18.9,96.6,26.0,0.000,0.000,0.00,0.004,6.5,12.2,2.0,339,16,7.5,12.2,2.2,350,15,7.5,12.2,2.2,350,15,0,28.80,-0.0,0,0,0,41.0,44.8,48.6,0.61,0.51,0.41
EAUR,2019-11-08 00:50:00 EST,42.71349,-78.63173,1237,26.8,26.9,19.5,96.3,25.9,0.000,0.000,0.00,0.004,5.5,8.9,1.3,338,10,6.6,11.0,1.5,348,9,6.6,11.0,1.5,348,9,0,28.80,-0.0,0,0,0,41.0,44.8,48.6,0.61,0.51,0.41
EAUR,2019-11-08 00:55:00 EST,42.71349,-78.63173,1237,26.8,26.8,20.9,96.2,25.9,0.000,0.000,0.00,0.000,4.4,6.8,0.9,333,13,5.1,7.5,1.1,343,13,5.1,7.5,1.1,343,13,0,28.81,-0.0,0,0,0,41.0,44.9,48.6,0.61,0.51,0.41
EAUR,2019-11-08 01:00:00 EST,42.71349,-78.63173,1237,26.8,26.8,20.5,96.3,25.9,0.000,0.000,0.00,0.000,4.8,7.5,1.0,336,18,5.5,8.2,1.1,345,14,5.5,8.2,1.1,345,14,0,28.81,-0.0,0,0,0,41.0,44.8,48.6,0.61,0.51,0.41
EAUR,2019-11-08 01:05:00 EST,42.71349,-78.63173,1237,26.8,26.8,21.3,96.3,25.9,0.000,0.000,0.00,0.000,3.9,5.7,0.7,342,20,4.7,7.0,0.8,352,16,4.7,7.0,0.8,352,16,0,28.81,-0.0,0,0,0,41.0,44.8,48.6,0.61,0.51,0.41
EAUR,2019-11-08 01:10:00 EST,42.71349,-78.63173,1237,26.7,26.8,22.1,96.4,25.8,0.000,0.000,0.00,0.000,3.3,6.1,1.1,332,19,3.9,6.9,1.2,341,18,3.9,6.9,1.2,341,18,0,28.81,-0.0,0,0,0,41.0,44.9,48.6,0.61,0.51,0.41
EAUR,2019-11-08 01:15:00 EST,42.71349,-78.63173,1237,26.7,26.8,20.4,96.2,25.8,0.000,0.000,0.00,0.000,4.9,8.8,1.4,337,21,5.5,9.3,1.4,347,21,5.5,9.3,1.4,347,21,0,28.81,-0.0,0,0,0,40.9,44.9,48.6,0.61,0.51,0.41
EAUR,2019-11-08 01:20:00 EST,42.71349,-78.63173,1237,26.8,26.9,21.2,95.6,25.7,0.000,0.000,0.00,0.000,4.1,6.0,0.8,335,16,4.7,6.8,0.9,345,17,4.7,6.8,0.9,345,17,0,28.81,-0.0,0,0,0,40.8,44.8,48.6,0.61,0.51,0.41
EAUR,2019-11-08 01:25:00 EST,42.71349,-78.63173,1237,26.8,26.8,19.6,95.2,25.6,0.000,0.000,0.00,0.000,5.6,8.0,1.2,328,17,6.5,9.5,1.2,340,16,6.5,9.5,1.2,340,16,0,28.81,-0.0,0,0,0,40.8,44.7,48.6,0.61,0.51,0.41
EAUR,2019-11-08 01:30:00 EST,42.71349,-78.63173,1237,26.7,26.8,19.7,94.8,25.4,0.000,0.000,0.00,0.000,5.3,8.7,1.3,337,15,6.2,9.4,1.4,347,11,6.2,9.4,1.4,347,11,0,28.81,-0.0,0,0,0,40.8,44.8,48.6,0.61,0.51,0.41
EAUR,2019-11-08 01:35:00 EST,42.71349,-78.63173,1237,26.7,26.7,20.1,94.7,25.4,0.000,0.000,0.00,0.000,4.9,7.7,1.6,338,15,5.8,9.4,1.6,349,12,5.8,9.4,1.6,349,12,0,28.81,-0.0,0,0,0,40.8,44.7,48.6,0.61,0.51,0.41
EAUR,2019-11-08 01:40:00 EST,42.71349,-78.63173,1237,26.7,26.7,19.8,94.6,25.3,0.000,0.000,0.00,0.000,5.2,6.6,0.7,333,9,6.1,7.9,0.9,344,9,6.1,7.9,0.9,344,9,0,28.81,-0.0,0,0,0,40.8,44.8,48.6,0.61,0.51,0.41
EAUR,2019-11-08 01:45:00 EST,42.71349,-78.63173,1237,26.6,26.7,19.8,94.3,25.2,0.000,0.000,0.00,0.000,5.4,8.3,1.2,331,11,6.1,10.5,1.5,341,11,6.1,10.5,1.5,341,11,0,28.81,-0.0,0,0,0,40.8,44.9,48.6,0.61,0.51,0.41
EAUR,2019-11-08 01:50:00 EST,42.71349,-78.63173,1237,26.5,26.7,20.9,94.2,25.1,0.000,0.000,0.00,0.000,3.9,6.2,0.8,339,9,4.8,7.9,1.1,349,8,4.8,7.9,1.1,349,8,0,28.82,-0.0,0,0,0,40.8,44.8,48.6,0.61,0.51,0.41
EAUR,2019-11-08 01:55:00 EST,42.71349,-78.63173,1237,26.5,26.6,21.9,94.4,25.1,0.000,0.000,0.00,0.000,3.5,5.7,0.9,326,14,3.9,6.3,1.1,335,15,3.9,6.3,1.1,335,15,0,28.82,-0.1,0,0,0,40.8,44.8,48.6,0.61,0.51,0.41
EAUR,2019-11-08 02:00:00 EST,42.71349,-78.63173,1237,26.5,26.6,21.2,94.6,25.1,0.000,0.000,0.00,0.000,4.1,6.4,0.9,317,11,4.4,7.4,0.9,327,12,4.4,7.4,0.9,327,12,0,28.82,-0.0,0,0,0,40.8,44.8,48.6,0.61,0.51,0.41
EAUR,2019-11-08 02:05:00 EST,42.71349,-78.63173,1237,26.5,26.7,21.2,94.5,25.2,0.000,0.000,0.00,0.000,4.2,6.8,1.0,318,13,4.5,6.9,1.0,328,13,4.5,6.9,1.0,328,13,0,28.82,-0.0,0,0,0,40.8,44.7,48.6,0.61,0.51,0.41
EAUR,2019-11-08 02:10:00 EST,42.71349,-78.63173,1237,26.6,26.7,22.2,94.4,25.2,0.000,0.000,0.00,0.000,3.5,6.0,0.9,306,12,3.7,6.0,1.0,315,13,3.7,6.0,1.0,315,13,0,28.82,-0.0,0,0,0,40.8,44.7,48.6,0.61,0.51,0.41
EAUR,2019-11-08 02:15:00 EST,42.71349,-78.63173,1237,26.5,26.6,20.8,94.3,25.1,0.000,0.000,0.00,0.000,4.5,6.9,0.9,308,11,4.8,7.7,0.9,315,12,4.8,7.7,0.9,315,12,0,28.82,-0.1,0,0,0,40.8,44.7,48.6,0.61,0.51,0.41
EAUR,2019-11-08 02:20:00 EST,42.71349,-78.63173,1237,26.4,26.5,21.5,94.2,25.0,0.000,0.000,0.00,0.000,4.0,5.6,0.7,318,13,4.1,6.1,0.8,328,12,4.1,6.1,0.8,328,12,0,28.82,-0.0,0,0,0,40.8,44.8,48.6,0.61,0.51,0.41
EAUR,2019-11-08 02:25:00 EST,42.71349,-78.63173,1237,26.3,26.5,20.5,93.9,24.8,0.000,0.000,0.00,0.000,4.6,7.5,1.1,322,11,4.9,8.5,1.3,332,11,4.9,8.5,1.3,332,11,0,28.82,-0.0,0,0,0,40.8,44.6,48.6,0.61,0.51,0.41
EAUR,2019-11-08 02:30:00 EST,42.71349,-78.63173,1237,26.2,26.4,20.5,93.6,24.6,0.000,0.000,0.00,0.000,4.2,6.7,1.0,328,12,4.8,6.8,1.0,338,12,4.8,6.8,1.0,338,12,0,28.82,-0.1,0,0,0,40.8,44.7,48.6,0.61,0.51,0.41
EAUR,2019-11-08 02:35:00 EST,42.71349,-78.63173,1237,26.1,26.3,21.6,93.7,24.5,0.000,0.000,0.00,0.000,3.3,4.5,0.5,322,12,3.7,5.9,0.7,331,12,3.7,5.9,0.7,331,12,0,28.82,-0.0,0,0,0,40.8,44.7,48.6,0.61,0.51,0.41
EAUR,2019-11-08 02:40:00 EST,42.71349,-78.63173,1237,26.1,26.3,21.6,93.8,24.5,0.000,0.000,0.00,0.000,3.4,4.6,0.5,324,12,3.7,5.6,0.6,334,13,3.7,5.6,0.6,334,13,0,28.82,-0.1,0,0,0,40.7,44.6,48.6,0.61,0.51,0.41
EAUR,2019-11-08 02:45:00 EST,42.71349,-78.63173,1237,25.9,26.2,25.9,93.4,24.3,0.000,0.000,0.00,0.000,2.8,4.4,0.5,313,15,2.9,5.1,0.7,324,16,2.9,5.1,0.7,324,16,0,28.82,-0.1,0,0,0,40.7,44.7,48.6,0.61,0.51,0.41
EAUR,2019-11-08 02:50:00 EST,42.71349,-78.63173,1237,25.8,26.1,25.8,93.2,24.1,0.000,0.000,0.00,0.000,2.2,3.9,0.5,318,12,2.4,4.4,0.7,328,12,2.4,4.4,0.7,328,12,0,28.82,-0.1,0,0,0,40.6,44.7,48.6,0.61,0.51,0.41
EAUR,2019-11-08 02:55:00 EST,42.71349,-78.63173,1237,25.7,26.0,25.7,93.1,24.0,0.000,0.000,0.00,0.000,2.6,5.0,0.8,311,16,2.8,6.1,0.9,320,16,2.8,6.1,0.9,320,16,0,28.82,-0.0,0,0,0,40.6,44.7,48.6,0.61,0.51,0.41
EAUR,2019-11-08 03:00:00 EST,42.71349,-78.63173,1237,25.7,26.0,25.7,93.1,24.0,0.000,0.000,0.00,0.000,2.6,3.9,0.6,324,14,3.0,5.2,0.7,335,14,3.0,5.2,0.7,335,14,0,28.82,-0.1,0,0,0,40.6,44.7,48.6,0.61,0.51,0.41
EAUR,2019-11-08 03:05:00 EST,42.71349,-78.63173,1237,25.9,26.0,19.3,92.8,24.1,0.000,0.000,0.00,0.000,4.7,8.5,1.6,333,13,5.6,9.3,1.7,343,12,5.6,9.3,1.7,343,12,0,28.82,-0.1,0,0,0,40.6,44.7,48.6,0.61,0.51,0.41
EAUR,2019-11-08 03:10:00 EST,42.71349,-78.63173,1237,25.8,26.0,21.2,92.3,23.9,0.000,0.000,0.00,0.000,3.3,5.0,0.6,332,11,3.8,5.8,0.8,342,12,3.8,5.8,0.8,342,12,0,28.83,-0.0,0,0,0,40.6,44.7,48.6,0.61,0.51,0.41
EAUR,2019-11-08 03:15:00 EST,42.71349,-78.63173,1237,25.7,25.9,21.3,92.3,23.8,0.000,0.000,0.00,0.000,3.3,5.4,1.1,323,9,3.6,5.7,1.2,333,10,3.6,5.7,1.2,333,10,0,28.83,-0.0,0,0,0,40.6,44.6,48.6,0.61,0.51,0.41
EAUR,2019-11-08 03:20:00 EST,42.71349,-78.63173,1237,25.5,25.8,20.3,92.2,23.6,0.000,0.000,0.00,0.000,3.9,6.1,0.8,323,9,4.3,6.8,1.0,333,9,4.3,6.8,1.0,333,9,0,28.83,-0.1,0,0,0,40.6,44.6,48.6,0.61,0.51,0.41
EAUR,2019-11-08 03:25:00 EST,42.71349,-78.63173,1237,25.4,25.7,21.4,91.9,23.4,0.000,0.000,0.00,0.000,3.2,5.6,0.9,316,12,3.3,6.0,1.0,324,12,3.3,6.0,1.0,324,12,0,28.83,-0.1,0,0,0,40.6,44.6,48.6,0.61,0.51,0.41
EAUR,2019-11-08 03:30:00 EST,42.71349,-78.63173,1237,25.2,25.6,25.2,92.1,23.2,0.000,0.000,0.00,0.000,2.8,4.5,0.6,306,11,2.9,5.1,0.8,315,12,2.9,5.1,0.8,315,12,0,28.83,-0.1,0,0,0,40.6,44.7,48.6,0.61,0.51,0.41
EAUR,2019-11-08 03:35:00 EST,42.71349,-78.63173,1237,25.1,25.5,25.1,92.6,23.3,0.000,0.000,0.00,0.000,1.5,3.3,0.6,296,16,1.7,4.3,0.7,303,17,1.7,4.3,0.7,303,17,0,28.83,-0.1,0,0,0,40.6,44.6,48.6,0.61,0.51,0.41
EAUR,2019-11-08 03:40:00 EST,42.71349,-78.63173,1237,25.2,25.5,21.1,93.2,23.5,0.000,0.000,0.00,0.000,3.1,4.5,0.7,305,12,3.4,5.4,0.8,313,11,3.4,5.4,0.8,313,11,0,28.83,-0.0,0,0,0,40.6,44.6,48.6,0.61,0.51,0.41
EAUR,2019-11-08 03:45:00 EST,42.71349,-78.63173,1237,25.3,25.5,21.6,93.4,23.7,0.000,0.000,0.00,0.000,3.0,4.8,0.8,302,14,3.1,5.2,0.8,310,14,3.1,5.2,0.8,310,14,0,28.83,-0.1,0,0,0,40.6,44.6,48.6,0.61,0.51,0.41
EAUR,2019-11-08 03:50:00 EST,42.71349,-78.63173,1237,25.3,25.4,25.3,93.4,23.7,0.000,0.000,0.00,0.000,2.6,5.0,0.8,311,12,2.7,5.5,0.9,318,12,2.7,5.5,0.9,318,12,0,28.83,-0.1,0,0,0,40.6,44.6,48.6,0.61,0.51,0.41
EAUR,2019-11-08 03:55:00 EST,42.71349,-78.63173,1237,25.1,25.3,20.3,93.1,23.4,0.000,0.000,0.00,0.000,3.7,5.6,0.9,305,16,3.9,6.6,1.0,313,16,3.9,6.6,1.0,313,16,0,28.83,-0.1,0,0,0,40.6,44.6,48.6,0.61,0.51,0.41
EAUR,2019-11-08 04:00:00 EST,42.71349,-78.63173,1237,24.8,25.2,24.8,92.7,23.0,0.000,0.000,0.00,0.000,2.4,4.5,0.7,303,14,2.5,4.4,0.7,311,15,2.5,4.4,0.7,311,15,0,28.83,-0.2,0,0,0,40.6,44.6,48.6,0.61,0.51,0.41
EAUR,2019-11-08 04:05:00 EST,42.71349,-78.63173,1237,24.4,25.0,24.4,92.8,22.6,0.000,0.000,0.00,0.000,2.4,3.4,0.5,287,14,2.6,4.0,0.6,296,14,2.6,4.0,0.6,296,14,0,28.83,-0.1,0,0,0,40.6,44.6,48.6,0.61,0.51,0.41
EAUR,2019-11-08 04:10:00 EST,42.71349,-78.63173,1237,24.7,25.0,24.7,93.5,23.0,0.000,0.000,0.00,0.000,2.4,4.8,0.8,302,17,2.4,4.8,0.8,309,17,2.4,4.8,0.8,309,17,0,28.83,-0.1,0,0,0,40.6,44.6,48.6,0.61,0.51,0.41
EAUR,2019-11-08 04:15:00 EST,42.71349,-78.63173,1237,24.9,25.1,24.9,93.5,23.3,0.000,0.000,0.00,0.000,1.8,3.2,0.5,320,13,2.1,4.6,0.7,328,14,2.1,4.6,0.7,328,14,0,28.84,-0.1,0,0,0,40.6,44.6,48.6,0.61,0.51,0.41
EAUR,2019-11-08 04:20:00 EST,42.71349,-78.63173,1237,25.0,25.2,25.0,93.3,23.4,0.000,0.000,0.00,0.000,2.8,4.5,0.7,315,17,2.9,4.9,0.8,326,17,2.9,4.9,0.8,326,17,0,28.84,-0.1,0,0,0,40.6,44.6,48.6,0.61,0.51,0.41
EAUR,2019-11-08 04:25:00 EST,42.71349,-78.63173,1237,25.2,25.3,19.8,93.0,23.4,0.000,0.000,0.00,0.000,3.9,5.5,0.9,316,13,4.3,7.1,1.0,325,13,4.3,7.1,1.0,325,13,0,28.84,-0.1,0,0,0,40.6,44.5,48.6,0.61,0.51,0.41
EAUR,2019-11-08 04:30:00 EST,42.71349,-78.63173,1237,25.3,25.3,20.2,92.4,23.4,0.000,0.000,0.00,0.000,3.8,5.7,0.8,314,12,4.1,6.2,0.9,322,12,4.1,6.2,0.9,322,12,0,28.84,-0.1,0,0,0,40.6,44.5,48.6,0.61,0.51,0.41
EAUR,2019-11-08 04:35:00 EST,42.71349,-78.63173,1237,25.2,25.3,19.8,92.5,23.4,0.000,0.000,0.00,0.000,4.2,6.7,1.1,316,11,4.4,7.4,1.1,324,11,4.4,7.4,1.1,324,11,0,28.84,-0.1,0,0,0,40.6,44.6,48.5,0.61,0.51,0.41
EAUR,2019-11-08 04:40:00 EST,42.71349,-78.63173,1237,25.2,25.2,17.5,92.5,23.4,0.000,0.000,0.00,0.000,5.9,8.5,1.1,330,10,6.8,10.1,1.3,341,10,6.8,10.1,1.3,341,10,0,28.84,-0.1,0,0,0,40.5,44.6,48.5,0.61,0.51,0.41
EAUR,2019-11-08 04:45:00 EST,42.71349,-78.63173,1237,25.1,25.1,17.3,92.2,23.2,0.000,0.000,0.00,0.000,6.1,8.8,1.2,328,11,6.9,9.5,1.2,339,12,6.9,9.5,1.2,339,12,0,28.84,-0.1,0,0,0,40.5,44.6,48.5,0.61,0.51,0.41
EAUR,2019-11-08 04:50:00 EST,42.71349,-78.63173,1237,25.1,25.1,16.4,91.3,22.9,0.000,0.000,0.00,0.000,7.1,10.4,1.6,327,11,8.0,12.4,2.0,339,12,8.0,12.4,2.0,339,12,0,28.85,-0.1,0,0,0,40.5,44.6,48.5,0.61,0.51,0.41
EAUR,2019-11-08 04:55:00 EST,42.71349,-78.63173,1237,24.9,25.0,15.6,91.4,22.8,0.000,0.000,0.00,0.000,7.7,11.4,1.6,342,12,9.0,14.3,2.0,354,10,9.0,14.3,2.0,354,10,0,28.85,-0.1,0,0,0,40.5,44.6,48.4,0.61,0.51,0.41
EAUR,2019-11-08 05:00:00 EST,42.71349,-78.63173,1237,24.7,24.8,16.1,91.8,22.7,0.000,0.000,0.00,0.000,6.7,10.0,1.3,347,19,7.9,11.1,1.6,355,11,7.9,11.1,1.6,355,11,0,28.85,-0.0,0,0,0,40.5,44.6,48.5,0.61,0.51,0.41
EAUR,2019-11-08 05:05:00 EST,42.71349,-78.63173,1237,24.5,24.5,15.1,93.2,22.9,0.006,0.006,0.00,0.006,7.8,11.4,1.6,342,18,9.0,13.6,2.0,353,12,9.0,13.6,2.0,353,12,0,28.85,-0.1,0,0,0,40.5,44.5,48.5,0.61,0.51,0.41
EAUR,2019-11-08 05:10:00 EST,42.71349,-78.63173,1237,24.4,24.4,15.5,94.4,23.0,0.002,0.007,0.00,0.007,7.0,9.9,1.3,343,16,8.1,11.6,1.7,354,9,8.1,11.6,1.7,354,9,0,28.85,-0.1,0,0,0,40.5,44.6,48.4,0.61,0.51,0.41
EAUR,2019-11-08 05:15:00 EST,42.71349,-78.63173,1237,24.4,24.5,17.4,95.2,23.2,0.000,0.007,0.00,0.007,4.9,7.4,1.1,335,13,5.8,8.4,1.3,344,13,5.8,8.4,1.3,344,13,0,28.86,-0.1,0,0,0,40.5,44.5,48.4,0.61,0.51,0.41
EAUR,2019-11-08 05:20:00 EST,42.71349,-78.63173,1237,24.4,24.5,17.0,95.6,23.4,0.000,0.007,0.00,0.007,5.5,8.8,1.6,338,13,6.2,10.2,1.8,348,12,6.2,10.2,1.8,348,12,0,28.86,-0.1,0,0,0,40.5,44.5,48.4,0.61,0.51,0.41
EAUR,2019-11-08 05:25:00 EST,42.71349,-78.63173,1237,24.4,24.4,16.9,95.7,23.3,0.000,0.007,0.00,0.007,5.4,10.4,1.3,346,18,6.3,11.8,1.6,355,13,6.3,11.8,1.6,355,13,0,28.86,-0.1,0,0,0,40.5,44.5,48.4,0.61,0.51,0.41
EAUR,2019-11-08 05:30:00 EST,42.71349,-78.63173,1237,24.3,24.3,15.1,95.5,23.2,0.000,0.007,0.00,0.007,7.3,10.6,1.4,342,11,8.5,12.2,1.7,353,10,8.5,12.2,1.7,353,10,0,28.86,-0.1,0,0,0,40.5,44.6,48.4,0.61,0.51,0.41
EAUR,2019-11-08 05:35:00 EST,42.71349,-78.63173,1237,24.3,24.3,17.5,95.2,23.1,0.000,0.007,0.00,0.007,4.6,7.8,1.6,354,15,5.5,8.9,1.7,1,10,5.5,8.9,1.7,1,10,0,28.86,-0.1,0,0,0,40.5,44.5,48.4,0.61,0.51,0.41
EAUR,2019-11-08 05:40:00 EST,42.71349,-78.63173,1237,24.2,24.2,16.5,95.0,23.0,0.000,0.007,0.00,0.007,5.6,8.3,1.3,356,16,6.5,9.7,1.4,5,13,6.5,9.7,1.4,5,13,0,28.86,-0.2,0,0,0,40.5,44.6,48.4,0.61,0.51,0.41
EAUR,2019-11-08 05:45:00 EST,42.71349,-78.63173,1237,24.2,24.2,17.0,94.5,22.8,0.000,0.007,0.00,0.007,5.1,7.0,0.8,354,17,5.9,8.5,1.1,4,11,5.9,8.5,1.1,4,11,0,28.87,-0.1,0,0,0,40.5,44.5,48.4,0.61,0.51,0.41
EAUR,2019-11-08 05:50:00 EST,42.71349,-78.63173,1237,24.1,24.2,17.6,94.4,22.8,0.000,0.007,0.00,0.007,4.5,6.4,1.1,3,15,5.3,7.8,1.2,10,14,5.3,7.8,1.2,10,14,0,28.87,-0.2,0,0,0,40.5,44.6,48.4,0.61,0.51,0.41
EAUR,2019-11-08 05:55:00 EST,42.71349,-78.63173,1237,24.1,24.1,16.9,94.2,22.6,0.000,0.007,0.00,0.007,5.0,7.2,1.1,355,16,5.9,8.7,1.3,4,10,5.9,8.7,1.3,4,10,0,28.87,-0.1,0,0,0,40.5,44.5,48.4,0.61,0.51,0.41
EAUR,2019-11-08 06:00:00 EST,42.71349,-78.63173,1237,24.0,24.1,17.0,93.8,22.5,0.000,0.007,0.00,0.007,4.9,7.2,1.0,342,16,5.7,8.2,1.2,352,11,5.7,8.2,1.2,352,11,0,28.88,-0.1,0,0,0,40.4,44.6,48.4,0.61,0.51,0.41
EAUR,2019-11-08 06:05:00 EST,42.71349,-78.63173,1237,24.0,24.0,16.1,93.6,22.4,0.000,0.007,0.00,0.002,5.9,9.5,1.5,358,19,6.8,11.1,1.7,9,12,6.8,11.1,1.7,9,12,0,28.88,-0.1,0,0,0,40.4,44.5,48.4,0.61,0.51,0.41
EAUR,2019-11-08 06:10:00 EST,42.71349,-78.63173,1237,23.9,24.0,17.1,93.2,22.3,0.000,0.007,0.00,0.000,4.8,7.9,1.3,344,15,5.5,9.2,1.5,354,15,5.5,9.2,1.5,354,15,0,28.88,-0.1,0,0,0,40.3,44.5,48.4,0.61,0.51,0.41
EAUR,2019-11-08 06:15:00 EST,42.71349,-78.63173,1237,23.9,23.9,16.0,92.8,22.1,0.000,0.007,0.00,0.000,5.7,8.5,1.0,345,20,6.6,10.3,1.3,354,15,6.6,10.3,1.3,354,15,0,28.88,-0.1,0,0,0,40.3,44.6,48.4,0.61,0.51,0.41
EAUR,2019-11-08 06:20:00 EST,42.71349,-78.63173,1237,23.8,23.9,15.8,92.1,21.9,0.000,0.007,0.00,0.000,6.0,9.3,1.4,347,20,6.9,11.2,1.6,356,19,6.9,11.2,1.6,356,19,0,28.88,-0.1,0,0,0,40.3,44.6,48.4,0.61,0.51,0.41
EAUR,2019-11-08 06:25:00 EST,42.71349,-78.63173,1237,23.7,23.8,15.6,91.6,21.6,0.000,0.007,0.00,0.000,5.8,8.0,1.0,343,9,6.9,10.8,1.2,354,8,6.9,10.8,1.2,354,8,0,28.88,-0.1,0,0,0,40.3,44.5,48.4,0.61,0.51,0.41
EAUR,2019-11-08 06:30:00 EST,42.71349,-78.63173,1237,23.4,23.6,16.2,91.3,21.2,0.000,0.007,0.00,0.000,5.0,7.6,1.1,347,20,5.8,9.5,1.5,356,17,5.8,9.5,1.5,356,17,0,28.88,-0.2,0,0,0,40.3,44.6,48.4,0.61,0.51,0.41
EAUR,2019-11-08 06:35:00 EST,42.71349,-78.63173,1237,23.1,23.5,17.0,91.0,20.8,0.000,0.007,0.00,0.000,4.1,6.9,1.0,325,11,4.6,7.2,1.0,335,12,4.6,7.2,1.0,335,12,0,28.89,-0.1,0,0,0,40.3,44.5,48.4,0.61,0.51,0.41
EAUR,2019-11-08 06:40:00 EST,42.71349,-78.63173,1237,22.6,23.2,18.1,91.3,20.5,0.000,0.007,0.00,0.000,3.0,5.5,0.6,328,8,3.4,7.1,0.8,338,10,3.4,7.1,0.8,338,10,0,28.89,-0.1,0,0,0,40.3,44.6,48.4,0.61,0.51,0.41
EAUR,2019-11-08 06:45:00 EST,42.71349,-78.63173,1237,22.7,23.2,17.4,92.0,20.8,0.000,0.007,0.00,0.000,3.4,6.1,1.0,337,17,4.0,7.1,1.2,348,14,4.0,7.1,1.2,348,14,1,28.89,-0.1,0,0,0,40.3,44.6,48.4,0.61,0.51,0.41
EAUR,2019-11-08 06:50:00 EST,42.71349,-78.63173,1237,23.1,23.3,16.8,92.1,21.2,0.000,0.007,0.00,0.000,4.2,6.1,0.8,335,10,4.9,7.6,1.0,345,10,4.9,7.6,1.0,345,10,2,28.89,-0.0,0,0,0,40.3,44.6,48.4,0.61,0.51,0.41
EAUR,2019-11-08 06:55:00 EST,42.71349,-78.63173,1237,23.1,23.3,16.2,91.2,20.9,0.000,0.007,0.00,0.000,4.6,7.5,1.2,340,15,5.4,9.5,1.5,349,14,5.4,9.5,1.5,349,14,3,28.89,-0.2,0,0,0,40.3,44.6,48.4,0.61,0.51,0.41
EAUR,2019-11-08 07:00:00 EST,42.71349,-78.63173,1237,23.0,23.3,15.2,89.9,20.5,0.000,0.007,0.00,0.000,5.5,8.1,1.0,336,9,6.4,10.1,1.2,347,7,6.4,10.1,1.2,347,7,4,28.89,-0.1,0,0,0,40.3,44.6,48.4,0.61,0.51,0.41
EAUR,2019-11-08 07:05:00 EST,42.71349,-78.63173,1237,22.8,23.2,16.1,89.0,20.0,0.000,0.007,0.00,0.000,4.4,6.3,0.7,330,11,5.1,8.7,1.0,340,11,5.1,8.7,1.0,340,11,6,28.90,-0.1,0,0,0,40.3,44.5,48.4,0.61,0.51,0.41
EAUR,2019-11-08 07:10:00 EST,42.71349,-78.63173,1237,22.7,23.2,16.1,88.6,19.9,0.000,0.007,0.00,0.000,4.5,8.2,1.6,326,12,5.0,8.6,1.7,336,12,5.0,8.6,1.7,336,12,8,28.90,-0.1,0,0,0,40.3,44.6,48.4,0.61,0.51,0.41
EAUR,2019-11-08 07:15:00 EST,42.71349,-78.63173,1237,22.9,23.2,15.7,88.2,19.9,0.000,0.007,0.00,0.000,4.9,8.5,1.2,338,12,5.7,10.6,1.5,347,11,5.7,10.6,1.5,347,11,12,28.90,-0.1,0,0,0,40.3,44.6,48.4,0.61,0.51,0.41
EAUR,2019-11-08 07:20:00 EST,42.71349,-78.63173,1237,22.9,23.2,16.1,87.9,19.8,0.000,0.007,0.00,0.000,4.5,7.0,0.8,336,10,5.2,8.6,1.0,346,10,5.2,8.6,1.0,346,10,20,28.90,-0.1,0,0,0,40.3,44.6,48.4,0.61,0.51,0.41
EAUR,2019-11-08 07:25:00 EST,42.71349,-78.63173,1237,23.0,23.3,15.2,86.8,19.7,0.000,0.007,0.00,0.000,5.6,7.5,0.7,335,9,6.4,9.0,1.0,345,9,6.4,9.0,1.0,345,9,21,28.90,-0.1,0,0,0,40.3,44.5,48.4,0.61,0.51,0.41
EAUR,2019-11-08 07:30:00 EST,42.71349,-78.63173,1237,23.0,23.2,16.7,86.7,19.6,0.000,0.007,0.00,0.000,4.0,6.1,0.8,341,12,4.7,7.7,1.1,351,11,4.7,7.7,1.1,351,11,25,28.91,-0.1,0,0,0,40.3,44.5,48.4,0.61,0.51,0.41
EAUR,2019-11-08 07:35:00 EST,42.71349,-78.63173,1237,22.9,23.2,16.2,86.8,19.6,0.000,0.007,0.00,0.000,4.4,6.8,0.9,337,9,5.2,8.0,1.0,348,8,5.2,8.0,1.0,348,8,33,28.91,-0.1,0,0,0,40.3,44.6,48.4,0.61,0.51,0.41
EAUR,2019-11-08 07:40:00 EST,42.71349,-78.63173,1237,23.0,23.2,17.0,86.8,19.7,0.000,0.007,0.00,0.000,3.8,5.8,1.0,338,11,4.6,7.2,1.1,348,11,4.6,7.2,1.1,348,11,37,28.91,-0.1,0,0,0,40.3,44.6,48.4,0.61,0.51,0.41
EAUR,2019-11-08 07:45:00 EST,42.71349,-78.63173,1237,23.1,23.3,18.2,87.0,19.8,0.000,0.007,0.00,0.000,2.8,4.5,0.6,347,16,3.6,5.7,0.7,357,13,3.6,5.7,0.7,357,13,41,28.91,-0.1,0,0,0,40.3,44.6,48.4,0.61,0.51,0.41
EAUR,2019-11-08 07:50:00 EST,42.71349,-78.63173,1237,23.2,23.4,17.1,86.5,19.8,0.000,0.007,0.00,0.000,4.0,6.1,0.7,337,12,4.7,6.8,0.8,347,12,4.7,6.8,0.8,347,12,52,28.91,-0.1,0,0,0,40.3,44.6,48.4,0.61,0.51,0.41
EAUR,2019-11-08 07:55:00 EST,42.71349,-78.63173,1237,23.3,23.5,17.4,85.7,19.7,0.000,0.007,0.00,0.000,3.9,8.0,1.4,336,11,4.5,8.7,1.5,347,9,4.5,8.7,1.5,347,9,56,28.92,-0.1,0,0,0,40.3,44.6,48.4,0.61,0.51,0.41
EAUR,2019-11-08 08:00:00 EST,42.71349,-78.63173,1237,23.4,23.6,17.4,84.4,19.4,0.000,0.007,0.00,0.000,4.2,7.0,1.2,331,10,4.7,7.8,1.3,341,11,4.7,7.8,1.3,341,11,61,28.92,-0.1,0,0,0,40.3,44.6,48.4,0.61,0.51,0.41
EAUR,2019-11-08 08:05:00 EST,42.71349,-78.63173,1237,23.4,23.6,16.5,84.2,19.4,0.000,0.007,0.00,0.000,4.6,6.0,0.6,341,9,5.5,7.4,0.7,351,9,5.5,7.4,0.7,351,9,68,28.92,-0.1,0,0,0,40.3,44.6,48.4,0.61,0.51,0.41
EAUR,2019-11-08 08:10:00 EST,42.71349,-78.63173,1237,23.5,23.6,16.4,84.5,19.5,0.000,0.007,0.00,0.000,4.9,8.3,1.2,356,12,5.7,9.7,1.3,5,11,5.7,9.7,1.3,5,11,70,28.92,-0.1,0,0,0,40.3,44.6,48.4,0.61,0.51,0.41
EAUR,2019-11-08 08:15:00 EST,42.71349,-78.63173,1237,23.6,23.7,16.7,84.7,19.6,0.000,0.007,0.00,0.000,4.8,6.5,0.8,346,11,5.5,7.8,0.9,356,10,5.5,7.8,0.9,356,10,74,28.92,-0.1,0,0,0,40.3,44.6,48.4,0.61,0.51,0.41
EAUR,2019-11-08 08:20:00 EST,42.71349,-78.63173,1237,23.5,23.6,15.5,84.5,19.5,0.000,0.007,0.00,0.000,5.7,9.4,1.4,352,15,6.7,12.2,1.8,0,11,6.7,12.2,1.8,0,11,77,28.92,-0.1,0,0,0,40.3,44.6,48.4,0.61,0.51,0.41
EAUR,2019-11-08 08:25:00 EST,42.71349,-78.63173,1237,23.5,23.6,14.3,83.3,19.1,0.000,0.007,0.00,0.000,7.0,11.1,1.5,347,12,8.2,12.9,1.7,358,10,8.2,12.9,1.7,358,10,80,28.92,-0.1,0,0,0,40.3,44.7,48.4,0.61,0.51,0.41
EAUR,2019-11-08 08:30:00 EST,42.71349,-78.63173,1237,23.5,23.6,14.5,82.7,19.0,0.000,0.007,0.00,0.000,6.7,8.7,0.9,342,9,7.9,11.5,1.3,353,9,7.9,11.5,1.3,353,9,88,28.93,-0.1,0,0,0,40.3,44.6,48.4,0.61,0.51,0.41
EAUR,2019-11-08 08:35:00 EST,42.71349,-78.63173,1237,23.5,23.6,16.3,83.9,19.3,0.000,0.007,0.00,0.000,5.1,7.9,0.8,349,20,5.8,9.3,1.2,359,16,5.8,9.3,1.2,359,16,102,28.93,-0.1,0,0,0,40.3,44.6,48.4,0.61,0.51,0.41
EAUR,2019-11-08 08:40:00 EST,42.71349,-78.63173,1237,23.5,23.6,14.2,81.3,18.6,0.000,0.007,0.00,0.000,7.3,11.8,1.7,336,15,8.3,14.6,2.0,348,14,8.3,14.6,2.0,348,14,105,28.93,-0.1,0,0,0,40.3,44.7,48.4,0.61,0.51,0.41
EAUR,2019-11-08 08:45:00 EST,42.71349,-78.63173,1237,23.5,23.6,15.2,80.1,18.2,0.000,0.007,0.00,0.000,6.0,9.6,1.4,342,13,7.1,11.8,1.7,352,12,7.1,11.8,1.7,352,12,104,28.93,-0.1,0,0,0,40.2,44.7,48.4,0.61,0.51,0.41
EAUR,2019-11-08 08:50:00 EST,42.71349,-78.63173,1237,23.5,23.6,15.7,80.6,18.4,0.000,0.007,0.00,0.000,5.5,7.9,0.9,339,11,6.4,9.4,1.3,350,10,6.4,9.4,1.3,350,10,101,28.94,-0.1,0,0,0,40.2,44.6,48.4,0.61,0.51,0.41
EAUR,2019-11-08 08:55:00 EST,42.71349,-78.63173,1237,23.5,23.6,16.5,80.7,18.5,0.000,0.007,0.00,0.000,4.9,7.5,1.1,334,15,5.6,8.3,1.2,344,15,5.6,8.3,1.2,344,15,114,28.94,-0.1,0,0,0,40.2,44.6,48.4,0.61,0.51,0.41
EAUR,2019-11-08 09:00:00 EST,42.71349,-78.63173,1237,23.5,23.6,14.7,79.6,18.2,0.000,0.007,0.00,0.000,6.9,10.9,1.6,329,13,7.8,13.2,1.7,339,13,7.8,13.2,1.7,339,13,139,28.94,-0.1,0,0,0,40.2,44.6,48.4,0.61,0.51,0.41
EAUR,2019-11-08 09:05:00 EST,42.71349,-78.63173,1237,23.5,23.6,15.4,78.5,17.8,0.000,0.007,0.00,0.000,6.2,9.6,1.3,327,11,6.8,10.4,1.3,337,11,6.8,10.4,1.3,337,11,135,28.94,-0.1,0,0,0,40.1,44.6,48.4,0.61,0.51,0.41
EAUR,2019-11-08 09:10:00 EST,42.71349,-78.63173,1237,23.5,23.6,14.9,77.1,17.4,0.000,0.007,0.00,0.000,6.6,10.3,2.1,329,11,7.5,11.3,2.2,338,11,7.5,11.3,2.2,338,11,154,28.94,-0.1,0,0,0,40.1,44.6,48.4,0.61,0.51,0.41
EAUR,2019-11-08 09:15:00 EST,42.71349,-78.63173,1237,23.4,23.6,14.6,76.3,17.0,0.000,0.007,0.00,0.000,6.8,10.8,1.6,327,13,7.7,12.4,1.7,338,14,7.7,12.4,1.7,338,14,146,28.94,-0.1,0,0,0,40.1,44.7,48.4,0.61,0.51,0.41
EAUR,2019-11-08 09:20:00 EST,42.71349,-78.63173,1237,23.4,23.6,15.0,76.0,17.0,0.000,0.007,0.00,0.000,6.3,8.7,1.1,334,10,7.1,9.9,1.3,344,11,7.1,9.9,1.3,344,11,142,28.94,-0.1,0,0,0,40.1,44.7,48.4,0.61,0.51,0.41
EAUR,2019-11-08 09:25:00 EST,42.71349,-78.63173,1237,23.5,23.7,14.6,76.7,17.2,0.000,0.007,0.00,0.000,6.6,11.9,1.6,347,11,7.8,14.0,2.1,357,10,7.8,14.0,2.1,357,10,156,28.94,-0.1,0,0,0,40.1,44.7,48.4,0.61,0.51,0.41
EAUR,2019-11-08 09:30:00 EST,42.71349,-78.63173,1237,23.9,24.0,14.2,74.6,17.0,0.000,0.007,0.00,0.000,8.0,11.3,1.5,353,19,9.2,12.8,1.9,4,11,9.2,12.8,1.9,4,11,376,28.94,-0.1,0,0,0,40.1,44.7,48.4,0.61,0.51,0.41
EAUR,2019-11-08 09:35:00 EST,42.71349,-78.63173,1237,24.4,24.4,15.5,74.5,17.4,0.000,0.007,0.00,0.000,7.0,10.2,1.5,356,18,8.1,12.6,1.8,5,11,8.1,12.6,1.8,5,11,380,28.94,-0.1,0,0,0,40.1,44.7,48.4,0.61,0.51,0.41
EAUR,2019-11-08 09:40:00 EST,42.71349,-78.63173,1237,24.5,24.5,16.5,73.3,17.2,0.000,0.007,0.00,0.000,6.0,9.4,1.5,344,16,7.0,12.9,1.9,355,15,7.0,12.9,1.9,355,15,336,28.94,-0.1,0,0,0,40.1,44.7,48.4,0.61,0.51,0.41
EAUR,2019-11-08 09:45:00 EST,42.71349,-78.63173,1237,24.6,24.5,15.8,73.4,17.3,0.000,0.007,0.00,0.000,7.0,10.3,1.4,345,14,8.1,12.3,1.8,356,13,8.1,12.3,1.8,356,13,275,28.94,-0.0,0,0,0,40.1,44.7,48.4,0.61,0.51,0.41
EAUR,2019-11-08 09:50:00 EST,42.71349,-78.63173,1237,24.3,24.2,14.8,73.1,16.9,0.000,0.007,0.00,0.000,8.1,12.0,1.7,330,10,9.0,13.3,1.8,341,10,9.0,13.3,1.8,341,10,192,28.94,-0.0,0,0,0,40.1,44.7,48.4,0.61,0.51,0.41
EAUR,2019-11-08 09:55:00 EST,42.71349,-78.63173,1237,24.3,24.2,15.5,72.6,16.7,0.000,0.007,0.00,0.000,6.9,10.0,1.1,339,13,8.0,11.2,1.2,350,11,8.0,11.2,1.2,350,11,216,28.95,-0.0,0,0,0,40.1,44.7,48.4,0.61,0.51,0.41
EAUR,2019-11-08 10:00:00 EST,42.71349,-78.63173,1237,24.4,24.3,15.3,72.1,16.7,0.000,0.007,0.00,0.000,7.2,10.0,1.7,353,15,8.3,11.3,2.0,3,13,8.3,11.3,2.0,3,13,214,28.95,-0.0,0,0,0,40.1,44.7,48.4,0.61,0.51,0.41
EAUR,2019-11-08 10:05:00 EST,42.71349,-78.63173,1237,24.6,24.5,15.4,70.5,16.4,0.000,0.007,0.00,0.000,7.8,13.1,1.9,330,13,8.7,15.2,2.2,341,13,8.7,15.2,2.2,341,13,464,28.95,0.0,0,0,0,40.1,44.7,48.4,0.61,0.51,0.41
EAUR,2019-11-08 10:10:00 EST,42.71349,-78.63173,1237,25.1,24.7,15.4,70.2,16.7,0.000,0.007,0.00,0.000,8.5,12.6,1.6,335,9,9.6,14.6,2.0,347,9,9.6,14.6,2.0,347,9,581,28.95,-0.0,0,0,0,40.1,44.7,48.4,0.61,0.51,0.41
EAUR,2019-11-08 10:15:00 EST,42.71349,-78.63173,1237,25.2,24.9,15.3,70.4,16.9,0.000,0.007,0.00,0.000,9.1,13.2,1.5,326,7,9.9,15.1,1.8,337,7,9.9,15.1,1.8,337,7,419,28.95,0.0,0,0,0,40.1,44.7,48.4,0.61,0.51,0.41
EAUR,2019-11-08 10:20:00 EST,42.71349,-78.63173,1237,25.0,24.7,16.1,70.5,16.7,0.000,0.007,0.00,0.000,7.3,11.3,1.6,331,12,8.2,13.4,1.8,342,11,8.2,13.4,1.8,342,11,267,28.95,-0.1,0,0,0,40.1,44.7,48.4,0.61,0.51,0.41
EAUR,2019-11-08 10:25:00 EST,42.71349,-78.63173,1237,24.8,24.6,15.8,70.8,16.6,0.000,0.007,0.00,0.000,7.5,10.3,1.5,336,19,8.4,12.9,1.8,346,18,8.4,12.9,1.8,346,18,187,28.95,-0.0,0,0,0,40.1,44.7,48.4,0.61,0.51,0.41
EAUR,2019-11-08 10:30:00 EST,42.71349,-78.63173,1237,24.7,24.6,17.4,71.6,16.8,0.000,0.007,0.00,0.000,5.4,8.6,1.2,1,13,6.1,10.7,1.6,10,11,6.1,10.7,1.6,10,11,227,28.95,-0.0,0,0,0,40.1,44.8,48.4,0.61,0.51,0.41
EAUR,2019-11-08 10:35:00 EST,42.71349,-78.63173,1237,25.0,24.9,18.1,72.4,17.4,0.000,0.007,0.00,0.000,5.0,8.5,1.8,342,17,5.8,9.7,1.9,353,15,5.8,9.7,1.9,353,15,235,28.95,-0.1,0,0,0,40.1,44.9,48.4,0.61,0.51,0.41
EAUR,2019-11-08 10:40:00 EST,42.71349,-78.63173,1237,25.0,24.9,17.9,72.6,17.5,0.000,0.007,0.00,0.000,5.3,7.7,1.2,344,14,6.1,8.8,1.3,355,13,6.1,8.8,1.3,355,13,210,28.96,0.1,0,0,0,40.1,44.8,48.4,0.61,0.51,0.41
EAUR,2019-11-08 10:45:00 EST,42.71349,-78.63173,1237,25.3,25.1,16.8,72.0,17.6,0.000,0.007,0.00,0.000,7.1,9.4,1.1,328,7,7.9,11.7,1.2,338,7,7.9,11.7,1.2,338,7,245,28.96,-0.1,0,0,0,40.1,44.8,48.4,0.61,0.51,0.41
EAUR,2019-11-08 10:50:00 EST,42.71349,-78.63173,1237,25.2,25.0,16.8,70.7,17.0,0.000,0.007,0.00,0.000,7.0,9.8,1.3,316,16,7.6,11.1,1.3,325,17,7.6,11.1,1.3,325,17,243,28.96,-0.0,0,0,0,40.1,44.8,48.4,0.61,0.51,0.41
EAUR,2019-11-08 10:55:00 EST,42.71349,-78.63173,1237,25.3,25.1,18.0,69.7,16.7,0.000,0.007,0.00,0.000,5.6,9.3,1.4,312,21,6.2,9.9,1.6,321,22,6.2,9.9,1.6,321,22,329,28.96,-0.1,0,0,0,40.1,44.8,48.4,0.61,0.51,0.41
EAUR,2019-11-08 11:00:00 EST,42.71349,-78.63173,1237,25.4,25.2,17.8,71.3,17.4,0.000,0.007,0.00,0.000,5.8,8.5,1.4,338,12,6.7,9.9,1.5,348,12,6.7,9.9,1.5,348,12,300,28.96,-0.1,0,0,0,40.1,44.8,48.4,0.61,0.51,0.41
EAUR,2019-11-08 11:05:00 EST,42.71349,-78.63173,1237,25.3,25.1,16.6,69.2,16.6,0.000,0.007,0.00,0.000,7.5,13.0,2.2,315,13,8.1,16.0,2.4,325,13,8.1,16.0,2.4,325,13,335,28.96,0.1,0,0,0,40.1,44.9,48.4,0.61,0.51,0.41
EAUR,2019-11-08 11:10:00 EST,42.71349,-78.63173,1237,25.8,25.5,17.2,68.2,16.8,0.000,0.007,0.00,0.000,7.5,11.9,2.0,323,14,8.2,12.5,1.9,333,16,8.2,12.5,1.9,333,16,473,28.96,-0.0,0,0,0,40.1,44.9,48.4,0.61,0.51,0.41
EAUR,2019-11-08 11:15:00 EST,42.71349,-78.63173,1237,25.7,25.3,16.6,69.3,17.1,0.000,0.007,0.00,0.000,8.4,11.8,1.6,314,18,9.0,13.0,1.7,324,18,9.0,13.0,1.7,324,18,330,28.96,0.0,0,0,0,40.1,44.9,48.4,0.61,0.51,0.41
EAUR,2019-11-08 11:20:00 EST,42.71349,-78.63173,1237,25.8,25.5,17.1,69.0,17.0,0.000,0.007,0.00,0.000,7.6,12.4,2.2,308,24,8.3,14.7,2.4,317,25,8.3,14.7,2.4,317,25,258,28.95,-0.1,0,0,0,40.1,44.9,48.4,0.61,0.51,0.41
EAUR,2019-11-08 11:25:00 EST,42.71349,-78.63173,1237,25.3,25.2,16.4,68.5,16.4,0.000,0.007,0.00,0.000,7.5,10.2,1.5,339,16,8.5,11.8,1.9,351,15,8.5,11.8,1.9,351,15,277,28.95,0.0,0,0,0,40.1,44.8,48.4,0.61,0.51,0.41
EAUR,2019-11-08 11:30:00 EST,42.71349,-78.63173,1237,25.4,25.2,16.5,69.2,16.7,0.000,0.007,0.00,0.000,7.6,11.0,1.4,336,10,8.5,13.0,1.7,347,10,8.5,13.0,1.7,347,10,270,28.95,0.1,0,0,0,40.1,45.0,48.4,0.61,0.51,0.41
EAUR,2019-11-08 11:35:00 EST,42.71349,-78.63173,1237,25.7,25.4,15.9,68.8,16.8,0.000,0.007,0.00,0.000,8.9,13.9,2.1,328,12,9.9,15.4,2.3,338,13,9.9,15.4,2.3,338,13,272,28.95,0.0,0,0,0,40.1,44.8,48.4,0.61,0.51,0.41
EAUR,2019-11-08 11:40:00 EST,42.71349,-78.63173,1237,25.8,25.6,16.5,68.8,17.0,0.000,0.007,0.00,0.000,8.4,12.9,1.8,326,12,9.3,15.4,2.1,337,12,9.3,15.4,2.1,337,12,316,28.95,-0.0,0,0,0,40.1,45.0,48.4,0.61,0.51,0.41
EAUR,2019-11-08 11:45:00 EST,42.71349,-78.63173,1237,25.6,25.4,16.9,68.8,16.8,0.000,0.007,0.00,0.000,7.5,13.1,1.7,334,11,8.3,15.2,2.1,345,12,8.3,15.2,2.1,345,12,216,28.95,0.0,0,0,0,40.1,44.9,48.4,0.61,0.51,0.41
EAUR,2019-11-08 11:50:00 EST,42.71349,-78.63173,1237,25.8,25.6,18.1,70.6,17.5,0.000,0.007,0.00,0.000,5.9,9.9,1.4,335,19,6.8,13.2,1.8,345,17,6.8,13.2,1.8,345,17,213,28.95,-0.0,0,0,0,40.1,44.9,48.4,0.61,0.51,0.41
EAUR,2019-11-08 11:55:00 EST,42.71349,-78.63173,1237,25.8,25.8,18.1,69.6,17.3,0.000,0.007,0.00,0.000,6.0,11.0,1.6,340,14,6.9,10.9,1.7,351,12,6.9,10.9,1.7,351,12,198,28.95,-0.0,0,0,0,40.1,44.9,48.4,0.61,0.51,0.41
EAUR,2019-11-08 12:00:00 EST,42.71349,-78.63173,1237,25.6,25.5,15.9,66.2,15.9,0.000,0.007,0.00,0.000,8.7,11.8,1.7,332,10,9.8,13.8,1.9,342,9,9.8,13.8,1.9,342,9,176,28.95,-0.1,0,0,0,40.1,44.9,48.4,0.61,0.51,0.41
EAUR,2019-11-08 12:05:00 EST,42.71349,-78.63173,1237,25.8,25.7,17.3,66.2,16.0,0.000,0.007,0.00,0.000,7.3,10.5,1.7,323,18,8.0,12.6,1.8,333,18,8.0,12.6,1.8,333,18,301,28.95,-0.1,0,0,0,40.1,44.9,48.4,0.61,0.51,0.41
EAUR,2019-11-08 12:10:00 EST,42.71349,-78.63173,1237,26.6,26.2,18.2,66.0,16.8,0.000,0.007,0.00,0.000,7.5,12.9,2.0,316,15,8.1,12.3,1.9,326,15,8.1,12.3,1.9,326,15,508,28.95,-0.0,0,0,0,40.1,44.8,48.4,0.61,0.51,0.41
EAUR,2019-11-08 12:15:00 EST,42.71349,-78.63173,1237,26.6,26.4,17.8,67.2,17.2,0.000,0.007,0.00,0.000,8.2,12.8,1.9,316,18,8.8,14.4,1.9,326,19,8.8,14.4,1.9,326,19,312,28.94,-0.0,0,0,0,40.1,44.9,48.4,0.61,0.51,0.41
EAUR,2019-11-08 12:20:00 EST,42.71349,-78.63173,1237,26.1,26.0,16.4,66.8,16.6,0.000,0.007,0.00,0.000,9.1,13.5,1.9,342,24,10.0,15.2,2.0,353,23,10.0,15.2,2.0,353,23,208,28.94,-0.0,0,0,0,40.1,44.8,48.4,0.61,0.51,0.41
EAUR,2019-11-08 12:25:00 EST,42.71349,-78.63173,1237,26.0,25.9,17.7,67.9,16.9,0.000,0.007,0.00,0.000,6.8,9.6,1.2,342,19,7.7,11.1,1.4,351,16,7.7,11.1,1.4,351,16,147,28.94,-0.0,0,0,0,40.1,44.9,48.4,0.61,0.51,0.41
EAUR,2019-11-08 12:30:00 EST,42.71349,-78.63173,1237,26.0,25.8,16.0,66.5,16.4,0.000,0.007,0.00,0.000,9.2,15.1,2.4,336,17,10.6,16.2,2.7,346,13,10.6,16.2,2.7,346,13,296,28.94,-0.0,0,0,0,40.1,44.9,48.4,0.61,0.51,0.41
EAUR,2019-11-08 12:35:00 EST,42.71349,-78.63173,1237,25.9,25.8,16.5,62.8,14.9,0.000,0.007,0.00,0.000,8.6,12.4,2.2,323,9,9.3,14.4,2.3,334,9,9.3,14.4,2.3,334,9,300,28.94,-0.0,0,0,0,40.1,44.9,48.4,0.61,0.51,0.41
EAUR,2019-11-08 12:40:00 EST,42.71349,-78.63173,1237,27.0,26.6,19.2,63.9,16.4,0.000,0.007,0.00,0.000,6.5,9.7,1.5,328,14,7.3,11.8,1.7,339,14,7.3,11.8,1.7,339,14,625,28.94,-0.0,0,0,0,40.1,44.9,48.4,0.61,0.51,0.41
EAUR,2019-11-08 12:45:00 EST,42.71349,-78.63173,1237,26.8,26.4,17.7,62.7,15.8,0.000,0.007,0.00,0.000,8.2,11.3,1.6,344,17,9.4,14.2,2.0,354,15,9.4,14.2,2.0,354,15,328,28.94,-0.2,0,0,0,40.1,44.9,48.4,0.61,0.51,0.41
EAUR,2019-11-08 12:50:00 EST,42.71349,-78.63173,1237,26.0,25.9,16.8,61.5,14.5,0.000,0.007,0.00,0.000,8.0,13.2,2.3,333,15,9.1,15.4,2.8,345,16,9.1,15.4,2.8,345,16,117,28.94,-0.1,0,0,0,40.1,44.7,48.4,0.61,0.51,0.41
EAUR,2019-11-08 12:55:00 EST,42.71349,-78.63173,1237,26.0,25.9,18.4,63.5,15.3,0.000,0.007,0.00,0.000,6.0,9.2,1.5,338,19,6.8,10.4,1.8,348,15,6.8,10.4,1.8,348,15,204,28.93,-0.1,0,0,0,40.1,44.9,48.4,0.61,0.51,0.41
EAUR,2019-11-08 13:00:00 EST,42.71349,-78.63173,1237,26.7,26.3,18.5,64.1,16.2,0.000,0.007,0.00,0.000,7.3,12.5,2.1,302,16,7.8,12.9,2.1,310,16,7.8,12.9,2.1,310,16,393,28.93,0.0,0,0,0,40.1,44.9,48.4,0.61,0.51,0.41
EAUR,2019-11-08 13:05:00 EST,42.71349,-78.63173,1237,27.5,26.7,18.9,64.6,17.1,0.000,0.007,0.00,0.000,8.0,12.6,1.8,322,18,8.6,13.4,2.0,332,19,8.6,13.4,2.0,332,19,598,28.93,-0.1,0,0,0,40.1,44.9,48.4,0.61,0.51,0.41
EAUR,2019-11-08 13:10:00 EST,42.71349,-78.63173,1237,27.6,27.0,19.5,62.2,16.3,0.000,0.007,0.00,0.000,7.0,11.1,2.1,335,26,7.9,13.0,2.3,345,24,7.9,13.0,2.3,345,24,650,28.94,0.0,0,0,0,40.1,44.8,48.4,0.61,0.51,0.41
EAUR,2019-11-08 13:15:00 EST,42.71349,-78.63173,1237,27.5,27.1,18.6,61.9,16.1,0.000,0.007,0.00,0.000,8.0,14.2,2.5,346,19,9.2,16.6,2.6,359,13,9.2,16.6,2.6,359,13,456,28.94,-0.1,0,0,0,40.2,44.9,48.4,0.61,0.51,0.41
EAUR,2019-11-08 13:20:00 EST,42.71349,-78.63173,1237,27.6,27.2,18.5,61.9,16.2,0.000,0.007,0.00,0.000,8.4,13.4,2.3,340,28,9.5,15.8,2.8,351,28,9.5,15.8,2.8,351,28,375,28.94,-0.1,0,0,0,40.2,44.8,48.4,0.61,0.51,0.41
EAUR,2019-11-08 13:25:00 EST,42.71349,-78.63173,1237,27.0,26.7,17.6,62.1,15.7,0.000,0.007,0.00,0.000,9.1,17.4,2.5,303,17,9.8,18.4,2.6,310,18,9.8,18.4,2.6,310,18,217,28.94,-0.1,0,0,0,40.3,44.8,48.4,0.61,0.51,0.41
EAUR,2019-11-08 13:30:00 EST,42.71349,-78.63173,1237,27.0,26.7,19.8,63.6,16.3,0.000,0.007,0.00,0.000,6.0,9.4,1.8,310,18,6.6,10.0,1.8,319,17,6.6,10.0,1.8,319,17,310,28.94,0.0,0,0,0,40.3,44.8,48.4,0.61,0.51,0.41
EAUR,2019-11-08 13:35:00 EST,42.71349,-78.63173,1237,27.7,27.1,20.0,62.0,16.4,0.000,0.007,0.00,0.000,6.9,9.1,1.2,327,11,7.4,10.1,1.4,337,11,7.4,10.1,1.4,337,11,612,28.93,0.0,0,0,0,40.3,44.9,48.4,0.61,0.51,0.41
EAUR,2019-11-08 13:40:00 EST,42.71349,-78.63173,1237,27.4,26.8,20.2,60.4,15.5,0.000,0.007,0.00,0.000,6.1,10.7,1.8,322,15,6.6,11.3,1.9,331,16,6.6,11.3,1.9,331,16,520,28.93,-0.0,0,0,0,40.3,44.9,48.4,0.61,0.51,0.41
EAUR,2019-11-08 13:45:00 EST,42.71349,-78.63173,1237,27.0,26.6,18.0,62.3,15.9,0.000,0.007,0.00,0.000,8.5,10.5,1.2,325,13,9.2,12.9,1.2,335,14,9.2,12.9,1.2,335,14,223,28.93,-0.1,0,0,0,40.3,44.9,48.4,0.61,0.51,0.41
EAUR,2019-11-08 13:50:00 EST,42.71349,-78.63173,1237,26.6,26.4,18.0,63.7,15.9,0.000,0.007,0.00,0.000,7.6,10.7,1.8,332,17,8.3,13.0,1.9,342,13,8.3,13.0,1.9,342,13,127,28.93,-0.0,0,0,0,40.3,45.0,48.4,0.61,0.51,0.41
EAUR,2019-11-08 13:55:00 EST,42.71349,-78.63173,1237,26.3,26.2,17.8,62.0,15.0,0.000,0.007,0.00,0.000,7.4,11.0,1.6,333,12,8.2,12.4,1.7,344,12,8.2,12.4,1.7,344,12,97,28.94,-0.0,0,0,0,40.3,44.9,48.4,0.61,0.51,0.41
EAUR,2019-11-08 14:00:00 EST,42.71349,-78.63173,1237,26.2,26.2,18.0,62.0,15.0,0.000,0.007,0.00,0.000,7.3,9.9,1.4,317,11,7.7,10.6,1.5,326,12,7.7,10.6,1.5,326,12,155,28.94,0.0,0,0,0,40.3,44.8,48.4,0.61,0.51,0.41
EAUR,2019-11-08 14:05:00 EST,42.71349,-78.63173,1237,26.9,26.7,20.2,61.7,15.5,0.000,0.007,0.00,0.000,5.5,8.9,1.4,309,15,5.9,10.2,1.4,317,15,5.9,10.2,1.4,317,15,383,28.93,0.0,0,0,0,40.3,44.8,48.4,0.61,0.51,0.41
EAUR,2019-11-08 14:10:00 EST,42.71349,-78.63173,1237,27.3,27.0,19.7,59.7,15.1,0.000,0.007,0.00,0.000,6.7,10.8,1.6,318,13,7.2,11.7,1.7,326,12,7.2,11.7,1.7,326,12,409,28.93,0.0,0,0,0,40.3,44.9,48.4,0.61,0.51,0.41
EAUR,2019-11-08 14:15:00 EST,42.71349,-78.63173,1237,27.4,27.0,19.4,60.2,15.4,0.000,0.007,0.00,0.000,7.3,10.9,1.3,325,17,7.9,10.4,1.4,335,17,7.9,10.4,1.4,335,17,402,28.93,0.0,0,0,0,40.3,44.8,48.4,0.61,0.51,0.41
EAUR,2019-11-08 14:20:00 EST,42.71349,-78.63173,1237,27.3,27.0,18.2,60.6,15.4,0.000,0.007,0.00,0.000,8.7,14.2,1.9,318,14,9.4,15.8,2.1,328,15,9.4,15.8,2.1,328,15,226,28.93,0.0,0,0,0,40.3,44.8,48.4,0.61,0.51,0.41
EAUR,2019-11-08 14:25:00 EST,42.71349,-78.63173,1237,27.5,27.1,19.7,59.4,15.2,0.000,0.007,0.00,0.000,7.1,9.8,1.4,314,17,7.5,10.8,1.5,323,18,7.5,10.8,1.5,323,18,387,28.93,0.0,0,0,0,40.4,44.9,48.4,0.61,0.51,0.41
EAUR,2019-11-08 14:30:00 EST,42.71349,-78.63173,1237,27.4,27.1,20.1,56.6,14.0,0.000,0.007,0.00,0.000,6.8,10.7,1.9,306,11,6.9,11.4,1.9,314,10,6.9,11.4,1.9,314,10,370,28.93,0.1,0,0,0,40.5,44.9,48.4,0.61,0.51,0.41
EAUR,2019-11-08 14:35:00 EST,42.71349,-78.63173,1237,27.6,27.2,19.7,59.0,15.2,0.000,0.007,0.00,0.000,7.3,12.3,2.0,288,12,7.7,13.0,2.1,296,11,7.7,13.0,2.1,296,11,283,28.93,-0.1,0,0,0,40.5,44.9,48.4,0.61,0.51,0.41
EAUR,2019-11-08 14:40:00 EST,42.71349,-78.63173,1237,27.3,27.1,19.5,58.2,14.5,0.000,0.007,0.00,0.000,7.2,11.9,1.8,296,14,7.5,13.2,2.0,304,15,7.5,13.2,2.0,304,15,305,28.93,-0.0,0,0,0,40.5,44.9,48.4,0.61,0.51,0.41
EAUR,2019-11-08 14:45:00 EST,42.71349,-78.63173,1237,27.7,27.4,21.3,57.8,14.7,0.000,0.007,0.00,0.000,5.3,8.6,1.5,320,15,5.8,10.1,1.7,329,16,5.8,10.1,1.7,329,16,342,28.93,0.0,0,0,0,40.5,44.8,48.4,0.61,0.51,0.41
EAUR,2019-11-08 14:50:00 EST,42.71349,-78.63173,1237,27.8,27.5,21.3,57.9,14.9,0.000,0.007,0.00,0.000,5.3,8.7,1.0,272,37,5.8,9.6,1.2,282,36,5.8,9.6,1.2,282,36,364,28.93,-0.1,0,0,0,40.5,44.9,48.4,0.61,0.51,0.41
EAUR,2019-11-08 14:55:00 EST,42.71349,-78.63173,1237,28.4,28.0,21.8,60.0,16.3,0.000,0.007,0.00,0.000,5.5,9.9,1.5,300,37,6.2,10.8,1.7,310,35,6.2,10.8,1.7,310,35,330,28.93,-0.0,0,0,0,40.5,44.8,48.4,0.61,0.51,0.41
EAUR,2019-11-08 15:00:00 EST,42.71349,-78.63173,1237,27.6,27.4,21.1,58.7,15.1,0.000,0.007,0.00,0.000,5.8,9.1,1.6,317,14,5.9,9.5,1.7,326,14,5.9,9.5,1.7,326,14,298,28.93,0.1,0,0,0,40.5,44.9,48.4,0.61,0.51,0.41
EAUR,2019-11-08 15:05:00 EST,42.71349,-78.63173,1237,27.8,27.4,19.4,59.3,15.4,0.000,0.007,0.00,0.000,7.6,11.6,1.9,331,10,8.4,13.0,1.9,342,11,8.4,13.0,1.9,342,11,286,28.93,-0.1,0,0,0,40.5,44.9,48.4,0.61,0.51,0.41
EAUR,2019-11-08 15:10:00 EST,42.71349,-78.63173,1237,27.4,27.1,19.1,58.1,14.6,0.000,0.007,0.00,0.000,7.8,11.8,1.9,325,9,8.2,12.7,2.0,335,10,8.2,12.7,2.0,335,10,279,28.93,0.1,0,0,0,40.5,44.9,48.4,0.61,0.51,0.41
EAUR,2019-11-08 15:15:00 EST,42.71349,-78.63173,1237,27.7,27.3,21.2,59.3,15.3,0.000,0.007,0.00,0.000,5.6,7.6,1.2,304,13,5.9,8.1,1.2,313,13,5.9,8.1,1.2,313,13,272,28.93,0.0,0,0,0,40.5,44.9,48.4,0.61,0.51,0.41
EAUR,2019-11-08 15:20:00 EST,42.71349,-78.63173,1237,27.8,27.4,22.0,59.7,15.6,0.000,0.007,0.00,0.000,4.7,6.7,0.9,296,17,5.1,7.4,1.0,303,17,5.1,7.4,1.0,303,17,255,28.93,-0.0,0,0,0,40.5,44.8,48.4,0.61,0.51,0.41
EAUR,2019-11-08 15:25:00 EST,42.71349,-78.63173,1237,27.5,27.3,22.1,57.0,14.3,0.000,0.007,0.00,0.000,4.4,6.7,0.9,275,12,4.8,7.1,0.9,282,11,4.8,7.1,0.9,282,11,240,28.93,-0.0,0,0,0,40.5,44.9,48.4,0.61,0.51,0.41
EAUR,2019-11-08 15:30:00 EST,42.71349,-78.63173,1237,27.6,27.3,22.9,57.3,14.4,0.000,0.007,0.00,0.000,3.4,7.2,1.7,293,27,4.0,7.6,1.6,300,27,4.0,7.6,1.6,300,27,216,28.93,-0.0,0,0,0,40.6,44.9,48.4,0.61,0.51,0.41
EAUR,2019-11-08 15:35:00 EST,42.71349,-78.63173,1237,27.1,26.9,20.4,60.4,15.2,0.000,0.007,0.00,0.000,5.6,7.5,1.1,324,8,6.1,8.5,1.2,333,9,6.1,8.5,1.2,333,9,141,28.93,-0.1,0,0,0,40.6,44.9,48.4,0.61,0.51,0.41
EAUR,2019-11-08 15:40:00 EST,42.71349,-78.63173,1237,26.6,26.7,20.3,62.4,15.5,0.000,0.007,0.00,0.000,5.0,8.2,1.2,315,12,5.4,8.4,1.2,324,13,5.4,8.4,1.2,324,13,52,28.93,-0.0,0,0,0,40.6,44.9,48.4,0.61,0.51,0.41
EAUR,2019-11-08 15:45:00 EST,42.71349,-78.63173,1237,26.5,26.6,21.0,63.2,15.6,0.000,0.007,0.00,0.000,4.3,7.0,0.8,318,10,4.6,7.0,0.9,326,12,4.6,7.0,0.9,326,12,48,28.94,-0.0,0,0,0,40.6,44.8,48.4,0.61,0.51,0.41
EAUR,2019-11-08 15:50:00 EST,42.71349,-78.63173,1237,26.4,26.6,26.4,61.0,14.8,0.000,0.007,0.00,0.000,2.2,3.4,0.5,290,9,2.3,3.7,0.6,300,9,2.3,3.7,0.6,300,9,50,28.93,-0.0,0,0,0,40.6,44.8,48.4,0.61,0.51,0.41
EAUR,2019-11-08 15:55:00 EST,42.71349,-78.63173,1237,26.8,26.9,21.3,61.9,15.4,0.000,0.007,0.00,0.000,4.2,7.5,1.7,293,23,4.6,7.7,1.7,302,24,4.6,7.7,1.7,302,24,140,28.94,0.0,0,0,0,40.6,44.9,48.4,0.61,0.51,0.41
EAUR,2019-11-08 16:00:00 EST,42.71349,-78.63173,1237,27.1,27.0,19.1,61.3,15.5,0.000,0.007,0.00,0.000,6.9,10.3,2.3,328,12,7.6,12.2,2.3,338,13,7.6,12.2,2.3,338,13,156,28.94,-0.0,0,0,0,40.6,44.9,48.4,0.61,0.51,0.41
EAUR,2019-11-08 16:05:00 EST,42.71349,-78.63173,1237,27.1,27.1,20.0,62.3,15.9,0.000,0.007,0.00,0.000,6.0,9.1,1.3,329,13,6.6,10.4,1.6,337,16,6.6,10.4,1.6,337,16,136,28.94,-0.0,0,0,0,40.6,44.9,48.4,0.61,0.51,0.41
EAUR,2019-11-08 16:10:00 EST,42.71349,-78.63173,1237,27.0,27.0,19.4,61.5,15.5,0.000,0.007,0.00,0.000,6.3,9.1,1.0,336,14,7.0,10.0,1.1,346,9,7.0,10.0,1.1,346,9,127,28.94,-0.0,0,0,0,40.6,44.8,48.4,0.61,0.51,0.41
EAUR,2019-11-08 16:15:00 EST,42.71349,-78.63173,1237,27.0,27.1,20.7,61.2,15.4,0.000,0.007,0.00,0.000,5.0,7.0,1.1,325,11,5.5,7.7,1.2,336,11,5.5,7.7,1.2,336,11,122,28.94,-0.0,0,0,0,40.6,44.9,48.4,0.61,0.51,0.41
EAUR,2019-11-08 16:20:00 EST,42.71349,-78.63173,1237,27.0,27.1,20.5,61.6,15.6,0.000,0.007,0.00,0.000,5.4,9.0,1.6,265,26,5.8,9.9,1.8,273,25,5.8,9.9,1.8,273,25,100,28.94,-0.1,0,0,0,40.6,44.8,48.4,0.61,0.51,0.41
EAUR,2019-11-08 16:25:00 EST,42.71349,-78.63173,1237,26.7,26.8,19.3,61.8,15.3,0.000,0.007,0.00,0.000,6.2,9.3,1.5,258,14,6.7,9.9,1.6,266,13,6.7,9.9,1.6,266,13,49,28.94,-0.1,0,0,0,40.6,44.9,48.4,0.61,0.51,0.41
EAUR,2019-11-08 16:30:00 EST,42.71349,-78.63173,1237,26.4,26.7,20.2,63.4,15.6,0.000,0.007,0.00,0.000,4.9,7.2,0.9,248,15,5.3,8.8,1.1,256,15,5.3,8.8,1.1,256,15,48,28.94,-0.0,0,0,0,40.6,44.8,48.4,0.61,0.51,0.41
EAUR,2019-11-08 16:35:00 EST,42.71349,-78.63173,1237,26.2,26.5,20.4,63.0,15.3,0.000,0.007,0.00,0.000,4.4,6.6,0.9,238,12,4.9,8.0,1.0,246,11,4.9,8.0,1.0,246,11,24,28.94,-0.0,0,0,0,40.6,44.9,48.4,0.61,0.51,0.41
EAUR,2019-11-08 16:40:00 EST,42.71349,-78.63173,1237,26.0,26.4,20.6,63.8,15.5,0.000,0.007,0.00,0.000,4.3,6.4,1.1,232,10,4.5,6.9,1.2,240,10,4.5,6.9,1.2,240,10,22,28.94,-0.0,0,0,0,40.6,44.9,48.3,0.61,0.51,0.41
EAUR,2019-11-08 16:45:00 EST,42.71349,-78.63173,1237,25.9,26.3,20.4,64.3,15.5,0.000,0.007,0.00,0.000,4.2,6.2,1.1,228,10,4.5,7.0,1.2,236,11,4.5,7.0,1.2,236,11,14,28.95,-0.1,0,0,0,40.6,44.9,48.4,0.61,0.51,0.41
EAUR,2019-11-08 16:50:00 EST,42.71349,-78.63173,1237,25.6,26.1,21.3,65.6,15.7,0.000,0.007,0.00,0.000,3.1,5.1,0.9,228,16,3.5,5.2,0.9,238,18,3.5,5.2,0.9,238,18,10,28.95,-0.1,0,0,0,40.6,44.9,48.3,0.61,0.51,0.41
EAUR,2019-11-08 16:55:00 EST,42.71349,-78.63173,1237,25.5,26.0,20.5,66.5,15.9,0.000,0.007,0.00,0.000,3.8,6.6,1.0,243,10,4.1,6.8,1.1,253,9,4.1,6.8,1.1,253,9,7,28.95,-0.0,0,0,0,40.6,44.8,48.4,0.61,0.51,0.41
EAUR,2019-11-08 17:00:00 EST,42.71349,-78.63173,1237,25.5,26.0,20.3,65.8,15.6,0.000,0.007,0.00,0.000,3.9,5.3,0.7,233,12,4.2,6.6,0.9,242,11,4.2,6.6,0.9,242,11,5,28.95,-0.0,0,0,0,40.6,44.9,48.4,0.61,0.51,0.41
EAUR,2019-11-08 17:05:00 EST,42.71349,-78.63173,1237,25.3,25.9,20.6,66.6,15.7,0.000,0.007,0.00,0.000,3.5,5.2,0.8,229,9,3.8,6.2,0.9,239,10,3.8,6.2,0.9,239,10,3,28.95,0.0,0,0,0,40.6,44.8,48.3,0.61,0.51,0.41
EAUR,2019-11-08 17:10:00 EST,42.71349,-78.63173,1237,25.2,25.8,20.3,66.6,15.7,0.000,0.007,0.00,0.000,3.8,6.0,0.9,231,12,4.0,6.5,1.0,240,12,4.0,6.5,1.0,240,12,1,28.95,-0.0,0,0,0,40.6,44.8,48.3,0.61,0.51,0.41
EAUR,2019-11-08 17:15:00 EST,42.71349,-78.63173,1237,25.0,25.6,25.0,67.9,15.9,0.000,0.007,0.00,0.000,2.9,5.0,0.7,222,14,3.0,5.8,0.8,232,12,3.0,5.8,0.8,232,12,1,28.95,0.0,0,0,0,40.6,44.9,48.3,0.61,0.51,0.41
EAUR,2019-11-08 17:20:00 EST,42.71349,-78.63173,1237,24.9,25.6,20.8,68.6,16.0,0.000,0.007,0.00,0.000,3.2,4.3,0.5,231,10,3.3,5.3,0.6,238,9,3.3,5.3,0.6,238,9,0,28.95,-0.0,0,0,0,40.6,44.7,48.3,0.61,0.51,0.41
EAUR,2019-11-08 17:25:00 EST,42.71349,-78.63173,1237,24.9,25.7,21.1,68.8,16.1,0.000,0.007,0.00,0.000,2.9,4.3,0.6,230,9,3.1,4.8,0.7,239,10,3.1,4.8,0.7,239,10,0,28.95,-0.1,0,0,0,40.6,44.8,48.4,0.61,0.51,0.41
EAUR,2019-11-08 17:30:00 EST,42.71349,-78.63173,1237,24.8,25.7,20.8,68.6,16.0,0.000,0.007,0.00,0.000,3.1,5.6,0.9,232,10,3.3,6.1,1.0,241,9,3.3,6.1,1.0,241,9,0,28.95,-0.0,0,0,0,40.6,44.8,48.3,0.61,0.51,0.41
EAUR,2019-11-08 17:35:00 EST,42.71349,-78.63173,1237,24.7,25.4,24.7,68.8,15.9,0.000,0.007,0.00,0.000,2.3,3.5,0.6,225,11,2.3,4.1,0.7,233,11,2.3,4.1,0.7,233,11,0,28.95,-0.0,0,0,0,40.6,44.7,48.3,0.61,0.51,0.41
EAUR,2019-11-08 17:40:00 EST,42.71349,-78.63173,1237,24.2,25.3,24.2,70.4,15.9,0.000,0.007,0.00,0.000,2.1,3.7,0.5,226,9,2.2,4.0,0.5,233,10,2.2,4.0,0.5,233,10,0,28.95,-0.0,0,0,0,40.6,44.7,48.3,0.61,0.51,0.41
EAUR,2019-11-08 17:45:00 EST,42.71349,-78.63173,1237,22.8,24.5,22.8,73.7,15.7,0.000,0.007,0.00,0.000,0.4,1.7,0.5,231,3,0.6,1.8,0.6,239,8,0.6,1.8,0.6,239,8,0,28.95,0.1,0,0,0,40.6,44.7,48.2,0.61,0.51,0.41
EAUR,2019-11-08 17:50:00 EST,42.71349,-78.63173,1237,22.7,24.5,22.7,76.3,16.4,0.000,0.007,0.00,0.000,0.7,1.4,0.4,207,10,1.0,1.5,0.4,214,10,1.0,1.5,0.4,214,10,0,28.95,-0.0,0,0,0,40.6,44.6,48.2,0.61,0.51,0.41
EAUR,2019-11-08 17:55:00 EST,42.71349,-78.63173,1237,22.6,24.4,22.6,76.4,16.3,0.000,0.007,0.00,0.000,0.3,0.9,0.3,216,5,0.6,1.1,0.4,226,10,0.6,1.1,0.4,226,10,0,28.95,-0.1,0,0,0,40.6,44.6,48.2,0.61,0.51,0.41
EAUR,2019-11-08 18:00:00 EST,42.71349,-78.63173,1237,22.6,24.3,22.6,75.7,16.1,0.000,0.007,0.00,0.000,0.0,0.2,0.0,219,0,0.0,0.8,0.1,221,3,0.0,0.8,0.1,221,3,0,28.95,0.0,0,0,0,40.6,44.6,48.2,0.61,0.51,0.41
EAUR,2019-11-08 18:05:00 EST,42.71349,-78.63173,1237,22.7,24.3,22.7,73.2,15.4,0.000,0.007,0.00,0.000,0.3,0.8,0.3,188,17,0.7,1.3,0.4,185,17,0.7,1.3,0.4,185,17,0,28.95,0.0,0,0,0,40.6,44.6,48.2,0.61,0.51,0.41
EAUR,2019-11-08 18:10:00 EST,42.71349,-78.63173,1237,22.3,23.9,22.3,72.6,14.9,0.000,0.007,0.00,0.000,0.6,0.9,0.1,153,3,0.9,1.2,0.2,159,9,0.9,1.2,0.2,159,9,0,28.96,-0.1,0,0,0,40.5,44.6,48.2,0.61,0.51,0.41
EAUR,2019-11-08 18:15:00 EST,42.71349,-78.63173,1237,22.0,23.8,22.0,73.6,14.9,0.000,0.007,0.00,0.000,1.3,1.8,0.2,159,10,1.6,2.3,0.2,165,12,1.6,2.3,0.2,165,12,0,28.96,-0.1,0,0,0,40.5,44.6,48.2,0.61,0.51,0.41
EAUR,2019-11-08 18:20:00 EST,42.71349,-78.63173,1237,21.3,23.8,21.3,75.1,14.7,0.000,0.007,0.00,0.000,2.0,2.9,0.3,151,5,2.2,3.4,0.4,152,7,2.2,3.4,0.4,152,7,0,28.96,-0.1,0,0,0,40.5,44.5,48.2,0.61,0.51,0.41
EAUR,2019-11-08 18:25:00 EST,42.71349,-78.63173,1237,19.9,23.6,19.9,78.9,14.4,0.000,0.007,0.00,0.000,2.3,3.0,0.3,152,7,2.5,3.4,0.3,154,9,2.5,3.4,0.3,154,9,0,28.96,0.1,0,0,0,40.5,44.6,48.2,0.61,0.51,0.41
EAUR,2019-11-08 18:30:00 EST,42.71349,-78.63173,1237,20.3,23.9,20.3,83.4,16.1,0.000,0.007,0.00,0.000,2.2,2.9,0.3,154,5,2.6,3.2,0.3,156,7,2.6,3.2,0.3,156,7,0,28.96,0.1,0,0,0,40.5,44.6,48.2,0.61,0.51,0.41
EAUR,2019-11-08 18:35:00 EST,42.71349,-78.63173,1237,20.5,23.8,20.5,86.8,17.2,0.000,0.007,0.00,0.000,2.5,3.1,0.3,160,4,2.8,3.6,0.4,165,6,2.8,3.6,0.4,165,6,0,28.96,0.1,0,0,0,40.5,44.6,48.2,0.61,0.51,0.41
EAUR,2019-11-08 18:40:00 EST,42.71349,-78.63173,1237,20.4,23.7,16.1,87.6,17.3,0.000,0.007,0.00,0.000,2.8,3.7,0.4,160,3,3.1,4.0,0.4,165,6,3.1,4.0,0.4,165,6,0,28.96,0.1,0,0,0,40.5,44.5,48.2,0.61,0.51,0.41
EAUR,2019-11-08 18:45:00 EST,42.71349,-78.63173,1237,20.0,23.0,20.0,89.4,17.4,0.000,0.007,0.00,0.000,1.9,2.8,0.4,155,6,2.2,3.3,0.4,158,9,2.2,3.3,0.4,158,9,0,28.96,0.1,0,0,0,40.5,44.5,48.2,0.61,0.51,0.41
EAUR,2019-11-08 18:50:00 EST,42.71349,-78.63173,1237,20.2,22.7,20.2,90.8,18.0,0.000,0.007,0.00,0.000,1.5,1.8,0.1,154,5,1.7,2.4,0.2,157,9,1.7,2.4,0.2,157,9,0,28.96,0.1,0,0,0,40.5,44.6,48.2,0.61,0.51,0.41
EAUR,2019-11-08 18:55:00 EST,42.71349,-78.63173,1237,20.1,22.4,20.1,91.4,18.0,0.000,0.007,0.00,0.000,1.6,1.9,0.2,158,3,1.9,2.2,0.2,162,7,1.9,2.2,0.2,162,7,0,28.96,0.1,0,0,0,40.4,44.5,48.2,0.61,0.51,0.41
EAUR,2019-11-08 19:00:00 EST,42.71349,-78.63173,1237,20.1,22.3,20.1,91.9,18.1,0.000,0.007,0.00,0.000,2.0,2.6,0.2,162,4,2.3,2.9,0.2,168,7,2.3,2.9,0.2,168,7,0,28.96,0.1,0,0,0,40.3,44.6,48.2,0.61,0.51,0.41
EAUR,2019-11-08 19:05:00 EST,42.71349,-78.63173,1237,20.0,22.1,20.0,91.4,17.9,0.000,0.007,0.00,0.000,2.0,2.2,0.1,157,3,2.3,3.1,0.2,160,5,2.3,3.1,0.2,160,5,0,28.96,0.1,0,0,0,40.3,44.5,48.2,0.61,0.51,0.41
EAUR,2019-11-08 19:10:00 EST,42.71349,-78.63173,1237,20.1,22.4,20.1,92.1,18.2,0.000,0.007,0.00,0.000,2.1,3.0,0.2,156,4,2.4,3.0,0.2,157,6,2.4,3.0,0.2,157,6,0,28.96,0.1,0,0,0,40.3,44.5,48.2,0.61,0.51,0.41
EAUR,2019-11-08 19:15:00 EST,42.71349,-78.63173,1237,20.2,22.4,20.2,91.8,18.2,0.000,0.007,0.00,0.000,2.0,2.5,0.2,156,3,2.4,3.1,0.3,156,6,2.4,3.1,0.3,156,6,0,28.96,0.1,0,0,0,40.3,44.5,48.2,0.61,0.51,0.41
EAUR,2019-11-08 19:20:00 EST,42.71349,-78.63173,1237,20.3,22.3,20.3,91.8,18.3,0.000,0.007,0.00,0.000,2.3,3.2,0.4,166,8,2.6,3.5,0.4,171,11,2.6,3.5,0.4,171,11,0,28.96,0.0,0,0,0,40.3,44.5,48.2,0.61,0.51,0.41
EAUR,2019-11-08 19:25:00 EST,42.71349,-78.63173,1237,20.1,21.6,20.1,91.3,18.0,0.000,0.007,0.00,0.000,2.3,3.3,0.7,174,6,2.5,3.9,0.7,182,6,2.5,3.9,0.7,182,6,0,28.96,0.2,0,0,0,40.3,44.6,48.2,0.61,0.51,0.41
EAUR,2019-11-08 19:30:00 EST,42.71349,-78.63173,1237,20.3,21.4,20.3,88.9,17.6,0.000,0.007,0.00,0.000,1.0,2.1,0.4,173,10,1.4,2.9,0.5,179,13,1.4,2.9,0.5,179,13,0,28.96,0.2,0,0,0,40.3,44.5,48.2,0.61,0.51,0.41
EAUR,2019-11-08 19:35:00 EST,42.71349,-78.63173,1237,19.6,21.3,19.6,87.1,16.4,0.000,0.007,0.00,0.000,0.6,2.2,0.6,161,16,1.1,2.7,0.5,158,22,1.1,2.7,0.5,158,22,0,28.96,0.2,0,0,0,40.2,44.5,48.2,0.61,0.51,0.41
EAUR,2019-11-08 19:40:00 EST,42.71349,-78.63173,1237,19.7,21.9,19.7,88.1,16.7,0.000,0.007,0.00,0.000,1.0,1.5,0.3,135,9,1.2,1.6,0.2,140,11,1.2,1.6,0.2,140,11,0,28.96,0.1,0,0,0,40.1,44.5,48.2,0.61,0.51,0.41
EAUR,2019-11-08 19:45:00 EST,42.71349,-78.63173,1237,19.5,22.1,19.5,89.2,16.8,0.000,0.007,0.00,0.000,0.7,1.8,0.5,153,8,1.1,1.9,0.3,164,19,1.1,1.9,0.3,164,19,0,28.96,0.2,0,0,0,40.1,44.6,48.2,0.61,0.51,0.41
EAUR,2019-11-08 19:50:00 EST,42.71349,-78.63173,1237,19.3,21.9,19.3,89.7,16.8,0.000,0.007,0.00,0.000,0.8,1.5,0.3,158,8,1.1,1.6,0.2,161,14,1.1,1.6,0.2,161,14,0,28.96,0.1,0,0,0,40.1,44.5,48.2,0.61,0.51,0.41
EAUR,2019-11-08 19:55:00 EST,42.71349,-78.63173,1237,19.5,21.9,19.5,90.2,17.1,0.000,0.007,0.00,0.000,1.0,1.6,0.3,155,7,1.3,1.9,0.3,151,9,1.3,1.9,0.3,151,9,0,28.96,0.0,0,0,0,40.1,44.5,48.2,0.61,0.51,0.41
EAUR,2019-11-08 20:00:00 EST,42.71349,-78.63173,1237,19.3,22.2,19.3,90.5,16.9,0.000,0.007,0.00,0.000,1.0,1.4,0.2,149,1,1.4,1.8,0.2,154,6,1.4,1.8,0.2,154,6,0,28.96,0.1,0,0,0,40.1,44.5,48.2,0.61,0.51,0.41
EAUR,2019-11-08 20:05:00 EST,42.71349,-78.63173,1237,19.0,22.1,19.0,91.6,17.0,0.000,0.007,0.00,0.000,0.0,0.5,0.1,148,0,0.2,0.8,0.3,173,5,0.2,0.8,0.3,173,5,0,28.95,0.0,0,0,0,40.1,44.4,48.2,0.61,0.51,0.41
EAUR,2019-11-08 20:10:00 EST,42.71349,-78.63173,1237,19.0,21.6,19.0,91.8,17.0,0.000,0.007,0.00,0.000,0.0,0.0,0.0,0,0,0.6,1.2,0.5,193,5,0.6,1.2,0.5,193,5,0,28.96,0.0,0,0,0,40.1,44.5,48.2,0.61,0.51,0.41
EAUR,2019-11-08 20:15:00 EST,42.71349,-78.63173,1237,19.2,22.2,19.2,92.6,17.4,0.000,0.007,0.00,0.000,0.0,0.0,0.0,0,0,0.2,1.0,0.3,118,3,0.2,1.0,0.3,118,3,0,28.95,-0.0,0,0,0,40.0,44.5,48.2,0.61,0.51,0.41
EAUR,2019-11-08 20:20:00 EST,42.71349,-78.63173,1237,19.3,22.5,19.3,91.9,17.3,0.000,0.007,0.00,0.000,0.1,1.7,0.3,158,3,0.5,2.0,0.5,153,16,0.5,2.0,0.5,153,16,0,28.95,0.0,0,0,0,39.9,44.6,48.2,0.61,0.51,0.41
EAUR,2019-11-08 20:25:00 EST,42.71349,-78.63173,1237,18.3,21.5,18.3,89.8,15.8,0.000,0.007,0.00,0.000,0.4,1.9,0.5,158,14,0.7,2.0,0.5,155,18,0.7,2.0,0.5,155,18,0,28.95,-0.1,0,0,0,39.9,44.5,48.2,0.61,0.51,0.41
EAUR,2019-11-08 20:30:00 EST,42.71349,-78.63173,1237,18.5,22.2,18.5,90.2,16.1,0.000,0.007,0.00,0.000,0.0,0.4,0.1,123,0,0.4,1.1,0.4,114,13,0.4,1.1,0.4,114,13,0,28.95,0.0,0,0,0,39.9,44.6,48.2,0.61,0.51,0.41
EAUR,2019-11-08 20:35:00 EST,42.71349,-78.63173,1237,18.8,22.3,18.8,90.5,16.5,0.000,0.007,0.00,0.000,0.7,1.5,0.5,128,9,1.0,1.6,0.5,137,15,1.0,1.6,0.5,137,15,0,28.95,0.0,0,0,0,39.9,44.5,48.2,0.61,0.51,0.41
EAUR,2019-11-08 20:40:00 EST,42.71349,-78.63173,1237,18.8,21.8,18.8,90.5,16.5,0.000,0.007,0.00,0.000,1.1,1.6,0.3,150,10,1.4,1.9,0.3,158,12,1.4,1.9,0.3,158,12,0,28.95,-0.0,0,0,0,39.9,44.4,48.2,0.61,0.51,0.41
EAUR,2019-11-08 20:45:00 EST,42.71349,-78.63173,1237,18.6,22.0,18.6,90.7,16.3,0.000,0.007,0.00,0.000,1.4,1.9,0.2,138,5,1.6,2.2,0.2,142,6,1.6,2.2,0.2,142,6,0,28.95,0.0,0,0,0,39.9,44.5,48.2,0.61,0.51,0.41
EAUR,2019-11-08 20:50:00 EST,42.71349,-78.63173,1237,18.9,22.1,18.9,91.0,16.7,0.000,0.007,0.00,0.000,0.8,1.4,0.3,144,6,1.1,1.7,0.4,147,8,1.1,1.7,0.4,147,8,0,28.94,0.1,0,0,0,39.9,44.4,48.2,0.61,0.51,0.41
EAUR,2019-11-08 20:55:00 EST,42.71349,-78.63173,1237,19.2,21.8,19.2,91.2,17.1,0.000,0.007,0.00,0.000,0.1,1.2,0.3,145,1,0.3,1.6,0.5,154,11,0.3,1.6,0.5,154,11,0,28.94,-0.0,0,0,0,39.8,44.5,48.2,0.61,0.51,0.41
EAUR,2019-11-08 21:00:00 EST,42.71349,-78.63173,1237,19.1,21.7,19.1,91.3,16.9,0.000,0.007,0.00,0.000,0.1,1.4,0.3,203,3,0.3,1.8,0.5,221,10,0.3,1.8,0.5,221,10,0,28.94,0.0,0,0,0,39.7,44.5,48.2,0.61,0.51,0.41
EAUR,2019-11-08 21:05:00 EST,42.71349,-78.63173,1237,19.0,21.6,19.0,91.4,16.9,0.000,0.007,0.00,0.000,1.3,2.5,0.7,204,10,1.6,3.3,0.6,213,14,1.6,3.3,0.6,213,14,0,28.94,-0.0,0,0,0,39.7,44.5,48.2,0.61,0.51,0.41
EAUR,2019-11-08 21:10:00 EST,42.71349,-78.63173,1237,18.8,20.8,18.8,91.5,16.7,0.000,0.007,0.00,0.000,1.5,2.3,0.4,211,11,1.6,2.8,0.4,219,11,1.6,2.8,0.4,219,11,0,28.95,0.0,0,0,0,39.7,44.4,48.2,0.61,0.51,0.41
EAUR,2019-11-08 21:15:00 EST,42.71349,-78.63173,1237,18.7,20.0,18.7,91.6,16.7,0.000,0.007,0.00,0.000,1.8,3.3,0.8,188,10,2.0,3.9,0.8,194,11,2.0,3.9,0.8,194,11,0,28.95,0.1,0,0,0,39.7,44.6,48.2,0.61,0.51,0.41
EAUR,2019-11-08 21:20:00 EST,42.71349,-78.63173,1237,18.7,19.9,18.7,91.2,16.6,0.000,0.007,0.00,0.000,1.4,3.4,0.9,193,13,1.5,3.4,0.9,204,18,1.5,3.4,0.9,204,18,0,28.94,0.1,0,0,0,39.7,44.5,48.2,0.62,0.51,0.41
EAUR,2019-11-08 21:25:00 EST,42.71349,-78.63173,1237,18.8,20.1,18.8,90.9,16.6,0.000,0.007,0.00,0.000,2.0,3.9,0.7,178,15,2.2,4.3,0.6,187,15,2.2,4.3,0.6,187,15,0,28.94,0.1,0,0,0,39.7,44.5,48.2,0.62,0.51,0.41
EAUR,2019-11-08 21:30:00 EST,42.71349,-78.63173,1237,19.4,20.9,19.4,91.2,17.3,0.000,0.007,0.00,0.000,2.5,4.7,1.0,181,19,2.7,5.2,0.9,189,17,2.7,5.2,0.9,189,17,0,28.95,0.1,0,0,0,39.6,44.6,48.2,0.62,0.51,0.41
EAUR,2019-11-08 21:35:00 EST,42.71349,-78.63173,1237,19.8,20.8,19.8,90.5,17.5,0.000,0.007,0.00,0.000,1.5,3.6,0.7,187,22,1.7,4.8,0.8,197,21,1.7,4.8,0.8,197,21,0,28.95,0.1,0,0,0,39.6,44.5,48.2,0.62,0.51,0.41
EAUR,2019-11-08 21:40:00 EST,42.71349,-78.63173,1237,19.8,20.9,19.8,89.7,17.3,0.000,0.007,0.00,0.000,2.3,4.7,1.0,183,16,2.6,5.7,1.0,190,15,2.6,5.7,1.0,190,15,0,28.95,0.2,0,0,0,39.6,44.5,48.2,0.62,0.51,0.41
EAUR,2019-11-08 21:45:00 EST,42.71349,-78.63173,1237,20.3,21.7,14.1,88.3,17.4,0.000,0.007,0.00,0.000,4.3,6.1,0.7,173,9,4.4,6.5,0.9,179,7,4.4,6.5,0.9,179,7,0,28.95,0.1,0,0,0,39.6,44.5,48.2,0.62,0.51,0.41
EAUR,2019-11-08 21:50:00 EST,42.71349,-78.63173,1237,20.9,22.2,13.9,86.8,17.6,0.000,0.007,0.00,0.000,4.8,6.3,0.7,167,9,5.1,7.4,0.9,174,8,5.1,7.4,0.9,174,8,0,28.94,0.1,0,0,0,39.6,44.5,48.2,0.62,0.51,0.41
EAUR,2019-11-08 21:55:00 EST,42.71349,-78.63173,1237,21.2,22.3,14.0,84.4,17.2,0.000,0.007,0.00,0.000,5.0,6.9,1.0,170,8,5.4,7.5,1.0,179,8,5.4,7.5,1.0,179,8,0,28.94,0.0,0,0,0,39.6,44.6,48.2,0.62,0.51,0.41
EAUR,2019-11-08 22:00:00 EST,42.71349,-78.63173,1237,21.3,22.5,13.4,83.1,17.0,0.000,0.007,0.00,0.000,5.9,7.6,0.8,169,6,6.2,8.0,0.9,175,6,6.2,8.0,0.9,175,6,0,28.94,0.1,0,0,0,39.6,44.4,48.2,0.62,0.51,0.41
EAUR,2019-11-08 22:05:00 EST,42.71349,-78.63173,1237,21.3,22.6,14.0,82.7,16.9,0.000,0.007,0.00,0.000,5.2,7.5,1.0,171,9,5.5,8.3,1.2,180,7,5.5,8.3,1.2,180,7,0,28.94,0.1,0,0,0,39.6,44.5,48.2,0.62,0.51,0.41
EAUR,2019-11-08 22:10:00 EST,42.71349,-78.63173,1237,21.3,22.4,14.5,82.8,16.8,0.000,0.007,0.00,0.000,4.6,6.9,0.9,179,11,5.0,8.1,1.0,187,9,5.0,8.1,1.0,187,9,0,28.94,0.1,0,0,0,39.5,44.6,48.2,0.61,0.51,0.41
EAUR,2019-11-08 22:15:00 EST,42.71349,-78.63173,1237,21.5,22.5,14.9,82.4,16.9,0.000,0.007,0.00,0.000,4.4,6.7,1.0,179,11,4.8,8.5,1.2,185,9,4.8,8.5,1.2,185,9,0,28.94,0.1,0,0,0,39.4,44.5,48.2,0.61,0.51,0.41
EAUR,2019-11-08 22:20:00 EST,42.71349,-78.63173,1237,21.6,22.6,15.4,82.2,17.0,0.000,0.007,0.00,0.000,4.5,5.9,1.0,175,11,4.5,6.8,1.1,184,8,4.5,6.8,1.1,184,8,0,28.93,0.0,0,0,0,39.4,44.6,48.2,0.62,0.51,0.41
EAUR,2019-11-08 22:25:00 EST,42.71349,-78.63173,1237,21.6,22.7,14.7,82.8,17.2,0.000,0.007,0.00,0.000,4.9,7.2,1.0,179,10,5.2,7.8,1.1,186,8,5.2,7.8,1.1,186,8,0,28.93,0.1,0,0,0,39.4,44.5,48.2,0.61,0.51,0.41
EAUR,2019-11-08 22:30:00 EST,42.71349,-78.63173,1237,21.7,22.7,14.0,82.8,17.3,0.000,0.007,0.00,0.000,5.5,8.2,0.9,179,9,6.0,8.1,1.1,187,6,6.0,8.1,1.1,187,6,0,28.93,0.2,0,0,0,39.4,44.5,48.2,0.62,0.51,0.41
EAUR,2019-11-08 22:35:00 EST,42.71349,-78.63173,1237,21.6,22.6,14.4,83.1,17.3,0.000,0.007,0.00,0.000,5.0,7.5,0.8,181,11,5.4,8.7,1.2,186,9,5.4,8.7,1.2,186,9,0,28.93,0.1,0,0,0,39.4,44.5,48.2,0.62,0.51,0.41
EAUR,2019-11-08 22:40:00 EST,42.71349,-78.63173,1237,21.7,22.6,14.5,83.6,17.5,0.000,0.007,0.00,0.000,5.1,7.7,1.1,180,10,5.5,10.0,1.3,187,9,5.5,10.0,1.3,187,9,0,28.93,0.1,0,0,0,39.4,44.6,48.2,0.62,0.51,0.41
EAUR,2019-11-08 22:45:00 EST,42.71349,-78.63173,1237,21.9,22.7,14.1,83.8,17.7,0.000,0.007,0.00,0.000,5.7,8.4,1.2,177,9,6.1,10.5,1.3,185,7,6.1,10.5,1.3,185,7,0,28.93,0.1,0,0,0,39.3,44.5,48.2,0.62,0.51,0.41
EAUR,2019-11-08 22:50:00 EST,42.71349,-78.63173,1237,22.2,22.9,14.2,84.1,18.1,0.000,0.007,0.00,0.000,5.8,8.4,1.2,176,11,6.4,10.1,1.5,184,9,6.4,10.1,1.5,184,9,0,28.93,0.2,0,0,0,39.2,44.5,48.2,0.62,0.51,0.41
EAUR,2019-11-08 22:55:00 EST,42.71349,-78.63173,1237,22.4,23.0,13.8,84.0,18.3,0.000,0.007,0.00,0.000,6.6,9.9,1.3,176,10,7.1,11.7,1.6,182,8,7.1,11.7,1.6,182,8,0,28.93,0.1,0,0,0,39.2,44.6,48.2,0.62,0.51,0.41
EAUR,2019-11-08 23:00:00 EST,42.71349,-78.63173,1237,22.5,23.1,14.7,84.4,18.5,0.000,0.007,0.00,0.000,5.8,9.6,1.3,176,11,6.3,9.9,1.5,184,8,6.3,9.9,1.5,184,8,0,28.92,0.1,0,0,0,39.2,44.5,48.2,0.62,0.51,0.41
EAUR,2019-11-08 23:05:00 EST,42.71349,-78.63173,1237,22.4,23.1,15.0,84.9,18.6,0.000,0.007,0.00,0.000,5.5,8.5,1.1,174,10,5.8,8.8,1.3,182,9,5.8,8.8,1.3,182,9,0,28.92,0.1,0,0,0,39.2,44.6,48.2,0.62,0.51,0.41
EAUR,2019-11-08 23:10:00 EST,42.71349,-78.63173,1237,22.4,23.1,14.7,85.6,18.8,0.000,0.007,0.00,0.000,5.7,7.3,0.8,171,8,6.1,8.9,1.0,178,7,6.1,8.9,1.0,178,7,0,28.92,0.1,0,0,0,39.2,44.6,48.2,0.62,0.51,0.41
EAUR,2019-11-08 23:15:00 EST,42.71349,-78.63173,1237,22.3,23.0,14.8,86.2,18.8,0.000,0.007,0.00,0.000,5.4,8.2,1.1,176,9,5.8,9.4,1.2,183,8,5.8,9.4,1.2,183,8,0,28.92,0.1,0,0,0,39.2,44.5,48.2,0.62,0.51,0.41
EAUR,2019-11-08 23:20:00 EST,42.71349,-78.63173,1237,22.2,23.0,14.4,86.6,18.8,0.000,0.007,0.00,0.000,5.8,9.4,1.2,179,10,6.2,9.9,1.6,186,8,6.2,9.9,1.6,186,8,0,28.92,0.2,0,0,0,39.2,44.5,48.1,0.62,0.51,0.41
EAUR,2019-11-08 23:25:00 EST,42.71349,-78.63173,1237,22.4,23.1,14.6,86.8,19.1,0.000,0.007,0.00,0.000,5.9,9.0,1.2,178,13,6.2,9.9,1.4,184,10,6.2,9.9,1.4,184,10,0,28.92,0.2,0,0,0,39.2,44.6,48.2,0.62,0.51,0.41
EAUR,2019-11-08 23:30:00 EST,42.71349,-78.63173,1237,22.7,23.3,15.0,87.3,19.4,0.000,0.007,0.00,0.000,5.8,8.5,1.2,177,12,6.1,9.4,1.4,184,10,6.1,9.4,1.4,184,10,0,28.92,0.2,0,0,0,39.2,44.5,48.2,0.62,0.51,0.41
EAUR,2019-11-08 23:35:00 EST,42.71349,-78.63173,1237,23.0,23.5,15.2,87.4,19.9,0.000,0.007,0.00,0.000,6.0,9.0,1.5,173,10,6.4,10.4,1.6,181,7,6.4,10.4,1.6,181,7,0,28.92,0.2,0,0,0,39.2,44.6,48.1,0.62,0.51,0.41
EAUR,2019-11-08 23:40:00 EST,42.71349,-78.63173,1237,23.3,23.7,15.1,87.1,20.0,0.000,0.007,0.00,0.000,6.5,9.6,1.3,177,10,6.9,11.2,1.4,183,8,6.9,11.2,1.4,183,8,0,28.92,0.2,0,0,0,39.2,44.5,48.1,0.61,0.51,0.41
EAUR,2019-11-08 23:45:00 EST,42.71349,-78.63173,1237,23.4,23.7,14.9,86.7,20.0,0.000,0.007,0.00,0.000,6.9,9.7,1.2,172,9,7.2,11.3,1.3,180,7,7.2,11.3,1.3,180,7,0,28.91,0.2,0,0,0,39.2,44.6,48.1,0.62,0.51,0.41
EAUR,2019-11-08 23:50:00 EST,42.71349,-78.63173,1237,23.4,23.8,14.5,86.5,20.0,0.000,0.007,0.00,0.000,7.6,9.9,1.1,174,8,7.9,10.3,1.3,179,7,7.9,10.3,1.3,179,7,0,28.91,0.2,0,0,0,39.2,44.6,48.1,0.62,0.51,0.41
EAUR,2019-11-08 23:55:00 EST,42.71349,-78.63173,1237,23.3,23.8,14.8,86.0,19.7,0.000,0.007,0.00,0.000,6.8,9.3,0.8,170,7,7.2,9.6,1.0,177,6,7.2,9.6,1.0,177,6,0,28.91,0.1,0,0,0,39.2,44.6,48.1,0.62,0.51,0.41
EDIN,2019-11-08 00:00:00 EST,43.22819,-74.11293,1065,23.4,23.6,23.4,83.4,19.1,0.000,0.098,0.00,0.000,2.2,3.7,0.5,269,17,2.5,4.4,0.6,274,18,2.5,4.4,0.6,274,18,0,28.90,0.0,0,0,0,39.6,43.5,46.4,0.14,0.15,0.09
EDIN,2019-11-08 00:05:00 EST,43.22819,-74.11293,1065,23.1,23.6,23.1,82.9,18.7,0.000,0.000,0.00,0.000,2.7,3.9,0.4,260,13,3.0,4.6,0.6,264,13,3.0,4.6,0.6,264,13,0,28.90,0.0,0,0,0,39.5,43.5,46.4,0.14,0.15,0.09
EDIN,2019-11-08 00:10:00 EST,43.22819,-74.11293,1065,23.0,23.4,18.1,84.6,19.0,0.000,0.000,0.00,0.000,3.3,4.9,0.5,259,10,3.7,5.8,0.7,262,9,3.7,5.8,0.7,262,9,0,28.90,0.0,0,0,0,39.4,43.5,46.4,0.14,0.15,0.09
EDIN,2019-11-08 00:15:00 EST,43.22819,-74.11293,1065,22.8,23.2,17.9,85.2,19.0,0.000,0.000,0.00,0.000,3.3,4.8,0.7,265,14,3.7,5.5,0.9,270,13,3.7,5.5,0.9,270,13,0,28.90,0.0,0,0,0,39.4,43.5,46.4,0.14,0.15,0.09
EDIN,2019-11-08 00:20:00 EST,43.22819,-74.11293,1065,22.5,23.1,17.6,85.3,18.8,0.000,0.000,0.00,0.000,3.3,4.7,0.6,276,12,3.7,5.5,0.8,279,11,3.7,5.5,0.8,279,11,0,28.90,-0.0,0,0,0,39.4,43.5,46.4,0.14,0.15,0.09
EDIN,2019-11-08 00:25:00 EST,43.22819,-74.11293,1065,22.5,23.0,17.3,86.0,18.9,0.000,0.000,0.00,0.000,3.5,5.0,0.6,276,9,3.8,5.7,0.7,279,8,3.8,5.7,0.7,279,8,0,28.90,0.1,0,0,0,39.4,43.5,46.4,0.14,0.15,0.09
EDIN,2019-11-08 00:30:00 EST,43.22819,-74.11293,1065,22.5,22.9,17.4,86.0,18.9,0.000,0.000,0.00,0.000,3.4,4.8,0.6,273,13,3.7,5.7,0.7,277,11,3.7,5.7,0.7,277,11,0,28.90,0.1,0,0,0,39.3,43.5,46.4,0.14,0.15,0.09
EDIN,2019-11-08 00:35:00 EST,43.22819,-74.11293,1065,22.4,22.8,17.6,86.5,19.0,0.000,0.000,0.00,0.000,3.2,5.3,0.7,273,10,3.6,6.4,0.8,277,10,3.6,6.4,0.8,277,10,0,28.90,0.1,0,0,0,39.2,43.5,46.4,0.15,0.15,0.09
EDIN,2019-11-08 00:40:00 EST,43.22819,-74.11293,1065,22.4,22.7,22.4,85.7,18.7,0.000,0.000,0.00,0.000,2.3,4.2,0.7,286,11,2.5,4.6,0.8,291,11,2.5,4.6,0.8,291,11,0,28.90,0.1,0,0,0,39.2,43.4,46.4,0.14,0.15,0.09
EDIN,2019-11-08 00:45:00 EST,43.22819,-74.11293,1065,22.1,22.6,22.1,88.3,19.2,0.000,0.000,0.00,0.000,2.1,3.4,0.5,291,14,2.3,3.5,0.6,297,12,2.3,3.5,0.6,297,12,0,28.90,0.1,0,0,0,39.2,43.4,46.4,0.15,0.15,0.09
EDIN,2019-11-08 00:50:00 EST,43.22819,-74.11293,1065,22.0,22.8,22.0,88.3,19.1,0.000,0.000,0.00,0.000,0.9,2.1,0.6,327,18,1.1,2.6,0.7,328,20,1.1,2.6,0.7,328,20,0,28.90,0.1,0,0,0,39.2,43.4,46.4,0.15,0.15,0.09
EDIN,2019-11-08 00:55:00 EST,43.22819,-74.11293,1065,21.7,22.8,21.7,87.2,18.5,0.000,0.000,0.00,0.000,0.2,2.0,0.5,43,8,0.3,2.3,0.6,30,11,0.3,2.3,0.6,30,11,0,28.90,0.1,0,0,0,39.2,43.3,46.4,0.15,0.15,0.09
EDIN,2019-11-08 01:00:00 EST,43.22819,-74.11293,1065,21.5,22.7,21.5,85.3,17.8,0.000,0.000,0.00,0.000,1.1,2.0,0.7,97,33,1.4,2.6,0.8,91,32,1.4,2.6,0.8,91,32,0,28.89,-0.0,0,0,0,39.2,43.4,46.4,0.15,0.15,0.09
EDIN,2019-11-08 01:05:00 EST,43.22819,-74.11293,1065,20.8,22.0,20.8,88.0,17.8,0.000,0.000,0.00,0.000,1.5,3.1,0.8,74,38,1.7,3.4,0.8,69,36,1.7,3.4,0.8,69,36,0,28.89,0.0,0,0,0,39.2,43.3,46.4,0.15,0.15,0.09
EDIN,2019-11-08 01:10:00 EST,43.22819,-74.11293,1065,21.5,22.6,16.5,88.9,18.7,0.000,0.000,0.00,0.000,2.8,4.5,0.7,357,12,3.6,5.5,0.8,360,11,3.6,5.5,0.8,360,11,0,28.89,0.0,0,0,0,39.2,43.3,46.4,0.15,0.15,0.09
EDIN,2019-11-08 01:15:00 EST,43.22819,-74.11293,1065,21.5,22.5,21.5,87.2,18.2,0.000,0.000,0.00,0.000,2.5,4.3,0.7,333,9,2.6,5.1,0.9,335,12,2.6,5.1,0.9,335,12,0,28.89,-0.0,0,0,0,39.2,43.3,46.4,0.14,0.15,0.09
EDIN,2019-11-08 01:20:00 EST,43.22819,-74.11293,1065,21.2,22.1,21.2,88.9,18.4,0.000,0.000,0.00,0.000,1.9,3.1,0.5,306,11,2.0,3.4,0.5,309,12,2.0,3.4,0.5,309,12,0,28.89,-0.0,0,0,0,39.2,43.3,46.4,0.15,0.15,0.09
EDIN,2019-11-08 01:25:00 EST,43.22819,-74.11293,1065,21.3,21.9,21.3,90.4,18.9,0.000,0.000,0.00,0.000,1.7,2.7,0.5,320,18,1.7,2.9,0.4,328,20,1.7,2.9,0.4,328,20,0,28.89,0.1,0,0,0,39.2,43.3,46.4,0.15,0.15,0.09
EDIN,2019-11-08 01:30:00 EST,43.22819,-74.11293,1065,20.8,22.0,20.8,90.8,18.5,0.000,0.000,0.00,0.000,1.1,2.1,0.3,1,15,1.4,2.3,0.3,6,12,1.4,2.3,0.3,6,12,0,28.89,0.1,0,0,0,39.1,43.3,46.4,0.15,0.15,0.09
EDIN,2019-11-08 01:35:00 EST,43.22819,-74.11293,1065,21.2,22.0,21.2,91.9,19.2,0.000,0.000,0.00,0.000,2.2,2.9,0.5,356,13,2.8,3.8,0.5,358,8,2.8,3.8,0.5,358,8,0,28.89,0.1,0,0,0,39.0,43.3,46.4,0.15,0.15,0.09
EDIN,2019-11-08 01:40:00 EST,43.22819,-74.11293,1065,21.2,21.9,16.8,90.9,19.0,0.000,0.000,0.00,0.000,2.6,3.4,0.4,10,6,3.2,4.5,0.6,10,6,3.2,4.5,0.6,10,6,0,28.88,0.1,0,0,0,39.0,43.3,46.4,0.15,0.15,0.09
EDIN,2019-11-08 01:45:00 EST,43.22819,-74.11293,1065,21.0,21.8,16.5,91.8,19.0,0.000,0.000,0.00,0.000,2.6,3.9,0.6,350,9,3.2,5.3,0.8,353,10,3.2,5.3,0.8,353,10,0,28.88,0.1,0,0,0,39.0,43.3,46.4,0.15,0.15,0.09
EDIN,2019-11-08 01:50:00 EST,43.22819,-74.11293,1065,21.2,21.8,15.9,89.3,18.6,0.000,0.000,0.00,0.000,3.3,4.8,0.5,344,11,3.8,5.8,0.8,346,10,3.8,5.8,0.8,346,10,0,28.88,0.1,0,0,0,39.0,43.3,46.4,0.14,0.15,0.09
EDIN,2019-11-08 01:55:00 EST,43.22819,-74.11293,1065,21.2,21.8,15.9,87.7,18.1,0.000,0.000,0.00,0.000,3.5,5.0,0.5,335,9,3.8,5.9,0.7,337,10,3.8,5.9,0.7,337,10,0,28.88,0.1,0,0,0,39.0,43.3,46.4,0.15,0.15,0.09
EDIN,2019-11-08 02:00:00 EST,43.22819,-74.11293,1065,20.8,21.2,20.8,90.2,18.4,0.000,0.000,0.00,0.000,3.1,4.0,0.3,324,4,3.0,4.3,0.4,324,5,3.0,4.3,0.4,324,5,0,28.88,0.0,0,0,0,39.0,43.3,46.4,0.14,0.15,0.09
EDIN,2019-11-08 02:05:00 EST,43.22819,-74.11293,1065,20.5,21.1,20.5,91.4,18.3,0.000,0.000,0.00,0.000,2.0,3.1,0.4,313,6,1.9,2.7,0.3,311,6,1.9,2.7,0.3,311,6,0,28.88,0.1,0,0,0,38.9,43.3,46.4,0.14,0.15,0.09
EDIN,2019-11-08 02:10:00 EST,43.22819,-74.11293,1065,20.4,20.9,20.4,92.7,18.6,0.000,0.000,0.00,0.000,1.9,2.6,0.3,305,8,1.9,2.9,0.4,308,7,1.9,2.9,0.4,308,7,0,28.89,0.0,0,0,0,38.8,43.3,46.4,0.14,0.15,0.09
EDIN,2019-11-08 02:15:00 EST,43.22819,-74.11293,1065,20.3,21.2,20.3,93.0,18.6,0.000,0.000,0.00,0.000,2.5,4.3,0.8,297,11,2.6,4.7,0.8,301,11,2.6,4.7,0.8,301,11,0,28.88,0.0,0,0,0,38.8,43.3,46.4,0.15,0.15,0.09
EDIN,2019-11-08 02:20:00 EST,43.22819,-74.11293,1065,19.9,21.3,19.9,92.0,17.9,0.000,0.000,0.00,0.000,2.5,4.1,0.5,308,9,2.6,3.9,0.6,310,8,2.6,3.9,0.6,310,8,0,28.89,0.1,0,0,0,38.8,43.3,46.3,0.14,0.15,0.09
EDIN,2019-11-08 02:25:00 EST,43.22819,-74.11293,1065,20.2,21.1,20.2,92.8,18.5,0.000,0.000,0.00,0.000,2.0,3.2,0.4,328,8,2.0,3.3,0.4,329,11,2.0,3.3,0.4,329,11,0,28.88,0.2,0,0,0,38.8,43.3,46.4,0.14,0.15,0.09
EDIN,2019-11-08 02:30:00 EST,43.22819,-74.11293,1065,20.4,21.1,20.4,91.8,18.4,0.000,0.000,0.00,0.000,1.3,2.0,0.3,343,15,1.7,2.4,0.4,348,15,1.7,2.4,0.4,348,15,0,28.88,0.1,0,0,0,38.8,43.3,46.4,0.15,0.15,0.09
EDIN,2019-11-08 02:35:00 EST,43.22819,-74.11293,1065,20.4,21.0,20.4,91.0,18.2,0.000,0.000,0.00,0.000,1.1,1.7,0.2,345,12,1.5,2.3,0.3,344,18,1.5,2.3,0.3,344,18,0,28.88,0.1,0,0,0,38.8,43.3,46.4,0.14,0.15,0.09
EDIN,2019-11-08 02:40:00 EST,43.22819,-74.11293,1065,19.9,20.9,19.9,90.8,17.7,0.000,0.000,0.00,0.000,1.4,3.0,0.6,302,16,1.6,3.3,0.6,303,15,1.6,3.3,0.6,303,15,0,28.88,0.1,0,0,0,38.7,43.2,46.4,0.14,0.15,0.09
EDIN,2019-11-08 02:45:00 EST,43.22819,-74.11293,1065,20.3,20.9,20.3,92.4,18.5,0.000,0.000,0.00,0.000,2.4,3.7,0.4,275,9,2.7,4.1,0.5,280,9,2.7,4.1,0.5,280,9,0,28.89,0.1,0,0,0,38.7,43.2,46.4,0.15,0.15,0.09
EDIN,2019-11-08 02:50:00 EST,43.22819,-74.11293,1065,20.3,20.8,20.3,92.5,18.4,0.000,0.000,0.00,0.000,2.0,3.8,0.7,279,17,2.3,4.1,0.7,285,15,2.3,4.1,0.7,285,15,0,28.89,0.2,0,0,0,38.7,43.2,46.4,0.14,0.15,0.09
EDIN,2019-11-08 02:55:00 EST,43.22819,-74.11293,1065,20.2,20.8,20.2,92.6,18.4,0.000,0.000,0.00,0.000,2.0,3.1,0.3,298,11,2.0,3.5,0.4,303,10,2.0,3.5,0.4,303,10,0,28.89,0.1,0,0,0,38.7,43.2,46.4,0.14,0.15,0.09
EDIN,2019-11-08 03:00:00 EST,43.22819,-74.11293,1065,20.2,20.8,20.2,92.3,18.4,0.000,0.000,0.00,0.000,2.3,3.1,0.3,317,6,2.2,3.3,0.4,317,7,2.2,3.3,0.4,317,7,0,28.89,0.1,0,0,0,38.7,43.2,46.3,0.14,0.15,0.09
EDIN,2019-11-08 03:05:00 EST,43.22819,-74.11293,1065,19.9,20.7,19.9,91.4,17.8,0.000,0.000,0.00,0.000,2.3,2.8,0.2,317,6,2.2,3.0,0.3,316,5,2.2,3.0,0.3,316,5,0,28.89,0.0,0,0,0,38.7,43.2,46.3,0.14,0.15,0.09
EDIN,2019-11-08 03:10:00 EST,43.22819,-74.11293,1065,19.6,20.4,19.6,91.9,17.6,0.000,0.000,0.00,0.000,2.0,2.8,0.2,325,9,2.0,3.0,0.3,325,11,2.0,3.0,0.3,325,11,0,28.89,0.1,0,0,0,38.7,43.2,46.3,0.14,0.15,0.09
EDIN,2019-11-08 03:15:00 EST,43.22819,-74.11293,1065,19.8,20.3,19.8,92.2,17.9,0.000,0.000,0.00,0.000,1.9,2.4,0.2,329,6,1.9,2.5,0.3,328,10,1.9,2.5,0.3,328,10,0,28.89,0.1,0,0,0,38.6,43.2,46.3,0.14,0.15,0.09
EDIN,2019-11-08 03:20:00 EST,43.22819,-74.11293,1065,19.5,20.0,19.5,91.4,17.4,0.000,0.000,0.00,0.000,1.9,2.4,0.2,324,4,1.8,2.6,0.2,323,8,1.8,2.6,0.2,323,8,0,28.88,-0.0,0,0,0,38.5,43.2,46.2,0.14,0.15,0.09
EDIN,2019-11-08 03:25:00 EST,43.22819,-74.11293,1065,19.4,20.1,19.4,92.7,17.6,0.000,0.000,0.00,0.000,2.7,3.7,0.4,312,6,2.6,3.7,0.4,312,4,2.6,3.7,0.4,312,4,0,28.88,-0.0,0,0,0,38.5,43.2,46.3,0.14,0.15,0.09
EDIN,2019-11-08 03:30:00 EST,43.22819,-74.11293,1065,19.2,20.6,19.2,93.3,17.5,0.000,0.000,0.00,0.000,3.0,3.7,0.3,311,5,2.9,4.0,0.4,312,4,2.9,4.0,0.4,312,4,0,28.88,0.0,0,0,0,38.5,43.2,46.1,0.14,0.15,0.09
EDIN,2019-11-08 03:35:00 EST,43.22819,-74.11293,1065,19.1,20.1,19.1,93.2,17.5,0.000,0.000,0.00,0.000,2.6,3.1,0.3,330,5,2.5,3.4,0.4,330,6,2.5,3.4,0.4,330,6,0,28.88,0.2,0,0,0,38.5,43.2,46.0,0.14,0.15,0.09
EDIN,2019-11-08 03:40:00 EST,43.22819,-74.11293,1065,19.3,20.1,19.3,93.3,17.7,0.000,0.000,0.00,0.000,2.2,3.1,0.5,334,6,2.4,3.9,0.7,335,11,2.4,3.9,0.7,335,11,0,28.88,0.1,0,0,0,38.5,43.2,46.1,0.14,0.15,0.09
EDIN,2019-11-08 03:45:00 EST,43.22819,-74.11293,1065,19.3,20.3,19.3,93.4,17.7,0.000,0.000,0.00,0.000,2.5,3.5,0.6,326,12,2.6,4.1,0.7,330,13,2.6,4.1,0.7,330,13,0,28.88,0.1,0,0,0,38.5,43.2,46.1,0.14,0.15,0.09
EDIN,2019-11-08 03:50:00 EST,43.22819,-74.11293,1065,19.1,20.8,19.1,93.3,17.5,0.000,0.000,0.00,0.000,2.0,2.7,0.5,311,11,2.0,3.3,0.5,317,11,2.0,3.3,0.5,317,11,0,28.88,0.1,0,0,0,38.3,43.2,46.1,0.14,0.15,0.09
EDIN,2019-11-08 03:55:00 EST,43.22819,-74.11293,1065,18.8,19.8,18.8,93.2,17.2,0.000,0.000,0.00,0.000,1.5,2.6,0.5,339,5,2.0,3.0,0.5,346,9,2.0,3.0,0.5,346,9,0,28.88,0.1,0,0,0,38.3,43.2,46.0,0.14,0.15,0.09
EDIN,2019-11-08 04:00:00 EST,43.22819,-74.11293,1065,18.8,19.9,18.8,93.4,17.2,0.000,0.000,0.00,0.000,0.8,1.5,0.5,342,4,1.3,1.9,0.4,349,12,1.3,1.9,0.4,349,12,0,28.88,0.1,0,0,0,38.3,43.2,46.1,0.14,0.15,0.09
EDIN,2019-11-08 04:05:00 EST,43.22819,-74.11293,1065,18.7,19.9,18.7,93.6,17.2,0.000,0.000,0.00,0.000,0.4,1.8,0.5,291,16,1.1,2.2,0.6,294,22,1.1,2.2,0.6,294,22,0,28.88,0.1,0,0,0,38.3,43.2,46.0,0.14,0.15,0.09
EDIN,2019-11-08 04:10:00 EST,43.22819,-74.11293,1065,18.4,19.9,18.4,93.7,16.9,0.000,0.000,0.00,0.000,2.5,3.5,0.6,300,19,2.6,4.1,0.6,304,16,2.6,4.1,0.6,304,16,0,28.88,0.2,0,0,0,38.3,43.2,46.0,0.14,0.15,0.09
EDIN,2019-11-08 04:15:00 EST,43.22819,-74.11293,1065,18.8,19.6,18.8,94.5,17.5,0.000,0.000,0.00,0.000,2.6,4.5,0.9,323,11,2.7,4.8,0.9,324,16,2.7,4.8,0.9,324,16,0,28.89,0.1,0,0,0,38.3,43.2,46.0,0.14,0.15,0.09
EDIN,2019-11-08 04:20:00 EST,43.22819,-74.11293,1065,18.7,19.6,18.7,93.5,17.1,0.000,0.000,0.00,0.000,1.6,3.3,0.7,337,12,1.8,3.3,0.7,337,15,1.8,3.3,0.7,337,15,0,28.89,0.1,0,0,0,38.3,43.2,46.0,0.14,0.15,0.09
EDIN,2019-11-08 04:25:00 EST,43.22819,-74.11293,1065,18.5,19.4,18.5,93.5,16.9,0.000,0.000,0.00,0.000,0.9,2.3,0.9,296,13,1.5,2.5,0.6,294,8,1.5,2.5,0.6,294,8,0,28.88,-0.0,0,0,0,38.3,43.1,46.0,0.14,0.15,0.09
EDIN,2019-11-08 04:30:00 EST,43.22819,-74.11293,1065,17.6,19.3,17.6,93.3,16.0,0.000,0.000,0.00,0.000,0.9,1.8,0.4,281,3,1.4,2.0,0.3,264,17,1.4,2.0,0.3,264,17,0,28.88,0.2,0,0,0,38.3,43.1,46.0,0.14,0.15,0.09
EDIN,2019-11-08 04:35:00 EST,43.22819,-74.11293,1065,17.5,19.0,17.5,93.9,16.0,0.000,0.000,0.00,0.000,0.3,1.0,0.4,280,81,1.0,1.4,0.3,246,19,1.0,1.4,0.3,246,19,0,28.88,0.2,0,0,0,38.2,43.0,46.0,0.14,0.15,0.09
EDIN,2019-11-08 04:40:00 EST,43.22819,-74.11293,1065,17.7,19.0,17.7,95.1,16.5,0.000,0.000,0.00,0.000,0.4,1.0,0.4,280,0,0.8,1.4,0.5,261,9,0.8,1.4,0.5,261,9,0,28.88,0.1,0,0,0,38.1,43.0,46.0,0.14,0.15,0.09
EDIN,2019-11-08 04:45:00 EST,43.22819,-74.11293,1065,17.7,19.0,17.7,96.1,16.8,0.000,0.000,0.00,0.000,1.8,3.2,0.7,251,11,2.1,3.5,0.6,252,10,2.1,3.5,0.6,252,10,0,28.88,0.1,0,0,0,38.1,43.0,46.0,0.14,0.15,0.09
EDIN,2019-11-08 04:50:00 EST,43.22819,-74.11293,1065,17.9,19.3,17.9,96.6,17.1,0.000,0.000,0.00,0.000,2.7,3.6,0.4,247,2,2.8,4.0,0.5,248,5,2.8,4.0,0.5,248,5,0,28.88,0.0,0,0,0,38.1,43.0,46.0,0.14,0.15,0.09
EDIN,2019-11-08 04:55:00 EST,43.22819,-74.11293,1065,17.4,18.8,17.4,96.0,16.4,0.000,0.000,0.00,0.000,1.4,2.4,0.4,248,7,1.6,2.5,0.4,254,14,1.6,2.5,0.4,254,14,0,28.88,0.1,0,0,0,38.1,43.0,46.0,0.14,0.15,0.09
EDIN,2019-11-08 05:00:00 EST,43.22819,-74.11293,1065,17.8,18.9,17.8,96.4,16.9,0.000,0.000,0.00,0.000,1.6,2.3,0.3,244,8,1.8,2.8,0.3,248,11,1.8,2.8,0.3,248,11,0,28.88,0.1,0,0,0,38.1,43.0,46.0,0.14,0.15,0.09
EDIN,2019-11-08 05:05:00 EST,43.22819,-74.11293,1065,17.5,18.9,17.5,95.7,16.5,0.000,0.000,0.00,0.000,1.7,2.7,0.5,243,7,1.9,3.1,0.5,249,10,1.9,3.1,0.5,249,10,0,28.88,0.1,0,0,0,38.1,43.0,46.0,0.14,0.15,0.09
EDIN,2019-11-08 05:10:00 EST,43.22819,-74.11293,1065,17.8,18.7,17.8,95.8,16.8,0.000,0.000,0.00,0.000,1.2,1.8,0.2,247,9,1.5,2.5,0.3,259,11,1.5,2.5,0.3,259,11,0,28.88,0.1,0,0,0,38.1,43.0,46.0,0.14,0.15,0.09
EDIN,2019-11-08 05:15:00 EST,43.22819,-74.11293,1065,17.5,18.8,17.5,95.8,16.5,0.000,0.000,0.00,0.000,1.9,2.8,0.4,248,6,2.1,3.1,0.5,251,9,2.1,3.1,0.5,251,9,0,28.88,0.1,0,0,0,38.1,43.0,46.0,0.14,0.15,0.09
EDIN,2019-11-08 05:20:00 EST,43.22819,-74.11293,1065,17.0,19.0,17.0,95.6,15.9,0.000,0.000,0.00,0.000,2.1,3.4,0.4,246,8,2.3,4.1,0.5,249,10,2.3,4.1,0.5,249,10,0,28.88,0.2,0,0,0,37.9,43.0,46.0,0.14,0.15,0.09
EDIN,2019-11-08 05:25:00 EST,43.22819,-74.11293,1065,17.3,19.2,12.4,95.4,16.2,0.000,0.000,0.00,0.000,3.0,4.3,0.5,245,10,3.1,5.0,0.6,249,12,3.1,5.0,0.6,249,12,0,28.88,0.1,0,0,0,37.9,43.0,46.0,0.14,0.15,0.09
EDIN,2019-11-08 05:30:00 EST,43.22819,-74.11293,1065,18.5,19.6,12.3,91.6,16.5,0.000,0.000,0.00,0.000,3.6,5.3,0.7,257,12,4.1,6.6,1.0,260,12,4.1,6.6,1.0,260,12,0,28.88,0.3,0,0,0,37.9,43.0,46.0,0.14,0.15,0.09
EDIN,2019-11-08 05:35:00 EST,43.22819,-74.11293,1065,19.2,19.9,11.8,84.3,15.2,0.000,0.000,0.00,0.000,4.6,7.9,1.5,267,13,5.2,9.3,1.8,271,11,5.2,9.3,1.8,271,11,0,28.88,0.2,0,0,0,37.9,43.0,46.0,0.14,0.15,0.09
EDIN,2019-11-08 05:40:00 EST,43.22819,-74.11293,1065,19.4,20.1,11.9,81.4,14.7,0.000,0.000,0.00,0.000,4.8,10.4,1.3,273,14,5.3,12.1,1.6,275,13,5.3,12.1,1.6,275,13,0,28.88,0.3,0,0,0,37.9,43.0,46.0,0.14,0.15,0.09
EDIN,2019-11-08 05:45:00 EST,43.22819,-74.11293,1065,19.9,20.3,12.0,78.7,14.4,0.000,0.000,0.00,0.000,5.3,10.0,1.6,287,14,5.9,11.6,1.9,288,13,5.9,11.6,1.9,288,13,0,28.88,0.2,0,0,0,37.9,42.9,46.0,0.14,0.15,0.09
EDIN,2019-11-08 05:50:00 EST,43.22819,-74.11293,1065,20.3,20.6,11.9,76.8,14.2,0.000,0.000,0.00,0.000,6.0,10.7,1.8,295,16,6.4,12.2,2.2,296,16,6.4,12.2,2.2,296,16,0,28.89,0.2,0,0,0,37.9,42.9,46.0,0.14,0.15,0.09
EDIN,2019-11-08 05:55:00 EST,43.22819,-74.11293,1065,20.1,20.5,13.9,76.5,13.9,0.000,0.000,0.00,0.000,4.0,7.7,1.3,290,21,4.4,9.3,1.5,292,20,4.4,9.3,1.5,292,20,0,28.89,0.3,0,0,0,37.9,42.9,46.0,0.14,0.15,0.09
EDIN,2019-11-08 06:00:00 EST,43.22819,-74.11293,1065,20.4,20.6,14.2,76.0,14.0,0.000,0.000,0.00,0.000,4.1,6.3,1.0,300,13,4.4,7.2,1.1,302,11,4.4,7.2,1.1,302,11,0,28.89,0.2,0,0,0,37.9,42.9,46.0,0.14,0.15,0.09
EDIN,2019-11-08 06:05:00 EST,43.22819,-74.11293,1065,20.0,20.4,20.0,76.0,13.7,0.000,0.000,0.00,0.000,2.6,5.0,0.9,322,23,2.9,5.2,1.0,323,22,2.9,5.2,1.0,323,22,0,28.89,0.1,0,0,0,37.8,42.8,46.0,0.14,0.15,0.09
EDIN,2019-11-08 06:10:00 EST,43.22819,-74.11293,1065,19.3,20.0,19.3,78.0,13.5,0.000,0.000,0.00,0.000,0.9,2.6,0.8,15,30,1.3,3.1,0.8,11,31,1.3,3.1,0.8,11,31,0,28.89,0.2,0,0,0,37.8,42.8,46.0,0.14,0.15,0.09
EDIN,2019-11-08 06:15:00 EST,43.22819,-74.11293,1065,18.1,19.7,18.1,82.2,13.6,0.000,0.000,0.00,0.000,1.6,2.6,0.3,65,22,1.9,3.7,0.5,63,23,1.9,3.7,0.5,63,23,0,28.89,0.2,0,0,0,37.8,42.8,46.0,0.14,0.15,0.09
EDIN,2019-11-08 06:20:00 EST,43.22819,-74.11293,1065,18.1,19.5,18.1,86.1,14.7,0.000,0.000,0.00,0.000,1.0,1.6,0.3,74,22,1.3,2.0,0.4,68,21,1.3,2.0,0.4,68,21,0,28.90,0.2,0,0,0,37.8,42.8,46.0,0.14,0.15,0.09
EDIN,2019-11-08 06:25:00 EST,43.22819,-74.11293,1065,16.9,19.1,16.9,87.1,13.7,0.000,0.000,0.00,0.000,1.7,2.6,0.4,124,14,1.7,3.1,0.3,123,14,1.7,3.1,0.3,123,14,0,28.90,0.1,0,0,0,37.8,42.8,46.0,0.14,0.15,0.09
EDIN,2019-11-08 06:30:00 EST,43.22819,-74.11293,1065,16.5,18.1,16.5,88.2,13.6,0.000,0.000,0.00,0.000,0.5,1.3,0.4,19,27,0.8,1.6,0.5,13,25,0.8,1.6,0.5,13,25,1,28.90,0.3,0,0,0,37.8,42.8,46.0,0.14,0.15,0.09
EDIN,2019-11-08 06:35:00 EST,43.22819,-74.11293,1065,17.3,19.2,17.3,91.6,15.3,0.000,0.000,0.00,0.000,2.2,2.6,0.2,88,16,2.5,3.2,0.4,88,16,2.5,3.2,0.4,88,16,3,28.91,0.2,0,0,0,37.8,42.8,46.0,0.14,0.15,0.09
EDIN,2019-11-08 06:40:00 EST,43.22819,-74.11293,1065,16.9,19.2,16.9,90.6,14.7,0.000,0.000,0.00,0.000,2.3,3.0,0.4,111,10,2.3,3.1,0.4,109,13,2.3,3.1,0.4,109,13,7,28.91,0.1,0,0,0,37.8,42.8,46.0,0.14,0.15,0.09
EDIN,2019-11-08 06:45:00 EST,43.22819,-74.11293,1065,16.0,18.2,16.0,90.0,13.6,0.000,0.000,0.00,0.000,0.9,2.6,0.8,20,49,1.4,2.9,0.8,14,44,1.4,2.9,0.8,14,44,10,28.91,0.2,0,0,0,37.8,42.8,46.0,0.14,0.15,0.09
EDIN,2019-11-08 06:50:00 EST,43.22819,-74.11293,1065,15.8,18.2,15.8,91.0,13.6,0.000,0.000,0.00,0.000,0.9,1.5,0.4,283,37,1.2,1.8,0.4,284,35,1.2,1.8,0.4,284,35,13,28.91,0.3,0,0,0,37.7,42.8,46.0,0.14,0.15,0.09
EDIN,2019-11-08 06:55:00 EST,43.22819,-74.11293,1065,17.3,18.7,17.3,92.9,15.6,0.000,0.000,0.00,0.000,0.5,2.4,0.7,317,7,0.9,2.5,0.7,307,41,0.9,2.5,0.7,307,41,16,28.92,0.1,0,0,0,37.6,42.8,46.0,0.14,0.15,0.09
EDIN,2019-11-08 07:00:00 EST,43.22819,-74.11293,1065,17.1,18.2,17.1,90.4,14.8,0.000,0.000,0.00,0.000,2.7,4.8,0.9,314,24,2.9,5.0,0.9,316,24,2.9,5.0,0.9,316,24,22,28.92,0.2,0,0,0,37.6,42.8,46.0,0.14,0.15,0.09
EDIN,2019-11-08 07:05:00 EST,43.22819,-74.11293,1065,17.8,19.0,17.8,90.0,15.4,0.000,0.000,0.00,0.000,2.0,3.6,0.9,287,27,2.2,5.1,1.0,293,29,2.2,5.1,1.0,293,29,57,28.92,0.5,0,0,0,37.6,42.8,46.0,0.14,0.15,0.09
EDIN,2019-11-08 07:10:00 EST,43.22819,-74.11293,1065,18.3,19.2,18.3,87.4,15.2,0.000,0.000,0.00,0.000,2.4,6.1,1.0,337,13,2.7,6.7,1.3,339,13,2.7,6.7,1.3,339,13,70,28.92,0.2,0,0,0,37.6,42.8,46.0,0.14,0.15,0.09
EDIN,2019-11-08 07:15:00 EST,43.22819,-74.11293,1065,18.6,19.3,18.6,86.7,15.3,0.000,0.000,0.00,0.000,1.7,5.5,1.4,322,15,2.1,5.6,1.4,318,19,2.1,5.6,1.4,318,19,81,28.93,0.4,0,0,0,37.6,42.8,46.0,0.14,0.15,0.09
EDIN,2019-11-08 07:20:00 EST,43.22819,-74.11293,1065,19.6,19.8,19.6,80.7,14.6,0.000,0.000,0.00,0.000,2.5,5.5,0.9,302,17,2.6,5.7,0.9,305,16,2.6,5.7,0.9,305,16,95,28.93,0.3,0,0,0,37.6,42.8,46.0,0.14,0.15,0.09
EDIN,2019-11-08 07:25:00 EST,43.22819,-74.11293,1065,19.9,20.1,14.5,78.7,14.4,0.000,0.000,0.00,0.000,3.4,7.7,1.3,286,25,3.8,8.8,1.5,289,24,3.8,8.8,1.5,289,24,89,28.93,0.3,0,0,0,37.6,42.8,46.0,0.14,0.15,0.09
EDIN,2019-11-08 07:30:00 EST,43.22819,-74.11293,1065,20.2,20.2,13.1,76.8,14.1,0.000,0.000,0.00,0.000,5.0,8.0,0.9,305,14,5.1,7.7,1.0,306,14,5.1,7.7,1.0,306,14,88,28.94,0.3,0,0,0,37.6,42.8,46.0,0.14,0.15,0.09
EDIN,2019-11-08 07:35:00 EST,43.22819,-74.11293,1065,20.3,20.3,20.3,76.6,14.1,0.000,0.000,0.00,0.000,2.2,5.2,1.2,308,23,2.4,5.3,1.2,311,20,2.4,5.3,1.2,311,20,113,28.94,0.3,0,0,0,37.5,42.7,46.0,0.14,0.15,0.09
EDIN,2019-11-08 07:40:00 EST,43.22819,-74.11293,1065,20.5,20.5,15.0,76.4,14.3,0.000,0.000,0.00,0.000,3.5,8.9,1.7,316,20,3.9,8.6,1.7,317,21,3.9,8.6,1.7,317,21,150,28.94,0.3,0,0,0,37.6,42.6,46.0,0.14,0.15,0.09
EDIN,2019-11-08 07:45:00 EST,43.22819,-74.11293,1065,20.8,20.7,13.2,75.1,14.2,0.000,0.000,0.00,0.000,5.3,8.3,1.3,306,22,5.7,9.6,1.5,306,22,5.7,9.6,1.5,306,22,166,28.95,0.3,0,0,0,37.4,42.6,46.0,0.14,0.15,0.09
EDIN,2019-11-08 07:50:00 EST,43.22819,-74.11293,1065,21.0,20.8,14.8,75.1,14.4,0.000,0.000,0.00,0.000,4.2,7.0,1.1,319,19,4.5,9.1,1.3,322,18,4.5,9.1,1.3,322,18,181,28.95,0.3,0,0,0,37.4,42.6,46.0,0.14,0.15,0.09
EDIN,2019-11-08 07:55:00 EST,43.22819,-74.11293,1065,21.2,21.0,14.1,74.9,14.5,0.000,0.000,0.00,0.000,4.9,9.5,1.8,302,22,5.3,10.3,1.9,303,21,5.3,10.3,1.9,303,21,196,28.95,0.3,0,0,0,37.4,42.6,46.0,0.14,0.15,0.09
EDIN,2019-11-08 08:00:00 EST,43.22819,-74.11293,1065,21.4,21.2,12.6,73.3,14.2,0.000,0.000,0.00,0.000,6.8,11.5,1.9,326,17,7.1,11.0,1.8,328,17,7.1,11.0,1.8,328,17,208,28.95,0.3,0,0,0,37.4,42.6,46.0,0.14,0.15,0.09
EDIN,2019-11-08 08:05:00 EST,43.22819,-74.11293,1065,21.5,21.3,12.6,73.2,14.3,0.000,0.000,0.00,0.000,7.1,10.7,1.8,312,12,7.3,10.9,1.6,314,13,7.3,10.9,1.6,314,13,221,28.95,0.4,0,0,0,37.4,42.6,46.0,0.14,0.15,0.09
EDIN,2019-11-08 08:10:00 EST,43.22819,-74.11293,1065,21.8,21.5,14.9,73.5,14.6,0.000,0.000,0.00,0.000,4.9,8.8,1.4,308,20,5.1,9.7,1.6,308,19,5.1,9.7,1.6,308,19,233,28.95,0.3,0,0,0,37.4,42.6,46.0,0.14,0.15,0.09
EDIN,2019-11-08 08:15:00 EST,43.22819,-74.11293,1065,22.0,21.7,14.9,72.6,14.6,0.000,0.000,0.00,0.000,5.2,9.2,1.2,311,20,5.5,10.3,1.5,313,20,5.5,10.3,1.5,313,20,244,28.95,0.3,0,0,0,37.4,42.6,45.9,0.14,0.15,0.09
EDIN,2019-11-08 08:20:00 EST,43.22819,-74.11293,1065,22.3,22.0,13.8,73.0,15.0,0.000,0.000,0.00,0.000,6.4,9.4,1.6,311,23,7.0,12.0,1.7,312,21,7.0,12.0,1.7,312,21,253,28.95,0.4,0,0,0,37.4,42.6,45.9,0.14,0.15,0.09
EDIN,2019-11-08 08:25:00 EST,43.22819,-74.11293,1065,22.3,22.1,13.8,71.3,14.5,0.000,0.000,0.00,0.000,6.8,10.0,1.9,305,15,7.1,10.6,2.0,306,16,7.1,10.6,2.0,306,16,264,28.96,0.4,0,0,0,37.4,42.6,46.0,0.14,0.15,0.09
EDIN,2019-11-08 08:30:00 EST,43.22819,-74.11293,1065,22.7,22.4,14.0,72.5,15.2,0.000,0.000,0.00,0.000,6.9,10.9,1.5,312,17,7.4,11.5,1.4,313,16,7.4,11.5,1.4,313,16,273,28.96,0.4,0,0,0,37.4,42.6,45.9,0.14,0.15,0.09
EDIN,2019-11-08 08:35:00 EST,43.22819,-74.11293,1065,22.8,22.5,13.1,70.5,14.7,0.000,0.000,0.00,0.000,8.5,12.6,1.8,300,15,8.8,12.4,1.8,301,14,8.8,12.4,1.8,301,14,283,28.96,0.4,0,0,0,37.4,42.6,45.9,0.14,0.15,0.09
EDIN,2019-11-08 08:40:00 EST,43.22819,-74.11293,1065,23.1,22.7,13.3,70.9,15.1,0.000,0.000,0.00,0.000,8.7,14.0,2.4,320,14,9.0,14.0,2.2,322,15,9.0,14.0,2.2,322,15,293,28.96,0.3,0,0,0,37.3,42.6,45.9,0.14,0.15,0.09
EDIN,2019-11-08 08:45:00 EST,43.22819,-74.11293,1065,23.3,23.0,13.5,70.2,15.0,0.000,0.000,0.00,0.000,8.6,12.6,1.7,323,14,9.1,14.6,2.1,326,15,9.1,14.6,2.1,326,15,304,28.96,0.4,0,0,0,37.2,42.6,45.9,0.14,0.15,0.09
EDIN,2019-11-08 08:50:00 EST,43.22819,-74.11293,1065,23.6,23.2,14.1,70.4,15.3,0.000,0.000,0.00,0.000,8.4,15.6,2.5,318,19,8.7,14.9,2.5,320,18,8.7,14.9,2.5,320,18,301,28.96,0.3,0,0,0,37.2,42.6,45.9,0.14,0.15,0.09
EDIN,2019-11-08 08:55:00 EST,43.22819,-74.11293,1065,23.8,23.4,14.1,71.9,16.1,0.000,0.000,0.00,0.000,8.8,14.4,2.1,319,16,9.2,15.2,2.3,320,16,9.2,15.2,2.3,320,16,317,28.96,0.4,0,0,0,37.2,42.5,45.9,0.14,0.15,0.09
EDIN,2019-11-08 09:00:00 EST,43.22819,-74.11293,1065,23.7,23.3,13.1,70.0,15.3,0.000,0.000,0.00,0.000,10.4,17.1,2.5,320,14,10.5,17.5,2.7,321,14,10.5,17.5,2.7,321,14,329,28.96,0.4,0,0,0,37.2,42.5,45.9,0.14,0.15,0.09
EDIN,2019-11-08 09:05:00 EST,43.22819,-74.11293,1065,23.8,23.4,14.4,70.6,15.7,0.000,0.000,0.00,0.000,8.2,15.1,2.8,330,12,8.7,17.0,2.7,331,12,8.7,17.0,2.7,331,12,338,28.96,0.3,0,0,0,37.2,42.4,45.9,0.14,0.15,0.09
EDIN,2019-11-08 09:10:00 EST,43.22819,-74.11293,1065,24.1,23.7,13.5,68.8,15.3,0.000,0.000,0.00,0.000,10.2,15.4,2.6,314,24,10.7,17.3,2.6,316,23,10.7,17.3,2.6,316,23,353,28.96,0.4,0,0,0,37.2,42.4,45.9,0.14,0.15,0.09
EDIN,2019-11-08 09:15:00 EST,43.22819,-74.11293,1065,24.3,23.9,14.2,68.3,15.4,0.000,0.000,0.00,0.000,9.4,17.0,2.1,331,18,10.0,20.1,2.5,333,14,10.0,20.1,2.5,333,14,381,28.96,0.4,0,0,0,37.2,42.4,45.9,0.14,0.15,0.09
EDIN,2019-11-08 09:20:00 EST,43.22819,-74.11293,1065,24.7,24.2,16.0,68.1,15.7,0.000,0.000,0.00,0.000,7.5,12.9,2.4,333,14,7.9,13.8,2.5,336,14,7.9,13.8,2.5,336,14,384,28.96,0.4,0,0,0,37.2,42.4,45.9,0.14,0.15,0.09
EDIN,2019-11-08 09:25:00 EST,43.22819,-74.11293,1065,24.8,24.2,15.1,64.8,14.6,0.000,0.000,0.00,0.000,8.9,15.7,2.6,328,20,9.4,17.5,2.8,331,19,9.4,17.5,2.8,331,19,398,28.97,0.4,0,0,0,37.2,42.4,45.9,0.14,0.15,0.09
EDIN,2019-11-08 09:30:00 EST,43.22819,-74.11293,1065,25.1,24.5,15.7,64.3,14.7,0.000,0.000,0.00,0.000,8.6,15.3,2.9,327,22,9.1,15.6,3.1,331,22,9.1,15.6,3.1,331,22,473,28.97,0.3,0,0,0,37.2,42.4,45.9,0.14,0.15,0.09
EDIN,2019-11-08 09:35:00 EST,43.22819,-74.11293,1065,25.0,24.6,15.5,63.9,14.5,0.000,0.000,0.00,0.000,8.7,15.2,2.4,330,26,9.3,15.8,2.5,333,20,9.3,15.8,2.5,333,20,244,28.97,0.4,0,0,0,37.2,42.4,45.9,0.14,0.15,0.09
EDIN,2019-11-08 09:40:00 EST,43.22819,-74.11293,1065,25.2,24.8,15.7,62.8,14.3,0.000,0.000,0.00,0.000,8.7,13.7,2.0,292,14,9.3,15.1,2.4,292,14,9.3,15.1,2.4,292,14,331,28.97,0.3,0,0,0,37.2,42.4,45.9,0.14,0.15,0.09
EDIN,2019-11-08 09:45:00 EST,43.22819,-74.11293,1065,25.3,24.8,14.8,62.5,14.2,0.000,0.000,0.00,0.000,10.4,19.3,3.3,319,22,11.0,19.3,3.5,322,23,11.0,19.3,3.5,322,23,278,28.97,0.3,0,0,0,37.2,42.4,45.9,0.14,0.15,0.09
EDIN,2019-11-08 09:50:00 EST,43.22819,-74.11293,1065,25.3,24.9,15.9,63.7,14.7,0.000,0.000,0.00,0.000,8.7,14.0,1.9,317,19,9.1,13.6,2.0,317,22,9.1,13.6,2.0,317,22,240,28.97,0.3,0,0,0,37.2,42.4,45.9,0.14,0.15,0.09
EDIN,2019-11-08 09:55:00 EST,43.22819,-74.11293,1065,25.3,24.8,15.0,62.7,14.3,0.000,0.000,0.00,0.000,10.0,16.4,2.6,334,16,10.6,18.2,2.8,337,16,10.6,18.2,2.8,337,16,275,28.97,0.4,0,0,0,37.2,42.4,45.9,0.14,0.15,0.09
EDIN,2019-11-08 10:00:00 EST,43.22819,-74.11293,1065,25.1,24.8,14.1,61.9,13.9,0.000,0.000,0.00,0.000,11.6,17.3,2.7,326,14,12.1,17.5,2.6,328,14,12.1,17.5,2.6,328,14,291,28.97,0.4,0,0,0,37.2,42.4,45.9,0.14,0.15,0.09
EDIN,2019-11-08 10:05:00 EST,43.22819,-74.11293,1065,25.6,25.2,17.1,62.3,14.5,0.000,0.000,0.00,0.000,7.5,14.2,2.9,307,18,7.9,15.5,2.9,308,17,7.9,15.5,2.9,308,17,434,28.97,0.4,0,0,0,37.2,42.4,45.9,0.14,0.15,0.09
EDIN,2019-11-08 10:10:00 EST,43.22819,-74.11293,1065,25.7,25.3,16.1,59.3,13.5,0.000,0.000,0.00,0.000,9.5,13.9,2.3,318,15,9.7,13.6,2.3,320,16,9.7,13.6,2.3,320,16,285,28.97,0.4,0,0,0,37.2,42.4,45.9,0.14,0.15,0.09
EDIN,2019-11-08 10:15:00 EST,43.22819,-74.11293,1065,25.6,25.2,15.7,59.5,13.4,0.000,0.000,0.00,0.000,9.3,15.0,2.2,332,15,10.1,16.2,2.2,335,15,10.1,16.2,2.2,335,15,152,28.97,0.4,0,0,0,37.2,42.4,45.9,0.14,0.15,0.09
EDIN,2019-11-08 10:20:00 EST,43.22819,-74.11293,1065,25.6,25.2,17.9,60.6,13.8,0.000,0.000,0.00,0.000,6.2,12.2,2.1,322,24,6.8,13.0,2.2,323,24,6.8,13.0,2.2,323,24,159,28.97,0.4,0,0,0,37.2,42.4,45.9,0.14,0.15,0.09
EDIN,2019-11-08 10:25:00 EST,43.22819,-74.11293,1065,25.7,25.4,15.3,59.1,13.4,0.000,0.000,0.00,0.000,10.5,17.3,3.0,313,24,11.3,19.0,3.0,315,25,11.3,19.0,3.0,315,25,261,28.97,0.3,0,0,0,37.2,42.4,45.9,0.14,0.15,0.09
EDIN,2019-11-08 10:30:00 EST,43.22819,-74.11293,1065,26.3,25.7,15.5,57.5,13.3,0.000,0.000,0.00,0.000,12.0,21.0,3.6,317,16,12.2,24.2,3.7,319,16,12.2,24.2,3.7,319,16,481,28.97,0.4,0,0,0,37.2,42.4,45.9,0.14,0.15,0.09
EDIN,2019-11-08 10:35:00 EST,43.22819,-74.11293,1065,26.5,26.0,15.6,55.8,12.8,0.000,0.000,0.00,0.000,11.9,18.3,3.5,292,17,12.6,20.4,3.8,291,16,12.6,20.4,3.8,291,16,418,28.97,0.4,0,0,0,37.2,42.4,45.9,0.14,0.15,0.09
EDIN,2019-11-08 10:40:00 EST,43.22819,-74.11293,1065,26.8,26.3,15.8,54.7,12.7,0.000,0.000,0.00,0.000,12.6,22.3,3.9,304,19,13.0,24.2,4.0,305,19,13.0,24.2,4.0,305,19,393,28.97,0.3,0,0,0,37.2,42.4,45.9,0.14,0.15,0.09
EDIN,2019-11-08 10:45:00 EST,43.22819,-74.11293,1065,26.3,25.9,14.1,53.0,11.4,0.000,0.000,0.00,0.000,14.7,22.4,3.3,329,16,15.3,24.4,3.7,331,16,15.3,24.4,3.7,331,16,278,28.97,0.3,0,0,0,37.2,42.3,45.9,0.14,0.15,0.09
EDIN,2019-11-08 10:50:00 EST,43.22819,-74.11293,1065,26.5,26.0,17.3,53.0,11.6,0.000,0.000,0.00,0.000,8.8,20.0,4.2,328,24,9.3,22.4,4.6,334,24,9.3,22.4,4.6,334,24,376,28.97,0.4,0,0,0,37.2,42.3,45.9,0.14,0.15,0.09
EDIN,2019-11-08 10:55:00 EST,43.22819,-74.11293,1065,26.6,26.2,18.4,55.1,12.7,0.000,0.000,0.00,0.000,7.2,10.8,1.7,305,30,7.9,12.7,1.8,307,30,7.9,12.7,1.8,307,30,187,28.98,0.4,0,0,0,37.2,42.3,45.9,0.14,0.15,0.09
EDIN,2019-11-08 11:00:00 EST,43.22819,-74.11293,1065,26.2,25.9,17.9,56.2,12.7,0.000,0.000,0.00,0.000,7.0,12.6,2.2,322,23,7.8,15.5,2.5,323,24,7.8,15.5,2.5,323,24,153,28.98,0.4,0,0,0,37.2,42.3,45.9,0.14,0.15,0.09
EDIN,2019-11-08 11:05:00 EST,43.22819,-74.11293,1065,26.2,25.9,18.8,54.5,12.0,0.000,0.000,0.00,0.000,5.8,9.4,1.6,1,21,6.5,11.0,2.0,4,19,6.5,11.0,2.0,4,19,178,28.98,0.3,0,0,0,37.2,42.3,45.9,0.14,0.15,0.09
EDIN,2019-11-08 11:10:00 EST,43.22819,-74.11293,1065,26.2,25.8,17.8,54.3,11.9,0.000,0.000,0.00,0.000,7.5,11.8,1.9,319,18,8.0,12.8,2.0,320,19,8.0,12.8,2.0,320,19,266,28.98,0.4,0,0,0,37.2,42.3,45.9,0.14,0.15,0.09
EDIN,2019-11-08 11:15:00 EST,43.22819,-74.11293,1065,26.6,26.1,17.3,54.7,12.5,0.000,0.000,0.00,0.000,9.1,17.2,3.1,314,19,9.6,18.1,3.1,314,19,9.6,18.1,3.1,314,19,430,28.98,0.4,0,0,0,37.2,42.3,45.9,0.14,0.15,0.09
EDIN,2019-11-08 11:20:00 EST,43.22819,-74.11293,1065,27.3,26.6,17.1,53.1,12.5,0.000,0.000,0.00,0.000,11.1,19.9,3.9,331,16,11.7,21.3,4.1,335,16,11.7,21.3,4.1,335,16,560,28.98,0.4,0,0,0,37.0,42.3,45.9,0.14,0.15,0.09
EDIN,2019-11-08 11:25:00 EST,43.22819,-74.11293,1065,27.0,26.6,18.1,50.7,11.2,0.000,0.000,0.00,0.000,8.7,15.4,2.9,329,16,9.2,18.5,3.1,331,13,9.2,18.5,3.1,331,13,351,28.98,0.4,0,0,0,37.1,42.3,45.9,0.14,0.15,0.09
EDIN,2019-11-08 11:30:00 EST,43.22819,-74.11293,1065,26.9,26.4,17.7,52.4,11.8,0.000,0.000,0.00,0.000,8.7,17.5,3.8,330,20,9.4,18.2,3.8,332,20,9.4,18.2,3.8,332,20,214,28.98,0.3,0,0,0,37.1,42.3,45.9,0.14,0.15,0.09
EDIN,2019-11-08 11:35:00 EST,43.22819,-74.11293,1065,26.2,25.9,17.7,52.2,11.1,0.000,0.000,0.00,0.000,7.7,13.5,2.1,319,23,8.2,13.5,2.3,319,22,8.2,13.5,2.3,319,22,169,28.98,0.4,0,0,0,37.0,42.3,45.9,0.14,0.15,0.09
EDIN,2019-11-08 11:40:00 EST,43.22819,-74.11293,1065,26.2,25.8,15.9,55.7,12.5,0.000,0.000,0.00,0.000,10.6,20.4,4.2,302,17,11.2,22.1,4.0,302,19,11.2,22.1,4.0,302,19,191,28.98,0.3,0,0,0,37.0,42.3,45.9,0.14,0.15,0.09
EDIN,2019-11-08 11:45:00 EST,43.22819,-74.11293,1065,26.0,25.6,17.2,57.0,12.8,0.000,0.000,0.00,0.000,7.9,13.2,2.5,317,22,8.4,14.4,2.5,319,24,8.4,14.4,2.5,319,24,224,28.98,0.4,0,0,0,37.0,42.3,45.9,0.14,0.15,0.09
EDIN,2019-11-08 11:50:00 EST,43.22819,-74.11293,1065,27.0,26.4,17.5,55.1,13.0,0.000,0.000,0.00,0.000,9.6,14.2,2.3,325,23,10.2,17.5,2.5,326,21,10.2,17.5,2.5,326,21,544,28.98,0.4,0,0,0,37.0,42.3,45.9,0.14,0.15,0.09
EDIN,2019-11-08 11:55:00 EST,43.22819,-74.11293,1065,27.6,26.8,17.4,51.0,11.8,0.000,0.000,0.00,0.000,11.0,19.7,3.3,335,18,11.7,23.0,3.6,337,15,11.7,23.0,3.6,337,15,568,28.97,0.3,0,0,0,37.0,42.3,45.9,0.14,0.15,0.09
EDIN,2019-11-08 12:00:00 EST,43.22819,-74.11293,1065,27.5,26.9,17.2,48.9,10.8,0.000,0.000,0.00,0.000,10.7,18.5,3.1,329,24,11.7,20.2,3.3,334,22,11.7,20.2,3.3,334,22,477,28.97,0.4,0,0,0,37.0,42.3,45.9,0.14,0.15,0.09
EDIN,2019-11-08 12:05:00 EST,43.22819,-74.11293,1065,27.5,27.0,16.3,48.6,10.7,0.000,0.000,0.00,0.000,13.2,21.3,3.9,298,18,13.9,24.0,4.0,297,15,13.9,24.0,4.0,297,15,530,28.97,0.4,0,0,0,37.0,42.2,45.9,0.14,0.15,0.09
EDIN,2019-11-08 12:10:00 EST,43.22819,-74.11293,1065,27.3,26.7,16.0,48.5,10.4,0.000,0.000,0.00,0.000,13.6,18.9,2.8,302,16,14.0,20.2,2.8,302,17,14.0,20.2,2.8,302,17,364,28.97,0.3,0,0,0,37.0,42.1,45.9,0.14,0.15,0.09
EDIN,2019-11-08 12:15:00 EST,43.22819,-74.11293,1065,27.0,26.6,17.5,48.8,10.2,0.000,0.000,0.00,0.000,9.7,17.7,2.7,313,23,10.0,19.6,2.7,316,23,10.0,19.6,2.7,316,23,194,28.97,0.3,0,0,0,37.0,42.1,45.9,0.14,0.15,0.09
EDIN,2019-11-08 12:20:00 EST,43.22819,-74.11293,1065,27.1,26.7,18.2,50.7,11.2,0.000,0.000,0.00,0.000,8.5,15.4,2.7,298,28,9.1,15.2,2.6,297,27,9.1,15.2,2.6,297,27,210,28.97,0.3,0,0,0,37.0,42.1,45.9,0.14,0.15,0.09
EDIN,2019-11-08 12:25:00 EST,43.22819,-74.11293,1065,27.0,26.6,18.6,50.9,11.2,0.000,0.000,0.00,0.000,7.5,14.2,2.4,324,30,8.2,15.9,2.5,328,29,8.2,15.9,2.5,328,29,261,28.97,0.5,0,0,0,37.0,42.1,45.9,0.14,0.15,0.09
EDIN,2019-11-08 12:30:00 EST,43.22819,-74.11293,1065,27.1,26.6,17.7,51.1,11.4,0.000,0.000,0.00,0.000,9.2,18.0,3.1,323,26,9.9,22.4,3.3,325,24,9.9,22.4,3.3,325,24,197,28.97,0.2,0,0,0,37.0,42.1,45.9,0.14,0.15,0.09
EDIN,2019-11-08 12:35:00 EST,43.22819,-74.11293,1065,26.2,25.9,14.6,54.7,12.1,0.000,0.000,0.00,0.000,13.6,25.6,3.1,316,17,13.9,26.4,3.2,317,17,13.9,26.4,3.2,317,17,110,28.97,0.3,0,0,0,37.0,42.1,45.8,0.14,0.15,0.09
EDIN,2019-11-08 12:40:00 EST,43.22819,-74.11293,1065,25.7,25.4,16.1,57.9,12.9,0.000,0.000,0.00,0.000,9.2,15.6,2.7,299,19,9.7,16.2,2.9,299,19,9.7,16.2,2.9,299,19,230,28.97,0.5,0,0,0,37.0,42.1,45.9,0.14,0.15,0.09
EDIN,2019-11-08 12:45:00 EST,43.22819,-74.11293,1065,26.5,25.9,16.5,56.9,13.3,0.000,0.000,0.00,0.000,10.4,18.4,3.6,305,16,10.8,18.8,3.4,305,16,10.8,18.8,3.4,305,16,410,28.97,0.4,0,0,0,37.0,42.1,45.8,0.14,0.15,0.09
EDIN,2019-11-08 12:50:00 EST,43.22819,-74.11293,1065,27.4,26.6,17.5,51.9,12.1,0.000,0.000,0.00,0.000,10.1,14.5,2.6,294,20,11.0,17.1,2.6,295,19,11.0,17.1,2.6,295,19,403,28.97,0.3,0,0,0,37.0,42.1,45.8,0.14,0.15,0.09
EDIN,2019-11-08 12:55:00 EST,43.22819,-74.11293,1065,27.1,26.6,17.4,48.7,10.3,0.000,0.000,0.00,0.000,9.8,18.4,3.1,312,24,10.3,20.4,3.2,313,26,10.3,20.4,3.2,313,26,171,28.97,0.3,0,0,0,37.0,42.1,45.8,0.14,0.15,0.09
EDIN,2019-11-08 13:00:00 EST,43.22819,-74.11293,1065,27.2,26.7,16.0,49.0,10.5,0.000,0.000,0.00,0.000,12.9,24.9,4.3,330,14,13.7,23.9,3.9,331,15,13.7,23.9,3.9,331,15,258,28.97,0.3,0,0,0,37.0,42.1,45.9,0.14,0.15,0.09
EDIN,2019-11-08 13:05:00 EST,43.22819,-74.11293,1065,26.6,26.3,14.9,47.8,9.4,0.000,0.000,0.00,0.000,14.0,23.7,4.1,320,16,14.5,25.9,3.9,322,17,14.5,25.9,3.9,322,17,147,28.97,0.4,0,0,0,37.0,42.1,45.7,0.14,0.15,0.09
EDIN,2019-11-08 13:10:00 EST,43.22819,-74.11293,1065,27.1,26.5,17.4,47.6,9.8,0.000,0.000,0.00,0.000,10.1,14.8,2.6,314,19,10.5,15.4,2.4,315,19,10.5,15.4,2.4,315,19,323,28.97,0.4,0,0,0,37.0,42.1,45.7,0.14,0.15,0.09
EDIN,2019-11-08 13:15:00 EST,43.22819,-74.11293,1065,27.4,26.8,17.4,46.1,9.3,0.000,0.000,0.00,0.000,10.2,17.4,2.8,337,19,11.1,21.4,3.5,339,17,11.1,21.4,3.5,339,17,367,28.97,0.4,0,0,0,36.9,42.1,45.7,0.14,0.15,0.09
EDIN,2019-11-08 13:20:00 EST,43.22819,-74.11293,1065,27.8,27.2,20.0,46.6,9.9,0.000,0.000,0.00,0.000,6.7,14.9,3.1,300,31,7.5,15.9,2.9,303,32,7.5,15.9,2.9,303,32,398,28.97,0.4,0,0,0,36.9,42.1,45.7,0.14,0.15,0.09
EDIN,2019-11-08 13:25:00 EST,43.22819,-74.11293,1065,28.0,27.5,18.2,45.2,9.5,0.000,0.000,0.00,0.000,10.3,21.6,3.0,312,20,11.1,20.3,3.2,311,19,11.1,20.3,3.2,311,19,283,28.97,0.3,0,0,0,36.9,42.1,45.7,0.14,0.15,0.09
EDIN,2019-11-08 13:30:00 EST,43.22819,-74.11293,1065,27.5,27.1,17.3,45.1,9.0,0.000,0.000,0.00,0.000,11.3,21.1,3.1,311,20,11.8,19.8,3.0,312,20,11.8,19.8,3.0,312,20,198,28.97,0.3,0,0,0,36.9,42.1,45.7,0.14,0.15,0.09
EDIN,2019-11-08 13:35:00 EST,43.22819,-74.11293,1065,27.5,27.0,17.6,46.3,9.6,0.000,0.000,0.00,0.000,10.4,19.1,3.6,327,22,11.2,19.4,3.9,330,21,11.2,19.4,3.9,330,21,457,28.97,0.5,0,0,0,36.9,42.1,45.7,0.14,0.15,0.09
EDIN,2019-11-08 13:40:00 EST,43.22819,-74.11293,1065,28.6,27.7,20.0,46.3,10.6,0.000,0.000,0.00,0.000,8.7,16.7,2.7,303,25,9.3,18.4,2.9,303,24,9.3,18.4,2.9,303,24,460,28.98,0.4,0,0,0,36.9,42.1,45.7,0.14,0.15,0.09
EDIN,2019-11-08 13:45:00 EST,43.22819,-74.11293,1065,28.1,27.4,17.3,45.1,9.6,0.000,0.000,0.00,0.000,12.4,22.7,4.2,298,23,13.3,21.7,4.0,300,22,13.3,21.7,4.0,300,22,339,28.98,0.4,0,0,0,36.9,42.1,45.7,0.14,0.15,0.09
EDIN,2019-11-08 13:50:00 EST,43.22819,-74.11293,1065,28.1,27.3,17.8,44.7,9.4,0.000,0.000,0.00,0.000,11.9,22.6,4.3,313,21,12.4,22.4,4.1,313,19,12.4,22.4,4.1,313,19,321,28.98,0.2,0,0,0,36.9,42.0,45.7,0.14,0.15,0.09
EDIN,2019-11-08 13:55:00 EST,43.22819,-74.11293,1065,28.0,27.2,16.4,44.9,9.3,0.000,0.000,0.00,0.000,14.8,25.5,3.6,303,15,15.2,25.1,3.6,304,14,15.2,25.1,3.6,304,14,463,28.97,0.6,0,0,0,36.9,41.9,45.7,0.14,0.15,0.09
EDIN,2019-11-08 14:00:00 EST,43.22819,-74.11293,1065,29.0,28.1,20.2,45.0,10.3,0.000,0.000,0.00,0.000,9.0,18.2,4.3,316,25,9.7,18.8,4.3,317,25,9.7,18.8,4.3,317,25,504,28.97,0.3,0,0,0,36.9,41.9,45.7,0.14,0.15,0.09
EDIN,2019-11-08 14:05:00 EST,43.22819,-74.11293,1065,28.5,27.7,17.9,45.1,9.9,0.000,0.000,0.00,0.000,12.8,22.0,3.5,302,18,13.3,21.5,3.5,301,17,13.3,21.5,3.5,301,17,417,28.97,0.4,0,0,0,36.9,41.9,45.7,0.14,0.15,0.09
EDIN,2019-11-08 14:10:00 EST,43.22819,-74.11293,1065,28.2,27.5,17.8,46.1,10.1,0.000,0.000,0.00,0.000,11.7,17.4,2.3,306,23,12.5,18.3,2.4,307,23,12.5,18.3,2.4,307,23,324,28.98,0.2,0,0,0,36.9,41.9,45.7,0.14,0.15,0.09
EDIN,2019-11-08 14:15:00 EST,43.22819,-74.11293,1065,27.1,26.8,15.7,47.9,10.0,0.000,0.000,0.00,0.000,14.1,19.4,2.1,303,15,14.3,22.2,2.6,304,15,14.3,22.2,2.6,304,15,151,28.98,0.3,0,0,0,36.9,41.9,45.7,0.14,0.15,0.09
EDIN,2019-11-08 14:20:00 EST,43.22819,-74.11293,1065,26.7,26.5,17.1,49.3,10.2,0.000,0.000,0.00,0.000,9.7,15.0,2.5,325,16,10.0,15.8,2.5,328,16,10.0,15.8,2.5,328,16,94,28.98,0.3,0,0,0,36.9,41.9,45.7,0.14,0.15,0.09
EDIN,2019-11-08 14:25:00 EST,43.22819,-74.11293,1065,26.8,26.5,17.7,49.3,10.4,0.000,0.000,0.00,0.000,8.7,15.9,2.3,326,23,9.3,16.1,2.3,327,23,9.3,16.1,2.3,327,23,225,28.98,0.3,0,0,0,36.9,41.9,45.7,0.14,0.15,0.09
EDIN,2019-11-08 14:30:00 EST,43.22819,-74.11293,1065,27.3,26.7,17.1,48.8,10.6,0.000,0.000,0.00,0.000,10.6,20.8,3.6,332,17,11.6,21.5,3.8,334,17,11.6,21.5,3.8,334,17,314,28.98,0.5,0,0,0,36.9,41.9,45.7,0.14,0.15,0.09
EDIN,2019-11-08 14:35:00 EST,43.22819,-74.11293,1065,27.7,27.1,19.5,48.9,11.0,0.000,0.000,0.00,0.000,7.6,13.4,2.3,323,24,8.3,14.5,2.7,325,23,8.3,14.5,2.7,325,23,275,28.98,0.3,0,0,0,36.9,41.9,45.7,0.14,0.15,0.09
EDIN,2019-11-08 14:40:00 EST,43.22819,-74.11293,1065,27.4,27.0,19.4,49.0,10.8,0.000,0.000,0.00,0.000,7.1,13.7,2.4,330,20,7.9,15.4,2.5,334,21,7.9,15.4,2.5,334,21,247,28.98,0.3,0,0,0,36.9,41.9,45.7,0.14,0.15,0.09
EDIN,2019-11-08 14:45:00 EST,43.22819,-74.11293,1065,28.0,27.5,22.7,49.2,11.4,0.000,0.000,0.00,0.000,4.1,8.5,2.1,321,29,4.6,11.2,2.2,322,28,4.6,11.2,2.2,322,28,290,28.98,0.3,0,0,0,36.9,41.9,45.7,0.14,0.15,0.09
EDIN,2019-11-08 14:50:00 EST,43.22819,-74.11293,1065,28.5,27.6,23.3,48.1,11.3,0.000,0.000,0.00,0.000,4.2,8.8,1.5,311,29,4.6,9.7,1.7,314,28,4.6,9.7,1.7,314,28,317,28.98,0.3,0,0,0,36.9,41.9,45.7,0.14,0.15,0.09
EDIN,2019-11-08 14:55:00 EST,43.22819,-74.11293,1065,28.0,27.5,18.0,46.6,10.2,0.000,0.000,0.00,0.000,11.1,19.0,2.8,309,20,11.5,20.2,2.8,310,19,11.5,20.2,2.8,310,19,244,28.98,0.3,0,0,0,36.9,41.9,45.7,0.14,0.15,0.09
EDIN,2019-11-08 15:00:00 EST,43.22819,-74.11293,1065,27.8,27.4,18.6,46.0,9.7,0.000,0.000,0.00,0.000,9.0,17.4,3.1,333,18,9.8,17.7,3.3,335,16,9.8,17.7,3.3,335,16,182,28.99,0.3,0,0,0,36.9,41.9,45.7,0.14,0.15,0.09
EDIN,2019-11-08 15:05:00 EST,43.22819,-74.11293,1065,27.8,27.5,19.6,45.7,9.6,0.000,0.000,0.00,0.000,7.7,15.3,2.6,337,24,8.3,16.4,2.7,341,22,8.3,16.4,2.7,341,22,224,28.99,0.4,0,0,0,36.9,41.9,45.7,0.14,0.15,0.09
EDIN,2019-11-08 15:10:00 EST,43.22819,-74.11293,1065,28.3,27.6,20.5,45.4,9.9,0.000,0.000,0.00,0.000,6.8,11.3,2.1,330,23,7.7,12.9,2.1,332,25,7.7,12.9,2.1,332,25,229,28.99,0.3,0,0,0,36.9,41.9,45.7,0.14,0.15,0.09
EDIN,2019-11-08 15:15:00 EST,43.22819,-74.11293,1065,28.1,27.6,21.4,46.0,10.0,0.000,0.000,0.00,0.000,5.6,10.1,1.9,328,21,6.3,11.8,2.5,330,19,6.3,11.8,2.5,330,19,202,28.99,0.3,0,0,0,36.9,41.9,45.7,0.14,0.15,0.09
EDIN,2019-11-08 15:20:00 EST,43.22819,-74.11293,1065,27.6,27.3,17.9,46.7,9.8,0.000,0.000,0.00,0.000,10.0,15.2,2.6,332,17,10.7,16.4,2.5,334,14,10.7,16.4,2.5,334,14,116,28.99,0.3,0,0,0,36.9,41.9,45.7,0.14,0.15,0.09
EDIN,2019-11-08 15:25:00 EST,43.22819,-74.11293,1065,27.6,27.2,21.7,47.3,10.1,0.000,0.000,0.00,0.000,4.7,10.7,2.7,324,19,5.1,11.4,2.6,327,19,5.1,11.4,2.6,327,19,217,28.99,0.3,0,0,0,36.9,41.8,45.7,0.14,0.15,0.09
EDIN,2019-11-08 15:30:00 EST,43.22819,-74.11293,1065,28.2,27.6,21.1,46.8,10.5,0.000,0.000,0.00,0.000,6.4,14.9,3.6,320,25,6.8,15.2,3.3,320,29,6.8,15.2,3.3,320,29,223,29.00,0.2,0,0,0,36.9,41.8,45.7,0.14,0.15,0.09
EDIN,2019-11-08 15:35:00 EST,43.22819,-74.11293,1065,27.6,27.2,21.3,46.4,9.7,0.000,0.000,0.00,0.000,4.9,13.0,3.1,334,21,5.7,13.7,3.4,336,21,5.7,13.7,3.4,336,21,153,29.00,0.3,0,0,0,36.9,41.8,45.7,0.14,0.15,0.09
EDIN,2019-11-08 15:40:00 EST,43.22819,-74.11293,1065,27.9,27.5,23.1,48.0,10.7,0.000,0.000,0.00,0.000,3.5,6.8,1.5,350,27,4.3,8.4,1.7,353,26,4.3,8.4,1.7,353,26,136,29.00,0.3,0,0,0,36.9,41.8,45.6,0.14,0.15,0.09
EDIN,2019-11-08 15:45:00 EST,43.22819,-74.11293,1065,27.8,27.4,20.4,47.2,10.3,0.000,0.000,0.00,0.000,6.0,13.7,3.0,337,27,7.0,15.1,3.2,339,26,7.0,15.1,3.2,339,26,162,29.00,0.3,0,0,0,36.9,41.7,45.7,0.14,0.15,0.09
EDIN,2019-11-08 15:50:00 EST,43.22819,-74.11293,1065,27.3,27.0,19.1,47.7,10.1,0.000,0.000,0.00,0.000,7.2,12.4,2.4,279,21,8.1,15.0,2.8,280,19,8.1,15.0,2.8,280,19,158,29.00,0.3,0,0,0,36.9,41.7,45.6,0.14,0.15,0.09
EDIN,2019-11-08 15:55:00 EST,43.22819,-74.11293,1065,27.4,27.0,20.3,48.7,10.5,0.000,0.000,0.00,0.000,5.9,10.1,1.8,308,36,6.5,11.3,2.2,312,35,6.5,11.3,2.2,312,35,123,29.00,0.3,0,0,0,36.9,41.7,45.6,0.14,0.15,0.09
EDIN,2019-11-08 16:00:00 EST,43.22819,-74.11293,1065,27.1,26.8,18.5,47.8,9.8,0.000,0.000,0.00,0.000,8.0,14.0,2.6,333,13,8.5,14.8,2.6,334,14,8.5,14.8,2.6,334,14,116,29.01,0.3,0,0,0,36.9,41.7,45.6,0.14,0.15,0.09
EDIN,2019-11-08 16:05:00 EST,43.22819,-74.11293,1065,26.9,26.7,17.8,48.4,10.0,0.000,0.000,0.00,0.000,8.8,20.7,4.3,319,14,9.2,21.9,4.5,320,14,9.2,21.9,4.5,320,14,69,29.01,0.3,0,0,0,36.9,41.7,45.6,0.14,0.15,0.09
EDIN,2019-11-08 16:10:00 EST,43.22819,-74.11293,1065,26.6,26.5,17.5,48.8,9.9,0.000,0.000,0.00,0.000,8.9,15.6,3.0,318,16,9.1,15.8,2.8,319,17,9.1,15.8,2.8,319,17,49,29.01,0.3,0,0,0,36.9,41.7,45.5,0.14,0.15,0.09
EDIN,2019-11-08 16:15:00 EST,43.22819,-74.11293,1065,26.5,26.4,19.7,48.9,9.9,0.000,0.000,0.00,0.000,5.6,11.1,2.3,315,23,6.0,12.1,2.2,318,23,6.0,12.1,2.2,318,23,38,29.01,0.3,0,0,0,36.9,41.7,45.5,0.14,0.15,0.09
EDIN,2019-11-08 16:20:00 EST,43.22819,-74.11293,1065,26.5,26.4,18.2,49.3,10.0,0.000,0.000,0.00,0.000,7.3,13.1,3.1,318,30,7.8,14.8,3.2,320,32,7.8,14.8,3.2,320,32,32,29.01,0.3,0,0,0,36.9,41.7,45.5,0.14,0.15,0.09
EDIN,2019-11-08 16:25:00 EST,43.22819,-74.11293,1065,26.3,26.3,17.5,49.3,9.9,0.000,0.000,0.00,0.000,8.4,17.0,2.5,322,16,8.7,16.1,2.5,325,16,8.7,16.1,2.5,325,16,25,29.02,0.3,0,0,0,36.9,41.7,45.5,0.14,0.15,0.09
EDIN,2019-11-08 16:30:00 EST,43.22819,-74.11293,1065,26.2,26.2,19.5,50.3,10.2,0.000,0.000,0.00,0.000,5.6,8.7,1.6,326,15,5.8,9.7,1.8,328,15,5.8,9.7,1.8,328,15,19,29.02,0.3,0,0,0,36.8,41.7,45.5,0.14,0.15,0.09
EDIN,2019-11-08 16:35:00 EST,43.22819,-74.11293,1065,26.1,26.1,17.8,49.6,9.8,0.000,0.000,0.00,0.000,6.7,13.8,2.6,349,27,7.9,15.4,2.9,351,22,7.9,15.4,2.9,351,22,11,29.02,0.3,0,0,0,36.9,41.7,45.5,0.14,0.15,0.09
EDIN,2019-11-08 16:40:00 EST,43.22819,-74.11293,1065,25.9,25.9,18.6,49.9,9.8,0.000,0.000,0.00,0.000,5.5,10.0,1.6,341,21,6.5,12.0,2.0,342,19,6.5,12.0,2.0,342,19,6,29.02,0.3,0,0,0,36.8,41.7,45.5,0.14,0.15,0.09
EDIN,2019-11-08 16:45:00 EST,43.22819,-74.11293,1065,25.7,25.8,19.2,49.9,9.6,0.000,0.000,0.00,0.000,4.8,8.9,1.3,333,17,5.5,9.0,1.6,337,18,5.5,9.0,1.6,337,18,4,29.03,0.3,0,0,0,36.9,41.7,45.5,0.14,0.15,0.09
EDIN,2019-11-08 16:50:00 EST,43.22819,-74.11293,1065,25.5,25.6,19.6,50.6,9.7,0.000,0.000,0.00,0.000,4.2,6.3,1.1,343,21,4.8,7.7,1.3,346,20,4.8,7.7,1.3,346,20,2,29.03,0.3,0,0,0,36.8,41.7,45.5,0.14,0.15,0.09
EDIN,2019-11-08 16:55:00 EST,43.22819,-74.11293,1065,25.3,25.5,19.2,51.2,9.8,0.000,0.000,0.00,0.000,4.8,9.4,1.9,318,12,5.0,9.0,2.0,319,13,5.0,9.0,2.0,319,13,1,29.03,0.2,0,0,0,36.8,41.7,45.5,0.14,0.15,0.09
EDIN,2019-11-08 17:00:00 EST,43.22819,-74.11293,1065,25.1,25.4,19.9,52.4,10.1,0.000,0.000,0.00,0.000,4.0,5.8,1.0,305,22,4.2,6.7,1.2,308,19,4.2,6.7,1.2,308,19,0,29.03,0.2,0,0,0,36.7,41.7,45.5,0.14,0.14,0.09
EDIN,2019-11-08 17:05:00 EST,43.22819,-74.11293,1065,25.2,25.3,18.2,52.1,10.1,0.000,0.000,0.00,0.000,5.2,7.7,1.4,337,24,5.9,8.9,1.5,336,23,5.9,8.9,1.5,336,23,0,29.03,0.2,0,0,0,36.8,41.7,45.5,0.14,0.14,0.09
EDIN,2019-11-08 17:10:00 EST,43.22819,-74.11293,1065,24.9,25.0,17.3,53.3,10.3,0.000,0.000,0.00,0.000,6.1,12.5,1.9,335,15,6.6,14.3,2.1,337,15,6.6,14.3,2.1,337,15,0,29.03,0.3,0,0,0,36.7,41.7,45.5,0.14,0.14,0.09
EDIN,2019-11-08 17:15:00 EST,43.22819,-74.11293,1065,24.9,25.0,18.2,53.4,10.3,0.000,0.000,0.00,0.000,4.7,8.7,1.2,346,19,5.5,10.2,1.3,349,18,5.5,10.2,1.3,349,18,0,29.04,0.2,0,0,0,36.8,41.7,45.5,0.14,0.14,0.09
EDIN,2019-11-08 17:20:00 EST,43.22819,-74.11293,1065,24.7,24.9,19.4,54.7,10.7,0.000,0.000,0.00,0.000,3.8,6.1,0.9,327,17,4.3,6.5,1.0,329,17,4.3,6.5,1.0,329,17,0,29.04,0.3,0,0,0,36.7,41.6,45.5,0.14,0.15,0.09
EDIN,2019-11-08 17:25:00 EST,43.22819,-74.11293,1065,24.9,24.9,17.4,55.2,11.1,0.000,0.000,0.00,0.000,5.7,9.7,1.8,338,18,6.4,11.2,1.9,340,13,6.4,11.2,1.9,340,13,0,29.04,0.3,0,0,0,36.8,41.6,45.5,0.14,0.14,0.09
EDIN,2019-11-08 17:30:00 EST,43.22819,-74.11293,1065,24.8,24.8,17.0,56.0,11.3,0.000,0.000,0.00,0.000,6.2,12.6,2.6,333,12,6.9,12.9,2.6,335,13,6.9,12.9,2.6,335,13,0,29.04,0.3,0,0,0,36.7,41.5,45.5,0.14,0.15,0.09
EDIN,2019-11-08 17:35:00 EST,43.22819,-74.11293,1065,24.6,24.7,20.0,57.2,11.6,0.000,0.000,0.00,0.000,3.1,6.6,1.3,347,18,3.6,7.3,1.5,348,16,3.6,7.3,1.5,348,16,0,29.05,0.2,0,0,0,36.8,41.5,45.5,0.14,0.14,0.09
EDIN,2019-11-08 17:40:00 EST,43.22819,-74.11293,1065,24.5,24.7,18.9,57.9,11.8,0.000,0.000,0.00,0.000,3.9,7.2,1.4,338,28,4.4,9.2,1.7,344,25,4.4,9.2,1.7,344,25,0,29.05,0.3,0,0,0,36.7,41.5,45.5,0.14,0.14,0.09
EDIN,2019-11-08 17:45:00 EST,43.22819,-74.11293,1065,24.6,24.8,15.6,57.7,11.8,0.000,0.000,0.00,0.000,8.1,11.5,2.0,314,14,8.4,12.1,1.9,315,15,8.4,12.1,1.9,315,15,0,29.05,0.3,0,0,0,36.7,41.5,45.5,0.14,0.14,0.09
EDIN,2019-11-08 17:50:00 EST,43.22819,-74.11293,1065,24.5,24.6,18.2,57.8,11.8,0.000,0.000,0.00,0.000,4.6,9.5,1.5,333,21,5.1,10.5,1.6,337,20,5.1,10.5,1.6,337,20,0,29.05,0.3,0,0,0,36.7,41.5,45.5,0.14,0.14,0.09
EDIN,2019-11-08 17:55:00 EST,43.22819,-74.11293,1065,24.6,24.6,18.6,57.5,11.7,0.000,0.000,0.00,0.000,4.5,8.4,1.6,317,16,4.8,9.3,1.7,320,15,4.8,9.3,1.7,320,15,0,29.06,0.3,0,0,0,36.7,41.5,45.5,0.14,0.14,0.09
EDIN,2019-11-08 18:00:00 EST,43.22819,-74.11293,1065,24.5,24.6,18.0,58.1,11.9,0.000,0.000,0.00,0.000,5.0,8.0,1.3,326,22,5.3,8.3,1.4,328,22,5.3,8.3,1.4,328,22,0,29.06,0.3,0,0,0,36.7,41.5,45.5,0.14,0.14,0.09
EDIN,2019-11-08 18:05:00 EST,43.22819,-74.11293,1065,24.4,24.4,24.4,58.7,12.0,0.000,0.000,0.00,0.000,2.7,5.6,1.0,321,13,2.7,6.3,1.1,321,13,2.7,6.3,1.1,321,13,0,29.06,0.2,0,0,0,36.7,41.5,45.5,0.14,0.14,0.09
EDIN,2019-11-08 18:10:00 EST,43.22819,-74.11293,1065,24.4,24.5,19.2,57.8,11.7,0.000,0.000,0.00,0.000,3.9,7.7,1.1,308,20,4.1,8.1,1.2,308,19,4.1,8.1,1.2,308,19,0,29.06,0.3,0,0,0,36.7,41.5,45.5,0.14,0.15,0.09
EDIN,2019-11-08 18:15:00 EST,43.22819,-74.11293,1065,24.5,24.5,18.4,57.2,11.5,0.000,0.000,0.00,0.000,4.6,10.1,1.9,303,16,4.8,11.7,2.2,302,14,4.8,11.7,2.2,302,14,0,29.07,0.3,0,0,0,36.7,41.5,45.5,0.14,0.14,0.09
EDIN,2019-11-08 18:20:00 EST,43.22819,-74.11293,1065,24.4,24.5,16.9,57.0,11.3,0.000,0.000,0.00,0.000,6.0,9.1,1.4,315,13,6.3,9.6,1.5,315,14,6.3,9.6,1.5,315,14,0,29.07,0.2,0,0,0,36.7,41.5,45.5,0.14,0.14,0.09
EDIN,2019-11-08 18:25:00 EST,43.22819,-74.11293,1065,24.0,24.2,17.2,58.0,11.4,0.000,0.000,0.00,0.000,5.2,10.5,1.7,320,13,5.5,10.7,1.8,321,12,5.5,10.7,1.8,321,12,0,29.07,0.3,0,0,0,36.7,41.5,45.5,0.14,0.14,0.09
EDIN,2019-11-08 18:30:00 EST,43.22819,-74.11293,1065,23.9,24.2,16.2,58.4,11.4,0.000,0.000,0.00,0.000,5.9,10.6,1.3,314,23,6.4,11.7,1.4,315,21,6.4,11.7,1.4,315,21,0,29.07,0.3,0,0,0,36.7,41.5,45.5,0.14,0.15,0.09
EDIN,2019-11-08 18:35:00 EST,43.22819,-74.11293,1065,23.9,24.1,16.7,59.3,11.8,0.000,0.000,0.00,0.000,5.6,8.9,1.3,319,11,5.9,9.0,1.3,320,11,5.9,9.0,1.3,320,11,0,29.07,0.2,0,0,0,36.7,41.5,45.5,0.14,0.15,0.09
EDIN,2019-11-08 18:40:00 EST,43.22819,-74.11293,1065,23.7,23.9,16.2,59.8,11.8,0.000,0.000,0.00,0.000,5.5,12.0,2.0,332,15,6.2,14.1,2.3,335,16,6.2,14.1,2.3,335,16,0,29.07,0.3,0,0,0,36.7,41.5,45.5,0.14,0.15,0.09
EDIN,2019-11-08 18:45:00 EST,43.22819,-74.11293,1065,23.7,23.8,15.1,60.9,12.1,0.000,0.000,0.00,0.000,7.2,11.3,1.6,320,15,7.5,11.8,1.5,322,13,7.5,11.8,1.5,322,13,0,29.07,0.3,0,0,0,36.7,41.5,45.5,0.14,0.14,0.09
EDIN,2019-11-08 18:50:00 EST,43.22819,-74.11293,1065,23.6,23.8,15.5,61.6,12.3,0.000,0.000,0.00,0.000,6.7,9.9,1.6,317,12,6.9,10.4,1.6,319,11,6.9,10.4,1.6,319,11,0,29.07,0.2,0,0,0,36.7,41.5,45.5,0.14,0.15,0.09
EDIN,2019-11-08 18:55:00 EST,43.22819,-74.11293,1065,23.0,23.4,18.0,63.2,12.3,0.000,0.000,0.00,0.000,3.6,5.6,1.0,318,20,3.8,6.5,1.3,319,20,3.8,6.5,1.3,319,20,0,29.07,0.3,0,0,0,36.7,41.5,45.5,0.14,0.15,0.09
EDIN,2019-11-08 19:00:00 EST,43.22819,-74.11293,1065,23.1,23.4,18.8,63.2,12.5,0.000,0.000,0.00,0.000,3.1,5.5,0.9,293,17,3.3,5.9,1.1,294,15,3.3,5.9,1.1,294,15,0,29.07,0.3,0,0,0,36.7,41.5,45.5,0.14,0.15,0.09
EDIN,2019-11-08 19:05:00 EST,43.22819,-74.11293,1065,22.7,23.2,22.7,63.5,12.2,0.000,0.000,0.00,0.000,2.4,4.0,0.7,278,19,2.7,4.6,0.7,280,19,2.7,4.6,0.7,280,19,0,29.07,0.3,0,0,0,36.7,41.5,45.5,0.14,0.14,0.09
EDIN,2019-11-08 19:10:00 EST,43.22819,-74.11293,1065,22.7,23.1,22.7,63.8,12.3,0.000,0.000,0.00,0.000,2.8,3.9,0.5,233,19,2.8,4.3,0.6,235,20,2.8,4.3,0.6,235,20,0,29.08,0.1,0,0,0,36.7,41.5,45.5,0.14,0.14,0.09
EDIN,2019-11-08 19:15:00 EST,43.22819,-74.11293,1065,21.1,22.7,21.1,65.3,11.3,0.000,0.000,0.00,0.000,2.5,3.8,0.6,229,16,2.5,4.2,0.7,230,16,2.5,4.2,0.7,230,16,0,29.08,0.2,0,0,0,36.7,41.5,45.5,0.14,0.15,0.09
EDIN,2019-11-08 19:20:00 EST,43.22819,-74.11293,1065,21.2,22.5,21.2,66.6,11.8,0.000,0.000,0.00,0.000,1.8,3.0,0.4,226,14,1.8,3.3,0.5,228,14,1.8,3.3,0.5,228,14,0,29.08,0.3,0,0,0,36.7,41.5,45.5,0.14,0.15,0.09
EDIN,2019-11-08 19:25:00 EST,43.22819,-74.11293,1065,20.5,22.5,20.5,68.6,11.8,0.000,0.000,0.00,0.000,1.4,2.1,0.4,213,11,1.5,2.4,0.4,214,11,1.5,2.4,0.4,214,11,0,29.08,0.2,0,0,0,36.7,41.4,45.5,0.14,0.15,0.09
EDIN,2019-11-08 19:30:00 EST,43.22819,-74.11293,1065,19.9,22.0,19.9,70.2,11.8,0.000,0.000,0.00,0.000,0.9,1.4,0.2,161,31,1.2,1.6,0.2,158,30,1.2,1.6,0.2,158,30,0,29.08,0.2,0,0,0,36.7,41.5,45.5,0.14,0.15,0.09
EDIN,2019-11-08 19:35:00 EST,43.22819,-74.11293,1065,20.0,21.5,20.0,71.0,12.1,0.000,0.000,0.00,0.000,0.9,1.5,0.5,78,20,1.2,2.2,0.5,76,20,1.2,2.2,0.5,76,20,0,29.08,0.1,0,0,0,36.7,41.4,45.5,0.14,0.14,0.09
EDIN,2019-11-08 19:40:00 EST,43.22819,-74.11293,1065,19.9,21.4,19.9,72.0,12.3,0.000,0.000,0.00,0.000,0.3,1.2,0.3,69,5,0.5,1.2,0.5,79,14,0.5,1.2,0.5,79,14,0,29.09,0.2,0,0,0,36.7,41.4,45.5,0.14,0.15,0.09
EDIN,2019-11-08 19:45:00 EST,43.22819,-74.11293,1065,19.4,21.2,19.4,72.9,12.1,0.000,0.000,0.00,0.000,0.7,1.2,0.2,102,5,0.9,1.4,0.3,110,11,0.9,1.4,0.3,110,11,0,29.08,0.2,0,0,0,36.7,41.4,45.5,0.14,0.14,0.09
EDIN,2019-11-08 19:50:00 EST,43.22819,-74.11293,1065,18.9,21.1,18.9,73.9,11.9,0.000,0.000,0.00,0.000,0.3,0.9,0.3,112,8,0.6,1.4,0.4,113,21,0.6,1.4,0.4,113,21,0,29.08,0.2,0,0,0,36.7,41.4,45.5,0.14,0.14,0.09
EDIN,2019-11-08 19:55:00 EST,43.22819,-74.11293,1065,18.9,21.6,18.9,74.4,12.1,0.000,0.000,0.00,0.000,0.1,1.1,0.2,134,9,0.4,1.6,0.5,111,25,0.4,1.6,0.5,111,25,0,29.08,0.3,0,0,0,36.7,41.4,45.5,0.14,0.15,0.09
EDIN,2019-11-08 20:00:00 EST,43.22819,-74.11293,1065,18.7,20.8,18.7,75.5,12.2,0.000,0.000,0.00,0.000,0.4,1.7,0.5,30,43,0.6,2.1,0.6,28,48,0.6,2.1,0.6,28,48,0,29.09,0.2,0,0,0,36.7,41.4,45.5,0.14,0.15,0.09
EDIN,2019-11-08 20:05:00 EST,43.22819,-74.11293,1065,18.9,21.4,18.9,77.8,13.1,0.000,0.000,0.00,0.000,1.3,2.8,0.7,327,24,1.8,4.2,0.7,329,26,1.8,4.2,0.7,329,26,0,29.09,0.1,0,0,0,36.7,41.4,45.4,0.14,0.14,0.09
EDIN,2019-11-08 20:10:00 EST,43.22819,-74.11293,1065,19.4,21.4,19.4,76.2,13.1,0.000,0.000,0.00,0.000,1.8,2.3,0.3,304,16,1.8,2.8,0.3,304,14,1.8,2.8,0.3,304,14,0,29.08,0.2,0,0,0,36.7,41.4,45.4,0.14,0.15,0.09
EDIN,2019-11-08 20:15:00 EST,43.22819,-74.11293,1065,19.4,21.3,19.4,75.0,12.8,0.000,0.000,0.00,0.000,2.5,3.6,0.4,293,14,2.7,4.1,0.5,294,13,2.7,4.1,0.5,294,13,0,29.08,0.1,0,0,0,36.7,41.4,45.4,0.14,0.14,0.09
EDIN,2019-11-08 20:20:00 EST,43.22819,-74.11293,1065,19.5,21.3,14.9,75.3,13.0,0.000,0.000,0.00,0.000,3.0,4.0,0.5,293,12,3.2,4.6,0.6,294,11,3.2,4.6,0.6,294,11,0,29.08,0.1,0,0,0,36.7,41.4,45.4,0.14,0.15,0.09
EDIN,2019-11-08 20:25:00 EST,43.22819,-74.11293,1065,19.5,21.0,19.5,76.5,13.3,0.000,0.000,0.00,0.000,2.9,3.7,0.3,299,14,2.9,4.0,0.4,300,13,2.9,4.0,0.4,300,13,0,29.08,0.1,0,0,0,36.7,41.4,45.3,0.14,0.14,0.09
EDIN,2019-11-08 20:30:00 EST,43.22819,-74.11293,1065,19.5,21.4,19.5,78.0,13.8,0.000,0.000,0.00,0.000,2.8,3.8,0.4,285,8,3.0,4.2,0.5,288,8,3.0,4.2,0.5,288,8,0,29.08,0.3,0,0,0,36.7,41.4,45.3,0.14,0.15,0.09
EDIN,2019-11-08 20:35:00 EST,43.22819,-74.11293,1065,19.8,21.4,15.5,76.5,13.7,0.000,0.000,0.00,0.000,2.8,4.2,0.6,282,9,3.1,4.5,0.6,284,9,3.1,4.5,0.6,284,9,0,29.08,0.1,0,0,0,36.7,41.4,45.3,0.14,0.14,0.09
EDIN,2019-11-08 20:40:00 EST,43.22819,-74.11293,1065,19.2,21.1,19.2,79.4,13.9,0.000,0.000,0.00,0.000,1.7,2.7,0.5,291,12,1.8,3.0,0.5,295,11,1.8,3.0,0.5,295,11,0,29.08,0.2,0,0,0,36.7,41.4,45.3,0.14,0.14,0.09
EDIN,2019-11-08 20:45:00 EST,43.22819,-74.11293,1065,17.3,20.1,17.3,79.0,12.0,0.000,0.000,0.00,0.000,0.8,2.3,0.8,68,30,1.2,2.8,0.8,68,42,1.2,2.8,0.8,68,42,0,29.09,0.3,0,0,0,36.7,41.4,45.3,0.14,0.15,0.09
EDIN,2019-11-08 20:50:00 EST,43.22819,-74.11293,1065,17.8,20.3,17.8,80.7,12.8,0.000,0.000,0.00,0.000,1.2,2.0,0.3,114,16,1.3,2.3,0.3,122,18,1.3,2.3,0.3,122,18,0,29.09,0.0,0,0,0,36.7,41.4,45.3,0.14,0.14,0.09
EDIN,2019-11-08 20:55:00 EST,43.22819,-74.11293,1065,16.6,20.3,16.6,80.1,11.6,0.000,0.000,0.00,0.000,2.0,2.6,0.3,155,15,2.1,2.7,0.4,157,17,2.1,2.7,0.4,157,17,0,29.09,0.2,0,0,0,36.6,41.4,45.3,0.14,0.15,0.09
EDIN,2019-11-08 21:00:00 EST,43.22819,-74.11293,1065,15.3,20.1,15.3,81.1,10.6,0.000,0.000,0.00,0.000,1.8,2.4,0.4,177,5,2.0,2.7,0.4,182,9,2.0,2.7,0.4,182,9,0,29.09,0.4,0,0,0,36.7,41.4,45.3,0.14,0.15,0.09
EDIN,2019-11-08 21:05:00 EST,43.22819,-74.11293,1065,16.7,19.7,16.7,84.6,12.8,0.000,0.000,0.00,0.000,0.5,1.8,0.7,174,0,0.9,2.0,0.7,205,33,0.9,2.0,0.7,205,33,0,29.09,0.3,0,0,0,36.5,41.4,45.3,0.14,0.15,0.09
EDIN,2019-11-08 21:10:00 EST,43.22819,-74.11293,1065,17.4,19.2,17.4,83.8,13.4,0.000,0.000,0.00,0.000,0.6,1.4,0.5,284,12,1.2,1.6,0.2,278,20,1.2,1.6,0.2,278,20,0,29.09,0.2,0,0,0,36.5,41.4,45.3,0.14,0.14,0.09
EDIN,2019-11-08 21:15:00 EST,43.22819,-74.11293,1065,17.6,19.0,17.6,83.2,13.4,0.000,0.000,0.00,0.000,1.2,2.1,0.5,296,11,1.4,2.2,0.4,301,15,1.4,2.2,0.4,301,15,0,29.09,0.3,0,0,0,36.5,41.4,45.3,0.14,0.15,0.09
EDIN,2019-11-08 21:20:00 EST,43.22819,-74.11293,1065,18.2,18.9,18.2,82.3,13.7,0.000,0.000,0.00,0.000,0.6,1.5,0.5,319,7,0.8,1.7,0.5,321,8,0.8,1.7,0.5,321,8,0,29.09,0.2,0,0,0,36.5,41.4,45.3,0.14,0.15,0.09
EDIN,2019-11-08 21:25:00 EST,43.22819,-74.11293,1065,17.6,18.6,17.6,80.8,12.7,0.000,0.000,0.00,0.000,1.3,1.9,0.3,326,11,1.5,2.0,0.2,326,13,1.5,2.0,0.2,326,13,0,29.09,0.2,0,0,0,36.5,41.4,45.3,0.14,0.14,0.09
EDIN,2019-11-08 21:30:00 EST,43.22819,-74.11293,1065,17.1,18.5,17.1,83.0,12.9,0.000,0.000,0.00,0.000,1.0,1.7,0.3,309,5,1.2,1.8,0.4,304,9,1.2,1.8,0.4,304,9,0,29.09,0.2,0,0,0,36.5,41.4,45.3,0.14,0.14,0.09
EDIN,2019-11-08 21:35:00 EST,43.22819,-74.11293,1065,16.3,18.0,16.3,84.6,12.5,0.000,0.000,0.00,0.000,1.1,1.6,0.3,303,5,1.3,1.7,0.2,301,13,1.3,1.7,0.2,301,13,0,29.09,0.3,0,0,0,36.5,41.4,45.3,0.14,0.15,0.09
EDIN,2019-11-08 21:40:00 EST,43.22819,-74.11293,1065,17.0,18.1,17.0,86.1,13.6,0.000,0.000,0.00,0.000,1.8,2.4,0.4,317,6,1.7,2.3,0.3,318,5,1.7,2.3,0.3,318,5,0,29.09,0.2,0,0,0,36.5,41.4,45.3,0.14,0.15,0.09
EDIN,2019-11-08 21:45:00 EST,43.22819,-74.11293,1065,16.8,18.2,16.8,85.4,13.2,0.000,0.000,0.00,0.000,2.3,2.7,0.3,320,2,2.1,2.6,0.3,318,3,2.1,2.6,0.3,318,3,0,29.09,0.2,0,0,0,36.5,41.4,45.3,0.14,0.14,0.09
EDIN,2019-11-08 21:50:00 EST,43.22819,-74.11293,1065,16.9,18.1,16.9,86.3,13.5,0.000,0.000,0.00,0.000,2.2,3.2,0.5,324,5,2.2,3.3,0.4,325,9,2.2,3.3,0.4,325,9,0,29.09,0.3,0,0,0,36.5,41.3,45.3,0.14,0.14,0.09
EDIN,2019-11-08 21:55:00 EST,43.22819,-74.11293,1065,16.9,18.2,16.9,86.2,13.5,0.000,0.000,0.00,0.000,1.2,1.6,0.2,336,2,1.5,2.0,0.2,339,10,1.5,2.0,0.2,339,10,0,29.09,0.2,0,0,0,36.5,41.3,45.3,0.14,0.14,0.09
EDIN,2019-11-08 22:00:00 EST,43.22819,-74.11293,1065,16.3,17.9,16.3,87.3,13.2,0.000,0.000,0.00,0.000,1.1,2.0,0.3,334,5,1.4,2.2,0.2,340,9,1.4,2.2,0.2,340,9,0,29.09,0.3,0,0,0,36.5,41.3,45.3,0.14,0.14,0.09
EDIN,2019-11-08 22:05:00 EST,43.22819,-74.11293,1065,16.1,17.8,16.1,88.0,13.2,0.000,0.000,0.00,0.000,0.9,1.5,0.3,357,14,1.2,1.8,0.3,1,17,1.2,1.8,0.3,1,17,0,29.09,0.3,0,0,0,36.5,41.3,45.3,0.14,0.14,0.09
EDIN,2019-11-08 22:10:00 EST,43.22819,-74.11293,1065,16.0,17.4,16.0,88.9,13.3,0.000,0.000,0.00,0.000,1.8,3.2,0.9,309,7,1.9,3.2,0.6,312,9,1.9,3.2,0.6,312,9,0,29.09,0.3,0,0,0,36.5,41.3,45.3,0.14,0.15,0.09
EDIN,2019-11-08 22:15:00 EST,43.22819,-74.11293,1065,16.0,17.0,10.8,88.7,13.2,0.000,0.000,0.00,0.000,3.2,4.0,0.4,308,5,3.2,4.6,0.6,310,4,3.2,4.6,0.6,310,4,0,29.09,0.3,0,0,0,36.5,41.2,45.3,0.14,0.14,0.09
EDIN,2019-11-08 22:20:00 EST,43.22819,-74.11293,1065,15.9,17.0,15.9,88.7,13.2,0.000,0.000,0.00,0.000,2.5,3.6,0.5,315,4,2.3,3.6,0.5,316,4,2.3,3.6,0.5,316,4,0,29.09,0.3,0,0,0,36.5,41.2,45.3,0.14,0.14,0.09
EDIN,2019-11-08 22:25:00 EST,43.22819,-74.11293,1065,15.9,17.7,15.9,89.4,13.4,0.000,0.000,0.00,0.000,1.8,2.7,0.5,336,10,2.0,2.8,0.5,338,9,2.0,2.8,0.5,338,9,0,29.10,0.3,0,0,0,36.5,41.2,45.3,0.14,0.15,0.09
EDIN,2019-11-08 22:30:00 EST,43.22819,-74.11293,1065,15.5,17.4,15.5,89.7,13.0,0.000,0.000,0.00,0.000,0.6,1.3,0.4,341,0,1.0,2.0,0.5,346,10,1.0,2.0,0.5,346,10,0,29.10,0.3,0,0,0,36.5,41.2,45.3,0.14,0.14,0.09
EDIN,2019-11-08 22:35:00 EST,43.22819,-74.11293,1065,15.9,17.5,15.9,90.6,13.6,0.000,0.000,0.00,0.000,0.9,1.5,0.3,328,5,1.1,1.7,0.3,331,11,1.1,1.7,0.3,331,11,0,29.10,0.3,0,0,0,36.4,41.2,45.3,0.14,0.14,0.09
EDIN,2019-11-08 22:40:00 EST,43.22819,-74.11293,1065,15.8,16.9,15.8,89.9,13.3,0.000,0.000,0.00,0.000,1.1,2.3,0.4,332,9,1.4,2.7,0.4,332,12,1.4,2.7,0.4,332,12,0,29.10,0.2,0,0,0,36.4,41.2,45.3,0.14,0.14,0.09
EDIN,2019-11-08 22:45:00 EST,43.22819,-74.11293,1065,15.6,16.7,15.6,90.0,13.2,0.000,0.000,0.00,0.000,2.6,3.6,0.6,319,4,2.6,3.7,0.6,318,4,2.6,3.7,0.6,318,4,0,29.10,0.3,0,0,0,36.4,41.2,45.3,0.14,0.14,0.09
EDIN,2019-11-08 22:50:00 EST,43.22819,-74.11293,1065,15.2,16.6,9.5,89.6,12.7,0.000,0.000,0.00,0.000,3.5,4.6,0.6,312,5,3.5,5.0,0.7,313,4,3.5,5.0,0.7,313,4,0,29.10,0.3,0,0,0,36.3,41.2,45.3,0.14,0.14,0.09
EDIN,2019-11-08 22:55:00 EST,43.22819,-74.11293,1065,15.2,16.4,8.7,90.4,12.9,0.000,0.000,0.00,0.000,3.9,4.7,0.3,317,3,4.0,4.9,0.4,317,3,4.0,4.9,0.4,317,3,0,29.10,0.3,0,0,0,36.3,41.2,45.2,0.14,0.14,0.09
EDIN,2019-11-08 23:00:00 EST,43.22819,-74.11293,1065,15.2,16.3,8.0,90.6,13.0,0.000,0.000,0.00,0.000,4.3,5.0,0.4,322,6,4.5,5.2,0.5,323,5,4.5,5.2,0.5,323,5,0,29.10,0.3,0,0,0,36.3,41.2,45.2,0.14,0.14,0.09
EDIN,2019-11-08 23:05:00 EST,43.22819,-74.11293,1065,14.7,16.6,8.4,90.7,12.4,0.000,0.000,0.00,0.000,3.7,4.6,0.4,328,2,3.8,5.0,0.5,328,3,3.8,5.0,0.5,328,3,0,29.10,0.3,0,0,0,36.3,41.2,45.2,0.14,0.14,0.09
EDIN,2019-11-08 23:10:00 EST,43.22819,-74.11293,1065,14.6,16.3,9.4,91.5,12.5,0.000,0.000,0.00,0.000,2.9,3.7,0.4,335,6,3.1,4.2,0.4,335,7,3.1,4.2,0.4,335,7,0,29.09,0.4,0,0,0,36.3,41.2,45.2,0.14,0.14,0.09
EDIN,2019-11-08 23:15:00 EST,43.22819,-74.11293,1065,14.6,16.5,14.6,91.8,12.7,0.000,0.000,0.00,0.000,2.3,3.4,0.4,339,7,2.6,3.7,0.4,341,8,2.6,3.7,0.4,341,8,0,29.09,0.3,0,0,0,36.3,41.2,45.2,0.14,0.14,0.09
EDIN,2019-11-08 23:20:00 EST,43.22819,-74.11293,1065,14.6,16.4,14.6,91.7,12.6,0.000,0.000,0.00,0.000,1.8,3.4,0.4,350,9,2.2,3.9,0.4,351,10,2.2,3.9,0.4,351,10,0,29.09,0.3,0,0,0,36.3,41.2,45.2,0.14,0.14,0.09
EDIN,2019-11-08 23:25:00 EST,43.22819,-74.11293,1065,14.5,16.1,14.5,91.7,12.6,0.000,0.000,0.00,0.000,2.0,3.4,0.6,334,6,2.1,3.8,0.6,333,9,2.1,3.8,0.6,333,9,0,29.09,0.3,0,0,0,36.3,41.2,45.1,0.14,0.14,0.09
EDIN,2019-11-08 23:30:00 EST,43.22819,-74.11293,1065,14.4,16.0,9.3,91.7,12.5,0.000,0.000,0.00,0.000,2.9,4.4,0.5,331,5,3.1,4.8,0.7,332,6,3.1,4.8,0.7,332,6,0,29.09,0.3,0,0,0,36.3,41.2,45.1,0.14,0.14,0.09
EDIN,2019-11-08 23:35:00 EST,43.22819,-74.11293,1065,14.4,15.5,7.6,91.7,12.4,0.000,0.000,0.00,0.000,3.9,4.7,0.4,330,3,4.1,4.9,0.6,331,4,4.1,4.9,0.6,331,4,0,29.10,0.4,0,0,0,36.3,41.2,45.1,0.14,0.14,0.09
EDIN,2019-11-08 23:40:00 EST,43.22819,-74.11293,1065,14.6,15.2,6.8,91.7,12.7,0.000,0.000,0.00,0.000,4.7,5.6,0.4,326,3,4.9,5.8,0.4,326,3,4.9,5.8,0.4,326,3,0,29.10,0.4,0,0,0,36.3,41.2,45.1,0.14,0.14,0.09
EDIN,2019-11-08 23:45:00 EST,43.22819,-74.11293,1065,14.7,15.4,8.9,91.2,12.6,0.000,0.000,0.00,0.000,3.2,4.4,0.6,335,5,3.5,4.9,0.7,336,7,3.5,4.9,0.7,336,7,0,29.10,0.3,0,0,0,36.3,41.2,45.1,0.14,0.14,0.09
EDIN,2019-11-08 23:50:00 EST,43.22819,-74.11293,1065,14.4,15.2,7.8,91.1,12.3,0.000,0.000,0.00,0.000,3.8,4.4,0.3,325,4,4.0,4.7,0.4,324,4,4.0,4.7,0.4,324,4,0,29.10,0.4,0,0,0,36.3,41.2,45.1,0.14,0.14,0.09
EDIN,2019-11-08 23:55:00 EST,43.22819,-74.11293,1065,14.4,15.3,6.9,91.1,12.3,0.000,0.000,0.00,0.000,4.5,5.5,0.7,322,2,4.6,6.1,0.8,323,3,4.6,6.1,0.8,323,3,0,29.10,0.4,0,0,0,36.3,41.2,45.1,0.14,0.14,0.09
EDWA,2019-11-08 00:00:00 EST,44.32177,-75.24413,682,17.4,18.7,17.4,95.4,16.3,0.000,0.281,0.00,0.000,0.0,0.0,0.0,0,0,0.0,0.0,0.0,0,0,0.0,0.0,0.0,0,0,0,29.37,0.3,0,0,0,41.7,44.8,46.9,0.59,0.46,0.37
EDWA,2019-11-08 00:05:00 EST,44.32177,-75.24413,682,17.4,18.6,17.4,94.9,16.2,0.000,0.000,0.00,0.000,0.0,0.0,0.0,0,0,0.0,0.0,0.0,0,0,0.0,0.0,0.0,0,0,0,29.37,0.2,0,0,0,41.5,44.8,46.9,0.59,0.46,0.37
EDWA,2019-11-08 00:10:00 EST,44.32177,-75.24413,682,17.5,18.6,17.5,95.6,16.4,0.000,0.000,0.00,0.000,0.0,0.0,0.0,0,0,0.2,0.8,0.3,105,2,0.2,0.8,0.3,105,2,0,29.36,0.2,0,0,0,41.5,44.8,46.9,0.59,0.46,0.36
EDWA,2019-11-08 00:15:00 EST,44.32177,-75.24413,682,16.9,18.5,16.9,95.5,15.9,0.000,0.000,0.00,0.000,0.1,0.5,0.2,106,0,0.5,0.9,0.4,116,5,0.5,0.9,0.4,116,5,0,29.36,0.2,0,0,0,41.5,44.8,46.9,0.59,0.46,0.37
EDWA,2019-11-08 00:20:00 EST,44.32177,-75.24413,682,16.4,18.2,16.4,94.5,15.1,0.000,0.000,0.00,0.000,0.1,0.5,0.1,106,0,0.6,1.0,0.4,57,26,0.6,1.0,0.4,57,26,0,29.36,0.2,0,0,0,41.5,44.8,46.9,0.59,0.46,0.36
EDWA,2019-11-08 00:25:00 EST,44.32177,-75.24413,682,16.7,18.5,16.7,94.3,15.3,0.000,0.000,0.00,0.000,0.0,0.0,0.0,0,0,0.0,0.8,0.1,8,0,0.0,0.8,0.1,8,0,0,29.36,0.3,0,0,0,41.5,44.8,46.9,0.59,0.46,0.36
EDWA,2019-11-08 00:30:00 EST,44.32177,-75.24413,682,16.8,18.5,16.8,94.4,15.5,0.000,0.000,0.00,0.000,0.0,0.0,0.0,0,0,0.0,0.7,0.1,116,0,0.0,0.7,0.1,116,0,0,29.36,0.3,0,0,0,41.5,44.8,46.9,0.59,0.46,0.37
EDWA,2019-11-08 00:35:00 EST,44.32177,-75.24413,682,16.2,18.1,16.2,94.0,14.8,0.000,0.000,0.00,0.000,0.0,0.0,0.0,0,0,0.0,0.0,0.0,0,0,0.0,0.0,0.0,0,0,0,29.36,0.3,0,0,0,41.5,44.8,46.9,0.59,0.46,0.36
EDWA,2019-11-08 00:40:00 EST,44.32177,-75.24413,682,16.6,18.2,16.6,94.8,15.4,0.000,0.000,0.00,0.000,0.0,0.0,0.0,0,0,0.0,0.7,0.1,210,0,0.0,0.7,0.1,210,0,0,29.36,0.2,0,0,0,41.5,44.8,46.9,0.59,0.45,0.37
EDWA,2019-11-08 00:45:00 EST,44.32177,-75.24413,682,16.7,18.0,16.7,94.9,15.5,0.000,0.000,0.00,0.000,0.0,0.0,0.0,0,0,0.6,1.2,0.5,212,8,0.6,1.2,0.5,212,8,0,29.36,0.2,0,0,0,41.5,44.8,46.9,0.59,0.46,0.37
EDWA,2019-11-08 00:50:00 EST,44.32177,-75.24413,682,16.5,17.8,16.5,94.6,15.2,0.000,0.000,0.00,0.000,0.0,0.0,0.0,0,0,0.0,0.8,0.2,250,4,0.0,0.8,0.2,250,4,0,29.35,0.3,0,0,0,41.5,44.8,46.9,0.59,0.46,0.36
EDWA,2019-11-08 00:55:00 EST,44.32177,-75.24413,682,16.1,17.7,16.1,94.8,14.9,0.000,0.000,0.00,0.000,0.0,0.0,0.0,0,0,0.2,1.1,0.4,57,7,0.2,1.1,0.4,57,7,0,29.35,0.2,0,0,0,41.5,44.8,46.9,0.59,0.46,0.37
EDWA,2019-11-08 01:00:00 EST,44.32177,-75.24413,682,15.7,17.5,15.7,94.0,14.3,0.000,0.000,0.00,0.000,0.0,0.0,0.0,0,0,0.0,0.8,0.2,356,14,0.0,0.8,0.2,356,14,0,29.35,0.2,0,0,0,41.4,44.8,46.9,0.59,0.46,0.37
EDWA,2019-11-08 01:05:00 EST,44.32177,-75.24413,682,16.1,17.3,16.1,94.5,14.8,0.000,0.000,0.00,0.000,0.0,0.7,0.1,106,81,0.6,1.3,0.4,234,14,0.6,1.3,0.4,234,14,0,29.35,0.2,0,0,0,41.4,44.8,46.9,0.59,0.46,0.37
EDWA,2019-11-08 01:10:00 EST,44.32177,-75.24413,682,16.0,17.1,16.0,94.7,14.8,0.000,0.000,0.00,0.000,0.0,0.6,0.1,106,81,0.6,1.4,0.5,212,19,0.6,1.4,0.5,212,19,0,29.35,0.2,0,0,0,41.4,44.8,46.9,0.59,0.46,0.37
EDWA,2019-11-08 01:15:00 EST,44.32177,-75.24413,682,15.8,16.7,15.8,94.4,14.5,0.000,0.000,0.00,0.000,0.0,0.0,0.0,0,0,0.3,1.0,0.4,213,15,0.3,1.0,0.4,213,15,0,29.35,0.3,0,0,0,41.4,44.8,46.9,0.59,0.45,0.37
EDWA,2019-11-08 01:20:00 EST,44.32177,-75.24413,682,15.7,16.4,15.7,94.0,14.3,0.000,0.000,0.00,0.000,0.0,0.0,0.0,0,0,0.0,0.0,0.0,0,0,0.0,0.0,0.0,0,0,0,29.35,0.3,0,0,0,41.4,44.8,46.9,0.59,0.46,0.37
EDWA,2019-11-08 01:25:00 EST,44.32177,-75.24413,682,15.9,16.4,15.9,93.8,14.5,0.000,0.000,0.00,0.000,0.0,0.0,0.0,0,0,0.1,0.8,0.2,98,6,0.1,0.8,0.2,98,6,0,29.35,0.3,0,0,0,41.4,44.8,46.9,0.59,0.46,0.37
EDWA,2019-11-08 01:30:00 EST,44.32177,-75.24413,682,16.0,16.5,16.0,94.5,14.7,0.000,0.000,0.00,0.000,0.0,0.1,0.0,106,0,0.2,0.9,0.3,264,10,0.2,0.9,0.3,264,10,0,29.35,0.2,0,0,0,41.4,44.8,46.9,0.59,0.45,0.37
EDWA,2019-11-08 01:35:00 EST,44.32177,-75.24413,682,15.6,16.4,15.6,94.6,14.3,0.000,0.000,0.00,0.000,0.2,0.9,0.3,195,15,0.4,1.5,0.5,208,11,0.4,1.5,0.5,208,11,0,29.35,0.3,0,0,0,41.4,44.8,46.9,0.59,0.46,0.37
EDWA,2019-11-08 01:40:00 EST,44.32177,-75.24413,682,15.2,16.2,15.2,93.3,13.6,0.000,0.000,0.00,0.000,0.0,0.0,0.0,0,0,0.1,0.8,0.2,350,1,0.1,0.8,0.2,350,1,0,29.35,0.3,0,0,0,41.4,44.8,46.9,0.59,0.45,0.37
EDWA,2019-11-08 01:45:00 EST,44.32177,-75.24413,682,15.5,16.5,15.5,93.2,13.9,0.000,0.000,0.00,0.000,0.0,0.0,0.0,0,0,0.1,1.0,0.3,333,3,0.1,1.0,0.3,333,3,0,29.35,0.2,0,0,0,41.3,44.8,46.9,0.59,0.45,0.37
EDWA,2019-11-08 01:50:00 EST,44.32177,-75.24413,682,15.2,16.5,15.2,93.7,13.7,0.000,0.000,0.00,0.000,0.0,0.0,0.0,0,0,0.0,0.0,0.0,0,0,0.0,0.0,0.0,0,0,0,29.36,0.3,0,0,0,41.2,44.8,46.9,0.59,0.46,0.37
EDWA,2019-11-08 01:55:00 EST,44.32177,-75.24413,682,15.4,16.5,15.4,94.4,14.1,0.000,0.000,0.00,0.000,0.0,0.0,0.0,0,0,0.1,0.8,0.2,254,1,0.1,0.8,0.2,254,1,0,29.36,0.2,0,0,0,41.2,44.8,46.9,0.59,0.45,0.37
EDWA,2019-11-08 02:00:00 EST,44.32177,-75.24413,682,14.9,16.2,14.9,93.5,13.4,0.000,0.000,0.00,0.000,0.0,0.0,0.0,0,0,0.0,0.8,0.1,248,0,0.0,0.8,0.1,248,0,0,29.36,0.3,0,0,0,41.2,44.8,46.9,0.59,0.45,0.37
EDWA,2019-11-08 02:05:00 EST,44.32177,-75.24413,682,15.2,16.0,15.2,93.1,13.6,0.000,0.000,0.00,0.000,0.0,0.0,0.0,0,0,0.0,0.8,0.1,163,0,0.0,0.8,0.1,163,0,0,29.36,0.3,0,0,0,41.2,44.8,46.9,0.59,0.46,0.37
EDWA,2019-11-08 02:10:00 EST,44.32177,-75.24413,682,15.1,15.9,15.1,93.0,13.4,0.000,0.000,0.00,0.000,0.0,0.4,0.1,202,81,0.1,1.2,0.3,16,18,0.1,1.2,0.3,16,18,0,29.36,0.3,0,0,0,41.2,44.8,46.9,0.59,0.45,0.37
EDWA,2019-11-08 02:15:00 EST,44.32177,-75.24413,682,15.0,16.0,15.0,93.2,13.4,0.000,0.000,0.00,0.000,0.0,0.0,0.0,0,0,0.0,0.0,0.0,0,0,0.0,0.0,0.0,0,0,0,29.36,0.3,0,0,0,41.2,44.8,46.9,0.59,0.45,0.37
EDWA,2019-11-08 02:20:00 EST,44.32177,-75.24413,682,14.9,16.0,14.9,92.5,13.1,0.000,0.000,0.00,0.000,0.0,0.0,0.0,0,0,0.1,0.9,0.3,15,2,0.1,0.9,0.3,15,2,0,29.36,0.3,0,0,0,41.2,44.8,46.9,0.59,0.46,0.37
EDWA,2019-11-08 02:25:00 EST,44.32177,-75.24413,682,15.1,16.0,15.1,92.8,13.4,0.000,0.000,0.00,0.000,0.0,0.0,0.0,0,0,0.0,0.0,0.0,0,0,0.0,0.0,0.0,0,0,0,29.35,0.3,0,0,0,41.2,44.8,46.9,0.59,0.45,0.36
EDWA,2019-11-08 02:30:00 EST,44.32177,-75.24413,682,14.8,16.0,14.8,94.2,13.5,0.000,0.000,0.00,0.000,0.2,0.7,0.3,202,0,0.3,1.4,0.4,204,6,0.3,1.4,0.4,204,6,0,29.35,0.3,0,0,0,41.1,44.8,46.9,0.59,0.45,0.37
EDWA,2019-11-08 02:35:00 EST,44.32177,-75.24413,682,14.6,15.9,14.6,94.0,13.2,0.000,0.000,0.00,0.000,0.2,0.8,0.3,202,0,0.3,1.1,0.4,188,8,0.3,1.1,0.4,188,8,0,29.35,0.2,0,0,0,41.0,44.7,46.9,0.59,0.45,0.36
EDWA,2019-11-08 02:40:00 EST,44.32177,-75.24413,682,14.9,16.0,14.9,93.2,13.3,0.000,0.000,0.00,0.000,0.1,0.7,0.2,202,0,0.3,1.2,0.4,211,20,0.3,1.2,0.4,211,20,0,29.35,0.3,0,0,0,41.0,44.6,46.9,0.59,0.45,0.37
EDWA,2019-11-08 02:45:00 EST,44.32177,-75.24413,682,14.7,16.1,14.7,93.0,13.1,0.000,0.000,0.00,0.000,0.5,0.9,0.3,202,0,0.7,1.3,0.4,208,11,0.7,1.3,0.4,208,11,0,29.35,0.3,0,0,0,41.0,44.6,46.9,0.59,0.45,0.37
EDWA,2019-11-08 02:50:00 EST,44.32177,-75.24413,682,14.5,15.8,14.5,92.9,12.8,0.000,0.000,0.00,0.000,0.1,0.9,0.3,202,0,0.1,1.2,0.3,199,3,0.1,1.2,0.3,199,3,0,29.35,0.2,0,0,0,41.0,44.6,46.9,0.59,0.45,0.37
EDWA,2019-11-08 02:55:00 EST,44.32177,-75.24413,682,14.5,15.6,14.5,92.7,12.8,0.000,0.000,0.00,0.000,0.0,0.4,0.1,202,0,0.1,1.0,0.3,184,5,0.1,1.0,0.3,184,5,0,29.35,0.3,0,0,0,41.0,44.6,46.9,0.59,0.45,0.37
EDWA,2019-11-08 03:00:00 EST,44.32177,-75.24413,682,14.1,15.4,14.1,92.4,12.3,0.000,0.000,0.00,0.000,0.0,0.0,0.0,0,0,0.0,0.8,0.1,198,2,0.0,0.8,0.1,198,2,0,29.35,0.4,0,0,0,41.0,44.6,46.9,0.59,0.46,0.36
EDWA,2019-11-08 03:05:00 EST,44.32177,-75.24413,682,14.3,15.2,14.3,92.1,12.4,0.000,0.000,0.00,0.000,0.0,0.0,0.0,0,0,0.0,0.0,0.0,0,0,0.0,0.0,0.0,0,0,0,29.35,0.3,0,0,0,41.0,44.6,46.9,0.59,0.45,0.37
EDWA,2019-11-08 03:10:00 EST,44.32177,-75.24413,682,14.5,15.6,14.5,93.4,12.9,0.000,0.000,0.00,0.000,0.2,0.8,0.3,155,2,0.6,1.2,0.4,111,25,0.6,1.2,0.4,111,25,0,29.35,0.4,0,0,0,41.0,44.6,46.9,0.59,0.45,0.37
EDWA,2019-11-08 03:15:00 EST,44.32177,-75.24413,682,14.5,15.4,14.5,93.9,13.1,0.000,0.000,0.00,0.000,0.1,0.8,0.2,155,1,0.2,1.2,0.4,133,5,0.2,1.2,0.4,133,5,0,29.35,0.4,0,0,0,41.0,44.6,46.9,0.59,0.45,0.37
EDWA,2019-11-08 03:20:00 EST,44.32177,-75.24413,682,14.7,15.5,14.7,93.2,13.1,0.000,0.000,0.00,0.000,0.0,0.0,0.0,0,0,0.0,0.7,0.1,167,1,0.0,0.7,0.1,167,1,0,29.35,0.3,0,0,0,41.0,44.6,46.9,0.59,0.45,0.37
EDWA,2019-11-08 03:25:00 EST,44.32177,-75.24413,682,14.4,15.7,14.4,92.5,12.6,0.000,0.000,0.00,0.000,0.0,0.4,0.1,154,0,0.1,1.2,0.3,348,2,0.1,1.2,0.3,348,2,0,29.35,0.3,0,0,0,41.0,44.6,46.9,0.59,0.45,0.37
EDWA,2019-11-08 03:30:00 EST,44.32177,-75.24413,682,14.5,15.7,14.5,93.2,12.9,0.000,0.000,0.00,0.000,0.0,0.0,0.0,0,0,0.0,0.0,0.0,0,0,0.0,0.0,0.0,0,0,0,29.36,0.3,0,0,0,40.9,44.6,46.9,0.59,0.46,0.37
EDWA,2019-11-08 03:35:00 EST,44.32177,-75.24413,682,14.3,15.5,14.3,92.7,12.6,0.000,0.000,0.00,0.000,0.0,0.0,0.0,0,0,0.0,0.8,0.2,290,2,0.0,0.8,0.2,290,2,0,29.36,0.4,0,0,0,40.8,44.6,46.9,0.59,0.45,0.37
EDWA,2019-11-08 03:40:00 EST,44.32177,-75.24413,682,14.6,15.8,14.6,92.8,12.9,0.000,0.000,0.00,0.000,0.0,0.0,0.0,0,0,0.2,0.8,0.3,266,9,0.2,0.8,0.3,266,9,0,29.36,0.3,0,0,0,40.8,44.6,46.9,0.59,0.45,0.37
EDWA,2019-11-08 03:45:00 EST,44.32177,-75.24413,682,14.7,15.6,14.7,93.9,13.2,0.000,0.000,0.00,0.000,0.0,0.0,0.0,0,0,0.5,1.1,0.4,214,5,0.5,1.1,0.4,214,5,0,29.36,0.3,0,0,0,40.8,44.6,46.9,0.59,0.45,0.37
EDWA,2019-11-08 03:50:00 EST,44.32177,-75.24413,682,14.2,15.4,14.2,93.3,12.6,0.000,0.000,0.00,0.000,0.3,0.7,0.3,154,81,1.1,1.5,0.4,189,8,1.1,1.5,0.4,189,8,0,29.36,0.4,0,0,0,40.8,44.6,46.9,0.59,0.45,0.37
EDWA,2019-11-08 03:55:00 EST,44.32177,-75.24413,682,14.2,15.3,14.2,92.9,12.5,0.000,0.000,0.00,0.000,0.0,0.4,0.1,154,81,0.7,1.3,0.5,198,6,0.7,1.3,0.5,198,6,0,29.36,0.4,0,0,0,40.8,44.6,46.9,0.59,0.45,0.37
EDWA,2019-11-08 04:00:00 EST,44.32177,-75.24413,682,14.5,15.4,14.5,93.3,12.9,0.000,0.000,0.00,0.000,0.2,0.8,0.3,154,0,0.5,1.3,0.5,166,7,0.5,1.3,0.5,166,7,0,29.36,0.5,0,0,0,40.8,44.6,46.9,0.59,0.45,0.37
EDWA,2019-11-08 04:05:00 EST,44.32177,-75.24413,682,15.0,15.1,15.0,94.0,13.6,0.000,0.000,0.00,0.000,0.0,0.4,0.1,154,0,0.1,0.9,0.2,119,2,0.1,0.9,0.2,119,2,0,29.36,0.4,0,0,0,40.8,44.6,46.9,0.59,0.45,0.36
EDWA,2019-11-08 04:10:00 EST,44.32177,-75.24413,682,15.5,15.6,15.5,94.3,14.2,0.000,0.000,0.00,0.000,0.0,0.5,0.1,154,0,0.2,1.0,0.3,146,9,0.2,1.0,0.3,146,9,0,29.36,0.4,0,0,0,40.8,44.6,46.9,0.59,0.45,0.37
EDWA,2019-11-08 04:15:00 EST,44.32177,-75.24413,682,15.8,16.1,15.8,94.1,14.4,0.000,0.000,0.00,0.000,0.5,1.5,0.4,176,8,0.9,1.8,0.5,172,10,0.9,1.8,0.5,172,10,0,29.36,0.5,0,0,0,40.8,44.6,46.9,0.59,0.45,0.37
EDWA,2019-11-08 04:20:00 EST,44.32177,-75.24413,682,16.3,16.7,16.3,94.1,14.9,0.000,0.000,0.00,0.000,0.4,1.8,0.5,183,10,0.6,2.2,0.6,187,14,0.6,2.2,0.6,187,14,0,29.36,0.5,0,0,0,40.6,44.6,46.9,0.59,0.45,0.37
EDWA,2019-11-08 04:25:00 EST,44.32177,-75.24413,682,16.9,17.1,16.9,94.3,15.5,0.000,0.000,0.00,0.000,0.5,2.3,0.8,199,2,0.7,2.7,0.9,197,8,0.7,2.7,0.9,197,8,0,29.36,0.6,0,0,0,40.6,44.6,46.9,0.59,0.45,0.37
EDWA,2019-11-08 04:30:00 EST,44.32177,-75.24413,682,17.6,17.7,17.6,94.4,16.3,0.000,0.000,0.00,0.000,1.6,2.5,0.6,199,8,2.1,2.9,0.4,194,11,2.1,2.9,0.4,194,11,0,29.36,0.5,0,0,0,40.6,44.6,46.8,0.59,0.45,0.37
EDWA,2019-11-08 04:35:00 EST,44.32177,-75.24413,682,18.2,18.3,18.2,94.4,16.9,0.000,0.000,0.00,0.000,1.0,2.1,0.7,189,9,1.6,2.6,0.6,187,15,1.6,2.6,0.6,187,15,0,29.36,0.5,0,0,0,40.6,44.6,46.8,0.59,0.45,0.37
EDWA,2019-11-08 04:40:00 EST,44.32177,-75.24413,682,18.7,18.7,18.7,94.1,17.3,0.000,0.000,0.00,0.000,1.6,2.8,0.7,210,27,1.9,3.7,0.7,207,29,1.9,3.7,0.7,207,29,0,29.37,0.5,0,0,0,40.6,44.6,46.8,0.59,0.45,0.36
EDWA,2019-11-08 04:45:00 EST,44.32177,-75.24413,682,19.0,19.1,19.0,93.4,17.5,0.000,0.000,0.00,0.000,1.4,3.9,0.9,252,43,1.9,5.3,1.1,247,46,1.9,5.3,1.1,247,46,0,29.37,0.5,0,0,0,40.6,44.5,46.8,0.59,0.45,0.37
EDWA,2019-11-08 04:50:00 EST,44.32177,-75.24413,682,19.5,19.6,19.5,93.3,17.9,0.000,0.000,0.00,0.000,1.2,2.7,0.6,249,36,1.4,3.6,0.7,247,33,1.4,3.6,0.7,247,33,0,29.37,0.5,0,0,0,40.6,44.4,46.8,0.59,0.45,0.36
EDWA,2019-11-08 04:55:00 EST,44.32177,-75.24413,682,19.7,19.8,13.9,92.7,18.0,0.000,0.000,0.00,0.000,3.2,5.9,1.2,261,16,4.0,7.7,1.5,260,17,4.0,7.7,1.5,260,17,0,29.37,0.5,0,0,0,40.6,44.4,46.8,0.59,0.45,0.37
EDWA,2019-11-08 05:00:00 EST,44.32177,-75.24413,682,19.8,19.8,14.6,92.3,17.9,0.000,0.000,0.00,0.000,2.8,5.0,1.2,277,17,3.6,6.4,1.5,272,17,3.6,6.4,1.5,272,17,0,29.37,0.5,0,0,0,40.6,44.4,46.8,0.59,0.45,0.37
EDWA,2019-11-08 05:05:00 EST,44.32177,-75.24413,682,19.9,19.9,13.1,92.2,18.0,0.000,0.000,0.00,0.000,3.9,6.4,1.2,266,15,4.8,8.9,1.7,264,14,4.8,8.9,1.7,264,14,0,29.37,0.4,0,0,0,40.6,44.4,46.8,0.59,0.45,0.37
EDWA,2019-11-08 05:10:00 EST,44.32177,-75.24413,682,20.0,20.0,13.2,92.3,18.1,0.000,0.000,0.00,0.000,4.1,7.0,1.0,271,18,4.8,8.0,1.3,267,16,4.8,8.0,1.3,267,16,0,29.37,0.2,0,0,0,40.6,44.4,46.8,0.59,0.46,0.37
EDWA,2019-11-08 05:15:00 EST,44.32177,-75.24413,682,20.0,20.0,13.7,92.4,18.2,0.000,0.000,0.00,0.000,3.8,6.3,1.0,271,23,4.4,8.9,1.5,268,19,4.4,8.9,1.5,268,19,0,29.37,0.1,0,0,0,40.5,44.4,46.8,0.59,0.45,0.36
EDWA,2019-11-08 05:20:00 EST,44.32177,-75.24413,682,20.1,20.1,14.0,92.4,18.2,0.000,0.000,0.00,0.000,3.5,5.4,0.9,268,19,4.2,7.8,1.2,264,18,4.2,7.8,1.2,264,18,0,29.37,0.2,0,0,0,40.5,44.4,46.8,0.59,0.46,0.37
EDWA,2019-11-08 05:25:00 EST,44.32177,-75.24413,682,20.1,20.1,12.5,92.4,18.3,0.000,0.000,0.00,0.000,4.7,7.2,1.2,267,14,5.6,9.3,1.7,265,13,5.6,9.3,1.7,265,13,0,29.37,-0.0,0,0,0,40.5,44.4,46.8,0.59,0.45,0.37
EDWA,2019-11-08 05:30:00 EST,44.32177,-75.24413,682,20.1,20.2,12.7,92.3,18.3,0.000,0.000,0.00,0.000,4.5,7.7,1.4,265,15,5.4,9.7,1.8,264,13,5.4,9.7,1.8,264,13,0,29.37,0.4,0,0,0,40.5,44.4,46.8,0.59,0.45,0.37
EDWA,2019-11-08 05:35:00 EST,44.32177,-75.24413,682,20.2,20.2,12.6,92.3,18.3,0.000,0.000,0.00,0.000,4.6,7.3,1.2,267,12,5.6,8.8,1.6,265,12,5.6,8.8,1.6,265,12,0,29.37,0.0,0,0,0,40.5,44.4,46.8,0.59,0.45,0.37
EDWA,2019-11-08 05:40:00 EST,44.32177,-75.24413,682,20.3,20.3,13.8,92.5,18.4,0.000,0.000,0.00,0.000,4.0,6.7,1.3,268,18,4.6,8.2,1.6,266,19,4.6,8.2,1.6,266,19,0,29.37,0.1,0,0,0,40.5,44.4,46.8,0.59,0.46,0.37
EDWA,2019-11-08 05:45:00 EST,44.32177,-75.24413,682,20.4,20.4,20.4,92.7,18.6,0.000,0.000,0.00,0.000,1.7,4.3,1.2,258,32,2.2,5.5,1.4,256,28,2.2,5.5,1.4,256,28,0,29.38,0.1,0,0,0,40.5,44.4,46.8,0.59,0.45,0.37
EDWA,2019-11-08 05:50:00 EST,44.32177,-75.24413,682,20.5,20.6,20.5,92.9,18.8,0.000,0.000,0.00,0.000,1.3,3.8,0.7,249,38,2.2,5.7,0.9,253,43,2.2,5.7,0.9,253,43,0,29.38,0.1,0,0,0,40.5,44.4,46.8,0.59,0.45,0.37
EDWA,2019-11-08 05:55:00 EST,44.32177,-75.24413,682,20.6,20.7,16.0,93.1,19.0,0.000,0.000,0.00,0.000,2.5,7.0,1.5,276,25,3.3,8.9,1.8,273,25,3.3,8.9,1.8,273,25,0,29.38,0.0,0,0,0,40.5,44.4,46.8,0.59,0.45,0.37
EDWA,2019-11-08 06:00:00 EST,44.32177,-75.24413,682,20.7,20.8,20.7,93.0,19.0,0.000,0.000,0.00,0.000,1.4,3.3,0.7,342,61,2.0,4.9,0.9,329,61,2.0,4.9,0.9,329,61,0,29.38,0.3,0,0,0,40.4,44.4,46.8,0.59,0.46,0.37
EDWA,2019-11-08 06:05:00 EST,44.32177,-75.24413,682,20.8,20.8,20.8,93.2,19.1,0.000,0.000,0.00,0.000,1.9,7.0,1.8,265,34,2.7,8.8,2.0,253,39,2.7,8.8,2.0,253,39,0,29.38,0.4,0,0,0,40.4,44.4,46.8,0.59,0.45,0.37
EDWA,2019-11-08 06:10:00 EST,44.32177,-75.24413,682,20.8,20.9,20.8,93.1,19.2,0.000,0.000,0.00,0.000,1.2,2.6,0.7,239,25,1.8,3.7,0.9,239,32,1.8,3.7,0.9,239,32,0,29.39,0.8,0,0,0,40.3,44.4,46.8,0.59,0.46,0.37
EDWA,2019-11-08 06:15:00 EST,44.32177,-75.24413,682,20.9,21.0,20.9,93.2,19.3,0.000,0.000,0.00,0.000,1.4,4.6,1.1,321,62,2.0,5.3,1.1,326,55,2.0,5.3,1.1,326,55,0,29.39,0.9,0,0,0,40.3,44.4,46.8,0.59,0.46,0.37
EDWA,2019-11-08 06:20:00 EST,44.32177,-75.24413,682,21.0,21.1,21.0,93.3,19.4,0.000,0.000,0.00,0.000,1.0,4.7,1.0,93,42,1.6,6.2,1.3,89,43,1.6,6.2,1.3,89,43,0,29.39,0.9,0,0,0,40.3,44.4,46.8,0.59,0.46,0.37
EDWA,2019-11-08 06:25:00 EST,44.32177,-75.24413,682,21.0,21.1,21.0,93.4,19.4,0.000,0.000,0.00,0.000,1.4,3.8,1.2,296,64,2.4,5.9,1.4,292,65,2.4,5.9,1.4,292,65,0,29.39,0.9,0,0,0,40.3,44.4,46.8,0.59,0.46,0.37
EDWA,2019-11-08 06:30:00 EST,44.32177,-75.24413,682,21.1,21.2,21.1,93.3,19.5,0.000,0.000,0.00,0.000,1.3,3.3,0.9,75,49,2.0,4.5,1.0,68,56,2.0,4.5,1.0,68,56,0,29.39,0.9,0,0,0,40.3,44.4,46.8,0.59,0.46,0.37
EDWA,2019-11-08 06:35:00 EST,44.32177,-75.24413,682,21.1,21.2,15.9,93.0,19.4,0.000,0.000,0.00,0.000,2.9,6.2,1.1,23,32,3.7,12.5,1.5,20,32,3.7,12.5,1.5,20,32,0,29.39,0.9,0,0,0,40.3,44.3,46.8,0.59,0.46,0.37
EDWA,2019-11-08 06:40:00 EST,44.32177,-75.24413,682,21.1,21.2,21.1,92.8,19.4,0.000,0.000,0.00,0.000,2.5,8.3,1.7,343,51,2.8,8.8,1.8,341,54,2.8,8.8,1.8,341,54,0,29.40,0.9,0,0,0,40.3,44.3,46.8,0.59,0.46,0.37
EDWA,2019-11-08 06:45:00 EST,44.32177,-75.24413,682,21.1,21.2,16.3,92.6,19.3,0.000,0.000,0.00,0.000,2.8,7.2,1.6,37,40,3.5,8.7,1.8,34,41,3.5,8.7,1.8,34,41,1,29.40,0.9,0,0,0,40.3,44.1,46.8,0.59,0.46,0.37
EDWA,2019-11-08 06:50:00 EST,44.32177,-75.24413,682,21.0,21.1,16.3,92.0,19.1,0.000,0.000,0.00,0.000,2.6,7.6,1.9,17,39,3.4,8.8,2.0,17,42,3.4,8.8,2.0,17,42,1,29.40,0.9,0,0,0,40.3,44.1,46.8,0.59,0.46,0.37
EDWA,2019-11-08 06:55:00 EST,44.32177,-75.24413,682,20.8,21.0,12.4,90.8,18.6,0.000,0.000,0.00,0.000,5.6,11.0,2.2,20,25,6.6,12.8,2.8,15,23,6.6,12.8,2.8,15,23,2,29.41,0.9,0,0,0,40.3,44.1,46.8,0.59,0.46,0.37
EDWA,2019-11-08 07:00:00 EST,44.32177,-75.24413,682,20.8,20.9,14.1,90.6,18.5,0.000,0.000,0.00,0.000,3.9,11.1,1.9,16,27,4.8,10.7,2.0,12,28,4.8,10.7,2.0,12,28,3,29.41,0.9,0,0,0,40.3,44.1,46.8,0.59,0.46,0.37
EDWA,2019-11-08 07:05:00 EST,44.32177,-75.24413,682,20.7,20.9,16.1,90.8,18.5,0.000,0.000,0.00,0.000,2.5,4.9,1.2,25,38,3.3,6.4,1.2,23,41,3.3,6.4,1.2,23,41,4,29.41,0.9,0,0,0,40.3,44.1,46.8,0.59,0.46,0.37
EDWA,2019-11-08 07:10:00 EST,44.32177,-75.24413,682,20.7,20.8,15.5,90.8,18.4,0.000,0.000,0.00,0.000,3.2,6.2,1.3,33,28,3.6,8.0,1.8,32,28,3.6,8.0,1.8,32,28,5,29.41,0.9,0,0,0,40.2,44.1,46.8,0.59,0.46,0.37
EDWA,2019-11-08 07:15:00 EST,44.32177,-75.24413,682,20.4,20.7,14.7,90.1,18.0,0.000,0.000,0.00,0.000,3.3,9.5,2.1,355,46,4.0,11.1,2.2,353,45,4.0,11.1,2.2,353,45,7,29.42,0.8,0,0,0,40.1,44.1,46.8,0.59,0.46,0.37
EDWA,2019-11-08 07:20:00 EST,44.32177,-75.24413,682,20.3,20.6,20.3,89.7,17.8,0.000,0.000,0.00,0.000,1.8,6.3,1.3,32,46,2.6,7.1,1.6,23,54,2.6,7.1,1.6,23,54,10,29.42,0.9,0,0,0,40.1,44.1,46.8,0.59,0.46,0.37
EDWA,2019-11-08 07:25:00 EST,44.32177,-75.24413,682,20.3,20.6,20.3,89.7,17.8,0.000,0.000,0.00,0.000,2.1,6.7,1.4,39,68,2.7,7.2,1.4,46,67,2.7,7.2,1.4,46,67,13,29.42,0.9,0,0,0,40.1,44.1,46.8,0.59,0.46,0.37
EDWA,2019-11-08 07:30:00 EST,44.32177,-75.24413,682,20.2,20.6,20.2,89.5,17.6,0.000,0.000,0.00,0.000,2.1,6.7,1.8,329,44,2.7,7.9,2.2,323,45,2.7,7.9,2.2,323,45,16,29.42,0.9,0,0,0,40.1,44.1,46.8,0.59,0.46,0.37
EDWA,2019-11-08 07:35:00 EST,44.32177,-75.24413,682,20.2,20.7,20.2,89.3,17.6,0.000,0.000,0.00,0.000,1.7,5.8,1.7,334,48,2.4,7.0,1.7,327,59,2.4,7.0,1.7,327,59,17,29.43,0.8,0,0,0,40.1,44.1,46.8,0.59,0.46,0.37
EDWA,2019-11-08 07:40:00 EST,44.32177,-75.24413,682,20.1,20.7,20.1,89.1,17.4,0.000,0.000,0.00,0.000,1.4,5.8,1.0,96,52,1.9,6.4,1.0,98,51,1.9,6.4,1.0,98,51,18,29.43,0.8,0,0,0,40.1,44.1,46.8,0.59,0.46,0.37
EDWA,2019-11-08 07:45:00 EST,44.32177,-75.24413,682,20.0,20.6,15.7,88.6,17.2,0.000,0.000,0.00,0.000,2.4,7.5,1.8,19,30,3.0,9.5,2.0,15,33,3.0,9.5,2.0,15,33,20,29.43,0.8,0,0,0,40.1,44.1,46.8,0.59,0.46,0.37
EDWA,2019-11-08 07:50:00 EST,44.32177,-75.24413,682,20.1,20.6,20.1,88.8,17.3,0.000,0.000,0.00,0.000,2.0,5.0,1.3,37,54,2.3,5.6,1.3,45,56,2.3,5.6,1.3,45,56,18,29.44,0.8,0,0,0,40.1,44.1,46.8,0.59,0.46,0.37
EDWA,2019-11-08 07:55:00 EST,44.32177,-75.24413,682,20.1,20.6,20.1,88.7,17.3,0.000,0.000,0.00,0.000,1.7,6.3,1.1,67,56,2.5,7.8,1.3,67,62,2.5,7.8,1.3,67,62,19,29.44,0.8,0,0,0,40.1,44.1,46.8,0.59,0.46,0.37
EDWA,2019-11-08 08:00:00 EST,44.32177,-75.24413,682,20.2,20.6,20.2,88.5,17.3,0.000,0.000,0.00,0.000,1.8,6.4,1.3,50,67,2.4,6.7,1.4,45,62,2.4,6.7,1.4,45,62,27,29.44,0.7,0,0,0,40.1,44.0,46.8,0.59,0.46,0.37
EDWA,2019-11-08 08:05:00 EST,44.32177,-75.24413,682,20.3,20.7,20.3,88.6,17.5,0.000,0.000,0.00,0.000,1.1,3.9,1.0,104,41,1.7,5.1,1.2,106,44,1.7,5.1,1.2,106,44,29,29.44,0.6,0,0,0,40.1,44.0,46.8,0.59,0.46,0.37
EDWA,2019-11-08 08:10:00 EST,44.32177,-75.24413,682,20.2,20.7,20.2,88.0,17.2,0.000,0.000,0.00,0.000,2.2,5.3,1.1,290,52,2.5,8.0,1.4,289,55,2.5,8.0,1.4,289,55,33,29.44,0.6,0,0,0,40.1,44.0,46.8,0.59,0.46,0.37
EDWA,2019-11-08 08:15:00 EST,44.32177,-75.24413,682,20.2,20.7,20.2,88.1,17.3,0.000,0.000,0.00,0.000,2.0,7.1,1.9,272,32,2.9,8.6,2.1,266,36,2.9,8.6,2.1,266,36,36,29.44,0.5,0,0,0,40.1,44.0,46.8,0.59,0.46,0.37
EDWA,2019-11-08 08:20:00 EST,44.32177,-75.24413,682,20.3,20.8,14.7,87.7,17.2,0.000,0.000,0.00,0.000,3.0,7.7,2.1,276,35,3.8,10.0,2.4,270,38,3.8,10.0,2.4,270,38,43,29.45,,0,0,0,40.1,43.9,46.8,0.59,0.46,0.37
EDWA,2019-11-08 08:25:00 EST,44.32177,-75.24413,682,20.3,20.8,20.3,87.3,17.1,0.000,0.000,0.00,0.000,1.9,6.3,1.3,262,34,2.6,7.2,1.6,263,41,2.6,7.2,1.6,263,41,49,29.45,-0.1,0,0,0,40.1,43.9,46.8,0.59,0.46,0.37
EDWA,2019-11-08 08:30:00 EST,44.32177,-75.24413,682,20.2,20.9,14.2,86.2,16.8,0.000,0.000,0.00,0.000,3.4,7.8,1.5,297,57,4.2,9.7,1.8,292,56,4.2,9.7,1.8,292,56,52,29.45,-0.1,0,0,0,40.1,43.9,46.8,0.59,0.46,0.37
EDWA,2019-11-08 08:35:00 EST,44.32177,-75.24413,682,20.1,20.8,15.6,85.5,16.5,0.000,0.000,0.00,0.000,2.2,5.8,1.7,344,53,3.2,7.8,1.9,344,53,3.2,7.8,1.9,344,53,54,29.45,0.4,0,0,0,40.1,43.9,46.8,0.59,0.46,0.37
EDWA,2019-11-08 08:40:00 EST,44.32177,-75.24413,682,20.2,20.8,11.8,85.4,16.5,0.000,0.000,0.00,0.000,5.4,13.1,2.5,281,37,6.3,14.2,2.9,277,37,6.3,14.2,2.9,277,37,59,29.45,0.5,0,0,0,40.1,43.9,46.8,0.59,0.46,0.37
EDWA,2019-11-08 08:45:00 EST,44.32177,-75.24413,682,20.1,20.8,13.7,85.2,16.4,0.000,0.000,0.00,0.000,3.9,8.4,1.8,259,27,4.5,9.5,2.0,257,25,4.5,9.5,2.0,257,25,56,29.45,0.8,0,0,0,40.1,43.9,46.8,0.59,0.46,0.37
EDWA,2019-11-08 08:50:00 EST,44.32177,-75.24413,682,20.1,20.8,13.1,84.6,16.2,0.000,0.000,0.00,0.000,4.1,9.4,1.9,266,34,5.0,10.5,2.3,262,32,5.0,10.5,2.3,262,32,66,29.45,0.8,0,0,0,40.0,43.9,46.8,0.59,0.46,0.37
EDWA,2019-11-08 08:55:00 EST,44.32177,-75.24413,682,20.0,20.8,20.0,83.9,16.0,0.000,0.000,0.00,0.000,2.0,6.1,1.3,283,74,2.6,7.2,1.6,297,73,2.6,7.2,1.6,297,73,80,29.45,0.8,0,0,0,40.0,43.9,46.8,0.59,0.46,0.37
EDWA,2019-11-08 09:00:00 EST,44.32177,-75.24413,682,20.0,20.8,13.4,82.6,15.6,0.000,0.000,0.00,0.000,3.9,9.9,1.7,286,33,4.6,10.8,2.0,284,33,4.6,10.8,2.0,284,33,86,29.45,0.8,0,0,0,39.9,43.9,46.8,0.59,0.46,0.37
EDWA,2019-11-08 09:05:00 EST,44.32177,-75.24413,682,20.2,20.9,15.1,83.3,15.9,0.000,0.000,0.00,0.000,2.7,6.6,1.5,308,48,3.5,9.4,1.8,301,48,3.5,9.4,1.8,301,48,144,29.45,0.8,0,0,0,39.9,43.9,46.8,0.59,0.46,0.37
EDWA,2019-11-08 09:10:00 EST,44.32177,-75.24413,682,20.7,21.3,20.7,82.9,16.3,0.000,0.000,0.00,0.000,1.8,5.1,1.2,31,45,2.4,5.9,1.3,28,50,2.4,5.9,1.3,28,50,199,29.45,0.8,0,0,0,39.9,43.9,46.8,0.59,0.46,0.37
EDWA,2019-11-08 09:15:00 EST,44.32177,-75.24413,682,21.1,21.6,21.1,82.5,16.6,0.000,0.000,0.00,0.000,1.2,3.7,0.9,71,45,1.8,4.5,0.9,74,58,1.8,4.5,0.9,74,58,139,29.45,0.8,0,0,0,39.9,43.9,46.8,0.59,0.46,0.37
EDWA,2019-11-08 09:20:00 EST,44.32177,-75.24413,682,20.8,21.4,16.4,81.9,16.2,0.000,0.000,0.00,0.000,2.5,5.6,1.2,269,37,3.2,6.7,1.4,261,38,3.2,6.7,1.4,261,38,114,29.45,0.8,0,0,0,39.9,43.9,46.8,0.59,0.46,0.37
EDWA,2019-11-08 09:25:00 EST,44.32177,-75.24413,682,21.0,21.5,14.2,82.9,16.6,0.000,0.000,0.00,0.000,4.1,11.0,2.1,274,26,5.0,13.3,2.5,270,22,5.0,13.3,2.5,270,22,101,29.46,0.8,0,0,0,39.9,43.9,46.8,0.59,0.46,0.37
EDWA,2019-11-08 09:30:00 EST,44.32177,-75.24413,682,21.0,21.3,10.6,81.4,16.2,0.000,0.000,0.00,0.000,7.9,13.0,1.8,270,13,9.2,14.9,2.2,267,11,9.2,14.9,2.2,267,11,144,29.46,0.8,0,0,0,39.9,43.9,46.8,0.59,0.46,0.37
EDWA,2019-11-08 09:35:00 EST,44.32177,-75.24413,682,21.2,21.5,14.2,80.6,16.2,0.000,0.000,0.00,0.000,4.6,10.3,2.4,271,18,5.3,12.1,3.0,268,17,5.3,12.1,3.0,268,17,145,29.46,0.7,0,0,0,39.9,43.9,46.7,0.59,0.46,0.37
EDWA,2019-11-08 09:40:00 EST,44.32177,-75.24413,682,21.5,21.7,21.5,80.3,16.4,0.000,0.000,0.00,0.000,1.3,4.2,1.1,322,49,2.0,4.9,1.2,326,55,2.0,4.9,1.2,326,55,126,29.46,0.7,0,0,0,39.9,43.9,46.7,0.59,0.46,0.37
EDWA,2019-11-08 09:45:00 EST,44.32177,-75.24413,682,22.2,22.0,22.2,78.2,16.4,0.000,0.000,0.00,0.000,1.8,5.1,1.2,283,66,2.5,6.8,1.4,274,66,2.5,6.8,1.4,274,66,166,29.46,0.7,0,0,0,39.9,43.9,46.7,0.59,0.46,0.37
EDWA,2019-11-08 09:50:00 EST,44.32177,-75.24413,682,22.2,22.2,16.9,77.1,16.1,0.000,0.000,0.00,0.000,3.1,6.2,1.7,297,47,3.8,7.8,2.0,296,47,3.8,7.8,2.0,296,47,170,29.46,0.8,0,0,0,39.9,43.9,46.6,0.59,0.46,0.37
EDWA,2019-11-08 09:55:00 EST,44.32177,-75.24413,682,22.7,22.5,18.3,76.5,16.4,0.000,0.000,0.00,0.000,2.8,7.1,1.8,318,56,3.3,8.4,1.9,318,55,3.3,8.4,1.9,318,55,215,29.46,0.7,0,0,0,39.9,43.9,46.6,0.59,0.46,0.37
EDWA,2019-11-08 10:00:00 EST,44.32177,-75.24413,682,22.6,22.6,15.9,75.0,15.9,0.000,0.000,0.00,0.000,4.3,9.9,2.2,272,23,5.2,12.0,2.6,268,19,5.2,12.0,2.6,268,19,188,29.46,0.7,0,0,0,39.9,43.9,46.6,0.59,0.46,0.37
EDWA,2019-11-08 10:05:00 EST,44.32177,-75.24413,682,22.9,22.6,16.4,76.1,16.5,0.000,0.000,0.00,0.000,4.0,8.9,2.2,309,52,4.9,10.9,2.5,308,55,4.9,10.9,2.5,308,55,229,29.46,0.7,0,0,0,39.9,43.9,46.6,0.59,0.46,0.37
EDWA,2019-11-08 10:10:00 EST,44.32177,-75.24413,682,23.1,22.9,17.3,76.7,16.8,0.000,0.000,0.00,0.000,3.7,8.6,1.5,261,29,4.4,11.2,2.0,258,26,4.4,11.2,2.0,258,26,142,29.47,0.7,0,0,0,39.9,43.9,46.6,0.59,0.46,0.37
EDWA,2019-11-08 10:15:00 EST,44.32177,-75.24413,682,23.0,22.8,15.4,73.7,15.9,0.000,0.000,0.00,0.000,4.8,9.2,2.1,277,27,6.1,12.4,2.4,272,25,6.1,12.4,2.4,272,25,155,29.47,0.7,0,0,0,39.9,43.9,46.6,0.59,0.46,0.37
EDWA,2019-11-08 10:20:00 EST,44.32177,-75.24413,682,22.6,22.6,17.5,73.3,15.4,0.000,0.000,0.00,0.000,3.3,9.1,1.7,299,38,3.8,10.3,1.8,293,36,3.8,10.3,1.8,293,36,157,29.47,0.7,0,0,0,39.9,43.7,46.6,0.59,0.46,0.37
EDWA,2019-11-08 10:25:00 EST,44.32177,-75.24413,682,23.3,23.2,16.8,73.6,16.1,0.000,0.000,0.00,0.000,4.1,10.2,2.6,274,30,5.1,12.0,2.9,268,31,5.1,12.0,2.9,268,31,225,29.47,0.6,0,0,0,39.9,43.7,46.6,0.59,0.46,0.37
EDWA,2019-11-08 10:30:00 EST,44.32177,-75.24413,682,23.3,23.2,13.7,71.0,15.3,0.000,0.000,0.00,0.000,7.7,11.8,2.3,277,15,8.9,14.7,2.9,272,13,8.9,14.7,2.9,272,13,288,29.46,0.7,0,0,0,39.9,43.7,46.6,0.59,0.46,0.37
EDWA,2019-11-08 10:35:00 EST,44.32177,-75.24413,682,23.8,23.6,14.2,70.3,15.5,0.000,0.000,0.00,0.000,7.7,12.3,2.5,269,19,8.9,15.1,3.1,264,16,8.9,15.1,3.1,264,16,315,29.47,0.7,0,0,0,39.9,43.7,46.6,0.59,0.46,0.37
EDWA,2019-11-08 10:40:00 EST,44.32177,-75.24413,682,24.2,24.0,16.7,71.7,16.4,0.000,0.000,0.00,0.000,5.4,9.9,1.9,270,18,6.3,12.1,2.4,267,16,6.3,12.1,2.4,267,16,280,29.47,0.6,0,0,0,39.9,43.7,46.6,0.59,0.46,0.37
EDWA,2019-11-08 10:45:00 EST,44.32177,-75.24413,682,24.2,24.0,15.2,68.8,15.4,0.000,0.000,0.00,0.000,7.1,11.0,2.2,277,18,8.1,13.2,2.8,272,16,8.1,13.2,2.8,272,16,280,29.47,0.6,0,0,0,39.9,43.7,46.6,0.59,0.46,0.37
EDWA,2019-11-08 10:50:00 EST,44.32177,-75.24413,682,24.2,24.0,16.8,69.4,15.7,0.000,0.000,0.00,0.000,5.2,12.3,3.0,260,18,6.2,14.4,3.3,258,16,6.2,14.4,3.3,258,16,309,29.47,0.6,0,0,0,39.9,43.7,46.6,0.59,0.46,0.37
EDWA,2019-11-08 10:55:00 EST,44.32177,-75.24413,682,24.4,24.2,17.5,70.7,16.3,0.000,0.000,0.00,0.000,4.6,12.3,3.0,274,21,5.6,14.8,3.5,270,20,5.6,14.8,3.5,270,20,150,29.47,0.5,0,0,0,39.9,43.7,46.6,0.59,0.46,0.37
EDWA,2019-11-08 11:00:00 EST,44.32177,-75.24413,682,24.3,24.2,24.3,72.1,16.6,0.000,0.000,0.00,0.000,2.4,5.9,1.8,285,46,3.0,9.6,2.2,282,44,3.0,9.6,2.2,282,44,125,29.47,0.5,0,0,0,39.9,43.7,46.6,0.59,0.46,0.37
EDWA,2019-11-08 11:05:00 EST,44.32177,-75.24413,682,24.5,24.3,20.1,72.1,16.8,0.000,0.000,0.00,0.000,2.8,7.5,1.9,254,61,3.5,10.0,2.3,250,61,3.5,10.0,2.3,250,61,107,29.47,0.4,0,0,0,39.9,43.7,46.6,0.59,0.46,0.37
EDWA,2019-11-08 11:10:00 EST,44.32177,-75.24413,682,24.1,24.0,16.7,70.1,15.7,0.000,0.000,0.00,0.000,5.1,9.9,2.2,274,27,6.1,12.2,2.5,270,23,6.1,12.2,2.5,270,23,142,29.47,0.4,0,0,0,39.9,43.7,46.6,0.59,0.46,0.37
EDWA,2019-11-08 11:15:00 EST,44.32177,-75.24413,682,24.3,24.1,16.3,70.4,16.1,0.000,0.000,0.00,0.000,5.7,10.3,2.1,269,24,7.0,12.0,2.3,264,21,7.0,12.0,2.3,264,21,260,29.47,0.4,0,0,0,39.9,43.7,46.6,0.59,0.46,0.37
EDWA,2019-11-08 11:20:00 EST,44.32177,-75.24413,682,24.6,24.4,16.7,69.6,16.1,0.000,0.000,0.00,0.000,5.8,9.2,1.9,274,27,6.9,13.0,2.5,269,21,6.9,13.0,2.5,269,21,263,29.47,0.3,0,0,0,39.9,43.7,46.6,0.59,0.46,0.37
EDWA,2019-11-08 11:25:00 EST,44.32177,-75.24413,682,24.5,24.4,18.1,70.2,16.2,0.000,0.000,0.00,0.000,4.2,10.3,2.6,270,26,5.2,12.1,2.8,267,24,5.2,12.1,2.8,267,24,170,29.47,0.3,0,0,0,39.9,43.7,46.6,0.59,0.46,0.37
EDWA,2019-11-08 11:30:00 EST,44.32177,-75.24413,682,24.6,24.4,16.4,69.9,16.1,0.000,0.000,0.00,0.000,6.0,11.3,2.3,277,21,7.1,13.5,2.8,273,19,7.1,13.5,2.8,273,19,289,29.46,0.2,0,0,0,39.9,43.7,46.6,0.59,0.46,0.37
EDWA,2019-11-08 11:35:00 EST,44.32177,-75.24413,682,25.1,24.8,25.1,69.9,16.7,0.000,0.000,0.00,0.000,2.1,8.1,1.8,282,37,2.9,8.3,1.9,281,39,2.9,8.3,1.9,281,39,372,29.46,0.0,0,0,0,39.9,43.7,46.6,0.59,0.46,0.37
EDWA,2019-11-08 11:40:00 EST,44.32177,-75.24413,682,25.3,25.0,17.1,68.2,16.3,0.000,0.000,0.00,0.000,6.1,12.1,2.7,267,20,7.3,15.7,3.2,263,17,7.3,15.7,3.2,263,17,374,29.46,-0.1,0,0,0,39.9,43.7,46.6,0.59,0.46,0.37
EDWA,2019-11-08 11:45:00 EST,44.32177,-75.24413,682,24.3,24.2,14.5,70.7,16.2,0.000,0.000,0.00,0.000,8.2,13.2,2.4,270,16,9.5,16.1,2.8,267,13,9.5,16.1,2.8,267,13,145,29.46,-0.0,0,0,0,39.9,43.7,46.6,0.59,0.46,0.37
EDWA,2019-11-08 11:50:00 EST,44.32177,-75.24413,682,24.3,24.1,15.7,71.8,16.5,0.000,0.000,0.00,0.000,6.4,13.8,2.9,271,19,7.6,15.0,3.4,266,17,7.6,15.0,3.4,266,17,177,29.46,-0.1,0,0,0,39.9,43.7,46.6,0.59,0.46,0.37
EDWA,2019-11-08 11:55:00 EST,44.32177,-75.24413,682,24.3,24.1,17.0,72.0,16.5,0.000,0.000,0.00,0.000,5.2,11.0,2.2,293,35,6.1,14.3,2.7,287,35,6.1,14.3,2.7,287,35,143,29.46,-0.1,0,0,0,39.8,43.7,46.6,0.59,0.46,0.37
EDWA,2019-11-08 12:00:00 EST,44.32177,-75.24413,682,24.3,24.2,16.6,73.0,16.9,0.000,0.000,0.00,0.000,5.5,11.8,2.3,273,20,6.5,13.7,2.7,270,17,6.5,13.7,2.7,270,17,145,29.46,-0.0,0,0,0,39.9,43.7,46.6,0.59,0.46,0.37
EDWA,2019-11-08 12:05:00 EST,44.32177,-75.24413,682,24.5,24.4,16.4,71.8,16.7,0.000,0.000,0.00,0.000,6.0,12.1,3.0,270,26,7.0,14.8,3.6,265,24,7.0,14.8,3.6,265,24,252,29.46,0.1,0,0,0,39.9,43.7,46.6,0.59,0.46,0.37
EDWA,2019-11-08 12:10:00 EST,44.32177,-75.24413,682,25.0,24.8,17.9,71.6,17.2,0.000,0.000,0.00,0.000,5.2,8.8,1.6,271,24,6.0,10.7,2.0,268,23,6.0,10.7,2.0,268,23,205,29.46,0.0,0,0,0,39.9,43.7,46.6,0.59,0.46,0.37
EDWA,2019-11-08 12:15:00 EST,44.32177,-75.24413,682,24.8,24.7,17.1,72.5,17.2,0.000,0.000,0.00,0.000,6.0,10.8,2.1,283,27,6.8,12.2,2.5,276,25,6.8,12.2,2.5,276,25,140,29.46,0.1,0,0,0,39.9,43.6,46.6,0.59,0.46,0.37
EDWA,2019-11-08 12:20:00 EST,44.32177,-75.24413,682,24.8,24.7,19.9,73.5,17.6,0.000,0.000,0.00,0.000,3.2,7.0,2.0,266,33,3.9,8.0,2.1,259,34,3.9,8.0,2.1,259,34,106,29.46,0.1,0,0,0,39.8,43.5,46.6,0.59,0.46,0.37
EDWA,2019-11-08 12:25:00 EST,44.32177,-75.24413,682,24.7,24.6,24.7,72.8,17.3,0.000,0.000,0.00,0.000,1.9,5.1,1.4,259,39,2.6,6.1,1.5,260,44,2.6,6.1,1.5,260,44,95,29.46,0.3,0,0,0,39.8,43.5,46.6,0.59,0.46,0.37
EDWA,2019-11-08 12:30:00 EST,44.32177,-75.24413,682,24.8,24.6,19.9,73.5,17.5,0.000,0.000,0.00,0.000,3.1,7.3,1.9,284,32,3.9,9.8,2.4,278,32,3.9,9.8,2.4,278,32,95,29.46,0.3,0,0,0,39.9,43.5,46.6,0.59,0.46,0.37
EDWA,2019-11-08 12:35:00 EST,44.32177,-75.24413,682,24.7,24.6,17.3,73.1,17.3,0.000,0.000,0.00,0.000,5.4,9.4,1.9,274,16,6.2,11.1,2.3,269,15,6.2,11.1,2.3,269,15,81,29.46,0.3,0,0,0,39.8,43.5,46.6,0.59,0.46,0.37
EDWA,2019-11-08 12:40:00 EST,44.32177,-75.24413,682,24.6,24.5,17.2,72.9,17.2,0.000,0.000,0.00,0.000,5.4,9.1,1.8,268,19,6.2,10.7,2.1,264,15,6.2,10.7,2.1,264,15,79,29.46,0.4,0,0,0,39.9,43.5,46.6,0.59,0.46,0.37
EDWA,2019-11-08 12:45:00 EST,44.32177,-75.24413,682,24.6,24.6,17.6,72.9,17.2,0.000,0.000,0.00,0.000,5.1,8.8,1.6,273,27,5.8,10.6,2.1,269,27,5.8,10.6,2.1,269,27,77,29.46,0.3,0,0,0,39.8,43.5,46.6,0.59,0.46,0.37
EDWA,2019-11-08 12:50:00 EST,44.32177,-75.24413,682,24.6,24.6,18.7,73.9,17.5,0.000,0.000,0.00,0.000,3.8,7.8,1.9,283,30,4.8,9.5,2.0,278,29,4.8,9.5,2.0,278,29,68,29.46,0.4,0,0,0,39.9,43.5,46.5,0.59,0.46,0.37
EDWA,2019-11-08 12:55:00 EST,44.32177,-75.24413,682,24.6,24.5,17.6,74.4,17.6,0.000,0.000,0.00,0.000,5.0,8.8,1.8,278,22,5.8,10.5,2.0,275,20,5.8,10.5,2.0,275,20,74,29.46,0.3,0,0,0,39.8,43.5,46.5,0.59,0.46,0.37
EDWA,2019-11-08 13:00:00 EST,44.32177,-75.24413,682,24.6,24.5,16.7,74.3,17.6,0.000,0.000,0.00,0.000,5.9,11.0,2.2,267,16,6.8,12.9,2.6,264,14,6.8,12.9,2.6,264,14,85,29.46,0.3,0,0,0,39.9,43.5,46.6,0.59,0.46,0.37
EDWA,2019-11-08 13:05:00 EST,44.32177,-75.24413,682,24.6,24.5,16.8,74.2,17.5,0.000,0.000,0.00,0.000,5.8,10.1,1.6,277,17,6.7,12.2,1.9,273,15,6.7,12.2,1.9,273,15,102,29.46,0.2,0,0,0,39.9,43.5,46.5,0.59,0.46,0.37
EDWA,2019-11-08 13:10:00 EST,44.32177,-75.24413,682,24.8,24.7,18.5,74.5,17.9,0.000,0.000,0.00,0.000,4.4,7.2,1.2,280,19,5.2,8.9,1.6,273,16,5.2,8.9,1.6,273,16,105,29.46,0.2,0,0,0,39.9,43.5,46.5,0.59,0.46,0.37
EDWA,2019-11-08 13:15:00 EST,44.32177,-75.24413,682,24.7,24.6,18.0,74.6,17.8,0.000,0.000,0.00,0.000,4.8,8.0,1.4,269,14,5.6,8.9,1.6,265,13,5.6,8.9,1.6,265,13,100,29.46,0.1,0,0,0,39.9,43.5,46.4,0.59,0.46,0.37
EDWA,2019-11-08 13:20:00 EST,44.32177,-75.24413,682,24.9,24.8,19.3,74.9,18.1,0.000,0.000,0.00,0.000,3.9,10.0,2.1,288,30,4.4,9.3,2.1,284,31,4.4,9.3,2.1,284,31,92,29.46,-0.0,0,0,0,39.9,43.5,46.4,0.59,0.46,0.37
EDWA,2019-11-08 13:25:00 EST,44.32177,-75.24413,682,24.9,24.7,17.3,75.5,18.2,0.000,0.000,0.00,0.000,5.6,10.7,1.6,282,15,6.5,10.3,1.8,277,14,6.5,10.3,1.8,277,14,103,29.46,0.2,0,0,0,39.9,43.5,46.4,0.59,0.46,0.37
EDWA,2019-11-08 13:30:00 EST,44.32177,-75.24413,682,24.9,24.7,17.4,75.4,18.2,0.000,0.000,0.00,0.000,5.5,9.2,1.4,278,19,6.4,10.7,1.6,274,16,6.4,10.7,1.6,274,16,115,29.46,0.2,0,0,0,39.9,43.5,46.4,0.59,0.46,0.37
EDWA,2019-11-08 13:35:00 EST,44.32177,-75.24413,682,24.9,24.7,17.4,75.9,18.3,0.000,0.000,0.00,0.000,5.6,8.5,1.0,277,15,6.4,10.6,1.3,271,12,6.4,10.6,1.3,271,12,99,29.46,0.3,0,0,0,39.9,43.5,46.4,0.59,0.46,0.37
EDWA,2019-11-08 13:40:00 EST,44.32177,-75.24413,682,24.9,24.8,17.5,76.2,18.5,0.000,0.000,0.00,0.000,5.4,10.0,1.5,274,14,6.3,12.5,1.8,269,13,6.3,12.5,1.8,269,13,74,29.46,0.2,0,0,0,39.9,43.5,46.4,0.59,0.46,0.37
EDWA,2019-11-08 13:45:00 EST,44.32177,-75.24413,682,25.1,25.0,19.3,77.1,18.9,0.000,0.000,0.00,0.000,4.0,7.5,1.6,271,19,4.7,8.9,1.9,266,18,4.7,8.9,1.9,266,18,57,29.46,0.3,0,0,0,39.9,43.5,46.4,0.59,0.46,0.37
EDWA,2019-11-08 13:50:00 EST,44.32177,-75.24413,682,25.3,25.2,25.3,77.8,19.4,0.000,0.000,0.00,0.000,1.8,6.2,1.2,274,40,2.5,7.6,1.5,273,45,2.5,7.6,1.5,273,45,73,29.46,0.3,0,0,0,39.9,43.5,46.4,0.59,0.46,0.37
EDWA,2019-11-08 13:55:00 EST,44.32177,-75.24413,682,25.4,25.3,21.8,75.2,18.7,0.000,0.000,0.00,0.000,2.1,7.3,1.5,273,58,3.0,11.1,2.0,264,53,3.0,11.1,2.0,264,53,94,29.46,0.3,0,0,0,39.9,43.5,46.4,0.59,0.46,0.37
EDWA,2019-11-08 14:00:00 EST,44.32177,-75.24413,682,25.5,25.4,25.5,73.1,18.1,0.000,0.000,0.00,0.000,1.8,5.2,1.2,312,59,2.4,6.0,1.5,310,58,2.4,6.0,1.5,310,58,89,29.46,0.4,0,0,0,39.9,43.5,46.4,0.59,0.46,0.37
EDWA,2019-11-08 14:05:00 EST,44.32177,-75.24413,682,25.6,25.4,22.1,73.9,18.5,0.000,0.000,0.00,0.000,2.3,6.2,1.4,24,54,3.0,6.3,1.4,26,52,3.0,6.3,1.4,26,52,89,29.46,0.3,0,0,0,39.9,43.5,46.4,0.59,0.46,0.37
EDWA,2019-11-08 14:10:00 EST,44.32177,-75.24413,682,25.5,25.4,21.9,74.4,18.5,0.000,0.000,0.00,0.000,2.6,7.0,1.4,285,57,3.1,8.3,1.6,276,58,3.1,8.3,1.6,276,58,95,29.46,0.3,0,0,0,39.9,43.5,46.4,0.59,0.46,0.37
EDWA,2019-11-08 14:15:00 EST,44.32177,-75.24413,682,25.5,25.4,21.1,74.1,18.4,0.000,0.000,0.00,0.000,3.1,5.9,1.1,277,42,3.6,7.4,1.4,274,40,3.6,7.4,1.4,274,40,131,29.46,0.3,0,0,0,39.9,43.5,46.4,0.59,0.46,0.37
EDWA,2019-11-08 14:20:00 EST,44.32177,-75.24413,682,25.8,25.7,21.8,73.4,18.5,0.000,0.000,0.00,0.000,2.5,6.4,1.3,277,37,3.3,6.9,1.5,273,36,3.3,6.9,1.5,273,36,116,29.46,0.3,0,0,0,39.9,43.5,46.4,0.59,0.46,0.37
EDWA,2019-11-08 14:25:00 EST,44.32177,-75.24413,682,26.0,25.9,26.0,71.8,18.2,0.000,0.000,0.00,0.000,2.0,5.0,1.1,315,46,2.6,5.7,1.3,308,46,2.6,5.7,1.3,308,46,91,29.46,0.2,0,0,0,39.9,43.5,46.4,0.59,0.46,0.37
EDWA,2019-11-08 14:30:00 EST,44.32177,-75.24413,682,26.3,26.1,26.3,73.9,19.1,0.000,0.000,0.00,0.000,1.8,4.2,0.9,44,28,2.3,4.9,1.1,42,28,2.3,4.9,1.1,42,28,84,29.47,0.2,0,0,0,39.9,43.5,46.4,0.59,0.46,0.37
EDWA,2019-11-08 14:35:00 EST,44.32177,-75.24413,682,26.3,26.0,26.3,71.8,18.4,0.000,0.000,0.00,0.000,2.1,6.2,1.7,25,47,2.9,7.5,1.7,21,54,2.9,7.5,1.7,21,54,70,29.47,0.1,0,0,0,39.9,43.5,46.4,0.59,0.46,0.37
EDWA,2019-11-08 14:40:00 EST,44.32177,-75.24413,682,26.0,25.8,26.0,70.4,17.7,0.000,0.000,0.00,0.000,2.1,5.2,1.4,22,46,2.8,6.1,1.5,14,48,2.8,6.1,1.5,14,48,57,29.47,0.2,0,0,0,39.9,43.5,46.4,0.59,0.46,0.37
EDWA,2019-11-08 14:45:00 EST,44.32177,-75.24413,682,26.0,25.8,26.0,71.8,18.1,0.000,0.000,0.00,0.000,2.0,3.9,0.9,42,45,2.5,4.8,0.9,47,49,2.5,4.8,0.9,47,49,60,29.47,0.1,0,0,0,39.9,43.5,46.4,0.59,0.46,0.37
EDWA,2019-11-08 14:50:00 EST,44.32177,-75.24413,682,25.8,25.6,20.9,71.7,17.9,0.000,0.000,0.00,0.000,3.4,6.7,1.2,21,21,4.0,9.4,1.5,18,23,4.0,9.4,1.5,18,23,54,29.47,0.2,0,0,0,39.9,43.5,46.4,0.59,0.46,0.37
EDWA,2019-11-08 14:55:00 EST,44.32177,-75.24413,682,25.7,25.7,20.3,73.3,18.4,0.000,0.000,0.00,0.000,4.0,6.1,1.1,23,25,4.4,7.7,1.5,16,22,4.4,7.7,1.5,16,22,44,29.47,0.1,0,0,0,39.9,43.5,46.4,0.59,0.46,0.37
EDWA,2019-11-08 15:00:00 EST,44.32177,-75.24413,682,25.7,25.6,21.3,73.6,18.4,0.000,0.000,0.00,0.000,3.0,5.4,1.3,12,24,3.6,6.5,1.4,7,25,3.6,6.5,1.4,7,25,34,29.48,0.1,0,0,0,39.9,43.4,46.4,0.59,0.46,0.37
EDWA,2019-11-08 15:05:00 EST,44.32177,-75.24413,682,25.6,25.6,25.6,74.0,18.5,0.000,0.000,0.00,0.000,2.3,6.1,1.4,25,41,2.6,7.2,1.5,21,40,2.6,7.2,1.5,21,40,34,29.48,0.0,0,0,0,39.9,43.4,46.4,0.59,0.46,0.37
EDWA,2019-11-08 15:10:00 EST,44.32177,-75.24413,682,25.6,25.5,21.9,74.4,18.6,0.000,0.000,0.00,0.000,2.5,8.0,1.9,20,29,3.1,9.6,2.2,17,32,3.1,9.6,2.2,17,32,32,29.48,0.0,0,0,0,39.9,43.3,46.4,0.59,0.46,0.37
EDWA,2019-11-08 15:15:00 EST,44.32177,-75.24413,682,25.7,25.6,25.7,74.6,18.7,0.000,0.000,0.00,0.000,1.2,3.1,0.9,136,73,1.7,4.0,0.8,91,73,1.7,4.0,0.8,91,73,36,29.48,0.0,0,0,0,39.9,43.3,46.4,0.59,0.46,0.37
EDWA,2019-11-08 15:20:00 EST,44.32177,-75.24413,682,25.8,25.7,25.8,74.0,18.6,0.000,0.000,0.00,0.000,1.1,4.1,1.2,183,57,1.8,5.0,1.2,215,71,1.8,5.0,1.2,215,71,34,29.48,-0.0,0,0,0,39.9,43.3,46.4,0.59,0.46,0.37
EDWA,2019-11-08 15:25:00 EST,44.32177,-75.24413,682,25.7,25.7,25.7,72.4,18.1,0.000,0.000,0.00,0.000,1.4,4.8,1.0,258,47,1.9,6.4,1.1,255,47,1.9,6.4,1.1,255,47,33,29.48,-0.1,0,0,0,39.9,43.3,46.4,0.59,0.46,0.37
EDWA,2019-11-08 15:30:00 EST,44.32177,-75.24413,682,25.8,25.7,25.8,72.7,18.2,0.000,0.000,0.00,0.000,1.3,3.5,1.1,275,39,1.8,4.9,1.3,264,42,1.8,4.9,1.3,264,42,31,29.48,-0.1,0,0,0,39.9,43.3,46.4,0.59,0.46,0.37
EDWA,2019-11-08 15:35:00 EST,44.32177,-75.24413,682,25.8,25.7,25.8,73.6,18.5,0.000,0.000,0.00,0.000,1.0,3.1,0.8,25,46,1.6,3.5,0.7,9,65,1.6,3.5,0.7,9,65,28,29.48,-0.1,0,0,0,39.9,43.3,46.4,0.59,0.46,0.37
EDWA,2019-11-08 15:40:00 EST,44.32177,-75.24413,682,25.7,25.7,25.7,73.2,18.3,0.000,0.000,0.00,0.000,1.7,6.1,1.5,255,50,2.1,7.2,1.7,249,51,2.1,7.2,1.7,249,51,27,29.48,-0.1,0,0,0,39.9,43.3,46.4,0.59,0.46,0.37
EDWA,2019-11-08 15:45:00 EST,44.32177,-75.24413,682,25.7,25.7,25.7,73.9,18.5,0.000,0.000,0.00,0.000,1.3,4.5,1.1,41,33,1.8,5.7,1.3,36,40,1.8,5.7,1.3,36,40,24,29.48,-0.2,0,0,0,39.9,43.3,46.4,0.59,0.46,0.37
EDWA,2019-11-08 15:50:00 EST,44.32177,-75.24413,682,25.6,25.6,25.6,75.1,18.8,0.000,0.000,0.00,0.000,1.8,4.4,1.0,315,55,2.5,5.1,1.1,314,54,2.5,5.1,1.1,314,54,23,29.48,-0.2,0,0,0,39.9,43.3,46.4,0.59,0.46,0.37
EDWA,2019-11-08 15:55:00 EST,44.32177,-75.24413,682,25.5,25.5,25.5,74.9,18.7,0.000,0.000,0.00,0.000,0.8,2.9,0.8,26,41,1.3,4.0,0.9,20,51,1.3,4.0,0.9,20,51,22,29.48,-0.1,0,0,0,39.9,43.3,46.4,0.59,0.46,0.37
EDWA,2019-11-08 16:00:00 EST,44.32177,-75.24413,682,25.5,25.5,25.5,74.6,18.6,0.000,0.000,0.00,0.000,1.6,4.7,1.2,260,53,2.0,6.1,1.3,246,54,2.0,6.1,1.3,246,54,23,29.48,-0.1,0,0,0,39.9,43.3,46.4,0.59,0.46,0.37
EDWA,2019-11-08 16:05:00 EST,44.32177,-75.24413,682,25.4,25.5,25.4,74.2,18.4,0.000,0.000,0.00,0.000,1.0,3.2,0.7,272,35,1.4,4.0,0.9,268,42,1.4,4.0,0.9,268,42,24,29.48,-0.0,0,0,0,39.9,43.3,46.4,0.59,0.46,0.37
EDWA,2019-11-08 16:10:00 EST,44.32177,-75.24413,682,25.3,25.5,25.3,72.9,17.9,0.000,0.000,0.00,0.000,2.3,4.7,1.3,279,35,2.8,6.2,1.5,274,33,2.8,6.2,1.5,274,33,20,29.48,-0.1,0,0,0,39.9,43.3,46.4,0.59,0.46,0.37
EDWA,2019-11-08 16:15:00 EST,44.32177,-75.24413,682,25.1,25.4,25.1,71.9,17.3,0.000,0.000,0.00,0.000,2.1,4.6,1.1,279,20,2.5,5.5,1.2,274,21,2.5,5.5,1.2,274,21,17,29.48,-0.0,0,0,0,39.9,43.3,46.4,0.59,0.46,0.37
EDWA,2019-11-08 16:20:00 EST,44.32177,-75.24413,682,24.9,25.2,24.9,72.9,17.5,0.000,0.000,0.00,0.000,2.2,4.1,0.8,270,20,2.6,5.3,1.0,265,21,2.6,5.3,1.0,265,21,14,29.48,-0.0,0,0,0,39.9,43.3,46.4,0.59,0.46,0.37
EDWA,2019-11-08 16:25:00 EST,44.32177,-75.24413,682,24.5,25.0,24.5,74.1,17.4,0.000,0.000,0.00,0.000,1.3,2.6,0.7,262,23,1.5,3.6,0.8,262,26,1.5,3.6,0.8,262,26,12,29.48,-0.1,0,0,0,39.9,43.3,46.4,0.59,0.46,0.37
EDWA,2019-11-08 16:30:00 EST,44.32177,-75.24413,682,24.3,25.0,24.3,75.3,17.6,0.000,0.000,0.00,0.000,2.1,3.8,0.6,248,12,2.4,5.0,0.7,243,12,2.4,5.0,0.7,243,12,10,29.48,-0.2,0,0,0,39.9,43.3,46.4,0.59,0.46,0.37
EDWA,2019-11-08 16:35:00 EST,44.32177,-75.24413,682,23.5,24.7,23.5,77.3,17.5,0.000,0.000,0.00,0.000,1.3,1.8,0.3,236,10,1.5,2.5,0.3,232,13,1.5,2.5,0.3,232,13,8,29.49,-0.1,0,0,0,39.9,43.3,46.4,0.59,0.46,0.37
EDWA,2019-11-08 16:40:00 EST,44.32177,-75.24413,682,22.7,24.2,22.7,81.7,17.9,0.000,0.000,0.00,0.000,1.0,1.7,0.3,241,8,1.2,2.1,0.3,236,12,1.2,2.1,0.3,236,12,6,29.49,0.1,0,0,0,39.9,43.3,46.4,0.59,0.46,0.37
EDWA,2019-11-08 16:45:00 EST,44.32177,-75.24413,682,22.3,23.9,22.3,85.0,18.5,0.000,0.000,0.00,0.000,0.2,0.8,0.3,260,5,0.4,1.3,0.5,262,10,0.4,1.3,0.5,262,10,4,29.49,-0.0,0,0,0,39.9,43.3,46.4,0.59,0.46,0.37
EDWA,2019-11-08 16:50:00 EST,44.32177,-75.24413,682,21.9,23.2,21.9,87.5,18.8,0.000,0.000,0.00,0.000,0.3,1.1,0.4,239,4,0.4,1.4,0.5,236,11,0.4,1.4,0.5,236,11,3,29.49,0.1,0,0,0,39.9,43.3,46.4,0.59,0.46,0.37
EDWA,2019-11-08 16:55:00 EST,44.32177,-75.24413,682,21.3,22.4,21.3,90.9,19.1,0.000,0.000,0.00,0.000,0.0,0.0,0.0,0,0,0.0,0.0,0.0,0,0,0.0,0.0,0.0,0,0,1,29.49,0.2,0,0,0,39.9,43.3,46.4,0.59,0.46,0.37
EDWA,2019-11-08 17:00:00 EST,44.32177,-75.24413,682,21.2,22.8,21.2,93.1,19.5,0.000,0.000,0.00,0.000,0.0,0.0,0.0,0,0,0.1,0.8,0.2,205,2,0.1,0.8,0.2,205,2,0,29.49,0.1,0,0,0,39.9,43.3,46.4,0.59,0.46,0.37
EDWA,2019-11-08 17:05:00 EST,44.32177,-75.24413,682,20.8,22.1,20.8,93.5,19.2,0.000,0.000,0.00,0.000,0.5,0.9,0.4,125,4,0.9,1.4,0.5,112,10,0.9,1.4,0.5,112,10,0,29.49,0.1,0,0,0,39.9,43.3,46.4,0.59,0.46,0.37
EDWA,2019-11-08 17:10:00 EST,44.32177,-75.24413,682,20.6,21.5,20.6,93.9,19.1,0.000,0.000,0.00,0.000,1.3,1.5,0.1,135,12,1.4,1.7,0.1,133,13,1.4,1.7,0.1,133,13,0,29.49,0.1,0,0,0,39.9,43.3,46.4,0.59,0.46,0.37
EDWA,2019-11-08 17:15:00 EST,44.32177,-75.24413,682,20.0,21.4,20.0,93.3,18.4,0.000,0.000,0.00,0.000,0.8,1.2,0.2,141,6,1.1,1.4,0.2,136,9,1.1,1.4,0.2,136,9,0,29.50,0.1,0,0,0,39.9,43.3,46.3,0.59,0.46,0.37
EDWA,2019-11-08 17:20:00 EST,44.32177,-75.24413,682,20.0,21.2,20.0,93.8,18.5,0.000,0.000,0.00,0.000,0.3,1.2,0.4,139,0,0.9,1.5,0.3,170,26,0.9,1.5,0.3,170,26,0,29.50,0.1,0,0,0,39.9,43.3,46.3,0.59,0.46,0.37
EDWA,2019-11-08 17:25:00 EST,44.32177,-75.24413,682,19.9,21.2,19.9,94.0,18.4,0.000,0.000,0.00,0.000,1.0,1.4,0.4,232,11,1.4,1.6,0.2,233,14,1.4,1.6,0.2,233,14,0,29.50,0.1,0,0,0,39.9,43.3,46.1,0.59,0.46,0.37
EDWA,2019-11-08 17:30:00 EST,44.32177,-75.24413,682,19.5,21.0,19.5,94.8,18.3,0.000,0.000,0.00,0.000,1.3,1.6,0.1,221,7,1.4,1.8,0.2,214,6,1.4,1.8,0.2,214,6,0,29.50,0.1,0,0,0,39.9,43.3,46.1,0.59,0.46,0.37
EDWA,2019-11-08 17:35:00 EST,44.32177,-75.24413,682,19.4,20.5,19.4,94.6,18.1,0.000,0.000,0.00,0.000,0.8,1.4,0.3,213,2,1.0,1.6,0.4,208,8,1.0,1.6,0.4,208,8,0,29.50,0.1,0,0,0,39.9,43.3,46.0,0.59,0.46,0.37
EDWA,2019-11-08 17:40:00 EST,44.32177,-75.24413,682,19.1,20.4,19.1,94.8,17.8,0.000,0.000,0.00,0.000,0.1,0.8,0.2,181,8,0.4,1.1,0.4,153,20,0.4,1.1,0.4,153,20,0,29.50,0.2,0,0,0,39.9,43.3,46.0,0.59,0.46,0.37
EDWA,2019-11-08 17:45:00 EST,44.32177,-75.24413,682,19.3,20.0,19.3,95.2,18.1,0.000,0.000,0.00,0.000,0.2,0.7,0.2,150,6,0.4,1.4,0.4,123,5,0.4,1.4,0.4,123,5,0,29.50,0.1,0,0,0,39.9,43.3,46.0,0.59,0.46,0.37
EDWA,2019-11-08 17:50:00 EST,44.32177,-75.24413,682,19.0,20.0,19.0,95.3,17.9,0.000,0.000,0.00,0.000,0.0,0.0,0.0,0,0,0.6,1.4,0.4,79,15,0.6,1.4,0.4,79,15,0,29.50,0.1,0,0,0,39.9,43.3,46.0,0.59,0.46,0.37
EDWA,2019-11-08 17:55:00 EST,44.32177,-75.24413,682,18.9,20.1,18.9,95.1,17.8,0.000,0.000,0.00,0.000,0.3,1.0,0.3,79,3,1.0,1.5,0.2,63,14,1.0,1.5,0.2,63,14,0,29.50,0.1,0,0,0,39.9,43.3,46.0,0.59,0.46,0.37
EDWA,2019-11-08 18:00:00 EST,44.32177,-75.24413,682,18.4,20.4,18.4,94.6,17.1,0.000,0.000,0.00,0.000,0.0,0.0,0.0,0,0,0.3,1.0,0.4,10,21,0.3,1.0,0.4,10,21,0,29.50,0.1,0,0,0,39.9,43.3,46.0,0.59,0.46,0.37
EDWA,2019-11-08 18:05:00 EST,44.32177,-75.24413,682,18.2,20.1,18.2,94.5,16.8,0.000,0.000,0.00,0.000,0.0,0.0,0.0,0,0,0.1,0.8,0.2,158,10,0.1,0.8,0.2,158,10,0,29.50,0.2,0,0,0,39.9,43.2,46.0,0.59,0.46,0.37
EDWA,2019-11-08 18:10:00 EST,44.32177,-75.24413,682,17.8,19.5,17.8,93.9,16.4,0.000,0.000,0.00,0.000,0.0,0.0,0.0,0,0,0.5,1.0,0.4,143,11,0.5,1.0,0.4,143,11,0,29.50,0.2,0,0,0,39.9,43.2,46.0,0.59,0.46,0.37
EDWA,2019-11-08 18:15:00 EST,44.32177,-75.24413,682,17.9,19.1,17.9,93.9,16.5,0.000,0.000,0.00,0.000,0.0,0.0,0.0,0,0,0.3,1.0,0.4,202,4,0.3,1.0,0.4,202,4,0,29.50,0.2,0,0,0,39.9,43.2,46.0,0.59,0.46,0.37
EDWA,2019-11-08 18:20:00 EST,44.32177,-75.24413,682,18.0,18.9,18.0,95.0,16.8,0.000,0.000,0.00,0.000,0.4,0.9,0.3,197,0,1.0,1.2,0.1,212,3,1.0,1.2,0.1,212,3,0,29.51,0.2,0,0,0,39.9,43.2,46.0,0.59,0.46,0.37
EDWA,2019-11-08 18:25:00 EST,44.32177,-75.24413,682,17.6,18.6,17.6,95.6,16.6,0.000,0.000,0.00,0.000,0.3,1.0,0.3,197,0,0.7,1.3,0.3,214,7,0.7,1.3,0.3,214,7,0,29.51,0.2,0,0,0,39.9,43.2,46.0,0.59,0.46,0.37
EDWA,2019-11-08 18:30:00 EST,44.32177,-75.24413,682,17.4,18.4,17.4,95.3,16.3,0.000,0.000,0.00,0.000,0.2,1.0,0.3,197,0,0.5,1.1,0.4,205,9,0.5,1.1,0.4,205,9,0,29.51,0.3,0,0,0,39.9,43.2,46.0,0.59,0.46,0.37
EDWA,2019-11-08 18:35:00 EST,44.32177,-75.24413,682,17.4,18.5,17.4,95.4,16.3,0.000,0.000,0.00,0.000,0.0,0.0,0.0,0,0,0.2,0.9,0.3,109,13,0.2,0.9,0.3,109,13,0,29.51,0.3,0,0,0,39.9,43.2,46.0,0.59,0.46,0.37
EDWA,2019-11-08 18:40:00 EST,44.32177,-75.24413,682,17.8,18.3,17.8,95.9,16.8,0.000,0.000,0.00,0.000,0.0,0.0,0.0,0,0,0.0,0.8,0.2,92,1,0.0,0.8,0.2,92,1,0,29.51,0.2,0,0,0,39.9,43.2,46.0,0.59,0.46,0.37
EDWA,2019-11-08 18:45:00 EST,44.32177,-75.24413,682,17.5,18.5,17.5,95.9,16.5,0.000,0.000,0.00,0.000,0.0,0.0,0.0,0,0,0.0,0.0,0.0,0,0,0.0,0.0,0.0,0,0,0,29.51,0.2,0,0,0,39.9,43.2,46.0,0.59,0.46,0.37
EDWA,2019-11-08 18:50:00 EST,44.32177,-75.24413,682,17.3,18.6,17.3,95.6,16.2,0.000,0.000,0.00,0.000,0.0,0.0,0.0,0,0,0.0,0.0,0.0,0,0,0.0,0.0,0.0,0,0,0,29.51,0.2,0,0,0,39.9,43.2,46.0,0.59,0.46,0.37
EDWA,2019-11-08 18:55:00 EST,44.32177,-75.24413,682,16.9,18.1,16.9,95.2,15.7,0.000,0.000,0.00,0.000,0.0,0.0,0.0,0,0,0.0,0.0,0.0,0,0,0.0,0.0,0.0,0,0,0,29.51,0.2,0,0,0,39.9,43.2,46.0,0.59,0.46,0.37
EDWA,2019-11-08 19:00:00 EST,44.32177,-75.24413,682,16.7,17.8,16.7,95.2,15.6,0.000,0.000,0.00,0.000,0.0,0.0,0.0,0,0,0.0,0.0,0.0,0,0,0.0,0.0,0.0,0,0,0,29.51,0.3,0,0,0,39.9,43.2,46.0,0.59,0.46,0.37
EDWA,2019-11-08 19:05:00 EST,44.32177,-75.24413,682,16.4,17.7,16.4,94.7,15.2,0.000,0.000,0.00,0.000,0.1,0.4,0.1,197,0,0.3,0.9,0.4,222,2,0.3,0.9,0.4,222,2,0,29.51,0.2,0,0,0,39.9,43.2,46.0,0.59,0.46,0.37
EDWA,2019-11-08 19:10:00 EST,44.32177,-75.24413,682,16.5,17.4,16.5,94.6,15.2,0.000,0.000,0.00,0.000,0.7,1.0,0.1,201,4,1.1,1.3,0.1,219,4,1.1,1.3,0.1,219,4,0,29.51,0.3,0,0,0,39.8,43.2,46.0,0.59,0.46,0.37
EDWA,2019-11-08 19:15:00 EST,44.32177,-75.24413,682,16.1,17.0,16.1,94.3,14.8,0.000,0.000,0.00,0.000,0.8,1.5,0.4,211,2,1.1,1.7,0.3,217,6,1.1,1.7,0.3,217,6,0,29.51,0.2,0,0,0,39.8,43.2,46.0,0.59,0.46,0.37
EDWA,2019-11-08 19:20:00 EST,44.32177,-75.24413,682,16.0,17.2,16.0,93.6,14.5,0.000,0.000,0.00,0.000,1.1,1.5,0.2,214,0,1.2,1.7,0.2,215,3,1.2,1.7,0.2,215,3,0,29.51,0.3,0,0,0,39.7,43.2,46.0,0.59,0.46,0.37
EDWA,2019-11-08 19:25:00 EST,44.32177,-75.24413,682,16.2,17.2,16.2,93.4,14.6,0.000,0.000,0.00,0.000,0.7,0.9,0.1,214,0,1.0,1.2,0.1,208,8,1.0,1.2,0.1,208,8,0,29.51,0.2,0,0,0,39.7,43.2,46.0,0.59,0.46,0.37
EDWA,2019-11-08 19:30:00 EST,44.32177,-75.24413,682,16.0,17.1,16.0,93.4,14.4,0.000,0.000,0.00,0.000,0.3,0.8,0.3,214,0,0.6,1.2,0.5,199,5,0.6,1.2,0.5,199,5,0,29.51,0.3,0,0,0,39.7,43.2,46.0,0.59,0.46,0.37
EDWA,2019-11-08 19:35:00 EST,44.32177,-75.24413,682,15.8,16.8,15.8,93.7,14.3,0.000,0.000,0.00,0.000,0.5,0.7,0.1,211,2,0.9,1.1,0.1,195,7,0.9,1.1,0.1,195,7,0,29.52,0.3,0,0,0,39.7,43.2,46.0,0.59,0.46,0.37
EDWA,2019-11-08 19:40:00 EST,44.32177,-75.24413,682,15.5,16.2,15.5,94.2,14.2,0.000,0.000,0.00,0.000,0.4,1.0,0.3,210,81,0.5,1.4,0.5,205,4,0.5,1.4,0.5,205,4,0,29.52,0.3,0,0,0,39.7,43.2,46.0,0.59,0.46,0.37
EDWA,2019-11-08 19:45:00 EST,44.32177,-75.24413,682,15.7,16.4,15.7,93.7,14.2,0.000,0.000,0.00,0.000,0.0,0.1,0.0,210,0,0.1,0.8,0.2,223,1,0.1,0.8,0.2,223,1,0,29.52,0.3,0,0,0,39.7,43.2,46.0,0.59,0.46,0.37
EDWA,2019-11-08 19:50:00 EST,44.32177,-75.24413,682,15.9,16.5,15.9,94.1,14.5,0.000,0.000,0.00,0.000,0.4,0.9,0.3,210,81,0.7,1.2,0.4,214,4,0.7,1.2,0.4,214,4,0,29.52,0.3,0,0,0,39.7,43.2,46.0,0.59,0.46,0.37
EDWA,2019-11-08 19:55:00 EST,44.32177,-75.24413,682,15.5,16.5,15.5,93.9,14.1,0.000,0.000,0.00,0.000,0.6,0.9,0.2,211,1,0.7,1.1,0.4,222,5,0.7,1.1,0.4,222,5,0,29.52,0.3,0,0,0,39.7,43.2,46.0,0.59,0.46,0.37
EDWA,2019-11-08 20:00:00 EST,44.32177,-75.24413,682,15.3,16.4,15.3,93.5,13.8,0.000,0.000,0.00,0.000,0.8,1.0,0.1,215,1,1.0,1.2,0.1,228,7,1.0,1.2,0.1,228,7,0,29.52,0.3,0,0,0,39.7,43.2,46.0,0.59,0.46,0.37
EDWA,2019-11-08 20:05:00 EST,44.32177,-75.24413,682,15.2,16.1,15.2,93.3,13.6,0.000,0.000,0.00,0.000,0.8,0.9,0.1,215,81,0.9,1.2,0.1,221,5,0.9,1.2,0.1,221,5,0,29.52,0.3,0,0,0,39.7,43.2,46.0,0.59,0.46,0.37
EDWA,2019-11-08 20:10:00 EST,44.32177,-75.24413,682,15.0,16.0,15.0,92.9,13.3,0.000,0.000,0.00,0.000,1.0,1.2,0.2,213,2,1.3,1.6,0.2,206,4,1.3,1.6,0.2,206,4,0,29.52,0.4,0,0,0,39.7,43.2,46.0,0.59,0.46,0.37
EDWA,2019-11-08 20:15:00 EST,44.32177,-75.24413,682,14.8,16.0,14.8,93.0,13.2,0.000,0.000,0.00,0.000,1.5,1.8,0.2,211,0,1.6,2.1,0.2,209,3,1.6,2.1,0.2,209,3,0,29.52,0.3,0,0,0,39.7,43.2,46.0,0.59,0.46,0.37
EDWA,2019-11-08 20:20:00 EST,44.32177,-75.24413,682,14.6,15.8,14.6,92.5,12.9,0.000,0.000,0.00,0.000,0.7,1.3,0.5,204,2,0.9,1.6,0.6,199,4,0.9,1.6,0.6,199,4,0,29.52,0.3,0,0,0,39.7,43.2,46.0,0.59,0.46,0.37
EDWA,2019-11-08 20:25:00 EST,44.32177,-75.24413,682,14.7,15.6,14.7,92.2,12.8,0.000,0.000,0.00,0.000,0.4,0.9,0.3,203,0,0.6,1.1,0.4,204,6,0.6,1.1,0.4,204,6,0,29.52,0.3,0,0,0,39.7,43.2,46.0,0.59,0.46,0.37
EDWA,2019-11-08 20:30:00 EST,44.32177,-75.24413,682,14.8,15.9,14.8,92.8,13.1,0.000,0.000,0.00,0.000,0.0,0.0,0.0,0,0,0.0,0.7,0.1,85,5,0.0,0.7,0.1,85,5,0,29.52,0.4,0,0,0,39.7,43.2,46.0,0.59,0.46,0.37
EDWA,2019-11-08 20:35:00 EST,44.32177,-75.24413,682,14.9,15.9,14.9,92.5,13.2,0.000,0.000,0.00,0.000,0.0,0.0,0.0,0,0,0.1,0.9,0.2,108,5,0.1,0.9,0.2,108,5,0,29.52,0.4,0,0,0,39.6,43.2,46.0,0.59,0.46,0.37
EDWA,2019-11-08 20:40:00 EST,44.32177,-75.24413,682,14.7,16.0,14.7,93.2,13.1,0.000,0.000,0.00,0.000,0.0,0.0,0.0,0,0,0.0,1.0,0.2,244,1,0.0,1.0,0.2,244,1,0,29.52,0.3,0,0,0,39.6,43.2,46.0,0.59,0.46,0.37
EDWA,2019-11-08 20:45:00 EST,44.32177,-75.24413,682,14.5,16.1,14.5,93.4,12.9,0.000,0.000,0.00,0.000,0.0,0.0,0.0,0,0,0.1,0.9,0.2,49,8,0.1,0.9,0.2,49,8,0,29.52,0.4,0,0,0,39.6,43.2,46.0,0.59,0.46,0.37
EDWA,2019-11-08 20:50:00 EST,44.32177,-75.24413,682,14.7,16.2,14.7,93.2,13.1,0.000,0.000,0.00,0.000,0.1,0.9,0.2,121,12,0.5,1.5,0.5,96,21,0.5,1.5,0.5,96,21,0,29.52,0.3,0,0,0,39.6,43.2,46.0,0.59,0.46,0.37
EDWA,2019-11-08 20:55:00 EST,44.32177,-75.24413,682,14.3,16.1,14.3,93.7,12.8,0.000,0.000,0.00,0.000,0.0,0.0,0.0,0,0,0.2,1.1,0.3,217,11,0.2,1.1,0.3,217,11,0,29.52,0.3,0,0,0,39.6,43.2,46.0,0.59,0.46,0.37
EDWA,2019-11-08 21:00:00 EST,44.32177,-75.24413,682,14.1,16.3,14.1,92.5,12.3,0.000,0.000,0.00,0.000,0.0,0.0,0.0,0,0,0.1,0.8,0.2,146,18,0.1,0.8,0.2,146,18,0,29.52,0.4,0,0,0,39.6,43.2,46.0,0.59,0.46,0.37
EDWA,2019-11-08 21:05:00 EST,44.32177,-75.24413,682,14.2,16.4,14.2,92.4,12.4,0.000,0.000,0.00,0.000,0.1,1.0,0.3,135,0,0.3,1.5,0.5,133,27,0.3,1.5,0.5,133,27,0,29.52,0.4,0,0,0,39.6,43.2,46.0,0.59,0.46,0.37
EDWA,2019-11-08 21:10:00 EST,44.32177,-75.24413,682,14.3,16.3,14.3,92.4,12.5,0.000,0.000,0.00,0.000,0.0,0.5,0.1,195,3,0.2,1.1,0.4,241,20,0.2,1.1,0.4,241,20,0,29.52,0.4,0,0,0,39.6,43.2,45.9,0.59,0.46,0.37
EDWA,2019-11-08 21:15:00 EST,44.32177,-75.24413,682,14.3,16.2,14.3,93.1,12.7,0.000,0.000,0.00,0.000,0.1,1.1,0.2,163,0,0.1,1.1,0.3,185,11,0.1,1.1,0.3,185,11,0,29.52,0.4,0,0,0,39.6,43.2,45.9,0.59,0.46,0.37
EDWA,2019-11-08 21:20:00 EST,44.32177,-75.24413,682,14.4,16.3,14.4,92.3,12.5,0.000,0.000,0.00,0.000,0.0,0.0,0.0,0,0,0.1,1.0,0.3,262,25,0.1,1.0,0.3,262,25,0,29.52,0.4,0,0,0,39.6,43.2,45.9,0.59,0.46,0.37
EDWA,2019-11-08 21:25:00 EST,44.32177,-75.24413,682,14.5,16.5,14.5,92.2,12.6,0.000,0.000,0.00,0.000,0.0,0.0,0.0,0,0,0.1,1.0,0.2,64,18,0.1,1.0,0.2,64,18,0,29.52,0.4,0,0,0,39.6,43.2,46.0,0.59,0.46,0.37
EDWA,2019-11-08 21:30:00 EST,44.32177,-75.24413,682,14.3,16.4,14.3,92.4,12.5,0.000,0.000,0.00,0.000,0.0,0.0,0.0,0,0,0.0,0.8,0.1,173,6,0.0,0.8,0.1,173,6,0,29.52,0.4,0,0,0,39.6,43.1,45.9,0.59,0.46,0.37
EDWA,2019-11-08 21:35:00 EST,44.32177,-75.24413,682,14.2,16.1,14.2,93.0,12.6,0.000,0.000,0.00,0.000,0.0,0.0,0.0,0,0,0.3,1.3,0.4,246,23,0.3,1.3,0.4,246,23,0,29.52,0.4,0,0,0,39.6,43.2,45.9,0.59,0.46,0.37
EDWA,2019-11-08 21:40:00 EST,44.32177,-75.24413,682,13.9,15.9,13.9,93.2,12.3,0.000,0.000,0.00,0.000,0.0,0.0,0.0,0,0,0.2,1.0,0.3,219,13,0.2,1.0,0.3,219,13,0,29.52,0.4,0,0,0,39.6,43.2,45.9,0.59,0.46,0.37
EDWA,2019-11-08 21:45:00 EST,44.32177,-75.24413,682,13.7,15.6,13.7,91.8,11.8,0.000,0.000,0.00,0.000,0.0,0.1,0.0,217,0,0.4,1.3,0.5,248,20,0.4,1.3,0.5,248,20,0,29.52,0.4,0,0,0,39.6,43.2,45.9,0.59,0.46,0.37
EDWA,2019-11-08 21:50:00 EST,44.32177,-75.24413,682,13.7,15.2,13.7,92.6,12.0,0.000,0.000,0.00,0.000,0.4,0.9,0.2,221,2,0.7,1.5,0.4,229,11,0.7,1.5,0.4,229,11,0,29.52,0.4,0,0,0,39.6,43.2,45.9,0.59,0.46,0.37
EDWA,2019-11-08 21:55:00 EST,44.32177,-75.24413,682,13.7,15.4,13.7,92.5,11.9,0.000,0.000,0.00,0.000,0.4,0.9,0.3,222,81,0.5,1.2,0.5,221,7,0.5,1.2,0.5,221,7,0,29.52,0.4,0,0,0,39.4,43.2,45.9,0.59,0.46,0.37
EDWA,2019-11-08 22:00:00 EST,44.32177,-75.24413,682,13.5,15.4,13.5,92.2,11.7,0.000,0.000,0.00,0.000,0.3,1.8,0.5,132,0,0.5,1.8,0.6,136,18,0.5,1.8,0.6,136,18,0,29.52,0.4,0,0,0,39.4,43.1,45.9,0.59,0.46,0.37
EDWA,2019-11-08 22:05:00 EST,44.32177,-75.24413,682,13.8,15.1,13.8,93.1,12.2,0.000,0.000,0.00,0.000,0.6,2.7,0.6,144,12,0.9,2.8,0.6,133,18,0.9,2.8,0.6,133,18,0,29.52,0.4,0,0,0,39.4,43.1,45.9,0.59,0.46,0.37
EDWA,2019-11-08 22:10:00 EST,44.32177,-75.24413,682,14.4,15.6,14.4,94.1,13.0,0.000,0.000,0.00,0.000,0.2,1.2,0.3,163,6,0.3,2.1,0.5,153,9,0.3,2.1,0.5,153,9,0,29.52,0.4,0,0,0,39.4,43.0,45.9,0.59,0.46,0.37
EDWA,2019-11-08 22:15:00 EST,44.32177,-75.24413,682,14.2,16.0,14.2,93.2,12.5,0.000,0.000,0.00,0.000,1.0,2.0,0.5,158,15,1.3,2.5,0.5,151,19,1.3,2.5,0.5,151,19,0,29.51,0.4,0,0,0,39.4,43.0,45.9,0.59,0.46,0.37
EDWA,2019-11-08 22:20:00 EST,44.32177,-75.24413,682,13.9,15.8,13.9,92.5,12.1,0.000,0.000,0.00,0.000,0.7,2.3,0.6,151,16,0.9,2.4,0.6,143,18,0.9,2.4,0.6,143,18,0,29.51,0.4,0,0,0,39.4,43.0,45.9,0.59,0.46,0.37
EDWA,2019-11-08 22:25:00 EST,44.32177,-75.24413,682,14.3,16.2,14.3,93.3,12.7,0.000,0.000,0.00,0.000,0.2,1.5,0.4,172,8,0.3,1.7,0.5,173,13,0.3,1.7,0.5,173,13,0,29.51,0.4,0,0,0,39.4,43.0,45.9,0.59,0.46,0.37
EDWA,2019-11-08 22:30:00 EST,44.32177,-75.24413,682,14.4,16.3,14.4,92.8,12.7,0.000,0.000,0.00,0.000,0.1,0.7,0.2,176,2,0.2,1.3,0.4,167,13,0.2,1.3,0.4,167,13,0,29.51,0.4,0,0,0,39.4,43.0,45.9,0.59,0.46,0.37
EDWA,2019-11-08 22:35:00 EST,44.32177,-75.24413,682,13.8,15.9,13.8,92.6,12.1,0.000,0.000,0.00,0.000,0.2,1.2,0.3,162,3,0.4,2.0,0.5,155,13,0.4,2.0,0.5,155,13,0,29.51,0.4,0,0,0,39.4,43.0,45.9,0.59,0.46,0.37
EDWA,2019-11-08 22:40:00 EST,44.32177,-75.24413,682,14.0,16.0,14.0,92.4,12.2,0.000,0.000,0.00,0.000,0.6,1.8,0.6,180,16,0.9,3.1,0.7,184,25,0.9,3.1,0.7,184,25,0,29.51,0.5,0,0,0,39.4,43.0,45.9,0.59,0.46,0.37
EDWA,2019-11-08 22:45:00 EST,44.32177,-75.24413,682,13.8,16.3,13.8,93.2,12.2,0.000,0.000,0.00,0.000,0.4,0.9,0.3,238,35,0.8,1.8,0.5,250,34,0.8,1.8,0.5,250,34,0,29.51,0.4,0,0,0,39.3,43.0,45.9,0.59,0.46,0.37
EDWA,2019-11-08 22:50:00 EST,44.32177,-75.24413,682,13.7,16.1,13.7,92.4,11.9,0.000,0.000,0.00,0.000,0.2,1.0,0.3,210,15,0.7,1.7,0.5,213,36,0.7,1.7,0.5,213,36,0,29.51,0.5,0,0,0,39.4,43.0,45.9,0.59,0.46,0.37
EDWA,2019-11-08 22:55:00 EST,44.32177,-75.24413,682,13.3,15.8,13.3,91.8,11.4,0.000,0.000,0.00,0.000,0.2,0.8,0.3,240,4,0.7,1.4,0.5,250,17,0.7,1.4,0.5,250,17,0,29.51,0.4,0,0,0,39.3,43.0,45.9,0.59,0.46,0.37
EDWA,2019-11-08 23:00:00 EST,44.32177,-75.24413,682,13.2,15.6,13.2,91.9,11.3,0.000,0.000,0.00,0.000,0.4,0.9,0.2,233,5,0.8,1.4,0.4,237,17,0.8,1.4,0.4,237,17,0,29.51,0.5,0,0,0,39.2,43.0,45.9,0.59,0.46,0.37
EDWA,2019-11-08 23:05:00 EST,44.32177,-75.24413,682,13.2,15.6,13.2,92.0,11.3,0.000,0.000,0.00,0.000,0.7,1.4,0.3,221,11,1.0,2.0,0.4,222,17,1.0,2.0,0.4,222,17,0,29.51,0.5,0,0,0,39.2,43.0,45.9,0.59,0.46,0.37
EDWA,2019-11-08 23:10:00 EST,44.32177,-75.24413,682,13.3,14.8,13.3,92.4,11.5,0.000,0.000,0.00,0.000,1.0,1.5,0.3,220,7,1.2,1.7,0.2,222,9,1.2,1.7,0.2,222,9,0,29.51,0.4,0,0,0,39.2,43.0,45.9,0.59,0.46,0.37
EDWA,2019-11-08 23:15:00 EST,44.32177,-75.24413,682,12.9,14.7,12.9,92.1,11.0,0.000,0.000,0.00,0.000,1.4,1.8,0.2,231,6,1.5,2.1,0.3,230,9,1.5,2.1,0.3,230,9,0,29.51,0.4,0,0,0,39.2,43.0,45.9,0.59,0.46,0.37
EDWA,2019-11-08 23:20:00 EST,44.32177,-75.24413,682,12.5,14.6,12.5,91.4,10.5,0.000,0.000,0.00,0.000,1.4,1.8,0.2,238,9,1.6,2.1,0.2,232,12,1.6,2.1,0.2,232,12,0,29.50,0.5,0,0,0,39.2,43.0,45.9,0.59,0.46,0.37
EDWA,2019-11-08 23:25:00 EST,44.32177,-75.24413,682,12.8,14.5,12.8,91.8,10.9,0.000,0.000,0.00,0.000,1.1,1.6,0.4,227,9,1.3,2.6,0.4,227,8,1.3,2.6,0.4,227,8,0,29.50,0.5,0,0,0,39.2,43.0,45.9,0.59,0.46,0.37
EDWA,2019-11-08 23:30:00 EST,44.32177,-75.24413,682,12.9,14.7,12.9,92.0,11.0,0.000,0.000,0.00,0.000,1.0,1.7,0.2,233,7,1.2,2.3,0.3,235,12,1.2,2.3,0.3,235,12,0,29.50,0.5,0,0,0,39.2,43.0,45.9,0.59,0.46,0.37
EDWA,2019-11-08 23:35:00 EST,44.32177,-75.24413,682,12.8,14.9,12.8,91.7,10.9,0.000,0.000,0.00,0.000,0.8,1.8,0.4,216,25,1.2,2.3,0.5,220,27,1.2,2.3,0.5,220,27,0,29.50,0.4,0,0,0,39.2,43.0,45.9,0.59,0.46,0.37
EDWA,2019-11-08 23:40:00 EST,44.32177,-75.24413,682,12.5,15.0,12.5,91.0,10.4,0.000,0.000,0.00,0.000,1.0,2.0,0.4,223,15,1.3,2.7,0.5,221,16,1.3,2.7,0.5,221,16,0,29.51,0.5,0,0,0,39.2,43.0,45.9,0.59,0.46,0.37
EDWA,2019-11-08 23:45:00 EST,44.32177,-75.24413,682,12.5,14.8,12.5,91.4,10.5,0.000,0.000,0.00,0.000,1.2,2.0,0.4,214,19,1.6,2.9,0.5,213,21,1.6,2.9,0.5,213,21,0,29.51,0.5,0,0,0,39.2,43.0,45.9,0.59,0.46,0.37
EDWA,2019-11-08 23:50:00 EST,44.32177,-75.24413,682,13.0,15.5,13.0,91.8,11.0,0.000,0.000,0.00,0.000,1.1,2.0,0.5,192,21,1.6,3.0,0.6,188,22,1.6,3.0,0.6,188,22,0,29.51,0.5,0,0,0,39.2,43.0,45.9,0.59,0.46,0.37
EDWA,2019-11-08 23:55:00 EST,44.32177,-75.24413,682,13.3,15.5,13.3,92.9,11.6,0.000,0.000,0.00,0.000,0.9,1.6,0.3,207,12,1.2,2.7,0.5,205,17,1.2,2.7,0.5,205,17,0,29.51,0.4,0,0,0,39.2,43.0,45.9,0.59,0.46,0.37
ELDR,2019-11-08 00:00:00 EST,41.53961,-74.87992,1140,30.1,30.1,26.9,87.1,26.7,0.000,0.354,0.00,0.000,2.5,9.4,1.7,328,40,3.2,12.4,2.0,335,36,3.2,12.4,2.0,335,36,0,28.82,0.0,0,0,0,43.5,47.3,49.3,0.23,0.33,0.35
ELDR,2019-11-08 00:05:00 EST,41.53961,-74.87992,1140,30.0,29.9,30.0,87.2,26.6,0.000,0.000,0.00,0.000,2.1,6.0,1.1,321,28,2.8,6.9,1.3,325,27,2.8,6.9,1.3,325,27,0,28.82,0.0,0,0,0,43.5,47.3,49.3,0.23,0.33,0.35
ELDR,2019-11-08 00:10:00 EST,41.53961,-74.87992,1140,29.8,29.8,29.8,88.2,26.7,0.000,0.000,0.00,0.000,1.2,4.2,1.0,325,42,1.7,4.7,1.1,321,44,1.7,4.7,1.1,321,44,0,28.82,0.0,0,0,0,43.5,47.3,49.3,0.23,0.33,0.35
ELDR,2019-11-08 00:15:00 EST,41.53961,-74.87992,1140,29.7,29.8,25.9,87.0,26.3,0.000,0.000,0.00,0.000,2.8,8.1,2.0,314,33,3.6,10.6,2.4,321,33,3.6,10.6,2.4,321,33,0,28.81,0.0,0,0,0,43.5,47.3,49.3,0.22,0.33,0.35
ELDR,2019-11-08 00:20:00 EST,41.53961,-74.87992,1140,29.6,29.7,26.3,85.1,25.7,0.000,0.000,0.00,0.000,2.6,6.5,1.6,313,34,3.2,8.2,1.8,316,36,3.2,8.2,1.8,316,36,0,28.81,-0.1,0,0,0,43.4,47.3,49.3,0.22,0.33,0.35
ELDR,2019-11-08 00:25:00 EST,41.53961,-74.87992,1140,29.5,29.5,29.5,83.8,25.2,0.000,0.000,0.00,0.000,2.0,6.6,1.5,326,40,2.9,8.5,1.8,327,43,2.9,8.5,1.8,327,43,0,28.81,0.0,0,0,0,43.3,47.3,49.3,0.22,0.33,0.35
ELDR,2019-11-08 00:30:00 EST,41.53961,-74.87992,1140,29.4,29.4,24.6,82.9,24.8,0.000,0.000,0.00,0.000,3.7,11.0,2.3,300,28,4.5,14.0,2.5,304,27,4.5,14.0,2.5,304,27,0,28.81,0.0,0,0,0,43.3,47.3,49.3,0.22,0.33,0.35
ELDR,2019-11-08 00:35:00 EST,41.53961,-74.87992,1140,29.2,29.3,26.1,83.2,24.8,0.000,0.000,0.00,0.000,2.4,7.7,1.7,303,33,3.1,9.1,1.9,307,34,3.1,9.1,1.9,307,34,0,28.81,0.0,0,0,0,43.3,47.3,49.3,0.22,0.34,0.35
ELDR,2019-11-08 00:40:00 EST,41.53961,-74.87992,1140,29.1,29.1,24.7,83.0,24.6,0.000,0.000,0.00,0.000,3.2,8.1,1.8,317,45,4.0,8.8,2.1,321,42,4.0,8.8,2.1,321,42,0,28.82,0.0,0,0,0,43.2,47.3,49.3,0.22,0.33,0.35
ELDR,2019-11-08 00:45:00 EST,41.53961,-74.87992,1140,29.0,29.0,25.1,81.7,24.1,0.000,0.000,0.00,0.000,3.1,6.3,1.6,318,30,3.6,8.2,1.8,322,26,3.6,8.2,1.8,322,26,0,28.81,0.0,0,0,0,43.2,47.3,49.3,0.22,0.34,0.35
ELDR,2019-11-08 00:50:00 EST,41.53961,-74.87992,1140,28.8,28.8,24.5,82.0,24.0,0.000,0.000,0.00,0.000,3.2,8.4,2.1,324,38,3.9,9.7,2.1,330,39,3.9,9.7,2.1,330,39,0,28.81,-0.0,0,0,0,43.2,47.3,49.3,0.22,0.33,0.35
ELDR,2019-11-08 00:55:00 EST,41.53961,-74.87992,1140,28.6,28.7,25.2,82.0,23.8,0.000,0.000,0.00,0.000,2.3,8.9,2.0,319,49,3.2,11.3,2.1,325,47,3.2,11.3,2.1,325,47,0,28.81,0.0,0,0,0,43.2,47.3,49.3,0.22,0.33,0.35
ELDR,2019-11-08 01:00:00 EST,41.53961,-74.87992,1140,28.5,28.5,24.3,81.5,23.5,0.000,0.000,0.00,0.000,3.0,8.3,2.0,319,42,3.8,10.9,2.4,321,37,3.8,10.9,2.4,321,37,0,28.81,0.0,0,0,0,43.1,47.3,49.3,0.22,0.33,0.35
ELDR,2019-11-08 01:05:00 EST,41.53961,-74.87992,1140,28.4,28.4,24.6,80.6,23.2,0.000,0.000,0.00,0.000,3.0,8.6,2.1,318,33,3.4,9.1,2.4,322,30,3.4,9.1,2.4,322,30,0,28.81,-0.0,0,0,0,43.0,47.3,49.3,0.22,0.34,0.35
ELDR,2019-11-08 01:10:00 EST,41.53961,-74.87992,1140,28.1,28.2,23.6,80.3,22.8,0.000,0.000,0.00,0.000,3.3,9.6,1.9,311,33,4.0,10.5,2.0,314,36,4.0,10.5,2.0,314,36,0,28.81,0.0,0,0,0,43.0,47.3,49.3,0.22,0.33,0.34
ELDR,2019-11-08 01:15:00 EST,41.53961,-74.87992,1140,28.1,28.1,28.1,79.3,22.5,0.000,0.000,0.00,0.000,2.1,5.8,1.2,303,33,2.8,7.6,1.3,307,28,2.8,7.6,1.3,307,28,0,28.81,0.0,0,0,0,43.0,47.3,49.3,0.22,0.33,0.34
ELDR,2019-11-08 01:20:00 EST,41.53961,-74.87992,1140,28.0,28.0,23.4,78.7,22.2,0.000,0.000,0.00,0.000,3.3,8.5,1.6,317,28,4.0,11.8,1.8,318,26,4.0,11.8,1.8,318,26,0,28.81,0.0,0,0,0,42.9,47.3,49.3,0.22,0.33,0.34
ELDR,2019-11-08 01:25:00 EST,41.53961,-74.87992,1140,27.8,27.9,27.8,79.0,22.1,0.000,0.000,0.00,0.000,1.9,6.9,1.3,294,33,2.9,7.7,1.5,297,32,2.9,7.7,1.5,297,32,0,28.81,-0.0,0,0,0,42.8,47.2,49.3,0.22,0.33,0.35
ELDR,2019-11-08 01:30:00 EST,41.53961,-74.87992,1140,27.6,27.7,24.0,79.4,22.1,0.000,0.000,0.00,0.000,2.8,7.7,2.0,309,29,3.3,8.4,2.1,311,27,3.3,8.4,2.1,311,27,0,28.81,-0.0,0,0,0,42.8,47.1,49.3,0.22,0.33,0.35
ELDR,2019-11-08 01:35:00 EST,41.53961,-74.87992,1140,27.5,27.6,27.5,79.9,22.1,0.000,0.000,0.00,0.000,2.2,5.6,1.5,317,26,2.7,5.8,1.6,321,24,2.7,5.8,1.6,321,24,0,28.81,0.0,0,0,0,42.8,47.2,49.3,0.22,0.33,0.34
ELDR,2019-11-08 01:40:00 EST,41.53961,-74.87992,1140,27.5,27.5,23.6,79.3,21.9,0.000,0.000,0.00,0.000,2.9,5.8,1.3,305,25,3.4,6.5,1.5,309,23,3.4,6.5,1.5,309,23,0,28.82,0.0,0,0,0,42.8,47.1,49.3,0.22,0.33,0.34
ELDR,2019-11-08 01:45:00 EST,41.53961,-74.87992,1140,27.3,27.4,27.3,79.0,21.7,0.000,0.000,0.00,0.000,1.7,6.1,1.3,320,29,2.3,9.0,1.8,317,28,2.3,9.0,1.8,317,28,0,28.82,-0.0,0,0,0,42.7,47.1,49.3,0.22,0.33,0.34
ELDR,2019-11-08 01:50:00 EST,41.53961,-74.87992,1140,27.2,27.2,27.2,80.1,21.9,0.000,0.000,0.00,0.000,1.7,5.3,1.1,322,26,2.1,5.9,1.2,325,25,2.1,5.9,1.2,325,25,0,28.82,0.0,0,0,0,42.6,47.1,49.3,0.22,0.33,0.34
ELDR,2019-11-08 01:55:00 EST,41.53961,-74.87992,1140,27.1,27.2,27.1,79.8,21.7,0.000,0.000,0.00,0.000,2.1,4.7,1.0,301,21,2.4,5.9,1.1,307,20,2.4,5.9,1.1,307,20,0,28.82,0.0,0,0,0,42.6,47.1,49.3,0.22,0.33,0.34
ELDR,2019-11-08 02:00:00 EST,41.53961,-74.87992,1140,27.0,27.1,27.0,80.2,21.7,0.000,0.000,0.00,0.000,1.7,3.4,0.7,306,25,2.1,4.3,0.7,309,24,2.1,4.3,0.7,309,24,0,28.82,0.0,0,0,0,42.6,47.1,49.3,0.22,0.33,0.34
ELDR,2019-11-08 02:05:00 EST,41.53961,-74.87992,1140,26.9,26.9,26.9,79.8,21.5,0.000,0.000,0.00,0.000,0.8,2.2,0.5,323,25,1.1,2.4,0.5,318,27,1.1,2.4,0.5,318,27,0,28.83,-0.0,0,0,0,42.4,47.1,49.3,0.22,0.33,0.34
ELDR,2019-11-08 02:10:00 EST,41.53961,-74.87992,1140,26.6,26.7,26.6,81.6,21.7,0.000,0.000,0.00,0.000,0.5,1.8,0.5,294,35,1.1,3.0,0.7,307,33,1.1,3.0,0.7,307,33,0,28.83,0.0,0,0,0,42.4,47.1,49.3,0.22,0.33,0.34
ELDR,2019-11-08 02:15:00 EST,41.53961,-74.87992,1140,26.5,26.6,26.5,82.2,21.8,0.000,0.000,0.00,0.000,1.0,3.4,0.8,321,23,1.4,4.1,0.9,322,21,1.4,4.1,0.9,322,21,0,28.83,-0.0,0,0,0,42.4,47.1,49.3,0.22,0.33,0.34
ELDR,2019-11-08 02:20:00 EST,41.53961,-74.87992,1140,26.3,26.5,26.3,82.8,21.8,0.000,0.000,0.00,0.000,0.2,1.0,0.3,340,25,0.5,2.0,0.6,337,31,0.5,2.0,0.6,337,31,0,28.82,-0.1,0,0,0,42.4,47.1,49.3,0.22,0.33,0.34
ELDR,2019-11-08 02:25:00 EST,41.53961,-74.87992,1140,26.2,26.3,26.2,83.9,22.0,0.000,0.000,0.00,0.000,0.0,0.2,0.0,27,0,0.0,1.0,0.1,20,3,0.0,1.0,0.1,20,3,0,28.82,-0.0,0,0,0,42.4,47.1,49.3,0.22,0.33,0.34
ELDR,2019-11-08 02:30:00 EST,41.53961,-74.87992,1140,26.0,26.1,26.0,84.5,22.0,0.000,0.000,0.00,0.000,0.0,0.0,0.0,0,0,0.1,0.9,0.2,122,10,0.1,0.9,0.2,122,10,0,28.82,-0.0,0,0,0,42.3,47.1,49.2,0.22,0.33,0.34
ELDR,2019-11-08 02:35:00 EST,41.53961,-74.87992,1140,25.6,25.7,25.6,85.3,21.8,0.000,0.000,0.00,0.000,0.0,0.7,0.1,57,0,0.1,0.9,0.3,43,2,0.1,0.9,0.3,43,2,0,28.81,-0.0,0,0,0,42.3,47.1,49.3,0.22,0.33,0.34
ELDR,2019-11-08 02:40:00 EST,41.53961,-74.87992,1140,25.4,25.5,25.4,87.8,22.3,0.000,0.000,0.00,0.000,0.1,0.8,0.2,70,7,0.2,1.3,0.4,64,18,0.2,1.3,0.4,64,18,0,28.81,0.0,0,0,0,42.3,47.1,49.2,0.22,0.33,0.34
ELDR,2019-11-08 02:45:00 EST,41.53961,-74.87992,1140,25.5,25.8,25.5,88.5,22.5,0.000,0.000,0.00,0.000,0.7,1.8,0.5,324,22,1.0,2.6,0.7,325,20,1.0,2.6,0.7,325,20,0,28.81,0.0,0,0,0,42.2,47.1,49.3,0.22,0.33,0.34
ELDR,2019-11-08 02:50:00 EST,41.53961,-74.87992,1140,25.7,26.0,25.7,88.3,22.7,0.000,0.000,0.00,0.000,1.3,2.8,0.7,312,11,1.4,3.3,0.8,315,13,1.4,3.3,0.8,315,13,0,28.81,0.0,0,0,0,42.1,47.1,49.3,0.22,0.33,0.34
ELDR,2019-11-08 02:55:00 EST,41.53961,-74.87992,1140,25.7,25.9,25.7,87.9,22.6,0.000,0.000,0.00,0.000,1.5,2.5,0.4,310,19,1.7,3.6,0.5,311,19,1.7,3.6,0.5,311,19,0,28.81,0.1,0,0,0,42.1,47.1,49.3,0.22,0.33,0.34
ELDR,2019-11-08 03:00:00 EST,41.53961,-74.87992,1140,25.6,25.8,25.6,88.4,22.7,0.000,0.000,0.00,0.000,1.9,3.4,0.7,300,16,2.0,3.8,0.7,302,17,2.0,3.8,0.7,302,17,0,28.81,0.0,0,0,0,42.1,47.1,49.3,0.22,0.33,0.34
ELDR,2019-11-08 03:05:00 EST,41.53961,-74.87992,1140,25.4,25.5,25.4,90.7,23.1,0.000,0.000,0.00,0.000,0.7,1.6,0.5,286,16,1.1,2.1,0.5,281,24,1.1,2.1,0.5,281,24,0,28.81,0.0,0,0,0,42.1,47.1,49.3,0.22,0.33,0.34
ELDR,2019-11-08 03:10:00 EST,41.53961,-74.87992,1140,25.2,25.2,25.2,91.0,22.9,0.000,0.000,0.00,0.000,0.1,0.9,0.2,272,15,0.5,1.7,0.5,284,29,0.5,1.7,0.5,284,29,0,28.81,0.0,0,0,0,41.9,47.1,49.3,0.22,0.33,0.34
ELDR,2019-11-08 03:15:00 EST,41.53961,-74.87992,1140,25.1,25.2,25.1,90.8,22.8,0.000,0.000,0.00,0.000,0.4,1.2,0.4,293,31,0.6,1.5,0.5,286,34,0.6,1.5,0.5,286,34,0,28.81,0.1,0,0,0,41.9,47.1,49.3,0.22,0.33,0.34
ELDR,2019-11-08 03:20:00 EST,41.53961,-74.87992,1140,25.0,25.0,25.0,92.2,23.0,0.000,0.000,0.00,0.000,0.4,1.2,0.4,238,29,0.8,1.8,0.6,247,30,0.8,1.8,0.6,247,30,0,28.81,0.1,0,0,0,41.9,47.1,49.2,0.22,0.33,0.34
ELDR,2019-11-08 03:25:00 EST,41.53961,-74.87992,1140,24.9,25.0,24.9,92.4,23.1,0.000,0.000,0.00,0.000,1.0,3.3,0.8,249,22,1.4,4.3,0.8,256,23,1.4,4.3,0.8,256,23,0,28.82,0.1,0,0,0,41.9,47.1,49.3,0.22,0.33,0.34
ELDR,2019-11-08 03:30:00 EST,41.53961,-74.87992,1140,24.8,24.8,24.8,92.7,23.0,0.000,0.000,0.00,0.000,0.6,1.2,0.3,218,30,1.1,2.0,0.4,222,32,1.1,2.0,0.4,222,32,0,28.82,0.0,0,0,0,41.8,47.1,49.2,0.22,0.33,0.34
ELDR,2019-11-08 03:35:00 EST,41.53961,-74.87992,1140,24.7,24.8,24.7,92.9,23.0,0.000,0.000,0.00,0.000,0.6,3.6,0.8,316,39,1.2,4.9,1.1,299,45,1.2,4.9,1.1,299,45,0,28.82,0.0,0,0,0,41.7,47.1,49.2,0.22,0.33,0.34
ELDR,2019-11-08 03:40:00 EST,41.53961,-74.87992,1140,24.8,24.9,24.8,93.1,23.1,0.000,0.000,0.00,0.000,0.5,1.6,0.5,255,30,0.9,2.3,0.6,252,31,0.9,2.3,0.6,252,31,0,28.82,0.0,0,0,0,41.7,47.0,49.2,0.22,0.33,0.34
ELDR,2019-11-08 03:45:00 EST,41.53961,-74.87992,1140,24.7,24.9,24.7,92.7,22.9,0.000,0.000,0.00,0.000,0.8,2.8,0.7,289,23,1.1,3.0,0.8,287,28,1.1,3.0,0.8,287,28,0,28.82,0.1,0,0,0,41.7,47.0,49.2,0.22,0.33,0.34
ELDR,2019-11-08 03:50:00 EST,41.53961,-74.87992,1140,24.7,24.8,24.7,93.0,23.0,0.000,0.000,0.00,0.000,1.4,4.6,1.2,258,24,1.8,5.4,1.4,264,25,1.8,5.4,1.4,264,25,0,28.82,0.1,0,0,0,41.7,47.0,49.2,0.22,0.33,0.34
ELDR,2019-11-08 03:55:00 EST,41.53961,-74.87992,1140,24.6,24.7,24.6,92.5,22.7,0.000,0.000,0.00,0.000,1.1,4.1,1.0,276,31,1.5,5.4,1.1,278,33,1.5,5.4,1.1,278,33,0,28.82,0.1,0,0,0,41.6,46.9,49.1,0.22,0.33,0.34
ELDR,2019-11-08 04:00:00 EST,41.53961,-74.87992,1140,24.8,24.8,24.8,92.5,22.9,0.000,0.000,0.00,0.000,1.3,3.3,0.9,279,36,1.8,4.5,1.0,280,38,1.8,4.5,1.0,280,38,0,28.82,0.0,0,0,0,41.5,46.9,49.2,0.22,0.33,0.34
ELDR,2019-11-08 04:05:00 EST,41.53961,-74.87992,1140,24.8,24.8,24.8,92.7,23.0,0.000,0.000,0.00,0.000,1.9,4.5,1.0,255,27,2.4,5.4,1.2,257,24,2.4,5.4,1.2,257,24,0,28.82,0.1,0,0,0,41.5,46.9,49.1,0.22,0.33,0.34
ELDR,2019-11-08 04:10:00 EST,41.53961,-74.87992,1140,24.9,24.9,24.9,92.0,22.9,0.000,0.000,0.00,0.000,1.8,4.4,0.9,273,34,2.1,4.8,0.9,269,33,2.1,4.8,0.9,269,33,0,28.82,0.1,0,0,0,41.5,46.9,49.1,0.22,0.33,0.34
ELDR,2019-11-08 04:15:00 EST,41.53961,-74.87992,1140,24.9,24.9,24.9,91.5,22.8,0.000,0.000,0.00,0.000,1.8,7.7,1.5,279,26,2.4,10.5,1.8,278,31,2.4,10.5,1.8,278,31,0,28.82,0.1,0,0,0,41.4,46.9,49.1,0.22,0.33,0.33
ELDR,2019-11-08 04:20:00 EST,41.53961,-74.87992,1140,24.9,24.9,20.1,91.3,22.7,0.000,0.000,0.00,0.000,3.2,8.1,1.7,280,27,3.8,9.4,1.9,282,26,3.8,9.4,1.9,282,26,0,28.83,0.1,0,0,0,41.4,46.9,49.1,0.22,0.33,0.33
ELDR,2019-11-08 04:25:00 EST,41.53961,-74.87992,1140,24.9,25.0,24.9,91.1,22.7,0.000,0.000,0.00,0.000,2.3,7.5,2.2,282,25,2.8,8.1,2.2,280,32,2.8,8.1,2.2,280,32,0,28.83,0.1,0,0,0,41.4,46.9,49.1,0.22,0.33,0.33
ELDR,2019-11-08 04:30:00 EST,41.53961,-74.87992,1140,24.9,24.9,24.9,91.0,22.6,0.000,0.000,0.00,0.000,1.7,3.4,0.9,309,37,2.1,5.3,1.0,309,40,2.1,5.3,1.0,309,40,0,28.82,0.1,0,0,0,41.4,46.9,49.1,0.22,0.33,0.33
ELDR,2019-11-08 04:35:00 EST,41.53961,-74.87992,1140,24.9,25.0,24.9,90.5,22.6,0.000,0.000,0.00,0.000,2.2,5.0,1.0,273,23,2.5,5.3,1.2,275,24,2.5,5.3,1.2,275,24,0,28.82,0.1,0,0,0,41.3,46.9,49.1,0.22,0.33,0.33
ELDR,2019-11-08 04:40:00 EST,41.53961,-74.87992,1140,24.8,24.9,24.8,91.1,22.5,0.000,0.000,0.00,0.000,0.6,2.2,0.7,296,27,1.1,3.2,0.8,287,35,1.1,3.2,0.8,287,35,0,28.82,0.1,0,0,0,41.2,46.9,49.1,0.22,0.33,0.33
ELDR,2019-11-08 04:45:00 EST,41.53961,-74.87992,1140,24.8,24.9,24.8,91.4,22.7,0.000,0.000,0.00,0.000,0.0,0.4,0.0,24,0,0.1,1.0,0.2,7,1,0.1,1.0,0.2,7,1,0,28.82,0.1,0,0,0,41.2,46.9,49.1,0.22,0.33,0.33
ELDR,2019-11-08 04:50:00 EST,41.53961,-74.87992,1140,25.2,25.1,25.2,91.8,23.2,0.000,0.000,0.00,0.000,0.2,1.4,0.4,254,13,0.7,1.9,0.6,274,35,0.7,1.9,0.6,274,35,0,28.82,0.1,0,0,0,41.2,46.9,49.1,0.22,0.33,0.33
ELDR,2019-11-08 04:55:00 EST,41.53961,-74.87992,1140,25.4,25.3,25.4,91.5,23.3,0.000,0.000,0.00,0.000,0.4,1.6,0.6,256,33,0.7,2.0,0.7,274,39,0.7,2.0,0.7,274,39,0,28.83,0.1,0,0,0,41.2,46.9,49.1,0.22,0.33,0.33
ELDR,2019-11-08 05:00:00 EST,41.53961,-74.87992,1140,25.6,25.4,25.6,90.5,23.2,0.000,0.000,0.00,0.000,1.5,3.2,0.7,237,15,1.6,3.9,0.8,239,17,1.6,3.9,0.8,239,17,0,28.83,0.1,0,0,0,41.2,46.9,49.1,0.22,0.33,0.33
ELDR,2019-11-08 05:05:00 EST,41.53961,-74.87992,1140,25.7,25.5,25.7,90.0,23.1,0.000,0.000,0.00,0.000,0.7,1.4,0.4,195,32,1.2,1.9,0.3,198,32,1.2,1.9,0.3,198,32,0,28.83,0.1,0,0,0,41.0,46.8,49.1,0.22,0.33,0.33
ELDR,2019-11-08 05:10:00 EST,41.53961,-74.87992,1140,25.6,25.5,25.6,90.8,23.3,0.000,0.000,0.00,0.000,0.2,1.2,0.3,184,9,0.5,1.3,0.5,193,20,0.5,1.3,0.5,193,20,0,28.82,0.1,0,0,0,41.0,46.8,49.1,0.22,0.33,0.33
ELDR,2019-11-08 05:15:00 EST,41.53961,-74.87992,1140,25.5,25.3,25.5,90.8,23.1,0.000,0.000,0.00,0.000,0.2,0.7,0.3,205,3,0.6,1.2,0.5,214,14,0.6,1.2,0.5,214,14,0,28.82,0.0,0,0,0,41.0,46.8,49.1,0.22,0.33,0.33
ELDR,2019-11-08 05:20:00 EST,41.53961,-74.87992,1140,25.2,25.1,25.2,90.5,22.8,0.000,0.000,0.00,0.000,0.3,0.7,0.3,221,33,0.6,1.5,0.5,228,38,0.6,1.5,0.5,228,38,0,28.83,0.1,0,0,0,41.0,46.8,49.1,0.22,0.33,0.33
ELDR,2019-11-08 05:25:00 EST,41.53961,-74.87992,1140,25.3,25.3,25.3,90.8,23.0,0.000,0.000,0.00,0.000,1.0,2.3,0.6,258,21,1.5,2.9,0.6,257,25,1.5,2.9,0.6,257,25,0,28.83,0.0,0,0,0,41.0,46.8,49.1,0.22,0.33,0.33
ELDR,2019-11-08 05:30:00 EST,41.53961,-74.87992,1140,25.3,25.2,25.3,91.0,23.0,0.000,0.000,0.00,0.000,1.1,3.1,0.7,239,22,1.4,3.8,0.8,244,24,1.4,3.8,0.8,244,24,0,28.83,0.0,0,0,0,41.0,46.8,49.1,0.22,0.33,0.33
ELDR,2019-11-08 05:35:00 EST,41.53961,-74.87992,1140,25.2,25.1,25.2,90.9,22.9,0.000,0.000,0.00,0.000,1.2,3.1,0.8,278,17,1.5,3.5,0.8,282,21,1.5,3.5,0.8,282,21,0,28.83,0.1,0,0,0,41.0,46.8,49.1,0.22,0.33,0.33
ELDR,2019-11-08 05:40:00 EST,41.53961,-74.87992,1140,25.0,24.8,25.0,91.1,22.7,0.000,0.000,0.00,0.000,0.7,2.1,0.6,310,29,1.0,3.5,0.8,305,30,1.0,3.5,0.8,305,30,0,28.83,0.0,0,0,0,41.0,46.8,49.1,0.22,0.33,0.33
ELDR,2019-11-08 05:45:00 EST,41.53961,-74.87992,1140,24.9,24.8,24.9,91.2,22.7,0.000,0.000,0.00,0.000,1.3,3.7,0.9,277,29,1.8,4.6,0.9,279,27,1.8,4.6,0.9,279,27,0,28.84,0.1,0,0,0,41.0,46.8,49.1,0.22,0.33,0.33
ELDR,2019-11-08 05:50:00 EST,41.53961,-74.87992,1140,24.9,24.8,24.9,91.1,22.7,0.000,0.000,0.00,0.000,1.3,2.5,0.6,266,27,1.7,3.6,0.6,264,29,1.7,3.6,0.6,264,29,0,28.84,0.0,0,0,0,41.0,46.8,49.1,0.22,0.33,0.33
ELDR,2019-11-08 05:55:00 EST,41.53961,-74.87992,1140,24.9,24.7,24.9,92.4,23.0,0.000,0.000,0.00,0.000,1.4,3.1,0.7,248,27,1.8,4.3,0.8,251,29,1.8,4.3,0.8,251,29,0,28.84,0.1,0,0,0,40.9,46.8,49.1,0.22,0.33,0.33
ELDR,2019-11-08 06:00:00 EST,41.53961,-74.87992,1140,25.0,24.9,25.0,92.5,23.1,0.000,0.000,0.00,0.000,2.3,5.0,1.1,262,34,2.8,5.6,1.2,261,33,2.8,5.6,1.2,261,33,0,28.84,0.1,0,0,0,40.8,46.8,49.1,0.22,0.33,0.33
ELDR,2019-11-08 06:05:00 EST,41.53961,-74.87992,1140,25.1,25.0,25.1,92.0,23.1,0.000,0.000,0.00,0.000,2.3,5.2,1.0,261,30,2.9,6.6,1.3,262,28,2.9,6.6,1.3,262,28,0,28.84,0.1,0,0,0,40.8,46.8,49.1,0.22,0.33,0.33
ELDR,2019-11-08 06:10:00 EST,41.53961,-74.87992,1140,25.1,25.0,21.0,91.4,22.9,0.000,0.000,0.00,0.000,2.9,7.3,1.7,257,24,3.3,8.6,1.9,262,23,3.3,8.6,1.9,262,23,0,28.84,0.1,0,0,0,40.8,46.8,49.1,0.22,0.33,0.33
ELDR,2019-11-08 06:15:00 EST,41.53961,-74.87992,1140,25.1,25.0,20.6,91.0,22.8,0.000,0.000,0.00,0.000,3.1,6.5,1.1,260,25,3.6,7.8,1.2,265,23,3.6,7.8,1.2,265,23,0,28.84,0.0,0,0,0,40.8,46.8,49.1,0.22,0.33,0.33
ELDR,2019-11-08 06:20:00 EST,41.53961,-74.87992,1140,24.9,24.9,24.9,91.7,22.8,0.000,0.000,0.00,0.000,1.6,4.0,1.0,260,19,2.0,4.5,0.9,262,22,2.0,4.5,0.9,262,22,0,28.85,0.1,0,0,0,40.8,46.8,49.1,0.22,0.33,0.33
ELDR,2019-11-08 06:25:00 EST,41.53961,-74.87992,1140,24.9,24.9,24.9,92.2,22.9,0.000,0.000,0.00,0.000,2.3,4.2,1.0,262,28,2.8,5.7,1.1,264,25,2.8,5.7,1.1,264,25,0,28.85,0.1,0,0,0,40.8,46.7,49.1,0.22,0.33,0.33
ELDR,2019-11-08 06:30:00 EST,41.53961,-74.87992,1140,25.1,25.0,25.1,91.8,23.1,0.000,0.000,0.00,0.000,1.6,4.7,1.2,266,22,2.1,5.1,1.0,264,31,2.1,5.1,1.0,264,31,0,28.85,0.1,0,0,0,40.8,46.6,49.1,0.22,0.33,0.33
ELDR,2019-11-08 06:35:00 EST,41.53961,-74.87992,1140,25.1,25.1,25.1,91.2,22.9,0.000,0.000,0.00,0.000,2.0,3.9,1.0,271,24,2.4,6.5,1.1,274,22,2.4,6.5,1.1,274,22,1,28.86,0.1,0,0,0,40.7,46.6,49.1,0.22,0.33,0.33
ELDR,2019-11-08 06:40:00 EST,41.53961,-74.87992,1140,25.2,25.1,25.2,91.4,23.1,0.000,0.000,0.00,0.000,1.0,2.7,0.7,248,34,1.4,3.9,0.8,252,35,1.4,3.9,0.8,252,35,2,28.86,0.1,0,0,0,40.7,46.6,49.1,0.22,0.33,0.33
ELDR,2019-11-08 06:45:00 EST,41.53961,-74.87992,1140,25.4,25.2,25.4,91.2,23.2,0.000,0.000,0.00,0.000,1.5,4.1,0.7,248,30,1.8,5.4,0.9,254,29,1.8,5.4,0.9,254,29,2,28.86,0.1,0,0,0,40.6,46.6,49.1,0.21,0.33,0.33
ELDR,2019-11-08 06:50:00 EST,41.53961,-74.87992,1140,25.6,25.5,25.6,91.5,23.5,0.000,0.000,0.00,0.000,0.5,1.5,0.4,234,24,0.8,1.9,0.5,236,32,0.8,1.9,0.5,236,32,4,28.86,0.1,0,0,0,40.6,46.6,49.1,0.21,0.33,0.33
ELDR,2019-11-08 06:55:00 EST,41.53961,-74.87992,1140,25.7,25.6,25.7,90.6,23.4,0.000,0.000,0.00,0.000,1.2,3.1,0.9,262,33,1.6,3.7,1.0,256,35,1.6,3.7,1.0,256,35,8,28.86,0.1,0,0,0,40.6,46.6,49.1,0.21,0.33,0.33
ELDR,2019-11-08 07:00:00 EST,41.53961,-74.87992,1140,25.7,25.6,25.7,89.0,23.0,0.000,0.000,0.00,0.000,1.6,2.8,0.6,251,19,1.9,3.4,0.6,255,22,1.9,3.4,0.6,255,22,12,28.86,0.1,0,0,0,40.6,46.6,49.1,0.21,0.33,0.33
ELDR,2019-11-08 07:05:00 EST,41.53961,-74.87992,1140,25.7,25.6,25.7,88.7,22.8,0.000,0.000,0.00,0.000,1.2,2.3,0.5,230,30,1.6,2.7,0.5,231,32,1.6,2.7,0.5,231,32,33,28.86,0.1,0,0,0,40.6,46.6,49.0,0.21,0.33,0.33
ELDR,2019-11-08 07:10:00 EST,41.53961,-74.87992,1140,25.9,25.8,25.9,89.2,23.1,0.000,0.000,0.00,0.000,1.0,2.4,0.7,296,30,1.2,2.8,0.8,296,28,1.2,2.8,0.8,296,28,27,28.87,0.0,0,0,0,40.6,46.6,49.0,0.21,0.33,0.33
ELDR,2019-11-08 07:15:00 EST,41.53961,-74.87992,1140,26.1,26.0,26.1,89.3,23.4,0.000,0.000,0.00,0.000,1.3,3.4,1.0,259,27,1.6,4.2,1.0,261,29,1.6,4.2,1.0,261,29,20,28.87,0.1,0,0,0,40.6,46.6,48.9,0.21,0.33,0.32
ELDR,2019-11-08 07:20:00 EST,41.53961,-74.87992,1140,26.3,26.1,26.3,88.2,23.3,0.000,0.000,0.00,0.000,2.1,3.9,0.6,274,18,2.5,4.9,0.7,278,17,2.5,4.9,0.7,278,17,23,28.87,0.1,0,0,0,40.6,46.6,48.8,0.22,0.33,0.33
ELDR,2019-11-08 07:25:00 EST,41.53961,-74.87992,1140,26.4,26.2,26.4,88.2,23.4,0.000,0.000,0.00,0.000,1.2,3.5,1.0,278,33,1.6,4.8,1.3,284,32,1.6,4.8,1.3,284,32,18,28.87,0.1,0,0,0,40.6,46.5,49.0,0.22,0.33,0.33
ELDR,2019-11-08 07:30:00 EST,41.53961,-74.87992,1140,26.4,26.2,22.1,87.8,23.3,0.004,0.004,0.00,0.004,3.3,6.3,1.2,305,25,3.6,7.0,1.3,310,24,3.6,7.0,1.3,310,24,15,28.88,0.0,0,0,0,40.6,46.5,49.0,0.22,0.33,0.33
ELDR,2019-11-08 07:35:00 EST,41.53961,-74.87992,1140,26.3,26.1,21.5,89.5,23.7,0.002,0.006,0.00,0.006,3.4,8.5,1.8,270,22,4.1,12.0,2.2,273,20,4.1,12.0,2.2,273,20,41,28.88,0.0,0,0,0,40.6,46.5,48.7,0.21,0.33,0.32
ELDR,2019-11-08 07:40:00 EST,41.53961,-74.87992,1140,26.5,26.4,21.0,88.5,23.6,0.001,0.006,0.00,0.006,3.8,7.2,1.6,284,38,4.6,10.1,2.1,286,36,4.6,10.1,2.1,286,36,59,28.88,0.0,0,0,0,40.5,46.4,49.0,0.21,0.33,0.33
ELDR,2019-11-08 07:45:00 EST,41.53961,-74.87992,1140,26.7,26.6,20.8,86.6,23.2,0.000,0.006,0.00,0.006,4.2,12.1,2.0,291,26,5.1,14.8,2.4,291,28,5.1,14.8,2.4,291,28,67,28.89,0.0,0,0,0,40.5,46.4,48.7,0.21,0.33,0.33
ELDR,2019-11-08 07:50:00 EST,41.53961,-74.87992,1140,26.8,26.8,19.9,84.7,22.8,0.000,0.006,0.00,0.006,5.6,12.1,2.6,301,28,6.2,15.3,2.7,305,28,6.2,15.3,2.7,305,28,50,28.89,0.0,0,0,0,40.5,46.4,48.7,0.21,0.33,0.33
ELDR,2019-11-08 07:55:00 EST,41.53961,-74.87992,1140,26.9,26.8,20.4,83.8,22.6,0.000,0.006,0.00,0.006,4.9,10.7,2.5,288,27,5.6,12.9,2.9,292,25,5.6,12.9,2.9,292,25,60,28.89,0.1,0,0,0,40.5,46.4,48.7,0.21,0.33,0.32
ELDR,2019-11-08 08:00:00 EST,41.53961,-74.87992,1140,27.2,27.1,22.4,83.2,22.7,0.000,0.006,0.00,0.006,3.2,7.5,2.0,287,42,4.1,9.9,2.1,290,38,4.1,9.9,2.1,290,38,108,28.89,0.0,0,0,0,40.5,46.4,48.7,0.21,0.33,0.32
ELDR,2019-11-08 08:05:00 EST,41.53961,-74.87992,1140,27.4,27.2,21.8,81.8,22.6,0.000,0.006,0.00,0.006,4.1,9.4,1.7,309,45,4.9,9.6,1.7,314,46,4.9,9.6,1.7,314,46,86,28.90,0.0,0,0,0,40.5,46.4,48.7,0.21,0.33,0.32
ELDR,2019-11-08 08:10:00 EST,41.53961,-74.87992,1140,27.4,27.3,21.2,80.4,22.2,0.000,0.006,0.00,0.006,4.9,12.8,2.7,305,28,5.5,14.7,2.9,306,29,5.5,14.7,2.9,306,29,99,28.90,0.0,0,0,0,40.5,46.4,48.7,0.21,0.33,0.32
ELDR,2019-11-08 08:15:00 EST,41.53961,-74.87992,1140,27.4,27.3,21.9,79.6,21.9,0.000,0.006,0.00,0.006,4.1,8.0,1.7,282,24,4.8,10.5,2.1,286,20,4.8,10.5,2.1,286,20,77,28.90,0.0,0,0,0,40.5,46.4,48.7,0.21,0.33,0.32
ELDR,2019-11-08 08:20:00 EST,41.53961,-74.87992,1140,27.5,27.5,23.2,78.9,21.9,0.000,0.006,0.00,0.006,3.2,10.5,2.1,304,34,3.8,10.3,2.1,310,39,3.8,10.3,2.1,310,39,71,28.90,0.0,0,0,0,40.5,46.4,48.7,0.21,0.33,0.32
ELDR,2019-11-08 08:25:00 EST,41.53961,-74.87992,1140,27.6,27.6,23.0,78.0,21.6,0.000,0.006,0.00,0.006,3.2,7.7,1.5,301,42,4.0,8.6,1.6,308,43,4.0,8.6,1.6,308,43,57,28.90,-0.0,0,0,0,40.5,46.4,48.7,0.21,0.33,0.32
ELDR,2019-11-08 08:30:00 EST,41.53961,-74.87992,1140,27.7,27.7,21.4,74.6,20.7,0.000,0.006,0.00,0.002,5.0,10.5,2.3,308,25,5.7,10.8,2.2,311,23,5.7,10.8,2.2,311,23,71,28.90,-0.0,0,0,0,40.6,46.4,48.7,0.21,0.33,0.32
ELDR,2019-11-08 08:35:00 EST,41.53961,-74.87992,1140,27.8,27.8,20.2,73.5,20.5,0.000,0.006,0.00,0.001,6.1,12.2,2.5,294,37,7.3,13.8,2.7,299,33,7.3,13.8,2.7,299,33,147,28.90,0.0,0,0,0,40.6,46.4,48.7,0.22,0.33,0.32
ELDR,2019-11-08 08:40:00 EST,41.53961,-74.87992,1140,28.3,28.0,22.0,73.7,20.9,0.000,0.006,0.00,0.000,4.6,9.1,1.9,306,31,5.8,10.5,2.1,309,30,5.8,10.5,2.1,309,30,151,28.90,-0.0,0,0,0,40.6,46.4,48.7,0.22,0.33,0.32
ELDR,2019-11-08 08:45:00 EST,41.53961,-74.87992,1140,28.2,28.0,21.0,71.1,20.0,0.000,0.006,0.00,0.000,5.9,14.6,3.0,304,29,6.8,19.0,3.2,310,28,6.8,19.0,3.2,310,28,174,28.90,-0.0,0,0,0,40.6,46.4,48.7,0.21,0.33,0.32
ELDR,2019-11-08 08:50:00 EST,41.53961,-74.87992,1140,27.9,27.8,19.4,70.0,19.4,0.000,0.006,0.00,0.000,8.1,17.8,4.2,300,24,8.8,20.9,4.5,300,20,8.8,20.9,4.5,300,20,58,28.91,-0.0,0,0,0,40.6,46.3,48.7,0.21,0.33,0.32
ELDR,2019-11-08 08:55:00 EST,41.53961,-74.87992,1140,27.5,27.4,20.7,68.1,18.4,0.000,0.006,0.00,0.000,5.4,14.3,3.2,302,30,6.3,14.8,3.4,305,29,6.3,14.8,3.4,305,29,79,28.91,0.0,0,0,0,40.6,46.1,48.7,0.21,0.33,0.32
ELDR,2019-11-08 09:00:00 EST,41.53961,-74.87992,1140,27.7,27.5,19.0,67.6,18.3,0.000,0.006,0.00,0.000,7.9,16.4,3.7,283,26,8.9,16.9,4.0,284,27,8.9,16.9,4.0,284,27,179,28.91,0.0,0,0,0,40.6,46.0,48.7,0.21,0.32,0.32
ELDR,2019-11-08 09:05:00 EST,41.53961,-74.87992,1140,28.1,27.9,19.8,65.5,18.0,0.000,0.006,0.00,0.000,7.3,15.9,2.8,292,28,8.5,16.9,2.9,292,27,8.5,16.9,2.9,292,27,223,28.91,0.0,0,0,0,40.6,46.0,48.7,0.21,0.33,0.32
ELDR,2019-11-08 09:10:00 EST,41.53961,-74.87992,1140,28.4,28.1,20.0,64.8,18.0,0.000,0.006,0.00,0.000,7.2,14.2,2.9,301,40,8.7,17.4,3.5,305,38,8.7,17.4,3.5,305,38,291,28.91,0.0,0,0,0,40.6,46.0,48.7,0.21,0.33,0.32
ELDR,2019-11-08 09:15:00 EST,41.53961,-74.87992,1140,28.5,28.2,20.5,63.6,17.7,0.000,0.006,0.00,0.000,6.9,18.6,3.2,306,35,8.2,19.1,3.3,309,36,8.2,19.1,3.3,309,36,307,28.91,0.0,0,0,0,40.6,46.0,48.7,0.21,0.33,0.32
ELDR,2019-11-08 09:20:00 EST,41.53961,-74.87992,1140,28.4,28.1,21.1,63.5,17.6,0.000,0.006,0.00,0.000,6.2,15.7,3.3,313,36,7.1,17.8,3.6,315,36,7.1,17.8,3.6,315,36,306,28.91,0.0,0,0,0,40.6,46.0,48.7,0.21,0.33,0.32
ELDR,2019-11-08 09:25:00 EST,41.53961,-74.87992,1140,27.9,27.6,20.3,65.9,17.9,0.000,0.006,0.00,0.000,5.6,10.9,2.6,305,39,7.3,13.8,2.8,306,38,7.3,13.8,2.8,306,38,121,28.91,-0.0,0,0,0,40.6,46.0,48.7,0.21,0.33,0.32
ELDR,2019-11-08 09:30:00 EST,41.53961,-74.87992,1140,27.5,27.3,20.9,69.2,18.8,0.000,0.006,0.00,0.000,5.0,10.4,2.3,318,31,6.1,11.2,2.5,319,31,6.1,11.2,2.5,319,31,142,28.91,0.0,0,0,0,40.6,46.0,48.7,0.21,0.33,0.32
ELDR,2019-11-08 09:35:00 EST,41.53961,-74.87992,1140,27.6,27.3,19.7,70.4,19.2,0.000,0.006,0.00,0.000,6.8,18.1,4.0,298,31,7.7,20.9,4.2,305,31,7.7,20.9,4.2,305,31,166,28.91,0.0,0,0,0,40.6,46.0,48.7,0.21,0.33,0.32
ELDR,2019-11-08 09:40:00 EST,41.53961,-74.87992,1140,27.7,27.4,22.5,70.9,19.5,0.000,0.006,0.00,0.000,3.7,15.4,2.6,293,50,4.5,19.9,2.9,299,47,4.5,19.9,2.9,299,47,97,28.91,-0.0,0,0,0,40.6,46.0,48.7,0.21,0.33,0.32
ELDR,2019-11-08 09:45:00 EST,41.53961,-74.87992,1140,27.8,27.5,20.3,70.2,19.4,0.000,0.006,0.00,0.000,6.2,15.2,3.4,295,38,7.3,17.6,3.6,301,38,7.3,17.6,3.6,301,38,377,28.92,-0.0,0,0,0,40.6,46.0,48.7,0.21,0.33,0.32
ELDR,2019-11-08 09:50:00 EST,41.53961,-74.87992,1140,28.7,28.2,22.3,66.3,18.8,0.000,0.006,0.00,0.000,5.0,14.5,2.7,313,34,5.9,13.3,2.7,316,32,5.9,13.3,2.7,316,32,321,28.91,0.0,0,0,0,40.6,46.0,48.7,0.21,0.32,0.32
ELDR,2019-11-08 09:55:00 EST,41.53961,-74.87992,1140,28.8,28.3,22.2,63.6,18.0,0.000,0.006,0.00,0.000,5.1,12.8,2.4,310,29,6.2,14.0,2.6,319,28,6.2,14.0,2.6,319,28,220,28.91,0.0,0,0,0,40.6,46.0,48.7,0.21,0.32,0.32
ELDR,2019-11-08 10:00:00 EST,41.53961,-74.87992,1140,29.0,28.6,22.0,63.2,18.0,0.000,0.006,0.00,0.000,5.6,17.8,3.0,296,37,6.8,18.9,3.5,298,37,6.8,18.9,3.5,298,37,210,28.91,-0.1,0,0,0,40.7,46.0,48.7,0.21,0.32,0.32
ELDR,2019-11-08 10:05:00 EST,41.53961,-74.87992,1140,28.7,28.3,20.4,60.3,16.6,0.000,0.006,0.00,0.000,7.1,15.6,3.0,279,29,8.6,18.8,3.4,285,27,8.6,18.8,3.4,285,27,186,28.92,0.0,0,0,0,40.8,46.0,48.7,0.21,0.32,0.32
ELDR,2019-11-08 10:10:00 EST,41.53961,-74.87992,1140,28.8,28.5,20.8,60.7,17.0,0.000,0.006,0.00,0.000,7.0,17.9,4.0,278,31,8.3,20.1,4.2,279,29,8.3,20.1,4.2,279,29,157,28.92,-0.0,0,0,0,40.8,46.0,48.7,0.21,0.32,0.32
ELDR,2019-11-08 10:15:00 EST,41.53961,-74.87992,1140,29.0,28.5,20.8,61.2,17.3,0.000,0.006,0.00,0.000,7.7,16.4,3.6,295,37,8.7,19.2,3.9,300,35,8.7,19.2,3.9,300,35,261,28.92,0.0,0,0,0,40.8,45.9,48.7,0.21,0.33,0.32
ELDR,2019-11-08 10:20:00 EST,41.53961,-74.87992,1140,29.4,28.8,20.8,59.2,16.9,0.000,0.006,0.00,0.000,8.1,22.4,4.6,291,29,9.4,23.8,5.0,292,27,9.4,23.8,5.0,292,27,431,28.92,0.1,0,0,0,40.8,45.9,48.7,0.21,0.33,0.32
ELDR,2019-11-08 10:25:00 EST,41.53961,-74.87992,1140,29.4,28.7,20.3,57.3,16.2,0.000,0.006,0.00,0.000,9.3,24.3,4.5,308,24,10.5,26.6,4.9,308,21,10.5,26.6,4.9,308,21,421,28.92,-0.1,0,0,0,40.9,45.9,48.7,0.21,0.33,0.32
ELDR,2019-11-08 10:30:00 EST,41.53961,-74.87992,1140,28.9,28.5,21.4,59.0,16.4,0.000,0.006,0.00,0.000,6.1,14.0,2.5,287,35,7.6,16.6,3.1,290,34,7.6,16.6,3.1,290,34,230,28.92,-0.0,0,0,0,41.0,45.9,48.7,0.21,0.32,0.32
ELDR,2019-11-08 10:35:00 EST,41.53961,-74.87992,1140,28.8,28.4,23.1,60.6,16.8,0.000,0.006,0.00,0.000,4.4,12.1,2.5,322,34,5.2,16.1,3.1,328,34,5.2,16.1,3.1,328,34,172,28.92,-0.1,0,0,0,41.0,45.9,48.7,0.21,0.32,0.32
ELDR,2019-11-08 10:40:00 EST,41.53961,-74.87992,1140,28.2,27.9,21.2,62.6,17.1,0.000,0.006,0.00,0.000,5.6,14.0,3.0,313,33,6.6,17.7,3.3,317,32,6.6,17.7,3.3,317,32,125,28.93,-0.0,0,0,0,41.0,45.9,48.6,0.21,0.32,0.32
ELDR,2019-11-08 10:45:00 EST,41.53961,-74.87992,1140,28.1,27.7,21.6,64.2,17.6,0.000,0.006,0.00,0.000,4.9,9.0,1.6,316,30,5.9,9.5,1.6,321,29,5.9,9.5,1.6,321,29,192,28.93,0.0,0,0,0,41.0,45.9,48.6,0.21,0.32,0.32
ELDR,2019-11-08 10:50:00 EST,41.53961,-74.87992,1140,29.0,28.5,22.5,64.4,18.5,0.000,0.006,0.00,0.000,5.2,13.9,2.6,314,37,6.3,16.9,2.8,316,39,6.3,16.9,2.8,316,39,408,28.93,-0.0,0,0,0,41.1,45.9,48.6,0.21,0.32,0.32
ELDR,2019-11-08 10:55:00 EST,41.53961,-74.87992,1140,29.2,28.5,21.5,65.1,18.9,0.000,0.006,0.00,0.000,6.6,19.1,3.6,304,29,7.8,21.3,3.9,307,28,7.8,21.3,3.9,307,28,300,28.93,0.0,0,0,0,41.2,45.9,48.6,0.21,0.32,0.32
ELDR,2019-11-08 11:00:00 EST,41.53961,-74.87992,1140,29.6,29.1,22.8,67.4,20.1,0.000,0.006,0.00,0.000,5.6,16.7,3.7,318,37,6.7,23.8,4.1,321,34,6.7,23.8,4.1,321,34,387,28.93,-0.1,0,0,0,41.2,45.9,48.6,0.21,0.32,0.32
ELDR,2019-11-08 11:05:00 EST,41.53961,-74.87992,1140,28.5,28.0,21.6,66.4,18.7,0.000,0.006,0.00,0.000,5.6,14.9,3.0,321,32,6.6,15.9,3.4,325,31,6.6,15.9,3.4,325,31,170,28.93,-0.1,0,0,0,41.2,45.9,48.6,0.21,0.32,0.32
ELDR,2019-11-08 11:10:00 EST,41.53961,-74.87992,1140,28.4,28.0,21.4,64.4,18.0,0.000,0.006,0.00,0.000,5.7,10.7,2.5,308,32,6.8,14.9,2.9,312,31,6.8,14.9,2.9,312,31,216,28.93,-0.0,0,0,0,41.4,45.9,48.6,0.21,0.32,0.32
ELDR,2019-11-08 11:15:00 EST,41.53961,-74.87992,1140,29.2,28.6,22.5,61.8,17.8,0.000,0.006,0.00,0.000,5.4,12.0,2.2,310,29,6.6,16.3,2.6,315,27,6.6,16.3,2.6,315,27,375,28.93,-0.0,0,0,0,41.4,45.9,48.6,0.21,0.32,0.32
ELDR,2019-11-08 11:20:00 EST,41.53961,-74.87992,1140,29.5,29.0,23.1,58.4,16.7,0.000,0.006,0.00,0.000,4.9,14.0,2.3,322,48,6.2,13.0,2.5,323,46,6.2,13.0,2.5,323,46,248,28.93,0.0,0,0,0,41.4,45.9,48.6,0.21,0.32,0.32
ELDR,2019-11-08 11:25:00 EST,41.53961,-74.87992,1140,29.8,29.2,21.9,57.7,16.7,0.000,0.006,0.00,0.000,7.2,15.4,3.4,287,30,8.4,18.4,4.0,289,25,8.4,18.4,4.0,289,25,183,28.92,-0.0,0,0,0,41.4,45.9,48.6,0.21,0.32,0.32
ELDR,2019-11-08 11:30:00 EST,41.53961,-74.87992,1140,30.3,29.6,24.1,58.9,17.7,0.000,0.006,0.00,0.000,5.0,18.0,3.0,321,35,6.2,21.2,3.5,325,36,6.2,21.2,3.5,325,36,151,28.92,0.0,0,0,0,41.5,45.9,48.6,0.21,0.32,0.32
ELDR,2019-11-08 11:35:00 EST,41.53961,-74.87992,1140,30.2,29.5,22.7,55.6,16.2,0.000,0.006,0.00,0.000,6.7,15.3,2.9,310,28,7.8,18.2,3.1,314,24,7.8,18.2,3.1,314,24,271,28.92,-0.0,0,0,0,41.5,45.9,48.6,0.21,0.32,0.32
ELDR,2019-11-08 11:40:00 EST,41.53961,-74.87992,1140,30.5,29.9,23.9,57.1,17.1,0.000,0.006,0.00,0.000,5.8,12.3,2.6,297,28,6.7,14.9,3.1,300,26,6.7,14.9,3.1,300,26,294,28.92,-0.1,0,0,0,41.5,45.9,48.6,0.21,0.32,0.32
ELDR,2019-11-08 11:45:00 EST,41.53961,-74.87992,1140,29.6,29.1,21.1,55.4,15.6,0.000,0.006,0.00,0.000,7.7,19.1,4.4,287,28,9.3,21.3,4.7,291,31,9.3,21.3,4.7,291,31,226,28.92,-0.0,0,0,0,41.7,45.9,48.6,0.21,0.32,0.32
ELDR,2019-11-08 11:50:00 EST,41.53961,-74.87992,1140,29.1,28.7,21.9,55.6,15.1,0.000,0.006,0.00,0.000,6.1,16.1,3.3,302,35,7.1,18.7,3.6,307,37,7.1,18.7,3.6,307,37,148,28.92,-0.1,0,0,0,41.7,45.9,48.6,0.21,0.32,0.32
ELDR,2019-11-08 11:55:00 EST,41.53961,-74.87992,1140,28.6,28.3,22.2,53.7,13.9,0.000,0.006,0.00,0.000,4.7,15.1,3.1,315,37,6.0,15.4,3.3,315,35,6.0,15.4,3.3,315,35,206,28.92,0.0,0,0,0,41.8,45.8,48.6,0.21,0.32,0.32
ELDR,2019-11-08 12:00:00 EST,41.53961,-74.87992,1140,29.5,28.8,23.5,53.0,14.4,0.000,0.006,0.00,0.000,4.7,11.2,2.8,318,30,5.7,11.4,3.0,322,31,5.7,11.4,3.0,322,31,476,28.92,0.0,0,0,0,41.9,45.8,48.6,0.21,0.32,0.32
ELDR,2019-11-08 12:05:00 EST,41.53961,-74.87992,1140,29.5,28.9,22.9,54.4,15.0,0.000,0.006,0.00,0.000,5.5,12.9,3.2,309,29,6.4,18.0,3.5,313,31,6.4,18.0,3.5,313,31,382,28.92,-0.1,0,0,0,41.9,45.8,48.6,0.21,0.32,0.32
ELDR,2019-11-08 12:10:00 EST,41.53961,-74.87992,1140,29.8,29.1,21.6,55.6,15.9,0.000,0.006,0.00,0.000,8.2,20.7,4.1,287,31,8.9,22.2,4.3,291,30,8.9,22.2,4.3,291,30,552,28.92,-0.0,0,0,0,42.0,45.7,48.6,0.21,0.32,0.32
ELDR,2019-11-08 12:15:00 EST,41.53961,-74.87992,1140,29.8,29.3,22.6,53.4,14.9,0.000,0.006,0.00,0.000,5.9,13.5,2.7,279,33,7.4,18.7,3.3,285,32,7.4,18.7,3.3,285,32,554,28.92,-0.0,0,0,0,42.1,45.7,48.6,0.21,0.32,0.32
ELDR,2019-11-08 12:20:00 EST,41.53961,-74.87992,1140,29.8,29.2,20.4,51.6,14.1,0.000,0.006,0.00,0.000,10.1,20.4,4.6,281,23,11.3,21.2,4.8,283,21,11.3,21.2,4.8,283,21,535,28.91,-0.0,0,0,0,42.1,45.7,48.6,0.21,0.32,0.32
ELDR,2019-11-08 12:25:00 EST,41.53961,-74.87992,1140,30.2,29.5,22.2,51.2,14.3,0.000,0.006,0.00,0.000,7.7,17.2,3.4,280,32,8.8,21.1,3.8,284,31,8.8,21.1,3.8,284,31,516,28.91,-0.0,0,0,0,42.1,45.7,48.6,0.21,0.32,0.32
ELDR,2019-11-08 12:30:00 EST,41.53961,-74.87992,1140,30.1,29.4,21.9,51.5,14.4,0.000,0.006,0.00,0.000,7.8,17.0,4.3,283,29,9.1,19.6,4.5,287,27,9.1,19.6,4.5,287,27,412,28.92,-0.0,0,0,0,42.1,45.7,48.5,0.21,0.32,0.32
ELDR,2019-11-08 12:35:00 EST,41.53961,-74.87992,1140,30.2,29.3,24.0,52.4,14.8,0.000,0.006,0.00,0.000,4.5,12.6,2.5,329,47,6.1,12.5,2.4,326,49,6.1,12.5,2.4,326,49,303,28.91,0.0,0,0,0,42.1,45.7,48.5,0.21,0.32,0.32
ELDR,2019-11-08 12:40:00 EST,41.53961,-74.87992,1140,30.4,29.8,23.1,50.9,14.4,0.000,0.006,0.00,0.000,6.5,19.9,4.3,297,32,7.7,22.3,4.6,301,33,7.7,22.3,4.6,301,33,311,28.91,0.0,0,0,0,42.2,45.7,48.5,0.21,0.32,0.32
ELDR,2019-11-08 12:45:00 EST,41.53961,-74.87992,1140,30.4,29.9,24.0,49.1,13.6,0.000,0.006,0.00,0.000,5.5,14.0,2.9,311,29,6.4,16.5,2.9,311,29,6.4,16.5,2.9,311,29,325,28.91,0.2,0,0,0,42.1,45.7,48.5,0.21,0.32,0.32
ELDR,2019-11-08 12:50:00 EST,41.53961,-74.87992,1140,31.1,30.5,23.3,50.7,14.9,0.000,0.006,0.00,0.000,7.3,16.7,3.5,277,29,8.7,19.9,3.9,279,26,8.7,19.9,3.9,279,26,327,28.91,-0.1,0,0,0,42.1,45.7,48.4,0.21,0.32,0.32
ELDR,2019-11-08 12:55:00 EST,41.53961,-74.87992,1140,30.4,30.1,24.7,50.2,14.0,0.000,0.006,0.00,0.000,4.5,11.4,2.6,278,32,5.5,13.2,2.9,283,32,5.5,13.2,2.9,283,32,328,28.91,-0.0,0,0,0,42.1,45.7,48.4,0.21,0.32,0.32
ELDR,2019-11-08 13:00:00 EST,41.53961,-74.87992,1140,30.5,30.1,24.1,51.3,14.7,0.000,0.006,0.00,0.000,5.4,11.4,1.8,288,32,6.4,13.4,2.2,292,29,6.4,13.4,2.2,292,29,198,28.91,0.0,0,0,0,42.1,45.7,48.4,0.21,0.32,0.32
ELDR,2019-11-08 13:05:00 EST,41.53961,-74.87992,1140,30.3,29.8,22.1,51.5,14.6,0.000,0.006,0.00,0.000,8.0,21.8,4.9,312,28,9.2,22.1,4.7,317,28,9.2,22.1,4.7,317,28,121,28.92,-0.1,0,0,0,42.1,45.7,48.4,0.21,0.32,0.32
ELDR,2019-11-08 13:10:00 EST,41.53961,-74.87992,1140,29.2,28.8,20.9,49.6,12.6,0.000,0.006,0.00,0.000,7.6,17.4,3.9,292,32,8.7,18.9,3.7,297,32,8.7,18.9,3.7,297,32,134,28.92,0.0,0,0,0,42.2,45.7,48.4,0.21,0.32,0.32
ELDR,2019-11-08 13:15:00 EST,41.53961,-74.87992,1140,29.6,29.1,22.4,51.3,13.7,0.000,0.006,0.00,0.000,6.3,14.5,3.1,294,36,7.1,15.8,3.3,294,33,7.1,15.8,3.3,294,33,176,28.92,0.1,0,0,0,42.3,45.7,48.4,0.21,0.32,0.32
ELDR,2019-11-08 13:20:00 EST,41.53961,-74.87992,1140,30.3,29.6,23.1,51.8,14.7,0.000,0.006,0.00,0.000,6.4,15.6,3.1,293,23,7.4,17.0,3.1,295,21,7.4,17.0,3.1,295,21,200,28.92,0.2,0,0,0,42.3,45.7,48.4,0.21,0.32,0.32
ELDR,2019-11-08 13:25:00 EST,41.53961,-74.87992,1140,30.7,30.1,25.1,50.7,14.6,0.000,0.006,0.00,0.000,4.5,15.6,2.5,318,34,5.5,13.5,2.5,322,30,5.5,13.5,2.5,322,30,195,28.92,0.1,0,0,0,42.3,45.7,48.4,0.21,0.32,0.32
ELDR,2019-11-08 13:30:00 EST,41.53961,-74.87992,1140,30.9,30.1,22.6,50.9,14.8,0.000,0.006,0.00,0.000,8.2,20.7,4.1,286,28,9.6,24.4,4.7,286,27,9.6,24.4,4.7,286,27,300,28.92,-0.1,0,0,0,42.3,45.7,48.4,0.21,0.32,0.32
ELDR,2019-11-08 13:35:00 EST,41.53961,-74.87992,1140,30.0,29.5,22.3,50.2,13.7,0.000,0.006,0.00,0.000,6.9,15.9,3.8,292,29,8.2,22.7,4.4,295,26,8.2,22.7,4.4,295,26,216,28.92,0.0,0,0,0,42.3,45.7,48.4,0.21,0.32,0.32
ELDR,2019-11-08 13:40:00 EST,41.53961,-74.87992,1140,29.8,29.5,21.6,49.8,13.3,0.000,0.006,0.00,0.000,7.5,16.9,3.5,279,31,8.9,21.0,3.9,284,31,8.9,21.0,3.9,284,31,232,28.92,0.2,0,0,0,42.3,45.7,48.4,0.21,0.32,0.32
ELDR,2019-11-08 13:45:00 EST,41.53961,-74.87992,1140,30.1,29.6,22.1,50.4,13.9,0.000,0.006,0.00,0.000,7.8,17.9,3.8,278,37,8.8,19.4,4.0,282,36,8.8,19.4,4.0,282,36,208,28.92,-0.0,0,0,0,42.4,45.7,48.4,0.21,0.32,0.32
ELDR,2019-11-08 13:50:00 EST,41.53961,-74.87992,1140,30.2,29.6,22.0,49.4,13.5,0.000,0.006,0.00,0.000,8.1,19.0,3.8,291,28,9.0,18.6,3.5,291,25,9.0,18.6,3.5,291,25,179,28.92,-0.0,0,0,0,42.4,45.7,48.4,0.21,0.32,0.31
ELDR,2019-11-08 13:55:00 EST,41.53961,-74.87992,1140,30.4,29.9,24.0,48.5,13.2,0.000,0.006,0.00,0.000,5.3,13.0,3.2,303,34,6.3,15.9,3.1,306,34,6.3,15.9,3.1,306,34,216,28.92,-0.0,0,0,0,42.4,45.7,48.4,0.21,0.32,0.31
ELDR,2019-11-08 14:00:00 EST,41.53961,-74.87992,1140,29.9,29.5,21.3,48.3,12.7,0.000,0.006,0.00,0.000,8.5,17.4,3.5,293,27,9.7,18.6,3.8,293,27,9.7,18.6,3.8,293,27,230,28.92,-0.0,0,0,0,42.4,45.7,48.4,0.21,0.32,0.31
ELDR,2019-11-08 14:05:00 EST,41.53961,-74.87992,1140,29.9,29.5,23.4,50.5,13.7,0.000,0.006,0.00,0.000,5.5,13.8,3.1,306,34,6.4,16.2,3.0,306,34,6.4,16.2,3.0,306,34,310,28.92,-0.0,0,0,0,42.4,45.7,48.4,0.21,0.32,0.31
ELDR,2019-11-08 14:10:00 EST,41.53961,-74.87992,1140,29.6,29.2,20.9,48.9,12.7,0.000,0.006,0.00,0.000,8.6,19.1,4.1,296,26,9.7,22.0,4.3,299,25,9.7,22.0,4.3,299,25,211,28.93,-0.0,0,0,0,42.4,45.7,48.4,0.21,0.32,0.31
ELDR,2019-11-08 14:15:00 EST,41.53961,-74.87992,1140,29.7,29.4,21.0,48.3,12.5,0.000,0.006,0.00,0.000,8.6,20.2,4.0,301,34,9.8,21.4,4.3,306,31,9.8,21.4,4.3,306,31,190,28.93,0.0,0,0,0,42.4,45.7,48.4,0.21,0.32,0.31
ELDR,2019-11-08 14:20:00 EST,41.53961,-74.87992,1140,29.8,29.5,21.1,49.3,13.1,0.000,0.006,0.00,0.000,8.4,18.5,3.8,288,26,9.9,22.1,4.2,291,25,9.9,22.1,4.2,291,25,225,28.93,-0.0,0,0,0,42.4,45.7,48.4,0.21,0.32,0.31
ELDR,2019-11-08 14:25:00 EST,41.53961,-74.87992,1140,30.1,29.8,22.9,49.6,13.5,0.000,0.006,0.00,0.000,6.4,15.0,2.1,303,37,7.3,17.4,2.6,305,37,7.3,17.4,2.6,305,37,211,28.93,-0.0,0,0,0,42.4,45.7,48.4,0.21,0.32,0.31
ELDR,2019-11-08 14:30:00 EST,41.53961,-74.87992,1140,30.3,29.9,21.7,49.3,13.6,0.000,0.006,0.00,0.000,8.3,14.3,2.7,289,27,9.8,18.2,3.3,289,25,9.8,18.2,3.3,289,25,197,28.93,-0.0,0,0,0,42.4,45.7,48.4,0.21,0.32,0.31
ELDR,2019-11-08 14:35:00 EST,41.53961,-74.87992,1140,30.2,30.0,22.3,49.7,13.7,0.000,0.006,0.00,0.000,7.7,17.6,3.7,302,26,8.6,18.8,4.1,304,22,8.6,18.8,4.1,304,22,143,28.93,0.0,0,0,0,42.4,45.7,48.4,0.21,0.32,0.32
ELDR,2019-11-08 14:40:00 EST,41.53961,-74.87992,1140,30.2,29.9,22.3,49.3,13.4,0.000,0.006,0.00,0.000,7.4,21.3,3.4,286,27,8.5,25.6,3.9,287,25,8.5,25.6,3.9,287,25,108,28.93,-0.1,0,0,0,42.3,45.7,48.4,0.21,0.32,0.31
ELDR,2019-11-08 14:45:00 EST,41.53961,-74.87992,1140,29.7,29.5,20.6,48.3,12.6,0.000,0.006,0.00,0.000,8.9,17.2,3.9,287,29,10.5,25.2,4.2,291,27,10.5,25.2,4.2,291,27,93,28.93,-0.0,0,0,0,42.3,45.7,48.4,0.21,0.32,0.32
ELDR,2019-11-08 14:50:00 EST,41.53961,-74.87992,1140,29.5,29.3,21.6,48.5,12.4,0.000,0.006,0.00,0.000,7.3,19.8,4.6,287,30,8.4,20.0,5.1,292,28,8.4,20.0,5.1,292,28,83,28.93,0.0,0,0,0,42.3,45.7,48.4,0.21,0.32,0.32
ELDR,2019-11-08 14:55:00 EST,41.53961,-74.87992,1140,29.6,29.4,21.5,48.5,12.6,0.000,0.006,0.00,0.000,8.0,13.7,2.2,291,28,8.8,17.3,2.7,294,24,8.8,17.3,2.7,294,24,109,28.93,-0.0,0,0,0,42.3,45.7,48.4,0.21,0.32,0.31
ELDR,2019-11-08 15:00:00 EST,41.53961,-74.87992,1140,29.5,29.2,21.0,48.9,12.6,0.000,0.006,0.00,0.000,8.0,14.9,2.5,282,27,9.3,18.5,2.9,283,25,9.3,18.5,2.9,283,25,115,28.93,-0.0,0,0,0,42.3,45.7,48.4,0.21,0.32,0.31
ELDR,2019-11-08 15:05:00 EST,41.53961,-74.87992,1140,29.3,28.9,22.1,50.3,13.1,0.000,0.006,0.00,0.000,6.1,13.1,2.7,277,29,7.1,16.1,3.0,279,28,7.1,16.1,3.0,279,28,98,28.94,-0.0,0,0,0,42.3,45.7,48.4,0.21,0.32,0.31
ELDR,2019-11-08 15:10:00 EST,41.53961,-74.87992,1140,28.9,28.6,21.3,51.1,13.0,0.000,0.006,0.00,0.000,6.4,11.0,2.7,289,29,7.6,13.8,2.8,289,27,7.6,13.8,2.8,289,27,60,28.94,-0.0,0,0,0,42.2,45.7,48.4,0.21,0.32,0.31
ELDR,2019-11-08 15:15:00 EST,41.53961,-74.87992,1140,28.6,28.4,22.4,52.9,13.6,0.000,0.006,0.00,0.000,4.7,13.4,3.0,294,27,5.8,13.5,3.2,296,27,5.8,13.5,3.2,296,27,41,28.94,-0.0,0,0,0,42.1,45.7,48.4,0.21,0.32,0.31
ELDR,2019-11-08 15:20:00 EST,41.53961,-74.87992,1140,28.3,28.2,20.8,53.8,13.7,0.000,0.006,0.00,0.000,6.3,13.4,2.3,298,30,7.3,14.2,2.4,301,31,7.3,14.2,2.4,301,31,35,28.94,-0.0,0,0,0,42.1,45.7,48.4,0.21,0.32,0.31
ELDR,2019-11-08 15:25:00 EST,41.53961,-74.87992,1140,28.3,28.2,22.2,54.7,14.1,0.000,0.006,0.00,0.000,4.7,11.8,2.5,298,29,5.7,12.5,2.7,302,28,5.7,12.5,2.7,302,28,33,28.95,-0.0,0,0,0,42.1,45.7,48.4,0.21,0.33,0.31
ELDR,2019-11-08 15:30:00 EST,41.53961,-74.87992,1140,28.2,28.1,22.7,56.0,14.5,0.000,0.006,0.00,0.000,4.2,10.2,2.3,304,36,5.0,11.1,2.3,306,35,5.0,11.1,2.3,306,35,30,28.95,-0.0,0,0,0,42.1,45.7,48.4,0.21,0.32,0.31
ELDR,2019-11-08 15:35:00 EST,41.53961,-74.87992,1140,28.2,28.0,19.8,52.9,13.2,0.000,0.006,0.00,0.000,7.5,14.5,2.8,303,27,8.6,17.9,3.1,304,26,8.6,17.9,3.1,304,26,50,28.95,-0.0,0,0,0,42.1,45.7,48.4,0.21,0.32,0.31
ELDR,2019-11-08 15:40:00 EST,41.53961,-74.87992,1140,28.3,28.1,20.8,52.4,13.1,0.000,0.006,0.00,0.000,6.1,14.6,3.3,278,32,7.3,17.1,3.6,282,31,7.3,17.1,3.6,282,31,41,28.95,-0.0,0,0,0,42.0,45.7,48.3,0.21,0.32,0.31
ELDR,2019-11-08 15:45:00 EST,41.53961,-74.87992,1140,28.3,28.1,19.3,52.3,13.0,0.000,0.006,0.00,0.000,8.4,18.3,3.4,282,28,9.8,19.8,3.6,283,25,9.8,19.8,3.6,283,25,50,28.95,-0.0,0,0,0,41.9,45.7,48.3,0.21,0.32,0.31
ELDR,2019-11-08 15:50:00 EST,41.53961,-74.87992,1140,28.4,28.2,20.7,52.1,13.1,0.000,0.006,0.00,0.000,6.6,13.6,2.1,296,31,7.7,15.4,2.4,298,31,7.7,15.4,2.4,298,31,68,28.95,-0.0,0,0,0,41.9,45.7,48.3,0.21,0.32,0.31
ELDR,2019-11-08 15:55:00 EST,41.53961,-74.87992,1140,28.6,28.4,22.3,53.5,13.8,0.000,0.006,0.00,0.000,5.0,11.8,2.3,324,35,5.9,13.2,2.7,326,32,5.9,13.2,2.7,326,32,60,28.95,-0.0,0,0,0,41.9,45.7,48.3,0.21,0.32,0.31
ELDR,2019-11-08 16:00:00 EST,41.53961,-74.87992,1140,28.5,28.4,21.7,54.5,14.2,0.000,0.006,0.00,0.000,5.6,12.9,2.9,310,38,6.5,16.5,3.2,311,34,6.5,16.5,3.2,311,34,44,28.95,-0.0,0,0,0,41.8,45.7,48.3,0.21,0.32,0.31
ELDR,2019-11-08 16:05:00 EST,41.53961,-74.87992,1140,28.4,28.3,22.0,54.4,14.0,0.000,0.006,0.00,0.000,5.0,12.8,3.1,285,32,6.0,14.0,3.3,287,32,6.0,14.0,3.3,287,32,39,28.95,-0.0,0,0,0,41.7,45.7,48.2,0.21,0.32,0.31
ELDR,2019-11-08 16:10:00 EST,41.53961,-74.87992,1140,28.3,28.1,20.3,51.9,12.8,0.000,0.006,0.00,0.000,7.1,13.8,3.0,297,30,8.0,16.9,3.0,299,28,8.0,16.9,3.0,299,28,36,28.95,-0.0,0,0,0,41.7,45.7,48.2,0.21,0.32,0.31
ELDR,2019-11-08 16:15:00 EST,41.53961,-74.87992,1140,28.0,28.0,20.4,50.3,11.9,0.000,0.006,0.00,0.000,6.3,14.5,2.9,301,31,7.4,16.6,3.2,305,31,7.4,16.6,3.2,305,31,28,28.96,0.0,0,0,0,41.7,45.7,48.3,0.21,0.32,0.31
ELDR,2019-11-08 16:20:00 EST,41.53961,-74.87992,1140,27.9,27.8,21.7,50.9,12.1,0.000,0.006,0.00,0.000,4.9,19.4,3.9,312,32,5.6,19.9,4.2,315,30,5.6,19.9,4.2,315,30,31,28.96,-0.0,0,0,0,41.7,45.7,48.2,0.21,0.32,0.31
ELDR,2019-11-08 16:25:00 EST,41.53961,-74.87992,1140,27.8,27.8,21.9,51.8,12.4,0.000,0.006,0.00,0.000,4.5,10.7,2.2,301,32,5.3,12.6,2.2,305,30,5.3,12.6,2.2,305,30,24,28.96,-0.0,0,0,0,41.6,45.7,48.2,0.21,0.32,0.31
ELDR,2019-11-08 16:30:00 EST,41.53961,-74.87992,1140,27.7,27.6,20.1,52.8,12.7,0.000,0.006,0.00,0.000,6.4,13.5,2.5,288,29,7.3,13.4,2.6,292,27,7.3,13.4,2.6,292,27,19,28.96,-0.0,0,0,0,41.5,45.7,48.2,0.21,0.32,0.31
ELDR,2019-11-08 16:35:00 EST,41.53961,-74.87992,1140,27.5,27.4,22.1,52.4,12.3,0.000,0.006,0.00,0.000,3.9,10.7,2.0,318,33,4.7,12.3,2.1,326,32,4.7,12.3,2.1,326,32,12,28.96,-0.0,0,0,0,41.5,45.7,48.2,0.21,0.32,0.31
ELDR,2019-11-08 16:40:00 EST,41.53961,-74.87992,1140,27.2,27.2,23.0,53.7,12.6,0.000,0.006,0.00,0.000,2.9,9.9,2.1,283,41,3.6,11.5,2.4,284,40,3.6,11.5,2.4,284,40,8,28.96,-0.0,0,0,0,41.5,45.7,48.2,0.21,0.32,0.31
ELDR,2019-11-08 16:45:00 EST,41.53961,-74.87992,1140,27.0,27.0,19.2,53.9,12.5,0.000,0.006,0.00,0.000,6.5,14.2,2.8,273,28,7.4,16.9,3.1,275,24,7.4,16.9,3.1,275,24,5,28.97,0.0,0,0,0,41.4,45.7,48.2,0.21,0.32,0.31
ELDR,2019-11-08 16:50:00 EST,41.53961,-74.87992,1140,26.8,26.8,20.2,53.2,12.0,0.000,0.006,0.00,0.000,5.0,11.9,2.5,286,30,5.8,14.3,3.0,289,29,5.8,14.3,3.0,289,29,3,28.97,0.0,0,0,0,41.4,45.7,48.2,0.21,0.32,0.31
ELDR,2019-11-08 16:55:00 EST,41.53961,-74.87992,1140,26.6,26.6,21.0,54.1,12.2,0.000,0.006,0.00,0.000,4.0,9.2,1.9,295,32,4.8,11.5,2.2,297,30,4.8,11.5,2.2,297,30,2,28.97,-0.0,0,0,0,41.4,45.7,48.2,0.21,0.32,0.31
ELDR,2019-11-08 17:00:00 EST,41.53961,-74.87992,1140,26.5,26.5,20.8,54.4,12.2,0.000,0.006,0.00,0.000,4.0,9.5,2.0,282,25,4.8,10.6,2.2,284,25,4.8,10.6,2.2,284,25,1,28.98,0.0,0,0,0,41.4,45.7,48.2,0.21,0.32,0.31
ELDR,2019-11-08 17:05:00 EST,41.53961,-74.87992,1140,26.4,26.4,20.4,55.1,12.5,0.000,0.006,0.00,0.000,4.4,10.4,1.9,292,27,5.1,11.1,2.1,295,25,5.1,11.1,2.1,295,25,0,28.98,-0.0,0,0,0,41.2,45.7,48.2,0.21,0.32,0.31
ELDR,2019-11-08 17:10:00 EST,41.53961,-74.87992,1140,26.3,26.3,20.8,56.2,12.8,0.000,0.006,0.00,0.000,3.9,12.3,2.5,305,28,4.6,12.1,2.7,307,27,4.6,12.1,2.7,307,27,0,28.98,-0.0,0,0,0,41.2,45.7,48.2,0.21,0.32,0.31
ELDR,2019-11-08 17:15:00 EST,41.53961,-74.87992,1140,26.1,26.1,21.3,57.6,13.2,0.000,0.006,0.00,0.000,3.4,7.1,1.8,274,36,4.0,8.2,2.0,276,37,4.0,8.2,2.0,276,37,0,28.98,-0.0,0,0,0,41.2,45.7,48.2,0.21,0.32,0.31
ELDR,2019-11-08 17:20:00 EST,41.53961,-74.87992,1140,25.9,26.0,25.9,58.2,13.2,0.000,0.006,0.00,0.000,2.4,4.7,0.8,312,31,2.8,5.3,0.9,315,30,2.8,5.3,0.9,315,30,0,28.99,0.0,0,0,0,41.1,45.7,48.2,0.21,0.32,0.31
ELDR,2019-11-08 17:25:00 EST,41.53961,-74.87992,1140,25.7,25.8,25.7,60.2,13.8,0.000,0.006,0.00,0.000,1.0,4.0,1.0,306,33,1.6,5.2,1.2,297,46,1.6,5.2,1.2,297,46,0,28.99,0.0,0,0,0,41.0,45.7,48.2,0.21,0.32,0.31
ELDR,2019-11-08 17:30:00 EST,41.53961,-74.87992,1140,25.8,25.7,18.7,59.5,13.6,0.000,0.006,0.00,0.000,5.4,10.4,2.2,266,22,6.1,12.2,2.6,269,22,6.1,12.2,2.6,269,22,0,28.99,0.0,0,0,0,41.0,45.6,48.2,0.21,0.32,0.31
ELDR,2019-11-08 17:35:00 EST,41.53961,-74.87992,1140,25.6,25.6,21.4,59.5,13.4,0.000,0.006,0.00,0.000,2.8,6.4,1.4,294,32,3.4,8.5,1.5,295,32,3.4,8.5,1.5,295,32,0,28.99,0.0,0,0,0,41.0,45.6,48.2,0.21,0.32,0.31
ELDR,2019-11-08 17:40:00 EST,41.53961,-74.87992,1140,25.4,25.4,25.4,60.3,13.6,0.000,0.006,0.00,0.000,1.4,5.1,1.2,316,34,2.1,6.0,1.3,317,37,2.1,6.0,1.3,317,37,0,28.99,-0.0,0,0,0,40.9,45.6,48.2,0.21,0.32,0.31
ELDR,2019-11-08 17:45:00 EST,41.53961,-74.87992,1140,25.4,25.5,20.5,60.1,13.5,0.000,0.006,0.00,0.000,3.3,6.3,1.4,284,28,4.0,8.0,1.7,290,25,4.0,8.0,1.7,290,25,0,28.99,-0.0,0,0,0,40.8,45.5,48.2,0.21,0.32,0.31
ELDR,2019-11-08 17:50:00 EST,41.53961,-74.87992,1140,25.3,25.3,21.0,61.1,13.7,0.000,0.006,0.00,0.000,2.9,8.0,1.7,286,32,3.5,10.6,1.9,289,28,3.5,10.6,1.9,289,28,0,29.00,0.0,0,0,0,40.8,45.6,48.2,0.21,0.32,0.31
ELDR,2019-11-08 17:55:00 EST,41.53961,-74.87992,1140,25.2,25.2,18.1,61.7,13.9,0.000,0.006,0.00,0.000,5.0,10.4,2.0,274,25,6.1,12.9,2.4,278,22,6.1,12.9,2.4,278,22,0,29.00,0.1,0,0,0,40.8,45.5,48.2,0.21,0.32,0.31
ELDR,2019-11-08 18:00:00 EST,41.53961,-74.87992,1140,25.2,25.1,19.1,61.7,13.9,0.000,0.006,0.00,0.000,4.3,8.8,1.7,286,30,5.0,10.8,2.1,290,26,5.0,10.8,2.1,290,26,0,29.00,0.0,0,0,0,40.6,45.5,48.2,0.21,0.32,0.31
ELDR,2019-11-08 18:05:00 EST,41.53961,-74.87992,1140,25.0,25.0,18.0,62.0,13.8,0.000,0.006,0.00,0.000,4.9,10.4,2.4,276,27,5.9,11.7,2.5,282,25,5.9,11.7,2.5,282,25,0,29.00,0.0,0,0,0,40.6,45.5,48.2,0.21,0.32,0.31
ELDR,2019-11-08 18:10:00 EST,41.53961,-74.87992,1140,24.9,24.9,18.4,62.8,14.0,0.000,0.006,0.00,0.000,4.6,9.0,1.6,276,22,5.3,11.5,1.9,279,20,5.3,11.5,1.9,279,20,0,29.01,0.0,0,0,0,40.6,45.5,48.2,0.21,0.32,0.31
ELDR,2019-11-08 18:15:00 EST,41.53961,-74.87992,1140,24.8,24.8,18.6,63.4,14.1,0.000,0.006,0.00,0.000,4.2,10.7,1.9,285,25,5.0,11.1,2.2,289,24,5.0,11.1,2.2,289,24,0,29.01,0.0,0,0,0,40.6,45.5,48.2,0.21,0.32,0.31
ELDR,2019-11-08 18:20:00 EST,41.53961,-74.87992,1140,24.6,24.6,19.3,64.1,14.2,0.000,0.006,0.00,0.000,3.6,9.1,2.0,291,29,4.2,10.5,2.2,290,26,4.2,10.5,2.2,290,26,0,29.01,-0.0,0,0,0,40.5,45.5,48.2,0.21,0.32,0.31
ELDR,2019-11-08 18:25:00 EST,41.53961,-74.87992,1140,24.4,24.5,19.9,64.8,14.3,0.000,0.006,0.00,0.000,3.0,6.6,1.9,293,33,3.6,7.7,1.9,298,34,3.6,7.7,1.9,298,34,0,29.02,0.0,0,0,0,40.5,45.5,48.2,0.21,0.32,0.31
ELDR,2019-11-08 18:30:00 EST,41.53961,-74.87992,1140,24.4,24.4,18.7,65.8,14.6,0.000,0.006,0.00,0.000,4.1,8.7,1.9,302,28,4.5,9.4,2.0,305,27,4.5,9.4,2.0,305,27,0,29.02,0.0,0,0,0,40.5,45.5,48.2,0.21,0.32,0.31
ELDR,2019-11-08 18:35:00 EST,41.53961,-74.87992,1140,24.3,24.3,24.3,66.8,14.8,0.000,0.006,0.00,0.000,2.3,4.7,0.8,296,36,2.7,5.5,1.0,295,35,2.7,5.5,1.0,295,35,0,29.02,0.0,0,0,0,40.3,45.5,48.2,0.21,0.32,0.31
ELDR,2019-11-08 18:40:00 EST,41.53961,-74.87992,1140,24.1,24.2,19.2,67.3,14.9,0.000,0.006,0.00,0.000,3.2,7.4,1.6,308,30,3.9,10.2,1.7,311,31,3.9,10.2,1.7,311,31,0,29.02,0.1,0,0,0,40.3,45.5,48.2,0.21,0.32,0.31
ELDR,2019-11-08 18:45:00 EST,41.53961,-74.87992,1140,24.2,24.2,24.2,68.0,15.2,0.000,0.006,0.00,0.000,2.5,5.0,1.1,276,30,2.9,7.0,1.4,278,28,2.9,7.0,1.4,278,28,0,29.02,0.0,0,0,0,40.3,45.5,48.2,0.21,0.32,0.31
ELDR,2019-11-08 18:50:00 EST,41.53961,-74.87992,1140,24.2,24.1,19.9,68.3,15.2,0.000,0.006,0.00,0.000,2.6,8.5,1.5,304,30,3.4,9.8,1.7,305,27,3.4,9.8,1.7,305,27,0,29.03,0.1,0,0,0,40.2,45.5,48.2,0.21,0.32,0.31
ELDR,2019-11-08 18:55:00 EST,41.53961,-74.87992,1140,24.1,24.1,18.2,69.0,15.4,0.000,0.006,0.00,0.000,3.8,9.5,2.3,291,33,4.7,11.8,2.6,295,31,4.7,11.8,2.6,295,31,0,29.03,0.1,0,0,0,40.1,45.5,48.2,0.21,0.32,0.31
ELDR,2019-11-08 19:00:00 EST,41.53961,-74.87992,1140,24.1,24.1,19.4,69.0,15.4,0.000,0.006,0.00,0.000,3.1,8.4,2.0,292,27,3.7,9.1,2.2,300,26,3.7,9.1,2.2,300,26,0,29.03,0.1,0,0,0,40.1,45.5,48.2,0.21,0.32,0.31
ELDR,2019-11-08 19:05:00 EST,41.53961,-74.87992,1140,24.0,24.0,18.5,69.7,15.5,0.000,0.006,0.00,0.000,3.6,10.0,2.1,278,32,4.2,9.7,2.1,283,31,4.2,9.7,2.1,283,31,0,29.03,0.1,0,0,0,40.1,45.5,48.2,0.21,0.32,0.31
ELDR,2019-11-08 19:10:00 EST,41.53961,-74.87992,1140,24.0,24.0,17.4,70.1,15.7,0.000,0.006,0.00,0.000,4.3,12.0,2.7,290,29,5.3,12.9,2.8,292,29,5.3,12.9,2.8,292,29,0,29.03,0.1,0,0,0,40.1,45.5,48.2,0.20,0.32,0.31
ELDR,2019-11-08 19:15:00 EST,41.53961,-74.87992,1140,23.9,23.9,18.7,70.2,15.6,0.000,0.006,0.00,0.000,3.4,8.4,1.7,300,25,4.0,9.9,1.9,301,21,4.0,9.9,1.9,301,21,0,29.03,0.0,0,0,0,39.9,45.5,48.2,0.20,0.32,0.31
ELDR,2019-11-08 19:20:00 EST,41.53961,-74.87992,1140,23.8,23.8,18.4,70.4,15.6,0.000,0.006,0.00,0.000,3.4,5.8,1.4,287,32,4.2,8.0,1.6,290,29,4.2,8.0,1.6,290,29,0,29.03,0.1,0,0,0,39.9,45.5,48.2,0.20,0.32,0.31
ELDR,2019-11-08 19:25:00 EST,41.53961,-74.87992,1140,23.8,23.8,17.6,70.4,15.6,0.000,0.006,0.00,0.000,4.0,11.1,2.1,294,31,4.8,15.7,2.4,296,30,4.8,15.7,2.4,296,30,0,29.03,0.1,0,0,0,39.9,45.5,48.1,0.20,0.32,0.31
ELDR,2019-11-08 19:30:00 EST,41.53961,-74.87992,1140,23.8,23.7,18.0,70.8,15.7,0.000,0.006,0.00,0.000,3.7,7.4,1.7,303,30,4.5,10.3,2.0,304,28,4.5,10.3,2.0,304,28,0,29.03,0.1,0,0,0,39.9,45.5,48.2,0.20,0.32,0.31
ELDR,2019-11-08 19:35:00 EST,41.53961,-74.87992,1140,23.6,23.6,17.4,71.2,15.7,0.000,0.006,0.00,0.000,3.9,14.1,2.1,296,31,4.8,16.4,2.4,296,28,4.8,16.4,2.4,296,28,0,29.03,0.1,0,0,0,39.7,45.5,48.2,0.20,0.32,0.31
ELDR,2019-11-08 19:40:00 EST,41.53961,-74.87992,1140,23.6,23.6,17.8,71.4,15.7,0.000,0.006,0.00,0.000,3.9,10.5,2.1,308,28,4.5,13.7,2.4,312,29,4.5,13.7,2.4,312,29,0,29.03,0.1,0,0,0,39.7,45.5,48.2,0.20,0.32,0.31
ELDR,2019-11-08 19:45:00 EST,41.53961,-74.87992,1140,23.5,23.4,18.5,71.8,15.7,0.000,0.006,0.00,0.000,3.2,7.6,2.0,291,25,3.8,9.4,2.1,296,24,3.8,9.4,2.1,296,24,0,29.03,0.1,0,0,0,39.7,45.5,48.2,0.20,0.32,0.31
ELDR,2019-11-08 19:50:00 EST,41.53961,-74.87992,1140,23.3,23.4,17.0,72.3,15.7,0.000,0.006,0.00,0.000,4.0,10.4,2.3,299,22,5.0,12.1,2.2,305,26,5.0,12.1,2.2,305,26,0,29.03,0.1,0,0,0,39.7,45.5,48.2,0.20,0.32,0.31
ELDR,2019-11-08 19:55:00 EST,41.53961,-74.87992,1140,23.3,23.4,17.9,72.7,15.9,0.000,0.006,0.00,0.000,3.4,9.8,2.4,297,32,4.1,9.7,2.5,298,29,4.1,9.7,2.5,298,29,0,29.04,0.1,0,0,0,39.6,45.5,48.1,0.20,0.32,0.31
ELDR,2019-11-08 20:00:00 EST,41.53961,-74.87992,1140,23.3,23.3,18.1,72.6,15.7,0.000,0.006,0.00,0.000,3.5,10.0,2.6,303,29,3.9,10.7,2.8,307,27,3.9,10.7,2.8,307,27,0,29.04,0.1,0,0,0,39.6,45.5,48.1,0.20,0.32,0.31
ELDR,2019-11-08 20:05:00 EST,41.53961,-74.87992,1140,23.2,23.2,18.3,72.7,15.7,0.000,0.006,0.00,0.000,3.0,6.0,1.3,306,35,3.7,8.3,1.5,311,36,3.7,8.3,1.5,311,36,0,29.04,0.1,0,0,0,39.6,45.5,48.1,0.20,0.32,0.31
ELDR,2019-11-08 20:10:00 EST,41.53961,-74.87992,1140,23.2,23.3,17.8,72.7,15.8,0.000,0.006,0.00,0.000,3.6,8.0,1.6,302,33,4.1,9.0,1.6,306,33,4.1,9.0,1.6,306,33,0,29.04,0.1,0,0,0,39.6,45.5,48.1,0.20,0.32,0.31
ELDR,2019-11-08 20:15:00 EST,41.53961,-74.87992,1140,23.2,23.2,16.9,73.0,15.8,0.000,0.006,0.00,0.000,4.2,7.5,1.5,282,22,4.8,10.3,1.9,283,21,4.8,10.3,1.9,283,21,0,29.04,0.1,0,0,0,39.5,45.5,48.1,0.20,0.32,0.31
ELDR,2019-11-08 20:20:00 EST,41.53961,-74.87992,1140,23.1,23.0,17.9,73.3,15.8,0.000,0.006,0.00,0.000,3.3,10.2,2.2,297,29,3.8,11.8,2.4,298,29,3.8,11.8,2.4,298,29,0,29.04,0.1,0,0,0,39.4,45.4,48.0,0.20,0.32,0.31
ELDR,2019-11-08 20:25:00 EST,41.53961,-74.87992,1140,22.8,22.9,17.9,74.4,15.9,0.000,0.006,0.00,0.000,3.0,7.8,1.3,306,35,3.7,9.6,1.5,307,34,3.7,9.6,1.5,307,34,0,29.04,0.1,0,0,0,39.4,45.4,48.0,0.20,0.32,0.31
ELDR,2019-11-08 20:30:00 EST,41.53961,-74.87992,1140,22.9,22.9,18.0,73.8,15.8,0.000,0.006,0.00,0.000,3.0,8.5,2.0,313,27,3.6,9.8,2.2,313,28,3.6,9.8,2.2,313,28,0,29.04,0.1,0,0,0,39.4,45.3,48.0,0.20,0.32,0.31
ELDR,2019-11-08 20:35:00 EST,41.53961,-74.87992,1140,22.8,22.8,18.5,74.3,15.9,0.000,0.006,0.00,0.000,2.8,5.8,1.2,288,33,3.3,6.5,1.4,295,33,3.3,6.5,1.4,295,33,0,29.04,0.1,0,0,0,39.4,45.3,48.0,0.20,0.32,0.31
ELDR,2019-11-08 20:40:00 EST,41.53961,-74.87992,1140,22.7,22.7,22.7,74.9,16.0,0.000,0.006,0.00,0.000,1.1,3.3,0.8,355,62,1.8,4.4,1.0,341,63,1.8,4.4,1.0,341,63,0,29.05,0.1,0,0,0,39.3,45.3,48.0,0.20,0.32,0.31
ELDR,2019-11-08 20:45:00 EST,41.53961,-74.87992,1140,22.6,22.6,22.6,75.0,15.8,0.000,0.006,0.00,0.000,1.4,3.6,1.0,314,34,1.7,4.6,1.1,316,33,1.7,4.6,1.1,316,33,0,29.05,0.1,0,0,0,39.2,45.3,48.0,0.20,0.32,0.31
ELDR,2019-11-08 20:50:00 EST,41.53961,-74.87992,1140,22.4,22.5,22.4,76.4,16.0,0.000,0.006,0.00,0.000,1.6,4.1,0.8,279,34,2.1,6.5,1.0,285,35,2.1,6.5,1.0,285,35,0,29.05,0.1,0,0,0,39.2,45.3,48.0,0.20,0.32,0.31
ELDR,2019-11-08 20:55:00 EST,41.53961,-74.87992,1140,22.4,22.5,22.4,76.7,16.2,0.000,0.006,0.00,0.000,2.0,4.2,0.8,297,33,2.4,5.3,1.0,299,32,2.4,5.3,1.0,299,32,0,29.05,0.1,0,0,0,39.2,45.3,48.0,0.20,0.32,0.31
ELDR,2019-11-08 21:00:00 EST,41.53961,-74.87992,1140,22.3,22.4,18.2,77.3,16.3,0.000,0.006,0.00,0.000,2.6,4.7,1.1,275,29,3.1,5.5,1.2,278,30,3.1,5.5,1.2,278,30,0,29.05,0.1,0,0,0,39.2,45.3,48.0,0.20,0.32,0.31
ELDR,2019-11-08 21:05:00 EST,41.53961,-74.87992,1140,22.3,22.3,22.3,77.2,16.2,0.000,0.006,0.00,0.000,2.0,4.9,1.0,268,30,2.6,6.1,1.2,270,28,2.6,6.1,1.2,270,28,0,29.05,0.1,0,0,0,39.2,45.3,48.0,0.20,0.32,0.31
ELDR,2019-11-08 21:10:00 EST,41.53961,-74.87992,1140,22.2,22.2,22.2,77.7,16.3,0.000,0.006,0.00,0.000,1.9,5.6,1.3,273,20,2.3,7.1,1.4,278,22,2.3,7.1,1.4,278,22,0,29.05,0.1,0,0,0,39.2,45.3,48.0,0.20,0.32,0.31
ELDR,2019-11-08 21:15:00 EST,41.53961,-74.87992,1140,22.0,22.1,22.0,78.8,16.4,0.000,0.006,0.00,0.000,1.2,3.4,0.9,253,30,1.6,5.0,1.1,255,33,1.6,5.0,1.1,255,33,0,29.06,0.1,0,0,0,39.2,45.3,48.0,0.20,0.32,0.31
ELDR,2019-11-08 21:20:00 EST,41.53961,-74.87992,1140,21.9,22.0,21.9,79.4,16.5,0.000,0.006,0.00,0.000,0.5,1.9,0.6,226,43,0.9,3.0,0.8,215,53,0.9,3.0,0.8,215,53,0,29.06,0.1,0,0,0,39.2,45.3,48.0,0.21,0.32,0.31
ELDR,2019-11-08 21:25:00 EST,41.53961,-74.87992,1140,21.7,21.8,21.7,79.2,16.2,0.000,0.006,0.00,0.000,0.6,2.2,0.7,329,35,1.2,3.1,0.8,333,47,1.2,3.1,0.8,333,47,0,29.06,0.1,0,0,0,39.2,45.3,48.0,0.20,0.32,0.31
ELDR,2019-11-08 21:30:00 EST,41.53961,-74.87992,1140,21.8,21.9,21.8,80.0,16.6,0.000,0.006,0.00,0.000,2.3,4.0,0.8,307,34,2.8,6.6,1.0,309,34,2.8,6.6,1.0,309,34,0,29.06,0.1,0,0,0,39.1,45.3,48.0,0.21,0.32,0.31
ELDR,2019-11-08 21:35:00 EST,41.53961,-74.87992,1140,21.8,21.9,21.8,79.5,16.4,0.000,0.006,0.00,0.000,1.3,3.3,0.8,295,29,1.6,3.9,0.9,299,24,1.6,3.9,0.9,299,24,0,29.06,0.1,0,0,0,39.0,45.3,48.0,0.20,0.32,0.31
ELDR,2019-11-08 21:40:00 EST,41.53961,-74.87992,1140,21.5,21.6,21.5,80.6,16.4,0.000,0.006,0.00,0.000,1.4,3.0,0.9,269,18,1.8,3.8,0.9,274,21,1.8,3.8,0.9,274,21,0,29.06,0.1,0,0,0,39.0,45.2,48.0,0.20,0.32,0.31
ELDR,2019-11-08 21:45:00 EST,41.53961,-74.87992,1140,21.3,21.4,21.3,81.7,16.6,0.000,0.006,0.00,0.000,1.2,2.5,0.7,262,29,1.6,3.4,0.8,265,28,1.6,3.4,0.8,265,28,0,29.07,0.1,0,0,0,39.0,45.2,48.0,0.20,0.32,0.31
ELDR,2019-11-08 21:50:00 EST,41.53961,-74.87992,1140,21.3,21.3,21.3,81.7,16.6,0.000,0.006,0.00,0.000,0.6,2.6,0.7,311,35,1.1,3.1,0.8,316,38,1.1,3.1,0.8,316,38,0,29.07,0.1,0,0,0,39.0,45.1,48.0,0.20,0.32,0.31
ELDR,2019-11-08 21:55:00 EST,41.53961,-74.87992,1140,21.3,21.3,21.3,82.4,16.7,0.000,0.006,0.00,0.000,0.8,2.0,0.6,247,53,1.3,3.0,0.6,249,66,1.3,3.0,0.6,249,66,0,29.07,0.1,0,0,0,39.0,45.1,48.0,0.20,0.32,0.31
ELDR,2019-11-08 22:00:00 EST,41.53961,-74.87992,1140,21.3,21.3,21.3,81.8,16.6,0.000,0.006,0.00,0.000,1.2,4.2,1.0,248,49,1.6,5.1,1.1,253,49,1.6,5.1,1.1,253,49,0,29.07,0.1,0,0,0,38.8,45.1,48.0,0.20,0.32,0.31
ELDR,2019-11-08 22:05:00 EST,41.53961,-74.87992,1140,20.9,21.0,20.9,82.6,16.5,0.000,0.006,0.00,0.000,0.2,1.0,0.3,151,7,0.6,1.9,0.5,161,25,0.6,1.9,0.5,161,25,0,29.07,0.1,0,0,0,38.8,45.1,48.0,0.20,0.32,0.31
ELDR,2019-11-08 22:10:00 EST,41.53961,-74.87992,1140,20.5,20.6,20.5,83.7,16.3,0.000,0.006,0.00,0.000,0.6,1.3,0.4,94,13,0.8,1.5,0.5,95,17,0.8,1.5,0.5,95,17,0,29.07,0.2,0,0,0,38.8,45.1,48.0,0.20,0.32,0.31
ELDR,2019-11-08 22:15:00 EST,41.53961,-74.87992,1140,20.3,20.6,20.3,84.3,16.3,0.000,0.006,0.00,0.000,0.4,1.2,0.3,66,10,0.6,1.5,0.5,67,17,0.6,1.5,0.5,67,17,0,29.07,0.1,0,0,0,38.8,45.1,48.0,0.20,0.32,0.31
ELDR,2019-11-08 22:20:00 EST,41.53961,-74.87992,1140,20.2,20.5,20.2,84.9,16.4,0.000,0.006,0.00,0.000,0.2,0.9,0.3,51,12,0.4,1.2,0.5,22,26,0.4,1.2,0.5,22,26,0,29.07,0.1,0,0,0,38.8,45.1,48.0,0.20,0.32,0.31
ELDR,2019-11-08 22:25:00 EST,41.53961,-74.87992,1140,20.3,20.7,20.3,85.1,16.6,0.000,0.006,0.00,0.000,0.6,2.8,0.7,331,22,1.0,3.6,0.9,334,26,1.0,3.6,0.9,334,26,0,29.06,0.2,0,0,0,38.7,45.1,48.0,0.20,0.32,0.31
ELDR,2019-11-08 22:30:00 EST,41.53961,-74.87992,1140,20.5,20.8,20.5,84.8,16.7,0.000,0.006,0.00,0.000,0.8,4.7,1.4,328,25,1.2,5.8,1.8,338,34,1.2,5.8,1.8,338,34,0,29.06,0.2,0,0,0,38.7,45.1,48.0,0.20,0.32,0.31
ELDR,2019-11-08 22:35:00 EST,41.53961,-74.87992,1140,20.3,20.8,20.3,84.2,16.4,0.000,0.006,0.00,0.000,0.3,1.2,0.3,265,46,0.5,1.7,0.5,260,44,0.5,1.7,0.5,260,44,0,29.06,0.1,0,0,0,38.7,45.1,48.0,0.20,0.32,0.31
ELDR,2019-11-08 22:40:00 EST,41.53961,-74.87992,1140,20.5,20.7,20.5,84.1,16.5,0.000,0.006,0.00,0.000,1.1,6.0,1.2,282,39,1.6,7.1,1.4,289,44,1.6,7.1,1.4,289,44,0,29.06,0.2,0,0,0,38.7,45.1,48.0,0.20,0.32,0.31
ELDR,2019-11-08 22:45:00 EST,41.53961,-74.87992,1140,20.7,20.8,20.7,83.8,16.6,0.000,0.006,0.00,0.000,0.7,3.9,1.2,260,14,1.0,4.6,1.3,260,30,1.0,4.6,1.3,260,30,0,29.06,0.1,0,0,0,38.7,45.1,48.0,0.20,0.32,0.31
ELDR,2019-11-08 22:50:00 EST,41.53961,-74.87992,1140,20.1,20.3,20.1,84.1,16.1,0.000,0.006,0.00,0.000,0.2,1.0,0.3,114,33,0.5,1.4,0.5,93,37,0.5,1.4,0.5,93,37,0,29.06,0.1,0,0,0,38.7,45.1,48.0,0.20,0.32,0.31
ELDR,2019-11-08 22:55:00 EST,41.53961,-74.87992,1140,19.9,20.2,19.9,85.6,16.3,0.000,0.006,0.00,0.000,0.8,2.3,0.7,250,58,1.3,3.5,0.9,242,63,1.3,3.5,0.9,242,63,0,29.06,0.1,0,0,0,38.5,45.1,48.0,0.20,0.32,0.31
ELDR,2019-11-08 23:00:00 EST,41.53961,-74.87992,1140,19.9,20.3,19.9,86.0,16.4,0.000,0.006,0.00,0.000,0.8,3.3,0.7,352,54,1.1,4.8,1.0,348,44,1.1,4.8,1.0,348,44,0,29.06,0.2,0,0,0,38.5,45.1,48.0,0.20,0.32,0.31
ELDR,2019-11-08 23:05:00 EST,41.53961,-74.87992,1140,19.8,20.1,19.8,86.1,16.3,0.000,0.006,0.00,0.000,0.4,1.2,0.4,62,11,0.7,2.2,0.6,65,20,0.7,2.2,0.6,65,20,0,29.06,0.2,0,0,0,38.5,45.0,48.0,0.20,0.32,0.31
ELDR,2019-11-08 23:10:00 EST,41.53961,-74.87992,1140,19.8,20.2,19.8,86.3,16.4,0.000,0.006,0.00,0.000,0.3,1.5,0.4,89,31,0.8,3.0,0.6,53,45,0.8,3.0,0.6,53,45,0,29.06,0.2,0,0,0,38.5,45.0,48.0,0.20,0.32,0.31
ELDR,2019-11-08 23:15:00 EST,41.53961,-74.87992,1140,19.8,20.1,19.8,86.5,16.4,0.000,0.006,0.00,0.000,0.7,1.2,0.3,57,20,1.0,1.6,0.4,60,26,1.0,1.6,0.4,60,26,0,29.06,0.2,0,0,0,38.5,45.0,47.9,0.20,0.32,0.31
ELDR,2019-11-08 23:20:00 EST,41.53961,-74.87992,1140,19.6,19.8,19.6,86.7,16.3,0.000,0.006,0.00,0.000,0.6,1.2,0.3,52,7,0.7,1.8,0.5,52,9,0.7,1.8,0.5,52,9,0,29.06,0.2,0,0,0,38.4,45.0,48.0,0.20,0.32,0.31
ELDR,2019-11-08 23:25:00 EST,41.53961,-74.87992,1140,19.3,19.6,19.3,87.0,16.1,0.000,0.006,0.00,0.000,0.2,0.7,0.2,17,9,0.2,1.2,0.4,6,9,0.2,1.2,0.4,6,9,0,29.06,0.2,0,0,0,38.3,45.0,47.9,0.20,0.32,0.31
ELDR,2019-11-08 23:30:00 EST,41.53961,-74.87992,1140,19.2,19.5,19.2,87.8,16.2,0.000,0.006,0.00,0.000,0.0,0.0,0.0,0,0,0.0,0.8,0.2,28,2,0.0,0.8,0.2,28,2,0,29.07,0.2,0,0,0,38.3,45.0,47.9,0.20,0.32,0.31
ELDR,2019-11-08 23:35:00 EST,41.53961,-74.87992,1140,19.1,19.5,19.1,88.1,16.2,0.000,0.006,0.00,0.000,0.2,0.9,0.3,55,0,0.5,1.2,0.5,55,9,0.5,1.2,0.5,55,9,0,29.07,0.1,0,0,0,38.3,45.0,47.9,0.20,0.32,0.31
ELDR,2019-11-08 23:40:00 EST,41.53961,-74.87992,1140,18.9,19.4,18.9,88.1,16.0,0.000,0.006,0.00,0.000,0.0,0.7,0.1,49,3,0.2,1.1,0.4,16,6,0.2,1.1,0.4,16,6,0,29.07,0.2,0,0,0,38.3,45.0,47.9,0.20,0.32,0.31
ELDR,2019-11-08 23:45:00 EST,41.53961,-74.87992,1140,19.0,19.4,19.0,88.7,16.2,0.000,0.006,0.00,0.000,0.3,2.3,0.6,326,15,0.6,3.1,0.7,332,18,0.6,3.1,0.7,332,18,0,29.07,0.2,0,0,0,38.3,45.0,47.8,0.20,0.32,0.31
ELDR,2019-11-08 23:50:00 EST,41.53961,-74.87992,1140,18.8,19.4,18.8,88.6,16.0,0.000,0.006,0.00,0.000,0.6,2.3,0.6,217,55,0.9,2.8,0.7,221,61,0.9,2.8,0.7,221,61,0,29.07,0.2,0,0,0,38.3,45.0,47.8,0.20,0.32,0.31
ELDR,2019-11-08 23:55:00 EST,41.53961,-74.87992,1140,19.1,19.4,19.1,88.4,16.3,0.000,0.006,0.00,0.000,0.9,1.6,0.3,130,9,1.2,2.0,0.4,131,13,1.2,2.0,0.4,131,13,0,29.07,0.2,0,0,0,38.2,45.0,47.8,0.20,0.32,0.31
ELLE,2019-11-08 00:00:00 EST,44.89550,-73.84502,977,22.7,22.7,12.6,79.3,17.3,0.000,0.284,0.00,0.000,7.9,10.1,1.1,267,7,9.5,12.4,1.5,269,6,9.5,12.4,1.5,269,6,0,29.00,1.7,0,0,0,42.6,44.8,46.1,0.47,0.34,0.36
ELLE,2019-11-08 00:05:00 EST,44.89550,-73.84502,977,22.6,22.6,13.5,79.5,17.3,0.000,0.000,0.00,0.000,6.7,10.0,1.2,266,9,7.9,13.2,1.6,268,8,7.9,13.2,1.6,268,8,0,29.00,1.6,0,0,0,42.5,44.9,46.2,0.47,0.34,0.36
ELLE,2019-11-08 00:10:00 EST,44.89550,-73.84502,977,22.6,22.6,13.6,78.7,17.0,0.000,0.000,0.00,0.000,6.4,10.4,1.4,266,9,7.8,12.1,1.8,269,7,7.8,12.1,1.8,269,7,0,29.00,1.6,0,0,0,42.6,44.8,46.0,0.47,0.34,0.36
ELLE,2019-11-08 00:15:00 EST,44.89550,-73.84502,977,22.6,22.6,14.3,78.6,16.9,0.000,0.000,0.00,0.000,5.7,8.2,1.0,268,10,6.8,9.9,1.4,271,8,6.8,9.9,1.4,271,8,0,29.00,1.5,0,0,0,42.6,44.8,46.0,0.47,0.34,0.36
ELLE,2019-11-08 00:20:00 EST,44.89550,-73.84502,977,22.5,22.5,15.0,78.3,16.8,0.000,0.000,0.00,0.000,5.0,7.7,1.0,274,12,5.9,9.6,1.3,276,10,5.9,9.6,1.3,276,10,0,28.99,1.5,0,0,0,42.5,44.9,46.0,0.47,0.34,0.36
ELLE,2019-11-08 00:25:00 EST,44.89550,-73.84502,977,22.5,22.6,14.4,77.5,16.6,0.000,0.000,0.00,0.000,5.5,7.2,0.9,280,10,6.6,8.7,1.3,282,8,6.6,8.7,1.3,282,8,0,28.99,1.4,0,0,0,42.6,44.9,46.0,0.47,0.34,0.36
ELLE,2019-11-08 00:30:00 EST,44.89550,-73.84502,977,22.5,22.5,15.5,77.5,16.5,0.000,0.000,0.00,0.000,4.5,6.8,0.9,272,9,5.4,8.6,1.1,274,8,5.4,8.6,1.1,274,8,0,28.99,1.4,0,0,0,42.5,44.9,46.0,0.47,0.34,0.36
ELLE,2019-11-08 00:35:00 EST,44.89550,-73.84502,977,22.3,22.4,14.9,78.4,16.6,0.000,0.000,0.00,0.000,4.9,6.5,0.7,266,7,5.8,8.0,0.9,269,6,5.8,8.0,0.9,269,6,0,28.99,1.4,0,0,0,42.5,44.8,46.0,0.47,0.35,0.36
ELLE,2019-11-08 00:40:00 EST,44.89550,-73.84502,977,22.4,22.4,14.4,78.3,16.6,0.000,0.000,0.00,0.000,5.4,6.9,0.7,267,6,6.4,9.1,1.0,270,6,6.4,9.1,1.0,270,6,0,28.99,1.5,0,0,0,42.5,44.8,46.0,0.47,0.34,0.36
ELLE,2019-11-08 00:45:00 EST,44.89550,-73.84502,977,22.4,22.4,14.0,77.9,16.5,0.000,0.000,0.00,0.000,5.8,8.2,1.2,270,10,6.9,10.6,1.5,273,8,6.9,10.6,1.5,273,8,0,28.99,1.5,0,0,0,42.5,44.8,46.0,0.47,0.34,0.36
ELLE,2019-11-08 00:50:00 EST,44.89550,-73.84502,977,22.4,22.4,13.7,77.0,16.3,0.000,0.000,0.00,0.000,6.2,9.2,1.4,272,8,7.4,11.6,1.8,274,7,7.4,11.6,1.8,274,7,0,28.99,1.5,0,0,0,42.5,44.9,46.0,0.47,0.34,0.36
ELLE,2019-11-08 00:55:00 EST,44.89550,-73.84502,977,22.3,22.4,14.3,77.1,16.3,0.000,0.000,0.00,0.000,5.5,9.1,1.2,270,9,6.5,11.0,1.5,272,9,6.5,11.0,1.5,272,9,0,28.98,1.5,0,0,0,42.5,44.9,46.0,0.47,0.35,0.36
ELLE,2019-11-08 01:00:00 EST,44.89550,-73.84502,977,22.3,22.4,12.5,77.0,16.2,0.000,0.000,0.00,0.000,7.4,9.5,1.1,266,7,8.8,12.8,1.5,269,7,8.8,12.8,1.5,269,7,0,28.98,1.5,0,0,0,42.5,44.8,46.0,0.47,0.34,0.36
ELLE,2019-11-08 01:05:00 EST,44.89550,-73.84502,977,22.4,22.4,12.3,76.1,16.0,0.000,0.000,0.00,0.000,7.7,9.6,1.0,264,7,9.1,12.1,1.3,266,6,9.1,12.1,1.3,266,6,0,28.98,1.5,0,0,0,42.6,44.9,46.0,0.47,0.34,0.36
ELLE,2019-11-08 01:10:00 EST,44.89550,-73.84502,977,22.3,22.3,13.1,77.1,16.2,0.000,0.000,0.00,0.000,6.6,9.9,1.2,266,11,7.8,11.7,1.6,268,9,7.8,11.7,1.6,268,9,0,28.98,1.6,0,0,0,42.4,44.9,46.0,0.47,0.34,0.36
ELLE,2019-11-08 01:15:00 EST,44.89550,-73.84502,977,22.3,22.3,13.7,77.4,16.3,0.000,0.000,0.00,0.000,6.0,8.6,1.0,283,11,7.1,10.6,1.5,283,9,7.1,10.6,1.5,283,9,0,28.98,1.5,0,0,0,42.5,44.9,46.0,0.47,0.34,0.36
ELLE,2019-11-08 01:20:00 EST,44.89550,-73.84502,977,22.2,22.3,15.0,78.3,16.5,0.000,0.000,0.00,0.000,4.7,8.0,1.2,287,11,5.5,9.5,1.5,287,10,5.5,9.5,1.5,287,10,0,28.98,1.7,0,0,0,42.4,44.8,46.0,0.47,0.34,0.36
ELLE,2019-11-08 01:25:00 EST,44.89550,-73.84502,977,22.1,22.2,14.9,79.3,16.7,0.000,0.000,0.00,0.000,4.6,7.0,0.9,280,9,5.5,7.9,1.2,282,7,5.5,7.9,1.2,282,7,0,28.98,,0,0,0,42.5,44.8,46.0,0.47,0.35,0.36
ELLE,2019-11-08 01:30:00 EST,44.89550,-73.84502,977,22.2,22.3,13.7,78.7,16.6,0.000,0.000,0.00,0.000,5.9,8.1,0.9,274,9,7.0,10.4,1.3,276,7,7.0,10.4,1.3,276,7,0,28.98,,0,0,0,42.5,44.8,46.0,0.47,0.34,0.36
ELLE,2019-11-08 01:35:00 EST,44.89550,-73.84502,977,22.2,22.2,13.0,79.8,16.9,0.000,0.000,0.00,0.000,6.6,9.1,1.1,267,9,7.8,11.7,1.6,270,8,7.8,11.7,1.6,270,8,0,28.98,,0,0,0,42.5,44.9,46.0,0.47,0.34,0.36
ELLE,2019-11-08 01:40:00 EST,44.89550,-73.84502,977,22.2,22.2,11.9,80.3,17.1,0.000,0.000,0.00,0.000,8.1,11.8,1.6,263,9,9.5,14.1,2.1,266,9,9.5,14.1,2.1,266,9,0,28.98,,0,0,0,42.5,44.8,46.0,0.47,0.34,0.36
ELLE,2019-11-08 01:45:00 EST,44.89550,-73.84502,977,22.2,22.2,12.2,81.1,17.3,0.000,0.000,0.00,0.000,7.6,9.6,0.9,266,8,9.0,12.2,1.4,268,7,9.0,12.2,1.4,268,7,0,28.98,,0,0,0,42.6,44.8,46.0,0.47,0.34,0.36
ELLE,2019-11-08 01:50:00 EST,44.89550,-73.84502,977,22.2,22.2,12.2,81.7,17.4,0.000,0.000,0.00,0.000,7.5,10.4,1.1,268,7,8.9,12.9,1.5,269,6,8.9,12.9,1.5,269,6,0,28.98,,0,0,0,42.5,44.9,46.0,0.47,0.34,0.36
ELLE,2019-11-08 01:55:00 EST,44.89550,-73.84502,977,22.1,22.1,13.8,81.9,17.4,0.000,0.000,0.00,0.000,5.8,7.9,0.9,265,9,6.7,9.6,1.1,267,8,6.7,9.6,1.1,267,8,0,28.98,0.0,0,0,0,42.5,44.8,46.0,0.47,0.34,0.36
ELLE,2019-11-08 02:00:00 EST,44.89550,-73.84502,977,22.1,22.1,12.2,81.7,17.3,0.000,0.000,0.00,0.000,7.3,11.4,1.9,269,10,8.8,14.4,2.5,271,8,8.8,14.4,2.5,271,8,0,28.98,0.0,0,0,0,42.5,44.9,46.0,0.47,0.34,0.36
ELLE,2019-11-08 02:05:00 EST,44.89550,-73.84502,977,22.1,22.1,11.2,81.1,17.2,0.000,0.000,0.00,0.000,8.8,11.6,1.3,267,7,10.5,14.6,1.8,269,6,10.5,14.6,1.8,269,6,0,28.98,0.1,0,0,0,42.5,44.8,46.0,0.47,0.34,0.36
ELLE,2019-11-08 02:10:00 EST,44.89550,-73.84502,977,22.1,22.1,11.6,80.9,17.1,0.000,0.000,0.00,0.000,8.1,11.4,1.2,266,8,9.7,14.3,1.8,269,7,9.7,14.3,1.8,269,7,0,28.98,-0.0,0,0,0,42.5,44.8,46.0,0.47,0.35,0.36
ELLE,2019-11-08 02:15:00 EST,44.89550,-73.84502,977,22.0,22.0,11.9,80.7,17.0,0.000,0.000,0.00,0.000,7.6,10.6,1.1,280,9,9.1,13.4,1.6,281,7,9.1,13.4,1.6,281,7,0,28.98,0.0,0,0,0,42.5,44.8,46.0,0.47,0.34,0.36
ELLE,2019-11-08 02:20:00 EST,44.89550,-73.84502,977,22.0,22.0,12.6,80.8,17.0,0.000,0.000,0.00,0.000,6.7,10.1,1.2,281,8,8.0,12.8,1.6,283,6,8.0,12.8,1.6,283,6,0,28.98,-0.1,0,0,0,42.5,44.8,46.0,0.47,0.35,0.36
ELLE,2019-11-08 02:25:00 EST,44.89550,-73.84502,977,21.8,21.9,13.3,81.1,16.9,0.000,0.000,0.00,0.000,5.7,8.7,1.1,277,9,6.9,10.7,1.5,278,8,6.9,10.7,1.5,278,8,0,28.98,-0.1,0,0,0,42.5,44.9,46.0,0.47,0.34,0.36
ELLE,2019-11-08 02:30:00 EST,44.89550,-73.84502,977,21.6,21.7,11.8,80.8,16.6,0.000,0.000,0.00,0.000,7.1,12.3,1.9,272,10,8.5,15.3,2.6,274,9,8.5,15.3,2.6,274,9,0,28.97,-0.0,0,0,0,42.4,44.8,46.0,0.47,0.34,0.36
ELLE,2019-11-08 02:35:00 EST,44.89550,-73.84502,977,21.2,21.5,10.8,80.0,16.0,0.000,0.000,0.00,0.000,7.8,10.7,1.3,274,10,9.3,14.4,1.9,276,8,9.3,14.4,1.9,276,8,0,28.97,0.5,0,0,0,42.5,44.8,46.0,0.47,0.34,0.36
ELLE,2019-11-08 02:40:00 EST,44.89550,-73.84502,977,20.7,21.1,11.0,80.7,15.8,0.000,0.000,0.00,0.000,6.9,10.9,1.6,270,11,8.2,14.1,2.0,272,9,8.2,14.1,2.0,272,9,0,28.97,0.9,0,0,0,42.5,44.8,46.0,0.47,0.34,0.36
ELLE,2019-11-08 02:45:00 EST,44.89550,-73.84502,977,20.5,20.9,10.9,80.8,15.5,0.000,0.000,0.00,0.000,6.7,10.4,1.4,271,10,7.9,12.7,1.9,273,9,7.9,12.7,1.9,273,9,0,28.97,0.9,0,0,0,42.5,44.8,46.0,0.47,0.34,0.36
ELLE,2019-11-08 02:50:00 EST,44.89550,-73.84502,977,20.1,20.7,11.0,82.0,15.5,0.000,0.000,0.00,0.000,6.0,9.0,1.0,270,9,7.2,11.6,1.3,272,8,7.2,11.6,1.3,272,8,0,28.97,1.0,0,0,0,42.6,44.8,46.0,0.47,0.34,0.36
ELLE,2019-11-08 02:55:00 EST,44.89550,-73.84502,977,20.3,20.7,10.9,82.2,15.7,0.000,0.000,0.00,0.000,6.3,8.7,1.0,267,8,7.6,11.2,1.4,269,7,7.6,11.2,1.4,269,7,0,28.97,0.9,0,0,0,42.5,44.8,46.0,0.47,0.34,0.36
ELLE,2019-11-08 03:00:00 EST,44.89550,-73.84502,977,20.0,20.5,11.1,82.3,15.5,0.000,0.000,0.00,0.000,5.9,9.4,1.2,267,9,7.0,11.7,1.7,270,8,7.0,11.7,1.7,270,8,0,28.97,1.0,0,0,0,42.5,44.8,46.0,0.47,0.34,0.36
ELLE,2019-11-08 03:05:00 EST,44.89550,-73.84502,977,19.8,20.3,10.7,83.1,15.5,0.000,0.000,0.00,0.000,6.0,8.0,1.0,269,11,7.1,10.0,1.3,271,10,7.1,10.0,1.3,271,10,0,28.97,1.1,0,0,0,42.5,44.8,46.0,0.47,0.34,0.36
ELLE,2019-11-08 03:10:00 EST,44.89550,-73.84502,977,19.8,20.2,10.1,83.7,15.6,0.000,0.000,0.00,0.000,6.7,8.8,1.1,264,6,7.8,11.3,1.4,266,5,7.8,11.3,1.4,266,5,0,28.97,1.1,0,0,0,42.5,44.8,46.0,0.47,0.34,0.36
ELLE,2019-11-08 03:15:00 EST,44.89550,-73.84502,977,19.6,20.0,9.0,83.9,15.6,0.000,0.000,0.00,0.000,8.0,9.6,0.8,256,7,9.1,11.8,1.1,259,6,9.1,11.8,1.1,259,6,0,28.97,1.0,0,0,0,42.5,44.8,46.0,0.47,0.34,0.36
ELLE,2019-11-08 03:20:00 EST,44.89550,-73.84502,977,19.4,19.8,8.6,84.3,15.4,0.000,0.000,0.00,0.000,8.2,9.9,0.7,253,6,9.2,11.5,1.1,256,5,9.2,11.5,1.1,256,5,0,28.97,1.1,0,0,0,42.5,44.8,46.0,0.47,0.34,0.36
ELLE,2019-11-08 03:25:00 EST,44.89550,-73.84502,977,19.6,19.7,8.7,84.7,15.7,0.000,0.000,0.00,0.000,8.3,10.2,0.7,252,5,9.4,12.3,1.1,255,5,9.4,12.3,1.1,255,5,0,28.97,1.2,0,0,0,42.5,44.9,46.0,0.47,0.34,0.36
ELLE,2019-11-08 03:30:00 EST,44.89550,-73.84502,977,19.8,19.7,9.7,85.0,16.0,0.000,0.000,0.00,0.000,7.5,10.1,0.9,252,6,8.3,12.1,1.2,254,6,8.3,12.1,1.2,254,6,0,28.97,1.2,0,0,0,42.5,44.8,46.0,0.47,0.35,0.36
ELLE,2019-11-08 03:35:00 EST,44.89550,-73.84502,977,19.8,19.7,10.3,85.4,16.1,0.000,0.000,0.00,0.000,6.6,8.9,1.1,257,10,7.6,11.5,1.5,259,9,7.6,11.5,1.5,259,9,0,28.97,1.2,0,0,0,42.5,44.8,46.0,0.47,0.34,0.36
ELLE,2019-11-08 03:40:00 EST,44.89550,-73.84502,977,19.8,19.7,10.6,84.8,16.0,0.000,0.000,0.00,0.000,6.3,9.5,1.0,254,8,7.2,11.2,1.4,257,8,7.2,11.2,1.4,257,8,0,28.97,1.1,0,0,0,42.5,44.8,46.0,0.47,0.34,0.36
ELLE,2019-11-08 03:45:00 EST,44.89550,-73.84502,977,19.8,19.7,10.8,84.9,16.0,0.000,0.000,0.00,0.000,6.2,9.6,1.3,253,9,7.0,11.8,1.7,256,8,7.0,11.8,1.7,256,8,0,28.97,1.0,0,0,0,42.5,44.8,46.0,0.47,0.34,0.36
ELLE,2019-11-08 03:50:00 EST,44.89550,-73.84502,977,19.8,19.7,11.2,85.0,16.0,0.000,0.000,0.00,0.000,5.8,8.0,0.8,255,8,6.5,9.7,1.0,257,7,6.5,9.7,1.0,257,7,0,28.97,0.9,0,0,0,42.5,44.8,46.0,0.47,0.34,0.36
ELLE,2019-11-08 03:55:00 EST,44.89550,-73.84502,977,20.0,19.9,11.4,86.0,16.5,0.000,0.000,0.00,0.000,5.6,9.4,1.3,265,12,6.5,11.3,1.7,267,11,6.5,11.3,1.7,267,11,0,28.97,0.8,0,0,0,42.5,44.8,46.0,0.47,0.34,0.36
ELLE,2019-11-08 04:00:00 EST,44.89550,-73.84502,977,20.2,20.0,10.4,86.0,16.7,0.000,0.000,0.00,0.000,6.9,9.5,1.0,264,11,8.0,11.5,1.5,266,10,8.0,11.5,1.5,266,10,0,28.97,0.6,0,0,0,42.5,44.8,46.0,0.47,0.34,0.36
ELLE,2019-11-08 04:05:00 EST,44.89550,-73.84502,977,20.2,20.0,10.0,86.2,16.7,0.000,0.000,0.00,0.000,7.5,10.7,1.3,259,8,8.6,13.4,1.8,262,7,8.6,13.4,1.8,262,7,0,28.97,0.5,0,0,0,42.4,44.8,46.0,0.47,0.34,0.36
ELLE,2019-11-08 04:10:00 EST,44.89550,-73.84502,977,20.1,19.9,9.2,87.6,17.0,0.000,0.000,0.00,0.000,8.5,12.1,1.7,255,7,9.7,14.3,2.2,258,6,9.7,14.3,2.2,258,6,0,28.97,0.2,0,0,0,42.5,44.8,46.0,0.47,0.34,0.36
ELLE,2019-11-08 04:15:00 EST,44.89550,-73.84502,977,20.1,19.9,9.5,88.5,17.2,0.000,0.000,0.00,0.000,8.1,10.7,1.2,256,9,9.2,13.6,1.5,258,8,9.2,13.6,1.5,258,8,0,28.97,0.0,0,0,0,42.5,44.8,46.0,0.47,0.34,0.36
ELLE,2019-11-08 04:20:00 EST,44.89550,-73.84502,977,20.1,20.0,10.1,88.3,17.2,0.000,0.000,0.00,0.000,7.1,12.0,1.4,265,9,8.4,14.0,1.8,267,8,8.4,14.0,1.8,267,8,0,28.97,-0.0,0,0,0,42.5,44.8,46.0,0.47,0.34,0.36
ELLE,2019-11-08 04:25:00 EST,44.89550,-73.84502,977,20.1,20.0,11.1,88.5,17.3,0.000,0.000,0.00,0.000,6.3,9.3,1.1,257,9,7.1,11.7,1.5,259,8,7.1,11.7,1.5,259,8,0,28.97,0.1,0,0,0,42.4,44.8,46.0,0.47,0.34,0.36
ELLE,2019-11-08 04:30:00 EST,44.89550,-73.84502,977,20.1,20.0,11.0,89.2,17.4,0.000,0.000,0.00,0.000,6.1,10.3,1.5,264,12,7.2,13.2,2.0,266,11,7.2,13.2,2.0,266,11,0,28.97,-0.0,0,0,0,42.5,44.7,46.0,0.47,0.34,0.36
ELLE,2019-11-08 04:35:00 EST,44.89550,-73.84502,977,20.1,19.9,13.4,89.9,17.6,0.005,0.005,0.00,0.005,4.1,5.6,0.7,264,9,4.7,7.1,0.9,265,9,4.7,7.1,0.9,265,9,0,28.97,-0.2,0,0,0,42.4,44.7,46.0,0.47,0.34,0.36
ELLE,2019-11-08 04:40:00 EST,44.89550,-73.84502,977,20.1,20.0,12.0,90.5,17.8,0.001,0.006,0.00,0.006,5.2,7.6,0.9,264,10,6.0,10.3,1.2,267,9,6.0,10.3,1.2,267,9,0,28.97,-0.2,0,0,0,42.4,44.8,46.0,0.47,0.34,0.36
ELLE,2019-11-08 04:45:00 EST,44.89550,-73.84502,977,20.2,20.0,11.6,90.8,18.0,0.004,0.009,0.00,0.009,5.7,7.4,0.9,264,9,6.6,9.9,1.3,266,9,6.6,9.9,1.3,266,9,0,28.97,0.8,0,0,0,42.5,44.7,46.0,0.47,0.34,0.36
ELLE,2019-11-08 04:50:00 EST,44.89550,-73.84502,977,20.2,20.1,11.9,91.3,18.1,0.000,0.009,0.00,0.009,5.4,7.7,1.2,266,12,6.3,9.7,1.6,268,11,6.3,9.7,1.6,268,11,0,28.97,1.0,0,0,0,42.4,44.7,46.0,0.47,0.34,0.36
ELLE,2019-11-08 04:55:00 EST,44.89550,-73.84502,977,20.4,20.2,12.1,91.1,18.2,0.000,0.009,0.00,0.009,5.3,8.6,1.3,278,11,6.3,10.3,1.7,280,10,6.3,10.3,1.7,280,10,0,28.97,0.6,0,0,0,42.5,44.7,46.0,0.47,0.34,0.36
ELLE,2019-11-08 05:00:00 EST,44.89550,-73.84502,977,20.3,20.3,11.8,90.5,18.0,0.000,0.009,0.00,0.009,5.6,8.9,1.3,283,8,6.6,11.6,1.7,284,7,6.6,11.6,1.7,284,7,0,28.98,0.3,0,0,0,42.4,44.8,46.0,0.47,0.34,0.36
ELLE,2019-11-08 05:05:00 EST,44.89550,-73.84502,977,20.3,20.2,10.9,90.8,18.1,0.000,0.009,0.00,0.009,6.5,10.2,1.5,275,14,7.7,13.7,2.0,277,12,7.7,13.7,2.0,277,12,0,28.98,1.2,0,0,0,42.4,44.7,46.0,0.47,0.34,0.36
ELLE,2019-11-08 05:10:00 EST,44.89550,-73.84502,977,20.3,20.3,10.9,91.1,18.2,0.000,0.009,0.00,0.009,6.4,9.2,1.4,278,11,7.7,12.0,1.9,279,8,7.7,12.0,1.9,279,8,0,28.98,0.8,0,0,0,42.4,44.7,46.0,0.47,0.34,0.36
ELLE,2019-11-08 05:15:00 EST,44.89550,-73.84502,977,20.3,20.3,11.7,90.9,18.0,0.000,0.009,0.00,0.009,5.6,7.5,0.9,281,12,6.7,9.7,1.3,282,10,6.7,9.7,1.3,282,10,0,28.98,0.6,0,0,0,42.4,44.7,46.0,0.47,0.34,0.36
ELLE,2019-11-08 05:20:00 EST,44.89550,-73.84502,977,20.2,20.3,11.0,90.6,17.9,0.000,0.009,0.00,0.009,6.2,8.5,1.0,279,11,7.3,10.7,1.3,280,10,7.3,10.7,1.3,280,10,0,28.98,0.7,0,0,0,42.4,44.7,46.0,0.47,0.34,0.36
ELLE,2019-11-08 05:25:00 EST,44.89550,-73.84502,977,20.3,20.3,11.7,90.9,18.0,0.000,0.009,0.00,0.009,5.6,8.1,1.1,281,11,6.6,10.2,1.4,282,9,6.6,10.2,1.4,282,9,0,28.98,0.1,0,0,0,42.5,44.7,46.0,0.47,0.34,0.36
ELLE,2019-11-08 05:30:00 EST,44.89550,-73.84502,977,20.4,20.4,11.3,91.0,18.2,0.000,0.009,0.00,0.009,6.0,8.3,0.8,273,11,7.3,9.7,1.1,275,10,7.3,9.7,1.1,275,10,0,28.98,-0.1,0,0,0,42.4,44.8,46.0,0.47,0.34,0.36
ELLE,2019-11-08 05:35:00 EST,44.89550,-73.84502,977,20.3,20.4,12.0,91.0,18.1,0.000,0.009,0.00,0.004,5.2,8.3,1.2,274,9,6.3,10.9,1.6,276,8,6.3,10.9,1.6,276,8,0,28.98,0.8,0,0,0,42.4,44.8,46.0,0.47,0.34,0.36
ELLE,2019-11-08 05:40:00 EST,44.89550,-73.84502,977,20.1,20.3,11.9,90.9,17.9,0.000,0.009,0.00,0.004,5.2,7.5,0.9,279,9,6.2,9.9,1.3,280,8,6.2,9.9,1.3,280,8,0,28.98,,0,0,0,42.5,44.7,46.0,0.47,0.34,0.36
ELLE,2019-11-08 05:45:00 EST,44.89550,-73.84502,977,19.9,20.2,11.8,90.4,17.5,0.000,0.009,0.00,0.000,5.0,7.1,0.9,279,10,6.0,9.3,1.3,280,9,6.0,9.3,1.3,280,9,0,28.98,-0.1,0,0,0,42.5,44.8,46.0,0.47,0.34,0.36
ELLE,2019-11-08 05:50:00 EST,44.89550,-73.84502,977,19.7,20.1,11.8,90.1,17.2,0.000,0.009,0.00,0.000,4.9,7.0,0.8,274,12,5.8,9.2,1.1,276,10,5.8,9.2,1.1,276,10,0,28.98,-0.0,0,0,0,42.5,44.7,46.0,0.47,0.34,0.36
ELLE,2019-11-08 05:55:00 EST,44.89550,-73.84502,977,19.5,20.0,11.0,90.1,17.1,0.000,0.009,0.00,0.000,5.3,8.1,1.2,273,10,6.4,10.4,1.5,275,9,6.4,10.4,1.5,275,9,0,28.99,0.0,0,0,0,42.4,44.7,46.0,0.47,0.34,0.36
ELLE,2019-11-08 06:00:00 EST,44.89550,-73.84502,977,19.7,20.0,11.5,90.6,17.4,0.000,0.009,0.00,0.000,5.1,8.0,1.1,272,10,6.2,10.8,1.5,274,10,6.2,10.8,1.5,274,10,0,28.99,0.1,0,0,0,42.4,44.7,46.0,0.47,0.34,0.36
ELLE,2019-11-08 06:05:00 EST,44.89550,-73.84502,977,19.7,19.9,11.1,90.6,17.4,0.000,0.009,0.00,0.000,5.5,8.3,1.1,271,12,6.5,10.9,1.6,274,11,6.5,10.9,1.6,274,11,0,28.99,0.1,0,0,0,42.5,44.8,46.0,0.47,0.34,0.36
ELLE,2019-11-08 06:10:00 EST,44.89550,-73.84502,977,19.7,20.0,10.2,90.6,17.4,0.000,0.009,0.00,0.000,6.2,8.8,1.2,276,10,7.5,11.7,1.7,278,9,7.5,11.7,1.7,278,9,0,28.99,-0.0,0,0,0,42.4,44.7,46.0,0.47,0.34,0.36
ELLE,2019-11-08 06:15:00 EST,44.89550,-73.84502,977,19.4,19.8,10.3,89.8,16.9,0.000,0.009,0.00,0.000,5.9,9.9,1.4,272,11,7.0,12.2,1.7,274,11,7.0,12.2,1.7,274,11,0,28.99,0.0,0,0,0,42.4,44.7,46.0,0.47,0.34,0.36
ELLE,2019-11-08 06:20:00 EST,44.89550,-73.84502,977,19.5,19.8,10.9,90.1,17.0,0.000,0.009,0.00,0.000,5.5,7.9,1.0,280,11,6.4,9.9,1.4,282,9,6.4,9.9,1.4,282,9,0,28.99,-0.2,0,0,0,42.4,44.7,46.0,0.47,0.34,0.36
ELLE,2019-11-08 06:25:00 EST,44.89550,-73.84502,977,19.6,19.9,9.9,90.1,17.2,0.000,0.009,0.00,0.000,6.5,10.1,1.4,276,11,7.8,13.0,1.8,277,10,7.8,13.0,1.8,277,10,0,29.00,,0,0,0,42.5,44.7,46.0,0.47,0.34,0.36
ELLE,2019-11-08 06:30:00 EST,44.89550,-73.84502,977,20.0,20.0,9.4,90.0,17.5,0.000,0.009,0.00,0.000,7.6,10.8,1.2,278,8,9.1,13.4,1.7,280,7,9.1,13.4,1.7,280,7,0,28.99,,0,0,0,42.4,44.7,46.0,0.47,0.34,0.36
ELLE,2019-11-08 06:35:00 EST,44.89550,-73.84502,977,20.1,20.0,10.4,89.9,17.6,0.000,0.009,0.00,0.000,6.6,10.0,1.2,277,11,7.9,12.4,1.7,278,9,7.9,12.4,1.7,278,9,1,29.00,1.1,0,0,0,42.5,44.7,46.0,0.47,0.34,0.36
ELLE,2019-11-08 06:40:00 EST,44.89550,-73.84502,977,20.3,20.2,9.5,90.9,18.1,0.000,0.009,0.00,0.000,7.9,13.0,1.7,273,9,9.6,15.9,2.2,276,8,9.6,15.9,2.2,276,8,0,29.00,,0,0,0,42.4,44.7,46.0,0.47,0.34,0.36
ELLE,2019-11-08 06:45:00 EST,44.89550,-73.84502,977,20.5,20.4,10.1,91.0,18.3,0.000,0.009,0.00,0.000,7.5,12.1,1.9,270,12,8.9,15.2,2.4,273,10,8.9,15.2,2.4,273,10,1,29.00,,0,0,0,42.5,44.7,46.0,0.47,0.34,0.36
ELLE,2019-11-08 06:50:00 EST,44.89550,-73.84502,977,20.4,20.4,9.8,91.1,18.2,0.000,0.009,0.00,0.000,7.9,12.2,1.5,282,12,9.3,13.4,1.8,283,10,9.3,13.4,1.8,283,10,2,29.00,1.4,0,0,0,42.5,44.7,46.0,0.47,0.34,0.36
ELLE,2019-11-08 06:55:00 EST,44.89550,-73.84502,977,20.6,20.5,9.3,90.9,18.3,0.000,0.009,0.00,0.000,9.1,14.0,2.3,286,13,10.4,18.0,2.6,287,11,10.4,18.0,2.6,287,11,2,29.00,1.4,0,0,0,42.4,44.7,46.0,0.47,0.34,0.36
ELLE,2019-11-08 07:00:00 EST,44.89550,-73.84502,977,20.6,20.6,9.7,90.0,18.1,0.000,0.009,0.00,0.000,8.5,12.4,1.7,287,13,9.8,14.9,2.1,287,11,9.8,14.9,2.1,287,11,4,29.00,1.4,0,0,0,42.5,44.7,46.0,0.47,0.35,0.36
ELLE,2019-11-08 07:05:00 EST,44.89550,-73.84502,977,20.7,20.6,11.4,89.6,18.1,0.000,0.009,0.00,0.000,6.5,11.3,2.0,290,13,7.5,12.5,2.1,288,11,7.5,12.5,2.1,288,11,5,29.01,1.2,0,0,0,42.4,44.7,46.0,0.47,0.34,0.36
ELLE,2019-11-08 07:10:00 EST,44.89550,-73.84502,977,20.8,20.7,10.3,89.3,18.2,0.000,0.009,0.00,0.000,8.2,13.6,2.0,286,13,9.4,15.6,2.4,287,11,9.4,15.6,2.4,287,11,4,29.01,1.1,0,0,0,42.4,44.7,46.0,0.47,0.34,0.36
ELLE,2019-11-08 07:15:00 EST,44.89550,-73.84502,977,20.8,20.7,9.3,88.9,18.1,0.000,0.009,0.00,0.000,9.1,13.1,2.0,282,10,11.0,16.1,2.7,282,8,11.0,16.1,2.7,282,8,4,29.01,1.1,0,0,0,42.4,44.7,46.0,0.47,0.34,0.36
ELLE,2019-11-08 07:20:00 EST,44.89550,-73.84502,977,20.7,20.5,10.5,89.3,18.1,0.000,0.009,0.00,0.000,7.8,12.1,2.1,291,15,8.9,16.1,2.6,290,13,8.9,16.1,2.6,290,13,6,29.02,1.2,0,0,0,42.4,44.7,46.0,0.47,0.35,0.36
ELLE,2019-11-08 07:25:00 EST,44.89550,-73.84502,977,20.5,20.3,8.5,89.2,17.8,0.000,0.009,0.00,0.000,10.7,16.7,2.5,294,15,11.6,18.4,2.7,293,14,11.6,18.4,2.7,293,14,8,29.02,1.1,0,0,0,42.5,44.6,46.0,0.47,0.34,0.36
ELLE,2019-11-08 07:30:00 EST,44.89550,-73.84502,977,20.3,20.1,9.7,89.1,17.6,0.000,0.009,0.00,0.000,8.1,12.1,1.8,287,13,9.3,15.4,2.4,287,10,9.3,15.4,2.4,287,10,11,29.02,1.3,0,0,0,42.5,44.6,46.0,0.47,0.34,0.36
ELLE,2019-11-08 07:35:00 EST,44.89550,-73.84502,977,20.1,19.9,8.4,89.0,17.4,0.000,0.009,0.00,0.000,9.9,15.6,2.2,292,13,11.0,17.7,2.6,291,12,11.0,17.7,2.6,291,12,12,29.03,1.2,0,0,0,42.5,44.6,46.0,0.47,0.34,0.36
ELLE,2019-11-08 07:40:00 EST,44.89550,-73.84502,977,20.0,19.8,6.9,88.4,17.1,0.000,0.009,0.00,0.000,11.5,18.3,2.7,285,12,13.4,21.6,3.4,285,10,13.4,21.6,3.4,285,10,17,29.03,1.2,0,0,0,42.3,44.6,46.0,0.47,0.35,0.36
ELLE,2019-11-08 07:45:00 EST,44.89550,-73.84502,977,19.8,19.6,7.0,88.3,16.9,0.000,0.009,0.00,0.000,11.2,20.3,3.1,288,12,12.9,23.6,3.5,288,9,12.9,23.6,3.5,288,9,19,29.03,1.2,0,0,0,42.4,44.7,46.0,0.47,0.35,0.36
ELLE,2019-11-08 07:50:00 EST,44.89550,-73.84502,977,19.8,19.5,7.2,88.5,16.9,0.000,0.009,0.00,0.000,11.1,16.4,2.4,287,15,12.5,19.0,2.9,286,13,12.5,19.0,2.9,286,13,26,29.03,1.3,0,0,0,42.5,44.6,46.0,0.47,0.34,0.36
ELLE,2019-11-08 07:55:00 EST,44.89550,-73.84502,977,19.7,19.5,6.6,87.9,16.8,0.000,0.009,0.00,0.000,11.6,17.5,2.8,283,13,13.5,21.5,3.5,283,11,13.5,21.5,3.5,283,11,33,29.03,1.5,0,0,0,42.4,44.6,46.0,0.47,0.34,0.36
ELLE,2019-11-08 08:00:00 EST,44.89550,-73.84502,977,19.8,19.5,9.2,88.2,16.9,0.000,0.009,0.00,0.000,8.1,12.3,1.8,288,15,9.2,15.0,2.1,288,14,9.2,15.0,2.1,288,14,31,29.03,1.4,0,0,0,42.4,44.7,46.0,0.47,0.34,0.36
ELLE,2019-11-08 08:05:00 EST,44.89550,-73.84502,977,19.7,19.5,6.6,87.6,16.6,0.000,0.009,0.00,0.000,11.6,19.0,3.6,283,12,13.4,21.9,4.1,284,10,13.4,21.9,4.1,284,10,28,29.03,1.3,0,0,0,42.4,44.6,46.0,0.47,0.34,0.36
ELLE,2019-11-08 08:10:00 EST,44.89550,-73.84502,977,19.5,19.3,5.8,86.9,16.2,0.000,0.009,0.00,0.000,12.5,18.1,2.8,285,12,14.4,22.0,3.2,285,9,14.4,22.0,3.2,285,9,28,29.03,1.3,0,0,0,42.5,44.6,46.0,0.47,0.35,0.36
ELLE,2019-11-08 08:15:00 EST,44.89550,-73.84502,977,19.6,19.4,5.6,87.0,16.3,0.000,0.009,0.00,0.000,12.8,19.7,2.6,279,10,15.1,25.0,3.5,280,9,15.1,25.0,3.5,280,9,41,29.04,1.2,0,0,0,42.4,44.6,46.0,0.47,0.34,0.36
ELLE,2019-11-08 08:20:00 EST,44.89550,-73.84502,977,19.6,19.4,6.1,87.1,16.4,0.000,0.009,0.00,0.000,12.1,20.2,2.9,283,13,14.2,23.4,3.5,284,10,14.2,23.4,3.5,284,10,43,29.04,0.8,0,0,0,42.4,44.6,46.0,0.47,0.34,0.36
ELLE,2019-11-08 08:25:00 EST,44.89550,-73.84502,977,19.6,19.3,4.5,87.0,16.4,0.000,0.009,0.00,0.000,15.5,22.4,3.4,277,11,17.9,26.3,4.0,278,10,17.9,26.3,4.0,278,10,53,29.04,0.8,0,0,0,42.3,44.6,46.0,0.47,0.34,0.36
ELLE,2019-11-08 08:30:00 EST,44.89550,-73.84502,977,20.2,19.9,6.5,86.6,16.9,0.000,0.009,0.00,0.000,12.7,17.6,2.4,274,11,15.0,22.6,2.9,275,9,15.0,22.6,2.9,275,9,132,29.04,-0.1,0,0,0,42.3,44.6,46.0,0.47,0.34,0.36
ELLE,2019-11-08 08:35:00 EST,44.89550,-73.84502,977,20.0,19.7,6.2,85.1,16.3,0.000,0.009,0.00,0.000,12.6,19.0,3.0,278,12,15.0,21.4,3.4,279,10,15.0,21.4,3.4,279,10,59,29.04,-0.3,0,0,0,42.4,44.6,46.0,0.47,0.34,0.36
ELLE,2019-11-08 08:40:00 EST,44.89550,-73.84502,977,20.1,19.8,7.2,86.1,16.7,0.000,0.009,0.00,0.000,11.3,18.6,2.6,274,10,13.4,21.6,3.3,275,8,13.4,21.6,3.3,275,8,74,29.04,0.1,0,0,0,42.3,44.6,46.0,0.47,0.34,0.36
ELLE,2019-11-08 08:45:00 EST,44.89550,-73.84502,977,20.3,19.9,7.7,85.7,16.7,0.000,0.009,0.00,0.000,10.6,17.0,2.4,276,11,12.7,19.7,3.0,277,10,12.7,19.7,3.0,277,10,67,29.04,-0.3,0,0,0,42.4,44.6,46.0,0.47,0.35,0.36
ELLE,2019-11-08 08:50:00 EST,44.89550,-73.84502,977,20.2,19.8,5.5,84.9,16.4,0.000,0.009,0.00,0.000,14.7,21.8,3.7,278,10,17.4,27.9,4.4,278,8,17.4,27.9,4.4,278,8,64,29.04,0.1,0,0,0,42.4,44.6,46.0,0.47,0.34,0.36
ELLE,2019-11-08 08:55:00 EST,44.89550,-73.84502,977,20.2,19.7,5.4,84.4,16.2,0.000,0.009,0.00,0.000,15.3,22.1,2.7,272,11,17.5,24.0,3.1,272,10,17.5,24.0,3.1,272,10,73,29.04,0.4,0,0,0,42.4,44.6,46.0,0.47,0.34,0.36
ELLE,2019-11-08 09:00:00 EST,44.89550,-73.84502,977,20.2,19.8,6.6,84.6,16.3,0.000,0.009,0.00,0.000,12.5,18.6,2.3,273,12,14.5,22.1,2.8,274,11,14.5,22.1,2.8,274,11,58,29.04,-0.0,0,0,0,42.4,44.6,45.9,0.47,0.34,0.36
ELLE,2019-11-08 09:05:00 EST,44.89550,-73.84502,977,20.3,19.9,8.1,85.6,16.7,0.000,0.009,0.00,0.000,10.1,14.0,2.0,276,13,11.9,17.8,2.5,277,10,11.9,17.8,2.5,277,10,44,29.04,0.3,0,0,0,42.4,44.6,45.9,0.47,0.34,0.36
ELLE,2019-11-08 09:10:00 EST,44.89550,-73.84502,977,20.2,19.8,6.7,85.5,16.5,0.000,0.009,0.00,0.000,12.3,20.4,3.1,276,9,14.3,24.3,3.7,275,8,14.3,24.3,3.7,275,8,35,29.04,-0.0,0,0,0,42.4,44.6,46.0,0.47,0.35,0.36
ELLE,2019-11-08 09:15:00 EST,44.89550,-73.84502,977,20.1,19.8,6.6,86.2,16.6,0.000,0.009,0.00,0.000,12.4,17.2,2.7,275,11,14.6,20.9,3.4,276,10,14.6,20.9,3.4,276,10,43,29.05,-0.3,0,0,0,42.4,44.6,45.9,0.47,0.34,0.36
ELLE,2019-11-08 09:20:00 EST,44.89550,-73.84502,977,20.1,19.7,6.8,85.5,16.4,0.000,0.009,0.00,0.000,12.1,18.0,2.3,276,10,13.9,19.1,2.7,277,9,13.9,19.1,2.7,277,9,44,29.05,-0.4,0,0,0,42.4,44.6,46.0,0.47,0.34,0.36
ELLE,2019-11-08 09:25:00 EST,44.89550,-73.84502,977,20.1,19.9,7.1,86.0,16.6,0.000,0.009,0.00,0.000,11.4,16.7,2.3,270,11,13.5,21.3,2.8,271,9,13.5,21.3,2.8,271,9,32,29.05,-0.2,0,0,0,42.3,44.6,45.9,0.47,0.34,0.36
ELLE,2019-11-08 09:30:00 EST,44.89550,-73.84502,977,20.2,19.9,7.8,85.9,16.7,0.000,0.009,0.00,0.000,10.7,18.4,2.6,276,12,12.3,21.6,3.1,277,10,12.3,21.6,3.1,277,10,50,29.05,0.5,0,0,0,42.4,44.6,45.9,0.47,0.34,0.36
ELLE,2019-11-08 09:35:00 EST,44.89550,-73.84502,977,20.5,20.2,8.0,85.9,17.0,0.012,0.021,0.00,0.012,10.9,15.5,1.8,277,12,12.7,18.2,2.4,277,11,12.7,18.2,2.4,277,11,76,29.05,1.1,0,0,0,42.3,44.6,45.9,0.47,0.34,0.36
ELLE,2019-11-08 09:40:00 EST,44.89550,-73.84502,977,20.7,20.3,9.4,86.1,17.2,0.001,0.022,0.00,0.013,9.3,14.3,2.1,282,13,10.6,16.6,2.5,281,11,10.6,16.6,2.5,281,11,57,29.05,-0.1,0,0,0,42.3,44.6,45.9,0.47,0.34,0.36
ELLE,2019-11-08 09:45:00 EST,44.89550,-73.84502,977,20.6,20.3,8.5,86.1,17.1,0.000,0.022,0.00,0.013,10.3,15.9,3.1,283,12,11.9,18.9,3.5,283,12,11.9,18.9,3.5,283,12,28,29.05,-0.4,0,0,0,42.3,44.6,45.9,0.47,0.34,0.36
ELLE,2019-11-08 09:50:00 EST,44.89550,-73.84502,977,20.5,20.3,8.7,87.6,17.5,0.006,0.028,0.00,0.019,9.8,14.0,1.8,277,11,11.4,16.4,2.4,277,10,11.4,16.4,2.4,277,10,34,29.05,,0,0,0,42.3,44.6,45.9,0.47,0.34,0.36
ELLE,2019-11-08 09:55:00 EST,44.89550,-73.84502,977,20.8,20.5,8.7,88.6,18.0,0.002,0.030,0.00,0.021,10.4,17.7,3.3,277,11,12.2,21.8,4.0,278,10,12.2,21.8,4.0,278,10,70,29.05,,0,0,0,42.3,44.6,45.9,0.47,0.34,0.36
ELLE,2019-11-08 10:00:00 EST,44.89550,-73.84502,977,21.1,20.7,8.3,87.3,17.9,0.002,0.032,0.00,0.023,11.5,16.5,2.6,273,13,13.4,19.4,3.2,274,11,13.4,19.4,3.2,274,11,80,29.05,0.1,0,0,0,42.3,44.6,45.9,0.47,0.34,0.36
ELLE,2019-11-08 10:05:00 EST,44.89550,-73.84502,977,21.1,20.7,8.1,87.9,18.1,0.000,0.032,0.00,0.023,11.9,20.2,3.4,275,10,13.9,23.3,4.0,275,9,13.9,23.3,4.0,275,9,73,29.05,1.4,0,0,0,42.3,44.6,45.9,0.47,0.35,0.36
ELLE,2019-11-08 10:10:00 EST,44.89550,-73.84502,977,21.1,20.8,8.5,86.9,17.8,0.000,0.032,0.00,0.023,11.6,20.4,2.9,284,13,13.1,22.1,3.1,283,12,13.1,22.1,3.1,283,12,57,29.06,,0,0,0,42.4,44.6,45.9,0.47,0.34,0.36
ELLE,2019-11-08 10:15:00 EST,44.89550,-73.84502,977,20.9,20.6,7.4,85.3,17.2,0.000,0.032,0.00,0.023,13.5,20.5,2.6,287,13,15.0,22.7,3.2,287,11,15.0,22.7,3.2,287,11,45,29.06,-0.1,0,0,0,42.3,44.6,45.9,0.47,0.34,0.36
ELLE,2019-11-08 10:20:00 EST,44.89550,-73.84502,977,21.0,20.7,9.5,86.6,17.6,0.007,0.039,0.00,0.030,10.0,15.5,2.1,292,11,11.0,16.7,2.3,291,11,11.0,16.7,2.3,291,11,49,29.06,0.0,0,0,0,42.4,44.6,45.9,0.47,0.34,0.36
ELLE,2019-11-08 10:25:00 EST,44.89550,-73.84502,977,21.1,20.8,8.1,85.7,17.5,0.002,0.041,0.00,0.031,12.0,17.9,2.4,277,12,13.9,20.8,3.1,278,11,13.9,20.8,3.1,278,11,76,29.06,-0.4,0,0,0,42.4,44.6,45.9,0.47,0.34,0.36
ELLE,2019-11-08 10:30:00 EST,44.89550,-73.84502,977,21.2,20.9,7.7,84.0,17.2,0.000,0.041,0.00,0.031,13.2,19.4,2.6,276,10,15.3,22.2,3.2,276,8,15.3,22.2,3.2,276,8,111,29.06,-0.4,0,0,0,42.4,44.6,45.9,0.47,0.34,0.36
ELLE,2019-11-08 10:35:00 EST,44.89550,-73.84502,977,21.2,20.9,8.7,83.9,17.1,0.000,0.041,0.00,0.019,11.4,17.1,2.4,272,13,13.0,19.6,2.9,272,11,13.0,19.6,2.9,272,11,71,29.06,-0.3,0,0,0,42.4,44.6,45.9,0.47,0.34,0.36
ELLE,2019-11-08 10:40:00 EST,44.89550,-73.84502,977,21.2,20.9,8.8,83.7,17.1,0.000,0.041,0.00,0.019,11.5,18.6,3.1,278,13,12.9,21.9,3.6,277,12,12.9,21.9,3.6,277,12,64,29.06,-0.3,0,0,0,42.4,44.6,45.9,0.47,0.34,0.36
ELLE,2019-11-08 10:45:00 EST,44.89550,-73.84502,977,21.1,20.8,9.0,83.1,16.8,0.000,0.041,0.00,0.019,10.5,16.7,2.2,279,16,12.0,18.7,2.6,277,14,12.0,18.7,2.6,277,14,85,29.06,-0.3,0,0,0,42.3,44.6,45.9,0.47,0.34,0.36
ELLE,2019-11-08 10:50:00 EST,44.89550,-73.84502,977,21.5,21.1,9.2,82.8,17.1,0.000,0.041,0.00,0.013,11.0,16.4,2.3,276,9,12.8,19.5,3.0,276,8,12.8,19.5,3.0,276,8,171,29.06,-0.2,0,0,0,42.3,44.6,45.9,0.47,0.34,0.36
ELLE,2019-11-08 10:55:00 EST,44.89550,-73.84502,977,22.2,21.6,9.6,81.1,17.3,0.000,0.041,0.00,0.011,12.0,18.1,2.9,277,12,13.7,21.9,3.6,277,10,13.7,21.9,3.6,277,10,179,29.06,0.5,0,0,0,42.3,44.5,45.9,0.47,0.34,0.36
ELLE,2019-11-08 11:00:00 EST,44.89550,-73.84502,977,21.8,21.3,7.6,80.5,16.7,0.000,0.041,0.00,0.008,14.9,22.1,2.9,273,7,17.1,25.8,3.4,274,6,17.1,25.8,3.4,274,6,113,29.06,-0.4,0,0,0,42.4,44.6,45.9,0.47,0.34,0.36
ELLE,2019-11-08 11:05:00 EST,44.89550,-73.84502,977,21.4,21.0,8.7,81.7,16.7,0.000,0.041,0.00,0.008,12.2,17.5,2.2,280,14,13.6,19.2,2.9,280,13,13.6,19.2,2.9,280,13,75,29.06,0.6,0,0,0,42.3,44.5,45.9,0.47,0.35,0.36
ELLE,2019-11-08 11:10:00 EST,44.89550,-73.84502,977,21.5,21.2,7.8,82.1,16.9,0.000,0.041,0.00,0.008,14.1,22.9,3.6,269,10,16.0,24.6,4.2,268,9,16.0,24.6,4.2,268,9,71,29.05,0.9,0,0,0,42.4,44.6,45.9,0.47,0.34,0.36
ELLE,2019-11-08 11:15:00 EST,44.89550,-73.84502,977,21.4,21.1,7.5,82.5,16.9,0.000,0.041,0.00,0.008,14.3,21.4,3.6,281,13,16.1,25.4,4.1,281,11,16.1,25.4,4.1,281,11,73,29.05,0.9,0,0,0,42.3,44.6,45.9,0.47,0.34,0.36
ELLE,2019-11-08 11:20:00 EST,44.89550,-73.84502,977,21.4,21.0,9.2,82.9,17.0,0.000,0.041,0.00,0.002,11.2,17.5,2.4,288,16,12.5,19.4,3.0,286,15,12.5,19.4,3.0,286,15,54,29.06,1.0,0,0,0,42.3,44.5,45.9,0.47,0.34,0.36
ELLE,2019-11-08 11:25:00 EST,44.89550,-73.84502,977,21.3,21.1,9.0,82.9,16.9,0.000,0.041,0.00,0.000,11.2,17.2,2.7,278,12,12.7,19.6,3.2,277,11,12.7,19.6,3.2,277,11,69,29.05,1.1,0,0,0,42.4,44.5,45.9,0.47,0.34,0.36
ELLE,2019-11-08 11:30:00 EST,44.89550,-73.84502,977,21.3,21.1,7.3,82.5,16.8,0.000,0.041,0.00,0.000,14.5,21.4,3.2,266,9,16.5,25.4,3.7,267,7,16.5,25.4,3.7,267,7,65,29.05,1.3,0,0,0,42.4,44.5,45.9,0.47,0.35,0.36
ELLE,2019-11-08 11:35:00 EST,44.89550,-73.84502,977,21.4,21.1,6.6,82.3,16.8,0.000,0.041,0.00,0.000,16.0,23.2,3.0,274,9,18.3,27.6,3.8,275,7,18.3,27.6,3.8,275,7,118,29.05,,0,0,0,42.3,44.5,45.9,0.47,0.34,0.36
ELLE,2019-11-08 11:40:00 EST,44.89550,-73.84502,977,22.3,21.8,9.9,81.2,17.4,0.000,0.041,0.00,0.000,11.7,19.7,3.0,272,8,13.4,22.4,3.5,272,8,13.4,22.4,3.5,272,8,210,29.05,,0,0,0,42.3,44.6,45.9,0.47,0.35,0.36
ELLE,2019-11-08 11:45:00 EST,44.89550,-73.84502,977,22.2,21.8,8.9,80.8,17.2,0.000,0.041,0.00,0.000,13.3,21.1,2.6,268,9,15.2,25.0,3.1,268,8,15.2,25.0,3.1,268,8,86,29.05,,0,0,0,42.3,44.5,45.9,0.47,0.34,0.36
ELLE,2019-11-08 11:50:00 EST,44.89550,-73.84502,977,21.8,21.6,9.6,81.7,17.1,0.000,0.041,0.00,0.000,11.1,18.1,2.7,277,12,12.8,21.2,3.3,277,10,12.8,21.2,3.3,277,10,78,29.05,0.3,0,0,0,42.3,44.6,45.9,0.47,0.34,0.36
ELLE,2019-11-08 11:55:00 EST,44.89550,-73.84502,977,21.9,21.6,9.3,81.4,17.1,0.000,0.041,0.00,0.000,11.8,19.4,3.2,280,11,13.5,21.6,3.8,280,8,13.5,21.6,3.8,280,8,119,29.05,0.2,0,0,0,42.3,44.6,45.9,0.47,0.34,0.36
ELLE,2019-11-08 12:00:00 EST,44.89550,-73.84502,977,22.0,21.6,9.3,81.4,17.1,0.000,0.041,0.00,0.000,12.0,19.1,3.4,274,12,13.6,24.5,4.0,277,11,13.6,24.5,4.0,277,11,93,29.05,0.6,0,0,0,42.3,44.6,45.9,0.47,0.34,0.36
ELLE,2019-11-08 12:05:00 EST,44.89550,-73.84502,977,21.6,21.4,8.5,81.8,16.9,0.000,0.041,0.00,0.000,12.8,20.2,3.4,272,10,14.6,23.4,4.0,272,9,14.6,23.4,4.0,272,9,81,29.05,-0.1,0,0,0,42.3,44.5,45.9,0.47,0.35,0.36
ELLE,2019-11-08 12:10:00 EST,44.89550,-73.84502,977,21.7,21.5,7.6,81.7,17.0,0.000,0.041,0.00,0.000,14.6,20.3,2.6,272,9,17.0,24.3,3.2,272,7,17.0,24.3,3.2,272,7,89,29.05,0.2,0,0,0,42.3,44.5,45.9,0.47,0.34,0.36
ELLE,2019-11-08 12:15:00 EST,44.89550,-73.84502,977,22.0,21.8,9.0,81.3,17.2,0.000,0.041,0.00,0.000,12.8,20.5,2.5,276,13,14.6,23.5,2.9,275,11,14.6,23.5,2.9,275,11,90,29.05,0.6,0,0,0,42.3,44.6,45.9,0.47,0.34,0.36
ELLE,2019-11-08 12:20:00 EST,44.89550,-73.84502,977,22.5,22.2,9.6,80.8,17.5,0.000,0.041,0.00,0.000,12.9,20.0,3.0,282,12,14.7,23.3,3.6,281,10,14.7,23.3,3.6,281,10,90,29.05,0.5,0,0,0,42.3,44.5,45.9,0.47,0.34,0.36
ELLE,2019-11-08 12:25:00 EST,44.89550,-73.84502,977,22.7,22.4,9.8,80.0,17.4,0.000,0.041,0.00,0.000,12.6,17.7,2.3,280,13,14.7,21.0,2.8,279,10,14.7,21.0,2.8,279,10,77,29.05,0.9,0,0,0,42.2,44.6,45.9,0.47,0.34,0.36
ELLE,2019-11-08 12:30:00 EST,44.89550,-73.84502,977,22.8,22.4,10.4,79.9,17.5,0.000,0.041,0.00,0.000,11.7,20.3,2.2,278,12,13.6,23.5,3.0,278,8,13.6,23.5,3.0,278,8,77,29.05,0.6,0,0,0,42.2,44.5,45.9,0.47,0.35,0.36
ELLE,2019-11-08 12:35:00 EST,44.89550,-73.84502,977,22.8,22.4,10.5,80.2,17.6,0.000,0.041,0.00,0.000,11.6,17.9,2.3,276,12,13.4,20.4,2.9,276,10,13.4,20.4,2.9,276,10,73,29.05,0.4,0,0,0,42.2,44.5,45.9,0.47,0.34,0.36
ELLE,2019-11-08 12:40:00 EST,44.89550,-73.84502,977,22.7,22.4,10.0,80.8,17.7,0.000,0.041,0.00,0.000,12.6,19.7,2.1,276,13,14.3,22.1,2.6,276,10,14.3,22.1,2.6,276,10,64,29.05,-0.3,0,0,0,42.2,44.5,45.9,0.47,0.34,0.36
ELLE,2019-11-08 12:45:00 EST,44.89550,-73.84502,977,22.7,22.4,10.4,81.7,17.9,0.000,0.041,0.00,0.000,11.7,16.0,1.9,272,14,13.3,19.0,2.4,272,12,13.3,19.0,2.4,272,12,61,29.05,-0.0,0,0,0,42.3,44.5,45.9,0.47,0.34,0.36
ELLE,2019-11-08 12:50:00 EST,44.89550,-73.84502,977,22.7,22.4,10.1,82.2,18.0,0.000,0.041,0.00,0.000,12.2,17.1,2.6,267,9,13.9,20.6,2.9,268,8,13.9,20.6,2.9,268,8,51,29.05,-0.2,0,0,0,42.3,44.5,45.9,0.47,0.34,0.36
ELLE,2019-11-08 12:55:00 EST,44.89550,-73.84502,977,22.6,22.3,10.0,83.6,18.4,0.000,0.041,0.00,0.000,12.0,16.6,1.9,271,10,13.9,19.2,2.5,272,8,13.9,19.2,2.5,272,8,50,29.05,-0.4,0,0,0,42.2,44.5,45.9,0.47,0.34,0.36
ELLE,2019-11-08 13:00:00 EST,44.89550,-73.84502,977,22.4,22.2,9.5,85.0,18.6,0.009,0.049,0.00,0.009,12.7,17.0,1.8,276,10,14.6,20.8,2.2,276,8,14.6,20.8,2.2,276,8,51,29.05,-0.1,0,0,0,42.3,44.5,45.9,0.47,0.34,0.36
ELLE,2019-11-08 13:05:00 EST,44.89550,-73.84502,977,22.6,22.3,10.0,86.7,19.2,0.003,0.052,0.00,0.011,12.3,18.0,2.6,266,9,13.8,20.9,3.1,266,8,13.8,20.9,3.1,266,8,82,29.05,-0.1,0,0,0,42.1,44.5,45.9,0.47,0.34,0.36
ELLE,2019-11-08 13:10:00 EST,44.89550,-73.84502,977,22.6,22.4,10.5,86.5,19.2,0.000,0.052,0.00,0.011,11.5,18.0,3.0,271,11,13.0,20.9,3.5,271,9,13.0,20.9,3.5,271,9,68,29.05,-0.5,0,0,0,42.2,44.4,45.9,0.47,0.34,0.36
ELLE,2019-11-08 13:15:00 EST,44.89550,-73.84502,977,22.6,22.3,9.7,87.6,19.5,0.000,0.052,0.00,0.011,12.7,18.6,1.8,273,11,14.6,21.1,2.3,273,8,14.6,21.1,2.3,273,8,74,29.05,-0.4,0,0,0,42.3,44.6,45.9,0.47,0.34,0.36
ELLE,2019-11-08 13:20:00 EST,44.89550,-73.84502,977,22.8,22.6,9.9,84.8,18.9,0.000,0.052,0.00,0.011,13.1,19.3,2.4,268,11,14.9,21.0,2.7,269,9,14.9,21.0,2.7,269,9,67,29.05,-0.2,0,0,0,42.2,44.5,45.9,0.47,0.34,0.36
ELLE,2019-11-08 13:25:00 EST,44.89550,-73.84502,977,23.0,22.8,10.6,83.8,18.8,0.000,0.052,0.00,0.011,12.0,16.9,2.2,271,11,13.8,20.1,2.8,272,9,13.8,20.1,2.8,272,9,70,29.05,0.3,0,0,0,42.1,44.6,45.9,0.47,0.34,0.36
ELLE,2019-11-08 13:30:00 EST,44.89550,-73.84502,977,23.0,22.7,11.9,83.9,18.8,0.007,0.059,0.00,0.019,9.9,16.6,2.1,272,14,11.2,18.5,2.5,272,12,11.2,18.5,2.5,272,12,60,29.05,0.8,0,0,0,42.2,44.5,45.9,0.47,0.34,0.36
ELLE,2019-11-08 13:35:00 EST,44.89550,-73.84502,977,22.9,22.7,10.8,83.9,18.8,0.001,0.060,0.00,0.020,11.8,17.8,3.1,270,14,13.2,20.5,3.5,271,12,13.2,20.5,3.5,271,12,55,29.05,-0.1,0,0,0,42.2,44.5,45.9,0.47,0.34,0.36
ELLE,2019-11-08 13:40:00 EST,44.89550,-73.84502,977,22.9,22.7,10.5,83.7,18.7,0.001,0.061,0.00,0.021,12.0,19.7,2.7,271,12,13.6,23.7,3.2,272,10,13.6,23.7,3.2,272,10,53,29.05,0.1,0,0,0,42.2,44.5,45.9,0.47,0.34,0.36
ELLE,2019-11-08 13:45:00 EST,44.89550,-73.84502,977,22.8,22.7,10.0,83.5,18.6,0.000,0.061,0.00,0.021,12.9,18.9,2.8,267,10,14.7,21.7,3.3,268,8,14.7,21.7,3.3,268,8,57,29.05,-0.4,0,0,0,42.2,44.5,45.9,0.47,0.34,0.36
ELLE,2019-11-08 13:50:00 EST,44.89550,-73.84502,977,23.1,22.9,11.4,82.9,18.6,0.000,0.061,0.00,0.021,10.9,16.2,2.2,270,10,12.4,19.4,2.9,270,9,12.4,19.4,2.9,270,9,89,29.05,-0.1,0,0,0,42.2,44.5,45.9,0.47,0.34,0.36
ELLE,2019-11-08 13:55:00 EST,44.89550,-73.84502,977,23.1,22.9,10.9,82.5,18.5,0.000,0.061,0.00,0.021,11.6,18.9,2.7,268,11,13.2,22.0,3.1,269,9,13.2,22.0,3.1,269,9,68,29.05,1.3,0,0,0,42.2,44.5,45.9,0.47,0.34,0.36
ELLE,2019-11-08 14:00:00 EST,44.89550,-73.84502,977,23.0,22.9,10.6,82.6,18.5,0.000,0.061,0.00,0.012,12.0,19.4,2.6,267,11,13.8,22.9,3.2,268,9,13.8,22.9,3.2,268,9,62,29.05,1.2,0,0,0,42.2,44.5,45.9,0.47,0.35,0.36
ELLE,2019-11-08 14:05:00 EST,44.89550,-73.84502,977,23.1,22.9,11.5,83.2,18.8,0.000,0.061,0.00,0.009,10.5,14.0,2.0,269,9,12.1,17.7,2.4,270,8,12.1,17.7,2.4,270,8,61,29.05,,0,0,0,42.3,44.6,45.9,0.47,0.34,0.36
ELLE,2019-11-08 14:10:00 EST,44.89550,-73.84502,977,23.3,23.0,11.2,84.9,19.4,0.000,0.061,0.00,0.009,11.8,18.3,2.7,280,13,13.2,21.1,3.1,280,11,13.2,21.1,3.1,280,11,118,29.05,,0,0,0,42.1,44.5,45.9,0.47,0.34,0.36
ELLE,2019-11-08 14:15:00 EST,44.89550,-73.84502,977,23.2,23.0,12.6,86.2,19.7,0.000,0.061,0.00,0.009,9.1,13.8,1.9,273,13,10.5,16.6,2.2,274,11,10.5,16.6,2.2,274,11,48,29.05,0.1,0,0,0,42.2,44.5,45.9,0.47,0.34,0.36
ELLE,2019-11-08 14:20:00 EST,44.89550,-73.84502,977,23.1,22.9,10.3,87.2,19.8,0.000,0.061,0.00,0.009,12.7,18.5,2.6,275,11,14.8,22.0,3.1,276,9,14.8,22.0,3.1,276,9,22,29.05,0.9,0,0,0,42.3,44.5,45.9,0.47,0.34,0.36
ELLE,2019-11-08 14:25:00 EST,44.89550,-73.84502,977,22.8,22.6,11.0,90.8,20.5,0.015,0.077,0.00,0.025,10.8,15.3,2.2,275,11,12.4,17.7,2.6,275,10,12.4,17.7,2.6,275,10,54,29.05,-0.2,0,0,0,42.2,44.6,45.9,0.47,0.34,0.36
ELLE,2019-11-08 14:30:00 EST,44.89550,-73.84502,977,22.9,22.7,11.5,92.5,21.0,0.003,0.080,0.00,0.021,10.1,15.2,2.0,269,10,11.5,17.6,2.6,269,9,11.5,17.6,2.6,269,9,59,29.06,-0.3,0,0,0,42.2,44.5,45.9,0.47,0.35,0.36
ELLE,2019-11-08 14:35:00 EST,44.89550,-73.84502,977,22.8,22.7,11.4,92.3,21.0,0.006,0.085,0.00,0.025,10.5,16.5,2.4,273,11,11.8,19.3,3.0,273,10,11.8,19.3,3.0,273,10,22,29.06,,0,0,0,42.1,44.5,45.9,0.47,0.34,0.36
ELLE,2019-11-08 14:40:00 EST,44.89550,-73.84502,977,22.9,22.7,11.9,92.7,21.1,0.003,0.088,0.00,0.027,9.6,15.5,1.8,277,12,10.9,18.5,2.2,276,11,10.9,18.5,2.2,276,11,45,29.06,,0,0,0,42.1,44.5,45.9,0.47,0.34,0.36
ELLE,2019-11-08 14:45:00 EST,44.89550,-73.84502,977,22.9,22.9,11.9,91.9,20.9,0.001,0.089,0.00,0.028,9.7,15.6,1.9,279,12,11.0,17.8,2.2,279,10,11.0,17.8,2.2,279,10,46,29.06,,0,0,0,42.1,44.4,45.9,0.47,0.34,0.36
ELLE,2019-11-08 14:50:00 EST,44.89550,-73.84502,977,23.0,22.9,13.9,92.3,21.1,0.000,0.089,0.00,0.028,7.1,10.0,1.2,273,12,8.0,12.3,1.5,273,11,8.0,12.3,1.5,273,11,53,29.06,,0,0,0,42.2,44.5,45.9,0.47,0.34,0.36
ELLE,2019-11-08 14:55:00 EST,44.89550,-73.84502,977,22.9,23.0,12.5,92.1,21.0,0.005,0.094,0.00,0.033,8.8,13.7,1.8,272,10,9.9,15.4,2.3,273,10,9.9,15.4,2.3,273,10,67,29.06,1.1,0,0,0,42.2,44.4,45.9,0.47,0.34,0.36
ELLE,2019-11-08 15:00:00 EST,44.89550,-73.84502,977,23.2,23.2,11.5,90.9,20.9,0.000,0.094,0.00,0.033,10.7,17.5,2.5,272,11,12.3,19.7,3.1,273,10,12.3,19.7,3.1,273,10,100,29.06,1.4,0,0,0,42.2,44.5,45.9,0.47,0.34,0.36
ELLE,2019-11-08 15:05:00 EST,44.89550,-73.84502,977,23.3,23.4,11.9,89.0,20.5,0.000,0.094,0.00,0.033,10.4,14.0,1.7,269,8,11.9,17.2,2.1,269,7,11.9,17.2,2.1,269,7,140,29.06,1.0,0,0,0,42.1,44.5,45.9,0.47,0.34,0.36
ELLE,2019-11-08 15:10:00 EST,44.89550,-73.84502,977,23.3,23.4,12.9,88.6,20.5,0.000,0.094,0.00,0.033,9.0,15.2,1.8,266,8,10.3,15.7,2.1,266,8,10.3,15.7,2.1,266,8,147,29.07,1.2,0,0,0,42.1,44.5,45.9,0.47,0.35,0.36
ELLE,2019-11-08 15:15:00 EST,44.89550,-73.84502,977,23.6,23.7,12.3,87.2,20.4,0.000,0.094,0.00,0.033,10.5,17.8,2.3,270,11,12.0,19.6,2.8,271,9,12.0,19.6,2.8,271,9,278,29.07,1.1,0,0,0,42.2,44.5,45.9,0.47,0.34,0.36
ELLE,2019-11-08 15:20:00 EST,44.89550,-73.84502,977,23.8,23.9,11.6,84.5,19.8,0.000,0.094,0.00,0.033,12.0,17.7,2.3,266,11,13.6,19.5,2.8,266,9,13.6,19.5,2.8,266,9,319,29.07,1.2,0,0,0,42.1,44.5,45.9,0.47,0.34,0.36
ELLE,2019-11-08 15:25:00 EST,44.89550,-73.84502,977,24.0,24.1,12.0,82.4,19.4,0.000,0.094,0.00,0.017,12.0,18.6,3.1,272,10,13.6,21.7,3.7,272,8,13.6,21.7,3.7,272,8,259,29.07,1.3,0,0,0,42.2,44.5,45.9,0.47,0.34,0.36
ELLE,2019-11-08 15:30:00 EST,44.89550,-73.84502,977,24.1,24.2,12.1,80.8,19.1,0.000,0.094,0.00,0.014,12.2,18.3,2.4,279,12,13.6,19.9,2.9,278,10,13.6,19.9,2.9,278,10,66,29.07,,0,0,0,42.1,44.5,45.9,0.47,0.34,0.36
ELLE,2019-11-08 15:35:00 EST,44.89550,-73.84502,977,24.0,24.1,12.1,80.8,19.0,0.000,0.094,0.00,0.009,11.8,18.0,2.4,275,10,13.4,20.7,2.9,275,9,13.4,20.7,2.9,275,9,36,29.07,0.9,0,0,0,42.1,44.4,45.9,0.47,0.34,0.36
ELLE,2019-11-08 15:40:00 EST,44.89550,-73.84502,977,24.0,24.0,12.7,80.3,18.9,0.000,0.094,0.00,0.006,10.5,19.9,3.2,273,10,12.1,23.7,3.8,273,8,12.1,23.7,3.8,273,8,35,29.07,0.7,0,0,0,42.2,44.5,45.9,0.47,0.34,0.36
ELLE,2019-11-08 15:45:00 EST,44.89550,-73.84502,977,24.0,24.0,13.0,80.0,18.7,0.000,0.094,0.00,0.005,10.0,13.8,1.7,272,10,11.5,17.3,2.3,272,9,11.5,17.3,2.3,272,9,35,29.07,-0.7,0,0,0,42.2,44.5,45.9,0.47,0.35,0.36
ELLE,2019-11-08 15:50:00 EST,44.89550,-73.84502,977,23.9,24.0,12.0,79.3,18.4,0.000,0.094,0.00,0.005,11.4,17.4,2.1,270,9,13.1,20.1,2.6,270,9,13.1,20.1,2.6,270,9,27,29.07,-0.8,0,0,0,42.1,44.5,45.9,0.47,0.34,0.36
ELLE,2019-11-08 15:55:00 EST,44.89550,-73.84502,977,23.8,24.0,12.2,78.8,18.2,0.000,0.094,0.00,0.000,11.1,18.6,2.2,268,11,12.6,22.6,2.7,269,9,12.6,22.6,2.7,269,9,28,29.07,-0.7,0,0,0,42.2,44.5,45.9,0.47,0.34,0.36
ELLE,2019-11-08 16:00:00 EST,44.89550,-73.84502,977,23.7,24.0,12.0,78.7,18.1,0.000,0.094,0.00,0.000,11.2,18.0,2.8,273,11,12.8,22.7,3.3,272,9,12.8,22.7,3.3,272,9,22,29.07,-0.9,0,0,0,42.2,44.5,45.9,0.47,0.34,0.36
ELLE,2019-11-08 16:05:00 EST,44.89550,-73.84502,977,23.6,23.9,11.7,78.7,17.9,0.000,0.094,0.00,0.000,11.5,16.9,2.0,272,9,13.1,19.2,2.3,271,8,13.1,19.2,2.3,271,8,16,29.08,-1.0,0,0,0,42.2,44.4,45.9,0.47,0.34,0.36
ELLE,2019-11-08 16:10:00 EST,44.89550,-73.84502,977,23.6,23.9,12.5,78.9,18.1,0.000,0.094,0.00,0.000,10.3,15.6,2.0,268,9,11.6,18.3,2.3,268,8,11.6,18.3,2.3,268,8,12,29.08,-0.5,0,0,0,42.3,44.5,45.9,0.47,0.34,0.36
ELLE,2019-11-08 16:15:00 EST,44.89550,-73.84502,977,23.8,24.0,12.8,79.2,18.3,0.000,0.094,0.00,0.000,10.1,15.2,1.9,274,9,11.5,18.0,2.5,274,8,11.5,18.0,2.5,274,8,12,29.08,-0.9,0,0,0,42.1,44.5,45.9,0.47,0.34,0.36
ELLE,2019-11-08 16:20:00 EST,44.89550,-73.84502,977,23.9,24.0,12.3,79.1,18.4,0.000,0.094,0.00,0.000,11.0,16.4,2.2,272,8,12.7,20.0,2.7,272,7,12.7,20.0,2.7,272,7,10,29.08,-0.3,0,0,0,42.2,44.4,45.9,0.47,0.34,0.36
ELLE,2019-11-08 16:25:00 EST,44.89550,-73.84502,977,23.7,23.9,13.5,78.7,18.1,0.000,0.094,0.00,0.000,8.8,13.7,1.7,272,10,10.0,16.2,2.1,271,9,10.0,16.2,2.1,271,9,10,29.08,-0.9,0,0,0,42.2,44.4,45.9,0.47,0.34,0.36
ELLE,2019-11-08 16:30:00 EST,44.89550,-73.84502,977,23.7,23.9,12.5,78.9,18.2,0.000,0.094,0.00,0.000,10.3,15.4,2.1,272,11,11.8,17.4,2.6,271,8,11.8,17.4,2.6,271,8,6,29.08,-0.8,0,0,0,42.1,44.5,45.9,0.47,0.35,0.36
ELLE,2019-11-08 16:35:00 EST,44.89550,-73.84502,977,23.7,23.9,12.4,78.6,18.0,0.000,0.094,0.00,0.000,10.4,14.2,1.6,275,9,11.8,16.9,2.0,275,7,11.8,16.9,2.0,275,7,4,29.09,-0.7,0,0,0,42.1,44.5,45.9,0.47,0.34,0.36
ELLE,2019-11-08 16:40:00 EST,44.89550,-73.84502,977,23.5,23.8,13.2,78.7,17.9,0.000,0.094,0.00,0.000,8.9,12.1,1.2,269,9,10.1,14.5,1.6,269,7,10.1,14.5,1.6,269,7,2,29.09,-0.7,0,0,0,42.2,44.5,45.9,0.47,0.34,0.36
ELLE,2019-11-08 16:45:00 EST,44.89550,-73.84502,977,23.4,23.8,11.9,78.4,17.7,0.000,0.094,0.00,0.000,10.8,14.9,1.9,267,10,12.2,17.1,2.3,267,9,12.2,17.1,2.3,267,9,2,29.09,-0.6,0,0,0,42.2,44.5,45.9,0.47,0.34,0.36
ELLE,2019-11-08 16:50:00 EST,44.89550,-73.84502,977,23.4,23.7,13.4,78.6,17.8,0.000,0.094,0.00,0.000,8.3,13.4,1.7,272,9,9.5,15.8,2.0,272,7,9.5,15.8,2.0,272,7,1,29.09,-0.4,0,0,0,42.2,44.5,45.9,0.47,0.34,0.36
ELLE,2019-11-08 16:55:00 EST,44.89550,-73.84502,977,23.3,23.7,13.6,78.5,17.6,0.000,0.094,0.00,0.000,8.0,11.0,1.2,273,11,9.0,12.9,1.6,272,10,9.0,12.9,1.6,272,10,0,29.09,-0.2,0,0,0,42.2,44.5,45.9,0.47,0.34,0.36
ELLE,2019-11-08 17:00:00 EST,44.89550,-73.84502,977,23.4,23.7,13.5,78.9,17.8,0.000,0.094,0.00,0.000,8.0,11.8,1.7,275,11,9.2,14.6,2.1,274,11,9.2,14.6,2.1,274,11,0,29.09,-0.1,0,0,0,42.1,44.5,45.9,0.47,0.34,0.36
ELLE,2019-11-08 17:05:00 EST,44.89550,-73.84502,977,23.6,23.8,13.1,78.6,18.0,0.000,0.094,0.00,0.000,9.1,14.5,2.2,274,10,10.4,16.8,2.7,274,8,10.4,16.8,2.7,274,8,0,29.10,-0.2,0,0,0,42.1,44.4,45.9,0.47,0.34,0.36
ELLE,2019-11-08 17:10:00 EST,44.89550,-73.84502,977,23.8,23.9,13.2,78.0,18.0,0.000,0.094,0.00,0.000,9.3,13.4,1.7,271,9,10.7,15.4,2.1,270,8,10.7,15.4,2.1,270,8,0,29.10,-0.1,0,0,0,42.2,44.5,45.8,0.47,0.34,0.36
ELLE,2019-11-08 17:15:00 EST,44.89550,-73.84502,977,23.8,23.9,13.8,78.1,18.0,0.000,0.094,0.00,0.000,8.5,13.2,1.7,275,9,9.6,14.9,2.0,274,8,9.6,14.9,2.0,274,8,0,29.10,0.2,0,0,0,42.1,44.5,45.9,0.47,0.34,0.36
ELLE,2019-11-08 17:20:00 EST,44.89550,-73.84502,977,23.7,23.9,13.9,78.0,17.9,0.000,0.094,0.00,0.000,8.1,13.4,2.0,273,10,9.3,15.7,2.4,272,9,9.3,15.7,2.4,272,9,0,29.10,-0.3,0,0,0,42.2,44.5,45.9,0.47,0.34,0.36
ELLE,2019-11-08 17:25:00 EST,44.89550,-73.84502,977,23.6,23.9,13.3,77.9,17.7,0.000,0.094,0.00,0.000,8.9,12.6,1.4,271,13,10.1,14.9,1.8,271,11,10.1,14.9,1.8,271,11,0,29.10,-0.5,0,0,0,42.1,44.5,45.9,0.47,0.34,0.36
ELLE,2019-11-08 17:30:00 EST,44.89550,-73.84502,977,23.4,23.8,12.6,77.8,17.4,0.000,0.094,0.00,0.000,9.5,18.2,3.0,277,11,10.8,20.1,3.5,276,9,10.8,20.1,3.5,276,9,0,29.10,-0.6,0,0,0,42.1,44.5,45.9,0.47,0.34,0.36
ELLE,2019-11-08 17:35:00 EST,44.89550,-73.84502,977,23.1,23.7,13.0,77.1,17.0,0.000,0.094,0.00,0.000,8.4,14.4,2.3,271,13,9.4,16.2,2.7,271,12,9.4,16.2,2.7,271,12,0,29.10,1.0,0,0,0,42.1,44.5,45.9,0.47,0.34,0.36
ELLE,2019-11-08 17:40:00 EST,44.89550,-73.84502,977,22.9,23.6,12.1,77.8,17.0,0.000,0.094,0.00,0.000,9.2,16.7,2.5,276,12,10.6,19.7,2.9,275,10,10.6,19.7,2.9,275,10,0,29.11,0.3,0,0,0,42.2,44.5,45.9,0.47,0.34,0.36
ELLE,2019-11-08 17:45:00 EST,44.89550,-73.84502,977,22.6,23.3,12.3,77.5,16.6,0.000,0.094,0.00,0.000,8.3,12.5,1.4,267,9,9.5,14.1,1.8,268,8,9.5,14.1,1.8,268,8,0,29.11,0.5,0,0,0,42.2,44.4,45.8,0.47,0.35,0.36
ELLE,2019-11-08 17:50:00 EST,44.89550,-73.84502,977,22.5,23.3,12.4,78.1,16.7,0.000,0.094,0.00,0.000,8.1,10.7,1.1,264,8,9.2,12.7,1.5,264,7,9.2,12.7,1.5,264,7,0,29.11,1.0,0,0,0,42.1,44.5,45.9,0.47,0.34,0.36
ELLE,2019-11-08 17:55:00 EST,44.89550,-73.84502,977,22.1,23.1,11.9,78.5,16.4,0.000,0.094,0.00,0.000,8.3,14.0,1.5,262,9,9.3,16.0,1.8,262,7,9.3,16.0,1.8,262,7,0,29.11,1.1,0,0,0,42.2,44.5,45.8,0.47,0.34,0.36
ELLE,2019-11-08 18:00:00 EST,44.89550,-73.84502,977,21.9,22.9,11.8,79.2,16.4,0.000,0.094,0.00,0.000,8.2,10.4,0.9,259,7,9.1,12.8,1.2,259,6,9.1,12.8,1.2,259,6,0,29.11,1.2,0,0,0,42.1,44.5,45.8,0.47,0.34,0.36
ELLE,2019-11-08 18:05:00 EST,44.89550,-73.84502,977,21.3,22.7,11.5,79.6,16.0,0.000,0.094,0.00,0.000,7.8,10.7,0.9,255,6,8.5,11.7,1.0,255,6,8.5,11.7,1.0,255,6,0,29.11,1.1,0,0,0,42.1,44.5,45.8,0.47,0.34,0.36
ELLE,2019-11-08 18:10:00 EST,44.89550,-73.84502,977,20.6,22.5,10.8,80.5,15.6,0.000,0.094,0.00,0.000,7.6,9.1,0.6,252,5,8.3,10.2,0.7,252,4,8.3,10.2,0.7,252,4,0,29.12,1.3,0,0,0,42.2,44.5,45.8,0.47,0.34,0.36
ELLE,2019-11-08 18:15:00 EST,44.89550,-73.84502,977,20.6,22.3,10.3,81.8,15.9,0.000,0.094,0.00,0.000,8.2,10.5,0.8,253,5,8.8,12.4,0.9,252,4,8.8,12.4,0.9,252,4,0,29.12,1.4,0,0,0,42.1,44.5,45.8,0.47,0.35,0.36
ELLE,2019-11-08 18:20:00 EST,44.89550,-73.84502,977,20.8,22.3,10.1,82.3,16.2,0.000,0.094,0.00,0.000,8.7,11.3,0.9,254,6,9.5,13.1,1.1,254,5,9.5,13.1,1.1,254,5,0,29.12,1.3,0,0,0,42.2,44.5,45.7,0.47,0.34,0.36
ELLE,2019-11-08 18:25:00 EST,44.89550,-73.84502,977,20.9,22.2,10.5,81.7,16.2,0.000,0.094,0.00,0.000,8.5,10.7,0.9,253,6,9.2,11.8,1.0,253,5,9.2,11.8,1.0,253,5,0,29.12,,0,0,0,42.1,44.5,45.8,0.47,0.35,0.36
ELLE,2019-11-08 18:30:00 EST,44.89550,-73.84502,977,20.3,22.0,10.0,81.8,15.6,0.000,0.094,0.00,0.000,8.2,10.4,0.9,252,5,8.8,11.6,1.0,252,5,8.8,11.6,1.0,252,5,0,29.12,,0,0,0,42.1,44.5,45.8,0.47,0.34,0.36
ELLE,2019-11-08 18:35:00 EST,44.89550,-73.84502,977,19.8,21.7,10.0,82.5,15.4,0.000,0.094,0.00,0.000,7.4,9.4,0.7,249,5,8.0,10.8,0.8,250,5,8.0,10.8,0.8,250,5,0,29.12,,0,0,0,42.2,44.4,45.7,0.47,0.34,0.36
ELLE,2019-11-08 18:40:00 EST,44.89550,-73.84502,977,18.7,21.4,8.4,83.7,14.5,0.000,0.094,0.00,0.000,7.9,9.3,0.5,246,4,8.3,9.8,0.6,246,3,8.3,9.8,0.6,246,3,0,29.12,,0,0,0,42.1,44.5,45.8,0.47,0.34,0.36
ELLE,2019-11-08 18:45:00 EST,44.89550,-73.84502,977,18.7,21.4,8.1,84.6,14.8,0.000,0.094,0.00,0.000,8.3,9.9,0.5,248,4,8.8,10.8,0.5,248,4,8.8,10.8,0.5,248,4,0,29.12,1.2,0,0,0,42.2,44.3,45.7,0.47,0.34,0.36
ELLE,2019-11-08 18:50:00 EST,44.89550,-73.84502,977,19.0,21.1,8.7,84.9,15.2,0.000,0.094,0.00,0.000,7.8,9.3,0.6,253,5,8.4,10.0,0.7,253,4,8.4,10.0,0.7,253,4,0,29.13,,0,0,0,42.1,44.5,45.7,0.47,0.34,0.36
ELLE,2019-11-08 18:55:00 EST,44.89550,-73.84502,977,19.1,21.2,8.9,85.3,15.4,0.000,0.094,0.00,0.000,7.7,10.2,0.7,253,4,8.3,11.9,0.8,253,4,8.3,11.9,0.8,253,4,0,29.13,1.5,0,0,0,42.1,44.5,45.7,0.47,0.34,0.36
ELLE,2019-11-08 19:00:00 EST,44.89550,-73.84502,977,19.3,21.1,9.2,85.4,15.6,0.000,0.094,0.00,0.000,7.6,9.6,0.6,254,4,8.2,10.5,0.8,254,4,8.2,10.5,0.8,254,4,0,29.13,-0.3,0,0,0,42.1,44.4,45.7,0.47,0.34,0.36
ELLE,2019-11-08 19:05:00 EST,44.89550,-73.84502,977,19.8,21.3,9.9,85.6,16.2,0.000,0.094,0.00,0.000,7.5,9.4,0.8,252,5,8.1,10.4,0.8,252,4,8.1,10.4,0.8,252,4,0,29.13,-0.4,0,0,0,42.1,44.5,45.7,0.47,0.34,0.36
ELLE,2019-11-08 19:10:00 EST,44.89550,-73.84502,977,20.5,21.5,10.6,85.7,16.9,0.000,0.094,0.00,0.000,7.7,9.9,0.8,253,6,8.4,12.0,1.0,253,5,8.4,12.0,1.0,253,5,0,29.13,-0.2,0,0,0,42.1,44.4,45.7,0.47,0.34,0.36
ELLE,2019-11-08 19:15:00 EST,44.89550,-73.84502,977,20.6,21.6,10.7,85.1,16.8,0.000,0.094,0.00,0.000,7.7,11.0,0.9,252,5,8.4,13.0,1.1,252,4,8.4,13.0,1.1,252,4,0,29.13,-0.1,0,0,0,42.2,44.4,45.7,0.47,0.34,0.36
ELLE,2019-11-08 19:20:00 EST,44.89550,-73.84502,977,21.5,22.2,11.2,85.5,17.8,0.000,0.094,0.00,0.000,8.5,11.5,1.1,252,6,9.2,12.8,1.2,252,5,9.2,12.8,1.2,252,5,0,29.13,-0.1,0,0,0,42.1,44.4,45.7,0.47,0.34,0.36
ELLE,2019-11-08 19:25:00 EST,44.89550,-73.84502,977,21.5,22.3,11.3,84.3,17.5,0.000,0.094,0.00,0.000,8.6,10.5,0.8,249,7,9.2,12.3,1.0,250,7,9.2,12.3,1.0,250,7,0,29.13,-0.1,0,0,0,42.2,44.3,45.7,0.47,0.34,0.36
ELLE,2019-11-08 19:30:00 EST,44.89550,-73.84502,977,21.3,22.4,10.8,84.0,17.2,0.000,0.094,0.00,0.000,8.7,12.1,1.2,250,7,9.4,12.2,1.3,250,7,9.4,12.2,1.3,250,7,0,29.13,-0.1,0,0,0,42.1,44.3,45.7,0.47,0.34,0.36
ELLE,2019-11-08 19:35:00 EST,44.89550,-73.84502,977,21.4,22.6,11.0,83.2,17.1,0.000,0.094,0.00,0.000,8.7,12.0,1.2,256,8,9.4,14.4,1.4,257,8,9.4,14.4,1.4,257,8,0,29.13,-0.1,0,0,0,42.1,44.3,45.7,0.47,0.34,0.36
ELLE,2019-11-08 19:40:00 EST,44.89550,-73.84502,977,21.5,22.6,10.9,82.2,16.9,0.000,0.094,0.00,0.000,9.0,11.5,0.8,256,7,9.8,12.9,1.1,256,6,9.8,12.9,1.1,256,6,0,29.13,-0.2,0,0,0,42.1,44.4,45.7,0.47,0.34,0.36
ELLE,2019-11-08 19:45:00 EST,44.89550,-73.84502,977,21.2,22.4,10.5,81.4,16.4,0.000,0.094,0.00,0.000,9.1,11.9,1.1,253,6,9.8,12.6,1.2,254,5,9.8,12.6,1.2,254,5,0,29.13,-0.3,0,0,0,42.1,44.4,45.7,0.47,0.34,0.36
ELLE,2019-11-08 19:50:00 EST,44.89550,-73.84502,977,21.1,22.2,10.9,82.0,16.5,0.000,0.094,0.00,0.000,8.2,9.9,0.8,257,7,8.9,11.8,1.1,257,6,8.9,11.8,1.1,257,6,0,29.13,-0.3,0,0,0,42.2,44.3,45.7,0.47,0.34,0.36
ELLE,2019-11-08 19:55:00 EST,44.89550,-73.84502,977,20.9,22.0,10.2,81.6,16.1,0.000,0.094,0.00,0.000,8.7,11.3,1.1,258,7,9.5,13.1,1.3,258,5,9.5,13.1,1.3,258,5,0,29.13,-0.5,0,0,0,42.1,44.3,45.7,0.47,0.34,0.36
ELLE,2019-11-08 20:00:00 EST,44.89550,-73.84502,977,20.7,21.9,10.4,81.7,16.0,0.000,0.094,0.00,0.000,8.3,10.2,0.7,255,6,9.0,10.7,0.9,255,5,9.0,10.7,0.9,255,5,0,29.13,-0.6,0,0,0,42.1,44.4,45.7,0.47,0.34,0.36
ELLE,2019-11-08 20:05:00 EST,44.89550,-73.84502,977,20.4,21.8,10.2,82.1,15.8,0.000,0.094,0.00,0.000,8.0,10.1,0.8,256,5,8.7,11.1,0.9,256,4,8.7,11.1,0.9,256,4,0,29.13,-0.6,0,0,0,42.2,44.3,45.7,0.47,0.34,0.36
ELLE,2019-11-08 20:10:00 EST,44.89550,-73.84502,977,20.3,21.7,10.1,81.7,15.6,0.000,0.094,0.00,0.000,8.1,11.0,1.0,255,7,8.7,12.5,1.1,255,6,8.7,12.5,1.1,255,6,0,29.13,-0.5,0,0,0,42.1,44.4,45.7,0.47,0.34,0.36
ELLE,2019-11-08 20:15:00 EST,44.89550,-73.84502,977,20.2,21.7,10.0,81.7,15.5,0.000,0.094,0.00,0.000,8.0,10.8,1.1,254,5,8.6,11.8,1.2,254,5,8.6,11.8,1.2,254,5,0,29.13,-0.6,0,0,0,42.1,44.3,45.7,0.47,0.34,0.36
ELLE,2019-11-08 20:20:00 EST,44.89550,-73.84502,977,19.5,21.2,9.7,81.7,14.8,0.000,0.094,0.00,0.000,7.5,9.6,0.8,248,6,8.0,10.5,0.9,249,6,8.0,10.5,0.9,249,6,0,29.14,-0.5,0,0,0,42.1,44.3,45.7,0.47,0.34,0.36
ELLE,2019-11-08 20:25:00 EST,44.89550,-73.84502,977,18.3,21.0,8.1,83.0,14.1,0.000,0.094,0.00,0.000,7.6,8.9,0.6,249,5,8.1,9.9,0.7,249,4,8.1,9.9,0.7,249,4,0,29.14,-0.3,0,0,0,42.1,44.3,45.7,0.47,0.34,0.36
ELLE,2019-11-08 20:30:00 EST,44.89550,-73.84502,977,17.9,21.0,7.3,84.4,14.0,0.000,0.094,0.00,0.000,8.1,10.7,0.7,248,4,8.5,11.8,0.9,248,4,8.5,11.8,0.9,248,4,0,29.14,-0.2,0,0,0,42.1,44.3,45.7,0.47,0.34,0.36
ELLE,2019-11-08 20:35:00 EST,44.89550,-73.84502,977,17.7,20.8,6.7,84.6,13.9,0.000,0.094,0.00,0.000,8.4,10.5,0.7,251,4,9.0,12.9,0.9,251,4,9.0,12.9,0.9,251,4,0,29.14,-0.3,0,0,0,42.2,44.3,45.7,0.47,0.34,0.36
ELLE,2019-11-08 20:40:00 EST,44.89550,-73.84502,977,18.2,20.7,7.3,84.8,14.4,0.000,0.094,0.00,0.000,8.3,10.2,0.7,253,4,8.9,11.7,0.9,253,3,8.9,11.7,0.9,253,3,0,29.14,-0.4,0,0,0,42.1,44.2,45.7,0.47,0.34,0.36
ELLE,2019-11-08 20:45:00 EST,44.89550,-73.84502,977,18.3,20.6,7.9,84.3,14.4,0.000,0.094,0.00,0.000,7.8,9.4,0.7,256,5,8.4,10.7,0.8,256,4,8.4,10.7,0.8,256,4,0,29.14,-0.3,0,0,0,42.1,44.3,45.7,0.47,0.34,0.36
ELLE,2019-11-08 20:50:00 EST,44.89550,-73.84502,977,18.0,20.5,7.6,83.4,13.9,0.000,0.094,0.00,0.000,7.8,9.6,0.6,252,4,8.3,10.4,0.7,252,4,8.3,10.4,0.7,252,4,0,29.14,-0.4,0,0,0,42.1,44.2,45.7,0.47,0.35,0.36
ELLE,2019-11-08 20:55:00 EST,44.89550,-73.84502,977,17.2,20.1,6.6,85.0,13.4,0.000,0.094,0.00,0.000,7.8,9.2,0.4,250,3,8.3,9.9,0.5,250,3,8.3,9.9,0.5,250,3,0,29.14,-0.3,0,0,0,42.1,44.3,45.7,0.47,0.34,0.36
ELLE,2019-11-08 21:00:00 EST,44.89550,-73.84502,977,16.9,20.0,6.3,85.9,13.4,0.000,0.094,0.00,0.000,7.7,9.2,0.5,251,4,8.2,10.4,0.7,251,4,8.2,10.4,0.7,251,4,0,29.14,0.3,0,0,0,42.1,44.3,45.7,0.47,0.34,0.36
ELLE,2019-11-08 21:05:00 EST,44.89550,-73.84502,977,17.6,20.1,7.9,86.6,14.3,0.000,0.094,0.00,0.000,6.7,8.3,0.6,252,4,7.3,8.9,0.6,252,4,7.3,8.9,0.6,252,4,0,29.14,-0.4,0,0,0,42.1,44.3,45.7,0.47,0.34,0.36
ELLE,2019-11-08 21:10:00 EST,44.89550,-73.84502,977,16.7,19.7,7.1,85.9,13.2,0.000,0.094,0.00,0.000,6.5,8.0,0.5,250,5,6.9,8.5,0.5,250,5,6.9,8.5,0.5,250,5,0,29.14,-0.5,0,0,0,42.1,44.1,45.7,0.47,0.34,0.36
ELLE,2019-11-08 21:15:00 EST,44.89550,-73.84502,977,16.4,19.4,7.2,87.8,13.4,0.000,0.094,0.00,0.000,6.2,7.3,0.3,246,4,6.5,8.2,0.4,246,4,6.5,8.2,0.4,246,4,0,29.14,-0.3,0,0,0,42.1,44.2,45.7,0.47,0.34,0.36
ELLE,2019-11-08 21:20:00 EST,44.89550,-73.84502,977,16.0,19.4,6.4,88.4,13.2,0.000,0.094,0.00,0.000,6.6,7.3,0.3,242,4,6.8,8.1,0.4,241,4,6.8,8.1,0.4,241,4,0,29.14,-0.5,0,0,0,42.1,44.3,45.7,0.47,0.34,0.36
ELLE,2019-11-08 21:25:00 EST,44.89550,-73.84502,977,14.9,19.4,4.9,88.6,12.2,0.000,0.094,0.00,0.000,6.8,7.9,0.3,242,3,7.0,8.7,0.4,241,3,7.0,8.7,0.4,241,3,0,29.14,-0.2,0,0,0,42.1,44.2,45.7,0.47,0.34,0.36
ELLE,2019-11-08 21:30:00 EST,44.89550,-73.84502,977,14.8,19.4,5.0,89.8,12.4,0.000,0.094,0.00,0.000,6.6,7.6,0.3,245,3,6.8,8.1,0.4,244,3,6.8,8.1,0.4,244,3,0,29.14,-0.1,0,0,0,42.2,44.3,45.7,0.47,0.34,0.36
ELLE,2019-11-08 21:35:00 EST,44.89550,-73.84502,977,15.2,19.4,5.4,89.8,12.8,0.000,0.094,0.00,0.000,6.6,7.8,0.3,247,4,6.9,8.4,0.4,247,4,6.9,8.4,0.4,247,4,0,29.14,-0.6,0,0,0,42.1,44.3,45.7,0.47,0.34,0.36
ELLE,2019-11-08 21:40:00 EST,44.89550,-73.84502,977,16.0,19.6,6.6,90.1,13.6,0.000,0.094,0.00,0.000,6.2,7.1,0.3,251,3,6.7,7.6,0.4,251,2,6.7,7.6,0.4,251,2,0,29.14,-0.7,0,0,0,42.1,44.3,45.7,0.47,0.34,0.36
ELLE,2019-11-08 21:45:00 EST,44.89550,-73.84502,977,15.8,19.6,6.7,88.4,13.0,0.000,0.094,0.00,0.000,5.8,6.8,0.3,251,3,6.3,7.5,0.4,251,3,6.3,7.5,0.4,251,3,0,29.14,0.3,0,0,0,42.1,44.3,45.7,0.47,0.34,0.36
ELLE,2019-11-08 21:50:00 EST,44.89550,-73.84502,977,16.1,19.5,6.4,88.4,13.2,0.000,0.094,0.00,0.000,6.4,8.7,0.7,252,4,6.9,9.1,0.8,252,3,6.9,9.1,0.8,252,3,0,29.14,0.3,0,0,0,42.1,44.3,45.7,0.47,0.34,0.36
ELLE,2019-11-08 21:55:00 EST,44.89550,-73.84502,977,15.5,19.7,5.2,87.6,12.5,0.000,0.094,0.00,0.000,7.0,8.6,0.4,250,3,7.5,8.8,0.5,250,3,7.5,8.8,0.5,250,3,0,29.14,-0.3,0,0,0,42.0,44.3,45.7,0.47,0.34,0.36
ELLE,2019-11-08 22:00:00 EST,44.89550,-73.84502,977,15.1,19.6,4.5,87.3,12.0,0.000,0.094,0.00,0.000,7.4,9.4,0.6,247,4,7.8,9.9,0.7,247,4,7.8,9.9,0.7,247,4,0,29.14,0.1,0,0,0,42.1,44.3,45.7,0.47,0.34,0.36
ELLE,2019-11-08 22:05:00 EST,44.89550,-73.84502,977,15.3,19.7,4.5,87.9,12.4,0.000,0.094,0.00,0.000,7.6,8.5,0.4,248,4,8.0,9.1,0.5,247,4,8.0,9.1,0.5,247,4,0,29.14,-0.2,0,0,0,42.1,44.3,45.7,0.47,0.34,0.36
ELLE,2019-11-08 22:10:00 EST,44.89550,-73.84502,977,15.5,19.5,4.9,87.7,12.5,0.000,0.094,0.00,0.000,7.7,8.8,0.4,241,3,7.9,9.5,0.5,240,3,7.9,9.5,0.5,240,3,0,29.14,0.2,0,0,0,42.1,44.3,45.7,0.47,0.35,0.36
ELLE,2019-11-08 22:15:00 EST,44.89550,-73.84502,977,15.4,19.2,4.8,87.8,12.4,0.000,0.094,0.00,0.000,7.5,8.2,0.3,244,3,7.7,8.7,0.3,243,3,7.7,8.7,0.3,243,3,0,29.14,0.0,0,0,0,42.1,44.1,45.7,0.47,0.34,0.36
ELLE,2019-11-08 22:20:00 EST,44.89550,-73.84502,977,15.1,19.1,4.7,88.2,12.2,0.000,0.094,0.00,0.000,7.2,9.1,0.5,242,4,7.4,9.5,0.6,241,4,7.4,9.5,0.6,241,4,0,29.14,-0.0,0,0,0,42.1,44.2,45.7,0.47,0.35,0.36
ELLE,2019-11-08 22:25:00 EST,44.89550,-73.84502,977,15.1,19.1,4.9,88.7,12.4,0.000,0.094,0.00,0.000,7.2,8.4,0.5,241,3,7.3,9.2,0.6,240,3,7.3,9.2,0.6,240,3,0,29.14,-0.3,0,0,0,42.1,44.3,45.7,0.47,0.34,0.36
ELLE,2019-11-08 22:30:00 EST,44.89550,-73.84502,977,14.5,18.8,4.7,88.8,11.8,0.000,0.094,0.00,0.000,6.6,7.8,0.4,240,3,6.7,8.2,0.4,239,3,6.7,8.2,0.4,239,3,0,29.14,-0.4,0,0,0,42.1,44.3,45.7,0.47,0.34,0.36
ELLE,2019-11-08 22:35:00 EST,44.89550,-73.84502,977,13.9,18.7,4.2,90.0,11.5,0.000,0.094,0.00,0.000,6.2,7.4,0.4,234,3,6.5,7.5,0.4,233,3,6.5,7.5,0.4,233,3,0,29.14,0.2,0,0,0,42.1,44.2,45.7,0.47,0.34,0.36
ELLE,2019-11-08 22:40:00 EST,44.89550,-73.84502,977,13.4,18.6,3.4,90.3,11.1,0.000,0.094,0.00,0.000,6.6,7.5,0.3,233,2,6.8,7.7,0.4,232,2,6.8,7.7,0.4,232,2,0,29.14,0.3,0,0,0,42.1,44.3,45.7,0.47,0.34,0.36
ELLE,2019-11-08 22:45:00 EST,44.89550,-73.84502,977,12.7,18.2,2.9,90.0,10.3,0.000,0.094,0.00,0.000,6.2,6.7,0.3,232,3,6.4,7.2,0.3,231,3,6.4,7.2,0.3,231,3,0,29.14,0.2,0,0,0,42.2,44.1,45.7,0.47,0.34,0.36
ELLE,2019-11-08 22:50:00 EST,44.89550,-73.84502,977,13.1,18.1,3.5,92.1,11.2,0.000,0.094,0.00,0.000,5.9,6.6,0.2,233,2,6.1,7.1,0.3,233,2,6.1,7.1,0.3,233,2,0,29.14,0.6,0,0,0,42.1,44.1,45.7,0.47,0.34,0.36
ELLE,2019-11-08 22:55:00 EST,44.89550,-73.84502,977,13.7,18.1,4.5,92.9,12.0,0.000,0.094,0.00,0.000,5.8,6.3,0.2,236,3,6.0,6.6,0.3,235,3,6.0,6.6,0.3,235,3,0,29.14,0.1,0,0,0,42.1,44.1,45.7,0.47,0.35,0.36
ELLE,2019-11-08 23:00:00 EST,44.89550,-73.84502,977,15.1,17.7,6.3,92.1,13.2,0.000,0.094,0.00,0.000,5.6,6.4,0.2,237,4,5.8,6.6,0.3,237,4,5.8,6.6,0.3,237,4,0,29.14,0.2,0,0,0,42.1,44.2,45.7,0.47,0.34,0.36
ELLE,2019-11-08 23:05:00 EST,44.89550,-73.84502,977,14.9,17.2,6.8,90.2,12.5,0.000,0.094,0.00,0.000,5.0,5.7,0.3,238,5,5.2,5.9,0.3,237,5,5.2,5.9,0.3,237,5,0,29.14,-0.1,0,0,0,42.0,44.2,45.7,0.47,0.34,0.36
ELLE,2019-11-08 23:10:00 EST,44.89550,-73.84502,977,15.0,17.0,6.6,90.3,12.6,0.000,0.094,0.00,0.000,5.1,5.9,0.3,242,6,5.4,6.2,0.3,241,6,5.4,6.2,0.3,241,6,0,29.14,-0.4,0,0,0,42.0,44.2,45.7,0.47,0.34,0.36
ELLE,2019-11-08 23:15:00 EST,44.89550,-73.84502,977,14.7,17.0,6.3,89.9,12.3,0.000,0.094,0.00,0.000,5.1,5.7,0.2,244,4,5.4,6.0,0.3,244,4,5.4,6.0,0.3,244,4,0,29.14,0.2,0,0,0,42.0,44.2,45.7,0.47,0.34,0.36
ELLE,2019-11-08 23:20:00 EST,44.89550,-73.84502,977,14.8,17.3,6.0,90.1,12.5,0.000,0.094,0.00,0.000,5.4,6.1,0.3,247,5,5.8,6.8,0.4,246,5,5.8,6.8,0.4,246,5,0,29.14,-0.1,0,0,0,42.0,44.3,45.7,0.47,0.34,0.36
ELLE,2019-11-08 23:25:00 EST,44.89550,-73.84502,977,14.6,17.2,5.9,89.8,12.2,0.000,0.094,0.00,0.000,5.5,6.4,0.4,238,6,5.7,6.6,0.5,237,6,5.7,6.6,0.5,237,6,0,29.14,-0.1,0,0,0,42.0,44.2,45.7,0.47,0.34,0.36
ELLE,2019-11-08 23:30:00 EST,44.89550,-73.84502,977,14.1,17.2,5.6,89.4,11.5,0.000,0.094,0.00,0.000,5.1,5.9,0.3,233,5,5.4,6.3,0.4,232,5,5.4,6.3,0.4,232,5,0,29.14,0.3,0,0,0,42.0,44.2,45.7,0.47,0.34,0.36
ELLE,2019-11-08 23:35:00 EST,44.89550,-73.84502,977,14.3,17.1,5.5,90.8,12.1,0.000,0.094,0.00,0.000,5.4,6.4,0.3,241,6,5.7,7.1,0.3,241,6,5.7,7.1,0.3,241,6,0,29.14,0.2,0,0,0,42.0,44.2,45.7,0.47,0.34,0.36
ELLE,2019-11-08 23:40:00 EST,44.89550,-73.84502,977,14.4,17.2,5.3,90.6,12.2,0.000,0.094,0.00,0.000,5.7,6.4,0.3,242,6,6.0,6.8,0.3,242,5,6.0,6.8,0.3,242,5,0,29.14,-0.5,0,0,0,42.0,44.1,45.7,0.47,0.34,0.36
ELLE,2019-11-08 23:45:00 EST,44.89550,-73.84502,977,14.5,17.1,4.7,90.1,12.1,0.000,0.094,0.00,0.000,6.3,7.3,0.5,244,6,6.6,7.8,0.5,243,7,6.6,7.8,0.5,243,7,0,29.14,-0.3,0,0,0,42.0,44.3,45.7,0.47,0.34,0.36
ELLE,2019-11-08 23:50:00 EST,44.89550,-73.84502,977,14.4,17.3,3.6,88.6,11.6,0.000,0.094,0.00,0.000,7.5,8.6,0.4,243,4,7.7,9.1,0.5,242,4,7.7,9.1,0.5,242,4,0,29.14,-0.3,0,0,0,42.0,44.3,45.7,0.47,0.34,0.36
ELLE,2019-11-08 23:55:00 EST,44.89550,-73.84502,977,14.7,17.2,3.5,88.4,11.9,0.000,0.094,0.00,0.000,8.2,9.1,0.4,239,5,8.3,9.6,0.4,237,5,8.3,9.6,0.4,237,5,0,29.14,-0.3,0,0,0,42.1,44.2,45.7,0.47,0.34,0.36
ELMI,2019-11-08 00:00:00 EST,42.11332,-76.83664,1091,28.2,28.0,22.1,89.1,25.4,0.000,0.216,0.00,0.000,4.9,6.2,0.6,271,7,5.5,8.1,0.8,277,6,5.5,8.1,0.8,277,6,0,28.93,-0.0,0,0,0,46.4,49.1,50.2,0.38,0.44,0.48
ELMI,2019-11-08 00:05:00 EST,42.11332,-76.83664,1091,28.2,28.1,22.6,88.2,25.2,0.000,0.000,0.00,0.000,4.7,7.3,0.9,281,7,5.1,8.5,1.1,285,6,5.1,8.5,1.1,285,6,0,28.93,-0.0,0,0,0,46.4,49.1,50.2,0.38,0.44,0.48
ELMI,2019-11-08 00:10:00 EST,42.11332,-76.83664,1091,28.1,28.0,22.6,89.1,25.3,0.000,0.000,0.00,0.000,4.4,6.7,0.8,267,9,4.9,7.5,1.0,273,9,4.9,7.5,1.0,273,9,0,28.93,-0.0,0,0,0,46.4,49.1,50.2,0.38,0.44,0.48
ELMI,2019-11-08 00:15:00 EST,42.11332,-76.83664,1091,28.2,28.0,21.7,88.6,25.2,0.000,0.000,0.00,0.000,5.4,6.6,0.7,265,10,5.9,8.4,0.9,271,9,5.9,8.4,0.9,271,9,0,28.93,-0.0,0,0,0,46.4,49.1,50.2,0.38,0.44,0.48
ELMI,2019-11-08 00:20:00 EST,42.11332,-76.83664,1091,28.1,28.0,20.9,88.7,25.2,0.000,0.000,0.00,0.000,6.3,7.8,0.8,271,11,7.0,8.9,1.0,275,10,7.0,8.9,1.0,275,10,0,28.93,-0.0,0,0,0,46.4,49.1,50.2,0.38,0.44,0.48
ELMI,2019-11-08 00:25:00 EST,42.11332,-76.83664,1091,28.2,28.0,20.8,89.2,25.4,0.000,0.000,0.00,0.000,6.5,9.1,1.0,278,9,7.1,10.6,1.2,282,7,7.1,10.6,1.2,282,7,0,28.93,-0.0,0,0,0,46.4,49.1,50.0,0.38,0.44,0.48
ELMI,2019-11-08 00:30:00 EST,42.11332,-76.83664,1091,28.2,28.0,20.6,89.2,25.4,0.000,0.000,0.00,0.000,6.8,8.0,0.7,277,7,7.5,10.2,0.9,281,6,7.5,10.2,0.9,281,6,0,28.93,-0.0,0,0,0,46.4,49.1,50.2,0.38,0.44,0.48
ELMI,2019-11-08 00:35:00 EST,42.11332,-76.83664,1091,28.2,28.0,20.4,89.4,25.5,0.000,0.000,0.00,0.000,7.0,9.2,0.9,273,9,7.7,10.6,1.2,278,8,7.7,10.6,1.2,278,8,0,28.93,-0.0,0,0,0,46.4,49.1,50.1,0.38,0.44,0.48
ELMI,2019-11-08 00:40:00 EST,42.11332,-76.83664,1091,28.2,28.0,21.1,89.8,25.6,0.000,0.000,0.00,0.000,6.2,8.7,0.9,278,10,6.8,10.3,1.1,281,8,6.8,10.3,1.1,281,8,0,28.92,-0.0,0,0,0,46.4,49.1,50.0,0.38,0.44,0.48
ELMI,2019-11-08 00:45:00 EST,42.11332,-76.83664,1091,28.2,28.1,20.9,90.4,25.8,0.000,0.000,0.00,0.000,6.5,8.0,0.7,276,9,7.1,8.6,0.8,280,8,7.1,8.6,0.8,280,8,0,28.92,-0.0,0,0,0,46.4,49.1,50.1,0.38,0.44,0.48
ELMI,2019-11-08 00:50:00 EST,42.11332,-76.83664,1091,28.3,28.1,20.0,89.3,25.6,0.000,0.000,0.00,0.000,7.6,11.0,1.0,272,9,8.5,12.4,1.3,276,7,8.5,12.4,1.3,276,7,0,28.93,-0.0,0,0,0,46.4,49.1,50.1,0.38,0.44,0.48
ELMI,2019-11-08 00:55:00 EST,42.11332,-76.83664,1091,28.4,28.2,20.0,88.6,25.4,0.000,0.000,0.00,0.000,7.8,10.7,1.0,278,8,8.6,12.1,1.3,282,6,8.6,12.1,1.3,282,6,0,28.93,-0.1,0,0,0,46.4,49.1,49.8,0.38,0.44,0.48
ELMI,2019-11-08 01:00:00 EST,42.11332,-76.83664,1091,28.4,28.2,21.0,88.6,25.5,0.000,0.000,0.00,0.000,7.0,9.9,1.4,286,10,7.2,10.4,1.5,288,9,7.2,10.4,1.5,288,9,0,28.93,-0.1,0,0,0,46.4,49.1,50.0,0.38,0.44,0.48
ELMI,2019-11-08 01:05:00 EST,42.11332,-76.83664,1091,28.4,28.2,20.5,88.6,25.5,0.000,0.000,0.00,0.000,7.6,10.7,1.3,282,12,7.9,11.7,1.4,285,10,7.9,11.7,1.4,285,10,0,28.93,-0.0,0,0,0,46.4,49.1,49.9,0.38,0.44,0.48
ELMI,2019-11-08 01:10:00 EST,42.11332,-76.83664,1091,28.4,28.2,21.5,88.8,25.5,0.000,0.000,0.00,0.000,6.4,8.5,0.7,286,10,6.6,8.8,0.9,289,9,6.6,8.8,0.9,289,9,0,28.93,-0.0,0,0,0,46.4,49.1,50.1,0.38,0.44,0.48
ELMI,2019-11-08 01:15:00 EST,42.11332,-76.83664,1091,28.4,28.2,22.2,89.5,25.7,0.000,0.000,0.00,0.000,5.8,7.6,0.8,290,11,5.7,8.3,0.9,295,12,5.7,8.3,0.9,295,12,0,28.93,-0.0,0,0,0,46.4,49.1,50.0,0.38,0.44,0.48
ELMI,2019-11-08 01:20:00 EST,42.11332,-76.83664,1091,28.4,28.2,22.4,89.6,25.7,0.000,0.000,0.00,0.000,5.1,8.0,0.8,281,14,5.4,9.1,1.0,284,13,5.4,9.1,1.0,284,13,0,28.93,-0.0,0,0,0,46.4,49.1,49.8,0.38,0.44,0.48
ELMI,2019-11-08 01:25:00 EST,42.11332,-76.83664,1091,28.4,28.2,22.2,88.7,25.4,0.000,0.000,0.00,0.000,5.3,8.0,1.0,278,12,5.7,8.9,1.2,283,11,5.7,8.9,1.2,283,11,0,28.93,-0.0,0,0,0,46.4,49.1,49.9,0.38,0.44,0.48
ELMI,2019-11-08 01:30:00 EST,42.11332,-76.83664,1091,28.3,28.1,22.4,88.6,25.4,0.000,0.000,0.00,0.000,5.0,7.4,0.9,278,14,5.4,7.9,0.9,280,13,5.4,7.9,0.9,280,13,0,28.93,-0.0,0,0,0,46.4,49.1,49.9,0.38,0.44,0.48
ELMI,2019-11-08 01:35:00 EST,42.11332,-76.83664,1091,28.3,28.1,22.3,88.7,25.4,0.000,0.000,0.00,0.000,5.2,7.3,0.8,287,13,5.4,8.2,1.1,291,12,5.4,8.2,1.1,291,12,0,28.93,0.0,0,0,0,46.3,49.0,50.0,0.38,0.44,0.48
ELMI,2019-11-08 01:40:00 EST,42.11332,-76.83664,1091,28.3,28.1,22.1,88.6,25.3,0.000,0.000,0.00,0.000,5.1,8.4,1.2,273,14,5.6,9.3,1.4,277,11,5.6,9.3,1.4,277,11,0,28.93,-0.0,0,0,0,46.3,49.1,49.8,0.38,0.44,0.48
ELMI,2019-11-08 01:45:00 EST,42.11332,-76.83664,1091,28.2,28.0,22.3,88.9,25.4,0.000,0.000,0.00,0.000,4.9,7.2,1.0,277,10,5.3,7.8,1.1,282,8,5.3,7.8,1.1,282,8,0,28.93,-0.0,0,0,0,46.0,49.0,49.8,0.38,0.44,0.48
ELMI,2019-11-08 01:50:00 EST,42.11332,-76.83664,1091,28.2,28.0,23.8,88.9,25.3,0.000,0.000,0.00,0.000,3.5,6.0,1.0,257,12,3.9,6.8,1.2,263,12,3.9,6.8,1.2,263,12,0,28.93,-0.0,0,0,0,46.1,49.1,49.9,0.38,0.44,0.48
ELMI,2019-11-08 01:55:00 EST,42.11332,-76.83664,1091,28.1,27.9,24.7,90.1,25.5,0.000,0.000,0.00,0.000,2.7,5.0,0.9,261,14,3.1,5.4,0.9,268,14,3.1,5.4,0.9,268,14,0,28.93,-0.1,0,0,0,46.0,49.0,49.8,0.38,0.44,0.48
ELMI,2019-11-08 02:00:00 EST,42.11332,-76.83664,1091,28.0,27.8,22.7,90.4,25.6,0.000,0.000,0.00,0.000,4.4,6.5,1.2,248,9,4.7,6.8,1.3,254,10,4.7,6.8,1.3,254,10,0,28.93,-0.1,0,0,0,46.0,49.0,49.8,0.38,0.44,0.48
ELMI,2019-11-08 02:05:00 EST,42.11332,-76.83664,1091,28.0,27.8,21.9,90.0,25.4,0.000,0.000,0.00,0.000,4.8,7.7,1.0,259,9,5.4,9.1,1.2,265,9,5.4,9.1,1.2,265,9,0,28.93,-0.1,0,0,0,46.0,49.0,49.8,0.38,0.44,0.48
ELMI,2019-11-08 02:10:00 EST,42.11332,-76.83664,1091,28.0,27.8,21.3,88.6,25.0,0.000,0.000,0.00,0.000,5.5,8.0,1.2,267,13,6.2,10.1,1.4,272,11,6.2,10.1,1.4,272,11,0,28.92,-0.1,0,0,0,46.0,48.8,49.8,0.38,0.44,0.48
ELMI,2019-11-08 02:15:00 EST,42.11332,-76.83664,1091,27.9,27.7,21.2,88.8,25.0,0.000,0.000,0.00,0.000,5.6,7.8,1.0,261,11,6.2,8.8,1.1,267,10,6.2,8.8,1.1,267,10,0,28.92,-0.1,0,0,0,46.0,49.0,49.8,0.38,0.44,0.48
ELMI,2019-11-08 02:20:00 EST,42.11332,-76.83664,1091,27.8,27.6,21.0,88.5,24.8,0.000,0.000,0.00,0.000,5.6,9.1,1.2,263,12,6.2,10.2,1.4,269,11,6.2,10.2,1.4,269,11,0,28.92,-0.0,0,0,0,46.0,48.7,49.8,0.38,0.44,0.48
ELMI,2019-11-08 02:25:00 EST,42.11332,-76.83664,1091,27.7,27.6,20.4,88.1,24.7,0.000,0.000,0.00,0.000,6.3,8.5,0.9,270,13,6.9,10.2,1.2,275,12,6.9,10.2,1.2,275,12,0,28.92,-0.1,0,0,0,46.0,48.8,49.8,0.38,0.44,0.48
ELMI,2019-11-08 02:30:00 EST,42.11332,-76.83664,1091,27.6,27.5,21.0,88.2,24.6,0.000,0.000,0.00,0.000,5.8,10.1,1.2,277,18,6.1,10.5,1.3,280,16,6.1,10.5,1.3,280,16,0,28.92,-0.1,0,0,0,46.0,48.8,49.8,0.38,0.44,0.48
ELMI,2019-11-08 02:35:00 EST,42.11332,-76.83664,1091,27.6,27.5,20.2,88.2,24.6,0.000,0.000,0.00,0.000,6.5,11.5,1.5,266,16,7.1,13.2,1.8,272,14,7.1,13.2,1.8,272,14,0,28.92,-0.1,0,0,0,46.0,48.7,49.8,0.38,0.44,0.48
ELMI,2019-11-08 02:40:00 EST,42.11332,-76.83664,1091,27.6,27.5,20.5,88.3,24.6,0.000,0.000,0.00,0.000,6.0,8.0,0.8,268,14,6.5,9.4,1.0,274,11,6.5,9.4,1.0,274,11,0,28.92,-0.0,0,0,0,46.0,48.7,49.8,0.38,0.44,0.48
ELMI,2019-11-08 02:45:00 EST,42.11332,-76.83664,1091,27.6,27.5,20.8,88.9,24.8,0.000,0.000,0.00,0.000,5.7,8.0,1.0,267,12,6.3,9.1,1.2,272,10,6.3,9.1,1.2,272,10,0,28.92,-0.0,0,0,0,46.0,48.9,49.8,0.38,0.44,0.48
ELMI,2019-11-08 02:50:00 EST,42.11332,-76.83664,1091,27.7,27.5,20.7,89.3,24.9,0.000,0.000,0.00,0.000,6.0,8.7,1.0,271,13,6.5,10.1,1.2,275,12,6.5,10.1,1.2,275,12,0,28.92,-0.1,0,0,0,46.0,48.8,49.8,0.38,0.44,0.48
ELMI,2019-11-08 02:55:00 EST,42.11332,-76.83664,1091,27.6,27.4,20.6,90.1,25.1,0.000,0.000,0.00,0.000,6.1,8.5,0.9,277,11,6.5,9.1,1.1,281,9,6.5,9.1,1.1,281,9,0,28.92,-0.1,0,0,0,46.0,48.8,49.8,0.38,0.44,0.48
ELMI,2019-11-08 03:00:00 EST,42.11332,-76.83664,1091,27.5,27.4,21.2,91.1,25.3,0.000,0.000,0.00,0.000,5.3,8.1,1.0,270,13,5.7,9.5,1.1,275,11,5.7,9.5,1.1,275,11,0,28.92,-0.1,0,0,0,46.0,48.7,49.8,0.38,0.44,0.48
ELMI,2019-11-08 03:05:00 EST,42.11332,-76.83664,1091,27.5,27.4,20.2,91.0,25.3,0.000,0.000,0.00,0.000,6.6,10.0,1.9,285,18,6.9,11.3,1.9,288,17,6.9,11.3,1.9,288,17,0,28.92,-0.1,0,0,0,46.0,48.7,49.8,0.38,0.44,0.48
ELMI,2019-11-08 03:10:00 EST,42.11332,-76.83664,1091,27.6,27.4,20.2,90.5,25.2,0.000,0.000,0.00,0.000,6.6,9.1,1.1,280,12,7.0,10.9,1.4,284,11,7.0,10.9,1.4,284,11,0,28.92,-0.1,0,0,0,46.0,48.7,49.8,0.38,0.44,0.48
ELMI,2019-11-08 03:15:00 EST,42.11332,-76.83664,1091,27.6,27.5,20.7,90.8,25.3,0.000,0.000,0.00,0.000,6.3,10.1,1.4,290,10,6.4,11.1,1.3,293,10,6.4,11.1,1.3,293,10,0,28.92,-0.1,0,0,0,46.0,48.7,49.8,0.38,0.44,0.48
ELMI,2019-11-08 03:20:00 EST,42.11332,-76.83664,1091,27.7,27.6,20.9,90.0,25.2,0.000,0.000,0.00,0.000,6.4,8.5,1.0,289,11,6.4,9.5,1.1,293,12,6.4,9.5,1.1,293,12,0,28.93,-0.1,0,0,0,46.0,48.7,49.8,0.38,0.44,0.48
ELMI,2019-11-08 03:25:00 EST,42.11332,-76.83664,1091,27.7,27.6,20.7,90.2,25.2,0.000,0.000,0.00,0.000,6.7,9.2,0.9,290,11,6.6,8.7,0.9,293,12,6.6,8.7,0.9,293,12,0,28.93,-0.1,0,0,0,46.0,48.7,49.8,0.38,0.44,0.48
ELMI,2019-11-08 03:30:00 EST,42.11332,-76.83664,1091,27.7,27.7,19.6,89.8,25.1,0.000,0.000,0.00,0.000,7.7,11.3,1.3,283,13,8.1,11.3,1.6,286,12,8.1,11.3,1.6,286,12,0,28.93,-0.1,0,0,0,46.0,48.7,49.8,0.38,0.44,0.48
ELMI,2019-11-08 03:35:00 EST,42.11332,-76.83664,1091,27.8,27.8,19.0,88.1,24.8,0.000,0.000,0.00,0.000,9.6,14.1,1.5,292,9,9.3,13.2,1.5,295,10,9.3,13.2,1.5,295,10,0,28.93,-0.1,0,0,0,46.0,48.7,49.8,0.38,0.44,0.48
ELMI,2019-11-08 03:40:00 EST,42.11332,-76.83664,1091,27.8,27.8,20.0,87.3,24.5,0.000,0.000,0.00,0.000,8.0,10.3,1.0,293,9,7.6,10.3,1.1,298,11,7.6,10.3,1.1,298,11,0,28.93,-0.1,0,0,0,46.0,48.7,49.8,0.38,0.44,0.48
ELMI,2019-11-08 03:45:00 EST,42.11332,-76.83664,1091,28.0,27.9,20.0,86.9,24.6,0.000,0.000,0.00,0.000,8.5,11.7,1.5,294,8,8.0,11.0,1.3,299,10,8.0,11.0,1.3,299,10,0,28.93,-0.1,0,0,0,46.0,48.7,49.8,0.38,0.44,0.48
ELMI,2019-11-08 03:50:00 EST,42.11332,-76.83664,1091,28.0,27.9,20.5,86.8,24.6,0.000,0.000,0.00,0.000,7.6,10.8,1.1,296,11,7.2,9.7,1.0,300,12,7.2,9.7,1.0,300,12,0,28.93,-0.1,0,0,0,46.0,48.7,49.8,0.38,0.44,0.48
ELMI,2019-11-08 03:55:00 EST,42.11332,-76.83664,1091,27.9,27.9,20.3,86.9,24.5,0.000,0.000,0.00,0.000,7.8,11.6,1.5,297,9,7.3,12.5,1.5,301,11,7.3,12.5,1.5,301,11,0,28.93,-0.1,0,0,0,46.0,48.7,49.8,0.38,0.44,0.48
ELMI,2019-11-08 04:00:00 EST,42.11332,-76.83664,1091,27.8,27.8,21.2,87.5,24.6,0.000,0.000,0.00,0.000,6.4,11.0,1.4,301,10,6.1,10.5,1.3,307,10,6.1,10.5,1.3,307,10,0,28.93,-0.1,0,0,0,46.0,48.7,49.8,0.38,0.44,0.48
ELMI,2019-11-08 04:05:00 EST,42.11332,-76.83664,1091,27.8,27.8,20.0,86.4,24.3,0.000,0.000,0.00,0.000,8.4,12.8,1.7,308,13,7.8,11.6,1.5,315,13,7.8,11.6,1.5,315,13,0,28.94,-0.1,0,0,0,46.0,48.7,49.8,0.38,0.44,0.48
ELMI,2019-11-08 04:10:00 EST,42.11332,-76.83664,1091,27.8,27.8,20.0,85.7,24.1,0.000,0.000,0.00,0.000,8.3,11.8,1.7,310,11,7.6,10.4,1.4,315,10,7.6,10.4,1.4,315,10,0,28.94,-0.1,0,0,0,46.0,48.7,49.8,0.36,0.44,0.48
ELMI,2019-11-08 04:15:00 EST,42.11332,-76.83664,1091,27.9,27.9,19.3,84.1,23.7,0.000,0.000,0.00,0.000,9.4,14.4,1.9,315,10,8.8,13.4,1.9,320,9,8.8,13.4,1.9,320,9,0,28.94,-0.1,0,0,0,45.9,48.7,49.8,0.36,0.44,0.48
ELMI,2019-11-08 04:20:00 EST,42.11332,-76.83664,1091,28.1,28.0,20.2,81.8,23.2,0.000,0.000,0.00,0.000,8.4,12.3,1.9,306,11,7.9,11.5,1.6,312,12,7.9,11.5,1.6,312,12,0,28.93,-0.1,0,0,0,45.9,48.7,49.8,0.36,0.44,0.48
ELMI,2019-11-08 04:25:00 EST,42.11332,-76.83664,1091,28.1,28.0,20.5,81.4,23.1,0.000,0.000,0.00,0.000,7.9,12.3,1.6,302,11,7.4,11.2,1.4,307,12,7.4,11.2,1.4,307,12,0,28.94,-0.1,0,0,0,45.9,48.7,49.8,0.36,0.44,0.48
ELMI,2019-11-08 04:30:00 EST,42.11332,-76.83664,1091,28.0,27.9,20.1,81.5,23.1,0.000,0.000,0.00,0.000,8.4,12.9,1.8,304,11,7.8,11.7,1.6,310,10,7.8,11.7,1.6,310,10,0,28.94,-0.1,0,0,0,45.9,48.7,49.8,0.36,0.44,0.48
ELMI,2019-11-08 04:35:00 EST,42.11332,-76.83664,1091,27.9,27.9,20.5,82.1,23.2,0.000,0.000,0.00,0.000,7.3,11.3,1.7,306,12,7.1,10.6,1.6,310,11,7.1,10.6,1.6,310,11,0,28.94,-0.1,0,0,0,45.9,48.7,49.8,0.36,0.44,0.48
ELMI,2019-11-08 04:40:00 EST,42.11332,-76.83664,1091,27.9,27.9,20.3,81.9,23.1,0.000,0.000,0.00,0.000,8.1,10.5,1.1,309,8,7.3,9.9,1.0,315,5,7.3,9.9,1.0,315,5,0,28.94,-0.1,0,0,0,45.9,48.7,49.8,0.36,0.44,0.48
ELMI,2019-11-08 04:45:00 EST,42.11332,-76.83664,1091,27.9,27.8,20.5,82.0,23.1,0.000,0.000,0.00,0.000,7.6,9.9,1.2,315,10,7.1,9.6,1.1,320,9,7.1,9.6,1.1,320,9,0,28.94,-0.1,0,0,0,45.9,48.7,49.8,0.36,0.44,0.48
ELMI,2019-11-08 04:50:00 EST,42.11332,-76.83664,1091,27.8,27.7,21.9,82.6,23.2,0.000,0.000,0.00,0.000,5.4,9.1,1.2,327,13,5.3,8.0,1.1,333,13,5.3,8.0,1.1,333,13,0,28.94,-0.1,0,0,0,45.9,48.7,49.8,0.36,0.44,0.48
ELMI,2019-11-08 04:55:00 EST,42.11332,-76.83664,1091,27.8,27.7,22.1,83.0,23.3,0.000,0.000,0.00,0.000,5.0,6.7,0.9,329,10,5.0,8.2,1.1,335,11,5.0,8.2,1.1,335,11,0,28.94,-0.1,0,0,0,45.9,48.7,49.8,0.36,0.44,0.48
ELMI,2019-11-08 05:00:00 EST,42.11332,-76.83664,1091,27.7,27.6,21.8,83.7,23.4,0.000,0.000,0.00,0.000,4.9,7.5,1.2,338,14,5.2,8.3,1.3,346,13,5.2,8.3,1.3,346,13,0,28.95,-0.0,0,0,0,45.9,48.7,49.8,0.36,0.44,0.48
ELMI,2019-11-08 05:05:00 EST,42.11332,-76.83664,1091,27.7,27.6,22.3,85.0,23.8,0.000,0.000,0.00,0.000,4.4,6.5,0.7,338,17,4.7,7.1,1.0,345,14,4.7,7.1,1.0,345,14,0,28.95,-0.1,0,0,0,45.9,48.7,49.8,0.36,0.44,0.48
ELMI,2019-11-08 05:10:00 EST,42.11332,-76.83664,1091,27.7,27.5,21.8,84.9,23.7,0.000,0.000,0.00,0.000,5.0,8.9,1.2,332,12,5.2,10.0,1.4,338,14,5.2,10.0,1.4,338,14,0,28.95,-0.1,0,0,0,45.9,48.7,49.8,0.36,0.44,0.48
ELMI,2019-11-08 05:15:00 EST,42.11332,-76.83664,1091,27.6,27.5,21.4,84.5,23.6,0.000,0.000,0.00,0.000,5.4,7.6,0.7,330,9,5.6,8.0,0.9,336,11,5.6,8.0,0.9,336,11,0,28.95,-0.1,0,0,0,45.9,48.7,49.8,0.36,0.44,0.48
ELMI,2019-11-08 05:20:00 EST,42.11332,-76.83664,1091,27.6,27.4,22.7,85.4,23.8,0.000,0.000,0.00,0.000,4.2,6.3,0.9,329,12,4.2,7.9,1.1,335,13,4.2,7.9,1.1,335,13,0,28.95,-0.1,0,0,0,45.9,48.7,49.8,0.36,0.44,0.48
ELMI,2019-11-08 05:25:00 EST,42.11332,-76.83664,1091,27.6,27.4,20.3,84.5,23.5,0.000,0.000,0.00,0.000,6.4,11.3,1.8,332,16,6.8,13.8,2.1,340,16,6.8,13.8,2.1,340,16,0,28.96,-0.1,0,0,0,45.9,48.7,49.8,0.36,0.44,0.48
ELMI,2019-11-08 05:30:00 EST,42.11332,-76.83664,1091,27.5,27.3,20.2,84.1,23.3,0.000,0.000,0.00,0.000,6.6,9.3,1.5,330,12,6.9,10.5,1.4,336,13,6.9,10.5,1.4,336,13,0,28.96,-0.1,0,0,0,45.9,48.7,49.8,0.35,0.44,0.48
ELMI,2019-11-08 05:35:00 EST,42.11332,-76.83664,1091,27.4,27.3,22.1,84.7,23.4,0.000,0.000,0.00,0.000,4.3,6.7,0.9,344,23,4.6,7.9,1.0,350,21,4.6,7.9,1.0,350,21,0,28.96,-0.1,0,0,0,45.9,48.7,49.8,0.36,0.44,0.48
ELMI,2019-11-08 05:40:00 EST,42.11332,-76.83664,1091,27.4,27.3,20.3,83.3,23.0,0.000,0.000,0.00,0.000,6.2,10.5,1.7,334,16,6.6,12.4,2.0,341,15,6.6,12.4,2.0,341,15,0,28.96,-0.1,0,0,0,45.9,48.7,49.8,0.35,0.44,0.48
ELMI,2019-11-08 05:45:00 EST,42.11332,-76.83664,1091,27.4,27.2,19.9,82.7,22.8,0.000,0.000,0.00,0.000,7.0,11.8,1.7,330,16,7.0,11.5,1.6,335,17,7.0,11.5,1.6,335,17,0,28.96,-0.1,0,0,0,45.9,48.7,49.8,0.35,0.44,0.48
ELMI,2019-11-08 05:50:00 EST,42.11332,-76.83664,1091,27.3,27.1,21.6,83.3,22.9,0.000,0.000,0.00,0.000,4.4,7.2,1.3,345,20,4.9,8.8,1.5,351,18,4.9,8.8,1.5,351,18,0,28.97,-0.0,0,0,0,45.9,48.7,49.8,0.35,0.44,0.48
ELMI,2019-11-08 05:55:00 EST,42.11332,-76.83664,1091,27.3,27.1,20.0,82.5,22.6,0.000,0.000,0.00,0.000,6.5,11.3,2.4,334,16,6.7,12.2,2.5,340,17,6.7,12.2,2.5,340,17,0,28.97,-0.0,0,0,0,45.9,48.7,49.8,0.35,0.44,0.48
ELMI,2019-11-08 06:00:00 EST,42.11332,-76.83664,1091,27.2,27.1,19.7,81.9,22.4,0.000,0.000,0.00,0.000,7.1,13.1,2.1,319,14,7.1,13.0,1.8,324,14,7.1,13.0,1.8,324,14,0,28.97,-0.0,0,0,0,45.9,48.7,49.8,0.35,0.44,0.48
ELMI,2019-11-08 06:05:00 EST,42.11332,-76.83664,1091,27.1,27.0,19.5,81.6,22.2,0.000,0.000,0.00,0.000,7.0,11.9,2.2,325,14,7.1,13.1,2.3,330,14,7.1,13.1,2.3,330,14,0,28.97,-0.1,0,0,0,45.9,48.7,49.8,0.35,0.44,0.48
ELMI,2019-11-08 06:10:00 EST,42.11332,-76.83664,1091,27.1,27.0,16.8,79.2,21.5,0.000,0.000,0.00,0.000,12.0,17.8,2.2,319,13,11.6,20.9,2.5,325,13,11.6,20.9,2.5,325,13,0,28.98,-0.1,0,0,0,45.9,48.7,49.8,0.35,0.44,0.48
ELMI,2019-11-08 06:15:00 EST,42.11332,-76.83664,1091,27.0,26.9,17.9,78.7,21.3,0.000,0.000,0.00,0.000,10.0,14.0,2.0,318,10,9.4,13.9,2.1,324,9,9.4,13.9,2.1,324,9,0,28.98,-0.1,0,0,0,45.9,48.7,49.8,0.35,0.44,0.48
ELMI,2019-11-08 06:20:00 EST,42.11332,-76.83664,1091,26.8,26.8,19.3,80.5,21.6,0.000,0.000,0.00,0.000,7.2,11.5,1.6,314,11,7.0,10.8,1.5,319,10,7.0,10.8,1.5,319,10,0,28.98,-0.1,0,0,0,45.9,48.7,49.8,0.35,0.44,0.48
ELMI,2019-11-08 06:25:00 EST,42.11332,-76.83664,1091,26.9,26.7,18.6,81.3,21.9,0.000,0.000,0.00,0.000,8.5,12.1,2.0,313,10,8.0,12.2,1.9,318,10,8.0,12.2,1.9,318,10,0,28.99,0.0,0,0,0,45.7,48.7,49.8,0.35,0.44,0.48
ELMI,2019-11-08 06:30:00 EST,42.11332,-76.83664,1091,26.6,26.4,17.1,83.5,22.3,0.000,0.000,0.00,0.000,9.5,14.0,1.6,328,14,9.9,14.3,1.9,336,13,9.9,14.3,1.9,336,13,0,28.99,-0.0,0,0,0,45.7,48.7,49.8,0.35,0.44,0.48
ELMI,2019-11-08 06:35:00 EST,42.11332,-76.83664,1091,26.5,26.3,17.5,85.3,22.7,0.000,0.000,0.00,0.000,8.9,13.8,2.3,326,16,9.0,15.0,2.7,332,15,9.0,15.0,2.7,332,15,0,28.99,0.0,0,0,0,45.7,48.7,49.8,0.35,0.44,0.48
ELMI,2019-11-08 06:40:00 EST,42.11332,-76.83664,1091,26.5,26.3,17.0,84.1,22.3,0.000,0.000,0.00,0.000,9.5,15.2,2.2,330,19,9.7,14.5,2.3,336,19,9.7,14.5,2.3,336,19,1,28.99,0.0,0,0,0,45.7,48.7,49.8,0.35,0.44,0.48
ELMI,2019-11-08 06:45:00 EST,42.11332,-76.83664,1091,26.4,26.2,16.0,81.9,21.6,0.000,0.000,0.00,0.000,11.3,16.2,2.5,329,16,11.4,17.3,2.6,334,15,11.4,17.3,2.6,334,15,2,29.00,0.0,0,0,0,45.7,48.7,49.8,0.35,0.44,0.48
ELMI,2019-11-08 06:50:00 EST,42.11332,-76.83664,1091,26.2,26.1,16.4,80.2,20.9,0.000,0.000,0.00,0.000,10.3,14.6,1.5,325,11,10.1,14.7,1.6,330,11,10.1,14.7,1.6,330,11,4,29.00,-0.0,0,0,0,45.7,48.7,49.8,0.35,0.44,0.48
ELMI,2019-11-08 06:55:00 EST,42.11332,-76.83664,1091,26.0,26.0,16.8,78.7,20.3,0.000,0.000,0.00,0.000,9.4,15.3,2.3,313,11,9.2,14.9,2.1,318,8,9.2,14.9,2.1,318,8,7,29.00,-0.0,0,0,0,45.7,48.7,49.8,0.35,0.44,0.48
ELMI,2019-11-08 07:00:00 EST,42.11332,-76.83664,1091,25.6,25.8,17.5,79.7,20.2,0.000,0.000,0.00,0.000,7.2,10.5,1.4,325,13,7.5,12.3,1.7,330,15,7.5,12.3,1.7,330,15,11,29.00,0.0,0,0,0,45.7,48.7,49.8,0.35,0.44,0.48
ELMI,2019-11-08 07:05:00 EST,42.11332,-76.83664,1091,25.7,25.8,16.7,78.5,19.9,0.000,0.000,0.00,0.000,9.0,13.3,1.6,320,11,8.7,12.8,1.6,325,10,8.7,12.8,1.6,325,10,19,29.00,-0.0,0,0,0,45.7,48.7,49.8,0.35,0.44,0.48
ELMI,2019-11-08 07:10:00 EST,42.11332,-76.83664,1091,25.7,25.8,17.7,78.3,19.9,0.000,0.000,0.00,0.000,7.1,11.1,1.7,326,10,7.3,11.3,1.7,332,10,7.3,11.3,1.7,332,10,38,29.01,0.0,0,0,0,45.7,48.7,49.8,0.35,0.44,0.48
ELMI,2019-11-08 07:15:00 EST,42.11332,-76.83664,1091,25.9,25.8,17.8,78.1,20.0,0.000,0.000,0.00,0.000,6.7,11.3,2.0,337,18,7.4,12.9,2.3,343,17,7.4,12.9,2.3,343,17,48,29.01,0.0,0,0,0,45.7,48.7,49.8,0.35,0.44,0.48
ELMI,2019-11-08 07:20:00 EST,42.11332,-76.83664,1091,25.9,25.8,17.3,77.8,19.9,0.000,0.000,0.00,0.000,7.8,13.8,2.0,329,14,8.2,16.3,2.4,336,15,8.2,16.3,2.4,336,15,50,29.01,0.0,0,0,0,45.7,48.7,49.7,0.35,0.44,0.48
ELMI,2019-11-08 07:25:00 EST,42.11332,-76.83664,1091,25.8,25.7,18.1,78.6,20.1,0.000,0.000,0.00,0.000,6.4,10.7,1.6,334,14,6.9,12.7,1.8,341,14,6.9,12.7,1.8,341,14,44,29.01,0.0,0,0,0,45.7,48.7,49.8,0.35,0.44,0.48
ELMI,2019-11-08 07:30:00 EST,42.11332,-76.83664,1091,25.9,25.8,15.5,77.9,20.0,0.000,0.000,0.00,0.000,11.6,16.4,3.0,320,10,11.3,17.5,2.7,325,11,11.3,17.5,2.7,325,11,61,29.02,0.0,0,0,0,45.7,48.7,49.7,0.35,0.44,0.48
ELMI,2019-11-08 07:35:00 EST,42.11332,-76.83664,1091,26.0,25.8,15.9,77.6,20.0,0.000,0.000,0.00,0.000,10.7,14.9,1.5,325,14,10.7,15.9,1.8,330,14,10.7,15.9,1.8,330,14,49,29.02,0.0,0,0,0,45.7,48.7,49.7,0.35,0.44,0.48
ELMI,2019-11-08 07:40:00 EST,42.11332,-76.83664,1091,25.9,25.7,16.3,78.4,20.1,0.000,0.000,0.00,0.000,10.0,17.7,2.3,321,10,9.8,16.6,2.3,326,10,9.8,16.6,2.3,326,10,18,29.02,0.0,0,0,0,45.7,48.7,49.7,0.35,0.44,0.48
ELMI,2019-11-08 07:45:00 EST,42.11332,-76.83664,1091,25.8,25.6,16.0,78.8,20.1,0.000,0.000,0.00,0.000,9.7,13.8,2.2,336,10,10.1,16.1,2.4,341,11,10.1,16.1,2.4,341,11,24,29.02,0.0,0,0,0,45.7,48.7,49.7,0.35,0.44,0.48
ELMI,2019-11-08 07:50:00 EST,42.11332,-76.83664,1091,25.8,25.6,17.3,79.4,20.3,0.000,0.000,0.00,0.000,7.2,11.3,1.7,336,13,7.9,14.2,2.2,342,13,7.9,14.2,2.2,342,13,31,29.03,0.0,0,0,0,45.7,48.7,49.7,0.35,0.44,0.48
ELMI,2019-11-08 07:55:00 EST,42.11332,-76.83664,1091,25.8,25.6,17.4,78.7,20.1,0.000,0.000,0.00,0.000,7.8,11.3,1.5,327,12,7.8,12.1,1.6,332,12,7.8,12.1,1.6,332,12,35,29.03,0.0,0,0,0,45.5,48.7,49.6,0.35,0.44,0.48
ELMI,2019-11-08 08:00:00 EST,42.11332,-76.83664,1091,25.8,25.6,15.0,76.8,19.6,0.000,0.000,0.00,0.000,12.5,21.2,4.1,317,14,12.1,20.0,3.4,323,14,12.1,20.0,3.4,323,14,42,29.03,0.0,0,0,0,45.5,48.7,49.7,0.35,0.44,0.48
ELMI,2019-11-08 08:05:00 EST,42.11332,-76.83664,1091,25.8,25.6,16.3,75.9,19.3,0.000,0.000,0.00,0.000,9.6,14.5,2.0,324,14,9.6,13.6,1.8,329,14,9.6,13.6,1.8,329,14,50,29.03,0.0,0,0,0,45.5,48.7,49.6,0.35,0.44,0.48
ELMI,2019-11-08 08:10:00 EST,42.11332,-76.83664,1091,25.6,25.5,14.6,74.5,18.6,0.000,0.000,0.00,0.000,12.2,19.1,2.9,320,15,12.2,21.1,3.2,326,15,12.2,21.1,3.2,326,15,50,29.03,-0.0,0,0,0,45.5,48.6,49.6,0.35,0.44,0.48
ELMI,2019-11-08 08:15:00 EST,42.11332,-76.83664,1091,25.3,25.3,13.6,73.3,18.0,0.000,0.000,0.00,0.000,14.4,23.2,3.1,309,11,13.8,22.4,3.0,315,10,13.8,22.4,3.0,315,10,51,29.04,0.0,0,0,0,45.5,48.6,49.6,0.35,0.44,0.48
ELMI,2019-11-08 08:20:00 EST,42.11332,-76.83664,1091,25.2,25.2,14.7,73.7,18.0,0.000,0.000,0.00,0.000,10.9,17.4,2.6,324,17,11.1,19.1,2.8,329,15,11.1,19.1,2.8,329,15,85,29.04,0.0,0,0,0,45.5,48.6,49.6,0.35,0.44,0.48
ELMI,2019-11-08 08:25:00 EST,42.11332,-76.83664,1091,25.5,25.5,14.3,71.9,17.7,0.000,0.000,0.00,0.000,13.0,19.6,2.9,314,11,12.8,19.7,2.8,319,11,12.8,19.7,2.8,319,11,206,29.04,0.0,0,0,0,45.5,48.6,49.6,0.35,0.44,0.48
ELMI,2019-11-08 08:30:00 EST,42.11332,-76.83664,1091,25.7,25.6,15.6,73.0,18.3,0.000,0.000,0.00,0.000,10.2,15.3,2.0,319,20,10.6,17.3,2.3,327,16,10.6,17.3,2.3,327,16,174,29.04,0.0,0,0,0,45.5,48.6,49.6,0.35,0.44,0.48
ELMI,2019-11-08 08:35:00 EST,42.11332,-76.83664,1091,25.4,25.4,13.5,71.3,17.4,0.000,0.000,0.00,0.000,14.8,20.3,2.6,312,9,14.1,19.8,2.6,317,9,14.1,19.8,2.6,317,9,75,29.04,0.0,0,0,0,45.5,48.6,49.6,0.35,0.44,0.48
ELMI,2019-11-08 08:40:00 EST,42.11332,-76.83664,1091,25.4,25.4,14.4,72.4,17.7,0.000,0.000,0.00,0.000,11.7,19.4,3.5,324,13,12.0,20.4,3.8,329,12,12.0,20.4,3.8,329,12,174,29.04,0.1,0,0,0,45.5,48.6,49.6,0.35,0.44,0.48
ELMI,2019-11-08 08:45:00 EST,42.11332,-76.83664,1091,25.8,25.7,15.5,71.4,17.8,0.000,0.000,0.00,0.000,11.2,21.1,3.2,314,14,11.1,20.9,3.0,320,13,11.1,20.9,3.0,320,13,239,29.04,0.0,0,0,0,45.5,48.6,49.6,0.35,0.44,0.48
ELMI,2019-11-08 08:50:00 EST,42.11332,-76.83664,1091,25.9,25.7,14.1,70.2,17.5,0.000,0.000,0.00,0.000,14.4,21.4,3.0,318,7,14.1,21.1,2.9,323,6,14.1,21.1,2.9,323,6,242,29.04,0.1,0,0,0,45.5,48.6,49.6,0.35,0.44,0.48
ELMI,2019-11-08 08:55:00 EST,42.11332,-76.83664,1091,26.1,25.8,14.2,70.5,17.8,0.000,0.000,0.00,0.000,14.4,29.2,4.9,317,15,14.5,27.9,4.4,322,13,14.5,27.9,4.4,322,13,340,29.04,0.1,0,0,0,45.5,48.6,49.6,0.35,0.44,0.48
ELMI,2019-11-08 09:00:00 EST,42.11332,-76.83664,1091,26.1,25.8,13.6,70.0,17.7,0.000,0.000,0.00,0.000,15.7,22.7,2.4,327,14,16.1,24.6,2.9,333,14,16.1,24.6,2.9,333,14,306,29.04,0.1,0,0,0,45.5,48.6,49.6,0.35,0.44,0.48
ELMI,2019-11-08 09:05:00 EST,42.11332,-76.83664,1091,26.3,26.0,15.2,69.8,17.8,0.000,0.000,0.00,0.000,12.6,18.5,3.5,321,16,13.0,19.2,3.2,326,13,13.0,19.2,3.2,326,13,335,29.05,0.1,0,0,0,45.5,48.6,49.6,0.35,0.44,0.48
ELMI,2019-11-08 09:10:00 EST,42.11332,-76.83664,1091,26.6,26.2,15.5,70.0,18.1,0.000,0.000,0.00,0.000,12.8,17.8,2.2,313,13,12.9,19.2,2.3,318,12,12.9,19.2,2.3,318,12,392,29.05,0.0,0,0,0,45.5,48.6,49.6,0.35,0.44,0.48
ELMI,2019-11-08 09:15:00 EST,42.11332,-76.83664,1091,26.6,26.2,15.0,67.9,17.4,0.000,0.000,0.00,0.000,14.2,19.1,2.4,316,14,14.3,22.7,2.5,322,14,14.3,22.7,2.5,322,14,321,29.05,0.1,0,0,0,45.5,48.6,49.6,0.35,0.44,0.48
ELMI,2019-11-08 09:20:00 EST,42.11332,-76.83664,1091,26.5,26.1,14.8,69.3,17.8,0.000,0.000,0.00,0.000,14.3,23.2,4.3,319,13,14.4,24.6,4.4,324,13,14.4,24.6,4.4,324,13,281,29.05,0.0,0,0,0,45.5,48.6,49.6,0.35,0.44,0.48
ELMI,2019-11-08 09:25:00 EST,42.11332,-76.83664,1091,26.6,26.2,14.2,67.1,17.2,0.000,0.000,0.00,0.000,16.1,24.0,3.5,327,16,16.3,24.9,3.7,332,12,16.3,24.9,3.7,332,12,397,29.05,0.1,0,0,0,45.5,48.6,49.6,0.35,0.44,0.48
ELMI,2019-11-08 09:30:00 EST,42.11332,-76.83664,1091,26.9,26.3,16.0,68.4,17.8,0.000,0.000,0.00,0.000,12.2,19.1,2.5,327,15,12.7,22.6,2.6,333,15,12.7,22.6,2.6,333,15,291,29.05,0.1,0,0,0,45.5,48.6,49.6,0.35,0.44,0.48
ELMI,2019-11-08 09:35:00 EST,42.11332,-76.83664,1091,26.5,26.1,13.3,67.4,17.2,0.000,0.000,0.00,0.000,18.2,28.5,2.9,306,9,18.4,30.4,3.1,311,9,18.4,30.4,3.1,311,9,182,29.05,0.0,0,0,0,45.4,48.6,49.6,0.35,0.44,0.48
ELMI,2019-11-08 09:40:00 EST,42.11332,-76.83664,1091,26.2,25.9,13.5,65.9,16.4,0.000,0.000,0.00,0.000,16.6,22.9,3.4,306,11,16.8,25.0,3.5,311,10,16.8,25.0,3.5,311,10,157,29.05,0.0,0,0,0,45.3,48.6,49.6,0.35,0.44,0.48
ELMI,2019-11-08 09:45:00 EST,42.11332,-76.83664,1091,26.2,25.9,14.5,67.1,16.8,0.000,0.000,0.00,0.000,14.0,23.5,3.0,311,15,14.2,23.8,3.1,317,14,14.2,23.8,3.1,317,14,201,29.05,0.1,0,0,0,45.4,48.6,49.6,0.35,0.44,0.48
ELMI,2019-11-08 09:50:00 EST,42.11332,-76.83664,1091,26.5,26.1,14.4,65.6,16.6,0.000,0.000,0.00,0.000,15.3,21.2,1.9,303,11,15.5,20.2,1.9,309,10,15.5,20.2,1.9,309,10,384,29.05,0.1,0,0,0,45.3,48.6,49.6,0.35,0.44,0.48
ELMI,2019-11-08 09:55:00 EST,42.11332,-76.83664,1091,26.9,26.3,15.4,68.0,17.7,0.000,0.000,0.00,0.000,13.6,20.6,3.1,319,13,14.0,23.3,3.3,325,11,14.0,23.3,3.3,325,11,291,29.06,0.1,0,0,0,45.3,48.6,49.6,0.35,0.44,0.48
ELMI,2019-11-08 10:00:00 EST,42.11332,-76.83664,1091,26.8,26.3,15.1,66.8,17.3,0.000,0.000,0.00,0.000,14.1,21.3,3.7,331,11,14.8,23.2,3.7,337,10,14.8,23.2,3.7,337,10,343,29.06,0.1,0,0,0,45.3,48.6,49.6,0.35,0.44,0.48
ELMI,2019-11-08 10:05:00 EST,42.11332,-76.83664,1091,26.7,26.2,16.5,66.8,17.2,0.000,0.000,0.00,0.000,10.8,17.2,2.3,324,13,11.3,16.9,2.2,330,13,11.3,16.9,2.2,330,13,289,29.06,0.1,0,0,0,45.3,48.6,49.6,0.35,0.44,0.48
ELMI,2019-11-08 10:10:00 EST,42.11332,-76.83664,1091,27.2,26.5,16.5,66.6,17.5,0.000,0.000,0.00,0.000,12.0,18.9,3.0,317,13,12.5,19.3,2.9,324,13,12.5,19.3,2.9,324,13,427,29.06,-0.0,0,0,0,45.3,48.6,49.6,0.35,0.44,0.48
ELMI,2019-11-08 10:15:00 EST,42.11332,-76.83664,1091,27.1,26.4,15.8,66.6,17.5,0.000,0.000,0.00,0.000,13.5,19.4,2.7,321,11,13.8,19.5,2.7,327,11,13.8,19.5,2.7,327,11,417,29.06,0.1,0,0,0,45.3,48.6,49.6,0.35,0.44,0.48
ELMI,2019-11-08 10:20:00 EST,42.11332,-76.83664,1091,27.1,26.4,16.3,66.5,17.4,0.000,0.000,0.00,0.000,12.2,21.7,3.0,316,11,12.6,23.9,3.0,321,11,12.6,23.9,3.0,321,11,319,29.06,0.1,0,0,0,45.3,48.6,49.6,0.35,0.44,0.48
ELMI,2019-11-08 10:25:00 EST,42.11332,-76.83664,1091,27.2,26.6,17.7,67.7,17.9,0.000,0.000,0.00,0.000,9.5,13.8,2.5,327,15,10.0,17.0,2.5,332,14,10.0,17.0,2.5,332,14,262,29.07,0.1,0,0,0,45.3,48.6,49.6,0.35,0.44,0.48
ELMI,2019-11-08 10:30:00 EST,42.11332,-76.83664,1091,27.0,26.4,15.8,64.8,16.7,0.000,0.000,0.00,0.000,13.2,19.4,2.9,312,13,13.6,20.9,2.9,317,14,13.6,20.9,2.9,317,14,371,29.07,0.1,0,0,0,45.3,48.6,49.6,0.35,0.44,0.48
ELMI,2019-11-08 10:35:00 EST,42.11332,-76.83664,1091,27.1,26.6,17.1,66.2,17.3,0.000,0.000,0.00,0.000,10.4,16.1,2.3,329,11,11.1,18.4,2.7,337,11,11.1,18.4,2.7,337,11,255,29.07,0.1,0,0,0,45.3,48.6,49.6,0.35,0.44,0.48
ELMI,2019-11-08 10:40:00 EST,42.11332,-76.83664,1091,27.2,26.6,18.5,69.4,18.5,0.000,0.000,0.00,0.000,8.2,11.8,2.0,325,20,8.7,13.5,2.3,331,21,8.7,13.5,2.3,331,21,170,29.07,-0.0,0,0,0,45.2,48.6,49.6,0.35,0.44,0.48
ELMI,2019-11-08 10:45:00 EST,42.11332,-76.83664,1091,26.8,26.2,17.2,70.5,18.5,0.000,0.000,0.00,0.000,9.3,12.8,1.9,323,15,10.1,14.3,2.1,328,16,10.1,14.3,2.1,328,16,167,29.07,0.0,0,0,0,45.2,48.6,49.6,0.35,0.44,0.48
ELMI,2019-11-08 10:50:00 EST,42.11332,-76.83664,1091,26.5,26.0,18.4,69.0,17.7,0.000,0.000,0.00,0.000,7.2,13.1,2.6,321,24,7.7,14.4,2.8,330,24,7.7,14.4,2.8,330,24,172,29.07,0.0,0,0,0,45.2,48.6,49.6,0.35,0.44,0.48
ELMI,2019-11-08 10:55:00 EST,42.11332,-76.83664,1091,26.5,26.0,16.9,69.3,17.8,0.000,0.000,0.00,0.000,9.5,16.4,3.1,324,15,10.0,16.6,3.4,331,15,10.0,16.6,3.4,331,15,184,29.07,0.0,0,0,0,45.1,48.6,49.6,0.35,0.44,0.48
ELMI,2019-11-08 11:00:00 EST,42.11332,-76.83664,1091,26.4,26.0,18.0,68.9,17.6,0.000,0.000,0.00,0.000,7.4,14.2,2.3,348,21,8.1,15.9,2.5,354,18,8.1,15.9,2.5,354,18,207,29.07,0.1,0,0,0,45.1,48.6,49.6,0.34,0.44,0.48
ELMI,2019-11-08 11:05:00 EST,42.11332,-76.83664,1091,26.5,26.0,16.9,67.0,17.0,0.000,0.000,0.00,0.000,9.1,16.1,2.8,339,21,10.0,17.4,2.9,345,20,10.0,17.4,2.9,345,20,217,29.07,0.0,0,0,0,45.1,48.5,49.6,0.35,0.44,0.48
ELMI,2019-11-08 11:10:00 EST,42.11332,-76.83664,1091,26.7,26.2,15.6,66.8,17.1,0.000,0.000,0.00,0.000,12.2,17.1,2.3,331,24,13.1,20.2,2.8,338,22,13.1,20.2,2.8,338,22,251,29.07,0.1,0,0,0,45.1,48.5,49.6,0.35,0.44,0.48
ELMI,2019-11-08 11:15:00 EST,42.11332,-76.83664,1091,26.7,26.2,16.2,67.2,17.3,0.000,0.000,0.00,0.000,11.4,16.8,2.0,331,12,12.0,18.7,2.5,338,12,12.0,18.7,2.5,338,12,213,29.07,0.0,0,0,0,45.1,48.5,49.6,0.34,0.44,0.48
ELMI,2019-11-08 11:20:00 EST,42.11332,-76.83664,1091,26.7,26.2,14.8,65.5,16.7,0.000,0.000,0.00,0.000,14.4,20.0,2.2,311,10,14.9,20.9,2.2,316,10,14.9,20.9,2.2,316,10,254,29.07,0.1,0,0,0,45.1,48.6,49.6,0.35,0.44,0.48
ELMI,2019-11-08 11:25:00 EST,42.11332,-76.83664,1091,26.7,26.3,14.8,62.0,15.5,0.000,0.000,0.00,0.000,14.8,21.0,2.6,316,12,15.0,21.6,2.8,323,13,15.0,21.6,2.8,323,13,336,29.07,0.1,0,0,0,45.1,48.6,49.6,0.34,0.44,0.48
ELMI,2019-11-08 11:30:00 EST,42.11332,-76.83664,1091,27.2,26.6,15.6,62.8,16.2,0.000,0.000,0.00,0.000,14.1,22.7,2.4,313,17,14.7,22.6,2.6,319,18,14.7,22.6,2.6,319,18,456,29.07,0.1,0,0,0,45.1,48.5,49.6,0.35,0.44,0.48
ELMI,2019-11-08 11:35:00 EST,42.11332,-76.83664,1091,27.9,27.2,16.5,62.6,16.7,0.000,0.000,0.00,0.000,14.2,22.0,3.5,306,13,14.4,21.6,3.5,311,12,14.4,21.6,3.5,311,12,552,29.07,0.1,0,0,0,45.1,48.4,49.6,0.34,0.44,0.48
ELMI,2019-11-08 11:40:00 EST,42.11332,-76.83664,1091,27.7,26.9,15.4,62.0,16.3,0.000,0.000,0.00,0.000,16.6,23.2,2.9,314,9,16.7,23.9,2.9,320,9,16.7,23.9,2.9,320,9,486,29.07,0.1,0,0,0,45.1,48.4,49.6,0.35,0.44,0.48
ELMI,2019-11-08 11:45:00 EST,42.11332,-76.83664,1091,28.0,27.2,17.5,63.4,17.2,0.000,0.000,0.00,0.000,12.2,18.4,2.7,318,11,12.6,19.2,2.8,324,13,12.6,19.2,2.8,324,13,397,29.07,-0.0,0,0,0,45.1,48.4,49.6,0.34,0.44,0.48
ELMI,2019-11-08 11:50:00 EST,42.11332,-76.83664,1091,28.1,27.2,16.7,63.1,17.1,0.000,0.000,0.00,0.000,14.3,20.5,2.7,311,7,14.5,21.7,2.8,317,6,14.5,21.7,2.8,317,6,570,29.07,0.0,0,0,0,45.1,48.4,49.6,0.34,0.44,0.48
ELMI,2019-11-08 11:55:00 EST,42.11332,-76.83664,1091,28.3,27.6,18.0,62.7,17.2,0.000,0.000,0.00,0.000,11.3,18.0,2.6,333,13,12.3,19.3,3.0,339,13,12.3,19.3,3.0,339,13,486,29.06,-0.0,0,0,0,45.1,48.4,49.6,0.34,0.44,0.48
ELMI,2019-11-08 12:00:00 EST,42.11332,-76.83664,1091,28.4,27.6,17.8,63.3,17.5,0.000,0.000,0.00,0.000,12.3,18.9,2.8,326,15,13.0,21.3,3.0,333,13,13.0,21.3,3.0,333,13,514,29.06,-0.1,0,0,0,45.1,48.4,49.6,0.34,0.44,0.48
ELMI,2019-11-08 12:05:00 EST,42.11332,-76.83664,1091,28.1,27.2,17.1,62.5,16.9,0.000,0.000,0.00,0.000,13.3,21.8,3.2,320,9,13.6,20.1,3.1,326,9,13.6,20.1,3.1,326,9,491,29.06,-0.0,0,0,0,45.1,48.4,49.6,0.35,0.44,0.48
ELMI,2019-11-08 12:10:00 EST,42.11332,-76.83664,1091,28.4,27.3,18.7,65.0,18.1,0.000,0.000,0.00,0.000,10.7,18.0,3.1,318,10,11.0,17.8,3.1,323,10,11.0,17.8,3.1,323,10,513,29.06,-0.0,0,0,0,45.1,48.4,49.6,0.35,0.44,0.48
ELMI,2019-11-08 12:15:00 EST,42.11332,-76.83664,1091,28.3,27.3,17.1,63.8,17.7,0.000,0.000,0.00,0.000,14.2,19.9,3.2,319,8,14.6,20.6,3.2,325,8,14.6,20.6,3.2,325,8,447,29.06,-0.0,0,0,0,45.1,48.4,49.6,0.35,0.44,0.48
ELMI,2019-11-08 12:20:00 EST,42.11332,-76.83664,1091,27.9,27.0,16.4,62.9,16.9,0.000,0.000,0.00,0.000,14.4,19.4,2.3,306,9,14.8,19.9,2.4,312,9,14.8,19.9,2.4,312,9,430,29.06,-0.1,0,0,0,45.1,48.4,49.6,0.35,0.44,0.48
ELMI,2019-11-08 12:25:00 EST,42.11332,-76.83664,1091,28.2,27.1,17.4,63.5,17.4,0.000,0.000,0.00,0.000,13.0,17.6,2.1,308,8,13.3,18.2,2.2,313,8,13.3,18.2,2.2,313,8,482,29.06,-0.1,0,0,0,45.1,48.4,49.6,0.35,0.44,0.48
ELMI,2019-11-08 12:30:00 EST,42.11332,-76.83664,1091,28.0,27.0,16.4,62.4,16.8,0.000,0.000,0.00,0.000,14.9,20.6,2.4,312,9,15.2,21.6,2.5,318,8,15.2,21.6,2.5,318,8,435,29.06,-0.0,0,0,0,45.1,48.4,49.6,0.35,0.44,0.48
ELMI,2019-11-08 12:35:00 EST,42.11332,-76.83664,1091,28.4,27.3,17.9,63.4,17.5,0.000,0.000,0.00,0.000,12.6,19.2,2.3,314,11,12.8,20.6,2.3,320,11,12.8,20.6,2.3,320,11,421,29.06,-0.1,0,0,0,45.1,48.4,49.6,0.35,0.44,0.48
ELMI,2019-11-08 12:40:00 EST,42.11332,-76.83664,1091,27.8,27.1,17.1,62.2,16.5,0.000,0.000,0.00,0.000,12.9,17.2,1.9,307,11,13.0,17.3,1.9,313,10,13.0,17.3,1.9,313,10,343,29.05,-0.0,0,0,0,45.1,48.4,49.6,0.35,0.44,0.48
ELMI,2019-11-08 12:45:00 EST,42.11332,-76.83664,1091,28.4,27.6,18.9,63.0,17.4,0.000,0.000,0.00,0.000,10.4,13.4,1.7,305,14,10.6,15.2,1.7,311,13,10.6,15.2,1.7,311,13,398,29.05,0.0,0,0,0,45.1,48.4,49.6,0.35,0.44,0.48
ELMI,2019-11-08 12:50:00 EST,42.11332,-76.83664,1091,28.2,27.5,18.2,63.2,17.3,0.000,0.000,0.00,0.000,11.3,17.7,2.7,308,11,11.7,18.1,2.6,315,11,11.7,18.1,2.6,315,11,237,29.06,-0.1,0,0,0,45.1,48.4,49.6,0.35,0.44,0.48
ELMI,2019-11-08 12:55:00 EST,42.11332,-76.83664,1091,27.9,27.2,17.8,63.8,17.2,0.000,0.000,0.00,0.000,11.4,17.8,3.2,309,14,11.7,18.6,3.4,315,12,11.7,18.6,3.4,315,12,291,29.06,-0.2,0,0,0,45.0,48.4,49.6,0.35,0.44,0.48
ELMI,2019-11-08 13:00:00 EST,42.11332,-76.83664,1091,28.1,27.1,17.3,63.8,17.4,0.000,0.000,0.00,0.000,13.0,18.0,2.0,308,8,13.1,18.0,2.0,315,9,13.1,18.0,2.0,315,9,371,29.06,-0.1,0,0,0,45.0,48.4,49.6,0.35,0.44,0.48
ELMI,2019-11-08 13:05:00 EST,42.11332,-76.83664,1091,27.8,27.0,17.9,64.2,17.3,0.000,0.000,0.00,0.000,10.9,15.9,2.3,313,10,11.2,16.5,2.3,320,9,11.2,16.5,2.3,320,9,213,29.06,-0.2,0,0,0,45.1,48.4,49.6,0.35,0.44,0.48
ELMI,2019-11-08 13:10:00 EST,42.11332,-76.83664,1091,27.3,26.8,17.0,61.8,15.9,0.000,0.000,0.00,0.000,11.6,14.8,1.7,304,8,11.8,15.2,1.8,311,8,11.8,15.2,1.8,311,8,149,29.06,-0.1,0,0,0,45.0,48.4,49.6,0.35,0.44,0.48
ELMI,2019-11-08 13:15:00 EST,42.11332,-76.83664,1091,27.7,27.1,18.4,62.6,16.6,0.000,0.000,0.00,0.000,9.9,13.8,1.5,312,13,10.1,14.7,1.5,319,13,10.1,14.7,1.5,319,13,312,29.06,-0.0,0,0,0,45.0,48.4,49.6,0.35,0.44,0.48
ELMI,2019-11-08 13:20:00 EST,42.11332,-76.83664,1091,27.8,27.2,18.5,60.8,16.0,0.000,0.000,0.00,0.000,9.8,14.0,1.8,322,13,10.0,16.2,2.0,328,13,10.0,16.2,2.0,328,13,221,29.06,-0.1,0,0,0,45.0,48.4,49.6,0.35,0.44,0.48
ELMI,2019-11-08 13:25:00 EST,42.11332,-76.83664,1091,27.6,27.1,18.3,62.1,16.4,0.000,0.000,0.00,0.000,9.5,15.0,2.1,323,12,10.0,15.7,2.2,329,11,10.0,15.7,2.2,329,11,168,29.06,-0.1,0,0,0,45.0,48.4,49.6,0.35,0.44,0.48
ELMI,2019-11-08 13:30:00 EST,42.11332,-76.83664,1091,27.5,27.0,18.6,64.1,17.0,0.000,0.000,0.00,0.000,8.8,11.8,1.4,322,16,9.3,13.0,1.5,330,15,9.3,13.0,1.5,330,15,139,29.06,-0.1,0,0,0,45.0,48.4,49.6,0.35,0.44,0.48
ELMI,2019-11-08 13:35:00 EST,42.11332,-76.83664,1091,27.3,26.9,17.6,63.2,16.5,0.000,0.000,0.00,0.000,10.2,15.2,2.1,319,12,10.5,16.1,2.4,325,13,10.5,16.1,2.4,325,13,130,29.06,-0.1,0,0,0,45.0,48.4,49.6,0.35,0.44,0.48
ELMI,2019-11-08 13:40:00 EST,42.11332,-76.83664,1091,27.3,26.9,18.3,64.6,17.0,0.000,0.000,0.00,0.000,8.8,14.7,2.2,329,9,9.3,16.9,2.5,336,10,9.3,16.9,2.5,336,10,123,29.06,-0.1,0,0,0,45.0,48.4,49.6,0.35,0.44,0.48
ELMI,2019-11-08 13:45:00 EST,42.11332,-76.83664,1091,27.5,27.0,18.2,64.9,17.2,0.000,0.000,0.00,0.000,9.0,12.3,1.7,333,17,9.8,13.7,1.9,340,13,9.8,13.7,1.9,340,13,215,29.06,0.0,0,0,0,45.0,48.4,49.6,0.35,0.44,0.48
ELMI,2019-11-08 13:50:00 EST,42.11332,-76.83664,1091,28.5,27.6,19.9,62.3,17.2,0.000,0.000,0.00,0.000,8.6,13.9,1.8,329,14,9.0,14.8,1.9,338,12,9.0,14.8,1.9,338,12,453,29.06,-0.0,0,0,0,45.0,48.4,49.5,0.35,0.44,0.48
ELMI,2019-11-08 13:55:00 EST,42.11332,-76.83664,1091,28.9,28.0,20.5,61.2,17.2,0.000,0.000,0.00,0.000,8.2,12.3,2.0,325,20,8.9,14.1,2.4,333,20,8.9,14.1,2.4,333,20,444,29.06,-0.0,0,0,0,45.0,48.4,49.5,0.35,0.44,0.48
ELMI,2019-11-08 14:00:00 EST,42.11332,-76.83664,1091,29.0,28.2,21.6,60.2,16.9,0.000,0.000,0.00,0.000,6.9,11.0,1.7,315,22,7.4,11.7,1.7,322,22,7.4,11.7,1.7,322,22,407,29.06,-0.0,0,0,0,45.0,48.4,49.5,0.35,0.44,0.48
ELMI,2019-11-08 14:05:00 EST,42.11332,-76.83664,1091,29.8,28.8,23.6,60.9,17.9,0.000,0.000,0.00,0.000,5.5,11.1,1.9,305,23,5.9,11.9,1.9,312,22,5.9,11.9,1.9,312,22,475,29.06,0.0,0,0,0,45.0,48.4,49.5,0.35,0.44,0.48
ELMI,2019-11-08 14:10:00 EST,42.11332,-76.83664,1091,29.8,28.8,21.3,60.1,17.6,0.000,0.000,0.00,0.000,9.0,12.6,1.7,321,14,9.4,14.1,1.9,329,14,9.4,14.1,1.9,329,14,465,29.06,-0.1,0,0,0,45.0,48.4,49.5,0.35,0.44,0.48
ELMI,2019-11-08 14:15:00 EST,42.11332,-76.83664,1091,30.2,29.2,23.3,59.4,17.7,0.000,0.000,0.00,0.000,6.7,10.6,2.1,308,24,7.1,13.2,2.2,313,24,7.1,13.2,2.2,313,24,463,29.06,-0.2,0,0,0,45.0,48.4,49.5,0.35,0.44,0.48
ELMI,2019-11-08 14:20:00 EST,42.11332,-76.83664,1091,29.8,28.8,20.6,58.3,16.9,0.000,0.000,0.00,0.000,10.2,14.8,2.4,322,16,10.6,15.9,2.5,330,12,10.6,15.9,2.5,330,12,442,29.06,-0.1,0,0,0,45.0,48.4,49.5,0.35,0.44,0.48
ELMI,2019-11-08 14:25:00 EST,42.11332,-76.83664,1091,30.2,29.1,23.9,62.0,18.7,0.000,0.000,0.00,0.000,5.3,10.4,2.4,349,23,6.2,11.9,2.5,356,23,6.2,11.9,2.5,356,23,414,29.06,-0.1,0,0,0,45.0,48.4,49.5,0.35,0.44,0.48
ELMI,2019-11-08 14:30:00 EST,42.11332,-76.83664,1091,29.7,28.8,21.7,59.9,17.5,0.000,0.000,0.00,0.000,7.8,13.2,2.2,341,17,8.5,14.8,2.6,349,18,8.5,14.8,2.6,349,18,402,29.06,-0.2,0,0,0,45.0,48.4,49.5,0.35,0.44,0.48
ELMI,2019-11-08 14:35:00 EST,42.11332,-76.83664,1091,29.6,28.7,21.7,59.5,17.2,0.000,0.000,0.00,0.000,7.5,14.0,2.8,337,21,8.3,17.1,3.2,345,22,8.3,17.1,3.2,345,22,393,29.06,-0.2,0,0,0,45.0,48.4,49.5,0.35,0.44,0.48
ELMI,2019-11-08 14:40:00 EST,42.11332,-76.83664,1091,29.4,28.6,20.9,60.8,17.5,0.000,0.000,0.00,0.000,8.5,12.7,1.7,330,13,9.4,15.8,2.3,337,13,9.4,15.8,2.3,337,13,316,29.06,-0.2,0,0,0,45.0,48.4,49.5,0.35,0.44,0.48
ELMI,2019-11-08 14:45:00 EST,42.11332,-76.83664,1091,29.9,28.8,23.8,61.3,18.2,0.000,0.000,0.00,0.000,5.0,13.8,3.2,340,25,5.9,16.2,3.4,347,26,5.9,16.2,3.4,347,26,335,29.06,-0.2,0,0,0,45.0,48.4,49.5,0.35,0.44,0.48
ELMI,2019-11-08 14:50:00 EST,42.11332,-76.83664,1091,29.9,28.9,23.1,59.9,17.6,0.000,0.000,0.00,0.000,6.1,10.3,1.6,341,22,6.8,11.9,1.9,349,19,6.8,11.9,1.9,349,19,302,29.06,-0.2,0,0,0,45.0,48.4,49.5,0.35,0.44,0.48
ELMI,2019-11-08 14:55:00 EST,42.11332,-76.83664,1091,29.7,28.9,20.6,59.2,17.2,0.000,0.000,0.00,0.000,9.5,17.9,3.1,331,19,10.6,19.5,3.5,338,18,10.6,19.5,3.5,338,18,308,29.06,-0.1,0,0,0,45.0,48.3,49.5,0.35,0.44,0.48
ELMI,2019-11-08 15:00:00 EST,42.11332,-76.83664,1091,29.7,28.9,21.8,59.9,17.5,0.000,0.000,0.00,0.000,8.2,13.4,2.6,325,18,8.5,15.2,2.6,331,18,8.5,15.2,2.6,331,18,272,29.06,-0.1,0,0,0,45.0,48.3,49.5,0.35,0.44,0.48
ELMI,2019-11-08 15:05:00 EST,42.11332,-76.83664,1091,29.7,28.7,20.9,59.8,17.4,0.000,0.000,0.00,0.000,9.4,15.3,2.2,318,16,10.0,14.4,2.0,326,15,10.0,14.4,2.0,326,15,250,29.06,-0.3,0,0,0,45.0,48.3,49.5,0.35,0.44,0.48
ELMI,2019-11-08 15:10:00 EST,42.11332,-76.83664,1091,28.9,28.3,20.5,57.4,15.7,0.000,0.000,0.00,0.000,7.9,16.0,3.1,334,16,8.9,16.1,3.1,341,16,8.9,16.1,3.1,341,16,158,29.06,-0.2,0,0,0,45.0,48.3,49.5,0.35,0.44,0.48
ELMI,2019-11-08 15:15:00 EST,42.11332,-76.83664,1091,28.5,27.9,18.6,58.4,15.7,0.000,0.000,0.00,0.000,11.4,15.9,2.1,320,10,11.6,16.3,2.2,327,10,11.6,16.3,2.2,327,10,150,29.07,-0.1,0,0,0,45.0,48.2,49.5,0.35,0.44,0.48
ELMI,2019-11-08 15:20:00 EST,42.11332,-76.83664,1091,28.5,27.9,18.5,59.0,16.0,0.000,0.000,0.00,0.000,11.3,16.7,2.2,330,9,11.8,16.7,2.1,338,8,11.8,16.7,2.1,338,8,181,29.07,-0.2,0,0,0,45.0,48.3,49.5,0.35,0.44,0.48
ELMI,2019-11-08 15:25:00 EST,42.11332,-76.83664,1091,28.3,27.8,18.2,58.5,15.6,0.000,0.000,0.00,0.000,11.5,16.8,2.3,328,8,11.9,17.2,2.4,335,9,11.9,17.2,2.4,335,9,159,29.07,-0.1,0,0,0,45.0,48.2,49.5,0.35,0.44,0.48
ELMI,2019-11-08 15:30:00 EST,42.11332,-76.83664,1091,28.4,27.8,19.0,59.8,16.2,0.000,0.000,0.00,0.000,9.7,15.1,2.0,333,14,10.4,16.9,2.4,340,12,10.4,16.9,2.4,340,12,136,29.07,-0.2,0,0,0,45.0,48.2,49.5,0.35,0.44,0.48
ELMI,2019-11-08 15:35:00 EST,42.11332,-76.83664,1091,28.1,27.7,18.8,61.4,16.6,0.000,0.000,0.00,0.000,9.5,14.0,1.8,325,15,10.3,16.1,2.0,332,15,10.3,16.1,2.0,332,15,114,29.07,-0.1,0,0,0,45.0,48.2,49.5,0.35,0.44,0.48
ELMI,2019-11-08 15:40:00 EST,42.11332,-76.83664,1091,28.2,27.7,18.9,61.8,16.8,0.000,0.000,0.00,0.000,9.9,15.3,2.1,318,11,10.2,16.2,2.2,324,12,10.2,16.2,2.2,324,12,126,29.07,-0.1,0,0,0,45.0,48.2,49.5,0.35,0.44,0.48
ELMI,2019-11-08 15:45:00 EST,42.11332,-76.83664,1091,28.2,27.8,18.6,60.7,16.4,0.000,0.000,0.00,0.000,10.7,18.4,2.8,312,9,10.7,18.9,2.8,319,8,10.7,18.9,2.8,319,8,99,29.07,-0.2,0,0,0,45.0,48.2,49.5,0.35,0.44,0.48
ELMI,2019-11-08 15:50:00 EST,42.11332,-76.83664,1091,28.0,27.6,16.3,58.5,15.3,0.000,0.000,0.00,0.000,15.1,21.3,2.1,298,12,15.3,22.3,2.3,303,12,15.3,22.3,2.3,303,12,141,29.07,-0.1,0,0,0,45.0,48.2,49.5,0.35,0.44,0.48
ELMI,2019-11-08 15:55:00 EST,42.11332,-76.83664,1091,27.9,27.5,17.6,58.9,15.4,0.000,0.000,0.00,0.000,12.0,18.0,2.1,304,8,12.0,16.7,2.0,310,9,12.0,16.7,2.0,310,9,109,29.07,-0.2,0,0,0,45.0,48.2,49.5,0.35,0.44,0.48
ELMI,2019-11-08 16:00:00 EST,42.11332,-76.83664,1091,27.8,27.5,18.0,59.5,15.6,0.000,0.000,0.00,0.000,11.0,16.7,2.2,311,13,11.1,16.6,2.1,318,13,11.1,16.6,2.1,318,13,99,29.07,-0.2,0,0,0,45.0,48.2,49.5,0.35,0.44,0.48
ELMI,2019-11-08 16:05:00 EST,42.11332,-76.83664,1091,27.9,27.5,17.2,58.9,15.4,0.000,0.000,0.00,0.000,13.1,17.0,1.9,305,9,12.9,16.8,1.9,312,8,12.9,16.8,1.9,312,8,107,29.07,-0.2,0,0,0,45.0,48.2,49.5,0.35,0.44,0.48
ELMI,2019-11-08 16:10:00 EST,42.11332,-76.83664,1091,27.5,27.3,17.3,60.1,15.5,0.000,0.000,0.00,0.000,11.5,17.0,2.1,302,10,11.6,17.6,2.1,309,10,11.6,17.6,2.1,309,10,48,29.07,-0.2,0,0,0,45.0,48.2,49.5,0.35,0.44,0.48
ELMI,2019-11-08 16:15:00 EST,42.11332,-76.83664,1091,27.2,27.1,17.1,60.7,15.4,0.000,0.000,0.00,0.000,11.1,17.0,2.5,315,9,11.2,17.9,2.5,320,9,11.2,17.9,2.5,320,9,48,29.07,-0.1,0,0,0,45.0,48.2,49.5,0.35,0.44,0.48
ELMI,2019-11-08 16:20:00 EST,42.11332,-76.83664,1091,27.3,27.2,17.0,60.5,15.4,0.000,0.000,0.00,0.000,11.4,17.1,2.3,311,9,11.6,16.7,2.2,317,9,11.6,16.7,2.2,317,9,57,29.08,-0.2,0,0,0,45.0,48.2,49.5,0.35,0.44,0.48
ELMI,2019-11-08 16:25:00 EST,42.11332,-76.83664,1091,27.0,27.1,16.6,60.9,15.3,0.000,0.000,0.00,0.000,11.7,16.4,2.1,310,11,12.0,16.0,2.1,315,12,12.0,16.0,2.1,315,12,32,29.08,-0.2,0,0,0,45.0,48.2,49.5,0.35,0.44,0.48
ELMI,2019-11-08 16:30:00 EST,42.11332,-76.83664,1091,26.8,26.9,18.1,62.3,15.6,0.000,0.000,0.00,0.000,8.4,12.2,2.2,319,12,8.5,12.9,2.0,325,11,8.5,12.9,2.0,325,11,22,29.08,-0.1,0,0,0,45.0,48.2,49.5,0.35,0.44,0.48
ELMI,2019-11-08 16:35:00 EST,42.11332,-76.83664,1091,26.8,26.9,18.3,60.0,14.8,0.000,0.000,0.00,0.000,8.2,12.2,1.8,321,13,8.3,13.5,2.0,328,13,8.3,13.5,2.0,328,13,21,29.08,-0.2,0,0,0,45.0,48.2,49.5,0.35,0.44,0.48
ELMI,2019-11-08 16:40:00 EST,42.11332,-76.83664,1091,26.7,26.8,17.5,61.1,15.0,0.000,0.000,0.00,0.000,9.1,13.7,2.0,324,17,9.4,13.4,2.0,330,17,9.4,13.4,2.0,330,17,21,29.09,-0.2,0,0,0,45.0,48.2,49.5,0.35,0.44,0.48
ELMI,2019-11-08 16:45:00 EST,42.11332,-76.83664,1091,26.6,26.7,17.3,61.3,15.0,0.000,0.000,0.00,0.000,9.2,13.2,1.2,303,12,9.4,13.8,1.3,310,12,9.4,13.8,1.3,310,12,16,29.09,-0.1,0,0,0,45.0,48.2,49.5,0.35,0.44,0.48
ELMI,2019-11-08 16:50:00 EST,42.11332,-76.83664,1091,26.6,26.7,19.0,61.1,15.0,0.000,0.000,0.00,0.000,6.6,11.0,1.9,320,15,6.9,10.6,1.7,327,15,6.9,10.6,1.7,327,15,11,29.09,-0.2,0,0,0,45.0,48.2,49.5,0.35,0.44,0.48
ELMI,2019-11-08 16:55:00 EST,42.11332,-76.83664,1091,26.6,26.7,21.4,61.2,15.1,0.000,0.000,0.00,0.000,4.0,6.4,1.0,338,19,4.4,7.3,1.1,346,19,4.4,7.3,1.1,346,19,6,29.09,-0.2,0,0,0,45.0,48.2,49.5,0.35,0.44,0.48
ELMI,2019-11-08 17:00:00 EST,42.11332,-76.83664,1091,26.5,26.6,22.8,61.8,15.1,0.000,0.000,0.00,0.000,2.8,5.6,1.2,328,28,3.2,6.3,1.2,336,29,3.2,6.3,1.2,336,29,3,29.09,-0.2,0,0,0,45.0,48.2,49.5,0.35,0.44,0.48
ELMI,2019-11-08 17:05:00 EST,42.11332,-76.83664,1091,26.1,26.6,18.7,63.3,15.3,0.000,0.000,0.00,0.000,6.1,10.4,2.2,305,28,6.6,11.3,2.3,311,29,6.6,11.3,2.3,311,29,1,29.09,-0.2,0,0,0,45.0,48.2,49.5,0.35,0.44,0.48
ELMI,2019-11-08 17:10:00 EST,42.11332,-76.83664,1091,26.1,26.4,20.6,62.7,15.2,0.000,0.000,0.00,0.000,4.2,7.4,1.1,328,17,4.6,7.0,1.0,335,18,4.6,7.0,1.0,335,18,0,29.10,-0.2,0,0,0,45.0,48.2,49.5,0.35,0.44,0.48
ELMI,2019-11-08 17:15:00 EST,42.11332,-76.83664,1091,25.9,26.2,21.7,63.7,15.2,0.000,0.000,0.00,0.000,3.2,5.6,1.1,308,25,3.4,6.4,1.2,316,25,3.4,6.4,1.2,316,25,0,29.10,-0.1,0,0,0,45.0,48.2,49.5,0.35,0.44,0.48
ELMI,2019-11-08 17:20:00 EST,42.11332,-76.83664,1091,26.1,26.3,19.4,61.7,14.7,0.000,0.000,0.00,0.000,5.5,8.6,1.3,306,15,5.7,9.0,1.3,311,15,5.7,9.0,1.3,311,15,0,29.10,-0.2,0,0,0,45.0,48.2,49.5,0.35,0.44,0.48
ELMI,2019-11-08 17:25:00 EST,42.11332,-76.83664,1091,26.1,26.3,18.4,60.4,14.3,0.000,0.000,0.00,0.000,7.0,9.9,1.2,303,9,7.1,10.6,1.2,309,8,7.1,10.6,1.2,309,8,0,29.10,-0.2,0,0,0,45.0,48.2,49.5,0.35,0.44,0.48
ELMI,2019-11-08 17:30:00 EST,42.11332,-76.83664,1091,25.9,26.2,18.4,60.2,14.0,0.000,0.000,0.00,0.000,6.7,9.5,1.2,298,10,6.7,9.2,1.1,305,10,6.7,9.2,1.1,305,10,0,29.10,-0.1,0,0,0,45.0,48.2,49.5,0.35,0.44,0.48
ELMI,2019-11-08 17:35:00 EST,42.11332,-76.83664,1091,25.5,25.9,19.0,62.2,14.4,0.000,0.000,0.00,0.000,5.3,11.7,2.0,299,8,5.4,12.6,2.0,306,8,5.4,12.6,2.0,306,8,0,29.10,-0.1,0,0,0,45.0,48.2,49.5,0.35,0.44,0.48
ELMI,2019-11-08 17:40:00 EST,42.11332,-76.83664,1091,25.6,26.0,17.6,62.0,14.3,0.000,0.000,0.00,0.000,7.0,9.8,1.5,299,12,7.1,10.4,1.5,306,11,7.1,10.4,1.5,306,11,0,29.10,-0.2,0,0,0,45.0,48.2,49.5,0.35,0.44,0.48
ELMI,2019-11-08 17:45:00 EST,42.11332,-76.83664,1091,25.4,25.8,17.6,62.7,14.5,0.000,0.000,0.00,0.000,6.6,9.0,1.1,294,10,6.9,10.0,1.2,300,10,6.9,10.0,1.2,300,10,0,29.11,-0.1,0,0,0,45.0,48.2,49.5,0.35,0.44,0.48
ELMI,2019-11-08 17:50:00 EST,42.11332,-76.83664,1091,25.3,25.8,17.5,62.2,14.2,0.000,0.000,0.00,0.000,6.8,9.4,0.9,300,9,6.9,9.9,1.0,307,8,6.9,9.9,1.0,307,8,0,29.11,-0.1,0,0,0,45.0,48.2,49.5,0.35,0.44,0.48
ELMI,2019-11-08 17:55:00 EST,42.11332,-76.83664,1091,25.1,25.6,17.6,63.1,14.3,0.000,0.000,0.00,0.000,6.3,9.1,1.1,296,8,6.4,9.1,1.1,304,8,6.4,9.1,1.1,304,8,0,29.11,-0.1,0,0,0,45.0,48.2,49.5,0.35,0.44,0.48
ELMI,2019-11-08 18:00:00 EST,42.11332,-76.83664,1091,25.1,25.6,16.5,63.1,14.3,0.000,0.000,0.00,0.000,7.8,9.7,0.9,302,10,8.0,10.1,1.0,309,9,8.0,10.1,1.0,309,9,0,29.11,-0.2,0,0,0,45.0,48.2,49.5,0.35,0.44,0.48
ELMI,2019-11-08 18:05:00 EST,42.11332,-76.83664,1091,24.6,25.3,16.3,65.0,14.5,0.000,0.000,0.00,0.000,7.3,9.6,1.1,303,7,7.4,9.9,1.0,310,6,7.4,9.9,1.0,310,6,0,29.11,-0.2,0,0,0,44.9,48.2,49.4,0.35,0.44,0.48
ELMI,2019-11-08 18:10:00 EST,42.11332,-76.83664,1091,24.0,25.2,16.2,67.1,14.7,0.000,0.000,0.00,0.000,6.6,9.3,0.8,307,7,6.6,8.8,0.8,314,5,6.6,8.8,0.8,314,5,0,29.11,-0.2,0,0,0,44.9,48.2,49.5,0.35,0.44,0.48
ELMI,2019-11-08 18:15:00 EST,42.11332,-76.83664,1091,23.8,25.0,16.9,68.0,14.7,0.000,0.000,0.00,0.000,5.4,6.7,0.6,319,7,5.5,7.2,0.6,325,7,5.5,7.2,0.6,325,7,0,29.11,-0.2,0,0,0,44.9,48.2,49.4,0.35,0.44,0.48
ELMI,2019-11-08 18:20:00 EST,42.11332,-76.83664,1091,23.6,24.8,17.2,68.2,14.7,0.000,0.000,0.00,0.000,5.0,7.3,0.8,317,7,5.1,7.8,0.9,323,7,5.1,7.8,0.9,323,7,0,29.12,-0.2,0,0,0,44.8,48.2,49.4,0.35,0.44,0.48
ELMI,2019-11-08 18:25:00 EST,42.11332,-76.83664,1091,23.4,24.7,18.0,69.1,14.8,0.000,0.000,0.00,0.000,4.1,5.3,0.5,316,8,4.2,5.7,0.7,321,7,4.2,5.7,0.7,321,7,0,29.12,-0.2,0,0,0,44.8,48.2,49.5,0.34,0.44,0.48
ELMI,2019-11-08 18:30:00 EST,42.11332,-76.83664,1091,23.9,24.7,19.6,67.6,14.7,0.000,0.000,0.00,0.000,3.2,4.2,0.5,329,8,3.3,4.9,0.6,335,10,3.3,4.9,0.6,335,10,0,29.12,-0.2,0,0,0,44.8,48.2,49.5,0.35,0.44,0.48
ELMI,2019-11-08 18:35:00 EST,42.11332,-76.83664,1091,24.0,24.7,19.7,66.2,14.4,0.000,0.000,0.00,0.000,2.9,4.2,0.5,338,10,3.4,4.9,0.6,345,12,3.4,4.9,0.6,345,12,0,29.12,-0.2,0,0,0,44.8,48.1,49.4,0.34,0.44,0.48
ELMI,2019-11-08 18:40:00 EST,42.11332,-76.83664,1091,24.3,24.6,24.3,65.6,14.4,0.000,0.000,0.00,0.000,2.1,2.8,0.4,339,17,2.4,3.5,0.5,347,15,2.4,3.5,0.5,347,15,0,29.12,-0.1,0,0,0,44.8,48.1,49.4,0.34,0.44,0.48
ELMI,2019-11-08 18:45:00 EST,42.11332,-76.83664,1091,24.3,24.5,24.3,65.0,14.2,0.000,0.000,0.00,0.000,0.5,1.3,0.5,321,9,0.6,1.7,0.6,323,14,0.6,1.7,0.6,323,14,0,29.12,-0.2,0,0,0,44.8,48.1,49.4,0.34,0.44,0.48
ELMI,2019-11-08 18:50:00 EST,42.11332,-76.83664,1091,24.2,24.5,24.2,65.8,14.4,0.000,0.000,0.00,0.000,0.0,0.1,0.0,45,0,0.4,1.2,0.5,70,6,0.4,1.2,0.5,70,6,0,29.12,-0.3,0,0,0,44.8,48.2,49.3,0.34,0.44,0.48
ELMI,2019-11-08 18:55:00 EST,42.11332,-76.83664,1091,24.1,24.6,24.1,65.9,14.4,0.000,0.000,0.00,0.000,0.4,1.2,0.4,54,18,0.8,1.5,0.4,70,24,0.8,1.5,0.4,70,24,0,29.12,-0.2,0,0,0,44.8,48.0,49.3,0.34,0.44,0.48
ELMI,2019-11-08 19:00:00 EST,42.11332,-76.83664,1091,23.8,24.5,23.8,66.0,14.1,0.000,0.000,0.00,0.000,0.7,2.0,0.4,25,47,1.2,2.0,0.3,35,45,1.2,2.0,0.3,35,45,0,29.12,-0.3,0,0,0,44.8,48.0,49.4,0.34,0.44,0.48
ELMI,2019-11-08 19:05:00 EST,42.11332,-76.83664,1091,23.2,23.5,23.2,69.0,14.6,0.000,0.000,0.00,0.000,2.3,3.2,0.6,312,11,2.2,3.4,0.6,318,12,2.2,3.4,0.6,318,12,0,29.12,-0.3,0,0,0,44.8,48.0,49.3,0.34,0.44,0.48
ELMI,2019-11-08 19:10:00 EST,42.11332,-76.83664,1091,22.7,23.0,22.7,73.3,15.4,0.000,0.000,0.00,0.000,2.8,3.3,0.2,309,3,2.4,3.3,0.3,316,3,2.4,3.3,0.3,316,3,0,29.13,-0.2,0,0,0,44.8,48.1,49.3,0.35,0.44,0.48
ELMI,2019-11-08 19:15:00 EST,42.11332,-76.83664,1091,22.9,23.0,22.9,71.5,15.0,0.000,0.000,0.00,0.000,2.8,3.2,0.2,309,5,2.3,3.1,0.3,316,4,2.3,3.1,0.3,316,4,0,29.13,-0.2,0,0,0,44.8,48.1,49.3,0.35,0.44,0.48
ELMI,2019-11-08 19:20:00 EST,42.11332,-76.83664,1091,22.8,23.0,22.8,71.1,14.8,0.000,0.000,0.00,0.000,3.2,3.8,0.3,306,6,2.9,4.1,0.4,314,4,2.9,4.1,0.4,314,4,0,29.13,-0.2,0,0,0,44.8,48.0,49.3,0.35,0.44,0.48
ELMI,2019-11-08 19:25:00 EST,42.11332,-76.83664,1091,22.6,22.8,22.6,72.0,15.0,0.000,0.000,0.00,0.000,3.1,3.9,0.4,312,9,2.8,4.0,0.4,318,9,2.8,4.0,0.4,318,9,0,29.13,-0.2,0,0,0,44.8,48.1,49.3,0.35,0.44,0.48
ELMI,2019-11-08 19:30:00 EST,42.11332,-76.83664,1091,22.7,23.0,22.7,71.7,14.9,0.000,0.000,0.00,0.000,3.0,3.8,0.3,308,7,2.7,3.7,0.4,315,7,2.7,3.7,0.4,315,7,0,29.13,-0.2,0,0,0,44.8,48.1,49.3,0.35,0.44,0.48
ELMI,2019-11-08 19:35:00 EST,42.11332,-76.83664,1091,22.5,22.7,16.9,71.9,14.9,0.000,0.000,0.00,0.000,4.3,4.9,0.4,312,4,4.2,5.1,0.4,317,3,4.2,5.1,0.4,317,3,0,29.13,-0.3,0,0,0,44.8,48.1,49.3,0.35,0.44,0.48
ELMI,2019-11-08 19:40:00 EST,42.11332,-76.83664,1091,22.1,22.6,16.7,72.9,14.7,0.000,0.000,0.00,0.000,4.1,4.9,0.4,313,7,4.0,5.1,0.6,319,6,4.0,5.1,0.6,319,6,0,29.13,-0.3,0,0,0,44.7,48.0,49.3,0.35,0.44,0.48
ELMI,2019-11-08 19:45:00 EST,42.11332,-76.83664,1091,22.2,22.5,16.4,72.8,14.8,0.000,0.000,0.00,0.000,4.4,5.6,0.5,314,6,4.3,5.7,0.6,320,4,4.3,5.7,0.6,320,4,0,29.13,-0.3,0,0,0,44.7,48.0,49.3,0.35,0.44,0.48
ELMI,2019-11-08 19:50:00 EST,42.11332,-76.83664,1091,22.0,22.4,15.9,72.6,14.5,0.000,0.000,0.00,0.000,4.6,5.0,0.2,319,3,4.5,5.1,0.3,323,4,4.5,5.1,0.3,323,4,0,29.13,-0.2,0,0,0,44.6,48.0,49.3,0.35,0.44,0.48
ELMI,2019-11-08 19:55:00 EST,42.11332,-76.83664,1091,22.0,22.4,15.8,72.7,14.6,0.000,0.000,0.00,0.000,4.7,5.3,0.2,317,3,4.6,5.4,0.4,321,3,4.6,5.4,0.4,321,3,0,29.13,-0.2,0,0,0,44.6,48.0,49.3,0.35,0.44,0.48
ELMI,2019-11-08 20:00:00 EST,42.11332,-76.83664,1091,21.8,22.2,15.2,73.3,14.6,0.000,0.000,0.00,0.000,5.0,5.6,0.3,322,4,4.9,5.7,0.2,327,5,4.9,5.7,0.2,327,5,0,29.13,-0.2,0,0,0,44.6,48.0,49.3,0.35,0.44,0.48
ELMI,2019-11-08 20:05:00 EST,42.11332,-76.83664,1091,22.0,22.2,15.6,72.3,14.4,0.000,0.000,0.00,0.000,4.7,5.4,0.3,323,4,4.8,5.6,0.3,328,4,4.8,5.6,0.3,328,4,0,29.13,-0.2,0,0,0,44.6,48.0,49.3,0.35,0.44,0.48
ELMI,2019-11-08 20:10:00 EST,42.11332,-76.83664,1091,22.0,22.3,15.7,71.6,14.2,0.000,0.000,0.00,0.000,4.7,5.4,0.3,324,3,4.6,5.5,0.3,329,5,4.6,5.5,0.3,329,5,0,29.13,-0.2,0,0,0,44.6,48.0,49.3,0.35,0.44,0.48
ELMI,2019-11-08 20:15:00 EST,42.11332,-76.83664,1091,22.2,22.3,16.2,70.9,14.2,0.000,0.000,0.00,0.000,4.7,5.2,0.2,320,3,4.5,5.1,0.3,324,5,4.5,5.1,0.3,324,5,0,29.13,-0.3,0,0,0,44.6,48.0,49.3,0.35,0.44,0.48
ELMI,2019-11-08 20:20:00 EST,42.11332,-76.83664,1091,22.2,22.3,16.0,70.9,14.2,0.000,0.000,0.00,0.000,4.7,5.1,0.2,321,3,4.6,5.1,0.3,326,4,4.6,5.1,0.3,326,4,0,29.13,-0.2,0,0,0,44.6,48.0,49.3,0.35,0.44,0.48
ELMI,2019-11-08 20:25:00 EST,42.11332,-76.83664,1091,22.1,22.3,16.2,71.0,14.1,0.000,0.000,0.00,0.000,4.5,5.0,0.2,318,3,4.3,5.3,0.4,322,3,4.3,5.3,0.4,322,3,0,29.13,-0.3,0,0,0,44.6,48.0,49.3,0.34,0.44,0.48
ELMI,2019-11-08 20:30:00 EST,42.11332,-76.83664,1091,22.1,22.2,16.0,70.9,14.1,0.000,0.000,0.00,0.000,4.7,5.1,0.2,320,2,4.6,5.0,0.2,324,4,4.6,5.0,0.2,324,4,0,29.13,-0.2,0,0,0,44.6,48.0,49.3,0.34,0.44,0.48
ELMI,2019-11-08 20:35:00 EST,42.11332,-76.83664,1091,22.2,22.2,15.9,70.6,14.1,0.000,0.000,0.00,0.000,4.9,5.3,0.2,321,3,4.7,5.2,0.2,324,4,4.7,5.2,0.2,324,4,0,29.13,-0.3,0,0,0,44.6,48.0,49.3,0.34,0.44,0.48
ELMI,2019-11-08 20:40:00 EST,42.11332,-76.83664,1091,22.0,22.1,15.5,70.8,14.0,0.000,0.000,0.00,0.000,5.0,5.6,0.2,321,3,4.9,5.6,0.3,326,4,4.9,5.6,0.3,326,4,0,29.13,-0.2,0,0,0,44.5,48.0,49.3,0.34,0.44,0.48
ELMI,2019-11-08 20:45:00 EST,42.11332,-76.83664,1091,21.9,22.0,15.6,71.4,14.0,0.000,0.000,0.00,0.000,4.7,5.3,0.3,324,3,4.6,5.5,0.3,329,5,4.6,5.5,0.3,329,5,0,29.13,-0.2,0,0,0,44.4,48.0,49.3,0.34,0.44,0.48
ELMI,2019-11-08 20:50:00 EST,42.11332,-76.83664,1091,22.0,22.1,16.3,71.2,14.1,0.000,0.000,0.00,0.000,4.3,5.5,0.4,321,6,4.1,5.3,0.6,326,6,4.1,5.3,0.6,326,6,0,29.13,-0.2,0,0,0,44.4,48.0,49.3,0.34,0.44,0.48
ELMI,2019-11-08 20:55:00 EST,42.11332,-76.83664,1091,22.0,22.3,17.4,71.1,14.1,0.000,0.000,0.00,0.000,3.7,4.5,0.4,311,6,3.4,5.0,0.6,318,4,3.4,5.0,0.6,318,4,0,29.13,-0.2,0,0,0,44.4,48.0,49.3,0.34,0.44,0.48
ELMI,2019-11-08 21:00:00 EST,42.11332,-76.83664,1091,21.9,22.2,16.9,71.0,14.0,0.000,0.000,0.00,0.000,3.9,4.7,0.4,313,4,3.6,4.6,0.6,319,3,3.6,4.6,0.6,319,3,0,29.13,-0.2,0,0,0,44.4,48.0,49.3,0.34,0.44,0.48
ELMI,2019-11-08 21:05:00 EST,42.11332,-76.83664,1091,21.6,22.2,16.5,71.5,13.8,0.000,0.000,0.00,0.000,3.9,4.6,0.4,319,4,3.7,4.6,0.6,323,4,3.7,4.6,0.6,323,4,0,29.13,-0.3,0,0,0,44.4,48.0,49.3,0.34,0.44,0.48
ELMI,2019-11-08 21:10:00 EST,42.11332,-76.83664,1091,21.4,22.2,15.8,72.5,14.0,0.000,0.000,0.00,0.000,3.7,4.3,0.3,340,10,4.1,4.9,0.4,347,11,4.1,4.9,0.4,347,11,0,29.13,-0.2,0,0,0,44.4,48.0,49.3,0.34,0.44,0.48
ELMI,2019-11-08 21:15:00 EST,42.11332,-76.83664,1091,22.2,22.5,16.9,70.6,14.0,0.000,0.000,0.00,0.000,3.2,3.7,0.2,345,6,3.9,4.4,0.2,354,6,3.9,4.4,0.2,354,6,0,29.13,-0.1,0,0,0,44.4,48.0,49.3,0.34,0.44,0.48
ELMI,2019-11-08 21:20:00 EST,42.11332,-76.83664,1091,22.3,22.4,22.3,69.0,13.7,0.000,0.000,0.00,0.000,2.4,3.4,0.4,338,7,2.8,4.0,0.6,345,8,2.8,4.0,0.6,345,8,0,29.13,-0.2,0,0,0,44.4,48.0,49.3,0.34,0.44,0.48
ELMI,2019-11-08 21:25:00 EST,42.11332,-76.83664,1091,22.1,22.1,22.1,69.7,13.7,0.000,0.000,0.00,0.000,2.1,2.7,0.3,338,4,2.6,3.2,0.3,346,6,2.6,3.2,0.3,346,6,0,29.13,-0.2,0,0,0,44.4,48.0,49.3,0.34,0.44,0.48
ELMI,2019-11-08 21:30:00 EST,42.11332,-76.83664,1091,22.0,22.3,22.0,70.2,13.8,0.000,0.000,0.00,0.000,1.3,2.3,0.7,346,13,1.7,3.0,0.8,352,14,1.7,3.0,0.8,352,14,0,29.13,-0.2,0,0,0,44.4,48.0,49.3,0.34,0.44,0.48
ELMI,2019-11-08 21:35:00 EST,42.11332,-76.83664,1091,21.9,22.3,21.9,70.3,13.7,0.000,0.000,0.00,0.000,1.3,2.6,0.6,323,7,1.6,2.9,0.5,329,12,1.6,2.9,0.5,329,12,0,29.13,-0.2,0,0,0,44.3,48.0,49.3,0.34,0.44,0.48
ELMI,2019-11-08 21:40:00 EST,42.11332,-76.83664,1091,21.5,22.1,21.5,71.8,13.8,0.000,0.000,0.00,0.000,1.6,2.8,0.5,325,12,1.7,2.6,0.3,331,15,1.7,2.6,0.3,331,15,0,29.13,-0.3,0,0,0,44.1,48.0,49.3,0.34,0.44,0.48
ELMI,2019-11-08 21:45:00 EST,42.11332,-76.83664,1091,21.8,22.2,21.8,71.9,14.1,0.000,0.000,0.00,0.000,1.7,2.8,0.6,319,12,1.8,2.9,0.4,325,14,1.8,2.9,0.4,325,14,0,29.13,-0.2,0,0,0,44.1,48.0,49.3,0.34,0.44,0.48
ELMI,2019-11-08 21:50:00 EST,42.11332,-76.83664,1091,20.8,22.0,20.8,74.1,13.9,0.000,0.000,0.00,0.000,2.5,3.7,0.6,315,8,2.3,4.0,0.6,322,10,2.3,4.0,0.6,322,10,0,29.13,-0.2,0,0,0,44.1,48.0,49.3,0.34,0.44,0.48
ELMI,2019-11-08 21:55:00 EST,42.11332,-76.83664,1091,19.9,22.1,19.9,77.7,14.1,0.000,0.000,0.00,0.000,1.6,3.4,1.1,328,18,1.9,3.8,1.1,334,20,1.9,3.8,1.1,334,20,0,29.13,-0.2,0,0,0,44.1,48.0,49.3,0.34,0.44,0.48
ELMI,2019-11-08 22:00:00 EST,42.11332,-76.83664,1091,20.1,21.5,20.1,77.1,14.1,0.000,0.000,0.00,0.000,1.1,2.1,0.8,348,31,1.4,2.6,0.8,355,34,1.4,2.6,0.8,355,34,0,29.13,-0.1,0,0,0,44.1,48.0,49.3,0.34,0.44,0.48
ELMI,2019-11-08 22:05:00 EST,42.11332,-76.83664,1091,19.6,20.5,19.6,79.3,14.2,0.000,0.000,0.00,0.000,1.0,2.3,0.6,7,22,1.4,3.0,0.7,12,22,1.4,3.0,0.7,12,22,0,29.13,-0.1,0,0,0,44.1,48.0,49.3,0.34,0.44,0.48
ELMI,2019-11-08 22:10:00 EST,42.11332,-76.83664,1091,20.4,20.7,20.4,80.9,15.4,0.000,0.000,0.00,0.000,0.8,1.5,0.5,26,10,1.0,1.7,0.5,28,19,1.0,1.7,0.5,28,19,0,29.13,-0.2,0,0,0,44.1,48.0,49.3,0.34,0.44,0.48
ELMI,2019-11-08 22:15:00 EST,42.11332,-76.83664,1091,20.2,20.7,20.2,80.4,15.2,0.000,0.000,0.00,0.000,1.4,2.8,0.5,319,13,1.5,2.7,0.3,321,11,1.5,2.7,0.3,321,11,0,29.13,-0.3,0,0,0,44.1,48.0,49.3,0.34,0.44,0.48
ELMI,2019-11-08 22:20:00 EST,42.11332,-76.83664,1091,19.4,21.0,19.4,80.1,14.3,0.000,0.000,0.00,0.000,2.2,3.3,0.4,308,5,1.9,3.7,0.4,315,4,1.9,3.7,0.4,315,4,0,29.13,-0.2,0,0,0,44.1,48.0,49.3,0.34,0.44,0.48
ELMI,2019-11-08 22:25:00 EST,42.11332,-76.83664,1091,20.6,21.7,20.6,77.9,14.8,0.000,0.000,0.00,0.000,2.4,3.2,0.5,320,4,2.2,3.4,0.5,325,5,2.2,3.4,0.5,325,5,0,29.13,-0.3,0,0,0,44.0,48.0,49.3,0.34,0.44,0.48
ELMI,2019-11-08 22:30:00 EST,42.11332,-76.83664,1091,20.6,22.1,20.6,77.0,14.6,0.000,0.000,0.00,0.000,1.8,2.3,0.3,325,4,1.8,2.5,0.3,329,7,1.8,2.5,0.3,329,7,0,29.13,-0.3,0,0,0,43.9,48.0,49.3,0.34,0.44,0.48
ELMI,2019-11-08 22:35:00 EST,42.11332,-76.83664,1091,20.3,21.6,20.3,76.0,14.0,0.000,0.000,0.00,0.000,1.1,2.0,0.5,19,26,1.5,2.8,0.7,24,25,1.5,2.8,0.7,24,25,0,29.13,-0.1,0,0,0,43.9,48.0,49.3,0.34,0.44,0.48
ELMI,2019-11-08 22:40:00 EST,42.11332,-76.83664,1091,20.4,20.9,20.4,77.3,14.5,0.000,0.000,0.00,0.000,1.2,1.7,0.1,41,6,1.4,1.8,0.1,44,10,1.4,1.8,0.1,44,10,0,29.13,-0.3,0,0,0,43.9,48.0,49.3,0.34,0.44,0.48
ELMI,2019-11-08 22:45:00 EST,42.11332,-76.83664,1091,19.7,20.5,19.7,79.4,14.3,0.000,0.000,0.00,0.000,1.6,2.1,0.2,53,3,1.7,2.2,0.2,56,5,1.7,2.2,0.2,56,5,0,29.13,-0.2,0,0,0,43.9,48.0,49.3,0.34,0.44,0.48
ELMI,2019-11-08 22:50:00 EST,42.11332,-76.83664,1091,19.4,20.3,19.4,82.2,14.9,0.000,0.000,0.00,0.000,1.2,1.7,0.2,58,3,1.4,2.1,0.2,60,7,1.4,2.1,0.2,60,7,0,29.13,-0.2,0,0,0,43.9,47.9,49.3,0.34,0.44,0.48
ELMI,2019-11-08 22:55:00 EST,42.11332,-76.83664,1091,19.2,20.3,19.2,82.4,14.7,0.000,0.000,0.00,0.000,0.7,1.5,0.5,64,3,1.0,1.7,0.5,75,11,1.0,1.7,0.5,75,11,0,29.13,-0.2,0,0,0,43.9,48.0,49.3,0.34,0.44,0.48
ELMI,2019-11-08 23:00:00 EST,42.11332,-76.83664,1091,19.0,19.9,19.0,82.8,14.6,0.000,0.000,0.00,0.000,0.2,1.1,0.3,319,5,0.6,1.7,0.5,324,14,0.6,1.7,0.5,324,14,0,29.13,-0.2,0,0,0,43.9,47.9,49.3,0.34,0.44,0.48
ELMI,2019-11-08 23:05:00 EST,42.11332,-76.83664,1091,18.9,19.9,18.9,82.7,14.5,0.000,0.000,0.00,0.000,1.2,2.3,0.4,343,15,1.6,2.4,0.3,351,17,1.6,2.4,0.3,351,17,0,29.13,-0.2,0,0,0,43.9,47.9,49.3,0.34,0.44,0.48
ELMI,2019-11-08 23:10:00 EST,42.11332,-76.83664,1091,19.5,20.0,19.5,82.2,14.9,0.000,0.000,0.00,0.000,0.3,1.1,0.4,356,8,0.6,1.7,0.5,355,17,0.6,1.7,0.5,355,17,0,29.13,-0.1,0,0,0,43.9,47.9,49.3,0.34,0.44,0.48
ELMI,2019-11-08 23:15:00 EST,42.11332,-76.83664,1091,19.9,20.1,19.9,80.4,14.8,0.000,0.000,0.00,0.000,0.0,0.7,0.1,62,0,0.7,1.6,0.5,77,10,0.7,1.6,0.5,77,10,0,29.13,-0.2,0,0,0,43.9,47.9,49.3,0.34,0.44,0.48
ELMI,2019-11-08 23:20:00 EST,42.11332,-76.83664,1091,19.5,19.8,19.5,83.5,15.3,0.000,0.000,0.00,0.000,0.9,1.6,0.6,64,0,1.1,1.9,0.7,63,6,1.1,1.9,0.7,63,6,0,29.13,-0.2,0,0,0,43.9,47.9,49.3,0.34,0.44,0.48
ELMI,2019-11-08 23:25:00 EST,42.11332,-76.83664,1091,19.3,19.6,19.3,84.6,15.5,0.000,0.000,0.00,0.000,0.6,1.8,0.6,339,24,1.0,1.6,0.4,358,31,1.0,1.6,0.4,358,31,0,29.13,-0.3,0,0,0,43.8,47.8,49.3,0.34,0.44,0.48
ELMI,2019-11-08 23:30:00 EST,42.11332,-76.83664,1091,18.7,19.4,18.7,83.4,14.5,0.000,0.000,0.00,0.000,2.0,2.7,0.4,314,9,1.8,2.4,0.3,321,11,1.8,2.4,0.3,321,11,0,29.13,-0.2,0,0,0,43.7,47.8,49.3,0.34,0.44,0.48
ELMI,2019-11-08 23:35:00 EST,42.11332,-76.83664,1091,19.0,19.5,19.0,81.8,14.4,0.000,0.000,0.00,0.000,2.0,2.4,0.3,311,8,1.8,2.3,0.2,319,8,1.8,2.3,0.2,319,8,0,29.13,-0.1,0,0,0,43.7,47.9,49.3,0.34,0.44,0.48
ELMI,2019-11-08 23:40:00 EST,42.11332,-76.83664,1091,19.6,19.9,19.6,81.2,14.7,0.000,0.000,0.00,0.000,1.6,2.3,0.4,28,38,1.9,2.8,0.4,33,38,1.9,2.8,0.4,33,38,0,29.13,-0.2,0,0,0,43.7,47.8,49.2,0.34,0.44,0.48
ELMI,2019-11-08 23:45:00 EST,42.11332,-76.83664,1091,18.8,19.3,18.8,84.0,14.8,0.000,0.000,0.00,0.000,2.0,2.6,0.2,55,4,2.0,2.6,0.2,56,5,2.0,2.6,0.2,56,5,0,29.13,-0.2,0,0,0,43.7,47.8,49.1,0.34,0.44,0.48
ELMI,2019-11-08 23:50:00 EST,42.11332,-76.83664,1091,18.3,19.1,13.8,86.7,15.0,0.000,0.000,0.00,0.000,3.0,4.1,0.5,56,3,3.0,4.5,0.6,58,5,3.0,4.5,0.6,58,5,0,29.13,-0.1,0,0,0,43.7,47.8,49.2,0.34,0.44,0.48
ELMI,2019-11-08 23:55:00 EST,42.11332,-76.83664,1091,18.4,19.0,13.3,87.2,15.2,0.000,0.000,0.00,0.000,2.9,4.0,0.8,68,14,3.4,4.9,0.9,72,15,3.4,4.9,0.9,72,15,0,29.13,-0.2,0,0,0,43.7,47.8,49.1,0.34,0.44,0.48
ESSX,2019-11-08 00:00:00 EST,44.31360,-73.37189,182,27.1,28.2,22.4,69.3,18.4,0.000,0.098,0.00,0.000,3.8,6.1,1.0,318,12,4.0,6.6,1.2,318,11,4.0,6.6,1.2,318,11,0,29.88,0.2,0,0,0,41.6,46.9,50.2,0.59,0.45,0.38
ESSX,2019-11-08 00:05:00 EST,44.31360,-73.37189,182,27.2,28.1,22.9,68.9,18.3,0.000,0.000,0.00,0.000,3.2,5.6,0.9,304,13,3.7,6.2,1.0,305,12,3.7,6.2,1.0,305,12,0,29.88,-0.0,0,0,0,41.5,46.9,50.2,0.59,0.45,0.38
ESSX,2019-11-08 00:10:00 EST,44.31360,-73.37189,182,26.9,28.0,26.9,70.6,18.6,0.000,0.000,0.00,0.000,2.2,3.8,0.6,310,13,2.5,4.2,0.7,309,13,2.5,4.2,0.7,309,13,0,29.88,0.2,0,0,0,41.5,46.9,50.2,0.59,0.45,0.38
ESSX,2019-11-08 00:15:00 EST,44.31360,-73.37189,182,26.9,28.0,26.9,70.8,18.6,0.000,0.000,0.00,0.000,2.4,3.9,0.6,320,13,2.6,4.5,0.7,319,11,2.6,4.5,0.7,319,11,0,29.88,-0.1,0,0,0,41.5,46.9,50.2,0.59,0.45,0.38
ESSX,2019-11-08 00:20:00 EST,44.31360,-73.37189,182,26.2,27.9,22.8,71.7,18.3,0.000,0.000,0.00,0.000,2.7,3.9,0.5,307,9,3.0,4.8,0.6,307,8,3.0,4.8,0.6,307,8,0,29.88,-0.1,0,0,0,41.5,46.9,50.2,0.59,0.45,0.38
ESSX,2019-11-08 00:25:00 EST,44.31360,-73.37189,182,25.2,27.8,25.2,74.8,18.3,0.000,0.000,0.00,0.000,2.4,3.8,0.4,300,6,2.8,4.5,0.4,301,7,2.8,4.5,0.4,301,7,0,29.88,-0.1,0,0,0,41.5,46.9,50.2,0.59,0.45,0.38
ESSX,2019-11-08 00:30:00 EST,44.31360,-73.37189,182,24.7,27.7,24.7,77.9,18.8,0.000,0.000,0.00,0.000,2.4,3.2,0.3,317,9,2.6,3.7,0.4,316,8,2.6,3.7,0.4,316,8,0,29.88,-0.1,0,0,0,41.5,46.9,50.2,0.59,0.45,0.38
ESSX,2019-11-08 00:35:00 EST,44.31360,-73.37189,182,23.9,27.6,23.9,80.6,18.8,0.000,0.000,0.00,0.000,2.5,3.4,0.4,327,7,2.7,3.9,0.4,325,6,2.7,3.9,0.4,325,6,0,29.88,0.2,0,0,0,41.5,46.9,50.2,0.59,0.45,0.38
ESSX,2019-11-08 00:40:00 EST,44.31360,-73.37189,182,24.6,27.5,19.3,79.4,19.1,0.000,0.000,0.00,0.000,3.7,6.6,1.1,310,21,4.2,8.6,1.4,309,20,4.2,8.6,1.4,309,20,0,29.88,0.2,0,0,0,41.4,46.9,50.2,0.59,0.45,0.38
ESSX,2019-11-08 00:45:00 EST,44.31360,-73.37189,182,26.1,27.3,22.1,76.0,19.5,0.000,0.000,0.00,0.000,3.1,4.8,0.6,322,12,3.4,4.9,0.7,320,11,3.4,4.9,0.7,320,11,0,29.88,0.1,0,0,0,41.4,46.9,50.0,0.59,0.45,0.38
ESSX,2019-11-08 00:50:00 EST,44.31360,-73.37189,182,26.1,27.4,21.3,74.4,19.1,0.000,0.000,0.00,0.000,3.6,6.3,1.0,320,11,3.9,7.2,1.1,320,11,3.9,7.2,1.1,320,11,0,29.88,0.2,0,0,0,41.4,46.9,50.1,0.59,0.45,0.38
ESSX,2019-11-08 00:55:00 EST,44.31360,-73.37189,182,26.4,27.3,22.6,74.5,19.4,0.000,0.000,0.00,0.000,2.9,5.2,0.8,331,11,3.3,5.9,1.0,330,13,3.3,5.9,1.0,330,13,0,29.87,0.1,0,0,0,41.4,46.9,50.0,0.59,0.45,0.38
ESSX,2019-11-08 01:00:00 EST,44.31360,-73.37189,182,26.1,27.3,22.1,75.4,19.4,0.000,0.000,0.00,0.000,2.8,4.7,0.7,342,11,3.4,4.9,0.8,342,11,3.4,4.9,0.8,342,11,0,29.87,0.1,0,0,0,41.4,46.9,50.0,0.59,0.45,0.38
ESSX,2019-11-08 01:05:00 EST,44.31360,-73.37189,182,25.9,27.2,25.9,76.3,19.4,0.000,0.000,0.00,0.000,2.0,3.3,0.4,343,10,2.4,4.0,0.5,342,11,2.4,4.0,0.5,342,11,0,29.87,-0.1,0,0,0,41.4,46.9,50.0,0.59,0.45,0.38
ESSX,2019-11-08 01:10:00 EST,44.31360,-73.37189,182,23.0,26.1,23.0,79.1,17.5,0.000,0.000,0.00,0.000,1.3,1.8,0.3,358,12,1.8,2.5,0.4,355,13,1.8,2.5,0.4,355,13,0,29.87,0.1,0,0,0,41.4,46.9,50.0,0.59,0.45,0.38
ESSX,2019-11-08 01:15:00 EST,44.31360,-73.37189,182,22.6,25.6,22.6,85.8,19.0,0.000,0.000,0.00,0.000,1.2,2.3,0.4,345,16,1.6,2.8,0.5,344,16,1.6,2.8,0.5,344,16,0,29.87,0.1,0,0,0,41.4,46.9,50.0,0.59,0.45,0.38
ESSX,2019-11-08 01:20:00 EST,44.31360,-73.37189,182,22.1,25.7,22.1,88.2,19.1,0.000,0.000,0.00,0.000,1.6,2.3,0.4,355,7,2.1,3.1,0.5,353,9,2.1,3.1,0.5,353,9,0,29.87,0.1,0,0,0,41.4,46.9,50.0,0.59,0.45,0.38
ESSX,2019-11-08 01:25:00 EST,44.31360,-73.37189,182,21.9,25.0,21.9,89.1,19.2,0.000,0.000,0.00,0.000,0.7,1.6,0.5,359,13,1.1,2.3,0.6,355,15,1.1,2.3,0.6,355,15,0,29.87,0.2,0,0,0,41.3,46.9,50.0,0.59,0.45,0.38
ESSX,2019-11-08 01:30:00 EST,44.31360,-73.37189,182,22.1,24.7,22.1,90.8,19.8,0.000,0.000,0.00,0.000,0.8,1.2,0.2,280,33,1.3,1.7,0.2,273,28,1.3,1.7,0.2,273,28,0,29.87,0.1,0,0,0,41.2,46.9,49.9,0.59,0.45,0.38
ESSX,2019-11-08 01:35:00 EST,44.31360,-73.37189,182,22.3,25.0,22.3,90.8,20.1,0.000,0.000,0.00,0.000,0.0,0.0,0.0,0,0,0.1,1.2,0.3,302,9,0.1,1.2,0.3,302,9,0,29.87,0.1,0,0,0,41.2,46.9,49.9,0.59,0.45,0.38
ESSX,2019-11-08 01:40:00 EST,44.31360,-73.37189,182,21.3,24.5,21.3,89.9,18.8,0.000,0.000,0.00,0.000,0.0,0.0,0.0,0,0,0.0,0.8,0.1,352,0,0.0,0.8,0.1,352,0,0,29.87,0.1,0,0,0,41.2,46.8,49.9,0.59,0.45,0.38
ESSX,2019-11-08 01:45:00 EST,44.31360,-73.37189,182,21.6,24.1,21.6,91.5,19.5,0.000,0.000,0.00,0.000,0.0,0.0,0.0,0,0,0.1,1.0,0.3,59,22,0.1,1.0,0.3,59,22,0,29.87,0.1,0,0,0,41.2,46.8,49.8,0.59,0.45,0.38
ESSX,2019-11-08 01:50:00 EST,44.31360,-73.37189,182,22.1,24.6,22.1,92.4,20.2,0.000,0.000,0.00,0.000,0.3,1.6,0.5,233,34,0.9,2.3,0.6,219,47,0.9,2.3,0.6,219,47,0,29.87,0.1,0,0,0,41.2,46.8,49.9,0.59,0.45,0.38
ESSX,2019-11-08 01:55:00 EST,44.31360,-73.37189,182,23.5,25.5,23.5,90.2,21.1,0.000,0.000,0.00,0.000,1.9,4.5,1.0,270,26,2.4,5.3,1.2,270,24,2.4,5.3,1.2,270,24,0,29.87,0.3,0,0,0,41.2,46.8,49.8,0.59,0.45,0.38
ESSX,2019-11-08 02:00:00 EST,44.31360,-73.37189,182,24.3,26.0,19.7,81.6,19.5,0.000,0.000,0.00,0.000,3.1,6.6,1.2,284,18,3.6,7.8,1.3,282,16,3.6,7.8,1.3,282,16,0,29.87,0.2,0,0,0,41.1,46.8,49.8,0.59,0.45,0.38
ESSX,2019-11-08 02:05:00 EST,44.31360,-73.37189,182,25.0,26.4,19.4,76.6,18.7,0.000,0.000,0.00,0.000,3.9,6.1,0.9,293,15,4.5,7.4,1.0,293,14,4.5,7.4,1.0,293,14,0,29.87,0.2,0,0,0,41.0,46.8,49.8,0.59,0.45,0.38
ESSX,2019-11-08 02:10:00 EST,44.31360,-73.37189,182,25.2,26.4,20.4,73.8,18.0,0.000,0.000,0.00,0.000,3.3,6.1,1.3,287,12,3.8,7.7,1.4,286,12,3.8,7.7,1.4,286,12,0,29.87,0.1,0,0,0,41.0,46.8,49.8,0.59,0.45,0.38
ESSX,2019-11-08 02:15:00 EST,44.31360,-73.37189,182,24.9,26.1,24.9,74.4,17.9,0.000,0.000,0.00,0.000,2.2,4.9,0.7,290,17,2.6,5.6,0.9,290,17,2.6,5.6,0.9,290,17,0,29.87,0.1,0,0,0,41.0,46.8,49.8,0.59,0.45,0.38
ESSX,2019-11-08 02:20:00 EST,44.31360,-73.37189,182,25.1,26.3,20.8,73.8,17.9,0.000,0.000,0.00,0.000,3.0,6.6,0.8,286,17,3.5,7.3,0.8,287,17,3.5,7.3,0.8,287,17,0,29.87,0.1,0,0,0,41.0,46.8,49.8,0.59,0.45,0.38
ESSX,2019-11-08 02:25:00 EST,44.31360,-73.37189,182,25.2,26.3,21.3,72.4,17.6,0.000,0.000,0.00,0.000,2.6,4.1,0.7,278,11,3.2,4.9,0.8,278,11,3.2,4.9,0.8,278,11,0,29.87,0.2,0,0,0,41.0,46.8,49.8,0.59,0.45,0.38
ESSX,2019-11-08 02:30:00 EST,44.31360,-73.37189,182,25.2,26.3,25.2,71.8,17.3,0.000,0.000,0.00,0.000,2.4,3.9,0.5,293,15,2.8,4.7,0.6,293,16,2.8,4.7,0.6,293,16,0,29.87,0.2,0,0,0,41.0,46.8,49.8,0.59,0.45,0.38
ESSX,2019-11-08 02:35:00 EST,44.31360,-73.37189,182,24.8,26.2,24.8,71.2,16.9,0.000,0.000,0.00,0.000,2.5,4.1,0.6,295,14,2.9,4.7,0.7,294,14,2.9,4.7,0.7,294,14,0,29.87,0.0,0,0,0,41.0,46.8,49.8,0.59,0.45,0.38
ESSX,2019-11-08 02:40:00 EST,44.31360,-73.37189,182,25.0,26.3,19.4,71.1,16.9,0.000,0.000,0.00,0.000,3.9,6.2,1.1,286,13,4.5,7.8,1.3,285,12,4.5,7.8,1.3,285,12,0,29.86,0.2,0,0,0,41.0,46.8,49.8,0.59,0.45,0.38
ESSX,2019-11-08 02:45:00 EST,44.31360,-73.37189,182,24.6,26.3,19.1,70.6,16.4,0.000,0.000,0.00,0.000,3.8,6.9,1.0,276,13,4.3,8.5,1.1,275,11,4.3,8.5,1.1,275,11,0,29.86,0.2,0,0,0,41.0,46.8,49.8,0.59,0.45,0.38
ESSX,2019-11-08 02:50:00 EST,44.31360,-73.37189,182,24.5,25.9,19.0,71.4,16.6,0.000,0.000,0.00,0.000,3.8,6.2,0.7,284,10,4.4,6.8,0.7,283,9,4.4,6.8,0.7,283,9,0,29.86,0.2,0,0,0,40.9,46.8,49.8,0.59,0.45,0.38
ESSX,2019-11-08 02:55:00 EST,44.31360,-73.37189,182,24.3,25.9,19.0,71.4,16.4,0.000,0.000,0.00,0.000,3.7,5.1,0.6,284,8,4.2,5.8,0.7,284,8,4.2,5.8,0.7,284,8,0,29.86,0.1,0,0,0,40.8,46.8,49.8,0.59,0.45,0.38
ESSX,2019-11-08 03:00:00 EST,44.31360,-73.37189,182,24.2,25.7,19.6,72.9,16.8,0.000,0.000,0.00,0.000,3.2,5.3,0.7,287,6,3.6,6.3,0.8,287,7,3.6,6.3,0.8,287,7,0,29.86,0.1,0,0,0,40.8,46.8,49.8,0.59,0.45,0.38
ESSX,2019-11-08 03:05:00 EST,44.31360,-73.37189,182,24.1,25.8,19.3,72.6,16.5,0.000,0.000,0.00,0.000,3.2,4.4,0.5,281,7,3.7,5.0,0.6,281,6,3.7,5.0,0.6,281,6,0,29.86,0.2,0,0,0,40.8,46.8,49.8,0.59,0.45,0.38
ESSX,2019-11-08 03:10:00 EST,44.31360,-73.37189,182,23.9,25.7,18.5,72.2,16.3,0.000,0.000,0.00,0.000,3.6,7.6,0.9,269,11,4.1,8.9,1.1,269,11,4.1,8.9,1.1,269,11,0,29.86,0.2,0,0,0,40.8,46.8,49.8,0.59,0.45,0.38
ESSX,2019-11-08 03:15:00 EST,44.31360,-73.37189,182,23.6,25.7,16.3,72.8,16.1,0.000,0.000,0.00,0.000,5.3,8.1,1.0,255,13,5.9,9.1,1.1,256,11,5.9,9.1,1.1,256,11,0,29.85,0.3,0,0,0,40.8,46.8,49.8,0.59,0.45,0.38
ESSX,2019-11-08 03:20:00 EST,44.31360,-73.37189,182,24.2,25.6,15.6,70.0,15.8,0.000,0.000,0.00,0.000,6.8,10.3,1.2,249,11,7.6,12.8,1.5,250,10,7.6,12.8,1.5,250,10,0,29.85,0.2,0,0,0,40.8,46.8,49.8,0.59,0.45,0.38
ESSX,2019-11-08 03:25:00 EST,44.31360,-73.37189,182,24.4,25.4,17.0,68.7,15.6,0.000,0.000,0.00,0.000,5.6,7.7,1.1,246,13,6.2,9.8,1.2,248,14,6.2,9.8,1.2,248,14,0,29.85,0.3,0,0,0,40.8,46.8,49.8,0.59,0.45,0.38
ESSX,2019-11-08 03:30:00 EST,44.31360,-73.37189,182,24.3,25.3,16.5,69.4,15.7,0.000,0.000,0.00,0.000,5.8,10.2,1.3,267,15,6.6,11.9,1.5,266,13,6.6,11.9,1.5,266,13,0,29.85,0.3,0,0,0,40.6,46.8,49.8,0.59,0.45,0.38
ESSX,2019-11-08 03:35:00 EST,44.31360,-73.37189,182,24.4,25.3,16.3,69.2,15.7,0.000,0.000,0.00,0.000,6.2,10.6,1.5,273,14,7.0,12.9,1.7,272,12,7.0,12.9,1.7,272,12,0,29.85,0.2,0,0,0,40.6,46.8,49.8,0.59,0.45,0.38
ESSX,2019-11-08 03:40:00 EST,44.31360,-73.37189,182,24.2,25.1,19.1,69.7,15.7,0.000,0.000,0.00,0.000,3.4,6.1,1.1,267,15,4.0,7.3,1.3,266,14,4.0,7.3,1.3,266,14,0,29.85,0.3,0,0,0,40.6,46.8,49.8,0.59,0.45,0.38
ESSX,2019-11-08 03:45:00 EST,44.31360,-73.37189,182,24.0,24.8,18.7,69.9,15.6,0.000,0.000,0.00,0.000,3.6,5.3,0.7,260,16,4.2,6.8,0.9,260,16,4.2,6.8,0.9,260,16,0,29.85,0.2,0,0,0,40.6,46.8,49.8,0.59,0.45,0.38
ESSX,2019-11-08 03:50:00 EST,44.31360,-73.37189,182,23.7,24.9,17.4,70.1,15.4,0.000,0.000,0.00,0.000,4.4,6.4,0.8,266,11,4.9,7.0,0.9,266,9,4.9,7.0,0.9,266,9,0,29.85,0.3,0,0,0,40.6,46.8,49.8,0.59,0.45,0.38
ESSX,2019-11-08 03:55:00 EST,44.31360,-73.37189,182,23.5,24.8,16.3,70.6,15.4,0.000,0.000,0.00,0.000,5.1,7.4,1.2,265,11,5.8,9.8,1.4,264,9,5.8,9.8,1.4,264,9,0,29.85,0.2,0,0,0,40.6,46.8,49.8,0.59,0.45,0.38
ESSX,2019-11-08 04:00:00 EST,44.31360,-73.37189,182,23.4,24.7,17.4,70.7,15.2,0.000,0.000,0.00,0.000,4.0,7.7,0.9,270,13,4.6,9.1,0.9,269,11,4.6,9.1,0.9,269,11,0,29.85,0.3,0,0,0,40.6,46.8,49.8,0.59,0.45,0.38
ESSX,2019-11-08 04:05:00 EST,44.31360,-73.37189,182,23.6,24.7,16.0,70.1,15.3,0.000,0.000,0.00,0.000,5.6,9.0,1.4,280,11,6.3,10.2,1.6,279,9,6.3,10.2,1.6,279,9,0,29.85,0.3,0,0,0,40.6,46.8,49.8,0.59,0.45,0.38
ESSX,2019-11-08 04:10:00 EST,44.31360,-73.37189,182,23.9,24.9,18.4,68.0,14.9,0.000,0.000,0.00,0.000,3.7,5.8,0.9,291,12,4.3,6.9,1.1,290,11,4.3,6.9,1.1,290,11,0,29.85,0.3,0,0,0,40.6,46.8,49.8,0.59,0.45,0.38
ESSX,2019-11-08 04:15:00 EST,44.31360,-73.37189,182,23.9,24.8,17.5,67.0,14.6,0.000,0.000,0.00,0.000,4.5,8.5,1.4,292,13,5.1,9.2,1.5,292,12,5.1,9.2,1.5,292,12,0,29.85,0.2,0,0,0,40.6,46.7,49.8,0.58,0.45,0.38
ESSX,2019-11-08 04:20:00 EST,44.31360,-73.37189,182,23.7,24.8,16.9,66.9,14.3,0.000,0.000,0.00,0.000,4.8,6.6,0.6,289,9,5.5,9.2,0.8,289,9,5.5,9.2,0.8,289,9,0,29.85,0.2,0,0,0,40.5,46.8,49.8,0.58,0.45,0.38
ESSX,2019-11-08 04:25:00 EST,44.31360,-73.37189,182,23.7,24.8,16.9,67.0,14.3,0.000,0.000,0.00,0.000,4.9,8.0,1.0,294,11,5.4,8.6,1.1,293,10,5.4,8.6,1.1,293,10,0,29.84,0.3,0,0,0,40.5,46.7,49.8,0.59,0.45,0.38
ESSX,2019-11-08 04:30:00 EST,44.31360,-73.37189,182,23.5,24.9,16.3,66.8,14.1,0.000,0.000,0.00,0.000,5.2,7.9,1.0,288,11,5.8,10.2,1.1,287,10,5.8,10.2,1.1,287,10,0,29.84,0.4,0,0,0,40.5,46.7,49.8,0.58,0.45,0.38
ESSX,2019-11-08 04:35:00 EST,44.31360,-73.37189,182,23.9,24.8,17.4,64.6,13.7,0.000,0.000,0.00,0.000,4.6,9.6,1.6,283,13,5.2,9.6,1.7,282,12,5.2,9.6,1.7,282,12,0,29.84,0.3,0,0,0,40.5,46.7,49.8,0.58,0.45,0.38
ESSX,2019-11-08 04:40:00 EST,44.31360,-73.37189,182,23.6,24.7,16.5,64.7,13.4,0.000,0.000,0.00,0.000,5.0,8.6,1.2,282,16,5.7,8.9,1.4,281,16,5.7,8.9,1.4,281,16,0,29.84,0.3,0,0,0,40.5,46.6,49.8,0.59,0.45,0.38
ESSX,2019-11-08 04:45:00 EST,44.31360,-73.37189,182,24.0,24.8,17.0,63.7,13.4,0.000,0.000,0.00,0.000,5.0,8.6,1.3,291,18,5.7,10.2,1.4,291,17,5.7,10.2,1.4,291,17,0,29.84,0.3,0,0,0,40.5,46.6,49.8,0.58,0.45,0.38
ESSX,2019-11-08 04:50:00 EST,44.31360,-73.37189,182,24.3,25.0,17.6,60.8,12.7,0.000,0.000,0.00,0.000,4.9,9.7,1.9,310,15,5.5,9.8,1.9,310,15,5.5,9.8,1.9,310,15,0,29.84,0.2,0,0,0,40.5,46.6,49.8,0.58,0.45,0.38
ESSX,2019-11-08 04:55:00 EST,44.31360,-73.37189,182,24.0,24.8,18.2,61.1,12.5,0.000,0.000,0.00,0.000,4.0,9.8,1.7,310,18,4.5,9.2,1.8,310,19,4.5,9.2,1.8,310,19,0,29.85,0.3,0,0,0,40.4,46.6,49.8,0.59,0.45,0.38
ESSX,2019-11-08 05:00:00 EST,44.31360,-73.37189,182,24.1,24.9,17.5,60.1,12.3,0.000,0.000,0.00,0.000,4.7,12.2,2.0,302,19,5.3,12.7,2.1,304,19,5.3,12.7,2.1,304,19,0,29.85,0.3,0,0,0,40.4,46.6,49.8,0.58,0.45,0.38
ESSX,2019-11-08 05:05:00 EST,44.31360,-73.37189,182,24.0,24.8,16.6,60.1,12.2,0.000,0.000,0.00,0.000,5.4,10.6,1.9,296,18,6.1,14.4,2.0,294,17,6.1,14.4,2.0,294,17,0,29.85,0.3,0,0,0,40.3,46.6,49.8,0.58,0.45,0.38
ESSX,2019-11-08 05:10:00 EST,44.31360,-73.37189,182,24.2,24.9,16.2,59.4,12.1,0.000,0.000,0.00,0.000,6.1,11.8,1.7,303,18,6.9,13.0,1.9,302,18,6.9,13.0,1.9,302,18,0,29.85,0.4,0,0,0,40.3,46.6,49.8,0.58,0.45,0.38
ESSX,2019-11-08 05:15:00 EST,44.31360,-73.37189,182,24.3,25.0,17.3,58.7,11.9,0.000,0.000,0.00,0.000,5.1,8.3,1.2,310,17,5.7,8.5,1.2,311,15,5.7,8.5,1.2,311,15,0,29.85,0.3,0,0,0,40.3,46.6,49.8,0.58,0.45,0.38
ESSX,2019-11-08 05:20:00 EST,44.31360,-73.37189,182,24.2,25.0,16.6,59.0,11.9,0.000,0.000,0.00,0.000,5.7,11.3,1.5,304,17,6.4,13.1,1.7,302,14,6.4,13.1,1.7,302,14,0,29.85,0.3,0,0,0,40.3,46.6,49.8,0.58,0.45,0.38
ESSX,2019-11-08 05:25:00 EST,44.31360,-73.37189,182,24.6,25.1,14.6,58.0,11.9,0.000,0.000,0.00,0.000,9.0,18.4,2.8,306,17,9.8,19.0,2.9,306,17,9.8,19.0,2.9,306,17,0,29.85,0.3,0,0,0,40.3,46.6,49.8,0.58,0.45,0.38
ESSX,2019-11-08 05:30:00 EST,44.31360,-73.37189,182,24.6,25.2,14.5,59.4,12.4,0.000,0.000,0.00,0.000,9.3,15.3,2.6,306,15,9.9,17.7,2.6,306,16,9.9,17.7,2.6,306,16,0,29.85,0.3,0,0,0,40.3,46.6,49.8,0.58,0.45,0.38
ESSX,2019-11-08 05:35:00 EST,44.31360,-73.37189,182,24.7,25.2,13.9,60.2,12.8,0.000,0.000,0.00,0.000,10.6,19.3,3.4,300,19,11.4,21.1,3.7,300,17,11.4,21.1,3.7,300,17,0,29.85,0.3,0,0,0,40.3,46.6,49.8,0.58,0.45,0.38
ESSX,2019-11-08 05:40:00 EST,44.31360,-73.37189,182,24.7,25.1,14.4,61.4,13.3,0.000,0.000,0.00,0.000,9.9,16.2,2.3,310,13,10.5,15.9,2.3,310,13,10.5,15.9,2.3,310,13,0,29.85,0.3,0,0,0,40.3,46.6,49.8,0.58,0.45,0.38
ESSX,2019-11-08 05:45:00 EST,44.31360,-73.37189,182,24.6,25.0,15.7,62.4,13.6,0.000,0.000,0.00,0.000,7.8,15.5,3.3,313,15,8.2,14.4,3.2,312,14,8.2,14.4,3.2,312,14,0,29.86,0.4,0,0,0,40.3,46.6,49.8,0.58,0.45,0.38
ESSX,2019-11-08 05:50:00 EST,44.31360,-73.37189,182,24.7,25.1,15.0,63.6,14.1,0.000,0.000,0.00,0.000,8.8,14.6,2.2,313,17,9.5,15.6,2.3,315,14,9.5,15.6,2.3,315,14,0,29.86,0.4,0,0,0,40.1,46.6,49.8,0.58,0.45,0.38
ESSX,2019-11-08 05:55:00 EST,44.31360,-73.37189,182,24.7,25.0,14.4,65.2,14.6,0.000,0.000,0.00,0.000,9.8,18.2,2.7,310,15,10.4,18.0,2.8,309,15,10.4,18.0,2.8,309,15,0,29.86,0.4,0,0,0,40.1,46.6,49.8,0.58,0.45,0.38
ESSX,2019-11-08 06:00:00 EST,44.31360,-73.37189,182,24.6,24.9,15.0,66.8,15.1,0.000,0.000,0.00,0.000,8.5,13.2,2.6,303,18,9.3,14.9,2.7,302,16,9.3,14.9,2.7,302,16,0,29.86,0.4,0,0,0,40.1,46.6,49.8,0.58,0.45,0.38
ESSX,2019-11-08 06:05:00 EST,44.31360,-73.37189,182,24.6,24.9,14.2,67.0,15.2,0.000,0.000,0.00,0.000,10.1,14.7,2.0,302,16,10.7,16.0,2.1,301,15,10.7,16.0,2.1,301,15,0,29.86,0.4,0,0,0,40.1,46.6,49.8,0.58,0.45,0.38
ESSX,2019-11-08 06:10:00 EST,44.31360,-73.37189,182,24.4,24.7,14.0,68.3,15.4,0.000,0.000,0.00,0.000,9.9,14.5,2.1,297,12,10.6,16.6,2.3,295,12,10.6,16.6,2.3,295,12,0,29.87,0.4,0,0,0,40.1,46.6,49.8,0.58,0.45,0.38
ESSX,2019-11-08 06:15:00 EST,44.31360,-73.37189,182,24.3,24.6,14.2,69.2,15.6,0.000,0.000,0.00,0.000,9.2,13.4,2.2,303,14,9.9,15.1,2.3,303,13,9.9,15.1,2.3,303,13,0,29.87,0.4,0,0,0,40.1,46.6,49.8,0.58,0.45,0.38
ESSX,2019-11-08 06:20:00 EST,44.31360,-73.37189,182,24.1,24.4,14.2,71.0,16.1,0.000,0.000,0.00,0.000,8.7,14.6,1.9,298,15,9.5,15.2,2.1,297,14,9.5,15.2,2.1,297,14,0,29.87,0.4,0,0,0,40.1,46.6,49.8,0.58,0.45,0.38
ESSX,2019-11-08 06:25:00 EST,44.31360,-73.37189,182,24.1,24.4,14.0,71.5,16.2,0.000,0.000,0.00,0.000,9.2,15.9,1.8,298,15,10.0,16.5,2.0,297,16,10.0,16.5,2.0,297,16,0,29.87,0.4,0,0,0,40.1,46.6,49.8,0.58,0.45,0.38
ESSX,2019-11-08 06:30:00 EST,44.31360,-73.37189,182,24.1,24.4,13.9,71.9,16.3,0.000,0.000,0.00,0.000,9.2,14.4,2.2,294,13,10.1,15.1,2.5,291,13,10.1,15.1,2.5,291,13,1,29.88,0.4,0,0,0,40.1,46.5,49.8,0.58,0.45,0.38
ESSX,2019-11-08 06:35:00 EST,44.31360,-73.37189,182,24.1,24.4,15.0,72.0,16.4,0.000,0.000,0.00,0.000,7.5,12.4,1.8,294,15,8.3,16.0,2.1,293,13,8.3,16.0,2.1,293,13,2,29.88,0.4,0,0,0,40.0,46.5,49.8,0.58,0.45,0.38
ESSX,2019-11-08 06:40:00 EST,44.31360,-73.37189,182,24.2,24.4,15.2,71.7,16.4,0.000,0.000,0.00,0.000,7.4,12.3,1.9,296,12,8.1,13.6,2.0,295,12,8.1,13.6,2.0,295,12,4,29.88,0.4,0,0,0,40.0,46.5,49.8,0.58,0.45,0.38
ESSX,2019-11-08 06:45:00 EST,44.31360,-73.37189,182,24.0,24.3,15.3,73.3,16.7,0.000,0.000,0.00,0.000,7.1,11.5,1.7,296,17,7.7,13.1,1.9,296,17,7.7,13.1,1.9,296,17,5,29.88,0.4,0,0,0,39.9,46.4,49.8,0.58,0.45,0.38
ESSX,2019-11-08 06:50:00 EST,44.31360,-73.37189,182,23.9,24.2,15.8,74.1,16.9,0.000,0.000,0.00,0.000,6.2,10.7,1.7,294,13,6.9,13.1,1.9,293,13,6.9,13.1,1.9,293,13,8,29.89,0.4,0,0,0,39.9,46.4,49.8,0.58,0.45,0.38
ESSX,2019-11-08 06:55:00 EST,44.31360,-73.37189,182,23.8,24.1,15.2,75.0,17.1,0.000,0.000,0.00,0.000,6.6,10.4,1.5,290,15,7.6,13.9,1.8,289,13,7.6,13.9,1.8,289,13,12,29.89,0.4,0,0,0,39.9,46.4,49.8,0.58,0.45,0.38
ESSX,2019-11-08 07:00:00 EST,44.31360,-73.37189,182,23.8,24.1,14.0,76.3,17.4,0.000,0.000,0.00,0.000,8.3,11.9,1.5,286,14,9.3,14.4,1.7,285,12,9.3,14.4,1.7,285,12,16,29.89,0.4,0,0,0,39.9,46.4,49.8,0.58,0.45,0.38
ESSX,2019-11-08 07:05:00 EST,44.31360,-73.37189,182,23.8,24.1,14.4,76.8,17.5,0.000,0.000,0.00,0.000,7.8,13.0,1.5,287,13,8.6,13.5,1.6,288,12,8.6,13.5,1.6,288,12,21,29.89,0.4,0,0,0,39.9,46.4,49.8,0.58,0.45,0.38
ESSX,2019-11-08 07:10:00 EST,44.31360,-73.37189,182,23.7,24.0,16.3,77.6,17.7,0.000,0.000,0.00,0.000,5.5,7.8,1.1,296,13,6.0,8.7,1.3,295,14,6.0,8.7,1.3,295,14,26,29.89,0.4,0,0,0,39.9,46.4,49.8,0.58,0.45,0.38
ESSX,2019-11-08 07:15:00 EST,44.31360,-73.37189,182,23.6,24.0,16.0,78.2,17.8,0.000,0.000,0.00,0.000,5.8,9.0,1.5,291,13,6.3,9.7,1.6,290,12,6.3,9.7,1.6,290,12,35,29.90,0.4,0,0,0,39.9,46.4,49.8,0.58,0.45,0.38
ESSX,2019-11-08 07:20:00 EST,44.31360,-73.37189,182,23.8,24.1,15.9,77.8,17.9,0.000,0.000,0.00,0.000,6.2,9.9,1.5,297,10,6.7,11.1,1.5,297,11,6.7,11.1,1.5,297,11,42,29.90,0.4,0,0,0,39.9,46.4,49.8,0.58,0.45,0.38
ESSX,2019-11-08 07:25:00 EST,44.31360,-73.37189,182,23.9,24.2,17.8,77.6,17.9,0.000,0.000,0.00,0.000,4.2,6.1,1.0,297,13,4.7,7.1,1.1,298,13,4.7,7.1,1.1,298,13,49,29.90,0.4,0,0,0,39.9,46.4,49.8,0.58,0.45,0.38
ESSX,2019-11-08 07:30:00 EST,44.31360,-73.37189,182,24.2,24.5,17.1,75.8,17.7,0.000,0.000,0.00,0.000,5.2,7.7,1.0,297,14,5.8,8.5,1.2,294,12,5.8,8.5,1.2,294,12,66,29.90,0.4,0,0,0,39.8,46.4,49.8,0.58,0.45,0.38
ESSX,2019-11-08 07:35:00 EST,44.31360,-73.37189,182,24.6,24.8,18.2,73.7,17.4,0.000,0.000,0.00,0.000,4.6,8.0,1.0,306,16,5.1,8.0,1.0,308,17,5.1,8.0,1.0,308,17,99,29.91,0.4,0,0,0,39.8,46.4,49.8,0.58,0.45,0.38
ESSX,2019-11-08 07:40:00 EST,44.31360,-73.37189,182,24.9,25.2,18.6,71.6,17.0,0.000,0.000,0.00,0.000,4.7,8.4,1.4,310,18,5.2,9.2,1.5,308,16,5.2,9.2,1.5,308,16,68,29.91,0.4,0,0,0,39.7,46.4,49.8,0.58,0.45,0.38
ESSX,2019-11-08 07:45:00 EST,44.31360,-73.37189,182,25.0,25.3,18.4,70.0,16.7,0.000,0.000,0.00,0.000,5.1,9.7,1.4,312,15,5.6,11.5,1.6,313,14,5.6,11.5,1.6,313,14,90,29.91,0.4,0,0,0,39.7,46.4,49.8,0.58,0.45,0.38
ESSX,2019-11-08 07:50:00 EST,44.31360,-73.37189,182,25.4,25.6,17.3,68.3,16.4,0.000,0.000,0.00,0.000,6.7,11.0,1.7,310,14,7.2,12.0,1.8,313,14,7.2,12.0,1.8,313,14,92,29.91,0.4,0,0,0,39.7,46.4,49.8,0.58,0.45,0.38
ESSX,2019-11-08 07:55:00 EST,44.31360,-73.37189,182,25.5,25.7,18.3,67.3,16.2,0.000,0.000,0.00,0.000,5.7,9.4,1.4,305,18,6.2,11.7,1.6,304,18,6.2,11.7,1.6,304,18,112,29.92,0.4,0,0,0,39.7,46.4,49.8,0.58,0.45,0.38
ESSX,2019-11-08 08:00:00 EST,44.31360,-73.37189,182,25.7,25.9,17.1,66.8,16.2,0.000,0.000,0.00,0.000,7.8,11.9,1.8,312,17,8.2,12.9,1.7,313,17,8.2,12.9,1.7,313,17,129,29.92,0.4,0,0,0,39.7,46.4,49.8,0.58,0.45,0.38
ESSX,2019-11-08 08:05:00 EST,44.31360,-73.37189,182,25.9,26.1,18.8,67.5,16.7,0.000,0.000,0.00,0.000,5.5,11.1,1.8,310,20,6.2,11.3,1.8,311,18,6.2,11.3,1.8,311,18,166,29.92,0.4,0,0,0,39.7,46.4,49.7,0.58,0.45,0.38
ESSX,2019-11-08 08:10:00 EST,44.31360,-73.37189,182,26.2,26.4,16.7,65.1,16.1,0.000,0.000,0.00,0.000,9.6,14.6,2.2,326,12,9.9,14.0,2.3,325,11,9.9,14.0,2.3,325,11,197,29.92,0.4,0,0,0,39.7,46.4,49.7,0.58,0.45,0.38
ESSX,2019-11-08 08:15:00 EST,44.31360,-73.37189,182,26.6,26.6,18.3,64.8,16.3,0.000,0.000,0.00,0.000,7.3,13.3,2.0,317,17,7.9,14.3,2.1,319,17,7.9,14.3,2.1,319,17,215,29.92,0.4,0,0,0,39.7,46.4,49.8,0.58,0.45,0.38
ESSX,2019-11-08 08:20:00 EST,44.31360,-73.37189,182,26.7,26.8,17.9,63.0,15.8,0.000,0.000,0.00,0.000,8.3,17.9,2.7,320,13,8.7,18.8,2.8,320,12,8.7,18.8,2.8,320,12,177,29.92,0.4,0,0,0,39.6,46.4,49.7,0.58,0.45,0.38
ESSX,2019-11-08 08:25:00 EST,44.31360,-73.37189,182,27.1,27.0,20.0,64.6,16.7,0.000,0.000,0.00,0.000,5.8,10.3,1.8,309,17,6.5,11.2,1.8,307,17,6.5,11.2,1.8,307,17,239,29.92,0.4,0,0,0,39.6,46.3,49.7,0.58,0.45,0.38
ESSX,2019-11-08 08:30:00 EST,44.31360,-73.37189,182,27.0,27.0,18.9,64.0,16.5,0.000,0.000,0.00,0.000,7.2,12.7,1.8,304,18,7.7,13.7,1.8,303,18,7.7,13.7,1.8,303,18,254,29.92,0.4,0,0,0,39.6,46.3,49.7,0.58,0.45,0.38
ESSX,2019-11-08 08:35:00 EST,44.31360,-73.37189,182,27.2,27.2,18.4,62.9,16.2,0.000,0.000,0.00,0.000,8.5,13.3,2.0,310,17,8.9,13.4,2.1,311,18,8.9,13.4,2.1,311,18,260,29.92,0.4,0,0,0,39.6,46.3,49.7,0.58,0.45,0.38
ESSX,2019-11-08 08:40:00 EST,44.31360,-73.37189,182,27.5,27.5,17.5,62.1,16.2,0.000,0.000,0.00,0.000,10.5,17.7,3.2,298,13,11.2,20.6,3.4,296,14,11.2,20.6,3.4,296,14,261,29.92,0.4,0,0,0,39.6,46.2,49.6,0.58,0.45,0.38
ESSX,2019-11-08 08:45:00 EST,44.31360,-73.37189,182,27.5,27.5,18.3,61.6,16.0,0.000,0.000,0.00,0.000,9.2,15.4,2.4,306,14,9.8,16.0,2.5,306,11,9.8,16.0,2.5,306,11,258,29.92,0.5,0,0,0,39.6,46.1,49.6,0.58,0.45,0.38
ESSX,2019-11-08 08:50:00 EST,44.31360,-73.37189,182,27.7,27.7,18.4,61.6,16.2,0.000,0.000,0.00,0.000,9.2,15.9,2.8,297,16,10.0,18.7,3.2,295,15,10.0,18.7,3.2,295,15,268,29.92,0.4,0,0,0,39.6,46.0,49.7,0.58,0.45,0.38
ESSX,2019-11-08 08:55:00 EST,44.31360,-73.37189,182,27.8,27.7,17.6,60.9,16.0,0.000,0.000,0.00,0.000,11.0,18.1,2.7,311,16,11.6,19.2,2.9,310,18,11.6,19.2,2.9,310,18,300,29.92,0.4,0,0,0,39.6,46.0,49.6,0.58,0.45,0.38
ESSX,2019-11-08 09:00:00 EST,44.31360,-73.37189,182,28.0,27.9,18.4,60.9,16.2,0.000,0.000,0.00,0.000,10.0,17.6,3.0,308,17,10.5,17.6,3.0,307,17,10.5,17.6,3.0,307,17,313,29.92,0.5,0,0,0,39.6,46.0,49.6,0.58,0.45,0.38
ESSX,2019-11-08 09:05:00 EST,44.31360,-73.37189,182,28.1,28.0,17.7,59.4,15.7,0.000,0.000,0.00,0.000,11.6,21.5,3.4,315,18,12.2,22.0,3.4,313,20,12.2,22.0,3.4,313,20,326,29.92,0.4,0,0,0,39.6,46.0,49.6,0.58,0.45,0.38
ESSX,2019-11-08 09:10:00 EST,44.31360,-73.37189,182,28.1,28.1,17.2,58.6,15.4,0.000,0.000,0.00,0.000,13.0,23.2,4.2,300,16,13.6,24.4,4.2,298,17,13.6,24.4,4.2,298,17,291,29.92,0.4,0,0,0,39.4,46.0,49.6,0.58,0.45,0.38
ESSX,2019-11-08 09:15:00 EST,44.31360,-73.37189,182,28.0,28.0,17.4,58.1,15.1,0.000,0.000,0.00,0.000,11.9,19.2,3.0,305,15,12.7,21.8,3.2,304,14,12.7,21.8,3.2,304,14,240,29.92,0.4,0,0,0,39.4,46.0,49.6,0.58,0.45,0.38
ESSX,2019-11-08 09:20:00 EST,44.31360,-73.37189,182,28.2,28.2,18.3,59.3,15.8,0.000,0.000,0.00,0.000,10.7,17.7,3.1,312,19,11.4,18.7,3.1,313,18,11.4,18.7,3.1,313,18,326,29.92,0.4,0,0,0,39.4,46.0,49.6,0.58,0.45,0.38
ESSX,2019-11-08 09:25:00 EST,44.31360,-73.37189,182,28.7,28.6,19.3,59.0,16.1,0.000,0.000,0.00,0.000,9.9,15.8,3.0,314,19,10.6,16.0,2.9,314,14,10.6,16.0,2.9,314,14,364,29.92,0.5,0,0,0,39.4,46.0,49.6,0.58,0.45,0.38
ESSX,2019-11-08 09:30:00 EST,44.31360,-73.37189,182,28.7,28.7,19.5,57.7,15.7,0.000,0.000,0.00,0.000,9.5,16.4,2.4,308,15,10.3,17.6,2.6,307,14,10.3,17.6,2.6,307,14,376,29.92,0.5,0,0,0,39.4,46.0,49.6,0.58,0.45,0.38
ESSX,2019-11-08 09:35:00 EST,44.31360,-73.37189,182,29.1,28.9,20.2,58.1,16.2,0.000,0.000,0.00,0.000,9.0,18.9,3.9,320,24,9.9,21.0,4.1,319,24,9.9,21.0,4.1,319,24,389,29.92,0.4,0,0,0,39.4,46.0,49.6,0.58,0.45,0.38
ESSX,2019-11-08 09:40:00 EST,44.31360,-73.37189,182,29.0,28.9,20.8,57.1,15.7,0.000,0.000,0.00,0.000,8.0,16.6,2.7,316,18,8.6,18.8,2.8,315,18,8.6,18.8,2.8,315,18,386,29.92,0.5,0,0,0,39.4,46.0,49.6,0.58,0.45,0.38
ESSX,2019-11-08 09:45:00 EST,44.31360,-73.37189,182,29.3,29.1,20.8,56.3,15.6,0.000,0.000,0.00,0.000,8.1,13.9,2.4,318,20,9.2,15.3,2.4,317,20,9.2,15.3,2.4,317,20,402,29.92,0.5,0,0,0,39.4,46.0,49.6,0.58,0.45,0.38
ESSX,2019-11-08 09:50:00 EST,44.31360,-73.37189,182,29.3,29.1,19.3,55.3,15.3,0.000,0.000,0.00,0.000,11.3,19.9,3.3,320,20,12.2,20.9,3.3,322,19,12.2,20.9,3.3,322,19,409,29.92,0.4,0,0,0,39.4,46.0,49.6,0.58,0.45,0.38
ESSX,2019-11-08 09:55:00 EST,44.31360,-73.37189,182,29.3,29.0,19.2,55.0,15.1,0.000,0.000,0.00,0.000,11.8,21.6,3.0,318,14,12.3,21.7,3.0,319,15,12.3,21.7,3.0,319,15,417,29.92,0.5,0,0,0,39.3,46.0,49.6,0.58,0.45,0.38
ESSX,2019-11-08 10:00:00 EST,44.31360,-73.37189,182,29.4,29.2,20.1,55.4,15.3,0.000,0.000,0.00,0.000,9.8,17.7,2.3,315,22,10.6,18.5,2.7,312,22,10.6,18.5,2.7,312,22,411,29.92,0.5,0,0,0,39.3,46.0,49.6,0.58,0.45,0.38
ESSX,2019-11-08 10:05:00 EST,44.31360,-73.37189,182,29.8,29.4,21.1,55.4,15.7,0.000,0.000,0.00,0.000,9.1,15.0,2.6,311,21,9.8,14.9,2.4,310,19,9.8,14.9,2.4,310,19,434,29.93,0.4,0,0,0,39.2,46.0,49.6,0.58,0.45,0.38
ESSX,2019-11-08 10:10:00 EST,44.31360,-73.37189,182,29.5,29.3,19.5,53.4,14.6,0.000,0.000,0.00,0.000,11.6,18.8,2.9,325,15,12.2,19.9,2.8,329,15,12.2,19.9,2.8,329,15,342,29.93,0.5,0,0,0,39.2,46.0,49.6,0.58,0.45,0.38
ESSX,2019-11-08 10:15:00 EST,44.31360,-73.37189,182,29.3,29.0,18.9,53.6,14.5,0.000,0.000,0.00,0.000,12.6,20.0,3.3,320,20,13.1,20.4,3.2,320,18,13.1,20.4,3.2,320,18,465,29.93,0.5,0,0,0,39.2,46.0,49.6,0.58,0.45,0.38
ESSX,2019-11-08 10:20:00 EST,44.31360,-73.37189,182,29.5,29.1,19.2,53.3,14.6,0.000,0.000,0.00,0.000,12.5,20.1,2.9,325,16,12.9,20.3,3.0,325,14,12.9,20.3,3.0,325,14,472,29.93,0.5,0,0,0,39.2,46.0,49.6,0.58,0.45,0.38
ESSX,2019-11-08 10:25:00 EST,44.31360,-73.37189,182,29.5,29.1,18.6,51.9,14.0,0.000,0.000,0.00,0.000,13.5,21.0,3.3,300,16,14.2,21.3,3.3,300,14,14.2,21.3,3.3,300,14,481,29.93,0.4,0,0,0,39.2,46.0,49.6,0.58,0.45,0.38
ESSX,2019-11-08 10:30:00 EST,44.31360,-73.37189,182,29.2,29.0,19.1,51.3,13.5,0.000,0.000,0.00,0.000,11.6,18.4,2.6,303,19,12.4,18.2,2.6,302,16,12.4,18.2,2.6,302,16,354,29.93,0.4,0,0,0,39.2,45.9,49.6,0.58,0.45,0.38
ESSX,2019-11-08 10:35:00 EST,44.31360,-73.37189,182,29.0,28.9,18.1,52.6,13.8,0.000,0.000,0.00,0.000,13.0,19.4,3.0,303,17,13.9,21.7,3.2,302,17,13.9,21.7,3.2,302,17,261,29.93,0.4,0,0,0,39.2,45.9,49.6,0.58,0.45,0.38
ESSX,2019-11-08 10:40:00 EST,44.31360,-73.37189,182,28.9,28.8,19.2,52.5,13.6,0.000,0.000,0.00,0.000,10.4,18.2,2.7,303,17,11.2,19.2,2.8,304,17,11.2,19.2,2.8,304,17,248,29.93,0.4,0,0,0,39.2,45.9,49.6,0.58,0.45,0.38
ESSX,2019-11-08 10:45:00 EST,44.31360,-73.37189,182,29.0,28.9,19.0,51.5,13.3,0.000,0.000,0.00,0.000,11.2,18.8,3.1,299,15,12.0,19.2,3.1,299,15,12.0,19.2,3.1,299,15,273,29.93,0.5,0,0,0,39.2,45.9,49.6,0.58,0.45,0.38
ESSX,2019-11-08 10:50:00 EST,44.31360,-73.37189,182,29.1,29.1,19.4,52.4,13.9,0.000,0.000,0.00,0.000,10.9,17.3,2.3,308,13,11.5,18.0,2.2,307,13,11.5,18.0,2.2,307,13,262,29.94,0.4,0,0,0,39.2,45.9,49.6,0.58,0.45,0.38
ESSX,2019-11-08 10:55:00 EST,44.31360,-73.37189,182,29.2,29.1,19.8,52.1,13.8,0.000,0.000,0.00,0.000,10.2,14.5,2.4,302,20,10.8,16.3,2.5,301,20,10.8,16.3,2.5,301,20,224,29.94,0.5,0,0,0,39.2,45.9,49.6,0.58,0.45,0.38
ESSX,2019-11-08 11:00:00 EST,44.31360,-73.37189,182,29.2,29.1,20.3,52.7,14.0,0.000,0.000,0.00,0.000,8.8,15.4,2.6,296,18,9.8,15.8,2.7,295,16,9.8,15.8,2.7,295,16,227,29.94,0.4,0,0,0,39.2,45.9,49.6,0.58,0.45,0.38
ESSX,2019-11-08 11:05:00 EST,44.31360,-73.37189,182,30.0,29.6,21.1,52.5,14.7,0.000,0.000,0.00,0.000,9.5,18.6,3.2,305,16,10.3,19.1,3.1,303,15,10.3,19.1,3.1,303,15,512,29.93,0.4,0,0,0,39.2,45.9,49.6,0.58,0.45,0.38
ESSX,2019-11-08 11:10:00 EST,44.31360,-73.37189,182,30.0,29.8,20.2,51.3,14.2,0.000,0.000,0.00,0.000,11.7,18.5,2.6,310,15,12.3,20.4,2.9,309,13,12.3,20.4,2.9,309,13,333,29.93,0.4,0,0,0,39.2,45.9,49.6,0.58,0.45,0.38
ESSX,2019-11-08 11:15:00 EST,44.31360,-73.37189,182,29.9,29.8,20.9,53.1,14.9,0.000,0.000,0.00,0.000,9.9,16.0,2.6,316,16,10.4,17.1,2.6,315,17,10.4,17.1,2.6,315,17,219,29.93,0.4,0,0,0,39.2,45.9,49.6,0.58,0.45,0.38
ESSX,2019-11-08 11:20:00 EST,44.31360,-73.37189,182,29.9,29.8,21.8,54.2,15.3,0.000,0.000,0.00,0.000,8.0,16.1,3.1,299,27,8.7,17.6,3.3,300,26,8.7,17.6,3.3,300,26,251,29.93,0.4,0,0,0,39.2,45.9,49.6,0.58,0.45,0.38
ESSX,2019-11-08 11:25:00 EST,44.31360,-73.37189,182,29.4,29.3,19.7,55.4,15.4,0.000,0.000,0.00,0.000,11.0,19.0,3.1,307,15,11.8,19.5,3.1,307,15,11.8,19.5,3.1,307,15,242,29.93,0.4,0,0,0,39.2,45.9,49.6,0.58,0.45,0.38
ESSX,2019-11-08 11:30:00 EST,44.31360,-73.37189,182,29.3,29.2,19.2,56.1,15.6,0.000,0.000,0.00,0.000,11.8,20.5,3.3,316,19,12.3,21.2,3.2,317,15,12.3,21.2,3.2,317,15,224,29.93,0.4,0,0,0,39.2,45.9,49.6,0.58,0.45,0.38
ESSX,2019-11-08 11:35:00 EST,44.31360,-73.37189,182,29.8,29.6,22.0,56.0,15.9,0.000,0.000,0.00,0.000,7.4,14.5,2.2,298,18,8.1,15.7,2.3,298,17,8.1,15.7,2.3,298,17,360,29.93,0.5,0,0,0,39.2,45.9,49.6,0.58,0.45,0.38
ESSX,2019-11-08 11:40:00 EST,44.31360,-73.37189,182,30.8,30.3,21.4,53.9,16.0,0.000,0.000,0.00,0.000,11.0,20.9,3.5,308,17,11.8,20.2,3.5,308,16,11.8,20.2,3.5,308,16,523,29.93,0.4,0,0,0,39.2,45.9,49.6,0.58,0.45,0.38
ESSX,2019-11-08 11:45:00 EST,44.31360,-73.37189,182,30.6,30.2,19.8,52.5,15.2,0.000,0.000,0.00,0.000,14.0,22.1,3.4,292,14,14.8,22.8,3.5,292,13,14.8,22.8,3.5,292,13,529,29.93,0.4,0,0,0,39.2,45.9,49.6,0.58,0.45,0.38
ESSX,2019-11-08 11:50:00 EST,44.31360,-73.37189,182,30.6,30.1,21.0,53.0,15.5,0.000,0.000,0.00,0.000,11.4,17.9,2.6,300,17,12.0,18.5,2.6,297,17,12.0,18.5,2.6,297,17,501,29.93,0.5,0,0,0,39.2,45.9,49.6,0.58,0.45,0.38
ESSX,2019-11-08 11:55:00 EST,44.31360,-73.37189,182,30.9,30.6,21.8,52.3,15.5,0.000,0.000,0.00,0.000,10.2,18.0,3.3,298,18,11.3,18.5,3.2,295,17,11.3,18.5,3.2,295,17,522,29.93,0.4,0,0,0,39.2,45.9,49.6,0.58,0.45,0.38
ESSX,2019-11-08 12:00:00 EST,44.31360,-73.37189,182,30.7,30.3,20.9,50.8,14.6,0.000,0.000,0.00,0.000,11.9,20.2,4.0,304,17,12.5,22.8,4.1,303,18,12.5,22.8,4.1,303,18,539,29.93,0.5,0,0,0,39.2,45.9,49.6,0.58,0.45,0.38
ESSX,2019-11-08 12:05:00 EST,44.31360,-73.37189,182,31.2,30.7,22.1,52.1,15.7,0.000,0.000,0.00,0.000,10.3,17.6,3.1,297,19,11.5,19.3,3.1,297,17,11.5,19.3,3.1,297,17,482,29.93,0.4,0,0,0,39.2,45.9,49.6,0.58,0.45,0.38
ESSX,2019-11-08 12:10:00 EST,44.31360,-73.37189,182,31.4,31.0,23.0,51.7,15.6,0.000,0.000,0.00,0.000,9.2,16.1,3.0,307,21,9.9,17.6,3.3,306,18,9.9,17.6,3.3,306,18,466,29.93,0.4,0,0,0,39.1,45.9,49.6,0.58,0.45,0.38
ESSX,2019-11-08 12:15:00 EST,44.31360,-73.37189,182,31.5,31.0,22.7,51.8,15.8,0.000,0.000,0.00,0.000,10.0,19.1,4.0,319,23,10.7,20.1,4.1,321,25,10.7,20.1,4.1,321,25,366,29.93,0.4,0,0,0,39.1,45.9,49.6,0.58,0.45,0.38
ESSX,2019-11-08 12:20:00 EST,44.31360,-73.37189,182,30.8,30.4,21.1,50.5,14.6,0.000,0.000,0.00,0.000,11.7,22.4,3.6,303,19,12.6,26.8,3.9,302,17,12.6,26.8,3.9,302,17,403,29.93,0.3,0,0,0,39.0,45.9,49.6,0.58,0.45,0.38
ESSX,2019-11-08 12:25:00 EST,44.31360,-73.37189,182,31.0,30.5,20.6,51.7,15.3,0.000,0.000,0.00,0.000,13.7,24.6,3.8,312,15,14.3,24.8,3.7,311,15,14.3,24.8,3.7,311,15,476,29.93,0.4,0,0,0,39.0,45.8,49.6,0.58,0.45,0.38
ESSX,2019-11-08 12:30:00 EST,44.31360,-73.37189,182,31.1,30.6,20.7,51.6,15.3,0.000,0.000,0.00,0.000,13.9,23.7,3.7,318,17,14.3,23.3,3.8,318,17,14.3,23.3,3.8,318,17,441,29.92,0.4,0,0,0,39.0,45.8,49.6,0.58,0.45,0.38
ESSX,2019-11-08 12:35:00 EST,44.31360,-73.37189,182,30.9,30.5,21.1,50.8,14.8,0.000,0.000,0.00,0.000,12.2,17.7,2.4,308,21,12.9,20.0,2.7,306,21,12.9,20.0,2.7,306,21,338,29.92,0.2,0,0,0,39.0,45.7,49.6,0.58,0.45,0.38
ESSX,2019-11-08 12:40:00 EST,44.31360,-73.37189,182,30.4,30.2,20.6,50.7,14.2,0.000,0.000,0.00,0.000,11.8,19.7,2.8,303,15,12.4,20.6,2.9,303,14,12.4,20.6,2.9,303,14,335,29.92,0.3,0,0,0,39.0,45.7,49.6,0.58,0.45,0.38
ESSX,2019-11-08 12:45:00 EST,44.31360,-73.37189,182,30.7,30.4,20.9,50.8,14.6,0.000,0.000,0.00,0.000,11.9,18.9,2.9,302,16,12.6,21.5,3.2,302,15,12.6,21.5,3.2,302,15,363,29.92,0.4,0,0,0,39.0,45.7,49.6,0.59,0.45,0.38
ESSX,2019-11-08 12:50:00 EST,44.31360,-73.37189,182,31.2,30.6,21.6,51.4,15.3,0.000,0.000,0.00,0.000,11.4,19.9,3.6,306,14,12.3,20.6,3.6,305,15,12.3,20.6,3.6,305,15,467,29.93,0.3,0,0,0,39.0,45.7,49.6,0.59,0.45,0.38
ESSX,2019-11-08 12:55:00 EST,44.31360,-73.37189,182,30.9,30.6,22.3,51.3,15.0,0.000,0.000,0.00,0.000,9.6,17.0,3.0,315,15,10.3,18.0,3.0,315,16,10.3,18.0,3.0,315,16,357,29.93,0.3,0,0,0,39.0,45.7,49.6,0.59,0.45,0.38
ESSX,2019-11-08 13:00:00 EST,44.31360,-73.37189,182,30.4,30.3,21.0,50.1,14.0,0.000,0.000,0.00,0.000,10.9,17.8,3.0,302,19,11.5,20.1,3.2,303,19,11.5,20.1,3.2,303,19,284,29.93,0.3,0,0,0,39.0,45.7,49.6,0.59,0.45,0.38
ESSX,2019-11-08 13:05:00 EST,44.31360,-73.37189,182,31.0,30.6,20.9,50.1,14.5,0.000,0.000,0.00,0.000,12.5,18.1,2.8,299,18,13.2,20.0,2.8,297,17,13.2,20.0,2.8,297,17,419,29.93,0.2,0,0,0,39.0,45.7,49.6,0.59,0.45,0.38
ESSX,2019-11-08 13:10:00 EST,44.31360,-73.37189,182,31.1,30.8,21.9,50.4,14.8,0.000,0.000,0.00,0.000,10.8,16.9,2.6,308,18,11.4,17.7,2.7,307,16,11.4,17.7,2.7,307,16,442,29.93,0.3,0,0,0,39.0,45.7,49.6,0.59,0.45,0.38
ESSX,2019-11-08 13:15:00 EST,44.31360,-73.37189,182,31.0,30.5,21.0,49.8,14.4,0.000,0.000,0.00,0.000,12.7,18.9,3.0,318,16,13.3,19.7,3.0,319,15,13.3,19.7,3.0,319,15,444,29.93,0.2,0,0,0,39.0,45.7,49.6,0.59,0.45,0.38
ESSX,2019-11-08 13:20:00 EST,44.31360,-73.37189,182,30.9,30.6,20.6,50.3,14.6,0.000,0.000,0.00,0.000,13.3,22.4,3.7,327,14,14.0,24.0,4.1,329,14,14.0,24.0,4.1,329,14,408,29.93,0.2,0,0,0,39.0,45.7,49.6,0.59,0.45,0.38
ESSX,2019-11-08 13:25:00 EST,44.31360,-73.37189,182,30.4,30.0,20.1,50.4,14.1,0.000,0.000,0.00,0.000,13.0,21.3,2.9,326,15,13.6,22.2,2.9,330,13,13.6,22.2,2.9,330,13,400,29.93,0.4,0,0,0,39.0,45.7,49.6,0.59,0.45,0.38
ESSX,2019-11-08 13:30:00 EST,44.31360,-73.37189,182,31.1,30.4,21.4,51.0,15.0,0.000,0.000,0.00,0.000,11.5,18.4,3.4,340,21,12.4,21.3,3.4,340,16,12.4,21.3,3.4,340,16,432,29.93,0.2,0,0,0,39.0,45.7,49.6,0.59,0.45,0.38
ESSX,2019-11-08 13:35:00 EST,44.31360,-73.37189,182,31.1,30.7,21.2,50.0,14.6,0.000,0.000,0.00,0.000,12.6,20.5,3.6,321,16,13.1,20.8,3.3,323,16,13.1,20.8,3.3,323,16,286,29.93,0.1,0,0,0,39.0,45.7,49.6,0.59,0.45,0.38
ESSX,2019-11-08 13:40:00 EST,44.31360,-73.37189,182,30.4,30.1,20.7,51.0,14.4,0.000,0.000,0.00,0.000,11.5,17.8,2.8,322,17,12.1,18.9,2.8,323,16,12.1,18.9,2.8,323,16,322,29.94,0.3,0,0,0,39.0,45.7,49.6,0.59,0.45,0.38
ESSX,2019-11-08 13:45:00 EST,44.31360,-73.37189,182,31.1,30.6,21.1,51.3,15.2,0.000,0.000,0.00,0.000,12.4,19.7,2.7,318,21,13.1,22.7,3.1,319,20,13.1,22.7,3.1,319,20,395,29.94,0.2,0,0,0,38.9,45.7,49.6,0.59,0.45,0.38
ESSX,2019-11-08 13:50:00 EST,44.31360,-73.37189,182,30.6,30.4,20.9,49.4,13.9,0.000,0.000,0.00,0.000,11.6,19.9,3.8,302,18,12.3,21.8,4.0,300,15,12.3,21.8,4.0,300,15,374,29.94,0.3,0,0,0,38.8,45.7,49.6,0.59,0.45,0.38
ESSX,2019-11-08 13:55:00 EST,44.31360,-73.37189,182,31.0,30.4,21.1,49.9,14.5,0.000,0.000,0.00,0.000,12.1,18.1,2.9,310,19,12.9,19.7,3.1,310,18,12.9,19.7,3.1,310,18,447,29.94,0.2,0,0,0,38.8,45.7,49.6,0.59,0.45,0.38
ESSX,2019-11-08 14:00:00 EST,44.31360,-73.37189,182,31.1,30.6,21.4,50.0,14.6,0.000,0.000,0.00,0.000,11.7,20.8,4.0,309,22,12.6,23.5,4.2,308,21,12.6,23.5,4.2,308,21,438,29.94,0.3,0,0,0,38.9,45.7,49.6,0.59,0.45,0.38
ESSX,2019-11-08 14:05:00 EST,44.31360,-73.37189,182,31.1,30.7,21.4,49.1,14.2,0.000,0.000,0.00,0.000,11.7,18.6,3.6,308,20,12.7,20.2,3.8,308,19,12.7,20.2,3.8,308,19,388,29.94,0.2,0,0,0,38.9,45.6,49.6,0.59,0.45,0.38
ESSX,2019-11-08 14:10:00 EST,44.31360,-73.37189,182,31.0,30.5,21.0,50.2,14.6,0.000,0.000,0.00,0.000,12.5,23.2,3.5,324,21,13.2,24.0,3.7,326,22,13.2,24.0,3.7,326,22,385,29.94,0.2,0,0,0,38.8,45.6,49.6,0.59,0.45,0.38
ESSX,2019-11-08 14:15:00 EST,44.31360,-73.37189,182,30.7,30.3,20.7,49.4,14.0,0.000,0.000,0.00,0.000,12.3,19.0,3.1,309,18,13.1,19.2,3.0,308,17,13.1,19.2,3.0,308,17,339,29.94,0.1,0,0,0,38.8,45.5,49.5,0.59,0.45,0.38
ESSX,2019-11-08 14:20:00 EST,44.31360,-73.37189,182,30.5,30.2,21.2,48.9,13.6,0.000,0.000,0.00,0.000,10.4,16.0,2.6,300,20,11.3,20.7,2.9,300,18,11.3,20.7,2.9,300,18,313,29.94,0.2,0,0,0,38.8,45.5,49.6,0.59,0.45,0.38
ESSX,2019-11-08 14:25:00 EST,44.31360,-73.37189,182,30.6,30.3,21.4,48.2,13.3,0.000,0.000,0.00,0.000,10.5,18.6,3.2,304,21,11.2,21.0,3.3,303,20,11.2,21.0,3.3,303,20,298,29.94,0.1,0,0,0,38.8,45.5,49.5,0.59,0.45,0.38
ESSX,2019-11-08 14:30:00 EST,44.31360,-73.37189,182,30.3,30.2,20.1,48.2,13.1,0.000,0.000,0.00,0.000,12.3,19.2,2.9,297,20,13.5,20.9,3.5,296,17,13.5,20.9,3.5,296,17,266,29.94,0.1,0,0,0,38.8,45.5,49.5,0.59,0.45,0.38
ESSX,2019-11-08 14:35:00 EST,44.31360,-73.37189,182,30.3,30.1,20.6,48.5,13.1,0.000,0.000,0.00,0.000,11.2,16.5,2.7,305,19,11.9,20.1,3.0,305,18,11.9,20.1,3.0,305,18,261,29.95,0.2,0,0,0,38.8,45.5,49.5,0.59,0.45,0.38
ESSX,2019-11-08 14:40:00 EST,44.31360,-73.37189,182,30.4,30.2,21.5,49.4,13.7,0.000,0.000,0.00,0.000,10.0,16.1,2.7,305,18,10.6,18.2,3.0,304,18,10.6,18.2,3.0,304,18,240,29.95,0.1,0,0,0,38.8,45.5,49.5,0.59,0.45,0.38
ESSX,2019-11-08 14:45:00 EST,44.31360,-73.37189,182,30.8,30.6,22.7,49.2,14.0,0.000,0.000,0.00,0.000,8.3,18.0,3.2,298,21,9.2,19.3,3.4,297,21,9.2,19.3,3.4,297,21,249,29.95,0.1,0,0,0,38.8,45.5,49.5,0.59,0.45,0.38
ESSX,2019-11-08 14:50:00 EST,44.31360,-73.37189,182,30.5,30.4,21.4,48.7,13.5,0.000,0.000,0.00,0.000,10.0,16.1,2.3,293,15,10.9,16.9,2.4,291,14,10.9,16.9,2.4,291,14,238,29.95,0.1,0,0,0,38.8,45.5,49.5,0.59,0.45,0.38
ESSX,2019-11-08 14:55:00 EST,44.31360,-73.37189,182,30.9,30.6,23.2,49.3,14.1,0.000,0.000,0.00,0.000,7.6,12.1,2.0,311,18,8.4,12.5,2.1,309,18,8.4,12.5,2.1,309,18,231,29.95,0.1,0,0,0,38.8,45.5,49.5,0.59,0.45,0.38
ESSX,2019-11-08 15:00:00 EST,44.31360,-73.37189,182,30.8,30.7,23.9,49.3,14.0,0.000,0.000,0.00,0.000,6.4,11.5,2.3,315,26,7.2,12.0,2.4,316,28,7.2,12.0,2.4,316,28,209,29.95,0.1,0,0,0,38.8,45.5,49.5,0.59,0.45,0.38
ESSX,2019-11-08 15:05:00 EST,44.31360,-73.37189,182,30.6,30.6,22.2,48.5,13.5,0.000,0.000,0.00,0.000,8.8,19.9,3.3,303,19,9.6,22.8,3.6,302,18,9.6,22.8,3.6,302,18,194,29.95,0.0,0,0,0,38.8,45.5,49.5,0.59,0.45,0.38
ESSX,2019-11-08 15:10:00 EST,44.31360,-73.37189,182,30.1,30.1,19.9,49.1,13.3,0.000,0.000,0.00,0.000,12.5,19.1,2.7,298,15,13.3,21.0,3.0,296,16,13.3,21.0,3.0,296,16,181,29.95,0.1,0,0,0,38.9,45.5,49.5,0.59,0.45,0.38
ESSX,2019-11-08 15:15:00 EST,44.31360,-73.37189,182,30.0,30.0,20.8,50.3,13.7,0.000,0.000,0.00,0.000,10.3,20.5,3.3,312,14,10.9,20.1,3.3,311,14,10.9,20.1,3.3,311,14,168,29.96,0.1,0,0,0,38.8,45.5,49.5,0.59,0.45,0.38
ESSX,2019-11-08 15:20:00 EST,44.31360,-73.37189,182,29.9,29.9,20.4,50.5,13.7,0.000,0.000,0.00,0.000,10.9,17.2,2.8,314,14,11.4,17.8,2.6,316,15,11.4,17.8,2.6,316,15,156,29.96,0.0,0,0,0,38.9,45.5,49.5,0.59,0.45,0.38
ESSX,2019-11-08 15:25:00 EST,44.31360,-73.37189,182,29.9,29.9,22.6,51.6,14.2,0.000,0.000,0.00,0.000,6.9,13.2,1.9,319,16,7.5,13.3,1.9,319,14,7.5,13.3,1.9,319,14,143,29.96,0.1,0,0,0,39.0,45.5,49.5,0.59,0.45,0.38
ESSX,2019-11-08 15:30:00 EST,44.31360,-73.37189,182,29.8,29.8,21.3,52.2,14.3,0.000,0.000,0.00,0.000,8.6,15.2,2.4,311,22,9.3,18.1,2.6,311,22,9.3,18.1,2.6,311,22,131,29.96,0.1,0,0,0,39.0,45.5,49.5,0.59,0.45,0.38
ESSX,2019-11-08 15:35:00 EST,44.31360,-73.37189,182,29.5,29.6,20.4,52.2,14.1,0.000,0.000,0.00,0.000,9.9,18.9,3.4,317,16,10.5,18.7,3.3,317,15,10.5,18.7,3.3,317,15,119,29.96,0.1,0,0,0,39.0,45.5,49.5,0.59,0.45,0.38
ESSX,2019-11-08 15:40:00 EST,44.31360,-73.37189,182,29.4,29.5,21.5,53.4,14.5,0.000,0.000,0.00,0.000,7.7,13.4,2.1,307,18,8.3,13.6,2.1,310,17,8.3,13.6,2.1,310,17,107,29.96,0.0,0,0,0,39.0,45.5,49.5,0.59,0.45,0.38
ESSX,2019-11-08 15:45:00 EST,44.31360,-73.37189,182,29.3,29.4,19.9,52.7,14.1,0.000,0.000,0.00,0.000,10.4,16.2,2.4,305,19,11.0,18.7,2.5,307,19,11.0,18.7,2.5,307,19,89,29.96,0.1,0,0,0,39.0,45.5,49.5,0.59,0.45,0.38
ESSX,2019-11-08 15:50:00 EST,44.31360,-73.37189,182,29.1,29.2,19.6,53.8,14.4,0.000,0.000,0.00,0.000,10.3,17.8,2.7,310,15,10.9,17.9,2.8,309,14,10.9,17.9,2.8,309,14,78,29.96,0.1,0,0,0,39.0,45.5,49.5,0.59,0.45,0.38
ESSX,2019-11-08 15:55:00 EST,44.31360,-73.37189,182,28.9,29.2,20.3,54.5,14.6,0.000,0.000,0.00,0.000,8.9,13.6,2.1,308,13,9.3,16.1,2.2,310,13,9.3,16.1,2.2,310,13,71,29.96,0.0,0,0,0,39.0,45.5,49.5,0.59,0.45,0.38
ESSX,2019-11-08 16:00:00 EST,44.31360,-73.37189,182,28.8,29.1,20.5,55.5,14.9,0.000,0.000,0.00,0.000,8.0,19.7,4.1,304,22,8.7,19.7,4.1,304,20,8.7,19.7,4.1,304,20,58,29.96,0.0,0,0,0,39.0,45.5,49.5,0.59,0.45,0.38
ESSX,2019-11-08 16:05:00 EST,44.31360,-73.37189,182,28.6,28.9,19.4,56.3,15.0,0.000,0.000,0.00,0.000,9.5,17.2,2.7,296,14,10.1,19.0,2.8,295,14,10.1,19.0,2.8,295,14,33,29.96,0.1,0,0,0,39.0,45.5,49.5,0.59,0.45,0.38
ESSX,2019-11-08 16:10:00 EST,44.31360,-73.37189,182,28.4,28.7,18.7,57.7,15.3,0.000,0.000,0.00,0.000,10.0,15.3,2.8,302,22,10.9,18.0,2.8,300,21,10.9,18.0,2.8,300,21,22,29.96,0.1,0,0,0,39.0,45.5,49.5,0.59,0.45,0.38
ESSX,2019-11-08 16:15:00 EST,44.31360,-73.37189,182,28.3,28.6,18.3,57.8,15.3,0.000,0.000,0.00,0.000,10.7,19.3,3.4,297,16,11.8,21.1,3.6,296,14,11.8,21.1,3.6,296,14,18,29.97,0.1,0,0,0,39.0,45.4,49.5,0.59,0.45,0.38
ESSX,2019-11-08 16:20:00 EST,44.31360,-73.37189,182,28.2,28.5,18.6,58.1,15.4,0.000,0.000,0.00,0.000,10.0,17.0,2.7,302,18,10.7,19.0,2.9,301,17,10.7,19.0,2.9,301,17,15,29.97,0.1,0,0,0,39.0,45.4,49.5,0.59,0.45,0.38
ESSX,2019-11-08 16:25:00 EST,44.31360,-73.37189,182,28.1,28.4,18.1,59.0,15.6,0.000,0.000,0.00,0.000,10.5,16.8,3.6,300,19,11.4,20.3,3.6,299,18,11.4,20.3,3.6,299,18,12,29.97,0.1,0,0,0,39.0,45.3,49.5,0.59,0.45,0.38
ESSX,2019-11-08 16:30:00 EST,44.31360,-73.37189,182,28.0,28.4,18.6,59.3,15.6,0.000,0.000,0.00,0.000,9.5,15.9,2.2,296,15,10.3,17.4,2.7,295,14,10.3,17.4,2.7,295,14,9,29.97,0.1,0,0,0,39.0,45.3,49.5,0.59,0.45,0.38
ESSX,2019-11-08 16:35:00 EST,44.31360,-73.37189,182,27.9,28.2,18.0,60.1,15.8,0.000,0.000,0.00,0.000,10.2,18.0,3.2,294,17,11.2,21.2,3.4,295,16,11.2,21.2,3.4,295,16,6,29.97,0.0,0,0,0,39.0,45.3,49.5,0.59,0.45,0.38
ESSX,2019-11-08 16:40:00 EST,44.31360,-73.37189,182,27.7,28.1,18.4,60.9,16.0,0.000,0.000,0.00,0.000,9.1,15.6,2.4,296,18,10.0,17.8,2.6,295,16,10.0,17.8,2.6,295,16,4,29.97,0.1,0,0,0,39.0,45.3,49.5,0.59,0.45,0.38
ESSX,2019-11-08 16:45:00 EST,44.31360,-73.37189,182,27.7,28.1,18.0,61.4,16.2,0.000,0.000,0.00,0.000,10.0,18.2,2.8,300,18,10.8,19.8,2.8,297,16,10.8,19.8,2.8,297,16,3,29.97,0.1,0,0,0,39.0,45.3,49.5,0.59,0.45,0.38
ESSX,2019-11-08 16:50:00 EST,44.31360,-73.37189,182,27.6,28.0,18.9,61.7,16.2,0.000,0.000,0.00,0.000,8.0,15.0,2.9,301,16,8.9,17.4,2.9,300,16,8.9,17.4,2.9,300,16,1,29.98,0.1,0,0,0,39.0,45.3,49.5,0.59,0.45,0.38
ESSX,2019-11-08 16:55:00 EST,44.31360,-73.37189,182,27.7,28.1,17.6,62.3,16.4,0.000,0.000,0.00,0.000,10.7,18.9,3.0,306,21,11.4,20.3,3.3,307,20,11.4,20.3,3.3,307,20,0,29.98,0.1,0,0,0,39.0,45.3,49.5,0.59,0.45,0.38
ESSX,2019-11-08 17:00:00 EST,44.31360,-73.37189,182,27.5,28.0,19.7,62.9,16.6,0.000,0.000,0.00,0.000,6.8,10.4,1.6,299,15,7.6,11.4,1.7,299,15,7.6,11.4,1.7,299,15,0,29.98,0.1,0,0,0,39.0,45.3,49.5,0.59,0.45,0.38
ESSX,2019-11-08 17:05:00 EST,44.31360,-73.37189,182,27.6,28.0,19.3,62.6,16.5,0.000,0.000,0.00,0.000,7.4,14.3,2.0,303,21,8.3,17.4,2.4,301,20,8.3,17.4,2.4,301,20,0,29.98,0.1,0,0,0,39.0,45.3,49.5,0.58,0.45,0.38
ESSX,2019-11-08 17:10:00 EST,44.31360,-73.37189,182,27.6,28.1,18.2,62.3,16.4,0.000,0.000,0.00,0.000,9.5,15.1,2.7,295,20,10.2,19.5,3.0,295,17,10.2,19.5,3.0,295,17,0,29.98,0.1,0,0,0,39.0,45.3,49.5,0.59,0.45,0.38
ESSX,2019-11-08 17:15:00 EST,44.31360,-73.37189,182,27.7,28.1,19.0,61.8,16.3,0.000,0.000,0.00,0.000,8.2,17.0,3.3,297,17,8.8,17.2,3.3,298,15,8.8,17.2,3.3,298,15,0,29.99,0.1,0,0,0,39.0,45.3,49.5,0.59,0.45,0.38
ESSX,2019-11-08 17:20:00 EST,44.31360,-73.37189,182,27.6,28.1,18.9,61.8,16.2,0.000,0.000,0.00,0.000,8.1,13.4,2.2,296,17,9.0,15.3,2.5,296,17,9.0,15.3,2.5,296,17,0,29.99,0.1,0,0,0,39.0,45.3,49.5,0.59,0.45,0.38
ESSX,2019-11-08 17:25:00 EST,44.31360,-73.37189,182,27.4,28.0,21.0,61.9,16.0,0.000,0.000,0.00,0.000,4.9,13.7,2.6,299,19,5.6,17.1,2.9,299,17,5.6,17.1,2.9,299,17,0,29.99,0.1,0,0,0,39.0,45.3,49.5,0.59,0.45,0.38
ESSX,2019-11-08 17:30:00 EST,44.31360,-73.37189,182,27.4,27.9,21.6,62.1,16.2,0.000,0.000,0.00,0.000,4.5,9.5,1.5,308,20,5.1,9.8,1.7,308,20,5.1,9.8,1.7,308,20,0,29.99,0.1,0,0,0,39.0,45.3,49.5,0.58,0.45,0.38
ESSX,2019-11-08 17:35:00 EST,44.31360,-73.37189,182,27.4,28.0,20.4,61.6,16.0,0.000,0.000,0.00,0.000,5.9,9.6,2.0,312,16,6.4,10.8,2.1,312,16,6.4,10.8,2.1,312,16,0,29.99,0.2,0,0,0,39.0,45.3,49.5,0.59,0.45,0.38
ESSX,2019-11-08 17:40:00 EST,44.31360,-73.37189,182,27.3,27.9,20.7,61.7,15.9,0.000,0.000,0.00,0.000,5.2,8.4,1.4,303,18,5.9,9.8,1.7,302,18,5.9,9.8,1.7,302,18,0,30.00,0.2,0,0,0,39.0,45.3,49.5,0.59,0.45,0.38
ESSX,2019-11-08 17:45:00 EST,44.31360,-73.37189,182,27.6,28.1,18.8,61.2,15.9,0.000,0.000,0.00,0.000,8.3,14.2,2.6,296,16,9.0,15.7,2.9,296,14,9.0,15.7,2.9,296,14,0,30.00,0.1,0,0,0,39.0,45.3,49.5,0.59,0.45,0.38
ESSX,2019-11-08 17:50:00 EST,44.31360,-73.37189,182,27.8,28.2,19.8,60.4,15.8,0.000,0.000,0.00,0.000,7.3,11.5,1.9,305,16,7.8,13.9,2.1,304,14,7.8,13.9,2.1,304,14,0,30.00,0.2,0,0,0,39.0,45.3,49.5,0.58,0.45,0.38
ESSX,2019-11-08 17:55:00 EST,44.31360,-73.37189,182,27.8,28.1,19.0,60.1,15.7,0.000,0.000,0.00,0.000,8.6,14.5,2.0,308,14,9.1,14.9,2.0,307,13,9.1,14.9,2.0,307,13,0,30.00,0.2,0,0,0,39.0,45.3,49.5,0.58,0.45,0.38
ESSX,2019-11-08 18:00:00 EST,44.31360,-73.37189,182,27.7,28.1,19.5,60.1,15.6,0.000,0.000,0.00,0.000,7.4,13.1,1.8,297,18,8.2,16.8,2.1,295,18,8.2,16.8,2.1,295,18,0,30.01,0.1,0,0,0,39.0,45.3,49.5,0.58,0.45,0.38
ESSX,2019-11-08 18:05:00 EST,44.31360,-73.37189,182,27.7,28.2,19.3,60.0,15.6,0.000,0.000,0.00,0.000,7.6,16.1,2.4,296,18,8.5,16.6,2.6,295,17,8.5,16.6,2.6,295,17,0,30.01,0.2,0,0,0,39.0,45.3,49.5,0.58,0.45,0.38
ESSX,2019-11-08 18:10:00 EST,44.31360,-73.37189,182,27.7,28.2,20.3,59.9,15.6,0.000,0.000,0.00,0.000,6.2,10.6,1.9,300,19,7.0,11.1,1.9,301,18,7.0,11.1,1.9,301,18,0,30.01,0.1,0,0,0,39.0,45.3,49.5,0.58,0.45,0.38
ESSX,2019-11-08 18:15:00 EST,44.31360,-73.37189,182,27.8,28.2,19.6,59.4,15.5,0.000,0.000,0.00,0.000,7.3,11.9,1.9,298,18,8.1,12.5,2.1,297,17,8.1,12.5,2.1,297,17,0,30.01,0.1,0,0,0,39.0,45.3,49.5,0.58,0.45,0.38
ESSX,2019-11-08 18:20:00 EST,44.31360,-73.37189,182,27.7,28.2,20.2,59.5,15.4,0.000,0.000,0.00,0.000,6.3,11.9,1.9,298,17,7.1,13.2,2.1,296,17,7.1,13.2,2.1,296,17,0,30.01,0.2,0,0,0,39.0,45.3,49.5,0.58,0.45,0.38
ESSX,2019-11-08 18:25:00 EST,44.31360,-73.37189,182,27.5,28.0,20.4,59.8,15.3,0.000,0.000,0.00,0.000,5.7,13.2,2.1,292,21,6.5,16.3,2.4,292,20,6.5,16.3,2.4,292,20,0,30.01,0.2,0,0,0,39.0,45.2,49.5,0.58,0.45,0.38
ESSX,2019-11-08 18:30:00 EST,44.31360,-73.37189,182,27.6,28.1,20.0,59.6,15.4,0.000,0.000,0.00,0.000,6.4,12.0,1.9,299,17,7.2,12.3,2.1,297,16,7.2,12.3,2.1,297,16,0,30.01,0.2,0,0,0,39.0,45.2,49.5,0.58,0.45,0.38
ESSX,2019-11-08 18:35:00 EST,44.31360,-73.37189,182,27.8,28.3,19.9,58.8,15.2,0.000,0.000,0.00,0.000,6.9,11.8,2.2,295,14,7.7,12.5,2.2,293,12,7.7,12.5,2.2,293,12,0,30.02,0.2,0,0,0,39.0,45.2,49.5,0.58,0.45,0.38
ESSX,2019-11-08 18:40:00 EST,44.31360,-73.37189,182,27.7,28.3,19.4,58.8,15.2,0.000,0.000,0.00,0.000,7.6,12.2,2.1,299,16,8.3,14.5,2.3,297,16,8.3,14.5,2.3,297,16,0,30.02,0.2,0,0,0,39.0,45.2,49.5,0.58,0.45,0.38
ESSX,2019-11-08 18:45:00 EST,44.31360,-73.37189,182,27.8,28.2,20.4,58.4,15.1,0.000,0.000,0.00,0.000,6.2,11.6,2.1,293,18,7.1,13.6,2.3,291,18,7.1,13.6,2.3,291,18,0,30.02,0.1,0,0,0,39.0,45.1,49.5,0.58,0.45,0.38
ESSX,2019-11-08 18:50:00 EST,44.31360,-73.37189,182,27.5,28.1,21.2,59.1,15.1,0.000,0.000,0.00,0.000,5.2,11.5,2.8,314,19,5.7,12.9,2.9,313,19,5.7,12.9,2.9,313,19,0,30.02,0.1,0,0,0,39.0,45.1,49.5,0.58,0.45,0.38
ESSX,2019-11-08 18:55:00 EST,44.31360,-73.37189,182,27.6,28.1,22.0,58.8,15.0,0.000,0.000,0.00,0.000,4.2,8.7,1.8,296,18,4.8,9.5,1.9,297,18,4.8,9.5,1.9,297,18,0,30.02,0.1,0,0,0,39.0,45.1,49.5,0.58,0.45,0.38
ESSX,2019-11-08 19:00:00 EST,44.31360,-73.37189,182,27.4,28.0,20.9,59.3,15.1,0.000,0.000,0.00,0.000,5.1,8.7,1.8,298,17,5.8,10.1,2.0,297,17,5.8,10.1,2.0,297,17,0,30.02,0.2,0,0,0,39.0,45.1,49.5,0.58,0.45,0.38
ESSX,2019-11-08 19:05:00 EST,44.31360,-73.37189,182,27.6,28.2,20.4,59.3,15.2,0.000,0.000,0.00,0.000,5.9,10.2,1.7,295,19,6.7,11.5,1.8,295,19,6.7,11.5,1.8,295,19,0,30.03,0.1,0,0,0,39.0,45.1,49.5,0.58,0.45,0.38
ESSX,2019-11-08 19:10:00 EST,44.31360,-73.37189,182,27.8,28.3,19.5,59.1,15.4,0.000,0.000,0.00,0.000,7.5,13.4,2.4,293,15,8.3,14.6,2.6,293,13,8.3,14.6,2.6,293,13,0,30.03,0.2,0,0,0,39.0,45.1,49.4,0.58,0.45,0.38
ESSX,2019-11-08 19:15:00 EST,44.31360,-73.37189,182,27.6,28.2,20.7,59.2,15.2,0.000,0.000,0.00,0.000,5.7,11.4,2.1,293,15,6.3,12.6,2.2,292,14,6.3,12.6,2.2,292,14,0,30.03,0.3,0,0,0,39.0,45.1,49.5,0.58,0.45,0.38
ESSX,2019-11-08 19:20:00 EST,44.31360,-73.37189,182,27.4,28.0,21.3,59.7,15.3,0.000,0.000,0.00,0.000,4.7,9.4,1.5,288,17,5.4,11.5,1.7,289,16,5.4,11.5,1.7,289,16,0,30.03,0.2,0,0,0,39.0,45.1,49.4,0.58,0.45,0.38
ESSX,2019-11-08 19:25:00 EST,44.31360,-73.37189,182,27.5,28.1,20.4,59.8,15.3,0.000,0.000,0.00,0.000,5.9,9.4,1.6,292,17,6.5,10.9,1.8,291,15,6.5,10.9,1.8,291,15,0,30.03,0.2,0,0,0,39.0,45.1,49.4,0.58,0.45,0.38
ESSX,2019-11-08 19:30:00 EST,44.31360,-73.37189,182,27.3,28.0,21.6,60.4,15.4,0.000,0.000,0.00,0.000,4.3,7.5,1.1,284,15,4.9,8.0,1.2,283,13,4.9,8.0,1.2,283,13,0,30.03,0.2,0,0,0,39.0,45.1,49.4,0.58,0.45,0.38
ESSX,2019-11-08 19:35:00 EST,44.31360,-73.37189,182,27.3,28.0,19.9,60.9,15.6,0.000,0.000,0.00,0.000,6.2,13.4,1.9,291,15,7.0,14.8,2.1,291,15,7.0,14.8,2.1,291,15,0,30.03,0.3,0,0,0,39.0,45.1,49.3,0.58,0.45,0.38
ESSX,2019-11-08 19:40:00 EST,44.31360,-73.37189,182,27.4,28.0,19.8,61.1,15.7,0.000,0.000,0.00,0.000,6.3,9.9,1.4,281,14,7.1,10.2,1.6,280,13,7.1,10.2,1.6,280,13,0,30.03,0.2,0,0,0,39.0,45.1,49.3,0.58,0.45,0.38
ESSX,2019-11-08 19:45:00 EST,44.31360,-73.37189,182,26.9,27.7,21.5,61.5,15.5,0.000,0.000,0.00,0.000,4.1,6.1,0.8,264,15,4.7,7.1,0.9,264,14,4.7,7.1,0.9,264,14,0,30.03,0.2,0,0,0,39.0,45.1,49.3,0.58,0.45,0.38
ESSX,2019-11-08 19:50:00 EST,44.31360,-73.37189,182,26.7,27.5,20.7,62.4,15.6,0.000,0.000,0.00,0.000,4.6,6.4,1.0,262,14,5.2,7.9,1.1,262,13,5.2,7.9,1.1,262,13,0,30.03,0.2,0,0,0,39.0,45.1,49.3,0.58,0.45,0.38
ESSX,2019-11-08 19:55:00 EST,44.31360,-73.37189,182,26.5,27.4,20.9,63.1,15.6,0.000,0.000,0.00,0.000,4.1,6.6,1.2,256,16,4.7,7.1,1.3,255,15,4.7,7.1,1.3,255,15,0,30.03,0.2,0,0,0,39.0,45.1,49.3,0.58,0.45,0.38
ESSX,2019-11-08 20:00:00 EST,44.31360,-73.37189,182,26.4,27.4,20.8,63.0,15.5,0.000,0.000,0.00,0.000,4.2,7.5,1.2,245,16,4.8,8.3,1.4,245,16,4.8,8.3,1.4,245,16,0,30.03,0.3,0,0,0,39.0,45.1,49.3,0.58,0.45,0.38
ESSX,2019-11-08 20:05:00 EST,44.31360,-73.37189,182,26.2,27.2,20.0,63.9,15.6,0.000,0.000,0.00,0.000,5.0,8.7,1.1,234,11,5.3,9.6,1.3,235,11,5.3,9.6,1.3,235,11,0,30.03,0.2,0,0,0,39.0,45.1,49.3,0.58,0.45,0.38
ESSX,2019-11-08 20:10:00 EST,44.31360,-73.37189,182,26.0,27.1,20.8,63.9,15.5,0.000,0.000,0.00,0.000,3.9,5.8,0.7,228,12,4.3,6.2,0.8,228,11,4.3,6.2,0.8,228,11,0,30.03,0.3,0,0,0,39.0,45.1,49.3,0.58,0.45,0.38
ESSX,2019-11-08 20:15:00 EST,44.31360,-73.37189,182,26.0,27.1,20.5,64.2,15.6,0.000,0.000,0.00,0.000,4.1,6.9,0.8,233,16,4.6,8.0,1.1,233,16,4.6,8.0,1.1,233,16,0,30.04,0.2,0,0,0,39.0,45.1,49.3,0.58,0.45,0.38
ESSX,2019-11-08 20:20:00 EST,44.31360,-73.37189,182,26.0,27.2,20.7,64.1,15.5,0.000,0.000,0.00,0.000,4.0,6.9,1.0,236,13,4.4,7.3,1.1,235,14,4.4,7.3,1.1,235,14,0,30.04,0.2,0,0,0,39.0,45.1,49.3,0.58,0.45,0.38
ESSX,2019-11-08 20:25:00 EST,44.31360,-73.37189,182,25.9,27.1,21.2,63.5,15.2,0.000,0.000,0.00,0.000,3.5,6.3,1.1,243,11,3.9,8.1,1.3,243,11,3.9,8.1,1.3,243,11,0,30.04,0.2,0,0,0,39.0,45.1,49.3,0.58,0.45,0.38
ESSX,2019-11-08 20:30:00 EST,44.31360,-73.37189,182,25.9,27.1,21.0,64.5,15.5,0.000,0.000,0.00,0.000,3.6,6.3,0.8,239,14,4.0,7.4,1.1,239,14,4.0,7.4,1.1,239,14,0,30.04,0.2,0,0,0,39.0,45.1,49.3,0.58,0.45,0.38
ESSX,2019-11-08 20:35:00 EST,44.31360,-73.37189,182,25.5,27.1,25.5,65.5,15.5,0.000,0.000,0.00,0.000,2.3,4.7,0.9,235,10,2.7,6.3,1.0,234,11,2.7,6.3,1.0,234,11,0,30.04,0.0,0,0,0,38.9,45.1,49.3,0.58,0.45,0.38
ESSX,2019-11-08 20:40:00 EST,44.31360,-73.37189,182,24.5,27.1,24.5,66.9,15.1,0.000,0.000,0.00,0.000,1.6,3.0,0.6,232,15,1.9,4.0,0.6,234,17,1.9,4.0,0.6,234,17,0,30.04,0.1,0,0,0,38.9,45.1,49.3,0.58,0.45,0.38
ESSX,2019-11-08 20:45:00 EST,44.31360,-73.37189,182,23.5,26.8,23.5,68.7,14.8,0.000,0.000,0.00,0.000,0.5,1.3,0.4,182,27,1.1,1.8,0.3,180,31,1.1,1.8,0.3,180,31,0,30.04,0.2,0,0,0,38.8,45.1,49.3,0.58,0.45,0.38
ESSX,2019-11-08 20:50:00 EST,44.31360,-73.37189,182,22.8,26.6,22.8,72.9,15.4,0.000,0.000,0.00,0.000,0.4,1.2,0.5,140,36,0.7,1.6,0.6,134,40,0.7,1.6,0.6,134,40,0,30.04,0.2,0,0,0,38.8,45.1,49.3,0.58,0.45,0.38
ESSX,2019-11-08 20:55:00 EST,44.31360,-73.37189,182,23.0,26.7,23.0,75.2,16.3,0.000,0.000,0.00,0.000,0.9,1.5,0.4,96,13,1.2,1.9,0.3,94,15,1.2,1.9,0.3,94,15,0,30.04,0.0,0,0,0,38.8,45.1,49.3,0.58,0.45,0.38
ESSX,2019-11-08 21:00:00 EST,44.31360,-73.37189,182,21.7,24.3,21.7,77.2,15.6,0.000,0.000,0.00,0.000,0.6,1.2,0.3,12,35,1.0,1.6,0.4,2,30,1.0,1.6,0.4,2,30,0,30.05,0.3,0,0,0,38.8,45.1,49.3,0.57,0.45,0.38
ESSX,2019-11-08 21:05:00 EST,44.31360,-73.37189,182,22.7,24.3,22.7,77.1,16.6,0.000,0.000,0.00,0.000,1.0,2.1,0.7,335,16,1.4,2.9,0.8,333,17,1.4,2.9,0.8,333,17,0,30.05,0.2,0,0,0,38.8,45.1,49.3,0.58,0.45,0.38
ESSX,2019-11-08 21:10:00 EST,44.31360,-73.37189,182,21.9,24.4,21.9,77.4,15.9,0.000,0.000,0.00,0.000,0.2,1.2,0.3,315,12,0.7,2.0,0.5,323,19,0.7,2.0,0.5,323,19,0,30.05,0.1,0,0,0,38.8,45.1,49.3,0.58,0.45,0.38
ESSX,2019-11-08 21:15:00 EST,44.31360,-73.37189,182,21.6,24.7,21.6,78.3,15.9,0.000,0.000,0.00,0.000,0.0,0.0,0.0,0,0,0.2,1.3,0.4,328,9,0.2,1.3,0.4,328,9,0,30.05,0.1,0,0,0,38.8,45.1,49.3,0.58,0.45,0.38
ESSX,2019-11-08 21:20:00 EST,44.31360,-73.37189,182,20.8,24.5,20.8,81.2,15.9,0.000,0.000,0.00,0.000,0.3,1.6,0.5,316,8,0.7,2.4,0.7,311,12,0.7,2.4,0.7,311,12,0,30.05,0.3,0,0,0,38.8,45.1,49.3,0.58,0.45,0.38
ESSX,2019-11-08 21:25:00 EST,44.31360,-73.37189,182,20.7,24.5,20.7,80.2,15.5,0.000,0.000,0.00,0.000,1.1,2.3,0.5,353,18,1.5,2.4,0.5,349,20,1.5,2.4,0.5,349,20,0,30.05,0.3,0,0,0,38.8,45.1,49.3,0.58,0.45,0.38
ESSX,2019-11-08 21:30:00 EST,44.31360,-73.37189,182,22.1,24.9,22.1,81.1,17.2,0.000,0.000,0.00,0.000,1.5,2.6,0.6,336,18,1.8,3.0,0.6,333,20,1.8,3.0,0.6,333,20,0,30.05,0.2,0,0,0,38.8,45.1,49.3,0.58,0.45,0.38
ESSX,2019-11-08 21:35:00 EST,44.31360,-73.37189,182,21.7,25.5,21.7,78.7,16.1,0.000,0.000,0.00,0.000,1.7,3.4,0.8,332,10,2.0,4.3,0.8,330,19,2.0,4.3,0.8,330,19,0,30.05,0.2,0,0,0,38.8,45.0,49.3,0.57,0.45,0.38
ESSX,2019-11-08 21:40:00 EST,44.31360,-73.37189,182,22.1,25.7,22.1,78.2,16.3,0.000,0.000,0.00,0.000,2.2,3.2,0.6,325,11,2.4,4.3,0.6,323,12,2.4,4.3,0.6,323,12,0,30.05,0.2,0,0,0,38.8,45.0,49.3,0.57,0.45,0.38
ESSX,2019-11-08 21:45:00 EST,44.31360,-73.37189,182,20.7,25.7,20.7,79.0,15.2,0.000,0.000,0.00,0.000,2.0,3.0,0.5,335,12,2.4,3.5,0.5,334,13,2.4,3.5,0.5,334,13,0,30.05,0.2,0,0,0,38.8,45.0,49.3,0.57,0.45,0.38
ESSX,2019-11-08 21:50:00 EST,44.31360,-73.37189,182,20.7,25.9,20.7,81.4,15.9,0.000,0.000,0.00,0.000,2.1,4.5,0.6,332,13,2.3,5.9,0.7,333,14,2.3,5.9,0.7,333,14,0,30.05,0.3,0,0,0,38.8,45.0,49.3,0.57,0.45,0.38
ESSX,2019-11-08 21:55:00 EST,44.31360,-73.37189,182,21.3,26.4,16.6,81.1,16.4,0.000,0.000,0.00,0.000,2.8,4.4,0.5,345,9,3.4,4.8,0.6,343,8,3.4,4.8,0.6,343,8,0,30.05,0.1,0,0,0,38.8,45.0,49.3,0.57,0.45,0.38
ESSX,2019-11-08 22:00:00 EST,44.31360,-73.37189,182,20.4,26.3,15.0,80.9,15.5,0.000,0.000,0.00,0.000,3.1,4.2,0.4,346,8,3.8,4.8,0.4,345,7,3.8,4.8,0.4,345,7,0,30.05,0.3,0,0,0,38.7,45.0,49.3,0.57,0.45,0.38
ESSX,2019-11-08 22:05:00 EST,44.31360,-73.37189,182,20.5,26.2,14.9,81.5,15.7,0.000,0.000,0.00,0.000,3.3,4.7,0.4,349,6,3.9,5.6,0.5,348,6,3.9,5.6,0.5,348,6,0,30.05,0.1,0,0,0,38.7,45.0,49.3,0.57,0.45,0.38
ESSX,2019-11-08 22:10:00 EST,44.31360,-73.37189,182,20.8,25.9,16.2,82.3,16.2,0.000,0.000,0.00,0.000,2.6,3.3,0.3,351,8,3.3,4.2,0.4,350,9,3.3,4.2,0.4,350,9,0,30.05,0.1,0,0,0,38.7,45.0,49.3,0.57,0.45,0.38
ESSX,2019-11-08 22:15:00 EST,44.31360,-73.37189,182,21.0,24.9,21.0,83.6,16.8,0.000,0.000,0.00,0.000,1.5,2.6,0.7,0,6,2.0,3.4,0.8,356,10,2.0,3.4,0.8,356,10,0,30.05,0.2,0,0,0,38.7,45.0,49.3,0.57,0.45,0.38
ESSX,2019-11-08 22:20:00 EST,44.31360,-73.37189,182,20.1,23.2,20.1,85.8,16.5,0.000,0.000,0.00,0.000,1.2,2.8,0.8,191,10,1.7,3.2,0.8,192,14,1.7,3.2,0.8,192,14,0,30.05,0.2,0,0,0,38.7,45.0,49.3,0.57,0.45,0.38
ESSX,2019-11-08 22:25:00 EST,44.31360,-73.37189,182,20.2,22.6,20.2,85.4,16.6,0.000,0.000,0.00,0.000,2.6,3.4,0.2,200,6,3.0,3.6,0.3,203,7,3.0,3.6,0.3,203,7,0,30.06,0.3,0,0,0,38.7,45.0,49.3,0.57,0.45,0.38
ESSX,2019-11-08 22:30:00 EST,44.31360,-73.37189,182,20.1,22.5,20.1,85.3,16.4,0.000,0.000,0.00,0.000,2.1,2.7,0.3,188,9,2.5,3.1,0.3,192,11,2.5,3.1,0.3,192,11,0,30.06,0.2,0,0,0,38.7,45.0,49.3,0.57,0.45,0.38
ESSX,2019-11-08 22:35:00 EST,44.31360,-73.37189,182,20.4,22.7,20.4,85.4,16.7,0.000,0.000,0.00,0.000,1.8,2.8,0.5,195,15,2.1,3.2,0.6,197,14,2.1,3.2,0.6,197,14,0,30.05,0.3,0,0,0,38.7,45.0,49.3,0.57,0.45,0.38
ESSX,2019-11-08 22:40:00 EST,44.31360,-73.37189,182,20.6,22.4,20.6,84.0,16.5,0.000,0.000,0.00,0.000,1.5,2.2,0.4,208,9,1.8,2.4,0.4,213,10,1.8,2.4,0.4,213,10,0,30.05,0.2,0,0,0,38.7,45.0,49.3,0.57,0.45,0.38
ESSX,2019-11-08 22:45:00 EST,44.31360,-73.37189,182,19.8,22.3,19.8,83.9,15.7,0.000,0.000,0.00,0.000,0.7,1.1,0.4,199,13,1.1,1.6,0.3,204,15,1.1,1.6,0.3,204,15,0,30.05,0.2,0,0,0,38.7,45.0,49.3,0.56,0.45,0.38
ESSX,2019-11-08 22:50:00 EST,44.31360,-73.37189,182,19.0,22.4,19.0,84.9,15.2,0.000,0.000,0.00,0.000,0.5,1.3,0.4,190,7,1.1,1.6,0.3,208,12,1.1,1.6,0.3,208,12,0,30.05,0.2,0,0,0,38.7,45.0,49.3,0.56,0.45,0.38
ESSX,2019-11-08 22:55:00 EST,44.31360,-73.37189,182,19.3,22.5,19.3,86.6,16.0,0.000,0.000,0.00,0.000,1.4,2.0,0.3,250,16,1.8,2.6,0.3,251,15,1.8,2.6,0.3,251,15,0,30.05,0.3,0,0,0,38.7,45.0,49.3,0.56,0.45,0.38
ESSX,2019-11-08 23:00:00 EST,44.31360,-73.37189,182,20.4,22.7,20.4,85.4,16.8,0.000,0.000,0.00,0.000,1.1,2.8,0.8,251,16,1.7,3.4,0.8,250,20,1.7,3.4,0.8,250,20,0,30.05,0.3,0,0,0,38.7,45.0,49.3,0.56,0.45,0.38
ESSX,2019-11-08 23:05:00 EST,44.31360,-73.37189,182,19.9,23.0,19.9,82.4,15.4,0.000,0.000,0.00,0.000,1.7,3.1,0.8,293,7,2.2,3.6,0.8,293,8,2.2,3.6,0.8,293,8,0,30.05,0.2,0,0,0,38.7,45.0,49.3,0.56,0.45,0.38
ESSX,2019-11-08 23:10:00 EST,44.31360,-73.37189,182,19.5,25.2,14.9,84.0,15.5,0.000,0.000,0.00,0.000,2.8,3.9,0.5,303,8,3.1,4.2,0.4,304,8,3.1,4.2,0.4,304,8,0,30.05,0.3,0,0,0,38.7,45.0,49.3,0.56,0.45,0.38
ESSX,2019-11-08 23:15:00 EST,44.31360,-73.37189,182,19.1,26.3,19.1,84.5,15.2,0.000,0.000,0.00,0.000,2.3,3.3,0.5,306,6,2.6,3.9,0.6,306,6,2.6,3.9,0.6,306,6,0,30.05,0.3,0,0,0,38.7,45.0,49.3,0.56,0.45,0.38
ESSX,2019-11-08 23:20:00 EST,44.31360,-73.37189,182,19.1,23.9,19.1,85.8,15.5,0.000,0.000,0.00,0.000,1.1,2.0,0.4,270,45,1.5,2.6,0.4,269,39,1.5,2.6,0.4,269,39,0,30.05,0.4,0,0,0,38.7,45.0,49.3,0.56,0.45,0.38
ESSX,2019-11-08 23:25:00 EST,44.31360,-73.37189,182,19.5,21.5,19.5,88.0,16.5,0.000,0.000,0.00,0.000,2.0,3.0,0.4,197,11,2.4,3.5,0.5,200,11,2.4,3.5,0.5,200,11,0,30.05,0.3,0,0,0,38.7,45.0,49.3,0.56,0.45,0.38
ESSX,2019-11-08 23:30:00 EST,44.31360,-73.37189,182,19.1,21.6,19.1,89.3,16.5,0.000,0.000,0.00,0.000,2.1,3.4,0.5,198,5,2.4,3.8,0.5,203,6,2.4,3.8,0.5,203,6,0,30.05,0.3,0,0,0,38.7,45.0,49.3,0.56,0.45,0.38
ESSX,2019-11-08 23:35:00 EST,44.31360,-73.37189,182,19.4,21.3,19.4,89.5,16.8,0.000,0.000,0.00,0.000,2.7,3.5,0.5,197,4,3.0,3.9,0.5,200,5,3.0,3.9,0.5,200,5,0,30.05,0.4,0,0,0,38.7,45.0,49.3,0.56,0.45,0.38
ESSX,2019-11-08 23:40:00 EST,44.31360,-73.37189,182,19.2,21.4,19.2,88.0,16.2,0.000,0.000,0.00,0.000,1.6,3.2,1.1,196,6,1.9,3.8,1.1,199,8,1.9,3.8,1.1,199,8,0,30.05,0.3,0,0,0,38.6,44.9,49.3,0.56,0.45,0.38
ESSX,2019-11-08 23:45:00 EST,44.31360,-73.37189,182,18.8,20.7,18.8,86.4,15.4,0.000,0.000,0.00,0.000,0.0,0.0,0.0,0,0,0.1,1.0,0.3,222,18,0.1,1.0,0.3,222,18,0,30.05,0.2,0,0,0,38.6,45.0,49.3,0.56,0.45,0.38
ESSX,2019-11-08 23:50:00 EST,44.31360,-73.37189,182,17.3,20.9,17.3,86.8,14.1,0.000,0.000,0.00,0.000,0.1,1.2,0.3,43,0,0.3,1.4,0.5,26,24,0.3,1.4,0.5,26,24,0,30.05,0.3,0,0,0,38.5,44.9,49.3,0.56,0.45,0.38
ESSX,2019-11-08 23:55:00 EST,44.31360,-73.37189,182,17.5,19.9,17.5,89.8,15.0,0.000,0.000,0.00,0.000,0.6,0.9,0.3,42,13,1.0,1.6,0.3,34,22,1.0,1.6,0.3,34,22,0,30.06,0.3,0,0,0,38.5,44.9,49.3,0.56,0.45,0.38
FAYE,2019-11-08 00:00:00 EST,43.05423,-75.99004,588,28.3,28.3,28.3,95.4,27.1,0.000,0.151,0.00,0.000,0.0,0.0,0.0,0,0,0.1,0.9,0.3,200,2,0.1,0.9,0.3,200,2,0,29.47,-0.0,0,0,,41.5,46.4,,0.38,0.30,
FAYE,2019-11-08 00:05:00 EST,43.05423,-75.99004,588,28.2,28.3,28.2,95.4,27.0,0.000,0.000,0.00,0.000,0.0,0.0,0.0,0,0,0.6,1.0,0.4,206,13,0.6,1.0,0.4,206,13,0,29.47,-0.0,0,0,,41.5,46.4,,0.38,0.30,
FAYE,2019-11-08 00:10:00 EST,43.05423,-75.99004,588,28.1,28.3,28.1,95.6,27.0,0.000,0.000,0.00,0.000,0.1,0.9,0.3,213,0,0.9,1.3,0.3,211,11,0.9,1.3,0.3,211,11,0,29.47,-0.0,0,0,,41.5,46.4,,0.38,0.30,
FAYE,2019-11-08 00:15:00 EST,43.05423,-75.99004,588,28.1,28.2,28.1,95.9,27.1,0.000,0.000,0.00,0.000,1.1,1.3,0.1,193,11,1.4,1.8,0.1,191,9,1.4,1.8,0.1,191,9,0,29.47,0.0,0,0,,41.5,46.4,,0.38,0.30,
FAYE,2019-11-08 00:20:00 EST,43.05423,-75.99004,588,28.2,28.3,28.2,96.1,27.3,0.000,0.000,0.00,0.000,1.3,1.8,0.2,163,6,1.5,1.9,0.2,163,8,1.5,1.9,0.2,163,8,0,29.47,-0.0,0,0,,41.5,46.4,,0.38,0.30,
FAYE,2019-11-08 00:25:00 EST,43.05423,-75.99004,588,28.3,28.2,28.3,96.5,27.5,0.000,0.000,0.00,0.000,1.8,2.0,0.1,156,1,2.0,2.3,0.1,158,4,2.0,2.3,0.1,158,4,0,29.47,-0.0,0,0,,41.5,46.4,,0.38,0.30,
FAYE,2019-11-08 00:30:00 EST,43.05423,-75.99004,588,28.4,28.2,28.4,96.6,27.6,0.000,0.000,0.00,0.000,1.8,2.0,0.1,166,2,2.1,2.4,0.1,171,4,2.1,2.4,0.1,171,4,0,29.47,-0.0,0,0,,41.5,46.4,,0.38,0.30,
FAYE,2019-11-08 00:35:00 EST,43.05423,-75.99004,588,28.5,28.2,28.5,96.8,27.7,0.000,0.000,0.00,0.000,1.3,1.8,0.2,166,5,1.6,2.0,0.2,172,8,1.6,2.0,0.2,172,8,0,29.46,-0.0,0,0,,41.5,46.4,,0.38,0.30,
FAYE,2019-11-08 00:40:00 EST,43.05423,-75.99004,588,28.4,28.2,28.4,96.8,27.6,0.000,0.000,0.00,0.000,1.9,2.7,0.4,190,6,2.1,2.9,0.3,191,5,2.1,2.9,0.3,191,5,0,29.46,-0.0,0,0,,41.5,46.4,,0.38,0.30,
FAYE,2019-11-08 00:45:00 EST,43.05423,-75.99004,588,28.4,28.2,28.4,96.8,27.6,0.000,0.000,0.00,0.000,2.4,2.8,0.3,205,6,2.1,2.8,0.3,206,9,2.1,2.8,0.3,206,9,0,29.46,-0.0,0,0,,41.5,46.4,,0.38,0.30,
FAYE,2019-11-08 00:50:00 EST,43.05423,-75.99004,588,28.4,28.1,28.4,96.9,27.6,0.000,0.000,0.00,0.000,1.9,2.4,0.2,209,4,1.7,2.0,0.1,212,7,1.7,2.0,0.1,212,7,0,29.46,-0.0,0,0,,41.5,46.4,,0.38,0.30,
FAYE,2019-11-08 00:55:00 EST,43.05423,-75.99004,588,28.4,28.2,28.4,96.3,27.5,0.000,0.000,0.00,0.000,2.3,2.7,0.2,225,6,2.2,2.7,0.2,230,6,2.2,2.7,0.2,230,6,0,29.46,-0.0,0,0,,41.5,46.4,,0.38,0.30,
FAYE,2019-11-08 01:00:00 EST,43.05423,-75.99004,588,28.4,28.2,28.4,95.5,27.3,0.000,0.000,0.00,0.000,1.9,2.6,0.4,235,2,2.0,2.6,0.4,238,6,2.0,2.6,0.4,238,6,0,29.46,-0.0,0,0,,41.5,46.4,,0.38,0.30,
FAYE,2019-11-08 01:05:00 EST,43.05423,-75.99004,588,28.5,28.3,28.5,93.4,26.9,0.000,0.000,0.00,0.000,0.9,1.4,0.2,233,2,1.2,1.7,0.2,237,7,1.2,1.7,0.2,237,7,0,29.46,-0.0,0,0,,41.5,46.4,,0.38,0.30,
FAYE,2019-11-08 01:10:00 EST,43.05423,-75.99004,588,28.6,28.3,28.6,93.9,27.0,0.000,0.000,0.00,0.000,1.0,1.8,0.2,244,11,1.4,2.2,0.3,256,11,1.4,2.2,0.3,256,11,0,29.46,-0.0,0,0,,41.5,46.4,,0.38,0.30,
FAYE,2019-11-08 01:15:00 EST,43.05423,-75.99004,588,28.6,28.2,28.6,94.3,27.2,0.000,0.000,0.00,0.000,2.2,5.2,0.9,254,7,2.6,5.7,1.0,262,9,2.6,5.7,1.0,262,9,0,29.46,0.0,0,0,,41.5,46.4,,0.38,0.30,
FAYE,2019-11-08 01:20:00 EST,43.05423,-75.99004,588,28.5,28.2,23.7,94.9,27.2,0.000,0.000,0.00,0.000,3.8,5.6,1.0,256,12,4.3,6.7,1.1,264,12,4.3,6.7,1.1,264,12,0,29.46,0.0,0,0,,41.4,46.4,,0.38,0.30,
FAYE,2019-11-08 01:25:00 EST,43.05423,-75.99004,588,28.4,28.1,23.0,95.9,27.4,0.000,0.000,0.00,0.000,4.6,6.6,0.9,250,5,4.9,7.1,1.0,258,6,4.9,7.1,1.0,258,6,0,29.46,0.0,0,0,,41.4,46.3,,0.38,0.30,
FAYE,2019-11-08 01:30:00 EST,43.05423,-75.99004,588,28.5,28.1,28.5,96.4,27.6,0.000,0.000,0.00,0.000,1.6,2.6,0.7,269,13,2.0,3.1,0.7,279,15,2.0,3.1,0.7,279,15,0,29.46,0.1,0,0,,41.4,46.3,,0.38,0.30,
FAYE,2019-11-08 01:35:00 EST,43.05423,-75.99004,588,28.5,28.1,28.5,96.6,27.6,0.002,0.002,0.00,0.002,1.0,1.5,0.3,309,7,1.1,1.6,0.3,314,15,1.1,1.6,0.3,314,15,0,29.47,0.1,0,0,,41.4,46.1,,0.38,0.30,
FAYE,2019-11-08 01:40:00 EST,43.05423,-75.99004,588,28.5,28.1,28.5,96.7,27.7,0.001,0.003,0.00,0.003,1.5,3.1,0.6,268,18,1.9,3.5,0.7,273,19,1.9,3.5,0.7,273,19,0,29.46,0.0,0,0,,41.4,46.0,,0.38,0.30,
FAYE,2019-11-08 01:45:00 EST,43.05423,-75.99004,588,28.4,28.0,24.9,96.8,27.6,0.000,0.003,0.00,0.003,2.9,3.9,0.7,256,7,3.2,4.7,0.7,264,9,3.2,4.7,0.7,264,9,0,29.46,0.0,0,0,,41.4,46.0,,0.38,0.30,
FAYE,2019-11-08 01:50:00 EST,43.05423,-75.99004,588,28.3,28.0,28.3,96.9,27.6,0.000,0.003,0.00,0.003,2.1,2.9,0.4,265,13,2.6,3.4,0.4,273,14,2.6,3.4,0.4,273,14,0,29.46,0.0,0,0,,41.4,46.0,,0.38,0.30,
FAYE,2019-11-08 01:55:00 EST,43.05423,-75.99004,588,28.3,27.9,28.3,97.0,27.6,0.000,0.003,0.00,0.003,2.5,3.4,0.5,267,9,2.9,4.1,0.5,276,10,2.9,4.1,0.5,276,10,0,29.46,0.0,0,0,,41.4,46.0,,0.38,0.30,
FAYE,2019-11-08 02:00:00 EST,43.05423,-75.99004,588,28.3,27.9,24.5,97.1,27.6,0.000,0.003,0.00,0.003,2.9,4.2,0.7,273,10,3.4,5.2,0.8,282,8,3.4,5.2,0.8,282,8,0,29.46,0.1,0,0,,41.4,46.0,,0.38,0.30,
FAYE,2019-11-08 02:05:00 EST,43.05423,-75.99004,588,28.3,27.9,25.1,97.2,27.7,0.000,0.003,0.00,0.003,2.9,4.2,0.8,294,14,3.0,5.5,1.0,300,14,3.0,5.5,1.0,300,14,0,29.46,0.1,0,0,,41.4,46.0,,0.38,0.30,
FAYE,2019-11-08 02:10:00 EST,43.05423,-75.99004,588,28.4,28.0,24.7,97.4,27.7,0.000,0.003,0.00,0.003,3.5,6.1,1.1,320,12,3.4,6.6,1.2,332,15,3.4,6.6,1.2,332,15,0,29.46,0.1,0,0,,41.4,46.0,,0.38,0.30,
FAYE,2019-11-08 02:15:00 EST,43.05423,-75.99004,588,28.2,27.7,24.2,97.3,27.5,0.002,0.005,0.00,0.005,3.1,5.4,1.1,328,21,3.5,7.0,1.5,343,21,3.5,7.0,1.5,343,21,0,29.46,0.0,0,0,,41.4,46.0,,0.38,0.30,
FAYE,2019-11-08 02:20:00 EST,43.05423,-75.99004,588,28.1,27.7,23.3,97.2,27.4,0.002,0.007,0.00,0.007,3.5,7.2,1.3,350,20,4.3,9.5,1.6,1,18,4.3,9.5,1.6,1,18,0,29.46,-0.1,0,0,,41.4,46.0,,0.38,0.30,
FAYE,2019-11-08 02:25:00 EST,43.05423,-75.99004,588,27.8,27.4,22.2,97.0,27.1,0.001,0.008,0.00,0.008,4.2,6.5,1.2,344,19,5.0,8.7,1.7,355,17,5.0,8.7,1.7,355,17,0,29.46,0.0,0,0,,41.4,46.0,,0.38,0.30,
FAYE,2019-11-08 02:30:00 EST,43.05423,-75.99004,588,27.7,27.3,21.8,96.8,26.9,0.004,0.012,0.00,0.012,4.2,7.7,1.8,346,23,5.2,10.1,2.2,357,16,5.2,10.1,2.2,357,16,0,29.46,0.1,0,0,,41.4,46.0,,0.38,0.30,
FAYE,2019-11-08 02:35:00 EST,43.05423,-75.99004,588,27.7,27.3,21.8,96.9,26.9,0.002,0.014,0.00,0.012,4.4,7.0,1.1,346,15,5.3,9.3,1.7,356,11,5.3,9.3,1.7,356,11,0,29.46,0.0,0,0,,41.4,46.0,,0.38,0.30,
FAYE,2019-11-08 02:40:00 EST,43.05423,-75.99004,588,27.7,27.3,21.8,97.0,26.9,0.001,0.015,0.00,0.012,4.1,6.9,1.5,344,15,5.2,9.4,2.1,354,13,5.2,9.4,2.1,354,13,0,29.46,-0.0,0,0,,41.4,46.0,,0.38,0.30,
FAYE,2019-11-08 02:45:00 EST,43.05423,-75.99004,588,27.6,27.2,20.1,97.1,26.9,0.003,0.018,0.00,0.015,5.7,8.3,1.4,354,14,7.2,11.1,2.1,3,8,7.2,11.1,2.1,3,8,0,29.46,-0.1,0,0,,41.4,46.0,,0.38,0.30,
FAYE,2019-11-08 02:50:00 EST,43.05423,-75.99004,588,27.7,27.3,21.1,97.3,27.0,0.002,0.020,0.00,0.017,4.7,7.5,1.2,355,14,6.0,10.7,1.7,5,11,6.0,10.7,1.7,5,11,0,29.46,-0.0,0,0,,41.4,46.0,,0.38,0.31,
FAYE,2019-11-08 02:55:00 EST,43.05423,-75.99004,588,27.7,27.3,21.1,97.5,27.0,0.003,0.023,0.00,0.020,4.7,7.9,1.6,359,19,5.9,10.7,2.1,8,11,5.9,10.7,2.1,8,11,0,29.46,0.0,0,0,,41.4,46.0,,0.38,0.30,
FAYE,2019-11-08 03:00:00 EST,43.05423,-75.99004,588,27.6,27.2,21.0,97.6,27.0,0.004,0.027,0.00,0.024,4.9,8.5,1.7,5,23,6.0,11.1,2.2,12,16,6.0,11.1,2.2,12,16,0,29.46,-0.0,0,0,,41.4,46.0,,0.38,0.30,
FAYE,2019-11-08 03:05:00 EST,43.05423,-75.99004,588,27.0,26.4,19.7,97.3,26.3,0.006,0.033,0.00,0.030,5.8,9.4,1.3,41,14,6.6,11.4,1.4,45,14,6.6,11.4,1.4,45,14,0,29.46,0.0,0,0,,41.4,46.0,,0.38,0.30,
FAYE,2019-11-08 03:10:00 EST,43.05423,-75.99004,588,26.6,26.1,20.8,97.1,25.8,0.007,0.040,0.00,0.037,4.4,6.7,1.2,38,11,4.8,8.0,1.4,42,10,4.8,8.0,1.4,42,10,0,29.47,0.2,0,0,,41.4,46.0,,0.38,0.30,
FAYE,2019-11-08 03:15:00 EST,43.05423,-75.99004,588,26.5,26.1,21.2,97.3,25.9,0.009,0.049,0.00,0.044,4.0,7.5,1.2,36,20,4.5,8.7,1.5,40,17,4.5,8.7,1.5,40,17,0,29.47,-0.0,0,0,,41.4,46.0,,0.38,0.30,
FAYE,2019-11-08 03:20:00 EST,43.05423,-75.99004,588,26.5,26.1,22.1,97.4,25.9,0.006,0.056,0.00,0.048,3.3,5.6,1.1,50,13,3.7,6.6,1.4,54,14,3.7,6.6,1.4,54,14,0,29.47,0.2,0,0,,41.3,46.0,,0.38,0.31,
FAYE,2019-11-08 03:25:00 EST,43.05423,-75.99004,588,26.5,26.1,20.5,97.5,25.9,0.007,0.063,0.00,0.055,4.5,8.3,1.2,46,21,5.2,9.7,1.4,52,21,5.2,9.7,1.4,52,21,0,29.47,0.3,0,0,,41.2,46.0,,0.38,0.30,
FAYE,2019-11-08 03:30:00 EST,43.05423,-75.99004,588,26.5,26.1,20.9,97.6,25.9,0.013,0.075,0.00,0.063,4.0,6.5,1.1,27,16,4.7,8.0,1.3,31,15,4.7,8.0,1.3,31,15,0,29.47,0.7,0,0,,41.2,46.0,,0.38,0.31,
FAYE,2019-11-08 03:35:00 EST,43.05423,-75.99004,588,26.1,25.6,17.5,97.5,25.5,0.005,0.080,0.00,0.066,6.4,11.2,2.3,352,16,8.2,14.5,3.2,0,12,8.2,14.5,3.2,0,12,0,29.48,1.0,0,0,,41.2,46.0,,0.38,0.30,
FAYE,2019-11-08 03:40:00 EST,43.05423,-75.99004,588,25.6,25.0,16.4,96.9,24.8,0.000,0.080,0.00,0.065,6.9,14.0,2.8,6,20,9.0,19.1,3.9,9,11,9.0,19.1,3.9,9,11,0,29.48,1.0,0,0,,41.2,46.0,,0.38,0.31,
FAYE,2019-11-08 03:45:00 EST,43.05423,-75.99004,588,25.3,24.9,17.7,96.4,24.5,0.000,0.080,0.00,0.062,5.8,9.2,1.8,19,16,6.8,12.2,2.0,24,13,6.8,12.2,2.0,24,13,0,29.48,1.1,0,0,,41.2,46.0,,0.38,0.31,
FAYE,2019-11-08 03:50:00 EST,43.05423,-75.99004,588,25.2,24.8,19.9,96.3,24.2,0.000,0.080,0.00,0.060,3.4,6.2,1.1,20,17,4.3,7.1,1.1,27,16,4.3,7.1,1.1,27,16,0,29.48,1.1,0,0,,41.2,46.0,,0.38,0.31,
FAYE,2019-11-08 03:55:00 EST,43.05423,-75.99004,588,24.9,24.7,19.0,96.2,24.0,0.000,0.080,0.00,0.057,3.7,7.0,1.3,6,19,4.8,9.2,1.6,13,13,4.8,9.2,1.6,13,13,0,29.48,1.1,0,0,,41.2,45.9,,0.38,0.31,
FAYE,2019-11-08 04:00:00 EST,43.05423,-75.99004,588,24.7,24.6,20.9,96.1,23.8,0.000,0.080,0.00,0.053,2.8,4.3,0.7,24,15,3.2,5.3,0.9,29,14,3.2,5.3,0.9,29,14,0,29.48,1.0,0,0,,41.2,45.9,,0.38,0.31,
FAYE,2019-11-08 04:05:00 EST,43.05423,-75.99004,588,24.5,24.4,24.5,96.0,23.5,0.000,0.080,0.00,0.047,1.0,2.5,0.6,34,15,1.1,3.1,0.7,37,17,1.1,3.1,0.7,37,17,0,29.48,1.2,0,0,,41.2,45.9,,0.38,0.31,
FAYE,2019-11-08 04:10:00 EST,43.05423,-75.99004,588,24.5,24.4,24.5,95.9,23.5,0.000,0.080,0.00,0.041,0.0,0.5,0.1,327,1,0.4,1.2,0.4,339,9,0.4,1.2,0.4,339,9,0,29.49,1.1,0,0,,41.2,45.9,,0.38,0.31,
FAYE,2019-11-08 04:15:00 EST,43.05423,-75.99004,588,24.3,24.3,24.3,95.9,23.3,0.000,0.080,0.00,0.031,0.5,2.0,0.7,327,7,0.8,2.4,0.7,349,29,0.8,2.4,0.7,349,29,0,29.49,1.1,0,0,,41.2,45.9,,0.38,0.31,
FAYE,2019-11-08 04:20:00 EST,43.05423,-75.99004,588,24.3,24.4,24.3,95.8,23.3,0.000,0.080,0.00,0.025,0.9,1.5,0.3,0,20,1.1,1.9,0.5,2,19,1.1,1.9,0.5,2,19,0,29.49,1.1,0,0,,41.2,45.9,,0.38,0.31,
FAYE,2019-11-08 04:25:00 EST,43.05423,-75.99004,588,24.1,24.3,24.1,95.9,23.1,0.000,0.080,0.00,0.018,0.8,1.5,0.4,317,19,1.1,2.0,0.4,319,20,1.1,2.0,0.4,319,20,0,29.49,1.0,0,0,,41.2,45.9,,0.38,0.31,
FAYE,2019-11-08 04:30:00 EST,43.05423,-75.99004,588,24.1,24.3,24.1,95.7,23.1,0.000,0.080,0.00,0.005,2.4,3.9,0.7,303,11,2.4,4.2,0.6,312,12,2.4,4.2,0.6,312,12,0,29.49,1.2,0,0,,41.2,45.9,,0.38,0.31,
FAYE,2019-11-08 04:35:00 EST,43.05423,-75.99004,588,24.2,24.2,24.2,95.9,23.2,0.000,0.080,0.00,0.000,1.9,3.3,0.6,284,14,2.4,3.8,0.7,292,15,2.4,3.8,0.7,292,15,0,29.49,1.1,0,0,,41.2,45.9,,0.38,0.31,
FAYE,2019-11-08 04:40:00 EST,43.05423,-75.99004,588,24.3,24.3,24.3,96.7,23.5,0.000,0.080,0.00,0.000,2.4,3.2,0.4,278,14,2.9,4.1,0.6,287,13,2.9,4.1,0.6,287,13,0,29.49,1.1,0,0,,41.2,45.9,,0.38,0.31,
FAYE,2019-11-08 04:45:00 EST,43.05423,-75.99004,588,24.4,24.3,19.8,96.8,23.7,0.000,0.080,0.00,0.000,3.2,4.6,0.8,287,9,3.7,5.5,1.0,292,10,3.7,5.5,1.0,292,10,0,29.50,1.2,0,0,,41.2,45.9,,0.38,0.31,
FAYE,2019-11-08 04:50:00 EST,43.05423,-75.99004,588,24.5,24.3,19.8,96.9,23.8,0.000,0.080,0.00,0.000,3.1,4.7,0.6,271,10,3.7,5.8,0.9,280,9,3.7,5.8,0.9,280,9,0,29.50,1.1,0,0,,41.2,45.9,,0.38,0.31,
FAYE,2019-11-08 04:55:00 EST,43.05423,-75.99004,588,24.6,24.3,19.1,96.9,23.9,0.000,0.080,0.00,0.000,3.7,4.9,0.6,272,12,4.4,6.0,0.8,281,10,4.4,6.0,0.8,281,10,0,29.50,1.1,0,0,,41.2,45.9,,0.38,0.31,
FAYE,2019-11-08 05:00:00 EST,43.05423,-75.99004,588,24.6,24.3,19.0,96.7,23.8,0.000,0.080,0.00,0.000,3.8,6.3,0.9,275,14,4.5,8.0,1.3,282,13,4.5,8.0,1.3,282,13,0,29.50,1.0,0,0,,41.2,45.9,,0.38,0.31,
FAYE,2019-11-08 05:05:00 EST,43.05423,-75.99004,588,24.5,24.2,20.0,96.5,23.6,0.000,0.080,0.00,0.000,2.9,5.8,1.0,280,15,3.6,7.3,1.2,287,13,3.6,7.3,1.2,287,13,0,29.50,1.0,0,0,,41.2,45.9,,0.38,0.31,
FAYE,2019-11-08 05:10:00 EST,43.05423,-75.99004,588,24.4,24.1,19.4,96.2,23.5,0.000,0.080,0.00,0.000,3.3,4.5,0.6,277,13,3.9,6.3,0.8,284,11,3.9,6.3,0.8,284,11,0,29.50,1.0,0,0,,41.2,45.9,,0.38,0.31,
FAYE,2019-11-08 05:15:00 EST,43.05423,-75.99004,588,24.4,24.1,20.5,96.1,23.5,0.000,0.080,0.00,0.000,2.8,5.3,1.3,296,16,3.2,6.3,1.5,302,17,3.2,6.3,1.5,302,17,0,29.50,0.9,0,0,,41.2,45.9,,0.38,0.31,
FAYE,2019-11-08 05:20:00 EST,43.05423,-75.99004,588,24.4,24.0,18.5,96.1,23.4,0.000,0.080,0.00,0.000,3.9,7.3,1.2,280,15,4.6,8.6,1.5,286,13,4.6,8.6,1.5,286,13,0,29.50,0.9,0,0,,41.2,45.9,,0.38,0.31,
FAYE,2019-11-08 05:25:00 EST,43.05423,-75.99004,588,24.2,23.9,17.9,95.9,23.2,0.000,0.080,0.00,0.000,4.5,7.5,1.1,290,15,5.1,7.6,1.1,296,15,5.1,7.6,1.1,296,15,0,29.50,0.9,0,0,,41.2,45.9,,0.38,0.31,
FAYE,2019-11-08 05:30:00 EST,43.05423,-75.99004,588,24.2,23.8,19.1,95.8,23.2,0.000,0.080,0.00,0.000,3.7,6.4,1.2,300,13,4.0,6.7,1.1,307,14,4.0,6.7,1.1,307,14,0,29.50,0.9,0,0,,41.2,45.9,,0.38,0.31,
FAYE,2019-11-08 05:35:00 EST,43.05423,-75.99004,588,24.2,23.8,19.3,95.8,23.1,0.000,0.080,0.00,0.000,3.7,6.1,1.3,308,17,3.8,7.2,1.4,316,19,3.8,7.2,1.4,316,19,0,29.51,0.8,0,0,,41.2,45.9,,0.38,0.31,
FAYE,2019-11-08 05:40:00 EST,43.05423,-75.99004,588,24.1,23.7,18.4,95.9,23.2,0.000,0.080,0.00,0.000,4.3,8.2,1.4,295,16,4.5,9.5,1.6,303,16,4.5,9.5,1.6,303,16,0,29.51,0.8,0,0,,41.2,45.9,,0.38,0.31,
FAYE,2019-11-08 05:45:00 EST,43.05423,-75.99004,588,24.1,23.7,24.1,96.0,23.1,0.007,0.087,0.00,0.007,2.5,4.3,0.8,306,23,3.0,6.0,1.0,318,24,3.0,6.0,1.0,318,24,0,29.51,-0.2,0,0,,41.2,45.9,,0.38,0.31,
FAYE,2019-11-08 05:50:00 EST,43.05423,-75.99004,588,24.0,23.5,17.9,96.1,23.1,0.003,0.091,0.00,0.010,4.1,7.0,1.1,291,15,4.8,7.4,1.1,296,14,4.8,7.4,1.1,296,14,0,29.51,,0,0,,41.2,45.9,,0.38,0.31,
FAYE,2019-11-08 05:55:00 EST,43.05423,-75.99004,588,23.9,23.5,19.1,96.1,23.0,0.001,0.091,0.00,0.011,3.3,5.9,1.4,298,17,3.7,6.4,1.4,305,18,3.7,6.4,1.4,305,18,0,29.51,1.2,0,0,,41.2,45.9,,0.38,0.31,
FAYE,2019-11-08 06:00:00 EST,43.05423,-75.99004,588,23.9,23.5,18.9,96.1,23.0,0.000,0.091,0.00,0.011,3.3,6.1,1.2,298,18,3.9,7.3,1.4,303,19,3.9,7.3,1.4,303,19,0,29.52,1.2,0,0,,41.2,45.9,,0.38,0.31,
FAYE,2019-11-08 06:05:00 EST,43.05423,-75.99004,588,24.0,23.5,17.2,96.2,23.0,0.000,0.091,0.00,0.011,4.7,6.9,1.1,295,15,5.4,9.2,1.3,300,15,5.4,9.2,1.3,300,15,0,29.52,0.5,0,0,,41.2,45.9,,0.38,0.31,
FAYE,2019-11-08 06:10:00 EST,43.05423,-75.99004,588,24.0,23.5,18.3,96.2,23.0,0.004,0.095,0.00,0.015,3.8,5.8,0.9,289,12,4.4,6.7,1.0,294,10,4.4,6.7,1.0,294,10,0,29.52,1.5,0,0,,41.2,45.9,,0.38,0.31,
FAYE,2019-11-08 06:15:00 EST,43.05423,-75.99004,588,24.0,23.5,19.0,96.3,23.1,0.002,0.097,0.00,0.017,3.3,5.0,0.9,294,23,3.9,6.4,1.0,300,24,3.9,6.4,1.0,300,24,0,29.52,1.4,0,0,,41.2,45.9,,0.38,0.31,
FAYE,2019-11-08 06:20:00 EST,43.05423,-75.99004,588,23.9,23.5,19.1,96.4,23.1,0.001,0.098,0.00,0.018,3.4,5.2,0.7,303,19,3.8,7.7,1.1,310,20,3.8,7.7,1.1,310,20,0,29.53,1.3,0,0,,41.2,45.9,,0.38,0.31,
FAYE,2019-11-08 06:25:00 EST,43.05423,-75.99004,588,23.9,23.4,16.7,96.3,23.0,0.000,0.098,0.00,0.018,4.9,7.3,1.1,289,15,5.8,9.0,1.3,292,13,5.8,9.0,1.3,292,13,0,29.53,1.6,0,0,,41.2,45.9,,0.38,0.31,
FAYE,2019-11-08 06:30:00 EST,43.05423,-75.99004,588,23.8,23.3,18.2,96.2,22.8,0.002,0.100,0.00,0.020,3.8,6.4,0.9,293,13,4.3,8.3,1.1,300,14,4.3,8.3,1.1,300,14,0,29.53,1.3,0,0,,41.2,45.8,,0.38,0.31,
FAYE,2019-11-08 06:35:00 EST,43.05423,-75.99004,588,23.7,23.2,18.6,96.1,22.7,0.000,0.100,0.00,0.020,3.6,5.5,0.8,300,17,3.9,7.0,1.0,307,18,3.9,7.0,1.0,307,18,0,29.53,,0,0,,41.2,45.8,,0.38,0.31,
FAYE,2019-11-08 06:40:00 EST,43.05423,-75.99004,588,23.6,23.2,18.0,96.0,22.6,0.001,0.101,0.00,0.021,3.6,6.8,1.4,289,17,4.3,8.4,1.5,295,17,4.3,8.4,1.5,295,17,0,29.54,-0.2,0,0,,41.2,45.8,,0.38,0.31,
FAYE,2019-11-08 06:45:00 EST,43.05423,-75.99004,588,23.4,23.0,17.1,95.8,22.4,0.000,0.101,0.00,0.014,4.3,6.6,1.1,291,13,4.9,7.8,1.3,298,13,4.9,7.8,1.3,298,13,1,29.54,-0.0,0,0,,41.2,45.8,,0.38,0.31,
FAYE,2019-11-08 06:50:00 EST,43.05423,-75.99004,588,23.3,23.0,18.1,95.6,22.3,0.000,0.101,0.00,0.011,3.5,6.1,1.1,295,15,4.0,7.6,1.4,299,15,4.0,7.6,1.4,299,15,2,29.54,0.0,0,0,,41.2,45.7,,0.38,0.31,
FAYE,2019-11-08 06:55:00 EST,43.05423,-75.99004,588,23.2,22.9,18.6,95.5,22.2,0.000,0.101,0.00,0.010,3.1,5.6,1.0,305,19,3.5,5.7,1.0,314,21,3.5,5.7,1.0,314,21,3,29.54,,0,0,,41.2,45.7,,0.38,0.31,
FAYE,2019-11-08 07:00:00 EST,43.05423,-75.99004,588,23.2,22.9,19.1,95.4,22.1,0.000,0.101,0.00,0.010,2.9,4.7,0.9,305,15,3.2,5.9,0.9,311,17,3.2,5.9,0.9,311,17,5,29.55,,0,0,,41.2,45.7,,0.38,0.31,
FAYE,2019-11-08 07:05:00 EST,43.05423,-75.99004,588,23.2,22.9,23.2,95.5,22.1,0.000,0.101,0.00,0.010,2.7,4.3,1.0,299,14,3.0,5.5,1.0,305,15,3.0,5.5,1.0,305,15,7,29.55,,0,0,,41.2,45.7,,0.38,0.31,
FAYE,2019-11-08 07:10:00 EST,43.05423,-75.99004,588,23.3,22.9,19.1,95.6,22.2,0.000,0.101,0.00,0.006,2.7,5.0,0.7,293,16,3.2,6.4,1.0,299,16,3.2,6.4,1.0,299,16,8,29.55,,0,0,,41.2,45.7,,0.38,0.31,
FAYE,2019-11-08 07:15:00 EST,43.05423,-75.99004,588,23.2,22.9,23.2,95.5,22.1,0.000,0.101,0.00,0.004,2.5,4.1,0.6,289,12,2.9,4.7,0.6,295,13,2.9,4.7,0.6,295,13,11,29.55,,0,0,,41.2,45.7,,0.38,0.31,
FAYE,2019-11-08 07:20:00 EST,43.05423,-75.99004,588,23.0,22.9,18.7,95.4,21.9,0.000,0.101,0.00,0.003,2.9,4.0,0.5,290,12,3.3,5.3,0.7,297,13,3.3,5.3,0.7,297,13,13,29.56,,0,0,,41.2,45.7,,0.38,0.30,
FAYE,2019-11-08 07:25:00 EST,43.05423,-75.99004,588,23.0,22.9,18.0,95.3,21.9,0.000,0.101,0.00,0.003,3.3,4.8,0.7,291,11,3.8,6.5,0.9,297,11,3.8,6.5,0.9,297,11,16,29.56,,0,0,,41.2,45.7,,0.38,0.30,
FAYE,2019-11-08 07:30:00 EST,43.05423,-75.99004,588,23.1,22.9,17.4,95.4,22.0,0.000,0.101,0.00,0.001,3.5,4.9,0.6,274,13,4.3,6.7,0.9,281,11,4.3,6.7,0.9,281,11,15,29.56,,0,0,,41.2,45.7,,0.38,0.30,
FAYE,2019-11-08 07:35:00 EST,43.05423,-75.99004,588,23.3,23.0,19.2,95.6,22.2,0.000,0.101,0.00,0.001,2.6,4.9,0.8,276,12,3.2,6.3,1.0,284,11,3.2,6.3,1.0,284,11,16,29.56,,0,0,,41.2,45.7,,0.38,0.30,
FAYE,2019-11-08 07:40:00 EST,43.05423,-75.99004,588,23.4,23.2,17.8,95.6,22.4,0.000,0.101,0.00,0.000,3.6,6.7,1.1,278,14,4.3,8.0,1.4,284,12,4.3,8.0,1.4,284,12,21,29.56,,0,0,,41.2,45.7,,0.38,0.30,
FAYE,2019-11-08 07:45:00 EST,43.05423,-75.99004,588,23.7,23.4,18.1,95.6,22.6,0.000,0.101,0.00,0.000,3.8,6.1,1.0,295,13,4.3,7.8,1.2,301,15,4.3,7.8,1.2,301,15,38,29.57,,0,0,,41.2,45.7,,0.38,0.31,
FAYE,2019-11-08 07:50:00 EST,43.05423,-75.99004,588,24.0,23.5,19.1,96.0,23.0,0.000,0.101,0.00,0.000,3.4,5.8,0.9,312,17,3.8,6.0,1.0,323,19,3.8,6.0,1.0,323,19,35,29.57,1.9,0,0,,41.2,45.7,,0.38,0.30,
FAYE,2019-11-08 07:55:00 EST,43.05423,-75.99004,588,24.1,23.7,18.4,95.8,23.1,0.000,0.101,0.00,0.000,4.3,6.4,0.9,309,14,4.5,7.2,1.0,317,16,4.5,7.2,1.0,317,16,32,29.57,,0,0,,41.2,45.7,,0.38,0.30,
FAYE,2019-11-08 08:00:00 EST,43.05423,-75.99004,588,24.4,23.9,15.9,95.3,23.3,0.000,0.101,0.00,0.000,6.8,12.0,1.9,291,18,7.6,13.4,2.2,296,17,7.6,13.4,2.2,296,17,34,29.57,,0,0,,41.2,45.7,,0.38,0.30,
FAYE,2019-11-08 08:05:00 EST,43.05423,-75.99004,588,24.5,24.1,16.4,94.8,23.2,0.000,0.101,0.00,0.000,6.3,14.7,2.2,297,16,7.2,17.1,2.5,301,18,7.2,17.1,2.5,301,18,22,29.57,1.7,0,0,,41.2,45.7,,0.38,0.31,
FAYE,2019-11-08 08:10:00 EST,43.05423,-75.99004,588,24.4,23.9,16.0,94.2,23.0,0.000,0.101,0.00,0.000,7.1,14.5,2.7,307,16,7.4,14.0,2.2,314,18,7.4,14.0,2.2,314,18,33,29.58,1.7,0,0,,41.2,45.7,,0.38,0.30,
FAYE,2019-11-08 08:15:00 EST,43.05423,-75.99004,588,24.4,23.9,17.1,94.0,22.9,0.000,0.101,0.00,0.000,5.5,12.1,2.2,302,17,6.1,12.5,2.2,309,18,6.1,12.5,2.2,309,18,43,29.58,1.6,0,0,,41.2,45.7,,0.38,0.30,
FAYE,2019-11-08 08:20:00 EST,43.05423,-75.99004,588,24.5,23.9,15.9,94.3,23.1,0.000,0.101,0.00,0.000,7.1,12.7,2.2,299,16,7.7,13.2,2.2,306,17,7.7,13.2,2.2,306,17,58,29.58,1.5,0,0,,41.2,45.7,,0.38,0.30,
FAYE,2019-11-08 08:25:00 EST,43.05423,-75.99004,588,24.5,24.0,16.2,93.5,22.9,0.000,0.101,0.00,0.000,6.6,12.3,2.0,292,17,7.3,13.9,2.2,296,16,7.3,13.9,2.2,296,16,42,29.58,1.5,0,0,,41.2,45.7,,0.38,0.30,
FAYE,2019-11-08 08:30:00 EST,43.05423,-75.99004,588,24.5,24.0,15.4,93.8,23.0,0.000,0.101,0.00,0.000,8.1,15.2,3.3,295,18,8.6,16.2,3.4,300,17,8.6,16.2,3.4,300,17,30,29.58,1.5,0,0,,41.2,45.7,,0.38,0.30,
FAYE,2019-11-08 08:35:00 EST,43.05423,-75.99004,588,24.5,24.0,16.0,93.7,22.9,0.000,0.101,0.00,0.000,6.7,13.3,2.2,296,18,7.6,15.3,2.6,301,21,7.6,15.3,2.6,301,21,29,29.59,1.6,0,0,,41.1,45.7,,0.38,0.30,
FAYE,2019-11-08 08:40:00 EST,43.05423,-75.99004,588,24.6,24.1,16.2,94.2,23.1,0.000,0.101,0.00,0.000,6.9,15.3,2.7,296,18,7.5,16.6,2.7,302,19,7.5,16.6,2.7,302,19,34,29.59,1.4,0,0,,41.2,45.7,,0.38,0.30,
FAYE,2019-11-08 08:45:00 EST,43.05423,-75.99004,588,24.5,24.0,17.2,94.4,23.2,0.000,0.101,0.00,0.000,5.9,9.0,1.5,302,17,6.2,10.4,1.5,309,19,6.2,10.4,1.5,309,19,20,29.59,1.1,0,0,,41.2,45.7,,0.38,0.30,
FAYE,2019-11-08 08:50:00 EST,43.05423,-75.99004,588,24.6,24.1,17.5,94.6,23.3,0.000,0.101,0.00,0.000,5.4,8.9,1.5,297,16,5.9,11.4,1.7,304,18,5.9,11.4,1.7,304,18,35,29.59,1.5,0,0,,41.2,45.7,,0.38,0.30,
FAYE,2019-11-08 08:55:00 EST,43.05423,-75.99004,588,24.8,24.2,16.7,94.7,23.5,0.000,0.101,0.00,0.000,6.4,10.8,1.7,288,18,7.1,13.1,2.0,295,18,7.1,13.1,2.0,295,18,35,29.59,1.5,0,0,,41.2,45.7,,0.38,0.30,
FAYE,2019-11-08 09:00:00 EST,43.05423,-75.99004,588,24.8,24.2,16.5,94.6,23.5,0.000,0.101,0.00,0.000,6.6,11.5,1.9,287,19,7.4,15.0,2.5,292,18,7.4,15.0,2.5,292,18,41,29.59,1.5,0,0,,41.2,45.7,,0.38,0.30,
FAYE,2019-11-08 09:05:00 EST,43.05423,-75.99004,588,25.0,24.3,17.2,94.4,23.7,0.000,0.101,0.00,0.000,5.8,10.8,1.7,281,15,6.9,13.0,2.1,287,14,6.9,13.0,2.1,287,14,54,29.59,1.5,0,0,,41.2,45.7,,0.38,0.30,
FAYE,2019-11-08 09:10:00 EST,43.05423,-75.99004,588,24.9,24.3,16.3,93.7,23.3,0.008,0.109,0.00,0.008,7.2,10.1,1.4,287,17,7.8,12.9,1.9,292,16,7.8,12.9,1.9,292,16,24,29.59,,0,0,,41.2,45.6,,0.38,0.30,
FAYE,2019-11-08 09:15:00 EST,43.05423,-75.99004,588,25.0,24.4,19.4,93.9,23.5,0.000,0.109,0.00,0.008,4.2,7.3,1.7,307,21,4.5,8.9,1.7,316,22,4.5,8.9,1.7,316,22,25,29.59,,0,0,,41.2,45.6,,0.38,0.30,
FAYE,2019-11-08 09:20:00 EST,43.05423,-75.99004,588,24.9,24.3,17.7,94.4,23.5,0.001,0.110,0.00,0.009,5.0,8.7,1.2,340,17,6.0,10.2,1.7,352,13,6.0,10.2,1.7,352,13,16,29.59,1.8,0,0,,41.2,45.6,,0.38,0.30,
FAYE,2019-11-08 09:25:00 EST,43.05423,-75.99004,588,24.4,23.9,17.9,94.4,23.0,0.007,0.118,0.00,0.017,4.5,8.0,1.6,331,18,5.3,10.1,1.5,344,17,5.3,10.1,1.5,344,17,15,29.60,1.8,0,0,,41.2,45.5,,0.38,0.30,
FAYE,2019-11-08 09:30:00 EST,43.05423,-75.99004,588,24.0,23.6,16.4,94.0,22.6,0.012,0.130,0.00,0.029,5.8,9.6,1.6,331,17,6.4,12.5,2.1,342,18,6.4,12.5,2.1,342,18,13,29.60,1.5,0,0,,41.2,45.5,,0.38,0.30,
FAYE,2019-11-08 09:35:00 EST,43.05423,-75.99004,588,24.1,23.6,19.6,94.7,22.8,0.014,0.144,0.35,0.043,3.2,6.1,1.5,305,19,3.5,5.9,1.3,313,23,3.5,5.9,1.3,313,23,15,29.60,1.8,0,0,,41.2,45.6,,0.38,0.30,
FAYE,2019-11-08 09:40:00 EST,43.05423,-75.99004,588,24.2,23.6,18.6,95.3,23.0,0.005,0.149,0.00,0.048,4.1,10.4,1.8,326,13,4.4,11.6,2.1,338,14,4.4,11.6,2.1,338,14,21,29.60,2.2,0,0,,41.2,45.5,,0.38,0.30,
FAYE,2019-11-08 09:45:00 EST,43.05423,-75.99004,588,24.2,23.6,15.8,94.7,22.9,0.001,0.150,0.00,0.049,6.5,10.3,1.8,335,15,7.4,13.6,2.3,348,15,7.4,13.6,2.3,348,15,25,29.60,1.9,0,0,,41.2,45.5,,0.38,0.30,
FAYE,2019-11-08 09:50:00 EST,43.05423,-75.99004,588,24.1,23.6,14.0,94.6,22.8,0.006,0.156,0.00,0.054,8.3,12.4,2.4,339,13,9.9,16.9,3.3,351,12,9.9,16.9,3.3,351,12,20,29.60,2.1,0,0,,41.2,45.5,,0.38,0.30,
FAYE,2019-11-08 09:55:00 EST,43.05423,-75.99004,588,24.0,23.5,15.8,94.4,22.7,0.001,0.157,0.00,0.056,5.9,9.7,2.2,346,21,7.1,12.5,2.7,356,12,7.1,12.5,2.7,356,12,34,29.60,2.3,0,0,,41.2,45.5,,0.38,0.30,
FAYE,2019-11-08 10:00:00 EST,43.05423,-75.99004,588,24.6,23.9,18.8,95.0,23.4,0.000,0.157,0.00,0.056,4.3,7.3,1.2,326,21,4.6,7.8,1.1,337,23,4.6,7.8,1.1,337,23,76,29.61,2.3,0,0,,41.2,45.5,,0.38,0.30,
FAYE,2019-11-08 10:05:00 EST,43.05423,-75.99004,588,24.8,24.0,17.2,94.9,23.5,0.000,0.157,0.00,0.056,5.4,8.8,1.3,337,14,6.5,10.8,1.7,349,12,6.5,10.8,1.7,349,12,41,29.61,2.0,0,0,,41.2,45.5,,0.38,0.30,
FAYE,2019-11-08 10:10:00 EST,43.05423,-75.99004,588,24.7,24.1,18.1,93.4,23.0,0.000,0.157,0.00,0.048,4.8,7.5,1.2,332,21,5.4,8.9,1.6,342,20,5.4,8.9,1.6,342,20,43,29.61,2.3,0,0,,41.2,45.5,,0.38,0.30,
FAYE,2019-11-08 10:15:00 EST,43.05423,-75.99004,588,24.9,24.2,18.6,93.2,23.2,0.000,0.157,0.00,0.048,4.7,9.4,2.0,329,16,5.1,11.1,2.3,340,16,5.1,11.1,2.3,340,16,75,29.61,2.2,0,0,,41.2,45.5,,0.38,0.30,
FAYE,2019-11-08 10:20:00 EST,43.05423,-75.99004,588,24.9,24.3,18.1,92.5,23.1,0.000,0.157,0.00,0.046,5.0,8.3,1.7,330,20,5.6,10.8,1.9,341,20,5.6,10.8,1.9,341,20,58,29.61,2.3,0,0,,41.2,45.5,,0.38,0.30,
FAYE,2019-11-08 10:25:00 EST,43.05423,-75.99004,588,25.1,24.4,21.1,92.4,23.2,0.000,0.157,0.00,0.039,2.8,5.6,1.2,326,21,3.2,7.6,1.3,337,18,3.2,7.6,1.3,337,18,67,29.61,2.3,0,0,,41.2,45.5,,0.38,0.30,
FAYE,2019-11-08 10:30:00 EST,43.05423,-75.99004,588,25.3,24.4,18.7,91.8,23.2,0.000,0.157,0.00,0.027,5.0,9.7,1.7,321,21,5.5,11.1,1.7,330,23,5.5,11.1,1.7,330,23,112,29.61,2.2,0,0,,41.2,45.5,,0.38,0.30,
FAYE,2019-11-08 10:35:00 EST,43.05423,-75.99004,588,25.2,24.4,18.3,89.2,22.5,0.000,0.157,0.00,0.013,5.3,10.7,1.5,330,21,5.9,10.4,1.8,341,20,5.9,10.4,1.8,341,20,100,29.61,2.3,0,0,,41.2,45.5,,0.38,0.30,
FAYE,2019-11-08 10:40:00 EST,43.05423,-75.99004,588,24.9,24.3,17.9,88.5,22.0,0.000,0.157,0.00,0.008,5.6,9.9,1.8,324,14,5.9,12.8,1.9,334,16,5.9,12.8,1.9,334,16,57,29.61,2.2,0,0,,41.2,45.5,,0.38,0.30,
FAYE,2019-11-08 10:45:00 EST,43.05423,-75.99004,588,25.2,24.5,19.6,89.4,22.5,0.000,0.157,0.00,0.007,4.6,7.5,1.7,325,12,4.6,9.3,1.9,335,15,4.6,9.3,1.9,335,15,126,29.61,2.2,0,0,,41.2,45.5,,0.38,0.30,
FAYE,2019-11-08 10:50:00 EST,43.05423,-75.99004,588,25.7,24.8,19.1,90.0,23.2,0.000,0.157,0.00,0.001,5.3,8.1,1.2,303,17,5.6,9.1,1.3,308,19,5.6,9.1,1.3,308,19,66,29.61,2.3,0,0,,41.2,45.5,,0.38,0.30,
FAYE,2019-11-08 10:55:00 EST,43.05423,-75.99004,588,25.9,25.0,20.1,88.7,23.1,0.000,0.157,0.00,0.000,4.7,7.9,1.4,304,21,4.8,8.8,1.4,312,21,4.8,8.8,1.4,312,21,153,29.61,2.1,0,0,,41.2,45.5,,0.38,0.30,
FAYE,2019-11-08 11:00:00 EST,43.05423,-75.99004,588,26.1,25.3,19.3,87.0,22.7,0.000,0.157,0.00,0.000,5.6,10.1,1.6,310,18,5.8,9.4,1.6,319,20,5.8,9.4,1.6,319,20,149,29.61,2.1,0,0,,41.2,45.5,,0.38,0.30,
FAYE,2019-11-08 11:05:00 EST,43.05423,-75.99004,588,26.6,25.7,20.5,86.7,23.1,0.000,0.157,0.00,0.000,5.2,8.2,1.6,310,21,5.2,9.2,1.7,320,22,5.2,9.2,1.7,320,22,166,29.61,2.1,0,0,,41.2,45.5,,0.38,0.30,
FAYE,2019-11-08 11:10:00 EST,43.05423,-75.99004,588,26.7,25.9,18.2,84.4,22.6,0.000,0.157,0.00,0.000,8.1,11.9,1.7,295,16,8.3,13.4,1.9,303,17,8.3,13.4,1.9,303,17,163,29.61,2.1,0,0,,41.2,45.5,,0.38,0.30,
FAYE,2019-11-08 11:15:00 EST,43.05423,-75.99004,588,27.1,26.4,18.4,85.1,23.2,0.000,0.157,0.00,0.000,8.1,14.2,2.0,320,22,8.7,15.1,2.2,332,24,8.7,15.1,2.2,332,24,168,29.61,2.1,0,0,,41.2,45.5,,0.38,0.30,
FAYE,2019-11-08 11:20:00 EST,43.05423,-75.99004,588,27.5,26.7,17.7,84.9,23.6,0.000,0.157,0.00,0.000,10.6,18.0,3.1,304,20,11.0,23.8,3.3,311,19,11.0,23.8,3.3,311,19,253,29.61,2.2,0,0,,41.2,45.5,,0.38,0.30,
FAYE,2019-11-08 11:25:00 EST,43.05423,-75.99004,588,27.5,26.7,17.2,85.0,23.6,0.000,0.157,0.00,0.000,10.9,17.6,3.1,293,16,11.8,21.8,3.5,298,16,11.8,21.8,3.5,298,16,103,29.61,2.1,0,0,,41.2,45.5,,0.38,0.30,
FAYE,2019-11-08 11:30:00 EST,43.05423,-75.99004,588,26.5,25.9,16.4,86.5,23.0,0.000,0.157,0.00,0.000,9.9,16.1,2.5,286,13,10.9,18.7,2.6,291,12,10.9,18.7,2.6,291,12,92,29.61,2.1,0,0,,41.2,45.5,,0.38,0.31,
FAYE,2019-11-08 11:35:00 EST,43.05423,-75.99004,588,27.0,26.0,18.3,87.9,23.9,0.000,0.157,0.00,0.000,7.7,11.5,1.6,283,15,8.8,15.3,2.1,288,14,8.8,15.3,2.1,288,14,242,29.61,2.0,0,0,,41.2,45.5,,0.38,0.30,
FAYE,2019-11-08 11:40:00 EST,43.05423,-75.99004,588,27.4,26.4,17.6,82.1,22.7,0.000,0.157,0.00,0.000,9.5,16.7,3.0,280,16,10.8,20.6,3.9,286,15,10.8,20.6,3.9,286,15,245,29.61,2.0,0,0,,41.2,45.5,,0.38,0.30,
FAYE,2019-11-08 11:45:00 EST,43.05423,-75.99004,588,27.7,26.8,17.5,82.2,23.0,0.000,0.157,0.00,0.000,11.0,17.8,3.9,297,20,11.7,18.2,3.8,302,20,11.7,18.2,3.8,302,20,252,29.61,1.9,0,0,,41.2,45.5,,0.38,0.30,
FAYE,2019-11-08 11:50:00 EST,43.05423,-75.99004,588,27.7,26.9,17.9,84.9,23.8,0.000,0.157,0.00,0.000,10.4,16.9,3.2,310,20,11.0,19.1,3.3,316,22,11.0,19.1,3.3,316,22,257,29.61,1.9,0,0,,41.2,45.5,,0.38,0.31,
FAYE,2019-11-08 11:55:00 EST,43.05423,-75.99004,588,27.1,26.3,16.0,83.6,22.8,0.000,0.157,0.00,0.000,12.0,21.9,3.4,287,19,13.3,22.1,3.8,292,18,13.3,22.1,3.8,292,18,101,29.61,1.7,0,0,,41.2,45.5,,0.38,0.30,
FAYE,2019-11-08 12:00:00 EST,43.05423,-75.99004,588,25.8,25.2,14.4,84.7,21.8,0.000,0.157,0.00,0.000,12.0,20.8,2.9,287,14,13.2,25.1,3.2,292,12,13.2,25.1,3.2,292,12,75,29.61,1.8,0,0,,41.2,45.5,,0.38,0.31,
FAYE,2019-11-08 12:05:00 EST,43.05423,-75.99004,588,26.3,25.5,16.8,86.1,22.7,0.000,0.157,0.00,0.000,8.6,14.2,2.3,284,14,9.7,16.6,2.5,288,12,9.7,16.6,2.5,288,12,188,29.61,1.7,0,0,,41.2,45.5,,0.38,0.31,
FAYE,2019-11-08 12:10:00 EST,43.05423,-75.99004,588,27.1,26.1,17.7,84.6,23.1,0.000,0.157,0.00,0.000,8.8,15.1,2.6,290,17,9.9,18.4,2.9,296,17,9.9,18.4,2.9,296,17,241,29.61,1.4,0,0,,41.2,45.5,,0.38,0.31,
FAYE,2019-11-08 12:15:00 EST,43.05423,-75.99004,588,27.7,26.7,19.7,84.3,23.6,0.000,0.157,0.00,0.000,7.0,12.4,1.9,299,20,7.8,12.8,2.2,306,22,7.8,12.8,2.2,306,22,240,29.61,1.3,0,0,,41.2,45.5,,0.38,0.31,
FAYE,2019-11-08 12:20:00 EST,43.05423,-75.99004,588,27.9,26.9,18.5,81.0,22.8,0.000,0.157,0.00,0.000,9.3,17.5,3.3,298,20,10.3,18.5,3.5,303,20,10.3,18.5,3.5,303,20,247,29.61,1.1,0,0,,41.2,45.5,,0.38,0.31,
FAYE,2019-11-08 12:25:00 EST,43.05423,-75.99004,588,27.4,26.4,16.2,80.9,22.3,0.000,0.157,0.00,0.000,11.8,19.7,3.1,282,16,13.7,24.5,3.6,287,12,13.7,24.5,3.6,287,12,160,29.61,1.0,0,0,,41.2,45.5,,0.38,0.31,
FAYE,2019-11-08 12:30:00 EST,43.05423,-75.99004,588,26.1,25.3,14.8,83.3,21.8,0.010,0.167,0.00,0.010,11.5,18.3,2.6,278,15,13.2,21.6,3.0,284,11,13.2,21.6,3.0,284,11,108,29.61,1.0,0,0,,41.2,45.5,,0.38,0.31,
FAYE,2019-11-08 12:35:00 EST,43.05423,-75.99004,588,26.9,25.8,17.4,84.1,22.8,0.000,0.167,0.00,0.010,8.9,16.7,2.9,284,16,10.1,21.9,3.2,290,15,10.1,21.9,3.2,290,15,246,29.61,0.9,0,0,,41.2,45.5,,0.38,0.31,
FAYE,2019-11-08 12:40:00 EST,43.05423,-75.99004,588,27.7,26.5,18.7,82.5,23.0,0.000,0.167,0.00,0.010,8.8,15.5,3.0,293,17,9.4,17.1,3.1,298,16,9.4,17.1,3.1,298,16,261,29.61,1.0,0,0,,41.2,45.5,,0.38,0.31,
FAYE,2019-11-08 12:45:00 EST,43.05423,-75.99004,588,28.0,26.8,18.1,79.3,22.5,0.000,0.167,0.00,0.010,9.8,18.6,3.4,275,14,11.4,20.8,4.0,282,10,11.4,20.8,4.0,282,10,242,29.61,0.7,0,0,,41.2,45.5,,0.38,0.31,
FAYE,2019-11-08 12:50:00 EST,43.05423,-75.99004,588,27.6,26.7,17.3,77.8,21.6,0.000,0.167,0.00,0.010,11.2,17.2,2.6,298,17,11.9,18.7,2.7,304,19,11.9,18.7,2.7,304,19,169,29.61,,0,0,,41.2,45.5,,0.38,0.31,
FAYE,2019-11-08 12:55:00 EST,43.05423,-75.99004,588,27.3,26.5,17.5,80.5,22.1,0.000,0.167,0.00,0.010,10.6,16.0,2.3,303,12,10.7,17.0,2.3,311,14,10.7,17.0,2.3,311,14,210,29.61,,0,0,,41.2,45.5,,0.38,0.31,
FAYE,2019-11-08 13:00:00 EST,43.05423,-75.99004,588,27.4,26.4,18.4,82.5,22.7,0.000,0.167,0.00,0.010,8.6,12.7,2.2,299,17,9.3,14.6,2.4,308,18,9.3,14.6,2.4,308,18,215,29.61,2.1,0,0,,41.2,45.5,,0.38,0.31,
FAYE,2019-11-08 13:05:00 EST,43.05423,-75.99004,588,27.8,26.8,19.5,79.7,22.4,0.000,0.167,0.00,0.010,7.7,13.0,2.2,293,17,8.5,14.1,2.3,299,16,8.5,14.1,2.3,299,16,233,29.61,2.0,0,0,,41.2,45.5,,0.38,0.31,
FAYE,2019-11-08 13:10:00 EST,43.05423,-75.99004,588,28.1,27.1,18.8,75.6,21.4,0.000,0.167,0.00,0.010,9.3,17.0,2.8,291,17,10.1,16.6,3.0,297,17,10.1,16.6,3.0,297,17,235,29.61,2.1,0,0,,41.2,45.5,,0.38,0.31,
FAYE,2019-11-08 13:15:00 EST,43.05423,-75.99004,588,28.4,27.5,19.8,74.8,21.5,0.000,0.167,0.00,0.010,8.4,17.0,2.9,300,18,9.1,18.8,3.2,308,19,9.1,18.8,3.2,308,19,193,29.61,1.8,0,0,,41.2,45.5,,0.38,0.31,
FAYE,2019-11-08 13:20:00 EST,43.05423,-75.99004,588,27.8,27.0,18.1,73.7,20.5,0.007,0.174,0.00,0.018,10.2,20.4,3.6,303,18,10.8,18.5,3.7,312,19,10.8,18.5,3.7,312,19,128,29.61,1.4,0,0,,41.2,45.5,,0.38,0.31,
FAYE,2019-11-08 13:25:00 EST,43.05423,-75.99004,588,27.2,26.3,18.3,80.2,21.9,0.000,0.174,0.00,0.018,7.9,16.1,2.9,316,25,9.1,16.9,3.0,326,25,9.1,16.9,3.0,326,25,189,29.61,,0,0,,41.2,45.4,,0.38,0.31,
FAYE,2019-11-08 13:30:00 EST,43.05423,-75.99004,588,27.6,26.8,20.6,78.1,21.7,0.000,0.174,0.00,0.007,5.9,9.7,1.7,310,17,6.6,10.9,1.8,320,17,6.6,10.9,1.8,320,17,123,29.61,,0,0,,41.2,45.5,,0.38,0.31,
FAYE,2019-11-08 13:35:00 EST,43.05423,-75.99004,588,28.1,27.3,19.6,73.6,20.8,0.000,0.174,0.00,0.007,8.0,14.0,2.5,296,19,8.9,16.6,2.9,302,20,8.9,16.6,2.9,302,20,227,29.61,1.4,0,0,,41.2,45.4,,0.38,0.31,
FAYE,2019-11-08 13:40:00 EST,43.05423,-75.99004,588,28.9,27.7,20.2,69.4,20.1,0.000,0.174,0.00,0.007,8.5,16.3,3.1,305,18,9.3,15.7,2.9,312,19,9.3,15.7,2.9,312,19,203,29.61,1.5,0,0,,41.2,45.4,,0.38,0.31,
FAYE,2019-11-08 13:45:00 EST,43.05423,-75.99004,588,28.4,27.4,19.3,71.0,20.2,0.000,0.174,0.00,0.007,9.1,14.7,2.4,319,24,10.1,16.8,2.8,329,26,10.1,16.8,2.8,329,26,211,29.61,,0,0,,41.2,45.3,,0.38,0.31,
FAYE,2019-11-08 13:50:00 EST,43.05423,-75.99004,588,27.9,27.0,17.6,72.4,20.2,0.000,0.174,0.00,0.007,10.9,18.9,3.5,330,21,12.2,21.3,3.7,340,19,12.2,21.3,3.7,340,19,188,29.61,1.1,0,0,,41.2,45.4,,0.38,0.31,
FAYE,2019-11-08 13:55:00 EST,43.05423,-75.99004,588,27.8,26.9,18.1,75.5,21.0,0.006,0.180,0.00,0.013,9.7,16.1,3.0,318,24,10.7,17.8,3.4,328,24,10.7,17.8,3.4,328,24,149,29.61,1.0,0,0,,41.2,45.3,,0.38,0.31,
FAYE,2019-11-08 14:00:00 EST,43.05423,-75.99004,588,26.8,26.2,17.9,76.3,20.3,0.001,0.181,0.00,0.015,8.0,15.3,2.3,326,18,8.9,15.7,2.6,336,16,8.9,15.7,2.6,336,16,45,29.61,1.0,0,0,,41.2,45.3,,0.38,0.31,
FAYE,2019-11-08 14:05:00 EST,43.05423,-75.99004,588,26.7,26.3,17.8,77.1,20.5,0.000,0.181,0.00,0.015,8.2,12.5,2.0,308,19,8.9,13.3,2.1,317,18,8.9,13.3,2.1,317,18,49,29.61,1.0,0,0,,41.2,45.3,,0.38,0.31,
FAYE,2019-11-08 14:10:00 EST,43.05423,-75.99004,588,27.5,26.7,19.3,75.0,20.6,0.000,0.181,0.00,0.015,7.2,12.9,2.3,301,19,8.0,14.9,2.6,308,20,8.0,14.9,2.6,308,20,166,29.61,1.0,0,0,,41.2,45.3,,0.38,0.31,
FAYE,2019-11-08 14:15:00 EST,43.05423,-75.99004,588,27.9,27.1,19.2,71.9,20.0,0.000,0.181,0.00,0.015,8.1,14.0,2.7,320,21,9.0,14.7,2.8,331,18,9.0,14.7,2.8,331,18,165,29.61,1.0,0,0,,41.2,45.3,,0.38,0.31,
FAYE,2019-11-08 14:20:00 EST,43.05423,-75.99004,588,28.0,27.3,18.7,68.4,18.9,0.000,0.181,0.00,0.007,9.0,14.8,2.5,318,17,10.0,18.4,2.8,328,17,10.0,18.4,2.8,328,17,160,29.61,0.9,0,0,,41.2,45.3,,0.38,0.31,
FAYE,2019-11-08 14:25:00 EST,43.05423,-75.99004,588,28.1,27.4,19.9,67.6,18.8,0.000,0.181,0.00,0.007,7.5,13.7,2.8,320,26,8.4,17.2,3.4,331,21,8.4,17.2,3.4,331,21,154,29.61,1.0,0,0,,41.2,45.3,,0.38,0.31,
FAYE,2019-11-08 14:30:00 EST,43.05423,-75.99004,588,28.3,27.5,19.7,67.1,18.8,0.000,0.181,0.00,0.007,7.9,12.9,2.0,318,18,9.0,15.2,2.4,329,17,9.0,15.2,2.4,329,17,158,29.61,1.8,0,0,,41.2,45.3,,0.38,0.31,
FAYE,2019-11-08 14:35:00 EST,43.05423,-75.99004,588,28.1,27.4,18.8,67.0,18.5,0.000,0.181,0.00,0.007,9.2,18.0,2.9,319,16,10.1,20.8,3.2,328,16,10.1,20.8,3.2,328,16,150,29.61,,0,0,,41.2,45.3,,0.39,0.31,
FAYE,2019-11-08 14:40:00 EST,43.05423,-75.99004,588,28.2,27.5,20.2,68.7,19.3,0.000,0.181,0.00,0.007,7.2,13.3,2.6,306,19,8.1,14.0,2.8,315,19,8.1,14.0,2.8,315,19,134,29.61,1.8,0,0,,41.2,45.3,,0.39,0.31,
FAYE,2019-11-08 14:45:00 EST,43.05423,-75.99004,588,28.0,27.4,18.9,65.7,18.0,0.000,0.181,0.00,0.007,9.0,14.4,2.5,297,15,9.9,14.9,2.5,304,15,9.9,14.9,2.5,304,15,147,29.61,,0,0,,41.2,45.3,,0.38,0.31,
FAYE,2019-11-08 14:50:00 EST,43.05423,-75.99004,588,28.1,27.5,19.5,64.6,17.7,0.000,0.181,0.00,0.007,8.3,14.5,2.4,299,17,9.0,16.1,2.4,306,15,9.0,16.1,2.4,306,15,146,29.61,2.0,0,0,,41.1,45.3,,0.38,0.31,
FAYE,2019-11-08 14:55:00 EST,43.05423,-75.99004,588,28.1,27.5,18.9,63.2,17.2,0.000,0.181,0.00,0.001,9.2,15.7,2.7,301,14,10.1,17.1,2.8,307,15,10.1,17.1,2.8,307,15,146,29.61,1.8,0,0,,41.2,45.3,,0.39,0.31,
FAYE,2019-11-08 15:00:00 EST,43.05423,-75.99004,588,28.2,27.6,19.6,64.3,17.7,0.000,0.181,0.00,0.000,8.0,14.1,2.5,291,16,8.9,14.9,2.7,298,14,8.9,14.9,2.7,298,14,148,29.61,1.8,0,0,,41.2,45.3,,0.39,0.31,
FAYE,2019-11-08 15:05:00 EST,43.05423,-75.99004,588,27.9,27.5,19.7,64.8,17.6,0.000,0.181,0.00,0.000,7.3,11.8,2.3,303,21,8.2,14.3,2.3,312,19,8.2,14.3,2.3,312,19,58,29.62,1.8,0,0,,41.0,45.3,,0.39,0.31,
FAYE,2019-11-08 15:10:00 EST,43.05423,-75.99004,588,27.5,27.3,18.5,65.5,17.5,0.000,0.181,0.00,0.000,8.5,12.9,1.6,289,15,9.5,15.8,2.2,296,14,9.5,15.8,2.2,296,14,58,29.62,1.7,0,0,,41.1,45.3,,0.39,0.31,
FAYE,2019-11-08 15:15:00 EST,43.05423,-75.99004,588,27.5,27.2,18.7,66.0,17.6,0.000,0.181,0.00,0.000,8.1,14.3,2.5,297,17,9.1,16.5,2.5,304,17,9.1,16.5,2.5,304,17,58,29.62,1.7,0,0,,41.1,45.3,,0.39,0.31,
FAYE,2019-11-08 15:20:00 EST,43.05423,-75.99004,588,27.3,27.0,18.4,63.7,16.6,0.000,0.181,0.00,0.000,8.5,14.1,2.3,303,17,9.1,13.7,2.3,311,16,9.1,13.7,2.3,311,16,52,29.62,1.7,0,0,,41.0,45.3,,0.39,0.31,
FAYE,2019-11-08 15:25:00 EST,43.05423,-75.99004,588,27.1,26.8,18.6,64.6,16.7,0.000,0.181,0.00,0.000,7.7,12.6,2.0,301,15,8.4,13.1,2.1,310,14,8.4,13.1,2.1,310,14,48,29.62,1.9,0,0,,41.1,45.3,,0.39,0.31,
FAYE,2019-11-08 15:30:00 EST,43.05423,-75.99004,588,27.4,27.1,19.5,65.2,17.3,0.000,0.181,0.00,0.000,6.8,13.2,2.4,309,16,7.6,14.1,2.4,317,16,7.6,14.1,2.4,317,16,89,29.62,1.8,0,0,,41.1,45.3,,0.39,0.31,
FAYE,2019-11-08 15:35:00 EST,43.05423,-75.99004,588,27.5,27.1,20.7,65.2,17.3,0.000,0.181,0.00,0.000,5.6,9.4,1.6,305,18,6.2,14.2,2.0,313,19,6.2,14.2,2.0,313,19,100,29.62,1.8,0,0,,41.0,45.3,,0.39,0.31,
FAYE,2019-11-08 15:40:00 EST,43.05423,-75.99004,588,27.5,27.2,19.7,63.9,16.9,0.000,0.181,0.00,0.000,6.8,11.5,1.9,304,19,7.6,12.6,2.1,311,19,7.6,12.6,2.1,311,19,62,29.62,1.7,0,0,,41.0,45.3,,0.39,0.30,
FAYE,2019-11-08 15:45:00 EST,43.05423,-75.99004,588,27.2,27.0,19.4,64.5,16.8,0.000,0.181,0.00,0.000,6.6,12.1,2.0,304,16,7.4,12.7,2.0,310,16,7.4,12.7,2.0,310,16,39,29.62,1.8,0,0,,41.0,45.3,,0.39,0.31,
FAYE,2019-11-08 15:50:00 EST,43.05423,-75.99004,588,27.4,27.1,19.6,62.6,16.3,0.000,0.181,0.00,0.000,6.7,11.3,2.0,299,15,7.4,11.9,1.9,307,14,7.4,11.9,1.9,307,14,59,29.62,1.7,0,0,,41.0,45.3,,0.39,0.31,
FAYE,2019-11-08 15:55:00 EST,43.05423,-75.99004,588,27.4,27.2,19.3,62.7,16.3,0.000,0.181,0.00,0.000,7.2,11.3,2.0,296,15,7.9,12.6,2.3,302,15,7.9,12.6,2.3,302,15,68,29.62,1.7,0,0,,41.0,45.3,,0.39,0.31,
FAYE,2019-11-08 16:00:00 EST,43.05423,-75.99004,588,27.2,27.1,19.7,62.9,16.2,0.000,0.181,0.00,0.000,6.2,12.0,2.0,295,14,7.0,14.7,2.1,302,14,7.0,14.7,2.1,302,14,27,29.62,1.7,0,0,,41.0,45.3,,0.39,0.31,
FAYE,2019-11-08 16:05:00 EST,43.05423,-75.99004,588,26.9,26.9,19.6,64.2,16.4,0.000,0.181,0.00,0.000,6.0,9.0,1.6,296,15,6.7,11.2,1.9,303,14,6.7,11.2,1.9,303,14,22,29.62,1.7,0,0,,41.0,45.3,,0.39,0.31,
FAYE,2019-11-08 16:10:00 EST,43.05423,-75.99004,588,27.0,26.9,19.5,63.4,16.2,0.000,0.181,0.00,0.000,6.2,9.5,1.9,297,19,6.9,11.7,2.0,306,18,6.9,11.7,2.0,306,18,42,29.62,1.7,0,0,,41.0,45.3,,0.39,0.31,
FAYE,2019-11-08 16:15:00 EST,43.05423,-75.99004,588,27.2,27.0,20.7,64.0,16.7,0.000,0.181,0.00,0.000,5.3,10.4,1.8,294,15,5.8,10.4,1.9,301,16,5.8,10.4,1.9,301,16,75,29.62,1.7,0,0,,41.0,45.3,,0.39,0.31,
FAYE,2019-11-08 16:20:00 EST,43.05423,-75.99004,588,27.2,27.1,20.0,63.5,16.5,0.000,0.181,0.00,0.000,6.0,9.7,1.5,294,17,6.7,12.7,1.7,300,16,6.7,12.7,1.7,300,16,64,29.63,1.7,0,0,,41.0,45.3,,0.39,0.31,
FAYE,2019-11-08 16:25:00 EST,43.05423,-75.99004,588,27.1,27.0,20.3,64.3,16.6,0.000,0.181,0.00,0.000,5.5,9.1,1.4,305,16,6.0,9.8,1.6,313,15,6.0,9.8,1.6,313,15,52,29.63,1.6,0,0,,41.0,45.3,,0.39,0.31,
FAYE,2019-11-08 16:30:00 EST,43.05423,-75.99004,588,26.9,26.9,20.8,65.0,16.7,0.000,0.181,0.00,0.000,4.8,8.6,1.3,296,15,5.3,9.7,1.4,305,15,5.3,9.7,1.4,305,15,30,29.63,1.6,0,0,,41.0,45.3,,0.39,0.31,
FAYE,2019-11-08 16:35:00 EST,43.05423,-75.99004,588,26.7,26.8,22.1,65.8,16.8,0.000,0.181,0.00,0.000,3.5,5.3,0.8,293,17,3.9,6.3,1.0,301,16,3.9,6.3,1.0,301,16,10,29.63,1.6,0,0,,41.0,45.3,,0.39,0.31,
FAYE,2019-11-08 16:40:00 EST,43.05423,-75.99004,588,26.3,26.6,21.7,67.6,17.0,0.000,0.181,0.00,0.000,3.4,7.0,1.4,292,12,3.9,7.4,1.6,301,11,3.9,7.4,1.6,301,11,7,29.63,1.6,0,0,,41.0,45.3,,0.39,0.31,
FAYE,2019-11-08 16:45:00 EST,43.05423,-75.99004,588,26.4,26.7,19.8,66.9,16.8,0.000,0.181,0.00,0.000,5.1,8.0,1.3,291,14,5.7,9.5,1.4,297,13,5.7,9.5,1.4,297,13,5,29.63,1.6,0,0,,41.0,45.3,,0.39,0.31,
FAYE,2019-11-08 16:50:00 EST,43.05423,-75.99004,588,26.1,26.4,19.8,67.5,16.8,0.000,0.181,0.00,0.000,5.0,8.8,1.5,302,14,5.4,9.8,1.6,311,15,5.4,9.8,1.6,311,15,3,29.63,1.7,0,0,,41.0,45.3,,0.39,0.31,
FAYE,2019-11-08 16:55:00 EST,43.05423,-75.99004,588,26.2,26.5,20.6,67.6,16.9,0.000,0.181,0.00,0.000,4.3,6.9,1.3,303,12,4.7,8.3,1.5,312,12,4.7,8.3,1.5,312,12,2,29.63,1.7,0,0,,41.0,45.3,,0.39,0.31,
FAYE,2019-11-08 17:00:00 EST,43.05423,-75.99004,588,26.0,26.3,20.8,68.7,17.2,0.000,0.181,0.00,0.000,3.9,6.4,0.9,298,14,4.4,6.8,1.0,305,14,4.4,6.8,1.0,305,14,1,29.64,1.6,0,0,,41.0,45.3,,0.39,0.31,
FAYE,2019-11-08 17:05:00 EST,43.05423,-75.99004,588,25.9,26.3,20.8,69.1,17.2,0.000,0.181,0.00,0.000,3.8,6.9,1.1,293,13,4.3,7.2,1.3,301,13,4.3,7.2,1.3,301,13,0,29.64,1.6,0,0,,41.0,45.3,,0.39,0.31,
FAYE,2019-11-08 17:10:00 EST,43.05423,-75.99004,588,25.8,26.2,21.1,69.6,17.3,0.000,0.181,0.00,0.000,3.5,5.6,0.9,296,14,3.9,6.7,1.1,305,15,3.9,6.7,1.1,305,15,0,29.64,1.7,0,0,,41.0,45.3,,0.39,0.31,
FAYE,2019-11-08 17:15:00 EST,43.05423,-75.99004,588,26.0,26.3,21.2,69.2,17.3,0.000,0.181,0.00,0.000,3.6,6.1,0.9,292,11,4.0,6.6,0.9,300,11,4.0,6.6,0.9,300,11,0,29.64,1.6,0,0,,41.0,45.3,,0.39,0.31,
FAYE,2019-11-08 17:20:00 EST,43.05423,-75.99004,588,25.9,26.2,21.9,70.3,17.5,0.000,0.181,0.00,0.000,3.1,4.5,0.7,293,11,3.3,5.3,0.8,303,11,3.3,5.3,0.8,303,11,0,29.64,1.6,0,0,,41.0,45.3,,0.39,0.31,
FAYE,2019-11-08 17:25:00 EST,43.05423,-75.99004,588,25.9,26.3,22.2,70.4,17.6,0.000,0.181,0.00,0.000,2.8,4.7,0.7,290,12,3.1,5.3,0.8,298,10,3.1,5.3,0.8,298,10,0,29.64,1.6,0,0,,41.0,45.2,,0.39,0.31,
FAYE,2019-11-08 17:30:00 EST,43.05423,-75.99004,588,25.6,26.3,21.5,70.8,17.4,0.000,0.181,0.00,0.000,3.1,4.9,1.0,288,13,3.3,5.5,1.0,296,13,3.3,5.5,1.0,296,13,0,29.64,1.5,0,0,,41.0,45.3,,0.39,0.31,
FAYE,2019-11-08 17:35:00 EST,43.05423,-75.99004,588,25.2,26.1,25.2,72.0,17.5,0.000,0.181,0.00,0.000,2.5,3.9,0.5,285,12,2.8,4.3,0.6,295,11,2.8,4.3,0.6,295,11,0,29.65,1.5,0,0,,41.0,45.2,,0.39,0.31,
FAYE,2019-11-08 17:40:00 EST,43.05423,-75.99004,588,24.8,26.0,24.8,72.3,17.2,0.000,0.181,0.00,0.000,1.9,3.4,0.5,270,13,2.2,4.2,0.5,279,14,2.2,4.2,0.5,279,14,0,29.65,1.5,0,0,,41.0,45.1,,0.39,0.31,
FAYE,2019-11-08 17:45:00 EST,43.05423,-75.99004,588,24.8,26.1,24.8,72.5,17.2,0.000,0.181,0.00,0.000,1.9,2.9,0.5,270,13,2.2,3.6,0.5,279,13,2.2,3.6,0.5,279,13,0,29.65,1.5,0,0,,41.0,45.3,,0.39,0.31,
FAYE,2019-11-08 17:50:00 EST,43.05423,-75.99004,588,25.0,26.1,25.0,72.5,17.4,0.000,0.181,0.00,0.000,1.8,3.0,0.5,268,12,2.1,3.5,0.5,277,15,2.1,3.5,0.5,277,15,0,29.65,1.5,0,0,,41.0,45.2,,0.39,0.31,
FAYE,2019-11-08 17:55:00 EST,43.05423,-75.99004,588,25.0,26.0,25.0,72.1,17.3,0.000,0.181,0.00,0.000,2.0,3.3,0.5,269,13,2.4,4.0,0.5,279,14,2.4,4.0,0.5,279,14,0,29.65,1.5,0,0,,41.0,45.2,,0.39,0.31,
FAYE,2019-11-08 18:00:00 EST,43.05423,-75.99004,588,25.0,26.0,25.0,72.0,17.3,0.000,0.181,0.00,0.000,1.9,2.8,0.3,258,13,2.2,3.3,0.4,266,15,2.2,3.3,0.4,266,15,0,29.66,1.5,0,0,,41.0,45.2,,0.39,0.31,
FAYE,2019-11-08 18:05:00 EST,43.05423,-75.99004,588,24.4,26.0,24.4,73.2,17.1,0.000,0.181,0.00,0.000,2.6,4.2,0.7,242,13,2.8,4.8,0.8,248,13,2.8,4.8,0.8,248,13,0,29.66,1.4,0,0,,41.0,45.1,,0.39,0.31,
FAYE,2019-11-08 18:10:00 EST,43.05423,-75.99004,588,23.8,25.9,18.9,75.6,17.2,0.000,0.181,0.00,0.000,3.6,5.6,0.6,229,11,3.8,6.4,0.8,234,11,3.8,6.4,0.8,234,11,0,29.66,1.5,0,0,,41.0,45.1,,0.39,0.31,
FAYE,2019-11-08 18:15:00 EST,43.05423,-75.99004,588,22.9,25.8,18.1,79.4,17.5,0.000,0.181,0.00,0.000,3.6,4.8,0.7,207,11,3.6,5.4,0.9,212,10,3.6,5.4,0.9,212,10,0,29.66,1.5,0,0,,41.0,45.1,,0.39,0.31,
FAYE,2019-11-08 18:20:00 EST,43.05423,-75.99004,588,21.7,25.4,15.7,84.6,17.8,0.000,0.181,0.00,0.000,4.3,5.2,0.6,200,5,4.4,5.7,0.7,206,5,4.4,5.7,0.7,206,5,0,29.66,1.5,0,0,,41.0,45.1,,0.39,0.31,
FAYE,2019-11-08 18:25:00 EST,43.05423,-75.99004,588,22.0,25.1,15.6,87.2,18.8,0.000,0.181,0.00,0.000,4.6,6.4,0.8,198,9,4.7,6.5,0.8,203,10,4.7,6.5,0.8,203,10,0,29.66,1.5,0,0,,41.0,45.1,,0.39,0.31,
FAYE,2019-11-08 18:30:00 EST,43.05423,-75.99004,588,22.3,25.2,14.5,84.2,18.3,0.000,0.181,0.00,0.000,6.2,8.3,0.6,207,8,6.2,7.7,0.7,212,6,6.2,7.7,0.7,212,6,0,29.66,1.5,0,0,,41.0,45.1,,0.39,0.31,
FAYE,2019-11-08 18:35:00 EST,43.05423,-75.99004,588,22.4,25.2,15.0,82.8,18.0,0.000,0.181,0.00,0.000,5.8,7.3,0.6,208,7,5.8,7.4,0.6,214,7,5.8,7.4,0.6,214,7,0,29.66,1.5,0,0,,41.0,45.1,,0.39,0.31,
FAYE,2019-11-08 18:40:00 EST,43.05423,-75.99004,588,22.2,25.1,15.0,83.5,18.0,0.000,0.181,0.00,0.000,5.5,6.6,0.5,202,6,5.6,7.0,0.5,207,6,5.6,7.0,0.5,207,6,0,29.66,1.7,0,0,,41.0,45.1,,0.39,0.31,
FAYE,2019-11-08 18:45:00 EST,43.05423,-75.99004,588,23.0,24.9,15.8,83.6,18.8,0.000,0.181,0.00,0.000,5.5,7.3,0.7,199,10,5.7,7.5,0.7,205,9,5.7,7.5,0.7,205,9,0,29.66,1.5,0,0,,41.0,45.1,,0.39,0.31,
FAYE,2019-11-08 18:50:00 EST,43.05423,-75.99004,588,23.2,24.8,15.5,82.6,18.7,0.000,0.181,0.00,0.000,6.0,7.6,0.7,196,7,6.2,8.4,0.7,202,6,6.2,8.4,0.7,202,6,0,29.66,1.4,0,0,,41.0,45.1,,0.39,0.31,
FAYE,2019-11-08 18:55:00 EST,43.05423,-75.99004,588,22.3,24.7,14.7,83.3,18.0,0.000,0.181,0.00,0.000,5.8,7.2,0.5,195,6,6.0,7.7,0.6,200,5,6.0,7.7,0.6,200,5,0,29.66,1.4,0,0,,41.0,45.1,,0.39,0.31,
FAYE,2019-11-08 19:00:00 EST,43.05423,-75.99004,588,21.6,24.3,13.7,86.0,18.1,0.000,0.181,0.00,0.000,5.9,7.6,0.8,196,6,6.2,8.2,0.8,201,5,6.2,8.2,0.8,201,5,0,29.66,1.4,0,0,,41.0,45.1,,0.39,0.31,
FAYE,2019-11-08 19:05:00 EST,43.05423,-75.99004,588,21.3,24.3,13.0,87.4,18.2,0.000,0.181,0.00,0.000,6.3,8.0,0.7,196,6,6.6,8.4,0.6,200,5,6.6,8.4,0.6,200,5,0,29.66,1.5,0,0,,41.0,45.1,,0.39,0.31,
FAYE,2019-11-08 19:10:00 EST,43.05423,-75.99004,588,21.8,24.2,13.6,87.5,18.6,0.000,0.181,0.00,0.000,6.5,8.5,0.7,204,7,6.5,9.6,0.8,209,6,6.5,9.6,0.8,209,6,0,29.66,1.5,0,0,,41.0,45.1,,0.39,0.31,
FAYE,2019-11-08 19:15:00 EST,43.05423,-75.99004,588,22.2,24.2,14.5,84.5,18.3,0.000,0.181,0.00,0.000,6.1,7.7,0.7,209,10,6.1,8.3,0.7,214,8,6.1,8.3,0.7,214,8,0,29.66,1.5,0,0,,41.0,45.1,,0.39,0.31,
FAYE,2019-11-08 19:20:00 EST,43.05423,-75.99004,588,22.6,24.4,14.8,83.3,18.3,0.000,0.181,0.00,0.000,6.3,8.0,0.7,214,10,6.3,8.5,0.7,218,8,6.3,8.5,0.7,218,8,0,29.66,1.5,0,0,,41.0,45.1,,0.39,0.31,
FAYE,2019-11-08 19:25:00 EST,43.05423,-75.99004,588,22.5,24.3,14.4,83.3,18.2,0.000,0.181,0.00,0.000,6.5,8.0,0.5,209,9,6.5,7.9,0.6,214,7,6.5,7.9,0.6,214,7,0,29.66,1.4,0,0,,41.0,45.1,,0.39,0.31,
FAYE,2019-11-08 19:30:00 EST,43.05423,-75.99004,588,22.3,24.3,14.3,83.5,18.0,0.000,0.181,0.00,0.000,6.4,8.0,0.6,210,8,6.4,7.7,0.7,215,8,6.4,7.7,0.7,215,8,0,29.67,1.6,0,0,,41.0,45.1,,0.39,0.31,
FAYE,2019-11-08 19:35:00 EST,43.05423,-75.99004,588,22.7,24.3,15.0,82.9,18.3,0.000,0.181,0.00,0.000,6.1,8.4,0.7,216,9,6.1,9.0,0.8,220,7,6.1,9.0,0.8,220,7,0,29.67,1.5,0,0,,41.0,45.1,,0.39,0.31,
FAYE,2019-11-08 19:40:00 EST,43.05423,-75.99004,588,22.5,24.3,15.3,83.1,18.2,0.000,0.181,0.00,0.000,5.7,7.2,0.5,211,8,5.7,7.2,0.6,216,8,5.7,7.2,0.6,216,8,0,29.66,1.5,0,0,,41.0,45.1,,0.39,0.31,
FAYE,2019-11-08 19:45:00 EST,43.05423,-75.99004,588,22.5,24.5,14.5,84.2,18.4,0.000,0.181,0.00,0.000,6.4,7.9,0.7,207,8,6.4,8.5,0.7,212,7,6.4,8.5,0.7,212,7,0,29.67,1.5,0,0,,41.0,45.1,,0.39,0.31,
FAYE,2019-11-08 19:50:00 EST,43.05423,-75.99004,588,22.4,24.5,14.6,84.1,18.3,0.000,0.181,0.00,0.000,6.1,7.9,0.8,203,8,6.2,8.1,0.8,209,7,6.2,8.1,0.8,209,7,0,29.67,1.4,0,0,,41.0,45.1,,0.39,0.31,
FAYE,2019-11-08 19:55:00 EST,43.05423,-75.99004,588,22.3,24.3,14.2,84.3,18.3,0.000,0.181,0.00,0.000,6.4,8.9,1.0,209,11,6.6,9.8,1.0,214,11,6.6,9.8,1.0,214,11,0,29.67,1.5,0,0,,41.0,45.1,,0.39,0.31,
FAYE,2019-11-08 20:00:00 EST,43.05423,-75.99004,588,23.1,24.3,15.2,83.8,18.9,0.000,0.181,0.00,0.000,6.4,8.3,0.7,209,10,6.5,8.2,0.7,214,9,6.5,8.2,0.7,214,9,0,29.67,1.5,0,0,,41.0,45.1,,0.39,0.31,
FAYE,2019-11-08 20:05:00 EST,43.05423,-75.99004,588,23.0,24.3,14.7,82.6,18.5,0.000,0.181,0.00,0.000,6.9,9.7,1.0,211,11,6.9,10.3,1.1,215,8,6.9,10.3,1.1,215,8,0,29.66,1.5,0,0,,40.9,45.1,,0.39,0.31,
FAYE,2019-11-08 20:10:00 EST,43.05423,-75.99004,588,23.1,24.5,14.9,81.9,18.4,0.000,0.181,0.00,0.000,6.8,8.6,0.7,206,10,6.9,10.1,0.9,211,9,6.9,10.1,0.9,211,9,0,29.66,1.4,0,0,,40.9,45.1,,0.39,0.31,
FAYE,2019-11-08 20:15:00 EST,43.05423,-75.99004,588,22.8,24.3,14.6,82.2,18.2,0.000,0.181,0.00,0.000,6.8,8.9,0.8,206,7,6.7,8.4,0.9,212,7,6.7,8.4,0.9,212,7,0,29.67,1.4,0,0,,40.9,45.1,,0.39,0.31,
FAYE,2019-11-08 20:20:00 EST,43.05423,-75.99004,588,22.8,24.3,14.2,82.7,18.3,0.000,0.181,0.00,0.000,7.0,9.5,0.9,200,8,7.2,9.7,1.0,206,8,7.2,9.7,1.0,206,8,0,29.67,1.4,0,0,,40.8,45.1,,0.39,0.31,
FAYE,2019-11-08 20:25:00 EST,43.05423,-75.99004,588,22.3,24.2,14.1,84.2,18.3,0.000,0.181,0.00,0.000,6.4,8.0,0.8,198,8,6.7,8.1,0.8,203,8,6.7,8.1,0.8,203,8,0,29.67,1.4,0,0,,40.9,45.1,,0.39,0.31,
FAYE,2019-11-08 20:30:00 EST,43.05423,-75.99004,588,22.7,24.3,13.9,84.1,18.6,0.000,0.181,0.00,0.000,7.5,9.6,0.8,205,7,7.6,9.9,1.0,210,7,7.6,9.9,1.0,210,7,0,29.67,1.4,0,0,,40.8,45.1,,0.39,0.31,
FAYE,2019-11-08 20:35:00 EST,43.05423,-75.99004,588,23.1,24.3,14.3,83.2,18.8,0.000,0.181,0.00,0.000,7.8,10.8,1.0,214,10,7.7,11.9,1.1,219,9,7.7,11.9,1.1,219,9,0,29.67,1.4,0,0,,40.8,45.1,,0.39,0.31,
FAYE,2019-11-08 20:40:00 EST,43.05423,-75.99004,588,23.7,24.6,14.8,82.0,19.0,0.000,0.181,0.00,0.000,8.1,11.5,1.2,220,9,8.0,12.0,1.3,224,9,8.0,12.0,1.3,224,9,0,29.67,1.5,0,0,,40.8,45.1,,0.39,0.31,
FAYE,2019-11-08 20:45:00 EST,43.05423,-75.99004,588,24.2,24.7,15.3,81.9,19.4,0.000,0.181,0.00,0.000,7.9,11.0,1.1,223,9,8.0,11.7,1.2,227,7,8.0,11.7,1.2,227,7,0,29.67,1.4,0,0,,40.8,45.1,,0.39,0.31,
FAYE,2019-11-08 20:50:00 EST,43.05423,-75.99004,588,24.4,24.7,16.2,81.6,19.6,0.000,0.181,0.00,0.000,7.1,9.1,1.0,223,8,7.2,10.0,1.1,227,8,7.2,10.0,1.1,227,8,0,29.67,1.4,0,0,,40.8,45.1,,0.39,0.31,
FAYE,2019-11-08 20:55:00 EST,43.05423,-75.99004,588,24.5,24.7,16.2,81.6,19.7,0.000,0.181,0.00,0.000,7.3,9.9,0.9,219,10,7.3,9.5,0.9,223,8,7.3,9.5,0.9,223,8,0,29.67,1.4,0,0,,40.8,45.1,,0.39,0.31,
FAYE,2019-11-08 21:00:00 EST,43.05423,-75.99004,588,24.8,24.9,16.9,81.0,19.8,0.000,0.181,0.00,0.000,6.7,8.9,1.1,220,12,6.8,9.6,1.1,225,10,6.8,9.6,1.1,225,10,0,29.67,1.4,0,0,,40.8,45.1,,0.38,0.31,
FAYE,2019-11-08 21:05:00 EST,43.05423,-75.99004,588,24.9,25.0,17.3,80.2,19.7,0.000,0.181,0.00,0.000,6.3,10.3,1.2,218,12,6.6,10.5,1.2,222,10,6.6,10.5,1.2,222,10,0,29.67,1.4,0,0,,40.8,45.1,,0.39,0.31,
FAYE,2019-11-08 21:10:00 EST,43.05423,-75.99004,588,25.4,25.5,16.6,78.2,19.6,0.000,0.181,0.00,0.000,8.0,12.4,1.9,232,11,8.4,13.5,2.0,238,12,8.4,13.5,2.0,238,12,0,29.67,1.4,0,0,,40.8,45.1,,0.39,0.31,
FAYE,2019-11-08 21:15:00 EST,43.05423,-75.99004,588,25.5,25.6,17.2,76.8,19.3,0.000,0.181,0.00,0.000,7.5,10.6,1.4,228,12,7.7,11.4,1.4,232,11,7.7,11.4,1.4,232,11,0,29.67,1.4,0,0,,40.8,45.1,,0.38,0.31,
FAYE,2019-11-08 21:20:00 EST,43.05423,-75.99004,588,25.4,25.5,17.3,76.8,19.1,0.000,0.181,0.00,0.000,7.1,10.7,1.2,229,10,7.3,10.5,1.2,233,10,7.3,10.5,1.2,233,10,0,29.67,1.3,0,0,,40.8,45.1,,0.38,0.31,
FAYE,2019-11-08 21:25:00 EST,43.05423,-75.99004,588,25.2,25.5,16.7,76.9,19.0,0.000,0.181,0.00,0.000,7.5,10.2,1.3,222,12,7.8,11.0,1.5,228,12,7.8,11.0,1.5,228,12,0,29.67,1.3,0,0,,40.8,45.1,,0.38,0.31,
FAYE,2019-11-08 21:30:00 EST,43.05423,-75.99004,588,25.1,25.5,17.3,76.3,18.7,0.000,0.181,0.00,0.000,6.8,9.9,1.6,219,9,6.8,10.6,1.5,223,9,6.8,10.6,1.5,223,9,0,29.67,1.2,0,0,,40.8,45.1,,0.38,0.31,
FAYE,2019-11-08 21:35:00 EST,43.05423,-75.99004,588,24.7,25.2,17.2,77.8,18.7,0.000,0.181,0.00,0.000,6.3,9.1,1.1,214,10,6.4,9.4,1.1,219,8,6.4,9.4,1.1,219,8,0,29.67,1.3,0,0,,40.8,45.1,,0.38,0.31,
FAYE,2019-11-08 21:40:00 EST,43.05423,-75.99004,588,24.8,25.3,16.8,77.3,18.7,0.000,0.181,0.00,0.000,7.0,10.5,1.2,217,11,7.1,11.6,1.2,222,9,7.1,11.6,1.2,222,9,0,29.67,1.3,0,0,,40.8,45.1,,0.38,0.31,
FAYE,2019-11-08 21:45:00 EST,43.05423,-75.99004,588,24.6,25.1,17.0,76.5,18.3,0.000,0.181,0.00,0.000,6.5,10.8,1.3,217,8,6.5,10.5,1.3,221,7,6.5,10.5,1.3,221,7,0,29.67,1.3,0,0,,40.8,45.1,,0.38,0.31,
FAYE,2019-11-08 21:50:00 EST,43.05423,-75.99004,588,24.5,25.1,16.3,76.4,18.2,0.000,0.181,0.00,0.000,7.2,9.5,1.0,225,10,7.3,9.5,1.1,230,9,7.3,9.5,1.1,230,9,0,29.67,1.3,0,0,,40.8,45.1,,0.38,0.31,
FAYE,2019-11-08 21:55:00 EST,43.05423,-75.99004,588,24.5,25.1,16.7,75.1,17.8,0.000,0.181,0.00,0.000,6.6,9.3,1.1,224,9,6.7,10.3,1.2,227,10,6.7,10.3,1.2,227,10,0,29.67,1.3,0,0,,40.8,45.1,,0.38,0.31,
FAYE,2019-11-08 22:00:00 EST,43.05423,-75.99004,588,24.2,24.9,16.2,76.2,17.8,0.000,0.181,0.00,0.000,6.8,9.9,0.9,215,12,6.8,9.7,1.0,220,11,6.8,9.7,1.0,220,11,0,29.67,1.3,0,0,,40.8,45.1,,0.38,0.31,
FAYE,2019-11-08 22:05:00 EST,43.05423,-75.99004,588,24.1,24.9,16.2,76.5,17.8,0.000,0.181,0.00,0.000,7.0,9.1,1.0,209,9,6.8,9.5,1.0,214,8,6.8,9.5,1.0,214,8,0,29.67,1.3,0,0,,40.8,45.1,,0.38,0.31,
FAYE,2019-11-08 22:10:00 EST,43.05423,-75.99004,588,23.9,24.7,16.1,76.9,17.8,0.000,0.181,0.00,0.000,6.6,8.7,0.8,208,8,6.6,9.0,0.8,213,7,6.6,9.0,0.8,213,7,0,29.67,1.2,0,0,,40.8,45.1,,0.38,0.31,
FAYE,2019-11-08 22:15:00 EST,43.05423,-75.99004,588,23.8,24.7,15.6,77.6,17.8,0.000,0.181,0.00,0.000,7.0,9.4,1.1,210,8,7.0,9.3,1.0,215,8,7.0,9.3,1.0,215,8,0,29.66,1.2,0,0,,40.8,45.1,,0.38,0.31,
FAYE,2019-11-08 22:20:00 EST,43.05423,-75.99004,588,23.5,24.5,15.7,77.7,17.6,0.000,0.181,0.00,0.000,6.5,8.0,0.8,208,8,6.5,9.0,0.9,213,8,6.5,9.0,0.9,213,8,0,29.66,1.2,0,0,,40.8,45.1,,0.38,0.31,
FAYE,2019-11-08 22:25:00 EST,43.05423,-75.99004,588,23.2,24.3,15.1,78.3,17.5,0.000,0.181,0.00,0.000,6.7,8.8,0.7,202,6,6.8,9.3,0.8,207,5,6.8,9.3,0.8,207,5,0,29.66,1.3,0,0,,40.8,45.1,,0.38,0.31,
FAYE,2019-11-08 22:30:00 EST,43.05423,-75.99004,588,23.3,24.5,14.7,78.0,17.5,0.000,0.181,0.00,0.000,7.3,9.9,0.9,199,7,7.5,9.9,0.9,204,6,7.5,9.9,0.9,204,6,0,29.66,1.3,0,0,,40.8,45.0,,0.38,0.31,
FAYE,2019-11-08 22:35:00 EST,43.05423,-75.99004,588,23.0,24.2,14.6,78.0,17.1,0.000,0.181,0.00,0.000,6.9,8.5,0.8,203,7,6.9,8.4,0.7,208,6,6.9,8.4,0.7,208,6,0,29.66,1.2,0,0,,40.8,45.0,,0.38,0.31,
FAYE,2019-11-08 22:40:00 EST,43.05423,-75.99004,588,23.0,24.2,14.5,78.2,17.2,0.000,0.181,0.00,0.000,7.1,8.9,0.7,202,6,7.1,8.9,0.8,207,6,7.1,8.9,0.8,207,6,0,29.66,1.3,0,0,,40.8,45.0,,0.38,0.31,
FAYE,2019-11-08 22:45:00 EST,43.05423,-75.99004,588,23.2,24.2,14.8,77.7,17.3,0.000,0.181,0.00,0.000,7.2,10.4,0.9,201,7,7.2,10.5,0.9,207,6,7.2,10.5,0.9,207,6,0,29.66,1.3,0,0,,40.8,45.0,,0.38,0.31,
FAYE,2019-11-08 22:50:00 EST,43.05423,-75.99004,588,23.6,24.3,15.7,77.7,17.6,0.000,0.181,0.00,0.000,6.6,9.3,0.9,207,8,6.6,9.6,1.0,212,7,6.6,9.6,1.0,212,7,0,29.66,1.3,0,0,,40.8,45.0,,0.38,0.31,
FAYE,2019-11-08 22:55:00 EST,43.05423,-75.99004,588,23.8,24.4,16.4,78.0,18.0,0.000,0.181,0.00,0.000,6.1,7.7,0.7,206,9,6.1,8.3,0.7,211,7,6.1,8.3,0.7,211,7,0,29.66,1.2,0,0,,40.8,45.0,,0.38,0.31,
FAYE,2019-11-08 23:00:00 EST,43.05423,-75.99004,588,24.0,24.6,16.1,77.4,18.0,0.000,0.181,0.00,0.000,6.7,9.5,1.0,203,9,6.8,9.9,1.1,207,8,6.8,9.9,1.1,207,8,0,29.66,1.3,0,0,,40.8,45.0,,0.38,0.31,
FAYE,2019-11-08 23:05:00 EST,43.05423,-75.99004,588,24.0,24.8,15.2,76.2,17.5,0.000,0.181,0.00,0.000,7.5,10.2,0.9,201,8,7.7,10.5,1.2,206,7,7.7,10.5,1.2,206,7,0,29.66,1.2,0,0,,40.8,45.0,,0.38,0.31,
FAYE,2019-11-08 23:10:00 EST,43.05423,-75.99004,588,23.9,24.7,15.4,75.3,17.2,0.000,0.181,0.00,0.000,7.4,10.5,0.9,204,7,7.4,10.5,0.9,209,8,7.4,10.5,0.9,209,8,0,29.66,1.2,0,0,,40.8,45.0,,0.38,0.31,
FAYE,2019-11-08 23:15:00 EST,43.05423,-75.99004,588,23.6,24.7,15.5,75.6,17.0,0.000,0.181,0.00,0.000,6.9,8.8,0.8,205,8,6.8,9.0,0.8,211,7,6.8,9.0,0.8,211,7,0,29.66,1.2,0,0,,40.8,45.0,,0.38,0.31,
FAYE,2019-11-08 23:20:00 EST,43.05423,-75.99004,588,23.3,24.7,14.8,75.6,16.7,0.000,0.181,0.00,0.000,7.1,8.7,0.6,200,6,7.2,10.0,0.8,205,6,7.2,10.0,0.8,205,6,0,29.66,1.1,0,0,,40.8,45.0,,0.38,0.31,
FAYE,2019-11-08 23:25:00 EST,43.05423,-75.99004,588,22.2,24.4,13.7,80.0,17.0,0.000,0.181,0.00,0.000,6.5,7.8,0.6,192,5,6.9,8.7,0.7,197,4,6.9,8.7,0.7,197,4,0,29.66,1.1,0,0,,40.8,45.0,,0.38,0.31,
FAYE,2019-11-08 23:30:00 EST,43.05423,-75.99004,588,21.4,24.2,12.4,82.2,16.8,0.000,0.181,0.00,0.000,7.1,8.7,0.6,195,4,7.4,9.0,0.7,200,3,7.4,9.0,0.7,200,3,0,29.66,1.2,0,0,,40.8,45.0,,0.38,0.31,
FAYE,2019-11-08 23:35:00 EST,43.05423,-75.99004,588,20.9,24.1,11.8,84.4,16.9,0.000,0.181,0.00,0.000,7.1,8.0,0.4,195,4,7.4,8.4,0.5,200,3,7.4,8.4,0.5,200,3,0,29.66,1.1,0,0,,40.8,45.0,,0.38,0.31,
FAYE,2019-11-08 23:40:00 EST,43.05423,-75.99004,588,20.4,24.0,10.9,85.9,16.9,0.000,0.181,0.00,0.000,7.6,8.7,0.6,196,4,7.8,9.1,0.6,201,4,7.8,9.1,0.6,201,4,0,29.65,1.1,0,0,,40.7,45.0,,0.38,0.31,
FAYE,2019-11-08 23:45:00 EST,43.05423,-75.99004,588,20.3,23.9,10.7,86.1,16.8,0.000,0.181,0.00,0.000,7.5,9.0,0.6,195,4,7.8,9.2,0.7,199,4,7.8,9.2,0.7,199,4,0,29.65,1.2,0,0,,40.7,45.0,,0.38,0.31,
FAYE,2019-11-08 23:50:00 EST,43.05423,-75.99004,588,20.6,24.0,10.7,86.1,17.1,0.000,0.181,0.00,0.000,7.9,10.1,0.7,192,6,8.4,10.4,0.9,197,4,8.4,10.4,0.9,197,4,0,29.65,1.1,0,0,,40.6,45.0,,0.38,0.31,
FAYE,2019-11-08 23:55:00 EST,43.05423,-75.99004,588,21.0,24.0,11.0,84.3,17.0,0.000,0.181,0.00,0.000,8.2,9.9,0.6,195,4,8.6,11.5,0.8,200,3,8.6,11.5,0.8,200,3,0,29.65,1.1,0,0,,40.7,45.0,,0.38,0.31,
FRED,2019-11-08 00:00:00 EST,42.41817,-79.36660,783,,,,76.8,,,,,,9.4,17.6,2.6,339,17,,,,,,9.4,17.6,2.6,339,17,0,29.32,,0,0,0,45.0,48.6,51.3,0.54,0.48,0.37
FRED,2019-11-08 00:05:00 EST,42.41817,-79.36660,783,,,,75.7,,,,,,8.8,15.4,2.8,341,15,,,,,,8.8,15.4,2.8,341,15,0,29.32,,0,0,0,45.0,48.6,51.3,0.54,0.47,0.38
FRED,2019-11-08 00:10:00 EST,42.41817,-79.36660,783,,,,75.2,,,,,,7.9,13.0,1.9,348,14,,,,,,7.9,13.0,1.9,348,14,0,29.32,,0,0,0,45.0,48.6,51.3,0.54,0.48,0.37
FRED,2019-11-08 00:15:00 EST,42.41817,-79.36660,783,,,,75.0,,,,,,9.7,13.2,2.0,348,17,,,,,,9.7,13.2,2.0,348,17,0,29.32,,0,0,0,45.0,48.6,51.3,0.54,0.47,0.38
FRED,2019-11-08 00:20:00 EST,42.41817,-79.36660,783,,,,74.3,,,,,,6.0,11.1,1.7,344,12,,,,,,6.0,11.1,1.7,344,12,0,29.32,,0,0,0,45.0,48.7,51.3,0.54,0.48,0.38
FRED,2019-11-08 00:25:00 EST,42.41817,-79.36660,783,,,,75.8,,,,,,7.3,15.0,3.1,344,15,,,,,,7.3,15.0,3.1,344,15,0,29.32,,0,0,0,45.0,48.7,51.3,0.54,0.47,0.38
FRED,2019-11-08 00:30:00 EST,42.41817,-79.36660,783,,,,75.3,,,,,,7.1,13.7,2.0,333,15,,,,,,7.1,13.7,2.0,333,15,0,29.32,,0,0,0,45.0,48.7,51.3,0.54,0.47,0.38
FRED,2019-11-08 00:35:00 EST,42.41817,-79.36660,783,,,,74.6,,,,,,9.6,14.4,2.3,332,17,,,,,,9.6,14.4,2.3,332,17,0,29.32,,0,0,0,45.0,48.6,51.3,0.54,0.48,0.38
FRED,2019-11-08 00:40:00 EST,42.41817,-79.36660,783,,,,74.2,,,,,,9.0,14.5,2.5,329,14,,,,,,9.0,14.5,2.5,329,14,0,29.32,,0,0,0,44.9,48.6,51.3,0.54,0.48,0.38
FRED,2019-11-08 00:45:00 EST,42.41817,-79.36660,783,,,,74.8,,,,,,6.5,11.3,1.9,336,17,,,,,,6.5,11.3,1.9,336,17,0,29.32,,0,0,0,44.9,48.6,51.3,0.54,0.47,0.38
FRED,2019-11-08 00:50:00 EST,42.41817,-79.36660,783,,,,75.7,,,,,,8.2,13.5,2.5,333,15,,,,,,8.2,13.5,2.5,333,15,0,29.32,,0,0,0,44.9,48.6,51.3,0.54,0.48,0.38
FRED,2019-11-08 00:55:00 EST,42.41817,-79.36660,783,,,,76.3,,,,,,10.0,15.3,2.5,329,16,,,,,,10.0,15.3,2.5,329,16,0,29.32,,0,0,0,44.9,48.6,51.3,0.54,0.47,0.38
FRED,2019-11-08 01:00:00 EST,42.41817,-79.36660,783,,,,77.4,,,,,,8.4,15.6,2.4,328,18,,,,,,8.4,15.6,2.4,328,18,0,29.32,,0,0,0,44.9,48.6,51.3,0.54,0.48,0.38
FRED,2019-11-08 01:05:00 EST,42.41817,-79.36660,783,,,,76.5,,,,,,8.4,12.9,2.3,314,14,,,,,,8.4,12.9,2.3,314,14,0,29.32,,0,0,0,44.8,48.6,51.3,0.54,0.47,0.38
FRED,2019-11-08 01:10:00 EST,42.41817,-79.36660,783,,,,74.1,,,,,,11.9,17.6,2.6,325,15,,,,,,11.9,17.6,2.6,325,15,0,29.32,,0,0,0,44.8,48.6,51.3,0.54,0.47,0.37
FRED,2019-11-08 01:15:00 EST,42.41817,-79.36660,783,,,,76.3,,,,,,9.9,15.2,2.8,326,16,,,,,,9.9,15.2,2.8,326,16,0,29.33,,0,0,0,44.8,48.6,51.3,0.54,0.47,0.38
FRED,2019-11-08 01:20:00 EST,42.41817,-79.36660,783,,,,78.4,,,,,,7.9,13.1,2.0,340,19,,,,,,7.9,13.1,2.0,340,19,0,29.33,,0,0,0,44.8,48.6,51.3,0.54,0.47,0.38
FRED,2019-11-08 01:25:00 EST,42.41817,-79.36660,783,,,,76.8,,,,,,7.1,11.1,1.8,344,16,,,,,,7.1,11.1,1.8,344,16,0,29.33,,0,0,0,44.9,48.6,51.3,0.54,0.47,0.38
FRED,2019-11-08 01:30:00 EST,42.41817,-79.36660,783,,,,76.6,,,,,,8.4,15.6,2.4,351,14,,,,,,8.4,15.6,2.4,351,14,0,29.33,,0,0,0,44.8,48.6,51.3,0.54,0.48,0.38
FRED,2019-11-08 01:35:00 EST,42.41817,-79.36660,783,,,,77.0,,,,,,6.8,10.1,1.5,348,17,,,,,,6.8,10.1,1.5,348,17,0,29.33,,0,0,0,44.8,48.6,51.3,0.54,0.48,0.38
FRED,2019-11-08 01:40:00 EST,42.41817,-79.36660,783,,,,75.1,,,,,,7.6,11.6,1.7,337,16,,,,,,7.6,11.6,1.7,337,16,0,29.33,,0,0,0,44.8,48.6,51.3,0.54,0.48,0.37
FRED,2019-11-08 01:45:00 EST,42.41817,-79.36660,783,,,,75.6,,,,,,5.6,9.3,1.3,334,13,,,,,,5.6,9.3,1.3,334,13,0,29.33,,0,0,0,44.8,48.6,51.3,0.54,0.47,0.38
FRED,2019-11-08 01:50:00 EST,42.41817,-79.36660,783,,,,70.6,,,,,,9.6,15.1,2.2,329,15,,,,,,9.6,15.1,2.2,329,15,0,29.33,,0,0,0,44.7,48.6,51.3,0.54,0.47,0.38
FRED,2019-11-08 01:55:00 EST,42.41817,-79.36660,783,,,,67.0,,,,,,8.1,13.2,2.5,338,19,,,,,,8.1,13.2,2.5,338,19,0,29.33,,0,0,0,44.8,48.6,51.3,0.54,0.47,0.37
FRED,2019-11-08 02:00:00 EST,42.41817,-79.36660,783,,,,67.9,,,,,,6.4,9.4,1.4,337,17,,,,,,6.4,9.4,1.4,337,17,0,29.33,,0,0,0,44.7,48.6,51.3,0.54,0.47,0.38
FRED,2019-11-08 02:05:00 EST,42.41817,-79.36660,783,,,,69.8,,,,,,6.7,11.1,2.2,341,16,,,,,,6.7,11.1,2.2,341,16,0,29.33,,0,0,0,44.7,48.6,51.3,0.54,0.47,0.38
FRED,2019-11-08 02:10:00 EST,42.41817,-79.36660,783,,,,70.6,,,,,,8.2,13.1,2.1,341,13,,,,,,8.2,13.1,2.1,341,13,0,29.33,,0,0,0,44.8,48.6,51.3,0.54,0.48,0.38
FRED,2019-11-08 02:15:00 EST,42.41817,-79.36660,783,,,,71.1,,,,,,6.1,9.9,1.6,336,22,,,,,,6.1,9.9,1.6,336,22,0,29.33,,0,0,0,44.7,48.6,51.3,0.54,0.48,0.38
FRED,2019-11-08 02:20:00 EST,42.41817,-79.36660,783,,,,69.2,,,,,,7.7,14.9,2.2,336,22,,,,,,7.7,14.9,2.2,336,22,0,29.33,,0,0,0,44.7,48.6,51.3,0.54,0.47,0.38
FRED,2019-11-08 02:25:00 EST,42.41817,-79.36660,783,,,,68.6,,,,,,8.6,12.9,1.8,340,13,,,,,,8.6,12.9,1.8,340,13,0,29.33,,0,0,0,44.7,48.6,51.3,0.54,0.47,0.38
FRED,2019-11-08 02:30:00 EST,42.41817,-79.36660,783,,,,68.8,,,,,,8.5,15.9,2.2,335,15,,,,,,8.5,15.9,2.2,335,15,0,29.33,,0,0,0,44.7,48.6,51.3,0.54,0.47,0.38
FRED,2019-11-08 02:35:00 EST,42.41817,-79.36660,783,,,,64.0,,,,,,11.3,16.8,2.8,340,12,,,,,,11.3,16.8,2.8,340,12,0,29.33,,0,0,0,44.7,48.6,51.3,0.54,0.47,0.38
FRED,2019-11-08 02:40:00 EST,42.41817,-79.36660,783,,,,64.2,,,,,,10.9,20.8,3.5,340,13,,,,,,10.9,20.8,3.5,340,13,0,29.33,,0,0,0,44.7,48.6,51.2,0.54,0.47,0.38
FRED,2019-11-08 02:45:00 EST,42.41817,-79.36660,783,,,,65.1,,,,,,9.2,14.2,2.5,344,17,,,,,,9.2,14.2,2.5,344,17,0,29.33,,0,0,0,44.7,48.6,51.3,0.54,0.47,0.37
FRED,2019-11-08 02:50:00 EST,42.41817,-79.36660,783,,,,64.4,,,,,,9.3,15.5,2.2,343,16,,,,,,9.3,15.5,2.2,343,16,0,29.34,,0,0,0,44.7,48.6,51.2,0.54,0.48,0.37
FRED,2019-11-08 02:55:00 EST,42.41817,-79.36660,783,,,,64.7,,,,,,7.8,11.5,1.8,338,17,,,,,,7.8,11.5,1.8,338,17,0,29.34,,0,0,0,44.7,48.6,51.3,0.54,0.48,0.38
FRED,2019-11-08 03:00:00 EST,42.41817,-79.36660,783,,,,64.1,,,,,,8.4,12.9,1.9,333,15,,,,,,8.4,12.9,1.9,333,15,0,29.34,,0,0,0,44.6,48.6,51.2,0.54,0.48,0.38
FRED,2019-11-08 03:05:00 EST,42.41817,-79.36660,783,,,,63.1,,,,,,7.2,10.4,1.3,334,18,,,,,,7.2,10.4,1.3,334,18,0,29.34,,0,0,0,44.7,48.6,51.3,0.54,0.47,0.38
FRED,2019-11-08 03:10:00 EST,42.41817,-79.36660,783,,,,64.1,,,,,,5.9,10.2,1.8,331,15,,,,,,5.9,10.2,1.8,331,15,0,29.34,,0,0,0,44.6,48.6,51.3,0.54,0.47,0.38
FRED,2019-11-08 03:15:00 EST,42.41817,-79.36660,783,,,,63.7,,,,,,6.9,10.9,1.6,337,15,,,,,,6.9,10.9,1.6,337,15,0,29.34,,0,0,0,44.6,48.6,51.3,0.54,0.48,0.38
FRED,2019-11-08 03:20:00 EST,42.41817,-79.36660,783,,,,63.0,,,,,,7.3,12.1,2.0,346,19,,,,,,7.3,12.1,2.0,346,19,0,29.34,,0,0,0,44.6,48.6,51.2,0.54,0.47,0.37
FRED,2019-11-08 03:25:00 EST,42.41817,-79.36660,783,,,,62.9,,,,,,7.4,12.8,2.0,344,17,,,,,,7.4,12.8,2.0,344,17,0,29.34,,0,0,0,44.6,48.6,51.2,0.54,0.47,0.38
FRED,2019-11-08 03:30:00 EST,42.41817,-79.36660,783,,,,60.3,,,,,,9.2,14.4,1.9,341,14,,,,,,9.2,14.4,1.9,341,14,0,29.34,,0,0,0,44.6,48.6,51.3,0.54,0.47,0.38
FRED,2019-11-08 03:35:00 EST,42.41817,-79.36660,783,,,,60.5,,,,,,7.8,11.0,1.3,344,14,,,,,,7.8,11.0,1.3,344,14,0,29.34,,0,0,0,44.6,48.6,51.2,0.54,0.47,0.38
FRED,2019-11-08 03:40:00 EST,42.41817,-79.36660,783,,,,61.1,,,,,,9.1,14.3,1.9,343,17,,,,,,9.1,14.3,1.9,343,17,0,29.34,,0,0,0,44.6,48.5,51.2,0.54,0.47,0.38
FRED,2019-11-08 03:45:00 EST,42.41817,-79.36660,783,,,,62.4,,,,,,9.7,18.3,3.1,347,14,,,,,,9.7,18.3,3.1,347,14,0,29.34,,0,0,0,44.6,48.5,51.3,0.54,0.47,0.38
FRED,2019-11-08 03:50:00 EST,42.41817,-79.36660,783,,,,62.6,,,,,,9.4,15.5,3.0,340,18,,,,,,9.4,15.5,3.0,340,18,0,29.34,,0,0,0,44.6,48.6,51.3,0.54,0.47,0.38
FRED,2019-11-08 03:55:00 EST,42.41817,-79.36660,783,,,,63.5,,,,,,10.1,16.1,2.6,355,13,,,,,,10.1,16.1,2.6,355,13,0,29.34,,0,0,0,44.6,48.5,51.2,0.54,0.47,0.38
FRED,2019-11-08 04:00:00 EST,42.41817,-79.36660,783,,,,63.4,,,,,,9.0,14.3,2.2,345,16,,,,,,9.0,14.3,2.2,345,16,0,29.35,,0,0,0,44.6,48.5,51.3,0.54,0.47,0.38
FRED,2019-11-08 04:05:00 EST,42.41817,-79.36660,783,,,,63.9,,,,,,9.3,15.1,2.2,358,14,,,,,,9.3,15.1,2.2,358,14,0,29.35,,0,0,0,44.6,48.4,51.2,0.54,0.48,0.38
FRED,2019-11-08 04:10:00 EST,42.41817,-79.36660,783,,,,64.4,,,,,,10.0,15.1,2.2,359,19,,,,,,10.0,15.1,2.2,359,19,0,29.35,,0,0,0,44.5,48.5,51.2,0.54,0.48,0.38
FRED,2019-11-08 04:15:00 EST,42.41817,-79.36660,783,,,,63.8,,,,,,13.1,18.3,2.3,351,19,,,,,,13.1,18.3,2.3,351,19,0,29.35,,0,0,0,44.5,48.5,51.2,0.54,0.47,0.38
FRED,2019-11-08 04:20:00 EST,42.41817,-79.36660,783,,,,65.9,,,,,,10.0,15.2,2.1,354,19,,,,,,10.0,15.2,2.1,354,19,0,29.35,,0,0,0,44.5,48.4,51.2,0.54,0.47,0.38
FRED,2019-11-08 04:25:00 EST,42.41817,-79.36660,783,,,,69.4,,,,,,9.9,15.9,2.3,5,16,,,,,,9.9,15.9,2.3,5,16,0,29.35,,0,0,0,44.4,48.4,51.2,0.54,0.48,0.38
FRED,2019-11-08 04:30:00 EST,42.41817,-79.36660,783,,,,70.4,,,,,,9.0,14.1,2.1,354,23,,,,,,9.0,14.1,2.1,354,23,0,29.35,,0,0,0,44.4,48.4,51.2,0.54,0.47,0.37
FRED,2019-11-08 04:35:00 EST,42.41817,-79.36660,783,,,,69.9,,,,,,8.0,14.1,2.5,359,22,,,,,,8.0,14.1,2.5,359,22,0,29.35,,0,0,0,44.5,48.5,51.2,0.54,0.47,0.38
FRED,2019-11-08 04:40:00 EST,42.41817,-79.36660,783,,,,69.7,,,,,,9.2,16.4,2.5,355,19,,,,,,9.2,16.4,2.5,355,19,0,29.36,,0,0,0,44.5,48.4,51.2,0.54,0.47,0.38
FRED,2019-11-08 04:45:00 EST,42.41817,-79.36660,783,,,,69.4,,,,,,10.1,14.2,2.1,356,22,,,,,,10.1,14.2,2.1,356,22,0,29.36,,0,0,0,44.5,48.4,51.2,0.54,0.47,0.38
FRED,2019-11-08 04:50:00 EST,42.41817,-79.36660,783,,,,70.5,,,,,,9.3,20.5,3.2,350,20,,,,,,9.3,20.5,3.2,350,20,0,29.36,,0,0,0,44.5,48.4,51.2,0.54,0.48,0.38
FRED,2019-11-08 04:55:00 EST,42.41817,-79.36660,783,,,,71.8,,,,,,10.9,16.2,2.9,350,18,,,,,,10.9,16.2,2.9,350,18,0,29.36,,0,0,0,44.4,48.4,51.2,0.54,0.47,0.38
FRED,2019-11-08 05:00:00 EST,42.41817,-79.36660,783,,,,73.3,,,,,,11.0,15.6,2.2,352,18,,,,,,11.0,15.6,2.2,352,18,0,29.36,,0,0,0,44.4,48.4,51.1,0.54,0.47,0.38
FRED,2019-11-08 05:05:00 EST,42.41817,-79.36660,783,,,,73.5,,,,,,10.1,18.0,3.4,351,22,,,,,,10.1,18.0,3.4,351,22,0,29.37,,0,0,0,44.4,48.4,51.2,0.54,0.47,0.38
FRED,2019-11-08 05:10:00 EST,42.41817,-79.36660,783,,,,72.5,,,,,,10.5,15.9,2.6,358,16,,,,,,10.5,15.9,2.6,358,16,0,29.37,,0,0,0,44.5,48.4,51.2,0.54,0.47,0.38
FRED,2019-11-08 05:15:00 EST,42.41817,-79.36660,783,,,,72.5,,,,,,10.9,18.6,3.2,357,13,,,,,,10.9,18.6,3.2,357,13,0,29.37,,0,0,0,44.4,48.4,51.2,0.54,0.47,0.38
FRED,2019-11-08 05:20:00 EST,42.41817,-79.36660,783,,,,72.8,,,,,,9.0,14.8,3.0,360,15,,,,,,9.0,14.8,3.0,360,15,0,29.37,,0,0,0,44.4,48.4,51.2,0.54,0.47,0.38
FRED,2019-11-08 05:25:00 EST,42.41817,-79.36660,783,,,,72.1,,,,,,9.8,16.7,2.6,360,26,,,,,,9.8,16.7,2.6,360,26,0,29.37,,0,0,0,44.4,48.4,51.2,0.54,0.47,0.38
FRED,2019-11-08 05:30:00 EST,42.41817,-79.36660,783,,,,72.2,,,,,,7.7,12.3,2.1,345,13,,,,,,7.7,12.3,2.1,345,13,0,29.38,,0,0,0,44.4,48.4,51.1,0.54,0.47,0.38
FRED,2019-11-08 05:35:00 EST,42.41817,-79.36660,783,,,,73.0,,,,,,6.6,13.7,2.4,348,13,,,,,,6.6,13.7,2.4,348,13,0,29.38,,0,0,0,44.4,48.5,51.2,0.54,0.47,0.38
FRED,2019-11-08 05:40:00 EST,42.41817,-79.36660,783,,,,73.7,,,,,,7.5,13.2,2.8,352,18,,,,,,7.5,13.2,2.8,352,18,0,29.38,,0,0,0,44.4,48.4,51.2,0.54,0.47,0.38
FRED,2019-11-08 05:45:00 EST,42.41817,-79.36660,783,,,,72.6,,,,,,9.6,14.2,1.9,356,13,,,,,,9.6,14.2,1.9,356,13,0,29.38,,0,0,0,44.4,48.4,51.2,0.54,0.47,0.38
FRED,2019-11-08 05:50:00 EST,42.41817,-79.36660,783,,,,73.0,,,,,,6.7,9.4,1.5,343,23,,,,,,6.7,9.4,1.5,343,23,0,29.38,,0,0,0,44.4,48.4,51.2,0.54,0.48,0.38
FRED,2019-11-08 05:55:00 EST,42.41817,-79.36660,783,,,,73.0,,,,,,8.4,12.6,1.4,359,14,,,,,,8.4,12.6,1.4,359,14,0,29.39,,0,0,0,44.4,48.4,51.2,0.54,0.47,0.38
FRED,2019-11-08 06:00:00 EST,42.41817,-79.36660,783,,,,74.5,,,,,,8.6,12.7,2.3,1,15,,,,,,8.6,12.7,2.3,1,15,0,29.39,,0,0,0,44.3,48.4,51.2,0.54,0.47,0.38
FRED,2019-11-08 06:05:00 EST,42.41817,-79.36660,783,,,,74.3,,,,,,8.4,12.3,2.0,350,15,,,,,,8.4,12.3,2.0,350,15,0,29.39,,0,0,0,44.4,48.4,51.2,0.54,0.47,0.38
FRED,2019-11-08 06:10:00 EST,42.41817,-79.36660,783,,,,73.5,,,,,,6.9,12.5,1.5,355,19,,,,,,6.9,12.5,1.5,355,19,0,29.39,,0,0,0,44.3,48.4,51.2,0.54,0.47,0.38
FRED,2019-11-08 06:15:00 EST,42.41817,-79.36660,783,,,,74.2,,,,,,6.8,11.6,2.2,350,14,,,,,,6.8,11.6,2.2,350,14,0,29.39,,0,0,0,44.3,48.4,51.1,0.54,0.47,0.38
FRED,2019-11-08 06:20:00 EST,42.41817,-79.36660,783,,,,73.2,,,,,,7.7,11.9,1.8,345,16,,,,,,7.7,11.9,1.8,345,16,0,29.40,,0,0,0,44.1,48.4,51.2,0.54,0.47,0.38
FRED,2019-11-08 06:25:00 EST,42.41817,-79.36660,783,,,,72.9,,,,,,6.3,10.2,1.5,347,15,,,,,,6.3,10.2,1.5,347,15,0,29.40,,0,0,0,44.1,48.4,51.1,0.54,0.48,0.38
FRED,2019-11-08 06:30:00 EST,42.41817,-79.36660,783,,,,72.9,,,,,,6.8,12.1,2.0,344,20,,,,,,6.8,12.1,2.0,344,20,0,29.40,,0,0,0,44.1,48.4,51.1,0.54,0.47,0.38
FRED,2019-11-08 06:35:00 EST,42.41817,-79.36660,783,,,,72.3,,,,,,7.5,13.3,2.3,344,16,,,,,,7.5,13.3,2.3,344,16,0,29.40,,0,0,0,44.1,48.4,51.1,0.54,0.47,0.38
FRED,2019-11-08 06:40:00 EST,42.41817,-79.36660,783,,,,73.8,,,,,,8.5,14.5,2.0,348,19,,,,,,8.5,14.5,2.0,348,19,0,29.40,,0,0,0,44.1,48.4,51.1,0.54,0.47,0.38
FRED,2019-11-08 06:45:00 EST,42.41817,-79.36660,783,,,,74.9,,,,,,7.9,12.9,2.2,355,14,,,,,,7.9,12.9,2.2,355,14,0,29.41,,0,0,0,44.1,48.4,51.1,0.54,0.47,0.38
FRED,2019-11-08 06:50:00 EST,42.41817,-79.36660,783,,,,75.2,,,,,,9.5,14.8,2.7,358,15,,,,,,9.5,14.8,2.7,358,15,0,29.41,,0,0,0,44.1,48.4,51.2,0.54,0.48,0.38
FRED,2019-11-08 06:55:00 EST,42.41817,-79.36660,783,,,,75.2,,,,,,8.5,13.5,1.8,359,19,,,,,,8.5,13.5,1.8,359,19,1,29.41,,0,0,0,44.1,48.4,51.2,0.54,0.48,0.38
FRED,2019-11-08 07:00:00 EST,42.41817,-79.36660,783,,,,74.0,,,,,,8.7,14.4,2.3,358,19,,,,,,8.7,14.4,2.3,358,19,2,29.41,,0,0,0,44.1,48.4,51.1,0.54,0.47,0.38
FRED,2019-11-08 07:05:00 EST,42.41817,-79.36660,783,,,,74.1,,,,,,7.2,13.0,2.4,359,15,,,,,,7.2,13.0,2.4,359,15,3,29.41,,0,0,0,44.1,48.4,51.2,0.54,0.47,0.38
FRED,2019-11-08 07:10:00 EST,42.41817,-79.36660,783,,,,72.6,,,,,,8.6,14.8,2.4,357,17,,,,,,8.6,14.8,2.4,357,17,5,29.41,,0,0,0,44.1,48.4,51.1,0.54,0.48,0.38
FRED,2019-11-08 07:15:00 EST,42.41817,-79.36660,783,,,,72.1,,,,,,7.9,13.1,2.1,356,11,,,,,,7.9,13.1,2.1,356,11,8,29.42,,0,0,0,44.0,48.4,51.1,0.54,0.47,0.38
FRED,2019-11-08 07:20:00 EST,42.41817,-79.36660,783,28.6,29.2,21.2,73.3,21.2,,,,,6.2,9.4,1.3,356,16,7.3,10.1,1.5,0,10,7.3,10.1,1.5,0,10,12,29.42,,0,0,0,43.9,48.3,51.2,0.54,0.47,0.38
FRED,2019-11-08 07:25:00 EST,42.41817,-79.36660,783,28.8,29.3,22.1,72.5,21.0,,,0.00,,6.7,9.2,1.1,352,16,6.4,8.9,1.2,355,9,6.4,8.9,1.2,355,9,15,29.42,,0,0,0,44.0,48.3,51.2,0.54,0.48,0.38
FRED,2019-11-08 07:30:00 EST,42.41817,-79.36660,783,28.8,29.3,22.9,72.4,21.0,,,0.00,,5.1,7.6,1.2,354,20,5.4,9.0,1.4,357,14,5.4,9.0,1.4,357,14,17,29.42,,0,0,0,44.0,48.3,51.2,0.54,0.47,0.38
FRED,2019-11-08 07:35:00 EST,42.41817,-79.36660,783,28.8,29.3,23.4,72.2,21.0,,,0.00,,5.0,8.5,1.3,335,12,5.0,9.0,1.4,338,12,5.0,9.0,1.4,338,12,24,29.42,,0,0,0,44.0,48.3,51.2,0.54,0.48,0.38
FRED,2019-11-08 07:40:00 EST,42.41817,-79.36660,783,28.9,29.3,23.7,73.1,21.4,,,0.00,,4.9,8.5,1.1,325,12,4.8,8.0,1.1,331,12,4.8,8.0,1.1,331,12,23,29.43,,0,0,0,44.0,48.3,51.1,0.54,0.47,0.38
FRED,2019-11-08 07:45:00 EST,42.41817,-79.36660,783,29.0,29.5,25.1,74.2,21.9,,,,,4.2,7.1,1.1,332,18,3.6,6.1,1.0,345,14,3.6,6.1,1.0,345,14,21,29.43,,0,0,0,43.9,48.3,51.2,0.54,0.48,0.38
FRED,2019-11-08 07:50:00 EST,42.41817,-79.36660,783,29.1,29.6,23.1,73.8,21.8,,,0.00,,5.6,10.5,2.0,349,13,5.7,11.4,1.9,352,12,5.7,11.4,1.9,352,12,20,29.43,,0,0,0,43.9,48.3,51.2,0.54,0.47,0.38
FRED,2019-11-08 07:55:00 EST,42.41817,-79.36660,783,29.2,29.6,24.1,74.3,22.0,,,0.00,,4.6,8.6,1.7,343,23,4.6,8.6,1.7,348,12,4.6,8.6,1.7,348,12,31,29.43,,0,0,0,44.0,48.3,51.1,0.54,0.48,0.38
FRED,2019-11-08 08:00:00 EST,42.41817,-79.36660,783,29.3,29.8,23.3,72.7,21.6,,,,,5.5,8.6,1.2,355,15,5.7,8.5,1.3,359,8,5.7,8.5,1.3,359,8,33,29.44,,0,0,0,43.8,48.3,51.2,0.54,0.47,0.38
FRED,2019-11-08 08:05:00 EST,42.41817,-79.36660,783,29.4,29.8,22.9,71.1,21.2,,,0.00,,5.9,10.5,1.5,342,17,6.2,10.5,1.5,345,18,6.2,10.5,1.5,345,18,45,29.44,,0,0,0,43.9,48.2,51.1,0.54,0.48,0.38
FRED,2019-11-08 08:10:00 EST,42.41817,-79.36660,783,29.4,29.8,23.2,71.3,21.2,,,0.00,,5.8,10.2,1.7,353,17,5.9,10.2,1.6,355,10,5.9,10.2,1.6,355,10,57,29.44,,0,0,0,43.8,48.2,51.2,0.54,0.47,0.38
FRED,2019-11-08 08:15:00 EST,42.41817,-79.36660,783,29.5,29.8,23.2,70.9,21.2,,,0.00,,6.3,10.3,1.6,356,15,6.1,9.9,1.6,359,13,6.1,9.9,1.6,359,13,87,29.44,,0,0,0,43.9,48.3,51.1,0.54,0.47,0.38
FRED,2019-11-08 08:20:00 EST,42.41817,-79.36660,783,29.7,30.0,24.5,70.7,21.4,,,0.00,,4.8,7.5,1.1,343,21,4.9,7.5,1.2,347,18,4.9,7.5,1.2,347,18,93,29.44,,0,0,0,43.8,48.2,51.1,0.54,0.47,0.38
FRED,2019-11-08 08:25:00 EST,42.41817,-79.36660,783,29.9,30.1,23.8,69.9,21.3,,,0.00,,5.8,9.4,1.5,347,19,5.9,9.4,1.6,352,16,5.9,9.4,1.6,352,16,71,29.44,,0,0,0,43.8,48.2,51.1,0.54,0.47,0.38
FRED,2019-11-08 08:30:00 EST,42.41817,-79.36660,783,29.9,30.2,24.5,69.2,21.0,,,0.00,,5.0,8.3,1.4,341,20,5.1,9.2,1.5,345,16,5.1,9.2,1.5,345,16,59,29.44,,0,0,0,43.8,48.2,51.2,0.54,0.47,0.38
FRED,2019-11-08 08:35:00 EST,42.41817,-79.36660,783,29.8,30.2,23.9,68.6,20.8,,,0.00,,5.7,10.0,1.5,332,13,5.7,9.6,1.5,338,12,5.7,9.6,1.5,338,12,74,29.44,,0,0,0,43.8,48.2,51.1,0.54,0.48,0.38
FRED,2019-11-08 08:40:00 EST,42.41817,-79.36660,783,30.0,30.3,24.6,70.3,21.5,,,0.00,,5.2,9.1,1.6,341,16,5.2,9.8,1.5,347,13,5.2,9.8,1.5,347,13,101,29.44,,0,0,0,43.8,48.2,51.2,0.54,0.47,0.38
FRED,2019-11-08 08:45:00 EST,42.41817,-79.36660,783,30.0,30.3,22.9,69.0,21.1,,,0.00,,7.2,10.0,1.2,354,13,7.3,10.8,1.2,357,10,7.3,10.8,1.2,357,10,91,29.44,,0,0,0,43.8,48.3,51.1,0.54,0.48,0.38
FRED,2019-11-08 08:50:00 EST,42.41817,-79.36660,783,30.0,30.3,23.0,69.5,21.2,,,0.00,,7.2,11.3,1.7,356,13,7.1,11.5,1.8,359,11,7.1,11.5,1.8,359,11,89,29.44,,0,0,0,43.8,48.2,51.1,0.54,0.48,0.38
FRED,2019-11-08 08:55:00 EST,42.41817,-79.36660,783,30.1,30.3,23.0,70.4,21.6,,,0.00,,7.2,12.1,1.9,352,20,7.2,12.4,1.9,357,13,7.2,12.4,1.9,357,13,102,29.45,,0,0,0,43.8,48.2,51.2,0.54,0.47,0.38
FRED,2019-11-08 09:00:00 EST,42.41817,-79.36660,783,30.2,30.4,22.9,69.9,21.5,,,0.00,,7.5,14.8,3.1,344,19,7.5,13.9,2.9,350,13,7.5,13.9,2.9,350,13,95,29.45,,0,0,0,43.7,48.2,51.1,0.54,0.47,0.38
FRED,2019-11-08 09:05:00 EST,42.41817,-79.36660,783,30.2,30.4,23.8,68.0,20.9,,,0.00,,6.1,11.0,2.5,345,17,6.2,10.9,2.3,350,11,6.2,10.9,2.3,350,11,97,29.45,,0,0,0,43.8,48.2,51.1,0.54,0.48,0.38
FRED,2019-11-08 09:10:00 EST,42.41817,-79.36660,783,30.3,30.5,23.6,70.4,21.8,,,0.00,,6.6,11.5,1.6,340,18,6.8,11.3,1.6,345,16,6.8,11.3,1.6,345,16,77,29.45,,0,0,0,43.8,48.2,51.1,0.54,0.47,0.38
FRED,2019-11-08 09:15:00 EST,42.41817,-79.36660,783,30.2,30.5,23.3,69.6,21.5,,,0.00,,7.2,10.7,2.1,354,19,7.1,10.1,2.0,357,14,7.1,10.1,2.0,357,14,85,29.45,,0,0,0,43.8,48.2,51.2,0.54,0.47,0.38
FRED,2019-11-08 09:20:00 EST,42.41817,-79.36660,783,30.1,30.4,22.6,70.3,21.6,,,0.00,,8.3,12.1,1.7,1,14,7.9,12.1,1.7,3,9,7.9,12.1,1.7,3,9,64,29.45,,0,0,0,43.8,48.2,51.2,0.54,0.48,0.38
FRED,2019-11-08 09:25:00 EST,42.41817,-79.36660,783,30.1,30.3,22.2,70.5,21.6,,,0.00,,8.5,12.9,1.9,354,16,8.4,12.3,1.9,358,10,8.4,12.3,1.9,358,10,64,29.45,,0,0,0,43.8,48.2,51.1,0.54,0.48,0.38
FRED,2019-11-08 09:30:00 EST,42.41817,-79.36660,783,30.0,30.3,22.4,70.0,21.5,,,0.00,,8.0,11.9,2.0,356,15,8.1,12.6,2.2,359,10,8.1,12.6,2.2,359,10,82,29.45,,0,0,0,43.8,48.2,51.1,0.54,0.47,0.38
FRED,2019-11-08 09:35:00 EST,42.41817,-79.36660,783,30.0,30.2,21.5,69.2,21.1,,,0.00,,9.8,14.5,1.9,5,11,9.5,14.8,2.0,7,10,9.5,14.8,2.0,7,10,108,29.45,,0,0,0,43.8,48.2,51.1,0.54,0.48,0.38
FRED,2019-11-08 09:40:00 EST,42.41817,-79.36660,783,30.1,30.3,23.0,70.1,21.5,,,0.00,,7.5,11.8,2.4,0,23,7.3,12.3,2.3,3,15,7.3,12.3,2.3,3,15,113,29.46,,0,0,0,43.9,48.2,51.1,0.54,0.48,0.38
FRED,2019-11-08 09:45:00 EST,42.41817,-79.36660,783,30.0,30.1,21.4,69.2,21.1,,,0.00,,9.6,15.4,2.2,4,12,9.6,14.8,2.2,7,11,9.6,14.8,2.2,7,11,117,29.46,,0,0,0,43.8,48.2,51.2,0.54,0.48,0.38
FRED,2019-11-08 09:50:00 EST,42.41817,-79.36660,783,29.8,29.9,21.3,69.0,20.9,,,0.00,,9.6,14.5,2.6,17,16,9.4,13.8,2.3,19,15,9.4,13.8,2.3,19,15,230,29.46,,0,0,0,43.8,48.2,51.1,0.54,0.48,0.38
FRED,2019-11-08 09:55:00 EST,42.41817,-79.36660,783,30.4,30.3,23.7,68.9,21.4,,,0.00,,6.9,11.0,2.2,1,15,6.7,11.0,2.2,4,14,6.7,11.0,2.2,4,14,290,29.46,,0,0,0,43.7,48.2,51.1,0.54,0.47,0.38
FRED,2019-11-08 10:00:00 EST,42.41817,-79.36660,783,30.6,30.4,22.2,67.7,21.2,,,0.00,,9.7,14.8,2.7,356,15,9.5,15.6,2.6,360,12,9.5,15.6,2.6,360,12,265,29.46,,0,0,0,43.9,48.2,51.2,0.54,0.47,0.38
FRED,2019-11-08 10:05:00 EST,42.41817,-79.36660,783,30.2,30.2,21.6,67.1,20.6,,,0.00,,10.2,15.3,2.4,358,20,9.8,15.3,2.3,1,12,9.8,15.3,2.3,1,12,201,29.46,,0,0,0,43.7,48.2,51.1,0.54,0.47,0.38
FRED,2019-11-08 10:10:00 EST,42.41817,-79.36660,783,30.3,30.3,22.4,68.1,21.1,,,0.00,,9.0,12.5,1.7,9,16,8.6,11.6,1.4,12,15,8.6,11.6,1.4,12,15,262,29.46,,0,0,0,43.8,48.2,51.1,0.54,0.47,0.38
FRED,2019-11-08 10:15:00 EST,42.41817,-79.36660,783,30.4,30.4,22.6,66.8,20.7,,,0.00,,8.7,13.7,1.9,4,13,8.5,14.1,1.9,6,12,8.5,14.1,1.9,6,12,231,29.46,,0,0,0,43.8,48.1,51.1,0.54,0.47,0.38
FRED,2019-11-08 10:20:00 EST,42.41817,-79.36660,783,30.5,30.4,23.0,67.0,20.9,,,0.00,,8.3,12.4,1.7,359,13,8.2,12.5,1.6,2,10,8.2,12.5,1.6,2,10,262,29.46,,0,0,0,43.8,48.2,51.1,0.54,0.47,0.38
FRED,2019-11-08 10:25:00 EST,42.41817,-79.36660,783,30.4,30.3,23.8,67.1,20.8,,,0.00,,6.5,11.5,1.8,347,16,6.7,11.0,1.7,352,12,6.7,11.0,1.7,352,12,164,29.47,,0,0,0,43.8,48.1,51.1,0.54,0.48,0.38
FRED,2019-11-08 10:30:00 EST,42.41817,-79.36660,783,30.3,30.3,22.7,67.2,20.7,,,0.00,,8.3,12.6,2.0,353,18,8.0,12.6,2.1,357,16,8.0,12.6,2.1,357,16,205,29.47,,0,0,0,43.7,48.1,51.2,0.54,0.47,0.38
FRED,2019-11-08 10:35:00 EST,42.41817,-79.36660,783,30.5,30.4,23.2,68.1,21.2,,,0.00,,8.0,12.5,1.9,10,16,7.8,12.0,1.8,12,10,7.8,12.0,1.8,12,10,373,29.47,,0,0,0,43.8,48.0,51.1,0.54,0.48,0.38
FRED,2019-11-08 10:40:00 EST,42.41817,-79.36660,783,30.7,30.3,22.2,66.9,21.0,,,0.00,,10.1,16.0,2.3,6,10,9.8,16.1,2.2,8,9,9.8,16.1,2.2,8,9,296,29.47,,0,0,0,43.9,48.1,51.2,0.54,0.48,0.38
FRED,2019-11-08 10:45:00 EST,42.41817,-79.36660,783,30.2,30.0,22.3,67.3,20.7,,,0.00,,8.9,11.0,1.0,359,13,8.6,11.3,1.1,2,10,8.6,11.3,1.1,2,10,240,29.47,,0,0,0,43.7,48.1,51.1,0.54,0.47,0.38
FRED,2019-11-08 10:50:00 EST,42.41817,-79.36660,783,30.4,30.2,23.1,66.4,20.6,,,0.00,,7.9,13.7,2.7,8,14,7.7,13.1,2.5,11,12,7.7,13.1,2.5,11,12,299,29.47,,0,0,0,43.8,48.0,51.1,0.54,0.47,0.38
FRED,2019-11-08 10:55:00 EST,42.41817,-79.36660,783,30.3,30.2,22.2,67.7,20.9,,,0.00,,9.4,15.7,2.6,7,11,9.1,15.4,2.5,9,9,9.1,15.4,2.5,9,9,210,29.47,,0,0,0,43.8,48.1,51.1,0.54,0.47,0.38
FRED,2019-11-08 11:00:00 EST,42.41817,-79.36660,783,30.5,30.2,23.0,66.5,20.7,,,0.00,,8.2,14.4,2.1,12,14,8.1,13.2,1.9,14,12,8.1,13.2,1.9,14,12,361,29.47,,0,0,0,43.8,48.1,51.2,0.54,0.47,0.37
FRED,2019-11-08 11:05:00 EST,42.41817,-79.36660,783,30.6,30.4,22.7,66.4,20.8,,,0.00,,9.0,12.9,2.3,9,13,8.7,12.6,2.2,11,12,8.7,12.6,2.2,11,12,216,29.47,,0,0,0,43.7,48.0,51.1,0.54,0.48,0.38
FRED,2019-11-08 11:10:00 EST,42.41817,-79.36660,783,30.1,30.0,21.4,66.4,20.3,,,0.00,,10.2,15.4,2.2,1,11,10.1,14.8,2.1,3,9,10.1,14.8,2.1,3,9,237,29.47,,0,0,0,43.8,48.0,51.1,0.54,0.47,0.38
FRED,2019-11-08 11:15:00 EST,42.41817,-79.36660,783,30.3,30.2,22.2,64.6,19.8,,,0.00,,9.1,13.5,1.9,0,15,9.0,13.2,2.0,4,9,9.0,13.2,2.0,4,9,282,29.47,,0,0,0,43.8,48.1,51.1,0.54,0.47,0.37
FRED,2019-11-08 11:20:00 EST,42.41817,-79.36660,783,30.5,30.3,22.1,62.6,19.3,,,0.00,,9.8,13.2,1.8,356,16,9.6,13.4,1.8,360,9,9.6,13.4,1.8,360,9,235,29.47,,0,0,0,43.8,48.0,51.1,0.54,0.47,0.37
FRED,2019-11-08 11:25:00 EST,42.41817,-79.36660,783,31.1,30.7,24.9,62.3,19.7,,,0.00,,6.5,9.5,1.3,356,19,6.4,9.6,1.4,360,18,6.4,9.6,1.4,360,18,676,29.47,,0,0,0,43.7,48.0,51.1,0.54,0.47,0.38
FRED,2019-11-08 11:30:00 EST,42.41817,-79.36660,783,31.3,30.9,24.4,62.9,20.1,,,0.00,,7.5,11.0,2.2,8,17,7.4,10.4,2.0,11,15,7.4,10.4,2.0,11,15,237,29.47,,0,0,0,43.9,48.1,51.0,0.54,0.47,0.37
FRED,2019-11-08 11:35:00 EST,42.41817,-79.36660,783,30.4,30.3,22.7,63.5,19.5,,,0.00,,8.5,14.6,2.1,355,20,8.2,14.4,2.1,357,11,8.2,14.4,2.1,357,11,312,29.47,,0,0,0,43.8,48.1,51.1,0.54,0.47,0.38
FRED,2019-11-08 11:40:00 EST,42.41817,-79.36660,783,31.2,30.6,24.9,62.5,19.9,,,0.00,,6.7,9.9,1.4,10,11,6.5,10.2,1.4,13,11,6.5,10.2,1.4,13,11,607,29.46,,0,0,0,43.7,48.1,51.1,0.54,0.47,0.38
FRED,2019-11-08 11:45:00 EST,42.41817,-79.36660,783,31.6,30.9,23.4,61.5,19.9,,,0.00,,9.7,15.6,2.8,357,13,9.6,15.9,2.8,1,11,9.6,15.9,2.8,1,11,448,29.46,,0,0,0,43.8,48.1,51.1,0.54,0.47,0.38
FRED,2019-11-08 11:50:00 EST,42.41817,-79.36660,783,30.9,30.5,22.9,64.4,20.3,,,0.00,,9.3,13.9,2.1,360,14,9.1,13.6,2.1,3,10,9.1,13.6,2.1,3,10,403,29.46,,0,0,0,43.9,48.1,51.1,0.54,0.47,0.37
FRED,2019-11-08 11:55:00 EST,42.41817,-79.36660,783,30.9,30.4,23.4,60.5,18.8,,,0.00,,8.2,11.2,1.3,354,20,8.1,11.9,1.4,358,11,8.1,11.9,1.4,358,11,319,29.46,,0,0,0,43.8,48.0,51.1,0.54,0.47,0.38
FRED,2019-11-08 12:00:00 EST,42.41817,-79.36660,783,31.4,30.9,25.2,61.9,19.9,,,0.00,,6.4,12.1,2.5,344,21,6.5,11.3,2.2,347,19,6.5,11.3,2.2,347,19,535,29.46,,0,0,0,43.8,48.0,51.0,0.54,0.47,0.38
FRED,2019-11-08 12:05:00 EST,42.41817,-79.36660,783,31.7,31.1,24.7,60.8,19.7,,,0.00,,7.6,11.5,2.0,333,19,7.6,11.5,1.7,340,13,7.6,11.5,1.7,340,13,326,29.46,,0,0,0,43.9,48.0,51.1,0.54,0.48,0.38
FRED,2019-11-08 12:10:00 EST,42.41817,-79.36660,783,30.3,30.1,22.5,59.8,18.0,,,0.00,,8.6,12.7,1.4,343,11,8.4,13.3,1.4,349,10,8.4,13.3,1.4,349,10,191,29.46,,0,0,0,43.8,48.1,51.1,0.54,0.47,0.38
FRED,2019-11-08 12:15:00 EST,42.41817,-79.36660,783,31.0,30.6,26.6,58.1,18.0,,,0.00,,4.1,7.0,1.2,348,30,4.4,8.1,1.4,353,23,4.4,8.1,1.4,353,23,628,29.46,,0,0,0,43.8,48.1,51.1,0.54,0.47,0.38
FRED,2019-11-08 12:20:00 EST,42.41817,-79.36660,783,31.4,30.9,24.8,59.1,18.8,,,0.00,,7.0,12.3,2.5,334,13,7.0,12.4,2.3,341,12,7.0,12.4,2.3,341,12,434,29.46,,0,0,0,43.8,48.1,51.1,0.54,0.47,0.38
FRED,2019-11-08 12:25:00 EST,42.41817,-79.36660,783,32.2,31.6,27.5,61.0,20.3,,,0.00,,4.6,8.1,1.7,348,29,4.8,9.0,1.6,350,25,4.8,9.0,1.6,350,25,625,29.46,,0,0,0,43.9,48.0,51.0,0.54,0.47,0.38
FRED,2019-11-08 12:30:00 EST,42.41817,-79.36660,783,31.8,31.1,24.0,60.5,19.7,,,0.00,,8.9,14.6,2.6,4,17,9.0,15.8,2.6,7,12,9.0,15.8,2.6,7,12,292,29.46,,0,0,0,43.9,48.0,51.0,0.54,0.47,0.37
FRED,2019-11-08 12:35:00 EST,42.41817,-79.36660,783,30.4,30.1,23.4,61.1,18.6,,,0.00,,7.1,11.7,2.2,357,15,7.1,11.7,1.9,1,8,7.1,11.7,1.9,1,8,152,29.46,,0,0,0,43.9,48.1,51.1,0.54,0.47,0.38
FRED,2019-11-08 12:40:00 EST,42.41817,-79.36660,783,30.7,30.3,25.4,59.6,18.3,,,0.00,,5.1,7.8,1.4,21,13,5.1,7.6,1.4,24,14,5.1,7.6,1.4,24,14,290,29.46,,0,0,0,44.0,48.0,50.9,0.54,0.48,0.37
FRED,2019-11-08 12:45:00 EST,42.41817,-79.36660,783,31.4,30.9,24.2,60.0,19.1,,,0.00,,7.7,16.7,4.7,357,19,7.8,16.3,4.2,359,12,7.8,16.3,4.2,359,12,423,29.46,,0,0,0,44.0,48.0,51.0,0.54,0.47,0.38
FRED,2019-11-08 12:50:00 EST,42.41817,-79.36660,783,30.7,30.3,23.8,61.1,18.8,,,0.00,,7.3,12.1,1.8,5,8,7.1,12.0,1.6,7,7,7.1,12.0,1.6,7,7,145,29.46,,0,0,0,44.0,48.0,51.0,0.54,0.47,0.38
FRED,2019-11-08 12:55:00 EST,42.41817,-79.36660,783,30.4,30.4,23.6,61.9,18.9,,,0.00,,7.1,10.5,1.5,11,16,6.9,10.1,1.3,13,15,6.9,10.1,1.3,13,15,118,29.46,,0,0,0,44.1,48.1,50.9,0.54,0.48,0.38
FRED,2019-11-08 13:00:00 EST,42.41817,-79.36660,783,30.8,30.6,25.8,60.5,18.7,,,0.00,,4.7,8.5,1.7,347,20,4.9,9.1,1.6,351,20,4.9,9.1,1.6,351,20,425,29.46,,0,0,0,44.1,48.1,50.9,0.54,0.47,0.37
FRED,2019-11-08 13:05:00 EST,42.41817,-79.36660,783,31.8,31.0,26.1,59.0,19.1,,,0.00,,5.8,10.8,2.1,1,12,5.8,11.3,2.2,5,13,5.8,11.3,2.2,5,13,436,29.45,,0,0,0,44.1,48.0,50.9,0.54,0.47,0.38
FRED,2019-11-08 13:10:00 EST,42.41817,-79.36660,783,31.1,30.7,24.1,59.2,18.5,,,0.00,,7.4,10.7,1.9,10,14,7.4,10.8,1.5,13,13,7.4,10.8,1.5,13,13,180,29.45,,0,0,0,44.1,48.1,50.9,0.54,0.47,0.37
FRED,2019-11-08 13:15:00 EST,42.41817,-79.36660,783,30.4,30.3,24.5,60.1,18.2,,,0.00,,5.8,10.0,1.6,346,19,5.8,10.5,1.6,350,16,5.8,10.5,1.6,350,16,162,29.45,,0,0,0,44.1,48.0,51.0,0.54,0.47,0.38
FRED,2019-11-08 13:20:00 EST,42.41817,-79.36660,783,31.4,30.9,24.7,59.1,18.8,,,0.00,,7.2,10.2,1.7,329,19,7.2,10.2,1.5,335,17,7.2,10.2,1.5,335,17,508,29.45,,0,0,0,44.3,48.0,51.1,0.54,0.48,0.38
FRED,2019-11-08 13:25:00 EST,42.41817,-79.36660,783,31.8,31.3,26.4,57.4,18.5,,,0.00,,5.6,9.0,1.6,321,17,5.5,8.4,1.5,326,16,5.5,8.4,1.5,326,16,398,29.45,,0,0,0,44.1,48.0,50.9,0.54,0.47,0.38
FRED,2019-11-08 13:30:00 EST,42.41817,-79.36660,783,32.1,31.5,25.5,56.2,18.2,,,0.00,,7.3,11.8,1.8,346,26,7.1,11.9,1.7,349,24,7.1,11.9,1.7,349,24,492,29.45,,0,0,0,44.4,48.0,50.9,0.54,0.47,0.38
FRED,2019-11-08 13:35:00 EST,42.41817,-79.36660,783,32.3,31.4,25.9,55.9,18.3,,,0.00,,7.2,11.5,1.7,8,11,6.9,11.1,1.6,10,9,6.9,11.1,1.6,10,9,508,29.45,,0,0,0,44.4,48.1,50.9,0.54,0.47,0.37
FRED,2019-11-08 13:40:00 EST,42.41817,-79.36660,783,31.9,31.4,25.9,54.6,17.3,,,0.00,,6.5,9.5,1.7,324,17,6.2,10.3,1.6,330,16,6.2,10.3,1.6,330,16,524,29.46,,0,0,0,44.4,48.0,51.0,0.54,0.47,0.38
FRED,2019-11-08 13:45:00 EST,42.41817,-79.36660,783,31.9,31.2,25.7,56.0,18.0,,,0.00,,7.0,10.4,1.4,312,11,6.6,9.6,1.4,318,10,6.6,9.6,1.4,318,10,482,29.46,,0,0,0,44.4,48.0,50.9,0.54,0.48,0.38
FRED,2019-11-08 13:50:00 EST,42.41817,-79.36660,783,32.1,31.4,27.4,53.7,17.2,,,0.00,,4.7,10.5,2.3,0,17,4.8,10.0,2.1,4,19,4.8,10.0,2.1,4,19,517,29.45,,0,0,0,44.4,48.0,51.0,0.54,0.47,0.38
FRED,2019-11-08 13:55:00 EST,42.41817,-79.36660,783,32.5,31.8,27.3,54.9,18.1,,,0.00,,5.6,8.6,1.2,23,23,5.4,8.6,1.1,24,21,5.4,8.6,1.1,24,21,539,29.45,,0,0,0,44.4,48.0,50.9,0.54,0.47,0.38
FRED,2019-11-08 14:00:00 EST,42.41817,-79.36660,783,32.7,32.0,26.4,55.8,18.6,,,0.00,,6.9,10.5,1.7,341,25,6.9,10.3,1.6,347,25,6.9,10.3,1.6,347,25,545,29.45,,0,0,0,44.4,48.0,50.8,0.54,0.47,0.38
FRED,2019-11-08 14:05:00 EST,42.41817,-79.36660,783,32.4,31.4,25.7,54.5,17.8,,,0.00,,7.4,11.3,1.9,5,14,7.3,11.2,1.8,7,11,7.3,11.2,1.8,7,11,504,29.45,,0,0,0,44.5,48.0,50.8,0.54,0.47,0.37
FRED,2019-11-08 14:10:00 EST,42.41817,-79.36660,783,31.5,31.1,25.9,55.1,17.2,,,0.00,,5.4,7.7,1.1,0,14,5.6,8.3,1.2,4,11,5.6,8.3,1.2,4,11,191,29.45,,0,0,0,44.5,48.0,50.9,0.54,0.47,0.38
FRED,2019-11-08 14:15:00 EST,42.41817,-79.36660,783,30.7,30.7,25.1,56.5,17.1,,,0.00,,5.7,9.7,2.1,347,16,5.5,10.3,2.2,351,14,5.5,10.3,2.2,351,14,99,29.45,,0,0,0,44.5,48.0,50.9,0.54,0.47,0.38
FRED,2019-11-08 14:20:00 EST,42.41817,-79.36660,783,30.5,30.5,24.6,57.5,17.3,,,0.00,,5.8,7.2,1.0,356,12,5.8,8.0,1.0,360,11,5.8,8.0,1.0,360,11,101,29.45,,0,0,0,44.4,48.0,50.8,0.54,0.48,0.37
FRED,2019-11-08 14:25:00 EST,42.41817,-79.36660,783,30.5,30.5,25.8,56.8,16.9,,,0.00,,4.5,6.9,1.0,8,20,4.5,7.0,1.1,11,17,4.5,7.0,1.1,11,17,125,29.45,,0,0,0,44.6,48.0,50.9,0.54,0.47,0.38
FRED,2019-11-08 14:30:00 EST,42.41817,-79.36660,783,30.7,30.5,27.0,56.6,17.1,,,0.00,,3.7,6.7,1.6,31,20,3.7,7.0,1.6,35,20,3.7,7.0,1.6,35,20,141,29.45,,0,0,0,44.4,48.0,50.7,0.54,0.47,0.38
FRED,2019-11-08 14:35:00 EST,42.41817,-79.36660,783,30.9,30.7,25.9,57.1,17.5,,,0.00,,5.0,8.5,1.1,20,16,4.9,8.5,1.2,24,16,4.9,8.5,1.2,24,16,169,29.45,,0,0,0,44.6,48.0,50.9,0.54,0.47,0.38
FRED,2019-11-08 14:40:00 EST,42.41817,-79.36660,783,30.7,30.7,25.8,56.2,17.0,,,0.00,,5.0,7.9,1.2,35,18,4.8,7.2,1.2,38,16,4.8,7.2,1.2,38,16,105,29.45,,0,0,0,44.6,48.0,50.8,0.54,0.48,0.38
FRED,2019-11-08 14:45:00 EST,42.41817,-79.36660,783,30.6,30.7,23.8,57.2,17.3,,,0.00,,7.2,12.1,2.5,17,26,7.1,11.5,2.4,21,26,7.1,11.5,2.4,21,26,82,29.45,,0,0,0,44.6,48.0,50.9,0.54,0.47,0.38
FRED,2019-11-08 14:50:00 EST,42.41817,-79.36660,783,30.2,30.4,22.9,56.7,16.7,,,0.00,,7.9,11.0,1.7,358,10,7.6,10.8,1.6,1,7,7.6,10.8,1.6,1,7,83,29.45,,0,0,0,44.6,48.0,50.9,0.54,0.47,0.38
FRED,2019-11-08 14:55:00 EST,42.41817,-79.36660,783,30.3,30.5,25.1,58.9,17.7,,,0.00,,5.3,7.7,1.1,9,17,5.1,8.1,1.1,11,10,5.1,8.1,1.1,11,10,85,29.45,,0,0,0,44.6,48.0,50.7,0.54,0.47,0.38
FRED,2019-11-08 15:00:00 EST,42.41817,-79.36660,783,30.2,30.3,24.3,57.0,16.8,,,0.00,,5.7,8.5,1.2,8,14,5.6,8.2,1.3,9,9,5.6,8.2,1.3,9,9,74,29.45,,0,0,0,44.6,47.9,50.7,0.54,0.47,0.37
FRED,2019-11-08 15:05:00 EST,42.41817,-79.36660,783,30.1,30.3,25.2,56.5,16.5,,,0.00,,4.8,7.2,0.7,30,10,4.6,6.9,0.7,34,10,4.6,6.9,0.7,34,10,74,29.45,,0,0,0,44.6,48.0,50.9,0.54,0.47,0.38
FRED,2019-11-08 15:10:00 EST,42.41817,-79.36660,783,30.2,30.4,25.9,57.9,17.2,,,0.00,,4.2,6.5,0.8,12,13,4.1,6.8,0.9,14,12,4.1,6.8,0.9,14,12,123,29.45,,0,0,0,44.7,47.8,50.7,0.54,0.47,0.38
FRED,2019-11-08 15:15:00 EST,42.41817,-79.36660,783,31.1,30.8,28.1,54.7,16.7,,,0.00,,3.1,4.9,0.9,56,29,3.2,5.0,0.9,56,29,3.2,5.0,0.9,56,29,288,29.45,,0,0,0,44.7,47.9,50.9,0.54,0.48,0.38
FRED,2019-11-08 15:20:00 EST,42.41817,-79.36660,783,32.1,31.3,32.1,53.5,17.1,,,0.00,,2.8,4.8,0.7,95,16,2.9,4.9,0.7,97,18,2.9,4.9,0.7,97,18,289,29.45,,0,0,0,44.7,48.0,50.8,0.54,0.47,0.38
FRED,2019-11-08 15:25:00 EST,42.41817,-79.36660,783,32.3,31.5,28.2,54.0,17.5,,,0.00,,4.0,6.6,1.2,59,18,4.2,6.9,1.3,60,17,4.2,6.9,1.3,60,17,231,29.45,,0,0,0,44.6,47.9,50.7,0.54,0.47,0.38
FRED,2019-11-08 15:30:00 EST,42.41817,-79.36660,783,31.8,31.1,27.4,52.9,16.6,,,0.00,,4.6,6.9,1.0,55,18,4.5,6.7,1.0,57,17,4.5,6.7,1.0,57,17,260,29.45,,0,0,0,44.7,47.9,50.7,0.54,0.47,0.38
FRED,2019-11-08 15:35:00 EST,42.41817,-79.36660,783,31.9,31.5,26.6,54.8,17.5,,,0.00,,5.8,8.5,1.1,24,15,5.5,7.9,1.0,27,15,5.5,7.9,1.0,27,15,247,29.46,,0,0,0,44.7,47.9,50.7,0.54,0.48,0.38
FRED,2019-11-08 15:40:00 EST,42.41817,-79.36660,783,32.2,31.9,27.4,55.2,17.9,,,0.00,,4.7,7.7,1.2,357,21,4.9,7.6,1.2,1,18,4.9,7.6,1.2,1,18,228,29.46,,0,0,0,44.7,47.9,50.7,0.54,0.47,0.38
FRED,2019-11-08 15:45:00 EST,42.41817,-79.36660,783,31.8,31.7,26.1,53.7,16.9,,,0.00,,5.8,9.9,1.8,336,21,5.9,11.0,1.7,342,14,5.9,11.0,1.7,342,14,154,29.46,,0,0,0,44.7,47.9,50.7,0.54,0.48,0.38
FRED,2019-11-08 15:50:00 EST,42.41817,-79.36660,783,31.1,31.2,25.9,54.1,16.4,,,0.00,,5.1,8.3,1.9,332,20,5.1,7.7,1.8,338,16,5.1,7.7,1.8,338,16,87,29.46,,0,0,0,44.7,47.9,50.8,0.54,0.47,0.38
FRED,2019-11-08 15:55:00 EST,42.41817,-79.36660,783,30.6,30.9,25.9,56.7,17.1,,,0.00,,4.5,6.8,1.0,333,11,4.5,6.6,1.0,337,11,4.5,6.6,1.0,337,11,52,29.46,,0,0,0,44.7,47.9,50.8,0.54,0.47,0.37
FRED,2019-11-08 16:00:00 EST,42.41817,-79.36660,783,30.5,30.8,27.1,57.0,17.1,,,0.00,,3.3,5.0,0.7,341,14,3.4,5.3,0.8,345,12,3.4,5.3,0.8,345,12,58,29.46,,0,0,0,44.7,47.8,50.7,0.54,0.47,0.38
FRED,2019-11-08 16:05:00 EST,42.41817,-79.36660,783,30.8,31.0,26.5,56.5,17.1,,,0.00,,4.2,5.9,0.7,327,11,4.1,5.9,0.8,333,10,4.1,5.9,0.8,333,10,66,29.46,,0,0,0,44.7,47.9,50.7,0.54,0.47,0.37
FRED,2019-11-08 16:10:00 EST,42.41817,-79.36660,783,30.7,31.0,27.6,56.8,17.1,,,0.00,,3.2,4.0,0.5,324,11,3.1,4.3,0.5,328,11,3.1,4.3,0.5,328,11,65,29.46,,0,0,0,44.6,47.9,50.7,0.54,0.47,0.38
FRED,2019-11-08 16:15:00 EST,42.41817,-79.36660,783,30.7,31.0,30.7,57.5,17.4,,,0.00,,2.5,4.5,1.1,333,16,2.7,4.8,1.0,337,14,2.7,4.8,1.0,337,14,66,29.46,,0,0,0,44.7,47.8,50.7,0.54,0.47,0.38
FRED,2019-11-08 16:20:00 EST,42.41817,-79.36660,783,30.9,31.1,27.2,56.1,17.1,,,0.00,,3.8,5.5,0.9,323,13,3.6,5.5,1.0,328,12,3.6,5.5,1.0,328,12,93,29.46,,0,0,0,44.7,47.9,50.7,0.54,0.47,0.38
FRED,2019-11-08 16:25:00 EST,42.41817,-79.36660,783,30.7,31.0,27.4,55.1,16.5,,,0.00,,3.6,5.3,0.9,325,10,3.4,5.3,1.0,329,10,3.4,5.3,1.0,329,10,42,29.46,,0,0,0,44.7,47.8,50.7,0.54,0.48,0.38
FRED,2019-11-08 16:30:00 EST,42.41817,-79.36660,783,30.4,30.9,30.4,56.0,16.5,,,0.00,,2.8,4.2,0.7,334,16,2.9,4.5,0.7,338,15,2.9,4.5,0.7,338,15,33,29.46,,0,0,0,44.7,47.9,50.7,0.54,0.47,0.38
FRED,2019-11-08 16:35:00 EST,42.41817,-79.36660,783,30.2,30.8,30.2,56.7,16.7,,,0.00,,2.3,3.9,0.6,304,33,2.2,3.9,0.7,308,32,2.2,3.9,0.7,308,32,29,29.46,,0,0,0,44.7,47.8,50.7,0.54,0.47,0.38
FRED,2019-11-08 16:40:00 EST,42.41817,-79.36660,783,30.2,30.9,30.2,57.4,16.9,,,0.00,,2.4,3.8,0.7,266,28,2.3,3.8,0.7,273,28,2.3,3.8,0.7,273,28,21,29.46,,0,0,0,44.6,47.8,50.7,0.54,0.47,0.38
FRED,2019-11-08 16:45:00 EST,42.41817,-79.36660,783,30.1,30.8,30.1,57.5,16.9,,,0.00,,1.0,2.4,0.5,303,12,1.1,2.1,0.4,310,17,1.1,2.1,0.4,310,17,15,29.46,,0,0,0,44.6,47.8,50.7,0.54,0.48,0.38
FRED,2019-11-08 16:50:00 EST,42.41817,-79.36660,783,30.3,30.9,30.3,55.5,16.3,,,0.00,,0.9,2.1,0.5,315,8,1.1,1.8,0.4,332,18,1.1,1.8,0.4,332,18,12,29.46,,0,0,0,44.7,47.9,50.7,0.54,0.47,0.38
FRED,2019-11-08 16:55:00 EST,42.41817,-79.36660,783,29.9,30.8,29.9,59.8,17.6,,,0.00,,0.0,0.1,0.0,337,0,0.3,1.0,0.4,329,7,0.3,1.0,0.4,329,7,10,29.46,,0,0,0,44.7,47.9,50.7,0.54,0.47,0.37
FRED,2019-11-08 17:00:00 EST,42.41817,-79.36660,783,29.1,30.5,29.1,66.6,19.3,,,0.00,,0.0,0.0,0.0,0,0,0.3,1.4,0.5,198,12,0.3,1.4,0.5,198,12,6,29.46,,0,0,0,44.6,47.9,50.7,0.54,0.47,0.38
FRED,2019-11-08 17:05:00 EST,42.41817,-79.36660,783,29.2,30.6,29.2,66.7,19.5,,,0.00,,0.0,0.0,0.0,0,0,0.4,1.1,0.4,231,14,0.4,1.1,0.4,231,14,4,29.46,,0,0,0,44.7,47.8,50.7,0.54,0.47,0.37
FRED,2019-11-08 17:10:00 EST,42.41817,-79.36660,783,29.1,30.6,29.1,68.0,19.9,,,0.00,,0.5,1.5,0.5,235,1,1.0,1.4,0.3,227,19,1.0,1.4,0.3,227,19,2,29.46,,0,0,0,44.6,47.9,50.7,0.54,0.48,0.38
FRED,2019-11-08 17:15:00 EST,42.41817,-79.36660,783,28.5,30.3,28.5,71.8,20.6,,,0.00,,2.3,3.5,0.8,213,13,2.2,3.5,0.6,216,13,2.2,3.5,0.6,216,13,1,29.46,,0,0,0,44.6,47.9,50.7,0.54,0.48,0.38
FRED,2019-11-08 17:20:00 EST,42.41817,-79.36660,783,28.1,30.1,24.5,72.6,20.4,,,0.00,,3.4,4.2,0.4,193,8,3.3,4.3,0.4,200,9,3.3,4.3,0.4,200,9,1,29.46,,0,0,0,44.6,47.9,50.7,0.54,0.47,0.38
FRED,2019-11-08 17:25:00 EST,42.41817,-79.36660,783,27.8,30.0,23.4,74.8,20.8,,,0.00,,3.9,4.5,0.2,180,4,3.8,4.5,0.2,185,5,3.8,4.5,0.2,185,5,0,29.46,,0,0,0,44.6,47.8,50.7,0.54,0.47,0.38
FRED,2019-11-08 17:30:00 EST,42.41817,-79.36660,783,27.6,30.0,23.1,76.4,21.2,,,0.00,,4.0,4.6,0.3,175,3,3.9,4.6,0.3,179,4,3.9,4.6,0.3,179,4,0,29.46,,0,0,0,44.6,47.8,50.7,0.54,0.48,0.38
FRED,2019-11-08 17:35:00 EST,42.41817,-79.36660,783,27.6,29.7,23.2,76.4,21.2,,,0.00,,3.9,4.5,0.2,177,3,3.9,4.5,0.3,181,4,3.9,4.5,0.3,181,4,0,29.46,,0,0,0,44.6,47.9,50.7,0.54,0.47,0.38
FRED,2019-11-08 17:40:00 EST,42.41817,-79.36660,783,27.5,29.7,22.4,77.7,21.5,,,0.00,,4.5,5.0,0.2,177,3,4.4,4.9,0.2,181,3,4.4,4.9,0.2,181,3,0,29.46,,0,0,0,44.6,47.9,50.7,0.54,0.47,0.38
FRED,2019-11-08 17:45:00 EST,42.41817,-79.36660,783,27.4,29.5,22.4,77.4,21.3,,,0.00,,4.4,5.3,0.5,168,4,4.3,5.3,0.5,172,5,4.3,5.3,0.5,172,5,0,29.46,,0,0,0,44.6,47.9,50.6,0.54,0.47,0.38
FRED,2019-11-08 17:50:00 EST,42.41817,-79.36660,783,27.5,29.3,22.1,76.6,21.2,,,0.00,,4.9,6.0,0.6,171,4,4.8,5.8,0.6,175,5,4.8,5.8,0.6,175,5,0,29.46,,0,0,0,44.5,47.8,50.7,0.54,0.47,0.38
FRED,2019-11-08 17:55:00 EST,42.41817,-79.36660,783,27.5,29.2,22.2,76.8,21.1,,,0.00,,4.7,6.0,0.4,172,4,4.5,6.0,0.5,175,4,4.5,6.0,0.5,175,4,0,29.46,,0,0,0,44.5,47.8,50.7,0.54,0.48,0.38
FRED,2019-11-08 18:00:00 EST,42.41817,-79.36660,783,27.4,29.1,21.3,76.9,21.1,,,0.00,,5.6,6.1,0.3,176,2,5.4,6.0,0.3,179,2,5.4,6.0,0.3,179,2,0,29.46,,0,0,0,44.5,47.8,50.6,0.54,0.48,0.38
FRED,2019-11-08 18:05:00 EST,42.41817,-79.36660,783,27.4,29.0,21.6,76.9,21.1,,,0.00,,5.3,6.1,0.5,172,4,5.1,6.1,0.5,175,4,5.1,6.1,0.5,175,4,0,29.46,,0,0,0,44.5,47.9,50.7,0.54,0.47,0.38
FRED,2019-11-08 18:10:00 EST,42.41817,-79.36660,783,27.7,29.0,21.8,75.3,20.9,,,0.00,,5.3,6.4,0.6,172,7,5.2,6.5,0.6,176,6,5.2,6.5,0.6,176,6,0,29.46,,0,0,0,44.4,47.8,50.7,0.54,0.47,0.38
FRED,2019-11-08 18:15:00 EST,42.41817,-79.36660,783,27.7,28.9,21.7,75.4,21.0,,,0.00,,5.6,6.4,0.4,175,4,5.4,6.2,0.4,179,3,5.4,6.2,0.4,179,3,0,29.46,,0,0,0,44.4,47.9,50.7,0.54,0.47,0.38
FRED,2019-11-08 18:20:00 EST,42.41817,-79.36660,783,27.7,28.9,21.8,75.2,20.8,,,0.00,,5.4,7.1,0.6,175,6,5.2,6.8,0.6,179,6,5.2,6.8,0.6,179,6,0,29.46,,0,0,0,44.4,47.8,50.7,0.54,0.47,0.38
FRED,2019-11-08 18:25:00 EST,42.41817,-79.36660,783,27.6,28.9,21.8,74.9,20.7,,,0.00,,5.3,6.1,0.3,181,3,5.1,6.0,0.3,185,3,5.1,6.0,0.3,185,3,0,29.47,,0,0,0,44.4,47.8,50.7,0.54,0.47,0.38
FRED,2019-11-08 18:30:00 EST,42.41817,-79.36660,783,27.5,29.0,21.5,74.9,20.6,,,0.00,,5.6,6.6,0.5,171,7,5.4,6.3,0.4,175,7,5.4,6.3,0.4,175,7,0,29.47,,0,0,0,44.4,47.8,50.7,0.54,0.47,0.38
FRED,2019-11-08 18:35:00 EST,42.41817,-79.36660,783,27.4,29.2,20.9,74.0,20.2,,,0.00,,6.0,7.2,0.6,167,7,5.8,7.5,0.7,171,7,5.8,7.5,0.7,171,7,0,29.46,,0,0,0,44.4,47.9,50.6,0.54,0.48,0.38
FRED,2019-11-08 18:40:00 EST,42.41817,-79.36660,783,27.8,29.1,21.7,73.3,20.3,,,0.00,,5.4,7.4,0.8,169,6,5.4,8.4,0.9,173,6,5.4,8.4,0.9,173,6,0,29.47,,0,0,0,44.4,47.8,50.6,0.54,0.47,0.38
FRED,2019-11-08 18:45:00 EST,42.41817,-79.36660,783,28.2,29.1,21.9,72.5,20.5,,,0.00,,6.0,7.5,0.7,170,6,5.8,7.8,0.7,174,5,5.8,7.8,0.7,174,5,0,29.46,,0,0,0,44.4,47.9,50.6,0.54,0.47,0.38
FRED,2019-11-08 18:50:00 EST,42.41817,-79.36660,783,28.4,29.2,22.1,71.8,20.5,,,0.00,,6.0,8.3,0.8,173,6,5.8,7.6,0.8,177,6,5.8,7.6,0.8,177,6,0,29.46,,0,0,0,44.3,47.8,50.6,0.54,0.47,0.38
FRED,2019-11-08 18:55:00 EST,42.41817,-79.36660,783,28.6,29.3,22.9,72.1,20.7,,,0.00,,5.4,6.4,0.6,175,5,5.2,6.7,0.6,179,5,5.2,6.7,0.6,179,5,0,29.46,,0,0,0,44.2,47.8,50.6,0.54,0.47,0.37
FRED,2019-11-08 19:00:00 EST,42.41817,-79.36660,783,28.8,29.5,23.5,71.3,20.7,,,0.00,,5.0,6.6,0.6,181,9,4.8,6.6,0.7,186,8,4.8,6.6,0.7,186,8,0,29.47,,0,0,0,44.1,47.8,50.6,0.54,0.47,0.38
FRED,2019-11-08 19:05:00 EST,42.41817,-79.36660,783,29.0,29.7,23.9,70.8,20.7,0.000,,0.00,,4.8,6.7,0.8,179,7,4.6,6.6,0.8,184,7,4.6,6.6,0.8,184,7,0,29.47,,0,0,0,44.1,47.8,50.6,0.54,0.47,0.38
FRED,2019-11-08 19:10:00 EST,42.41817,-79.36660,783,29.3,29.9,24.0,69.6,20.6,0.000,,0.00,,5.0,7.5,0.8,180,8,4.9,6.8,0.8,184,8,4.9,6.8,0.8,184,8,0,29.47,,0,0,0,44.1,47.8,50.7,0.54,0.47,0.38
FRED,2019-11-08 19:15:00 EST,42.41817,-79.36660,783,29.4,30.1,24.1,68.6,20.4,0.000,,0.00,,5.0,7.1,1.0,178,9,4.9,7.3,0.9,183,9,4.9,7.3,0.9,183,9,0,29.47,,0,0,0,44.1,47.8,50.6,0.54,0.48,0.38
FRED,2019-11-08 19:20:00 EST,42.41817,-79.36660,783,29.5,30.1,24.6,68.2,20.3,0.000,,0.00,,4.6,7.4,1.2,176,9,4.6,6.8,1.0,179,9,4.6,6.8,1.0,179,9,0,29.47,,0,0,0,44.1,47.8,50.6,0.54,0.48,0.38
FRED,2019-11-08 19:25:00 EST,42.41817,-79.36660,783,29.5,30.0,25.5,67.8,20.2,0.000,,0.00,,3.7,6.6,1.1,170,14,3.7,6.9,1.1,173,15,3.7,6.9,1.1,173,15,0,29.47,,0,0,0,44.0,47.8,50.6,0.54,0.47,0.38
FRED,2019-11-08 19:30:00 EST,42.41817,-79.36660,783,29.5,30.0,24.9,67.9,20.2,0.000,,0.00,,4.4,7.7,1.3,172,10,4.3,7.3,1.2,176,11,4.3,7.3,1.2,176,11,0,29.47,,0,0,0,44.0,47.8,50.6,0.54,0.47,0.38
FRED,2019-11-08 19:35:00 EST,42.41817,-79.36660,783,29.5,30.0,25.5,68.1,20.2,0.000,,0.00,,3.9,6.0,1.1,163,16,3.7,6.0,1.0,165,17,3.7,6.0,1.0,165,17,0,29.47,,0,0,0,43.9,47.8,50.6,0.54,0.47,0.38
FRED,2019-11-08 19:40:00 EST,42.41817,-79.36660,783,29.4,29.9,26.4,67.7,20.1,0.000,,0.00,,3.2,5.2,0.8,145,15,3.0,5.4,1.0,146,15,3.0,5.4,1.0,146,15,0,29.47,,0,0,0,44.0,47.8,50.6,0.54,0.47,0.38
FRED,2019-11-08 19:45:00 EST,42.41817,-79.36660,783,29.4,29.8,24.5,68.5,20.3,0.000,,0.00,,4.4,7.2,1.5,160,13,4.5,7.1,1.5,163,14,4.5,7.1,1.5,163,14,0,29.46,,0,0,0,43.8,47.8,50.7,0.54,0.47,0.38
FRED,2019-11-08 19:50:00 EST,42.41817,-79.36660,783,29.4,29.9,24.8,67.4,19.9,0.000,,0.00,,4.4,6.1,0.9,143,13,4.2,6.6,0.9,145,14,4.2,6.6,0.9,145,14,0,29.46,,0,0,0,44.0,47.8,50.6,0.54,0.47,0.38
FRED,2019-11-08 19:55:00 EST,42.41817,-79.36660,783,29.3,29.7,24.9,67.8,20.0,0.000,,0.00,,4.5,6.2,0.7,132,12,4.1,6.2,0.8,134,11,4.1,6.2,0.8,134,11,0,29.46,,0,0,0,43.8,47.8,50.7,0.54,0.47,0.38
FRED,2019-11-08 20:00:00 EST,42.41817,-79.36660,783,29.3,29.7,25.5,67.5,19.8,0.000,,0.00,,3.7,5.5,0.6,139,14,3.5,5.5,0.7,140,13,3.5,5.5,0.7,140,13,0,29.46,,0,0,0,43.9,47.8,50.6,0.54,0.47,0.38
FRED,2019-11-08 20:05:00 EST,42.41817,-79.36660,783,29.2,29.7,25.4,68.1,20.0,0.000,,0.00,0.000,3.6,6.4,1.2,149,16,3.6,8.0,1.3,151,17,3.6,8.0,1.3,151,17,0,29.46,,0,0,0,43.9,47.8,50.5,0.54,0.48,0.38
FRED,2019-11-08 20:10:00 EST,42.41817,-79.36660,783,29.3,29.8,25.4,68.7,20.3,0.000,,0.00,0.000,3.8,6.9,1.2,140,17,3.6,6.7,1.2,142,17,3.6,6.7,1.2,142,17,0,29.46,,0,0,0,43.8,47.8,50.6,0.54,0.47,0.38
FRED,2019-11-08 20:15:00 EST,42.41817,-79.36660,783,29.3,29.8,24.4,70.0,20.7,0.000,,0.00,0.000,4.7,7.2,1.0,149,16,4.5,6.6,1.0,152,16,4.5,6.6,1.0,152,16,0,29.46,,0,0,0,43.8,47.8,50.7,0.54,0.48,0.38
FRED,2019-11-08 20:20:00 EST,42.41817,-79.36660,783,29.4,29.8,24.2,69.2,20.5,0.000,,0.00,0.000,4.9,9.1,1.3,140,15,4.8,8.5,1.3,143,15,4.8,8.5,1.3,143,15,0,29.46,,0,0,0,43.8,47.8,50.6,0.54,0.47,0.38
FRED,2019-11-08 20:25:00 EST,42.41817,-79.36660,783,29.3,29.7,29.3,70.0,20.7,0.000,,0.00,0.000,2.7,5.0,1.0,131,16,2.5,4.5,0.9,132,15,2.5,4.5,0.9,132,15,0,29.45,,0,0,0,43.8,47.8,50.6,0.54,0.48,0.38
FRED,2019-11-08 20:30:00 EST,42.41817,-79.36660,783,29.2,29.7,29.2,70.7,20.9,0.002,,0.00,0.002,1.7,2.8,0.6,71,29,1.9,3.2,0.6,69,28,1.9,3.2,0.6,69,28,0,29.46,,0,0,0,43.8,47.8,50.6,0.54,0.47,0.38
FRED,2019-11-08 20:35:00 EST,42.41817,-79.36660,783,29.1,29.5,29.1,72.4,21.3,0.001,,0.00,0.003,1.9,3.8,0.9,62,22,2.1,4.0,0.8,62,23,2.1,4.0,0.8,62,23,0,29.45,,0,0,0,43.9,47.8,50.6,0.54,0.47,0.37
FRED,2019-11-08 20:40:00 EST,42.41817,-79.36660,783,29.0,29.4,25.3,73.1,21.5,0.001,,0.00,0.004,3.4,5.6,0.8,85,23,3.5,6.0,0.9,85,22,3.5,6.0,0.9,85,22,0,29.45,,0,0,0,43.8,47.8,50.6,0.54,0.47,0.38
FRED,2019-11-08 20:45:00 EST,42.41817,-79.36660,783,28.9,29.3,25.3,73.7,21.5,0.002,,0.00,0.006,3.3,5.5,1.2,75,14,3.4,5.4,1.1,75,16,3.4,5.4,1.1,75,16,0,29.45,,0,0,0,43.8,47.6,50.6,0.54,0.47,0.38
FRED,2019-11-08 20:50:00 EST,42.41817,-79.36660,783,28.5,28.8,24.3,77.8,22.4,0.002,,0.00,0.007,3.7,5.6,1.0,79,9,3.8,5.7,1.1,81,10,3.8,5.7,1.1,81,10,0,29.45,,0,0,0,43.8,47.8,50.6,0.54,0.47,0.38
FRED,2019-11-08 20:55:00 EST,42.41817,-79.36660,783,28.5,29.0,24.9,78.4,22.7,0.000,,0.00,0.007,3.2,5.3,0.7,77,11,3.3,5.5,0.7,77,11,3.3,5.5,0.7,77,11,0,29.45,,0,0,0,43.7,47.7,50.5,0.54,0.47,0.38
FRED,2019-11-08 21:00:00 EST,42.41817,-79.36660,783,28.5,28.9,28.5,78.4,22.7,0.004,,0.00,0.011,2.6,4.2,0.7,63,12,2.7,4.4,0.7,63,13,2.7,4.4,0.7,63,13,0,29.46,,0,0,0,43.7,47.7,50.6,0.54,0.48,0.37
FRED,2019-11-08 21:05:00 EST,42.41817,-79.36660,783,28.3,28.7,23.7,80.2,23.0,0.006,,0.00,0.017,4.3,6.0,0.9,22,9,4.1,5.8,1.0,25,9,4.1,5.8,1.0,25,9,0,29.46,,0,0,0,43.7,47.7,50.6,0.54,0.48,0.38
FRED,2019-11-08 21:10:00 EST,42.41817,-79.36660,783,28.0,28.3,24.3,82.6,23.4,0.001,,0.00,0.018,3.5,5.0,1.1,24,13,3.3,4.9,0.9,27,14,3.3,4.9,0.9,27,14,0,29.46,,0,0,0,43.7,47.7,50.5,0.54,0.47,0.37
FRED,2019-11-08 21:15:00 EST,42.41817,-79.36660,783,27.8,28.1,23.8,84.1,23.6,0.000,,0.00,0.018,3.5,5.4,0.9,53,11,3.5,5.0,0.8,54,11,3.5,5.0,0.8,54,11,0,29.46,,0,0,0,43.7,47.6,50.6,0.54,0.47,0.38
FRED,2019-11-08 21:20:00 EST,42.41817,-79.36660,783,27.6,28.0,27.6,85.4,23.8,0.003,,0.00,0.021,2.5,3.7,0.7,89,24,2.6,3.8,0.6,90,28,2.6,3.8,0.6,90,28,0,29.46,,0,0,0,43.7,47.6,50.6,0.54,0.47,0.38
FRED,2019-11-08 21:25:00 EST,42.41817,-79.36660,783,27.6,27.8,23.7,86.7,24.1,0.002,,0.00,0.022,3.7,5.1,1.0,120,13,3.4,4.8,1.0,123,13,3.4,4.8,1.0,123,13,0,29.46,,0,0,0,43.6,47.8,50.6,0.54,0.47,0.38
FRED,2019-11-08 21:30:00 EST,42.41817,-79.36660,783,27.5,27.8,23.2,88.1,24.5,0.002,,0.00,0.023,4.1,5.0,0.6,116,8,3.8,5.0,0.6,119,8,3.8,5.0,0.6,119,8,0,29.46,,0,0,0,43.6,47.6,50.6,0.54,0.47,0.37
FRED,2019-11-08 21:35:00 EST,42.41817,-79.36660,783,27.6,27.9,23.7,89.7,25.0,0.002,,0.00,0.024,3.7,5.1,0.8,140,8,3.4,4.6,0.8,141,8,3.4,4.6,0.8,141,8,0,29.46,,0,0,0,43.5,47.5,50.5,0.54,0.47,0.38
FRED,2019-11-08 21:40:00 EST,42.41817,-79.36660,783,27.6,27.9,23.1,90.6,25.3,0.001,,0.00,0.024,4.1,4.7,0.5,147,4,3.9,4.7,0.5,149,5,3.9,4.7,0.5,149,5,0,29.45,,0,0,0,43.6,47.6,50.5,0.54,0.47,0.38
FRED,2019-11-08 21:45:00 EST,42.41817,-79.36660,783,27.7,28.1,22.4,90.9,25.4,0.000,,0.00,0.021,4.8,6.1,0.6,154,9,4.7,6.1,0.6,157,10,4.7,6.1,0.6,157,10,0,29.45,,0,0,0,43.5,47.5,50.5,0.54,0.47,0.38
FRED,2019-11-08 21:50:00 EST,42.41817,-79.36660,783,27.8,28.2,21.5,90.0,25.2,0.000,,0.00,0.020,5.9,9.1,1.2,157,8,5.7,8.7,1.1,160,7,5.7,8.7,1.1,160,7,0,29.45,,0,0,0,43.5,47.5,50.6,0.54,0.47,0.38
FRED,2019-11-08 21:55:00 EST,42.41817,-79.36660,783,27.8,28.2,22.2,88.1,24.7,0.000,,0.00,0.020,5.0,8.0,1.4,156,11,5.0,8.2,1.3,159,12,5.0,8.2,1.3,159,12,0,29.45,,0,0,0,43.6,47.6,50.5,0.54,0.47,0.38
FRED,2019-11-08 22:00:00 EST,42.41817,-79.36660,783,27.9,28.3,21.5,86.2,24.3,0.000,,0.00,0.016,6.0,8.3,1.0,152,12,5.8,8.7,1.1,154,11,5.8,8.7,1.1,154,11,0,29.45,,0,0,0,43.5,47.6,50.6,0.54,0.47,0.38
FRED,2019-11-08 22:05:00 EST,42.41817,-79.36660,783,28.1,28.5,21.2,85.5,24.3,0.000,,0.00,0.010,6.5,9.4,1.3,166,9,6.4,9.2,1.2,170,8,6.4,9.2,1.2,170,8,0,29.45,,0,0,0,43.5,47.5,50.5,0.54,0.47,0.38
FRED,2019-11-08 22:10:00 EST,42.41817,-79.36660,783,28.2,28.7,22.1,84.9,24.3,0.000,,0.00,0.009,5.5,8.0,1.2,167,12,5.6,8.1,1.2,171,11,5.6,8.1,1.2,171,11,0,29.44,,0,0,0,43.5,47.6,50.6,0.54,0.48,0.38
FRED,2019-11-08 22:15:00 EST,42.41817,-79.36660,783,28.5,29.0,22.5,83.9,24.3,0.000,,0.00,0.009,5.6,7.9,1.3,165,9,5.5,7.6,1.3,169,9,5.5,7.6,1.3,169,9,0,29.44,,0,0,0,43.4,47.6,50.6,0.54,0.47,0.38
FRED,2019-11-08 22:20:00 EST,42.41817,-79.36660,783,28.7,29.2,23.2,81.1,23.6,0.000,,0.00,0.006,4.9,7.4,1.2,159,15,4.9,7.5,1.2,163,15,4.9,7.5,1.2,163,15,0,29.44,,0,0,0,43.5,47.6,50.5,0.54,0.47,0.38
FRED,2019-11-08 22:25:00 EST,42.41817,-79.36660,783,28.9,29.4,24.0,78.7,23.1,0.000,,0.00,0.005,4.5,6.6,1.1,159,13,4.5,7.5,1.1,162,13,4.5,7.5,1.1,162,13,0,29.44,,0,0,0,43.4,47.6,50.5,0.54,0.47,0.38
FRED,2019-11-08 22:30:00 EST,42.41817,-79.36660,783,29.0,29.5,24.7,76.4,22.6,0.000,,0.00,0.002,3.9,7.1,1.5,158,16,3.9,7.7,1.5,162,16,3.9,7.7,1.5,162,16,0,29.44,,0,0,0,43.4,47.5,50.6,0.54,0.47,0.38
FRED,2019-11-08 22:35:00 EST,42.41817,-79.36660,783,29.0,29.6,24.9,76.1,22.5,0.000,,0.00,0.001,4.0,6.6,1.2,152,16,3.8,7.3,1.2,155,15,3.8,7.3,1.2,155,15,0,29.44,,0,0,0,43.3,47.5,50.5,0.54,0.47,0.38
FRED,2019-11-08 22:40:00 EST,42.41817,-79.36660,783,29.1,29.6,29.1,75.9,22.4,0.000,,0.00,0.000,2.9,5.6,0.8,176,13,2.9,5.9,0.8,181,14,2.9,5.9,0.8,181,14,0,29.44,,0,0,0,43.3,47.6,50.6,0.54,0.47,0.38
FRED,2019-11-08 22:45:00 EST,42.41817,-79.36660,783,29.2,29.8,25.4,76.0,22.5,0.000,,0.00,0.000,3.6,7.9,1.4,183,10,3.5,6.8,1.3,188,12,3.5,6.8,1.3,188,12,0,29.44,,0,0,0,43.3,47.6,50.6,0.54,0.48,0.38
FRED,2019-11-08 22:50:00 EST,42.41817,-79.36660,783,29.5,30.1,24.8,73.6,22.1,0.000,,0.00,0.000,4.4,8.1,1.5,180,14,4.4,7.9,1.4,184,14,4.4,7.9,1.4,184,14,0,29.43,,0,0,0,43.3,47.6,50.6,0.54,0.48,0.38
FRED,2019-11-08 22:55:00 EST,42.41817,-79.36660,783,29.5,30.0,24.0,72.0,21.5,0.000,,0.00,0.000,5.2,8.7,1.6,174,15,5.1,8.9,1.5,178,15,5.1,8.9,1.5,178,15,0,29.43,,0,0,0,43.3,47.5,50.5,0.54,0.47,0.37
FRED,2019-11-08 23:00:00 EST,42.41817,-79.36660,783,29.4,29.9,22.8,72.5,21.6,0.000,,0.00,0.000,6.5,10.7,1.8,174,11,6.4,10.3,1.7,178,11,6.4,10.3,1.7,178,11,0,29.43,,0,0,0,43.3,47.6,50.5,0.54,0.47,0.37
FRED,2019-11-08 23:05:00 EST,42.41817,-79.36660,783,29.3,29.8,22.0,72.4,21.5,0.000,,0.00,0.000,7.4,12.9,2.1,175,11,7.4,14.0,2.2,179,10,7.4,14.0,2.2,179,10,0,29.43,,0,0,0,43.2,47.6,50.6,0.54,0.47,0.37
FRED,2019-11-08 23:10:00 EST,42.41817,-79.36660,783,29.2,29.7,22.7,72.4,21.4,0.000,,0.00,0.000,6.1,9.9,2.3,183,17,6.2,9.9,2.1,186,17,6.2,9.9,2.1,186,17,0,29.43,,0,0,0,43.2,47.5,50.5,0.54,0.48,0.38
FRED,2019-11-08 23:15:00 EST,42.41817,-79.36660,783,29.3,29.7,21.9,71.5,21.2,0.000,,0.00,0.000,7.7,12.3,1.7,195,12,7.5,12.2,1.7,199,12,7.5,12.2,1.7,199,12,0,29.43,,0,0,0,43.2,47.5,50.6,0.54,0.47,0.38
FRED,2019-11-08 23:20:00 EST,42.41817,-79.36660,783,29.3,29.8,21.6,71.5,21.2,0.000,,0.00,0.000,8.2,12.6,1.8,191,13,7.9,11.9,1.7,195,13,7.9,11.9,1.7,195,13,0,29.42,,0,0,0,43.2,47.6,50.6,0.54,0.47,0.38
FRED,2019-11-08 23:25:00 EST,42.41817,-79.36660,783,29.2,29.7,21.7,72.4,21.5,0.000,,0.00,0.000,7.7,9.9,1.2,176,10,7.6,10.4,1.2,180,8,7.6,10.4,1.2,180,8,0,29.42,,0,0,0,43.2,47.5,50.5,0.54,0.47,0.38
FRED,2019-11-08 23:30:00 EST,42.41817,-79.36660,783,29.1,29.6,21.8,73.5,21.7,0.000,,0.00,0.000,7.2,10.4,1.6,178,10,7.2,10.7,1.7,183,8,7.2,10.7,1.7,183,8,0,29.42,,0,0,0,43.2,47.5,50.5,0.54,0.47,0.38
FRED,2019-11-08 23:35:00 EST,42.41817,-79.36660,783,29.1,29.6,22.0,72.4,21.3,0.000,,0.00,0.000,7.1,11.6,1.9,172,13,7.0,12.0,2.0,178,12,7.0,12.0,2.0,178,12,0,29.42,,0,0,0,43.1,47.6,50.6,0.54,0.47,0.38
FRED,2019-11-08 23:40:00 EST,42.41817,-79.36660,783,29.0,29.5,22.5,72.8,21.4,0.000,,0.00,0.000,6.2,9.7,1.4,181,15,6.3,10.2,1.6,185,13,6.3,10.2,1.6,185,13,0,29.42,,0,0,0,43.2,47.5,50.5,0.54,0.47,0.38
FRED,2019-11-08 23:45:00 EST,42.41817,-79.36660,783,29.1,29.6,21.9,72.9,21.5,0.000,,0.00,0.000,7.1,11.4,1.8,182,13,7.1,11.3,1.8,187,10,7.1,11.3,1.8,187,10,0,29.42,,0,0,0,43.2,47.5,50.5,0.54,0.47,0.37
FRED,2019-11-08 23:50:00 EST,42.41817,-79.36660,783,29.2,29.7,21.0,73.0,21.6,0.000,,0.00,0.000,8.9,13.2,1.5,186,11,8.7,13.1,1.6,190,9,8.7,13.1,1.6,190,9,0,29.41,,0,0,0,43.1,47.6,50.6,0.54,0.47,0.38
FRED,2019-11-08 23:55:00 EST,42.41817,-79.36660,783,29.3,29.8,21.0,73.3,21.8,0.000,,0.00,0.000,9.2,14.6,1.6,192,10,8.9,14.2,1.7,197,8,8.9,14.2,1.7,197,8,0,29.41,,0,0,0,43.1,47.5,50.5,0.54,0.47,0.38
GABR,2019-11-08 00:00:00 EST,44.41742,-74.17867,1758,18.5,18.6,18.5,88.0,15.6,0.000,0.175,0.00,0.000,2.6,5.0,0.7,299,17,2.6,4.9,0.8,301,16,2.6,4.9,0.8,301,16,0,28.14,0.4,0,0,0,41.3,43.1,45.5,0.40,0.41,0.41
GABR,2019-11-08 00:05:00 EST,44.41742,-74.17867,1758,18.7,18.7,13.8,87.3,15.5,0.000,0.000,0.00,0.000,3.4,5.5,0.9,297,14,3.3,5.9,0.9,299,15,3.3,5.9,0.9,299,15,0,28.14,0.3,0,0,0,41.3,43.2,45.6,0.40,0.41,0.41
GABR,2019-11-08 00:10:00 EST,44.41742,-74.17867,1758,18.5,18.5,13.6,86.9,15.2,0.000,0.000,0.00,0.000,3.3,5.6,0.8,300,17,3.3,6.2,0.9,301,18,3.3,6.2,0.9,301,18,0,28.14,0.3,0,0,0,41.3,43.2,45.5,0.40,0.41,0.41
GABR,2019-11-08 00:15:00 EST,44.41742,-74.17867,1758,18.3,18.5,13.1,85.7,14.8,0.000,0.000,0.00,0.000,3.4,5.6,0.9,303,17,3.5,5.2,0.9,304,17,3.5,5.2,0.9,304,17,0,28.14,0.3,0,0,0,41.2,43.2,45.5,0.40,0.41,0.41
GABR,2019-11-08 00:20:00 EST,44.41742,-74.17867,1758,18.3,18.3,18.3,85.6,14.7,0.000,0.000,0.00,0.000,2.6,5.7,1.0,294,17,2.6,5.6,1.0,295,19,2.6,5.6,1.0,295,19,0,28.14,0.2,0,0,0,41.2,43.2,45.6,0.40,0.41,0.41
GABR,2019-11-08 00:25:00 EST,44.41742,-74.17867,1758,17.9,18.2,17.9,85.4,14.2,0.000,0.000,0.00,0.000,2.8,5.2,0.9,285,18,3.0,6.0,1.0,289,20,3.0,6.0,1.0,289,20,0,28.14,0.3,0,0,0,41.2,43.2,45.5,0.40,0.41,0.41
GABR,2019-11-08 00:30:00 EST,44.41742,-74.17867,1758,18.0,18.2,18.0,85.9,14.5,0.000,0.000,0.00,0.000,2.2,3.9,0.9,285,12,2.3,4.2,0.9,288,13,2.3,4.2,0.9,288,13,0,28.14,0.3,0,0,0,41.2,43.1,45.5,0.40,0.41,0.41
GABR,2019-11-08 00:35:00 EST,44.41742,-74.17867,1758,17.7,18.0,17.7,86.7,14.5,0.000,0.000,0.00,0.000,2.0,3.4,0.6,272,14,2.2,3.9,0.7,273,16,2.2,3.9,0.7,273,16,0,28.14,0.3,0,0,0,41.2,43.2,45.6,0.40,0.41,0.41
GABR,2019-11-08 00:40:00 EST,44.41742,-74.17867,1758,17.6,17.9,17.6,86.6,14.3,0.000,0.000,0.00,0.000,2.0,3.7,0.6,265,14,2.3,4.7,0.7,265,17,2.3,4.7,0.7,265,17,0,28.14,0.2,0,0,0,41.2,43.2,45.5,0.40,0.41,0.41
GABR,2019-11-08 00:45:00 EST,44.41742,-74.17867,1758,16.8,17.4,16.8,88.4,14.0,0.000,0.000,0.00,0.000,2.2,2.5,0.2,245,8,2.3,2.8,0.2,242,10,2.3,2.8,0.2,242,10,0,28.14,0.4,0,0,0,41.2,43.2,45.4,0.40,0.41,0.42
GABR,2019-11-08 00:50:00 EST,44.41742,-74.17867,1758,16.4,17.1,16.4,91.1,14.2,0.000,0.000,0.00,0.000,2.6,3.1,0.2,242,4,2.7,3.3,0.2,239,5,2.7,3.3,0.2,239,5,0,28.14,0.5,0,0,0,41.2,43.2,45.5,0.40,0.41,0.42
GABR,2019-11-08 00:55:00 EST,44.41742,-74.17867,1758,16.5,17.3,16.5,91.6,14.5,0.000,0.000,0.00,0.000,2.5,3.4,0.5,255,9,2.7,4.3,0.5,254,11,2.7,4.3,0.5,254,11,0,28.13,0.2,0,0,0,41.2,43.1,45.5,0.40,0.41,0.41
GABR,2019-11-08 01:00:00 EST,44.41742,-74.17867,1758,16.9,17.4,16.9,90.3,14.6,0.000,0.000,0.00,0.000,2.5,4.5,0.7,276,14,2.8,5.8,0.9,280,14,2.8,5.8,0.9,280,14,0,28.13,0.3,0,0,0,41.2,43.1,45.4,0.40,0.41,0.41
GABR,2019-11-08 01:05:00 EST,44.41742,-74.17867,1758,16.8,17.3,16.8,87.6,13.8,0.000,0.000,0.00,0.000,1.7,2.9,0.4,277,15,1.9,3.3,0.5,282,17,1.9,3.3,0.5,282,17,0,28.13,0.2,0,0,0,41.2,43.2,45.5,0.40,0.41,0.41
GABR,2019-11-08 01:10:00 EST,44.41742,-74.17867,1758,16.5,17.0,16.5,87.7,13.5,0.000,0.000,0.00,0.000,1.6,2.7,0.5,280,14,1.7,3.2,0.6,283,16,1.7,3.2,0.6,283,16,0,28.13,0.2,0,0,0,41.2,43.1,45.4,0.40,0.41,0.41
GABR,2019-11-08 01:15:00 EST,44.41742,-74.17867,1758,16.6,17.0,16.6,87.7,13.6,0.000,0.000,0.00,0.000,1.9,2.9,0.5,261,15,2.1,3.5,0.6,262,18,2.1,3.5,0.6,262,18,0,28.13,0.2,0,0,0,41.2,43.1,45.5,0.40,0.41,0.41
GABR,2019-11-08 01:20:00 EST,44.41742,-74.17867,1758,16.0,16.8,16.0,87.7,13.0,0.000,0.000,0.00,0.000,1.6,2.8,0.4,264,11,1.9,3.9,0.5,266,15,1.9,3.9,0.5,266,15,0,28.13,0.3,0,0,0,41.2,43.1,45.5,0.40,0.41,0.41
GABR,2019-11-08 01:25:00 EST,44.41742,-74.17867,1758,15.9,16.7,15.9,88.6,13.1,0.000,0.000,0.00,0.000,2.1,3.1,0.4,259,14,2.3,3.7,0.6,258,16,2.3,3.7,0.6,258,16,0,28.13,0.2,0,0,0,41.2,43.1,45.5,0.40,0.41,0.41
GABR,2019-11-08 01:30:00 EST,44.41742,-74.17867,1758,15.9,16.7,15.9,89.5,13.3,0.000,0.000,0.00,0.000,2.5,3.7,0.5,259,13,2.8,4.4,0.6,259,14,2.8,4.4,0.6,259,14,0,28.13,0.2,0,0,0,41.2,43.2,45.5,0.40,0.41,0.41
GABR,2019-11-08 01:35:00 EST,44.41742,-74.17867,1758,15.5,16.5,15.5,89.7,13.1,0.000,0.000,0.00,0.000,1.9,3.0,0.5,251,12,2.1,3.7,0.6,249,14,2.1,3.7,0.6,249,14,0,28.13,0.2,0,0,0,41.2,43.1,45.5,0.39,0.41,0.41
GABR,2019-11-08 01:40:00 EST,44.41742,-74.17867,1758,15.7,16.6,15.7,90.3,13.4,0.000,0.000,0.00,0.000,1.8,3.3,0.5,259,14,2.0,3.1,0.5,261,16,2.0,3.1,0.5,261,16,0,28.13,0.3,0,0,0,41.2,43.2,45.5,0.39,0.41,0.41
GABR,2019-11-08 01:45:00 EST,44.41742,-74.17867,1758,16.1,16.6,16.1,89.6,13.6,0.000,0.000,0.00,0.000,2.0,3.4,0.6,257,12,2.1,3.8,0.6,257,16,2.1,3.8,0.6,257,16,0,28.13,0.2,0,0,0,41.2,43.2,45.5,0.39,0.41,0.42
GABR,2019-11-08 01:50:00 EST,44.41742,-74.17867,1758,16.3,16.6,16.3,88.4,13.4,0.000,0.000,0.00,0.000,1.8,3.1,0.6,264,12,2.0,3.8,0.7,266,14,2.0,3.8,0.7,266,14,0,28.13,0.2,0,0,0,41.1,43.1,45.4,0.39,0.41,0.42
GABR,2019-11-08 01:55:00 EST,44.41742,-74.17867,1758,16.2,16.5,16.2,87.6,13.2,0.000,0.000,0.00,0.000,1.8,2.7,0.4,265,16,2.0,3.3,0.5,268,18,2.0,3.3,0.5,268,18,0,28.13,0.2,0,0,0,41.1,43.1,45.5,0.39,0.41,0.41
GABR,2019-11-08 02:00:00 EST,44.41742,-74.17867,1758,15.9,16.5,15.9,87.4,12.8,0.000,0.000,0.00,0.000,1.9,3.2,0.5,259,12,2.1,4.3,0.6,261,14,2.1,4.3,0.6,261,14,0,28.13,0.2,0,0,0,41.0,43.1,45.5,0.39,0.41,0.41
GABR,2019-11-08 02:05:00 EST,44.41742,-74.17867,1758,15.7,16.4,15.7,88.9,13.0,0.000,0.000,0.00,0.000,1.4,2.3,0.4,273,19,1.6,2.8,0.5,273,20,1.6,2.8,0.5,273,20,0,28.13,0.3,0,0,0,41.0,43.1,45.5,0.39,0.41,0.41
GABR,2019-11-08 02:10:00 EST,44.41742,-74.17867,1758,15.9,16.4,15.9,88.9,13.2,0.000,0.000,0.00,0.000,1.5,2.7,0.4,259,7,1.7,3.1,0.6,263,12,1.7,3.1,0.6,263,12,0,28.13,0.4,0,0,0,41.0,43.1,45.5,0.39,0.41,0.41
GABR,2019-11-08 02:15:00 EST,44.41742,-74.17867,1758,16.1,16.3,16.1,88.1,13.2,0.000,0.000,0.00,0.000,2.4,4.3,0.8,253,10,2.7,5.1,0.9,254,13,2.7,5.1,0.9,254,13,0,28.13,0.2,0,0,0,41.0,43.0,45.5,0.39,0.41,0.41
GABR,2019-11-08 02:20:00 EST,44.41742,-74.17867,1758,15.9,16.2,15.9,87.6,12.9,0.000,0.000,0.00,0.000,2.6,4.2,0.9,258,15,2.8,5.1,1.0,259,16,2.8,5.1,1.0,259,16,0,28.12,0.2,0,0,0,41.0,43.1,45.5,0.39,0.41,0.41
GABR,2019-11-08 02:25:00 EST,44.41742,-74.17867,1758,15.8,16.0,15.8,88.8,13.1,0.000,0.000,0.00,0.000,2.2,3.7,0.6,257,13,2.4,4.6,0.7,258,15,2.4,4.6,0.7,258,15,0,28.12,0.2,0,0,0,41.0,43.1,45.5,0.39,0.41,0.41
GABR,2019-11-08 02:30:00 EST,44.41742,-74.17867,1758,15.7,15.8,15.7,89.4,13.1,0.000,0.000,0.00,0.000,1.8,3.1,0.5,260,13,2.0,3.8,0.5,261,17,2.0,3.8,0.5,261,17,0,28.12,0.3,0,0,0,41.0,43.0,45.5,0.39,0.41,0.41
GABR,2019-11-08 02:35:00 EST,44.41742,-74.17867,1758,15.5,15.7,15.5,90.0,13.1,0.000,0.000,0.00,0.000,2.0,3.7,0.6,261,20,2.3,4.6,0.7,261,21,2.3,4.6,0.7,261,21,0,28.12,0.3,0,0,0,41.0,43.0,45.5,0.39,0.41,0.41
GABR,2019-11-08 02:40:00 EST,44.41742,-74.17867,1758,15.5,15.6,15.5,89.9,13.1,0.000,0.000,0.00,0.000,1.9,3.0,0.5,262,19,2.2,3.6,0.7,262,21,2.2,3.6,0.7,262,21,0,28.12,0.4,0,0,0,41.0,43.0,45.4,0.39,0.41,0.42
GABR,2019-11-08 02:45:00 EST,44.41742,-74.17867,1758,15.5,15.5,15.5,89.7,13.0,0.000,0.000,0.00,0.000,2.3,3.1,0.4,261,14,2.5,4.4,0.6,261,17,2.5,4.4,0.6,261,17,0,28.12,0.3,0,0,0,41.0,43.0,45.5,0.39,0.41,0.41
GABR,2019-11-08 02:50:00 EST,44.41742,-74.17867,1758,15.3,15.4,15.3,89.7,12.8,0.000,0.000,0.00,0.000,1.4,2.9,0.5,273,12,1.6,3.1,0.5,272,19,1.6,3.1,0.5,272,19,0,28.12,0.4,0,0,0,41.0,43.0,45.5,0.39,0.41,0.41
GABR,2019-11-08 02:55:00 EST,44.41742,-74.17867,1758,15.1,15.2,15.1,89.8,12.7,0.000,0.000,0.00,0.000,1.9,3.9,0.7,282,16,2.1,4.6,0.8,284,16,2.1,4.6,0.8,284,16,0,28.12,0.4,0,0,0,41.0,43.0,45.4,0.39,0.41,0.42
GABR,2019-11-08 03:00:00 EST,44.41742,-74.17867,1758,15.2,15.2,15.2,90.1,12.8,0.000,0.000,0.00,0.000,2.6,4.4,0.6,274,16,2.7,5.7,0.9,278,16,2.7,5.7,0.9,278,16,0,28.12,0.4,0,0,0,41.0,43.0,45.5,0.39,0.41,0.41
GABR,2019-11-08 03:05:00 EST,44.41742,-74.17867,1758,15.0,15.1,15.0,89.5,12.5,0.000,0.000,0.00,0.000,2.2,4.6,0.8,274,17,2.5,5.5,0.9,276,18,2.5,5.5,0.9,276,18,0,28.12,0.3,0,0,0,41.0,43.0,45.5,0.39,0.41,0.41
GABR,2019-11-08 03:10:00 EST,44.41742,-74.17867,1758,14.9,15.0,14.9,89.5,12.4,0.000,0.000,0.00,0.000,2.5,4.4,0.8,273,15,2.8,5.4,1.0,274,16,2.8,5.4,1.0,274,16,0,28.12,0.3,0,0,0,41.0,43.0,45.5,0.39,0.41,0.41
GABR,2019-11-08 03:15:00 EST,44.41742,-74.17867,1758,14.8,15.0,14.8,89.3,12.3,0.000,0.000,0.00,0.000,2.4,3.9,0.7,273,12,2.6,4.3,0.8,275,14,2.6,4.3,0.8,275,14,0,28.12,0.3,0,0,0,41.0,43.0,45.4,0.39,0.41,0.42
GABR,2019-11-08 03:20:00 EST,44.41742,-74.17867,1758,14.6,14.8,14.6,89.1,12.0,0.000,0.000,0.00,0.000,2.2,3.5,0.6,270,13,2.5,4.2,0.7,272,15,2.5,4.2,0.7,272,15,0,28.12,0.3,0,0,0,41.0,43.0,45.5,0.39,0.41,0.41
GABR,2019-11-08 03:25:00 EST,44.41742,-74.17867,1758,14.5,14.7,14.5,89.0,11.9,0.000,0.000,0.00,0.000,2.6,4.4,0.7,273,15,2.8,5.1,0.9,274,17,2.8,5.1,0.9,274,17,0,28.12,0.6,0,0,0,41.0,43.0,45.5,0.39,0.41,0.41
GABR,2019-11-08 03:30:00 EST,44.41742,-74.17867,1758,14.7,14.7,8.5,88.6,11.9,0.000,0.000,0.00,0.000,3.4,5.3,0.9,285,17,3.7,6.1,1.0,286,17,3.7,6.1,1.0,286,17,0,28.12,0.4,0,0,0,41.0,43.0,45.5,0.39,0.41,0.41
GABR,2019-11-08 03:35:00 EST,44.41742,-74.17867,1758,14.6,14.7,9.1,87.9,11.6,0.000,0.000,0.00,0.000,3.0,4.9,0.8,278,16,3.3,6.1,1.0,280,16,3.3,6.1,1.0,280,16,0,28.12,0.4,0,0,0,41.0,43.0,45.4,0.39,0.41,0.41
GABR,2019-11-08 03:40:00 EST,44.41742,-74.17867,1758,14.4,14.5,14.4,88.1,11.6,0.000,0.000,0.00,0.000,2.3,4.3,0.6,262,13,2.6,5.0,0.8,264,14,2.6,5.0,0.8,264,14,0,28.12,0.6,0,0,0,41.0,43.0,45.5,0.39,0.41,0.41
GABR,2019-11-08 03:45:00 EST,44.41742,-74.17867,1758,14.4,14.4,9.4,88.4,11.6,0.000,0.000,0.00,0.000,2.9,4.5,0.6,252,14,3.0,5.5,0.7,253,16,3.0,5.5,0.7,253,16,0,28.12,0.3,0,0,0,41.0,43.0,45.5,0.39,0.41,0.41
GABR,2019-11-08 03:50:00 EST,44.41742,-74.17867,1758,14.4,14.4,9.2,89.0,11.7,0.000,0.000,0.00,0.000,2.9,4.3,0.7,249,12,3.1,4.9,0.8,249,15,3.1,4.9,0.8,249,15,0,28.12,0.5,0,0,0,41.0,43.0,45.4,0.39,0.41,0.41
GABR,2019-11-08 03:55:00 EST,44.41742,-74.17867,1758,14.7,14.4,14.7,89.3,12.1,0.000,0.000,0.00,0.000,2.8,3.9,0.6,247,12,2.9,4.3,0.7,248,15,2.9,4.3,0.7,248,15,0,28.12,0.5,0,0,0,41.0,43.0,45.5,0.39,0.41,0.41
GABR,2019-11-08 04:00:00 EST,44.41742,-74.17867,1758,14.9,14.6,14.9,89.2,12.3,0.000,0.000,0.00,0.000,1.8,3.4,0.7,238,20,2.0,3.6,0.7,239,24,2.0,3.6,0.7,239,24,0,28.12,0.5,0,0,0,41.0,43.0,45.5,0.39,0.41,0.41
GABR,2019-11-08 04:05:00 EST,44.41742,-74.17867,1758,15.0,14.7,15.0,88.7,12.3,0.000,0.000,0.00,0.000,2.2,3.1,0.4,241,12,2.3,3.7,0.4,241,14,2.3,3.7,0.4,241,14,0,28.12,0.4,0,0,0,41.0,43.0,45.5,0.39,0.41,0.41
GABR,2019-11-08 04:10:00 EST,44.41742,-74.17867,1758,15.1,14.8,15.1,88.6,12.3,0.000,0.000,0.00,0.000,2.5,3.8,0.7,253,12,2.7,4.9,0.8,253,15,2.7,4.9,0.8,253,15,0,28.12,0.4,0,0,0,41.0,43.0,45.5,0.39,0.41,0.42
GABR,2019-11-08 04:15:00 EST,44.41742,-74.17867,1758,15.2,15.0,15.2,88.5,12.4,0.000,0.000,0.00,0.000,2.2,4.5,0.8,278,19,2.4,5.3,1.0,281,21,2.4,5.3,1.0,281,21,0,28.12,0.3,0,0,0,41.0,43.0,45.4,0.39,0.41,0.42
GABR,2019-11-08 04:20:00 EST,44.41742,-74.17867,1758,14.9,14.9,14.9,88.4,12.2,0.000,0.000,0.00,0.000,1.7,4.5,0.8,284,21,1.8,4.1,0.8,285,24,1.8,4.1,0.8,285,24,0,28.12,0.4,0,0,0,41.0,43.0,45.5,0.39,0.41,0.41
GABR,2019-11-08 04:25:00 EST,44.41742,-74.17867,1758,15.2,15.0,9.7,89.2,12.6,0.000,0.000,0.00,0.000,3.3,5.3,1.0,291,13,3.3,5.9,1.0,295,15,3.3,5.9,1.0,295,15,0,28.12,0.4,0,0,0,40.9,43.0,45.5,0.39,0.41,0.41
GABR,2019-11-08 04:30:00 EST,44.41742,-74.17867,1758,15.4,15.1,8.0,89.4,12.8,0.000,0.000,0.00,0.000,4.5,9.7,2.0,295,18,4.7,9.9,2.2,296,17,4.7,9.9,2.2,296,17,0,28.12,0.4,0,0,0,40.9,43.0,45.5,0.39,0.41,0.41
GABR,2019-11-08 04:35:00 EST,44.41742,-74.17867,1758,15.6,15.3,7.1,89.4,13.0,0.000,0.000,0.00,0.000,5.5,9.2,1.3,304,12,5.5,8.9,1.4,307,12,5.5,8.9,1.4,307,12,0,28.12,0.4,0,0,0,40.9,43.0,45.5,0.39,0.41,0.41
GABR,2019-11-08 04:40:00 EST,44.41742,-74.17867,1758,15.6,15.2,7.2,89.4,13.0,0.000,0.000,0.00,0.000,5.4,8.8,1.4,302,16,5.5,9.0,1.5,302,17,5.5,9.0,1.5,302,17,0,28.12,0.4,0,0,0,40.9,43.0,45.4,0.39,0.41,0.42
GABR,2019-11-08 04:45:00 EST,44.41742,-74.17867,1758,15.5,15.2,6.3,89.4,13.0,0.000,0.000,0.00,0.000,6.4,10.6,1.5,309,15,6.3,11.0,1.5,311,15,6.3,11.0,1.5,311,15,0,28.12,0.4,0,0,0,40.8,43.0,45.5,0.39,0.41,0.41
GABR,2019-11-08 04:50:00 EST,44.41742,-74.17867,1758,15.6,15.2,8.4,89.6,13.1,0.000,0.000,0.00,0.000,4.4,6.7,1.4,304,18,4.5,7.6,1.3,307,19,4.5,7.6,1.3,307,19,0,28.12,0.4,0,0,0,40.8,43.0,45.5,0.39,0.41,0.42
GABR,2019-11-08 04:55:00 EST,44.41742,-74.17867,1758,15.6,15.2,8.0,89.6,13.1,0.000,0.000,0.00,0.000,4.5,7.5,1.4,287,20,4.8,8.5,1.7,288,20,4.8,8.5,1.7,288,20,0,28.13,0.4,0,0,0,40.8,43.0,45.5,0.39,0.41,0.41
GABR,2019-11-08 05:00:00 EST,44.41742,-74.17867,1758,15.6,15.2,9.7,89.7,13.1,0.000,0.000,0.00,0.000,3.4,6.0,1.0,297,22,3.6,6.9,1.2,299,23,3.6,6.9,1.2,299,23,0,28.13,0.4,0,0,0,40.8,43.0,45.4,0.39,0.41,0.41
GABR,2019-11-08 05:05:00 EST,44.41742,-74.17867,1758,15.7,15.3,9.0,89.7,13.2,0.000,0.000,0.00,0.000,3.8,5.6,0.9,291,20,4.2,7.2,1.1,292,20,4.2,7.2,1.1,292,20,0,28.13,0.4,0,0,0,40.8,43.0,45.5,0.39,0.41,0.41
GABR,2019-11-08 05:10:00 EST,44.41742,-74.17867,1758,15.6,15.3,7.8,89.1,13.0,0.000,0.000,0.00,0.000,4.7,8.1,1.3,287,18,5.0,8.3,1.4,289,17,5.0,8.3,1.4,289,17,0,28.13,0.4,0,0,0,40.8,43.0,45.5,0.39,0.41,0.41
GABR,2019-11-08 05:15:00 EST,44.41742,-74.17867,1758,15.6,15.2,9.1,88.8,12.9,0.000,0.000,0.00,0.000,3.7,5.9,0.8,278,21,4.0,7.3,1.0,279,20,4.0,7.3,1.0,279,20,0,28.13,0.3,0,0,0,40.8,43.0,45.4,0.39,0.41,0.42
GABR,2019-11-08 05:20:00 EST,44.41742,-74.17867,1758,15.3,15.0,7.2,89.1,12.7,0.000,0.000,0.00,0.000,4.7,10.7,2.3,274,21,5.3,12.5,2.8,276,20,5.3,12.5,2.8,276,20,0,28.13,0.3,0,0,0,40.8,43.0,45.5,0.39,0.41,0.41
GABR,2019-11-08 05:25:00 EST,44.41742,-74.17867,1758,15.2,14.9,7.0,89.7,12.8,0.000,0.000,0.00,0.000,4.8,10.4,2.0,275,19,5.4,12.5,2.5,277,18,5.4,12.5,2.5,277,18,0,28.13,0.4,0,0,0,40.8,43.0,45.5,0.39,0.41,0.42
GABR,2019-11-08 05:30:00 EST,44.41742,-74.17867,1758,15.3,15.0,6.0,90.0,12.9,0.000,0.000,0.00,0.000,5.8,10.4,2.1,289,21,6.3,13.0,2.3,292,20,6.3,13.0,2.3,292,20,0,28.13,0.4,0,0,0,40.8,43.0,45.5,0.39,0.41,0.41
GABR,2019-11-08 05:35:00 EST,44.41742,-74.17867,1758,15.6,15.2,7.0,90.2,13.2,0.000,0.000,0.00,0.000,5.3,10.9,2.1,294,22,5.7,12.1,2.3,295,22,5.7,12.1,2.3,295,22,0,28.13,0.4,0,0,0,40.8,42.9,45.4,0.39,0.41,0.42
GABR,2019-11-08 05:40:00 EST,44.41742,-74.17867,1758,15.8,15.4,6.6,90.4,13.5,0.000,0.000,0.00,0.000,5.9,11.6,2.0,288,26,6.3,11.1,2.2,289,24,6.3,11.1,2.2,289,24,0,28.13,0.3,0,0,0,40.8,43.0,45.4,0.39,0.41,0.42
GABR,2019-11-08 05:45:00 EST,44.41742,-74.17867,1758,15.8,15.4,8.6,90.5,13.6,0.000,0.000,0.00,0.000,4.4,7.8,1.2,300,18,4.6,10.4,1.3,303,17,4.6,10.4,1.3,303,17,0,28.13,0.3,0,0,0,40.8,42.9,45.5,0.39,0.41,0.41
GABR,2019-11-08 05:50:00 EST,44.41742,-74.17867,1758,15.8,15.5,6.4,90.0,13.4,0.000,0.000,0.00,0.000,6.4,11.4,2.7,296,17,6.5,11.6,2.5,298,16,6.5,11.6,2.5,298,16,0,28.13,0.3,0,0,0,40.8,42.9,45.4,0.39,0.41,0.41
GABR,2019-11-08 05:55:00 EST,44.41742,-74.17867,1758,15.9,15.5,7.2,89.4,13.3,0.000,0.000,0.00,0.000,5.6,10.1,1.5,300,15,5.8,12.1,1.7,302,16,5.8,12.1,1.7,302,16,0,28.13,0.3,0,0,0,40.8,42.9,45.3,0.39,0.41,0.42
GABR,2019-11-08 06:00:00 EST,44.41742,-74.17867,1758,16.0,15.6,8.4,89.9,13.5,0.000,0.000,0.00,0.000,4.5,6.9,1.2,292,17,4.9,8.2,1.5,294,16,4.9,8.2,1.5,294,16,0,28.13,0.3,0,0,0,40.8,42.9,45.5,0.39,0.41,0.42
GABR,2019-11-08 06:05:00 EST,44.41742,-74.17867,1758,16.1,15.7,8.2,90.3,13.7,0.000,0.000,0.00,0.000,4.7,7.7,1.3,284,19,5.2,8.4,1.5,286,18,5.2,8.4,1.5,286,18,0,28.13,0.1,0,0,0,40.8,42.8,45.4,0.39,0.41,0.42
GABR,2019-11-08 06:10:00 EST,44.41742,-74.17867,1758,16.1,15.8,8.2,90.2,13.8,0.000,0.000,0.00,0.000,4.5,8.3,1.5,274,18,5.2,10.5,1.9,277,16,5.2,10.5,1.9,277,16,0,28.13,0.1,0,0,0,40.7,42.8,45.4,0.39,0.41,0.41
GABR,2019-11-08 06:15:00 EST,44.41742,-74.17867,1758,16.1,15.8,9.4,90.0,13.7,0.000,0.000,0.00,0.000,3.7,7.5,1.4,284,19,4.3,8.9,1.6,283,19,4.3,8.9,1.6,283,19,0,28.13,0.0,0,0,0,40.7,42.9,45.4,0.39,0.41,0.41
GABR,2019-11-08 06:20:00 EST,44.41742,-74.17867,1758,16.2,15.8,9.1,90.1,13.8,0.000,0.000,0.00,0.000,4.4,10.3,1.9,288,19,4.5,9.7,1.8,288,18,4.5,9.7,1.8,288,18,0,28.14,0.2,0,0,0,40.6,42.8,45.5,0.39,0.41,0.41
GABR,2019-11-08 06:25:00 EST,44.41742,-74.17867,1758,16.2,15.9,10.3,89.9,13.7,0.000,0.000,0.00,0.000,3.4,7.2,0.9,289,19,3.7,7.5,1.1,290,21,3.7,7.5,1.1,290,21,0,28.14,0.0,0,0,0,40.6,42.8,45.4,0.39,0.41,0.42
GABR,2019-11-08 06:30:00 EST,44.41742,-74.17867,1758,16.2,15.9,10.0,89.8,13.7,0.000,0.000,0.00,0.000,3.4,7.5,1.5,288,21,3.8,10.1,1.7,289,22,3.8,10.1,1.7,289,22,1,28.14,-0.1,0,0,0,40.6,42.8,45.5,0.39,0.41,0.42
GABR,2019-11-08 06:35:00 EST,44.41742,-74.17867,1758,16.2,16.0,9.5,89.9,13.8,0.003,0.003,0.00,0.003,4.1,7.5,1.2,292,24,4.3,8.9,1.6,293,22,4.3,8.9,1.6,293,22,2,28.14,-0.1,0,0,0,40.6,42.8,45.5,0.39,0.41,0.41
GABR,2019-11-08 06:40:00 EST,44.41742,-74.17867,1758,16.5,16.1,9.7,89.9,14.1,0.002,0.005,0.00,0.005,4.3,7.6,1.2,295,17,4.4,9.3,1.4,297,17,4.4,9.3,1.4,297,17,3,28.14,-0.2,0,0,0,40.6,42.8,45.4,0.39,0.41,0.42
GABR,2019-11-08 06:45:00 EST,44.41742,-74.17867,1758,16.6,16.3,9.1,89.9,14.2,0.001,0.006,0.00,0.006,4.7,7.8,1.3,297,18,4.9,9.1,1.5,300,19,4.9,9.1,1.5,300,19,4,28.14,-0.2,0,0,0,40.6,42.8,45.5,0.39,0.41,0.41
GABR,2019-11-08 06:50:00 EST,44.41742,-74.17867,1758,16.7,16.4,11.2,90.2,14.4,0.000,0.006,0.00,0.006,3.5,6.4,1.3,295,20,3.5,7.5,1.6,297,21,3.5,7.5,1.6,297,21,6,28.15,-0.2,0,0,0,40.6,42.8,45.5,0.39,0.41,0.42
GABR,2019-11-08 06:55:00 EST,44.41742,-74.17867,1758,16.9,16.5,9.5,89.8,14.4,0.000,0.006,0.00,0.006,4.8,8.0,1.3,301,17,4.9,9.5,1.4,302,18,4.9,9.5,1.4,302,18,11,28.15,-0.4,0,0,0,40.6,42.8,45.5,0.39,0.41,0.41
GABR,2019-11-08 07:00:00 EST,44.41742,-74.17867,1758,16.9,16.6,9.6,89.7,14.4,0.000,0.006,0.00,0.006,4.9,7.7,1.1,301,14,4.8,9.0,1.4,302,16,4.8,9.0,1.4,302,16,15,28.15,-0.1,0,0,0,40.6,42.8,45.4,0.39,0.41,0.41
GABR,2019-11-08 07:05:00 EST,44.41742,-74.17867,1758,17.1,16.8,8.8,89.3,14.5,0.000,0.006,0.00,0.006,5.9,9.7,1.6,310,12,5.6,9.7,1.5,315,13,5.6,9.7,1.5,315,13,18,28.16,-0.2,0,0,0,40.6,42.8,45.4,0.38,0.41,0.42
GABR,2019-11-08 07:10:00 EST,44.41742,-74.17867,1758,17.2,16.9,8.4,88.8,14.5,0.000,0.006,0.00,0.006,6.4,10.8,2.1,313,14,6.1,11.2,1.9,317,14,6.1,11.2,1.9,317,14,25,28.16,-0.1,0,0,0,40.6,42.8,45.4,0.38,0.41,0.41
GABR,2019-11-08 07:15:00 EST,44.41742,-74.17867,1758,17.3,17.0,8.6,87.7,14.3,0.000,0.006,0.00,0.006,6.1,13.3,2.4,315,16,6.1,13.6,2.4,319,18,6.1,13.6,2.4,319,18,41,28.16,-0.0,0,0,0,40.6,42.8,45.5,0.38,0.41,0.41
GABR,2019-11-08 07:20:00 EST,44.41742,-74.17867,1758,17.4,17.1,9.4,87.7,14.4,0.000,0.006,0.00,0.006,5.8,10.1,1.9,309,13,5.5,9.4,1.8,313,13,5.5,9.4,1.8,313,13,43,28.16,-0.1,0,0,0,40.6,42.8,45.4,0.38,0.41,0.41
GABR,2019-11-08 07:25:00 EST,44.41742,-74.17867,1758,17.6,17.3,10.0,88.1,14.7,0.000,0.006,0.00,0.006,5.4,9.2,1.9,317,16,5.2,8.6,1.6,320,17,5.2,8.6,1.6,320,17,35,28.16,-0.1,0,0,0,40.6,42.8,45.5,0.38,0.41,0.42
GABR,2019-11-08 07:30:00 EST,44.41742,-74.17867,1758,17.8,17.4,8.1,87.7,14.8,0.000,0.006,0.00,0.006,7.2,11.6,2.0,317,19,7.4,12.0,2.0,323,21,7.4,12.0,2.0,323,21,51,28.17,-0.2,0,0,0,40.6,42.8,45.4,0.38,0.41,0.42
GABR,2019-11-08 07:35:00 EST,44.41742,-74.17867,1758,17.9,17.5,7.8,87.0,14.7,0.000,0.006,0.00,0.002,7.9,14.1,2.6,312,15,7.9,13.4,2.5,316,18,7.9,13.4,2.5,316,18,45,28.17,-0.4,0,0,0,40.6,42.8,45.5,0.38,0.41,0.41
GABR,2019-11-08 07:40:00 EST,44.41742,-74.17867,1758,18.0,17.6,8.0,86.4,14.6,0.000,0.006,0.00,0.001,7.8,12.7,1.9,310,15,7.8,14.3,1.8,314,16,7.8,14.3,1.8,314,16,41,28.17,-0.3,0,0,0,40.6,42.8,45.5,0.38,0.41,0.41
GABR,2019-11-08 07:45:00 EST,44.41742,-74.17867,1758,18.0,17.6,7.2,85.9,14.5,0.000,0.006,0.00,0.000,9.1,14.8,2.5,312,14,8.8,15.9,2.4,316,15,8.8,15.9,2.4,316,15,34,28.17,0.0,0,0,0,40.5,42.8,45.4,0.38,0.41,0.42
GABR,2019-11-08 07:50:00 EST,44.41742,-74.17867,1758,18.0,17.6,6.1,85.4,14.4,0.000,0.006,0.00,0.000,10.8,16.9,2.5,327,11,10.5,16.7,2.5,332,13,10.5,16.7,2.5,332,13,38,28.18,0.2,0,0,0,40.5,42.8,45.4,0.38,0.41,0.42
GABR,2019-11-08 07:55:00 EST,44.41742,-74.17867,1758,17.8,17.4,6.2,85.1,14.1,0.000,0.006,0.00,0.000,9.5,16.7,2.3,333,18,9.8,17.5,2.6,341,12,9.8,17.5,2.6,341,12,48,28.18,-0.1,0,0,0,40.5,42.8,45.5,0.38,0.41,0.41
GABR,2019-11-08 08:00:00 EST,44.41742,-74.17867,1758,17.8,17.4,7.2,85.5,14.2,0.000,0.006,0.00,0.000,8.5,13.4,2.3,328,13,8.5,14.9,2.6,334,14,8.5,14.9,2.6,334,14,78,28.18,0.2,0,0,0,40.5,42.8,45.5,0.38,0.41,0.41
GABR,2019-11-08 08:05:00 EST,44.41742,-74.17867,1758,17.9,17.5,7.1,85.8,14.4,0.000,0.006,0.00,0.000,9.1,14.4,2.1,321,12,8.8,13.7,2.1,327,12,8.8,13.7,2.1,327,12,81,28.18,0.0,0,0,0,40.5,42.8,45.4,0.38,0.41,0.42
GABR,2019-11-08 08:10:00 EST,44.41742,-74.17867,1758,18.1,17.7,8.3,85.0,14.4,0.000,0.006,0.00,0.000,8.0,13.2,2.4,315,16,7.6,13.1,2.0,319,14,7.6,13.1,2.0,319,14,125,28.18,0.1,0,0,0,40.5,42.8,45.4,0.38,0.41,0.41
GABR,2019-11-08 08:15:00 EST,44.41742,-74.17867,1758,18.4,18.0,9.1,85.2,14.7,0.000,0.006,0.00,0.000,6.8,11.6,2.0,322,20,7.0,12.2,2.0,328,21,7.0,12.2,2.0,328,21,130,28.18,0.2,0,0,0,40.5,42.8,45.4,0.38,0.41,0.42
GABR,2019-11-08 08:20:00 EST,44.41742,-74.17867,1758,18.6,18.1,10.0,85.9,15.1,0.000,0.006,0.00,0.000,6.2,13.7,2.0,317,16,6.3,14.7,2.1,322,16,6.3,14.7,2.1,322,16,115,28.19,0.2,0,0,0,40.5,42.8,45.4,0.38,0.41,0.41
GABR,2019-11-08 08:25:00 EST,44.41742,-74.17867,1758,18.6,18.1,9.7,86.6,15.2,0.000,0.006,0.00,0.000,6.7,18.0,3.5,302,18,6.6,17.5,3.2,303,17,6.6,17.5,3.2,303,17,111,28.19,0.7,0,0,0,40.5,42.8,45.4,0.38,0.41,0.41
GABR,2019-11-08 08:30:00 EST,44.41742,-74.17867,1758,18.2,17.8,6.8,84.2,14.2,0.000,0.006,0.00,0.000,9.4,16.8,3.3,304,18,9.6,18.0,3.2,306,19,9.6,18.0,3.2,306,19,97,28.19,0.8,0,0,0,40.5,42.8,45.5,0.38,0.41,0.42
GABR,2019-11-08 08:35:00 EST,44.41742,-74.17867,1758,18.2,17.8,7.9,83.3,14.0,0.000,0.006,0.00,0.000,7.9,14.4,2.6,310,20,8.1,14.3,2.4,316,21,8.1,14.3,2.4,316,21,173,28.19,0.7,0,0,0,40.5,42.8,45.5,0.38,0.41,0.41
GABR,2019-11-08 08:40:00 EST,44.41742,-74.17867,1758,18.3,17.9,7.7,83.0,14.0,0.000,0.006,0.00,0.000,8.9,14.7,2.4,311,18,8.7,13.7,2.3,314,19,8.7,13.7,2.3,314,19,152,28.19,0.7,0,0,0,40.5,42.8,45.4,0.38,0.41,0.41
GABR,2019-11-08 08:45:00 EST,44.41742,-74.17867,1758,18.2,17.8,5.9,80.4,13.2,0.000,0.006,0.00,0.000,11.8,19.3,3.0,319,16,11.2,17.8,2.6,323,16,11.2,17.8,2.6,323,16,196,28.19,0.8,0,0,0,40.5,42.8,45.4,0.38,0.41,0.41
GABR,2019-11-08 08:50:00 EST,44.41742,-74.17867,1758,18.3,17.8,7.1,81.8,13.6,0.000,0.006,0.00,0.000,9.3,19.1,3.2,322,14,9.4,19.4,3.1,327,17,9.4,19.4,3.1,327,17,123,28.19,0.7,0,0,0,40.5,42.8,45.4,0.38,0.41,0.41
GABR,2019-11-08 08:55:00 EST,44.41742,-74.17867,1758,17.8,17.5,5.4,80.3,12.8,0.000,0.006,0.00,0.000,11.4,19.2,2.5,314,18,11.3,19.6,2.5,317,18,11.3,19.6,2.5,317,18,157,28.19,0.9,0,0,0,40.5,42.8,45.4,0.38,0.41,0.42
GABR,2019-11-08 09:00:00 EST,44.41742,-74.17867,1758,17.7,17.3,6.0,80.5,12.8,0.000,0.006,0.00,0.000,10.3,16.8,3.0,315,13,10.1,16.0,2.6,319,15,10.1,16.0,2.6,319,15,133,28.20,0.6,0,0,0,40.5,42.8,45.4,0.38,0.41,0.41
GABR,2019-11-08 09:05:00 EST,44.41742,-74.17867,1758,17.5,17.1,5.1,81.7,12.9,0.000,0.006,0.00,0.000,11.5,16.0,2.4,311,17,11.1,16.2,2.4,314,17,11.1,16.2,2.4,314,17,165,28.20,0.8,0,0,0,40.4,42.8,45.4,0.38,0.41,0.41
GABR,2019-11-08 09:10:00 EST,44.41742,-74.17867,1758,17.7,17.2,6.7,80.5,12.7,0.000,0.006,0.00,0.000,8.8,16.1,3.1,305,17,8.9,15.6,2.8,307,16,8.9,15.6,2.8,307,16,258,28.20,0.9,0,0,0,40.3,42.8,45.5,0.38,0.41,0.42
GABR,2019-11-08 09:15:00 EST,44.41742,-74.17867,1758,17.9,17.4,8.5,79.9,12.8,0.000,0.006,0.00,0.000,7.0,12.6,1.9,301,16,7.1,13.4,1.8,305,15,7.1,13.4,1.8,305,15,278,28.20,0.9,0,0,0,40.3,42.8,45.5,0.38,0.41,0.41
GABR,2019-11-08 09:20:00 EST,44.41742,-74.17867,1758,18.2,17.7,7.1,79.5,12.9,0.000,0.006,0.00,0.000,9.3,15.7,2.6,311,15,9.2,15.5,2.4,314,14,9.2,15.5,2.4,314,14,300,28.20,1.0,0,0,0,40.3,42.7,45.4,0.38,0.41,0.42
GABR,2019-11-08 09:25:00 EST,44.41742,-74.17867,1758,18.2,17.8,8.0,81.6,13.6,0.000,0.006,0.00,0.000,8.2,12.4,1.8,312,15,8.2,13.2,1.9,315,17,8.2,13.2,1.9,315,17,176,28.20,0.9,0,0,0,40.3,42.7,45.4,0.38,0.41,0.42
GABR,2019-11-08 09:30:00 EST,44.41742,-74.17867,1758,18.2,17.6,8.4,81.4,13.4,0.000,0.006,0.00,0.000,7.5,12.6,2.1,311,19,7.5,12.6,2.0,316,19,7.5,12.6,2.0,316,19,165,28.20,0.8,0,0,0,40.3,42.8,45.5,0.38,0.41,0.41
GABR,2019-11-08 09:35:00 EST,44.41742,-74.17867,1758,18.3,17.8,10.2,81.1,13.5,0.000,0.006,0.00,0.000,5.3,12.3,2.2,297,24,5.7,13.6,2.4,298,23,5.7,13.6,2.4,298,23,211,28.20,1.1,0,0,0,40.3,42.8,45.4,0.38,0.41,0.42
GABR,2019-11-08 09:40:00 EST,44.41742,-74.17867,1758,18.5,18.0,9.8,81.8,13.9,0.000,0.006,0.00,0.000,6.4,11.1,2.2,306,17,6.4,11.8,2.2,309,17,6.4,11.8,2.2,309,17,210,28.20,1.2,0,0,0,40.3,42.7,45.4,0.38,0.41,0.42
GABR,2019-11-08 09:45:00 EST,44.41742,-74.17867,1758,18.3,17.9,8.1,80.9,13.4,0.000,0.006,0.00,0.000,8.0,15.3,2.3,300,19,8.1,16.8,2.3,304,19,8.1,16.8,2.3,304,19,242,28.20,,0,0,0,40.3,42.7,45.4,0.38,0.41,0.42
GABR,2019-11-08 09:50:00 EST,44.41742,-74.17867,1758,18.4,18.0,8.4,79.8,13.3,0.000,0.006,0.00,0.000,7.7,13.0,2.8,302,19,7.9,14.2,2.7,304,19,7.9,14.2,2.7,304,19,230,28.20,,0,0,0,40.3,42.7,45.4,0.38,0.41,0.42
GABR,2019-11-08 09:55:00 EST,44.41742,-74.17867,1758,18.5,18.1,7.7,79.9,13.3,0.000,0.006,0.00,0.000,8.7,14.7,2.3,295,19,8.9,17.7,2.6,298,19,8.9,17.7,2.6,298,19,242,28.20,1.2,0,0,0,40.3,42.7,45.4,0.38,0.41,0.42
GABR,2019-11-08 10:00:00 EST,44.41742,-74.17867,1758,18.8,18.3,8.4,78.1,13.1,0.000,0.006,0.00,0.000,8.2,13.4,2.1,289,18,8.5,16.3,2.7,291,19,8.5,16.3,2.7,291,19,279,28.20,,0,0,0,40.3,42.7,45.5,0.38,0.41,0.42
GABR,2019-11-08 10:05:00 EST,44.41742,-74.17867,1758,18.7,18.2,7.7,78.9,13.2,0.000,0.006,0.00,0.000,9.4,15.6,3.2,308,15,9.3,16.2,2.9,312,15,9.3,16.2,2.9,312,15,229,28.20,1.2,0,0,0,40.3,42.7,45.4,0.38,0.41,0.42
GABR,2019-11-08 10:10:00 EST,44.41742,-74.17867,1758,19.2,18.7,11.5,79.8,14.0,0.000,0.006,0.00,0.000,5.0,9.4,1.9,296,23,5.5,10.7,2.0,298,23,5.5,10.7,2.0,298,23,285,28.20,1.2,0,0,0,40.3,42.7,45.5,0.38,0.41,0.42
GABR,2019-11-08 10:15:00 EST,44.41742,-74.17867,1758,19.2,18.7,8.0,77.1,13.2,0.000,0.006,0.00,0.000,10.0,15.3,2.1,302,15,9.8,15.9,2.1,305,16,9.8,15.9,2.1,305,16,316,28.21,1.1,0,0,0,40.3,42.7,45.5,0.38,0.41,0.41
GABR,2019-11-08 10:20:00 EST,44.41742,-74.17867,1758,19.0,18.4,7.8,77.7,13.1,0.000,0.006,0.00,0.000,9.8,15.6,2.4,303,17,9.7,17.5,2.4,306,16,9.7,17.5,2.4,306,16,241,28.21,1.0,0,0,0,40.3,42.6,45.5,0.38,0.41,0.42
GABR,2019-11-08 10:25:00 EST,44.41742,-74.17867,1758,19.2,18.7,10.4,78.9,13.7,0.000,0.006,0.00,0.000,6.3,14.1,2.5,296,19,6.7,15.6,2.8,299,20,6.7,15.6,2.8,299,20,329,28.21,0.9,0,0,0,40.3,42.6,45.5,0.38,0.41,0.42
GABR,2019-11-08 10:30:00 EST,44.41742,-74.17867,1758,19.3,18.7,9.8,78.2,13.7,0.000,0.006,0.00,0.000,7.8,12.5,1.6,313,15,7.5,12.3,1.7,317,15,7.5,12.3,1.7,317,15,327,28.21,0.9,0,0,0,40.3,42.6,45.5,0.38,0.41,0.41
GABR,2019-11-08 10:35:00 EST,44.41742,-74.17867,1758,19.7,19.1,11.3,78.6,14.1,0.000,0.006,0.00,0.000,5.7,11.3,2.3,284,27,6.2,12.4,2.5,285,23,6.2,12.4,2.5,285,23,279,28.21,0.7,0,0,0,40.3,42.6,45.4,0.38,0.41,0.42
GABR,2019-11-08 10:40:00 EST,44.41742,-74.17867,1758,19.4,18.9,10.9,79.8,14.2,0.000,0.006,0.00,0.000,6.1,16.0,2.9,301,25,6.4,14.3,2.6,301,24,6.4,14.3,2.6,301,24,175,28.21,1.0,0,0,0,40.3,42.6,45.4,0.38,0.41,0.42
GABR,2019-11-08 10:45:00 EST,44.41742,-74.17867,1758,19.0,18.5,7.7,80.3,13.9,0.000,0.006,0.00,0.000,9.9,15.0,2.0,311,15,9.8,15.0,1.9,314,16,9.8,15.0,1.9,314,16,149,28.21,1.2,0,0,0,40.3,42.6,45.5,0.38,0.41,0.42
GABR,2019-11-08 10:50:00 EST,44.41742,-74.17867,1758,18.6,18.1,7.1,80.6,13.6,0.000,0.006,0.00,0.000,10.3,15.3,1.7,309,14,9.9,14.5,1.6,312,13,9.9,14.5,1.6,312,13,126,28.21,1.2,0,0,0,40.3,42.6,45.4,0.38,0.41,0.42
GABR,2019-11-08 10:55:00 EST,44.41742,-74.17867,1758,18.6,18.1,8.4,81.7,13.9,0.000,0.006,0.00,0.000,8.3,16.0,2.1,309,14,8.2,15.3,1.9,311,14,8.2,15.3,1.9,311,14,125,28.21,1.3,0,0,0,40.3,42.6,45.4,0.38,0.41,0.42
GABR,2019-11-08 11:00:00 EST,44.41742,-74.17867,1758,18.6,18.1,6.4,80.3,13.5,0.000,0.006,0.00,0.000,11.0,17.5,3.2,307,17,11.0,17.4,3.1,309,16,11.0,17.4,3.1,309,16,163,28.21,1.3,0,0,0,40.3,42.6,45.4,0.38,0.41,0.42
GABR,2019-11-08 11:05:00 EST,44.41742,-74.17867,1758,18.9,18.5,7.3,78.9,13.4,0.000,0.006,0.00,0.000,9.9,17.3,2.7,292,19,10.2,18.9,3.1,295,17,10.2,18.9,3.1,295,17,309,28.21,1.3,0,0,0,40.2,42.6,45.4,0.38,0.41,0.42
GABR,2019-11-08 11:10:00 EST,44.41742,-74.17867,1758,19.1,18.7,8.3,78.6,13.6,0.000,0.006,0.00,0.000,8.9,16.8,3.0,297,19,9.2,17.5,2.8,300,18,9.2,17.5,2.8,300,18,260,28.21,1.4,0,0,0,40.1,42.6,45.4,0.38,0.41,0.42
GABR,2019-11-08 11:15:00 EST,44.41742,-74.17867,1758,19.3,18.8,8.6,77.0,13.3,0.000,0.006,0.00,0.000,8.7,18.1,3.3,299,16,9.1,18.9,3.5,302,16,9.1,18.9,3.5,302,16,269,28.21,1.4,0,0,0,40.1,42.6,45.4,0.38,0.41,0.42
GABR,2019-11-08 11:20:00 EST,44.41742,-74.17867,1758,19.4,19.0,9.1,78.0,13.7,0.000,0.006,0.00,0.000,8.2,14.3,2.3,294,22,8.6,15.8,2.7,294,22,8.6,15.8,2.7,294,22,260,28.21,1.4,0,0,0,40.1,42.6,45.4,0.38,0.41,0.42
GABR,2019-11-08 11:25:00 EST,44.41742,-74.17867,1758,19.8,19.3,10.9,78.5,14.2,0.000,0.006,0.00,0.000,6.1,9.7,1.8,293,32,6.9,12.4,2.1,290,31,6.9,12.4,2.1,290,31,309,28.21,1.4,0,0,0,40.1,42.6,45.4,0.38,0.41,0.42
GABR,2019-11-08 11:30:00 EST,44.41742,-74.17867,1758,19.7,19.2,9.0,76.2,13.4,0.000,0.006,0.00,0.000,8.4,14.8,2.9,283,24,9.3,16.4,3.2,285,22,9.3,16.4,3.2,285,22,269,28.21,1.4,0,0,0,40.1,42.6,45.3,0.38,0.41,0.42
GABR,2019-11-08 11:35:00 EST,44.41742,-74.17867,1758,19.9,19.4,10.2,76.9,13.8,0.000,0.006,0.00,0.000,7.5,14.4,2.8,297,22,7.8,17.1,3.0,297,21,7.8,17.1,3.0,297,21,276,28.21,1.3,0,0,0,40.1,42.6,45.5,0.38,0.41,0.42
GABR,2019-11-08 11:40:00 EST,44.41742,-74.17867,1758,19.9,19.4,9.6,76.4,13.7,0.000,0.006,0.00,0.000,8.6,15.6,2.6,308,17,8.7,15.7,2.6,310,18,8.7,15.7,2.6,310,18,233,28.21,1.4,0,0,0,40.1,42.6,45.4,0.38,0.41,0.41
GABR,2019-11-08 11:45:00 EST,44.41742,-74.17867,1758,19.7,19.2,9.4,78.3,14.1,0.000,0.006,0.00,0.000,8.4,14.2,2.6,316,18,8.7,15.3,2.5,319,17,8.7,15.3,2.5,319,17,163,28.21,1.4,0,0,0,40.1,42.6,45.3,0.38,0.41,0.42
GABR,2019-11-08 11:50:00 EST,44.41742,-74.17867,1758,19.6,19.1,8.7,78.6,14.0,0.000,0.006,0.00,0.000,9.1,14.3,2.4,298,18,9.3,16.3,2.6,299,19,9.3,16.3,2.6,299,19,131,28.21,1.3,0,0,0,40.1,42.6,45.3,0.38,0.41,0.42
GABR,2019-11-08 11:55:00 EST,44.41742,-74.17867,1758,19.6,19.1,10.9,78.7,14.1,0.000,0.006,0.00,0.000,6.6,11.2,2.3,307,19,6.5,11.5,2.2,311,20,6.5,11.5,2.2,311,20,137,28.21,1.2,0,0,0,40.1,42.6,45.3,0.38,0.41,0.42
GABR,2019-11-08 12:00:00 EST,44.41742,-74.17867,1758,19.5,19.0,9.8,79.0,14.1,0.000,0.006,0.00,0.000,7.3,13.2,2.2,297,18,7.8,14.0,2.4,297,19,7.8,14.0,2.4,297,19,198,28.21,1.2,0,0,0,40.1,42.6,45.4,0.38,0.41,0.42
GABR,2019-11-08 12:05:00 EST,44.41742,-74.17867,1758,19.3,18.9,8.3,77.7,13.5,0.000,0.006,0.00,0.000,9.5,19.4,3.8,309,22,9.7,19.6,3.5,311,23,9.7,19.6,3.5,311,23,204,28.21,1.2,0,0,0,40.1,42.6,45.4,0.38,0.41,0.42
GABR,2019-11-08 12:10:00 EST,44.41742,-74.17867,1758,19.4,18.9,10.0,79.3,14.1,0.000,0.006,0.00,0.000,7.1,15.0,3.3,313,20,7.5,15.6,3.4,315,20,7.5,15.6,3.4,315,20,165,28.21,1.2,0,0,0,40.1,42.6,45.4,0.38,0.41,0.42
GABR,2019-11-08 12:15:00 EST,44.41742,-74.17867,1758,19.4,19.0,7.9,77.6,13.6,0.000,0.006,0.00,0.000,10.7,16.7,2.7,311,15,10.4,15.9,2.4,314,15,10.4,15.9,2.4,314,15,168,28.21,1.2,0,0,0,40.1,42.5,45.3,0.38,0.41,0.42
GABR,2019-11-08 12:20:00 EST,44.41742,-74.17867,1758,19.5,19.0,8.6,77.8,13.7,0.000,0.006,0.00,0.000,8.8,14.6,2.4,290,23,9.4,16.9,2.6,294,23,9.4,16.9,2.6,294,23,182,28.21,1.2,0,0,0,40.1,42.5,45.4,0.38,0.41,0.42
GABR,2019-11-08 12:25:00 EST,44.41742,-74.17867,1758,19.5,19.0,9.7,78.9,14.0,0.000,0.006,0.00,0.000,7.8,13.4,2.2,300,15,8.0,15.1,2.2,303,16,8.0,15.1,2.2,303,16,178,28.21,1.2,0,0,0,40.1,42.6,45.3,0.38,0.41,0.42
GABR,2019-11-08 12:30:00 EST,44.41742,-74.17867,1758,19.5,19.1,10.3,78.5,13.9,0.000,0.006,0.00,0.000,6.5,13.5,2.6,299,21,7.1,18.8,3.0,300,20,7.1,18.8,3.0,300,20,179,28.21,1.2,0,0,0,40.1,42.5,45.4,0.38,0.41,0.42
GABR,2019-11-08 12:35:00 EST,44.41742,-74.17867,1758,19.4,19.0,9.3,78.5,13.8,0.000,0.006,0.00,0.000,8.0,12.9,2.0,304,19,8.3,12.9,1.8,307,19,8.3,12.9,1.8,307,19,139,28.21,1.2,0,0,0,40.1,42.5,45.3,0.38,0.41,0.42
GABR,2019-11-08 12:40:00 EST,44.41742,-74.17867,1758,19.3,18.9,9.9,79.0,13.9,0.000,0.006,0.00,0.000,7.4,14.2,2.9,304,18,7.3,14.1,2.7,306,16,7.3,14.1,2.7,306,16,130,28.21,1.2,0,0,0,40.1,42.5,45.3,0.38,0.41,0.42
GABR,2019-11-08 12:45:00 EST,44.41742,-74.17867,1758,19.4,19.0,9.4,79.7,14.2,0.000,0.006,0.00,0.000,7.8,15.2,2.6,312,20,8.3,16.0,2.4,314,22,8.3,16.0,2.4,314,22,134,28.21,1.2,0,0,0,40.1,42.5,45.2,0.38,0.41,0.42
GABR,2019-11-08 12:50:00 EST,44.41742,-74.17867,1758,19.6,19.1,9.8,79.3,14.2,0.000,0.006,0.00,0.000,7.7,14.5,2.8,300,17,7.9,14.9,3.0,301,19,7.9,14.9,3.0,301,19,162,28.21,1.3,0,0,0,40.1,42.4,45.2,0.38,0.41,0.42
GABR,2019-11-08 12:55:00 EST,44.41742,-74.17867,1758,19.6,19.1,8.0,77.6,13.7,0.000,0.006,0.00,0.000,10.9,18.4,2.7,305,16,10.6,18.3,2.5,307,16,10.6,18.3,2.5,307,16,185,28.21,1.3,0,0,0,40.1,42.4,45.3,0.38,0.41,0.42
GABR,2019-11-08 13:00:00 EST,44.41742,-74.17867,1758,19.7,19.2,9.2,77.1,13.7,0.000,0.006,0.00,0.000,8.7,14.8,2.6,306,21,8.9,14.7,2.3,310,21,8.9,14.7,2.3,310,21,158,28.21,1.2,0,0,0,40.1,42.4,45.3,0.38,0.41,0.42
GABR,2019-11-08 13:05:00 EST,44.41742,-74.17867,1758,19.6,19.2,8.1,77.9,13.9,0.000,0.006,0.00,0.000,10.7,18.6,3.0,308,16,10.6,19.9,3.1,311,15,10.6,19.9,3.1,311,15,161,28.21,1.3,0,0,0,40.1,42.4,45.3,0.38,0.41,0.42
GABR,2019-11-08 13:10:00 EST,44.41742,-74.17867,1758,19.7,19.3,7.1,76.0,13.4,0.000,0.006,0.00,0.000,12.3,20.6,3.0,300,18,12.4,22.0,3.4,304,17,12.4,22.0,3.4,304,17,190,28.21,1.2,0,0,0,40.1,42.4,45.3,0.38,0.41,0.42
GABR,2019-11-08 13:15:00 EST,44.41742,-74.17867,1758,19.7,19.3,8.0,75.7,13.3,0.000,0.006,0.00,0.000,10.4,17.2,3.5,297,15,10.9,16.8,3.4,298,16,10.9,16.8,3.4,298,16,157,28.21,1.1,0,0,0,40.1,42.4,45.3,0.38,0.41,0.42
GABR,2019-11-08 13:20:00 EST,44.41742,-74.17867,1758,19.7,19.3,9.0,75.7,13.2,0.000,0.006,0.00,0.000,9.2,14.0,2.1,311,18,9.2,15.6,2.1,315,18,9.2,15.6,2.1,315,18,123,28.21,1.2,0,0,0,40.1,42.4,45.3,0.38,0.41,0.42
GABR,2019-11-08 13:25:00 EST,44.41742,-74.17867,1758,19.7,19.2,8.7,77.9,13.9,0.000,0.006,0.00,0.000,9.5,18.7,3.1,313,16,9.6,16.8,2.8,317,17,9.6,16.8,2.8,317,17,161,28.21,1.2,0,0,0,40.1,42.4,45.3,0.38,0.41,0.42
GABR,2019-11-08 13:30:00 EST,44.41742,-74.17867,1758,19.8,19.3,9.2,75.8,13.4,0.000,0.006,0.00,0.000,8.8,15.3,2.4,303,20,9.0,14.4,2.5,306,19,9.0,14.4,2.5,306,19,167,28.21,1.1,0,0,0,40.1,42.4,45.3,0.38,0.41,0.42
GABR,2019-11-08 13:35:00 EST,44.41742,-74.17867,1758,19.8,19.3,9.9,76.9,13.7,0.000,0.006,0.00,0.000,7.8,14.2,2.4,309,17,8.1,15.1,2.6,312,18,8.1,15.1,2.6,312,18,109,28.21,1.1,0,0,0,40.1,42.4,45.2,0.38,0.41,0.42
GABR,2019-11-08 13:40:00 EST,44.41742,-74.17867,1758,19.7,19.3,9.1,76.7,13.6,0.000,0.006,0.00,0.000,8.7,14.2,2.3,304,20,9.0,16.4,2.3,307,19,9.0,16.4,2.3,307,19,106,28.22,1.2,0,0,0,40.1,42.4,45.2,0.38,0.41,0.42
GABR,2019-11-08 13:45:00 EST,44.41742,-74.17867,1758,19.6,19.2,7.1,75.9,13.2,0.000,0.006,0.00,0.000,11.9,21.5,3.5,302,16,12.0,19.3,3.4,303,16,12.0,19.3,3.4,303,16,105,28.22,1.1,0,0,0,40.1,42.4,45.2,0.38,0.41,0.42
GABR,2019-11-08 13:50:00 EST,44.41742,-74.17867,1758,19.5,19.1,8.9,76.5,13.3,0.000,0.006,0.00,0.000,9.0,14.9,2.2,308,18,9.0,14.6,2.3,311,17,9.0,14.6,2.3,311,17,92,28.22,1.1,0,0,0,40.1,42.4,45.3,0.38,0.41,0.42
GABR,2019-11-08 13:55:00 EST,44.41742,-74.17867,1758,19.6,19.2,8.4,77.2,13.6,0.000,0.006,0.00,0.000,9.6,14.0,2.2,305,17,9.8,16.3,2.5,308,17,9.8,16.3,2.5,308,17,89,28.22,1.2,0,0,0,40.1,42.3,45.3,0.38,0.41,0.42
GABR,2019-11-08 14:00:00 EST,44.41742,-74.17867,1758,19.7,19.3,11.2,77.5,13.8,0.000,0.006,0.00,0.000,6.2,10.7,1.5,301,21,6.5,10.8,1.5,302,22,6.5,10.8,1.5,302,22,98,28.22,1.1,0,0,0,40.1,42.4,45.3,0.38,0.41,0.42
GABR,2019-11-08 14:05:00 EST,44.41742,-74.17867,1758,19.8,19.4,9.1,76.1,13.5,0.000,0.006,0.00,0.000,8.8,15.3,2.5,296,20,9.2,15.8,2.7,297,19,9.2,15.8,2.7,297,19,119,28.22,1.1,0,0,0,40.1,42.4,45.2,0.38,0.41,0.42
GABR,2019-11-08 14:10:00 EST,44.41742,-74.17867,1758,19.9,19.5,10.2,77.1,13.9,0.000,0.006,0.00,0.000,7.4,13.7,2.5,292,21,7.8,16.5,2.7,295,20,7.8,16.5,2.7,295,20,136,28.22,1.1,0,0,0,40.1,42.4,45.2,0.38,0.41,0.42
GABR,2019-11-08 14:15:00 EST,44.41742,-74.17867,1758,20.0,19.6,11.4,77.5,14.1,0.000,0.006,0.00,0.000,5.8,11.1,2.0,279,20,6.6,13.9,2.4,282,18,6.6,13.9,2.4,282,18,129,28.22,1.1,0,0,0,40.1,42.4,45.2,0.38,0.41,0.42
GABR,2019-11-08 14:20:00 EST,44.41742,-74.17867,1758,20.1,19.6,10.3,77.9,14.3,0.000,0.006,0.00,0.000,7.3,12.3,2.0,283,18,8.1,15.2,2.6,286,17,8.1,15.2,2.6,286,17,113,28.22,1.0,0,0,0,40.1,42.4,45.3,0.38,0.41,0.42
GABR,2019-11-08 14:25:00 EST,44.41742,-74.17867,1758,20.0,19.6,9.7,77.5,14.1,0.000,0.006,0.00,0.000,8.2,16.1,2.7,294,22,8.7,18.3,2.9,297,22,8.7,18.3,2.9,297,22,128,28.22,1.0,0,0,0,40.1,42.4,45.2,0.38,0.41,0.42
GABR,2019-11-08 14:30:00 EST,44.41742,-74.17867,1758,20.0,19.6,10.4,76.9,13.9,0.000,0.006,0.00,0.000,7.5,13.3,2.0,293,21,7.8,13.7,2.3,296,21,7.8,13.7,2.3,296,21,107,28.22,1.0,0,0,0,40.1,42.4,45.2,0.38,0.41,0.42
GABR,2019-11-08 14:35:00 EST,44.41742,-74.17867,1758,20.0,19.6,10.5,78.8,14.5,0.000,0.006,0.00,0.000,7.0,13.2,2.3,290,21,7.5,15.8,2.9,292,19,7.5,15.8,2.9,292,19,105,28.22,1.0,0,0,0,40.1,42.4,45.3,0.38,0.41,0.42
GABR,2019-11-08 14:40:00 EST,44.41742,-74.17867,1758,20.1,19.7,11.1,79.6,14.8,0.000,0.006,0.00,0.000,6.7,14.4,2.9,289,20,7.1,16.0,3.1,293,18,7.1,16.0,3.1,293,18,104,28.22,1.1,0,0,0,40.1,42.4,45.3,0.38,0.41,0.42
GABR,2019-11-08 14:45:00 EST,44.41742,-74.17867,1758,20.0,19.6,9.5,78.5,14.4,0.000,0.006,0.00,0.000,8.3,13.8,2.6,288,19,9.0,14.8,2.9,290,19,9.0,14.8,2.9,290,19,76,28.22,1.0,0,0,0,40.1,42.4,45.2,0.38,0.41,0.42
GABR,2019-11-08 14:50:00 EST,44.41742,-74.17867,1758,20.1,19.7,9.4,77.8,14.3,0.000,0.006,0.00,0.000,8.5,16.1,3.5,292,18,9.2,17.9,3.6,295,16,9.2,17.9,3.6,295,16,108,28.23,1.0,0,0,0,40.1,42.3,45.3,0.38,0.41,0.42
GABR,2019-11-08 14:55:00 EST,44.41742,-74.17867,1758,20.1,19.7,10.5,77.3,14.1,0.000,0.006,0.00,0.000,7.2,14.0,2.1,292,21,7.7,13.5,2.2,292,21,7.7,13.5,2.2,292,21,69,28.23,1.0,0,0,0,40.1,42.4,45.2,0.38,0.41,0.42
GABR,2019-11-08 15:00:00 EST,44.41742,-74.17867,1758,20.0,19.7,9.2,77.1,14.0,0.000,0.006,0.00,0.000,8.9,15.1,2.9,293,22,9.5,15.9,2.7,297,20,9.5,15.9,2.7,297,20,50,28.23,1.0,0,0,0,40.1,42.4,45.2,0.38,0.41,0.42
GABR,2019-11-08 15:05:00 EST,44.41742,-74.17867,1758,20.0,19.6,10.4,77.3,14.0,0.000,0.006,0.00,0.000,7.4,14.1,2.4,298,20,7.7,13.7,2.3,301,18,7.7,13.7,2.3,301,18,40,28.23,1.1,0,0,0,40.1,42.4,45.2,0.38,0.41,0.42
GABR,2019-11-08 15:10:00 EST,44.41742,-74.17867,1758,20.0,19.7,11.8,77.1,14.0,0.000,0.006,0.00,0.000,5.5,9.6,1.8,289,24,6.2,12.9,2.1,290,21,6.2,12.9,2.1,290,21,47,28.23,1.0,0,0,0,40.1,42.4,45.2,0.38,0.41,0.42
GABR,2019-11-08 15:15:00 EST,44.41742,-74.17867,1758,20.0,19.6,9.9,78.3,14.3,0.000,0.006,0.00,0.000,7.9,13.3,2.5,296,18,8.4,15.8,2.7,298,17,8.4,15.8,2.7,298,17,82,28.23,1.0,0,0,0,40.1,42.3,45.2,0.38,0.41,0.42
GABR,2019-11-08 15:20:00 EST,44.41742,-74.17867,1758,20.1,19.7,10.5,78.3,14.4,0.000,0.006,0.00,0.000,7.3,14.2,2.7,291,19,7.8,19.8,3.1,291,17,7.8,19.8,3.1,291,17,72,28.23,0.9,0,0,0,40.1,42.3,45.2,0.38,0.41,0.42
GABR,2019-11-08 15:25:00 EST,44.41742,-74.17867,1758,20.1,19.7,10.6,78.6,14.5,0.000,0.006,0.00,0.000,7.0,13.5,2.4,291,19,7.7,14.4,2.7,292,15,7.7,14.4,2.7,292,15,65,28.23,0.9,0,0,0,40.1,42.3,45.2,0.38,0.41,0.42
GABR,2019-11-08 15:30:00 EST,44.41742,-74.17867,1758,20.1,19.7,10.8,79.1,14.6,0.000,0.006,0.00,0.000,6.8,11.3,1.9,285,20,7.4,13.9,2.1,287,19,7.4,13.9,2.1,287,19,65,28.23,0.9,0,0,0,40.1,42.3,45.2,0.38,0.41,0.42
GABR,2019-11-08 15:35:00 EST,44.41742,-74.17867,1758,20.1,19.8,11.6,78.8,14.6,0.000,0.006,0.00,0.000,5.9,12.3,2.5,284,26,6.6,14.5,2.7,286,24,6.6,14.5,2.7,286,24,57,28.23,1.0,0,0,0,40.1,42.4,45.1,0.38,0.41,0.42
GABR,2019-11-08 15:40:00 EST,44.41742,-74.17867,1758,20.2,19.8,10.6,78.7,14.6,0.000,0.006,0.00,0.000,6.9,13.7,2.5,281,20,7.9,14.7,2.8,284,17,7.9,14.7,2.8,284,17,42,28.24,1.0,0,0,0,40.1,42.3,45.1,0.38,0.41,0.41
GABR,2019-11-08 15:45:00 EST,44.41742,-74.17867,1758,20.2,19.8,10.9,79.3,14.8,0.000,0.006,0.00,0.000,6.8,12.9,1.8,283,20,7.5,14.0,2.3,283,18,7.5,14.0,2.3,283,18,35,28.24,1.0,0,0,0,40.1,42.3,45.2,0.38,0.41,0.42
GABR,2019-11-08 15:50:00 EST,44.41742,-74.17867,1758,20.2,19.8,10.9,79.4,14.8,0.000,0.006,0.00,0.000,6.8,13.2,2.5,283,19,7.5,15.8,2.8,286,17,7.5,15.8,2.8,286,17,30,28.24,0.9,0,0,0,40.1,42.4,45.1,0.38,0.41,0.42
GABR,2019-11-08 15:55:00 EST,44.41742,-74.17867,1758,20.2,19.8,11.6,80.3,15.1,0.000,0.006,0.00,0.000,6.1,14.0,3.2,288,20,6.6,13.5,3.3,289,18,6.6,13.5,3.3,289,18,29,28.24,0.8,0,0,0,40.1,42.4,45.2,0.38,0.41,0.42
GABR,2019-11-08 16:00:00 EST,44.41742,-74.17867,1758,20.1,19.8,10.9,80.8,15.2,0.000,0.006,0.00,0.000,7.0,15.9,3.0,289,18,7.4,17.2,3.2,292,18,7.4,17.2,3.2,292,18,25,28.24,0.8,0,0,0,40.1,42.3,45.2,0.38,0.41,0.42
GABR,2019-11-08 16:05:00 EST,44.41742,-74.17867,1758,20.1,19.8,12.1,80.8,15.2,0.000,0.006,0.00,0.000,5.8,10.1,2.1,298,17,6.0,12.3,2.2,301,16,6.0,12.3,2.2,301,16,21,28.24,0.8,0,0,0,40.1,42.3,45.1,0.38,0.41,0.42
GABR,2019-11-08 16:10:00 EST,44.41742,-74.17867,1758,20.1,19.8,12.3,81.3,15.3,0.000,0.006,0.00,0.000,5.4,10.1,1.5,295,20,5.7,13.5,1.9,295,20,5.7,13.5,1.9,295,20,19,28.24,0.9,0,0,0,40.1,42.4,45.1,0.38,0.41,0.42
GABR,2019-11-08 16:15:00 EST,44.41742,-74.17867,1758,20.2,19.8,10.1,80.8,15.2,0.000,0.006,0.00,0.000,8.0,13.2,1.9,295,19,8.5,14.5,2.2,297,20,8.5,14.5,2.2,297,20,14,28.24,0.8,0,0,0,40.1,42.4,45.1,0.38,0.41,0.42
GABR,2019-11-08 16:20:00 EST,44.41742,-74.17867,1758,20.2,19.8,12.0,81.0,15.3,0.000,0.006,0.00,0.000,5.7,9.7,1.6,286,20,6.2,11.1,1.7,288,20,6.2,11.1,1.7,288,20,10,28.25,0.8,0,0,0,40.1,42.3,45.2,0.38,0.41,0.42
GABR,2019-11-08 16:25:00 EST,44.41742,-74.17867,1758,20.2,19.9,12.0,80.7,15.2,0.000,0.006,0.00,0.000,5.9,10.1,1.4,297,16,6.2,10.0,1.6,298,15,6.2,10.0,1.6,298,15,8,28.25,0.7,0,0,0,40.1,42.4,45.1,0.38,0.41,0.42
GABR,2019-11-08 16:30:00 EST,44.41742,-74.17867,1758,20.2,19.9,10.3,80.8,15.3,0.000,0.006,0.00,0.000,7.6,12.0,2.2,291,20,8.3,13.2,2.5,293,17,8.3,13.2,2.5,293,17,6,28.25,0.8,0,0,0,40.1,42.3,45.1,0.38,0.41,0.42
GABR,2019-11-08 16:35:00 EST,44.41742,-74.17867,1758,20.2,19.9,11.6,81.1,15.3,0.000,0.006,0.00,0.000,6.2,11.5,2.2,294,17,6.6,12.1,2.3,295,14,6.6,12.1,2.3,295,14,4,28.25,0.7,0,0,0,40.1,42.4,45.1,0.38,0.41,0.42
GABR,2019-11-08 16:40:00 EST,44.41742,-74.17867,1758,20.1,19.8,11.8,81.6,15.4,0.000,0.006,0.00,0.000,6.1,12.1,2.4,298,16,6.3,12.1,2.4,299,16,6.3,12.1,2.4,299,16,3,28.25,0.7,0,0,0,40.1,42.4,45.1,0.38,0.41,0.42
GABR,2019-11-08 16:45:00 EST,44.41742,-74.17867,1758,20.1,19.8,12.0,82.2,15.6,0.000,0.006,0.00,0.000,5.7,12.6,2.0,288,17,6.1,14.7,2.4,288,17,6.1,14.7,2.4,288,17,2,28.25,0.5,0,0,0,40.1,42.3,45.1,0.38,0.41,0.42
GABR,2019-11-08 16:50:00 EST,44.41742,-74.17867,1758,20.1,19.8,12.4,82.4,15.6,0.000,0.006,0.00,0.000,5.4,10.4,1.6,292,17,5.7,11.8,1.8,293,17,5.7,11.8,1.8,293,17,1,28.25,0.5,0,0,0,40.1,42.4,45.1,0.38,0.41,0.42
GABR,2019-11-08 16:55:00 EST,44.41742,-74.17867,1758,20.2,19.8,11.7,82.6,15.7,0.000,0.006,0.00,0.000,6.0,12.2,2.1,297,18,6.4,11.6,2.2,299,20,6.4,11.6,2.2,299,20,0,28.25,0.7,0,0,0,40.1,42.4,45.2,0.38,0.41,0.42
GABR,2019-11-08 17:00:00 EST,44.41742,-74.17867,1758,20.2,19.9,12.1,82.6,15.7,0.000,0.006,0.00,0.000,5.6,10.3,2.1,290,17,6.0,13.4,2.4,292,15,6.0,13.4,2.4,292,15,0,28.26,0.7,0,0,0,40.1,42.4,45.1,0.38,0.41,0.42
GABR,2019-11-08 17:05:00 EST,44.41742,-74.17867,1758,20.2,19.8,13.5,83.0,15.8,0.000,0.006,0.00,0.000,4.3,9.1,1.8,283,23,4.7,10.9,2.1,288,20,4.7,10.9,2.1,288,20,0,28.26,0.7,0,0,0,40.1,42.3,45.1,0.38,0.41,0.42
GABR,2019-11-08 17:10:00 EST,44.41742,-74.17867,1758,20.2,19.9,11.6,82.9,15.8,0.000,0.006,0.00,0.000,6.1,10.7,1.9,280,19,6.7,13.4,2.4,281,19,6.7,13.4,2.4,281,19,0,28.26,0.8,0,0,0,40.1,42.3,45.1,0.38,0.41,0.42
GABR,2019-11-08 17:15:00 EST,44.41742,-74.17867,1758,20.2,19.9,12.9,83.1,15.9,0.000,0.006,0.00,0.000,4.9,10.8,1.7,288,22,5.3,12.2,2.0,291,22,5.3,12.2,2.0,291,22,0,28.26,0.8,0,0,0,40.1,42.4,45.1,0.38,0.41,0.42
GABR,2019-11-08 17:20:00 EST,44.41742,-74.17867,1758,20.3,19.9,13.2,83.3,16.0,0.000,0.006,0.00,0.000,4.6,8.0,1.3,285,23,5.0,10.1,1.5,287,22,5.0,10.1,1.5,287,22,0,28.26,0.7,0,0,0,40.1,42.4,45.1,0.38,0.41,0.42
GABR,2019-11-08 17:25:00 EST,44.41742,-74.17867,1758,20.3,20.0,12.3,83.6,16.1,0.000,0.006,0.00,0.000,5.4,9.6,2.0,283,20,6.1,11.1,2.3,285,19,6.1,11.1,2.3,285,19,0,28.26,0.7,0,0,0,40.1,42.4,45.1,0.37,0.41,0.42
GABR,2019-11-08 17:30:00 EST,44.41742,-74.17867,1758,20.3,20.0,15.9,84.1,16.3,0.000,0.006,0.00,0.000,2.6,5.9,1.6,271,19,3.1,7.3,1.7,273,20,3.1,7.3,1.7,273,20,0,28.26,0.6,0,0,0,40.1,42.3,45.1,0.37,0.41,0.42
GABR,2019-11-08 17:35:00 EST,44.41742,-74.17867,1758,20.2,19.9,14.4,84.7,16.4,0.000,0.006,0.00,0.000,3.6,9.3,1.9,276,27,4.1,10.3,2.1,279,26,4.1,10.3,2.1,279,26,0,28.26,0.6,0,0,0,40.1,42.3,45.1,0.37,0.41,0.42
GABR,2019-11-08 17:40:00 EST,44.41742,-74.17867,1758,20.3,20.0,12.1,84.6,16.4,0.000,0.006,0.00,0.000,5.7,11.3,2.4,281,22,6.2,12.4,2.5,283,20,6.2,12.4,2.5,283,20,0,28.27,0.6,0,0,0,40.1,42.3,45.1,0.37,0.41,0.42
GABR,2019-11-08 17:45:00 EST,44.41742,-74.17867,1758,20.2,19.9,15.0,84.9,16.4,0.000,0.006,0.00,0.000,3.1,6.8,1.5,264,19,3.6,9.9,1.8,268,19,3.6,9.9,1.8,268,19,0,28.27,0.4,0,0,0,40.1,42.3,45.1,0.37,0.41,0.42
GABR,2019-11-08 17:50:00 EST,44.41742,-74.17867,1758,20.2,19.9,12.7,85.3,16.5,0.000,0.006,0.00,0.000,5.0,8.9,1.5,282,18,5.5,10.2,1.8,283,16,5.5,10.2,1.8,283,16,0,28.27,0.4,0,0,0,40.1,42.3,45.1,0.37,0.41,0.42
GABR,2019-11-08 17:55:00 EST,44.41742,-74.17867,1758,20.3,19.9,14.3,85.2,16.5,0.000,0.006,0.00,0.000,3.5,6.9,1.4,266,21,4.1,8.3,1.6,267,20,4.1,8.3,1.6,267,20,0,28.27,0.4,0,0,0,40.1,42.3,45.1,0.37,0.41,0.42
GABR,2019-11-08 18:00:00 EST,44.41742,-74.17867,1758,20.3,20.0,12.4,85.1,16.5,0.000,0.006,0.00,0.000,5.4,8.9,1.2,262,23,5.9,10.9,1.4,264,21,5.9,10.9,1.4,264,21,0,28.27,0.5,0,0,0,40.1,42.3,45.1,0.37,0.41,0.42
GABR,2019-11-08 18:05:00 EST,44.41742,-74.17867,1758,20.2,19.9,13.4,85.6,16.6,0.000,0.006,0.00,0.000,4.4,9.6,1.9,266,22,4.9,12.3,2.3,268,22,4.9,12.3,2.3,268,22,0,28.28,0.5,0,0,0,40.1,42.3,45.1,0.37,0.41,0.42
GABR,2019-11-08 18:10:00 EST,44.41742,-74.17867,1758,20.2,19.9,13.4,85.8,16.6,0.000,0.006,0.00,0.000,4.3,8.2,1.7,263,20,4.8,9.5,1.7,265,19,4.8,9.5,1.7,265,19,0,28.28,0.5,0,0,0,40.1,42.4,45.1,0.37,0.41,0.42
GABR,2019-11-08 18:15:00 EST,44.41742,-74.17867,1758,20.2,19.8,13.2,86.0,16.6,0.000,0.006,0.00,0.000,4.5,7.5,1.2,265,22,5.0,8.7,1.6,266,20,5.0,8.7,1.6,266,20,0,28.28,0.4,0,0,0,40.1,42.3,45.1,0.37,0.41,0.42
GABR,2019-11-08 18:20:00 EST,44.41742,-74.17867,1758,20.1,19.8,13.3,86.0,16.6,0.000,0.006,0.00,0.000,4.4,10.1,2.1,276,25,4.8,13.0,2.2,278,25,4.8,13.0,2.2,278,25,0,28.28,0.3,0,0,0,40.1,42.3,45.1,0.37,0.41,0.42
GABR,2019-11-08 18:25:00 EST,44.41742,-74.17867,1758,20.1,19.8,12.6,85.8,16.5,0.000,0.006,0.00,0.000,5.0,11.1,2.0,271,23,5.5,13.6,2.3,272,22,5.5,13.6,2.3,272,22,0,28.28,0.2,0,0,0,40.1,42.3,45.1,0.37,0.41,0.42
GABR,2019-11-08 18:30:00 EST,44.41742,-74.17867,1758,20.0,19.7,13.0,86.2,16.5,0.000,0.006,0.00,0.000,4.5,11.1,1.8,268,19,5.0,13.1,2.1,271,16,5.0,13.1,2.1,271,16,0,28.28,0.2,0,0,0,40.1,42.3,45.1,0.37,0.41,0.42
GABR,2019-11-08 18:35:00 EST,44.41742,-74.17867,1758,19.8,19.6,13.3,86.2,16.4,0.000,0.006,0.00,0.000,4.1,7.7,1.5,260,23,4.6,9.0,1.7,263,23,4.6,9.0,1.7,263,23,0,28.28,0.2,0,0,0,40.1,42.3,45.1,0.37,0.41,0.42
GABR,2019-11-08 18:40:00 EST,44.41742,-74.17867,1758,19.6,19.4,11.8,86.0,16.1,0.000,0.006,0.00,0.000,5.2,9.4,1.7,257,18,5.7,11.3,2.1,259,18,5.7,11.3,2.1,259,18,0,28.29,0.1,0,0,0,40.1,42.3,45.1,0.37,0.41,0.42
GABR,2019-11-08 18:45:00 EST,44.41742,-74.17867,1758,19.8,19.5,13.2,85.8,16.2,0.000,0.006,0.00,0.000,4.0,8.2,1.4,261,22,4.6,8.8,1.5,264,21,4.6,8.8,1.5,264,21,0,28.29,0.1,0,0,0,40.1,42.3,45.1,0.37,0.41,0.42
GABR,2019-11-08 18:50:00 EST,44.41742,-74.17867,1758,19.9,19.6,12.5,85.4,16.3,0.000,0.006,0.00,0.000,4.9,8.5,1.5,254,18,5.3,9.5,1.8,257,18,5.3,9.5,1.8,257,18,0,28.29,0.0,0,0,0,40.1,42.3,45.1,0.37,0.41,0.42
GABR,2019-11-08 18:55:00 EST,44.41742,-74.17867,1758,20.0,19.7,12.2,85.1,16.3,0.000,0.006,0.00,0.000,4.9,9.4,1.9,266,22,5.7,11.7,2.2,268,19,5.7,11.7,2.2,268,19,0,28.29,0.0,0,0,0,40.1,42.3,45.1,0.37,0.41,0.42
GABR,2019-11-08 19:00:00 EST,44.41742,-74.17867,1758,20.0,19.7,12.6,84.7,16.2,0.000,0.006,0.00,0.000,4.6,9.3,1.9,260,22,5.4,12.7,2.3,263,19,5.4,12.7,2.3,263,19,0,28.29,0.0,0,0,0,40.1,42.3,45.1,0.37,0.41,0.42
GABR,2019-11-08 19:05:00 EST,44.41742,-74.17867,1758,19.9,19.6,12.7,84.5,15.9,0.000,0.006,0.00,0.000,4.5,7.5,1.1,268,21,5.1,9.1,1.5,270,17,5.1,9.1,1.5,270,17,0,28.29,-0.1,0,0,0,40.1,42.3,45.1,0.37,0.41,0.42
GABR,2019-11-08 19:10:00 EST,44.41742,-74.17867,1758,19.8,19.6,11.1,84.2,15.8,0.000,0.006,0.00,0.000,6.0,10.3,1.8,258,20,6.6,11.5,2.0,261,18,6.6,11.5,2.0,261,18,0,28.29,-0.1,0,0,0,40.1,42.3,45.1,0.37,0.41,0.42
GABR,2019-11-08 19:15:00 EST,44.41742,-74.17867,1758,19.8,19.5,11.6,84.4,15.8,0.000,0.006,0.00,0.000,5.6,12.1,2.0,265,22,6.1,13.6,2.3,268,21,6.1,13.6,2.3,268,21,0,28.29,-0.0,0,0,0,40.1,42.3,45.1,0.37,0.41,0.42
GABR,2019-11-08 19:20:00 EST,44.41742,-74.17867,1758,19.5,19.3,13.0,84.5,15.6,0.000,0.006,0.00,0.000,4.0,8.1,1.5,277,24,4.5,10.5,1.8,279,21,4.5,10.5,1.8,279,21,0,28.29,0.4,0,0,0,40.1,42.3,45.1,0.37,0.41,0.42
GABR,2019-11-08 19:25:00 EST,44.41742,-74.17867,1758,19.4,19.2,11.2,84.7,15.5,0.000,0.006,0.00,0.000,5.2,9.5,1.7,264,21,6.0,11.5,1.9,267,20,6.0,11.5,1.9,267,20,0,28.29,0.2,0,0,0,40.1,42.3,45.1,0.37,0.41,0.42
GABR,2019-11-08 19:30:00 EST,44.41742,-74.17867,1758,19.1,19.0,11.3,84.9,15.3,0.000,0.006,0.00,0.000,4.9,8.5,1.8,262,21,5.6,10.6,2.1,266,19,5.6,10.6,2.1,266,19,0,28.29,0.4,0,0,0,40.1,42.2,45.1,0.37,0.41,0.42
GABR,2019-11-08 19:35:00 EST,44.41742,-74.17867,1758,19.0,18.8,10.0,85.5,15.4,0.000,0.006,0.00,0.000,6.0,10.0,2.0,261,15,6.8,12.7,2.3,265,15,6.8,12.7,2.3,265,15,0,28.29,0.7,0,0,0,40.1,42.2,45.1,0.37,0.41,0.42
GABR,2019-11-08 19:40:00 EST,44.41742,-74.17867,1758,18.8,18.7,10.6,85.6,15.2,0.000,0.006,0.00,0.000,5.3,9.9,1.7,265,24,6.0,12.5,2.0,267,21,6.0,12.5,2.0,267,21,0,28.29,0.7,0,0,0,40.1,42.3,45.1,0.37,0.41,0.42
GABR,2019-11-08 19:45:00 EST,44.41742,-74.17867,1758,18.8,18.6,10.7,85.9,15.2,0.000,0.006,0.00,0.000,5.2,8.6,1.4,260,20,5.8,10.2,1.7,264,19,5.8,10.2,1.7,264,19,0,28.29,0.5,0,0,0,40.1,42.3,45.1,0.37,0.41,0.42
GABR,2019-11-08 19:50:00 EST,44.41742,-74.17867,1758,18.6,18.5,11.0,86.0,15.1,0.000,0.006,0.00,0.000,4.6,9.1,1.7,268,22,5.3,11.6,2.0,270,19,5.3,11.6,2.0,270,19,0,28.29,0.9,0,0,0,40.1,42.3,45.1,0.37,0.41,0.42
GABR,2019-11-08 19:55:00 EST,44.41742,-74.17867,1758,18.5,18.4,10.7,86.3,15.1,0.000,0.006,0.00,0.000,4.8,9.5,1.9,270,20,5.5,11.5,2.2,272,19,5.5,11.5,2.2,272,19,0,28.29,0.8,0,0,0,40.1,42.3,45.1,0.37,0.41,0.42
GABR,2019-11-08 20:00:00 EST,44.41742,-74.17867,1758,18.3,18.3,11.2,86.2,14.9,0.000,0.006,0.00,0.000,4.3,8.3,1.5,266,21,4.9,10.6,1.9,267,19,4.9,10.6,1.9,267,19,0,28.29,0.8,0,0,0,40.1,42.3,45.1,0.37,0.41,0.42
GABR,2019-11-08 20:05:00 EST,44.41742,-74.17867,1758,18.1,18.2,10.5,86.4,14.7,0.000,0.006,0.00,0.000,4.4,9.7,1.6,261,19,5.2,10.5,1.9,262,18,5.2,10.5,1.9,262,18,0,28.29,0.8,0,0,0,40.1,42.3,45.1,0.37,0.41,0.42
GABR,2019-11-08 20:10:00 EST,44.41742,-74.17867,1758,18.2,18.2,11.3,86.5,14.9,0.000,0.006,0.00,0.000,4.2,9.5,1.5,258,18,4.7,10.7,1.8,260,16,4.7,10.7,1.8,260,16,0,28.29,0.8,0,0,0,40.1,42.2,45.1,0.37,0.41,0.42
GABR,2019-11-08 20:15:00 EST,44.41742,-74.17867,1758,18.4,18.3,9.4,86.1,14.9,0.000,0.006,0.00,0.000,5.7,10.2,1.8,263,17,6.6,12.6,2.3,265,15,6.6,12.6,2.3,265,15,0,28.29,0.7,0,0,0,40.1,42.2,45.1,0.37,0.41,0.42
GABR,2019-11-08 20:20:00 EST,44.41742,-74.17867,1758,18.2,18.1,11.2,85.7,14.7,0.000,0.006,0.00,0.000,4.3,8.0,1.2,269,22,4.8,9.2,1.5,272,21,4.8,9.2,1.5,272,21,0,28.29,0.7,0,0,0,40.1,42.2,45.1,0.37,0.41,0.42
GABR,2019-11-08 20:25:00 EST,44.41742,-74.17867,1758,18.2,18.2,10.2,85.8,14.7,0.000,0.006,0.00,0.000,5.0,9.0,1.8,267,19,5.7,11.2,2.2,267,17,5.7,11.2,2.2,267,17,0,28.29,0.7,0,0,0,40.1,42.2,45.1,0.37,0.41,0.42
GABR,2019-11-08 20:30:00 EST,44.41742,-74.17867,1758,18.2,18.2,9.9,85.4,14.5,0.000,0.006,0.00,0.000,5.2,9.0,1.5,268,19,5.9,10.7,1.8,271,19,5.9,10.7,1.8,271,19,0,28.29,0.8,0,0,0,40.1,42.3,45.1,0.37,0.41,0.42
GABR,2019-11-08 20:35:00 EST,44.41742,-74.17867,1758,18.0,18.0,10.5,85.6,14.4,0.000,0.006,0.00,0.000,4.6,10.2,1.6,262,22,5.1,10.5,1.9,265,20,5.1,10.5,1.9,265,20,0,28.29,0.7,0,0,0,40.0,42.2,45.1,0.37,0.41,0.42
GABR,2019-11-08 20:40:00 EST,44.41742,-74.17867,1758,17.9,17.9,10.6,85.8,14.4,0.000,0.006,0.00,0.000,4.3,8.1,1.3,269,20,4.9,9.6,1.6,268,16,4.9,9.6,1.6,268,16,0,28.29,0.7,0,0,0,40.1,42.2,45.1,0.37,0.41,0.42
GABR,2019-11-08 20:45:00 EST,44.41742,-74.17867,1758,18.0,17.9,9.4,86.0,14.5,0.000,0.006,0.00,0.000,5.5,9.3,1.5,260,14,6.2,11.4,1.9,261,14,6.2,11.4,1.9,261,14,0,28.29,0.7,0,0,0,40.0,42.2,45.0,0.37,0.41,0.42
GABR,2019-11-08 20:50:00 EST,44.41742,-74.17867,1758,17.9,17.8,10.8,85.8,14.3,0.000,0.006,0.00,0.000,4.2,9.2,1.8,266,18,4.7,10.7,2.1,268,17,4.7,10.7,2.1,268,17,0,28.29,0.7,0,0,0,40.1,42.2,45.1,0.37,0.41,0.42
GABR,2019-11-08 20:55:00 EST,44.41742,-74.17867,1758,17.7,17.7,11.0,85.6,14.1,0.000,0.006,0.00,0.000,3.9,7.5,1.2,260,16,4.4,10.3,1.5,262,16,4.4,10.3,1.5,262,16,0,28.29,0.8,0,0,0,40.1,42.2,45.1,0.37,0.41,0.42
GABR,2019-11-08 21:00:00 EST,44.41742,-74.17867,1758,17.5,17.6,10.9,85.8,14.0,0.000,0.006,0.00,0.000,3.9,6.4,1.2,265,22,4.3,7.5,1.4,265,21,4.3,7.5,1.4,265,21,0,28.29,0.6,0,0,0,40.1,42.2,45.1,0.37,0.41,0.42
GABR,2019-11-08 21:05:00 EST,44.41742,-74.17867,1758,17.5,17.6,10.1,85.9,14.0,0.000,0.006,0.00,0.000,4.5,8.6,1.6,257,19,4.9,9.5,1.8,260,19,4.9,9.5,1.8,260,19,0,28.30,0.7,0,0,0,40.1,42.1,45.0,0.37,0.41,0.42
GABR,2019-11-08 21:10:00 EST,44.41742,-74.17867,1758,17.7,17.6,9.9,86.0,14.2,0.000,0.006,0.00,0.000,4.8,8.5,1.5,260,19,5.3,9.7,1.8,262,16,5.3,9.7,1.8,262,16,0,28.30,0.6,0,0,0,40.0,42.1,45.1,0.37,0.41,0.42
GABR,2019-11-08 21:15:00 EST,44.41742,-74.17867,1758,17.5,17.5,9.5,86.0,14.1,0.000,0.006,0.00,0.000,4.8,11.0,1.9,258,18,5.5,12.9,2.2,260,15,5.5,12.9,2.2,260,15,0,28.30,0.6,0,0,0,39.9,42.1,45.1,0.37,0.41,0.42
GABR,2019-11-08 21:20:00 EST,44.41742,-74.17867,1758,17.2,17.4,8.5,86.0,13.8,0.000,0.006,0.00,0.000,5.4,8.6,1.4,257,19,6.2,10.9,1.6,258,19,6.2,10.9,1.6,258,19,0,28.30,0.7,0,0,0,40.0,42.1,45.1,0.37,0.41,0.42
GABR,2019-11-08 21:25:00 EST,44.41742,-74.17867,1758,17.2,17.3,8.7,86.5,13.9,0.000,0.006,0.00,0.000,5.5,8.6,1.2,249,17,6.0,9.5,1.4,251,14,6.0,9.5,1.4,251,14,0,28.30,0.7,0,0,0,40.0,42.1,45.0,0.37,0.41,0.42
GABR,2019-11-08 21:30:00 EST,44.41742,-74.17867,1758,17.2,17.3,8.8,86.4,13.8,0.000,0.006,0.00,0.000,5.2,8.0,1.2,252,17,5.8,8.7,1.5,253,16,5.8,8.7,1.5,253,16,0,28.30,0.6,0,0,0,40.1,42.1,45.0,0.37,0.41,0.42
GABR,2019-11-08 21:35:00 EST,44.41742,-74.17867,1758,17.0,17.1,9.7,86.6,13.7,0.000,0.006,0.00,0.000,4.3,7.5,1.3,254,16,4.8,8.6,1.5,256,15,4.8,8.6,1.5,256,15,0,28.30,0.6,0,0,0,40.0,42.1,45.1,0.37,0.41,0.42
GABR,2019-11-08 21:40:00 EST,44.41742,-74.17867,1758,17.0,17.0,10.2,87.3,13.9,0.000,0.006,0.00,0.000,3.9,6.1,0.9,258,20,4.4,7.7,1.3,260,17,4.4,7.7,1.3,260,17,0,28.30,0.7,0,0,0,39.9,42.1,45.0,0.37,0.41,0.42
GABR,2019-11-08 21:45:00 EST,44.41742,-74.17867,1758,16.8,17.0,9.5,87.1,13.7,0.000,0.006,0.00,0.000,4.4,6.4,0.9,250,20,4.8,7.7,1.2,253,22,4.8,7.7,1.2,253,22,0,28.30,0.7,0,0,0,39.9,42.1,45.1,0.37,0.41,0.42
GABR,2019-11-08 21:50:00 EST,44.41742,-74.17867,1758,16.2,16.8,8.1,87.2,13.1,0.000,0.006,0.00,0.000,5.1,8.3,1.2,242,11,5.4,10.2,1.4,244,12,5.4,10.2,1.4,244,12,0,28.30,0.7,0,0,0,39.9,42.1,45.0,0.37,0.41,0.42
GABR,2019-11-08 21:55:00 EST,44.41742,-74.17867,1758,15.7,16.5,8.6,88.0,12.8,0.000,0.006,0.00,0.000,4.2,5.9,0.7,238,14,4.5,6.6,0.9,239,15,4.5,6.6,0.9,239,15,0,28.30,0.6,0,0,0,39.9,42.1,45.0,0.37,0.41,0.42
GABR,2019-11-08 22:00:00 EST,44.41742,-74.17867,1758,15.2,16.2,6.8,88.7,12.4,0.000,0.006,0.00,0.000,5.3,8.3,1.0,230,10,5.4,9.7,1.2,230,9,5.4,9.7,1.2,230,9,0,28.30,0.6,0,0,0,39.9,42.1,45.0,0.37,0.41,0.42
GABR,2019-11-08 22:05:00 EST,44.41742,-74.17867,1758,14.7,16.0,7.9,89.2,12.1,0.000,0.006,0.00,0.000,4.1,5.7,0.7,221,9,4.2,6.3,0.9,222,7,4.2,6.3,0.9,222,7,0,28.30,0.5,0,0,0,39.9,42.1,45.0,0.37,0.41,0.42
GABR,2019-11-08 22:10:00 EST,44.41742,-74.17867,1758,14.8,15.7,8.3,91.1,12.6,0.000,0.006,0.00,0.000,3.9,5.9,0.7,214,9,3.9,6.3,0.8,215,8,3.9,6.3,0.8,215,8,0,28.30,0.5,0,0,0,39.9,42.1,45.0,0.37,0.41,0.42
GABR,2019-11-08 22:15:00 EST,44.41742,-74.17867,1758,14.3,15.4,8.1,91.3,12.2,0.000,0.006,0.00,0.000,3.5,5.4,0.5,212,8,3.7,5.3,0.7,214,8,3.7,5.3,0.7,214,8,0,28.30,0.6,0,0,0,39.9,42.1,45.0,0.37,0.41,0.42
GABR,2019-11-08 22:20:00 EST,44.41742,-74.17867,1758,14.4,15.5,7.4,92.3,12.6,0.000,0.006,0.00,0.000,4.2,5.9,0.7,206,7,4.3,6.5,0.8,207,7,4.3,6.5,0.8,207,7,0,28.30,0.7,0,0,0,39.9,42.1,45.0,0.37,0.41,0.42
GABR,2019-11-08 22:25:00 EST,44.41742,-74.17867,1758,14.7,15.4,7.6,92.6,12.9,0.000,0.006,0.00,0.000,4.2,6.3,0.7,210,9,4.3,7.0,0.8,211,9,4.3,7.0,0.8,211,9,0,28.30,0.4,0,0,0,39.9,42.1,45.0,0.37,0.41,0.42
GABR,2019-11-08 22:30:00 EST,44.41742,-74.17867,1758,14.7,15.6,6.7,92.4,12.9,0.000,0.006,0.00,0.000,5.0,6.9,0.6,207,7,5.1,6.6,0.6,209,7,5.1,6.6,0.6,209,7,0,28.30,0.5,0,0,0,39.9,42.1,45.0,0.37,0.41,0.42
GABR,2019-11-08 22:35:00 EST,44.41742,-74.17867,1758,14.8,15.4,6.6,92.0,13.0,0.000,0.006,0.00,0.000,5.1,7.7,1.0,204,8,5.3,8.8,1.2,205,8,5.3,8.8,1.2,205,8,0,28.30,0.6,0,0,0,39.9,42.1,45.0,0.37,0.41,0.42
GABR,2019-11-08 22:40:00 EST,44.41742,-74.17867,1758,14.7,15.5,7.0,91.9,12.8,0.000,0.006,0.00,0.000,4.6,6.4,0.6,208,10,4.8,6.8,0.7,209,9,4.8,6.8,0.7,209,9,0,28.30,0.6,0,0,0,39.9,42.1,45.0,0.37,0.41,0.42
GABR,2019-11-08 22:45:00 EST,44.41742,-74.17867,1758,14.7,15.4,5.8,92.0,12.8,0.000,0.006,0.00,0.000,5.8,7.5,0.7,211,9,5.9,8.5,0.8,212,8,5.9,8.5,0.8,212,8,0,28.30,0.5,0,0,0,39.9,42.1,45.0,0.37,0.41,0.42
GABR,2019-11-08 22:50:00 EST,44.41742,-74.17867,1758,14.9,15.4,5.5,91.8,13.0,0.000,0.006,0.00,0.000,6.3,8.6,0.8,216,9,6.4,8.7,0.8,218,8,6.4,8.7,0.8,218,8,0,28.30,0.6,0,0,0,39.9,42.1,45.0,0.37,0.41,0.42
GABR,2019-11-08 22:55:00 EST,44.41742,-74.17867,1758,15.0,15.5,5.5,91.1,12.9,0.000,0.006,0.00,0.000,6.4,8.4,0.9,212,9,6.5,8.5,0.9,213,9,6.5,8.5,0.9,213,9,0,28.30,0.6,0,0,0,39.9,42.1,45.0,0.37,0.41,0.42
GABR,2019-11-08 23:00:00 EST,44.41742,-74.17867,1758,15.1,15.6,5.1,91.0,12.9,0.000,0.006,0.00,0.000,6.8,8.9,0.9,209,7,6.9,9.2,0.9,210,7,6.9,9.2,0.9,210,7,0,28.30,0.7,0,0,0,39.9,42.1,45.0,0.37,0.41,0.42
GABR,2019-11-08 23:05:00 EST,44.41742,-74.17867,1758,15.1,15.5,6.3,90.9,12.9,0.000,0.006,0.00,0.000,5.7,8.4,0.8,213,8,5.8,7.8,0.8,214,8,5.8,7.8,0.8,214,8,0,28.30,0.6,0,0,0,39.9,42.1,45.0,0.37,0.41,0.42
GABR,2019-11-08 23:10:00 EST,44.41742,-74.17867,1758,14.9,15.5,6.2,90.9,12.8,0.000,0.006,0.00,0.000,5.7,7.7,0.9,215,8,5.8,8.7,1.0,216,7,5.8,8.7,1.0,216,7,0,28.30,0.4,0,0,0,39.9,42.1,45.0,0.37,0.41,0.42
GABR,2019-11-08 23:15:00 EST,44.41742,-74.17867,1758,15.0,15.4,6.1,90.9,12.9,0.000,0.006,0.00,0.000,5.9,7.9,1.0,214,8,5.9,8.4,1.0,216,8,5.9,8.4,1.0,216,8,0,28.30,0.6,0,0,0,39.9,42.1,45.0,0.37,0.41,0.42
GABR,2019-11-08 23:20:00 EST,44.41742,-74.17867,1758,14.6,15.3,6.4,90.4,12.3,0.000,0.006,0.00,0.000,5.2,6.6,0.5,216,8,5.2,6.8,0.7,217,7,5.2,6.8,0.7,217,7,0,28.30,0.6,0,0,0,39.9,42.1,45.0,0.37,0.41,0.42
GABR,2019-11-08 23:25:00 EST,44.41742,-74.17867,1758,14.5,15.2,5.6,91.1,12.4,0.000,0.006,0.00,0.000,5.7,7.8,0.9,217,8,5.8,8.6,1.0,218,8,5.8,8.6,1.0,218,8,0,28.30,0.6,0,0,0,39.9,42.1,45.0,0.37,0.41,0.42
GABR,2019-11-08 23:30:00 EST,44.41742,-74.17867,1758,14.5,15.2,6.0,91.2,12.4,0.000,0.006,0.00,0.000,5.4,7.3,0.8,222,7,5.5,7.3,0.7,222,6,5.5,7.3,0.7,222,6,0,28.30,0.6,0,0,0,39.9,42.1,45.0,0.37,0.41,0.42
GABR,2019-11-08 23:35:00 EST,44.41742,-74.17867,1758,14.8,15.4,6.1,91.6,12.8,0.000,0.006,0.00,0.000,5.6,7.9,0.7,222,6,5.7,8.0,0.8,223,4,5.7,8.0,0.8,223,4,0,28.30,0.5,0,0,0,39.9,42.1,45.0,0.37,0.41,0.42
GABR,2019-11-08 23:40:00 EST,44.41742,-74.17867,1758,14.8,15.6,6.0,91.5,12.7,0.000,0.006,0.00,0.000,5.6,7.6,0.8,221,8,5.7,8.1,0.8,222,6,5.7,8.1,0.8,222,6,0,28.30,0.6,0,0,0,39.9,42.0,45.0,0.37,0.41,0.42
GABR,2019-11-08 23:45:00 EST,44.41742,-74.17867,1758,15.0,15.8,6.1,91.1,12.9,0.000,0.006,0.00,0.000,5.8,7.6,0.7,223,7,5.9,7.5,0.7,223,6,5.9,7.5,0.7,223,6,0,28.30,0.5,0,0,0,39.9,42.1,45.0,0.37,0.41,0.42
GABR,2019-11-08 23:50:00 EST,44.41742,-74.17867,1758,15.2,15.7,6.5,90.7,13.0,0.000,0.006,0.00,0.000,5.6,6.9,0.7,226,10,5.7,8.2,0.8,226,9,5.7,8.2,0.8,226,9,0,28.30,0.5,0,0,0,39.9,42.1,45.0,0.37,0.41,0.42
GABR,2019-11-08 23:55:00 EST,44.41742,-74.17867,1758,15.2,15.7,6.4,90.1,12.8,0.000,0.006,0.00,0.000,5.7,8.3,0.8,223,8,5.8,8.4,0.9,224,6,5.8,8.4,0.9,224,6,0,28.30,0.5,0,0,0,39.9,42.1,45.0,0.37,0.41,0.42
GFAL,2019-11-08 00:00:00 EST,43.34087,-73.60202,324,27.2,27.8,20.6,71.8,19.3,0.000,0.193,0.00,0.000,5.3,8.8,1.1,316,15,5.9,8.9,1.2,325,15,5.9,8.9,1.2,325,15,0,29.72,0.2,0,0,0,43.3,48.7,50.7,0.54,0.45,0.44
GFAL,2019-11-08 00:05:00 EST,43.34087,-73.60202,324,27.1,27.8,20.2,71.9,19.3,0.000,0.000,0.00,0.000,5.5,8.0,1.3,327,9,6.3,8.9,1.4,336,9,6.3,8.9,1.4,336,9,0,29.72,0.2,0,0,0,43.3,48.7,50.7,0.54,0.45,0.44
GFAL,2019-11-08 00:10:00 EST,43.34087,-73.60202,324,27.2,27.7,21.3,71.7,19.2,0.000,0.000,0.00,0.000,4.4,7.7,1.2,339,11,5.1,9.4,1.4,347,10,5.1,9.4,1.4,347,10,0,29.72,0.2,0,0,0,43.2,48.7,50.7,0.54,0.45,0.44
GFAL,2019-11-08 00:15:00 EST,43.34087,-73.60202,324,27.3,27.9,21.7,70.1,18.9,0.000,0.000,0.00,0.000,4.3,7.6,1.3,354,17,4.9,8.8,1.6,2,16,4.9,8.8,1.6,2,16,0,29.72,0.1,0,0,0,43.2,48.7,50.7,0.54,0.45,0.44
GFAL,2019-11-08 00:20:00 EST,43.34087,-73.60202,324,27.3,27.8,23.8,70.6,19.0,0.000,0.000,0.00,0.000,2.8,4.9,0.7,20,14,3.2,5.4,0.8,26,13,3.2,5.4,0.8,26,13,0,29.71,0.3,0,0,0,43.2,48.7,50.7,0.54,0.45,0.44
GFAL,2019-11-08 00:25:00 EST,43.34087,-73.60202,324,27.4,27.9,27.4,71.4,19.3,0.000,0.000,0.00,0.000,0.7,2.4,0.7,357,20,1.2,3.5,0.7,351,26,1.2,3.5,0.7,351,26,0,29.71,0.1,0,0,0,43.2,48.7,50.7,0.54,0.45,0.44
GFAL,2019-11-08 00:30:00 EST,43.34087,-73.60202,324,26.7,27.8,26.7,72.7,19.1,0.000,0.000,0.00,0.000,2.2,9.9,2.4,356,28,2.6,11.7,2.6,8,27,2.6,11.7,2.6,8,27,0,29.71,0.2,0,0,0,43.1,48.7,50.7,0.54,0.45,0.44
GFAL,2019-11-08 00:35:00 EST,43.34087,-73.60202,324,27.0,27.8,22.8,71.0,18.9,0.000,0.000,0.00,0.000,3.1,5.3,1.2,335,24,3.6,6.8,1.4,344,23,3.6,6.8,1.4,344,23,0,29.71,0.1,0,0,0,43.1,48.7,50.7,0.54,0.45,0.44
GFAL,2019-11-08 00:40:00 EST,43.34087,-73.60202,324,27.1,27.8,23.2,70.6,18.8,0.000,0.000,0.00,0.000,2.7,5.4,1.5,360,27,3.4,6.5,1.6,3,27,3.4,6.5,1.6,3,27,0,29.71,0.1,0,0,0,43.0,48.7,50.7,0.54,0.45,0.44
GFAL,2019-11-08 00:45:00 EST,43.34087,-73.60202,324,27.3,27.8,21.6,70.1,18.8,0.000,0.000,0.00,0.000,4.5,7.1,1.5,25,18,4.9,9.1,1.6,31,19,4.9,9.1,1.6,31,19,0,29.71,0.1,0,0,0,43.0,48.7,50.7,0.54,0.45,0.44
GFAL,2019-11-08 00:50:00 EST,43.34087,-73.60202,324,26.8,27.6,22.6,71.3,18.8,0.000,0.000,0.00,0.000,2.9,6.0,1.1,2,21,3.6,7.9,1.4,4,12,3.6,7.9,1.4,4,12,0,29.71,0.2,0,0,0,43.0,48.7,50.7,0.54,0.45,0.44
GFAL,2019-11-08 00:55:00 EST,43.34087,-73.60202,324,26.9,27.7,20.5,70.4,18.6,0.000,0.000,0.00,0.000,4.9,7.7,1.1,351,11,5.6,8.9,1.3,359,9,5.6,8.9,1.3,359,9,0,29.71,0.1,0,0,0,43.0,48.7,50.7,0.54,0.45,0.44
GFAL,2019-11-08 01:00:00 EST,43.34087,-73.60202,324,27.0,27.4,22.2,69.6,18.4,0.000,0.000,0.00,0.000,3.6,6.1,0.9,4,17,4.1,6.8,1.1,10,15,4.1,6.8,1.1,10,15,0,29.71,0.1,0,0,0,43.0,48.6,50.7,0.54,0.45,0.44
GFAL,2019-11-08 01:05:00 EST,43.34087,-73.60202,324,26.6,27.4,26.6,71.4,18.6,0.000,0.000,0.00,0.000,2.4,4.9,0.9,340,24,2.9,5.5,1.0,347,16,2.9,5.5,1.0,347,16,0,29.71,0.2,0,0,0,42.8,48.6,50.7,0.54,0.45,0.44
GFAL,2019-11-08 01:10:00 EST,43.34087,-73.60202,324,26.4,27.4,20.9,70.3,18.1,0.000,0.000,0.00,0.000,4.0,6.7,1.3,332,22,4.6,7.8,1.5,341,20,4.6,7.8,1.5,341,20,0,29.71,0.3,0,0,0,42.8,48.6,50.7,0.54,0.45,0.44
GFAL,2019-11-08 01:15:00 EST,43.34087,-73.60202,324,26.7,27.4,22.4,69.8,18.1,0.000,0.000,0.00,0.000,3.0,4.9,0.6,341,23,3.6,5.9,0.9,349,21,3.6,5.9,0.9,349,21,0,29.71,0.2,0,0,0,42.8,48.6,50.7,0.54,0.45,0.44
GFAL,2019-11-08 01:20:00 EST,43.34087,-73.60202,324,26.7,27.3,21.8,69.2,18.0,0.000,0.000,0.00,0.000,3.5,6.0,1.2,340,23,4.1,7.4,1.2,349,23,4.1,7.4,1.2,349,23,0,29.71,0.2,0,0,0,42.8,48.6,50.7,0.54,0.45,0.44
GFAL,2019-11-08 01:25:00 EST,43.34087,-73.60202,324,26.7,27.3,22.2,69.4,18.1,0.000,0.000,0.00,0.000,3.3,5.2,1.0,354,21,3.8,6.6,1.2,1,20,3.8,6.6,1.2,1,20,0,29.71,0.2,0,0,0,42.8,48.6,50.7,0.54,0.45,0.44
GFAL,2019-11-08 01:30:00 EST,43.34087,-73.60202,324,26.8,27.5,21.9,69.1,18.1,0.000,0.000,0.00,0.000,3.6,5.0,0.9,354,10,4.2,6.9,1.1,0,9,4.2,6.9,1.1,0,9,0,29.71,0.1,0,0,0,42.8,48.6,50.7,0.54,0.45,0.44
GFAL,2019-11-08 01:35:00 EST,43.34087,-73.60202,324,26.6,27.4,26.6,70.3,18.2,0.000,0.000,0.00,0.000,2.2,4.5,0.8,342,16,2.7,5.0,0.8,349,17,2.7,5.0,0.8,349,17,0,29.71,0.2,0,0,0,42.8,48.6,50.7,0.54,0.45,0.44
GFAL,2019-11-08 01:40:00 EST,43.34087,-73.60202,324,26.7,27.4,26.7,69.8,18.1,0.000,0.000,0.00,0.000,1.6,3.5,1.2,2,26,2.1,4.6,1.3,12,28,2.1,4.6,1.3,12,28,0,29.71,0.2,0,0,0,42.7,48.6,50.7,0.54,0.45,0.44
GFAL,2019-11-08 01:45:00 EST,43.34087,-73.60202,324,26.4,27.3,26.4,69.9,17.9,0.000,0.000,0.00,0.000,2.5,5.0,1.1,323,33,3.0,5.6,1.3,335,31,3.0,5.6,1.3,335,31,0,29.71,0.1,0,0,0,42.6,48.6,50.7,0.54,0.45,0.44
GFAL,2019-11-08 01:50:00 EST,43.34087,-73.60202,324,26.4,27.2,26.4,70.9,18.2,0.000,0.000,0.00,0.000,1.9,4.6,0.8,9,23,2.3,5.3,1.0,15,23,2.3,5.3,1.0,15,23,0,29.71,0.3,0,0,0,42.6,48.6,50.7,0.54,0.45,0.44
GFAL,2019-11-08 01:55:00 EST,43.34087,-73.60202,324,26.7,27.1,26.7,69.8,18.1,0.000,0.000,0.00,0.000,2.4,5.8,1.8,42,19,2.8,7.1,1.9,49,20,2.8,7.1,1.9,49,20,0,29.71,0.2,0,0,0,42.6,48.6,50.7,0.54,0.45,0.44
GFAL,2019-11-08 02:00:00 EST,43.34087,-73.60202,324,26.4,27.1,26.4,69.8,17.9,0.000,0.000,0.00,0.000,1.7,4.0,1.0,10,26,2.1,5.6,1.2,15,27,2.1,5.6,1.2,15,27,0,29.71,0.1,0,0,0,42.6,48.6,50.7,0.54,0.45,0.44
GFAL,2019-11-08 02:05:00 EST,43.34087,-73.60202,324,25.8,27.1,22.3,72.1,18.1,0.000,0.000,0.00,0.000,2.5,4.2,1.0,352,16,3.0,5.0,1.2,358,14,3.0,5.0,1.2,358,14,0,29.71,0.1,0,0,0,42.6,48.6,50.7,0.54,0.45,0.44
GFAL,2019-11-08 02:10:00 EST,43.34087,-73.60202,324,25.4,27.1,20.7,74.8,18.5,0.000,0.000,0.00,0.000,3.3,6.2,1.4,355,13,3.8,7.4,1.5,2,13,3.8,7.4,1.5,2,13,0,29.71,0.2,0,0,0,42.5,48.6,50.7,0.54,0.45,0.44
GFAL,2019-11-08 02:15:00 EST,43.34087,-73.60202,324,25.2,26.9,20.7,75.7,18.6,0.000,0.000,0.00,0.000,3.2,5.3,1.1,311,17,3.6,6.3,1.2,319,16,3.6,6.3,1.2,319,16,0,29.71,0.2,0,0,0,42.4,48.6,50.7,0.54,0.45,0.44
GFAL,2019-11-08 02:20:00 EST,43.34087,-73.60202,324,25.5,26.7,18.7,72.3,17.8,0.000,0.000,0.00,0.000,5.1,6.9,0.7,318,10,5.7,8.3,0.9,326,9,5.7,8.3,0.9,326,9,0,29.71,0.3,0,0,0,42.4,48.6,50.7,0.54,0.45,0.44
GFAL,2019-11-08 02:25:00 EST,43.34087,-73.60202,324,25.4,26.6,19.1,72.2,17.7,0.000,0.000,0.00,0.000,4.4,8.5,1.4,340,24,5.3,10.4,1.6,347,21,5.3,10.4,1.6,347,21,0,29.70,0.2,0,0,0,42.4,48.6,50.7,0.54,0.45,0.44
GFAL,2019-11-08 02:30:00 EST,43.34087,-73.60202,324,26.4,27.1,19.3,69.3,17.7,0.000,0.000,0.00,0.000,5.6,9.6,1.5,6,17,6.3,10.5,1.7,11,16,6.3,10.5,1.7,11,16,0,29.70,0.2,0,0,0,42.4,48.6,50.7,0.54,0.45,0.44
GFAL,2019-11-08 02:35:00 EST,43.34087,-73.60202,324,25.8,26.6,25.8,70.6,17.6,0.000,0.000,0.00,0.000,2.1,5.4,1.3,1,29,2.5,6.0,1.4,7,25,2.5,6.0,1.4,7,25,0,29.70,0.1,0,0,0,42.4,48.6,50.7,0.54,0.45,0.44
GFAL,2019-11-08 02:40:00 EST,43.34087,-73.60202,324,25.3,26.2,25.3,73.6,18.1,0.000,0.000,0.00,0.000,1.1,2.5,0.8,12,19,1.4,3.4,0.9,20,23,1.4,3.4,0.9,20,23,0,29.69,0.1,0,0,0,42.4,48.6,50.7,0.54,0.45,0.44
GFAL,2019-11-08 02:45:00 EST,43.34087,-73.60202,324,24.7,26.2,21.0,77.2,18.6,0.000,0.000,0.00,0.000,2.8,4.7,1.0,29,18,3.0,5.3,1.2,35,17,3.0,5.3,1.2,35,17,0,29.69,0.1,0,0,0,42.3,48.6,50.7,0.54,0.45,0.44
GFAL,2019-11-08 02:50:00 EST,43.34087,-73.60202,324,24.0,25.8,18.4,76.8,17.8,0.000,0.000,0.00,0.000,3.9,5.8,0.7,29,21,4.4,6.2,0.9,33,19,4.4,6.2,0.9,33,19,0,29.69,0.3,0,0,0,42.3,48.6,50.7,0.54,0.45,0.44
GFAL,2019-11-08 02:55:00 EST,43.34087,-73.60202,324,24.3,25.6,24.3,79.0,18.7,0.000,0.000,0.00,0.000,2.0,3.2,0.5,317,24,2.3,4.2,0.6,323,21,2.3,4.2,0.6,323,21,0,29.69,0.1,0,0,0,42.3,48.6,50.7,0.54,0.45,0.44
GFAL,2019-11-08 03:00:00 EST,43.34087,-73.60202,324,23.9,25.2,18.6,79.7,18.5,0.000,0.000,0.00,0.000,3.6,5.0,0.5,280,6,4.1,5.7,0.5,288,7,4.1,5.7,0.5,288,7,0,29.70,0.2,0,0,0,42.3,48.6,50.7,0.54,0.45,0.44
GFAL,2019-11-08 03:05:00 EST,43.34087,-73.60202,324,24.0,25.3,19.4,79.9,18.7,0.000,0.000,0.00,0.000,3.2,4.2,0.4,282,5,3.6,4.9,0.5,291,6,3.6,4.9,0.5,291,6,0,29.70,0.2,0,0,0,42.3,48.6,50.7,0.54,0.45,0.44
GFAL,2019-11-08 03:10:00 EST,43.34087,-73.60202,324,23.9,24.7,18.4,78.3,18.1,0.000,0.000,0.00,0.000,3.7,5.1,0.6,273,7,4.2,6.1,0.8,281,8,4.2,6.1,0.8,281,8,0,29.70,0.3,0,0,0,42.2,48.6,50.7,0.54,0.45,0.44
GFAL,2019-11-08 03:15:00 EST,43.34087,-73.60202,324,24.2,25.1,16.7,76.9,18.0,0.000,0.000,0.00,0.000,5.5,7.1,0.8,273,7,6.2,7.8,0.9,280,7,6.2,7.8,0.9,280,7,0,29.70,0.2,0,0,0,42.1,48.6,50.7,0.54,0.45,0.44
GFAL,2019-11-08 03:20:00 EST,43.34087,-73.60202,324,24.5,25.5,17.4,74.9,17.7,0.000,0.000,0.00,0.000,5.3,6.8,0.8,279,10,5.9,7.8,0.9,287,9,5.9,7.8,0.9,287,9,0,29.70,0.2,0,0,0,42.1,48.6,50.7,0.54,0.45,0.44
GFAL,2019-11-08 03:25:00 EST,43.34087,-73.60202,324,25.0,25.8,18.3,71.8,17.2,0.000,0.000,0.00,0.000,5.0,7.7,1.1,291,12,5.6,8.4,1.1,299,11,5.6,8.4,1.1,299,11,0,29.70,0.3,0,0,0,42.1,48.6,50.7,0.54,0.45,0.44
GFAL,2019-11-08 03:30:00 EST,43.34087,-73.60202,324,25.1,26.0,18.3,69.1,16.4,0.000,0.000,0.00,0.000,5.2,7.4,0.9,306,10,5.7,8.6,1.0,313,10,5.7,8.6,1.0,313,10,0,29.70,0.2,0,0,0,42.1,48.6,50.7,0.54,0.45,0.44
GFAL,2019-11-08 03:35:00 EST,43.34087,-73.60202,324,24.8,25.7,19.3,69.8,16.3,0.000,0.000,0.00,0.000,3.9,6.1,0.9,321,6,4.4,7.3,1.0,328,7,4.4,7.3,1.0,328,7,0,29.70,0.2,0,0,0,42.1,48.6,50.7,0.54,0.45,0.44
GFAL,2019-11-08 03:40:00 EST,43.34087,-73.60202,324,24.1,25.5,24.1,72.4,16.5,0.000,0.000,0.00,0.000,2.6,3.9,0.6,328,11,2.9,4.5,0.7,335,12,2.9,4.5,0.7,335,12,0,29.70,0.3,0,0,0,42.1,48.6,50.7,0.54,0.45,0.44
GFAL,2019-11-08 03:45:00 EST,43.34087,-73.60202,324,24.4,25.6,24.4,72.6,16.9,0.000,0.000,0.00,0.000,2.2,3.0,0.4,320,13,2.5,4.0,0.5,327,14,2.5,4.0,0.5,327,14,0,29.70,0.2,0,0,0,42.0,48.6,50.6,0.54,0.45,0.44
GFAL,2019-11-08 03:50:00 EST,43.34087,-73.60202,324,23.8,25.2,23.8,73.9,16.7,0.000,0.000,0.00,0.000,2.3,3.3,0.4,302,11,2.5,3.9,0.5,311,9,2.5,3.9,0.5,311,9,0,29.70,0.2,0,0,0,41.9,48.5,50.7,0.54,0.45,0.44
GFAL,2019-11-08 03:55:00 EST,43.34087,-73.60202,324,24.0,25.3,19.6,74.3,17.0,0.000,0.000,0.00,0.000,3.1,4.5,0.6,297,6,3.5,5.1,0.6,307,5,3.5,5.1,0.6,307,5,0,29.70,0.2,0,0,0,41.9,48.5,50.7,0.54,0.45,0.44
GFAL,2019-11-08 04:00:00 EST,43.34087,-73.60202,324,23.5,25.2,17.7,73.6,16.4,0.000,0.000,0.00,0.000,4.0,5.2,0.4,302,8,4.5,5.7,0.5,310,8,4.5,5.7,0.5,310,8,0,29.70,0.2,0,0,0,41.9,48.5,50.6,0.54,0.45,0.44
GFAL,2019-11-08 04:05:00 EST,43.34087,-73.60202,324,23.7,25.1,17.2,72.6,16.2,0.000,0.000,0.00,0.000,4.4,6.7,0.8,294,11,5.1,7.5,0.9,303,11,5.1,7.5,0.9,303,11,0,29.70,0.1,0,0,0,41.9,48.4,50.6,0.54,0.45,0.44
GFAL,2019-11-08 04:10:00 EST,43.34087,-73.60202,324,23.5,25.1,16.4,72.9,16.1,0.000,0.000,0.00,0.000,5.2,8.8,1.4,295,11,5.7,10.2,1.5,302,12,5.7,10.2,1.5,302,12,0,29.71,0.3,0,0,0,41.9,48.4,50.6,0.54,0.45,0.44
GFAL,2019-11-08 04:15:00 EST,43.34087,-73.60202,324,24.4,25.5,16.3,67.2,15.0,0.000,0.000,0.00,0.000,6.3,9.7,1.4,305,13,7.1,10.8,1.4,313,12,7.1,10.8,1.4,313,12,0,29.71,0.3,0,0,0,41.8,48.4,50.6,0.54,0.45,0.44
GFAL,2019-11-08 04:20:00 EST,43.34087,-73.60202,324,24.5,25.5,16.4,64.0,14.0,0.000,0.000,0.00,0.000,6.4,8.3,0.8,304,10,7.1,10.1,1.0,312,8,7.1,10.1,1.0,312,8,0,29.71,0.3,0,0,0,41.7,48.4,50.5,0.54,0.45,0.44
GFAL,2019-11-08 04:25:00 EST,43.34087,-73.60202,324,24.8,25.5,16.4,61.9,13.5,0.000,0.000,0.00,0.000,6.9,10.6,1.7,303,9,7.6,10.6,1.7,311,9,7.6,10.6,1.7,311,9,0,29.71,0.2,0,0,0,41.7,48.4,50.5,0.54,0.45,0.44
GFAL,2019-11-08 04:30:00 EST,43.34087,-73.60202,324,24.5,25.3,16.1,62.1,13.3,0.000,0.000,0.00,0.000,6.7,10.4,1.4,310,9,7.5,12.0,1.6,317,10,7.5,12.0,1.6,317,10,0,29.71,0.2,0,0,0,41.7,48.4,50.5,0.54,0.45,0.44
GFAL,2019-11-08 04:35:00 EST,43.34087,-73.60202,324,24.6,25.4,16.4,61.7,13.3,0.000,0.000,0.00,0.000,6.4,9.0,1.3,315,12,7.1,10.5,1.5,323,11,7.1,10.5,1.5,323,11,0,29.71,0.3,0,0,0,41.7,48.4,50.5,0.54,0.45,0.44
GFAL,2019-11-08 04:40:00 EST,43.34087,-73.60202,324,24.4,25.4,16.8,61.9,13.2,0.000,0.000,0.00,0.000,5.9,9.6,0.9,312,7,6.5,9.9,1.0,319,7,6.5,9.9,1.0,319,7,0,29.71,0.2,0,0,0,41.7,48.4,50.5,0.54,0.45,0.44
GFAL,2019-11-08 04:45:00 EST,43.34087,-73.60202,324,24.5,25.4,16.8,60.8,12.9,0.000,0.000,0.00,0.000,6.0,8.2,0.9,313,7,6.6,9.0,0.9,321,7,6.6,9.0,0.9,321,7,0,29.70,0.2,0,0,0,41.7,48.4,50.5,0.54,0.45,0.44
GFAL,2019-11-08 04:50:00 EST,43.34087,-73.60202,324,24.7,25.5,17.4,60.8,13.1,0.000,0.000,0.00,0.000,5.6,8.3,1.1,315,7,6.2,9.1,1.1,322,7,6.2,9.1,1.1,322,7,0,29.71,0.2,0,0,0,41.7,48.4,50.5,0.54,0.45,0.44
GFAL,2019-11-08 04:55:00 EST,43.34087,-73.60202,324,24.3,25.3,18.2,61.4,12.9,0.000,0.000,0.00,0.000,4.3,5.3,0.5,308,7,4.8,6.1,0.5,316,6,4.8,6.1,0.5,316,6,0,29.71,0.2,0,0,0,41.6,48.4,50.5,0.54,0.45,0.44
GFAL,2019-11-08 05:00:00 EST,43.34087,-73.60202,324,24.1,25.2,17.7,62.2,13.1,0.000,0.000,0.00,0.000,4.5,6.1,0.9,299,15,5.1,6.8,1.0,306,15,5.1,6.8,1.0,306,15,0,29.71,0.2,0,0,0,41.5,48.4,50.5,0.54,0.45,0.44
GFAL,2019-11-08 05:05:00 EST,43.34087,-73.60202,324,24.2,25.1,17.5,62.9,13.4,0.000,0.000,0.00,0.000,4.8,7.2,1.4,282,17,5.5,8.4,1.5,289,18,5.5,8.4,1.5,289,18,0,29.71,0.2,0,0,0,41.5,48.4,50.5,0.54,0.45,0.44
GFAL,2019-11-08 05:10:00 EST,43.34087,-73.60202,324,24.4,25.0,19.3,62.8,13.6,0.000,0.000,0.00,0.000,3.6,5.2,0.7,272,12,4.0,6.3,0.8,279,12,4.0,6.3,0.8,279,12,0,29.71,0.2,0,0,0,41.5,48.4,50.5,0.54,0.45,0.44
GFAL,2019-11-08 05:15:00 EST,43.34087,-73.60202,324,24.5,25.0,18.8,61.9,13.3,0.000,0.000,0.00,0.000,3.9,6.0,1.0,276,10,4.5,6.8,1.1,284,10,4.5,6.8,1.1,284,10,0,29.71,0.3,0,0,0,41.5,48.4,50.5,0.54,0.45,0.44
GFAL,2019-11-08 05:20:00 EST,43.34087,-73.60202,324,24.1,24.8,19.6,63.2,13.4,0.000,0.000,0.00,0.000,3.0,5.6,0.8,281,12,3.5,6.2,0.9,290,12,3.5,6.2,0.9,290,12,0,29.71,0.2,0,0,0,41.5,48.4,50.5,0.54,0.45,0.44
GFAL,2019-11-08 05:25:00 EST,43.34087,-73.60202,324,23.7,24.4,19.2,64.9,13.6,0.000,0.000,0.00,0.000,3.0,4.9,0.7,276,10,3.4,5.4,0.8,285,11,3.4,5.4,0.8,285,11,0,29.71,0.2,0,0,0,41.5,48.4,50.5,0.54,0.45,0.44
GFAL,2019-11-08 05:30:00 EST,43.34087,-73.60202,324,23.8,24.5,19.3,64.9,13.7,0.000,0.000,0.00,0.000,3.0,5.0,0.8,275,9,3.5,5.8,0.9,283,10,3.5,5.8,0.9,283,10,0,29.71,0.2,0,0,0,41.4,48.4,50.5,0.54,0.45,0.44
GFAL,2019-11-08 05:35:00 EST,43.34087,-73.60202,324,23.6,24.4,23.6,66.0,13.9,0.000,0.000,0.00,0.000,2.5,3.9,0.6,291,12,2.9,4.8,0.7,300,13,2.9,4.8,0.7,300,13,0,29.71,0.2,0,0,0,41.4,48.4,50.5,0.54,0.45,0.44
GFAL,2019-11-08 05:40:00 EST,43.34087,-73.60202,324,23.2,24.3,23.2,67.3,13.9,0.000,0.000,0.00,0.000,2.6,4.5,1.0,291,12,3.0,6.0,1.1,300,11,3.0,6.0,1.1,300,11,0,29.71,0.3,0,0,0,41.4,48.4,50.5,0.54,0.45,0.44
GFAL,2019-11-08 05:45:00 EST,43.34087,-73.60202,324,23.6,24.6,17.3,64.5,13.4,0.000,0.000,0.00,0.000,4.4,8.1,1.5,302,12,4.9,8.9,1.4,310,11,4.9,8.9,1.4,310,11,0,29.71,0.2,0,0,0,41.4,48.4,50.5,0.54,0.45,0.44
GFAL,2019-11-08 05:50:00 EST,43.34087,-73.60202,324,23.5,24.5,17.7,64.1,13.1,0.000,0.000,0.00,0.000,4.0,5.9,1.0,287,9,4.5,6.6,1.1,296,9,4.5,6.6,1.1,296,9,0,29.72,0.2,0,0,0,41.4,48.4,50.5,0.54,0.45,0.44
GFAL,2019-11-08 05:55:00 EST,43.34087,-73.60202,324,23.5,24.4,16.8,64.1,13.2,0.000,0.000,0.00,0.000,4.8,6.9,0.8,282,8,5.3,7.8,0.9,290,8,5.3,7.8,0.9,290,8,0,29.72,0.3,0,0,0,41.4,48.4,50.5,0.54,0.45,0.44
GFAL,2019-11-08 06:00:00 EST,43.34087,-73.60202,324,23.7,24.4,18.1,64.3,13.4,0.000,0.000,0.00,0.000,3.9,5.6,0.6,282,7,4.3,6.5,0.7,290,7,4.3,6.5,0.7,290,7,0,29.72,0.2,0,0,0,41.4,48.4,50.5,0.54,0.45,0.44
GFAL,2019-11-08 06:05:00 EST,43.34087,-73.60202,324,23.2,24.1,23.2,66.1,13.6,0.000,0.000,0.00,0.000,2.6,4.2,0.6,291,12,3.0,5.0,0.7,302,13,3.0,5.0,0.7,302,13,0,29.72,0.1,0,0,0,41.2,48.4,50.5,0.54,0.45,0.44
GFAL,2019-11-08 06:10:00 EST,43.34087,-73.60202,324,22.8,23.8,22.8,67.6,13.7,0.000,0.000,0.00,0.000,1.8,3.7,0.8,320,17,2.1,4.2,0.7,331,17,2.1,4.2,0.7,331,17,0,29.72,0.2,0,0,0,41.2,48.4,50.5,0.54,0.45,0.44
GFAL,2019-11-08 06:15:00 EST,43.34087,-73.60202,324,22.5,23.7,22.5,68.1,13.6,0.000,0.000,0.00,0.000,2.4,3.4,0.5,8,22,2.8,3.9,0.6,14,22,2.8,3.9,0.6,14,22,0,29.73,0.2,0,0,0,41.2,48.4,50.5,0.54,0.45,0.44
GFAL,2019-11-08 06:20:00 EST,43.34087,-73.60202,324,22.2,23.9,22.2,68.1,13.2,0.000,0.000,0.00,0.000,2.8,3.7,0.3,28,6,2.9,3.8,0.3,35,5,2.9,3.8,0.3,35,5,0,29.73,0.3,0,0,0,41.2,48.4,50.5,0.54,0.45,0.44
GFAL,2019-11-08 06:25:00 EST,43.34087,-73.60202,324,22.1,23.8,18.0,68.5,13.3,0.000,0.000,0.00,0.000,2.9,4.7,0.5,15,10,3.1,4.7,0.6,21,11,3.1,4.7,0.6,21,11,0,29.73,0.2,0,0,0,41.2,48.3,50.5,0.54,0.45,0.44
GFAL,2019-11-08 06:30:00 EST,43.34087,-73.60202,324,21.9,23.6,16.1,73.3,14.6,0.000,0.000,0.00,0.000,3.6,6.4,0.7,4,12,4.2,7.6,0.7,10,11,4.2,7.6,0.7,10,11,1,29.73,0.4,0,0,0,41.2,48.4,50.5,0.54,0.45,0.44
GFAL,2019-11-08 06:35:00 EST,43.34087,-73.60202,324,22.7,23.9,15.7,70.4,14.5,0.000,0.000,0.00,0.000,4.7,7.7,1.1,346,14,5.4,9.8,1.3,354,11,5.4,9.8,1.3,354,11,4,29.74,0.3,0,0,0,41.1,48.4,50.5,0.54,0.45,0.44
GFAL,2019-11-08 06:40:00 EST,43.34087,-73.60202,324,23.1,24.1,17.3,65.3,13.1,0.000,0.000,0.00,0.000,3.8,5.8,0.8,322,17,4.4,6.0,0.9,331,17,4.4,6.0,0.9,331,17,7,29.74,0.2,0,0,0,41.0,48.3,50.5,0.54,0.45,0.44
GFAL,2019-11-08 06:45:00 EST,43.34087,-73.60202,324,22.5,23.9,15.2,66.2,12.9,0.000,0.000,0.00,0.000,5.1,8.8,1.5,324,10,5.7,9.1,1.5,333,10,5.7,9.1,1.5,333,10,10,29.74,0.3,0,0,0,41.0,48.2,50.5,0.54,0.45,0.44
GFAL,2019-11-08 06:50:00 EST,43.34087,-73.60202,324,23.4,24.1,15.2,64.3,13.1,0.000,0.000,0.00,0.000,6.1,10.3,1.7,326,9,6.9,11.3,1.9,334,8,6.9,11.3,1.9,334,8,14,29.74,0.4,0,0,0,41.0,48.2,50.5,0.54,0.45,0.44
GFAL,2019-11-08 06:55:00 EST,43.34087,-73.60202,324,23.4,24.1,15.3,63.0,12.7,0.000,0.000,0.00,0.000,6.3,9.9,1.5,312,11,6.8,10.6,1.5,321,11,6.8,10.6,1.5,321,11,18,29.74,0.3,0,0,0,41.0,48.2,50.5,0.54,0.45,0.44
GFAL,2019-11-08 07:00:00 EST,43.34087,-73.60202,324,23.1,23.7,16.0,64.2,12.8,0.000,0.000,0.00,0.000,5.0,8.0,1.3,319,8,5.6,8.0,1.3,326,8,5.6,8.0,1.3,326,8,37,29.74,0.3,0,0,0,41.0,48.2,50.5,0.54,0.45,0.44
GFAL,2019-11-08 07:05:00 EST,43.34087,-73.60202,324,23.2,23.8,15.8,64.4,13.0,0.000,0.000,0.00,0.000,5.4,7.5,0.8,310,11,6.0,8.5,0.9,319,10,6.0,8.5,0.9,319,10,80,29.75,0.3,0,0,0,41.0,48.2,50.5,0.54,0.45,0.44
GFAL,2019-11-08 07:10:00 EST,43.34087,-73.60202,324,23.6,24.0,15.0,63.7,13.1,0.000,0.000,0.00,0.000,6.6,10.3,1.3,306,8,7.4,10.5,1.3,314,7,7.4,10.5,1.3,314,7,52,29.75,0.2,0,0,0,41.0,48.2,50.5,0.54,0.45,0.44
GFAL,2019-11-08 07:15:00 EST,43.34087,-73.60202,324,23.6,24.0,15.7,63.5,13.0,0.000,0.000,0.00,0.000,6.0,10.0,1.8,298,13,6.6,10.8,1.8,306,13,6.6,10.8,1.8,306,13,66,29.75,0.3,0,0,0,41.0,48.2,50.5,0.54,0.45,0.44
GFAL,2019-11-08 07:20:00 EST,43.34087,-73.60202,324,22.9,23.4,18.8,67.2,13.7,0.000,0.000,0.00,0.000,2.7,4.5,1.6,265,10,3.1,5.2,1.5,274,16,3.1,5.2,1.5,274,16,90,29.75,0.3,0,0,0,41.0,48.2,50.5,0.54,0.45,0.44
GFAL,2019-11-08 07:25:00 EST,43.34087,-73.60202,324,23.6,24.1,17.6,64.3,13.3,0.000,0.000,0.00,0.000,4.3,6.4,1.2,309,12,4.7,7.4,1.3,318,11,4.7,7.4,1.3,318,11,117,29.76,0.3,0,0,0,40.8,48.2,50.5,0.54,0.45,0.44
GFAL,2019-11-08 07:30:00 EST,43.34087,-73.60202,324,23.9,24.1,18.6,62.8,13.1,0.000,0.000,0.00,0.000,3.7,5.8,0.9,323,13,4.1,6.2,1.1,330,13,4.1,6.2,1.1,330,13,86,29.76,0.2,0,0,0,40.8,48.2,50.5,0.54,0.45,0.44
GFAL,2019-11-08 07:35:00 EST,43.34087,-73.60202,324,23.7,24.0,14.6,63.8,13.2,0.000,0.000,0.00,0.000,7.6,11.0,1.4,313,10,8.2,12.2,1.4,321,9,8.2,12.2,1.4,321,9,42,29.76,0.3,0,0,0,40.8,48.2,50.5,0.54,0.45,0.44
GFAL,2019-11-08 07:40:00 EST,43.34087,-73.60202,324,23.9,24.1,14.0,63.3,13.2,0.000,0.000,0.00,0.000,8.7,14.0,2.4,308,15,9.5,14.1,2.5,316,15,9.5,14.1,2.5,316,15,58,29.76,0.3,0,0,0,40.8,48.2,50.5,0.54,0.45,0.44
GFAL,2019-11-08 07:45:00 EST,43.34087,-73.60202,324,24.0,24.3,13.7,64.8,13.9,0.000,0.000,0.00,0.000,9.5,15.3,2.5,316,10,10.3,15.9,2.5,325,10,10.3,15.9,2.5,325,10,181,29.76,0.4,0,0,0,40.8,48.2,50.5,0.54,0.45,0.44
GFAL,2019-11-08 07:50:00 EST,43.34087,-73.60202,324,24.4,24.5,13.4,64.0,13.9,0.000,0.000,0.00,0.000,10.5,13.4,1.4,312,12,11.5,14.9,1.6,319,12,11.5,14.9,1.6,319,12,162,29.77,0.3,0,0,0,40.8,48.2,50.5,0.53,0.45,0.44
GFAL,2019-11-08 07:55:00 EST,43.34087,-73.60202,324,24.5,24.5,14.8,64.0,14.0,0.000,0.000,0.00,0.000,8.5,13.3,2.1,315,12,9.4,14.9,2.2,323,12,9.4,14.9,2.2,323,12,205,29.77,0.3,0,0,0,40.8,48.2,50.5,0.53,0.45,0.44
GFAL,2019-11-08 08:00:00 EST,43.34087,-73.60202,324,24.7,24.6,15.5,64.3,14.3,0.000,0.000,0.00,0.000,7.8,11.8,1.8,323,12,8.6,12.6,1.8,332,12,8.6,12.6,1.8,332,12,220,29.77,0.3,0,0,0,40.7,48.2,50.5,0.54,0.45,0.44
GFAL,2019-11-08 08:05:00 EST,43.34087,-73.60202,324,24.9,24.8,16.3,64.9,14.7,0.000,0.000,0.00,0.000,7.1,11.4,1.6,311,13,7.9,13.1,1.6,320,12,7.9,13.1,1.6,320,12,230,29.77,0.3,0,0,0,40.6,48.2,50.5,0.54,0.45,0.44
GFAL,2019-11-08 08:10:00 EST,43.34087,-73.60202,324,25.2,24.9,17.2,64.7,14.9,0.000,0.000,0.00,0.000,6.3,9.4,1.5,323,13,7.0,10.9,1.4,334,14,7.0,10.9,1.4,334,14,247,29.77,0.3,0,0,0,40.6,48.2,50.5,0.53,0.45,0.44
GFAL,2019-11-08 08:15:00 EST,43.34087,-73.60202,324,25.5,25.2,17.0,64.3,15.1,0.000,0.000,0.00,0.000,7.0,11.5,2.0,317,11,7.8,12.7,2.1,323,11,7.8,12.7,2.1,323,11,250,29.77,0.4,0,0,0,40.6,48.2,50.5,0.53,0.45,0.44
GFAL,2019-11-08 08:20:00 EST,43.34087,-73.60202,324,25.7,25.5,16.8,63.8,15.2,0.000,0.000,0.00,0.000,8.0,11.0,1.3,309,10,8.7,11.9,1.4,318,8,8.7,11.9,1.4,318,8,268,29.77,0.3,0,0,0,40.6,48.2,50.5,0.53,0.45,0.44
GFAL,2019-11-08 08:25:00 EST,43.34087,-73.60202,324,26.1,25.7,17.9,64.6,15.8,0.000,0.000,0.00,0.000,6.8,10.4,1.3,322,17,7.6,11.3,1.5,332,17,7.6,11.3,1.5,332,17,231,29.77,0.3,0,0,0,40.6,48.1,50.5,0.53,0.45,0.44
GFAL,2019-11-08 08:30:00 EST,43.34087,-73.60202,324,26.2,25.8,16.7,63.1,15.3,0.000,0.000,0.00,0.000,8.6,13.0,2.2,332,16,9.7,14.5,2.3,341,17,9.7,14.5,2.3,341,17,246,29.77,0.3,0,0,0,40.6,48.1,50.5,0.54,0.45,0.44
GFAL,2019-11-08 08:35:00 EST,43.34087,-73.60202,324,26.2,25.8,16.3,63.0,15.3,0.000,0.000,0.00,0.000,9.4,14.5,1.9,329,18,10.4,16.1,2.2,340,12,10.4,16.1,2.2,340,12,181,29.78,0.4,0,0,0,40.6,48.0,50.5,0.54,0.45,0.44
GFAL,2019-11-08 08:40:00 EST,43.34087,-73.60202,324,26.1,25.9,16.0,63.3,15.4,0.000,0.000,0.00,0.000,9.9,15.3,1.9,329,12,10.9,16.1,2.2,338,11,10.9,16.1,2.2,338,11,143,29.78,0.4,0,0,0,40.6,48.0,50.5,0.53,0.45,0.44
GFAL,2019-11-08 08:45:00 EST,43.34087,-73.60202,324,26.3,26.0,16.2,61.6,14.8,0.000,0.000,0.00,0.000,9.6,15.7,2.8,322,17,10.8,17.6,2.9,331,17,10.8,17.6,2.9,331,17,170,29.78,0.3,0,0,0,40.6,48.0,50.5,0.54,0.45,0.44
GFAL,2019-11-08 08:50:00 EST,43.34087,-73.60202,324,26.3,26.0,16.1,60.4,14.4,0.000,0.000,0.00,0.000,10.4,15.1,2.2,313,15,11.1,15.6,2.2,322,15,11.1,15.6,2.2,322,15,161,29.78,0.3,0,0,0,40.6,48.0,50.5,0.54,0.45,0.44
GFAL,2019-11-08 08:55:00 EST,43.34087,-73.60202,324,26.2,26.0,15.5,60.9,14.6,0.000,0.000,0.00,0.000,11.1,15.2,1.8,312,12,12.0,15.8,1.7,320,10,12.0,15.8,1.7,320,10,128,29.78,0.3,0,0,0,40.6,48.0,50.4,0.53,0.45,0.44
GFAL,2019-11-08 09:00:00 EST,43.34087,-73.60202,324,26.1,26.0,16.3,60.6,14.4,0.000,0.000,0.00,0.000,9.4,16.6,2.6,310,10,10.4,17.5,2.5,319,11,10.4,17.5,2.5,319,11,111,29.78,0.3,0,0,0,40.6,48.0,50.4,0.54,0.45,0.44
GFAL,2019-11-08 09:05:00 EST,43.34087,-73.60202,324,26.2,26.1,17.7,62.6,15.2,0.000,0.000,0.00,0.000,7.0,12.3,2.2,317,18,8.1,12.9,2.6,325,17,8.1,12.9,2.6,325,17,81,29.78,0.3,0,0,0,40.6,48.0,50.4,0.54,0.45,0.44
GFAL,2019-11-08 09:10:00 EST,43.34087,-73.60202,324,26.3,26.2,15.9,62.1,15.1,0.000,0.000,0.00,0.000,10.5,15.4,2.6,317,9,11.4,16.4,2.6,327,9,11.4,16.4,2.6,327,9,195,29.78,0.4,0,0,0,40.6,48.0,50.4,0.54,0.45,0.44
GFAL,2019-11-08 09:15:00 EST,43.34087,-73.60202,324,27.1,26.7,15.4,60.5,15.3,0.000,0.000,0.00,0.000,14.1,21.2,2.6,307,11,14.9,21.6,2.5,315,12,14.9,21.6,2.5,315,12,351,29.78,0.3,0,0,0,40.6,48.0,50.4,0.53,0.45,0.44
GFAL,2019-11-08 09:20:00 EST,43.34087,-73.60202,324,27.3,26.8,16.5,59.2,14.9,0.000,0.000,0.00,0.000,12.2,17.8,2.3,317,11,12.9,20.7,2.4,325,11,12.9,20.7,2.4,325,11,378,29.78,0.3,0,0,0,40.6,48.0,50.4,0.53,0.45,0.44
GFAL,2019-11-08 09:25:00 EST,43.34087,-73.60202,324,27.5,26.9,16.7,59.3,15.2,0.000,0.000,0.00,0.000,12.3,16.7,1.9,316,12,13.0,17.1,2.0,324,12,13.0,17.1,2.0,324,12,384,29.78,0.3,0,0,0,40.6,48.0,50.4,0.54,0.45,0.44
GFAL,2019-11-08 09:30:00 EST,43.34087,-73.60202,324,27.9,27.2,18.0,58.5,15.2,0.000,0.000,0.00,0.000,10.4,16.1,2.2,324,10,11.2,17.4,2.1,333,10,11.2,17.4,2.1,333,10,394,29.78,0.4,0,0,0,40.6,48.0,50.4,0.53,0.45,0.44
GFAL,2019-11-08 09:35:00 EST,43.34087,-73.60202,324,28.2,27.6,18.7,59.0,15.7,0.000,0.000,0.00,0.000,9.6,12.9,2.2,330,17,10.7,15.1,2.2,339,16,10.7,15.1,2.2,339,16,397,29.78,0.3,0,0,0,40.6,48.0,50.4,0.53,0.45,0.44
GFAL,2019-11-08 09:40:00 EST,43.34087,-73.60202,324,28.5,27.8,19.1,57.8,15.5,0.000,0.000,0.00,0.000,9.5,16.0,2.5,344,18,10.5,17.4,2.8,352,11,10.5,17.4,2.8,352,11,409,29.78,0.4,0,0,0,40.6,48.0,50.4,0.54,0.45,0.44
GFAL,2019-11-08 09:45:00 EST,43.34087,-73.60202,324,28.7,27.8,19.4,58.2,15.9,0.000,0.000,0.00,0.000,9.4,14.1,2.1,338,14,10.6,17.1,2.3,348,13,10.6,17.1,2.3,348,13,439,29.79,0.4,0,0,0,40.6,48.0,50.4,0.53,0.45,0.44
GFAL,2019-11-08 09:50:00 EST,43.34087,-73.60202,324,29.1,28.2,20.2,57.9,16.1,0.000,0.000,0.00,0.000,8.8,13.2,2.2,331,18,9.8,14.2,2.3,341,12,9.8,14.2,2.3,341,12,403,29.79,0.3,0,0,0,40.6,48.0,50.4,0.53,0.45,0.44
GFAL,2019-11-08 09:55:00 EST,43.34087,-73.60202,324,29.2,28.3,21.7,57.2,15.9,0.000,0.000,0.00,0.000,6.4,11.2,1.8,337,21,7.5,13.1,2.2,347,14,7.5,13.1,2.2,347,14,433,29.79,0.4,0,0,0,40.6,48.0,50.4,0.53,0.45,0.44
GFAL,2019-11-08 10:00:00 EST,43.34087,-73.60202,324,29.4,28.6,19.0,56.8,16.0,0.000,0.000,0.00,0.000,12.0,21.5,3.0,337,20,13.4,23.1,3.3,347,13,13.4,23.1,3.3,347,13,406,29.79,0.3,0,0,0,40.6,48.0,50.4,0.53,0.45,0.44
GFAL,2019-11-08 10:05:00 EST,43.34087,-73.60202,324,29.1,28.5,19.0,56.3,15.5,0.000,0.000,0.00,0.000,11.7,17.2,2.7,318,14,12.5,17.7,2.8,327,14,12.5,17.7,2.8,327,14,287,29.79,0.3,0,0,0,40.6,48.0,50.4,0.53,0.45,0.44
GFAL,2019-11-08 10:10:00 EST,43.34087,-73.60202,324,28.8,28.4,19.7,56.4,15.3,0.000,0.000,0.00,0.000,9.2,15.2,2.3,325,16,10.3,15.0,2.4,335,11,10.3,15.0,2.4,335,11,191,29.79,0.4,0,0,0,40.6,48.0,50.4,0.53,0.45,0.44
GFAL,2019-11-08 10:15:00 EST,43.34087,-73.60202,324,28.9,28.4,18.4,54.2,14.4,0.000,0.000,0.00,0.000,12.2,21.6,3.3,320,16,13.2,22.5,3.5,328,16,13.2,22.5,3.5,328,16,397,29.79,0.3,0,0,0,40.6,48.0,50.4,0.54,0.45,0.44
GFAL,2019-11-08 10:20:00 EST,43.34087,-73.60202,324,29.5,28.7,18.0,53.3,14.6,0.000,0.000,0.00,0.000,15.2,23.2,3.7,315,12,15.9,24.0,3.6,323,13,15.9,24.0,3.6,323,13,451,29.80,0.3,0,0,0,40.6,48.0,50.4,0.53,0.45,0.44
GFAL,2019-11-08 10:25:00 EST,43.34087,-73.60202,324,29.9,29.1,19.5,53.3,15.0,0.000,0.000,0.00,0.000,12.3,24.3,3.0,322,17,13.6,26.9,3.1,330,12,13.6,26.9,3.1,330,12,450,29.79,0.3,0,0,0,40.6,47.9,50.4,0.54,0.45,0.44
GFAL,2019-11-08 10:30:00 EST,43.34087,-73.60202,324,29.7,29.1,18.7,52.1,14.3,0.000,0.000,0.00,0.000,14.1,19.4,2.8,307,12,14.9,20.2,2.7,314,13,14.9,20.2,2.7,314,13,326,29.79,0.4,0,0,0,40.6,47.8,50.4,0.54,0.45,0.44
GFAL,2019-11-08 10:35:00 EST,43.34087,-73.60202,324,29.8,29.0,19.1,49.6,13.2,0.000,0.000,0.00,0.000,13.0,17.5,2.3,310,15,14.0,19.0,2.5,317,14,14.0,19.0,2.5,317,14,333,29.79,0.3,0,0,0,40.6,47.8,50.4,0.54,0.45,0.44
GFAL,2019-11-08 10:40:00 EST,43.34087,-73.60202,324,29.8,29.2,18.4,50.1,13.4,0.000,0.000,0.00,0.000,15.1,23.7,3.0,310,12,15.9,24.4,3.2,319,12,15.9,24.4,3.2,319,12,428,29.79,0.4,0,0,0,40.6,47.8,50.4,0.54,0.45,0.44
GFAL,2019-11-08 10:45:00 EST,43.34087,-73.60202,324,30.3,29.4,19.7,49.7,13.7,0.000,0.000,0.00,0.000,13.4,22.4,3.3,304,10,14.1,22.8,3.2,311,10,14.1,22.8,3.2,311,10,500,29.79,0.4,0,0,0,40.6,47.8,50.4,0.54,0.45,0.44
GFAL,2019-11-08 10:50:00 EST,43.34087,-73.60202,324,30.0,29.4,19.4,49.6,13.4,0.000,0.000,0.00,0.000,13.1,22.4,3.3,309,15,14.0,22.4,3.1,317,16,14.0,22.4,3.1,317,16,220,29.79,0.3,0,0,0,40.6,47.8,50.4,0.54,0.45,0.44
GFAL,2019-11-08 10:55:00 EST,43.34087,-73.60202,324,29.7,29.3,20.2,51.5,14.0,0.000,0.000,0.00,0.000,10.0,19.5,2.7,334,17,11.3,19.9,2.8,342,14,11.3,19.9,2.8,342,14,189,29.79,0.4,0,0,0,40.7,47.8,50.4,0.54,0.45,0.44
GFAL,2019-11-08 11:00:00 EST,43.34087,-73.60202,324,29.8,29.3,19.9,52.4,14.4,0.000,0.000,0.00,0.000,11.3,16.4,2.6,301,18,12.2,18.1,2.6,308,19,12.2,18.1,2.6,308,19,323,29.79,0.4,0,0,0,40.8,47.8,50.4,0.54,0.45,0.44
GFAL,2019-11-08 11:05:00 EST,43.34087,-73.60202,324,29.9,29.2,18.4,51.7,14.2,0.000,0.000,0.00,0.000,15.2,24.7,3.5,314,9,16.2,26.1,3.5,323,10,16.2,26.1,3.5,323,10,332,29.79,0.4,0,0,0,40.8,47.8,50.4,0.54,0.45,0.44
GFAL,2019-11-08 11:10:00 EST,43.34087,-73.60202,324,30.4,29.6,19.0,51.7,14.7,0.000,0.000,0.00,0.000,15.3,21.4,3.2,320,24,16.5,24.3,3.1,327,24,16.5,24.3,3.1,327,24,491,29.79,0.3,0,0,0,40.8,47.8,50.4,0.54,0.45,0.44
GFAL,2019-11-08 11:15:00 EST,43.34087,-73.60202,324,30.5,29.6,20.4,51.8,14.9,0.000,0.000,0.00,0.000,11.8,19.9,2.9,342,14,13.3,21.5,3.2,350,10,13.3,21.5,3.2,350,10,486,29.79,0.4,0,0,0,40.9,47.8,50.4,0.54,0.45,0.44
GFAL,2019-11-08 11:20:00 EST,43.34087,-73.60202,324,31.0,30.1,21.9,52.7,15.7,0.000,0.000,0.00,0.000,10.0,17.2,2.9,326,16,11.1,18.9,3.0,336,12,11.1,18.9,3.0,336,12,476,29.79,0.3,0,0,0,41.0,47.8,50.4,0.54,0.45,0.44
GFAL,2019-11-08 11:25:00 EST,43.34087,-73.60202,324,31.2,30.2,22.2,53.7,16.3,0.000,0.000,0.00,0.000,9.9,17.2,3.3,315,14,10.9,20.2,3.4,322,14,10.9,20.2,3.4,322,14,503,29.79,0.4,0,0,0,41.0,47.8,50.4,0.54,0.45,0.44
GFAL,2019-11-08 11:30:00 EST,43.34087,-73.60202,324,31.3,30.4,22.1,51.5,15.5,0.000,0.000,0.00,0.000,10.3,19.0,3.4,344,22,11.6,21.7,3.6,351,15,11.6,21.7,3.6,351,15,381,29.79,0.2,0,0,0,41.0,47.8,50.4,0.54,0.45,0.44
GFAL,2019-11-08 11:35:00 EST,43.34087,-73.60202,324,30.3,29.8,20.8,49.8,13.8,0.000,0.000,0.00,0.000,10.7,17.0,2.3,335,20,11.6,18.4,2.5,344,14,11.6,18.4,2.5,344,14,205,29.79,0.3,0,0,0,41.0,47.8,50.4,0.54,0.45,0.44
GFAL,2019-11-08 11:40:00 EST,43.34087,-73.60202,324,30.9,30.2,22.9,49.8,14.3,0.000,0.000,0.00,0.000,8.0,13.0,2.1,327,16,9.0,14.3,2.3,338,16,9.0,14.3,2.3,338,16,452,29.79,0.3,0,0,0,41.2,47.8,50.4,0.54,0.45,0.44
GFAL,2019-11-08 11:45:00 EST,43.34087,-73.60202,324,31.2,30.3,23.1,49.3,14.4,0.000,0.000,0.00,0.000,8.5,15.3,2.9,328,16,9.4,18.0,3.0,338,14,9.4,18.0,3.0,338,14,392,29.79,0.3,0,0,0,41.2,47.8,50.4,0.54,0.45,0.44
GFAL,2019-11-08 11:50:00 EST,43.34087,-73.60202,324,31.2,30.6,21.8,49.4,14.5,0.000,0.000,0.00,0.000,11.0,19.7,4.5,306,17,12.2,20.7,4.6,314,17,12.2,20.7,4.6,314,17,330,29.79,0.4,0,0,0,41.2,47.8,50.3,0.54,0.45,0.44
GFAL,2019-11-08 11:55:00 EST,43.34087,-73.60202,324,31.4,30.5,21.0,47.2,13.6,0.000,0.000,0.00,0.000,14.0,21.3,3.2,304,12,14.7,22.4,3.2,311,11,14.7,22.4,3.2,311,11,446,29.79,0.3,0,0,0,41.4,47.6,50.4,0.54,0.45,0.44
GFAL,2019-11-08 12:00:00 EST,43.34087,-73.60202,324,31.1,30.5,20.6,47.1,13.3,0.000,0.000,0.00,0.000,13.5,21.8,3.8,322,15,14.6,23.0,3.7,331,15,14.6,23.0,3.7,331,15,246,29.79,0.2,0,0,0,41.4,47.6,50.4,0.54,0.45,0.44
GFAL,2019-11-08 12:05:00 EST,43.34087,-73.60202,324,31.1,30.2,20.3,46.4,12.9,0.000,0.000,0.00,0.000,13.7,21.3,3.1,341,15,15.2,23.4,3.4,351,13,15.2,23.4,3.4,351,13,483,29.78,0.3,0,0,0,41.4,47.5,50.3,0.54,0.45,0.44
GFAL,2019-11-08 12:10:00 EST,43.34087,-73.60202,324,32.0,30.8,22.3,47.0,14.0,0.000,0.000,0.00,0.000,11.6,18.3,2.8,335,21,13.0,22.5,3.1,344,15,13.0,22.5,3.1,344,15,533,29.78,0.2,0,0,0,41.4,47.5,50.3,0.54,0.45,0.44
GFAL,2019-11-08 12:15:00 EST,43.34087,-73.60202,324,31.1,30.4,20.9,45.1,12.3,0.000,0.000,0.00,0.000,12.3,18.9,2.1,351,16,13.8,22.0,2.4,360,14,13.8,22.0,2.4,360,14,293,29.78,0.2,0,0,0,41.5,47.5,50.2,0.54,0.45,0.44
GFAL,2019-11-08 12:20:00 EST,43.34087,-73.60202,324,31.2,30.6,21.4,44.9,12.3,0.000,0.000,0.00,0.000,12.0,18.8,2.5,314,18,12.9,21.3,2.5,323,18,12.9,21.3,2.5,323,18,417,29.78,0.3,0,0,0,41.5,47.5,50.2,0.54,0.45,0.44
GFAL,2019-11-08 12:25:00 EST,43.34087,-73.60202,324,31.8,31.0,22.9,45.7,13.2,0.000,0.000,0.00,0.000,10.3,16.8,3.0,321,15,11.3,17.5,2.9,330,15,11.3,17.5,2.9,330,15,332,29.78,0.2,0,0,0,41.5,47.5,50.2,0.54,0.45,0.44
GFAL,2019-11-08 12:30:00 EST,43.34087,-73.60202,324,31.2,30.5,20.4,45.3,12.4,0.000,0.000,0.00,0.000,14.0,20.9,2.2,325,14,15.2,20.5,2.5,332,14,15.2,20.5,2.5,332,14,267,29.78,0.2,0,0,0,41.6,47.5,50.2,0.54,0.45,0.44
GFAL,2019-11-08 12:35:00 EST,43.34087,-73.60202,324,31.1,30.3,20.7,45.0,12.2,0.000,0.000,0.00,0.000,13.6,18.6,2.7,319,10,14.2,19.9,2.8,328,10,14.2,19.9,2.8,328,10,370,29.78,0.2,0,0,0,41.7,47.5,50.2,0.54,0.45,0.44
GFAL,2019-11-08 12:40:00 EST,43.34087,-73.60202,324,30.9,30.3,20.9,44.7,11.9,0.000,0.000,0.00,0.000,12.7,17.0,2.0,313,9,13.4,18.8,1.9,321,9,13.4,18.8,1.9,321,9,264,29.78,0.2,0,0,0,41.7,47.5,50.2,0.54,0.45,0.44
GFAL,2019-11-08 12:45:00 EST,43.34087,-73.60202,324,30.7,30.3,20.8,44.9,11.8,0.000,0.000,0.00,0.000,11.8,17.5,3.9,308,17,12.8,18.6,3.9,314,17,12.8,18.6,3.9,314,17,201,29.78,0.2,0,0,0,41.7,47.5,50.2,0.54,0.45,0.44
GFAL,2019-11-08 12:50:00 EST,43.34087,-73.60202,324,31.3,30.6,23.1,46.9,13.4,0.000,0.000,0.00,0.000,8.9,13.6,1.9,326,14,9.7,15.0,2.0,336,12,9.7,15.0,2.0,336,12,433,29.78,0.2,0,0,0,41.7,47.5,50.2,0.54,0.45,0.44
GFAL,2019-11-08 12:55:00 EST,43.34087,-73.60202,324,32.1,31.1,22.9,45.3,13.3,0.000,0.000,0.00,0.000,10.9,18.0,3.7,310,13,11.9,18.3,3.7,318,12,11.9,18.3,3.7,318,12,375,29.78,0.2,0,0,0,41.7,47.5,50.2,0.54,0.45,0.44
GFAL,2019-11-08 13:00:00 EST,43.34087,-73.60202,324,31.6,30.7,23.0,46.4,13.4,0.000,0.000,0.00,0.000,9.6,15.9,2.4,307,17,10.5,16.9,2.3,315,17,10.5,16.9,2.3,315,17,244,29.78,0.1,0,0,0,41.8,47.5,50.2,0.54,0.45,0.44
GFAL,2019-11-08 13:05:00 EST,43.34087,-73.60202,324,30.6,30.1,20.6,46.1,12.3,0.000,0.000,0.00,0.000,12.1,17.5,2.2,304,12,13.0,17.9,2.2,312,13,13.0,17.9,2.2,312,13,146,29.78,0.2,0,0,0,41.9,47.5,50.2,0.54,0.45,0.44
GFAL,2019-11-08 13:10:00 EST,43.34087,-73.60202,324,30.4,30.1,20.7,46.5,12.3,0.000,0.000,0.00,0.000,11.1,17.1,2.2,325,17,12.1,18.2,2.3,334,10,12.1,18.2,2.3,334,10,115,29.78,0.2,0,0,0,41.9,47.5,50.2,0.54,0.45,0.44
GFAL,2019-11-08 13:15:00 EST,43.34087,-73.60202,324,30.1,29.7,20.5,46.5,12.0,0.000,0.000,0.00,0.000,10.5,16.4,2.5,332,21,11.7,19.3,2.6,342,15,11.7,19.3,2.6,342,15,144,29.78,0.2,0,0,0,41.9,47.5,50.2,0.54,0.45,0.44
GFAL,2019-11-08 13:20:00 EST,43.34087,-73.60202,324,30.2,29.8,21.2,46.4,12.1,0.000,0.000,0.00,0.000,9.6,16.0,2.6,329,15,10.5,16.8,2.7,340,13,10.5,16.8,2.7,340,13,110,29.79,0.1,0,0,0,41.9,47.5,50.2,0.54,0.45,0.44
GFAL,2019-11-08 13:25:00 EST,43.34087,-73.60202,324,30.0,29.7,20.8,46.0,11.7,0.000,0.000,0.00,0.000,9.3,14.8,1.9,341,15,10.7,17.5,2.1,351,12,10.7,17.5,2.1,351,12,94,29.79,0.2,0,0,0,41.9,47.5,50.2,0.54,0.45,0.44
GFAL,2019-11-08 13:30:00 EST,43.34087,-73.60202,324,29.8,29.6,19.7,45.3,11.2,0.000,0.000,0.00,0.000,11.6,16.5,1.9,334,13,12.7,18.3,2.3,343,12,12.7,18.3,2.3,343,12,84,29.79,0.2,0,0,0,41.9,47.5,50.2,0.54,0.45,0.44
GFAL,2019-11-08 13:35:00 EST,43.34087,-73.60202,324,29.8,29.6,18.9,44.4,10.7,0.000,0.000,0.00,0.000,13.9,22.8,3.5,320,17,14.8,23.8,3.6,329,14,14.8,23.8,3.6,329,14,117,29.79,0.2,0,0,0,41.9,47.5,50.2,0.54,0.45,0.44
GFAL,2019-11-08 13:40:00 EST,43.34087,-73.60202,324,30.0,29.8,19.3,43.1,10.2,0.000,0.000,0.00,0.000,13.5,20.8,3.6,307,14,14.3,22.1,3.7,315,15,14.3,22.1,3.7,315,15,178,29.79,0.3,0,0,0,41.9,47.5,50.2,0.54,0.45,0.44
GFAL,2019-11-08 13:45:00 EST,43.34087,-73.60202,324,30.6,30.2,20.3,42.2,10.3,0.000,0.000,0.00,0.000,12.5,19.1,2.9,308,19,13.7,21.1,3.0,315,19,13.7,21.1,3.0,315,19,235,29.79,0.1,0,0,0,41.9,47.4,50.2,0.54,0.45,0.44
GFAL,2019-11-08 13:50:00 EST,43.34087,-73.60202,324,30.8,30.3,20.0,42.3,10.5,0.000,0.000,0.00,0.000,14.3,25.1,3.3,306,17,15.1,26.4,3.3,313,18,15.1,26.4,3.3,313,18,247,29.79,0.1,0,0,0,41.9,47.3,50.2,0.54,0.45,0.44
GFAL,2019-11-08 13:55:00 EST,43.34087,-73.60202,324,30.8,30.2,19.8,42.3,10.5,0.000,0.000,0.00,0.000,14.6,23.1,2.5,310,12,15.5,23.1,2.5,317,12,15.5,23.1,2.5,317,12,215,29.79,0.1,0,0,0,42.0,47.3,50.2,0.54,0.45,0.44
GFAL,2019-11-08 14:00:00 EST,43.34087,-73.60202,324,31.0,30.4,21.0,42.9,11.0,0.000,0.000,0.00,0.000,12.5,18.2,2.7,309,14,13.4,20.2,2.7,316,15,13.4,20.2,2.7,316,15,364,29.79,0.2,0,0,0,41.9,47.3,50.2,0.54,0.45,0.44
GFAL,2019-11-08 14:05:00 EST,43.34087,-73.60202,324,31.5,30.7,21.2,41.6,10.8,0.000,0.000,0.00,0.000,13.6,23.5,2.8,306,12,14.4,23.4,2.9,312,12,14.4,23.4,2.9,312,12,360,29.79,0.2,0,0,0,42.0,47.3,50.2,0.54,0.45,0.44
GFAL,2019-11-08 14:10:00 EST,43.34087,-73.60202,324,31.4,30.7,20.6,40.5,10.1,0.000,0.000,0.00,0.000,14.9,22.6,3.6,304,14,15.6,23.6,3.5,310,15,15.6,23.6,3.5,310,15,264,29.79,0.1,0,0,0,41.9,47.3,50.2,0.54,0.45,0.44
GFAL,2019-11-08 14:15:00 EST,43.34087,-73.60202,324,31.3,30.7,21.1,40.8,10.2,0.000,0.000,0.00,0.000,13.1,19.9,2.2,316,12,13.9,20.9,2.2,323,11,13.9,20.9,2.2,323,11,339,29.79,0.2,0,0,0,41.9,47.3,50.2,0.54,0.45,0.44
GFAL,2019-11-08 14:20:00 EST,43.34087,-73.60202,324,31.7,30.9,21.6,41.0,10.6,0.000,0.000,0.00,0.000,12.9,20.2,2.8,303,11,13.9,21.5,2.7,310,11,13.9,21.5,2.7,310,11,329,29.79,0.1,0,0,0,41.9,47.3,50.2,0.54,0.45,0.44
GFAL,2019-11-08 14:25:00 EST,43.34087,-73.60202,324,31.8,30.9,22.1,41.6,11.1,0.000,0.000,0.00,0.000,12.3,22.4,3.6,305,11,13.0,22.6,3.5,313,13,13.0,22.6,3.5,313,13,340,29.79,0.1,0,0,0,41.9,47.3,50.2,0.54,0.45,0.44
GFAL,2019-11-08 14:30:00 EST,43.34087,-73.60202,324,31.9,30.9,22.7,41.8,11.2,0.000,0.000,0.00,0.000,10.9,17.4,2.4,310,15,11.7,18.6,2.5,317,15,11.7,18.6,2.5,317,15,332,29.79,0.2,0,0,0,41.9,47.3,50.2,0.54,0.45,0.44
GFAL,2019-11-08 14:35:00 EST,43.34087,-73.60202,324,32.1,31.2,22.2,42.0,11.6,0.000,0.000,0.00,0.000,12.4,19.0,3.1,316,19,13.5,21.7,3.2,324,19,13.5,21.7,3.2,324,19,317,29.80,0.1,0,0,0,41.9,47.3,50.2,0.54,0.45,0.44
GFAL,2019-11-08 14:40:00 EST,43.34087,-73.60202,324,31.4,30.7,21.3,41.7,10.8,0.000,0.000,0.00,0.000,12.7,19.1,2.6,311,14,13.6,20.0,2.6,318,14,13.6,20.0,2.6,318,14,261,29.80,0.2,0,0,0,41.9,47.3,50.2,0.54,0.45,0.44
GFAL,2019-11-08 14:45:00 EST,43.34087,-73.60202,324,31.0,30.5,20.7,42.8,11.0,0.000,0.000,0.00,0.000,12.9,19.3,3.0,322,15,14.0,20.4,3.1,331,15,14.0,20.4,3.1,331,15,174,29.80,0.2,0,0,0,41.9,47.3,50.2,0.54,0.45,0.44
GFAL,2019-11-08 14:50:00 EST,43.34087,-73.60202,324,30.8,30.4,20.8,44.7,11.8,0.000,0.000,0.00,0.000,12.0,18.2,2.1,319,23,12.9,21.6,2.3,326,19,12.9,21.6,2.3,326,19,179,29.80,0.2,0,0,0,41.9,47.3,50.2,0.54,0.45,0.44
GFAL,2019-11-08 14:55:00 EST,43.34087,-73.60202,324,30.7,30.3,20.0,43.5,11.1,0.000,0.000,0.00,0.000,14.1,20.1,2.6,316,11,15.1,20.7,2.7,325,10,15.1,20.7,2.7,325,10,196,29.81,0.1,0,0,0,41.9,47.3,50.2,0.54,0.45,0.44
GFAL,2019-11-08 15:00:00 EST,43.34087,-73.60202,324,30.8,30.3,20.8,43.7,11.2,0.000,0.000,0.00,0.000,12.0,21.6,3.5,318,16,12.9,23.6,3.4,327,15,12.9,23.6,3.4,327,15,214,29.81,0.1,0,0,0,41.9,47.3,50.2,0.54,0.45,0.44
GFAL,2019-11-08 15:05:00 EST,43.34087,-73.60202,324,30.7,30.3,20.0,42.6,10.6,0.000,0.000,0.00,0.000,13.8,20.5,2.5,321,15,14.8,20.9,2.8,331,16,14.8,20.9,2.8,331,16,211,29.81,0.1,0,0,0,41.9,47.3,50.2,0.54,0.45,0.44
GFAL,2019-11-08 15:10:00 EST,43.34087,-73.60202,324,30.8,30.4,20.7,42.9,10.9,0.000,0.000,0.00,0.000,12.2,20.9,3.8,305,15,13.2,21.9,3.7,313,16,13.2,21.9,3.7,313,16,202,29.81,0.1,0,0,0,41.9,47.3,50.2,0.54,0.45,0.44
GFAL,2019-11-08 15:15:00 EST,43.34087,-73.60202,324,30.6,30.3,19.3,42.3,10.4,0.000,0.000,0.00,0.000,15.7,22.1,2.7,309,12,16.5,22.5,2.7,316,12,16.5,22.5,2.7,316,12,194,29.81,0.1,0,0,0,41.9,47.3,50.2,0.54,0.45,0.44
GFAL,2019-11-08 15:20:00 EST,43.34087,-73.60202,324,30.8,30.4,20.3,43.0,10.9,0.000,0.000,0.00,0.000,13.2,19.1,2.6,315,17,14.3,20.2,2.7,323,19,14.3,20.2,2.7,323,19,189,29.81,0.1,0,0,0,41.9,47.2,50.2,0.54,0.45,0.44
GFAL,2019-11-08 15:25:00 EST,43.34087,-73.60202,324,30.6,30.3,19.8,41.4,9.9,0.000,0.000,0.00,0.000,14.2,21.7,3.7,317,12,15.1,23.1,3.8,326,11,15.1,23.1,3.8,326,11,173,29.82,0.1,0,0,0,41.9,47.3,50.2,0.54,0.45,0.44
GFAL,2019-11-08 15:30:00 EST,43.34087,-73.60202,324,30.5,30.3,20.1,40.8,9.5,0.000,0.000,0.00,0.000,13.2,19.2,2.4,314,9,14.0,20.3,2.5,322,10,14.0,20.3,2.5,322,10,157,29.82,0.1,0,0,0,41.9,47.2,50.2,0.54,0.45,0.44
GFAL,2019-11-08 15:35:00 EST,43.34087,-73.60202,324,30.4,30.2,21.0,41.7,9.9,0.000,0.000,0.00,0.000,10.6,15.1,1.8,314,16,11.5,16.6,1.9,322,17,11.5,16.6,1.9,322,17,141,29.82,0.1,0,0,0,41.9,47.2,50.0,0.54,0.45,0.44
GFAL,2019-11-08 15:40:00 EST,43.34087,-73.60202,324,30.2,30.1,19.2,42.4,10.0,0.000,0.000,0.00,0.000,14.2,21.2,3.5,302,12,15.2,22.2,3.4,308,12,15.2,22.2,3.4,308,12,91,29.82,0.1,0,0,0,41.9,47.1,49.8,0.54,0.45,0.44
GFAL,2019-11-08 15:45:00 EST,43.34087,-73.60202,324,29.8,29.8,19.0,43.7,10.4,0.000,0.000,0.00,0.000,13.8,21.0,3.6,312,9,14.5,22.6,3.6,319,9,14.5,22.6,3.6,319,9,44,29.82,0.1,0,0,0,41.9,47.1,50.0,0.54,0.45,0.44
GFAL,2019-11-08 15:50:00 EST,43.34087,-73.60202,324,29.8,29.8,20.2,44.4,10.7,0.000,0.000,0.00,0.000,10.5,15.1,1.9,326,15,11.5,16.2,1.9,334,15,11.5,16.2,1.9,334,15,57,29.82,0.1,0,0,0,41.9,47.1,49.8,0.54,0.45,0.44
GFAL,2019-11-08 15:55:00 EST,43.34087,-73.60202,324,29.7,29.7,20.4,45.8,11.3,0.000,0.000,0.00,0.000,10.0,17.6,2.4,311,12,10.9,19.4,2.4,319,13,10.9,19.4,2.4,319,13,52,29.82,0.1,0,0,0,41.9,47.1,49.8,0.54,0.45,0.44
GFAL,2019-11-08 16:00:00 EST,43.34087,-73.60202,324,29.5,29.6,18.1,44.8,10.6,0.000,0.000,0.00,0.000,15.0,22.2,2.8,310,12,15.7,23.1,2.8,319,12,15.7,23.1,2.8,319,12,35,29.83,0.1,0,0,0,41.8,47.1,49.8,0.54,0.45,0.44
GFAL,2019-11-08 16:05:00 EST,43.34087,-73.60202,324,29.5,29.5,18.1,44.9,10.7,0.000,0.000,0.00,0.000,14.6,22.9,3.6,315,12,15.7,24.8,3.5,323,13,15.7,24.8,3.5,323,13,49,29.83,0.1,0,0,0,41.7,47.1,49.8,0.54,0.45,0.44
GFAL,2019-11-08 16:10:00 EST,43.34087,-73.60202,324,29.5,29.5,19.2,45.0,10.7,0.000,0.000,0.00,0.000,11.9,19.8,2.9,324,12,12.9,20.5,2.8,333,11,12.9,20.5,2.8,333,11,43,29.83,0.1,0,0,0,41.7,47.1,49.8,0.54,0.45,0.44
GFAL,2019-11-08 16:15:00 EST,43.34087,-73.60202,324,29.2,29.4,20.1,45.8,10.9,0.000,0.000,0.00,0.000,9.6,14.5,2.5,308,13,10.3,15.7,2.4,316,13,10.3,15.7,2.4,316,13,23,29.83,0.1,0,0,0,41.7,47.1,49.8,0.54,0.45,0.44
GFAL,2019-11-08 16:20:00 EST,43.34087,-73.60202,324,29.1,29.3,18.4,45.7,10.7,0.000,0.000,0.00,0.000,12.6,20.2,2.8,308,12,13.6,19.9,2.8,317,12,13.6,19.9,2.8,317,12,17,29.84,0.1,0,0,0,41.7,47.1,49.8,0.54,0.45,0.44
GFAL,2019-11-08 16:25:00 EST,43.34087,-73.60202,324,29.0,29.2,18.1,46.5,11.0,0.000,0.000,0.00,0.000,13.1,20.5,3.3,309,12,14.2,20.8,3.2,316,13,14.2,20.8,3.2,316,13,14,29.84,0.1,0,0,0,41.7,47.1,49.8,0.54,0.45,0.44
GFAL,2019-11-08 16:30:00 EST,43.34087,-73.60202,324,28.8,29.0,18.8,47.6,11.3,0.000,0.000,0.00,0.000,11.1,18.1,2.6,311,13,11.9,19.0,2.5,319,14,11.9,19.0,2.5,319,14,10,29.84,0.2,0,0,0,41.7,47.1,49.8,0.54,0.45,0.44
GFAL,2019-11-08 16:35:00 EST,43.34087,-73.60202,324,28.7,28.9,19.0,47.5,11.2,0.000,0.000,0.00,0.000,10.5,16.4,2.2,299,15,11.2,17.3,2.3,308,15,11.2,17.3,2.3,308,15,7,29.84,0.2,0,0,0,41.7,47.1,49.8,0.54,0.45,0.44
GFAL,2019-11-08 16:40:00 EST,43.34087,-73.60202,324,28.6,28.9,17.3,47.5,11.1,0.000,0.000,0.00,0.000,13.9,19.9,2.4,307,12,14.8,19.3,2.2,313,12,14.8,19.3,2.2,313,12,5,29.84,0.2,0,0,0,41.7,47.1,49.8,0.54,0.45,0.44
GFAL,2019-11-08 16:45:00 EST,43.34087,-73.60202,324,28.5,28.8,18.3,47.6,11.1,0.000,0.000,0.00,0.000,11.2,16.0,2.2,306,10,12.2,16.1,2.1,313,8,12.2,16.1,2.1,313,8,3,29.84,0.1,0,0,0,41.7,47.1,49.8,0.54,0.45,0.44
GFAL,2019-11-08 16:50:00 EST,43.34087,-73.60202,324,28.2,28.6,18.6,48.5,11.3,0.000,0.000,0.00,0.000,10.1,16.8,2.5,305,19,10.8,18.4,2.7,313,19,10.8,18.4,2.7,313,19,2,29.84,0.2,0,0,0,41.6,47.1,49.8,0.54,0.45,0.44
GFAL,2019-11-08 16:55:00 EST,43.34087,-73.60202,324,28.2,28.5,17.5,48.9,11.4,0.000,0.000,0.00,0.000,12.1,20.3,2.5,302,14,13.2,22.5,2.5,310,12,13.2,22.5,2.5,310,12,1,29.84,0.2,0,0,0,41.5,47.1,49.8,0.54,0.45,0.44
GFAL,2019-11-08 17:00:00 EST,43.34087,-73.60202,324,28.1,28.4,17.5,49.5,11.6,0.000,0.000,0.00,0.000,12.3,19.8,3.0,308,10,13.1,20.3,2.8,315,9,13.1,20.3,2.8,315,9,0,29.85,0.2,0,0,0,41.5,47.1,49.8,0.54,0.45,0.44
GFAL,2019-11-08 17:05:00 EST,43.34087,-73.60202,324,28.2,28.4,16.9,49.7,11.8,0.000,0.000,0.00,0.000,13.7,18.6,2.0,306,9,14.5,19.0,2.1,314,9,14.5,19.0,2.1,314,9,0,29.85,0.2,0,0,0,41.5,47.1,49.8,0.54,0.45,0.44
GFAL,2019-11-08 17:10:00 EST,43.34087,-73.60202,324,28.0,28.3,17.3,50.8,12.1,0.000,0.000,0.00,0.000,12.0,17.2,1.9,306,12,12.9,18.3,2.0,313,12,12.9,18.3,2.0,313,12,0,29.85,0.2,0,0,0,41.5,47.1,49.8,0.54,0.45,0.44
GFAL,2019-11-08 17:15:00 EST,43.34087,-73.60202,324,27.7,28.1,19.5,51.4,12.1,0.000,0.000,0.00,0.000,7.5,11.0,1.6,294,17,8.2,11.8,1.6,302,17,8.2,11.8,1.6,302,17,0,29.85,0.2,0,0,0,41.5,47.1,49.8,0.54,0.45,0.44
GFAL,2019-11-08 17:20:00 EST,43.34087,-73.60202,324,27.8,28.1,18.4,51.2,12.1,0.000,0.000,0.00,0.000,9.4,14.4,2.2,288,13,10.2,14.9,2.2,295,11,10.2,14.9,2.2,295,11,0,29.85,0.2,0,0,0,41.5,47.1,49.8,0.54,0.45,0.44
GFAL,2019-11-08 17:25:00 EST,43.34087,-73.60202,324,27.8,28.2,18.6,51.3,12.1,0.000,0.000,0.00,0.000,9.0,12.8,2.1,296,14,9.8,14.0,2.1,302,14,9.8,14.0,2.1,302,14,0,29.85,0.2,0,0,0,41.4,47.1,49.8,0.54,0.45,0.44
GFAL,2019-11-08 17:30:00 EST,43.34087,-73.60202,324,27.6,28.0,18.3,52.1,12.3,0.000,0.000,0.00,0.000,9.1,16.8,2.6,289,11,10.0,18.5,2.8,294,10,10.0,18.5,2.8,294,10,0,29.86,0.2,0,0,0,41.4,47.1,49.8,0.54,0.45,0.44
GFAL,2019-11-08 17:35:00 EST,43.34087,-73.60202,324,27.6,28.0,17.7,52.1,12.3,0.000,0.000,0.00,0.000,10.2,13.6,1.3,304,8,11.0,14.0,1.4,311,8,11.0,14.0,1.4,311,8,0,29.86,0.2,0,0,0,41.4,47.1,49.8,0.54,0.45,0.44
GFAL,2019-11-08 17:40:00 EST,43.34087,-73.60202,324,27.4,27.9,18.4,52.5,12.3,0.000,0.000,0.00,0.000,8.8,14.6,2.3,299,12,9.5,15.1,2.2,307,12,9.5,15.1,2.2,307,12,0,29.86,0.2,0,0,0,41.4,47.1,49.8,0.54,0.45,0.44
GFAL,2019-11-08 17:45:00 EST,43.34087,-73.60202,324,27.5,27.9,18.9,52.3,12.3,0.000,0.000,0.00,0.000,8.1,11.9,1.6,283,13,8.9,13.3,1.7,290,12,8.9,13.3,1.7,290,12,0,29.86,0.2,0,0,0,41.4,47.1,49.8,0.54,0.45,0.44
GFAL,2019-11-08 17:50:00 EST,43.34087,-73.60202,324,27.6,27.9,18.6,51.9,12.2,0.000,0.000,0.00,0.000,8.7,13.2,1.7,289,13,9.5,14.2,1.9,295,13,9.5,14.2,1.9,295,13,0,29.87,0.2,0,0,0,41.4,47.1,49.8,0.54,0.45,0.44
GFAL,2019-11-08 17:55:00 EST,43.34087,-73.60202,324,27.5,27.9,18.5,51.8,12.1,0.000,0.000,0.00,0.000,8.7,12.2,1.5,299,7,9.3,12.6,1.5,306,7,9.3,12.6,1.5,306,7,0,29.87,0.2,0,0,0,41.4,47.1,49.8,0.54,0.45,0.44
GFAL,2019-11-08 18:00:00 EST,43.34087,-73.60202,324,27.2,27.7,18.8,52.9,12.3,0.000,0.000,0.00,0.000,7.6,12.2,1.6,296,10,8.2,12.3,1.7,303,10,8.2,12.3,1.7,303,10,0,29.87,0.2,0,0,0,41.4,47.1,49.8,0.54,0.45,0.44
GFAL,2019-11-08 18:05:00 EST,43.34087,-73.60202,324,27.1,27.7,18.9,53.6,12.5,0.000,0.000,0.00,0.000,7.5,10.4,1.4,295,11,8.1,10.6,1.4,302,11,8.1,10.6,1.4,302,11,0,29.88,0.2,0,0,0,41.2,47.1,49.8,0.54,0.45,0.44
GFAL,2019-11-08 18:10:00 EST,43.34087,-73.60202,324,27.1,27.6,18.4,53.5,12.4,0.000,0.000,0.00,0.000,8.0,11.3,1.5,292,9,8.8,12.9,1.6,297,8,8.8,12.9,1.6,297,8,0,29.88,0.2,0,0,0,41.2,47.1,49.8,0.54,0.45,0.44
GFAL,2019-11-08 18:15:00 EST,43.34087,-73.60202,324,27.1,27.5,17.5,53.9,12.6,0.000,0.000,0.00,0.000,9.6,13.6,1.8,294,12,10.3,15.4,1.9,300,11,10.3,15.4,1.9,300,11,0,29.88,0.2,0,0,0,41.2,47.1,49.8,0.54,0.45,0.44
GFAL,2019-11-08 18:20:00 EST,43.34087,-73.60202,324,27.0,27.5,17.7,54.4,12.7,0.000,0.000,0.00,0.000,8.8,15.0,2.4,294,11,9.6,16.2,2.4,299,11,9.6,16.2,2.4,299,11,0,29.88,0.3,0,0,0,41.2,47.1,49.8,0.54,0.45,0.44
GFAL,2019-11-08 18:25:00 EST,43.34087,-73.60202,324,27.1,27.5,17.4,54.1,12.7,0.000,0.000,0.00,0.000,9.8,13.0,1.3,296,11,10.5,14.4,1.3,303,11,10.5,14.4,1.3,303,11,0,29.88,0.2,0,0,0,41.2,47.0,49.8,0.54,0.45,0.44
GFAL,2019-11-08 18:30:00 EST,43.34087,-73.60202,324,27.0,27.4,17.1,54.6,12.8,0.000,0.000,0.00,0.000,10.0,15.9,2.0,300,11,10.8,16.9,2.1,307,10,10.8,16.9,2.1,307,10,0,29.88,0.3,0,0,0,41.2,47.0,49.7,0.54,0.45,0.44
GFAL,2019-11-08 18:35:00 EST,43.34087,-73.60202,324,27.0,27.5,17.2,54.8,12.9,0.000,0.000,0.00,0.000,9.9,15.5,2.2,312,8,10.5,16.0,2.3,320,8,10.5,16.0,2.3,320,8,0,29.88,0.3,0,0,0,41.1,46.9,49.7,0.54,0.45,0.44
GFAL,2019-11-08 18:40:00 EST,43.34087,-73.60202,324,26.7,27.2,18.2,55.7,13.0,0.000,0.000,0.00,0.000,7.5,11.2,1.3,311,9,8.2,11.7,1.3,320,9,8.2,11.7,1.3,320,9,0,29.88,0.3,0,0,0,41.0,46.9,49.8,0.54,0.45,0.44
GFAL,2019-11-08 18:45:00 EST,43.34087,-73.60202,324,26.6,27.2,18.1,56.0,13.0,0.000,0.000,0.00,0.000,7.5,9.9,1.1,307,8,8.3,10.9,1.1,314,7,8.3,10.9,1.1,314,7,0,29.89,0.2,0,0,0,41.0,46.9,49.6,0.54,0.45,0.44
GFAL,2019-11-08 18:50:00 EST,43.34087,-73.60202,324,26.4,27.0,17.9,56.7,13.1,0.000,0.000,0.00,0.000,7.4,10.5,1.0,308,13,8.2,11.3,1.0,316,12,8.2,11.3,1.0,316,12,0,29.89,0.3,0,0,0,41.0,46.9,49.7,0.54,0.45,0.44
GFAL,2019-11-08 18:55:00 EST,43.34087,-73.60202,324,26.4,27.1,16.8,57.2,13.3,0.000,0.000,0.00,0.000,9.3,14.9,2.1,310,12,10.1,15.8,2.1,319,13,10.1,15.8,2.1,319,13,0,29.89,0.3,0,0,0,41.0,46.9,49.6,0.54,0.45,0.44
GFAL,2019-11-08 19:00:00 EST,43.34087,-73.60202,324,26.6,27.1,16.8,56.3,13.1,0.000,0.000,0.00,0.000,9.8,12.8,1.5,305,8,10.5,13.4,1.5,313,7,10.5,13.4,1.5,313,7,0,29.89,0.3,0,0,0,41.0,46.9,49.6,0.54,0.45,0.44
GFAL,2019-11-08 19:05:00 EST,43.34087,-73.60202,324,26.6,27.1,16.6,56.4,13.1,0.000,0.000,0.00,0.000,10.0,15.3,1.8,307,10,10.8,16.6,1.7,315,8,10.8,16.6,1.7,315,8,0,29.89,0.3,0,0,0,41.0,46.9,49.6,0.54,0.45,0.44
GFAL,2019-11-08 19:10:00 EST,43.34087,-73.60202,324,26.7,27.3,16.6,56.5,13.3,0.000,0.000,0.00,0.000,10.1,15.2,1.8,308,8,11.0,16.2,1.9,317,7,11.0,16.2,1.9,317,7,0,29.89,0.2,0,0,0,41.0,46.9,49.6,0.54,0.45,0.44
GFAL,2019-11-08 19:15:00 EST,43.34087,-73.60202,324,26.6,27.1,16.2,56.6,13.2,0.000,0.000,0.00,0.000,10.7,14.9,1.7,305,9,11.5,15.7,1.5,313,8,11.5,15.7,1.5,313,8,0,29.89,0.3,0,0,0,40.9,46.9,49.6,0.54,0.45,0.44
GFAL,2019-11-08 19:20:00 EST,43.34087,-73.60202,324,26.8,27.2,16.6,55.2,12.9,0.000,0.000,0.00,0.000,10.6,14.4,1.9,298,11,11.3,14.6,1.8,305,12,11.3,14.6,1.8,305,12,0,29.89,0.3,0,0,0,40.8,46.9,49.6,0.54,0.45,0.44
GFAL,2019-11-08 19:25:00 EST,43.34087,-73.60202,324,26.8,27.2,16.2,55.2,12.9,0.000,0.000,0.00,0.000,11.5,15.9,2.5,302,7,12.2,17.3,2.4,309,7,12.2,17.3,2.4,309,7,0,29.89,0.2,0,0,0,40.8,46.9,49.6,0.54,0.45,0.44
GFAL,2019-11-08 19:30:00 EST,43.34087,-73.60202,324,26.2,26.7,16.9,56.9,13.0,0.000,0.000,0.00,0.000,8.7,11.9,1.3,298,8,9.4,12.2,1.3,306,8,9.4,12.2,1.3,306,8,0,29.89,0.3,0,0,0,40.8,46.9,49.6,0.54,0.45,0.44
GFAL,2019-11-08 19:35:00 EST,43.34087,-73.60202,324,26.5,26.9,15.5,56.4,13.0,0.000,0.000,0.00,0.000,11.6,16.1,2.0,303,9,12.6,17.2,1.9,310,8,12.6,17.2,1.9,310,8,0,29.89,0.3,0,0,0,40.8,46.9,49.6,0.54,0.45,0.44
GFAL,2019-11-08 19:40:00 EST,43.34087,-73.60202,324,26.6,27.1,15.9,55.6,12.9,0.000,0.000,0.00,0.000,11.4,15.0,1.7,305,7,12.2,15.9,1.7,313,7,12.2,15.9,1.7,313,7,0,29.90,0.3,0,0,0,40.8,46.9,49.6,0.54,0.45,0.44
GFAL,2019-11-08 19:45:00 EST,43.34087,-73.60202,324,26.4,26.9,16.3,56.0,12.9,0.000,0.000,0.00,0.000,10.2,15.5,1.9,301,9,10.9,16.8,2.0,308,8,10.9,16.8,2.0,308,8,0,29.90,0.3,0,0,0,40.7,46.9,49.6,0.54,0.45,0.44
GFAL,2019-11-08 19:50:00 EST,43.34087,-73.60202,324,26.7,27.1,16.0,55.2,12.8,0.000,0.000,0.00,0.000,11.6,17.6,3.0,305,9,12.4,18.6,3.0,312,9,12.4,18.6,3.0,312,9,0,29.90,0.2,0,0,0,40.6,46.9,49.6,0.54,0.45,0.44
GFAL,2019-11-08 19:55:00 EST,43.34087,-73.60202,324,26.2,26.8,16.8,56.6,12.9,0.000,0.000,0.00,0.000,8.9,13.7,2.2,297,9,9.6,14.4,2.3,304,8,9.6,14.4,2.3,304,8,0,29.90,0.2,0,0,0,40.6,46.9,49.6,0.53,0.45,0.44
GFAL,2019-11-08 20:00:00 EST,43.34087,-73.60202,324,26.1,26.7,16.6,57.1,13.0,0.000,0.000,0.00,0.000,9.2,13.2,1.8,303,9,9.9,13.9,1.9,310,8,9.9,13.9,1.9,310,8,0,29.90,0.3,0,0,0,40.6,46.9,49.6,0.53,0.45,0.44
GFAL,2019-11-08 20:05:00 EST,43.34087,-73.60202,324,26.3,26.8,16.9,56.7,13.0,0.000,0.000,0.00,0.000,8.6,11.8,1.3,310,9,9.4,12.7,1.4,318,9,9.4,12.7,1.4,318,9,0,29.90,0.3,0,0,0,40.6,46.9,49.6,0.53,0.45,0.44
GFAL,2019-11-08 20:10:00 EST,43.34087,-73.60202,324,25.9,26.6,17.8,57.3,12.9,0.000,0.000,0.00,0.000,6.9,8.6,1.0,307,9,7.5,9.9,1.1,316,9,7.5,9.9,1.1,316,9,0,29.91,0.3,0,0,0,40.6,46.9,49.6,0.53,0.45,0.44
GFAL,2019-11-08 20:15:00 EST,43.34087,-73.60202,324,26.0,26.6,16.9,57.5,13.0,0.000,0.000,0.00,0.000,8.1,12.3,1.6,304,11,8.9,13.2,1.6,312,12,8.9,13.2,1.6,312,12,0,29.91,0.3,0,0,0,40.6,46.9,49.6,0.53,0.45,0.44
GFAL,2019-11-08 20:20:00 EST,43.34087,-73.60202,324,25.7,26.3,17.8,58.3,13.0,0.000,0.000,0.00,0.000,6.5,10.3,1.2,315,9,7.1,10.6,1.2,323,9,7.1,10.6,1.2,323,9,0,29.91,0.3,0,0,0,40.6,46.9,49.6,0.53,0.45,0.44
GFAL,2019-11-08 20:25:00 EST,43.34087,-73.60202,324,25.8,26.4,16.8,58.0,13.1,0.000,0.000,0.00,0.000,7.9,10.1,1.1,306,11,8.7,11.9,1.1,315,9,8.7,11.9,1.1,315,9,0,29.91,0.3,0,0,0,40.5,46.9,49.6,0.53,0.45,0.44
GFAL,2019-11-08 20:30:00 EST,43.34087,-73.60202,324,25.8,26.5,16.2,58.2,13.1,0.000,0.000,0.00,0.000,9.1,14.3,1.8,307,12,9.8,14.3,1.6,316,11,9.8,14.3,1.6,316,11,0,29.91,0.3,0,0,0,40.5,46.9,49.6,0.53,0.45,0.44
GFAL,2019-11-08 20:35:00 EST,43.34087,-73.60202,324,26.1,26.5,17.1,57.0,12.9,0.000,0.000,0.00,0.000,8.1,10.9,1.4,304,8,8.8,11.0,1.3,312,8,8.8,11.0,1.3,312,8,0,29.91,0.2,0,0,0,40.5,46.9,49.6,0.53,0.45,0.44
GFAL,2019-11-08 20:40:00 EST,43.34087,-73.60202,324,25.7,26.3,16.9,58.2,13.0,0.000,0.000,0.00,0.000,7.6,12.4,1.9,306,11,8.4,13.0,2.0,314,13,8.4,13.0,2.0,314,13,0,29.91,0.3,0,0,0,40.5,46.9,49.6,0.53,0.45,0.44
GFAL,2019-11-08 20:45:00 EST,43.34087,-73.60202,324,26.1,26.5,16.5,57.0,13.0,0.000,0.000,0.00,0.000,9.1,13.6,1.9,307,12,9.9,14.3,2.0,315,13,9.9,14.3,2.0,315,13,0,29.91,0.3,0,0,0,40.5,46.9,49.6,0.53,0.45,0.44
GFAL,2019-11-08 20:50:00 EST,43.34087,-73.60202,324,25.9,26.4,16.8,57.2,12.8,0.000,0.000,0.00,0.000,8.3,11.7,1.7,302,8,9.0,11.8,1.6,310,7,9.0,11.8,1.6,310,7,0,29.91,0.3,0,0,0,40.5,46.8,49.6,0.53,0.45,0.44
GFAL,2019-11-08 20:55:00 EST,43.34087,-73.60202,324,25.8,26.3,17.4,57.6,12.9,0.000,0.000,0.00,0.000,7.2,11.8,1.8,290,11,7.9,13.1,1.8,297,10,7.9,13.1,1.8,297,10,0,29.91,0.3,0,0,0,40.4,46.8,49.6,0.53,0.44,0.44
GFAL,2019-11-08 21:00:00 EST,43.34087,-73.60202,324,25.7,26.2,17.8,57.8,12.9,0.000,0.000,0.00,0.000,6.4,10.7,1.5,292,12,7.1,11.2,1.5,299,11,7.1,11.2,1.5,299,11,0,29.91,0.3,0,0,0,40.3,46.8,49.6,0.53,0.45,0.44
GFAL,2019-11-08 21:05:00 EST,43.34087,-73.60202,324,25.6,26.2,16.9,58.0,12.9,0.000,0.000,0.00,0.000,7.7,12.8,1.8,298,11,8.3,14.2,1.9,306,12,8.3,14.2,1.9,306,12,0,29.91,0.3,0,0,0,40.3,46.8,49.6,0.53,0.45,0.44
GFAL,2019-11-08 21:10:00 EST,43.34087,-73.60202,324,25.8,26.3,16.5,57.6,12.9,0.000,0.000,0.00,0.000,8.4,11.8,1.5,295,10,9.2,12.7,1.6,302,9,9.2,12.7,1.6,302,9,0,29.91,0.3,0,0,0,40.3,46.8,49.6,0.53,0.45,0.44
GFAL,2019-11-08 21:15:00 EST,43.34087,-73.60202,324,25.9,26.3,16.6,57.2,12.8,0.000,0.000,0.00,0.000,8.6,11.9,1.7,303,9,9.3,13.3,1.8,311,8,9.3,13.3,1.8,311,8,0,29.91,0.3,0,0,0,40.3,46.8,49.6,0.53,0.45,0.44
GFAL,2019-11-08 21:20:00 EST,43.34087,-73.60202,324,25.6,26.0,17.9,57.9,12.8,0.000,0.000,0.00,0.000,6.0,10.1,1.5,298,14,6.8,11.9,1.7,305,13,6.8,11.9,1.7,305,13,0,29.91,0.3,0,0,0,40.3,46.8,49.6,0.53,0.45,0.44
GFAL,2019-11-08 21:25:00 EST,43.34087,-73.60202,324,25.6,26.1,17.2,58.0,12.8,0.000,0.000,0.00,0.000,7.1,11.0,1.9,299,13,7.8,12.0,1.8,307,12,7.8,12.0,1.8,307,12,0,29.91,0.4,0,0,0,40.3,46.8,49.6,0.53,0.45,0.44
GFAL,2019-11-08 21:30:00 EST,43.34087,-73.60202,324,25.7,26.1,17.3,57.9,12.9,0.000,0.000,0.00,0.000,7.1,11.3,1.9,290,15,7.8,12.0,2.0,297,14,7.8,12.0,2.0,297,14,0,29.91,0.3,0,0,0,40.3,46.8,49.6,0.53,0.45,0.44
GFAL,2019-11-08 21:35:00 EST,43.34087,-73.60202,324,25.7,26.1,18.8,57.9,12.9,0.000,0.000,0.00,0.000,5.2,8.2,1.3,284,15,5.9,9.1,1.4,291,15,5.9,9.1,1.4,291,15,0,29.91,0.3,0,0,0,40.1,46.8,49.6,0.53,0.45,0.44
GFAL,2019-11-08 21:40:00 EST,43.34087,-73.60202,324,25.7,26.1,18.7,58.1,13.0,0.000,0.000,0.00,0.000,5.2,8.6,1.6,289,18,6.0,9.7,1.5,296,17,6.0,9.7,1.5,296,17,0,29.91,0.3,0,0,0,40.1,46.8,49.6,0.53,0.45,0.44
GFAL,2019-11-08 21:45:00 EST,43.34087,-73.60202,324,25.4,25.9,18.0,58.6,12.9,0.000,0.000,0.00,0.000,5.6,9.8,2.0,303,13,6.3,10.8,2.3,312,12,6.3,10.8,2.3,312,12,0,29.91,0.4,0,0,0,40.1,46.8,49.6,0.53,0.45,0.44
GFAL,2019-11-08 21:50:00 EST,43.34087,-73.60202,324,25.4,25.9,19.5,59.0,13.0,0.000,0.000,0.00,0.000,4.1,8.2,1.7,315,21,4.8,8.9,1.7,324,21,4.8,8.9,1.7,324,21,0,29.91,0.3,0,0,0,40.1,46.8,49.6,0.53,0.45,0.44
GFAL,2019-11-08 21:55:00 EST,43.34087,-73.60202,324,25.2,25.9,21.4,59.4,13.0,0.000,0.000,0.00,0.000,2.6,4.0,0.6,299,23,3.1,5.0,0.8,308,22,3.1,5.0,0.8,308,22,0,29.92,0.3,0,0,0,40.1,46.8,49.6,0.53,0.45,0.44
GFAL,2019-11-08 22:00:00 EST,43.34087,-73.60202,324,25.2,25.9,20.8,59.2,13.0,0.000,0.000,0.00,0.000,3.1,7.0,1.4,279,22,3.6,7.3,1.5,288,22,3.6,7.3,1.5,288,22,0,29.92,0.4,0,0,0,40.1,46.8,49.6,0.53,0.45,0.44
GFAL,2019-11-08 22:05:00 EST,43.34087,-73.60202,324,24.6,25.9,20.0,59.9,12.6,0.000,0.000,0.00,0.000,3.1,7.9,1.9,265,49,3.7,9.6,2.2,274,50,3.7,9.6,2.2,274,50,0,29.92,0.3,0,0,0,40.1,46.8,49.6,0.53,0.45,0.44
GFAL,2019-11-08 22:10:00 EST,43.34087,-73.60202,324,24.0,25.2,24.0,62.9,13.2,0.000,0.000,0.00,0.000,2.6,4.1,0.6,202,22,2.9,4.7,0.7,209,21,2.9,4.7,0.7,209,21,0,29.92,0.2,0,0,0,40.0,46.8,49.6,0.53,0.45,0.44
GFAL,2019-11-08 22:15:00 EST,43.34087,-73.60202,324,23.9,25.1,23.9,63.9,13.5,0.000,0.000,0.00,0.000,1.8,4.2,1.0,237,24,2.1,4.7,1.1,243,25,2.1,4.7,1.1,243,25,0,29.92,0.4,0,0,0,40.0,46.8,49.6,0.53,0.45,0.44
GFAL,2019-11-08 22:20:00 EST,43.34087,-73.60202,324,24.1,25.2,19.0,63.6,13.5,0.000,0.000,0.00,0.000,3.5,4.7,0.9,234,17,4.0,5.9,1.1,242,18,4.0,5.9,1.1,242,18,0,29.92,0.3,0,0,0,39.9,46.8,49.5,0.53,0.45,0.44
GFAL,2019-11-08 22:25:00 EST,43.34087,-73.60202,324,24.0,25.0,19.8,63.4,13.4,0.000,0.000,0.00,0.000,3.1,4.5,0.6,219,23,3.3,5.6,0.8,228,22,3.3,5.6,0.8,228,22,0,29.92,0.2,0,0,0,39.9,46.8,49.5,0.53,0.45,0.44
GFAL,2019-11-08 22:30:00 EST,43.34087,-73.60202,324,23.1,24.4,23.1,65.7,13.3,0.000,0.000,0.00,0.000,2.2,3.6,0.6,175,19,2.5,4.1,0.6,184,22,2.5,4.1,0.6,184,22,0,29.92,0.2,0,0,0,39.9,46.8,49.5,0.53,0.45,0.44
GFAL,2019-11-08 22:35:00 EST,43.34087,-73.60202,324,22.7,24.4,22.7,67.5,13.5,0.000,0.000,0.00,0.000,2.6,3.9,0.6,163,13,2.9,4.4,0.6,167,14,2.9,4.4,0.6,167,14,0,29.92,0.4,0,0,0,39.9,46.8,49.5,0.53,0.45,0.44
GFAL,2019-11-08 22:40:00 EST,43.34087,-73.60202,324,22.8,24.2,22.8,66.3,13.2,0.000,0.000,0.00,0.000,2.5,3.9,0.7,175,16,2.8,4.3,0.8,182,17,2.8,4.3,0.8,182,17,0,29.92,0.2,0,0,0,39.9,46.8,49.5,0.53,0.45,0.44
GFAL,2019-11-08 22:45:00 EST,43.34087,-73.60202,324,21.9,23.8,21.9,68.2,13.0,0.000,0.000,0.00,0.000,2.4,3.8,0.9,197,10,2.7,4.2,0.8,205,10,2.7,4.2,0.8,205,10,0,29.93,0.2,0,0,0,39.9,46.8,49.5,0.53,0.45,0.44
GFAL,2019-11-08 22:50:00 EST,43.34087,-73.60202,324,22.1,24.2,17.5,69.7,13.7,0.000,0.000,0.00,0.000,3.1,5.1,0.5,196,9,3.4,5.6,0.6,205,8,3.4,5.6,0.6,205,8,0,29.93,0.3,0,0,0,39.9,46.8,49.5,0.53,0.45,0.44
GFAL,2019-11-08 22:55:00 EST,43.34087,-73.60202,324,22.3,24.0,17.2,70.0,14.0,0.000,0.000,0.00,0.000,3.4,5.0,0.7,193,9,3.8,5.9,0.9,200,9,3.8,5.9,0.9,200,9,0,29.93,0.3,0,0,0,39.8,46.8,49.5,0.53,0.45,0.44
GFAL,2019-11-08 23:00:00 EST,43.34087,-73.60202,324,21.6,23.4,21.6,71.1,13.7,0.000,0.000,0.00,0.000,2.1,3.7,0.9,203,22,2.4,5.4,0.9,214,24,2.4,5.4,0.9,214,24,0,29.93,0.3,0,0,0,39.7,46.8,49.5,0.53,0.45,0.44
GFAL,2019-11-08 23:05:00 EST,43.34087,-73.60202,324,21.2,23.2,21.2,71.7,13.5,0.000,0.000,0.00,0.000,2.0,4.2,1.2,192,16,2.3,5.1,1.2,202,22,2.3,5.1,1.2,202,22,0,29.93,0.3,0,0,0,39.7,46.8,49.5,0.53,0.45,0.44
GFAL,2019-11-08 23:10:00 EST,43.34087,-73.60202,324,21.5,23.8,17.1,73.1,14.3,0.000,0.000,0.00,0.000,2.9,4.5,0.6,197,10,3.2,5.5,0.7,205,10,3.2,5.5,0.7,205,10,0,29.93,0.4,0,0,0,39.7,46.7,49.5,0.53,0.45,0.44
GFAL,2019-11-08 23:15:00 EST,43.34087,-73.60202,324,22.0,23.8,22.0,71.7,14.3,0.000,0.000,0.00,0.000,2.6,4.8,0.9,201,14,2.8,5.5,1.0,209,15,2.8,5.5,1.0,209,15,0,29.93,0.3,0,0,0,39.7,46.8,49.5,0.53,0.45,0.44
GFAL,2019-11-08 23:20:00 EST,43.34087,-73.60202,324,21.5,23.8,17.2,71.5,13.7,0.000,0.000,0.00,0.000,2.9,5.0,0.9,207,10,3.2,5.8,1.0,216,9,3.2,5.8,1.0,216,9,0,29.93,0.3,0,0,0,39.7,46.7,49.5,0.53,0.45,0.44
GFAL,2019-11-08 23:25:00 EST,43.34087,-73.60202,324,20.8,22.9,15.7,72.8,13.5,0.000,0.000,0.00,0.000,3.4,5.3,0.9,212,13,3.6,5.5,1.0,220,12,3.6,5.5,1.0,220,12,0,29.93,0.3,0,0,0,39.7,46.6,49.5,0.53,0.45,0.44
GFAL,2019-11-08 23:30:00 EST,43.34087,-73.60202,324,20.6,22.9,14.0,75.7,14.1,0.000,0.000,0.00,0.000,4.3,6.0,0.9,209,11,4.7,6.4,1.0,216,9,4.7,6.4,1.0,216,9,0,29.93,0.3,0,0,0,39.7,46.6,49.5,0.53,0.45,0.44
GFAL,2019-11-08 23:35:00 EST,43.34087,-73.60202,324,20.8,23.2,15.3,75.3,14.2,0.000,0.000,0.00,0.000,3.8,5.8,1.3,222,8,3.9,5.8,1.2,227,7,3.9,5.8,1.2,227,7,0,29.93,0.4,0,0,0,39.6,46.6,49.5,0.53,0.45,0.44
GFAL,2019-11-08 23:40:00 EST,43.34087,-73.60202,324,21.1,23.1,16.7,74.7,14.4,0.000,0.000,0.00,0.000,3.0,4.7,1.0,212,12,3.2,5.7,1.1,221,10,3.2,5.7,1.1,221,10,0,29.93,0.4,0,0,0,39.6,46.6,49.5,0.53,0.45,0.44
GFAL,2019-11-08 23:45:00 EST,43.34087,-73.60202,324,21.0,22.9,15.4,74.7,14.3,0.000,0.000,0.00,0.000,3.6,5.7,0.9,231,21,4.0,6.1,1.1,238,22,4.0,6.1,1.1,238,22,0,29.94,0.3,0,0,0,39.6,46.6,49.5,0.53,0.45,0.44
GFAL,2019-11-08 23:50:00 EST,43.34087,-73.60202,324,21.0,23.0,15.7,75.4,14.4,0.000,0.000,0.00,0.000,3.6,4.7,0.7,238,9,3.8,5.2,0.7,246,10,3.8,5.2,0.7,246,10,0,29.93,0.3,0,0,0,39.6,46.6,49.5,0.53,0.45,0.44
GFAL,2019-11-08 23:55:00 EST,43.34087,-73.60202,324,20.7,22.3,14.6,74.9,14.0,0.000,0.000,0.00,0.000,4.1,5.9,0.8,232,8,4.4,6.2,0.9,239,10,4.4,6.2,0.9,239,10,0,29.94,0.3,0,0,0,39.6,46.6,49.5,0.53,0.45,0.44
GFLD,2019-11-08 00:00:00 EST,43.71680,-75.40925,838,22.5,24.1,22.5,83.4,18.3,0.000,0.108,0.00,0.000,2.0,4.9,1.0,354,16,2.5,5.9,1.0,353,15,2.5,5.9,1.0,353,15,0,29.19,-0.0,0,0,0,41.4,45.5,48.6,0.30,0.38,0.35
GFLD,2019-11-08 00:05:00 EST,43.71680,-75.40925,838,22.3,23.9,22.3,83.6,18.1,0.000,0.000,0.00,0.000,1.6,2.6,0.6,360,13,2.0,3.3,0.5,356,13,2.0,3.3,0.5,356,13,0,29.18,-0.1,0,0,0,41.4,45.5,48.6,0.30,0.38,0.35
GFLD,2019-11-08 00:10:00 EST,43.71680,-75.40925,838,22.4,24.1,22.4,84.9,18.6,0.000,0.000,0.00,0.000,0.9,2.1,0.6,337,19,1.6,2.7,0.4,332,19,1.6,2.7,0.4,332,19,0,29.18,-0.1,0,0,0,41.2,45.5,48.6,0.30,0.38,0.35
GFLD,2019-11-08 00:15:00 EST,43.71680,-75.40925,838,22.2,23.9,22.2,85.3,18.5,0.000,0.000,0.00,0.000,1.7,2.4,0.5,283,14,2.1,2.8,0.4,284,16,2.1,2.8,0.4,284,16,0,29.18,-0.1,0,0,0,41.2,45.5,48.6,0.30,0.38,0.35
GFLD,2019-11-08 00:20:00 EST,43.71680,-75.40925,838,21.8,23.8,21.8,86.2,18.3,0.000,0.000,0.00,0.000,2.6,3.0,0.2,281,6,2.8,3.5,0.2,280,6,2.8,3.5,0.2,280,6,0,29.18,-0.0,0,0,0,41.2,45.5,48.6,0.30,0.38,0.35
GFLD,2019-11-08 00:25:00 EST,43.71680,-75.40925,838,21.6,23.8,17.2,86.8,18.3,0.000,0.000,0.00,0.000,2.9,3.3,0.2,281,4,3.2,3.9,0.2,280,5,3.2,3.9,0.2,280,5,0,29.18,-0.0,0,0,0,41.2,45.5,48.6,0.30,0.38,0.35
GFLD,2019-11-08 00:30:00 EST,43.71680,-75.40925,838,21.6,23.6,21.6,87.2,18.4,0.000,0.000,0.00,0.000,2.7,3.1,0.2,280,6,2.9,3.6,0.3,279,7,2.9,3.6,0.3,279,7,0,29.18,-0.1,0,0,0,41.2,45.4,48.6,0.30,0.38,0.35
GFLD,2019-11-08 00:35:00 EST,43.71680,-75.40925,838,21.7,23.4,21.7,87.1,18.4,0.000,0.000,0.00,0.000,2.6,3.2,0.3,277,7,2.8,3.8,0.3,277,7,2.8,3.8,0.3,277,7,0,29.18,-0.0,0,0,0,41.2,45.4,48.6,0.30,0.38,0.35
GFLD,2019-11-08 00:40:00 EST,43.71680,-75.40925,838,21.6,23.2,17.3,87.1,18.4,0.000,0.000,0.00,0.000,3.0,4.4,0.6,291,7,3.2,5.4,0.7,290,8,3.2,5.4,0.7,290,8,0,29.18,0.0,0,0,0,41.2,45.4,48.6,0.30,0.38,0.35
GFLD,2019-11-08 00:45:00 EST,43.71680,-75.40925,838,21.8,23.4,17.5,86.0,18.3,0.000,0.000,0.00,0.000,3.1,4.3,0.6,298,7,3.2,4.9,0.7,297,7,3.2,4.9,0.7,297,7,0,29.18,-0.0,0,0,0,41.2,45.3,48.6,0.30,0.38,0.35
GFLD,2019-11-08 00:50:00 EST,43.71680,-75.40925,838,21.6,23.0,21.6,86.9,18.3,0.000,0.000,0.00,0.000,2.8,3.7,0.3,291,9,2.9,4.3,0.5,291,10,2.9,4.3,0.5,291,10,0,29.18,-0.0,0,0,0,41.2,45.4,48.6,0.30,0.38,0.35
GFLD,2019-11-08 00:55:00 EST,43.71680,-75.40925,838,21.4,22.8,17.1,88.1,18.4,0.000,0.000,0.00,0.000,2.8,4.1,0.5,291,10,3.1,5.0,0.7,290,10,3.1,5.0,0.7,290,10,0,29.18,0.0,0,0,0,41.1,45.3,48.6,0.30,0.38,0.35
GFLD,2019-11-08 01:00:00 EST,43.71680,-75.40925,838,21.6,22.8,17.1,87.2,18.4,0.000,0.000,0.00,0.000,3.0,4.5,0.7,288,8,3.3,6.0,0.8,286,8,3.3,6.0,0.8,286,8,0,29.18,0.1,0,0,0,41.0,45.3,48.6,0.30,0.38,0.35
GFLD,2019-11-08 01:05:00 EST,43.71680,-75.40925,838,22.0,22.9,17.9,84.6,18.0,0.000,0.000,0.00,0.000,2.9,4.2,0.6,296,12,3.1,4.7,0.7,296,12,3.1,4.7,0.7,296,12,0,29.18,0.0,0,0,0,41.0,45.3,48.6,0.30,0.38,0.35
GFLD,2019-11-08 01:10:00 EST,43.71680,-75.40925,838,22.0,23.0,22.0,83.7,17.8,0.000,0.000,0.00,0.000,2.7,4.1,0.7,299,7,2.8,4.4,0.7,299,8,2.8,4.4,0.7,299,8,0,29.18,0.0,0,0,0,41.0,45.3,48.6,0.30,0.38,0.35
GFLD,2019-11-08 01:15:00 EST,43.71680,-75.40925,838,21.9,22.9,17.5,84.4,17.9,0.000,0.000,0.00,0.000,3.0,4.1,0.6,292,8,3.3,4.7,0.7,290,9,3.3,4.7,0.7,290,9,0,29.18,0.0,0,0,0,41.0,45.3,48.6,0.30,0.38,0.35
GFLD,2019-11-08 01:20:00 EST,43.71680,-75.40925,838,22.1,23.0,16.6,83.9,17.9,0.000,0.000,0.00,0.000,3.8,5.0,0.7,300,10,4.0,6.0,1.0,297,12,4.0,6.0,1.0,297,12,0,29.18,0.1,0,0,0,41.0,45.3,48.6,0.30,0.38,0.35
GFLD,2019-11-08 01:25:00 EST,43.71680,-75.40925,838,22.0,23.0,16.9,83.5,17.8,0.000,0.000,0.00,0.000,3.6,5.1,0.6,301,8,3.7,5.9,0.8,298,9,3.7,5.9,0.8,298,9,0,29.18,0.0,0,0,0,41.0,45.3,48.6,0.30,0.38,0.35
GFLD,2019-11-08 01:30:00 EST,43.71680,-75.40925,838,22.0,23.0,17.1,84.2,18.0,0.000,0.000,0.00,0.000,3.3,4.5,0.5,295,8,3.6,5.3,0.7,293,8,3.6,5.3,0.7,293,8,0,29.18,0.1,0,0,0,41.0,45.3,48.6,0.30,0.38,0.35
GFLD,2019-11-08 01:35:00 EST,43.71680,-75.40925,838,22.0,23.0,17.8,83.8,17.8,0.000,0.000,0.00,0.000,3.0,4.5,0.6,302,9,3.1,5.2,0.7,301,9,3.1,5.2,0.7,301,9,0,29.18,0.0,0,0,0,41.0,45.3,48.6,0.30,0.38,0.35
GFLD,2019-11-08 01:40:00 EST,43.71680,-75.40925,838,21.7,23.0,17.2,83.8,17.5,0.000,0.000,0.00,0.000,3.1,4.3,0.6,299,7,3.3,4.9,0.8,298,7,3.3,4.9,0.8,298,7,0,29.19,0.0,0,0,0,40.9,45.3,48.6,0.30,0.38,0.35
GFLD,2019-11-08 01:45:00 EST,43.71680,-75.40925,838,21.5,22.9,16.9,84.3,17.5,0.000,0.000,0.00,0.000,3.1,4.5,0.4,300,7,3.3,5.0,0.6,298,7,3.3,5.0,0.6,298,7,0,29.19,0.0,0,0,0,40.8,45.3,48.6,0.30,0.38,0.35
GFLD,2019-11-08 01:50:00 EST,43.71680,-75.40925,838,21.3,22.9,21.3,84.5,17.3,0.000,0.000,0.00,0.000,2.7,4.0,0.5,312,11,2.8,4.5,0.6,312,11,2.8,4.5,0.6,312,11,0,29.18,-0.0,0,0,0,40.8,45.3,48.6,0.30,0.38,0.35
GFLD,2019-11-08 01:55:00 EST,43.71680,-75.40925,838,21.5,22.9,21.5,83.7,17.3,0.000,0.000,0.00,0.000,2.4,3.9,0.6,326,12,2.6,4.3,0.8,325,12,2.6,4.3,0.8,325,12,0,29.18,-0.1,0,0,0,40.8,45.3,48.6,0.30,0.38,0.35
GFLD,2019-11-08 02:00:00 EST,43.71680,-75.40925,838,21.2,22.9,17.1,83.2,16.9,0.000,0.000,0.00,0.000,3.0,5.6,0.8,325,8,3.0,5.8,0.8,323,9,3.0,5.8,0.8,323,9,0,29.18,0.1,0,0,0,40.8,45.3,48.6,0.30,0.38,0.35
GFLD,2019-11-08 02:05:00 EST,43.71680,-75.40925,838,21.4,22.9,21.4,82.5,16.9,0.000,0.000,0.00,0.000,2.6,4.7,0.7,319,9,2.6,5.1,0.7,318,10,2.6,5.1,0.7,318,10,0,29.18,-0.0,0,0,0,40.8,45.3,48.6,0.30,0.38,0.35
GFLD,2019-11-08 02:10:00 EST,43.71680,-75.40925,838,21.3,22.9,16.4,82.5,16.8,0.000,0.000,0.00,0.000,3.5,5.1,0.6,315,10,3.5,5.6,0.7,313,9,3.5,5.6,0.7,313,9,0,29.18,0.0,0,0,0,40.8,45.3,48.6,0.30,0.38,0.35
GFLD,2019-11-08 02:15:00 EST,43.71680,-75.40925,838,21.4,22.9,16.4,81.6,16.7,0.000,0.000,0.00,0.000,3.5,5.9,0.8,315,11,3.6,7.2,1.0,315,10,3.6,7.2,1.0,315,10,0,29.18,0.0,0,0,0,40.6,45.3,48.5,0.30,0.38,0.35
GFLD,2019-11-08 02:20:00 EST,43.71680,-75.40925,838,21.4,22.8,21.4,81.3,16.5,0.000,0.000,0.00,0.000,2.5,4.3,0.8,317,11,2.5,4.1,0.7,315,10,2.5,4.1,0.7,315,10,0,29.18,0.1,0,0,0,40.6,45.3,48.6,0.30,0.38,0.35
GFLD,2019-11-08 02:25:00 EST,43.71680,-75.40925,838,21.3,22.7,17.0,81.0,16.4,0.000,0.000,0.00,0.000,3.0,4.5,0.6,316,12,3.1,4.9,0.7,312,11,3.1,4.9,0.7,312,11,0,29.18,0.1,0,0,0,40.6,45.3,48.5,0.30,0.38,0.35
GFLD,2019-11-08 02:30:00 EST,43.71680,-75.40925,838,21.0,22.7,15.8,81.2,16.1,0.000,0.000,0.00,0.000,3.7,6.0,0.8,314,9,3.7,6.0,0.9,312,9,3.7,6.0,0.9,312,9,0,29.18,0.1,0,0,0,40.6,45.3,48.5,0.30,0.38,0.35
GFLD,2019-11-08 02:35:00 EST,43.71680,-75.40925,838,21.0,22.6,15.3,80.7,16.0,0.000,0.000,0.00,0.000,3.8,6.4,1.2,323,17,4.0,8.1,1.4,323,18,4.0,8.1,1.4,323,18,0,29.18,0.1,0,0,0,40.6,45.3,48.5,0.30,0.38,0.35
GFLD,2019-11-08 02:40:00 EST,43.71680,-75.40925,838,21.2,22.6,13.6,79.4,15.8,0.000,0.000,0.00,0.000,5.4,11.1,1.8,328,13,5.8,12.2,1.9,326,12,5.8,12.2,1.9,326,12,0,29.18,0.2,0,0,0,40.6,45.3,48.5,0.30,0.38,0.35
GFLD,2019-11-08 02:45:00 EST,43.71680,-75.40925,838,21.6,22.6,13.2,78.3,15.9,0.000,0.000,0.00,0.000,6.3,10.8,1.5,330,12,6.7,11.3,1.7,331,11,6.7,11.3,1.7,331,11,0,29.18,0.1,0,0,0,40.6,45.3,48.4,0.30,0.38,0.35
GFLD,2019-11-08 02:50:00 EST,43.71680,-75.40925,838,21.9,22.6,13.3,77.1,15.8,0.000,0.000,0.00,0.000,6.4,12.1,1.7,338,13,7.1,13.9,2.0,338,13,7.1,13.9,2.0,338,13,0,29.18,0.1,0,0,0,40.6,45.3,48.5,0.30,0.38,0.35
GFLD,2019-11-08 02:55:00 EST,43.71680,-75.40925,838,21.9,22.6,14.2,77.6,16.0,0.000,0.000,0.00,0.000,5.7,9.1,1.5,332,13,6.0,10.2,1.6,331,12,6.0,10.2,1.6,331,12,0,29.18,0.1,0,0,0,40.5,45.3,48.4,0.30,0.38,0.35
GFLD,2019-11-08 03:00:00 EST,43.71680,-75.40925,838,22.2,22.7,14.2,78.0,16.4,0.000,0.000,0.00,0.000,5.9,9.3,1.6,334,13,6.3,11.6,1.8,333,12,6.3,11.6,1.8,333,12,0,29.18,0.1,0,0,0,40.5,45.3,48.4,0.30,0.38,0.35
GFLD,2019-11-08 03:05:00 EST,43.71680,-75.40925,838,22.2,22.7,14.3,77.7,16.3,0.000,0.000,0.00,0.000,5.7,9.4,1.5,334,14,6.2,11.3,1.6,334,13,6.2,11.3,1.6,334,13,0,29.18,0.1,0,0,0,40.5,45.3,48.4,0.30,0.38,0.35
GFLD,2019-11-08 03:10:00 EST,43.71680,-75.40925,838,21.8,22.6,14.1,78.0,16.0,0.000,0.000,0.00,0.000,5.5,8.9,1.4,330,12,5.9,9.3,1.4,329,11,5.9,9.3,1.4,329,11,0,29.18,0.1,0,0,0,40.5,45.2,48.4,0.30,0.38,0.35
GFLD,2019-11-08 03:15:00 EST,43.71680,-75.40925,838,21.7,22.4,13.9,79.2,16.2,0.000,0.000,0.00,0.000,5.5,9.3,1.4,326,14,6.0,11.0,1.5,326,12,6.0,11.0,1.5,326,12,0,29.18,0.2,0,0,0,40.5,45.2,48.4,0.30,0.38,0.35
GFLD,2019-11-08 03:20:00 EST,43.71680,-75.40925,838,21.8,22.4,14.3,79.2,16.3,0.000,0.000,0.00,0.000,5.5,9.8,1.7,329,10,5.8,10.4,1.7,329,12,5.8,10.4,1.7,329,12,0,29.18,0.1,0,0,0,40.5,45.2,48.4,0.30,0.38,0.35
GFLD,2019-11-08 03:25:00 EST,43.71680,-75.40925,838,21.6,22.3,14.8,79.9,16.4,0.000,0.000,0.00,0.000,4.6,7.3,1.5,322,15,5.1,8.0,1.4,321,15,5.1,8.0,1.4,321,15,0,29.18,0.1,0,0,0,40.3,45.2,48.4,0.30,0.38,0.35
GFLD,2019-11-08 03:30:00 EST,43.71680,-75.40925,838,21.6,22.2,14.2,79.5,16.2,0.000,0.000,0.00,0.000,5.1,9.2,1.2,333,16,5.6,9.4,1.4,332,15,5.6,9.4,1.4,332,15,0,29.18,0.1,0,0,0,40.3,45.2,48.4,0.29,0.38,0.35
GFLD,2019-11-08 03:35:00 EST,43.71680,-75.40925,838,21.5,22.2,14.8,79.8,16.2,0.000,0.000,0.00,0.000,4.6,7.6,1.2,324,12,4.9,7.5,1.1,322,10,4.9,7.5,1.1,322,10,0,29.18,0.1,0,0,0,40.3,45.1,48.4,0.30,0.38,0.35
GFLD,2019-11-08 03:40:00 EST,43.71680,-75.40925,838,21.4,22.1,13.7,79.6,16.1,0.000,0.000,0.00,0.000,5.6,9.9,1.4,323,14,5.9,9.6,1.5,322,13,5.9,9.6,1.5,322,13,0,29.19,0.1,0,0,0,40.3,45.1,48.4,0.29,0.38,0.35
GFLD,2019-11-08 03:45:00 EST,43.71680,-75.40925,838,21.1,22.0,13.4,79.9,15.9,0.000,0.000,0.00,0.000,5.4,8.8,1.1,326,13,5.9,9.6,1.3,326,12,5.9,9.6,1.3,326,12,0,29.19,0.1,0,0,0,40.3,45.1,48.4,0.30,0.38,0.35
GFLD,2019-11-08 03:50:00 EST,43.71680,-75.40925,838,21.0,21.9,14.0,80.4,16.0,0.000,0.000,0.00,0.000,5.0,7.8,1.1,331,12,5.2,9.0,1.3,329,12,5.2,9.0,1.3,329,12,0,29.19,0.1,0,0,0,40.3,45.1,48.4,0.30,0.38,0.35
GFLD,2019-11-08 03:55:00 EST,43.71680,-75.40925,838,20.7,21.7,13.4,81.4,15.9,0.000,0.000,0.00,0.000,4.9,9.3,1.7,328,16,5.4,12.4,2.0,328,15,5.4,12.4,2.0,328,15,0,29.19,0.2,0,0,0,40.3,45.1,48.4,0.29,0.37,0.35
GFLD,2019-11-08 04:00:00 EST,43.71680,-75.40925,838,20.8,21.7,12.7,81.1,15.9,0.000,0.000,0.00,0.000,5.8,10.2,1.5,338,12,6.2,10.8,1.6,336,11,6.2,10.8,1.6,336,11,0,29.19,0.1,0,0,0,40.2,45.1,48.4,0.29,0.38,0.35
GFLD,2019-11-08 04:05:00 EST,43.71680,-75.40925,838,20.6,21.5,14.2,81.9,15.9,0.000,0.000,0.00,0.000,4.2,6.4,1.0,331,14,4.6,8.0,1.1,330,14,4.6,8.0,1.1,330,14,0,29.19,0.1,0,0,0,40.1,45.1,48.4,0.29,0.38,0.35
GFLD,2019-11-08 04:10:00 EST,43.71680,-75.40925,838,20.7,21.5,14.8,82.8,16.3,0.000,0.000,0.00,0.000,4.0,6.1,0.7,329,12,4.2,6.4,0.9,327,13,4.2,6.4,0.9,327,13,0,29.19,0.2,0,0,0,40.1,45.1,48.4,0.29,0.38,0.35
GFLD,2019-11-08 04:15:00 EST,43.71680,-75.40925,838,21.0,21.6,16.1,83.3,16.7,0.000,0.000,0.00,0.000,3.5,5.8,1.1,320,11,3.4,5.8,1.0,318,11,3.4,5.8,1.0,318,11,0,29.19,0.1,0,0,0,40.1,45.1,48.4,0.29,0.37,0.35
GFLD,2019-11-08 04:20:00 EST,43.71680,-75.40925,838,21.1,21.7,15.9,82.5,16.6,0.000,0.000,0.00,0.000,3.5,5.5,1.1,319,14,3.7,6.1,1.1,319,13,3.7,6.1,1.1,319,13,0,29.19,0.2,0,0,0,40.1,45.1,48.4,0.29,0.38,0.35
GFLD,2019-11-08 04:25:00 EST,43.71680,-75.40925,838,21.1,21.7,14.3,81.8,16.4,0.000,0.000,0.00,0.000,4.9,9.6,1.7,327,12,5.0,9.8,1.6,326,13,5.0,9.8,1.6,326,13,0,29.19,0.2,0,0,0,40.1,45.1,48.4,0.29,0.38,0.35
GFLD,2019-11-08 04:30:00 EST,43.71680,-75.40925,838,21.1,21.8,12.2,80.1,16.0,0.000,0.000,0.00,0.000,6.9,10.4,1.6,326,12,7.2,10.6,1.6,325,13,7.2,10.6,1.6,325,13,0,29.19,0.2,0,0,0,40.1,45.1,48.4,0.29,0.38,0.35
GFLD,2019-11-08 04:35:00 EST,43.71680,-75.40925,838,21.1,21.7,11.4,79.5,15.8,0.000,0.000,0.00,0.000,7.9,12.8,2.0,330,12,8.2,14.7,2.2,331,12,8.2,14.7,2.2,331,12,0,29.19,0.1,0,0,0,40.1,45.1,48.4,0.29,0.38,0.35
GFLD,2019-11-08 04:40:00 EST,43.71680,-75.40925,838,20.9,21.6,11.6,79.6,15.6,0.000,0.000,0.00,0.000,7.2,11.1,1.9,336,12,7.7,13.1,2.0,336,11,7.7,13.1,2.0,336,11,0,29.19,0.2,0,0,0,40.1,45.1,48.4,0.29,0.38,0.35
GFLD,2019-11-08 04:45:00 EST,43.71680,-75.40925,838,20.6,21.4,12.0,80.8,15.6,0.000,0.000,0.00,0.000,6.4,9.9,1.5,331,13,6.6,9.5,1.5,330,12,6.6,9.5,1.5,330,12,0,29.19,0.1,0,0,0,40.0,45.1,48.4,0.29,0.38,0.35
GFLD,2019-11-08 04:50:00 EST,43.71680,-75.40925,838,20.4,21.3,12.7,81.3,15.6,0.000,0.000,0.00,0.000,5.5,8.3,1.4,332,11,5.8,8.8,1.4,332,10,5.8,8.8,1.4,332,10,0,29.19,0.2,0,0,0,39.9,45.1,48.4,0.29,0.38,0.35
GFLD,2019-11-08 04:55:00 EST,43.71680,-75.40925,838,20.1,21.2,13.7,82.3,15.5,0.000,0.000,0.00,0.000,4.3,6.4,0.9,332,11,4.5,7.0,1.1,330,11,4.5,7.0,1.1,330,11,0,29.19,0.2,0,0,0,39.9,45.1,48.4,0.29,0.38,0.35
GFLD,2019-11-08 05:00:00 EST,43.71680,-75.40925,838,20.1,21.1,14.6,83.2,15.8,0.000,0.000,0.00,0.000,3.7,6.9,0.9,327,11,3.8,7.5,1.0,325,11,3.8,7.5,1.0,325,11,0,29.20,0.2,0,0,0,39.9,45.1,48.4,0.29,0.37,0.35
GFLD,2019-11-08 05:05:00 EST,43.71680,-75.40925,838,20.2,21.1,14.4,83.8,16.1,0.000,0.000,0.00,0.000,4.0,6.3,0.8,331,9,4.0,7.3,1.0,329,9,4.0,7.3,1.0,329,9,0,29.20,0.2,0,0,0,39.9,45.1,48.4,0.29,0.38,0.35
GFLD,2019-11-08 05:10:00 EST,43.71680,-75.40925,838,20.7,21.2,12.4,83.8,16.6,0.000,0.000,0.00,0.000,6.2,9.9,1.6,323,12,6.4,10.3,1.6,322,11,6.4,10.3,1.6,322,11,0,29.20,0.2,0,0,0,39.9,45.1,48.4,0.29,0.38,0.35
GFLD,2019-11-08 05:15:00 EST,43.71680,-75.40925,838,21.1,21.3,13.4,82.6,16.6,0.000,0.000,0.00,0.000,5.6,9.4,1.6,332,11,5.9,8.9,1.6,330,11,5.9,8.9,1.6,330,11,0,29.20,0.2,0,0,0,39.9,45.1,48.4,0.29,0.38,0.35
GFLD,2019-11-08 05:20:00 EST,43.71680,-75.40925,838,21.2,21.4,12.0,83.1,16.9,0.000,0.000,0.00,0.000,7.1,11.0,1.6,335,17,7.5,11.8,1.7,334,12,7.5,11.8,1.7,334,12,0,29.20,0.2,0,0,0,39.9,45.1,48.4,0.29,0.38,0.35
GFLD,2019-11-08 05:25:00 EST,43.71680,-75.40925,838,21.2,21.4,11.3,82.9,16.8,0.000,0.000,0.00,0.000,7.8,12.4,2.1,331,15,8.5,13.0,2.1,330,15,8.5,13.0,2.1,330,15,0,29.20,0.2,0,0,0,39.9,45.0,48.4,0.29,0.38,0.35
GFLD,2019-11-08 05:30:00 EST,43.71680,-75.40925,838,21.2,21.3,11.2,82.3,16.7,0.000,0.000,0.00,0.000,8.5,14.6,2.3,325,13,8.7,14.0,2.4,323,15,8.7,14.0,2.4,323,15,0,29.20,0.2,0,0,0,39.7,45.1,48.4,0.29,0.38,0.35
GFLD,2019-11-08 05:35:00 EST,43.71680,-75.40925,838,21.2,21.4,11.7,82.6,16.8,0.000,0.000,0.00,0.000,8.0,12.8,2.3,324,12,8.1,12.9,2.3,323,11,8.1,12.9,2.3,323,11,0,29.21,0.2,0,0,0,39.7,45.0,48.4,0.29,0.37,0.35
GFLD,2019-11-08 05:40:00 EST,43.71680,-75.40925,838,21.2,21.3,10.8,82.4,16.7,0.000,0.000,0.00,0.000,9.0,13.7,2.0,328,12,9.4,16.4,2.1,327,13,9.4,16.4,2.1,327,13,0,29.21,0.2,0,0,0,39.7,45.0,48.4,0.29,0.38,0.35
GFLD,2019-11-08 05:45:00 EST,43.71680,-75.40925,838,21.2,21.3,10.0,83.0,16.8,0.000,0.000,0.00,0.000,10.0,14.7,2.3,335,11,10.6,16.2,2.5,335,10,10.6,16.2,2.5,335,10,0,29.21,0.2,0,0,0,39.7,45.0,48.4,0.29,0.38,0.35
GFLD,2019-11-08 05:50:00 EST,43.71680,-75.40925,838,21.2,21.3,11.6,84.4,17.2,0.000,0.000,0.00,0.000,7.4,13.7,2.3,331,15,8.2,14.5,2.2,328,14,8.2,14.5,2.2,328,14,0,29.21,0.2,0,0,0,39.7,45.0,48.4,0.29,0.38,0.35
GFLD,2019-11-08 05:55:00 EST,43.71680,-75.40925,838,21.2,21.2,10.5,85.2,17.4,0.000,0.000,0.00,0.000,9.0,12.9,2.0,336,17,9.7,14.9,2.3,335,16,9.7,14.9,2.3,335,16,0,29.21,0.2,0,0,0,39.7,45.0,48.4,0.29,0.38,0.35
GFLD,2019-11-08 06:00:00 EST,43.71680,-75.40925,838,21.2,21.2,11.8,86.5,17.8,0.000,0.000,0.00,0.000,7.1,12.4,2.5,336,15,7.8,15.3,2.8,335,13,7.8,15.3,2.8,335,13,0,29.21,0.2,0,0,0,39.7,45.0,48.4,0.29,0.38,0.35
GFLD,2019-11-08 06:05:00 EST,43.71680,-75.40925,838,21.2,21.2,11.6,86.7,17.9,0.000,0.000,0.00,0.000,7.5,11.3,1.7,329,14,8.1,12.8,1.8,328,13,8.1,12.8,1.8,328,13,0,29.21,0.2,0,0,0,39.7,45.0,48.4,0.29,0.38,0.35
GFLD,2019-11-08 06:10:00 EST,43.71680,-75.40925,838,21.2,21.2,11.1,87.3,18.0,0.000,0.000,0.00,0.000,8.4,12.3,1.8,325,14,8.8,12.5,1.7,328,13,8.8,12.5,1.7,328,13,0,29.21,0.2,0,0,0,39.7,45.0,48.4,0.29,0.38,0.35
GFLD,2019-11-08 06:15:00 EST,43.71680,-75.40925,838,21.2,21.2,10.9,87.8,18.1,0.000,0.000,0.00,0.000,8.4,12.9,1.9,336,13,9.0,13.5,2.0,334,12,9.0,13.5,2.0,334,12,0,29.22,0.2,0,0,0,39.6,45.0,48.4,0.29,0.38,0.35
GFLD,2019-11-08 06:20:00 EST,43.71680,-75.40925,838,21.1,21.2,12.0,88.2,18.2,0.000,0.000,0.00,0.000,7.1,11.0,1.7,330,14,7.5,12.9,1.7,329,16,7.5,12.9,1.7,329,16,0,29.22,0.2,0,0,0,39.6,45.0,48.4,0.29,0.38,0.35
GFLD,2019-11-08 06:25:00 EST,43.71680,-75.40925,838,21.2,21.2,11.2,88.7,18.4,0.000,0.000,0.00,0.000,8.2,11.5,1.5,334,14,8.6,12.9,1.6,332,14,8.6,12.9,1.6,332,14,0,29.22,0.2,0,0,0,39.6,45.0,48.4,0.29,0.38,0.35
GFLD,2019-11-08 06:30:00 EST,43.71680,-75.40925,838,21.2,21.3,11.8,89.0,18.5,0.000,0.000,0.00,0.000,7.3,12.9,2.5,327,14,7.9,13.8,2.7,327,14,7.9,13.8,2.7,327,14,0,29.22,0.2,0,0,0,39.6,45.0,48.4,0.29,0.38,0.35
GFLD,2019-11-08 06:35:00 EST,43.71680,-75.40925,838,21.3,21.3,12.3,88.8,18.5,0.000,0.000,0.00,0.000,7.1,12.2,1.9,328,12,7.4,12.7,1.9,326,13,7.4,12.7,1.9,326,13,0,29.22,0.2,0,0,0,39.6,45.0,48.4,0.29,0.38,0.35
GFLD,2019-11-08 06:40:00 EST,43.71680,-75.40925,838,21.4,21.4,13.4,89.2,18.7,0.000,0.000,0.00,0.000,5.9,11.9,2.2,327,15,6.2,12.4,2.2,327,15,6.2,12.4,2.2,327,15,1,29.23,0.2,0,0,0,39.6,45.0,48.4,0.29,0.38,0.35
GFLD,2019-11-08 06:45:00 EST,43.71680,-75.40925,838,21.5,21.5,14.3,89.8,19.0,0.003,0.003,0.00,0.003,5.1,12.6,1.9,328,16,5.4,11.5,2.1,328,17,5.4,11.5,2.1,328,17,1,29.23,0.2,0,0,0,39.6,45.0,48.4,0.29,0.37,0.35
GFLD,2019-11-08 06:50:00 EST,43.71680,-75.40925,838,21.5,21.6,11.9,89.2,18.9,0.000,0.003,0.00,0.003,8.0,11.0,1.6,324,13,8.2,13.8,1.7,324,13,8.2,13.8,1.7,324,13,2,29.23,0.2,0,0,0,39.6,45.0,48.4,0.29,0.38,0.35
GFLD,2019-11-08 06:55:00 EST,43.71680,-75.40925,838,21.6,21.6,12.2,89.0,18.9,0.001,0.004,0.00,0.004,7.6,12.3,1.7,327,15,8.0,12.5,1.9,329,15,8.0,12.5,1.9,329,15,3,29.23,0.2,0,0,0,39.6,45.0,48.4,0.29,0.38,0.35
GFLD,2019-11-08 07:00:00 EST,43.71680,-75.40925,838,21.7,21.7,12.9,88.7,18.9,0.000,0.004,0.00,0.004,6.9,10.7,1.5,330,13,7.2,11.1,1.6,329,11,7.2,11.1,1.6,329,11,5,29.23,0.2,0,0,0,39.6,45.0,48.4,0.29,0.38,0.35
GFLD,2019-11-08 07:05:00 EST,43.71680,-75.40925,838,21.8,21.8,13.6,88.8,19.0,0.000,0.004,0.00,0.004,6.1,11.7,1.7,330,14,6.5,12.4,1.9,328,14,6.5,12.4,1.9,328,14,7,29.24,0.2,0,0,0,39.6,45.0,48.4,0.29,0.38,0.35
GFLD,2019-11-08 07:10:00 EST,43.71680,-75.40925,838,21.8,21.8,13.2,88.4,18.9,0.000,0.004,0.00,0.004,6.7,11.4,1.8,331,13,7.1,13.2,2.0,331,13,7.1,13.2,2.0,331,13,7,29.24,0.2,0,0,0,39.5,44.9,48.4,0.29,0.38,0.35
GFLD,2019-11-08 07:15:00 EST,43.71680,-75.40925,838,21.8,21.8,12.3,88.6,19.0,0.000,0.004,0.00,0.004,7.2,13.2,2.5,339,14,8.2,14.6,2.5,336,12,8.2,14.6,2.5,336,12,11,29.24,0.2,0,0,0,39.4,44.8,48.4,0.29,0.38,0.35
GFLD,2019-11-08 07:20:00 EST,43.71680,-75.40925,838,21.9,21.9,13.6,88.8,19.1,0.000,0.004,0.00,0.004,6.3,9.3,1.1,329,12,6.6,10.3,1.4,328,10,6.6,10.3,1.4,328,10,14,29.24,0.2,0,0,0,39.4,44.8,48.4,0.29,0.38,0.35
GFLD,2019-11-08 07:25:00 EST,43.71680,-75.40925,838,21.9,21.9,13.0,88.8,19.1,0.000,0.004,0.00,0.004,6.8,12.0,2.1,336,15,7.4,14.7,2.3,335,12,7.4,14.7,2.3,335,12,21,29.24,0.2,0,0,0,39.4,44.8,48.4,0.29,0.38,0.35
GFLD,2019-11-08 07:30:00 EST,43.71680,-75.40925,838,21.9,21.9,11.1,87.6,18.7,0.000,0.004,0.00,0.004,9.6,15.0,2.9,330,13,10.1,15.6,2.8,332,13,10.1,15.6,2.8,332,13,24,29.25,0.2,0,0,0,39.4,44.8,48.4,0.29,0.37,0.35
GFLD,2019-11-08 07:35:00 EST,43.71680,-75.40925,838,22.0,22.0,12.5,86.9,18.7,0.000,0.004,0.00,0.004,7.7,12.9,2.1,331,14,8.3,14.9,2.2,332,12,8.3,14.9,2.2,332,12,25,29.25,0.2,0,0,0,39.4,44.8,48.4,0.29,0.38,0.35
GFLD,2019-11-08 07:40:00 EST,43.71680,-75.40925,838,22.0,22.0,10.7,87.0,18.7,0.000,0.004,0.00,0.004,10.6,18.2,2.7,323,15,11.0,17.8,2.8,324,14,11.0,17.8,2.8,324,14,21,29.25,0.2,0,0,0,39.4,44.8,48.4,0.29,0.38,0.35
GFLD,2019-11-08 07:45:00 EST,43.71680,-75.40925,838,22.0,21.9,10.4,86.4,18.5,0.000,0.004,0.00,0.001,10.8,17.6,2.5,324,19,11.5,18.3,2.6,323,13,11.5,18.3,2.6,323,13,21,29.26,0.2,0,0,0,39.4,44.8,48.4,0.29,0.38,0.35
GFLD,2019-11-08 07:50:00 EST,43.71680,-75.40925,838,21.9,21.9,10.2,85.4,18.2,0.000,0.004,0.00,0.001,11.5,17.0,2.4,328,12,11.8,18.1,2.6,328,11,11.8,18.1,2.6,328,11,21,29.26,0.2,0,0,0,39.4,44.8,48.4,0.29,0.38,0.35
GFLD,2019-11-08 07:55:00 EST,43.71680,-75.40925,838,22.0,21.9,11.0,85.3,18.2,0.000,0.004,0.00,0.000,9.9,15.6,2.6,330,19,10.4,16.6,2.5,329,11,10.4,16.6,2.5,329,11,25,29.26,0.2,0,0,0,39.4,44.8,48.4,0.29,0.38,0.35
GFLD,2019-11-08 08:00:00 EST,43.71680,-75.40925,838,22.0,21.9,11.2,84.7,18.1,0.000,0.004,0.00,0.000,9.7,14.2,2.2,331,14,10.2,15.9,2.3,331,12,10.2,15.9,2.3,331,12,26,29.26,0.2,0,0,0,39.4,44.8,48.4,0.29,0.37,0.35
GFLD,2019-11-08 08:05:00 EST,43.71680,-75.40925,838,22.0,22.0,12.0,85.0,18.2,0.000,0.004,0.00,0.000,8.8,15.3,2.1,323,13,9.0,15.1,2.2,322,13,9.0,15.1,2.2,322,13,26,29.26,0.2,0,0,0,39.4,44.8,48.4,0.29,0.38,0.35
GFLD,2019-11-08 08:10:00 EST,43.71680,-75.40925,838,22.0,22.0,11.4,85.5,18.4,0.000,0.004,0.00,0.000,9.3,13.9,2.1,333,17,10.0,14.5,2.2,334,12,10.0,14.5,2.2,334,12,31,29.27,0.2,0,0,0,39.4,44.8,48.4,0.29,0.38,0.35
GFLD,2019-11-08 08:15:00 EST,43.71680,-75.40925,838,22.1,22.0,11.3,86.4,18.6,0.000,0.004,0.00,0.000,9.7,14.5,2.9,332,14,10.2,16.0,3.0,333,12,10.2,16.0,3.0,333,12,28,29.27,0.2,0,0,0,39.4,44.8,48.4,0.29,0.38,0.35
GFLD,2019-11-08 08:20:00 EST,43.71680,-75.40925,838,22.1,22.1,11.1,84.8,18.2,0.000,0.004,0.00,0.000,10.4,17.6,2.6,320,13,10.7,16.2,2.5,322,12,10.7,16.2,2.5,322,12,31,29.27,0.2,0,0,0,39.3,44.8,48.4,0.29,0.38,0.35
GFLD,2019-11-08 08:25:00 EST,43.71680,-75.40925,838,22.1,22.1,10.9,84.1,18.0,0.000,0.004,0.00,0.000,10.4,16.1,2.7,329,18,10.9,17.2,2.8,329,14,10.9,17.2,2.8,329,14,35,29.27,0.2,0,0,0,39.3,44.8,48.4,0.29,0.38,0.35
GFLD,2019-11-08 08:30:00 EST,43.71680,-75.40925,838,22.1,22.1,11.2,84.2,18.1,0.000,0.004,0.00,0.000,9.7,15.6,2.6,332,13,10.4,16.8,2.7,333,10,10.4,16.8,2.7,333,10,31,29.27,0.2,0,0,0,39.2,44.8,48.4,0.29,0.38,0.35
GFLD,2019-11-08 08:35:00 EST,43.71680,-75.40925,838,22.2,22.1,11.1,83.9,18.0,0.000,0.004,0.00,0.000,10.0,17.1,3.1,332,14,10.7,20.6,3.3,333,13,10.7,20.6,3.3,333,13,49,29.27,0.2,0,0,0,39.2,44.8,48.4,0.29,0.38,0.35
GFLD,2019-11-08 08:40:00 EST,43.71680,-75.40925,838,22.1,22.0,10.8,83.2,17.8,0.000,0.004,0.00,0.000,10.9,18.3,2.2,326,13,11.2,18.6,2.4,327,12,11.2,18.6,2.4,327,12,55,29.27,0.2,0,0,0,39.2,44.8,48.4,0.29,0.38,0.35
GFLD,2019-11-08 08:45:00 EST,43.71680,-75.40925,838,22.1,22.0,10.7,82.1,17.5,0.000,0.004,0.00,0.000,10.7,17.9,3.1,334,13,11.3,18.4,3.2,333,11,11.3,18.4,3.2,333,11,73,29.28,0.2,0,0,0,39.2,44.8,48.4,0.29,0.38,0.35
GFLD,2019-11-08 08:50:00 EST,43.71680,-75.40925,838,22.2,22.1,11.4,81.6,17.5,0.000,0.004,0.00,0.000,9.3,13.7,2.5,344,12,10.4,16.9,3.0,344,11,10.4,16.9,3.0,344,11,63,29.28,0.2,0,0,0,39.2,44.7,48.4,0.29,0.38,0.35
GFLD,2019-11-08 08:55:00 EST,43.71680,-75.40925,838,22.3,22.1,12.5,82.4,17.8,0.000,0.004,0.00,0.000,7.8,13.7,2.4,342,19,8.8,15.3,2.7,343,12,8.8,15.3,2.7,343,12,60,29.28,0.2,0,0,0,39.2,44.7,48.4,0.29,0.38,0.35
GFLD,2019-11-08 09:00:00 EST,43.71680,-75.40925,838,22.5,22.3,14.3,83.9,18.4,0.000,0.004,0.00,0.000,6.0,11.5,1.8,334,20,6.6,12.4,1.8,332,18,6.6,12.4,1.8,332,18,66,29.28,0.2,0,0,0,39.2,44.7,48.4,0.29,0.37,0.35
GFLD,2019-11-08 09:05:00 EST,43.71680,-75.40925,838,22.5,22.2,12.6,83.7,18.3,0.000,0.004,0.00,0.000,8.2,13.4,2.4,336,12,8.9,15.1,2.6,336,13,8.9,15.1,2.6,336,13,62,29.28,0.2,0,0,0,39.2,44.6,48.4,0.29,0.38,0.35
GFLD,2019-11-08 09:10:00 EST,43.71680,-75.40925,838,22.3,22.1,11.9,83.2,17.9,0.000,0.004,0.00,0.000,9.4,15.6,2.1,324,13,9.6,16.6,2.2,324,12,9.6,16.6,2.2,324,12,59,29.28,0.2,0,0,0,39.2,44.6,48.4,0.29,0.37,0.35
GFLD,2019-11-08 09:15:00 EST,43.71680,-75.40925,838,22.1,21.9,11.2,82.5,17.6,0.000,0.004,0.00,0.000,10.4,17.0,2.5,325,13,10.5,17.2,2.6,325,12,10.5,17.2,2.6,325,12,63,29.29,0.2,0,0,0,39.2,44.6,48.4,0.29,0.38,0.35
GFLD,2019-11-08 09:20:00 EST,43.71680,-75.40925,838,22.1,21.9,12.5,83.6,17.9,0.000,0.004,0.00,0.000,8.0,14.8,2.1,330,13,8.4,14.0,2.4,329,13,8.4,14.0,2.4,329,13,65,29.29,0.2,0,0,0,39.2,44.6,48.4,0.29,0.37,0.35
GFLD,2019-11-08 09:25:00 EST,43.71680,-75.40925,838,22.3,22.0,13.2,84.5,18.3,0.000,0.004,0.00,0.000,7.3,11.7,1.8,330,19,7.7,12.5,1.9,330,14,7.7,12.5,1.9,330,14,74,29.29,0.2,0,0,0,39.2,44.6,48.4,0.29,0.37,0.35
GFLD,2019-11-08 09:30:00 EST,43.71680,-75.40925,838,22.5,22.1,14.3,84.5,18.5,0.000,0.004,0.00,0.000,6.2,10.2,1.5,327,14,6.6,11.0,1.6,326,12,6.6,11.0,1.6,326,12,79,29.29,0.2,0,0,0,39.2,44.6,48.3,0.29,0.38,0.35
GFLD,2019-11-08 09:35:00 EST,43.71680,-75.40925,838,22.5,22.1,13.1,83.5,18.2,0.000,0.004,0.00,0.000,7.4,11.5,1.9,334,14,8.2,12.0,1.8,334,13,8.2,12.0,1.8,334,13,95,29.29,0.3,0,0,0,39.2,44.6,48.4,0.29,0.38,0.35
GFLD,2019-11-08 09:40:00 EST,43.71680,-75.40925,838,22.5,22.1,12.7,83.2,18.2,0.000,0.004,0.00,0.000,8.0,12.7,2.3,339,15,8.9,14.3,2.5,339,13,8.9,14.3,2.5,339,13,87,29.29,0.3,0,0,0,39.2,44.6,48.3,0.29,0.38,0.35
GFLD,2019-11-08 09:45:00 EST,43.71680,-75.40925,838,22.3,22.0,12.2,83.1,18.0,0.000,0.004,0.00,0.000,8.5,13.7,2.2,333,13,9.2,15.2,2.3,333,12,9.2,15.2,2.3,333,12,73,29.30,0.3,0,0,0,39.2,44.6,48.4,0.29,0.37,0.35
GFLD,2019-11-08 09:50:00 EST,43.71680,-75.40925,838,22.3,22.0,11.8,82.9,17.9,0.000,0.004,0.00,0.000,9.1,14.6,2.4,339,15,9.9,17.3,2.8,340,13,9.9,17.3,2.8,340,13,92,29.30,0.3,0,0,0,39.2,44.6,48.4,0.29,0.38,0.35
GFLD,2019-11-08 09:55:00 EST,43.71680,-75.40925,838,22.4,21.9,11.9,82.7,17.9,0.000,0.004,0.00,0.000,9.5,15.3,2.6,331,13,9.9,15.5,2.8,331,13,9.9,15.5,2.8,331,13,126,29.30,0.3,0,0,0,39.2,44.6,48.3,0.29,0.38,0.35
GFLD,2019-11-08 10:00:00 EST,43.71680,-75.40925,838,22.4,21.9,11.8,82.4,17.8,0.000,0.004,0.00,0.000,9.2,14.2,2.5,333,15,10.0,15.2,2.6,332,12,10.0,15.2,2.6,332,12,116,29.30,0.3,0,0,0,39.2,44.6,48.4,0.29,0.37,0.35
GFLD,2019-11-08 10:05:00 EST,43.71680,-75.40925,838,22.2,21.8,10.3,82.4,17.7,0.000,0.004,0.00,0.000,11.2,16.4,2.3,338,13,12.3,17.8,2.5,339,11,12.3,17.8,2.5,339,11,153,29.30,0.3,0,0,0,39.2,44.6,48.3,0.29,0.38,0.35
GFLD,2019-11-08 10:10:00 EST,43.71680,-75.40925,838,22.7,22.0,11.6,81.5,17.9,0.000,0.004,0.00,0.000,10.6,14.7,2.1,334,13,11.2,16.8,2.2,334,12,11.2,16.8,2.2,334,12,215,29.30,0.4,0,0,0,39.2,44.6,48.3,0.29,0.37,0.35
GFLD,2019-11-08 10:15:00 EST,43.71680,-75.40925,838,22.9,22.2,12.7,80.1,17.7,0.000,0.004,0.00,0.000,9.3,13.6,2.4,324,13,9.5,15.6,2.4,325,11,9.5,15.6,2.4,325,11,238,29.31,0.4,0,0,0,39.2,44.6,48.3,0.29,0.38,0.35
GFLD,2019-11-08 10:20:00 EST,43.71680,-75.40925,838,23.2,22.3,13.5,79.7,17.9,0.000,0.004,0.00,0.000,8.4,14.9,2.4,316,17,8.9,15.3,2.3,314,16,8.9,15.3,2.3,314,16,293,29.31,0.3,0,0,0,39.2,44.6,48.2,0.29,0.37,0.35
GFLD,2019-11-08 10:25:00 EST,43.71680,-75.40925,838,23.2,22.2,11.9,77.7,17.3,0.000,0.004,0.00,0.000,11.3,16.2,2.6,314,16,11.6,16.8,2.7,313,16,11.6,16.8,2.7,313,16,315,29.31,0.4,0,0,0,39.2,44.6,48.2,0.29,0.38,0.35
GFLD,2019-11-08 10:30:00 EST,43.71680,-75.40925,838,23.2,22.3,13.3,77.5,17.2,0.000,0.004,0.00,0.000,8.9,15.0,2.7,319,14,9.1,15.5,2.7,318,14,9.1,15.5,2.7,318,14,232,29.31,0.4,0,0,0,39.2,44.5,48.2,0.29,0.38,0.35
GFLD,2019-11-08 10:35:00 EST,43.71680,-75.40925,838,23.0,22.1,12.6,77.7,17.1,0.000,0.004,0.00,0.000,9.4,14.6,2.3,337,19,10.1,15.9,2.5,336,13,10.1,15.9,2.5,336,13,255,29.31,0.4,0,0,0,39.2,44.5,48.2,0.29,0.38,0.35
GFLD,2019-11-08 10:40:00 EST,43.71680,-75.40925,838,23.3,22.3,14.3,78.2,17.5,0.000,0.004,0.00,0.000,7.4,11.2,1.7,329,13,7.9,11.9,1.7,328,13,7.9,11.9,1.7,328,13,228,29.31,0.3,0,0,0,39.2,44.6,48.2,0.29,0.38,0.35
GFLD,2019-11-08 10:45:00 EST,43.71680,-75.40925,838,23.2,22.2,13.7,77.7,17.3,0.000,0.004,0.00,0.000,8.3,13.7,2.1,331,13,8.7,15.0,2.3,331,13,8.7,15.0,2.3,331,13,265,29.31,0.4,0,0,0,39.2,44.5,48.2,0.29,0.37,0.35
GFLD,2019-11-08 10:50:00 EST,43.71680,-75.40925,838,23.5,22.4,13.8,77.3,17.5,0.000,0.004,0.00,0.000,8.6,13.7,2.3,334,16,9.0,16.6,2.6,334,16,9.0,16.6,2.6,334,16,274,29.31,0.4,0,0,0,39.2,44.5,48.2,0.29,0.38,0.35
GFLD,2019-11-08 10:55:00 EST,43.71680,-75.40925,838,23.6,22.6,13.9,76.3,17.3,0.000,0.004,0.00,0.000,8.5,14.0,2.5,328,18,9.1,14.6,2.6,329,15,9.1,14.6,2.6,329,15,313,29.31,0.2,0,0,0,39.2,44.5,48.2,0.29,0.38,0.35
GFLD,2019-11-08 11:00:00 EST,43.71680,-75.40925,838,23.6,22.4,13.4,74.9,16.8,0.000,0.004,0.00,0.000,9.5,13.3,1.7,325,13,9.8,14.1,2.0,324,12,9.8,14.1,2.0,324,12,333,29.31,0.4,0,0,0,39.2,44.4,48.2,0.29,0.38,0.35
GFLD,2019-11-08 11:05:00 EST,43.71680,-75.40925,838,23.9,22.7,13.0,74.2,16.9,0.000,0.004,0.00,0.000,10.2,17.0,2.7,342,20,11.1,19.2,3.1,343,13,11.1,19.2,3.1,343,13,312,29.31,0.2,0,0,0,39.2,44.4,48.2,0.29,0.38,0.35
GFLD,2019-11-08 11:10:00 EST,43.71680,-75.40925,838,23.4,22.5,13.8,74.3,16.5,0.000,0.004,0.00,0.000,8.3,13.9,2.2,337,20,8.9,16.7,2.3,339,13,8.9,16.7,2.3,339,13,258,29.31,0.4,0,0,0,39.2,44.4,48.2,0.29,0.37,0.35
GFLD,2019-11-08 11:15:00 EST,43.71680,-75.40925,838,24.4,23.1,15.9,73.8,17.2,0.000,0.004,0.00,0.000,7.1,10.4,1.5,339,12,7.6,14.4,1.9,338,12,7.6,14.4,1.9,338,12,481,29.31,0.4,0,0,0,39.2,44.4,48.2,0.29,0.38,0.35
GFLD,2019-11-08 11:20:00 EST,43.71680,-75.40925,838,25.6,24.0,17.0,72.4,17.9,0.000,0.004,0.00,0.000,7.1,13.7,2.5,338,16,8.0,14.5,2.4,337,15,8.0,14.5,2.4,337,15,546,29.31,0.2,0,0,0,39.2,44.4,48.2,0.29,0.38,0.35
GFLD,2019-11-08 11:25:00 EST,43.71680,-75.40925,838,24.2,23.0,14.3,71.4,16.2,0.000,0.004,0.00,0.000,9.1,14.7,2.6,334,13,9.5,18.9,3.0,334,13,9.5,18.9,3.0,334,13,310,29.31,0.3,0,0,0,39.2,44.4,48.2,0.29,0.38,0.35
GFLD,2019-11-08 11:30:00 EST,43.71680,-75.40925,838,25.3,23.9,17.4,70.6,17.1,0.000,0.004,0.00,0.000,6.5,11.0,2.3,333,24,7.1,12.2,2.1,334,21,7.1,12.2,2.1,334,21,524,29.31,0.4,0,0,0,39.2,44.4,48.2,0.29,0.38,0.35
GFLD,2019-11-08 11:35:00 EST,43.71680,-75.40925,838,26.1,24.7,17.4,68.7,17.3,0.000,0.004,0.00,0.000,7.9,13.8,2.4,336,22,8.5,14.5,2.5,334,16,8.5,14.5,2.5,334,16,565,29.30,0.3,0,0,0,39.2,44.4,48.2,0.29,0.38,0.35
GFLD,2019-11-08 11:40:00 EST,43.71680,-75.40925,838,26.1,24.7,17.5,67.4,16.8,0.000,0.004,0.00,0.000,7.7,13.4,2.5,336,26,8.3,14.1,2.7,335,21,8.3,14.1,2.7,335,21,552,29.30,0.4,0,0,0,39.2,44.4,48.2,0.29,0.38,0.35
GFLD,2019-11-08 11:45:00 EST,43.71680,-75.40925,838,26.5,24.9,16.2,66.5,16.8,0.000,0.004,0.00,0.000,10.0,15.4,3.2,347,20,11.2,18.2,3.3,345,12,11.2,18.2,3.3,345,12,605,29.30,0.3,0,0,0,39.2,44.4,48.2,0.29,0.38,0.35
GFLD,2019-11-08 11:50:00 EST,43.71680,-75.40925,838,26.2,24.6,16.7,65.8,16.3,0.000,0.004,0.00,0.000,8.9,13.7,2.3,339,20,9.6,14.8,2.4,337,15,9.6,14.8,2.4,337,15,452,29.30,0.2,0,0,0,39.2,44.4,48.2,0.29,0.37,0.35
GFLD,2019-11-08 11:55:00 EST,43.71680,-75.40925,838,26.5,25.0,18.3,67.7,17.3,0.000,0.004,0.00,0.000,7.2,12.1,1.8,326,19,7.8,12.6,1.8,324,19,7.8,12.6,1.8,324,19,541,29.30,0.3,0,0,0,39.2,44.4,48.2,0.29,0.38,0.35
GFLD,2019-11-08 12:00:00 EST,43.71680,-75.40925,838,27.1,25.5,19.3,66.4,17.4,0.000,0.004,0.00,0.000,6.4,11.1,2.5,345,25,7.4,11.8,2.4,344,18,7.4,11.8,2.4,344,18,592,29.30,0.4,0,0,0,39.2,44.4,48.2,0.29,0.38,0.35
GFLD,2019-11-08 12:05:00 EST,43.71680,-75.40925,838,27.4,25.5,19.0,65.9,17.5,0.000,0.004,0.00,0.000,8.0,16.1,2.9,327,17,8.5,18.0,3.2,328,18,8.5,18.0,3.2,328,18,544,29.29,0.2,0,0,0,39.2,44.4,48.2,0.29,0.38,0.35
GFLD,2019-11-08 12:10:00 EST,43.71680,-75.40925,838,27.2,25.6,18.9,65.3,17.1,0.000,0.004,0.00,0.000,7.6,12.8,2.6,327,18,8.2,13.4,2.3,327,17,8.2,13.4,2.3,327,17,594,29.29,0.2,0,0,0,39.2,44.4,48.2,0.29,0.38,0.35
GFLD,2019-11-08 12:15:00 EST,43.71680,-75.40925,838,27.4,25.5,19.4,64.3,16.9,0.000,0.004,0.00,0.000,7.0,14.8,3.4,339,22,7.7,16.2,3.5,339,17,7.7,16.2,3.5,339,17,560,29.29,0.3,0,0,0,39.2,44.4,48.2,0.29,0.38,0.35
GFLD,2019-11-08 12:20:00 EST,43.71680,-75.40925,838,27.0,25.1,18.1,64.6,16.6,0.000,0.004,0.00,0.000,8.5,14.1,2.5,328,19,9.0,13.8,2.4,328,20,9.0,13.8,2.4,328,20,476,29.29,0.3,0,0,0,39.2,44.4,48.2,0.29,0.37,0.35
GFLD,2019-11-08 12:25:00 EST,43.71680,-75.40925,838,27.5,26.0,20.6,65.0,17.3,0.000,0.004,0.00,0.000,5.7,11.9,2.2,351,22,6.4,14.7,2.6,350,18,6.4,14.7,2.6,350,18,407,29.29,0.3,0,0,0,39.2,44.4,48.2,0.29,0.38,0.35
GFLD,2019-11-08 12:30:00 EST,43.71680,-75.40925,838,27.2,25.6,18.3,64.3,16.8,0.000,0.004,0.00,0.000,8.2,12.3,2.1,343,18,9.2,14.1,2.2,343,15,9.2,14.1,2.2,343,15,508,29.29,0.2,0,0,0,39.2,44.4,48.2,0.29,0.38,0.35
GFLD,2019-11-08 12:35:00 EST,43.71680,-75.40925,838,27.1,25.6,19.3,63.0,16.1,0.000,0.004,0.00,0.000,6.8,14.5,2.7,334,18,7.3,16.3,2.8,333,15,7.3,16.3,2.8,333,15,453,29.29,0.4,0,0,0,39.2,44.3,48.2,0.29,0.37,0.35
GFLD,2019-11-08 12:40:00 EST,43.71680,-75.40925,838,27.6,25.8,18.6,61.7,16.1,0.000,0.004,0.00,0.000,8.7,13.3,2.2,337,13,9.4,13.7,2.3,336,14,9.4,13.7,2.3,336,14,500,29.29,0.2,0,0,0,39.2,44.2,48.2,0.29,0.37,0.35
GFLD,2019-11-08 12:45:00 EST,43.71680,-75.40925,838,27.7,26.1,18.9,62.7,16.7,0.000,0.004,0.00,0.000,8.6,12.9,1.7,333,16,9.2,13.6,1.8,334,10,9.2,13.6,1.8,334,10,549,29.29,0.2,0,0,0,39.2,44.1,48.2,0.29,0.37,0.35
GFLD,2019-11-08 12:50:00 EST,43.71680,-75.40925,838,28.2,26.4,18.6,61.7,16.7,0.000,0.004,0.00,0.000,9.9,16.8,2.5,337,14,10.7,16.9,2.4,337,12,10.7,16.9,2.4,337,12,593,29.29,0.2,0,0,0,39.2,44.1,48.2,0.29,0.37,0.35
GFLD,2019-11-08 12:55:00 EST,43.71680,-75.40925,838,28.1,26.2,19.4,61.3,16.5,0.000,0.004,0.00,0.000,8.8,13.8,2.5,320,17,9.0,14.3,2.4,319,16,9.0,14.3,2.4,319,16,623,29.29,0.4,0,0,0,39.2,44.1,48.2,0.29,0.37,0.35
GFLD,2019-11-08 13:00:00 EST,43.71680,-75.40925,838,28.0,26.6,18.9,61.8,16.6,0.000,0.004,0.00,0.000,8.7,16.4,2.5,344,17,9.7,17.9,3.1,343,16,9.7,17.9,3.1,343,16,340,29.29,0.2,0,0,0,39.2,44.1,48.2,0.29,0.38,0.35
GFLD,2019-11-08 13:05:00 EST,43.71680,-75.40925,838,27.6,26.2,19.1,63.9,16.9,0.000,0.004,0.00,0.000,7.5,13.4,2.2,341,21,8.5,14.6,2.7,343,14,8.5,14.6,2.7,343,14,358,29.29,0.2,0,0,0,39.2,44.1,48.2,0.29,0.37,0.35
GFLD,2019-11-08 13:10:00 EST,43.71680,-75.40925,838,26.5,25.7,16.1,63.8,15.9,0.000,0.004,0.00,0.000,10.5,16.0,2.2,339,13,11.5,17.6,2.2,341,11,11.5,17.6,2.2,341,11,206,29.29,0.2,0,0,0,39.2,44.1,48.2,0.29,0.37,0.35
GFLD,2019-11-08 13:15:00 EST,43.71680,-75.40925,838,27.3,26.2,17.3,63.2,16.4,0.000,0.004,0.00,0.000,10.6,16.7,2.7,325,14,11.1,17.9,2.9,324,13,11.1,17.9,2.9,324,13,459,29.29,0.2,0,0,0,39.2,44.1,48.2,0.29,0.37,0.35
GFLD,2019-11-08 13:20:00 EST,43.71680,-75.40925,838,27.4,26.2,17.5,62.0,16.0,0.000,0.004,0.00,0.000,10.4,17.9,3.0,322,17,10.8,18.9,2.9,320,17,10.8,18.9,2.9,320,17,352,29.29,0.1,0,0,0,39.2,44.1,48.2,0.29,0.37,0.35
GFLD,2019-11-08 13:25:00 EST,43.71680,-75.40925,838,27.9,26.6,19.1,63.8,17.3,0.000,0.004,0.00,0.000,8.5,19.2,2.9,303,17,9.2,17.7,2.7,303,16,9.2,17.7,2.7,303,16,482,29.29,0.2,0,0,0,39.3,44.1,48.2,0.29,0.37,0.35
GFLD,2019-11-08 13:30:00 EST,43.71680,-75.40925,838,28.7,27.3,19.5,63.3,17.8,0.000,0.004,0.00,0.000,9.8,17.3,2.8,309,20,10.3,17.6,3.0,307,20,10.3,17.6,3.0,307,20,463,29.29,0.1,0,0,0,39.4,44.1,48.2,0.29,0.37,0.35
GFLD,2019-11-08 13:35:00 EST,43.71680,-75.40925,838,28.4,26.8,18.5,61.7,16.9,0.000,0.004,0.00,0.000,11.0,16.1,2.6,314,17,11.4,16.8,2.6,311,17,11.4,16.8,2.6,311,17,505,29.29,0.1,0,0,0,39.4,44.1,48.2,0.29,0.37,0.35
GFLD,2019-11-08 13:40:00 EST,43.71680,-75.40925,838,27.7,26.7,18.3,62.4,16.6,0.000,0.004,0.00,0.000,9.0,16.2,2.9,351,25,10.3,19.4,3.4,349,14,10.3,19.4,3.4,349,14,273,29.30,0.1,0,0,0,39.4,44.1,48.2,0.29,0.38,0.35
GFLD,2019-11-08 13:45:00 EST,43.71680,-75.40925,838,26.8,26.2,18.6,64.2,16.4,0.000,0.004,0.00,0.000,7.5,12.7,2.3,322,15,7.9,13.7,2.3,321,13,7.9,13.7,2.3,321,13,174,29.30,0.1,0,0,0,39.4,44.1,48.2,0.29,0.38,0.35
GFLD,2019-11-08 13:50:00 EST,43.71680,-75.40925,838,26.5,25.9,17.3,64.7,16.2,0.000,0.004,0.00,0.000,8.8,16.1,2.3,327,13,9.4,15.6,2.5,327,12,9.4,15.6,2.5,327,12,180,29.30,0.2,0,0,0,39.4,44.1,48.2,0.29,0.37,0.35
GFLD,2019-11-08 13:55:00 EST,43.71680,-75.40925,838,26.9,26.2,18.0,65.2,16.8,0.000,0.004,0.00,0.000,8.8,16.7,2.9,325,16,9.1,17.4,3.1,324,16,9.1,17.4,3.1,324,16,214,29.30,0.1,0,0,0,39.5,44.1,48.2,0.29,0.38,0.35
GFLD,2019-11-08 14:00:00 EST,43.71680,-75.40925,838,26.5,25.9,17.5,65.1,16.4,0.000,0.004,0.00,0.000,8.8,15.1,2.7,318,12,9.0,14.8,2.4,318,11,9.0,14.8,2.4,318,11,178,29.30,0.1,0,0,0,39.6,44.1,48.2,0.29,0.38,0.35
GFLD,2019-11-08 14:05:00 EST,43.71680,-75.40925,838,26.7,26.0,16.7,65.6,16.8,0.000,0.004,0.00,0.000,10.3,17.0,3.0,329,15,10.9,17.7,2.7,328,13,10.9,17.7,2.7,328,13,238,29.30,0.1,0,0,0,39.6,44.1,48.2,0.29,0.37,0.35
GFLD,2019-11-08 14:10:00 EST,43.71680,-75.40925,838,26.9,26.2,18.0,66.2,17.1,0.000,0.004,0.00,0.000,8.4,13.2,2.0,319,20,9.0,14.8,2.2,318,19,9.0,14.8,2.2,318,19,217,29.30,0.1,0,0,0,39.6,44.1,48.2,0.29,0.38,0.35
GFLD,2019-11-08 14:15:00 EST,43.71680,-75.40925,838,27.4,26.4,18.5,67.0,17.9,0.000,0.004,0.00,0.000,8.6,14.7,2.2,315,15,9.2,16.3,2.3,313,14,9.2,16.3,2.3,313,14,332,29.30,0.2,0,0,0,39.6,44.1,48.2,0.29,0.37,0.35
GFLD,2019-11-08 14:20:00 EST,43.71680,-75.40925,838,28.2,26.9,18.7,65.6,18.2,0.000,0.004,0.00,0.000,9.8,16.8,3.0,337,13,10.6,19.5,3.1,335,12,10.6,19.5,3.1,335,12,446,29.30,0.2,0,0,0,39.6,44.1,48.2,0.29,0.37,0.35
GFLD,2019-11-08 14:25:00 EST,43.71680,-75.40925,838,28.4,27.0,18.2,63.7,17.7,0.000,0.004,0.00,0.000,11.6,17.6,2.6,332,14,12.2,17.6,2.6,333,14,12.2,17.6,2.6,333,14,408,29.30,0.0,0,0,0,39.6,44.0,48.2,0.29,0.38,0.35
GFLD,2019-11-08 14:30:00 EST,43.71680,-75.40925,838,27.5,26.6,18.3,63.7,16.8,0.000,0.004,0.00,0.000,9.3,16.2,3.1,316,18,9.7,17.1,3.2,313,17,9.7,17.1,3.2,313,17,224,29.30,0.1,0,0,0,39.7,44.0,48.2,0.29,0.37,0.35
GFLD,2019-11-08 14:35:00 EST,43.71680,-75.40925,838,27.9,27.0,20.5,66.3,18.1,0.000,0.004,0.00,0.000,6.8,14.4,3.0,316,14,7.1,14.7,2.9,314,13,7.1,14.7,2.9,314,13,321,29.30,0.1,0,0,0,39.7,44.0,48.2,0.29,0.38,0.35
GFLD,2019-11-08 14:40:00 EST,43.71680,-75.40925,838,28.0,27.0,19.6,64.4,17.5,0.000,0.004,0.00,0.000,8.2,14.5,2.1,319,20,8.6,16.0,2.2,315,18,8.6,16.0,2.2,315,18,267,29.30,0.0,0,0,0,39.7,44.0,48.1,0.29,0.37,0.35
GFLD,2019-11-08 14:45:00 EST,43.71680,-75.40925,838,27.1,26.6,19.1,66.0,17.3,0.000,0.004,0.00,0.000,7.2,13.7,2.4,332,16,7.8,15.1,2.7,332,16,7.8,15.1,2.7,332,16,127,29.30,0.1,0,0,0,39.7,43.9,48.2,0.29,0.38,0.35
GFLD,2019-11-08 14:50:00 EST,43.71680,-75.40925,838,27.5,26.8,18.6,65.0,17.3,0.000,0.004,0.00,0.000,8.7,16.6,2.8,326,14,9.2,16.6,2.6,326,14,9.2,16.6,2.6,326,14,281,29.30,0.1,0,0,0,39.7,43.9,48.1,0.29,0.38,0.35
GFLD,2019-11-08 14:55:00 EST,43.71680,-75.40925,838,27.4,26.7,18.5,63.3,16.6,0.000,0.004,0.00,0.000,8.9,14.3,2.4,321,15,9.2,15.4,2.4,321,15,9.2,15.4,2.4,321,15,245,29.30,0.0,0,0,0,39.7,43.9,48.1,0.29,0.37,0.35
GFLD,2019-11-08 15:00:00 EST,43.71680,-75.40925,838,26.9,26.4,17.2,64.1,16.4,0.000,0.004,0.00,0.000,9.8,14.0,2.5,330,15,10.3,15.5,2.4,328,15,10.3,15.5,2.4,328,15,104,29.30,0.1,0,0,0,39.8,43.9,48.1,0.29,0.38,0.35
GFLD,2019-11-08 15:05:00 EST,43.71680,-75.40925,838,27.0,26.4,17.7,64.1,16.4,0.000,0.004,0.00,0.000,8.9,13.3,2.1,335,13,9.6,14.9,2.3,335,13,9.6,14.9,2.3,335,13,230,29.31,0.2,0,0,0,39.9,43.9,48.1,0.29,0.38,0.35
GFLD,2019-11-08 15:10:00 EST,43.71680,-75.40925,838,27.0,26.4,18.1,63.3,16.1,0.000,0.004,0.00,0.000,8.5,14.0,2.2,326,14,8.9,15.0,2.2,325,12,8.9,15.0,2.2,325,12,124,29.31,0.1,0,0,0,39.9,43.9,48.1,0.29,0.38,0.35
GFLD,2019-11-08 15:15:00 EST,43.71680,-75.40925,838,26.5,26.2,18.4,65.7,16.6,0.000,0.004,0.00,0.000,6.9,11.9,1.9,333,18,7.7,12.3,1.7,333,17,7.7,12.3,1.7,333,17,91,29.31,0.1,0,0,0,39.9,43.9,48.0,0.29,0.37,0.35
GFLD,2019-11-08 15:20:00 EST,43.71680,-75.40925,838,26.4,26.0,16.1,65.3,16.3,0.000,0.004,0.00,0.000,9.8,15.0,2.3,348,19,11.2,16.2,2.5,347,9,11.2,16.2,2.5,347,9,112,29.31,0.1,0,0,0,39.9,43.9,48.0,0.29,0.38,0.35
GFLD,2019-11-08 15:25:00 EST,43.71680,-75.40925,838,26.1,26.0,18.4,66.9,16.7,0.000,0.004,0.00,0.000,6.4,11.0,2.0,332,17,7.0,12.4,2.0,332,16,7.0,12.4,2.0,332,16,57,29.31,0.1,0,0,0,39.9,43.9,48.0,0.29,0.38,0.35
GFLD,2019-11-08 15:30:00 EST,43.71680,-75.40925,838,25.9,25.9,17.2,65.4,15.9,0.000,0.004,0.00,0.000,8.0,14.1,2.7,333,21,8.5,16.3,2.9,333,15,8.5,16.3,2.9,333,15,52,29.31,0.1,0,0,0,39.9,43.9,48.0,0.29,0.37,0.35
GFLD,2019-11-08 15:35:00 EST,43.71680,-75.40925,838,26.2,26.0,18.2,65.2,16.1,0.000,0.004,0.00,0.000,7.0,11.7,1.9,334,19,7.3,12.9,2.2,335,13,7.3,12.9,2.2,335,13,135,29.31,0.1,0,0,0,39.9,43.9,48.0,0.29,0.37,0.35
GFLD,2019-11-08 15:40:00 EST,43.71680,-75.40925,838,26.7,26.3,19.4,64.6,16.3,0.000,0.004,0.00,0.000,6.1,9.8,1.8,336,15,6.5,11.2,1.9,335,14,6.5,11.2,1.9,335,14,156,29.31,0.0,0,0,0,39.9,43.9,48.0,0.29,0.37,0.35
GFLD,2019-11-08 15:45:00 EST,43.71680,-75.40925,838,26.8,26.5,20.6,64.9,16.5,0.000,0.004,0.00,0.000,4.9,10.5,2.2,325,16,5.4,12.2,2.3,325,17,5.4,12.2,2.3,325,17,134,29.31,0.1,0,0,0,39.9,43.9,48.0,0.29,0.37,0.35
GFLD,2019-11-08 15:50:00 EST,43.71680,-75.40925,838,26.7,26.5,18.5,63.8,16.1,0.000,0.004,0.00,0.000,7.6,11.0,1.9,328,18,7.8,11.2,1.9,328,17,7.8,11.2,1.9,328,17,132,29.31,0.0,0,0,0,39.9,43.9,48.0,0.29,0.38,0.35
GFLD,2019-11-08 15:55:00 EST,43.71680,-75.40925,838,26.5,26.4,18.8,63.9,15.9,0.000,0.004,0.00,0.000,6.9,10.7,2.0,321,14,7.0,11.7,1.9,320,13,7.0,11.7,1.9,320,13,95,29.31,0.0,0,0,0,40.0,43.9,48.0,0.29,0.37,0.35
GFLD,2019-11-08 16:00:00 EST,43.71680,-75.40925,838,26.2,26.2,18.2,65.2,16.0,0.000,0.004,0.00,0.000,7.2,10.5,1.7,325,16,7.4,12.5,2.0,324,15,7.4,12.5,2.0,324,15,72,29.31,0.0,0,0,0,40.1,43.9,48.0,0.29,0.38,0.35
GFLD,2019-11-08 16:05:00 EST,43.71680,-75.40925,838,25.6,25.9,17.3,66.3,15.9,0.000,0.004,0.00,0.000,7.3,14.7,2.4,326,13,7.7,14.9,2.6,325,11,7.7,14.9,2.6,325,11,37,29.31,0.0,0,0,0,40.1,43.9,48.0,0.29,0.38,0.35
GFLD,2019-11-08 16:10:00 EST,43.71680,-75.40925,838,25.6,25.9,17.8,66.4,16.0,0.000,0.004,0.00,0.000,6.9,14.0,2.4,322,15,7.1,13.9,2.4,321,14,7.1,13.9,2.4,321,14,54,29.31,-0.0,0,0,0,40.1,43.9,48.0,0.29,0.37,0.35
GFLD,2019-11-08 16:15:00 EST,43.71680,-75.40925,838,25.5,25.8,18.5,67.3,16.2,0.000,0.004,0.00,0.000,5.8,10.1,1.4,315,15,6.1,11.2,1.6,313,14,6.1,11.2,1.6,313,14,38,29.32,0.0,0,0,0,40.1,43.9,48.0,0.29,0.37,0.35
GFLD,2019-11-08 16:20:00 EST,43.71680,-75.40925,838,25.2,25.7,18.4,68.6,16.4,0.000,0.004,0.00,0.000,5.4,8.2,1.3,319,16,5.8,9.1,1.3,319,14,5.8,9.1,1.3,319,14,27,29.32,0.1,0,0,0,40.1,43.9,48.0,0.29,0.37,0.35
GFLD,2019-11-08 16:25:00 EST,43.71680,-75.40925,838,25.2,25.6,18.1,69.3,16.6,0.000,0.004,0.00,0.000,5.9,8.8,1.2,326,11,6.1,8.6,1.1,324,11,6.1,8.6,1.1,324,11,21,29.32,0.0,0,0,0,40.1,43.9,48.0,0.29,0.37,0.35
GFLD,2019-11-08 16:30:00 EST,43.71680,-75.40925,838,24.9,25.5,17.9,70.4,16.7,0.000,0.004,0.00,0.000,5.7,9.8,1.7,318,18,5.9,10.3,1.8,316,18,5.9,10.3,1.8,316,18,15,29.32,0.0,0,0,0,40.1,43.9,48.0,0.29,0.38,0.35
GFLD,2019-11-08 16:35:00 EST,43.71680,-75.40925,838,24.8,25.5,19.1,72.0,17.0,0.000,0.004,0.00,0.000,4.4,7.6,1.5,325,13,4.6,9.1,1.6,324,13,4.6,9.1,1.6,324,13,15,29.32,0.1,0,0,0,40.1,43.9,48.0,0.29,0.37,0.35
GFLD,2019-11-08 16:40:00 EST,43.71680,-75.40925,838,24.9,25.5,20.0,72.2,17.3,0.000,0.004,0.00,0.000,3.6,6.1,1.3,330,10,3.9,6.6,1.3,329,10,3.9,6.6,1.3,329,10,11,29.32,0.0,0,0,0,40.1,43.9,48.0,0.29,0.37,0.35
GFLD,2019-11-08 16:45:00 EST,43.71680,-75.40925,838,25.2,25.6,19.4,72.5,17.6,0.000,0.004,0.00,0.000,4.6,8.1,1.4,322,11,4.7,8.4,1.5,321,10,4.7,8.4,1.5,321,10,6,29.32,0.1,0,0,0,40.1,43.9,48.0,0.29,0.38,0.35
GFLD,2019-11-08 16:50:00 EST,43.71680,-75.40925,838,25.3,25.6,19.1,72.3,17.6,0.000,0.004,0.00,0.000,4.9,7.6,1.2,324,13,5.0,7.8,1.3,323,12,5.0,7.8,1.3,323,12,4,29.32,0.1,0,0,0,40.1,43.9,48.0,0.29,0.37,0.35
GFLD,2019-11-08 16:55:00 EST,43.71680,-75.40925,838,25.2,25.6,19.7,72.5,17.6,0.000,0.004,0.00,0.000,4.2,7.7,1.2,321,14,4.4,7.6,1.3,319,12,4.4,7.6,1.3,319,12,2,29.32,0.1,0,0,0,40.0,43.9,48.0,0.29,0.37,0.35
GFLD,2019-11-08 17:00:00 EST,43.71680,-75.40925,838,25.1,25.6,18.2,71.9,17.3,0.000,0.004,0.00,0.000,5.5,8.4,1.4,324,16,5.8,8.9,1.4,323,14,5.8,8.9,1.4,323,14,1,29.32,0.0,0,0,0,40.0,43.9,48.0,0.29,0.37,0.35
GFLD,2019-11-08 17:05:00 EST,43.71680,-75.40925,838,24.9,25.5,18.5,72.3,17.3,0.000,0.004,0.00,0.000,5.2,7.4,1.1,319,14,5.3,8.5,1.2,319,13,5.3,8.5,1.2,319,13,0,29.33,0.0,0,0,0,39.9,43.9,48.0,0.29,0.37,0.35
GFLD,2019-11-08 17:10:00 EST,43.71680,-75.40925,838,24.8,25.4,18.8,73.1,17.5,0.000,0.004,0.00,0.000,4.8,9.1,1.5,322,16,4.9,8.4,1.5,320,13,4.9,8.4,1.5,320,13,0,29.33,0.0,0,0,0,39.9,43.9,48.0,0.29,0.37,0.35
GFLD,2019-11-08 17:15:00 EST,43.71680,-75.40925,838,24.6,25.3,18.4,73.7,17.4,0.000,0.004,0.00,0.000,4.9,7.8,1.2,328,9,4.9,7.5,1.2,328,9,4.9,7.5,1.2,328,9,0,29.33,0.1,0,0,0,39.9,43.9,48.0,0.29,0.37,0.35
GFLD,2019-11-08 17:20:00 EST,43.71680,-75.40925,838,24.3,25.2,20.2,74.3,17.3,0.000,0.004,0.00,0.000,3.1,5.6,1.0,324,14,3.3,5.8,0.9,323,13,3.3,5.8,0.9,323,13,0,29.33,0.1,0,0,0,39.9,43.9,48.0,0.29,0.37,0.35
GFLD,2019-11-08 17:25:00 EST,43.71680,-75.40925,838,24.0,25.1,24.0,75.6,17.4,0.000,0.004,0.00,0.000,2.1,3.7,0.9,308,10,2.3,4.1,0.7,307,10,2.3,4.1,0.7,307,10,0,29.33,0.0,0,0,0,39.9,43.9,48.0,0.29,0.37,0.35
GFLD,2019-11-08 17:30:00 EST,43.71680,-75.40925,838,23.6,25.0,23.6,77.2,17.5,0.000,0.004,0.00,0.000,1.4,2.6,0.5,293,18,1.8,2.6,0.3,290,18,1.8,2.6,0.3,290,18,0,29.33,-0.0,0,0,0,39.9,43.9,48.0,0.29,0.37,0.35
GFLD,2019-11-08 17:35:00 EST,43.71680,-75.40925,838,23.8,24.9,23.8,77.8,17.9,0.000,0.004,0.00,0.000,1.5,3.1,0.8,279,10,2.0,3.2,0.6,278,12,2.0,3.2,0.6,278,12,0,29.33,0.1,0,0,0,39.9,43.9,48.0,0.29,0.37,0.35
GFLD,2019-11-08 17:40:00 EST,43.71680,-75.40925,838,23.8,24.8,23.8,78.1,17.9,0.000,0.004,0.00,0.000,2.5,3.3,0.4,268,10,2.8,3.9,0.4,268,10,2.8,3.9,0.4,268,10,0,29.34,0.1,0,0,0,39.9,43.9,48.0,0.29,0.37,0.35
GFLD,2019-11-08 17:45:00 EST,43.71680,-75.40925,838,23.6,24.5,23.6,79.9,18.3,0.000,0.004,0.00,0.000,2.8,4.4,0.5,251,9,2.9,4.8,0.7,248,10,2.9,4.8,0.7,248,10,0,29.34,0.1,0,0,0,39.9,43.9,48.0,0.29,0.37,0.35
GFLD,2019-11-08 17:50:00 EST,43.71680,-75.40925,838,23.5,24.4,19.0,79.9,18.2,0.000,0.004,0.00,0.000,3.2,4.2,0.5,261,7,3.5,4.5,0.6,260,7,3.5,4.5,0.6,260,7,0,29.34,0.1,0,0,0,39.9,43.9,48.0,0.29,0.38,0.35
GFLD,2019-11-08 17:55:00 EST,43.71680,-75.40925,838,23.7,24.5,23.7,78.4,18.0,0.000,0.004,0.00,0.000,1.4,2.5,0.6,288,13,1.7,2.7,0.4,289,14,1.7,2.7,0.4,289,14,0,29.34,0.1,0,0,0,39.9,43.9,48.0,0.29,0.37,0.35
GFLD,2019-11-08 18:00:00 EST,43.71680,-75.40925,838,23.9,24.6,23.9,78.0,18.0,0.000,0.004,0.00,0.000,0.3,1.0,0.3,302,7,1.0,1.8,0.4,302,14,1.0,1.8,0.4,302,14,0,29.35,0.1,0,0,0,39.9,43.8,48.0,0.29,0.37,0.35
GFLD,2019-11-08 18:05:00 EST,43.71680,-75.40925,838,23.9,24.6,23.9,78.2,18.1,0.000,0.004,0.00,0.000,0.0,0.4,0.1,328,0,0.4,1.2,0.4,326,16,0.4,1.2,0.4,326,16,0,29.35,0.0,0,0,0,39.9,43.8,48.0,0.29,0.37,0.35
GFLD,2019-11-08 18:10:00 EST,43.71680,-75.40925,838,23.6,24.5,23.6,80.5,18.4,0.000,0.004,0.00,0.000,0.0,0.0,0.0,0,0,0.3,0.8,0.4,37,5,0.3,0.8,0.4,37,5,0,29.35,0.1,0,0,0,39.9,43.8,48.0,0.29,0.37,0.35
GFLD,2019-11-08 18:15:00 EST,43.71680,-75.40925,838,23.8,24.4,23.8,82.8,19.3,0.000,0.004,0.00,0.000,0.0,0.4,0.1,328,0,0.6,1.6,0.5,355,15,0.6,1.6,0.5,355,15,0,29.35,0.1,0,0,0,39.7,43.9,48.0,0.29,0.37,0.35
GFLD,2019-11-08 18:20:00 EST,43.71680,-75.40925,838,23.9,24.3,23.9,80.1,18.7,0.000,0.004,0.00,0.000,0.0,0.0,0.0,0,0,0.4,1.1,0.4,19,9,0.4,1.1,0.4,19,9,0,29.35,0.1,0,0,0,39.7,43.8,48.0,0.29,0.38,0.35
GFLD,2019-11-08 18:25:00 EST,43.71680,-75.40925,838,24.0,24.3,24.0,81.7,19.2,0.000,0.004,0.00,0.000,0.5,1.2,0.4,32,13,1.3,2.3,0.3,28,15,1.3,2.3,0.3,28,15,0,29.35,0.1,0,0,0,39.7,43.8,48.0,0.29,0.37,0.35
GFLD,2019-11-08 18:30:00 EST,43.71680,-75.40925,838,23.8,24.2,23.8,82.4,19.3,0.000,0.004,0.00,0.000,0.2,1.8,0.4,25,13,0.7,2.0,0.6,11,26,0.7,2.0,0.6,11,26,0,29.35,0.1,0,0,0,39.7,43.8,48.0,0.29,0.38,0.35
GFLD,2019-11-08 18:35:00 EST,43.71680,-75.40925,838,23.6,24.0,23.6,81.9,18.9,0.000,0.004,0.00,0.000,1.0,2.1,0.5,8,11,1.7,2.7,0.5,6,13,1.7,2.7,0.5,6,13,0,29.35,0.1,0,0,0,39.7,43.8,48.0,0.29,0.37,0.35
GFLD,2019-11-08 18:40:00 EST,43.71680,-75.40925,838,23.2,23.8,23.2,81.4,18.4,0.000,0.004,0.00,0.000,0.7,2.0,0.5,359,8,1.4,2.5,0.5,355,17,1.4,2.5,0.5,355,17,0,29.35,0.1,0,0,0,39.7,43.8,48.0,0.29,0.38,0.35
GFLD,2019-11-08 18:45:00 EST,43.71680,-75.40925,838,23.1,23.8,23.1,81.4,18.2,0.000,0.004,0.00,0.000,0.8,1.8,0.4,10,8,1.4,2.2,0.4,7,12,1.4,2.2,0.4,7,12,0,29.35,0.1,0,0,0,39.7,43.7,48.0,0.29,0.37,0.35
GFLD,2019-11-08 18:50:00 EST,43.71680,-75.40925,838,23.2,23.7,23.2,81.6,18.4,0.000,0.004,0.00,0.000,0.0,0.3,0.0,6,0,0.4,1.2,0.4,2,20,0.4,1.2,0.4,2,20,0,29.35,0.1,0,0,0,39.7,43.7,48.0,0.29,0.37,0.35
GFLD,2019-11-08 18:55:00 EST,43.71680,-75.40925,838,22.9,23.8,22.9,83.3,18.6,0.000,0.004,0.00,0.000,0.0,0.0,0.0,0,0,0.6,1.2,0.5,58,18,0.6,1.2,0.5,58,18,0,29.35,0.1,0,0,0,39.6,43.7,48.0,0.29,0.37,0.35
GFLD,2019-11-08 19:00:00 EST,43.71680,-75.40925,838,22.5,23.6,22.5,84.2,18.4,0.000,0.004,0.00,0.000,0.6,2.1,0.6,75,7,1.5,2.4,0.3,75,11,1.5,2.4,0.3,75,11,0,29.36,0.1,0,0,0,39.6,43.7,48.0,0.29,0.38,0.35
GFLD,2019-11-08 19:05:00 EST,43.71680,-75.40925,838,22.0,23.6,22.0,86.9,18.7,0.000,0.004,0.00,0.000,2.1,2.6,0.2,74,12,2.3,2.9,0.2,68,13,2.3,2.9,0.2,68,13,0,29.35,0.1,0,0,0,39.6,43.7,48.0,0.29,0.37,0.35
GFLD,2019-11-08 19:10:00 EST,43.71680,-75.40925,838,21.4,23.8,21.4,87.3,18.2,0.000,0.004,0.00,0.000,2.5,3.1,0.3,78,6,2.9,3.5,0.3,73,7,2.9,3.5,0.3,73,7,0,29.35,0.0,0,0,0,39.6,43.7,48.0,0.29,0.37,0.35
GFLD,2019-11-08 19:15:00 EST,43.71680,-75.40925,838,21.3,23.4,21.3,88.0,18.3,0.000,0.004,0.00,0.000,0.3,2.0,0.6,86,1,0.5,2.3,0.7,90,9,0.5,2.3,0.7,90,9,0,29.35,0.0,0,0,0,39.6,43.7,48.0,0.29,0.37,0.35
GFLD,2019-11-08 19:20:00 EST,43.71680,-75.40925,838,21.6,23.4,21.6,87.5,18.5,0.000,0.004,0.00,0.000,0.5,1.8,0.7,218,4,1.0,2.0,0.6,193,33,1.0,2.0,0.6,193,33,0,29.36,-0.0,0,0,0,39.6,43.7,48.0,0.29,0.37,0.35
GFLD,2019-11-08 19:25:00 EST,43.71680,-75.40925,838,21.6,23.0,21.6,87.2,18.3,0.000,0.004,0.00,0.000,1.3,1.9,0.4,205,20,1.6,2.3,0.2,198,23,1.6,2.3,0.2,198,23,0,29.36,0.0,0,0,0,39.6,43.7,48.0,0.29,0.38,0.35
GFLD,2019-11-08 19:30:00 EST,43.71680,-75.40925,838,21.2,23.0,21.2,86.0,17.6,0.000,0.004,0.00,0.000,1.7,2.2,0.4,163,23,1.9,2.2,0.2,156,22,1.9,2.2,0.2,156,22,0,29.36,-0.1,0,0,0,39.6,43.7,48.0,0.29,0.37,0.35
GFLD,2019-11-08 19:35:00 EST,43.71680,-75.40925,838,20.8,23.0,20.8,86.1,17.2,0.000,0.004,0.00,0.000,1.4,2.5,0.7,156,33,1.7,2.4,0.4,158,33,1.7,2.4,0.4,158,33,0,29.36,-0.1,0,0,0,39.6,43.7,48.0,0.29,0.37,0.35
GFLD,2019-11-08 19:40:00 EST,43.71680,-75.40925,838,20.1,22.4,20.1,87.3,16.9,0.000,0.004,0.00,0.000,0.5,1.8,0.5,183,29,1.1,1.8,0.5,181,33,1.1,1.8,0.5,181,33,0,29.36,0.1,0,0,0,39.6,43.7,48.0,0.29,0.38,0.35
GFLD,2019-11-08 19:45:00 EST,43.71680,-75.40925,838,21.1,22.6,21.1,87.0,17.8,0.000,0.004,0.00,0.000,0.1,0.8,0.2,233,1,0.3,1.2,0.5,247,6,0.3,1.2,0.5,247,6,0,29.36,-0.1,0,0,0,39.6,43.7,48.0,0.29,0.37,0.35
GFLD,2019-11-08 19:50:00 EST,43.71680,-75.40925,838,19.7,22.2,19.7,86.6,16.3,0.000,0.004,0.00,0.000,0.4,1.6,0.5,206,39,0.9,1.8,0.6,178,47,0.9,1.8,0.6,178,47,0,29.36,-0.0,0,0,0,39.4,43.7,48.0,0.29,0.37,0.35
GFLD,2019-11-08 19:55:00 EST,43.71680,-75.40925,838,19.2,22.5,19.2,87.7,16.1,0.000,0.004,0.00,0.000,0.0,0.0,0.0,0,0,0.3,1.0,0.4,21,16,0.3,1.0,0.4,21,16,0,29.36,0.0,0,0,0,39.4,43.7,48.0,0.29,0.37,0.35
GFLD,2019-11-08 20:00:00 EST,43.71680,-75.40925,838,19.1,22.1,19.1,88.5,16.2,0.000,0.004,0.00,0.000,0.5,1.6,0.6,221,11,1.1,1.6,0.3,174,56,1.1,1.6,0.3,174,56,0,29.36,-0.0,0,0,0,39.4,43.7,48.0,0.29,0.37,0.35
GFLD,2019-11-08 20:05:00 EST,43.71680,-75.40925,838,18.9,21.7,18.9,91.2,16.8,0.000,0.004,0.00,0.000,0.0,0.3,0.1,200,7,0.5,1.3,0.5,166,15,0.5,1.3,0.5,166,15,0,29.36,0.0,0,0,0,39.4,43.7,48.0,0.29,0.38,0.35
GFLD,2019-11-08 20:10:00 EST,43.71680,-75.40925,838,18.3,21.2,18.3,91.0,16.1,0.000,0.004,0.00,0.000,0.2,1.0,0.4,111,1,1.0,1.9,0.4,147,40,1.0,1.9,0.4,147,40,0,29.36,0.1,0,0,0,39.4,43.7,48.0,0.29,0.38,0.35
GFLD,2019-11-08 20:15:00 EST,43.71680,-75.40925,838,18.9,21.7,18.9,91.6,16.9,0.000,0.004,0.00,0.000,0.6,1.7,0.5,108,0,1.4,2.0,0.3,107,6,1.4,2.0,0.3,107,6,0,29.36,0.1,0,0,0,39.4,43.7,48.0,0.29,0.38,0.35
GFLD,2019-11-08 20:20:00 EST,43.71680,-75.40925,838,19.1,21.6,19.1,91.8,17.1,0.000,0.004,0.00,0.000,0.2,1.6,0.3,144,32,0.8,1.7,0.5,131,33,0.8,1.7,0.5,131,33,0,29.36,0.0,0,0,0,39.4,43.7,48.0,0.29,0.37,0.35
GFLD,2019-11-08 20:25:00 EST,43.71680,-75.40925,838,18.5,20.8,18.5,90.2,16.1,0.000,0.004,0.00,0.000,1.2,2.1,0.7,234,6,1.4,2.2,0.5,229,12,1.4,2.2,0.5,229,12,0,29.36,-0.1,0,0,0,39.3,43.7,48.0,0.29,0.37,0.35
GFLD,2019-11-08 20:30:00 EST,43.71680,-75.40925,838,18.4,20.9,18.4,90.3,16.0,0.000,0.004,0.00,0.000,0.5,2.1,0.6,176,29,1.2,2.3,0.4,183,28,1.2,2.3,0.4,183,28,0,29.36,-0.1,0,0,0,39.2,43.7,47.9,0.29,0.37,0.35
GFLD,2019-11-08 20:35:00 EST,43.71680,-75.40925,838,17.8,20.5,17.8,90.0,15.4,0.000,0.004,0.00,0.000,0.8,2.2,0.6,222,26,1.2,2.1,0.5,214,30,1.2,2.1,0.5,214,30,0,29.36,-0.0,0,0,0,39.2,43.7,47.9,0.29,0.37,0.35
GFLD,2019-11-08 20:40:00 EST,43.71680,-75.40925,838,18.1,21.3,18.1,91.2,16.0,0.000,0.004,0.00,0.000,0.1,0.7,0.2,189,4,0.9,1.4,0.4,176,20,0.9,1.4,0.4,176,20,0,29.36,-0.0,0,0,0,39.2,43.7,47.9,0.29,0.37,0.35
GFLD,2019-11-08 20:45:00 EST,43.71680,-75.40925,838,18.3,21.0,18.3,91.3,16.2,0.000,0.004,0.00,0.000,1.1,2.4,0.8,170,38,1.4,2.4,0.7,172,39,1.4,2.4,0.7,172,39,0,29.36,0.0,0,0,0,39.2,43.7,47.8,0.29,0.37,0.35
GFLD,2019-11-08 20:50:00 EST,43.71680,-75.40925,838,18.3,20.5,18.3,91.0,16.2,0.000,0.004,0.00,0.000,2.1,3.1,0.4,168,29,2.2,3.1,0.4,164,31,2.2,3.1,0.4,164,31,0,29.36,-0.0,0,0,0,39.2,43.7,47.8,0.29,0.37,0.35
GFLD,2019-11-08 20:55:00 EST,43.71680,-75.40925,838,17.7,20.8,17.7,90.2,15.3,0.000,0.004,0.00,0.000,1.9,3.2,1.1,201,36,2.1,3.2,0.8,192,41,2.1,3.2,0.8,192,41,0,29.36,-0.0,0,0,0,39.2,43.7,47.9,0.29,0.37,0.35
GFLD,2019-11-08 21:00:00 EST,43.71680,-75.40925,838,17.5,20.7,17.5,88.6,14.7,0.000,0.004,0.00,0.000,2.3,3.1,0.3,131,11,2.2,3.3,0.3,131,12,2.2,3.3,0.3,131,12,0,29.36,0.1,0,0,0,39.2,43.7,47.8,0.29,0.37,0.35
GFLD,2019-11-08 21:05:00 EST,43.71680,-75.40925,838,18.5,20.3,18.5,89.5,15.9,0.000,0.004,0.00,0.000,2.2,3.1,0.4,173,11,2.4,3.6,0.4,170,13,2.4,3.6,0.4,170,13,0,29.36,0.0,0,0,0,39.2,43.7,47.8,0.29,0.37,0.35
GFLD,2019-11-08 21:10:00 EST,43.71680,-75.40925,838,17.6,20.6,17.6,88.4,14.8,0.000,0.004,0.00,0.000,2.6,3.8,0.7,157,18,2.9,4.7,0.6,153,19,2.9,4.7,0.6,153,19,0,29.36,0.0,0,0,0,39.2,43.7,47.8,0.29,0.37,0.35
GFLD,2019-11-08 21:15:00 EST,43.71680,-75.40925,838,17.9,19.7,17.9,89.5,15.3,0.000,0.004,0.00,0.000,0.9,2.0,0.5,194,21,1.5,2.2,0.3,189,21,1.5,2.2,0.3,189,21,0,29.36,-0.0,0,0,0,39.2,43.7,47.8,0.29,0.37,0.35
GFLD,2019-11-08 21:20:00 EST,43.71680,-75.40925,838,18.5,20.2,13.9,89.3,15.9,0.000,0.004,0.00,0.000,2.9,3.8,0.6,166,17,3.1,4.0,0.5,161,20,3.1,4.0,0.5,161,20,0,29.36,0.1,0,0,0,39.2,43.7,47.8,0.29,0.38,0.35
GFLD,2019-11-08 21:25:00 EST,43.71680,-75.40925,838,17.4,19.7,17.4,88.5,14.5,0.000,0.004,0.00,0.000,2.1,3.2,0.5,144,13,2.1,3.9,0.6,140,13,2.1,3.9,0.6,140,13,0,29.36,-0.0,0,0,0,39.2,43.7,47.8,0.29,0.37,0.35
GFLD,2019-11-08 21:30:00 EST,43.71680,-75.40925,838,17.9,19.9,11.5,90.0,15.4,0.000,0.004,0.00,0.000,3.8,5.5,0.8,161,34,4.2,6.2,0.9,156,33,4.2,6.2,0.9,156,33,0,29.36,0.1,0,0,0,39.2,43.7,47.8,0.29,0.37,0.35
GFLD,2019-11-08 21:35:00 EST,43.71680,-75.40925,838,18.8,20.2,18.8,88.1,15.9,0.000,0.004,0.00,0.000,2.4,5.0,1.2,128,15,2.8,6.1,1.2,125,16,2.8,6.1,1.2,125,16,0,29.36,0.0,0,0,0,39.2,43.7,47.8,0.29,0.37,0.35
GFLD,2019-11-08 21:40:00 EST,43.71680,-75.40925,838,18.3,19.7,18.3,88.4,15.4,0.000,0.004,0.00,0.000,1.2,2.8,0.9,145,9,1.6,3.4,0.6,136,11,1.6,3.4,0.6,136,11,0,29.36,-0.1,0,0,0,39.0,43.7,47.8,0.29,0.37,0.35
GFLD,2019-11-08 21:45:00 EST,43.71680,-75.40925,838,17.2,19.3,17.2,88.2,14.3,0.000,0.004,0.00,0.000,2.6,3.5,0.5,187,23,2.7,3.8,0.5,185,25,2.7,3.8,0.5,185,25,0,29.36,0.1,0,0,0,39.0,43.7,47.8,0.29,0.37,0.35
GFLD,2019-11-08 21:50:00 EST,43.71680,-75.40925,838,16.8,19.1,16.8,89.4,14.2,0.000,0.004,0.00,0.000,1.0,2.3,0.7,175,30,1.5,2.7,0.4,167,32,1.5,2.7,0.4,167,32,0,29.36,0.1,0,0,0,39.0,43.7,47.8,0.29,0.37,0.35
GFLD,2019-11-08 21:55:00 EST,43.71680,-75.40925,838,17.3,19.0,17.3,90.3,15.0,0.000,0.004,0.00,0.000,2.0,2.6,0.2,167,13,2.1,2.7,0.2,164,16,2.1,2.7,0.2,164,16,0,29.36,0.0,0,0,0,39.0,43.7,47.8,0.29,0.37,0.35
GFLD,2019-11-08 22:00:00 EST,43.71680,-75.40925,838,17.0,19.0,17.0,90.8,14.8,0.000,0.004,0.00,0.000,2.2,3.3,0.4,144,12,2.3,3.7,0.4,138,10,2.3,3.7,0.4,138,10,0,29.36,0.0,0,0,0,39.0,43.7,47.8,0.29,0.37,0.35
GFLD,2019-11-08 22:05:00 EST,43.71680,-75.40925,838,16.7,19.2,16.7,91.0,14.6,0.000,0.004,0.00,0.000,2.9,4.2,0.7,141,7,3.0,4.5,0.7,137,8,3.0,4.5,0.7,137,8,0,29.36,0.1,0,0,0,39.0,43.7,47.8,0.29,0.38,0.35
GFLD,2019-11-08 22:10:00 EST,43.71680,-75.40925,838,17.8,19.4,13.0,92.1,15.9,0.000,0.004,0.00,0.000,3.1,4.4,0.6,140,9,3.2,4.8,0.7,136,7,3.2,4.8,0.7,136,7,0,29.36,0.1,0,0,0,39.0,43.7,47.8,0.29,0.37,0.35
GFLD,2019-11-08 22:15:00 EST,43.71680,-75.40925,838,18.3,19.5,13.5,91.0,16.1,0.000,0.004,0.00,0.000,3.1,4.0,0.5,141,8,3.2,4.5,0.6,136,6,3.2,4.5,0.6,136,6,0,29.36,0.2,0,0,0,39.0,43.7,47.8,0.29,0.37,0.35
GFLD,2019-11-08 22:20:00 EST,43.71680,-75.40925,838,18.7,19.5,18.7,90.9,16.5,0.000,0.004,0.00,0.000,2.7,3.7,0.5,137,10,2.8,4.3,0.5,134,8,2.8,4.3,0.5,134,8,0,29.36,0.2,0,0,0,38.8,43.7,47.8,0.29,0.37,0.35
GFLD,2019-11-08 22:25:00 EST,43.71680,-75.40925,838,19.1,19.6,12.8,90.8,16.9,0.000,0.004,0.00,0.000,4.2,5.3,0.5,125,6,4.3,5.6,0.6,124,6,4.3,5.6,0.6,124,6,0,29.36,0.2,0,0,0,38.8,43.7,47.8,0.29,0.37,0.35
GFLD,2019-11-08 22:30:00 EST,43.71680,-75.40925,838,19.4,19.7,13.0,91.3,17.2,0.000,0.004,0.00,0.000,4.2,5.3,0.4,128,8,4.3,5.7,0.6,126,7,4.3,5.7,0.6,126,7,0,29.36,0.2,0,0,0,38.8,43.7,47.8,0.29,0.37,0.35
GFLD,2019-11-08 22:35:00 EST,43.71680,-75.40925,838,19.5,19.8,14.0,91.7,17.5,0.000,0.004,0.00,0.000,3.5,5.1,0.5,134,9,3.7,5.4,0.6,131,7,3.7,5.4,0.6,131,7,0,29.36,0.1,0,0,0,38.8,43.6,47.8,0.29,0.37,0.35
GFLD,2019-11-08 22:40:00 EST,43.71680,-75.40925,838,19.6,19.9,14.0,92.0,17.7,0.000,0.004,0.00,0.000,3.6,4.7,0.6,156,9,3.9,5.3,0.7,150,9,3.9,5.3,0.7,150,9,0,29.36,0.1,0,0,0,38.8,43.5,47.8,0.29,0.37,0.35
GFLD,2019-11-08 22:45:00 EST,43.71680,-75.40925,838,19.4,19.9,12.6,90.9,17.2,0.000,0.004,0.00,0.000,4.4,5.8,0.7,145,10,4.7,6.6,0.7,140,9,4.7,6.6,0.7,140,9,0,29.36,0.1,0,0,0,38.8,43.6,47.8,0.29,0.37,0.35
GFLD,2019-11-08 22:50:00 EST,43.71680,-75.40925,838,19.6,19.8,11.8,91.0,17.4,0.000,0.004,0.00,0.000,5.2,7.7,0.8,151,9,5.6,7.8,0.8,146,9,5.6,7.8,0.8,146,9,0,29.36,0.1,0,0,0,38.8,43.7,47.8,0.29,0.37,0.35
GFLD,2019-11-08 22:55:00 EST,43.71680,-75.40925,838,19.8,19.9,11.6,90.9,17.6,0.000,0.004,0.00,0.000,5.8,7.5,0.8,158,9,6.1,8.1,1.0,154,10,6.1,8.1,1.0,154,10,0,29.36,0.1,0,0,0,38.8,43.6,47.8,0.29,0.37,0.35
GFLD,2019-11-08 23:00:00 EST,43.71680,-75.40925,838,19.9,20.0,11.8,90.7,17.6,0.000,0.004,0.00,0.000,5.6,7.4,0.9,154,9,6.0,8.8,1.0,149,9,6.0,8.8,1.0,149,9,0,29.36,0.1,0,0,0,38.7,43.6,47.8,0.29,0.37,0.35
GFLD,2019-11-08 23:05:00 EST,43.71680,-75.40925,838,20.0,20.1,11.8,90.5,17.7,0.000,0.004,0.00,0.000,5.8,7.4,0.8,154,9,6.2,8.0,0.9,149,9,6.2,8.0,0.9,149,9,0,29.36,0.1,0,0,0,38.7,43.6,47.8,0.29,0.38,0.35
GFLD,2019-11-08 23:10:00 EST,43.71680,-75.40925,838,20.1,20.2,12.3,90.2,17.7,0.000,0.004,0.00,0.000,5.4,8.0,0.9,152,8,5.8,8.4,1.0,147,9,5.8,8.4,1.0,147,9,0,29.35,0.1,0,0,0,38.7,43.5,47.8,0.29,0.37,0.35
GFLD,2019-11-08 23:15:00 EST,43.71680,-75.40925,838,19.9,20.2,11.4,89.9,17.4,0.000,0.004,0.00,0.000,6.0,8.1,0.9,153,9,6.4,9.5,0.9,148,9,6.4,9.5,0.9,148,9,0,29.35,0.1,0,0,0,38.7,43.5,47.8,0.29,0.38,0.35
GFLD,2019-11-08 23:20:00 EST,43.71680,-75.40925,838,19.6,20.2,11.7,89.6,17.0,0.000,0.004,0.00,0.000,5.3,7.6,0.8,152,10,5.8,7.8,0.9,147,10,5.8,7.8,0.9,147,10,0,29.35,0.1,0,0,0,38.7,43.5,47.8,0.29,0.37,0.35
GFLD,2019-11-08 23:25:00 EST,43.71680,-75.40925,838,19.4,20.1,11.4,89.8,16.9,0.000,0.004,0.00,0.000,5.4,7.8,1.0,155,8,5.7,8.1,0.9,150,8,5.7,8.1,0.9,150,8,0,29.35,0.1,0,0,0,38.7,43.5,47.8,0.29,0.38,0.35
GFLD,2019-11-08 23:30:00 EST,43.71680,-75.40925,838,19.2,20.0,11.1,90.1,16.8,0.000,0.004,0.00,0.000,5.4,7.2,0.8,159,8,5.9,7.9,1.0,155,9,5.9,7.9,1.0,155,9,0,29.35,0.1,0,0,0,38.7,43.5,47.8,0.29,0.37,0.35
GFLD,2019-11-08 23:35:00 EST,43.71680,-75.40925,838,19.2,19.9,11.4,90.6,16.9,0.000,0.004,0.00,0.000,5.2,6.8,0.8,157,8,5.6,7.1,0.9,152,8,5.6,7.1,0.9,152,8,0,29.35,0.2,0,0,0,38.7,43.5,47.8,0.29,0.37,0.35
GFLD,2019-11-08 23:40:00 EST,43.71680,-75.40925,838,19.2,19.8,11.5,90.7,16.9,0.000,0.004,0.00,0.000,5.1,6.6,0.7,161,9,5.5,7.0,0.7,156,8,5.5,7.0,0.7,156,8,0,29.36,0.1,0,0,0,38.6,43.5,47.8,0.29,0.37,0.35
GFLD,2019-11-08 23:45:00 EST,43.71680,-75.40925,838,18.9,19.8,10.7,91.1,16.8,0.000,0.004,0.00,0.000,5.6,7.3,0.9,153,8,6.0,8.4,1.1,149,7,6.0,8.4,1.1,149,7,0,29.36,0.1,0,0,0,38.5,43.5,47.8,0.29,0.37,0.35
GFLD,2019-11-08 23:50:00 EST,43.71680,-75.40925,838,18.9,19.7,9.8,91.1,16.7,0.000,0.004,0.00,0.000,6.4,8.6,1.0,160,9,6.9,9.4,1.1,157,9,6.9,9.4,1.1,157,9,0,29.36,0.1,0,0,0,38.5,43.5,47.8,0.29,0.37,0.35
GFLD,2019-11-08 23:55:00 EST,43.71680,-75.40925,838,18.7,19.5,10.0,91.3,16.6,0.000,0.004,0.00,0.000,5.9,8.3,0.9,150,11,6.4,8.4,0.9,145,10,6.4,8.4,0.9,145,10,0,29.36,0.1,0,0,0,38.5,43.5,47.8,0.29,0.38,0.35
GROT,2019-11-08 00:00:00 EST,42.54855,-76.37534,1287,23.1,23.1,23.1,95.9,22.1,0.000,0.148,0.00,0.000,1.6,2.3,0.3,266,14,1.9,2.6,0.3,276,16,1.9,2.6,0.3,276,16,0,28.71,,0,0,0,41.5,45.1,47.4,0.40,0.32,0.26
GROT,2019-11-08 00:05:00 EST,42.54855,-76.37534,1287,23.4,23.2,23.4,95.8,22.4,0.000,0.000,0.00,0.000,1.3,2.1,0.3,252,17,1.7,2.6,0.4,263,19,1.7,2.6,0.4,263,19,0,28.71,,0,0,0,41.4,45.1,47.5,0.40,0.32,0.26
GROT,2019-11-08 00:10:00 EST,42.54855,-76.37534,1287,23.6,23.5,23.6,95.5,22.5,0.000,0.000,0.00,0.000,1.5,2.1,0.2,261,11,1.9,2.8,0.3,269,13,1.9,2.8,0.3,269,13,0,28.70,,0,0,0,41.4,45.1,47.4,0.40,0.32,0.26
GROT,2019-11-08 00:15:00 EST,42.54855,-76.37534,1287,23.9,24.0,23.9,95.2,22.7,0.000,0.000,0.00,0.000,2.2,3.8,0.6,233,14,2.4,4.7,0.7,241,16,2.4,4.7,0.7,241,16,0,28.70,,0,0,0,41.4,45.0,47.3,0.40,0.32,0.26
GROT,2019-11-08 00:20:00 EST,42.54855,-76.37534,1287,23.3,23.5,23.3,94.8,22.1,0.000,0.000,0.00,0.000,1.2,2.5,0.7,329,33,1.7,3.2,0.6,336,30,1.7,3.2,0.6,336,30,0,28.70,,0,0,0,41.4,45.0,47.3,0.40,0.32,0.26
GROT,2019-11-08 00:25:00 EST,42.54855,-76.37534,1287,23.5,24.1,23.5,94.8,22.2,0.000,0.000,0.00,0.000,1.4,3.1,1.0,248,13,1.7,4.0,1.2,256,13,1.7,4.0,1.2,256,13,0,28.70,,0,0,0,41.4,45.0,47.3,0.40,0.32,0.26
GROT,2019-11-08 00:30:00 EST,42.54855,-76.37534,1287,25.1,25.4,25.1,96.6,24.3,0.000,0.000,0.00,0.000,2.8,4.6,0.7,231,14,3.0,5.2,0.8,238,13,3.0,5.2,0.8,238,13,0,28.69,,0,0,0,41.4,45.0,47.3,0.40,0.32,0.26
GROT,2019-11-08 00:35:00 EST,42.54855,-76.37534,1287,25.4,25.4,25.4,96.2,24.4,0.000,0.000,0.00,0.000,1.7,3.9,0.9,219,43,2.1,4.2,0.8,241,51,2.1,4.2,0.8,241,51,0,28.69,,0,0,0,41.4,45.0,47.3,0.40,0.32,0.26
GROT,2019-11-08 00:40:00 EST,42.54855,-76.37534,1287,23.6,23.9,23.6,93.9,22.1,0.000,0.000,0.00,0.000,2.1,2.6,0.4,342,22,2.6,3.9,0.8,349,20,2.6,3.9,0.8,349,20,0,28.69,,0,0,0,41.3,45.0,47.3,0.40,0.32,0.26
GROT,2019-11-08 00:45:00 EST,42.54855,-76.37534,1287,24.2,24.7,24.2,95.2,23.1,0.000,0.000,0.00,0.000,1.5,2.8,0.7,239,20,1.8,3.8,0.8,247,18,1.8,3.8,0.8,247,18,0,28.69,,0,0,0,41.2,45.0,47.3,0.40,0.32,0.26
GROT,2019-11-08 00:50:00 EST,42.54855,-76.37534,1287,24.5,24.6,24.5,95.8,23.4,0.000,0.000,0.00,0.000,1.4,2.3,0.4,285,29,1.7,2.6,0.4,292,28,1.7,2.6,0.4,292,28,0,28.69,,0,0,0,41.2,45.0,47.3,0.40,0.32,0.26
GROT,2019-11-08 00:55:00 EST,42.54855,-76.37534,1287,24.3,24.8,24.3,95.5,23.1,0.000,0.000,0.00,0.000,1.4,3.4,0.7,221,24,1.7,3.8,0.7,228,21,1.7,3.8,0.7,228,21,0,28.69,,0,0,0,41.2,45.0,47.3,0.40,0.32,0.26
GROT,2019-11-08 01:00:00 EST,42.54855,-76.37534,1287,24.7,25.1,24.7,95.9,23.7,0.000,0.000,0.00,0.000,1.6,3.1,0.6,245,22,1.9,3.6,0.6,256,25,1.9,3.6,0.6,256,25,0,28.69,,0,0,0,41.2,45.0,47.3,0.40,0.32,0.26
GROT,2019-11-08 01:05:00 EST,42.54855,-76.37534,1287,25.6,25.5,20.9,96.7,24.8,0.000,0.000,0.00,0.000,3.4,5.5,0.8,230,20,3.8,6.9,1.1,237,21,3.8,6.9,1.1,237,21,0,28.69,,0,0,0,41.2,45.0,47.3,0.40,0.32,0.26
GROT,2019-11-08 01:10:00 EST,42.54855,-76.37534,1287,25.9,25.6,19.8,96.3,25.0,0.000,0.000,0.00,0.000,4.3,6.1,0.9,250,10,5.1,7.9,1.3,257,9,5.1,7.9,1.3,257,9,0,28.69,,0,0,0,41.2,45.0,47.3,0.40,0.32,0.26
GROT,2019-11-08 01:15:00 EST,42.54855,-76.37534,1287,26.1,25.7,19.0,95.9,25.1,0.005,0.005,0.00,0.005,5.3,6.8,0.7,249,8,6.2,8.8,1.1,256,7,6.2,8.8,1.1,256,7,0,28.69,,0,0,0,41.2,44.9,47.3,0.40,0.32,0.26
GROT,2019-11-08 01:20:00 EST,42.54855,-76.37534,1287,26.2,25.9,19.8,95.7,25.1,0.002,0.007,0.00,0.007,4.8,6.9,0.8,261,10,5.5,8.8,1.1,270,9,5.5,8.8,1.1,270,9,0,28.69,,0,0,0,41.2,44.8,47.3,0.40,0.32,0.26
GROT,2019-11-08 01:25:00 EST,42.54855,-76.37534,1287,26.2,25.9,21.8,95.6,25.1,0.009,0.016,0.00,0.016,3.3,6.1,0.9,309,21,3.7,7.1,1.0,317,22,3.7,7.1,1.0,317,22,0,28.69,,0,0,0,41.2,44.8,47.3,0.40,0.32,0.26
GROT,2019-11-08 01:30:00 EST,42.54855,-76.37534,1287,26.2,25.9,21.1,95.7,25.1,0.011,0.027,0.26,0.027,3.8,7.0,1.0,308,19,4.2,7.6,1.2,317,20,4.2,7.6,1.2,317,20,0,28.69,,0,0,0,41.2,44.8,47.3,0.40,0.32,0.26
GROT,2019-11-08 01:35:00 EST,42.54855,-76.37534,1287,26.5,26.2,19.7,96.1,25.5,0.004,0.031,0.00,0.031,5.5,8.0,1.2,296,18,5.9,9.3,1.3,302,17,5.9,9.3,1.3,302,17,0,28.69,,0,0,0,41.2,44.8,47.3,0.40,0.32,0.26
GROT,2019-11-08 01:40:00 EST,42.54855,-76.37534,1287,26.6,26.4,18.9,95.6,25.6,0.000,0.031,0.00,0.031,6.6,10.8,1.5,298,22,7.3,12.4,1.7,305,21,7.3,12.4,1.7,305,21,0,28.69,,0,0,0,41.2,44.8,47.3,0.40,0.32,0.26
GROT,2019-11-08 01:45:00 EST,42.54855,-76.37534,1287,26.7,26.5,18.5,94.4,25.3,0.000,0.031,0.00,0.031,7.1,10.8,1.7,299,19,7.8,12.6,1.9,305,19,7.8,12.6,1.9,305,19,0,28.69,,0,0,0,41.1,44.8,47.3,0.40,0.32,0.26
GROT,2019-11-08 01:50:00 EST,42.54855,-76.37534,1287,26.8,26.5,18.0,93.0,25.0,0.000,0.031,0.00,0.031,8.2,11.9,1.5,302,12,8.7,12.2,1.5,309,12,8.7,12.2,1.5,309,12,0,28.69,,0,0,0,41.0,44.8,47.3,0.40,0.32,0.26
GROT,2019-11-08 01:55:00 EST,42.54855,-76.37534,1287,26.7,26.4,18.0,92.2,24.7,0.000,0.031,0.00,0.031,8.0,12.9,1.8,305,12,8.5,13.7,1.8,311,12,8.5,13.7,1.8,311,12,0,28.69,,0,0,0,41.0,44.8,47.3,0.40,0.32,0.26
GROT,2019-11-08 02:00:00 EST,42.54855,-76.37534,1287,26.5,26.3,20.6,92.6,24.7,0.000,0.031,0.00,0.031,4.4,6.6,1.0,316,17,5.0,7.5,1.2,323,17,5.0,7.5,1.2,323,17,0,28.69,,0,0,0,41.0,44.8,47.3,0.40,0.32,0.26
GROT,2019-11-08 02:05:00 EST,42.54855,-76.37534,1287,26.5,26.3,19.2,93.1,24.8,0.000,0.031,0.00,0.031,6.2,9.1,1.2,305,12,6.6,9.9,1.3,312,12,6.6,9.9,1.3,312,12,0,28.69,,0,0,0,41.0,44.8,47.3,0.40,0.32,0.26
GROT,2019-11-08 02:10:00 EST,42.54855,-76.37534,1287,26.6,26.3,18.4,93.0,24.8,0.000,0.031,0.00,0.031,7.1,11.3,1.9,311,11,7.7,12.2,1.8,318,10,7.7,12.2,1.8,318,10,0,28.69,,0,0,0,41.0,44.8,47.3,0.40,0.32,0.26
GROT,2019-11-08 02:15:00 EST,42.54855,-76.37534,1287,26.5,26.2,19.0,93.5,24.9,0.000,0.031,0.00,0.026,6.3,12.3,2.6,312,13,6.8,13.7,2.7,319,12,6.8,13.7,2.7,319,12,0,28.69,,0,0,0,41.0,44.8,47.3,0.40,0.32,0.26
GROT,2019-11-08 02:20:00 EST,42.54855,-76.37534,1287,26.6,26.3,19.2,93.5,24.9,0.003,0.033,0.00,0.026,6.2,8.3,1.1,306,9,6.7,8.7,1.1,312,9,6.7,8.7,1.1,312,9,0,28.69,,0,0,0,41.0,44.8,47.3,0.40,0.32,0.26
GROT,2019-11-08 02:25:00 EST,42.54855,-76.37534,1287,26.5,26.2,18.2,93.8,25.0,0.000,0.033,0.00,0.017,7.5,12.9,2.6,318,14,8.1,13.4,2.6,325,14,8.1,13.4,2.6,325,14,0,28.69,,0,0,0,41.0,44.8,47.3,0.40,0.32,0.26
GROT,2019-11-08 02:30:00 EST,42.54855,-76.37534,1287,26.5,26.2,18.7,93.9,25.0,0.002,0.035,0.00,0.008,6.8,10.0,1.5,315,14,7.3,11.2,1.5,323,13,7.3,11.2,1.5,323,13,0,28.69,,0,0,0,41.0,44.8,47.3,0.40,0.32,0.26
GROT,2019-11-08 02:35:00 EST,42.54855,-76.37534,1287,26.5,26.2,18.0,94.2,25.1,0.002,0.037,0.00,0.007,7.6,11.3,1.6,319,13,8.2,12.6,1.6,326,14,8.2,12.6,1.6,326,14,0,28.69,,0,0,0,41.0,44.8,47.3,0.40,0.32,0.26
GROT,2019-11-08 02:40:00 EST,42.54855,-76.37534,1287,26.5,26.2,17.5,94.5,25.2,0.002,0.039,0.00,0.009,8.6,11.6,1.5,314,11,9.1,12.6,1.5,320,11,9.1,12.6,1.5,320,11,0,28.69,,0,0,0,41.0,44.8,47.3,0.40,0.32,0.26
GROT,2019-11-08 02:45:00 EST,42.54855,-76.37534,1287,26.6,26.2,18.1,94.8,25.3,0.002,0.041,0.00,0.011,7.4,12.6,2.4,312,14,8.2,14.1,2.4,318,14,8.2,14.1,2.4,318,14,0,28.69,,0,0,0,41.0,44.7,47.3,0.40,0.32,0.26
GROT,2019-11-08 02:50:00 EST,42.54855,-76.37534,1287,26.6,26.3,18.3,94.8,25.3,0.002,0.044,0.00,0.013,7.5,12.1,1.5,306,12,8.0,12.2,1.5,313,11,8.0,12.2,1.5,313,11,0,28.69,,0,0,0,41.0,44.7,47.3,0.40,0.32,0.26
GROT,2019-11-08 02:55:00 EST,42.54855,-76.37534,1287,26.7,26.4,19.0,95.0,25.4,0.000,0.044,0.00,0.013,6.6,11.3,1.4,313,13,7.2,11.3,1.5,319,12,7.2,11.3,1.5,319,12,0,28.69,,0,0,0,41.0,44.6,47.3,0.40,0.32,0.26
GROT,2019-11-08 03:00:00 EST,42.54855,-76.37534,1287,26.7,26.4,17.4,94.8,25.5,0.000,0.044,0.00,0.013,9.0,13.7,2.2,298,12,9.6,14.6,2.3,302,11,9.6,14.6,2.3,302,11,0,28.69,,0,0,0,41.0,44.6,47.3,0.40,0.32,0.26
GROT,2019-11-08 03:05:00 EST,42.54855,-76.37534,1287,26.8,26.4,17.0,94.2,25.3,0.002,0.046,0.00,0.015,9.7,15.0,2.0,303,11,10.4,15.1,2.0,309,11,10.4,15.1,2.0,309,11,0,28.69,,0,0,0,41.0,44.6,47.3,0.40,0.32,0.26
GROT,2019-11-08 03:10:00 EST,42.54855,-76.37534,1287,26.5,26.2,16.4,93.4,24.9,0.004,0.050,0.00,0.019,10.6,16.1,1.7,303,10,11.0,16.8,1.9,310,10,11.0,16.8,1.9,310,10,0,28.69,,0,0,0,41.0,44.6,47.3,0.40,0.32,0.25
GROT,2019-11-08 03:15:00 EST,42.54855,-76.37534,1287,26.4,26.0,17.5,93.7,24.8,0.000,0.050,0.00,0.019,8.2,14.0,2.0,305,12,8.8,14.4,2.1,310,12,8.8,14.4,2.1,310,12,0,28.69,,0,0,0,41.0,44.6,47.3,0.40,0.32,0.26
GROT,2019-11-08 03:20:00 EST,42.54855,-76.37534,1287,26.3,26.1,16.5,93.1,24.6,0.000,0.050,0.00,0.016,9.8,13.9,2.0,307,11,10.3,14.7,1.9,313,11,10.3,14.7,1.9,313,11,0,28.69,,0,0,0,40.9,44.6,47.3,0.40,0.32,0.26
GROT,2019-11-08 03:25:00 EST,42.54855,-76.37534,1287,26.1,26.0,16.9,92.7,24.3,0.000,0.050,0.00,0.016,8.7,12.8,1.8,308,12,9.3,14.2,1.9,314,11,9.3,14.2,1.9,314,11,0,28.69,,0,0,0,40.8,44.6,47.3,0.40,0.32,0.26
GROT,2019-11-08 03:30:00 EST,42.54855,-76.37534,1287,26.1,26.0,16.9,92.8,24.3,0.000,0.050,0.00,0.015,8.7,12.1,1.9,301,12,9.1,13.0,2.0,307,11,9.1,13.0,2.0,307,11,0,28.69,,0,0,0,40.8,44.6,47.3,0.40,0.32,0.26
GROT,2019-11-08 03:35:00 EST,42.54855,-76.37534,1287,25.9,25.8,17.6,92.8,24.2,0.000,0.050,0.00,0.012,7.2,11.7,1.5,302,13,7.9,12.5,1.7,307,11,7.9,12.5,1.7,307,11,0,28.69,,0,0,0,40.8,44.6,47.3,0.40,0.32,0.26
GROT,2019-11-08 03:40:00 EST,42.54855,-76.37534,1287,25.9,25.7,16.3,92.7,24.1,0.000,0.050,0.00,0.010,9.3,14.2,1.9,305,12,9.8,14.0,1.9,310,12,9.8,14.0,1.9,310,12,0,28.69,,0,0,0,40.8,44.6,47.3,0.40,0.32,0.26
GROT,2019-11-08 03:45:00 EST,42.54855,-76.37534,1287,25.8,25.7,16.6,92.4,23.9,0.000,0.050,0.00,0.008,8.6,14.8,2.1,301,13,9.1,15.4,2.1,307,11,9.1,15.4,2.1,307,11,0,28.69,,0,0,0,40.8,44.6,47.2,0.40,0.32,0.26
GROT,2019-11-08 03:50:00 EST,42.54855,-76.37534,1287,25.8,25.7,15.8,92.6,24.0,0.000,0.050,0.00,0.006,10.0,14.2,1.7,295,10,10.6,14.2,1.7,301,10,10.6,14.2,1.7,301,10,0,28.69,,0,0,0,40.8,44.6,47.2,0.40,0.32,0.26
GROT,2019-11-08 03:55:00 EST,42.54855,-76.37534,1287,25.9,25.8,15.2,92.7,24.1,0.000,0.050,0.00,0.006,11.4,18.0,2.4,296,11,12.0,18.4,2.5,302,11,12.0,18.4,2.5,302,11,0,28.69,,0,0,0,40.8,44.6,47.2,0.40,0.32,0.26
GROT,2019-11-08 04:00:00 EST,42.54855,-76.37534,1287,25.9,25.7,15.3,92.8,24.1,0.000,0.050,0.00,0.006,10.8,15.9,2.0,300,13,11.5,16.7,2.1,306,11,11.5,16.7,2.1,306,11,0,28.70,,0,0,0,40.8,44.6,47.2,0.40,0.32,0.25
GROT,2019-11-08 04:05:00 EST,42.54855,-76.37534,1287,25.8,25.7,15.3,92.5,24.0,0.000,0.050,0.00,0.004,11.1,14.2,1.4,298,10,11.5,15.2,1.5,305,8,11.5,15.2,1.5,305,8,0,28.70,,0,0,0,40.8,44.5,47.1,0.40,0.32,0.25
GROT,2019-11-08 04:10:00 EST,42.54855,-76.37534,1287,26.0,25.8,15.8,92.4,24.1,0.000,0.050,0.00,0.000,10.6,17.8,2.8,303,11,11.0,19.1,2.7,310,10,11.0,19.1,2.7,310,10,0,28.70,,0,0,0,40.8,44.6,47.1,0.40,0.32,0.25
GROT,2019-11-08 04:15:00 EST,42.54855,-76.37534,1287,26.1,25.8,15.8,91.9,24.0,0.000,0.050,0.00,0.000,10.5,17.5,2.9,306,14,11.0,18.8,2.8,311,12,11.0,18.8,2.8,311,12,0,28.70,,0,0,0,40.7,44.5,47.1,0.40,0.32,0.25
GROT,2019-11-08 04:20:00 EST,42.54855,-76.37534,1287,26.0,25.8,15.4,90.6,23.6,0.000,0.050,0.00,0.000,11.1,15.5,1.9,310,11,11.6,17.4,2.0,315,12,11.6,17.4,2.0,315,12,0,28.70,,0,0,0,40.6,44.4,47.1,0.40,0.32,0.25
GROT,2019-11-08 04:25:00 EST,42.54855,-76.37534,1287,26.0,25.8,15.7,90.3,23.5,0.000,0.050,0.00,0.000,10.5,15.3,2.6,312,13,11.1,16.1,2.5,318,12,11.1,16.1,2.5,318,12,0,28.70,,0,0,0,40.6,44.4,47.1,0.40,0.32,0.25
GROT,2019-11-08 04:30:00 EST,42.54855,-76.37534,1287,26.1,25.8,14.7,90.0,23.5,0.000,0.050,0.00,0.000,13.1,19.4,2.6,310,12,13.2,20.0,2.6,316,12,13.2,20.0,2.6,316,12,0,28.70,,0,0,0,40.6,44.4,47.1,0.40,0.32,0.25
GROT,2019-11-08 04:35:00 EST,42.54855,-76.37534,1287,25.9,25.7,14.6,89.2,23.1,0.000,0.050,0.00,0.000,12.4,19.9,2.9,311,14,13.0,20.9,3.0,315,13,13.0,20.9,3.0,315,13,0,28.70,,0,0,0,40.6,44.4,47.1,0.40,0.32,0.25
GROT,2019-11-08 04:40:00 EST,42.54855,-76.37534,1287,25.7,25.5,14.0,89.4,23.0,0.000,0.050,0.00,0.000,13.5,20.2,3.0,313,14,13.9,22.4,3.1,320,13,13.9,22.4,3.1,320,13,0,28.71,,0,0,0,40.6,44.4,47.1,0.40,0.32,0.25
GROT,2019-11-08 04:45:00 EST,42.54855,-76.37534,1287,25.6,25.4,14.3,88.9,22.8,0.000,0.050,0.00,0.000,12.4,20.4,2.9,309,11,12.9,22.6,3.0,315,10,12.9,22.6,3.0,315,10,0,28.71,,0,0,0,40.6,44.4,47.1,0.40,0.32,0.26
GROT,2019-11-08 04:50:00 EST,42.54855,-76.37534,1287,25.3,25.2,14.1,89.5,22.7,0.000,0.050,0.00,0.000,12.1,16.1,2.0,305,12,12.6,16.5,2.1,311,12,12.6,16.5,2.1,311,12,0,28.71,,0,0,0,40.6,44.4,47.1,0.40,0.32,0.25
GROT,2019-11-08 04:55:00 EST,42.54855,-76.37534,1287,25.1,25.0,13.5,90.0,22.6,0.000,0.050,0.00,0.000,12.9,17.8,2.2,302,13,13.3,17.8,2.3,308,12,13.3,17.8,2.3,308,12,0,28.71,,0,0,0,40.6,44.4,47.1,0.40,0.32,0.25
GROT,2019-11-08 05:00:00 EST,42.54855,-76.37534,1287,25.0,24.9,13.7,90.2,22.6,0.000,0.050,0.00,0.000,12.2,17.8,2.1,307,13,12.7,18.4,2.1,313,13,12.7,18.4,2.1,313,13,0,28.71,,0,0,0,40.6,44.4,47.1,0.40,0.32,0.25
GROT,2019-11-08 05:05:00 EST,42.54855,-76.37534,1287,25.2,25.0,13.8,90.2,22.7,0.000,0.050,0.00,0.000,12.2,19.5,2.7,309,12,12.8,19.6,2.5,315,12,12.8,19.6,2.5,315,12,0,28.72,,0,0,0,40.5,44.4,47.1,0.40,0.32,0.25
GROT,2019-11-08 05:10:00 EST,42.54855,-76.37534,1287,25.3,25.1,15.2,89.6,22.7,0.000,0.050,0.00,0.000,10.0,15.3,2.0,305,11,10.5,15.7,2.1,311,9,10.5,15.7,2.1,311,9,0,28.72,,0,0,0,40.5,44.4,47.1,0.40,0.32,0.25
GROT,2019-11-08 05:15:00 EST,42.54855,-76.37534,1287,25.3,25.0,15.7,90.4,22.9,0.000,0.050,0.00,0.000,9.1,13.8,1.6,304,12,9.6,14.0,1.6,311,12,9.6,14.0,1.6,311,12,0,28.72,,0,0,0,40.5,44.4,47.1,0.40,0.32,0.25
GROT,2019-11-08 05:20:00 EST,42.54855,-76.37534,1287,25.3,25.1,14.8,90.1,22.8,0.000,0.050,0.00,0.000,10.5,15.5,2.0,309,14,11.0,15.7,2.0,315,12,11.0,15.7,2.0,315,12,0,28.72,,0,0,0,40.5,44.4,47.1,0.40,0.32,0.25
GROT,2019-11-08 05:25:00 EST,42.54855,-76.37534,1287,25.3,25.0,14.8,90.1,22.8,0.000,0.050,0.00,0.000,10.5,14.9,2.0,314,10,11.1,16.0,1.9,319,10,11.1,16.0,1.9,319,10,0,28.72,,0,0,0,40.5,44.4,47.1,0.40,0.32,0.25
GROT,2019-11-08 05:30:00 EST,42.54855,-76.37534,1287,25.1,24.9,15.3,89.0,22.3,0.000,0.050,0.00,0.000,9.2,14.8,2.0,319,15,9.8,15.4,2.0,325,12,9.8,15.4,2.0,325,12,0,28.72,,0,0,0,40.5,44.4,47.1,0.40,0.32,0.25
GROT,2019-11-08 05:35:00 EST,42.54855,-76.37534,1287,24.9,24.8,14.5,86.1,21.3,0.000,0.050,0.00,0.000,10.4,17.4,1.8,323,9,10.8,17.5,1.9,328,10,10.8,17.5,1.9,328,10,0,28.72,,0,0,0,40.5,44.4,47.1,0.40,0.32,0.25
GROT,2019-11-08 05:40:00 EST,42.54855,-76.37534,1287,24.6,24.6,15.0,87.9,21.5,0.000,0.050,0.00,0.000,8.9,15.3,2.2,308,10,9.3,16.7,2.1,314,10,9.3,16.7,2.1,314,10,0,28.73,,0,0,0,40.4,44.3,47.1,0.40,0.32,0.25
GROT,2019-11-08 05:45:00 EST,42.54855,-76.37534,1287,24.5,24.5,14.1,88.0,21.5,0.000,0.050,0.00,0.000,10.0,15.4,1.8,309,13,10.5,15.6,1.9,315,12,10.5,15.6,1.9,315,12,0,28.73,,0,0,0,40.4,44.1,47.1,0.40,0.32,0.25
GROT,2019-11-08 05:50:00 EST,42.54855,-76.37534,1287,24.5,24.4,13.8,88.8,21.7,0.000,0.050,0.00,0.000,10.6,16.5,2.2,312,11,11.1,16.8,2.2,317,11,11.1,16.8,2.2,317,11,0,28.73,,0,0,0,40.3,44.1,47.1,0.40,0.32,0.25
GROT,2019-11-08 05:55:00 EST,42.54855,-76.37534,1287,24.5,24.4,13.5,88.3,21.6,0.000,0.050,0.00,0.000,11.4,16.1,2.3,315,12,11.8,17.6,2.3,320,11,11.8,17.6,2.3,320,11,0,28.74,,0,0,0,40.3,44.1,47.1,0.40,0.32,0.25
GROT,2019-11-08 06:00:00 EST,42.54855,-76.37534,1287,24.5,24.3,13.4,88.9,21.7,0.000,0.050,0.00,0.000,11.5,21.0,3.9,315,11,12.0,21.5,3.7,321,10,12.0,21.5,3.7,321,10,0,28.74,,0,0,0,40.3,44.1,47.1,0.40,0.32,0.25
GROT,2019-11-08 06:05:00 EST,42.54855,-76.37534,1287,24.5,24.3,13.8,88.5,21.6,0.000,0.050,0.00,0.000,10.5,15.6,1.8,317,13,11.2,15.1,1.9,324,13,11.2,15.1,1.9,324,13,0,28.74,,0,0,0,40.3,44.1,47.1,0.40,0.32,0.25
GROT,2019-11-08 06:10:00 EST,42.54855,-76.37534,1287,24.4,24.2,13.4,88.2,21.4,0.000,0.050,0.00,0.000,11.2,16.5,2.1,316,10,11.7,16.7,2.0,321,10,11.7,16.7,2.0,321,10,0,28.74,,0,0,0,40.3,44.1,47.1,0.40,0.32,0.25
GROT,2019-11-08 06:15:00 EST,42.54855,-76.37534,1287,24.4,24.1,14.5,88.1,21.3,0.000,0.050,0.00,0.000,9.2,12.3,1.5,314,14,9.6,12.6,1.5,320,14,9.6,12.6,1.5,320,14,0,28.75,,0,0,0,40.3,44.1,47.1,0.40,0.32,0.25
GROT,2019-11-08 06:20:00 EST,42.54855,-76.37534,1287,24.3,24.0,13.6,87.5,21.1,0.000,0.050,0.00,0.000,10.7,15.3,2.6,313,13,11.0,15.9,2.6,318,13,11.0,15.9,2.6,318,13,0,28.75,,0,0,0,40.3,44.1,47.1,0.40,0.32,0.25
GROT,2019-11-08 06:25:00 EST,42.54855,-76.37534,1287,24.1,23.9,13.4,88.2,21.1,0.000,0.050,0.00,0.000,10.5,16.4,2.7,301,11,11.0,16.0,2.6,307,9,11.0,16.0,2.6,307,9,0,28.75,,0,0,0,40.3,44.1,47.1,0.40,0.32,0.25
GROT,2019-11-08 06:30:00 EST,42.54855,-76.37534,1287,23.9,23.7,13.2,86.9,20.6,0.000,0.050,0.00,0.000,10.4,17.3,2.1,315,16,10.9,17.4,2.2,320,16,10.9,17.4,2.2,320,16,0,28.75,,0,0,0,40.3,44.1,47.1,0.40,0.32,0.25
GROT,2019-11-08 06:35:00 EST,42.54855,-76.37534,1287,23.7,23.6,13.1,87.2,20.5,0.000,0.050,0.00,0.000,10.1,13.0,1.3,306,13,10.7,15.0,1.5,311,12,10.7,15.0,1.5,311,12,1,28.76,,0,0,0,40.2,44.1,47.1,0.40,0.32,0.25
GROT,2019-11-08 06:40:00 EST,42.54855,-76.37534,1287,23.6,23.5,11.8,86.7,20.2,0.000,0.050,0.00,0.000,12.2,19.4,2.6,304,13,12.8,19.9,2.6,311,13,12.8,19.9,2.6,311,13,1,28.76,,0,0,0,40.2,44.1,47.1,0.40,0.32,0.25
GROT,2019-11-08 06:45:00 EST,42.54855,-76.37534,1287,23.6,23.4,12.3,86.3,20.1,0.000,0.050,0.00,0.000,11.3,17.2,2.2,304,11,11.9,17.7,2.1,308,11,11.9,17.7,2.1,308,11,3,28.76,,0,0,0,40.1,44.1,47.1,0.40,0.32,0.25
GROT,2019-11-08 06:50:00 EST,42.54855,-76.37534,1287,23.5,23.3,12.1,87.3,20.3,0.000,0.050,0.00,0.000,11.7,19.7,3.5,312,12,12.0,20.3,3.4,317,11,12.0,20.3,3.4,317,11,6,28.76,,0,0,0,40.1,44.1,47.1,0.40,0.32,0.25
GROT,2019-11-08 06:55:00 EST,42.54855,-76.37534,1287,23.6,23.3,12.2,87.2,20.3,0.000,0.050,0.00,0.000,11.5,17.2,2.0,315,13,11.8,16.7,2.0,320,13,11.8,16.7,2.0,320,13,8,28.76,,0,0,0,40.1,44.1,47.1,0.40,0.32,0.25
GROT,2019-11-08 07:00:00 EST,42.54855,-76.37534,1287,23.6,23.3,12.4,87.9,20.5,0.000,0.050,0.00,0.000,11.2,15.9,2.3,313,11,11.5,16.3,2.4,319,11,11.5,16.3,2.4,319,11,11,28.76,,0,0,0,40.1,44.1,47.1,0.40,0.32,0.25
GROT,2019-11-08 07:05:00 EST,42.54855,-76.37534,1287,23.6,23.3,11.6,88.3,20.7,0.000,0.050,0.00,0.000,13.0,17.7,2.0,313,12,13.3,17.9,2.2,318,11,13.3,17.9,2.2,318,11,15,28.76,,0,0,0,40.1,44.1,47.1,0.40,0.32,0.25
GROT,2019-11-08 07:10:00 EST,42.54855,-76.37534,1287,23.6,23.3,12.9,89.0,20.9,0.000,0.050,0.00,0.000,10.3,16.5,1.9,317,13,10.7,17.2,2.0,324,13,10.7,17.2,2.0,324,13,12,28.77,,0,0,0,40.1,44.0,47.1,0.40,0.32,0.25
GROT,2019-11-08 07:15:00 EST,42.54855,-76.37534,1287,23.6,23.2,13.0,90.2,21.1,0.000,0.050,0.00,0.000,10.1,15.7,2.1,311,10,10.6,16.3,2.2,317,9,10.6,16.3,2.2,317,9,14,28.77,,0,0,0,40.1,43.9,47.1,0.40,0.32,0.25
GROT,2019-11-08 07:20:00 EST,42.54855,-76.37534,1287,23.6,23.2,12.0,90.1,21.1,0.003,0.052,0.00,0.003,12.0,18.0,2.7,314,13,12.5,18.9,2.6,320,12,12.5,18.9,2.6,320,12,15,28.77,,0,0,0,40.1,43.9,47.1,0.40,0.32,0.25
GROT,2019-11-08 07:25:00 EST,42.54855,-76.37534,1287,23.6,23.3,12.2,89.5,21.0,0.000,0.052,0.00,0.003,11.8,18.0,2.3,320,15,12.2,19.4,2.5,327,14,12.2,19.4,2.5,327,14,21,28.78,,0,0,0,40.0,43.9,47.1,0.40,0.32,0.25
GROT,2019-11-08 07:30:00 EST,42.54855,-76.37534,1287,23.7,23.4,10.7,86.8,20.3,0.000,0.052,0.00,0.003,15.0,22.4,3.7,315,12,15.7,23.3,3.6,321,13,15.7,23.3,3.6,321,13,36,28.78,,0,0,0,40.0,43.9,47.1,0.40,0.32,0.25
GROT,2019-11-08 07:35:00 EST,42.54855,-76.37534,1287,23.7,23.3,12.3,86.8,20.3,0.000,0.052,0.00,0.003,11.3,19.7,3.2,316,16,12.0,20.5,3.2,323,16,12.0,20.5,3.2,323,16,39,28.78,,0,0,0,39.9,43.9,47.1,0.40,0.32,0.25
GROT,2019-11-08 07:40:00 EST,42.54855,-76.37534,1287,23.7,23.3,11.3,85.5,19.9,0.000,0.052,0.00,0.003,13.7,20.7,2.6,315,13,14.1,21.0,2.5,321,13,14.1,21.0,2.5,321,13,47,28.78,,0,0,0,39.9,43.9,47.1,0.40,0.32,0.25
GROT,2019-11-08 07:45:00 EST,42.54855,-76.37534,1287,23.6,23.3,12.1,86.2,20.1,0.000,0.052,0.00,0.003,11.7,17.2,2.5,321,15,12.4,17.9,2.5,326,15,12.4,17.9,2.5,326,15,58,28.79,,0,0,0,39.9,43.9,47.1,0.40,0.32,0.25
GROT,2019-11-08 07:50:00 EST,42.54855,-76.37534,1287,23.7,23.3,12.6,86.1,20.1,0.000,0.052,0.00,0.003,10.5,17.9,2.7,322,14,11.4,19.4,2.6,329,14,11.4,19.4,2.6,329,14,81,28.79,,0,0,0,39.9,43.9,47.1,0.40,0.32,0.25
GROT,2019-11-08 07:55:00 EST,42.54855,-76.37534,1287,23.7,23.3,12.2,86.1,20.2,0.000,0.052,0.00,0.003,12.0,19.7,2.0,314,10,12.3,19.6,2.1,321,10,12.3,19.6,2.1,321,10,78,28.79,,0,0,0,39.9,43.9,47.1,0.40,0.32,0.25
GROT,2019-11-08 08:00:00 EST,42.54855,-76.37534,1287,23.7,23.3,12.1,86.2,20.2,0.000,0.052,0.00,0.003,12.3,16.8,1.8,316,9,12.7,17.0,1.9,323,9,12.7,17.0,1.9,323,9,75,28.79,,0,0,0,39.9,43.9,47.0,0.40,0.32,0.25
GROT,2019-11-08 08:05:00 EST,42.54855,-76.37534,1287,23.8,23.4,13.5,87.7,20.7,0.000,0.052,0.00,0.003,9.5,16.1,2.0,316,21,10.0,17.2,2.0,323,21,10.0,17.2,2.0,323,21,79,28.79,,0,0,0,39.9,43.9,47.0,0.40,0.32,0.25
GROT,2019-11-08 08:10:00 EST,42.54855,-76.37534,1287,23.8,23.4,13.0,87.2,20.6,0.000,0.052,0.00,0.003,10.5,16.9,2.9,309,12,11.0,17.2,3.0,315,12,11.0,17.2,3.0,315,12,84,28.80,,0,0,0,39.9,43.9,46.9,0.40,0.32,0.25
GROT,2019-11-08 08:15:00 EST,42.54855,-76.37534,1287,23.7,23.3,11.3,86.3,20.2,0.000,0.052,0.00,0.003,13.6,18.5,2.3,319,14,14.2,19.3,2.4,326,13,14.2,19.3,2.4,326,13,97,28.80,,0,0,0,39.9,43.9,46.9,0.40,0.32,0.25
GROT,2019-11-08 08:20:00 EST,42.54855,-76.37534,1287,23.7,23.3,11.1,85.6,20.0,0.000,0.052,0.00,0.000,14.0,22.7,2.7,318,18,14.6,24.5,2.9,323,17,14.6,24.5,2.9,323,17,125,28.80,,0,0,0,39.9,43.9,46.9,0.40,0.32,0.25
GROT,2019-11-08 08:25:00 EST,42.54855,-76.37534,1287,23.7,23.2,11.6,85.4,19.9,0.000,0.052,0.00,0.000,12.7,19.3,2.7,318,13,13.3,20.4,2.7,323,13,13.3,20.4,2.7,323,13,147,28.80,,0,0,0,39.9,43.9,46.9,0.40,0.32,0.25
GROT,2019-11-08 08:30:00 EST,42.54855,-76.37534,1287,23.6,23.1,11.5,86.8,20.2,0.002,0.054,0.00,0.002,12.7,21.9,3.6,316,12,13.3,22.8,3.6,322,13,13.3,22.8,3.6,322,13,122,28.80,,0,0,0,39.8,43.9,46.9,0.40,0.32,0.25
GROT,2019-11-08 08:35:00 EST,42.54855,-76.37534,1287,23.5,23.0,12.1,88.1,20.5,0.000,0.054,0.00,0.002,11.0,16.1,2.4,322,14,11.9,17.1,2.4,330,14,11.9,17.1,2.4,330,14,148,28.80,,0,0,0,39.7,43.9,46.9,0.40,0.32,0.25
GROT,2019-11-08 08:40:00 EST,42.54855,-76.37534,1287,23.5,23.0,12.2,87.3,20.3,0.000,0.054,0.00,0.002,11.0,17.5,2.7,324,11,11.7,19.4,2.9,330,13,11.7,19.4,2.9,330,13,184,28.80,,0,0,0,39.7,43.9,46.9,0.40,0.32,0.25
GROT,2019-11-08 08:45:00 EST,42.54855,-76.37534,1287,23.4,23.0,10.5,85.5,19.7,0.000,0.054,0.00,0.002,14.6,22.9,3.0,322,13,15.1,25.7,3.2,328,13,15.1,25.7,3.2,328,13,166,28.81,,0,0,0,39.7,43.8,46.9,0.40,0.32,0.25
GROT,2019-11-08 08:50:00 EST,42.54855,-76.37534,1287,23.4,22.9,11.4,84.5,19.4,0.000,0.054,0.00,0.002,12.4,18.0,2.4,314,13,13.0,18.2,2.5,320,13,13.0,18.2,2.5,320,13,178,28.81,,0,0,0,39.7,43.8,46.9,0.40,0.32,0.25
GROT,2019-11-08 08:55:00 EST,42.54855,-76.37534,1287,23.4,22.9,10.9,84.3,19.3,0.000,0.054,0.00,0.002,13.4,21.3,3.7,324,12,14.1,22.8,3.7,332,12,14.1,22.8,3.7,332,12,226,28.81,,0,0,0,39.7,43.8,46.9,0.40,0.32,0.25
GROT,2019-11-08 09:00:00 EST,42.54855,-76.37534,1287,23.4,23.0,11.4,82.8,19.0,0.000,0.054,0.00,0.002,12.6,18.5,2.4,335,12,13.3,19.7,2.5,344,10,13.3,19.7,2.5,344,10,276,28.81,0.7,0,0,0,39.7,43.7,46.9,0.40,0.32,0.25
GROT,2019-11-08 09:05:00 EST,42.54855,-76.37534,1287,23.7,23.3,11.1,81.9,19.0,0.000,0.054,0.00,0.002,13.7,23.1,3.3,333,15,14.7,23.7,3.6,339,15,14.7,23.7,3.6,339,15,359,28.81,0.7,0,0,0,39.7,43.7,46.9,0.40,0.32,0.25
GROT,2019-11-08 09:10:00 EST,42.54855,-76.37534,1287,23.9,23.4,11.9,81.7,19.1,0.000,0.054,0.00,0.002,12.6,18.2,3.1,333,17,13.6,21.5,3.2,341,16,13.6,21.5,3.2,341,16,309,28.81,0.7,0,0,0,39.7,43.7,46.9,0.40,0.32,0.25
GROT,2019-11-08 09:15:00 EST,42.54855,-76.37534,1287,23.7,23.2,10.7,80.0,18.4,0.000,0.054,0.00,0.002,15.0,23.7,4.1,312,14,15.6,24.6,4.1,318,14,15.6,24.6,4.1,318,14,201,28.81,0.7,0,0,0,39.7,43.7,46.9,0.40,0.32,0.25
GROT,2019-11-08 09:20:00 EST,42.54855,-76.37534,1287,23.4,23.0,11.2,80.4,18.2,0.000,0.054,0.00,0.002,12.9,19.5,2.6,316,20,13.6,19.8,2.6,322,20,13.6,19.8,2.6,322,20,159,28.82,0.6,0,0,0,39.6,43.7,46.9,0.40,0.32,0.25
GROT,2019-11-08 09:25:00 EST,42.54855,-76.37534,1287,23.6,23.1,10.7,80.0,18.4,0.000,0.054,0.00,0.002,14.6,21.2,2.8,310,13,15.3,21.2,2.8,315,13,15.3,21.2,2.8,315,13,369,28.82,0.5,0,0,0,39.6,43.7,46.9,0.40,0.32,0.25
GROT,2019-11-08 09:30:00 EST,42.54855,-76.37534,1287,24.0,23.3,11.7,78.8,18.3,0.000,0.054,0.00,0.000,13.2,19.4,2.4,320,15,13.9,19.8,2.6,326,15,13.9,19.8,2.6,326,15,463,28.82,0.6,0,0,0,39.6,43.7,46.9,0.40,0.32,0.25
GROT,2019-11-08 09:35:00 EST,42.54855,-76.37534,1287,24.0,23.4,13.5,80.3,18.9,0.000,0.054,0.00,0.000,10.0,14.7,1.9,309,12,10.5,15.2,1.9,314,11,10.5,15.2,1.9,314,11,256,28.82,0.6,0,0,0,39.6,43.7,46.9,0.40,0.32,0.25
GROT,2019-11-08 09:40:00 EST,42.54855,-76.37534,1287,24.2,23.6,14.0,80.2,18.9,0.000,0.054,0.00,0.000,9.3,16.7,3.1,311,24,10.0,18.2,3.2,318,24,10.0,18.2,3.2,318,24,321,28.82,0.6,0,0,0,39.6,43.7,46.9,0.40,0.32,0.25
GROT,2019-11-08 09:45:00 EST,42.54855,-76.37534,1287,23.9,23.3,12.1,80.1,18.6,0.000,0.054,0.00,0.000,12.2,20.3,3.2,327,14,12.9,22.2,3.3,335,13,12.9,22.2,3.3,335,13,158,28.82,,0,0,0,39.6,43.7,46.9,0.40,0.32,0.25
GROT,2019-11-08 09:50:00 EST,42.54855,-76.37534,1287,23.0,22.5,10.7,81.7,18.2,0.000,0.054,0.00,0.000,12.8,20.3,2.6,321,14,13.5,20.4,2.6,329,15,13.5,20.4,2.6,329,15,134,28.83,-0.8,0,0,0,39.6,43.7,46.9,0.40,0.32,0.25
GROT,2019-11-08 09:55:00 EST,42.54855,-76.37534,1287,22.2,21.7,10.6,81.8,17.5,0.000,0.054,0.00,0.000,11.1,15.9,2.0,314,11,11.9,17.2,2.0,320,10,11.9,17.2,2.0,320,10,129,28.83,0.6,0,0,0,39.6,43.7,46.9,0.40,0.32,0.25
GROT,2019-11-08 10:00:00 EST,42.54855,-76.37534,1287,22.1,21.6,10.7,82.6,17.6,0.000,0.054,0.00,0.000,10.7,16.0,2.6,317,10,11.3,16.5,2.5,324,11,11.3,16.5,2.5,324,11,141,28.83,0.5,0,0,0,39.6,43.7,46.9,0.40,0.32,0.25
GROT,2019-11-08 10:05:00 EST,42.54855,-76.37534,1287,22.5,22.0,11.4,81.2,17.6,0.000,0.054,0.00,0.000,10.4,14.3,2.0,310,14,10.9,15.4,1.9,316,14,10.9,15.4,1.9,316,14,217,28.83,0.6,0,0,0,39.6,43.7,46.9,0.40,0.32,0.25
GROT,2019-11-08 10:10:00 EST,42.54855,-76.37534,1287,23.0,22.6,12.0,79.9,17.7,0.000,0.054,0.00,0.000,10.4,15.2,2.0,311,12,11.0,16.9,2.1,317,11,11.0,16.9,2.1,317,11,319,28.83,0.6,0,0,0,39.6,43.6,46.9,0.40,0.32,0.25
GROT,2019-11-08 10:15:00 EST,42.54855,-76.37534,1287,23.8,23.2,13.9,80.1,18.5,0.000,0.054,0.00,0.000,8.8,13.8,1.9,319,14,9.4,14.1,2.0,327,12,9.4,14.1,2.0,327,12,423,28.83,0.7,0,0,0,39.6,43.6,46.9,0.40,0.32,0.25
GROT,2019-11-08 10:20:00 EST,42.54855,-76.37534,1287,24.0,23.5,11.7,76.4,17.7,0.000,0.054,0.00,0.000,13.8,19.5,2.1,314,13,14.2,21.8,2.3,319,12,14.2,21.8,2.3,319,12,410,28.83,0.6,0,0,0,39.6,43.5,46.9,0.40,0.32,0.25
GROT,2019-11-08 10:25:00 EST,42.54855,-76.37534,1287,24.3,23.7,12.7,75.7,17.7,0.000,0.054,0.00,0.000,12.0,16.8,1.9,323,21,12.8,19.0,2.2,329,18,12.8,19.0,2.2,329,18,487,28.83,0.6,0,0,0,39.6,43.5,46.9,0.40,0.32,0.25
GROT,2019-11-08 10:30:00 EST,42.54855,-76.37534,1287,24.4,23.8,13.1,74.0,17.3,0.000,0.054,0.00,0.000,11.7,17.1,2.3,314,12,12.3,17.2,2.1,320,12,12.3,17.2,2.1,320,12,540,28.83,0.7,0,0,0,39.6,43.5,46.9,0.40,0.32,0.25
GROT,2019-11-08 10:35:00 EST,42.54855,-76.37534,1287,24.4,23.8,13.1,75.4,17.7,0.000,0.054,0.00,0.000,11.8,20.6,2.6,315,13,12.2,21.7,2.7,321,13,12.2,21.7,2.7,321,13,303,28.83,0.8,0,0,0,39.6,43.5,46.8,0.40,0.32,0.25
GROT,2019-11-08 10:40:00 EST,42.54855,-76.37534,1287,24.2,23.6,12.2,75.8,17.6,0.000,0.054,0.00,0.000,12.9,20.7,3.4,313,13,13.4,21.4,3.4,318,15,13.4,21.4,3.4,318,15,320,28.83,0.7,0,0,0,39.6,43.5,46.8,0.40,0.32,0.25
GROT,2019-11-08 10:45:00 EST,42.54855,-76.37534,1287,24.5,23.8,13.0,73.9,17.4,0.000,0.054,0.00,0.000,12.2,16.7,2.2,325,9,12.7,18.2,2.3,332,9,12.7,18.2,2.3,332,9,555,28.83,0.7,0,0,0,39.6,43.5,46.8,0.40,0.32,0.25
GROT,2019-11-08 10:50:00 EST,42.54855,-76.37534,1287,24.7,24.0,13.3,74.2,17.6,0.000,0.054,0.00,0.000,11.9,18.9,3.1,308,22,12.5,21.5,3.2,315,23,12.5,21.5,3.2,315,23,476,28.83,0.7,0,0,0,39.6,43.5,46.8,0.40,0.32,0.25
GROT,2019-11-08 10:55:00 EST,42.54855,-76.37534,1287,24.4,23.8,11.9,72.6,16.9,0.000,0.054,0.00,0.000,14.4,22.1,4.3,305,19,14.9,23.4,4.2,311,16,14.9,23.4,4.2,311,16,401,28.83,0.7,0,0,0,39.6,43.5,46.8,0.40,0.32,0.25
GROT,2019-11-08 11:00:00 EST,42.54855,-76.37534,1287,24.5,23.9,13.2,74.0,17.4,0.000,0.054,0.00,0.000,11.3,17.8,3.2,336,13,12.3,18.3,3.2,343,12,12.3,18.3,3.2,343,12,318,28.83,0.6,0,0,0,39.6,43.5,46.8,0.40,0.32,0.25
GROT,2019-11-08 11:05:00 EST,42.54855,-76.37534,1287,24.7,24.2,13.0,73.1,17.3,0.000,0.054,0.00,0.000,12.8,20.3,3.4,313,14,13.4,21.1,3.4,320,15,13.4,21.1,3.4,320,15,505,28.83,0.7,0,0,0,39.6,43.5,46.8,0.40,0.32,0.25
GROT,2019-11-08 11:10:00 EST,42.54855,-76.37534,1287,25.0,24.4,13.9,73.6,17.8,0.000,0.054,0.00,0.000,11.3,18.3,3.5,313,19,12.2,20.3,3.6,319,17,12.2,20.3,3.6,319,17,336,28.83,0.6,0,0,0,39.6,43.5,46.8,0.40,0.32,0.25
GROT,2019-11-08 11:15:00 EST,42.54855,-76.37534,1287,24.6,24.1,13.0,72.3,17.0,0.000,0.054,0.00,0.000,12.1,17.3,2.4,323,15,12.9,18.5,2.6,330,15,12.9,18.5,2.6,330,15,252,28.84,,0,0,0,39.6,43.5,46.8,0.40,0.32,0.25
GROT,2019-11-08 11:20:00 EST,42.54855,-76.37534,1287,24.3,23.8,12.9,75.9,17.8,0.000,0.054,0.00,0.000,11.6,16.9,2.6,339,18,12.4,17.4,2.6,346,18,12.4,17.4,2.6,346,18,209,28.84,0.7,0,0,0,39.4,43.5,46.8,0.40,0.32,0.25
GROT,2019-11-08 11:25:00 EST,42.54855,-76.37534,1287,23.4,22.9,11.6,81.6,18.7,0.000,0.054,0.00,0.000,11.9,17.7,2.6,351,24,12.8,20.2,2.9,358,13,12.8,20.2,2.9,358,13,102,28.84,0.7,0,0,0,39.4,43.5,46.8,0.40,0.32,0.25
GROT,2019-11-08 11:30:00 EST,42.54855,-76.37534,1287,22.5,22.0,10.5,84.4,18.5,0.004,0.058,0.00,0.004,11.9,20.8,2.8,328,20,12.6,23.6,3.1,337,20,12.6,23.6,3.1,337,20,111,28.84,0.7,0,0,0,39.4,43.5,46.8,0.40,0.32,0.25
GROT,2019-11-08 11:35:00 EST,42.54855,-76.37534,1287,22.8,22.4,12.0,82.2,18.2,0.000,0.058,0.00,0.004,9.8,16.7,2.7,312,12,10.5,17.9,2.8,318,13,10.5,17.9,2.8,318,13,113,28.84,0.6,0,0,0,39.4,43.5,46.8,0.40,0.32,0.25
GROT,2019-11-08 11:40:00 EST,42.54855,-76.37534,1287,23.2,22.8,13.1,78.8,17.6,0.000,0.058,0.00,0.004,8.9,13.4,2.0,315,16,9.5,15.1,2.0,322,15,9.5,15.1,2.0,322,15,428,28.84,0.6,0,0,0,39.4,43.5,46.8,0.40,0.32,0.25
GROT,2019-11-08 11:45:00 EST,42.54855,-76.37534,1287,24.0,23.5,13.8,75.7,17.5,0.000,0.058,0.00,0.004,9.4,15.2,2.7,314,12,10.0,16.3,2.7,321,12,10.0,16.3,2.7,321,12,422,28.84,0.4,0,0,0,39.4,43.5,46.8,0.40,0.32,0.25
GROT,2019-11-08 11:50:00 EST,42.54855,-76.37534,1287,24.2,23.6,14.4,75.5,17.5,0.000,0.058,0.00,0.004,9.0,13.4,2.1,326,17,9.4,14.4,2.3,334,17,9.4,14.4,2.3,334,17,258,28.84,0.3,0,0,0,39.4,43.5,46.8,0.40,0.32,0.24
GROT,2019-11-08 11:55:00 EST,42.54855,-76.37534,1287,24.0,23.4,12.7,76.6,17.7,0.000,0.058,0.00,0.004,11.3,14.6,1.7,302,14,11.9,16.7,1.7,307,14,11.9,16.7,1.7,307,14,177,28.84,-0.2,0,0,0,39.4,43.5,46.8,0.40,0.32,0.24
GROT,2019-11-08 12:00:00 EST,42.54855,-76.37534,1287,23.5,23.0,12.4,81.2,18.6,0.000,0.058,0.00,0.004,10.8,15.2,1.6,296,11,11.4,16.3,1.8,301,10,11.4,16.3,1.8,301,10,208,28.84,0.3,0,0,0,39.4,43.5,46.8,0.40,0.32,0.25
GROT,2019-11-08 12:05:00 EST,42.54855,-76.37534,1287,23.4,22.9,12.9,82.1,18.8,0.000,0.058,0.00,0.004,9.8,13.9,1.9,299,9,10.4,14.6,1.9,304,9,10.4,14.6,1.9,304,9,241,28.84,0.2,0,0,0,39.4,43.4,46.8,0.40,0.32,0.25
GROT,2019-11-08 12:10:00 EST,42.54855,-76.37534,1287,23.9,23.3,13.5,80.3,18.7,0.000,0.058,0.00,0.004,9.8,15.0,1.9,299,13,10.3,15.2,2.1,304,11,10.3,15.2,2.1,304,11,545,28.83,-0.5,0,0,0,39.4,43.4,46.8,0.40,0.32,0.25
GROT,2019-11-08 12:15:00 EST,42.54855,-76.37534,1287,24.5,23.6,14.9,78.8,18.8,0.000,0.058,0.00,0.004,8.7,15.1,2.6,310,16,9.2,15.3,2.6,317,16,9.2,15.3,2.6,317,16,642,28.83,-0.6,0,0,0,39.4,43.4,46.8,0.40,0.32,0.25
GROT,2019-11-08 12:20:00 EST,42.54855,-76.37534,1287,24.5,23.7,13.9,78.1,18.6,0.000,0.058,0.00,0.004,10.3,16.2,2.5,307,12,10.9,17.8,2.6,313,11,10.9,17.8,2.6,313,11,249,28.83,-0.7,0,0,0,39.4,43.3,46.8,0.40,0.32,0.25
GROT,2019-11-08 12:25:00 EST,42.54855,-76.37534,1287,24.2,23.6,14.2,80.4,19.0,0.000,0.058,0.00,0.004,9.0,13.5,1.9,320,13,9.7,14.5,2.0,326,13,9.7,14.5,2.0,326,13,144,28.83,-0.6,0,0,0,39.4,43.3,46.8,0.40,0.32,0.25
GROT,2019-11-08 12:30:00 EST,42.54855,-76.37534,1287,23.7,23.2,13.3,83.7,19.5,0.009,0.067,0.00,0.009,9.1,14.8,2.0,346,16,10.2,16.1,1.8,353,14,10.2,16.1,1.8,353,14,90,28.83,,0,0,0,39.4,43.3,46.8,0.40,0.32,0.25
GROT,2019-11-08 12:35:00 EST,42.54855,-76.37534,1287,23.3,22.8,12.1,86.7,19.9,0.002,0.068,0.00,0.010,10.4,17.2,3.0,340,18,11.3,19.9,3.1,349,17,11.3,19.9,3.1,349,17,117,28.83,1.2,0,0,0,39.4,43.3,46.8,0.40,0.32,0.24
GROT,2019-11-08 12:40:00 EST,42.54855,-76.37534,1287,23.2,22.8,13.9,87.2,20.0,0.000,0.068,0.00,0.010,7.7,11.3,1.8,329,13,8.4,12.2,1.9,337,13,8.4,12.2,1.9,337,13,310,28.83,-0.4,0,0,0,39.4,43.3,46.8,0.40,0.32,0.24
GROT,2019-11-08 12:45:00 EST,42.54855,-76.37534,1287,24.1,23.6,13.3,84.0,20.0,0.000,0.068,0.00,0.010,10.6,16.1,2.6,319,14,11.2,18.3,2.6,327,14,11.2,18.3,2.6,327,14,321,28.83,-0.3,0,0,0,39.4,43.3,46.8,0.40,0.32,0.24
GROT,2019-11-08 12:50:00 EST,42.54855,-76.37534,1287,24.1,23.7,12.0,76.2,17.7,0.000,0.068,0.00,0.010,13.3,18.8,2.5,311,18,13.8,20.5,2.4,318,17,13.8,20.5,2.4,318,17,171,28.83,-0.6,0,0,0,39.4,43.3,46.8,0.40,0.32,0.24
GROT,2019-11-08 12:55:00 EST,42.54855,-76.37534,1287,23.9,23.4,12.7,77.0,17.7,0.000,0.068,0.00,0.010,11.3,20.0,2.6,294,13,11.7,20.4,2.8,300,14,11.7,20.4,2.8,300,14,296,28.83,-0.9,0,0,0,39.4,43.3,46.8,0.40,0.32,0.24
GROT,2019-11-08 13:00:00 EST,42.54855,-76.37534,1287,24.4,23.8,13.5,77.7,18.5,0.000,0.068,0.00,0.010,10.9,17.3,2.5,296,10,11.5,17.7,2.5,301,9,11.5,17.7,2.5,301,9,581,28.83,,0,0,0,39.4,43.3,46.8,0.40,0.32,0.24
GROT,2019-11-08 13:05:00 EST,42.54855,-76.37534,1287,24.7,24.1,13.0,75.6,18.1,0.000,0.068,0.00,0.010,12.8,18.5,2.9,304,12,13.3,20.0,3.0,310,12,13.3,20.0,3.0,310,12,393,28.83,,0,0,0,39.4,43.3,46.8,0.40,0.32,0.24
GROT,2019-11-08 13:10:00 EST,42.54855,-76.37534,1287,24.5,23.9,12.4,77.1,18.3,0.000,0.068,0.00,0.010,13.5,19.4,2.0,297,11,13.9,19.6,2.1,302,11,13.9,19.6,2.1,302,11,268,28.83,-0.3,0,0,0,39.4,43.3,46.8,0.40,0.32,0.24
GROT,2019-11-08 13:15:00 EST,42.54855,-76.37534,1287,24.3,23.7,12.8,80.7,19.2,0.000,0.068,0.00,0.010,11.9,20.2,2.9,304,10,12.6,19.5,2.8,309,10,12.6,19.5,2.8,309,10,321,28.83,-0.3,0,0,0,39.4,43.3,46.8,0.40,0.32,0.24
GROT,2019-11-08 13:20:00 EST,42.54855,-76.37534,1287,24.6,24.0,14.0,78.2,18.8,0.000,0.068,0.00,0.010,10.5,17.0,2.2,306,13,10.9,18.6,2.4,313,13,10.9,18.6,2.4,313,13,434,28.83,0.3,0,0,0,39.4,43.3,46.8,0.40,0.32,0.24
GROT,2019-11-08 13:25:00 EST,42.54855,-76.37534,1287,25.0,24.4,14.4,74.8,18.1,0.000,0.068,0.00,0.010,10.6,15.9,2.4,303,12,11.0,16.6,2.5,308,12,11.0,16.6,2.5,308,12,473,28.83,-0.9,0,0,0,39.4,43.3,46.8,0.40,0.32,0.24
GROT,2019-11-08 13:30:00 EST,42.54855,-76.37534,1287,24.3,23.8,12.3,79.5,18.9,0.000,0.068,0.00,0.002,13.3,21.0,2.9,302,12,13.9,21.5,3.0,307,11,13.9,21.5,3.0,307,11,205,28.83,-0.5,0,0,0,39.4,43.3,46.8,0.40,0.32,0.24
GROT,2019-11-08 13:35:00 EST,42.54855,-76.37534,1287,23.8,23.3,11.6,80.9,18.8,0.000,0.068,0.00,0.000,13.3,17.3,2.1,298,11,13.8,18.2,2.1,303,11,13.8,18.2,2.1,303,11,336,28.83,-0.6,0,0,0,39.4,43.3,46.8,0.40,0.32,0.24
GROT,2019-11-08 13:40:00 EST,42.54855,-76.37534,1287,24.5,23.9,14.6,80.5,19.4,0.000,0.068,0.00,0.000,9.2,14.6,2.1,298,12,9.8,15.7,2.2,303,12,9.8,15.7,2.2,303,12,523,28.83,-0.7,0,0,0,39.4,43.3,46.8,0.40,0.32,0.24
GROT,2019-11-08 13:45:00 EST,42.54855,-76.37534,1287,25.0,24.3,12.5,75.2,18.3,0.000,0.068,0.00,0.000,14.7,20.5,3.3,292,10,15.3,20.8,3.3,298,11,15.3,20.8,3.3,298,11,609,28.83,-0.6,0,0,0,39.4,43.3,46.8,0.40,0.32,0.24
GROT,2019-11-08 13:50:00 EST,42.54855,-76.37534,1287,25.1,24.4,13.6,74.5,18.1,0.000,0.068,0.00,0.000,12.5,17.3,2.4,315,14,13.2,18.4,2.5,322,14,13.2,18.4,2.5,322,14,443,28.83,-0.5,0,0,0,39.4,43.3,46.7,0.40,0.32,0.24
GROT,2019-11-08 13:55:00 EST,42.54855,-76.37534,1287,24.6,23.9,13.3,78.8,18.9,0.000,0.068,0.00,0.000,11.3,16.8,2.6,339,17,12.3,17.9,2.7,346,16,12.3,17.9,2.7,346,16,232,28.83,,0,0,0,39.4,43.2,46.7,0.40,0.32,0.24
GROT,2019-11-08 14:00:00 EST,42.54855,-76.37534,1287,23.0,22.5,10.3,86.2,19.5,0.006,0.074,0.00,0.006,13.6,21.3,2.9,327,14,14.5,22.5,3.1,334,14,14.5,22.5,3.1,334,14,100,28.83,0.7,0,0,0,39.4,43.2,46.8,0.40,0.32,0.24
GROT,2019-11-08 14:05:00 EST,42.54855,-76.37534,1287,23.0,22.5,12.4,89.6,20.4,0.004,0.077,0.00,0.009,9.7,17.0,2.6,320,11,10.3,17.6,2.6,326,11,10.3,17.6,2.6,326,11,136,28.83,0.9,0,0,0,39.4,43.2,46.7,0.40,0.32,0.24
GROT,2019-11-08 14:10:00 EST,42.54855,-76.37534,1287,23.2,22.7,11.9,88.5,20.3,0.000,0.077,0.00,0.009,11.0,18.4,2.5,326,16,11.7,18.6,2.7,332,16,11.7,18.6,2.7,332,16,177,28.83,,0,0,0,39.4,43.2,46.6,0.40,0.32,0.24
GROT,2019-11-08 14:15:00 EST,42.54855,-76.37534,1287,23.3,22.8,11.9,86.7,19.9,0.003,0.080,0.00,0.012,11.1,16.0,2.6,317,13,11.8,16.5,2.4,322,14,11.8,16.5,2.4,322,14,97,28.83,,0,0,0,39.4,43.2,46.6,0.40,0.32,0.24
GROT,2019-11-08 14:20:00 EST,42.54855,-76.37534,1287,23.3,22.9,12.5,85.6,19.6,0.000,0.080,0.00,0.012,10.3,14.1,1.4,310,11,10.8,14.8,1.6,316,11,10.8,14.8,1.6,316,11,90,28.83,,0,0,0,39.4,43.2,46.6,0.40,0.32,0.24
GROT,2019-11-08 14:25:00 EST,42.54855,-76.37534,1287,23.3,22.9,10.8,84.0,19.2,0.000,0.080,0.00,0.012,13.7,18.6,2.4,317,11,14.2,19.9,2.5,322,11,14.2,19.9,2.5,322,11,79,28.83,0.8,0,0,0,39.4,43.2,46.6,0.40,0.32,0.24
GROT,2019-11-08 14:30:00 EST,42.54855,-76.37534,1287,23.2,22.7,11.6,85.4,19.4,0.000,0.080,0.00,0.012,11.5,17.1,2.2,320,12,12.2,18.9,2.2,326,12,12.2,18.9,2.2,326,12,78,28.84,,0,0,0,39.4,43.2,46.6,0.40,0.32,0.24
GROT,2019-11-08 14:35:00 EST,42.54855,-76.37534,1287,23.2,22.9,12.6,84.6,19.2,0.000,0.080,0.00,0.012,9.9,13.6,1.8,310,14,10.3,14.7,2.0,316,13,10.3,14.7,2.0,316,13,111,28.84,,0,0,0,39.4,43.2,46.6,0.40,0.32,0.24
GROT,2019-11-08 14:40:00 EST,42.54855,-76.37534,1287,23.4,23.1,13.2,83.5,19.1,0.000,0.080,0.00,0.012,9.2,16.5,2.5,300,14,9.6,17.3,2.5,307,13,9.6,17.3,2.5,307,13,100,28.84,0.8,0,0,0,39.4,43.2,46.6,0.40,0.32,0.24
GROT,2019-11-08 14:45:00 EST,42.54855,-76.37534,1287,23.4,23.1,13.1,84.1,19.3,0.000,0.080,0.00,0.012,9.9,13.7,1.6,307,11,10.1,14.8,1.7,313,11,10.1,14.8,1.7,313,11,92,28.84,,0,0,0,39.4,43.2,46.6,0.40,0.32,0.24
GROT,2019-11-08 14:50:00 EST,42.54855,-76.37534,1287,23.5,23.2,14.3,84.3,19.5,0.000,0.080,0.00,0.012,8.0,11.1,1.8,309,11,8.4,12.5,1.8,315,10,8.4,12.5,1.8,315,10,194,28.84,,0,0,0,39.4,43.2,46.6,0.40,0.32,0.24
GROT,2019-11-08 14:55:00 EST,42.54855,-76.37534,1287,24.2,23.7,13.7,79.6,18.8,0.000,0.080,0.00,0.012,10.0,19.9,3.4,315,18,10.6,20.9,3.4,322,17,10.6,20.9,3.4,322,17,305,28.84,1.1,0,0,0,39.4,43.2,46.6,0.40,0.32,0.24
GROT,2019-11-08 15:00:00 EST,42.54855,-76.37534,1287,24.4,23.9,13.2,76.4,18.0,0.000,0.080,0.00,0.007,11.3,18.9,3.1,322,13,11.9,18.6,2.9,328,12,11.9,18.6,2.9,328,12,232,28.84,0.8,0,0,0,39.4,43.2,46.6,0.40,0.32,0.23
GROT,2019-11-08 15:05:00 EST,42.54855,-76.37534,1287,24.0,23.6,13.2,76.7,17.8,0.000,0.080,0.00,0.003,10.6,13.8,1.5,300,12,11.1,15.1,1.6,307,12,11.1,15.1,1.6,307,12,151,28.84,,0,0,0,39.4,43.2,46.6,0.40,0.32,0.23
GROT,2019-11-08 15:10:00 EST,42.54855,-76.37534,1287,23.6,23.2,13.6,78.7,18.0,0.000,0.080,0.00,0.003,9.2,14.1,1.9,298,13,9.6,14.3,1.8,304,13,9.6,14.3,1.8,304,13,135,28.84,,0,0,0,39.4,43.2,46.6,0.40,0.32,0.23
GROT,2019-11-08 15:15:00 EST,42.54855,-76.37534,1287,23.6,23.2,14.3,78.4,17.9,0.000,0.080,0.00,0.000,8.0,12.1,1.6,295,11,8.4,12.7,1.7,301,11,8.4,12.7,1.7,301,11,138,28.84,0.2,0,0,0,39.4,43.2,46.6,0.40,0.32,0.23
GROT,2019-11-08 15:20:00 EST,42.54855,-76.37534,1287,23.8,23.4,16.0,78.0,18.0,0.000,0.080,0.00,0.000,6.0,9.2,1.6,293,12,6.5,10.8,1.6,299,12,6.5,10.8,1.6,299,12,158,28.84,-0.5,0,0,0,39.3,43.2,46.6,0.40,0.32,0.23
GROT,2019-11-08 15:25:00 EST,42.54855,-76.37534,1287,24.0,23.6,14.7,76.7,17.8,0.000,0.080,0.00,0.000,8.2,15.3,2.2,302,11,8.6,15.2,2.4,309,11,8.6,15.2,2.4,309,11,139,28.84,,0,0,0,39.3,43.2,46.6,0.40,0.32,0.23
GROT,2019-11-08 15:30:00 EST,42.54855,-76.37534,1287,24.2,23.8,13.9,74.9,17.4,0.000,0.080,0.00,0.000,10.0,18.0,2.9,301,14,10.3,19.4,2.9,306,14,10.3,19.4,2.9,306,14,106,28.84,-1.0,0,0,0,39.3,43.2,46.6,0.40,0.32,0.23
GROT,2019-11-08 15:35:00 EST,42.54855,-76.37534,1287,24.0,23.5,12.4,75.8,17.4,0.000,0.080,0.00,0.000,12.2,16.4,2.0,299,9,12.5,17.4,2.1,304,8,12.5,17.4,2.1,304,8,111,28.84,-0.8,0,0,0,39.3,43.2,46.6,0.40,0.32,0.23
GROT,2019-11-08 15:40:00 EST,42.54855,-76.37534,1287,23.8,23.4,13.6,77.2,17.7,0.000,0.080,0.00,0.000,9.4,13.5,1.7,297,9,9.9,14.3,1.8,304,9,9.9,14.3,1.8,304,9,86,28.85,,0,0,0,39.3,43.2,46.6,0.40,0.32,0.23
GROT,2019-11-08 15:45:00 EST,42.54855,-76.37534,1287,23.7,23.3,13.1,79.3,18.2,0.000,0.080,0.00,0.000,10.0,15.9,2.0,299,13,10.5,16.7,2.1,304,13,10.5,16.7,2.1,304,13,69,28.85,1.4,0,0,0,39.2,43.2,46.6,0.40,0.32,0.23
GROT,2019-11-08 15:50:00 EST,42.54855,-76.37534,1287,23.5,23.2,12.7,81.3,18.7,0.000,0.080,0.00,0.000,10.6,15.3,1.9,300,10,11.0,16.3,1.9,306,10,11.0,16.3,1.9,306,10,63,28.85,,0,0,0,39.2,43.2,46.6,0.40,0.32,0.23
GROT,2019-11-08 15:55:00 EST,42.54855,-76.37534,1287,23.4,23.2,13.0,80.9,18.4,0.000,0.080,0.00,0.000,9.8,14.5,1.9,305,12,10.3,15.7,2.0,311,12,10.3,15.7,2.0,311,12,39,28.85,0.6,0,0,0,39.2,43.2,46.6,0.40,0.32,0.23
GROT,2019-11-08 16:00:00 EST,42.54855,-76.37534,1287,23.3,23.2,13.6,79.2,17.8,0.000,0.080,0.00,0.000,8.4,12.3,1.4,308,11,8.9,13.6,1.5,316,12,8.9,13.6,1.5,316,12,36,28.85,0.8,0,0,0,39.2,43.2,46.6,0.40,0.32,0.23
GROT,2019-11-08 16:05:00 EST,42.54855,-76.37534,1287,23.2,23.2,13.0,78.4,17.5,0.000,0.080,0.00,0.000,9.2,11.8,1.3,318,12,9.7,13.4,1.6,324,12,9.7,13.4,1.6,324,12,27,28.85,0.8,0,0,0,39.2,43.2,46.6,0.40,0.32,0.23
GROT,2019-11-08 16:10:00 EST,42.54855,-76.37534,1287,23.0,23.0,12.6,77.3,17.0,0.000,0.080,0.00,0.000,9.4,14.7,2.5,313,14,10.0,15.7,2.4,318,14,10.0,15.7,2.4,318,14,27,28.85,1.0,0,0,0,39.2,43.1,46.6,0.40,0.32,0.23
GROT,2019-11-08 16:15:00 EST,42.54855,-76.37534,1287,23.0,23.0,12.1,76.4,16.7,0.000,0.080,0.00,0.000,10.2,15.0,2.4,309,11,10.8,15.7,2.2,315,10,10.8,15.7,2.2,315,10,25,28.85,1.0,0,0,0,39.2,43.1,46.6,0.40,0.32,0.23
GROT,2019-11-08 16:20:00 EST,42.54855,-76.37534,1287,22.9,22.9,12.6,76.5,16.6,0.000,0.080,0.00,0.000,9.2,12.9,1.6,305,9,9.7,13.4,1.6,311,8,9.7,13.4,1.6,311,8,22,28.85,1.1,0,0,0,39.2,43.1,46.5,0.40,0.32,0.23
GROT,2019-11-08 16:25:00 EST,42.54855,-76.37534,1287,22.6,22.7,13.4,77.1,16.6,0.000,0.080,0.00,0.000,7.6,10.7,1.3,299,11,8.1,11.2,1.4,306,11,8.1,11.2,1.4,306,11,18,28.86,,0,0,0,39.2,43.0,46.6,0.40,0.32,0.23
GROT,2019-11-08 16:30:00 EST,42.54855,-76.37534,1287,22.4,22.6,13.0,77.8,16.5,0.000,0.080,0.00,0.000,7.7,10.2,1.2,304,9,8.2,10.7,1.3,310,7,8.2,10.7,1.3,310,7,16,28.86,1.1,0,0,0,39.2,43.0,46.6,0.40,0.32,0.23
GROT,2019-11-08 16:35:00 EST,42.54855,-76.37534,1287,22.2,22.5,13.8,78.1,16.4,0.000,0.080,0.00,0.000,6.4,8.9,1.1,306,9,6.7,9.9,1.1,313,9,6.7,9.9,1.1,313,9,15,28.86,1.1,0,0,0,39.2,43.0,46.5,0.40,0.32,0.23
GROT,2019-11-08 16:40:00 EST,42.54855,-76.37534,1287,22.1,22.4,13.4,78.7,16.5,0.000,0.080,0.00,0.000,6.6,9.5,0.9,301,9,7.2,10.0,1.1,308,9,7.2,10.0,1.1,308,9,13,28.86,1.2,0,0,0,39.2,43.0,46.5,0.40,0.32,0.23
GROT,2019-11-08 16:45:00 EST,42.54855,-76.37534,1287,22.1,22.4,14.1,78.1,16.4,0.000,0.080,0.00,0.000,6.1,9.1,0.9,297,7,6.4,8.8,0.9,303,7,6.4,8.8,0.9,303,7,9,28.86,1.2,0,0,0,39.2,43.0,46.4,0.40,0.32,0.23
GROT,2019-11-08 16:50:00 EST,42.54855,-76.37534,1287,21.9,22.2,13.6,78.4,16.2,0.000,0.080,0.00,0.000,6.3,9.6,1.0,296,9,6.7,10.1,1.1,302,8,6.7,10.1,1.1,302,8,6,28.87,1.2,0,0,0,39.2,43.0,46.4,0.40,0.32,0.23
GROT,2019-11-08 16:55:00 EST,42.54855,-76.37534,1287,22.3,22.3,13.3,78.7,16.7,0.000,0.080,0.00,0.000,7.3,9.1,1.0,301,10,7.7,9.8,1.0,307,9,7.7,9.8,1.0,307,9,4,28.87,,0,0,0,39.2,43.0,46.4,0.40,0.32,0.23
GROT,2019-11-08 17:00:00 EST,42.54855,-76.37534,1287,22.3,22.2,14.3,78.7,16.7,0.000,0.080,0.00,0.000,6.1,9.6,1.4,307,10,6.4,10.1,1.4,313,8,6.4,10.1,1.4,313,8,2,28.87,1.1,0,0,0,39.2,43.0,46.4,0.40,0.32,0.23
GROT,2019-11-08 17:05:00 EST,42.54855,-76.37534,1287,21.8,22.0,14.2,79.2,16.4,0.000,0.080,0.00,0.000,5.7,9.5,1.2,304,9,6.0,10.6,1.2,310,8,6.0,10.6,1.2,310,8,1,28.87,1.1,0,0,0,39.2,43.0,46.4,0.40,0.32,0.23
GROT,2019-11-08 17:10:00 EST,42.54855,-76.37534,1287,21.6,22.0,13.9,80.0,16.4,0.000,0.080,0.00,0.000,5.6,9.4,1.2,310,9,6.0,10.1,1.3,317,7,6.0,10.1,1.3,317,7,0,28.87,,0,0,0,39.2,43.0,46.4,0.40,0.32,0.23
GROT,2019-11-08 17:15:00 EST,42.54855,-76.37534,1287,21.8,21.9,14.6,80.1,16.6,0.000,0.080,0.00,0.000,5.2,8.9,1.3,311,10,5.5,10.4,1.3,318,9,5.5,10.4,1.3,318,9,0,28.87,1.0,0,0,0,39.2,43.0,46.4,0.40,0.32,0.23
GROT,2019-11-08 17:20:00 EST,42.54855,-76.37534,1287,21.3,21.7,15.0,80.9,16.3,0.000,0.080,0.00,0.000,4.2,6.1,0.7,308,8,4.6,6.5,0.7,314,8,4.6,6.5,0.7,314,8,0,28.87,,0,0,0,39.2,43.0,46.4,0.40,0.32,0.23
GROT,2019-11-08 17:25:00 EST,42.54855,-76.37534,1287,21.3,21.7,14.6,81.0,16.3,0.000,0.080,0.00,0.000,4.6,5.9,0.5,299,8,4.9,6.4,0.6,305,7,4.9,6.4,0.6,305,7,0,28.87,1.1,0,0,0,39.2,43.0,46.4,0.40,0.32,0.23
GROT,2019-11-08 17:30:00 EST,42.54855,-76.37534,1287,21.1,21.7,14.0,80.5,16.1,0.000,0.080,0.00,0.000,4.8,7.7,1.0,291,10,5.3,8.5,1.2,297,10,5.3,8.5,1.2,297,10,0,28.87,,0,0,0,39.2,43.0,46.4,0.40,0.32,0.23
GROT,2019-11-08 17:35:00 EST,42.54855,-76.37534,1287,21.1,21.6,14.2,78.8,15.6,0.000,0.080,0.00,0.000,4.7,6.9,0.8,307,11,5.1,7.1,0.9,313,9,5.1,7.1,0.9,313,9,0,28.88,0.8,0,0,0,39.2,43.0,46.4,0.40,0.32,0.23
GROT,2019-11-08 17:40:00 EST,42.54855,-76.37534,1287,20.9,21.4,14.7,79.5,15.6,0.000,0.080,0.00,0.000,4.2,5.6,0.6,317,9,4.4,6.6,0.8,324,8,4.4,6.6,0.8,324,8,0,28.88,,0,0,0,39.2,43.0,46.4,0.40,0.32,0.23
GROT,2019-11-08 17:45:00 EST,42.54855,-76.37534,1287,21.0,21.4,13.7,79.3,15.6,0.000,0.080,0.00,0.000,5.1,7.5,0.9,311,9,5.4,7.6,0.9,316,8,5.4,7.6,0.9,316,8,0,28.88,0.5,0,0,0,39.2,43.0,46.4,0.40,0.32,0.23
GROT,2019-11-08 17:50:00 EST,42.54855,-76.37534,1287,21.1,21.6,13.7,78.5,15.5,0.000,0.080,0.00,0.000,5.2,6.9,0.9,307,8,5.5,8.0,0.9,313,7,5.5,8.0,0.9,313,7,0,28.88,0.2,0,0,0,39.2,43.0,46.4,0.40,0.32,0.23
GROT,2019-11-08 17:55:00 EST,42.54855,-76.37534,1287,21.0,21.6,14.3,77.9,15.2,0.000,0.080,0.00,0.000,4.6,6.8,0.8,302,6,4.9,7.4,0.8,309,5,4.9,7.4,0.8,309,5,0,28.88,0.2,0,0,0,39.2,43.0,46.4,0.40,0.32,0.23
GROT,2019-11-08 18:00:00 EST,42.54855,-76.37534,1287,20.9,21.5,14.8,78.3,15.2,0.000,0.080,0.00,0.000,4.1,5.6,0.5,295,8,4.4,5.8,0.6,303,8,4.4,5.8,0.6,303,8,0,28.88,0.0,0,0,0,39.2,43.0,46.4,0.40,0.32,0.23
GROT,2019-11-08 18:05:00 EST,42.54855,-76.37534,1287,20.7,21.4,14.3,78.7,15.2,0.000,0.080,0.00,0.000,4.4,5.8,0.7,298,7,4.6,6.5,0.7,306,6,4.6,6.5,0.7,306,6,0,28.89,0.5,0,0,0,39.2,43.0,46.4,0.40,0.32,0.23
GROT,2019-11-08 18:10:00 EST,42.54855,-76.37534,1287,20.7,21.3,14.0,79.7,15.4,0.000,0.080,0.00,0.000,4.5,6.3,0.7,299,9,4.8,6.8,0.8,306,8,4.8,6.8,0.8,306,8,0,28.89,-0.4,0,0,0,39.2,43.0,46.4,0.40,0.32,0.23
GROT,2019-11-08 18:15:00 EST,42.54855,-76.37534,1287,20.7,21.2,14.5,79.9,15.5,0.000,0.080,0.00,0.000,4.1,5.7,0.5,299,8,4.4,6.8,0.7,307,7,4.4,6.8,0.7,307,7,0,28.89,0.4,0,0,0,39.2,43.0,46.4,0.40,0.32,0.23
GROT,2019-11-08 18:20:00 EST,42.54855,-76.37534,1287,20.6,21.1,14.4,80.1,15.4,0.000,0.080,0.00,0.000,4.0,6.0,0.7,299,8,4.3,6.8,0.8,307,7,4.3,6.8,0.8,307,7,0,28.89,-0.4,0,0,0,39.2,43.0,46.4,0.40,0.32,0.23
GROT,2019-11-08 18:25:00 EST,42.54855,-76.37534,1287,20.4,20.9,14.3,80.5,15.3,0.000,0.080,0.00,0.000,4.0,5.2,0.5,302,8,4.3,5.7,0.6,309,7,4.3,5.7,0.6,309,7,0,28.89,,0,0,0,39.2,43.0,46.4,0.40,0.32,0.23
GROT,2019-11-08 18:30:00 EST,42.54855,-76.37534,1287,20.2,20.6,14.9,81.6,15.5,0.000,0.080,0.00,0.000,3.6,4.2,0.3,304,5,3.7,5.0,0.4,311,4,3.7,5.0,0.4,311,4,0,28.89,-0.4,0,0,0,39.2,43.0,46.4,0.40,0.32,0.23
GROT,2019-11-08 18:35:00 EST,42.54855,-76.37534,1287,20.0,20.5,14.7,82.1,15.4,0.000,0.080,0.00,0.000,3.5,4.5,0.3,303,6,3.7,4.7,0.4,310,5,3.7,4.7,0.4,310,5,0,28.89,-0.3,0,0,0,39.2,43.0,46.4,0.40,0.32,0.23
GROT,2019-11-08 18:40:00 EST,42.54855,-76.37534,1287,20.1,20.6,14.9,82.6,15.6,0.000,0.080,0.00,0.000,3.4,4.4,0.6,292,8,3.6,4.9,0.6,300,8,3.6,4.9,0.6,300,8,0,28.90,,0,0,0,39.2,43.0,46.4,0.40,0.32,0.23
GROT,2019-11-08 18:45:00 EST,42.54855,-76.37534,1287,20.1,20.6,15.3,82.4,15.6,0.000,0.080,0.00,0.000,3.2,4.6,0.4,294,7,3.4,5.2,0.5,303,7,3.4,5.2,0.5,303,7,0,28.90,-0.8,0,0,0,39.2,43.0,46.4,0.40,0.32,0.23
GROT,2019-11-08 18:50:00 EST,42.54855,-76.37534,1287,20.2,20.4,20.2,82.6,15.8,0.000,0.080,0.00,0.000,2.5,3.3,0.4,293,7,2.6,3.5,0.4,303,7,2.6,3.5,0.4,303,7,0,28.90,-0.5,0,0,0,39.2,42.9,46.4,0.40,0.32,0.23
GROT,2019-11-08 18:55:00 EST,42.54855,-76.37534,1287,20.2,20.4,20.2,82.8,15.8,0.000,0.080,0.00,0.000,2.1,3.4,0.5,287,7,2.3,3.5,0.5,298,8,2.3,3.5,0.5,298,8,0,28.90,,0,0,0,39.2,42.9,46.4,0.40,0.32,0.23
GROT,2019-11-08 19:00:00 EST,42.54855,-76.37534,1287,20.0,20.4,20.0,83.3,15.8,0.000,0.080,0.00,0.000,1.4,2.0,0.3,281,8,1.7,2.4,0.3,288,12,1.7,2.4,0.3,288,12,0,28.90,,0,0,0,39.2,42.9,46.4,0.40,0.32,0.23
GROT,2019-11-08 19:05:00 EST,42.54855,-76.37534,1287,19.9,20.2,19.9,83.4,15.6,0.000,0.080,0.00,0.000,1.0,1.5,0.3,288,4,1.4,1.9,0.2,293,10,1.4,1.9,0.2,293,10,0,28.90,,0,0,0,39.2,42.8,46.4,0.40,0.32,0.23
GROT,2019-11-08 19:10:00 EST,42.54855,-76.37534,1287,19.5,19.7,19.5,83.9,15.4,0.000,0.080,0.00,0.000,1.5,2.1,0.3,290,12,1.8,2.4,0.3,297,15,1.8,2.4,0.3,297,15,0,28.90,,0,0,0,39.2,42.8,46.4,0.40,0.32,0.23
GROT,2019-11-08 19:15:00 EST,42.54855,-76.37534,1287,19.3,20.0,19.3,84.7,15.4,0.000,0.080,0.00,0.000,2.4,3.2,0.6,260,6,2.7,3.7,0.6,267,9,2.7,3.7,0.6,267,9,0,28.90,,0,0,0,39.0,42.8,46.4,0.40,0.32,0.23
GROT,2019-11-08 19:20:00 EST,42.54855,-76.37534,1287,19.3,20.1,14.5,84.1,15.3,0.000,0.080,0.00,0.000,3.0,3.6,0.2,265,6,3.3,4.0,0.3,273,6,3.3,4.0,0.3,273,6,0,28.90,,0,0,0,39.0,42.8,46.4,0.40,0.32,0.23
GROT,2019-11-08 19:25:00 EST,42.54855,-76.37534,1287,19.6,20.4,14.1,83.1,15.3,0.000,0.080,0.00,0.000,3.5,4.5,0.3,271,7,3.8,5.2,0.5,279,7,3.8,5.2,0.5,279,7,0,28.90,,0,0,0,39.0,42.8,46.4,0.40,0.32,0.23
GROT,2019-11-08 19:30:00 EST,42.54855,-76.37534,1287,20.0,20.9,13.6,81.1,15.2,0.000,0.080,0.00,0.000,4.1,5.2,0.5,264,7,4.5,6.0,0.6,271,6,4.5,6.0,0.6,271,6,0,28.89,,0,0,0,39.0,42.8,46.4,0.40,0.32,0.23
GROT,2019-11-08 19:35:00 EST,42.54855,-76.37534,1287,20.3,21.3,13.5,79.4,14.9,0.000,0.080,0.00,0.000,4.5,5.7,0.5,268,9,4.9,6.1,0.6,276,9,4.9,6.1,0.6,276,9,0,28.90,,0,0,0,39.0,42.8,46.4,0.40,0.32,0.23
GROT,2019-11-08 19:40:00 EST,42.54855,-76.37534,1287,20.3,21.2,13.7,78.8,14.8,0.000,0.080,0.00,0.000,4.3,5.3,0.4,265,8,4.7,6.1,0.5,272,7,4.7,6.1,0.5,272,7,0,28.90,,0,0,0,39.0,42.8,46.4,0.40,0.32,0.23
GROT,2019-11-08 19:45:00 EST,42.54855,-76.37534,1287,20.3,21.0,13.1,78.8,14.8,0.000,0.080,0.00,0.000,4.8,5.9,0.4,256,8,5.3,6.8,0.6,263,7,5.3,6.8,0.6,263,7,0,28.90,,0,0,0,39.0,42.8,46.4,0.40,0.32,0.23
GROT,2019-11-08 19:50:00 EST,42.54855,-76.37534,1287,20.0,20.7,13.3,79.2,14.6,0.000,0.080,0.00,0.000,4.3,5.3,0.4,256,8,4.7,5.8,0.6,263,6,4.7,5.8,0.6,263,6,0,28.90,0.0,0,0,0,39.0,42.8,46.4,0.40,0.32,0.23
GROT,2019-11-08 19:55:00 EST,42.54855,-76.37534,1287,19.3,20.3,13.6,79.7,14.1,0.000,0.080,0.00,0.000,3.5,5.2,0.6,254,6,3.9,5.8,0.7,261,6,3.9,5.8,0.7,261,6,0,28.90,,0,0,0,39.0,42.8,46.4,0.40,0.32,0.23
GROT,2019-11-08 20:00:00 EST,42.54855,-76.37534,1287,19.7,20.4,13.8,80.8,14.7,0.000,0.080,0.00,0.000,3.7,5.7,0.8,252,8,4.0,6.4,1.0,259,8,4.0,6.4,1.0,259,8,0,28.90,-0.1,0,0,0,39.0,42.8,46.3,0.40,0.32,0.23
GROT,2019-11-08 20:05:00 EST,42.54855,-76.37534,1287,19.0,19.8,19.0,80.8,14.0,0.000,0.080,0.00,0.000,1.9,2.8,0.3,253,7,2.2,3.2,0.3,258,9,2.2,3.2,0.3,258,9,0,28.90,,0,0,0,39.0,42.8,46.4,0.40,0.32,0.23
GROT,2019-11-08 20:10:00 EST,42.54855,-76.37534,1287,18.6,19.2,18.6,83.0,14.3,0.000,0.080,0.00,0.000,1.2,1.9,0.3,262,9,1.6,2.2,0.2,267,12,1.6,2.2,0.2,267,12,0,28.90,,0,0,0,39.0,42.8,46.3,0.40,0.32,0.23
GROT,2019-11-08 20:15:00 EST,42.54855,-76.37534,1287,18.3,18.9,18.3,84.9,14.5,0.000,0.080,0.00,0.000,1.3,1.7,0.2,267,7,1.6,2.2,0.2,274,8,1.6,2.2,0.2,274,8,0,28.90,,0,0,0,39.0,42.8,46.1,0.40,0.32,0.23
GROT,2019-11-08 20:20:00 EST,42.54855,-76.37534,1287,18.5,18.9,18.5,85.9,15.0,0.000,0.080,0.00,0.000,1.3,1.9,0.3,261,5,1.7,2.4,0.3,268,7,1.7,2.4,0.3,268,7,0,28.90,,0,0,0,39.0,42.8,46.1,0.40,0.32,0.23
GROT,2019-11-08 20:25:00 EST,42.54855,-76.37534,1287,18.4,19.0,18.4,85.2,14.7,0.000,0.080,0.00,0.000,1.6,2.4,0.5,263,5,1.9,2.9,0.5,271,8,1.9,2.9,0.5,271,8,0,28.90,,0,0,0,39.0,42.8,46.1,0.40,0.32,0.23
GROT,2019-11-08 20:30:00 EST,42.54855,-76.37534,1287,18.7,19.3,18.7,85.1,14.9,0.000,0.080,0.00,0.000,2.7,3.5,0.3,256,4,2.9,4.0,0.3,263,6,2.9,4.0,0.3,263,6,0,28.90,,0,0,0,38.9,42.8,46.1,0.40,0.32,0.23
GROT,2019-11-08 20:35:00 EST,42.54855,-76.37534,1287,18.9,19.7,12.7,83.6,14.8,0.000,0.080,0.00,0.000,3.9,5.4,0.6,257,5,4.2,6.0,0.7,265,5,4.2,6.0,0.7,265,5,0,28.90,-1.2,0,0,0,38.8,42.8,46.0,0.40,0.32,0.22
GROT,2019-11-08 20:40:00 EST,42.54855,-76.37534,1287,19.2,20.1,12.1,81.0,14.3,0.000,0.080,0.00,0.000,4.6,5.8,0.6,261,6,4.9,6.5,0.7,268,5,4.9,6.5,0.7,268,5,0,28.90,-1.2,0,0,0,38.8,42.8,46.0,0.40,0.32,0.22
GROT,2019-11-08 20:45:00 EST,42.54855,-76.37534,1287,18.7,19.5,13.1,80.3,13.6,0.000,0.080,0.00,0.000,3.4,4.4,0.4,262,5,3.7,5.0,0.5,270,6,3.7,5.0,0.5,270,6,0,28.90,-0.6,0,0,0,38.8,42.8,46.0,0.40,0.32,0.22
GROT,2019-11-08 20:50:00 EST,42.54855,-76.37534,1287,19.0,20.1,11.8,81.1,14.2,0.000,0.080,0.00,0.000,4.6,5.8,0.6,259,5,5.0,6.4,0.7,266,5,5.0,6.4,0.7,266,5,0,28.90,-1.2,0,0,0,38.8,42.8,46.0,0.40,0.32,0.22
GROT,2019-11-08 20:55:00 EST,42.54855,-76.37534,1287,19.5,20.4,12.0,79.3,14.1,0.000,0.080,0.00,0.000,4.9,6.1,0.5,255,6,5.3,7.3,0.6,262,5,5.3,7.3,0.6,262,5,0,28.90,-0.2,0,0,0,38.8,42.8,46.0,0.40,0.32,0.22
GROT,2019-11-08 21:00:00 EST,42.54855,-76.37534,1287,20.1,20.7,13.6,78.6,14.5,0.000,0.080,0.00,0.000,4.2,5.8,0.7,251,9,4.6,6.7,0.8,259,8,4.6,6.7,0.8,259,8,0,28.90,-0.1,0,0,0,38.8,42.8,46.0,0.40,0.32,0.22
GROT,2019-11-08 21:05:00 EST,42.54855,-76.37534,1287,19.4,19.9,14.9,78.5,13.8,0.000,0.080,0.00,0.000,2.8,3.9,0.5,266,7,3.1,4.6,0.5,274,8,3.1,4.6,0.5,274,8,0,28.90,-0.6,0,0,0,38.8,42.8,46.0,0.40,0.32,0.22
GROT,2019-11-08 21:10:00 EST,42.54855,-76.37534,1287,18.7,19.4,18.7,80.5,13.7,0.000,0.080,0.00,0.000,2.5,3.3,0.3,261,5,2.8,3.7,0.3,269,5,2.8,3.7,0.3,269,5,0,28.90,0.3,0,0,0,38.8,42.8,46.0,0.40,0.31,0.23
GROT,2019-11-08 21:15:00 EST,42.54855,-76.37534,1287,19.2,19.8,14.6,82.5,14.7,0.000,0.080,0.00,0.000,2.8,3.7,0.5,256,6,3.1,4.2,0.6,264,7,3.1,4.2,0.6,264,7,0,28.90,-0.1,0,0,0,38.8,42.8,46.0,0.40,0.31,0.23
GROT,2019-11-08 21:20:00 EST,42.54855,-76.37534,1287,19.2,19.6,14.7,82.1,14.6,0.000,0.080,0.00,0.000,2.7,3.6,0.4,261,4,3.1,4.1,0.5,269,5,3.1,4.1,0.5,269,5,0,28.90,-0.1,0,0,0,38.8,42.8,46.0,0.40,0.31,0.23
GROT,2019-11-08 21:25:00 EST,42.54855,-76.37534,1287,18.4,19.3,13.3,83.0,14.1,0.000,0.080,0.00,0.000,3.1,4.4,0.6,257,5,3.4,5.1,0.7,265,6,3.4,5.1,0.7,265,6,0,28.90,0.6,0,0,0,38.8,42.8,46.0,0.40,0.31,0.23
GROT,2019-11-08 21:30:00 EST,42.54855,-76.37534,1287,19.0,19.9,12.6,84.4,15.1,0.000,0.080,0.00,0.000,4.0,4.8,0.3,257,5,4.3,5.3,0.4,265,5,4.3,5.3,0.4,265,5,0,28.90,0.6,0,0,0,38.8,42.8,46.0,0.40,0.31,0.22
GROT,2019-11-08 21:35:00 EST,42.54855,-76.37534,1287,19.3,20.0,13.8,82.9,15.0,0.000,0.080,0.00,0.000,3.4,5.3,0.8,262,7,3.7,5.8,0.9,270,8,3.7,5.8,0.9,270,8,0,28.90,0.3,0,0,0,38.8,42.8,46.0,0.40,0.31,0.22
GROT,2019-11-08 21:40:00 EST,42.54855,-76.37534,1287,18.3,18.9,18.3,82.3,13.8,0.000,0.080,0.00,0.000,0.6,1.8,0.4,326,38,0.9,1.9,0.5,336,35,0.9,1.9,0.5,336,35,0,28.90,0.4,0,0,0,38.7,42.8,46.0,0.40,0.31,0.22
GROT,2019-11-08 21:45:00 EST,42.54855,-76.37534,1287,18.0,18.8,18.0,84.4,14.1,0.000,0.080,0.00,0.000,0.0,0.0,0.0,0,0,0.9,1.3,0.3,307,12,0.9,1.3,0.3,307,12,0,28.90,-0.3,0,0,0,38.7,42.8,46.0,0.40,0.31,0.22
GROT,2019-11-08 21:50:00 EST,42.54855,-76.37534,1287,18.0,18.9,18.0,86.6,14.7,0.000,0.080,0.00,0.000,0.1,0.9,0.3,310,1,0.9,1.5,0.4,310,10,0.9,1.5,0.4,310,10,0,28.90,-0.1,0,0,0,38.7,42.8,46.0,0.40,0.31,0.22
GROT,2019-11-08 21:55:00 EST,42.54855,-76.37534,1287,18.0,18.8,18.0,87.4,14.9,0.000,0.080,0.00,0.000,0.6,1.5,0.4,343,6,1.1,2.1,0.5,352,10,1.1,2.1,0.5,352,10,0,28.90,0.5,0,0,0,38.7,42.7,46.0,0.40,0.31,0.22
GROT,2019-11-08 22:00:00 EST,42.54855,-76.37534,1287,17.9,18.5,17.9,88.5,15.0,0.000,0.080,0.00,0.000,0.2,0.8,0.3,347,0,0.4,1.3,0.5,1,5,0.4,1.3,0.5,1,5,0,28.90,0.6,0,0,0,38.7,42.7,46.0,0.40,0.31,0.22
GROT,2019-11-08 22:05:00 EST,42.54855,-76.37534,1287,17.4,18.6,17.4,88.6,14.7,0.000,0.080,0.00,0.000,0.5,1.7,0.6,93,12,0.9,2.0,0.7,111,11,0.9,2.0,0.7,111,11,0,28.90,,0,0,0,38.7,42.7,46.0,0.40,0.31,0.22
GROT,2019-11-08 22:10:00 EST,42.54855,-76.37534,1287,17.1,18.9,17.1,88.9,14.4,0.000,0.080,0.00,0.000,1.6,1.8,0.1,99,6,1.8,2.1,0.1,106,8,1.8,2.1,0.1,106,8,0,28.89,,0,0,0,38.7,42.6,46.0,0.40,0.31,0.23
GROT,2019-11-08 22:15:00 EST,42.54855,-76.37534,1287,17.3,19.1,17.3,88.6,14.6,0.000,0.080,0.00,0.000,1.5,1.8,0.2,101,2,1.7,2.1,0.2,116,6,1.7,2.1,0.2,116,6,0,28.89,0.4,0,0,0,38.7,42.6,46.0,0.40,0.31,0.22
GROT,2019-11-08 22:20:00 EST,42.54855,-76.37534,1287,17.5,19.4,17.5,88.6,14.7,0.000,0.080,0.00,0.000,1.3,1.9,0.3,124,11,1.5,2.2,0.3,133,8,1.5,2.2,0.3,133,8,0,28.89,,0,0,0,38.7,42.6,46.0,0.40,0.31,0.22
GROT,2019-11-08 22:25:00 EST,42.54855,-76.37534,1287,17.7,19.7,17.7,88.9,15.0,0.000,0.080,0.00,0.000,1.4,3.5,0.5,210,39,1.8,5.4,0.7,220,39,1.8,5.4,0.7,220,39,0,28.89,0.0,0,0,0,38.7,42.6,46.0,0.40,0.31,0.22
GROT,2019-11-08 22:30:00 EST,42.54855,-76.37534,1287,17.8,19.8,17.8,88.3,14.9,0.000,0.080,0.00,0.000,1.9,2.4,0.2,240,11,2.1,2.9,0.3,246,12,2.1,2.9,0.3,246,12,0,28.89,,0,0,0,38.7,42.6,46.0,0.40,0.31,0.22
GROT,2019-11-08 22:35:00 EST,42.54855,-76.37534,1287,18.0,19.7,18.0,87.7,15.0,0.000,0.080,0.00,0.000,1.4,1.9,0.4,250,3,1.7,2.3,0.4,258,9,1.7,2.3,0.4,258,9,0,28.89,0.5,0,0,0,38.7,42.6,46.0,0.40,0.31,0.22
GROT,2019-11-08 22:40:00 EST,42.54855,-76.37534,1287,16.0,17.5,16.0,86.0,12.5,0.000,0.080,0.00,0.000,0.0,0.1,0.0,226,0,0.3,1.5,0.4,171,21,0.3,1.5,0.4,171,21,0,28.89,,0,0,0,38.7,42.6,46.0,0.40,0.31,0.22
GROT,2019-11-08 22:45:00 EST,42.54855,-76.37534,1287,16.1,17.7,16.1,88.4,13.3,0.000,0.080,0.00,0.000,0.0,0.0,0.0,0,0,0.4,1.2,0.4,165,18,0.4,1.2,0.4,165,18,0,28.89,,0,0,0,38.6,42.6,46.0,0.40,0.31,0.22
GROT,2019-11-08 22:50:00 EST,42.54855,-76.37534,1287,15.8,17.5,15.8,91.1,13.7,0.000,0.080,0.00,0.000,0.0,0.0,0.0,0,0,0.3,1.1,0.4,91,15,0.3,1.1,0.4,91,15,0,28.89,,0,0,0,38.5,42.6,46.0,0.40,0.31,0.22
GROT,2019-11-08 22:55:00 EST,42.54855,-76.37534,1287,16.1,16.7,16.1,91.5,14.0,0.000,0.080,0.00,0.000,0.0,0.0,0.0,0,0,0.1,0.8,0.2,49,2,0.1,0.8,0.2,49,2,0,28.89,,0,0,0,38.5,42.6,46.0,0.40,0.31,0.22
GROT,2019-11-08 23:00:00 EST,42.54855,-76.37534,1287,16.2,16.7,16.2,92.2,14.3,0.000,0.080,0.00,0.000,0.0,0.0,0.0,0,0,0.0,0.0,0.0,0,0,0.0,0.0,0.0,0,0,0,28.89,,0,0,0,38.5,42.6,46.0,0.40,0.31,0.22
GROT,2019-11-08 23:05:00 EST,42.54855,-76.37534,1287,16.2,16.6,16.2,93.1,14.6,0.000,0.080,0.00,0.000,0.6,1.3,0.5,325,35,0.9,1.7,0.5,321,5,0.9,1.7,0.5,321,5,0,28.89,,0,0,0,38.5,42.6,46.0,0.40,0.31,0.22
GROT,2019-11-08 23:10:00 EST,42.54855,-76.37534,1287,15.7,16.2,15.7,92.6,13.9,0.000,0.080,0.00,0.000,1.0,1.4,0.3,317,10,1.2,1.6,0.2,322,11,1.2,1.6,0.2,322,11,0,28.89,,0,0,0,38.4,42.6,46.0,0.40,0.31,0.22
GROT,2019-11-08 23:15:00 EST,42.54855,-76.37534,1287,15.5,16.1,15.5,92.7,13.8,0.000,0.080,0.00,0.000,0.7,1.1,0.2,326,0,1.1,1.6,0.2,332,10,1.1,1.6,0.2,332,10,0,28.89,,0,0,0,38.3,42.6,46.0,0.40,0.31,0.22
GROT,2019-11-08 23:20:00 EST,42.54855,-76.37534,1287,15.7,16.2,15.7,93.4,14.1,0.000,0.080,0.00,0.000,0.1,0.7,0.2,315,0,0.3,1.0,0.4,319,9,0.3,1.0,0.4,319,9,0,28.89,0.4,0,0,0,38.3,42.6,46.0,0.40,0.31,0.22
GROT,2019-11-08 23:25:00 EST,42.54855,-76.37534,1287,15.9,16.4,15.9,93.2,14.3,0.000,0.080,0.00,0.000,0.9,1.5,0.3,341,9,1.4,2.2,0.4,347,15,1.4,2.2,0.4,347,15,0,28.89,,0,0,0,38.3,42.6,46.0,0.40,0.31,0.22
GROT,2019-11-08 23:30:00 EST,42.54855,-76.37534,1287,15.7,16.2,15.7,92.8,13.9,0.000,0.080,0.00,0.000,0.7,1.1,0.3,343,2,1.1,1.7,0.3,334,13,1.1,1.7,0.3,334,13,0,28.89,,0,0,0,38.3,42.6,45.9,0.40,0.31,0.22
GROT,2019-11-08 23:35:00 EST,42.54855,-76.37534,1287,15.7,16.0,15.7,92.8,14.0,0.000,0.080,0.00,0.000,0.3,0.9,0.3,343,2,0.8,1.5,0.4,339,15,0.8,1.5,0.4,339,15,0,28.89,0.5,0,0,0,38.3,42.6,45.9,0.40,0.31,0.22
GROT,2019-11-08 23:40:00 EST,42.54855,-76.37534,1287,15.4,15.9,15.4,92.7,13.7,0.000,0.080,0.00,0.000,1.0,1.3,0.2,352,13,1.4,1.8,0.2,351,15,1.4,1.8,0.2,351,15,0,28.89,,0,0,0,38.2,42.6,45.9,0.40,0.31,0.22
GROT,2019-11-08 23:45:00 EST,42.54855,-76.37534,1287,15.3,15.9,15.3,93.2,13.7,0.000,0.080,0.00,0.000,0.9,1.2,0.1,324,8,1.2,1.6,0.2,325,10,1.2,1.6,0.2,325,10,0,28.89,,0,0,0,38.1,42.6,45.9,0.40,0.31,0.22
GROT,2019-11-08 23:50:00 EST,42.54855,-76.37534,1287,15.6,16.6,15.6,94.0,14.2,0.000,0.080,0.00,0.000,1.0,1.5,0.2,315,7,1.3,1.6,0.3,313,12,1.3,1.6,0.3,313,12,0,28.89,,0,0,0,38.1,42.6,45.9,0.40,0.31,0.22
GROT,2019-11-08 23:55:00 EST,42.54855,-76.37534,1287,16.0,17.7,16.0,93.4,14.4,0.000,0.080,0.00,0.000,1.5,5.0,1.0,216,23,1.7,4.8,0.9,231,29,1.7,4.8,0.9,231,29,0,28.89,,0,0,0,38.1,42.6,45.9,0.40,0.31,0.22
GROV,2019-11-08 00:00:00 EST,42.48951,-77.94946,2000,24.4,24.2,19.3,95.7,23.3,0.002,0.223,0.00,0.006,3.0,4.4,0.6,272,12,4.0,5.9,0.8,273,11,4.0,5.9,0.8,273,11,0,27.95,,0,0,,41.5,44.8,,0.31,0.35,
GROV,2019-11-08 00:05:00 EST,42.48951,-77.94946,2000,24.4,24.2,18.1,95.8,23.3,0.001,0.001,0.00,0.006,3.8,5.1,0.7,275,12,5.0,7.1,1.0,274,11,5.0,7.1,1.0,274,11,0,27.95,,0,0,,41.5,44.8,,0.31,0.35,
GROV,2019-11-08 00:10:00 EST,42.48951,-77.94946,2000,24.4,24.2,17.9,96.0,23.4,0.000,0.001,0.00,0.006,4.1,6.4,0.9,277,12,5.2,8.4,1.2,275,11,5.2,8.4,1.2,275,11,0,27.95,-1.0,0,0,,41.5,44.8,,0.31,0.35,
GROV,2019-11-08 00:15:00 EST,42.48951,-77.94946,2000,24.4,24.3,17.9,96.0,23.4,0.000,0.001,0.00,0.006,4.0,5.6,0.9,269,12,5.3,7.3,1.1,268,11,5.3,7.3,1.1,268,11,0,27.95,-0.9,0,0,,41.5,44.8,,0.31,0.35,
GROV,2019-11-08 00:20:00 EST,42.48951,-77.94946,2000,24.4,24.3,17.3,95.9,23.4,0.000,0.001,0.00,0.006,4.5,6.7,1.0,280,12,5.9,8.7,1.3,277,10,5.9,8.7,1.3,277,10,0,27.95,-1.0,0,0,,41.5,44.8,,0.31,0.35,
GROV,2019-11-08 00:25:00 EST,42.48951,-77.94946,2000,24.4,24.3,16.6,95.9,23.4,0.000,0.001,0.00,0.006,5.4,7.7,0.9,292,11,6.7,9.9,1.1,289,10,6.7,9.9,1.1,289,10,0,27.95,-1.0,0,0,,41.5,44.8,,0.31,0.35,
GROV,2019-11-08 00:30:00 EST,42.48951,-77.94946,2000,24.5,24.4,14.9,95.7,23.5,0.000,0.001,0.00,0.006,7.5,11.3,1.7,294,12,9.2,14.4,2.1,290,12,9.2,14.4,2.1,290,12,0,27.95,-0.9,0,0,,41.5,44.8,,0.31,0.35,
GROV,2019-11-08 00:35:00 EST,42.48951,-77.94946,2000,24.6,24.4,15.5,95.0,23.4,0.000,0.001,0.00,0.006,6.8,9.6,1.2,300,16,8.5,12.3,1.5,297,15,8.5,12.3,1.5,297,15,0,27.95,-0.9,0,0,,41.5,44.8,,0.31,0.35,
GROV,2019-11-08 00:40:00 EST,42.48951,-77.94946,2000,24.6,24.4,13.7,94.6,23.3,0.000,0.001,0.00,0.006,9.5,14.0,2.5,304,14,11.5,17.3,2.8,301,14,11.5,17.3,2.8,301,14,0,27.95,-0.8,0,0,,41.5,44.8,,0.31,0.35,
GROV,2019-11-08 00:45:00 EST,42.48951,-77.94946,2000,24.6,24.4,14.5,93.5,23.0,0.000,0.001,0.00,0.006,8.3,12.1,1.7,302,17,10.2,17.2,2.1,299,16,10.2,17.2,2.1,299,16,0,27.95,-0.8,0,0,,41.5,44.8,,0.31,0.35,
GROV,2019-11-08 00:50:00 EST,42.48951,-77.94946,2000,24.6,24.4,14.9,93.9,23.1,0.000,0.001,0.00,0.006,7.5,11.4,2.1,306,15,9.4,14.5,2.5,303,16,9.4,14.5,2.5,303,16,0,27.95,-0.7,0,0,,41.5,44.8,,0.31,0.35,
GROV,2019-11-08 00:55:00 EST,42.48951,-77.94946,2000,24.4,24.3,15.1,93.2,22.8,0.000,0.001,0.00,0.003,6.9,13.1,2.5,311,17,8.7,14.8,2.8,310,19,8.7,14.8,2.8,310,19,0,27.95,-0.7,0,0,,41.5,44.8,,0.31,0.35,
GROV,2019-11-08 01:00:00 EST,42.48951,-77.94946,2000,24.4,24.2,15.3,93.2,22.7,0.000,0.001,0.00,0.001,6.9,9.9,1.4,307,15,8.4,12.6,1.7,305,14,8.4,12.6,1.7,305,14,0,27.95,-0.7,0,0,,41.5,44.8,,0.31,0.35,
GROV,2019-11-08 01:05:00 EST,42.48951,-77.94946,2000,24.3,24.1,15.6,93.3,22.6,0.000,0.001,0.00,0.000,6.4,9.8,1.5,319,18,7.7,12.3,2.0,318,19,7.7,12.3,2.0,318,19,0,27.95,-0.7,0,0,,41.5,44.8,,0.31,0.35,
GROV,2019-11-08 01:10:00 EST,42.48951,-77.94946,2000,24.2,24.0,15.2,93.6,22.6,0.000,0.001,0.00,0.000,6.5,10.5,1.9,306,14,8.2,13.4,2.2,302,14,8.2,13.4,2.2,302,14,0,27.95,-0.7,0,0,,41.5,44.8,,0.31,0.35,
GROV,2019-11-08 01:15:00 EST,42.48951,-77.94946,2000,24.2,24.0,15.0,93.4,22.6,0.000,0.001,0.00,0.000,6.9,12.4,1.8,304,15,8.4,13.7,1.9,302,15,8.4,13.7,1.9,302,15,0,27.95,-0.7,0,0,,41.5,44.8,,0.31,0.35,
GROV,2019-11-08 01:20:00 EST,42.48951,-77.94946,2000,24.1,23.9,15.7,93.8,22.6,0.000,0.001,0.00,0.000,6.2,9.2,1.3,308,16,7.5,12.1,1.7,307,17,7.5,12.1,1.7,307,17,0,27.95,-0.7,0,0,,41.5,44.8,,0.31,0.35,
GROV,2019-11-08 01:25:00 EST,42.48951,-77.94946,2000,24.1,23.9,14.5,93.8,22.6,0.000,0.001,0.00,0.000,7.2,10.7,1.4,298,16,9.1,13.0,1.7,294,15,9.1,13.0,1.7,294,15,0,27.95,-0.7,0,0,,41.5,44.8,,0.31,0.35,
GROV,2019-11-08 01:30:00 EST,42.48951,-77.94946,2000,24.0,23.9,16.9,94.1,22.6,0.000,0.001,0.00,0.000,4.9,8.3,1.1,310,16,5.9,10.3,1.5,308,16,5.9,10.3,1.5,308,16,0,27.96,-0.7,0,0,,41.4,44.8,,0.31,0.35,
GROV,2019-11-08 01:35:00 EST,42.48951,-77.94946,2000,24.0,23.8,15.5,93.8,22.5,0.000,0.001,0.00,0.000,6.2,9.6,1.5,309,18,7.4,14.3,2.0,307,18,7.4,14.3,2.0,307,18,0,27.96,-0.6,0,0,,41.4,44.8,,0.31,0.35,
GROV,2019-11-08 01:40:00 EST,42.48951,-77.94946,2000,23.9,23.7,16.2,94.0,22.4,0.000,0.001,0.00,0.000,5.2,8.4,1.3,301,9,6.5,10.1,1.6,297,9,6.5,10.1,1.6,297,9,0,27.96,-0.7,0,0,,41.4,44.8,,0.31,0.35,
GROV,2019-11-08 01:45:00 EST,42.48951,-77.94946,2000,23.8,23.7,16.1,93.9,22.3,0.000,0.001,0.00,0.000,5.4,8.8,1.4,306,13,6.5,9.7,1.7,303,13,6.5,9.7,1.7,303,13,0,27.96,-0.7,0,0,,41.4,44.8,,0.31,0.35,
GROV,2019-11-08 01:50:00 EST,42.48951,-77.94946,2000,23.7,23.6,15.4,93.2,22.0,0.000,0.001,0.00,0.000,5.7,8.8,1.5,307,15,7.1,11.3,1.8,305,15,7.1,11.3,1.8,305,15,0,27.96,-0.7,0,0,,41.4,44.8,,0.31,0.35,
GROV,2019-11-08 01:55:00 EST,42.48951,-77.94946,2000,23.4,23.4,15.9,92.8,21.7,0.000,0.001,0.00,0.000,5.0,8.5,1.5,312,15,6.1,9.9,1.7,310,14,6.1,9.9,1.7,310,14,0,27.96,-0.7,0,0,,41.4,44.8,,0.31,0.35,
GROV,2019-11-08 02:00:00 EST,42.48951,-77.94946,2000,23.2,23.2,14.7,92.5,21.4,0.000,0.001,0.00,0.000,6.0,8.6,1.1,307,14,7.3,10.3,1.4,304,14,7.3,10.3,1.4,304,14,0,27.96,-0.7,0,0,,41.4,44.8,,0.31,0.35,
GROV,2019-11-08 02:05:00 EST,42.48951,-77.94946,2000,23.2,23.2,14.7,92.1,21.2,0.000,0.001,0.00,0.000,5.9,14.1,2.4,310,15,7.3,16.5,2.6,309,16,7.3,16.5,2.6,309,16,0,27.96,-0.8,0,0,,41.4,44.8,,0.31,0.35,
GROV,2019-11-08 02:10:00 EST,42.48951,-77.94946,2000,23.1,23.1,14.5,91.9,21.1,0.000,0.001,0.00,0.000,5.8,8.7,1.5,305,17,7.3,11.3,1.9,301,15,7.3,11.3,1.9,301,15,0,27.96,-0.7,0,0,,41.4,44.8,,0.31,0.35,
GROV,2019-11-08 02:15:00 EST,42.48951,-77.94946,2000,22.9,22.9,15.0,91.7,20.9,0.000,0.001,0.00,0.000,5.4,7.7,1.2,309,14,6.5,9.6,1.3,307,13,6.5,9.6,1.3,307,13,0,27.96,-0.5,0,0,,41.4,44.8,,0.31,0.35,
GROV,2019-11-08 02:20:00 EST,42.48951,-77.94946,2000,23.0,23.0,14.2,91.7,21.0,0.000,0.001,0.00,0.000,6.2,9.6,1.6,306,15,7.6,11.9,1.9,304,15,7.6,11.9,1.9,304,15,0,27.96,-0.5,0,0,,41.4,44.8,,0.31,0.35,
GROV,2019-11-08 02:25:00 EST,42.48951,-77.94946,2000,23.1,23.0,14.0,92.2,21.2,0.000,0.001,0.00,0.000,6.4,9.6,1.6,302,16,8.0,13.8,2.1,300,14,8.0,13.8,2.1,300,14,0,27.96,-0.7,0,0,,41.4,44.8,,0.31,0.35,
GROV,2019-11-08 02:30:00 EST,42.48951,-77.94946,2000,23.2,23.0,15.2,92.5,21.3,0.000,0.001,0.00,0.000,5.4,7.7,1.2,302,12,6.6,9.8,1.3,299,11,6.6,9.8,1.3,299,11,0,27.96,-0.5,0,0,,41.4,44.8,,0.31,0.35,
GROV,2019-11-08 02:35:00 EST,42.48951,-77.94946,2000,23.2,23.1,14.1,92.8,21.5,0.000,0.001,0.00,0.000,6.7,10.7,1.4,303,11,8.1,12.5,1.5,301,11,8.1,12.5,1.5,301,11,0,27.96,-0.6,0,0,,41.4,44.8,,0.31,0.35,
GROV,2019-11-08 02:40:00 EST,42.48951,-77.94946,2000,23.2,23.0,13.3,93.2,21.6,0.000,0.001,0.00,0.000,7.6,11.5,1.5,296,10,9.2,13.6,1.7,293,11,9.2,13.6,1.7,293,11,0,27.96,-0.8,0,0,,41.4,44.8,,0.31,0.35,
GROV,2019-11-08 02:45:00 EST,42.48951,-77.94946,2000,23.2,23.0,14.2,93.4,21.6,0.000,0.001,0.00,0.000,6.5,8.3,0.9,295,10,7.9,10.5,1.2,292,9,7.9,10.5,1.2,292,9,0,27.97,-0.9,0,0,,41.4,44.8,,0.31,0.35,
GROV,2019-11-08 02:50:00 EST,42.48951,-77.94946,2000,23.2,23.0,14.3,93.7,21.6,0.000,0.001,0.00,0.000,6.2,11.0,1.6,295,10,7.8,13.9,2.0,293,10,7.8,13.9,2.0,293,10,0,27.97,-0.9,0,0,,41.4,44.7,,0.31,0.35,
GROV,2019-11-08 02:55:00 EST,42.48951,-77.94946,2000,23.2,23.0,14.2,93.4,21.6,0.000,0.001,0.00,0.000,6.4,9.6,1.5,300,11,7.9,12.2,1.8,296,10,7.9,12.2,1.8,296,10,0,27.97,-1.0,0,0,,41.4,44.8,,0.31,0.35,
GROV,2019-11-08 03:00:00 EST,42.48951,-77.94946,2000,23.2,23.0,13.9,93.0,21.5,0.000,0.001,0.00,0.000,6.8,10.8,1.9,303,12,8.3,15.0,2.4,300,12,8.3,15.0,2.4,300,12,0,27.97,-1.0,0,0,,41.4,44.8,,0.31,0.35,
GROV,2019-11-08 03:05:00 EST,42.48951,-77.94946,2000,23.0,22.9,14.1,92.1,21.1,0.000,0.001,0.00,0.000,6.0,10.1,2.0,320,21,7.7,14.1,2.6,318,21,7.7,14.1,2.6,318,21,0,27.97,-0.7,0,0,,41.3,44.8,,0.31,0.35,
GROV,2019-11-08 03:10:00 EST,42.48951,-77.94946,2000,22.8,22.7,13.9,91.0,20.5,0.000,0.001,0.00,0.000,6.2,12.5,2.1,316,15,7.6,15.5,2.6,314,15,7.6,15.5,2.6,314,15,0,27.97,-0.7,0,0,,41.3,44.8,,0.31,0.35,
GROV,2019-11-08 03:15:00 EST,42.48951,-77.94946,2000,22.6,22.6,13.9,91.6,20.6,0.000,0.001,0.00,0.000,6.1,10.8,1.8,321,16,7.4,12.1,1.9,320,15,7.4,12.1,1.9,320,15,0,27.97,-0.8,0,0,,41.2,44.8,,0.31,0.35,
GROV,2019-11-08 03:20:00 EST,42.48951,-77.94946,2000,22.6,22.6,12.9,91.6,20.5,0.000,0.001,0.00,0.000,7.1,13.2,1.7,304,14,8.7,15.6,2.0,301,15,8.7,15.6,2.0,301,15,0,27.97,-0.9,0,0,,41.2,44.7,,0.31,0.35,
GROV,2019-11-08 03:25:00 EST,42.48951,-77.94946,2000,22.3,22.4,12.9,91.1,20.1,0.000,0.001,0.00,0.000,6.6,10.4,1.5,310,15,8.2,13.1,1.9,307,15,8.2,13.1,1.9,307,15,0,27.97,-0.8,0,0,,41.2,44.8,,0.31,0.35,
GROV,2019-11-08 03:30:00 EST,42.48951,-77.94946,2000,22.3,22.3,13.2,90.1,19.8,0.000,0.001,0.00,0.000,6.3,11.0,2.3,315,18,7.7,12.9,2.5,313,17,7.7,12.9,2.5,313,17,0,27.97,-0.6,0,0,,41.2,44.8,,0.31,0.35,
GROV,2019-11-08 03:35:00 EST,42.48951,-77.94946,2000,22.3,22.3,13.2,89.8,19.7,0.000,0.001,0.00,0.000,6.4,11.7,1.9,313,16,7.7,15.0,2.2,311,15,7.7,15.0,2.2,311,15,0,27.97,-0.5,0,0,,41.2,44.7,,0.31,0.35,
GROV,2019-11-08 03:40:00 EST,42.48951,-77.94946,2000,22.2,22.2,13.1,89.0,19.5,0.000,0.001,0.00,0.000,6.4,10.4,2.1,317,19,7.7,12.7,2.5,315,19,7.7,12.7,2.5,315,19,0,27.97,-0.2,0,0,,41.2,44.7,,0.31,0.35,
GROV,2019-11-08 03:45:00 EST,42.48951,-77.94946,2000,22.3,22.2,13.0,89.2,19.6,0.000,0.001,0.00,0.000,6.7,10.5,1.5,311,17,8.1,12.7,1.8,309,17,8.1,12.7,1.8,309,17,0,27.97,0.2,0,0,,41.2,44.7,,0.31,0.35,
GROV,2019-11-08 03:50:00 EST,42.48951,-77.94946,2000,22.3,22.2,13.8,89.8,19.7,0.000,0.001,0.00,0.000,5.7,8.2,1.2,310,13,6.9,10.4,1.4,307,14,6.9,10.4,1.4,307,14,0,27.97,0.5,0,0,,41.2,44.7,,0.31,0.35,
GROV,2019-11-08 03:55:00 EST,42.48951,-77.94946,2000,22.2,22.1,13.6,90.3,19.8,0.000,0.001,0.00,0.000,5.7,7.8,1.1,310,14,7.1,9.9,1.3,306,14,7.1,9.9,1.3,306,14,0,27.97,0.6,0,0,,41.2,44.6,,0.31,0.35,
GROV,2019-11-08 04:00:00 EST,42.48951,-77.94946,2000,22.2,22.2,13.7,90.3,19.8,0.000,0.001,0.00,0.000,5.7,8.5,1.3,302,13,7.0,12.4,1.5,299,12,7.0,12.4,1.5,299,12,0,27.97,0.6,0,0,,41.2,44.7,,0.31,0.35,
GROV,2019-11-08 04:05:00 EST,42.48951,-77.94946,2000,22.2,22.2,13.7,90.2,19.8,0.000,0.001,0.00,0.000,5.8,8.8,1.5,310,14,7.1,10.8,1.8,309,15,7.1,10.8,1.8,309,15,0,27.97,0.6,0,0,,41.2,44.6,,0.31,0.35,
GROV,2019-11-08 04:10:00 EST,42.48951,-77.94946,2000,22.2,22.2,13.6,90.2,19.8,0.000,0.001,0.00,0.000,5.8,9.6,1.5,305,15,7.1,13.7,1.7,303,14,7.1,13.7,1.7,303,14,0,27.97,0.6,0,0,,41.2,44.7,,0.31,0.35,
GROV,2019-11-08 04:15:00 EST,42.48951,-77.94946,2000,21.9,21.9,13.9,90.6,19.5,0.000,0.001,0.00,0.000,5.2,7.8,1.1,303,11,6.3,10.1,1.4,300,10,6.3,10.1,1.4,300,10,0,27.97,0.6,0,0,,41.2,44.6,,0.31,0.35,
GROV,2019-11-08 04:20:00 EST,42.48951,-77.94946,2000,21.8,21.9,13.1,91.1,19.6,0.000,0.001,0.00,0.000,5.8,9.6,1.2,303,13,7.1,12.0,1.4,300,13,7.1,12.0,1.4,300,13,0,27.97,0.7,0,0,,41.1,44.6,,0.31,0.35,
GROV,2019-11-08 04:25:00 EST,42.48951,-77.94946,2000,21.6,21.7,13.6,91.1,19.4,0.000,0.001,0.00,0.000,5.1,9.8,1.6,307,14,6.3,12.6,1.9,304,14,6.3,12.6,1.9,304,14,0,27.98,0.5,0,0,,41.1,44.6,,0.31,0.35,
GROV,2019-11-08 04:30:00 EST,42.48951,-77.94946,2000,21.7,21.7,12.8,90.9,19.4,0.000,0.001,0.00,0.000,5.9,9.9,1.3,314,16,7.3,12.7,1.7,311,16,7.3,12.7,1.7,311,16,0,27.98,0.7,0,0,,41.0,44.6,,0.31,0.35,
GROV,2019-11-08 04:35:00 EST,42.48951,-77.94946,2000,21.8,21.7,14.1,91.1,19.6,0.000,0.001,0.00,0.000,4.7,7.8,1.0,314,16,5.9,8.8,1.1,312,16,5.9,8.8,1.1,312,16,0,27.98,0.7,0,0,,41.0,44.6,,0.31,0.35,
GROV,2019-11-08 04:40:00 EST,42.48951,-77.94946,2000,21.9,21.8,13.9,91.4,19.7,0.000,0.001,0.00,0.000,5.1,7.4,1.1,311,15,6.3,9.2,1.2,309,15,6.3,9.2,1.2,309,15,0,27.98,0.8,0,0,,41.0,44.6,,0.31,0.35,
GROV,2019-11-08 04:45:00 EST,42.48951,-77.94946,2000,22.0,21.9,13.6,91.4,19.9,0.000,0.001,0.00,0.000,5.5,8.9,1.2,308,15,6.7,11.0,1.4,305,14,6.7,11.0,1.4,305,14,0,27.98,0.7,0,0,,41.0,44.6,,0.31,0.35,
GROV,2019-11-08 04:50:00 EST,42.48951,-77.94946,2000,22.0,21.9,13.3,91.7,20.0,0.000,0.001,0.00,0.000,5.8,8.7,1.2,307,12,7.2,10.5,1.4,304,13,7.2,10.5,1.4,304,13,0,27.98,0.6,0,0,,41.0,44.6,,0.31,0.35,
GROV,2019-11-08 04:55:00 EST,42.48951,-77.94946,2000,22.1,22.0,13.1,91.5,20.0,0.000,0.001,0.00,0.000,6.0,10.2,2.1,312,18,7.5,13.0,2.3,310,18,7.5,13.0,2.3,310,18,0,27.98,0.5,0,0,,41.0,44.6,,0.31,0.35,
GROV,2019-11-08 05:00:00 EST,42.48951,-77.94946,2000,22.1,22.0,12.8,90.6,19.7,0.000,0.001,0.00,0.000,6.7,11.7,1.6,321,18,8.0,14.7,2.1,321,19,8.0,14.7,2.1,321,19,0,27.99,0.5,0,0,,41.0,44.6,,0.31,0.35,
GROV,2019-11-08 05:05:00 EST,42.48951,-77.94946,2000,22.1,22.0,12.4,89.9,19.6,0.000,0.001,0.00,0.000,6.9,12.3,2.2,314,17,8.5,15.5,2.5,312,16,8.5,15.5,2.5,312,16,0,27.99,0.5,0,0,,41.0,44.6,,0.31,0.35,
GROV,2019-11-08 05:10:00 EST,42.48951,-77.94946,2000,22.0,21.9,11.8,88.6,19.1,0.000,0.001,0.00,0.000,7.4,11.6,1.9,321,19,9.1,15.3,2.2,321,17,9.1,15.3,2.2,321,17,0,27.99,0.6,0,0,,41.0,44.6,,0.31,0.35,
GROV,2019-11-08 05:15:00 EST,42.48951,-77.94946,2000,21.8,21.7,12.6,89.1,19.0,0.000,0.001,0.00,0.000,6.4,9.8,1.7,321,17,7.8,13.3,2.1,321,17,7.8,13.3,2.1,321,17,0,27.99,0.6,0,0,,41.0,44.6,,0.31,0.35,
GROV,2019-11-08 05:20:00 EST,42.48951,-77.94946,2000,21.6,21.6,13.1,89.7,19.1,0.000,0.001,0.00,0.000,5.6,10.1,1.9,320,17,6.9,14.1,2.3,319,17,6.9,14.1,2.3,319,17,0,28.00,0.6,0,0,,41.0,44.6,,0.31,0.35,
GROV,2019-11-08 05:25:00 EST,42.48951,-77.94946,2000,21.6,21.5,13.7,90.6,19.3,0.000,0.001,0.00,0.000,5.2,9.1,1.6,317,13,6.1,10.6,1.8,316,12,6.1,10.6,1.8,316,12,0,28.00,0.6,0,0,,41.0,44.6,,0.31,0.35,
GROV,2019-11-08 05:30:00 EST,42.48951,-77.94946,2000,21.6,21.5,12.4,91.8,19.6,0.003,0.004,0.00,0.003,6.3,10.0,1.5,329,16,7.8,12.2,1.9,329,15,7.8,12.2,1.9,329,15,0,28.00,0.5,0,0,,41.0,44.6,,0.31,0.35,
GROV,2019-11-08 05:35:00 EST,42.48951,-77.94946,2000,21.6,21.5,13.2,92.1,19.7,0.001,0.005,0.00,0.004,5.5,9.6,1.4,321,16,6.7,10.8,1.6,320,16,6.7,10.8,1.6,320,16,0,28.00,0.5,0,0,,41.0,44.6,,0.31,0.35,
GROV,2019-11-08 05:40:00 EST,42.48951,-77.94946,2000,21.6,21.5,14.7,92.6,19.8,0.000,0.005,0.00,0.004,4.1,8.8,1.3,325,18,5.2,11.8,1.7,324,17,5.2,11.8,1.7,324,17,0,28.00,0.6,0,0,,41.0,44.6,,0.31,0.35,
GROV,2019-11-08 05:45:00 EST,42.48951,-77.94946,2000,21.7,21.5,14.6,93.1,20.0,0.000,0.005,0.00,0.004,4.3,7.5,1.3,319,16,5.3,9.9,1.5,318,16,5.3,9.9,1.5,318,16,0,28.01,0.5,0,0,,41.0,44.6,,0.31,0.35,
GROV,2019-11-08 05:50:00 EST,42.48951,-77.94946,2000,21.6,21.5,12.2,93.3,20.0,0.000,0.005,0.00,0.004,6.3,9.9,1.7,319,21,8.0,14.8,2.1,318,21,8.0,14.8,2.1,318,21,0,28.01,0.3,0,0,,41.0,44.6,,0.31,0.35,
GROV,2019-11-08 05:55:00 EST,42.48951,-77.94946,2000,21.6,21.4,11.3,93.1,19.9,0.000,0.005,0.00,0.004,7.1,9.7,1.1,343,17,9.2,15.2,1.7,343,15,9.2,15.2,1.7,343,15,0,28.01,0.4,0,0,,41.0,44.6,,0.31,0.35,
GROV,2019-11-08 06:00:00 EST,42.48951,-77.94946,2000,21.5,21.4,12.7,93.2,19.9,0.000,0.005,0.00,0.004,5.5,9.4,1.5,343,14,7.2,13.1,2.0,343,13,7.2,13.1,2.0,343,13,0,28.01,0.7,0,0,,41.0,44.6,,0.31,0.35,
GROV,2019-11-08 06:05:00 EST,42.48951,-77.94946,2000,21.4,21.3,10.8,92.6,19.6,0.006,0.011,0.00,0.010,7.3,12.0,1.4,346,24,9.7,17.8,2.2,345,15,9.7,17.8,2.2,345,15,0,28.01,0.4,0,0,,41.0,44.6,,0.31,0.35,
GROV,2019-11-08 06:10:00 EST,42.48951,-77.94946,2000,21.3,21.2,10.8,92.6,19.5,0.001,0.012,0.00,0.011,7.3,11.0,1.7,340,14,9.6,15.1,2.3,341,12,9.6,15.1,2.3,341,12,0,28.02,0.5,0,0,,40.9,44.6,,0.31,0.35,
GROV,2019-11-08 06:15:00 EST,42.48951,-77.94946,2000,21.2,21.1,12.3,93.2,19.6,0.000,0.012,0.00,0.011,5.5,10.8,1.7,339,21,7.2,14.1,2.4,342,18,7.2,14.1,2.4,342,18,0,28.02,0.3,0,0,,41.0,44.6,,0.31,0.35,
GROV,2019-11-08 06:20:00 EST,42.48951,-77.94946,2000,21.2,21.0,11.5,93.3,19.5,0.000,0.012,0.00,0.011,6.2,10.1,1.6,341,25,8.2,13.5,2.1,340,16,8.2,13.5,2.1,340,16,0,28.02,0.5,0,0,,40.8,44.6,,0.31,0.35,
GROV,2019-11-08 06:25:00 EST,42.48951,-77.94946,2000,21.0,20.9,11.1,93.5,19.4,0.000,0.012,0.00,0.011,6.9,13.3,2.7,324,21,8.6,15.9,3.0,323,21,8.6,15.9,3.0,323,21,0,28.02,0.3,0,0,,40.8,44.6,,0.31,0.35,
GROV,2019-11-08 06:30:00 EST,42.48951,-77.94946,2000,20.8,20.7,10.2,92.1,18.9,0.000,0.012,0.00,0.008,7.6,11.7,2.3,336,15,9.4,15.4,3.0,336,14,9.4,15.4,3.0,336,14,0,28.02,0.1,0,0,,40.8,44.6,,0.31,0.35,
GROV,2019-11-08 06:35:00 EST,42.48951,-77.94946,2000,20.7,20.6,10.7,91.8,18.7,0.000,0.012,0.00,0.007,6.6,10.4,1.5,333,21,8.6,14.7,2.4,333,21,8.6,14.7,2.4,333,21,0,28.02,0.6,0,0,,40.8,44.6,,0.31,0.35,
GROV,2019-11-08 06:40:00 EST,42.48951,-77.94946,2000,20.6,20.4,10.0,91.5,18.5,0.000,0.012,0.00,0.007,7.2,12.1,2.5,335,16,9.3,16.3,3.3,336,15,9.3,16.3,3.3,336,15,0,28.03,0.8,0,0,,40.8,44.6,,0.31,0.35,
GROV,2019-11-08 06:45:00 EST,42.48951,-77.94946,2000,20.5,20.4,10.4,91.0,18.3,0.000,0.012,0.00,0.007,6.9,10.5,1.6,333,15,8.7,14.1,2.0,333,14,8.7,14.1,2.0,333,14,0,28.03,1.0,0,0,,40.8,44.6,,0.31,0.35,
GROV,2019-11-08 06:50:00 EST,42.48951,-77.94946,2000,20.5,20.3,9.9,91.4,18.3,0.000,0.012,0.00,0.007,7.1,11.2,1.5,342,17,9.3,15.8,2.2,341,15,9.3,15.8,2.2,341,15,1,28.03,-0.1,0,0,,40.8,44.6,,0.31,0.35,
GROV,2019-11-08 06:55:00 EST,42.48951,-77.94946,2000,20.4,20.2,10.6,91.9,18.4,0.000,0.012,0.00,0.007,6.2,9.3,1.5,339,18,8.2,13.5,2.0,339,15,8.2,13.5,2.0,339,15,2,28.03,-0.2,0,0,,40.8,44.6,,0.31,0.35,
GROV,2019-11-08 07:00:00 EST,42.48951,-77.94946,2000,20.3,20.2,10.5,92.3,18.5,0.000,0.012,0.00,0.007,6.2,11.2,2.2,337,15,8.2,15.7,2.7,339,15,8.2,15.7,2.7,339,15,3,28.03,-0.4,0,0,,40.8,44.6,,0.31,0.35,
GROV,2019-11-08 07:05:00 EST,42.48951,-77.94946,2000,20.2,20.1,11.2,92.1,18.3,0.000,0.012,0.00,0.001,5.7,8.7,1.6,333,16,7.2,11.9,2.1,333,16,7.2,11.9,2.1,333,16,5,28.04,-0.4,0,0,,40.8,44.6,,0.31,0.35,
GROV,2019-11-08 07:10:00 EST,42.48951,-77.94946,2000,20.2,20.0,11.9,92.3,18.3,0.000,0.012,0.00,0.000,4.6,9.1,1.6,338,20,6.3,13.2,2.3,337,17,6.3,13.2,2.3,337,17,6,28.04,-0.4,0,0,,40.8,44.6,,0.31,0.35,
GROV,2019-11-08 07:15:00 EST,42.48951,-77.94946,2000,20.1,20.0,10.2,92.4,18.3,0.000,0.012,0.00,0.000,6.3,9.6,1.6,343,14,8.3,12.6,2.1,344,13,8.3,12.6,2.1,344,13,8,28.04,-0.4,0,0,,40.8,44.6,,0.31,0.35,
GROV,2019-11-08 07:20:00 EST,42.48951,-77.94946,2000,20.1,19.9,10.6,92.5,18.2,0.000,0.012,0.00,0.000,5.7,9.0,1.4,346,22,7.6,14.1,2.1,345,13,7.6,14.1,2.1,345,13,9,28.04,-0.4,0,0,,40.8,44.5,,0.31,0.35,
GROV,2019-11-08 07:25:00 EST,42.48951,-77.94946,2000,20.0,19.8,11.5,92.5,18.2,0.000,0.012,0.00,0.000,5.0,10.7,1.8,336,16,6.4,13.0,1.9,336,15,6.4,13.0,1.9,336,15,15,28.05,-0.4,0,0,,40.8,44.6,,0.31,0.35,
GROV,2019-11-08 07:30:00 EST,42.48951,-77.94946,2000,19.9,19.8,10.9,92.6,18.1,0.000,0.012,0.00,0.000,5.5,8.3,1.3,341,20,7.1,11.7,1.8,341,15,7.1,11.7,1.8,341,15,21,28.05,-0.2,0,0,,40.8,44.6,,0.31,0.35,
GROV,2019-11-08 07:35:00 EST,42.48951,-77.94946,2000,19.9,19.8,10.4,92.5,18.1,0.000,0.012,0.00,0.000,5.7,10.2,1.7,347,12,7.6,13.2,2.5,348,11,7.6,13.2,2.5,348,11,25,28.05,0.1,0,0,,40.8,44.6,,0.31,0.35,
GROV,2019-11-08 07:40:00 EST,42.48951,-77.94946,2000,20.0,19.8,10.5,91.9,18.0,0.000,0.012,0.00,0.000,5.8,8.8,1.4,343,18,7.6,11.8,1.8,344,17,7.6,11.8,1.8,344,17,27,28.05,-0.0,0,0,,40.8,44.5,,0.31,0.35,
GROV,2019-11-08 07:45:00 EST,42.48951,-77.94946,2000,20.0,19.8,10.9,91.4,17.9,0.000,0.012,0.00,0.000,5.6,10.4,1.5,341,20,7.2,12.7,1.8,342,14,7.2,12.7,1.8,342,14,40,28.05,-0.2,0,0,,40.8,44.5,,0.31,0.35,
GROV,2019-11-08 07:50:00 EST,42.48951,-77.94946,2000,20.1,19.9,10.2,91.0,17.8,0.000,0.012,0.00,0.000,6.3,10.0,1.8,339,18,8.1,12.9,2.5,341,14,8.1,12.9,2.5,341,14,37,28.05,0.0,0,0,,40.8,44.5,,0.31,0.35,
GROV,2019-11-08 07:55:00 EST,42.48951,-77.94946,2000,20.1,19.9,11.5,90.3,17.7,0.000,0.012,0.00,0.000,5.3,8.6,1.5,332,17,6.6,11.1,1.8,332,16,6.6,11.1,1.8,332,16,39,28.06,-0.1,0,0,,40.8,44.5,,0.31,0.35,
GROV,2019-11-08 08:00:00 EST,42.48951,-77.94946,2000,20.1,20.0,12.2,90.1,17.7,0.000,0.012,0.00,0.000,4.7,7.9,1.3,322,18,5.9,9.3,1.5,320,16,5.9,9.3,1.5,320,16,43,28.06,-0.3,0,0,,40.7,44.5,,0.31,0.35,
GROV,2019-11-08 08:05:00 EST,42.48951,-77.94946,2000,20.1,19.9,10.3,88.1,17.1,0.000,0.012,0.00,0.000,6.2,11.3,2.1,317,18,8.0,14.2,2.4,314,19,8.0,14.2,2.4,314,19,45,28.06,-0.1,0,0,,40.6,44.5,,0.31,0.35,
GROV,2019-11-08 08:10:00 EST,42.48951,-77.94946,2000,20.0,19.8,10.1,87.3,16.8,0.000,0.012,0.00,0.000,6.7,11.5,1.7,318,23,8.1,13.6,1.8,318,18,8.1,13.6,1.8,318,18,47,28.06,0.1,0,0,,40.6,44.5,,0.31,0.35,
GROV,2019-11-08 08:15:00 EST,42.48951,-77.94946,2000,19.8,19.7,9.7,87.1,16.6,0.000,0.012,0.00,0.000,6.8,11.7,2.3,328,19,8.5,15.3,2.7,328,19,8.5,15.3,2.7,328,19,64,28.07,-0.1,0,0,,40.6,44.5,,0.31,0.35,
GROV,2019-11-08 08:20:00 EST,42.48951,-77.94946,2000,19.8,19.7,11.4,87.3,16.6,0.000,0.012,0.00,0.000,5.1,9.0,1.3,317,16,6.3,9.8,1.5,316,14,6.3,9.8,1.5,316,14,80,28.07,0.1,0,0,,40.6,44.4,,0.31,0.35,
GROV,2019-11-08 08:25:00 EST,42.48951,-77.94946,2000,20.0,19.8,10.9,87.1,16.7,0.000,0.012,0.00,0.000,5.6,9.9,1.6,329,20,7.0,12.9,2.0,332,17,7.0,12.9,2.0,332,17,108,28.07,-0.1,0,0,,40.6,44.4,,0.31,0.35,
GROV,2019-11-08 08:30:00 EST,42.48951,-77.94946,2000,20.1,19.9,10.9,87.0,16.9,0.000,0.012,0.00,0.000,5.8,10.3,1.8,334,20,7.4,13.9,2.3,336,19,7.4,13.9,2.3,336,19,136,28.07,0.1,0,0,,40.6,44.4,,0.31,0.35,
GROV,2019-11-08 08:35:00 EST,42.48951,-77.94946,2000,20.1,19.9,9.3,85.2,16.4,0.000,0.012,0.00,0.000,7.8,12.6,2.3,329,20,9.6,16.5,2.8,330,18,9.6,16.5,2.8,330,18,137,28.07,0.3,0,0,,40.6,44.4,,0.31,0.35,
GROV,2019-11-08 08:40:00 EST,42.48951,-77.94946,2000,20.0,19.8,9.3,83.9,15.9,0.000,0.012,0.00,0.000,7.5,12.4,1.7,330,18,9.3,14.2,2.0,332,16,9.3,14.2,2.0,332,16,126,28.07,0.6,0,0,,40.6,44.4,,0.31,0.35,
GROV,2019-11-08 08:45:00 EST,42.48951,-77.94946,2000,19.9,19.7,9.1,83.8,15.8,0.000,0.012,0.00,0.000,7.4,11.3,1.7,335,19,9.4,15.2,2.4,336,17,9.4,15.2,2.4,336,17,139,28.07,0.6,0,0,,40.6,44.4,,0.31,0.35,
GROV,2019-11-08 08:50:00 EST,42.48951,-77.94946,2000,20.1,19.8,10.4,84.6,16.2,0.000,0.012,0.00,0.000,6.4,10.7,1.4,326,18,7.8,13.2,1.8,328,16,7.8,13.2,1.8,328,16,161,28.07,0.8,0,0,,40.6,44.4,,0.31,0.35,
GROV,2019-11-08 08:55:00 EST,42.48951,-77.94946,2000,20.1,19.9,10.1,84.3,16.1,0.000,0.012,0.00,0.000,6.9,11.0,1.9,329,23,8.3,13.5,2.2,329,16,8.3,13.5,2.2,329,16,139,28.07,0.6,0,0,,40.6,44.4,,0.31,0.35,
GROV,2019-11-08 09:00:00 EST,42.48951,-77.94946,2000,20.0,19.8,10.1,84.3,16.0,0.000,0.012,0.00,0.000,6.8,9.6,1.4,323,20,8.2,12.6,1.7,324,19,8.2,12.6,1.7,324,19,145,28.08,0.7,0,0,,40.6,44.4,,0.31,0.35,
GROV,2019-11-08 09:05:00 EST,42.48951,-77.94946,2000,20.0,19.8,10.0,83.6,15.8,0.000,0.012,0.00,0.000,6.6,10.2,1.5,321,21,8.4,13.9,1.9,321,21,8.4,13.9,1.9,321,21,184,28.08,0.7,0,0,,40.6,44.4,,0.31,0.35,
GROV,2019-11-08 09:10:00 EST,42.48951,-77.94946,2000,20.4,20.2,11.9,84.1,16.4,0.000,0.012,0.00,0.000,4.9,9.6,1.2,328,20,6.5,10.5,1.5,326,20,6.5,10.5,1.5,326,20,236,28.08,0.7,0,0,,40.6,44.4,,0.31,0.35,
GROV,2019-11-08 09:15:00 EST,42.48951,-77.94946,2000,20.5,20.2,10.7,83.4,16.2,0.000,0.012,0.00,0.000,6.6,10.8,1.7,323,17,8.1,14.1,2.1,321,17,8.1,14.1,2.1,321,17,201,28.08,0.6,0,0,,40.6,44.4,,0.31,0.35,
GROV,2019-11-08 09:20:00 EST,42.48951,-77.94946,2000,20.7,20.4,12.0,84.4,16.7,0.000,0.012,0.00,0.000,5.4,9.1,1.5,317,20,6.8,12.6,1.8,315,19,6.8,12.6,1.8,315,19,194,28.08,0.5,0,0,,40.6,44.4,,0.31,0.35,
GROV,2019-11-08 09:25:00 EST,42.48951,-77.94946,2000,20.6,20.2,9.9,82.4,16.1,0.000,0.012,0.00,0.000,7.6,11.2,2.1,331,22,9.5,15.9,2.8,334,21,9.5,15.9,2.8,334,21,225,28.08,0.5,0,0,,40.6,44.4,,0.31,0.35,
GROV,2019-11-08 09:30:00 EST,42.48951,-77.94946,2000,20.6,20.3,9.7,80.3,15.5,0.000,0.012,0.00,0.000,7.9,12.9,2.1,327,15,9.8,14.8,2.4,326,16,9.8,14.8,2.4,326,16,202,28.08,0.6,0,0,,40.6,44.4,,0.30,0.35,
GROV,2019-11-08 09:35:00 EST,42.48951,-77.94946,2000,20.7,20.5,11.3,80.4,15.6,0.000,0.012,0.00,0.000,6.4,13.4,2.7,328,17,7.8,17.9,3.1,330,14,7.8,17.9,3.1,330,14,232,28.08,0.6,0,0,,40.6,44.4,,0.31,0.35,
GROV,2019-11-08 09:40:00 EST,42.48951,-77.94946,2000,20.7,20.4,10.8,79.1,15.2,0.000,0.012,0.00,0.000,6.8,12.9,1.8,326,16,8.4,14.3,2.1,328,18,8.4,14.3,2.1,328,18,192,28.08,0.6,0,0,,40.6,44.4,,0.30,0.35,
GROV,2019-11-08 09:45:00 EST,42.48951,-77.94946,2000,20.7,20.4,11.0,79.6,15.4,0.000,0.012,0.00,0.000,6.6,10.7,1.8,334,15,8.1,14.5,2.3,336,16,8.1,14.5,2.3,336,16,207,28.08,0.7,0,0,,40.6,44.4,,0.31,0.35,
GROV,2019-11-08 09:50:00 EST,42.48951,-77.94946,2000,20.9,20.6,11.1,79.1,15.4,0.000,0.012,0.00,0.000,6.7,11.8,1.5,325,17,8.3,14.6,1.9,324,16,8.3,14.6,1.9,324,16,287,28.08,0.7,0,0,,40.6,44.4,,0.30,0.35,
GROV,2019-11-08 09:55:00 EST,42.48951,-77.94946,2000,21.0,20.8,11.4,79.4,15.7,0.000,0.012,0.00,0.000,6.5,13.2,2.6,324,22,8.2,17.1,3.2,323,21,8.2,17.1,3.2,323,21,183,28.08,0.6,0,0,,40.6,44.4,,0.31,0.35,
GROV,2019-11-08 10:00:00 EST,42.48951,-77.94946,2000,21.0,20.7,11.1,79.6,15.7,0.000,0.012,0.00,0.000,6.6,12.3,1.8,330,23,8.5,14.7,2.2,330,21,8.5,14.7,2.2,330,21,198,28.09,0.7,0,0,,40.6,44.4,,0.31,0.35,
GROV,2019-11-08 10:05:00 EST,42.48951,-77.94946,2000,21.0,20.7,10.9,78.6,15.4,0.000,0.012,0.00,0.000,7.1,12.1,2.0,330,19,8.8,15.6,2.5,331,19,8.8,15.6,2.5,331,19,244,28.09,0.6,0,0,,40.6,44.4,,0.31,0.35,
GROV,2019-11-08 10:10:00 EST,42.48951,-77.94946,2000,21.2,20.9,10.9,79.6,15.8,0.000,0.012,0.00,0.000,7.3,12.9,1.7,313,19,9.0,15.9,2.2,311,20,9.0,15.9,2.2,311,20,199,28.09,0.6,0,0,,40.5,44.4,,0.30,0.35,
GROV,2019-11-08 10:15:00 EST,42.48951,-77.94946,2000,21.4,21.0,10.6,78.7,15.8,0.000,0.012,0.00,0.000,8.1,12.5,2.2,311,20,9.9,15.7,2.6,309,21,9.9,15.7,2.6,309,21,339,28.09,0.6,0,0,,40.5,44.4,,0.31,0.35,
GROV,2019-11-08 10:20:00 EST,42.48951,-77.94946,2000,21.2,20.9,10.5,77.4,15.3,0.000,0.012,0.00,0.000,8.1,15.1,2.5,306,21,9.9,19.3,3.0,304,20,9.9,19.3,3.0,304,20,227,28.09,0.6,0,0,,40.5,44.4,,0.30,0.35,
GROV,2019-11-08 10:25:00 EST,42.48951,-77.94946,2000,21.2,20.9,11.1,77.4,15.2,0.000,0.012,0.00,0.000,7.3,12.3,1.8,306,17,8.9,15.5,2.2,303,19,8.9,15.5,2.2,303,19,199,28.09,0.6,0,0,,40.5,44.4,,0.31,0.35,
GROV,2019-11-08 10:30:00 EST,42.48951,-77.94946,2000,21.4,21.1,12.6,78.8,15.8,0.000,0.012,0.00,0.000,5.7,9.4,1.6,312,17,7.1,12.8,1.9,309,19,7.1,12.8,1.9,309,19,243,28.09,0.6,0,0,,40.5,44.3,,0.31,0.35,
GROV,2019-11-08 10:35:00 EST,42.48951,-77.94946,2000,21.4,21.1,11.2,76.7,15.2,0.000,0.012,0.00,0.000,7.8,12.6,2.1,307,13,9.1,13.7,2.3,304,13,9.1,13.7,2.3,304,13,257,28.09,0.7,0,0,,40.5,44.3,,0.30,0.35,
GROV,2019-11-08 10:40:00 EST,42.48951,-77.94946,2000,21.5,21.2,10.5,74.9,14.8,0.000,0.012,0.00,0.000,8.7,14.2,2.1,314,19,10.2,16.0,2.3,311,19,10.2,16.0,2.3,311,19,215,28.09,0.7,0,0,,40.5,44.3,,0.30,0.35,
GROV,2019-11-08 10:45:00 EST,42.48951,-77.94946,2000,21.4,21.1,11.2,73.5,14.2,0.000,0.012,0.00,0.000,7.5,13.6,2.0,311,15,9.0,16.4,2.3,310,17,9.0,16.4,2.3,310,17,190,28.09,0.8,0,0,,40.5,44.4,,0.30,0.35,
GROV,2019-11-08 10:50:00 EST,42.48951,-77.94946,2000,21.5,21.2,10.9,74.3,14.6,0.000,0.012,0.00,0.000,8.0,13.4,2.1,317,20,9.7,15.0,2.6,317,20,9.7,15.0,2.6,317,20,216,28.09,0.8,0,0,,40.5,44.4,,0.30,0.35,
GROV,2019-11-08 10:55:00 EST,42.48951,-77.94946,2000,21.6,21.2,11.5,75.5,15.0,0.000,0.012,0.00,0.000,7.0,11.3,2.1,345,18,9.0,15.0,2.9,346,14,9.0,15.0,2.9,346,14,206,28.10,0.7,0,0,,40.5,44.3,,0.30,0.35,
GROV,2019-11-08 11:00:00 EST,42.48951,-77.94946,2000,21.6,21.3,11.8,76.3,15.3,0.000,0.012,0.00,0.000,6.6,11.5,1.8,341,15,8.5,16.0,2.6,342,13,8.5,16.0,2.6,342,13,167,28.10,0.7,0,0,,40.5,44.3,,0.30,0.35,
GROV,2019-11-08 11:05:00 EST,42.48951,-77.94946,2000,21.7,21.4,11.4,76.4,15.4,0.000,0.012,0.00,0.000,7.6,12.1,2.1,334,16,9.3,14.8,2.6,333,15,9.3,14.8,2.6,333,15,168,28.10,0.7,0,0,,40.5,44.1,,0.30,0.35,
GROV,2019-11-08 11:10:00 EST,42.48951,-77.94946,2000,21.7,21.4,10.9,73.9,14.6,0.000,0.012,0.00,0.000,7.8,13.0,2.6,342,19,9.9,17.0,3.2,343,17,9.9,17.0,3.2,343,17,232,28.10,0.6,0,0,,40.5,44.1,,0.30,0.35,
GROV,2019-11-08 11:15:00 EST,42.48951,-77.94946,2000,21.8,21.6,12.2,72.7,14.4,0.000,0.012,0.00,0.000,7.0,11.8,1.7,325,19,8.4,13.6,1.9,325,18,8.4,13.6,1.9,325,18,226,28.10,0.6,0,0,,40.5,44.2,,0.30,0.35,
GROV,2019-11-08 11:20:00 EST,42.48951,-77.94946,2000,21.9,21.6,12.0,72.7,14.5,0.000,0.012,0.00,0.000,7.1,11.5,1.4,341,19,8.8,15.0,2.1,341,16,8.8,15.0,2.1,341,16,235,28.09,0.1,0,0,,40.5,44.1,,0.30,0.35,
GROV,2019-11-08 11:25:00 EST,42.48951,-77.94946,2000,22.0,21.7,11.9,71.2,14.1,0.000,0.012,0.00,0.000,7.5,12.6,2.0,320,20,9.0,15.1,2.4,320,21,9.0,15.1,2.4,320,21,253,28.09,0.3,0,0,,40.5,44.1,,0.30,0.35,
GROV,2019-11-08 11:30:00 EST,42.48951,-77.94946,2000,22.0,21.7,10.8,69.8,13.7,0.000,0.012,0.00,0.000,9.2,15.3,2.1,312,16,10.9,16.6,2.4,311,18,10.9,16.6,2.4,311,18,261,28.09,0.3,0,0,,40.5,44.1,,0.30,0.35,
GROV,2019-11-08 11:35:00 EST,42.48951,-77.94946,2000,21.9,21.6,10.8,69.6,13.5,0.000,0.012,0.00,0.000,9.0,15.9,2.4,308,15,10.5,17.7,2.6,305,15,10.5,17.7,2.6,305,15,189,28.09,-0.0,0,0,,40.5,44.1,,0.30,0.35,
GROV,2019-11-08 11:40:00 EST,42.48951,-77.94946,2000,21.8,21.6,10.8,68.5,13.0,0.000,0.012,0.00,0.000,9.0,15.0,2.6,315,18,10.5,17.6,3.0,314,18,10.5,17.6,3.0,314,18,262,28.09,0.1,0,0,,40.5,44.1,,0.30,0.35,
GROV,2019-11-08 11:45:00 EST,42.48951,-77.94946,2000,22.2,21.9,11.9,69.5,13.8,0.000,0.012,0.00,0.000,8.1,13.4,1.9,317,18,9.5,16.1,2.2,316,19,9.5,16.1,2.2,316,19,263,28.09,-0.1,0,0,,40.4,44.1,,0.30,0.35,
GROV,2019-11-08 11:50:00 EST,42.48951,-77.94946,2000,22.1,21.8,11.3,68.6,13.3,0.000,0.012,0.00,0.000,8.8,12.9,2.4,314,14,10.1,14.5,2.6,310,15,10.1,14.5,2.6,310,15,231,28.09,0.3,0,0,,40.4,44.1,,0.30,0.35,
GROV,2019-11-08 11:55:00 EST,42.48951,-77.94946,2000,22.0,21.7,11.5,70.0,13.7,0.000,0.012,0.00,0.000,8.0,15.8,2.1,314,20,9.6,18.7,2.6,312,20,9.6,18.7,2.6,312,20,190,28.09,0.3,0,0,,40.3,44.1,,0.30,0.35,
GROV,2019-11-08 12:00:00 EST,42.48951,-77.94946,2000,21.9,21.7,11.4,69.4,13.5,0.000,0.012,0.00,0.000,8.3,13.9,2.7,321,19,9.8,17.8,2.6,320,19,9.8,17.8,2.6,320,19,216,28.09,0.3,0,0,,40.4,44.1,,0.30,0.35,
GROV,2019-11-08 12:05:00 EST,42.48951,-77.94946,2000,22.0,21.8,11.9,70.2,13.8,0.000,0.012,0.00,0.000,7.7,14.7,3.2,323,22,9.1,18.4,3.6,322,22,9.1,18.4,3.6,322,22,272,28.08,0.3,0,0,,40.3,44.1,,0.30,0.35,
GROV,2019-11-08 12:10:00 EST,42.48951,-77.94946,2000,22.5,22.1,11.8,68.4,13.7,0.000,0.012,0.00,0.000,8.6,13.9,2.0,315,23,10.2,16.3,2.5,314,23,10.2,16.3,2.5,314,23,373,28.08,0.5,0,0,,40.3,44.1,,0.30,0.35,
GROV,2019-11-08 12:15:00 EST,42.48951,-77.94946,2000,23.2,22.8,14.2,69.0,14.6,0.000,0.012,0.00,0.000,6.6,14.0,2.6,331,27,8.0,18.6,3.0,331,24,8.0,18.6,3.0,331,24,555,28.08,0.7,0,0,,40.3,44.1,,0.30,0.35,
GROV,2019-11-08 12:20:00 EST,42.48951,-77.94946,2000,23.6,23.0,13.0,66.4,14.0,0.000,0.012,0.00,0.000,9.0,15.0,3.5,306,17,10.5,16.5,3.2,307,18,10.5,16.5,3.2,307,18,590,28.08,0.7,0,0,,40.3,44.1,,0.30,0.35,
GROV,2019-11-08 12:25:00 EST,42.48951,-77.94946,2000,23.3,22.6,12.5,67.2,14.0,0.000,0.012,0.00,0.000,9.4,17.2,2.7,304,16,10.7,20.3,2.9,302,16,10.7,20.3,2.9,302,16,509,28.08,0.7,0,0,,40.3,44.1,,0.30,0.35,
GROV,2019-11-08 12:30:00 EST,42.48951,-77.94946,2000,22.8,22.3,12.1,70.1,14.5,0.000,0.012,0.00,0.000,9.3,14.5,2.5,302,15,10.5,18.4,2.8,299,16,10.5,18.4,2.8,299,16,255,28.08,0.6,0,0,,40.3,44.1,,0.30,0.35,
GROV,2019-11-08 12:35:00 EST,42.48951,-77.94946,2000,22.2,21.9,11.4,69.6,13.8,0.000,0.012,0.00,0.000,9.0,12.7,2.2,331,18,10.4,16.4,2.8,332,18,10.4,16.4,2.8,332,18,181,28.08,0.6,0,0,,40.3,44.1,,0.30,0.35,
GROV,2019-11-08 12:40:00 EST,42.48951,-77.94946,2000,22.0,21.7,11.6,70.9,13.9,0.000,0.012,0.00,0.000,7.8,12.8,2.1,333,17,9.4,15.2,2.4,334,16,9.4,15.2,2.4,334,16,128,28.08,0.4,0,0,,40.3,44.1,,0.30,0.35,
GROV,2019-11-08 12:45:00 EST,42.48951,-77.94946,2000,22.0,21.8,12.1,71.6,14.3,0.000,0.012,0.00,0.000,7.6,11.9,2.6,326,20,8.8,14.4,2.7,327,20,8.8,14.4,2.7,327,20,146,28.08,0.3,0,0,,40.3,44.1,,0.30,0.35,
GROV,2019-11-08 12:50:00 EST,42.48951,-77.94946,2000,22.0,21.7,11.5,68.5,13.2,0.000,0.012,0.00,0.000,8.6,14.4,2.5,324,18,9.7,16.0,2.6,324,18,9.7,16.0,2.6,324,18,177,28.08,0.4,0,0,,40.3,44.1,,0.30,0.35,
GROV,2019-11-08 12:55:00 EST,42.48951,-77.94946,2000,22.4,22.1,11.9,67.0,13.1,0.000,0.012,0.00,0.000,8.6,14.7,2.1,320,21,9.7,18.0,2.3,317,20,9.7,18.0,2.3,317,20,273,28.08,0.4,0,0,,40.3,44.1,,0.30,0.35,
GROV,2019-11-08 13:00:00 EST,42.48951,-77.94946,2000,23.2,22.7,12.5,64.3,12.9,0.000,0.012,0.00,0.000,9.6,14.7,2.7,309,14,10.6,16.4,2.8,306,14,10.6,16.4,2.8,306,14,603,28.08,0.4,0,0,,40.3,44.1,,0.30,0.35,
GROV,2019-11-08 13:05:00 EST,42.48951,-77.94946,2000,23.7,23.0,13.0,63.2,13.0,0.000,0.012,0.00,0.000,9.8,18.2,2.4,305,17,10.8,18.7,2.7,302,16,10.8,18.7,2.7,302,16,578,28.08,0.6,0,0,,40.3,44.1,,0.30,0.35,
GROV,2019-11-08 13:10:00 EST,42.48951,-77.94946,2000,22.9,22.3,11.2,65.2,13.0,0.000,0.012,0.00,0.000,11.3,18.2,3.2,301,11,12.4,20.2,3.6,298,11,12.4,20.2,3.6,298,11,245,28.08,0.8,0,0,,40.3,44.1,,0.30,0.35,
GROV,2019-11-08 13:15:00 EST,42.48951,-77.94946,2000,23.1,22.6,12.1,67.6,14.0,0.000,0.012,0.00,0.000,9.2,14.2,2.6,4,13,11.1,17.1,3.1,1,12,11.1,17.1,3.1,1,12,264,28.08,0.7,0,0,,40.3,44.1,,0.30,0.35,
GROV,2019-11-08 13:20:00 EST,42.48951,-77.94946,2000,22.5,22.2,11.7,68.1,13.6,0.000,0.012,0.00,0.000,8.8,13.7,2.3,354,18,10.5,17.4,2.9,353,13,10.5,17.4,2.9,353,13,212,28.08,0.7,0,0,,40.3,44.1,,0.30,0.35,
GROV,2019-11-08 13:25:00 EST,42.48951,-77.94946,2000,22.8,22.5,13.8,69.1,14.2,0.000,0.012,0.00,0.000,6.5,13.1,2.8,350,27,7.8,16.2,3.6,348,25,7.8,16.2,3.6,348,25,279,28.08,0.8,0,0,,40.3,44.1,,0.30,0.35,
GROV,2019-11-08 13:30:00 EST,42.48951,-77.94946,2000,23.4,22.9,13.3,66.3,13.8,0.000,0.012,0.00,0.000,8.4,16.7,3.3,326,25,9.5,17.5,3.5,326,26,9.5,17.5,3.5,326,26,414,28.08,0.7,0,0,,40.3,44.1,,0.30,0.35,
GROV,2019-11-08 13:35:00 EST,42.48951,-77.94946,2000,23.5,23.0,13.8,66.8,14.1,0.000,0.012,0.00,0.000,7.7,12.0,2.1,337,28,8.9,15.5,2.6,335,25,8.9,15.5,2.6,335,25,466,28.08,0.7,0,0,,40.3,44.1,,0.30,0.35,
GROV,2019-11-08 13:40:00 EST,42.48951,-77.94946,2000,23.4,23.0,13.8,64.1,13.1,0.000,0.012,0.00,0.000,7.9,13.2,2.4,317,30,9.0,15.9,2.7,317,29,9.0,15.9,2.7,317,29,406,28.08,0.7,0,0,,40.3,44.1,,0.30,0.35,
GROV,2019-11-08 13:45:00 EST,42.48951,-77.94946,2000,23.8,23.1,12.5,62.1,12.7,0.000,0.012,0.00,0.000,11.0,15.7,2.3,297,12,11.8,16.9,2.3,294,11,11.8,16.9,2.3,294,11,504,28.08,0.7,0,0,,40.3,44.1,,0.30,0.35,
GROV,2019-11-08 13:50:00 EST,42.48951,-77.94946,2000,24.1,23.5,14.5,64.0,13.7,0.000,0.012,0.00,0.000,7.9,11.5,1.7,307,24,9.1,14.0,2.0,304,24,9.1,14.0,2.0,304,24,516,28.08,0.7,0,0,,40.3,44.1,,0.30,0.35,
GROV,2019-11-08 13:55:00 EST,42.48951,-77.94946,2000,24.1,23.4,14.4,63.7,13.6,0.000,0.012,0.00,0.000,8.1,11.8,1.5,347,26,9.3,14.2,1.9,347,24,9.3,14.2,1.9,347,24,388,28.08,0.6,0,0,,40.3,44.1,,0.30,0.35,
GROV,2019-11-08 14:00:00 EST,42.48951,-77.94946,2000,23.6,23.1,13.6,63.8,13.1,0.000,0.012,0.00,0.000,8.3,14.5,2.9,336,19,9.6,15.0,2.8,337,19,9.6,15.0,2.8,337,19,301,28.08,0.7,0,0,,40.3,44.1,,0.30,0.35,
GROV,2019-11-08 14:05:00 EST,42.48951,-77.94946,2000,24.1,23.5,14.6,65.0,14.0,0.000,0.012,0.00,0.000,7.5,11.8,1.7,346,29,8.8,14.7,2.0,345,27,8.8,14.7,2.0,345,27,502,28.08,0.8,0,0,,40.3,44.1,,0.30,0.35,
GROV,2019-11-08 14:10:00 EST,42.48951,-77.94946,2000,24.1,23.6,15.1,62.4,13.1,0.000,0.012,0.00,0.000,7.4,11.3,1.5,314,24,8.3,13.0,1.7,311,25,8.3,13.0,1.7,311,25,361,28.08,0.6,0,0,,40.3,44.1,,0.30,0.35,
GROV,2019-11-08 14:15:00 EST,42.48951,-77.94946,2000,23.2,22.8,12.6,64.0,12.8,0.000,0.012,0.00,0.000,8.9,13.8,2.4,348,15,10.3,15.4,2.9,348,13,10.3,15.4,2.9,348,13,169,28.08,0.6,0,0,,40.3,44.0,,0.30,0.35,
GROV,2019-11-08 14:20:00 EST,42.48951,-77.94946,2000,22.7,22.5,12.4,63.4,12.2,0.000,0.012,0.00,0.000,8.6,12.7,1.7,339,14,9.7,15.5,2.2,340,13,9.7,15.5,2.2,340,13,111,28.08,0.7,0,0,,40.3,44.0,,0.30,0.35,
GROV,2019-11-08 14:25:00 EST,42.48951,-77.94946,2000,22.6,22.4,12.2,63.3,12.0,0.000,0.012,0.00,0.000,8.4,14.0,3.0,340,16,9.9,16.4,3.3,340,14,9.9,16.4,3.3,340,14,100,28.08,0.7,0,0,,40.2,44.1,,0.30,0.35,
GROV,2019-11-08 14:30:00 EST,42.48951,-77.94946,2000,22.8,22.6,13.7,64.1,12.5,0.000,0.012,0.00,0.000,6.9,11.9,2.2,335,16,7.8,14.8,2.3,337,14,7.8,14.8,2.3,337,14,115,28.08,0.7,0,0,,40.2,44.0,,0.30,0.35,
GROV,2019-11-08 14:35:00 EST,42.48951,-77.94946,2000,22.7,22.6,15.1,65.0,12.7,0.000,0.012,0.00,0.000,5.1,9.4,1.6,325,20,6.0,10.6,1.8,325,18,6.0,10.6,1.8,325,18,96,28.08,0.7,0,0,,40.2,44.0,,0.30,0.35,
GROV,2019-11-08 14:40:00 EST,42.48951,-77.94946,2000,23.7,23.4,16.0,63.5,13.1,0.000,0.012,0.00,0.000,5.7,11.6,1.8,320,21,6.4,12.9,1.9,318,21,6.4,12.9,1.9,318,21,403,28.08,0.7,0,0,,40.2,44.0,,0.30,0.35,
GROV,2019-11-08 14:45:00 EST,42.48951,-77.94946,2000,23.8,23.3,13.5,62.9,12.9,0.000,0.012,0.00,0.000,9.6,13.6,2.2,300,12,10.0,14.4,2.2,296,12,10.0,14.4,2.2,296,12,214,28.08,0.7,0,0,,40.2,44.0,,0.30,0.35,
GROV,2019-11-08 14:50:00 EST,42.48951,-77.94946,2000,23.1,22.8,12.2,63.8,12.7,0.000,0.012,0.00,0.000,10.3,13.2,1.3,288,8,10.9,13.8,1.4,286,6,10.9,13.8,1.4,286,6,115,28.08,0.7,0,0,,40.1,44.0,,0.30,0.35,
GROV,2019-11-08 14:55:00 EST,42.48951,-77.94946,2000,23.0,22.8,13.0,63.8,12.5,0.000,0.012,0.00,0.000,8.6,12.8,1.9,298,11,9.3,13.7,1.8,295,10,9.3,13.7,1.8,295,10,146,28.08,0.7,0,0,,40.1,43.9,,0.30,0.35,
GROV,2019-11-08 15:00:00 EST,42.48951,-77.94946,2000,23.3,23.0,14.3,63.9,12.9,0.000,0.012,0.00,0.000,7.3,10.4,1.6,291,11,7.9,11.5,1.6,288,10,7.9,11.5,1.6,288,10,290,28.08,0.7,0,0,,40.1,44.0,,0.30,0.35,
GROV,2019-11-08 15:05:00 EST,42.48951,-77.94946,2000,24.1,23.7,15.8,62.2,13.1,0.000,0.012,0.00,0.000,6.5,9.7,1.5,284,15,7.3,11.1,1.5,283,13,7.3,11.1,1.5,283,13,393,28.08,0.7,0,0,,40.1,43.9,,0.30,0.35,
GROV,2019-11-08 15:10:00 EST,42.48951,-77.94946,2000,24.4,23.9,16.1,61.4,13.1,0.000,0.012,0.00,0.000,6.7,10.7,1.3,290,15,7.3,10.8,1.4,287,14,7.3,10.8,1.4,287,14,360,28.08,0.6,0,0,,40.1,43.9,,0.30,0.35,
GROV,2019-11-08 15:15:00 EST,42.48951,-77.94946,2000,24.4,23.9,16.2,60.5,12.7,0.000,0.012,0.00,0.000,6.4,9.6,1.4,305,28,7.3,11.3,1.4,306,29,7.3,11.3,1.4,306,29,345,28.08,0.7,0,0,,40.1,43.9,,0.30,0.35,
GROV,2019-11-08 15:20:00 EST,42.48951,-77.94946,2000,24.4,23.8,16.1,61.0,12.9,0.000,0.012,0.00,0.000,6.4,9.6,1.5,350,16,7.4,11.6,1.9,350,15,7.4,11.6,1.9,350,15,330,28.08,0.6,0,0,,40.1,43.9,,0.30,0.35,
GROV,2019-11-08 15:25:00 EST,42.48951,-77.94946,2000,24.5,24.2,18.1,60.6,12.9,0.000,0.012,0.00,0.000,4.4,10.6,2.3,357,29,5.2,13.1,2.7,355,23,5.2,13.1,2.7,355,23,321,28.08,0.6,0,0,,40.1,43.9,,0.30,0.35,
GROV,2019-11-08 15:30:00 EST,42.48951,-77.94946,2000,24.6,24.1,17.2,61.5,13.3,0.000,0.012,0.00,0.000,5.3,9.6,1.3,356,18,6.3,10.5,1.5,354,15,6.3,10.5,1.5,354,15,292,28.09,0.6,0,0,,40.1,43.9,,0.30,0.35,
GROV,2019-11-08 15:35:00 EST,42.48951,-77.94946,2000,24.4,24.0,15.8,60.7,12.7,0.000,0.012,0.00,0.000,6.7,11.0,2.1,339,19,7.6,12.3,2.3,338,19,7.6,12.3,2.3,338,19,257,28.09,0.6,0,0,,40.1,43.9,,0.30,0.35,
GROV,2019-11-08 15:40:00 EST,42.48951,-77.94946,2000,24.2,23.7,16.2,61.1,12.7,0.000,0.012,0.00,0.000,6.1,8.5,1.1,304,24,6.8,10.4,1.3,304,24,6.8,10.4,1.3,304,24,262,28.09,0.6,0,0,,40.1,43.9,,0.30,0.35,
GROV,2019-11-08 15:45:00 EST,42.48951,-77.94946,2000,24.3,23.9,17.7,62.2,13.2,0.000,0.012,0.00,0.000,4.6,9.2,1.5,309,22,5.3,9.2,1.3,308,23,5.3,9.2,1.3,308,23,222,28.09,0.6,0,0,,40.1,43.9,,0.30,0.35,
GROV,2019-11-08 15:50:00 EST,42.48951,-77.94946,2000,24.2,23.9,16.0,60.0,12.3,0.000,0.012,0.00,0.000,6.1,10.7,2.3,348,18,7.1,12.6,2.4,349,16,7.1,12.6,2.4,349,16,199,28.09,0.6,0,0,,40.1,43.9,,0.30,0.35,
GROV,2019-11-08 15:55:00 EST,42.48951,-77.94946,2000,23.9,23.6,15.7,60.8,12.3,0.000,0.012,0.00,0.000,6.2,9.0,1.3,341,17,7.0,10.5,1.5,342,15,7.0,10.5,1.5,342,15,144,28.09,0.6,0,0,,40.1,43.9,,0.30,0.35,
GROV,2019-11-08 16:00:00 EST,42.48951,-77.94946,2000,23.6,23.4,16.1,60.9,12.1,0.000,0.012,0.00,0.000,5.1,8.9,1.7,328,24,6.1,11.3,1.7,325,25,6.1,11.3,1.7,325,25,151,28.09,0.6,0,0,,40.1,43.9,,0.30,0.35,
GROV,2019-11-08 16:05:00 EST,42.48951,-77.94946,2000,23.6,23.3,15.0,60.4,11.9,0.000,0.012,0.00,0.000,6.3,10.3,1.7,353,15,7.4,12.2,2.0,352,10,7.4,12.2,2.0,352,10,155,28.09,0.6,0,0,,40.1,43.9,,0.30,0.35,
GROV,2019-11-08 16:10:00 EST,42.48951,-77.94946,2000,23.4,23.2,15.6,61.3,12.0,0.000,0.012,0.00,0.000,5.7,11.2,2.0,336,17,6.5,12.8,2.1,335,16,6.5,12.8,2.1,335,16,136,28.09,0.6,0,0,,40.1,43.9,,0.30,0.35,
GROV,2019-11-08 16:15:00 EST,42.48951,-77.94946,2000,23.5,23.3,17.9,62.7,12.6,0.000,0.012,0.00,0.000,3.5,7.0,1.4,344,21,4.3,7.9,1.4,344,18,4.3,7.9,1.4,344,18,123,28.09,0.6,0,0,,40.1,43.9,,0.30,0.35,
GROV,2019-11-08 16:20:00 EST,42.48951,-77.94946,2000,23.5,23.3,15.6,62.6,12.6,0.000,0.012,0.00,0.000,6.0,9.4,1.5,321,24,6.6,10.1,1.5,320,23,6.6,10.1,1.5,320,23,110,28.09,0.6,0,0,,40.1,43.9,,0.30,0.35,
GROV,2019-11-08 16:25:00 EST,42.48951,-77.94946,2000,23.6,23.5,15.7,60.4,11.9,0.000,0.012,0.00,0.000,5.8,11.5,1.3,310,17,6.6,13.7,1.5,308,17,6.6,13.7,1.5,308,17,95,28.09,0.6,0,0,,40.1,43.9,,0.30,0.35,
GROV,2019-11-08 16:30:00 EST,42.48951,-77.94946,2000,23.3,23.3,16.5,60.3,11.6,0.000,0.012,0.00,0.000,4.6,7.9,1.3,311,15,5.4,8.6,1.3,309,15,5.4,8.6,1.3,309,15,82,28.09,0.6,0,0,,40.1,43.9,,0.30,0.35,
GROV,2019-11-08 16:35:00 EST,42.48951,-77.94946,2000,23.3,23.3,17.6,61.6,12.0,0.000,0.012,0.00,0.000,3.8,8.0,1.6,313,21,4.3,8.4,1.6,312,20,4.3,8.4,1.6,312,20,70,28.09,0.6,0,0,,40.1,43.9,,0.30,0.35,
GROV,2019-11-08 16:40:00 EST,42.48951,-77.94946,2000,22.9,23.0,18.3,62.6,12.0,0.000,0.012,0.00,0.000,2.9,5.8,1.0,332,18,3.5,7.1,1.1,333,19,3.5,7.1,1.1,333,19,38,28.10,0.6,0,0,,40.1,43.9,,0.30,0.35,
GROV,2019-11-08 16:45:00 EST,42.48951,-77.94946,2000,22.5,22.7,16.5,64.6,12.4,0.000,0.012,0.00,0.000,4.0,7.2,1.4,328,16,4.6,7.4,1.6,326,16,4.6,7.4,1.6,326,16,24,28.10,0.5,0,0,,40.1,43.9,,0.30,0.35,
GROV,2019-11-08 16:50:00 EST,42.48951,-77.94946,2000,22.3,22.6,15.2,64.6,12.2,0.000,0.012,0.00,0.000,5.1,8.5,1.4,304,19,5.5,9.1,1.4,302,17,5.5,9.1,1.4,302,17,15,28.10,0.6,0,0,,40.1,43.9,,0.30,0.35,
GROV,2019-11-08 16:55:00 EST,42.48951,-77.94946,2000,21.7,22.3,14.1,67.4,12.5,0.000,0.012,0.00,0.000,5.3,8.8,1.1,298,8,5.9,9.3,1.1,295,7,5.9,9.3,1.1,295,7,9,28.10,0.6,0,0,,40.1,43.9,,0.30,0.35,
GROV,2019-11-08 17:00:00 EST,42.48951,-77.94946,2000,21.5,22.1,13.7,68.4,12.7,0.000,0.012,0.00,0.000,5.5,8.0,1.3,296,9,6.0,8.5,1.3,294,8,6.0,8.5,1.3,294,8,5,28.10,0.5,0,0,,40.1,43.9,,0.30,0.35,
GROV,2019-11-08 17:05:00 EST,42.48951,-77.94946,2000,21.4,22.0,14.3,69.0,12.8,0.000,0.012,0.00,0.000,4.8,7.1,0.9,300,9,5.3,7.6,0.9,299,9,5.3,7.6,0.9,299,9,3,28.10,0.5,0,0,,40.1,43.9,,0.30,0.35,
GROV,2019-11-08 17:10:00 EST,42.48951,-77.94946,2000,21.2,22.0,14.9,68.9,12.6,0.000,0.012,0.00,0.000,4.2,6.1,0.7,305,10,4.6,7.0,0.8,303,8,4.6,7.0,0.8,303,8,1,28.10,0.6,0,0,,40.1,43.9,,0.30,0.35,
GROV,2019-11-08 17:15:00 EST,42.48951,-77.94946,2000,21.5,22.1,14.7,67.8,12.5,0.000,0.012,0.00,0.000,4.5,6.8,0.9,304,10,5.0,7.6,1.0,301,9,5.0,7.6,1.0,301,9,1,28.10,0.5,0,0,,40.1,43.9,,0.30,0.35,
GROV,2019-11-08 17:20:00 EST,42.48951,-77.94946,2000,20.7,21.8,13.5,70.2,12.5,0.000,0.012,0.00,0.000,4.8,6.4,0.6,297,6,5.3,7.0,0.6,295,5,5.3,7.0,0.6,295,5,0,28.10,0.6,0,0,,40.1,43.9,,0.30,0.35,
GROV,2019-11-08 17:25:00 EST,42.48951,-77.94946,2000,20.3,21.4,13.5,72.0,12.7,0.000,0.012,0.00,0.000,4.3,5.1,0.4,293,7,4.8,5.8,0.5,292,6,4.8,5.8,0.5,292,6,0,28.10,0.6,0,0,,40.1,43.9,,0.30,0.35,
GROV,2019-11-08 17:30:00 EST,42.48951,-77.94946,2000,20.1,21.1,13.6,72.6,12.7,0.000,0.012,0.00,0.000,4.1,4.9,0.5,289,6,4.6,5.6,0.5,288,5,4.6,5.6,0.5,288,5,0,28.10,0.6,0,0,,40.1,43.9,,0.30,0.35,
GROV,2019-11-08 17:35:00 EST,42.48951,-77.94946,2000,20.0,20.8,13.6,73.5,12.9,0.000,0.012,0.00,0.000,3.9,5.0,0.5,290,6,4.5,5.6,0.6,290,4,4.5,5.6,0.6,290,4,0,28.11,0.6,0,0,,40.1,43.9,,0.30,0.35,
GROV,2019-11-08 17:40:00 EST,42.48951,-77.94946,2000,19.9,20.5,14.9,74.4,13.0,0.000,0.012,0.00,0.000,3.1,4.2,0.5,288,6,3.4,5.0,0.6,289,6,3.4,5.0,0.6,289,6,0,28.11,0.6,0,0,,40.1,43.9,,0.30,0.35,
GROV,2019-11-08 17:45:00 EST,42.48951,-77.94946,2000,20.0,20.5,15.4,74.5,13.2,0.000,0.012,0.00,0.000,2.8,3.7,0.3,278,7,3.2,4.2,0.4,279,7,3.2,4.2,0.4,279,7,0,28.11,0.6,0,0,,40.1,43.9,,0.30,0.35,
GROV,2019-11-08 17:50:00 EST,42.48951,-77.94946,2000,19.7,20.4,19.7,75.1,13.1,0.000,0.012,0.00,0.000,1.9,3.0,0.5,270,9,2.3,3.4,0.6,271,9,2.3,3.4,0.6,271,9,0,28.11,0.6,0,0,,40.1,43.9,,0.30,0.35,
GROV,2019-11-08 17:55:00 EST,42.48951,-77.94946,2000,19.7,20.3,19.7,76.9,13.6,0.000,0.012,0.00,0.000,1.5,2.4,0.3,271,7,1.9,3.1,0.4,271,9,1.9,3.1,0.4,271,9,0,28.11,0.6,0,0,,40.1,43.9,,0.30,0.35,
GROV,2019-11-08 18:00:00 EST,42.48951,-77.94946,2000,19.7,20.4,19.7,77.9,13.9,0.000,0.012,0.00,0.000,1.3,1.9,0.3,273,7,1.6,2.3,0.3,272,10,1.6,2.3,0.3,272,10,0,28.11,0.6,0,0,,40.1,43.9,,0.30,0.35,
GROV,2019-11-08 18:05:00 EST,42.48951,-77.94946,2000,19.6,20.5,19.6,78.6,14.0,0.000,0.012,0.00,0.000,1.2,1.6,0.2,275,2,1.5,2.0,0.2,276,7,1.5,2.0,0.2,276,7,0,28.11,0.5,0,0,,40.1,43.8,,0.30,0.35,
GROV,2019-11-08 18:10:00 EST,42.48951,-77.94946,2000,18.8,20.7,18.8,79.3,13.5,0.000,0.012,0.00,0.000,1.0,1.4,0.2,275,4,1.3,2.1,0.2,273,8,1.3,2.1,0.2,273,8,0,28.12,0.5,0,0,,40.1,43.9,,0.30,0.35,
GROV,2019-11-08 18:15:00 EST,42.48951,-77.94946,2000,17.9,20.8,17.9,83.1,13.6,0.000,0.012,0.00,0.000,1.0,1.5,0.3,277,5,1.4,1.9,0.3,277,8,1.4,1.9,0.3,277,8,0,28.12,0.6,0,0,,40.1,43.8,,0.30,0.35,
GROV,2019-11-08 18:20:00 EST,42.48951,-77.94946,2000,17.8,20.9,17.8,84.3,13.8,0.000,0.012,0.00,0.000,0.9,1.2,0.2,280,0,1.2,1.8,0.2,272,7,1.2,1.8,0.2,272,7,0,28.11,0.6,0,0,,40.1,43.9,,0.30,0.35,
GROV,2019-11-08 18:25:00 EST,42.48951,-77.94946,2000,17.7,21.1,17.7,83.3,13.5,0.000,0.012,0.00,0.000,0.7,1.1,0.2,280,0,1.1,1.6,0.2,281,15,1.1,1.6,0.2,281,15,0,28.11,0.5,0,0,,40.1,43.8,,0.30,0.35,
GROV,2019-11-08 18:30:00 EST,42.48951,-77.94946,2000,19.2,21.1,19.2,77.7,13.4,0.000,0.012,0.00,0.000,1.4,3.0,0.6,306,12,1.7,2.9,0.5,306,12,1.7,2.9,0.5,306,12,0,28.12,0.5,0,0,,40.1,43.9,,0.30,0.35,
GROV,2019-11-08 18:35:00 EST,42.48951,-77.94946,2000,19.3,21.0,19.3,77.2,13.4,0.000,0.012,0.00,0.000,1.6,2.5,0.3,305,7,1.8,3.2,0.4,306,6,1.8,3.2,0.4,306,6,0,28.12,0.5,0,0,,40.1,43.9,,0.30,0.35,
GROV,2019-11-08 18:40:00 EST,42.48951,-77.94946,2000,18.0,20.9,18.0,80.2,12.9,0.000,0.012,0.00,0.000,1.1,1.5,0.2,296,7,1.4,1.9,0.2,292,11,1.4,1.9,0.2,292,11,0,28.12,0.6,0,0,,40.1,43.9,,0.30,0.35,
GROV,2019-11-08 18:45:00 EST,42.48951,-77.94946,2000,17.6,20.9,17.6,83.6,13.5,0.000,0.012,0.00,0.000,1.1,1.5,0.2,289,0,1.4,1.8,0.2,282,8,1.4,1.8,0.2,282,8,0,28.12,0.5,0,0,,40.1,43.8,,0.30,0.35,
GROV,2019-11-08 18:50:00 EST,42.48951,-77.94946,2000,17.2,20.9,17.2,86.2,13.8,0.000,0.012,0.00,0.000,1.1,2.0,0.3,279,8,1.5,2.3,0.2,272,6,1.5,2.3,0.2,272,6,0,28.12,0.5,0,0,,40.1,43.8,,0.30,0.35,
GROV,2019-11-08 18:55:00 EST,42.48951,-77.94946,2000,17.1,20.9,17.1,87.3,14.0,0.000,0.012,0.00,0.000,1.4,2.0,0.2,263,4,1.7,2.4,0.3,265,8,1.7,2.4,0.3,265,8,0,28.12,0.5,0,0,,40.1,43.8,,0.30,0.35,
GROV,2019-11-08 19:00:00 EST,42.48951,-77.94946,2000,16.8,20.8,16.8,87.6,13.8,0.000,0.012,0.00,0.000,1.4,2.3,0.2,263,7,1.7,2.7,0.3,263,10,1.7,2.7,0.3,263,10,0,28.12,0.7,0,0,,40.1,43.8,,0.30,0.35,
GROV,2019-11-08 19:05:00 EST,42.48951,-77.94946,2000,18.1,20.7,18.1,83.1,13.8,0.000,0.012,0.00,0.000,2.1,2.7,0.4,271,6,2.5,3.4,0.4,272,7,2.5,3.4,0.4,272,7,0,28.12,0.5,0,0,,40.1,43.8,,0.30,0.35,
GROV,2019-11-08 19:10:00 EST,42.48951,-77.94946,2000,18.5,20.6,18.5,79.5,13.2,0.000,0.012,0.00,0.000,2.3,2.7,0.2,271,3,2.6,3.1,0.2,274,5,2.6,3.1,0.2,274,5,0,28.12,0.5,0,0,,40.1,43.8,,0.30,0.35,
GROV,2019-11-08 19:15:00 EST,42.48951,-77.94946,2000,18.4,20.4,18.4,78.8,12.9,0.000,0.012,0.00,0.000,2.3,2.6,0.2,266,4,2.6,3.1,0.2,268,6,2.6,3.1,0.2,268,6,0,28.12,0.5,0,0,,40.1,43.7,,0.30,0.35,
GROV,2019-11-08 19:20:00 EST,42.48951,-77.94946,2000,18.0,20.4,18.0,79.7,12.8,0.000,0.012,0.00,0.000,2.2,2.6,0.2,262,6,2.5,3.2,0.2,263,9,2.5,3.2,0.2,263,9,0,28.12,0.5,0,0,,40.0,43.7,,0.30,0.35,
GROV,2019-11-08 19:25:00 EST,42.48951,-77.94946,2000,17.8,20.3,13.0,80.1,12.7,0.000,0.012,0.00,0.000,2.8,3.7,0.4,258,6,3.2,4.3,0.6,259,6,3.2,4.3,0.6,259,6,0,28.12,0.5,0,0,,40.1,43.7,,0.30,0.35,
GROV,2019-11-08 19:30:00 EST,42.48951,-77.94946,2000,18.0,20.3,12.3,79.5,12.8,0.000,0.012,0.00,0.000,3.5,4.3,0.4,251,6,3.8,5.0,0.5,250,6,3.8,5.0,0.5,250,6,0,28.12,0.6,0,0,,40.1,43.7,,0.30,0.35,
GROV,2019-11-08 19:35:00 EST,42.48951,-77.94946,2000,17.4,19.9,11.7,81.3,12.6,0.000,0.012,0.00,0.000,3.5,4.2,0.4,245,7,3.7,4.8,0.5,244,7,3.7,4.8,0.5,244,7,0,28.13,0.6,0,0,,40.0,43.8,,0.30,0.35,
GROV,2019-11-08 19:40:00 EST,42.48951,-77.94946,2000,17.4,19.9,11.9,82.5,13.0,0.000,0.012,0.00,0.000,3.4,4.7,0.5,247,7,3.6,5.2,0.6,246,7,3.6,5.2,0.6,246,7,0,28.13,0.5,0,0,,40.0,43.7,,0.30,0.35,
GROV,2019-11-08 19:45:00 EST,42.48951,-77.94946,2000,17.6,20.0,17.6,81.8,13.0,0.000,0.012,0.00,0.000,2.7,4.1,0.6,248,7,2.8,4.4,0.7,247,8,2.8,4.4,0.7,247,8,0,28.13,0.6,0,0,,40.0,43.7,,0.30,0.35,
GROV,2019-11-08 19:50:00 EST,42.48951,-77.94946,2000,17.5,20.0,17.5,81.4,12.8,0.000,0.012,0.00,0.000,2.5,3.7,0.5,249,8,2.7,4.3,0.6,248,9,2.7,4.3,0.6,248,9,0,28.13,0.7,0,0,,40.0,43.7,,0.30,0.35,
GROV,2019-11-08 19:55:00 EST,42.48951,-77.94946,2000,18.7,20.3,18.7,79.4,13.4,0.000,0.012,0.00,0.000,2.8,4.1,0.4,251,9,3.0,5.2,0.6,251,10,3.0,5.2,0.6,251,10,0,28.13,0.4,0,0,,40.0,43.7,,0.30,0.35,
GROV,2019-11-08 20:00:00 EST,42.48951,-77.94946,2000,17.6,20.3,17.6,79.2,12.3,0.000,0.012,0.00,0.000,2.3,3.3,0.4,253,11,2.5,4.0,0.5,253,12,2.5,4.0,0.5,253,12,0,28.13,0.6,0,0,,39.9,43.7,,0.30,0.35,
GROV,2019-11-08 20:05:00 EST,42.48951,-77.94946,2000,17.7,20.2,17.7,80.8,12.8,0.000,0.012,0.00,0.000,2.1,2.6,0.2,255,8,2.3,2.9,0.3,255,9,2.3,2.9,0.3,255,9,0,28.13,0.5,0,0,,39.9,43.7,,0.30,0.35,
GROV,2019-11-08 20:10:00 EST,42.48951,-77.94946,2000,16.7,20.2,16.7,83.3,12.5,0.000,0.012,0.00,0.000,2.4,3.1,0.2,247,9,2.5,3.6,0.4,246,10,2.5,3.6,0.4,246,10,0,28.12,0.5,0,0,,39.9,43.7,,0.30,0.35,
GROV,2019-11-08 20:15:00 EST,42.48951,-77.94946,2000,16.8,20.3,16.8,85.3,13.2,0.000,0.012,0.00,0.000,2.5,3.0,0.3,243,9,2.5,3.7,0.4,241,9,2.5,3.7,0.4,241,9,0,28.12,0.6,0,0,,39.9,43.7,,0.30,0.35,
GROV,2019-11-08 20:20:00 EST,42.48951,-77.94946,2000,16.1,20.2,16.1,86.8,12.9,0.000,0.012,0.00,0.000,2.1,2.8,0.4,235,8,2.1,3.1,0.3,232,9,2.1,3.1,0.3,232,9,0,28.12,0.6,0,0,,39.9,43.7,,0.30,0.35,
GROV,2019-11-08 20:25:00 EST,42.48951,-77.94946,2000,16.8,20.2,16.8,87.5,13.7,0.000,0.012,0.00,0.000,2.5,3.4,0.4,230,11,2.4,3.5,0.5,229,9,2.4,3.5,0.5,229,9,0,28.12,0.5,0,0,,39.9,43.7,,0.30,0.35,
GROV,2019-11-08 20:30:00 EST,42.48951,-77.94946,2000,16.3,20.1,16.3,87.5,13.2,0.000,0.012,0.00,0.000,2.5,3.3,0.4,222,9,2.4,3.5,0.4,222,8,2.4,3.5,0.4,222,8,0,28.12,0.6,0,0,,39.9,43.7,,0.30,0.35,
GROV,2019-11-08 20:35:00 EST,42.48951,-77.94946,2000,17.2,20.3,17.2,88.5,14.4,0.000,0.012,0.00,0.000,2.7,3.4,0.3,222,6,2.6,3.4,0.4,223,5,2.6,3.4,0.4,223,5,0,28.12,0.6,0,0,,39.9,43.7,,0.30,0.35,
GROV,2019-11-08 20:40:00 EST,42.48951,-77.94946,2000,16.6,20.1,16.6,87.8,13.7,0.000,0.012,0.00,0.000,2.5,3.5,0.4,212,8,2.6,3.7,0.4,214,7,2.6,3.7,0.4,214,7,0,28.12,0.6,0,0,,39.9,43.7,,0.30,0.35,
GROV,2019-11-08 20:45:00 EST,42.48951,-77.94946,2000,17.1,20.4,12.3,88.2,14.2,0.000,0.012,0.00,0.000,2.9,3.9,0.4,213,8,3.1,4.7,0.5,214,8,3.1,4.7,0.5,214,8,0,28.12,0.6,0,0,,39.9,43.7,,0.30,0.35,
GROV,2019-11-08 20:50:00 EST,42.48951,-77.94946,2000,17.2,20.4,12.6,87.8,14.3,0.000,0.012,0.00,0.000,2.9,3.9,0.5,209,10,3.0,4.2,0.6,209,10,3.0,4.2,0.6,209,10,0,28.12,0.6,0,0,,39.9,43.7,,0.30,0.35,
GROV,2019-11-08 20:55:00 EST,42.48951,-77.94946,2000,17.7,20.2,12.3,87.0,14.5,0.000,0.012,0.00,0.000,3.4,4.7,0.6,206,11,3.5,5.4,0.7,204,10,3.5,5.4,0.7,204,10,0,28.12,0.7,0,0,,39.9,43.7,,0.30,0.35,
GROV,2019-11-08 21:00:00 EST,42.48951,-77.94946,2000,18.3,20.2,13.4,84.4,14.4,0.000,0.012,0.00,0.000,3.1,4.4,0.5,204,11,3.2,4.6,0.6,203,12,3.2,4.6,0.6,203,12,0,28.11,0.5,0,0,,39.9,43.7,,0.30,0.35,
GROV,2019-11-08 21:05:00 EST,42.48951,-77.94946,2000,17.9,20.1,12.8,84.4,13.9,0.000,0.012,0.00,0.000,3.1,4.2,0.5,204,13,3.3,5.1,0.7,203,13,3.3,5.1,0.7,203,13,0,28.11,0.5,0,0,,39.9,43.7,,0.30,0.35,
GROV,2019-11-08 21:10:00 EST,42.48951,-77.94946,2000,18.4,20.1,12.1,83.1,14.2,0.000,0.012,0.00,0.000,3.9,5.0,0.6,209,11,4.3,6.1,0.8,209,10,4.3,6.1,0.8,209,10,0,28.11,0.6,0,0,,39.9,43.7,,0.30,0.35,
GROV,2019-11-08 21:15:00 EST,42.48951,-77.94946,2000,18.6,19.9,12.6,80.6,13.6,0.000,0.012,0.00,0.000,3.8,5.9,0.8,210,10,4.0,6.4,1.1,208,11,4.0,6.4,1.1,208,11,0,28.11,0.7,0,0,,39.9,43.7,,0.30,0.35,
GROV,2019-11-08 21:20:00 EST,42.48951,-77.94946,2000,18.8,19.9,13.2,79.1,13.4,0.000,0.012,0.00,0.000,3.7,4.9,0.7,205,11,3.8,5.7,0.7,203,12,3.8,5.7,0.7,203,12,0,28.11,0.5,0,0,,39.9,43.7,,0.30,0.35,
GROV,2019-11-08 21:25:00 EST,42.48951,-77.94946,2000,18.6,19.9,12.6,79.2,13.2,0.000,0.012,0.00,0.000,3.7,6.5,1.0,196,14,4.0,7.1,1.2,195,14,4.0,7.1,1.2,195,14,0,28.11,0.6,0,0,,39.9,43.7,,0.30,0.35,
GROV,2019-11-08 21:30:00 EST,42.48951,-77.94946,2000,18.7,19.9,12.5,79.8,13.5,0.000,0.012,0.00,0.000,3.7,5.8,0.9,193,12,4.1,6.5,1.0,191,10,4.1,6.5,1.0,191,10,0,28.11,0.5,0,0,,39.9,43.7,,0.30,0.35,
GROV,2019-11-08 21:35:00 EST,42.48951,-77.94946,2000,18.9,20.1,12.9,79.7,13.6,0.000,0.012,0.00,0.000,3.7,5.6,0.8,198,14,4.0,6.9,1.0,196,13,4.0,6.9,1.0,196,13,0,28.11,0.5,0,0,,39.9,43.7,,0.30,0.35,
GROV,2019-11-08 21:40:00 EST,42.48951,-77.94946,2000,18.8,20.0,13.1,79.3,13.4,0.000,0.012,0.00,0.000,3.5,5.6,0.7,199,14,3.8,7.4,1.0,198,12,3.8,7.4,1.0,198,12,0,28.11,0.6,0,0,,39.9,43.7,,0.30,0.35,
GROV,2019-11-08 21:45:00 EST,42.48951,-77.94946,2000,18.9,20.1,12.9,79.1,13.5,0.000,0.012,0.00,0.000,3.8,6.1,1.0,190,13,4.0,7.5,1.3,190,12,4.0,7.5,1.3,190,12,0,28.11,0.7,0,0,,39.9,43.7,,0.30,0.35,
GROV,2019-11-08 21:50:00 EST,42.48951,-77.94946,2000,19.3,20.1,13.7,78.3,13.6,0.000,0.012,0.00,0.000,3.5,5.1,0.8,199,13,3.8,5.9,0.9,197,13,3.8,5.9,0.9,197,13,0,28.11,0.5,0,0,,39.9,43.7,,0.30,0.35,
GROV,2019-11-08 21:55:00 EST,42.48951,-77.94946,2000,19.2,20.0,14.8,77.7,13.4,0.000,0.012,0.00,0.000,2.8,4.5,0.8,196,15,3.0,5.6,1.0,195,16,3.0,5.6,1.0,195,16,0,28.11,0.6,0,0,,39.9,43.7,,0.30,0.35,
GROV,2019-11-08 22:00:00 EST,42.48951,-77.94946,2000,18.9,19.8,18.9,77.5,13.0,0.000,0.012,0.00,0.000,2.2,4.2,0.8,206,18,2.5,4.6,0.9,205,21,2.5,4.6,0.9,205,21,0,28.11,0.7,0,0,,39.9,43.7,,0.30,0.35,
GROV,2019-11-08 22:05:00 EST,42.48951,-77.94946,2000,19.1,20.0,19.1,78.3,13.5,0.000,0.012,0.00,0.000,2.6,4.2,0.7,210,11,2.7,4.5,0.9,208,13,2.7,4.5,0.9,208,13,0,28.11,0.6,0,0,,39.9,43.7,,0.30,0.35,
GROV,2019-11-08 22:10:00 EST,42.48951,-77.94946,2000,18.8,20.0,13.2,78.8,13.3,0.000,0.012,0.00,0.000,3.4,6.2,1.1,194,12,3.7,7.3,1.3,193,12,3.7,7.3,1.3,193,12,0,28.11,0.6,0,0,,39.9,43.7,,0.30,0.35,
GROV,2019-11-08 22:15:00 EST,42.48951,-77.94946,2000,18.9,19.9,18.9,79.5,13.6,0.000,0.012,0.00,0.000,2.8,4.5,0.7,192,16,3.0,6.0,0.9,191,16,3.0,6.0,0.9,191,16,0,28.11,0.6,0,0,,39.9,43.7,,0.30,0.35,
GROV,2019-11-08 22:20:00 EST,42.48951,-77.94946,2000,18.6,19.5,13.5,80.0,13.5,0.000,0.012,0.00,0.000,3.1,5.0,1.0,192,15,3.4,5.8,1.1,191,15,3.4,5.8,1.1,191,15,0,28.11,0.6,0,0,,39.9,43.7,,0.30,0.35,
GROV,2019-11-08 22:25:00 EST,42.48951,-77.94946,2000,18.2,19.2,13.2,80.2,13.1,0.000,0.012,0.00,0.000,2.9,5.0,1.0,189,17,3.3,6.1,1.2,188,17,3.3,6.1,1.2,188,17,0,28.10,0.7,0,0,,39.9,43.7,,0.30,0.35,
GROV,2019-11-08 22:30:00 EST,42.48951,-77.94946,2000,18.0,18.6,13.1,80.4,13.0,0.000,0.012,0.00,0.000,3.0,5.7,0.9,189,20,3.3,6.6,1.2,187,20,3.3,6.6,1.2,187,20,0,28.10,0.6,0,0,,39.9,43.7,,0.30,0.35,
GROV,2019-11-08 22:35:00 EST,42.48951,-77.94946,2000,17.6,18.0,12.4,81.4,12.8,0.000,0.012,0.00,0.000,3.0,5.4,1.1,188,18,3.3,7.3,1.4,186,17,3.3,7.3,1.4,186,17,0,28.10,0.7,0,0,,39.9,43.7,,0.30,0.35,
GROV,2019-11-08 22:40:00 EST,42.48951,-77.94946,2000,17.4,18.0,11.1,82.4,13.0,0.000,0.012,0.00,0.000,3.7,6.6,1.2,189,19,4.1,7.3,1.3,186,19,4.1,7.3,1.3,186,19,0,28.10,0.8,0,0,,39.9,43.7,,0.30,0.35,
GROV,2019-11-08 22:45:00 EST,42.48951,-77.94946,2000,17.6,18.2,11.7,82.7,13.3,0.000,0.012,0.00,0.000,3.4,7.0,1.5,191,20,3.8,8.1,1.6,190,20,3.8,8.1,1.6,190,20,0,28.10,0.8,0,0,,39.9,43.7,,0.30,0.35,
GROV,2019-11-08 22:50:00 EST,42.48951,-77.94946,2000,17.6,18.2,11.6,82.4,13.2,0.000,0.012,0.00,0.000,3.7,6.9,1.2,188,20,3.9,7.5,1.4,185,18,3.9,7.5,1.4,185,18,0,28.10,0.7,0,0,,39.9,43.7,,0.30,0.35,
GROV,2019-11-08 22:55:00 EST,42.48951,-77.94946,2000,17.7,18.2,11.9,82.2,13.2,0.000,0.012,0.00,0.000,3.3,6.2,1.4,194,18,3.8,6.9,1.3,193,18,3.8,6.9,1.3,193,18,0,28.10,0.7,0,0,,39.9,43.7,,0.30,0.35,
GROV,2019-11-08 23:00:00 EST,42.48951,-77.94946,2000,17.6,18.2,10.7,82.0,13.1,0.000,0.012,0.00,0.000,3.8,8.3,1.5,195,18,4.6,9.5,1.5,193,15,4.6,9.5,1.5,193,15,0,28.10,0.8,0,0,,39.9,43.7,,0.30,0.35,
GROV,2019-11-08 23:05:00 EST,42.48951,-77.94946,2000,17.6,18.2,10.3,82.0,13.1,0.000,0.012,0.00,0.000,4.3,8.2,1.3,199,21,4.9,10.4,1.7,198,18,4.9,10.4,1.7,198,18,0,28.10,0.7,0,0,,39.9,43.6,,0.30,0.35,
GROV,2019-11-08 23:10:00 EST,42.48951,-77.94946,2000,17.5,17.9,9.7,82.5,13.1,0.000,0.012,0.00,0.000,4.7,9.9,1.5,200,19,5.3,10.7,1.9,201,18,5.3,10.7,1.9,201,18,0,28.10,0.7,0,0,,39.8,43.7,,0.30,0.35,
GROV,2019-11-08 23:15:00 EST,42.48951,-77.94946,2000,17.4,18.0,8.9,82.8,13.1,0.000,0.012,0.00,0.000,5.6,9.4,1.7,192,16,6.0,13.2,2.2,190,15,6.0,13.2,2.2,190,15,0,28.09,0.7,0,0,,39.8,43.6,,0.30,0.35,
GROV,2019-11-08 23:20:00 EST,42.48951,-77.94946,2000,17.5,18.1,9.6,83.2,13.2,0.000,0.012,0.00,0.000,4.7,7.8,1.5,198,19,5.4,9.3,1.7,196,17,5.4,9.3,1.7,196,17,0,28.09,0.8,0,0,,39.8,43.6,,0.30,0.35,
GROV,2019-11-08 23:25:00 EST,42.48951,-77.94946,2000,17.9,18.3,10.1,82.7,13.5,0.000,0.012,0.00,0.000,4.6,9.5,1.7,200,16,5.4,10.6,1.7,198,14,5.4,10.6,1.7,198,14,0,28.09,0.8,0,0,,39.7,43.6,,0.30,0.35,
GROV,2019-11-08 23:30:00 EST,42.48951,-77.94946,2000,17.9,18.3,10.5,81.6,13.2,0.000,0.012,0.00,0.000,4.6,8.5,1.5,198,22,5.0,9.3,1.6,196,21,5.0,9.3,1.6,196,21,0,28.09,0.7,0,0,,39.7,43.6,,0.30,0.35,
GROV,2019-11-08 23:35:00 EST,42.48951,-77.94946,2000,17.9,18.3,9.9,81.8,13.3,0.000,0.012,0.00,0.000,5.0,8.3,1.5,204,21,5.5,9.4,1.8,201,19,5.5,9.4,1.8,201,19,0,28.09,0.7,0,0,,39.7,43.6,,0.30,0.35,
GROV,2019-11-08 23:40:00 EST,42.48951,-77.94946,2000,17.7,18.2,10.2,81.6,13.0,0.000,0.012,0.00,0.000,4.7,9.2,1.6,197,19,5.1,11.2,1.9,193,19,5.1,11.2,1.9,193,19,0,28.09,0.8,0,0,,39.7,43.5,,0.30,0.35,
GROV,2019-11-08 23:45:00 EST,42.48951,-77.94946,2000,17.7,18.2,10.7,82.2,13.2,0.000,0.012,0.00,0.000,4.2,8.1,1.6,198,20,4.6,8.4,1.6,196,18,4.6,8.4,1.6,196,18,0,28.09,0.6,0,0,,39.7,43.5,,0.30,0.35,
GROV,2019-11-08 23:50:00 EST,42.48951,-77.94946,2000,17.6,18.2,9.9,82.6,13.2,0.000,0.012,0.00,0.000,4.6,9.0,1.7,200,16,5.3,10.4,1.9,196,14,5.3,10.4,1.9,196,14,0,28.09,0.7,0,0,,39.7,43.5,,0.30,0.35,
GROV,2019-11-08 23:55:00 EST,42.48951,-77.94946,2000,17.8,18.2,10.2,82.1,13.3,0.000,0.012,0.00,0.000,4.7,7.6,1.3,198,20,5.1,12.2,1.7,195,17,5.1,12.2,1.7,195,17,0,28.09,0.7,0,0,,39.7,43.6,,0.30,0.35,
HAMM,2019-11-08 00:00:00 EST,44.51302,-75.61729,367,21.8,23.0,14.8,77.0,15.7,0.000,0.326,0.00,0.000,5.0,6.8,0.9,326,10,5.2,7.4,1.0,330,10,5.2,7.4,1.0,330,10,0,29.73,1.5,0,0,0,42.4,45.0,46.4,0.52,0.48,0.51
HAMM,2019-11-08 00:05:00 EST,44.51302,-75.61729,367,21.8,22.8,14.7,77.1,15.7,0.000,0.000,0.00,0.000,5.1,7.2,1.0,330,11,5.4,8.0,1.0,334,10,5.4,8.0,1.0,334,10,0,29.73,1.4,0,0,0,42.4,45.0,46.4,0.52,0.48,0.51
HAMM,2019-11-08 00:10:00 EST,44.51302,-75.61729,367,22.0,22.7,14.4,76.4,15.7,0.000,0.000,0.00,0.000,5.4,8.0,1.0,337,9,5.9,8.5,1.2,342,9,5.9,8.5,1.2,342,9,0,29.73,1.3,0,0,0,42.4,45.0,46.4,0.52,0.47,0.51
HAMM,2019-11-08 00:15:00 EST,44.51302,-75.61729,367,21.9,22.7,14.6,75.6,15.4,0.000,0.000,0.00,0.000,4.9,6.7,0.8,343,12,5.6,7.7,1.1,348,10,5.6,7.7,1.1,348,10,0,29.72,1.1,0,0,0,42.4,45.0,46.4,0.52,0.47,0.51
HAMM,2019-11-08 00:20:00 EST,44.51302,-75.61729,367,21.8,22.6,15.2,75.6,15.3,0.000,0.000,0.00,0.000,4.3,6.2,0.9,344,10,4.9,7.7,1.2,348,10,4.9,7.7,1.2,348,10,0,29.72,1.2,0,0,0,42.4,45.0,46.4,0.52,0.48,0.51
HAMM,2019-11-08 00:25:00 EST,44.51302,-75.61729,367,21.8,22.5,15.1,75.2,15.2,0.000,0.000,0.00,0.000,4.6,7.3,1.0,338,10,5.0,8.6,1.3,343,10,5.0,8.6,1.3,343,10,0,29.72,1.0,0,0,0,42.3,45.0,46.4,0.52,0.47,0.51
HAMM,2019-11-08 00:30:00 EST,44.51302,-75.61729,367,21.4,22.5,14.7,75.5,14.9,0.000,0.000,0.00,0.000,4.6,6.1,0.6,333,11,4.9,7.6,0.9,338,10,4.9,7.6,0.9,338,10,0,29.72,1.1,0,0,0,42.3,44.9,46.4,0.52,0.48,0.51
HAMM,2019-11-08 00:35:00 EST,44.51302,-75.61729,367,21.1,22.5,14.9,76.5,14.9,0.000,0.000,0.00,0.000,4.1,6.1,0.7,331,10,4.5,6.7,0.8,335,10,4.5,6.7,0.8,335,10,0,29.72,1.4,0,0,0,42.3,45.0,46.4,0.52,0.47,0.51
HAMM,2019-11-08 00:40:00 EST,44.51302,-75.61729,367,21.4,22.5,14.7,76.5,15.2,0.000,0.000,0.00,0.000,4.6,6.4,0.8,332,8,5.0,7.6,0.9,336,9,5.0,7.6,0.9,336,9,0,29.72,1.4,0,0,0,42.3,44.9,46.4,0.52,0.47,0.51
HAMM,2019-11-08 00:45:00 EST,44.51302,-75.61729,367,21.1,22.3,14.9,76.4,14.9,0.000,0.000,0.00,0.000,4.4,5.7,0.6,330,7,4.5,6.3,0.7,334,7,4.5,6.3,0.7,334,7,0,29.72,1.4,0,0,0,42.3,44.9,46.4,0.52,0.47,0.51
HAMM,2019-11-08 00:50:00 EST,44.51302,-75.61729,367,20.8,22.2,15.4,77.9,15.0,0.000,0.000,0.00,0.000,3.9,5.8,0.6,325,8,3.9,5.5,0.6,328,8,3.9,5.5,0.6,328,8,0,29.72,1.3,0,0,0,42.3,44.9,46.3,0.52,0.48,0.51
HAMM,2019-11-08 00:55:00 EST,44.51302,-75.61729,367,20.8,22.1,15.7,78.4,15.1,0.000,0.000,0.00,0.000,3.6,5.3,0.6,311,11,3.6,5.8,0.7,315,11,3.6,5.8,0.7,315,11,0,29.72,1.2,0,0,0,42.3,44.8,46.3,0.52,0.48,0.51
HAMM,2019-11-08 01:00:00 EST,44.51302,-75.61729,367,21.0,22.1,15.3,77.9,15.2,0.000,0.000,0.00,0.000,3.7,4.9,0.5,301,9,4.0,5.2,0.6,305,8,4.0,5.2,0.6,305,8,0,29.72,1.4,0,0,0,42.3,44.8,46.2,0.52,0.48,0.51
HAMM,2019-11-08 01:05:00 EST,44.51302,-75.61729,367,21.0,22.2,15.0,77.2,15.0,0.000,0.000,0.00,0.000,4.2,5.8,0.6,303,13,4.3,6.9,0.8,307,12,4.3,6.9,0.8,307,12,0,29.72,1.0,0,0,0,42.3,44.8,46.1,0.52,0.48,0.51
HAMM,2019-11-08 01:10:00 EST,44.51302,-75.61729,367,21.0,22.0,14.0,77.3,15.0,0.000,0.000,0.00,0.000,4.9,6.4,0.7,314,9,5.1,7.8,0.8,317,8,5.1,7.8,0.8,317,8,0,29.72,1.4,0,0,0,42.3,44.8,46.1,0.52,0.48,0.51
HAMM,2019-11-08 01:15:00 EST,44.51302,-75.61729,367,20.8,21.9,13.4,77.5,14.9,0.000,0.000,0.00,0.000,5.2,7.7,1.0,308,10,5.5,9.0,1.1,312,9,5.5,9.0,1.1,312,9,0,29.72,0.9,0,0,0,42.3,44.8,46.0,0.52,0.48,0.51
HAMM,2019-11-08 01:20:00 EST,44.51302,-75.61729,367,20.7,21.8,14.0,78.3,15.1,0.000,0.000,0.00,0.000,4.7,6.2,0.7,306,10,4.9,7.0,0.9,310,10,4.9,7.0,0.9,310,10,0,29.72,1.3,0,0,0,42.3,44.8,46.0,0.52,0.47,0.51
HAMM,2019-11-08 01:25:00 EST,44.51302,-75.61729,367,20.7,21.7,13.3,78.5,15.0,0.000,0.000,0.00,0.000,5.1,6.9,0.7,310,9,5.4,7.3,0.7,314,9,5.4,7.3,0.7,314,9,0,29.72,1.4,0,0,0,42.3,44.8,46.0,0.52,0.48,0.51
HAMM,2019-11-08 01:30:00 EST,44.51302,-75.61729,367,20.5,21.7,13.8,78.8,15.0,0.000,0.000,0.00,0.000,4.5,6.1,0.6,309,8,4.8,7.3,0.7,313,7,4.8,7.3,0.7,313,7,0,29.72,1.3,0,0,0,42.3,44.8,46.0,0.52,0.48,0.51
HAMM,2019-11-08 01:35:00 EST,44.51302,-75.61729,367,20.5,21.7,12.8,79.5,15.1,0.000,0.000,0.00,0.000,5.4,7.7,0.9,311,9,5.7,8.1,1.0,315,7,5.7,8.1,1.0,315,7,0,29.72,1.3,0,0,0,42.2,44.8,46.0,0.52,0.47,0.51
HAMM,2019-11-08 01:40:00 EST,44.51302,-75.61729,367,20.5,21.6,13.3,79.4,15.1,0.000,0.000,0.00,0.000,4.9,6.4,0.7,309,8,5.2,7.4,0.9,313,7,5.2,7.4,0.9,313,7,0,29.72,1.3,0,0,0,42.2,44.8,46.0,0.52,0.48,0.51
HAMM,2019-11-08 01:45:00 EST,44.51302,-75.61729,367,20.7,21.5,13.3,79.5,15.4,0.000,0.000,0.00,0.000,5.2,7.1,0.8,305,8,5.5,7.2,0.9,308,7,5.5,7.2,0.9,308,7,0,29.72,1.2,0,0,0,42.1,44.8,46.0,0.52,0.47,0.51
HAMM,2019-11-08 01:50:00 EST,44.51302,-75.61729,367,20.6,21.4,13.2,79.3,15.2,0.000,0.000,0.00,0.000,5.2,7.6,0.9,304,9,5.5,7.2,1.0,307,8,5.5,7.2,1.0,307,8,0,29.72,1.4,0,0,0,42.1,44.8,46.0,0.52,0.47,0.51
HAMM,2019-11-08 01:55:00 EST,44.51302,-75.61729,367,20.6,21.3,13.2,79.8,15.3,0.000,0.000,0.00,0.000,5.1,8.4,1.3,297,10,5.5,8.4,1.4,301,10,5.5,8.4,1.4,301,10,0,29.72,1.3,0,0,0,42.1,44.8,46.0,0.52,0.47,0.51
HAMM,2019-11-08 02:00:00 EST,44.51302,-75.61729,367,20.4,21.1,13.5,80.3,15.3,0.000,0.000,0.00,0.000,4.7,7.7,1.1,292,11,5.0,9.3,1.2,296,11,5.0,9.3,1.2,296,11,0,29.72,1.3,0,0,0,42.1,44.8,46.0,0.52,0.48,0.51
HAMM,2019-11-08 02:05:00 EST,44.51302,-75.61729,367,20.4,21.0,13.1,80.5,15.3,0.000,0.000,0.00,0.000,4.9,8.5,1.2,296,13,5.3,9.6,1.2,299,12,5.3,9.6,1.2,299,12,0,29.72,1.4,0,0,0,42.1,44.8,46.0,0.52,0.48,0.51
HAMM,2019-11-08 02:10:00 EST,44.51302,-75.61729,367,20.1,20.8,13.4,81.0,15.2,0.000,0.000,0.00,0.000,4.4,6.8,0.8,298,10,4.7,7.4,0.9,303,10,4.7,7.4,0.9,303,10,0,29.72,1.4,0,0,0,42.1,44.8,46.0,0.52,0.48,0.51
HAMM,2019-11-08 02:15:00 EST,44.51302,-75.61729,367,20.0,20.7,12.7,81.5,15.2,0.000,0.000,0.00,0.000,4.8,7.5,0.9,305,11,5.2,7.6,0.9,309,10,5.2,7.6,0.9,309,10,0,29.72,1.3,0,0,0,42.1,44.8,46.0,0.52,0.47,0.51
HAMM,2019-11-08 02:20:00 EST,44.51302,-75.61729,367,20.0,20.7,12.0,81.8,15.3,0.000,0.000,0.00,0.000,5.6,7.3,0.8,304,7,5.9,8.3,0.9,309,6,5.9,8.3,0.9,309,6,0,29.72,1.3,0,0,0,42.1,44.8,46.0,0.52,0.48,0.51
HAMM,2019-11-08 02:25:00 EST,44.51302,-75.61729,367,19.8,20.6,11.9,82.1,15.3,0.000,0.000,0.00,0.000,5.6,7.5,0.7,303,8,5.9,7.6,0.7,308,8,5.9,7.6,0.7,308,8,0,29.72,1.3,0,0,0,42.1,44.8,46.0,0.52,0.48,0.51
HAMM,2019-11-08 02:30:00 EST,44.51302,-75.61729,367,19.6,20.4,11.7,82.6,15.2,0.000,0.000,0.00,0.000,5.5,8.1,0.8,306,8,5.8,8.3,0.8,310,7,5.8,8.3,0.8,310,7,0,29.72,1.3,0,0,0,42.1,44.8,46.0,0.52,0.47,0.51
HAMM,2019-11-08 02:35:00 EST,44.51302,-75.61729,367,19.4,20.3,12.0,83.2,15.1,0.000,0.000,0.00,0.000,4.9,6.5,0.7,311,7,5.2,7.0,0.8,315,6,5.2,7.0,0.8,315,6,0,29.72,1.2,0,0,0,42.1,44.8,46.0,0.52,0.48,0.51
HAMM,2019-11-08 02:40:00 EST,44.51302,-75.61729,367,19.1,20.2,11.2,83.7,15.0,0.000,0.000,0.00,0.000,5.4,7.8,0.9,316,7,5.7,7.6,0.8,320,6,5.7,7.6,0.8,320,6,0,29.72,1.2,0,0,0,42.1,44.8,46.0,0.52,0.47,0.51
HAMM,2019-11-08 02:45:00 EST,44.51302,-75.61729,367,19.2,20.3,10.7,84.5,15.3,0.000,0.000,0.00,0.000,5.9,7.5,0.6,315,5,6.2,8.3,0.6,319,5,6.2,8.3,0.6,319,5,0,29.72,1.2,0,0,0,42.1,44.8,46.0,0.52,0.48,0.51
HAMM,2019-11-08 02:50:00 EST,44.51302,-75.61729,367,19.3,20.2,10.8,84.8,15.4,0.000,0.000,0.00,0.000,5.8,7.9,0.7,312,7,6.2,8.8,0.8,316,6,6.2,8.8,0.8,316,6,0,29.72,1.2,0,0,0,42.1,44.8,46.0,0.52,0.48,0.51
HAMM,2019-11-08 02:55:00 EST,44.51302,-75.61729,367,18.9,20.0,10.8,85.2,15.2,0.000,0.000,0.00,0.000,5.6,7.7,0.7,314,6,5.9,8.5,0.8,317,6,5.9,8.5,0.8,317,6,0,29.72,1.2,0,0,0,42.1,44.8,46.0,0.52,0.48,0.51
HAMM,2019-11-08 03:00:00 EST,44.51302,-75.61729,367,19.3,20.2,10.3,86.0,15.8,0.000,0.000,0.00,0.000,6.6,10.3,1.0,308,8,6.8,10.6,1.1,313,7,6.8,10.6,1.1,313,7,0,29.72,1.3,0,0,0,42.1,44.8,46.0,0.52,0.48,0.51
HAMM,2019-11-08 03:05:00 EST,44.51302,-75.61729,367,19.4,20.1,9.9,85.4,15.7,0.000,0.000,0.00,0.000,7.1,9.4,0.8,313,8,7.4,10.5,0.9,318,8,7.4,10.5,0.9,318,8,0,29.72,1.2,0,0,0,42.0,44.8,46.0,0.52,0.48,0.51
HAMM,2019-11-08 03:10:00 EST,44.51302,-75.61729,367,19.1,19.9,10.1,86.2,15.7,0.000,0.000,0.00,0.000,6.6,9.2,0.8,311,8,6.9,9.1,0.9,316,8,6.9,9.1,0.9,316,8,0,29.72,1.4,0,0,0,41.9,44.8,46.0,0.52,0.48,0.51
HAMM,2019-11-08 03:15:00 EST,44.51302,-75.61729,367,19.4,20.0,9.9,86.7,16.1,0.000,0.000,0.00,0.000,7.3,9.5,1.0,310,8,7.5,10.3,1.1,315,7,7.5,10.3,1.1,315,7,0,29.72,1.1,0,0,0,41.9,44.8,46.0,0.52,0.48,0.51
HAMM,2019-11-08 03:20:00 EST,44.51302,-75.61729,367,19.5,19.9,10.4,87.1,16.3,0.000,0.000,0.00,0.000,6.6,8.0,0.7,310,6,7.0,8.8,0.7,314,5,7.0,8.8,0.7,314,5,0,29.72,1.2,0,0,0,41.9,44.8,46.0,0.52,0.47,0.51
HAMM,2019-11-08 03:25:00 EST,44.51302,-75.61729,367,19.8,20.0,10.2,87.5,16.6,0.000,0.000,0.00,0.000,7.3,10.1,1.0,314,6,7.6,10.5,1.1,318,6,7.6,10.5,1.1,318,6,0,29.72,1.2,0,0,0,41.9,44.8,46.0,0.52,0.47,0.51
HAMM,2019-11-08 03:30:00 EST,44.51302,-75.61729,367,20.1,20.2,11.3,87.7,17.1,0.000,0.000,0.00,0.000,6.6,9.4,1.2,311,9,6.9,9.8,1.1,315,8,6.9,9.8,1.1,315,8,0,29.72,1.2,0,0,0,41.9,44.8,46.0,0.52,0.48,0.51
HAMM,2019-11-08 03:35:00 EST,44.51302,-75.61729,367,20.3,20.3,11.6,88.2,17.4,0.000,0.000,0.00,0.000,6.4,10.3,1.1,318,9,6.8,10.7,1.2,322,8,6.8,10.7,1.2,322,8,0,29.72,1.2,0,0,0,41.9,44.8,46.0,0.52,0.48,0.51
HAMM,2019-11-08 03:40:00 EST,44.51302,-75.61729,367,20.4,20.4,11.8,88.5,17.6,0.000,0.000,0.00,0.000,6.3,8.5,1.1,310,8,6.7,9.4,1.1,313,7,6.7,9.4,1.1,313,7,0,29.73,1.0,0,0,0,41.9,44.8,46.0,0.52,0.48,0.51
HAMM,2019-11-08 03:45:00 EST,44.51302,-75.61729,367,20.6,20.5,11.9,88.4,17.8,0.000,0.000,0.00,0.000,6.7,8.7,0.8,310,7,6.9,9.5,0.9,315,7,6.9,9.5,0.9,315,7,0,29.73,0.9,0,0,0,41.9,44.8,46.0,0.52,0.48,0.51
HAMM,2019-11-08 03:50:00 EST,44.51302,-75.61729,367,20.8,20.7,12.0,88.8,18.0,0.000,0.000,0.00,0.000,6.7,10.0,1.2,308,10,7.0,9.6,1.2,313,9,7.0,9.6,1.2,313,9,0,29.73,1.0,0,0,0,41.9,44.7,46.0,0.52,0.48,0.51
HAMM,2019-11-08 03:55:00 EST,44.51302,-75.61729,367,20.9,20.8,11.8,89.2,18.2,0.000,0.000,0.00,0.000,7.1,10.7,1.3,304,8,7.4,11.3,1.3,308,9,7.4,11.3,1.3,308,9,0,29.73,0.9,0,0,0,41.9,44.6,46.0,0.52,0.48,0.51
HAMM,2019-11-08 04:00:00 EST,44.51302,-75.61729,367,21.0,20.9,11.5,89.0,18.3,0.000,0.000,0.00,0.000,7.6,10.8,1.1,306,9,8.0,11.4,1.2,310,8,8.0,11.4,1.2,310,8,0,29.73,1.1,0,0,0,41.9,44.6,46.0,0.52,0.48,0.51
HAMM,2019-11-08 04:05:00 EST,44.51302,-75.61729,367,21.2,21.1,10.9,89.0,18.5,0.000,0.000,0.00,0.000,8.8,11.5,1.3,308,11,9.1,13.6,1.3,312,10,9.1,13.6,1.3,312,10,0,29.73,0.7,0,0,0,41.9,44.6,46.0,0.52,0.47,0.51
HAMM,2019-11-08 04:10:00 EST,44.51302,-75.61729,367,21.2,21.1,11.9,89.1,18.5,0.000,0.000,0.00,0.000,7.4,10.9,1.3,310,11,7.8,11.3,1.3,314,11,7.8,11.3,1.3,314,11,0,29.73,1.0,0,0,0,41.9,44.6,46.0,0.52,0.48,0.51
HAMM,2019-11-08 04:15:00 EST,44.51302,-75.61729,367,21.2,21.1,11.9,89.3,18.6,0.000,0.000,0.00,0.000,7.4,11.2,1.7,311,12,7.8,12.4,1.8,315,11,7.8,12.4,1.8,315,11,0,29.73,1.0,0,0,0,41.9,44.6,46.0,0.52,0.48,0.51
HAMM,2019-11-08 04:20:00 EST,44.51302,-75.61729,367,21.2,21.1,11.3,89.6,18.7,0.000,0.000,0.00,0.000,8.1,11.8,1.4,312,10,8.6,13.0,1.5,315,11,8.6,13.0,1.5,315,11,0,29.73,0.8,0,0,0,41.8,44.6,46.0,0.52,0.48,0.51
HAMM,2019-11-08 04:25:00 EST,44.51302,-75.61729,367,21.2,21.1,12.2,89.6,18.7,0.000,0.000,0.00,0.000,7.1,10.2,1.3,312,10,7.4,10.6,1.4,316,10,7.4,10.6,1.4,316,10,0,29.73,0.7,0,0,0,41.8,44.6,46.0,0.52,0.48,0.51
HAMM,2019-11-08 04:30:00 EST,44.51302,-75.61729,367,21.2,21.0,11.6,89.9,18.7,0.000,0.000,0.00,0.000,7.6,10.9,1.2,313,10,8.0,11.7,1.3,318,10,8.0,11.7,1.3,318,10,0,29.73,1.0,0,0,0,41.7,44.6,46.0,0.52,0.47,0.51
HAMM,2019-11-08 04:35:00 EST,44.51302,-75.61729,367,21.2,21.1,11.8,90.1,18.8,0.000,0.000,0.00,0.000,7.4,11.7,2.0,322,10,7.8,12.3,1.9,327,9,7.8,12.3,1.9,327,9,0,29.73,0.9,0,0,0,41.7,44.6,45.9,0.52,0.47,0.51
HAMM,2019-11-08 04:40:00 EST,44.51302,-75.61729,367,21.2,21.1,11.1,89.8,18.7,0.000,0.000,0.00,0.000,8.5,11.1,1.2,319,10,8.9,11.8,1.3,324,9,8.9,11.8,1.3,324,9,0,29.73,0.8,0,0,0,41.7,44.6,45.9,0.52,0.47,0.51
HAMM,2019-11-08 04:45:00 EST,44.51302,-75.61729,367,21.2,21.1,11.4,90.0,18.7,0.000,0.000,0.00,0.000,7.9,11.8,1.6,323,9,8.3,12.9,1.6,328,9,8.3,12.9,1.6,328,9,0,29.74,0.8,0,0,0,41.7,44.6,45.9,0.52,0.48,0.51
HAMM,2019-11-08 04:50:00 EST,44.51302,-75.61729,367,21.3,21.2,11.0,90.0,18.8,0.000,0.000,0.00,0.000,8.6,12.1,1.7,321,11,9.1,13.3,1.7,326,11,9.1,13.3,1.7,326,11,0,29.74,0.9,0,0,0,41.7,44.6,45.9,0.52,0.48,0.51
HAMM,2019-11-08 04:55:00 EST,44.51302,-75.61729,367,21.4,21.3,10.4,89.9,18.8,0.000,0.000,0.00,0.000,9.8,15.3,2.1,321,11,10.3,15.9,2.2,327,10,10.3,15.9,2.2,327,10,0,29.74,0.6,0,0,0,41.7,44.6,45.9,0.52,0.48,0.51
HAMM,2019-11-08 05:00:00 EST,44.51302,-75.61729,367,21.5,21.4,10.7,89.6,18.9,0.000,0.000,0.00,0.000,9.5,13.1,1.6,319,10,10.0,14.3,1.6,324,9,10.0,14.3,1.6,324,9,0,29.74,0.9,0,0,0,41.7,44.6,45.9,0.52,0.48,0.51
HAMM,2019-11-08 05:05:00 EST,44.51302,-75.61729,367,21.6,21.6,11.2,89.4,19.0,0.000,0.000,0.00,0.000,9.3,12.5,1.6,323,9,9.5,14.2,1.6,328,8,9.5,14.2,1.6,328,8,0,29.74,0.8,0,0,0,41.7,44.6,45.9,0.52,0.48,0.51
HAMM,2019-11-08 05:10:00 EST,44.51302,-75.61729,367,21.8,21.7,11.0,89.1,19.0,0.000,0.000,0.00,0.000,9.3,15.0,2.2,322,12,10.0,15.6,2.3,328,12,10.0,15.6,2.3,328,12,0,29.74,0.8,0,0,0,41.7,44.6,45.9,0.52,0.48,0.51
HAMM,2019-11-08 05:15:00 EST,44.51302,-75.61729,367,21.9,21.8,11.2,88.6,19.0,0.000,0.000,0.00,0.000,9.5,12.6,1.7,321,11,10.0,15.1,1.8,326,9,10.0,15.1,1.8,326,9,0,29.75,0.8,0,0,0,41.7,44.6,45.9,0.52,0.48,0.51
HAMM,2019-11-08 05:20:00 EST,44.51302,-75.61729,367,21.8,21.8,11.3,88.4,18.9,0.000,0.000,0.00,0.000,9.2,12.9,1.8,324,9,9.7,13.1,1.8,330,8,9.7,13.1,1.8,330,8,0,29.75,0.7,0,0,0,41.7,44.6,45.9,0.52,0.47,0.51
HAMM,2019-11-08 05:25:00 EST,44.51302,-75.61729,367,21.7,21.7,11.8,88.4,18.8,0.000,0.000,0.00,0.000,8.3,13.4,1.8,328,10,8.7,15.1,1.9,333,9,8.7,15.1,1.9,333,9,0,29.75,0.8,0,0,0,41.7,44.6,45.9,0.52,0.48,0.51
HAMM,2019-11-08 05:30:00 EST,44.51302,-75.61729,367,21.7,21.7,11.9,88.7,18.9,0.000,0.000,0.00,0.000,8.1,12.7,1.7,327,9,8.6,13.2,1.9,331,9,8.6,13.2,1.9,331,9,0,29.75,0.7,0,0,0,41.7,44.6,45.9,0.52,0.48,0.51
HAMM,2019-11-08 05:35:00 EST,44.51302,-75.61729,367,21.9,21.9,10.7,88.1,18.9,0.000,0.000,0.00,0.000,10.3,18.2,2.6,326,10,10.8,18.1,2.6,330,9,10.8,18.1,2.6,330,9,0,29.75,0.8,0,0,0,41.7,44.6,45.9,0.52,0.48,0.51
HAMM,2019-11-08 05:40:00 EST,44.51302,-75.61729,367,21.8,21.8,11.0,88.0,18.8,0.000,0.000,0.00,0.000,9.6,14.1,1.8,324,10,10.1,14.4,1.9,328,9,10.1,14.4,1.9,328,9,0,29.75,0.8,0,0,0,41.7,44.6,45.9,0.52,0.47,0.51
HAMM,2019-11-08 05:45:00 EST,44.51302,-75.61729,367,21.9,21.9,10.9,87.7,18.8,0.000,0.000,0.00,0.000,10.0,15.6,2.2,324,11,10.5,17.2,2.3,329,9,10.5,17.2,2.3,329,9,0,29.75,0.9,0,0,0,41.7,44.6,45.9,0.52,0.47,0.51
HAMM,2019-11-08 05:50:00 EST,44.51302,-75.61729,367,21.9,21.9,11.0,87.3,18.7,0.000,0.000,0.00,0.000,9.6,15.9,2.2,322,11,10.3,15.3,2.3,328,10,10.3,15.3,2.3,328,10,0,29.75,0.8,0,0,0,41.7,44.6,45.9,0.52,0.48,0.51
HAMM,2019-11-08 05:55:00 EST,44.51302,-75.61729,367,21.8,21.8,10.4,86.9,18.5,0.000,0.000,0.00,0.000,10.6,15.6,2.0,326,11,11.2,15.2,2.0,332,10,11.2,15.2,2.0,332,10,0,29.75,0.7,0,0,0,41.7,44.6,45.9,0.52,0.47,0.51
HAMM,2019-11-08 06:00:00 EST,44.51302,-75.61729,367,21.7,21.7,10.5,86.8,18.3,0.000,0.000,0.00,0.000,10.1,15.1,1.7,321,10,10.7,15.5,1.9,326,10,10.7,15.5,1.9,326,10,0,29.76,0.7,0,0,0,41.7,44.6,45.9,0.52,0.48,0.51
HAMM,2019-11-08 06:05:00 EST,44.51302,-75.61729,367,21.5,21.6,9.9,86.4,18.1,0.000,0.000,0.00,0.000,11.0,15.9,2.2,320,11,11.5,17.3,2.3,325,10,11.5,17.3,2.3,325,10,0,29.76,0.7,0,0,0,41.7,44.6,45.9,0.52,0.48,0.51
HAMM,2019-11-08 06:10:00 EST,44.51302,-75.61729,367,21.3,21.5,9.6,86.0,17.8,0.000,0.000,0.00,0.000,11.1,17.0,2.3,324,9,11.6,16.7,2.2,328,8,11.6,16.7,2.2,328,8,0,29.76,0.8,0,0,0,41.6,44.5,45.9,0.52,0.48,0.51
HAMM,2019-11-08 06:15:00 EST,44.51302,-75.61729,367,21.3,21.4,9.5,85.5,17.6,0.000,0.000,0.00,0.000,10.9,15.6,2.0,324,12,11.5,16.1,2.1,327,11,11.5,16.1,2.1,327,11,0,29.76,0.8,0,0,0,41.5,44.4,45.9,0.52,0.48,0.51
HAMM,2019-11-08 06:20:00 EST,44.51302,-75.61729,367,21.2,21.3,9.8,85.5,17.5,0.000,0.000,0.00,0.000,10.3,14.8,1.8,327,10,10.9,15.3,1.9,330,10,10.9,15.3,1.9,330,10,0,29.76,0.7,0,0,0,41.5,44.4,45.9,0.52,0.48,0.51
HAMM,2019-11-08 06:25:00 EST,44.51302,-75.61729,367,21.1,21.2,10.1,85.5,17.4,0.000,0.000,0.00,0.000,9.8,14.5,1.7,325,10,10.2,15.7,1.7,328,9,10.2,15.7,1.7,328,9,0,29.77,0.8,0,0,0,41.5,44.4,45.9,0.52,0.47,0.51
HAMM,2019-11-08 06:30:00 EST,44.51302,-75.61729,367,20.9,21.1,10.1,85.8,17.3,0.000,0.000,0.00,0.000,9.5,12.9,1.6,322,9,9.9,13.9,1.6,326,8,9.9,13.9,1.6,326,8,0,29.77,0.7,0,0,0,41.5,44.4,45.9,0.52,0.48,0.51
HAMM,2019-11-08 06:35:00 EST,44.51302,-75.61729,367,20.6,21.0,11.0,86.0,17.1,0.000,0.000,0.00,0.000,7.7,12.0,1.7,321,12,8.1,12.3,1.6,325,11,8.1,12.3,1.6,325,11,1,29.77,0.7,0,0,0,41.5,44.4,45.9,0.52,0.48,0.51
HAMM,2019-11-08 06:40:00 EST,44.51302,-75.61729,367,20.8,21.1,10.5,85.9,17.2,0.000,0.000,0.00,0.000,8.7,12.1,1.4,323,9,9.0,12.5,1.6,327,8,9.0,12.5,1.6,327,8,2,29.77,0.7,0,0,0,41.5,44.4,45.9,0.52,0.48,0.51
HAMM,2019-11-08 06:45:00 EST,44.51302,-75.61729,367,20.8,21.1,10.2,85.2,17.1,0.000,0.000,0.00,0.000,8.9,11.9,1.5,325,11,9.5,13.4,1.6,328,11,9.5,13.4,1.6,328,11,3,29.77,0.6,0,0,0,41.5,44.4,45.9,0.52,0.48,0.51
HAMM,2019-11-08 06:50:00 EST,44.51302,-75.61729,367,20.8,21.1,11.0,84.8,17.0,0.000,0.000,0.00,0.000,7.8,11.3,1.4,327,10,8.3,11.6,1.4,331,9,8.3,11.6,1.4,331,9,5,29.78,0.7,0,0,0,41.5,44.4,45.9,0.52,0.48,0.51
HAMM,2019-11-08 06:55:00 EST,44.51302,-75.61729,367,20.6,21.0,11.0,84.8,16.7,0.000,0.000,0.00,0.000,7.3,10.6,1.5,325,13,7.9,11.6,1.7,330,11,7.9,11.6,1.7,330,11,8,29.78,0.7,0,0,0,41.5,44.4,45.9,0.52,0.48,0.51
HAMM,2019-11-08 07:00:00 EST,44.51302,-75.61729,367,20.5,20.9,11.5,85.2,16.8,0.000,0.000,0.00,0.000,6.8,10.3,1.3,323,10,7.2,11.4,1.5,328,10,7.2,11.4,1.5,328,10,11,29.78,0.7,0,0,0,41.5,44.4,45.9,0.52,0.48,0.51
HAMM,2019-11-08 07:05:00 EST,44.51302,-75.61729,367,20.4,20.8,11.7,85.8,16.9,0.000,0.000,0.00,0.000,6.5,9.6,1.1,317,9,6.9,10.7,1.3,322,9,6.9,10.7,1.3,322,9,17,29.79,0.8,0,0,0,41.5,44.4,45.9,0.52,0.47,0.51
HAMM,2019-11-08 07:10:00 EST,44.51302,-75.61729,367,20.3,20.6,12.9,86.3,16.8,0.000,0.000,0.00,0.000,5.1,8.5,1.2,310,10,5.4,9.0,1.1,314,9,5.4,9.0,1.1,314,9,37,29.79,0.8,0,0,0,41.5,44.4,45.9,0.52,0.48,0.51
HAMM,2019-11-08 07:15:00 EST,44.51302,-75.61729,367,20.2,20.6,12.7,86.5,16.9,0.000,0.000,0.00,0.000,5.3,8.3,1.3,308,12,5.5,9.6,1.4,312,11,5.5,9.6,1.4,312,11,59,29.79,0.8,0,0,0,41.5,44.4,45.9,0.52,0.47,0.51
HAMM,2019-11-08 07:20:00 EST,44.51302,-75.61729,367,20.5,20.6,11.9,86.2,17.0,0.000,0.000,0.00,0.000,6.3,9.7,1.5,315,13,6.6,10.2,1.4,318,13,6.6,10.2,1.4,318,13,89,29.79,0.8,0,0,0,41.5,44.4,45.9,0.52,0.48,0.51
HAMM,2019-11-08 07:25:00 EST,44.51302,-75.61729,367,20.9,20.8,12.8,85.8,17.3,0.000,0.000,0.00,0.000,5.8,8.8,1.3,322,11,6.1,8.8,1.2,328,11,6.1,8.8,1.2,328,11,93,29.80,0.8,0,0,0,41.5,44.4,45.9,0.52,0.48,0.51
HAMM,2019-11-08 07:30:00 EST,44.51302,-75.61729,367,21.2,21.1,13.3,86.2,17.7,0.000,0.000,0.00,0.000,5.5,9.1,1.3,320,15,6.0,10.7,1.4,324,14,6.0,10.7,1.4,324,14,65,29.80,0.8,0,0,0,41.5,44.4,45.9,0.52,0.48,0.51
HAMM,2019-11-08 07:35:00 EST,44.51302,-75.61729,367,21.6,21.4,11.5,85.9,18.0,0.000,0.000,0.00,0.000,8.5,13.7,2.1,322,10,8.9,16.6,2.4,328,9,8.9,16.6,2.4,328,9,44,29.80,0.8,0,0,0,41.5,44.4,45.9,0.52,0.48,0.51
HAMM,2019-11-08 07:40:00 EST,44.51302,-75.61729,367,21.8,21.6,11.6,84.7,17.9,0.000,0.000,0.00,0.000,8.5,16.9,2.2,319,13,9.1,18.8,2.4,324,13,9.1,18.8,2.4,324,13,42,29.80,0.8,0,0,0,41.5,44.4,45.9,0.52,0.48,0.51
HAMM,2019-11-08 07:45:00 EST,44.51302,-75.61729,367,21.9,21.8,10.0,82.2,17.3,0.000,0.000,0.00,0.000,11.6,17.7,2.9,328,13,12.3,19.4,2.9,333,12,12.3,19.4,2.9,333,12,41,29.81,0.8,0,0,0,41.5,44.4,45.9,0.52,0.48,0.51
HAMM,2019-11-08 07:50:00 EST,44.51302,-75.61729,367,22.0,21.8,9.7,81.2,17.1,0.000,0.000,0.00,0.000,12.5,18.6,2.7,323,10,12.9,18.6,2.6,327,11,12.9,18.6,2.6,327,11,44,29.81,0.8,0,0,0,41.5,44.4,45.9,0.52,0.48,0.51
HAMM,2019-11-08 07:55:00 EST,44.51302,-75.61729,367,22.0,21.8,11.1,81.0,17.1,0.000,0.000,0.00,0.000,9.5,15.3,2.1,333,12,10.4,18.6,2.2,339,12,10.4,18.6,2.2,339,12,59,29.81,0.8,0,0,0,41.5,44.4,45.8,0.52,0.48,0.51
HAMM,2019-11-08 08:00:00 EST,44.51302,-75.61729,367,22.0,21.8,11.7,78.8,16.4,0.000,0.000,0.00,0.000,8.8,13.2,1.8,325,10,9.4,15.1,2.2,331,10,9.4,15.1,2.2,331,10,79,29.81,0.8,0,0,0,41.5,44.4,45.8,0.52,0.48,0.51
HAMM,2019-11-08 08:05:00 EST,44.51302,-75.61729,367,21.8,21.7,8.7,77.0,15.7,0.000,0.000,0.00,0.000,13.9,20.4,3.8,326,10,14.6,21.0,3.9,330,10,14.6,21.0,3.9,330,10,93,29.81,0.7,0,0,0,41.5,44.4,45.7,0.52,0.48,0.51
HAMM,2019-11-08 08:10:00 EST,44.51302,-75.61729,367,21.6,21.6,9.2,76.5,15.3,0.000,0.000,0.00,0.000,12.2,18.1,2.4,319,10,12.9,19.3,2.4,324,10,12.9,19.3,2.4,324,10,118,29.81,0.7,0,0,0,41.4,44.4,45.7,0.52,0.48,0.51
HAMM,2019-11-08 08:15:00 EST,44.51302,-75.61729,367,21.9,21.9,10.7,76.1,15.6,0.000,0.000,0.00,0.000,10.5,14.9,1.7,327,12,11.0,14.7,1.9,333,12,11.0,14.7,1.9,333,12,207,29.82,0.7,0,0,0,41.4,44.4,45.7,0.52,0.48,0.51
HAMM,2019-11-08 08:20:00 EST,44.51302,-75.61729,367,22.2,22.1,11.5,76.9,16.0,0.000,0.000,0.00,0.000,9.4,17.0,2.3,324,12,10.1,16.8,2.2,328,11,10.1,16.8,2.2,328,11,216,29.82,0.8,0,0,0,41.4,44.4,45.7,0.52,0.48,0.51
HAMM,2019-11-08 08:25:00 EST,44.51302,-75.61729,367,22.4,22.2,12.4,77.0,16.3,0.000,0.000,0.00,0.000,8.5,12.9,2.3,323,15,9.1,13.3,2.1,327,14,9.1,13.3,2.1,327,14,227,29.82,0.7,0,0,0,41.4,44.4,45.7,0.52,0.48,0.51
HAMM,2019-11-08 08:30:00 EST,44.51302,-75.61729,367,22.5,22.3,10.8,77.5,16.5,0.000,0.000,0.00,0.000,11.5,15.6,2.0,322,11,12.1,16.8,2.1,326,11,12.1,16.8,2.1,326,11,197,29.82,0.6,0,0,0,41.4,44.3,45.7,0.52,0.48,0.51
HAMM,2019-11-08 08:35:00 EST,44.51302,-75.61729,367,22.4,22.2,11.2,78.0,16.6,0.000,0.000,0.00,0.000,10.5,14.8,1.5,312,14,11.0,15.5,1.7,316,14,11.0,15.5,1.7,316,14,191,29.82,0.7,0,0,0,41.4,44.3,45.7,0.52,0.48,0.51
HAMM,2019-11-08 08:40:00 EST,44.51302,-75.61729,367,22.3,22.1,10.9,77.3,16.3,0.000,0.000,0.00,0.000,10.8,16.3,2.4,325,15,11.4,16.9,2.5,332,10,11.4,16.9,2.5,332,10,193,29.82,0.6,0,0,0,41.4,44.1,45.7,0.52,0.47,0.51
HAMM,2019-11-08 08:45:00 EST,44.51302,-75.61729,367,22.5,22.3,12.1,77.3,16.4,0.000,0.000,0.00,0.000,9.1,16.4,2.7,319,13,9.7,18.2,2.6,324,12,9.7,18.2,2.6,324,12,255,29.82,0.7,0,0,0,41.4,44.1,45.7,0.52,0.48,0.51
HAMM,2019-11-08 08:50:00 EST,44.51302,-75.61729,367,22.6,22.3,11.5,76.5,16.3,0.000,0.000,0.00,0.000,10.4,15.2,2.0,324,12,10.9,15.3,2.0,328,11,10.9,15.3,2.0,328,11,258,29.82,0.5,0,0,0,41.4,44.1,45.7,0.52,0.48,0.51
HAMM,2019-11-08 08:55:00 EST,44.51302,-75.61729,367,22.7,22.4,12.3,76.6,16.4,0.000,0.000,0.00,0.000,9.6,13.9,2.2,318,10,9.8,14.2,2.0,323,10,9.8,14.2,2.0,323,10,263,29.82,0.5,0,0,0,41.4,44.1,45.7,0.52,0.48,0.51
HAMM,2019-11-08 09:00:00 EST,44.51302,-75.61729,367,22.8,22.5,13.3,76.3,16.5,0.000,0.000,0.00,0.000,8.0,11.8,1.7,316,14,8.5,12.0,1.7,321,14,8.5,12.0,1.7,321,14,268,29.82,0.6,0,0,0,41.4,44.1,45.7,0.52,0.47,0.51
HAMM,2019-11-08 09:05:00 EST,44.51302,-75.61729,367,23.0,22.7,13.6,76.3,16.6,0.000,0.000,0.00,0.000,8.0,12.1,1.8,309,11,8.4,13.0,1.7,314,11,8.4,13.0,1.7,314,11,274,29.83,0.6,0,0,0,41.4,44.1,45.7,0.52,0.48,0.51
HAMM,2019-11-08 09:10:00 EST,44.51302,-75.61729,367,23.0,22.7,12.2,76.0,16.5,0.000,0.000,0.00,0.000,10.5,14.2,2.2,305,8,10.7,16.2,2.2,309,7,10.7,16.2,2.2,309,7,282,29.83,0.6,0,0,0,41.4,44.1,45.7,0.52,0.48,0.51
HAMM,2019-11-08 09:15:00 EST,44.51302,-75.61729,367,23.1,22.8,13.2,75.9,16.7,0.000,0.000,0.00,0.000,9.0,13.6,2.0,313,13,9.3,13.6,1.9,316,12,9.3,13.6,1.9,316,12,288,29.83,0.5,0,0,0,41.4,44.1,45.7,0.52,0.48,0.51
HAMM,2019-11-08 09:20:00 EST,44.51302,-75.61729,367,23.3,22.9,12.6,74.8,16.4,0.000,0.000,0.00,0.000,10.2,15.4,1.9,312,10,10.4,16.1,2.0,316,9,10.4,16.1,2.0,316,9,293,29.83,0.7,0,0,0,41.4,44.1,45.7,0.52,0.48,0.51
HAMM,2019-11-08 09:25:00 EST,44.51302,-75.61729,367,23.4,23.0,13.4,75.0,16.6,0.000,0.000,0.00,0.000,9.1,12.9,2.1,317,10,9.4,13.2,2.1,322,8,9.4,13.2,2.1,322,8,298,29.83,0.5,0,0,0,41.4,44.1,45.7,0.52,0.47,0.51
HAMM,2019-11-08 09:30:00 EST,44.51302,-75.61729,367,23.6,23.2,13.9,74.6,16.8,0.000,0.000,0.00,0.000,8.7,12.0,1.8,317,9,9.1,11.9,1.8,322,9,9.1,11.9,1.8,322,9,304,29.83,0.6,0,0,0,41.4,44.1,45.7,0.52,0.48,0.51
HAMM,2019-11-08 09:35:00 EST,44.51302,-75.61729,367,23.9,23.5,15.2,74.0,16.8,0.000,0.000,0.00,0.000,7.3,12.0,2.2,309,11,7.7,12.2,2.1,312,10,7.7,12.2,2.1,312,10,310,29.83,0.5,0,0,0,41.4,44.1,45.7,0.52,0.48,0.51
HAMM,2019-11-08 09:40:00 EST,44.51302,-75.61729,367,24.2,23.8,15.2,72.7,16.7,0.000,0.000,0.00,0.000,7.8,12.6,2.0,301,14,8.2,12.9,2.0,305,13,8.2,12.9,2.0,305,13,318,29.83,0.6,0,0,0,41.4,44.1,45.7,0.52,0.48,0.51
HAMM,2019-11-08 09:45:00 EST,44.51302,-75.61729,367,24.1,23.6,14.2,71.6,16.3,0.000,0.000,0.00,0.000,9.3,12.9,1.5,304,11,9.6,13.4,1.6,309,11,9.6,13.4,1.6,309,11,324,29.83,0.5,0,0,0,41.4,44.1,45.7,0.52,0.48,0.51
HAMM,2019-11-08 09:50:00 EST,44.51302,-75.61729,367,24.3,23.8,14.9,71.7,16.4,0.000,0.000,0.00,0.000,8.4,11.0,1.4,302,15,8.8,12.2,1.5,306,15,8.8,12.2,1.5,306,15,332,29.83,0.5,0,0,0,41.4,44.1,45.7,0.52,0.48,0.51
HAMM,2019-11-08 09:55:00 EST,44.51302,-75.61729,367,24.4,24.0,13.8,70.4,16.2,0.000,0.000,0.00,0.000,10.4,16.9,2.3,295,13,11.0,17.5,2.5,297,13,11.0,17.5,2.5,297,13,340,29.83,0.5,0,0,0,41.4,44.1,45.7,0.52,0.48,0.51
HAMM,2019-11-08 10:00:00 EST,44.51302,-75.61729,367,24.6,24.1,14.3,71.1,16.6,0.000,0.000,0.00,0.000,9.8,15.4,2.2,327,13,10.6,17.3,2.1,331,13,10.6,17.3,2.1,331,13,339,29.83,0.5,0,0,0,41.4,44.1,45.7,0.52,0.48,0.51
HAMM,2019-11-08 10:05:00 EST,44.51302,-75.61729,367,24.5,24.1,14.6,70.5,16.3,0.000,0.000,0.00,0.000,9.5,15.7,2.3,317,13,9.8,17.2,2.2,323,13,9.8,17.2,2.2,323,13,375,29.83,0.4,0,0,0,41.4,44.1,45.7,0.52,0.48,0.51
HAMM,2019-11-08 10:10:00 EST,44.51302,-75.61729,367,24.7,24.1,13.5,70.2,16.4,0.000,0.000,0.00,0.000,11.7,16.4,1.9,319,14,12.2,19.4,2.0,324,13,12.2,19.4,2.0,324,13,383,29.83,0.5,0,0,0,41.4,44.1,45.7,0.52,0.48,0.51
HAMM,2019-11-08 10:15:00 EST,44.51302,-75.61729,367,24.4,23.9,13.8,70.8,16.3,0.000,0.000,0.00,0.000,10.9,15.2,2.2,316,11,11.0,15.8,2.1,320,9,11.0,15.8,2.1,320,9,338,29.83,0.7,0,0,0,41.4,44.1,45.7,0.52,0.48,0.51
HAMM,2019-11-08 10:20:00 EST,44.51302,-75.61729,367,24.9,24.3,15.3,71.1,16.8,0.000,0.000,0.00,0.000,8.7,14.4,2.1,297,14,9.3,16.0,2.2,298,14,9.3,16.0,2.2,298,14,410,29.84,0.5,0,0,0,41.4,44.1,45.7,0.52,0.48,0.51
HAMM,2019-11-08 10:25:00 EST,44.51302,-75.61729,367,24.7,24.1,14.9,71.4,16.8,0.000,0.000,0.00,0.000,9.2,14.4,2.6,304,12,9.7,14.4,2.5,307,12,9.7,14.4,2.5,307,12,345,29.84,0.7,0,0,0,41.4,44.1,45.7,0.52,0.48,0.51
HAMM,2019-11-08 10:30:00 EST,44.51302,-75.61729,367,24.9,24.4,15.2,71.5,17.0,0.000,0.000,0.00,0.000,9.3,12.4,1.8,296,10,9.5,12.9,1.7,299,9,9.5,12.9,1.7,299,9,320,29.84,0.6,0,0,0,41.4,44.1,45.7,0.52,0.48,0.51
HAMM,2019-11-08 10:35:00 EST,44.51302,-75.61729,367,24.7,24.2,14.8,71.3,16.7,0.000,0.000,0.00,0.000,9.3,14.2,2.2,303,13,9.8,13.7,2.2,307,14,9.8,13.7,2.2,307,14,292,29.84,0.7,0,0,0,41.3,44.1,45.7,0.52,0.48,0.51
HAMM,2019-11-08 10:40:00 EST,44.51302,-75.61729,367,24.9,24.4,15.4,71.0,16.8,0.000,0.000,0.00,0.000,9.0,12.6,1.7,309,13,9.2,13.9,2.0,314,13,9.2,13.9,2.0,314,13,372,29.84,0.7,0,0,0,41.3,44.1,45.7,0.52,0.48,0.51
HAMM,2019-11-08 10:45:00 EST,44.51302,-75.61729,367,25.3,24.7,16.1,69.7,16.8,0.000,0.000,0.00,0.000,8.2,13.5,2.0,292,15,8.9,14.9,2.2,295,14,8.9,14.9,2.2,295,14,439,29.84,0.8,0,0,0,41.3,44.1,45.6,0.52,0.48,0.51
HAMM,2019-11-08 10:50:00 EST,44.51302,-75.61729,367,25.8,25.1,16.5,69.8,17.3,0.000,0.000,0.00,0.000,8.6,14.1,1.8,296,15,9.2,14.7,1.9,297,14,9.2,14.7,1.9,297,14,400,29.84,0.8,0,0,0,41.2,44.0,45.6,0.52,0.48,0.51
HAMM,2019-11-08 10:55:00 EST,44.51302,-75.61729,367,25.7,25.1,16.1,70.2,17.3,0.000,0.000,0.00,0.000,9.1,13.2,2.2,302,21,9.7,14.0,2.2,306,20,9.7,14.0,2.2,306,20,437,29.84,0.9,0,0,0,41.2,44.0,45.6,0.52,0.48,0.51
HAMM,2019-11-08 11:00:00 EST,44.51302,-75.61729,367,26.0,25.3,17.3,70.1,17.6,0.000,0.000,0.00,0.000,7.9,12.3,2.2,314,15,8.2,13.6,2.1,317,15,8.2,13.6,2.1,317,15,453,29.84,0.7,0,0,0,41.2,43.9,45.6,0.52,0.48,0.51
HAMM,2019-11-08 11:05:00 EST,44.51302,-75.61729,367,25.6,25.1,16.4,69.9,17.1,0.000,0.000,0.00,0.000,8.6,13.8,2.3,303,15,9.0,13.3,2.3,307,14,9.0,13.3,2.3,307,14,308,29.84,0.8,0,0,0,41.2,44.0,45.5,0.52,0.48,0.51
HAMM,2019-11-08 11:10:00 EST,44.51302,-75.61729,367,25.6,25.0,16.0,70.3,17.3,0.000,0.000,0.00,0.000,9.5,12.7,1.5,305,12,9.8,13.9,1.6,309,12,9.8,13.9,1.6,309,12,381,29.84,0.7,0,0,0,41.2,43.9,45.5,0.52,0.48,0.51
HAMM,2019-11-08 11:15:00 EST,44.51302,-75.61729,367,25.4,24.9,17.2,70.8,17.2,0.000,0.000,0.00,0.000,6.9,10.4,1.8,290,16,7.4,11.3,1.9,294,15,7.4,11.3,1.9,294,15,281,29.84,0.7,0,0,0,41.2,43.9,45.5,0.52,0.48,0.51
HAMM,2019-11-08 11:20:00 EST,44.51302,-75.61729,367,25.5,25.1,17.1,71.5,17.5,0.000,0.000,0.00,0.000,7.2,11.0,1.6,296,21,7.7,11.4,1.6,299,21,7.7,11.4,1.6,299,21,225,29.84,0.6,0,0,0,41.2,43.9,45.5,0.52,0.48,0.51
HAMM,2019-11-08 11:25:00 EST,44.51302,-75.61729,367,25.9,25.3,17.0,72.9,18.4,0.000,0.000,0.00,0.000,8.1,12.9,2.0,314,18,8.7,13.5,1.9,319,19,8.7,13.5,1.9,319,19,256,29.84,0.5,0,0,0,41.2,43.9,45.5,0.52,0.48,0.51
HAMM,2019-11-08 11:30:00 EST,44.51302,-75.61729,367,25.8,25.2,17.8,71.8,17.9,0.000,0.000,0.00,0.000,7.0,9.9,1.2,303,10,7.2,10.6,1.3,307,11,7.2,10.6,1.3,307,11,291,29.84,0.5,0,0,0,41.2,43.9,45.5,0.52,0.48,0.51
HAMM,2019-11-08 11:35:00 EST,44.51302,-75.61729,367,25.9,25.3,18.4,71.6,18.0,0.000,0.000,0.00,0.000,6.3,9.7,1.3,300,11,6.7,11.1,1.3,304,10,6.7,11.1,1.3,304,10,244,29.84,0.4,0,0,0,41.2,43.9,45.5,0.52,0.48,0.51
HAMM,2019-11-08 11:40:00 EST,44.51302,-75.61729,367,25.9,25.5,18.1,72.0,18.1,0.000,0.000,0.00,0.000,6.5,10.0,1.4,304,18,7.1,10.1,1.5,308,17,7.1,10.1,1.5,308,17,197,29.84,0.6,0,0,0,41.2,43.9,45.5,0.52,0.48,0.51
HAMM,2019-11-08 11:45:00 EST,44.51302,-75.61729,367,26.1,25.7,18.4,72.3,18.4,0.000,0.000,0.00,0.000,6.5,10.7,1.6,311,14,6.9,11.3,1.6,315,14,6.9,11.3,1.6,315,14,210,29.84,0.7,0,0,0,41.2,43.9,45.5,0.52,0.48,0.51
HAMM,2019-11-08 11:50:00 EST,44.51302,-75.61729,367,26.1,25.7,16.7,71.9,18.3,0.000,0.000,0.00,0.000,9.1,15.9,1.8,298,17,9.5,16.2,1.8,302,18,9.5,16.2,1.8,302,18,202,29.84,0.8,0,0,0,41.2,43.9,45.5,0.52,0.48,0.51
HAMM,2019-11-08 11:55:00 EST,44.51302,-75.61729,367,26.5,26.0,16.9,71.2,18.4,0.000,0.000,0.00,0.000,9.8,13.5,1.7,298,17,10.0,15.1,1.8,301,16,10.0,15.1,1.8,301,16,298,29.83,0.9,0,0,0,41.2,43.9,45.5,0.52,0.48,0.51
HAMM,2019-11-08 12:00:00 EST,44.51302,-75.61729,367,26.2,25.8,18.7,71.3,18.2,0.000,0.000,0.00,0.000,6.6,12.7,2.7,296,15,6.8,12.9,2.4,300,16,6.8,12.9,2.4,300,16,217,29.83,1.0,0,0,0,41.2,43.9,45.5,0.52,0.48,0.51
HAMM,2019-11-08 12:05:00 EST,44.51302,-75.61729,367,26.5,26.1,18.3,72.0,18.7,0.000,0.000,0.00,0.000,7.2,12.9,2.2,288,16,7.8,14.1,2.4,291,16,7.8,14.1,2.4,291,16,175,29.83,0.9,0,0,0,41.2,43.9,45.5,0.52,0.48,0.51
HAMM,2019-11-08 12:10:00 EST,44.51302,-75.61729,367,26.6,26.2,17.2,71.2,18.5,0.000,0.000,0.00,0.000,9.3,14.8,2.5,308,17,9.6,16.4,2.6,312,18,9.6,16.4,2.6,312,18,209,29.83,1.0,0,0,0,41.2,43.9,45.5,0.52,0.48,0.51
HAMM,2019-11-08 12:15:00 EST,44.51302,-75.61729,367,26.7,26.2,17.2,70.8,18.5,0.000,0.000,0.00,0.000,9.7,14.9,2.3,316,13,9.9,15.2,2.2,321,13,9.9,15.2,2.2,321,13,220,29.83,1.0,0,0,0,41.2,43.9,45.5,0.52,0.48,0.51
HAMM,2019-11-08 12:20:00 EST,44.51302,-75.61729,367,26.9,26.5,18.4,71.0,18.8,0.000,0.000,0.00,0.000,7.9,12.4,1.8,301,18,8.4,13.3,1.7,304,17,8.4,13.3,1.7,304,17,205,29.83,1.0,0,0,0,41.2,43.9,45.5,0.52,0.48,0.51
HAMM,2019-11-08 12:25:00 EST,44.51302,-75.61729,367,26.7,26.3,18.1,69.4,18.0,0.000,0.000,0.00,0.000,8.0,13.8,2.2,303,13,8.4,14.6,2.2,307,14,8.4,14.6,2.2,307,14,180,29.83,1.0,0,0,0,41.2,43.9,45.5,0.52,0.47,0.51
HAMM,2019-11-08 12:30:00 EST,44.51302,-75.61729,367,27.1,26.6,18.7,71.9,19.2,0.000,0.000,0.00,0.000,7.9,13.5,2.2,311,14,8.3,13.0,2.2,316,12,8.3,13.0,2.2,316,12,206,29.83,1.0,0,0,0,41.2,43.9,45.5,0.52,0.48,0.51
HAMM,2019-11-08 12:35:00 EST,44.51302,-75.61729,367,27.1,26.7,18.7,71.0,18.9,0.000,0.000,0.00,0.000,7.9,12.6,1.9,303,15,8.3,14.0,2.1,306,15,8.3,14.0,2.1,306,15,198,29.82,1.0,0,0,0,41.2,43.9,45.5,0.52,0.47,0.51
HAMM,2019-11-08 12:40:00 EST,44.51302,-75.61729,367,27.0,26.5,17.6,69.4,18.3,0.000,0.000,0.00,0.000,9.7,14.1,2.0,316,12,9.8,14.3,1.8,320,10,9.8,14.3,1.8,320,10,210,29.82,0.9,0,0,0,41.2,43.9,45.5,0.52,0.48,0.51
HAMM,2019-11-08 12:45:00 EST,44.51302,-75.61729,367,26.9,26.6,18.7,70.4,18.6,0.000,0.000,0.00,0.000,7.6,11.3,1.5,304,13,8.0,13.1,1.6,308,13,8.0,13.1,1.6,308,13,177,29.82,0.9,0,0,0,41.2,43.9,45.5,0.52,0.48,0.51
HAMM,2019-11-08 12:50:00 EST,44.51302,-75.61729,367,27.2,26.8,20.2,71.9,19.4,0.000,0.000,0.00,0.000,6.1,9.9,1.8,311,17,6.4,11.3,1.9,313,16,6.4,11.3,1.9,313,16,243,29.83,1.0,0,0,0,41.2,43.9,45.5,0.52,0.48,0.51
HAMM,2019-11-08 12:55:00 EST,44.51302,-75.61729,367,27.6,27.1,19.3,70.4,19.2,0.000,0.000,0.00,0.000,8.0,13.7,2.1,322,13,8.3,13.9,2.0,326,13,8.3,13.9,2.0,326,13,296,29.83,0.9,0,0,0,41.2,43.9,45.5,0.52,0.48,0.51
HAMM,2019-11-08 13:00:00 EST,44.51302,-75.61729,367,27.6,27.0,19.5,69.4,18.8,0.000,0.000,0.00,0.000,7.6,9.6,1.0,322,11,7.9,10.1,1.0,327,10,7.9,10.1,1.0,327,10,258,29.83,0.9,0,0,0,41.2,43.9,45.5,0.52,0.48,0.51
HAMM,2019-11-08 13:05:00 EST,44.51302,-75.61729,367,27.4,26.9,18.8,69.3,18.7,0.000,0.000,0.00,0.000,8.2,11.9,1.9,298,12,8.6,12.8,1.9,302,12,8.6,12.8,1.9,302,12,245,29.83,0.8,0,0,0,41.2,43.9,45.5,0.52,0.48,0.51
HAMM,2019-11-08 13:10:00 EST,44.51302,-75.61729,367,27.5,26.9,18.8,69.9,18.9,0.000,0.000,0.00,0.000,8.5,12.4,1.9,315,11,8.8,12.9,1.9,319,11,8.8,12.9,1.9,319,11,234,29.83,0.8,0,0,0,41.2,43.9,45.5,0.52,0.48,0.51
HAMM,2019-11-08 13:15:00 EST,44.51302,-75.61729,367,27.0,26.6,16.3,69.4,18.3,0.000,0.000,0.00,0.000,12.3,17.5,2.3,321,11,12.5,19.2,2.2,325,10,12.5,19.2,2.2,325,10,123,29.83,0.7,0,0,0,41.2,43.9,45.5,0.52,0.48,0.51
HAMM,2019-11-08 13:20:00 EST,44.51302,-75.61729,367,27.0,26.6,17.6,68.6,18.0,0.000,0.000,0.00,0.000,9.6,14.7,2.2,310,11,9.8,14.2,2.1,316,10,9.8,14.2,2.1,316,10,278,29.83,0.7,0,0,0,41.2,43.9,45.5,0.52,0.48,0.51
HAMM,2019-11-08 13:25:00 EST,44.51302,-75.61729,367,27.5,27.0,18.5,67.7,18.2,0.000,0.000,0.00,0.000,9.0,12.0,1.6,310,18,9.4,13.4,1.6,312,18,9.4,13.4,1.6,312,18,278,29.83,0.6,0,0,0,41.2,43.9,45.5,0.52,0.48,0.51
HAMM,2019-11-08 13:30:00 EST,44.51302,-75.61729,367,27.3,26.9,17.7,68.0,18.2,0.000,0.000,0.00,0.000,10.3,15.1,1.7,307,12,10.5,16.4,1.7,311,11,10.5,16.4,1.7,311,11,219,29.83,0.5,0,0,0,41.2,43.9,45.5,0.52,0.48,0.51
HAMM,2019-11-08 13:35:00 EST,44.51302,-75.61729,367,27.2,26.9,17.5,67.5,17.9,0.000,0.000,0.00,0.000,10.3,16.5,2.3,311,12,10.5,16.6,2.3,316,10,10.5,16.6,2.3,316,10,195,29.83,0.6,0,0,0,41.2,43.9,45.5,0.52,0.47,0.51
HAMM,2019-11-08 13:40:00 EST,44.51302,-75.61729,367,27.4,27.0,18.4,67.5,18.1,0.000,0.000,0.00,0.000,9.1,11.7,1.3,316,13,9.3,12.2,1.3,322,12,9.3,12.2,1.3,322,12,258,29.83,0.5,0,0,0,41.2,43.9,45.5,0.52,0.48,0.51
HAMM,2019-11-08 13:45:00 EST,44.51302,-75.61729,367,27.4,26.9,19.7,69.0,18.5,0.000,0.000,0.00,0.000,7.1,11.5,1.7,319,12,7.4,12.6,1.8,324,11,7.4,12.6,1.8,324,11,173,29.83,0.6,0,0,0,41.2,43.9,45.5,0.52,0.47,0.51
HAMM,2019-11-08 13:50:00 EST,44.51302,-75.61729,367,27.3,26.9,19.8,68.1,18.2,0.000,0.000,0.00,0.000,6.6,11.1,2.0,326,16,7.1,12.0,2.2,331,16,7.1,12.0,2.2,331,16,181,29.83,0.6,0,0,0,41.2,43.9,45.5,0.52,0.48,0.51
HAMM,2019-11-08 13:55:00 EST,44.51302,-75.61729,367,27.4,27.1,19.9,68.7,18.5,0.000,0.000,0.00,0.000,6.6,10.4,1.4,333,19,7.2,11.5,1.4,336,18,7.2,11.5,1.4,336,18,160,29.83,0.6,0,0,0,41.2,43.9,45.5,0.52,0.48,0.51
HAMM,2019-11-08 14:00:00 EST,44.51302,-75.61729,367,28.1,27.4,19.9,67.0,18.5,0.000,0.000,0.00,0.000,8.1,11.1,1.5,324,10,8.3,11.0,1.4,329,10,8.3,11.0,1.4,329,10,452,29.83,0.7,0,0,0,41.2,43.8,45.5,0.52,0.48,0.51
HAMM,2019-11-08 14:05:00 EST,44.51302,-75.61729,367,28.1,27.4,20.6,66.9,18.5,0.000,0.000,0.00,0.000,7.1,10.7,1.6,325,12,7.2,11.2,1.6,329,12,7.2,11.2,1.6,329,12,243,29.83,0.8,0,0,0,41.2,43.9,45.5,0.52,0.48,0.51
HAMM,2019-11-08 14:10:00 EST,44.51302,-75.61729,367,28.5,27.9,20.8,67.1,19.0,0.000,0.000,0.00,0.000,7.1,11.5,2.0,297,16,7.7,12.2,1.9,301,16,7.7,12.2,1.9,301,16,408,29.83,0.8,0,0,0,41.2,43.8,45.5,0.52,0.48,0.51
HAMM,2019-11-08 14:15:00 EST,44.51302,-75.61729,367,28.9,28.3,22.0,65.4,18.7,0.000,0.000,0.00,0.000,5.5,8.9,1.4,340,19,6.6,11.5,1.7,345,16,6.6,11.5,1.7,345,16,435,29.83,0.4,0,0,0,41.2,43.8,45.5,0.52,0.47,0.51
HAMM,2019-11-08 14:20:00 EST,44.51302,-75.61729,367,28.3,27.8,21.2,66.2,18.5,0.000,0.000,0.00,0.000,6.3,8.7,1.2,326,17,6.7,9.5,1.3,330,16,6.7,9.5,1.3,330,16,277,29.83,0.5,0,0,0,41.2,43.8,45.5,0.52,0.48,0.51
HAMM,2019-11-08 14:25:00 EST,44.51302,-75.61729,367,28.7,28.1,21.1,66.5,18.9,0.000,0.000,0.00,0.000,7.1,11.3,2.1,311,13,7.5,11.8,1.9,315,12,7.5,11.8,1.9,315,12,273,29.83,0.3,0,0,0,41.2,43.8,45.5,0.52,0.47,0.51
HAMM,2019-11-08 14:30:00 EST,44.51302,-75.61729,367,28.1,27.7,19.2,65.8,18.1,0.000,0.000,0.00,0.000,9.1,13.7,1.8,298,11,9.4,14.8,2.0,303,12,9.4,14.8,2.0,303,12,200,29.83,0.3,0,0,0,41.2,43.8,45.5,0.52,0.48,0.51
HAMM,2019-11-08 14:35:00 EST,44.51302,-75.61729,367,27.9,27.6,20.0,66.3,18.1,0.000,0.000,0.00,0.000,7.4,10.6,1.7,296,13,7.8,10.8,1.6,300,11,7.8,10.8,1.6,300,11,158,29.83,0.4,0,0,0,41.2,43.7,45.5,0.52,0.48,0.51
HAMM,2019-11-08 14:40:00 EST,44.51302,-75.61729,367,27.9,27.5,20.7,67.2,18.4,0.000,0.000,0.00,0.000,6.5,9.4,1.4,304,12,6.7,10.2,1.3,308,11,6.7,10.2,1.3,308,11,150,29.83,0.4,0,0,0,41.2,43.7,45.5,0.52,0.48,0.51
HAMM,2019-11-08 14:45:00 EST,44.51302,-75.61729,367,27.9,27.6,20.8,68.0,18.7,0.000,0.000,0.00,0.000,6.5,12.0,2.3,316,18,6.8,12.8,2.2,320,19,6.8,12.8,2.2,320,19,114,29.83,0.4,0,0,0,41.2,43.7,45.5,0.52,0.47,0.51
HAMM,2019-11-08 14:50:00 EST,44.51302,-75.61729,367,28.2,27.8,21.7,67.1,18.7,0.000,0.000,0.00,0.000,5.6,10.0,1.6,326,18,6.0,11.5,1.7,331,14,6.0,11.5,1.7,331,14,134,29.83,0.5,0,0,0,41.2,43.7,45.5,0.52,0.48,0.51
HAMM,2019-11-08 14:55:00 EST,44.51302,-75.61729,367,28.3,27.9,21.7,66.8,18.6,0.000,0.000,0.00,0.000,5.7,8.4,1.5,321,10,6.1,9.8,1.5,326,10,6.1,9.8,1.5,326,10,131,29.84,0.5,0,0,0,41.3,43.7,45.5,0.52,0.48,0.51
HAMM,2019-11-08 15:00:00 EST,44.51302,-75.61729,367,28.4,28.1,22.0,66.8,18.8,0.000,0.000,0.00,0.000,5.7,12.9,2.0,321,15,6.0,14.2,2.2,325,14,6.0,14.2,2.2,325,14,151,29.84,0.4,0,0,0,41.2,43.7,45.4,0.52,0.48,0.51
HAMM,2019-11-08 15:05:00 EST,44.51302,-75.61729,367,28.3,28.0,19.9,65.6,18.3,0.000,0.000,0.00,0.000,8.4,12.6,1.9,320,17,8.8,12.5,1.8,324,17,8.8,12.5,1.8,324,17,129,29.84,0.4,0,0,0,41.3,43.7,45.4,0.52,0.48,0.51
HAMM,2019-11-08 15:10:00 EST,44.51302,-75.61729,367,28.2,28.0,20.6,64.9,17.9,0.000,0.000,0.00,0.000,7.0,12.1,1.7,308,23,7.5,12.4,1.9,312,24,7.5,12.4,1.9,312,24,141,29.84,0.4,0,0,0,41.2,43.7,45.4,0.52,0.48,0.51
HAMM,2019-11-08 15:15:00 EST,44.51302,-75.61729,367,28.3,28.0,20.2,65.0,18.0,0.000,0.000,0.00,0.000,8.0,11.0,1.5,316,10,8.2,11.5,1.4,318,10,8.2,11.5,1.4,318,10,137,29.84,0.4,0,0,0,41.3,43.7,45.3,0.52,0.48,0.51
HAMM,2019-11-08 15:20:00 EST,44.51302,-75.61729,367,28.5,28.2,20.7,64.7,18.1,0.000,0.000,0.00,0.000,7.3,11.3,1.8,325,14,7.7,11.8,1.9,329,14,7.7,11.8,1.9,329,14,134,29.84,0.4,0,0,0,41.3,43.7,45.3,0.52,0.48,0.51
HAMM,2019-11-08 15:25:00 EST,44.51302,-75.61729,367,28.4,28.2,21.6,64.1,17.8,0.000,0.000,0.00,0.000,6.2,9.4,1.3,327,11,6.4,9.5,1.4,330,11,6.4,9.5,1.4,330,11,131,29.84,0.5,0,0,0,41.2,43.7,45.3,0.52,0.48,0.51
HAMM,2019-11-08 15:30:00 EST,44.51302,-75.61729,367,29.0,28.6,23.2,64.4,18.5,0.000,0.000,0.00,0.000,4.9,9.4,1.5,336,19,5.4,10.7,1.8,340,19,5.4,10.7,1.8,340,19,199,29.84,0.4,0,0,0,41.3,43.7,45.3,0.52,0.47,0.51
HAMM,2019-11-08 15:35:00 EST,44.51302,-75.61729,367,29.0,28.7,21.5,62.6,17.8,0.000,0.000,0.00,0.000,6.6,9.2,1.2,342,14,7.5,11.6,1.5,347,12,7.5,11.6,1.5,347,12,122,29.84,0.4,0,0,0,41.3,43.7,45.3,0.52,0.47,0.51
HAMM,2019-11-08 15:40:00 EST,44.51302,-75.61729,367,28.5,28.3,21.6,63.7,17.7,0.000,0.000,0.00,0.000,6.3,8.8,1.3,327,16,6.6,9.9,1.3,333,15,6.6,9.9,1.3,333,15,62,29.84,0.4,0,0,0,41.3,43.7,45.3,0.52,0.48,0.51
HAMM,2019-11-08 15:45:00 EST,44.51302,-75.61729,367,28.3,28.2,20.7,64.0,17.6,0.000,0.000,0.00,0.000,7.1,11.4,1.4,308,11,7.3,11.1,1.4,312,10,7.3,11.1,1.4,312,10,55,29.84,0.4,0,0,0,41.3,43.7,45.3,0.52,0.48,0.51
HAMM,2019-11-08 15:50:00 EST,44.51302,-75.61729,367,28.2,28.1,20.6,64.8,17.9,0.000,0.000,0.00,0.000,7.1,10.0,1.2,317,10,7.4,10.5,1.2,321,10,7.4,10.5,1.2,321,10,58,29.84,0.4,0,0,0,41.3,43.7,45.3,0.52,0.48,0.51
HAMM,2019-11-08 15:55:00 EST,44.51302,-75.61729,367,28.1,28.1,21.4,65.3,18.0,0.000,0.000,0.00,0.000,6.0,8.6,1.1,324,9,6.2,8.4,1.1,329,9,6.2,8.4,1.1,329,9,52,29.84,0.4,0,0,0,41.3,43.7,45.3,0.52,0.48,0.51
HAMM,2019-11-08 16:00:00 EST,44.51302,-75.61729,367,28.4,28.3,22.7,65.1,18.2,0.000,0.000,0.00,0.000,4.9,6.6,1.0,324,14,5.2,7.3,0.9,330,13,5.2,7.3,0.9,330,13,105,29.84,0.4,0,0,0,41.4,43.7,45.3,0.52,0.48,0.51
HAMM,2019-11-08 16:05:00 EST,44.51302,-75.61729,367,28.5,28.4,22.8,63.8,17.8,0.000,0.000,0.00,0.000,4.7,8.2,1.3,302,15,5.1,9.3,1.4,307,15,5.1,9.3,1.4,307,15,83,29.84,0.4,0,0,0,41.4,43.7,45.3,0.52,0.48,0.51
HAMM,2019-11-08 16:10:00 EST,44.51302,-75.61729,367,28.4,28.4,20.9,63.6,17.6,0.000,0.000,0.00,0.000,7.1,11.5,1.9,320,13,7.3,11.9,1.9,324,13,7.3,11.9,1.9,324,13,49,29.84,0.4,0,0,0,41.3,43.7,45.3,0.52,0.48,0.51
HAMM,2019-11-08 16:15:00 EST,44.51302,-75.61729,367,28.1,28.2,22.6,64.5,17.6,0.000,0.000,0.00,0.000,4.7,9.1,1.6,307,11,4.8,10.4,1.6,312,11,4.8,10.4,1.6,312,11,45,29.84,0.4,0,0,0,41.4,43.7,45.3,0.52,0.47,0.51
HAMM,2019-11-08 16:20:00 EST,44.51302,-75.61729,367,27.9,28.1,22.2,64.2,17.3,0.000,0.000,0.00,0.000,4.7,8.5,1.4,298,16,5.0,9.8,1.7,301,16,5.0,9.8,1.7,301,16,44,29.84,0.4,0,0,0,41.3,43.7,45.3,0.52,0.48,0.51
HAMM,2019-11-08 16:25:00 EST,44.51302,-75.61729,367,27.7,28.0,21.5,63.9,17.0,0.000,0.000,0.00,0.000,5.1,9.1,1.6,305,13,5.5,10.1,1.7,310,13,5.5,10.1,1.7,310,13,33,29.85,0.4,0,0,0,41.3,43.7,45.3,0.52,0.48,0.51
HAMM,2019-11-08 16:30:00 EST,44.51302,-75.61729,367,27.7,28.0,20.4,64.0,17.1,0.000,0.000,0.00,0.000,6.5,11.0,1.7,303,10,6.8,10.8,1.6,307,10,6.8,10.8,1.6,307,10,20,29.85,0.3,0,0,0,41.4,43.7,45.3,0.52,0.47,0.51
HAMM,2019-11-08 16:35:00 EST,44.51302,-75.61729,367,27.3,27.8,20.9,64.2,16.8,0.000,0.000,0.00,0.000,5.5,8.5,1.1,315,10,5.8,8.7,1.0,320,10,5.8,8.7,1.0,320,10,12,29.85,0.4,0,0,0,41.3,43.7,45.3,0.52,0.48,0.51
HAMM,2019-11-08 16:40:00 EST,44.51302,-75.61729,367,27.2,27.8,20.8,64.4,16.7,0.000,0.000,0.00,0.000,5.5,8.4,1.5,317,7,5.7,8.8,1.5,321,6,5.7,8.8,1.5,321,6,9,29.85,0.4,0,0,0,41.3,43.7,45.3,0.52,0.48,0.51
HAMM,2019-11-08 16:45:00 EST,44.51302,-75.61729,367,26.8,27.6,22.3,66.3,17.0,0.000,0.000,0.00,0.000,3.8,5.1,0.5,310,8,3.8,5.0,0.6,314,7,3.8,5.0,0.6,314,7,6,29.85,0.4,0,0,0,41.4,43.7,45.3,0.52,0.48,0.51
HAMM,2019-11-08 16:50:00 EST,44.51302,-75.61729,367,26.7,27.4,26.7,66.9,17.2,0.000,0.000,0.00,0.000,2.8,4.3,0.7,305,11,3.0,4.9,0.8,309,9,3.0,4.9,0.8,309,9,4,29.85,0.4,0,0,0,41.4,43.7,45.3,0.52,0.48,0.51
HAMM,2019-11-08 16:55:00 EST,44.51302,-75.61729,367,26.5,27.2,21.8,67.4,17.2,0.000,0.000,0.00,0.000,3.8,5.4,0.9,310,9,3.9,6.1,1.1,312,8,3.9,6.1,1.1,312,8,2,29.85,0.4,0,0,0,41.3,43.7,45.3,0.52,0.48,0.51
HAMM,2019-11-08 17:00:00 EST,44.51302,-75.61729,367,26.5,27.3,21.2,67.0,17.0,0.000,0.000,0.00,0.000,4.3,6.1,0.7,299,8,4.5,6.4,0.9,304,8,4.5,6.4,0.9,304,8,1,29.85,0.4,0,0,0,41.2,43.7,45.3,0.52,0.48,0.51
HAMM,2019-11-08 17:05:00 EST,44.51302,-75.61729,367,26.6,27.3,22.9,66.0,16.7,0.000,0.000,0.00,0.000,2.9,5.2,0.7,291,13,3.2,5.8,0.9,296,13,3.2,5.8,0.9,296,13,0,29.85,0.4,0,0,0,41.3,43.7,45.3,0.52,0.48,0.51
HAMM,2019-11-08 17:10:00 EST,44.51302,-75.61729,367,26.0,26.9,26.0,68.1,16.9,0.000,0.000,0.00,0.000,1.5,2.4,0.4,308,10,1.6,2.8,0.4,310,12,1.6,2.8,0.4,310,12,0,29.85,0.3,0,0,0,41.3,43.7,45.3,0.52,0.48,0.51
HAMM,2019-11-08 17:15:00 EST,44.51302,-75.61729,367,26.4,26.9,26.4,67.5,17.1,0.000,0.000,0.00,0.000,1.8,2.9,0.5,300,14,1.8,3.3,0.5,302,12,1.8,3.3,0.5,302,12,0,29.85,0.5,0,0,0,41.3,43.7,45.3,0.52,0.48,0.51
HAMM,2019-11-08 17:20:00 EST,44.51302,-75.61729,367,26.5,27.2,26.5,66.6,16.9,0.000,0.000,0.00,0.000,2.3,3.2,0.5,274,9,2.5,3.7,0.5,277,11,2.5,3.7,0.5,277,11,0,29.85,0.3,0,0,0,41.3,43.7,45.3,0.52,0.48,0.51
HAMM,2019-11-08 17:25:00 EST,44.51302,-75.61729,367,26.4,27.1,26.4,66.1,16.6,0.000,0.000,0.00,0.000,1.5,2.0,0.2,258,12,1.7,2.6,0.2,258,13,1.7,2.6,0.2,258,13,0,29.85,0.1,0,0,0,41.3,43.7,45.3,0.52,0.48,0.51
HAMM,2019-11-08 17:30:00 EST,44.51302,-75.61729,367,25.5,27.0,25.5,68.3,16.5,0.000,0.000,0.00,0.000,2.1,3.9,0.6,240,14,2.1,4.6,0.6,242,15,2.1,4.6,0.6,242,15,0,29.85,0.3,0,0,0,41.2,43.7,45.3,0.52,0.48,0.51
HAMM,2019-11-08 17:35:00 EST,44.51302,-75.61729,367,26.1,27.0,26.1,67.7,16.9,0.000,0.000,0.00,0.000,2.4,3.4,0.4,245,5,2.5,3.8,0.5,247,7,2.5,3.8,0.5,247,7,0,29.85,0.1,0,0,0,41.2,43.7,45.3,0.52,0.48,0.51
HAMM,2019-11-08 17:40:00 EST,44.51302,-75.61729,367,24.5,26.7,24.5,70.7,16.3,0.000,0.000,0.00,0.000,2.1,2.7,0.2,238,5,2.0,2.5,0.2,237,5,2.0,2.5,0.2,237,5,0,29.85,0.4,0,0,0,41.2,43.7,45.3,0.52,0.48,0.51
HAMM,2019-11-08 17:45:00 EST,44.51302,-75.61729,367,25.5,26.8,21.8,69.8,17.0,0.000,0.000,0.00,0.000,3.2,3.6,0.3,233,4,3.1,3.7,0.4,234,4,3.1,3.7,0.4,234,4,0,29.86,0.2,0,0,0,41.2,43.7,45.3,0.52,0.48,0.51
HAMM,2019-11-08 17:50:00 EST,44.51302,-75.61729,367,25.0,26.8,20.7,70.9,16.9,0.000,0.000,0.00,0.000,3.5,3.8,0.1,227,4,3.5,4.2,0.2,227,4,3.5,4.2,0.2,227,4,0,29.86,0.4,0,0,0,41.2,43.7,45.3,0.52,0.48,0.51
HAMM,2019-11-08 17:55:00 EST,44.51302,-75.61729,367,24.9,26.9,24.9,70.8,16.8,0.000,0.000,0.00,0.000,3.1,3.7,0.3,237,3,2.9,3.8,0.3,237,4,2.9,3.8,0.3,237,4,0,29.86,0.3,0,0,0,41.2,43.7,45.3,0.52,0.48,0.51
HAMM,2019-11-08 18:00:00 EST,44.51302,-75.61729,367,24.2,26.7,19.7,72.4,16.6,0.000,0.000,0.00,0.000,3.5,4.6,0.5,234,3,3.5,4.8,0.6,235,3,3.5,4.8,0.6,235,3,0,29.86,0.2,0,0,0,41.2,43.7,45.3,0.52,0.48,0.51
HAMM,2019-11-08 18:05:00 EST,44.51302,-75.61729,367,24.5,26.5,19.0,73.1,17.1,0.000,0.000,0.00,0.000,4.3,5.0,0.3,235,4,4.3,5.0,0.4,236,5,4.3,5.0,0.4,236,5,0,29.86,0.3,0,0,0,41.2,43.7,45.3,0.52,0.48,0.51
HAMM,2019-11-08 18:10:00 EST,44.51302,-75.61729,367,24.9,26.4,20.3,72.3,17.2,0.000,0.000,0.00,0.000,3.6,4.3,0.3,246,6,3.7,4.9,0.5,249,7,3.7,4.9,0.5,249,7,0,29.86,0.4,0,0,0,41.2,43.7,45.3,0.52,0.48,0.51
HAMM,2019-11-08 18:15:00 EST,44.51302,-75.61729,367,24.6,26.5,20.4,71.7,16.8,0.000,0.000,0.00,0.000,3.2,3.7,0.3,252,3,3.3,4.0,0.4,255,4,3.3,4.0,0.4,255,4,0,29.86,0.2,0,0,0,41.2,43.7,45.3,0.52,0.48,0.51
HAMM,2019-11-08 18:20:00 EST,44.51302,-75.61729,367,25.1,26.5,21.5,71.4,17.2,0.000,0.000,0.00,0.000,3.0,3.6,0.2,246,5,3.0,3.7,0.3,248,6,3.0,3.7,0.3,248,6,0,29.86,0.2,0,0,0,41.2,43.7,45.3,0.52,0.48,0.51
HAMM,2019-11-08 18:25:00 EST,44.51302,-75.61729,367,24.9,26.5,24.9,70.3,16.6,0.000,0.000,0.00,0.000,2.9,3.5,0.3,235,4,2.8,3.3,0.3,235,4,2.8,3.3,0.3,235,4,0,29.86,0.1,0,0,0,41.2,43.6,45.3,0.52,0.48,0.51
HAMM,2019-11-08 18:30:00 EST,44.51302,-75.61729,367,24.0,26.4,19.3,71.8,16.2,0.000,0.000,0.00,0.000,3.7,4.7,0.5,235,5,3.6,4.6,0.6,235,5,3.6,4.6,0.6,235,5,0,29.86,0.3,0,0,0,41.2,43.5,45.3,0.52,0.48,0.51
HAMM,2019-11-08 18:35:00 EST,44.51302,-75.61729,367,24.2,26.4,20.2,72.5,16.7,0.000,0.000,0.00,0.000,3.3,4.1,0.4,236,5,3.2,4.5,0.5,236,5,3.2,4.5,0.5,236,5,0,29.86,0.2,0,0,0,41.2,43.5,45.3,0.52,0.48,0.51
HAMM,2019-11-08 18:40:00 EST,44.51302,-75.61729,367,24.8,26.6,20.8,71.8,17.0,0.000,0.000,0.00,0.000,3.4,3.7,0.2,241,3,3.3,3.9,0.3,241,3,3.3,3.9,0.3,241,3,0,29.86,0.2,0,0,0,41.2,43.5,45.2,0.52,0.48,0.51
HAMM,2019-11-08 18:45:00 EST,44.51302,-75.61729,367,24.8,26.7,20.3,71.4,16.8,0.000,0.000,0.00,0.000,3.6,4.0,0.2,243,3,3.6,4.4,0.3,245,4,3.6,4.4,0.3,245,4,0,29.86,0.3,0,0,0,41.2,43.5,45.2,0.52,0.48,0.51
HAMM,2019-11-08 18:50:00 EST,44.51302,-75.61729,367,25.0,26.8,20.0,70.0,16.6,0.000,0.000,0.00,0.000,3.9,4.7,0.3,242,3,3.9,4.8,0.4,244,4,3.9,4.8,0.4,244,4,0,29.86,0.2,0,0,0,41.2,43.5,45.2,0.52,0.47,0.51
HAMM,2019-11-08 18:55:00 EST,44.51302,-75.61729,367,25.0,26.7,20.6,69.4,16.4,0.000,0.000,0.00,0.000,3.5,3.9,0.2,243,3,3.5,4.2,0.3,245,4,3.5,4.2,0.3,245,4,0,29.86,0.1,0,0,0,41.2,43.5,45.2,0.52,0.48,0.51
HAMM,2019-11-08 19:00:00 EST,44.51302,-75.61729,367,24.5,26.7,20.5,69.8,16.1,0.000,0.000,0.00,0.000,3.3,4.1,0.3,243,3,3.2,4.3,0.4,245,4,3.2,4.3,0.4,245,4,0,29.86,0.2,0,0,0,41.1,43.5,45.2,0.52,0.48,0.51
HAMM,2019-11-08 19:05:00 EST,44.51302,-75.61729,367,24.1,26.7,19.2,72.1,16.4,0.000,0.000,0.00,0.000,3.8,4.5,0.3,243,4,3.8,5.3,0.5,245,5,3.8,5.3,0.5,245,5,0,29.87,0.3,0,0,0,41.1,43.5,45.2,0.52,0.48,0.51
HAMM,2019-11-08 19:10:00 EST,44.51302,-75.61729,367,24.9,26.7,20.1,71.5,17.0,0.000,0.000,0.00,0.000,3.8,4.5,0.3,241,4,3.8,4.9,0.4,243,4,3.8,4.9,0.4,243,4,0,29.87,0.2,0,0,0,41.0,43.5,45.1,0.52,0.47,0.51
HAMM,2019-11-08 19:15:00 EST,44.51302,-75.61729,367,25.1,26.9,20.7,70.0,16.7,0.000,0.000,0.00,0.000,3.6,4.0,0.2,243,4,3.6,4.1,0.3,244,4,3.6,4.1,0.3,244,4,0,29.87,0.1,0,0,0,41.0,43.5,45.1,0.52,0.48,0.51
HAMM,2019-11-08 19:20:00 EST,44.51302,-75.61729,367,24.7,26.9,20.2,70.0,16.3,0.000,0.000,0.00,0.000,3.6,4.2,0.2,243,3,3.6,4.4,0.3,245,4,3.6,4.4,0.3,245,4,0,29.87,0.1,0,0,0,41.0,43.5,45.1,0.52,0.48,0.51
HAMM,2019-11-08 19:25:00 EST,44.51302,-75.61729,367,24.6,27.1,19.9,70.6,16.5,0.000,0.000,0.00,0.000,3.8,4.3,0.3,235,5,3.8,4.6,0.3,235,5,3.8,4.6,0.3,235,5,0,29.87,0.2,0,0,0,41.0,43.5,45.1,0.52,0.47,0.51
HAMM,2019-11-08 19:30:00 EST,44.51302,-75.61729,367,24.7,26.7,19.5,70.0,16.3,0.000,0.000,0.00,0.000,3.9,4.7,0.2,223,4,4.1,4.7,0.3,224,3,4.1,4.7,0.3,224,3,0,29.87,0.3,0,0,0,41.0,43.5,45.1,0.52,0.47,0.51
HAMM,2019-11-08 19:35:00 EST,44.51302,-75.61729,367,24.5,26.1,19.6,70.1,16.1,0.000,0.000,0.00,0.000,3.8,4.6,0.3,226,5,3.9,4.7,0.4,226,3,3.9,4.7,0.4,226,3,0,29.87,0.3,0,0,0,41.0,43.5,45.1,0.52,0.48,0.51
HAMM,2019-11-08 19:40:00 EST,44.51302,-75.61729,367,23.9,25.9,18.5,71.4,16.0,0.000,0.000,0.00,0.000,4.1,5.0,0.4,226,6,4.2,5.4,0.5,227,5,4.2,5.4,0.5,227,5,0,29.87,0.3,0,0,0,41.0,43.5,45.1,0.52,0.48,0.51
HAMM,2019-11-08 19:45:00 EST,44.51302,-75.61729,367,23.7,25.9,18.1,73.2,16.4,0.000,0.000,0.00,0.000,4.2,4.8,0.3,230,6,4.3,5.5,0.5,231,6,4.3,5.5,0.5,231,6,0,29.87,0.1,0,0,0,41.0,43.5,45.1,0.52,0.48,0.51
HAMM,2019-11-08 19:50:00 EST,44.51302,-75.61729,367,23.5,26.1,17.0,75.5,16.9,0.000,0.000,0.00,0.000,4.8,5.8,0.4,227,6,5.0,6.1,0.5,228,5,5.0,6.1,0.5,228,5,0,29.87,0.3,0,0,0,41.0,43.5,45.1,0.52,0.48,0.51
HAMM,2019-11-08 19:55:00 EST,44.51302,-75.61729,367,23.4,26.2,16.5,78.8,17.8,0.000,0.000,0.00,0.000,5.3,7.0,0.5,221,8,5.5,7.4,0.6,223,5,5.5,7.4,0.6,223,5,0,29.87,0.3,0,0,0,41.0,43.5,45.1,0.52,0.47,0.51
HAMM,2019-11-08 20:00:00 EST,44.51302,-75.61729,367,23.7,26.2,17.0,80.1,18.4,0.000,0.000,0.00,0.000,5.1,6.5,0.6,213,5,5.3,6.9,0.6,216,5,5.3,6.9,0.6,216,5,0,29.87,0.2,0,0,0,41.0,43.5,45.1,0.52,0.48,0.51
HAMM,2019-11-08 20:05:00 EST,44.51302,-75.61729,367,23.9,26.2,17.5,79.4,18.4,0.000,0.000,0.00,0.000,4.8,6.1,0.5,212,7,5.0,6.4,0.6,215,5,5.0,6.4,0.6,215,5,0,29.87,0.3,0,0,0,41.0,43.5,45.1,0.52,0.48,0.51
HAMM,2019-11-08 20:10:00 EST,44.51302,-75.61729,367,23.2,25.9,16.9,80.4,18.1,0.000,0.000,0.00,0.000,4.6,6.6,0.9,211,10,4.8,6.8,0.8,213,9,4.8,6.8,0.8,213,9,0,29.87,0.4,0,0,0,41.0,43.5,45.1,0.52,0.48,0.51
HAMM,2019-11-08 20:15:00 EST,44.51302,-75.61729,367,24.3,26.2,17.2,81.1,19.3,0.000,0.000,0.00,0.000,5.7,7.8,1.0,206,8,5.9,8.7,1.1,208,8,5.9,8.7,1.1,208,8,0,29.87,0.4,0,0,0,40.9,43.5,45.1,0.52,0.48,0.51
HAMM,2019-11-08 20:20:00 EST,44.51302,-75.61729,367,24.9,26.4,16.8,79.5,19.5,0.000,0.000,0.00,0.000,7.2,12.1,1.8,208,6,7.3,12.2,1.8,209,7,7.3,12.2,1.8,209,7,0,29.87,0.5,0,0,0,40.9,43.5,45.1,0.52,0.48,0.51
HAMM,2019-11-08 20:25:00 EST,44.51302,-75.61729,367,25.9,26.5,16.6,77.6,19.8,0.000,0.000,0.00,0.000,9.1,11.3,1.1,200,6,9.2,11.9,1.2,200,6,9.2,11.9,1.2,200,6,0,29.87,0.4,0,0,0,40.8,43.5,45.1,0.52,0.48,0.51
HAMM,2019-11-08 20:30:00 EST,44.51302,-75.61729,367,25.7,26.3,17.8,77.8,19.8,0.000,0.000,0.00,0.000,6.9,9.1,1.1,196,11,7.2,10.1,1.2,197,10,7.2,10.1,1.2,197,10,0,29.87,0.5,0,0,0,40.8,43.5,45.1,0.52,0.48,0.51
HAMM,2019-11-08 20:35:00 EST,44.51302,-75.61729,367,25.3,26.3,17.9,78.7,19.7,0.000,0.000,0.00,0.000,6.2,8.0,0.8,201,9,6.4,8.4,0.8,202,9,6.4,8.4,0.8,202,9,0,29.87,0.5,0,0,0,40.8,43.5,45.1,0.52,0.47,0.51
HAMM,2019-11-08 20:40:00 EST,44.51302,-75.61729,367,25.6,26.3,18.4,79.1,20.0,0.000,0.000,0.00,0.000,6.1,8.3,1.2,198,8,6.2,8.7,1.3,199,9,6.2,8.7,1.3,199,9,0,29.87,0.4,0,0,0,40.8,43.5,45.1,0.52,0.48,0.51
HAMM,2019-11-08 20:45:00 EST,44.51302,-75.61729,367,25.0,26.2,17.4,80.1,19.7,0.000,0.000,0.00,0.000,6.3,8.9,1.0,210,8,6.6,8.9,0.9,211,8,6.6,8.9,0.9,211,8,0,29.87,0.5,0,0,0,40.8,43.5,45.1,0.52,0.48,0.51
HAMM,2019-11-08 20:50:00 EST,44.51302,-75.61729,367,25.4,26.2,17.9,79.3,19.9,0.000,0.000,0.00,0.000,6.5,8.4,0.9,210,8,6.7,8.7,0.9,212,9,6.7,8.7,0.9,212,9,0,29.87,0.4,0,0,0,40.8,43.5,45.1,0.52,0.48,0.51
HAMM,2019-11-08 20:55:00 EST,44.51302,-75.61729,367,24.3,25.7,17.8,79.5,18.9,0.000,0.000,0.00,0.000,5.0,6.5,0.7,219,8,5.3,7.6,0.8,221,6,5.3,7.6,0.8,221,6,0,29.87,0.4,0,0,0,40.8,43.5,45.1,0.52,0.48,0.51
HAMM,2019-11-08 21:00:00 EST,44.51302,-75.61729,367,23.7,25.3,16.6,81.3,18.8,0.000,0.000,0.00,0.000,5.5,7.7,0.8,225,6,5.7,7.8,0.8,226,6,5.7,7.8,0.8,226,6,0,29.87,0.4,0,0,0,40.8,43.5,45.1,0.52,0.47,0.51
HAMM,2019-11-08 21:05:00 EST,44.51302,-75.61729,367,23.8,25.2,16.5,80.7,18.7,0.000,0.000,0.00,0.000,5.8,7.2,0.6,226,5,6.0,8.1,0.7,227,4,6.0,8.1,0.7,227,4,0,29.87,0.5,0,0,0,40.7,43.5,45.1,0.52,0.48,0.51
HAMM,2019-11-08 21:10:00 EST,44.51302,-75.61729,367,23.8,25.2,16.8,80.0,18.5,0.000,0.000,0.00,0.000,5.5,6.6,0.5,226,6,5.7,7.1,0.5,227,5,5.7,7.1,0.5,227,5,0,29.87,0.5,0,0,0,40.7,43.5,45.1,0.52,0.47,0.51
HAMM,2019-11-08 21:15:00 EST,44.51302,-75.61729,367,24.0,25.1,16.6,79.5,18.6,0.000,0.000,0.00,0.000,5.9,7.5,0.6,229,5,6.1,8.2,0.7,230,5,6.1,8.2,0.7,230,5,0,29.87,0.5,0,0,0,40.6,43.5,45.1,0.52,0.48,0.51
HAMM,2019-11-08 21:20:00 EST,44.51302,-75.61729,367,23.8,24.7,17.1,79.5,18.4,0.000,0.000,0.00,0.000,5.1,6.7,0.7,229,6,5.3,7.3,0.8,230,6,5.3,7.3,0.8,230,6,0,29.87,0.5,0,0,0,40.6,43.5,45.1,0.52,0.48,0.51
HAMM,2019-11-08 21:25:00 EST,44.51302,-75.61729,367,23.4,24.6,16.9,80.2,18.2,0.000,0.000,0.00,0.000,5.0,6.4,0.6,232,7,5.1,6.4,0.7,233,7,5.1,6.4,0.7,233,7,0,29.87,0.5,0,0,0,40.6,43.5,45.1,0.52,0.48,0.51
HAMM,2019-11-08 21:30:00 EST,44.51302,-75.61729,367,23.1,24.5,17.0,81.2,18.2,0.000,0.000,0.00,0.000,4.6,5.8,0.5,229,6,4.7,6.0,0.6,230,6,4.7,6.0,0.6,230,6,0,29.87,0.4,0,0,0,40.6,43.5,45.1,0.52,0.48,0.51
HAMM,2019-11-08 21:35:00 EST,44.51302,-75.61729,367,22.9,24.3,17.1,82.4,18.3,0.000,0.000,0.00,0.000,4.3,5.3,0.5,225,5,4.3,5.8,0.5,226,4,4.3,5.8,0.5,226,4,0,29.87,0.5,0,0,0,40.6,43.5,45.1,0.52,0.47,0.51
HAMM,2019-11-08 21:40:00 EST,44.51302,-75.61729,367,23.0,24.2,17.3,83.1,18.7,0.000,0.000,0.00,0.000,4.2,5.8,0.6,220,4,4.3,5.7,0.6,222,3,4.3,5.7,0.6,222,3,0,29.87,0.4,0,0,0,40.6,43.5,45.1,0.52,0.48,0.51
HAMM,2019-11-08 21:45:00 EST,44.51302,-75.61729,367,22.9,24.0,16.4,82.6,18.4,0.000,0.000,0.00,0.000,4.8,5.6,0.3,220,4,4.9,5.6,0.3,222,3,4.9,5.6,0.3,222,3,0,29.87,0.5,0,0,0,40.6,43.5,45.1,0.52,0.47,0.51
HAMM,2019-11-08 21:50:00 EST,44.51302,-75.61729,367,22.5,23.9,16.3,83.1,18.1,0.000,0.000,0.00,0.000,4.5,5.0,0.3,219,3,4.6,5.3,0.3,221,2,4.6,5.3,0.3,221,2,0,29.87,0.4,0,0,0,40.6,43.5,45.1,0.52,0.48,0.51
HAMM,2019-11-08 21:55:00 EST,44.51302,-75.61729,367,22.4,23.9,16.8,84.1,18.4,0.000,0.000,0.00,0.000,4.1,4.6,0.2,216,4,4.2,4.9,0.3,219,3,4.2,4.9,0.3,219,3,0,29.87,0.6,0,0,0,40.6,43.5,45.1,0.52,0.48,0.51
HAMM,2019-11-08 22:00:00 EST,44.51302,-75.61729,367,22.5,23.9,16.4,84.0,18.4,0.000,0.000,0.00,0.000,4.5,5.0,0.2,213,4,4.6,5.2,0.3,216,4,4.6,5.2,0.3,216,4,0,29.86,0.4,0,0,0,40.6,43.5,45.1,0.52,0.47,0.51
HAMM,2019-11-08 22:05:00 EST,44.51302,-75.61729,367,22.3,23.9,16.2,84.3,18.3,0.000,0.000,0.00,0.000,4.4,5.0,0.2,212,4,4.5,5.2,0.3,216,4,4.5,5.2,0.3,216,4,0,29.86,0.5,0,0,0,40.6,43.4,45.1,0.52,0.48,0.51
HAMM,2019-11-08 22:10:00 EST,44.51302,-75.61729,367,22.1,23.9,16.2,85.0,18.3,0.000,0.000,0.00,0.000,4.2,5.0,0.3,217,5,4.3,5.1,0.4,219,3,4.3,5.1,0.4,219,3,0,29.86,0.4,0,0,0,40.5,43.4,45.1,0.52,0.48,0.51
HAMM,2019-11-08 22:15:00 EST,44.51302,-75.61729,367,21.9,23.9,16.1,85.9,18.4,0.000,0.000,0.00,0.000,4.2,4.7,0.2,217,3,4.3,4.9,0.3,220,2,4.3,4.9,0.3,220,2,0,29.86,0.5,0,0,0,40.5,43.3,45.1,0.52,0.48,0.51
HAMM,2019-11-08 22:20:00 EST,44.51302,-75.61729,367,22.3,23.9,16.2,86.0,18.8,0.000,0.000,0.00,0.000,4.4,5.0,0.3,216,3,4.5,5.3,0.3,219,2,4.5,5.3,0.3,219,2,0,29.86,0.4,0,0,0,40.5,43.3,45.1,0.52,0.48,0.51
HAMM,2019-11-08 22:25:00 EST,44.51302,-75.61729,367,22.2,23.8,16.2,85.3,18.4,0.000,0.000,0.00,0.000,4.3,5.1,0.4,212,4,4.4,5.4,0.5,216,4,4.4,5.4,0.5,216,4,0,29.86,0.4,0,0,0,40.5,43.3,45.1,0.52,0.48,0.51
HAMM,2019-11-08 22:30:00 EST,44.51302,-75.61729,367,21.9,23.7,16.2,86.3,18.4,0.000,0.000,0.00,0.000,4.0,5.1,0.3,219,5,4.1,5.2,0.4,221,4,4.1,5.2,0.4,221,4,0,29.86,0.5,0,0,0,40.5,43.3,45.1,0.52,0.48,0.51
HAMM,2019-11-08 22:35:00 EST,44.51302,-75.61729,367,21.8,23.6,16.8,86.8,18.5,0.000,0.000,0.00,0.000,3.6,4.5,0.3,230,6,3.6,4.8,0.5,230,6,3.6,4.8,0.5,230,6,0,29.86,0.3,0,0,0,40.5,43.3,45.1,0.52,0.48,0.51
HAMM,2019-11-08 22:40:00 EST,44.51302,-75.61729,367,21.4,23.4,21.4,87.7,18.4,0.000,0.000,0.00,0.000,3.0,3.7,0.2,234,4,2.9,3.8,0.3,235,5,2.9,3.8,0.3,235,5,0,29.86,0.3,0,0,0,40.5,43.3,45.1,0.52,0.48,0.51
HAMM,2019-11-08 22:45:00 EST,44.51302,-75.61729,367,21.7,23.4,21.7,89.1,18.9,0.000,0.000,0.00,0.000,2.8,5.0,0.5,250,7,2.9,5.6,0.7,253,9,2.9,5.6,0.7,253,9,0,29.86,0.4,0,0,0,40.5,43.3,45.1,0.52,0.47,0.51
HAMM,2019-11-08 22:50:00 EST,44.51302,-75.61729,367,22.3,23.5,16.4,89.2,19.6,0.000,0.000,0.00,0.000,4.1,5.7,0.8,255,9,4.4,6.5,0.9,259,8,4.4,6.5,0.9,259,8,0,29.86,0.5,0,0,0,40.5,43.3,45.1,0.52,0.48,0.51
HAMM,2019-11-08 22:55:00 EST,44.51302,-75.61729,367,22.4,23.5,16.1,87.2,19.1,0.000,0.000,0.00,0.000,4.4,6.8,0.9,252,8,4.7,7.4,1.0,256,8,4.7,7.4,1.0,256,8,0,29.86,0.6,0,0,0,40.4,43.3,45.1,0.52,0.48,0.51
HAMM,2019-11-08 23:00:00 EST,44.51302,-75.61729,367,22.5,23.5,16.2,86.4,19.1,0.000,0.000,0.00,0.000,4.5,6.6,1.0,255,9,4.8,7.1,1.2,259,8,4.8,7.1,1.2,259,8,0,29.86,0.6,0,0,0,40.4,43.3,45.1,0.52,0.48,0.51
HAMM,2019-11-08 23:05:00 EST,44.51302,-75.61729,367,22.7,23.6,15.5,85.9,19.1,0.000,0.000,0.00,0.000,5.2,7.2,0.8,257,9,5.6,8.0,1.0,261,7,5.6,8.0,1.0,261,7,0,29.85,0.5,0,0,0,40.3,43.3,45.1,0.52,0.48,0.51
HAMM,2019-11-08 23:10:00 EST,44.51302,-75.61729,367,22.7,23.6,15.2,85.4,19.0,0.000,0.000,0.00,0.000,5.6,7.5,0.9,258,8,6.0,8.4,0.9,261,7,6.0,8.4,0.9,261,7,0,29.85,0.6,0,0,0,40.3,43.3,45.1,0.52,0.47,0.51
HAMM,2019-11-08 23:15:00 EST,44.51302,-75.61729,367,22.7,23.5,15.2,85.2,18.9,0.000,0.000,0.00,0.000,5.5,7.3,0.7,257,9,5.9,8.0,0.8,260,8,5.9,8.0,0.8,260,8,0,29.85,0.5,0,0,0,40.3,43.3,45.1,0.52,0.48,0.51
HAMM,2019-11-08 23:20:00 EST,44.51302,-75.61729,367,22.7,23.5,15.1,85.5,19.0,0.000,0.000,0.00,0.000,5.7,9.2,1.2,257,10,6.1,9.8,1.4,261,8,6.1,9.8,1.4,261,8,0,29.85,0.5,0,0,0,40.3,43.3,45.0,0.52,0.48,0.51
HAMM,2019-11-08 23:25:00 EST,44.51302,-75.61729,367,22.9,23.6,14.6,85.4,19.2,0.000,0.000,0.00,0.000,6.5,8.6,0.8,260,9,6.9,10.1,1.0,263,7,6.9,10.1,1.0,263,7,0,29.85,0.6,0,0,0,40.3,43.3,45.0,0.52,0.48,0.51
HAMM,2019-11-08 23:30:00 EST,44.51302,-75.61729,367,23.0,23.6,14.9,85.1,19.2,0.000,0.000,0.00,0.000,6.2,8.5,1.0,261,10,6.7,10.6,1.4,265,8,6.7,10.6,1.4,265,8,0,29.85,0.5,0,0,0,40.3,43.3,45.0,0.52,0.48,0.51
HAMM,2019-11-08 23:35:00 EST,44.51302,-75.61729,367,23.1,23.7,14.9,85.0,19.3,0.000,0.000,0.00,0.000,6.4,9.2,1.2,259,9,6.9,10.4,1.4,264,8,6.9,10.4,1.4,264,8,0,29.85,0.5,0,0,0,40.3,43.3,45.0,0.52,0.48,0.51
HAMM,2019-11-08 23:40:00 EST,44.51302,-75.61729,367,23.1,23.6,15.1,84.6,19.1,0.000,0.000,0.00,0.000,6.0,9.3,1.2,259,11,6.6,10.4,1.2,262,9,6.6,10.4,1.2,262,9,0,29.85,0.5,0,0,0,40.3,43.3,45.0,0.52,0.48,0.51
HAMM,2019-11-08 23:45:00 EST,44.51302,-75.61729,367,23.2,23.7,15.1,84.8,19.3,0.000,0.000,0.00,0.000,6.2,8.7,1.1,258,10,6.7,9.7,1.3,262,8,6.7,9.7,1.3,262,8,0,29.85,0.5,0,0,0,40.3,43.3,45.0,0.52,0.48,0.51
HAMM,2019-11-08 23:50:00 EST,44.51302,-75.61729,367,23.1,23.7,15.5,84.4,19.1,0.000,0.000,0.00,0.000,5.8,9.1,1.2,259,10,6.2,11.0,1.4,261,8,6.2,11.0,1.4,261,8,0,29.85,0.6,0,0,0,40.3,43.3,45.0,0.52,0.47,0.51
HAMM,2019-11-08 23:55:00 EST,44.51302,-75.61729,367,23.3,23.8,15.6,84.6,19.4,0.000,0.000,0.00,0.000,5.9,8.1,1.1,258,9,6.3,9.1,1.4,262,7,6.3,9.1,1.4,262,7,0,29.85,0.6,0,0,0,40.3,43.3,45.0,0.52,0.47,0.51
HARP,2019-11-08 00:00:00 EST,42.47280,-74.69849,1706,23.9,23.7,17.8,90.5,21.5,0.000,0.359,0.00,0.000,4.6,7.9,1.3,297,14,4.7,10.8,1.7,298,15,4.7,10.8,1.7,298,15,0,28.22,-0.2,0,0,0,42.8,47.3,49.6,0.25,0.25,0.33
HARP,2019-11-08 00:05:00 EST,42.47280,-74.69849,1706,23.7,23.7,19.3,90.5,21.4,0.000,0.000,0.00,0.000,3.2,5.3,1.0,287,18,3.4,5.8,1.0,286,17,3.4,5.8,1.0,286,17,0,28.22,-0.2,0,0,0,42.8,47.3,49.6,0.25,0.25,0.33
HARP,2019-11-08 00:10:00 EST,42.47280,-74.69849,1706,23.4,23.4,16.8,89.6,20.8,0.000,0.000,0.00,0.000,4.8,7.5,1.2,286,18,5.1,7.3,1.2,286,18,5.1,7.3,1.2,286,18,0,28.22,-0.3,0,0,0,42.8,47.3,49.6,0.25,0.25,0.33
HARP,2019-11-08 00:15:00 EST,42.47280,-74.69849,1706,23.0,23.1,16.7,88.0,20.0,0.000,0.000,0.00,0.000,4.8,8.0,1.3,295,17,4.8,8.4,1.5,295,17,4.8,8.4,1.5,295,17,0,28.22,-0.2,0,0,0,42.6,47.3,49.6,0.25,0.25,0.33
HARP,2019-11-08 00:20:00 EST,42.47280,-74.69849,1706,22.8,22.9,17.7,88.1,19.8,0.000,0.000,0.00,0.000,3.4,5.6,1.0,270,22,3.7,7.0,1.3,272,19,3.7,7.0,1.3,272,19,0,28.22,-0.3,0,0,0,42.6,47.3,49.6,0.25,0.25,0.33
HARP,2019-11-08 00:25:00 EST,42.47280,-74.69849,1706,22.6,22.7,22.6,87.6,19.4,0.000,0.000,0.00,0.000,2.1,5.0,0.8,283,19,2.5,5.6,0.9,283,18,2.5,5.6,0.9,283,18,0,28.22,-0.2,0,0,0,42.6,47.3,49.6,0.25,0.25,0.33
HARP,2019-11-08 00:30:00 EST,42.47280,-74.69849,1706,22.4,22.6,22.4,87.7,19.3,0.000,0.000,0.00,0.000,2.2,4.5,0.9,282,14,2.5,5.6,1.0,283,14,2.5,5.6,1.0,283,14,0,28.22,-0.3,0,0,0,42.6,47.3,49.6,0.25,0.25,0.33
HARP,2019-11-08 00:35:00 EST,42.47280,-74.69849,1706,22.2,22.5,22.2,88.5,19.3,0.000,0.000,0.00,0.000,2.2,5.4,1.2,287,20,2.4,6.7,1.3,288,20,2.4,6.7,1.3,288,20,0,28.22,-0.3,0,0,0,42.6,47.3,49.6,0.25,0.25,0.33
HARP,2019-11-08 00:40:00 EST,42.47280,-74.69849,1706,22.1,22.3,22.1,88.9,19.4,0.000,0.000,0.00,0.000,1.5,3.6,0.7,269,25,1.7,4.1,0.8,269,26,1.7,4.1,0.8,269,26,0,28.22,-0.3,0,0,0,42.6,47.3,49.6,0.25,0.25,0.33
HARP,2019-11-08 00:45:00 EST,42.47280,-74.69849,1706,22.0,22.3,22.0,89.3,19.3,0.000,0.000,0.00,0.000,0.8,2.4,0.8,200,22,1.2,2.8,0.8,211,31,1.2,2.8,0.8,211,31,0,28.21,-0.3,0,0,0,42.6,47.3,49.6,0.25,0.25,0.33
HARP,2019-11-08 00:50:00 EST,42.47280,-74.69849,1706,21.7,22.1,21.7,90.0,19.3,0.000,0.000,0.00,0.000,0.7,3.7,1.0,267,15,1.2,4.4,1.1,263,21,1.2,4.4,1.1,263,21,0,28.21,-0.3,0,0,0,42.6,47.3,49.6,0.25,0.25,0.33
HARP,2019-11-08 00:55:00 EST,42.47280,-74.69849,1706,21.7,22.0,21.7,90.5,19.4,0.000,0.000,0.00,0.000,1.2,2.7,0.6,281,23,1.4,3.2,0.7,282,25,1.4,3.2,0.7,282,25,0,28.21,-0.3,0,0,0,42.6,47.3,49.6,0.25,0.25,0.33
HARP,2019-11-08 01:00:00 EST,42.47280,-74.69849,1706,21.6,21.9,21.6,90.8,19.3,0.000,0.000,0.00,0.000,1.5,3.4,0.7,263,28,1.8,3.4,0.8,262,26,1.8,3.4,0.8,262,26,0,28.21,-0.3,0,0,0,42.6,47.3,49.6,0.25,0.25,0.33
HARP,2019-11-08 01:05:00 EST,42.47280,-74.69849,1706,21.6,21.8,21.6,90.6,19.3,0.000,0.000,0.00,0.000,1.9,3.2,0.5,237,15,2.1,3.9,0.6,237,17,2.1,3.9,0.6,237,17,0,28.20,-0.3,0,0,0,42.5,47.3,49.6,0.25,0.25,0.33
HARP,2019-11-08 01:10:00 EST,42.47280,-74.69849,1706,21.3,21.5,21.3,90.7,19.0,0.000,0.000,0.00,0.000,1.2,1.8,0.4,224,19,1.4,2.2,0.4,227,19,1.4,2.2,0.4,227,19,0,28.20,-0.3,0,0,0,42.4,47.3,49.6,0.25,0.25,0.33
HARP,2019-11-08 01:15:00 EST,42.47280,-74.69849,1706,21.3,21.5,21.3,91.1,19.1,0.000,0.000,0.00,0.000,0.7,2.8,0.7,236,10,0.9,3.6,0.8,238,16,0.9,3.6,0.8,238,16,0,28.20,-0.3,0,0,0,42.4,47.3,49.6,0.25,0.25,0.33
HARP,2019-11-08 01:20:00 EST,42.47280,-74.69849,1706,20.3,21.1,20.3,90.8,18.1,0.000,0.000,0.00,0.000,0.3,1.1,0.4,51,0,0.6,1.3,0.5,56,7,0.6,1.3,0.5,56,7,0,28.20,-0.3,0,0,0,42.4,47.3,49.6,0.25,0.25,0.33
HARP,2019-11-08 01:25:00 EST,42.47280,-74.69849,1706,20.1,20.8,20.1,91.9,18.1,0.000,0.000,0.00,0.000,0.7,1.3,0.4,49,19,1.0,1.6,0.4,55,22,1.0,1.6,0.4,55,22,0,28.20,-0.3,0,0,0,42.4,47.3,49.6,0.25,0.25,0.33
HARP,2019-11-08 01:30:00 EST,42.47280,-74.69849,1706,19.9,20.8,19.9,92.5,18.1,0.000,0.000,0.00,0.000,1.0,1.4,0.2,72,8,1.4,1.9,0.2,74,11,1.4,1.9,0.2,74,11,0,28.20,-0.3,0,0,0,42.4,47.3,49.6,0.25,0.25,0.33
HARP,2019-11-08 01:35:00 EST,42.47280,-74.69849,1706,19.9,20.7,19.9,93.1,18.2,0.000,0.000,0.00,0.000,1.0,3.1,1.0,358,47,1.1,2.8,0.7,23,55,1.1,2.8,0.7,23,55,0,28.20,-0.3,0,0,0,42.4,47.3,49.6,0.25,0.25,0.33
HARP,2019-11-08 01:40:00 EST,42.47280,-74.69849,1706,19.4,20.4,19.4,93.4,17.8,0.000,0.000,0.00,0.000,1.4,2.9,0.5,351,18,1.8,2.9,0.4,355,16,1.8,2.9,0.4,355,16,0,28.20,-0.3,0,0,0,42.4,47.3,49.6,0.25,0.25,0.33
HARP,2019-11-08 01:45:00 EST,42.47280,-74.69849,1706,19.2,20.1,19.2,93.4,17.6,0.000,0.000,0.00,0.000,1.7,2.3,0.5,344,13,2.3,3.2,0.5,351,13,2.3,3.2,0.5,351,13,0,28.20,-0.3,0,0,0,42.4,47.3,49.6,0.25,0.25,0.33
HARP,2019-11-08 01:50:00 EST,42.47280,-74.69849,1706,19.2,20.5,19.2,93.5,17.7,0.000,0.000,0.00,0.000,0.9,1.8,0.7,5,11,1.3,3.2,0.9,9,23,1.3,3.2,0.9,9,23,0,28.20,-0.3,0,0,0,42.4,47.3,49.6,0.25,0.25,0.33
HARP,2019-11-08 01:55:00 EST,42.47280,-74.69849,1706,19.2,21.0,19.2,93.5,17.7,0.000,0.000,0.00,0.000,0.4,1.1,0.3,59,6,0.8,1.9,0.5,62,21,0.8,1.9,0.5,62,21,0,28.19,-0.3,0,0,0,42.4,47.3,49.6,0.25,0.25,0.33
HARP,2019-11-08 02:00:00 EST,42.47280,-74.69849,1706,19.1,20.4,19.1,93.5,17.6,0.000,0.000,0.00,0.000,0.6,2.0,0.7,352,22,1.0,2.4,0.7,353,19,1.0,2.4,0.7,353,19,0,28.19,-0.3,0,0,0,42.3,47.3,49.6,0.25,0.25,0.33
HARP,2019-11-08 02:05:00 EST,42.47280,-74.69849,1706,19.2,20.2,19.2,93.9,17.7,0.000,0.000,0.00,0.000,2.1,3.1,0.5,318,9,1.7,2.6,0.4,317,8,1.7,2.6,0.4,317,8,0,28.20,-0.3,0,0,0,42.3,47.3,49.6,0.25,0.25,0.33
HARP,2019-11-08 02:10:00 EST,42.47280,-74.69849,1706,19.3,20.2,19.3,94.0,17.8,0.000,0.000,0.00,0.000,1.5,2.0,0.2,302,11,1.5,2.4,0.3,300,12,1.5,2.4,0.3,300,12,0,28.20,-0.3,0,0,0,42.3,47.3,49.6,0.25,0.25,0.33
HARP,2019-11-08 02:15:00 EST,42.47280,-74.69849,1706,19.3,20.4,19.3,94.3,18.0,0.000,0.000,0.00,0.000,1.4,2.7,0.6,291,17,1.5,2.5,0.6,293,19,1.5,2.5,0.6,293,19,0,28.20,-0.4,0,0,0,42.3,47.3,49.6,0.25,0.25,0.32
HARP,2019-11-08 02:20:00 EST,42.47280,-74.69849,1706,18.9,20.2,18.9,93.9,17.5,0.000,0.000,0.00,0.000,1.1,1.7,0.3,322,15,1.3,2.5,0.4,319,22,1.3,2.5,0.4,319,22,0,28.20,-0.4,0,0,0,42.3,47.2,49.6,0.25,0.25,0.32
HARP,2019-11-08 02:25:00 EST,42.47280,-74.69849,1706,19.0,20.4,19.0,93.6,17.4,0.000,0.000,0.00,0.000,0.2,0.8,0.3,267,14,0.5,1.5,0.5,267,27,0.5,1.5,0.5,267,27,0,28.20,-0.4,0,0,0,42.3,47.3,49.6,0.25,0.25,0.32
HARP,2019-11-08 02:30:00 EST,42.47280,-74.69849,1706,19.2,20.2,19.2,94.0,17.7,0.000,0.000,0.00,0.000,0.5,1.2,0.4,271,27,0.7,1.5,0.5,278,24,0.7,1.5,0.5,278,24,0,28.20,-0.5,0,0,0,42.3,47.2,49.6,0.25,0.25,0.32
HARP,2019-11-08 02:35:00 EST,42.47280,-74.69849,1706,19.0,19.9,19.0,94.2,17.6,0.000,0.000,0.00,0.000,0.5,1.1,0.3,291,6,0.8,1.5,0.4,287,13,0.8,1.5,0.4,287,13,0,28.20,-0.4,0,0,0,42.3,47.2,49.6,0.25,0.25,0.32
HARP,2019-11-08 02:40:00 EST,42.47280,-74.69849,1706,18.8,19.7,18.8,94.0,17.3,0.000,0.000,0.00,0.000,0.8,1.5,0.3,248,20,1.1,2.1,0.3,254,23,1.1,2.1,0.3,254,23,0,28.20,-0.4,0,0,0,42.2,47.2,49.5,0.25,0.25,0.32
HARP,2019-11-08 02:45:00 EST,42.47280,-74.69849,1706,18.9,19.5,18.9,94.2,17.5,0.000,0.000,0.00,0.000,1.5,1.9,0.2,203,13,1.7,2.5,0.3,201,14,1.7,2.5,0.3,201,14,0,28.20,-0.5,0,0,0,42.1,47.1,49.5,0.25,0.25,0.32
HARP,2019-11-08 02:50:00 EST,42.47280,-74.69849,1706,18.6,19.4,18.6,94.3,17.3,0.000,0.000,0.00,0.000,0.2,1.2,0.4,183,15,0.4,1.7,0.5,155,24,0.4,1.7,0.5,155,24,0,28.20,-0.4,0,0,0,42.1,47.1,49.6,0.25,0.25,0.32
HARP,2019-11-08 02:55:00 EST,42.47280,-74.69849,1706,18.7,19.3,18.7,94.8,17.4,0.000,0.000,0.00,0.000,0.1,0.7,0.2,102,0,0.4,1.2,0.4,114,16,0.4,1.2,0.4,114,16,0,28.20,-0.5,0,0,0,42.1,47.1,49.5,0.25,0.25,0.32
HARP,2019-11-08 03:00:00 EST,42.47280,-74.69849,1706,18.5,19.2,18.5,94.7,17.2,0.000,0.000,0.00,0.000,0.0,0.0,0.0,0,0,0.1,0.9,0.3,294,5,0.1,0.9,0.3,294,5,0,28.20,-0.4,0,0,0,42.1,47.1,49.5,0.25,0.25,0.32
HARP,2019-11-08 03:05:00 EST,42.47280,-74.69849,1706,18.3,19.3,18.3,94.5,17.0,0.000,0.000,0.00,0.000,0.2,2.3,0.6,196,4,0.7,3.3,0.8,196,13,0.7,3.3,0.8,196,13,0,28.20,-0.5,0,0,0,42.1,47.1,49.5,0.25,0.25,0.32
HARP,2019-11-08 03:10:00 EST,42.47280,-74.69849,1706,18.4,19.0,18.4,95.2,17.3,0.000,0.000,0.00,0.000,1.0,1.8,0.5,197,8,1.3,2.0,0.4,198,15,1.3,2.0,0.4,198,15,0,28.19,-0.5,0,0,0,42.1,47.1,49.5,0.25,0.25,0.32
HARP,2019-11-08 03:15:00 EST,42.47280,-74.69849,1706,18.2,18.7,18.2,95.2,17.1,0.000,0.000,0.00,0.000,0.5,1.5,0.5,200,0,1.0,1.9,0.4,220,16,1.0,1.9,0.4,220,16,0,28.19,-0.5,0,0,0,42.1,47.1,49.5,0.25,0.25,0.32
HARP,2019-11-08 03:20:00 EST,42.47280,-74.69849,1706,17.9,18.7,17.9,94.7,16.6,0.000,0.000,0.00,0.000,0.2,0.9,0.3,200,0,0.5,1.4,0.5,208,21,0.5,1.4,0.5,208,21,0,28.19,-0.6,0,0,0,42.1,47.1,49.5,0.25,0.25,0.32
HARP,2019-11-08 03:25:00 EST,42.47280,-74.69849,1706,18.1,18.7,18.1,94.9,16.9,0.000,0.000,0.00,0.000,0.0,0.4,0.1,200,0,0.1,1.0,0.3,289,20,0.1,1.0,0.3,289,20,0,28.19,-0.6,0,0,0,42.1,47.1,49.5,0.25,0.25,0.32
HARP,2019-11-08 03:30:00 EST,42.47280,-74.69849,1706,18.1,18.9,18.1,95.0,17.0,0.000,0.000,0.00,0.000,0.4,1.3,0.4,273,13,0.9,1.6,0.4,279,28,0.9,1.6,0.4,279,28,0,28.19,-0.6,0,0,0,42.1,47.1,49.5,0.25,0.25,0.32
HARP,2019-11-08 03:35:00 EST,42.47280,-74.69849,1706,18.3,19.0,18.3,95.2,17.1,0.000,0.000,0.00,0.000,1.1,2.3,0.4,248,17,1.4,2.6,0.4,251,20,1.4,2.6,0.4,251,20,0,28.19,-0.6,0,0,0,42.0,47.1,49.5,0.25,0.25,0.32
HARP,2019-11-08 03:40:00 EST,42.47280,-74.69849,1706,18.6,19.2,18.6,95.6,17.6,0.000,0.000,0.00,0.000,1.9,2.6,0.3,235,11,2.0,2.7,0.3,236,12,2.0,2.7,0.3,236,12,0,28.19,-0.6,0,0,0,41.9,47.1,49.5,0.25,0.25,0.32
HARP,2019-11-08 03:45:00 EST,42.47280,-74.69849,1706,18.9,19.6,18.9,95.7,17.9,0.000,0.000,0.00,0.000,2.1,3.2,0.5,244,12,2.2,3.3,0.5,244,12,2.2,3.3,0.5,244,12,0,28.19,-0.6,0,0,0,41.9,47.1,49.5,0.25,0.25,0.32
HARP,2019-11-08 03:50:00 EST,42.47280,-74.69849,1706,18.8,19.5,18.8,95.3,17.7,0.000,0.000,0.00,0.000,1.5,2.8,0.5,251,16,1.7,2.9,0.5,252,19,1.7,2.9,0.5,252,19,0,28.19,-0.6,0,0,0,41.9,47.1,49.5,0.25,0.25,0.32
HARP,2019-11-08 03:55:00 EST,42.47280,-74.69849,1706,18.7,19.6,18.7,94.6,17.4,0.000,0.000,0.00,0.000,1.8,2.8,0.4,268,10,2.1,3.8,0.5,270,14,2.1,3.8,0.5,270,14,0,28.19,-0.7,0,0,0,41.9,47.1,49.5,0.25,0.25,0.32
HARP,2019-11-08 04:00:00 EST,42.47280,-74.69849,1706,18.2,19.2,18.2,94.2,16.8,0.000,0.000,0.00,0.000,1.4,1.9,0.4,338,32,1.6,2.4,0.4,344,30,1.6,2.4,0.4,344,30,0,28.19,-0.5,0,0,0,41.9,47.1,49.5,0.25,0.25,0.32
HARP,2019-11-08 04:05:00 EST,42.47280,-74.69849,1706,18.1,19.4,18.1,93.7,16.5,0.000,0.000,0.00,0.000,0.4,1.4,0.4,299,10,0.8,1.6,0.4,285,23,0.8,1.6,0.4,285,23,0,28.19,-0.5,0,0,0,41.9,47.1,49.5,0.25,0.25,0.32
HARP,2019-11-08 04:10:00 EST,42.47280,-74.69849,1706,18.1,19.3,18.1,93.9,16.7,0.000,0.000,0.00,0.000,1.6,2.1,0.3,296,18,1.6,2.7,0.4,297,19,1.6,2.7,0.4,297,19,0,28.19,-0.6,0,0,0,41.9,47.1,49.5,0.25,0.25,0.32
HARP,2019-11-08 04:15:00 EST,42.47280,-74.69849,1706,18.0,19.1,18.0,93.9,16.6,0.000,0.000,0.00,0.000,0.7,1.5,0.4,282,14,0.9,1.9,0.5,286,19,0.9,1.9,0.5,286,19,0,28.19,-0.5,0,0,0,41.9,47.1,49.5,0.25,0.25,0.32
HARP,2019-11-08 04:20:00 EST,42.47280,-74.69849,1706,18.0,18.8,18.0,93.9,16.5,0.000,0.000,0.00,0.000,1.1,1.8,0.5,317,15,1.1,2.6,0.6,320,16,1.1,2.6,0.6,320,16,0,28.19,,0,0,0,41.8,47.1,49.5,0.25,0.25,0.32
HARP,2019-11-08 04:25:00 EST,42.47280,-74.69849,1706,17.9,18.8,17.9,93.9,16.5,0.000,0.000,0.00,0.000,0.2,1.0,0.3,336,5,0.4,1.7,0.6,354,6,0.4,1.7,0.6,354,6,0,28.19,-0.6,0,0,0,41.7,47.1,49.5,0.25,0.25,0.32
HARP,2019-11-08 04:30:00 EST,42.47280,-74.69849,1706,17.8,18.6,17.8,93.7,16.3,0.000,0.000,0.00,0.000,0.0,0.0,0.0,0,0,0.2,0.9,0.3,61,4,0.2,0.9,0.3,61,4,0,28.19,-0.5,0,0,0,41.7,47.1,49.5,0.25,0.25,0.32
HARP,2019-11-08 04:35:00 EST,42.47280,-74.69849,1706,18.1,18.6,18.1,94.1,16.7,0.000,0.000,0.00,0.000,0.0,0.0,0.0,0,0,0.0,0.0,0.0,0,0,0.0,0.0,0.0,0,0,0,28.19,-0.7,0,0,0,41.7,47.1,49.5,0.25,0.25,0.32
HARP,2019-11-08 04:40:00 EST,42.47280,-74.69849,1706,18.4,18.8,18.4,94.8,17.2,0.000,0.000,0.00,0.000,0.0,0.0,0.0,0,0,0.0,0.8,0.1,266,4,0.0,0.8,0.1,266,4,0,28.19,-0.8,0,0,0,41.7,47.1,49.5,0.25,0.25,0.32
HARP,2019-11-08 04:45:00 EST,42.47280,-74.69849,1706,18.9,18.9,18.9,95.3,17.8,0.000,0.000,0.00,0.000,0.2,0.9,0.2,228,5,0.6,1.4,0.4,243,16,0.6,1.4,0.4,243,16,0,28.19,-0.7,0,0,0,41.7,47.1,49.5,0.25,0.25,0.32
HARP,2019-11-08 04:50:00 EST,42.47280,-74.69849,1706,19.1,19.0,19.1,95.8,18.1,0.000,0.000,0.00,0.000,0.9,1.7,0.4,234,12,1.2,2.1,0.4,236,15,1.2,2.1,0.4,236,15,0,28.19,-0.8,0,0,0,41.7,47.1,49.5,0.25,0.25,0.32
HARP,2019-11-08 04:55:00 EST,42.47280,-74.69849,1706,19.3,19.3,19.3,95.7,18.3,0.000,0.000,0.00,0.000,0.9,2.0,0.6,244,7,1.1,2.5,0.7,243,12,1.1,2.5,0.7,243,12,0,28.19,-0.7,0,0,0,41.7,47.1,49.5,0.25,0.25,0.32
HARP,2019-11-08 05:00:00 EST,42.47280,-74.69849,1706,19.5,19.6,19.5,95.6,18.5,0.000,0.000,0.00,0.000,0.2,0.9,0.3,250,0,0.6,1.3,0.5,253,13,0.6,1.3,0.5,253,13,0,28.19,-0.8,0,0,0,41.7,47.1,49.5,0.25,0.25,0.32
HARP,2019-11-08 05:05:00 EST,42.47280,-74.69849,1706,20.1,20.3,20.1,95.8,19.1,0.000,0.000,0.00,0.000,2.0,4.9,0.8,297,27,2.2,4.5,0.8,297,26,2.2,4.5,0.8,297,26,0,28.20,-0.8,0,0,0,41.7,47.1,49.5,0.25,0.25,0.32
HARP,2019-11-08 05:10:00 EST,42.47280,-74.69849,1706,20.8,21.0,20.8,95.6,19.8,0.000,0.000,0.00,0.000,1.7,4.6,1.2,309,25,1.9,5.3,1.1,311,27,1.9,5.3,1.1,311,27,0,28.20,-0.9,0,0,0,41.6,47.1,49.5,0.25,0.25,0.32
HARP,2019-11-08 05:15:00 EST,42.47280,-74.69849,1706,20.8,20.9,20.8,94.9,19.5,0.000,0.000,0.00,0.000,1.4,3.9,1.0,275,25,1.8,3.9,0.9,274,27,1.8,3.9,0.9,274,27,0,28.20,-0.9,0,0,0,41.5,47.0,49.5,0.25,0.25,0.32
HARP,2019-11-08 05:20:00 EST,42.47280,-74.69849,1706,21.0,21.2,16.9,94.7,19.8,0.000,0.000,0.00,0.000,2.8,5.3,1.3,324,24,3.0,5.8,1.2,328,25,3.0,5.8,1.2,328,25,0,28.20,-0.8,0,0,0,41.5,47.0,49.5,0.25,0.25,0.32
HARP,2019-11-08 05:25:00 EST,42.47280,-74.69849,1706,21.1,21.3,15.6,94.3,19.8,0.000,0.000,0.00,0.000,3.8,7.0,1.2,328,15,4.0,7.6,1.3,331,15,4.0,7.6,1.3,331,15,0,28.20,-0.8,0,0,0,41.5,47.0,49.5,0.25,0.25,0.32
HARP,2019-11-08 05:30:00 EST,42.47280,-74.69849,1706,21.3,21.3,14.5,93.8,19.8,0.000,0.000,0.00,0.000,5.2,11.5,2.1,324,16,5.0,12.8,2.3,327,17,5.0,12.8,2.3,327,17,0,28.20,-0.8,0,0,0,41.5,47.0,49.5,0.25,0.25,0.32
HARP,2019-11-08 05:35:00 EST,42.47280,-74.69849,1706,21.3,21.2,15.5,92.9,19.6,0.000,0.000,0.00,0.000,4.2,9.3,2.2,323,17,4.2,9.8,2.0,327,16,4.2,9.8,2.0,327,16,0,28.20,-0.9,0,0,0,41.5,46.9,49.5,0.25,0.25,0.31
HARP,2019-11-08 05:40:00 EST,42.47280,-74.69849,1706,21.3,21.1,16.4,93.0,19.6,0.000,0.000,0.00,0.000,3.5,6.9,1.6,316,17,3.5,8.5,1.5,317,19,3.5,8.5,1.5,317,19,0,28.20,-0.9,0,0,0,41.5,46.9,49.5,0.24,0.25,0.31
HARP,2019-11-08 05:45:00 EST,42.47280,-74.69849,1706,21.2,21.1,15.7,92.9,19.5,0.000,0.000,0.00,0.000,4.1,7.0,1.3,316,18,3.9,8.2,1.4,319,20,3.9,8.2,1.4,319,20,0,28.20,-0.8,0,0,0,41.5,46.9,49.5,0.24,0.25,0.31
HARP,2019-11-08 05:50:00 EST,42.47280,-74.69849,1706,21.2,21.1,21.2,92.9,19.4,0.000,0.000,0.00,0.000,2.4,5.0,1.2,318,28,2.6,6.1,1.0,323,34,2.6,6.1,1.0,323,34,0,28.21,-0.9,0,0,0,41.5,46.9,49.5,0.25,0.25,0.31
HARP,2019-11-08 05:55:00 EST,42.47280,-74.69849,1706,20.9,20.9,14.5,92.5,19.1,0.000,0.000,0.00,0.000,5.1,9.6,1.9,311,17,4.6,8.4,1.6,312,16,4.6,8.4,1.6,312,16,0,28.21,-0.9,0,0,0,41.5,46.9,49.5,0.24,0.25,0.32
HARP,2019-11-08 06:00:00 EST,42.47280,-74.69849,1706,20.4,20.6,13.7,91.3,18.3,0.000,0.000,0.00,0.000,5.1,7.8,1.2,321,14,4.8,9.2,1.4,326,17,4.8,9.2,1.4,326,17,0,28.21,-0.9,0,0,0,41.5,46.9,49.5,0.25,0.25,0.32
HARP,2019-11-08 06:05:00 EST,42.47280,-74.69849,1706,20.2,20.5,12.5,90.5,17.9,0.000,0.000,0.00,0.000,5.7,9.1,1.3,296,20,5.7,11.1,1.6,295,20,5.7,11.1,1.6,295,20,0,28.21,-1.0,0,0,0,41.4,46.9,49.5,0.25,0.25,0.31
HARP,2019-11-08 06:10:00 EST,42.47280,-74.69849,1706,19.9,20.2,14.3,89.1,17.2,0.000,0.000,0.00,0.000,4.1,6.9,1.3,310,17,3.9,7.2,1.2,311,16,3.9,7.2,1.2,311,16,0,28.21,-0.9,0,0,0,41.4,46.9,49.5,0.25,0.25,0.31
HARP,2019-11-08 06:15:00 EST,42.47280,-74.69849,1706,19.6,19.9,14.2,89.7,17.0,0.000,0.000,0.00,0.000,3.6,6.8,1.3,319,15,3.7,8.0,1.3,321,17,3.7,8.0,1.3,321,17,0,28.22,-0.9,0,0,0,41.4,46.9,49.5,0.25,0.25,0.31
HARP,2019-11-08 06:20:00 EST,42.47280,-74.69849,1706,19.8,20.0,14.0,90.5,17.5,0.000,0.000,0.00,0.000,4.2,9.1,1.8,322,19,4.0,7.0,1.4,325,19,4.0,7.0,1.4,325,19,0,28.22,-0.9,0,0,0,41.4,46.9,49.5,0.25,0.25,0.31
HARP,2019-11-08 06:25:00 EST,42.47280,-74.69849,1706,19.9,19.9,13.3,90.7,17.7,0.000,0.000,0.00,0.000,5.0,8.5,1.6,321,12,4.7,8.8,1.5,324,13,4.7,8.8,1.5,324,13,0,28.23,-0.9,0,0,0,41.4,46.9,49.5,0.25,0.25,0.31
HARP,2019-11-08 06:30:00 EST,42.47280,-74.69849,1706,20.0,19.8,15.4,90.6,17.7,0.000,0.000,0.00,0.000,3.2,5.8,1.2,316,18,3.2,5.9,1.1,316,17,3.2,5.9,1.1,316,17,0,28.23,-1.0,0,0,0,41.4,46.9,49.5,0.25,0.25,0.31
HARP,2019-11-08 06:35:00 EST,42.47280,-74.69849,1706,19.8,19.8,14.5,90.1,17.4,0.000,0.000,0.00,0.000,3.7,6.8,1.2,291,24,3.7,6.3,1.2,293,25,3.7,6.3,1.2,293,25,0,28.23,-0.9,0,0,0,41.4,46.9,49.5,0.25,0.25,0.31
HARP,2019-11-08 06:40:00 EST,42.47280,-74.69849,1706,19.8,19.7,14.5,88.6,16.9,0.000,0.000,0.00,0.000,3.2,5.8,1.2,279,18,3.6,6.5,1.5,278,17,3.6,6.5,1.5,278,17,1,28.23,-0.9,0,0,0,41.4,46.9,49.5,0.25,0.25,0.31
HARP,2019-11-08 06:45:00 EST,42.47280,-74.69849,1706,19.6,19.7,19.6,88.9,16.9,0.000,0.000,0.00,0.000,1.9,3.7,0.8,257,33,2.2,4.6,0.9,257,35,2.2,4.6,0.9,257,35,2,28.24,-0.8,0,0,0,41.4,46.9,49.5,0.25,0.25,0.31
HARP,2019-11-08 06:50:00 EST,42.47280,-74.69849,1706,19.4,19.4,12.6,88.2,16.5,0.000,0.000,0.00,0.000,4.2,7.6,1.8,259,21,4.8,9.4,2.1,261,19,4.8,9.4,2.1,261,19,3,28.24,-0.9,0,0,0,41.4,46.9,49.5,0.25,0.25,0.31
HARP,2019-11-08 06:55:00 EST,42.47280,-74.69849,1706,19.1,19.2,12.8,88.0,16.1,0.000,0.000,0.00,0.000,3.9,8.5,1.7,261,27,4.3,10.2,2.0,262,25,4.3,10.2,2.0,262,25,5,28.24,-1.1,0,0,0,41.4,46.9,49.5,0.25,0.25,0.31
HARP,2019-11-08 07:00:00 EST,42.47280,-74.69849,1706,18.9,19.0,12.3,88.1,16.0,0.000,0.000,0.00,0.000,4.1,9.1,2.0,277,23,4.5,10.7,2.4,278,24,4.5,10.7,2.4,278,24,7,28.24,-1.1,0,0,0,41.4,46.9,49.5,0.25,0.25,0.31
HARP,2019-11-08 07:05:00 EST,42.47280,-74.69849,1706,18.8,18.9,13.3,87.6,15.7,0.000,0.000,0.00,0.000,3.3,7.7,1.3,251,26,3.7,9.4,1.6,254,24,3.7,9.4,1.6,254,24,10,28.24,-1.2,0,0,0,41.3,46.9,49.5,0.25,0.25,0.31
HARP,2019-11-08 07:10:00 EST,42.47280,-74.69849,1706,18.7,18.8,18.7,87.4,15.6,0.000,0.000,0.00,0.000,1.8,4.5,0.9,275,26,2.1,5.6,1.1,279,25,2.1,5.6,1.1,279,25,13,28.24,-1.2,0,0,0,41.3,46.9,49.5,0.25,0.25,0.31
HARP,2019-11-08 07:15:00 EST,42.47280,-74.69849,1706,18.8,18.9,14.2,87.6,15.7,0.000,0.000,0.00,0.000,2.8,7.3,1.5,277,23,3.1,9.2,1.7,278,24,3.1,9.2,1.7,278,24,19,28.25,-1.1,0,0,0,41.2,46.9,49.5,0.24,0.25,0.31
HARP,2019-11-08 07:20:00 EST,42.47280,-74.69849,1706,18.9,18.9,18.9,87.6,15.8,0.000,0.000,0.00,0.000,1.4,3.0,0.7,240,22,1.8,4.0,0.8,239,24,1.8,4.0,0.8,239,24,15,28.25,-1.1,0,0,0,41.2,46.8,49.5,0.24,0.25,0.31
HARP,2019-11-08 07:25:00 EST,42.47280,-74.69849,1706,18.9,18.8,18.9,88.2,15.9,0.000,0.000,0.00,0.000,2.0,3.9,0.7,262,38,2.2,4.1,0.8,263,36,2.2,4.1,0.8,263,36,15,28.25,-1.1,0,0,0,41.2,46.9,49.5,0.24,0.25,0.31
HARP,2019-11-08 07:30:00 EST,42.47280,-74.69849,1706,18.8,18.9,18.8,88.4,16.0,0.000,0.000,0.00,0.000,1.9,4.6,1.2,262,29,2.4,5.5,1.4,262,28,2.4,5.5,1.4,262,28,20,28.26,-1.1,0,0,0,41.2,46.8,49.5,0.24,0.25,0.31
HARP,2019-11-08 07:35:00 EST,42.47280,-74.69849,1706,19.1,19.0,19.1,88.4,16.2,0.000,0.000,0.00,0.000,0.7,3.6,0.8,259,25,1.1,4.8,0.9,264,22,1.1,4.8,0.9,264,22,21,28.26,-1.1,0,0,0,41.2,46.8,49.5,0.24,0.25,0.31
HARP,2019-11-08 07:40:00 EST,42.47280,-74.69849,1706,19.2,19.1,19.2,88.4,16.4,0.000,0.000,0.00,0.000,2.7,5.1,1.2,304,20,2.9,5.4,1.0,307,22,2.9,5.4,1.0,307,22,14,28.26,-0.9,0,0,0,41.2,46.8,49.4,0.24,0.25,0.31
HARP,2019-11-08 07:45:00 EST,42.47280,-74.69849,1706,19.4,19.3,13.7,88.3,16.5,0.000,0.000,0.00,0.000,3.4,9.9,2.0,296,27,3.9,11.4,2.0,299,30,3.9,11.4,2.0,299,30,12,28.27,-1.0,0,0,0,41.2,46.8,49.5,0.24,0.25,0.31
HARP,2019-11-08 07:50:00 EST,42.47280,-74.69849,1706,19.5,19.3,12.1,88.6,16.7,0.000,0.000,0.00,0.000,4.8,10.6,1.7,290,21,5.4,13.9,2.3,290,19,5.4,13.9,2.3,290,19,15,28.27,-0.8,0,0,0,41.2,46.8,49.4,0.24,0.25,0.31
HARP,2019-11-08 07:55:00 EST,42.47280,-74.69849,1706,19.5,19.3,10.2,87.5,16.4,0.000,0.000,0.00,0.000,7.4,14.0,2.5,293,20,7.3,16.4,2.6,295,21,7.3,16.4,2.6,295,21,17,28.27,-1.0,0,0,0,41.2,46.8,49.4,0.24,0.25,0.31
HARP,2019-11-08 08:00:00 EST,42.47280,-74.69849,1706,19.5,19.3,11.1,87.1,16.3,0.000,0.000,0.00,0.000,5.8,11.4,2.5,292,20,6.2,13.6,2.6,292,22,6.2,13.6,2.6,292,22,26,28.27,-0.9,0,0,0,41.2,46.8,49.4,0.24,0.25,0.31
HARP,2019-11-08 08:05:00 EST,42.47280,-74.69849,1706,19.5,19.4,11.6,86.5,16.1,0.000,0.000,0.00,0.000,5.0,8.5,2.0,278,23,5.7,11.1,2.5,276,21,5.7,11.1,2.5,276,21,32,28.27,-0.9,0,0,0,41.2,46.8,49.4,0.24,0.25,0.31
HARP,2019-11-08 08:10:00 EST,42.47280,-74.69849,1706,19.6,19.4,11.8,86.9,16.4,0.000,0.000,0.00,0.000,5.3,13.7,2.8,299,29,5.7,13.9,2.5,299,29,5.7,13.9,2.5,299,29,45,28.28,-0.9,0,0,0,41.2,46.8,49.4,0.24,0.25,0.31
HARP,2019-11-08 08:15:00 EST,42.47280,-74.69849,1706,19.8,19.6,11.4,86.8,16.5,0.000,0.000,0.00,0.000,6.2,10.3,2.1,290,25,6.3,12.4,2.2,289,25,6.3,12.4,2.2,289,25,44,28.28,-0.9,0,0,0,41.1,46.8,49.4,0.24,0.25,0.31
HARP,2019-11-08 08:20:00 EST,42.47280,-74.69849,1706,19.9,19.7,11.8,86.0,16.4,0.000,0.000,0.00,0.000,5.7,10.2,2.7,297,26,6.0,12.1,2.7,299,26,6.0,12.1,2.7,299,26,51,28.28,-0.9,0,0,0,41.1,46.8,49.4,0.24,0.25,0.31
HARP,2019-11-08 08:25:00 EST,42.47280,-74.69849,1706,20.1,19.7,10.0,86.7,16.7,0.000,0.000,0.00,0.000,8.7,15.2,2.3,313,20,8.4,15.0,2.3,315,20,8.4,15.0,2.3,315,20,41,28.28,-0.9,0,0,0,41.0,46.8,49.3,0.24,0.25,0.31
HARP,2019-11-08 08:30:00 EST,42.47280,-74.69849,1706,20.0,19.7,11.1,87.0,16.8,0.000,0.000,0.00,0.000,6.8,14.8,3.3,319,16,6.9,18.0,3.3,322,18,6.9,18.0,3.3,322,18,39,28.28,-0.9,0,0,0,41.0,46.8,49.3,0.24,0.25,0.31
HARP,2019-11-08 08:35:00 EST,42.47280,-74.69849,1706,20.1,19.8,14.0,88.1,17.1,0.000,0.000,0.00,0.000,3.9,7.2,1.5,319,26,4.3,8.8,1.8,321,27,4.3,8.8,1.8,321,27,39,28.29,-1.0,0,0,0,41.0,46.8,49.3,0.24,0.25,0.31
HARP,2019-11-08 08:40:00 EST,42.47280,-74.69849,1706,20.1,19.7,10.7,86.8,16.8,0.000,0.000,0.00,0.000,7.2,14.2,2.6,325,20,7.5,14.9,2.6,330,20,7.5,14.9,2.6,330,20,61,28.29,-0.9,0,0,0,41.0,46.8,49.3,0.24,0.25,0.31
HARP,2019-11-08 08:45:00 EST,42.47280,-74.69849,1706,20.4,19.8,10.4,86.8,17.1,0.000,0.000,0.00,0.000,8.2,15.6,3.2,327,19,8.4,18.6,3.7,331,18,8.4,18.6,3.7,331,18,60,28.29,-0.9,0,0,0,41.0,46.8,49.3,0.24,0.25,0.31
HARP,2019-11-08 08:50:00 EST,42.47280,-74.69849,1706,20.3,19.9,10.7,85.4,16.6,0.000,0.000,0.00,0.000,7.7,15.6,2.8,328,19,7.8,15.3,2.7,331,17,7.8,15.3,2.7,331,17,121,28.29,-0.9,0,0,0,41.0,46.8,49.3,0.24,0.25,0.31
HARP,2019-11-08 08:55:00 EST,42.47280,-74.69849,1706,20.8,20.2,11.7,84.3,16.8,0.000,0.000,0.00,0.000,7.5,12.3,2.2,312,19,7.3,13.0,2.0,311,17,7.3,13.0,2.0,311,17,126,28.29,-0.9,0,0,0,41.0,46.8,49.3,0.24,0.25,0.31
HARP,2019-11-08 09:00:00 EST,42.47280,-74.69849,1706,20.9,20.2,12.2,83.7,16.8,0.000,0.000,0.00,0.000,7.4,16.0,2.5,307,17,6.9,13.0,2.2,308,16,6.9,13.0,2.2,308,16,122,28.29,-0.8,0,0,0,41.0,46.8,49.3,0.24,0.25,0.31
HARP,2019-11-08 09:05:00 EST,42.47280,-74.69849,1706,21.0,20.3,11.5,82.7,16.5,0.000,0.000,0.00,0.000,8.5,15.3,2.4,307,15,7.9,13.5,2.1,308,15,7.9,13.5,2.1,308,15,157,28.29,-0.6,0,0,0,41.0,46.8,49.3,0.24,0.25,0.31
HARP,2019-11-08 09:10:00 EST,42.47280,-74.69849,1706,21.4,20.5,13.1,82.2,16.9,0.000,0.000,0.00,0.000,6.9,14.2,2.9,312,21,6.6,13.9,2.5,313,21,6.6,13.9,2.5,313,21,108,28.29,-0.6,0,0,0,41.0,46.8,49.3,0.24,0.25,0.30
HARP,2019-11-08 09:15:00 EST,42.47280,-74.69849,1706,21.0,20.4,13.5,82.4,16.5,0.000,0.000,0.00,0.000,5.6,11.9,1.9,309,17,5.6,12.5,1.8,310,17,5.6,12.5,1.8,310,17,81,28.29,-0.5,0,0,0,41.0,46.8,49.3,0.24,0.25,0.30
HARP,2019-11-08 09:20:00 EST,42.47280,-74.69849,1706,21.0,20.3,9.6,81.2,16.1,0.000,0.000,0.00,0.000,11.5,20.6,3.2,315,18,10.8,18.3,3.2,319,16,10.8,18.3,3.2,319,16,125,28.30,-0.5,0,0,0,41.0,46.8,49.3,0.24,0.25,0.30
HARP,2019-11-08 09:25:00 EST,42.47280,-74.69849,1706,21.2,20.4,10.0,79.7,15.9,0.000,0.000,0.00,0.000,10.2,19.3,3.2,295,17,10.4,21.3,3.9,293,17,10.4,21.3,3.9,293,17,176,28.30,-0.3,0,0,0,41.0,46.8,49.3,0.24,0.25,0.30
HARP,2019-11-08 09:30:00 EST,42.47280,-74.69849,1706,21.7,20.8,12.8,80.3,16.6,0.000,0.000,0.00,0.000,7.0,11.0,1.7,303,24,7.3,12.4,2.1,301,23,7.3,12.4,2.1,301,23,162,28.30,-0.2,0,0,0,41.0,46.8,49.3,0.24,0.25,0.30
HARP,2019-11-08 09:35:00 EST,42.47280,-74.69849,1706,21.5,20.6,11.6,80.5,16.4,0.000,0.000,0.00,0.000,8.6,17.5,2.0,299,16,8.5,14.7,2.1,300,16,8.5,14.7,2.1,300,16,87,28.30,-0.3,0,0,0,41.0,46.7,49.3,0.24,0.25,0.30
HARP,2019-11-08 09:40:00 EST,42.47280,-74.69849,1706,21.3,20.6,11.2,80.3,16.2,0.000,0.000,0.00,0.000,9.2,20.2,3.9,308,19,8.9,18.4,3.6,308,20,8.9,18.4,3.6,308,20,130,28.30,-0.2,0,0,0,41.0,46.7,49.3,0.24,0.25,0.30
HARP,2019-11-08 09:45:00 EST,42.47280,-74.69849,1706,21.8,20.9,13.5,81.9,17.2,0.000,0.000,0.00,0.000,7.2,11.7,2.0,309,17,6.7,11.6,1.9,311,16,6.7,11.6,1.9,311,16,120,28.30,-0.3,0,0,0,41.0,46.8,49.3,0.24,0.25,0.30
HARP,2019-11-08 09:50:00 EST,42.47280,-74.69849,1706,21.8,21.0,12.2,80.2,16.7,0.000,0.000,0.00,0.000,8.5,14.1,2.5,299,16,8.3,16.3,2.9,302,16,8.3,16.3,2.9,302,16,115,28.30,-0.3,0,0,0,40.9,46.7,49.3,0.24,0.25,0.30
HARP,2019-11-08 09:55:00 EST,42.47280,-74.69849,1706,21.6,20.8,10.6,78.1,15.9,0.000,0.000,0.00,0.000,10.8,17.2,3.2,298,18,10.5,19.0,3.1,300,16,10.5,19.0,3.1,300,16,166,28.31,-0.5,0,0,0,40.9,46.6,49.3,0.24,0.25,0.30
HARP,2019-11-08 10:00:00 EST,42.47280,-74.69849,1706,22.0,20.9,10.7,77.8,16.1,0.000,0.000,0.00,0.000,11.1,21.4,3.6,301,21,11.0,20.0,3.0,300,21,11.0,20.0,3.0,300,21,182,28.31,-0.3,0,0,0,40.9,46.6,49.3,0.24,0.25,0.30
HARP,2019-11-08 10:05:00 EST,42.47280,-74.69849,1706,22.4,21.2,11.3,78.7,16.8,0.000,0.000,0.00,0.000,11.3,18.7,3.1,306,18,10.9,19.7,3.0,310,19,10.9,19.7,3.0,310,19,202,28.31,-0.4,0,0,0,40.8,46.6,49.3,0.24,0.25,0.30
HARP,2019-11-08 10:10:00 EST,42.47280,-74.69849,1706,22.6,21.4,12.8,77.6,16.6,0.000,0.000,0.00,0.000,9.2,23.7,4.8,307,19,8.9,19.1,4.1,307,19,8.9,19.1,4.1,307,19,215,28.31,-0.3,0,0,0,40.8,46.6,49.3,0.24,0.25,0.30
HARP,2019-11-08 10:15:00 EST,42.47280,-74.69849,1706,22.4,21.3,11.6,76.6,16.2,0.000,0.000,0.00,0.000,10.5,15.8,2.7,302,19,10.5,20.0,3.2,303,20,10.5,20.0,3.2,303,20,163,28.31,-0.2,0,0,0,40.8,46.6,49.3,0.24,0.25,0.30
HARP,2019-11-08 10:20:00 EST,42.47280,-74.69849,1706,22.3,21.1,12.5,77.6,16.4,0.000,0.000,0.00,0.000,8.8,13.2,2.2,299,15,8.8,13.9,2.2,301,17,8.8,13.9,2.2,301,17,162,28.31,-0.1,0,0,0,40.8,46.6,49.3,0.24,0.25,0.30
HARP,2019-11-08 10:25:00 EST,42.47280,-74.69849,1706,22.3,21.3,13.8,78.2,16.5,0.000,0.000,0.00,0.000,6.9,14.0,2.5,304,20,7.0,13.3,2.6,307,19,7.0,13.3,2.6,307,19,113,28.31,-0.3,0,0,0,40.8,46.6,49.3,0.24,0.25,0.30
HARP,2019-11-08 10:30:00 EST,42.47280,-74.69849,1706,22.5,21.3,14.0,78.5,16.9,0.000,0.000,0.00,0.000,7.8,14.1,2.7,317,16,7.1,12.7,2.2,319,14,7.1,12.7,2.2,319,14,186,28.31,-0.1,0,0,0,40.8,46.6,49.3,0.24,0.25,0.30
HARP,2019-11-08 10:35:00 EST,42.47280,-74.69849,1706,22.8,21.7,13.5,78.0,17.0,0.000,0.000,0.00,0.000,8.0,15.0,3.5,317,26,8.2,15.4,3.0,319,26,8.2,15.4,3.0,319,26,161,28.31,-0.1,0,0,0,40.8,46.6,49.3,0.24,0.25,0.30
HARP,2019-11-08 10:40:00 EST,42.47280,-74.69849,1706,22.9,21.9,13.4,76.9,16.7,0.000,0.000,0.00,0.000,8.7,13.7,2.0,301,17,8.5,15.8,2.5,304,19,8.5,15.8,2.5,304,19,196,28.31,-0.2,0,0,0,40.8,46.6,49.3,0.24,0.25,0.30
HARP,2019-11-08 10:45:00 EST,42.47280,-74.69849,1706,23.7,22.2,13.0,76.4,17.4,0.000,0.000,0.00,0.000,11.0,17.8,2.9,304,20,10.7,17.7,3.1,306,19,10.7,17.7,3.1,306,19,229,28.31,-0.3,0,0,0,40.8,46.6,49.3,0.24,0.25,0.30
HARP,2019-11-08 10:50:00 EST,42.47280,-74.69849,1706,23.5,22.0,13.2,76.7,17.2,0.000,0.000,0.00,0.000,10.6,17.4,2.8,307,16,9.9,19.6,2.9,309,15,9.9,19.6,2.9,309,15,215,28.31,-0.0,0,0,0,40.8,46.6,49.3,0.24,0.25,0.30
HARP,2019-11-08 10:55:00 EST,42.47280,-74.69849,1706,23.5,22.0,13.9,77.7,17.6,0.000,0.000,0.00,0.000,9.7,15.3,2.1,308,13,9.0,14.3,1.9,309,12,9.0,14.3,1.9,309,12,142,28.31,-0.2,0,0,0,40.8,46.6,49.3,0.24,0.25,0.30
HARP,2019-11-08 11:00:00 EST,42.47280,-74.69849,1706,22.8,21.7,11.5,75.7,16.3,0.000,0.000,0.00,0.000,11.9,22.1,3.0,304,16,11.5,19.6,3.0,305,18,11.5,19.6,3.0,305,18,175,28.31,0.0,0,0,0,40.8,46.6,49.3,0.24,0.25,0.30
HARP,2019-11-08 11:05:00 EST,42.47280,-74.69849,1706,23.2,21.9,13.3,77.1,17.0,0.000,0.000,0.00,0.000,9.9,16.4,2.8,309,13,9.2,17.9,2.8,310,15,9.2,17.9,2.8,310,15,150,28.31,-0.1,0,0,0,40.8,46.6,49.3,0.24,0.25,0.30
HARP,2019-11-08 11:10:00 EST,42.47280,-74.69849,1706,22.9,21.8,12.7,77.6,16.9,0.000,0.000,0.00,0.000,9.8,15.0,2.7,306,17,9.4,15.9,2.6,307,17,9.4,15.9,2.6,307,17,155,28.31,-0.1,0,0,0,40.8,46.6,49.3,0.24,0.25,0.30
HARP,2019-11-08 11:15:00 EST,42.47280,-74.69849,1706,22.6,21.7,11.8,76.1,16.2,0.000,0.000,0.00,0.000,10.6,16.8,2.6,304,18,10.4,18.4,2.6,304,18,10.4,18.4,2.6,304,18,144,28.31,-0.1,0,0,0,40.8,46.6,49.3,0.24,0.25,0.30
HARP,2019-11-08 11:20:00 EST,42.47280,-74.69849,1706,22.8,22.0,13.5,77.6,16.8,0.000,0.000,0.00,0.000,8.5,15.7,2.2,311,18,8.1,13.1,2.1,311,16,8.1,13.1,2.1,311,16,174,28.31,-0.1,0,0,0,40.8,46.6,49.3,0.24,0.25,0.30
HARP,2019-11-08 11:25:00 EST,42.47280,-74.69849,1706,23.4,22.1,13.4,77.2,17.3,0.000,0.000,0.00,0.000,9.8,16.9,2.6,310,16,9.5,16.0,2.6,311,17,9.5,16.0,2.6,311,17,170,28.31,-0.2,0,0,0,40.8,46.6,49.3,0.24,0.25,0.30
HARP,2019-11-08 11:30:00 EST,42.47280,-74.69849,1706,22.9,21.9,13.5,76.6,16.6,0.000,0.000,0.00,0.000,8.7,16.5,2.7,308,18,8.4,16.0,2.4,310,17,8.4,16.0,2.4,310,17,119,28.31,-0.1,0,0,0,40.8,46.6,49.3,0.24,0.25,0.30
HARP,2019-11-08 11:35:00 EST,42.47280,-74.69849,1706,22.6,21.7,12.3,74.9,15.8,0.000,0.000,0.00,0.000,10.3,15.9,2.6,310,16,9.6,18.1,2.3,312,14,9.6,18.1,2.3,312,14,163,28.31,-0.0,0,0,0,40.8,46.6,49.3,0.24,0.25,0.30
HARP,2019-11-08 11:40:00 EST,42.47280,-74.69849,1706,22.5,21.7,11.5,75.4,15.9,0.000,0.000,0.00,0.000,12.0,18.0,2.4,307,13,10.7,19.4,2.5,310,12,10.7,19.4,2.5,310,12,137,28.31,-0.2,0,0,0,40.8,46.6,49.3,0.24,0.25,0.30
HARP,2019-11-08 11:45:00 EST,42.47280,-74.69849,1706,22.2,21.6,11.3,73.6,15.0,0.000,0.000,0.00,0.000,11.1,16.9,2.6,300,15,10.5,19.4,3.0,302,15,10.5,19.4,3.0,302,15,140,28.30,0.1,0,0,0,40.8,46.6,49.3,0.24,0.25,0.30
HARP,2019-11-08 11:50:00 EST,42.47280,-74.69849,1706,22.5,21.8,12.4,73.6,15.3,0.000,0.000,0.00,0.000,9.3,17.2,3.0,302,24,9.2,14.9,2.3,300,24,9.2,14.9,2.3,300,24,157,28.30,-0.0,0,0,0,40.8,46.5,49.3,0.24,0.25,0.30
HARP,2019-11-08 11:55:00 EST,42.47280,-74.69849,1706,23.3,22.4,14.0,72.9,15.9,0.000,0.000,0.00,0.000,8.2,17.0,2.8,296,23,8.3,15.0,2.6,295,23,8.3,15.0,2.6,295,23,387,28.30,0.0,0,0,0,40.8,46.4,49.3,0.24,0.25,0.30
HARP,2019-11-08 12:00:00 EST,42.47280,-74.69849,1706,24.1,23.1,16.1,71.7,16.3,0.000,0.000,0.00,0.000,6.8,12.9,2.8,277,40,6.9,15.2,2.9,276,39,6.9,15.2,2.9,276,39,379,28.30,-0.1,0,0,0,40.8,46.4,49.3,0.24,0.25,0.30
HARP,2019-11-08 12:05:00 EST,42.47280,-74.69849,1706,24.5,23.4,16.4,70.0,16.1,0.000,0.000,0.00,0.000,6.8,15.6,3.3,295,22,7.0,16.4,3.4,298,22,7.0,16.4,3.4,298,22,393,28.30,-0.0,0,0,0,40.8,46.4,49.3,0.24,0.25,0.30
HARP,2019-11-08 12:10:00 EST,42.47280,-74.69849,1706,24.8,23.6,15.3,71.4,16.9,0.000,0.000,0.00,0.000,9.6,18.3,3.6,326,15,9.1,17.9,3.5,328,15,9.1,17.9,3.5,328,15,409,28.30,-0.1,0,0,0,40.8,46.4,49.3,0.24,0.25,0.30
HARP,2019-11-08 12:15:00 EST,42.47280,-74.69849,1706,25.4,23.9,16.1,71.8,17.5,0.000,0.000,0.00,0.000,9.3,17.8,3.1,312,19,9.1,19.9,3.0,315,19,9.1,19.9,3.0,315,19,430,28.30,-0.3,0,0,0,40.8,46.4,49.3,0.24,0.25,0.30
HARP,2019-11-08 12:20:00 EST,42.47280,-74.69849,1706,25.5,23.9,15.4,71.4,17.5,0.000,0.000,0.00,0.000,10.5,21.7,3.7,320,21,10.4,22.0,3.7,322,21,10.4,22.0,3.7,322,21,501,28.30,-0.4,0,0,0,40.9,46.4,49.3,0.24,0.25,0.30
HARP,2019-11-08 12:25:00 EST,42.47280,-74.69849,1706,25.9,24.4,17.3,73.2,18.5,0.000,0.000,0.00,0.000,8.0,15.2,3.4,327,16,8.2,16.8,3.4,329,16,8.2,16.8,3.4,329,16,500,28.30,-0.3,0,0,0,40.8,46.4,49.3,0.24,0.25,0.30
HARP,2019-11-08 12:30:00 EST,42.47280,-74.69849,1706,25.1,23.9,16.5,72.3,17.4,0.000,0.000,0.00,0.000,7.7,15.6,3.0,323,16,7.8,17.4,2.6,325,16,7.8,17.4,2.6,325,16,241,28.30,-0.4,0,0,0,40.9,46.4,49.3,0.24,0.25,0.30
HARP,2019-11-08 12:35:00 EST,42.47280,-74.69849,1706,24.4,23.5,14.7,74.7,17.5,0.000,0.000,0.00,0.000,9.4,17.0,3.1,319,22,9.3,18.4,3.2,319,22,9.3,18.4,3.2,319,22,171,28.30,-0.4,0,0,0,40.9,46.4,49.3,0.24,0.25,0.30
HARP,2019-11-08 12:40:00 EST,42.47280,-74.69849,1706,23.9,23.0,14.0,75.0,17.2,0.000,0.000,0.00,0.000,10.4,15.5,1.9,316,15,9.5,13.9,1.8,318,12,9.5,13.9,1.8,318,12,197,28.30,-0.3,0,0,0,41.0,46.4,49.3,0.24,0.25,0.30
HARP,2019-11-08 12:45:00 EST,42.47280,-74.69849,1706,23.5,22.8,14.0,71.5,15.6,0.000,0.000,0.00,0.000,9.0,17.8,3.0,309,19,8.8,18.6,3.1,310,18,8.8,18.6,3.1,310,18,125,28.30,-0.4,0,0,0,41.0,46.4,49.3,0.24,0.25,0.30
HARP,2019-11-08 12:50:00 EST,42.47280,-74.69849,1706,23.3,22.8,13.2,71.8,15.5,0.000,0.000,0.00,0.000,10.0,18.3,2.9,322,21,9.6,18.5,2.7,323,17,9.6,18.5,2.7,323,17,179,28.30,-0.3,0,0,0,41.0,46.4,49.2,0.24,0.25,0.30
HARP,2019-11-08 12:55:00 EST,42.47280,-74.69849,1706,23.2,22.7,15.1,72.1,15.5,0.000,0.000,0.00,0.000,6.5,10.5,2.1,294,26,6.7,10.9,1.9,296,26,6.7,10.9,1.9,296,26,101,28.30,-0.4,0,0,0,41.0,46.4,49.2,0.24,0.25,0.30
HARP,2019-11-08 13:00:00 EST,42.47280,-74.69849,1706,22.9,22.6,14.3,69.9,14.5,0.000,0.000,0.00,0.000,6.9,13.5,2.2,284,24,7.3,13.6,2.4,286,24,7.3,13.6,2.4,286,24,245,28.30,-0.3,0,0,0,41.0,46.4,49.3,0.24,0.25,0.30
HARP,2019-11-08 13:05:00 EST,42.47280,-74.69849,1706,24.0,23.3,16.8,69.9,15.6,0.000,0.000,0.00,0.000,5.6,12.8,2.3,290,20,5.9,15.1,2.6,291,19,5.9,15.1,2.6,291,19,537,28.30,-0.3,0,0,0,41.0,46.4,49.1,0.24,0.25,0.30
HARP,2019-11-08 13:10:00 EST,42.47280,-74.69849,1706,24.3,23.7,16.7,68.6,15.4,0.000,0.000,0.00,0.000,5.6,11.1,2.0,284,30,6.4,13.4,2.5,286,30,6.4,13.4,2.5,286,30,422,28.30,-0.3,0,0,0,41.0,46.4,49.2,0.24,0.25,0.30
HARP,2019-11-08 13:15:00 EST,42.47280,-74.69849,1706,24.4,23.6,15.1,69.3,15.8,0.000,0.000,0.00,0.000,8.7,15.9,2.8,299,16,8.8,15.7,2.9,298,15,8.8,15.7,2.9,298,15,339,28.30,-0.3,0,0,0,41.0,46.4,49.1,0.24,0.25,0.30
HARP,2019-11-08 13:20:00 EST,42.47280,-74.69849,1706,24.0,23.2,13.0,70.2,15.7,0.000,0.000,0.00,0.000,11.9,19.7,2.9,303,18,11.4,17.0,2.8,303,17,11.4,17.0,2.8,303,17,146,28.30,-0.4,0,0,0,41.0,46.4,49.2,0.24,0.25,0.30
HARP,2019-11-08 13:25:00 EST,42.47280,-74.69849,1706,23.4,22.9,14.3,74.0,16.3,0.000,0.000,0.00,0.000,8.0,14.0,1.9,297,19,8.1,14.6,2.1,298,19,8.1,14.6,2.1,298,19,171,28.30,-0.5,0,0,0,41.0,46.4,49.1,0.24,0.25,0.29
HARP,2019-11-08 13:30:00 EST,42.47280,-74.69849,1706,23.8,23.2,15.0,73.1,16.4,0.000,0.000,0.00,0.000,7.4,11.0,1.9,292,21,7.8,13.6,2.0,293,22,7.8,13.6,2.0,293,22,202,28.30,-0.5,0,0,0,41.0,46.4,49.1,0.24,0.25,0.30
HARP,2019-11-08 13:35:00 EST,42.47280,-74.69849,1706,23.2,22.9,14.7,72.1,15.6,0.000,0.000,0.00,0.000,6.5,12.2,2.5,288,23,7.3,13.9,2.9,291,25,7.3,13.9,2.9,291,25,83,28.30,-0.4,0,0,0,41.0,46.4,49.1,0.24,0.25,0.29
HARP,2019-11-08 13:40:00 EST,42.47280,-74.69849,1706,23.3,22.9,14.0,72.0,15.6,0.000,0.000,0.00,0.000,8.4,14.0,1.7,297,18,8.3,16.8,2.0,299,18,8.3,16.8,2.0,299,18,189,28.30,-0.5,0,0,0,41.0,46.4,49.1,0.24,0.25,0.29
HARP,2019-11-08 13:45:00 EST,42.47280,-74.69849,1706,23.5,23.0,13.5,72.5,15.9,0.000,0.000,0.00,0.000,9.3,21.2,4.0,301,18,9.4,20.4,3.8,301,19,9.4,20.4,3.8,301,19,135,28.30,-0.4,0,0,0,41.0,46.4,49.1,0.24,0.25,0.29
HARP,2019-11-08 13:50:00 EST,42.47280,-74.69849,1706,23.2,22.8,14.3,74.7,16.4,0.000,0.000,0.00,0.000,7.7,12.8,2.4,301,17,7.7,15.2,2.5,303,17,7.7,15.2,2.5,303,17,95,28.30,-0.5,0,0,0,41.0,46.4,49.1,0.24,0.25,0.29
HARP,2019-11-08 13:55:00 EST,42.47280,-74.69849,1706,22.8,22.5,13.4,80.0,17.6,0.000,0.000,0.00,0.000,8.8,15.1,3.0,317,14,8.4,15.4,2.7,320,14,8.4,15.4,2.7,320,14,80,28.30,-0.6,0,0,0,41.0,46.3,49.1,0.24,0.25,0.29
HARP,2019-11-08 14:00:00 EST,42.47280,-74.69849,1706,22.7,22.2,13.2,86.3,19.3,0.000,0.000,0.00,0.000,8.7,12.4,1.9,315,18,8.5,13.1,2.1,316,17,8.5,13.1,2.1,316,17,175,28.30,-0.6,0,0,0,41.0,46.4,49.1,0.24,0.25,0.29
HARP,2019-11-08 14:05:00 EST,42.47280,-74.69849,1706,23.7,22.9,16.0,86.2,20.1,0.000,0.000,0.00,0.000,6.4,11.9,2.3,327,23,6.3,13.1,2.2,330,20,6.3,13.1,2.2,330,20,318,28.30,-0.6,0,0,0,41.0,46.4,49.1,0.24,0.25,0.29
HARP,2019-11-08 14:10:00 EST,42.47280,-74.69849,1706,24.3,23.4,16.4,83.6,20.1,0.000,0.000,0.00,0.000,6.7,11.5,2.2,324,19,6.8,12.1,2.3,328,16,6.8,12.1,2.3,328,16,383,28.30,-0.5,0,0,0,41.0,46.3,49.1,0.24,0.25,0.29
HARP,2019-11-08 14:15:00 EST,42.47280,-74.69849,1706,24.4,23.8,15.2,76.1,18.0,0.000,0.000,0.00,0.000,8.0,16.7,3.5,287,21,8.7,17.6,3.8,286,19,8.7,17.6,3.8,286,19,448,28.30,-0.5,0,0,0,41.0,46.2,49.1,0.24,0.25,0.29
HARP,2019-11-08 14:20:00 EST,42.47280,-74.69849,1706,25.2,24.1,14.0,72.2,17.5,0.000,0.000,0.00,0.000,12.0,19.4,2.8,297,17,12.4,23.0,3.4,297,16,12.4,23.0,3.4,297,16,502,28.30,-0.7,0,0,0,41.0,46.0,49.1,0.24,0.25,0.29
HARP,2019-11-08 14:25:00 EST,42.47280,-74.69849,1706,25.2,24.2,15.4,72.3,17.6,0.000,0.000,0.00,0.000,9.6,17.1,2.6,303,20,9.9,16.4,2.8,302,17,9.9,16.4,2.8,302,17,434,28.30,-0.6,0,0,0,41.0,46.0,49.1,0.24,0.25,0.29
HARP,2019-11-08 14:30:00 EST,42.47280,-74.69849,1706,25.5,24.4,17.1,72.3,17.9,0.000,0.000,0.00,0.000,8.0,13.9,2.3,306,17,7.8,15.8,2.3,306,16,7.8,15.8,2.3,306,16,427,28.30,-0.5,0,0,0,41.1,46.1,49.1,0.24,0.25,0.29
HARP,2019-11-08 14:35:00 EST,42.47280,-74.69849,1706,25.7,24.7,16.5,70.1,17.2,0.000,0.000,0.00,0.000,8.7,14.7,2.3,294,26,9.0,17.4,2.3,295,26,9.0,17.4,2.3,295,26,453,28.30,-0.6,0,0,0,41.0,46.0,49.1,0.24,0.25,0.29
HARP,2019-11-08 14:40:00 EST,42.47280,-74.69849,1706,25.1,24.2,15.9,69.0,16.3,0.000,0.000,0.00,0.000,8.4,16.4,2.7,296,19,8.7,18.7,2.7,296,20,8.7,18.7,2.7,296,20,296,28.31,-0.5,0,0,0,41.1,46.0,49.1,0.24,0.25,0.29
HARP,2019-11-08 14:45:00 EST,42.47280,-74.69849,1706,24.3,23.6,15.0,73.2,16.9,0.000,0.000,0.00,0.000,9.1,19.7,2.4,305,16,8.7,21.1,2.5,306,16,8.7,21.1,2.5,306,16,107,28.31,-0.6,0,0,0,41.1,46.0,49.1,0.24,0.25,0.29
HARP,2019-11-08 14:50:00 EST,42.47280,-74.69849,1706,23.6,23.0,12.7,74.1,16.6,0.000,0.000,0.00,0.000,11.9,21.5,4.2,306,18,11.2,23.8,4.0,308,17,11.2,23.8,4.0,308,17,112,28.31,-0.6,0,0,0,41.1,46.0,49.1,0.24,0.25,0.29
HARP,2019-11-08 14:55:00 EST,42.47280,-74.69849,1706,23.1,22.7,13.4,74.5,16.2,0.000,0.000,0.00,0.000,9.0,18.0,2.7,325,20,8.8,15.1,2.4,325,17,8.8,15.1,2.4,325,17,44,28.31,-0.5,0,0,0,41.1,46.0,49.1,0.24,0.25,0.29
HARP,2019-11-08 15:00:00 EST,42.47280,-74.69849,1706,22.7,22.5,12.6,76.5,16.4,0.000,0.000,0.00,0.000,9.8,16.4,3.3,320,14,9.4,18.3,3.2,323,15,9.4,18.3,3.2,323,15,39,28.32,-0.6,0,0,0,41.1,46.0,49.1,0.24,0.25,0.29
HARP,2019-11-08 15:05:00 EST,42.47280,-74.69849,1706,23.1,22.8,15.2,77.3,17.0,0.000,0.000,0.00,0.000,6.3,10.4,1.8,306,21,6.5,11.7,1.7,306,21,6.5,11.7,1.7,306,21,194,28.32,-0.5,0,0,0,41.1,46.0,49.1,0.24,0.25,0.29
HARP,2019-11-08 15:10:00 EST,42.47280,-74.69849,1706,22.9,22.7,15.1,75.3,16.2,0.000,0.000,0.00,0.000,5.6,12.2,2.5,282,17,6.3,13.8,2.9,283,14,6.3,13.8,2.9,283,14,59,28.32,-0.5,0,0,0,41.1,46.0,49.1,0.24,0.25,0.29
HARP,2019-11-08 15:15:00 EST,42.47280,-74.69849,1706,22.7,22.4,14.1,76.4,16.4,0.000,0.000,0.00,0.000,7.3,11.6,1.7,300,14,7.2,12.4,1.8,302,14,7.2,12.4,1.8,302,14,57,28.32,-0.5,0,0,0,41.1,46.0,49.1,0.24,0.25,0.29
HARP,2019-11-08 15:20:00 EST,42.47280,-74.69849,1706,22.6,22.4,14.5,76.3,16.3,0.000,0.000,0.00,0.000,6.6,10.4,1.8,293,21,6.7,11.2,1.9,294,20,6.7,11.2,1.9,294,20,87,28.32,-0.5,0,0,0,41.2,46.0,49.1,0.24,0.24,0.29
HARP,2019-11-08 15:25:00 EST,42.47280,-74.69849,1706,22.5,22.3,13.7,76.3,16.2,0.000,0.000,0.00,0.000,7.3,13.2,2.1,289,18,7.5,12.7,2.0,289,18,7.5,12.7,2.0,289,18,59,28.32,-0.6,0,0,0,41.1,46.0,49.1,0.24,0.25,0.29
HARP,2019-11-08 15:30:00 EST,42.47280,-74.69849,1706,22.6,22.3,13.3,76.6,16.3,0.000,0.000,0.00,0.000,8.1,13.4,2.2,296,14,8.1,14.6,2.4,298,15,8.1,14.6,2.4,298,15,72,28.32,-0.6,0,0,0,41.2,46.0,49.1,0.24,0.25,0.29
HARP,2019-11-08 15:35:00 EST,42.47280,-74.69849,1706,22.5,22.3,14.1,78.5,16.9,0.000,0.000,0.00,0.000,6.4,12.1,2.2,287,15,7.0,14.5,2.5,289,16,7.0,14.5,2.5,289,16,50,28.32,-0.6,0,0,0,41.2,46.0,49.1,0.24,0.25,0.29
HARP,2019-11-08 15:40:00 EST,42.47280,-74.69849,1706,22.4,22.1,13.9,79.9,17.1,0.000,0.000,0.00,0.000,6.9,14.9,2.4,292,23,7.0,13.5,2.2,293,23,7.0,13.5,2.2,293,23,43,28.32,-0.6,0,0,0,41.1,46.0,49.1,0.24,0.25,0.29
HARP,2019-11-08 15:45:00 EST,42.47280,-74.69849,1706,22.3,22.1,14.4,81.8,17.6,0.000,0.000,0.00,0.000,5.7,11.1,2.7,287,27,6.3,13.9,2.8,287,29,6.3,13.9,2.8,287,29,32,28.33,-0.7,0,0,0,41.1,46.0,49.1,0.24,0.25,0.29
HARP,2019-11-08 15:50:00 EST,42.47280,-74.69849,1706,22.1,22.0,13.8,81.7,17.4,0.000,0.000,0.00,0.000,6.5,11.0,1.9,289,28,6.8,12.1,2.2,289,26,6.8,12.1,2.2,289,26,42,28.33,-0.6,0,0,0,41.0,46.0,49.1,0.24,0.25,0.29
HARP,2019-11-08 15:55:00 EST,42.47280,-74.69849,1706,22.2,22.0,12.9,82.1,17.5,0.000,0.000,0.00,0.000,7.3,15.1,2.5,283,19,7.9,16.2,2.7,283,18,7.9,16.2,2.7,283,18,47,28.33,-0.7,0,0,0,41.1,46.0,49.1,0.24,0.25,0.29
HARP,2019-11-08 16:00:00 EST,42.47280,-74.69849,1706,22.1,22.0,12.4,80.4,17.0,0.000,0.000,0.00,0.000,8.3,12.6,2.3,297,18,8.6,16.3,2.5,299,17,8.6,16.3,2.5,299,17,46,28.33,-0.6,0,0,0,41.1,46.0,49.1,0.24,0.25,0.29
HARP,2019-11-08 16:05:00 EST,42.47280,-74.69849,1706,22.1,22.0,15.9,78.7,16.5,0.000,0.000,0.00,0.000,4.5,10.1,1.6,294,22,4.6,10.1,1.7,297,24,4.6,10.1,1.7,297,24,43,28.33,-0.7,0,0,0,41.1,46.0,49.1,0.24,0.25,0.29
HARP,2019-11-08 16:10:00 EST,42.47280,-74.69849,1706,22.1,22.0,16.9,78.2,16.4,0.000,0.000,0.00,0.000,3.4,6.3,1.8,285,29,3.9,7.7,1.8,285,30,3.9,7.7,1.8,285,30,27,28.33,-0.7,0,0,0,41.0,46.0,49.0,0.24,0.25,0.29
HARP,2019-11-08 16:15:00 EST,42.47280,-74.69849,1706,22.2,22.0,15.2,78.4,16.5,0.000,0.000,0.00,0.000,5.0,9.5,1.6,296,18,5.3,10.8,1.7,295,17,5.3,10.8,1.7,295,17,27,28.34,-0.6,0,0,0,41.1,46.0,49.1,0.24,0.24,0.29
HARP,2019-11-08 16:20:00 EST,42.47280,-74.69849,1706,22.2,22.1,15.5,79.0,16.7,0.000,0.000,0.00,0.000,4.7,11.5,2.9,282,21,5.1,13.4,3.0,281,21,5.1,13.4,3.0,281,21,29,28.34,-0.7,0,0,0,41.0,46.0,49.1,0.24,0.25,0.29
HARP,2019-11-08 16:25:00 EST,42.47280,-74.69849,1706,22.2,22.1,13.1,77.7,16.3,0.000,0.000,0.00,0.000,7.1,12.0,1.8,272,20,7.8,14.3,2.2,271,19,7.8,14.3,2.2,271,19,34,28.34,-0.6,0,0,0,41.0,46.0,49.1,0.24,0.25,0.29
HARP,2019-11-08 16:30:00 EST,42.47280,-74.69849,1706,22.1,22.0,12.3,77.3,16.0,0.000,0.000,0.00,0.000,8.0,15.3,2.3,283,20,8.6,13.8,2.3,284,17,8.6,13.8,2.3,284,17,23,28.34,-0.7,0,0,0,41.0,46.0,49.0,0.24,0.25,0.29
HARP,2019-11-08 16:35:00 EST,42.47280,-74.69849,1706,21.8,21.8,14.6,77.6,15.9,0.000,0.000,0.00,0.000,5.0,9.4,1.8,277,24,5.5,10.8,2.1,278,22,5.5,10.8,2.1,278,22,13,28.34,-0.7,0,0,0,41.0,46.0,49.1,0.24,0.25,0.29
HARP,2019-11-08 16:40:00 EST,42.47280,-74.69849,1706,21.6,21.6,14.2,77.9,15.7,0.000,0.000,0.00,0.000,5.1,10.8,1.9,283,23,5.6,11.0,2.1,283,22,5.6,11.0,2.1,283,22,9,28.34,-0.7,0,0,0,41.0,46.0,49.0,0.24,0.25,0.29
HARP,2019-11-08 16:45:00 EST,42.47280,-74.69849,1706,21.3,21.4,14.9,78.1,15.6,0.000,0.000,0.00,0.000,4.5,11.7,1.9,285,24,4.7,10.9,1.9,287,24,4.7,10.9,1.9,287,24,6,28.34,-0.7,0,0,0,41.0,46.0,49.0,0.24,0.24,0.29
HARP,2019-11-08 16:50:00 EST,42.47280,-74.69849,1706,21.3,21.3,13.9,78.2,15.5,0.000,0.000,0.00,0.000,4.9,11.0,2.2,273,28,5.6,13.3,2.5,276,26,5.6,13.3,2.5,276,26,4,28.34,-0.7,0,0,0,41.0,46.0,49.0,0.24,0.25,0.29
HARP,2019-11-08 16:55:00 EST,42.47280,-74.69849,1706,21.2,21.2,13.3,77.4,15.3,0.000,0.000,0.00,0.000,5.6,10.1,1.6,252,22,6.2,11.6,1.9,254,21,6.2,11.6,1.9,254,21,2,28.35,-0.7,0,0,0,41.0,46.0,48.9,0.24,0.24,0.29
HARP,2019-11-08 17:00:00 EST,42.47280,-74.69849,1706,21.2,21.2,21.2,78.3,15.5,0.000,0.000,0.00,0.000,2.1,6.7,1.2,245,28,2.6,7.9,1.4,247,28,2.6,7.9,1.4,247,28,1,28.35,-0.6,0,0,0,41.0,46.0,48.7,0.24,0.24,0.29
HARP,2019-11-08 17:05:00 EST,42.47280,-74.69849,1706,21.2,21.2,16.2,78.0,15.4,0.000,0.000,0.00,0.000,3.2,7.2,1.4,268,20,3.6,8.6,1.6,271,19,3.6,8.6,1.6,271,19,0,28.35,-0.7,0,0,0,41.0,46.0,48.8,0.24,0.25,0.29
HARP,2019-11-08 17:10:00 EST,42.47280,-74.69849,1706,21.3,21.2,14.6,77.6,15.4,0.000,0.000,0.00,0.000,4.5,7.3,1.5,271,21,4.9,8.9,1.7,273,21,4.9,8.9,1.7,273,21,0,28.35,-0.7,0,0,0,41.0,46.0,48.7,0.24,0.25,0.29
HARP,2019-11-08 17:15:00 EST,42.47280,-74.69849,1706,21.3,21.3,15.9,78.1,15.6,0.000,0.000,0.00,0.000,3.6,6.6,1.4,279,24,3.9,7.6,1.5,280,22,3.9,7.6,1.5,280,22,0,28.36,-0.7,0,0,0,41.0,46.0,48.7,0.24,0.25,0.29
HARP,2019-11-08 17:20:00 EST,42.47280,-74.69849,1706,21.4,21.3,15.5,79.1,15.9,0.000,0.000,0.00,0.000,3.7,7.9,2.1,260,25,4.2,9.3,2.4,262,25,4.2,9.3,2.4,262,25,0,28.36,-0.7,0,0,0,41.0,45.9,48.7,0.24,0.24,0.29
HARP,2019-11-08 17:25:00 EST,42.47280,-74.69849,1706,21.3,21.3,16.0,79.7,16.0,0.000,0.000,0.00,0.000,3.5,6.9,1.2,292,34,3.8,7.7,1.4,293,34,3.8,7.7,1.4,293,34,0,28.36,-0.7,0,0,0,41.0,46.0,48.7,0.24,0.24,0.29
HARP,2019-11-08 17:30:00 EST,42.47280,-74.69849,1706,21.2,21.2,17.1,80.5,16.2,0.000,0.000,0.00,0.000,2.7,6.1,1.6,288,28,3.0,8.4,1.7,283,31,3.0,8.4,1.7,283,31,0,28.36,-0.7,0,0,0,41.0,45.9,48.7,0.24,0.24,0.29
HARP,2019-11-08 17:35:00 EST,42.47280,-74.69849,1706,21.2,21.2,21.2,80.3,16.1,0.000,0.000,0.00,0.000,2.1,4.2,1.1,235,23,2.4,4.7,1.2,234,24,2.4,4.7,1.2,234,24,0,28.37,-0.6,0,0,0,41.0,46.0,48.7,0.24,0.24,0.29
HARP,2019-11-08 17:40:00 EST,42.47280,-74.69849,1706,21.3,21.1,21.3,80.7,16.3,0.000,0.000,0.00,0.000,1.9,4.1,1.0,277,30,2.3,4.4,1.0,279,31,2.3,4.4,1.0,279,31,0,28.37,-0.7,0,0,0,41.0,45.9,48.7,0.24,0.24,0.29
HARP,2019-11-08 17:45:00 EST,42.47280,-74.69849,1706,21.2,21.1,16.4,80.2,16.0,0.000,0.000,0.00,0.000,2.9,5.7,1.4,263,26,3.4,6.3,1.4,262,24,3.4,6.3,1.4,262,24,0,28.37,-0.6,0,0,0,41.0,45.9,48.7,0.24,0.24,0.29
HARP,2019-11-08 17:50:00 EST,42.47280,-74.69849,1706,21.2,21.1,15.0,79.7,15.9,0.000,0.000,0.00,0.000,3.9,8.1,2.0,264,22,4.4,9.7,2.3,265,21,4.4,9.7,2.3,265,21,0,28.37,-0.7,0,0,0,41.0,45.9,48.7,0.24,0.24,0.29
HARP,2019-11-08 17:55:00 EST,42.47280,-74.69849,1706,21.1,21.0,15.8,80.6,16.1,0.000,0.000,0.00,0.000,3.6,6.6,1.3,289,15,3.8,6.3,1.2,289,16,3.8,6.3,1.2,289,16,0,28.37,-0.7,0,0,0,40.9,45.9,48.7,0.24,0.24,0.29
HARP,2019-11-08 18:00:00 EST,42.47280,-74.69849,1706,20.9,20.9,16.7,80.3,15.8,0.000,0.000,0.00,0.000,2.8,5.2,1.0,277,29,3.1,6.5,1.2,275,28,3.1,6.5,1.2,275,28,0,28.37,-0.7,0,0,0,40.8,45.9,48.7,0.24,0.24,0.29
HARP,2019-11-08 18:05:00 EST,42.47280,-74.69849,1706,20.7,20.7,14.7,80.6,15.6,0.000,0.000,0.00,0.000,3.8,6.8,1.2,284,21,4.2,7.8,1.4,285,21,4.2,7.8,1.4,285,21,0,28.37,-0.7,0,0,0,40.8,45.9,48.7,0.24,0.24,0.29
HARP,2019-11-08 18:10:00 EST,42.47280,-74.69849,1706,20.5,20.5,12.8,79.9,15.3,0.000,0.000,0.00,0.000,5.3,8.0,1.0,281,16,5.7,8.3,1.2,283,17,5.7,8.3,1.2,283,17,0,28.37,-0.6,0,0,0,40.8,45.9,48.7,0.24,0.24,0.29
HARP,2019-11-08 18:15:00 EST,42.47280,-74.69849,1706,20.3,20.3,13.6,80.3,15.2,0.000,0.000,0.00,0.000,4.4,8.8,1.3,275,19,4.8,9.8,1.6,275,19,4.8,9.8,1.6,275,19,0,28.38,-0.6,0,0,0,40.8,45.9,48.7,0.24,0.24,0.29
HARP,2019-11-08 18:20:00 EST,42.47280,-74.69849,1706,20.1,20.2,12.6,81.3,15.3,0.000,0.000,0.00,0.000,5.0,7.5,1.1,279,17,5.5,8.5,1.3,279,16,5.5,8.5,1.3,279,16,0,28.38,-0.6,0,0,0,40.8,45.9,48.7,0.24,0.24,0.29
HARP,2019-11-08 18:25:00 EST,42.47280,-74.69849,1706,19.9,20.0,13.2,81.7,15.2,0.000,0.000,0.00,0.000,4.3,8.8,1.3,272,15,4.7,10.3,1.6,273,14,4.7,10.3,1.6,273,14,0,28.38,-0.7,0,0,0,40.8,45.9,48.7,0.24,0.24,0.29
HARP,2019-11-08 18:30:00 EST,42.47280,-74.69849,1706,19.7,19.8,13.6,81.6,15.0,0.000,0.000,0.00,0.000,3.8,7.8,1.5,262,18,4.3,10.2,1.8,261,17,4.3,10.2,1.8,261,17,0,28.38,-0.7,0,0,0,40.8,45.9,48.7,0.24,0.24,0.29
HARP,2019-11-08 18:35:00 EST,42.47280,-74.69849,1706,19.5,19.6,12.9,82.9,15.1,0.000,0.000,0.00,0.000,4.3,8.9,1.5,284,21,4.6,11.3,1.7,285,19,4.6,11.3,1.7,285,19,0,28.39,-0.8,0,0,0,40.8,45.9,48.7,0.24,0.24,0.29
HARP,2019-11-08 18:40:00 EST,42.47280,-74.69849,1706,19.4,19.5,13.3,82.9,15.1,0.000,0.000,0.00,0.000,3.8,7.2,1.0,275,18,4.2,8.5,1.2,275,15,4.2,8.5,1.2,275,15,0,28.39,-0.8,0,0,0,40.8,45.9,48.7,0.24,0.24,0.29
HARP,2019-11-08 18:45:00 EST,42.47280,-74.69849,1706,19.3,19.4,14.3,83.2,15.0,0.000,0.000,0.00,0.000,3.0,5.8,1.0,272,17,3.4,7.4,1.1,273,18,3.4,7.4,1.1,273,18,0,28.39,-0.9,0,0,0,40.8,45.9,48.7,0.24,0.24,0.29
HARP,2019-11-08 18:50:00 EST,42.47280,-74.69849,1706,19.3,19.3,13.6,83.3,15.0,0.000,0.000,0.00,0.000,3.4,5.9,1.0,271,22,3.8,7.2,1.2,275,19,3.8,7.2,1.2,275,19,0,28.39,-0.9,0,0,0,40.8,45.9,48.7,0.24,0.24,0.29
HARP,2019-11-08 18:55:00 EST,42.47280,-74.69849,1706,19.1,19.2,19.1,83.5,14.9,0.000,0.000,0.00,0.000,2.6,4.7,1.1,278,22,2.9,5.9,1.2,282,22,2.9,5.9,1.2,282,22,0,28.39,-0.9,0,0,0,40.7,45.9,48.7,0.24,0.24,0.29
HARP,2019-11-08 19:00:00 EST,42.47280,-74.69849,1706,19.0,19.2,19.0,83.9,14.9,0.000,0.000,0.00,0.000,1.2,3.4,0.8,283,43,1.8,4.4,1.1,288,44,1.8,4.4,1.1,288,44,0,28.39,-0.9,0,0,0,40.6,45.9,48.7,0.24,0.24,0.29
HARP,2019-11-08 19:05:00 EST,42.47280,-74.69849,1706,18.9,19.1,18.9,84.2,14.9,0.000,0.000,0.00,0.000,1.2,3.8,0.9,246,51,1.6,3.3,0.9,256,49,1.6,3.3,0.9,256,49,0,28.39,-0.9,0,0,0,40.6,45.9,48.7,0.24,0.24,0.29
HARP,2019-11-08 19:10:00 EST,42.47280,-74.69849,1706,18.8,19.1,18.8,84.7,14.9,0.000,0.000,0.00,0.000,2.3,5.8,1.8,251,35,2.9,5.7,1.6,257,41,2.9,5.7,1.6,257,41,0,28.39,-0.9,0,0,0,40.6,45.9,48.7,0.24,0.24,0.29
HARP,2019-11-08 19:15:00 EST,42.47280,-74.69849,1706,19.0,19.1,14.1,84.5,15.1,0.000,0.000,0.00,0.000,2.8,5.6,0.9,253,29,3.3,7.1,1.1,256,29,3.3,7.1,1.1,256,29,0,28.39,-0.9,0,0,0,40.6,45.9,48.7,0.24,0.24,0.29
HARP,2019-11-08 19:20:00 EST,42.47280,-74.69849,1706,18.8,19.0,18.8,84.5,14.9,0.000,0.000,0.00,0.000,1.9,4.2,1.0,255,27,2.3,5.0,1.0,258,26,2.3,5.0,1.0,258,26,0,28.40,-0.9,0,0,0,40.6,45.9,48.7,0.24,0.24,0.29
HARP,2019-11-08 19:25:00 EST,42.47280,-74.69849,1706,18.7,18.9,18.7,85.1,15.0,0.000,0.000,0.00,0.000,2.3,4.2,0.8,237,27,2.7,4.5,0.8,241,28,2.7,4.5,0.8,241,28,0,28.40,-0.9,0,0,0,40.6,45.9,48.7,0.24,0.24,0.29
HARP,2019-11-08 19:30:00 EST,42.47280,-74.69849,1706,18.7,18.9,13.7,85.5,15.1,0.000,0.000,0.00,0.000,2.9,6.1,1.3,273,22,3.4,8.3,1.4,276,19,3.4,8.3,1.4,276,19,0,28.40,-0.9,0,0,0,40.6,45.9,48.7,0.24,0.24,0.29
HARP,2019-11-08 19:35:00 EST,42.47280,-74.69849,1706,18.7,18.8,18.7,85.6,15.1,0.000,0.000,0.00,0.000,2.5,4.7,0.8,245,29,2.8,5.4,0.8,246,28,2.8,5.4,0.8,246,28,0,28.40,-0.9,0,0,0,40.6,45.9,48.7,0.24,0.24,0.29
HARP,2019-11-08 19:40:00 EST,42.47280,-74.69849,1706,18.5,18.7,18.5,86.0,15.0,0.000,0.000,0.00,0.000,2.0,3.7,0.7,290,31,2.4,4.0,0.8,293,29,2.4,4.0,0.8,293,29,0,28.40,-1.0,0,0,0,40.6,45.9,48.7,0.24,0.24,0.29
HARP,2019-11-08 19:45:00 EST,42.47280,-74.69849,1706,18.2,18.6,18.2,86.9,15.0,0.000,0.000,0.00,0.000,1.4,3.7,1.1,311,25,1.6,4.7,1.2,310,29,1.6,4.7,1.2,310,29,0,28.40,-1.0,0,0,0,40.6,45.9,48.7,0.24,0.24,0.29
HARP,2019-11-08 19:50:00 EST,42.47280,-74.69849,1706,18.4,18.7,18.4,87.8,15.3,0.000,0.000,0.00,0.000,1.8,3.6,0.7,282,36,2.3,5.1,0.9,286,36,2.3,5.1,0.9,286,36,0,28.40,-1.0,0,0,0,40.6,45.9,48.7,0.24,0.24,0.29
HARP,2019-11-08 19:55:00 EST,42.47280,-74.69849,1706,18.3,18.7,13.7,87.8,15.3,0.000,0.000,0.00,0.000,2.8,7.7,1.6,296,20,3.0,7.4,1.6,298,19,3.0,7.4,1.6,298,19,0,28.39,-0.9,0,0,0,40.6,45.9,48.7,0.24,0.24,0.29
HARP,2019-11-08 20:00:00 EST,42.47280,-74.69849,1706,18.5,18.7,18.5,87.6,15.4,0.000,0.000,0.00,0.000,1.1,3.3,0.9,274,24,1.5,4.0,0.9,278,30,1.5,4.0,0.9,278,30,0,28.39,-1.0,0,0,0,40.6,45.9,48.7,0.24,0.24,0.29
HARP,2019-11-08 20:05:00 EST,42.47280,-74.69849,1706,18.2,18.5,18.2,87.4,15.1,0.000,0.000,0.00,0.000,0.4,1.4,0.4,274,38,0.9,2.1,0.6,247,44,0.9,2.1,0.6,247,44,0,28.39,-0.9,0,0,0,40.5,45.9,48.7,0.24,0.24,0.29
HARP,2019-11-08 20:10:00 EST,42.47280,-74.69849,1706,17.9,18.4,17.9,88.4,15.0,0.000,0.000,0.00,0.000,0.6,2.0,0.5,71,47,0.9,3.1,0.7,72,57,0.9,3.1,0.7,72,57,0,28.39,-1.0,0,0,0,40.5,45.9,48.7,0.24,0.24,0.29
HARP,2019-11-08 20:15:00 EST,42.47280,-74.69849,1706,17.8,18.3,17.8,88.8,15.1,0.000,0.000,0.00,0.000,0.6,2.7,0.7,96,39,1.1,3.3,0.8,101,49,1.1,3.3,0.8,101,49,0,28.39,-1.1,0,0,0,40.5,45.9,48.7,0.24,0.24,0.29
HARP,2019-11-08 20:20:00 EST,42.47280,-74.69849,1706,17.3,18.1,17.3,89.2,14.7,0.000,0.000,0.00,0.000,1.4,2.4,0.8,76,37,1.7,2.9,0.9,75,37,1.7,2.9,0.9,75,37,0,28.40,-1.0,0,0,0,40.5,45.9,48.7,0.24,0.24,0.29
HARP,2019-11-08 20:25:00 EST,42.47280,-74.69849,1706,16.9,17.8,16.9,90.3,14.6,0.000,0.000,0.00,0.000,1.6,2.5,0.4,92,9,1.9,2.8,0.4,92,9,1.9,2.8,0.4,92,9,0,28.40,-1.0,0,0,0,40.5,45.9,48.7,0.24,0.24,0.29
HARP,2019-11-08 20:30:00 EST,42.47280,-74.69849,1706,16.8,17.7,16.8,91.0,14.6,0.000,0.000,0.00,0.000,1.1,1.9,0.5,134,32,1.4,2.3,0.5,132,32,1.4,2.3,0.5,132,32,0,28.40,-1.0,0,0,0,40.5,45.9,48.7,0.24,0.24,0.29
HARP,2019-11-08 20:35:00 EST,42.47280,-74.69849,1706,16.6,17.6,16.6,91.4,14.6,0.000,0.000,0.00,0.000,0.6,1.2,0.3,122,31,1.0,1.4,0.3,112,31,1.0,1.4,0.3,112,31,0,28.40,-1.0,0,0,0,40.5,45.9,48.7,0.24,0.24,0.29
HARP,2019-11-08 20:40:00 EST,42.47280,-74.69849,1706,16.6,17.7,16.6,91.9,14.7,0.000,0.000,0.00,0.000,0.3,1.2,0.3,163,17,0.7,1.7,0.5,133,38,0.7,1.7,0.5,133,38,0,28.40,-1.0,0,0,0,40.5,45.9,48.7,0.24,0.24,0.29
HARP,2019-11-08 20:45:00 EST,42.47280,-74.69849,1706,16.8,17.6,16.8,92.2,14.9,0.000,0.000,0.00,0.000,0.3,1.0,0.3,71,9,0.7,1.4,0.4,64,14,0.7,1.4,0.4,64,14,0,28.40,-1.0,0,0,0,40.5,45.9,48.7,0.24,0.24,0.29
HARP,2019-11-08 20:50:00 EST,42.47280,-74.69849,1706,16.6,17.5,16.6,92.2,14.7,0.000,0.000,0.00,0.000,0.0,0.0,0.0,0,0,0.2,0.9,0.3,124,10,0.2,0.9,0.3,124,10,0,28.41,-1.0,0,0,0,40.5,45.9,48.7,0.24,0.24,0.29
HARP,2019-11-08 20:55:00 EST,42.47280,-74.69849,1706,16.5,17.5,16.5,92.3,14.6,0.000,0.000,0.00,0.000,0.2,1.0,0.3,208,33,0.5,1.4,0.5,191,34,0.5,1.4,0.5,191,34,0,28.41,-1.0,0,0,0,40.3,45.9,48.7,0.24,0.24,0.29
HARP,2019-11-08 21:00:00 EST,42.47280,-74.69849,1706,16.5,17.7,16.5,92.3,14.7,0.000,0.000,0.00,0.000,0.3,1.4,0.5,175,5,0.5,1.6,0.6,180,16,0.5,1.6,0.6,180,16,0,28.41,-1.0,0,0,0,40.3,45.9,48.7,0.24,0.24,0.28
HARP,2019-11-08 21:05:00 EST,42.47280,-74.69849,1706,16.3,17.5,16.3,92.3,14.5,0.000,0.000,0.00,0.000,0.6,1.6,0.6,226,54,0.7,2.2,0.7,266,48,0.7,2.2,0.7,266,48,0,28.41,-0.9,0,0,0,40.3,45.9,48.7,0.24,0.24,0.28
HARP,2019-11-08 21:10:00 EST,42.47280,-74.69849,1706,16.8,17.7,16.8,92.8,15.0,0.000,0.000,0.00,0.000,0.7,1.5,0.4,197,12,1.0,1.8,0.5,200,20,1.0,1.8,0.5,200,20,0,28.41,-0.9,0,0,0,40.3,45.9,48.7,0.24,0.24,0.28
HARP,2019-11-08 21:15:00 EST,42.47280,-74.69849,1706,17.0,17.6,17.0,93.1,15.4,0.000,0.000,0.00,0.000,0.8,2.0,0.4,299,44,1.2,2.6,0.4,297,43,1.2,2.6,0.4,297,43,0,28.41,-0.8,0,0,0,40.3,45.9,48.7,0.24,0.24,0.28
HARP,2019-11-08 21:20:00 EST,42.47280,-74.69849,1706,17.4,17.7,17.4,93.4,15.9,0.000,0.000,0.00,0.000,0.6,1.8,0.6,299,25,0.9,2.3,0.7,302,27,0.9,2.3,0.7,302,27,0,28.41,-0.8,0,0,0,40.3,45.9,48.7,0.24,0.24,0.28
HARP,2019-11-08 21:25:00 EST,42.47280,-74.69849,1706,18.2,18.2,18.2,93.5,16.7,0.000,0.000,0.00,0.000,1.8,3.4,0.6,221,14,1.8,3.6,0.5,221,15,1.8,3.6,0.5,221,15,0,28.41,-0.9,0,0,0,40.3,45.8,48.7,0.24,0.24,0.28
HARP,2019-11-08 21:30:00 EST,42.47280,-74.69849,1706,18.5,18.4,18.5,91.9,16.5,0.000,0.000,0.00,0.000,1.5,2.2,0.3,235,14,1.7,2.6,0.3,236,15,1.7,2.6,0.3,236,15,0,28.41,-0.9,0,0,0,40.3,45.8,48.7,0.24,0.24,0.28
HARP,2019-11-08 21:35:00 EST,42.47280,-74.69849,1706,18.6,18.5,18.6,91.5,16.5,0.000,0.000,0.00,0.000,2.3,3.9,0.8,214,13,2.4,4.4,0.8,215,13,2.4,4.4,0.8,215,13,0,28.41,-0.9,0,0,0,40.3,45.8,48.7,0.24,0.24,0.28
HARP,2019-11-08 21:40:00 EST,42.47280,-74.69849,1706,18.8,18.7,18.8,90.8,16.6,0.000,0.000,0.00,0.000,2.7,4.2,0.9,221,9,2.7,4.6,0.9,223,7,2.7,4.6,0.9,223,7,0,28.41,-0.9,0,0,0,40.3,45.8,48.7,0.24,0.24,0.28
HARP,2019-11-08 21:45:00 EST,42.47280,-74.69849,1706,19.0,18.8,19.0,90.7,16.7,0.000,0.000,0.00,0.000,2.7,3.7,0.5,226,13,2.7,4.2,0.6,228,12,2.7,4.2,0.6,228,12,0,28.41,-0.9,0,0,0,40.3,45.7,48.7,0.24,0.24,0.28
HARP,2019-11-08 21:50:00 EST,42.47280,-74.69849,1706,19.1,18.9,19.1,90.3,16.7,0.000,0.000,0.00,0.000,2.5,3.9,0.6,213,12,2.5,4.2,0.7,214,12,2.5,4.2,0.7,214,12,0,28.42,-0.9,0,0,0,40.2,45.7,48.7,0.24,0.24,0.28
HARP,2019-11-08 21:55:00 EST,42.47280,-74.69849,1706,19.1,18.9,19.1,89.8,16.6,0.000,0.000,0.00,0.000,2.9,4.5,0.7,211,19,2.9,4.9,0.9,212,18,2.9,4.9,0.9,212,18,0,28.42,-0.9,0,0,0,40.1,45.7,48.7,0.24,0.24,0.28
HARP,2019-11-08 22:00:00 EST,42.47280,-74.69849,1706,19.1,19.0,19.1,89.6,16.6,0.000,0.000,0.00,0.000,2.6,3.9,0.7,241,18,2.8,4.5,0.7,240,18,2.8,4.5,0.7,240,18,0,28.42,-0.9,0,0,0,40.1,45.7,48.7,0.24,0.24,0.28
HARP,2019-11-08 22:05:00 EST,42.47280,-74.69849,1706,19.1,18.9,19.1,89.4,16.5,0.000,0.000,0.00,0.000,2.7,5.0,1.1,236,20,2.9,5.4,1.1,237,21,2.9,5.4,1.1,237,21,0,28.42,-0.9,0,0,0,40.1,45.7,48.7,0.24,0.24,0.28
HARP,2019-11-08 22:10:00 EST,42.47280,-74.69849,1706,19.1,19.0,14.5,89.3,16.5,0.000,0.000,0.00,0.000,2.8,4.6,0.9,249,20,3.1,5.5,1.0,252,20,3.1,5.5,1.0,252,20,0,28.42,-0.8,0,0,0,40.1,45.7,48.7,0.24,0.24,0.28
HARP,2019-11-08 22:15:00 EST,42.47280,-74.69849,1706,19.1,18.9,19.1,89.0,16.4,0.000,0.000,0.00,0.000,2.5,4.5,1.0,268,13,2.8,4.9,1.0,268,14,2.8,4.9,1.0,268,14,0,28.42,-0.9,0,0,0,40.1,45.7,48.6,0.24,0.24,0.28
HARP,2019-11-08 22:20:00 EST,42.47280,-74.69849,1706,19.2,19.0,19.2,89.4,16.6,0.000,0.000,0.00,0.000,1.2,2.5,0.7,269,29,1.5,2.9,0.6,271,28,1.5,2.9,0.6,271,28,0,28.42,-0.8,0,0,0,40.1,45.7,48.6,0.24,0.24,0.28
HARP,2019-11-08 22:25:00 EST,42.47280,-74.69849,1706,19.0,18.9,19.0,88.7,16.2,0.000,0.000,0.00,0.000,1.2,2.8,0.9,237,24,1.5,3.2,0.8,248,33,1.5,3.2,0.8,248,33,0,28.42,-0.9,0,0,0,40.1,45.7,48.6,0.24,0.24,0.28
HARP,2019-11-08 22:30:00 EST,42.47280,-74.69849,1706,19.0,18.9,19.0,89.3,16.4,0.000,0.000,0.00,0.000,1.4,3.0,0.8,257,21,1.8,3.5,0.8,262,23,1.8,3.5,0.8,262,23,0,28.42,-0.9,0,0,0,40.1,45.7,48.6,0.24,0.24,0.28
HARP,2019-11-08 22:35:00 EST,42.47280,-74.69849,1706,19.1,18.9,13.9,89.2,16.4,0.000,0.000,0.00,0.000,3.3,5.6,1.1,297,18,3.5,6.3,1.2,297,19,3.5,6.3,1.2,297,19,0,28.42,-0.8,0,0,0,40.1,45.7,48.6,0.24,0.24,0.28
HARP,2019-11-08 22:40:00 EST,42.47280,-74.69849,1706,19.1,18.8,19.1,89.3,16.5,0.000,0.000,0.00,0.000,2.1,3.4,0.6,271,14,2.4,4.5,0.6,272,15,2.4,4.5,0.6,272,15,0,28.42,-0.8,0,0,0,40.1,45.7,48.6,0.24,0.24,0.28
HARP,2019-11-08 22:45:00 EST,42.47280,-74.69849,1706,19.0,18.8,19.0,89.3,16.4,0.000,0.000,0.00,0.000,2.3,3.5,0.5,257,15,2.6,4.3,0.6,259,17,2.6,4.3,0.6,259,17,0,28.42,-0.8,0,0,0,40.1,45.7,48.6,0.24,0.24,0.28
HARP,2019-11-08 22:50:00 EST,42.47280,-74.69849,1706,19.0,18.9,19.0,89.2,16.4,0.000,0.000,0.00,0.000,2.6,5.0,0.9,270,16,2.8,5.5,0.9,269,17,2.8,5.5,0.9,269,17,0,28.42,-0.8,0,0,0,40.0,45.7,48.6,0.24,0.24,0.28
HARP,2019-11-08 22:55:00 EST,42.47280,-74.69849,1706,19.0,18.8,19.0,89.2,16.3,0.000,0.000,0.00,0.000,2.7,4.6,1.2,269,16,3.0,5.3,1.2,268,19,3.0,5.3,1.2,268,19,0,28.42,-0.8,0,0,0,39.9,45.7,48.6,0.24,0.24,0.28
HARP,2019-11-08 23:00:00 EST,42.47280,-74.69849,1706,18.9,18.8,18.9,89.0,16.2,0.000,0.000,0.00,0.000,2.6,4.4,0.8,250,17,2.9,5.6,0.9,252,19,2.9,5.6,0.9,252,19,0,28.42,-0.8,0,0,0,39.9,45.7,48.6,0.24,0.24,0.28
HARP,2019-11-08 23:05:00 EST,42.47280,-74.69849,1706,18.8,18.7,13.0,89.2,16.1,0.000,0.000,0.00,0.000,3.7,6.6,1.5,236,17,3.9,6.9,1.4,238,17,3.9,6.9,1.4,238,17,0,28.42,-0.8,0,0,0,39.9,45.7,48.6,0.24,0.24,0.28
HARP,2019-11-08 23:10:00 EST,42.47280,-74.69849,1706,18.7,18.6,12.6,89.3,16.1,0.000,0.000,0.00,0.000,3.9,6.3,1.0,233,14,4.1,6.1,1.0,233,14,4.1,6.1,1.0,233,14,0,28.42,-0.8,0,0,0,39.9,45.7,48.6,0.24,0.24,0.28
HARP,2019-11-08 23:15:00 EST,42.47280,-74.69849,1706,18.6,18.5,18.6,89.7,16.1,0.000,0.000,0.00,0.000,2.6,4.6,0.9,244,16,2.9,5.0,0.8,246,17,2.9,5.0,0.8,246,17,0,28.42,-0.8,0,0,0,39.9,45.7,48.6,0.24,0.24,0.28
HARP,2019-11-08 23:20:00 EST,42.47280,-74.69849,1706,18.6,18.5,18.6,90.2,16.2,0.000,0.000,0.00,0.000,1.9,3.1,0.7,257,19,2.2,3.9,0.7,257,18,2.2,3.9,0.7,257,18,0,28.42,-0.8,0,0,0,39.9,45.7,48.6,0.24,0.24,0.28
HARP,2019-11-08 23:25:00 EST,42.47280,-74.69849,1706,18.5,18.5,18.5,89.9,16.1,0.000,0.000,0.00,0.000,2.5,4.3,0.8,257,22,2.7,4.8,0.8,258,23,2.7,4.8,0.8,258,23,0,28.42,-0.8,0,0,0,39.9,45.7,48.6,0.24,0.24,0.28
HARP,2019-11-08 23:30:00 EST,42.47280,-74.69849,1706,18.6,18.5,18.6,89.7,16.0,0.000,0.000,0.00,0.000,2.3,3.7,0.8,257,15,2.6,4.3,0.8,258,16,2.6,4.3,0.8,258,16,0,28.42,-0.8,0,0,0,39.9,45.7,48.6,0.24,0.24,0.28
HARP,2019-11-08 23:35:00 EST,42.47280,-74.69849,1706,18.6,18.5,13.7,89.5,16.1,0.000,0.000,0.00,0.000,3.0,4.1,0.5,256,16,3.3,4.5,0.6,258,17,3.3,4.5,0.6,258,17,0,28.42,-0.8,0,0,0,39.9,45.7,48.6,0.24,0.24,0.28
HARP,2019-11-08 23:40:00 EST,42.47280,-74.69849,1706,18.6,18.5,14.2,89.0,15.9,0.000,0.000,0.00,0.000,2.6,3.7,0.6,257,15,3.0,4.7,0.6,259,15,3.0,4.7,0.6,259,15,0,28.42,-0.8,0,0,0,39.9,45.7,48.6,0.24,0.24,0.28
HARP,2019-11-08 23:45:00 EST,42.47280,-74.69849,1706,18.8,18.6,12.5,88.7,16.0,0.000,0.000,0.00,0.000,3.8,6.5,1.0,252,15,4.2,6.9,1.1,253,14,4.2,6.9,1.1,253,14,0,28.42,-0.8,0,0,0,39.9,45.7,48.6,0.24,0.24,0.28
HARP,2019-11-08 23:50:00 EST,42.47280,-74.69849,1706,18.8,18.7,13.6,88.0,15.8,0.000,0.000,0.00,0.000,3.1,5.0,0.9,258,15,3.5,6.2,1.1,260,14,3.5,6.2,1.1,260,14,0,28.42,-0.8,0,0,0,39.9,45.7,48.6,0.24,0.24,0.28
HARP,2019-11-08 23:55:00 EST,42.47280,-74.69849,1706,18.9,18.7,18.9,88.1,15.9,0.000,0.000,0.00,0.000,2.4,4.5,0.9,275,17,2.6,5.3,1.1,278,17,2.6,5.3,1.1,278,17,0,28.42,-0.8,0,0,0,39.9,45.7,48.6,0.24,0.25,0.28
HARR,2019-11-08 00:00:00 EST,43.80352,-75.68853,1623,18.5,19.2,18.5,85.7,14.9,0.000,0.121,0.00,0.000,2.7,4.5,0.7,38,16,2.8,5.2,0.8,37,16,2.8,5.2,0.8,37,16,0,28.31,-0.3,0,0,0,40.5,44.1,47.2,0.46,0.51,0.41
HARR,2019-11-08 00:05:00 EST,43.80352,-75.68853,1623,18.5,19.1,18.5,84.9,14.7,0.000,0.000,0.00,0.000,1.8,4.3,0.9,58,18,2.1,4.5,0.8,56,19,2.1,4.5,0.8,56,19,0,28.32,-0.2,0,0,0,40.5,44.1,47.2,0.46,0.51,0.41
HARR,2019-11-08 00:10:00 EST,43.80352,-75.68853,1623,18.2,18.9,18.2,84.5,14.3,0.000,0.000,0.00,0.000,0.3,1.7,0.5,75,5,0.7,2.4,0.7,87,26,0.7,2.4,0.7,87,26,0,28.31,-0.3,0,0,0,40.5,44.1,47.2,0.46,0.51,0.41
HARR,2019-11-08 00:15:00 EST,43.80352,-75.68853,1623,17.9,18.9,17.9,84.8,14.1,0.000,0.000,0.00,0.000,0.3,1.5,0.4,42,7,0.7,1.9,0.6,15,24,0.7,1.9,0.6,15,24,0,28.32,-0.3,0,0,0,40.5,44.1,47.2,0.46,0.51,0.41
HARR,2019-11-08 00:20:00 EST,43.80352,-75.68853,1623,17.7,18.8,17.7,86.4,14.4,0.000,0.000,0.00,0.000,0.4,1.2,0.4,312,2,0.9,1.8,0.5,317,14,0.9,1.8,0.5,317,14,0,28.32,-0.3,0,0,0,40.4,44.0,47.1,0.46,0.51,0.41
HARR,2019-11-08 00:25:00 EST,43.80352,-75.68853,1623,17.4,18.9,17.4,87.2,14.2,0.000,0.000,0.00,0.000,0.7,1.2,0.2,316,5,1.1,2.0,0.3,316,14,1.1,2.0,0.3,316,14,0,28.32,-0.3,0,0,0,40.4,44.1,47.2,0.46,0.50,0.41
HARR,2019-11-08 00:30:00 EST,43.80352,-75.68853,1623,17.1,18.8,17.1,88.8,14.4,0.000,0.000,0.00,0.000,0.4,1.2,0.4,326,3,0.9,1.6,0.3,313,16,0.9,1.6,0.3,313,16,0,28.32,-0.3,0,0,0,40.3,44.1,47.2,0.46,0.51,0.41
HARR,2019-11-08 00:35:00 EST,43.80352,-75.68853,1623,16.9,18.3,16.9,90.0,14.5,0.000,0.000,0.00,0.000,0.9,1.7,0.5,275,19,1.4,2.1,0.4,272,20,1.4,2.1,0.4,272,20,0,28.32,-0.3,0,0,0,40.3,44.0,47.2,0.46,0.51,0.41
HARR,2019-11-08 00:40:00 EST,43.80352,-75.68853,1623,16.9,17.5,16.9,90.8,14.7,0.000,0.000,0.00,0.000,1.7,2.2,0.3,263,1,2.0,2.5,0.3,268,5,2.0,2.5,0.3,268,5,0,28.32,-0.2,0,0,0,40.3,44.1,47.2,0.46,0.51,0.41
HARR,2019-11-08 00:45:00 EST,43.80352,-75.68853,1623,16.9,17.7,16.9,91.3,14.8,0.000,0.000,0.00,0.000,1.1,1.3,0.1,265,4,1.5,1.8,0.1,264,11,1.5,1.8,0.1,264,11,0,28.32,-0.3,0,0,0,40.3,44.0,47.1,0.46,0.51,0.41
HARR,2019-11-08 00:50:00 EST,43.80352,-75.68853,1623,16.9,17.6,16.9,91.6,14.9,0.000,0.000,0.00,0.000,0.8,1.1,0.2,253,0,1.3,1.6,0.2,255,9,1.3,1.6,0.2,255,9,0,28.31,-0.2,0,0,0,40.3,44.0,47.1,0.46,0.51,0.41
HARR,2019-11-08 00:55:00 EST,43.80352,-75.68853,1623,17.3,17.9,17.3,92.5,15.5,0.000,0.000,0.00,0.000,1.1,1.8,0.4,272,12,1.6,2.2,0.3,282,7,1.6,2.2,0.3,282,7,0,28.31,-0.2,0,0,0,40.3,44.0,47.1,0.46,0.50,0.41
HARR,2019-11-08 01:00:00 EST,43.80352,-75.68853,1623,17.5,18.2,17.5,93.0,15.8,0.000,0.000,0.00,0.000,1.6,2.0,0.2,293,7,1.9,2.5,0.2,294,7,1.9,2.5,0.2,294,7,0,28.31,-0.2,0,0,0,40.3,43.9,47.1,0.46,0.51,0.41
HARR,2019-11-08 01:05:00 EST,43.80352,-75.68853,1623,17.5,18.3,17.5,92.8,15.8,0.000,0.000,0.00,0.000,1.6,2.3,0.3,291,8,1.9,2.9,0.4,292,10,1.9,2.9,0.4,292,10,0,28.31,-0.2,0,0,0,40.3,44.0,47.1,0.46,0.51,0.41
HARR,2019-11-08 01:10:00 EST,43.80352,-75.68853,1623,17.6,18.3,17.6,92.9,15.9,0.000,0.000,0.00,0.000,1.6,2.4,0.3,290,10,1.9,2.9,0.3,292,9,1.9,2.9,0.3,292,9,0,28.31,-0.2,0,0,0,40.3,43.9,47.1,0.46,0.51,0.41
HARR,2019-11-08 01:15:00 EST,43.80352,-75.68853,1623,17.5,18.3,17.5,92.9,15.9,0.000,0.000,0.00,0.000,1.8,2.8,0.4,299,9,1.9,3.2,0.4,300,12,1.9,3.2,0.4,300,12,0,28.32,-0.2,0,0,0,40.2,43.9,47.1,0.46,0.51,0.41
HARR,2019-11-08 01:20:00 EST,43.80352,-75.68853,1623,17.6,18.3,17.6,93.2,16.0,0.000,0.000,0.00,0.000,1.1,2.0,0.3,299,8,1.4,2.1,0.3,297,10,1.4,2.1,0.3,297,10,0,28.32,-0.2,0,0,0,40.1,44.0,47.1,0.46,0.51,0.41
HARR,2019-11-08 01:25:00 EST,43.80352,-75.68853,1623,17.9,18.5,17.9,93.3,16.3,0.000,0.000,0.00,0.000,1.3,2.3,0.3,303,10,1.5,2.5,0.3,304,12,1.5,2.5,0.3,304,12,0,28.32,-0.2,0,0,0,40.1,43.9,47.1,0.47,0.51,0.41
HARR,2019-11-08 01:30:00 EST,43.80352,-75.68853,1623,18.0,18.6,18.0,93.2,16.4,0.000,0.000,0.00,0.000,1.6,3.6,0.6,323,13,1.7,4.6,0.6,321,13,1.7,4.6,0.6,321,13,0,28.32,-0.2,0,0,0,40.1,43.9,47.1,0.46,0.51,0.41
HARR,2019-11-08 01:35:00 EST,43.80352,-75.68853,1623,18.2,18.5,18.2,92.3,16.4,0.000,0.000,0.00,0.000,1.4,3.1,0.9,330,19,1.8,4.1,0.9,331,22,1.8,4.1,0.9,331,22,0,28.32,-0.0,0,0,0,40.1,43.9,47.1,0.46,0.51,0.41
HARR,2019-11-08 01:40:00 EST,43.80352,-75.68853,1623,18.4,18.6,18.4,90.7,16.1,0.000,0.000,0.00,0.000,2.1,4.2,1.0,341,14,2.6,5.6,1.2,344,16,2.6,5.6,1.2,344,16,0,28.32,-0.2,0,0,0,40.1,43.9,47.1,0.47,0.51,0.41
HARR,2019-11-08 01:45:00 EST,43.80352,-75.68853,1623,18.4,18.5,18.4,89.4,15.8,0.000,0.000,0.00,0.000,1.9,3.4,0.7,340,20,2.3,4.5,0.8,341,19,2.3,4.5,0.8,341,19,0,28.32,-0.2,0,0,0,40.1,43.9,47.1,0.47,0.51,0.41
HARR,2019-11-08 01:50:00 EST,43.80352,-75.68853,1623,18.3,18.5,18.3,89.1,15.7,0.000,0.000,0.00,0.000,1.6,2.8,0.7,330,24,2.0,3.7,0.6,329,28,2.0,3.7,0.6,329,28,0,28.32,-0.1,0,0,0,40.1,43.9,47.1,0.46,0.51,0.41
HARR,2019-11-08 01:55:00 EST,43.80352,-75.68853,1623,18.4,18.5,18.4,88.8,15.7,0.000,0.000,0.00,0.000,1.6,2.9,0.7,330,21,1.9,3.8,0.8,331,24,1.9,3.8,0.8,331,24,0,28.32,-0.1,0,0,0,40.1,43.9,47.1,0.46,0.51,0.41
HARR,2019-11-08 02:00:00 EST,43.80352,-75.68853,1623,18.3,18.5,18.3,88.6,15.5,0.000,0.000,0.00,0.000,1.4,2.7,0.7,343,12,1.7,3.6,0.8,341,18,1.7,3.6,0.8,341,18,0,28.31,-0.2,0,0,0,40.1,43.9,47.1,0.45,0.51,0.41
HARR,2019-11-08 02:05:00 EST,43.80352,-75.68853,1623,18.2,18.5,18.2,88.7,15.5,0.000,0.000,0.00,0.000,1.7,3.3,0.7,349,20,2.1,4.3,0.8,350,22,2.1,4.3,0.8,350,22,0,28.31,-0.1,0,0,0,40.1,43.9,47.1,0.45,0.51,0.41
HARR,2019-11-08 02:10:00 EST,43.80352,-75.68853,1623,18.1,18.4,18.1,88.4,15.2,0.000,0.000,0.00,0.000,2.3,4.3,0.7,347,18,2.9,5.2,0.9,352,15,2.9,5.2,0.9,352,15,0,28.31,-0.2,0,0,0,40.1,43.9,47.1,0.45,0.51,0.41
HARR,2019-11-08 02:15:00 EST,43.80352,-75.68853,1623,17.9,18.2,17.9,88.3,15.0,0.000,0.000,0.00,0.000,1.9,3.7,0.6,337,17,2.3,4.0,0.7,340,19,2.3,4.0,0.7,340,19,0,28.31,-0.2,0,0,0,40.0,43.9,47.1,0.45,0.51,0.41
HARR,2019-11-08 02:20:00 EST,43.80352,-75.68853,1623,17.8,18.2,17.8,88.3,14.9,0.000,0.000,0.00,0.000,2.4,4.3,0.8,346,17,2.9,5.0,0.9,348,16,2.9,5.0,0.9,348,16,0,28.31,-0.2,0,0,0,39.9,43.9,47.1,0.45,0.51,0.41
HARR,2019-11-08 02:25:00 EST,43.80352,-75.68853,1623,17.8,18.1,13.0,88.1,14.9,0.000,0.000,0.00,0.000,2.7,4.7,0.9,338,18,3.2,5.3,1.1,341,17,3.2,5.3,1.1,341,17,0,28.31,-0.2,0,0,0,39.9,43.9,47.1,0.45,0.51,0.41
HARR,2019-11-08 02:30:00 EST,43.80352,-75.68853,1623,17.8,18.1,11.4,87.8,14.8,0.000,0.000,0.00,0.000,3.4,6.3,1.1,349,17,4.2,7.8,1.2,353,16,4.2,7.8,1.2,353,16,0,28.31,-0.0,0,0,0,39.9,43.9,47.1,0.45,0.51,0.41
HARR,2019-11-08 02:35:00 EST,43.80352,-75.68853,1623,18.2,18.4,10.0,87.1,15.1,0.000,0.000,0.00,0.000,4.8,9.1,1.5,348,22,5.9,10.6,1.9,354,15,5.9,10.6,1.9,354,15,0,28.31,-0.0,0,0,0,39.9,43.9,47.1,0.45,0.51,0.41
HARR,2019-11-08 02:40:00 EST,43.80352,-75.68853,1623,18.5,18.6,13.9,86.4,15.1,0.000,0.000,0.00,0.000,2.6,6.1,1.3,336,25,3.1,8.3,1.4,338,23,3.1,8.3,1.4,338,23,0,28.31,-0.0,0,0,0,39.9,43.9,47.1,0.45,0.51,0.41
HARR,2019-11-08 02:45:00 EST,43.80352,-75.68853,1623,18.6,18.6,13.0,86.3,15.2,0.000,0.000,0.00,0.000,3.1,6.4,1.4,335,22,3.7,7.7,1.6,337,20,3.7,7.7,1.6,337,20,0,28.31,-0.1,0,0,0,39.9,43.9,47.1,0.45,0.51,0.41
HARR,2019-11-08 02:50:00 EST,43.80352,-75.68853,1623,18.6,18.6,13.9,86.4,15.2,0.000,0.000,0.00,0.000,2.9,5.8,1.3,324,22,3.2,6.6,1.4,326,25,3.2,6.6,1.4,326,25,0,28.31,-0.0,0,0,0,39.9,43.9,47.1,0.45,0.51,0.41
HARR,2019-11-08 02:55:00 EST,43.80352,-75.68853,1623,18.6,18.6,18.6,86.9,15.3,0.000,0.000,0.00,0.000,2.2,5.3,1.5,317,21,2.6,5.6,1.4,317,26,2.6,5.6,1.4,317,26,0,28.31,-0.0,0,0,0,39.9,43.9,47.1,0.45,0.51,0.41
HARR,2019-11-08 03:00:00 EST,43.80352,-75.68853,1623,18.6,18.6,18.6,87.2,15.5,0.000,0.000,0.00,0.000,2.1,6.4,1.4,320,22,2.5,6.9,1.2,323,26,2.5,6.9,1.2,323,26,0,28.31,-0.0,0,0,0,39.9,43.9,47.1,0.45,0.51,0.41
HARR,2019-11-08 03:05:00 EST,43.80352,-75.68853,1623,18.6,18.6,13.8,87.6,15.6,0.000,0.000,0.00,0.000,2.9,6.1,1.3,325,22,3.3,5.9,1.1,329,21,3.3,5.9,1.1,329,21,0,28.31,-0.0,0,0,0,39.9,43.9,47.1,0.45,0.51,0.41
HARR,2019-11-08 03:10:00 EST,43.80352,-75.68853,1623,18.6,18.5,18.6,88.0,15.6,0.000,0.000,0.00,0.000,1.7,3.8,1.2,314,27,2.1,4.9,1.2,317,28,2.1,4.9,1.2,317,28,0,28.31,-0.2,0,0,0,39.9,43.9,47.1,0.45,0.51,0.41
HARR,2019-11-08 03:15:00 EST,43.80352,-75.68853,1623,18.5,18.5,18.5,88.4,15.7,0.000,0.000,0.00,0.000,1.7,5.0,1.0,321,21,2.1,6.3,1.0,324,25,2.1,6.3,1.0,324,25,0,28.31,-0.1,0,0,0,39.9,43.9,47.1,0.45,0.51,0.41
HARR,2019-11-08 03:20:00 EST,43.80352,-75.68853,1623,18.3,18.3,13.5,88.7,15.5,0.000,0.000,0.00,0.000,2.9,7.2,1.3,323,21,3.2,7.6,1.4,325,23,3.2,7.6,1.4,325,23,0,28.31,-0.2,0,0,0,39.8,43.9,47.1,0.45,0.51,0.41
HARR,2019-11-08 03:25:00 EST,43.80352,-75.68853,1623,18.1,18.2,13.2,88.9,15.4,0.000,0.000,0.00,0.000,2.6,6.6,1.7,323,23,3.2,7.1,1.6,325,27,3.2,7.1,1.6,325,27,0,28.31,-0.1,0,0,0,39.8,43.9,47.1,0.45,0.51,0.41
HARR,2019-11-08 03:30:00 EST,43.80352,-75.68853,1623,17.9,18.0,13.3,89.0,15.2,0.000,0.000,0.00,0.000,2.8,5.0,0.8,322,23,3.0,5.6,1.0,327,22,3.0,5.6,1.0,327,22,0,28.31,-0.1,0,0,0,39.7,43.9,47.1,0.45,0.51,0.41
HARR,2019-11-08 03:35:00 EST,43.80352,-75.68853,1623,17.8,17.9,17.8,89.2,15.1,0.000,0.000,0.00,0.000,2.0,4.6,1.2,317,17,2.1,5.0,1.1,318,23,2.1,5.0,1.1,318,23,0,28.31,-0.1,0,0,0,39.7,43.9,47.1,0.46,0.51,0.41
HARR,2019-11-08 03:40:00 EST,43.80352,-75.68853,1623,17.6,17.7,17.6,89.6,15.0,0.000,0.000,0.00,0.000,2.0,5.5,1.1,328,18,2.3,5.7,1.1,331,21,2.3,5.7,1.1,331,21,0,28.32,-0.2,0,0,0,39.7,43.9,47.1,0.47,0.51,0.41
HARR,2019-11-08 03:45:00 EST,43.80352,-75.68853,1623,17.5,17.6,17.5,90.1,15.1,0.000,0.000,0.00,0.000,1.5,4.9,1.1,309,21,1.9,6.1,1.2,312,23,1.9,6.1,1.2,312,23,0,28.32,-0.1,0,0,0,39.7,43.9,47.1,0.47,0.51,0.41
HARR,2019-11-08 03:50:00 EST,43.80352,-75.68853,1623,17.6,17.7,17.6,90.6,15.4,0.000,0.000,0.00,0.000,2.3,5.3,1.2,315,29,2.7,6.6,1.2,319,31,2.7,6.6,1.2,319,31,0,28.32,-0.0,0,0,0,39.7,43.9,47.1,0.47,0.51,0.41
HARR,2019-11-08 03:55:00 EST,43.80352,-75.68853,1623,17.8,17.7,17.8,90.0,15.3,0.000,0.000,0.00,0.000,1.6,3.9,0.9,315,30,2.1,5.0,1.0,318,31,2.1,5.0,1.0,318,31,0,28.32,-0.1,0,0,0,39.7,43.9,47.1,0.47,0.51,0.41
HARR,2019-11-08 04:00:00 EST,43.80352,-75.68853,1623,17.8,17.7,12.6,89.0,15.1,0.000,0.000,0.00,0.000,3.0,5.0,0.8,313,28,3.4,7.3,1.0,317,26,3.4,7.3,1.0,317,26,0,28.32,-0.0,0,0,0,39.7,43.9,47.1,0.47,0.51,0.41
HARR,2019-11-08 04:05:00 EST,43.80352,-75.68853,1623,17.7,17.7,9.6,87.8,14.7,0.000,0.000,0.00,0.000,5.1,8.8,1.7,309,22,5.6,10.4,1.9,314,22,5.6,10.4,1.9,314,22,0,28.32,-0.2,0,0,0,39.7,43.9,47.1,0.47,0.51,0.41
HARR,2019-11-08 04:10:00 EST,43.80352,-75.68853,1623,17.6,17.6,17.6,86.5,14.2,0.000,0.000,0.00,0.000,2.6,7.1,1.7,328,22,2.9,7.9,1.8,331,26,2.9,7.9,1.8,331,26,0,28.32,-0.2,0,0,0,39.7,43.9,47.1,0.47,0.51,0.41
HARR,2019-11-08 04:15:00 EST,43.80352,-75.68853,1623,17.3,17.4,11.5,86.9,14.1,0.000,0.000,0.00,0.000,3.4,7.7,1.7,317,21,3.7,8.4,1.8,319,21,3.7,8.4,1.8,319,21,0,28.32,-0.1,0,0,0,39.7,43.9,47.1,0.47,0.51,0.41
HARR,2019-11-08 04:20:00 EST,43.80352,-75.68853,1623,17.1,17.2,11.5,87.1,13.9,0.000,0.000,0.00,0.000,3.3,6.6,1.1,320,19,3.6,7.5,1.4,324,20,3.6,7.5,1.4,324,20,0,28.32,-0.2,0,0,0,39.7,43.9,47.1,0.47,0.51,0.41
HARR,2019-11-08 04:25:00 EST,43.80352,-75.68853,1623,16.8,17.0,10.1,87.5,13.7,0.000,0.000,0.00,0.000,3.9,8.5,1.6,327,23,4.3,9.5,1.8,330,22,4.3,9.5,1.8,330,22,0,28.32,-0.1,0,0,0,39.7,43.9,47.1,0.47,0.51,0.41
HARR,2019-11-08 04:30:00 EST,43.80352,-75.68853,1623,16.5,16.8,16.5,88.1,13.6,0.000,0.000,0.00,0.000,2.7,6.9,1.5,332,23,2.9,6.7,1.4,333,24,2.9,6.7,1.4,333,24,0,28.32,-0.0,0,0,0,39.7,43.8,47.1,0.46,0.51,0.41
HARR,2019-11-08 04:35:00 EST,43.80352,-75.68853,1623,16.4,16.7,10.1,88.7,13.7,0.000,0.000,0.00,0.000,3.3,6.4,1.2,322,25,3.9,8.2,1.3,327,25,3.9,8.2,1.3,327,25,0,28.32,-0.1,0,0,0,39.6,43.8,47.1,0.47,0.51,0.41
HARR,2019-11-08 04:40:00 EST,43.80352,-75.68853,1623,16.5,16.6,10.8,89.4,13.9,0.000,0.000,0.00,0.000,3.4,7.5,1.8,321,21,3.6,7.7,1.8,325,21,3.6,7.7,1.8,325,21,0,28.32,-0.1,0,0,0,39.6,43.8,47.1,0.47,0.51,0.41
HARR,2019-11-08 04:45:00 EST,43.80352,-75.68853,1623,16.6,16.6,10.6,89.8,14.1,0.000,0.000,0.00,0.000,3.4,7.5,1.4,309,22,3.8,8.0,1.7,310,23,3.8,8.0,1.7,310,23,0,28.33,-0.1,0,0,0,39.6,43.8,47.1,0.46,0.51,0.41
HARR,2019-11-08 04:50:00 EST,43.80352,-75.68853,1623,16.7,16.7,11.1,90.1,14.3,0.000,0.000,0.00,0.000,3.2,6.4,1.5,308,24,3.6,6.7,1.5,313,24,3.6,6.7,1.5,313,24,0,28.33,-0.1,0,0,0,39.6,43.7,47.1,0.46,0.51,0.41
HARR,2019-11-08 04:55:00 EST,43.80352,-75.68853,1623,16.8,16.8,10.2,90.3,14.5,0.000,0.000,0.00,0.000,3.8,6.6,1.3,306,23,4.3,8.2,1.5,309,20,4.3,8.2,1.5,309,20,0,28.33,-0.1,0,0,0,39.6,43.7,47.1,0.46,0.51,0.41
HARR,2019-11-08 05:00:00 EST,43.80352,-75.68853,1623,17.0,16.9,10.6,90.5,14.7,0.000,0.000,0.00,0.000,3.7,9.3,1.6,312,30,4.1,9.3,1.7,315,30,4.1,9.3,1.7,315,30,0,28.33,-0.1,0,0,0,39.6,43.7,47.1,0.46,0.51,0.41
HARR,2019-11-08 05:05:00 EST,43.80352,-75.68853,1623,17.2,17.0,11.8,90.6,14.9,0.000,0.000,0.00,0.000,2.9,6.9,1.5,307,31,3.4,8.4,1.6,313,33,3.4,8.4,1.6,313,33,0,28.33,-0.1,0,0,0,39.6,43.7,47.1,0.46,0.51,0.41
HARR,2019-11-08 05:10:00 EST,43.80352,-75.68853,1623,17.2,17.1,7.4,90.7,15.0,0.000,0.000,0.00,0.000,6.6,12.7,2.8,322,22,7.3,14.4,2.9,330,22,7.3,14.4,2.9,330,22,0,28.33,-0.1,0,0,0,39.6,43.7,47.1,0.46,0.51,0.41
HARR,2019-11-08 05:15:00 EST,43.80352,-75.68853,1623,17.3,17.2,8.9,91.0,15.1,0.000,0.000,0.00,0.000,5.2,12.1,2.6,322,30,5.9,13.2,2.8,323,31,5.9,13.2,2.8,323,31,0,28.33,-0.1,0,0,0,39.6,43.7,47.1,0.47,0.51,0.41
HARR,2019-11-08 05:20:00 EST,43.80352,-75.68853,1623,17.3,17.2,8.6,91.3,15.2,0.000,0.000,0.00,0.000,5.3,11.0,2.2,327,29,6.2,13.3,2.2,331,26,6.2,13.3,2.2,331,26,0,28.33,-0.1,0,0,0,39.6,43.7,47.1,0.46,0.51,0.41
HARR,2019-11-08 05:25:00 EST,43.80352,-75.68853,1623,17.3,17.2,9.3,91.5,15.3,0.000,0.000,0.00,0.000,4.5,10.0,2.1,319,28,5.5,11.2,1.9,320,26,5.5,11.2,1.9,320,26,0,28.33,-0.0,0,0,0,39.6,43.7,47.1,0.46,0.51,0.41
HARR,2019-11-08 05:30:00 EST,43.80352,-75.68853,1623,17.3,17.2,10.4,91.7,15.3,0.000,0.000,0.00,0.000,4.1,9.5,2.3,323,23,4.5,10.0,2.3,323,23,4.5,10.0,2.3,323,23,0,28.33,-0.1,0,0,0,39.6,43.7,47.1,0.46,0.51,0.41
HARR,2019-11-08 05:35:00 EST,43.80352,-75.68853,1623,17.3,17.1,8.2,91.8,15.3,0.000,0.000,0.00,0.000,5.7,12.6,2.4,326,22,6.5,16.8,2.6,335,21,6.5,16.8,2.6,335,21,0,28.34,-0.1,0,0,0,39.6,43.7,47.1,0.47,0.51,0.41
HARR,2019-11-08 05:40:00 EST,43.80352,-75.68853,1623,17.3,17.2,8.5,92.0,15.4,0.000,0.000,0.00,0.000,5.5,10.4,1.8,332,25,6.2,12.0,2.1,337,21,6.2,12.0,2.1,337,21,0,28.34,-0.1,0,0,0,39.6,43.7,47.1,0.48,0.51,0.41
HARR,2019-11-08 05:45:00 EST,43.80352,-75.68853,1623,17.5,17.3,8.0,92.4,15.6,0.000,0.000,0.00,0.000,6.2,11.4,2.4,332,22,6.9,12.9,2.5,337,21,6.9,12.9,2.5,337,21,0,28.34,-0.1,0,0,0,39.6,43.7,47.1,0.46,0.51,0.41
HARR,2019-11-08 05:50:00 EST,43.80352,-75.68853,1623,17.5,17.3,7.6,92.7,15.7,0.000,0.000,0.00,0.000,6.8,11.3,2.1,326,19,7.4,12.7,2.2,332,20,7.4,12.7,2.2,332,20,0,28.34,0.1,0,0,0,39.6,43.7,47.1,0.46,0.51,0.41
HARR,2019-11-08 05:55:00 EST,43.80352,-75.68853,1623,17.5,17.4,9.2,93.2,15.9,0.000,0.000,0.00,0.000,5.2,11.7,2.2,334,27,5.8,13.4,2.3,340,23,5.8,13.4,2.3,340,23,0,28.34,0.1,0,0,0,39.5,43.7,47.1,0.46,0.51,0.41
HARR,2019-11-08 06:00:00 EST,43.80352,-75.68853,1623,17.6,17.4,9.3,93.5,16.0,0.000,0.000,0.00,0.000,5.4,12.1,2.3,331,22,5.8,12.4,2.4,336,21,5.8,12.4,2.4,336,21,0,28.34,0.0,0,0,0,39.4,43.7,47.1,0.46,0.51,0.41
HARR,2019-11-08 06:05:00 EST,43.80352,-75.68853,1623,17.7,17.5,11.2,93.7,16.2,0.000,0.000,0.00,0.000,3.5,9.9,2.2,338,22,4.3,10.5,2.4,343,17,4.3,10.5,2.4,343,17,0,28.35,0.1,0,0,0,39.4,43.7,47.1,0.46,0.51,0.41
HARR,2019-11-08 06:10:00 EST,43.80352,-75.68853,1623,17.8,17.6,17.8,93.8,16.3,0.000,0.000,0.00,0.000,2.5,6.1,1.3,329,32,3.0,7.0,1.4,333,33,3.0,7.0,1.4,333,33,0,28.35,0.1,0,0,0,39.4,43.7,47.1,0.46,0.51,0.41
HARR,2019-11-08 06:15:00 EST,43.80352,-75.68853,1623,17.8,17.6,11.0,93.7,16.3,0.000,0.000,0.00,0.000,3.8,11.1,2.4,341,25,4.5,11.7,2.7,346,23,4.5,11.7,2.7,346,23,0,28.35,0.3,0,0,0,39.4,43.7,47.1,0.46,0.51,0.41
HARR,2019-11-08 06:20:00 EST,43.80352,-75.68853,1623,17.8,17.6,10.9,93.7,16.3,0.000,0.000,0.00,0.000,4.0,8.7,1.7,335,28,4.6,10.7,1.9,339,27,4.6,10.7,1.9,339,27,0,28.35,0.1,0,0,0,39.4,43.7,47.1,0.46,0.51,0.41
HARR,2019-11-08 06:25:00 EST,43.80352,-75.68853,1623,17.8,17.6,8.7,93.7,16.3,0.000,0.000,0.00,0.000,5.6,10.4,1.9,335,25,6.7,14.5,2.5,339,21,6.7,14.5,2.5,339,21,0,28.35,0.1,0,0,0,39.4,43.7,47.1,0.46,0.51,0.41
HARR,2019-11-08 06:30:00 EST,43.80352,-75.68853,1623,17.8,17.6,9.6,93.7,16.3,0.000,0.000,0.00,0.000,5.2,10.4,2.6,323,25,5.7,10.6,2.6,331,21,5.7,10.6,2.6,331,21,0,28.35,-0.1,0,0,0,39.4,43.7,47.1,0.46,0.51,0.41
HARR,2019-11-08 06:35:00 EST,43.80352,-75.68853,1623,17.8,17.7,9.4,93.7,16.3,0.003,0.003,0.00,0.003,5.4,10.4,2.3,331,19,6.0,12.3,2.5,334,16,6.0,12.3,2.5,334,16,0,28.35,-0.1,0,0,0,39.4,43.7,47.1,0.46,0.51,0.41
HARR,2019-11-08 06:40:00 EST,43.80352,-75.68853,1623,17.9,17.7,9.6,93.8,16.4,0.000,0.003,0.00,0.003,5.0,8.3,1.6,334,22,5.8,10.4,1.7,338,18,5.8,10.4,1.7,338,18,0,28.36,-0.1,0,0,0,39.4,43.7,47.1,0.46,0.51,0.41
HARR,2019-11-08 06:45:00 EST,43.80352,-75.68853,1623,17.9,17.7,9.7,93.7,16.4,0.000,0.003,0.00,0.003,5.3,13.4,2.2,331,18,5.8,13.8,2.3,337,17,5.8,13.8,2.3,337,17,1,28.36,-0.1,0,0,0,39.4,43.7,47.1,0.46,0.51,0.41
HARR,2019-11-08 06:50:00 EST,43.80352,-75.68853,1623,17.9,17.7,9.4,93.7,16.4,0.000,0.003,0.00,0.003,5.3,11.0,2.4,337,25,6.0,12.4,2.6,342,24,6.0,12.4,2.6,342,24,1,28.36,-0.1,0,0,0,39.4,43.7,47.1,0.46,0.51,0.41
HARR,2019-11-08 06:55:00 EST,43.80352,-75.68853,1623,17.9,17.7,9.8,93.8,16.4,0.000,0.003,0.00,0.003,5.0,11.3,2.1,339,28,5.6,12.5,2.5,345,19,5.6,12.5,2.5,345,19,1,28.37,-0.1,0,0,0,39.4,43.7,47.1,0.46,0.51,0.41
HARR,2019-11-08 07:00:00 EST,43.80352,-75.68853,1623,17.9,17.8,9.9,94.0,16.5,0.000,0.003,0.00,0.003,4.8,12.0,1.9,342,23,5.6,13.3,2.0,346,21,5.6,13.3,2.0,346,21,2,28.37,-0.1,0,0,0,39.4,43.7,47.1,0.46,0.51,0.41
HARR,2019-11-08 07:05:00 EST,43.80352,-75.68853,1623,17.9,17.7,9.2,94.0,16.5,0.000,0.003,0.00,0.003,5.6,10.7,2.2,337,25,6.2,13.5,2.6,338,26,6.2,13.5,2.6,338,26,3,28.37,-0.1,0,0,0,39.4,43.7,47.1,0.46,0.51,0.41
HARR,2019-11-08 07:10:00 EST,43.80352,-75.68853,1623,18.0,17.8,10.6,94.0,16.5,0.000,0.003,0.00,0.003,4.5,9.4,1.7,335,23,5.0,10.7,2.1,340,21,5.0,10.7,2.1,340,21,4,28.37,-0.1,0,0,0,39.3,43.7,47.1,0.46,0.51,0.41
HARR,2019-11-08 07:15:00 EST,43.80352,-75.68853,1623,18.0,17.8,9.6,94.0,16.5,0.000,0.003,0.00,0.003,5.2,11.3,2.2,330,28,6.0,15.3,2.4,334,25,6.0,15.3,2.4,334,25,5,28.37,0.0,0,0,0,39.3,43.7,47.1,0.46,0.51,0.41
HARR,2019-11-08 07:20:00 EST,43.80352,-75.68853,1623,18.0,17.8,9.6,93.9,16.6,0.000,0.003,0.00,0.003,5.3,11.3,2.7,331,30,6.0,12.2,2.8,338,26,6.0,12.2,2.8,338,26,7,28.37,0.1,0,0,0,39.3,43.7,47.1,0.46,0.51,0.41
HARR,2019-11-08 07:25:00 EST,43.80352,-75.68853,1623,18.0,17.8,9.6,93.9,16.5,0.000,0.003,0.00,0.003,5.6,12.1,2.3,336,20,6.0,13.2,2.8,339,17,6.0,13.2,2.8,339,17,8,28.38,0.1,0,0,0,39.2,43.7,47.1,0.46,0.51,0.41
HARR,2019-11-08 07:30:00 EST,43.80352,-75.68853,1623,18.0,17.8,11.4,93.9,16.5,0.000,0.003,0.00,0.003,3.9,10.4,2.5,340,25,4.4,11.5,2.6,341,25,4.4,11.5,2.6,341,25,10,28.38,0.1,0,0,0,39.2,43.6,47.1,0.46,0.51,0.41
HARR,2019-11-08 07:35:00 EST,43.80352,-75.68853,1623,18.0,17.8,9.8,93.9,16.6,0.000,0.003,0.00,0.000,5.0,11.0,2.5,343,23,5.9,16.9,3.1,347,20,5.9,16.9,3.1,347,20,11,28.38,0.4,0,0,0,39.2,43.6,47.1,0.46,0.51,0.41
HARR,2019-11-08 07:40:00 EST,43.80352,-75.68853,1623,18.1,17.9,11.0,93.7,16.6,0.000,0.003,0.00,0.000,4.3,8.3,1.6,334,26,4.8,10.3,2.0,337,25,4.8,10.3,2.0,337,25,14,28.38,0.3,0,0,0,39.2,43.5,47.1,0.46,0.51,0.41
HARR,2019-11-08 07:45:00 EST,43.80352,-75.68853,1623,18.2,17.9,11.5,93.8,16.7,0.000,0.003,0.00,0.000,3.8,10.4,2.0,344,23,4.5,13.3,2.5,348,22,4.5,13.3,2.5,348,22,13,28.39,0.3,0,0,0,39.2,43.6,47.1,0.45,0.51,0.41
HARR,2019-11-08 07:50:00 EST,43.80352,-75.68853,1623,18.0,17.8,8.5,93.5,16.4,0.000,0.003,0.00,0.000,6.2,11.2,2.2,358,15,7.1,13.5,2.6,1,13,7.1,13.5,2.6,1,13,14,28.39,0.2,0,0,0,39.2,43.5,47.1,0.45,0.51,0.41
HARR,2019-11-08 07:55:00 EST,43.80352,-75.68853,1623,17.9,17.7,9.4,93.4,16.4,0.000,0.003,0.00,0.000,5.2,12.0,2.4,338,29,6.0,15.0,2.7,343,24,6.0,15.0,2.7,343,24,20,28.39,0.1,0,0,0,39.2,43.5,47.1,0.45,0.51,0.41
HARR,2019-11-08 08:00:00 EST,43.80352,-75.68853,1623,17.7,17.5,6.6,93.0,16.0,0.000,0.003,0.00,0.000,8.0,13.3,2.0,360,23,9.1,14.4,2.3,4,12,9.1,14.4,2.3,4,12,16,28.40,-0.2,0,0,0,39.2,43.5,47.1,0.45,0.51,0.41
HARR,2019-11-08 08:05:00 EST,43.80352,-75.68853,1623,17.7,17.5,8.5,93.4,16.2,0.000,0.003,0.00,0.000,6.1,10.5,1.8,347,24,6.8,13.8,2.3,351,18,6.8,13.8,2.3,351,18,15,28.40,-0.1,0,0,0,39.2,43.5,47.1,0.45,0.51,0.41
HARR,2019-11-08 08:10:00 EST,43.80352,-75.68853,1623,17.7,17.5,8.3,93.2,16.1,0.000,0.003,0.00,0.000,6.3,11.2,2.3,329,32,7.0,13.7,2.4,333,27,7.0,13.7,2.4,333,27,25,28.40,-0.2,0,0,0,39.2,43.5,47.1,0.45,0.51,0.41
HARR,2019-11-08 08:15:00 EST,43.80352,-75.68853,1623,17.5,17.3,7.5,93.0,15.8,0.000,0.003,0.00,0.000,6.7,13.4,2.4,332,22,7.7,17.1,2.7,339,17,7.7,17.1,2.7,339,17,24,28.40,-0.0,0,0,0,39.2,43.5,47.0,0.45,0.51,0.41
HARR,2019-11-08 08:20:00 EST,43.80352,-75.68853,1623,17.5,17.2,8.1,93.0,15.8,0.000,0.003,0.00,0.000,6.1,11.8,2.0,338,24,6.9,15.4,2.4,342,24,6.9,15.4,2.4,342,24,30,28.40,0.2,0,0,0,39.2,43.5,47.0,0.45,0.51,0.41
HARR,2019-11-08 08:25:00 EST,43.80352,-75.68853,1623,17.6,17.3,9.3,93.0,15.9,0.000,0.003,0.00,0.000,5.1,11.5,2.4,330,28,5.8,14.2,2.6,333,24,5.8,14.2,2.6,333,24,34,28.40,-0.0,0,0,0,39.2,43.5,47.0,0.45,0.51,0.41
HARR,2019-11-08 08:30:00 EST,43.80352,-75.68853,1623,17.4,17.2,8.2,92.5,15.6,0.000,0.003,0.00,0.000,6.1,11.8,2.8,334,26,6.7,16.2,3.2,339,22,6.7,16.2,3.2,339,22,45,28.40,-0.1,0,0,0,39.2,43.5,47.0,0.45,0.51,0.41
HARR,2019-11-08 08:35:00 EST,43.80352,-75.68853,1623,17.5,17.2,9.7,92.2,15.6,0.000,0.003,0.00,0.000,4.6,11.9,2.2,333,27,5.3,11.5,2.2,339,30,5.3,11.5,2.2,339,30,52,28.41,-0.1,0,0,0,39.2,43.5,47.0,0.45,0.51,0.41
HARR,2019-11-08 08:40:00 EST,43.80352,-75.68853,1623,17.6,17.4,8.2,92.1,15.8,0.000,0.003,0.00,0.000,5.7,10.6,2.2,341,23,6.9,13.5,2.7,343,19,6.9,13.5,2.7,343,19,52,28.41,-0.2,0,0,0,39.2,43.5,46.9,0.45,0.51,0.41
HARR,2019-11-08 08:45:00 EST,43.80352,-75.68853,1623,17.8,17.5,9.7,92.3,15.9,0.000,0.003,0.00,0.000,4.8,11.8,2.0,336,23,5.5,10.7,2.1,340,20,5.5,10.7,2.1,340,20,66,28.41,0.2,0,0,0,39.2,43.5,47.0,0.45,0.51,0.41
HARR,2019-11-08 08:50:00 EST,43.80352,-75.68853,1623,18.2,17.8,12.5,92.7,16.4,0.000,0.003,0.00,0.000,3.3,6.3,1.3,346,23,3.8,8.2,1.7,350,25,3.8,8.2,1.7,350,25,51,28.41,-0.2,0,0,0,39.2,43.5,47.0,0.45,0.51,0.41
HARR,2019-11-08 08:55:00 EST,43.80352,-75.68853,1623,18.0,17.7,11.5,92.4,16.2,0.000,0.003,0.00,0.000,3.8,7.3,1.2,317,30,4.3,6.9,1.4,321,26,4.3,6.9,1.4,321,26,53,28.41,-0.1,0,0,0,39.2,43.5,47.0,0.45,0.51,0.41
HARR,2019-11-08 09:00:00 EST,43.80352,-75.68853,1623,18.0,17.6,9.7,92.2,16.1,0.000,0.003,0.00,0.000,5.3,10.7,2.7,331,21,5.8,11.8,2.7,335,21,5.8,11.8,2.7,335,21,63,28.41,-0.1,0,0,0,39.2,43.5,46.9,0.45,0.51,0.41
HARR,2019-11-08 09:05:00 EST,43.80352,-75.68853,1623,18.0,17.7,12.0,92.2,16.1,0.000,0.003,0.00,0.000,3.3,12.1,2.8,324,23,3.9,14.2,3.0,329,29,3.9,14.2,3.0,329,29,64,28.41,0.0,0,0,0,39.2,43.5,47.0,0.45,0.51,0.41
HARR,2019-11-08 09:10:00 EST,43.80352,-75.68853,1623,18.0,17.7,10.3,92.0,16.1,0.000,0.003,0.00,0.000,4.8,11.9,2.7,318,21,5.3,14.8,2.6,324,21,5.3,14.8,2.6,324,21,59,28.41,0.1,0,0,0,39.2,43.5,46.9,0.45,0.50,0.41
HARR,2019-11-08 09:15:00 EST,43.80352,-75.68853,1623,18.4,18.0,12.0,92.3,16.5,0.000,0.003,0.00,0.000,3.7,8.9,1.9,328,24,4.2,8.9,1.9,333,23,4.2,8.9,1.9,333,23,77,28.41,0.0,0,0,0,39.2,43.5,47.0,0.45,0.50,0.41
HARR,2019-11-08 09:20:00 EST,43.80352,-75.68853,1623,18.3,17.9,9.1,91.5,16.2,0.000,0.003,0.00,0.000,6.0,12.2,2.2,289,24,6.8,15.4,2.7,293,23,6.8,15.4,2.7,293,23,60,28.41,0.1,0,0,0,39.2,43.5,46.9,0.45,0.50,0.41
HARR,2019-11-08 09:25:00 EST,43.80352,-75.68853,1623,18.3,18.0,11.4,91.5,16.3,0.000,0.003,0.00,0.000,4.1,10.2,2.2,336,23,4.7,13.4,2.9,341,22,4.7,13.4,2.9,341,22,61,28.41,0.2,0,0,0,39.2,43.5,46.9,0.45,0.50,0.41
HARR,2019-11-08 09:30:00 EST,43.80352,-75.68853,1623,18.3,18.0,12.4,91.5,16.3,0.000,0.003,0.00,0.000,3.5,8.0,1.8,331,29,3.9,9.5,2.1,332,29,3.9,9.5,2.1,332,29,61,28.41,0.3,0,0,0,39.2,43.5,46.9,0.45,0.50,0.41
HARR,2019-11-08 09:35:00 EST,43.80352,-75.68853,1623,18.3,17.9,9.7,91.3,16.2,0.000,0.003,0.00,0.000,5.5,8.9,1.3,333,25,6.2,10.3,1.6,337,23,6.2,10.3,1.6,337,23,67,28.41,0.3,0,0,0,39.2,43.5,46.9,0.45,0.50,0.41
HARR,2019-11-08 09:40:00 EST,43.80352,-75.68853,1623,18.3,18.0,8.6,90.6,16.0,0.000,0.003,0.00,0.000,6.6,11.6,2.1,337,23,7.4,13.6,2.3,344,21,7.4,13.6,2.3,344,21,61,28.42,0.3,0,0,0,39.2,43.5,46.9,0.45,0.50,0.41
HARR,2019-11-08 09:45:00 EST,43.80352,-75.68853,1623,18.4,18.0,9.4,90.3,16.0,0.000,0.003,0.00,0.000,5.8,11.5,2.3,354,25,6.6,15.2,2.8,356,20,6.6,15.2,2.8,356,20,62,28.42,0.3,0,0,0,39.2,43.5,46.9,0.45,0.50,0.41
HARR,2019-11-08 09:50:00 EST,43.80352,-75.68853,1623,18.5,18.1,9.2,88.9,15.8,0.000,0.003,0.00,0.000,6.0,10.9,2.2,347,23,7.0,13.8,2.6,350,21,7.0,13.8,2.6,350,21,80,28.42,0.2,0,0,0,39.2,43.5,46.9,0.45,0.50,0.41
HARR,2019-11-08 09:55:00 EST,43.80352,-75.68853,1623,18.4,18.0,8.1,87.4,15.3,0.000,0.003,0.00,0.000,7.6,13.4,1.8,357,24,8.3,15.4,2.1,360,23,8.3,15.4,2.1,360,23,85,28.42,0.3,0,0,0,39.2,43.5,46.9,0.45,0.50,0.41
HARR,2019-11-08 10:00:00 EST,43.80352,-75.68853,1623,18.6,18.1,9.8,88.0,15.6,0.000,0.003,0.00,0.000,5.6,9.3,1.6,351,18,6.5,11.8,2.2,356,15,6.5,11.8,2.2,356,15,107,28.42,0.4,0,0,0,39.2,43.5,46.9,0.45,0.50,0.41
HARR,2019-11-08 10:05:00 EST,43.80352,-75.68853,1623,18.6,18.2,10.5,87.2,15.4,0.000,0.003,0.00,0.000,5.0,9.6,1.9,346,22,5.8,12.2,2.1,350,19,5.8,12.2,2.1,350,19,117,28.42,0.3,0,0,0,39.2,43.5,46.9,0.45,0.50,0.41
HARR,2019-11-08 10:10:00 EST,43.80352,-75.68853,1623,18.7,18.4,9.8,87.0,15.5,0.000,0.003,0.00,0.000,5.8,9.6,2.0,348,21,6.7,12.0,2.3,353,18,6.7,12.0,2.3,353,18,111,28.43,0.3,0,0,0,39.2,43.5,46.9,0.45,0.50,0.41
HARR,2019-11-08 10:15:00 EST,43.80352,-75.68853,1623,18.7,18.2,10.0,86.7,15.4,0.000,0.003,0.00,0.000,5.6,9.9,2.1,331,26,6.3,11.1,2.1,333,25,6.3,11.1,2.1,333,25,145,28.43,0.3,0,0,0,39.2,43.5,46.9,0.45,0.50,0.41
HARR,2019-11-08 10:20:00 EST,43.80352,-75.68853,1623,19.0,18.5,11.5,86.3,15.6,0.000,0.003,0.00,0.000,5.0,9.2,1.6,325,19,5.3,11.2,1.7,328,18,5.3,11.2,1.7,328,18,140,28.43,0.3,0,0,0,39.2,43.5,46.9,0.45,0.50,0.41
HARR,2019-11-08 10:25:00 EST,43.80352,-75.68853,1623,19.6,19.0,14.9,86.6,16.2,0.000,0.003,0.00,0.000,2.8,5.6,1.2,333,30,3.2,7.6,1.3,335,31,3.2,7.6,1.3,335,31,142,28.43,0.2,0,0,0,39.2,43.5,46.9,0.45,0.50,0.41
HARR,2019-11-08 10:30:00 EST,43.80352,-75.68853,1623,19.4,19.0,14.4,84.8,15.6,0.000,0.003,0.00,0.000,3.0,8.0,1.7,329,32,3.4,10.8,1.9,331,32,3.4,10.8,1.9,331,32,127,28.43,0.3,0,0,0,39.2,43.4,46.9,0.45,0.50,0.41
HARR,2019-11-08 10:35:00 EST,43.80352,-75.68853,1623,19.3,18.8,10.1,84.4,15.4,0.000,0.003,0.00,0.000,6.0,9.7,1.7,352,21,7.1,10.9,1.9,355,17,7.1,10.9,1.9,355,17,127,28.43,0.3,0,0,0,39.2,43.4,46.9,0.45,0.50,0.41
HARR,2019-11-08 10:40:00 EST,43.80352,-75.68853,1623,19.1,18.7,11.3,84.1,15.1,0.000,0.003,0.00,0.000,5.0,8.4,1.4,304,37,5.6,10.2,1.8,309,36,5.6,10.2,1.8,309,36,132,28.43,0.2,0,0,0,39.2,43.4,46.9,0.45,0.50,0.41
HARR,2019-11-08 10:45:00 EST,43.80352,-75.68853,1623,19.2,18.7,11.4,83.7,15.1,0.000,0.003,0.00,0.000,5.0,9.4,1.8,318,21,5.6,9.8,2.0,323,20,5.6,9.8,2.0,323,20,125,28.43,0.2,0,0,0,39.2,43.4,46.9,0.45,0.50,0.41
HARR,2019-11-08 10:50:00 EST,43.80352,-75.68853,1623,19.1,18.7,11.0,83.4,14.9,0.000,0.003,0.00,0.000,5.1,9.7,2.2,334,24,5.9,11.6,2.3,337,22,5.9,11.6,2.3,337,22,99,28.43,0.2,0,0,0,39.2,43.4,46.9,0.45,0.50,0.41
HARR,2019-11-08 10:55:00 EST,43.80352,-75.68853,1623,19.3,18.8,11.4,82.4,14.8,0.000,0.003,0.00,0.000,4.9,8.8,2.1,329,24,5.7,10.0,2.3,334,22,5.7,10.0,2.3,334,22,132,28.44,0.2,0,0,0,39.2,43.4,46.9,0.45,0.50,0.41
HARR,2019-11-08 11:00:00 EST,43.80352,-75.68853,1623,19.1,18.6,11.0,81.5,14.4,0.000,0.003,0.00,0.000,5.2,11.3,2.6,309,31,5.9,13.9,2.9,312,30,5.9,13.9,2.9,312,30,124,28.44,0.2,0,0,0,39.2,43.4,46.9,0.45,0.50,0.41
HARR,2019-11-08 11:05:00 EST,43.80352,-75.68853,1623,19.0,18.6,12.0,81.6,14.3,0.000,0.003,0.00,0.000,4.2,9.9,2.3,294,27,4.8,11.6,2.6,297,27,4.8,11.6,2.6,297,27,158,28.44,0.3,0,0,0,39.2,43.4,46.9,0.45,0.50,0.41
HARR,2019-11-08 11:10:00 EST,43.80352,-75.68853,1623,20.3,19.6,13.5,79.4,15.0,0.000,0.003,0.00,0.000,4.0,8.2,2.0,294,31,4.9,11.0,1.9,297,31,4.9,11.0,1.9,297,31,243,28.43,0.3,0,0,0,39.2,43.3,46.9,0.45,0.50,0.41
HARR,2019-11-08 11:15:00 EST,43.80352,-75.68853,1623,20.5,19.8,12.6,76.7,14.3,0.000,0.003,0.00,0.000,4.6,10.0,2.7,276,26,5.9,12.4,2.8,280,26,5.9,12.4,2.8,280,26,236,28.43,0.2,0,0,0,39.2,43.3,46.9,0.45,0.50,0.41
HARR,2019-11-08 11:20:00 EST,43.80352,-75.68853,1623,20.3,19.8,11.2,75.2,13.7,0.000,0.003,0.00,0.000,6.3,12.8,2.8,274,21,7.3,16.1,3.1,279,19,7.3,16.1,3.1,279,19,219,28.43,0.2,0,0,0,39.2,43.3,46.9,0.45,0.50,0.41
HARR,2019-11-08 11:25:00 EST,43.80352,-75.68853,1623,20.6,20.1,10.8,74.0,13.7,0.000,0.003,0.00,0.000,7.1,14.0,3.2,265,17,8.2,16.0,3.4,269,15,8.2,16.0,3.4,269,15,235,28.43,0.2,0,0,0,39.2,43.3,46.9,0.45,0.50,0.41
HARR,2019-11-08 11:30:00 EST,43.80352,-75.68853,1623,21.2,20.5,11.9,74.0,14.2,0.000,0.003,0.00,0.000,6.8,11.6,1.8,269,16,7.8,12.9,2.2,272,16,7.8,12.9,2.2,272,16,305,28.43,0.1,0,0,0,39.1,43.3,46.9,0.45,0.50,0.41
HARR,2019-11-08 11:35:00 EST,43.80352,-75.68853,1623,21.5,20.8,11.4,72.4,14.0,0.000,0.003,0.00,0.000,7.9,13.3,2.9,271,16,9.1,14.9,3.3,273,13,9.1,14.9,3.3,273,13,272,28.43,0.1,0,0,0,39.1,43.3,46.9,0.45,0.50,0.41
HARR,2019-11-08 11:40:00 EST,43.80352,-75.68853,1623,21.6,21.0,13.1,71.7,13.9,0.000,0.003,0.00,0.000,6.1,13.8,2.5,294,23,6.9,14.9,2.8,296,23,6.9,14.9,2.8,296,23,249,28.43,0.1,0,0,0,39.1,43.3,46.9,0.45,0.50,0.41
HARR,2019-11-08 11:45:00 EST,43.80352,-75.68853,1623,21.4,20.7,13.8,69.6,13.0,0.000,0.003,0.00,0.000,5.2,10.4,2.0,305,26,5.8,10.9,2.1,309,24,5.8,10.9,2.1,309,24,224,28.43,0.2,0,0,0,39.1,43.3,46.9,0.45,0.49,0.41
HARR,2019-11-08 11:50:00 EST,43.80352,-75.68853,1623,21.4,20.8,13.9,71.2,13.5,0.000,0.003,0.00,0.000,4.8,10.0,2.1,280,23,5.7,11.0,2.4,283,22,5.7,11.0,2.4,283,22,222,28.42,0.2,0,0,0,39.1,43.3,46.9,0.45,0.49,0.41
HARR,2019-11-08 11:55:00 EST,43.80352,-75.68853,1623,22.0,21.3,14.4,68.1,13.1,0.000,0.003,0.00,0.000,5.4,9.6,1.7,316,21,6.0,12.0,2.0,322,21,6.0,12.0,2.0,322,21,266,28.42,0.2,0,0,0,39.1,43.3,46.9,0.45,0.49,0.41
HARR,2019-11-08 12:00:00 EST,43.80352,-75.68853,1623,22.8,21.9,15.1,70.0,14.5,0.000,0.003,0.00,0.000,5.5,11.4,2.3,304,30,6.2,13.0,2.5,306,28,6.2,13.0,2.5,306,28,295,28.42,0.3,0,0,0,39.1,43.3,46.9,0.45,0.48,0.41
HARR,2019-11-08 12:05:00 EST,43.80352,-75.68853,1623,22.4,21.6,13.9,68.8,13.7,0.000,0.003,0.00,0.000,6.3,11.6,2.3,323,23,7.0,13.8,2.5,329,22,7.0,13.8,2.5,329,22,244,28.42,0.2,0,0,0,39.1,43.3,46.9,0.46,0.48,0.41
HARR,2019-11-08 12:10:00 EST,43.80352,-75.68853,1623,21.4,20.9,12.5,70.3,13.3,0.000,0.003,0.00,0.000,6.5,12.9,3.1,311,24,7.3,13.8,2.9,317,23,7.3,13.8,2.9,317,23,95,28.42,0.3,0,0,0,39.0,43.3,46.9,0.46,0.48,0.41
HARR,2019-11-08 12:15:00 EST,43.80352,-75.68853,1623,21.3,20.7,13.4,71.3,13.4,0.000,0.003,0.00,0.000,5.4,10.0,2.3,296,23,6.1,11.9,2.4,298,22,6.1,11.9,2.4,298,22,190,28.42,0.3,0,0,0,39.0,43.3,46.9,0.46,0.48,0.41
HARR,2019-11-08 12:20:00 EST,43.80352,-75.68853,1623,21.6,21.0,13.6,70.6,13.5,0.000,0.003,0.00,0.000,5.4,10.5,2.0,289,23,6.2,14.8,2.3,291,21,6.2,14.8,2.3,291,21,241,28.42,0.2,0,0,0,39.0,43.3,46.9,0.46,0.48,0.41
HARR,2019-11-08 12:25:00 EST,43.80352,-75.68853,1623,22.3,21.5,12.9,69.5,13.9,0.000,0.003,0.00,0.000,7.3,13.9,2.6,282,21,8.3,14.8,2.8,284,18,8.3,14.8,2.8,284,18,259,28.41,0.2,0,0,0,39.0,43.3,46.9,0.46,0.48,0.41
HARR,2019-11-08 12:30:00 EST,43.80352,-75.68853,1623,22.5,21.6,13.7,69.0,13.8,0.000,0.003,0.00,0.000,6.5,12.6,2.5,272,24,7.4,14.4,2.8,276,23,7.4,14.4,2.8,276,23,257,28.41,0.3,0,0,0,39.1,43.3,46.9,0.46,0.48,0.41
HARR,2019-11-08 12:35:00 EST,43.80352,-75.68853,1623,23.0,22.1,15.0,68.1,14.0,0.000,0.003,0.00,0.000,5.7,11.3,2.6,312,32,6.5,12.4,2.7,314,34,6.5,12.4,2.7,314,34,273,28.42,0.3,0,0,0,39.0,43.3,46.9,0.46,0.48,0.41
HARR,2019-11-08 12:40:00 EST,43.80352,-75.68853,1623,23.1,22.4,15.6,66.4,13.6,0.000,0.003,0.00,0.000,5.3,9.7,1.9,298,29,6.1,11.1,2.2,299,30,6.1,11.1,2.2,299,30,361,28.42,0.1,0,0,0,39.1,43.3,46.9,0.46,0.48,0.41
HARR,2019-11-08 12:45:00 EST,43.80352,-75.68853,1623,23.1,22.5,15.1,68.1,14.1,0.000,0.003,0.00,0.000,5.7,12.9,2.6,285,26,6.6,14.6,2.8,288,23,6.6,14.6,2.8,288,23,209,28.42,-0.1,0,0,0,39.1,43.3,46.9,0.46,0.48,0.41
HARR,2019-11-08 12:50:00 EST,43.80352,-75.68853,1623,23.1,22.3,15.2,67.8,14.0,0.000,0.003,0.00,0.000,5.5,14.3,2.6,282,37,6.5,16.1,2.9,286,34,6.5,16.1,2.9,286,34,230,28.42,-0.1,0,0,0,39.1,43.3,46.9,0.46,0.48,0.41
HARR,2019-11-08 12:55:00 EST,43.80352,-75.68853,1623,22.4,22.0,15.1,68.6,13.6,0.000,0.003,0.00,0.000,4.9,9.9,2.5,286,24,5.6,10.9,2.5,290,24,5.6,10.9,2.5,290,24,175,28.42,-0.2,0,0,0,39.1,43.3,46.9,0.46,0.48,0.41
HARR,2019-11-08 13:00:00 EST,43.80352,-75.68853,1623,22.3,21.8,15.5,70.2,14.0,0.000,0.003,0.00,0.000,4.5,8.3,2.0,343,25,5.1,9.7,2.3,348,24,5.1,9.7,2.3,348,24,167,28.42,0.3,0,0,0,39.1,43.3,46.9,0.46,0.48,0.41
HARR,2019-11-08 13:05:00 EST,43.80352,-75.68853,1623,22.0,21.5,15.2,70.8,14.0,0.000,0.003,0.00,0.000,4.5,8.9,2.2,331,30,5.1,11.3,2.3,335,25,5.1,11.3,2.3,335,25,161,28.42,0.0,0,0,0,39.2,43.3,46.9,0.46,0.48,0.41
HARR,2019-11-08 13:10:00 EST,43.80352,-75.68853,1623,22.3,21.7,13.3,71.9,14.6,0.000,0.003,0.00,0.000,6.6,12.0,2.5,294,32,7.6,13.5,2.8,297,31,7.6,13.5,2.8,297,31,163,28.42,-0.2,0,0,0,39.2,43.3,46.9,0.46,0.48,0.41
HARR,2019-11-08 13:15:00 EST,43.80352,-75.68853,1623,22.0,21.6,16.1,71.3,14.1,0.000,0.003,0.00,0.000,3.9,9.6,2.0,317,29,4.4,9.4,2.0,320,30,4.4,9.4,2.0,320,30,168,28.42,0.1,0,0,0,39.2,43.3,46.9,0.46,0.48,0.41
HARR,2019-11-08 13:20:00 EST,43.80352,-75.68853,1623,22.7,22.2,16.3,72.1,15.1,0.000,0.003,0.00,0.000,4.1,7.5,1.8,304,32,4.9,9.3,2.0,305,31,4.9,9.3,2.0,305,31,141,28.42,-0.1,0,0,0,39.2,43.3,46.9,0.46,0.48,0.41
HARR,2019-11-08 13:25:00 EST,43.80352,-75.68853,1623,22.4,22.1,16.1,72.9,15.0,0.000,0.003,0.00,0.000,4.2,8.3,1.9,324,24,4.7,9.4,1.9,333,26,4.7,9.4,1.9,333,26,122,28.42,-0.0,0,0,0,39.2,43.3,46.9,0.46,0.48,0.41
HARR,2019-11-08 13:30:00 EST,43.80352,-75.68853,1623,22.2,21.8,14.9,72.2,14.6,0.000,0.003,0.00,0.000,5.0,9.1,2.1,324,31,5.7,11.0,2.3,329,30,5.7,11.0,2.3,329,30,110,28.43,0.1,0,0,0,39.2,43.3,46.9,0.46,0.48,0.41
HARR,2019-11-08 13:35:00 EST,43.80352,-75.68853,1623,22.2,21.9,14.7,73.2,14.9,0.000,0.003,0.00,0.000,4.9,9.8,1.9,310,32,5.9,11.9,2.3,314,30,5.9,11.9,2.3,314,30,123,28.43,0.1,0,0,0,39.2,43.2,46.9,0.46,0.48,0.41
HARR,2019-11-08 13:40:00 EST,43.80352,-75.68853,1623,22.1,21.8,13.8,72.1,14.5,0.000,0.003,0.00,0.000,5.7,11.4,2.8,338,20,6.7,12.2,2.7,342,17,6.7,12.2,2.7,342,17,92,28.43,0.1,0,0,0,39.2,43.2,46.9,0.46,0.48,0.41
HARR,2019-11-08 13:45:00 EST,43.80352,-75.68853,1623,22.0,21.7,14.4,72.8,14.7,0.000,0.003,0.00,0.000,5.4,11.4,2.4,315,29,5.9,11.7,2.6,318,27,5.9,11.7,2.6,318,27,119,28.43,0.1,0,0,0,39.2,43.3,46.9,0.46,0.48,0.41
HARR,2019-11-08 13:50:00 EST,43.80352,-75.68853,1623,21.8,21.5,12.3,72.7,14.4,0.000,0.003,0.00,0.000,7.9,14.1,3.1,319,17,8.2,15.7,3.1,324,16,8.2,15.7,3.1,324,16,93,28.43,0.1,0,0,0,39.2,43.2,46.9,0.46,0.48,0.41
HARR,2019-11-08 13:55:00 EST,43.80352,-75.68853,1623,21.8,21.6,14.1,73.6,14.7,0.000,0.003,0.00,0.000,5.2,12.3,2.6,315,30,6.0,11.8,2.5,318,27,6.0,11.8,2.5,318,27,109,28.43,0.1,0,0,0,39.2,43.2,46.9,0.46,0.48,0.41
HARR,2019-11-08 14:00:00 EST,43.80352,-75.68853,1623,22.3,21.9,14.5,74.1,15.3,0.000,0.003,0.00,0.000,5.1,10.7,2.3,295,32,6.2,13.4,2.4,298,29,6.2,13.4,2.4,298,29,198,28.43,0.1,0,0,0,39.2,43.2,46.9,0.46,0.48,0.41
HARR,2019-11-08 14:05:00 EST,43.80352,-75.68853,1623,22.4,22.0,15.1,72.3,14.9,0.000,0.003,0.00,0.000,4.7,10.3,1.9,305,33,5.7,11.3,2.0,310,31,5.7,11.3,2.0,310,31,113,28.43,-0.0,0,0,0,39.2,43.2,46.9,0.46,0.48,0.41
HARR,2019-11-08 14:10:00 EST,43.80352,-75.68853,1623,22.4,22.0,15.8,71.8,14.7,0.000,0.003,0.00,0.000,4.3,13.4,2.5,313,32,5.0,13.2,2.6,316,33,5.0,13.2,2.6,316,33,190,28.43,-0.0,0,0,0,39.2,43.2,46.9,0.46,0.48,0.41
HARR,2019-11-08 14:15:00 EST,43.80352,-75.68853,1623,22.5,22.1,14.3,70.6,14.4,0.000,0.003,0.00,0.000,6.0,12.5,2.7,317,21,6.7,12.8,2.8,320,22,6.7,12.8,2.8,320,22,185,28.43,0.0,0,0,0,39.2,43.2,46.9,0.46,0.48,0.41
HARR,2019-11-08 14:20:00 EST,43.80352,-75.68853,1623,22.9,22.5,14.8,70.8,14.9,0.000,0.003,0.00,0.000,6.0,13.0,2.5,302,26,6.8,15.0,2.5,308,24,6.8,15.0,2.5,308,24,306,28.43,0.2,0,0,0,39.2,43.2,46.9,0.46,0.48,0.41
HARR,2019-11-08 14:25:00 EST,43.80352,-75.68853,1623,23.1,22.5,15.8,69.2,14.5,0.000,0.003,0.00,0.000,5.2,14.0,2.6,299,25,5.8,14.2,2.5,304,25,5.8,14.2,2.5,304,25,165,28.43,0.1,0,0,0,39.2,43.2,46.9,0.46,0.48,0.41
HARR,2019-11-08 14:30:00 EST,43.80352,-75.68853,1623,22.8,22.3,16.5,70.2,14.5,0.000,0.003,0.00,0.000,4.1,8.8,1.7,316,33,4.8,9.8,1.8,319,29,4.8,9.8,1.8,319,29,140,28.43,0.2,0,0,0,39.2,43.2,46.9,0.46,0.48,0.41
HARR,2019-11-08 14:35:00 EST,43.80352,-75.68853,1623,22.6,22.3,16.3,69.9,14.2,0.000,0.003,0.00,0.000,4.0,8.9,1.7,306,25,4.8,9.2,1.7,312,25,4.8,9.2,1.7,312,25,192,28.43,0.2,0,0,0,39.2,43.2,46.9,0.46,0.48,0.41
HARR,2019-11-08 14:40:00 EST,43.80352,-75.68853,1623,22.6,22.3,14.7,69.7,14.2,0.000,0.003,0.00,0.000,5.9,11.3,2.2,301,23,6.4,11.4,2.2,303,21,6.4,11.4,2.2,303,21,160,28.43,0.3,0,0,0,39.2,43.2,46.9,0.46,0.48,0.41
HARR,2019-11-08 14:45:00 EST,43.80352,-75.68853,1623,22.6,22.2,16.0,72.0,14.9,0.000,0.003,0.00,0.000,4.2,10.6,2.0,296,33,4.9,9.5,2.0,300,28,4.9,9.5,2.0,300,28,138,28.43,0.4,0,0,0,39.2,43.2,46.9,0.46,0.48,0.41
HARR,2019-11-08 14:50:00 EST,43.80352,-75.68853,1623,22.8,22.4,17.9,73.1,15.5,0.000,0.003,0.00,0.000,3.3,7.4,1.6,331,26,3.7,8.6,1.7,334,26,3.7,8.6,1.7,334,26,158,28.43,0.3,0,0,0,39.2,43.2,46.9,0.46,0.48,0.41
HARR,2019-11-08 14:55:00 EST,43.80352,-75.68853,1623,23.1,22.5,16.7,73.9,16.0,0.000,0.003,0.00,0.000,4.3,9.9,2.0,297,26,4.9,11.7,2.1,303,27,4.9,11.7,2.1,303,27,177,28.43,0.2,0,0,0,39.2,43.2,46.9,0.46,0.48,0.41
HARR,2019-11-08 15:00:00 EST,43.80352,-75.68853,1623,22.9,22.4,16.0,73.0,15.5,0.000,0.003,0.00,0.000,4.9,8.6,2.1,318,20,5.4,10.5,2.1,320,20,5.4,10.5,2.1,320,20,199,28.43,0.2,0,0,0,39.2,43.2,46.9,0.46,0.48,0.41
HARR,2019-11-08 15:05:00 EST,43.80352,-75.68853,1623,23.2,22.8,16.3,73.6,16.0,0.000,0.003,0.00,0.000,4.8,12.6,2.4,336,31,5.4,12.5,2.3,341,29,5.4,12.5,2.3,341,29,146,28.44,0.2,0,0,0,39.2,43.2,46.8,0.46,0.48,0.41
HARR,2019-11-08 15:10:00 EST,43.80352,-75.68853,1623,22.7,22.4,14.9,72.6,15.2,0.000,0.003,0.00,0.000,5.7,11.0,2.1,328,25,6.3,11.6,2.3,333,24,6.3,11.6,2.3,333,24,86,28.44,0.2,0,0,0,39.2,43.2,46.8,0.46,0.48,0.41
HARR,2019-11-08 15:15:00 EST,43.80352,-75.68853,1623,22.3,22.1,16.2,74.1,15.3,0.000,0.003,0.00,0.000,3.8,8.1,1.6,332,26,4.5,11.2,2.0,335,25,4.5,11.2,2.0,335,25,60,28.44,0.2,0,0,0,39.2,43.2,46.8,0.46,0.48,0.41
HARR,2019-11-08 15:20:00 EST,43.80352,-75.68853,1623,22.2,22.0,15.1,75.5,15.6,0.000,0.003,0.00,0.000,4.8,10.2,1.9,291,26,5.5,12.7,2.1,293,25,5.5,12.7,2.1,293,25,65,28.44,0.2,0,0,0,39.2,43.2,46.8,0.46,0.48,0.41
HARR,2019-11-08 15:25:00 EST,43.80352,-75.68853,1623,22.2,22.0,16.4,76.1,15.8,0.000,0.003,0.00,0.000,3.6,6.5,1.2,289,23,4.3,7.5,1.3,294,24,4.3,7.5,1.3,294,24,61,28.44,0.3,0,0,0,39.2,43.2,46.8,0.46,0.48,0.41
HARR,2019-11-08 15:30:00 EST,43.80352,-75.68853,1623,22.2,22.0,15.7,76.0,15.8,0.000,0.003,0.00,0.000,4.3,9.9,2.3,307,28,4.9,12.7,2.5,311,27,4.9,12.7,2.5,311,27,41,28.44,0.2,0,0,0,39.2,43.2,46.8,0.45,0.48,0.41
HARR,2019-11-08 15:35:00 EST,43.80352,-75.68853,1623,22.0,22.0,16.6,74.7,15.2,0.000,0.003,0.00,0.000,3.3,9.8,1.8,305,31,4.0,9.9,1.7,308,32,4.0,9.9,1.7,308,32,32,28.44,0.3,0,0,0,39.2,43.2,46.8,0.45,0.48,0.41
HARR,2019-11-08 15:40:00 EST,43.80352,-75.68853,1623,22.0,22.0,13.6,73.3,14.8,0.000,0.003,0.00,0.000,6.0,12.9,2.4,307,27,6.8,12.8,2.6,311,24,6.8,12.8,2.6,311,24,44,28.44,0.4,0,0,0,39.2,43.2,46.8,0.45,0.48,0.41
HARR,2019-11-08 15:45:00 EST,43.80352,-75.68853,1623,22.0,22.0,17.2,73.6,14.9,0.000,0.003,0.00,0.000,2.9,10.0,2.3,313,28,3.5,10.3,2.4,313,30,3.5,10.3,2.4,313,30,57,28.44,0.4,0,0,0,39.2,43.2,46.8,0.45,0.48,0.41
HARR,2019-11-08 15:50:00 EST,43.80352,-75.68853,1623,22.1,22.0,15.1,73.4,14.9,0.000,0.003,0.00,0.000,4.9,9.8,1.9,316,18,5.3,9.2,1.8,320,17,5.3,9.2,1.8,320,17,61,28.44,0.4,0,0,0,39.2,43.2,46.8,0.45,0.48,0.41
HARR,2019-11-08 15:55:00 EST,43.80352,-75.68853,1623,21.9,21.9,17.9,73.9,14.9,0.000,0.003,0.00,0.000,2.7,7.1,1.5,301,25,3.0,8.5,1.6,300,23,3.0,8.5,1.6,300,23,35,28.44,0.3,0,0,0,39.2,43.2,46.8,0.45,0.48,0.41
HARR,2019-11-08 16:00:00 EST,43.80352,-75.68853,1623,21.7,21.7,21.7,74.4,14.8,0.000,0.003,0.00,0.000,1.9,4.5,1.1,313,33,2.5,5.5,1.1,313,37,2.5,5.5,1.1,313,37,32,28.44,0.4,0,0,0,39.2,43.2,46.8,0.45,0.48,0.41
HARR,2019-11-08 16:05:00 EST,43.80352,-75.68853,1623,21.8,21.8,21.8,75.0,15.0,0.000,0.003,0.00,0.000,2.1,4.5,0.9,302,24,2.6,5.4,1.0,301,24,2.6,5.4,1.0,301,24,53,28.44,0.4,0,0,0,39.2,43.2,46.8,0.45,0.48,0.41
HARR,2019-11-08 16:10:00 EST,43.80352,-75.68853,1623,22.0,21.9,17.4,75.3,15.4,0.000,0.003,0.00,0.000,3.0,5.9,1.2,294,22,3.4,6.9,1.3,295,22,3.4,6.9,1.3,295,22,50,28.44,0.4,0,0,0,39.2,43.2,46.8,0.45,0.48,0.41
HARR,2019-11-08 16:15:00 EST,43.80352,-75.68853,1623,22.1,21.9,22.1,76.6,15.8,0.000,0.003,0.00,0.000,1.9,4.7,1.5,300,20,2.5,5.5,1.4,301,24,2.5,5.5,1.4,301,24,41,28.44,0.4,0,0,0,39.2,43.2,46.8,0.45,0.48,0.41
HARR,2019-11-08 16:20:00 EST,43.80352,-75.68853,1623,22.2,22.1,22.2,77.4,16.2,0.000,0.003,0.00,0.000,1.9,4.2,0.9,318,34,2.5,5.0,1.1,316,32,2.5,5.0,1.1,316,32,53,28.44,0.4,0,0,0,39.2,43.2,46.8,0.45,0.48,0.41
HARR,2019-11-08 16:25:00 EST,43.80352,-75.68853,1623,22.3,22.1,17.3,78.5,16.6,0.000,0.003,0.00,0.000,3.0,6.8,1.4,327,29,3.7,7.8,1.7,331,25,3.7,7.8,1.7,331,25,41,28.45,0.4,0,0,0,39.2,43.2,46.8,0.45,0.48,0.41
HARR,2019-11-08 16:30:00 EST,43.80352,-75.68853,1623,22.1,22.0,16.8,78.8,16.5,0.000,0.003,0.00,0.000,3.2,6.9,1.7,306,24,3.8,7.2,1.6,311,24,3.8,7.2,1.6,311,24,20,28.45,0.3,0,0,0,39.2,43.2,46.8,0.45,0.48,0.41
HARR,2019-11-08 16:35:00 EST,43.80352,-75.68853,1623,21.8,21.8,16.6,79.4,16.4,0.000,0.003,0.00,0.000,3.2,5.7,1.1,279,19,3.8,7.6,1.4,281,16,3.8,7.6,1.4,281,16,14,28.45,0.4,0,0,0,39.2,43.2,46.8,0.45,0.48,0.41
HARR,2019-11-08 16:40:00 EST,43.80352,-75.68853,1623,21.6,21.6,17.5,80.4,16.5,0.000,0.003,0.00,0.000,2.6,5.5,1.0,281,20,3.0,6.0,1.0,284,20,3.0,6.0,1.0,284,20,8,28.45,0.4,0,0,0,39.2,43.2,46.8,0.45,0.48,0.41
HARR,2019-11-08 16:45:00 EST,43.80352,-75.68853,1623,21.5,21.5,17.0,82.0,16.9,0.000,0.003,0.00,0.000,3.0,4.0,0.5,274,16,3.3,4.9,0.7,278,14,3.3,4.9,0.7,278,14,6,28.45,0.4,0,0,0,39.2,43.2,46.8,0.45,0.48,0.41
HARR,2019-11-08 16:50:00 EST,43.80352,-75.68853,1623,21.6,21.5,21.6,83.7,17.4,0.000,0.003,0.00,0.000,1.9,3.7,0.7,272,20,2.4,4.4,0.8,277,18,2.4,4.4,0.8,277,18,4,28.45,0.4,0,0,0,39.2,43.2,46.8,0.45,0.48,0.41
HARR,2019-11-08 16:55:00 EST,43.80352,-75.68853,1623,21.6,21.5,21.6,84.3,17.6,0.000,0.003,0.00,0.000,1.9,3.9,0.9,275,15,2.4,5.0,0.9,279,16,2.4,5.0,0.9,279,16,2,28.45,0.3,0,0,0,39.2,43.2,46.8,0.46,0.48,0.41
HARR,2019-11-08 17:00:00 EST,43.80352,-75.68853,1623,21.3,21.5,15.7,84.0,17.3,0.000,0.003,0.00,0.000,3.5,5.3,0.8,283,14,4.1,6.4,1.1,287,12,4.1,6.4,1.1,287,12,1,28.45,0.3,0,0,0,39.2,43.2,46.8,0.45,0.48,0.41
HARR,2019-11-08 17:05:00 EST,43.80352,-75.68853,1623,21.2,21.5,21.2,83.6,17.0,0.000,0.003,0.00,0.000,2.4,5.1,1.2,284,19,2.8,6.4,1.2,288,20,2.8,6.4,1.2,288,20,0,28.45,0.4,0,0,0,39.2,43.2,46.8,0.45,0.48,0.41
HARR,2019-11-08 17:10:00 EST,43.80352,-75.68853,1623,21.1,21.3,21.1,83.1,16.8,0.000,0.003,0.00,0.000,2.1,4.1,1.0,276,16,2.5,4.9,1.1,279,16,2.5,4.9,1.1,279,16,0,28.45,0.3,0,0,0,39.2,43.2,46.8,0.45,0.48,0.41
HARR,2019-11-08 17:15:00 EST,43.80352,-75.68853,1623,20.9,21.2,20.9,83.1,16.6,0.000,0.003,0.00,0.000,2.2,4.5,0.8,281,16,2.6,5.5,1.0,285,15,2.6,5.5,1.0,285,15,0,28.45,0.3,0,0,0,39.2,43.2,46.8,0.45,0.47,0.41
HARR,2019-11-08 17:20:00 EST,43.80352,-75.68853,1623,20.4,21.0,20.4,83.6,16.3,0.000,0.003,0.00,0.000,2.1,3.9,0.8,263,8,2.5,5.0,0.9,268,8,2.5,5.0,0.9,268,8,0,28.45,0.2,0,0,0,39.2,43.2,46.8,0.45,0.47,0.41
HARR,2019-11-08 17:25:00 EST,43.80352,-75.68853,1623,19.6,20.5,15.2,85.1,15.9,0.000,0.003,0.00,0.000,2.7,3.7,0.5,259,7,3.0,4.4,0.5,263,8,3.0,4.4,0.5,263,8,0,28.46,0.3,0,0,0,39.2,43.2,46.8,0.45,0.47,0.41
HARR,2019-11-08 17:30:00 EST,43.80352,-75.68853,1623,19.1,20.2,13.3,86.4,15.8,0.000,0.003,0.00,0.000,3.4,5.6,0.7,259,7,3.9,7.0,0.8,263,7,3.9,7.0,0.8,263,7,0,28.46,0.3,0,0,0,39.2,43.2,46.8,0.45,0.47,0.41
HARR,2019-11-08 17:35:00 EST,43.80352,-75.68853,1623,19.0,20.2,13.9,87.5,15.9,0.000,0.003,0.00,0.000,3.0,4.4,0.5,262,8,3.4,4.8,0.6,265,8,3.4,4.8,0.6,265,8,0,28.46,0.3,0,0,0,39.2,43.2,46.8,0.45,0.47,0.41
HARR,2019-11-08 17:40:00 EST,43.80352,-75.68853,1623,18.9,20.1,13.9,88.3,16.0,0.000,0.003,0.00,0.000,2.9,4.2,0.4,264,6,3.3,5.0,0.5,268,6,3.3,5.0,0.5,268,6,0,28.46,0.3,0,0,0,39.2,43.2,46.8,0.45,0.47,0.41
HARR,2019-11-08 17:45:00 EST,43.80352,-75.68853,1623,18.6,19.7,18.6,88.5,15.8,0.000,0.003,0.00,0.000,2.1,2.8,0.4,264,7,2.5,3.4,0.4,267,8,2.5,3.4,0.4,267,8,0,28.46,0.3,0,0,0,39.2,43.1,46.8,0.45,0.47,0.41
HARR,2019-11-08 17:50:00 EST,43.80352,-75.68853,1623,18.8,19.7,18.8,89.4,16.2,0.000,0.003,0.00,0.000,2.5,3.4,0.3,259,4,2.9,4.2,0.4,264,5,2.9,4.2,0.4,264,5,0,28.46,0.3,0,0,0,39.2,43.2,46.8,0.45,0.47,0.41
HARR,2019-11-08 17:55:00 EST,43.80352,-75.68853,1623,18.4,19.6,18.4,90.3,16.0,0.000,0.003,0.00,0.000,2.5,2.9,0.3,254,5,2.8,3.4,0.3,258,5,2.8,3.4,0.3,258,5,0,28.47,0.3,0,0,0,39.2,43.2,46.8,0.45,0.47,0.41
HARR,2019-11-08 18:00:00 EST,43.80352,-75.68853,1623,18.1,19.2,18.1,90.7,15.8,0.000,0.003,0.00,0.000,2.5,3.4,0.3,249,6,2.8,3.8,0.4,254,7,2.8,3.8,0.4,254,7,0,28.47,0.3,0,0,0,39.2,43.2,46.8,0.45,0.47,0.41
HARR,2019-11-08 18:05:00 EST,43.80352,-75.68853,1623,17.9,19.0,17.9,90.9,15.7,0.000,0.003,0.00,0.000,2.6,3.4,0.4,245,8,2.9,4.4,0.6,251,9,2.9,4.4,0.6,251,9,0,28.47,0.3,0,0,0,39.2,43.1,46.8,0.45,0.47,0.41
HARR,2019-11-08 18:10:00 EST,43.80352,-75.68853,1623,17.7,19.0,17.7,90.9,15.5,0.000,0.003,0.00,0.000,2.5,3.4,0.4,249,9,2.8,4.1,0.5,253,9,2.8,4.1,0.5,253,9,0,28.47,0.3,0,0,0,39.2,43.2,46.8,0.45,0.47,0.41
HARR,2019-11-08 18:15:00 EST,43.80352,-75.68853,1623,18.1,19.2,18.1,91.6,16.1,0.000,0.003,0.00,0.000,2.6,3.4,0.4,243,7,2.9,4.1,0.5,249,8,2.9,4.1,0.5,249,8,0,28.47,0.3,0,0,0,39.2,43.2,46.8,0.45,0.47,0.41
HARR,2019-11-08 18:20:00 EST,43.80352,-75.68853,1623,18.1,19.2,18.1,91.0,15.9,0.000,0.003,0.00,0.000,2.7,3.7,0.4,244,4,2.9,4.3,0.5,248,6,2.9,4.3,0.5,248,6,0,28.47,0.3,0,0,0,39.2,43.1,46.8,0.44,0.47,0.41
HARR,2019-11-08 18:25:00 EST,43.80352,-75.68853,1623,17.9,18.9,17.9,90.5,15.6,0.000,0.003,0.00,0.000,2.7,3.7,0.4,242,6,2.9,4.2,0.6,247,8,2.9,4.2,0.6,247,8,0,28.47,0.3,0,0,0,39.2,43.1,46.8,0.45,0.47,0.41
HARR,2019-11-08 18:30:00 EST,43.80352,-75.68853,1623,17.4,18.8,12.4,90.3,15.1,0.000,0.003,0.00,0.000,2.9,4.3,0.5,248,6,3.2,4.9,0.6,252,6,3.2,4.9,0.6,252,6,0,28.47,0.3,0,0,0,39.2,43.0,46.8,0.45,0.47,0.41
HARR,2019-11-08 18:35:00 EST,43.80352,-75.68853,1623,17.3,19.0,12.3,90.8,15.1,0.000,0.003,0.00,0.000,2.9,3.7,0.4,249,6,3.3,4.3,0.5,254,6,3.3,4.3,0.5,254,6,0,28.47,0.3,0,0,0,39.2,43.1,46.8,0.45,0.47,0.41
HARR,2019-11-08 18:40:00 EST,43.80352,-75.68853,1623,17.2,19.0,12.0,90.9,15.0,0.000,0.003,0.00,0.000,3.1,3.9,0.4,246,6,3.4,4.8,0.5,252,6,3.4,4.8,0.5,252,6,0,28.47,0.4,0,0,0,39.2,43.0,46.8,0.44,0.47,0.41
HARR,2019-11-08 18:45:00 EST,43.80352,-75.68853,1623,16.9,18.4,11.8,90.7,14.7,0.000,0.003,0.00,0.000,3.0,5.0,1.0,236,7,3.2,6.0,1.1,241,9,3.2,6.0,1.1,241,9,0,28.48,0.4,0,0,0,39.2,43.0,46.8,0.44,0.47,0.41
HARR,2019-11-08 18:50:00 EST,43.80352,-75.68853,1623,17.0,18.5,17.0,91.1,14.9,0.000,0.003,0.00,0.000,2.5,3.4,0.6,224,8,2.5,3.9,0.6,226,9,2.5,3.9,0.6,226,9,0,28.48,0.3,0,0,0,39.2,43.0,46.8,0.44,0.47,0.41
HARR,2019-11-08 18:55:00 EST,43.80352,-75.68853,1623,17.1,18.3,17.1,90.4,14.8,0.000,0.003,0.00,0.000,1.6,2.8,0.7,221,9,1.8,3.2,0.5,223,11,1.8,3.2,0.5,223,11,0,28.48,0.2,0,0,0,39.2,43.0,46.8,0.44,0.47,0.41
HARR,2019-11-08 19:00:00 EST,43.80352,-75.68853,1623,17.6,18.5,17.6,91.2,15.5,0.000,0.003,0.00,0.000,1.7,2.6,0.5,218,11,1.9,2.9,0.5,220,12,1.9,2.9,0.5,220,12,0,28.48,0.4,0,0,0,39.2,43.0,46.8,0.44,0.47,0.41
HARR,2019-11-08 19:05:00 EST,43.80352,-75.68853,1623,17.4,18.3,17.4,90.8,15.2,0.000,0.003,0.00,0.000,1.6,2.7,0.5,207,10,1.8,2.6,0.4,212,10,1.8,2.6,0.4,212,10,0,28.48,0.3,0,0,0,39.2,43.0,46.8,0.44,0.47,0.41
HARR,2019-11-08 19:10:00 EST,43.80352,-75.68853,1623,16.7,18.4,16.7,89.9,14.2,0.000,0.003,0.00,0.000,2.2,3.3,0.4,213,7,2.2,3.8,0.4,218,8,2.2,3.8,0.4,218,8,0,28.48,0.3,0,0,0,39.2,43.1,46.8,0.44,0.47,0.41
HARR,2019-11-08 19:15:00 EST,43.80352,-75.68853,1623,16.4,18.2,16.4,90.3,14.1,0.000,0.003,0.00,0.000,2.7,3.8,0.4,222,7,2.7,4.9,0.6,226,6,2.7,4.9,0.6,226,6,0,28.48,0.4,0,0,0,39.1,43.0,46.8,0.44,0.47,0.41
HARR,2019-11-08 19:20:00 EST,43.80352,-75.68853,1623,17.0,18.0,17.0,91.2,14.9,0.000,0.003,0.00,0.000,2.7,4.2,0.7,229,9,2.8,4.4,0.7,233,9,2.8,4.4,0.7,233,9,0,28.48,0.4,0,0,0,39.0,43.0,46.8,0.44,0.47,0.41
HARR,2019-11-08 19:25:00 EST,43.80352,-75.68853,1623,16.9,17.8,16.9,90.2,14.6,0.000,0.003,0.00,0.000,2.2,3.7,0.5,230,11,2.3,4.6,0.6,234,12,2.3,4.6,0.6,234,12,0,28.48,0.4,0,0,0,39.0,43.0,46.8,0.44,0.47,0.41
HARR,2019-11-08 19:30:00 EST,43.80352,-75.68853,1623,16.9,17.9,16.9,90.0,14.5,0.000,0.003,0.00,0.000,2.3,3.6,0.5,230,6,2.4,4.1,0.6,234,8,2.4,4.1,0.6,234,8,0,28.48,0.4,0,0,0,39.0,43.0,46.8,0.44,0.47,0.41
HARR,2019-11-08 19:35:00 EST,43.80352,-75.68853,1623,17.1,18.3,17.1,90.0,14.6,0.000,0.003,0.00,0.000,2.7,3.9,0.5,225,10,2.7,4.6,0.6,229,9,2.7,4.6,0.6,229,9,0,28.48,0.4,0,0,0,39.0,43.0,46.8,0.44,0.47,0.41
HARR,2019-11-08 19:40:00 EST,43.80352,-75.68853,1623,16.8,18.0,16.8,88.9,14.1,0.000,0.003,0.00,0.000,2.9,4.2,0.5,217,8,2.9,4.3,0.6,223,8,2.9,4.3,0.6,223,8,0,28.48,0.2,0,0,0,39.0,43.0,46.8,0.44,0.47,0.41
HARR,2019-11-08 19:45:00 EST,43.80352,-75.68853,1623,16.2,17.9,16.2,88.6,13.5,0.000,0.003,0.00,0.000,2.3,4.2,0.5,222,8,2.3,4.5,0.6,225,6,2.3,4.5,0.6,225,6,0,28.48,0.4,0,0,0,39.0,43.0,46.8,0.44,0.47,0.41
HARR,2019-11-08 19:50:00 EST,43.80352,-75.68853,1623,16.8,18.0,16.8,89.8,14.3,0.000,0.003,0.00,0.000,2.7,4.2,0.5,219,10,2.8,4.3,0.6,222,9,2.8,4.3,0.6,222,9,0,28.48,0.4,0,0,0,39.0,43.0,46.8,0.44,0.47,0.41
HARR,2019-11-08 19:55:00 EST,43.80352,-75.68853,1623,16.9,17.9,16.9,89.7,14.4,0.000,0.003,0.00,0.000,2.3,4.4,0.8,222,9,2.4,4.6,0.8,227,11,2.4,4.6,0.8,227,11,0,28.48,0.3,0,0,0,39.0,43.0,46.8,0.44,0.47,0.41
HARR,2019-11-08 20:00:00 EST,43.80352,-75.68853,1623,16.1,18.0,16.1,88.8,13.4,0.000,0.003,0.00,0.000,2.7,3.9,0.7,210,8,2.9,4.6,0.8,214,9,2.9,4.6,0.8,214,9,0,28.48,0.3,0,0,0,39.0,43.0,46.8,0.44,0.47,0.41
HARR,2019-11-08 20:05:00 EST,43.80352,-75.68853,1623,15.7,17.8,10.7,89.0,13.0,0.000,0.003,0.00,0.000,2.9,4.5,1.3,219,6,3.1,5.1,1.2,222,5,3.1,5.1,1.2,222,5,0,28.48,0.3,0,0,0,39.0,43.0,46.8,0.44,0.47,0.41
HARR,2019-11-08 20:10:00 EST,43.80352,-75.68853,1623,15.5,17.7,15.5,89.6,13.0,0.000,0.003,0.00,0.000,2.8,4.5,0.7,223,7,2.8,4.8,0.7,226,7,2.8,4.8,0.7,226,7,0,28.48,0.4,0,0,0,38.9,43.0,46.8,0.44,0.47,0.41
HARR,2019-11-08 20:15:00 EST,43.80352,-75.68853,1623,16.3,17.6,16.3,91.0,14.1,0.000,0.003,0.00,0.000,2.3,4.1,0.8,226,13,2.5,4.5,0.9,229,15,2.5,4.5,0.9,229,15,0,28.48,0.4,0,0,0,38.9,43.0,46.8,0.44,0.47,0.41
HARR,2019-11-08 20:20:00 EST,43.80352,-75.68853,1623,16.6,17.5,16.6,90.9,14.4,0.000,0.003,0.00,0.000,2.0,3.2,0.3,228,8,2.0,3.4,0.4,230,7,2.0,3.4,0.4,230,7,0,28.48,0.4,0,0,0,38.8,43.0,46.8,0.44,0.47,0.41
HARR,2019-11-08 20:25:00 EST,43.80352,-75.68853,1623,15.8,17.4,15.8,89.2,13.1,0.000,0.003,0.00,0.000,2.4,3.7,0.5,215,9,2.5,4.1,0.6,219,9,2.5,4.1,0.6,219,9,0,28.48,0.3,0,0,0,38.8,43.0,46.8,0.44,0.47,0.41
HARR,2019-11-08 20:30:00 EST,43.80352,-75.68853,1623,15.9,17.6,15.9,89.4,13.3,0.000,0.003,0.00,0.000,2.3,3.4,0.4,225,7,2.3,3.7,0.5,229,7,2.3,3.7,0.5,229,7,0,28.48,0.2,0,0,0,38.8,43.0,46.8,0.44,0.47,0.41
HARR,2019-11-08 20:35:00 EST,43.80352,-75.68853,1623,15.3,17.6,15.3,89.6,12.8,0.000,0.003,0.00,0.000,2.3,3.2,0.5,227,7,2.3,3.6,0.6,230,7,2.3,3.6,0.6,230,7,0,28.48,0.4,0,0,0,38.8,43.0,46.7,0.44,0.47,0.41
HARR,2019-11-08 20:40:00 EST,43.80352,-75.68853,1623,15.0,17.7,15.0,89.8,12.5,0.000,0.003,0.00,0.000,2.5,3.8,0.5,229,8,2.4,4.0,0.5,232,9,2.4,4.0,0.5,232,9,0,28.48,0.4,0,0,0,38.8,43.0,46.7,0.44,0.47,0.41
HARR,2019-11-08 20:45:00 EST,43.80352,-75.68853,1623,14.8,17.6,14.8,89.7,12.4,0.000,0.003,0.00,0.000,2.3,3.3,0.4,220,9,2.3,4.1,0.5,224,11,2.3,4.1,0.5,224,11,0,28.48,0.4,0,0,0,38.8,43.0,46.8,0.44,0.47,0.41
HARR,2019-11-08 20:50:00 EST,43.80352,-75.68853,1623,15.2,17.6,15.2,90.9,13.0,0.000,0.003,0.00,0.000,1.7,2.6,0.5,209,12,1.8,3.1,0.5,215,13,1.8,3.1,0.5,215,13,0,28.48,0.4,0,0,0,38.8,43.0,46.8,0.44,0.47,0.41
HARR,2019-11-08 20:55:00 EST,43.80352,-75.68853,1623,14.7,17.6,14.7,90.5,12.5,0.000,0.003,0.00,0.000,1.7,2.2,0.2,205,7,1.9,2.6,0.3,211,10,1.9,2.6,0.3,211,10,0,28.48,0.4,0,0,0,38.8,43.0,46.8,0.44,0.47,0.41
HARR,2019-11-08 21:00:00 EST,43.80352,-75.68853,1623,14.1,17.7,14.1,90.2,11.8,0.000,0.003,0.00,0.000,2.0,3.4,0.6,196,9,2.3,3.9,0.6,199,10,2.3,3.9,0.6,199,10,0,28.48,0.4,0,0,0,38.8,43.0,46.8,0.44,0.47,0.41
HARR,2019-11-08 21:05:00 EST,43.80352,-75.68853,1623,13.7,17.6,13.7,89.6,11.2,0.000,0.003,0.00,0.000,2.5,3.4,0.4,190,7,2.8,3.8,0.4,194,6,2.8,3.8,0.4,194,6,0,28.48,0.4,0,0,0,38.7,43.0,46.8,0.44,0.47,0.41
HARR,2019-11-08 21:10:00 EST,43.80352,-75.68853,1623,14.4,17.2,14.4,90.4,12.1,0.000,0.003,0.00,0.000,2.4,3.3,0.4,191,8,2.8,4.2,0.5,195,8,2.8,4.2,0.5,195,8,0,28.48,0.4,0,0,0,38.7,43.0,46.7,0.44,0.47,0.41
HARR,2019-11-08 21:15:00 EST,43.80352,-75.68853,1623,14.8,17.1,9.7,90.6,12.5,0.000,0.003,0.00,0.000,2.8,3.7,0.4,192,8,3.0,4.0,0.4,195,7,3.0,4.0,0.4,195,7,0,28.48,0.4,0,0,0,38.7,43.0,46.7,0.44,0.47,0.41
HARR,2019-11-08 21:20:00 EST,43.80352,-75.68853,1623,14.8,17.0,14.8,90.2,12.4,0.000,0.003,0.00,0.000,2.4,4.2,0.7,200,8,2.6,4.3,0.8,202,9,2.6,4.3,0.8,202,9,0,28.48,0.4,0,0,0,38.7,43.0,46.7,0.45,0.47,0.41
HARR,2019-11-08 21:25:00 EST,43.80352,-75.68853,1623,15.2,16.6,15.2,90.7,13.0,0.000,0.003,0.00,0.000,2.3,4.2,0.9,204,13,2.7,4.4,0.8,207,13,2.7,4.4,0.8,207,13,0,28.48,0.4,0,0,0,38.7,43.0,46.7,0.45,0.47,0.41
HARR,2019-11-08 21:30:00 EST,43.80352,-75.68853,1623,15.3,16.8,9.1,91.1,13.2,0.000,0.003,0.00,0.000,3.7,5.6,0.7,217,8,3.8,5.9,0.9,221,5,3.8,5.9,0.9,221,5,0,28.48,0.4,0,0,0,38.7,43.0,46.7,0.45,0.47,0.41
HARR,2019-11-08 21:35:00 EST,43.80352,-75.68853,1623,15.6,17.5,7.8,90.8,13.4,0.000,0.003,0.00,0.000,4.7,7.3,0.8,221,8,5.0,7.2,0.9,222,7,5.0,7.2,0.9,222,7,0,28.48,0.5,0,0,0,38.7,43.0,46.6,0.44,0.47,0.41
HARR,2019-11-08 21:40:00 EST,43.80352,-75.68853,1623,16.8,17.9,9.8,90.3,14.4,0.000,0.003,0.00,0.000,4.2,6.1,1.0,218,10,4.5,6.8,1.1,219,8,4.5,6.8,1.1,219,8,0,28.48,0.5,0,0,0,38.7,43.0,46.6,0.44,0.47,0.41
HARR,2019-11-08 21:45:00 EST,43.80352,-75.68853,1623,17.2,17.8,9.5,89.4,14.7,0.000,0.003,0.00,0.000,4.9,6.6,1.0,208,10,5.2,6.9,1.0,211,10,5.2,6.9,1.0,211,10,0,28.48,0.5,0,0,0,38.7,43.0,46.6,0.44,0.47,0.41
HARR,2019-11-08 21:50:00 EST,43.80352,-75.68853,1623,17.7,18.1,8.7,89.1,15.0,0.000,0.003,0.00,0.000,6.1,9.6,1.0,204,10,6.5,10.0,1.0,206,9,6.5,10.0,1.0,206,9,0,28.48,0.5,0,0,0,38.6,43.0,46.6,0.44,0.47,0.41
HARR,2019-11-08 21:55:00 EST,43.80352,-75.68853,1623,17.9,18.2,10.3,89.3,15.3,0.000,0.003,0.00,0.000,4.8,7.0,1.0,205,10,5.2,8.5,1.0,210,9,5.2,8.5,1.0,210,9,0,28.48,0.5,0,0,0,38.5,43.0,46.6,0.44,0.47,0.41
HARR,2019-11-08 22:00:00 EST,43.80352,-75.68853,1623,17.8,18.2,11.0,89.6,15.2,0.000,0.003,0.00,0.000,4.2,6.1,0.8,212,12,4.5,7.0,0.9,215,11,4.5,7.0,0.9,215,11,0,28.48,0.5,0,0,0,38.5,43.0,46.6,0.44,0.47,0.41
HARR,2019-11-08 22:05:00 EST,43.80352,-75.68853,1623,17.6,18.3,10.7,90.1,15.2,0.000,0.003,0.00,0.000,4.2,7.5,0.8,209,11,4.6,7.9,0.9,213,10,4.6,7.9,0.9,213,10,0,28.48,0.5,0,0,0,38.5,43.0,46.6,0.44,0.47,0.41
HARR,2019-11-08 22:10:00 EST,43.80352,-75.68853,1623,17.8,18.3,11.1,91.0,15.6,0.000,0.003,0.00,0.000,4.2,6.0,0.8,210,8,4.5,6.0,0.9,214,9,4.5,6.0,0.9,214,9,0,28.48,0.5,0,0,0,38.5,43.0,46.6,0.44,0.47,0.41
HARR,2019-11-08 22:15:00 EST,43.80352,-75.68853,1623,18.0,18.4,11.6,91.3,15.9,0.000,0.003,0.00,0.000,3.9,5.4,0.7,205,9,4.2,6.1,0.8,208,10,4.2,6.1,0.8,208,10,0,28.48,0.5,0,0,0,38.5,43.0,46.6,0.44,0.47,0.41
HARR,2019-11-08 22:20:00 EST,43.80352,-75.68853,1623,17.9,18.4,12.3,91.5,15.9,0.000,0.003,0.00,0.000,3.5,6.0,0.9,206,14,3.7,6.6,1.1,209,15,3.7,6.6,1.1,209,15,0,28.48,0.5,0,0,0,38.5,43.0,46.6,0.44,0.47,0.41
HARR,2019-11-08 22:25:00 EST,43.80352,-75.68853,1623,17.9,18.5,11.8,91.8,15.9,0.000,0.003,0.00,0.000,3.7,6.2,1.0,205,12,4.0,6.5,1.2,207,12,4.0,6.5,1.2,207,12,0,28.47,0.5,0,0,0,38.5,43.0,46.6,0.44,0.47,0.41
HARR,2019-11-08 22:30:00 EST,43.80352,-75.68853,1623,17.6,18.4,17.6,91.6,15.6,0.000,0.003,0.00,0.000,2.0,4.0,0.8,220,13,2.2,4.2,0.8,226,16,2.2,4.2,0.8,226,16,0,28.47,0.5,0,0,0,38.5,43.0,46.6,0.44,0.47,0.41
HARR,2019-11-08 22:35:00 EST,43.80352,-75.68853,1623,17.7,18.4,12.6,92.4,15.9,0.000,0.003,0.00,0.000,3.2,5.3,0.9,218,11,3.3,6.0,0.9,221,11,3.3,6.0,0.9,221,11,0,28.47,0.4,0,0,0,38.5,43.0,46.6,0.44,0.47,0.41
HARR,2019-11-08 22:40:00 EST,43.80352,-75.68853,1623,17.4,18.2,11.8,92.2,15.5,0.000,0.003,0.00,0.000,3.4,4.9,0.7,216,11,3.6,5.2,0.9,218,11,3.6,5.2,0.9,218,11,0,28.47,0.5,0,0,0,38.3,43.0,46.6,0.44,0.47,0.41
HARR,2019-11-08 22:45:00 EST,43.80352,-75.68853,1623,17.1,18.2,9.8,92.4,15.2,0.000,0.003,0.00,0.000,4.5,5.6,0.5,210,8,4.8,6.8,0.6,213,8,4.8,6.8,0.6,213,8,0,28.47,0.4,0,0,0,38.3,43.0,46.6,0.44,0.47,0.41
HARR,2019-11-08 22:50:00 EST,43.80352,-75.68853,1623,17.1,18.1,9.8,92.7,15.4,0.000,0.003,0.00,0.000,4.5,6.1,0.8,206,9,4.9,6.4,0.9,209,9,4.9,6.4,0.9,209,9,0,28.47,0.5,0,0,0,38.3,43.0,46.6,0.44,0.47,0.41
HARR,2019-11-08 22:55:00 EST,43.80352,-75.68853,1623,17.1,17.9,10.2,92.5,15.3,0.000,0.003,0.00,0.000,4.2,6.9,0.9,202,10,4.5,7.5,1.1,205,11,4.5,7.5,1.1,205,11,0,28.47,0.5,0,0,0,38.3,43.0,46.6,0.44,0.47,0.41
HARR,2019-11-08 23:00:00 EST,43.80352,-75.68853,1623,17.1,17.8,10.2,92.5,15.3,0.000,0.003,0.00,0.000,4.1,6.2,0.7,192,10,4.5,6.9,0.9,194,9,4.5,6.9,0.9,194,9,0,28.47,0.5,0,0,0,38.3,43.0,46.6,0.44,0.47,0.41
HARR,2019-11-08 23:05:00 EST,43.80352,-75.68853,1623,16.9,17.6,9.6,92.4,15.0,0.000,0.003,0.00,0.000,4.4,6.2,0.8,206,11,4.8,7.1,0.9,207,10,4.8,7.1,0.9,207,10,0,28.47,0.5,0,0,0,38.3,43.0,46.6,0.44,0.47,0.41
HARR,2019-11-08 23:10:00 EST,43.80352,-75.68853,1623,16.8,17.5,10.5,92.3,15.0,0.000,0.003,0.00,0.000,3.8,5.9,1.0,212,12,4.0,6.8,1.3,214,11,4.0,6.8,1.3,214,11,0,28.47,0.5,0,0,0,38.3,42.9,46.6,0.44,0.47,0.41
HARR,2019-11-08 23:15:00 EST,43.80352,-75.68853,1623,16.9,17.4,8.4,92.5,15.2,0.000,0.003,0.00,0.000,5.5,7.8,0.8,211,10,5.9,8.5,0.9,214,8,5.9,8.5,0.9,214,8,0,28.47,0.5,0,0,0,38.3,43.0,46.6,0.44,0.47,0.41
HARR,2019-11-08 23:20:00 EST,43.80352,-75.68853,1623,16.7,17.1,7.8,92.2,14.8,0.000,0.003,0.00,0.000,5.9,8.3,0.9,213,9,6.2,9.0,1.0,215,8,6.2,9.0,1.0,215,8,0,28.47,0.5,0,0,0,38.3,43.0,46.6,0.44,0.47,0.41
HARR,2019-11-08 23:25:00 EST,43.80352,-75.68853,1623,16.6,17.0,7.1,92.2,14.7,0.000,0.003,0.00,0.000,6.4,9.6,1.3,213,11,6.8,10.1,1.4,214,11,6.8,10.1,1.4,214,11,0,28.47,0.5,0,0,0,38.3,42.9,46.6,0.44,0.45,0.41
HARR,2019-11-08 23:30:00 EST,43.80352,-75.68853,1623,16.6,16.9,6.0,91.9,14.6,0.000,0.003,0.00,0.000,7.6,10.6,1.3,206,9,8.1,11.8,1.3,208,7,8.1,11.8,1.3,208,7,0,28.47,0.5,0,0,0,38.3,43.0,46.6,0.44,0.45,0.41
HARR,2019-11-08 23:35:00 EST,43.80352,-75.68853,1623,16.4,16.6,6.4,91.9,14.5,0.000,0.003,0.00,0.000,7.1,10.4,1.2,204,12,7.4,11.2,1.3,206,10,7.4,11.2,1.3,206,10,0,28.47,0.5,0,0,0,38.3,42.9,46.6,0.44,0.45,0.41
HARR,2019-11-08 23:40:00 EST,43.80352,-75.68853,1623,16.3,16.5,6.5,92.3,14.5,0.000,0.003,0.00,0.000,6.8,9.1,1.1,206,9,7.2,10.3,1.2,208,10,7.2,10.3,1.2,208,10,0,28.47,0.5,0,0,0,38.3,42.9,46.6,0.44,0.45,0.41
HARR,2019-11-08 23:45:00 EST,43.80352,-75.68853,1623,16.0,16.2,6.6,92.4,14.2,0.000,0.003,0.00,0.000,6.1,8.6,1.2,205,11,6.6,9.3,1.2,207,10,6.6,9.3,1.2,207,10,0,28.47,0.5,0,0,0,38.3,42.9,46.6,0.44,0.45,0.41
HARR,2019-11-08 23:50:00 EST,43.80352,-75.68853,1623,15.7,15.8,5.2,92.9,14.0,0.000,0.003,0.00,0.000,7.1,11.8,1.7,206,11,7.7,13.1,1.8,208,10,7.7,13.1,1.8,208,10,0,28.47,0.5,0,0,0,38.3,42.9,46.6,0.44,0.45,0.41
HARR,2019-11-08 23:55:00 EST,43.80352,-75.68853,1623,15.5,15.6,5.2,94.0,14.1,0.000,0.003,0.00,0.000,7.0,10.1,1.1,199,10,7.5,11.0,1.3,200,9,7.5,11.0,1.3,200,9,0,28.47,0.5,0,0,0,38.3,42.8,46.6,0.44,0.45,0.41
HART,2019-11-08 00:00:00 EST,42.21122,-77.68974,2394,22.7,22.5,14.8,96.2,21.8,0.000,0.183,0.00,0.000,4.9,6.3,0.7,267,8,6.4,8.5,0.9,270,6,6.4,8.5,0.9,270,6,0,27.53,0.2,0,0,0,39.5,42.6,45.1,0.40,0.26,0.47
HART,2019-11-08 00:05:00 EST,42.21122,-77.68974,2394,22.7,22.5,14.2,96.6,21.9,0.000,0.000,0.00,0.000,5.6,7.2,0.8,265,10,7.1,9.6,1.2,268,9,7.1,9.6,1.2,268,9,0,27.53,0.4,0,0,0,39.5,42.6,45.1,0.40,0.26,0.47
HART,2019-11-08 00:10:00 EST,42.21122,-77.68974,2394,22.8,22.6,14.3,96.6,22.0,0.000,0.000,0.00,0.000,5.6,8.2,1.0,265,8,7.1,11.0,1.5,268,7,7.1,11.0,1.5,268,7,0,27.53,0.5,0,0,0,39.5,42.6,45.1,0.40,0.26,0.47
HART,2019-11-08 00:15:00 EST,42.21122,-77.68974,2394,22.9,22.7,14.3,96.3,22.0,0.000,0.000,0.00,0.000,5.6,8.4,1.1,279,9,7.3,10.6,1.4,281,7,7.3,10.6,1.4,281,7,0,27.53,0.7,0,0,0,39.5,42.6,45.1,0.40,0.26,0.47
HART,2019-11-08 00:20:00 EST,42.21122,-77.68974,2394,22.8,22.6,14.5,96.7,22.0,0.004,0.004,0.00,0.004,5.4,7.7,0.8,279,8,7.0,10.2,1.1,281,6,7.0,10.2,1.1,281,6,0,27.53,0.8,0,0,0,39.4,42.6,45.1,0.40,0.26,0.47
HART,2019-11-08 00:25:00 EST,42.21122,-77.68974,2394,22.8,22.6,14.5,97.0,22.1,0.000,0.004,0.00,0.004,5.3,6.8,0.8,279,6,6.9,9.3,1.2,282,5,6.9,9.3,1.2,282,5,0,27.53,0.6,0,0,0,39.4,42.6,45.1,0.40,0.26,0.47
HART,2019-11-08 00:30:00 EST,42.21122,-77.68974,2394,22.8,22.6,14.0,97.3,22.2,0.000,0.004,0.00,0.004,5.8,7.5,0.8,281,8,7.5,10.0,1.2,283,6,7.5,10.0,1.2,283,6,0,27.53,0.6,0,0,0,39.6,42.6,45.1,0.40,0.26,0.47
HART,2019-11-08 00:35:00 EST,42.21122,-77.68974,2394,22.9,22.7,13.8,97.5,22.3,0.000,0.004,0.00,0.004,6.1,8.7,0.9,277,11,7.8,11.7,1.4,280,9,7.8,11.7,1.4,280,9,0,27.53,0.8,0,0,0,39.5,42.6,45.1,0.40,0.26,0.47
HART,2019-11-08 00:40:00 EST,42.21122,-77.68974,2394,22.9,22.7,15.1,97.3,22.2,0.000,0.004,0.00,0.004,4.8,7.5,1.0,276,8,6.2,9.4,1.3,279,6,6.2,9.4,1.3,279,6,0,27.52,0.8,0,0,0,39.5,42.6,45.1,0.40,0.26,0.47
HART,2019-11-08 00:45:00 EST,42.21122,-77.68974,2394,22.9,22.7,14.4,97.4,22.2,0.000,0.004,0.00,0.004,5.6,7.2,0.8,283,10,7.1,10.0,1.2,285,9,7.1,10.0,1.2,285,9,0,27.52,,0,0,0,39.5,42.6,45.1,0.40,0.26,0.47
HART,2019-11-08 00:50:00 EST,42.21122,-77.68974,2394,22.9,22.7,14.6,97.6,22.3,0.000,0.004,0.00,0.004,5.5,7.5,0.8,287,9,6.9,10.1,1.2,290,7,6.9,10.1,1.2,290,7,0,27.52,0.7,0,0,0,39.4,42.6,45.1,0.40,0.26,0.47
HART,2019-11-08 00:55:00 EST,42.21122,-77.68974,2394,23.0,22.8,14.6,97.3,22.3,0.000,0.004,0.00,0.004,5.8,8.3,1.0,298,11,7.0,9.8,1.2,301,11,7.0,9.8,1.2,301,11,0,27.52,0.7,0,0,0,39.4,42.6,45.1,0.40,0.26,0.47
HART,2019-11-08 01:00:00 EST,42.21122,-77.68974,2394,23.0,22.8,14.3,96.7,22.2,0.000,0.004,0.00,0.004,6.4,8.3,0.8,301,14,7.5,9.8,0.9,306,11,7.5,9.8,0.9,306,11,0,27.52,0.7,0,0,0,39.4,42.6,45.1,0.40,0.26,0.47
HART,2019-11-08 01:05:00 EST,42.21122,-77.68974,2394,23.1,22.9,13.9,96.1,22.1,0.000,0.004,0.00,0.004,6.9,9.1,1.1,307,11,8.1,12.3,1.4,311,11,8.1,12.3,1.4,311,11,0,27.53,0.5,0,0,0,39.5,42.6,45.1,0.40,0.26,0.47
HART,2019-11-08 01:10:00 EST,42.21122,-77.68974,2394,23.1,22.9,12.9,94.6,21.8,0.000,0.004,0.00,0.004,8.0,11.2,1.5,314,16,9.7,13.6,1.9,319,16,9.7,13.6,1.9,319,16,0,27.52,,0,0,0,39.4,42.6,45.1,0.40,0.26,0.47
HART,2019-11-08 01:15:00 EST,42.21122,-77.68974,2394,23.0,22.8,12.5,95.0,21.7,0.006,0.009,0.00,0.009,8.1,12.1,1.5,335,9,10.0,16.5,2.1,339,8,10.0,16.5,2.1,339,8,0,27.52,,0,0,0,39.4,42.6,45.1,0.40,0.26,0.47
HART,2019-11-08 01:20:00 EST,42.21122,-77.68974,2394,22.9,22.7,13.3,95.8,21.9,0.004,0.013,0.00,0.009,7.3,9.9,1.2,322,11,8.7,12.8,1.5,327,11,8.7,12.8,1.5,327,11,0,27.52,,0,0,0,39.4,42.6,45.1,0.40,0.26,0.47
HART,2019-11-08 01:25:00 EST,42.21122,-77.68974,2394,22.9,22.7,12.7,96.7,22.1,0.000,0.013,0.00,0.009,8.1,13.4,2.2,318,11,9.6,14.9,2.5,321,11,9.6,14.9,2.5,321,11,0,27.53,,0,0,0,39.4,42.6,45.1,0.40,0.26,0.47
HART,2019-11-08 01:30:00 EST,42.21122,-77.68974,2394,22.9,22.7,11.7,95.5,21.8,0.000,0.013,0.00,0.009,9.9,13.9,1.6,313,14,11.4,17.1,1.7,317,13,11.4,17.1,1.7,317,13,0,27.53,,0,0,0,39.5,42.6,45.1,0.40,0.26,0.47
HART,2019-11-08 01:35:00 EST,42.21122,-77.68974,2394,23.0,22.8,11.9,95.6,21.9,0.000,0.013,0.00,0.009,9.4,15.9,2.0,299,13,11.1,19.1,2.3,304,11,11.1,19.1,2.3,304,11,0,27.53,0.1,0,0,0,39.4,42.5,45.1,0.40,0.26,0.47
HART,2019-11-08 01:40:00 EST,42.21122,-77.68974,2394,23.0,22.8,11.0,94.5,21.7,0.000,0.013,0.00,0.009,11.2,16.3,2.3,303,11,12.9,19.7,2.5,309,10,12.9,19.7,2.5,309,10,0,27.53,0.0,0,0,0,39.4,42.6,45.1,0.40,0.26,0.47
HART,2019-11-08 01:45:00 EST,42.21122,-77.68974,2394,23.1,22.9,10.9,92.8,21.3,0.000,0.013,0.00,0.009,11.4,15.1,1.7,297,13,13.3,18.7,2.0,305,11,13.3,18.7,2.0,305,11,0,27.53,,0,0,0,39.4,42.5,45.1,0.40,0.26,0.47
HART,2019-11-08 01:50:00 EST,42.21122,-77.68974,2394,23.0,22.9,10.8,92.0,21.1,0.000,0.013,0.00,0.009,11.6,15.3,1.9,298,14,13.6,19.0,2.3,306,9,13.6,19.0,2.3,306,9,0,27.53,,0,0,0,39.4,42.6,45.1,0.40,0.26,0.47
HART,2019-11-08 01:55:00 EST,42.21122,-77.68974,2394,23.0,22.8,11.4,91.9,21.0,0.000,0.013,0.00,0.009,10.6,15.9,2.2,309,9,12.1,19.2,2.6,314,9,12.1,19.2,2.6,314,9,0,27.53,,0,0,0,39.4,42.5,45.1,0.40,0.26,0.47
HART,2019-11-08 02:00:00 EST,42.21122,-77.68974,2394,23.0,22.8,10.6,91.8,21.0,0.000,0.013,0.00,0.009,12.0,16.3,1.9,308,12,13.8,18.2,2.2,313,9,13.8,18.2,2.2,313,9,0,27.53,,0,0,0,39.4,42.5,45.1,0.40,0.26,0.47
HART,2019-11-08 02:05:00 EST,42.21122,-77.68974,2394,22.9,22.8,10.9,91.0,20.7,0.000,0.013,0.00,0.009,11.3,14.8,1.7,312,12,13.0,17.6,2.0,317,9,13.0,17.6,2.0,317,9,0,27.53,0.1,0,0,0,39.4,42.4,45.1,0.40,0.26,0.47
HART,2019-11-08 02:10:00 EST,42.21122,-77.68974,2394,22.9,22.7,11.0,90.8,20.6,0.000,0.013,0.00,0.009,10.9,14.3,1.5,315,14,12.6,17.5,1.8,320,11,12.6,17.5,1.8,320,11,0,27.53,-0.1,0,0,0,39.4,42.5,45.1,0.40,0.26,0.47
HART,2019-11-08 02:15:00 EST,42.21122,-77.68974,2394,22.8,22.6,11.8,91.4,20.7,0.000,0.013,0.00,0.004,9.5,14.0,1.9,318,12,11.0,16.0,2.0,322,9,11.0,16.0,2.0,322,9,0,27.53,0.3,0,0,0,39.4,42.5,45.1,0.40,0.26,0.47
HART,2019-11-08 02:20:00 EST,42.21122,-77.68974,2394,22.8,22.6,11.3,92.2,20.8,0.000,0.013,0.00,0.000,10.0,15.1,1.9,319,11,11.7,17.8,2.2,326,10,11.7,17.8,2.2,326,10,0,27.53,0.4,0,0,0,39.4,42.4,45.1,0.40,0.26,0.47
HART,2019-11-08 02:25:00 EST,42.21122,-77.68974,2394,22.7,22.5,11.5,92.8,21.0,0.000,0.013,0.00,0.000,9.5,13.3,1.3,321,15,11.3,16.1,1.5,327,13,11.3,16.1,1.5,327,13,0,27.53,0.5,0,0,0,39.4,42.4,45.1,0.40,0.26,0.47
HART,2019-11-08 02:30:00 EST,42.21122,-77.68974,2394,22.7,22.5,11.3,92.9,21.0,0.000,0.013,0.00,0.000,9.6,13.1,1.7,329,11,11.7,17.9,2.3,335,11,11.7,17.9,2.3,335,11,0,27.53,0.5,0,0,0,39.4,42.4,45.1,0.40,0.26,0.47
HART,2019-11-08 02:35:00 EST,42.21122,-77.68974,2394,22.6,22.5,11.8,93.7,21.1,0.000,0.013,0.00,0.000,9.0,13.7,1.7,326,10,10.6,15.1,1.8,329,9,10.6,15.1,1.8,329,9,0,27.53,0.5,0,0,0,39.4,42.4,45.1,0.40,0.26,0.47
HART,2019-11-08 02:40:00 EST,42.21122,-77.68974,2394,22.6,22.4,10.2,91.7,20.5,0.000,0.013,0.00,0.000,11.3,16.1,2.3,327,11,13.6,20.4,2.9,332,10,13.6,20.4,2.9,332,10,0,27.53,0.5,0,0,0,39.4,42.4,45.1,0.40,0.26,0.47
HART,2019-11-08 02:45:00 EST,42.21122,-77.68974,2394,22.4,22.3,10.9,90.6,20.1,0.000,0.013,0.00,0.000,9.9,14.2,1.8,326,10,11.7,17.3,2.0,332,10,11.7,17.3,2.0,332,10,0,27.53,0.5,0,0,0,39.4,42.4,45.1,0.40,0.26,0.47
HART,2019-11-08 02:50:00 EST,42.21122,-77.68974,2394,22.4,22.3,10.5,90.3,20.0,0.000,0.013,0.00,0.000,10.7,13.5,1.3,322,12,12.6,17.6,1.8,328,12,12.6,17.6,1.8,328,12,0,27.53,0.6,0,0,0,39.4,42.4,45.1,0.40,0.26,0.47
HART,2019-11-08 02:55:00 EST,42.21122,-77.68974,2394,22.4,22.2,8.8,89.5,19.8,0.000,0.013,0.00,0.000,14.3,21.0,2.6,313,14,16.2,23.7,2.8,319,10,16.2,23.7,2.8,319,10,0,27.53,0.5,0,0,0,39.4,42.4,45.1,0.40,0.26,0.47
HART,2019-11-08 03:00:00 EST,42.21122,-77.68974,2394,22.2,22.1,10.0,89.6,19.6,0.000,0.013,0.00,0.000,11.3,17.4,1.6,320,12,13.0,18.5,1.9,327,9,13.0,18.5,1.9,327,9,0,27.53,0.5,0,0,0,39.4,42.4,45.1,0.40,0.26,0.47
HART,2019-11-08 03:05:00 EST,42.21122,-77.68974,2394,22.0,21.9,9.1,89.3,19.3,0.000,0.013,0.00,0.000,12.2,17.2,2.3,320,12,14.2,21.8,3.0,327,12,14.2,21.8,3.0,327,12,0,27.53,0.5,0,0,0,39.4,42.4,45.1,0.40,0.26,0.47
HART,2019-11-08 03:10:00 EST,42.21122,-77.68974,2394,21.9,21.8,8.8,89.0,19.1,0.000,0.013,0.00,0.000,12.4,19.1,2.1,326,13,14.5,23.8,2.5,330,11,14.5,23.8,2.5,330,11,0,27.53,0.5,0,0,0,39.4,42.4,45.1,0.40,0.26,0.47
HART,2019-11-08 03:15:00 EST,42.21122,-77.68974,2394,21.8,21.7,9.6,89.8,19.2,0.000,0.013,0.00,0.000,10.6,16.0,1.9,329,10,12.6,18.9,2.3,334,8,12.6,18.9,2.3,334,8,0,27.53,0.4,0,0,0,39.4,42.4,45.1,0.40,0.26,0.47
HART,2019-11-08 03:20:00 EST,42.21122,-77.68974,2394,21.8,21.7,8.9,89.7,19.3,0.000,0.013,0.00,0.000,11.6,17.3,2.2,331,10,14.2,20.4,2.8,337,9,14.2,20.4,2.8,337,9,0,27.53,0.5,0,0,0,39.4,42.4,45.1,0.40,0.26,0.47
HART,2019-11-08 03:25:00 EST,42.21122,-77.68974,2394,21.8,21.6,9.1,90.7,19.5,0.000,0.013,0.00,0.000,11.2,15.7,1.7,333,11,13.6,19.4,2.3,339,10,13.6,19.4,2.3,339,10,0,27.53,0.2,0,0,0,39.3,42.4,45.1,0.40,0.26,0.47
HART,2019-11-08 03:30:00 EST,42.21122,-77.68974,2394,21.7,21.6,10.2,90.7,19.5,0.000,0.013,0.00,0.000,9.6,14.5,1.6,326,11,11.4,16.6,2.0,332,10,11.4,16.6,2.0,332,10,0,27.54,0.2,0,0,0,39.3,42.4,45.1,0.40,0.26,0.47
HART,2019-11-08 03:35:00 EST,42.21122,-77.68974,2394,21.6,21.5,9.5,91.1,19.4,0.000,0.013,0.00,0.000,10.5,14.7,1.6,330,11,12.6,17.1,1.8,335,9,12.6,17.1,1.8,335,9,0,27.54,-0.4,0,0,0,39.2,42.4,45.1,0.40,0.26,0.47
HART,2019-11-08 03:40:00 EST,42.21122,-77.68974,2394,21.3,21.3,10.0,91.4,19.2,0.000,0.013,0.00,0.000,8.9,12.3,1.4,329,15,10.7,15.8,1.6,334,12,10.7,15.8,1.6,334,12,0,27.53,-0.3,0,0,0,39.2,42.4,45.1,0.40,0.26,0.47
HART,2019-11-08 03:45:00 EST,42.21122,-77.68974,2394,21.2,21.2,9.7,91.7,19.2,0.000,0.013,0.00,0.000,9.3,12.7,1.3,327,10,11.1,16.0,1.7,332,9,11.1,16.0,1.7,332,9,0,27.54,-0.4,0,0,0,39.2,42.4,45.1,0.40,0.26,0.47
HART,2019-11-08 03:50:00 EST,42.21122,-77.68974,2394,21.3,21.3,10.5,92.1,19.4,0.000,0.013,0.00,0.000,8.2,10.8,1.4,331,11,10.0,14.5,1.7,335,10,10.0,14.5,1.7,335,10,0,27.54,-0.5,0,0,0,39.2,42.4,45.1,0.40,0.26,0.47
HART,2019-11-08 03:55:00 EST,42.21122,-77.68974,2394,21.4,21.3,10.6,92.4,19.5,0.000,0.013,0.00,0.000,8.4,11.0,1.4,324,11,10.0,13.8,1.7,328,10,10.0,13.8,1.7,328,10,0,27.54,-0.5,0,0,0,39.2,42.4,45.1,0.40,0.26,0.47
HART,2019-11-08 04:00:00 EST,42.21122,-77.68974,2394,21.5,21.3,10.4,92.4,19.6,0.000,0.013,0.00,0.000,8.9,14.0,1.7,326,8,10.4,15.4,2.0,329,7,10.4,15.4,2.0,329,7,0,27.54,-0.5,0,0,0,39.2,42.4,45.1,0.40,0.26,0.47
HART,2019-11-08 04:05:00 EST,42.21122,-77.68974,2394,21.5,21.4,10.5,92.1,19.6,0.000,0.013,0.00,0.000,8.9,14.8,1.9,325,11,10.4,16.2,2.1,329,11,10.4,16.2,2.1,329,11,0,27.54,-0.5,0,0,0,39.2,42.4,45.1,0.40,0.26,0.47
HART,2019-11-08 04:10:00 EST,42.21122,-77.68974,2394,21.5,21.4,10.7,91.7,19.5,0.000,0.013,0.00,0.000,8.7,14.2,2.0,323,12,10.1,16.1,2.1,327,10,10.1,16.1,2.1,327,10,0,27.54,-0.6,0,0,0,39.2,42.4,45.1,0.40,0.26,0.47
HART,2019-11-08 04:15:00 EST,42.21122,-77.68974,2394,21.5,21.4,10.1,91.8,19.5,0.000,0.013,0.00,0.000,9.1,14.7,1.9,331,13,11.1,19.1,2.5,337,11,11.1,19.1,2.5,337,11,0,27.54,-0.5,0,0,0,39.2,42.4,45.1,0.40,0.26,0.47
HART,2019-11-08 04:20:00 EST,42.21122,-77.68974,2394,21.4,21.3,8.8,91.6,19.4,0.000,0.013,0.00,0.000,11.2,15.3,1.9,329,15,13.4,19.3,2.4,335,10,13.4,19.3,2.4,335,10,0,27.54,-0.5,0,0,0,39.2,42.4,45.1,0.40,0.26,0.47
HART,2019-11-08 04:25:00 EST,42.21122,-77.68974,2394,21.3,21.2,9.7,91.3,19.2,0.000,0.013,0.00,0.000,9.2,12.0,1.2,335,14,11.4,15.1,1.6,340,12,11.4,15.1,1.6,340,12,0,27.54,-0.5,0,0,0,39.2,42.4,45.1,0.40,0.26,0.47
HART,2019-11-08 04:30:00 EST,42.21122,-77.68974,2394,21.2,21.1,8.5,91.1,19.0,0.000,0.013,0.00,0.000,10.9,16.7,2.3,337,15,13.5,21.4,3.2,343,11,13.5,21.4,3.2,343,11,0,27.54,-0.4,0,0,0,39.2,42.4,45.1,0.40,0.26,0.47
HART,2019-11-08 04:35:00 EST,42.21122,-77.68974,2394,21.0,20.9,7.7,88.7,18.2,0.000,0.013,0.00,0.000,11.7,18.3,2.3,343,17,14.6,23.0,2.8,348,9,14.6,23.0,2.8,348,9,0,27.54,-0.5,0,0,0,39.2,42.4,45.1,0.40,0.26,0.47
HART,2019-11-08 04:40:00 EST,42.21122,-77.68974,2394,20.9,20.8,7.3,86.3,17.5,0.000,0.013,0.00,0.000,12.8,18.4,2.5,335,10,15.3,23.6,3.1,341,10,15.3,23.6,3.1,341,10,0,27.55,-0.4,0,0,0,39.2,42.4,45.1,0.40,0.26,0.47
HART,2019-11-08 04:45:00 EST,42.21122,-77.68974,2394,20.8,20.7,8.8,87.0,17.6,0.000,0.013,0.00,0.000,9.9,14.5,1.7,334,11,11.9,18.7,2.2,338,10,11.9,18.7,2.2,338,10,0,27.55,-0.5,0,0,0,39.2,42.4,45.1,0.40,0.26,0.47
HART,2019-11-08 04:50:00 EST,42.21122,-77.68974,2394,20.8,20.6,9.7,87.6,17.7,0.000,0.013,0.00,0.000,8.4,12.1,1.4,326,15,10.1,14.8,1.7,332,13,10.1,14.8,1.7,332,13,0,27.55,-0.4,0,0,0,39.2,42.4,45.1,0.40,0.26,0.47
HART,2019-11-08 04:55:00 EST,42.21122,-77.68974,2394,20.8,20.6,9.7,88.3,17.8,0.000,0.013,0.00,0.000,8.7,12.7,1.6,323,10,10.2,14.1,1.5,327,9,10.2,14.1,1.5,327,9,0,27.55,-0.4,0,0,0,39.2,42.4,45.0,0.40,0.26,0.47
HART,2019-11-08 05:00:00 EST,42.21122,-77.68974,2394,20.7,20.6,9.8,89.5,18.1,0.000,0.013,0.00,0.000,8.3,11.8,1.3,333,9,9.9,14.1,1.6,338,9,9.9,14.1,1.6,338,9,0,27.55,-0.4,0,0,0,39.2,42.4,45.0,0.40,0.26,0.47
HART,2019-11-08 05:05:00 EST,42.21122,-77.68974,2394,20.7,20.6,9.0,89.5,18.1,0.000,0.013,0.00,0.000,9.6,14.0,2.2,326,14,11.3,16.9,2.6,330,13,11.3,16.9,2.6,330,13,0,27.56,-0.4,0,0,0,39.2,42.4,45.0,0.40,0.26,0.47
HART,2019-11-08 05:10:00 EST,42.21122,-77.68974,2394,20.8,20.7,9.4,88.2,17.9,0.000,0.013,0.00,0.000,9.5,13.1,1.6,322,10,10.7,15.2,1.8,326,8,10.7,15.2,1.8,326,8,0,27.56,-0.4,0,0,0,39.2,42.4,45.0,0.40,0.26,0.47
HART,2019-11-08 05:15:00 EST,42.21122,-77.68974,2394,20.8,20.7,7.2,86.5,17.5,0.000,0.013,0.00,0.000,13.6,17.8,1.8,304,12,15.2,21.5,2.0,310,10,15.2,21.5,2.0,310,10,0,27.56,-0.5,0,0,0,39.2,42.4,45.0,0.40,0.26,0.47
HART,2019-11-08 05:20:00 EST,42.21122,-77.68974,2394,20.7,20.5,7.8,87.3,17.5,0.000,0.013,0.00,0.000,12.1,16.7,2.2,315,11,13.4,20.4,2.5,320,9,13.4,20.4,2.5,320,9,0,27.56,-0.4,0,0,0,39.2,42.4,45.0,0.40,0.26,0.47
HART,2019-11-08 05:25:00 EST,42.21122,-77.68974,2394,20.6,20.4,8.2,88.7,17.8,0.000,0.013,0.00,0.000,10.9,17.2,2.3,324,9,12.4,20.5,2.5,327,8,12.4,20.5,2.5,327,8,0,27.56,-0.2,0,0,0,39.2,42.4,45.0,0.40,0.26,0.47
HART,2019-11-08 05:30:00 EST,42.21122,-77.68974,2394,20.6,20.4,7.2,88.8,17.8,0.000,0.013,0.00,0.000,12.5,18.8,2.7,325,11,14.3,21.4,3.1,331,11,14.3,21.4,3.1,331,11,0,27.56,0.4,0,0,0,39.2,42.4,45.0,0.40,0.26,0.47
HART,2019-11-08 05:35:00 EST,42.21122,-77.68974,2394,20.6,20.4,7.6,88.1,17.6,0.000,0.013,0.00,0.000,12.2,16.7,1.7,320,12,13.6,19.7,1.8,324,9,13.6,19.7,1.8,324,9,0,27.56,0.7,0,0,0,39.2,42.4,45.0,0.40,0.26,0.47
HART,2019-11-08 05:40:00 EST,42.21122,-77.68974,2394,20.5,20.4,8.0,88.4,17.6,0.000,0.013,0.00,0.000,11.4,16.7,2.9,311,14,12.7,19.4,3.1,316,11,12.7,19.4,3.1,316,11,0,27.57,0.7,0,0,0,39.2,42.4,45.0,0.40,0.26,0.47
HART,2019-11-08 05:45:00 EST,42.21122,-77.68974,2394,20.4,20.3,7.3,88.9,17.7,0.000,0.013,0.00,0.000,12.3,17.8,2.1,319,12,13.8,19.8,2.4,324,11,13.8,19.8,2.4,324,11,0,27.57,0.6,0,0,0,39.2,42.4,45.0,0.40,0.26,0.47
HART,2019-11-08 05:50:00 EST,42.21122,-77.68974,2394,20.4,20.3,7.2,89.0,17.7,0.000,0.013,0.00,0.000,12.7,15.9,1.6,312,12,14.0,17.7,1.9,317,11,14.0,17.7,1.9,317,11,0,27.57,0.4,0,0,0,39.2,42.4,45.0,0.40,0.26,0.47
HART,2019-11-08 05:55:00 EST,42.21122,-77.68974,2394,20.4,20.3,7.6,89.6,17.9,0.000,0.013,0.00,0.000,11.8,16.0,2.0,315,11,13.3,18.0,2.1,322,10,13.3,18.0,2.1,322,10,0,27.57,0.0,0,0,0,39.2,42.4,45.0,0.40,0.26,0.47
HART,2019-11-08 06:00:00 EST,42.21122,-77.68974,2394,20.3,20.2,7.9,89.7,17.8,0.000,0.013,0.00,0.000,11.1,14.3,1.3,316,12,12.5,16.0,1.6,322,11,12.5,16.0,1.6,322,11,0,27.58,0.2,0,0,0,39.2,42.4,45.0,0.40,0.26,0.47
HART,2019-11-08 06:05:00 EST,42.21122,-77.68974,2394,20.3,20.2,8.1,89.9,17.8,0.000,0.013,0.00,0.000,10.8,14.2,1.6,314,10,11.9,16.8,1.7,319,8,11.9,16.8,1.7,319,8,0,27.58,0.4,0,0,0,39.1,42.4,45.0,0.40,0.26,0.47
HART,2019-11-08 06:10:00 EST,42.21122,-77.68974,2394,20.3,20.2,8.5,90.0,17.8,0.000,0.013,0.00,0.000,9.9,13.6,1.8,317,10,11.2,15.3,1.9,322,10,11.2,15.3,1.9,322,10,0,27.58,0.4,0,0,0,39.0,42.4,45.0,0.40,0.26,0.47
HART,2019-11-08 06:15:00 EST,42.21122,-77.68974,2394,20.3,20.2,8.9,90.0,17.8,0.000,0.013,0.00,0.000,9.4,14.5,1.6,318,10,10.5,17.0,1.8,322,9,10.5,17.0,1.8,322,9,0,27.58,-0.5,0,0,0,39.0,42.4,45.0,0.40,0.26,0.47
HART,2019-11-08 06:20:00 EST,42.21122,-77.68974,2394,20.2,20.1,8.9,90.3,17.9,0.000,0.013,0.00,0.000,9.2,13.4,1.7,313,14,10.3,15.4,1.9,317,14,10.3,15.4,1.9,317,14,0,27.58,-0.7,0,0,0,39.0,42.4,45.0,0.40,0.26,0.47
HART,2019-11-08 06:25:00 EST,42.21122,-77.68974,2394,20.2,20.0,8.9,90.9,18.0,0.000,0.013,0.00,0.000,9.1,12.9,1.6,320,14,10.3,14.5,1.7,325,12,10.3,14.5,1.7,325,12,0,27.58,-0.6,0,0,0,39.0,42.4,45.0,0.40,0.26,0.47
HART,2019-11-08 06:30:00 EST,42.21122,-77.68974,2394,20.2,20.1,9.5,91.4,18.1,0.000,0.013,0.00,0.000,8.4,12.1,1.7,325,12,9.5,14.5,1.9,328,10,9.5,14.5,1.9,328,10,0,27.58,-0.0,0,0,0,39.0,42.4,45.0,0.40,0.26,0.47
HART,2019-11-08 06:35:00 EST,42.21122,-77.68974,2394,20.1,20.0,9.0,92.2,18.3,0.000,0.013,0.00,0.000,9.1,12.6,1.7,319,10,10.1,13.9,1.9,324,9,10.1,13.9,1.9,324,9,0,27.58,-0.3,0,0,0,39.0,42.4,45.0,0.40,0.26,0.47
HART,2019-11-08 06:40:00 EST,42.21122,-77.68974,2394,20.1,20.0,9.5,92.6,18.3,0.000,0.013,0.00,0.000,8.2,11.3,1.3,322,12,9.3,12.8,1.4,326,11,9.3,12.8,1.4,326,11,0,27.58,-0.1,0,0,0,39.0,42.3,45.0,0.40,0.26,0.47
HART,2019-11-08 06:45:00 EST,42.21122,-77.68974,2394,20.2,20.0,9.7,92.8,18.4,0.000,0.013,0.00,0.000,7.9,10.2,1.1,316,14,9.0,12.6,1.2,321,11,9.0,12.6,1.2,321,11,1,27.59,0.4,0,0,0,39.0,42.3,45.0,0.40,0.26,0.47
HART,2019-11-08 06:50:00 EST,42.21122,-77.68974,2394,20.2,20.0,9.2,92.4,18.3,0.000,0.013,0.00,0.000,8.7,13.5,2.2,317,10,9.7,14.6,2.2,321,9,9.7,14.6,2.2,321,9,2,27.59,0.5,0,0,0,39.0,42.3,45.0,0.40,0.26,0.47
HART,2019-11-08 06:55:00 EST,42.21122,-77.68974,2394,20.1,20.0,10.0,92.9,18.4,0.000,0.013,0.00,0.000,7.4,10.6,1.2,326,11,8.5,12.6,1.6,330,10,8.5,12.6,1.6,330,10,4,27.59,,0,0,0,39.0,42.3,45.0,0.40,0.26,0.47
HART,2019-11-08 07:00:00 EST,42.21122,-77.68974,2394,20.2,20.0,8.9,92.7,18.4,0.000,0.013,0.00,0.000,9.1,12.5,1.5,325,12,10.3,15.9,1.8,329,11,10.3,15.9,1.8,329,11,5,27.59,,0,0,0,39.0,42.3,45.0,0.40,0.26,0.47
HART,2019-11-08 07:05:00 EST,42.21122,-77.68974,2394,20.2,20.0,9.3,93.2,18.6,0.000,0.013,0.00,0.000,8.4,11.6,1.5,325,12,9.7,13.8,1.6,330,13,9.7,13.8,1.6,330,13,6,27.59,,0,0,0,39.0,42.3,45.0,0.40,0.26,0.47
HART,2019-11-08 07:10:00 EST,42.21122,-77.68974,2394,20.3,20.0,9.1,93.8,18.8,0.000,0.013,0.00,0.000,8.7,12.5,1.7,330,11,10.2,15.7,2.0,335,11,10.2,15.7,2.0,335,11,6,27.60,0.2,0,0,0,39.0,42.3,45.0,0.40,0.26,0.47
HART,2019-11-08 07:15:00 EST,42.21122,-77.68974,2394,20.2,20.0,8.2,94.3,18.9,0.000,0.013,0.00,0.000,9.8,14.0,1.5,335,9,11.5,16.6,1.7,340,7,11.5,16.6,1.7,340,7,10,27.60,0.2,0,0,0,39.0,42.3,45.0,0.40,0.26,0.47
HART,2019-11-08 07:20:00 EST,42.21122,-77.68974,2394,20.2,19.9,8.9,94.8,18.9,0.003,0.016,0.00,0.003,8.3,10.6,1.1,349,17,10.3,14.3,1.7,353,9,10.3,14.3,1.7,353,9,9,27.60,-0.4,0,0,0,38.9,42.3,45.0,0.40,0.26,0.47
HART,2019-11-08 07:25:00 EST,42.21122,-77.68974,2394,19.8,19.6,6.9,95.1,18.7,0.000,0.016,0.00,0.003,10.7,14.5,2.0,349,12,13.2,18.1,2.4,352,8,13.2,18.1,2.4,352,8,10,27.60,0.8,0,0,0,38.9,42.3,45.0,0.40,0.26,0.47
HART,2019-11-08 07:30:00 EST,42.21122,-77.68974,2394,19.8,19.5,6.6,94.9,18.5,0.002,0.018,0.00,0.005,11.1,14.3,1.4,342,10,13.6,18.5,2.0,347,8,13.6,18.5,2.0,347,8,13,27.61,0.6,0,0,0,38.8,42.3,45.0,0.40,0.26,0.47
HART,2019-11-08 07:35:00 EST,42.21122,-77.68974,2394,19.8,19.5,6.9,94.8,18.5,0.000,0.018,0.00,0.005,10.9,18.7,2.2,335,11,12.9,20.6,2.5,339,10,12.9,20.6,2.5,339,10,21,27.61,0.7,0,0,0,38.8,42.3,45.0,0.40,0.26,0.47
HART,2019-11-08 07:40:00 EST,42.21122,-77.68974,2394,19.8,19.5,7.3,94.4,18.4,0.000,0.018,0.00,0.005,10.3,13.9,1.7,337,10,12.2,17.2,2.3,341,10,12.2,17.2,2.3,341,10,32,27.61,0.4,0,0,0,38.8,42.3,45.0,0.40,0.26,0.47
HART,2019-11-08 07:45:00 EST,42.21122,-77.68974,2394,19.8,19.5,7.8,94.2,18.4,0.000,0.018,0.00,0.005,9.5,12.8,1.4,333,10,11.3,15.7,1.7,337,9,11.3,15.7,1.7,337,9,24,27.61,0.5,0,0,0,38.8,42.3,45.0,0.40,0.26,0.47
HART,2019-11-08 07:50:00 EST,42.21122,-77.68974,2394,19.8,19.6,8.4,93.9,18.3,0.000,0.018,0.00,0.005,8.6,13.0,1.9,332,11,10.3,17.0,2.3,337,11,10.3,17.0,2.3,337,11,37,27.62,0.5,0,0,0,38.8,42.3,45.0,0.40,0.26,0.47
HART,2019-11-08 07:55:00 EST,42.21122,-77.68974,2394,19.8,19.5,7.2,92.1,17.9,0.000,0.018,0.00,0.005,10.6,16.7,2.4,333,10,12.3,19.7,2.8,337,10,12.3,19.7,2.8,337,10,37,27.62,0.6,0,0,0,38.8,42.3,45.0,0.40,0.26,0.47
HART,2019-11-08 08:00:00 EST,42.21122,-77.68974,2394,19.7,19.5,6.8,91.2,17.6,0.000,0.018,0.00,0.005,11.2,14.8,1.6,332,10,13.0,18.3,2.1,336,10,13.0,18.3,2.1,336,10,48,27.62,0.5,0,0,0,38.8,42.3,45.0,0.40,0.26,0.47
HART,2019-11-08 08:05:00 EST,42.21122,-77.68974,2394,19.6,19.4,7.2,91.4,17.5,0.000,0.018,0.00,0.005,10.4,16.2,1.9,332,15,12.1,18.7,2.1,337,9,12.1,18.7,2.1,337,9,51,27.62,0.7,0,0,0,38.8,42.3,45.0,0.40,0.26,0.47
HART,2019-11-08 08:10:00 EST,42.21122,-77.68974,2394,19.6,19.3,6.0,91.2,17.4,0.000,0.018,0.00,0.005,12.1,16.6,2.0,334,8,14.2,19.8,2.2,338,8,14.2,19.8,2.2,338,8,59,27.62,0.5,0,0,0,38.8,42.3,45.0,0.40,0.26,0.47
HART,2019-11-08 08:15:00 EST,42.21122,-77.68974,2394,19.5,19.3,6.4,90.6,17.2,0.000,0.018,0.00,0.005,11.5,16.7,2.1,332,16,13.4,19.8,2.3,336,12,13.4,19.8,2.3,336,12,103,27.62,0.5,0,0,0,38.8,42.3,45.0,0.40,0.26,0.47
HART,2019-11-08 08:20:00 EST,42.21122,-77.68974,2394,19.5,19.2,5.9,89.8,17.0,0.000,0.018,0.00,0.002,12.4,19.2,2.6,333,10,14.5,21.7,2.8,338,9,14.5,21.7,2.8,338,9,94,27.63,0.1,0,0,0,38.8,42.3,45.0,0.40,0.26,0.47
HART,2019-11-08 08:25:00 EST,42.21122,-77.68974,2394,19.4,19.2,6.2,90.1,17.0,0.000,0.018,0.00,0.002,11.6,17.2,1.9,336,16,13.4,19.6,2.3,340,10,13.4,19.6,2.3,340,10,88,27.63,0.0,0,0,0,38.8,42.3,45.0,0.40,0.26,0.47
HART,2019-11-08 08:30:00 EST,42.21122,-77.68974,2394,19.5,19.2,5.9,89.3,16.8,0.000,0.018,0.00,0.000,12.1,16.6,2.0,334,13,14.3,19.9,2.3,340,12,14.3,19.9,2.3,340,12,115,27.63,-0.0,0,0,0,38.8,42.2,45.0,0.40,0.26,0.47
HART,2019-11-08 08:35:00 EST,42.21122,-77.68974,2394,19.4,19.1,5.7,88.0,16.4,0.000,0.018,0.00,0.000,12.6,17.3,2.3,332,10,14.5,19.4,2.5,336,10,14.5,19.4,2.5,336,10,130,27.63,0.0,0,0,0,38.8,42.2,45.0,0.40,0.26,0.47
HART,2019-11-08 08:40:00 EST,42.21122,-77.68974,2394,19.6,19.3,6.6,88.2,16.7,0.000,0.018,0.00,0.000,11.0,15.8,2.1,346,17,13.0,18.6,2.6,349,16,13.0,18.6,2.6,349,16,130,27.63,0.1,0,0,0,38.8,42.2,45.0,0.40,0.26,0.47
HART,2019-11-08 08:45:00 EST,42.21122,-77.68974,2394,19.6,19.3,6.4,88.9,16.9,0.000,0.018,0.00,0.000,11.9,18.4,2.9,328,13,13.5,20.0,2.7,331,11,13.5,20.0,2.7,331,11,143,27.63,0.1,0,0,0,38.8,42.2,45.0,0.40,0.26,0.47
HART,2019-11-08 08:50:00 EST,42.21122,-77.68974,2394,19.6,19.3,6.3,87.8,16.6,0.000,0.018,0.00,0.000,11.7,17.7,2.5,335,14,13.7,20.7,2.9,339,12,13.7,20.7,2.9,339,12,150,27.63,0.1,0,0,0,38.7,42.2,45.0,0.40,0.26,0.47
HART,2019-11-08 08:55:00 EST,42.21122,-77.68974,2394,19.6,19.3,5.5,86.2,16.2,0.000,0.018,0.00,0.000,14.1,21.5,3.0,328,13,15.6,23.5,3.3,331,13,15.6,23.5,3.3,331,13,198,27.63,0.3,0,0,0,38.7,42.1,45.0,0.40,0.26,0.47
HART,2019-11-08 09:00:00 EST,42.21122,-77.68974,2394,19.5,19.3,4.3,83.7,15.3,0.000,0.018,0.00,0.000,15.6,24.3,2.7,335,10,18.0,27.8,3.1,339,10,18.0,27.8,3.1,339,10,191,27.63,0.2,0,0,0,38.7,42.2,45.0,0.40,0.26,0.47
HART,2019-11-08 09:05:00 EST,42.21122,-77.68974,2394,19.8,19.5,6.1,82.7,15.4,0.000,0.018,0.00,0.000,12.8,18.0,2.3,330,14,14.5,20.6,2.4,334,13,14.5,20.6,2.4,334,13,277,27.64,0.2,0,0,0,38.7,42.1,45.0,0.40,0.25,0.47
HART,2019-11-08 09:10:00 EST,42.21122,-77.68974,2394,19.6,19.4,6.3,81.3,14.8,0.000,0.018,0.00,0.000,12.5,18.1,2.5,326,12,13.7,20.3,2.7,330,10,13.7,20.3,2.7,330,10,217,27.64,0.4,0,0,0,38.7,42.1,45.0,0.40,0.25,0.47
HART,2019-11-08 09:15:00 EST,42.21122,-77.68974,2394,19.5,19.2,5.2,81.4,14.7,0.000,0.018,0.00,0.000,14.3,21.5,2.9,325,13,15.7,22.7,3.1,329,12,15.7,22.7,3.1,329,12,163,27.64,0.3,0,0,0,38.7,42.1,45.0,0.40,0.26,0.47
HART,2019-11-08 09:20:00 EST,42.21122,-77.68974,2394,19.6,19.3,6.8,82.3,15.0,0.000,0.018,0.00,0.000,11.8,16.4,1.9,321,11,12.7,18.1,2.0,324,9,12.7,18.1,2.0,324,9,178,27.64,0.3,0,0,0,38.7,42.1,45.0,0.40,0.26,0.47
HART,2019-11-08 09:25:00 EST,42.21122,-77.68974,2394,19.6,19.3,5.4,81.5,14.8,0.000,0.018,0.00,0.000,14.1,21.5,3.5,323,18,15.6,22.4,3.6,327,14,15.6,22.4,3.6,327,14,166,27.64,0.5,0,0,0,38.7,42.1,45.0,0.40,0.25,0.47
HART,2019-11-08 09:30:00 EST,42.21122,-77.68974,2394,19.2,18.9,5.1,80.2,14.1,0.000,0.018,0.00,0.000,14.1,19.0,2.3,327,10,15.3,21.2,2.6,331,12,15.3,21.2,2.6,331,12,179,27.64,0.5,0,0,0,38.7,42.1,44.9,0.40,0.25,0.47
HART,2019-11-08 09:35:00 EST,42.21122,-77.68974,2394,19.4,19.1,6.4,81.7,14.7,0.000,0.018,0.00,0.000,11.9,16.7,2.1,322,11,13.0,18.8,2.3,324,10,13.0,18.8,2.3,324,10,184,27.64,0.4,0,0,0,38.7,42.1,45.0,0.40,0.25,0.47
HART,2019-11-08 09:40:00 EST,42.21122,-77.68974,2394,19.2,18.9,5.5,82.3,14.7,0.000,0.018,0.00,0.000,13.3,18.1,2.1,321,11,14.4,20.6,2.3,324,12,14.4,20.6,2.3,324,12,167,27.64,0.3,0,0,0,38.7,42.1,44.9,0.40,0.25,0.47
HART,2019-11-08 09:45:00 EST,42.21122,-77.68974,2394,19.1,18.8,5.2,82.5,14.6,0.000,0.018,0.00,0.000,13.6,17.6,1.7,321,12,14.6,20.6,1.9,326,11,14.6,20.6,1.9,326,11,168,27.64,0.6,0,0,0,38.7,42.1,44.9,0.40,0.26,0.47
HART,2019-11-08 09:50:00 EST,42.21122,-77.68974,2394,19.3,19.0,6.7,82.9,14.9,0.000,0.018,0.00,0.000,11.4,17.2,2.2,319,11,12.1,18.3,2.3,323,11,12.1,18.3,2.3,323,11,319,27.64,0.6,0,0,0,38.7,42.1,44.9,0.40,0.26,0.47
HART,2019-11-08 09:55:00 EST,42.21122,-77.68974,2394,19.5,19.2,5.8,83.7,15.4,0.000,0.018,0.00,0.000,13.4,17.4,1.9,328,9,14.6,19.3,2.3,333,9,14.6,19.3,2.3,333,9,301,27.65,0.7,0,0,0,38.7,42.1,44.9,0.40,0.25,0.47
HART,2019-11-08 10:00:00 EST,42.21122,-77.68974,2394,19.4,19.1,7.0,84.4,15.5,0.000,0.018,0.00,0.000,10.8,15.9,2.2,327,12,11.9,18.4,2.4,332,12,11.9,18.4,2.4,332,12,257,27.65,0.7,0,0,0,38.7,42.1,44.9,0.40,0.25,0.47
HART,2019-11-08 10:05:00 EST,42.21122,-77.68974,2394,19.5,19.1,6.8,84.2,15.5,0.000,0.018,0.00,0.000,11.3,17.0,2.2,333,9,12.3,17.6,2.3,337,9,12.3,17.6,2.3,337,9,214,27.65,0.9,0,0,0,38.7,42.1,44.9,0.40,0.25,0.47
HART,2019-11-08 10:10:00 EST,42.21122,-77.68974,2394,19.4,19.0,6.2,83.5,15.2,0.000,0.018,0.00,0.000,11.9,17.9,2.4,330,9,13.4,19.7,2.6,335,9,13.4,19.7,2.6,335,9,210,27.65,0.8,0,0,0,38.7,42.1,44.8,0.40,0.25,0.47
HART,2019-11-08 10:15:00 EST,42.21122,-77.68974,2394,19.3,18.9,6.4,83.2,15.0,0.000,0.018,0.00,0.000,11.7,16.8,2.3,325,10,12.6,17.6,2.3,329,10,12.6,17.6,2.3,329,10,229,27.65,1.0,0,0,0,38.7,42.1,44.9,0.40,0.25,0.47
HART,2019-11-08 10:20:00 EST,42.21122,-77.68974,2394,19.5,19.1,7.1,84.5,15.6,0.000,0.018,0.00,0.000,10.7,16.2,2.3,330,11,11.8,17.9,2.4,334,10,11.8,17.9,2.4,334,10,240,27.65,0.9,0,0,0,38.7,42.1,44.8,0.40,0.26,0.47
HART,2019-11-08 10:25:00 EST,42.21122,-77.68974,2394,19.5,19.1,8.0,86.0,16.0,0.000,0.018,0.00,0.000,9.6,14.5,2.0,320,18,10.4,16.2,2.2,325,13,10.4,16.2,2.2,325,13,276,27.65,1.0,0,0,0,38.7,42.1,44.8,0.40,0.25,0.47
HART,2019-11-08 10:30:00 EST,42.21122,-77.68974,2394,20.0,19.6,7.8,84.8,16.1,0.000,0.018,0.00,0.000,10.9,19.3,3.0,318,11,11.7,20.6,2.9,320,10,11.7,20.6,2.9,320,10,370,27.66,1.0,0,0,0,38.6,42.1,44.8,0.40,0.26,0.47
HART,2019-11-08 10:35:00 EST,42.21122,-77.68974,2394,19.8,19.5,7.0,82.2,15.3,0.000,0.018,0.00,0.000,11.8,15.1,1.5,328,12,12.8,17.9,1.8,332,13,12.8,17.9,1.8,332,13,290,27.66,1.0,0,0,0,38.5,42.1,44.8,0.40,0.25,0.47
HART,2019-11-08 10:40:00 EST,42.21122,-77.68974,2394,19.9,19.5,6.9,83.1,15.6,0.000,0.018,0.00,0.000,11.9,17.2,2.2,331,12,13.2,19.5,2.4,337,11,13.2,19.5,2.4,337,11,233,27.66,1.1,0,0,0,38.5,42.1,44.8,0.40,0.26,0.47
HART,2019-11-08 10:45:00 EST,42.21122,-77.68974,2394,19.7,19.4,6.7,83.9,15.7,0.000,0.018,0.00,0.000,11.6,17.8,2.3,338,15,13.3,19.9,2.6,342,13,13.3,19.9,2.6,342,13,193,27.66,0.8,0,0,0,38.5,42.1,44.8,0.40,0.25,0.47
HART,2019-11-08 10:50:00 EST,42.21122,-77.68974,2394,19.5,19.2,5.9,83.9,15.5,0.000,0.018,0.00,0.000,13.1,19.7,3.3,336,11,14.4,22.5,3.4,342,10,14.4,22.5,3.4,342,10,195,27.66,0.9,0,0,0,38.5,42.1,44.8,0.40,0.25,0.47
HART,2019-11-08 10:55:00 EST,42.21122,-77.68974,2394,19.8,19.4,7.2,83.3,15.5,0.000,0.018,0.00,0.000,11.3,16.7,2.7,331,13,12.5,19.5,2.9,336,13,12.5,19.5,2.9,336,13,224,27.66,0.8,0,0,0,38.5,42.1,44.8,0.40,0.26,0.47
HART,2019-11-08 11:00:00 EST,42.21122,-77.68974,2394,19.7,19.4,7.4,84.1,15.7,0.000,0.018,0.00,0.000,10.7,15.3,2.1,330,15,11.8,18.3,2.2,335,14,11.8,18.3,2.2,335,14,290,27.66,0.8,0,0,0,38.5,42.1,44.8,0.40,0.26,0.47
HART,2019-11-08 11:05:00 EST,42.21122,-77.68974,2394,20.4,20.0,7.9,81.2,15.5,0.000,0.018,0.00,0.000,11.5,23.0,3.6,328,14,12.4,22.5,3.8,333,14,12.4,22.5,3.8,333,14,320,27.66,0.7,0,0,0,38.5,42.1,44.8,0.40,0.26,0.47
HART,2019-11-08 11:10:00 EST,42.21122,-77.68974,2394,20.7,20.3,8.9,80.0,15.5,0.000,0.018,0.00,0.000,10.3,15.1,1.9,335,21,11.5,17.6,2.2,339,17,11.5,17.6,2.2,339,17,343,27.65,0.7,0,0,0,38.5,42.1,44.8,0.40,0.25,0.47
HART,2019-11-08 11:15:00 EST,42.21122,-77.68974,2394,20.5,20.2,6.3,77.0,14.4,0.000,0.018,0.00,0.000,14.5,21.6,2.9,341,21,16.3,24.2,3.2,346,11,16.3,24.2,3.2,346,11,286,27.65,0.6,0,0,0,38.5,42.1,44.8,0.40,0.25,0.47
HART,2019-11-08 11:20:00 EST,42.21122,-77.68974,2394,20.4,20.1,5.8,75.4,13.8,0.000,0.018,0.00,0.000,15.7,22.4,2.6,330,14,17.2,27.5,3.3,335,14,17.2,27.5,3.3,335,14,251,27.65,0.6,0,0,0,38.5,42.1,44.8,0.40,0.26,0.47
HART,2019-11-08 11:25:00 EST,42.21122,-77.68974,2394,20.4,20.2,6.8,74.5,13.6,0.000,0.018,0.00,0.000,13.4,19.8,2.7,337,14,14.8,21.8,3.0,342,13,14.8,21.8,3.0,342,13,214,27.65,0.6,0,0,0,38.5,42.0,44.8,0.40,0.25,0.47
HART,2019-11-08 11:30:00 EST,42.21122,-77.68974,2394,20.7,20.4,6.8,72.8,13.4,0.000,0.018,0.00,0.000,15.0,19.8,1.9,328,12,15.8,23.0,2.1,333,13,15.8,23.0,2.1,333,13,494,27.65,0.5,0,0,0,38.5,42.0,44.8,0.40,0.26,0.47
HART,2019-11-08 11:35:00 EST,42.21122,-77.68974,2394,20.8,20.4,7.5,74.0,13.8,0.000,0.018,0.00,0.000,13.8,20.7,3.0,323,12,14.3,21.2,2.9,327,11,14.3,21.2,2.9,327,11,375,27.65,0.6,0,0,0,38.5,42.0,44.8,0.40,0.26,0.47
HART,2019-11-08 11:40:00 EST,42.21122,-77.68974,2394,20.9,20.5,7.4,75.0,14.2,0.000,0.018,0.00,0.000,14.5,19.5,2.2,321,11,14.9,19.7,2.1,325,11,14.9,19.7,2.1,325,11,325,27.65,0.6,0,0,0,38.5,42.0,44.8,0.40,0.26,0.47
HART,2019-11-08 11:45:00 EST,42.21122,-77.68974,2394,20.8,20.5,8.9,77.6,14.9,0.000,0.018,0.00,0.000,10.6,15.3,1.8,341,14,11.7,18.0,2.2,345,11,11.7,18.0,2.2,345,11,262,27.65,0.7,0,0,0,38.5,42.0,44.8,0.40,0.25,0.47
HART,2019-11-08 11:50:00 EST,42.21122,-77.68974,2394,21.4,21.0,9.3,76.8,15.3,0.000,0.018,0.00,0.000,11.3,16.7,2.0,335,13,12.2,18.6,2.1,339,12,12.2,18.6,2.1,339,12,545,27.65,0.6,0,0,0,38.5,41.9,44.8,0.40,0.26,0.47
HART,2019-11-08 11:55:00 EST,42.21122,-77.68974,2394,21.5,21.1,8.9,74.1,14.6,0.000,0.018,0.00,0.000,12.1,16.7,2.1,342,12,13.5,20.9,2.7,347,10,13.5,20.9,2.7,347,10,357,27.65,-0.2,0,0,0,38.5,41.9,44.8,0.40,0.25,0.47
HART,2019-11-08 12:00:00 EST,42.21122,-77.68974,2394,21.4,21.0,9.8,72.9,14.0,0.000,0.018,0.00,0.000,10.7,16.4,2.4,329,13,11.4,17.3,2.6,334,11,11.4,17.3,2.6,334,11,401,27.65,-0.3,0,0,0,38.5,41.9,44.8,0.40,0.26,0.47
HART,2019-11-08 12:05:00 EST,42.21122,-77.68974,2394,21.4,21.0,8.6,71.5,13.6,0.000,0.018,0.00,0.000,13.2,20.5,3.4,321,13,13.8,21.9,3.5,324,13,13.8,21.9,3.5,324,13,512,27.65,-0.0,0,0,0,38.5,41.9,44.8,0.40,0.26,0.47
HART,2019-11-08 12:10:00 EST,42.21122,-77.68974,2394,21.8,21.4,9.5,71.4,13.9,0.000,0.018,0.00,0.000,12.2,18.9,2.3,329,13,12.8,19.2,2.2,334,13,12.8,19.2,2.2,334,13,626,27.64,0.3,0,0,0,38.5,41.9,44.8,0.40,0.25,0.47
HART,2019-11-08 12:15:00 EST,42.21122,-77.68974,2394,22.0,21.5,9.2,72.2,14.4,0.000,0.018,0.00,0.000,13.0,18.5,2.6,340,18,14.0,21.7,3.2,345,12,14.0,21.7,3.2,345,12,453,27.64,-0.0,0,0,0,38.5,41.9,44.8,0.40,0.26,0.47
HART,2019-11-08 12:20:00 EST,42.21122,-77.68974,2394,21.3,20.9,9.0,73.3,14.1,0.000,0.018,0.00,0.000,12.0,18.0,2.4,329,11,12.5,18.7,2.6,333,11,12.5,18.7,2.6,333,11,228,27.64,-0.2,0,0,0,38.5,41.9,44.8,0.40,0.26,0.47
HART,2019-11-08 12:25:00 EST,42.21122,-77.68974,2394,21.3,20.9,10.4,74.4,14.5,0.000,0.018,0.00,0.000,9.2,13.1,1.6,345,18,10.1,16.0,2.0,348,11,10.1,16.0,2.0,348,11,189,27.65,-0.1,0,0,0,38.5,41.9,44.8,0.40,0.26,0.47
HART,2019-11-08 12:30:00 EST,42.21122,-77.68974,2394,20.9,20.5,9.0,72.5,13.5,0.000,0.018,0.00,0.000,10.9,16.4,2.2,337,15,11.6,17.7,2.5,341,12,11.6,17.7,2.5,341,12,178,27.65,-0.1,0,0,0,38.5,41.9,44.8,0.40,0.26,0.47
HART,2019-11-08 12:35:00 EST,42.21122,-77.68974,2394,21.0,20.6,9.6,73.3,13.8,0.000,0.018,0.00,0.000,10.0,17.5,2.8,340,12,10.8,19.1,3.1,344,10,10.8,19.1,3.1,344,10,167,27.65,-0.0,0,0,0,38.5,41.9,44.8,0.40,0.26,0.47
HART,2019-11-08 12:40:00 EST,42.21122,-77.68974,2394,20.9,20.6,8.5,71.9,13.3,0.000,0.018,0.00,0.000,12.0,19.8,3.6,338,14,12.7,21.4,3.7,343,13,12.7,21.4,3.7,343,13,180,27.65,-0.1,0,0,0,38.5,41.9,44.8,0.40,0.26,0.47
HART,2019-11-08 12:45:00 EST,42.21122,-77.68974,2394,20.7,20.4,7.6,71.0,12.8,0.000,0.018,0.00,0.000,13.7,19.1,2.3,330,12,14.0,20.3,2.6,335,11,14.0,20.3,2.6,335,11,207,27.65,-0.1,0,0,0,38.5,41.9,44.8,0.40,0.26,0.47
HART,2019-11-08 12:50:00 EST,42.21122,-77.68974,2394,20.7,20.4,7.8,70.8,12.7,0.000,0.018,0.00,0.000,13.2,18.0,2.2,321,11,13.5,17.9,2.3,327,11,13.5,17.9,2.3,327,11,173,27.65,0.1,0,0,0,38.5,41.9,44.8,0.40,0.26,0.47
HART,2019-11-08 12:55:00 EST,42.21122,-77.68974,2394,20.6,20.4,8.4,70.1,12.4,0.000,0.018,0.00,0.000,11.4,16.2,1.7,332,18,12.0,16.6,2.1,337,15,12.0,16.6,2.1,337,15,173,27.65,0.2,0,0,0,38.5,41.9,44.8,0.40,0.26,0.47
HART,2019-11-08 13:00:00 EST,42.21122,-77.68974,2394,21.2,20.9,9.1,69.1,12.7,0.000,0.018,0.00,0.000,12.0,18.9,2.9,319,13,12.2,19.1,2.9,323,13,12.2,19.1,2.9,323,13,372,27.65,0.3,0,0,0,38.5,41.9,44.8,0.40,0.26,0.47
HART,2019-11-08 13:05:00 EST,42.21122,-77.68974,2394,21.8,21.4,9.2,67.3,12.6,0.000,0.018,0.00,0.000,13.0,18.9,2.3,331,13,13.4,18.7,2.5,337,12,13.4,18.7,2.5,337,12,521,27.65,0.2,0,0,0,38.5,41.9,44.8,0.40,0.25,0.47
HART,2019-11-08 13:10:00 EST,42.21122,-77.68974,2394,21.9,21.4,9.4,66.1,12.3,0.000,0.018,0.00,0.000,12.7,18.1,2.1,327,16,13.2,19.9,2.2,330,16,13.2,19.9,2.2,330,16,461,27.65,0.4,0,0,0,38.5,41.9,44.8,0.40,0.26,0.47
HART,2019-11-08 13:15:00 EST,42.21122,-77.68974,2394,22.0,21.7,10.0,67.5,12.9,0.000,0.018,0.00,0.000,12.4,16.5,1.8,312,11,12.4,16.3,1.8,314,11,12.4,16.3,1.8,314,11,532,27.64,0.5,0,0,0,38.5,41.9,44.8,0.40,0.26,0.47
HART,2019-11-08 13:20:00 EST,42.21122,-77.68974,2394,21.8,21.5,9.9,67.9,12.8,0.000,0.018,0.00,0.000,11.7,19.3,2.9,329,18,12.2,21.2,3.1,334,18,12.2,21.2,3.1,334,18,245,27.65,0.4,0,0,0,38.5,41.9,44.8,0.40,0.25,0.47
HART,2019-11-08 13:25:00 EST,42.21122,-77.68974,2394,21.1,20.8,8.0,66.3,11.6,0.000,0.018,0.00,0.000,13.6,20.9,2.8,334,8,14.1,20.4,2.9,340,7,14.1,20.4,2.9,340,7,128,27.65,0.3,0,0,0,38.5,41.9,44.8,0.40,0.25,0.47
HART,2019-11-08 13:30:00 EST,42.21122,-77.68974,2394,21.0,20.8,9.4,66.9,11.7,0.000,0.018,0.00,0.000,10.4,15.1,2.1,334,19,11.2,17.0,2.4,339,15,11.2,17.0,2.4,339,15,127,27.65,0.5,0,0,0,38.5,41.9,44.8,0.40,0.25,0.47
HART,2019-11-08 13:35:00 EST,42.21122,-77.68974,2394,21.0,20.8,9.1,67.1,11.7,0.000,0.018,0.00,0.000,11.6,16.7,1.7,324,14,11.7,16.2,1.9,330,14,11.7,16.2,1.9,330,14,152,27.65,0.5,0,0,0,38.5,41.9,44.8,0.40,0.25,0.47
HART,2019-11-08 13:40:00 EST,42.21122,-77.68974,2394,21.1,20.8,10.1,68.1,12.2,0.000,0.018,0.00,0.000,9.8,15.1,2.1,325,16,10.3,16.5,2.3,330,15,10.3,16.5,2.3,330,15,206,27.65,0.4,0,0,0,38.5,41.9,44.8,0.40,0.25,0.47
HART,2019-11-08 13:45:00 EST,42.21122,-77.68974,2394,21.0,20.8,8.9,67.0,11.8,0.000,0.018,0.00,0.000,12.4,16.2,1.8,314,14,12.2,17.4,1.9,319,11,12.2,17.4,1.9,319,11,190,27.65,0.3,0,0,0,38.5,41.9,44.8,0.40,0.25,0.47
HART,2019-11-08 13:50:00 EST,42.21122,-77.68974,2394,21.2,21.0,9.9,67.2,12.0,0.000,0.018,0.00,0.000,10.7,14.7,1.9,325,11,10.8,16.5,1.9,329,10,10.8,16.5,1.9,329,10,210,27.65,0.3,0,0,0,38.5,41.9,44.8,0.40,0.25,0.47
HART,2019-11-08 13:55:00 EST,42.21122,-77.68974,2394,21.1,20.9,9.3,66.0,11.5,0.000,0.018,0.00,0.000,11.6,15.3,2.1,307,9,11.4,15.7,2.1,312,8,11.4,15.7,2.1,312,8,194,27.65,0.2,0,0,0,38.5,41.9,44.8,0.40,0.25,0.47
HART,2019-11-08 14:00:00 EST,42.21122,-77.68974,2394,21.5,21.3,10.9,65.2,11.7,0.000,0.018,0.00,0.000,10.1,13.0,1.4,309,9,9.8,14.0,1.4,312,8,9.8,14.0,1.4,312,8,343,27.65,0.2,0,0,0,38.5,41.9,44.8,0.40,0.25,0.47
HART,2019-11-08 14:05:00 EST,42.21122,-77.68974,2394,21.4,21.1,11.4,67.5,12.3,0.000,0.018,0.00,0.000,8.5,12.3,1.9,319,17,8.7,13.0,1.9,324,16,8.7,13.0,1.9,324,16,172,27.65,0.1,0,0,0,38.5,41.9,44.8,0.40,0.25,0.47
HART,2019-11-08 14:10:00 EST,42.21122,-77.68974,2394,21.3,21.0,10.9,68.6,12.6,0.000,0.018,0.00,0.000,9.4,12.1,1.2,319,16,9.3,13.7,1.4,323,14,9.3,13.7,1.4,323,14,171,27.65,0.1,0,0,0,38.5,41.9,44.8,0.40,0.25,0.47
HART,2019-11-08 14:15:00 EST,42.21122,-77.68974,2394,21.4,21.2,10.7,68.7,12.7,0.000,0.018,0.00,0.000,9.8,15.7,2.1,316,16,9.9,14.5,1.8,321,13,9.9,14.5,1.8,321,13,197,27.65,0.1,0,0,0,38.5,41.9,44.8,0.40,0.25,0.47
HART,2019-11-08 14:20:00 EST,42.21122,-77.68974,2394,21.4,21.2,11.2,68.9,12.8,0.000,0.018,0.00,0.000,8.9,14.2,1.7,317,16,9.1,13.5,1.7,322,14,9.1,13.5,1.7,322,14,158,27.65,-0.0,0,0,0,38.5,41.9,44.8,0.40,0.25,0.47
HART,2019-11-08 14:25:00 EST,42.21122,-77.68974,2394,21.2,21.0,9.5,68.9,12.6,0.000,0.018,0.00,0.000,11.1,15.6,1.7,330,10,11.4,16.3,1.8,335,9,11.4,16.3,1.8,335,9,115,27.65,-0.1,0,0,0,38.5,41.8,44.8,0.40,0.25,0.47
HART,2019-11-08 14:30:00 EST,42.21122,-77.68974,2394,21.1,20.9,10.2,68.3,12.3,0.000,0.018,0.00,0.000,9.9,13.2,1.6,330,10,10.2,13.3,1.4,334,11,10.2,13.3,1.4,334,11,177,27.65,-0.2,0,0,0,38.5,41.9,44.8,0.40,0.25,0.47
HART,2019-11-08 14:35:00 EST,42.21122,-77.68974,2394,21.2,21.0,10.7,68.3,12.4,0.000,0.018,0.00,0.000,9.3,12.9,1.6,331,10,9.5,13.8,1.8,335,9,9.5,13.8,1.8,335,9,130,27.65,-0.4,0,0,0,38.5,41.8,44.8,0.40,0.25,0.47
HART,2019-11-08 14:40:00 EST,42.21122,-77.68974,2394,20.9,20.8,10.6,68.6,12.2,0.000,0.018,0.00,0.000,8.8,12.5,1.3,326,10,8.9,12.6,1.4,330,10,8.9,12.6,1.4,330,10,80,27.65,-0.3,0,0,0,38.5,41.8,44.8,0.40,0.25,0.47
HART,2019-11-08 14:45:00 EST,42.21122,-77.68974,2394,20.9,20.8,11.1,68.2,12.1,0.000,0.018,0.00,0.000,8.0,10.7,1.3,331,17,8.4,11.8,1.4,335,16,8.4,11.8,1.4,335,16,160,27.65,-0.3,0,0,0,38.5,41.7,44.8,0.40,0.25,0.47
HART,2019-11-08 14:50:00 EST,42.21122,-77.68974,2394,21.1,21.0,10.2,66.7,11.7,0.000,0.018,0.00,0.000,9.6,14.5,1.9,332,12,9.9,15.3,2.0,337,11,9.9,15.3,2.0,337,11,89,27.65,-0.4,0,0,0,38.5,41.7,44.7,0.40,0.25,0.47
HART,2019-11-08 14:55:00 EST,42.21122,-77.68974,2394,21.6,21.3,12.6,66.1,12.0,0.000,0.018,0.00,0.000,7.0,11.1,1.9,343,15,7.5,12.8,2.1,347,13,7.5,12.8,2.1,347,13,313,27.65,-0.2,0,0,0,38.5,41.7,44.8,0.40,0.25,0.47
HART,2019-11-08 15:00:00 EST,42.21122,-77.68974,2394,22.5,22.0,13.3,64.7,12.5,0.000,0.018,0.00,0.000,7.3,10.2,1.6,356,15,8.0,11.8,1.8,359,10,8.0,11.8,1.8,359,10,360,27.65,-0.3,0,0,0,38.5,41.7,44.8,0.40,0.25,0.47
HART,2019-11-08 15:05:00 EST,42.21122,-77.68974,2394,22.6,22.2,12.4,62.9,11.9,0.000,0.018,0.00,0.000,8.7,13.4,1.7,358,15,9.6,15.0,1.9,360,12,9.6,15.0,1.9,360,12,345,27.65,-0.3,0,0,0,38.5,41.7,44.7,0.40,0.25,0.47
HART,2019-11-08 15:10:00 EST,42.21122,-77.68974,2394,22.8,22.3,13.4,63.3,12.2,0.000,0.018,0.00,0.000,7.8,13.1,2.0,347,14,8.4,14.1,2.4,351,11,8.4,14.1,2.4,351,11,330,27.65,-0.3,0,0,0,38.5,41.7,44.7,0.40,0.25,0.47
HART,2019-11-08 15:15:00 EST,42.21122,-77.68974,2394,23.0,22.4,12.7,64.5,12.8,0.000,0.018,0.00,0.000,8.8,11.8,2.0,359,11,9.8,13.9,2.1,1,8,9.8,13.9,2.1,1,8,317,27.65,-0.2,0,0,0,38.5,41.7,44.7,0.40,0.25,0.47
HART,2019-11-08 15:20:00 EST,42.21122,-77.68974,2394,22.6,22.1,13.2,64.4,12.4,0.000,0.018,0.00,0.000,7.8,10.2,1.1,344,11,8.4,11.1,1.3,349,8,8.4,11.1,1.3,349,8,319,27.66,-0.1,0,0,0,38.5,41.7,44.7,0.40,0.25,0.47
HART,2019-11-08 15:25:00 EST,42.21122,-77.68974,2394,22.8,22.3,13.0,65.8,13.1,0.000,0.018,0.00,0.000,8.1,11.5,1.9,351,17,9.0,13.2,2.2,355,10,9.0,13.2,2.2,355,10,255,27.66,-0.0,0,0,0,38.5,41.7,44.6,0.40,0.25,0.47
HART,2019-11-08 15:30:00 EST,42.21122,-77.68974,2394,22.4,21.9,12.9,65.0,12.4,0.000,0.018,0.00,0.000,7.7,11.0,1.3,346,17,8.3,11.9,1.5,350,9,8.3,11.9,1.5,350,9,201,27.66,0.0,0,0,0,38.5,41.7,44.6,0.40,0.25,0.47
HART,2019-11-08 15:35:00 EST,42.21122,-77.68974,2394,22.1,21.8,13.1,64.9,12.1,0.000,0.018,0.00,0.000,7.1,9.0,0.8,334,11,7.5,9.6,0.9,338,11,7.5,9.6,0.9,338,11,128,27.66,-0.0,0,0,0,38.5,41.7,44.6,0.40,0.25,0.47
HART,2019-11-08 15:40:00 EST,42.21122,-77.68974,2394,22.0,21.7,13.3,65.5,12.2,0.000,0.018,0.00,0.000,6.8,11.5,1.5,331,15,7.1,12.5,1.6,335,15,7.1,12.5,1.6,335,15,114,27.66,0.0,0,0,0,38.5,41.7,44.6,0.40,0.25,0.47
HART,2019-11-08 15:45:00 EST,42.21122,-77.68974,2394,21.9,21.7,12.6,64.6,11.8,0.000,0.018,0.00,0.000,7.9,10.4,1.3,303,10,8.0,10.8,1.2,308,9,8.0,10.8,1.2,308,9,112,27.66,0.1,0,0,0,38.5,41.7,44.6,0.40,0.25,0.47
HART,2019-11-08 15:50:00 EST,42.21122,-77.68974,2394,21.9,21.7,12.0,65.0,12.0,0.000,0.018,0.00,0.000,8.8,12.6,1.5,295,13,8.9,14.3,1.5,302,9,8.9,14.3,1.5,302,9,151,27.66,0.2,0,0,0,38.5,41.7,44.6,0.40,0.25,0.47
HART,2019-11-08 15:55:00 EST,42.21122,-77.68974,2394,22.1,21.9,12.8,64.5,12.0,0.000,0.018,0.00,0.000,7.8,10.0,0.9,293,14,8.0,11.0,1.0,300,12,8.0,11.0,1.0,300,12,163,27.66,0.1,0,0,0,38.5,41.7,44.6,0.40,0.25,0.47
HART,2019-11-08 16:00:00 EST,42.21122,-77.68974,2394,22.3,22.0,12.5,64.3,12.1,0.000,0.018,0.00,0.000,8.7,11.8,1.7,298,13,8.8,11.7,1.7,303,11,8.8,11.7,1.7,303,11,197,27.66,0.1,0,0,0,38.5,41.7,44.6,0.40,0.25,0.47
HART,2019-11-08 16:05:00 EST,42.21122,-77.68974,2394,22.4,22.1,13.9,64.8,12.3,0.000,0.018,0.00,0.000,6.8,9.9,1.4,315,16,7.0,9.8,1.3,316,14,7.0,9.8,1.3,316,14,141,27.66,0.2,0,0,0,38.5,41.7,44.6,0.40,0.25,0.47
HART,2019-11-08 16:10:00 EST,42.21122,-77.68974,2394,22.0,21.7,12.0,63.5,11.5,0.000,0.018,0.00,0.000,8.3,12.0,2.2,349,10,8.9,13.5,2.6,353,7,8.9,13.5,2.6,353,7,76,27.66,0.2,0,0,0,38.5,41.7,44.6,0.40,0.25,0.47
HART,2019-11-08 16:15:00 EST,42.21122,-77.68974,2394,22.0,21.7,13.7,64.9,12.0,0.000,0.018,0.00,0.000,6.4,9.5,1.5,327,14,6.7,9.9,1.4,330,13,6.7,9.9,1.4,330,13,98,27.66,0.3,0,0,0,38.5,41.7,44.6,0.40,0.25,0.47
HART,2019-11-08 16:20:00 EST,42.21122,-77.68974,2394,22.0,21.8,12.2,63.8,11.6,0.000,0.018,0.00,0.000,8.3,11.1,1.8,332,10,8.6,12.2,1.8,336,10,8.6,12.2,1.8,336,10,103,27.66,0.3,0,0,0,38.5,41.7,44.6,0.40,0.25,0.47
HART,2019-11-08 16:25:00 EST,42.21122,-77.68974,2394,21.7,21.5,11.3,63.5,11.2,0.000,0.018,0.00,0.000,9.0,14.3,2.3,336,11,9.3,15.5,2.4,339,10,9.3,15.5,2.4,339,10,75,27.66,0.3,0,0,0,38.5,41.7,44.6,0.40,0.25,0.47
HART,2019-11-08 16:30:00 EST,42.21122,-77.68974,2394,21.3,21.3,10.5,64.5,11.2,0.000,0.018,0.00,0.000,9.4,12.1,1.3,343,14,10.0,14.3,1.7,347,13,10.0,14.3,1.7,347,13,34,27.67,0.4,0,0,0,38.5,41.7,44.6,0.40,0.25,0.47
HART,2019-11-08 16:35:00 EST,42.21122,-77.68974,2394,20.9,21.1,11.2,65.4,11.1,0.000,0.018,0.00,0.000,7.7,11.3,1.5,342,10,8.1,13.3,1.7,347,7,8.1,13.3,1.7,347,7,25,27.67,0.2,0,0,0,38.5,41.7,44.6,0.40,0.25,0.47
HART,2019-11-08 16:40:00 EST,42.21122,-77.68974,2394,20.5,21.0,12.2,66.7,11.2,0.000,0.018,0.00,0.000,6.2,9.2,1.4,332,14,6.4,10.3,1.5,336,13,6.4,10.3,1.5,336,13,29,27.67,0.3,0,0,0,38.5,41.7,44.6,0.40,0.25,0.47
HART,2019-11-08 16:45:00 EST,42.21122,-77.68974,2394,20.6,20.9,10.4,65.2,10.8,0.000,0.018,0.00,0.000,8.8,11.7,1.2,296,14,8.8,12.0,1.2,305,8,8.8,12.0,1.2,305,8,19,27.67,0.5,0,0,0,38.5,41.7,44.6,0.40,0.25,0.47
HART,2019-11-08 16:50:00 EST,42.21122,-77.68974,2394,20.4,20.8,11.1,65.4,10.7,0.000,0.018,0.00,0.000,7.5,10.9,1.3,301,13,7.5,10.8,1.3,308,9,7.5,10.8,1.3,308,9,13,27.67,0.3,0,0,0,38.5,41.7,44.6,0.40,0.25,0.47
HART,2019-11-08 16:55:00 EST,42.21122,-77.68974,2394,20.3,20.6,11.8,65.7,10.6,0.000,0.018,0.00,0.000,6.5,9.9,1.2,309,12,6.6,9.8,1.2,315,9,6.6,9.8,1.2,315,9,9,27.67,0.3,0,0,0,38.5,41.7,44.6,0.40,0.25,0.47
HART,2019-11-08 17:00:00 EST,42.21122,-77.68974,2394,19.8,20.3,11.6,66.8,10.5,0.000,0.018,0.00,0.000,5.9,7.9,0.9,303,15,6.1,7.9,0.9,309,11,6.1,7.9,0.9,309,11,5,27.67,0.2,0,0,0,38.5,41.7,44.6,0.40,0.25,0.47
HART,2019-11-08 17:05:00 EST,42.21122,-77.68974,2394,19.4,20.3,11.4,67.5,10.4,0.000,0.018,0.00,0.000,5.6,7.0,0.7,302,12,5.8,7.1,0.7,307,9,5.8,7.1,0.7,307,9,2,27.67,0.4,0,0,0,38.5,41.7,44.6,0.40,0.25,0.47
HART,2019-11-08 17:10:00 EST,42.21122,-77.68974,2394,19.4,20.1,12.9,68.1,10.6,0.000,0.018,0.00,0.000,4.5,6.4,0.6,305,10,4.5,6.2,0.6,310,8,4.5,6.2,0.6,310,8,1,27.67,0.6,0,0,0,38.5,41.7,44.6,0.40,0.25,0.47
HART,2019-11-08 17:15:00 EST,42.21122,-77.68974,2394,19.3,20.2,12.6,68.3,10.5,0.000,0.018,0.00,0.000,4.6,6.1,0.7,306,13,4.7,6.8,0.7,313,8,4.7,6.8,0.7,313,8,0,27.67,0.6,0,0,0,38.5,41.7,44.6,0.40,0.25,0.47
HART,2019-11-08 17:20:00 EST,42.21122,-77.68974,2394,19.4,20.0,12.9,68.3,10.7,0.000,0.018,0.00,0.000,4.4,5.6,0.5,309,10,4.5,6.0,0.7,313,7,4.5,6.0,0.7,313,7,0,27.68,0.6,0,0,0,38.5,41.7,44.6,0.40,0.25,0.47
HART,2019-11-08 17:25:00 EST,42.21122,-77.68974,2394,19.1,19.9,11.7,68.6,10.5,0.000,0.018,0.00,0.000,5.1,6.4,0.5,304,10,5.2,6.8,0.5,310,7,5.2,6.8,0.5,310,7,0,27.68,0.3,0,0,0,38.5,41.7,44.6,0.40,0.25,0.47
HART,2019-11-08 17:30:00 EST,42.21122,-77.68974,2394,19.1,19.8,12.5,69.1,10.6,0.000,0.018,0.00,0.000,4.5,5.8,0.5,309,7,4.5,6.0,0.5,314,6,4.5,6.0,0.5,314,6,0,27.68,0.4,0,0,0,38.5,41.7,44.6,0.40,0.25,0.47
HART,2019-11-08 17:35:00 EST,42.21122,-77.68974,2394,19.2,19.9,12.3,69.2,10.8,0.000,0.018,0.00,0.000,4.7,6.9,0.5,311,7,4.8,6.6,0.6,315,6,4.8,6.6,0.6,315,6,0,27.68,0.6,0,0,0,38.5,41.7,44.6,0.40,0.25,0.47
HART,2019-11-08 17:40:00 EST,42.21122,-77.68974,2394,19.0,19.7,11.4,69.6,10.6,0.000,0.018,0.00,0.000,5.2,6.9,0.6,308,8,5.3,6.8,0.6,314,5,5.3,6.8,0.6,314,5,0,27.68,0.5,0,0,0,38.5,41.7,44.6,0.40,0.25,0.47
HART,2019-11-08 17:45:00 EST,42.21122,-77.68974,2394,18.5,19.5,10.5,70.6,10.5,0.000,0.018,0.00,0.000,5.7,7.2,0.6,306,7,5.7,7.4,0.6,311,6,5.7,7.4,0.6,311,6,0,27.68,0.5,0,0,0,38.5,41.7,44.6,0.40,0.25,0.47
HART,2019-11-08 17:50:00 EST,42.21122,-77.68974,2394,18.4,19.5,10.3,71.3,10.6,0.000,0.018,0.00,0.000,5.6,7.5,0.6,296,9,5.7,8.4,0.7,302,7,5.7,8.4,0.7,302,7,0,27.68,0.6,0,0,0,38.5,41.7,44.6,0.40,0.25,0.47
HART,2019-11-08 17:55:00 EST,42.21122,-77.68974,2394,18.7,19.5,11.4,71.2,10.9,0.000,0.018,0.00,0.000,5.1,6.2,0.5,302,7,5.1,6.4,0.5,306,5,5.1,6.4,0.5,306,5,0,27.68,0.6,0,0,0,38.5,41.7,44.6,0.40,0.25,0.47
HART,2019-11-08 18:00:00 EST,42.21122,-77.68974,2394,18.3,19.3,11.3,71.5,10.7,0.000,0.018,0.00,0.000,4.8,6.3,0.6,305,8,4.8,6.2,0.7,311,6,4.8,6.2,0.7,311,6,0,27.69,0.6,0,0,0,38.5,41.7,44.6,0.40,0.25,0.47
HART,2019-11-08 18:05:00 EST,42.21122,-77.68974,2394,18.5,19.3,11.6,71.7,10.9,0.000,0.018,0.00,0.000,4.7,6.1,0.8,314,9,4.7,7.1,0.8,317,6,4.7,7.1,0.8,317,6,0,27.69,0.6,0,0,0,38.5,41.7,44.6,0.40,0.25,0.47
HART,2019-11-08 18:10:00 EST,42.21122,-77.68974,2394,18.6,19.3,12.3,71.2,10.8,0.000,0.018,0.00,0.000,4.1,5.3,0.5,315,8,4.2,5.6,0.6,318,5,4.2,5.6,0.6,318,5,0,27.69,0.7,0,0,0,38.5,41.7,44.6,0.40,0.25,0.47
HART,2019-11-08 18:15:00 EST,42.21122,-77.68974,2394,18.6,19.3,11.7,71.1,10.8,0.000,0.018,0.00,0.000,4.6,5.7,0.5,307,12,4.7,6.2,0.5,312,6,4.7,6.2,0.5,312,6,0,27.69,0.7,0,0,0,38.5,41.7,44.6,0.40,0.25,0.47
HART,2019-11-08 18:20:00 EST,42.21122,-77.68974,2394,18.5,19.3,11.1,71.3,10.7,0.000,0.018,0.00,0.000,5.0,6.7,0.5,302,7,5.1,6.8,0.5,307,5,5.1,6.8,0.5,307,5,0,27.69,0.5,0,0,0,38.5,41.7,44.6,0.40,0.25,0.47
HART,2019-11-08 18:25:00 EST,42.21122,-77.68974,2394,18.4,19.3,10.8,71.5,10.7,0.000,0.018,0.00,0.000,5.3,7.0,0.7,309,10,5.2,6.9,0.7,315,6,5.2,6.9,0.7,315,6,0,27.69,0.6,0,0,0,38.5,41.7,44.6,0.40,0.25,0.47
HART,2019-11-08 18:30:00 EST,42.21122,-77.68974,2394,18.6,19.5,10.4,70.9,10.7,0.000,0.018,0.00,0.000,5.9,7.7,0.7,310,7,5.8,7.4,0.6,315,4,5.8,7.4,0.6,315,4,0,27.69,0.5,0,0,0,38.5,41.7,44.6,0.40,0.25,0.47
HART,2019-11-08 18:35:00 EST,42.21122,-77.68974,2394,18.6,19.4,10.6,71.0,10.8,0.000,0.018,0.00,0.000,5.6,6.8,0.5,313,6,5.7,6.8,0.5,317,4,5.7,6.8,0.5,317,4,0,27.69,0.7,0,0,0,38.5,41.6,44.6,0.40,0.25,0.47
HART,2019-11-08 18:40:00 EST,42.21122,-77.68974,2394,18.4,19.3,10.1,71.5,10.8,0.000,0.018,0.00,0.000,5.9,7.7,0.6,312,7,6.0,7.3,0.6,317,3,6.0,7.3,0.6,317,3,0,27.69,0.7,0,0,0,38.5,41.7,44.6,0.40,0.25,0.47
HART,2019-11-08 18:45:00 EST,42.21122,-77.68974,2394,18.4,19.3,9.2,72.0,10.8,0.000,0.018,0.00,0.000,6.8,8.7,0.7,312,6,6.8,8.5,0.7,317,4,6.8,8.5,0.7,317,4,0,27.69,0.7,0,0,0,38.5,41.6,44.6,0.40,0.25,0.47
HART,2019-11-08 18:50:00 EST,42.21122,-77.68974,2394,18.2,19.1,9.3,72.4,10.9,0.000,0.018,0.00,0.000,6.5,7.8,0.6,314,7,6.6,7.8,0.6,318,4,6.6,7.8,0.6,318,4,0,27.69,0.7,0,0,0,38.5,41.6,44.6,0.40,0.25,0.47
HART,2019-11-08 18:55:00 EST,42.21122,-77.68974,2394,18.2,19.0,9.4,72.9,11.0,0.000,0.018,0.00,0.000,6.4,7.5,0.6,310,8,6.5,8.1,0.6,316,5,6.5,8.1,0.6,316,5,0,27.69,0.6,0,0,0,38.4,41.6,44.6,0.40,0.25,0.47
HART,2019-11-08 19:00:00 EST,42.21122,-77.68974,2394,18.1,19.0,9.0,72.9,10.9,0.000,0.018,0.00,0.000,6.7,9.1,0.7,305,10,6.7,9.0,0.7,313,5,6.7,9.0,0.7,313,5,0,27.69,0.7,0,0,0,38.4,41.6,44.6,0.40,0.25,0.47
HART,2019-11-08 19:05:00 EST,42.21122,-77.68974,2394,18.1,19.1,8.7,73.0,10.9,0.000,0.018,0.00,0.000,7.1,8.5,0.6,305,7,7.1,8.6,0.6,312,5,7.1,8.6,0.6,312,5,0,27.69,0.6,0,0,0,38.3,41.5,44.6,0.40,0.25,0.47
HART,2019-11-08 19:10:00 EST,42.21122,-77.68974,2394,18.1,19.2,9.0,73.0,10.9,0.000,0.018,0.00,0.000,6.7,9.4,1.0,306,9,6.7,9.1,1.0,313,6,6.7,9.1,1.0,313,6,0,27.69,0.7,0,0,0,38.3,41.6,44.6,0.40,0.25,0.47
HART,2019-11-08 19:15:00 EST,42.21122,-77.68974,2394,18.3,19.2,9.2,72.8,11.0,0.000,0.018,0.00,0.000,6.6,8.6,0.8,306,10,6.8,8.7,0.8,313,5,6.8,8.7,0.8,313,5,0,27.69,0.7,0,0,0,38.3,41.5,44.6,0.40,0.25,0.47
HART,2019-11-08 19:20:00 EST,42.21122,-77.68974,2394,18.3,19.2,9.1,72.7,11.0,0.000,0.018,0.00,0.000,6.9,8.6,0.7,306,8,7.0,8.6,0.7,312,5,7.0,8.6,0.7,312,5,0,27.69,0.7,0,0,0,38.3,41.5,44.6,0.40,0.25,0.47
HART,2019-11-08 19:25:00 EST,42.21122,-77.68974,2394,17.8,19.1,8.4,73.1,10.7,0.000,0.018,0.00,0.000,6.9,8.7,0.7,304,7,7.0,9.0,0.8,309,5,7.0,9.0,0.8,309,5,0,27.69,0.7,0,0,0,38.3,41.6,44.5,0.40,0.25,0.47
HART,2019-11-08 19:30:00 EST,42.21122,-77.68974,2394,18.0,19.1,7.9,74.2,11.1,0.000,0.018,0.00,0.000,7.8,10.2,0.8,306,8,7.8,10.1,0.8,312,6,7.8,10.1,0.8,312,6,0,27.69,0.7,0,0,0,38.3,41.5,44.6,0.40,0.25,0.47
HART,2019-11-08 19:35:00 EST,42.21122,-77.68974,2394,18.0,19.0,8.0,74.2,11.2,0.000,0.018,0.00,0.000,7.8,10.8,0.8,307,8,7.8,11.0,0.8,313,5,7.8,11.0,0.8,313,5,0,27.69,0.7,0,0,0,38.3,41.5,44.5,0.40,0.25,0.47
HART,2019-11-08 19:40:00 EST,42.21122,-77.68974,2394,17.9,18.7,8.4,74.5,11.2,0.000,0.018,0.00,0.000,6.9,9.1,0.7,308,9,7.1,9.2,0.7,314,6,7.1,9.2,0.7,314,6,0,27.70,0.7,0,0,0,38.3,41.5,44.6,0.40,0.25,0.47
HART,2019-11-08 19:45:00 EST,42.21122,-77.68974,2394,17.8,18.8,7.8,74.7,11.1,0.000,0.018,0.00,0.000,7.6,9.8,0.9,306,8,7.6,9.9,0.8,312,6,7.6,9.9,0.8,312,6,0,27.70,0.7,0,0,0,38.3,41.5,44.5,0.40,0.25,0.47
HART,2019-11-08 19:50:00 EST,42.21122,-77.68974,2394,17.7,18.7,7.8,75.4,11.3,0.000,0.018,0.00,0.000,7.6,9.4,0.8,303,9,7.6,10.0,0.8,311,5,7.6,10.0,0.8,311,5,0,27.70,0.8,0,0,0,38.3,41.5,44.5,0.40,0.25,0.47
HART,2019-11-08 19:55:00 EST,42.21122,-77.68974,2394,17.8,18.8,7.7,75.3,11.3,0.000,0.018,0.00,0.000,7.7,9.5,0.8,304,9,7.7,9.3,0.8,310,6,7.7,9.3,0.8,310,6,0,27.70,0.7,0,0,0,38.3,41.5,44.5,0.40,0.25,0.47
HART,2019-11-08 20:00:00 EST,42.21122,-77.68974,2394,17.9,18.9,7.7,75.4,11.4,0.000,0.018,0.00,0.000,7.9,10.2,0.9,305,7,8.0,10.4,0.8,311,5,8.0,10.4,0.8,311,5,0,27.69,0.8,0,0,0,38.3,41.5,44.4,0.40,0.25,0.47
HART,2019-11-08 20:05:00 EST,42.21122,-77.68974,2394,17.8,18.8,8.1,75.5,11.4,0.000,0.018,0.00,0.000,7.4,9.1,0.7,304,8,7.3,9.3,0.7,310,5,7.3,9.3,0.7,310,5,0,27.70,0.7,0,0,0,38.3,41.5,44.4,0.40,0.25,0.47
HART,2019-11-08 20:10:00 EST,42.21122,-77.68974,2394,17.7,18.8,8.5,75.8,11.3,0.000,0.018,0.00,0.000,6.6,8.8,0.6,303,9,6.7,9.4,0.7,309,6,6.7,9.4,0.7,309,6,0,27.70,0.6,0,0,0,38.3,41.5,44.4,0.40,0.25,0.47
HART,2019-11-08 20:15:00 EST,42.21122,-77.68974,2394,17.9,18.8,8.7,76.3,11.7,0.000,0.018,0.00,0.000,6.7,9.1,0.9,307,12,6.7,9.1,0.9,314,7,6.7,9.1,0.9,314,7,0,27.70,0.7,0,0,0,38.3,41.5,44.4,0.40,0.25,0.47
HART,2019-11-08 20:20:00 EST,42.21122,-77.68974,2394,17.7,18.6,8.8,75.9,11.4,0.000,0.018,0.00,0.000,6.3,8.3,0.8,305,12,6.4,9.1,0.9,312,8,6.4,9.1,0.9,312,8,0,27.70,0.6,0,0,0,38.3,41.5,44.4,0.40,0.25,0.47
HART,2019-11-08 20:25:00 EST,42.21122,-77.68974,2394,17.5,18.6,8.4,76.8,11.4,0.000,0.018,0.00,0.000,6.6,9.0,1.1,298,11,6.6,9.5,1.1,306,6,6.6,9.5,1.1,306,6,0,27.70,0.7,0,0,0,38.3,41.5,44.4,0.40,0.25,0.47
HART,2019-11-08 20:30:00 EST,42.21122,-77.68974,2394,17.4,18.5,9.0,77.0,11.5,0.000,0.018,0.00,0.000,5.9,7.1,0.5,299,8,5.9,7.6,0.6,305,6,5.9,7.6,0.6,305,6,0,27.70,0.7,0,0,0,38.2,41.5,44.4,0.40,0.25,0.47
HART,2019-11-08 20:35:00 EST,42.21122,-77.68974,2394,17.3,18.4,9.2,77.8,11.6,0.000,0.018,0.00,0.000,5.5,7.6,0.6,298,8,5.6,7.3,0.6,304,6,5.6,7.3,0.6,304,6,0,27.70,0.7,0,0,0,38.2,41.5,44.4,0.40,0.25,0.47
HART,2019-11-08 20:40:00 EST,42.21122,-77.68974,2394,17.4,18.4,9.2,78.1,11.8,0.000,0.018,0.00,0.000,5.6,6.6,0.4,298,7,5.6,6.9,0.5,303,4,5.6,6.9,0.5,303,4,0,27.70,0.7,0,0,0,38.1,41.5,44.4,0.40,0.25,0.47
HART,2019-11-08 20:45:00 EST,42.21122,-77.68974,2394,17.4,18.3,9.3,78.2,11.7,0.000,0.018,0.00,0.000,5.5,6.9,0.5,298,8,5.5,7.1,0.5,303,5,5.5,7.1,0.5,303,5,0,27.70,0.8,0,0,0,38.1,41.5,44.4,0.40,0.25,0.47
HART,2019-11-08 20:50:00 EST,42.21122,-77.68974,2394,17.5,18.5,9.0,78.3,11.9,0.000,0.018,0.00,0.000,5.9,8.1,0.7,293,7,5.9,8.0,0.8,298,5,5.9,8.0,0.8,298,5,0,27.70,0.7,0,0,0,38.1,41.5,44.4,0.40,0.25,0.47
HART,2019-11-08 20:55:00 EST,42.21122,-77.68974,2394,17.7,18.4,9.7,78.1,12.0,0.000,0.018,0.00,0.000,5.4,6.7,0.4,293,6,5.4,6.6,0.4,298,4,5.4,6.6,0.4,298,4,0,27.70,0.7,0,0,0,38.1,41.5,44.4,0.40,0.25,0.47
HART,2019-11-08 21:00:00 EST,42.21122,-77.68974,2394,17.6,18.3,10.3,78.1,11.9,0.000,0.018,0.00,0.000,4.8,5.7,0.4,293,6,4.8,5.9,0.5,298,5,4.8,5.9,0.5,298,5,0,27.70,0.7,0,0,0,38.1,41.5,44.4,0.40,0.25,0.47
HART,2019-11-08 21:05:00 EST,42.21122,-77.68974,2394,17.6,18.4,9.9,78.7,12.1,0.000,0.018,0.00,0.000,5.1,6.0,0.4,283,7,5.3,6.2,0.5,288,4,5.3,6.2,0.5,288,4,0,27.70,0.7,0,0,0,38.1,41.5,44.4,0.40,0.25,0.47
HART,2019-11-08 21:10:00 EST,42.21122,-77.68974,2394,17.4,18.4,9.7,78.8,12.0,0.000,0.018,0.00,0.000,5.1,6.9,0.5,273,6,5.2,6.8,0.5,278,4,5.2,6.8,0.5,278,4,0,27.70,0.6,0,0,0,38.1,41.5,44.4,0.40,0.25,0.47
HART,2019-11-08 21:15:00 EST,42.21122,-77.68974,2394,17.3,18.4,9.2,79.2,12.0,0.000,0.018,0.00,0.000,5.5,6.9,0.5,275,6,5.6,7.1,0.5,280,4,5.6,7.1,0.5,280,4,0,27.69,0.8,0,0,0,38.1,41.5,44.4,0.40,0.25,0.47
HART,2019-11-08 21:20:00 EST,42.21122,-77.68974,2394,17.5,18.4,9.6,79.6,12.3,0.000,0.018,0.00,0.000,5.2,6.4,0.4,281,5,5.4,6.5,0.4,286,3,5.4,6.5,0.4,286,3,0,27.70,0.7,0,0,0,38.1,41.5,44.4,0.40,0.25,0.47
HART,2019-11-08 21:25:00 EST,42.21122,-77.68974,2394,17.6,18.4,10.0,79.5,12.3,0.000,0.018,0.00,0.000,5.0,5.6,0.2,270,8,5.1,5.9,0.3,273,8,5.1,5.9,0.3,273,8,0,27.70,0.7,0,0,0,38.1,41.5,44.4,0.40,0.25,0.47
HART,2019-11-08 21:30:00 EST,42.21122,-77.68974,2394,17.5,18.3,10.3,79.8,12.3,0.000,0.018,0.00,0.000,4.8,5.6,0.3,262,3,4.8,5.5,0.3,266,3,4.8,5.5,0.3,266,3,0,27.70,0.7,0,0,0,38.1,41.5,44.4,0.40,0.25,0.47
HART,2019-11-08 21:35:00 EST,42.21122,-77.68974,2394,17.6,18.3,11.2,79.8,12.4,0.000,0.018,0.00,0.000,4.1,4.7,0.3,264,4,4.2,4.9,0.3,268,3,4.2,4.9,0.3,268,3,0,27.70,0.7,0,0,0,38.1,41.5,44.4,0.40,0.25,0.47
HART,2019-11-08 21:40:00 EST,42.21122,-77.68974,2394,17.6,18.5,11.1,79.9,12.4,0.000,0.018,0.00,0.000,4.2,4.9,0.3,261,4,4.3,5.1,0.3,265,3,4.3,5.1,0.3,265,3,0,27.70,0.8,0,0,0,38.1,41.5,44.4,0.40,0.25,0.47
HART,2019-11-08 21:45:00 EST,42.21122,-77.68974,2394,17.6,18.3,10.8,79.5,12.4,0.000,0.018,0.00,0.000,4.3,4.7,0.2,250,4,4.5,5.0,0.2,251,5,4.5,5.0,0.2,251,5,0,27.70,0.7,0,0,0,38.0,41.5,44.4,0.40,0.25,0.47
HART,2019-11-08 21:50:00 EST,42.21122,-77.68974,2394,17.4,18.1,11.0,79.5,12.2,0.000,0.018,0.00,0.000,4.1,4.9,0.4,236,4,4.1,5.1,0.4,235,3,4.1,5.1,0.4,235,3,0,27.69,0.7,0,0,0,37.9,41.5,44.4,0.40,0.25,0.47
HART,2019-11-08 21:55:00 EST,42.21122,-77.68974,2394,17.2,17.9,9.7,79.8,12.1,0.000,0.018,0.00,0.000,5.1,6.3,0.4,235,3,5.0,6.2,0.4,236,3,5.0,6.2,0.4,236,3,0,27.69,0.7,0,0,0,37.9,41.5,44.4,0.40,0.25,0.47
HART,2019-11-08 22:00:00 EST,42.21122,-77.68974,2394,17.1,17.7,9.8,80.2,12.0,0.000,0.018,0.00,0.000,4.7,5.6,0.4,233,3,4.7,5.8,0.4,234,3,4.7,5.8,0.4,234,3,0,27.69,0.7,0,0,0,37.9,41.4,44.4,0.40,0.25,0.47
HART,2019-11-08 22:05:00 EST,42.21122,-77.68974,2394,17.2,17.8,9.9,80.6,12.2,0.000,0.018,0.00,0.000,4.8,5.5,0.3,231,3,4.8,5.5,0.3,231,3,4.8,5.5,0.3,231,3,0,27.69,0.7,0,0,0,37.9,41.5,44.4,0.40,0.25,0.47
HART,2019-11-08 22:10:00 EST,42.21122,-77.68974,2394,17.2,17.8,9.6,80.2,12.1,0.000,0.018,0.00,0.000,5.0,6.2,0.5,236,5,5.0,6.1,0.4,237,5,5.0,6.1,0.4,237,5,0,27.69,0.7,0,0,0,37.9,41.5,44.4,0.40,0.25,0.47
HART,2019-11-08 22:15:00 EST,42.21122,-77.68974,2394,17.0,17.8,9.2,80.5,12.1,0.000,0.018,0.00,0.000,5.3,6.4,0.4,240,4,5.3,6.5,0.4,242,4,5.3,6.5,0.4,242,4,0,27.69,0.7,0,0,0,37.9,41.4,44.4,0.40,0.25,0.47
HART,2019-11-08 22:20:00 EST,42.21122,-77.68974,2394,17.1,17.9,9.4,80.7,12.2,0.000,0.018,0.00,0.000,5.2,6.3,0.5,236,4,5.1,6.5,0.5,237,4,5.1,6.5,0.5,237,4,0,27.69,0.7,0,0,0,37.9,41.5,44.4,0.40,0.25,0.47
HART,2019-11-08 22:25:00 EST,42.21122,-77.68974,2394,17.1,18.0,9.9,80.5,12.1,0.000,0.018,0.00,0.000,4.8,5.6,0.4,234,2,4.8,5.6,0.3,235,3,4.8,5.6,0.3,235,3,0,27.69,0.7,0,0,0,37.9,41.5,44.4,0.40,0.25,0.47
HART,2019-11-08 22:30:00 EST,42.21122,-77.68974,2394,17.2,18.1,9.5,80.5,12.2,0.000,0.018,0.00,0.000,5.1,6.0,0.4,231,3,5.2,6.1,0.4,231,3,5.2,6.1,0.4,231,3,0,27.69,0.7,0,0,0,37.9,41.4,44.4,0.40,0.25,0.47
HART,2019-11-08 22:35:00 EST,42.21122,-77.68974,2394,17.3,18.1,9.2,79.9,12.2,0.000,0.018,0.00,0.000,5.5,6.5,0.4,228,3,5.5,6.4,0.5,228,3,5.5,6.4,0.5,228,3,0,27.69,0.7,0,0,0,37.9,41.4,44.4,0.40,0.25,0.47
HART,2019-11-08 22:40:00 EST,42.21122,-77.68974,2394,17.3,18.1,9.4,79.9,12.2,0.000,0.018,0.00,0.000,5.4,6.4,0.5,230,3,5.4,6.5,0.5,231,3,5.4,6.5,0.5,231,3,0,27.69,0.7,0,0,0,37.9,41.4,44.4,0.40,0.25,0.47
HART,2019-11-08 22:45:00 EST,42.21122,-77.68974,2394,17.3,18.0,10.7,79.8,12.2,0.000,0.018,0.00,0.000,4.3,5.6,0.4,228,5,4.3,5.5,0.4,228,5,4.3,5.5,0.4,228,5,0,27.68,0.7,0,0,0,37.9,41.4,44.4,0.40,0.25,0.47
HART,2019-11-08 22:50:00 EST,42.21122,-77.68974,2394,17.3,18.0,11.7,80.4,12.2,0.000,0.018,0.00,0.000,3.6,4.2,0.3,225,5,3.5,4.3,0.4,226,5,3.5,4.3,0.4,226,5,0,27.68,0.8,0,0,0,37.9,41.4,44.4,0.40,0.25,0.47
HART,2019-11-08 22:55:00 EST,42.21122,-77.68974,2394,17.3,18.3,10.5,80.5,12.3,0.000,0.018,0.00,0.000,4.4,5.0,0.3,227,4,4.4,5.2,0.4,227,4,4.4,5.2,0.4,227,4,0,27.68,0.7,0,0,0,37.8,41.4,44.4,0.40,0.25,0.47
HART,2019-11-08 23:00:00 EST,42.21122,-77.68974,2394,17.4,18.3,9.8,80.3,12.4,0.000,0.018,0.00,0.000,5.2,5.8,0.3,229,3,5.1,6.0,0.4,229,3,5.1,6.0,0.4,229,3,0,27.68,0.7,0,0,0,37.8,41.4,44.4,0.40,0.25,0.47
HART,2019-11-08 23:05:00 EST,42.21122,-77.68974,2394,17.2,18.0,10.7,80.3,12.2,0.000,0.018,0.00,0.000,4.3,5.3,0.5,223,5,4.2,5.7,0.5,223,4,4.2,5.7,0.5,223,4,0,27.68,0.8,0,0,0,37.8,41.4,44.4,0.40,0.25,0.47
HART,2019-11-08 23:10:00 EST,42.21122,-77.68974,2394,17.2,18.1,9.5,80.9,12.3,0.000,0.018,0.00,0.000,5.1,6.1,0.4,229,5,5.1,6.5,0.5,228,5,5.1,6.5,0.5,228,5,0,27.68,0.7,0,0,0,37.8,41.4,44.4,0.40,0.25,0.47
HART,2019-11-08 23:15:00 EST,42.21122,-77.68974,2394,17.1,18.1,8.7,80.5,12.1,0.000,0.018,0.00,0.000,5.8,7.4,0.7,231,5,5.8,7.5,0.7,232,5,5.8,7.5,0.7,232,5,0,27.68,0.7,0,0,0,37.8,41.4,44.4,0.40,0.25,0.47
HART,2019-11-08 23:20:00 EST,42.21122,-77.68974,2394,16.9,18.1,8.6,80.5,11.9,0.000,0.018,0.00,0.000,5.6,6.7,0.7,227,5,5.6,6.8,0.7,227,5,5.6,6.8,0.7,227,5,0,27.68,0.7,0,0,0,37.8,41.4,44.4,0.40,0.25,0.47
HART,2019-11-08 23:25:00 EST,42.21122,-77.68974,2394,16.5,17.7,7.5,81.1,11.7,0.000,0.018,0.00,0.000,6.3,7.9,0.7,230,6,6.3,7.9,0.7,230,6,6.3,7.9,0.7,230,6,0,27.68,0.7,0,0,0,37.8,41.4,44.4,0.40,0.25,0.47
HART,2019-11-08 23:30:00 EST,42.21122,-77.68974,2394,16.6,17.5,8.3,81.9,12.1,0.000,0.018,0.00,0.000,5.7,8.2,0.9,223,7,5.6,8.0,0.8,224,6,5.6,8.0,0.8,224,6,0,27.68,0.8,0,0,0,37.8,41.4,44.4,0.40,0.25,0.47
HART,2019-11-08 23:35:00 EST,42.21122,-77.68974,2394,16.4,17.3,8.9,81.8,11.8,0.000,0.018,0.00,0.000,4.8,6.7,0.8,214,9,4.8,7.4,0.8,215,8,4.8,7.4,0.8,215,8,0,27.67,0.7,0,0,0,37.8,41.4,44.4,0.40,0.25,0.47
HART,2019-11-08 23:40:00 EST,42.21122,-77.68974,2394,16.5,17.4,7.8,82.4,12.1,0.000,0.018,0.00,0.000,6.1,8.0,0.7,219,7,6.0,7.7,0.7,220,6,6.0,7.7,0.7,220,6,0,27.68,0.8,0,0,0,37.8,41.4,44.4,0.40,0.25,0.47
HART,2019-11-08 23:45:00 EST,42.21122,-77.68974,2394,16.4,17.3,9.0,81.8,11.9,0.000,0.018,0.00,0.000,4.9,6.9,0.7,213,7,4.8,7.0,0.7,214,7,4.8,7.0,0.7,214,7,0,27.67,0.7,0,0,0,37.8,41.4,44.4,0.40,0.25,0.47
HART,2019-11-08 23:50:00 EST,42.21122,-77.68974,2394,16.5,17.3,8.8,82.2,12.1,0.000,0.018,0.00,0.000,5.1,7.6,0.7,206,6,5.1,7.5,0.7,208,6,5.1,7.5,0.7,208,6,0,27.67,0.7,0,0,0,37.7,41.4,44.4,0.40,0.25,0.47
HART,2019-11-08 23:55:00 EST,42.21122,-77.68974,2394,16.6,17.5,8.1,81.4,11.9,0.000,0.018,0.00,0.000,5.8,8.0,0.8,201,7,5.8,7.9,0.8,201,7,5.8,7.9,0.8,201,7,0,27.67,0.8,0,0,0,37.6,41.4,44.4,0.40,0.25,0.47
HERK,2019-11-08 00:00:00 EST,43.03662,-75.00957,714,24.4,25.4,18.4,91.3,22.2,0.000,0.126,0.00,0.000,4.3,5.5,0.5,291,9,4.7,6.4,0.8,290,9,4.7,6.4,0.8,290,9,0,29.33,-0.0,0,0,0,44.6,48.0,49.5,0.34,0.31,0.47
HERK,2019-11-08 00:05:00 EST,43.03662,-75.00957,714,24.2,25.2,18.4,91.4,22.0,0.000,0.000,0.00,0.000,3.8,5.1,0.6,278,8,4.5,6.3,0.7,279,6,4.5,6.3,0.7,279,6,0,29.33,-0.0,0,0,0,44.6,48.0,49.5,0.34,0.31,0.46
HERK,2019-11-08 00:10:00 EST,43.03662,-75.00957,714,23.8,25.0,17.8,91.6,21.7,0.000,0.000,0.00,0.000,4.2,5.7,0.6,285,10,4.7,6.4,0.9,285,10,4.7,6.4,0.9,285,10,0,29.33,-0.0,0,0,0,44.6,48.0,49.5,0.34,0.31,0.47
HERK,2019-11-08 00:15:00 EST,43.03662,-75.00957,714,23.7,25.0,19.1,92.5,21.8,0.000,0.000,0.00,0.000,3.4,4.2,0.4,294,9,3.5,5.0,0.7,295,9,3.5,5.0,0.7,295,9,0,29.32,-0.0,0,0,0,44.6,48.0,49.5,0.34,0.31,0.47
HERK,2019-11-08 00:20:00 EST,43.03662,-75.00957,714,23.5,25.0,18.0,92.9,21.7,0.000,0.000,0.00,0.000,3.7,4.8,0.5,284,6,4.2,5.5,0.6,285,4,4.2,5.5,0.6,285,4,0,29.32,-0.0,0,0,0,44.5,48.0,49.5,0.34,0.31,0.47
HERK,2019-11-08 00:25:00 EST,43.03662,-75.00957,714,23.3,24.6,19.1,92.9,21.6,0.000,0.000,0.00,0.000,2.7,3.5,0.4,278,6,3.2,4.7,0.5,279,6,3.2,4.7,0.5,279,6,0,29.32,0.0,0,0,0,44.4,48.0,49.5,0.34,0.31,0.47
HERK,2019-11-08 00:30:00 EST,43.03662,-75.00957,714,23.2,24.7,18.2,93.4,21.5,0.000,0.000,0.00,0.000,3.5,4.2,0.3,295,5,3.7,4.8,0.4,295,5,3.7,4.8,0.4,295,5,0,29.31,-0.0,0,0,0,44.4,48.0,49.5,0.34,0.31,0.47
HERK,2019-11-08 00:35:00 EST,43.03662,-75.00957,714,22.9,24.5,17.5,93.4,21.3,0.000,0.000,0.00,0.000,3.9,5.1,0.7,298,7,4.1,5.6,1.0,297,7,4.1,5.6,1.0,297,7,0,29.31,-0.0,0,0,0,44.4,48.0,49.5,0.34,0.31,0.47
HERK,2019-11-08 00:40:00 EST,43.03662,-75.00957,714,22.6,24.3,17.1,94.2,21.2,0.000,0.000,0.00,0.000,4.0,4.8,0.4,297,5,4.2,5.2,0.6,297,6,4.2,5.2,0.6,297,6,0,29.31,-0.0,0,0,0,44.4,48.0,49.5,0.34,0.31,0.46
HERK,2019-11-08 00:45:00 EST,43.03662,-75.00957,714,22.5,24.1,16.4,93.8,21.0,0.000,0.000,0.00,0.000,4.0,5.4,0.6,286,7,4.6,6.2,0.9,285,7,4.6,6.2,0.9,285,7,0,29.31,-0.0,0,0,0,44.4,48.0,49.5,0.34,0.31,0.47
HERK,2019-11-08 00:50:00 EST,43.03662,-75.00957,714,22.3,24.1,15.2,93.8,20.8,0.000,0.000,0.00,0.000,4.9,6.5,0.8,289,6,5.4,7.5,1.1,289,5,5.4,7.5,1.1,289,5,0,29.31,-0.0,0,0,0,44.4,48.0,49.4,0.34,0.31,0.46
HERK,2019-11-08 00:55:00 EST,43.03662,-75.00957,714,22.1,23.7,22.1,94.3,20.7,0.000,0.000,0.00,0.000,2.4,3.6,0.5,314,15,2.3,4.3,0.5,315,15,2.3,4.3,0.5,315,15,0,29.31,-0.0,0,0,0,44.4,48.0,49.4,0.34,0.31,0.47
HERK,2019-11-08 01:00:00 EST,43.03662,-75.00957,714,22.2,23.7,22.2,94.9,21.0,0.000,0.000,0.00,0.000,2.9,4.5,0.7,301,10,3.0,4.9,0.7,302,9,3.0,4.9,0.7,302,9,0,29.31,-0.0,0,0,0,44.4,48.0,49.4,0.34,0.31,0.47
HERK,2019-11-08 01:05:00 EST,43.03662,-75.00957,714,21.9,23.6,17.7,95.2,20.8,0.000,0.000,0.00,0.000,3.0,4.1,0.6,298,7,3.2,5.2,0.8,298,8,3.2,5.2,0.8,298,8,0,29.31,0.0,0,0,0,44.2,48.0,49.4,0.34,0.31,0.47
HERK,2019-11-08 01:10:00 EST,43.03662,-75.00957,714,22.1,23.9,14.9,94.7,20.8,0.000,0.000,0.00,0.000,4.8,5.5,0.3,286,4,5.5,6.4,0.4,286,4,5.5,6.4,0.4,286,4,0,29.31,0.0,0,0,0,44.1,48.0,49.4,0.34,0.31,0.47
HERK,2019-11-08 01:15:00 EST,43.03662,-75.00957,714,22.2,24.0,15.6,94.6,20.9,0.000,0.000,0.00,0.000,4.7,5.7,0.4,294,4,5.0,6.5,0.6,293,4,5.0,6.5,0.6,293,4,0,29.30,0.1,0,0,0,44.1,48.0,49.4,0.34,0.31,0.47
HERK,2019-11-08 01:20:00 EST,43.03662,-75.00957,714,22.6,23.9,16.5,94.8,21.3,0.000,0.000,0.00,0.000,4.2,5.0,0.4,291,5,4.6,5.8,0.5,290,5,4.6,5.8,0.5,290,5,0,29.30,-0.1,0,0,0,44.1,48.0,49.4,0.34,0.31,0.47
HERK,2019-11-08 01:25:00 EST,43.03662,-75.00957,714,21.9,23.9,16.0,93.6,20.3,0.000,0.000,0.00,0.000,3.9,4.2,0.1,291,4,4.3,5.1,0.3,290,4,4.3,5.1,0.3,290,4,0,29.30,-0.0,0,0,0,44.1,48.0,49.4,0.34,0.31,0.47
HERK,2019-11-08 01:30:00 EST,43.03662,-75.00957,714,21.4,23.7,15.2,93.2,19.7,0.000,0.000,0.00,0.000,4.2,5.5,0.5,295,3,4.5,6.1,0.8,293,4,4.5,6.1,0.8,293,4,0,29.31,0.1,0,0,0,44.1,48.0,49.4,0.34,0.31,0.46
HERK,2019-11-08 01:35:00 EST,43.03662,-75.00957,714,21.8,23.7,15.3,94.5,20.5,0.000,0.000,0.00,0.000,4.6,5.3,0.3,295,6,4.9,6.4,0.5,295,7,4.9,6.4,0.5,295,7,0,29.31,0.1,0,0,0,44.1,48.0,49.3,0.34,0.31,0.47
HERK,2019-11-08 01:40:00 EST,43.03662,-75.00957,714,21.5,23.5,15.5,94.0,20.1,0.000,0.000,0.00,0.000,4.3,5.1,0.4,300,6,4.3,5.5,0.6,301,7,4.3,5.5,0.6,301,7,0,29.31,0.0,0,0,0,44.0,48.0,49.4,0.34,0.31,0.47
HERK,2019-11-08 01:45:00 EST,43.03662,-75.00957,714,21.5,23.3,15.2,94.0,20.0,0.000,0.000,0.00,0.000,4.5,6.1,0.4,300,6,4.6,5.9,0.5,300,7,4.6,5.9,0.5,300,7,0,29.31,0.1,0,0,0,43.9,48.0,49.3,0.34,0.31,0.47
HERK,2019-11-08 01:50:00 EST,43.03662,-75.00957,714,21.7,23.5,14.6,94.1,20.3,0.000,0.000,0.00,0.000,4.7,5.8,0.3,288,6,5.4,6.8,0.6,287,5,5.4,6.8,0.6,287,5,0,29.31,0.1,0,0,0,43.9,48.0,49.4,0.34,0.31,0.47
HERK,2019-11-08 01:55:00 EST,43.03662,-75.00957,714,22.0,23.5,14.2,94.0,20.5,0.000,0.000,0.00,0.000,5.3,6.8,0.5,284,5,6.2,7.9,0.6,284,4,6.2,7.9,0.6,284,4,0,29.31,0.1,0,0,0,43.9,48.0,49.3,0.34,0.31,0.47
HERK,2019-11-08 02:00:00 EST,43.03662,-75.00957,714,21.7,23.6,13.9,93.3,20.1,0.000,0.000,0.00,0.000,5.5,7.0,0.6,290,8,6.1,7.9,0.7,290,6,6.1,7.9,0.7,290,6,0,29.31,0.1,0,0,0,43.9,48.0,49.3,0.34,0.31,0.47
HERK,2019-11-08 02:05:00 EST,43.03662,-75.00957,714,22.0,23.4,15.0,94.1,20.6,0.000,0.000,0.00,0.000,5.1,6.3,0.6,295,9,5.3,7.0,0.8,296,8,5.3,7.0,0.8,296,8,0,29.31,0.1,0,0,0,43.9,48.0,49.3,0.34,0.31,0.46
HERK,2019-11-08 02:10:00 EST,43.03662,-75.00957,714,22.2,23.5,15.3,93.7,20.7,0.000,0.000,0.00,0.000,4.9,6.1,0.6,292,7,5.3,7.6,0.8,292,7,5.3,7.6,0.8,292,7,0,29.31,0.1,0,0,0,43.9,48.0,49.3,0.34,0.31,0.47
HERK,2019-11-08 02:15:00 EST,43.03662,-75.00957,714,22.1,23.4,15.1,92.6,20.3,0.000,0.000,0.00,0.000,5.0,6.4,0.6,295,7,5.4,7.6,0.9,294,7,5.4,7.6,0.9,294,7,0,29.31,0.1,0,0,0,43.9,47.9,49.3,0.34,0.31,0.47
HERK,2019-11-08 02:20:00 EST,43.03662,-75.00957,714,22.1,23.5,14.7,92.5,20.3,0.000,0.000,0.00,0.000,5.4,7.0,0.6,295,7,5.7,7.9,0.7,294,7,5.7,7.9,0.7,294,7,0,29.31,0.1,0,0,0,43.8,47.9,49.3,0.34,0.31,0.47
HERK,2019-11-08 02:25:00 EST,43.03662,-75.00957,714,22.2,23.3,15.7,92.6,20.4,0.000,0.000,0.00,0.000,4.7,6.5,0.6,295,6,4.9,7.2,0.7,295,7,4.9,7.2,0.7,295,7,0,29.31,0.1,0,0,0,43.7,47.9,49.3,0.34,0.31,0.46
HERK,2019-11-08 02:30:00 EST,43.03662,-75.00957,714,22.3,23.3,15.0,92.4,20.5,0.000,0.000,0.00,0.000,5.3,8.2,0.9,294,7,5.7,9.1,1.0,293,7,5.7,9.1,1.0,293,7,0,29.31,0.1,0,0,0,43.7,47.8,49.3,0.34,0.31,0.47
HERK,2019-11-08 02:35:00 EST,43.03662,-75.00957,714,22.5,23.3,14.9,91.5,20.4,0.000,0.000,0.00,0.000,5.6,7.4,0.7,291,7,6.0,8.3,0.8,291,6,6.0,8.3,0.8,291,6,0,29.31,0.1,0,0,0,43.7,47.9,49.3,0.34,0.31,0.47
HERK,2019-11-08 02:40:00 EST,43.03662,-75.00957,714,22.3,23.2,14.4,90.7,20.0,0.000,0.000,0.00,0.000,5.6,6.6,0.6,285,8,6.4,8.6,0.8,286,6,6.4,8.6,0.8,286,6,0,29.31,0.1,0,0,0,43.7,47.9,49.3,0.34,0.31,0.46
HERK,2019-11-08 02:45:00 EST,43.03662,-75.00957,714,22.2,23.2,13.9,90.0,19.7,0.000,0.000,0.00,0.000,5.9,7.7,0.6,284,6,6.8,9.5,0.9,284,5,6.8,9.5,0.9,284,5,0,29.31,0.1,0,0,0,43.7,47.8,49.3,0.34,0.31,0.47
HERK,2019-11-08 02:50:00 EST,43.03662,-75.00957,714,22.0,23.2,14.4,89.7,19.5,0.000,0.000,0.00,0.000,5.3,6.9,0.7,290,6,5.9,7.8,0.8,289,5,5.9,7.8,0.8,289,5,0,29.31,0.1,0,0,0,43.7,47.8,49.3,0.34,0.31,0.47
HERK,2019-11-08 02:55:00 EST,43.03662,-75.00957,714,22.0,23.2,14.5,89.8,19.5,0.000,0.000,0.00,0.000,5.3,7.2,0.6,288,8,5.9,8.4,0.8,288,6,5.9,8.4,0.8,288,6,0,29.31,0.1,0,0,0,43.7,47.8,49.3,0.34,0.31,0.47
HERK,2019-11-08 03:00:00 EST,43.03662,-75.00957,714,22.0,23.2,13.9,90.1,19.6,0.000,0.000,0.00,0.000,6.0,8.0,0.6,290,7,6.5,8.7,1.0,290,6,6.5,8.7,1.0,290,6,0,29.31,0.1,0,0,0,43.7,47.8,49.3,0.34,0.31,0.46
HERK,2019-11-08 03:05:00 EST,43.03662,-75.00957,714,22.1,23.0,14.5,89.7,19.5,0.000,0.000,0.00,0.000,5.4,6.7,0.5,290,6,5.9,7.2,0.6,290,6,5.9,7.2,0.6,290,6,0,29.31,0.1,0,0,0,43.7,47.8,49.3,0.34,0.31,0.47
HERK,2019-11-08 03:10:00 EST,43.03662,-75.00957,714,22.0,23.0,14.5,89.0,19.2,0.000,0.000,0.00,0.000,5.3,6.3,0.5,292,6,5.7,7.0,0.8,292,7,5.7,7.0,0.8,292,7,0,29.31,0.1,0,0,0,43.5,47.8,49.3,0.34,0.31,0.47
HERK,2019-11-08 03:15:00 EST,43.03662,-75.00957,714,21.8,22.9,15.6,89.3,19.1,0.000,0.000,0.00,0.000,4.4,5.4,0.4,297,5,4.5,5.7,0.5,297,5,4.5,5.7,0.5,297,5,0,29.31,0.1,0,0,0,43.5,47.8,49.3,0.34,0.31,0.47
HERK,2019-11-08 03:20:00 EST,43.03662,-75.00957,714,21.5,22.7,16.3,90.0,19.0,0.000,0.000,0.00,0.000,3.7,4.6,0.5,299,6,3.8,5.0,0.5,299,7,3.8,5.0,0.5,299,7,0,29.31,0.1,0,0,0,43.5,47.8,49.3,0.34,0.31,0.47
HERK,2019-11-08 03:25:00 EST,43.03662,-75.00957,714,21.5,22.6,16.2,90.4,19.1,0.000,0.000,0.00,0.000,4.0,5.0,0.4,303,6,3.8,4.9,0.5,303,8,3.8,4.9,0.5,303,8,0,29.31,0.1,0,0,0,43.5,47.8,49.3,0.34,0.31,0.47
HERK,2019-11-08 03:30:00 EST,43.03662,-75.00957,714,21.2,22.5,16.4,91.0,19.0,0.000,0.000,0.00,0.000,3.5,4.6,0.5,300,5,3.5,4.7,0.5,301,6,3.5,4.7,0.5,301,6,0,29.31,0.1,0,0,0,43.5,47.8,49.3,0.34,0.31,0.46
HERK,2019-11-08 03:35:00 EST,43.03662,-75.00957,714,20.8,22.4,15.6,90.3,18.4,0.000,0.000,0.00,0.000,3.7,4.9,0.5,301,6,3.7,5.3,0.5,302,7,3.7,5.3,0.5,302,7,0,29.31,0.1,0,0,0,43.5,47.8,49.3,0.34,0.31,0.47
HERK,2019-11-08 03:40:00 EST,43.03662,-75.00957,714,20.6,22.3,16.1,91.0,18.4,0.000,0.000,0.00,0.000,3.3,4.2,0.3,303,6,3.2,4.7,0.5,304,7,3.2,4.7,0.5,304,7,0,29.31,0.2,0,0,0,43.5,47.8,49.3,0.34,0.31,0.46
HERK,2019-11-08 03:45:00 EST,43.03662,-75.00957,714,20.8,22.3,15.7,91.8,18.8,0.000,0.000,0.00,0.000,3.6,4.6,0.4,301,8,3.6,4.6,0.4,303,9,3.6,4.6,0.4,303,9,0,29.31,0.1,0,0,0,43.5,47.8,49.3,0.34,0.31,0.46
HERK,2019-11-08 03:50:00 EST,43.03662,-75.00957,714,21.1,22.3,15.7,92.1,19.1,0.000,0.000,0.00,0.000,4.1,5.5,0.8,315,9,3.8,5.8,0.8,316,8,3.8,5.8,0.8,316,8,0,29.31,0.2,0,0,0,43.5,47.8,49.3,0.34,0.31,0.46
HERK,2019-11-08 03:55:00 EST,43.03662,-75.00957,714,21.6,22.5,15.5,91.1,19.4,0.000,0.000,0.00,0.000,4.6,6.6,1.0,313,11,4.5,6.4,1.0,314,10,4.5,6.4,1.0,314,10,0,29.31,0.2,0,0,0,43.5,47.8,49.3,0.34,0.31,0.46
HERK,2019-11-08 04:00:00 EST,43.03662,-75.00957,714,22.0,22.6,15.6,90.3,19.6,0.000,0.000,0.00,0.000,4.9,7.5,0.9,319,10,4.7,7.5,1.0,320,8,4.7,7.5,1.0,320,8,0,29.31,0.2,0,0,0,43.4,47.8,49.3,0.34,0.31,0.46
HERK,2019-11-08 04:05:00 EST,43.03662,-75.00957,714,22.3,22.8,15.8,89.7,19.7,0.000,0.000,0.00,0.000,4.8,7.1,1.1,307,13,4.9,7.7,1.2,309,12,4.9,7.7,1.2,309,12,0,29.31,0.2,0,0,0,43.3,47.8,49.3,0.34,0.31,0.47
HERK,2019-11-08 04:10:00 EST,43.03662,-75.00957,714,22.8,23.1,15.2,89.2,20.1,0.000,0.000,0.00,0.000,5.5,9.1,1.2,288,12,6.1,10.6,1.4,288,11,6.1,10.6,1.4,288,11,0,29.31,0.2,0,0,0,43.3,47.8,49.3,0.34,0.31,0.46
HERK,2019-11-08 04:15:00 EST,43.03662,-75.00957,714,22.8,23.2,16.2,87.8,19.7,0.000,0.000,0.00,0.000,4.6,7.7,1.3,289,12,5.1,8.1,1.3,289,11,5.1,8.1,1.3,289,11,0,29.31,0.2,0,0,0,43.3,47.8,49.3,0.34,0.31,0.46
HERK,2019-11-08 04:20:00 EST,43.03662,-75.00957,714,22.6,23.2,16.0,86.6,19.2,0.000,0.000,0.00,0.000,4.8,6.8,0.9,300,13,5.0,7.5,1.1,301,12,5.0,7.5,1.1,301,12,0,29.32,0.1,0,0,0,43.3,47.8,49.3,0.34,0.31,0.46
HERK,2019-11-08 04:25:00 EST,43.03662,-75.00957,714,22.1,22.9,16.3,87.3,18.9,0.000,0.000,0.00,0.000,4.2,6.4,1.0,305,11,4.3,6.4,1.0,305,12,4.3,6.4,1.0,305,12,0,29.32,0.2,0,0,0,43.3,47.8,49.3,0.34,0.31,0.46
HERK,2019-11-08 04:30:00 EST,43.03662,-75.00957,714,22.0,22.9,15.5,87.3,18.8,0.000,0.000,0.00,0.000,4.4,6.4,0.8,288,10,4.9,7.8,1.1,289,9,4.9,7.8,1.1,289,9,0,29.32,0.2,0,0,0,43.3,47.8,49.3,0.34,0.31,0.46
HERK,2019-11-08 04:35:00 EST,43.03662,-75.00957,714,21.8,22.8,15.7,86.9,18.5,0.000,0.000,0.00,0.000,4.3,6.2,0.7,295,7,4.5,7.0,0.9,295,8,4.5,7.0,0.9,295,8,0,29.32,0.1,0,0,0,43.3,47.8,49.3,0.34,0.31,0.46
HERK,2019-11-08 04:40:00 EST,43.03662,-75.00957,714,21.6,22.6,15.8,86.9,18.3,0.000,0.000,0.00,0.000,3.9,5.0,0.4,292,6,4.2,5.7,0.6,291,6,4.2,5.7,0.6,291,6,0,29.32,0.1,0,0,0,43.3,47.7,49.3,0.34,0.31,0.47
HERK,2019-11-08 04:45:00 EST,43.03662,-75.00957,714,21.1,22.5,14.9,87.2,17.9,0.000,0.000,0.00,0.000,4.1,5.6,0.5,292,6,4.4,6.0,0.6,292,6,4.4,6.0,0.6,292,6,0,29.31,0.2,0,0,0,43.2,47.6,49.3,0.34,0.31,0.46
HERK,2019-11-08 04:50:00 EST,43.03662,-75.00957,714,20.9,22.3,15.4,88.0,17.9,0.000,0.000,0.00,0.000,3.6,5.0,0.6,294,7,3.8,5.8,0.8,293,8,3.8,5.8,0.8,293,8,0,29.31,0.1,0,0,0,43.2,47.6,49.3,0.33,0.31,0.46
HERK,2019-11-08 04:55:00 EST,43.03662,-75.00957,714,20.5,22.0,15.3,88.0,17.5,0.000,0.000,0.00,0.000,3.3,5.0,0.5,288,7,3.6,5.8,0.7,288,7,3.6,5.8,0.7,288,7,0,29.31,0.1,0,0,0,43.2,47.6,49.3,0.34,0.31,0.46
HERK,2019-11-08 05:00:00 EST,43.03662,-75.00957,714,20.2,21.9,15.8,88.6,17.3,0.000,0.000,0.00,0.000,3.0,4.3,0.4,295,11,3.1,5.0,0.7,296,11,3.1,5.0,0.7,296,11,0,29.32,0.1,0,0,0,43.2,47.5,49.3,0.33,0.31,0.46
HERK,2019-11-08 05:05:00 EST,43.03662,-75.00957,714,20.5,21.8,16.2,91.0,18.3,0.000,0.000,0.00,0.000,2.9,4.3,0.6,293,10,3.0,5.0,0.8,294,10,3.0,5.0,0.8,294,10,0,29.32,0.1,0,0,0,43.2,47.5,49.3,0.34,0.31,0.46
HERK,2019-11-08 05:10:00 EST,43.03662,-75.00957,714,20.5,22.0,14.9,90.4,18.1,0.000,0.000,0.00,0.000,3.5,5.8,1.0,288,10,3.9,6.9,1.1,288,10,3.9,6.9,1.1,288,10,0,29.32,0.1,0,0,0,43.2,47.6,49.3,0.33,0.31,0.46
HERK,2019-11-08 05:15:00 EST,43.03662,-75.00957,714,20.2,21.8,13.5,90.0,17.8,0.000,0.000,0.00,0.000,4.7,7.2,1.0,300,9,4.8,8.2,1.2,301,9,4.8,8.2,1.2,301,9,0,29.32,0.2,0,0,0,43.2,47.5,49.3,0.33,0.31,0.46
HERK,2019-11-08 05:20:00 EST,43.03662,-75.00957,714,20.5,21.6,13.9,90.1,18.1,0.000,0.000,0.00,0.000,4.6,6.6,0.9,302,9,4.7,7.0,1.0,301,10,4.7,7.0,1.0,301,10,0,29.32,0.2,0,0,0,43.2,47.5,49.3,0.33,0.31,0.47
HERK,2019-11-08 05:25:00 EST,43.03662,-75.00957,714,20.7,21.8,12.4,89.2,18.1,0.000,0.000,0.00,0.000,6.0,8.3,1.1,294,10,6.5,9.7,1.2,294,10,6.5,9.7,1.2,294,10,0,29.32,0.2,0,0,0,43.1,47.5,49.3,0.33,0.31,0.47
HERK,2019-11-08 05:30:00 EST,43.03662,-75.00957,714,20.9,21.9,11.7,87.8,17.9,0.000,0.000,0.00,0.000,6.9,9.8,1.3,293,12,7.5,12.1,1.5,293,11,7.5,12.1,1.5,293,11,0,29.32,0.2,0,0,0,43.1,47.5,49.3,0.33,0.31,0.46
HERK,2019-11-08 05:35:00 EST,43.03662,-75.00957,714,21.0,21.8,12.5,87.0,17.8,0.000,0.000,0.00,0.000,6.6,9.4,1.4,298,9,6.7,10.0,1.5,299,9,6.7,10.0,1.5,299,9,0,29.32,0.2,0,0,0,43.0,47.5,49.3,0.33,0.31,0.46
HERK,2019-11-08 05:40:00 EST,43.03662,-75.00957,714,20.8,21.7,12.8,87.3,17.7,0.000,0.000,0.00,0.000,6.0,9.4,1.2,299,11,6.1,9.7,1.2,300,11,6.1,9.7,1.2,300,11,0,29.33,0.3,0,0,0,43.0,47.5,49.3,0.33,0.31,0.46
HERK,2019-11-08 05:45:00 EST,43.03662,-75.00957,714,21.1,21.6,13.2,87.9,18.0,0.000,0.000,0.00,0.000,5.4,8.3,1.2,296,13,6.0,9.7,1.3,297,11,6.0,9.7,1.3,297,11,0,29.33,0.2,0,0,0,43.0,47.5,49.3,0.33,0.31,0.46
HERK,2019-11-08 05:50:00 EST,43.03662,-75.00957,714,21.3,21.8,13.9,87.6,18.2,0.000,0.000,0.00,0.000,5.1,7.9,0.9,292,12,5.5,8.3,1.2,292,12,5.5,8.3,1.2,292,12,0,29.33,0.3,0,0,0,43.0,47.5,49.3,0.33,0.31,0.47
HERK,2019-11-08 05:55:00 EST,43.03662,-75.00957,714,21.3,21.8,14.3,87.8,18.2,0.000,0.000,0.00,0.000,4.9,8.1,0.8,298,11,5.2,8.3,0.9,298,11,5.2,8.3,0.9,298,11,0,29.33,0.3,0,0,0,43.0,47.5,49.3,0.33,0.31,0.46
HERK,2019-11-08 06:00:00 EST,43.03662,-75.00957,714,21.4,21.9,14.8,88.5,18.6,0.000,0.000,0.00,0.000,4.4,6.9,1.1,291,14,4.9,8.7,1.4,292,13,4.9,8.7,1.4,292,13,0,29.33,0.2,0,0,0,43.0,47.5,49.2,0.33,0.31,0.46
HERK,2019-11-08 06:05:00 EST,43.03662,-75.00957,714,21.9,22.3,13.0,86.7,18.5,0.000,0.000,0.00,0.000,6.7,12.1,2.1,291,14,7.4,14.0,2.5,290,12,7.4,14.0,2.5,290,12,0,29.33,0.3,0,0,0,43.0,47.5,49.2,0.33,0.31,0.46
HERK,2019-11-08 06:10:00 EST,43.03662,-75.00957,714,22.0,22.4,12.5,85.4,18.3,0.000,0.000,0.00,0.000,7.6,13.2,1.9,291,11,8.3,14.9,2.0,292,9,8.3,14.9,2.0,292,9,0,29.33,0.2,0,0,0,42.9,47.5,49.3,0.33,0.31,0.46
HERK,2019-11-08 06:15:00 EST,43.03662,-75.00957,714,22.1,22.3,12.9,85.0,18.2,0.000,0.000,0.00,0.000,7.2,11.1,1.8,291,13,7.8,13.1,1.9,293,11,7.8,13.1,1.9,293,11,0,29.34,0.2,0,0,0,42.8,47.5,49.2,0.33,0.31,0.46
HERK,2019-11-08 06:20:00 EST,43.03662,-75.00957,714,22.0,22.2,12.8,85.1,18.2,0.000,0.000,0.00,0.000,7.4,10.9,1.4,295,12,7.9,12.6,1.7,296,11,7.9,12.6,1.7,296,11,0,29.34,0.2,0,0,0,42.8,47.5,49.2,0.33,0.31,0.46
HERK,2019-11-08 06:25:00 EST,43.03662,-75.00957,714,21.9,22.2,12.8,85.1,18.1,0.000,0.000,0.00,0.000,7.5,10.5,1.3,303,13,7.7,10.8,1.3,303,13,7.7,10.8,1.3,303,13,0,29.34,0.2,0,0,0,42.8,47.5,49.2,0.33,0.31,0.46
HERK,2019-11-08 06:30:00 EST,43.03662,-75.00957,714,21.7,22.0,15.6,85.6,18.1,0.000,0.000,0.00,0.000,4.2,6.4,0.9,299,13,4.5,7.6,1.0,300,12,4.5,7.6,1.0,300,12,0,29.34,0.2,0,0,0,42.8,47.5,49.1,0.33,0.31,0.46
HERK,2019-11-08 06:35:00 EST,43.03662,-75.00957,714,21.7,22.1,14.5,86.4,18.2,0.000,0.000,0.00,0.000,5.1,7.9,1.4,292,11,5.5,9.3,1.8,293,9,5.5,9.3,1.8,293,9,1,29.35,0.3,0,0,0,42.8,47.5,49.1,0.33,0.31,0.46
HERK,2019-11-08 06:40:00 EST,43.03662,-75.00957,714,21.8,22.1,14.7,86.1,18.3,0.000,0.000,0.00,0.000,5.3,8.8,1.4,301,12,5.4,8.6,1.5,302,12,5.4,8.6,1.5,302,12,2,29.35,0.2,0,0,0,42.8,47.4,49.2,0.33,0.31,0.46
HERK,2019-11-08 06:45:00 EST,43.03662,-75.00957,714,21.9,22.2,14.2,85.7,18.2,0.000,0.000,0.00,0.000,5.3,9.3,1.6,301,21,5.9,11.5,1.8,301,20,5.9,11.5,1.8,301,20,3,29.35,0.3,0,0,0,42.8,47.5,49.1,0.33,0.31,0.46
HERK,2019-11-08 06:50:00 EST,43.03662,-75.00957,714,21.9,22.2,14.4,85.4,18.2,0.000,0.000,0.00,0.000,5.6,9.9,1.3,308,13,5.8,9.3,1.6,308,13,5.8,9.3,1.6,308,13,4,29.36,0.3,0,0,0,42.8,47.4,49.1,0.33,0.31,0.46
HERK,2019-11-08 06:55:00 EST,43.03662,-75.00957,714,21.8,22.2,14.6,85.7,18.2,0.000,0.000,0.00,0.000,5.1,8.8,1.6,313,18,5.5,10.5,1.8,313,18,5.5,10.5,1.8,313,18,7,29.36,0.3,0,0,0,42.8,47.4,49.1,0.33,0.31,0.46
HERK,2019-11-08 07:00:00 EST,43.03662,-75.00957,714,21.9,22.3,14.2,84.4,18.0,0.000,0.000,0.00,0.000,5.8,8.9,1.3,319,18,6.1,10.6,1.5,318,19,6.1,10.6,1.5,318,19,12,29.36,0.3,0,0,0,42.8,47.4,49.1,0.33,0.31,0.46
HERK,2019-11-08 07:05:00 EST,43.03662,-75.00957,714,22.0,22.3,13.1,83.9,17.8,0.000,0.000,0.00,0.000,7.0,9.9,1.8,305,16,7.4,11.0,1.9,307,16,7.4,11.0,1.9,307,16,11,29.37,0.2,0,0,0,42.8,47.4,49.1,0.33,0.31,0.46
HERK,2019-11-08 07:10:00 EST,43.03662,-75.00957,714,21.9,22.3,12.2,83.4,17.6,0.000,0.000,0.00,0.000,8.0,12.2,2.1,300,15,8.5,13.6,2.2,301,14,8.5,13.6,2.2,301,14,11,29.37,0.2,0,0,0,42.8,47.3,49.1,0.33,0.31,0.46
HERK,2019-11-08 07:15:00 EST,43.03662,-75.00957,714,21.7,22.1,13.0,83.9,17.6,0.000,0.000,0.00,0.000,6.8,13.0,2.1,303,15,7.1,14.7,2.3,303,15,7.1,14.7,2.3,303,15,13,29.37,0.2,0,0,0,42.7,47.3,49.1,0.33,0.31,0.46
HERK,2019-11-08 07:20:00 EST,43.03662,-75.00957,714,21.6,22.0,10.8,83.9,17.5,0.000,0.000,0.00,0.000,9.4,16.1,2.9,299,19,10.1,18.6,3.5,299,18,10.1,18.6,3.5,299,18,14,29.38,0.3,0,0,0,42.6,47.3,49.1,0.33,0.31,0.46
HERK,2019-11-08 07:25:00 EST,43.03662,-75.00957,714,21.5,21.8,12.6,83.5,17.2,0.000,0.000,0.00,0.000,6.6,13.2,2.4,310,19,7.2,15.1,2.6,310,19,7.2,15.1,2.6,310,19,17,29.38,0.2,0,0,0,42.6,47.3,49.1,0.33,0.31,0.46
HERK,2019-11-08 07:30:00 EST,43.03662,-75.00957,714,21.3,21.6,11.2,82.9,16.9,0.000,0.000,0.00,0.000,8.7,13.4,2.1,303,15,8.8,14.8,2.2,304,13,8.8,14.8,2.2,304,13,24,29.39,0.3,0,0,0,42.6,47.3,49.1,0.33,0.31,0.46
HERK,2019-11-08 07:35:00 EST,43.03662,-75.00957,714,21.2,21.6,10.3,82.4,16.7,0.000,0.000,0.00,0.000,9.7,15.1,2.4,306,17,10.1,16.8,2.7,308,16,10.1,16.8,2.7,308,16,28,29.39,0.3,0,0,0,42.6,47.3,49.1,0.33,0.31,0.46
HERK,2019-11-08 07:40:00 EST,43.03662,-75.00957,714,21.6,21.8,10.4,81.9,16.9,0.000,0.000,0.00,0.000,10.1,15.3,2.4,297,13,10.6,16.4,2.4,297,13,10.6,16.4,2.4,297,13,50,29.39,0.3,0,0,0,42.6,47.3,49.1,0.33,0.31,0.46
HERK,2019-11-08 07:45:00 EST,43.03662,-75.00957,714,21.8,21.9,11.0,82.5,17.3,0.000,0.000,0.00,0.000,9.2,14.2,2.0,291,16,10.1,19.1,2.3,290,13,10.1,19.1,2.3,290,13,57,29.39,0.3,0,0,0,42.6,47.3,49.1,0.33,0.31,0.46
HERK,2019-11-08 07:50:00 EST,43.03662,-75.00957,714,21.9,21.9,11.4,81.8,17.2,0.000,0.000,0.00,0.000,8.9,14.4,2.3,294,13,9.6,15.6,2.3,294,12,9.6,15.6,2.3,294,12,62,29.39,0.3,0,0,0,42.6,47.3,49.1,0.34,0.31,0.46
HERK,2019-11-08 07:55:00 EST,43.03662,-75.00957,714,22.1,22.0,12.3,82.2,17.5,0.000,0.000,0.00,0.000,7.9,13.3,2.1,295,17,8.7,14.3,2.1,295,15,8.7,14.3,2.1,295,15,67,29.40,0.3,0,0,0,42.6,47.3,49.1,0.33,0.31,0.46
HERK,2019-11-08 08:00:00 EST,43.03662,-75.00957,714,22.3,22.1,11.7,82.8,17.8,0.000,0.000,0.00,0.000,8.9,12.6,1.6,287,11,9.9,14.5,2.1,286,9,9.9,14.5,2.1,286,9,72,29.40,0.3,0,0,0,42.6,47.3,49.1,0.34,0.31,0.46
HERK,2019-11-08 08:05:00 EST,43.03662,-75.00957,714,22.4,22.2,11.3,81.8,17.7,0.000,0.000,0.00,0.000,9.5,14.0,1.8,284,10,10.9,17.5,2.4,283,8,10.9,17.5,2.4,283,8,78,29.40,0.3,0,0,0,42.6,47.3,49.1,0.34,0.31,0.46
HERK,2019-11-08 08:10:00 EST,43.03662,-75.00957,714,22.5,22.3,11.7,81.7,17.8,0.000,0.000,0.00,0.000,9.8,15.6,2.2,294,11,10.5,17.7,2.5,296,10,10.5,17.7,2.5,296,10,83,29.40,0.2,0,0,0,42.5,47.3,49.1,0.34,0.31,0.46
HERK,2019-11-08 08:15:00 EST,43.03662,-75.00957,714,22.5,22.3,11.4,80.4,17.4,0.000,0.000,0.00,0.000,9.7,15.5,1.9,283,12,11.0,17.0,2.4,284,10,11.0,17.0,2.4,284,10,88,29.40,0.3,0,0,0,42.4,47.3,49.1,0.34,0.31,0.46
HERK,2019-11-08 08:20:00 EST,43.03662,-75.00957,714,22.9,22.5,14.2,81.7,18.1,0.000,0.000,0.00,0.000,6.9,10.1,1.6,298,18,7.4,11.4,1.9,298,17,7.4,11.4,1.9,298,17,94,29.41,0.3,0,0,0,42.4,47.3,49.1,0.34,0.31,0.46
HERK,2019-11-08 08:25:00 EST,43.03662,-75.00957,714,23.1,22.6,13.5,81.0,18.1,0.000,0.000,0.00,0.000,7.6,11.4,1.5,282,13,8.8,13.2,2.1,282,10,8.8,13.2,2.1,282,10,99,29.41,0.3,0,0,0,42.4,47.3,49.1,0.34,0.31,0.46
HERK,2019-11-08 08:30:00 EST,43.03662,-75.00957,714,23.1,22.6,12.8,80.1,17.9,0.000,0.000,0.00,0.000,8.8,12.1,1.5,283,12,9.9,14.6,1.8,283,9,9.9,14.6,1.8,283,9,104,29.41,0.3,0,0,0,42.4,47.3,49.1,0.34,0.31,0.46
HERK,2019-11-08 08:35:00 EST,43.03662,-75.00957,714,23.2,22.7,13.1,79.8,17.9,0.000,0.000,0.00,0.000,8.4,12.8,1.9,285,15,9.5,16.6,2.7,286,14,9.5,16.6,2.7,286,14,110,29.41,0.3,0,0,0,42.4,47.3,49.1,0.34,0.31,0.46
HERK,2019-11-08 08:40:00 EST,43.03662,-75.00957,714,23.4,22.8,14.0,80.4,18.3,0.000,0.000,0.00,0.000,7.7,11.4,1.8,292,16,8.6,14.5,2.3,291,15,8.6,14.5,2.3,291,15,115,29.41,0.3,0,0,0,42.4,47.3,49.1,0.34,0.31,0.46
HERK,2019-11-08 08:45:00 EST,43.03662,-75.00957,714,23.7,23.1,13.0,80.3,18.5,0.000,0.000,0.00,0.000,9.3,16.4,2.8,283,12,10.6,18.8,3.4,283,11,10.6,18.8,3.4,283,11,121,29.41,0.3,0,0,0,42.4,47.3,49.1,0.34,0.31,0.46
HERK,2019-11-08 08:50:00 EST,43.03662,-75.00957,714,23.8,23.2,13.4,79.3,18.4,0.000,0.000,0.00,0.000,9.2,16.3,2.1,285,15,10.4,16.0,2.3,285,12,10.4,16.0,2.3,285,12,126,29.41,0.3,0,0,0,42.4,47.2,49.1,0.34,0.31,0.46
HERK,2019-11-08 08:55:00 EST,43.03662,-75.00957,714,23.8,23.2,12.7,78.5,18.1,0.000,0.000,0.00,0.000,10.6,13.8,1.8,288,12,11.6,16.3,2.1,288,10,11.6,16.3,2.1,288,10,132,29.41,0.3,0,0,0,42.4,47.1,49.1,0.34,0.31,0.46
HERK,2019-11-08 09:00:00 EST,43.03662,-75.00957,714,24.1,23.4,13.2,78.9,18.5,0.000,0.000,0.00,0.000,9.8,14.1,1.9,280,13,11.3,17.3,2.4,281,11,11.3,17.3,2.4,281,11,137,29.41,0.3,0,0,0,42.4,47.1,49.1,0.34,0.31,0.46
HERK,2019-11-08 09:05:00 EST,43.03662,-75.00957,714,24.4,23.6,14.0,78.3,18.6,0.000,0.000,0.00,0.000,9.3,13.7,1.9,287,12,10.5,16.1,2.2,286,10,10.5,16.1,2.2,286,10,143,29.41,0.4,0,0,0,42.4,47.1,49.1,0.34,0.31,0.46
HERK,2019-11-08 09:10:00 EST,43.03662,-75.00957,714,24.8,23.9,15.4,78.4,19.0,0.000,0.000,0.00,0.000,8.2,12.2,1.7,293,14,8.9,14.2,1.9,293,15,8.9,14.2,1.9,293,15,149,29.41,0.4,0,0,0,42.4,47.2,49.1,0.33,0.31,0.46
HERK,2019-11-08 09:15:00 EST,43.03662,-75.00957,714,25.1,24.2,15.3,77.6,19.1,0.000,0.000,0.00,0.000,9.0,15.3,2.4,291,17,9.8,16.8,2.5,290,15,9.8,16.8,2.5,290,15,156,29.41,0.3,0,0,0,42.4,47.1,49.1,0.34,0.31,0.46
HERK,2019-11-08 09:20:00 EST,43.03662,-75.00957,714,25.2,24.3,16.0,76.5,18.9,0.000,0.000,0.00,0.000,8.6,13.9,2.3,304,16,9.0,13.9,2.5,305,15,9.0,13.9,2.5,305,15,174,29.41,0.3,0,0,0,42.4,47.1,49.1,0.33,0.31,0.46
HERK,2019-11-08 09:25:00 EST,43.03662,-75.00957,714,25.4,24.5,14.7,75.8,18.8,0.000,0.000,0.00,0.000,10.9,18.0,2.2,294,10,11.5,19.7,2.4,295,9,11.5,19.7,2.4,295,9,148,29.41,0.3,0,0,0,42.4,47.1,49.1,0.34,0.31,0.46
HERK,2019-11-08 09:30:00 EST,43.03662,-75.00957,714,25.2,24.5,15.2,75.7,18.6,0.000,0.000,0.00,0.000,9.8,15.1,2.4,303,14,10.3,16.6,2.6,304,13,10.3,16.6,2.6,304,13,157,29.42,0.3,0,0,0,42.4,47.1,49.0,0.34,0.31,0.46
HERK,2019-11-08 09:35:00 EST,43.03662,-75.00957,714,25.3,24.6,14.7,75.6,18.6,0.000,0.000,0.00,0.000,10.7,16.8,2.5,296,15,11.3,18.4,2.7,297,13,11.3,18.4,2.7,297,13,141,29.42,0.3,0,0,0,42.4,47.1,49.1,0.33,0.31,0.46
HERK,2019-11-08 09:40:00 EST,43.03662,-75.00957,714,25.7,24.9,18.1,77.2,19.6,0.000,0.000,0.00,0.000,6.4,10.3,1.8,306,17,6.7,11.3,1.9,307,16,6.7,11.3,1.9,307,16,187,29.42,0.4,0,0,0,42.4,47.1,49.0,0.34,0.31,0.46
HERK,2019-11-08 09:45:00 EST,43.03662,-75.00957,714,26.1,25.1,16.7,76.4,19.7,0.000,0.000,0.00,0.000,8.7,17.0,3.7,296,20,9.4,19.5,3.9,296,20,9.4,19.5,3.9,296,20,180,29.42,0.3,0,0,0,42.4,47.1,48.9,0.34,0.31,0.46
HERK,2019-11-08 09:50:00 EST,43.03662,-75.00957,714,26.5,25.2,16.3,75.1,19.7,0.000,0.000,0.00,0.000,10.6,14.7,1.8,299,13,11.0,17.7,2.1,300,13,11.0,17.7,2.1,300,13,243,29.42,0.3,0,0,0,42.4,47.1,49.0,0.33,0.31,0.46
HERK,2019-11-08 09:55:00 EST,43.03662,-75.00957,714,26.5,25.2,16.1,74.9,19.6,0.000,0.000,0.00,0.000,10.6,16.4,2.1,293,15,11.5,19.0,2.5,293,14,11.5,19.0,2.5,293,14,216,29.42,0.3,0,0,0,42.4,47.1,48.9,0.34,0.31,0.46
HERK,2019-11-08 10:00:00 EST,43.03662,-75.00957,714,26.1,25.2,15.8,74.6,19.2,0.000,0.000,0.00,0.000,10.8,18.5,3.0,303,14,11.3,21.4,3.2,303,12,11.3,21.4,3.2,303,12,154,29.42,0.3,0,0,0,42.4,47.1,48.8,0.34,0.31,0.46
HERK,2019-11-08 10:05:00 EST,43.03662,-75.00957,714,26.5,25.3,17.2,75.6,19.8,0.000,0.000,0.00,0.000,8.6,15.7,2.4,287,14,9.4,18.2,2.9,288,12,9.4,18.2,2.9,288,12,220,29.42,0.3,0,0,0,42.4,47.1,48.7,0.34,0.31,0.46
HERK,2019-11-08 10:10:00 EST,43.03662,-75.00957,714,26.4,25.3,17.3,77.0,20.1,0.000,0.000,0.00,0.000,8.4,12.6,1.8,293,17,9.1,13.3,1.6,292,16,9.1,13.3,1.6,292,16,143,29.42,0.2,0,0,0,42.4,47.1,48.7,0.33,0.31,0.46
HERK,2019-11-08 10:15:00 EST,43.03662,-75.00957,714,26.1,25.4,17.5,77.4,20.0,0.000,0.000,0.00,0.000,8.0,14.8,2.1,302,14,8.3,15.7,2.0,303,14,8.3,15.7,2.0,303,14,119,29.42,0.2,0,0,0,42.3,47.1,48.7,0.33,0.31,0.46
HERK,2019-11-08 10:20:00 EST,43.03662,-75.00957,714,25.6,25.1,16.1,77.1,19.4,0.000,0.000,0.00,0.000,9.2,15.6,2.8,297,11,9.5,16.1,3.0,298,11,9.5,16.1,3.0,298,11,97,29.42,0.3,0,0,0,42.3,47.1,48.7,0.34,0.31,0.46
HERK,2019-11-08 10:25:00 EST,43.03662,-75.00957,714,25.7,25.2,17.2,77.4,19.6,0.000,0.000,0.00,0.000,7.8,13.6,2.1,313,18,8.0,12.6,2.1,313,16,8.0,12.6,2.1,313,16,101,29.42,0.3,0,0,0,42.4,47.1,48.7,0.33,0.31,0.46
HERK,2019-11-08 10:30:00 EST,43.03662,-75.00957,714,26.4,25.6,19.1,77.9,20.4,0.000,0.000,0.00,0.000,6.1,10.8,1.9,311,22,6.5,10.8,1.8,313,22,6.5,10.8,1.8,313,22,193,29.42,0.4,0,0,0,42.4,47.1,48.7,0.34,0.31,0.46
HERK,2019-11-08 10:35:00 EST,43.03662,-75.00957,714,27.3,26.0,18.7,73.6,19.9,0.000,0.000,0.00,0.000,8.2,13.5,2.0,312,15,8.6,15.1,2.1,311,15,8.6,15.1,2.1,311,15,256,29.42,0.3,0,0,0,42.4,47.1,48.7,0.34,0.31,0.46
HERK,2019-11-08 10:40:00 EST,43.03662,-75.00957,714,27.3,26.0,17.5,72.5,19.7,0.000,0.000,0.00,0.000,10.3,16.5,2.7,298,15,10.8,16.4,2.6,299,12,10.8,16.4,2.6,299,12,225,29.42,0.3,0,0,0,42.4,47.1,48.7,0.34,0.31,0.46
HERK,2019-11-08 10:45:00 EST,43.03662,-75.00957,714,26.6,25.8,17.1,71.7,18.7,0.000,0.000,0.00,0.000,9.6,15.6,2.3,302,14,9.9,15.4,2.2,303,13,9.9,15.4,2.2,303,13,101,29.43,0.2,0,0,0,42.4,47.1,48.7,0.34,0.31,0.46
HERK,2019-11-08 10:50:00 EST,43.03662,-75.00957,714,26.1,25.7,17.5,71.5,18.1,0.000,0.000,0.00,0.000,8.0,13.2,2.3,314,18,8.3,13.1,2.3,318,18,8.3,13.1,2.3,318,18,77,29.42,0.2,0,0,0,42.4,47.1,48.7,0.34,0.31,0.46
HERK,2019-11-08 10:55:00 EST,43.03662,-75.00957,714,26.2,25.7,17.8,72.8,18.7,0.000,0.000,0.00,0.000,7.6,12.0,2.0,311,21,7.9,11.9,2.2,313,18,7.9,11.9,2.2,313,18,99,29.42,0.2,0,0,0,42.4,47.1,48.7,0.34,0.31,0.46
HERK,2019-11-08 11:00:00 EST,43.03662,-75.00957,714,26.3,25.8,17.7,72.9,18.8,0.000,0.000,0.00,0.000,7.9,14.0,3.2,313,16,8.3,14.8,3.0,315,16,8.3,14.8,3.0,315,16,97,29.42,0.2,0,0,0,42.4,47.0,48.7,0.34,0.31,0.46
HERK,2019-11-08 11:05:00 EST,43.03662,-75.00957,714,26.1,25.6,17.0,72.5,18.5,0.000,0.000,0.00,0.000,8.6,13.2,1.9,305,16,9.0,13.8,2.1,305,15,9.0,13.8,2.1,305,15,105,29.42,0.2,0,0,0,42.4,47.0,48.7,0.34,0.31,0.46
HERK,2019-11-08 11:10:00 EST,43.03662,-75.00957,714,26.4,26.0,18.3,73.2,19.0,0.000,0.000,0.00,0.000,7.1,11.2,1.8,304,19,7.6,12.1,1.9,303,18,7.6,12.1,1.9,303,18,103,29.42,0.2,0,0,0,42.4,47.0,48.7,0.34,0.31,0.46
HERK,2019-11-08 11:15:00 EST,43.03662,-75.00957,714,26.9,26.3,19.0,74.0,19.7,0.000,0.000,0.00,0.000,6.7,10.5,1.6,296,15,7.4,11.9,1.9,296,15,7.4,11.9,1.9,296,15,171,29.42,0.3,0,0,0,42.4,47.0,48.7,0.34,0.31,0.46
HERK,2019-11-08 11:20:00 EST,43.03662,-75.00957,714,27.8,26.8,20.0,72.1,20.0,0.000,0.000,0.00,0.000,7.1,13.7,2.7,306,18,7.5,14.8,2.5,308,17,7.5,14.8,2.5,308,17,175,29.42,0.1,0,0,0,42.4,47.0,48.7,0.34,0.31,0.46
HERK,2019-11-08 11:25:00 EST,43.03662,-75.00957,714,27.1,26.5,18.1,68.1,18.0,0.000,0.000,0.00,0.000,9.2,13.7,2.2,310,16,9.4,15.3,2.3,312,15,9.4,15.3,2.3,312,15,124,29.42,0.2,0,0,0,42.4,46.9,48.7,0.34,0.31,0.46
HERK,2019-11-08 11:30:00 EST,43.03662,-75.00957,714,27.2,26.6,18.0,67.4,17.8,0.000,0.000,0.00,0.000,8.7,14.2,2.4,317,22,9.5,18.2,2.6,320,23,9.5,18.2,2.6,320,23,156,29.42,0.2,0,0,0,42.4,47.0,48.7,0.34,0.31,0.46
HERK,2019-11-08 11:35:00 EST,43.03662,-75.00957,714,27.3,26.8,18.7,67.2,17.9,0.000,0.000,0.00,0.000,8.3,17.6,3.1,307,20,8.8,16.9,3.1,308,20,8.8,16.9,3.1,308,20,117,29.42,0.2,0,0,0,42.4,46.9,48.7,0.34,0.31,0.46
HERK,2019-11-08 11:40:00 EST,43.03662,-75.00957,714,27.1,26.7,18.4,68.6,18.1,0.000,0.000,0.00,0.000,8.4,13.8,2.3,311,20,8.6,15.3,2.5,312,19,8.6,15.3,2.5,312,19,79,29.42,0.1,0,0,0,42.4,46.9,48.7,0.33,0.31,0.46
HERK,2019-11-08 11:45:00 EST,43.03662,-75.00957,714,27.0,26.6,19.7,70.0,18.5,0.000,0.000,0.00,0.000,6.2,11.0,1.8,304,18,6.7,11.1,2.0,303,17,6.7,11.1,2.0,303,17,95,29.42,0.1,0,0,0,42.4,46.9,48.7,0.33,0.31,0.46
HERK,2019-11-08 11:50:00 EST,43.03662,-75.00957,714,27.1,26.8,19.6,70.5,18.8,0.000,0.000,0.00,0.000,6.3,13.4,2.5,305,28,7.0,15.3,2.7,305,27,7.0,15.3,2.7,305,27,77,29.42,0.2,0,0,0,42.4,46.9,48.7,0.34,0.31,0.46
HERK,2019-11-08 11:55:00 EST,43.03662,-75.00957,714,26.9,26.5,17.5,68.3,17.9,0.000,0.000,0.00,0.000,9.3,15.2,2.2,294,12,9.7,15.1,2.3,295,10,9.7,15.1,2.3,295,10,132,29.42,0.2,0,0,0,42.4,46.9,48.7,0.34,0.31,0.46
HERK,2019-11-08 12:00:00 EST,43.03662,-75.00957,714,27.6,26.9,20.7,68.4,18.6,0.000,0.000,0.00,0.000,6.1,11.3,2.1,309,18,6.5,12.0,2.1,311,17,6.5,12.0,2.1,311,17,206,29.42,0.1,0,0,0,42.4,46.9,48.7,0.34,0.31,0.46
HERK,2019-11-08 12:05:00 EST,43.03662,-75.00957,714,27.4,27.0,17.6,64.1,16.9,0.000,0.000,0.00,0.000,10.3,17.9,3.0,312,21,10.8,21.6,3.2,314,20,10.8,21.6,3.2,314,20,111,29.42,0.1,0,0,0,42.4,46.9,48.7,0.34,0.31,0.46
HERK,2019-11-08 12:10:00 EST,43.03662,-75.00957,714,27.1,26.8,17.7,64.9,16.9,0.000,0.000,0.00,0.000,9.6,17.5,3.5,319,16,9.9,17.2,3.2,322,16,9.9,17.2,3.2,322,16,92,29.42,0.1,0,0,0,42.4,46.9,48.7,0.34,0.31,0.46
HERK,2019-11-08 12:15:00 EST,43.03662,-75.00957,714,27.1,26.8,19.9,66.0,17.2,0.000,0.000,0.00,0.000,6.1,13.0,2.2,316,22,6.5,13.0,2.1,318,22,6.5,13.0,2.1,318,22,142,29.41,0.2,0,0,0,42.4,46.9,48.7,0.34,0.31,0.46
HERK,2019-11-08 12:20:00 EST,43.03662,-75.00957,714,27.7,27.1,21.0,66.6,18.0,0.000,0.000,0.00,0.000,5.6,11.5,2.2,315,24,6.1,13.7,2.2,317,24,6.1,13.7,2.2,317,24,120,29.41,0.0,0,0,0,42.4,46.9,48.7,0.34,0.31,0.46
HERK,2019-11-08 12:25:00 EST,43.03662,-75.00957,714,27.5,26.9,19.8,66.2,17.7,0.000,0.000,0.00,0.000,7.0,10.9,1.6,317,17,7.3,11.3,1.6,319,17,7.3,11.3,1.6,319,17,227,29.41,0.2,0,0,0,42.4,46.9,48.7,0.34,0.31,0.46
HERK,2019-11-08 12:30:00 EST,43.03662,-75.00957,714,28.5,27.6,21.0,64.4,18.0,0.000,0.000,0.00,0.000,7.2,10.7,1.9,312,19,7.4,11.8,2.0,314,19,7.4,11.8,2.0,314,19,242,29.41,0.1,0,0,0,42.4,46.9,48.7,0.34,0.31,0.46
HERK,2019-11-08 12:35:00 EST,43.03662,-75.00957,714,28.3,27.7,20.6,62.6,17.2,0.000,0.000,0.00,0.000,7.2,16.5,2.7,320,21,7.6,15.8,2.7,323,22,7.6,15.8,2.7,323,22,126,29.41,0.0,0,0,0,42.4,46.9,48.7,0.34,0.31,0.46
HERK,2019-11-08 12:40:00 EST,43.03662,-75.00957,714,27.6,27.3,18.3,62.5,16.5,0.000,0.000,0.00,0.000,9.7,17.0,2.7,311,18,10.1,18.1,2.7,312,16,10.1,18.1,2.7,312,16,92,29.41,0.1,0,0,0,42.4,46.9,48.7,0.34,0.31,0.46
HERK,2019-11-08 12:45:00 EST,43.03662,-75.00957,714,27.6,27.3,18.3,61.9,16.2,0.000,0.000,0.00,0.000,9.5,14.5,2.6,310,17,10.0,15.3,2.8,311,16,10.0,15.3,2.8,311,16,119,29.41,0.1,0,0,0,42.4,46.9,48.7,0.34,0.31,0.46
HERK,2019-11-08 12:50:00 EST,43.03662,-75.00957,714,27.7,27.4,18.6,60.6,15.9,0.000,0.000,0.00,0.000,9.6,15.9,2.9,311,17,9.8,17.2,2.6,312,16,9.8,17.2,2.6,312,16,134,29.41,0.0,0,0,0,42.4,46.9,48.7,0.34,0.31,0.46
HERK,2019-11-08 12:55:00 EST,43.03662,-75.00957,714,28.0,27.6,20.6,61.5,16.4,0.000,0.000,0.00,0.000,6.7,14.8,2.9,304,16,7.1,15.5,2.6,306,16,7.1,15.5,2.6,306,16,136,29.41,0.1,0,0,0,42.4,46.8,48.7,0.34,0.31,0.46
HERK,2019-11-08 13:00:00 EST,43.03662,-75.00957,714,28.3,27.9,20.4,60.3,16.3,0.000,0.000,0.00,0.000,7.3,14.3,2.8,307,21,7.8,16.0,3.0,309,18,7.8,16.0,3.0,309,18,156,29.41,0.1,0,0,0,42.4,46.8,48.7,0.34,0.31,0.46
HERK,2019-11-08 13:05:00 EST,43.03662,-75.00957,714,28.4,28.0,20.1,59.1,15.9,0.000,0.000,0.00,0.000,8.0,19.7,3.5,327,17,8.5,19.4,3.4,327,16,8.5,19.4,3.4,327,16,158,29.41,0.0,0,0,0,42.4,46.8,48.7,0.34,0.31,0.46
HERK,2019-11-08 13:10:00 EST,43.03662,-75.00957,714,28.3,27.9,20.1,57.0,15.0,0.000,0.000,0.00,0.000,7.5,13.4,2.2,308,23,8.3,15.2,2.5,309,20,8.3,15.2,2.5,309,20,165,29.41,0.1,0,0,0,42.4,46.8,48.7,0.34,0.31,0.46
HERK,2019-11-08 13:15:00 EST,43.03662,-75.00957,714,28.8,28.3,18.4,54.6,14.5,0.000,0.000,0.00,0.000,12.1,20.5,3.2,321,16,12.7,21.4,3.2,320,15,12.7,21.4,3.2,320,15,255,29.41,-0.0,0,0,0,42.4,46.8,48.7,0.34,0.31,0.46
HERK,2019-11-08 13:20:00 EST,43.03662,-75.00957,714,28.6,28.2,19.5,54.6,14.3,0.000,0.000,0.00,0.000,9.9,17.9,3.0,305,13,10.0,16.5,2.9,307,13,10.0,16.5,2.9,307,13,202,29.41,0.1,0,0,0,42.4,46.8,48.6,0.34,0.31,0.46
HERK,2019-11-08 13:25:00 EST,43.03662,-75.00957,714,29.7,28.9,22.2,56.9,16.3,0.000,0.000,0.00,0.000,7.0,19.5,3.8,300,18,7.7,18.9,3.8,299,17,7.7,18.9,3.8,299,17,354,29.41,0.0,0,0,0,42.4,46.8,48.6,0.34,0.31,0.46
HERK,2019-11-08 13:30:00 EST,43.03662,-75.00957,714,29.5,28.9,19.6,54.9,15.2,0.000,0.000,0.00,0.000,11.4,19.4,3.3,297,14,12.0,18.1,3.2,297,12,12.0,18.1,3.2,297,12,256,29.41,0.0,0,0,0,42.4,46.8,48.6,0.34,0.31,0.46
HERK,2019-11-08 13:35:00 EST,43.03662,-75.00957,714,29.7,29.0,20.2,55.1,15.5,0.000,0.000,0.00,0.000,10.5,20.3,3.8,298,19,11.3,22.1,4.2,298,17,11.3,22.1,4.2,298,17,266,29.41,-0.0,0,0,0,42.4,46.8,48.6,0.34,0.31,0.46
HERK,2019-11-08 13:40:00 EST,43.03662,-75.00957,714,29.4,28.8,17.4,52.9,14.3,0.000,0.000,0.00,0.000,16.7,29.8,5.3,294,13,17.5,30.6,5.8,295,13,17.5,30.6,5.8,295,13,368,29.41,0.1,0,0,0,42.4,46.8,48.6,0.34,0.31,0.46
HERK,2019-11-08 13:45:00 EST,43.03662,-75.00957,714,29.8,29.1,20.4,53.6,15.0,0.000,0.000,0.00,0.000,10.4,18.6,2.7,300,18,11.1,21.1,3.0,301,16,11.1,21.1,3.0,301,16,411,29.41,0.1,0,0,0,42.4,46.8,48.6,0.34,0.31,0.46
HERK,2019-11-08 13:50:00 EST,43.03662,-75.00957,714,30.2,29.1,19.8,54.6,15.8,0.000,0.000,0.00,0.000,12.3,20.5,2.8,289,13,13.5,24.8,3.3,289,12,13.5,24.8,3.3,289,12,380,29.41,0.1,0,0,0,42.4,46.8,48.6,0.33,0.31,0.46
HERK,2019-11-08 13:55:00 EST,43.03662,-75.00957,714,29.9,28.9,18.3,52.8,14.7,0.000,0.000,0.00,0.000,16.1,23.2,3.8,296,12,16.6,25.3,3.9,297,11,16.6,25.3,3.9,297,11,383,29.41,-0.0,0,0,0,42.4,46.8,48.6,0.34,0.31,0.46
HERK,2019-11-08 14:00:00 EST,43.03662,-75.00957,714,29.7,28.9,18.4,54.4,15.3,0.000,0.000,0.00,0.000,14.1,27.0,4.4,285,11,15.8,31.1,5.1,286,11,15.8,31.1,5.1,286,11,371,29.41,0.0,0,0,0,42.4,46.8,48.6,0.34,0.31,0.46
HERK,2019-11-08 14:05:00 EST,43.03662,-75.00957,714,29.6,28.9,18.7,56.2,15.9,0.000,0.000,0.00,0.000,13.5,26.4,4.5,291,16,14.6,28.2,4.8,291,13,14.6,28.2,4.8,291,13,318,29.41,0.0,0,0,0,42.4,46.8,48.6,0.34,0.31,0.46
HERK,2019-11-08 14:10:00 EST,43.03662,-75.00957,714,30.0,29.0,19.7,59.2,17.5,0.000,0.000,0.00,0.000,12.4,18.0,2.4,289,17,13.5,19.9,2.7,289,16,13.5,19.9,2.7,289,16,404,29.41,0.0,0,0,0,42.4,46.8,48.6,0.34,0.31,0.46
HERK,2019-11-08 14:15:00 EST,43.03662,-75.00957,714,30.1,29.0,19.0,60.0,17.9,0.000,0.000,0.00,0.000,13.9,21.0,3.2,282,16,15.3,25.7,3.6,284,13,15.3,25.7,3.6,284,13,376,29.41,-0.0,0,0,0,42.4,46.8,48.6,0.33,0.31,0.46
HERK,2019-11-08 14:20:00 EST,43.03662,-75.00957,714,29.8,28.8,18.2,59.0,17.2,0.000,0.000,0.00,0.000,15.1,20.7,2.9,283,15,16.5,24.7,3.1,283,14,16.5,24.7,3.1,283,14,371,29.41,0.0,0,0,0,42.4,46.8,48.6,0.34,0.31,0.46
HERK,2019-11-08 14:25:00 EST,43.03662,-75.00957,714,29.2,28.6,17.3,59.3,16.7,0.000,0.000,0.00,0.000,15.5,24.8,2.8,277,14,17.0,29.4,3.3,278,12,17.0,29.4,3.3,278,12,204,29.41,-0.1,0,0,0,42.4,46.8,48.6,0.34,0.31,0.46
HERK,2019-11-08 14:30:00 EST,43.03662,-75.00957,714,29.1,28.5,17.6,59.0,16.6,0.000,0.000,0.00,0.000,14.5,22.4,3.2,277,14,15.9,24.1,3.6,277,12,15.9,24.1,3.6,277,12,282,29.41,0.0,0,0,0,42.4,46.8,48.6,0.34,0.31,0.46
HERK,2019-11-08 14:35:00 EST,43.03662,-75.00957,714,29.5,28.7,18.8,59.2,17.0,0.000,0.000,0.00,0.000,12.8,22.9,4.0,284,15,14.0,25.0,4.1,285,14,14.0,25.0,4.1,285,14,227,29.41,-0.1,0,0,0,42.4,46.8,48.6,0.34,0.31,0.46
HERK,2019-11-08 14:40:00 EST,43.03662,-75.00957,714,29.0,28.4,17.8,62.6,17.8,0.000,0.000,0.00,0.000,13.7,20.5,2.8,286,15,15.0,23.1,3.3,287,13,15.0,23.1,3.3,287,13,272,29.41,-0.0,0,0,0,42.4,46.8,48.6,0.34,0.31,0.46
HERK,2019-11-08 14:45:00 EST,43.03662,-75.00957,714,29.8,29.0,19.1,61.1,18.0,0.000,0.000,0.00,0.000,12.9,21.1,3.4,283,14,14.2,23.4,3.9,284,12,14.2,23.4,3.9,284,12,324,29.41,-0.0,0,0,0,42.4,46.8,48.6,0.34,0.31,0.46
HERK,2019-11-08 14:50:00 EST,43.03662,-75.00957,714,30.0,29.1,19.7,57.2,16.7,0.000,0.000,0.00,0.000,12.4,17.4,2.8,296,12,13.2,19.9,2.9,296,12,13.2,19.9,2.9,296,12,321,29.42,0.0,0,0,0,42.4,46.8,48.6,0.34,0.31,0.46
HERK,2019-11-08 14:55:00 EST,43.03662,-75.00957,714,29.8,29.1,19.4,57.1,16.5,0.000,0.000,0.00,0.000,12.6,19.9,2.7,291,14,13.4,20.7,2.7,291,14,13.4,20.7,2.7,291,14,275,29.42,-0.0,0,0,0,42.4,46.8,48.6,0.33,0.31,0.46
HERK,2019-11-08 15:00:00 EST,43.03662,-75.00957,714,29.5,28.9,18.9,57.4,16.3,0.000,0.000,0.00,0.000,12.3,19.3,2.5,281,13,13.8,20.7,3.0,282,11,13.8,20.7,3.0,282,11,233,29.42,-0.1,0,0,0,42.4,46.8,48.6,0.34,0.31,0.46
HERK,2019-11-08 15:05:00 EST,43.03662,-75.00957,714,29.4,28.8,18.8,54.7,15.1,0.000,0.000,0.00,0.000,12.9,17.9,2.8,293,15,13.5,20.7,3.0,294,14,13.5,20.7,3.0,294,14,231,29.42,-0.0,0,0,0,42.4,46.8,48.6,0.34,0.31,0.46
HERK,2019-11-08 15:10:00 EST,43.03662,-75.00957,714,29.2,28.7,18.9,56.1,15.5,0.000,0.000,0.00,0.000,11.6,19.5,3.6,290,17,12.6,21.2,3.9,290,15,12.6,21.2,3.9,290,15,147,29.42,-0.1,0,0,0,42.4,46.8,48.6,0.34,0.31,0.46
HERK,2019-11-08 15:15:00 EST,43.03662,-75.00957,714,29.3,28.8,20.6,55.8,15.4,0.000,0.000,0.00,0.000,8.8,17.4,2.7,296,19,9.6,20.7,3.1,295,19,9.6,20.7,3.1,295,19,195,29.42,-0.0,0,0,0,42.4,46.8,48.6,0.34,0.31,0.46
HERK,2019-11-08 15:20:00 EST,43.03662,-75.00957,714,29.4,28.8,19.9,56.4,15.7,0.000,0.000,0.00,0.000,9.7,17.2,2.9,272,13,11.1,20.6,3.6,274,11,11.1,20.6,3.6,274,11,132,29.42,-0.1,0,0,0,42.4,46.8,48.6,0.34,0.31,0.46
HERK,2019-11-08 15:25:00 EST,43.03662,-75.00957,714,28.8,28.5,18.7,56.0,15.0,0.000,0.000,0.00,0.000,11.4,15.7,2.2,298,15,12.2,17.5,2.3,298,15,12.2,17.5,2.3,298,15,69,29.43,-0.0,0,0,0,42.4,46.8,48.6,0.34,0.31,0.46
HERK,2019-11-08 15:30:00 EST,43.03662,-75.00957,714,28.6,28.4,20.1,54.8,14.4,0.000,0.000,0.00,0.000,8.3,16.4,3.4,322,20,8.9,18.8,3.6,323,19,8.9,18.8,3.6,323,19,68,29.43,-0.0,0,0,0,42.4,46.8,48.6,0.33,0.31,0.46
HERK,2019-11-08 15:35:00 EST,43.03662,-75.00957,714,28.7,28.5,20.0,56.0,15.0,0.000,0.000,0.00,0.000,8.5,14.3,2.2,300,25,9.2,14.1,2.4,300,25,9.2,14.1,2.4,300,25,68,29.43,-0.0,0,0,0,42.4,46.8,48.6,0.34,0.31,0.46
HERK,2019-11-08 15:40:00 EST,43.03662,-75.00957,714,28.5,28.4,18.7,56.6,15.1,0.000,0.000,0.00,0.000,10.6,17.0,2.9,308,28,11.3,19.0,3.3,309,27,11.3,19.0,3.3,309,27,48,29.43,-0.1,0,0,0,42.4,46.8,48.6,0.34,0.31,0.46
HERK,2019-11-08 15:45:00 EST,43.03662,-75.00957,714,28.2,28.2,18.6,56.9,14.9,0.000,0.000,0.00,0.000,10.0,18.9,3.5,291,21,11.0,20.4,3.9,290,19,11.0,20.4,3.9,290,19,26,29.43,-0.0,0,0,0,42.4,46.7,48.6,0.33,0.31,0.46
HERK,2019-11-08 15:50:00 EST,43.03662,-75.00957,714,28.0,27.9,18.3,58.7,15.4,0.000,0.000,0.00,0.000,10.3,15.3,2.6,303,15,10.8,16.7,2.7,304,15,10.8,16.7,2.7,304,15,18,29.43,-0.0,0,0,0,42.4,46.7,48.6,0.34,0.31,0.46
HERK,2019-11-08 15:55:00 EST,43.03662,-75.00957,714,27.9,27.9,20.2,59.1,15.5,0.000,0.000,0.00,0.000,6.9,12.1,2.3,297,17,7.6,12.7,2.3,297,16,7.6,12.7,2.3,297,16,13,29.44,-0.0,0,0,0,42.4,46.7,48.6,0.33,0.31,0.46
HERK,2019-11-08 16:00:00 EST,43.03662,-75.00957,714,28.0,28.1,20.3,58.8,15.4,0.000,0.000,0.00,0.000,7.1,11.5,1.7,304,17,7.5,11.7,1.8,306,16,7.5,11.7,1.8,306,16,13,29.44,-0.0,0,0,0,42.4,46.7,48.6,0.33,0.31,0.46
HERK,2019-11-08 16:05:00 EST,43.03662,-75.00957,714,27.9,27.9,20.7,58.7,15.3,0.000,0.000,0.00,0.000,6.4,11.8,2.5,306,18,6.7,12.3,2.5,305,17,6.7,12.3,2.5,305,17,13,29.44,-0.1,0,0,0,42.4,46.7,48.5,0.33,0.31,0.46
HERK,2019-11-08 16:10:00 EST,43.03662,-75.00957,714,27.6,27.7,21.0,60.4,15.7,0.000,0.000,0.00,0.000,5.7,8.9,1.6,302,18,6.0,9.5,1.7,302,16,6.0,9.5,1.7,302,16,14,29.44,-0.0,0,0,0,42.4,46.7,48.6,0.33,0.31,0.46
HERK,2019-11-08 16:15:00 EST,43.03662,-75.00957,714,27.5,27.6,22.5,61.7,16.0,0.000,0.000,0.00,0.000,4.0,7.7,1.3,302,17,4.2,8.0,1.4,302,15,4.2,8.0,1.4,302,15,11,29.44,-0.0,0,0,0,42.4,46.6,48.5,0.33,0.31,0.46
HERK,2019-11-08 16:20:00 EST,43.03662,-75.00957,714,27.4,27.6,27.4,62.4,16.2,0.000,0.000,0.00,0.000,2.6,7.5,1.6,349,34,3.0,9.1,1.8,351,33,3.0,9.1,1.8,351,33,11,29.44,-0.0,0,0,0,42.4,46.6,48.5,0.33,0.31,0.46
HERK,2019-11-08 16:25:00 EST,43.03662,-75.00957,714,27.2,27.4,21.2,61.1,15.6,0.000,0.000,0.00,0.000,4.6,8.0,1.6,348,24,5.3,9.7,1.8,351,18,5.3,9.7,1.8,351,18,9,29.45,-0.1,0,0,0,42.4,46.6,48.5,0.33,0.31,0.46
HERK,2019-11-08 16:30:00 EST,43.03662,-75.00957,714,27.0,27.2,21.4,60.5,15.2,0.000,0.000,0.00,0.000,4.4,6.6,1.1,333,16,4.8,7.7,1.2,334,17,4.8,7.7,1.2,334,17,8,29.45,-0.0,0,0,0,42.4,46.6,48.4,0.33,0.31,0.46
HERK,2019-11-08 16:35:00 EST,43.03662,-75.00957,714,26.7,27.0,21.6,62.7,15.7,0.000,0.000,0.00,0.000,3.7,9.1,1.8,349,19,4.4,9.1,1.9,349,19,4.4,9.1,1.9,349,19,6,29.45,-0.1,0,0,0,42.4,46.6,48.4,0.33,0.31,0.46
HERK,2019-11-08 16:40:00 EST,43.03662,-75.00957,714,26.5,26.8,21.2,63.2,15.7,0.000,0.000,0.00,0.000,3.7,6.8,1.3,344,17,4.5,7.9,1.4,344,15,4.5,7.9,1.4,344,15,5,29.45,-0.0,0,0,0,42.4,46.6,48.4,0.33,0.31,0.46
HERK,2019-11-08 16:45:00 EST,43.03662,-75.00957,714,26.5,26.8,21.0,62.5,15.5,0.000,0.000,0.00,0.000,4.1,8.1,1.4,345,19,4.7,9.1,1.6,347,18,4.7,9.1,1.6,347,18,5,29.45,-0.0,0,0,0,42.4,46.6,48.4,0.34,0.31,0.46
HERK,2019-11-08 16:50:00 EST,43.03662,-75.00957,714,26.5,26.7,22.2,62.7,15.5,0.000,0.000,0.00,0.000,3.0,6.2,1.2,343,21,3.6,8.0,1.3,343,16,3.6,8.0,1.3,343,16,3,29.45,-0.1,0,0,0,42.4,46.6,48.4,0.33,0.31,0.46
HERK,2019-11-08 16:55:00 EST,43.03662,-75.00957,714,26.3,26.7,22.6,62.6,15.2,0.000,0.000,0.00,0.000,2.8,5.2,1.0,345,23,3.1,7.0,1.2,346,22,3.1,7.0,1.2,346,22,2,29.46,-0.1,0,0,0,42.4,46.6,48.4,0.33,0.31,0.46
HERK,2019-11-08 17:00:00 EST,43.03662,-75.00957,714,25.9,26.7,21.4,61.6,14.5,0.000,0.000,0.00,0.000,3.5,7.1,1.1,327,15,3.7,7.9,1.3,328,16,3.7,7.9,1.3,328,16,1,29.46,-0.1,0,0,0,42.4,46.6,48.4,0.33,0.31,0.46
HERK,2019-11-08 17:05:00 EST,43.03662,-75.00957,714,26.1,26.9,19.2,60.4,14.3,0.000,0.000,0.00,0.000,5.6,9.3,1.9,315,18,6.0,10.2,1.9,317,17,6.0,10.2,1.9,317,17,0,29.46,-0.1,0,0,0,42.4,46.6,48.4,0.33,0.31,0.46
HERK,2019-11-08 17:10:00 EST,43.03662,-75.00957,714,26.2,26.8,18.9,59.6,14.1,0.000,0.000,0.00,0.000,6.3,13.4,2.5,311,17,6.6,14.6,2.7,312,17,6.6,14.6,2.7,312,17,0,29.46,-0.1,0,0,0,42.4,46.6,48.4,0.33,0.31,0.46
HERK,2019-11-08 17:15:00 EST,43.03662,-75.00957,714,25.9,26.6,19.1,59.3,13.7,0.000,0.000,0.00,0.000,5.6,10.2,1.8,311,18,5.9,10.8,1.8,312,16,5.9,10.8,1.8,312,16,0,29.46,0.0,0,0,0,42.4,46.6,48.4,0.33,0.31,0.46
HERK,2019-11-08 17:20:00 EST,43.03662,-75.00957,714,25.9,26.5,18.7,58.4,13.3,0.000,0.000,0.00,0.000,6.0,9.6,1.6,312,17,6.3,10.6,1.6,312,16,6.3,10.6,1.6,312,16,0,29.47,-0.0,0,0,0,42.4,46.6,48.4,0.33,0.31,0.46
HERK,2019-11-08 17:25:00 EST,43.03662,-75.00957,714,25.7,26.5,18.7,58.4,13.2,0.000,0.000,0.00,0.000,5.9,10.3,1.8,318,15,6.1,11.2,1.8,319,13,6.1,11.2,1.8,319,13,0,29.47,-0.1,0,0,0,42.4,46.6,48.4,0.33,0.31,0.46
HERK,2019-11-08 17:30:00 EST,43.03662,-75.00957,714,25.8,26.5,18.5,57.8,13.0,0.000,0.000,0.00,0.000,6.3,12.3,1.9,315,15,6.4,11.9,1.8,317,15,6.4,11.9,1.8,317,15,0,29.47,-0.0,0,0,0,42.4,46.6,48.4,0.33,0.31,0.46
HERK,2019-11-08 17:35:00 EST,43.03662,-75.00957,714,25.7,26.4,18.6,58.0,13.0,0.000,0.000,0.00,0.000,5.9,10.7,1.8,316,16,6.2,10.9,1.8,317,14,6.2,10.9,1.8,317,14,0,29.47,-0.1,0,0,0,42.4,46.6,48.4,0.33,0.31,0.46
HERK,2019-11-08 17:40:00 EST,43.03662,-75.00957,714,25.4,26.1,19.7,58.8,13.0,0.000,0.000,0.00,0.000,4.6,7.2,1.1,317,15,4.6,7.4,1.1,317,14,4.6,7.4,1.1,317,14,0,29.48,-0.1,0,0,0,42.4,46.6,48.4,0.33,0.31,0.46
HERK,2019-11-08 17:45:00 EST,43.03662,-75.00957,714,25.1,26.0,19.8,59.1,12.9,0.000,0.000,0.00,0.000,4.0,7.1,1.2,323,15,4.3,7.7,1.2,325,14,4.3,7.7,1.2,325,14,0,29.48,-0.1,0,0,0,42.4,46.6,48.4,0.33,0.31,0.46
HERK,2019-11-08 17:50:00 EST,43.03662,-75.00957,714,24.9,25.9,19.5,59.8,12.9,0.000,0.000,0.00,0.000,4.2,6.8,1.0,314,13,4.3,6.9,1.0,314,12,4.3,6.9,1.0,314,12,0,29.48,-0.0,0,0,0,42.4,46.6,48.4,0.33,0.31,0.46
HERK,2019-11-08 17:55:00 EST,43.03662,-75.00957,714,24.9,25.8,19.5,59.7,12.8,0.000,0.000,0.00,0.000,4.2,7.0,1.2,311,11,4.3,7.1,1.2,311,11,4.3,7.1,1.2,311,11,0,29.48,-0.0,0,0,0,42.4,46.6,48.4,0.33,0.31,0.46
HERK,2019-11-08 18:00:00 EST,43.03662,-75.00957,714,24.6,25.7,19.3,60.6,12.9,0.000,0.000,0.00,0.000,4.0,6.0,0.9,317,13,4.2,6.6,1.0,318,11,4.2,6.6,1.0,318,11,0,29.49,-0.1,0,0,0,42.4,46.6,48.4,0.33,0.31,0.46
HERK,2019-11-08 18:05:00 EST,43.03662,-75.00957,714,24.5,25.6,18.8,61.2,13.0,0.000,0.000,0.00,0.000,4.3,6.9,1.0,319,13,4.5,8.7,1.1,319,13,4.5,8.7,1.1,319,13,0,29.49,-0.0,0,0,0,42.4,46.6,48.4,0.33,0.31,0.46
HERK,2019-11-08 18:10:00 EST,43.03662,-75.00957,714,24.4,25.4,19.1,61.7,13.2,0.000,0.000,0.00,0.000,4.0,6.6,0.9,306,12,4.2,6.9,1.0,307,12,4.2,6.9,1.0,307,12,0,29.49,-0.0,0,0,0,42.4,46.6,48.4,0.33,0.31,0.46
HERK,2019-11-08 18:15:00 EST,43.03662,-75.00957,714,24.0,25.1,18.5,63.1,13.3,0.000,0.000,0.00,0.000,4.0,5.6,0.6,286,9,4.3,6.0,0.7,286,8,4.3,6.0,0.7,286,8,0,29.49,-0.0,0,0,0,42.3,46.6,48.4,0.33,0.31,0.46
HERK,2019-11-08 18:20:00 EST,43.03662,-75.00957,714,23.8,25.1,17.2,65.4,13.8,0.000,0.000,0.00,0.000,4.7,6.3,0.7,284,8,5.2,7.6,0.9,285,7,5.2,7.6,0.9,285,7,0,29.50,-0.0,0,0,0,42.3,46.6,48.4,0.33,0.31,0.46
HERK,2019-11-08 18:25:00 EST,43.03662,-75.00957,714,24.0,25.2,16.7,67.6,14.8,0.000,0.000,0.00,0.000,5.6,8.8,1.2,294,11,6.1,10.1,1.4,294,11,6.1,10.1,1.4,294,11,0,29.50,0.1,0,0,0,42.3,46.6,48.4,0.33,0.31,0.46
HERK,2019-11-08 18:30:00 EST,43.03662,-75.00957,714,24.1,25.0,17.3,70.3,15.8,0.000,0.000,0.00,0.000,5.2,8.2,1.0,298,13,5.5,8.2,1.0,297,11,5.5,8.2,1.0,297,11,0,29.50,0.1,0,0,0,42.3,46.6,48.4,0.33,0.31,0.46
HERK,2019-11-08 18:35:00 EST,43.03662,-75.00957,714,24.1,24.9,16.5,73.9,17.0,0.000,0.000,0.00,0.000,5.8,8.3,1.1,293,10,6.4,9.4,1.2,293,9,6.4,9.4,1.2,293,9,0,29.50,0.1,0,0,0,42.3,46.6,48.4,0.33,0.31,0.46
HERK,2019-11-08 18:40:00 EST,43.03662,-75.00957,714,23.9,24.8,17.0,75.9,17.4,0.000,0.000,0.00,0.000,5.2,8.0,1.1,289,10,5.6,10.3,1.3,289,10,5.6,10.3,1.3,289,10,0,29.50,0.0,0,0,0,42.3,46.6,48.4,0.33,0.31,0.46
HERK,2019-11-08 18:45:00 EST,43.03662,-75.00957,714,23.8,24.8,16.1,77.4,17.8,0.000,0.000,0.00,0.000,5.8,8.5,1.2,285,10,6.4,9.8,1.4,286,8,6.4,9.8,1.4,286,8,0,29.50,0.1,0,0,0,42.3,46.6,48.4,0.33,0.31,0.46
HERK,2019-11-08 18:50:00 EST,43.03662,-75.00957,714,23.8,24.7,16.7,77.6,17.8,0.000,0.000,0.00,0.000,5.2,7.9,1.1,284,9,5.7,9.6,1.3,285,8,5.7,9.6,1.3,285,8,0,29.50,0.1,0,0,0,42.3,46.6,48.4,0.33,0.31,0.46
HERK,2019-11-08 18:55:00 EST,43.03662,-75.00957,714,23.3,24.6,17.1,78.7,17.7,0.000,0.000,0.00,0.000,4.3,6.4,0.9,284,9,4.8,7.5,1.0,284,9,4.8,7.5,1.0,284,9,0,29.50,0.0,0,0,0,42.3,46.6,48.4,0.33,0.31,0.46
HERK,2019-11-08 19:00:00 EST,43.03662,-75.00957,714,23.0,24.2,16.7,79.6,17.6,0.000,0.000,0.00,0.000,4.3,6.6,0.9,274,8,4.8,7.4,1.0,275,8,4.8,7.4,1.0,275,8,0,29.51,0.1,0,0,0,42.3,46.6,48.4,0.33,0.31,0.46
HERK,2019-11-08 19:05:00 EST,43.03662,-75.00957,714,22.7,24.0,16.7,80.8,17.7,0.000,0.000,0.00,0.000,4.1,5.5,0.7,279,10,4.5,6.6,0.9,280,9,4.5,6.6,0.9,280,9,0,29.51,0.0,0,0,0,42.3,46.6,48.4,0.33,0.31,0.46
HERK,2019-11-08 19:10:00 EST,43.03662,-75.00957,714,22.5,23.9,17.2,81.9,17.8,0.000,0.000,0.00,0.000,3.6,5.4,0.7,285,7,3.9,5.9,0.9,286,7,3.9,5.9,0.9,286,7,0,29.51,-0.0,0,0,0,42.2,46.6,48.4,0.33,0.31,0.46
HERK,2019-11-08 19:15:00 EST,43.03662,-75.00957,714,22.4,23.8,16.4,82.6,17.9,0.000,0.000,0.00,0.000,4.1,5.4,0.6,282,8,4.4,6.7,0.8,283,7,4.4,6.7,0.8,283,7,0,29.51,0.0,0,0,0,42.2,46.6,48.4,0.33,0.31,0.46
HERK,2019-11-08 19:20:00 EST,43.03662,-75.00957,714,22.1,23.6,16.1,83.5,17.9,0.000,0.000,0.00,0.000,4.0,5.9,0.6,285,8,4.4,6.8,0.8,284,7,4.4,6.8,0.8,284,7,0,29.51,0.1,0,0,0,42.1,46.6,48.4,0.33,0.31,0.46
HERK,2019-11-08 19:25:00 EST,43.03662,-75.00957,714,21.8,23.5,16.0,84.3,17.8,0.000,0.000,0.00,0.000,4.0,5.4,0.6,290,9,4.3,6.1,0.7,291,8,4.3,6.1,0.7,291,8,0,29.51,0.0,0,0,0,42.1,46.6,48.4,0.33,0.31,0.46
HERK,2019-11-08 19:30:00 EST,43.03662,-75.00957,714,21.6,23.5,16.3,85.4,17.9,0.000,0.000,0.00,0.000,3.6,4.8,0.5,287,8,3.8,5.1,0.6,288,8,3.8,5.1,0.6,288,8,0,29.51,0.0,0,0,0,42.1,46.6,48.4,0.33,0.31,0.46
HERK,2019-11-08 19:35:00 EST,43.03662,-75.00957,714,21.7,23.3,16.1,85.5,18.0,0.000,0.000,0.00,0.000,3.7,5.3,0.5,284,7,4.0,5.9,0.6,285,7,4.0,5.9,0.6,285,7,0,29.51,-0.0,0,0,0,42.1,46.6,48.4,0.33,0.31,0.46
HERK,2019-11-08 19:40:00 EST,43.03662,-75.00957,714,21.5,23.2,16.1,85.4,17.8,0.000,0.000,0.00,0.000,3.6,5.1,0.4,285,10,3.9,5.5,0.6,286,8,3.9,5.5,0.6,286,8,0,29.51,0.1,0,0,0,42.1,46.6,48.4,0.33,0.31,0.46
HERK,2019-11-08 19:45:00 EST,43.03662,-75.00957,714,20.8,23.0,14.5,86.1,17.3,0.000,0.000,0.00,0.000,4.2,5.5,0.5,296,6,4.5,6.4,0.6,296,6,4.5,6.4,0.6,296,6,0,29.51,0.1,0,0,0,42.1,46.5,48.4,0.33,0.31,0.46
HERK,2019-11-08 19:50:00 EST,43.03662,-75.00957,714,20.7,23.1,13.9,87.8,17.7,0.000,0.000,0.00,0.000,4.6,5.5,0.3,294,6,4.9,6.2,0.5,293,5,4.9,6.2,0.5,293,5,0,29.51,-0.0,0,0,0,42.1,46.5,48.4,0.33,0.31,0.46
HERK,2019-11-08 19:55:00 EST,43.03662,-75.00957,714,20.9,23.0,13.5,87.7,17.9,0.000,0.000,0.00,0.000,5.2,6.1,0.6,292,7,5.5,7.1,0.7,291,6,5.5,7.1,0.7,291,6,0,29.51,0.1,0,0,0,42.1,46.5,48.4,0.33,0.31,0.46
HERK,2019-11-08 20:00:00 EST,43.03662,-75.00957,714,21.3,23.0,14.0,87.2,18.1,0.000,0.000,0.00,0.000,5.2,6.5,0.6,294,9,5.5,7.3,0.7,294,9,5.5,7.3,0.7,294,9,0,29.51,0.1,0,0,0,42.0,46.5,48.4,0.33,0.31,0.46
HERK,2019-11-08 20:05:00 EST,43.03662,-75.00957,714,21.6,23.0,13.8,87.4,18.5,0.000,0.000,0.00,0.000,5.8,7.0,0.5,295,7,6.1,7.4,0.6,295,7,6.1,7.4,0.6,295,7,0,29.51,0.1,0,0,0,41.9,46.4,48.4,0.33,0.31,0.46
HERK,2019-11-08 20:10:00 EST,43.03662,-75.00957,714,21.8,23.0,14.2,86.9,18.5,0.000,0.000,0.00,0.000,5.5,7.1,0.6,295,7,5.8,7.6,0.7,294,7,5.8,7.6,0.7,294,7,0,29.51,0.1,0,0,0,41.9,46.4,48.4,0.33,0.31,0.46
HERK,2019-11-08 20:15:00 EST,43.03662,-75.00957,714,21.5,22.9,13.8,86.9,18.2,0.000,0.000,0.00,0.000,5.5,7.3,0.6,291,6,5.9,8.0,0.8,290,5,5.9,8.0,0.8,290,5,0,29.51,0.2,0,0,0,41.9,46.4,48.4,0.33,0.31,0.46
HERK,2019-11-08 20:20:00 EST,43.03662,-75.00957,714,21.2,22.7,13.6,87.3,18.0,0.000,0.000,0.00,0.000,5.4,6.9,0.7,291,6,5.7,7.3,0.8,291,5,5.7,7.3,0.8,291,5,0,29.51,0.2,0,0,0,41.9,46.4,48.4,0.33,0.31,0.46
HERK,2019-11-08 20:25:00 EST,43.03662,-75.00957,714,20.8,22.7,13.1,87.9,17.8,0.000,0.000,0.00,0.000,5.4,7.5,0.6,289,6,5.8,8.5,0.7,289,4,5.8,8.5,0.7,289,4,0,29.51,0.1,0,0,0,41.9,46.4,48.3,0.33,0.31,0.46
HERK,2019-11-08 20:30:00 EST,43.03662,-75.00957,714,20.8,22.5,13.8,88.7,18.0,0.000,0.000,0.00,0.000,4.8,6.6,0.7,283,6,5.2,7.5,0.8,284,5,5.2,7.5,0.8,284,5,0,29.51,0.1,0,0,0,41.9,46.4,48.3,0.33,0.31,0.46
HERK,2019-11-08 20:35:00 EST,43.03662,-75.00957,714,20.6,22.3,14.0,89.1,17.9,0.000,0.000,0.00,0.000,4.4,5.6,0.4,284,7,4.7,6.2,0.5,283,6,4.7,6.2,0.5,283,6,0,29.51,0.1,0,0,0,41.9,46.4,48.3,0.33,0.31,0.46
HERK,2019-11-08 20:40:00 EST,43.03662,-75.00957,714,20.6,22.2,14.4,89.6,18.0,0.000,0.000,0.00,0.000,4.1,5.1,0.5,282,7,4.4,5.6,0.6,282,5,4.4,5.6,0.6,282,5,0,29.51,0.1,0,0,0,41.8,46.4,48.2,0.33,0.31,0.46
HERK,2019-11-08 20:45:00 EST,43.03662,-75.00957,714,20.3,21.9,14.0,89.7,17.7,0.000,0.000,0.00,0.000,4.0,5.6,0.5,276,8,4.4,5.8,0.7,277,6,4.4,5.8,0.7,277,6,0,29.51,0.1,0,0,0,41.8,46.4,48.2,0.33,0.31,0.46
HERK,2019-11-08 20:50:00 EST,43.03662,-75.00957,714,20.4,21.8,13.7,90.6,18.1,0.000,0.000,0.00,0.000,4.4,5.3,0.5,274,7,4.8,5.9,0.6,275,6,4.8,5.9,0.6,275,6,0,29.51,0.2,0,0,0,41.7,46.4,48.2,0.33,0.31,0.46
HERK,2019-11-08 20:55:00 EST,43.03662,-75.00957,714,20.2,21.8,13.6,90.4,17.9,0.000,0.000,0.00,0.000,4.3,5.8,0.7,281,8,4.7,6.4,0.8,281,7,4.7,6.4,0.8,281,7,0,29.51,0.2,0,0,0,41.7,46.4,48.2,0.33,0.31,0.46
HERK,2019-11-08 21:00:00 EST,43.03662,-75.00957,714,20.1,22.1,13.1,90.6,17.8,0.000,0.000,0.00,0.000,4.7,5.6,0.5,286,6,5.1,6.3,0.6,287,5,5.1,6.3,0.6,287,5,0,29.51,0.1,0,0,0,41.7,46.4,48.2,0.33,0.31,0.46
HERK,2019-11-08 21:05:00 EST,43.03662,-75.00957,714,20.1,22.2,12.7,90.8,17.9,0.000,0.000,0.00,0.000,5.0,6.6,0.6,288,5,5.4,7.6,0.8,288,5,5.4,7.6,0.8,288,5,0,29.51,0.2,0,0,0,41.7,46.4,48.2,0.33,0.31,0.46
HERK,2019-11-08 21:10:00 EST,43.03662,-75.00957,714,20.4,22.2,12.9,90.5,18.0,0.000,0.000,0.00,0.000,5.1,6.0,0.4,288,6,5.4,7.1,0.5,288,5,5.4,7.1,0.5,288,5,0,29.52,0.1,0,0,0,41.7,46.4,48.2,0.33,0.31,0.46
HERK,2019-11-08 21:15:00 EST,43.03662,-75.00957,714,20.0,22.0,12.5,90.2,17.6,0.000,0.000,0.00,0.000,5.0,6.3,0.6,292,6,5.4,6.8,0.6,291,5,5.4,6.8,0.6,291,5,0,29.52,0.2,0,0,0,41.7,46.4,48.2,0.33,0.31,0.46
HERK,2019-11-08 21:20:00 EST,43.03662,-75.00957,714,20.1,21.8,11.9,90.4,17.7,0.000,0.000,0.00,0.000,5.8,6.9,0.6,289,6,6.2,7.5,0.6,289,4,6.2,7.5,0.6,289,4,0,29.52,0.2,0,0,0,41.7,46.4,48.2,0.33,0.31,0.46
HERK,2019-11-08 21:25:00 EST,43.03662,-75.00957,714,20.1,21.7,11.7,89.9,17.6,0.000,0.000,0.00,0.000,6.0,7.1,0.6,289,5,6.4,7.9,0.7,289,4,6.4,7.9,0.7,289,4,0,29.52,0.2,0,0,0,41.7,46.4,48.2,0.33,0.31,0.46
HERK,2019-11-08 21:30:00 EST,43.03662,-75.00957,714,20.0,21.5,12.0,89.7,17.4,0.000,0.000,0.00,0.000,5.5,6.9,0.6,287,6,5.9,7.5,0.6,288,5,5.9,7.5,0.6,288,5,0,29.52,0.2,0,0,0,41.5,46.4,48.2,0.33,0.31,0.46
HERK,2019-11-08 21:35:00 EST,43.03662,-75.00957,714,20.2,21.4,12.2,90.5,17.8,0.000,0.000,0.00,0.000,5.5,6.9,0.7,285,6,5.9,8.0,0.8,285,5,5.9,8.0,0.8,285,5,0,29.52,0.2,0,0,0,41.5,46.4,48.2,0.33,0.31,0.46
HERK,2019-11-08 21:40:00 EST,43.03662,-75.00957,714,20.3,21.3,12.3,90.6,18.0,0.000,0.000,0.00,0.000,5.6,6.9,0.6,284,6,6.0,7.5,0.7,284,6,6.0,7.5,0.7,284,6,0,29.52,0.2,0,0,0,41.5,46.4,48.2,0.33,0.31,0.46
HERK,2019-11-08 21:45:00 EST,43.03662,-75.00957,714,20.4,21.6,12.6,90.8,18.2,0.000,0.000,0.00,0.000,5.4,6.7,0.6,288,7,5.9,7.5,0.7,287,6,5.9,7.5,0.7,287,6,0,29.52,0.2,0,0,0,41.5,46.4,48.2,0.33,0.31,0.46
HERK,2019-11-08 21:50:00 EST,43.03662,-75.00957,714,20.7,21.7,12.8,90.8,18.5,0.000,0.000,0.00,0.000,5.6,7.2,0.6,283,8,6.0,8.0,0.7,284,6,6.0,8.0,0.7,284,6,0,29.52,0.2,0,0,0,41.5,46.4,48.2,0.33,0.31,0.46
HERK,2019-11-08 21:55:00 EST,43.03662,-75.00957,714,20.7,21.6,12.6,90.7,18.4,0.000,0.000,0.00,0.000,5.6,7.1,0.5,279,7,6.1,8.0,0.7,280,5,6.1,8.0,0.7,280,5,0,29.52,0.2,0,0,0,41.5,46.4,48.2,0.33,0.31,0.46
HERK,2019-11-08 22:00:00 EST,43.03662,-75.00957,714,20.7,22.0,12.6,90.9,18.5,0.000,0.000,0.00,0.000,5.8,7.2,0.6,288,6,6.2,7.8,0.7,288,6,6.2,7.8,0.7,288,6,0,29.51,0.2,0,0,0,41.5,46.4,48.2,0.33,0.31,0.46
HERK,2019-11-08 22:05:00 EST,43.03662,-75.00957,714,20.9,22.0,12.5,90.7,18.6,0.000,0.000,0.00,0.000,6.1,7.6,0.7,284,8,6.6,8.9,0.9,284,6,6.6,8.9,0.9,284,6,0,29.51,0.2,0,0,0,41.5,46.4,48.2,0.33,0.31,0.46
HERK,2019-11-08 22:10:00 EST,43.03662,-75.00957,714,20.8,22.1,12.2,90.7,18.5,0.000,0.000,0.00,0.000,6.4,8.2,0.7,285,7,6.8,9.2,0.9,285,5,6.8,9.2,0.9,285,5,0,29.51,0.3,0,0,0,41.5,46.4,48.2,0.33,0.31,0.46
HERK,2019-11-08 22:15:00 EST,43.03662,-75.00957,714,20.8,21.9,12.3,90.5,18.4,0.000,0.000,0.00,0.000,6.1,7.4,0.6,284,8,6.5,8.6,0.7,285,6,6.5,8.6,0.7,285,6,0,29.52,0.2,0,0,0,41.4,46.4,48.2,0.33,0.31,0.46
HERK,2019-11-08 22:20:00 EST,43.03662,-75.00957,714,20.7,21.9,12.0,90.9,18.5,0.000,0.000,0.00,0.000,6.3,7.8,0.8,289,8,6.9,9.0,0.9,289,7,6.9,9.0,0.9,289,7,0,29.52,0.3,0,0,0,41.4,46.4,48.2,0.33,0.31,0.46
HERK,2019-11-08 22:25:00 EST,43.03662,-75.00957,714,21.2,22.2,12.2,90.9,19.0,0.000,0.000,0.00,0.000,6.8,8.8,1.0,289,8,7.4,10.3,1.3,288,6,7.4,10.3,1.3,288,6,0,29.52,0.2,0,0,0,41.4,46.4,48.2,0.33,0.31,0.46
HERK,2019-11-08 22:30:00 EST,43.03662,-75.00957,714,21.3,22.1,12.1,89.9,18.8,0.000,0.000,0.00,0.000,7.0,9.1,0.8,282,10,7.6,10.7,0.9,281,7,7.6,10.7,0.9,281,7,0,29.52,0.3,0,0,0,41.4,46.4,48.2,0.33,0.31,0.46
HERK,2019-11-08 22:35:00 EST,43.03662,-75.00957,714,21.6,22.3,12.5,90.3,19.2,0.000,0.000,0.00,0.000,6.9,9.4,1.1,287,7,7.5,10.5,1.4,287,6,7.5,10.5,1.4,287,6,0,29.51,0.2,0,0,0,41.4,46.4,48.2,0.33,0.31,0.46
HERK,2019-11-08 22:40:00 EST,43.03662,-75.00957,714,21.5,22.4,12.9,89.6,18.9,0.000,0.000,0.00,0.000,6.3,8.5,0.8,279,8,6.9,9.7,1.1,281,6,6.9,9.7,1.1,281,6,0,29.51,0.2,0,0,0,41.4,46.4,48.2,0.33,0.31,0.46
HERK,2019-11-08 22:45:00 EST,43.03662,-75.00957,714,21.3,22.2,13.4,89.7,18.7,0.000,0.000,0.00,0.000,5.6,7.3,0.8,277,8,6.1,8.2,0.9,279,7,6.1,8.2,0.9,279,7,0,29.51,0.2,0,0,0,41.4,46.4,48.2,0.33,0.31,0.46
HERK,2019-11-08 22:50:00 EST,43.03662,-75.00957,714,21.3,22.5,13.0,89.8,18.8,0.000,0.000,0.00,0.000,6.0,7.2,0.6,284,7,6.5,8.6,0.8,284,6,6.5,8.6,0.8,284,6,0,29.52,0.3,0,0,0,41.4,46.4,48.2,0.33,0.31,0.46
HERK,2019-11-08 22:55:00 EST,43.03662,-75.00957,714,21.5,22.7,13.7,89.6,19.0,0.000,0.000,0.00,0.000,5.6,7.2,0.8,287,8,6.1,8.5,0.8,287,8,6.1,8.5,0.8,287,8,0,29.51,0.2,0,0,0,41.4,46.4,48.2,0.33,0.31,0.46
HERK,2019-11-08 23:00:00 EST,43.03662,-75.00957,714,21.3,22.6,13.4,88.9,18.6,0.000,0.000,0.00,0.000,5.7,7.7,0.9,283,8,6.2,9.1,1.1,284,7,6.2,9.1,1.1,284,7,0,29.51,0.2,0,0,0,41.4,46.4,48.2,0.33,0.31,0.46
HERK,2019-11-08 23:05:00 EST,43.03662,-75.00957,714,21.3,22.6,13.4,89.1,18.6,0.000,0.000,0.00,0.000,5.7,7.4,0.7,285,8,6.1,8.7,0.9,285,6,6.1,8.7,0.9,285,6,0,29.51,0.2,0,0,0,41.2,46.4,48.2,0.33,0.31,0.46
HERK,2019-11-08 23:10:00 EST,43.03662,-75.00957,714,21.5,22.6,13.5,89.2,18.8,0.000,0.000,0.00,0.000,5.7,7.3,0.7,283,8,6.2,8.3,0.9,283,7,6.2,8.3,0.9,283,7,0,29.51,0.2,0,0,0,41.2,46.3,48.2,0.33,0.31,0.46
HERK,2019-11-08 23:15:00 EST,43.03662,-75.00957,714,21.3,22.4,13.5,88.8,18.5,0.000,0.000,0.00,0.000,5.4,7.6,0.8,280,8,6.0,8.2,0.9,279,7,6.0,8.2,0.9,279,7,0,29.51,0.2,0,0,0,41.2,46.3,48.2,0.33,0.31,0.46
HERK,2019-11-08 23:20:00 EST,43.03662,-75.00957,714,21.4,22.5,13.2,89.1,18.7,0.000,0.000,0.00,0.000,5.9,7.9,0.7,279,7,6.4,8.2,0.9,279,6,6.4,8.2,0.9,279,6,0,29.51,0.2,0,0,0,41.2,46.2,48.2,0.33,0.31,0.46
HERK,2019-11-08 23:25:00 EST,43.03662,-75.00957,714,21.4,22.6,13.7,88.8,18.7,0.000,0.000,0.00,0.000,5.5,7.5,0.8,285,9,6.0,8.5,0.9,285,7,6.0,8.5,0.9,285,7,0,29.51,0.2,0,0,0,41.2,46.0,48.2,0.33,0.31,0.46
HERK,2019-11-08 23:30:00 EST,43.03662,-75.00957,714,21.4,22.6,13.4,88.9,18.6,0.000,0.000,0.00,0.000,5.6,8.1,0.9,279,9,6.2,10.1,1.1,280,8,6.2,10.1,1.1,280,8,0,29.51,0.3,0,0,0,41.2,46.1,48.2,0.33,0.31,0.46
HERK,2019-11-08 23:35:00 EST,43.03662,-75.00957,714,21.3,22.3,13.5,89.0,18.5,0.000,0.000,0.00,0.000,5.3,6.9,0.7,274,9,5.9,8.2,0.8,276,7,5.9,8.2,0.8,276,7,0,29.51,0.3,0,0,0,41.2,46.1,48.2,0.33,0.31,0.46
HERK,2019-11-08 23:40:00 EST,43.03662,-75.00957,714,21.6,22.6,13.8,89.4,19.0,0.000,0.000,0.00,0.000,5.7,8.3,1.2,282,9,6.1,9.3,1.3,283,7,6.1,9.3,1.3,283,7,0,29.51,0.2,0,0,0,41.2,46.0,48.2,0.33,0.31,0.46
HERK,2019-11-08 23:45:00 EST,43.03662,-75.00957,714,21.5,22.6,14.5,89.0,18.8,0.000,0.000,0.00,0.000,4.9,7.1,0.7,290,8,5.3,8.1,0.9,290,6,5.3,8.1,0.9,290,6,0,29.51,0.2,0,0,0,41.2,46.0,48.2,0.33,0.31,0.46
HERK,2019-11-08 23:50:00 EST,43.03662,-75.00957,714,21.5,22.6,14.5,88.8,18.7,0.000,0.000,0.00,0.000,4.8,6.1,0.6,282,8,5.2,6.9,0.7,283,6,5.2,6.9,0.7,283,6,0,29.52,0.2,0,0,0,41.2,46.0,48.2,0.33,0.31,0.46
HERK,2019-11-08 23:55:00 EST,43.03662,-75.00957,714,20.8,22.2,14.0,88.8,18.1,0.000,0.000,0.00,0.000,4.6,5.8,0.6,278,7,5.0,6.6,0.7,278,6,5.0,6.6,0.7,278,6,0,29.52,0.2,0,0,0,41.1,46.0,48.2,0.33,0.31,0.46
HFAL,2019-11-08 00:00:00 EST,41.79880,-74.12312,634,33.1,33.1,29.4,82.7,28.4,0.000,0.440,0.00,0.000,3.1,7.1,1.6,347,32,4.0,8.8,2.0,350,30,4.0,8.8,2.0,350,30,0,29.35,0.0,0,0,0,45.3,48.0,50.2,0.38,0.33,0.26
HFAL,2019-11-08 00:05:00 EST,41.79880,-74.12312,634,32.8,32.8,32.8,83.1,28.2,0.000,0.000,0.00,0.000,1.1,4.8,1.1,307,42,1.6,6.1,1.3,313,42,1.6,6.1,1.3,313,42,0,29.35,,0,0,0,45.3,48.0,50.2,0.38,0.33,0.26
HFAL,2019-11-08 00:10:00 EST,41.79880,-74.12312,634,32.6,32.7,29.0,82.4,27.9,0.000,0.000,0.00,0.000,3.1,7.0,1.8,354,21,3.8,9.3,1.9,356,20,3.8,9.3,1.9,356,20,0,29.35,,0,0,0,45.3,48.0,50.2,0.38,0.33,0.27
HFAL,2019-11-08 00:15:00 EST,41.79880,-74.12312,634,32.5,32.7,32.5,82.4,27.8,0.000,0.000,0.00,0.000,2.0,6.4,1.5,6,29,2.4,6.9,1.5,9,33,2.4,6.9,1.5,9,33,0,29.36,,0,0,0,45.3,48.0,50.2,0.38,0.33,0.27
HFAL,2019-11-08 00:20:00 EST,41.79880,-74.12312,634,32.4,32.4,32.4,82.3,27.6,0.000,0.000,0.00,0.000,2.0,4.9,1.1,346,47,2.4,5.3,1.0,342,47,2.4,5.3,1.0,342,47,0,29.36,,0,0,0,45.3,48.0,50.2,0.38,0.33,0.27
HFAL,2019-11-08 00:25:00 EST,41.79880,-74.12312,634,32.3,32.3,29.5,82.6,27.6,0.000,0.000,0.00,0.000,2.3,11.1,2.1,349,32,3.1,12.1,2.6,346,34,3.1,12.1,2.6,346,34,0,29.35,,0,0,0,45.3,48.0,50.2,0.38,0.33,0.27
HFAL,2019-11-08 00:30:00 EST,41.79880,-74.12312,634,32.0,31.9,32.0,83.8,27.6,0.000,0.000,0.00,0.000,2.2,4.7,1.1,336,25,2.7,7.1,1.2,336,25,2.7,7.1,1.2,336,25,0,29.35,,0,0,0,45.3,48.0,50.2,0.38,0.33,0.27
HFAL,2019-11-08 00:35:00 EST,41.79880,-74.12312,634,31.8,31.7,31.8,84.2,27.5,0.000,0.000,0.00,0.000,2.3,5.0,1.2,302,31,2.8,6.3,1.5,302,28,2.8,6.3,1.5,302,28,0,29.35,,0,0,0,45.3,48.0,50.2,0.38,0.33,0.27
HFAL,2019-11-08 00:40:00 EST,41.79880,-74.12312,634,31.4,31.5,31.4,82.5,26.7,0.000,0.000,0.00,0.000,1.8,4.7,1.0,316,22,2.3,6.2,1.1,315,24,2.3,6.2,1.1,315,24,0,29.35,,0,0,0,45.3,48.0,50.2,0.38,0.33,0.27
HFAL,2019-11-08 00:45:00 EST,41.79880,-74.12312,634,31.0,31.2,31.0,83.9,26.7,0.000,0.000,0.00,0.000,1.6,3.3,0.6,306,35,2.1,4.2,0.9,308,35,2.1,4.2,0.9,308,35,0,29.35,,0,0,0,45.2,48.0,50.2,0.38,0.33,0.27
HFAL,2019-11-08 00:50:00 EST,41.79880,-74.12312,634,30.6,30.7,30.6,86.1,26.9,0.000,0.000,0.00,0.000,1.9,5.7,1.2,310,31,2.5,6.3,1.4,312,30,2.5,6.3,1.4,312,30,0,29.35,,0,0,0,45.1,48.0,50.2,0.38,0.33,0.27
HFAL,2019-11-08 00:55:00 EST,41.79880,-74.12312,634,30.3,30.5,30.3,83.7,26.0,0.000,0.000,0.00,0.000,1.5,4.7,0.9,303,23,2.2,6.6,1.1,303,20,2.2,6.6,1.1,303,20,0,29.35,,0,0,0,45.1,48.0,50.2,0.38,0.33,0.27
HFAL,2019-11-08 01:00:00 EST,41.79880,-74.12312,634,30.1,30.4,30.1,81.6,25.2,0.000,0.000,0.00,0.000,1.9,5.3,1.2,304,39,2.9,7.7,1.4,310,35,2.9,7.7,1.4,310,35,0,29.35,,0,0,0,45.1,48.0,50.2,0.38,0.33,0.27
HFAL,2019-11-08 01:05:00 EST,41.79880,-74.12312,634,29.7,30.0,29.7,84.6,25.6,0.000,0.000,0.00,0.000,1.9,4.6,1.1,325,31,2.6,9.5,1.5,324,31,2.6,9.5,1.5,324,31,0,29.35,,0,0,0,45.1,48.0,50.2,0.38,0.33,0.27
HFAL,2019-11-08 01:10:00 EST,41.79880,-74.12312,634,29.8,30.1,25.7,81.5,24.8,0.000,0.000,0.00,0.000,3.0,13.7,2.0,329,26,3.8,13.6,2.3,334,23,3.8,13.6,2.3,334,23,0,29.35,,0,0,0,45.1,48.0,50.2,0.38,0.33,0.27
HFAL,2019-11-08 01:15:00 EST,41.79880,-74.12312,634,29.5,29.9,26.5,81.6,24.6,0.000,0.000,0.00,0.000,2.3,7.1,1.4,309,31,3.0,8.3,1.6,316,32,3.0,8.3,1.6,316,32,0,29.35,,0,0,0,45.1,48.0,50.2,0.38,0.33,0.28
HFAL,2019-11-08 01:20:00 EST,41.79880,-74.12312,634,29.2,29.9,29.2,80.6,24.0,0.000,0.000,0.00,0.000,1.8,7.2,1.2,301,32,2.5,8.9,1.5,300,28,2.5,8.9,1.5,300,28,0,29.35,,0,0,0,45.1,48.0,50.2,0.38,0.33,0.28
HFAL,2019-11-08 01:25:00 EST,41.79880,-74.12312,634,29.1,29.7,29.1,80.7,24.0,0.000,0.000,0.00,0.000,1.6,7.1,1.1,297,28,2.3,7.3,1.2,306,23,2.3,7.3,1.2,306,23,0,29.35,,0,0,0,45.1,48.0,50.2,0.38,0.33,0.28
HFAL,2019-11-08 01:30:00 EST,41.79880,-74.12312,634,28.9,29.6,28.9,80.8,23.7,0.000,0.000,0.00,0.000,1.8,4.5,0.9,308,22,2.3,6.1,1.0,311,23,2.3,6.1,1.0,311,23,0,29.35,,0,0,0,45.1,48.0,50.2,0.38,0.33,0.28
HFAL,2019-11-08 01:35:00 EST,41.79880,-74.12312,634,29.1,29.8,25.3,78.6,23.3,0.000,0.000,0.00,0.000,2.9,8.7,1.7,300,31,3.6,9.1,2.1,303,27,3.6,9.1,2.1,303,27,0,29.35,,0,0,0,45.0,48.0,50.2,0.38,0.33,0.28
HFAL,2019-11-08 01:40:00 EST,41.79880,-74.12312,634,29.2,29.8,25.9,77.4,23.0,0.000,0.000,0.00,0.000,2.4,6.6,1.2,318,34,3.1,9.1,1.5,317,30,3.1,9.1,1.5,317,30,0,29.35,,0,0,0,45.0,48.0,50.2,0.38,0.33,0.28
HFAL,2019-11-08 01:45:00 EST,41.79880,-74.12312,634,29.2,29.8,29.2,75.7,22.5,0.000,0.000,0.00,0.000,2.1,8.0,1.5,305,30,3.0,8.2,1.6,305,25,3.0,8.2,1.6,305,25,0,29.36,,0,0,0,45.0,48.0,50.2,0.38,0.33,0.28
HFAL,2019-11-08 01:50:00 EST,41.79880,-74.12312,634,29.1,29.8,29.1,74.0,21.9,0.000,0.000,0.00,0.000,2.1,6.4,1.0,313,34,2.8,8.3,1.3,313,30,2.8,8.3,1.3,313,30,0,29.36,,0,0,0,45.0,48.0,50.2,0.38,0.32,0.28
HFAL,2019-11-08 01:55:00 EST,41.79880,-74.12312,634,28.5,29.4,28.5,77.3,22.4,0.000,0.000,0.00,0.000,0.9,2.8,0.6,311,21,1.6,5.1,0.9,312,20,1.6,5.1,0.9,312,20,0,29.36,,0,0,0,45.0,48.0,50.2,0.38,0.33,0.28
HFAL,2019-11-08 02:00:00 EST,41.79880,-74.12312,634,28.4,29.2,28.4,78.1,22.5,0.000,0.000,0.00,0.000,1.4,3.7,0.9,290,27,2.0,4.4,1.0,289,29,2.0,4.4,1.0,289,29,0,29.36,,0,0,0,45.0,48.0,50.2,0.38,0.33,0.28
HFAL,2019-11-08 02:05:00 EST,41.79880,-74.12312,634,28.2,29.0,28.2,79.9,22.8,0.000,0.000,0.00,0.000,1.1,3.2,0.9,312,27,1.7,4.0,1.0,317,31,1.7,4.0,1.0,317,31,0,29.36,,0,0,0,44.9,48.0,50.2,0.38,0.32,0.28
HFAL,2019-11-08 02:10:00 EST,41.79880,-74.12312,634,28.2,28.8,28.2,80.5,23.0,0.000,0.000,0.00,0.000,1.3,2.3,0.5,305,17,1.7,3.5,0.6,309,19,1.7,3.5,0.6,309,19,0,29.36,-13.3,0,0,0,44.8,48.0,50.2,0.38,0.33,0.29
HFAL,2019-11-08 02:15:00 EST,41.79880,-74.12312,634,27.9,28.6,27.9,81.1,22.9,0.000,0.000,0.00,0.000,1.0,2.0,0.4,305,24,1.5,3.2,0.6,303,19,1.5,3.2,0.6,303,19,0,29.36,,0,0,0,44.8,48.0,50.2,0.38,0.32,0.28
HFAL,2019-11-08 02:20:00 EST,41.79880,-74.12312,634,27.8,28.3,27.8,82.1,23.0,0.000,0.000,0.00,0.000,1.0,2.7,0.7,291,11,1.5,3.5,0.8,293,16,1.5,3.5,0.8,293,16,0,29.36,,0,0,0,44.8,48.0,50.2,0.38,0.32,0.29
HFAL,2019-11-08 02:25:00 EST,41.79880,-74.12312,634,27.8,28.4,27.8,81.8,23.0,0.000,0.000,0.00,0.000,1.2,3.1,0.8,283,18,1.7,4.8,1.1,288,20,1.7,4.8,1.1,288,20,0,29.36,,0,0,0,44.8,48.0,50.2,0.38,0.32,0.29
HFAL,2019-11-08 02:30:00 EST,41.79880,-74.12312,634,27.4,28.7,27.4,82.1,22.6,0.000,0.000,0.00,0.000,1.9,4.7,1.0,294,33,2.7,6.7,1.2,295,29,2.7,6.7,1.2,295,29,0,29.36,,0,0,0,44.8,48.0,50.2,0.38,0.32,0.29
HFAL,2019-11-08 02:35:00 EST,41.79880,-74.12312,634,27.4,28.4,27.4,80.2,22.1,0.000,0.000,0.00,0.000,0.9,2.5,0.7,286,33,1.7,4.2,0.8,283,36,1.7,4.2,0.8,283,36,0,29.36,,0,0,0,44.6,47.9,50.2,0.38,0.32,0.29
HFAL,2019-11-08 02:40:00 EST,41.79880,-74.12312,634,27.6,28.8,27.6,80.5,22.4,0.000,0.000,0.00,0.000,1.7,4.5,1.0,298,31,2.5,5.3,1.1,302,29,2.5,5.3,1.1,302,29,0,29.36,,0,0,0,44.6,47.9,50.2,0.38,0.32,0.29
HFAL,2019-11-08 02:45:00 EST,41.79880,-74.12312,634,27.7,28.9,27.7,78.1,21.7,0.000,0.000,0.00,0.000,1.9,7.5,1.1,304,22,2.5,7.1,1.1,305,20,2.5,7.1,1.1,305,20,0,29.36,,0,0,0,44.6,47.9,50.2,0.38,0.32,0.29
HFAL,2019-11-08 02:50:00 EST,41.79880,-74.12312,634,27.6,28.6,27.6,78.6,21.8,0.000,0.000,0.00,0.000,1.4,4.4,1.0,290,26,2.0,5.8,1.2,291,23,2.0,5.8,1.2,291,23,0,29.36,3.5,0,0,0,44.6,47.9,50.2,0.37,0.32,0.29
HFAL,2019-11-08 02:55:00 EST,41.79880,-74.12312,634,27.3,28.4,27.3,78.2,21.5,0.000,0.000,0.00,0.000,1.3,5.0,1.0,300,18,1.8,6.3,1.2,300,24,1.8,6.3,1.2,300,24,0,29.36,3.4,0,0,0,44.4,47.9,50.2,0.38,0.32,0.29
HFAL,2019-11-08 03:00:00 EST,41.79880,-74.12312,634,27.5,28.7,27.5,77.0,21.2,0.000,0.000,0.00,0.000,1.5,5.3,1.0,315,28,2.3,6.1,1.2,316,28,2.3,6.1,1.2,316,28,0,29.35,3.3,0,0,0,44.4,47.8,50.2,0.38,0.32,0.29
HFAL,2019-11-08 03:05:00 EST,41.79880,-74.12312,634,27.8,28.8,27.8,75.2,20.9,0.000,0.000,0.00,0.000,2.0,5.6,1.0,313,28,2.6,7.5,1.2,312,28,2.6,7.5,1.2,312,28,0,29.35,3.4,0,0,0,44.4,47.8,50.2,0.37,0.32,0.29
HFAL,2019-11-08 03:10:00 EST,41.79880,-74.12312,634,27.4,28.4,27.4,75.3,20.6,0.000,0.000,0.00,0.000,0.9,2.3,0.7,296,21,1.4,3.6,0.9,300,26,1.4,3.6,0.9,300,26,0,29.35,3.3,0,0,0,44.4,47.8,50.2,0.37,0.32,0.29
HFAL,2019-11-08 03:15:00 EST,41.79880,-74.12312,634,27.5,28.4,27.5,76.7,21.1,0.000,0.000,0.00,0.000,1.7,4.2,0.9,320,18,2.0,5.0,1.0,323,20,2.0,5.0,1.0,323,20,0,29.35,3.3,0,0,0,44.3,47.8,50.2,0.37,0.32,0.29
HFAL,2019-11-08 03:20:00 EST,41.79880,-74.12312,634,27.6,28.5,27.6,75.5,20.9,0.000,0.000,0.00,0.000,1.8,4.1,1.0,339,21,2.4,6.0,1.1,340,25,2.4,6.0,1.1,340,25,0,29.35,3.2,0,0,0,44.1,47.8,50.2,0.37,0.32,0.29
HFAL,2019-11-08 03:25:00 EST,41.79880,-74.12312,634,27.8,28.4,27.8,72.6,20.2,0.000,0.000,0.00,0.000,1.9,6.1,1.3,352,33,2.4,7.5,1.3,350,28,2.4,7.5,1.3,350,28,0,29.35,3.1,0,0,0,44.1,47.8,50.2,0.37,0.32,0.29
HFAL,2019-11-08 03:30:00 EST,41.79880,-74.12312,634,27.8,28.1,27.8,72.3,20.1,0.000,0.000,0.00,0.000,1.9,4.5,1.0,334,43,2.4,5.6,1.2,331,41,2.4,5.6,1.2,331,41,0,29.35,3.2,0,0,0,44.1,47.8,50.2,0.37,0.32,0.29
HFAL,2019-11-08 03:35:00 EST,41.79880,-74.12312,634,26.8,27.9,26.8,77.5,20.7,0.000,0.000,0.00,0.000,1.6,3.0,0.7,264,17,2.2,4.1,0.8,271,17,2.2,4.1,0.8,271,17,0,29.35,3.1,0,0,0,44.0,47.8,50.2,0.37,0.32,0.29
HFAL,2019-11-08 03:40:00 EST,41.79880,-74.12312,634,26.4,27.0,26.4,82.3,21.7,0.000,0.000,0.00,0.000,1.5,3.1,0.7,244,17,1.9,3.5,0.7,249,18,1.9,3.5,0.7,249,18,0,29.35,,0,0,0,43.9,47.8,50.2,0.37,0.32,0.29
HFAL,2019-11-08 03:45:00 EST,41.79880,-74.12312,634,26.2,26.7,26.2,83.5,21.9,0.000,0.000,0.00,0.000,1.4,3.0,0.7,240,17,1.8,3.6,0.7,243,22,1.8,3.6,0.7,243,22,0,29.35,,0,0,0,43.9,47.8,50.2,0.37,0.32,0.29
HFAL,2019-11-08 03:50:00 EST,41.79880,-74.12312,634,26.0,26.6,26.0,84.9,22.1,0.000,0.000,0.00,0.000,0.9,2.0,0.4,251,25,1.3,3.3,0.5,258,27,1.3,3.3,0.5,258,27,0,29.36,-0.4,0,0,0,43.9,47.8,50.2,0.37,0.32,0.29
HFAL,2019-11-08 03:55:00 EST,41.79880,-74.12312,634,26.1,27.2,26.1,83.8,21.9,0.000,0.000,0.00,0.000,1.7,5.2,0.8,279,25,2.4,6.7,1.0,283,21,2.4,6.7,1.0,283,21,0,29.36,-0.5,0,0,0,43.8,47.8,50.2,0.37,0.32,0.29
HFAL,2019-11-08 04:00:00 EST,41.79880,-74.12312,634,26.1,27.4,26.1,83.6,21.9,0.000,0.000,0.00,0.000,1.4,3.0,0.7,278,20,2.0,3.7,0.9,283,19,2.0,3.7,0.9,283,19,0,29.36,-0.5,0,0,0,43.7,47.8,50.2,0.38,0.32,0.29
HFAL,2019-11-08 04:05:00 EST,41.79880,-74.12312,634,26.3,27.4,26.3,82.0,21.5,0.000,0.000,0.00,0.000,1.6,3.2,0.7,270,21,2.2,4.3,0.8,276,19,2.2,4.3,0.8,276,19,0,29.36,,0,0,0,43.7,47.8,50.2,0.37,0.32,0.29
HFAL,2019-11-08 04:10:00 EST,41.79880,-74.12312,634,26.5,27.5,26.5,81.1,21.5,0.000,0.000,0.00,0.000,1.6,3.0,0.6,259,20,2.1,3.9,0.7,268,19,2.1,3.9,0.7,268,19,0,29.36,,0,0,0,43.7,47.8,50.1,0.37,0.32,0.29
HFAL,2019-11-08 04:15:00 EST,41.79880,-74.12312,634,26.4,27.3,26.4,80.6,21.2,0.000,0.000,0.00,0.000,1.6,3.1,0.6,268,18,2.3,3.9,0.7,275,15,2.3,3.9,0.7,275,15,0,29.36,,0,0,0,43.6,47.8,50.2,0.37,0.32,0.29
HFAL,2019-11-08 04:20:00 EST,41.79880,-74.12312,634,26.2,27.8,26.2,82.6,21.6,0.000,0.000,0.00,0.000,2.3,3.2,0.4,288,11,2.9,3.9,0.6,293,10,2.9,3.9,0.6,293,10,0,29.36,,0,0,0,43.5,47.8,50.2,0.37,0.32,0.29
HFAL,2019-11-08 04:25:00 EST,41.79880,-74.12312,634,26.5,28.0,26.5,81.9,21.7,0.000,0.000,0.00,0.000,2.3,3.9,0.7,294,15,2.9,4.9,0.9,298,14,2.9,4.9,0.9,298,14,0,29.36,2.6,0,0,0,43.5,47.8,50.2,0.37,0.32,0.29
HFAL,2019-11-08 04:30:00 EST,41.79880,-74.12312,634,26.7,28.1,22.5,79.3,21.1,0.000,0.000,0.00,0.000,2.7,6.4,1.2,298,25,3.6,8.7,1.3,300,21,3.6,8.7,1.3,300,21,0,29.36,,0,0,0,43.5,47.8,50.2,0.37,0.32,0.29
HFAL,2019-11-08 04:35:00 EST,41.79880,-74.12312,634,27.2,28.3,27.2,75.1,20.4,0.000,0.000,0.00,0.000,2.2,8.0,1.5,302,21,2.9,10.0,1.8,304,19,2.9,10.0,1.8,304,19,0,29.36,,0,0,0,43.4,47.8,50.2,0.37,0.32,0.29
HFAL,2019-11-08 04:40:00 EST,41.79880,-74.12312,634,26.7,28.0,26.7,76.6,20.4,0.000,0.000,0.00,0.000,2.3,4.2,0.6,287,11,2.9,5.7,0.8,291,11,2.9,5.7,0.8,291,11,0,29.36,,0,0,0,43.3,47.8,50.0,0.37,0.32,0.29
HFAL,2019-11-08 04:45:00 EST,41.79880,-74.12312,634,26.4,27.9,22.3,78.3,20.6,0.000,0.000,0.00,0.000,2.8,4.5,0.6,280,12,3.5,6.0,0.8,285,11,3.5,6.0,0.8,285,11,0,29.36,,0,0,0,43.3,47.8,50.2,0.37,0.32,0.29
HFAL,2019-11-08 04:50:00 EST,41.79880,-74.12312,634,26.2,27.7,26.2,80.3,20.9,0.000,0.000,0.00,0.000,2.3,4.3,0.7,285,13,2.9,4.8,0.8,290,14,2.9,4.8,0.8,290,14,0,29.37,,0,0,0,43.3,47.8,50.2,0.37,0.32,0.29
HFAL,2019-11-08 04:55:00 EST,41.79880,-74.12312,634,26.0,27.2,26.0,82.2,21.3,0.000,0.000,0.00,0.000,2.2,6.6,1.2,281,24,2.8,7.4,1.4,286,21,2.8,7.4,1.4,286,21,0,29.36,,0,0,0,43.3,47.7,50.0,0.37,0.32,0.29
HFAL,2019-11-08 05:00:00 EST,41.79880,-74.12312,634,26.1,27.2,26.1,82.5,21.5,0.000,0.000,0.00,0.000,2.0,5.0,1.0,289,20,2.6,5.9,1.0,292,17,2.6,5.9,1.0,292,17,0,29.36,-0.4,0,0,0,43.2,47.6,50.1,0.37,0.32,0.29
HFAL,2019-11-08 05:05:00 EST,41.79880,-74.12312,634,26.5,27.1,22.9,84.3,22.4,0.000,0.000,0.00,0.000,2.4,6.5,1.1,269,18,3.1,7.8,1.2,275,15,3.1,7.8,1.2,275,15,0,29.37,0.8,0,0,0,43.2,47.6,50.2,0.37,0.32,0.29
HFAL,2019-11-08 05:10:00 EST,41.79880,-74.12312,634,26.5,26.9,26.5,82.2,21.8,0.000,0.000,0.00,0.000,1.7,4.9,1.1,274,23,2.1,5.7,1.3,277,25,2.1,5.7,1.3,277,25,0,29.37,0.7,0,0,0,43.2,47.5,50.1,0.37,0.32,0.29
HFAL,2019-11-08 05:15:00 EST,41.79880,-74.12312,634,26.3,26.6,22.0,82.8,21.8,0.000,0.000,0.00,0.000,3.1,6.7,1.6,240,23,3.7,8.1,1.6,245,21,3.7,8.1,1.6,245,21,0,29.37,0.1,0,0,0,43.2,47.5,50.2,0.37,0.32,0.29
HFAL,2019-11-08 05:20:00 EST,41.79880,-74.12312,634,26.5,26.7,21.7,80.4,21.3,0.000,0.000,0.00,0.000,3.8,6.2,1.3,224,17,4.0,7.4,1.4,227,16,4.0,7.4,1.4,227,16,0,29.37,0.1,0,0,0,43.2,47.5,50.1,0.37,0.32,0.29
HFAL,2019-11-08 05:25:00 EST,41.79880,-74.12312,634,26.3,26.5,26.3,82.4,21.7,0.000,0.000,0.00,0.000,1.2,4.4,1.4,223,25,1.6,5.0,1.4,238,38,1.6,5.0,1.4,238,38,0,29.37,0.2,0,0,0,43.1,47.5,50.0,0.38,0.32,0.29
HFAL,2019-11-08 05:30:00 EST,41.79880,-74.12312,634,26.4,26.5,26.4,80.3,21.2,0.000,0.000,0.00,0.000,2.0,3.5,0.5,227,21,2.2,4.2,0.6,231,22,2.2,4.2,0.6,231,22,0,29.37,0.8,0,0,0,43.0,47.5,50.0,0.37,0.32,0.29
HFAL,2019-11-08 05:35:00 EST,41.79880,-74.12312,634,26.1,26.4,26.1,80.5,20.9,0.000,0.000,0.00,0.000,1.7,3.1,0.5,215,15,1.9,3.5,0.5,218,16,1.9,3.5,0.5,218,16,0,29.37,,0,0,0,43.0,47.5,49.9,0.38,0.32,0.29
HFAL,2019-11-08 05:40:00 EST,41.79880,-74.12312,634,25.8,26.4,22.3,81.7,21.0,0.000,0.000,0.00,0.000,2.8,4.1,0.6,211,20,3.0,5.2,0.8,215,19,3.0,5.2,0.8,215,19,0,29.37,,0,0,0,43.0,47.5,50.1,0.37,0.32,0.29
HFAL,2019-11-08 05:45:00 EST,41.79880,-74.12312,634,26.0,26.6,26.0,79.7,20.6,0.000,0.000,0.00,0.000,2.4,4.2,0.7,215,9,2.5,4.3,0.6,219,9,2.5,4.3,0.6,219,9,0,29.37,,0,0,0,43.0,47.5,50.0,0.38,0.32,0.29
HFAL,2019-11-08 05:50:00 EST,41.79880,-74.12312,634,25.7,26.5,25.7,80.7,20.6,0.000,0.000,0.00,0.000,1.9,3.0,0.4,207,8,2.2,3.5,0.5,210,9,2.2,3.5,0.5,210,9,0,29.37,,0,0,0,43.0,47.5,49.9,0.37,0.32,0.29
HFAL,2019-11-08 05:55:00 EST,41.79880,-74.12312,634,25.8,26.6,25.8,80.2,20.6,0.000,0.000,0.00,0.000,2.0,3.4,0.5,208,14,2.2,3.3,0.5,212,13,2.2,3.3,0.5,212,13,0,29.38,,0,0,0,42.8,47.5,50.0,0.37,0.32,0.29
HFAL,2019-11-08 06:00:00 EST,41.79880,-74.12312,634,25.4,26.3,25.4,81.6,20.6,0.000,0.000,0.00,0.000,1.6,2.5,0.6,226,15,1.8,4.0,0.6,227,17,1.8,4.0,0.6,227,17,0,29.38,,0,0,0,42.8,47.5,50.0,0.37,0.32,0.29
HFAL,2019-11-08 06:05:00 EST,41.79880,-74.12312,634,25.3,26.2,25.3,82.9,20.9,0.000,0.000,0.00,0.000,2.0,3.0,0.5,228,15,2.1,3.5,0.5,231,14,2.1,3.5,0.5,231,14,0,29.38,,0,0,0,42.8,47.5,50.0,0.37,0.32,0.29
HFAL,2019-11-08 06:10:00 EST,41.79880,-74.12312,634,25.4,26.3,25.4,81.2,20.5,0.000,0.000,0.00,0.000,2.0,3.9,0.7,222,18,2.3,4.0,0.8,224,18,2.3,4.0,0.8,224,18,0,29.39,,0,0,0,42.8,47.5,49.8,0.37,0.32,0.29
HFAL,2019-11-08 06:15:00 EST,41.79880,-74.12312,634,25.7,26.4,25.7,79.8,20.3,0.000,0.000,0.00,0.000,2.1,4.0,0.5,224,13,2.2,4.4,0.6,226,13,2.2,4.4,0.6,226,13,0,29.39,,0,0,0,42.8,47.5,50.0,0.37,0.32,0.29
HFAL,2019-11-08 06:20:00 EST,41.79880,-74.12312,634,25.6,26.4,25.6,79.5,20.2,0.000,0.000,0.00,0.000,2.6,4.5,0.8,228,21,2.9,5.1,0.9,230,21,2.9,5.1,0.9,230,21,0,29.39,,0,0,0,42.8,47.5,49.9,0.37,0.32,0.29
HFAL,2019-11-08 06:25:00 EST,41.79880,-74.12312,634,26.1,26.5,26.1,78.4,20.2,0.000,0.000,0.00,0.000,2.4,5.7,1.0,224,25,2.8,6.8,1.1,227,25,2.8,6.8,1.1,227,25,0,29.39,,0,0,0,42.7,47.5,49.8,0.36,0.32,0.29
HFAL,2019-11-08 06:30:00 EST,41.79880,-74.12312,634,26.3,26.6,26.3,77.8,20.3,0.000,0.000,0.00,0.000,2.7,4.5,0.9,233,17,3.0,5.3,0.9,236,20,3.0,5.3,0.9,236,20,1,29.39,,0,0,0,42.6,47.5,49.8,0.37,0.32,0.29
HFAL,2019-11-08 06:35:00 EST,41.79880,-74.12312,634,26.1,26.5,26.1,78.6,20.3,0.000,0.000,0.00,0.000,2.2,4.1,1.0,255,28,2.6,6.0,1.1,258,28,2.6,6.0,1.1,258,28,2,29.39,,0,0,0,42.6,47.5,49.8,0.37,0.32,0.29
HFAL,2019-11-08 06:40:00 EST,41.79880,-74.12312,634,26.0,26.3,26.0,80.4,20.8,0.000,0.000,0.00,0.000,1.4,3.3,0.7,231,23,1.9,3.5,0.7,236,29,1.9,3.5,0.7,236,29,3,29.39,,0,0,0,42.6,47.4,49.8,0.37,0.32,0.29
HFAL,2019-11-08 06:45:00 EST,41.79880,-74.12312,634,26.3,26.4,26.3,79.6,20.9,0.000,0.000,0.00,0.000,2.2,4.7,1.3,229,24,2.6,5.3,1.3,236,25,2.6,5.3,1.3,236,25,5,29.39,,0,0,0,42.6,47.4,49.8,0.37,0.32,0.29
HFAL,2019-11-08 06:50:00 EST,41.79880,-74.12312,634,26.4,26.5,26.4,80.6,21.3,0.000,0.000,0.00,0.000,2.3,5.5,1.4,227,18,2.7,5.8,1.3,232,18,2.7,5.8,1.3,232,18,7,29.40,,0,0,0,42.6,47.3,49.8,0.37,0.32,0.29
HFAL,2019-11-08 06:55:00 EST,41.79880,-74.12312,634,26.5,26.5,23.1,80.0,21.2,0.000,0.000,0.00,0.000,2.8,4.8,0.9,227,17,3.0,5.6,1.0,232,18,3.0,5.6,1.0,232,18,9,29.39,,0,0,0,42.5,47.3,49.8,0.37,0.32,0.29
HFAL,2019-11-08 07:00:00 EST,41.79880,-74.12312,634,26.6,26.6,26.6,80.4,21.4,0.000,0.000,0.00,0.000,2.4,4.4,0.9,227,29,2.7,5.6,1.0,227,28,2.7,5.6,1.0,227,28,12,29.39,,0,0,0,42.4,47.3,49.8,0.37,0.32,0.29
HFAL,2019-11-08 07:05:00 EST,41.79880,-74.12312,634,26.5,26.5,22.8,79.7,21.0,0.000,0.000,0.00,0.000,2.9,5.9,1.2,225,17,3.2,6.4,1.2,227,18,3.2,6.4,1.2,227,18,14,29.39,,0,0,0,42.4,47.3,49.8,0.37,0.32,0.29
HFAL,2019-11-08 07:10:00 EST,41.79880,-74.12312,634,26.4,26.6,26.4,79.6,20.9,0.000,0.000,0.00,0.000,2.5,5.6,1.3,226,24,2.9,6.0,1.3,230,25,2.9,6.0,1.3,230,25,20,29.39,,0,0,0,42.4,47.3,49.8,0.37,0.32,0.29
HFAL,2019-11-08 07:15:00 EST,41.79880,-74.12312,634,26.7,26.9,26.7,77.8,20.7,0.000,0.000,0.00,0.000,1.5,3.1,0.7,244,28,1.9,4.3,0.9,248,29,1.9,4.3,0.9,248,29,25,29.40,,0,0,0,42.4,47.3,49.8,0.37,0.32,0.29
HFAL,2019-11-08 07:20:00 EST,41.79880,-74.12312,634,26.6,26.8,26.6,78.1,20.7,0.000,0.000,0.00,0.000,1.2,4.0,0.8,240,36,1.7,6.2,0.9,242,41,1.7,6.2,0.9,242,41,25,29.40,,0,0,0,42.4,47.3,49.8,0.37,0.32,0.29
HFAL,2019-11-08 07:25:00 EST,41.79880,-74.12312,634,26.8,27.0,26.8,77.7,20.8,0.000,0.000,0.00,0.000,1.0,3.4,0.7,231,31,1.4,4.2,0.8,237,38,1.4,4.2,0.8,237,38,31,29.40,,0,0,0,42.4,47.3,49.8,0.37,0.32,0.29
HFAL,2019-11-08 07:30:00 EST,41.79880,-74.12312,634,26.7,26.7,26.7,80.0,21.3,0.000,0.000,0.00,0.000,0.1,0.9,0.2,42,27,0.4,1.8,0.5,19,28,0.4,1.8,0.5,19,28,47,29.41,,0,0,0,42.4,47.3,49.8,0.37,0.32,0.29
HFAL,2019-11-08 07:35:00 EST,41.79880,-74.12312,634,26.7,26.7,26.7,81.0,21.7,0.000,0.000,0.00,0.000,1.1,1.9,0.4,7,24,1.6,2.7,0.5,9,24,1.6,2.7,0.5,9,24,36,29.41,,0,0,0,42.4,47.3,49.8,0.37,0.32,0.29
HFAL,2019-11-08 07:40:00 EST,41.79880,-74.12312,634,26.8,26.7,26.8,83.8,22.6,0.000,0.000,0.00,0.000,0.5,1.7,0.5,335,26,1.0,2.3,0.6,340,29,1.0,2.3,0.6,340,29,35,29.41,,0,0,0,42.4,47.3,49.8,0.37,0.32,0.29
HFAL,2019-11-08 07:45:00 EST,41.79880,-74.12312,634,27.0,26.8,27.0,81.8,22.2,0.000,0.000,0.00,0.000,0.6,2.1,0.6,256,34,1.0,2.6,0.8,244,40,1.0,2.6,0.8,244,40,37,29.42,,0,0,0,42.4,47.3,49.8,0.37,0.32,0.29
HFAL,2019-11-08 07:50:00 EST,41.79880,-74.12312,634,27.2,27.0,27.2,82.9,22.7,0.000,0.000,0.00,0.000,1.3,2.0,0.4,265,47,1.6,2.6,0.4,267,47,1.6,2.6,0.4,267,47,46,29.42,,0,0,0,42.4,47.2,49.8,0.37,0.32,0.29
HFAL,2019-11-08 07:55:00 EST,41.79880,-74.12312,634,27.3,27.2,27.3,80.7,22.2,0.000,0.000,0.00,0.000,2.0,3.5,0.9,243,21,2.5,4.6,0.9,245,23,2.5,4.6,0.9,245,23,62,29.42,,0,0,0,42.4,47.2,49.8,0.37,0.32,0.29
HFAL,2019-11-08 08:00:00 EST,41.79880,-74.12312,634,27.5,27.3,27.5,80.1,22.2,0.000,0.000,0.00,0.000,1.9,3.9,1.0,239,40,2.3,5.4,1.0,238,43,2.3,5.4,1.0,238,43,65,29.42,,0,0,0,42.3,47.2,49.8,0.37,0.32,0.29
HFAL,2019-11-08 08:05:00 EST,41.79880,-74.12312,634,27.5,27.4,27.5,79.9,22.1,0.000,0.000,0.00,0.000,1.0,2.0,0.5,229,25,1.4,3.2,0.5,224,29,1.4,3.2,0.5,224,29,79,29.42,,0,0,0,42.3,47.1,49.8,0.37,0.32,0.29
HFAL,2019-11-08 08:10:00 EST,41.79880,-74.12312,634,28.0,27.8,28.0,80.5,22.7,0.000,0.000,0.00,0.000,1.3,4.5,1.2,250,17,1.6,5.1,1.3,254,22,1.6,5.1,1.3,254,22,110,29.42,,0,0,0,42.3,47.1,49.8,0.37,0.32,0.29
HFAL,2019-11-08 08:15:00 EST,41.79880,-74.12312,634,28.3,28.1,28.3,81.3,23.4,0.000,0.000,0.00,0.000,0.8,4.6,0.9,283,31,1.3,5.6,1.0,277,35,1.3,5.6,1.0,277,35,119,29.42,,0,0,0,42.3,47.1,49.8,0.37,0.32,0.29
HFAL,2019-11-08 08:20:00 EST,41.79880,-74.12312,634,28.5,28.2,28.5,80.0,23.1,0.000,0.000,0.00,0.000,1.2,5.7,1.3,273,32,1.6,6.3,1.3,278,38,1.6,6.3,1.3,278,38,110,29.43,2.5,0,0,0,42.3,47.1,49.8,0.37,0.32,0.29
HFAL,2019-11-08 08:25:00 EST,41.79880,-74.12312,634,28.7,28.5,28.7,79.3,23.1,0.000,0.000,0.00,0.000,1.8,4.7,1.0,292,28,2.4,4.8,1.1,297,28,2.4,4.8,1.1,297,28,119,29.43,2.4,0,0,0,42.3,47.1,49.8,0.37,0.32,0.29
HFAL,2019-11-08 08:30:00 EST,41.79880,-74.12312,634,29.0,28.8,29.0,78.7,23.2,0.000,0.000,0.00,0.000,2.2,4.1,0.7,260,21,2.7,5.4,0.9,265,22,2.7,5.4,0.9,265,22,112,29.43,2.6,0,0,0,42.3,47.1,49.8,0.37,0.32,0.29
HFAL,2019-11-08 08:35:00 EST,41.79880,-74.12312,634,29.3,29.0,29.3,76.7,22.9,0.000,0.000,0.00,0.000,2.4,4.8,1.2,259,34,3.0,5.6,1.3,266,32,3.0,5.6,1.3,266,32,113,29.43,2.6,0,0,0,42.3,47.1,49.8,0.37,0.32,0.29
HFAL,2019-11-08 08:40:00 EST,41.79880,-74.12312,634,29.4,29.2,29.4,75.6,22.7,0.000,0.000,0.00,0.000,1.7,4.0,0.9,280,25,2.3,5.3,1.1,283,24,2.3,5.3,1.1,283,24,127,29.43,2.8,0,0,0,42.3,47.1,49.8,0.37,0.32,0.29
HFAL,2019-11-08 08:45:00 EST,41.79880,-74.12312,634,29.7,29.4,29.7,75.7,23.0,0.000,0.000,0.00,0.000,1.5,3.4,1.0,283,29,2.0,4.9,1.1,290,35,2.0,4.9,1.1,290,35,108,29.43,,0,0,0,42.3,47.1,49.8,0.37,0.32,0.29
HFAL,2019-11-08 08:50:00 EST,41.79880,-74.12312,634,29.9,29.6,29.9,74.7,22.9,0.000,0.000,0.00,0.000,2.1,5.1,1.1,293,17,2.7,6.3,1.2,295,16,2.7,6.3,1.2,295,16,107,29.44,-0.3,0,0,0,42.3,47.1,49.8,0.37,0.32,0.29
HFAL,2019-11-08 08:55:00 EST,41.79880,-74.12312,634,30.1,29.8,27.1,73.8,22.8,0.000,0.000,0.00,0.000,2.4,6.5,1.3,285,29,3.1,9.3,1.6,291,29,3.1,9.3,1.6,291,29,114,29.44,-0.3,0,0,0,42.3,47.1,49.8,0.37,0.32,0.29
HFAL,2019-11-08 09:00:00 EST,41.79880,-74.12312,634,30.4,30.1,27.0,69.8,21.7,0.000,0.000,0.00,0.000,2.5,7.5,1.7,312,30,3.4,9.4,2.0,317,28,3.4,9.4,2.0,317,28,151,29.44,-0.3,0,0,0,42.4,47.1,49.8,0.37,0.32,0.29
HFAL,2019-11-08 09:05:00 EST,41.79880,-74.12312,634,30.5,30.3,24.6,61.4,18.8,0.000,0.000,0.00,0.000,4.7,12.6,2.2,293,32,5.8,14.3,2.6,295,28,5.8,14.3,2.6,295,28,148,29.43,-0.4,0,0,0,42.4,47.1,49.8,0.37,0.32,0.29
HFAL,2019-11-08 09:10:00 EST,41.79880,-74.12312,634,30.6,30.3,26.2,61.5,19.0,0.000,0.000,0.00,0.000,3.3,11.4,1.9,309,41,4.3,16.0,2.4,307,37,4.3,16.0,2.4,307,37,196,29.43,-0.3,0,0,0,42.4,47.1,49.8,0.37,0.32,0.29
HFAL,2019-11-08 09:15:00 EST,41.79880,-74.12312,634,30.9,30.4,26.8,61.5,19.2,0.000,0.000,0.00,0.000,2.8,8.8,2.2,298,29,4.0,12.0,2.4,300,29,4.0,12.0,2.4,300,29,289,29.44,-0.3,0,0,0,42.4,47.1,49.8,0.37,0.32,0.29
HFAL,2019-11-08 09:20:00 EST,41.79880,-74.12312,634,31.2,30.6,27.1,58.0,18.1,0.000,0.000,0.00,0.000,2.8,6.8,1.3,317,35,4.1,10.3,1.7,323,31,4.1,10.3,1.7,323,31,314,29.44,-0.3,0,0,0,42.4,47.1,49.8,0.37,0.32,0.29
HFAL,2019-11-08 09:25:00 EST,41.79880,-74.12312,634,31.3,30.7,27.6,59.9,19.0,0.000,0.000,0.00,0.000,2.9,6.5,1.4,321,32,3.8,8.4,1.7,322,31,3.8,8.4,1.7,322,31,215,29.44,-0.3,0,0,0,42.4,47.0,49.8,0.37,0.32,0.29
HFAL,2019-11-08 09:30:00 EST,41.79880,-74.12312,634,31.3,30.8,26.9,61.7,19.6,0.000,0.000,0.00,0.000,3.6,11.3,2.3,340,35,4.3,13.3,2.6,344,29,4.3,13.3,2.6,344,29,268,29.44,-0.3,0,0,0,42.4,47.0,49.8,0.37,0.32,0.29
HFAL,2019-11-08 09:35:00 EST,41.79880,-74.12312,634,31.1,30.4,27.3,59.9,18.8,0.000,0.000,0.00,0.000,2.5,8.6,1.7,318,36,3.7,10.6,2.0,317,29,3.7,10.6,2.0,317,29,191,29.44,-0.2,0,0,0,42.4,47.0,49.8,0.37,0.32,0.29
HFAL,2019-11-08 09:40:00 EST,41.79880,-74.12312,634,31.0,30.4,25.1,59.6,18.6,0.000,0.000,0.00,0.000,5.0,13.3,2.5,343,34,6.0,17.3,2.6,346,31,6.0,17.3,2.6,346,31,270,29.45,-0.2,0,0,0,42.4,46.9,49.8,0.36,0.32,0.29
HFAL,2019-11-08 09:45:00 EST,41.79880,-74.12312,634,31.1,30.4,26.1,59.4,18.6,0.000,0.000,0.00,0.000,4.1,12.7,2.2,329,26,4.9,17.5,2.5,332,27,4.9,17.5,2.5,332,27,206,29.45,,0,0,0,42.4,46.9,49.8,0.37,0.32,0.29
HFAL,2019-11-08 09:50:00 EST,41.79880,-74.12312,634,30.9,30.2,25.9,58.7,18.1,0.000,0.000,0.00,0.000,4.2,11.6,2.1,346,24,4.9,12.5,2.3,348,24,4.9,12.5,2.3,348,24,302,29.45,,0,0,0,42.4,46.9,49.8,0.37,0.32,0.29
HFAL,2019-11-08 09:55:00 EST,41.79880,-74.12312,634,31.4,30.4,24.8,59.1,18.8,0.000,0.000,0.00,0.000,6.1,18.9,3.2,353,25,7.0,22.2,3.8,357,29,7.0,22.2,3.8,357,29,489,29.45,,0,0,0,42.4,46.9,49.8,0.37,0.32,0.29
HFAL,2019-11-08 10:00:00 EST,41.79880,-74.12312,634,31.8,30.5,24.0,57.3,18.4,0.000,0.000,0.00,0.000,7.6,23.7,4.5,357,28,9.0,26.4,4.8,359,24,9.0,26.4,4.8,359,24,480,29.46,,0,0,0,42.4,46.9,49.8,0.37,0.32,0.29
HFAL,2019-11-08 10:05:00 EST,41.79880,-74.12312,634,31.0,30.2,23.4,56.5,17.4,0.000,0.000,0.00,0.000,7.3,21.2,4.4,359,29,8.5,21.2,4.8,360,25,8.5,21.2,4.8,360,25,325,29.46,,0,0,0,42.4,46.9,49.8,0.37,0.32,0.29
HFAL,2019-11-08 10:10:00 EST,41.79880,-74.12312,634,30.9,30.0,25.1,58.0,17.9,0.000,0.000,0.00,0.000,4.8,11.8,2.7,348,38,5.8,14.5,2.7,345,39,5.8,14.5,2.7,345,39,421,29.46,,0,0,0,42.4,46.9,49.8,0.37,0.32,0.29
HFAL,2019-11-08 10:15:00 EST,41.79880,-74.12312,634,31.0,30.1,25.1,56.1,17.2,0.000,0.000,0.00,0.000,4.9,12.2,2.5,335,28,5.9,14.2,2.6,339,25,5.9,14.2,2.6,339,25,299,29.46,,0,0,0,42.5,46.9,49.8,0.37,0.32,0.29
HFAL,2019-11-08 10:20:00 EST,41.79880,-74.12312,634,31.6,30.4,25.9,59.5,19.1,0.000,0.000,0.00,0.000,4.7,10.2,1.7,330,26,5.9,11.6,2.0,332,27,5.9,11.6,2.0,332,27,494,29.46,,0,0,0,42.6,46.9,49.8,0.37,0.32,0.29
HFAL,2019-11-08 10:25:00 EST,41.79880,-74.12312,634,31.3,30.1,24.7,54.7,16.8,0.000,0.000,0.00,0.000,5.6,12.6,2.7,345,39,6.9,16.1,2.7,347,26,6.9,16.1,2.7,347,26,423,29.46,,0,0,0,42.6,46.9,49.8,0.37,0.32,0.29
HFAL,2019-11-08 10:30:00 EST,41.79880,-74.12312,634,30.6,29.7,22.0,52.3,15.2,0.000,0.000,0.00,0.000,8.4,20.6,4.4,355,31,10.0,24.0,5.0,357,25,10.0,24.0,5.0,357,25,387,29.46,,0,0,0,42.6,46.9,49.8,0.37,0.32,0.29
HFAL,2019-11-08 10:35:00 EST,41.79880,-74.12312,634,31.1,30.1,24.3,55.8,17.2,0.000,0.000,0.00,0.000,6.1,16.9,3.2,340,34,7.2,20.0,3.8,342,27,7.2,20.0,3.8,342,27,430,29.47,,0,0,0,42.6,46.9,49.8,0.37,0.32,0.29
HFAL,2019-11-08 10:40:00 EST,41.79880,-74.12312,634,31.4,30.1,25.5,55.3,17.2,0.000,0.000,0.00,0.000,4.7,13.6,2.7,314,36,6.0,14.8,2.9,316,35,6.0,14.8,2.9,316,35,410,29.47,-0.3,0,0,0,42.7,46.8,49.8,0.36,0.32,0.29
HFAL,2019-11-08 10:45:00 EST,41.79880,-74.12312,634,31.9,30.3,26.5,54.8,17.5,0.000,0.000,0.00,0.000,4.3,9.6,1.9,304,29,5.5,13.0,2.2,307,25,5.5,13.0,2.2,307,25,518,29.47,-0.3,0,0,0,42.8,46.8,49.8,0.37,0.32,0.29
HFAL,2019-11-08 10:50:00 EST,41.79880,-74.12312,634,32.0,30.6,26.4,53.4,16.9,0.000,0.000,0.00,0.000,4.6,10.8,2.3,320,32,5.8,19.5,3.0,322,30,5.8,19.5,3.0,322,30,534,29.47,-0.2,0,0,0,42.8,46.8,49.8,0.37,0.32,0.29
HFAL,2019-11-08 10:55:00 EST,41.79880,-74.12312,634,32.2,30.8,27.1,53.9,17.4,0.000,0.000,0.00,0.000,4.4,9.4,1.7,324,31,5.2,10.7,1.8,326,32,5.2,10.7,1.8,326,32,530,29.47,-0.2,0,0,0,42.8,46.8,49.8,0.37,0.32,0.29
HFAL,2019-11-08 11:00:00 EST,41.79880,-74.12312,634,32.0,30.6,26.5,52.8,16.7,0.000,0.000,0.00,0.000,4.6,9.5,1.6,325,29,5.6,10.8,1.8,330,28,5.6,10.8,1.8,330,28,541,29.47,-0.1,0,0,0,42.8,46.8,49.8,0.36,0.32,0.29
HFAL,2019-11-08 11:05:00 EST,41.79880,-74.12312,634,33.0,31.3,28.4,55.8,18.9,0.000,0.000,0.00,0.000,3.9,9.3,1.7,327,31,4.8,10.7,1.9,328,32,4.8,10.7,1.9,328,32,510,29.47,-0.5,0,0,0,42.8,46.8,49.7,0.37,0.32,0.29
HFAL,2019-11-08 11:10:00 EST,41.79880,-74.12312,634,32.4,30.8,26.1,52.1,16.7,0.000,0.000,0.00,0.000,5.6,11.3,1.8,341,28,6.7,13.6,2.2,348,24,6.7,13.6,2.2,348,24,521,29.47,-0.2,0,0,0,42.8,46.8,49.7,0.37,0.32,0.29
HFAL,2019-11-08 11:15:00 EST,41.79880,-74.12312,634,32.2,30.9,25.1,50.1,15.7,0.000,0.000,0.00,0.000,7.0,17.6,3.8,356,29,8.0,21.0,4.1,357,26,8.0,21.0,4.1,357,26,537,29.47,-0.5,0,0,0,42.9,46.8,49.7,0.37,0.32,0.29
HFAL,2019-11-08 11:20:00 EST,41.79880,-74.12312,634,32.1,30.7,26.5,49.1,15.1,0.000,0.000,0.00,0.000,4.8,11.5,2.5,337,26,5.8,13.4,2.6,336,28,5.8,13.4,2.6,336,28,488,29.47,-0.4,0,0,0,43.0,46.8,49.7,0.37,0.32,0.29
HFAL,2019-11-08 11:25:00 EST,41.79880,-74.12312,634,32.4,31.0,26.5,50.1,15.9,0.000,0.000,0.00,0.000,5.1,10.9,2.5,341,39,6.3,14.7,2.8,340,32,6.3,14.7,2.8,340,32,538,29.47,-0.4,0,0,0,43.0,46.8,49.7,0.37,0.32,0.29
HFAL,2019-11-08 11:30:00 EST,41.79880,-74.12312,634,32.1,30.9,25.2,47.2,14.2,0.000,0.000,0.00,0.000,6.4,18.9,4.0,349,28,7.5,25.6,4.7,352,26,7.5,25.6,4.7,352,26,533,29.46,-0.5,0,0,0,43.0,46.8,49.6,0.37,0.32,0.29
HFAL,2019-11-08 11:35:00 EST,41.79880,-74.12312,634,32.1,31.1,25.9,47.1,14.2,0.000,0.000,0.00,0.000,5.7,10.9,1.9,349,32,6.7,12.4,2.2,349,26,6.7,12.4,2.2,349,26,521,29.46,-0.3,0,0,0,43.1,46.8,49.6,0.37,0.32,0.29
HFAL,2019-11-08 11:40:00 EST,41.79880,-74.12312,634,32.3,31.1,25.7,48.5,15.0,0.000,0.000,0.00,0.000,5.8,15.6,3.3,356,33,7.3,17.4,3.5,358,29,7.3,17.4,3.5,358,29,487,29.46,-0.3,0,0,0,43.2,46.8,49.6,0.37,0.32,0.29
HFAL,2019-11-08 11:45:00 EST,41.79880,-74.12312,634,32.6,31.2,26.5,47.3,14.8,0.000,0.000,0.00,0.000,5.4,14.2,2.8,353,29,6.7,17.6,3.1,355,26,6.7,17.6,3.1,355,26,489,29.46,-0.5,0,0,0,43.2,46.8,49.6,0.37,0.32,0.29
HFAL,2019-11-08 11:50:00 EST,41.79880,-74.12312,634,32.1,31.0,25.8,44.9,13.1,0.000,0.000,0.00,0.000,5.5,11.3,2.5,344,35,6.8,13.5,2.9,346,32,6.8,13.5,2.9,346,32,479,29.46,-0.1,0,0,0,43.2,46.8,49.6,0.37,0.32,0.29
HFAL,2019-11-08 11:55:00 EST,41.79880,-74.12312,634,32.2,31.2,25.4,44.9,13.2,0.000,0.000,0.00,0.000,6.6,13.1,2.2,351,31,7.6,14.6,2.5,350,27,7.6,14.6,2.5,350,27,422,29.46,-0.3,0,0,0,43.3,46.8,49.6,0.37,0.32,0.29
HFAL,2019-11-08 12:00:00 EST,41.79880,-74.12312,634,32.8,31.6,27.3,47.2,14.9,0.000,0.000,0.00,0.000,4.6,9.2,2.5,345,33,5.8,16.1,2.6,344,35,5.8,16.1,2.6,344,35,378,29.46,-0.5,0,0,0,43.3,46.8,49.6,0.37,0.32,0.28
HFAL,2019-11-08 12:05:00 EST,41.79880,-74.12312,634,32.1,31.0,26.4,45.2,13.2,0.000,0.000,0.00,0.000,5.0,11.4,2.2,319,32,5.9,15.4,2.7,321,32,5.9,15.4,2.7,321,32,406,29.46,-0.3,0,0,0,43.3,46.8,49.6,0.37,0.32,0.28
HFAL,2019-11-08 12:10:00 EST,41.79880,-74.12312,634,31.8,30.8,26.0,45.9,13.3,0.000,0.000,0.00,0.000,4.8,14.2,2.8,349,35,6.0,15.7,3.0,351,32,6.0,15.7,3.0,351,32,347,29.45,-0.2,0,0,0,43.3,46.8,49.6,0.37,0.32,0.28
HFAL,2019-11-08 12:15:00 EST,41.79880,-74.12312,634,33.0,31.4,28.2,45.3,14.1,0.000,0.000,0.00,0.000,3.7,7.6,2.0,324,40,5.0,12.4,2.1,323,36,5.0,12.4,2.1,323,36,507,29.45,-0.3,0,0,0,43.3,46.8,49.6,0.37,0.32,0.28
HFAL,2019-11-08 12:20:00 EST,41.79880,-74.12312,634,33.4,31.8,28.3,45.4,14.5,0.000,0.000,0.00,0.000,4.5,10.6,1.7,324,40,5.4,10.6,2.0,327,37,5.4,10.6,2.0,327,37,525,29.45,-0.3,0,0,0,43.5,46.8,49.6,0.37,0.32,0.28
HFAL,2019-11-08 12:25:00 EST,41.79880,-74.12312,634,32.8,31.6,25.8,41.5,12.0,0.000,0.000,0.00,0.000,7.0,13.1,2.3,345,33,8.1,14.2,2.7,345,24,8.1,14.2,2.7,345,24,483,29.45,-0.2,0,0,0,43.5,46.8,49.6,0.37,0.32,0.28
HFAL,2019-11-08 12:30:00 EST,41.79880,-74.12312,634,32.6,31.4,26.2,43.1,12.6,0.000,0.000,0.00,0.000,5.8,19.7,2.8,339,35,7.0,20.9,2.9,340,30,7.0,20.9,2.9,340,30,401,29.45,-0.4,0,0,0,43.5,46.8,49.6,0.37,0.32,0.28
HFAL,2019-11-08 12:35:00 EST,41.79880,-74.12312,634,32.2,31.3,25.5,42.2,11.8,0.000,0.000,0.00,0.000,6.3,19.7,3.1,349,30,7.4,18.2,3.4,350,27,7.4,18.2,3.4,350,27,463,29.45,-0.3,0,0,0,43.5,46.8,49.6,0.37,0.32,0.28
HFAL,2019-11-08 12:40:00 EST,41.79880,-74.12312,634,33.2,31.8,27.1,46.1,14.7,0.000,0.000,0.00,0.000,5.5,10.7,2.3,342,29,6.7,14.2,2.6,344,26,6.7,14.2,2.6,344,26,439,29.45,-0.0,0,0,0,43.5,46.8,49.6,0.37,0.32,0.28
HFAL,2019-11-08 12:45:00 EST,41.79880,-74.12312,634,33.3,32.3,28.0,43.9,13.7,0.000,0.000,0.00,0.000,4.9,13.2,2.6,342,36,5.8,15.4,3.0,345,32,5.8,15.4,3.0,345,32,503,29.45,0.0,0,0,0,43.5,46.8,49.6,0.36,0.32,0.29
HFAL,2019-11-08 12:50:00 EST,41.79880,-74.12312,634,33.3,32.0,28.6,45.5,14.5,0.000,0.000,0.00,0.000,4.1,7.6,1.6,320,34,4.9,9.9,2.0,321,32,4.9,9.9,2.0,321,32,472,29.45,-0.1,0,0,0,43.6,46.8,49.6,0.36,0.32,0.29
HFAL,2019-11-08 12:55:00 EST,41.79880,-74.12312,634,33.6,32.0,28.7,43.8,13.8,0.000,0.000,0.00,0.000,4.3,9.8,1.9,331,31,5.2,13.2,2.2,332,28,5.2,13.2,2.2,332,28,556,29.45,-0.2,0,0,0,43.7,46.8,49.6,0.36,0.32,0.29
HFAL,2019-11-08 13:00:00 EST,41.79880,-74.12312,634,34.4,32.7,29.8,45.7,15.5,0.000,0.000,0.00,0.000,4.0,9.6,1.7,340,32,5.0,11.1,2.0,344,29,5.0,11.1,2.0,344,29,535,29.45,-0.2,0,0,0,43.7,46.8,49.6,0.36,0.32,0.29
HFAL,2019-11-08 13:05:00 EST,41.79880,-74.12312,634,33.8,32.3,29.0,44.7,14.5,0.000,0.000,0.00,0.000,4.2,10.1,2.3,336,33,5.2,11.7,2.8,339,31,5.2,11.7,2.8,339,31,507,29.45,-0.3,0,0,0,43.7,46.8,49.6,0.36,0.32,0.28
HFAL,2019-11-08 13:10:00 EST,41.79880,-74.12312,634,34.0,32.4,29.4,45.3,15.0,0.000,0.000,0.00,0.000,4.0,9.6,1.7,323,34,5.0,10.4,1.9,325,34,5.0,10.4,1.9,325,34,496,29.45,-0.4,0,0,0,43.7,46.8,49.6,0.36,0.32,0.29
HFAL,2019-11-08 13:15:00 EST,41.79880,-74.12312,634,34.3,33.1,30.6,45.1,15.2,0.000,0.000,0.00,0.000,3.1,6.1,1.4,331,34,4.1,8.6,1.7,335,34,4.1,8.6,1.7,335,34,478,29.45,-0.0,0,0,0,43.7,46.8,49.6,0.36,0.32,0.28
HFAL,2019-11-08 13:20:00 EST,41.79880,-74.12312,634,33.8,32.4,29.3,43.9,14.2,0.000,0.000,0.00,0.000,3.9,10.3,2.1,326,29,5.0,13.6,2.3,328,31,5.0,13.6,2.3,328,31,415,29.45,-0.1,0,0,0,43.9,46.8,49.6,0.36,0.32,0.28
HFAL,2019-11-08 13:25:00 EST,41.79880,-74.12312,634,33.4,32.1,28.3,43.8,13.7,0.000,0.000,0.00,0.000,4.3,12.4,2.5,340,34,5.4,13.6,2.8,340,33,5.4,13.6,2.8,340,33,463,29.45,-0.3,0,0,0,43.9,46.8,49.6,0.36,0.32,0.28
HFAL,2019-11-08 13:30:00 EST,41.79880,-74.12312,634,32.8,31.8,27.1,42.9,12.6,0.000,0.000,0.00,0.000,5.2,11.8,2.0,316,28,6.0,17.3,2.4,319,27,6.0,17.3,2.4,319,27,236,29.45,-0.5,0,0,0,43.9,46.8,49.6,0.36,0.32,0.28
HFAL,2019-11-08 13:35:00 EST,41.79880,-74.12312,634,32.1,31.4,26.9,47.3,14.2,0.000,0.000,0.00,0.000,4.3,8.5,1.6,307,27,5.3,9.5,1.9,308,26,5.3,9.5,1.9,308,26,148,29.46,-0.5,0,0,0,43.9,46.7,49.6,0.36,0.32,0.28
HFAL,2019-11-08 13:40:00 EST,41.79880,-74.12312,634,31.6,31.1,25.1,46.2,13.3,0.000,0.000,0.00,0.000,5.6,14.1,2.5,328,32,6.9,15.2,2.5,331,29,6.9,15.2,2.5,331,29,130,29.46,-0.4,0,0,0,43.9,46.8,49.6,0.36,0.32,0.28
HFAL,2019-11-08 13:45:00 EST,41.79880,-74.12312,634,31.0,30.7,24.8,46.0,12.6,0.000,0.000,0.00,0.000,5.1,14.2,2.6,307,38,6.4,15.4,3.2,311,33,6.4,15.4,3.2,311,33,137,29.46,-0.3,0,0,0,43.9,46.8,49.6,0.36,0.32,0.28
HFAL,2019-11-08 13:50:00 EST,41.79880,-74.12312,634,31.0,30.6,24.5,46.7,13.0,0.000,0.000,0.00,0.000,5.3,14.3,2.8,321,35,6.6,15.5,2.9,323,32,6.6,15.5,2.9,323,32,115,29.46,-0.4,0,0,0,43.9,46.7,49.6,0.36,0.32,0.29
HFAL,2019-11-08 13:55:00 EST,41.79880,-74.12312,634,30.7,30.4,24.7,47.0,12.9,0.000,0.000,0.00,0.000,4.3,10.8,2.1,319,37,6.0,12.2,2.4,320,33,6.0,12.2,2.4,320,33,124,29.45,-0.5,0,0,0,43.9,46.8,49.6,0.36,0.32,0.29
HFAL,2019-11-08 14:00:00 EST,41.79880,-74.12312,634,30.7,30.5,24.5,47.6,13.1,0.000,0.000,0.00,0.000,5.2,16.6,2.9,325,36,6.2,20.0,3.3,326,29,6.2,20.0,3.3,326,29,80,29.46,-0.4,0,0,0,43.9,46.7,49.6,0.36,0.32,0.28
HFAL,2019-11-08 14:05:00 EST,41.79880,-74.12312,634,30.6,30.5,25.3,48.5,13.5,0.000,0.000,0.00,0.000,4.0,7.7,1.8,317,34,5.2,9.5,1.9,318,32,5.2,9.5,1.9,318,32,125,29.46,-0.3,0,0,0,43.9,46.8,49.6,0.36,0.32,0.29
HFAL,2019-11-08 14:10:00 EST,41.79880,-74.12312,634,30.9,30.6,26.2,49.3,14.1,0.000,0.000,0.00,0.000,3.6,7.7,1.7,299,31,4.6,10.0,1.8,301,27,4.6,10.0,1.8,301,27,106,29.46,-0.1,0,0,0,43.9,46.7,49.6,0.36,0.32,0.28
HFAL,2019-11-08 14:15:00 EST,41.79880,-74.12312,634,30.8,30.6,25.4,49.0,13.9,0.000,0.000,0.00,0.000,4.2,8.7,1.5,307,41,5.4,9.8,1.8,309,36,5.4,9.8,1.8,309,36,142,29.46,-0.0,0,0,0,43.9,46.7,49.6,0.36,0.32,0.28
HFAL,2019-11-08 14:20:00 EST,41.79880,-74.12312,634,31.0,30.7,25.9,49.3,14.2,0.000,0.000,0.00,0.000,4.0,10.3,1.9,310,32,5.1,14.2,2.3,314,29,5.1,14.2,2.3,314,29,136,29.46,-0.0,0,0,0,43.9,46.7,49.6,0.36,0.32,0.28
HFAL,2019-11-08 14:25:00 EST,41.79880,-74.12312,634,31.4,30.9,26.6,48.5,14.2,0.000,0.000,0.00,0.000,4.0,9.4,2.0,313,29,4.8,10.4,2.2,315,28,4.8,10.4,2.2,315,28,235,29.46,0.0,0,0,0,43.9,46.7,49.6,0.36,0.32,0.28
HFAL,2019-11-08 14:30:00 EST,41.79880,-74.12312,634,31.1,30.8,24.7,47.9,13.6,0.000,0.000,0.00,0.000,5.5,10.4,2.2,329,31,6.6,17.2,2.5,330,27,6.6,17.2,2.5,330,27,109,29.46,-0.2,0,0,0,43.8,46.8,49.6,0.36,0.32,0.28
HFAL,2019-11-08 14:35:00 EST,41.79880,-74.12312,634,30.8,30.6,24.0,46.5,12.7,0.000,0.000,0.00,0.000,5.8,13.2,2.8,301,34,7.1,14.5,2.9,305,27,7.1,14.5,2.9,305,27,140,29.46,-0.2,0,0,0,43.7,46.8,49.6,0.36,0.32,0.28
HFAL,2019-11-08 14:40:00 EST,41.79880,-74.12312,634,30.4,30.4,24.5,49.1,13.6,0.000,0.000,0.00,0.000,4.6,11.3,2.6,331,33,5.8,13.8,2.8,333,27,5.8,13.8,2.8,333,27,67,29.47,-0.1,0,0,0,43.7,46.7,49.6,0.36,0.32,0.28
HFAL,2019-11-08 14:45:00 EST,41.79880,-74.12312,634,30.2,30.3,24.0,49.2,13.4,0.000,0.000,0.00,0.000,5.2,11.9,2.1,322,32,6.0,16.5,2.5,325,27,6.0,16.5,2.5,325,27,57,29.47,-0.1,0,0,0,43.7,46.7,49.6,0.36,0.32,0.28
HFAL,2019-11-08 14:50:00 EST,41.79880,-74.12312,634,30.1,30.2,23.5,47.8,12.7,0.000,0.000,0.00,0.000,5.2,14.0,2.6,312,32,6.6,17.5,2.9,314,31,6.6,17.5,2.9,314,31,65,29.47,-0.3,0,0,0,43.7,46.7,49.6,0.36,0.32,0.28
HFAL,2019-11-08 14:55:00 EST,41.79880,-74.12312,634,30.0,30.1,24.9,49.3,13.3,0.000,0.000,0.00,0.000,3.8,11.3,2.1,299,30,4.8,15.3,2.4,301,29,4.8,15.3,2.4,301,29,58,29.47,-0.2,0,0,0,43.7,46.7,49.6,0.36,0.32,0.28
HFAL,2019-11-08 15:00:00 EST,41.79880,-74.12312,634,29.9,30.1,24.3,48.5,12.9,0.000,0.000,0.00,0.000,4.4,11.2,2.5,309,30,5.3,13.3,2.7,312,29,5.3,13.3,2.7,312,29,63,29.47,-0.3,0,0,0,43.7,46.7,49.6,0.36,0.32,0.28
HFAL,2019-11-08 15:05:00 EST,41.79880,-74.12312,634,29.9,30.1,24.2,48.4,12.8,0.000,0.000,0.00,0.000,4.4,9.0,1.9,295,28,5.4,12.1,2.2,296,26,5.4,12.1,2.2,296,26,42,29.47,-0.3,0,0,0,43.5,46.7,49.6,0.36,0.32,0.28
HFAL,2019-11-08 15:10:00 EST,41.79880,-74.12312,634,29.8,30.1,25.4,47.5,12.3,0.000,0.000,0.00,0.000,3.3,8.5,2.0,318,30,4.1,10.0,2.3,319,26,4.1,10.0,2.3,319,26,64,29.47,-0.2,0,0,0,43.5,46.8,49.6,0.36,0.32,0.28
HFAL,2019-11-08 15:15:00 EST,41.79880,-74.12312,634,29.9,30.0,26.4,49.9,13.4,0.000,0.000,0.00,0.000,2.7,6.6,1.4,314,37,3.4,7.9,1.6,312,36,3.4,7.9,1.6,312,36,74,29.48,-0.3,0,0,0,43.5,46.8,49.6,0.36,0.32,0.28
HFAL,2019-11-08 15:20:00 EST,41.79880,-74.12312,634,30.0,30.2,25.3,48.0,12.6,0.000,0.000,0.00,0.000,3.3,10.1,1.7,299,24,4.4,13.0,2.3,299,22,4.4,13.0,2.3,299,22,74,29.48,-0.1,0,0,0,43.5,46.8,49.6,0.36,0.32,0.28
HFAL,2019-11-08 15:25:00 EST,41.79880,-74.12312,634,30.4,30.5,25.2,46.2,12.2,0.000,0.000,0.00,0.000,4.2,15.3,2.5,313,32,5.0,16.0,2.8,317,32,5.0,16.0,2.8,317,32,169,29.48,-0.0,0,0,0,43.5,46.8,49.6,0.36,0.32,0.28
HFAL,2019-11-08 15:30:00 EST,41.79880,-74.12312,634,30.7,30.7,25.9,46.4,12.6,0.000,0.000,0.00,0.000,3.8,11.3,2.2,321,29,4.7,14.5,2.5,323,29,4.7,14.5,2.5,323,29,162,29.48,-0.2,0,0,0,43.5,46.7,49.6,0.36,0.32,0.28
HFAL,2019-11-08 15:35:00 EST,41.79880,-74.12312,634,30.6,30.8,25.8,45.9,12.2,0.000,0.000,0.00,0.000,3.7,8.0,1.5,308,37,4.6,10.7,2.0,309,36,4.6,10.7,2.0,309,36,141,29.48,-0.3,0,0,0,43.4,46.7,49.6,0.36,0.32,0.28
HFAL,2019-11-08 15:40:00 EST,41.79880,-74.12312,634,30.3,30.5,25.2,47.8,12.8,0.000,0.000,0.00,0.000,3.7,11.7,2.4,320,41,4.8,12.9,2.6,322,36,4.8,12.9,2.6,322,36,116,29.48,-0.3,0,0,0,43.3,46.7,49.6,0.36,0.32,0.28
HFAL,2019-11-08 15:45:00 EST,41.79880,-74.12312,634,30.1,30.4,24.4,46.7,12.1,0.000,0.000,0.00,0.000,4.4,9.0,1.9,312,34,5.4,13.7,2.3,312,27,5.4,13.7,2.3,312,27,84,29.48,-0.3,0,0,0,43.3,46.8,49.6,0.36,0.32,0.28
HFAL,2019-11-08 15:50:00 EST,41.79880,-74.12312,634,29.7,30.2,24.9,48.0,12.4,0.000,0.000,0.00,0.000,3.6,8.7,1.6,296,33,4.5,13.7,2.0,296,28,4.5,13.7,2.0,296,28,31,29.49,-0.1,0,0,0,43.3,46.8,49.6,0.36,0.32,0.28
HFAL,2019-11-08 15:55:00 EST,41.79880,-74.12312,634,29.6,29.9,25.1,48.8,12.7,0.000,0.000,0.00,0.000,3.1,9.0,1.5,303,34,4.2,9.9,2.0,303,31,4.2,9.9,2.0,303,31,28,29.49,-0.3,0,0,0,43.3,46.8,49.6,0.36,0.32,0.28
HFAL,2019-11-08 16:00:00 EST,41.79880,-74.12312,634,29.4,29.8,24.9,49.2,12.6,0.000,0.000,0.00,0.000,3.2,8.0,1.8,299,25,4.1,9.5,2.1,300,22,4.1,9.5,2.1,300,22,26,29.49,-0.3,0,0,0,43.3,46.8,49.6,0.36,0.32,0.28
HFAL,2019-11-08 16:05:00 EST,41.79880,-74.12312,634,29.3,29.8,23.4,50.5,13.2,0.000,0.000,0.00,0.000,4.6,10.4,1.6,328,30,5.5,12.9,2.0,331,29,5.5,12.9,2.0,331,29,26,29.49,-0.4,0,0,0,43.2,46.8,49.5,0.36,0.32,0.28
HFAL,2019-11-08 16:10:00 EST,41.79880,-74.12312,634,29.4,29.9,22.4,49.9,13.0,0.000,0.000,0.00,0.000,6.0,14.0,2.3,335,32,7.0,21.6,2.7,340,28,7.0,21.6,2.7,340,28,23,29.49,-0.2,0,0,0,43.2,46.7,49.5,0.36,0.32,0.28
HFAL,2019-11-08 16:15:00 EST,41.79880,-74.12312,634,29.2,29.7,24.0,51.0,13.3,0.000,0.000,0.00,0.000,3.9,9.4,1.9,318,35,4.8,10.1,2.0,321,32,4.8,10.1,2.0,321,32,20,29.49,-0.4,0,0,0,43.2,46.8,49.5,0.36,0.32,0.28
HFAL,2019-11-08 16:20:00 EST,41.79880,-74.12312,634,29.2,29.6,23.2,51.3,13.4,0.000,0.000,0.00,0.000,4.6,9.6,1.7,322,29,5.6,11.2,2.1,322,27,5.6,11.2,2.1,322,27,16,29.50,-0.0,0,0,0,43.2,46.8,49.5,0.36,0.32,0.28
HFAL,2019-11-08 16:25:00 EST,41.79880,-74.12312,634,29.0,29.5,23.7,50.7,12.9,0.000,0.000,0.00,0.000,3.8,10.3,1.7,308,39,4.8,13.8,2.2,308,35,4.8,13.8,2.2,308,35,14,29.50,-0.3,0,0,0,43.2,46.8,49.5,0.36,0.31,0.28
HFAL,2019-11-08 16:30:00 EST,41.79880,-74.12312,634,28.7,29.3,23.3,51.8,13.2,0.000,0.000,0.00,0.000,4.0,9.8,1.8,305,31,4.9,14.0,2.3,308,27,4.9,14.0,2.3,308,27,11,29.50,-0.3,0,0,0,43.1,46.7,49.5,0.36,0.32,0.28
HFAL,2019-11-08 16:35:00 EST,41.79880,-74.12312,634,28.7,29.2,21.6,51.0,12.8,0.000,0.000,0.00,0.000,5.3,11.0,2.5,341,38,6.8,15.0,2.8,343,34,6.8,15.0,2.8,343,34,9,29.50,-0.3,0,0,0,43.0,46.7,49.5,0.36,0.32,0.28
HFAL,2019-11-08 16:40:00 EST,41.79880,-74.12312,634,28.6,29.1,21.9,51.9,13.1,0.000,0.000,0.00,0.000,5.1,11.3,2.0,347,25,6.3,14.8,2.5,347,25,6.3,14.8,2.5,347,25,7,29.50,-0.3,0,0,0,43.0,46.7,49.5,0.36,0.31,0.28
HFAL,2019-11-08 16:45:00 EST,41.79880,-74.12312,634,28.2,28.8,22.8,54.4,13.8,0.000,0.000,0.00,0.000,3.7,8.3,1.8,315,31,4.8,10.8,2.1,317,25,4.8,10.8,2.1,317,25,5,29.51,-0.5,0,0,0,43.0,46.7,49.5,0.36,0.32,0.28
HFAL,2019-11-08 16:50:00 EST,41.79880,-74.12312,634,28.0,28.6,23.8,56.7,14.6,0.000,0.000,0.00,0.000,3.0,8.5,1.6,319,32,3.7,13.3,1.7,323,27,3.7,13.3,1.7,323,27,3,29.51,-0.5,0,0,0,43.0,46.7,49.5,0.36,0.31,0.28
HFAL,2019-11-08 16:55:00 EST,41.79880,-74.12312,634,27.6,28.6,22.6,58.0,14.8,0.000,0.000,0.00,0.000,3.4,9.4,1.9,317,36,4.4,15.0,2.2,317,34,4.4,15.0,2.2,317,34,1,29.51,-0.4,0,0,0,42.9,46.6,49.5,0.36,0.31,0.28
HFAL,2019-11-08 17:00:00 EST,41.79880,-74.12312,634,27.9,28.6,23.0,54.6,13.7,0.000,0.000,0.00,0.000,3.3,10.3,1.9,311,34,4.3,11.0,2.1,313,31,4.3,11.0,2.1,313,31,1,29.51,-0.2,0,0,0,42.8,46.7,49.5,0.36,0.31,0.28
HFAL,2019-11-08 17:05:00 EST,41.79880,-74.12312,634,28.0,28.6,22.6,53.2,13.1,0.000,0.000,0.00,0.000,3.8,10.4,2.1,316,34,4.8,13.3,2.4,316,30,4.8,13.3,2.4,316,30,0,29.52,-0.1,0,0,0,42.8,46.7,49.5,0.36,0.31,0.28
HFAL,2019-11-08 17:10:00 EST,41.79880,-74.12312,634,27.3,28.2,27.3,55.7,13.5,0.000,0.000,0.00,0.000,2.2,4.7,1.0,327,28,2.8,6.1,1.3,329,30,2.8,6.1,1.3,329,30,0,29.52,-0.0,0,0,0,42.8,46.6,49.5,0.36,0.32,0.28
HFAL,2019-11-08 17:15:00 EST,41.79880,-74.12312,634,27.3,28.3,22.5,56.0,13.7,0.000,0.000,0.00,0.000,3.5,7.5,1.2,321,30,4.2,6.7,1.2,325,29,4.2,6.7,1.2,325,29,0,29.52,-0.3,0,0,0,42.8,46.6,49.5,0.36,0.31,0.28
HFAL,2019-11-08 17:20:00 EST,41.79880,-74.12312,634,27.4,28.1,23.8,54.8,13.3,0.000,0.000,0.00,0.000,2.6,7.2,1.7,314,29,3.2,11.0,2.0,313,30,3.2,11.0,2.0,313,30,0,29.52,-0.4,0,0,0,42.8,46.6,49.5,0.36,0.31,0.28
HFAL,2019-11-08 17:25:00 EST,41.79880,-74.12312,634,26.8,27.8,26.8,56.5,13.4,0.000,0.000,0.00,0.000,1.6,6.6,1.1,326,34,2.1,9.5,1.4,325,30,2.1,9.5,1.4,325,30,0,29.53,-0.3,0,0,0,42.6,46.6,49.5,0.36,0.31,0.28
HFAL,2019-11-08 17:30:00 EST,41.79880,-74.12312,634,27.1,28.1,21.5,57.5,14.1,0.000,0.000,0.00,0.000,4.1,9.5,1.8,314,35,4.8,10.8,2.0,317,32,4.8,10.8,2.0,317,32,0,29.53,-0.3,0,0,0,42.6,46.6,49.5,0.36,0.31,0.28
HFAL,2019-11-08 17:35:00 EST,41.79880,-74.12312,634,27.2,28.2,23.1,55.6,13.4,0.000,0.000,0.00,0.000,2.9,5.3,1.1,320,32,3.6,7.6,1.4,323,30,3.6,7.6,1.4,323,30,0,29.53,-0.5,0,0,0,42.6,46.6,49.5,0.36,0.31,0.28
HFAL,2019-11-08 17:40:00 EST,41.79880,-74.12312,634,27.1,28.0,22.0,57.9,14.2,0.000,0.000,0.00,0.000,3.6,10.0,2.0,330,44,4.4,13.4,2.5,328,41,4.4,13.4,2.5,328,41,0,29.54,-0.5,0,0,0,42.6,46.6,49.5,0.36,0.31,0.28
HFAL,2019-11-08 17:45:00 EST,41.79880,-74.12312,634,27.2,28.0,22.8,57.6,14.2,0.000,0.000,0.00,0.000,2.8,6.0,1.3,322,31,3.7,8.3,1.4,324,26,3.7,8.3,1.4,324,26,0,29.54,-0.5,0,0,0,42.4,46.6,49.5,0.36,0.31,0.28
HFAL,2019-11-08 17:50:00 EST,41.79880,-74.12312,634,27.0,27.7,27.0,58.7,14.4,0.000,0.000,0.00,0.000,1.9,4.4,0.8,313,27,2.5,4.7,0.9,318,26,2.5,4.7,0.9,318,26,0,29.54,-0.5,0,0,0,42.4,46.6,49.5,0.36,0.31,0.28
HFAL,2019-11-08 17:55:00 EST,41.79880,-74.12312,634,26.4,27.4,26.4,60.8,14.7,0.000,0.000,0.00,0.000,1.7,3.1,0.8,298,20,2.2,3.8,0.8,299,15,2.2,3.8,0.8,299,15,0,29.55,-0.5,0,0,0,42.4,46.6,49.5,0.36,0.31,0.28
HFAL,2019-11-08 18:00:00 EST,41.79880,-74.12312,634,26.2,27.6,22.3,61.9,14.9,0.000,0.000,0.00,0.000,2.6,5.0,1.0,292,20,3.2,7.1,1.2,296,18,3.2,7.1,1.2,296,18,0,29.55,-0.5,0,0,0,42.4,46.6,49.5,0.36,0.31,0.28
HFAL,2019-11-08 18:05:00 EST,41.79880,-74.12312,634,26.1,27.5,21.6,63.3,15.3,0.000,0.000,0.00,0.000,2.8,6.6,1.5,290,19,3.8,8.0,1.6,294,14,3.8,8.0,1.6,294,14,0,29.55,-0.5,0,0,0,42.4,46.6,49.5,0.36,0.31,0.28
HFAL,2019-11-08 18:10:00 EST,41.79880,-74.12312,634,26.5,27.5,22.3,61.0,14.9,0.000,0.000,0.00,0.000,2.7,8.0,1.7,306,30,3.6,9.3,1.9,310,29,3.6,9.3,1.9,310,29,0,29.55,-0.5,0,0,0,42.3,46.6,49.5,0.37,0.31,0.28
HFAL,2019-11-08 18:15:00 EST,41.79880,-74.12312,634,26.6,27.5,22.0,60.7,14.8,0.000,0.000,0.00,0.000,2.9,7.5,1.7,303,33,3.8,12.1,1.9,304,28,3.8,12.1,1.9,304,28,0,29.55,-0.4,0,0,0,42.3,46.6,49.5,0.37,0.31,0.28
HFAL,2019-11-08 18:20:00 EST,41.79880,-74.12312,634,26.4,27.4,21.9,60.7,14.6,0.000,0.000,0.00,0.000,2.9,6.1,1.1,304,24,3.8,9.6,1.5,307,21,3.8,9.6,1.5,307,21,0,29.56,-0.5,0,0,0,42.3,46.6,49.5,0.37,0.31,0.28
HFAL,2019-11-08 18:25:00 EST,41.79880,-74.12312,634,26.3,27.3,21.9,62.3,15.1,0.000,0.000,0.00,0.000,2.9,6.0,1.2,317,25,3.6,8.0,1.4,318,25,3.6,8.0,1.4,318,25,0,29.56,-0.5,0,0,0,42.2,46.6,49.5,0.37,0.31,0.28
HFAL,2019-11-08 18:30:00 EST,41.79880,-74.12312,634,26.4,27.3,21.2,60.2,14.5,0.000,0.000,0.00,0.000,3.6,12.0,1.8,310,23,4.4,14.0,2.3,312,22,4.4,14.0,2.3,312,22,0,29.56,-0.2,0,0,0,42.1,46.6,49.5,0.37,0.31,0.28
HFAL,2019-11-08 18:35:00 EST,41.79880,-74.12312,634,26.2,27.1,22.5,60.8,14.5,0.000,0.000,0.00,0.000,2.5,5.9,1.3,310,29,3.1,7.4,1.5,307,23,3.1,7.4,1.5,307,23,0,29.56,-0.3,0,0,0,42.1,46.6,49.5,0.37,0.31,0.28
HFAL,2019-11-08 18:40:00 EST,41.79880,-74.12312,634,26.5,27.4,21.3,59.8,14.4,0.000,0.000,0.00,0.000,3.4,6.2,1.4,298,24,4.3,8.4,1.6,300,18,4.3,8.4,1.6,300,18,0,29.56,-0.3,0,0,0,42.1,46.6,49.5,0.37,0.31,0.28
HFAL,2019-11-08 18:45:00 EST,41.79880,-74.12312,634,26.3,27.2,22.0,59.7,14.2,0.000,0.000,0.00,0.000,2.8,5.7,1.3,302,22,3.7,7.1,1.6,303,21,3.7,7.1,1.6,303,21,0,29.56,-0.2,0,0,0,42.1,46.6,49.5,0.37,0.31,0.28
HFAL,2019-11-08 18:50:00 EST,41.79880,-74.12312,634,26.1,27.0,22.2,61.6,14.7,0.000,0.000,0.00,0.000,2.5,4.7,1.0,303,21,3.3,6.3,1.2,305,18,3.3,6.3,1.2,305,18,0,29.56,-0.1,0,0,0,41.9,46.6,49.5,0.37,0.31,0.28
HFAL,2019-11-08 18:55:00 EST,41.79880,-74.12312,634,25.9,26.8,21.8,61.9,14.6,0.000,0.000,0.00,0.000,2.5,6.3,1.2,303,20,3.4,7.8,1.4,305,16,3.4,7.8,1.4,305,16,0,29.56,-0.2,0,0,0,41.9,46.6,49.5,0.37,0.31,0.28
HFAL,2019-11-08 19:00:00 EST,41.79880,-74.12312,634,25.9,26.7,21.4,61.9,14.6,0.000,0.000,0.00,0.000,2.6,5.6,1.1,299,31,3.7,6.6,1.2,303,26,3.7,6.6,1.2,303,26,0,29.56,-0.2,0,0,0,41.9,46.6,49.5,0.37,0.31,0.28
HFAL,2019-11-08 19:05:00 EST,41.79880,-74.12312,634,26.3,26.9,22.8,60.7,14.5,0.000,0.000,0.00,0.000,2.2,6.0,1.3,298,27,3.0,6.9,1.5,301,31,3.0,6.9,1.5,301,31,0,29.56,-0.1,0,0,0,41.9,46.6,49.5,0.37,0.31,0.28
HFAL,2019-11-08 19:10:00 EST,41.79880,-74.12312,634,25.7,26.5,25.7,61.5,14.3,0.000,0.000,0.00,0.000,1.7,5.1,1.2,307,34,2.5,7.1,1.4,309,31,2.5,7.1,1.4,309,31,0,29.56,-0.3,0,0,0,41.8,46.6,49.5,0.37,0.31,0.28
HFAL,2019-11-08 19:15:00 EST,41.79880,-74.12312,634,25.4,26.5,25.4,64.1,15.0,0.000,0.000,0.00,0.000,2.2,5.7,1.3,302,31,2.9,8.1,1.7,301,31,2.9,8.1,1.7,301,31,0,29.57,-0.3,0,0,0,41.7,46.6,49.5,0.37,0.31,0.28
HFAL,2019-11-08 19:20:00 EST,41.79880,-74.12312,634,25.8,26.8,21.2,61.1,14.2,0.000,0.000,0.00,0.000,2.8,7.8,1.4,302,29,3.8,11.6,1.6,303,28,3.8,11.6,1.6,303,28,0,29.57,-0.2,0,0,0,41.7,46.6,49.5,0.37,0.31,0.28
HFAL,2019-11-08 19:25:00 EST,41.79880,-74.12312,634,25.7,26.7,20.8,61.5,14.3,0.000,0.000,0.00,0.000,3.0,8.5,1.9,310,44,4.0,9.5,2.1,313,39,4.0,9.5,2.1,313,39,0,29.57,-0.1,0,0,0,41.7,46.6,49.5,0.37,0.31,0.28
HFAL,2019-11-08 19:30:00 EST,41.79880,-74.12312,634,26.0,26.8,22.2,60.8,14.3,0.000,0.000,0.00,0.000,2.5,7.8,1.3,300,35,3.2,9.4,1.5,301,30,3.2,9.4,1.5,301,30,0,29.57,-0.2,0,0,0,41.7,46.6,49.5,0.36,0.31,0.28
HFAL,2019-11-08 19:35:00 EST,41.79880,-74.12312,634,25.8,26.6,20.5,60.4,14.0,0.000,0.000,0.00,0.000,3.4,8.8,1.8,301,42,4.3,9.4,1.8,301,37,4.3,9.4,1.8,301,37,0,29.57,-0.0,0,0,0,41.6,46.6,49.5,0.37,0.31,0.28
HFAL,2019-11-08 19:40:00 EST,41.79880,-74.12312,634,26.2,26.8,21.3,59.1,13.8,0.000,0.000,0.00,0.000,3.0,6.9,1.7,312,44,4.0,8.7,2.2,321,40,4.0,8.7,2.2,321,40,0,29.58,-0.1,0,0,0,41.5,46.4,49.5,0.36,0.31,0.28
HFAL,2019-11-08 19:45:00 EST,41.79880,-74.12312,634,25.9,26.7,22.4,59.1,13.6,0.000,0.000,0.00,0.000,2.2,8.3,1.7,316,31,3.0,10.1,1.9,317,33,3.0,10.1,1.9,317,33,0,29.58,-0.2,0,0,0,41.5,46.5,49.5,0.36,0.31,0.28
HFAL,2019-11-08 19:50:00 EST,41.79880,-74.12312,634,25.8,26.6,22.1,59.8,13.7,0.000,0.000,0.00,0.000,2.7,7.2,1.2,326,26,3.1,8.3,1.3,327,25,3.1,8.3,1.3,327,25,0,29.58,-0.2,0,0,0,41.5,46.4,49.5,0.36,0.31,0.28
HFAL,2019-11-08 19:55:00 EST,41.79880,-74.12312,634,26.0,26.7,19.6,59.8,13.9,0.000,0.000,0.00,0.000,4.2,12.9,2.7,299,34,5.4,17.7,2.8,300,32,5.4,17.7,2.8,300,32,0,29.58,-0.4,0,0,0,41.5,46.4,49.5,0.37,0.31,0.28
HFAL,2019-11-08 20:00:00 EST,41.79880,-74.12312,634,25.7,26.8,21.5,61.4,14.3,0.000,0.000,0.00,0.000,2.8,4.8,1.2,296,26,3.5,5.5,1.3,296,20,3.5,5.5,1.3,296,20,0,29.58,-0.4,0,0,0,41.4,46.4,49.5,0.36,0.31,0.28
HFAL,2019-11-08 20:05:00 EST,41.79880,-74.12312,634,25.5,26.6,22.0,61.2,14.0,0.000,0.000,0.00,0.000,2.4,5.7,1.3,295,28,3.0,6.7,1.6,299,27,3.0,6.7,1.6,299,27,0,29.58,-0.5,0,0,0,41.4,46.4,49.5,0.36,0.31,0.28
HFAL,2019-11-08 20:10:00 EST,41.79880,-74.12312,634,25.3,26.1,25.3,61.4,13.8,0.000,0.000,0.00,0.000,1.2,3.9,1.0,272,50,2.0,5.5,1.2,283,50,2.0,5.5,1.2,283,50,0,29.58,-0.5,0,0,0,41.4,46.4,49.5,0.36,0.31,0.28
HFAL,2019-11-08 20:15:00 EST,41.79880,-74.12312,634,25.2,26.2,20.9,62.8,14.3,0.000,0.000,0.00,0.000,2.7,6.1,1.2,284,41,3.5,8.4,1.4,287,38,3.5,8.4,1.4,287,38,0,29.58,-0.4,0,0,0,41.4,46.4,49.5,0.36,0.31,0.28
HFAL,2019-11-08 20:20:00 EST,41.79880,-74.12312,634,25.4,26.3,25.4,61.3,14.0,0.000,0.000,0.00,0.000,1.8,5.4,1.2,288,26,2.4,5.8,1.3,289,26,2.4,5.8,1.3,289,26,0,29.58,-0.5,0,0,0,41.4,46.4,49.5,0.36,0.31,0.28
HFAL,2019-11-08 20:25:00 EST,41.79880,-74.12312,634,24.9,25.9,24.9,63.6,14.3,0.000,0.000,0.00,0.000,2.1,5.3,1.2,289,21,2.7,8.2,1.5,289,22,2.7,8.2,1.5,289,22,0,29.58,-0.5,0,0,0,41.3,46.4,49.5,0.36,0.31,0.28
HFAL,2019-11-08 20:30:00 EST,41.79880,-74.12312,634,24.8,26.1,24.8,63.8,14.3,0.000,0.000,0.00,0.000,1.9,4.5,0.9,287,27,2.6,5.1,0.9,291,25,2.6,5.1,0.9,291,25,0,29.58,-0.4,0,0,0,41.2,46.4,49.5,0.36,0.31,0.28
HFAL,2019-11-08 20:35:00 EST,41.79880,-74.12312,634,25.0,26.0,25.0,62.7,14.1,0.000,0.000,0.00,0.000,1.8,9.4,2.0,282,32,2.6,11.9,2.2,288,31,2.6,11.9,2.2,288,31,0,29.59,-0.4,0,0,0,41.2,46.4,49.5,0.36,0.31,0.28
HFAL,2019-11-08 20:40:00 EST,41.79880,-74.12312,634,24.8,26.0,24.8,62.7,13.9,0.000,0.000,0.00,0.000,1.8,5.1,1.3,291,21,2.3,5.8,1.4,295,22,2.3,5.8,1.4,295,22,0,29.59,-0.4,0,0,0,41.2,46.4,49.5,0.36,0.32,0.28
HFAL,2019-11-08 20:45:00 EST,41.79880,-74.12312,634,24.6,25.6,24.6,64.4,14.3,0.000,0.000,0.00,0.000,1.7,3.2,0.9,300,22,2.3,4.0,1.0,303,25,2.3,4.0,1.0,303,25,0,29.59,-0.4,0,0,0,41.2,46.4,49.5,0.36,0.31,0.28
HFAL,2019-11-08 20:50:00 EST,41.79880,-74.12312,634,23.8,25.8,23.8,67.6,14.7,0.000,0.000,0.00,0.000,2.3,3.6,0.5,292,19,2.8,4.4,0.7,296,18,2.8,4.4,0.7,296,18,0,29.59,-0.4,0,0,0,41.1,46.4,49.4,0.37,0.31,0.28
HFAL,2019-11-08 20:55:00 EST,41.79880,-74.12312,634,24.0,25.7,19.5,69.1,15.3,0.000,0.000,0.00,0.000,2.9,4.6,0.7,284,11,3.5,5.4,0.9,288,11,3.5,5.4,0.9,288,11,0,29.59,-0.4,0,0,0,41.0,46.4,49.4,0.36,0.31,0.28
HFAL,2019-11-08 21:00:00 EST,41.79880,-74.12312,634,24.0,25.7,24.0,66.8,14.6,0.000,0.000,0.00,0.000,2.0,4.2,1.1,296,21,2.7,6.1,1.3,299,18,2.7,6.1,1.3,299,18,0,29.59,-0.2,0,0,0,41.0,46.4,49.4,0.36,0.31,0.28
HFAL,2019-11-08 21:05:00 EST,41.79880,-74.12312,634,24.3,25.5,24.3,65.5,14.4,0.000,0.000,0.00,0.000,2.1,5.2,1.4,293,17,2.8,6.9,1.6,297,15,2.8,6.9,1.6,297,15,0,29.59,-0.3,0,0,0,41.0,46.4,49.4,0.36,0.31,0.28
HFAL,2019-11-08 21:10:00 EST,41.79880,-74.12312,634,24.3,25.6,24.3,65.8,14.5,0.000,0.000,0.00,0.000,2.0,6.2,1.1,295,23,2.9,8.8,1.3,295,22,2.9,8.8,1.3,295,22,0,29.59,-0.3,0,0,0,41.0,46.4,49.3,0.37,0.31,0.28
HFAL,2019-11-08 21:15:00 EST,41.79880,-74.12312,634,23.9,25.6,23.9,67.0,14.5,0.000,0.000,0.00,0.000,1.8,4.0,1.0,291,24,2.5,5.0,1.1,297,24,2.5,5.0,1.1,297,24,0,29.59,-0.4,0,0,0,41.0,46.4,49.3,0.37,0.31,0.28
HFAL,2019-11-08 21:20:00 EST,41.79880,-74.12312,634,23.8,25.5,23.8,68.2,14.8,0.000,0.000,0.00,0.000,2.2,3.9,0.8,288,13,2.7,5.0,1.0,292,12,2.7,5.0,1.0,292,12,0,29.60,-0.3,0,0,0,40.9,46.4,49.3,0.37,0.31,0.28
HFAL,2019-11-08 21:25:00 EST,41.79880,-74.12312,634,23.9,25.3,23.9,68.1,14.9,0.000,0.000,0.00,0.000,1.4,3.1,0.8,296,23,1.9,4.4,1.0,295,26,1.9,4.4,1.0,295,26,0,29.60,-0.3,0,0,0,40.8,46.3,49.3,0.37,0.31,0.28
HFAL,2019-11-08 21:30:00 EST,41.79880,-74.12312,634,23.7,25.3,23.7,68.7,14.9,0.000,0.000,0.00,0.000,2.2,3.9,0.9,285,20,2.8,5.1,1.1,290,17,2.8,5.1,1.1,290,17,0,29.60,-0.3,0,0,0,40.8,46.4,49.3,0.37,0.31,0.28
HFAL,2019-11-08 21:35:00 EST,41.79880,-74.12312,634,24.1,25.6,24.1,67.7,14.9,0.000,0.000,0.00,0.000,2.2,4.8,0.9,283,27,2.8,5.9,1.1,283,22,2.8,5.9,1.1,283,22,0,29.60,-0.3,0,0,0,40.8,46.3,49.3,0.37,0.31,0.28
HFAL,2019-11-08 21:40:00 EST,41.79880,-74.12312,634,24.1,25.2,24.1,67.6,14.9,0.000,0.000,0.00,0.000,2.3,5.2,0.6,282,18,2.8,6.1,0.7,288,14,2.8,6.1,0.7,288,14,0,29.60,-0.3,0,0,0,40.8,46.2,49.3,0.37,0.31,0.28
HFAL,2019-11-08 21:45:00 EST,41.79880,-74.12312,634,23.8,25.0,23.8,67.8,14.7,0.000,0.000,0.00,0.000,1.8,3.0,0.8,270,18,2.4,3.8,0.9,274,19,2.4,3.8,0.9,274,19,0,29.60,-0.3,0,0,0,40.6,46.0,49.3,0.37,0.31,0.28
HFAL,2019-11-08 21:50:00 EST,41.79880,-74.12312,634,23.5,24.6,23.5,68.3,14.6,0.000,0.000,0.00,0.000,1.9,3.4,0.6,264,27,2.3,4.8,0.7,270,28,2.3,4.8,0.7,270,28,0,29.61,-0.2,0,0,0,40.6,46.0,49.3,0.37,0.31,0.28
HFAL,2019-11-08 21:55:00 EST,41.79880,-74.12312,634,23.9,24.4,23.9,65.6,14.1,0.000,0.000,0.00,0.000,1.9,5.0,1.1,232,29,2.4,4.9,1.1,239,31,2.4,4.9,1.1,239,31,0,29.61,-0.3,0,0,0,40.6,46.0,49.3,0.37,0.31,0.28
HFAL,2019-11-08 22:00:00 EST,41.79880,-74.12312,634,24.1,24.4,19.3,63.9,13.6,0.000,0.000,0.00,0.000,3.5,6.7,1.0,214,18,3.7,7.6,1.1,216,19,3.7,7.6,1.1,216,19,0,29.61,-0.3,0,0,0,40.6,46.0,49.3,0.37,0.31,0.28
HFAL,2019-11-08 22:05:00 EST,41.79880,-74.12312,634,23.9,24.4,19.2,64.8,13.8,0.000,0.000,0.00,0.000,3.4,7.7,1.3,221,18,3.7,8.1,1.4,224,16,3.7,8.1,1.4,224,16,0,29.61,-0.2,0,0,0,40.6,46.0,49.3,0.37,0.31,0.28
HFAL,2019-11-08 22:10:00 EST,41.79880,-74.12312,634,24.1,24.5,24.1,63.6,13.5,0.000,0.000,0.00,0.000,2.6,6.4,1.4,222,26,2.9,9.9,1.5,222,25,2.9,9.9,1.5,222,25,0,29.61,-0.3,0,0,0,40.5,46.0,49.3,0.37,0.31,0.28
HFAL,2019-11-08 22:15:00 EST,41.79880,-74.12312,634,23.8,24.3,23.8,64.4,13.5,0.000,0.000,0.00,0.000,1.9,5.4,1.0,214,28,2.3,5.4,1.1,214,32,2.3,5.4,1.1,214,32,0,29.62,-0.3,0,0,0,40.5,46.0,49.3,0.37,0.31,0.28
HFAL,2019-11-08 22:20:00 EST,41.79880,-74.12312,634,23.9,24.3,19.8,64.9,13.8,0.000,0.000,0.00,0.000,2.9,5.4,1.0,224,22,3.2,6.3,1.2,225,23,3.2,6.3,1.2,225,23,0,29.62,-0.3,0,0,0,40.5,46.0,49.3,0.37,0.31,0.27
HFAL,2019-11-08 22:25:00 EST,41.79880,-74.12312,634,23.9,24.4,23.9,64.9,13.8,0.000,0.000,0.00,0.000,2.5,5.0,0.9,231,24,2.8,5.0,1.0,234,26,2.8,5.0,1.0,234,26,0,29.62,-0.4,0,0,0,40.5,46.0,49.3,0.37,0.31,0.28
HFAL,2019-11-08 22:30:00 EST,41.79880,-74.12312,634,24.1,24.6,24.1,63.7,13.6,0.000,0.000,0.00,0.000,2.1,4.8,0.9,220,28,2.5,6.2,1.1,227,28,2.5,6.2,1.1,227,28,0,29.62,-0.4,0,0,0,40.5,46.0,49.3,0.37,0.31,0.27
HFAL,2019-11-08 22:35:00 EST,41.79880,-74.12312,634,23.7,24.3,23.7,64.7,13.5,0.000,0.000,0.00,0.000,1.6,3.3,0.6,231,29,1.9,4.8,0.7,233,30,1.9,4.8,0.7,233,30,0,29.62,-0.3,0,0,0,40.5,46.0,49.3,0.37,0.31,0.27
HFAL,2019-11-08 22:40:00 EST,41.79880,-74.12312,634,23.5,24.2,23.5,65.8,13.7,0.000,0.000,0.00,0.000,1.4,2.6,0.6,227,21,1.6,3.2,0.7,230,21,1.6,3.2,0.7,230,21,0,29.62,-0.2,0,0,0,40.3,46.0,49.3,0.37,0.31,0.27
HFAL,2019-11-08 22:45:00 EST,41.79880,-74.12312,634,23.9,24.3,23.9,65.5,14.0,0.000,0.000,0.00,0.000,2.0,4.6,0.8,234,24,2.3,4.8,0.9,235,25,2.3,4.8,0.9,235,25,0,29.62,-0.4,0,0,0,40.3,46.0,49.3,0.37,0.31,0.28
HFAL,2019-11-08 22:50:00 EST,41.79880,-74.12312,634,23.3,24.0,23.3,66.3,13.8,0.000,0.000,0.00,0.000,2.4,3.7,0.6,220,17,2.7,5.0,0.7,223,18,2.7,5.0,0.7,223,18,0,29.62,-0.3,0,0,0,40.3,46.0,49.3,0.37,0.31,0.28
HFAL,2019-11-08 22:55:00 EST,41.79880,-74.12312,634,23.7,24.2,23.7,66.1,14.1,0.000,0.000,0.00,0.000,1.5,3.6,0.9,235,32,2.0,5.0,0.9,242,30,2.0,5.0,0.9,242,30,0,29.62,-0.2,0,0,0,40.3,46.0,49.3,0.37,0.31,0.27
HFAL,2019-11-08 23:00:00 EST,41.79880,-74.12312,634,23.7,24.1,23.7,65.1,13.7,0.000,0.000,0.00,0.000,2.4,4.5,0.7,230,19,2.7,5.3,1.0,234,18,2.7,5.3,1.0,234,18,0,29.62,-0.4,0,0,0,40.3,45.9,49.3,0.37,0.31,0.27
HFAL,2019-11-08 23:05:00 EST,41.79880,-74.12312,634,23.1,24.0,23.1,67.5,13.9,0.000,0.000,0.00,0.000,2.1,3.7,0.8,249,25,2.5,5.5,0.9,250,27,2.5,5.5,0.9,250,27,0,29.62,-0.3,0,0,0,40.3,45.9,49.3,0.37,0.31,0.27
HFAL,2019-11-08 23:10:00 EST,41.79880,-74.12312,634,23.4,24.2,18.8,66.8,14.0,0.000,0.000,0.00,0.000,3.0,6.6,1.5,251,24,3.6,8.5,1.8,255,25,3.6,8.5,1.8,255,25,0,29.62,-0.4,0,0,0,40.2,45.9,49.3,0.37,0.31,0.27
HFAL,2019-11-08 23:15:00 EST,41.79880,-74.12312,634,23.5,24.1,18.6,66.5,13.9,0.000,0.000,0.00,0.000,3.4,6.1,1.1,227,16,3.7,7.6,1.3,231,16,3.7,7.6,1.3,231,16,0,29.62,-0.2,0,0,0,40.1,45.9,49.3,0.37,0.31,0.27
HFAL,2019-11-08 23:20:00 EST,41.79880,-74.12312,634,23.7,24.3,19.8,65.6,13.8,0.000,0.000,0.00,0.000,2.5,5.3,1.3,246,21,3.1,6.0,1.4,250,20,3.1,6.0,1.4,250,20,0,29.62,-0.2,0,0,0,40.1,45.9,49.3,0.37,0.31,0.27
HFAL,2019-11-08 23:25:00 EST,41.79880,-74.12312,634,23.4,23.9,23.4,65.6,13.6,0.000,0.000,0.00,0.000,2.4,4.1,1.1,237,23,2.8,5.6,1.2,243,24,2.8,5.6,1.2,243,24,0,29.62,-0.3,0,0,0,40.1,45.9,49.3,0.37,0.31,0.27
HFAL,2019-11-08 23:30:00 EST,41.79880,-74.12312,634,23.1,23.9,18.6,67.1,13.8,0.000,0.000,0.00,0.000,3.2,4.8,0.9,226,18,3.4,5.5,1.1,230,21,3.4,5.5,1.1,230,21,0,29.62,-0.3,0,0,0,40.1,45.9,49.3,0.37,0.31,0.27
HFAL,2019-11-08 23:35:00 EST,41.79880,-74.12312,634,22.9,23.8,22.9,68.1,14.0,0.000,0.000,0.00,0.000,1.7,3.9,0.8,242,20,2.1,5.3,0.9,246,21,2.1,5.3,0.9,246,21,0,29.62,-0.1,0,0,0,40.1,45.9,49.3,0.37,0.31,0.27
HFAL,2019-11-08 23:40:00 EST,41.79880,-74.12312,634,22.9,23.7,18.5,67.9,13.9,0.000,0.000,0.00,0.000,3.1,5.8,0.8,222,18,3.3,7.1,1.0,225,18,3.3,7.1,1.0,225,18,0,29.62,-0.2,0,0,0,40.0,45.9,49.3,0.37,0.31,0.27
HFAL,2019-11-08 23:45:00 EST,41.79880,-74.12312,634,22.5,23.6,18.5,69.7,14.1,0.000,0.000,0.00,0.000,2.7,4.1,0.7,234,22,3.0,5.3,1.0,238,21,3.0,5.3,1.0,238,21,0,29.62,-0.2,0,0,0,39.9,45.9,49.3,0.37,0.31,0.27
HFAL,2019-11-08 23:50:00 EST,41.79880,-74.12312,634,22.8,23.7,22.8,70.0,14.4,0.000,0.000,0.00,0.000,1.3,3.6,0.8,236,22,1.6,3.7,0.8,242,27,1.6,3.7,0.8,242,27,0,29.62,-0.3,0,0,0,39.9,45.9,49.3,0.37,0.31,0.27
HFAL,2019-11-08 23:55:00 EST,41.79880,-74.12312,634,23.1,23.9,23.1,67.8,14.1,0.000,0.000,0.00,0.000,2.2,3.3,0.7,223,16,2.4,4.2,0.7,225,16,2.4,4.2,0.7,225,16,0,29.63,-0.3,0,0,0,39.9,45.9,49.3,0.37,0.31,0.27
ILAK,2019-11-08 00:00:00 EST,43.79067,-74.23933,1621,18.6,19.8,18.6,90.6,16.3,0.000,0.025,0.00,0.000,0.3,0.9,0.3,253,81,0.5,1.3,0.5,265,15,0.5,1.3,0.5,265,15,0,28.29,-0.0,0,0,0,41.7,45.5,47.5,0.30,0.31,0.39
ILAK,2019-11-08 00:05:00 EST,43.79067,-74.23933,1621,18.7,19.9,18.7,91.5,16.6,0.000,0.000,0.00,0.000,0.6,1.3,0.5,316,12,1.0,2.0,0.5,325,14,1.0,2.0,0.5,325,14,0,28.29,-0.1,0,0,0,41.7,45.5,47.5,0.30,0.31,0.39
ILAK,2019-11-08 00:10:00 EST,43.79067,-74.23933,1621,18.7,19.8,18.7,91.9,16.7,0.000,0.000,0.00,0.000,1.2,2.3,0.4,341,14,1.6,2.7,0.5,347,13,1.6,2.7,0.5,347,13,0,28.29,-0.0,0,0,0,41.7,45.5,47.5,0.30,0.31,0.39
ILAK,2019-11-08 00:15:00 EST,43.79067,-74.23933,1621,18.7,19.6,18.7,92.4,16.8,0.000,0.000,0.00,0.000,0.3,1.2,0.3,4,3,0.9,1.6,0.4,353,18,0.9,1.6,0.4,353,18,0,28.29,0.0,0,0,0,41.7,45.5,47.5,0.30,0.31,0.39
ILAK,2019-11-08 00:20:00 EST,43.79067,-74.23933,1621,18.6,19.8,18.6,92.4,16.7,0.000,0.000,0.00,0.000,0.6,1.2,0.4,314,15,1.0,2.0,0.5,328,20,1.0,2.0,0.5,328,20,0,28.29,-0.0,0,0,0,41.7,45.5,47.5,0.30,0.30,0.39
ILAK,2019-11-08 00:25:00 EST,43.79067,-74.23933,1621,18.4,19.7,18.4,92.1,16.5,0.000,0.000,0.00,0.000,1.0,3.1,0.5,304,11,1.2,3.4,0.5,309,16,1.2,3.4,0.5,309,16,0,28.29,0.0,0,0,0,41.7,45.5,47.5,0.30,0.31,0.39
ILAK,2019-11-08 00:30:00 EST,43.79067,-74.23933,1621,18.7,19.7,18.7,91.6,16.7,0.000,0.000,0.00,0.000,1.0,3.1,0.8,307,29,1.6,3.7,0.9,313,32,1.6,3.7,0.9,313,32,0,28.29,0.1,0,0,0,41.6,45.5,47.5,0.30,0.31,0.39
ILAK,2019-11-08 00:35:00 EST,43.79067,-74.23933,1621,19.1,19.8,19.1,88.9,16.4,0.000,0.000,0.00,0.000,1.3,3.6,0.7,314,22,1.6,4.7,0.8,316,26,1.6,4.7,0.8,316,26,0,28.29,-0.0,0,0,0,41.5,45.5,47.5,0.30,0.30,0.39
ILAK,2019-11-08 00:40:00 EST,43.79067,-74.23933,1621,19.1,19.8,19.1,88.4,16.2,0.000,0.000,0.00,0.000,1.3,2.3,0.5,347,30,1.7,3.1,0.6,354,28,1.7,3.1,0.6,354,28,0,28.29,-0.1,0,0,0,41.5,45.5,47.5,0.30,0.31,0.39
ILAK,2019-11-08 00:45:00 EST,43.79067,-74.23933,1621,19.0,19.7,19.0,88.6,16.1,0.000,0.000,0.00,0.000,1.1,2.9,0.7,358,42,1.4,3.9,0.8,357,36,1.4,3.9,0.8,357,36,0,28.29,0.0,0,0,0,41.5,45.5,47.5,0.30,0.30,0.39
ILAK,2019-11-08 00:50:00 EST,43.79067,-74.23933,1621,19.3,19.8,19.3,87.7,16.3,0.000,0.000,0.00,0.000,1.3,3.2,0.9,325,21,1.8,5.0,0.9,328,22,1.8,5.0,0.9,328,22,0,28.29,-0.2,0,0,0,41.5,45.5,47.5,0.30,0.30,0.39
ILAK,2019-11-08 00:55:00 EST,43.79067,-74.23933,1621,18.9,19.7,18.9,86.1,15.5,0.000,0.000,0.00,0.000,0.9,2.8,0.7,312,17,1.2,3.9,0.9,319,24,1.2,3.9,0.9,319,24,0,28.29,0.0,0,0,0,41.5,45.5,47.5,0.30,0.30,0.39
ILAK,2019-11-08 01:00:00 EST,43.79067,-74.23933,1621,19.1,19.7,19.1,86.3,15.7,0.000,0.000,0.00,0.000,1.4,3.4,0.8,287,22,1.6,4.8,0.9,288,23,1.6,4.8,0.9,288,23,0,28.29,-0.0,0,0,0,41.4,45.5,47.5,0.30,0.30,0.39
ILAK,2019-11-08 01:05:00 EST,43.79067,-74.23933,1621,19.1,19.7,19.1,86.1,15.6,0.000,0.000,0.00,0.000,1.3,5.6,1.2,321,30,1.8,7.3,1.2,331,28,1.8,7.3,1.2,331,28,0,28.28,-0.0,0,0,0,41.4,45.5,47.5,0.30,0.30,0.39
ILAK,2019-11-08 01:10:00 EST,43.79067,-74.23933,1621,19.3,19.7,19.3,85.1,15.6,0.000,0.000,0.00,0.000,1.1,4.9,0.9,309,34,1.5,6.4,1.2,306,31,1.5,6.4,1.2,306,31,0,28.28,0.0,0,0,0,41.4,45.5,47.5,0.30,0.30,0.39
ILAK,2019-11-08 01:15:00 EST,43.79067,-74.23933,1621,19.3,19.7,19.3,84.0,15.2,0.000,0.000,0.00,0.000,2.4,5.7,1.2,282,30,3.0,6.0,1.4,284,28,3.0,6.0,1.4,284,28,0,28.28,0.1,0,0,0,41.4,45.5,47.5,0.30,0.30,0.39
ILAK,2019-11-08 01:20:00 EST,43.79067,-74.23933,1621,19.5,19.8,19.5,83.2,15.3,0.000,0.000,0.00,0.000,1.6,4.8,1.0,303,38,2.1,4.6,1.0,313,43,2.1,4.6,1.0,313,43,0,28.28,0.0,0,0,0,41.4,45.5,47.5,0.30,0.30,0.39
ILAK,2019-11-08 01:25:00 EST,43.79067,-74.23933,1621,19.4,19.7,19.4,83.0,15.1,0.000,0.000,0.00,0.000,0.6,3.2,0.8,277,22,1.0,4.7,0.9,295,30,1.0,4.7,0.9,295,30,0,28.28,0.0,0,0,0,41.4,45.5,47.5,0.30,0.30,0.39
ILAK,2019-11-08 01:30:00 EST,43.79067,-74.23933,1621,19.3,19.6,19.3,83.4,15.1,0.000,0.000,0.00,0.000,1.8,4.2,0.9,307,15,1.9,4.8,0.9,312,15,1.9,4.8,0.9,312,15,0,28.28,-0.1,0,0,0,41.3,45.5,47.5,0.30,0.30,0.39
ILAK,2019-11-08 01:35:00 EST,43.79067,-74.23933,1621,19.1,19.4,19.1,83.7,14.9,0.000,0.000,0.00,0.000,1.3,3.3,0.8,327,33,1.8,4.0,0.9,330,34,1.8,4.0,0.9,330,34,0,28.28,0.0,0,0,0,41.2,45.5,47.5,0.30,0.30,0.39
ILAK,2019-11-08 01:40:00 EST,43.79067,-74.23933,1621,18.7,19.5,18.7,85.2,15.0,0.000,0.000,0.00,0.000,0.5,1.8,0.7,359,19,1.0,2.9,0.8,352,24,1.0,2.9,0.8,352,24,0,28.27,-0.0,0,0,0,41.2,45.5,47.5,0.30,0.30,0.39
ILAK,2019-11-08 01:45:00 EST,43.79067,-74.23933,1621,18.4,19.3,18.4,87.5,15.3,0.000,0.000,0.00,0.000,0.9,1.9,0.4,346,11,1.5,2.9,0.4,353,18,1.5,2.9,0.4,353,18,0,28.27,-0.0,0,0,0,41.2,45.5,47.5,0.30,0.30,0.39
ILAK,2019-11-08 01:50:00 EST,43.79067,-74.23933,1621,18.5,19.3,18.5,88.7,15.7,0.000,0.000,0.00,0.000,1.1,2.5,0.5,3,19,1.5,3.3,0.6,5,20,1.5,3.3,0.6,5,20,0,28.27,-0.1,0,0,0,41.2,45.5,47.5,0.30,0.30,0.39
ILAK,2019-11-08 01:55:00 EST,43.79067,-74.23933,1621,18.2,19.1,18.2,89.8,15.7,0.000,0.000,0.00,0.000,0.8,2.0,0.5,25,14,1.1,2.7,0.5,26,18,1.1,2.7,0.5,26,18,0,28.27,-0.1,0,0,0,41.1,45.5,47.5,0.30,0.30,0.39
ILAK,2019-11-08 02:00:00 EST,43.79067,-74.23933,1621,18.2,18.8,18.2,90.6,15.9,0.000,0.000,0.00,0.000,0.2,1.6,0.4,336,5,0.6,2.4,0.7,341,15,0.6,2.4,0.7,341,15,0,28.27,0.0,0,0,0,41.0,45.5,47.5,0.30,0.30,0.39
ILAK,2019-11-08 02:05:00 EST,43.79067,-74.23933,1621,18.1,18.8,18.1,90.5,15.8,0.000,0.000,0.00,0.000,0.9,1.6,0.3,314,23,1.3,2.5,0.3,315,28,1.3,2.5,0.3,315,28,0,28.27,-0.0,0,0,0,41.0,45.5,47.5,0.30,0.30,0.39
ILAK,2019-11-08 02:10:00 EST,43.79067,-74.23933,1621,18.0,19.0,18.0,89.0,15.3,0.000,0.000,0.00,0.000,1.0,2.1,0.4,291,16,1.3,2.3,0.4,296,20,1.3,2.3,0.4,296,20,0,28.27,0.0,0,0,0,41.0,45.5,47.5,0.30,0.30,0.39
ILAK,2019-11-08 02:15:00 EST,43.79067,-74.23933,1621,17.9,18.8,17.9,87.4,14.8,0.000,0.000,0.00,0.000,0.9,2.6,0.6,321,19,1.4,2.7,0.6,334,23,1.4,2.7,0.6,334,23,0,28.27,-0.0,0,0,0,41.0,45.5,47.5,0.30,0.30,0.39
ILAK,2019-11-08 02:20:00 EST,43.79067,-74.23933,1621,17.8,18.6,17.8,87.5,14.8,0.000,0.000,0.00,0.000,0.7,1.5,0.4,310,19,1.1,2.6,0.5,316,21,1.1,2.6,0.5,316,21,0,28.27,0.0,0,0,0,41.0,45.5,47.5,0.30,0.30,0.39
ILAK,2019-11-08 02:25:00 EST,43.79067,-74.23933,1621,17.9,18.7,17.9,87.0,14.7,0.000,0.000,0.00,0.000,1.4,2.8,0.6,295,18,1.6,3.5,0.7,300,18,1.6,3.5,0.7,300,18,0,28.27,-0.0,0,0,0,41.0,45.4,47.5,0.30,0.30,0.39
ILAK,2019-11-08 02:30:00 EST,43.79067,-74.23933,1621,17.8,18.7,17.8,86.0,14.3,0.000,0.000,0.00,0.000,1.0,2.4,0.6,302,15,1.2,2.5,0.5,309,20,1.2,2.5,0.5,309,20,0,28.27,0.0,0,0,0,41.0,45.5,47.5,0.30,0.30,0.39
ILAK,2019-11-08 02:35:00 EST,43.79067,-74.23933,1621,17.6,18.6,17.6,86.2,14.2,0.000,0.000,0.00,0.000,0.8,1.8,0.5,268,16,1.2,2.3,0.6,273,21,1.2,2.3,0.6,273,21,0,28.27,0.1,0,0,0,40.8,45.5,47.5,0.30,0.30,0.39
ILAK,2019-11-08 02:40:00 EST,43.79067,-74.23933,1621,18.1,18.7,18.1,85.1,14.4,0.000,0.000,0.00,0.000,1.1,2.5,0.8,317,17,1.4,3.2,0.8,321,26,1.4,3.2,0.8,321,26,0,28.27,0.1,0,0,0,40.8,45.4,47.5,0.30,0.30,0.39
ILAK,2019-11-08 02:45:00 EST,43.79067,-74.23933,1621,18.1,18.6,18.1,83.6,13.9,0.000,0.000,0.00,0.000,0.8,2.6,0.6,308,32,1.3,3.2,0.7,301,34,1.3,3.2,0.7,301,34,0,28.27,0.1,0,0,0,40.8,45.5,47.5,0.30,0.30,0.39
ILAK,2019-11-08 02:50:00 EST,43.79067,-74.23933,1621,18.1,18.7,18.1,82.2,13.6,0.000,0.000,0.00,0.000,0.8,2.0,0.6,326,18,1.3,3.0,0.7,324,27,1.3,3.0,0.7,324,27,0,28.27,0.0,0,0,0,40.8,45.4,47.5,0.30,0.30,0.39
ILAK,2019-11-08 02:55:00 EST,43.79067,-74.23933,1621,18.1,18.8,18.1,80.2,13.0,0.000,0.000,0.00,0.000,0.8,2.3,0.6,298,43,1.2,2.8,0.6,296,45,1.2,2.8,0.6,296,45,0,28.27,0.0,0,0,0,40.8,45.3,47.5,0.30,0.30,0.39
ILAK,2019-11-08 03:00:00 EST,43.79067,-74.23933,1621,17.9,18.7,17.9,80.5,12.9,0.000,0.000,0.00,0.000,1.2,2.5,0.7,338,28,1.5,3.4,0.7,344,31,1.5,3.4,0.7,344,31,0,28.27,0.1,0,0,0,40.7,45.4,47.5,0.30,0.30,0.39
ILAK,2019-11-08 03:05:00 EST,43.79067,-74.23933,1621,17.9,18.6,17.9,80.4,12.8,0.000,0.000,0.00,0.000,1.1,2.0,0.5,330,42,1.6,3.0,0.5,329,45,1.6,3.0,0.5,329,45,0,28.26,0.1,0,0,0,40.6,45.4,47.5,0.30,0.30,0.39
ILAK,2019-11-08 03:10:00 EST,43.79067,-74.23933,1621,17.9,18.5,13.1,77.5,12.1,0.000,0.000,0.00,0.000,2.7,6.6,1.2,336,33,3.2,8.3,1.5,338,32,3.2,8.3,1.5,338,32,0,28.26,0.0,0,0,0,40.6,45.3,47.5,0.30,0.30,0.39
ILAK,2019-11-08 03:15:00 EST,43.79067,-74.23933,1621,18.1,18.4,18.1,76.8,12.0,0.000,0.000,0.00,0.000,2.0,3.4,0.7,335,20,2.5,5.1,0.9,340,19,2.5,5.1,0.9,340,19,0,28.27,0.1,0,0,0,40.6,45.3,47.5,0.30,0.30,0.39
ILAK,2019-11-08 03:20:00 EST,43.79067,-74.23933,1621,18.0,18.4,13.0,74.2,11.1,0.000,0.000,0.00,0.000,2.9,7.4,1.6,320,33,3.3,7.9,1.5,323,35,3.3,7.9,1.5,323,35,0,28.26,0.0,0,0,0,40.6,45.3,47.5,0.30,0.30,0.39
ILAK,2019-11-08 03:25:00 EST,43.79067,-74.23933,1621,17.8,18.4,17.8,74.1,11.0,0.000,0.000,0.00,0.000,2.4,6.3,1.4,338,28,2.8,8.0,1.4,340,28,2.8,8.0,1.4,340,28,0,28.27,0.0,0,0,0,40.6,45.3,47.5,0.30,0.30,0.39
ILAK,2019-11-08 03:30:00 EST,43.79067,-74.23933,1621,17.8,18.3,13.2,74.2,11.0,0.000,0.000,0.00,0.000,2.4,5.4,1.3,318,36,3.0,6.9,1.4,320,35,3.0,6.9,1.4,320,35,0,28.26,0.1,0,0,0,40.6,45.3,47.5,0.30,0.30,0.39
ILAK,2019-11-08 03:35:00 EST,43.79067,-74.23933,1621,18.1,18.4,18.1,72.2,10.7,0.000,0.000,0.00,0.000,2.3,4.0,1.0,305,35,2.8,5.4,1.1,310,35,2.8,5.4,1.1,310,35,0,28.26,0.1,0,0,0,40.5,45.3,47.5,0.30,0.30,0.39
ILAK,2019-11-08 03:40:00 EST,43.79067,-74.23933,1621,18.1,18.4,18.1,71.8,10.5,0.000,0.000,0.00,0.000,2.4,6.3,1.1,309,33,2.9,7.1,1.3,310,32,2.9,7.1,1.3,310,32,0,28.26,0.1,0,0,0,40.5,45.3,47.5,0.30,0.30,0.39
ILAK,2019-11-08 03:45:00 EST,43.79067,-74.23933,1621,18.0,18.3,18.0,71.5,10.4,0.000,0.000,0.00,0.000,1.3,3.7,0.7,284,25,1.5,3.0,0.6,287,29,1.5,3.0,0.6,287,29,0,28.26,0.0,0,0,0,40.5,45.3,47.5,0.30,0.30,0.39
ILAK,2019-11-08 03:50:00 EST,43.79067,-74.23933,1621,17.6,18.2,17.6,,,0.000,0.000,0.00,0.000,1.8,5.6,1.6,285,27,2.3,6.8,1.8,289,33,2.3,6.8,1.8,289,33,0,28.26,0.1,0,0,0,40.5,45.3,47.5,0.30,0.30,0.39
ILAK,2019-11-08 03:55:00 EST,43.79067,-74.23933,1621,17.8,18.1,17.8,73.0,10.6,0.000,0.000,0.00,0.000,1.8,4.6,1.3,293,31,2.2,5.1,1.3,294,36,2.2,5.1,1.3,294,36,0,28.27,0.1,0,0,0,40.4,45.3,47.5,0.29,0.30,0.39
ILAK,2019-11-08 04:00:00 EST,43.79067,-74.23933,1621,17.7,18.1,17.7,74.2,10.8,0.000,0.000,0.00,0.000,1.7,3.8,1.1,276,33,2.1,4.6,1.0,277,40,2.1,4.6,1.0,277,40,0,28.27,0.1,0,0,0,40.4,45.3,47.5,0.29,0.30,0.39
ILAK,2019-11-08 04:05:00 EST,43.79067,-74.23933,1621,17.9,18.1,17.9,73.3,10.8,0.000,0.000,0.00,0.000,1.6,3.7,0.9,317,35,2.0,4.8,1.0,320,35,2.0,4.8,1.0,320,35,0,28.27,0.1,0,0,0,40.3,45.3,47.5,0.29,0.30,0.39
ILAK,2019-11-08 04:10:00 EST,43.79067,-74.23933,1621,18.1,18.3,18.1,73.8,11.1,0.000,0.000,0.00,0.000,1.3,3.9,1.1,342,27,1.7,5.1,1.0,346,24,1.7,5.1,1.0,346,24,0,28.27,0.0,0,0,0,40.3,45.3,47.5,0.30,0.30,0.39
ILAK,2019-11-08 04:15:00 EST,43.79067,-74.23933,1621,18.0,18.2,18.0,73.2,10.9,0.000,0.000,0.00,0.000,1.3,3.1,0.9,290,30,1.8,3.8,1.0,296,35,1.8,3.8,1.0,296,35,0,28.27,0.1,0,0,0,40.3,45.3,47.5,0.30,0.30,0.39
ILAK,2019-11-08 04:20:00 EST,43.79067,-74.23933,1621,17.7,18.1,17.7,74.7,11.1,0.000,0.000,0.00,0.000,0.3,2.0,0.6,252,14,0.7,2.7,0.8,257,32,0.7,2.7,0.8,257,32,0,28.27,0.1,0,0,0,40.3,45.3,47.5,0.30,0.30,0.39
ILAK,2019-11-08 04:25:00 EST,43.79067,-74.23933,1621,18.0,18.3,18.0,73.3,10.9,0.000,0.000,0.00,0.000,1.1,4.0,1.0,295,23,1.5,4.9,1.0,307,33,1.5,4.9,1.0,307,33,0,28.27,0.1,0,0,0,40.3,45.3,47.5,0.30,0.30,0.39
ILAK,2019-11-08 04:30:00 EST,43.79067,-74.23933,1621,18.0,18.1,18.0,72.7,10.8,0.000,0.000,0.00,0.000,1.7,4.3,1.0,280,36,2.2,5.5,1.2,285,37,2.2,5.5,1.2,285,37,0,28.27,0.1,0,0,0,40.3,45.3,47.5,0.29,0.30,0.39
ILAK,2019-11-08 04:35:00 EST,43.79067,-74.23933,1621,18.1,18.2,18.1,72.6,10.7,0.000,0.000,0.00,0.000,1.1,2.8,0.7,287,32,1.4,3.4,0.8,293,33,1.4,3.4,0.8,293,33,0,28.27,0.1,0,0,0,40.2,45.3,47.5,0.30,0.30,0.39
ILAK,2019-11-08 04:40:00 EST,43.79067,-74.23933,1621,17.9,18.0,17.9,73.6,10.9,0.000,0.000,0.00,0.000,1.6,6.4,1.4,327,41,2.3,8.9,1.6,333,42,2.3,8.9,1.6,333,42,0,28.27,0.1,0,0,0,40.1,45.3,47.5,0.29,0.30,0.39
ILAK,2019-11-08 04:45:00 EST,43.79067,-74.23933,1621,17.6,17.8,17.6,74.5,10.9,0.000,0.000,0.00,0.000,1.6,3.6,0.8,317,29,2.2,5.0,0.9,320,30,2.2,5.0,0.9,320,30,0,28.27,0.1,0,0,0,40.1,45.3,47.5,0.30,0.30,0.39
ILAK,2019-11-08 04:50:00 EST,43.79067,-74.23933,1621,17.6,17.7,11.2,74.3,10.8,0.000,0.000,0.00,0.000,3.2,10.0,2.1,314,37,4.2,13.3,2.4,323,37,4.2,13.3,2.4,323,37,0,28.27,0.1,0,0,0,40.1,45.3,47.5,0.30,0.30,0.39
ILAK,2019-11-08 04:55:00 EST,43.79067,-74.23933,1621,17.4,17.6,11.5,74.8,10.8,0.000,0.000,0.00,0.000,3.1,7.5,1.7,316,38,3.8,8.3,2.1,322,34,3.8,8.3,2.1,322,34,0,28.27,0.1,0,0,0,40.1,45.3,47.5,0.29,0.30,0.39
ILAK,2019-11-08 05:00:00 EST,43.79067,-74.23933,1621,17.4,17.6,8.6,75.6,11.0,0.000,0.000,0.00,0.000,5.4,13.6,2.8,310,32,6.2,13.9,2.8,314,34,6.2,13.9,2.8,314,34,0,28.27,0.1,0,0,0,40.1,45.3,47.5,0.29,0.30,0.39
ILAK,2019-11-08 05:05:00 EST,43.79067,-74.23933,1621,17.5,17.7,8.4,75.8,11.2,0.000,0.000,0.00,0.000,6.2,16.6,3.2,316,27,6.6,16.7,3.4,322,26,6.6,16.7,3.4,322,26,0,28.27,0.1,0,0,0,40.1,45.3,47.5,0.30,0.30,0.39
ILAK,2019-11-08 05:10:00 EST,43.79067,-74.23933,1621,17.4,17.5,10.8,76.4,11.2,0.000,0.000,0.00,0.000,3.8,7.4,1.3,320,26,4.2,7.7,1.5,323,26,4.2,7.7,1.5,323,26,0,28.27,0.1,0,0,0,40.0,45.3,47.5,0.29,0.30,0.39
ILAK,2019-11-08 05:15:00 EST,43.79067,-74.23933,1621,17.3,17.4,11.7,76.9,11.3,0.000,0.000,0.00,0.000,3.0,8.5,1.9,300,32,3.6,9.9,1.8,305,35,3.6,9.9,1.8,305,35,0,28.27,0.1,0,0,0,40.0,45.3,47.5,0.29,0.30,0.39
ILAK,2019-11-08 05:20:00 EST,43.79067,-74.23933,1621,17.1,17.4,9.9,77.5,11.3,0.000,0.000,0.00,0.000,4.3,11.0,3.0,313,32,4.8,12.3,3.0,315,37,4.8,12.3,3.0,315,37,0,28.27,0.1,0,0,0,39.9,45.2,47.5,0.29,0.30,0.39
ILAK,2019-11-08 05:25:00 EST,43.79067,-74.23933,1621,17.3,17.4,9.6,77.0,11.3,0.000,0.000,0.00,0.000,4.4,11.4,2.8,326,31,5.2,12.7,3.0,329,31,5.2,12.7,3.0,329,31,0,28.27,0.1,0,0,0,39.9,45.2,47.5,0.30,0.30,0.39
ILAK,2019-11-08 05:30:00 EST,43.79067,-74.23933,1621,17.2,17.3,10.4,77.3,11.3,0.000,0.000,0.00,0.000,3.4,8.6,1.7,332,32,4.4,10.7,1.9,335,31,4.4,10.7,1.9,335,31,0,28.27,0.1,0,0,0,39.9,45.2,47.5,0.29,0.30,0.39
ILAK,2019-11-08 05:35:00 EST,43.79067,-74.23933,1621,17.1,17.3,9.7,78.5,11.6,0.000,0.000,0.00,0.000,4.0,11.3,2.3,316,34,4.9,11.5,2.6,325,36,4.9,11.5,2.6,325,36,0,28.27,0.1,0,0,0,39.9,45.2,47.5,0.29,0.30,0.39
ILAK,2019-11-08 05:40:00 EST,43.79067,-74.23933,1621,17.2,17.3,9.3,78.9,11.8,0.000,0.000,0.00,0.000,4.6,10.7,2.7,318,37,5.3,13.6,2.8,321,40,5.3,13.6,2.8,321,40,0,28.27,0.1,0,0,0,39.9,45.2,47.5,0.29,0.30,0.39
ILAK,2019-11-08 05:45:00 EST,43.79067,-74.23933,1621,17.2,17.2,11.4,79.1,11.8,0.000,0.000,0.00,0.000,3.2,9.1,2.6,324,33,3.7,10.5,2.5,329,40,3.7,10.5,2.5,329,40,0,28.28,0.1,0,0,0,39.9,45.1,47.5,0.29,0.30,0.39
ILAK,2019-11-08 05:50:00 EST,43.79067,-74.23933,1621,17.2,17.2,11.5,78.3,11.6,0.000,0.000,0.00,0.000,2.9,9.1,1.9,298,38,3.6,11.0,2.3,297,39,3.6,11.0,2.3,297,39,0,28.28,0.1,0,0,0,39.9,45.1,47.5,0.29,0.30,0.39
ILAK,2019-11-08 05:55:00 EST,43.79067,-74.23933,1621,17.1,17.1,11.3,78.9,11.7,0.000,0.000,0.00,0.000,2.8,10.2,2.5,278,44,3.7,12.8,3.1,284,45,3.7,12.8,3.1,284,45,0,28.28,0.1,0,0,0,39.8,45.1,47.5,0.29,0.30,0.39
ILAK,2019-11-08 06:00:00 EST,43.79067,-74.23933,1621,17.1,17.1,11.0,79.2,11.7,0.000,0.000,0.00,0.000,3.2,9.4,2.3,295,41,3.9,11.2,2.5,295,36,3.9,11.2,2.5,295,36,0,28.28,0.1,0,0,0,39.7,45.1,47.5,0.29,0.30,0.39
ILAK,2019-11-08 06:05:00 EST,43.79067,-74.23933,1621,17.0,17.1,17.0,78.7,11.6,0.000,0.000,0.00,0.000,2.1,7.4,1.7,285,35,2.8,9.1,1.9,294,39,2.8,9.1,1.9,294,39,0,28.28,0.1,0,0,0,39.7,45.1,47.5,0.29,0.30,0.39
ILAK,2019-11-08 06:10:00 EST,43.79067,-74.23933,1621,16.9,17.1,16.9,79.7,11.7,0.000,0.000,0.00,0.000,1.6,5.0,1.2,307,67,2.2,6.4,1.3,299,67,2.2,6.4,1.3,299,67,0,28.28,0.2,0,0,0,39.7,45.1,47.5,0.29,0.30,0.39
ILAK,2019-11-08 06:15:00 EST,43.79067,-74.23933,1621,17.2,17.2,10.7,79.4,11.9,0.000,0.000,0.00,0.000,3.3,9.3,2.0,316,37,4.2,10.0,2.2,320,36,4.2,10.0,2.2,320,36,0,28.28,0.1,0,0,0,39.7,45.1,47.5,0.29,0.30,0.39
ILAK,2019-11-08 06:20:00 EST,43.79067,-74.23933,1621,17.3,17.4,9.8,79.1,11.9,0.000,0.000,0.00,0.000,4.0,11.9,2.7,306,41,5.0,12.9,2.7,313,39,5.0,12.9,2.7,313,39,0,28.28,0.2,0,0,0,39.7,45.1,47.5,0.30,0.30,0.39
ILAK,2019-11-08 06:25:00 EST,43.79067,-74.23933,1621,17.4,17.4,12.0,79.3,12.1,0.000,0.000,0.00,0.000,2.6,10.9,2.5,306,46,3.5,13.6,2.7,312,46,3.5,13.6,2.7,312,46,0,28.29,0.2,0,0,0,39.7,45.1,47.5,0.29,0.30,0.39
ILAK,2019-11-08 06:30:00 EST,43.79067,-74.23933,1621,17.4,17.4,17.4,80.1,12.3,0.000,0.000,0.00,0.000,2.2,5.1,1.2,298,44,2.9,7.0,1.3,295,41,2.9,7.0,1.3,295,41,0,28.29,0.2,0,0,0,39.7,45.1,47.5,0.29,0.30,0.39
ILAK,2019-11-08 06:35:00 EST,43.79067,-74.23933,1621,17.6,17.6,10.5,80.7,12.6,0.000,0.000,0.00,0.000,4.1,10.7,2.1,318,40,4.7,10.7,2.3,326,38,4.7,10.7,2.3,326,38,1,28.29,0.1,0,0,0,39.7,45.1,47.5,0.29,0.30,0.39
ILAK,2019-11-08 06:40:00 EST,43.79067,-74.23933,1621,17.7,17.7,10.9,81.0,12.8,0.000,0.000,0.00,0.000,4.0,11.0,2.2,322,31,4.5,10.9,2.4,325,34,4.5,10.9,2.4,325,34,2,28.29,0.1,0,0,0,39.6,45.1,47.5,0.30,0.30,0.39
ILAK,2019-11-08 06:45:00 EST,43.79067,-74.23933,1621,17.7,17.7,11.6,81.8,13.1,0.000,0.000,0.00,0.000,3.3,9.9,2.0,328,33,4.0,10.1,2.0,335,31,4.0,10.1,2.0,335,31,2,28.30,0.2,0,0,0,39.6,45.1,47.5,0.30,0.30,0.39
ILAK,2019-11-08 06:50:00 EST,43.79067,-74.23933,1621,17.8,17.8,12.2,82.0,13.3,0.000,0.000,0.00,0.000,3.1,8.0,1.8,345,27,3.6,9.5,2.0,353,27,3.6,9.5,2.0,353,27,4,28.30,0.2,0,0,0,39.6,45.1,47.5,0.29,0.30,0.39
ILAK,2019-11-08 06:55:00 EST,43.79067,-74.23933,1621,18.0,17.9,18.0,82.2,13.5,0.000,0.000,0.00,0.000,2.5,7.2,1.4,337,37,2.9,7.6,1.6,341,37,2.9,7.6,1.6,341,37,5,28.30,0.2,0,0,0,39.6,45.1,47.5,0.30,0.30,0.39
ILAK,2019-11-08 07:00:00 EST,43.79067,-74.23933,1621,18.0,18.0,12.7,83.1,13.8,0.000,0.000,0.00,0.000,3.1,7.7,2.0,338,34,3.5,9.0,2.1,345,35,3.5,9.0,2.1,345,35,10,28.30,0.1,0,0,0,39.6,45.1,47.5,0.30,0.30,0.39
ILAK,2019-11-08 07:05:00 EST,43.79067,-74.23933,1621,18.1,18.0,13.5,83.3,13.9,0.000,0.000,0.00,0.000,2.5,4.7,1.1,7,26,3.1,6.0,1.2,9,23,3.1,6.0,1.2,9,23,12,28.31,0.1,0,0,0,39.6,45.1,47.5,0.30,0.30,0.39
ILAK,2019-11-08 07:10:00 EST,43.79067,-74.23933,1621,18.1,18.1,18.1,83.6,14.0,0.000,0.000,0.00,0.000,2.3,4.3,1.1,353,26,2.9,5.4,1.2,354,25,2.9,5.4,1.2,354,25,13,28.31,0.2,0,0,0,39.6,45.1,47.5,0.29,0.30,0.39
ILAK,2019-11-08 07:15:00 EST,43.79067,-74.23933,1621,18.2,18.2,18.2,83.9,14.2,0.000,0.000,0.00,0.000,1.9,4.5,1.0,8,29,2.1,5.7,1.3,15,27,2.1,5.7,1.3,15,27,14,28.31,0.2,0,0,0,39.6,45.1,47.5,0.29,0.30,0.39
ILAK,2019-11-08 07:20:00 EST,43.79067,-74.23933,1621,18.3,18.2,18.3,82.6,13.9,0.000,0.000,0.00,0.000,1.5,3.7,0.9,344,47,2.1,5.0,1.1,349,48,2.1,5.0,1.1,349,48,16,28.31,0.1,0,0,0,39.6,45.1,47.5,0.29,0.30,0.39
ILAK,2019-11-08 07:25:00 EST,43.79067,-74.23933,1621,18.2,18.2,13.3,82.2,13.7,0.000,0.000,0.00,0.000,2.6,7.2,2.3,336,34,3.2,9.0,2.4,339,40,3.2,9.0,2.4,339,40,21,28.32,0.2,0,0,0,39.6,45.1,47.5,0.30,0.30,0.39
ILAK,2019-11-08 07:30:00 EST,43.79067,-74.23933,1621,18.3,18.3,13.7,80.5,13.3,0.000,0.000,0.00,0.000,2.6,6.7,1.6,337,20,3.1,7.8,1.8,339,23,3.1,7.8,1.8,339,23,29,28.32,0.2,0,0,0,39.6,45.1,47.4,0.29,0.30,0.39
ILAK,2019-11-08 07:35:00 EST,43.79067,-74.23933,1621,18.5,18.5,13.0,79.8,13.3,0.000,0.000,0.00,0.000,2.8,9.7,1.8,316,38,3.6,14.2,2.4,321,33,3.6,14.2,2.4,321,33,33,28.32,0.2,0,0,0,39.6,45.1,47.5,0.29,0.30,0.39
ILAK,2019-11-08 07:40:00 EST,43.79067,-74.23933,1621,18.7,18.7,18.7,78.9,13.3,0.000,0.000,0.00,0.000,2.4,7.2,1.5,313,43,2.8,8.7,1.7,317,43,2.8,8.7,1.7,317,43,32,28.32,0.2,0,0,0,39.5,45.1,47.5,0.29,0.30,0.39
ILAK,2019-11-08 07:45:00 EST,43.79067,-74.23933,1621,18.8,18.8,14.4,79.2,13.4,0.000,0.000,0.00,0.000,2.2,7.3,1.5,331,49,3.0,7.4,1.6,337,49,3.0,7.4,1.6,337,49,37,28.32,0.2,0,0,0,39.4,45.1,47.5,0.29,0.30,0.39
ILAK,2019-11-08 07:50:00 EST,43.79067,-74.23933,1621,19.1,19.0,12.5,78.5,13.5,0.000,0.000,0.00,0.000,3.8,10.2,2.6,345,35,4.5,13.0,3.1,350,33,4.5,13.0,3.1,350,33,39,28.33,0.2,0,0,0,39.4,45.1,47.4,0.29,0.30,0.39
ILAK,2019-11-08 07:55:00 EST,43.79067,-74.23933,1621,19.2,19.1,14.7,78.8,13.7,0.000,0.000,0.00,0.000,2.7,6.9,1.3,341,31,3.1,9.1,1.6,342,30,3.1,9.1,1.6,342,30,47,28.33,0.1,0,0,0,39.4,45.1,47.5,0.29,0.30,0.39
ILAK,2019-11-08 08:00:00 EST,43.79067,-74.23933,1621,19.5,19.4,12.8,78.2,13.8,0.000,0.000,0.00,0.000,3.7,9.4,1.9,343,26,4.6,10.5,2.1,346,25,4.6,10.5,2.1,346,25,65,28.33,0.2,0,0,0,39.4,45.1,47.4,0.29,0.30,0.39
ILAK,2019-11-08 08:05:00 EST,43.79067,-74.23933,1621,19.6,19.5,19.6,78.2,14.0,0.000,0.000,0.00,0.000,2.5,7.0,2.1,339,37,3.0,8.2,2.2,343,36,3.0,8.2,2.2,343,36,53,28.33,0.2,0,0,0,39.4,45.0,47.3,0.29,0.30,0.39
ILAK,2019-11-08 08:10:00 EST,43.79067,-74.23933,1621,19.8,19.6,14.7,78.7,14.3,0.000,0.000,0.00,0.000,3.0,7.4,1.8,338,41,3.5,8.5,2.0,340,38,3.5,8.5,2.0,340,38,82,28.33,0.2,0,0,0,39.4,45.0,47.4,0.29,0.30,0.39
ILAK,2019-11-08 08:15:00 EST,43.79067,-74.23933,1621,20.0,19.7,13.6,79.1,14.5,0.000,0.000,0.00,0.000,3.6,8.3,2.4,328,30,4.4,10.9,2.7,334,30,4.4,10.9,2.7,334,30,102,28.33,0.2,0,0,0,39.4,45.0,47.5,0.29,0.30,0.39
ILAK,2019-11-08 08:20:00 EST,43.79067,-74.23933,1621,20.2,20.0,20.2,79.6,14.9,0.000,0.000,0.00,0.000,2.2,6.3,1.3,336,39,2.6,7.5,1.5,340,37,2.6,7.5,1.5,340,37,119,28.33,0.1,0,0,0,39.4,45.0,47.4,0.29,0.30,0.39
ILAK,2019-11-08 08:25:00 EST,43.79067,-74.23933,1621,20.4,20.1,13.3,79.3,15.1,0.000,0.000,0.00,0.000,4.3,11.5,2.7,323,36,5.2,11.1,2.6,330,33,5.2,11.1,2.6,330,33,95,28.34,0.2,0,0,0,39.4,45.0,47.4,0.29,0.30,0.39
ILAK,2019-11-08 08:30:00 EST,43.79067,-74.23933,1621,20.2,20.0,12.2,79.5,14.8,0.000,0.000,0.00,0.000,5.0,11.7,3.0,315,36,5.9,15.2,3.2,316,37,5.9,15.2,3.2,316,37,72,28.34,0.1,0,0,0,39.4,45.0,47.4,0.29,0.30,0.39
ILAK,2019-11-08 08:35:00 EST,43.79067,-74.23933,1621,20.1,19.9,11.7,79.8,14.9,0.000,0.000,0.00,0.000,5.4,12.6,2.5,318,34,6.4,14.0,3.0,326,29,6.4,14.0,3.0,326,29,83,28.34,0.2,0,0,0,39.4,45.0,47.4,0.29,0.30,0.39
ILAK,2019-11-08 08:40:00 EST,43.79067,-74.23933,1621,20.3,20.0,15.1,79.1,14.8,0.000,0.000,0.00,0.000,2.8,8.3,2.2,320,36,3.6,10.0,2.3,321,39,3.6,10.0,2.3,321,39,103,28.34,0.2,0,0,0,39.4,45.0,47.4,0.29,0.30,0.39
ILAK,2019-11-08 08:45:00 EST,43.79067,-74.23933,1621,20.4,20.2,13.8,78.2,14.8,0.000,0.000,0.00,0.000,3.9,9.7,2.0,295,44,4.7,10.1,2.1,308,44,4.7,10.1,2.1,308,44,124,28.34,0.2,0,0,0,39.4,45.0,47.3,0.29,0.30,0.39
ILAK,2019-11-08 08:50:00 EST,43.79067,-74.23933,1621,20.7,20.4,14.9,78.2,14.9,0.000,0.000,0.00,0.000,3.5,10.4,1.8,324,40,4.1,11.3,2.1,327,39,4.1,11.3,2.1,327,39,144,28.34,0.2,0,0,0,39.3,45.0,47.3,0.30,0.30,0.39
ILAK,2019-11-08 08:55:00 EST,43.79067,-74.23933,1621,20.8,20.7,11.9,76.2,14.5,0.000,0.000,0.00,0.000,6.5,16.1,3.0,320,33,7.2,17.7,3.2,324,35,7.2,17.7,3.2,324,35,130,28.34,0.2,0,0,0,39.2,45.0,47.3,0.29,0.30,0.39
ILAK,2019-11-08 09:00:00 EST,43.79067,-74.23933,1621,20.7,20.4,12.6,74.3,13.8,0.000,0.000,0.00,0.000,5.3,11.3,2.9,324,34,6.1,15.7,3.3,328,35,6.1,15.7,3.3,328,35,125,28.34,0.2,0,0,0,39.2,45.0,47.3,0.29,0.30,0.39
ILAK,2019-11-08 09:05:00 EST,43.79067,-74.23933,1621,21.0,20.7,13.3,,,0.000,0.000,0.00,0.000,5.0,14.2,2.7,323,36,5.8,12.5,2.7,328,37,5.8,12.5,2.7,328,37,167,28.35,0.1,0,0,0,39.2,45.0,47.3,0.29,0.30,0.39
ILAK,2019-11-08 09:10:00 EST,43.79067,-74.23933,1621,20.9,20.6,11.2,69.2,12.4,0.000,0.000,0.00,0.000,7.4,17.6,4.2,313,31,8.2,18.1,4.3,320,30,8.2,18.1,4.3,320,30,221,28.34,0.1,0,0,0,39.2,45.0,47.3,0.29,0.30,0.39
ILAK,2019-11-08 09:15:00 EST,43.79067,-74.23933,1621,21.4,20.9,14.2,68.6,12.6,0.000,0.000,0.00,0.000,4.4,10.1,2.2,322,41,5.4,11.4,2.5,323,39,5.4,11.4,2.5,323,39,213,28.35,0.2,0,0,0,39.2,45.0,47.3,0.29,0.30,0.39
ILAK,2019-11-08 09:20:00 EST,43.79067,-74.23933,1621,21.3,20.8,11.5,68.5,12.5,0.000,0.000,0.00,0.000,7.4,15.1,3.2,305,26,8.3,18.8,3.6,312,24,8.3,18.8,3.6,312,24,241,28.35,0.1,0,0,0,39.2,45.0,47.3,0.29,0.30,0.39
ILAK,2019-11-08 09:25:00 EST,43.79067,-74.23933,1621,21.3,20.9,13.1,68.3,12.5,0.000,0.000,0.00,0.000,5.7,14.8,3.7,315,36,6.4,16.9,3.6,316,35,6.4,16.9,3.6,316,35,246,28.35,0.2,0,0,0,39.2,45.0,47.3,0.29,0.30,0.39
ILAK,2019-11-08 09:30:00 EST,43.79067,-74.23933,1621,21.9,21.3,12.7,66.6,12.5,0.000,0.000,0.00,0.000,6.8,19.5,3.8,319,38,7.7,20.3,3.8,325,36,7.7,20.3,3.8,325,36,257,28.35,0.1,0,0,0,39.2,45.0,47.3,0.29,0.29,0.39
ILAK,2019-11-08 09:35:00 EST,43.79067,-74.23933,1621,21.9,21.4,12.6,63.5,11.4,0.000,0.000,0.00,0.000,6.8,14.5,3.4,315,43,8.0,19.4,4.1,319,39,8.0,19.4,4.1,319,39,278,28.35,0.1,0,0,0,39.2,45.0,47.3,0.29,0.30,0.39
ILAK,2019-11-08 09:40:00 EST,43.79067,-74.23933,1621,22.4,21.7,14.1,62.5,11.5,0.000,0.000,0.00,0.000,5.7,16.1,3.5,318,44,6.8,17.5,3.9,326,38,6.8,17.5,3.9,326,38,288,28.35,0.2,0,0,0,39.2,44.9,47.3,0.29,0.30,0.39
ILAK,2019-11-08 09:45:00 EST,43.79067,-74.23933,1621,22.5,22.0,15.7,61.6,11.3,0.000,0.000,0.00,0.000,4.2,13.8,2.8,308,41,5.2,13.6,2.9,314,39,5.2,13.6,2.9,314,39,238,28.35,0.1,0,0,0,39.2,44.9,47.3,0.29,0.29,0.39
ILAK,2019-11-08 09:50:00 EST,43.79067,-74.23933,1621,22.7,22.1,15.4,61.1,11.3,0.000,0.000,0.00,0.000,4.9,14.0,3.0,311,42,5.7,12.7,3.0,315,41,5.7,12.7,3.0,315,41,281,28.35,0.2,0,0,0,39.2,44.9,47.3,0.29,0.30,0.39
ILAK,2019-11-08 09:55:00 EST,43.79067,-74.23933,1621,22.7,22.2,14.6,60.8,11.2,0.000,0.000,0.00,0.000,5.3,13.1,3.3,327,28,6.6,15.8,3.4,333,29,6.6,15.8,3.4,333,29,283,28.35,0.2,0,0,0,39.2,44.8,47.3,0.29,0.30,0.39
ILAK,2019-11-08 10:00:00 EST,43.79067,-74.23933,1621,23.2,22.7,14.9,59.9,11.3,0.000,0.000,0.00,0.000,5.9,13.1,2.0,346,31,7.0,13.6,2.6,350,27,7.0,13.6,2.6,350,27,315,28.35,0.2,0,0,0,39.2,44.8,47.3,0.29,0.30,0.39
ILAK,2019-11-08 10:05:00 EST,43.79067,-74.23933,1621,22.9,22.4,14.6,59.9,11.1,0.000,0.000,0.00,0.000,6.1,15.1,3.0,322,37,6.9,17.1,3.4,324,35,6.9,17.1,3.4,324,35,185,28.35,0.0,0,0,0,39.2,44.8,47.3,0.29,0.29,0.39
ILAK,2019-11-08 10:10:00 EST,43.79067,-74.23933,1621,21.9,21.6,14.0,63.2,11.3,0.000,0.000,0.00,0.000,5.1,10.8,2.6,336,39,6.3,12.6,2.9,339,35,6.3,12.6,2.9,339,35,118,28.35,0.1,0,0,0,39.2,44.8,47.3,0.29,0.30,0.39
ILAK,2019-11-08 10:15:00 EST,43.79067,-74.23933,1621,21.6,21.2,16.1,71.4,13.7,0.000,0.000,0.00,0.000,2.9,9.7,2.6,309,49,3.9,11.3,2.7,309,52,3.9,11.3,2.7,309,52,129,28.36,0.1,0,0,0,39.2,44.8,47.3,0.29,0.29,0.39
ILAK,2019-11-08 10:20:00 EST,43.79067,-74.23933,1621,21.8,21.4,13.9,71.3,14.0,0.000,0.000,0.00,0.000,5.1,11.4,2.9,304,38,6.2,14.8,3.2,309,40,6.2,14.8,3.2,309,40,321,28.36,0.2,0,0,0,39.2,44.8,47.3,0.29,0.29,0.39
ILAK,2019-11-08 10:25:00 EST,43.79067,-74.23933,1621,22.4,21.9,13.6,67.0,13.1,0.000,0.000,0.00,0.000,6.4,12.8,2.6,328,30,7.4,14.5,3.0,333,31,7.4,14.5,3.0,333,31,348,28.36,0.2,0,0,0,39.2,44.8,47.3,0.29,0.29,0.39
ILAK,2019-11-08 10:30:00 EST,43.79067,-74.23933,1621,23.3,22.7,13.9,62.6,12.4,0.000,0.000,0.00,0.000,7.0,16.6,3.0,333,37,8.5,23.2,3.9,339,32,8.5,23.2,3.9,339,32,413,28.36,0.2,0,0,0,39.2,44.8,47.3,0.29,0.29,0.39
ILAK,2019-11-08 10:35:00 EST,43.79067,-74.23933,1621,23.8,23.0,16.3,60.7,12.2,0.000,0.000,0.00,0.000,5.1,14.6,3.3,324,53,6.1,15.9,3.5,334,52,6.1,15.9,3.5,334,52,336,28.36,0.1,0,0,0,39.2,44.8,47.3,0.29,0.29,0.39
ILAK,2019-11-08 10:40:00 EST,43.79067,-74.23933,1621,22.7,22.2,13.2,62.8,11.9,0.000,0.000,0.00,0.000,7.1,21.5,3.9,315,40,8.4,20.5,4.3,323,36,8.4,20.5,4.3,323,36,188,28.36,0.1,0,0,0,39.2,44.8,47.3,0.29,0.29,0.39
ILAK,2019-11-08 10:45:00 EST,43.79067,-74.23933,1621,22.5,22.1,14.0,63.9,12.1,0.000,0.000,0.00,0.000,6.0,15.7,3.9,300,42,6.9,17.9,4.4,306,43,6.9,17.9,4.4,306,43,206,28.36,0.2,0,0,0,39.2,44.8,47.3,0.29,0.29,0.39
ILAK,2019-11-08 10:50:00 EST,43.79067,-74.23933,1621,23.2,22.6,14.1,60.1,11.4,0.000,0.000,0.00,0.000,6.7,15.1,3.0,327,34,8.0,17.2,3.4,331,31,8.0,17.2,3.4,331,31,399,28.36,0.0,0,0,0,39.2,44.8,47.3,0.29,0.29,0.39
ILAK,2019-11-08 10:55:00 EST,43.79067,-74.23933,1621,22.7,22.2,13.3,59.1,10.5,0.000,0.000,0.00,0.000,7.0,21.1,4.8,318,33,8.3,22.5,4.9,320,34,8.3,22.5,4.9,320,34,209,28.36,0.0,0,0,0,39.2,44.8,47.3,0.29,0.29,0.39
ILAK,2019-11-08 11:00:00 EST,43.79067,-74.23933,1621,22.7,22.2,14.7,61.9,11.5,0.000,0.000,0.00,0.000,5.7,13.3,3.3,316,32,6.4,14.4,3.4,322,30,6.4,14.4,3.4,322,30,285,28.36,0.1,0,0,0,39.2,44.8,47.3,0.29,0.30,0.39
ILAK,2019-11-08 11:05:00 EST,43.79067,-74.23933,1621,23.1,22.5,17.4,63.7,12.6,0.000,0.000,0.00,0.000,3.4,10.6,2.6,344,44,4.3,12.5,2.9,343,41,4.3,12.5,2.9,343,41,315,28.36,0.2,0,0,0,39.2,44.8,47.3,0.29,0.29,0.39
ILAK,2019-11-08 11:10:00 EST,43.79067,-74.23933,1621,24.1,23.3,16.5,61.6,12.8,0.000,0.000,0.00,0.000,5.5,13.1,2.6,326,37,6.4,13.6,2.7,332,34,6.4,13.6,2.7,332,34,409,28.36,0.1,0,0,0,39.2,44.8,47.3,0.29,0.29,0.39
ILAK,2019-11-08 11:15:00 EST,43.79067,-74.23933,1621,23.7,23.2,15.9,58.8,11.4,0.000,0.000,0.00,0.000,5.3,13.7,2.9,310,35,6.4,14.3,2.9,311,35,6.4,14.3,2.9,311,35,288,28.36,0.0,0,0,0,39.2,44.8,47.3,0.29,0.29,0.39
ILAK,2019-11-08 11:20:00 EST,43.79067,-74.23933,1621,22.6,22.2,14.7,60.2,10.8,0.000,0.000,0.00,0.000,5.3,14.8,3.3,317,34,6.3,19.0,3.3,326,37,6.3,19.0,3.3,326,37,146,28.36,0.2,0,0,0,39.2,44.8,47.3,0.29,0.29,0.39
ILAK,2019-11-08 11:25:00 EST,43.79067,-74.23933,1621,22.2,21.8,14.7,63.2,11.6,0.000,0.000,0.00,0.000,4.8,14.5,3.2,308,44,5.9,16.7,3.3,311,42,5.9,16.7,3.3,311,42,179,28.36,0.2,0,0,0,39.2,44.8,47.3,0.29,0.30,0.39
ILAK,2019-11-08 11:30:00 EST,43.79067,-74.23933,1621,22.1,21.8,14.0,63.3,11.6,0.000,0.000,0.00,0.000,5.7,11.8,2.8,295,31,6.5,15.8,3.1,299,30,6.5,15.8,3.1,299,30,206,28.36,0.2,0,0,0,39.2,44.8,47.3,0.29,0.30,0.39
ILAK,2019-11-08 11:35:00 EST,43.79067,-74.23933,1621,22.6,22.0,14.8,62.6,11.7,0.000,0.000,0.00,0.000,5.4,12.7,2.9,329,36,6.2,15.6,3.3,336,34,6.2,15.6,3.3,336,34,276,28.36,0.2,0,0,0,39.2,44.8,47.3,0.29,0.30,0.39
ILAK,2019-11-08 11:40:00 EST,43.79067,-74.23933,1621,22.9,22.5,15.0,61.9,11.8,0.000,0.000,0.00,0.000,5.5,12.6,2.7,336,32,6.5,15.9,3.3,342,29,6.5,15.9,3.3,342,29,295,28.36,0.2,0,0,0,39.2,44.8,47.3,0.29,0.30,0.39
ILAK,2019-11-08 11:45:00 EST,43.79067,-74.23933,1621,23.2,22.5,14.4,59.3,11.1,0.000,0.000,0.00,0.000,6.9,14.0,2.9,333,33,7.6,16.6,3.4,335,31,7.6,16.6,3.4,335,31,325,28.36,0.2,0,0,0,39.2,44.8,47.3,0.29,0.30,0.39
ILAK,2019-11-08 11:50:00 EST,43.79067,-74.23933,1621,23.0,22.6,15.5,59.5,11.0,0.000,0.000,0.00,0.000,5.0,12.5,2.2,341,33,6.0,13.0,2.3,341,28,6.0,13.0,2.3,341,28,182,28.36,0.2,0,0,0,39.2,44.7,47.3,0.29,0.30,0.39
ILAK,2019-11-08 11:55:00 EST,43.79067,-74.23933,1621,22.6,22.1,13.3,61.1,11.1,0.000,0.000,0.00,0.000,7.1,14.8,3.4,333,30,8.1,16.0,3.5,338,25,8.1,16.0,3.5,338,25,148,28.36,0.2,0,0,0,39.2,44.8,47.3,0.29,0.30,0.39
ILAK,2019-11-08 12:00:00 EST,43.79067,-74.23933,1621,22.3,21.8,12.8,61.7,11.1,0.000,0.000,0.00,0.000,7.1,14.7,2.8,325,29,8.3,16.1,2.9,333,26,8.3,16.1,2.9,333,26,231,28.36,0.2,0,0,0,39.2,44.7,47.3,0.29,0.30,0.39
ILAK,2019-11-08 12:05:00 EST,43.79067,-74.23933,1621,22.9,22.4,15.9,61.2,11.5,0.000,0.000,0.00,0.000,4.7,11.3,3.0,339,38,5.5,12.9,3.1,342,39,5.5,12.9,3.1,342,39,257,28.36,0.1,0,0,0,39.2,44.7,47.3,0.29,0.30,0.39
ILAK,2019-11-08 12:10:00 EST,43.79067,-74.23933,1621,23.0,22.4,16.8,60.3,11.3,0.000,0.000,0.00,0.000,3.8,9.8,2.4,301,39,4.7,13.9,2.6,302,40,4.7,13.9,2.6,302,40,291,28.36,0.3,0,0,0,39.2,44.6,47.3,0.29,0.30,0.39
ILAK,2019-11-08 12:15:00 EST,43.79067,-74.23933,1621,24.2,23.4,17.5,61.2,12.8,0.000,0.000,0.00,0.000,4.4,11.5,2.9,310,50,5.4,13.7,3.0,310,50,5.4,13.7,3.0,310,50,397,28.36,0.2,0,0,0,39.2,44.6,47.3,0.29,0.30,0.39
ILAK,2019-11-08 12:20:00 EST,43.79067,-74.23933,1621,23.3,22.7,15.1,60.1,11.5,0.000,0.000,0.00,0.000,5.7,12.5,2.9,315,45,6.8,14.0,3.1,322,44,6.8,14.0,3.1,322,44,239,28.36,0.2,0,0,0,39.2,44.6,47.3,0.29,0.30,0.39
ILAK,2019-11-08 12:25:00 EST,43.79067,-74.23933,1621,23.4,22.8,15.2,60.6,11.8,0.000,0.000,0.00,0.000,6.3,12.5,2.8,326,28,6.9,15.7,3.2,330,28,6.9,15.7,3.2,330,28,216,28.36,0.2,0,0,0,39.2,44.6,47.3,0.29,0.30,0.39
ILAK,2019-11-08 12:30:00 EST,43.79067,-74.23933,1621,22.9,22.6,14.9,60.3,11.2,0.000,0.000,0.00,0.000,5.2,16.3,3.7,298,37,6.6,17.3,3.4,300,40,6.6,17.3,3.4,300,40,225,28.36,0.2,0,0,0,39.2,44.6,47.3,0.29,0.30,0.39
ILAK,2019-11-08 12:35:00 EST,43.79067,-74.23933,1621,23.6,23.0,16.7,60.8,12.0,0.000,0.000,0.00,0.000,4.7,13.7,3.5,307,38,5.5,14.8,3.4,311,41,5.5,14.8,3.4,311,41,312,28.35,0.2,0,0,0,39.2,44.6,47.3,0.29,0.30,0.39
ILAK,2019-11-08 12:40:00 EST,43.79067,-74.23933,1621,23.4,23.0,16.4,59.3,11.3,0.000,0.000,0.00,0.000,4.9,14.8,3.7,302,36,5.6,16.6,4.1,302,35,5.6,16.6,4.1,302,35,191,28.35,0.2,0,0,0,39.2,44.6,47.3,0.29,0.30,0.39
ILAK,2019-11-08 12:45:00 EST,43.79067,-74.23933,1621,23.1,22.7,14.5,59.6,11.1,0.000,0.000,0.00,0.000,6.0,16.1,3.6,316,41,7.4,18.2,3.6,325,42,7.4,18.2,3.6,325,42,239,28.35,0.2,0,0,0,39.2,44.6,47.3,0.29,0.29,0.39
ILAK,2019-11-08 12:50:00 EST,43.79067,-74.23933,1621,23.8,23.1,15.4,61.7,12.6,0.000,0.000,0.00,0.000,6.2,14.2,2.7,326,37,7.3,17.0,3.2,331,32,7.3,17.0,3.2,331,32,346,28.35,0.2,0,0,0,39.2,44.6,47.3,0.29,0.30,0.39
ILAK,2019-11-08 12:55:00 EST,43.79067,-74.23933,1621,23.5,23.1,16.1,62.6,12.6,0.000,0.000,0.00,0.000,5.1,12.3,2.8,323,40,6.0,14.7,3.3,325,40,6.0,14.7,3.3,325,40,190,28.36,0.1,0,0,0,39.2,44.6,47.3,0.29,0.30,0.39
ILAK,2019-11-08 13:00:00 EST,43.79067,-74.23933,1621,23.0,22.7,13.7,61.5,11.7,0.000,0.000,0.00,0.000,7.3,15.1,3.5,307,43,8.2,20.6,4.0,315,44,8.2,20.6,4.0,315,44,158,28.36,0.2,0,0,0,39.2,44.6,47.3,0.29,0.30,0.39
ILAK,2019-11-08 13:05:00 EST,43.79067,-74.23933,1621,22.9,22.6,13.6,61.1,11.5,0.000,0.000,0.00,0.000,7.0,16.6,4.2,315,37,8.2,19.8,4.5,319,35,8.2,19.8,4.5,319,35,216,28.36,0.1,0,0,0,39.2,44.6,47.3,0.29,0.30,0.39
ILAK,2019-11-08 13:10:00 EST,43.79067,-74.23933,1621,22.8,22.4,13.1,62.8,12.0,0.000,0.000,0.00,0.000,7.6,22.8,4.0,342,26,8.7,21.9,4.1,347,24,8.7,21.9,4.1,347,24,177,28.36,0.2,0,0,0,39.2,44.6,47.3,0.29,0.30,0.39
ILAK,2019-11-08 13:15:00 EST,43.79067,-74.23933,1621,23.1,22.6,13.9,64.9,13.0,0.000,0.000,0.00,0.000,6.9,14.0,3.3,334,24,8.1,17.9,3.8,341,23,8.1,17.9,3.8,341,23,184,28.36,0.1,0,0,0,39.2,44.6,47.3,0.29,0.30,0.39
ILAK,2019-11-08 13:20:00 EST,43.79067,-74.23933,1621,23.0,22.6,16.4,66.9,13.7,0.000,0.000,0.00,0.000,4.4,9.4,1.8,343,34,5.1,10.8,2.0,346,33,5.1,10.8,2.0,346,33,168,28.36,0.3,0,0,0,39.2,44.6,47.2,0.29,0.30,0.39
ILAK,2019-11-08 13:25:00 EST,43.79067,-74.23933,1621,23.1,22.7,14.5,66.6,13.7,0.000,0.000,0.00,0.000,6.3,13.5,3.1,347,41,7.4,16.6,3.5,351,39,7.4,16.6,3.5,351,39,175,28.36,0.2,0,0,0,39.2,44.6,47.2,0.29,0.30,0.39
ILAK,2019-11-08 13:30:00 EST,43.79067,-74.23933,1621,23.1,22.8,15.8,62.4,12.1,0.000,0.000,0.00,0.000,5.3,16.9,2.9,319,38,5.8,17.3,3.2,321,37,5.8,17.3,3.2,321,37,133,28.36,0.1,0,0,0,39.2,44.6,47.2,0.29,0.30,0.39
ILAK,2019-11-08 13:35:00 EST,43.79067,-74.23933,1621,22.9,22.6,15.9,62.9,12.1,0.000,0.000,0.00,0.000,4.4,18.0,3.8,339,42,5.5,22.8,4.2,339,40,5.5,22.8,4.2,339,40,139,28.36,0.1,0,0,0,39.2,44.6,47.1,0.29,0.30,0.39
ILAK,2019-11-08 13:40:00 EST,43.79067,-74.23933,1621,23.4,23.0,17.6,62.3,12.4,0.000,0.000,0.00,0.000,3.4,9.8,2.2,313,44,4.5,13.3,2.6,314,44,4.5,13.3,2.6,314,44,312,28.36,0.1,0,0,0,39.2,44.6,47.1,0.29,0.30,0.39
ILAK,2019-11-08 13:45:00 EST,43.79067,-74.23933,1621,23.4,23.0,15.2,61.1,12.0,0.000,0.000,0.00,0.000,6.0,15.7,2.9,323,39,7.0,19.1,3.4,327,35,7.0,19.1,3.4,327,35,173,28.36,0.1,0,0,0,39.2,44.6,47.1,0.29,0.30,0.39
ILAK,2019-11-08 13:50:00 EST,43.79067,-74.23933,1621,23.0,22.6,13.8,62.4,12.0,0.000,0.000,0.00,0.000,7.1,14.5,3.6,325,35,8.0,15.5,3.5,330,33,8.0,15.5,3.5,330,33,189,28.37,0.2,0,0,0,39.2,44.6,47.1,0.29,0.30,0.39
ILAK,2019-11-08 13:55:00 EST,43.79067,-74.23933,1621,23.7,23.2,14.8,61.8,12.5,0.000,0.000,0.00,0.000,6.8,18.9,3.7,327,35,7.9,21.9,4.1,335,26,7.9,21.9,4.1,335,26,280,28.37,0.1,0,0,0,39.2,44.6,47.1,0.29,0.30,0.39
ILAK,2019-11-08 14:00:00 EST,43.79067,-74.23933,1621,23.5,23.1,15.2,59.6,11.5,0.000,0.000,0.00,0.000,6.2,13.4,3.2,304,33,7.0,15.0,3.5,309,33,7.0,15.0,3.5,309,33,150,28.37,0.1,0,0,0,39.2,44.6,47.1,0.29,0.30,0.39
ILAK,2019-11-08 14:05:00 EST,43.79067,-74.23933,1621,23.3,23.0,14.7,59.6,11.3,0.000,0.000,0.00,0.000,6.2,14.2,3.2,324,36,7.4,17.2,3.4,326,34,7.4,17.2,3.4,326,34,138,28.37,0.1,0,0,0,39.2,44.6,47.1,0.29,0.30,0.39
ILAK,2019-11-08 14:10:00 EST,43.79067,-74.23933,1621,22.7,22.4,15.0,62.8,11.9,0.000,0.000,0.00,0.000,4.7,14.8,3.0,318,55,6.2,20.5,3.6,322,49,6.2,20.5,3.6,322,49,105,28.37,0.1,0,0,0,39.2,44.6,47.1,0.29,0.30,0.39
ILAK,2019-11-08 14:15:00 EST,43.79067,-74.23933,1621,22.8,22.5,16.0,65.7,13.0,0.000,0.000,0.00,0.000,4.5,12.7,2.7,312,31,5.3,15.2,3.0,317,30,5.3,15.2,3.0,317,30,144,28.37,0.1,0,0,0,39.2,44.5,47.1,0.29,0.30,0.39
ILAK,2019-11-08 14:20:00 EST,43.79067,-74.23933,1621,22.7,22.5,14.5,63.2,12.1,0.000,0.000,0.00,0.000,5.8,16.2,3.7,311,34,6.8,19.7,3.9,316,32,6.8,19.7,3.9,316,32,152,28.37,0.2,0,0,0,39.2,44.5,47.1,0.29,0.30,0.39
ILAK,2019-11-08 14:25:00 EST,43.79067,-74.23933,1621,22.8,22.5,13.4,62.5,12.0,0.000,0.000,0.00,0.000,7.6,15.9,3.4,321,29,8.4,18.8,3.8,326,24,8.4,18.8,3.8,326,24,124,28.37,0.1,0,0,0,39.2,44.5,47.1,0.29,0.30,0.39
ILAK,2019-11-08 14:30:00 EST,43.79067,-74.23933,1621,22.8,22.5,13.8,63.3,12.2,0.000,0.000,0.00,0.000,7.1,15.1,3.4,330,30,7.9,16.9,3.7,334,26,7.9,16.9,3.7,334,26,210,28.37,0.2,0,0,0,39.2,44.4,47.1,0.29,0.30,0.39
ILAK,2019-11-08 14:35:00 EST,43.79067,-74.23933,1621,23.1,22.8,15.3,63.4,12.5,0.000,0.000,0.00,0.000,5.4,14.9,2.8,331,37,6.4,16.4,3.0,337,33,6.4,16.4,3.0,337,33,126,28.37,0.2,0,0,0,39.2,44.4,47.1,0.29,0.30,0.39
ILAK,2019-11-08 14:40:00 EST,43.79067,-74.23933,1621,23.1,22.6,15.1,65.1,13.1,0.000,0.000,0.00,0.000,5.7,13.2,2.5,351,25,6.5,15.7,2.9,354,22,6.5,15.7,2.9,354,22,91,28.37,0.2,0,0,0,39.2,44.4,47.1,0.29,0.30,0.39
ILAK,2019-11-08 14:45:00 EST,43.79067,-74.23933,1621,23.0,22.7,14.9,62.9,12.2,0.000,0.000,0.00,0.000,5.9,12.4,2.5,334,33,6.7,17.6,2.8,335,33,6.7,17.6,2.8,335,33,98,28.37,0.1,0,0,0,39.2,44.4,47.1,0.29,0.30,0.39
ILAK,2019-11-08 14:50:00 EST,43.79067,-74.23933,1621,22.9,22.6,14.6,61.5,11.6,0.000,0.000,0.00,0.000,6.2,19.4,4.0,329,39,6.8,18.3,4.2,341,34,6.8,18.3,4.2,341,34,75,28.37,0.1,0,0,0,39.2,44.4,47.1,0.29,0.30,0.39
ILAK,2019-11-08 14:55:00 EST,43.79067,-74.23933,1621,22.6,22.4,14.1,63.5,12.1,0.000,0.000,0.00,0.000,6.1,15.0,3.5,306,35,7.1,19.1,3.9,313,33,7.1,19.1,3.9,313,33,88,28.38,0.2,0,0,0,39.2,44.4,47.1,0.29,0.30,0.39
ILAK,2019-11-08 15:00:00 EST,43.79067,-74.23933,1621,22.7,22.4,14.8,64.9,12.6,0.000,0.000,0.00,0.000,5.6,12.3,2.8,313,35,6.4,13.6,3.0,318,35,6.4,13.6,3.0,318,35,116,28.38,0.2,0,0,0,39.3,44.4,47.1,0.29,0.30,0.39
ILAK,2019-11-08 15:05:00 EST,43.79067,-74.23933,1621,22.8,22.5,15.2,63.9,12.4,0.000,0.000,0.00,0.000,4.8,13.2,3.1,306,38,6.1,16.3,3.5,313,38,6.1,16.3,3.5,313,38,119,28.38,0.2,0,0,0,39.2,44.4,47.1,0.29,0.30,0.39
ILAK,2019-11-08 15:10:00 EST,43.79067,-74.23933,1621,22.6,22.4,14.9,62.7,11.8,0.000,0.000,0.00,0.000,5.4,14.9,3.3,310,33,6.2,15.2,3.2,312,34,6.2,15.2,3.2,312,34,95,28.38,0.1,0,0,0,39.2,44.4,47.1,0.29,0.30,0.39
ILAK,2019-11-08 15:15:00 EST,43.79067,-74.23933,1621,22.8,22.6,17.5,63.2,12.1,0.000,0.000,0.00,0.000,3.1,9.5,2.1,308,43,3.9,10.9,2.3,309,42,3.9,10.9,2.3,309,42,113,28.38,0.2,0,0,0,39.2,44.4,47.1,0.29,0.30,0.39
ILAK,2019-11-08 15:20:00 EST,43.79067,-74.23933,1621,22.9,22.6,14.5,63.0,12.2,0.000,0.000,0.00,0.000,5.9,17.2,3.6,301,36,7.0,16.7,3.6,307,39,7.0,16.7,3.6,307,39,82,28.38,0.1,0,0,0,39.4,44.4,47.1,0.29,0.29,0.39
ILAK,2019-11-08 15:25:00 EST,43.79067,-74.23933,1621,22.5,22.3,15.6,63.4,11.9,0.000,0.000,0.00,0.000,4.4,14.0,3.0,322,38,5.3,13.1,2.9,321,37,5.3,13.1,2.9,321,37,46,28.38,0.1,0,0,0,39.4,44.4,47.1,0.29,0.29,0.39
ILAK,2019-11-08 15:30:00 EST,43.79067,-74.23933,1621,22.5,22.3,16.7,65.3,12.6,0.000,0.000,0.00,0.000,3.7,7.5,1.8,324,45,4.3,9.3,2.2,333,41,4.3,9.3,2.2,333,41,34,28.39,0.1,0,0,0,39.4,44.4,47.1,0.29,0.29,0.39
ILAK,2019-11-08 15:35:00 EST,43.79067,-74.23933,1621,21.6,21.4,13.7,71.6,13.8,0.000,0.000,0.00,0.000,5.1,12.8,3.1,333,38,6.1,15.5,3.6,337,37,6.1,15.5,3.6,337,37,29,28.39,0.1,0,0,0,39.4,44.4,47.1,0.29,0.29,0.39
ILAK,2019-11-08 15:40:00 EST,43.79067,-74.23933,1621,21.3,21.3,15.7,72.6,13.9,0.000,0.000,0.00,0.000,3.5,10.5,2.5,319,35,4.1,12.0,2.5,325,38,4.1,12.0,2.5,325,38,22,28.39,0.1,0,0,0,39.3,44.4,47.1,0.29,0.29,0.39
ILAK,2019-11-08 15:45:00 EST,43.79067,-74.23933,1621,21.3,21.3,13.7,71.5,13.5,0.000,0.000,0.00,0.000,5.1,12.7,3.0,312,32,5.8,16.1,3.1,313,30,5.8,16.1,3.1,313,30,25,28.39,0.1,0,0,0,39.4,44.4,47.1,0.29,0.29,0.39
ILAK,2019-11-08 15:50:00 EST,43.79067,-74.23933,1621,21.2,21.2,14.5,71.7,13.5,0.000,0.000,0.00,0.000,4.1,12.3,2.7,299,33,5.0,13.5,3.1,305,36,5.0,13.5,3.1,305,36,29,28.39,0.1,0,0,0,39.4,44.4,47.1,0.29,0.30,0.39
ILAK,2019-11-08 15:55:00 EST,43.79067,-74.23933,1621,21.1,21.1,15.3,71.4,13.3,0.000,0.000,0.00,0.000,3.3,8.8,2.1,322,41,4.2,10.9,2.4,323,42,4.2,10.9,2.4,323,42,32,28.39,0.1,0,0,0,39.4,44.4,47.1,0.29,0.29,0.39
ILAK,2019-11-08 16:00:00 EST,43.79067,-74.23933,1621,21.2,21.2,15.4,71.2,13.3,0.000,0.000,0.00,0.000,3.3,9.4,2.4,321,50,4.1,10.4,2.4,323,49,4.1,10.4,2.4,323,49,33,28.39,0.1,0,0,0,39.4,44.4,47.1,0.29,0.29,0.39
ILAK,2019-11-08 16:05:00 EST,43.79067,-74.23933,1621,21.2,21.2,13.3,71.1,13.3,0.000,0.000,0.00,0.000,5.2,12.5,2.8,312,35,6.1,13.1,2.9,318,36,6.1,13.1,2.9,318,36,26,28.39,0.1,0,0,0,39.4,44.4,47.1,0.29,0.29,0.39
ILAK,2019-11-08 16:10:00 EST,43.79067,-74.23933,1621,21.1,21.1,15.9,72.0,13.5,0.000,0.000,0.00,0.000,2.9,8.3,2.0,318,39,3.7,12.3,2.3,328,39,3.7,12.3,2.3,328,39,24,28.39,0.1,0,0,0,39.4,44.4,47.1,0.29,0.29,0.39
ILAK,2019-11-08 16:15:00 EST,43.79067,-74.23933,1621,21.3,21.3,13.8,70.3,13.1,0.000,0.000,0.00,0.000,4.6,12.8,2.6,333,48,5.6,14.3,2.7,337,46,5.6,14.3,2.7,337,46,23,28.40,0.1,0,0,0,39.4,44.4,47.1,0.29,0.29,0.39
ILAK,2019-11-08 16:20:00 EST,43.79067,-74.23933,1621,21.5,21.5,13.1,68.6,12.7,0.000,0.000,0.00,0.000,5.9,11.9,2.3,321,37,6.6,12.5,2.6,326,35,6.6,12.5,2.6,326,35,16,28.40,0.1,0,0,0,39.4,44.4,47.1,0.29,0.29,0.39
ILAK,2019-11-08 16:25:00 EST,43.79067,-74.23933,1621,21.4,21.5,14.7,67.4,12.3,0.000,0.000,0.00,0.000,4.1,13.8,2.7,317,39,5.0,16.4,2.9,318,42,5.0,16.4,2.9,318,42,12,28.40,0.1,0,0,0,39.4,44.4,47.1,0.29,0.29,0.39
ILAK,2019-11-08 16:30:00 EST,43.79067,-74.23933,1621,21.5,21.5,12.5,66.0,11.9,0.000,0.000,0.00,0.000,6.3,14.2,3.0,312,31,7.4,16.6,3.0,317,29,7.4,16.6,3.0,317,29,8,28.40,0.1,0,0,0,39.4,44.4,47.1,0.29,0.29,0.39
ILAK,2019-11-08 16:35:00 EST,43.79067,-74.23933,1621,21.5,21.5,13.1,64.7,11.5,0.000,0.000,0.00,0.000,5.8,16.1,3.6,332,36,6.7,18.3,4.4,335,33,6.7,18.3,4.4,335,33,5,28.40,0.1,0,0,0,39.4,44.4,47.1,0.29,0.29,0.39
ILAK,2019-11-08 16:40:00 EST,43.79067,-74.23933,1621,21.4,21.3,14.2,67.4,12.2,0.000,0.000,0.00,0.000,4.4,10.3,2.1,316,33,5.3,12.0,2.4,320,33,5.3,12.0,2.4,320,33,3,28.41,0.1,0,0,0,39.4,44.4,47.1,0.29,0.29,0.39
ILAK,2019-11-08 16:45:00 EST,43.79067,-74.23933,1621,21.3,21.3,14.1,69.5,12.9,0.000,0.000,0.00,0.000,4.7,10.0,2.3,337,36,5.4,12.4,2.5,342,32,5.4,12.4,2.5,342,32,2,28.41,0.1,0,0,0,39.4,44.4,47.1,0.30,0.29,0.39
ILAK,2019-11-08 16:50:00 EST,43.79067,-74.23933,1621,21.3,21.3,14.9,71.9,13.6,0.000,0.000,0.00,0.000,3.6,9.9,2.3,329,31,4.6,10.5,2.4,337,33,4.6,10.5,2.4,337,33,1,28.41,0.1,0,0,0,39.4,44.4,47.1,0.29,0.29,0.39
ILAK,2019-11-08 16:55:00 EST,43.79067,-74.23933,1621,21.2,21.1,14.8,72.8,13.8,0.000,0.000,0.00,0.000,4.0,8.9,2.0,323,29,4.6,11.2,2.4,329,31,4.6,11.2,2.4,329,31,0,28.42,0.2,0,0,0,39.4,44.4,47.1,0.30,0.29,0.39
ILAK,2019-11-08 17:00:00 EST,43.79067,-74.23933,1621,21.1,21.1,14.9,72.7,13.7,0.000,0.000,0.00,0.000,3.8,7.3,1.5,338,33,4.5,9.1,1.8,336,27,4.5,9.1,1.8,336,27,0,28.42,0.2,0,0,0,39.4,44.4,47.1,0.30,0.29,0.39
ILAK,2019-11-08 17:05:00 EST,43.79067,-74.23933,1621,21.2,21.1,16.9,71.5,13.4,0.000,0.000,0.00,0.000,2.4,5.8,1.7,317,34,3.1,7.5,1.7,323,43,3.1,7.5,1.7,323,43,0,28.42,0.2,0,0,0,39.4,44.4,47.1,0.29,0.29,0.39
ILAK,2019-11-08 17:10:00 EST,43.79067,-74.23933,1621,21.1,21.1,15.3,71.4,13.3,0.000,0.000,0.00,0.000,3.4,8.8,1.9,327,35,4.2,11.4,2.3,330,34,4.2,11.4,2.3,330,34,0,28.42,0.2,0,0,0,39.4,44.3,47.1,0.29,0.29,0.39
ILAK,2019-11-08 17:15:00 EST,43.79067,-74.23933,1621,21.1,21.1,15.5,71.3,13.3,0.000,0.000,0.00,0.000,3.3,10.4,2.0,323,36,4.1,10.2,2.1,330,35,4.1,10.2,2.1,330,35,0,28.42,0.2,0,0,0,39.4,44.4,47.1,0.30,0.29,0.39
ILAK,2019-11-08 17:20:00 EST,43.79067,-74.23933,1621,21.1,21.1,15.3,71.2,13.2,0.000,0.000,0.00,0.000,3.7,8.6,1.9,335,27,4.1,9.1,2.1,337,28,4.1,9.1,2.1,337,28,0,28.42,0.2,0,0,0,39.4,44.3,47.1,0.30,0.29,0.39
ILAK,2019-11-08 17:25:00 EST,43.79067,-74.23933,1621,21.0,21.0,14.0,71.5,13.3,0.000,0.000,0.00,0.000,4.3,13.4,2.7,334,29,5.2,15.2,2.9,338,25,5.2,15.2,2.9,338,25,0,28.42,0.2,0,0,0,39.4,44.4,47.1,0.30,0.29,0.39
ILAK,2019-11-08 17:30:00 EST,43.79067,-74.23933,1621,21.0,21.0,14.3,71.0,13.1,0.000,0.000,0.00,0.000,4.4,10.5,2.4,319,34,4.9,11.9,2.8,324,33,4.9,11.9,2.8,324,33,0,28.42,0.2,0,0,0,39.4,44.3,47.1,0.30,0.29,0.39
ILAK,2019-11-08 17:35:00 EST,43.79067,-74.23933,1621,21.0,21.0,15.9,70.5,12.9,0.000,0.000,0.00,0.000,2.7,7.2,1.8,294,34,3.7,9.2,1.9,297,39,3.7,9.2,1.9,297,39,0,28.43,0.1,0,0,0,39.4,44.3,47.1,0.30,0.29,0.39
ILAK,2019-11-08 17:40:00 EST,43.79067,-74.23933,1621,21.0,21.1,14.0,69.7,12.7,0.000,0.000,0.00,0.000,4.4,9.7,2.0,319,33,5.2,11.6,2.4,326,31,5.2,11.6,2.4,326,31,0,28.43,0.2,0,0,0,39.4,44.4,47.1,0.30,0.29,0.39
ILAK,2019-11-08 17:45:00 EST,43.79067,-74.23933,1621,21.0,21.0,15.4,69.0,12.4,0.000,0.000,0.00,0.000,3.2,10.7,1.9,310,31,4.0,10.1,1.9,319,33,4.0,10.1,1.9,319,33,0,28.43,0.1,0,0,0,39.4,44.2,47.1,0.30,0.29,0.39
ILAK,2019-11-08 17:50:00 EST,43.79067,-74.23933,1621,21.0,21.0,14.3,68.5,12.2,0.000,0.000,0.00,0.000,4.0,9.9,2.0,307,42,4.9,13.9,2.4,314,42,4.9,13.9,2.4,314,42,0,28.43,0.1,0,0,0,39.4,44.1,47.1,0.30,0.29,0.39
ILAK,2019-11-08 17:55:00 EST,43.79067,-74.23933,1621,21.0,21.0,15.5,67.9,12.0,0.000,0.000,0.00,0.000,3.1,8.3,2.2,329,46,3.9,8.6,2.3,330,45,3.9,8.6,2.3,330,45,0,28.44,0.1,0,0,0,39.4,44.1,47.1,0.30,0.29,0.39
ILAK,2019-11-08 18:00:00 EST,43.79067,-74.23933,1621,20.9,21.0,15.0,66.8,11.6,0.000,0.000,0.00,0.000,3.7,8.4,1.9,314,37,4.3,10.2,2.2,317,36,4.3,10.2,2.2,317,36,0,28.44,0.1,0,0,0,39.4,44.1,47.1,0.30,0.29,0.39
ILAK,2019-11-08 18:05:00 EST,43.79067,-74.23933,1621,20.9,20.9,15.3,66.4,11.4,0.000,0.000,0.00,0.000,3.2,7.9,1.7,327,46,3.9,9.6,2.0,324,46,3.9,9.6,2.0,324,46,0,28.44,0.1,0,0,0,39.4,44.1,47.1,0.30,0.29,0.39
ILAK,2019-11-08 18:10:00 EST,43.79067,-74.23933,1621,20.9,20.9,13.9,65.4,11.1,0.000,0.000,0.00,0.000,4.3,11.9,2.7,301,34,5.1,13.1,2.9,302,35,5.1,13.1,2.9,302,35,0,28.44,0.2,0,0,0,39.4,44.1,47.1,0.29,0.29,0.39
ILAK,2019-11-08 18:15:00 EST,43.79067,-74.23933,1621,20.8,20.9,15.4,65.4,11.0,0.000,0.000,0.00,0.000,3.0,7.5,1.7,298,40,3.8,10.9,1.9,301,41,3.8,10.9,1.9,301,41,0,28.44,0.1,0,0,0,39.4,44.1,47.0,0.29,0.29,0.39
ILAK,2019-11-08 18:20:00 EST,43.79067,-74.23933,1621,20.7,20.8,15.9,65.9,11.1,0.000,0.000,0.00,0.000,2.9,6.6,1.8,306,34,3.4,7.8,2.0,313,37,3.4,7.8,2.0,313,37,0,28.44,0.1,0,0,0,39.4,44.1,47.0,0.29,0.29,0.39
ILAK,2019-11-08 18:25:00 EST,43.79067,-74.23933,1621,20.7,20.8,20.7,66.9,11.4,0.000,0.000,0.00,0.000,0.7,3.0,0.8,14,31,1.0,4.1,0.9,17,42,1.0,4.1,0.9,17,42,0,28.45,0.2,0,0,0,39.4,44.1,47.0,0.29,0.29,0.39
ILAK,2019-11-08 18:30:00 EST,43.79067,-74.23933,1621,20.6,20.7,20.6,67.7,11.6,0.000,0.000,0.00,0.000,1.4,5.0,1.5,10,50,1.9,6.8,1.5,21,59,1.9,6.8,1.5,21,59,0,28.45,0.1,0,0,0,39.4,44.1,47.0,0.29,0.29,0.39
ILAK,2019-11-08 18:35:00 EST,43.79067,-74.23933,1621,20.6,20.7,20.6,68.4,11.9,0.000,0.000,0.00,0.000,2.2,6.2,1.4,284,49,2.5,7.1,1.6,287,51,2.5,7.1,1.6,287,51,0,28.45,0.2,0,0,0,39.3,44.1,47.0,0.29,0.29,0.39
ILAK,2019-11-08 18:40:00 EST,43.79067,-74.23933,1621,20.6,20.6,20.6,69.4,12.1,0.000,0.000,0.00,0.000,1.2,3.7,1.2,291,47,1.7,4.7,1.4,281,52,1.7,4.7,1.4,281,52,0,28.45,0.1,0,0,0,39.2,44.1,47.0,0.29,0.29,0.39
ILAK,2019-11-08 18:45:00 EST,43.79067,-74.23933,1621,20.6,20.6,14.6,68.7,11.9,0.000,0.000,0.00,0.000,3.6,7.6,1.7,331,28,4.2,8.3,1.8,341,26,4.2,8.3,1.8,341,26,0,28.45,0.2,0,0,0,39.3,44.1,47.0,0.29,0.29,0.39
ILAK,2019-11-08 18:50:00 EST,43.79067,-74.23933,1621,20.4,20.5,20.4,69.5,12.1,0.000,0.000,0.00,0.000,2.0,5.1,1.4,303,47,2.4,6.9,1.5,303,46,2.4,6.9,1.5,303,46,0,28.45,0.2,0,0,0,39.3,44.1,46.9,0.29,0.29,0.39
ILAK,2019-11-08 18:55:00 EST,43.79067,-74.23933,1621,20.5,20.5,20.5,70.3,12.4,0.000,0.000,0.00,0.000,1.2,3.8,0.9,260,42,1.6,4.5,0.9,254,50,1.6,4.5,0.9,254,50,0,28.45,0.2,0,0,0,39.3,44.1,47.0,0.29,0.29,0.39
ILAK,2019-11-08 19:00:00 EST,43.79067,-74.23933,1621,20.5,20.6,20.5,70.6,12.5,0.000,0.000,0.00,0.000,2.3,4.9,1.3,290,47,2.6,5.0,1.1,299,48,2.6,5.0,1.1,299,48,0,28.45,0.2,0,0,0,39.2,44.1,46.9,0.29,0.29,0.39
ILAK,2019-11-08 19:05:00 EST,43.79067,-74.23933,1621,20.6,20.6,20.6,70.5,12.5,0.000,0.000,0.00,0.000,1.7,4.2,0.8,306,40,2.0,5.7,0.9,308,41,2.0,5.7,0.9,308,41,0,28.45,0.2,0,0,0,39.2,44.1,46.9,0.29,0.29,0.39
ILAK,2019-11-08 19:10:00 EST,43.79067,-74.23933,1621,20.7,20.6,20.7,70.6,12.6,0.000,0.000,0.00,0.000,2.1,4.7,1.0,295,44,2.5,7.2,1.2,300,44,2.5,7.2,1.2,300,44,0,28.45,0.2,0,0,0,39.2,44.1,46.9,0.29,0.29,0.39
ILAK,2019-11-08 19:15:00 EST,43.79067,-74.23933,1621,20.8,20.7,20.8,71.4,12.9,0.000,0.000,0.00,0.000,2.1,5.8,1.1,264,35,2.4,6.2,1.2,266,34,2.4,6.2,1.2,266,34,0,28.46,0.2,0,0,0,39.2,44.1,46.9,0.29,0.29,0.39
ILAK,2019-11-08 19:20:00 EST,43.79067,-74.23933,1621,20.8,20.7,20.8,71.9,13.1,0.000,0.000,0.00,0.000,1.8,5.1,1.0,212,64,2.3,6.0,1.1,219,67,2.3,6.0,1.1,219,67,0,28.46,0.2,0,0,0,39.2,44.1,46.9,0.29,0.29,0.39
ILAK,2019-11-08 19:25:00 EST,43.79067,-74.23933,1621,20.8,20.8,20.8,71.9,13.2,0.000,0.000,0.00,0.000,2.1,4.2,1.1,241,22,2.7,5.0,1.1,248,25,2.7,5.0,1.1,248,25,0,28.46,0.2,0,0,0,39.2,44.1,46.9,0.29,0.29,0.39
ILAK,2019-11-08 19:30:00 EST,43.79067,-74.23933,1621,20.9,20.8,20.9,73.2,13.6,0.000,0.000,0.00,0.000,2.2,6.3,1.6,268,34,2.5,7.0,1.8,276,39,2.5,7.0,1.8,276,39,0,28.46,0.2,0,0,0,39.2,44.1,46.9,0.29,0.29,0.39
ILAK,2019-11-08 19:35:00 EST,43.79067,-74.23933,1621,20.9,20.8,20.9,73.5,13.7,0.000,0.000,0.00,0.000,1.7,6.3,1.6,298,25,2.1,7.2,1.6,302,25,2.1,7.2,1.6,302,25,0,28.46,0.2,0,0,0,39.2,44.1,46.9,0.29,0.29,0.39
ILAK,2019-11-08 19:40:00 EST,43.79067,-74.23933,1621,20.9,20.8,20.9,74.2,13.9,0.000,0.000,0.00,0.000,1.8,4.7,1.2,224,30,2.3,5.0,1.0,227,33,2.3,5.0,1.0,227,33,0,28.46,0.2,0,0,0,39.2,44.1,46.9,0.29,0.29,0.39
ILAK,2019-11-08 19:45:00 EST,43.79067,-74.23933,1621,20.9,20.8,20.9,74.7,14.1,0.000,0.000,0.00,0.000,1.2,3.0,0.8,245,49,1.6,3.8,0.8,243,50,1.6,3.8,0.8,243,50,0,28.46,0.2,0,0,0,39.2,44.1,46.9,0.29,0.29,0.39
ILAK,2019-11-08 19:50:00 EST,43.79067,-74.23933,1621,20.9,20.8,20.9,75.1,14.2,0.000,0.000,0.00,0.000,2.5,7.1,1.9,256,27,3.0,9.2,2.2,258,28,3.0,9.2,2.2,258,28,0,28.46,0.2,0,0,0,39.2,44.1,46.9,0.29,0.29,0.39
ILAK,2019-11-08 19:55:00 EST,43.79067,-74.23933,1621,20.9,20.8,15.8,75.2,14.3,0.000,0.000,0.00,0.000,3.1,6.7,1.6,274,29,3.6,8.3,1.7,276,31,3.6,8.3,1.7,276,31,0,28.46,0.2,0,0,0,39.2,44.1,46.9,0.29,0.29,0.39
ILAK,2019-11-08 20:00:00 EST,43.79067,-74.23933,1621,20.9,20.8,15.6,75.6,14.4,0.000,0.000,0.00,0.000,3.3,8.3,1.4,288,34,3.7,8.6,1.4,292,33,3.7,8.6,1.4,292,33,0,28.46,0.2,0,0,0,39.2,44.1,46.9,0.29,0.29,0.39
ILAK,2019-11-08 20:05:00 EST,43.79067,-74.23933,1621,20.9,20.8,15.9,75.8,14.4,0.000,0.000,0.00,0.000,3.1,5.8,1.4,232,29,3.6,6.8,1.4,233,30,3.6,6.8,1.4,233,30,0,28.46,0.2,0,0,0,39.2,44.1,46.9,0.29,0.29,0.39
ILAK,2019-11-08 20:10:00 EST,43.79067,-74.23933,1621,20.9,20.8,20.9,76.1,14.6,0.000,0.000,0.00,0.000,2.1,5.6,1.5,235,37,2.5,5.7,1.5,240,40,2.5,5.7,1.5,240,40,0,28.46,0.2,0,0,0,39.2,44.1,46.9,0.29,0.29,0.39
ILAK,2019-11-08 20:15:00 EST,43.79067,-74.23933,1621,20.8,20.8,20.8,76.4,14.6,0.000,0.000,0.00,0.000,1.8,4.1,0.9,227,30,2.2,5.6,1.1,228,30,2.2,5.6,1.1,228,30,0,28.46,0.2,0,0,0,39.2,44.1,46.9,0.29,0.29,0.39
ILAK,2019-11-08 20:20:00 EST,43.79067,-74.23933,1621,20.7,20.7,20.7,76.4,14.5,0.000,0.000,0.00,0.000,2.3,4.7,1.2,222,49,2.7,4.9,1.1,228,51,2.7,4.9,1.1,228,51,0,28.46,0.2,0,0,0,39.2,44.1,46.9,0.29,0.29,0.39
ILAK,2019-11-08 20:25:00 EST,43.79067,-74.23933,1621,20.7,20.7,16.4,76.3,14.4,0.000,0.000,0.00,0.000,2.8,3.9,0.6,248,31,3.0,5.5,0.8,251,31,3.0,5.5,0.8,251,31,0,28.46,0.2,0,0,0,39.2,44.1,46.9,0.29,0.29,0.39
ILAK,2019-11-08 20:30:00 EST,43.79067,-74.23933,1621,20.5,20.6,20.5,77.2,14.5,0.000,0.000,0.00,0.000,1.2,4.2,1.2,226,27,1.4,4.8,1.2,222,35,1.4,4.8,1.2,222,35,0,28.46,0.2,0,0,0,39.2,44.1,46.9,0.29,0.29,0.39
ILAK,2019-11-08 20:35:00 EST,43.79067,-74.23933,1621,20.1,20.3,20.1,77.9,14.3,0.000,0.000,0.00,0.000,1.2,3.4,1.0,237,44,1.6,4.2,1.2,242,48,1.6,4.2,1.2,242,48,0,28.46,0.2,0,0,0,39.2,44.1,46.9,0.29,0.29,0.39
ILAK,2019-11-08 20:40:00 EST,43.79067,-74.23933,1621,20.0,20.2,20.0,78.4,14.4,0.000,0.000,0.00,0.000,1.0,4.4,1.2,179,29,1.5,5.6,1.3,177,39,1.5,5.6,1.3,177,39,0,28.46,0.1,0,0,0,39.2,44.1,46.9,0.29,0.29,0.39
ILAK,2019-11-08 20:45:00 EST,43.79067,-74.23933,1621,19.9,20.1,19.9,78.2,14.2,0.000,0.000,0.00,0.000,2.2,5.2,1.6,235,22,2.6,5.5,1.6,240,24,2.6,5.5,1.6,240,24,0,28.46,0.2,0,0,0,39.2,44.1,46.9,0.29,0.29,0.39
ILAK,2019-11-08 20:50:00 EST,43.79067,-74.23933,1621,19.9,20.0,19.9,78.3,14.2,0.000,0.000,0.00,0.000,0.7,2.0,0.6,261,15,1.1,2.8,0.7,258,21,1.1,2.8,0.7,258,21,0,28.46,0.2,0,0,0,39.2,44.0,46.9,0.29,0.29,0.39
ILAK,2019-11-08 20:55:00 EST,43.79067,-74.23933,1621,19.4,19.9,19.4,79.1,14.0,0.000,0.000,0.00,0.000,0.7,1.6,0.5,157,15,1.0,2.0,0.6,159,17,1.0,2.0,0.6,159,17,0,28.46,0.1,0,0,0,39.2,44.1,46.9,0.29,0.29,0.39
ILAK,2019-11-08 21:00:00 EST,43.79067,-74.23933,1621,18.6,19.4,18.6,81.4,13.8,0.000,0.000,0.00,0.000,0.9,2.3,0.7,54,44,1.4,3.3,0.8,38,43,1.4,3.3,0.8,38,43,0,28.46,0.1,0,0,0,39.2,44.1,46.9,0.29,0.29,0.39
ILAK,2019-11-08 21:05:00 EST,43.79067,-74.23933,1621,18.6,19.2,18.6,82.2,14.1,0.000,0.000,0.00,0.000,0.6,1.8,0.6,306,32,0.9,2.5,0.8,317,39,0.9,2.5,0.8,317,39,0,28.46,0.2,0,0,0,39.2,44.1,46.9,0.29,0.29,0.39
ILAK,2019-11-08 21:10:00 EST,43.79067,-74.23933,1621,19.0,19.6,19.0,81.5,14.3,0.000,0.000,0.00,0.000,0.6,1.2,0.4,231,43,1.0,1.7,0.4,230,54,1.0,1.7,0.4,230,54,0,28.46,0.1,0,0,0,39.2,44.0,46.9,0.29,0.29,0.39
ILAK,2019-11-08 21:15:00 EST,43.79067,-74.23933,1621,18.7,19.6,18.7,82.0,14.1,0.000,0.000,0.00,0.000,1.0,2.6,0.7,174,19,1.4,3.5,0.8,179,24,1.4,3.5,0.8,179,24,0,28.46,0.1,0,0,0,39.2,44.0,46.9,0.29,0.29,0.39
ILAK,2019-11-08 21:20:00 EST,43.79067,-74.23933,1621,18.8,19.5,18.8,81.5,14.0,0.000,0.000,0.00,0.000,2.0,3.8,0.9,296,50,2.4,5.2,1.1,305,49,2.4,5.2,1.1,305,49,0,28.46,0.0,0,0,0,39.2,44.0,46.9,0.29,0.29,0.39
ILAK,2019-11-08 21:25:00 EST,43.79067,-74.23933,1621,19.3,19.6,19.3,79.6,14.0,0.000,0.000,0.00,0.000,0.9,3.6,0.9,347,42,1.4,4.2,0.9,347,50,1.4,4.2,0.9,347,50,0,28.46,0.2,0,0,0,39.2,44.0,46.9,0.29,0.29,0.39
ILAK,2019-11-08 21:30:00 EST,43.79067,-74.23933,1621,18.9,19.3,18.9,79.4,13.6,0.000,0.000,0.00,0.000,1.8,3.9,0.9,23,31,2.2,4.6,1.0,24,31,2.2,4.6,1.0,24,31,0,28.47,0.1,0,0,0,39.2,44.0,46.9,0.29,0.29,0.39
ILAK,2019-11-08 21:35:00 EST,43.79067,-74.23933,1621,19.0,19.5,19.0,80.2,14.0,0.000,0.000,0.00,0.000,0.9,2.8,0.7,327,35,1.3,2.8,0.7,332,32,1.3,2.8,0.7,332,32,0,28.47,0.0,0,0,0,39.2,43.9,46.9,0.29,0.29,0.39
ILAK,2019-11-08 21:40:00 EST,43.79067,-74.23933,1621,18.5,19.5,18.5,80.0,13.4,0.000,0.000,0.00,0.000,2.1,4.1,1.0,56,16,2.5,4.5,1.1,56,18,2.5,4.5,1.1,56,18,0,28.47,0.1,0,0,0,39.2,43.9,46.9,0.29,0.29,0.39
ILAK,2019-11-08 21:45:00 EST,43.79067,-74.23933,1621,18.4,19.4,18.4,80.8,13.5,0.000,0.000,0.00,0.000,1.2,3.4,0.8,348,39,1.5,4.6,1.0,348,40,1.5,4.6,1.0,348,40,0,28.47,0.2,0,0,0,39.2,43.9,46.9,0.29,0.29,0.39
ILAK,2019-11-08 21:50:00 EST,43.79067,-74.23933,1621,18.8,19.4,18.8,82.1,14.2,0.000,0.000,0.00,0.000,1.0,2.1,0.7,35,22,1.4,2.7,0.7,35,27,1.4,2.7,0.7,35,27,0,28.47,0.2,0,0,0,39.2,43.9,46.9,0.29,0.29,0.39
ILAK,2019-11-08 21:55:00 EST,43.79067,-74.23933,1621,18.7,19.4,18.7,81.4,13.9,0.000,0.000,0.00,0.000,2.7,5.3,1.0,72,26,2.9,6.1,1.1,71,26,2.9,6.1,1.1,71,26,0,28.46,0.2,0,0,0,39.2,43.9,46.9,0.29,0.29,0.39
ILAK,2019-11-08 22:00:00 EST,43.79067,-74.23933,1621,18.2,18.8,18.2,82.1,13.7,0.000,0.000,0.00,0.000,1.1,2.9,0.7,339,34,1.6,3.2,0.9,342,30,1.6,3.2,0.9,342,30,0,28.47,0.2,0,0,0,39.2,43.9,46.9,0.29,0.29,0.39
ILAK,2019-11-08 22:05:00 EST,43.79067,-74.23933,1621,18.0,18.8,18.0,83.9,14.0,0.000,0.000,0.00,0.000,2.3,4.6,0.9,342,45,2.5,5.8,0.9,343,45,2.5,5.8,0.9,343,45,0,28.46,0.3,0,0,0,39.2,43.9,46.9,0.29,0.29,0.39
ILAK,2019-11-08 22:10:00 EST,43.79067,-74.23933,1621,18.2,18.8,18.2,83.2,14.0,0.000,0.000,0.00,0.000,1.9,5.0,1.1,17,35,2.3,6.3,1.2,14,33,2.3,6.3,1.2,14,33,0,28.46,0.2,0,0,0,39.2,43.9,46.9,0.29,0.29,0.39
ILAK,2019-11-08 22:15:00 EST,43.79067,-74.23933,1621,18.3,19.0,13.6,83.8,14.2,0.000,0.000,0.00,0.000,2.6,4.7,0.9,1,22,3.1,5.3,1.1,3,21,3.1,5.3,1.1,3,21,0,28.46,0.2,0,0,0,39.2,43.9,46.9,0.29,0.29,0.39
ILAK,2019-11-08 22:20:00 EST,43.79067,-74.23933,1621,18.2,18.9,18.2,82.8,13.9,0.000,0.000,0.00,0.000,2.3,3.5,0.5,350,21,2.7,4.8,0.8,353,19,2.7,4.8,0.8,353,19,0,28.46,0.1,0,0,0,39.2,43.9,46.9,0.29,0.29,0.39
ILAK,2019-11-08 22:25:00 EST,43.79067,-74.23933,1621,18.0,18.7,18.0,83.4,13.8,0.000,0.000,0.00,0.000,2.3,4.1,0.9,341,27,2.7,5.1,1.1,345,23,2.7,5.1,1.1,345,23,0,28.46,0.2,0,0,0,39.2,43.9,46.9,0.29,0.29,0.39
ILAK,2019-11-08 22:30:00 EST,43.79067,-74.23933,1621,18.0,18.6,18.0,84.1,14.0,0.000,0.000,0.00,0.000,1.6,3.3,0.8,347,18,1.9,3.4,0.9,348,18,1.9,3.4,0.9,348,18,0,28.46,0.2,0,0,0,39.2,43.9,46.9,0.29,0.29,0.39
ILAK,2019-11-08 22:35:00 EST,43.79067,-74.23933,1621,17.7,18.4,17.7,84.7,13.9,0.000,0.000,0.00,0.000,2.2,5.4,0.9,336,28,2.7,6.1,1.1,341,24,2.7,6.1,1.1,341,24,0,28.46,0.3,0,0,0,39.2,43.9,46.8,0.29,0.29,0.39
ILAK,2019-11-08 22:40:00 EST,43.79067,-74.23933,1621,17.7,18.4,17.7,85.3,14.0,0.000,0.000,0.00,0.000,2.1,3.9,0.7,343,23,2.6,4.5,0.8,347,22,2.6,4.5,0.8,347,22,0,28.46,0.2,0,0,0,39.2,43.9,46.8,0.29,0.29,0.39
ILAK,2019-11-08 22:45:00 EST,43.79067,-74.23933,1621,17.7,18.3,17.7,85.8,14.2,0.000,0.000,0.00,0.000,1.7,4.2,0.7,343,25,2.1,5.7,0.8,347,23,2.1,5.7,0.8,347,23,0,28.46,0.1,0,0,0,39.1,43.9,46.9,0.29,0.29,0.39
ILAK,2019-11-08 22:50:00 EST,43.79067,-74.23933,1621,17.2,18.0,17.2,86.2,13.8,0.000,0.000,0.00,0.000,1.6,3.7,0.7,346,22,1.9,4.9,1.0,349,23,1.9,4.9,1.0,349,23,0,28.46,0.3,0,0,0,39.1,43.9,46.9,0.29,0.29,0.39
ILAK,2019-11-08 22:55:00 EST,43.79067,-74.23933,1621,17.5,18.0,17.5,87.2,14.3,0.000,0.000,0.00,0.000,1.6,4.7,1.2,353,27,2.1,6.2,1.4,357,27,2.1,6.2,1.4,357,27,0,28.46,0.2,0,0,0,39.0,43.9,46.9,0.29,0.29,0.39
ILAK,2019-11-08 23:00:00 EST,43.79067,-74.23933,1621,17.3,18.2,12.2,87.3,14.2,0.000,0.000,0.00,0.000,2.6,5.3,1.2,345,23,3.3,6.3,1.2,350,22,3.3,6.3,1.2,350,22,0,28.46,0.2,0,0,0,39.0,43.9,46.8,0.29,0.29,0.39
ILAK,2019-11-08 23:05:00 EST,43.79067,-74.23933,1621,17.4,18.1,17.4,87.0,14.2,0.000,0.000,0.00,0.000,1.8,4.1,1.0,325,26,2.2,5.7,1.2,330,25,2.2,5.7,1.2,330,25,0,28.46,0.3,0,0,0,39.0,43.9,46.8,0.29,0.29,0.39
ILAK,2019-11-08 23:10:00 EST,43.79067,-74.23933,1621,17.5,18.0,17.5,87.2,14.3,0.000,0.000,0.00,0.000,2.3,4.2,1.0,323,26,2.7,5.9,1.2,332,22,2.7,5.9,1.2,332,22,0,28.46,0.3,0,0,0,39.0,43.9,46.8,0.29,0.29,0.39
ILAK,2019-11-08 23:15:00 EST,43.79067,-74.23933,1621,17.6,18.1,17.6,86.8,14.4,0.000,0.000,0.00,0.000,2.3,7.5,1.8,313,26,2.9,8.0,1.9,313,31,2.9,8.0,1.9,313,31,0,28.46,0.3,0,0,0,39.0,43.9,46.8,0.29,0.29,0.39
ILAK,2019-11-08 23:20:00 EST,43.79067,-74.23933,1621,17.4,18.0,17.4,86.1,14.0,0.000,0.000,0.00,0.000,2.0,5.2,0.9,307,30,2.5,5.9,1.1,309,32,2.5,5.9,1.1,309,32,0,28.46,0.2,0,0,0,39.0,43.9,46.8,0.29,0.29,0.39
ILAK,2019-11-08 23:25:00 EST,43.79067,-74.23933,1621,17.1,18.0,17.1,87.0,13.9,0.000,0.000,0.00,0.000,0.8,2.3,0.6,292,34,1.2,3.4,0.7,290,42,1.2,3.4,0.7,290,42,0,28.46,0.2,0,0,0,39.0,43.9,46.8,0.29,0.29,0.39
ILAK,2019-11-08 23:30:00 EST,43.79067,-74.23933,1621,16.7,17.9,16.7,88.0,13.7,0.000,0.000,0.00,0.000,1.5,4.1,0.9,319,17,1.8,4.1,0.9,319,20,1.8,4.1,0.9,319,20,0,28.46,0.3,0,0,0,39.0,43.9,46.8,0.29,0.29,0.39
ILAK,2019-11-08 23:35:00 EST,43.79067,-74.23933,1621,16.6,17.7,16.6,88.7,13.8,0.000,0.000,0.00,0.000,1.1,3.2,0.9,302,19,1.5,3.4,0.7,300,30,1.5,3.4,0.7,300,30,0,28.46,0.3,0,0,0,39.0,43.9,46.8,0.29,0.29,0.39
ILAK,2019-11-08 23:40:00 EST,43.79067,-74.23933,1621,16.3,17.8,16.3,88.8,13.5,0.000,0.000,0.00,0.000,1.2,2.6,0.6,321,17,1.4,3.1,0.6,322,22,1.4,3.1,0.6,322,22,0,28.46,0.3,0,0,0,39.0,43.9,46.8,0.29,0.29,0.39
ILAK,2019-11-08 23:45:00 EST,43.79067,-74.23933,1621,16.0,17.8,16.0,89.8,13.6,0.000,0.000,0.00,0.000,0.7,1.8,0.6,312,16,1.0,2.2,0.6,310,23,1.0,2.2,0.6,310,23,0,28.46,0.3,0,0,0,38.9,43.9,46.8,0.29,0.29,0.39
ILAK,2019-11-08 23:50:00 EST,43.79067,-74.23933,1621,15.6,17.8,15.6,90.2,13.3,0.000,0.000,0.00,0.000,0.3,1.8,0.5,359,4,0.8,3.1,0.8,359,9,0.8,3.1,0.8,359,9,0,28.46,0.3,0,0,0,38.8,43.9,46.8,0.29,0.29,0.39
ILAK,2019-11-08 23:55:00 EST,43.79067,-74.23933,1621,15.5,17.0,15.5,91.5,13.4,0.000,0.000,0.00,0.000,0.8,2.9,0.7,318,37,1.3,2.9,0.6,309,44,1.3,2.9,0.6,309,44,0,28.46,0.3,0,0,0,38.8,43.9,46.8,0.29,0.29,0.39
JOHN,2019-11-08 00:00:00 EST,42.98428,-74.30177,745,24.1,25.2,20.3,88.3,21.2,0.000,0.130,0.00,0.000,3.0,4.5,0.4,305,9,3.1,4.7,0.5,305,8,3.1,4.7,0.5,305,8,0,29.27,-0.1,0,0,0,44.3,46.8,48.6,0.60,0.48,0.34
JOHN,2019-11-08 00:05:00 EST,42.98428,-74.30177,745,23.9,25.1,23.9,88.5,21.0,0.000,0.000,0.00,0.000,2.8,3.6,0.3,305,7,2.9,4.0,0.4,307,6,2.9,4.0,0.4,307,6,0,29.27,-0.1,0,0,0,44.3,46.8,48.6,0.60,0.48,0.34
JOHN,2019-11-08 00:10:00 EST,42.98428,-74.30177,745,24.1,25.0,19.8,88.3,21.1,0.000,0.000,0.00,0.000,3.1,4.4,0.6,302,10,3.3,4.6,0.7,302,10,3.3,4.6,0.7,302,10,0,29.27,-0.1,0,0,0,44.1,46.8,48.6,0.60,0.48,0.34
JOHN,2019-11-08 00:15:00 EST,42.98428,-74.30177,745,24.0,25.1,18.0,87.6,20.8,0.000,0.000,0.00,0.000,4.0,5.1,0.5,275,9,4.6,6.5,0.8,273,8,4.6,6.5,0.8,273,8,0,29.27,-0.1,0,0,0,44.1,46.8,48.6,0.60,0.48,0.34
JOHN,2019-11-08 00:20:00 EST,42.98428,-74.30177,745,23.7,25.0,18.2,88.0,20.7,0.000,0.000,0.00,0.000,3.6,5.0,0.6,284,13,4.2,6.1,0.8,282,12,4.2,6.1,0.8,282,12,0,29.27,-0.0,0,0,0,44.1,46.8,48.6,0.60,0.48,0.34
JOHN,2019-11-08 00:25:00 EST,42.98428,-74.30177,745,23.9,24.8,19.5,88.7,21.1,0.000,0.000,0.00,0.000,3.0,5.3,0.8,290,19,3.4,6.3,1.0,289,18,3.4,6.3,1.0,289,18,0,29.27,-0.1,0,0,0,44.1,46.8,48.6,0.60,0.48,0.34
JOHN,2019-11-08 00:30:00 EST,42.98428,-74.30177,745,23.4,24.5,18.5,88.8,20.6,0.000,0.000,0.00,0.000,3.6,5.9,0.8,308,10,3.8,6.3,0.9,307,9,3.8,6.3,0.9,307,9,0,29.27,-0.1,0,0,0,44.1,46.8,48.6,0.60,0.47,0.34
JOHN,2019-11-08 00:35:00 EST,42.98428,-74.30177,745,23.7,24.4,17.9,89.9,21.2,0.000,0.000,0.00,0.000,4.0,6.2,1.0,281,14,4.5,7.6,1.3,280,13,4.5,7.6,1.3,280,13,0,29.27,0.1,0,0,0,44.1,46.8,48.6,0.60,0.48,0.34
JOHN,2019-11-08 00:40:00 EST,42.98428,-74.30177,745,23.8,24.4,17.0,89.8,21.2,0.000,0.000,0.00,0.000,4.6,7.0,1.0,280,14,5.4,8.9,1.3,278,12,5.4,8.9,1.3,278,12,0,29.27,0.1,0,0,0,44.1,46.8,48.6,0.60,0.47,0.34
JOHN,2019-11-08 00:45:00 EST,42.98428,-74.30177,745,23.6,24.1,18.0,89.8,21.0,0.000,0.000,0.00,0.000,3.8,7.5,1.2,282,19,4.3,8.6,1.4,281,18,4.3,8.6,1.4,281,18,0,29.27,-0.0,0,0,0,44.1,46.8,48.6,0.60,0.48,0.34
JOHN,2019-11-08 00:50:00 EST,42.98428,-74.30177,745,23.4,24.1,16.2,89.8,20.9,0.000,0.000,0.00,0.000,5.0,8.3,1.1,278,13,5.8,9.8,1.5,275,11,5.8,9.8,1.5,275,11,0,29.26,-0.0,0,0,0,44.1,46.8,48.6,0.60,0.48,0.34
JOHN,2019-11-08 00:55:00 EST,42.98428,-74.30177,745,23.5,24.1,15.7,89.8,20.9,0.000,0.000,0.00,0.000,5.4,9.5,1.3,274,13,6.4,12.0,1.6,273,10,6.4,12.0,1.6,273,10,0,29.26,0.0,0,0,0,44.1,46.8,48.6,0.60,0.48,0.34
JOHN,2019-11-08 01:00:00 EST,42.98428,-74.30177,745,23.3,23.9,17.4,89.2,20.6,0.000,0.000,0.00,0.000,3.7,6.2,1.0,279,18,4.5,8.2,1.3,278,14,4.5,8.2,1.3,278,14,0,29.26,0.1,0,0,0,44.0,46.8,48.6,0.60,0.48,0.34
JOHN,2019-11-08 01:05:00 EST,42.98428,-74.30177,745,23.3,23.9,17.3,89.1,20.5,0.000,0.000,0.00,0.000,3.9,7.2,1.2,278,15,4.6,8.1,1.4,277,12,4.6,8.1,1.4,277,12,0,29.26,-0.0,0,0,0,43.9,46.8,48.6,0.60,0.48,0.34
JOHN,2019-11-08 01:10:00 EST,42.98428,-74.30177,745,23.1,23.8,17.5,89.1,20.4,0.000,0.000,0.00,0.000,3.6,5.8,0.8,283,15,4.2,7.3,1.2,280,14,4.2,7.3,1.2,280,14,0,29.26,0.1,0,0,0,43.9,46.8,48.6,0.60,0.48,0.34
JOHN,2019-11-08 01:15:00 EST,42.98428,-74.30177,745,23.1,23.7,19.1,88.8,20.3,0.000,0.000,0.00,0.000,2.8,6.3,1.2,287,16,3.1,7.4,1.4,286,15,3.1,7.4,1.4,286,15,0,29.26,-0.0,0,0,0,43.9,46.8,48.6,0.60,0.48,0.34
JOHN,2019-11-08 01:20:00 EST,42.98428,-74.30177,745,22.9,23.6,18.5,88.7,20.1,0.000,0.000,0.00,0.000,3.1,5.5,0.7,303,14,3.4,5.6,0.9,301,11,3.4,5.6,0.9,301,11,0,29.25,-0.0,0,0,0,43.9,46.8,48.6,0.60,0.47,0.34
JOHN,2019-11-08 01:25:00 EST,42.98428,-74.30177,745,22.6,23.4,22.6,89.1,19.9,0.000,0.000,0.00,0.000,2.7,3.6,0.4,302,9,2.9,4.0,0.5,303,8,2.9,4.0,0.5,303,8,0,29.25,-0.1,0,0,0,43.9,46.8,48.6,0.60,0.47,0.34
JOHN,2019-11-08 01:30:00 EST,42.98428,-74.30177,745,22.3,23.4,17.6,89.5,19.7,0.000,0.000,0.00,0.000,3.2,4.7,0.6,297,9,3.5,5.7,0.7,298,8,3.5,5.7,0.7,298,8,0,29.25,-0.0,0,0,0,43.9,46.8,48.6,0.60,0.48,0.34
JOHN,2019-11-08 01:35:00 EST,42.98428,-74.30177,745,22.4,23.3,22.4,90.0,19.9,0.000,0.000,0.00,0.000,2.5,4.2,0.8,291,13,2.8,5.5,1.0,290,14,2.8,5.5,1.0,290,14,0,29.25,-0.0,0,0,0,43.9,46.8,48.6,0.60,0.48,0.34
JOHN,2019-11-08 01:40:00 EST,42.98428,-74.30177,745,22.4,23.2,22.4,90.1,19.9,0.000,0.000,0.00,0.000,2.1,3.1,0.6,288,17,2.4,4.1,0.7,289,16,2.4,4.1,0.7,289,16,0,29.25,0.0,0,0,0,43.9,46.8,48.6,0.60,0.47,0.34
JOHN,2019-11-08 01:45:00 EST,42.98428,-74.30177,745,22.4,23.2,18.2,90.0,19.9,0.000,0.000,0.00,0.000,2.8,4.5,0.6,283,16,3.2,5.6,0.9,282,15,3.2,5.6,0.9,282,15,0,29.25,-0.1,0,0,0,43.9,46.8,48.6,0.60,0.48,0.34
JOHN,2019-11-08 01:50:00 EST,42.98428,-74.30177,745,22.1,23.3,16.4,89.4,19.4,0.000,0.000,0.00,0.000,3.5,5.2,0.8,269,10,4.1,6.5,1.0,268,10,4.1,6.5,1.0,268,10,0,29.25,0.0,0,0,0,43.9,46.8,48.6,0.60,0.48,0.34
JOHN,2019-11-08 01:55:00 EST,42.98428,-74.30177,745,22.0,23.2,16.0,89.9,19.5,0.000,0.000,0.00,0.000,3.9,5.5,0.9,273,13,4.5,6.7,1.2,273,11,4.5,6.7,1.2,273,11,0,29.25,-0.0,0,0,0,43.8,46.8,48.6,0.60,0.47,0.34
JOHN,2019-11-08 02:00:00 EST,42.98428,-74.30177,745,22.1,23.0,17.6,90.1,19.6,0.000,0.000,0.00,0.000,2.9,4.4,0.6,289,15,3.3,5.1,0.8,288,12,3.3,5.1,0.8,288,12,0,29.25,-0.0,0,0,0,43.7,46.8,48.6,0.60,0.48,0.34
JOHN,2019-11-08 02:05:00 EST,42.98428,-74.30177,745,21.7,22.9,21.7,89.8,19.2,0.000,0.000,0.00,0.000,2.6,5.5,0.9,291,15,3.0,6.2,1.1,287,13,3.0,6.2,1.1,287,13,0,29.25,-0.0,0,0,0,43.7,46.8,48.6,0.60,0.48,0.34
JOHN,2019-11-08 02:10:00 EST,42.98428,-74.30177,745,21.6,22.7,16.2,90.3,19.2,0.000,0.000,0.00,0.000,3.5,4.9,0.5,298,9,3.9,6.1,0.7,296,9,3.9,6.1,0.7,296,9,0,29.25,-0.0,0,0,0,43.7,46.8,48.6,0.60,0.47,0.34
JOHN,2019-11-08 02:15:00 EST,42.98428,-74.30177,745,21.6,22.6,15.9,90.8,19.3,0.000,0.000,0.00,0.000,3.5,5.5,0.8,281,15,4.1,6.7,1.0,279,13,4.1,6.7,1.0,279,13,0,29.25,0.0,0,0,0,43.7,46.8,48.5,0.60,0.48,0.34
JOHN,2019-11-08 02:20:00 EST,42.98428,-74.30177,745,21.9,22.6,15.4,90.6,19.6,0.000,0.000,0.00,0.000,4.2,7.9,1.3,281,18,4.9,9.6,1.7,280,15,4.9,9.6,1.7,280,15,0,29.25,0.1,0,0,0,43.7,46.8,48.6,0.60,0.48,0.34
JOHN,2019-11-08 02:25:00 EST,42.98428,-74.30177,745,22.0,22.7,15.6,90.0,19.6,0.000,0.000,0.00,0.000,4.2,7.5,1.3,290,15,4.8,9.8,1.7,288,13,4.8,9.8,1.7,288,13,0,29.25,0.1,0,0,0,43.7,46.8,48.6,0.60,0.47,0.34
JOHN,2019-11-08 02:30:00 EST,42.98428,-74.30177,745,22.1,22.7,15.4,89.5,19.5,0.000,0.000,0.00,0.000,4.5,6.7,1.0,291,17,5.1,8.6,1.4,288,14,5.1,8.6,1.4,288,14,0,29.25,0.1,0,0,0,43.7,46.8,48.5,0.60,0.47,0.34
JOHN,2019-11-08 02:35:00 EST,42.98428,-74.30177,745,22.1,22.7,15.0,89.1,19.4,0.000,0.000,0.00,0.000,4.9,7.3,0.9,298,13,5.4,8.2,1.0,294,12,5.4,8.2,1.0,294,12,0,29.25,0.0,0,0,0,43.6,46.8,48.5,0.60,0.47,0.34
JOHN,2019-11-08 02:40:00 EST,42.98428,-74.30177,745,22.0,22.7,15.6,88.7,19.2,0.000,0.000,0.00,0.000,4.3,6.8,0.9,293,15,4.7,7.2,1.1,291,13,4.7,7.2,1.1,291,13,0,29.25,0.0,0,0,0,43.6,46.8,48.5,0.60,0.47,0.34
JOHN,2019-11-08 02:45:00 EST,42.98428,-74.30177,745,22.0,22.7,16.2,88.2,19.0,0.000,0.000,0.00,0.000,3.5,6.1,0.9,285,16,4.2,7.7,1.2,283,14,4.2,7.7,1.2,283,14,0,29.25,0.0,0,0,0,43.5,46.8,48.5,0.60,0.47,0.34
JOHN,2019-11-08 02:50:00 EST,42.98428,-74.30177,745,22.0,22.6,16.7,88.2,19.0,0.000,0.000,0.00,0.000,3.3,5.0,0.7,288,16,3.9,5.9,1.0,286,15,3.9,5.9,1.0,286,15,0,29.25,0.1,0,0,0,43.5,46.8,48.5,0.60,0.47,0.34
JOHN,2019-11-08 02:55:00 EST,42.98428,-74.30177,745,21.8,22.5,16.5,88.2,18.9,0.000,0.000,0.00,0.000,3.4,5.3,0.9,292,16,3.9,6.9,1.1,290,14,3.9,6.9,1.1,290,14,0,29.25,0.0,0,0,0,43.5,46.8,48.5,0.60,0.48,0.34
JOHN,2019-11-08 03:00:00 EST,42.98428,-74.30177,745,21.7,22.4,15.9,88.0,18.7,0.000,0.000,0.00,0.000,3.8,7.5,1.6,298,15,4.2,8.6,1.8,295,14,4.2,8.6,1.8,295,14,0,29.25,0.1,0,0,0,43.5,46.7,48.4,0.60,0.48,0.34
JOHN,2019-11-08 03:05:00 EST,42.98428,-74.30177,745,21.5,22.3,14.7,88.1,18.5,0.000,0.000,0.00,0.000,4.6,6.9,0.8,304,12,5.0,8.6,1.1,301,11,5.0,8.6,1.1,301,11,0,29.25,0.0,0,0,0,43.5,46.8,48.4,0.60,0.47,0.34
JOHN,2019-11-08 03:10:00 EST,42.98428,-74.30177,745,21.3,22.2,14.0,88.4,18.4,0.000,0.000,0.00,0.000,5.1,6.9,0.9,309,9,5.4,7.7,0.9,307,9,5.4,7.7,0.9,307,9,0,29.25,0.1,0,0,0,43.5,46.8,48.4,0.60,0.47,0.34
JOHN,2019-11-08 03:15:00 EST,42.98428,-74.30177,745,21.2,22.2,15.0,88.9,18.4,0.000,0.000,0.00,0.000,4.2,6.4,0.9,309,8,4.5,6.7,0.9,307,7,4.5,6.7,0.9,307,7,0,29.25,0.1,0,0,0,43.5,46.7,48.5,0.60,0.47,0.34
JOHN,2019-11-08 03:20:00 EST,42.98428,-74.30177,745,21.3,22.3,14.8,89.1,18.6,0.000,0.000,0.00,0.000,4.4,6.2,0.5,307,7,4.7,7.2,0.7,305,8,4.7,7.2,0.7,305,8,0,29.25,0.1,0,0,0,43.5,46.7,48.4,0.60,0.47,0.34
JOHN,2019-11-08 03:25:00 EST,42.98428,-74.30177,745,21.1,22.3,15.1,89.0,18.3,0.000,0.000,0.00,0.000,4.1,5.3,0.6,314,8,4.3,6.3,0.8,312,7,4.3,6.3,0.8,312,7,0,29.25,0.0,0,0,0,43.4,46.7,48.4,0.60,0.47,0.34
JOHN,2019-11-08 03:30:00 EST,42.98428,-74.30177,745,20.9,22.2,15.0,89.2,18.3,0.000,0.000,0.00,0.000,4.0,5.4,0.7,315,7,4.2,6.2,0.8,312,6,4.2,6.2,0.8,312,6,0,29.25,0.1,0,0,0,43.3,46.6,48.4,0.60,0.47,0.34
JOHN,2019-11-08 03:35:00 EST,42.98428,-74.30177,745,21.0,22.0,14.6,89.4,18.4,0.000,0.000,0.00,0.000,4.3,6.2,0.7,307,11,4.6,6.3,0.8,306,9,4.6,6.3,0.8,306,9,0,29.25,0.1,0,0,0,43.3,46.6,48.4,0.60,0.47,0.34
JOHN,2019-11-08 03:40:00 EST,42.98428,-74.30177,745,20.9,21.8,14.6,89.3,18.2,0.000,0.000,0.00,0.000,4.2,5.8,0.6,306,8,4.5,6.5,0.8,303,7,4.5,6.5,0.8,303,7,0,29.25,0.0,0,0,0,43.3,46.6,48.4,0.60,0.47,0.34
JOHN,2019-11-08 03:45:00 EST,42.98428,-74.30177,745,20.6,21.7,14.4,89.7,18.0,0.000,0.000,0.00,0.000,4.2,6.0,0.4,307,6,4.4,6.6,0.5,305,6,4.4,6.6,0.5,305,6,0,29.25,0.1,0,0,0,43.3,46.6,48.4,0.60,0.47,0.34
JOHN,2019-11-08 03:50:00 EST,42.98428,-74.30177,745,20.6,21.7,14.2,90.2,18.2,0.000,0.000,0.00,0.000,4.3,5.3,0.5,306,6,4.5,5.8,0.5,304,6,4.5,5.8,0.5,304,6,0,29.25,0.1,0,0,0,43.3,46.6,48.4,0.60,0.47,0.34
JOHN,2019-11-08 03:55:00 EST,42.98428,-74.30177,745,20.5,21.6,14.1,89.9,18.0,0.000,0.000,0.00,0.000,4.2,6.3,0.6,306,8,4.6,6.6,0.7,304,8,4.6,6.6,0.7,304,8,0,29.25,0.1,0,0,0,43.3,46.6,48.4,0.60,0.47,0.34
JOHN,2019-11-08 04:00:00 EST,42.98428,-74.30177,745,20.6,21.4,13.8,89.6,18.0,0.000,0.000,0.00,0.000,4.5,6.4,0.6,304,9,4.9,6.6,0.7,302,8,4.9,6.6,0.7,302,8,0,29.25,0.1,0,0,0,43.3,46.6,48.4,0.60,0.47,0.34
JOHN,2019-11-08 04:05:00 EST,42.98428,-74.30177,745,20.5,21.3,13.8,89.0,17.8,0.000,0.000,0.00,0.000,4.4,6.1,0.8,305,11,4.8,7.4,1.0,302,10,4.8,7.4,1.0,302,10,0,29.25,0.1,0,0,0,43.2,46.6,48.4,0.60,0.48,0.34
JOHN,2019-11-08 04:10:00 EST,42.98428,-74.30177,745,20.3,21.1,14.8,88.9,17.6,0.000,0.000,0.00,0.000,3.6,6.6,1.1,301,12,3.8,6.5,1.2,300,11,3.8,6.5,1.2,300,11,0,29.25,0.1,0,0,0,43.2,46.6,48.4,0.60,0.48,0.34
JOHN,2019-11-08 04:15:00 EST,42.98428,-74.30177,745,20.3,21.2,13.6,89.3,17.7,0.000,0.000,0.00,0.000,4.3,6.7,0.8,300,15,4.8,7.3,0.9,298,12,4.8,7.3,0.9,298,12,0,29.25,0.1,0,0,0,43.2,46.6,48.4,0.60,0.47,0.34
JOHN,2019-11-08 04:20:00 EST,42.98428,-74.30177,745,20.5,21.2,13.3,89.1,17.7,0.000,0.000,0.00,0.000,4.6,7.5,0.9,300,12,5.2,8.7,1.0,298,11,5.2,8.7,1.0,298,11,0,29.25,0.1,0,0,0,43.2,46.6,48.4,0.60,0.47,0.34
JOHN,2019-11-08 04:25:00 EST,42.98428,-74.30177,745,20.4,21.3,13.1,88.8,17.6,0.000,0.000,0.00,0.000,5.0,7.5,0.9,304,11,5.4,7.9,1.0,302,10,5.4,7.9,1.0,302,10,0,29.25,0.2,0,0,0,43.2,46.6,48.4,0.60,0.47,0.34
JOHN,2019-11-08 04:30:00 EST,42.98428,-74.30177,745,20.6,21.4,12.6,88.0,17.7,0.000,0.000,0.00,0.000,5.7,9.2,1.2,304,11,6.1,9.6,1.3,301,10,6.1,9.6,1.3,301,10,0,29.25,0.1,0,0,0,43.2,46.6,48.4,0.60,0.48,0.34
JOHN,2019-11-08 04:35:00 EST,42.98428,-74.30177,745,20.7,21.5,12.4,87.9,17.7,0.000,0.000,0.00,0.000,5.9,8.2,1.0,304,11,6.4,9.8,1.2,302,11,6.4,9.8,1.2,302,11,0,29.25,0.1,0,0,0,43.2,46.6,48.4,0.60,0.47,0.34
JOHN,2019-11-08 04:40:00 EST,42.98428,-74.30177,745,20.6,21.5,13.0,88.0,17.7,0.000,0.000,0.00,0.000,5.3,8.2,0.9,307,13,5.7,8.5,1.0,305,12,5.7,8.5,1.0,305,12,0,29.26,0.1,0,0,0,43.2,46.6,48.4,0.60,0.47,0.34
JOHN,2019-11-08 04:45:00 EST,42.98428,-74.30177,745,20.6,21.4,12.8,88.2,17.7,0.000,0.000,0.00,0.000,5.4,7.5,0.9,308,10,5.9,9.2,1.1,305,9,5.9,9.2,1.1,305,9,0,29.26,0.1,0,0,0,43.2,46.6,48.4,0.60,0.47,0.34
JOHN,2019-11-08 04:50:00 EST,42.98428,-74.30177,745,20.6,21.4,13.5,88.2,17.6,0.000,0.000,0.00,0.000,4.8,7.6,0.9,314,11,5.1,7.3,1.0,311,10,5.1,7.3,1.0,311,10,0,29.26,0.1,0,0,0,43.1,46.6,48.4,0.60,0.47,0.34
JOHN,2019-11-08 04:55:00 EST,42.98428,-74.30177,745,20.5,21.4,12.9,87.9,17.5,0.000,0.000,0.00,0.000,5.1,8.0,0.9,308,12,5.6,9.0,1.0,305,11,5.6,9.0,1.0,305,11,0,29.26,0.2,0,0,0,43.0,46.6,48.4,0.60,0.47,0.34
JOHN,2019-11-08 05:00:00 EST,42.98428,-74.30177,745,20.5,21.3,13.3,87.6,17.4,0.000,0.000,0.00,0.000,4.8,7.0,1.1,301,14,5.3,7.9,1.1,300,12,5.3,7.9,1.1,300,12,0,29.26,0.2,0,0,0,43.0,46.6,48.4,0.60,0.47,0.34
JOHN,2019-11-08 05:05:00 EST,42.98428,-74.30177,745,20.6,21.2,14.4,87.5,17.4,0.000,0.000,0.00,0.000,3.9,7.1,1.3,298,18,4.4,7.5,1.4,297,18,4.4,7.5,1.4,297,18,0,29.26,0.1,0,0,0,43.0,46.6,48.4,0.60,0.47,0.34
JOHN,2019-11-08 05:10:00 EST,42.98428,-74.30177,745,20.7,21.2,15.5,87.3,17.5,0.000,0.000,0.00,0.000,3.2,6.0,0.8,291,15,3.6,6.2,1.0,289,13,3.6,6.2,1.0,289,13,0,29.25,0.1,0,0,0,43.0,46.6,48.4,0.60,0.47,0.34
JOHN,2019-11-08 05:15:00 EST,42.98428,-74.30177,745,20.7,21.3,15.8,86.8,17.4,0.000,0.000,0.00,0.000,3.1,5.3,0.8,287,13,3.4,6.3,1.1,287,13,3.4,6.3,1.1,287,13,0,29.25,0.1,0,0,0,43.0,46.6,48.4,0.60,0.47,0.34
JOHN,2019-11-08 05:20:00 EST,42.98428,-74.30177,745,20.4,21.3,16.2,86.5,17.0,0.000,0.000,0.00,0.000,2.7,4.6,0.7,287,14,3.0,5.6,1.0,288,13,3.0,5.6,1.0,288,13,0,29.25,0.0,0,0,0,43.0,46.6,48.4,0.60,0.47,0.34
JOHN,2019-11-08 05:25:00 EST,42.98428,-74.30177,745,20.1,21.2,14.8,87.2,17.0,0.000,0.000,0.00,0.000,3.2,4.6,0.6,271,10,3.7,5.5,0.8,270,9,3.7,5.5,0.8,270,9,0,29.25,0.1,0,0,0,43.0,46.6,48.4,0.60,0.47,0.34
JOHN,2019-11-08 05:30:00 EST,42.98428,-74.30177,745,20.1,21.1,15.6,87.9,17.0,0.000,0.000,0.00,0.000,2.8,4.6,0.7,274,14,3.1,5.9,1.0,275,14,3.1,5.9,1.0,275,14,0,29.25,-0.0,0,0,0,42.9,46.6,48.4,0.60,0.48,0.34
JOHN,2019-11-08 05:35:00 EST,42.98428,-74.30177,745,19.9,21.1,13.7,88.2,17.0,0.000,0.000,0.00,0.000,3.8,5.5,0.8,268,12,4.3,6.8,1.1,267,11,4.3,6.8,1.1,267,11,0,29.25,0.2,0,0,0,42.8,46.6,48.4,0.60,0.47,0.34
JOHN,2019-11-08 05:40:00 EST,42.98428,-74.30177,745,19.9,21.1,13.4,89.0,17.2,0.000,0.000,0.00,0.000,3.9,5.7,0.8,270,10,4.6,7.1,1.1,269,8,4.6,7.1,1.1,269,8,0,29.25,0.1,0,0,0,42.8,46.6,48.4,0.60,0.47,0.34
JOHN,2019-11-08 05:45:00 EST,42.98428,-74.30177,745,19.9,20.8,14.6,89.1,17.2,0.000,0.000,0.00,0.000,3.1,6.3,1.1,275,17,3.6,8.1,1.4,275,16,3.6,8.1,1.4,275,16,0,29.26,0.1,0,0,0,42.8,46.6,48.4,0.60,0.47,0.34
JOHN,2019-11-08 05:50:00 EST,42.98428,-74.30177,745,19.6,20.8,13.1,88.7,16.8,0.000,0.000,0.00,0.000,3.8,6.7,1.0,275,13,4.5,8.6,1.3,274,12,4.5,8.6,1.3,274,12,0,29.26,0.1,0,0,0,42.8,46.6,48.4,0.60,0.47,0.34
JOHN,2019-11-08 05:55:00 EST,42.98428,-74.30177,745,19.6,20.7,12.9,88.7,16.8,0.000,0.000,0.00,0.000,4.0,5.8,1.1,272,15,4.6,7.5,1.4,270,13,4.6,7.5,1.4,270,13,0,29.26,0.2,0,0,0,42.8,46.6,48.4,0.60,0.47,0.34
JOHN,2019-11-08 06:00:00 EST,42.98428,-74.30177,745,19.8,20.6,14.5,88.7,17.0,0.000,0.000,0.00,0.000,3.1,5.0,0.8,279,14,3.6,6.1,1.0,278,12,3.6,6.1,1.0,278,12,0,29.26,0.1,0,0,0,42.8,46.5,48.4,0.60,0.47,0.34
JOHN,2019-11-08 06:05:00 EST,42.98428,-74.30177,745,19.6,20.7,12.0,88.4,16.7,0.000,0.000,0.00,0.000,4.7,6.4,0.7,267,11,5.5,7.7,1.0,266,9,5.5,7.7,1.0,266,9,0,29.26,0.1,0,0,0,42.8,46.5,48.4,0.60,0.47,0.34
JOHN,2019-11-08 06:10:00 EST,42.98428,-74.30177,745,19.6,20.7,11.1,89.2,16.9,0.000,0.000,0.00,0.000,5.5,8.3,1.0,258,10,6.4,10.0,1.2,259,7,6.4,10.0,1.2,259,7,0,29.27,0.2,0,0,0,42.8,46.5,48.4,0.60,0.47,0.34
JOHN,2019-11-08 06:15:00 EST,42.98428,-74.30177,745,19.9,20.7,10.4,88.9,17.1,0.000,0.000,0.00,0.000,6.5,8.4,1.0,257,10,7.6,10.1,1.3,258,7,7.6,10.1,1.3,258,7,0,29.27,0.2,0,0,0,42.8,46.5,48.4,0.60,0.47,0.34
JOHN,2019-11-08 06:20:00 EST,42.98428,-74.30177,745,20.0,20.7,10.7,87.8,17.0,0.000,0.000,0.00,0.000,6.5,10.1,1.1,258,11,7.4,12.4,1.5,258,9,7.4,12.4,1.5,258,9,0,29.27,0.2,0,0,0,42.7,46.4,48.4,0.60,0.47,0.34
JOHN,2019-11-08 06:25:00 EST,42.98428,-74.30177,745,19.9,20.6,11.1,86.9,16.6,0.000,0.000,0.00,0.000,5.8,9.8,1.5,260,13,6.8,11.6,1.8,261,9,6.8,11.6,1.8,261,9,0,29.27,0.2,0,0,0,42.6,46.4,48.4,0.60,0.47,0.34
JOHN,2019-11-08 06:30:00 EST,42.98428,-74.30177,745,19.9,20.6,10.7,86.3,16.4,0.000,0.000,0.00,0.000,6.2,9.9,1.4,257,10,7.2,11.5,1.7,257,8,7.2,11.5,1.7,257,8,1,29.27,0.2,0,0,0,42.6,46.4,48.4,0.60,0.47,0.34
JOHN,2019-11-08 06:35:00 EST,42.98428,-74.30177,745,19.7,20.5,11.0,86.1,16.2,0.000,0.000,0.00,0.000,5.9,10.4,1.4,259,9,6.7,12.0,1.7,259,7,6.7,12.0,1.7,259,7,3,29.28,0.2,0,0,0,42.6,46.4,48.4,0.60,0.47,0.34
JOHN,2019-11-08 06:40:00 EST,42.98428,-74.30177,745,19.8,20.6,10.1,85.6,16.2,0.000,0.000,0.00,0.000,6.9,10.4,1.4,259,10,7.9,12.5,1.7,259,8,7.9,12.5,1.7,259,8,6,29.28,0.2,0,0,0,42.6,46.4,48.4,0.60,0.47,0.34
JOHN,2019-11-08 06:45:00 EST,42.98428,-74.30177,745,19.8,20.5,10.8,85.4,16.1,0.000,0.000,0.00,0.000,6.0,8.3,1.3,263,10,6.9,10.4,1.8,262,8,6.9,10.4,1.8,262,8,9,29.28,0.2,0,0,0,42.6,46.4,48.4,0.60,0.47,0.34
JOHN,2019-11-08 06:50:00 EST,42.98428,-74.30177,745,19.7,20.5,10.7,85.6,16.1,0.000,0.000,0.00,0.000,6.1,8.8,1.2,259,9,7.0,11.4,1.5,260,7,7.0,11.4,1.5,260,7,12,29.28,0.2,0,0,0,42.6,46.4,48.4,0.60,0.47,0.34
JOHN,2019-11-08 06:55:00 EST,42.98428,-74.30177,745,19.8,20.5,10.8,85.5,16.2,0.000,0.000,0.00,0.000,6.0,8.4,1.1,263,11,7.0,10.5,1.4,262,7,7.0,10.5,1.4,262,7,17,29.28,0.2,0,0,0,42.5,46.4,48.4,0.60,0.47,0.34
JOHN,2019-11-08 07:00:00 EST,42.98428,-74.30177,745,19.8,20.5,11.2,85.4,16.1,0.000,0.000,0.00,0.000,5.6,7.8,1.1,266,11,6.5,9.5,1.4,264,9,6.5,9.5,1.4,264,9,30,29.29,0.2,0,0,0,42.5,46.4,48.4,0.60,0.47,0.34
JOHN,2019-11-08 07:05:00 EST,42.98428,-74.30177,745,20.2,20.6,11.4,84.9,16.3,0.000,0.000,0.00,0.000,5.8,9.3,1.6,267,12,6.8,11.5,2.0,266,9,6.8,11.5,2.0,266,9,54,29.29,0.2,0,0,0,42.4,46.4,48.4,0.60,0.47,0.34
JOHN,2019-11-08 07:10:00 EST,42.98428,-74.30177,745,20.2,20.6,11.2,83.6,16.1,0.000,0.000,0.00,0.000,6.0,8.6,1.3,273,11,7.1,11.3,1.7,271,8,7.1,11.3,1.7,271,8,65,29.29,0.2,0,0,0,42.4,46.4,48.4,0.60,0.47,0.34
JOHN,2019-11-08 07:15:00 EST,42.98428,-74.30177,745,20.4,20.7,11.3,82.9,16.0,0.000,0.000,0.00,0.000,6.1,9.5,1.3,275,15,7.3,11.9,1.9,272,11,7.3,11.9,1.9,272,11,77,29.30,0.2,0,0,0,42.4,46.4,48.4,0.60,0.47,0.34
JOHN,2019-11-08 07:20:00 EST,42.98428,-74.30177,745,20.6,20.7,12.9,82.9,16.2,0.000,0.000,0.00,0.000,4.8,9.0,1.6,282,20,5.7,10.8,1.9,280,17,5.7,10.8,1.9,280,17,88,29.30,0.2,0,0,0,42.4,46.4,48.4,0.60,0.47,0.34
JOHN,2019-11-08 07:25:00 EST,42.98428,-74.30177,745,20.9,20.9,13.3,81.8,16.2,0.000,0.000,0.00,0.000,4.9,9.0,1.6,285,21,5.7,11.5,2.0,285,18,5.7,11.5,2.0,285,18,101,29.31,0.2,0,0,0,42.4,46.4,48.4,0.60,0.47,0.34
JOHN,2019-11-08 07:30:00 EST,42.98428,-74.30177,745,21.1,21.1,14.4,81.7,16.4,0.000,0.000,0.00,0.000,4.2,9.1,1.7,283,18,4.9,10.7,1.9,281,16,4.9,10.7,1.9,281,16,112,29.31,0.2,0,0,0,42.4,46.4,48.4,0.60,0.47,0.34
JOHN,2019-11-08 07:35:00 EST,42.98428,-74.30177,745,21.4,21.4,14.5,81.2,16.5,0.000,0.000,0.00,0.000,4.4,7.6,1.4,289,17,5.1,9.2,1.6,286,14,5.1,9.2,1.6,286,14,123,29.31,0.2,0,0,0,42.4,46.4,48.4,0.60,0.47,0.34
JOHN,2019-11-08 07:40:00 EST,42.98428,-74.30177,745,21.7,21.6,14.7,79.8,16.4,0.000,0.000,0.00,0.000,4.6,8.4,1.3,292,18,5.2,8.1,1.4,288,16,5.2,8.1,1.4,288,16,134,29.32,0.2,0,0,0,42.4,46.4,48.4,0.60,0.47,0.34
JOHN,2019-11-08 07:45:00 EST,42.98428,-74.30177,745,21.9,21.8,14.4,79.5,16.5,0.000,0.000,0.00,0.000,5.2,9.9,1.7,296,15,5.8,11.1,1.9,293,13,5.8,11.1,1.9,293,13,145,29.32,0.2,0,0,0,42.4,46.4,48.4,0.60,0.47,0.34
JOHN,2019-11-08 07:50:00 EST,42.98428,-74.30177,745,22.2,22.1,13.5,77.8,16.3,0.000,0.000,0.00,0.000,6.4,11.1,2.0,293,17,7.2,12.1,2.3,289,15,7.2,12.1,2.3,289,15,156,29.32,0.2,0,0,0,42.3,46.4,48.4,0.60,0.47,0.34
JOHN,2019-11-08 07:55:00 EST,42.98428,-74.30177,745,22.5,22.3,13.4,76.6,16.2,0.000,0.000,0.00,0.000,6.8,11.5,1.8,290,16,7.7,14.6,2.1,288,15,7.7,14.6,2.1,288,15,168,29.32,0.2,0,0,0,42.3,46.4,48.4,0.60,0.47,0.34
JOHN,2019-11-08 08:00:00 EST,42.98428,-74.30177,745,22.7,22.6,13.4,75.9,16.3,0.000,0.000,0.00,0.000,7.6,12.2,1.9,307,17,8.2,12.8,2.0,303,15,8.2,12.8,2.0,303,15,180,29.32,0.3,0,0,0,42.3,46.4,48.4,0.60,0.47,0.34
JOHN,2019-11-08 08:05:00 EST,42.98428,-74.30177,745,23.1,22.9,14.2,75.5,16.5,0.000,0.000,0.00,0.000,7.1,15.0,2.6,306,20,7.8,16.4,2.7,304,16,7.8,16.4,2.7,304,16,191,29.33,0.2,0,0,0,42.3,46.4,48.4,0.60,0.47,0.34
JOHN,2019-11-08 08:10:00 EST,42.98428,-74.30177,745,23.3,23.1,13.4,73.3,16.0,0.000,0.000,0.00,0.000,8.8,14.3,2.2,309,11,9.2,15.5,2.2,305,12,9.2,15.5,2.2,305,12,203,29.33,0.3,0,0,0,42.3,46.4,48.4,0.60,0.47,0.34
JOHN,2019-11-08 08:15:00 EST,42.98428,-74.30177,745,23.4,23.2,12.3,71.2,15.5,0.000,0.000,0.00,0.000,10.9,18.6,3.3,311,15,11.3,18.5,3.3,307,12,11.3,18.5,3.3,307,12,213,29.33,0.2,0,0,0,42.3,46.4,48.4,0.60,0.47,0.34
JOHN,2019-11-08 08:20:00 EST,42.98428,-74.30177,745,23.5,23.3,11.9,69.9,15.1,0.000,0.000,0.00,0.000,11.8,18.3,2.8,303,12,12.5,21.3,3.0,302,11,12.5,21.3,3.0,302,11,224,29.33,0.2,0,0,0,42.3,46.4,48.4,0.60,0.47,0.34
JOHN,2019-11-08 08:25:00 EST,42.98428,-74.30177,745,23.7,23.5,12.4,70.0,15.4,0.000,0.000,0.00,0.000,11.4,17.9,2.6,304,14,12.0,18.0,2.7,300,13,12.0,18.0,2.7,300,13,233,29.33,0.2,0,0,0,42.3,46.4,48.4,0.60,0.47,0.34
JOHN,2019-11-08 08:30:00 EST,42.98428,-74.30177,745,24.0,23.6,13.4,70.4,15.8,0.000,0.000,0.00,0.000,10.2,16.4,2.4,309,15,10.7,16.4,2.3,305,15,10.7,16.4,2.3,305,15,243,29.34,0.2,0,0,0,42.2,46.3,48.4,0.60,0.47,0.34
JOHN,2019-11-08 08:35:00 EST,42.98428,-74.30177,745,24.1,23.8,13.7,69.4,15.6,0.000,0.000,0.00,0.000,10.3,18.1,2.7,320,15,10.5,17.1,2.7,317,15,10.5,17.1,2.7,317,15,254,29.34,0.3,0,0,0,42.1,46.3,48.4,0.60,0.47,0.34
JOHN,2019-11-08 08:40:00 EST,42.98428,-74.30177,745,24.4,23.9,13.3,69.5,15.8,0.000,0.000,0.00,0.000,10.8,16.3,2.4,303,15,11.7,20.1,2.8,300,15,11.7,20.1,2.8,300,15,264,29.34,0.3,0,0,0,42.1,46.3,48.4,0.60,0.47,0.34
JOHN,2019-11-08 08:45:00 EST,42.98428,-74.30177,745,24.7,24.2,15.1,70.0,16.3,0.000,0.000,0.00,0.000,8.8,12.9,1.9,313,18,9.2,13.5,1.9,309,17,9.2,13.5,1.9,309,17,275,29.34,0.3,0,0,0,42.1,46.2,48.4,0.60,0.47,0.34
JOHN,2019-11-08 08:50:00 EST,42.98428,-74.30177,745,24.8,24.2,13.9,68.4,15.8,0.000,0.000,0.00,0.000,11.0,18.0,2.8,304,15,11.6,17.6,2.6,300,15,11.6,17.6,2.6,300,15,280,29.34,0.3,0,0,0,42.1,46.0,48.4,0.60,0.47,0.34
JOHN,2019-11-08 08:55:00 EST,42.98428,-74.30177,745,25.1,24.5,16.3,70.1,16.7,0.000,0.000,0.00,0.000,7.5,13.3,2.6,304,15,8.2,14.7,2.6,301,16,8.2,14.7,2.6,301,16,271,29.34,0.2,0,0,0,42.1,46.0,48.4,0.60,0.47,0.34
JOHN,2019-11-08 09:00:00 EST,42.98428,-74.30177,745,25.2,24.6,16.1,68.1,16.2,0.000,0.000,0.00,0.000,7.9,14.5,2.5,305,16,8.6,14.9,2.5,302,16,8.6,14.9,2.5,302,16,301,29.34,0.3,0,0,0,42.1,46.0,48.4,0.60,0.47,0.34
JOHN,2019-11-08 09:05:00 EST,42.98428,-74.30177,745,25.6,24.9,15.6,67.8,16.4,0.000,0.000,0.00,0.000,9.5,15.9,3.3,326,15,10.2,17.9,3.1,323,15,10.2,17.9,3.1,323,15,321,29.34,0.3,0,0,0,42.1,46.0,48.4,0.60,0.47,0.34
JOHN,2019-11-08 09:10:00 EST,42.98428,-74.30177,745,26.0,25.2,16.0,68.4,17.0,0.000,0.000,0.00,0.000,9.6,17.2,3.3,305,20,10.6,19.7,3.5,302,17,10.6,19.7,3.5,302,17,330,29.34,0.2,0,0,0,42.1,46.0,48.4,0.60,0.47,0.34
JOHN,2019-11-08 09:15:00 EST,42.98428,-74.30177,745,26.0,25.2,17.0,66.8,16.5,0.000,0.000,0.00,0.000,8.0,14.9,2.5,303,20,8.7,15.2,2.6,299,19,8.7,15.2,2.6,299,19,338,29.34,0.3,0,0,0,42.1,46.0,48.4,0.60,0.47,0.34
JOHN,2019-11-08 09:20:00 EST,42.98428,-74.30177,745,26.1,25.2,16.3,66.2,16.4,0.000,0.000,0.00,0.000,9.8,14.5,2.1,303,11,10.3,14.9,2.1,300,11,10.3,14.9,2.1,300,11,312,29.34,0.3,0,0,0,42.0,46.0,48.4,0.60,0.47,0.34
JOHN,2019-11-08 09:25:00 EST,42.98428,-74.30177,745,26.4,25.5,17.0,66.9,16.9,0.000,0.000,0.00,0.000,9.1,14.0,2.6,309,13,9.7,14.1,2.5,307,13,9.7,14.1,2.5,307,13,326,29.34,0.2,0,0,0,41.9,46.0,48.4,0.60,0.47,0.34
JOHN,2019-11-08 09:30:00 EST,42.98428,-74.30177,745,27.0,26.0,18.6,66.1,17.2,0.000,0.000,0.00,0.000,7.8,13.4,2.6,313,19,8.3,14.1,2.7,309,19,8.3,14.1,2.7,309,19,378,29.35,0.3,0,0,0,41.9,46.0,48.4,0.60,0.47,0.34
JOHN,2019-11-08 09:35:00 EST,42.98428,-74.30177,745,26.9,26.0,16.8,64.1,16.3,0.000,0.000,0.00,0.000,10.3,18.9,3.2,313,18,11.0,21.3,3.2,311,17,11.0,21.3,3.2,311,17,369,29.35,0.3,0,0,0,41.9,46.0,48.4,0.60,0.47,0.34
JOHN,2019-11-08 09:40:00 EST,42.98428,-74.30177,745,27.2,26.2,18.5,64.2,16.7,0.000,0.000,0.00,0.000,8.2,13.4,2.7,304,16,8.8,14.1,2.9,301,16,8.8,14.1,2.9,301,16,387,29.35,0.3,0,0,0,41.9,46.0,48.4,0.60,0.47,0.34
JOHN,2019-11-08 09:45:00 EST,42.98428,-74.30177,745,27.2,26.2,16.3,62.1,15.9,0.000,0.000,0.00,0.000,12.2,19.9,2.6,313,17,12.9,20.4,2.7,310,17,12.9,20.4,2.7,310,17,398,29.35,0.2,0,0,0,41.9,46.0,48.4,0.60,0.47,0.34
JOHN,2019-11-08 09:50:00 EST,42.98428,-74.30177,745,27.4,26.4,18.1,61.9,16.1,0.000,0.000,0.00,0.000,9.4,16.1,2.8,316,16,9.9,16.4,2.6,312,15,9.9,16.4,2.6,312,15,418,29.35,0.3,0,0,0,41.9,46.0,48.4,0.60,0.47,0.34
JOHN,2019-11-08 09:55:00 EST,42.98428,-74.30177,745,27.8,26.8,18.4,61.7,16.3,0.000,0.000,0.00,0.000,9.5,14.4,2.3,305,18,10.1,15.6,2.5,300,17,10.1,15.6,2.5,300,17,403,29.35,0.3,0,0,0,41.9,46.0,48.4,0.60,0.47,0.34
JOHN,2019-11-08 10:00:00 EST,42.98428,-74.30177,745,28.0,26.9,18.8,61.6,16.5,0.000,0.000,0.00,0.000,9.5,17.5,2.6,312,18,9.9,18.0,2.8,309,16,9.9,18.0,2.8,309,16,397,29.35,0.2,0,0,0,41.9,46.0,48.4,0.60,0.47,0.34
JOHN,2019-11-08 10:05:00 EST,42.98428,-74.30177,745,27.5,26.6,17.1,63.3,16.7,0.000,0.000,0.00,0.000,11.2,19.6,3.2,305,18,12.2,19.7,3.5,302,18,12.2,19.7,3.5,302,18,405,29.35,0.3,0,0,0,41.9,46.0,48.4,0.60,0.47,0.34
JOHN,2019-11-08 10:10:00 EST,42.98428,-74.30177,745,27.5,26.6,17.4,64.8,17.1,0.000,0.000,0.00,0.000,10.2,20.4,3.5,296,17,11.3,20.4,3.9,292,13,11.3,20.4,3.9,292,13,370,29.35,0.3,0,0,0,41.9,46.0,48.4,0.60,0.47,0.34
JOHN,2019-11-08 10:15:00 EST,42.98428,-74.30177,745,27.3,26.4,15.5,62.8,16.3,0.000,0.000,0.00,0.000,14.8,21.1,3.4,304,13,15.3,23.4,3.6,301,11,15.3,23.4,3.6,301,11,428,29.35,0.3,0,0,0,41.9,46.0,48.4,0.60,0.47,0.34
JOHN,2019-11-08 10:20:00 EST,42.98428,-74.30177,745,27.4,26.5,17.0,63.7,16.7,0.000,0.000,0.00,0.000,11.2,20.3,3.6,321,16,11.9,20.4,3.5,318,16,11.9,20.4,3.5,318,16,351,29.35,0.4,0,0,0,41.7,46.0,48.4,0.60,0.47,0.34
JOHN,2019-11-08 10:25:00 EST,42.98428,-74.30177,745,28.1,27.1,20.4,63.5,17.3,0.000,0.000,0.00,0.000,7.0,12.0,2.5,307,21,7.7,13.1,2.5,305,20,7.7,13.1,2.5,305,20,318,29.35,0.2,0,0,0,41.7,46.0,48.3,0.60,0.47,0.34
JOHN,2019-11-08 10:30:00 EST,42.98428,-74.30177,745,27.7,27.0,18.6,64.4,17.2,0.000,0.000,0.00,0.000,8.2,17.8,3.3,291,20,9.7,22.2,3.7,286,19,9.7,22.2,3.7,286,19,291,29.35,0.3,0,0,0,41.7,45.9,48.3,0.60,0.47,0.34
JOHN,2019-11-08 10:35:00 EST,42.98428,-74.30177,745,28.2,27.2,18.8,65.5,18.1,0.000,0.000,0.00,0.000,9.0,15.8,3.2,289,17,10.3,19.5,3.7,286,14,10.3,19.5,3.7,286,14,469,29.35,0.2,0,0,0,41.7,45.9,48.3,0.60,0.47,0.34
JOHN,2019-11-08 10:40:00 EST,42.98428,-74.30177,745,28.0,27.1,17.5,61.3,16.3,0.000,0.000,0.00,0.000,11.4,17.8,3.0,295,18,12.3,20.1,3.2,292,14,12.3,20.1,3.2,292,14,351,29.35,0.3,0,0,0,41.7,45.9,48.3,0.60,0.47,0.34
JOHN,2019-11-08 10:45:00 EST,42.98428,-74.30177,745,27.9,27.0,18.7,59.8,15.7,0.000,0.000,0.00,0.000,9.3,18.7,3.3,310,16,9.9,18.3,3.1,307,16,9.9,18.3,3.1,307,16,305,29.35,0.3,0,0,0,41.7,45.9,48.3,0.60,0.47,0.34
JOHN,2019-11-08 10:50:00 EST,42.98428,-74.30177,745,28.5,27.6,20.5,60.3,16.4,0.000,0.000,0.00,0.000,7.2,13.9,2.9,303,17,8.0,15.4,2.8,298,15,8.0,15.4,2.8,298,15,336,29.35,0.3,0,0,0,41.7,45.9,48.2,0.60,0.47,0.34
JOHN,2019-11-08 10:55:00 EST,42.98428,-74.30177,745,28.2,27.4,18.3,59.6,15.9,0.000,0.000,0.00,0.000,9.9,16.8,2.7,293,20,11.2,21.2,3.1,289,16,11.2,21.2,3.1,289,16,212,29.35,0.2,0,0,0,41.7,45.9,48.3,0.60,0.47,0.34
JOHN,2019-11-08 11:00:00 EST,42.98428,-74.30177,745,27.5,27.0,17.9,62.7,16.5,0.000,0.000,0.00,0.000,9.2,16.5,3.1,281,21,10.6,18.7,3.9,278,15,10.6,18.7,3.9,278,15,172,29.35,0.3,0,0,0,41.7,45.9,48.2,0.60,0.47,0.34
JOHN,2019-11-08 11:05:00 EST,42.98428,-74.30177,745,28.1,27.4,18.7,63.1,17.2,0.000,0.000,0.00,0.000,9.5,17.3,3.3,299,15,10.4,20.0,3.4,295,15,10.4,20.0,3.4,295,15,354,29.35,0.4,0,0,0,41.7,45.9,48.2,0.60,0.47,0.34
JOHN,2019-11-08 11:10:00 EST,42.98428,-74.30177,745,29.5,28.3,21.6,61.5,17.9,0.000,0.000,0.00,0.000,7.2,13.3,2.2,290,22,8.3,14.7,2.7,287,19,8.3,14.7,2.7,287,19,397,29.35,0.3,0,0,0,41.7,45.9,48.2,0.60,0.47,0.34
JOHN,2019-11-08 11:15:00 EST,42.98428,-74.30177,745,29.3,28.5,20.0,57.5,16.2,0.000,0.000,0.00,0.000,9.4,19.1,3.7,280,17,10.9,22.9,4.4,277,14,10.9,22.9,4.4,277,14,330,29.35,0.2,0,0,0,41.7,45.9,48.2,0.60,0.47,0.34
JOHN,2019-11-08 11:20:00 EST,42.98428,-74.30177,745,28.6,27.7,18.2,59.6,16.3,0.000,0.000,0.00,0.000,10.8,19.2,3.8,270,16,12.8,23.2,4.4,268,12,12.8,23.2,4.4,268,12,290,29.35,0.2,0,0,0,41.7,45.9,48.2,0.60,0.47,0.34
JOHN,2019-11-08 11:25:00 EST,42.98428,-74.30177,745,28.3,27.5,18.3,61.9,16.8,0.000,0.000,0.00,0.000,10.3,17.2,2.3,287,21,11.5,20.4,2.9,283,19,11.5,20.4,2.9,283,19,241,29.35,0.3,0,0,0,41.7,45.9,48.2,0.60,0.47,0.34
JOHN,2019-11-08 11:30:00 EST,42.98428,-74.30177,745,28.9,28.1,19.8,61.6,17.4,0.000,0.000,0.00,0.000,9.3,15.6,2.2,298,24,10.3,15.9,2.2,294,22,10.3,15.9,2.2,294,22,323,29.35,0.2,0,0,0,41.7,45.9,48.2,0.60,0.47,0.34
JOHN,2019-11-08 11:35:00 EST,42.98428,-74.30177,745,29.7,28.6,21.5,58.5,16.9,0.000,0.000,0.00,0.000,8.0,15.6,2.1,302,22,8.9,16.7,2.6,298,22,8.9,16.7,2.6,298,22,422,29.35,0.2,0,0,0,41.7,45.9,48.2,0.60,0.47,0.34
JOHN,2019-11-08 11:40:00 EST,42.98428,-74.30177,745,29.0,28.1,18.8,59.8,16.8,0.000,0.000,0.00,0.000,11.3,21.8,3.9,300,17,12.4,22.4,3.9,297,14,12.4,22.4,3.9,297,14,250,29.35,0.2,0,0,0,41.7,45.9,48.2,0.60,0.47,0.34
JOHN,2019-11-08 11:45:00 EST,42.98428,-74.30177,745,28.3,27.4,19.0,66.6,18.6,0.000,0.000,0.00,0.000,8.6,14.8,2.7,278,22,10.1,18.0,3.3,277,16,10.1,18.0,3.3,277,16,233,29.35,0.3,0,0,0,41.7,45.9,48.2,0.60,0.47,0.34
JOHN,2019-11-08 11:50:00 EST,42.98428,-74.30177,745,28.8,27.8,19.4,67.1,19.3,0.000,0.000,0.00,0.000,9.6,16.4,2.6,294,21,10.8,17.4,2.7,289,19,10.8,17.4,2.7,289,19,387,29.35,0.2,0,0,0,41.7,45.9,48.2,0.60,0.47,0.34
JOHN,2019-11-08 11:55:00 EST,42.98428,-74.30177,745,29.1,28.2,19.4,62.9,18.0,0.000,0.000,0.00,0.000,10.5,19.5,3.4,300,15,11.3,19.2,3.4,296,14,11.3,19.2,3.4,296,14,300,29.35,0.2,0,0,0,41.7,45.9,48.2,0.60,0.47,0.34
JOHN,2019-11-08 12:00:00 EST,42.98428,-74.30177,745,29.2,28.2,19.0,59.9,17.0,0.000,0.000,0.00,0.000,11.4,17.3,2.5,298,16,12.5,20.5,2.9,293,14,12.5,20.5,2.9,293,14,343,29.34,0.2,0,0,0,41.7,45.9,48.2,0.60,0.47,0.34
JOHN,2019-11-08 12:05:00 EST,42.98428,-74.30177,745,29.7,28.7,19.4,57.5,16.5,0.000,0.000,0.00,0.000,12.3,20.8,3.8,308,18,13.1,22.0,3.7,304,18,13.1,22.0,3.7,304,18,463,29.34,0.4,0,0,0,41.7,45.9,48.2,0.60,0.47,0.34
JOHN,2019-11-08 12:10:00 EST,42.98428,-74.30177,745,29.8,28.5,19.3,57.0,16.4,0.000,0.000,0.00,0.000,12.5,19.8,3.2,299,18,13.7,23.6,3.4,296,16,13.7,23.6,3.4,296,16,486,29.34,0.3,0,0,0,41.7,45.9,48.2,0.60,0.47,0.34
JOHN,2019-11-08 12:15:00 EST,42.98428,-74.30177,745,29.5,28.2,19.9,55.4,15.4,0.000,0.000,0.00,0.000,10.9,18.3,2.6,318,16,11.4,18.3,2.7,315,15,11.4,18.3,2.7,315,15,367,29.34,0.3,0,0,0,41.7,45.9,48.2,0.60,0.47,0.34
JOHN,2019-11-08 12:20:00 EST,42.98428,-74.30177,745,29.9,28.8,19.8,53.0,14.9,0.000,0.000,0.00,0.000,12.3,19.9,3.3,314,19,12.9,21.1,3.5,312,17,12.9,21.1,3.5,312,17,461,29.34,0.3,0,0,0,41.7,45.9,48.2,0.60,0.47,0.34
JOHN,2019-11-08 12:25:00 EST,42.98428,-74.30177,745,31.6,29.9,21.5,49.2,14.7,0.000,0.000,0.00,0.000,12.8,19.1,3.2,303,15,13.7,19.8,3.3,300,13,13.7,19.8,3.3,300,13,653,29.34,0.3,0,0,0,41.7,45.9,48.2,0.60,0.47,0.34
JOHN,2019-11-08 12:30:00 EST,42.98428,-74.30177,745,31.5,29.9,20.2,44.1,12.1,0.000,0.000,0.00,0.000,16.3,27.6,5.3,309,17,17.1,31.0,5.2,305,15,17.1,31.0,5.2,305,15,627,29.34,0.2,0,0,0,41.7,45.8,48.2,0.60,0.47,0.34
JOHN,2019-11-08 12:35:00 EST,42.98428,-74.30177,745,30.5,29.3,18.3,42.4,10.4,0.000,0.000,0.00,0.000,18.5,29.8,5.0,302,14,19.2,28.9,4.8,298,13,19.2,28.9,4.8,298,13,588,29.33,0.3,0,0,0,41.7,45.8,48.2,0.60,0.47,0.34
JOHN,2019-11-08 12:40:00 EST,42.98428,-74.30177,745,30.9,29.4,19.6,45.1,12.1,0.000,0.000,0.00,0.000,15.3,25.1,4.0,302,16,16.4,25.9,3.9,296,15,16.4,25.9,3.9,296,15,596,29.34,0.3,0,0,0,41.7,45.8,48.2,0.60,0.47,0.34
JOHN,2019-11-08 12:45:00 EST,42.98428,-74.30177,745,30.7,29.2,19.9,47.7,13.1,0.000,0.000,0.00,0.000,13.5,20.9,3.1,291,18,14.9,23.1,3.3,287,14,14.9,23.1,3.3,287,14,577,29.34,0.3,0,0,0,41.7,45.7,48.2,0.60,0.47,0.34
JOHN,2019-11-08 12:50:00 EST,42.98428,-74.30177,745,30.6,29.1,20.8,52.2,15.2,0.000,0.000,0.00,0.000,11.7,22.5,3.6,295,18,12.6,22.6,3.6,292,15,12.6,22.6,3.6,292,15,562,29.34,0.3,0,0,0,41.8,45.7,48.2,0.60,0.47,0.34
JOHN,2019-11-08 12:55:00 EST,42.98428,-74.30177,745,29.0,28.0,18.5,57.1,15.7,0.000,0.000,0.00,0.000,11.9,20.2,3.6,287,21,13.3,24.1,3.9,286,16,13.3,24.1,3.9,286,16,243,29.35,0.0,0,0,0,41.9,45.7,48.2,0.60,0.47,0.34
JOHN,2019-11-08 13:00:00 EST,42.98428,-74.30177,745,28.5,27.4,18.5,61.9,17.1,0.000,0.000,0.00,0.000,10.6,18.2,3.0,292,18,11.9,20.3,3.3,289,16,11.9,20.3,3.3,289,16,481,29.35,0.2,0,0,0,41.9,45.7,48.2,0.60,0.47,0.34
JOHN,2019-11-08 13:05:00 EST,42.98428,-74.30177,745,29.7,28.3,19.2,57.1,16.4,0.000,0.000,0.00,0.000,12.8,23.3,3.8,301,17,13.7,23.6,4.0,297,15,13.7,23.6,4.0,297,15,464,29.35,0.1,0,0,0,41.9,45.7,48.2,0.60,0.47,0.34
JOHN,2019-11-08 13:10:00 EST,42.98428,-74.30177,745,29.5,28.3,18.2,52.9,14.4,0.000,0.000,0.00,0.000,14.7,23.7,3.7,299,16,15.6,26.0,3.9,296,13,15.6,26.0,3.9,296,13,461,29.35,0.2,0,0,0,41.9,45.7,48.2,0.60,0.47,0.34
JOHN,2019-11-08 13:15:00 EST,42.98428,-74.30177,745,30.5,29.2,21.2,50.5,14.3,0.000,0.000,0.00,0.000,10.5,19.9,3.6,304,23,11.2,20.2,3.7,301,21,11.2,20.2,3.7,301,21,493,29.35,0.3,0,0,0,41.9,45.7,48.2,0.60,0.47,0.34
JOHN,2019-11-08 13:20:00 EST,42.98428,-74.30177,745,30.0,28.9,18.8,47.9,12.6,0.000,0.000,0.00,0.000,14.8,21.0,3.5,313,14,15.3,23.8,3.4,311,15,15.3,23.8,3.4,311,15,329,29.35,0.1,0,0,0,41.9,45.7,48.2,0.60,0.47,0.34
JOHN,2019-11-08 13:25:00 EST,42.98428,-74.30177,745,29.4,28.5,18.5,49.4,12.7,0.000,0.000,0.00,0.000,13.7,19.4,2.8,311,17,14.3,20.8,3.1,307,17,14.3,20.8,3.1,307,17,313,29.35,0.2,0,0,0,41.9,45.7,48.2,0.60,0.47,0.34
JOHN,2019-11-08 13:30:00 EST,42.98428,-74.30177,745,29.3,28.7,19.6,50.5,13.2,0.000,0.000,0.00,0.000,10.8,19.4,3.5,305,17,11.5,20.6,3.7,302,16,11.5,20.6,3.7,302,16,332,29.35,0.4,0,0,0,42.0,45.7,48.2,0.60,0.48,0.34
JOHN,2019-11-08 13:35:00 EST,42.98428,-74.30177,745,30.2,29.2,19.3,46.8,12.3,0.000,0.000,0.00,0.000,14.3,23.4,4.7,311,13,14.9,25.6,4.5,307,12,14.9,25.6,4.5,307,12,417,29.35,0.2,0,0,0,42.1,45.7,48.2,0.60,0.48,0.34
JOHN,2019-11-08 13:40:00 EST,42.98428,-74.30177,745,30.3,29.2,19.7,45.0,11.5,0.000,0.000,0.00,0.000,13.7,21.2,3.2,313,14,14.2,22.9,3.3,311,13,14.2,22.9,3.3,311,13,441,29.35,0.2,0,0,0,42.1,45.7,48.2,0.60,0.47,0.34
JOHN,2019-11-08 13:45:00 EST,42.98428,-74.30177,745,30.2,29.1,18.8,45.1,11.5,0.000,0.000,0.00,0.000,15.9,26.4,4.2,307,13,16.4,26.4,4.2,304,11,16.4,26.4,4.2,304,11,431,29.35,0.2,0,0,0,42.1,45.7,48.2,0.60,0.47,0.34
JOHN,2019-11-08 13:50:00 EST,42.98428,-74.30177,745,30.5,29.3,19.7,44.3,11.3,0.000,0.000,0.00,0.000,13.8,22.4,3.8,298,19,15.0,24.5,3.7,295,16,15.0,24.5,3.7,295,16,417,29.35,0.3,0,0,0,42.1,45.7,48.2,0.60,0.48,0.34
JOHN,2019-11-08 13:55:00 EST,42.98428,-74.30177,745,30.5,29.4,20.0,44.1,11.2,0.000,0.000,0.00,0.000,13.1,28.1,4.7,297,17,14.1,30.5,4.6,294,15,14.1,30.5,4.6,294,15,379,29.35,0.2,0,0,0,42.1,45.7,48.2,0.60,0.48,0.34
JOHN,2019-11-08 14:00:00 EST,42.98428,-74.30177,745,29.4,28.7,18.8,44.5,10.5,0.000,0.000,0.00,0.000,12.8,23.8,4.4,309,19,13.8,24.9,4.4,305,18,13.8,24.9,4.4,305,18,261,29.35,0.1,0,0,0,42.1,45.7,48.2,0.60,0.47,0.34
JOHN,2019-11-08 14:05:00 EST,42.98428,-74.30177,745,29.3,28.7,18.3,44.8,10.4,0.000,0.000,0.00,0.000,13.7,22.2,2.9,308,17,14.4,22.3,3.0,304,16,14.4,22.3,3.0,304,16,227,29.35,0.3,0,0,0,42.1,45.7,48.2,0.60,0.48,0.34
JOHN,2019-11-08 14:10:00 EST,42.98428,-74.30177,745,30.3,29.3,20.0,44.7,11.3,0.000,0.000,0.00,0.000,12.9,20.5,3.6,310,14,13.4,23.7,3.7,307,14,13.4,23.7,3.7,307,14,397,29.35,0.2,0,0,0,42.2,45.7,48.2,0.60,0.47,0.34
JOHN,2019-11-08 14:15:00 EST,42.98428,-74.30177,745,30.8,29.6,19.9,43.2,11.0,0.000,0.000,0.00,0.000,14.3,24.6,4.6,304,16,15.4,26.9,4.5,302,15,15.4,26.9,4.5,302,15,429,29.35,0.2,0,0,0,42.3,45.6,48.2,0.60,0.48,0.34
JOHN,2019-11-08 14:20:00 EST,42.98428,-74.30177,745,30.4,29.3,18.8,41.2,9.6,0.000,0.000,0.00,0.000,16.4,23.6,3.9,303,13,17.2,23.9,4.2,299,12,17.2,23.9,4.2,299,12,396,29.35,0.1,0,0,0,42.3,45.5,48.2,0.60,0.47,0.34
JOHN,2019-11-08 14:25:00 EST,42.98428,-74.30177,745,30.1,29.2,19.2,42.4,10.0,0.000,0.000,0.00,0.000,14.4,24.0,4.2,309,15,15.1,26.9,4.3,306,13,15.1,26.9,4.3,306,13,369,29.35,0.1,0,0,0,42.3,45.5,48.2,0.60,0.47,0.34
JOHN,2019-11-08 14:30:00 EST,42.98428,-74.30177,745,30.5,29.3,20.5,43.3,10.8,0.000,0.000,0.00,0.000,12.4,20.7,3.2,310,15,12.8,20.2,3.1,308,14,12.8,20.2,3.1,308,14,337,29.35,0.2,0,0,0,42.3,45.5,48.2,0.60,0.48,0.34
JOHN,2019-11-08 14:35:00 EST,42.98428,-74.30177,745,30.1,29.3,20.9,43.8,10.7,0.000,0.000,0.00,0.000,10.2,20.6,3.6,315,21,10.9,20.0,3.7,310,19,10.9,20.0,3.7,310,19,208,29.35,0.1,0,0,0,42.3,45.5,48.2,0.60,0.48,0.34
JOHN,2019-11-08 14:40:00 EST,42.98428,-74.30177,745,29.7,29.1,19.9,43.8,10.3,0.000,0.000,0.00,0.000,10.7,18.3,3.4,294,21,11.9,20.4,3.6,290,17,11.9,20.4,3.6,290,17,232,29.35,0.2,0,0,0,42.3,45.5,48.2,0.60,0.48,0.34
JOHN,2019-11-08 14:45:00 EST,42.98428,-74.30177,745,29.9,29.2,21.3,44.5,10.9,0.000,0.000,0.00,0.000,8.8,15.2,3.3,292,23,9.8,19.0,3.5,291,21,9.8,19.0,3.5,291,21,264,29.35,0.2,0,0,0,42.3,45.5,48.2,0.60,0.48,0.34
JOHN,2019-11-08 14:50:00 EST,42.98428,-74.30177,745,30.4,29.6,20.2,42.4,10.3,0.000,0.000,0.00,0.000,12.5,17.1,2.9,298,21,13.5,19.1,2.9,295,17,13.5,19.1,2.9,295,17,329,29.35,0.2,0,0,0,42.4,45.5,48.2,0.60,0.47,0.34
JOHN,2019-11-08 14:55:00 EST,42.98428,-74.30177,745,30.6,29.8,21.3,41.9,10.2,0.000,0.000,0.00,0.000,10.7,18.4,2.6,313,15,11.5,17.8,2.4,312,15,11.5,17.8,2.4,312,15,281,29.35,0.3,0,0,0,42.4,45.5,48.2,0.60,0.48,0.34
JOHN,2019-11-08 15:00:00 EST,42.98428,-74.30177,745,30.5,29.7,19.9,41.8,10.0,0.000,0.000,0.00,0.000,13.8,22.9,4.0,312,16,14.4,22.9,4.0,309,15,14.4,22.9,4.0,309,15,256,29.36,0.1,0,0,0,42.4,45.5,48.2,0.60,0.47,0.34
JOHN,2019-11-08 15:05:00 EST,42.98428,-74.30177,745,29.9,29.3,18.8,42.0,9.5,0.000,0.000,0.00,0.000,14.4,23.2,3.6,315,18,15.1,24.4,3.8,311,18,15.1,24.4,3.8,311,18,203,29.36,0.1,0,0,0,42.4,45.5,48.2,0.60,0.47,0.34
JOHN,2019-11-08 15:10:00 EST,42.98428,-74.30177,745,29.1,28.9,19.3,43.6,9.7,0.000,0.000,0.00,0.000,11.0,18.0,3.2,324,15,11.6,18.9,3.4,321,13,11.6,18.9,3.4,321,13,82,29.36,0.1,0,0,0,42.4,45.5,48.1,0.60,0.47,0.34
JOHN,2019-11-08 15:15:00 EST,42.98428,-74.30177,745,28.7,28.6,19.9,46.2,10.6,0.000,0.000,0.00,0.000,8.8,16.7,2.6,317,21,9.5,18.3,2.7,313,17,9.5,18.3,2.7,313,17,68,29.36,0.1,0,0,0,42.4,45.5,48.1,0.60,0.48,0.34
JOHN,2019-11-08 15:20:00 EST,42.98428,-74.30177,745,28.5,28.4,19.3,46.3,10.4,0.000,0.000,0.00,0.000,9.5,16.9,2.4,304,17,10.2,18.3,2.6,301,14,10.2,18.3,2.6,301,14,62,29.36,0.1,0,0,0,42.4,45.5,48.1,0.60,0.48,0.34
JOHN,2019-11-08 15:25:00 EST,42.98428,-74.30177,745,28.2,28.2,17.8,45.0,9.6,0.000,0.000,0.00,0.000,11.6,17.9,2.9,307,15,12.5,21.6,3.1,304,15,12.5,21.6,3.1,304,15,46,29.37,0.1,0,0,0,42.4,45.5,48.1,0.60,0.47,0.34
JOHN,2019-11-08 15:30:00 EST,42.98428,-74.30177,745,28.1,28.1,18.3,45.0,9.5,0.000,0.000,0.00,0.000,10.3,20.4,3.4,303,18,11.0,19.8,3.5,299,16,11.0,19.8,3.5,299,16,55,29.37,0.1,0,0,0,42.4,45.5,48.1,0.60,0.47,0.34
JOHN,2019-11-08 15:35:00 EST,42.98428,-74.30177,745,28.1,28.1,18.8,46.1,10.0,0.000,0.000,0.00,0.000,9.5,15.1,2.7,301,13,10.2,15.6,2.8,299,13,10.2,15.6,2.8,299,13,67,29.37,0.1,0,0,0,42.4,45.5,48.0,0.60,0.48,0.34
JOHN,2019-11-08 15:40:00 EST,42.98428,-74.30177,745,28.2,28.1,18.0,46.0,10.1,0.000,0.000,0.00,0.000,11.4,20.3,3.5,309,12,12.0,22.0,3.5,306,12,12.0,22.0,3.5,306,12,65,29.37,0.1,0,0,0,42.4,45.5,48.0,0.60,0.47,0.34
JOHN,2019-11-08 15:45:00 EST,42.98428,-74.30177,745,28.1,28.0,16.7,46.1,10.0,0.000,0.000,0.00,0.000,13.5,20.8,3.6,302,18,14.6,23.6,3.7,297,15,14.6,23.6,3.7,297,15,72,29.37,0.1,0,0,0,42.4,45.5,48.0,0.60,0.47,0.34
JOHN,2019-11-08 15:50:00 EST,42.98428,-74.30177,745,28.2,28.1,17.9,46.0,10.1,0.000,0.000,0.00,0.000,11.7,17.5,2.6,305,13,12.3,19.6,3.0,303,12,12.3,19.6,3.0,303,12,94,29.37,0.1,0,0,0,42.4,45.5,48.0,0.60,0.47,0.34
JOHN,2019-11-08 15:55:00 EST,42.98428,-74.30177,745,28.0,28.0,17.8,46.9,10.3,0.000,0.000,0.00,0.000,11.5,16.6,2.1,304,13,12.0,17.3,2.3,300,11,12.0,17.3,2.3,300,11,53,29.37,0.1,0,0,0,42.5,45.5,48.0,0.60,0.47,0.34
JOHN,2019-11-08 16:00:00 EST,42.98428,-74.30177,745,27.7,27.7,17.9,47.4,10.3,0.000,0.000,0.00,0.000,10.2,15.9,2.4,300,17,11.0,17.5,2.8,296,16,11.0,17.5,2.8,296,16,35,29.37,0.1,0,0,0,42.6,45.5,48.0,0.60,0.48,0.34
JOHN,2019-11-08 16:05:00 EST,42.98428,-74.30177,745,27.6,27.7,17.6,48.0,10.5,0.000,0.000,0.00,0.000,10.4,17.5,3.4,294,20,11.3,21.0,3.4,292,15,11.3,21.0,3.4,292,15,48,29.37,0.1,0,0,0,42.6,45.5,48.0,0.60,0.47,0.34
JOHN,2019-11-08 16:10:00 EST,42.98428,-74.30177,745,27.7,27.8,17.6,47.5,10.3,0.000,0.000,0.00,0.000,11.1,16.4,2.9,299,16,11.7,17.1,2.9,296,13,11.7,17.1,2.9,296,13,53,29.38,0.1,0,0,0,42.6,45.5,48.0,0.60,0.47,0.34
JOHN,2019-11-08 16:15:00 EST,42.98428,-74.30177,745,27.7,27.8,18.2,47.5,10.4,0.000,0.000,0.00,0.000,9.8,17.3,3.4,300,16,10.5,18.4,3.3,295,14,10.5,18.4,3.3,295,14,43,29.38,0.1,0,0,0,42.6,45.5,48.0,0.60,0.47,0.34
JOHN,2019-11-08 16:20:00 EST,42.98428,-74.30177,745,27.6,27.7,18.6,48.2,10.5,0.000,0.000,0.00,0.000,8.8,13.4,2.0,298,14,9.5,13.8,2.0,297,12,9.5,13.8,2.0,297,12,34,29.38,0.1,0,0,0,42.6,45.5,48.0,0.60,0.48,0.34
JOHN,2019-11-08 16:25:00 EST,42.98428,-74.30177,745,27.5,27.6,17.4,47.9,10.3,0.000,0.000,0.00,0.000,10.5,16.4,2.3,302,13,11.3,17.4,2.5,298,12,11.3,17.4,2.5,298,12,20,29.38,0.1,0,0,0,42.6,45.5,48.0,0.60,0.47,0.34
JOHN,2019-11-08 16:30:00 EST,42.98428,-74.30177,745,27.4,27.6,17.2,47.8,10.1,0.000,0.000,0.00,0.000,10.7,18.3,3.0,302,14,11.4,19.5,2.8,298,11,11.4,19.5,2.8,298,11,16,29.38,0.1,0,0,0,42.6,45.5,48.0,0.60,0.47,0.34
JOHN,2019-11-08 16:35:00 EST,42.98428,-74.30177,745,27.3,27.5,16.3,47.8,10.1,0.000,0.000,0.00,0.000,12.6,17.5,2.7,301,15,13.2,19.2,2.8,297,13,13.2,19.2,2.8,297,13,13,29.38,0.1,0,0,0,42.6,45.5,48.0,0.60,0.47,0.34
JOHN,2019-11-08 16:40:00 EST,42.98428,-74.30177,745,27.3,27.5,16.4,47.1,9.8,0.000,0.000,0.00,0.000,12.5,19.0,3.1,308,13,13.2,20.5,3.3,304,11,13.2,20.5,3.3,304,11,10,29.39,0.1,0,0,0,42.6,45.5,48.0,0.60,0.47,0.34
JOHN,2019-11-08 16:45:00 EST,42.98428,-74.30177,745,27.3,27.5,16.4,47.2,9.8,0.000,0.000,0.00,0.000,12.2,20.0,2.9,305,13,13.0,21.3,2.9,302,11,13.0,21.3,2.9,302,11,6,29.39,0.1,0,0,0,42.6,45.5,48.0,0.60,0.47,0.34
JOHN,2019-11-08 16:50:00 EST,42.98428,-74.30177,745,27.2,27.4,17.3,47.1,9.6,0.000,0.000,0.00,0.000,10.2,16.3,3.0,300,15,10.9,16.5,3.1,298,13,10.9,16.5,3.1,298,13,4,29.39,0.1,0,0,0,42.6,45.5,48.0,0.60,0.47,0.34
JOHN,2019-11-08 16:55:00 EST,42.98428,-74.30177,745,27.0,27.2,19.0,47.9,9.8,0.000,0.000,0.00,0.000,7.0,11.8,1.7,301,17,7.6,12.3,1.6,297,15,7.6,12.3,1.6,297,15,2,29.39,0.1,0,0,0,42.6,45.5,48.0,0.60,0.47,0.34
JOHN,2019-11-08 17:00:00 EST,42.98428,-74.30177,745,26.6,26.9,21.2,49.7,10.3,0.000,0.000,0.00,0.000,3.9,7.1,1.3,286,19,4.6,9.5,1.6,287,18,4.6,9.5,1.6,287,18,1,29.40,0.2,0,0,0,42.6,45.5,48.0,0.60,0.47,0.34
JOHN,2019-11-08 17:05:00 EST,42.98428,-74.30177,745,26.5,26.8,19.2,51.5,11.1,0.000,0.000,0.00,0.000,5.9,11.8,2.1,282,18,6.6,13.9,2.5,281,15,6.6,13.9,2.5,281,15,0,29.40,0.1,0,0,0,42.6,45.5,48.0,0.60,0.47,0.34
JOHN,2019-11-08 17:10:00 EST,42.98428,-74.30177,745,26.6,26.8,17.1,51.9,11.2,0.000,0.000,0.00,0.000,8.9,14.9,3.0,303,13,9.8,17.9,3.1,299,12,9.8,17.9,3.1,299,12,0,29.40,0.1,0,0,0,42.6,45.5,48.0,0.60,0.47,0.34
JOHN,2019-11-08 17:15:00 EST,42.98428,-74.30177,745,26.6,26.8,16.4,51.4,11.1,0.000,0.000,0.00,0.000,10.3,15.5,2.5,300,14,11.1,16.8,2.6,298,12,11.1,16.8,2.6,298,12,0,29.40,0.1,0,0,0,42.6,45.5,48.0,0.60,0.47,0.34
JOHN,2019-11-08 17:20:00 EST,42.98428,-74.30177,745,26.4,26.7,17.0,51.3,10.8,0.000,0.000,0.00,0.000,9.1,14.0,2.4,305,14,9.6,15.0,2.2,302,13,9.6,15.0,2.2,302,13,0,29.40,0.1,0,0,0,42.6,45.5,48.0,0.60,0.47,0.34
JOHN,2019-11-08 17:25:00 EST,42.98428,-74.30177,745,26.1,26.5,16.9,52.1,10.9,0.000,0.000,0.00,0.000,8.4,14.1,2.3,300,13,9.3,15.8,2.4,297,13,9.3,15.8,2.4,297,13,0,29.41,0.1,0,0,0,42.6,45.5,48.0,0.60,0.47,0.34
JOHN,2019-11-08 17:30:00 EST,42.98428,-74.30177,745,26.0,26.3,15.9,52.8,11.1,0.000,0.000,0.00,0.000,10.0,15.6,2.6,300,13,10.8,16.2,2.6,297,12,10.8,16.2,2.6,297,12,0,29.41,0.1,0,0,0,42.6,45.5,48.0,0.60,0.47,0.34
JOHN,2019-11-08 17:35:00 EST,42.98428,-74.30177,745,26.0,26.3,15.3,53.0,11.2,0.000,0.000,0.00,0.000,11.2,16.0,2.3,300,15,11.9,17.7,2.5,297,13,11.9,17.7,2.5,297,13,0,29.41,0.1,0,0,0,42.5,45.5,48.0,0.60,0.48,0.34
JOHN,2019-11-08 17:40:00 EST,42.98428,-74.30177,745,25.8,26.1,16.1,53.5,11.3,0.000,0.000,0.00,0.000,9.1,14.8,3.0,300,16,9.9,16.8,3.1,296,15,9.9,16.8,3.1,296,15,0,29.41,0.1,0,0,0,42.5,45.4,48.0,0.60,0.47,0.34
JOHN,2019-11-08 17:45:00 EST,42.98428,-74.30177,745,25.7,26.0,15.4,54.1,11.4,0.000,0.000,0.00,0.000,10.2,16.5,2.9,301,16,11.0,16.9,2.9,295,15,11.0,16.9,2.9,295,15,0,29.41,0.1,0,0,0,42.5,45.5,48.0,0.60,0.47,0.34
JOHN,2019-11-08 17:50:00 EST,42.98428,-74.30177,745,25.6,25.9,16.6,54.1,11.3,0.000,0.000,0.00,0.000,7.9,12.8,2.3,298,17,8.6,14.6,2.4,293,15,8.6,14.6,2.4,293,15,0,29.42,0.1,0,0,0,42.4,45.4,48.0,0.60,0.47,0.34
JOHN,2019-11-08 17:55:00 EST,42.98428,-74.30177,745,25.3,25.7,16.7,55.2,11.5,0.000,0.000,0.00,0.000,7.4,13.7,2.5,299,16,8.0,14.9,2.7,295,14,8.0,14.9,2.7,295,14,0,29.42,0.1,0,0,0,42.4,45.4,48.0,0.60,0.47,0.34
JOHN,2019-11-08 18:00:00 EST,42.98428,-74.30177,745,25.3,25.6,16.4,55.6,11.6,0.000,0.000,0.00,0.000,7.8,13.5,2.5,301,16,8.4,13.8,2.6,297,14,8.4,13.8,2.6,297,14,0,29.43,0.1,0,0,0,42.4,45.3,48.0,0.60,0.47,0.34
JOHN,2019-11-08 18:05:00 EST,42.98428,-74.30177,745,25.0,25.4,18.5,56.1,11.5,0.000,0.000,0.00,0.000,4.8,7.4,1.5,298,19,5.3,8.7,1.6,295,17,5.3,8.7,1.6,295,17,0,29.43,0.1,0,0,0,42.4,45.4,48.0,0.60,0.47,0.34
JOHN,2019-11-08 18:10:00 EST,42.98428,-74.30177,745,24.8,25.4,17.6,56.8,11.6,0.000,0.000,0.00,0.000,5.6,9.8,1.5,297,15,6.1,11.8,1.7,293,15,6.1,11.8,1.7,293,15,0,29.43,0.1,0,0,0,42.4,45.4,48.0,0.60,0.47,0.34
JOHN,2019-11-08 18:15:00 EST,42.98428,-74.30177,745,24.9,25.3,18.6,56.7,11.6,0.000,0.000,0.00,0.000,4.5,8.1,1.7,285,16,5.1,9.7,2.0,281,15,5.1,9.7,2.0,281,15,0,29.44,0.2,0,0,0,42.4,45.3,48.0,0.60,0.47,0.34
JOHN,2019-11-08 18:20:00 EST,42.98428,-74.30177,745,24.6,25.2,17.7,57.1,11.5,0.000,0.000,0.00,0.000,5.2,9.2,1.6,285,19,5.7,10.8,1.8,281,18,5.7,10.8,1.8,281,18,0,29.44,0.1,0,0,0,42.4,45.3,48.0,0.60,0.47,0.34
JOHN,2019-11-08 18:25:00 EST,42.98428,-74.30177,745,24.4,25.0,18.6,57.7,11.6,0.000,0.000,0.00,0.000,4.0,7.2,1.2,288,18,4.5,8.6,1.4,285,18,4.5,8.6,1.4,285,18,0,29.44,0.1,0,0,0,42.4,45.3,48.0,0.60,0.47,0.34
JOHN,2019-11-08 18:30:00 EST,42.98428,-74.30177,745,24.3,25.0,17.0,58.0,11.7,0.000,0.000,0.00,0.000,5.7,10.0,1.5,297,16,6.1,9.6,1.5,293,13,6.1,9.6,1.5,293,13,0,29.44,0.1,0,0,0,42.4,45.3,48.0,0.60,0.47,0.34
JOHN,2019-11-08 18:35:00 EST,42.98428,-74.30177,745,24.4,24.9,16.5,58.2,11.8,0.000,0.000,0.00,0.000,6.2,9.8,1.7,294,14,6.8,10.3,1.8,291,13,6.8,10.3,1.8,291,13,0,29.44,0.2,0,0,0,42.4,45.3,48.0,0.60,0.47,0.34
JOHN,2019-11-08 18:40:00 EST,42.98428,-74.30177,745,24.4,24.9,16.5,57.9,11.7,0.000,0.000,0.00,0.000,6.3,9.8,1.6,295,15,6.8,10.8,1.9,291,13,6.8,10.8,1.9,291,13,0,29.44,0.1,0,0,0,42.4,45.3,48.0,0.60,0.47,0.34
JOHN,2019-11-08 18:45:00 EST,42.98428,-74.30177,745,24.2,24.7,17.4,58.0,11.6,0.000,0.000,0.00,0.000,5.0,9.6,1.4,294,17,5.6,12.1,1.6,291,14,5.6,12.1,1.6,291,14,0,29.44,0.1,0,0,0,42.4,45.3,48.0,0.60,0.47,0.34
JOHN,2019-11-08 18:50:00 EST,42.98428,-74.30177,745,24.0,24.6,15.9,59.1,11.8,0.000,0.000,0.00,0.000,6.3,10.8,1.7,292,15,7.0,11.5,2.0,289,13,7.0,11.5,2.0,289,13,0,29.44,0.2,0,0,0,42.4,45.3,48.0,0.60,0.47,0.34
JOHN,2019-11-08 18:55:00 EST,42.98428,-74.30177,745,24.0,24.4,16.5,59.1,11.8,0.000,0.000,0.00,0.000,5.6,11.7,2.0,295,18,6.3,13.9,2.4,291,15,6.3,13.9,2.4,291,15,0,29.44,0.1,0,0,0,42.4,45.3,48.0,0.60,0.47,0.34
JOHN,2019-11-08 19:00:00 EST,42.98428,-74.30177,745,23.8,24.3,17.2,59.6,11.8,0.000,0.000,0.00,0.000,4.6,7.2,1.3,283,19,5.2,8.8,1.5,280,18,5.2,8.8,1.5,280,18,0,29.44,0.1,0,0,0,42.4,45.3,48.0,0.60,0.47,0.34
JOHN,2019-11-08 19:05:00 EST,42.98428,-74.30177,745,23.6,24.2,17.5,60.5,11.9,0.000,0.000,0.00,0.000,4.1,8.7,1.1,281,20,4.7,10.4,1.4,278,18,4.7,10.4,1.4,278,18,0,29.45,0.1,0,0,0,42.4,45.3,48.0,0.60,0.47,0.34
JOHN,2019-11-08 19:10:00 EST,42.98428,-74.30177,745,23.5,24.1,16.9,61.5,12.2,0.000,0.000,0.00,0.000,4.6,9.4,1.5,285,24,5.2,10.7,1.9,283,21,5.2,10.7,1.9,283,21,0,29.45,0.1,0,0,0,42.4,45.3,48.0,0.60,0.47,0.34
JOHN,2019-11-08 19:15:00 EST,42.98428,-74.30177,745,23.5,24.1,18.1,61.8,12.3,0.000,0.000,0.00,0.000,3.7,6.6,1.2,277,16,4.1,7.6,1.3,275,16,4.1,7.6,1.3,275,16,0,29.45,0.2,0,0,0,42.3,45.3,48.0,0.60,0.47,0.34
JOHN,2019-11-08 19:20:00 EST,42.98428,-74.30177,745,23.4,24.0,17.8,62.5,12.5,0.000,0.000,0.00,0.000,3.8,8.1,1.5,282,25,4.3,11.1,1.9,277,21,4.3,11.1,1.9,277,21,0,29.45,0.2,0,0,0,42.3,45.3,48.0,0.60,0.47,0.34
JOHN,2019-11-08 19:25:00 EST,42.98428,-74.30177,745,23.5,24.0,17.3,63.0,12.8,0.000,0.000,0.00,0.000,4.3,8.0,1.5,285,20,4.9,9.2,1.8,282,17,4.9,9.2,1.8,282,17,0,29.45,0.1,0,0,0,42.3,45.3,48.0,0.60,0.47,0.34
JOHN,2019-11-08 19:30:00 EST,42.98428,-74.30177,745,23.2,23.8,17.7,63.4,12.6,0.000,0.000,0.00,0.000,3.6,6.6,1.1,277,21,4.1,7.4,1.2,277,18,4.1,7.4,1.2,277,18,0,29.45,0.1,0,0,0,42.3,45.3,48.0,0.60,0.47,0.34
JOHN,2019-11-08 19:35:00 EST,42.98428,-74.30177,745,23.0,23.7,18.2,64.4,12.7,0.000,0.000,0.00,0.000,3.2,6.1,1.1,272,17,3.6,7.4,1.2,272,16,3.6,7.4,1.2,272,16,0,29.45,0.2,0,0,0,42.3,45.3,47.9,0.60,0.47,0.34
JOHN,2019-11-08 19:40:00 EST,42.98428,-74.30177,745,23.2,23.7,16.5,64.6,13.0,0.000,0.000,0.00,0.000,4.8,7.7,1.2,288,16,5.3,8.7,1.4,286,14,5.3,8.7,1.4,286,14,0,29.45,0.1,0,0,0,42.3,45.3,47.9,0.60,0.47,0.34
JOHN,2019-11-08 19:45:00 EST,42.98428,-74.30177,745,23.0,23.7,16.3,65.1,13.0,0.000,0.000,0.00,0.000,4.6,7.5,1.4,278,17,5.2,9.3,1.6,276,17,5.2,9.3,1.6,276,17,0,29.45,0.1,0,0,0,42.3,45.3,47.9,0.60,0.47,0.34
JOHN,2019-11-08 19:50:00 EST,42.98428,-74.30177,745,23.0,23.6,16.3,65.9,13.2,0.000,0.000,0.00,0.000,4.5,7.9,1.4,282,15,5.1,9.3,1.7,280,11,5.1,9.3,1.7,280,11,0,29.46,0.2,0,0,0,42.3,45.3,47.9,0.60,0.47,0.34
JOHN,2019-11-08 19:55:00 EST,42.98428,-74.30177,745,22.8,23.4,17.0,66.4,13.2,0.000,0.000,0.00,0.000,3.7,7.4,1.2,288,17,4.3,8.1,1.3,285,15,4.3,8.1,1.3,285,15,0,29.46,0.1,0,0,0,42.3,45.3,47.9,0.60,0.47,0.34
JOHN,2019-11-08 20:00:00 EST,42.98428,-74.30177,745,22.6,23.3,15.4,67.5,13.4,0.000,0.000,0.00,0.000,4.9,7.4,1.4,295,16,5.5,8.9,1.5,292,15,5.5,8.9,1.5,292,15,0,29.46,0.2,0,0,0,42.3,45.3,47.9,0.60,0.47,0.34
JOHN,2019-11-08 20:05:00 EST,42.98428,-74.30177,745,22.7,23.3,14.9,67.8,13.7,0.000,0.000,0.00,0.000,5.6,10.2,1.7,293,18,6.3,12.2,1.9,289,16,6.3,12.2,1.9,289,16,0,29.46,0.2,0,0,0,42.2,45.3,47.8,0.60,0.47,0.34
JOHN,2019-11-08 20:10:00 EST,42.98428,-74.30177,745,22.8,23.3,15.8,67.5,13.7,0.000,0.000,0.00,0.000,5.0,8.8,1.3,298,16,5.4,9.8,1.4,295,13,5.4,9.8,1.4,295,13,0,29.46,0.1,0,0,0,42.1,45.3,47.8,0.60,0.47,0.34
JOHN,2019-11-08 20:15:00 EST,42.98428,-74.30177,745,22.5,23.2,16.1,68.4,13.7,0.000,0.000,0.00,0.000,4.4,8.1,1.4,293,17,4.9,8.5,1.6,289,15,4.9,8.5,1.6,289,15,0,29.46,0.1,0,0,0,42.1,45.3,47.8,0.60,0.47,0.34
JOHN,2019-11-08 20:20:00 EST,42.98428,-74.30177,745,22.7,23.2,16.4,68.4,13.8,0.000,0.000,0.00,0.000,4.3,6.8,1.1,293,17,4.8,8.6,1.2,291,15,4.8,8.6,1.2,291,15,0,29.46,0.1,0,0,0,42.1,45.3,47.8,0.60,0.47,0.34
JOHN,2019-11-08 20:25:00 EST,42.98428,-74.30177,745,22.1,22.9,17.1,69.4,13.6,0.000,0.000,0.00,0.000,3.2,6.6,1.0,304,19,3.7,8.9,1.2,301,18,3.7,8.9,1.2,301,18,0,29.46,0.1,0,0,0,42.1,45.3,47.8,0.60,0.47,0.34
JOHN,2019-11-08 20:30:00 EST,42.98428,-74.30177,745,21.9,22.9,16.1,70.7,13.8,0.000,0.000,0.00,0.000,3.9,6.2,0.7,302,14,4.2,8.1,1.0,301,12,4.2,8.1,1.0,301,12,0,29.46,0.1,0,0,0,42.1,45.3,47.8,0.60,0.47,0.34
JOHN,2019-11-08 20:35:00 EST,42.98428,-74.30177,745,21.9,22.8,16.6,71.3,14.0,0.000,0.000,0.00,0.000,3.5,5.6,1.0,298,14,3.8,6.3,1.1,296,14,3.8,6.3,1.1,296,14,0,29.46,0.1,0,0,0,42.1,45.3,47.8,0.60,0.47,0.34
JOHN,2019-11-08 20:40:00 EST,42.98428,-74.30177,745,21.9,22.8,17.7,71.8,14.2,0.000,0.000,0.00,0.000,2.7,4.8,0.9,293,17,3.1,5.8,1.0,292,17,3.1,5.8,1.0,292,17,0,29.46,0.1,0,0,0,42.1,45.3,47.8,0.60,0.47,0.34
JOHN,2019-11-08 20:45:00 EST,42.98428,-74.30177,745,21.7,22.7,21.7,72.0,14.0,0.000,0.000,0.00,0.000,2.4,4.2,0.6,307,12,2.5,4.6,0.7,307,9,2.5,4.6,0.7,307,9,0,29.46,0.1,0,0,0,42.1,45.3,47.8,0.60,0.47,0.34
JOHN,2019-11-08 20:50:00 EST,42.98428,-74.30177,745,21.5,22.7,21.5,72.5,14.1,0.000,0.000,0.00,0.000,2.2,3.7,0.6,298,12,2.5,5.2,0.8,298,12,2.5,5.2,0.8,298,12,0,29.46,-0.1,0,0,0,42.1,45.3,47.8,0.60,0.47,0.34
JOHN,2019-11-08 20:55:00 EST,42.98428,-74.30177,745,21.6,22.9,21.6,72.5,14.2,0.000,0.000,0.00,0.000,2.5,4.4,0.6,298,12,2.6,4.9,0.7,300,12,2.6,4.9,0.7,300,12,0,29.46,-0.0,0,0,0,42.1,45.3,47.8,0.60,0.47,0.34
JOHN,2019-11-08 21:00:00 EST,42.98428,-74.30177,745,21.3,22.8,17.1,72.7,13.9,0.000,0.000,0.00,0.000,2.7,4.5,0.7,290,15,3.1,6.2,0.9,289,15,3.1,6.2,0.9,289,15,0,29.46,-0.0,0,0,0,42.1,45.3,47.8,0.60,0.47,0.34
JOHN,2019-11-08 21:05:00 EST,42.98428,-74.30177,745,21.2,22.6,16.9,73.3,14.0,0.000,0.000,0.00,0.000,2.9,4.5,0.6,293,15,3.1,4.8,0.7,291,14,3.1,4.8,0.7,291,14,0,29.46,0.1,0,0,0,42.0,45.3,47.8,0.60,0.47,0.34
JOHN,2019-11-08 21:10:00 EST,42.98428,-74.30177,745,20.7,22.6,16.2,74.1,13.8,0.000,0.000,0.00,0.000,3.0,5.2,0.8,288,12,3.2,6.5,1.0,288,13,3.2,6.5,1.0,288,13,0,29.46,-0.1,0,0,0,41.9,45.3,47.8,0.60,0.47,0.34
JOHN,2019-11-08 21:15:00 EST,42.98428,-74.30177,745,20.5,22.5,15.1,75.3,14.0,0.000,0.000,0.00,0.000,3.4,5.0,0.8,280,14,3.8,6.4,1.0,279,13,3.8,6.4,1.0,279,13,0,29.46,-0.0,0,0,0,41.9,45.3,47.8,0.60,0.47,0.34
JOHN,2019-11-08 21:20:00 EST,42.98428,-74.30177,745,20.8,22.4,15.3,75.5,14.3,0.000,0.000,0.00,0.000,3.6,5.5,0.8,277,11,3.9,6.2,0.9,275,10,3.9,6.2,0.9,275,10,0,29.46,0.1,0,0,0,41.9,45.3,47.8,0.60,0.47,0.34
JOHN,2019-11-08 21:25:00 EST,42.98428,-74.30177,745,20.7,22.1,15.6,76.0,14.3,0.000,0.000,0.00,0.000,3.3,4.7,0.6,274,12,3.6,5.5,0.8,273,11,3.6,5.5,0.8,273,11,0,29.46,0.1,0,0,0,41.9,45.3,47.8,0.60,0.47,0.34
JOHN,2019-11-08 21:30:00 EST,42.98428,-74.30177,745,20.6,21.9,15.4,76.3,14.3,0.000,0.000,0.00,0.000,3.3,5.6,0.9,267,12,3.6,6.6,1.0,267,10,3.6,6.6,1.0,267,10,0,29.46,0.1,0,0,0,41.9,45.3,47.8,0.60,0.47,0.34
JOHN,2019-11-08 21:35:00 EST,42.98428,-74.30177,745,20.1,21.6,20.1,77.2,14.2,0.000,0.000,0.00,0.000,2.2,4.1,0.8,274,16,2.5,5.2,0.9,273,17,2.5,5.2,0.9,273,17,0,29.46,-0.0,0,0,0,41.9,45.3,47.8,0.60,0.47,0.34
JOHN,2019-11-08 21:40:00 EST,42.98428,-74.30177,745,20.0,21.6,15.7,78.2,14.3,0.000,0.000,0.00,0.000,2.7,5.3,1.0,260,14,3.0,5.8,1.1,261,15,3.0,5.8,1.1,261,15,0,29.46,0.1,0,0,0,41.9,45.3,47.8,0.60,0.47,0.34
JOHN,2019-11-08 21:45:00 EST,42.98428,-74.30177,745,20.1,21.7,13.4,79.3,14.7,0.000,0.000,0.00,0.000,4.3,8.1,1.3,257,12,4.7,9.1,1.4,255,10,4.7,9.1,1.4,255,10,0,29.46,0.2,0,0,0,41.9,45.3,47.8,0.60,0.47,0.34
JOHN,2019-11-08 21:50:00 EST,42.98428,-74.30177,745,20.2,21.8,12.4,79.3,14.9,0.000,0.000,0.00,0.000,5.2,7.0,0.8,253,8,5.8,8.3,1.0,253,6,5.8,8.3,1.0,253,6,0,29.47,0.1,0,0,0,41.8,45.3,47.8,0.60,0.47,0.34
JOHN,2019-11-08 21:55:00 EST,42.98428,-74.30177,745,20.4,21.8,12.6,79.1,15.0,0.000,0.000,0.00,0.000,5.3,7.1,0.7,251,6,5.9,8.5,0.8,251,5,5.9,8.5,0.8,251,5,0,29.47,0.2,0,0,0,41.7,45.2,47.8,0.60,0.47,0.34
JOHN,2019-11-08 22:00:00 EST,42.98428,-74.30177,745,20.4,21.6,13.2,78.6,14.8,0.000,0.000,0.00,0.000,4.9,7.2,0.9,243,9,5.2,7.9,1.0,243,9,5.2,7.9,1.0,243,9,0,29.47,0.1,0,0,0,41.7,45.2,47.8,0.60,0.47,0.34
JOHN,2019-11-08 22:05:00 EST,42.98428,-74.30177,745,19.3,21.4,13.9,79.8,14.1,0.000,0.000,0.00,0.000,3.5,5.0,0.6,238,9,3.6,5.4,0.7,236,8,3.6,5.4,0.7,236,8,0,29.47,0.1,0,0,0,41.7,45.2,47.8,0.60,0.47,0.34
JOHN,2019-11-08 22:10:00 EST,42.98428,-74.30177,745,18.9,21.4,18.9,81.6,14.2,0.000,0.000,0.00,0.000,2.9,3.8,0.5,234,6,2.9,4.4,0.6,232,5,2.9,4.4,0.6,232,5,0,29.47,0.0,0,0,0,41.7,45.2,47.8,0.60,0.47,0.34
JOHN,2019-11-08 22:15:00 EST,42.98428,-74.30177,745,18.2,21.4,18.2,83.1,13.9,0.000,0.000,0.00,0.000,2.3,3.3,0.4,225,8,2.2,3.5,0.3,225,6,2.2,3.5,0.3,225,6,0,29.47,0.0,0,0,0,41.7,45.2,47.8,0.60,0.47,0.34
JOHN,2019-11-08 22:20:00 EST,42.98428,-74.30177,745,17.5,21.0,17.5,84.1,13.5,0.000,0.000,0.00,0.000,1.8,2.3,0.2,216,11,1.8,2.3,0.2,216,9,1.8,2.3,0.2,216,9,0,29.47,0.0,0,0,0,41.7,45.2,47.8,0.60,0.47,0.34
JOHN,2019-11-08 22:25:00 EST,42.98428,-74.30177,745,17.6,20.6,17.6,85.4,14.0,0.000,0.000,0.00,0.000,1.5,2.0,0.2,209,2,1.7,2.0,0.1,211,5,1.7,2.0,0.1,211,5,0,29.47,0.0,0,0,0,41.7,45.2,47.8,0.60,0.47,0.34
JOHN,2019-11-08 22:30:00 EST,42.98428,-74.30177,745,17.9,20.8,17.9,87.4,14.8,0.000,0.000,0.00,0.000,2.0,2.6,0.3,198,6,2.1,2.9,0.3,198,8,2.1,2.9,0.3,198,8,0,29.47,0.0,0,0,0,41.7,45.2,47.8,0.60,0.47,0.34
JOHN,2019-11-08 22:35:00 EST,42.98428,-74.30177,745,17.2,21.0,17.2,87.1,14.0,0.000,0.000,0.00,0.000,2.0,2.5,0.2,203,5,2.1,2.6,0.2,205,6,2.1,2.6,0.2,205,6,0,29.47,0.0,0,0,0,41.6,45.1,47.8,0.60,0.47,0.34
JOHN,2019-11-08 22:40:00 EST,42.98428,-74.30177,745,17.6,20.9,17.6,87.9,14.6,0.000,0.000,0.00,0.000,2.4,2.8,0.2,197,3,2.5,3.1,0.2,198,5,2.5,3.1,0.2,198,5,0,29.47,-0.0,0,0,0,41.6,45.1,47.8,0.60,0.47,0.34
JOHN,2019-11-08 22:45:00 EST,42.98428,-74.30177,745,17.8,20.8,12.4,87.5,14.7,0.000,0.000,0.00,0.000,3.4,4.5,0.4,201,4,3.5,4.6,0.4,200,5,3.5,4.6,0.4,200,5,0,29.47,0.0,0,0,0,41.5,45.1,47.8,0.60,0.47,0.34
JOHN,2019-11-08 22:50:00 EST,42.98428,-74.30177,745,18.6,21.0,12.1,85.5,15.0,0.000,0.000,0.00,0.000,4.1,4.6,0.3,203,3,4.4,5.0,0.4,201,4,4.4,5.0,0.4,201,4,0,29.47,0.0,0,0,0,41.5,45.1,47.8,0.60,0.47,0.34
JOHN,2019-11-08 22:55:00 EST,42.98428,-74.30177,745,18.4,20.8,12.0,83.8,14.4,0.000,0.000,0.00,0.000,4.0,5.4,0.5,201,5,4.3,5.5,0.5,200,4,4.3,5.5,0.5,200,4,0,29.47,0.1,0,0,0,41.5,45.1,47.8,0.60,0.47,0.34
JOHN,2019-11-08 23:00:00 EST,42.98428,-74.30177,745,18.3,20.8,10.3,83.5,14.2,0.000,0.000,0.00,0.000,5.5,6.9,0.6,201,5,5.7,6.9,0.6,199,5,5.7,6.9,0.6,199,5,0,29.47,0.2,0,0,0,41.5,45.1,47.8,0.60,0.47,0.34
JOHN,2019-11-08 23:05:00 EST,42.98428,-74.30177,745,18.4,20.7,10.6,84.0,14.3,0.000,0.000,0.00,0.000,5.2,6.2,0.5,201,6,5.4,6.5,0.5,199,5,5.4,6.5,0.5,199,5,0,29.47,0.1,0,0,0,41.5,45.1,47.8,0.60,0.47,0.34
JOHN,2019-11-08 23:10:00 EST,42.98428,-74.30177,745,18.4,20.5,11.3,84.5,14.5,0.000,0.000,0.00,0.000,4.8,6.3,0.6,209,5,4.9,6.5,0.7,209,6,4.9,6.5,0.7,209,6,0,29.48,0.2,0,0,0,41.5,45.1,47.8,0.60,0.47,0.34
JOHN,2019-11-08 23:15:00 EST,42.98428,-74.30177,745,18.5,20.5,11.2,85.1,14.8,0.000,0.000,0.00,0.000,5.1,6.6,0.7,221,9,5.0,6.6,0.7,219,8,5.0,6.6,0.7,219,8,0,29.48,0.2,0,0,0,41.5,45.1,47.8,0.60,0.47,0.34
JOHN,2019-11-08 23:20:00 EST,42.98428,-74.30177,745,19.2,20.7,12.1,85.5,15.5,0.000,0.000,0.00,0.000,4.8,5.9,0.6,225,8,4.9,6.8,0.6,224,7,4.9,6.8,0.6,224,7,0,29.48,0.2,0,0,0,41.4,45.1,47.8,0.60,0.47,0.34
JOHN,2019-11-08 23:25:00 EST,42.98428,-74.30177,745,19.5,21.0,12.1,86.1,16.1,0.000,0.000,0.00,0.000,5.2,6.1,0.4,233,8,5.3,6.2,0.5,232,7,5.3,6.2,0.5,232,7,0,29.47,0.3,0,0,0,41.4,45.1,47.8,0.60,0.47,0.34
JOHN,2019-11-08 23:30:00 EST,42.98428,-74.30177,745,20.1,21.1,13.2,87.0,16.8,0.000,0.000,0.00,0.000,4.7,6.3,0.7,242,8,4.9,6.4,0.7,241,8,4.9,6.4,0.7,241,8,0,29.47,0.2,0,0,0,41.4,45.1,47.8,0.60,0.47,0.34
JOHN,2019-11-08 23:35:00 EST,42.98428,-74.30177,745,20.5,21.4,13.1,86.8,17.2,0.000,0.000,0.00,0.000,5.1,6.3,0.5,250,6,5.5,6.8,0.6,250,5,5.5,6.8,0.6,250,5,0,29.47,0.2,0,0,0,41.4,45.1,47.8,0.60,0.47,0.34
JOHN,2019-11-08 23:40:00 EST,42.98428,-74.30177,745,21.0,21.5,13.4,86.1,17.5,0.000,0.000,0.00,0.000,5.4,6.5,0.7,257,6,5.8,7.0,0.8,255,3,5.8,7.0,0.8,255,3,0,29.48,0.3,0,0,0,41.4,45.1,47.8,0.60,0.47,0.34
JOHN,2019-11-08 23:45:00 EST,42.98428,-74.30177,745,21.2,21.7,14.2,85.7,17.6,0.000,0.000,0.00,0.000,4.9,6.9,0.8,261,8,5.3,7.2,0.9,259,6,5.3,7.2,0.9,259,6,0,29.48,0.3,0,0,0,41.4,45.1,47.8,0.60,0.47,0.34
JOHN,2019-11-08 23:50:00 EST,42.98428,-74.30177,745,21.4,21.8,14.7,85.7,17.8,0.000,0.000,0.00,0.000,4.6,6.2,0.7,270,10,4.9,6.8,0.8,268,7,4.9,6.8,0.8,268,7,0,29.48,0.2,0,0,0,41.4,45.1,47.8,0.60,0.47,0.34
JOHN,2019-11-08 23:55:00 EST,42.98428,-74.30177,745,21.3,21.8,14.3,85.0,17.5,0.000,0.000,0.00,0.000,4.9,6.5,0.7,272,9,5.3,7.3,0.8,271,8,5.3,7.3,0.8,271,8,0,29.48,0.2,0,0,0,41.3,45.1,47.8,0.60,0.47,0.34
JORD,2019-11-08 00:00:00 EST,43.06980,-76.47006,402,29.0,28.9,29.0,95.7,27.9,0.010,0.173,0.00,0.030,1.6,3.4,0.7,314,38,1.6,3.9,0.9,315,41,1.6,3.9,0.9,315,41,0,29.69,0.2,0,0,0,41.9,46.0,49.5,0.35,0.32,0.29
JORD,2019-11-08 00:05:00 EST,43.06980,-76.47006,402,28.9,28.7,28.9,96.0,27.9,0.001,0.001,0.00,0.031,1.6,3.6,0.9,278,13,1.7,4.3,1.1,277,15,1.7,4.3,1.1,277,15,0,29.69,0.2,0,0,0,41.9,46.0,49.5,0.35,0.32,0.29
JORD,2019-11-08 00:10:00 EST,43.06980,-76.47006,402,29.0,28.9,29.0,95.8,28.0,0.000,0.001,0.00,0.031,2.1,4.2,0.9,287,17,1.9,4.3,0.9,285,16,1.9,4.3,0.9,285,16,0,29.68,0.2,0,0,0,41.9,46.0,49.5,0.35,0.32,0.29
JORD,2019-11-08 00:15:00 EST,43.06980,-76.47006,402,28.9,28.8,28.9,95.9,27.9,0.000,0.001,0.00,0.031,0.6,1.6,0.5,273,10,0.7,2.1,0.6,271,12,0.7,2.1,0.6,271,12,0,29.68,-0.1,0,0,0,41.9,46.0,49.5,0.35,0.32,0.29
JORD,2019-11-08 00:20:00 EST,43.06980,-76.47006,402,28.9,28.8,28.9,95.9,27.9,0.002,0.003,0.00,0.033,0.6,1.2,0.3,300,8,0.1,1.2,0.3,330,11,0.1,1.2,0.3,330,11,0,29.68,-0.1,0,0,0,41.9,46.0,49.5,0.35,0.32,0.29
JORD,2019-11-08 00:25:00 EST,43.06980,-76.47006,402,28.9,28.8,28.9,96.0,27.9,0.001,0.004,0.00,0.034,0.2,1.0,0.3,320,4,0.1,1.4,0.3,345,10,0.1,1.4,0.3,345,10,0,29.68,-0.3,0,0,0,41.9,46.0,49.5,0.35,0.32,0.29
JORD,2019-11-08 00:30:00 EST,43.06980,-76.47006,402,28.9,28.7,28.9,96.0,27.9,0.000,0.004,0.00,0.034,0.0,0.4,0.1,322,0,0.1,1.3,0.3,271,6,0.1,1.3,0.3,271,6,0,29.68,-0.3,0,0,0,41.9,46.0,49.5,0.35,0.32,0.29
JORD,2019-11-08 00:35:00 EST,43.06980,-76.47006,402,28.7,28.7,28.7,96.1,27.8,0.002,0.006,0.00,0.036,0.0,0.0,0.0,0,0,0.0,0.0,0.0,0,0,0.0,0.0,0.0,0,0,0,29.68,0.2,0,0,0,41.9,46.0,49.5,0.35,0.32,0.29
JORD,2019-11-08 00:40:00 EST,43.06980,-76.47006,402,28.6,28.7,28.6,96.2,27.7,0.001,0.007,0.00,0.037,0.3,1.0,0.4,277,10,0.6,1.2,0.5,268,10,0.6,1.2,0.5,268,10,0,29.68,0.5,0,0,0,41.9,45.9,49.5,0.35,0.32,0.29
JORD,2019-11-08 00:45:00 EST,43.06980,-76.47006,402,28.7,28.8,28.7,96.3,27.8,0.005,0.012,0.00,0.038,0.3,0.8,0.3,272,0,0.4,1.2,0.4,240,10,0.4,1.2,0.4,240,10,0,29.68,0.6,0,0,0,41.9,45.9,49.5,0.35,0.32,0.29
JORD,2019-11-08 00:50:00 EST,43.06980,-76.47006,402,28.5,28.7,28.5,96.5,27.7,0.009,0.021,0.00,0.040,0.2,1.0,0.3,253,30,0.1,1.3,0.3,170,2,0.1,1.3,0.3,170,2,0,29.68,1.1,0,0,0,41.9,45.9,49.5,0.35,0.32,0.29
JORD,2019-11-08 00:55:00 EST,43.06980,-76.47006,402,28.6,28.6,28.6,96.9,27.9,0.011,0.031,0.00,0.041,0.0,0.4,0.1,297,0,0.0,0.7,0.1,215,0,0.0,0.7,0.1,215,0,0,29.68,,0,0,0,41.9,45.9,49.5,0.35,0.32,0.29
JORD,2019-11-08 01:00:00 EST,43.06980,-76.47006,402,28.6,28.6,28.6,97.1,27.9,0.010,0.042,0.00,0.042,1.1,3.1,0.9,212,16,1.1,2.4,0.6,209,13,1.1,2.4,0.6,209,13,0,29.68,0.5,0,0,0,41.9,45.9,49.5,0.35,0.32,0.29
JORD,2019-11-08 01:05:00 EST,43.06980,-76.47006,402,28.9,28.8,28.9,97.4,28.2,0.003,0.045,0.00,0.044,2.3,3.4,0.5,223,14,1.6,2.7,0.3,222,14,1.6,2.7,0.3,222,14,0,29.68,-0.6,0,0,0,41.9,45.9,49.5,0.35,0.32,0.29
JORD,2019-11-08 01:10:00 EST,43.06980,-76.47006,402,29.0,28.8,29.0,97.6,28.4,0.001,0.046,0.00,0.045,3.8,5.3,0.5,234,12,2.4,4.3,0.6,235,17,2.4,4.3,0.6,235,17,0,29.68,-0.6,0,0,0,41.9,45.9,49.5,0.35,0.32,0.29
JORD,2019-11-08 01:15:00 EST,43.06980,-76.47006,402,29.0,28.9,29.0,97.7,28.5,0.000,0.046,0.00,0.045,3.7,6.4,1.4,229,14,2.3,4.4,0.8,232,15,2.3,4.4,0.8,232,15,0,29.67,,0,0,0,41.9,45.9,49.5,0.35,0.32,0.29
JORD,2019-11-08 01:20:00 EST,43.06980,-76.47006,402,29.2,29.1,29.2,97.7,28.7,0.000,0.046,0.00,0.043,4.8,6.1,0.6,218,11,3.0,5.1,0.7,221,12,3.0,5.1,0.7,221,12,0,29.67,1.6,0,0,0,41.9,45.9,49.5,0.35,0.32,0.29
JORD,2019-11-08 01:25:00 EST,43.06980,-76.47006,402,29.2,29.2,29.2,97.5,28.6,0.000,0.046,0.00,0.042,4.1,5.8,0.7,225,9,2.5,4.6,0.7,223,9,2.5,4.6,0.7,223,9,0,29.67,,0,0,0,41.9,45.9,49.5,0.35,0.32,0.29
JORD,2019-11-08 01:30:00 EST,43.06980,-76.47006,402,29.1,29.2,29.1,97.2,28.4,0.000,0.046,0.00,0.042,2.5,4.4,1.0,244,20,1.8,3.6,0.6,247,24,1.8,3.6,0.6,247,24,0,29.68,,0,0,0,41.9,45.9,49.5,0.35,0.32,0.29
JORD,2019-11-08 01:35:00 EST,43.06980,-76.47006,402,29.1,29.1,29.1,97.1,28.3,0.000,0.046,0.00,0.039,2.2,3.4,0.5,263,15,2.2,4.0,0.7,267,15,2.2,4.0,0.7,267,15,0,29.68,1.9,0,0,0,41.9,45.9,49.5,0.35,0.32,0.29
JORD,2019-11-08 01:40:00 EST,43.06980,-76.47006,402,29.0,29.0,29.0,97.1,28.2,0.000,0.046,0.00,0.038,2.0,4.2,1.0,242,17,1.6,4.1,0.7,246,20,1.6,4.1,0.7,246,20,0,29.68,1.8,0,0,0,41.9,45.9,49.5,0.35,0.32,0.29
JORD,2019-11-08 01:45:00 EST,43.06980,-76.47006,402,28.9,28.9,28.9,97.1,28.2,0.000,0.046,0.00,0.033,1.8,2.9,0.5,246,11,1.5,2.7,0.6,247,15,1.5,2.7,0.6,247,15,0,29.68,,0,0,0,41.9,45.9,49.5,0.35,0.32,0.29
JORD,2019-11-08 01:50:00 EST,43.06980,-76.47006,402,28.8,28.8,28.8,97.1,28.1,0.000,0.046,0.00,0.025,1.5,2.8,0.5,254,25,1.3,2.9,0.6,260,28,1.3,2.9,0.6,260,28,0,29.67,,0,0,0,41.9,45.9,49.5,0.35,0.32,0.29
JORD,2019-11-08 01:55:00 EST,43.06980,-76.47006,402,28.8,28.8,28.8,97.0,28.1,0.000,0.046,0.00,0.014,2.5,5.0,0.9,247,15,2.1,6.4,1.1,250,17,2.1,6.4,1.1,250,17,0,29.67,,0,0,0,41.9,45.9,49.5,0.35,0.32,0.29
JORD,2019-11-08 02:00:00 EST,43.06980,-76.47006,402,28.7,28.8,28.7,97.0,28.0,0.000,0.046,0.00,0.004,3.0,4.8,0.7,252,14,2.7,4.8,1.0,254,15,2.7,4.8,1.0,254,15,0,29.67,,0,0,0,41.9,45.9,49.5,0.35,0.32,0.29
JORD,2019-11-08 02:05:00 EST,43.06980,-76.47006,402,28.7,28.8,28.7,96.8,27.9,0.000,0.046,0.00,0.001,3.5,5.3,0.6,237,16,2.5,5.1,0.8,236,17,2.5,5.1,0.8,236,17,0,29.67,,0,0,0,41.9,45.9,49.4,0.36,0.32,0.29
JORD,2019-11-08 02:10:00 EST,43.06980,-76.47006,402,28.7,28.8,28.7,96.8,27.9,0.002,0.048,0.00,0.002,3.9,6.4,0.9,226,12,2.4,4.7,0.7,226,12,2.4,4.7,0.7,226,12,0,29.67,,0,0,0,41.9,45.8,49.5,0.36,0.32,0.29
JORD,2019-11-08 02:15:00 EST,43.06980,-76.47006,402,28.6,28.7,28.6,96.6,27.7,0.000,0.048,0.00,0.002,3.1,5.6,1.1,255,21,2.7,5.5,1.2,260,20,2.7,5.5,1.2,260,20,0,29.67,,0,0,0,41.9,45.8,49.4,0.36,0.32,0.29
JORD,2019-11-08 02:20:00 EST,43.06980,-76.47006,402,28.5,28.6,25.1,96.5,27.6,0.000,0.048,0.00,0.002,3.4,6.1,1.0,274,17,3.2,6.3,1.4,276,15,3.2,6.3,1.4,276,15,0,29.67,-0.1,0,0,0,41.9,45.7,49.3,0.36,0.32,0.29
JORD,2019-11-08 02:25:00 EST,43.06980,-76.47006,402,28.5,28.6,24.8,96.7,27.7,0.000,0.048,0.00,0.002,3.5,7.7,1.3,258,13,3.4,8.1,1.4,261,14,3.4,8.1,1.4,261,14,0,29.67,-0.1,0,0,0,41.9,45.7,49.4,0.36,0.32,0.29
JORD,2019-11-08 02:30:00 EST,43.06980,-76.47006,402,28.7,28.7,24.0,96.9,27.9,0.000,0.048,0.00,0.002,4.0,6.8,1.0,266,13,4.2,8.1,1.2,270,11,4.2,8.1,1.2,270,11,0,29.67,-0.1,0,0,0,41.9,45.7,49.4,0.35,0.32,0.29
JORD,2019-11-08 02:35:00 EST,43.06980,-76.47006,402,28.8,28.7,24.2,97.0,28.1,0.000,0.048,0.00,0.002,4.2,6.4,0.9,275,13,4.1,7.5,1.3,279,13,4.1,7.5,1.3,279,13,0,29.68,,0,0,0,41.9,45.7,49.4,0.35,0.32,0.29
JORD,2019-11-08 02:40:00 EST,43.06980,-76.47006,402,28.8,28.6,20.9,97.1,28.0,0.011,0.059,0.28,0.014,7.7,16.8,3.2,286,26,8.0,16.6,3.7,287,22,8.0,16.6,3.7,287,22,0,29.68,,0,0,0,41.9,45.7,49.3,0.35,0.32,0.29
JORD,2019-11-08 02:45:00 EST,43.06980,-76.47006,402,28.3,28.2,20.1,97.2,27.6,0.011,0.070,0.00,0.025,7.2,12.6,2.5,356,24,8.4,15.5,3.1,360,14,8.4,15.5,3.1,360,14,0,29.68,1.6,0,0,0,41.9,45.7,49.3,0.36,0.32,0.29
JORD,2019-11-08 02:50:00 EST,43.06980,-76.47006,402,27.8,27.7,23.0,97.2,27.1,0.007,0.077,0.00,0.031,3.6,6.1,1.2,25,22,4.2,8.0,1.4,22,21,4.2,8.0,1.4,22,21,0,29.68,1.0,0,0,0,41.9,45.7,49.3,0.36,0.32,0.29
JORD,2019-11-08 02:55:00 EST,43.06980,-76.47006,402,27.8,27.6,21.0,97.5,27.2,0.007,0.084,0.00,0.038,5.4,9.4,1.6,18,20,6.2,11.2,1.9,18,18,6.2,11.2,1.9,18,18,0,29.68,,0,0,0,41.9,45.7,49.3,0.36,0.32,0.29
JORD,2019-11-08 03:00:00 EST,43.06980,-76.47006,402,27.8,27.6,20.7,97.6,27.2,0.002,0.086,0.00,0.041,5.5,10.4,2.1,2,20,6.6,12.7,2.4,2,11,6.6,12.7,2.4,2,11,0,29.69,1.6,0,0,0,41.9,45.7,49.3,0.36,0.32,0.29
JORD,2019-11-08 03:05:00 EST,43.06980,-76.47006,402,27.5,27.4,20.9,97.1,26.8,0.000,0.086,0.00,0.041,5.0,9.3,1.3,13,22,6.0,11.7,1.7,10,16,6.0,11.7,1.7,10,16,0,29.69,,0,0,0,41.9,45.7,49.3,0.35,0.32,0.29
JORD,2019-11-08 03:10:00 EST,43.06980,-76.47006,402,27.3,27.2,22.0,96.6,26.5,0.000,0.086,0.00,0.038,4.1,8.5,1.4,16,19,4.6,9.3,1.6,14,17,4.6,9.3,1.6,14,17,0,29.69,-0.3,0,0,0,41.9,45.7,49.3,0.35,0.32,0.29
JORD,2019-11-08 03:15:00 EST,43.06980,-76.47006,402,27.1,27.0,20.0,96.0,26.1,0.000,0.086,0.00,0.038,5.8,11.5,1.7,24,15,6.5,11.3,1.8,22,14,6.5,11.3,1.8,22,14,0,29.69,-0.4,0,0,0,41.9,45.7,49.3,0.35,0.32,0.29
JORD,2019-11-08 03:20:00 EST,43.06980,-76.47006,402,26.8,26.7,20.8,95.1,25.6,0.000,0.086,0.00,0.038,4.7,7.6,1.1,28,24,5.2,9.5,1.2,25,21,5.2,9.5,1.2,25,21,0,29.69,,0,0,0,41.9,45.7,49.3,0.35,0.32,0.29
JORD,2019-11-08 03:25:00 EST,43.06980,-76.47006,402,26.6,26.5,19.1,94.3,25.2,0.000,0.086,0.00,0.038,5.9,8.3,1.1,8,18,7.0,10.3,1.4,7,16,7.0,10.3,1.4,7,16,0,29.70,,0,0,0,41.9,45.7,49.3,0.35,0.32,0.29
JORD,2019-11-08 03:30:00 EST,43.06980,-76.47006,402,26.5,26.4,21.6,93.3,24.9,0.000,0.086,0.00,0.038,3.6,6.6,1.1,349,18,4.1,7.0,1.3,350,16,4.1,7.0,1.3,350,16,0,29.70,-0.2,0,0,0,41.9,45.7,49.3,0.35,0.32,0.29
JORD,2019-11-08 03:35:00 EST,43.06980,-76.47006,402,26.4,26.2,20.5,93.1,24.6,0.004,0.090,0.00,0.042,4.2,6.6,1.2,346,17,4.9,7.8,1.3,351,14,4.9,7.8,1.3,351,14,0,29.70,-0.5,0,0,0,41.9,45.7,49.3,0.35,0.32,0.29
JORD,2019-11-08 03:40:00 EST,43.06980,-76.47006,402,26.1,26.0,22.3,93.5,24.5,0.002,0.092,0.00,0.033,2.7,5.3,1.1,357,17,3.2,6.4,1.3,357,18,3.2,6.4,1.3,357,18,0,29.70,-0.6,0,0,0,41.9,45.7,49.3,0.36,0.32,0.29
JORD,2019-11-08 03:45:00 EST,43.06980,-76.47006,402,25.9,25.9,25.9,94.0,24.4,0.000,0.092,0.00,0.022,2.6,4.2,0.7,344,14,3.0,5.5,0.9,345,11,3.0,5.5,0.9,345,11,0,29.70,-0.3,0,0,0,41.9,45.7,49.3,0.36,0.32,0.29
JORD,2019-11-08 03:50:00 EST,43.06980,-76.47006,402,26.0,25.9,26.0,94.3,24.6,0.000,0.092,0.00,0.015,2.2,4.6,1.1,358,21,2.8,6.0,1.3,358,20,2.8,6.0,1.3,358,20,0,29.70,,0,0,0,41.9,45.7,49.3,0.36,0.32,0.29
JORD,2019-11-08 03:55:00 EST,43.06980,-76.47006,402,25.7,25.7,25.7,93.7,24.2,0.000,0.092,0.00,0.008,2.2,4.1,0.8,16,28,2.7,4.5,0.8,14,28,2.7,4.5,0.8,14,28,0,29.70,,0,0,0,41.9,45.6,49.3,0.36,0.32,0.29
JORD,2019-11-08 04:00:00 EST,43.06980,-76.47006,402,25.7,25.6,25.7,93.4,24.0,0.000,0.092,0.00,0.006,1.1,1.8,0.4,43,13,1.2,2.1,0.5,43,17,1.2,2.1,0.5,43,17,0,29.70,,0,0,0,41.9,45.5,49.3,0.36,0.32,0.29
JORD,2019-11-08 04:05:00 EST,43.06980,-76.47006,402,25.4,25.6,25.4,93.4,23.8,0.000,0.092,0.00,0.006,0.5,1.2,0.4,9,12,0.9,1.8,0.5,5,14,0.9,1.8,0.5,5,14,0,29.71,0.1,0,0,0,41.9,45.5,49.3,0.36,0.32,0.29
JORD,2019-11-08 04:10:00 EST,43.06980,-76.47006,402,25.1,25.6,25.1,93.6,23.5,0.000,0.092,0.00,0.006,0.1,0.8,0.2,2,0,0.1,1.1,0.3,349,8,0.1,1.1,0.3,349,8,0,29.71,0.2,0,0,0,41.9,45.5,49.3,0.35,0.32,0.29
JORD,2019-11-08 04:15:00 EST,43.06980,-76.47006,402,25.1,25.5,25.1,93.8,23.5,0.000,0.092,0.00,0.006,0.7,2.2,0.7,335,17,1.1,2.6,0.5,326,34,1.1,2.6,0.5,326,34,0,29.71,1.2,0,0,0,41.9,45.5,49.3,0.35,0.32,0.29
JORD,2019-11-08 04:20:00 EST,43.06980,-76.47006,402,25.5,25.5,25.5,94.2,24.1,0.000,0.092,0.00,0.006,1.1,2.5,0.7,331,17,1.3,3.0,0.8,332,20,1.3,3.0,0.8,332,20,0,29.71,0.8,0,0,0,41.9,45.5,49.3,0.36,0.32,0.29
JORD,2019-11-08 04:25:00 EST,43.06980,-76.47006,402,25.5,25.5,25.5,93.9,24.0,0.000,0.092,0.00,0.006,0.6,2.1,0.7,333,6,0.6,2.9,0.7,329,11,0.6,2.9,0.7,329,11,0,29.71,0.9,0,0,0,41.9,45.5,49.3,0.36,0.32,0.29
JORD,2019-11-08 04:30:00 EST,43.06980,-76.47006,402,25.5,25.5,25.5,93.8,24.0,0.000,0.092,0.00,0.006,0.5,1.5,0.4,335,10,0.7,1.9,0.6,340,19,0.7,1.9,0.6,340,19,0,29.71,0.9,0,0,0,41.9,45.5,49.3,0.36,0.32,0.29
JORD,2019-11-08 04:35:00 EST,43.06980,-76.47006,402,25.5,25.4,25.5,93.4,23.8,0.000,0.092,0.00,0.002,0.9,3.1,0.6,299,26,1.2,3.7,0.6,299,30,1.2,3.7,0.6,299,30,0,29.71,1.0,0,0,0,41.9,45.5,49.3,0.36,0.32,0.29
JORD,2019-11-08 04:40:00 EST,43.06980,-76.47006,402,25.4,25.3,25.4,92.6,23.5,0.000,0.092,0.00,0.000,1.2,2.6,0.7,274,17,1.5,3.2,0.8,276,16,1.5,3.2,0.8,276,16,0,29.72,-0.1,0,0,0,41.9,45.5,49.3,0.36,0.32,0.29
JORD,2019-11-08 04:45:00 EST,43.06980,-76.47006,402,25.2,25.2,25.2,92.8,23.4,0.000,0.092,0.00,0.000,0.3,0.7,0.3,285,0,0.4,1.2,0.5,281,4,0.4,1.2,0.5,281,4,0,29.72,-0.2,0,0,0,41.9,45.5,49.3,0.36,0.32,0.29
JORD,2019-11-08 04:50:00 EST,43.06980,-76.47006,402,25.2,25.2,25.2,93.1,23.4,0.000,0.092,0.00,0.000,0.0,0.0,0.0,0,0,0.0,0.0,0.0,0,0,0.0,0.0,0.0,0,0,0,29.72,-0.4,0,0,0,41.9,45.5,49.3,0.36,0.32,0.29
JORD,2019-11-08 04:55:00 EST,43.06980,-76.47006,402,25.0,25.3,25.0,93.2,23.3,0.000,0.092,0.00,0.000,1.2,1.6,0.4,235,21,1.5,2.2,0.3,234,27,1.5,2.2,0.3,234,27,0,29.72,0.7,0,0,0,41.9,45.5,49.3,0.36,0.32,0.29
JORD,2019-11-08 05:00:00 EST,43.06980,-76.47006,402,24.6,25.3,24.6,93.4,23.0,0.000,0.092,0.00,0.000,1.3,2.4,0.6,237,4,1.2,2.5,0.5,233,8,1.2,2.5,0.5,233,8,0,29.72,,0,0,0,41.9,45.5,49.3,0.36,0.32,0.29
JORD,2019-11-08 05:05:00 EST,43.06980,-76.47006,402,24.9,25.3,24.9,94.2,23.4,0.000,0.092,0.00,0.000,2.3,3.7,0.5,245,9,2.4,4.2,0.6,247,11,2.4,4.2,0.6,247,11,0,29.72,1.4,0,0,0,41.9,45.5,49.3,0.36,0.32,0.29
JORD,2019-11-08 05:10:00 EST,43.06980,-76.47006,402,24.7,25.1,24.7,94.7,23.4,0.000,0.092,0.00,0.000,1.6,2.4,0.3,251,9,1.9,3.0,0.4,251,11,1.9,3.0,0.4,251,11,0,29.72,1.3,0,0,0,41.9,45.5,49.3,0.36,0.32,0.29
JORD,2019-11-08 05:15:00 EST,43.06980,-76.47006,402,24.7,25.0,24.7,94.9,23.4,0.000,0.092,0.00,0.000,2.3,3.3,0.5,247,10,2.4,3.9,0.6,249,11,2.4,3.9,0.6,249,11,0,29.72,1.4,0,0,0,41.9,45.5,49.3,0.36,0.32,0.29
JORD,2019-11-08 05:20:00 EST,43.06980,-76.47006,402,24.9,25.1,24.9,95.2,23.7,0.000,0.092,0.00,0.000,1.6,2.8,0.4,239,10,1.6,3.0,0.4,239,14,1.6,3.0,0.4,239,14,0,29.72,1.3,0,0,0,41.9,45.5,49.3,0.36,0.32,0.29
JORD,2019-11-08 05:25:00 EST,43.06980,-76.47006,402,24.8,25.0,24.8,95.1,23.6,0.000,0.092,0.00,0.000,0.5,1.8,0.5,279,4,0.7,2.0,0.6,277,11,0.7,2.0,0.6,277,11,0,29.72,1.0,0,0,0,41.9,45.5,49.3,0.36,0.32,0.29
JORD,2019-11-08 05:30:00 EST,43.06980,-76.47006,402,25.0,25.1,25.0,95.1,23.8,0.000,0.092,0.00,0.000,0.0,0.7,0.1,278,0,0.2,1.2,0.3,287,8,0.2,1.2,0.3,287,8,0,29.72,-0.2,0,0,0,41.9,45.5,49.3,0.36,0.32,0.29
JORD,2019-11-08 05:35:00 EST,43.06980,-76.47006,402,25.0,25.1,25.0,95.2,23.9,0.000,0.092,0.00,0.000,1.1,1.8,0.2,252,27,1.2,2.3,0.4,252,26,1.2,2.3,0.4,252,26,0,29.72,-0.0,0,0,0,41.9,45.5,49.3,0.36,0.32,0.29
JORD,2019-11-08 05:40:00 EST,43.06980,-76.47006,402,25.1,25.2,25.1,95.1,23.9,0.000,0.092,0.00,0.000,1.6,2.4,0.4,250,10,1.8,3.0,0.5,252,11,1.8,3.0,0.5,252,11,0,29.73,1.4,0,0,0,41.9,45.5,49.3,0.36,0.32,0.29
JORD,2019-11-08 05:45:00 EST,43.06980,-76.47006,402,25.2,25.3,25.2,94.9,24.0,0.000,0.092,0.00,0.000,3.2,4.4,0.5,235,10,3.0,4.8,0.7,235,10,3.0,4.8,0.7,235,10,0,29.73,1.5,0,0,0,41.9,45.5,49.3,0.36,0.32,0.29
JORD,2019-11-08 05:50:00 EST,43.06980,-76.47006,402,25.3,25.3,25.3,94.6,23.9,0.000,0.092,0.00,0.000,2.6,4.2,0.6,248,11,2.7,4.6,0.8,250,12,2.7,4.6,0.8,250,12,0,29.73,,0,0,0,41.9,45.5,49.3,0.36,0.32,0.29
JORD,2019-11-08 05:55:00 EST,43.06980,-76.47006,402,25.3,25.3,21.5,94.5,23.9,0.000,0.092,0.00,0.000,2.8,4.5,0.8,265,13,3.2,5.1,0.8,266,13,3.2,5.1,0.8,266,13,0,29.73,,0,0,0,41.9,45.5,49.3,0.36,0.32,0.29
JORD,2019-11-08 06:00:00 EST,43.06980,-76.47006,402,25.4,25.4,21.3,94.7,24.1,0.000,0.092,0.00,0.000,3.0,4.5,0.7,275,14,3.4,5.4,0.9,275,13,3.4,5.4,0.9,275,13,0,29.74,,0,0,0,41.9,45.5,49.3,0.36,0.32,0.29
JORD,2019-11-08 06:05:00 EST,43.06980,-76.47006,402,25.5,25.5,25.5,94.8,24.2,0.000,0.092,0.00,0.000,2.7,5.3,0.8,266,15,3.0,6.9,0.9,268,15,3.0,6.9,0.9,268,15,0,29.74,1.5,0,0,0,41.9,45.5,49.3,0.36,0.32,0.29
JORD,2019-11-08 06:10:00 EST,43.06980,-76.47006,402,25.7,25.7,20.9,94.7,24.4,0.000,0.092,0.00,0.000,3.4,5.8,0.9,278,13,3.9,6.7,1.0,279,12,3.9,6.7,1.0,279,12,0,29.74,1.2,0,0,0,41.9,45.5,49.3,0.36,0.32,0.29
JORD,2019-11-08 06:15:00 EST,43.06980,-76.47006,402,25.9,25.8,21.7,94.5,24.5,0.000,0.092,0.00,0.000,3.1,5.7,0.9,284,12,3.4,6.5,1.0,283,12,3.4,6.5,1.0,283,12,0,29.74,1.1,0,0,0,41.9,45.5,49.3,0.35,0.32,0.29
JORD,2019-11-08 06:20:00 EST,43.06980,-76.47006,402,26.0,26.0,26.0,94.0,24.5,0.000,0.092,0.00,0.000,2.6,6.6,1.3,289,19,2.9,6.8,1.4,288,19,2.9,6.8,1.4,288,19,0,29.75,1.2,0,0,0,41.9,45.5,49.3,0.36,0.32,0.29
JORD,2019-11-08 06:25:00 EST,43.06980,-76.47006,402,26.2,26.2,22.6,93.3,24.6,0.000,0.092,0.00,0.000,3.0,8.5,1.5,310,25,3.2,9.0,1.7,311,27,3.2,9.0,1.7,311,27,0,29.75,1.2,0,0,0,41.9,45.5,49.2,0.36,0.32,0.29
JORD,2019-11-08 06:30:00 EST,43.06980,-76.47006,402,26.5,26.5,20.0,89.4,23.9,0.000,0.092,0.00,0.000,5.3,10.6,1.8,314,29,5.7,10.7,1.9,313,29,5.7,10.7,1.9,313,29,0,29.75,1.0,0,0,0,41.9,45.5,49.2,0.36,0.32,0.29
JORD,2019-11-08 06:35:00 EST,43.06980,-76.47006,402,26.5,26.5,21.0,85.1,22.7,0.000,0.092,0.00,0.000,4.6,9.9,2.1,312,22,4.7,11.1,2.2,315,24,4.7,11.1,2.2,315,24,0,29.75,0.4,0,0,0,41.9,45.5,49.2,0.36,0.32,0.29
JORD,2019-11-08 06:40:00 EST,43.06980,-76.47006,402,26.5,26.5,20.8,83.2,22.1,0.000,0.092,0.00,0.000,4.5,9.6,1.9,304,21,4.9,9.5,1.7,303,21,4.9,9.5,1.7,303,21,0,29.76,-0.0,0,0,0,41.9,45.5,49.2,0.36,0.32,0.29
JORD,2019-11-08 06:45:00 EST,43.06980,-76.47006,402,26.4,26.4,20.1,82.3,21.7,0.000,0.092,0.00,0.000,5.1,11.7,2.3,307,26,5.4,12.6,2.1,305,26,5.4,12.6,2.1,305,26,1,29.76,-0.3,0,0,0,41.9,45.3,49.2,0.36,0.32,0.29
JORD,2019-11-08 06:50:00 EST,43.06980,-76.47006,402,26.2,26.2,19.7,79.7,20.8,0.000,0.092,0.00,0.000,5.5,11.5,2.3,311,23,5.7,11.3,1.9,310,22,5.7,11.3,1.9,310,22,1,29.76,-0.0,0,0,0,41.9,45.4,49.2,0.36,0.32,0.29
JORD,2019-11-08 06:55:00 EST,43.06980,-76.47006,402,26.0,26.0,19.4,79.0,20.4,0.000,0.092,0.00,0.000,5.3,9.2,1.9,306,21,5.6,9.9,1.9,307,21,5.6,9.9,1.9,307,21,2,29.76,1.1,0,0,0,41.9,45.3,49.2,0.36,0.32,0.29
JORD,2019-11-08 07:00:00 EST,43.06980,-76.47006,402,25.9,25.9,20.6,80.0,20.6,0.000,0.092,0.00,0.000,3.8,7.7,1.7,297,25,4.4,10.0,1.6,295,26,4.4,10.0,1.6,295,26,2,29.77,0.8,0,0,0,41.9,45.3,49.1,0.36,0.32,0.29
JORD,2019-11-08 07:05:00 EST,43.06980,-76.47006,402,25.9,25.9,21.4,80.4,20.8,0.000,0.092,0.00,0.000,3.6,6.6,1.3,303,24,3.8,6.6,1.4,304,23,3.8,6.6,1.4,304,23,3,29.77,1.1,0,0,0,41.9,45.3,49.1,0.36,0.32,0.29
JORD,2019-11-08 07:10:00 EST,43.06980,-76.47006,402,26.0,26.0,21.4,79.7,20.6,0.000,0.092,0.00,0.000,3.7,6.3,1.1,317,22,3.8,7.4,1.2,318,21,3.8,7.4,1.2,318,21,4,29.77,0.7,0,0,0,41.9,45.3,49.2,0.36,0.32,0.29
JORD,2019-11-08 07:15:00 EST,43.06980,-76.47006,402,25.9,26.0,20.5,79.6,20.5,0.000,0.092,0.00,0.000,4.4,10.0,2.2,325,20,4.5,11.4,2.2,330,20,4.5,11.4,2.2,330,20,5,29.77,0.0,0,0,0,41.9,45.3,49.1,0.36,0.32,0.29
JORD,2019-11-08 07:20:00 EST,43.06980,-76.47006,402,26.0,26.1,18.7,76.9,19.8,0.000,0.092,0.00,0.000,6.0,12.9,1.9,332,19,6.4,16.1,2.3,334,16,6.4,16.1,2.3,334,16,7,29.78,0.3,0,0,0,41.9,45.3,49.1,0.36,0.32,0.29
JORD,2019-11-08 07:25:00 EST,43.06980,-76.47006,402,25.9,26.0,18.6,77.1,19.8,0.000,0.092,0.00,0.000,6.0,13.7,2.8,316,26,6.4,12.4,2.6,318,23,6.4,12.4,2.6,318,23,11,29.78,0.9,0,0,0,41.9,45.3,49.1,0.36,0.32,0.29
JORD,2019-11-08 07:30:00 EST,43.06980,-76.47006,402,25.8,25.8,18.1,77.1,19.6,0.000,0.092,0.00,0.000,6.3,13.0,2.2,324,21,6.8,13.7,2.3,329,18,6.8,13.7,2.3,329,18,10,29.78,0.1,0,0,0,41.9,45.3,49.1,0.36,0.32,0.29
JORD,2019-11-08 07:35:00 EST,43.06980,-76.47006,402,25.7,25.8,17.7,76.1,19.2,0.000,0.092,0.00,0.000,6.8,12.9,2.2,328,23,7.2,12.6,2.1,333,20,7.2,12.6,2.1,333,20,13,29.78,0.0,0,0,0,41.9,45.3,49.1,0.36,0.32,0.29
JORD,2019-11-08 07:40:00 EST,43.06980,-76.47006,402,25.4,25.7,18.7,75.1,18.6,0.000,0.092,0.00,0.000,5.6,10.4,2.0,319,18,5.7,11.3,2.2,322,18,5.7,11.3,2.2,322,18,18,29.79,0.6,0,0,0,41.9,45.3,49.1,0.36,0.32,0.29
JORD,2019-11-08 07:45:00 EST,43.06980,-76.47006,402,25.5,25.6,20.0,75.8,18.9,0.000,0.092,0.00,0.000,4.5,8.2,1.6,308,18,4.5,9.0,1.6,308,18,4.5,9.0,1.6,308,18,52,29.79,0.2,0,0,0,41.9,45.3,49.1,0.36,0.32,0.29
JORD,2019-11-08 07:50:00 EST,43.06980,-76.47006,402,25.8,25.9,19.4,75.6,19.1,0.000,0.092,0.00,0.000,5.2,11.6,2.2,317,23,5.4,13.7,2.3,322,23,5.4,13.7,2.3,322,23,73,29.79,0.4,0,0,0,41.9,45.3,49.1,0.36,0.32,0.29
JORD,2019-11-08 07:55:00 EST,43.06980,-76.47006,402,26.0,26.0,19.2,76.0,19.4,0.000,0.092,0.00,0.000,5.4,12.8,2.6,311,27,5.8,13.9,2.6,311,27,5.8,13.9,2.6,311,27,49,29.79,0.4,0,0,0,41.9,45.3,49.1,0.36,0.32,0.29
JORD,2019-11-08 08:00:00 EST,43.06980,-76.47006,402,25.7,25.7,18.0,77.2,19.6,0.000,0.092,0.00,0.000,6.6,13.6,2.6,302,19,7.0,13.8,2.6,302,19,7.0,13.8,2.6,302,19,48,29.80,0.8,0,0,0,41.9,45.3,49.1,0.36,0.32,0.29
JORD,2019-11-08 08:05:00 EST,43.06980,-76.47006,402,25.7,25.6,18.4,77.1,19.5,0.000,0.092,0.00,0.000,6.0,10.2,1.9,308,20,6.3,11.1,1.8,310,20,6.3,11.1,1.8,310,20,68,29.80,1.2,0,0,0,41.9,45.3,49.1,0.36,0.32,0.29
JORD,2019-11-08 08:10:00 EST,43.06980,-76.47006,402,26.0,25.9,20.0,78.0,20.1,0.000,0.092,0.00,0.000,4.6,10.6,1.6,316,26,5.0,11.7,1.8,317,25,5.0,11.7,1.8,317,25,54,29.80,,0,0,0,41.9,45.3,49.1,0.36,0.32,0.29
JORD,2019-11-08 08:15:00 EST,43.06980,-76.47006,402,25.8,25.7,18.0,78.6,20.0,0.000,0.092,0.00,0.000,6.3,13.9,2.8,290,21,7.0,16.2,2.9,290,21,7.0,16.2,2.9,290,21,65,29.80,,0,0,0,41.9,45.3,49.1,0.36,0.32,0.29
JORD,2019-11-08 08:20:00 EST,43.06980,-76.47006,402,25.7,25.6,20.2,81.6,20.9,0.000,0.092,0.00,0.000,3.9,8.4,1.5,292,27,4.5,9.3,1.8,294,24,4.5,9.3,1.8,294,24,105,29.80,1.4,0,0,0,41.9,45.3,49.1,0.36,0.32,0.29
JORD,2019-11-08 08:25:00 EST,43.06980,-76.47006,402,26.1,26.0,21.1,81.0,21.1,0.000,0.092,0.00,0.000,3.9,7.8,1.7,315,25,4.2,8.5,1.6,318,24,4.2,8.5,1.6,318,24,86,29.81,1.4,0,0,0,41.9,45.3,49.1,0.36,0.32,0.29
JORD,2019-11-08 08:30:00 EST,43.06980,-76.47006,402,26.5,26.3,20.8,79.1,20.9,0.000,0.092,0.00,0.000,4.7,7.8,1.8,303,18,4.8,8.3,1.7,303,17,4.8,8.3,1.7,303,17,74,29.81,1.5,0,0,0,41.9,45.3,49.1,0.35,0.32,0.29
JORD,2019-11-08 08:35:00 EST,43.06980,-76.47006,402,26.5,26.4,19.3,77.6,20.5,0.000,0.092,0.00,0.000,6.3,12.7,2.5,303,18,6.4,12.6,2.3,305,20,6.4,12.6,2.3,305,20,41,29.81,1.6,0,0,0,41.9,45.3,49.1,0.36,0.32,0.29
JORD,2019-11-08 08:40:00 EST,43.06980,-76.47006,402,26.2,26.1,18.4,79.1,20.6,0.000,0.092,0.00,0.000,6.6,12.3,2.2,296,19,7.2,16.0,2.5,295,19,7.2,16.0,2.5,295,19,33,29.81,1.4,0,0,0,41.9,45.3,49.1,0.35,0.32,0.29
JORD,2019-11-08 08:45:00 EST,43.06980,-76.47006,402,25.2,25.1,16.1,85.5,21.5,0.000,0.092,0.00,0.000,7.7,14.1,2.6,282,17,8.7,15.6,3.1,280,14,8.7,15.6,3.1,280,14,34,29.81,1.4,0,0,0,41.9,45.3,49.1,0.36,0.32,0.29
JORD,2019-11-08 08:50:00 EST,43.06980,-76.47006,402,25.2,25.1,17.6,87.8,22.1,0.000,0.092,0.00,0.000,6.0,11.1,2.2,296,21,6.6,11.6,2.1,296,21,6.6,11.6,2.1,296,21,56,29.82,1.2,0,0,0,41.9,45.3,49.1,0.36,0.32,0.29
JORD,2019-11-08 08:55:00 EST,43.06980,-76.47006,402,25.5,25.3,19.2,86.9,22.1,0.000,0.092,0.00,0.000,4.9,9.6,1.8,288,21,5.2,10.1,1.9,286,20,5.2,10.1,1.9,286,20,51,29.82,1.2,0,0,0,41.9,45.3,49.1,0.36,0.32,0.29
JORD,2019-11-08 09:00:00 EST,43.06980,-76.47006,402,25.7,25.6,20.4,84.8,21.8,0.000,0.092,0.00,0.000,3.9,8.5,1.8,291,28,4.4,9.6,2.1,290,29,4.4,9.6,2.1,290,29,67,29.82,1.4,0,0,0,41.9,45.3,49.1,0.36,0.32,0.29
JORD,2019-11-08 09:05:00 EST,43.06980,-76.47006,402,26.3,26.2,20.0,81.5,21.4,0.000,0.092,0.00,0.000,5.2,12.1,2.7,301,20,5.4,10.7,2.4,304,19,5.4,10.7,2.4,304,19,101,29.82,1.2,0,0,0,41.9,45.3,49.1,0.36,0.32,0.29
JORD,2019-11-08 09:10:00 EST,43.06980,-76.47006,402,26.8,26.6,20.0,78.7,21.1,0.000,0.092,0.00,0.000,5.4,10.6,2.1,284,21,6.0,13.1,2.5,284,19,6.0,13.1,2.5,284,19,152,29.82,0.8,0,0,0,41.9,45.3,49.1,0.36,0.32,0.29
JORD,2019-11-08 09:15:00 EST,43.06980,-76.47006,402,27.0,26.8,19.9,77.5,20.9,0.000,0.092,0.00,0.000,5.7,9.8,1.7,278,18,6.5,11.9,2.0,278,14,6.5,11.9,2.0,278,14,115,29.82,0.6,0,0,0,41.9,45.3,49.1,0.36,0.32,0.29
JORD,2019-11-08 09:20:00 EST,43.06980,-76.47006,402,27.1,27.0,19.3,77.3,21.0,0.000,0.092,0.00,0.000,6.9,12.0,2.2,290,16,7.5,13.6,2.5,289,15,7.5,13.6,2.5,289,15,132,29.82,0.4,0,0,0,41.9,45.3,49.1,0.36,0.32,0.29
JORD,2019-11-08 09:25:00 EST,43.06980,-76.47006,402,27.5,27.3,20.8,76.2,21.0,0.000,0.092,0.00,0.000,5.5,9.2,1.8,283,15,6.0,10.6,2.2,280,14,6.0,10.6,2.2,280,14,143,29.82,-0.1,0,0,0,41.9,45.3,49.1,0.36,0.32,0.29
JORD,2019-11-08 09:30:00 EST,43.06980,-76.47006,402,27.7,27.5,21.4,76.4,21.3,0.000,0.092,0.00,0.000,5.4,11.8,1.9,308,19,5.7,13.3,2.0,309,21,5.7,13.3,2.0,309,21,108,29.82,0.6,0,0,0,41.9,45.3,49.1,0.36,0.32,0.29
JORD,2019-11-08 09:35:00 EST,43.06980,-76.47006,402,27.1,26.9,18.1,74.2,20.0,0.000,0.092,0.00,0.000,8.7,17.0,2.7,327,23,9.2,17.2,2.8,332,18,9.2,17.2,2.8,332,18,52,29.82,0.7,0,0,0,41.9,45.3,49.1,0.36,0.32,0.29
JORD,2019-11-08 09:40:00 EST,43.06980,-76.47006,402,26.8,26.8,20.0,75.6,20.2,0.000,0.092,0.00,0.000,5.6,11.8,2.3,311,26,6.1,14.5,2.6,314,23,6.1,14.5,2.6,314,23,120,29.82,1.0,0,0,0,41.9,45.3,49.1,0.36,0.32,0.29
JORD,2019-11-08 09:45:00 EST,43.06980,-76.47006,402,27.4,27.2,20.4,74.5,20.3,0.000,0.092,0.00,0.000,6.2,14.5,2.9,318,18,6.4,12.6,2.6,322,18,6.4,12.6,2.6,322,18,206,29.82,1.1,0,0,0,41.9,45.3,49.1,0.36,0.32,0.29
JORD,2019-11-08 09:50:00 EST,43.06980,-76.47006,402,27.9,27.7,20.4,72.3,20.2,0.000,0.092,0.00,0.000,7.1,11.5,2.0,319,20,7.2,12.5,2.0,323,17,7.2,12.5,2.0,323,17,244,29.82,1.0,0,0,0,41.9,45.3,49.1,0.36,0.32,0.29
JORD,2019-11-08 09:55:00 EST,43.06980,-76.47006,402,28.0,27.8,20.3,71.6,20.0,0.000,0.092,0.00,0.000,7.1,12.4,2.5,324,22,7.6,14.6,2.7,328,21,7.6,14.6,2.7,328,21,190,29.82,0.9,0,0,0,41.9,45.3,49.1,0.36,0.32,0.29
JORD,2019-11-08 10:00:00 EST,43.06980,-76.47006,402,28.0,27.8,18.7,67.6,18.7,0.000,0.092,0.00,0.000,9.8,21.0,3.4,327,17,10.2,20.1,3.5,331,16,10.2,20.1,3.5,331,16,264,29.82,0.8,0,0,0,41.9,45.3,49.1,0.36,0.32,0.29
JORD,2019-11-08 10:05:00 EST,43.06980,-76.47006,402,27.9,27.8,20.0,67.9,18.7,0.000,0.092,0.00,0.000,7.4,13.7,2.7,331,27,7.8,15.7,3.1,334,24,7.8,15.7,3.1,334,24,150,29.82,0.6,0,0,0,41.9,45.3,49.1,0.36,0.32,0.29
JORD,2019-11-08 10:10:00 EST,43.06980,-76.47006,402,27.7,27.7,20.5,69.8,19.2,0.000,0.092,0.00,0.000,6.2,12.4,2.1,310,25,6.8,14.3,2.3,312,25,6.8,14.3,2.3,312,25,99,29.83,0.3,0,0,0,41.9,45.3,49.1,0.36,0.32,0.29
JORD,2019-11-08 10:15:00 EST,43.06980,-76.47006,402,27.9,27.7,20.0,66.3,18.1,0.000,0.092,0.00,0.000,7.5,12.5,2.2,317,21,7.8,12.0,2.2,317,19,7.8,12.0,2.2,317,19,363,29.83,0.8,0,0,0,41.9,45.3,49.1,0.36,0.32,0.29
JORD,2019-11-08 10:20:00 EST,43.06980,-76.47006,402,28.6,28.3,20.8,64.2,18.0,0.000,0.092,0.00,0.000,7.4,14.4,2.9,321,23,7.9,14.5,2.9,323,23,7.9,14.5,2.9,323,23,415,29.83,-0.1,0,0,0,41.9,45.3,49.0,0.36,0.32,0.29
JORD,2019-11-08 10:25:00 EST,43.06980,-76.47006,402,27.9,27.7,18.6,67.9,18.7,0.000,0.092,0.00,0.000,9.3,17.0,3.3,299,22,10.0,19.9,3.9,300,21,10.0,19.9,3.9,300,21,120,29.83,1.0,0,0,0,41.9,45.3,48.9,0.36,0.32,0.29
JORD,2019-11-08 10:30:00 EST,43.06980,-76.47006,402,27.3,27.2,19.8,72.0,19.5,0.000,0.092,0.00,0.000,6.5,12.9,2.7,294,19,7.0,12.7,2.7,294,19,7.0,12.7,2.7,294,19,235,29.84,1.2,0,0,0,41.9,45.3,49.0,0.36,0.32,0.29
JORD,2019-11-08 10:35:00 EST,43.06980,-76.47006,402,26.9,26.7,17.9,72.4,19.2,0.000,0.092,0.00,0.000,8.6,16.1,3.0,295,19,9.3,18.2,3.2,297,16,9.3,18.2,3.2,297,16,131,29.84,0.9,0,0,0,41.9,45.3,48.7,0.36,0.32,0.29
JORD,2019-11-08 10:40:00 EST,43.06980,-76.47006,402,27.1,26.9,19.2,71.5,19.1,0.000,0.092,0.00,0.000,7.4,12.1,2.6,313,20,7.4,12.7,2.4,316,16,7.4,12.7,2.4,316,16,154,29.84,0.9,0,0,0,41.9,45.3,48.7,0.36,0.32,0.29
JORD,2019-11-08 10:45:00 EST,43.06980,-76.47006,402,27.9,27.7,21.5,68.5,18.9,0.000,0.092,0.00,0.000,5.4,11.4,1.8,296,24,5.8,14.4,2.1,295,22,5.8,14.4,2.1,295,22,412,29.84,0.9,0,0,0,41.9,45.2,48.7,0.36,0.32,0.29
JORD,2019-11-08 10:50:00 EST,43.06980,-76.47006,402,28.5,28.2,20.7,64.0,17.9,0.000,0.092,0.00,0.000,7.2,13.1,2.6,330,22,7.8,14.5,2.9,330,21,7.8,14.5,2.9,330,21,536,29.84,1.2,0,0,0,41.9,45.2,48.7,0.36,0.32,0.29
JORD,2019-11-08 10:55:00 EST,43.06980,-76.47006,402,28.8,28.5,20.8,63.4,17.9,0.000,0.092,0.00,0.000,8.0,14.0,2.4,300,16,8.2,13.0,2.4,302,16,8.2,13.0,2.4,302,16,554,29.84,1.2,0,0,0,41.9,45.1,48.7,0.36,0.32,0.29
JORD,2019-11-08 11:00:00 EST,43.06980,-76.47006,402,28.8,28.6,20.2,62.2,17.5,0.000,0.092,0.00,0.000,8.8,15.4,2.8,299,19,9.4,16.8,2.8,298,17,9.4,16.8,2.8,298,17,416,29.84,1.2,0,0,0,41.9,45.1,48.7,0.36,0.32,0.29
JORD,2019-11-08 11:05:00 EST,43.06980,-76.47006,402,28.1,28.0,19.5,64.1,17.5,0.000,0.092,0.00,0.000,8.6,17.0,3.2,296,17,9.0,16.5,3.1,299,16,9.0,16.5,3.1,299,16,208,29.84,1.2,0,0,0,41.9,45.1,48.7,0.36,0.32,0.29
JORD,2019-11-08 11:10:00 EST,43.06980,-76.47006,402,27.8,27.7,20.4,66.0,17.9,0.000,0.092,0.00,0.000,6.4,12.8,2.1,307,25,7.0,13.2,2.4,308,25,7.0,13.2,2.4,308,25,184,29.84,1.1,0,0,0,41.9,45.1,48.7,0.36,0.32,0.29
JORD,2019-11-08 11:15:00 EST,43.06980,-76.47006,402,27.8,27.7,20.1,69.1,19.0,0.000,0.092,0.00,0.000,7.0,11.5,1.4,291,21,7.5,12.1,1.7,291,19,7.5,12.1,1.7,291,19,445,29.84,1.0,0,0,0,41.9,45.2,48.7,0.36,0.32,0.29
JORD,2019-11-08 11:20:00 EST,43.06980,-76.47006,402,28.6,28.3,20.6,66.4,18.8,0.000,0.092,0.00,0.000,7.7,13.7,3.2,304,23,8.1,17.9,3.4,303,23,8.1,17.9,3.4,303,23,535,29.84,0.9,0,0,0,41.9,45.2,48.7,0.36,0.32,0.29
JORD,2019-11-08 11:25:00 EST,43.06980,-76.47006,402,28.6,28.4,20.7,63.6,17.8,0.000,0.092,0.00,0.000,7.7,14.2,2.2,296,21,8.1,14.4,2.4,298,20,8.1,14.4,2.4,298,20,551,29.84,1.0,0,0,0,41.9,45.1,48.7,0.36,0.32,0.29
JORD,2019-11-08 11:30:00 EST,43.06980,-76.47006,402,29.0,28.8,21.0,61.5,17.4,0.000,0.092,0.00,0.000,7.4,14.3,3.1,284,19,8.4,16.3,3.6,284,19,8.4,16.3,3.6,284,19,573,29.83,1.2,0,0,0,41.9,45.1,48.7,0.36,0.32,0.29
JORD,2019-11-08 11:35:00 EST,43.06980,-76.47006,402,29.1,28.8,20.5,59.7,16.8,0.000,0.092,0.00,0.000,8.9,18.3,3.4,301,16,9.3,19.1,3.4,301,16,9.3,19.1,3.4,301,16,572,29.83,0.8,0,0,0,41.9,45.1,48.7,0.36,0.32,0.29
JORD,2019-11-08 11:40:00 EST,43.06980,-76.47006,402,28.8,28.6,20.5,59.8,16.6,0.000,0.092,0.00,0.000,8.2,18.0,3.3,304,20,8.8,20.8,3.4,305,18,8.8,20.8,3.4,305,18,344,29.83,0.5,0,0,0,41.9,45.1,48.7,0.36,0.32,0.29
JORD,2019-11-08 11:45:00 EST,43.06980,-76.47006,402,28.4,28.3,20.3,60.0,16.3,0.000,0.092,0.00,0.000,7.7,15.6,3.3,308,22,8.3,15.6,3.0,308,20,8.3,15.6,3.0,308,20,253,29.83,0.2,0,0,0,42.0,45.1,48.7,0.36,0.32,0.29
JORD,2019-11-08 11:50:00 EST,43.06980,-76.47006,402,28.4,28.2,20.2,62.5,17.2,0.000,0.092,0.00,0.000,8.0,15.1,2.8,299,23,8.3,17.3,3.0,298,22,8.3,17.3,3.0,298,22,243,29.83,0.0,0,0,0,42.0,45.1,48.7,0.36,0.32,0.29
JORD,2019-11-08 11:55:00 EST,43.06980,-76.47006,402,28.8,28.6,22.1,62.9,17.8,0.000,0.092,0.00,0.000,6.0,12.4,2.5,305,20,6.5,14.8,2.6,305,18,6.5,14.8,2.6,305,18,539,29.83,0.0,0,0,0,42.0,45.1,48.7,0.36,0.32,0.29
JORD,2019-11-08 12:00:00 EST,43.06980,-76.47006,402,28.8,28.6,22.0,63.5,18.0,0.000,0.092,0.00,0.000,6.2,17.4,3.4,307,26,6.6,16.4,3.2,305,25,6.6,16.4,3.2,305,25,191,29.83,0.2,0,0,0,42.0,45.1,48.7,0.36,0.32,0.29
JORD,2019-11-08 12:05:00 EST,43.06980,-76.47006,402,28.6,28.5,21.9,67.6,19.2,0.000,0.092,0.00,0.000,6.1,12.1,2.1,297,21,6.4,13.0,2.2,299,19,6.4,13.0,2.2,299,19,228,29.83,0.2,0,0,0,42.0,45.1,48.7,0.36,0.32,0.29
JORD,2019-11-08 12:10:00 EST,43.06980,-76.47006,402,29.1,28.8,22.9,67.1,19.5,0.000,0.092,0.00,0.000,5.2,14.8,3.1,286,23,5.9,17.8,3.6,286,21,5.9,17.8,3.6,286,21,501,29.83,0.1,0,0,0,42.0,45.1,48.7,0.36,0.32,0.29
JORD,2019-11-08 12:15:00 EST,43.06980,-76.47006,402,28.5,28.3,20.4,64.1,17.9,0.000,0.092,0.00,0.000,7.5,12.4,2.3,293,16,8.3,14.9,2.7,292,14,8.3,14.9,2.7,292,14,485,29.83,0.3,0,0,0,42.1,45.1,48.7,0.36,0.32,0.29
JORD,2019-11-08 12:20:00 EST,43.06980,-76.47006,402,29.1,28.8,22.1,63.5,18.2,0.000,0.092,0.00,0.000,6.1,12.8,2.7,326,35,6.8,13.2,3.1,326,33,6.8,13.2,3.1,326,33,508,29.83,0.3,0,0,0,42.1,45.1,48.7,0.36,0.32,0.29
JORD,2019-11-08 12:25:00 EST,43.06980,-76.47006,402,28.7,28.4,19.9,61.1,17.0,0.000,0.092,0.00,0.000,8.8,14.2,2.6,341,18,9.5,15.3,2.8,342,11,9.5,15.3,2.8,342,11,335,29.82,0.2,0,0,0,42.1,45.1,48.7,0.36,0.32,0.29
JORD,2019-11-08 12:30:00 EST,43.06980,-76.47006,402,28.7,28.5,22.0,63.9,18.0,0.000,0.092,0.00,0.000,5.9,11.0,1.9,326,19,6.3,12.0,2.0,328,17,6.3,12.0,2.0,328,17,268,29.82,0.1,0,0,0,42.1,45.1,48.7,0.36,0.32,0.29
JORD,2019-11-08 12:35:00 EST,43.06980,-76.47006,402,28.9,28.7,20.4,63.2,18.0,0.000,0.092,0.00,0.000,8.6,16.4,2.8,305,21,9.0,16.7,3.0,307,20,9.0,16.7,3.0,307,20,311,29.83,-0.1,0,0,0,42.1,45.1,48.7,0.36,0.32,0.29
JORD,2019-11-08 12:40:00 EST,43.06980,-76.47006,402,28.7,28.5,20.1,62.0,17.3,0.000,0.092,0.00,0.000,8.7,17.2,3.0,306,22,9.1,19.7,3.0,306,21,9.1,19.7,3.0,306,21,302,29.83,-0.2,0,0,0,42.1,45.1,48.7,0.36,0.32,0.29
JORD,2019-11-08 12:45:00 EST,43.06980,-76.47006,402,28.8,28.5,20.3,63.0,17.7,0.000,0.092,0.00,0.000,8.0,15.8,2.4,299,23,8.9,15.4,2.5,299,24,8.9,15.4,2.5,299,24,215,29.83,-0.2,0,0,0,42.1,45.1,48.7,0.36,0.32,0.29
JORD,2019-11-08 12:50:00 EST,43.06980,-76.47006,402,28.2,28.0,20.5,65.2,18.0,0.000,0.092,0.00,0.000,7.4,14.0,3.0,309,16,7.6,13.5,2.7,312,15,7.6,13.5,2.7,312,15,137,29.83,-0.2,0,0,0,42.1,45.1,48.7,0.36,0.32,0.29
JORD,2019-11-08 12:55:00 EST,43.06980,-76.47006,402,28.4,28.3,22.4,65.2,18.2,0.000,0.092,0.00,0.000,5.1,12.5,2.5,302,21,5.5,12.9,2.5,305,19,5.5,12.9,2.5,305,19,126,29.83,-0.1,0,0,0,42.1,45.1,48.7,0.36,0.32,0.29
JORD,2019-11-08 13:00:00 EST,43.06980,-76.47006,402,28.4,28.2,21.2,66.8,18.7,0.000,0.092,0.00,0.000,6.2,11.0,1.8,324,24,6.8,11.9,1.9,326,20,6.8,11.9,1.9,326,20,116,29.83,-0.2,0,0,0,42.1,45.1,48.7,0.36,0.32,0.29
JORD,2019-11-08 13:05:00 EST,43.06980,-76.47006,402,28.1,27.9,21.1,69.0,19.2,0.000,0.092,0.00,0.000,6.3,14.7,2.3,309,22,6.6,13.5,2.1,312,21,6.6,13.5,2.1,312,21,131,29.83,-0.0,0,0,0,42.1,45.1,48.7,0.36,0.32,0.29
JORD,2019-11-08 13:10:00 EST,43.06980,-76.47006,402,28.1,27.9,22.8,70.1,19.6,0.000,0.092,0.00,0.000,4.4,10.6,2.2,314,28,4.8,12.1,2.3,313,25,4.8,12.1,2.3,313,25,106,29.83,-0.2,0,0,0,42.1,45.1,48.7,0.36,0.32,0.29
JORD,2019-11-08 13:15:00 EST,43.06980,-76.47006,402,28.1,27.9,20.9,71.8,20.2,0.000,0.092,0.00,0.000,6.3,16.1,3.0,306,22,6.9,15.9,2.8,308,19,6.9,15.9,2.8,308,19,213,29.83,-0.2,0,0,0,42.1,45.1,48.7,0.36,0.32,0.29
JORD,2019-11-08 13:20:00 EST,43.06980,-76.47006,402,28.4,28.2,20.1,71.1,20.2,0.000,0.092,0.00,0.000,8.1,14.2,3.0,312,20,8.5,14.4,2.8,314,19,8.5,14.4,2.8,314,19,390,29.83,-0.2,0,0,0,42.1,45.1,48.7,0.36,0.32,0.29
JORD,2019-11-08 13:25:00 EST,43.06980,-76.47006,402,28.2,27.9,19.6,73.4,20.8,0.000,0.092,0.00,0.000,8.6,15.4,2.7,324,17,9.0,15.9,2.6,327,16,9.0,15.9,2.6,327,16,345,29.83,-0.1,0,0,0,42.1,45.1,48.7,0.36,0.32,0.29
JORD,2019-11-08 13:30:00 EST,43.06980,-76.47006,402,27.0,26.7,19.2,82.0,22.3,0.000,0.092,0.00,0.000,7.0,11.5,2.0,325,24,7.4,11.4,2.0,328,21,7.4,11.4,2.0,328,21,177,29.83,0.0,0,0,0,42.1,45.1,48.7,0.36,0.32,0.29
JORD,2019-11-08 13:35:00 EST,43.06980,-76.47006,402,27.0,26.8,20.4,85.5,23.2,0.000,0.092,0.00,0.000,5.4,10.0,2.5,312,16,5.9,10.6,2.3,316,17,5.9,10.6,2.3,316,17,142,29.83,-0.1,0,0,0,42.1,45.1,48.7,0.36,0.32,0.29
JORD,2019-11-08 13:40:00 EST,43.06980,-76.47006,402,27.1,26.9,20.0,85.5,23.3,0.011,0.103,0.00,0.011,6.0,9.1,1.4,286,18,6.5,10.8,1.6,286,17,6.5,10.8,1.6,286,17,196,29.83,0.3,0,0,0,42.1,45.1,48.7,0.36,0.32,0.29
JORD,2019-11-08 13:45:00 EST,43.06980,-76.47006,402,27.7,27.5,21.5,82.8,23.1,0.000,0.103,0.00,0.011,4.9,7.7,1.3,324,36,5.4,9.4,1.6,326,34,5.4,9.4,1.6,326,34,141,29.83,0.2,0,0,0,42.1,45.1,48.7,0.36,0.32,0.29
JORD,2019-11-08 13:50:00 EST,43.06980,-76.47006,402,27.3,27.1,19.7,81.5,22.4,0.000,0.103,0.00,0.011,6.4,10.3,2.0,337,24,7.2,12.7,2.3,341,22,7.2,12.7,2.3,341,22,147,29.83,0.2,0,0,0,42.1,45.1,48.7,0.36,0.32,0.29
JORD,2019-11-08 13:55:00 EST,43.06980,-76.47006,402,27.5,27.3,22.5,82.1,22.8,0.000,0.103,0.00,0.011,3.8,8.0,1.6,329,25,4.4,8.1,1.5,329,25,4.4,8.1,1.5,329,25,432,29.83,-0.0,0,0,0,42.1,45.1,48.7,0.36,0.32,0.29
JORD,2019-11-08 14:00:00 EST,43.06980,-76.47006,402,28.0,27.8,21.8,77.7,22.0,0.000,0.103,0.00,0.011,5.1,7.6,1.1,340,17,5.6,8.9,1.5,343,12,5.6,8.9,1.5,343,12,283,29.83,-0.1,0,0,0,42.1,45.1,48.7,0.36,0.33,0.29
JORD,2019-11-08 14:05:00 EST,43.06980,-76.47006,402,28.3,28.2,22.9,77.8,22.3,0.000,0.103,0.00,0.011,4.3,8.0,1.2,283,22,4.9,8.7,1.4,285,21,4.9,8.7,1.4,285,21,117,29.83,-0.1,0,0,0,42.1,45.1,48.7,0.36,0.32,0.29
JORD,2019-11-08 14:10:00 EST,43.06980,-76.47006,402,28.5,28.3,21.9,73.5,21.1,0.000,0.103,0.00,0.011,5.5,9.6,1.8,280,20,6.1,10.8,2.2,282,18,6.1,10.8,2.2,282,18,84,29.83,-0.1,0,0,0,42.1,45.1,48.7,0.36,0.33,0.29
JORD,2019-11-08 14:15:00 EST,43.06980,-76.47006,402,28.5,28.3,22.3,70.6,20.2,0.000,0.103,0.00,0.011,5.3,12.1,2.9,310,27,5.7,12.3,2.6,311,27,5.7,12.3,2.6,311,27,76,29.83,-0.1,0,0,0,42.1,45.1,48.7,0.36,0.33,0.29
JORD,2019-11-08 14:20:00 EST,43.06980,-76.47006,402,28.6,28.5,22.7,64.2,18.0,0.000,0.103,0.00,0.011,5.0,10.1,1.7,319,19,5.3,9.6,1.6,320,19,5.3,9.6,1.6,320,19,74,29.83,-0.1,0,0,0,42.1,45.1,48.7,0.36,0.33,0.29
JORD,2019-11-08 14:25:00 EST,43.06980,-76.47006,402,28.8,28.7,22.2,62.9,17.7,0.000,0.103,0.00,0.011,5.6,12.6,2.3,305,22,6.2,13.3,2.4,305,23,6.2,13.3,2.4,305,23,264,29.83,-0.0,0,0,0,42.1,45.1,48.7,0.36,0.33,0.29
JORD,2019-11-08 14:30:00 EST,43.06980,-76.47006,402,29.2,29.0,23.2,59.9,17.0,0.000,0.103,0.00,0.011,5.4,9.5,1.8,311,25,5.7,11.2,1.8,315,24,5.7,11.2,1.8,315,24,232,29.83,-0.1,0,0,0,42.1,45.1,48.7,0.36,0.33,0.29
JORD,2019-11-08 14:35:00 EST,43.06980,-76.47006,402,28.9,28.8,22.4,60.5,16.9,0.000,0.103,0.00,0.011,5.7,9.9,1.8,319,21,6.2,10.4,1.9,321,20,6.2,10.4,1.9,321,20,77,29.83,-0.1,0,0,0,42.1,45.1,48.7,0.36,0.33,0.29
JORD,2019-11-08 14:40:00 EST,43.06980,-76.47006,402,28.6,28.6,22.5,61.9,17.2,0.000,0.103,0.00,0.000,5.2,9.6,1.9,321,23,5.6,11.6,2.0,324,22,5.6,11.6,2.0,324,22,100,29.83,-0.1,0,0,0,42.1,45.1,48.7,0.36,0.33,0.29
JORD,2019-11-08 14:45:00 EST,43.06980,-76.47006,402,28.7,28.6,22.5,61.7,17.2,0.000,0.103,0.00,0.000,5.1,9.1,2.0,319,22,5.7,10.5,1.9,318,21,5.7,10.5,1.9,318,21,103,29.83,-0.0,0,0,0,42.1,45.1,48.7,0.36,0.33,0.29
JORD,2019-11-08 14:50:00 EST,43.06980,-76.47006,402,28.6,28.6,22.6,61.3,16.9,0.000,0.103,0.00,0.000,5.0,10.4,2.0,319,21,5.5,10.8,2.0,321,20,5.5,10.8,2.0,321,20,84,29.83,0.0,0,0,0,42.1,45.1,48.7,0.36,0.33,0.29
JORD,2019-11-08 14:55:00 EST,43.06980,-76.47006,402,28.6,28.6,21.6,60.2,16.5,0.000,0.103,0.00,0.000,6.3,9.4,1.5,327,20,6.7,10.2,1.6,329,14,6.7,10.2,1.6,329,14,86,29.83,0.1,0,0,0,42.1,45.1,48.7,0.36,0.33,0.29
JORD,2019-11-08 15:00:00 EST,43.06980,-76.47006,402,28.9,28.8,23.3,60.0,16.7,0.000,0.103,0.00,0.000,4.7,8.5,1.7,326,23,5.1,8.1,1.6,328,18,5.1,8.1,1.6,328,18,243,29.83,0.0,0,0,0,42.1,45.1,48.7,0.36,0.33,0.29
JORD,2019-11-08 15:05:00 EST,43.06980,-76.47006,402,29.4,29.2,24.2,57.4,16.2,0.000,0.103,0.00,0.000,4.6,7.3,1.3,325,22,4.9,7.3,1.3,328,21,4.9,7.3,1.3,328,21,248,29.83,0.0,0,0,0,42.1,45.1,48.7,0.36,0.33,0.29
JORD,2019-11-08 15:10:00 EST,43.06980,-76.47006,402,29.4,29.2,23.2,56.4,15.8,0.000,0.103,0.00,0.000,5.6,8.8,1.7,334,21,5.9,9.5,1.9,338,18,5.9,9.5,1.9,338,18,145,29.83,0.1,0,0,0,42.1,45.1,48.7,0.36,0.33,0.29
JORD,2019-11-08 15:15:00 EST,43.06980,-76.47006,402,29.4,29.2,23.5,59.6,17.0,0.000,0.103,0.00,0.000,5.1,11.4,2.2,322,22,5.5,12.0,2.2,323,21,5.5,12.0,2.2,323,21,83,29.83,0.0,0,0,0,42.1,45.1,48.7,0.36,0.33,0.29
JORD,2019-11-08 15:20:00 EST,43.06980,-76.47006,402,29.2,29.1,22.1,58.4,16.4,0.000,0.103,0.00,0.000,6.6,11.9,2.2,334,16,7.1,14.1,2.3,336,13,7.1,14.1,2.3,336,13,155,29.83,0.0,0,0,0,42.1,45.1,48.7,0.36,0.33,0.29
JORD,2019-11-08 15:25:00 EST,43.06980,-76.47006,402,29.2,29.2,24.0,58.1,16.3,0.000,0.103,0.00,0.000,4.3,10.1,1.8,333,23,4.7,9.6,2.0,334,21,4.7,9.6,2.0,334,21,83,29.83,0.0,0,0,0,42.1,45.1,48.7,0.36,0.33,0.29
JORD,2019-11-08 15:30:00 EST,43.06980,-76.47006,402,28.8,28.8,22.2,55.7,14.9,0.000,0.103,0.00,0.000,5.9,9.3,1.5,325,21,6.2,10.0,1.5,330,19,6.2,10.0,1.5,330,19,69,29.84,-0.1,0,0,0,42.1,45.1,48.7,0.36,0.33,0.29
JORD,2019-11-08 15:35:00 EST,43.06980,-76.47006,402,28.7,28.8,23.6,57.5,15.6,0.000,0.103,0.00,0.000,4.1,7.1,1.3,298,22,4.6,9.1,1.4,302,23,4.6,9.1,1.4,302,23,81,29.84,-0.0,0,0,0,42.1,45.1,48.7,0.36,0.33,0.29
JORD,2019-11-08 15:40:00 EST,43.06980,-76.47006,402,28.8,28.7,23.5,57.2,15.5,0.000,0.103,0.00,0.000,4.5,8.7,2.1,289,20,4.8,9.7,2.2,290,20,4.8,9.7,2.2,290,20,101,29.84,-0.0,0,0,0,42.1,45.1,48.7,0.36,0.33,0.29
JORD,2019-11-08 15:45:00 EST,43.06980,-76.47006,402,29.0,28.9,22.9,57.2,15.8,0.000,0.103,0.00,0.000,5.1,11.4,2.4,280,19,5.7,12.2,2.6,280,18,5.7,12.2,2.6,280,18,117,29.84,-0.1,0,0,0,42.1,45.1,48.7,0.36,0.33,0.29
JORD,2019-11-08 15:50:00 EST,43.06980,-76.47006,402,29.1,29.0,23.8,58.3,16.3,0.000,0.103,0.00,0.000,4.5,7.9,1.3,297,22,4.9,10.6,1.5,297,21,4.9,10.6,1.5,297,21,114,29.84,-0.1,0,0,0,42.1,45.1,48.6,0.36,0.33,0.29
JORD,2019-11-08 15:55:00 EST,43.06980,-76.47006,402,29.1,29.0,23.6,58.0,16.2,0.000,0.103,0.00,0.000,4.9,9.6,1.4,305,20,5.1,10.3,1.5,306,18,5.1,10.3,1.5,306,18,94,29.84,-0.1,0,0,0,42.1,45.1,48.6,0.36,0.33,0.29
JORD,2019-11-08 16:00:00 EST,43.06980,-76.47006,402,29.1,29.0,24.2,59.0,16.5,0.000,0.103,0.00,0.000,4.0,7.0,1.3,285,21,4.5,8.2,1.4,285,19,4.5,8.2,1.4,285,19,62,29.84,-0.1,0,0,0,42.1,45.1,48.6,0.36,0.33,0.29
JORD,2019-11-08 16:05:00 EST,43.06980,-76.47006,402,29.1,29.0,23.8,59.8,16.8,0.000,0.103,0.00,0.000,4.5,9.9,2.0,293,22,4.8,9.6,1.8,294,22,4.8,9.6,1.8,294,22,47,29.84,-0.1,0,0,0,42.1,45.1,48.6,0.36,0.33,0.29
JORD,2019-11-08 16:10:00 EST,43.06980,-76.47006,402,29.0,29.0,25.5,61.0,17.2,0.000,0.103,0.00,0.000,3.0,6.5,0.9,302,23,3.2,5.6,0.9,304,23,3.2,5.6,0.9,304,23,45,29.84,-0.1,0,0,0,42.1,45.1,48.6,0.36,0.33,0.29
JORD,2019-11-08 16:15:00 EST,43.06980,-76.47006,402,28.9,28.9,22.8,61.5,17.4,0.000,0.103,0.00,0.000,5.3,9.1,1.4,314,18,5.7,10.1,1.4,317,18,5.7,10.1,1.4,317,18,42,29.84,-0.1,0,0,0,42.1,45.1,48.6,0.36,0.33,0.29
JORD,2019-11-08 16:20:00 EST,43.06980,-76.47006,402,28.9,28.9,28.9,63.3,18.0,0.000,0.103,0.00,0.000,2.6,4.5,0.7,305,20,2.7,5.0,0.8,306,20,2.7,5.0,0.8,306,20,39,29.84,-0.1,0,0,0,42.1,45.1,48.6,0.36,0.33,0.29
JORD,2019-11-08 16:25:00 EST,43.06980,-76.47006,402,28.9,28.9,28.9,63.0,17.9,0.000,0.103,0.00,0.000,2.8,4.7,0.9,313,23,3.0,5.3,1.0,315,21,3.0,5.3,1.0,315,21,35,29.85,-0.1,0,0,0,42.1,45.1,48.6,0.36,0.33,0.29
JORD,2019-11-08 16:30:00 EST,43.06980,-76.47006,402,28.8,28.9,23.8,63.3,17.9,0.000,0.103,0.00,0.000,4.4,9.4,1.9,312,15,4.6,9.6,1.9,312,13,4.6,9.6,1.9,312,13,23,29.85,-0.1,0,0,0,42.1,45.1,48.6,0.36,0.33,0.29
JORD,2019-11-08 16:35:00 EST,43.06980,-76.47006,402,28.9,28.9,23.6,63.2,17.9,0.000,0.103,0.00,0.000,4.5,6.9,1.4,291,18,4.9,8.2,1.5,292,16,4.9,8.2,1.5,292,16,18,29.85,-0.0,0,0,0,42.1,45.1,48.6,0.36,0.33,0.29
JORD,2019-11-08 16:40:00 EST,43.06980,-76.47006,402,28.8,28.8,23.7,65.0,18.5,0.000,0.103,0.00,0.000,4.1,10.7,1.6,288,19,4.6,12.9,1.9,290,17,4.6,12.9,1.9,290,17,13,29.85,-0.0,0,0,0,42.1,45.1,48.6,0.36,0.33,0.29
JORD,2019-11-08 16:45:00 EST,43.06980,-76.47006,402,28.6,28.6,21.4,65.4,18.5,0.000,0.103,0.00,0.000,6.5,10.4,2.3,294,22,7.0,12.3,2.4,294,22,7.0,12.3,2.4,294,22,11,29.85,-0.0,0,0,0,42.1,45.1,48.6,0.36,0.33,0.29
JORD,2019-11-08 16:50:00 EST,43.06980,-76.47006,402,28.4,28.5,22.2,66.3,18.6,0.000,0.103,0.00,0.000,5.1,8.3,1.5,277,21,5.7,9.3,1.6,279,19,5.7,9.3,1.6,279,19,6,29.85,0.0,0,0,0,42.1,45.1,48.6,0.36,0.33,0.29
JORD,2019-11-08 16:55:00 EST,43.06980,-76.47006,402,28.4,28.5,22.8,66.0,18.5,0.000,0.103,0.00,0.000,4.6,6.4,1.0,272,12,5.0,7.5,1.2,274,12,5.0,7.5,1.2,274,12,4,29.85,0.1,0,0,0,42.1,45.1,48.6,0.36,0.33,0.29
JORD,2019-11-08 17:00:00 EST,43.06980,-76.47006,402,28.4,28.5,22.4,65.9,18.4,0.000,0.103,0.00,0.000,5.0,7.3,0.9,267,15,5.5,7.9,1.0,267,14,5.5,7.9,1.0,267,14,2,29.85,-0.0,0,0,0,42.0,45.1,48.6,0.37,0.33,0.29
JORD,2019-11-08 17:05:00 EST,43.06980,-76.47006,402,28.3,28.3,24.4,66.1,18.4,0.000,0.103,0.00,0.000,3.2,5.5,1.0,262,18,3.5,6.4,1.2,262,18,3.5,6.4,1.2,262,18,1,29.85,0.1,0,0,0,42.1,45.1,48.6,0.37,0.33,0.29
JORD,2019-11-08 17:10:00 EST,43.06980,-76.47006,402,28.2,28.3,22.1,66.3,18.4,0.000,0.103,0.00,0.000,5.0,8.3,1.3,270,16,5.5,9.5,1.4,271,14,5.5,9.5,1.4,271,14,0,29.85,0.0,0,0,0,42.0,45.1,48.6,0.37,0.33,0.29
JORD,2019-11-08 17:15:00 EST,43.06980,-76.47006,402,28.2,28.3,22.9,66.1,18.3,0.000,0.103,0.00,0.000,4.3,6.6,1.1,263,17,4.8,7.8,1.3,264,16,4.8,7.8,1.3,264,16,0,29.86,0.1,0,0,0,42.0,45.1,48.6,0.36,0.33,0.29
JORD,2019-11-08 17:20:00 EST,43.06980,-76.47006,402,28.3,28.3,22.9,66.3,18.5,0.000,0.103,0.00,0.000,4.4,8.1,1.1,262,15,4.8,9.0,1.3,264,14,4.8,9.0,1.3,264,14,0,29.86,0.1,0,0,0,42.0,45.1,48.6,0.37,0.33,0.29
JORD,2019-11-08 17:25:00 EST,43.06980,-76.47006,402,28.1,28.3,24.1,67.0,18.6,0.000,0.103,0.00,0.000,3.2,5.3,1.0,270,16,3.6,6.6,1.0,272,16,3.6,6.6,1.0,272,16,0,29.86,0.1,0,0,0,42.0,45.1,48.6,0.37,0.33,0.29
JORD,2019-11-08 17:30:00 EST,43.06980,-76.47006,402,28.1,28.2,24.0,66.6,18.5,0.000,0.103,0.00,0.000,3.3,6.2,1.2,255,14,3.7,7.0,1.4,257,15,3.7,7.0,1.4,257,15,0,29.86,0.1,0,0,0,41.9,45.1,48.6,0.36,0.33,0.29
JORD,2019-11-08 17:35:00 EST,43.06980,-76.47006,402,27.8,28.0,27.8,67.7,18.5,0.000,0.103,0.00,0.000,2.0,3.7,0.7,259,16,2.4,4.2,0.7,261,17,2.4,4.2,0.7,261,17,0,29.86,-0.0,0,0,0,41.9,45.1,48.6,0.36,0.34,0.29
JORD,2019-11-08 17:40:00 EST,43.06980,-76.47006,402,27.8,28.0,24.1,68.2,18.7,0.000,0.103,0.00,0.000,3.0,5.7,0.9,251,17,3.3,6.8,1.0,252,18,3.3,6.8,1.0,252,18,0,29.86,0.1,0,0,0,41.9,45.1,48.6,0.36,0.33,0.29
JORD,2019-11-08 17:45:00 EST,43.06980,-76.47006,402,27.9,28.1,27.9,68.2,18.7,0.000,0.103,0.00,0.000,2.7,4.9,0.8,248,16,2.9,5.7,1.0,250,17,2.9,5.7,1.0,250,17,0,29.87,0.1,0,0,0,41.9,45.1,48.6,0.36,0.34,0.29
JORD,2019-11-08 17:50:00 EST,43.06980,-76.47006,402,28.0,28.0,28.0,68.7,19.0,0.000,0.103,0.00,0.000,2.5,3.9,0.6,252,13,2.7,4.6,0.7,253,13,2.7,4.6,0.7,253,13,0,29.87,0.1,0,0,0,41.9,45.1,48.6,0.36,0.34,0.29
JORD,2019-11-08 17:55:00 EST,43.06980,-76.47006,402,28.0,28.0,28.0,68.6,19.0,0.000,0.103,0.00,0.000,1.8,3.9,0.7,249,15,2.0,4.7,0.9,251,16,2.0,4.7,0.9,251,16,0,29.87,-0.0,0,0,0,41.9,45.1,48.6,0.36,0.33,0.29
JORD,2019-11-08 18:00:00 EST,43.06980,-76.47006,402,27.8,27.9,27.8,68.5,18.8,0.000,0.103,0.00,0.000,1.7,2.5,0.5,236,16,1.8,3.0,0.5,236,17,1.8,3.0,0.5,236,17,0,29.87,0.0,0,0,0,41.9,45.1,48.6,0.36,0.33,0.29
JORD,2019-11-08 18:05:00 EST,43.06980,-76.47006,402,27.7,27.9,27.7,68.6,18.7,0.000,0.103,0.00,0.000,2.0,3.9,0.9,240,16,2.1,5.3,0.9,242,17,2.1,5.3,0.9,242,17,0,29.87,-0.0,0,0,0,41.9,45.1,48.6,0.36,0.34,0.29
JORD,2019-11-08 18:10:00 EST,43.06980,-76.47006,402,27.7,27.8,27.7,68.1,18.5,0.000,0.103,0.00,0.000,2.6,5.6,1.0,238,17,3.0,6.1,1.2,238,17,3.0,6.1,1.2,238,17,0,29.87,-0.0,0,0,0,41.9,45.1,48.6,0.36,0.34,0.29
JORD,2019-11-08 18:15:00 EST,43.06980,-76.47006,402,27.7,27.8,27.7,68.5,18.7,0.000,0.103,0.00,0.000,2.5,4.2,0.7,243,23,2.6,5.0,0.7,243,22,2.6,5.0,0.7,243,22,0,29.87,-0.0,0,0,0,41.9,45.1,48.6,0.36,0.34,0.29
JORD,2019-11-08 18:20:00 EST,43.06980,-76.47006,402,27.7,27.8,27.7,68.4,18.7,0.000,0.103,0.00,0.000,2.6,4.8,1.0,242,16,2.8,5.1,1.0,245,16,2.8,5.1,1.0,245,16,0,29.87,-0.1,0,0,0,41.9,45.1,48.6,0.36,0.34,0.29
JORD,2019-11-08 18:25:00 EST,43.06980,-76.47006,402,27.5,27.7,27.5,68.9,18.6,0.000,0.103,0.00,0.000,2.3,3.7,0.6,244,17,2.4,4.7,0.7,244,19,2.4,4.7,0.7,244,19,0,29.87,-0.1,0,0,0,41.9,45.1,48.6,0.36,0.34,0.29
JORD,2019-11-08 18:30:00 EST,43.06980,-76.47006,402,27.5,27.6,23.5,69.0,18.6,0.000,0.103,0.00,0.000,3.3,4.7,0.7,233,12,3.5,5.7,0.8,232,12,3.5,5.7,0.8,232,12,0,29.87,-0.2,0,0,0,41.9,45.1,48.6,0.36,0.34,0.29
JORD,2019-11-08 18:35:00 EST,43.06980,-76.47006,402,27.3,27.5,22.5,69.2,18.5,0.000,0.103,0.00,0.000,3.8,6.5,1.1,237,13,4.1,8.1,1.3,235,14,4.1,8.1,1.3,235,14,0,29.88,-0.2,0,0,0,41.9,45.1,48.6,0.36,0.34,0.29
JORD,2019-11-08 18:40:00 EST,43.06980,-76.47006,402,27.2,27.4,23.6,70.2,18.8,0.000,0.103,0.00,0.000,2.9,5.1,0.7,237,18,3.2,5.6,0.9,239,18,3.2,5.6,0.9,239,18,0,29.88,-0.1,0,0,0,41.9,45.1,48.6,0.36,0.34,0.29
JORD,2019-11-08 18:45:00 EST,43.06980,-76.47006,402,27.4,27.4,22.7,69.8,18.9,0.000,0.103,0.00,0.000,3.9,5.6,0.6,228,12,4.1,5.5,0.8,228,12,4.1,5.5,0.8,228,12,0,29.88,-0.1,0,0,0,41.9,45.1,48.6,0.36,0.34,0.29
JORD,2019-11-08 18:50:00 EST,43.06980,-76.47006,402,27.2,27.3,22.5,70.1,18.7,0.000,0.103,0.00,0.000,3.8,7.2,1.0,233,18,4.0,7.6,1.2,234,18,4.0,7.6,1.2,234,18,0,29.88,-0.1,0,0,0,41.9,45.1,48.6,0.36,0.34,0.29
JORD,2019-11-08 18:55:00 EST,43.06980,-76.47006,402,27.0,27.1,21.8,70.9,18.8,0.000,0.103,0.00,0.000,3.9,8.1,1.3,239,20,4.4,9.2,1.4,240,20,4.4,9.2,1.4,240,20,0,29.88,-0.1,0,0,0,41.9,45.0,48.6,0.36,0.34,0.29
JORD,2019-11-08 19:00:00 EST,43.06980,-76.47006,402,26.7,26.9,26.7,71.9,18.9,0.000,0.103,0.00,0.000,2.7,5.3,1.0,236,18,2.8,4.9,0.9,237,17,2.8,4.9,0.9,237,17,0,29.88,-0.1,0,0,0,41.9,45.0,48.6,0.36,0.34,0.29
JORD,2019-11-08 19:05:00 EST,43.06980,-76.47006,402,26.7,26.9,21.3,72.8,19.1,0.000,0.103,0.00,0.000,4.3,7.0,1.1,227,16,4.5,7.2,1.1,228,17,4.5,7.2,1.1,228,17,0,29.88,-0.1,0,0,0,41.9,45.1,48.6,0.36,0.34,0.29
JORD,2019-11-08 19:10:00 EST,43.06980,-76.47006,402,26.6,26.9,20.4,73.4,19.3,0.000,0.103,0.00,0.000,5.0,7.7,1.2,220,14,5.4,8.7,1.3,220,11,5.4,8.7,1.3,220,11,0,29.87,-0.0,0,0,0,41.8,45.0,48.6,0.36,0.34,0.29
JORD,2019-11-08 19:15:00 EST,43.06980,-76.47006,402,26.6,26.8,22.1,73.8,19.3,0.000,0.103,0.00,0.000,3.5,6.4,0.9,227,16,3.8,7.3,1.1,227,15,3.8,7.3,1.1,227,15,0,29.87,-0.1,0,0,0,41.7,45.0,48.6,0.36,0.34,0.29
JORD,2019-11-08 19:20:00 EST,43.06980,-76.47006,402,26.2,26.6,26.2,74.6,19.3,0.000,0.103,0.00,0.000,2.6,5.2,0.8,231,19,3.0,5.5,0.9,233,18,3.0,5.5,0.9,233,18,0,29.88,-0.0,0,0,0,41.7,45.0,48.6,0.36,0.34,0.29
JORD,2019-11-08 19:25:00 EST,43.06980,-76.47006,402,26.3,26.5,21.2,75.4,19.6,0.000,0.103,0.00,0.000,4.1,7.5,1.2,228,16,4.2,7.5,1.4,229,16,4.2,7.5,1.4,229,16,0,29.88,0.0,0,0,0,41.7,45.0,48.6,0.36,0.34,0.29
JORD,2019-11-08 19:30:00 EST,43.06980,-76.47006,402,26.4,26.5,21.5,75.2,19.6,0.000,0.103,0.00,0.000,3.8,5.9,1.1,241,17,4.0,6.9,1.3,241,16,4.0,6.9,1.3,241,16,0,29.88,0.1,0,0,0,41.7,45.0,48.5,0.36,0.34,0.29
JORD,2019-11-08 19:35:00 EST,43.06980,-76.47006,402,26.3,26.4,22.3,75.1,19.5,0.000,0.103,0.00,0.000,3.2,5.8,0.8,245,19,3.4,6.0,0.9,247,18,3.4,6.0,0.9,247,18,0,29.88,0.1,0,0,0,41.7,45.0,48.6,0.36,0.34,0.29
JORD,2019-11-08 19:40:00 EST,43.06980,-76.47006,402,26.4,26.5,21.6,75.1,19.6,0.000,0.103,0.00,0.000,3.9,8.0,1.3,228,16,4.1,8.9,1.5,229,15,4.1,8.9,1.5,229,15,0,29.88,0.1,0,0,0,41.7,45.0,48.6,0.36,0.34,0.29
JORD,2019-11-08 19:45:00 EST,43.06980,-76.47006,402,26.5,26.5,21.8,74.0,19.3,0.000,0.103,0.00,0.000,3.7,6.6,1.1,229,18,3.9,7.0,1.3,229,18,3.9,7.0,1.3,229,18,0,29.88,-0.0,0,0,0,41.7,45.0,48.5,0.36,0.34,0.29
JORD,2019-11-08 19:50:00 EST,43.06980,-76.47006,402,26.3,26.4,22.4,74.0,19.2,0.000,0.103,0.00,0.000,3.1,5.4,0.9,248,15,3.4,6.9,1.2,249,15,3.4,6.9,1.2,249,15,0,29.88,0.0,0,0,0,41.7,45.0,48.6,0.36,0.34,0.29
JORD,2019-11-08 19:55:00 EST,43.06980,-76.47006,402,26.3,26.5,21.5,73.7,19.1,0.000,0.103,0.00,0.000,3.5,5.7,1.0,257,16,4.0,6.8,1.1,259,17,4.0,6.8,1.1,259,17,0,29.88,0.1,0,0,0,41.7,45.0,48.5,0.36,0.34,0.29
JORD,2019-11-08 20:00:00 EST,43.06980,-76.47006,402,26.2,26.4,21.6,73.5,18.9,0.000,0.103,0.00,0.000,3.5,6.9,1.2,241,19,3.9,7.0,1.2,241,18,3.9,7.0,1.2,241,18,0,29.88,0.2,0,0,0,41.7,45.0,48.5,0.36,0.34,0.29
JORD,2019-11-08 20:05:00 EST,43.06980,-76.47006,402,26.2,26.3,22.1,73.0,18.7,0.000,0.103,0.00,0.000,3.1,5.3,0.8,257,23,3.4,5.6,1.0,259,21,3.4,5.6,1.0,259,21,0,29.88,0.2,0,0,0,41.7,45.0,48.4,0.36,0.34,0.29
JORD,2019-11-08 20:10:00 EST,43.06980,-76.47006,402,26.1,26.4,21.9,73.0,18.7,0.000,0.103,0.00,0.000,3.2,5.5,1.0,264,14,3.6,6.2,1.1,267,14,3.6,6.2,1.1,267,14,0,29.88,0.2,0,0,0,41.7,45.0,48.4,0.36,0.34,0.29
JORD,2019-11-08 20:15:00 EST,43.06980,-76.47006,402,25.9,26.2,21.9,73.7,18.7,0.000,0.103,0.00,0.000,3.1,5.0,0.9,246,20,3.4,6.3,1.0,247,20,3.4,6.3,1.0,247,20,0,29.88,0.2,0,0,0,41.7,45.0,48.4,0.36,0.34,0.29
JORD,2019-11-08 20:20:00 EST,43.06980,-76.47006,402,26.0,26.2,22.0,73.3,18.6,0.000,0.103,0.00,0.000,3.2,5.6,0.7,242,14,3.3,5.9,0.9,242,13,3.3,5.9,0.9,242,13,0,29.88,0.2,0,0,0,41.7,45.0,48.4,0.36,0.34,0.29
JORD,2019-11-08 20:25:00 EST,43.06980,-76.47006,402,26.0,26.1,22.4,73.2,18.6,0.000,0.103,0.00,0.000,3.0,4.9,0.9,233,13,3.1,5.7,1.0,232,12,3.1,5.7,1.0,232,12,0,29.88,0.2,0,0,0,41.7,45.0,48.4,0.36,0.34,0.29
JORD,2019-11-08 20:30:00 EST,43.06980,-76.47006,402,25.7,25.9,25.7,73.5,18.4,0.000,0.103,0.00,0.000,2.2,5.3,1.0,243,20,2.5,5.5,1.1,243,18,2.5,5.5,1.1,243,18,0,29.88,0.1,0,0,0,41.7,45.0,48.4,0.36,0.34,0.29
JORD,2019-11-08 20:35:00 EST,43.06980,-76.47006,402,25.8,25.9,25.8,73.6,18.6,0.000,0.103,0.00,0.000,2.3,4.9,1.1,258,29,2.8,5.7,1.1,258,28,2.8,5.7,1.1,258,28,0,29.88,0.2,0,0,0,41.5,45.0,48.4,0.36,0.34,0.29
JORD,2019-11-08 20:40:00 EST,43.06980,-76.47006,402,25.7,25.9,25.7,73.7,18.4,0.000,0.103,0.00,0.000,2.5,6.2,1.3,243,20,2.8,7.8,1.5,243,18,2.8,7.8,1.5,243,18,0,29.88,0.3,0,0,0,41.5,45.0,48.4,0.36,0.34,0.29
JORD,2019-11-08 20:45:00 EST,43.06980,-76.47006,402,25.8,25.9,22.0,73.2,18.4,0.000,0.103,0.00,0.000,2.9,4.9,1.0,245,17,3.2,6.8,1.2,247,17,3.2,6.8,1.2,247,17,0,29.88,0.3,0,0,0,41.5,45.0,48.4,0.36,0.34,0.29
JORD,2019-11-08 20:50:00 EST,43.06980,-76.47006,402,25.8,25.9,22.0,72.9,18.3,0.000,0.103,0.00,0.000,2.8,5.2,0.8,248,21,3.2,6.4,0.9,250,20,3.2,6.4,0.9,250,20,0,29.88,0.3,0,0,0,41.5,45.0,48.4,0.36,0.34,0.29
JORD,2019-11-08 20:55:00 EST,43.06980,-76.47006,402,25.5,25.7,25.5,72.9,18.0,0.000,0.103,0.00,0.000,2.5,4.7,1.0,244,22,2.9,5.9,1.0,245,20,2.9,5.9,1.0,245,20,0,29.88,0.3,0,0,0,41.5,45.0,48.4,0.36,0.34,0.29
JORD,2019-11-08 21:00:00 EST,43.06980,-76.47006,402,25.7,25.8,21.5,73.3,18.3,0.000,0.103,0.00,0.000,3.1,5.8,1.1,245,21,3.5,6.3,1.2,248,20,3.5,6.3,1.2,248,20,0,29.88,0.2,0,0,0,41.5,45.0,48.4,0.36,0.34,0.29
JORD,2019-11-08 21:05:00 EST,43.06980,-76.47006,402,25.8,25.9,20.6,72.0,18.0,0.000,0.103,0.00,0.000,3.9,6.9,1.3,244,17,4.3,7.4,1.4,243,17,4.3,7.4,1.4,243,17,0,29.88,0.2,0,0,0,41.5,45.0,48.4,0.36,0.34,0.29
JORD,2019-11-08 21:10:00 EST,43.06980,-76.47006,402,25.8,26.0,20.0,71.5,17.8,0.000,0.103,0.00,0.000,4.5,7.9,1.4,243,16,4.8,8.3,1.4,244,16,4.8,8.3,1.4,244,16,0,29.88,0.3,0,0,0,41.5,45.0,48.4,0.36,0.34,0.29
JORD,2019-11-08 21:15:00 EST,43.06980,-76.47006,402,25.8,26.0,20.6,71.5,17.8,0.000,0.103,0.00,0.000,3.9,7.2,1.3,249,17,4.2,8.7,1.4,249,18,4.2,8.7,1.4,249,18,0,29.88,0.3,0,0,0,41.5,45.0,48.4,0.36,0.34,0.29
JORD,2019-11-08 21:20:00 EST,43.06980,-76.47006,402,25.8,25.9,21.1,70.9,17.6,0.000,0.103,0.00,0.000,3.6,8.0,1.5,246,21,3.8,8.4,1.5,247,20,3.8,8.4,1.5,247,20,0,29.88,0.3,0,0,0,41.5,45.0,48.4,0.36,0.34,0.29
JORD,2019-11-08 21:25:00 EST,43.06980,-76.47006,402,25.7,25.9,20.6,71.4,17.7,0.000,0.103,0.00,0.000,3.9,7.5,1.4,239,17,4.1,8.1,1.5,241,18,4.1,8.1,1.5,241,18,0,29.88,0.2,0,0,0,41.5,45.0,48.4,0.36,0.34,0.29
JORD,2019-11-08 21:30:00 EST,43.06980,-76.47006,402,25.5,25.7,21.2,71.7,17.7,0.000,0.103,0.00,0.000,3.3,6.9,1.3,240,18,3.6,7.4,1.3,240,17,3.6,7.4,1.3,240,17,0,29.88,0.3,0,0,0,41.5,45.0,48.4,0.36,0.34,0.29
JORD,2019-11-08 21:35:00 EST,43.06980,-76.47006,402,25.5,25.6,19.8,72.3,17.8,0.000,0.103,0.00,0.000,4.2,7.1,1.4,250,16,4.7,8.0,1.5,252,14,4.7,8.0,1.5,252,14,0,29.88,0.1,0,0,0,41.5,45.0,48.4,0.36,0.34,0.29
JORD,2019-11-08 21:40:00 EST,43.06980,-76.47006,402,25.4,25.5,20.8,72.6,17.8,0.000,0.103,0.00,0.000,3.4,6.0,1.2,249,18,3.7,7.8,1.4,249,18,3.7,7.8,1.4,249,18,0,29.88,0.2,0,0,0,41.5,45.0,48.4,0.36,0.34,0.29
JORD,2019-11-08 21:45:00 EST,43.06980,-76.47006,402,25.1,25.4,25.1,72.7,17.6,0.000,0.103,0.00,0.000,1.8,4.2,0.8,248,19,2.2,4.5,1.0,249,20,2.2,4.5,1.0,249,20,0,29.88,0.2,0,0,0,41.4,45.0,48.4,0.36,0.34,0.29
JORD,2019-11-08 21:50:00 EST,43.06980,-76.47006,402,25.2,25.5,25.2,72.8,17.7,0.000,0.103,0.00,0.000,2.8,5.9,1.3,243,19,2.9,5.8,1.2,245,19,2.9,5.8,1.2,245,19,0,29.88,0.2,0,0,0,41.4,45.0,48.4,0.36,0.34,0.29
JORD,2019-11-08 21:55:00 EST,43.06980,-76.47006,402,25.3,25.4,21.7,72.4,17.6,0.000,0.103,0.00,0.000,2.8,5.9,1.1,240,24,3.0,6.6,1.2,242,23,3.0,6.6,1.2,242,23,0,29.88,0.2,0,0,0,41.4,45.0,48.4,0.35,0.34,0.29
JORD,2019-11-08 22:00:00 EST,43.06980,-76.47006,402,25.1,25.4,20.8,72.5,17.5,0.000,0.103,0.00,0.000,3.1,8.5,1.7,243,22,3.5,10.2,1.9,248,24,3.5,10.2,1.9,248,24,0,29.88,0.2,0,0,0,41.4,45.0,48.4,0.35,0.34,0.29
JORD,2019-11-08 22:05:00 EST,43.06980,-76.47006,402,25.0,25.3,20.0,72.6,17.5,0.000,0.103,0.00,0.000,3.7,6.9,1.5,243,19,4.1,8.3,1.6,244,19,4.1,8.3,1.6,244,19,0,29.88,0.2,0,0,0,41.4,45.0,48.4,0.35,0.34,0.29
JORD,2019-11-08 22:10:00 EST,43.06980,-76.47006,402,25.3,25.5,19.5,72.3,17.6,0.000,0.103,0.00,0.000,4.4,7.0,1.3,227,15,4.7,7.5,1.4,227,15,4.7,7.5,1.4,227,15,0,29.87,0.3,0,0,0,41.4,45.0,48.4,0.35,0.34,0.29
JORD,2019-11-08 22:15:00 EST,43.06980,-76.47006,402,25.3,25.4,19.7,71.8,17.4,0.000,0.103,0.00,0.000,4.2,8.0,1.4,234,18,4.5,8.0,1.5,234,18,4.5,8.0,1.5,234,18,0,29.87,0.1,0,0,0,41.4,45.0,48.4,0.35,0.34,0.29
JORD,2019-11-08 22:20:00 EST,43.06980,-76.47006,402,25.2,25.5,19.2,71.6,17.3,0.000,0.103,0.00,0.000,4.4,7.9,1.7,239,20,4.9,9.4,1.9,241,19,4.9,9.4,1.9,241,19,0,29.87,0.2,0,0,0,41.4,44.9,48.4,0.35,0.34,0.29
JORD,2019-11-08 22:25:00 EST,43.06980,-76.47006,402,25.1,25.4,20.4,72.0,17.3,0.000,0.103,0.00,0.000,3.3,6.4,1.1,241,28,3.8,7.8,1.3,243,27,3.8,7.8,1.3,243,27,0,29.87,0.2,0,0,0,41.4,44.9,48.4,0.35,0.34,0.29
JORD,2019-11-08 22:30:00 EST,43.06980,-76.47006,402,25.2,25.4,20.9,71.8,17.3,0.000,0.103,0.00,0.000,3.0,6.6,1.5,253,20,3.5,7.6,1.7,255,20,3.5,7.6,1.7,255,20,0,29.87,0.1,0,0,0,41.4,44.9,48.4,0.36,0.34,0.29
JORD,2019-11-08 22:35:00 EST,43.06980,-76.47006,402,25.0,25.4,20.2,72.1,17.3,0.000,0.103,0.00,0.000,3.5,6.3,1.4,247,25,3.9,6.9,1.4,247,23,3.9,6.9,1.4,247,23,0,29.87,0.3,0,0,0,41.4,44.9,48.4,0.36,0.34,0.29
JORD,2019-11-08 22:40:00 EST,43.06980,-76.47006,402,25.2,25.4,20.8,71.4,17.2,0.000,0.103,0.00,0.000,3.1,5.3,1.0,238,22,3.6,6.8,1.1,240,21,3.6,6.8,1.1,240,21,0,29.87,0.3,0,0,0,41.3,44.8,48.4,0.36,0.34,0.29
JORD,2019-11-08 22:45:00 EST,43.06980,-76.47006,402,25.1,25.3,20.6,71.9,17.3,0.000,0.103,0.00,0.000,3.3,6.3,1.1,255,21,3.6,7.0,1.2,256,21,3.6,7.0,1.2,256,21,0,29.87,0.2,0,0,0,41.2,44.9,48.4,0.35,0.34,0.29
JORD,2019-11-08 22:50:00 EST,43.06980,-76.47006,402,25.0,25.1,20.1,72.3,17.3,0.000,0.103,0.00,0.000,3.5,6.8,1.2,262,19,3.9,7.5,1.3,262,18,3.9,7.5,1.3,262,18,0,29.87,0.2,0,0,0,41.2,44.8,48.4,0.35,0.34,0.29
JORD,2019-11-08 22:55:00 EST,43.06980,-76.47006,402,24.6,24.9,24.6,73.0,17.2,0.000,0.103,0.00,0.000,2.5,6.6,1.3,250,24,2.9,7.4,1.4,253,23,2.9,7.4,1.4,253,23,0,29.87,0.2,0,0,0,41.2,44.8,48.4,0.35,0.34,0.29
JORD,2019-11-08 23:00:00 EST,43.06980,-76.47006,402,24.6,25.0,20.6,73.3,17.3,0.000,0.103,0.00,0.000,2.8,5.7,1.0,235,25,3.2,6.1,1.1,238,25,3.2,6.1,1.1,238,25,0,29.87,0.3,0,0,0,41.2,44.8,48.4,0.35,0.34,0.29
JORD,2019-11-08 23:05:00 EST,43.06980,-76.47006,402,24.9,25.0,24.9,72.8,17.4,0.000,0.103,0.00,0.000,2.0,3.2,0.6,250,28,2.3,4.6,0.8,252,28,2.3,4.6,0.8,252,28,0,29.87,0.2,0,0,0,41.2,44.8,48.4,0.35,0.34,0.29
JORD,2019-11-08 23:10:00 EST,43.06980,-76.47006,402,24.8,25.0,20.8,73.0,17.4,0.000,0.103,0.00,0.000,2.9,5.6,0.9,247,24,3.2,5.7,1.2,247,22,3.2,5.7,1.2,247,22,0,29.87,0.3,0,0,0,41.2,44.8,48.4,0.36,0.34,0.29
JORD,2019-11-08 23:15:00 EST,43.06980,-76.47006,402,24.7,25.0,24.7,73.2,17.3,0.000,0.103,0.00,0.000,2.4,4.5,0.8,245,29,2.6,5.6,0.9,246,29,2.6,5.6,0.9,246,29,0,29.86,0.2,0,0,0,41.2,44.8,48.4,0.36,0.34,0.29
JORD,2019-11-08 23:20:00 EST,43.06980,-76.47006,402,24.8,25.0,24.8,73.4,17.4,0.000,0.103,0.00,0.000,2.7,7.0,1.5,242,22,2.9,6.5,1.6,243,22,2.9,6.5,1.6,243,22,0,29.86,0.2,0,0,0,41.2,44.8,48.4,0.36,0.34,0.29
JORD,2019-11-08 23:25:00 EST,43.06980,-76.47006,402,24.5,24.9,24.5,73.5,17.3,0.000,0.103,0.00,0.000,2.1,4.5,1.1,243,35,2.5,5.9,1.2,247,35,2.5,5.9,1.2,247,35,0,29.86,0.3,0,0,0,41.2,44.8,48.4,0.36,0.34,0.29
JORD,2019-11-08 23:30:00 EST,43.06980,-76.47006,402,24.1,24.5,24.1,73.8,16.9,0.000,0.103,0.00,0.000,1.3,3.9,1.0,261,35,1.6,4.8,1.1,267,36,1.6,4.8,1.1,267,36,0,29.86,0.3,0,0,0,41.2,44.8,48.4,0.36,0.34,0.29
JORD,2019-11-08 23:35:00 EST,43.06980,-76.47006,402,24.2,24.8,24.2,75.2,17.5,0.000,0.103,0.00,0.000,2.4,8.4,2.2,227,18,2.9,8.5,2.2,231,24,2.9,8.5,2.2,231,24,0,29.86,0.2,0,0,0,41.0,44.8,48.4,0.36,0.34,0.29
JORD,2019-11-08 23:40:00 EST,43.06980,-76.47006,402,24.1,24.6,24.1,74.4,17.2,0.000,0.103,0.00,0.000,2.3,6.9,1.3,271,32,2.5,7.4,1.3,272,31,2.5,7.4,1.3,272,31,0,29.86,0.1,0,0,0,41.0,44.8,48.4,0.36,0.34,0.29
JORD,2019-11-08 23:45:00 EST,43.06980,-76.47006,402,23.9,24.5,23.9,75.8,17.4,0.000,0.103,0.00,0.000,2.7,6.1,1.4,232,24,2.8,6.6,1.5,233,24,2.8,6.6,1.5,233,24,0,29.86,0.2,0,0,0,41.0,44.8,48.4,0.36,0.34,0.29
JORD,2019-11-08 23:50:00 EST,43.06980,-76.47006,402,24.1,24.5,24.1,76.2,17.6,0.000,0.103,0.00,0.000,2.4,4.4,0.9,236,28,2.8,5.5,1.1,239,26,2.8,5.5,1.1,239,26,0,29.87,0.3,0,0,0,41.0,44.8,48.4,0.36,0.34,0.29
JORD,2019-11-08 23:55:00 EST,43.06980,-76.47006,402,23.9,24.5,19.8,76.8,17.7,0.000,0.103,0.00,0.000,3.0,10.4,2.4,238,20,3.2,10.6,2.3,238,22,3.2,10.6,2.3,238,22,0,29.87,0.4,0,0,0,41.0,44.8,48.4,0.36,0.34,0.29
KIND,2019-11-08 00:00:00 EST,42.41001,-73.71557,238,32.3,32.6,24.0,70.1,23.7,0.000,0.259,0.00,0.000,9.6,13.1,1.7,315,12,10.2,14.1,1.7,311,11,10.2,14.1,1.7,311,11,0,29.80,-0.1,0,0,0,47.0,49.3,51.7,0.39,0.41,0.42
KIND,2019-11-08 00:05:00 EST,42.41001,-73.71557,238,32.2,32.4,23.7,69.5,23.3,0.000,0.000,0.00,0.000,10.0,14.8,2.3,314,14,10.6,15.8,2.4,311,13,10.6,15.8,2.4,311,13,0,29.81,-0.1,0,0,0,46.9,49.3,51.8,0.39,0.41,0.42
KIND,2019-11-08 00:10:00 EST,42.41001,-73.71557,238,32.2,32.4,22.4,70.1,23.6,0.000,0.000,0.00,0.000,13.0,18.3,2.4,318,10,13.6,18.8,2.4,315,10,13.6,18.8,2.4,315,10,0,29.81,-0.1,0,0,0,46.9,49.3,51.8,0.39,0.41,0.42
KIND,2019-11-08 00:15:00 EST,42.41001,-73.71557,238,31.8,32.1,23.3,72.2,23.9,0.000,0.000,0.00,0.000,9.7,18.3,2.2,323,12,10.4,19.2,2.3,321,12,10.4,19.2,2.3,321,12,0,29.81,-0.1,0,0,0,46.9,49.2,51.5,0.39,0.41,0.42
KIND,2019-11-08 00:20:00 EST,42.41001,-73.71557,238,31.6,31.8,21.6,71.5,23.4,0.000,0.000,0.00,0.000,12.9,20.5,3.1,318,13,13.5,20.2,3.0,314,15,13.5,20.2,3.0,314,15,0,29.81,-0.0,0,0,0,46.9,49.2,51.6,0.39,0.41,0.42
KIND,2019-11-08 00:25:00 EST,42.41001,-73.71557,238,31.4,31.6,21.5,71.7,23.3,0.000,0.000,0.00,0.000,12.5,17.0,1.6,322,11,13.2,17.7,1.8,320,10,13.2,17.7,1.8,320,10,0,29.81,-0.1,0,0,0,46.9,49.3,51.7,0.39,0.41,0.42
KIND,2019-11-08 00:30:00 EST,42.41001,-73.71557,238,31.1,31.4,21.4,72.8,23.4,0.000,0.000,0.00,0.000,11.6,14.7,1.2,317,9,12.5,16.9,1.4,314,9,12.5,16.9,1.4,314,9,0,29.81,-0.1,0,0,0,46.9,49.3,51.7,0.39,0.41,0.42
KIND,2019-11-08 00:35:00 EST,42.41001,-73.71557,238,30.9,31.2,20.4,72.7,23.2,0.000,0.000,0.00,0.000,13.8,18.7,2.4,319,9,14.6,19.4,2.3,316,9,14.6,19.4,2.3,316,9,0,29.81,-0.0,0,0,0,46.9,49.2,51.4,0.39,0.41,0.42
KIND,2019-11-08 00:40:00 EST,42.41001,-73.71557,238,30.8,31.1,20.3,72.3,22.9,0.000,0.000,0.00,0.000,13.9,17.2,1.6,323,8,14.4,17.7,1.6,320,8,14.4,17.7,1.6,320,8,0,29.81,-0.1,0,0,0,46.9,49.3,51.4,0.39,0.41,0.42
KIND,2019-11-08 00:45:00 EST,42.41001,-73.71557,238,30.6,30.8,20.3,71.4,22.5,0.000,0.000,0.00,0.000,13.2,17.4,1.8,322,7,13.8,18.9,1.9,320,6,13.8,18.9,1.9,320,6,0,29.81,-0.1,0,0,0,46.9,49.3,51.6,0.39,0.41,0.42
KIND,2019-11-08 00:50:00 EST,42.41001,-73.71557,238,30.4,30.6,21.2,72.7,22.7,0.000,0.000,0.00,0.000,10.5,14.4,1.8,323,12,11.0,15.2,1.8,321,11,11.0,15.2,1.8,321,11,0,29.82,-0.0,0,0,0,46.9,49.3,51.5,0.39,0.41,0.42
KIND,2019-11-08 00:55:00 EST,42.41001,-73.71557,238,30.2,30.5,21.7,73.1,22.6,0.000,0.000,0.00,0.000,9.0,13.7,2.3,321,10,9.7,15.4,2.3,319,10,9.7,15.4,2.3,319,10,0,29.82,-0.1,0,0,0,46.8,49.3,51.5,0.39,0.41,0.42
KIND,2019-11-08 01:00:00 EST,42.41001,-73.71557,238,29.9,30.2,21.7,73.0,22.3,0.000,0.000,0.00,0.000,8.6,12.1,1.4,330,11,9.0,13.0,1.5,329,12,9.0,13.0,1.5,329,12,0,29.81,-0.1,0,0,0,46.8,49.3,51.4,0.39,0.41,0.42
KIND,2019-11-08 01:05:00 EST,42.41001,-73.71557,238,29.7,30.0,20.9,73.5,22.3,0.000,0.000,0.00,0.000,9.3,12.5,1.6,331,11,10.0,13.2,1.7,330,12,10.0,13.2,1.7,330,12,0,29.81,-0.1,0,0,0,46.8,49.3,51.4,0.39,0.41,0.42
KIND,2019-11-08 01:10:00 EST,42.41001,-73.71557,238,29.5,29.9,21.6,73.8,22.2,0.000,0.000,0.00,0.000,7.8,10.7,1.3,336,8,8.4,11.7,1.3,335,9,8.4,11.7,1.3,335,9,0,29.81,-0.1,0,0,0,46.8,49.2,51.4,0.39,0.41,0.42
KIND,2019-11-08 01:15:00 EST,42.41001,-73.71557,238,29.3,29.8,21.1,74.5,22.2,0.000,0.000,0.00,0.000,8.2,10.7,1.1,328,6,8.8,11.9,1.3,327,6,8.8,11.9,1.3,327,6,0,29.81,-0.1,0,0,0,46.8,49.3,51.4,0.39,0.41,0.42
KIND,2019-11-08 01:20:00 EST,42.41001,-73.71557,238,29.2,29.6,21.9,74.7,22.2,0.000,0.000,0.00,0.000,6.8,9.1,1.0,330,9,7.3,10.4,0.9,328,8,7.3,10.4,0.9,328,8,0,29.81,-0.1,0,0,0,46.8,49.2,51.5,0.39,0.41,0.42
KIND,2019-11-08 01:25:00 EST,42.41001,-73.71557,238,29.2,29.6,21.2,73.5,21.8,0.000,0.000,0.00,0.000,7.7,11.3,1.4,332,8,8.3,11.5,1.5,331,9,8.3,11.5,1.5,331,9,0,29.81,-0.1,0,0,0,46.8,49.2,51.4,0.39,0.41,0.42
KIND,2019-11-08 01:30:00 EST,42.41001,-73.71557,238,28.9,29.4,22.5,74.1,21.7,0.000,0.000,0.00,0.000,5.9,7.6,0.7,332,7,6.1,8.0,0.9,331,9,6.1,8.0,0.9,331,9,0,29.81,-0.1,0,0,0,46.8,49.2,51.4,0.39,0.41,0.42
KIND,2019-11-08 01:35:00 EST,42.41001,-73.71557,238,28.8,29.2,23.6,74.1,21.6,0.000,0.000,0.00,0.000,4.7,6.6,0.9,334,10,4.6,7.0,0.9,334,11,4.6,7.0,0.9,334,11,0,29.81,-0.1,0,0,0,46.8,49.2,51.4,0.39,0.41,0.42
KIND,2019-11-08 01:40:00 EST,42.41001,-73.71557,238,28.7,29.2,23.0,74.0,21.5,0.000,0.000,0.00,0.000,5.5,7.5,0.8,333,9,5.2,7.2,0.8,333,12,5.2,7.2,0.8,333,12,0,29.81,-0.2,0,0,0,46.8,49.2,51.4,0.39,0.41,0.42
KIND,2019-11-08 01:45:00 EST,42.41001,-73.71557,238,28.4,29.1,21.9,74.7,21.4,0.000,0.000,0.00,0.000,5.5,8.2,1.2,336,10,6.1,9.0,1.3,335,11,6.1,9.0,1.3,335,11,0,29.81,-0.1,0,0,0,46.7,49.2,51.4,0.39,0.41,0.42
KIND,2019-11-08 01:50:00 EST,42.41001,-73.71557,238,28.3,29.0,21.6,75.4,21.5,0.000,0.000,0.00,0.000,5.7,8.9,0.9,329,8,6.2,9.1,1.0,328,8,6.2,9.1,1.0,328,8,0,29.81,-0.0,0,0,0,46.6,49.1,51.4,0.39,0.41,0.42
KIND,2019-11-08 01:55:00 EST,42.41001,-73.71557,238,28.5,29.1,21.8,73.9,21.3,0.000,0.000,0.00,0.000,6.0,8.2,1.2,328,12,6.4,9.3,1.3,326,12,6.4,9.3,1.3,326,12,0,29.81,-0.1,0,0,0,46.6,49.1,51.4,0.39,0.41,0.42
KIND,2019-11-08 02:00:00 EST,42.41001,-73.71557,238,28.4,29.0,21.1,74.2,21.2,0.000,0.000,0.00,0.000,6.8,9.2,1.1,322,14,7.1,10.5,1.2,315,16,7.1,10.5,1.2,315,16,0,29.81,-0.1,0,0,0,46.6,49.2,51.4,0.39,0.41,0.42
KIND,2019-11-08 02:05:00 EST,42.41001,-73.71557,238,28.6,29.1,20.2,73.8,21.3,0.000,0.000,0.00,0.000,8.3,13.7,2.1,321,10,8.7,13.8,2.2,319,11,8.7,13.8,2.2,319,11,0,29.81,-0.1,0,0,0,46.6,49.1,51.4,0.39,0.41,0.42
KIND,2019-11-08 02:10:00 EST,42.41001,-73.71557,238,28.8,29.2,19.6,71.7,20.8,0.000,0.000,0.00,0.000,9.5,14.5,1.9,322,13,10.2,14.7,1.9,319,13,10.2,14.7,1.9,319,13,0,29.81,-0.1,0,0,0,46.6,49.1,51.4,0.39,0.41,0.42
KIND,2019-11-08 02:15:00 EST,42.41001,-73.71557,238,28.5,28.9,20.9,71.3,20.4,0.000,0.000,0.00,0.000,7.1,9.7,1.4,335,10,7.6,10.5,1.4,334,10,7.6,10.5,1.4,334,10,0,29.81,-0.1,0,0,0,46.6,49.2,51.4,0.39,0.41,0.42
KIND,2019-11-08 02:20:00 EST,42.41001,-73.71557,238,28.2,28.7,22.2,72.0,20.3,0.000,0.000,0.00,0.000,4.8,7.5,1.1,348,20,5.4,8.4,1.3,346,10,5.4,8.4,1.3,346,10,0,29.81,-0.1,0,0,0,46.5,49.1,51.4,0.39,0.41,0.42
KIND,2019-11-08 02:25:00 EST,42.41001,-73.71557,238,28.0,28.6,22.7,72.7,20.4,0.000,0.000,0.00,0.000,4.0,7.2,1.1,1,13,4.7,8.0,1.2,358,11,4.7,8.0,1.2,358,11,0,29.81,-0.1,0,0,0,46.4,49.2,51.4,0.39,0.41,0.42
KIND,2019-11-08 02:30:00 EST,42.41001,-73.71557,238,27.8,28.3,22.2,73.7,20.5,0.000,0.000,0.00,0.000,4.4,6.4,0.9,12,9,4.8,7.0,1.0,8,9,4.8,7.0,1.0,8,9,0,29.80,-0.1,0,0,0,46.4,49.1,51.4,0.39,0.41,0.42
KIND,2019-11-08 02:35:00 EST,42.41001,-73.71557,238,27.7,28.1,22.0,74.8,20.7,0.000,0.000,0.00,0.000,4.5,6.2,0.9,9,7,5.0,7.4,0.9,5,7,5.0,7.4,0.9,5,7,0,29.80,-0.1,0,0,0,46.4,49.1,51.4,0.39,0.41,0.42
KIND,2019-11-08 02:40:00 EST,42.41001,-73.71557,238,27.7,28.1,21.2,74.7,20.7,0.000,0.000,0.00,0.000,5.3,7.6,1.2,356,10,5.9,9.2,1.2,353,8,5.9,9.2,1.2,353,8,0,29.80,-0.1,0,0,0,46.4,49.1,51.4,0.39,0.41,0.42
KIND,2019-11-08 02:45:00 EST,42.41001,-73.71557,238,27.4,28.1,20.1,75.4,20.6,0.000,0.000,0.00,0.000,6.0,7.1,0.5,350,14,6.8,8.4,0.7,347,6,6.8,8.4,0.7,347,6,0,29.80,-0.1,0,0,0,46.4,49.1,51.4,0.39,0.41,0.42
KIND,2019-11-08 02:50:00 EST,42.41001,-73.71557,238,27.4,28.0,19.9,75.5,20.7,0.000,0.000,0.00,0.000,6.5,9.0,1.1,349,19,7.1,9.9,1.2,347,10,7.1,9.9,1.2,347,10,0,29.80,-0.1,0,0,0,46.4,49.1,51.4,0.39,0.41,0.42
KIND,2019-11-08 02:55:00 EST,42.41001,-73.71557,238,27.3,27.9,20.3,75.4,20.6,0.000,0.000,0.00,0.000,5.9,7.6,0.8,353,9,6.5,8.7,0.9,351,6,6.5,8.7,0.9,351,6,0,29.80,-0.1,0,0,0,46.3,49.1,51.4,0.39,0.41,0.42
KIND,2019-11-08 03:00:00 EST,42.41001,-73.71557,238,27.3,27.8,20.8,75.8,20.7,0.000,0.000,0.00,0.000,5.2,6.9,0.7,359,16,5.8,8.8,0.9,355,10,5.8,8.8,0.9,355,10,0,29.80,-0.0,0,0,0,46.0,49.1,51.4,0.39,0.41,0.42
KIND,2019-11-08 03:05:00 EST,42.41001,-73.71557,238,27.1,27.6,21.5,75.7,20.5,0.000,0.000,0.00,0.000,4.4,6.9,1.1,9,13,4.8,7.5,1.1,5,13,4.8,7.5,1.1,5,13,0,29.80,-0.1,0,0,0,46.0,49.1,51.4,0.39,0.41,0.42
KIND,2019-11-08 03:10:00 EST,42.41001,-73.71557,238,27.0,27.6,21.6,76.6,20.6,0.000,0.000,0.00,0.000,4.2,6.2,0.7,359,9,4.7,6.8,0.7,356,8,4.7,6.8,0.7,356,8,0,29.80,-0.1,0,0,0,46.0,49.1,51.4,0.39,0.41,0.42
KIND,2019-11-08 03:15:00 EST,42.41001,-73.71557,238,26.6,27.5,20.6,77.5,20.6,0.000,0.000,0.00,0.000,4.6,7.0,0.9,354,15,5.2,8.0,1.0,351,8,5.2,8.0,1.0,351,8,0,29.80,-0.1,0,0,0,46.0,49.1,51.4,0.39,0.41,0.42
KIND,2019-11-08 03:20:00 EST,42.41001,-73.71557,238,26.7,27.4,19.6,78.1,20.7,0.000,0.000,0.00,0.000,5.6,7.1,0.7,342,17,6.3,8.3,0.9,342,8,6.3,8.3,0.9,342,8,0,29.80,-0.1,0,0,0,46.0,49.1,51.4,0.39,0.41,0.42
KIND,2019-11-08 03:25:00 EST,42.41001,-73.71557,238,26.5,27.2,19.7,79.0,20.9,0.000,0.000,0.00,0.000,5.4,7.7,0.9,343,8,6.0,8.4,1.0,343,7,6.0,8.4,1.0,343,7,0,29.80,0.0,0,0,0,46.0,49.1,51.4,0.39,0.41,0.42
KIND,2019-11-08 03:30:00 EST,42.41001,-73.71557,238,26.5,27.2,19.8,78.9,20.8,0.000,0.000,0.00,0.000,5.3,7.6,0.8,342,15,5.8,8.1,0.8,341,8,5.8,8.1,0.8,341,8,0,29.80,-0.0,0,0,0,45.9,49.0,51.4,0.39,0.41,0.42
KIND,2019-11-08 03:35:00 EST,42.41001,-73.71557,238,26.6,27.2,19.2,77.7,20.6,0.000,0.000,0.00,0.000,6.0,8.8,1.0,343,9,6.7,10.4,1.1,343,7,6.7,10.4,1.1,343,7,0,29.80,-0.0,0,0,0,45.9,49.1,51.4,0.39,0.41,0.42
KIND,2019-11-08 03:40:00 EST,42.41001,-73.71557,238,26.5,27.2,19.6,77.3,20.4,0.000,0.000,0.00,0.000,5.5,7.4,0.8,347,8,6.2,8.9,0.8,346,6,6.2,8.9,0.8,346,6,0,29.80,-0.0,0,0,0,45.9,49.1,51.4,0.39,0.41,0.42
KIND,2019-11-08 03:45:00 EST,42.41001,-73.71557,238,26.4,27.1,20.0,78.1,20.5,0.000,0.000,0.00,0.000,4.9,6.2,0.6,350,8,5.5,7.0,0.7,347,7,5.5,7.0,0.7,347,7,0,29.80,-0.0,0,0,0,45.9,49.0,51.4,0.39,0.41,0.42
KIND,2019-11-08 03:50:00 EST,42.41001,-73.71557,238,26.3,27.0,20.4,77.7,20.3,0.000,0.000,0.00,0.000,4.5,6.1,0.6,357,9,5.0,6.6,0.7,354,8,5.0,6.6,0.7,354,8,0,29.80,-0.1,0,0,0,45.9,49.0,51.4,0.39,0.41,0.42
KIND,2019-11-08 03:55:00 EST,42.41001,-73.71557,238,26.2,26.9,20.6,77.9,20.2,0.000,0.000,0.00,0.000,4.2,5.8,0.7,3,7,4.6,6.7,0.7,359,6,4.6,6.7,0.7,359,6,0,29.80,-0.1,0,0,0,45.9,49.0,51.4,0.39,0.41,0.42
KIND,2019-11-08 04:00:00 EST,42.41001,-73.71557,238,26.1,26.8,20.6,78.1,20.2,0.000,0.000,0.00,0.000,4.1,5.3,0.6,13,9,4.5,6.1,0.7,9,8,4.5,6.1,0.7,9,8,0,29.80,-0.0,0,0,0,45.9,48.9,51.4,0.39,0.41,0.42
KIND,2019-11-08 04:05:00 EST,42.41001,-73.71557,238,26.1,26.8,21.2,78.2,20.3,0.000,0.000,0.00,0.000,3.6,4.8,0.5,16,11,4.1,5.7,0.7,12,11,4.1,5.7,0.7,12,11,0,29.80,-0.1,0,0,0,45.7,48.8,51.4,0.39,0.41,0.42
KIND,2019-11-08 04:10:00 EST,42.41001,-73.71557,238,26.1,26.7,21.9,78.8,20.4,0.000,0.000,0.00,0.000,3.2,4.3,0.4,20,10,3.5,5.3,0.5,17,10,3.5,5.3,0.5,17,10,0,29.80,-0.1,0,0,0,45.7,48.8,51.4,0.39,0.41,0.42
KIND,2019-11-08 04:15:00 EST,42.41001,-73.71557,238,26.1,26.7,21.7,78.9,20.4,0.000,0.000,0.00,0.000,3.3,4.9,0.7,32,9,3.6,5.3,0.8,31,9,3.6,5.3,0.8,31,9,0,29.80,0.0,0,0,0,45.7,48.7,51.4,0.39,0.41,0.42
KIND,2019-11-08 04:20:00 EST,42.41001,-73.71557,238,26.2,26.7,22.6,79.0,20.6,0.000,0.000,0.00,0.000,2.8,3.9,0.5,36,8,3.1,4.6,0.5,35,8,3.1,4.6,0.5,35,8,0,29.80,-0.1,0,0,0,45.7,48.7,51.4,0.39,0.41,0.42
KIND,2019-11-08 04:25:00 EST,42.41001,-73.71557,238,26.2,26.6,26.2,78.7,20.4,0.000,0.000,0.00,0.000,2.4,2.9,0.3,25,9,2.6,3.7,0.4,22,10,2.6,3.7,0.4,22,10,0,29.80,-0.1,0,0,0,45.7,48.7,51.4,0.39,0.41,0.42
KIND,2019-11-08 04:30:00 EST,42.41001,-73.71557,238,25.9,26.5,25.9,79.6,20.4,0.000,0.000,0.00,0.000,2.3,3.1,0.4,21,8,2.7,3.5,0.4,18,11,2.7,3.5,0.4,18,11,0,29.80,-0.1,0,0,0,45.6,48.8,51.4,0.39,0.41,0.42
KIND,2019-11-08 04:35:00 EST,42.41001,-73.71557,238,25.7,26.4,25.7,80.6,20.5,0.000,0.000,0.00,0.000,1.9,2.6,0.5,33,7,2.1,2.9,0.4,31,7,2.1,2.9,0.4,31,7,0,29.80,-0.0,0,0,0,45.5,48.6,51.4,0.39,0.41,0.42
KIND,2019-11-08 04:40:00 EST,42.41001,-73.71557,238,25.0,26.1,25.0,81.5,20.2,0.000,0.000,0.00,0.000,1.6,2.2,0.3,43,10,1.9,2.6,0.3,41,10,1.9,2.6,0.3,41,10,0,29.80,0.0,0,0,0,45.5,48.6,51.4,0.39,0.41,0.42
KIND,2019-11-08 04:45:00 EST,42.41001,-73.71557,238,24.8,25.9,24.8,84.2,20.8,0.000,0.000,0.00,0.000,1.4,2.4,0.4,41,10,1.6,2.9,0.3,37,10,1.6,2.9,0.3,37,10,0,29.81,-0.0,0,0,0,45.5,48.7,51.4,0.39,0.41,0.42
KIND,2019-11-08 04:50:00 EST,42.41001,-73.71557,238,24.6,25.4,24.6,87.6,21.5,0.000,0.000,0.00,0.000,1.7,2.6,0.3,38,9,1.9,3.1,0.3,36,8,1.9,3.1,0.3,36,8,0,29.81,-0.0,0,0,0,45.5,48.6,51.4,0.39,0.41,0.42
KIND,2019-11-08 04:55:00 EST,42.41001,-73.71557,238,24.4,25.7,24.4,88.7,21.6,0.000,0.000,0.00,0.000,1.9,2.8,0.3,34,8,2.2,3.4,0.3,33,9,2.2,3.4,0.3,33,9,0,29.81,0.0,0,0,0,45.5,48.6,51.4,0.39,0.41,0.42
KIND,2019-11-08 05:00:00 EST,42.41001,-73.71557,238,24.8,25.4,24.8,86.9,21.5,0.000,0.000,0.00,0.000,1.2,2.3,0.4,45,9,1.5,2.3,0.4,41,10,1.5,2.3,0.4,41,10,0,29.81,0.1,0,0,0,45.5,48.6,51.4,0.39,0.41,0.42
KIND,2019-11-08 05:05:00 EST,42.41001,-73.71557,238,24.8,25.5,24.8,86.5,21.4,0.000,0.000,0.00,0.000,2.0,3.2,0.6,48,11,2.1,3.3,0.6,44,10,2.1,3.3,0.6,44,10,0,29.81,0.0,0,0,0,45.4,48.7,51.4,0.39,0.41,0.42
KIND,2019-11-08 05:10:00 EST,42.41001,-73.71557,238,24.8,25.5,24.8,85.3,21.0,0.000,0.000,0.00,0.000,1.8,2.9,0.4,43,14,1.9,3.1,0.4,40,13,1.9,3.1,0.4,40,13,0,29.81,-0.1,0,0,0,45.3,48.6,51.4,0.39,0.41,0.42
KIND,2019-11-08 05:15:00 EST,42.41001,-73.71557,238,24.0,24.7,24.0,87.1,20.7,0.000,0.000,0.00,0.000,0.7,1.9,0.6,23,16,1.1,2.8,0.8,15,22,1.1,2.8,0.8,15,22,0,29.81,0.1,0,0,0,45.3,48.6,51.4,0.39,0.41,0.42
KIND,2019-11-08 05:20:00 EST,42.41001,-73.71557,238,24.4,24.9,24.4,88.1,21.4,0.000,0.000,0.00,0.000,1.7,2.8,0.4,17,13,2.1,3.6,0.5,14,14,2.1,3.6,0.5,14,14,0,29.81,-0.0,0,0,0,45.3,48.6,51.4,0.39,0.41,0.42
KIND,2019-11-08 05:25:00 EST,42.41001,-73.71557,238,24.4,25.2,20.5,87.4,21.2,0.000,0.000,0.00,0.000,2.8,3.8,0.5,20,7,3.1,4.5,0.5,17,8,3.1,4.5,0.5,17,8,0,29.82,0.0,0,0,0,45.3,48.7,51.4,0.39,0.41,0.42
KIND,2019-11-08 05:30:00 EST,42.41001,-73.71557,238,24.5,25.2,20.8,87.7,21.4,0.000,0.000,0.00,0.000,2.6,3.8,0.5,14,8,3.0,4.3,0.6,11,8,3.0,4.3,0.6,11,8,0,29.82,-0.0,0,0,0,45.1,48.6,51.4,0.39,0.41,0.42
KIND,2019-11-08 05:35:00 EST,42.41001,-73.71557,238,24.4,25.1,19.7,86.3,20.9,0.000,0.000,0.00,0.000,3.3,4.4,0.6,10,8,3.7,5.1,0.7,5,8,3.7,5.1,0.7,5,8,0,29.82,0.0,0,0,0,45.1,48.6,51.4,0.39,0.41,0.42
KIND,2019-11-08 05:40:00 EST,42.41001,-73.71557,238,24.4,25.2,19.2,85.4,20.7,0.000,0.000,0.00,0.000,3.6,6.2,0.9,5,14,4.1,6.9,0.9,2,11,4.1,6.9,0.9,2,11,0,29.82,0.1,0,0,0,45.1,48.6,51.4,0.39,0.41,0.42
KIND,2019-11-08 05:45:00 EST,42.41001,-73.71557,238,24.4,25.3,18.9,85.2,20.6,0.000,0.000,0.00,0.000,3.8,7.4,0.9,354,17,4.3,7.7,1.0,352,12,4.3,7.7,1.0,352,12,0,29.82,0.1,0,0,0,45.1,48.6,51.4,0.39,0.41,0.42
KIND,2019-11-08 05:50:00 EST,42.41001,-73.71557,238,24.6,25.4,18.3,84.8,20.7,0.000,0.000,0.00,0.000,4.5,7.0,0.8,337,10,5.1,7.3,0.9,336,10,5.1,7.3,0.9,336,10,0,29.82,0.1,0,0,0,45.1,48.6,51.4,0.39,0.41,0.42
KIND,2019-11-08 05:55:00 EST,42.41001,-73.71557,238,24.9,25.6,16.9,83.4,20.6,0.000,0.000,0.00,0.000,6.4,9.6,1.0,334,8,7.1,10.0,1.1,333,9,7.1,10.0,1.1,333,9,0,29.83,0.1,0,0,0,45.0,48.6,51.4,0.38,0.41,0.42
KIND,2019-11-08 06:00:00 EST,42.41001,-73.71557,238,25.2,25.8,17.5,82.1,20.5,0.000,0.000,0.00,0.000,6.2,9.0,1.3,327,10,6.8,9.7,1.3,325,12,6.8,9.7,1.3,325,12,0,29.83,0.0,0,0,0,45.0,48.6,51.4,0.38,0.41,0.42
KIND,2019-11-08 06:05:00 EST,42.41001,-73.71557,238,25.6,26.2,17.4,81.6,20.7,0.000,0.000,0.00,0.000,6.9,10.0,1.1,322,10,7.5,10.8,1.1,320,10,7.5,10.8,1.1,320,10,0,29.83,0.1,0,0,0,45.0,48.6,51.4,0.38,0.41,0.42
KIND,2019-11-08 06:10:00 EST,42.41001,-73.71557,238,25.7,26.2,17.9,80.2,20.5,0.000,0.000,0.00,0.000,6.7,10.6,1.3,327,8,7.1,11.0,1.3,325,8,7.1,11.0,1.3,325,8,0,29.83,0.0,0,0,0,45.0,48.6,51.4,0.38,0.41,0.42
KIND,2019-11-08 06:15:00 EST,42.41001,-73.71557,238,25.5,26.2,18.2,80.9,20.5,0.000,0.000,0.00,0.000,5.8,8.0,0.8,324,9,6.4,8.5,0.9,322,9,6.4,8.5,0.9,322,9,0,29.83,0.0,0,0,0,44.9,48.6,51.4,0.38,0.41,0.42
KIND,2019-11-08 06:20:00 EST,42.41001,-73.71557,238,25.6,26.3,17.6,80.8,20.6,0.000,0.000,0.00,0.000,6.8,9.7,1.2,321,9,7.3,10.5,1.2,319,9,7.3,10.5,1.2,319,9,0,29.83,0.1,0,0,0,44.8,48.6,51.4,0.38,0.41,0.42
KIND,2019-11-08 06:25:00 EST,42.41001,-73.71557,238,25.8,26.3,17.9,79.9,20.4,0.000,0.000,0.00,0.000,6.6,8.0,0.9,322,8,7.2,8.8,0.9,319,8,7.2,8.8,0.9,319,8,0,29.83,0.1,0,0,0,44.8,48.6,51.4,0.38,0.41,0.42
KIND,2019-11-08 06:30:00 EST,42.41001,-73.71557,238,25.6,26.2,18.4,80.4,20.4,0.000,0.000,0.00,0.000,5.7,7.9,0.8,320,8,6.2,8.6,0.9,317,7,6.2,8.6,0.9,317,7,1,29.83,0.0,0,0,0,44.8,48.6,51.4,0.38,0.41,0.42
KIND,2019-11-08 06:35:00 EST,42.41001,-73.71557,238,25.4,26.1,18.7,80.3,20.1,0.000,0.000,0.00,0.000,5.1,7.5,1.0,313,9,5.6,8.2,1.1,310,7,5.6,8.2,1.1,310,7,3,29.84,0.1,0,0,0,44.8,48.6,51.4,0.38,0.41,0.42
KIND,2019-11-08 06:40:00 EST,42.41001,-73.71557,238,25.5,26.2,18.8,80.0,20.2,0.000,0.000,0.00,0.000,5.2,7.5,1.0,323,8,5.7,8.0,1.0,320,9,5.7,8.0,1.0,320,9,6,29.84,0.0,0,0,0,44.8,48.6,51.4,0.38,0.41,0.42
KIND,2019-11-08 06:45:00 EST,42.41001,-73.71557,238,25.5,26.1,18.4,79.0,19.9,0.000,0.000,0.00,0.000,5.6,8.2,1.5,328,10,6.1,9.5,1.6,326,10,6.1,9.5,1.6,326,10,9,29.84,0.1,0,0,0,44.8,48.6,51.4,0.38,0.41,0.42
KIND,2019-11-08 06:50:00 EST,42.41001,-73.71557,238,25.6,26.2,18.3,77.6,19.5,0.000,0.000,0.00,0.000,5.8,8.2,1.1,329,9,6.4,8.7,1.1,327,8,6.4,8.7,1.1,327,8,12,29.84,0.1,0,0,0,44.7,48.6,51.4,0.38,0.41,0.42
KIND,2019-11-08 06:55:00 EST,42.41001,-73.71557,238,25.5,26.2,18.3,78.5,19.7,0.000,0.000,0.00,0.000,5.7,7.5,0.6,330,6,6.2,8.3,0.6,328,6,6.2,8.3,0.6,328,6,16,29.85,0.1,0,0,0,44.6,48.6,51.4,0.38,0.41,0.42
KIND,2019-11-08 07:00:00 EST,42.41001,-73.71557,238,25.4,26.1,18.3,78.8,19.7,0.000,0.000,0.00,0.000,5.6,6.9,0.7,329,6,6.1,7.6,0.8,328,6,6.1,7.6,0.8,328,6,22,29.85,0.1,0,0,0,44.6,48.6,51.4,0.38,0.41,0.42
KIND,2019-11-08 07:05:00 EST,42.41001,-73.71557,238,25.6,26.1,18.4,79.0,20.0,0.000,0.000,0.00,0.000,5.7,7.2,0.8,327,6,6.3,8.0,0.7,326,6,6.3,8.0,0.7,326,6,29,29.85,0.1,0,0,0,44.6,48.6,51.4,0.38,0.41,0.42
KIND,2019-11-08 07:10:00 EST,42.41001,-73.71557,238,25.9,26.2,19.1,78.6,20.1,0.000,0.000,0.00,0.000,5.5,7.6,0.9,325,7,5.8,7.6,0.9,323,6,5.8,7.6,0.9,323,6,39,29.86,0.1,0,0,0,44.6,48.5,51.4,0.38,0.41,0.42
KIND,2019-11-08 07:15:00 EST,42.41001,-73.71557,238,25.9,26.2,20.7,78.9,20.3,0.000,0.000,0.00,0.000,3.9,6.0,1.0,324,11,4.3,6.5,1.0,320,11,4.3,6.5,1.0,320,11,44,29.86,0.1,0,0,0,44.6,48.6,51.4,0.38,0.41,0.42
KIND,2019-11-08 07:20:00 EST,42.41001,-73.71557,238,25.7,26.1,21.1,79.4,20.2,0.000,0.000,0.00,0.000,3.5,4.8,0.7,305,14,3.8,5.9,0.7,303,12,3.8,5.9,0.7,303,12,27,29.86,0.1,0,0,0,44.6,48.5,51.4,0.38,0.41,0.42
KIND,2019-11-08 07:25:00 EST,42.41001,-73.71557,238,25.9,26.2,18.3,77.8,19.9,0.000,0.000,0.00,0.000,6.1,12.8,2.5,312,15,6.8,14.1,2.8,309,16,6.8,14.1,2.8,309,16,29,29.87,0.2,0,0,0,44.6,48.4,51.4,0.38,0.41,0.42
KIND,2019-11-08 07:30:00 EST,42.41001,-73.71557,238,26.2,26.4,17.0,74.8,19.3,0.000,0.000,0.00,0.000,8.5,12.9,2.3,326,15,9.2,13.6,2.2,324,15,9.2,13.6,2.2,324,15,37,29.87,0.2,0,0,0,44.6,48.5,51.4,0.38,0.41,0.42
KIND,2019-11-08 07:35:00 EST,42.41001,-73.71557,238,26.6,26.6,16.8,71.1,18.5,0.000,0.000,0.00,0.000,9.8,16.1,2.3,330,8,10.3,16.3,2.4,328,8,10.3,16.3,2.4,328,8,54,29.87,0.2,0,0,0,44.6,48.5,51.4,0.38,0.41,0.42
KIND,2019-11-08 07:40:00 EST,42.41001,-73.71557,238,26.8,26.8,17.2,69.2,18.0,0.000,0.000,0.00,0.000,9.5,13.3,1.6,322,12,10.1,14.7,1.7,320,11,10.1,14.7,1.7,320,11,60,29.87,0.1,0,0,0,44.6,48.4,51.4,0.38,0.41,0.42
KIND,2019-11-08 07:45:00 EST,42.41001,-73.71557,238,26.9,26.8,17.6,69.8,18.3,0.000,0.000,0.00,0.000,9.0,14.0,1.6,327,8,9.5,14.5,1.7,325,9,9.5,14.5,1.7,325,9,73,29.87,0.1,0,0,0,44.5,48.4,51.4,0.38,0.41,0.42
KIND,2019-11-08 07:50:00 EST,42.41001,-73.71557,238,27.0,26.9,16.3,67.8,17.8,0.000,0.000,0.00,0.000,11.9,18.1,2.3,327,10,12.3,18.3,2.4,326,9,12.3,18.3,2.4,326,9,71,29.88,0.1,0,0,0,44.5,48.4,51.4,0.38,0.41,0.42
KIND,2019-11-08 07:55:00 EST,42.41001,-73.71557,238,27.1,27.0,15.9,66.6,17.5,0.000,0.000,0.00,0.000,13.0,19.1,2.3,326,8,13.7,19.7,2.4,323,8,13.7,19.7,2.4,323,8,85,29.88,0.2,0,0,0,44.4,48.4,51.4,0.38,0.41,0.42
KIND,2019-11-08 08:00:00 EST,42.41001,-73.71557,238,27.2,27.0,16.7,65.5,17.2,0.000,0.000,0.00,0.000,11.5,16.0,2.1,327,12,12.2,17.3,2.1,325,11,12.2,17.3,2.1,325,11,136,29.88,0.2,0,0,0,44.4,48.4,51.4,0.38,0.41,0.42
KIND,2019-11-08 08:05:00 EST,42.41001,-73.71557,238,27.9,27.4,17.6,66.3,18.1,0.000,0.000,0.00,0.000,11.0,15.6,2.1,314,11,11.9,15.8,1.9,310,10,11.9,15.8,1.9,310,10,235,29.88,0.1,0,0,0,44.4,48.5,51.4,0.38,0.41,0.42
KIND,2019-11-08 08:10:00 EST,42.41001,-73.71557,238,28.0,27.5,17.4,64.5,17.6,0.000,0.000,0.00,0.000,12.0,18.0,2.3,318,15,12.9,18.7,2.3,315,15,12.9,18.7,2.3,315,15,224,29.88,0.1,0,0,0,44.4,48.4,51.4,0.38,0.41,0.42
KIND,2019-11-08 08:15:00 EST,42.41001,-73.71557,238,27.7,27.4,16.9,63.9,17.1,0.000,0.000,0.00,0.000,12.1,17.8,2.7,305,15,13.0,20.4,2.8,301,14,13.0,20.4,2.8,301,14,138,29.88,0.1,0,0,0,44.4,48.4,51.4,0.38,0.41,0.42
KIND,2019-11-08 08:20:00 EST,42.41001,-73.71557,238,27.7,27.4,17.1,63.9,17.1,0.000,0.000,0.00,0.000,11.8,17.7,2.2,311,11,12.6,19.0,2.2,309,11,12.6,19.0,2.2,309,11,172,29.88,0.2,0,0,0,44.4,48.4,51.4,0.38,0.41,0.42
KIND,2019-11-08 08:25:00 EST,42.41001,-73.71557,238,28.1,27.6,17.1,62.8,17.0,0.000,0.000,0.00,0.000,13.0,20.8,3.5,308,11,13.7,21.8,3.6,304,10,13.7,21.8,3.6,304,10,243,29.88,0.1,0,0,0,44.4,48.4,51.4,0.38,0.41,0.42
KIND,2019-11-08 08:30:00 EST,42.41001,-73.71557,238,28.2,27.7,16.6,61.4,16.6,0.000,0.000,0.00,0.000,14.6,19.8,2.9,310,13,15.3,21.1,2.9,306,13,15.3,21.1,2.9,306,13,240,29.88,0.2,0,0,0,44.4,48.4,51.4,0.38,0.41,0.42
KIND,2019-11-08 08:35:00 EST,42.41001,-73.71557,238,28.2,27.8,17.1,61.3,16.6,0.000,0.000,0.00,0.000,13.5,19.9,2.5,316,13,14.1,23.5,2.7,313,14,14.1,23.5,2.7,313,14,227,29.89,0.1,0,0,0,44.4,48.4,51.4,0.38,0.41,0.42
KIND,2019-11-08 08:40:00 EST,42.41001,-73.71557,238,28.3,27.8,16.9,59.9,16.1,0.000,0.000,0.00,0.000,14.2,24.4,3.9,310,16,15.0,25.0,4.0,306,14,15.0,25.0,4.0,306,14,278,29.89,0.1,0,0,0,44.4,48.4,51.3,0.38,0.41,0.42
KIND,2019-11-08 08:45:00 EST,42.41001,-73.71557,238,28.4,27.9,17.0,59.6,16.1,0.000,0.000,0.00,0.000,14.3,23.0,2.6,319,16,15.1,23.5,2.7,315,17,15.1,23.5,2.7,315,17,265,29.89,0.2,0,0,0,44.4,48.3,51.3,0.38,0.41,0.42
KIND,2019-11-08 08:50:00 EST,42.41001,-73.71557,238,28.5,27.9,16.5,59.1,16.0,0.000,0.000,0.00,0.000,15.8,22.1,2.3,329,9,16.6,24.2,2.4,327,9,16.6,24.2,2.4,327,9,289,29.89,0.1,0,0,0,44.5,48.4,51.3,0.38,0.41,0.42
KIND,2019-11-08 08:55:00 EST,42.41001,-73.71557,238,28.4,27.9,17.4,59.6,16.2,0.000,0.000,0.00,0.000,13.3,19.4,2.9,337,15,14.2,21.1,2.9,336,12,14.2,21.1,2.9,336,12,218,29.89,0.1,0,0,0,44.5,48.3,51.3,0.38,0.41,0.42
KIND,2019-11-08 09:00:00 EST,42.41001,-73.71557,238,28.5,27.9,16.3,59.4,16.2,0.000,0.000,0.00,0.000,16.6,25.0,2.5,330,12,17.4,25.2,2.6,328,11,17.4,25.2,2.6,328,11,301,29.89,0.1,0,0,0,44.5,48.4,51.3,0.38,0.41,0.42
KIND,2019-11-08 09:05:00 EST,42.41001,-73.71557,238,28.9,28.2,17.1,60.0,16.7,0.000,0.000,0.00,0.000,15.8,22.5,3.5,323,11,16.3,24.3,3.4,321,11,16.3,24.3,3.4,321,11,325,29.89,0.2,0,0,0,44.6,48.3,51.3,0.38,0.41,0.42
KIND,2019-11-08 09:10:00 EST,42.41001,-73.71557,238,28.9,28.2,16.4,60.4,16.9,0.000,0.000,0.00,0.000,17.4,26.2,3.4,313,14,18.3,26.7,3.3,311,15,18.3,26.7,3.3,311,15,263,29.89,0.1,0,0,0,44.6,48.3,51.3,0.38,0.41,0.42
KIND,2019-11-08 09:15:00 EST,42.41001,-73.71557,238,28.8,28.0,15.7,60.6,16.9,0.000,0.000,0.00,0.000,19.6,29.8,3.9,318,11,20.3,31.2,3.9,314,11,20.3,31.2,3.9,314,11,338,29.90,0.2,0,0,0,44.6,48.3,51.3,0.38,0.41,0.42
KIND,2019-11-08 09:20:00 EST,42.41001,-73.71557,238,29.0,28.1,16.2,60.8,17.2,0.000,0.000,0.00,0.000,18.7,28.1,3.4,313,8,19.5,28.3,3.4,310,8,19.5,28.3,3.4,310,8,347,29.90,0.1,0,0,0,44.6,48.3,51.3,0.38,0.41,0.42
KIND,2019-11-08 09:25:00 EST,42.41001,-73.71557,238,28.8,28.1,16.0,60.3,16.8,0.000,0.000,0.00,0.000,18.3,25.5,3.5,311,12,19.2,26.8,3.7,307,12,19.2,26.8,3.7,307,12,280,29.90,0.1,0,0,0,44.6,48.2,51.3,0.38,0.41,0.42
KIND,2019-11-08 09:30:00 EST,42.41001,-73.71557,238,29.0,28.2,17.0,60.9,17.1,0.000,0.000,0.00,0.000,16.3,23.6,2.5,312,11,16.8,24.2,2.5,309,11,16.8,24.2,2.5,309,11,309,29.90,0.1,0,0,0,44.6,48.2,51.3,0.38,0.42,0.42
KIND,2019-11-08 09:35:00 EST,42.41001,-73.71557,238,29.2,28.3,17.2,59.4,16.8,0.000,0.000,0.00,0.000,16.7,22.6,2.5,317,15,17.2,23.6,2.5,314,15,17.2,23.6,2.5,314,15,396,29.90,0.1,0,0,0,44.6,48.2,51.3,0.38,0.41,0.42
KIND,2019-11-08 09:40:00 EST,42.41001,-73.71557,238,29.3,28.3,16.4,59.2,16.8,0.000,0.000,0.00,0.000,19.2,27.1,3.0,327,10,20.0,28.8,3.0,325,10,20.0,28.8,3.0,325,10,385,29.90,0.2,0,0,0,44.6,48.2,51.3,0.38,0.41,0.42
KIND,2019-11-08 09:45:00 EST,42.41001,-73.71557,238,29.7,28.7,17.4,60.4,17.7,0.000,0.000,0.00,0.000,18.0,24.3,3.3,325,11,18.9,24.1,3.1,321,11,18.9,24.1,3.1,321,11,418,29.90,0.0,0,0,0,44.6,48.2,51.3,0.38,0.41,0.42
KIND,2019-11-08 09:50:00 EST,42.41001,-73.71557,238,29.6,28.5,17.6,59.1,17.0,0.000,0.000,0.00,0.000,16.7,22.7,2.6,328,8,17.3,22.9,2.5,326,7,17.3,22.9,2.5,326,7,428,29.90,0.2,0,0,0,44.6,48.2,51.3,0.38,0.41,0.42
KIND,2019-11-08 09:55:00 EST,42.41001,-73.71557,238,29.7,28.7,17.1,58.2,16.8,0.000,0.000,0.00,0.000,18.9,25.5,3.0,325,13,19.6,25.6,2.9,322,13,19.6,25.6,2.9,322,13,383,29.90,0.1,0,0,0,44.6,48.2,51.3,0.38,0.41,0.42
KIND,2019-11-08 10:00:00 EST,42.41001,-73.71557,238,29.8,28.7,17.5,58.3,17.0,0.000,0.000,0.00,0.000,18.0,24.0,3.0,322,11,18.7,26.4,3.0,319,11,18.7,26.4,3.0,319,11,437,29.90,0.2,0,0,0,44.6,48.2,51.3,0.38,0.41,0.42
KIND,2019-11-08 10:05:00 EST,42.41001,-73.71557,238,29.9,28.7,17.4,58.0,16.9,0.000,0.000,0.00,0.000,18.9,26.4,3.3,323,11,19.6,27.3,3.1,320,10,19.6,27.3,3.1,320,10,441,29.90,0.2,0,0,0,44.6,48.2,51.3,0.38,0.41,0.42
KIND,2019-11-08 10:10:00 EST,42.41001,-73.71557,238,30.0,28.9,17.9,56.7,16.5,0.000,0.000,0.00,0.000,17.5,23.9,2.8,328,8,18.3,24.4,2.9,324,7,18.3,24.4,2.9,324,7,460,29.90,-0.0,0,0,0,44.7,48.2,51.3,0.38,0.41,0.42
KIND,2019-11-08 10:15:00 EST,42.41001,-73.71557,238,30.2,29.1,17.8,56.5,16.6,0.000,0.000,0.00,0.000,18.8,25.9,2.9,319,13,19.5,27.3,3.0,316,12,19.5,27.3,3.0,316,12,466,29.90,0.1,0,0,0,44.8,48.2,51.3,0.38,0.42,0.42
KIND,2019-11-08 10:20:00 EST,42.41001,-73.71557,238,30.7,29.4,18.7,56.4,17.0,0.000,0.000,0.00,0.000,17.9,28.1,3.8,316,9,18.6,29.3,3.8,313,9,18.6,29.3,3.8,313,9,467,29.91,0.2,0,0,0,44.8,48.2,51.3,0.38,0.41,0.42
KIND,2019-11-08 10:25:00 EST,42.41001,-73.71557,238,30.8,29.5,18.8,56.0,16.9,0.000,0.000,0.00,0.000,17.8,23.5,2.6,322,14,18.7,25.3,2.8,319,14,18.7,25.3,2.8,319,14,483,29.91,0.1,0,0,0,44.8,48.2,51.3,0.38,0.41,0.42
KIND,2019-11-08 10:30:00 EST,42.41001,-73.71557,238,30.7,29.4,18.6,55.2,16.5,0.000,0.000,0.00,0.000,18.0,25.4,3.5,323,11,18.8,29.1,3.6,320,11,18.8,29.1,3.6,320,11,456,29.91,0.2,0,0,0,44.8,48.2,51.3,0.38,0.41,0.42
KIND,2019-11-08 10:35:00 EST,42.41001,-73.71557,238,31.0,29.6,19.0,54.7,16.6,0.000,0.000,0.00,0.000,17.9,22.3,2.2,329,10,18.8,23.8,2.3,327,11,18.8,23.8,2.3,327,11,491,29.91,0.1,0,0,0,44.8,48.2,51.3,0.38,0.41,0.42
KIND,2019-11-08 10:40:00 EST,42.41001,-73.71557,238,31.0,29.6,18.9,53.8,16.2,0.000,0.000,0.00,0.000,18.6,25.2,3.3,336,12,19.3,28.4,3.5,333,12,19.3,28.4,3.5,333,12,495,29.91,0.1,0,0,0,44.8,48.2,51.3,0.38,0.41,0.42
KIND,2019-11-08 10:45:00 EST,42.41001,-73.71557,238,31.1,29.9,19.4,54.1,16.5,0.000,0.000,0.00,0.000,17.3,25.1,3.4,337,12,18.3,25.8,3.4,336,13,18.3,25.8,3.4,336,13,338,29.91,-0.1,0,0,0,44.9,48.2,51.3,0.38,0.41,0.42
KIND,2019-11-08 10:50:00 EST,42.41001,-73.71557,238,30.8,29.7,19.3,53.8,16.0,0.000,0.000,0.00,0.000,16.1,22.8,3.6,338,11,17.1,24.5,3.4,336,10,17.1,24.5,3.4,336,10,447,29.91,0.0,0,0,0,44.9,48.2,51.3,0.38,0.41,0.42
KIND,2019-11-08 10:55:00 EST,42.41001,-73.71557,238,31.2,30.0,19.4,53.7,16.3,0.000,0.000,0.00,0.000,17.5,22.2,2.3,331,14,18.3,24.1,2.5,330,12,18.3,24.1,2.5,330,12,512,29.91,0.1,0,0,0,45.0,48.2,51.3,0.38,0.42,0.42
KIND,2019-11-08 11:00:00 EST,42.41001,-73.71557,238,31.4,30.2,20.1,52.8,16.1,0.000,0.000,0.00,0.000,15.9,22.1,2.8,336,12,16.9,23.2,2.8,334,13,16.9,23.2,2.8,334,13,349,29.90,-0.0,0,0,0,45.0,48.1,51.3,0.38,0.41,0.42
KIND,2019-11-08 11:05:00 EST,42.41001,-73.71557,238,31.3,30.3,19.8,53.9,16.5,0.000,0.000,0.00,0.000,16.5,24.1,3.5,330,11,17.4,26.0,3.4,328,10,17.4,26.0,3.4,328,10,432,29.91,0.1,0,0,0,45.0,48.0,51.3,0.38,0.41,0.42
KIND,2019-11-08 11:10:00 EST,42.41001,-73.71557,238,31.4,30.2,19.6,52.8,16.2,0.000,0.000,0.00,0.000,17.8,23.3,2.8,337,12,18.8,24.2,2.8,334,11,18.8,24.2,2.8,334,11,459,29.90,0.1,0,0,0,45.0,48.1,51.3,0.38,0.42,0.42
KIND,2019-11-08 11:15:00 EST,42.41001,-73.71557,238,32.0,30.9,21.3,53.4,16.9,0.000,0.000,0.00,0.000,14.7,21.0,2.8,332,16,15.7,23.4,3.0,331,16,15.7,23.4,3.0,331,16,298,29.90,-0.2,0,0,0,45.1,48.1,51.3,0.38,0.41,0.42
KIND,2019-11-08 11:20:00 EST,42.41001,-73.71557,238,31.1,30.3,20.6,54.4,16.6,0.000,0.000,0.00,0.000,13.9,19.9,2.6,323,14,14.7,21.2,2.5,320,14,14.7,21.2,2.5,320,14,337,29.90,0.2,0,0,0,45.1,48.1,51.3,0.38,0.41,0.42
KIND,2019-11-08 11:25:00 EST,42.41001,-73.71557,238,31.5,30.6,20.4,54.5,17.0,0.000,0.000,0.00,0.000,15.8,22.5,3.5,332,12,16.8,24.6,3.6,329,11,16.8,24.6,3.6,329,11,206,29.91,-0.1,0,0,0,45.1,48.1,51.3,0.38,0.42,0.42
KIND,2019-11-08 11:30:00 EST,42.41001,-73.71557,238,31.4,30.5,20.2,52.7,16.1,0.000,0.000,0.00,0.000,16.2,25.0,2.7,330,11,16.8,25.2,3.0,327,11,16.8,25.2,3.0,327,11,487,29.90,0.2,0,0,0,45.1,48.1,51.3,0.38,0.42,0.42
KIND,2019-11-08 11:35:00 EST,42.41001,-73.71557,238,31.7,30.8,20.5,53.5,16.8,0.000,0.000,0.00,0.000,16.3,24.8,3.5,317,10,17.1,25.2,3.4,314,9,17.1,25.2,3.4,314,9,224,29.90,-0.1,0,0,0,45.1,48.0,51.3,0.38,0.41,0.42
KIND,2019-11-08 11:40:00 EST,42.41001,-73.71557,238,31.4,30.5,20.1,53.3,16.3,0.000,0.000,0.00,0.000,16.4,21.8,2.7,319,11,17.0,23.0,2.8,316,12,17.0,23.0,2.8,316,12,427,29.90,0.1,0,0,0,45.1,48.1,51.3,0.38,0.41,0.42
KIND,2019-11-08 11:45:00 EST,42.41001,-73.71557,238,32.7,31.4,21.3,51.9,16.9,0.000,0.000,0.00,0.000,17.9,26.8,3.9,313,13,18.7,28.6,4.1,310,13,18.7,28.6,4.1,310,13,501,29.90,-0.1,0,0,0,45.1,48.0,51.3,0.38,0.42,0.42
KIND,2019-11-08 11:50:00 EST,42.41001,-73.71557,238,31.7,30.9,19.9,49.5,15.0,0.000,0.000,0.00,0.000,18.2,24.3,2.4,305,10,19.0,26.1,2.6,301,8,19.0,26.1,2.6,301,8,249,29.90,-0.1,0,0,0,45.1,48.1,51.3,0.38,0.42,0.42
KIND,2019-11-08 11:55:00 EST,42.41001,-73.71557,238,32.2,31.1,21.0,50.9,16.0,0.000,0.000,0.00,0.000,17.1,25.1,3.3,313,8,17.6,26.7,3.3,310,7,17.6,26.7,3.3,310,7,499,29.90,-0.0,0,0,0,45.2,48.0,51.3,0.38,0.42,0.42
KIND,2019-11-08 12:00:00 EST,42.41001,-73.71557,238,32.5,31.4,21.6,48.5,15.2,0.000,0.000,0.00,0.000,15.9,22.6,3.7,323,13,16.6,23.4,3.7,320,13,16.6,23.4,3.7,320,13,346,29.89,-0.0,0,0,0,45.3,48.1,51.3,0.38,0.41,0.42
KIND,2019-11-08 12:05:00 EST,42.41001,-73.71557,238,31.9,31.2,20.9,48.8,14.8,0.000,0.000,0.00,0.000,15.9,23.0,3.1,319,17,16.7,23.7,3.2,316,17,16.7,23.7,3.2,316,17,237,29.90,-0.0,0,0,0,45.3,47.9,51.3,0.38,0.42,0.42
KIND,2019-11-08 12:10:00 EST,42.41001,-73.71557,238,31.5,30.9,20.8,50.2,15.1,0.000,0.000,0.00,0.000,14.6,19.5,2.5,322,11,15.3,21.0,2.6,320,11,15.3,21.0,2.6,320,11,161,29.89,-0.0,0,0,0,45.3,48.1,51.3,0.38,0.41,0.42
KIND,2019-11-08 12:15:00 EST,42.41001,-73.71557,238,31.5,31.0,20.7,50.1,15.0,0.000,0.000,0.00,0.000,14.9,20.5,2.3,318,13,15.7,22.1,2.4,315,14,15.7,22.1,2.4,315,14,213,29.89,-0.0,0,0,0,45.3,48.0,51.3,0.38,0.41,0.42
KIND,2019-11-08 12:20:00 EST,42.41001,-73.71557,238,32.5,31.3,21.7,50.3,16.1,0.000,0.000,0.00,0.000,16.0,22.4,2.5,318,9,16.8,24.1,2.6,315,8,16.8,24.1,2.6,315,8,456,29.89,0.1,0,0,0,45.3,48.0,51.3,0.38,0.42,0.42
KIND,2019-11-08 12:25:00 EST,42.41001,-73.71557,238,33.7,32.3,23.8,50.4,17.2,0.000,0.000,0.00,0.000,14.1,24.1,3.1,321,10,14.9,25.9,3.3,319,11,14.9,25.9,3.3,319,11,568,29.89,-0.0,0,0,0,45.3,48.0,51.3,0.38,0.41,0.42
KIND,2019-11-08 12:30:00 EST,42.41001,-73.71557,238,33.2,31.7,22.2,48.4,15.8,0.000,0.000,0.00,0.000,17.5,24.8,2.7,318,7,18.0,25.9,2.9,315,7,18.0,25.9,2.9,315,7,538,29.89,-0.0,0,0,0,45.3,48.1,51.3,0.38,0.42,0.42
KIND,2019-11-08 12:35:00 EST,42.41001,-73.71557,238,32.7,31.6,21.5,49.4,15.8,0.000,0.000,0.00,0.000,17.3,26.2,3.9,327,12,17.9,26.4,4.0,325,12,17.9,26.4,4.0,325,12,213,29.89,-0.1,0,0,0,45.3,48.1,51.3,0.38,0.42,0.42
KIND,2019-11-08 12:40:00 EST,42.41001,-73.71557,238,32.1,31.4,19.9,50.6,15.8,0.000,0.000,0.00,0.000,20.2,30.8,3.9,320,12,20.8,30.1,3.7,317,13,20.8,30.1,3.7,317,13,318,29.89,0.0,0,0,0,45.3,47.9,51.3,0.38,0.42,0.42
KIND,2019-11-08 12:45:00 EST,42.41001,-73.71557,238,32.8,31.3,21.2,51.0,16.7,0.000,0.000,0.00,0.000,18.9,24.3,3.0,319,7,19.7,25.9,3.2,316,7,19.7,25.9,3.2,316,7,503,29.89,0.0,0,0,0,45.3,48.0,51.3,0.38,0.42,0.42
KIND,2019-11-08 12:50:00 EST,42.41001,-73.71557,238,32.9,31.6,22.0,49.2,15.9,0.000,0.000,0.00,0.000,16.6,21.4,2.8,318,15,17.3,22.3,2.8,315,14,17.3,22.3,2.8,315,14,391,29.89,0.1,0,0,0,45.5,48.0,51.3,0.38,0.42,0.42
KIND,2019-11-08 12:55:00 EST,42.41001,-73.71557,238,32.7,31.6,21.2,49.6,15.9,0.000,0.000,0.00,0.000,18.4,24.5,2.0,314,8,19.1,26.0,2.2,311,7,19.1,26.0,2.2,311,7,304,29.89,-0.1,0,0,0,45.5,48.0,51.3,0.38,0.42,0.42
KIND,2019-11-08 13:00:00 EST,42.41001,-73.71557,238,32.3,31.6,21.1,50.0,15.8,0.000,0.000,0.00,0.000,16.9,24.9,4.0,314,9,17.7,26.2,4.0,311,8,17.7,26.2,4.0,311,8,306,29.89,0.1,0,0,0,45.5,48.0,51.3,0.38,0.42,0.42
KIND,2019-11-08 13:05:00 EST,42.41001,-73.71557,238,32.9,32.0,21.7,49.2,15.9,0.000,0.000,0.26,0.000,16.8,29.8,5.7,300,21,18.1,31.9,5.6,296,21,18.1,31.9,5.6,296,21,256,29.89,-0.1,0,0,0,45.5,48.0,51.3,0.38,0.42,0.42
KIND,2019-11-08 13:10:00 EST,42.41001,-73.71557,238,32.3,31.7,20.3,50.7,16.0,0.000,0.000,0.00,0.000,19.3,25.4,2.7,317,9,20.2,25.8,2.7,313,9,20.2,25.8,2.7,313,9,142,29.89,-0.1,0,0,0,45.5,48.1,51.3,0.38,0.42,0.42
KIND,2019-11-08 13:15:00 EST,42.41001,-73.71557,238,31.8,31.3,19.7,52.4,16.4,0.000,0.000,0.00,0.000,19.3,27.6,3.4,323,11,20.0,28.6,3.6,321,12,20.0,28.6,3.6,321,12,155,29.89,-0.1,0,0,0,45.5,48.0,51.3,0.38,0.42,0.42
KIND,2019-11-08 13:20:00 EST,42.41001,-73.71557,238,31.7,31.2,20.6,53.2,16.7,0.000,0.000,0.00,0.000,16.4,24.9,3.8,330,9,16.9,24.7,3.6,328,9,16.9,24.7,3.6,328,9,172,29.89,-0.1,0,0,0,45.5,47.9,51.3,0.38,0.41,0.42
KIND,2019-11-08 13:25:00 EST,42.41001,-73.71557,238,32.3,31.5,21.1,53.6,17.3,0.000,0.000,0.00,0.000,17.0,24.6,4.0,316,10,17.7,28.4,4.1,314,10,17.7,28.4,4.1,314,10,368,29.89,0.0,0,0,0,45.5,48.0,51.3,0.38,0.41,0.42
KIND,2019-11-08 13:30:00 EST,42.41001,-73.71557,238,33.3,32.0,23.2,52.2,17.7,0.000,0.000,0.00,0.000,14.7,20.6,2.2,323,11,15.2,22.5,2.3,321,12,15.2,22.5,2.3,321,12,470,29.89,0.1,0,0,0,45.5,48.0,51.3,0.38,0.41,0.42
KIND,2019-11-08 13:35:00 EST,42.41001,-73.71557,238,33.8,32.3,23.0,49.9,17.1,0.000,0.000,0.00,0.000,17.2,23.9,2.7,321,11,17.9,24.7,2.8,319,12,17.9,24.7,2.8,319,12,480,29.89,-0.1,0,0,0,45.5,48.0,51.3,0.38,0.42,0.42
KIND,2019-11-08 13:40:00 EST,42.41001,-73.71557,238,33.4,32.4,23.3,50.8,17.1,0.000,0.000,0.00,0.000,14.6,19.5,1.9,324,12,15.3,21.1,2.2,321,13,15.3,21.1,2.2,321,13,231,29.89,-0.1,0,0,0,45.5,47.9,51.2,0.38,0.42,0.42
KIND,2019-11-08 13:45:00 EST,42.41001,-73.71557,238,32.9,32.1,22.6,50.5,16.5,0.000,0.000,0.00,0.000,15.1,22.6,2.5,320,11,15.5,21.3,2.4,318,11,15.5,21.3,2.4,318,11,285,29.89,0.1,0,0,0,45.5,48.0,51.2,0.38,0.41,0.42
KIND,2019-11-08 13:50:00 EST,42.41001,-73.71557,238,34.0,32.8,24.2,48.3,16.5,0.000,0.000,0.00,0.000,14.2,22.1,2.6,312,13,14.8,23.2,2.7,308,13,14.8,23.2,2.7,308,13,476,29.89,0.1,0,0,0,45.5,48.0,51.3,0.38,0.41,0.42
KIND,2019-11-08 13:55:00 EST,42.41001,-73.71557,238,34.3,33.1,24.0,47.7,16.5,0.000,0.000,0.00,0.000,16.0,25.0,3.7,318,14,16.7,27.4,3.7,316,15,16.7,27.4,3.7,316,15,249,29.89,-0.2,0,0,0,45.5,48.0,51.3,0.38,0.41,0.42
KIND,2019-11-08 14:00:00 EST,42.41001,-73.71557,238,32.8,32.2,20.7,45.6,14.1,0.000,0.000,0.00,0.000,20.4,31.6,4.8,308,13,21.2,34.2,5.0,306,12,21.2,34.2,5.0,306,12,328,29.89,0.1,0,0,0,45.5,47.9,51.2,0.38,0.41,0.42
KIND,2019-11-08 14:05:00 EST,42.41001,-73.71557,238,33.8,32.5,22.0,45.8,15.1,0.000,0.000,0.00,0.000,20.4,32.2,5.3,312,10,21.4,33.9,5.3,308,9,21.4,33.9,5.3,308,9,509,29.89,0.0,0,0,0,45.5,48.0,51.1,0.37,0.42,0.42
KIND,2019-11-08 14:10:00 EST,42.41001,-73.71557,238,33.9,32.6,22.1,46.0,15.3,0.000,0.000,0.00,0.000,20.8,28.4,3.0,318,13,21.4,30.1,3.2,315,13,21.4,30.1,3.2,315,13,460,29.90,0.1,0,0,0,45.5,48.0,51.1,0.38,0.41,0.42
KIND,2019-11-08 14:15:00 EST,42.41001,-73.71557,238,34.0,32.8,23.3,46.3,15.5,0.000,0.000,0.00,0.000,17.2,24.0,3.3,312,10,17.7,25.8,3.6,308,10,17.7,25.8,3.6,308,10,439,29.90,-0.1,0,0,0,45.5,48.0,51.1,0.37,0.41,0.42
KIND,2019-11-08 14:20:00 EST,42.41001,-73.71557,238,33.7,32.6,23.2,44.9,14.5,0.000,0.000,0.00,0.000,15.9,26.0,3.5,307,13,16.7,26.9,3.7,304,14,16.7,26.9,3.7,304,14,433,29.90,0.2,0,0,0,45.5,47.9,51.1,0.38,0.42,0.42
KIND,2019-11-08 14:25:00 EST,42.41001,-73.71557,238,33.8,32.6,22.1,45.7,15.0,0.000,0.000,0.00,0.000,20.1,28.6,4.7,313,12,21.1,30.1,4.4,310,11,21.1,30.1,4.4,310,11,380,29.90,-0.1,0,0,0,45.5,47.9,51.1,0.37,0.42,0.42
KIND,2019-11-08 14:30:00 EST,42.41001,-73.71557,238,33.3,32.3,22.3,45.8,14.6,0.000,0.000,0.00,0.000,17.1,27.9,5.0,310,13,17.8,29.0,4.8,306,13,17.8,29.0,4.8,306,13,353,29.90,0.0,0,0,0,45.5,48.0,51.1,0.37,0.41,0.42
KIND,2019-11-08 14:35:00 EST,42.41001,-73.71557,238,33.5,32.6,22.1,45.3,14.6,0.000,0.000,0.00,0.000,18.8,31.6,4.5,319,10,19.5,29.7,4.4,316,9,19.5,29.7,4.4,316,9,333,29.90,-0.1,0,0,0,45.5,47.9,51.1,0.37,0.42,0.42
KIND,2019-11-08 14:40:00 EST,42.41001,-73.71557,238,33.3,32.4,22.6,44.8,14.1,0.000,0.000,0.00,0.000,16.1,22.7,2.8,306,12,16.9,24.1,3.1,302,11,16.9,24.1,3.1,302,11,325,29.90,-0.1,0,0,0,45.5,48.0,51.1,0.37,0.42,0.42
KIND,2019-11-08 14:45:00 EST,42.41001,-73.71557,238,33.0,32.3,22.3,44.7,13.8,0.000,0.000,0.00,0.000,15.9,22.4,2.7,308,12,16.8,23.8,2.8,304,11,16.8,23.8,2.8,304,11,309,29.90,0.0,0,0,0,45.5,48.0,51.1,0.37,0.42,0.42
KIND,2019-11-08 14:50:00 EST,42.41001,-73.71557,238,33.3,32.5,22.1,43.4,13.4,0.000,0.000,0.00,0.000,17.7,24.8,3.3,335,15,18.6,25.4,3.5,334,15,18.6,25.4,3.5,334,15,282,29.91,-0.0,0,0,0,45.5,48.0,51.1,0.37,0.41,0.42
KIND,2019-11-08 14:55:00 EST,42.41001,-73.71557,238,32.9,32.2,21.2,43.8,13.2,0.000,0.000,0.00,0.000,19.1,26.4,3.2,325,12,19.7,30.0,3.3,323,11,19.7,30.0,3.3,323,11,255,29.91,-0.0,0,0,0,45.5,48.0,51.1,0.37,0.42,0.42
KIND,2019-11-08 15:00:00 EST,42.41001,-73.71557,238,32.7,32.1,21.0,44.3,13.3,0.000,0.000,0.00,0.000,18.8,30.9,3.3,329,15,19.8,32.0,3.4,325,11,19.8,32.0,3.4,325,11,230,29.91,-0.0,0,0,0,45.5,47.9,51.1,0.37,0.42,0.42
KIND,2019-11-08 15:05:00 EST,42.41001,-73.71557,238,32.2,31.8,20.5,43.8,12.6,0.000,0.000,0.00,0.000,18.0,26.4,3.1,331,11,19.0,28.8,3.2,328,12,19.0,28.8,3.2,328,12,107,29.91,-0.1,0,0,0,45.5,48.0,51.1,0.37,0.41,0.42
KIND,2019-11-08 15:10:00 EST,42.41001,-73.71557,238,31.4,31.3,19.6,42.9,11.4,0.000,0.000,0.00,0.000,18.1,25.6,3.1,327,10,18.8,27.1,3.2,325,11,18.8,27.1,3.2,325,11,100,29.91,0.0,0,0,0,45.5,48.0,51.1,0.37,0.42,0.42
KIND,2019-11-08 15:15:00 EST,42.41001,-73.71557,238,31.7,31.4,20.0,42.8,11.6,0.000,0.000,0.00,0.000,17.9,25.9,3.9,326,11,18.6,27.1,3.8,323,11,18.6,27.1,3.8,323,11,96,29.91,-0.1,0,0,0,45.5,48.0,51.1,0.37,0.42,0.42
KIND,2019-11-08 15:20:00 EST,42.41001,-73.71557,238,31.2,31.2,20.3,43.5,11.6,0.000,0.000,0.00,0.000,14.9,21.8,3.1,313,17,15.8,23.7,3.3,310,17,15.8,23.7,3.3,310,17,57,29.92,-0.1,0,0,0,45.5,48.0,51.1,0.37,0.41,0.42
KIND,2019-11-08 15:25:00 EST,42.41001,-73.71557,238,31.2,31.2,19.8,43.4,11.5,0.000,0.000,0.00,0.000,16.6,25.6,3.5,322,18,17.3,25.6,3.5,320,13,17.3,25.6,3.5,320,13,61,29.92,-0.0,0,0,0,45.5,47.9,51.1,0.37,0.41,0.42
KIND,2019-11-08 15:30:00 EST,42.41001,-73.71557,238,31.3,31.2,20.8,43.1,11.4,0.000,0.000,0.00,0.000,14.0,22.4,3.7,326,13,14.7,24.3,3.9,324,13,14.7,24.3,3.9,324,13,76,29.92,-0.1,0,0,0,45.5,48.0,51.1,0.37,0.42,0.42
KIND,2019-11-08 15:35:00 EST,42.41001,-73.71557,238,31.2,31.2,21.5,43.5,11.5,0.000,0.000,0.00,0.000,11.8,18.0,2.2,313,12,12.6,18.9,2.2,310,12,12.6,18.9,2.2,310,12,48,29.92,-0.1,0,0,0,45.5,48.0,51.1,0.37,0.41,0.42
KIND,2019-11-08 15:40:00 EST,42.41001,-73.71557,238,31.2,31.3,20.4,43.7,11.7,0.000,0.000,0.00,0.000,14.9,23.1,3.3,313,8,15.7,24.8,3.5,311,8,15.7,24.8,3.5,311,8,49,29.92,-0.1,0,0,0,45.5,47.9,51.1,0.37,0.42,0.42
KIND,2019-11-08 15:45:00 EST,42.41001,-73.71557,238,31.1,31.2,20.5,43.7,11.5,0.000,0.000,0.00,0.000,14.0,22.4,4.0,312,13,14.7,25.1,3.9,309,13,14.7,25.1,3.9,309,13,44,29.92,-0.1,0,0,0,45.5,48.0,51.1,0.37,0.42,0.42
KIND,2019-11-08 15:50:00 EST,42.41001,-73.71557,238,31.1,31.1,19.5,42.4,10.8,0.000,0.000,0.00,0.000,16.8,23.1,2.3,329,12,17.6,23.2,2.4,328,10,17.6,23.2,2.4,328,10,36,29.93,-0.1,0,0,0,45.5,47.9,51.1,0.37,0.42,0.42
KIND,2019-11-08 15:55:00 EST,42.41001,-73.71557,238,30.9,31.0,20.2,43.2,11.1,0.000,0.000,0.00,0.000,14.1,21.5,2.7,330,17,15.0,22.2,2.9,328,14,15.0,22.2,2.9,328,14,39,29.93,-0.1,0,0,0,45.5,47.9,51.1,0.37,0.41,0.42
KIND,2019-11-08 16:00:00 EST,42.41001,-73.71557,238,31.0,31.1,20.8,43.3,11.3,0.000,0.000,0.00,0.000,13.0,16.2,1.5,324,9,13.8,17.3,1.7,321,9,13.8,17.3,1.7,321,9,52,29.93,-0.1,0,0,0,45.5,47.9,51.1,0.37,0.42,0.42
KIND,2019-11-08 16:05:00 EST,42.41001,-73.71557,238,31.1,31.2,20.6,44.3,11.9,0.000,0.000,0.00,0.000,13.9,19.9,2.5,316,14,14.7,21.1,2.5,313,13,14.7,21.1,2.5,313,13,61,29.93,-0.1,0,0,0,45.4,47.9,51.1,0.37,0.41,0.42
KIND,2019-11-08 16:10:00 EST,42.41001,-73.71557,238,31.2,31.3,21.1,43.3,11.4,0.000,0.000,0.00,0.000,13.1,17.1,2.0,315,10,13.6,18.4,2.1,312,9,13.6,18.4,2.1,312,9,53,29.93,-0.1,0,0,0,45.3,47.9,51.1,0.37,0.42,0.42
KIND,2019-11-08 16:15:00 EST,42.41001,-73.71557,238,30.9,31.1,20.2,43.7,11.4,0.000,0.000,0.00,0.000,14.2,21.6,3.3,318,14,14.8,23.0,3.4,316,14,14.8,23.0,3.4,316,14,23,29.93,-0.0,0,0,0,45.3,47.9,51.1,0.37,0.42,0.42
KIND,2019-11-08 16:20:00 EST,42.41001,-73.71557,238,30.9,31.0,19.7,43.6,11.3,0.000,0.000,0.00,0.000,15.5,22.3,2.7,317,9,16.1,24.5,2.7,314,9,16.1,24.5,2.7,314,9,19,29.93,-0.1,0,0,0,45.3,47.9,51.1,0.37,0.42,0.42
KIND,2019-11-08 16:25:00 EST,42.41001,-73.71557,238,30.7,30.9,21.0,44.7,11.7,0.000,0.000,0.00,0.000,11.8,15.3,1.5,321,8,12.3,18.0,1.8,318,8,12.3,18.0,1.8,318,8,16,29.94,-0.1,0,0,0,45.3,47.9,51.1,0.37,0.42,0.42
KIND,2019-11-08 16:30:00 EST,42.41001,-73.71557,238,30.6,30.9,19.3,44.0,11.3,0.000,0.000,0.00,0.000,15.9,21.0,2.3,320,10,16.5,22.1,2.2,317,10,16.5,22.1,2.2,317,10,13,29.94,-0.1,0,0,0,45.3,48.0,51.1,0.37,0.41,0.42
KIND,2019-11-08 16:35:00 EST,42.41001,-73.71557,238,30.5,30.8,19.3,44.2,11.3,0.000,0.000,0.00,0.000,15.4,21.1,2.2,315,14,16.2,22.3,2.2,314,15,16.2,22.3,2.2,314,15,10,29.94,-0.1,0,0,0,45.3,47.9,51.1,0.37,0.42,0.42
KIND,2019-11-08 16:40:00 EST,42.41001,-73.71557,238,30.6,30.8,19.2,44.0,11.2,0.000,0.000,0.00,0.000,15.6,21.1,2.4,316,9,16.5,22.9,2.5,312,8,16.5,22.9,2.5,312,8,7,29.94,-0.1,0,0,0,45.3,47.9,51.1,0.37,0.41,0.42
KIND,2019-11-08 16:45:00 EST,42.41001,-73.71557,238,30.4,30.7,19.1,45.0,11.6,0.000,0.000,0.00,0.000,15.6,20.8,2.8,317,12,16.5,22.5,3.1,313,14,16.5,22.5,3.1,313,14,5,29.94,-0.0,0,0,0,45.2,47.9,51.1,0.37,0.42,0.42
KIND,2019-11-08 16:50:00 EST,42.41001,-73.71557,238,30.6,30.9,19.3,45.0,11.7,0.000,0.000,0.00,0.000,15.6,21.6,2.5,317,10,16.4,23.9,2.5,312,8,16.4,23.9,2.5,312,8,3,29.94,-0.1,0,0,0,45.1,47.9,51.1,0.37,0.42,0.42
KIND,2019-11-08 16:55:00 EST,42.41001,-73.71557,238,30.4,30.8,19.8,46.1,12.1,0.000,0.000,0.00,0.000,13.4,18.0,2.3,316,9,14.4,20.0,2.5,313,9,14.4,20.0,2.5,313,9,1,29.94,-0.0,0,0,0,45.1,47.9,51.1,0.37,0.41,0.42
KIND,2019-11-08 17:00:00 EST,42.41001,-73.71557,238,30.5,30.8,19.9,44.6,11.5,0.000,0.000,0.00,0.000,13.8,19.8,1.9,312,9,14.4,20.2,2.1,309,9,14.4,20.2,2.1,309,9,0,29.95,-0.1,0,0,0,45.1,47.9,51.1,0.37,0.41,0.42
KIND,2019-11-08 17:05:00 EST,42.41001,-73.71557,238,30.4,30.7,20.6,44.2,11.1,0.000,0.000,0.00,0.000,11.6,17.0,2.4,310,12,12.4,18.5,2.3,307,11,12.4,18.5,2.3,307,11,0,29.95,-0.0,0,0,0,45.1,47.9,51.1,0.37,0.41,0.42
KIND,2019-11-08 17:10:00 EST,42.41001,-73.71557,238,30.3,30.7,19.8,45.1,11.5,0.000,0.000,0.00,0.000,13.1,22.9,3.4,311,11,13.8,24.4,3.3,308,11,13.8,24.4,3.3,308,11,0,29.95,-0.1,0,0,0,45.1,47.9,51.1,0.37,0.41,0.42
KIND,2019-11-08 17:15:00 EST,42.41001,-73.71557,238,30.2,30.6,20.1,45.1,11.4,0.000,0.000,0.00,0.000,12.4,19.9,2.8,313,9,12.9,22.7,2.8,309,10,12.9,22.7,2.8,309,10,0,29.96,-0.1,0,0,0,45.1,47.9,51.1,0.37,0.41,0.42
KIND,2019-11-08 17:20:00 EST,42.41001,-73.71557,238,29.7,30.2,20.4,47.1,12.0,0.000,0.000,0.00,0.000,10.5,15.6,3.0,310,10,11.0,16.0,3.1,307,10,11.0,16.0,3.1,307,10,0,29.96,-0.1,0,0,0,45.1,47.9,51.1,0.37,0.42,0.42
KIND,2019-11-08 17:25:00 EST,42.41001,-73.71557,238,30.0,30.3,20.6,46.8,12.1,0.000,0.000,0.00,0.000,10.6,13.9,1.7,308,9,11.2,15.4,1.7,306,8,11.2,15.4,1.7,306,8,0,29.96,-0.1,0,0,0,45.0,47.9,51.1,0.37,0.42,0.42
KIND,2019-11-08 17:30:00 EST,42.41001,-73.71557,238,29.7,30.2,19.8,46.6,11.7,0.000,0.000,0.00,0.000,11.7,16.4,2.0,309,8,12.2,17.2,2.0,306,7,12.2,17.2,2.0,306,7,0,29.96,-0.0,0,0,0,45.0,47.9,51.1,0.37,0.41,0.42
KIND,2019-11-08 17:35:00 EST,42.41001,-73.71557,238,29.7,30.2,19.5,46.5,11.7,0.000,0.000,0.00,0.000,12.5,17.0,2.0,307,10,13.0,17.5,2.1,304,9,13.0,17.5,2.1,304,9,0,29.96,-0.1,0,0,0,45.0,47.9,51.1,0.37,0.41,0.42
KIND,2019-11-08 17:40:00 EST,42.41001,-73.71557,238,29.7,30.1,19.8,48.2,12.5,0.000,0.000,0.00,0.000,11.7,18.1,2.1,309,7,12.2,18.9,2.2,305,8,12.2,18.9,2.2,305,8,0,29.96,-0.0,0,0,0,45.0,48.0,51.1,0.37,0.41,0.42
KIND,2019-11-08 17:45:00 EST,42.41001,-73.71557,238,29.7,30.0,19.6,46.6,11.7,0.000,0.000,0.00,0.000,12.1,19.5,3.1,304,9,12.9,20.3,3.1,301,9,12.9,20.3,3.1,301,9,0,29.96,-0.0,0,0,0,45.0,47.9,51.1,0.37,0.42,0.42
KIND,2019-11-08 17:50:00 EST,42.41001,-73.71557,238,29.6,29.9,20.9,48.0,12.2,0.000,0.000,0.00,0.000,9.1,13.7,2.4,309,12,9.7,14.3,2.4,306,11,9.7,14.3,2.4,306,11,0,29.97,-0.1,0,0,0,45.0,47.9,51.1,0.37,0.41,0.42
KIND,2019-11-08 17:55:00 EST,42.41001,-73.71557,238,29.3,29.8,21.5,49.5,12.8,0.000,0.000,0.00,0.000,7.5,11.6,1.6,320,11,8.1,12.0,1.6,319,11,8.1,12.0,1.6,319,11,0,29.97,-0.0,0,0,0,44.9,47.9,51.1,0.37,0.41,0.42
KIND,2019-11-08 18:00:00 EST,42.41001,-73.71557,238,29.3,29.8,21.5,49.1,12.5,0.000,0.000,0.00,0.000,7.5,12.3,1.4,315,12,8.0,11.8,1.4,312,12,8.0,11.8,1.4,312,12,0,29.98,-0.1,0,0,0,44.8,47.9,51.1,0.37,0.41,0.42
KIND,2019-11-08 18:05:00 EST,42.41001,-73.71557,238,29.3,29.7,21.0,48.5,12.3,0.000,0.000,0.00,0.000,8.3,11.8,1.1,333,13,8.9,13.3,1.2,332,12,8.9,13.3,1.2,332,12,0,29.98,-0.1,0,0,0,44.8,47.9,51.1,0.37,0.41,0.42
KIND,2019-11-08 18:10:00 EST,42.41001,-73.71557,238,29.0,29.6,21.6,49.7,12.6,0.000,0.000,0.00,0.000,6.8,10.4,1.0,323,12,7.4,11.2,1.2,321,11,7.4,11.2,1.2,321,11,0,29.98,-0.0,0,0,0,44.8,47.9,51.1,0.37,0.42,0.42
KIND,2019-11-08 18:15:00 EST,42.41001,-73.71557,238,28.8,29.5,21.2,50.8,12.8,0.000,0.000,0.00,0.000,6.9,9.9,1.2,319,14,7.5,10.5,1.3,317,14,7.5,10.5,1.3,317,14,0,29.98,-0.1,0,0,0,44.8,47.9,51.1,0.37,0.41,0.42
KIND,2019-11-08 18:20:00 EST,42.41001,-73.71557,238,28.6,29.5,20.6,52.4,13.4,0.000,0.000,0.00,0.000,7.8,13.2,1.8,314,12,8.3,13.2,1.9,311,12,8.3,13.2,1.9,311,12,0,29.99,0.0,0,0,0,44.8,47.9,51.1,0.37,0.41,0.42
KIND,2019-11-08 18:25:00 EST,42.41001,-73.71557,238,28.9,29.5,20.3,51.1,13.1,0.000,0.000,0.00,0.000,8.9,13.2,1.5,323,10,9.3,12.9,1.6,321,11,9.3,12.9,1.6,321,11,0,29.99,0.0,0,0,0,44.8,47.8,51.1,0.37,0.42,0.42
KIND,2019-11-08 18:30:00 EST,42.41001,-73.71557,238,29.0,29.5,20.1,50.7,13.0,0.000,0.000,0.00,0.000,9.4,14.5,2.7,324,12,9.8,15.1,2.6,321,12,9.8,15.1,2.6,321,12,0,29.99,-0.1,0,0,0,44.8,47.9,51.1,0.37,0.42,0.42
KIND,2019-11-08 18:35:00 EST,42.41001,-73.71557,238,28.5,29.2,20.5,52.9,13.5,0.000,0.000,0.00,0.000,7.5,11.0,1.3,327,11,8.1,12.1,1.4,325,11,8.1,12.1,1.4,325,11,0,29.99,-0.1,0,0,0,44.6,47.9,51.1,0.37,0.41,0.42
KIND,2019-11-08 18:40:00 EST,42.41001,-73.71557,238,28.5,29.2,20.8,53.1,13.5,0.000,0.000,0.00,0.000,6.9,9.9,1.2,319,11,7.6,10.8,1.2,316,11,7.6,10.8,1.2,316,11,0,29.99,-0.1,0,0,0,44.6,47.9,51.1,0.37,0.42,0.42
KIND,2019-11-08 18:45:00 EST,42.41001,-73.71557,238,28.4,29.2,20.4,53.9,13.8,0.000,0.000,0.00,0.000,7.6,12.6,1.7,320,9,8.1,13.2,1.7,317,9,8.1,13.2,1.7,317,9,0,29.99,0.0,0,0,0,44.6,47.9,51.1,0.37,0.41,0.42
KIND,2019-11-08 18:50:00 EST,42.41001,-73.71557,238,28.5,29.1,20.4,53.4,13.7,0.000,0.000,0.00,0.000,7.6,10.1,1.0,319,9,8.3,11.5,1.1,316,9,8.3,11.5,1.1,316,9,0,29.99,0.1,0,0,0,44.6,47.9,51.1,0.37,0.42,0.42
KIND,2019-11-08 18:55:00 EST,42.41001,-73.71557,238,28.4,29.0,20.1,53.3,13.5,0.000,0.000,0.00,0.000,7.8,11.0,1.2,309,11,8.5,11.8,1.3,306,10,8.5,11.8,1.3,306,10,0,29.99,0.0,0,0,0,44.6,47.8,51.1,0.37,0.42,0.42
KIND,2019-11-08 19:00:00 EST,42.41001,-73.71557,238,28.3,28.8,21.6,52.4,13.1,0.000,0.000,0.00,0.000,5.9,8.8,1.1,302,14,6.3,9.7,1.3,300,13,6.3,9.7,1.3,300,13,0,30.00,-0.0,0,0,0,44.6,47.8,51.1,0.37,0.42,0.42
KIND,2019-11-08 19:05:00 EST,42.41001,-73.71557,238,28.2,28.8,22.1,51.3,12.5,0.000,0.000,0.00,0.000,5.3,7.9,1.2,300,18,5.6,8.4,1.3,298,17,5.6,8.4,1.3,298,17,0,30.00,0.0,0,0,0,44.6,47.9,51.0,0.37,0.41,0.42
KIND,2019-11-08 19:10:00 EST,42.41001,-73.71557,238,28.2,28.7,20.8,52.1,12.8,0.000,0.000,0.00,0.000,6.8,12.8,1.9,305,12,7.1,12.9,1.9,302,11,7.1,12.9,1.9,302,11,0,30.00,-0.0,0,0,0,44.4,47.9,50.9,0.37,0.41,0.42
KIND,2019-11-08 19:15:00 EST,42.41001,-73.71557,238,28.2,28.8,19.1,54.2,13.8,0.000,0.000,0.00,0.000,9.3,14.7,2.2,321,9,9.8,15.3,2.3,318,11,9.8,15.3,2.3,318,11,0,30.00,0.0,0,0,0,44.4,47.9,50.9,0.37,0.41,0.42
KIND,2019-11-08 19:20:00 EST,42.41001,-73.71557,238,28.2,28.7,19.6,55.0,14.1,0.000,0.000,0.00,0.000,8.3,13.4,1.7,318,8,9.0,14.1,1.7,315,8,9.0,14.1,1.7,315,8,0,30.00,0.0,0,0,0,44.4,47.8,50.8,0.37,0.42,0.42
KIND,2019-11-08 19:25:00 EST,42.41001,-73.71557,238,28.2,28.8,19.2,54.6,13.9,0.000,0.000,0.00,0.000,9.0,13.0,1.6,312,10,9.6,13.9,1.7,309,10,9.6,13.9,1.7,309,10,0,30.00,0.0,0,0,0,44.4,47.8,50.7,0.37,0.42,0.42
KIND,2019-11-08 19:30:00 EST,42.41001,-73.71557,238,27.8,28.5,19.8,55.5,13.9,0.000,0.000,0.00,0.000,7.2,9.9,1.0,313,8,7.8,10.7,1.1,309,8,7.8,10.7,1.1,309,8,0,30.01,0.0,0,0,0,44.4,47.8,50.9,0.37,0.42,0.42
KIND,2019-11-08 19:35:00 EST,42.41001,-73.71557,238,28.1,28.6,18.6,55.5,14.2,0.000,0.000,0.00,0.000,10.1,13.4,1.8,316,9,10.6,14.5,1.9,314,9,10.6,14.5,1.9,314,9,0,30.01,-0.0,0,0,0,44.4,47.8,50.7,0.37,0.42,0.42
KIND,2019-11-08 19:40:00 EST,42.41001,-73.71557,238,27.8,28.4,18.9,56.5,14.3,0.000,0.000,0.00,0.000,8.8,13.2,1.7,315,9,9.3,14.0,1.7,312,10,9.3,14.0,1.7,312,10,0,30.01,0.1,0,0,0,44.3,47.8,50.8,0.37,0.42,0.42
KIND,2019-11-08 19:45:00 EST,42.41001,-73.71557,238,27.9,28.4,19.5,55.1,13.8,0.000,0.000,0.00,0.000,8.0,10.2,1.1,319,12,8.5,11.3,1.2,317,12,8.5,11.3,1.2,317,12,0,30.01,0.0,0,0,0,44.1,47.8,50.7,0.37,0.42,0.42
KIND,2019-11-08 19:50:00 EST,42.41001,-73.71557,238,27.6,28.1,20.2,56.5,14.1,0.000,0.000,0.00,0.000,6.6,8.8,1.5,309,9,7.0,9.6,1.6,306,10,7.0,9.6,1.6,306,10,0,30.01,-0.0,0,0,0,44.1,47.8,50.7,0.37,0.42,0.42
KIND,2019-11-08 19:55:00 EST,42.41001,-73.71557,238,27.3,28.1,19.4,56.8,14.0,0.000,0.000,0.00,0.000,7.1,11.3,1.4,312,8,7.7,12.8,1.5,309,8,7.7,12.8,1.5,309,8,0,30.02,0.1,0,0,0,44.1,47.7,50.7,0.37,0.41,0.42
KIND,2019-11-08 20:00:00 EST,42.41001,-73.71557,238,27.7,28.2,18.9,56.5,14.2,0.000,0.000,0.00,0.000,8.6,12.1,1.6,320,10,9.0,12.6,1.7,318,10,9.0,12.6,1.7,318,10,0,30.02,0.0,0,0,0,44.1,47.8,50.7,0.37,0.42,0.42
KIND,2019-11-08 20:05:00 EST,42.41001,-73.71557,238,27.6,28.1,19.0,56.0,13.9,0.000,0.000,0.00,0.000,8.2,12.3,1.6,313,14,8.8,12.8,1.6,311,14,8.8,12.8,1.6,311,14,0,30.02,0.0,0,0,0,44.1,47.7,50.7,0.37,0.42,0.42
KIND,2019-11-08 20:10:00 EST,42.41001,-73.71557,238,27.3,28.0,19.2,56.7,14.0,0.000,0.000,0.00,0.000,7.4,11.5,1.6,317,13,7.9,13.3,1.8,314,13,7.9,13.3,1.8,314,13,0,30.02,0.1,0,0,0,44.1,47.6,50.7,0.37,0.42,0.42
KIND,2019-11-08 20:15:00 EST,42.41001,-73.71557,238,27.3,27.9,19.8,57.0,14.1,0.000,0.000,0.00,0.000,6.5,8.5,1.0,318,7,7.0,9.5,0.9,316,7,7.0,9.5,0.9,316,7,0,30.02,-0.0,0,0,0,44.0,47.6,50.7,0.37,0.42,0.42
KIND,2019-11-08 20:20:00 EST,42.41001,-73.71557,238,26.8,27.7,19.6,58.4,14.1,0.000,0.000,0.00,0.000,6.0,8.4,1.4,313,10,6.5,9.3,1.5,311,9,6.5,9.3,1.5,311,9,0,30.02,0.0,0,0,0,44.0,47.6,50.7,0.37,0.42,0.42
KIND,2019-11-08 20:25:00 EST,42.41001,-73.71557,238,26.9,27.7,19.6,58.6,14.3,0.000,0.000,0.00,0.000,6.1,9.2,1.0,310,14,6.6,10.3,1.2,306,13,6.6,10.3,1.2,306,13,0,30.03,-0.0,0,0,0,43.9,47.6,50.7,0.37,0.42,0.42
KIND,2019-11-08 20:30:00 EST,42.41001,-73.71557,238,27.3,27.8,18.3,57.4,14.2,0.000,0.000,0.00,0.000,8.7,11.9,1.6,313,9,9.2,13.2,1.7,309,8,9.2,13.2,1.7,309,8,0,30.03,0.1,0,0,0,43.9,47.7,50.7,0.37,0.42,0.42
KIND,2019-11-08 20:35:00 EST,42.41001,-73.71557,238,27.0,27.7,18.7,57.3,14.0,0.000,0.000,0.00,0.000,7.8,10.5,1.0,311,8,8.2,11.1,1.1,309,7,8.2,11.1,1.1,309,7,0,30.03,0.1,0,0,0,43.9,47.5,50.7,0.37,0.42,0.42
KIND,2019-11-08 20:40:00 EST,42.41001,-73.71557,238,27.0,27.6,18.7,59.2,14.6,0.000,0.000,0.00,0.000,7.4,10.7,1.1,316,8,8.0,10.7,1.2,314,8,8.0,10.7,1.2,314,8,0,30.03,0.1,0,0,0,43.9,47.7,50.7,0.37,0.42,0.42
KIND,2019-11-08 20:45:00 EST,42.41001,-73.71557,238,26.9,27.6,18.7,59.7,14.7,0.000,0.000,0.00,0.000,7.3,9.9,1.1,316,7,7.9,10.7,1.2,313,7,7.9,10.7,1.2,313,7,0,30.03,0.1,0,0,0,43.9,47.6,50.7,0.37,0.42,0.42
KIND,2019-11-08 20:50:00 EST,42.41001,-73.71557,238,26.9,27.5,18.9,58.7,14.3,0.000,0.000,0.00,0.000,7.1,9.1,0.9,322,10,7.6,9.5,1.0,319,10,7.6,9.5,1.0,319,10,0,30.03,0.0,0,0,0,43.9,47.6,50.7,0.37,0.42,0.42
KIND,2019-11-08 20:55:00 EST,42.41001,-73.71557,238,26.5,27.3,19.5,59.4,14.3,0.000,0.000,0.00,0.000,5.7,8.1,0.9,324,7,6.2,8.6,0.9,321,7,6.2,8.6,0.9,321,7,0,30.03,0.0,0,0,0,43.9,47.6,50.7,0.37,0.42,0.42
KIND,2019-11-08 21:00:00 EST,42.41001,-73.71557,238,26.6,27.3,19.4,59.0,14.2,0.000,0.000,0.00,0.000,6.0,8.5,1.0,324,9,6.4,8.8,1.0,322,9,6.4,8.8,1.0,322,9,0,30.03,0.0,0,0,0,43.8,47.5,50.7,0.37,0.42,0.42
KIND,2019-11-08 21:05:00 EST,42.41001,-73.71557,238,26.5,27.2,18.3,59.2,14.2,0.000,0.000,0.00,0.000,7.3,10.1,1.5,320,9,7.8,11.6,1.5,318,10,7.8,11.6,1.5,318,10,0,30.03,0.1,0,0,0,43.7,47.5,50.7,0.37,0.42,0.42
KIND,2019-11-08 21:10:00 EST,42.41001,-73.71557,238,26.5,27.3,18.5,59.8,14.4,0.000,0.000,0.00,0.000,6.9,9.5,1.0,318,7,7.4,10.8,0.9,314,7,7.4,10.8,0.9,314,7,0,30.03,0.1,0,0,0,43.7,47.6,50.7,0.37,0.42,0.42
KIND,2019-11-08 21:15:00 EST,42.41001,-73.71557,238,26.5,27.2,19.0,59.5,14.3,0.000,0.000,0.00,0.000,6.3,8.6,1.0,322,6,6.9,8.9,1.0,319,7,6.9,8.9,1.0,319,7,0,30.04,0.0,0,0,0,43.7,47.5,50.7,0.37,0.42,0.42
KIND,2019-11-08 21:20:00 EST,42.41001,-73.71557,238,26.4,27.1,18.4,59.6,14.3,0.000,0.000,0.00,0.000,6.9,9.6,0.9,325,10,7.4,10.4,1.0,323,10,7.4,10.4,1.0,323,10,0,30.04,0.1,0,0,0,43.7,47.6,50.7,0.36,0.42,0.42
KIND,2019-11-08 21:25:00 EST,42.41001,-73.71557,238,26.2,27.0,18.0,60.4,14.3,0.000,0.000,0.00,0.000,7.2,10.2,1.1,331,9,7.7,11.9,1.3,330,9,7.7,11.9,1.3,330,9,0,30.04,0.2,0,0,0,43.7,47.5,50.7,0.36,0.42,0.42
KIND,2019-11-08 21:30:00 EST,42.41001,-73.71557,238,26.5,27.0,17.9,59.6,14.3,0.000,0.000,0.00,0.000,7.9,10.9,1.2,331,10,8.4,12.2,1.2,330,11,8.4,12.2,1.2,330,11,0,30.04,0.1,0,0,0,43.7,47.5,50.7,0.36,0.42,0.42
KIND,2019-11-08 21:35:00 EST,42.41001,-73.71557,238,26.4,27.0,17.6,60.2,14.4,0.000,0.000,0.00,0.000,8.1,13.1,1.5,326,9,8.6,13.1,1.5,324,9,8.6,13.1,1.5,324,9,0,30.04,0.1,0,0,0,43.6,47.5,50.7,0.36,0.42,0.42
KIND,2019-11-08 21:40:00 EST,42.41001,-73.71557,238,26.3,26.9,17.9,61.4,14.8,0.000,0.000,0.00,0.000,7.6,10.3,1.2,329,9,8.1,11.9,1.4,327,8,8.1,11.9,1.4,327,8,0,30.04,0.1,0,0,0,43.5,47.5,50.7,0.36,0.42,0.42
KIND,2019-11-08 21:45:00 EST,42.41001,-73.71557,238,26.1,26.7,18.9,61.8,14.8,0.000,0.000,0.00,0.000,5.9,8.8,0.9,328,8,6.4,9.2,1.0,327,8,6.4,9.2,1.0,327,8,0,30.04,0.1,0,0,0,43.5,47.5,50.7,0.36,0.42,0.42
KIND,2019-11-08 21:50:00 EST,42.41001,-73.71557,238,25.7,26.6,18.7,63.3,15.0,0.000,0.000,0.00,0.000,5.6,9.4,1.1,323,5,6.0,9.3,1.1,321,6,6.0,9.3,1.1,321,6,0,30.05,0.1,0,0,0,43.5,47.5,50.7,0.36,0.42,0.42
KIND,2019-11-08 21:55:00 EST,42.41001,-73.71557,238,26.0,26.8,18.1,63.6,15.3,0.000,0.000,0.00,0.000,6.8,9.2,0.9,322,6,7.2,10.3,1.0,320,6,7.2,10.3,1.0,320,6,0,30.05,0.1,0,0,0,43.5,47.5,50.7,0.36,0.42,0.42
KIND,2019-11-08 22:00:00 EST,42.41001,-73.71557,238,26.1,26.7,17.8,62.9,15.1,0.000,0.000,0.00,0.000,7.3,9.2,0.9,324,7,7.7,10.0,1.0,323,7,7.7,10.0,1.0,323,7,0,30.05,0.1,0,0,0,43.5,47.5,50.7,0.36,0.42,0.42
KIND,2019-11-08 22:05:00 EST,42.41001,-73.71557,238,25.5,26.4,18.5,64.6,15.2,0.000,0.000,0.00,0.000,5.4,6.9,0.9,323,6,5.9,7.6,0.9,320,7,5.9,7.6,0.9,320,7,0,30.05,0.1,0,0,0,43.5,47.4,50.7,0.36,0.42,0.42
KIND,2019-11-08 22:10:00 EST,42.41001,-73.71557,238,24.9,26.1,18.6,67.4,15.7,0.000,0.000,0.00,0.000,4.6,6.9,0.6,315,9,5.2,7.5,0.8,311,9,5.2,7.5,0.8,311,9,0,30.05,0.1,0,0,0,43.5,47.5,50.7,0.36,0.42,0.42
KIND,2019-11-08 22:15:00 EST,42.41001,-73.71557,238,24.4,25.9,18.7,68.0,15.4,0.000,0.000,0.00,0.000,4.1,5.3,0.6,311,7,4.5,6.1,0.7,308,6,4.5,6.1,0.7,308,6,0,30.05,0.1,0,0,0,43.5,47.4,50.7,0.36,0.42,0.42
KIND,2019-11-08 22:20:00 EST,42.41001,-73.71557,238,24.6,25.8,19.5,67.5,15.3,0.000,0.000,0.00,0.000,3.7,5.0,0.5,304,9,4.0,5.9,0.6,303,7,4.0,5.9,0.6,303,7,0,30.05,0.2,0,0,0,43.4,47.4,50.7,0.36,0.42,0.42
KIND,2019-11-08 22:25:00 EST,42.41001,-73.71557,238,25.3,25.9,21.1,65.3,15.3,0.000,0.000,0.00,0.000,3.3,4.5,0.7,301,10,3.5,4.9,0.8,300,9,3.5,4.9,0.8,300,9,0,30.05,0.1,0,0,0,43.3,47.4,50.7,0.36,0.42,0.42
KIND,2019-11-08 22:30:00 EST,42.41001,-73.71557,238,25.5,25.9,25.5,63.8,14.9,0.000,0.000,0.00,0.000,2.8,4.7,0.8,297,13,3.0,4.7,0.7,296,12,3.0,4.7,0.7,296,12,0,30.05,0.0,0,0,0,43.3,47.4,50.7,0.36,0.42,0.42
KIND,2019-11-08 22:35:00 EST,42.41001,-73.71557,238,25.1,25.8,25.1,64.3,14.8,0.000,0.000,0.00,0.000,1.6,2.8,0.5,284,14,1.9,3.1,0.5,284,16,1.9,3.1,0.5,284,16,0,30.05,0.0,0,0,0,43.3,47.4,50.7,0.36,0.42,0.42
KIND,2019-11-08 22:40:00 EST,42.41001,-73.71557,238,22.7,25.4,22.7,71.7,14.9,0.000,0.000,0.00,0.000,0.7,1.3,0.4,194,41,1.1,2.0,0.5,192,43,1.1,2.0,0.5,192,43,0,30.05,0.0,0,0,0,43.3,47.4,50.7,0.36,0.42,0.42
KIND,2019-11-08 22:45:00 EST,42.41001,-73.71557,238,22.5,25.2,22.5,74.6,15.6,0.000,0.000,0.00,0.000,2.5,3.7,0.6,145,6,2.5,3.9,0.6,137,6,2.5,3.9,0.6,137,6,0,30.06,0.1,0,0,0,43.3,47.3,50.7,0.36,0.42,0.42
KIND,2019-11-08 22:50:00 EST,42.41001,-73.71557,238,21.9,25.3,17.3,74.4,15.0,0.000,0.000,0.00,0.000,3.2,3.9,0.3,162,9,3.4,4.5,0.3,156,10,3.4,4.5,0.3,156,10,0,30.06,0.2,0,0,0,43.3,47.4,50.7,0.36,0.42,0.42
KIND,2019-11-08 22:55:00 EST,42.41001,-73.71557,238,22.5,25.2,22.5,77.2,16.4,0.000,0.000,0.00,0.000,2.5,3.0,0.3,186,7,2.7,3.3,0.3,184,8,2.7,3.3,0.3,184,8,0,30.06,0.1,0,0,0,43.3,47.3,50.7,0.36,0.42,0.42
KIND,2019-11-08 23:00:00 EST,42.41001,-73.71557,238,22.5,25.4,22.5,76.7,16.3,0.000,0.000,0.00,0.000,1.7,2.3,0.4,231,28,1.9,2.7,0.4,229,27,1.9,2.7,0.4,229,27,0,30.06,0.1,0,0,0,43.2,47.4,50.7,0.36,0.42,0.42
KIND,2019-11-08 23:05:00 EST,42.41001,-73.71557,238,23.1,25.4,23.1,72.9,15.7,0.000,0.000,0.00,0.000,2.2,2.8,0.3,280,8,2.5,3.2,0.3,278,9,2.5,3.2,0.3,278,9,0,30.06,0.0,0,0,0,43.2,47.3,50.7,0.36,0.42,0.42
KIND,2019-11-08 23:10:00 EST,42.41001,-73.71557,238,22.2,25.4,16.9,74.6,15.4,0.000,0.000,0.00,0.000,3.7,4.7,0.4,288,3,3.9,5.0,0.4,286,3,3.9,5.0,0.4,286,3,0,30.06,0.1,0,0,0,43.2,47.3,50.7,0.36,0.42,0.42
KIND,2019-11-08 23:15:00 EST,42.41001,-73.71557,238,22.6,25.4,16.8,73.1,15.3,0.000,0.000,0.00,0.000,4.0,5.1,0.5,291,5,4.3,5.4,0.5,288,5,4.3,5.4,0.5,288,5,0,30.06,0.0,0,0,0,43.2,47.3,50.7,0.36,0.42,0.42
KIND,2019-11-08 23:20:00 EST,42.41001,-73.71557,238,21.3,24.1,21.3,78.5,15.7,0.000,0.000,0.00,0.000,1.4,3.6,1.0,273,26,1.6,3.5,1.0,269,29,1.6,3.5,1.0,269,29,0,30.06,0.1,0,0,0,43.2,47.3,50.7,0.36,0.42,0.42
KIND,2019-11-08 23:25:00 EST,42.41001,-73.71557,238,22.0,23.3,22.0,77.5,16.0,0.000,0.000,0.00,0.000,1.0,1.7,0.5,138,8,1.2,1.7,0.4,133,11,1.2,1.7,0.4,133,11,0,30.06,0.1,0,0,0,43.1,47.3,50.7,0.36,0.42,0.42
KIND,2019-11-08 23:30:00 EST,42.41001,-73.71557,238,21.6,24.2,21.6,74.5,14.8,0.000,0.000,0.00,0.000,1.9,2.9,0.5,153,6,2.0,3.2,0.4,146,6,2.0,3.2,0.4,146,6,0,30.06,0.1,0,0,0,43.0,47.3,50.7,0.36,0.42,0.42
KIND,2019-11-08 23:35:00 EST,42.41001,-73.71557,238,20.4,24.0,15.2,79.1,15.0,0.000,0.000,0.00,0.000,3.4,4.0,0.5,156,6,3.6,4.5,0.6,150,6,3.6,4.5,0.6,150,6,0,30.06,0.2,0,0,0,43.0,47.3,50.7,0.36,0.42,0.42
KIND,2019-11-08 23:40:00 EST,42.41001,-73.71557,238,20.8,23.1,15.7,81.8,16.1,0.000,0.000,0.00,0.000,3.3,3.7,0.2,175,5,3.6,4.3,0.3,170,6,3.6,4.3,0.3,170,6,0,30.06,0.2,0,0,0,43.0,47.3,50.7,0.36,0.42,0.42
KIND,2019-11-08 23:45:00 EST,42.41001,-73.71557,238,20.5,22.7,16.0,83.1,16.2,0.000,0.000,0.00,0.000,2.9,3.2,0.1,165,3,3.2,3.6,0.2,157,4,3.2,3.6,0.2,157,4,0,30.07,0.1,0,0,0,43.0,47.3,50.7,0.36,0.42,0.42
KIND,2019-11-08 23:50:00 EST,42.41001,-73.71557,238,19.9,23.6,19.9,82.8,15.6,0.000,0.000,0.00,0.000,2.7,3.4,0.3,167,3,3.0,3.8,0.4,161,6,3.0,3.8,0.4,161,6,0,30.07,0.2,0,0,0,43.0,47.3,50.6,0.36,0.42,0.42
KIND,2019-11-08 23:55:00 EST,42.41001,-73.71557,238,20.1,24.6,15.3,82.5,15.6,0.000,0.000,0.00,0.000,3.0,3.5,0.2,169,4,3.3,4.2,0.3,163,6,3.3,4.2,0.3,163,6,0,30.07,0.1,0,0,0,42.9,47.3,50.6,0.36,0.42,0.42
LAUR,2019-11-08 00:00:00 EST,42.52526,-75.13690,1627,22.2,22.3,22.2,91.8,20.2,0.000,0.372,0.00,0.000,1.3,2.7,0.5,51,11,1.5,2.7,0.5,47,11,1.5,2.7,0.5,47,11,0,28.32,-0.5,0,0,0,42.4,45.5,46.8,0.52,0.44,0.42
LAUR,2019-11-08 00:05:00 EST,42.52526,-75.13690,1627,22.2,22.3,22.2,92.4,20.3,0.000,0.000,0.00,0.000,1.4,2.7,0.6,27,21,1.7,3.5,0.6,27,22,1.7,3.5,0.6,27,22,0,28.32,-0.5,0,0,0,42.4,45.4,46.8,0.52,0.44,0.42
LAUR,2019-11-08 00:10:00 EST,42.52526,-75.13690,1627,22.4,22.2,22.4,92.2,20.5,0.000,0.000,0.00,0.000,0.7,2.1,0.5,32,28,1.1,2.7,0.5,21,31,1.1,2.7,0.5,21,31,0,28.31,-0.5,0,0,0,42.4,45.4,46.8,0.52,0.44,0.42
LAUR,2019-11-08 00:15:00 EST,42.52526,-75.13690,1627,22.5,22.2,22.5,91.3,20.3,0.000,0.000,0.00,0.000,0.7,2.1,0.5,41,30,1.2,3.2,0.5,34,38,1.2,3.2,0.5,34,38,0,28.31,-0.4,0,0,0,42.4,45.4,46.8,0.52,0.44,0.42
LAUR,2019-11-08 00:20:00 EST,42.52526,-75.13690,1627,22.4,22.1,22.4,91.5,20.3,0.000,0.000,0.00,0.000,0.6,2.0,0.6,331,16,0.8,2.9,0.7,332,23,0.8,2.9,0.7,332,23,0,28.31,-0.4,0,0,0,42.3,45.3,46.8,0.52,0.44,0.42
LAUR,2019-11-08 00:25:00 EST,42.52526,-75.13690,1627,22.1,22.1,22.1,92.1,20.2,0.000,0.000,0.00,0.000,0.0,0.1,0.0,319,0,0.3,1.1,0.4,329,10,0.3,1.1,0.4,329,10,0,28.31,-0.5,0,0,0,42.3,45.4,46.8,0.52,0.44,0.42
LAUR,2019-11-08 00:30:00 EST,42.52526,-75.13690,1627,22.1,22.0,22.1,93.4,20.5,0.000,0.000,0.00,0.000,0.7,1.8,0.5,353,19,1.0,2.7,0.7,352,18,1.0,2.7,0.7,352,18,0,28.31,-0.5,0,0,0,42.3,45.4,46.8,0.52,0.44,0.42
LAUR,2019-11-08 00:35:00 EST,42.52526,-75.13690,1627,22.5,22.2,22.5,93.9,21.0,0.000,0.000,0.00,0.000,0.2,0.8,0.3,35,18,0.6,1.6,0.4,22,27,0.6,1.6,0.4,22,27,0,28.31,-0.5,0,0,0,42.3,45.3,46.8,0.52,0.44,0.42
LAUR,2019-11-08 00:40:00 EST,42.52526,-75.13690,1627,22.1,22.2,22.1,93.6,20.6,0.000,0.000,0.00,0.000,0.1,0.9,0.2,22,1,0.2,1.4,0.4,22,5,0.2,1.4,0.4,22,5,0,28.31,-0.5,0,0,0,42.3,45.3,46.8,0.52,0.44,0.42
LAUR,2019-11-08 00:45:00 EST,42.52526,-75.13690,1627,22.1,22.2,22.1,92.4,20.3,0.000,0.000,0.00,0.000,0.0,0.0,0.0,0,0,0.1,1.0,0.3,31,3,0.1,1.0,0.3,31,3,0,28.30,-0.5,0,0,0,42.3,45.3,46.8,0.52,0.44,0.42
LAUR,2019-11-08 00:50:00 EST,42.52526,-75.13690,1627,22.2,22.1,22.2,92.2,20.3,0.000,0.000,0.00,0.000,0.0,0.0,0.0,0,0,0.1,0.8,0.2,246,3,0.1,0.8,0.2,246,3,0,28.30,-0.5,0,0,0,42.3,45.3,46.8,0.52,0.44,0.42
LAUR,2019-11-08 00:55:00 EST,42.52526,-75.13690,1627,21.9,22.1,21.9,92.1,20.0,0.000,0.000,0.00,0.000,0.3,0.9,0.3,244,0,1.0,1.6,0.2,244,11,1.0,1.6,0.2,244,11,0,28.30,-0.4,0,0,0,42.3,45.4,46.8,0.52,0.44,0.42
LAUR,2019-11-08 01:00:00 EST,42.52526,-75.13690,1627,22.0,21.8,22.0,93.4,20.4,0.000,0.000,0.00,0.000,0.2,0.9,0.3,33,22,0.6,1.3,0.5,16,41,0.6,1.3,0.5,16,41,0,28.29,-0.4,0,0,0,42.3,45.3,46.8,0.52,0.44,0.42
LAUR,2019-11-08 01:05:00 EST,42.52526,-75.13690,1627,22.0,21.8,22.0,94.3,20.6,0.000,0.000,0.00,0.000,0.0,0.8,0.2,26,2,0.2,1.2,0.4,22,11,0.2,1.2,0.4,22,11,0,28.29,-0.4,0,0,0,42.3,45.3,46.8,0.52,0.44,0.42
LAUR,2019-11-08 01:10:00 EST,42.52526,-75.13690,1627,22.1,21.9,22.1,93.9,20.6,0.000,0.000,0.00,0.000,0.3,1.0,0.4,333,0,0.7,1.6,0.5,332,8,0.7,1.6,0.5,332,8,0,28.29,-0.6,0,0,0,42.2,45.3,46.8,0.52,0.44,0.42
LAUR,2019-11-08 01:15:00 EST,42.52526,-75.13690,1627,21.9,22.0,21.9,93.1,20.2,0.000,0.000,0.00,0.000,1.7,2.3,0.2,321,5,1.6,2.1,0.2,320,7,1.6,2.1,0.2,320,7,0,28.29,-0.7,0,0,0,42.2,45.3,46.8,0.52,0.44,0.42
LAUR,2019-11-08 01:20:00 EST,42.52526,-75.13690,1627,21.2,21.9,21.2,92.4,19.4,0.000,0.000,0.00,0.000,1.1,1.6,0.3,325,5,1.2,1.8,0.2,324,8,1.2,1.8,0.2,324,8,0,28.29,-0.5,0,0,0,42.1,45.3,46.8,0.52,0.44,0.42
LAUR,2019-11-08 01:25:00 EST,42.52526,-75.13690,1627,20.9,21.8,20.9,92.6,19.1,0.000,0.000,0.00,0.000,1.4,2.0,0.4,305,6,1.5,2.0,0.3,305,7,1.5,2.0,0.3,305,7,0,28.29,-0.6,0,0,0,42.1,45.3,46.8,0.52,0.44,0.42
LAUR,2019-11-08 01:30:00 EST,42.52526,-75.13690,1627,21.0,21.7,21.0,93.2,19.4,0.000,0.000,0.00,0.000,0.5,1.6,0.4,304,10,0.9,1.6,0.4,319,20,0.9,1.6,0.4,319,20,0,28.29,-0.5,0,0,0,42.1,45.3,46.8,0.52,0.44,0.42
LAUR,2019-11-08 01:35:00 EST,42.52526,-75.13690,1627,20.8,21.6,20.8,93.5,19.2,0.000,0.000,0.00,0.000,0.7,1.6,0.5,296,16,1.1,2.3,0.6,298,14,1.1,2.3,0.6,298,14,0,28.29,-0.6,0,0,0,42.1,45.3,46.8,0.52,0.44,0.42
LAUR,2019-11-08 01:40:00 EST,42.52526,-75.13690,1627,21.3,21.4,21.3,93.4,19.6,0.000,0.000,0.00,0.000,1.3,1.9,0.3,292,16,1.6,2.5,0.4,295,17,1.6,2.5,0.4,295,17,0,28.30,-0.5,0,0,0,42.1,45.3,46.8,0.52,0.44,0.42
LAUR,2019-11-08 01:45:00 EST,42.52526,-75.13690,1627,21.3,21.4,21.3,94.7,20.0,0.000,0.000,0.00,0.000,1.2,2.8,0.6,314,16,1.4,2.8,0.5,316,19,1.4,2.8,0.5,316,19,0,28.30,-0.5,0,0,0,42.1,45.3,46.8,0.52,0.44,0.42
LAUR,2019-11-08 01:50:00 EST,42.52526,-75.13690,1627,21.2,21.2,21.2,94.5,19.8,0.000,0.000,0.00,0.000,1.7,2.8,0.5,282,14,2.1,3.5,0.6,282,13,2.1,3.5,0.6,282,13,0,28.30,-0.5,0,0,0,42.1,45.3,46.8,0.52,0.44,0.42
LAUR,2019-11-08 01:55:00 EST,42.52526,-75.13690,1627,21.1,21.0,21.1,94.7,19.8,0.000,0.000,0.00,0.000,1.1,3.1,0.7,307,19,1.5,3.5,0.7,308,22,1.5,3.5,0.7,308,22,0,28.30,-0.5,0,0,0,42.1,45.3,46.8,0.52,0.44,0.42
LAUR,2019-11-08 02:00:00 EST,42.52526,-75.13690,1627,21.4,21.1,21.4,95.3,20.3,0.000,0.000,0.00,0.000,0.6,2.1,0.4,310,27,1.2,3.0,0.5,323,28,1.2,3.0,0.5,323,28,0,28.30,-0.5,0,0,0,42.1,45.3,46.8,0.52,0.44,0.42
LAUR,2019-11-08 02:05:00 EST,42.52526,-75.13690,1627,21.7,21.3,21.7,95.4,20.6,0.000,0.000,0.00,0.000,1.3,3.6,0.8,303,20,1.6,3.4,0.6,306,24,1.6,3.4,0.6,306,24,0,28.30,-0.5,0,0,0,42.1,45.3,46.8,0.52,0.44,0.42
LAUR,2019-11-08 02:10:00 EST,42.52526,-75.13690,1627,22.0,21.5,22.0,95.2,20.8,0.000,0.000,0.00,0.000,2.4,4.1,0.8,271,16,2.9,4.8,0.8,272,16,2.9,4.8,0.8,272,16,0,28.30,-0.5,0,0,0,41.9,45.3,46.8,0.53,0.44,0.42
LAUR,2019-11-08 02:15:00 EST,42.52526,-75.13690,1627,22.3,21.9,17.7,94.2,20.9,0.000,0.000,0.00,0.000,3.0,5.0,0.8,278,10,3.4,6.1,0.9,279,9,3.4,6.1,0.9,279,9,0,28.30,-0.5,0,0,0,41.9,45.3,46.8,0.52,0.44,0.42
LAUR,2019-11-08 02:20:00 EST,42.52526,-75.13690,1627,22.4,21.9,22.4,93.4,20.8,0.000,0.000,0.00,0.000,2.3,3.7,0.7,280,13,2.7,4.5,0.8,280,13,2.7,4.5,0.8,280,13,0,28.29,-0.5,0,0,0,41.9,45.3,46.8,0.52,0.44,0.42
LAUR,2019-11-08 02:25:00 EST,42.52526,-75.13690,1627,22.5,22.0,22.5,93.3,20.9,0.000,0.000,0.00,0.000,2.5,3.5,0.6,303,14,2.4,4.0,0.5,302,15,2.4,4.0,0.5,302,15,0,28.30,-0.5,0,0,0,41.9,45.3,46.8,0.52,0.44,0.42
LAUR,2019-11-08 02:30:00 EST,42.52526,-75.13690,1627,22.6,22.0,22.6,93.6,21.0,0.000,0.000,0.00,0.000,1.5,3.2,0.9,293,14,2.0,3.9,0.8,293,14,2.0,3.9,0.8,293,14,0,28.29,-0.5,0,0,0,41.9,45.3,46.8,0.52,0.44,0.42
LAUR,2019-11-08 02:35:00 EST,42.52526,-75.13690,1627,22.4,21.9,22.4,93.4,20.8,0.000,0.000,0.00,0.000,1.1,3.0,0.9,317,12,1.3,2.7,0.7,319,18,1.3,2.7,0.7,319,18,0,28.29,-0.5,0,0,0,41.9,45.3,46.8,0.52,0.44,0.42
LAUR,2019-11-08 02:40:00 EST,42.52526,-75.13690,1627,22.2,21.8,22.2,93.3,20.6,0.000,0.000,0.00,0.000,0.8,1.9,0.5,337,23,1.3,2.5,0.4,342,22,1.3,2.5,0.4,342,22,0,28.29,-0.5,0,0,0,41.9,45.3,46.8,0.52,0.44,0.42
LAUR,2019-11-08 02:45:00 EST,42.52526,-75.13690,1627,22.0,21.8,22.0,93.1,20.3,0.000,0.000,0.00,0.000,0.6,1.5,0.4,341,20,1.0,2.4,0.5,337,20,1.0,2.4,0.5,337,20,0,28.29,-0.6,0,0,0,41.9,45.3,46.8,0.52,0.44,0.42
LAUR,2019-11-08 02:50:00 EST,42.52526,-75.13690,1627,22.2,21.8,22.2,93.4,20.6,0.000,0.000,0.00,0.000,0.3,0.9,0.3,323,9,0.7,1.3,0.4,332,20,0.7,1.3,0.4,332,20,0,28.29,-0.5,0,0,0,41.9,45.3,46.8,0.52,0.44,0.42
LAUR,2019-11-08 02:55:00 EST,42.52526,-75.13690,1627,22.3,21.9,22.3,94.0,20.8,0.000,0.000,0.00,0.000,0.0,0.0,0.0,0,0,0.1,0.9,0.2,349,6,0.1,0.9,0.2,349,6,0,28.29,-0.5,0,0,0,41.8,45.3,46.8,0.52,0.44,0.42
LAUR,2019-11-08 03:00:00 EST,42.52526,-75.13690,1627,22.3,21.9,22.3,94.4,21.0,0.000,0.000,0.00,0.000,0.1,0.8,0.2,239,0,0.4,1.3,0.4,250,12,0.4,1.3,0.4,250,12,0,28.29,-0.5,0,0,0,41.8,45.3,46.8,0.52,0.44,0.42
LAUR,2019-11-08 03:05:00 EST,42.52526,-75.13690,1627,22.3,21.8,22.3,94.3,21.0,0.000,0.000,0.00,0.000,0.1,0.7,0.2,239,0,0.4,1.3,0.5,248,4,0.4,1.3,0.5,248,4,0,28.29,-0.5,0,0,0,41.7,45.3,46.8,0.53,0.44,0.42
LAUR,2019-11-08 03:10:00 EST,42.52526,-75.13690,1627,22.3,21.8,22.3,94.3,20.9,0.000,0.000,0.00,0.000,0.0,0.0,0.0,0,0,0.3,1.0,0.4,3,7,0.3,1.0,0.4,3,7,0,28.28,-0.5,0,0,0,41.7,45.3,46.8,0.53,0.44,0.42
LAUR,2019-11-08 03:15:00 EST,42.52526,-75.13690,1627,22.2,21.8,22.2,94.4,20.8,0.000,0.000,0.00,0.000,0.0,0.0,0.0,0,0,0.0,0.8,0.1,4,1,0.0,0.8,0.1,4,1,0,28.28,-0.5,0,0,0,41.7,45.3,46.8,0.52,0.44,0.42
LAUR,2019-11-08 03:20:00 EST,42.52526,-75.13690,1627,21.9,21.8,21.9,94.1,20.4,0.000,0.000,0.00,0.000,0.0,0.0,0.0,0,0,0.2,1.3,0.3,307,7,0.2,1.3,0.3,307,7,0,28.28,-0.6,0,0,0,41.7,45.3,46.8,0.53,0.44,0.42
LAUR,2019-11-08 03:25:00 EST,42.52526,-75.13690,1627,21.4,21.7,21.4,93.4,19.8,0.000,0.000,0.00,0.000,0.8,1.7,0.4,304,12,1.1,2.1,0.3,304,15,1.1,2.1,0.3,304,15,0,28.29,-0.6,0,0,0,41.7,45.3,46.8,0.53,0.44,0.42
LAUR,2019-11-08 03:30:00 EST,42.52526,-75.13690,1627,21.5,21.6,21.5,93.8,20.0,0.000,0.000,0.00,0.000,2.3,3.4,0.5,278,7,2.9,4.2,0.5,279,8,2.9,4.2,0.5,279,8,0,28.29,-0.7,0,0,0,41.7,45.3,46.8,0.52,0.44,0.42
LAUR,2019-11-08 03:35:00 EST,42.52526,-75.13690,1627,21.3,21.6,21.3,94.0,19.8,0.000,0.000,0.00,0.000,1.9,3.0,0.7,274,11,2.4,3.7,0.7,275,10,2.4,3.7,0.7,275,10,0,28.29,-0.6,0,0,0,41.7,45.3,46.8,0.52,0.44,0.42
LAUR,2019-11-08 03:40:00 EST,42.52526,-75.13690,1627,21.6,21.6,21.6,95.1,20.5,0.000,0.000,0.00,0.000,1.9,3.4,0.7,256,9,2.3,3.9,0.7,257,11,2.3,3.9,0.7,257,11,0,28.29,-0.5,0,0,0,41.7,45.3,46.8,0.52,0.44,0.42
LAUR,2019-11-08 03:45:00 EST,42.52526,-75.13690,1627,21.7,21.6,21.7,95.2,20.6,0.000,0.000,0.00,0.000,1.8,3.3,0.5,256,12,2.1,3.4,0.5,258,14,2.1,3.4,0.5,258,14,0,28.28,-0.5,0,0,0,41.7,45.3,46.8,0.52,0.44,0.42
LAUR,2019-11-08 03:50:00 EST,42.52526,-75.13690,1627,21.9,21.5,21.9,95.2,20.7,0.000,0.000,0.00,0.000,0.8,2.1,0.7,265,8,1.2,2.7,0.8,267,9,1.2,2.7,0.8,267,9,0,28.28,-0.6,0,0,0,41.6,45.3,46.8,0.52,0.44,0.42
LAUR,2019-11-08 03:55:00 EST,42.52526,-75.13690,1627,22.1,21.6,22.1,95.5,21.0,0.000,0.000,0.00,0.000,1.0,3.1,0.9,309,12,1.3,2.7,0.6,301,24,1.3,2.7,0.6,301,24,0,28.28,-0.4,0,0,0,41.6,45.3,46.8,0.52,0.44,0.42
LAUR,2019-11-08 04:00:00 EST,42.52526,-75.13690,1627,22.1,21.6,22.1,95.4,21.0,0.000,0.000,0.00,0.000,0.3,1.9,0.6,242,4,0.7,2.4,0.7,251,20,0.7,2.4,0.7,251,20,0,28.28,-0.5,0,0,0,41.5,45.3,46.8,0.52,0.44,0.42
LAUR,2019-11-08 04:05:00 EST,42.52526,-75.13690,1627,22.0,21.6,22.0,95.1,20.9,0.000,0.000,0.00,0.000,1.0,1.7,0.4,286,13,1.4,2.4,0.3,287,13,1.4,2.4,0.3,287,13,0,28.28,-0.4,0,0,0,41.6,45.3,46.8,0.52,0.44,0.42
LAUR,2019-11-08 04:10:00 EST,42.52526,-75.13690,1627,22.2,21.6,22.2,95.1,21.0,0.000,0.000,0.00,0.000,0.9,1.9,0.4,283,19,1.3,2.9,0.4,282,19,1.3,2.9,0.4,282,19,0,28.28,-0.2,0,0,0,41.5,45.2,46.8,0.52,0.44,0.42
LAUR,2019-11-08 04:15:00 EST,42.52526,-75.13690,1627,22.3,21.7,22.3,95.3,21.2,0.000,0.000,0.00,0.000,2.1,4.0,1.0,287,21,2.3,4.9,1.0,285,23,2.3,4.9,1.0,285,23,0,28.28,-0.4,0,0,0,41.5,45.2,46.8,0.52,0.44,0.42
LAUR,2019-11-08 04:20:00 EST,42.52526,-75.13690,1627,22.4,21.8,22.4,95.3,21.3,0.000,0.000,0.00,0.000,1.9,2.9,0.6,303,20,2.1,4.2,0.6,303,22,2.1,4.2,0.6,303,22,0,28.29,-0.4,0,0,0,41.5,45.2,46.8,0.52,0.44,0.42
LAUR,2019-11-08 04:25:00 EST,42.52526,-75.13690,1627,22.6,21.9,22.6,95.5,21.5,0.000,0.000,0.00,0.000,2.2,4.2,0.7,309,17,2.2,4.5,0.6,310,19,2.2,4.5,0.6,310,19,0,28.29,-0.4,0,0,0,41.5,45.2,46.8,0.52,0.44,0.42
LAUR,2019-11-08 04:30:00 EST,42.52526,-75.13690,1627,22.8,22.2,22.8,95.5,21.7,0.000,0.000,0.00,0.000,1.8,3.7,0.8,305,14,2.0,3.9,0.7,302,17,2.0,3.9,0.7,302,17,0,28.29,-0.4,0,0,0,41.5,45.1,46.8,0.52,0.44,0.42
LAUR,2019-11-08 04:35:00 EST,42.52526,-75.13690,1627,23.1,22.5,23.1,95.3,21.9,0.000,0.000,0.00,0.000,1.7,3.1,0.5,294,14,2.0,3.4,0.6,293,15,2.0,3.4,0.6,293,15,0,28.28,-0.2,0,0,0,41.5,45.1,46.8,0.52,0.44,0.42
LAUR,2019-11-08 04:40:00 EST,42.52526,-75.13690,1627,23.2,22.7,18.9,95.0,22.0,0.000,0.000,0.00,0.000,3.1,5.4,0.9,289,19,3.3,7.4,1.2,288,17,3.3,7.4,1.2,288,17,0,28.29,-0.2,0,0,0,41.5,45.1,46.8,0.52,0.44,0.42
LAUR,2019-11-08 04:45:00 EST,42.52526,-75.13690,1627,23.4,22.7,23.4,94.6,22.1,0.000,0.000,0.00,0.000,2.5,3.8,0.5,303,14,2.6,4.5,0.6,302,13,2.6,4.5,0.6,302,13,0,28.28,-0.3,0,0,0,41.5,45.1,46.8,0.52,0.44,0.42
LAUR,2019-11-08 04:50:00 EST,42.52526,-75.13690,1627,23.4,22.8,18.4,94.7,22.1,0.000,0.000,0.00,0.000,3.7,5.9,0.8,298,13,3.8,6.6,0.9,297,13,3.8,6.6,0.9,297,13,0,28.29,-0.4,0,0,0,41.5,45.1,46.8,0.52,0.44,0.42
LAUR,2019-11-08 04:55:00 EST,42.52526,-75.13690,1627,23.4,22.8,23.4,94.3,22.0,0.000,0.000,0.00,0.000,2.1,5.1,1.4,349,31,2.6,6.7,1.5,356,30,2.6,6.7,1.5,356,30,0,28.29,-0.3,0,0,0,41.5,45.1,46.8,0.53,0.44,0.42
LAUR,2019-11-08 05:00:00 EST,42.52526,-75.13690,1627,23.3,22.7,23.3,94.5,21.9,0.000,0.000,0.00,0.000,1.5,4.0,0.9,26,23,2.0,4.3,0.8,28,30,2.0,4.3,0.8,28,30,0,28.29,-0.3,0,0,0,41.4,45.1,46.8,0.53,0.44,0.42
LAUR,2019-11-08 05:05:00 EST,42.52526,-75.13690,1627,23.1,22.4,23.1,94.9,21.8,0.000,0.000,0.00,0.000,1.8,6.8,1.6,17,39,2.3,7.7,1.6,17,40,2.3,7.7,1.6,17,40,0,28.29,-0.3,0,0,0,41.4,45.1,46.8,0.53,0.44,0.42
LAUR,2019-11-08 05:10:00 EST,42.52526,-75.13690,1627,23.1,22.5,19.1,95.3,22.0,0.000,0.000,0.00,0.000,2.7,7.9,1.6,324,18,3.1,7.3,1.4,327,20,3.1,7.3,1.4,327,20,0,28.30,-0.4,0,0,0,41.4,45.1,46.8,0.53,0.44,0.42
LAUR,2019-11-08 05:15:00 EST,42.52526,-75.13690,1627,23.1,22.4,18.0,95.0,21.8,0.006,0.006,0.00,0.006,3.0,6.6,1.6,331,31,3.8,7.7,1.5,334,31,3.8,7.7,1.5,334,31,0,28.30,-0.1,0,0,0,41.4,45.1,46.8,0.53,0.44,0.42
LAUR,2019-11-08 05:20:00 EST,42.52526,-75.13690,1627,22.8,22.2,16.5,94.4,21.4,0.002,0.007,0.00,0.007,4.3,8.0,1.4,327,27,4.8,8.3,1.5,329,27,4.8,8.3,1.5,329,27,0,28.30,-0.5,0,0,0,41.4,45.1,46.8,0.52,0.44,0.42
LAUR,2019-11-08 05:25:00 EST,42.52526,-75.13690,1627,22.6,22.0,17.4,94.2,21.2,0.004,0.011,0.00,0.011,3.3,6.7,1.4,330,23,3.9,8.0,1.4,333,23,3.9,8.0,1.4,333,23,0,28.30,-0.1,0,0,0,41.4,45.1,46.7,0.53,0.44,0.42
LAUR,2019-11-08 05:30:00 EST,42.52526,-75.13690,1627,22.3,21.8,16.9,94.4,21.0,0.006,0.018,0.00,0.018,3.2,5.8,1.1,350,19,4.0,6.8,1.4,352,17,4.0,6.8,1.4,352,17,0,28.30,0.2,0,0,0,41.4,45.1,46.8,0.52,0.44,0.42
LAUR,2019-11-08 05:35:00 EST,42.52526,-75.13690,1627,21.8,21.4,17.4,94.5,20.5,0.000,0.018,0.00,0.018,2.7,6.4,1.1,344,33,3.3,7.9,1.3,348,32,3.3,7.9,1.3,348,32,0,28.30,0.2,0,0,0,41.4,45.1,46.8,0.53,0.44,0.42
LAUR,2019-11-08 05:40:00 EST,42.52526,-75.13690,1627,21.5,21.1,15.2,94.1,20.0,0.000,0.018,0.00,0.018,4.0,6.7,1.3,329,17,4.6,8.1,1.4,332,18,4.6,8.1,1.4,332,18,0,28.30,0.3,0,0,0,41.4,45.1,46.8,0.53,0.44,0.42
LAUR,2019-11-08 05:45:00 EST,42.52526,-75.13690,1627,21.6,21.2,14.6,94.6,20.3,0.000,0.018,0.00,0.018,4.8,8.0,1.2,326,16,5.3,9.3,1.5,332,19,5.3,9.3,1.5,332,19,0,28.31,0.2,0,0,0,41.4,45.1,46.7,0.53,0.44,0.42
LAUR,2019-11-08 05:50:00 EST,42.52526,-75.13690,1627,21.6,21.1,15.3,94.6,20.3,0.000,0.018,0.00,0.018,4.0,8.8,1.7,333,27,4.6,12.3,2.0,334,29,4.6,12.3,2.0,334,29,0,28.31,0.3,0,0,0,41.4,45.1,46.7,0.53,0.44,0.42
LAUR,2019-11-08 05:55:00 EST,42.52526,-75.13690,1627,21.4,20.8,14.2,93.7,19.9,0.000,0.018,0.00,0.018,5.1,9.1,1.3,314,21,5.4,9.0,1.4,313,18,5.4,9.0,1.4,313,18,0,28.31,0.3,0,0,0,41.4,45.1,46.7,0.53,0.44,0.42
LAUR,2019-11-08 06:00:00 EST,42.52526,-75.13690,1627,21.2,20.7,14.6,93.6,19.6,0.000,0.018,0.00,0.018,4.5,8.8,1.4,332,22,4.8,9.1,1.5,338,22,4.8,9.1,1.5,338,22,0,28.32,0.2,0,0,0,41.4,45.1,46.7,0.53,0.44,0.42
LAUR,2019-11-08 06:05:00 EST,42.52526,-75.13690,1627,20.7,20.3,14.7,92.8,19.0,0.000,0.018,0.00,0.018,3.7,8.7,1.4,341,23,4.2,10.3,1.7,344,22,4.2,10.3,1.7,344,22,0,28.32,0.3,0,0,0,41.4,45.1,46.7,0.53,0.44,0.42
LAUR,2019-11-08 06:10:00 EST,42.52526,-75.13690,1627,20.5,20.1,15.0,92.5,18.6,0.000,0.018,0.00,0.018,3.4,6.7,1.3,334,15,3.8,8.2,1.5,338,16,3.8,8.2,1.5,338,16,0,28.32,0.2,0,0,0,41.4,45.1,46.7,0.53,0.44,0.42
LAUR,2019-11-08 06:15:00 EST,42.52526,-75.13690,1627,20.3,20.0,14.8,92.7,18.5,0.000,0.018,0.00,0.012,3.6,5.4,0.7,321,15,3.8,6.2,1.0,324,16,3.8,6.2,1.0,324,16,0,28.32,0.2,0,0,0,41.4,45.1,46.7,0.53,0.44,0.42
LAUR,2019-11-08 06:20:00 EST,42.52526,-75.13690,1627,20.1,19.9,12.1,92.7,18.4,0.000,0.018,0.00,0.010,5.9,12.0,2.2,315,15,6.0,11.6,2.1,316,18,6.0,11.6,2.1,316,18,0,28.32,0.2,0,0,0,41.4,45.1,46.6,0.53,0.44,0.42
LAUR,2019-11-08 06:25:00 EST,42.52526,-75.13690,1627,20.2,19.8,11.2,91.9,18.2,0.000,0.018,0.00,0.006,6.9,10.3,1.4,302,15,7.0,10.7,1.6,299,14,7.0,10.7,1.6,299,14,0,28.32,0.3,0,0,0,41.4,45.1,46.6,0.53,0.44,0.42
LAUR,2019-11-08 06:30:00 EST,42.52526,-75.13690,1627,20.0,19.6,12.6,91.5,17.9,0.000,0.018,0.00,0.000,5.2,10.2,1.6,316,15,5.3,11.9,1.8,315,18,5.3,11.9,1.8,315,18,0,28.33,0.2,0,0,0,41.4,45.1,46.6,0.53,0.44,0.42
LAUR,2019-11-08 06:35:00 EST,42.52526,-75.13690,1627,19.8,19.5,11.1,91.5,17.7,0.000,0.018,0.00,0.000,6.8,11.0,1.8,311,12,6.6,10.3,1.6,310,16,6.6,10.3,1.6,310,16,1,28.33,0.3,0,0,0,41.4,45.1,46.6,0.52,0.44,0.42
LAUR,2019-11-08 06:40:00 EST,42.52526,-75.13690,1627,19.9,19.5,11.4,91.3,17.8,0.000,0.018,0.00,0.000,6.5,12.2,1.5,311,16,6.5,10.8,1.5,308,16,6.5,10.8,1.5,308,16,2,28.34,0.3,0,0,0,41.4,45.1,46.6,0.53,0.44,0.42
LAUR,2019-11-08 06:45:00 EST,42.52526,-75.13690,1627,19.9,19.5,11.5,90.9,17.7,0.000,0.018,0.00,0.000,6.3,11.3,2.1,305,15,6.3,12.1,2.1,302,16,6.3,12.1,2.1,302,16,3,28.34,0.3,0,0,0,41.4,45.1,46.6,0.53,0.44,0.42
LAUR,2019-11-08 06:50:00 EST,42.52526,-75.13690,1627,19.7,19.4,12.2,91.1,17.5,0.000,0.018,0.00,0.000,5.2,7.9,1.0,300,14,5.3,8.1,1.1,296,14,5.3,8.1,1.1,296,14,4,28.34,0.3,0,0,0,41.3,45.1,46.6,0.53,0.44,0.42
LAUR,2019-11-08 06:55:00 EST,42.52526,-75.13690,1627,19.7,19.4,11.1,91.4,17.6,0.000,0.018,0.00,0.000,6.0,8.9,1.1,293,12,6.4,10.4,1.5,290,11,6.4,10.4,1.5,290,11,6,28.34,0.4,0,0,0,41.3,45.1,46.6,0.52,0.44,0.42
LAUR,2019-11-08 07:00:00 EST,42.52526,-75.13690,1627,19.7,19.4,11.9,91.2,17.5,0.000,0.018,0.00,0.000,5.6,10.9,1.4,305,15,5.6,13.5,1.7,303,16,5.6,13.5,1.7,303,16,9,28.34,0.3,0,0,0,41.3,45.1,46.6,0.53,0.44,0.42
LAUR,2019-11-08 07:05:00 EST,42.52526,-75.13690,1627,20.0,19.5,13.1,91.2,17.9,0.000,0.018,0.00,0.000,4.8,6.4,0.8,304,15,4.9,7.5,1.0,302,14,4.9,7.5,1.0,302,14,8,28.35,0.3,0,0,0,41.2,45.1,46.6,0.53,0.44,0.42
LAUR,2019-11-08 07:10:00 EST,42.52526,-75.13690,1627,20.0,19.5,13.3,91.5,18.0,0.000,0.018,0.00,0.000,4.9,8.3,1.6,309,14,4.8,8.1,1.5,308,15,4.8,8.1,1.5,308,15,11,28.35,0.4,0,0,0,41.2,45.1,46.6,0.52,0.44,0.42
LAUR,2019-11-08 07:15:00 EST,42.52526,-75.13690,1627,20.1,19.6,13.6,91.4,18.0,0.000,0.018,0.00,0.000,4.8,8.6,1.5,314,13,4.5,8.2,1.3,313,13,4.5,8.2,1.3,313,13,11,28.35,0.3,0,0,0,41.2,45.1,46.6,0.53,0.44,0.42
LAUR,2019-11-08 07:20:00 EST,42.52526,-75.13690,1627,20.1,19.5,11.5,90.8,17.9,0.000,0.018,0.00,0.000,6.4,11.0,1.7,320,20,6.6,12.2,1.7,319,21,6.6,12.2,1.7,319,21,13,28.35,0.3,0,0,0,41.2,45.1,46.6,0.53,0.44,0.42
LAUR,2019-11-08 07:25:00 EST,42.52526,-75.13690,1627,20.1,19.5,13.3,90.2,17.7,0.000,0.018,0.00,0.000,4.9,9.9,1.5,316,14,4.9,10.2,1.6,315,16,4.9,10.2,1.6,315,16,15,28.36,,0,0,0,41.2,45.0,46.6,0.53,0.44,0.42
LAUR,2019-11-08 07:30:00 EST,42.52526,-75.13690,1627,20.1,19.5,11.8,90.6,17.8,0.000,0.018,0.00,0.000,5.8,10.4,2.0,324,22,6.3,13.7,2.2,325,24,6.3,13.7,2.2,325,24,16,28.36,0.2,0,0,0,41.2,45.0,46.6,0.53,0.44,0.42
LAUR,2019-11-08 07:35:00 EST,42.52526,-75.13690,1627,20.1,19.5,12.6,89.9,17.6,0.000,0.018,0.00,0.000,5.0,9.8,1.7,320,24,5.4,9.8,1.8,320,22,5.4,9.8,1.8,320,22,19,28.36,0.2,0,0,0,41.2,45.0,46.6,0.53,0.44,0.42
LAUR,2019-11-08 07:40:00 EST,42.52526,-75.13690,1627,20.0,19.4,11.0,90.3,17.6,0.000,0.018,0.00,0.000,6.7,12.3,2.1,317,22,7.0,12.4,2.0,316,22,7.0,12.4,2.0,316,22,19,28.37,0.2,0,0,0,41.2,45.0,46.6,0.52,0.44,0.42
LAUR,2019-11-08 07:45:00 EST,42.52526,-75.13690,1627,20.0,19.4,14.5,90.5,17.6,0.000,0.018,0.00,0.000,3.3,7.3,1.4,347,27,3.8,7.8,1.5,351,21,3.8,7.8,1.5,351,21,33,28.37,0.1,0,0,0,41.2,45.0,46.6,0.53,0.44,0.42
LAUR,2019-11-08 07:50:00 EST,42.52526,-75.13690,1627,20.0,19.4,13.4,90.5,17.7,0.000,0.018,0.00,0.000,4.4,9.2,1.6,330,17,4.6,9.8,1.5,334,17,4.6,9.8,1.5,334,17,22,28.37,0.3,0,0,0,41.2,45.0,46.6,0.53,0.44,0.42
LAUR,2019-11-08 07:55:00 EST,42.52526,-75.13690,1627,19.9,19.4,13.1,90.7,17.7,0.000,0.018,0.00,0.000,4.3,8.5,1.8,339,23,4.9,10.7,2.1,344,21,4.9,10.7,2.1,344,21,40,28.37,0.3,0,0,0,41.2,45.0,46.6,0.53,0.44,0.42
LAUR,2019-11-08 08:00:00 EST,42.52526,-75.13690,1627,20.0,19.4,12.2,90.0,17.6,0.000,0.018,0.00,0.000,5.4,11.3,2.4,319,23,5.7,11.4,2.3,321,24,5.7,11.4,2.3,321,24,53,28.38,0.3,0,0,0,41.2,45.0,46.6,0.53,0.44,0.42
LAUR,2019-11-08 08:05:00 EST,42.52526,-75.13690,1627,20.1,19.5,13.1,90.2,17.7,0.000,0.018,0.00,0.000,4.8,9.5,1.6,323,19,5.0,9.3,1.4,325,19,5.0,9.3,1.4,325,19,35,28.38,0.3,0,0,0,41.2,45.0,46.6,0.53,0.44,0.42
LAUR,2019-11-08 08:10:00 EST,42.52526,-75.13690,1627,20.1,19.4,13.3,90.5,17.7,0.000,0.018,0.00,0.000,4.5,8.8,1.7,340,21,4.8,8.6,1.6,344,22,4.8,8.6,1.6,344,22,34,28.38,0.5,0,0,0,41.2,45.0,46.6,0.53,0.44,0.42
LAUR,2019-11-08 08:15:00 EST,42.52526,-75.13690,1627,20.0,19.4,12.4,91.1,17.9,0.000,0.018,0.00,0.000,5.4,9.7,1.8,323,29,5.6,10.6,1.9,326,27,5.6,10.6,1.9,326,27,56,28.38,0.1,0,0,0,41.2,45.0,46.6,0.53,0.44,0.42
LAUR,2019-11-08 08:20:00 EST,42.52526,-75.13690,1627,20.1,19.5,12.7,90.9,17.9,0.000,0.018,0.00,0.000,5.2,11.0,2.3,324,21,5.5,10.2,1.9,325,20,5.5,10.2,1.9,325,20,42,28.38,0.3,0,0,0,41.2,45.0,46.6,0.53,0.44,0.42
LAUR,2019-11-08 08:25:00 EST,42.52526,-75.13690,1627,20.0,19.5,12.6,90.8,17.8,0.000,0.018,0.00,0.000,5.4,9.6,2.3,317,17,5.4,9.6,1.9,319,20,5.4,9.6,1.9,319,20,48,28.38,,0,0,0,41.2,45.0,46.6,0.53,0.44,0.42
LAUR,2019-11-08 08:30:00 EST,42.52526,-75.13690,1627,20.2,19.6,11.4,89.7,17.6,0.000,0.018,0.00,0.000,6.9,14.2,2.4,319,21,6.8,12.2,2.0,319,19,6.8,12.2,2.0,319,19,98,28.38,0.2,0,0,0,41.2,45.0,46.6,0.53,0.44,0.42
LAUR,2019-11-08 08:35:00 EST,42.52526,-75.13690,1627,20.3,19.8,10.9,88.2,17.4,0.000,0.018,0.00,0.000,7.7,13.2,2.1,326,19,7.7,14.8,2.3,328,21,7.7,14.8,2.3,328,21,90,28.38,0.1,0,0,0,41.1,45.0,46.6,0.53,0.44,0.42
LAUR,2019-11-08 08:40:00 EST,42.52526,-75.13690,1627,20.3,19.8,11.6,88.0,17.4,0.000,0.018,0.00,0.000,6.8,14.4,2.5,318,19,6.9,15.2,2.4,317,22,6.9,15.2,2.4,317,22,77,28.38,0.0,0,0,0,41.2,45.0,46.6,0.53,0.44,0.42
LAUR,2019-11-08 08:45:00 EST,42.52526,-75.13690,1627,20.5,19.9,12.7,88.0,17.5,0.000,0.018,0.00,0.000,5.7,8.5,1.7,313,18,5.8,9.3,1.8,310,20,5.8,9.3,1.8,310,20,108,28.38,0.2,0,0,0,41.1,45.0,46.6,0.53,0.44,0.42
LAUR,2019-11-08 08:50:00 EST,42.52526,-75.13690,1627,20.6,20.1,12.8,87.4,17.5,0.000,0.018,0.00,0.000,5.7,11.5,1.9,314,20,5.8,9.6,1.7,316,20,5.8,9.6,1.7,316,20,98,28.39,0.2,0,0,0,41.0,45.0,46.6,0.53,0.44,0.42
LAUR,2019-11-08 08:55:00 EST,42.52526,-75.13690,1627,20.8,20.2,12.8,87.6,17.8,0.000,0.018,0.00,0.000,6.0,10.2,1.6,315,23,6.2,10.8,1.9,317,21,6.2,10.8,1.9,317,21,89,28.39,0.2,0,0,0,41.0,45.0,46.6,0.53,0.44,0.42
LAUR,2019-11-08 09:00:00 EST,42.52526,-75.13690,1627,20.9,20.3,10.8,87.4,17.7,0.000,0.018,0.00,0.000,8.3,16.7,2.8,331,22,8.7,17.7,3.0,334,21,8.7,17.7,3.0,334,21,84,28.39,0.2,0,0,0,41.0,45.0,46.6,0.53,0.44,0.42
LAUR,2019-11-08 09:05:00 EST,42.52526,-75.13690,1627,20.9,20.3,11.7,87.5,17.8,0.000,0.018,0.00,0.000,7.1,10.7,1.7,325,23,7.5,13.1,2.0,325,25,7.5,13.1,2.0,325,25,75,28.39,0.2,0,0,0,41.0,45.0,46.6,0.53,0.44,0.42
LAUR,2019-11-08 09:10:00 EST,42.52526,-75.13690,1627,21.1,20.5,15.0,88.9,18.3,0.000,0.018,0.00,0.000,3.9,6.9,1.3,320,26,4.4,7.7,1.3,318,26,4.4,7.7,1.3,318,26,95,28.39,0.4,0,0,0,41.0,45.0,46.6,0.53,0.44,0.42
LAUR,2019-11-08 09:15:00 EST,42.52526,-75.13690,1627,21.3,20.6,15.2,88.8,18.5,0.000,0.018,0.00,0.000,4.2,10.0,2.1,318,25,4.3,8.5,1.8,320,25,4.3,8.5,1.8,320,25,74,28.39,0.8,0,0,0,41.0,45.0,46.6,0.53,0.44,0.42
LAUR,2019-11-08 09:20:00 EST,42.52526,-75.13690,1627,21.3,20.6,13.9,88.6,18.5,0.000,0.018,0.00,0.000,5.5,11.1,2.2,328,25,5.6,10.2,1.9,331,25,5.6,10.2,1.9,331,25,68,28.39,0.9,0,0,0,41.0,45.0,46.6,0.53,0.44,0.42
LAUR,2019-11-08 09:25:00 EST,42.52526,-75.13690,1627,21.4,20.7,14.9,89.0,18.6,0.000,0.018,0.00,0.000,4.4,7.6,1.8,333,27,4.7,9.8,2.1,337,26,4.7,9.8,2.1,337,26,91,28.39,0.9,0,0,0,41.0,45.0,46.6,0.53,0.44,0.42
LAUR,2019-11-08 09:30:00 EST,42.52526,-75.13690,1627,21.3,20.7,12.8,87.4,18.2,0.000,0.018,0.00,0.000,6.4,12.8,2.3,329,20,6.8,13.9,2.2,331,21,6.8,13.9,2.2,331,21,84,28.40,0.8,0,0,0,41.0,45.0,46.6,0.53,0.44,0.42
LAUR,2019-11-08 09:35:00 EST,42.52526,-75.13690,1627,21.4,20.8,11.6,85.6,17.7,0.000,0.018,0.00,0.000,8.2,14.2,2.3,338,22,8.5,16.4,2.7,344,21,8.5,16.4,2.7,344,21,136,28.40,0.8,0,0,0,41.0,45.0,46.6,0.53,0.44,0.42
LAUR,2019-11-08 09:40:00 EST,42.52526,-75.13690,1627,21.5,20.8,12.3,84.6,17.6,0.000,0.018,0.00,0.000,7.0,16.8,2.7,343,28,7.7,18.5,2.9,347,24,7.7,18.5,2.9,347,24,151,28.40,0.7,0,0,0,41.0,45.0,46.6,0.53,0.44,0.42
LAUR,2019-11-08 09:45:00 EST,42.52526,-75.13690,1627,21.4,20.7,11.5,83.9,17.3,0.000,0.018,0.00,0.000,7.9,16.9,3.2,338,25,8.6,17.8,3.5,343,23,8.6,17.8,3.5,343,23,109,28.40,0.9,0,0,0,41.0,45.0,46.6,0.53,0.44,0.42
LAUR,2019-11-08 09:50:00 EST,42.52526,-75.13690,1627,21.6,20.9,13.6,84.4,17.6,0.000,0.018,0.00,0.000,5.8,11.5,1.9,329,22,6.2,16.0,2.2,333,21,6.2,16.0,2.2,333,21,181,28.40,0.9,0,0,0,41.0,44.9,46.6,0.53,0.44,0.42
LAUR,2019-11-08 09:55:00 EST,42.52526,-75.13690,1627,21.6,21.0,13.0,84.0,17.5,0.000,0.018,0.00,0.000,6.6,13.2,2.1,326,21,6.9,13.7,2.2,331,21,6.9,13.7,2.2,331,21,110,28.40,0.8,0,0,0,41.0,44.9,46.6,0.53,0.44,0.42
LAUR,2019-11-08 10:00:00 EST,42.52526,-75.13690,1627,21.9,21.2,16.2,85.9,18.4,0.000,0.018,0.00,0.000,3.9,9.7,2.4,318,32,4.2,9.8,2.1,319,33,4.2,9.8,2.1,319,33,160,28.40,0.7,0,0,0,41.0,44.9,46.6,0.53,0.44,0.42
LAUR,2019-11-08 10:05:00 EST,42.52526,-75.13690,1627,22.0,21.3,14.4,83.8,17.9,0.000,0.018,0.00,0.000,5.6,12.1,2.1,326,25,6.0,13.7,2.3,330,25,6.0,13.7,2.3,330,25,152,28.41,,0,0,0,41.0,44.9,46.6,0.53,0.44,0.42
LAUR,2019-11-08 10:10:00 EST,42.52526,-75.13690,1627,22.1,21.3,14.6,83.6,17.9,0.000,0.018,0.00,0.000,5.5,9.4,1.5,324,21,5.8,11.6,1.6,327,22,5.8,11.6,1.6,327,22,159,28.41,,0,0,0,41.0,44.8,46.6,0.53,0.44,0.42
LAUR,2019-11-08 10:15:00 EST,42.52526,-75.13690,1627,21.8,21.1,14.5,84.3,17.8,0.000,0.018,0.00,0.000,5.3,8.9,1.6,327,25,5.5,9.8,1.5,331,26,5.5,9.8,1.5,331,26,99,28.41,0.8,0,0,0,41.0,44.8,46.6,0.53,0.44,0.42
LAUR,2019-11-08 10:20:00 EST,42.52526,-75.13690,1627,22.0,21.2,13.0,82.5,17.5,0.000,0.018,0.00,0.000,7.0,11.8,2.3,322,24,7.5,13.9,2.7,327,24,7.5,13.9,2.7,327,24,214,28.41,,0,0,0,41.0,44.8,46.6,0.53,0.44,0.42
LAUR,2019-11-08 10:25:00 EST,42.52526,-75.13690,1627,22.3,21.5,13.9,81.6,17.5,0.000,0.018,0.00,0.000,6.6,11.3,2.0,310,18,6.9,12.5,1.9,310,18,6.9,12.5,1.9,310,18,223,28.41,,0,0,0,41.0,44.8,46.6,0.53,0.44,0.42
LAUR,2019-11-08 10:30:00 EST,42.52526,-75.13690,1627,22.3,21.6,14.2,80.2,17.1,0.000,0.018,0.00,0.000,6.6,13.5,2.5,319,21,6.5,13.8,2.2,322,20,6.5,13.8,2.2,322,20,188,28.41,,0,0,0,41.0,44.8,46.6,0.53,0.44,0.42
LAUR,2019-11-08 10:35:00 EST,42.52526,-75.13690,1627,22.6,21.8,15.2,81.1,17.6,0.000,0.018,0.00,0.000,5.6,9.4,1.7,324,22,5.7,9.4,1.7,326,22,5.7,9.4,1.7,326,22,182,28.41,,0,0,0,41.0,44.8,46.6,0.53,0.44,0.42
LAUR,2019-11-08 10:40:00 EST,42.52526,-75.13690,1627,22.7,21.9,15.2,81.5,17.9,0.000,0.018,0.00,0.000,5.7,11.9,2.6,316,24,6.0,13.3,2.5,318,27,6.0,13.3,2.5,318,27,164,28.41,,0,0,0,41.0,44.8,46.6,0.53,0.44,0.42
LAUR,2019-11-08 10:45:00 EST,42.52526,-75.13690,1627,22.4,21.8,14.8,82.8,18.0,0.000,0.018,0.00,0.000,5.8,11.5,1.8,329,23,6.0,14.5,2.3,332,25,6.0,14.5,2.3,332,25,121,28.41,,0,0,0,41.0,44.8,46.6,0.53,0.44,0.42
LAUR,2019-11-08 10:50:00 EST,42.52526,-75.13690,1627,22.1,21.5,14.6,82.6,17.6,0.000,0.018,0.00,0.000,5.4,9.6,2.2,337,24,5.9,10.8,2.5,341,20,5.9,10.8,2.5,341,20,93,28.41,0.8,0,0,0,40.9,44.8,46.6,0.53,0.44,0.42
LAUR,2019-11-08 10:55:00 EST,42.52526,-75.13690,1627,22.0,21.4,13.5,83.4,17.7,0.000,0.018,0.00,0.000,6.5,9.6,1.6,328,22,6.9,12.1,2.0,329,24,6.9,12.1,2.0,329,24,98,28.41,0.8,0,0,0,40.9,44.8,46.6,0.53,0.44,0.42
LAUR,2019-11-08 11:00:00 EST,42.52526,-75.13690,1627,22.6,21.9,14.4,83.1,18.2,0.000,0.018,0.00,0.000,6.7,11.0,1.8,309,17,6.7,11.1,1.9,308,16,6.7,11.1,1.9,308,16,237,28.41,0.9,0,0,0,40.9,44.8,46.6,0.53,0.44,0.42
LAUR,2019-11-08 11:05:00 EST,42.52526,-75.13690,1627,22.7,22.1,13.6,80.1,17.5,0.000,0.018,0.00,0.000,7.8,12.6,2.2,322,20,7.9,12.7,2.0,323,18,7.9,12.7,2.0,323,18,223,28.41,0.9,0,0,0,40.9,44.8,46.6,0.53,0.44,0.42
LAUR,2019-11-08 11:10:00 EST,42.52526,-75.13690,1627,23.3,22.5,14.1,78.8,17.7,0.000,0.018,0.00,0.000,8.2,15.1,2.4,316,22,8.2,16.6,2.5,318,24,8.2,16.6,2.5,318,24,292,28.41,0.8,0,0,0,40.8,44.8,46.5,0.53,0.44,0.42
LAUR,2019-11-08 11:15:00 EST,42.52526,-75.13690,1627,23.3,22.6,14.6,79.9,18.1,0.000,0.018,0.00,0.000,7.9,12.2,1.8,307,14,7.6,13.2,1.8,307,15,7.6,13.2,1.8,307,15,227,28.41,0.6,0,0,0,40.8,44.8,46.5,0.53,0.44,0.42
LAUR,2019-11-08 11:20:00 EST,42.52526,-75.13690,1627,23.3,22.6,14.0,80.4,18.1,0.000,0.018,0.00,0.000,8.3,12.8,1.9,310,18,8.3,13.3,2.0,310,20,8.3,13.3,2.0,310,20,171,28.40,0.2,0,0,0,40.8,44.8,46.5,0.53,0.44,0.42
LAUR,2019-11-08 11:25:00 EST,42.52526,-75.13690,1627,23.2,22.5,13.7,79.9,17.9,0.000,0.018,0.00,0.000,8.2,17.1,2.9,313,18,8.6,22.3,3.1,311,19,8.6,22.3,3.1,311,19,148,28.40,0.1,0,0,0,40.8,44.8,46.5,0.53,0.44,0.42
LAUR,2019-11-08 11:30:00 EST,42.52526,-75.13690,1627,23.1,22.4,14.4,80.8,18.0,0.000,0.018,0.00,0.000,6.9,13.2,2.6,323,22,7.4,14.3,2.7,326,23,7.4,14.3,2.7,326,23,119,28.41,0.5,0,0,0,40.8,44.8,46.4,0.53,0.44,0.42
LAUR,2019-11-08 11:35:00 EST,42.52526,-75.13690,1627,22.9,22.2,14.7,82.0,18.2,0.000,0.018,0.00,0.000,6.9,11.3,1.8,316,19,6.8,12.9,1.9,316,19,6.8,12.9,1.9,316,19,158,28.41,-0.5,0,0,0,40.8,44.8,46.4,0.53,0.44,0.42
LAUR,2019-11-08 11:40:00 EST,42.52526,-75.13690,1627,22.9,22.2,14.3,83.2,18.5,0.000,0.018,0.00,0.000,6.5,13.0,2.6,336,20,7.2,15.4,2.5,337,20,7.2,15.4,2.5,337,20,118,28.41,-0.4,0,0,0,40.8,44.8,46.4,0.53,0.44,0.42
LAUR,2019-11-08 11:45:00 EST,42.52526,-75.13690,1627,22.9,22.2,13.4,83.2,18.5,0.000,0.018,0.00,0.000,8.7,13.9,1.8,321,19,8.5,12.7,1.7,325,16,8.5,12.7,1.7,325,16,144,28.41,-0.5,0,0,0,40.8,44.8,46.4,0.53,0.44,0.42
LAUR,2019-11-08 11:50:00 EST,42.52526,-75.13690,1627,23.0,22.3,13.6,83.7,18.8,0.000,0.018,0.00,0.000,8.8,12.9,2.1,308,13,8.4,14.3,2.0,308,14,8.4,14.3,2.0,308,14,144,28.41,-0.3,0,0,0,40.8,44.8,46.4,0.53,0.44,0.42
LAUR,2019-11-08 11:55:00 EST,42.52526,-75.13690,1627,23.1,22.4,15.0,84.2,19.0,0.000,0.018,0.00,0.000,6.1,10.4,2.0,325,24,6.6,12.7,2.0,326,24,6.6,12.7,2.0,326,24,146,28.41,-0.5,0,0,0,40.8,44.8,46.4,0.53,0.44,0.42
LAUR,2019-11-08 12:00:00 EST,42.52526,-75.13690,1627,22.6,22.0,13.8,84.6,18.7,0.000,0.018,0.00,0.000,6.8,12.3,2.3,334,25,7.6,15.3,2.7,335,27,7.6,15.3,2.7,335,27,104,28.40,0.4,0,0,0,40.8,44.8,46.4,0.53,0.44,0.42
LAUR,2019-11-08 12:05:00 EST,42.52526,-75.13690,1627,22.4,21.8,14.7,86.5,19.0,0.000,0.018,0.00,0.000,5.8,10.4,2.3,327,21,6.1,12.5,2.3,330,21,6.1,12.5,2.3,330,21,138,28.40,-0.4,0,0,0,40.8,44.8,46.4,0.53,0.44,0.42
LAUR,2019-11-08 12:10:00 EST,42.52526,-75.13690,1627,22.7,22.0,15.2,88.0,19.6,0.000,0.018,0.00,0.000,5.6,10.9,1.7,320,24,5.9,11.9,1.8,322,22,5.9,11.9,1.8,322,22,97,28.40,-0.6,0,0,0,40.8,44.8,46.4,0.53,0.44,0.42
LAUR,2019-11-08 12:15:00 EST,42.52526,-75.13690,1627,22.4,21.7,14.2,87.2,19.1,0.008,0.026,0.00,0.008,6.2,12.9,2.5,332,23,6.6,13.2,2.4,337,22,6.6,13.2,2.4,337,22,84,28.40,-0.4,0,0,0,40.8,44.8,46.4,0.53,0.44,0.42
LAUR,2019-11-08 12:20:00 EST,42.52526,-75.13690,1627,21.9,21.3,15.0,88.9,19.2,0.002,0.028,0.00,0.010,4.9,7.8,1.3,323,28,5.3,11.0,1.7,324,29,5.3,11.0,1.7,324,29,72,28.40,,0,0,0,40.8,44.8,46.4,0.53,0.44,0.42
LAUR,2019-11-08 12:25:00 EST,42.52526,-75.13690,1627,22.0,21.4,13.9,89.0,19.3,0.000,0.028,0.00,0.010,6.4,12.6,2.2,333,20,6.5,10.7,2.0,335,19,6.5,10.7,2.0,335,19,109,28.40,0.8,0,0,0,40.8,44.8,46.4,0.53,0.44,0.42
LAUR,2019-11-08 12:30:00 EST,42.52526,-75.13690,1627,22.2,21.5,13.7,87.3,19.0,0.000,0.028,0.00,0.010,6.5,12.3,2.1,332,23,7.0,14.6,2.4,335,23,7.0,14.6,2.4,335,23,116,28.40,,0,0,0,40.8,44.8,46.4,0.53,0.44,0.42
LAUR,2019-11-08 12:35:00 EST,42.52526,-75.13690,1627,22.4,21.7,14.5,86.1,18.9,0.000,0.028,0.00,0.010,5.9,10.2,1.6,333,23,6.3,11.7,1.8,338,22,6.3,11.7,1.8,338,22,183,28.40,0.9,0,0,0,40.8,44.8,46.4,0.53,0.44,0.42
LAUR,2019-11-08 12:40:00 EST,42.52526,-75.13690,1627,22.9,22.0,14.7,84.7,19.0,0.000,0.028,0.00,0.010,6.0,12.6,2.0,344,24,6.8,16.5,2.2,349,21,6.8,16.5,2.2,349,21,241,28.40,,0,0,0,40.8,44.8,46.4,0.53,0.44,0.42
LAUR,2019-11-08 12:45:00 EST,42.52526,-75.13690,1627,22.8,22.1,14.8,85.2,19.0,0.000,0.028,0.00,0.010,6.1,9.6,1.6,327,23,6.5,11.0,1.8,329,22,6.5,11.0,1.8,329,22,114,28.40,0.6,0,0,0,40.8,44.7,46.4,0.53,0.44,0.42
LAUR,2019-11-08 12:50:00 EST,42.52526,-75.13690,1627,22.4,21.8,15.4,85.0,18.6,0.000,0.028,0.00,0.010,4.9,9.6,2.0,333,22,5.4,11.7,2.2,335,20,5.4,11.7,2.2,335,20,89,28.40,0.5,0,0,0,40.8,44.7,46.4,0.53,0.44,0.42
LAUR,2019-11-08 12:55:00 EST,42.52526,-75.13690,1627,22.6,21.9,14.9,85.4,18.8,0.000,0.028,0.00,0.010,5.9,10.8,1.9,317,20,6.1,10.7,1.9,317,21,6.1,10.7,1.9,317,21,124,28.41,0.5,0,0,0,40.8,44.7,46.4,0.53,0.44,0.42
LAUR,2019-11-08 13:00:00 EST,42.52526,-75.13690,1627,22.7,22.1,14.1,84.6,18.8,0.000,0.028,0.00,0.010,7.1,11.7,2.4,309,16,7.3,13.2,2.2,307,18,7.3,13.2,2.2,307,18,155,28.40,0.5,0,0,0,40.8,44.7,46.4,0.53,0.44,0.42
LAUR,2019-11-08 13:05:00 EST,42.52526,-75.13690,1627,22.8,22.2,12.4,83.4,18.6,0.000,0.028,0.00,0.010,10.5,21.7,4.1,310,15,10.0,20.2,3.8,311,17,10.0,20.2,3.8,311,17,151,28.40,0.1,0,0,0,40.7,44.6,46.4,0.53,0.44,0.42
LAUR,2019-11-08 13:10:00 EST,42.52526,-75.13690,1627,22.3,21.7,12.7,85.7,18.7,0.008,0.035,0.00,0.018,8.6,12.9,2.4,318,18,8.5,13.2,2.3,319,19,8.5,13.2,2.3,319,19,65,28.41,,0,0,0,40.7,44.6,46.4,0.53,0.44,0.42
LAUR,2019-11-08 13:15:00 EST,42.52526,-75.13690,1627,22.3,21.7,13.0,84.5,18.3,0.000,0.035,0.00,0.010,8.0,13.4,2.4,315,19,8.0,13.1,2.2,314,17,8.0,13.1,2.2,314,17,227,28.41,,0,0,0,40.7,44.6,46.4,0.53,0.44,0.42
LAUR,2019-11-08 13:20:00 EST,42.52526,-75.13690,1627,22.8,22.2,14.5,82.3,18.2,0.000,0.035,0.00,0.008,6.5,13.4,2.0,316,18,6.9,13.8,1.9,318,20,6.9,13.8,1.9,318,20,174,28.41,,0,0,0,40.7,44.6,46.4,0.53,0.44,0.42
LAUR,2019-11-08 13:25:00 EST,42.52526,-75.13690,1627,22.8,22.2,13.7,81.7,18.1,0.000,0.035,0.00,0.008,8.1,14.2,2.5,311,16,8.0,15.6,2.4,310,17,8.0,15.6,2.4,310,17,182,28.41,,0,0,0,40.6,44.6,46.4,0.53,0.44,0.42
LAUR,2019-11-08 13:30:00 EST,42.52526,-75.13690,1627,22.9,22.2,14.4,80.8,17.8,0.000,0.035,0.00,0.008,6.8,10.6,1.9,329,23,7.1,11.9,2.0,332,20,7.1,11.9,2.0,332,20,127,28.41,-0.0,0,0,0,40.6,44.6,46.4,0.53,0.44,0.42
LAUR,2019-11-08 13:35:00 EST,42.52526,-75.13690,1627,22.7,22.1,12.5,80.7,17.7,0.000,0.035,0.00,0.008,9.8,16.2,2.5,307,14,9.6,17.4,2.5,307,15,9.6,17.4,2.5,307,15,105,28.41,-0.4,0,0,0,40.6,44.6,46.4,0.53,0.44,0.42
LAUR,2019-11-08 13:40:00 EST,42.52526,-75.13690,1627,22.6,22.0,13.0,83.4,18.4,0.000,0.035,0.00,0.008,8.7,15.1,2.5,314,18,8.7,15.0,2.2,313,19,8.7,15.0,2.2,313,19,97,28.41,-0.1,0,0,0,40.6,44.6,46.4,0.53,0.44,0.42
LAUR,2019-11-08 13:45:00 EST,42.52526,-75.13690,1627,22.5,21.9,13.3,84.4,18.5,0.005,0.040,0.00,0.013,8.4,15.6,2.2,320,15,8.1,13.8,2.1,321,15,8.1,13.8,2.1,321,15,232,28.41,-0.3,0,0,0,40.6,44.6,46.4,0.53,0.44,0.42
LAUR,2019-11-08 13:50:00 EST,42.52526,-75.13690,1627,22.9,22.2,13.9,85.5,19.2,0.000,0.040,0.00,0.013,7.8,13.3,2.2,316,20,7.8,13.6,2.0,316,19,7.8,13.6,2.0,316,19,273,28.41,,0,0,0,40.6,44.6,46.4,0.53,0.44,0.42
LAUR,2019-11-08 13:55:00 EST,42.52526,-75.13690,1627,23.2,22.6,12.2,81.0,18.2,0.000,0.040,0.00,0.013,10.9,18.3,3.0,309,22,11.0,21.9,3.3,309,22,11.0,21.9,3.3,309,22,335,28.41,-0.4,0,0,0,40.6,44.6,46.4,0.53,0.44,0.42
LAUR,2019-11-08 14:00:00 EST,42.52526,-75.13690,1627,23.3,22.7,12.6,77.4,17.3,0.000,0.040,0.00,0.013,10.7,19.7,3.2,306,16,10.5,20.6,3.2,305,17,10.5,20.6,3.2,305,17,314,28.40,-0.0,0,0,0,40.6,44.6,46.4,0.53,0.44,0.42
LAUR,2019-11-08 14:05:00 EST,42.52526,-75.13690,1627,23.4,22.9,12.8,76.8,17.2,0.000,0.040,0.00,0.013,10.8,16.7,2.6,309,15,10.5,17.1,2.4,308,17,10.5,17.1,2.4,308,17,298,28.40,0.2,0,0,0,40.6,44.6,46.4,0.53,0.44,0.42
LAUR,2019-11-08 14:10:00 EST,42.52526,-75.13690,1627,23.8,23.2,14.1,76.4,17.5,0.000,0.040,0.00,0.005,9.1,15.5,2.7,304,15,9.3,17.1,2.7,300,15,9.3,17.1,2.7,300,15,379,28.40,,0,0,0,40.6,44.6,46.4,0.53,0.44,0.42
LAUR,2019-11-08 14:15:00 EST,42.52526,-75.13690,1627,24.3,23.6,15.5,75.7,17.7,0.000,0.040,0.00,0.005,7.7,13.7,2.6,304,19,7.9,15.2,2.5,302,20,7.9,15.2,2.5,302,20,370,28.40,0.1,0,0,0,40.6,44.6,46.4,0.53,0.44,0.42
LAUR,2019-11-08 14:20:00 EST,42.52526,-75.13690,1627,24.0,23.4,13.1,71.6,16.2,0.000,0.040,0.00,0.005,10.8,18.6,2.7,295,17,11.3,21.8,3.0,291,15,11.3,21.8,3.0,291,15,236,28.40,0.2,0,0,0,40.6,44.6,46.4,0.53,0.44,0.42
LAUR,2019-11-08 14:25:00 EST,42.52526,-75.13690,1627,23.2,22.6,11.2,72.6,15.7,0.000,0.040,0.00,0.005,12.8,18.3,2.5,297,16,13.1,20.1,2.8,295,15,13.1,20.1,2.8,295,15,87,28.41,-0.6,0,0,0,40.6,44.6,46.4,0.53,0.44,0.42
LAUR,2019-11-08 14:30:00 EST,42.52526,-75.13690,1627,23.0,22.5,13.5,77.8,17.1,0.000,0.040,0.00,0.005,8.4,13.7,2.4,299,18,8.7,14.9,2.7,298,16,8.7,14.9,2.7,298,16,241,28.41,0.4,0,0,0,40.6,44.6,46.4,0.53,0.44,0.42
LAUR,2019-11-08 14:35:00 EST,42.52526,-75.13690,1627,23.5,22.9,14.1,76.4,17.2,0.000,0.040,0.00,0.005,8.3,13.1,1.6,302,14,8.5,12.6,1.7,299,14,8.5,12.6,1.7,299,14,304,28.41,0.3,0,0,0,40.6,44.6,46.4,0.53,0.44,0.42
LAUR,2019-11-08 14:40:00 EST,42.52526,-75.13690,1627,23.3,22.7,12.4,76.0,16.9,0.000,0.040,0.00,0.005,11.2,17.3,2.4,301,14,11.0,19.5,2.7,299,13,11.0,19.5,2.7,299,13,115,28.41,0.4,0,0,0,40.6,44.6,46.4,0.53,0.44,0.42
LAUR,2019-11-08 14:45:00 EST,42.52526,-75.13690,1627,23.1,22.6,14.0,79.0,17.5,0.000,0.040,0.00,0.000,8.0,13.3,2.2,306,18,8.0,15.8,2.6,305,17,8.0,15.8,2.6,305,17,148,28.41,0.2,0,0,0,40.6,44.6,46.4,0.53,0.44,0.42
LAUR,2019-11-08 14:50:00 EST,42.52526,-75.13690,1627,23.1,22.6,13.3,78.5,17.5,0.000,0.040,0.00,0.000,9.3,15.5,1.9,304,14,9.1,15.3,1.9,304,15,9.1,15.3,1.9,304,15,273,28.42,0.1,0,0,0,40.6,44.6,46.4,0.53,0.44,0.42
LAUR,2019-11-08 14:55:00 EST,42.52526,-75.13690,1627,23.2,22.7,13.4,77.7,17.2,0.000,0.040,0.00,0.000,9.1,15.4,2.6,305,17,9.0,17.0,2.5,303,18,9.0,17.0,2.5,303,18,303,28.42,0.1,0,0,0,40.6,44.6,46.4,0.53,0.44,0.42
LAUR,2019-11-08 15:00:00 EST,42.52526,-75.13690,1627,23.0,22.5,14.0,77.3,16.9,0.000,0.040,0.00,0.000,7.9,14.4,2.3,306,16,7.7,14.0,2.3,305,14,7.7,14.0,2.3,305,14,185,28.42,0.2,0,0,0,40.6,44.6,46.4,0.53,0.44,0.42
LAUR,2019-11-08 15:05:00 EST,42.52526,-75.13690,1627,22.8,22.4,14.1,75.7,16.3,0.000,0.040,0.00,0.000,7.2,12.1,1.8,323,19,7.5,11.7,1.9,324,22,7.5,11.7,1.9,324,22,105,28.42,0.0,0,0,0,40.6,44.6,46.4,0.53,0.44,0.42
LAUR,2019-11-08 15:10:00 EST,42.52526,-75.13690,1627,22.8,22.3,14.8,75.3,16.2,0.000,0.040,0.00,0.000,6.7,12.3,2.3,320,18,6.5,11.0,2.0,321,19,6.5,11.0,2.0,321,19,124,28.42,-0.1,0,0,0,40.6,44.6,46.4,0.53,0.44,0.42
LAUR,2019-11-08 15:15:00 EST,42.52526,-75.13690,1627,22.9,22.3,15.4,76.9,16.7,0.000,0.040,0.00,0.000,5.6,9.8,2.2,318,19,6.0,10.7,1.9,319,20,6.0,10.7,1.9,319,20,82,28.42,0.0,0,0,0,40.5,44.6,46.4,0.53,0.44,0.42
LAUR,2019-11-08 15:20:00 EST,42.52526,-75.13690,1627,22.8,22.2,13.6,77.6,16.8,0.000,0.040,0.00,0.000,8.1,14.0,2.8,312,16,8.1,14.7,2.5,311,16,8.1,14.7,2.5,311,16,84,28.42,0.0,0,0,0,40.5,44.6,46.4,0.53,0.44,0.42
LAUR,2019-11-08 15:25:00 EST,42.52526,-75.13690,1627,22.8,22.3,12.7,77.1,16.7,0.000,0.040,0.00,0.000,9.1,14.2,2.8,317,21,9.3,16.1,3.0,318,22,9.3,16.1,3.0,318,22,108,28.43,-0.4,0,0,0,40.5,44.6,46.4,0.53,0.44,0.42
LAUR,2019-11-08 15:30:00 EST,42.52526,-75.13690,1627,22.8,22.3,12.7,75.5,16.2,0.000,0.040,0.00,0.000,9.5,14.3,2.2,307,17,9.5,14.4,2.1,308,17,9.5,14.4,2.1,308,17,118,28.43,-0.4,0,0,0,40.5,44.6,46.4,0.53,0.44,0.42
LAUR,2019-11-08 15:35:00 EST,42.52526,-75.13690,1627,22.8,22.3,14.1,75.8,16.3,0.000,0.040,0.00,0.000,7.3,11.8,1.6,303,15,7.4,11.1,1.5,301,17,7.4,11.1,1.5,301,17,97,28.43,-0.2,0,0,0,40.5,44.6,46.4,0.53,0.44,0.42
LAUR,2019-11-08 15:40:00 EST,42.52526,-75.13690,1627,22.6,22.2,13.2,76.8,16.4,0.000,0.040,0.00,0.000,8.3,13.6,2.2,304,13,8.2,15.7,2.3,303,14,8.2,15.7,2.3,303,14,58,28.43,-0.2,0,0,0,40.5,44.6,46.4,0.53,0.44,0.42
LAUR,2019-11-08 15:45:00 EST,42.52526,-75.13690,1627,22.5,22.1,13.1,76.6,16.3,0.000,0.040,0.00,0.000,8.1,15.3,3.1,312,20,8.3,14.5,2.7,312,21,8.3,14.5,2.7,312,21,70,28.43,-0.3,0,0,0,40.5,44.6,46.4,0.53,0.44,0.42
LAUR,2019-11-08 15:50:00 EST,42.52526,-75.13690,1627,22.5,22.0,14.2,77.1,16.4,0.000,0.040,0.00,0.000,6.6,13.2,2.3,315,18,6.8,12.4,2.1,315,18,6.8,12.4,2.1,315,18,84,28.43,-0.3,0,0,0,40.5,44.5,46.4,0.53,0.44,0.42
LAUR,2019-11-08 15:55:00 EST,42.52526,-75.13690,1627,22.2,21.9,13.8,77.2,16.2,0.000,0.040,0.00,0.000,6.6,11.6,1.9,319,21,6.9,14.2,2.0,319,22,6.9,14.2,2.0,319,22,54,28.43,-0.5,0,0,0,40.5,44.5,46.4,0.53,0.44,0.42
LAUR,2019-11-08 16:00:00 EST,42.52526,-75.13690,1627,22.1,21.7,14.0,76.8,15.9,0.000,0.040,0.00,0.000,6.4,10.0,1.7,321,19,6.5,11.7,1.7,321,21,6.5,11.7,1.7,321,21,45,28.43,0.2,0,0,0,40.5,44.4,46.3,0.53,0.44,0.42
LAUR,2019-11-08 16:05:00 EST,42.52526,-75.13690,1627,22.1,21.6,14.8,77.1,16.0,0.000,0.040,0.00,0.000,5.2,10.0,2.1,318,23,5.6,10.2,1.9,319,22,5.6,10.2,1.9,319,22,43,28.43,0.1,0,0,0,40.5,44.4,46.3,0.53,0.44,0.42
LAUR,2019-11-08 16:10:00 EST,42.52526,-75.13690,1627,21.9,21.5,14.1,77.9,16.0,0.000,0.040,0.00,0.000,5.7,10.2,1.8,315,20,6.1,11.2,1.7,316,21,6.1,11.2,1.7,316,21,36,28.43,0.1,0,0,0,40.5,44.4,46.3,0.53,0.44,0.42
LAUR,2019-11-08 16:15:00 EST,42.52526,-75.13690,1627,22.0,21.6,13.2,76.8,15.8,0.000,0.040,0.00,0.000,7.3,12.6,1.9,310,16,7.4,14.4,1.9,307,16,7.4,14.4,1.9,307,16,42,28.43,0.4,0,0,0,40.5,44.4,46.3,0.53,0.44,0.42
LAUR,2019-11-08 16:20:00 EST,42.52526,-75.13690,1627,22.1,21.6,13.6,77.0,16.0,0.000,0.040,0.00,0.000,6.8,12.4,2.2,317,21,7.0,14.1,2.2,317,22,7.0,14.1,2.2,317,22,28,28.44,0.2,0,0,0,40.5,44.4,46.2,0.53,0.44,0.42
LAUR,2019-11-08 16:25:00 EST,42.52526,-75.13690,1627,21.9,21.5,14.4,79.6,16.6,0.000,0.040,0.00,0.000,5.6,10.2,1.8,316,20,5.8,10.7,1.8,315,19,5.8,10.7,1.8,315,19,18,28.44,0.5,0,0,0,40.5,44.4,46.1,0.53,0.44,0.42
LAUR,2019-11-08 16:30:00 EST,42.52526,-75.13690,1627,21.9,21.4,15.0,80.8,16.9,0.000,0.040,0.00,0.000,4.8,8.9,2.1,321,21,5.2,10.7,2.0,324,22,5.2,10.7,2.0,324,22,13,28.44,0.3,0,0,0,40.5,44.4,46.1,0.53,0.44,0.42
LAUR,2019-11-08 16:35:00 EST,42.52526,-75.13690,1627,21.8,21.4,15.8,81.4,16.9,0.000,0.040,0.00,0.000,4.1,7.5,1.4,324,20,4.3,7.9,1.4,325,21,4.3,7.9,1.4,325,21,9,28.44,0.2,0,0,0,40.5,44.4,46.0,0.53,0.44,0.42
LAUR,2019-11-08 16:40:00 EST,42.52526,-75.13690,1627,21.8,21.3,15.5,82.5,17.3,0.000,0.040,0.00,0.000,4.8,10.3,2.1,316,18,4.7,10.5,1.9,316,18,4.7,10.5,1.9,316,18,8,28.44,0.4,0,0,0,40.4,44.4,46.0,0.53,0.44,0.42
LAUR,2019-11-08 16:45:00 EST,42.52526,-75.13690,1627,21.8,21.4,13.2,81.3,17.0,0.000,0.040,0.00,0.000,6.9,13.2,2.0,306,19,7.0,13.3,2.0,304,19,7.0,13.3,2.0,304,19,7,28.45,0.5,0,0,0,40.5,44.4,46.0,0.53,0.44,0.42
LAUR,2019-11-08 16:50:00 EST,42.52526,-75.13690,1627,21.7,21.4,11.5,77.8,15.9,0.000,0.040,0.00,0.000,9.3,14.2,2.2,304,15,9.2,15.4,2.1,302,15,9.2,15.4,2.1,302,15,5,28.44,0.5,0,0,0,40.4,44.4,46.0,0.53,0.44,0.42
LAUR,2019-11-08 16:55:00 EST,42.52526,-75.13690,1627,21.5,21.2,11.9,77.3,15.5,0.000,0.040,0.00,0.000,8.3,14.2,2.1,306,15,8.2,15.5,2.0,304,17,8.2,15.5,2.0,304,17,3,28.45,0.5,0,0,0,40.3,44.4,46.0,0.53,0.44,0.42
LAUR,2019-11-08 17:00:00 EST,42.52526,-75.13690,1627,21.3,21.0,10.8,76.8,15.1,0.000,0.040,0.00,0.000,9.5,13.9,2.1,302,13,9.5,15.2,2.0,300,13,9.5,15.2,2.0,300,13,1,28.45,0.5,0,0,0,40.3,44.4,46.0,0.53,0.44,0.42
LAUR,2019-11-08 17:05:00 EST,42.52526,-75.13690,1627,20.9,20.7,11.2,77.3,14.9,0.000,0.040,0.00,0.000,7.8,14.8,2.4,295,14,8.2,15.1,2.5,293,13,8.2,15.1,2.5,293,13,1,28.45,0.7,0,0,0,40.3,44.4,46.0,0.53,0.44,0.42
LAUR,2019-11-08 17:10:00 EST,42.52526,-75.13690,1627,21.0,20.7,11.3,76.8,14.8,0.000,0.040,0.00,0.000,8.1,13.9,2.3,298,17,8.2,14.5,2.2,296,13,8.2,14.5,2.2,296,13,0,28.45,0.5,0,0,0,40.3,44.4,46.0,0.53,0.44,0.42
LAUR,2019-11-08 17:15:00 EST,42.52526,-75.13690,1627,20.8,20.6,11.1,76.8,14.7,0.000,0.040,0.00,0.000,8.0,14.8,2.8,299,17,8.2,15.7,3.0,297,17,8.2,15.7,3.0,297,17,0,28.46,0.8,0,0,0,40.3,44.4,46.0,0.53,0.44,0.42
LAUR,2019-11-08 17:20:00 EST,42.52526,-75.13690,1627,20.6,20.4,12.9,77.0,14.5,0.000,0.040,0.00,0.000,5.5,10.4,1.9,306,18,5.7,9.7,1.7,303,17,5.7,9.7,1.7,303,17,0,28.46,0.6,0,0,0,40.3,44.4,46.0,0.53,0.44,0.42
LAUR,2019-11-08 17:25:00 EST,42.52526,-75.13690,1627,20.5,20.3,13.1,77.4,14.6,0.000,0.040,0.00,0.000,5.2,9.8,1.6,304,19,5.4,10.4,1.6,304,19,5.4,10.4,1.6,304,19,0,28.46,0.6,0,0,0,40.3,44.4,46.0,0.53,0.44,0.42
LAUR,2019-11-08 17:30:00 EST,42.52526,-75.13690,1627,20.2,20.1,14.7,77.6,14.3,0.000,0.040,0.00,0.000,3.4,6.7,1.6,299,21,3.8,7.8,1.6,299,22,3.8,7.8,1.6,299,22,0,28.46,0.6,0,0,0,40.3,44.4,46.0,0.53,0.44,0.42
LAUR,2019-11-08 17:35:00 EST,42.52526,-75.13690,1627,20.1,20.0,14.8,78.6,14.6,0.000,0.040,0.00,0.000,3.2,8.3,1.8,300,27,3.7,7.4,1.7,296,25,3.7,7.4,1.7,296,25,0,28.46,0.7,0,0,0,40.3,44.4,46.0,0.53,0.44,0.42
LAUR,2019-11-08 17:40:00 EST,42.52526,-75.13690,1627,20.2,20.0,13.7,78.6,14.6,0.000,0.040,0.00,0.000,4.2,9.0,1.7,294,18,4.5,9.3,1.6,292,18,4.5,9.3,1.6,292,18,0,28.46,0.6,0,0,0,40.3,44.4,46.0,0.53,0.44,0.42
LAUR,2019-11-08 17:45:00 EST,42.52526,-75.13690,1627,20.5,20.1,14.4,78.6,14.9,0.000,0.040,0.00,0.000,4.4,7.8,1.4,308,16,4.3,7.5,1.3,307,16,4.3,7.5,1.3,307,16,0,28.47,0.6,0,0,0,40.3,44.4,46.0,0.53,0.44,0.42
LAUR,2019-11-08 17:50:00 EST,42.52526,-75.13690,1627,19.9,19.9,15.4,79.0,14.5,0.000,0.040,0.00,0.000,2.9,6.1,1.4,296,20,3.1,7.0,1.4,291,21,3.1,7.0,1.4,291,21,0,28.47,0.5,0,0,0,40.3,44.4,46.0,0.53,0.44,0.42
LAUR,2019-11-08 17:55:00 EST,42.52526,-75.13690,1627,20.0,19.9,14.3,79.7,14.7,0.000,0.040,0.00,0.000,3.7,5.8,0.8,293,19,3.9,6.2,0.8,293,17,3.9,6.2,0.8,293,17,0,28.47,0.5,0,0,0,40.3,44.4,46.0,0.53,0.44,0.42
LAUR,2019-11-08 18:00:00 EST,42.52526,-75.13690,1627,20.2,20.0,14.4,79.8,15.0,0.000,0.040,0.00,0.000,3.8,7.7,1.3,294,19,4.1,8.6,1.3,293,19,4.1,8.6,1.3,293,19,0,28.47,0.7,0,0,0,40.3,44.4,46.0,0.53,0.44,0.42
LAUR,2019-11-08 18:05:00 EST,42.52526,-75.13690,1627,20.3,20.0,15.9,79.9,15.1,0.000,0.040,0.00,0.000,3.0,6.9,1.2,308,20,3.1,8.5,1.3,306,17,3.1,8.5,1.3,306,17,0,28.47,0.7,0,0,0,40.3,44.4,46.0,0.53,0.44,0.42
LAUR,2019-11-08 18:10:00 EST,42.52526,-75.13690,1627,20.2,19.9,20.2,80.2,15.0,0.000,0.040,0.00,0.000,2.9,7.3,1.8,308,17,2.9,6.5,1.5,307,18,2.9,6.5,1.5,307,18,0,28.48,0.6,0,0,0,40.3,44.4,46.0,0.53,0.44,0.42
LAUR,2019-11-08 18:15:00 EST,42.52526,-75.13690,1627,19.8,19.7,19.8,80.0,14.6,0.000,0.040,0.00,0.000,2.0,4.1,0.6,276,20,2.4,4.9,0.7,276,17,2.4,4.9,0.7,276,17,0,28.48,0.7,0,0,0,40.3,44.4,46.0,0.53,0.44,0.42
LAUR,2019-11-08 18:20:00 EST,42.52526,-75.13690,1627,19.5,19.7,19.5,80.4,14.4,0.000,0.040,0.00,0.000,2.6,4.5,0.8,261,13,2.9,5.2,0.9,261,14,2.9,5.2,0.9,261,14,0,28.48,0.6,0,0,0,40.3,44.4,46.0,0.53,0.44,0.42
LAUR,2019-11-08 18:25:00 EST,42.52526,-75.13690,1627,19.0,19.5,19.0,82.4,14.5,0.000,0.040,0.00,0.000,1.4,2.8,0.7,259,20,1.8,3.3,0.7,265,25,1.8,3.3,0.7,265,25,0,28.48,0.6,0,0,0,40.3,44.4,46.0,0.53,0.44,0.42
LAUR,2019-11-08 18:30:00 EST,42.52526,-75.13690,1627,19.2,19.4,19.2,83.8,15.1,0.000,0.040,0.00,0.000,2.1,3.6,0.8,289,26,2.5,4.6,0.9,287,26,2.5,4.6,0.9,287,26,0,28.49,0.7,0,0,0,40.2,44.4,46.0,0.53,0.44,0.42
LAUR,2019-11-08 18:35:00 EST,42.52526,-75.13690,1627,19.5,19.5,19.5,83.2,15.2,0.000,0.040,0.00,0.000,1.6,3.1,0.6,266,19,2.0,3.7,0.6,268,21,2.0,3.7,0.6,268,21,0,28.49,0.8,0,0,0,40.1,44.4,46.0,0.53,0.44,0.42
LAUR,2019-11-08 18:40:00 EST,42.52526,-75.13690,1627,19.8,19.7,19.8,83.0,15.5,0.000,0.040,0.00,0.000,2.3,6.5,1.1,276,22,2.7,8.7,1.2,276,21,2.7,8.7,1.2,276,21,0,28.49,0.7,0,0,0,40.1,44.4,46.0,0.53,0.44,0.42
LAUR,2019-11-08 18:45:00 EST,42.52526,-75.13690,1627,19.9,19.7,14.0,82.4,15.4,0.000,0.040,0.00,0.000,3.8,5.8,0.9,281,17,4.1,6.4,1.0,280,16,4.1,6.4,1.0,280,16,0,28.49,0.8,0,0,0,40.1,44.4,46.0,0.53,0.44,0.42
LAUR,2019-11-08 18:50:00 EST,42.52526,-75.13690,1627,19.9,19.8,12.5,82.2,15.3,0.000,0.040,0.00,0.000,5.1,8.8,1.4,297,15,5.3,10.2,1.4,294,14,5.3,10.2,1.4,294,14,0,28.49,0.8,0,0,0,40.1,44.3,46.0,0.53,0.44,0.42
LAUR,2019-11-08 18:55:00 EST,42.52526,-75.13690,1627,20.2,19.9,13.1,81.5,15.4,0.000,0.040,0.00,0.000,4.9,9.7,1.3,296,15,5.1,9.9,1.5,295,15,5.1,9.9,1.5,295,15,0,28.49,0.8,0,0,0,40.1,44.4,46.0,0.53,0.44,0.42
LAUR,2019-11-08 19:00:00 EST,42.52526,-75.13690,1627,20.6,20.2,13.0,80.5,15.5,0.000,0.040,0.00,0.000,5.6,8.7,1.0,303,17,5.6,9.0,1.1,303,17,5.6,9.0,1.1,303,17,0,28.49,0.7,0,0,0,40.1,44.1,46.0,0.53,0.44,0.42
LAUR,2019-11-08 19:05:00 EST,42.52526,-75.13690,1627,20.7,20.3,12.7,79.7,15.4,0.000,0.040,0.00,0.000,5.8,10.0,1.9,298,18,6.1,10.9,1.8,297,18,6.1,10.9,1.8,297,18,0,28.49,0.7,0,0,0,40.1,44.2,46.0,0.53,0.44,0.42
LAUR,2019-11-08 19:10:00 EST,42.52526,-75.13690,1627,20.6,20.3,13.0,80.1,15.5,0.000,0.040,0.00,0.000,5.6,10.4,1.6,298,13,5.7,10.2,1.5,297,13,5.7,10.2,1.5,297,13,0,28.49,0.8,0,0,0,40.1,44.2,46.0,0.53,0.44,0.42
LAUR,2019-11-08 19:15:00 EST,42.52526,-75.13690,1627,20.7,20.3,11.6,79.7,15.4,0.000,0.040,0.00,0.000,6.9,11.1,1.3,285,10,7.4,13.2,1.5,283,9,7.4,13.2,1.5,283,9,0,28.49,0.7,0,0,0,40.1,44.1,46.0,0.53,0.44,0.42
LAUR,2019-11-08 19:20:00 EST,42.52526,-75.13690,1627,20.5,20.2,12.1,80.2,15.4,0.000,0.040,0.00,0.000,6.2,8.4,0.9,290,15,6.5,8.6,0.9,287,14,6.5,8.6,0.9,287,14,0,28.49,0.7,0,0,0,40.1,44.1,46.0,0.53,0.44,0.42
LAUR,2019-11-08 19:25:00 EST,42.52526,-75.13690,1627,20.4,20.2,10.8,81.0,15.5,0.000,0.040,0.00,0.000,7.4,10.4,1.2,288,10,7.9,11.2,1.5,286,9,7.9,11.2,1.5,286,9,0,28.50,0.7,0,0,0,40.1,44.1,46.0,0.53,0.44,0.42
LAUR,2019-11-08 19:30:00 EST,42.52526,-75.13690,1627,20.3,20.1,10.6,80.6,15.3,0.000,0.040,0.00,0.000,7.6,10.5,1.1,290,11,8.0,11.6,1.4,288,11,8.0,11.6,1.4,288,11,0,28.49,0.7,0,0,0,40.1,44.1,46.0,0.53,0.44,0.42
LAUR,2019-11-08 19:35:00 EST,42.52526,-75.13690,1627,20.1,20.0,10.6,81.3,15.3,0.000,0.040,0.00,0.000,7.4,9.9,1.0,292,9,7.7,10.4,1.3,289,8,7.7,10.4,1.3,289,8,0,28.49,0.7,0,0,0,40.1,44.1,46.0,0.53,0.44,0.42
LAUR,2019-11-08 19:40:00 EST,42.52526,-75.13690,1627,20.1,19.9,10.8,81.8,15.5,0.000,0.040,0.00,0.000,7.2,11.0,1.2,293,11,7.4,12.8,1.6,291,12,7.4,12.8,1.6,291,12,0,28.49,0.8,0,0,0,40.1,44.1,46.0,0.53,0.44,0.42
LAUR,2019-11-08 19:45:00 EST,42.52526,-75.13690,1627,20.2,19.9,11.2,82.1,15.7,0.000,0.040,0.00,0.000,7.2,10.2,1.3,297,9,7.1,10.2,1.3,296,10,7.1,10.2,1.3,296,10,0,28.49,0.7,0,0,0,40.1,44.1,46.0,0.53,0.44,0.42
LAUR,2019-11-08 19:50:00 EST,42.52526,-75.13690,1627,20.1,19.8,10.5,82.0,15.5,0.000,0.040,0.00,0.000,7.3,9.9,1.0,287,12,7.8,10.9,1.4,285,11,7.8,10.9,1.4,285,11,0,28.49,0.8,0,0,0,40.1,44.1,46.0,0.53,0.44,0.42
LAUR,2019-11-08 19:55:00 EST,42.52526,-75.13690,1627,19.8,19.7,10.6,82.9,15.4,0.000,0.040,0.00,0.000,6.9,9.5,1.0,291,12,7.2,10.3,1.3,288,10,7.2,10.3,1.3,288,10,0,28.49,0.9,0,0,0,40.1,44.1,46.0,0.53,0.44,0.42
LAUR,2019-11-08 20:00:00 EST,42.52526,-75.13690,1627,19.8,19.6,9.8,83.5,15.6,0.000,0.040,0.00,0.000,7.8,11.3,1.3,290,13,8.3,12.6,1.7,288,11,8.3,12.6,1.7,288,11,0,28.49,0.9,0,0,0,40.1,44.1,46.0,0.53,0.44,0.42
LAUR,2019-11-08 20:05:00 EST,42.52526,-75.13690,1627,19.9,19.5,9.5,83.8,15.8,0.000,0.040,0.00,0.000,8.0,12.4,1.1,288,10,8.7,14.5,1.6,285,9,8.7,14.5,1.6,285,9,0,28.49,0.8,0,0,0,40.0,44.1,46.0,0.53,0.44,0.42
LAUR,2019-11-08 20:10:00 EST,42.52526,-75.13690,1627,19.8,19.5,9.4,83.9,15.7,0.000,0.040,0.00,0.000,8.3,11.3,1.4,290,10,8.8,13.1,1.5,287,9,8.8,13.1,1.5,287,9,0,28.49,0.9,0,0,0,40.0,44.1,46.0,0.53,0.44,0.42
LAUR,2019-11-08 20:15:00 EST,42.52526,-75.13690,1627,19.6,19.3,10.1,84.2,15.6,0.000,0.040,0.00,0.000,7.0,11.4,1.2,287,12,7.5,12.7,1.4,284,10,7.5,12.7,1.4,284,10,0,28.49,0.9,0,0,0,39.9,44.1,46.0,0.53,0.44,0.42
LAUR,2019-11-08 20:20:00 EST,42.52526,-75.13690,1627,19.3,19.1,11.2,84.6,15.4,0.000,0.040,0.00,0.000,5.5,9.1,1.2,285,12,5.9,9.5,1.2,284,10,5.9,9.5,1.2,284,10,0,28.49,0.8,0,0,0,40.0,44.1,46.0,0.53,0.44,0.42
LAUR,2019-11-08 20:25:00 EST,42.52526,-75.13690,1627,19.2,19.0,10.4,85.2,15.5,0.000,0.040,0.00,0.000,6.1,8.9,0.9,285,11,6.6,9.6,1.1,284,9,6.6,9.6,1.1,284,9,0,28.50,0.8,0,0,0,39.9,44.1,46.0,0.53,0.44,0.42
LAUR,2019-11-08 20:30:00 EST,42.52526,-75.13690,1627,18.9,18.8,10.9,85.6,15.3,0.000,0.040,0.00,0.000,5.3,7.7,1.3,281,9,5.8,9.3,1.5,279,8,5.8,9.3,1.5,279,8,0,28.50,0.9,0,0,0,39.9,44.1,46.0,0.53,0.44,0.42
LAUR,2019-11-08 20:35:00 EST,42.52526,-75.13690,1627,18.7,18.6,10.0,86.3,15.3,0.000,0.040,0.00,0.000,5.8,9.1,1.1,279,12,6.3,10.7,1.3,277,10,6.3,10.7,1.3,277,10,0,28.50,0.9,0,0,0,39.9,44.1,45.9,0.53,0.44,0.42
LAUR,2019-11-08 20:40:00 EST,42.52526,-75.13690,1627,18.5,18.5,10.6,87.2,15.3,0.000,0.040,0.00,0.000,5.2,8.4,1.3,286,13,5.6,10.2,1.3,283,11,5.6,10.2,1.3,283,11,0,28.50,0.8,0,0,0,39.9,44.1,46.0,0.53,0.44,0.42
LAUR,2019-11-08 20:45:00 EST,42.52526,-75.13690,1627,18.5,18.4,9.8,87.5,15.4,0.000,0.040,0.00,0.000,6.0,9.7,1.2,282,13,6.5,11.0,1.4,279,12,6.5,11.0,1.4,279,12,0,28.50,0.9,0,0,0,39.9,44.1,45.9,0.53,0.44,0.42
LAUR,2019-11-08 20:50:00 EST,42.52526,-75.13690,1627,18.3,18.3,11.7,87.6,15.2,0.000,0.040,0.00,0.000,3.9,6.4,1.0,271,18,4.4,7.8,1.2,270,16,4.4,7.8,1.2,270,16,0,28.50,0.7,0,0,0,39.9,44.1,45.9,0.53,0.44,0.42
LAUR,2019-11-08 20:55:00 EST,42.52526,-75.13690,1627,18.0,18.2,11.9,88.7,15.2,0.000,0.040,0.00,0.000,3.6,5.8,1.0,268,20,4.0,7.3,1.1,268,19,4.0,7.3,1.1,268,19,0,28.50,0.8,0,0,0,39.9,44.1,45.9,0.53,0.44,0.42
LAUR,2019-11-08 21:00:00 EST,42.52526,-75.13690,1627,18.2,18.2,18.2,89.9,15.7,0.000,0.040,0.00,0.000,2.7,4.6,0.9,236,20,3.0,5.4,1.0,238,21,3.0,5.4,1.0,238,21,0,28.50,0.8,0,0,0,39.9,44.1,45.9,0.53,0.44,0.42
LAUR,2019-11-08 21:05:00 EST,42.52526,-75.13690,1627,18.0,18.0,12.7,90.0,15.6,0.000,0.040,0.00,0.000,3.3,5.6,1.1,237,15,3.5,6.4,1.2,239,16,3.5,6.4,1.2,239,16,0,28.50,0.8,0,0,0,39.9,44.1,45.9,0.53,0.44,0.42
LAUR,2019-11-08 21:10:00 EST,42.52526,-75.13690,1627,18.0,18.0,18.0,90.1,15.5,0.000,0.040,0.00,0.000,2.5,5.5,1.0,273,15,2.9,6.8,1.1,272,14,2.9,6.8,1.1,272,14,0,28.50,0.8,0,0,0,39.9,44.1,45.9,0.53,0.44,0.42
LAUR,2019-11-08 21:15:00 EST,42.52526,-75.13690,1627,17.8,17.9,17.8,90.0,15.3,0.000,0.040,0.00,0.000,2.6,5.9,1.1,292,14,2.8,5.6,1.0,292,15,2.8,5.6,1.0,292,15,0,28.50,0.7,0,0,0,39.9,44.1,45.9,0.53,0.44,0.42
LAUR,2019-11-08 21:20:00 EST,42.52526,-75.13690,1627,17.7,17.8,13.0,90.1,15.2,0.000,0.040,0.00,0.000,2.7,4.2,0.9,283,18,3.0,5.2,1.0,282,15,3.0,5.2,1.0,282,15,0,28.50,0.8,0,0,0,39.9,44.1,45.9,0.53,0.44,0.42
LAUR,2019-11-08 21:25:00 EST,42.52526,-75.13690,1627,17.5,17.8,17.5,90.0,15.1,0.000,0.040,0.00,0.000,2.0,3.4,0.6,277,21,2.4,4.1,0.7,277,21,2.4,4.1,0.7,277,21,0,28.50,0.8,0,0,0,39.9,44.1,45.9,0.53,0.44,0.42
LAUR,2019-11-08 21:30:00 EST,42.52526,-75.13690,1627,17.4,17.8,17.4,90.3,15.1,0.000,0.040,0.00,0.000,2.1,4.4,0.9,266,22,2.5,4.9,0.9,266,21,2.5,4.9,0.9,266,21,0,28.51,0.8,0,0,0,39.9,44.1,45.9,0.53,0.44,0.42
LAUR,2019-11-08 21:35:00 EST,42.52526,-75.13690,1627,17.6,17.8,13.0,90.3,15.2,0.000,0.040,0.00,0.000,2.6,6.1,1.4,265,19,3.0,7.2,1.5,266,18,3.0,7.2,1.5,266,18,0,28.51,0.7,0,0,0,39.9,44.1,45.9,0.53,0.44,0.42
LAUR,2019-11-08 21:40:00 EST,42.52526,-75.13690,1627,17.3,17.7,17.3,89.7,14.8,0.000,0.040,0.00,0.000,2.2,4.2,0.7,262,12,2.5,4.7,0.7,263,13,2.5,4.7,0.7,263,13,0,28.51,0.8,0,0,0,39.9,44.0,45.9,0.53,0.44,0.42
LAUR,2019-11-08 21:45:00 EST,42.52526,-75.13690,1627,17.8,17.9,17.8,90.2,15.4,0.000,0.040,0.00,0.000,1.8,3.7,0.8,262,24,2.2,4.2,0.9,263,23,2.2,4.2,0.9,263,23,0,28.51,0.8,0,0,0,39.9,44.1,45.9,0.53,0.44,0.42
LAUR,2019-11-08 21:50:00 EST,42.52526,-75.13690,1627,17.1,17.7,17.1,89.0,14.4,0.000,0.040,0.00,0.000,1.1,3.2,0.9,265,23,1.6,4.9,1.0,263,25,1.6,4.9,1.0,263,25,0,28.51,0.7,0,0,0,39.9,44.0,45.9,0.53,0.44,0.42
LAUR,2019-11-08 21:55:00 EST,42.52526,-75.13690,1627,17.6,17.8,17.6,90.1,15.2,0.000,0.040,0.00,0.000,2.6,4.7,0.7,272,18,3.0,4.7,0.7,273,18,3.0,4.7,0.7,273,18,0,28.51,0.8,0,0,0,39.9,44.0,45.9,0.53,0.44,0.42
LAUR,2019-11-08 22:00:00 EST,42.52526,-75.13690,1627,17.4,17.7,17.4,89.4,14.8,0.000,0.040,0.00,0.000,0.9,2.7,0.7,266,14,1.4,3.0,0.7,265,17,1.4,3.0,0.7,265,17,0,28.51,0.6,0,0,0,39.9,44.0,45.9,0.53,0.44,0.42
LAUR,2019-11-08 22:05:00 EST,42.52526,-75.13690,1627,17.2,17.6,17.2,89.8,14.7,0.000,0.040,0.00,0.000,1.8,4.5,0.9,255,18,2.3,5.0,1.0,256,20,2.3,5.0,1.0,256,20,0,28.51,0.7,0,0,0,39.9,43.9,45.9,0.53,0.44,0.42
LAUR,2019-11-08 22:10:00 EST,42.52526,-75.13690,1627,17.1,17.5,17.1,90.3,14.8,0.000,0.040,0.00,0.000,1.7,3.2,0.7,242,13,2.0,3.9,0.7,241,13,2.0,3.9,0.7,241,13,0,28.51,0.5,0,0,0,39.8,43.9,45.9,0.53,0.44,0.42
LAUR,2019-11-08 22:15:00 EST,42.52526,-75.13690,1627,16.6,17.4,16.6,90.5,14.3,0.000,0.040,0.00,0.000,1.2,3.0,0.9,232,14,1.5,3.6,1.0,232,18,1.5,3.6,1.0,232,18,0,28.51,0.6,0,0,0,39.7,43.9,45.9,0.53,0.44,0.42
LAUR,2019-11-08 22:20:00 EST,42.52526,-75.13690,1627,15.9,17.2,15.9,90.7,13.6,0.000,0.040,0.00,0.000,0.3,1.2,0.4,161,13,0.8,1.8,0.5,166,22,0.8,1.8,0.5,166,22,0,28.51,0.6,0,0,0,39.7,43.9,45.9,0.53,0.44,0.42
LAUR,2019-11-08 22:25:00 EST,42.52526,-75.13690,1627,16.1,17.1,16.1,91.7,14.1,0.000,0.040,0.00,0.000,1.4,2.7,0.4,174,19,1.7,3.0,0.4,173,18,1.7,3.0,0.4,173,18,0,28.51,0.5,0,0,0,39.7,43.9,45.9,0.53,0.44,0.42
LAUR,2019-11-08 22:30:00 EST,42.52526,-75.13690,1627,14.7,16.9,14.7,88.9,12.1,0.000,0.040,0.00,0.000,0.7,2.0,0.6,174,17,1.1,2.2,0.6,167,23,1.1,2.2,0.6,167,23,0,28.51,0.8,0,0,0,39.7,43.9,45.9,0.53,0.44,0.42
LAUR,2019-11-08 22:35:00 EST,42.52526,-75.13690,1627,15.6,17.1,15.6,91.3,13.5,0.000,0.040,0.00,0.000,1.3,2.6,0.5,191,21,1.6,3.0,0.5,189,22,1.6,3.0,0.5,189,22,0,28.51,0.5,0,0,0,39.7,43.9,45.9,0.53,0.44,0.42
LAUR,2019-11-08 22:40:00 EST,42.52526,-75.13690,1627,16.0,17.3,16.0,93.1,14.4,0.000,0.040,0.00,0.000,1.1,2.3,0.5,204,25,1.5,2.6,0.5,200,27,1.5,2.6,0.5,200,27,0,28.51,0.4,0,0,0,39.7,43.9,45.9,0.53,0.44,0.42
LAUR,2019-11-08 22:45:00 EST,42.52526,-75.13690,1627,15.8,17.1,15.8,91.9,13.9,0.000,0.040,0.00,0.000,0.4,1.7,0.6,184,19,0.7,2.0,0.7,170,26,0.7,2.0,0.7,170,26,0,28.51,0.6,0,0,0,39.7,43.9,45.9,0.53,0.44,0.42
LAUR,2019-11-08 22:50:00 EST,42.52526,-75.13690,1627,15.2,17.0,15.2,90.5,12.9,0.000,0.040,0.00,0.000,0.8,1.5,0.3,150,18,1.1,1.9,0.3,146,21,1.1,1.9,0.3,146,21,0,28.51,0.7,0,0,0,39.7,43.9,45.9,0.53,0.44,0.42
LAUR,2019-11-08 22:55:00 EST,42.52526,-75.13690,1627,14.7,17.1,14.7,90.5,12.4,0.000,0.040,0.00,0.000,1.4,2.6,0.4,149,16,1.7,2.5,0.4,143,17,1.7,2.5,0.4,143,17,0,28.51,0.6,0,0,0,39.7,43.9,45.9,0.53,0.44,0.42
LAUR,2019-11-08 23:00:00 EST,42.52526,-75.13690,1627,14.5,16.9,14.5,89.9,12.1,0.000,0.040,0.00,0.000,1.2,2.0,0.4,171,15,1.5,2.6,0.3,167,18,1.5,2.6,0.3,167,18,0,28.50,0.7,0,0,0,39.7,43.9,45.9,0.53,0.44,0.42
LAUR,2019-11-08 23:05:00 EST,42.52526,-75.13690,1627,15.1,16.7,15.1,92.3,13.3,0.000,0.040,0.00,0.000,1.7,2.5,0.3,193,19,1.9,2.8,0.4,192,19,1.9,2.8,0.4,192,19,0,28.50,0.8,0,0,0,39.7,43.9,45.9,0.53,0.44,0.42
LAUR,2019-11-08 23:10:00 EST,42.52526,-75.13690,1627,15.0,17.2,15.0,93.2,13.4,0.000,0.040,0.00,0.000,2.3,3.9,0.5,211,26,2.5,4.0,0.6,211,25,2.5,4.0,0.6,211,25,0,28.50,0.6,0,0,0,39.7,43.9,45.9,0.53,0.44,0.42
LAUR,2019-11-08 23:15:00 EST,42.52526,-75.13690,1627,15.4,17.2,15.4,92.8,13.7,0.000,0.040,0.00,0.000,1.6,3.1,0.5,223,15,1.7,3.3,0.4,223,15,1.7,3.3,0.4,223,15,0,28.50,0.7,0,0,0,39.7,43.9,45.9,0.53,0.44,0.42
LAUR,2019-11-08 23:20:00 EST,42.52526,-75.13690,1627,15.5,16.8,15.5,92.7,13.7,0.000,0.040,0.00,0.000,0.7,2.2,0.6,233,21,1.1,2.5,0.7,239,29,1.1,2.5,0.7,239,29,0,28.51,0.7,0,0,0,39.6,43.9,45.9,0.53,0.44,0.42
LAUR,2019-11-08 23:25:00 EST,42.52526,-75.13690,1627,15.7,16.9,15.7,92.7,14.0,0.000,0.040,0.00,0.000,0.8,3.1,0.7,276,13,1.3,3.7,0.7,273,19,1.3,3.7,0.7,273,19,0,28.51,0.6,0,0,0,39.6,43.9,45.9,0.53,0.44,0.42
LAUR,2019-11-08 23:30:00 EST,42.52526,-75.13690,1627,15.9,16.9,15.9,92.7,14.2,0.000,0.040,0.00,0.000,0.6,3.1,0.7,240,19,0.9,2.9,0.7,247,23,0.9,2.9,0.7,247,23,0,28.51,0.7,0,0,0,39.6,43.9,45.9,0.53,0.44,0.42
LAUR,2019-11-08 23:35:00 EST,42.52526,-75.13690,1627,15.3,16.9,15.3,92.8,13.6,0.000,0.040,0.00,0.000,0.9,1.8,0.4,248,25,1.4,2.7,0.4,251,29,1.4,2.7,0.4,251,29,0,28.51,0.6,0,0,0,39.6,43.9,45.9,0.53,0.44,0.42
LAUR,2019-11-08 23:40:00 EST,42.52526,-75.13690,1627,15.3,16.8,15.3,92.7,13.6,0.000,0.040,0.00,0.000,0.8,2.8,0.5,211,34,1.2,4.0,0.7,211,40,1.2,4.0,0.7,211,40,0,28.51,0.7,0,0,0,39.6,43.9,45.9,0.53,0.44,0.42
LAUR,2019-11-08 23:45:00 EST,42.52526,-75.13690,1627,15.1,16.5,15.1,92.5,13.3,0.000,0.040,0.00,0.000,0.4,1.9,0.5,202,25,0.8,2.5,0.7,184,37,0.8,2.5,0.7,184,37,0,28.51,0.8,0,0,0,39.6,43.9,45.9,0.53,0.44,0.42
LAUR,2019-11-08 23:50:00 EST,42.52526,-75.13690,1627,14.5,16.8,14.5,91.7,12.5,0.000,0.040,0.00,0.000,2.1,3.2,0.3,184,11,2.4,3.5,0.3,185,11,2.4,3.5,0.3,185,11,0,28.51,0.6,0,0,0,39.6,43.9,45.9,0.53,0.44,0.42
LAUR,2019-11-08 23:55:00 EST,42.52526,-75.13690,1627,14.3,16.6,14.3,91.1,12.2,0.000,0.040,0.00,0.000,1.1,2.6,0.5,180,16,1.5,3.0,0.5,177,17,1.5,3.0,0.5,177,17,0,28.51,0.8,0,0,0,39.6,43.9,45.9,0.53,0.44,0.42
LOUI,2019-11-08 00:00:00 EST,44.87169,-75.05608,279,20.7,21.9,20.7,88.3,17.8,0.000,0.368,0.00,0.000,,,,,,2.2,3.7,0.5,269,10,2.2,3.7,0.5,269,10,0,29.81,1.9,0,0,0,42.3,45.1,47.1,0.34,0.44,0.38
LOUI,2019-11-08 00:05:00 EST,44.87169,-75.05608,279,20.4,21.8,20.4,88.3,17.5,0.000,0.000,0.00,0.000,,,,,,2.4,5.0,0.8,275,17,2.4,5.0,0.8,275,17,0,29.81,1.9,0,0,0,42.3,45.1,47.1,0.34,0.44,0.38
LOUI,2019-11-08 00:10:00 EST,44.87169,-75.05608,279,20.4,21.8,20.4,89.0,17.7,0.000,0.000,0.00,0.000,,,,,,1.7,2.8,0.3,244,13,1.7,2.8,0.3,244,13,0,29.81,1.9,0,0,0,42.3,45.1,47.1,0.34,0.44,0.38
LOUI,2019-11-08 00:15:00 EST,44.87169,-75.05608,279,19.8,21.6,19.8,89.5,17.2,0.000,0.000,0.00,0.000,,,,,,1.6,2.2,0.2,232,6,1.6,2.2,0.2,232,6,0,29.81,2.0,0,0,0,42.3,45.1,47.1,0.34,0.44,0.38
LOUI,2019-11-08 00:20:00 EST,44.87169,-75.05608,279,19.0,21.2,19.0,90.2,16.6,0.000,0.000,0.00,0.000,,,,,,1.9,3.1,0.5,234,5,1.9,3.1,0.5,234,5,0,29.81,1.7,0,0,0,42.3,45.1,47.1,0.34,0.44,0.38
LOUI,2019-11-08 00:25:00 EST,44.87169,-75.05608,279,18.8,21.2,14.1,91.4,16.7,0.000,0.000,0.00,0.000,,,,,,3.2,5.2,0.6,247,9,3.2,5.2,0.6,247,9,0,29.81,2.1,0,0,0,42.3,45.1,47.1,0.34,0.44,0.38
LOUI,2019-11-08 00:30:00 EST,44.87169,-75.05608,279,19.7,21.2,14.9,92.7,17.9,0.000,0.000,0.00,0.000,,,,,,3.3,4.9,0.7,249,8,3.3,4.9,0.7,249,8,0,29.81,2.1,0,0,0,42.3,45.1,47.1,0.34,0.44,0.38
LOUI,2019-11-08 00:35:00 EST,44.87169,-75.05608,279,19.7,20.9,15.1,90.5,17.3,0.000,0.000,0.00,0.000,,,,,,3.2,5.1,0.7,252,10,3.2,5.1,0.7,252,10,0,29.80,2.1,0,0,0,42.2,45.1,47.1,0.34,0.44,0.38
LOUI,2019-11-08 00:40:00 EST,44.87169,-75.05608,279,20.1,20.9,20.1,89.3,17.4,0.000,0.000,0.00,0.000,,,,,,2.9,4.7,0.7,254,11,2.9,4.7,0.7,254,11,0,29.80,2.1,0,0,0,42.2,45.1,47.1,0.34,0.44,0.38
LOUI,2019-11-08 00:45:00 EST,44.87169,-75.05608,279,19.9,20.8,15.5,88.3,17.0,0.000,0.000,0.00,0.000,,,,,,3.0,5.2,0.7,261,9,3.0,5.2,0.7,261,9,0,29.80,2.0,0,0,0,42.2,45.1,47.1,0.34,0.44,0.38
LOUI,2019-11-08 00:50:00 EST,44.87169,-75.05608,279,19.5,20.7,15.0,88.5,16.7,0.000,0.000,0.00,0.000,,,,,,3.1,4.6,0.6,269,8,3.1,4.6,0.6,269,8,0,29.80,2.1,0,0,0,42.2,45.1,47.1,0.34,0.44,0.38
LOUI,2019-11-08 00:55:00 EST,44.87169,-75.05608,279,19.5,20.5,19.5,89.2,16.9,0.000,0.000,0.00,0.000,,,,,,2.5,3.7,0.5,275,9,2.5,3.7,0.5,275,9,0,29.80,2.1,0,0,0,42.1,45.1,47.1,0.34,0.44,0.38
LOUI,2019-11-08 01:00:00 EST,44.87169,-75.05608,279,19.2,20.3,19.2,90.1,16.8,0.000,0.000,0.00,0.000,,,,,,2.3,4.2,0.5,269,9,2.3,4.2,0.5,269,9,0,29.80,2.0,0,0,0,42.1,45.1,47.1,0.34,0.44,0.38
LOUI,2019-11-08 01:05:00 EST,44.87169,-75.05608,279,18.9,20.3,18.9,91.1,16.7,0.000,0.000,0.00,0.000,,,,,,2.1,3.7,0.6,258,9,2.1,3.7,0.6,258,9,0,29.80,2.1,0,0,0,42.1,45.1,47.1,0.34,0.44,0.38
LOUI,2019-11-08 01:10:00 EST,44.87169,-75.05608,279,18.5,20.2,18.5,91.9,16.5,0.000,0.000,0.00,0.000,,,,,,2.2,3.3,0.5,255,9,2.2,3.3,0.5,255,9,0,29.80,2.2,0,0,0,42.1,45.1,47.1,0.34,0.44,0.38
LOUI,2019-11-08 01:15:00 EST,44.87169,-75.05608,279,18.3,20.2,18.3,92.4,16.5,0.000,0.000,0.00,0.000,,,,,,2.4,3.7,0.5,269,12,2.4,3.7,0.5,269,12,0,29.80,2.2,0,0,0,42.1,45.1,47.1,0.34,0.44,0.38
LOUI,2019-11-08 01:20:00 EST,44.87169,-75.05608,279,18.7,20.2,18.7,93.1,17.0,0.000,0.000,0.00,0.000,,,,,,2.6,5.0,0.7,285,10,2.6,5.0,0.7,285,10,0,29.80,2.1,0,0,0,42.1,45.1,47.1,0.34,0.44,0.38
LOUI,2019-11-08 01:25:00 EST,44.87169,-75.05608,279,19.1,20.5,14.5,93.4,17.5,0.000,0.000,0.00,0.000,,,,,,3.1,5.5,0.7,294,12,3.1,5.5,0.7,294,12,0,29.80,2.1,0,0,0,42.1,45.1,47.1,0.34,0.44,0.38
LOUI,2019-11-08 01:30:00 EST,44.87169,-75.05608,279,19.2,20.4,14.1,92.9,17.5,0.000,0.000,0.00,0.000,,,,,,3.4,5.9,0.9,287,11,3.4,5.9,0.9,287,11,0,29.80,2.2,0,0,0,42.1,45.1,47.1,0.34,0.44,0.38
LOUI,2019-11-08 01:35:00 EST,44.87169,-75.05608,279,19.5,20.6,14.4,92.0,17.5,0.000,0.000,0.00,0.000,,,,,,3.4,5.1,0.7,285,10,3.4,5.1,0.7,285,10,0,29.80,2.1,0,0,0,42.1,45.1,47.1,0.34,0.44,0.38
LOUI,2019-11-08 01:40:00 EST,44.87169,-75.05608,279,18.3,20.1,18.3,90.3,15.9,0.000,0.000,0.00,0.000,,,,,,2.1,4.6,0.7,287,10,2.1,4.6,0.7,287,10,0,29.80,2.0,0,0,0,42.1,45.1,47.1,0.34,0.44,0.38
LOUI,2019-11-08 01:45:00 EST,44.87169,-75.05608,279,18.3,20.2,18.3,90.3,16.0,0.000,0.000,0.00,0.000,,,,,,2.7,5.6,0.7,290,9,2.7,5.6,0.7,290,9,0,29.80,2.2,0,0,0,42.1,45.1,47.1,0.34,0.44,0.38
LOUI,2019-11-08 01:50:00 EST,44.87169,-75.05608,279,19.0,20.3,13.7,92.3,17.1,0.000,0.000,0.00,0.000,,,,,,3.5,5.8,0.9,289,11,3.5,5.8,0.9,289,11,0,29.80,2.1,0,0,0,42.1,45.1,47.1,0.34,0.44,0.38
LOUI,2019-11-08 01:55:00 EST,44.87169,-75.05608,279,19.4,20.4,13.9,92.7,17.7,0.000,0.000,0.00,0.000,,,,,,3.8,6.6,0.9,291,11,3.8,6.6,0.9,291,11,0,29.80,2.1,0,0,0,42.1,45.1,47.1,0.34,0.44,0.38
LOUI,2019-11-08 02:00:00 EST,44.87169,-75.05608,279,19.5,20.5,14.5,92.5,17.7,0.000,0.000,0.00,0.000,,,,,,3.5,6.2,1.2,290,9,3.5,6.2,1.2,290,9,0,29.80,2.1,0,0,0,42.1,45.1,47.1,0.34,0.44,0.38
LOUI,2019-11-08 02:05:00 EST,44.87169,-75.05608,279,19.7,20.6,13.2,92.0,17.8,0.000,0.000,0.00,0.000,,,,,,4.5,8.4,1.3,292,10,4.5,8.4,1.3,292,10,0,29.80,2.1,0,0,0,42.1,45.1,47.1,0.34,0.45,0.38
LOUI,2019-11-08 02:10:00 EST,44.87169,-75.05608,279,20.0,20.7,14.0,91.8,18.0,0.000,0.000,0.00,0.000,,,,,,4.2,7.6,1.0,294,11,4.2,7.6,1.0,294,11,0,29.80,2.1,0,0,0,42.1,45.1,47.1,0.34,0.44,0.38
LOUI,2019-11-08 02:15:00 EST,44.87169,-75.05608,279,20.0,20.7,14.3,91.3,17.9,0.000,0.000,0.00,0.000,3.5,5.7,0.8,286,14,3.9,6.6,1.0,294,13,3.9,6.6,1.0,294,13,0,29.80,2.1,0,0,0,42.1,45.1,47.1,0.34,0.44,0.38
LOUI,2019-11-08 02:20:00 EST,44.87169,-75.05608,279,20.0,20.6,14.8,90.9,17.7,0.000,0.000,0.00,0.000,3.5,6.1,1.0,294,14,3.6,6.8,1.1,303,12,3.6,6.8,1.1,303,12,0,29.80,2.0,0,0,0,42.1,45.1,47.1,0.34,0.44,0.38
LOUI,2019-11-08 02:25:00 EST,44.87169,-75.05608,279,20.1,20.6,14.9,91.2,18.0,0.000,0.000,0.00,0.000,3.7,6.2,1.1,300,11,3.6,6.3,1.0,309,11,3.6,6.3,1.0,309,11,0,29.80,2.0,0,0,0,42.1,45.1,47.1,0.34,0.44,0.38
LOUI,2019-11-08 02:30:00 EST,44.87169,-75.05608,279,20.1,20.5,14.5,91.7,18.1,0.000,0.000,0.00,0.000,3.7,6.3,1.0,291,12,3.9,7.1,1.1,299,12,3.9,7.1,1.1,299,12,0,29.80,2.1,0,0,0,42.1,45.1,47.1,0.34,0.44,0.38
LOUI,2019-11-08 02:35:00 EST,44.87169,-75.05608,279,20.2,20.6,13.8,92.3,18.3,0.000,0.000,0.00,0.000,4.0,5.6,0.8,283,12,4.5,6.9,1.0,291,10,4.5,6.9,1.0,291,10,0,29.80,1.9,0,0,0,42.1,45.1,47.1,0.34,0.45,0.38
LOUI,2019-11-08 02:40:00 EST,44.87169,-75.05608,279,20.3,20.6,13.8,92.5,18.4,0.000,0.000,0.00,0.000,4.1,6.8,0.9,284,11,4.6,7.4,1.1,290,11,4.6,7.4,1.1,290,11,0,29.80,2.1,0,0,0,42.1,45.1,47.1,0.34,0.44,0.38
LOUI,2019-11-08 02:45:00 EST,44.87169,-75.05608,279,20.5,20.8,14.1,92.8,18.8,0.000,0.000,0.00,0.000,4.2,6.8,1.0,288,11,4.6,8.6,1.2,295,10,4.6,8.6,1.2,295,10,0,29.80,2.0,0,0,0,42.1,45.1,47.1,0.34,0.44,0.38
LOUI,2019-11-08 02:50:00 EST,44.87169,-75.05608,279,20.6,20.9,14.4,93.2,19.0,0.000,0.000,0.00,0.000,4.2,7.2,1.1,292,16,4.4,8.9,1.1,298,14,4.4,8.9,1.1,298,14,0,29.80,1.9,0,0,0,42.1,45.1,47.1,0.34,0.45,0.38
LOUI,2019-11-08 02:55:00 EST,44.87169,-75.05608,279,20.9,21.0,15.3,93.4,19.3,0.000,0.000,0.00,0.000,3.8,7.2,1.2,291,15,4.0,7.4,1.3,298,14,4.0,7.4,1.3,298,14,0,29.80,1.8,0,0,0,42.1,45.1,47.1,0.34,0.45,0.38
LOUI,2019-11-08 03:00:00 EST,44.87169,-75.05608,279,21.3,21.4,13.9,93.9,19.8,0.000,0.000,0.00,0.000,5.3,9.5,1.4,295,17,5.5,11.2,1.6,300,15,5.5,11.2,1.6,300,15,0,29.80,1.7,0,0,0,42.1,45.1,47.1,0.34,0.45,0.38
LOUI,2019-11-08 03:05:00 EST,44.87169,-75.05608,279,21.7,21.7,14.9,94.1,20.3,0.000,0.000,0.00,0.000,4.9,7.6,1.1,301,19,5.1,8.3,1.2,309,16,5.1,8.3,1.2,309,16,0,29.80,1.5,0,0,0,42.1,45.1,47.0,0.34,0.45,0.38
LOUI,2019-11-08 03:10:00 EST,44.87169,-75.05608,279,21.9,21.8,16.5,94.2,20.5,0.000,0.000,0.00,0.000,3.7,6.4,0.9,290,19,4.0,8.0,1.2,298,18,4.0,8.0,1.2,298,18,0,29.80,1.3,0,0,0,42.1,45.1,47.0,0.34,0.45,0.38
LOUI,2019-11-08 03:15:00 EST,44.87169,-75.05608,279,22.3,22.1,15.6,94.5,20.9,0.000,0.000,0.00,0.000,4.8,7.3,1.0,296,17,5.0,8.0,1.2,301,15,5.0,8.0,1.2,301,15,0,29.80,1.3,0,0,0,42.1,45.1,47.0,0.34,0.45,0.38
LOUI,2019-11-08 03:20:00 EST,44.87169,-75.05608,279,22.5,22.4,16.6,94.6,21.2,0.000,0.000,0.00,0.000,4.3,8.3,1.5,296,17,4.5,7.7,1.5,303,15,4.5,7.7,1.5,303,15,0,29.80,1.2,0,0,0,42.1,45.1,46.9,0.34,0.45,0.38
LOUI,2019-11-08 03:25:00 EST,44.87169,-75.05608,279,22.7,22.5,15.1,94.5,21.4,0.000,0.000,0.00,0.000,5.9,9.5,1.6,297,15,6.1,11.1,1.9,303,14,6.1,11.1,1.9,303,14,0,29.80,1.3,0,0,0,42.0,45.0,47.0,0.34,0.45,0.38
LOUI,2019-11-08 03:30:00 EST,44.87169,-75.05608,279,22.8,22.6,15.3,94.2,21.4,0.000,0.000,0.00,0.000,5.8,9.3,1.5,302,18,5.9,9.3,1.6,307,17,5.9,9.3,1.6,307,17,0,29.80,1.5,0,0,0,42.0,45.0,47.0,0.34,0.45,0.38
LOUI,2019-11-08 03:35:00 EST,44.87169,-75.05608,279,22.8,22.6,16.8,94.0,21.4,0.000,0.000,0.00,0.000,4.4,7.5,1.5,295,17,4.6,9.4,1.7,299,15,4.6,9.4,1.7,299,15,0,29.80,,0,0,0,41.9,45.1,47.0,0.34,0.45,0.38
LOUI,2019-11-08 03:40:00 EST,44.87169,-75.05608,279,22.9,22.7,16.2,94.0,21.4,0.000,0.000,0.00,0.000,4.8,8.9,1.4,292,14,5.2,9.8,1.5,299,15,5.2,9.8,1.5,299,15,0,29.80,,0,0,0,41.9,45.0,46.9,0.34,0.45,0.38
LOUI,2019-11-08 03:45:00 EST,44.87169,-75.05608,279,22.9,22.7,16.5,94.1,21.5,0.000,0.000,0.00,0.000,4.7,8.8,1.2,292,17,4.9,9.8,1.4,296,17,4.9,9.8,1.4,296,17,0,29.80,-0.6,0,0,0,41.9,45.0,46.9,0.34,0.45,0.38
LOUI,2019-11-08 03:50:00 EST,44.87169,-75.05608,279,23.0,22.8,15.6,94.1,21.6,0.000,0.000,0.00,0.000,5.3,8.8,1.4,290,15,5.9,9.8,1.8,294,13,5.9,9.8,1.8,294,13,0,29.80,-0.7,0,0,0,41.9,45.0,46.9,0.34,0.45,0.38
LOUI,2019-11-08 03:55:00 EST,44.87169,-75.05608,279,23.0,22.8,16.6,94.1,21.6,0.000,0.000,0.00,0.000,4.6,8.8,1.5,295,16,5.0,10.2,1.6,300,16,5.0,10.2,1.6,300,16,0,29.80,-0.8,0,0,0,41.9,45.0,46.9,0.34,0.45,0.38
LOUI,2019-11-08 04:00:00 EST,44.87169,-75.05608,279,23.1,22.9,16.8,94.2,21.7,0.000,0.000,0.00,0.000,4.5,7.2,1.1,296,19,4.8,7.8,1.2,300,18,4.8,7.8,1.2,300,18,0,29.80,,0,0,0,41.9,45.1,47.0,0.34,0.45,0.38
LOUI,2019-11-08 04:05:00 EST,44.87169,-75.05608,279,23.2,23.0,16.2,94.3,21.8,0.000,0.000,0.00,0.000,5.4,10.3,1.7,299,16,5.5,10.1,1.7,304,15,5.5,10.1,1.7,304,15,0,29.80,,0,0,0,41.9,45.0,46.9,0.34,0.45,0.38
LOUI,2019-11-08 04:10:00 EST,44.87169,-75.05608,279,23.3,23.1,16.4,94.3,21.9,0.000,0.000,0.00,0.000,5.2,9.8,1.7,299,18,5.4,10.7,1.7,303,15,5.4,10.7,1.7,303,15,0,29.80,,0,0,0,41.9,45.0,46.9,0.34,0.45,0.38
LOUI,2019-11-08 04:15:00 EST,44.87169,-75.05608,279,23.4,23.2,17.4,94.3,22.0,0.000,0.000,0.00,0.000,4.7,8.0,1.4,309,15,4.6,8.0,1.3,315,13,4.6,8.0,1.3,315,13,0,29.81,,0,0,0,41.9,45.0,46.9,0.34,0.45,0.38
LOUI,2019-11-08 04:20:00 EST,44.87169,-75.05608,279,23.4,23.2,17.3,94.2,22.0,0.000,0.000,0.00,0.000,4.2,8.2,1.3,294,16,4.7,13.4,1.7,298,15,4.7,13.4,1.7,298,15,0,29.81,,0,0,0,41.9,45.0,46.9,0.34,0.45,0.38
LOUI,2019-11-08 04:25:00 EST,44.87169,-75.05608,279,23.5,23.3,16.6,94.1,22.1,0.000,0.000,0.00,0.000,5.6,9.3,1.6,311,15,5.5,8.8,1.4,317,14,5.5,8.8,1.4,317,14,0,29.81,,0,0,0,41.9,45.0,46.9,0.34,0.45,0.38
LOUI,2019-11-08 04:30:00 EST,44.87169,-75.05608,279,23.6,23.4,17.7,94.0,22.1,0.000,0.000,0.00,0.000,4.5,7.5,1.1,308,18,4.5,7.1,1.2,317,18,4.5,7.1,1.2,317,18,0,29.81,,0,0,0,41.9,45.0,46.9,0.34,0.45,0.38
LOUI,2019-11-08 04:35:00 EST,44.87169,-75.05608,279,23.6,23.5,17.5,93.8,22.1,0.000,0.000,0.00,0.000,4.6,8.8,1.5,318,20,4.8,8.3,1.6,324,19,4.8,8.3,1.6,324,19,0,29.81,,0,0,0,41.9,45.0,46.9,0.34,0.45,0.38
LOUI,2019-11-08 04:40:00 EST,44.87169,-75.05608,279,23.7,23.5,17.6,93.6,22.1,0.000,0.000,0.00,0.000,4.7,8.3,1.9,317,17,4.7,9.3,1.9,325,17,4.7,9.3,1.9,325,17,0,29.81,,0,0,0,41.9,45.0,46.9,0.34,0.45,0.38
LOUI,2019-11-08 04:45:00 EST,44.87169,-75.05608,279,23.6,23.5,17.2,93.3,22.0,0.000,0.000,0.00,0.000,4.9,9.4,1.5,316,20,5.1,8.6,1.5,322,19,5.1,8.6,1.5,322,19,0,29.81,,0,0,0,41.9,45.0,46.9,0.34,0.45,0.38
LOUI,2019-11-08 04:50:00 EST,44.87169,-75.05608,279,23.5,23.5,17.4,93.1,21.8,0.000,0.000,0.00,0.000,4.4,8.6,1.5,315,20,4.7,11.3,1.6,323,18,4.7,11.3,1.6,323,18,0,29.82,,0,0,0,41.9,45.0,46.9,0.34,0.45,0.38
LOUI,2019-11-08 04:55:00 EST,44.87169,-75.05608,279,23.5,23.4,17.0,92.8,21.7,0.000,0.000,0.00,0.000,5.1,10.5,1.9,315,17,5.1,10.8,1.8,321,13,5.1,10.8,1.8,321,13,0,29.82,,0,0,0,41.8,45.0,46.9,0.34,0.45,0.38
LOUI,2019-11-08 05:00:00 EST,44.87169,-75.05608,279,23.1,23.2,17.9,92.1,21.1,0.000,0.000,0.00,0.000,3.8,7.2,1.3,304,18,3.9,7.7,1.4,313,15,3.9,7.7,1.4,313,15,0,29.82,,0,0,0,41.8,45.0,46.9,0.34,0.45,0.38
LOUI,2019-11-08 05:05:00 EST,44.87169,-75.05608,279,22.9,23.0,16.0,91.5,20.8,0.000,0.000,0.00,0.000,5.4,9.7,1.8,317,13,5.4,9.1,1.6,321,14,5.4,9.1,1.6,321,14,0,29.82,,0,0,0,41.7,45.0,46.9,0.34,0.45,0.38
LOUI,2019-11-08 05:10:00 EST,44.87169,-75.05608,279,22.8,22.9,15.9,91.2,20.6,0.000,0.000,0.00,0.000,5.3,8.3,1.3,309,14,5.4,8.5,1.3,314,13,5.4,8.5,1.3,314,13,0,29.82,,0,0,0,41.7,45.0,46.9,0.34,0.45,0.38
LOUI,2019-11-08 05:15:00 EST,44.87169,-75.05608,279,22.6,22.7,15.2,91.0,20.3,0.000,0.000,0.00,0.000,5.8,11.6,2.0,303,15,5.8,10.4,1.8,309,14,5.8,10.4,1.8,309,14,0,29.82,,0,0,0,41.7,45.0,46.9,0.34,0.45,0.38
LOUI,2019-11-08 05:20:00 EST,44.87169,-75.05608,279,22.5,22.6,14.4,91.0,20.2,0.000,0.000,0.00,0.000,6.6,11.1,1.7,306,16,6.6,13.1,1.9,310,16,6.6,13.1,1.9,310,16,0,29.82,,0,0,0,41.7,45.0,46.9,0.34,0.45,0.38
LOUI,2019-11-08 05:25:00 EST,44.87169,-75.05608,279,22.4,22.5,14.5,90.5,20.0,0.000,0.000,0.00,0.000,6.3,12.3,1.8,312,17,6.3,11.2,1.6,317,15,6.3,11.2,1.6,317,15,0,29.83,,0,0,0,41.7,45.0,46.9,0.34,0.45,0.38
LOUI,2019-11-08 05:30:00 EST,44.87169,-75.05608,279,22.3,22.4,14.6,89.8,19.7,0.000,0.000,0.00,0.000,6.2,10.5,2.1,315,16,6.1,10.7,2.1,320,14,6.1,10.7,2.1,320,14,0,29.83,,0,0,0,41.7,45.0,46.9,0.34,0.45,0.38
LOUI,2019-11-08 05:35:00 EST,44.87169,-75.05608,279,22.1,22.2,15.0,89.6,19.5,0.000,0.000,0.00,0.000,5.5,11.3,1.6,312,13,5.4,9.1,1.5,317,12,5.4,9.1,1.5,317,12,0,29.83,,0,0,0,41.7,45.0,46.9,0.34,0.45,0.38
LOUI,2019-11-08 05:40:00 EST,44.87169,-75.05608,279,22.0,22.1,15.1,89.8,19.5,0.000,0.000,0.00,0.000,5.4,10.2,2.2,312,16,5.3,12.0,2.3,319,14,5.3,12.0,2.3,319,14,0,29.83,,0,0,0,41.7,45.0,46.9,0.34,0.45,0.38
LOUI,2019-11-08 05:45:00 EST,44.87169,-75.05608,279,21.8,22.0,14.4,89.6,19.2,0.000,0.000,0.00,0.000,6.0,10.1,1.6,311,15,5.7,9.9,1.7,317,12,5.7,9.9,1.7,317,12,0,29.83,,0,0,0,41.7,45.0,46.9,0.34,0.45,0.38
LOUI,2019-11-08 05:50:00 EST,44.87169,-75.05608,279,21.7,21.9,15.5,90.1,19.3,0.000,0.000,0.00,0.000,4.3,9.6,2.0,308,24,4.6,12.7,2.1,317,22,4.6,12.7,2.1,317,22,0,29.83,,0,0,0,41.7,45.0,46.9,0.34,0.45,0.38
LOUI,2019-11-08 05:55:00 EST,44.87169,-75.05608,279,21.9,21.9,13.6,89.9,19.4,0.000,0.000,0.00,0.000,6.4,13.0,2.5,317,20,6.7,14.1,2.8,322,19,6.7,14.1,2.8,322,19,0,29.83,,0,0,0,41.7,45.0,46.9,0.34,0.45,0.38
LOUI,2019-11-08 06:00:00 EST,44.87169,-75.05608,279,21.8,21.9,14.0,89.1,19.1,0.000,0.000,0.00,0.000,6.0,9.3,1.3,307,15,6.2,10.6,1.5,314,14,6.2,10.6,1.5,314,14,0,29.84,,0,0,0,41.7,45.0,46.9,0.34,0.45,0.38
LOUI,2019-11-08 06:05:00 EST,44.87169,-75.05608,279,21.6,21.7,14.0,88.9,18.9,0.000,0.000,0.00,0.000,5.5,10.1,1.7,306,18,5.9,10.1,1.8,311,17,5.9,10.1,1.8,311,17,0,29.84,,0,0,0,41.7,45.0,46.9,0.34,0.45,0.38
LOUI,2019-11-08 06:10:00 EST,44.87169,-75.05608,279,21.7,21.8,13.7,89.3,19.0,0.000,0.000,0.00,0.000,6.5,10.3,1.4,312,13,6.3,10.3,1.5,317,12,6.3,10.3,1.5,317,12,0,29.84,,0,0,0,41.7,45.0,46.9,0.34,0.45,0.38
LOUI,2019-11-08 06:15:00 EST,44.87169,-75.05608,279,21.4,21.5,14.9,89.3,18.8,0.000,0.000,0.00,0.000,4.7,9.6,1.8,300,15,4.7,9.5,1.7,306,14,4.7,9.5,1.7,306,14,0,29.84,,0,0,0,41.6,45.0,46.9,0.34,0.45,0.38
LOUI,2019-11-08 06:20:00 EST,44.87169,-75.05608,279,21.2,21.4,14.3,89.3,18.6,0.000,0.000,0.00,0.000,4.9,7.7,1.2,300,17,5.1,8.6,1.2,304,14,5.1,8.6,1.2,304,14,0,29.84,,0,0,0,41.6,45.0,46.9,0.34,0.45,0.38
LOUI,2019-11-08 06:25:00 EST,44.87169,-75.05608,279,21.3,21.5,13.8,90.0,18.8,0.000,0.000,0.00,0.000,5.3,9.2,2.0,301,17,5.7,11.5,2.0,309,19,5.7,11.5,2.0,309,19,0,29.84,,0,0,0,41.5,45.0,46.9,0.34,0.45,0.38
LOUI,2019-11-08 06:30:00 EST,44.87169,-75.05608,279,21.5,21.5,13.7,90.2,19.0,0.000,0.000,0.00,0.000,5.7,14.0,2.2,319,22,6.0,13.7,2.1,323,20,6.0,13.7,2.1,323,20,0,29.84,,0,0,0,41.5,45.0,46.9,0.34,0.45,0.38
LOUI,2019-11-08 06:35:00 EST,44.87169,-75.05608,279,21.3,21.4,13.7,89.6,18.8,0.000,0.000,0.00,0.000,5.8,11.2,1.8,308,15,5.9,12.5,1.9,314,17,5.9,12.5,1.9,314,17,0,29.85,,0,0,0,41.5,45.0,46.9,0.34,0.45,0.38
LOUI,2019-11-08 06:40:00 EST,44.87169,-75.05608,279,21.3,21.3,12.9,89.8,18.7,0.000,0.000,0.00,0.000,6.4,12.1,2.2,305,15,6.6,11.4,2.2,311,15,6.6,11.4,2.2,311,15,1,29.85,,0,0,0,41.5,45.0,46.9,0.34,0.45,0.38
LOUI,2019-11-08 06:45:00 EST,44.87169,-75.05608,279,21.4,21.5,12.5,89.9,18.9,0.000,0.000,0.00,0.000,7.3,12.5,2.1,310,20,7.3,14.2,2.0,315,17,7.3,14.2,2.0,315,17,2,29.85,,0,0,0,41.5,45.0,46.9,0.34,0.45,0.38
LOUI,2019-11-08 06:50:00 EST,44.87169,-75.05608,279,21.5,21.5,13.2,89.2,18.8,0.000,0.000,0.00,0.000,6.4,11.8,1.9,306,16,6.5,15.7,2.1,311,16,6.5,15.7,2.1,311,16,3,29.85,,0,0,0,41.5,45.0,46.9,0.34,0.45,0.38
LOUI,2019-11-08 06:55:00 EST,44.87169,-75.05608,279,21.5,21.5,14.0,88.6,18.6,0.000,0.000,0.00,0.000,5.5,10.1,1.7,297,18,5.7,9.8,1.7,301,17,5.7,9.8,1.7,301,17,5,29.86,,0,0,0,41.5,45.0,46.9,0.34,0.45,0.38
LOUI,2019-11-08 07:00:00 EST,44.87169,-75.05608,279,21.5,21.6,13.3,88.6,18.7,0.000,0.000,0.00,0.000,6.2,11.0,2.3,297,16,6.6,12.2,2.3,303,15,6.6,12.2,2.3,303,15,7,29.86,,0,0,0,41.5,45.0,46.9,0.34,0.45,0.38
LOUI,2019-11-08 07:05:00 EST,44.87169,-75.05608,279,21.6,21.6,12.6,88.7,18.8,0.000,0.000,0.00,0.000,7.1,13.2,2.1,300,16,7.5,14.6,2.4,302,15,7.5,14.6,2.4,302,15,15,29.86,,0,0,0,41.5,45.0,46.9,0.34,0.45,0.38
LOUI,2019-11-08 07:10:00 EST,44.87169,-75.05608,279,21.8,21.8,13.0,88.0,18.8,0.000,0.000,0.00,0.000,6.8,17.1,2.4,292,14,7.3,16.9,2.6,295,14,7.3,16.9,2.6,295,14,23,29.86,,0,0,0,41.5,45.0,46.9,0.34,0.45,0.38
LOUI,2019-11-08 07:15:00 EST,44.87169,-75.05608,279,21.8,21.7,12.2,87.1,18.5,0.000,0.000,0.00,0.000,7.3,13.7,2.1,283,14,8.2,17.5,2.7,287,12,8.2,17.5,2.7,287,12,19,29.86,,0,0,0,41.5,45.0,46.9,0.34,0.45,0.38
LOUI,2019-11-08 07:20:00 EST,44.87169,-75.05608,279,21.7,21.7,12.9,87.1,18.4,0.000,0.000,0.00,0.000,6.6,11.7,1.8,288,16,7.2,11.6,1.9,291,15,7.2,11.6,1.9,291,15,17,29.86,,0,0,0,41.5,45.0,46.9,0.34,0.45,0.38
LOUI,2019-11-08 07:25:00 EST,44.87169,-75.05608,279,21.7,21.6,12.4,86.8,18.3,0.000,0.000,0.00,0.000,7.0,13.9,2.8,288,14,7.8,15.7,3.0,291,13,7.8,15.7,3.0,291,13,18,29.86,,0,0,0,41.5,45.0,46.9,0.34,0.45,0.38
LOUI,2019-11-08 07:30:00 EST,44.87169,-75.05608,279,21.6,21.6,12.0,86.9,18.3,0.000,0.000,0.00,0.000,7.4,13.4,2.3,285,16,8.3,15.7,2.7,288,15,8.3,15.7,2.7,288,15,28,29.87,,0,0,0,41.4,45.0,46.9,0.34,0.45,0.38
LOUI,2019-11-08 07:35:00 EST,44.87169,-75.05608,279,21.8,21.7,12.1,86.1,18.2,0.000,0.000,0.00,0.000,7.5,12.8,2.0,287,16,8.3,15.6,2.3,291,16,8.3,15.6,2.3,291,16,39,29.87,,0,0,0,41.4,45.0,46.9,0.34,0.45,0.38
LOUI,2019-11-08 07:40:00 EST,44.87169,-75.05608,279,21.8,21.7,12.1,85.4,18.1,0.000,0.000,0.00,0.000,7.7,16.4,3.2,289,16,8.5,19.0,3.7,291,14,8.5,19.0,3.7,291,14,37,29.87,,0,0,0,41.4,45.0,46.9,0.34,0.45,0.38
LOUI,2019-11-08 07:45:00 EST,44.87169,-75.05608,279,21.8,21.7,12.5,84.8,17.9,0.000,0.000,0.00,0.000,7.2,12.1,2.2,290,18,7.9,14.9,2.7,294,18,7.9,14.9,2.7,294,18,27,29.87,,0,0,0,41.4,45.0,46.9,0.34,0.45,0.38
LOUI,2019-11-08 07:50:00 EST,44.87169,-75.05608,279,21.9,21.8,11.1,84.8,18.0,0.000,0.000,0.00,0.000,9.4,13.5,2.4,288,14,10.1,16.3,2.7,293,13,10.1,16.3,2.7,293,13,27,29.87,,0,0,0,41.4,45.0,46.9,0.34,0.45,0.38
LOUI,2019-11-08 07:55:00 EST,44.87169,-75.05608,279,21.7,21.7,13.6,84.7,17.8,0.000,0.000,0.00,0.000,6.0,13.2,2.4,295,19,6.4,12.1,2.5,298,19,6.4,12.1,2.5,298,19,26,29.88,,0,0,0,41.4,45.0,46.9,0.34,0.45,0.38
LOUI,2019-11-08 08:00:00 EST,44.87169,-75.05608,279,21.7,21.7,11.9,84.2,17.7,0.000,0.000,0.00,0.000,7.6,12.9,2.1,287,18,8.6,15.9,2.7,288,16,8.6,15.9,2.7,288,16,25,29.88,,0,0,0,41.4,45.0,46.9,0.34,0.45,0.38
LOUI,2019-11-08 08:05:00 EST,44.87169,-75.05608,279,21.7,21.7,11.3,83.7,17.5,0.000,0.000,0.00,0.000,8.6,14.6,2.6,291,15,9.4,15.2,2.6,294,15,9.4,15.2,2.6,294,15,26,29.88,,0,0,0,41.4,45.0,46.9,0.34,0.45,0.38
LOUI,2019-11-08 08:10:00 EST,44.87169,-75.05608,279,21.6,21.6,12.7,83.7,17.5,0.000,0.000,0.00,0.000,6.9,13.3,2.6,294,15,7.3,14.6,2.8,299,14,7.3,14.6,2.8,299,14,33,29.88,,0,0,0,41.4,45.0,46.9,0.34,0.45,0.38
LOUI,2019-11-08 08:15:00 EST,44.87169,-75.05608,279,21.8,21.8,11.3,83.5,17.5,0.000,0.000,0.00,0.000,8.5,14.9,2.3,288,16,9.6,16.7,2.7,291,14,9.6,16.7,2.7,291,14,40,29.88,,0,0,0,41.4,45.0,46.9,0.34,0.45,0.38
LOUI,2019-11-08 08:20:00 EST,44.87169,-75.05608,279,21.9,21.9,12.4,83.0,17.6,0.000,0.000,0.00,0.000,7.8,14.0,2.2,294,17,8.2,15.0,2.3,296,15,8.2,15.0,2.3,296,15,48,29.89,,0,0,0,41.4,45.0,46.9,0.34,0.45,0.38
LOUI,2019-11-08 08:25:00 EST,44.87169,-75.05608,279,22.1,22.1,12.1,82.7,17.7,0.000,0.000,0.00,0.000,7.9,12.7,2.0,286,14,9.1,16.8,2.7,287,11,9.1,16.8,2.7,287,11,66,29.89,,0,0,0,41.4,45.0,46.9,0.34,0.45,0.38
LOUI,2019-11-08 08:30:00 EST,44.87169,-75.05608,279,22.3,22.2,13.0,82.4,17.8,0.000,0.000,0.00,0.000,7.2,12.9,2.4,290,18,8.1,16.4,3.0,293,16,8.1,16.4,3.0,293,16,66,29.89,,0,0,0,41.4,45.0,46.9,0.34,0.45,0.38
LOUI,2019-11-08 08:35:00 EST,44.87169,-75.05608,279,22.3,22.2,14.3,82.1,17.7,0.000,0.000,0.00,0.000,5.8,9.6,1.5,291,19,6.4,11.1,2.0,292,17,6.4,11.1,2.0,292,17,62,29.89,-0.7,0,0,0,41.4,45.0,46.9,0.34,0.45,0.38
LOUI,2019-11-08 08:40:00 EST,44.87169,-75.05608,279,22.4,22.4,12.7,81.0,17.5,0.000,0.000,0.00,0.000,7.9,15.0,2.5,287,20,8.7,15.7,2.6,290,19,8.7,15.7,2.6,290,19,90,29.89,-0.4,0,0,0,41.4,45.0,46.9,0.34,0.45,0.38
LOUI,2019-11-08 08:45:00 EST,44.87169,-75.05608,279,22.5,22.4,11.6,80.8,17.5,0.000,0.000,0.00,0.000,9.5,15.1,2.8,289,13,10.6,16.5,3.2,289,11,10.6,16.5,3.2,289,11,87,29.90,-0.3,0,0,0,41.4,45.0,46.9,0.34,0.45,0.38
LOUI,2019-11-08 08:50:00 EST,44.87169,-75.05608,279,22.7,22.5,13.8,81.3,17.8,0.000,0.000,0.00,0.000,7.1,13.2,2.4,292,18,7.6,15.9,2.4,295,16,7.6,15.9,2.4,295,16,97,29.90,,0,0,0,41.4,45.0,46.9,0.34,0.45,0.38
LOUI,2019-11-08 08:55:00 EST,44.87169,-75.05608,279,22.8,22.7,12.8,80.6,17.8,0.000,0.000,0.00,0.000,8.4,14.2,2.2,291,16,9.2,15.0,2.3,293,15,9.2,15.0,2.3,293,15,106,29.90,1.0,0,0,0,41.4,45.0,46.9,0.34,0.45,0.38
LOUI,2019-11-08 09:00:00 EST,44.87169,-75.05608,279,23.0,22.8,13.1,81.0,18.0,0.000,0.000,0.00,0.000,8.1,13.0,2.1,283,17,9.1,18.9,2.5,287,15,9.1,18.9,2.5,287,15,110,29.90,1.0,0,0,0,41.3,45.0,46.9,0.34,0.45,0.38
LOUI,2019-11-08 09:05:00 EST,44.87169,-75.05608,279,22.9,22.7,11.5,81.0,17.9,0.000,0.000,0.00,0.000,10.0,16.4,2.6,278,14,11.6,19.1,3.2,282,11,11.6,19.1,3.2,282,11,112,29.90,0.9,0,0,0,41.4,45.0,46.9,0.34,0.45,0.38
LOUI,2019-11-08 09:10:00 EST,44.87169,-75.05608,279,23.2,22.9,12.8,81.4,18.3,0.000,0.000,0.00,0.000,9.1,16.3,2.8,285,16,10.0,19.8,3.4,288,15,10.0,19.8,3.4,288,15,135,29.90,1.0,0,0,0,41.3,45.0,46.9,0.34,0.45,0.38
LOUI,2019-11-08 09:15:00 EST,44.87169,-75.05608,279,23.4,23.1,12.8,80.1,18.2,0.000,0.000,0.00,0.000,9.5,16.4,2.5,294,20,10.4,18.2,3.0,296,17,10.4,18.2,3.0,296,17,147,29.90,0.9,0,0,0,41.2,45.0,46.9,0.34,0.45,0.38
LOUI,2019-11-08 09:20:00 EST,44.87169,-75.05608,279,23.2,22.9,13.1,79.8,17.9,0.000,0.000,0.00,0.000,8.6,14.4,2.3,287,14,9.6,16.7,3.0,291,14,9.6,16.7,3.0,291,14,111,29.90,1.1,0,0,0,41.2,45.0,46.9,0.34,0.45,0.38
LOUI,2019-11-08 09:25:00 EST,44.87169,-75.05608,279,23.2,23.0,15.1,80.6,18.2,0.000,0.000,0.00,0.000,6.3,11.1,2.2,295,20,6.7,11.3,2.1,299,19,6.7,11.3,2.1,299,19,97,29.90,1.1,0,0,0,41.2,45.0,46.9,0.34,0.45,0.38
LOUI,2019-11-08 09:30:00 EST,44.87169,-75.05608,279,23.3,23.0,14.8,82.2,18.7,0.000,0.000,0.00,0.000,6.8,13.3,2.3,296,17,7.2,14.3,2.5,300,15,7.2,14.3,2.5,300,15,81,29.90,1.1,0,0,0,41.2,45.0,46.9,0.34,0.45,0.38
LOUI,2019-11-08 09:35:00 EST,44.87169,-75.05608,279,23.1,22.8,13.3,81.5,18.3,0.000,0.000,0.00,0.000,8.8,12.8,2.0,296,16,9.0,14.8,2.4,300,14,9.0,14.8,2.4,300,14,80,29.90,1.2,0,0,0,41.2,45.0,46.9,0.34,0.45,0.38
LOUI,2019-11-08 09:40:00 EST,44.87169,-75.05608,279,23.0,22.7,13.1,81.7,18.2,0.000,0.000,0.00,0.000,8.3,14.9,2.2,291,14,9.0,17.1,2.7,295,15,9.0,17.1,2.7,295,15,81,29.90,1.3,0,0,0,41.2,45.0,46.9,0.34,0.45,0.38
LOUI,2019-11-08 09:45:00 EST,44.87169,-75.05608,279,23.0,22.8,14.3,82.2,18.4,0.000,0.000,0.00,0.000,7.3,12.3,1.9,299,17,7.5,13.1,2.0,302,17,7.5,13.1,2.0,302,17,79,29.90,1.3,0,0,0,41.2,45.0,46.9,0.34,0.45,0.38
LOUI,2019-11-08 09:50:00 EST,44.87169,-75.05608,279,23.1,22.9,14.5,82.5,18.6,0.000,0.000,0.00,0.000,6.6,12.6,2.0,290,16,7.4,14.0,2.6,293,15,7.4,14.0,2.6,293,15,78,29.90,1.4,0,0,0,41.2,45.0,46.9,0.34,0.45,0.38
LOUI,2019-11-08 09:55:00 EST,44.87169,-75.05608,279,23.4,23.2,16.6,83.0,19.0,0.000,0.000,0.00,0.000,5.0,8.0,1.2,290,20,5.4,9.6,1.6,294,17,5.4,9.6,1.6,294,17,117,29.90,1.5,0,0,0,41.2,45.0,46.9,0.34,0.45,0.38
LOUI,2019-11-08 10:00:00 EST,44.87169,-75.05608,279,23.7,23.5,13.9,80.9,18.8,0.000,0.000,0.00,0.000,8.4,13.7,2.0,285,17,9.3,15.6,2.5,288,15,9.3,15.6,2.5,288,15,143,29.90,1.6,0,0,0,41.2,44.9,46.9,0.34,0.45,0.38
LOUI,2019-11-08 10:05:00 EST,44.87169,-75.05608,279,23.9,23.6,14.7,80.1,18.7,0.000,0.000,0.00,0.000,7.3,11.8,2.2,280,18,8.5,14.8,2.9,283,17,8.5,14.8,2.9,283,17,113,29.91,1.6,0,0,0,41.2,44.9,46.9,0.34,0.45,0.38
LOUI,2019-11-08 10:10:00 EST,44.87169,-75.05608,279,24.1,23.7,14.3,80.6,18.9,0.000,0.000,0.00,0.000,8.6,13.4,2.0,290,17,9.3,15.6,2.3,291,16,9.3,15.6,2.3,291,16,186,29.91,1.7,0,0,0,41.2,44.8,46.9,0.34,0.45,0.38
LOUI,2019-11-08 10:15:00 EST,44.87169,-75.05608,279,24.4,24.1,16.2,79.4,19.0,0.000,0.000,0.00,0.000,6.6,10.9,2.5,292,21,7.2,13.3,3.0,292,20,7.2,13.3,3.0,292,20,190,29.91,1.8,0,0,0,41.2,44.9,46.9,0.34,0.45,0.38
LOUI,2019-11-08 10:20:00 EST,44.87169,-75.05608,279,24.6,24.3,15.2,78.2,18.8,0.000,0.000,0.00,0.000,7.6,14.0,2.6,276,16,8.9,16.7,3.2,278,14,8.9,16.7,3.2,278,14,189,29.91,1.8,0,0,0,41.2,44.8,46.9,0.34,0.45,0.38
LOUI,2019-11-08 10:25:00 EST,44.87169,-75.05608,279,24.8,24.4,14.7,79.0,19.2,0.000,0.000,0.00,0.000,9.2,14.8,2.4,289,20,10.1,17.8,2.9,291,18,10.1,17.8,2.9,291,18,222,29.91,1.9,0,0,0,41.2,44.8,46.9,0.34,0.45,0.38
LOUI,2019-11-08 10:30:00 EST,44.87169,-75.05608,279,25.1,24.6,14.2,78.2,19.2,0.000,0.000,0.00,0.000,10.5,18.1,2.5,279,18,11.8,19.9,3.2,282,17,11.8,19.9,3.2,282,17,216,29.91,1.6,0,0,0,41.2,44.8,46.9,0.34,0.45,0.38
LOUI,2019-11-08 10:35:00 EST,44.87169,-75.05608,279,24.9,24.5,14.5,78.7,19.2,0.000,0.000,0.00,0.000,9.1,13.4,2.5,279,15,10.7,18.3,3.1,280,12,10.7,18.3,3.1,280,12,157,29.91,1.4,0,0,0,41.2,44.8,46.9,0.34,0.45,0.38
LOUI,2019-11-08 10:40:00 EST,44.87169,-75.05608,279,25.2,24.9,16.3,79.6,19.8,0.000,0.000,0.00,0.000,7.6,14.8,3.3,286,20,8.4,18.1,3.7,288,19,8.4,18.1,3.7,288,19,226,29.91,1.8,0,0,0,41.2,44.8,46.9,0.34,0.45,0.38
LOUI,2019-11-08 10:45:00 EST,44.87169,-75.05608,279,25.5,25.1,16.2,78.0,19.6,0.000,0.000,0.00,0.000,8.1,13.4,2.3,282,14,9.1,15.7,2.8,285,13,9.1,15.7,2.8,285,13,231,29.91,1.9,0,0,0,41.2,44.8,46.9,0.34,0.45,0.38
LOUI,2019-11-08 10:50:00 EST,44.87169,-75.05608,279,25.2,24.9,14.8,77.7,19.2,0.000,0.000,0.00,0.000,9.7,16.4,2.5,287,16,10.9,20.3,3.2,290,15,10.9,20.3,3.2,290,15,168,29.91,1.7,0,0,0,41.2,44.8,46.9,0.34,0.45,0.38
LOUI,2019-11-08 10:55:00 EST,44.87169,-75.05608,279,25.4,25.0,15.7,78.6,19.7,0.000,0.000,0.00,0.000,8.6,13.2,2.0,281,16,9.8,15.5,2.5,285,15,9.8,15.5,2.5,285,15,237,29.91,1.6,0,0,0,41.2,44.8,46.8,0.34,0.45,0.38
LOUI,2019-11-08 11:00:00 EST,44.87169,-75.05608,279,25.8,25.4,18.0,79.2,20.3,0.000,0.000,0.00,0.000,6.6,11.7,1.5,306,21,7.0,12.0,1.5,310,18,7.0,12.0,1.5,310,18,212,29.91,1.2,0,0,0,41.2,44.8,46.9,0.34,0.45,0.38
LOUI,2019-11-08 11:05:00 EST,44.87169,-75.05608,279,25.4,25.1,15.6,79.3,19.9,0.000,0.000,0.00,0.000,9.8,15.1,2.3,304,16,9.9,17.1,2.4,308,15,9.9,17.1,2.4,308,15,106,29.91,1.1,0,0,0,41.2,44.8,46.8,0.34,0.45,0.38
LOUI,2019-11-08 11:10:00 EST,44.87169,-75.05608,279,25.0,24.8,14.4,80.3,19.8,0.000,0.000,0.00,0.000,10.1,15.6,2.5,289,11,11.2,18.1,3.0,290,12,11.2,18.1,3.0,290,12,98,29.91,1.0,0,0,0,41.2,44.8,46.8,0.34,0.45,0.38
LOUI,2019-11-08 11:15:00 EST,44.87169,-75.05608,279,25.2,25.0,15.5,81.1,20.2,0.000,0.000,0.00,0.000,8.7,14.7,2.5,284,16,9.7,17.8,3.0,288,13,9.7,17.8,3.0,288,13,129,29.91,1.1,0,0,0,41.1,44.8,46.8,0.34,0.45,0.38
LOUI,2019-11-08 11:20:00 EST,44.87169,-75.05608,279,25.6,25.3,17.1,81.6,20.7,0.000,0.000,0.00,0.000,7.1,11.7,2.2,293,18,7.9,14.6,2.6,297,17,7.9,14.6,2.6,297,17,136,29.91,1.2,0,0,0,41.1,44.8,46.8,0.34,0.45,0.38
LOUI,2019-11-08 11:25:00 EST,44.87169,-75.05608,279,25.5,25.3,16.9,79.3,20.0,0.000,0.000,0.00,0.000,7.2,13.3,2.5,285,21,8.1,16.3,2.9,289,20,8.1,16.3,2.9,289,20,127,29.91,1.2,0,0,0,41.2,44.8,46.8,0.34,0.45,0.38
LOUI,2019-11-08 11:30:00 EST,44.87169,-75.05608,279,25.7,25.5,17.3,80.2,20.5,0.000,0.000,0.00,0.000,6.9,15.7,2.8,283,17,7.8,18.0,3.1,286,15,7.8,18.0,3.1,286,15,100,29.91,1.3,0,0,0,41.2,44.8,46.8,0.34,0.45,0.38
LOUI,2019-11-08 11:35:00 EST,44.87169,-75.05608,279,25.6,25.3,15.7,79.4,20.1,0.000,0.000,0.00,0.000,9.5,16.5,2.5,293,16,10.2,18.8,3.2,295,16,10.2,18.8,3.2,295,16,120,29.91,1.4,0,0,0,41.2,44.8,46.8,0.34,0.45,0.38
LOUI,2019-11-08 11:40:00 EST,44.87169,-75.05608,279,25.9,25.6,18.6,81.3,20.9,0.000,0.000,0.00,0.000,6.2,10.4,1.8,302,19,6.3,12.6,2.0,306,17,6.3,12.6,2.0,306,17,104,29.91,1.3,0,0,0,41.2,44.8,46.8,0.34,0.45,0.38
LOUI,2019-11-08 11:45:00 EST,44.87169,-75.05608,279,26.1,25.8,18.5,81.2,21.1,0.000,0.000,0.00,0.000,6.8,12.6,1.9,311,18,6.9,11.9,1.8,314,16,6.9,11.9,1.8,314,16,132,29.90,1.3,0,0,0,41.1,44.8,46.8,0.34,0.45,0.38
LOUI,2019-11-08 11:50:00 EST,44.87169,-75.05608,279,26.1,25.8,18.6,80.3,20.8,0.000,0.000,0.00,0.000,6.2,10.2,1.6,297,19,6.7,11.4,1.9,302,18,6.7,11.4,1.9,302,18,85,29.90,1.4,0,0,0,41.2,44.8,46.8,0.34,0.45,0.38
LOUI,2019-11-08 11:55:00 EST,44.87169,-75.05608,279,25.9,25.7,17.1,80.6,20.8,0.000,0.000,0.00,0.000,8.4,13.8,2.3,305,17,8.5,15.7,2.3,309,17,8.5,15.7,2.3,309,17,67,29.90,1.4,0,0,0,41.1,44.8,46.8,0.34,0.45,0.38
LOUI,2019-11-08 12:00:00 EST,44.87169,-75.05608,279,25.6,25.4,16.9,80.0,20.3,0.000,0.000,0.00,0.000,8.2,13.7,3.0,312,16,8.2,15.2,2.7,316,14,8.2,15.2,2.7,316,14,60,29.90,1.5,0,0,0,41.1,44.8,46.8,0.34,0.45,0.38
LOUI,2019-11-08 12:05:00 EST,44.87169,-75.05608,279,25.7,25.5,17.6,79.3,20.2,0.000,0.000,0.00,0.000,6.8,10.9,2.1,305,22,7.4,13.2,2.2,306,21,7.4,13.2,2.2,306,21,93,29.90,1.6,0,0,0,41.2,44.8,46.8,0.34,0.45,0.38
LOUI,2019-11-08 12:10:00 EST,44.87169,-75.05608,279,26.0,25.8,17.1,78.0,20.1,0.000,0.000,0.00,0.000,7.8,12.7,2.1,289,16,8.6,13.7,2.2,292,14,8.6,13.7,2.2,292,14,107,29.90,1.7,0,0,0,41.1,44.8,46.8,0.34,0.45,0.38
LOUI,2019-11-08 12:15:00 EST,44.87169,-75.05608,279,26.1,25.9,16.1,77.3,20.0,0.000,0.000,0.00,0.000,9.4,15.9,3.2,288,19,10.5,19.0,3.8,287,15,10.5,19.0,3.8,287,15,114,29.90,1.7,0,0,0,41.1,44.8,46.8,0.34,0.45,0.38
LOUI,2019-11-08 12:20:00 EST,44.87169,-75.05608,279,26.3,26.0,17.8,77.7,20.3,0.000,0.000,0.00,0.000,8.0,15.3,2.4,313,16,8.1,15.6,2.3,319,15,8.1,15.6,2.3,319,15,186,29.90,1.5,0,0,0,41.1,44.8,46.8,0.34,0.45,0.38
LOUI,2019-11-08 12:25:00 EST,44.87169,-75.05608,279,26.7,26.4,18.4,78.9,21.1,0.000,0.000,0.00,0.000,7.9,12.8,1.9,310,12,8.1,12.4,1.8,313,12,8.1,12.4,1.8,313,12,185,29.90,1.4,0,0,0,41.2,44.8,46.8,0.34,0.45,0.38
LOUI,2019-11-08 12:30:00 EST,44.87169,-75.05608,279,26.8,26.5,18.5,78.4,20.9,0.000,0.000,0.00,0.000,7.3,13.4,2.9,303,20,7.9,15.6,2.8,305,21,7.9,15.6,2.8,305,21,150,29.90,1.3,0,0,0,41.2,44.8,46.8,0.34,0.45,0.38
LOUI,2019-11-08 12:35:00 EST,44.87169,-75.05608,279,26.6,26.4,18.5,75.2,19.8,0.000,0.000,0.00,0.000,7.1,12.5,2.1,303,21,7.6,12.8,2.2,305,19,7.6,12.8,2.2,305,19,177,29.90,1.3,0,0,0,41.2,44.8,46.8,0.34,0.45,0.38
LOUI,2019-11-08 12:40:00 EST,44.87169,-75.05608,279,26.6,26.4,18.1,74.1,19.4,0.000,0.000,0.00,0.000,7.9,13.8,2.5,300,18,8.2,14.9,2.5,303,18,8.2,14.9,2.5,303,18,181,29.90,1.2,0,0,0,41.2,44.8,46.8,0.34,0.45,0.38
LOUI,2019-11-08 12:45:00 EST,44.87169,-75.05608,279,26.9,26.7,18.4,73.5,19.6,0.000,0.000,0.00,0.000,7.8,17.2,3.1,295,21,8.5,17.5,3.0,298,20,8.5,17.5,3.0,298,20,317,29.90,1.3,0,0,0,41.2,44.8,46.8,0.34,0.45,0.38
LOUI,2019-11-08 12:50:00 EST,44.87169,-75.05608,279,27.4,27.1,17.9,71.4,19.4,0.000,0.000,0.00,0.000,9.8,19.0,4.0,312,21,10.1,18.7,3.5,314,18,10.1,18.7,3.5,314,18,239,29.90,1.3,0,0,0,41.2,44.8,46.8,0.34,0.45,0.38
LOUI,2019-11-08 12:55:00 EST,44.87169,-75.05608,279,27.1,26.9,19.5,72.4,19.4,0.000,0.000,0.00,0.000,6.6,13.7,2.5,290,21,7.2,16.5,2.8,295,19,7.2,16.5,2.8,295,19,248,29.90,1.1,0,0,0,41.2,44.8,46.8,0.34,0.45,0.38
LOUI,2019-11-08 13:00:00 EST,44.87169,-75.05608,279,26.9,26.8,17.2,72.6,19.3,0.000,0.000,0.00,0.000,9.7,15.1,2.4,296,18,10.4,16.6,2.6,301,16,10.4,16.6,2.6,301,16,137,29.90,1.1,0,0,0,41.2,44.8,46.8,0.34,0.45,0.38
LOUI,2019-11-08 13:05:00 EST,44.87169,-75.05608,279,27.0,26.8,17.5,72.1,19.2,0.000,0.000,0.00,0.000,9.4,15.6,2.3,296,19,10.0,15.9,2.3,300,17,10.0,15.9,2.3,300,17,229,29.90,,0,0,0,41.2,44.8,46.8,0.34,0.45,0.38
LOUI,2019-11-08 13:10:00 EST,44.87169,-75.05608,279,27.1,26.9,18.8,72.6,19.4,0.000,0.000,0.00,0.000,7.6,12.3,1.8,296,15,8.0,15.1,2.1,300,15,8.0,15.1,2.1,300,15,160,29.90,,0,0,0,41.2,44.8,46.8,0.34,0.45,0.38
LOUI,2019-11-08 13:15:00 EST,44.87169,-75.05608,279,27.3,27.1,18.4,70.8,19.1,0.000,0.000,0.00,0.000,8.4,16.2,2.4,290,16,9.1,17.4,2.8,293,14,9.1,17.4,2.8,293,14,161,29.90,1.4,0,0,0,41.2,44.8,46.8,0.34,0.45,0.38
LOUI,2019-11-08 13:20:00 EST,44.87169,-75.05608,279,27.8,27.5,18.3,69.6,19.1,0.000,0.000,0.00,0.000,9.2,15.9,2.3,283,16,10.3,18.8,2.5,287,15,10.3,18.8,2.5,287,15,436,29.90,1.1,0,0,0,41.2,44.8,46.8,0.34,0.45,0.38
LOUI,2019-11-08 13:25:00 EST,44.87169,-75.05608,279,27.8,27.6,19.0,70.1,19.3,0.000,0.000,0.00,0.000,8.4,15.6,2.9,291,15,9.2,18.2,3.1,293,15,9.2,18.2,3.1,293,15,203,29.90,1.0,0,0,0,41.2,44.8,46.8,0.34,0.45,0.38
LOUI,2019-11-08 13:30:00 EST,44.87169,-75.05608,279,27.6,27.5,19.0,70.7,19.3,0.000,0.000,0.00,0.000,8.5,14.2,2.5,302,16,8.9,17.0,2.5,305,14,8.9,17.0,2.5,305,14,125,29.90,0.8,0,0,0,41.2,44.8,46.8,0.34,0.45,0.38
LOUI,2019-11-08 13:35:00 EST,44.87169,-75.05608,279,27.7,27.5,18.4,69.5,19.0,0.000,0.000,0.00,0.000,9.4,15.1,2.8,299,15,10.0,16.5,3.1,302,13,10.0,16.5,3.1,302,13,227,29.90,-0.4,0,0,0,41.2,44.8,46.8,0.34,0.45,0.38
LOUI,2019-11-08 13:40:00 EST,44.87169,-75.05608,279,27.9,27.7,19.6,70.2,19.4,0.000,0.000,0.00,0.000,7.5,12.4,2.0,292,16,8.3,16.4,2.4,294,16,8.3,16.4,2.4,294,16,229,29.90,-0.3,0,0,0,41.2,44.8,46.8,0.34,0.45,0.38
LOUI,2019-11-08 13:45:00 EST,44.87169,-75.05608,279,28.1,28.0,20.0,69.9,19.5,0.000,0.000,0.00,0.000,7.6,13.4,2.1,300,19,8.1,16.9,2.4,305,17,8.1,16.9,2.4,305,17,171,29.90,0.3,0,0,0,41.2,44.8,46.8,0.34,0.45,0.38
LOUI,2019-11-08 13:50:00 EST,44.87169,-75.05608,279,28.1,27.9,18.8,68.8,19.1,0.000,0.000,0.00,0.000,9.7,15.3,2.6,299,14,10.1,17.1,2.8,300,13,10.1,17.1,2.8,300,13,190,29.90,0.6,0,0,0,41.2,44.8,46.8,0.34,0.45,0.38
LOUI,2019-11-08 13:55:00 EST,44.87169,-75.05608,279,28.2,28.0,19.7,69.2,19.4,0.000,0.000,0.00,0.000,8.4,17.7,2.6,306,17,8.7,17.1,2.7,306,16,8.7,17.1,2.7,306,16,298,29.90,0.9,0,0,0,41.2,44.8,46.8,0.34,0.45,0.38
LOUI,2019-11-08 14:00:00 EST,44.87169,-75.05608,279,28.5,28.3,20.5,68.6,19.5,0.000,0.000,0.00,0.000,7.8,16.7,3.0,313,19,8.1,16.2,2.9,316,19,8.1,16.2,2.9,316,19,245,29.90,0.8,0,0,0,41.2,44.8,46.8,0.34,0.45,0.38
LOUI,2019-11-08 14:05:00 EST,44.87169,-75.05608,279,28.5,28.3,21.1,70.3,20.1,0.000,0.000,0.00,0.000,6.5,11.1,2.3,294,17,7.3,13.0,2.4,295,16,7.3,13.0,2.4,295,16,194,29.90,1.0,0,0,0,41.2,44.8,46.8,0.34,0.45,0.38
LOUI,2019-11-08 14:10:00 EST,44.87169,-75.05608,279,28.5,28.4,19.0,68.3,19.4,0.000,0.000,0.00,0.000,9.5,13.9,2.4,285,15,10.8,16.6,2.8,288,13,10.8,16.6,2.8,288,13,183,29.90,1.0,0,0,0,41.2,44.8,46.8,0.34,0.45,0.38
LOUI,2019-11-08 14:15:00 EST,44.87169,-75.05608,279,28.8,28.6,20.5,68.1,19.6,0.000,0.000,0.00,0.000,8.1,12.2,2.2,298,15,8.8,14.4,2.5,300,15,8.8,14.4,2.5,300,15,277,29.90,1.1,0,0,0,41.2,44.8,46.8,0.34,0.45,0.38
LOUI,2019-11-08 14:20:00 EST,44.87169,-75.05608,279,28.8,28.6,20.0,67.7,19.5,0.000,0.000,0.00,0.000,8.4,16.7,2.8,288,16,9.6,19.7,3.4,290,14,9.6,19.7,3.4,290,14,185,29.90,1.3,0,0,0,41.2,44.8,46.8,0.34,0.45,0.38
LOUI,2019-11-08 14:25:00 EST,44.87169,-75.05608,279,28.6,28.5,20.2,68.0,19.4,0.000,0.000,0.00,0.000,7.8,14.5,2.3,297,23,8.8,17.8,2.5,298,21,8.8,17.8,2.5,298,21,249,29.90,1.3,0,0,0,41.2,44.8,46.8,0.34,0.45,0.38
LOUI,2019-11-08 14:30:00 EST,44.87169,-75.05608,279,28.9,28.7,20.6,66.7,19.2,0.000,0.000,0.00,0.000,7.9,12.9,2.0,292,18,8.7,14.4,2.3,294,15,8.7,14.4,2.3,294,15,226,29.90,1.2,0,0,0,41.2,44.8,46.8,0.34,0.45,0.38
LOUI,2019-11-08 14:35:00 EST,44.87169,-75.05608,279,28.8,28.7,20.3,65.5,18.7,0.000,0.000,0.00,0.000,8.4,16.2,2.5,292,16,9.2,17.0,2.8,294,15,9.2,17.0,2.8,294,15,287,29.90,1.2,0,0,0,41.2,44.8,46.8,0.34,0.45,0.38
LOUI,2019-11-08 14:40:00 EST,44.87169,-75.05608,279,29.0,28.8,21.0,65.9,19.0,0.000,0.000,0.00,0.000,7.3,12.3,2.1,290,14,8.2,15.5,2.7,293,16,8.2,15.5,2.7,293,16,171,29.90,1.2,0,0,0,41.2,44.8,46.8,0.34,0.45,0.38
LOUI,2019-11-08 14:45:00 EST,44.87169,-75.05608,279,29.2,29.0,21.6,65.4,19.0,0.000,0.000,0.00,0.000,7.2,14.3,2.2,304,17,7.7,14.1,2.3,308,15,7.7,14.1,2.3,308,15,273,29.90,1.2,0,0,0,41.2,44.7,46.8,0.34,0.45,0.38
LOUI,2019-11-08 14:50:00 EST,44.87169,-75.05608,279,29.1,29.0,21.3,67.1,19.5,0.000,0.000,0.00,0.000,7.4,12.3,2.0,295,17,8.1,13.6,2.2,298,15,8.1,13.6,2.2,298,15,199,29.90,1.2,0,0,0,41.2,44.8,46.8,0.34,0.45,0.38
LOUI,2019-11-08 14:55:00 EST,44.87169,-75.05608,279,29.0,28.9,21.1,67.7,19.7,0.000,0.000,0.00,0.000,7.4,10.1,1.5,291,13,8.3,12.3,1.8,293,13,8.3,12.3,1.8,293,13,187,29.90,1.2,0,0,0,41.2,44.8,46.8,0.34,0.45,0.38
LOUI,2019-11-08 15:00:00 EST,44.87169,-75.05608,279,29.0,28.9,21.6,67.8,19.7,0.000,0.000,0.00,0.000,6.4,11.8,2.2,285,13,7.3,14.0,2.6,288,13,7.3,14.0,2.6,288,13,174,29.90,1.2,0,0,0,41.2,44.7,46.8,0.34,0.45,0.38
LOUI,2019-11-08 15:05:00 EST,44.87169,-75.05608,279,29.2,29.0,20.4,66.5,19.4,0.000,0.000,0.00,0.000,8.8,15.8,2.2,290,15,9.6,16.3,2.5,293,14,9.6,16.3,2.5,293,14,209,29.91,1.1,0,0,0,41.2,44.7,46.8,0.34,0.45,0.38
LOUI,2019-11-08 15:10:00 EST,44.87169,-75.05608,279,29.1,28.9,20.7,66.2,19.2,0.000,0.000,0.00,0.000,7.9,13.4,2.7,282,21,9.0,16.5,3.3,283,18,9.0,16.5,3.3,283,18,188,29.91,1.1,0,0,0,41.2,44.6,46.8,0.34,0.45,0.38
LOUI,2019-11-08 15:15:00 EST,44.87169,-75.05608,279,29.1,29.0,22.8,67.5,19.7,0.000,0.000,0.00,0.000,5.2,11.0,2.0,284,14,5.9,14.3,2.4,287,14,5.9,14.3,2.4,287,14,188,29.91,1.1,0,0,0,41.2,44.6,46.8,0.34,0.45,0.38
LOUI,2019-11-08 15:20:00 EST,44.87169,-75.05608,279,29.1,29.0,21.5,66.2,19.3,0.000,0.000,0.00,0.000,7.0,13.1,2.4,283,18,7.9,14.6,2.9,285,16,7.9,14.6,2.9,285,16,177,29.91,1.0,0,0,0,41.2,44.6,46.8,0.34,0.45,0.38
LOUI,2019-11-08 15:25:00 EST,44.87169,-75.05608,279,29.0,28.9,20.7,66.2,19.1,0.000,0.000,0.00,0.000,7.8,12.0,2.1,291,13,8.7,15.2,2.3,294,12,8.7,15.2,2.3,294,12,157,29.91,1.1,0,0,0,41.2,44.6,46.8,0.34,0.45,0.38
LOUI,2019-11-08 15:30:00 EST,44.87169,-75.05608,279,29.1,29.0,21.3,66.7,19.4,0.000,0.000,0.00,0.000,7.0,12.9,2.3,286,14,7.9,14.9,2.8,287,12,7.9,14.9,2.8,287,12,145,29.91,1.1,0,0,0,41.2,44.6,46.8,0.34,0.45,0.38
LOUI,2019-11-08 15:35:00 EST,44.87169,-75.05608,279,29.0,29.0,20.7,65.2,18.8,0.000,0.000,0.00,0.000,7.8,13.3,1.8,289,16,8.7,14.2,2.0,293,12,8.7,14.2,2.0,293,12,134,29.91,1.0,0,0,0,41.2,44.6,46.8,0.34,0.45,0.38
LOUI,2019-11-08 15:40:00 EST,44.87169,-75.05608,279,29.0,29.0,20.8,65.5,18.9,0.000,0.000,0.00,0.000,7.7,12.7,2.2,286,19,8.7,15.0,2.5,288,16,8.7,15.0,2.5,288,16,126,29.91,1.0,0,0,0,41.2,44.6,46.8,0.34,0.45,0.38
LOUI,2019-11-08 15:45:00 EST,44.87169,-75.05608,279,29.0,29.0,22.4,66.0,19.1,0.000,0.000,0.00,0.000,5.6,10.0,1.7,280,18,6.3,13.2,2.2,283,16,6.3,13.2,2.2,283,16,119,29.91,0.9,0,0,0,41.2,44.6,46.8,0.34,0.45,0.38
LOUI,2019-11-08 15:50:00 EST,44.87169,-75.05608,279,29.0,29.0,22.5,65.6,18.9,0.000,0.000,0.00,0.000,5.4,9.8,1.6,272,16,6.3,11.5,1.8,275,14,6.3,11.5,1.8,275,14,101,29.91,0.8,0,0,0,41.2,44.6,46.8,0.34,0.45,0.38
LOUI,2019-11-08 15:55:00 EST,44.87169,-75.05608,279,28.8,28.9,23.2,66.4,19.0,0.000,0.000,0.00,0.000,4.6,7.2,1.2,261,16,5.2,9.2,1.5,266,17,5.2,9.2,1.5,266,17,87,29.91,0.7,0,0,0,41.2,44.6,46.8,0.34,0.45,0.38
LOUI,2019-11-08 16:00:00 EST,44.87169,-75.05608,279,28.6,28.8,23.7,67.6,19.2,0.000,0.000,0.00,0.000,3.9,7.7,1.2,261,18,4.5,8.8,1.5,265,18,4.5,8.8,1.5,265,18,75,29.91,0.8,0,0,0,41.2,44.6,46.8,0.34,0.45,0.38
LOUI,2019-11-08 16:05:00 EST,44.87169,-75.05608,279,28.4,28.7,22.6,67.5,19.0,0.000,0.000,0.00,0.000,4.6,9.0,1.6,263,18,5.3,10.6,1.9,268,16,5.3,10.6,1.9,268,16,63,29.91,0.7,0,0,0,41.2,44.6,46.8,0.34,0.45,0.38
LOUI,2019-11-08 16:10:00 EST,44.87169,-75.05608,279,28.6,28.7,21.6,67.7,19.2,0.000,0.000,0.00,0.000,5.8,8.4,1.3,262,15,6.6,10.1,1.6,267,12,6.6,10.1,1.6,267,12,51,29.91,0.6,0,0,0,41.2,44.6,46.8,0.34,0.45,0.38
LOUI,2019-11-08 16:15:00 EST,44.87169,-75.05608,279,28.5,28.6,22.7,67.4,19.1,0.000,0.000,0.00,0.000,4.6,8.6,1.6,266,17,5.3,10.0,2.0,269,17,5.3,10.0,2.0,269,17,39,29.91,0.8,0,0,0,41.2,44.6,46.8,0.34,0.45,0.38
LOUI,2019-11-08 16:20:00 EST,44.87169,-75.05608,279,27.9,28.4,23.7,70.3,19.4,0.000,0.000,0.00,0.000,3.2,7.0,1.0,262,19,3.7,8.4,1.4,267,17,3.7,8.4,1.4,267,17,28,29.91,0.8,0,0,0,41.2,44.6,46.8,0.34,0.45,0.38
LOUI,2019-11-08 16:25:00 EST,44.87169,-75.05608,279,28.0,28.5,22.7,70.6,19.7,0.000,0.000,0.00,0.000,4.1,8.0,1.2,266,15,4.7,9.0,1.5,272,14,4.7,9.0,1.5,272,14,21,29.91,0.6,0,0,0,41.2,44.6,46.8,0.34,0.45,0.38
LOUI,2019-11-08 16:30:00 EST,44.87169,-75.05608,279,27.8,28.3,23.2,71.2,19.6,0.000,0.000,0.00,0.000,3.5,5.8,0.8,264,15,4.0,7.2,1.1,269,16,4.0,7.2,1.1,269,16,14,29.92,0.7,0,0,0,41.2,44.6,46.8,0.34,0.45,0.38
LOUI,2019-11-08 16:35:00 EST,44.87169,-75.05608,279,27.7,28.2,22.8,70.5,19.4,0.000,0.000,0.00,0.000,3.8,9.1,1.9,268,19,4.3,11.1,2.3,272,17,4.3,11.1,2.3,272,17,10,29.92,0.7,0,0,0,41.2,44.6,46.8,0.34,0.45,0.38
LOUI,2019-11-08 16:40:00 EST,44.87169,-75.05608,279,27.4,28.1,21.9,70.8,19.2,0.000,0.000,0.00,0.000,4.1,6.9,1.1,263,14,4.7,9.2,1.4,267,13,4.7,9.2,1.4,267,13,6,29.92,0.8,0,0,0,41.2,44.6,46.8,0.34,0.45,0.38
LOUI,2019-11-08 16:45:00 EST,44.87169,-75.05608,279,27.2,27.8,22.7,72.3,19.5,0.000,0.000,0.00,0.000,3.5,6.9,0.9,257,16,3.9,7.5,1.1,262,15,3.9,7.5,1.1,262,15,4,29.92,0.8,0,0,0,41.2,44.6,46.8,0.34,0.45,0.38
LOUI,2019-11-08 16:50:00 EST,44.87169,-75.05608,279,27.0,27.7,22.4,73.5,19.7,0.000,0.000,0.00,0.000,3.6,6.5,0.9,254,12,4.0,8.0,1.2,259,11,4.0,8.0,1.2,259,11,3,29.92,1.0,0,0,0,41.2,44.6,46.8,0.34,0.45,0.38
LOUI,2019-11-08 16:55:00 EST,44.87169,-75.05608,279,26.7,27.5,22.1,74.0,19.5,0.000,0.000,0.00,0.000,3.4,6.5,0.9,257,16,3.8,9.0,1.3,261,15,3.8,9.0,1.3,261,15,1,29.92,0.5,0,0,0,41.2,44.6,46.8,0.34,0.45,0.38
LOUI,2019-11-08 17:00:00 EST,44.87169,-75.05608,279,26.5,27.4,21.4,75.3,19.7,0.000,0.000,0.00,0.000,3.8,5.6,0.7,256,16,4.3,6.6,1.0,261,14,4.3,6.6,1.0,261,14,0,29.92,0.4,0,0,0,41.2,44.6,46.8,0.34,0.45,0.38
LOUI,2019-11-08 17:05:00 EST,44.87169,-75.05608,279,26.4,27.1,22.1,75.2,19.6,0.000,0.000,0.00,0.000,3.2,6.3,0.9,250,13,3.6,7.2,1.2,254,12,3.6,7.2,1.2,254,12,0,29.92,-0.3,0,0,0,41.2,44.6,46.8,0.34,0.45,0.38
LOUI,2019-11-08 17:10:00 EST,44.87169,-75.05608,279,26.2,27.1,21.0,75.9,19.7,0.000,0.000,0.00,0.000,3.8,8.0,1.2,252,14,4.4,9.2,1.5,255,12,4.4,9.2,1.5,255,12,0,29.92,0.6,0,0,0,41.2,44.6,46.8,0.34,0.45,0.38
LOUI,2019-11-08 17:15:00 EST,44.87169,-75.05608,279,26.4,27.1,21.6,74.4,19.4,0.000,0.000,0.00,0.000,3.7,5.9,0.9,248,9,4.0,6.9,1.1,252,9,4.0,6.9,1.1,252,9,0,29.92,0.5,0,0,0,41.2,44.6,46.8,0.34,0.45,0.38
LOUI,2019-11-08 17:20:00 EST,44.87169,-75.05608,279,26.2,26.9,21.5,75.2,19.5,0.000,0.000,0.00,0.000,3.7,5.7,0.8,244,9,4.0,6.5,1.0,247,8,4.0,6.5,1.0,247,8,0,29.93,0.2,0,0,0,41.2,44.6,46.8,0.34,0.45,0.38
LOUI,2019-11-08 17:25:00 EST,44.87169,-75.05608,279,25.9,26.8,21.1,75.6,19.3,0.000,0.000,0.00,0.000,3.8,5.6,0.7,243,10,4.0,6.4,0.9,246,9,4.0,6.4,0.9,246,9,0,29.93,0.4,0,0,0,41.2,44.6,46.8,0.34,0.45,0.38
LOUI,2019-11-08 17:30:00 EST,44.87169,-75.05608,279,25.5,26.6,19.9,77.1,19.4,0.000,0.000,0.00,0.000,4.3,6.4,0.8,244,9,4.6,7.0,0.9,247,9,4.6,7.0,0.9,247,9,0,29.93,-0.1,0,0,0,41.2,44.6,46.8,0.34,0.45,0.38
LOUI,2019-11-08 17:35:00 EST,44.87169,-75.05608,279,25.5,26.4,20.4,77.5,19.5,0.000,0.000,0.00,0.000,3.8,5.9,0.9,244,11,4.1,6.8,1.1,249,10,4.1,6.8,1.1,249,10,0,29.93,0.3,0,0,0,41.2,44.6,46.8,0.34,0.45,0.38
LOUI,2019-11-08 17:40:00 EST,44.87169,-75.05608,279,25.4,26.3,20.4,78.3,19.6,0.000,0.000,0.00,0.000,3.7,5.3,0.7,249,11,4.0,6.6,1.0,253,10,4.0,6.6,1.0,253,10,0,29.93,0.2,0,0,0,41.2,44.6,46.8,0.34,0.45,0.38
LOUI,2019-11-08 17:45:00 EST,44.87169,-75.05608,279,25.2,26.2,20.1,77.9,19.3,0.000,0.000,0.00,0.000,3.6,6.1,0.8,251,13,4.1,7.6,1.1,256,11,4.1,7.6,1.1,256,11,0,29.94,0.4,0,0,0,41.2,44.6,46.8,0.34,0.45,0.38
LOUI,2019-11-08 17:50:00 EST,44.87169,-75.05608,279,25.4,26.3,19.3,77.9,19.5,0.000,0.000,0.00,0.000,4.6,7.2,0.8,242,11,5.0,9.1,1.0,246,10,5.0,9.1,1.0,246,10,0,29.94,0.0,0,0,0,41.2,44.6,46.8,0.34,0.45,0.38
LOUI,2019-11-08 17:55:00 EST,44.87169,-75.05608,279,25.2,26.1,19.6,77.2,19.0,0.000,0.000,0.00,0.000,4.1,6.9,1.1,249,12,4.5,8.7,1.4,254,11,4.5,8.7,1.4,254,11,0,29.94,0.5,0,0,0,41.2,44.6,46.8,0.34,0.45,0.38
LOUI,2019-11-08 18:00:00 EST,44.87169,-75.05608,279,25.1,26.0,19.5,77.9,19.2,0.000,0.000,0.00,0.000,4.2,6.4,0.8,250,14,4.6,7.4,1.1,253,12,4.6,7.4,1.1,253,12,0,29.94,0.6,0,0,0,41.2,44.6,46.8,0.34,0.45,0.38
LOUI,2019-11-08 18:05:00 EST,44.87169,-75.05608,279,25.1,25.9,20.2,77.9,19.2,0.000,0.000,0.00,0.000,3.6,5.0,0.6,249,12,3.9,6.2,0.8,253,11,3.9,6.2,0.8,253,11,0,29.94,0.5,0,0,0,41.2,44.6,46.8,0.34,0.45,0.38
LOUI,2019-11-08 18:10:00 EST,44.87169,-75.05608,279,24.9,25.8,19.5,78.3,19.1,0.000,0.000,0.00,0.000,4.0,7.2,0.9,244,12,4.3,9.3,1.1,247,11,4.3,9.3,1.1,247,11,0,29.94,0.3,0,0,0,41.2,44.6,46.8,0.34,0.45,0.38
LOUI,2019-11-08 18:15:00 EST,44.87169,-75.05608,279,25.0,25.7,20.1,77.5,18.9,0.000,0.000,0.00,0.000,3.6,5.1,0.8,243,11,3.9,6.0,1.0,246,10,3.9,6.0,1.0,246,10,0,29.94,0.8,0,0,0,41.2,44.6,46.8,0.34,0.45,0.38
LOUI,2019-11-08 18:20:00 EST,44.87169,-75.05608,279,24.8,25.6,20.0,78.0,18.9,0.000,0.000,0.00,0.000,3.6,5.2,0.7,241,10,3.8,6.2,0.9,245,10,3.8,6.2,0.9,245,10,0,29.94,0.8,0,0,0,41.2,44.6,46.8,0.34,0.45,0.38
LOUI,2019-11-08 18:25:00 EST,44.87169,-75.05608,279,24.7,25.5,19.5,78.1,18.9,0.000,0.000,0.00,0.000,3.9,5.9,0.8,237,11,4.1,6.6,1.0,241,10,4.1,6.6,1.0,241,10,0,29.94,0.6,0,0,0,41.2,44.6,46.8,0.34,0.45,0.38
LOUI,2019-11-08 18:30:00 EST,44.87169,-75.05608,279,24.6,25.4,20.1,77.8,18.6,0.000,0.000,0.00,0.000,3.4,6.6,0.8,234,9,3.5,6.9,1.0,236,9,3.5,6.9,1.0,236,9,0,29.94,0.8,0,0,0,41.2,44.6,46.8,0.34,0.45,0.38
LOUI,2019-11-08 18:35:00 EST,44.87169,-75.05608,279,24.5,25.3,20.2,78.7,18.8,0.000,0.000,0.00,0.000,3.3,5.0,0.6,235,10,3.4,5.7,0.8,238,9,3.4,5.7,0.8,238,9,0,29.94,0.7,0,0,0,41.2,44.6,46.7,0.34,0.45,0.38
LOUI,2019-11-08 18:40:00 EST,44.87169,-75.05608,279,23.9,25.1,23.9,79.0,18.3,0.000,0.000,0.00,0.000,3.0,4.2,0.5,231,10,2.9,4.6,0.7,233,9,2.9,4.6,0.7,233,9,0,29.94,0.8,0,0,0,41.2,44.6,46.8,0.34,0.45,0.38
LOUI,2019-11-08 18:45:00 EST,44.87169,-75.05608,279,23.7,24.9,23.7,80.0,18.4,0.000,0.000,0.00,0.000,2.4,3.8,0.5,230,8,2.4,4.4,0.7,231,9,2.4,4.4,0.7,231,9,0,29.95,0.6,0,0,0,41.2,44.6,46.7,0.34,0.45,0.38
LOUI,2019-11-08 18:50:00 EST,44.87169,-75.05608,279,23.3,24.8,23.3,81.6,18.5,0.000,0.000,0.00,0.000,3.0,4.1,0.5,229,9,2.9,4.7,0.6,231,8,2.9,4.7,0.6,231,8,0,29.95,0.4,0,0,0,41.2,44.6,46.8,0.34,0.45,0.38
LOUI,2019-11-08 18:55:00 EST,44.87169,-75.05608,279,22.7,24.7,22.7,82.3,18.1,0.000,0.000,0.00,0.000,2.5,3.3,0.3,219,5,2.4,3.3,0.3,223,4,2.4,3.3,0.3,223,4,0,29.95,0.4,0,0,0,41.2,44.6,46.8,0.34,0.45,0.38
LOUI,2019-11-08 19:00:00 EST,44.87169,-75.05608,279,22.3,24.3,22.3,84.3,18.2,0.000,0.000,0.00,0.000,2.6,3.5,0.3,216,4,2.5,3.7,0.4,220,4,2.5,3.7,0.4,220,4,0,29.95,0.4,0,0,0,41.2,44.6,46.8,0.34,0.45,0.38
LOUI,2019-11-08 19:05:00 EST,44.87169,-75.05608,279,22.0,24.1,22.0,85.4,18.3,0.000,0.000,0.00,0.000,2.9,3.9,0.3,216,4,2.9,4.3,0.5,220,3,2.9,4.3,0.5,220,3,0,29.95,0.5,0,0,0,41.2,44.6,46.6,0.34,0.45,0.38
LOUI,2019-11-08 19:10:00 EST,44.87169,-75.05608,279,21.6,23.8,17.6,85.6,18.0,0.000,0.000,0.00,0.000,3.1,4.1,0.4,216,5,3.0,4.3,0.4,220,4,3.0,4.3,0.4,220,4,0,29.95,0.6,0,0,0,41.2,44.6,46.7,0.34,0.45,0.38
LOUI,2019-11-08 19:15:00 EST,44.87169,-75.05608,279,21.5,23.7,17.2,86.6,18.1,0.000,0.000,0.00,0.000,3.2,4.2,0.4,218,6,3.1,4.6,0.5,222,4,3.1,4.6,0.5,222,4,0,29.95,0.4,0,0,0,41.2,44.6,46.7,0.34,0.45,0.38
LOUI,2019-11-08 19:20:00 EST,44.87169,-75.05608,279,21.9,23.8,21.9,88.0,18.9,0.000,0.000,0.00,0.000,2.9,3.9,0.4,224,6,2.7,4.2,0.5,226,5,2.7,4.2,0.5,226,5,0,29.95,0.5,0,0,0,41.2,44.6,46.7,0.34,0.45,0.38
LOUI,2019-11-08 19:25:00 EST,44.87169,-75.05608,279,22.1,23.8,22.1,87.6,18.9,0.000,0.000,0.00,0.000,2.9,4.2,0.5,224,7,2.8,4.4,0.6,227,7,2.8,4.4,0.6,227,7,0,29.95,0.4,0,0,0,41.2,44.6,46.7,0.34,0.45,0.38
LOUI,2019-11-08 19:30:00 EST,44.87169,-75.05608,279,22.0,23.7,22.0,87.0,18.8,0.000,0.000,0.00,0.000,2.7,4.2,0.4,225,7,2.5,4.6,0.5,227,6,2.5,4.6,0.5,227,6,0,29.95,0.0,0,0,0,41.2,44.6,46.6,0.34,0.45,0.38
LOUI,2019-11-08 19:35:00 EST,44.87169,-75.05608,279,22.0,23.8,22.0,86.7,18.7,0.000,0.000,0.00,0.000,3.0,4.1,0.4,228,6,2.8,4.1,0.4,230,5,2.8,4.1,0.4,230,5,0,29.95,0.1,0,0,0,41.2,44.6,46.6,0.34,0.45,0.38
LOUI,2019-11-08 19:40:00 EST,44.87169,-75.05608,279,21.7,23.7,17.6,86.4,18.2,0.000,0.000,0.00,0.000,3.1,3.9,0.4,226,5,3.0,4.3,0.5,227,5,3.0,4.3,0.5,227,5,0,29.95,-0.2,0,0,0,41.2,44.6,46.6,0.34,0.45,0.38
LOUI,2019-11-08 19:45:00 EST,44.87169,-75.05608,279,21.7,23.6,16.9,87.1,18.4,0.000,0.000,0.00,0.000,3.5,4.7,0.4,231,7,3.4,4.8,0.6,233,6,3.4,4.8,0.6,233,6,0,29.95,0.0,0,0,0,41.2,44.5,46.6,0.34,0.45,0.38
LOUI,2019-11-08 19:50:00 EST,44.87169,-75.05608,279,22.0,23.6,17.2,86.5,18.6,0.000,0.000,0.00,0.000,3.5,4.9,0.5,233,8,3.5,5.6,0.7,235,8,3.5,5.6,0.7,235,8,0,29.95,0.3,0,0,0,41.2,44.5,46.6,0.34,0.45,0.38
LOUI,2019-11-08 19:55:00 EST,44.87169,-75.05608,279,21.9,23.3,17.5,85.9,18.3,0.000,0.000,0.00,0.000,3.2,5.2,0.6,236,9,3.2,5.8,0.8,240,10,3.2,5.8,0.8,240,10,0,29.95,0.1,0,0,0,41.2,44.5,46.6,0.34,0.45,0.38
LOUI,2019-11-08 20:00:00 EST,44.87169,-75.05608,279,22.1,23.5,17.8,85.1,18.3,0.000,0.000,0.00,0.000,3.2,5.0,0.5,238,8,3.2,4.9,0.6,240,8,3.2,4.9,0.6,240,8,0,29.95,0.5,0,0,0,41.2,44.5,46.6,0.34,0.45,0.38
LOUI,2019-11-08 20:05:00 EST,44.87169,-75.05608,279,22.2,23.6,22.2,84.0,18.1,0.000,0.000,0.00,0.000,3.0,3.9,0.5,228,7,2.8,4.4,0.5,230,6,2.8,4.4,0.5,230,6,0,29.95,0.4,0,0,0,41.2,44.5,46.6,0.34,0.45,0.38
LOUI,2019-11-08 20:10:00 EST,44.87169,-75.05608,279,21.7,23.2,21.7,83.7,17.5,0.000,0.000,0.00,0.000,2.5,3.9,0.5,227,8,2.3,4.4,0.5,229,8,2.3,4.4,0.5,229,8,0,29.95,0.6,0,0,0,41.2,44.5,46.6,0.34,0.45,0.38
LOUI,2019-11-08 20:15:00 EST,44.87169,-75.05608,279,21.3,23.1,21.3,85.1,17.5,0.000,0.000,0.00,0.000,2.6,3.5,0.3,226,9,2.5,4.3,0.5,228,8,2.5,4.3,0.5,228,8,0,29.96,0.5,0,0,0,41.2,44.5,46.6,0.34,0.45,0.38
LOUI,2019-11-08 20:20:00 EST,44.87169,-75.05608,279,21.6,22.9,21.6,86.0,18.1,0.000,0.000,0.00,0.000,2.3,3.4,0.4,229,6,2.1,3.8,0.5,231,6,2.1,3.8,0.5,231,6,0,29.95,0.6,0,0,0,41.2,44.5,46.6,0.34,0.45,0.38
LOUI,2019-11-08 20:25:00 EST,44.87169,-75.05608,279,21.3,22.8,21.3,86.0,17.8,0.000,0.000,0.00,0.000,2.1,3.4,0.4,230,5,1.9,3.6,0.5,231,5,1.9,3.6,0.5,231,5,0,29.96,0.7,0,0,0,41.2,44.5,46.6,0.34,0.45,0.38
LOUI,2019-11-08 20:30:00 EST,44.87169,-75.05608,279,21.0,22.6,21.0,87.1,17.8,0.000,0.000,0.00,0.000,2.0,3.9,0.5,221,10,1.9,3.8,0.5,223,9,1.9,3.8,0.5,223,9,0,29.96,0.8,0,0,0,41.2,44.4,46.6,0.34,0.45,0.38
LOUI,2019-11-08 20:35:00 EST,44.87169,-75.05608,279,20.7,22.2,20.7,87.6,17.6,0.000,0.000,0.00,0.000,1.5,2.6,0.6,207,6,1.6,2.8,0.6,209,10,1.6,2.8,0.6,209,10,0,29.96,0.7,0,0,0,41.2,44.5,46.6,0.34,0.45,0.38
LOUI,2019-11-08 20:40:00 EST,44.87169,-75.05608,279,20.2,21.3,20.2,88.7,17.4,0.000,0.000,0.00,0.000,2.0,4.3,1.0,202,6,2.2,4.9,1.1,204,9,2.2,4.9,1.1,204,9,0,29.96,0.8,0,0,0,41.2,44.4,46.6,0.34,0.45,0.38
LOUI,2019-11-08 20:45:00 EST,44.87169,-75.05608,279,19.9,21.6,19.9,89.5,17.4,0.000,0.000,0.00,0.000,2.2,3.5,0.6,203,6,2.3,3.9,0.6,207,8,2.3,3.9,0.6,207,8,0,29.96,0.6,0,0,0,41.2,44.4,46.6,0.34,0.45,0.38
LOUI,2019-11-08 20:50:00 EST,44.87169,-75.05608,279,19.9,21.3,19.9,90.0,17.4,0.000,0.000,0.00,0.000,2.3,3.5,0.5,217,7,2.2,3.4,0.5,221,7,2.2,3.4,0.5,221,7,0,29.96,0.7,0,0,0,41.2,44.4,46.6,0.34,0.45,0.38
LOUI,2019-11-08 20:55:00 EST,44.87169,-75.05608,279,20.0,21.4,20.0,90.6,17.7,0.000,0.000,0.00,0.000,1.3,2.1,0.4,199,11,1.5,2.6,0.4,200,13,1.5,2.6,0.4,200,13,0,29.96,0.6,0,0,0,41.2,44.4,46.6,0.34,0.45,0.38
LOUI,2019-11-08 21:00:00 EST,44.87169,-75.05608,279,18.3,20.8,18.3,90.3,15.9,0.000,0.000,0.00,0.000,2.0,2.9,0.3,184,10,2.2,3.1,0.4,184,12,2.2,3.1,0.4,184,12,0,29.96,0.8,0,0,0,41.2,44.4,46.6,0.34,0.45,0.38
LOUI,2019-11-08 21:05:00 EST,44.87169,-75.05608,279,17.0,19.4,17.0,90.6,14.8,0.000,0.000,0.00,0.000,2.0,2.6,0.3,184,8,2.2,2.9,0.3,185,13,2.2,2.9,0.3,185,13,0,29.96,0.8,0,0,0,41.2,44.4,46.6,0.34,0.45,0.38
LOUI,2019-11-08 21:10:00 EST,44.87169,-75.05608,279,17.0,20.0,11.2,91.9,15.0,0.000,0.000,0.00,0.000,3.4,4.5,0.5,193,4,3.7,5.1,0.6,195,4,3.7,5.1,0.6,195,4,0,29.96,0.9,0,0,0,41.2,44.4,46.6,0.34,0.45,0.38
LOUI,2019-11-08 21:15:00 EST,44.87169,-75.05608,279,18.1,20.2,12.2,94.8,16.9,0.000,0.000,0.00,0.000,3.6,4.3,0.3,197,4,3.9,5.0,0.4,198,4,3.9,5.0,0.4,198,4,0,29.96,0.8,0,0,0,41.2,44.4,46.6,0.34,0.45,0.38
LOUI,2019-11-08 21:20:00 EST,44.87169,-75.05608,279,19.0,20.3,13.5,95.0,17.8,0.000,0.000,0.00,0.000,3.5,5.0,0.5,201,7,3.7,5.4,0.7,204,8,3.7,5.4,0.7,204,8,0,29.96,0.8,0,0,0,41.2,44.4,46.6,0.34,0.45,0.38
LOUI,2019-11-08 21:25:00 EST,44.87169,-75.05608,279,19.1,20.3,12.6,92.9,17.4,0.000,0.000,0.00,0.000,4.2,5.6,0.7,202,7,4.5,6.3,0.7,205,8,4.5,6.3,0.7,205,8,0,29.96,0.8,0,0,0,41.2,44.4,46.6,0.34,0.45,0.38
LOUI,2019-11-08 21:30:00 EST,44.87169,-75.05608,279,19.3,20.2,12.7,91.0,17.1,0.000,0.000,0.00,0.000,4.3,5.6,0.5,201,6,4.5,6.0,0.6,203,6,4.5,6.0,0.6,203,6,0,29.96,0.9,0,0,0,41.2,44.4,46.6,0.34,0.45,0.38
LOUI,2019-11-08 21:35:00 EST,44.87169,-75.05608,279,19.3,20.3,12.4,90.4,17.0,0.000,0.000,0.00,0.000,4.5,6.0,0.6,203,7,4.8,6.6,0.7,206,7,4.8,6.6,0.7,206,7,0,29.96,0.7,0,0,0,41.2,44.4,46.6,0.34,0.45,0.38
LOUI,2019-11-08 21:40:00 EST,44.87169,-75.05608,279,19.5,20.3,12.6,90.0,17.1,0.000,0.000,0.00,0.000,4.5,6.0,0.6,207,7,4.8,6.3,0.6,210,7,4.8,6.3,0.6,210,7,0,29.96,0.8,0,0,0,41.2,44.4,46.6,0.34,0.45,0.38
LOUI,2019-11-08 21:45:00 EST,44.87169,-75.05608,279,19.5,20.3,12.7,89.9,17.1,0.000,0.000,0.00,0.000,4.5,5.9,0.6,207,8,4.7,6.5,0.7,210,8,4.7,6.5,0.7,210,8,0,29.96,1.0,0,0,0,41.2,44.4,46.6,0.34,0.45,0.38
LOUI,2019-11-08 21:50:00 EST,44.87169,-75.05608,279,19.6,20.3,12.5,89.3,17.0,0.000,0.000,0.00,0.000,4.8,6.5,0.6,209,6,5.0,6.7,0.7,213,6,5.0,6.7,0.7,213,6,0,29.96,1.0,0,0,0,41.2,44.4,46.6,0.34,0.45,0.38
LOUI,2019-11-08 21:55:00 EST,44.87169,-75.05608,279,19.6,20.3,12.8,89.4,16.9,0.000,0.000,0.00,0.000,4.5,6.9,0.9,209,8,4.7,7.0,0.9,211,8,4.7,7.0,0.9,211,8,0,29.96,1.0,0,0,0,41.2,44.4,46.6,0.34,0.45,0.38
LOUI,2019-11-08 22:00:00 EST,44.87169,-75.05608,279,19.6,20.3,12.8,89.4,17.0,0.000,0.000,0.00,0.000,4.4,6.6,0.7,209,9,4.8,6.8,0.8,213,8,4.8,6.8,0.8,213,8,0,29.96,1.0,0,0,0,41.2,44.4,46.6,0.34,0.45,0.38
LOUI,2019-11-08 22:05:00 EST,44.87169,-75.05608,279,19.7,20.4,13.7,89.4,17.1,0.000,0.000,0.00,0.000,4.2,6.6,0.8,214,9,4.1,7.0,1.0,217,9,4.1,7.0,1.0,217,9,0,29.96,1.0,0,0,0,41.2,44.4,46.6,0.34,0.45,0.38
LOUI,2019-11-08 22:10:00 EST,44.87169,-75.05608,279,19.8,20.5,13.7,89.0,17.1,0.000,0.000,0.00,0.000,4.2,6.1,0.6,218,9,4.2,5.9,0.7,221,8,4.2,5.9,0.7,221,8,0,29.96,0.9,0,0,0,41.2,44.4,46.6,0.34,0.45,0.38
LOUI,2019-11-08 22:15:00 EST,44.87169,-75.05608,279,19.9,20.6,14.1,88.6,17.1,0.000,0.000,0.00,0.000,3.8,5.3,0.7,222,10,4.0,6.1,0.8,225,9,4.0,6.1,0.8,225,9,0,29.96,0.8,0,0,0,41.2,44.4,46.6,0.34,0.45,0.38
LOUI,2019-11-08 22:20:00 EST,44.87169,-75.05608,279,19.9,20.6,14.1,88.4,17.0,0.000,0.000,0.00,0.000,3.8,5.6,0.8,220,12,4.0,5.9,0.8,223,10,4.0,5.9,0.8,223,10,0,29.96,0.9,0,0,0,41.2,44.4,46.6,0.34,0.45,0.38
LOUI,2019-11-08 22:25:00 EST,44.87169,-75.05608,279,20.1,20.7,14.6,88.2,17.2,0.000,0.000,0.00,0.000,3.7,5.6,0.7,222,12,3.8,5.6,0.8,225,10,3.8,5.6,0.8,225,10,0,29.96,,0,0,0,41.2,44.4,46.6,0.34,0.45,0.38
LOUI,2019-11-08 22:30:00 EST,44.87169,-75.05608,279,20.0,20.6,20.0,87.9,17.0,0.000,0.000,0.00,0.000,2.9,4.5,0.5,222,11,2.8,4.8,0.6,226,10,2.8,4.8,0.6,226,10,0,29.95,0.8,0,0,0,41.2,44.4,46.6,0.34,0.45,0.38
LOUI,2019-11-08 22:35:00 EST,44.87169,-75.05608,279,19.8,20.4,19.8,88.4,17.0,0.000,0.000,0.00,0.000,2.4,3.7,0.5,221,11,2.4,3.8,0.5,223,10,2.4,3.8,0.5,223,10,0,29.95,0.7,0,0,0,41.2,44.4,46.6,0.34,0.45,0.38
LOUI,2019-11-08 22:40:00 EST,44.87169,-75.05608,279,19.7,20.4,15.0,88.9,17.0,0.000,0.000,0.00,0.000,3.3,5.3,0.8,215,9,3.2,5.9,0.9,217,10,3.2,5.9,0.9,217,10,0,29.95,0.8,0,0,0,41.2,44.4,46.6,0.34,0.45,0.38
LOUI,2019-11-08 22:45:00 EST,44.87169,-75.05608,279,19.6,20.3,14.8,89.0,16.9,0.000,0.000,0.00,0.000,3.2,5.1,0.8,207,6,3.3,5.5,0.8,211,7,3.3,5.5,0.8,211,7,0,29.95,1.0,0,0,0,41.2,44.4,46.6,0.34,0.45,0.38
LOUI,2019-11-08 22:50:00 EST,44.87169,-75.05608,279,19.0,19.8,19.0,89.6,16.5,0.000,0.000,0.00,0.000,1.7,2.6,0.3,217,6,1.6,2.2,0.2,220,7,1.6,2.2,0.2,220,7,0,29.95,0.9,0,0,0,41.2,44.4,46.6,0.34,0.45,0.38
LOUI,2019-11-08 22:55:00 EST,44.87169,-75.05608,279,19.2,20.0,19.2,91.0,17.1,0.000,0.000,0.00,0.000,2.5,4.0,0.6,208,9,2.6,4.4,0.7,213,8,2.6,4.4,0.7,213,8,0,29.95,0.1,0,0,0,41.2,44.4,46.6,0.34,0.45,0.38
LOUI,2019-11-08 23:00:00 EST,44.87169,-75.05608,279,19.3,20.0,19.3,91.4,17.2,0.000,0.000,0.00,0.000,2.8,4.4,0.6,214,9,2.7,4.5,0.7,218,9,2.7,4.5,0.7,218,9,0,29.95,,0,0,0,41.2,44.4,46.6,0.34,0.45,0.38
LOUI,2019-11-08 23:05:00 EST,44.87169,-75.05608,279,19.2,20.0,19.2,90.9,17.0,0.000,0.000,0.00,0.000,2.6,4.3,0.6,215,9,2.5,4.6,0.7,218,9,2.5,4.6,0.7,218,9,0,29.95,,0,0,0,41.2,44.4,46.6,0.34,0.45,0.38
LOUI,2019-11-08 23:10:00 EST,44.87169,-75.05608,279,19.5,20.1,14.8,90.7,17.2,0.000,0.000,0.00,0.000,3.2,5.3,0.7,209,8,3.2,5.9,0.8,212,9,3.2,5.9,0.8,212,9,0,29.95,,0,0,0,41.2,44.4,46.6,0.34,0.45,0.38
LOUI,2019-11-08 23:15:00 EST,44.87169,-75.05608,279,19.1,19.9,19.1,89.7,16.6,0.000,0.000,0.00,0.000,2.7,4.3,0.6,202,8,2.9,4.9,0.7,204,10,2.9,4.9,0.7,204,10,0,29.95,,0,0,0,41.2,44.4,46.6,0.34,0.45,0.38
LOUI,2019-11-08 23:20:00 EST,44.87169,-75.05608,279,18.8,19.6,13.7,90.1,16.4,0.000,0.000,0.00,0.000,3.3,4.2,0.4,192,7,3.5,5.2,0.5,193,7,3.5,5.2,0.5,193,7,0,29.95,,0,0,0,41.2,44.4,46.6,0.34,0.45,0.38
LOUI,2019-11-08 23:25:00 EST,44.87169,-75.05608,279,18.1,19.3,13.5,90.6,15.9,0.000,0.000,0.00,0.000,2.9,4.7,0.6,192,8,3.1,4.7,0.6,193,8,3.1,4.7,0.6,193,8,0,29.95,,0,0,0,41.2,44.4,46.6,0.34,0.45,0.38
LOUI,2019-11-08 23:30:00 EST,44.87169,-75.05608,279,17.4,19.0,17.4,91.4,15.3,0.000,0.000,0.00,0.000,2.4,3.3,0.3,186,7,2.6,3.6,0.4,188,6,2.6,3.6,0.4,188,6,0,29.94,,0,0,0,41.2,44.4,46.6,0.34,0.45,0.38
LOUI,2019-11-08 23:35:00 EST,44.87169,-75.05608,279,17.0,18.9,17.0,92.4,15.1,0.000,0.000,0.00,0.000,2.1,3.1,0.4,185,7,2.4,3.4,0.4,184,8,2.4,3.4,0.4,184,8,0,29.94,,0,0,0,41.2,44.4,46.6,0.34,0.45,0.38
LOUI,2019-11-08 23:40:00 EST,44.87169,-75.05608,279,17.4,18.8,17.4,93.5,15.8,0.000,0.000,0.00,0.000,2.2,3.4,0.4,194,7,2.5,3.8,0.4,195,9,2.5,3.8,0.4,195,9,0,29.95,,0,0,0,41.2,44.4,46.6,0.34,0.45,0.38
LOUI,2019-11-08 23:45:00 EST,44.87169,-75.05608,279,17.9,19.0,17.9,94.5,16.5,0.000,0.000,0.00,0.000,2.8,4.7,0.6,190,8,3.0,5.4,0.7,192,10,3.0,5.4,0.7,192,10,0,29.95,,0,0,0,41.2,44.4,46.6,0.34,0.45,0.38
LOUI,2019-11-08 23:50:00 EST,44.87169,-75.05608,279,17.4,18.8,17.4,94.6,16.1,0.000,0.000,0.00,0.000,2.0,3.4,0.6,184,10,2.1,3.6,0.6,183,12,2.1,3.6,0.6,183,12,0,29.95,,0,0,0,41.2,44.4,46.6,0.34,0.45,0.38
LOUI,2019-11-08 23:55:00 EST,44.87169,-75.05608,279,17.4,18.4,17.4,94.8,16.2,0.000,0.000,0.00,0.000,1.5,2.1,0.3,174,9,1.7,2.5,0.3,168,14,1.7,2.5,0.3,168,14,0,29.95,,0,0,0,41.2,44.4,46.6,0.34,0.45,0.38
MALO,2019-11-08 00:00:00 EST,44.85287,-74.32887,775,20.7,22.1,13.7,86.2,17.2,0.000,0.442,0.00,0.000,4.7,5.9,0.3,242,4,5.1,6.7,0.5,246,5,5.1,6.7,0.5,246,5,0,29.24,2.2,0,0,0,42.5,45.5,47.1,0.51,0.43,0.42
MALO,2019-11-08 00:05:00 EST,44.85287,-74.32887,775,20.5,21.9,13.3,86.2,17.0,0.000,0.000,0.00,0.000,4.7,6.0,0.4,244,5,5.3,6.7,0.6,248,5,5.3,6.7,0.6,248,5,0,29.24,2.3,0,0,0,42.6,45.5,47.1,0.51,0.43,0.42
MALO,2019-11-08 00:10:00 EST,44.85287,-74.32887,775,20.4,21.8,13.1,85.3,16.7,0.000,0.000,0.00,0.000,5.1,6.1,0.4,240,6,5.3,6.7,0.6,244,6,5.3,6.7,0.6,244,6,0,29.24,2.2,0,0,0,42.5,45.5,47.1,0.51,0.43,0.42
MALO,2019-11-08 00:15:00 EST,44.85287,-74.32887,775,19.8,21.7,12.4,84.6,16.0,0.000,0.000,0.00,0.000,5.0,6.6,0.5,241,5,5.4,7.0,0.7,244,6,5.4,7.0,0.7,244,6,0,29.24,2.2,0,0,0,42.5,45.5,47.1,0.51,0.43,0.42
MALO,2019-11-08 00:20:00 EST,44.85287,-74.32887,775,20.0,21.7,12.6,83.6,15.9,0.000,0.000,0.00,0.000,4.9,6.1,0.5,242,6,5.4,7.7,0.9,246,6,5.4,7.7,0.9,246,6,0,29.23,2.3,0,0,0,42.4,45.5,47.1,0.51,0.43,0.42
MALO,2019-11-08 00:25:00 EST,44.85287,-74.32887,775,19.9,21.5,13.1,83.1,15.6,0.000,0.000,0.00,0.000,4.4,5.6,0.5,242,5,4.8,6.6,0.7,246,6,4.8,6.6,0.7,246,6,0,29.23,2.4,0,0,0,42.4,45.5,47.1,0.51,0.43,0.42
MALO,2019-11-08 00:30:00 EST,44.85287,-74.32887,775,19.6,21.3,13.0,82.7,15.2,0.000,0.000,0.00,0.000,4.3,5.3,0.4,239,7,4.6,6.4,0.6,242,7,4.6,6.4,0.6,242,7,0,29.23,2.3,0,0,0,42.4,45.5,47.1,0.51,0.43,0.42
MALO,2019-11-08 00:35:00 EST,44.85287,-74.32887,775,19.8,21.3,13.0,82.7,15.4,0.000,0.000,0.00,0.000,4.4,5.5,0.4,243,6,4.8,6.6,0.6,247,6,4.8,6.6,0.6,247,6,0,29.23,2.4,0,0,0,42.4,45.5,47.1,0.51,0.43,0.42
MALO,2019-11-08 00:40:00 EST,44.85287,-74.32887,775,19.8,21.3,12.4,82.0,15.2,0.000,0.000,0.00,0.000,4.9,6.6,0.6,244,8,5.3,7.8,0.9,248,8,5.3,7.8,0.9,248,8,0,29.23,2.3,0,0,0,42.4,45.5,47.1,0.51,0.43,0.42
MALO,2019-11-08 00:45:00 EST,44.85287,-74.32887,775,19.6,21.3,11.7,81.9,14.9,0.000,0.000,0.00,0.000,5.4,6.5,0.6,239,7,5.7,7.7,0.8,243,7,5.7,7.7,0.8,243,7,0,29.23,2.3,0,0,0,42.4,45.5,47.1,0.51,0.43,0.42
MALO,2019-11-08 00:50:00 EST,44.85287,-74.32887,775,19.5,21.3,11.5,81.5,14.8,0.000,0.000,0.00,0.000,5.6,7.7,0.6,240,6,5.9,8.8,0.8,244,7,5.9,8.8,0.8,244,7,0,29.23,2.3,0,0,0,42.4,45.5,47.1,0.51,0.43,0.42
MALO,2019-11-08 00:55:00 EST,44.85287,-74.32887,775,19.5,21.3,11.6,81.9,14.9,0.000,0.000,0.00,0.000,5.4,6.7,0.5,240,6,5.7,8.3,0.8,244,6,5.7,8.3,0.8,244,6,0,29.23,2.3,0,0,0,42.4,45.5,47.1,0.51,0.43,0.42
MALO,2019-11-08 01:00:00 EST,44.85287,-74.32887,775,19.3,21.2,11.4,81.3,14.5,0.000,0.000,0.00,0.000,5.4,6.4,0.4,239,7,5.7,7.8,0.7,243,7,5.7,7.8,0.7,243,7,0,29.23,2.3,0,0,0,42.4,45.5,47.1,0.51,0.43,0.42
MALO,2019-11-08 01:05:00 EST,44.85287,-74.32887,775,19.3,21.1,11.5,81.5,14.6,0.000,0.000,0.00,0.000,5.5,6.4,0.3,238,5,5.6,7.0,0.5,241,5,5.6,7.0,0.5,241,5,0,29.23,2.2,0,0,0,42.4,45.5,47.1,0.51,0.43,0.42
MALO,2019-11-08 01:10:00 EST,44.85287,-74.32887,775,18.9,20.9,10.5,81.0,14.1,0.000,0.000,0.00,0.000,5.9,7.0,0.4,240,6,6.2,8.4,0.8,243,6,6.2,8.4,0.8,243,6,0,29.22,2.3,0,0,0,42.4,45.5,47.1,0.51,0.43,0.42
MALO,2019-11-08 01:15:00 EST,44.85287,-74.32887,775,18.7,20.7,10.7,81.0,13.8,0.000,0.000,0.00,0.000,5.4,7.5,0.7,240,7,5.7,7.9,0.8,243,7,5.7,7.9,0.8,243,7,0,29.22,2.3,0,0,0,42.4,45.5,47.0,0.51,0.43,0.42
MALO,2019-11-08 01:20:00 EST,44.85287,-74.32887,775,18.2,20.5,11.2,80.6,13.3,0.000,0.000,0.00,0.000,4.6,5.6,0.3,238,5,4.7,6.1,0.4,242,6,4.7,6.1,0.4,242,6,0,29.22,2.3,0,0,0,42.4,45.5,47.0,0.51,0.43,0.42
MALO,2019-11-08 01:25:00 EST,44.85287,-74.32887,775,18.8,20.6,11.3,80.7,13.9,0.000,0.000,0.00,0.000,5.4,6.4,0.4,233,5,5.3,6.7,0.5,235,6,5.3,6.7,0.5,235,6,0,29.22,2.3,0,0,0,42.4,45.5,47.0,0.51,0.43,0.42
MALO,2019-11-08 01:30:00 EST,44.85287,-74.32887,775,18.7,20.5,10.9,80.0,13.6,0.000,0.000,0.00,0.000,5.6,6.6,0.4,226,6,5.5,7.0,0.4,230,6,5.5,7.0,0.4,230,6,0,29.22,2.2,0,0,0,42.4,45.5,47.0,0.51,0.43,0.42
MALO,2019-11-08 01:35:00 EST,44.85287,-74.32887,775,18.8,20.3,11.3,81.7,14.1,0.000,0.000,0.00,0.000,5.3,6.5,0.4,222,4,5.2,6.8,0.5,226,3,5.2,6.8,0.5,226,3,0,29.22,2.3,0,0,0,42.4,45.5,47.0,0.51,0.43,0.42
MALO,2019-11-08 01:40:00 EST,44.85287,-74.32887,775,19.3,20.0,12.1,82.1,14.7,0.000,0.000,0.00,0.000,5.3,6.6,0.5,228,3,5.1,6.7,0.5,230,3,5.1,6.7,0.5,230,3,0,29.23,2.2,0,0,0,42.4,45.5,47.0,0.51,0.43,0.42
MALO,2019-11-08 01:45:00 EST,44.85287,-74.32887,775,19.4,20.0,12.3,83.5,15.2,0.000,0.000,0.00,0.000,5.2,5.8,0.3,229,3,5.0,6.2,0.4,230,3,5.0,6.2,0.4,230,3,0,29.23,2.2,0,0,0,42.4,45.5,46.9,0.51,0.43,0.42
MALO,2019-11-08 01:50:00 EST,44.85287,-74.32887,775,18.8,20.1,10.9,84.0,14.8,0.000,0.000,0.00,0.000,5.7,6.5,0.4,229,5,5.6,7.1,0.5,231,5,5.6,7.1,0.5,231,5,0,29.23,2.2,0,0,0,42.4,45.5,47.0,0.51,0.43,0.42
MALO,2019-11-08 01:55:00 EST,44.85287,-74.32887,775,18.7,20.2,10.3,84.0,14.7,0.000,0.000,0.00,0.000,6.3,7.7,0.6,228,4,6.1,8.9,0.7,230,4,6.1,8.9,0.7,230,4,0,29.23,2.3,0,0,0,42.4,45.5,47.0,0.51,0.43,0.42
MALO,2019-11-08 02:00:00 EST,44.85287,-74.32887,775,18.5,20.1,10.6,83.5,14.3,0.000,0.000,0.00,0.000,5.6,6.7,0.4,232,6,5.5,7.5,0.6,235,7,5.5,7.5,0.6,235,7,0,29.23,2.3,0,0,0,42.4,45.5,46.9,0.51,0.43,0.42
MALO,2019-11-08 02:05:00 EST,44.85287,-74.32887,775,18.2,20.0,10.2,83.2,13.9,0.000,0.000,0.00,0.000,5.5,7.2,0.5,236,6,5.6,7.9,0.6,240,7,5.6,7.9,0.6,240,7,0,29.23,2.2,0,0,0,42.4,45.5,46.9,0.51,0.43,0.42
MALO,2019-11-08 02:10:00 EST,44.85287,-74.32887,775,18.2,20.0,10.4,83.6,14.0,0.000,0.000,0.00,0.000,5.5,7.1,0.4,233,5,5.4,7.3,0.6,235,6,5.4,7.3,0.6,235,6,0,29.23,2.3,0,0,0,42.4,45.5,47.0,0.51,0.43,0.42
MALO,2019-11-08 02:15:00 EST,44.85287,-74.32887,775,18.4,19.9,10.3,82.7,14.0,0.000,0.000,0.00,0.000,5.9,7.2,0.6,227,5,5.7,8.0,0.7,230,5,5.7,8.0,0.7,230,5,0,29.23,2.0,0,0,0,42.4,45.5,46.9,0.51,0.43,0.42
MALO,2019-11-08 02:20:00 EST,44.85287,-74.32887,775,17.2,19.7,8.5,83.0,12.9,0.000,0.000,0.00,0.000,6.1,7.2,0.5,227,5,6.0,8.2,0.6,230,5,6.0,8.2,0.6,230,5,0,29.22,2.2,0,0,0,42.4,45.5,46.9,0.51,0.43,0.42
MALO,2019-11-08 02:25:00 EST,44.85287,-74.32887,775,17.2,19.4,8.5,84.7,13.4,0.000,0.000,0.00,0.000,6.3,7.7,0.4,223,4,6.2,8.2,0.5,226,3,6.2,8.2,0.5,226,3,0,29.22,2.1,0,0,0,42.4,45.5,46.9,0.51,0.43,0.42
MALO,2019-11-08 02:30:00 EST,44.85287,-74.32887,775,17.2,19.3,7.7,84.5,13.4,0.000,0.000,0.00,0.000,7.2,8.3,0.4,225,3,7.0,8.2,0.5,227,3,7.0,8.2,0.5,227,3,0,29.22,2.3,0,0,0,42.4,45.5,46.9,0.51,0.43,0.42
MALO,2019-11-08 02:35:00 EST,44.85287,-74.32887,775,18.0,19.3,9.0,83.9,14.0,0.000,0.000,0.00,0.000,6.8,8.7,0.7,222,5,6.6,8.0,0.6,225,3,6.6,8.0,0.6,225,3,0,29.22,2.2,0,0,0,42.4,45.5,46.9,0.51,0.43,0.42
MALO,2019-11-08 02:40:00 EST,44.85287,-74.32887,775,17.5,19.0,8.5,83.3,13.3,0.000,0.000,0.00,0.000,6.6,7.7,0.6,225,5,6.5,8.1,0.7,227,4,6.5,8.1,0.7,227,4,0,29.22,2.1,0,0,0,42.4,45.5,46.9,0.51,0.43,0.42
MALO,2019-11-08 02:45:00 EST,44.85287,-74.32887,775,17.8,19.1,9.2,83.0,13.5,0.000,0.000,0.00,0.000,6.4,8.4,0.6,229,5,6.1,8.8,0.6,231,5,6.1,8.8,0.6,231,5,0,29.22,2.1,0,0,0,42.4,45.5,46.9,0.51,0.43,0.42
MALO,2019-11-08 02:50:00 EST,44.85287,-74.32887,775,16.9,19.0,8.3,83.5,12.8,0.000,0.000,0.00,0.000,6.1,7.6,0.6,236,5,6.0,7.4,0.7,239,6,6.0,7.4,0.7,239,6,0,29.22,2.2,0,0,0,42.4,45.5,46.9,0.51,0.43,0.42
MALO,2019-11-08 02:55:00 EST,44.85287,-74.32887,775,16.8,18.9,8.5,84.6,13.0,0.000,0.000,0.00,0.000,5.3,6.6,0.6,243,4,5.7,7.3,0.8,247,5,5.7,7.3,0.8,247,5,0,29.22,2.1,0,0,0,42.3,45.5,46.9,0.51,0.43,0.42
MALO,2019-11-08 03:00:00 EST,44.85287,-74.32887,775,17.0,18.9,6.9,85.2,13.3,0.000,0.000,0.00,0.000,7.0,9.1,0.8,245,5,7.5,11.5,1.1,249,5,7.5,11.5,1.1,249,5,0,29.22,2.1,0,0,0,42.3,45.5,46.9,0.51,0.43,0.42
MALO,2019-11-08 03:05:00 EST,44.85287,-74.32887,775,17.8,19.0,7.1,85.0,14.0,0.000,0.000,0.00,0.000,7.9,10.3,0.8,245,7,8.6,11.0,1.1,249,8,8.6,11.0,1.1,249,8,0,29.22,2.1,0,0,0,42.3,45.5,46.9,0.51,0.43,0.42
MALO,2019-11-08 03:10:00 EST,44.85287,-74.32887,775,17.6,18.9,6.7,84.2,13.7,0.000,0.000,0.00,0.000,8.0,10.8,0.9,247,5,8.8,14.4,1.2,252,5,8.8,14.4,1.2,252,5,0,29.22,2.2,0,0,0,42.3,45.5,46.9,0.51,0.43,0.42
MALO,2019-11-08 03:15:00 EST,44.85287,-74.32887,775,17.8,18.8,7.2,84.5,13.9,0.000,0.000,0.00,0.000,7.6,8.9,0.7,247,5,8.4,11.0,0.9,252,4,8.4,11.0,0.9,252,4,0,29.22,2.1,0,0,0,42.3,45.5,46.9,0.51,0.43,0.42
MALO,2019-11-08 03:20:00 EST,44.85287,-74.32887,775,17.7,18.8,7.4,84.8,13.9,0.000,0.000,0.00,0.000,7.4,9.4,1.0,251,6,8.1,10.1,1.1,256,6,8.1,10.1,1.1,256,6,0,29.22,2.0,0,0,0,42.3,45.5,46.9,0.51,0.43,0.42
MALO,2019-11-08 03:25:00 EST,44.85287,-74.32887,775,17.6,18.6,7.5,85.6,14.0,0.000,0.000,0.00,0.000,6.9,9.4,1.0,253,6,7.8,11.2,1.2,257,6,7.8,11.2,1.2,257,6,0,29.22,2.2,0,0,0,42.3,45.5,46.9,0.51,0.43,0.42
MALO,2019-11-08 03:30:00 EST,44.85287,-74.32887,775,17.5,18.6,7.2,86.2,14.1,0.000,0.000,0.00,0.000,7.2,8.5,0.6,249,6,8.0,10.2,0.8,254,5,8.0,10.2,0.8,254,5,0,29.22,2.1,0,0,0,42.3,45.5,46.9,0.51,0.43,0.42
MALO,2019-11-08 03:35:00 EST,44.85287,-74.32887,775,17.8,18.5,8.2,87.1,14.6,0.000,0.000,0.00,0.000,6.4,8.3,0.7,258,6,7.2,9.1,0.8,263,6,7.2,9.1,0.8,263,6,0,29.22,2.1,0,0,0,42.3,45.5,46.9,0.51,0.43,0.42
MALO,2019-11-08 03:40:00 EST,44.85287,-74.32887,775,17.9,18.4,9.4,87.3,14.7,0.000,0.000,0.00,0.000,5.2,7.4,0.8,261,8,6.0,8.8,0.9,266,8,6.0,8.8,0.9,266,8,0,29.22,2.2,0,0,0,42.3,45.5,46.9,0.51,0.43,0.42
MALO,2019-11-08 03:45:00 EST,44.85287,-74.32887,775,18.5,18.7,8.2,88.2,15.6,0.000,0.000,0.00,0.000,7.6,10.4,1.1,250,8,8.3,11.0,1.2,254,8,8.3,11.0,1.2,254,8,0,29.22,2.2,0,0,0,42.3,45.5,46.9,0.51,0.43,0.42
MALO,2019-11-08 03:50:00 EST,44.85287,-74.32887,775,18.8,18.9,8.1,87.9,15.8,0.000,0.000,0.00,0.000,8.1,10.7,1.0,244,6,8.8,11.9,1.2,249,6,8.8,11.9,1.2,249,6,0,29.22,2.2,0,0,0,42.3,45.5,46.9,0.51,0.43,0.42
MALO,2019-11-08 03:55:00 EST,44.85287,-74.32887,775,18.8,18.9,7.7,88.1,15.9,0.000,0.000,0.00,0.000,8.8,11.0,1.1,245,5,9.5,13.1,1.4,249,6,9.5,13.1,1.4,249,6,0,29.22,2.2,0,0,0,42.3,45.5,46.9,0.51,0.43,0.42
MALO,2019-11-08 04:00:00 EST,44.85287,-74.32887,775,18.9,19.0,8.5,88.4,16.1,0.000,0.000,0.00,0.000,7.9,10.6,1.2,246,7,8.6,12.2,1.4,250,7,8.6,12.2,1.4,250,7,0,29.22,2.2,0,0,0,42.3,45.5,46.9,0.51,0.43,0.42
MALO,2019-11-08 04:05:00 EST,44.85287,-74.32887,775,19.0,19.1,8.8,88.9,16.3,0.000,0.000,0.00,0.000,7.6,9.7,0.9,252,7,8.4,11.6,1.2,257,7,8.4,11.6,1.2,257,7,0,29.22,2.2,0,0,0,42.3,45.5,46.9,0.51,0.43,0.42
MALO,2019-11-08 04:10:00 EST,44.85287,-74.32887,775,19.2,19.1,8.6,89.3,16.5,0.000,0.000,0.00,0.000,7.9,10.4,0.9,254,6,8.8,12.8,1.1,259,6,8.8,12.8,1.1,259,6,0,29.22,2.2,0,0,0,42.3,45.5,46.9,0.51,0.43,0.42
MALO,2019-11-08 04:15:00 EST,44.85287,-74.32887,775,19.3,19.2,8.7,89.9,16.8,0.000,0.000,0.00,0.000,8.0,10.3,0.9,250,6,8.9,12.2,1.2,254,6,8.9,12.2,1.2,254,6,0,29.22,2.2,0,0,0,42.3,45.5,46.9,0.51,0.43,0.42
MALO,2019-11-08 04:20:00 EST,44.85287,-74.32887,775,19.4,19.3,9.2,90.1,17.0,0.000,0.000,0.00,0.000,7.6,9.6,0.8,251,5,8.3,10.6,0.9,256,5,8.3,10.6,0.9,256,5,0,29.22,2.2,0,0,0,42.2,45.5,46.9,0.51,0.43,0.42
MALO,2019-11-08 04:25:00 EST,44.85287,-74.32887,775,19.4,19.4,8.7,90.3,17.1,0.000,0.000,0.00,0.000,8.2,11.2,1.2,252,7,9.2,13.8,1.5,257,6,9.2,13.8,1.5,257,6,0,29.22,2.1,0,0,0,42.2,45.5,46.9,0.51,0.43,0.42
MALO,2019-11-08 04:30:00 EST,44.85287,-74.32887,775,19.5,19.4,8.4,90.5,17.2,0.000,0.000,0.00,0.000,8.7,11.4,1.2,252,6,9.7,13.2,1.5,257,6,9.7,13.2,1.5,257,6,0,29.22,2.2,0,0,0,42.2,45.5,46.9,0.51,0.43,0.42
MALO,2019-11-08 04:35:00 EST,44.85287,-74.32887,775,19.5,19.4,8.7,90.8,17.3,0.000,0.000,0.00,0.000,8.3,11.0,1.3,252,7,9.3,13.1,1.6,257,7,9.3,13.1,1.6,257,7,0,29.22,2.1,0,0,0,42.1,45.5,46.9,0.51,0.43,0.42
MALO,2019-11-08 04:40:00 EST,44.85287,-74.32887,775,19.5,19.4,8.9,90.8,17.3,0.000,0.000,0.00,0.000,8.0,10.6,0.9,253,7,9.0,12.6,1.2,257,7,9.0,12.6,1.2,257,7,0,29.23,2.1,0,0,0,42.1,45.4,46.9,0.51,0.43,0.42
MALO,2019-11-08 04:45:00 EST,44.85287,-74.32887,775,19.5,19.4,8.7,91.1,17.3,0.000,0.000,0.00,0.000,8.2,11.1,1.2,255,8,9.2,12.4,1.5,261,7,9.2,12.4,1.5,261,7,0,29.23,2.2,0,0,0,42.1,45.5,46.9,0.51,0.43,0.42
MALO,2019-11-08 04:50:00 EST,44.85287,-74.32887,775,19.5,19.4,8.4,91.3,17.4,0.000,0.000,0.00,0.000,8.7,11.0,1.0,256,6,9.7,13.5,1.3,261,6,9.7,13.5,1.3,261,6,0,29.23,2.1,0,0,0,42.1,45.5,46.9,0.51,0.43,0.42
MALO,2019-11-08 04:55:00 EST,44.85287,-74.32887,775,19.5,19.3,8.2,91.5,17.4,0.000,0.000,0.00,0.000,8.6,11.3,1.2,258,7,10.0,12.7,1.6,263,6,10.0,12.7,1.6,263,6,0,29.23,2.1,0,0,0,42.1,45.4,46.9,0.51,0.43,0.42
MALO,2019-11-08 05:00:00 EST,44.85287,-74.32887,775,19.5,19.3,7.9,91.7,17.4,0.000,0.000,0.00,0.000,9.5,12.1,1.2,249,6,10.4,14.1,1.6,253,5,10.4,14.1,1.6,253,5,0,29.23,2.0,0,0,0,42.1,45.3,46.9,0.51,0.43,0.42
MALO,2019-11-08 05:05:00 EST,44.85287,-74.32887,775,19.6,19.4,9.4,91.9,17.6,0.000,0.000,0.00,0.000,7.5,10.1,1.3,258,13,8.4,11.3,1.5,263,13,8.4,11.3,1.5,263,13,0,29.23,,0,0,0,42.1,45.4,46.9,0.51,0.43,0.42
MALO,2019-11-08 05:10:00 EST,44.85287,-74.32887,775,19.5,19.3,9.8,92.2,17.6,0.000,0.000,0.00,0.000,6.7,9.2,1.1,276,7,7.7,12.2,1.4,280,7,7.7,12.2,1.4,280,7,0,29.23,2.3,0,0,0,42.1,45.3,46.9,0.51,0.43,0.42
MALO,2019-11-08 05:15:00 EST,44.85287,-74.32887,775,19.4,19.2,9.2,92.5,17.6,0.000,0.000,0.00,0.000,7.2,8.7,0.8,263,8,8.4,11.2,1.1,268,7,8.4,11.2,1.1,268,7,0,29.23,2.3,0,0,0,42.1,45.3,46.9,0.51,0.43,0.42
MALO,2019-11-08 05:20:00 EST,44.85287,-74.32887,775,19.3,19.2,8.9,92.6,17.5,0.006,0.006,0.00,0.006,8.1,10.6,1.0,247,8,8.8,12.0,1.2,252,8,8.8,12.0,1.2,252,8,0,29.23,2.2,0,0,0,42.1,45.3,46.9,0.51,0.43,0.42
MALO,2019-11-08 05:25:00 EST,44.85287,-74.32887,775,19.3,19.3,9.7,92.6,17.5,0.000,0.006,0.00,0.006,6.9,8.7,0.9,250,6,7.6,10.2,1.1,254,5,7.6,10.2,1.1,254,5,0,29.23,2.3,0,0,0,42.1,45.3,46.9,0.51,0.43,0.42
MALO,2019-11-08 05:30:00 EST,44.85287,-74.32887,775,19.3,19.3,9.7,92.5,17.5,0.001,0.006,0.00,0.006,6.8,8.5,0.7,252,6,7.6,9.4,0.8,256,6,7.6,9.4,0.8,256,6,0,29.23,2.3,0,0,0,42.1,45.3,46.9,0.51,0.43,0.42
MALO,2019-11-08 05:35:00 EST,44.85287,-74.32887,775,19.4,19.4,8.7,92.7,17.6,0.000,0.006,0.00,0.006,7.7,10.1,1.1,263,7,9.0,12.7,1.5,267,6,9.0,12.7,1.5,267,6,0,29.23,2.3,0,0,0,42.1,45.3,46.9,0.51,0.43,0.42
MALO,2019-11-08 05:40:00 EST,44.85287,-74.32887,775,19.5,19.5,9.8,92.9,17.8,0.000,0.006,0.00,0.006,6.7,8.4,0.8,264,7,7.8,10.7,1.1,269,6,7.8,10.7,1.1,269,6,0,29.24,2.3,0,0,0,42.1,45.3,46.9,0.51,0.43,0.42
MALO,2019-11-08 05:45:00 EST,44.85287,-74.32887,775,19.7,19.6,9.3,93.0,18.0,0.000,0.006,0.00,0.006,7.6,9.7,0.8,261,7,8.7,11.4,1.1,266,6,8.7,11.4,1.1,266,6,0,29.24,2.3,0,0,0,42.1,45.3,46.9,0.51,0.43,0.42
MALO,2019-11-08 05:50:00 EST,44.85287,-74.32887,775,19.7,19.5,9.6,93.0,18.0,0.000,0.006,0.00,0.006,7.3,9.4,0.8,260,7,8.4,11.0,1.1,264,6,8.4,11.0,1.1,264,6,0,29.24,2.3,0,0,0,42.0,45.3,46.9,0.51,0.43,0.42
MALO,2019-11-08 05:55:00 EST,44.85287,-74.32887,775,19.7,19.5,10.0,93.3,18.0,0.000,0.006,0.00,0.006,6.9,9.0,0.8,256,7,7.8,10.3,1.0,260,7,7.8,10.3,1.0,260,7,0,29.24,2.3,0,0,0,42.0,45.3,46.9,0.51,0.43,0.42
MALO,2019-11-08 06:00:00 EST,44.85287,-74.32887,775,19.8,19.6,10.0,93.8,18.3,0.000,0.006,0.00,0.006,6.9,8.4,0.8,258,8,7.9,10.4,1.1,263,7,7.9,10.4,1.1,263,7,0,29.24,2.3,0,0,0,41.9,45.3,46.9,0.51,0.43,0.42
MALO,2019-11-08 06:05:00 EST,44.85287,-74.32887,775,19.9,19.8,9.6,94.3,18.6,0.000,0.006,0.00,0.006,7.4,9.5,0.9,268,7,8.8,12.8,1.2,273,7,8.8,12.8,1.2,273,7,0,29.24,2.3,0,0,0,41.9,45.3,46.9,0.51,0.43,0.42
MALO,2019-11-08 06:10:00 EST,44.85287,-74.32887,775,20.1,20.0,8.8,94.6,18.8,0.000,0.006,0.00,0.006,8.8,12.9,1.5,274,8,10.4,16.3,1.9,278,8,10.4,16.3,1.9,278,8,0,29.25,2.2,0,0,0,41.9,45.3,46.9,0.51,0.43,0.42
MALO,2019-11-08 06:15:00 EST,44.85287,-74.32887,775,20.4,20.2,9.2,94.9,19.2,0.000,0.006,0.00,0.006,8.7,10.7,1.0,275,7,10.3,13.7,1.4,280,6,10.3,13.7,1.4,280,6,0,29.25,2.3,0,0,0,41.9,45.3,46.9,0.51,0.43,0.42
MALO,2019-11-08 06:20:00 EST,44.85287,-74.32887,775,20.5,20.3,9.0,94.8,19.2,0.000,0.006,0.00,0.001,9.2,11.5,1.0,277,6,10.7,14.6,1.4,282,5,10.7,14.6,1.4,282,5,0,29.25,2.3,0,0,0,41.9,45.3,46.9,0.51,0.43,0.42
MALO,2019-11-08 06:25:00 EST,44.85287,-74.32887,775,20.4,20.2,8.8,94.8,19.1,0.000,0.006,0.00,0.001,9.2,12.6,1.3,278,7,10.9,14.9,1.6,282,6,10.9,14.9,1.6,282,6,0,29.25,2.2,0,0,0,41.9,45.3,46.9,0.51,0.43,0.42
MALO,2019-11-08 06:30:00 EST,44.85287,-74.32887,775,20.4,20.3,9.7,94.7,19.1,0.000,0.006,0.00,0.000,8.3,11.0,1.0,279,6,9.5,12.5,1.2,283,6,9.5,12.5,1.2,283,6,0,29.25,2.2,0,0,0,41.9,45.3,46.9,0.51,0.43,0.42
MALO,2019-11-08 06:35:00 EST,44.85287,-74.32887,775,20.4,20.2,8.6,94.4,19.0,0.000,0.006,0.00,0.000,9.5,13.3,1.6,278,7,11.1,16.5,2.0,282,6,11.1,16.5,2.0,282,6,0,29.25,2.2,0,0,0,41.9,45.3,46.9,0.51,0.43,0.42
MALO,2019-11-08 06:40:00 EST,44.85287,-74.32887,775,20.3,20.2,9.0,94.1,18.9,0.000,0.006,0.00,0.000,9.1,12.9,1.3,282,6,10.3,15.2,1.5,286,4,10.3,15.2,1.5,286,4,0,29.26,2.2,0,0,0,41.9,45.3,46.9,0.51,0.43,0.42
MALO,2019-11-08 06:45:00 EST,44.85287,-74.32887,775,20.3,20.1,8.7,94.0,18.8,0.000,0.006,0.00,0.000,9.3,11.5,1.2,281,7,10.7,14.5,1.5,284,6,10.7,14.5,1.5,284,6,1,29.26,2.2,0,0,0,41.9,45.3,46.9,0.51,0.43,0.42
MALO,2019-11-08 06:50:00 EST,44.85287,-74.32887,775,20.2,20.0,8.6,93.9,18.7,0.000,0.006,0.00,0.000,9.3,12.2,1.3,280,6,10.8,15.8,1.7,285,6,10.8,15.8,1.7,285,6,1,29.26,2.2,0,0,0,41.9,45.3,46.9,0.51,0.43,0.42
MALO,2019-11-08 06:55:00 EST,44.85287,-74.32887,775,20.0,19.9,9.1,93.7,18.5,0.000,0.006,0.00,0.000,8.4,11.1,1.0,280,6,9.6,12.9,1.2,284,6,9.6,12.9,1.2,284,6,1,29.26,2.1,0,0,0,41.9,45.3,46.9,0.51,0.43,0.42
MALO,2019-11-08 07:00:00 EST,44.85287,-74.32887,775,19.9,19.8,8.7,93.7,18.4,0.000,0.006,0.00,0.000,8.8,11.2,1.2,281,6,10.1,13.9,1.5,285,6,10.1,13.9,1.5,285,6,2,29.27,2.1,0,0,0,41.8,45.3,46.9,0.51,0.43,0.42
MALO,2019-11-08 07:05:00 EST,44.85287,-74.32887,775,19.6,19.6,8.3,93.3,18.0,0.000,0.006,0.00,0.000,8.7,11.1,1.3,279,8,10.1,12.9,1.5,283,8,10.1,12.9,1.5,283,8,3,29.27,2.2,0,0,0,41.8,45.3,46.9,0.51,0.43,0.42
MALO,2019-11-08 07:10:00 EST,44.85287,-74.32887,775,19.1,19.4,8.1,93.0,17.4,0.000,0.006,0.00,0.000,8.2,10.0,0.9,279,6,9.5,12.8,1.2,283,6,9.5,12.8,1.2,283,6,4,29.27,1.9,0,0,0,41.7,45.3,46.9,0.51,0.43,0.42
MALO,2019-11-08 07:15:00 EST,44.85287,-74.32887,775,18.7,19.1,8.2,93.1,17.1,0.000,0.006,0.00,0.000,7.4,9.8,0.9,276,8,8.6,11.8,1.3,281,7,8.6,11.8,1.3,281,7,4,29.27,1.9,0,0,0,41.7,45.3,46.9,0.51,0.43,0.42
MALO,2019-11-08 07:20:00 EST,44.85287,-74.32887,775,18.5,18.9,7.3,93.0,16.8,0.000,0.006,0.00,0.000,8.1,10.8,1.4,273,8,9.5,14.2,1.8,277,7,9.5,14.2,1.8,277,7,5,29.28,2.0,0,0,0,41.7,45.3,46.9,0.51,0.43,0.42
MALO,2019-11-08 07:25:00 EST,44.85287,-74.32887,775,18.3,18.7,8.2,92.9,16.5,0.000,0.006,0.00,0.000,6.8,8.6,0.8,270,9,7.9,10.3,1.1,274,9,7.9,10.3,1.1,274,9,6,29.28,1.9,0,0,0,41.7,45.3,46.9,0.51,0.43,0.42
MALO,2019-11-08 07:30:00 EST,44.85287,-74.32887,775,18.3,18.7,7.7,93.0,16.6,0.000,0.006,0.00,0.000,7.4,10.7,1.0,265,7,8.6,13.9,1.4,270,6,8.6,13.9,1.4,270,6,7,29.28,1.9,0,0,0,41.7,45.3,46.9,0.51,0.43,0.42
MALO,2019-11-08 07:35:00 EST,44.85287,-74.32887,775,18.1,18.5,8.1,92.9,16.4,0.000,0.006,0.00,0.000,6.5,10.1,1.1,269,7,7.8,12.4,1.5,274,7,7.8,12.4,1.5,274,7,9,29.29,1.9,0,0,0,41.7,45.3,46.9,0.51,0.43,0.42
MALO,2019-11-08 07:40:00 EST,44.85287,-74.32887,775,17.9,18.3,6.9,92.7,16.1,0.000,0.006,0.00,0.000,7.5,10.6,1.1,268,7,9.0,13.1,1.5,273,7,9.0,13.1,1.5,273,7,10,29.29,1.9,0,0,0,41.7,45.3,46.9,0.51,0.43,0.42
MALO,2019-11-08 07:45:00 EST,44.85287,-74.32887,775,17.7,18.2,7.3,92.4,15.8,0.000,0.006,0.00,0.000,6.9,10.5,1.1,268,9,8.1,13.6,1.5,273,8,8.1,13.6,1.5,273,8,16,29.29,1.8,0,0,0,41.7,45.3,46.8,0.51,0.43,0.42
MALO,2019-11-08 07:50:00 EST,44.85287,-74.32887,775,17.7,18.3,7.0,92.2,15.8,0.000,0.006,0.00,0.000,7.3,9.8,1.0,264,8,8.5,11.4,1.2,268,8,8.5,11.4,1.2,268,8,39,29.29,1.8,0,0,0,41.7,45.3,46.8,0.51,0.43,0.42
MALO,2019-11-08 07:55:00 EST,44.85287,-74.32887,775,17.8,18.3,7.9,91.5,15.8,0.000,0.006,0.00,0.000,6.6,8.8,0.9,264,7,7.6,10.8,1.2,268,7,7.6,10.8,1.2,268,7,39,29.29,1.8,0,0,0,41.7,45.3,46.8,0.51,0.43,0.42
MALO,2019-11-08 08:00:00 EST,44.85287,-74.32887,775,18.0,18.4,6.8,91.1,15.9,0.000,0.006,0.00,0.000,8.0,10.6,1.4,265,8,9.4,13.7,1.8,270,8,9.4,13.7,1.8,270,8,47,29.30,1.9,0,0,0,41.7,45.3,46.9,0.51,0.43,0.42
MALO,2019-11-08 08:05:00 EST,44.85287,-74.32887,775,18.3,18.4,8.0,90.3,15.9,0.000,0.006,0.00,0.000,7.0,10.2,1.3,269,8,8.3,13.0,1.7,274,8,8.3,13.0,1.7,274,8,59,29.30,1.9,0,0,0,41.7,45.3,46.8,0.51,0.43,0.42
MALO,2019-11-08 08:10:00 EST,44.85287,-74.32887,775,18.5,18.6,7.2,89.5,15.9,0.000,0.006,0.00,0.000,8.3,10.7,1.0,266,10,9.7,13.3,1.3,271,9,9.7,13.3,1.3,271,9,38,29.30,1.9,0,0,0,41.7,45.3,46.8,0.51,0.43,0.42
MALO,2019-11-08 08:15:00 EST,44.85287,-74.32887,775,18.8,18.8,7.0,88.8,16.0,0.000,0.006,0.00,0.000,9.1,12.3,1.3,265,8,10.7,14.2,1.7,270,7,10.7,14.2,1.7,270,7,46,29.30,1.9,0,0,0,41.7,45.3,46.8,0.51,0.43,0.42
MALO,2019-11-08 08:20:00 EST,44.85287,-74.32887,775,19.1,19.0,8.2,87.7,16.0,0.000,0.006,0.00,0.000,8.1,12.3,1.3,265,10,9.2,13.9,1.5,269,9,9.2,13.9,1.5,269,9,47,29.30,1.8,0,0,0,41.6,45.3,46.8,0.51,0.43,0.42
MALO,2019-11-08 08:25:00 EST,44.85287,-74.32887,775,19.1,19.2,8.5,87.1,15.9,0.000,0.006,0.00,0.000,7.7,10.2,1.1,263,8,8.9,12.6,1.4,268,8,8.9,12.6,1.4,268,8,45,29.30,1.8,0,0,0,41.6,45.3,46.8,0.51,0.43,0.42
MALO,2019-11-08 08:30:00 EST,44.85287,-74.32887,775,19.3,19.4,8.3,86.8,16.1,0.000,0.006,0.00,0.000,8.2,11.4,1.6,268,9,9.6,13.7,1.9,273,9,9.6,13.7,1.9,273,9,50,29.30,1.8,0,0,0,41.6,45.2,46.8,0.51,0.43,0.42
MALO,2019-11-08 08:35:00 EST,44.85287,-74.32887,775,19.7,19.7,8.0,85.9,16.1,0.000,0.006,0.00,0.000,9.2,12.9,1.2,268,9,10.7,15.0,1.5,273,9,10.7,15.0,1.5,273,9,61,29.30,1.8,0,0,0,41.6,45.2,46.8,0.51,0.43,0.42
MALO,2019-11-08 08:40:00 EST,44.85287,-74.32887,775,19.9,19.9,8.9,85.8,16.4,0.000,0.006,0.00,0.000,8.4,12.1,1.5,270,11,9.8,14.7,2.0,275,10,9.8,14.7,2.0,275,10,60,29.30,1.9,0,0,0,41.5,45.2,46.8,0.51,0.43,0.42
MALO,2019-11-08 08:45:00 EST,44.85287,-74.32887,775,20.1,20.0,9.2,85.5,16.5,0.000,0.006,0.00,0.000,8.3,12.2,1.6,272,10,9.7,15.6,2.0,276,9,9.7,15.6,2.0,276,9,62,29.30,1.9,0,0,0,41.5,45.1,46.8,0.51,0.43,0.42
MALO,2019-11-08 08:50:00 EST,44.85287,-74.32887,775,20.3,20.1,8.6,85.9,16.8,0.000,0.006,0.00,0.000,9.4,12.5,1.6,272,11,11.1,15.4,1.8,276,10,11.1,15.4,1.8,276,10,54,29.30,1.8,0,0,0,41.5,45.1,46.8,0.51,0.43,0.42
MALO,2019-11-08 08:55:00 EST,44.85287,-74.32887,775,20.4,20.2,9.1,86.6,17.1,0.000,0.006,0.00,0.000,9.0,11.4,1.2,264,8,10.5,14.2,1.5,269,8,10.5,14.2,1.5,269,8,42,29.30,2.0,0,0,0,41.5,45.1,46.8,0.51,0.43,0.42
MALO,2019-11-08 09:00:00 EST,44.85287,-74.32887,775,20.4,20.2,8.5,87.3,17.3,0.000,0.006,0.00,0.000,9.8,14.5,1.3,272,9,11.5,16.9,1.8,277,8,11.5,16.9,1.8,277,8,31,29.30,2.1,0,0,0,41.5,45.1,46.8,0.51,0.43,0.42
MALO,2019-11-08 09:05:00 EST,44.85287,-74.32887,775,20.6,20.4,8.8,88.3,17.7,0.000,0.006,0.00,0.000,9.6,14.2,1.6,273,8,11.4,18.1,2.3,278,7,11.4,18.1,2.3,278,7,29,29.30,1.9,0,0,0,41.5,45.1,46.8,0.51,0.43,0.42
MALO,2019-11-08 09:10:00 EST,44.85287,-74.32887,775,20.6,20.4,8.3,88.8,17.8,0.000,0.006,0.00,0.000,10.3,13.9,1.6,276,8,12.2,17.7,2.0,280,7,12.2,17.7,2.0,280,7,28,29.30,1.9,0,0,0,41.5,45.1,46.8,0.51,0.43,0.42
MALO,2019-11-08 09:15:00 EST,44.85287,-74.32887,775,20.6,20.4,8.2,89.2,17.9,0.000,0.006,0.00,0.000,10.9,14.0,1.4,276,8,12.6,17.0,1.8,280,7,12.6,17.0,1.8,280,7,23,29.31,2.0,0,0,0,41.5,45.1,46.8,0.51,0.43,0.42
MALO,2019-11-08 09:20:00 EST,44.85287,-74.32887,775,20.7,20.5,8.6,90.1,18.2,0.000,0.006,0.00,0.000,10.5,14.2,1.7,281,12,11.8,15.9,1.9,286,12,11.8,15.9,1.9,286,12,24,29.31,1.8,0,0,0,41.5,45.1,46.8,0.51,0.43,0.42
MALO,2019-11-08 09:25:00 EST,44.85287,-74.32887,775,20.7,20.5,8.2,90.8,18.4,0.000,0.006,0.00,0.000,11.0,13.6,1.4,280,8,12.7,16.1,1.8,284,8,12.7,16.1,1.8,284,8,21,29.31,2.1,0,0,0,41.5,45.1,46.8,0.51,0.43,0.42
MALO,2019-11-08 09:30:00 EST,44.85287,-74.32887,775,20.7,20.5,8.2,90.4,18.3,0.000,0.006,0.00,0.000,11.5,17.9,2.3,288,8,12.6,19.7,2.6,292,8,12.6,19.7,2.6,292,8,25,29.31,1.8,0,0,0,41.5,45.1,46.8,0.51,0.43,0.42
MALO,2019-11-08 09:35:00 EST,44.85287,-74.32887,775,20.7,20.6,8.6,90.4,18.4,0.000,0.006,0.00,0.000,10.9,15.1,1.5,286,9,11.9,16.5,1.7,291,10,11.9,16.5,1.7,291,10,24,29.31,2.1,0,0,0,41.5,45.1,46.8,0.51,0.43,0.42
MALO,2019-11-08 09:40:00 EST,44.85287,-74.32887,775,20.7,20.5,7.9,90.4,18.4,0.000,0.006,0.00,0.000,11.4,15.8,2.0,273,8,13.3,18.3,2.4,277,8,13.3,18.3,2.4,277,8,25,29.31,2.2,0,0,0,41.5,45.1,46.8,0.51,0.43,0.42
MALO,2019-11-08 09:45:00 EST,44.85287,-74.32887,775,20.8,20.6,8.8,90.1,18.3,0.012,0.018,0.00,0.012,10.2,13.9,1.4,277,7,11.8,17.1,1.8,282,7,11.8,17.1,1.8,282,7,26,29.31,2.4,0,0,0,41.5,45.1,46.8,0.51,0.43,0.42
MALO,2019-11-08 09:50:00 EST,44.85287,-74.32887,775,20.8,20.6,7.3,88.8,18.0,0.000,0.018,0.00,0.012,12.4,15.3,1.5,270,7,14.9,19.7,1.9,275,7,14.9,19.7,1.9,275,7,33,29.31,2.1,0,0,0,41.4,45.1,46.8,0.51,0.43,0.42
MALO,2019-11-08 09:55:00 EST,44.85287,-74.32887,775,21.0,20.8,8.3,88.3,18.0,0.000,0.018,0.00,0.012,11.4,15.1,1.9,277,7,13.2,18.8,2.3,282,7,13.2,18.8,2.3,282,7,35,29.31,2.3,0,0,0,41.4,45.1,46.8,0.51,0.43,0.42
MALO,2019-11-08 10:00:00 EST,44.85287,-74.32887,775,21.0,20.8,7.7,87.6,17.9,0.000,0.018,0.00,0.012,12.2,15.5,1.5,276,9,14.4,19.0,2.0,280,8,14.4,19.0,2.0,280,8,40,29.31,2.3,0,0,0,41.4,45.1,46.8,0.51,0.43,0.42
MALO,2019-11-08 10:05:00 EST,44.85287,-74.32887,775,21.1,20.9,8.4,87.1,17.9,0.000,0.018,0.00,0.012,11.4,15.0,1.8,278,8,13.4,17.2,2.1,282,8,13.4,17.2,2.1,282,8,56,29.31,2.3,0,0,0,41.4,45.1,46.8,0.51,0.43,0.42
MALO,2019-11-08 10:10:00 EST,44.85287,-74.32887,775,21.2,21.0,8.4,86.9,17.9,0.000,0.018,0.00,0.012,11.4,15.8,1.7,272,8,13.6,18.8,2.0,276,8,13.6,18.8,2.0,276,8,49,29.32,2.2,0,0,0,41.4,45.1,46.8,0.51,0.43,0.42
MALO,2019-11-08 10:15:00 EST,44.85287,-74.32887,775,21.1,20.9,8.9,86.7,17.8,0.000,0.018,0.00,0.012,10.9,14.2,1.9,279,8,12.4,16.6,2.2,284,8,12.4,16.6,2.2,284,8,45,29.32,2.2,0,0,0,41.4,45.1,46.8,0.51,0.43,0.42
MALO,2019-11-08 10:20:00 EST,44.85287,-74.32887,775,21.1,20.9,7.9,85.6,17.5,0.000,0.018,0.00,0.012,12.1,16.3,1.7,270,12,14.3,19.0,2.1,275,11,14.3,19.0,2.1,275,11,49,29.32,,0,0,0,41.4,45.1,46.8,0.51,0.43,0.42
MALO,2019-11-08 10:25:00 EST,44.85287,-74.32887,775,21.1,20.9,7.7,85.4,17.4,0.000,0.018,0.00,0.012,12.7,16.2,1.6,270,12,14.7,19.6,1.9,275,11,14.7,19.6,1.9,275,11,47,29.32,,0,0,0,41.4,45.1,46.8,0.51,0.43,0.42
MALO,2019-11-08 10:30:00 EST,44.85287,-74.32887,775,21.1,21.0,8.5,84.9,17.3,0.000,0.018,0.00,0.012,11.4,15.5,1.7,271,9,13.3,19.0,2.2,275,9,13.3,19.0,2.2,275,9,45,29.32,2.2,0,0,0,41.4,45.1,46.8,0.51,0.43,0.42
MALO,2019-11-08 10:35:00 EST,44.85287,-74.32887,775,21.1,20.9,8.3,84.9,17.3,0.000,0.018,0.00,0.012,11.8,15.6,2.0,279,10,13.4,18.6,2.3,284,10,13.4,18.6,2.3,284,10,41,29.32,,0,0,0,41.4,45.1,46.8,0.51,0.43,0.42
MALO,2019-11-08 10:40:00 EST,44.85287,-74.32887,775,21.2,21.0,8.3,84.1,17.2,0.000,0.018,0.00,0.012,11.9,17.0,1.9,276,9,13.9,20.1,2.3,281,8,13.9,20.1,2.3,281,8,51,29.32,2.3,0,0,0,41.4,45.1,46.8,0.51,0.43,0.42
MALO,2019-11-08 10:45:00 EST,44.85287,-74.32887,775,21.4,21.2,8.1,82.8,17.0,0.000,0.018,0.00,0.000,12.6,16.1,1.8,276,7,14.7,19.3,2.3,280,6,14.7,19.3,2.3,280,6,55,29.32,,0,0,0,41.4,45.1,46.8,0.51,0.43,0.42
MALO,2019-11-08 10:50:00 EST,44.85287,-74.32887,775,21.6,21.4,10.1,83.8,17.4,0.000,0.018,0.00,0.000,9.5,14.3,1.9,267,8,11.2,18.3,2.4,272,7,11.2,18.3,2.4,272,7,44,29.32,,0,0,0,41.4,45.1,46.8,0.51,0.43,0.42
MALO,2019-11-08 10:55:00 EST,44.85287,-74.32887,775,21.6,21.4,10.1,83.9,17.4,0.000,0.018,0.00,0.000,9.5,13.9,1.4,273,10,11.1,16.4,1.9,277,10,11.1,16.4,1.9,277,10,38,29.32,,0,0,0,41.4,45.1,46.8,0.51,0.43,0.42
MALO,2019-11-08 11:00:00 EST,44.85287,-74.32887,775,21.6,21.4,10.0,84.9,17.8,0.000,0.018,0.00,0.000,9.6,13.7,1.7,267,10,11.5,17.5,2.2,272,9,11.5,17.5,2.2,272,9,40,29.32,,0,0,0,41.4,45.1,46.8,0.51,0.43,0.42
MALO,2019-11-08 11:05:00 EST,44.85287,-74.32887,775,21.7,21.5,10.0,84.8,17.9,0.000,0.018,0.00,0.000,9.9,12.9,1.3,269,9,11.7,15.2,1.9,274,8,11.7,15.2,1.9,274,8,42,29.32,1.2,0,0,0,41.4,45.1,46.8,0.51,0.43,0.42
MALO,2019-11-08 11:10:00 EST,44.85287,-74.32887,775,21.8,21.6,10.2,84.7,17.9,0.000,0.018,0.00,0.000,9.9,13.7,1.6,261,10,11.5,16.6,1.9,266,10,11.5,16.6,1.9,266,10,45,29.32,1.9,0,0,0,41.4,45.1,46.8,0.51,0.43,0.42
MALO,2019-11-08 11:15:00 EST,44.85287,-74.32887,775,21.9,21.7,10.6,85.0,18.1,0.000,0.018,0.00,0.000,9.6,12.1,1.4,266,10,11.1,14.6,1.8,270,10,11.1,14.6,1.8,270,10,43,29.32,1.6,0,0,0,41.4,45.1,46.8,0.51,0.43,0.42
MALO,2019-11-08 11:20:00 EST,44.85287,-74.32887,775,22.1,21.9,11.0,84.3,18.1,0.000,0.018,0.00,0.000,9.3,13.7,1.4,264,11,10.8,14.8,1.8,269,11,10.8,14.8,1.8,269,11,59,29.32,1.6,0,0,0,41.3,45.1,46.8,0.51,0.43,0.42
MALO,2019-11-08 11:25:00 EST,44.85287,-74.32887,775,22.2,21.9,10.2,84.6,18.2,0.000,0.018,0.00,0.000,11.1,15.2,1.7,253,6,12.4,16.5,1.9,256,6,12.4,16.5,1.9,256,6,47,29.32,1.7,0,0,0,41.3,45.1,46.8,0.51,0.43,0.42
MALO,2019-11-08 11:30:00 EST,44.85287,-74.32887,775,22.3,22.0,9.9,85.7,18.6,0.000,0.018,0.00,0.000,11.6,16.5,1.9,257,7,13.3,19.5,2.4,261,7,13.3,19.5,2.4,261,7,47,29.32,2.0,0,0,0,41.2,45.1,46.8,0.51,0.43,0.42
MALO,2019-11-08 11:35:00 EST,44.85287,-74.32887,775,22.3,22.1,9.6,85.6,18.6,0.000,0.018,0.00,0.000,12.0,16.4,2.0,260,8,13.8,18.5,2.2,264,7,13.8,18.5,2.2,264,7,44,29.32,2.0,0,0,0,41.2,45.1,46.8,0.51,0.43,0.42
MALO,2019-11-08 11:40:00 EST,44.85287,-74.32887,775,22.5,22.3,10.1,85.5,18.8,0.000,0.018,0.00,0.000,11.7,17.1,1.9,276,11,13.5,20.5,2.5,280,10,13.5,20.5,2.5,280,10,51,29.32,2.2,0,0,0,41.2,45.1,46.8,0.51,0.43,0.42
MALO,2019-11-08 11:45:00 EST,44.85287,-74.32887,775,22.7,22.5,9.7,84.6,18.8,0.000,0.018,0.00,0.000,12.7,17.8,1.8,274,8,15.0,20.3,2.3,278,8,15.0,20.3,2.3,278,8,66,29.31,2.2,0,0,0,41.2,45.1,46.8,0.51,0.43,0.42
MALO,2019-11-08 11:50:00 EST,44.85287,-74.32887,775,22.9,22.6,10.4,84.2,18.8,0.000,0.018,0.00,0.000,12.0,19.6,2.4,266,11,13.9,23.0,2.8,270,11,13.9,23.0,2.8,270,11,61,29.31,2.3,0,0,0,41.2,45.1,46.8,0.51,0.43,0.42
MALO,2019-11-08 11:55:00 EST,44.85287,-74.32887,775,22.9,22.7,9.7,84.0,18.8,0.000,0.018,0.00,0.000,13.5,18.0,2.0,276,9,15.5,21.6,2.3,281,8,15.5,21.6,2.3,281,8,64,29.31,,0,0,0,41.2,45.1,46.8,0.51,0.43,0.42
MALO,2019-11-08 12:00:00 EST,44.85287,-74.32887,775,22.9,22.7,9.8,84.4,18.9,0.000,0.018,0.00,0.000,12.9,17.5,2.5,270,10,15.2,20.4,3.0,275,10,15.2,20.4,3.0,275,10,51,29.31,2.3,0,0,0,41.2,45.1,46.8,0.51,0.43,0.42
MALO,2019-11-08 12:05:00 EST,44.85287,-74.32887,775,22.9,22.7,10.1,84.5,18.9,0.000,0.018,0.00,0.000,12.4,17.1,1.4,274,7,14.6,20.6,1.6,279,6,14.6,20.6,1.6,279,6,53,29.31,,0,0,0,41.2,45.1,46.8,0.51,0.43,0.42
MALO,2019-11-08 12:10:00 EST,44.85287,-74.32887,775,23.0,22.8,10.1,84.8,19.1,0.000,0.018,0.00,0.000,12.7,16.7,2.0,270,9,14.8,19.8,2.4,275,9,14.8,19.8,2.4,275,9,56,29.31,2.4,0,0,0,41.2,45.0,46.8,0.51,0.43,0.42
MALO,2019-11-08 12:15:00 EST,44.85287,-74.32887,775,23.0,22.8,9.9,84.3,18.9,0.000,0.018,0.00,0.000,13.1,17.5,1.7,264,9,15.3,20.4,2.1,269,9,15.3,20.4,2.1,269,9,48,29.31,2.5,0,0,0,41.2,45.1,46.8,0.51,0.43,0.42
MALO,2019-11-08 12:20:00 EST,44.85287,-74.32887,775,22.9,22.8,10.1,84.4,19.0,0.000,0.018,0.00,0.000,12.3,16.8,1.8,269,7,14.6,20.8,2.4,273,8,14.6,20.8,2.4,273,8,44,29.31,2.7,0,0,0,41.2,45.1,46.8,0.51,0.43,0.42
MALO,2019-11-08 12:25:00 EST,44.85287,-74.32887,775,22.9,22.8,10.9,84.7,19.0,0.000,0.018,0.00,0.000,11.3,15.1,1.9,266,12,13.0,18.1,2.4,271,11,13.0,18.1,2.4,271,11,33,29.31,2.4,0,0,0,41.2,45.0,46.8,0.51,0.43,0.42
MALO,2019-11-08 12:30:00 EST,44.85287,-74.32887,775,22.8,22.6,10.4,85.3,19.0,0.000,0.018,0.00,0.000,11.6,17.4,2.6,270,9,13.7,20.7,3.2,275,9,13.7,20.7,3.2,275,9,25,29.31,2.5,0,0,0,41.2,45.0,46.8,0.51,0.43,0.42
MALO,2019-11-08 12:35:00 EST,44.85287,-74.32887,775,22.9,22.8,10.7,85.8,19.3,0.000,0.018,0.00,0.000,11.5,18.0,2.5,262,9,13.3,20.9,3.0,267,8,13.3,20.9,3.0,267,8,34,29.31,2.5,0,0,0,41.2,45.0,46.8,0.51,0.43,0.42
MALO,2019-11-08 12:40:00 EST,44.85287,-74.32887,775,23.0,22.8,10.5,85.4,19.2,0.000,0.018,0.00,0.000,11.8,15.3,1.4,264,9,14.0,17.9,1.9,269,8,14.0,17.9,1.9,269,8,37,29.31,2.4,0,0,0,41.2,45.0,46.8,0.51,0.43,0.42
MALO,2019-11-08 12:45:00 EST,44.85287,-74.32887,775,23.0,22.8,11.4,85.8,19.4,0.000,0.018,0.00,0.000,10.5,14.1,1.4,262,7,12.1,16.4,1.7,266,7,12.1,16.4,1.7,266,7,34,29.31,2.4,0,0,0,41.1,45.0,46.8,0.51,0.43,0.42
MALO,2019-11-08 12:50:00 EST,44.85287,-74.32887,775,23.1,22.9,11.5,86.1,19.6,0.000,0.018,0.00,0.000,10.2,14.5,1.6,270,10,12.1,18.3,2.1,274,9,12.1,18.3,2.1,274,9,34,29.31,2.3,0,0,0,41.1,45.0,46.8,0.51,0.43,0.42
MALO,2019-11-08 12:55:00 EST,44.85287,-74.32887,775,23.1,22.9,12.0,86.6,19.7,0.000,0.018,0.00,0.000,9.5,12.1,1.2,268,8,11.2,14.8,1.6,273,8,11.2,14.8,1.6,273,8,31,29.31,2.3,0,0,0,41.0,45.0,46.8,0.51,0.43,0.42
MALO,2019-11-08 13:00:00 EST,44.85287,-74.32887,775,23.2,23.1,11.3,86.3,19.7,0.000,0.018,0.00,0.000,10.9,14.5,1.5,267,9,12.8,17.9,2.1,271,9,12.8,17.9,2.1,271,9,34,29.31,2.3,0,0,0,41.0,45.0,46.7,0.51,0.43,0.42
MALO,2019-11-08 13:05:00 EST,44.85287,-74.32887,775,23.3,23.2,11.8,85.8,19.7,0.000,0.018,0.00,0.000,10.7,14.5,1.9,257,8,12.2,17.0,2.4,261,8,12.2,17.0,2.4,261,8,34,29.31,2.2,0,0,0,41.0,45.0,46.7,0.51,0.43,0.42
MALO,2019-11-08 13:10:00 EST,44.85287,-74.32887,775,23.4,23.2,12.3,86.3,19.9,0.000,0.018,0.00,0.000,9.8,13.2,1.4,260,9,11.3,17.1,2.0,265,8,11.3,17.1,2.0,265,8,32,29.31,2.2,0,0,0,41.0,45.0,46.8,0.51,0.43,0.42
MALO,2019-11-08 13:15:00 EST,44.85287,-74.32887,775,23.4,23.3,11.7,85.0,19.6,0.000,0.018,0.00,0.000,11.0,14.8,1.4,259,8,12.7,17.2,1.7,264,8,12.7,17.2,1.7,264,8,28,29.31,2.1,0,0,0,41.0,45.0,46.7,0.51,0.43,0.42
MALO,2019-11-08 13:20:00 EST,44.85287,-74.32887,775,23.5,23.4,12.1,85.3,19.7,0.000,0.018,0.00,0.000,10.2,13.3,1.4,272,8,12.0,15.7,1.7,276,7,12.0,15.7,1.7,276,7,27,29.31,2.0,0,0,0,41.0,45.0,46.7,0.51,0.43,0.42
MALO,2019-11-08 13:25:00 EST,44.85287,-74.32887,775,23.7,23.5,12.0,84.2,19.6,0.000,0.018,0.00,0.000,10.6,14.8,1.9,271,9,12.6,18.7,2.5,276,7,12.6,18.7,2.5,276,7,33,29.31,2.0,0,0,0,41.0,45.0,46.7,0.51,0.43,0.42
MALO,2019-11-08 13:30:00 EST,44.85287,-74.32887,775,23.8,23.7,12.4,84.0,19.7,0.000,0.018,0.00,0.000,10.5,16.8,1.7,261,9,12.3,18.3,2.1,266,9,12.3,18.3,2.1,266,9,45,29.31,2.0,0,0,0,41.0,45.0,46.7,0.51,0.43,0.42
MALO,2019-11-08 13:35:00 EST,44.85287,-74.32887,775,23.8,23.7,11.6,84.0,19.7,0.000,0.018,0.00,0.000,12.3,16.8,1.7,258,9,14.0,18.9,2.2,262,9,14.0,18.9,2.2,262,9,37,29.31,2.0,0,0,0,41.0,45.0,46.7,0.51,0.43,0.42
MALO,2019-11-08 13:40:00 EST,44.85287,-74.32887,775,23.8,23.6,11.4,83.8,19.6,0.000,0.018,0.00,0.000,12.5,16.9,1.8,257,9,14.3,20.3,2.2,261,9,14.3,20.3,2.2,261,9,33,29.31,2.0,0,0,0,41.0,45.0,46.7,0.51,0.43,0.42
MALO,2019-11-08 13:45:00 EST,44.85287,-74.32887,775,23.9,23.8,10.9,83.1,19.6,0.000,0.018,0.00,0.000,13.3,18.1,1.9,263,8,15.8,21.6,2.4,268,7,15.8,21.6,2.4,268,7,47,29.31,1.9,0,0,0,41.0,45.0,46.7,0.51,0.43,0.42
MALO,2019-11-08 13:50:00 EST,44.85287,-74.32887,775,24.0,23.8,11.7,83.2,19.6,0.000,0.018,0.00,0.000,12.3,15.5,1.8,259,7,14.1,19.2,2.4,263,7,14.1,19.2,2.4,263,7,40,29.31,2.0,0,0,0,41.0,45.0,46.7,0.51,0.43,0.42
MALO,2019-11-08 13:55:00 EST,44.85287,-74.32887,775,24.0,23.9,12.4,83.6,19.8,0.000,0.018,0.00,0.000,11.3,15.4,1.6,258,9,12.9,17.6,2.1,262,9,12.9,17.6,2.1,262,9,33,29.31,2.0,0,0,0,41.0,45.0,46.7,0.51,0.43,0.42
MALO,2019-11-08 14:00:00 EST,44.85287,-74.32887,775,24.1,23.9,11.6,83.3,19.7,0.000,0.018,0.00,0.000,12.8,17.1,1.5,260,6,14.7,20.3,2.0,265,5,14.7,20.3,2.0,265,5,37,29.31,1.9,0,0,0,41.0,45.0,46.7,0.51,0.43,0.42
MALO,2019-11-08 14:05:00 EST,44.85287,-74.32887,775,24.2,24.0,12.2,83.7,19.9,0.000,0.018,0.00,0.000,11.7,14.8,1.1,261,8,13.5,18.6,1.7,266,8,13.5,18.6,1.7,266,8,36,29.31,2.1,0,0,0,41.0,45.0,46.6,0.51,0.43,0.42
MALO,2019-11-08 14:10:00 EST,44.85287,-74.32887,775,24.2,24.0,11.6,83.8,20.0,0.000,0.018,0.00,0.000,13.0,17.2,1.9,259,7,15.0,21.0,2.4,264,7,15.0,21.0,2.4,264,7,45,29.31,2.0,0,0,0,41.0,45.0,46.6,0.51,0.43,0.42
MALO,2019-11-08 14:15:00 EST,44.85287,-74.32887,775,24.3,24.1,12.2,83.8,20.1,0.000,0.018,0.00,0.000,12.1,15.7,1.6,257,8,13.9,19.6,1.9,261,8,13.9,19.6,1.9,261,8,37,29.31,1.9,0,0,0,41.0,45.0,46.6,0.51,0.43,0.42
MALO,2019-11-08 14:20:00 EST,44.85287,-74.32887,775,24.3,24.2,12.3,85.1,20.5,0.000,0.018,0.00,0.000,11.7,15.9,1.8,262,7,13.6,18.8,2.3,267,7,13.6,18.8,2.3,267,7,25,29.31,2.0,0,0,0,41.0,45.0,46.6,0.51,0.43,0.42
MALO,2019-11-08 14:25:00 EST,44.85287,-74.32887,775,24.2,24.1,11.9,84.3,20.2,0.000,0.018,0.00,0.000,12.5,17.7,1.8,261,8,14.4,22.3,2.2,266,8,14.4,22.3,2.2,266,8,20,29.31,1.9,0,0,0,41.0,45.0,46.6,0.51,0.43,0.42
MALO,2019-11-08 14:30:00 EST,44.85287,-74.32887,775,24.3,24.2,12.0,84.1,20.2,0.000,0.018,0.00,0.000,12.5,16.4,1.6,259,7,14.4,18.7,2.1,263,7,14.4,18.7,2.1,263,7,22,29.31,2.0,0,0,0,41.0,45.0,46.6,0.51,0.43,0.42
MALO,2019-11-08 14:35:00 EST,44.85287,-74.32887,775,24.4,24.3,12.2,84.5,20.4,0.000,0.018,0.00,0.000,12.3,15.1,1.3,261,9,14.3,18.0,1.7,266,9,14.3,18.0,1.7,266,9,23,29.31,2.0,0,0,0,41.0,45.0,46.6,0.51,0.43,0.42
MALO,2019-11-08 14:40:00 EST,44.85287,-74.32887,775,24.5,24.4,12.7,84.5,20.5,0.000,0.018,0.00,0.000,11.7,16.5,1.6,259,7,13.3,20.4,1.9,264,7,13.3,20.4,1.9,264,7,25,29.32,2.3,0,0,0,41.0,45.0,46.6,0.51,0.43,0.42
MALO,2019-11-08 14:45:00 EST,44.85287,-74.32887,775,24.6,24.5,12.9,84.6,20.7,0.000,0.018,0.00,0.000,11.3,15.6,1.7,263,7,13.2,18.4,2.2,268,7,13.2,18.4,2.2,268,7,28,29.32,2.1,0,0,0,40.9,45.0,46.6,0.51,0.43,0.42
MALO,2019-11-08 14:50:00 EST,44.85287,-74.32887,775,24.7,24.7,13.1,83.7,20.5,0.000,0.018,0.00,0.000,11.3,14.7,1.5,266,7,13.2,17.9,2.1,270,6,13.2,17.9,2.1,270,6,23,29.32,2.0,0,0,0,40.9,45.0,46.6,0.51,0.43,0.42
MALO,2019-11-08 14:55:00 EST,44.85287,-74.32887,775,24.8,24.7,13.3,83.0,20.4,0.000,0.018,0.00,0.000,10.9,14.1,1.2,267,7,12.8,16.4,1.6,272,7,12.8,16.4,1.6,272,7,25,29.32,2.1,0,0,0,40.9,45.0,46.6,0.51,0.43,0.42
MALO,2019-11-08 15:00:00 EST,44.85287,-74.32887,775,24.9,24.9,14.5,83.3,20.6,0.000,0.018,0.00,0.000,9.4,12.6,1.3,263,7,10.8,15.5,1.7,268,7,10.8,15.5,1.7,268,7,25,29.32,2.1,0,0,0,40.9,45.0,46.6,0.51,0.43,0.42
MALO,2019-11-08 15:05:00 EST,44.85287,-74.32887,775,25.0,24.9,14.2,83.2,20.6,0.000,0.018,0.00,0.000,9.9,13.4,1.7,266,9,11.5,15.9,2.0,270,9,11.5,15.9,2.0,270,9,21,29.32,2.0,0,0,0,40.8,44.9,46.6,0.51,0.43,0.42
MALO,2019-11-08 15:10:00 EST,44.85287,-74.32887,775,25.0,25.0,14.9,83.0,20.6,0.000,0.018,0.00,0.000,8.8,12.3,1.5,265,9,10.3,15.4,1.9,270,9,10.3,15.4,1.9,270,9,18,29.32,,0,0,0,40.8,44.9,46.6,0.51,0.43,0.42
MALO,2019-11-08 15:15:00 EST,44.85287,-74.32887,775,25.0,25.0,15.4,82.5,20.4,0.000,0.018,0.00,0.000,8.0,13.1,1.5,268,10,9.4,14.4,1.8,273,9,9.4,14.4,1.8,273,9,19,29.33,2.2,0,0,0,40.8,44.9,46.6,0.51,0.43,0.42
MALO,2019-11-08 15:20:00 EST,44.85287,-74.32887,775,25.0,25.0,14.5,82.0,20.3,0.000,0.018,0.00,0.000,9.6,14.7,1.6,259,8,10.9,16.0,1.9,264,7,10.9,16.0,1.9,264,7,20,29.33,,0,0,0,40.8,44.9,46.6,0.51,0.43,0.42
MALO,2019-11-08 15:25:00 EST,44.85287,-74.32887,775,25.0,25.0,15.0,82.2,20.4,0.000,0.018,0.00,0.000,8.7,12.6,1.3,262,8,10.1,14.8,1.7,267,8,10.1,14.8,1.7,267,8,22,29.33,2.4,0,0,0,40.8,44.8,46.6,0.51,0.43,0.42
MALO,2019-11-08 15:30:00 EST,44.85287,-74.32887,775,25.0,25.0,14.4,81.7,20.2,0.000,0.018,0.00,0.000,9.7,12.6,1.1,262,8,11.3,14.8,1.6,267,8,11.3,14.8,1.6,267,8,19,29.33,2.2,0,0,0,40.8,44.8,46.6,0.51,0.43,0.42
MALO,2019-11-08 15:35:00 EST,44.85287,-74.32887,775,25.0,24.9,13.7,81.3,20.1,0.000,0.018,0.00,0.000,10.8,13.5,1.4,261,8,12.5,16.5,1.7,266,8,12.5,16.5,1.7,266,8,14,29.33,2.4,0,0,0,40.8,44.8,46.6,0.51,0.43,0.42
MALO,2019-11-08 15:40:00 EST,44.85287,-74.32887,775,25.0,25.0,14.3,81.2,20.1,0.000,0.018,0.00,0.000,9.8,13.7,1.3,264,6,11.4,15.5,1.7,268,6,11.4,15.5,1.7,268,6,13,29.33,2.2,0,0,0,40.8,44.8,46.6,0.51,0.43,0.42
MALO,2019-11-08 15:45:00 EST,44.85287,-74.32887,775,25.0,25.0,13.6,81.3,20.0,0.000,0.018,0.00,0.000,11.1,15.3,1.8,261,7,12.8,18.1,2.3,266,7,12.8,18.1,2.3,266,7,11,29.33,2.1,0,0,0,40.8,44.8,46.6,0.51,0.43,0.42
MALO,2019-11-08 15:50:00 EST,44.85287,-74.32887,775,24.9,24.9,13.2,81.3,20.0,0.000,0.018,0.00,0.000,11.7,14.8,1.6,260,7,13.3,18.4,2.2,265,6,13.3,18.4,2.2,265,6,9,29.33,2.1,0,0,0,40.8,44.8,46.6,0.51,0.43,0.42
MALO,2019-11-08 15:55:00 EST,44.85287,-74.32887,775,25.0,24.9,13.7,81.0,19.9,0.000,0.018,0.00,0.000,10.9,15.7,1.6,260,7,12.5,18.5,2.1,265,7,12.5,18.5,2.1,265,7,9,29.33,2.1,0,0,0,40.8,44.8,46.6,0.51,0.43,0.42
MALO,2019-11-08 16:00:00 EST,44.85287,-74.32887,775,24.9,24.9,14.3,81.6,20.0,0.000,0.018,0.00,0.000,9.9,12.3,1.0,259,7,11.1,14.9,1.2,263,7,11.1,14.9,1.2,263,7,8,29.33,2.1,0,0,0,40.8,44.8,46.6,0.51,0.43,0.42
MALO,2019-11-08 16:05:00 EST,44.85287,-74.32887,775,24.7,24.8,14.3,82.5,20.1,0.000,0.018,0.00,0.000,9.5,11.6,1.0,256,6,10.7,13.6,1.2,261,6,10.7,13.6,1.2,261,6,7,29.33,2.0,0,0,0,40.8,44.8,46.6,0.51,0.43,0.42
MALO,2019-11-08 16:10:00 EST,44.85287,-74.32887,775,24.5,24.7,14.2,82.6,20.0,0.000,0.018,0.00,0.000,9.6,12.1,1.3,255,7,10.6,13.3,1.5,260,7,10.6,13.3,1.5,260,7,6,29.33,2.0,0,0,0,40.8,44.8,46.6,0.51,0.43,0.42
MALO,2019-11-08 16:15:00 EST,44.85287,-74.32887,775,24.2,24.5,14.2,83.0,19.8,0.000,0.018,0.00,0.000,8.8,11.3,1.0,253,7,9.8,13.6,1.4,258,7,9.8,13.6,1.4,258,7,5,29.34,2.0,0,0,0,40.8,44.8,46.6,0.51,0.43,0.42
MALO,2019-11-08 16:20:00 EST,44.85287,-74.32887,775,23.8,24.3,13.4,84.0,19.7,0.000,0.018,0.00,0.000,9.4,12.9,1.2,250,7,10.4,15.3,1.6,254,6,10.4,15.3,1.6,254,6,4,29.34,2.0,0,0,0,40.8,44.8,46.6,0.51,0.43,0.42
MALO,2019-11-08 16:25:00 EST,44.85287,-74.32887,775,23.8,24.3,12.8,83.9,19.6,0.000,0.018,0.00,0.000,10.4,13.0,1.2,249,6,11.3,15.0,1.5,253,7,11.3,15.0,1.5,253,7,5,29.34,2.1,0,0,0,40.7,44.8,46.6,0.51,0.43,0.42
MALO,2019-11-08 16:30:00 EST,44.85287,-74.32887,775,23.8,24.3,13.0,83.0,19.4,0.000,0.018,0.00,0.000,10.1,12.6,1.0,248,6,10.9,14.2,1.4,253,6,10.9,14.2,1.4,253,6,10,29.34,2.1,0,0,0,40.6,44.8,46.6,0.51,0.43,0.42
MALO,2019-11-08 16:35:00 EST,44.85287,-74.32887,775,23.7,24.2,13.2,83.0,19.3,0.000,0.018,0.00,0.000,9.6,11.5,0.9,248,6,10.4,13.1,1.1,252,6,10.4,13.1,1.1,252,6,2,29.34,2.1,0,0,0,40.6,44.8,46.6,0.51,0.43,0.42
MALO,2019-11-08 16:40:00 EST,44.85287,-74.32887,775,23.7,24.1,13.7,84.0,19.6,0.000,0.018,0.00,0.000,8.8,12.0,0.8,250,6,9.5,13.2,1.1,254,6,9.5,13.2,1.1,254,6,1,29.34,2.0,0,0,0,40.6,44.8,46.6,0.51,0.43,0.42
MALO,2019-11-08 16:45:00 EST,44.85287,-74.32887,775,23.9,24.1,13.8,84.4,19.9,0.000,0.018,0.00,0.000,9.0,12.6,1.2,249,5,9.8,14.1,1.5,254,6,9.8,14.1,1.5,254,6,1,29.34,2.0,0,0,0,40.6,44.8,46.6,0.51,0.43,0.42
MALO,2019-11-08 16:50:00 EST,44.85287,-74.32887,775,24.0,24.2,14.1,84.8,20.1,0.000,0.018,0.00,0.000,8.8,11.5,1.1,247,8,9.5,12.5,1.3,252,7,9.5,12.5,1.3,252,7,0,29.34,2.1,0,0,0,40.6,44.8,46.6,0.51,0.43,0.42
MALO,2019-11-08 16:55:00 EST,44.85287,-74.32887,775,24.2,24.3,14.4,84.8,20.3,0.000,0.018,0.00,0.000,8.7,11.0,0.9,248,6,9.4,12.5,1.2,253,6,9.4,12.5,1.2,253,6,0,29.35,2.0,0,0,0,40.6,44.8,46.6,0.51,0.43,0.42
MALO,2019-11-08 17:00:00 EST,44.85287,-74.32887,775,24.2,24.3,14.9,85.1,20.4,0.000,0.018,0.00,0.000,8.1,11.6,1.4,249,8,8.7,12.2,1.5,254,8,8.7,12.2,1.5,254,8,0,29.35,2.0,0,0,0,40.6,44.8,46.6,0.51,0.43,0.42
MALO,2019-11-08 17:05:00 EST,44.85287,-74.32887,775,24.2,24.3,14.6,85.2,20.4,0.000,0.018,0.00,0.000,8.3,11.5,1.2,252,6,9.2,12.6,1.5,257,6,9.2,12.6,1.5,257,6,0,29.35,2.0,0,0,0,40.6,44.8,46.6,0.51,0.43,0.42
MALO,2019-11-08 17:10:00 EST,44.85287,-74.32887,775,24.2,24.3,14.5,85.6,20.5,0.000,0.018,0.00,0.000,8.6,11.9,1.3,248,7,9.2,13.4,1.5,252,7,9.2,13.4,1.5,252,7,0,29.35,2.1,0,0,0,40.6,44.8,46.6,0.51,0.43,0.42
MALO,2019-11-08 17:15:00 EST,44.85287,-74.32887,775,24.2,24.4,14.1,85.2,20.4,0.000,0.018,0.00,0.000,9.2,13.4,1.6,248,7,10.0,14.7,1.9,252,7,10.0,14.7,1.9,252,7,0,29.35,2.1,0,0,0,40.6,44.8,46.6,0.51,0.43,0.42
MALO,2019-11-08 17:20:00 EST,44.85287,-74.32887,775,24.3,24.4,14.2,85.2,20.5,0.000,0.018,0.00,0.000,9.2,12.3,1.2,249,7,10.0,14.6,1.4,254,8,10.0,14.6,1.4,254,8,0,29.35,2.1,0,0,0,40.6,44.8,46.6,0.51,0.43,0.42
MALO,2019-11-08 17:25:00 EST,44.85287,-74.32887,775,24.4,24.4,14.1,85.2,20.6,0.000,0.018,0.00,0.000,9.5,12.2,1.2,248,7,10.4,14.0,1.4,253,7,10.4,14.0,1.4,253,7,0,29.35,2.0,0,0,0,40.6,44.8,46.6,0.51,0.43,0.42
MALO,2019-11-08 17:30:00 EST,44.85287,-74.32887,775,24.4,24.5,14.2,85.1,20.6,0.000,0.018,0.00,0.000,9.8,12.3,1.0,245,8,10.2,13.5,1.2,248,8,10.2,13.5,1.2,248,8,0,29.35,2.0,0,0,0,40.6,44.8,46.6,0.51,0.43,0.42
MALO,2019-11-08 17:35:00 EST,44.85287,-74.32887,775,24.4,24.5,14.2,84.9,20.5,0.000,0.018,0.00,0.000,9.3,11.8,0.9,248,7,10.2,13.2,1.2,254,7,10.2,13.2,1.2,254,7,0,29.36,2.0,0,0,0,40.6,44.8,46.5,0.51,0.43,0.42
MALO,2019-11-08 17:40:00 EST,44.85287,-74.32887,775,24.3,24.5,13.8,84.8,20.4,0.000,0.018,0.00,0.000,10.0,13.2,1.3,247,7,10.7,15.1,1.6,252,8,10.7,15.1,1.6,252,8,0,29.36,2.0,0,0,0,40.6,44.8,46.5,0.51,0.43,0.42
MALO,2019-11-08 17:45:00 EST,44.85287,-74.32887,775,24.3,24.5,13.9,84.5,20.3,0.000,0.018,0.00,0.000,9.7,13.4,1.3,246,7,10.4,14.3,1.4,250,7,10.4,14.3,1.4,250,7,0,29.36,2.0,0,0,0,40.6,44.8,46.5,0.51,0.43,0.42
MALO,2019-11-08 17:50:00 EST,44.85287,-74.32887,775,24.0,24.4,13.5,84.0,19.9,0.000,0.018,0.00,0.000,9.9,13.2,1.4,246,7,10.6,14.6,1.6,251,7,10.6,14.6,1.6,251,7,0,29.36,2.0,0,0,0,40.6,44.8,46.6,0.51,0.43,0.42
MALO,2019-11-08 17:55:00 EST,44.85287,-74.32887,775,24.1,24.5,13.8,83.6,19.9,0.000,0.018,0.00,0.000,9.9,13.7,1.4,243,7,10.3,13.4,1.4,246,8,10.3,13.4,1.4,246,8,0,29.36,2.1,0,0,0,40.6,44.8,46.6,0.51,0.43,0.42
MALO,2019-11-08 18:00:00 EST,44.85287,-74.32887,775,24.2,24.5,13.2,83.1,19.8,0.000,0.018,0.00,0.000,11.1,14.4,1.6,242,7,11.5,15.1,1.8,247,7,11.5,15.1,1.8,247,7,0,29.36,2.0,0,0,0,40.6,44.8,46.5,0.51,0.43,0.42
MALO,2019-11-08 18:05:00 EST,44.85287,-74.32887,775,24.2,24.4,13.8,82.7,19.7,0.000,0.018,0.00,0.000,9.9,12.1,1.0,242,6,10.4,15.2,1.2,247,7,10.4,15.2,1.2,247,7,0,29.36,2.0,0,0,0,40.6,44.8,46.5,0.51,0.43,0.42
MALO,2019-11-08 18:10:00 EST,44.85287,-74.32887,775,24.1,24.3,13.3,82.5,19.5,0.000,0.018,0.00,0.000,10.9,13.6,1.1,238,6,11.0,13.5,1.1,242,7,11.0,13.5,1.1,242,7,0,29.36,2.0,0,0,0,40.6,44.8,46.4,0.51,0.43,0.42
MALO,2019-11-08 18:15:00 EST,44.85287,-74.32887,775,23.9,24.3,12.9,81.6,19.1,0.000,0.018,0.00,0.000,11.3,14.4,1.2,239,6,11.6,15.7,1.4,244,7,11.6,15.7,1.4,244,7,0,29.37,2.0,0,0,0,40.6,44.8,46.5,0.51,0.43,0.42
MALO,2019-11-08 18:20:00 EST,44.85287,-74.32887,775,23.8,24.1,12.6,81.6,19.0,0.000,0.018,0.00,0.000,11.3,15.0,1.7,241,6,11.6,17.4,1.8,245,7,11.6,17.4,1.8,245,7,0,29.37,1.9,0,0,0,40.6,44.8,46.5,0.51,0.43,0.42
MALO,2019-11-08 18:25:00 EST,44.85287,-74.32887,775,23.3,23.9,12.6,82.0,18.6,0.000,0.018,0.00,0.000,10.1,12.9,1.0,244,6,10.6,14.2,1.3,249,7,10.6,14.2,1.3,249,7,0,29.37,2.0,0,0,0,40.6,44.7,46.5,0.51,0.43,0.42
MALO,2019-11-08 18:30:00 EST,44.85287,-74.32887,775,23.2,23.7,12.0,81.8,18.5,0.000,0.018,0.00,0.000,10.8,15.6,1.2,247,7,11.5,19.3,1.6,252,7,11.5,19.3,1.6,252,7,0,29.37,2.0,0,0,0,40.6,44.8,46.4,0.51,0.43,0.42
MALO,2019-11-08 18:35:00 EST,44.85287,-74.32887,775,23.2,23.7,11.4,81.4,18.4,0.000,0.018,0.00,0.000,12.0,18.1,2.3,244,8,12.7,18.2,2.3,248,8,12.7,18.2,2.3,248,8,0,29.37,1.9,0,0,0,40.6,44.8,46.4,0.51,0.43,0.42
MALO,2019-11-08 18:40:00 EST,44.85287,-74.32887,775,23.3,23.7,11.5,80.5,18.2,0.000,0.018,0.00,0.000,11.8,15.5,1.2,245,6,12.6,17.8,1.5,250,7,12.6,17.8,1.5,250,7,0,29.37,1.9,0,0,0,40.5,44.7,46.4,0.51,0.43,0.42
MALO,2019-11-08 18:45:00 EST,44.85287,-74.32887,775,23.1,23.5,11.8,80.5,18.0,0.000,0.018,0.00,0.000,10.8,15.1,1.4,245,7,11.5,19.0,1.7,250,7,11.5,19.0,1.7,250,7,0,29.37,1.9,0,0,0,40.5,44.8,46.4,0.51,0.43,0.42
MALO,2019-11-08 18:50:00 EST,44.85287,-74.32887,775,22.8,23.4,11.3,80.7,17.8,0.000,0.018,0.00,0.000,11.1,14.7,1.4,245,7,11.9,16.2,1.6,250,8,11.9,16.2,1.6,250,8,0,29.37,1.9,0,0,0,40.5,44.7,46.4,0.51,0.43,0.42
MALO,2019-11-08 18:55:00 EST,44.85287,-74.32887,775,22.8,23.3,11.0,81.1,17.8,0.000,0.018,0.00,0.000,11.5,14.3,1.3,245,6,12.4,17.4,1.8,250,6,12.4,17.4,1.8,250,6,0,29.37,2.0,0,0,0,40.5,44.6,46.4,0.51,0.43,0.42
MALO,2019-11-08 19:00:00 EST,44.85287,-74.32887,775,22.7,23.2,11.0,80.8,17.7,0.000,0.018,0.00,0.000,11.7,14.1,1.2,242,6,12.2,15.8,1.5,247,6,12.2,15.8,1.5,247,6,0,29.37,1.9,0,0,0,40.5,44.6,46.4,0.51,0.43,0.42
MALO,2019-11-08 19:05:00 EST,44.85287,-74.32887,775,22.5,23.1,10.8,81.1,17.6,0.000,0.018,0.00,0.000,11.5,15.3,1.5,244,6,12.1,18.4,1.8,248,6,12.1,18.4,1.8,248,6,0,29.37,2.0,0,0,0,40.5,44.6,46.4,0.51,0.43,0.42
MALO,2019-11-08 19:10:00 EST,44.85287,-74.32887,775,22.6,23.1,11.0,80.5,17.5,0.000,0.018,0.00,0.000,11.3,16.6,1.5,242,6,11.8,17.0,1.6,246,6,11.8,17.0,1.6,246,6,0,29.37,1.9,0,0,0,40.5,44.6,46.4,0.51,0.43,0.42
MALO,2019-11-08 19:15:00 EST,44.85287,-74.32887,775,22.4,23.0,11.6,80.9,17.4,0.000,0.018,0.00,0.000,10.0,13.4,1.3,241,7,10.3,14.2,1.3,245,7,10.3,14.2,1.3,245,7,0,29.38,1.9,0,0,0,40.5,44.6,46.4,0.51,0.43,0.42
MALO,2019-11-08 19:20:00 EST,44.85287,-74.32887,775,22.0,22.8,11.1,80.8,17.0,0.000,0.018,0.00,0.000,10.2,12.7,1.0,239,7,10.4,13.6,1.2,243,6,10.4,13.6,1.2,243,6,0,29.38,1.9,0,0,0,40.5,44.6,46.4,0.51,0.43,0.42
MALO,2019-11-08 19:25:00 EST,44.85287,-74.32887,775,22.1,22.9,10.8,81.0,17.1,0.000,0.018,0.00,0.000,10.8,13.8,1.1,238,7,11.0,14.6,1.3,242,8,11.0,14.6,1.3,242,8,0,29.38,2.0,0,0,0,40.5,44.6,46.4,0.51,0.43,0.42
MALO,2019-11-08 19:30:00 EST,44.85287,-74.32887,775,22.0,22.9,10.8,80.3,16.9,0.000,0.018,0.00,0.000,10.8,14.8,1.5,239,7,10.9,15.6,1.8,242,8,10.9,15.6,1.8,242,8,0,29.38,2.0,0,0,0,40.5,44.6,46.4,0.51,0.43,0.42
MALO,2019-11-08 19:35:00 EST,44.85287,-74.32887,775,22.5,23.1,11.1,79.8,17.3,0.000,0.018,0.00,0.000,10.9,15.8,2.1,246,10,11.6,17.5,2.2,251,11,11.6,17.5,2.2,251,11,0,29.38,1.9,0,0,0,40.5,44.6,46.4,0.51,0.43,0.42
MALO,2019-11-08 19:40:00 EST,44.85287,-74.32887,775,22.9,23.4,10.8,77.8,17.0,0.000,0.018,0.00,0.000,12.2,16.1,1.9,246,11,13.0,18.6,1.9,252,11,13.0,18.6,1.9,252,11,0,29.38,2.0,0,0,0,40.5,44.6,46.4,0.51,0.43,0.42
MALO,2019-11-08 19:45:00 EST,44.85287,-74.32887,775,22.8,23.2,11.0,77.9,17.0,0.000,0.018,0.00,0.000,11.4,18.6,2.5,249,8,12.5,22.2,2.8,254,8,12.5,22.2,2.8,254,8,0,29.38,2.0,0,0,0,40.5,44.6,46.4,0.51,0.43,0.42
MALO,2019-11-08 19:50:00 EST,44.85287,-74.32887,775,22.8,23.3,10.1,77.6,16.8,0.000,0.018,0.00,0.000,13.2,17.5,1.7,247,7,14.3,22.4,2.2,253,6,14.3,22.4,2.2,253,6,0,29.38,2.0,0,0,0,40.5,44.6,46.4,0.51,0.43,0.42
MALO,2019-11-08 19:55:00 EST,44.85287,-74.32887,775,22.9,23.3,10.7,77.1,16.8,0.000,0.018,0.00,0.000,12.3,15.6,1.4,247,6,13.2,18.1,1.7,251,6,13.2,18.1,1.7,251,6,0,29.38,2.0,0,0,0,40.5,44.6,46.4,0.51,0.43,0.42
MALO,2019-11-08 20:00:00 EST,44.85287,-74.32887,775,22.8,23.3,10.7,76.7,16.5,0.000,0.018,0.00,0.000,11.8,14.7,1.5,249,8,12.9,17.0,1.8,255,6,12.9,17.0,1.8,255,6,0,29.38,2.0,0,0,0,40.5,44.6,46.4,0.51,0.43,0.42
MALO,2019-11-08 20:05:00 EST,44.85287,-74.32887,775,22.6,23.1,10.1,76.8,16.4,0.000,0.018,0.00,0.000,13.2,19.6,2.8,242,9,13.8,20.9,2.7,246,10,13.8,20.9,2.7,246,10,0,29.38,2.1,0,0,0,40.5,44.6,46.4,0.51,0.43,0.42
MALO,2019-11-08 20:10:00 EST,44.85287,-74.32887,775,23.0,23.4,10.6,75.0,16.2,0.000,0.018,0.00,0.000,12.8,21.0,2.9,246,12,13.6,21.7,2.6,252,13,13.6,21.7,2.6,252,13,0,29.38,1.9,0,0,0,40.5,44.6,46.4,0.51,0.43,0.42
MALO,2019-11-08 20:15:00 EST,44.85287,-74.32887,775,22.7,23.4,9.9,75.9,16.3,0.000,0.018,0.00,0.000,14.3,20.5,2.4,237,9,14.7,20.2,2.3,240,10,14.7,20.2,2.3,240,10,0,29.38,1.9,0,0,0,40.5,44.6,46.4,0.51,0.43,0.42
MALO,2019-11-08 20:20:00 EST,44.85287,-74.32887,775,22.7,23.3,10.5,75.6,16.2,0.000,0.018,0.00,0.000,12.4,18.1,2.0,249,10,13.3,19.6,1.9,253,11,13.3,19.6,1.9,253,11,0,29.38,2.0,0,0,0,40.5,44.6,46.4,0.51,0.43,0.42
MALO,2019-11-08 20:25:00 EST,44.85287,-74.32887,775,23.1,23.6,10.7,74.3,16.1,0.000,0.018,0.00,0.000,13.2,16.9,1.7,240,11,13.7,18.1,1.6,244,12,13.7,18.1,1.6,244,12,0,29.38,2.0,0,0,0,40.5,44.6,46.4,0.51,0.43,0.42
MALO,2019-11-08 20:30:00 EST,44.85287,-74.32887,775,23.0,23.5,11.5,74.6,16.1,0.000,0.018,0.00,0.000,11.1,16.7,1.7,245,9,11.8,17.3,1.8,249,8,11.8,17.3,1.8,249,8,0,29.38,1.9,0,0,0,40.4,44.6,46.4,0.51,0.43,0.42
MALO,2019-11-08 20:35:00 EST,44.85287,-74.32887,775,22.8,23.5,11.3,74.6,15.9,0.000,0.018,0.00,0.000,11.2,15.1,1.5,246,9,11.9,16.9,1.8,250,9,11.9,16.9,1.8,250,9,0,29.38,1.9,0,0,0,40.3,44.6,46.4,0.51,0.43,0.42
MALO,2019-11-08 20:40:00 EST,44.85287,-74.32887,775,22.8,23.5,10.5,74.2,15.8,0.000,0.018,0.00,0.000,13.3,16.7,1.9,231,10,13.5,19.0,2.0,235,11,13.5,19.0,2.0,235,11,0,29.38,2.0,0,0,0,40.3,44.6,46.4,0.51,0.43,0.42
MALO,2019-11-08 20:45:00 EST,44.85287,-74.32887,775,22.9,23.5,11.0,74.0,15.8,0.000,0.018,0.00,0.000,11.8,16.4,1.6,244,8,12.6,19.2,1.9,248,9,12.6,19.2,1.9,248,9,0,29.38,2.0,0,0,0,40.3,44.6,46.4,0.51,0.43,0.42
MALO,2019-11-08 20:50:00 EST,44.85287,-74.32887,775,22.6,23.2,10.6,74.6,15.7,0.000,0.018,0.00,0.000,11.8,16.4,1.5,247,11,12.6,17.6,1.6,252,11,12.6,17.6,1.6,252,11,0,29.38,2.1,0,0,0,40.3,44.6,46.4,0.51,0.43,0.42
MALO,2019-11-08 20:55:00 EST,44.85287,-74.32887,775,22.9,23.4,11.1,73.8,15.8,0.000,0.018,0.00,0.000,11.5,17.0,2.1,246,10,12.3,19.5,2.2,250,11,12.3,19.5,2.2,250,11,0,29.38,2.0,0,0,0,40.3,44.6,46.4,0.51,0.43,0.42
MALO,2019-11-08 21:00:00 EST,44.85287,-74.32887,775,22.3,23.0,10.7,74.7,15.5,0.000,0.018,0.00,0.000,11.1,14.8,1.4,246,9,11.9,17.1,1.8,251,8,11.9,17.1,1.8,251,8,0,29.38,1.9,0,0,0,40.3,44.6,46.4,0.51,0.43,0.42
MALO,2019-11-08 21:05:00 EST,44.85287,-74.32887,775,22.5,23.2,10.5,74.8,15.7,0.000,0.018,0.00,0.000,11.6,16.1,1.4,251,7,12.6,16.4,1.5,256,7,12.6,16.4,1.5,256,7,0,29.38,1.9,0,0,0,40.3,44.6,46.4,0.51,0.43,0.42
MALO,2019-11-08 21:10:00 EST,44.85287,-74.32887,775,22.5,23.2,11.0,74.0,15.5,0.000,0.018,0.00,0.000,10.9,16.4,1.8,247,7,11.7,17.6,2.0,251,6,11.7,17.6,2.0,251,6,0,29.38,2.0,0,0,0,40.3,44.6,46.4,0.51,0.43,0.42
MALO,2019-11-08 21:15:00 EST,44.85287,-74.32887,775,22.5,23.1,11.2,74.1,15.4,0.000,0.018,0.00,0.000,10.3,13.8,1.2,251,8,11.2,15.0,1.4,256,8,11.2,15.0,1.4,256,8,0,29.38,2.0,0,0,0,40.3,44.6,46.4,0.51,0.43,0.42
MALO,2019-11-08 21:20:00 EST,44.85287,-74.32887,775,22.5,23.2,10.9,74.1,15.5,0.000,0.018,0.00,0.000,11.1,13.7,1.1,243,7,11.8,15.6,1.4,247,8,11.8,15.6,1.4,247,8,0,29.39,1.9,0,0,0,40.3,44.6,46.4,0.51,0.43,0.42
MALO,2019-11-08 21:25:00 EST,44.85287,-74.32887,775,22.5,23.2,11.5,74.0,15.5,0.000,0.018,0.00,0.000,10.2,14.5,1.4,247,8,10.9,14.3,1.5,251,8,10.9,14.3,1.5,251,8,0,29.39,2.0,0,0,0,40.3,44.6,46.4,0.51,0.43,0.42
MALO,2019-11-08 21:30:00 EST,44.85287,-74.32887,775,22.6,23.3,11.0,73.3,15.3,0.000,0.018,0.00,0.000,11.5,15.1,1.4,237,8,11.8,15.5,1.5,241,8,11.8,15.5,1.5,241,8,0,29.39,1.9,0,0,0,40.3,44.6,46.4,0.51,0.43,0.42
MALO,2019-11-08 21:35:00 EST,44.85287,-74.32887,775,22.6,23.2,11.1,73.6,15.4,0.000,0.018,0.00,0.000,11.1,15.1,1.6,243,9,11.7,16.2,1.7,247,10,11.7,16.2,1.7,247,10,0,29.39,1.9,0,0,0,40.3,44.6,46.4,0.51,0.43,0.42
MALO,2019-11-08 21:40:00 EST,44.85287,-74.32887,775,22.4,23.2,11.1,73.7,15.3,0.000,0.018,0.00,0.000,10.7,14.8,1.5,244,9,11.2,15.7,1.5,248,10,11.2,15.7,1.5,248,10,0,29.39,1.9,0,0,0,40.3,44.6,46.4,0.51,0.43,0.42
MALO,2019-11-08 21:45:00 EST,44.85287,-74.32887,775,22.3,23.1,11.0,74.0,15.3,0.000,0.018,0.00,0.000,10.6,13.4,1.1,241,10,11.2,15.1,1.4,245,11,11.2,15.1,1.4,245,11,0,29.39,1.9,0,0,0,40.3,44.6,46.4,0.51,0.43,0.42
MALO,2019-11-08 21:50:00 EST,44.85287,-74.32887,775,22.4,23.1,10.9,74.2,15.4,0.000,0.018,0.00,0.000,10.8,14.7,1.2,247,7,11.5,15.6,1.6,252,8,11.5,15.6,1.6,252,8,0,29.39,1.9,0,0,0,40.3,44.6,46.4,0.51,0.43,0.42
MALO,2019-11-08 21:55:00 EST,44.85287,-74.32887,775,22.6,23.3,11.2,73.5,15.4,0.000,0.018,0.00,0.000,11.1,15.4,1.6,241,10,11.6,15.8,1.7,244,11,11.6,15.8,1.7,244,11,0,29.39,2.0,0,0,0,40.3,44.6,46.4,0.51,0.43,0.42
MALO,2019-11-08 22:00:00 EST,44.85287,-74.32887,775,22.4,23.2,11.6,73.5,15.2,0.000,0.018,0.00,0.000,9.7,12.6,1.1,241,8,10.2,13.8,1.3,245,8,10.2,13.8,1.3,245,8,0,29.39,1.9,0,0,0,40.3,44.6,46.4,0.51,0.43,0.42
MALO,2019-11-08 22:05:00 EST,44.85287,-74.32887,775,22.2,23.1,11.9,74.2,15.2,0.000,0.018,0.00,0.000,9.0,12.0,1.0,241,7,9.4,12.0,1.1,245,8,9.4,12.0,1.1,245,8,0,29.39,1.8,0,0,0,40.3,44.5,46.4,0.51,0.43,0.42
MALO,2019-11-08 22:10:00 EST,44.85287,-74.32887,775,21.9,23.0,11.5,74.8,15.1,0.000,0.018,0.00,0.000,9.0,13.2,1.3,241,10,9.4,13.6,1.4,244,11,9.4,13.6,1.4,244,11,0,29.39,1.9,0,0,0,40.3,44.5,46.4,0.51,0.43,0.42
MALO,2019-11-08 22:15:00 EST,44.85287,-74.32887,775,21.3,22.6,11.2,74.5,14.5,0.000,0.018,0.00,0.000,8.6,12.9,1.8,238,9,8.9,13.8,1.8,242,9,8.9,13.8,1.8,242,9,0,29.39,1.9,0,0,0,40.3,44.5,46.3,0.51,0.43,0.42
MALO,2019-11-08 22:20:00 EST,44.85287,-74.32887,775,21.4,22.7,12.1,75.9,15.0,0.000,0.018,0.00,0.000,7.3,10.3,1.2,241,9,7.8,12.1,1.3,245,9,7.8,12.1,1.3,245,9,0,29.38,1.9,0,0,0,40.3,44.4,46.4,0.50,0.43,0.42
MALO,2019-11-08 22:25:00 EST,44.85287,-74.32887,775,20.7,22.5,11.0,75.9,14.3,0.000,0.018,0.00,0.000,7.7,10.7,1.3,237,8,8.2,13.3,1.6,242,8,8.2,13.3,1.6,242,8,0,29.38,1.9,0,0,0,40.3,44.4,46.4,0.51,0.43,0.42
MALO,2019-11-08 22:30:00 EST,44.85287,-74.32887,775,21.4,22.7,10.9,76.2,15.0,0.000,0.018,0.00,0.000,8.8,10.9,1.0,245,8,9.5,12.3,1.1,249,9,9.5,12.3,1.1,249,9,0,29.38,1.9,0,0,0,40.3,44.4,46.4,0.51,0.43,0.42
MALO,2019-11-08 22:35:00 EST,44.85287,-74.32887,775,21.5,22.8,12.4,74.7,14.7,0.000,0.018,0.00,0.000,7.3,11.5,1.6,232,10,7.6,11.2,1.7,236,10,7.6,11.2,1.7,236,10,0,29.38,1.7,0,0,0,40.1,44.4,46.3,0.51,0.43,0.42
MALO,2019-11-08 22:40:00 EST,44.85287,-74.32887,775,20.2,21.8,11.4,77.3,14.2,0.000,0.018,0.00,0.000,6.5,7.7,0.7,227,4,6.7,8.4,0.7,229,3,6.7,8.4,0.7,229,3,0,29.38,1.8,0,0,0,40.1,44.4,46.4,0.51,0.43,0.42
MALO,2019-11-08 22:45:00 EST,44.85287,-74.32887,775,20.2,21.7,11.0,78.7,14.6,0.000,0.018,0.00,0.000,7.2,8.5,0.5,227,4,7.3,8.9,0.5,229,4,7.3,8.9,0.5,229,4,0,29.38,1.8,0,0,0,40.1,44.4,46.3,0.51,0.43,0.42
MALO,2019-11-08 22:50:00 EST,44.85287,-74.32887,775,19.9,21.6,9.9,78.7,14.3,0.000,0.018,0.00,0.000,8.0,9.4,0.6,228,3,8.2,10.0,0.6,230,3,8.2,10.0,0.6,230,3,0,29.38,1.8,0,0,0,40.1,44.4,46.2,0.51,0.43,0.42
MALO,2019-11-08 22:55:00 EST,44.85287,-74.32887,775,19.7,21.8,9.7,78.1,14.0,0.000,0.018,0.00,0.000,8.1,10.4,0.9,230,5,8.2,10.7,0.9,232,5,8.2,10.7,0.9,232,5,0,29.38,1.9,0,0,0,40.1,44.4,46.3,0.51,0.43,0.42
MALO,2019-11-08 23:00:00 EST,44.85287,-74.32887,775,19.7,21.8,9.4,77.5,13.8,0.000,0.018,0.00,0.000,8.6,10.4,0.6,231,4,8.7,10.7,0.7,233,3,8.7,10.7,0.7,233,3,0,29.38,1.9,0,0,0,40.1,44.4,46.3,0.51,0.43,0.42
MALO,2019-11-08 23:05:00 EST,44.85287,-74.32887,775,20.0,21.9,9.3,77.1,14.0,0.000,0.018,0.00,0.000,9.0,10.4,0.5,227,5,9.3,11.3,0.6,230,5,9.3,11.3,0.6,230,5,0,29.38,1.9,0,0,0,40.1,44.4,46.0,0.51,0.43,0.42
MALO,2019-11-08 23:10:00 EST,44.85287,-74.32887,775,20.3,22.0,9.2,76.7,14.1,0.000,0.018,0.00,0.000,9.7,11.5,0.7,228,4,10.0,12.0,0.7,230,4,10.0,12.0,0.7,230,4,0,29.38,1.9,0,0,0,40.1,44.4,46.1,0.51,0.43,0.42
MALO,2019-11-08 23:15:00 EST,44.85287,-74.32887,775,20.4,22.1,9.6,75.9,14.0,0.000,0.018,0.00,0.000,9.3,11.0,0.7,228,5,9.6,11.7,0.7,231,5,9.6,11.7,0.7,231,5,0,29.38,1.9,0,0,0,40.1,44.4,46.0,0.51,0.43,0.42
MALO,2019-11-08 23:20:00 EST,44.85287,-74.32887,775,20.3,21.9,9.7,76.3,14.0,0.000,0.018,0.00,0.000,9.0,10.6,0.8,229,4,9.2,11.9,0.9,232,4,9.2,11.9,0.9,232,4,0,29.38,1.9,0,0,0,40.1,44.4,46.0,0.51,0.43,0.42
MALO,2019-11-08 23:25:00 EST,44.85287,-74.32887,775,19.9,21.8,9.4,76.4,13.7,0.000,0.018,0.00,0.000,8.7,10.0,0.5,227,5,9.0,10.6,0.6,229,5,9.0,10.6,0.6,229,5,0,29.38,1.9,0,0,0,40.1,44.4,46.0,0.51,0.43,0.42
MALO,2019-11-08 23:30:00 EST,44.85287,-74.32887,775,19.8,21.5,9.6,77.0,13.8,0.000,0.018,0.00,0.000,8.2,9.6,0.6,223,5,8.6,10.2,0.7,226,5,8.6,10.2,0.7,226,5,0,29.38,1.9,0,0,0,40.1,44.4,46.0,0.51,0.43,0.42
MALO,2019-11-08 23:35:00 EST,44.85287,-74.32887,775,19.8,21.4,9.7,77.4,13.9,0.000,0.018,0.00,0.000,8.0,10.0,0.7,220,4,8.4,10.4,0.7,223,3,8.4,10.4,0.7,223,3,0,29.38,1.9,0,0,0,40.1,44.4,46.0,0.51,0.43,0.42
MALO,2019-11-08 23:40:00 EST,44.85287,-74.32887,775,19.7,21.4,9.7,77.6,13.8,0.000,0.018,0.00,0.000,7.8,9.6,0.9,216,5,8.2,10.1,0.8,220,4,8.2,10.1,0.8,220,4,0,29.38,1.9,0,0,0,40.1,44.4,46.0,0.51,0.43,0.42
MALO,2019-11-08 23:45:00 EST,44.85287,-74.32887,775,19.3,21.3,9.8,77.6,13.4,0.000,0.018,0.00,0.000,7.0,8.6,0.6,216,5,7.4,9.0,0.7,220,3,7.4,9.0,0.7,220,3,0,29.38,1.8,0,0,0,40.1,44.4,46.0,0.51,0.43,0.42
MALO,2019-11-08 23:50:00 EST,44.85287,-74.32887,775,18.7,21.0,9.2,78.5,13.1,0.000,0.018,0.00,0.000,7.0,8.5,0.5,208,5,7.3,9.1,0.6,214,4,7.3,9.1,0.6,214,4,0,29.38,1.8,0,0,0,40.1,44.4,46.0,0.51,0.43,0.42
MALO,2019-11-08 23:55:00 EST,44.85287,-74.32887,775,18.4,20.4,9.0,79.6,13.1,0.000,0.018,0.00,0.000,6.8,7.8,0.4,202,5,7.1,8.3,0.5,207,4,7.1,8.3,0.5,207,4,0,29.38,1.8,0,0,0,40.1,44.4,46.0,0.51,0.43,0.42
MANH,2019-11-08 00:00:00 EST,40.76754,-73.96449,311,41.0,,33.0,75.2,33.8,0.000,0.061,0.00,0.000,14.6,19.4,2.9,336,11,15.6,22.1,3.1,336,10,15.6,22.1,3.1,336,10,0,29.67,-0.0,,,,,,,,,
MANH,2019-11-08 00:05:00 EST,40.76754,-73.96449,311,41.4,,34.6,75.0,34.0,0.000,0.000,0.00,0.000,11.1,19.0,2.7,334,18,12.0,20.2,2.9,333,15,12.0,20.2,2.9,333,15,0,29.67,0.0,,,,,,,,,
MANH,2019-11-08 00:10:00 EST,40.76754,-73.96449,311,41.2,,33.6,72.9,33.1,0.000,0.000,0.00,0.000,13.3,22.1,4.3,336,15,14.2,23.3,4.5,335,13,14.2,23.3,4.5,335,13,0,29.67,0.2,,,,,,,,,
MANH,2019-11-08 00:15:00 EST,40.76754,-73.96449,311,41.2,,33.8,72.4,33.0,0.000,0.000,0.00,0.000,12.5,17.3,2.7,336,13,13.5,18.5,2.9,336,13,13.5,18.5,2.9,336,13,0,29.67,-0.1,,,,,,,,,
MANH,2019-11-08 00:20:00 EST,40.76754,-73.96449,311,41.5,,35.2,71.1,32.8,0.000,0.000,0.00,0.000,9.5,16.3,3.3,337,21,10.7,17.4,3.5,339,17,10.7,17.4,3.5,339,17,0,29.67,-0.1,,,,,,,,,
MANH,2019-11-08 00:25:00 EST,40.76754,-73.96449,311,41.2,,34.0,70.2,32.2,0.000,0.000,0.00,0.000,12.1,25.4,4.3,336,15,12.9,26.3,4.3,337,14,12.9,26.3,4.3,337,14,0,29.67,-0.1,,,,,,,,,
MANH,2019-11-08 00:30:00 EST,40.76754,-73.96449,311,41.0,,33.5,66.9,30.8,0.000,0.000,0.00,0.000,12.9,22.4,3.9,340,26,13.8,23.3,4.1,341,16,13.8,23.3,4.1,341,16,0,29.67,-0.1,,,,,,,,,
MANH,2019-11-08 00:35:00 EST,40.76754,-73.96449,311,40.5,,32.6,65.1,29.7,0.000,0.000,0.00,0.000,13.4,21.8,3.9,340,17,14.5,26.1,4.3,340,12,14.5,26.1,4.3,340,12,0,29.67,0.3,,,,,,,,,
MANH,2019-11-08 00:40:00 EST,40.76754,-73.96449,311,40.4,,32.6,63.2,28.9,0.000,0.000,0.00,0.000,13.2,20.2,3.4,338,18,14.3,21.7,3.7,339,17,14.3,21.7,3.7,339,17,0,29.67,0.0,,,,,,,,,
MANH,2019-11-08 00:45:00 EST,40.76754,-73.96449,311,41.1,,34.9,63.8,29.7,0.000,0.000,0.00,0.000,9.3,15.9,2.9,334,18,10.1,16.7,3.1,334,18,10.1,16.7,3.1,334,18,0,29.68,-0.0,,,,,,,,,
MANH,2019-11-08 00:50:00 EST,40.76754,-73.96449,311,40.5,,33.5,61.7,28.4,0.000,0.000,0.00,0.000,10.7,24.3,4.9,335,25,11.9,25.1,5.0,334,22,11.9,25.1,5.0,334,22,0,29.68,0.1,,,,,,,,,
MANH,2019-11-08 00:55:00 EST,40.76754,-73.96449,311,40.2,,32.2,61.4,28.0,0.000,0.000,0.00,0.000,12.9,22.0,4.0,341,22,14.4,24.9,3.9,342,15,14.4,24.9,3.9,342,15,0,29.68,-0.2,,,,,,,,,
MANH,2019-11-08 01:00:00 EST,40.76754,-73.96449,311,40.2,,32.6,61.7,28.1,0.000,0.000,0.00,0.000,12.2,18.9,2.8,338,16,13.1,20.3,3.0,339,12,13.1,20.3,3.0,339,12,0,29.68,-0.1,,,,,,,,,
MANH,2019-11-08 01:05:00 EST,40.76754,-73.96449,311,40.3,,33.5,62.0,28.3,0.000,0.000,0.00,0.000,9.8,16.7,3.9,335,26,11.0,18.9,3.8,336,19,11.0,18.9,3.8,336,19,0,29.68,0.4,,,,,,,,,
MANH,2019-11-08 01:10:00 EST,40.76754,-73.96449,311,40.1,,32.4,61.8,28.1,0.000,0.000,0.00,0.000,12.4,18.4,3.6,344,18,13.7,20.6,3.8,344,14,13.7,20.6,3.8,344,14,0,29.68,-0.1,,,,,,,,,
MANH,2019-11-08 01:15:00 EST,40.76754,-73.96449,311,40.1,,33.6,63.3,28.7,0.000,0.000,0.00,0.000,9.3,16.1,2.7,341,17,10.5,18.7,3.0,340,15,10.5,18.7,3.0,340,15,0,29.69,-0.0,,,,,,,,,
MANH,2019-11-08 01:20:00 EST,40.76754,-73.96449,311,39.7,,30.8,62.8,28.0,0.000,0.000,0.00,0.000,16.1,23.3,3.9,333,13,17.0,26.2,4.2,334,12,17.0,26.2,4.2,334,12,0,29.68,-0.2,,,,,,,,,
MANH,2019-11-08 01:25:00 EST,40.76754,-73.96449,311,39.3,,31.4,63.8,28.1,0.000,0.000,0.00,0.000,12.7,20.5,3.5,337,17,13.8,21.3,3.5,338,12,13.8,21.3,3.5,338,12,0,29.69,-0.0,,,,,,,,,
MANH,2019-11-08 01:30:00 EST,40.76754,-73.96449,311,39.7,,32.3,64.2,28.6,0.000,0.000,0.00,0.000,11.1,23.5,4.5,327,22,12.5,23.3,4.6,329,19,12.5,23.3,4.6,329,19,0,29.69,-0.1,,,,,,,,,
MANH,2019-11-08 01:35:00 EST,40.76754,-73.96449,311,39.4,,31.6,64.3,28.3,0.000,0.000,0.00,0.000,12.3,23.3,4.9,333,21,13.2,23.6,4.9,334,15,13.2,23.6,4.9,334,15,0,29.69,0.1,,,,,,,,,
MANH,2019-11-08 01:40:00 EST,40.76754,-73.96449,311,39.4,,32.2,64.7,28.5,0.000,0.000,0.00,0.000,10.2,18.5,3.3,338,22,11.7,20.1,3.5,340,20,11.7,20.1,3.5,340,20,0,29.69,0.1,,,,,,,,,
MANH,2019-11-08 01:45:00 EST,40.76754,-73.96449,311,39.6,,32.3,65.5,28.9,0.000,0.000,0.00,0.000,11.1,21.3,4.3,333,16,11.9,20.8,4.3,334,14,11.9,20.8,4.3,334,14,0,29.69,0.0,,,,,,,,,
MANH,2019-11-08 01:50:00 EST,40.76754,-73.96449,311,38.8,,30.1,65.5,28.2,0.000,0.000,0.00,0.000,14.5,23.8,4.4,335,19,15.5,27.2,4.6,336,15,15.5,27.2,4.6,336,15,0,29.69,0.0,,,,,,,,,
MANH,2019-11-08 01:55:00 EST,40.76754,-73.96449,311,39.1,,31.5,65.9,28.7,0.000,0.000,0.00,0.000,11.7,18.8,3.5,336,16,12.7,21.9,3.7,335,16,12.7,21.9,3.7,335,16,0,29.70,-0.1,,,,,,,,,
MANH,2019-11-08 02:00:00 EST,40.76754,-73.96449,311,39.0,,31.4,65.9,28.6,0.000,0.000,0.00,0.000,11.6,17.6,3.3,336,17,12.7,20.8,3.3,338,15,12.7,20.8,3.3,338,15,0,29.70,0.3,,,,,,,,,
MANH,2019-11-08 02:05:00 EST,40.76754,-73.96449,311,39.6,,32.9,66.6,29.4,0.000,0.000,0.00,0.000,9.9,15.6,2.6,332,19,10.8,16.1,2.7,332,16,10.8,16.1,2.7,332,16,0,29.70,0.2,,,,,,,,,
MANH,2019-11-08 02:10:00 EST,40.76754,-73.96449,311,39.2,,31.6,65.2,28.5,0.000,0.000,0.00,0.000,12.0,18.4,3.1,326,21,12.7,18.8,3.1,329,15,12.7,18.8,3.1,329,15,0,29.70,0.1,,,,,,,,,
MANH,2019-11-08 02:15:00 EST,40.76754,-73.96449,311,38.6,,30.1,63.5,27.3,0.000,0.000,0.00,0.000,14.3,21.2,4.0,329,16,15.0,22.9,4.4,329,13,15.0,22.9,4.4,329,13,0,29.70,-0.1,,,,,,,,,
MANH,2019-11-08 02:20:00 EST,40.76754,-73.96449,311,38.7,,31.2,63.6,27.4,0.000,0.000,0.00,0.000,11.2,18.5,3.7,327,22,12.1,21.0,4.0,328,17,12.1,21.0,4.0,328,17,0,29.69,-0.1,,,,,,,,,
MANH,2019-11-08 02:25:00 EST,40.76754,-73.96449,311,38.7,,31.0,60.9,26.4,0.000,0.000,0.00,0.000,11.9,19.3,3.7,328,17,12.7,21.3,3.5,329,12,12.7,21.3,3.5,329,12,0,29.69,0.4,,,,,,,,,
MANH,2019-11-08 02:30:00 EST,40.76754,-73.96449,311,38.8,,31.8,61.0,26.5,0.000,0.000,0.00,0.000,9.9,17.8,3.5,327,24,10.8,19.2,3.7,330,18,10.8,19.2,3.7,330,18,0,29.69,0.5,,,,,,,,,
MANH,2019-11-08 02:35:00 EST,40.76754,-73.96449,311,39.6,,33.0,60.1,26.8,0.000,0.000,0.00,0.000,9.0,16.1,3.4,323,20,10.1,17.3,3.2,326,18,10.1,17.3,3.2,326,18,0,29.70,0.2,,,,,,,,,
MANH,2019-11-08 02:40:00 EST,40.76754,-73.96449,311,39.0,,31.5,60.4,26.5,0.000,0.000,0.00,0.000,11.4,18.3,3.3,329,17,12.2,20.2,3.5,329,14,12.2,20.2,3.5,329,14,0,29.70,0.1,,,,,,,,,
MANH,2019-11-08 02:45:00 EST,40.76754,-73.96449,311,38.7,,31.2,60.6,26.2,0.000,0.000,0.00,0.000,11.0,16.7,3.1,330,17,12.1,19.6,3.3,332,13,12.1,19.6,3.3,332,13,0,29.70,-0.0,,,,,,,,,
MANH,2019-11-08 02:50:00 EST,40.76754,-73.96449,311,37.9,,30.0,60.7,25.6,0.000,0.000,0.00,0.000,12.1,19.1,3.5,325,21,12.7,19.4,3.5,325,16,12.7,19.4,3.5,325,16,0,29.69,-0.0,,,,,,,,,
MANH,2019-11-08 02:55:00 EST,40.76754,-73.96449,311,38.2,,29.9,57.3,24.5,0.000,0.000,0.00,0.000,13.2,22.4,4.6,325,18,13.8,24.9,5.2,326,20,13.8,24.9,5.2,326,20,0,29.70,0.2,,,,,,,,,
MANH,2019-11-08 03:00:00 EST,40.76754,-73.96449,311,37.2,,28.5,52.5,21.4,0.000,0.000,0.00,0.000,13.5,21.0,4.0,330,22,14.4,22.0,4.3,333,19,14.4,22.0,4.3,333,19,0,29.70,0.0,,,,,,,,,
MANH,2019-11-08 03:05:00 EST,40.76754,-73.96449,311,36.9,,27.0,51.1,20.4,0.000,0.000,0.00,0.000,16.4,25.6,4.2,338,18,17.5,27.9,4.6,338,13,17.5,27.9,4.6,338,13,0,29.69,0.3,,,,,,,,,
MANH,2019-11-08 03:10:00 EST,40.76754,-73.96449,311,37.1,,28.3,51.3,20.8,0.000,0.000,0.00,0.000,12.9,20.8,3.5,342,22,14.5,21.9,3.9,344,18,14.5,21.9,3.9,344,18,0,29.70,0.0,,,,,,,,,
MANH,2019-11-08 03:15:00 EST,40.76754,-73.96449,311,36.7,,27.3,49.5,19.5,0.000,0.000,0.00,0.000,14.6,22.9,4.3,334,16,15.9,25.9,4.1,335,14,15.9,25.9,4.1,335,14,0,29.70,0.4,,,,,,,,,
MANH,2019-11-08 03:20:00 EST,40.76754,-73.96449,311,36.4,,26.4,48.5,18.8,0.000,0.000,0.00,0.000,16.7,26.5,4.4,332,14,17.7,27.6,4.9,333,13,17.7,27.6,4.9,333,13,0,29.69,-0.1,,,,,,,,,
MANH,2019-11-08 03:25:00 EST,40.76754,-73.96449,311,36.8,,27.8,49.4,19.6,0.000,0.000,0.00,0.000,13.5,21.7,3.3,332,18,14.6,24.0,3.6,331,16,14.6,24.0,3.6,331,16,0,29.70,-0.2,,,,,,,,,
MANH,2019-11-08 03:30:00 EST,40.76754,-73.96449,311,36.8,,28.5,50.2,20.0,0.000,0.000,0.00,0.000,11.8,19.0,2.8,338,14,12.9,19.2,2.7,338,12,12.9,19.2,2.7,338,12,0,29.70,0.1,,,,,,,,,
MANH,2019-11-08 03:35:00 EST,40.76754,-73.96449,311,36.5,,28.3,50.9,20.1,0.000,0.000,0.00,0.000,11.5,19.0,4.0,338,19,12.6,20.8,4.1,340,14,12.6,20.8,4.1,340,14,0,29.70,0.1,,,,,,,,,
MANH,2019-11-08 03:40:00 EST,40.76754,-73.96449,311,37.1,,29.3,51.1,20.6,0.000,0.000,0.00,0.000,10.6,17.5,2.3,345,12,11.6,19.8,2.7,346,11,11.6,19.8,2.7,346,11,0,29.70,-0.0,,,,,,,,,
MANH,2019-11-08 03:45:00 EST,40.76754,-73.96449,311,36.6,,28.4,51.6,20.5,0.000,0.000,0.00,0.000,11.2,17.8,2.5,342,14,12.7,20.6,2.8,344,11,12.7,20.6,2.8,344,11,0,29.70,0.1,,,,,,,,,
MANH,2019-11-08 03:50:00 EST,40.76754,-73.96449,311,37.2,,29.8,51.7,21.0,0.000,0.000,0.00,0.000,9.8,17.3,2.5,342,24,10.8,21.1,3.0,345,17,10.8,21.1,3.0,345,17,0,29.70,0.3,,,,,,,,,
MANH,2019-11-08 03:55:00 EST,40.76754,-73.96449,311,37.0,,28.7,49.5,19.8,0.000,0.000,0.00,0.000,11.3,19.7,3.7,2,26,12.9,21.6,3.9,357,21,12.9,21.6,3.9,357,21,0,29.70,0.0,,,,,,,,,
MANH,2019-11-08 04:00:00 EST,40.76754,-73.96449,311,37.6,,30.7,50.1,20.6,0.000,0.000,0.00,0.000,8.8,17.2,3.2,343,20,9.7,17.8,3.3,342,18,9.7,17.8,3.3,342,18,0,29.69,-0.0,,,,,,,,,
MANH,2019-11-08 04:05:00 EST,40.76754,-73.96449,311,37.1,,30.5,50.7,20.4,0.000,0.000,0.00,0.000,7.6,15.1,3.4,352,29,9.0,15.8,3.3,350,26,9.0,15.8,3.3,350,26,0,29.69,-0.1,,,,,,,,,
MANH,2019-11-08 04:10:00 EST,40.76754,-73.96449,311,36.4,,29.0,50.1,19.6,0.000,0.000,0.00,0.000,9.3,14.0,2.0,348,22,10.4,15.6,2.3,346,16,10.4,15.6,2.3,346,16,0,29.70,0.0,,,,,,,,,
MANH,2019-11-08 04:15:00 EST,40.76754,-73.96449,311,36.2,,28.6,51.1,19.9,0.000,0.000,0.00,0.000,9.9,16.7,2.3,351,20,11.0,18.3,2.6,349,14,11.0,18.3,2.6,349,14,0,29.70,0.2,,,,,,,,,
MANH,2019-11-08 04:20:00 EST,40.76754,-73.96449,311,37.4,,30.3,50.9,20.9,0.000,0.000,0.00,0.000,8.9,13.3,2.5,347,21,10.1,16.7,2.7,348,16,10.1,16.7,2.7,348,16,0,29.70,-0.2,,,,,,,,,
MANH,2019-11-08 04:25:00 EST,40.76754,-73.96449,311,36.9,,29.6,50.4,20.1,0.000,0.000,0.00,0.000,9.4,17.6,3.8,352,17,10.4,18.8,4.1,351,16,10.4,18.8,4.1,351,16,0,29.71,0.0,,,,,,,,,
MANH,2019-11-08 04:30:00 EST,40.76754,-73.96449,311,35.9,,28.0,51.2,19.6,0.000,0.000,0.00,0.000,10.4,16.9,3.4,343,13,11.4,18.6,3.6,342,12,11.4,18.6,3.6,342,12,0,29.71,0.0,,,,,,,,,
MANH,2019-11-08 04:35:00 EST,40.76754,-73.96449,311,35.5,,27.0,51.2,19.2,0.000,0.000,0.00,0.000,11.8,18.5,4.3,338,13,12.6,19.2,4.5,339,11,12.6,19.2,4.5,339,11,0,29.71,0.2,,,,,,,,,
MANH,2019-11-08 04:40:00 EST,40.76754,-73.96449,311,36.2,,29.3,52.1,20.3,0.000,0.000,0.00,0.000,8.8,13.3,2.3,331,17,9.3,14.9,2.7,332,14,9.3,14.9,2.7,332,14,0,29.72,0.2,,,,,,,,,
MANH,2019-11-08 04:45:00 EST,40.76754,-73.96449,311,35.8,,27.2,51.1,19.5,0.000,0.000,0.00,0.000,12.1,18.6,3.2,333,15,13.0,21.4,3.1,333,12,13.0,21.4,3.1,333,12,0,29.72,-0.2,,,,,,,,,
MANH,2019-11-08 04:50:00 EST,40.76754,-73.96449,311,36.2,,28.8,51.2,19.9,0.000,0.000,0.00,0.000,9.7,16.7,4.2,328,19,10.4,18.6,4.0,328,15,10.4,18.6,4.0,328,15,0,29.73,0.1,,,,,,,,,
MANH,2019-11-08 04:55:00 EST,40.76754,-73.96449,311,37.1,,31.5,52.7,21.4,0.000,0.000,0.00,0.000,6.6,12.4,2.8,321,24,7.2,13.5,2.8,323,24,7.2,13.5,2.8,323,24,0,29.73,-0.2,,,,,,,,,
MANH,2019-11-08 05:00:00 EST,40.76754,-73.96449,311,37.1,,30.8,51.9,21.0,0.000,0.000,0.00,0.000,7.7,13.7,2.8,318,20,8.3,14.8,2.8,320,19,8.3,14.8,2.8,320,19,0,29.72,-0.1,,,,,,,,,
MANH,2019-11-08 05:05:00 EST,40.76754,-73.96449,311,37.0,,31.5,51.7,20.8,0.000,0.000,0.00,0.000,6.4,13.3,3.5,313,28,7.0,14.4,3.4,308,23,7.0,14.4,3.4,308,23,0,29.72,-0.1,,,,,,,,,
MANH,2019-11-08 05:10:00 EST,40.76754,-73.96449,311,37.1,,30.3,51.4,20.8,0.000,0.000,0.00,0.000,8.4,16.7,4.0,331,16,9.4,18.1,4.1,333,14,9.4,18.1,4.1,333,14,0,29.73,-0.3,,,,,,,,,
MANH,2019-11-08 05:15:00 EST,40.76754,-73.96449,311,36.4,,29.6,52.4,20.6,0.000,0.000,0.00,0.000,8.6,15.5,3.2,315,23,9.2,16.7,3.3,314,21,9.2,16.7,3.3,314,21,0,29.73,-0.1,,,,,,,,,
MANH,2019-11-08 05:20:00 EST,40.76754,-73.96449,311,36.6,,29.0,51.6,20.4,0.000,0.000,0.00,0.000,10.5,18.9,3.3,316,19,11.0,18.7,3.4,313,19,11.0,18.7,3.4,313,19,0,29.73,-0.2,,,,,,,,,
MANH,2019-11-08 05:25:00 EST,40.76754,-73.96449,311,36.2,,29.0,52.1,20.3,0.000,0.000,0.00,0.000,9.7,15.4,2.7,322,16,9.9,15.9,2.9,322,14,9.9,15.9,2.9,322,14,0,29.73,-0.1,,,,,,,,,
MANH,2019-11-08 05:30:00 EST,40.76754,-73.96449,311,35.9,,28.6,51.9,19.9,0.000,0.000,0.00,0.000,9.1,15.1,3.8,319,22,9.8,16.8,3.8,318,23,9.8,16.8,3.8,318,23,0,29.73,-0.1,,,,,,,,,
MANH,2019-11-08 05:35:00 EST,40.76754,-73.96449,311,35.8,,29.6,53.8,20.7,0.000,0.000,0.00,0.000,7.1,13.5,3.0,320,28,7.9,14.9,2.8,326,29,7.9,14.9,2.8,326,29,0,29.73,-0.1,,,,,,,,,
MANH,2019-11-08 05:40:00 EST,40.76754,-73.96449,311,36.3,,30.2,54.2,21.3,0.000,0.000,0.00,0.000,7.0,11.5,2.4,316,23,7.7,12.8,2.6,321,24,7.7,12.8,2.6,321,24,0,29.73,0.4,,,,,,,,,
MANH,2019-11-08 05:45:00 EST,40.76754,-73.96449,311,35.9,,29.2,53.7,20.7,0.000,0.000,0.00,0.000,8.1,17.2,4.0,323,26,8.8,17.6,4.1,323,25,8.8,17.6,4.1,323,25,0,29.73,-0.0,,,,,,,,,
MANH,2019-11-08 05:50:00 EST,40.76754,-73.96449,311,35.7,,28.5,55.9,21.5,0.000,0.000,0.00,0.000,9.1,21.1,4.2,315,25,9.7,22.3,4.5,313,20,9.7,22.3,4.5,313,20,0,29.74,0.3,,,,,,,,,
MANH,2019-11-08 05:55:00 EST,40.76754,-73.96449,311,35.3,,26.8,55.8,21.0,0.000,0.000,0.00,0.000,11.6,21.5,4.3,318,20,12.3,21.5,4.2,319,20,12.3,21.5,4.2,319,20,0,29.74,-0.0,,,,,,,,,
MANH,2019-11-08 06:00:00 EST,40.76754,-73.96449,311,35.1,,26.6,56.7,21.2,0.000,0.000,0.00,0.000,11.4,20.7,3.6,317,23,12.2,21.0,4.1,316,24,12.2,21.0,4.1,316,24,0,29.74,0.4,,,,,,,,,
MANH,2019-11-08 06:05:00 EST,40.76754,-73.96449,311,34.9,,26.7,56.8,21.1,0.000,0.000,0.00,0.000,10.8,16.3,3.2,317,24,11.5,17.7,3.6,319,20,11.5,17.7,3.6,319,20,0,29.74,-0.2,,,,,,,,,
MANH,2019-11-08 06:10:00 EST,40.76754,-73.96449,311,35.2,,28.6,56.9,21.4,0.000,0.000,0.00,0.000,7.1,16.4,4.0,319,27,8.1,17.5,4.3,322,21,8.1,17.5,4.3,322,21,0,29.74,-0.1,,,,,,,,,
MANH,2019-11-08 06:15:00 EST,40.76754,-73.96449,311,35.8,,29.5,56.9,22.0,0.000,0.000,0.00,0.000,6.8,17.8,3.2,328,29,7.9,18.6,3.4,329,24,7.9,18.6,3.4,329,24,0,29.75,0.1,,,,,,,,,
MANH,2019-11-08 06:20:00 EST,40.76754,-73.96449,311,35.2,,27.5,57.5,21.7,0.000,0.000,0.00,0.000,9.3,16.8,3.1,335,21,10.3,19.9,3.4,335,18,10.3,19.9,3.4,335,18,0,29.75,0.2,,,,,,,,,
MANH,2019-11-08 06:25:00 EST,40.76754,-73.96449,311,35.1,,26.6,57.5,21.6,0.000,0.000,0.00,0.000,11.2,19.9,4.3,330,24,12.2,19.9,4.5,330,19,12.2,19.9,4.5,330,19,1,29.75,-0.0,,,,,,,,,
MANH,2019-11-08 06:30:00 EST,40.76754,-73.96449,311,34.5,,26.0,58.1,21.3,0.000,0.000,0.00,0.000,11.1,19.8,4.6,323,26,12.0,19.6,4.4,325,21,12.0,19.6,4.4,325,21,2,29.76,0.2,,,,,,,,,
MANH,2019-11-08 06:35:00 EST,40.76754,-73.96449,311,34.9,,28.7,58.0,21.7,0.000,0.000,0.00,0.000,6.6,14.9,3.9,318,34,7.5,15.8,4.0,321,32,7.5,15.8,4.0,321,32,3,29.76,0.1,,,,,,,,,
MANH,2019-11-08 06:40:00 EST,40.76754,-73.96449,311,35.1,,27.4,57.3,21.5,0.000,0.000,0.00,0.000,9.7,20.0,4.7,316,24,10.5,22.0,4.8,320,18,10.5,22.0,4.8,320,18,5,29.76,0.0,,,,,,,,,
MANH,2019-11-08 06:45:00 EST,40.76754,-73.96449,311,34.7,,26.9,57.6,21.3,0.000,0.000,0.00,0.000,9.6,18.8,4.3,326,26,10.5,19.0,4.4,328,24,10.5,19.0,4.4,328,24,6,29.77,-0.2,,,,,,,,,
MANH,2019-11-08 06:50:00 EST,40.76754,-73.96449,311,34.0,,24.8,58.6,21.1,0.000,0.000,0.00,0.000,12.5,19.9,3.2,330,15,13.3,20.3,3.5,331,12,13.3,20.3,3.5,331,12,9,29.77,0.0,,,,,,,,,
MANH,2019-11-08 06:55:00 EST,40.76754,-73.96449,311,35.0,,28.9,59.1,22.2,0.000,0.000,0.00,0.000,5.9,11.8,3.0,336,28,7.3,13.3,3.1,338,25,7.3,13.3,3.1,338,25,11,29.77,0.1,,,,,,,,,
MANH,2019-11-08 07:00:00 EST,40.76754,-73.96449,311,34.9,,26.8,58.2,21.7,0.000,0.000,0.00,0.000,10.4,18.0,3.8,336,15,11.2,19.7,4.1,337,14,11.2,19.7,4.1,337,14,18,29.77,0.7,,,,,,,,,
MANH,2019-11-08 07:05:00 EST,40.76754,-73.96449,311,36.2,,30.6,58.0,22.9,0.000,0.000,0.00,0.000,6.1,13.8,2.6,332,23,7.0,15.0,2.7,335,23,7.0,15.0,2.7,335,23,47,29.77,0.3,,,,,,,,,
MANH,2019-11-08 07:10:00 EST,40.76754,-73.96449,311,36.0,,29.4,56.9,22.2,0.000,0.000,0.00,0.000,7.7,15.6,3.2,322,29,8.6,16.9,3.3,322,26,8.6,16.9,3.3,322,26,57,29.77,-0.1,,,,,,,,,
MANH,2019-11-08 07:15:00 EST,40.76754,-73.96449,311,35.7,,28.9,57.6,22.2,0.000,0.000,0.00,0.000,8.4,14.6,3.2,318,22,8.9,15.7,3.3,317,22,8.9,15.7,3.3,317,22,62,29.77,0.1,,,,,,,,,
MANH,2019-11-08 07:20:00 EST,40.76754,-73.96449,311,36.1,,29.6,56.9,22.3,0.000,0.000,0.00,0.000,7.9,14.8,2.9,310,20,8.4,16.4,2.9,310,20,8.4,16.4,2.9,310,20,88,29.78,0.2,,,,,,,,,
MANH,2019-11-08 07:25:00 EST,40.76754,-73.96449,311,36.5,,30.4,56.7,22.6,0.000,0.000,0.00,0.000,7.3,12.7,2.9,310,23,7.9,13.8,2.9,312,22,7.9,13.8,2.9,312,22,104,29.78,-0.1,,,,,,,,,
MANH,2019-11-08 07:30:00 EST,40.76754,-73.96449,311,35.4,,26.9,58.1,22.1,0.000,0.000,0.00,0.000,11.7,18.0,4.1,321,24,12.3,19.4,3.9,319,23,12.3,19.4,3.9,319,23,117,29.78,0.0,,,,,,,,,
MANH,2019-11-08 07:35:00 EST,40.76754,-73.96449,311,35.2,,27.7,58.7,22.2,0.000,0.000,0.00,0.000,9.5,18.2,3.5,321,27,10.0,19.0,3.8,324,25,10.0,19.0,3.8,324,25,130,29.78,0.0,,,,,,,,,
MANH,2019-11-08 07:40:00 EST,40.76754,-73.96449,311,35.7,,28.1,58.1,22.4,0.000,0.000,0.00,0.000,9.5,15.7,3.0,322,23,10.3,19.3,3.5,324,21,10.3,19.3,3.5,324,21,143,29.78,-0.3,,,,,,,,,
MANH,2019-11-08 07:45:00 EST,40.76754,-73.96449,311,35.2,,27.9,59.5,22.5,0.000,0.000,0.00,0.000,8.6,17.6,4.2,323,28,9.6,18.5,3.9,326,24,9.6,18.5,3.9,326,24,155,29.79,0.4,,,,,,,,,
MANH,2019-11-08 07:50:00 EST,40.76754,-73.96449,311,35.7,,27.9,58.3,22.5,0.000,0.000,0.00,0.000,10.0,17.8,4.1,318,21,10.7,20.2,4.6,317,20,10.7,20.2,4.6,317,20,169,29.79,0.0,,,,,,,,,
MANH,2019-11-08 07:55:00 EST,40.76754,-73.96449,311,35.2,,26.0,59.3,22.4,0.000,0.000,0.00,0.000,13.2,21.8,4.4,321,18,14.0,23.4,4.7,321,14,14.0,23.4,4.7,321,14,182,29.79,0.0,,,,,,,,,
MANH,2019-11-08 08:00:00 EST,40.76754,-73.96449,311,35.6,,28.9,59.2,22.8,0.000,0.000,0.00,0.000,7.9,17.6,5.3,306,25,8.6,18.2,5.0,307,29,8.6,18.2,5.0,307,29,209,29.79,0.7,,,,,,,,,
MANH,2019-11-08 08:05:00 EST,40.76754,-73.96449,311,35.4,,26.6,58.7,22.3,0.000,0.000,0.00,0.000,11.6,22.6,5.3,327,22,13.1,25.2,5.1,327,21,13.1,25.2,5.1,327,21,248,29.79,0.0,,,,,,,,,
MANH,2019-11-08 08:10:00 EST,40.76754,-73.96449,311,34.7,,25.1,61.4,22.7,0.000,0.000,0.00,0.000,13.7,23.0,4.6,315,23,14.6,23.1,4.7,317,22,14.6,23.1,4.7,317,22,74,29.79,-0.2,,,,,,,,,
MANH,2019-11-08 08:15:00 EST,40.76754,-73.96449,311,34.4,,25.2,61.5,22.6,0.000,0.000,0.00,0.000,12.4,20.9,5.0,324,22,13.4,21.5,4.9,325,19,13.4,21.5,4.9,325,19,217,29.79,0.1,,,,,,,,,
MANH,2019-11-08 08:20:00 EST,40.76754,-73.96449,311,35.3,,28.0,61.8,23.5,0.000,0.000,0.00,0.000,8.6,19.9,4.9,312,31,9.6,21.1,5.0,317,29,9.6,21.1,5.0,317,29,229,29.79,0.0,,,,,,,,,
MANH,2019-11-08 08:25:00 EST,40.76754,-73.96449,311,35.1,,26.0,60.8,22.9,0.000,0.000,0.00,0.000,13.1,22.0,4.6,311,23,13.7,24.8,4.9,309,21,13.7,24.8,4.9,309,21,247,29.79,0.4,,,,,,,,,
MANH,2019-11-08 08:30:00 EST,40.76754,-73.96449,311,35.8,,28.0,60.9,23.6,0.000,0.000,0.00,0.000,10.3,16.0,3.1,326,21,11.0,16.9,3.2,327,21,11.0,16.9,3.2,327,21,274,29.79,-0.1,,,,,,,,,
MANH,2019-11-08 08:35:00 EST,40.76754,-73.96449,311,35.4,,27.0,61.2,23.4,0.000,0.000,0.00,0.000,11.2,22.3,4.4,320,21,12.0,22.9,4.5,320,17,12.0,22.9,4.5,320,17,261,29.79,0.1,,,,,,,,,
MANH,2019-11-08 08:40:00 EST,40.76754,-73.96449,311,35.7,,27.8,59.8,23.1,0.000,0.000,0.00,0.000,10.2,17.5,3.8,328,27,11.3,19.0,4.1,330,27,11.3,19.0,4.1,330,27,318,29.79,0.6,,,,,,,,,
MANH,2019-11-08 08:45:00 EST,40.76754,-73.96449,311,35.8,,26.7,59.7,23.1,0.000,0.000,0.00,0.000,13.2,21.2,3.1,324,22,14.1,21.6,3.4,325,22,14.1,21.6,3.4,325,22,348,29.79,0.1,,,,,,,,,
MANH,2019-11-08 08:50:00 EST,40.76754,-73.96449,311,35.5,,26.0,59.6,22.8,0.000,0.000,0.00,0.000,14.0,25.5,6.3,329,21,15.2,27.4,6.1,329,17,15.2,27.4,6.1,329,17,399,29.79,0.3,,,,,,,,,
MANH,2019-11-08 08:55:00 EST,40.76754,-73.96449,311,35.3,,25.5,59.2,22.5,0.000,0.000,0.00,0.000,14.5,23.3,4.3,336,19,15.9,27.7,4.5,335,14,15.9,27.7,4.5,335,14,329,29.79,0.0,,,,,,,,,
MANH,2019-11-08 09:00:00 EST,40.76754,-73.96449,311,36.1,,27.2,58.3,22.9,0.000,0.000,0.00,0.000,12.6,24.6,5.7,341,26,14.0,28.1,6.0,340,24,14.0,28.1,6.0,340,24,316,29.79,-0.0,,,,,,,,,
MANH,2019-11-08 09:05:00 EST,40.76754,-73.96449,311,34.6,,23.8,58.8,21.7,0.000,0.000,0.00,0.000,17.6,28.4,4.1,334,18,18.9,29.0,4.4,334,17,18.9,29.0,4.4,334,17,187,29.79,0.1,,,,,,,,,
MANH,2019-11-08 09:10:00 EST,40.76754,-73.96449,311,35.3,,24.8,57.5,21.8,0.000,0.000,0.00,0.000,16.8,27.7,5.0,329,19,18.0,28.1,4.9,328,18,18.0,28.1,4.9,328,18,158,29.79,0.0,,,,,,,,,
MANH,2019-11-08 09:15:00 EST,40.76754,-73.96449,311,35.2,,24.8,56.2,21.2,0.000,0.000,0.00,0.000,16.6,30.9,4.6,329,21,18.0,30.8,4.8,330,18,18.0,30.8,4.8,330,18,306,29.79,-0.1,,,,,,,,,
MANH,2019-11-08 09:20:00 EST,40.76754,-73.96449,311,36.2,,26.6,54.7,21.4,0.000,0.000,0.00,0.000,14.9,27.8,5.7,325,22,16.2,30.5,5.9,325,20,16.2,30.5,5.9,325,20,406,29.79,0.0,,,,,,,,,
MANH,2019-11-08 09:25:00 EST,40.76754,-73.96449,311,35.8,,25.5,54.5,21.0,0.000,0.000,0.00,0.000,17.0,24.8,3.8,342,20,18.2,25.8,3.5,341,17,18.2,25.8,3.5,341,17,475,29.78,-0.0,,,,,,,,,
MANH,2019-11-08 09:30:00 EST,40.76754,-73.96449,311,35.4,,24.3,54.5,20.6,0.000,0.000,0.00,0.000,19.5,34.3,6.3,335,19,20.8,35.8,6.4,336,10,20.8,35.8,6.4,336,10,170,29.78,-0.1,,,,,,,,,
MANH,2019-11-08 09:35:00 EST,40.76754,-73.96449,311,36.0,,26.3,54.9,21.4,0.000,0.000,0.00,0.000,15.3,28.8,5.5,332,27,16.5,31.4,6.1,336,19,16.5,31.4,6.1,336,19,235,29.79,-0.1,,,,,,,,,
MANH,2019-11-08 09:40:00 EST,40.76754,-73.96449,311,36.2,,26.5,53.2,20.8,0.000,0.000,0.00,0.000,15.3,26.2,3.8,330,18,16.5,28.2,4.3,330,18,16.5,28.2,4.3,330,18,433,29.79,0.0,,,,,,,,,
MANH,2019-11-08 09:45:00 EST,40.76754,-73.96449,311,36.6,,27.3,52.6,20.9,0.000,0.000,0.00,0.000,14.1,22.1,3.8,341,19,15.3,25.2,4.1,340,17,15.3,25.2,4.1,340,17,410,29.79,0.1,,,,,,,,,
MANH,2019-11-08 09:50:00 EST,40.76754,-73.96449,311,36.3,,26.7,52.6,20.6,0.000,0.000,0.00,0.000,15.3,25.3,4.6,337,13,16.4,27.3,5.0,337,10,16.4,27.3,5.0,337,10,379,29.79,-0.0,,,,,,,,,
MANH,2019-11-08 09:55:00 EST,40.76754,-73.96449,311,36.9,,26.7,51.8,20.8,0.000,0.000,0.00,0.000,17.5,29.0,5.2,330,16,18.7,29.7,5.2,331,13,18.7,29.7,5.2,331,13,364,29.79,-0.2,,,,,,,,,
MANH,2019-11-08 10:00:00 EST,40.76754,-73.96449,311,37.0,,27.8,51.0,20.6,0.000,0.000,0.00,0.000,15.0,28.5,5.2,321,17,15.9,32.6,5.4,319,18,15.9,32.6,5.4,319,18,419,29.79,-0.1,,,,,,,,,
MANH,2019-11-08 10:05:00 EST,40.76754,-73.96449,311,37.4,,28.7,49.0,20.0,0.000,0.000,0.00,0.000,13.1,23.2,4.9,329,26,14.5,26.9,5.1,327,22,14.5,26.9,5.1,327,22,519,29.79,-0.1,,,,,,,,,
MANH,2019-11-08 10:10:00 EST,40.76754,-73.96449,311,37.3,,27.7,48.2,19.5,0.000,0.000,0.00,0.000,16.2,27.5,5.9,326,19,17.2,29.8,6.0,323,16,17.2,29.8,6.0,323,16,307,29.79,-0.0,,,,,,,,,
MANH,2019-11-08 10:15:00 EST,40.76754,-73.96449,311,37.1,,27.5,47.7,19.0,0.000,0.000,0.00,0.000,15.7,25.2,4.2,336,24,17.0,25.5,4.4,337,16,17.0,25.5,4.4,337,16,293,29.79,-0.1,,,,,,,,,
MANH,2019-11-08 10:20:00 EST,40.76754,-73.96449,311,37.5,,28.9,46.3,18.8,0.000,0.000,0.00,0.000,13.1,22.4,4.4,326,23,14.5,25.3,5.0,328,21,14.5,25.3,5.0,328,21,476,29.80,-0.1,,,,,,,,,
MANH,2019-11-08 10:25:00 EST,40.76754,-73.96449,311,37.0,,27.0,43.6,16.9,0.000,0.000,0.00,0.000,16.6,32.0,6.6,338,19,18.4,32.0,6.6,338,16,18.4,32.0,6.6,338,16,529,29.80,-0.1,,,,,,,,,
MANH,2019-11-08 10:30:00 EST,40.76754,-73.96449,311,37.2,,26.9,42.7,16.6,0.000,0.000,0.00,0.000,18.2,28.7,5.8,326,17,19.7,30.8,5.7,326,16,19.7,30.8,5.7,326,16,539,29.80,-0.1,,,,,,,,,
MANH,2019-11-08 10:35:00 EST,40.76754,-73.96449,311,37.0,,26.9,42.4,16.2,0.000,0.000,0.00,0.000,16.8,31.2,6.1,331,27,18.5,33.5,5.9,332,19,18.5,33.5,5.9,332,19,360,29.80,0.2,,,,,,,,,
MANH,2019-11-08 10:40:00 EST,40.76754,-73.96449,311,36.8,,27.1,42.8,16.3,0.000,0.000,0.00,0.000,15.5,31.2,6.6,336,24,17.2,34.6,6.8,337,19,17.2,34.6,6.8,337,19,443,29.80,-0.1,,,,,,,,,
MANH,2019-11-08 10:45:00 EST,40.76754,-73.96449,311,37.1,,27.0,42.4,16.3,0.000,0.000,0.00,0.000,17.4,30.3,4.8,326,22,18.8,30.7,4.7,327,19,18.8,30.7,4.7,327,19,534,29.80,-0.1,,,,,,,,,
MANH,2019-11-08 10:50:00 EST,40.76754,-73.96449,311,37.6,,27.9,42.1,16.6,0.000,0.000,0.00,0.000,16.3,26.9,5.5,323,22,17.8,28.5,5.1,326,21,17.8,28.5,5.1,326,21,526,29.80,-0.0,,,,,,,,,
MANH,2019-11-08 10:55:00 EST,40.76754,-73.96449,311,38.6,,30.5,40.6,16.7,0.000,0.000,0.00,0.000,12.7,28.0,5.7,313,29,13.8,29.9,6.0,313,24,13.8,29.9,6.0,313,24,606,29.80,-0.1,,,,,,,,,
MANH,2019-11-08 11:00:00 EST,40.76754,-73.96449,311,38.1,,29.8,41.4,16.6,0.000,0.000,0.00,0.000,12.5,22.8,5.5,321,23,13.6,24.0,5.3,323,21,13.6,24.0,5.3,323,21,585,29.80,0.0,,,,,,,,,
MANH,2019-11-08 11:05:00 EST,40.76754,-73.96449,311,38.3,,28.6,41.8,17.1,0.000,0.000,0.00,0.000,17.8,30.8,6.3,316,20,18.9,34.2,6.2,317,19,18.9,34.2,6.2,317,19,621,29.80,-0.1,,,,,,,,,
MANH,2019-11-08 11:10:00 EST,40.76754,-73.96449,311,37.4,,26.9,39.9,15.2,0.000,0.000,0.00,0.000,19.2,34.3,7.0,342,17,20.8,34.6,6.9,341,13,20.8,34.6,6.9,341,13,527,29.80,-0.1,,,,,,,,,
MANH,2019-11-08 11:15:00 EST,40.76754,-73.96449,311,36.3,,24.8,40.3,14.4,0.000,0.000,0.00,0.000,21.7,30.8,6.1,336,16,23.5,33.8,6.1,336,15,23.5,33.8,6.1,336,15,352,29.79,-0.0,,,,,,,,,
MANH,2019-11-08 11:20:00 EST,40.76754,-73.96449,311,37.1,,26.9,39.0,14.4,0.000,0.000,0.00,0.000,17.7,34.4,6.4,325,21,19.3,34.2,6.2,326,18,19.3,34.2,6.2,326,18,547,29.80,-0.2,,,,,,,,,
MANH,2019-11-08 11:25:00 EST,40.76754,-73.96449,311,36.8,,26.7,38.9,14.1,0.000,0.000,0.00,0.000,17.5,29.2,5.9,336,17,18.7,30.8,6.1,336,15,18.7,30.8,6.1,336,15,478,29.79,-0.0,,,,,,,,,
MANH,2019-11-08 11:30:00 EST,40.76754,-73.96449,311,38.0,,29.0,38.2,14.7,0.000,0.000,0.00,0.000,15.0,29.2,6.5,318,25,15.9,31.7,6.6,315,24,15.9,31.7,6.6,315,24,556,29.80,0.0,,,,,,,,,
MANH,2019-11-08 11:35:00 EST,40.76754,-73.96449,311,38.0,,29.0,37.9,14.6,0.000,0.000,0.00,0.000,15.1,29.4,5.7,317,23,15.9,31.6,5.5,316,19,15.9,31.6,5.5,316,19,558,29.79,0.0,,,,,,,,,
MANH,2019-11-08 11:40:00 EST,40.76754,-73.96449,311,38.1,,29.5,38.7,15.1,0.000,0.000,0.00,0.000,13.3,26.7,5.4,322,22,14.6,30.9,5.6,320,20,14.6,30.9,5.6,320,20,582,29.79,-0.0,,,,,,,,,
MANH,2019-11-08 11:45:00 EST,40.76754,-73.96449,311,38.8,,30.9,38.9,15.9,0.000,0.000,0.00,0.000,11.9,23.7,4.3,322,19,13.1,25.2,4.4,323,18,13.1,25.2,4.4,323,18,530,29.79,0.2,,,,,,,,,
MANH,2019-11-08 11:50:00 EST,40.76754,-73.96449,311,38.6,,29.6,38.8,15.6,0.000,0.000,0.00,0.000,15.6,31.0,5.7,337,22,16.4,33.0,5.8,336,17,16.4,33.0,5.8,336,17,494,29.79,-0.3,,,,,,,,,
MANH,2019-11-08 11:55:00 EST,40.76754,-73.96449,311,37.7,,27.5,37.8,14.3,0.000,0.000,0.00,0.000,18.9,31.0,5.0,326,18,19.9,30.4,5.5,323,17,19.9,30.4,5.5,323,17,505,29.79,-0.1,,,,,,,,,
MANH,2019-11-08 12:00:00 EST,40.76754,-73.96449,311,38.8,,31.1,37.7,15.1,0.000,0.000,0.00,0.000,11.2,26.5,4.2,317,30,12.6,25.7,4.3,315,27,12.6,25.7,4.3,315,27,577,29.79,-0.3,,,,,,,,,
MANH,2019-11-08 12:05:00 EST,40.76754,-73.96449,311,37.7,,28.2,37.4,14.0,0.000,0.000,0.00,0.000,16.2,31.6,7.0,322,27,17.4,34.5,7.0,325,22,17.4,34.5,7.0,325,22,516,29.79,-0.1,,,,,,,,,
MANH,2019-11-08 12:10:00 EST,40.76754,-73.96449,311,37.2,,26.9,38.0,13.9,0.000,0.000,0.00,0.000,18.5,29.7,4.4,336,18,19.9,30.5,4.1,335,16,19.9,30.5,4.1,335,16,521,29.78,-0.1,,,,,,,,,
MANH,2019-11-08 12:15:00 EST,40.76754,-73.96449,311,37.4,,27.4,38.2,14.2,0.000,0.000,0.00,0.000,17.8,33.0,6.5,338,20,18.9,34.0,6.6,337,18,18.9,34.0,6.6,337,18,559,29.78,0.0,,,,,,,,,
MANH,2019-11-08 12:20:00 EST,40.76754,-73.96449,311,38.1,,28.9,37.0,14.1,0.000,0.000,0.00,0.000,15.4,28.4,4.3,334,19,16.5,30.2,4.9,333,17,16.5,30.2,4.9,333,17,556,29.78,-0.1,,,,,,,,,
MANH,2019-11-08 12:25:00 EST,40.76754,-73.96449,311,37.9,,28.2,36.8,13.8,0.000,0.000,0.00,0.000,17.3,26.0,4.4,331,22,18.4,26.7,4.7,330,18,18.4,26.7,4.7,330,18,536,29.78,-0.1,,,,,,,,,
MANH,2019-11-08 12:30:00 EST,40.76754,-73.96449,311,38.3,,29.7,36.3,13.9,0.000,0.000,0.00,0.000,13.6,27.0,4.9,337,22,14.9,31.6,5.4,340,17,14.9,31.6,5.4,340,17,531,29.78,-0.0,,,,,,,,,
MANH,2019-11-08 12:35:00 EST,40.76754,-73.96449,311,37.6,,26.8,34.9,12.3,0.000,0.000,0.00,0.000,20.0,29.5,4.9,344,17,22.1,33.4,5.0,342,15,22.1,33.4,5.0,342,15,525,29.78,0.1,,,,,,,,,
MANH,2019-11-08 12:40:00 EST,40.76754,-73.96449,311,37.3,,27.0,34.9,12.1,0.000,0.000,0.00,0.000,18.0,28.6,4.7,337,24,19.5,31.7,4.7,337,16,19.5,31.7,4.7,337,16,514,29.78,-0.1,,,,,,,,,
MANH,2019-11-08 12:45:00 EST,40.76754,-73.96449,311,37.3,,27.2,35.7,12.6,0.000,0.000,0.00,0.000,17.6,32.7,6.7,341,17,18.9,32.9,6.9,341,13,18.9,32.9,6.9,341,13,518,29.78,-0.0,,,,,,,,,
MANH,2019-11-08 12:50:00 EST,40.76754,-73.96449,311,37.7,,27.8,35.7,12.9,0.000,0.000,0.00,0.000,17.6,29.4,4.6,336,17,18.9,30.5,4.9,337,16,18.9,30.5,4.9,337,16,509,29.78,-0.0,,,,,,,,,
MANH,2019-11-08 12:55:00 EST,40.76754,-73.96449,311,37.5,,27.0,32.3,10.4,0.000,0.000,0.00,0.000,19.0,32.4,6.5,341,23,20.6,33.2,6.7,340,16,20.6,33.2,6.7,340,16,500,29.78,-0.2,,,,,,,,,
MANH,2019-11-08 13:00:00 EST,40.76754,-73.96449,311,36.8,,26.2,32.2,9.8,0.000,0.000,0.00,0.000,18.6,30.0,5.5,339,20,20.1,31.4,5.5,339,17,20.1,31.4,5.5,339,17,486,29.78,0.4,,,,,,,,,
MANH,2019-11-08 13:05:00 EST,40.76754,-73.96449,311,37.1,,26.6,36.6,12.9,0.000,0.000,0.00,0.000,19.1,29.3,5.7,333,17,20.3,29.7,5.7,331,13,20.3,29.7,5.7,331,13,488,29.78,-0.0,,,,,,,,,
MANH,2019-11-08 13:10:00 EST,40.76754,-73.96449,311,37.0,,26.7,37.3,13.3,0.000,0.000,0.00,0.000,18.3,29.3,4.9,343,26,19.5,30.0,5.0,341,15,19.5,30.0,5.0,341,15,498,29.78,-0.1,,,,,,,,,
MANH,2019-11-08 13:15:00 EST,40.76754,-73.96449,311,37.4,,26.9,35.7,12.7,0.000,0.000,0.00,0.000,18.9,30.4,6.4,327,21,20.3,31.9,6.5,325,17,20.3,31.9,6.5,325,17,462,29.78,-0.1,,,,,,,,,
MANH,2019-11-08 13:20:00 EST,40.76754,-73.96449,311,37.2,,26.9,35.9,12.5,0.000,0.000,0.00,0.000,18.7,33.1,5.8,325,20,19.6,34.4,6.2,323,17,19.6,34.4,6.2,323,17,453,29.78,-0.1,,,,,,,,,
MANH,2019-11-08 13:25:00 EST,40.76754,-73.96449,311,37.1,,27.0,36.9,13.1,0.000,0.000,0.00,0.000,16.9,32.1,6.1,333,17,18.5,32.9,6.0,333,15,18.5,32.9,6.0,333,15,446,29.78,0.0,,,,,,,,,
MANH,2019-11-08 13:30:00 EST,40.76754,-73.96449,311,37.5,,27.7,37.1,13.6,0.000,0.000,0.00,0.000,16.3,30.1,6.7,326,21,18.0,33.7,6.6,327,15,18.0,33.7,6.6,327,15,401,29.79,-0.2,,,,,,,,,
MANH,2019-11-08 13:35:00 EST,40.76754,-73.96449,311,37.4,,27.7,36.6,13.3,0.000,0.000,0.00,0.000,16.2,26.7,3.9,338,20,17.6,28.0,4.2,340,17,17.6,28.0,4.2,340,17,323,29.79,0.1,,,,,,,,,
MANH,2019-11-08 13:40:00 EST,40.76754,-73.96449,311,37.8,,28.8,36.0,13.2,0.000,0.000,0.00,0.000,14.2,25.7,5.2,341,27,15.6,30.1,5.4,340,19,15.6,30.1,5.4,340,19,401,29.79,-0.1,,,,,,,,,
MANH,2019-11-08 13:45:00 EST,40.76754,-73.96449,311,37.1,,26.8,34.9,11.9,0.000,0.000,0.00,0.000,17.6,34.2,6.9,336,17,19.3,34.4,7.3,338,15,19.3,34.4,7.3,338,15,381,29.79,-0.2,,,,,,,,,
MANH,2019-11-08 13:50:00 EST,40.76754,-73.96449,311,36.5,,24.7,34.2,10.9,0.000,0.000,0.00,0.000,23.7,35.7,6.1,330,14,24.8,39.4,6.8,332,10,24.8,39.4,6.8,332,10,325,29.79,0.1,,,,,,,,,
MANH,2019-11-08 13:55:00 EST,40.76754,-73.96449,311,36.6,,26.0,34.0,10.9,0.000,0.000,0.00,0.000,18.9,27.6,5.5,337,18,20.4,30.2,5.6,337,14,20.4,30.2,5.6,337,14,325,29.79,-0.1,,,,,,,,,
MANH,2019-11-08 14:00:00 EST,40.76754,-73.96449,311,37.0,,27.0,35.5,12.2,0.000,0.000,0.00,0.000,17.2,27.3,5.4,330,18,18.3,29.8,5.8,332,16,18.3,29.8,5.8,332,16,290,29.79,-0.1,,,,,,,,,
MANH,2019-11-08 14:05:00 EST,40.76754,-73.96449,311,36.8,,26.0,35.6,12.1,0.000,0.000,0.00,0.000,20.5,31.5,4.6,326,17,21.3,36.2,4.8,325,13,21.3,36.2,4.8,325,13,374,29.79,-0.0,,,,,,,,,
MANH,2019-11-08 14:10:00 EST,40.76754,-73.96449,311,37.1,,27.0,34.6,11.7,0.000,0.000,0.00,0.000,17.4,27.0,4.9,335,20,18.9,27.4,5.0,333,17,18.9,27.4,5.0,333,17,370,29.80,-0.1,,,,,,,,,
MANH,2019-11-08 14:15:00 EST,40.76754,-73.96449,311,37.1,,27.0,35.5,12.3,0.000,0.000,0.00,0.000,18.0,28.4,5.0,333,14,18.9,30.3,5.3,332,11,18.9,30.3,5.3,332,11,351,29.80,-0.1,,,,,,,,,
MANH,2019-11-08 14:20:00 EST,40.76754,-73.96449,311,37.7,,28.4,34.3,12.0,0.000,0.000,0.00,0.000,15.8,25.6,5.8,321,18,16.7,28.1,6.0,319,18,16.7,28.1,6.0,319,18,308,29.80,-0.1,,,,,,,,,
MANH,2019-11-08 14:25:00 EST,40.76754,-73.96449,311,37.6,,28.9,33.9,11.7,0.000,0.000,0.00,0.000,13.7,22.9,4.7,321,20,14.6,23.7,5.1,324,16,14.6,23.7,5.1,324,16,135,29.81,-0.1,,,,,,,,,
MANH,2019-11-08 14:30:00 EST,40.76754,-73.96449,311,37.3,,28.0,33.8,11.4,0.000,0.000,0.00,0.000,15.0,23.1,4.2,335,23,16.3,24.9,4.4,334,17,16.3,24.9,4.4,334,17,118,29.81,-0.1,,,,,,,,,
MANH,2019-11-08 14:35:00 EST,40.76754,-73.96449,311,37.3,,27.7,33.0,10.8,0.000,0.000,0.00,0.000,15.9,29.7,6.5,342,23,17.2,30.9,6.7,340,19,17.2,30.9,6.7,340,19,317,29.80,-0.0,,,,,,,,,
MANH,2019-11-08 14:40:00 EST,40.76754,-73.96449,311,37.1,,26.4,32.5,10.3,0.000,0.000,0.00,0.000,19.4,28.0,4.4,342,18,21.2,30.1,4.7,338,14,21.2,30.1,4.7,338,14,302,29.80,-0.1,,,,,,,,,
MANH,2019-11-08 14:45:00 EST,40.76754,-73.96449,311,36.7,,25.7,32.5,9.9,0.000,0.000,0.00,0.000,20.3,29.7,4.6,334,16,21.7,31.4,4.7,334,13,21.7,31.4,4.7,334,13,284,29.81,-0.2,,,,,,,,,
MANH,2019-11-08 14:50:00 EST,40.76754,-73.96449,311,36.9,,26.3,32.0,9.8,0.000,0.000,0.00,0.000,18.8,27.0,5.2,332,19,20.3,29.1,5.3,331,15,20.3,29.1,5.3,331,15,277,29.81,-0.0,,,,,,,,,
MANH,2019-11-08 14:55:00 EST,40.76754,-73.96449,311,37.5,,27.8,32.1,10.3,0.000,0.000,0.00,0.000,16.7,26.8,5.0,330,22,17.8,27.5,5.4,332,15,17.8,27.5,5.4,332,15,229,29.81,-0.2,,,,,,,,,
MANH,2019-11-08 15:00:00 EST,40.76754,-73.96449,311,37.1,,27.3,32.4,10.3,0.000,0.000,0.00,0.000,16.0,27.8,6.1,329,22,17.8,28.8,6.4,329,20,17.8,28.8,6.4,329,20,246,29.81,-0.1,,,,,,,,,
MANH,2019-11-08 15:05:00 EST,40.76754,-73.96449,311,37.4,,27.8,32.8,10.7,0.000,0.000,0.00,0.000,15.8,25.8,4.9,330,19,17.1,27.0,5.1,328,20,17.1,27.0,5.1,328,20,235,29.81,-0.1,,,,,,,,,
MANH,2019-11-08 15:10:00 EST,40.76754,-73.96449,311,37.3,,28.6,33.8,11.3,0.000,0.000,0.00,0.000,12.8,22.7,5.2,332,20,14.4,23.2,5.1,334,19,14.4,23.2,5.1,334,19,220,29.81,-0.1,,,,,,,,,
MANH,2019-11-08 15:15:00 EST,40.76754,-73.96449,311,37.1,,27.1,33.4,10.9,0.000,0.000,0.00,0.000,16.9,25.3,5.1,336,20,18.7,27.1,5.0,336,18,18.7,27.1,5.0,336,18,208,29.81,-0.2,,,,,,,,,
MANH,2019-11-08 15:20:00 EST,40.76754,-73.96449,311,36.8,,27.1,33.8,10.9,0.000,0.000,0.00,0.000,15.6,24.3,4.7,337,21,17.1,26.9,5.0,337,17,17.1,26.9,5.0,337,17,194,29.82,0.2,,,,,,,,,
MANH,2019-11-08 15:25:00 EST,40.76754,-73.96449,311,37.1,,27.3,34.4,11.5,0.000,0.000,0.00,0.000,16.5,26.8,4.7,333,17,17.7,27.6,4.6,332,15,17.7,27.6,4.6,332,15,167,29.82,-0.2,,,,,,,,,
MANH,2019-11-08 15:30:00 EST,40.76754,-73.96449,311,36.9,,26.8,34.8,11.6,0.000,0.000,0.00,0.000,17.4,25.9,5.1,328,23,18.5,27.5,5.5,328,19,18.5,27.5,5.5,328,19,169,29.82,-0.1,,,,,,,,,
MANH,2019-11-08 15:35:00 EST,40.76754,-73.96449,311,37.0,,26.8,34.0,11.2,0.000,0.000,0.00,0.000,17.4,31.4,6.4,330,23,18.9,32.6,6.1,330,19,18.9,32.6,6.1,330,19,155,29.82,0.0,,,,,,,,,
MANH,2019-11-08 15:40:00 EST,40.76754,-73.96449,311,36.9,,27.3,35.0,11.8,0.000,0.000,0.00,0.000,15.2,25.1,5.2,333,20,16.7,27.9,5.1,334,16,16.7,27.9,5.1,334,16,133,29.82,0.2,,,,,,,,,
MANH,2019-11-08 15:45:00 EST,40.76754,-73.96449,311,36.6,,26.5,35.4,11.8,0.000,0.000,0.00,0.000,17.4,28.0,5.0,337,20,18.5,29.4,5.2,337,11,18.5,29.4,5.2,337,11,114,29.82,-0.1,,,,,,,,,
MANH,2019-11-08 15:50:00 EST,40.76754,-73.96449,311,36.5,,26.5,35.3,11.7,0.000,0.000,0.00,0.000,16.8,24.1,4.4,330,20,18.0,27.5,4.9,331,18,18.0,27.5,4.9,331,18,74,29.83,0.1,,,,,,,,,
MANH,2019-11-08 15:55:00 EST,40.76754,-73.96449,311,36.6,,27.2,35.2,11.6,0.000,0.000,0.00,0.000,14.8,25.1,4.5,332,19,16.0,26.5,4.5,332,16,16.0,26.5,4.5,332,16,97,29.83,-0.1,,,,,,,,,
MANH,2019-11-08 16:00:00 EST,40.76754,-73.96449,311,36.9,,28.0,36.0,12.4,0.000,0.000,0.00,0.000,13.4,24.6,5.6,330,25,14.5,26.0,5.5,329,19,14.5,26.0,5.5,329,19,25,29.83,-0.0,,,,,,,,,
MANH,2019-11-08 16:05:00 EST,40.76754,-73.96449,311,37.1,,29.2,36.2,12.7,0.000,0.000,0.00,0.000,10.9,21.0,5.2,324,22,11.9,22.3,5.1,326,18,11.9,22.3,5.1,326,18,40,29.83,-0.1,,,,,,,,,
MANH,2019-11-08 16:10:00 EST,40.76754,-73.96449,311,36.8,,28.4,36.4,12.6,0.000,0.000,0.00,0.000,12.1,22.4,4.4,335,22,13.1,25.1,4.8,337,21,13.1,25.1,4.8,337,21,21,29.84,0.2,,,,,,,,,
MANH,2019-11-08 16:15:00 EST,40.76754,-73.96449,311,37.0,,28.6,36.6,12.9,0.000,0.000,0.00,0.000,12.1,25.2,6.4,322,22,13.3,27.4,6.5,325,22,13.3,27.4,6.5,325,22,18,29.84,0.2,,,,,,,,,
MANH,2019-11-08 16:20:00 EST,40.76754,-73.96449,311,37.4,,30.2,36.5,13.2,0.000,0.000,0.00,0.000,9.3,19.1,5.0,330,27,10.5,21.8,5.5,332,23,10.5,21.8,5.5,332,23,16,29.84,0.1,,,,,,,,,
MANH,2019-11-08 16:25:00 EST,40.76754,-73.96449,311,37.1,,29.2,36.8,13.0,0.000,0.000,0.00,0.000,11.0,17.1,3.0,328,23,11.9,19.5,3.3,330,22,11.9,19.5,3.3,330,22,15,29.84,-0.0,,,,,,,,,
MANH,2019-11-08 16:30:00 EST,40.76754,-73.96449,311,37.0,,28.7,36.7,12.9,0.000,0.000,0.00,0.000,12.1,21.7,4.9,315,21,12.9,22.8,5.0,316,20,12.9,22.8,5.0,316,20,13,29.84,-0.1,,,,,,,,,
MANH,2019-11-08 16:35:00 EST,40.76754,-73.96449,311,37.3,,29.0,36.4,13.0,0.000,0.000,0.00,0.000,12.1,19.9,4.1,321,22,13.2,23.8,4.3,321,19,13.2,23.8,4.3,321,19,10,29.84,-0.1,,,,,,,,,
MANH,2019-11-08 16:40:00 EST,40.76754,-73.96449,311,36.8,,27.3,36.2,12.5,0.000,0.000,0.00,0.000,15.2,28.1,5.0,329,18,16.4,29.0,5.4,328,17,16.4,29.0,5.4,328,17,8,29.85,-0.2,,,,,,,,,
MANH,2019-11-08 16:45:00 EST,40.76754,-73.96449,311,36.2,,26.8,35.9,11.7,0.000,0.000,0.00,0.000,14.3,23.4,4.6,338,20,15.4,24.1,5.0,338,16,15.4,24.1,5.0,338,16,6,29.85,-0.2,,,,,,,,,
MANH,2019-11-08 16:50:00 EST,40.76754,-73.96449,311,36.7,,28.2,36.6,12.6,0.000,0.000,0.00,0.000,12.3,24.1,5.1,331,18,13.3,25.6,5.3,332,15,13.3,25.6,5.3,332,15,4,29.85,-0.0,,,,,,,,,
MANH,2019-11-08 16:55:00 EST,40.76754,-73.96449,311,36.2,,26.3,36.4,12.1,0.000,0.000,0.00,0.000,16.0,25.5,4.8,333,14,17.3,26.2,4.7,332,13,17.3,26.2,4.7,332,13,2,29.85,-0.0,,,,,,,,,
MANH,2019-11-08 17:00:00 EST,40.76754,-73.96449,311,36.3,,27.7,37.2,12.6,0.000,0.000,0.00,0.000,11.8,22.9,4.8,332,25,13.1,25.4,5.1,333,21,13.1,25.4,5.1,333,21,1,29.86,0.1,,,,,,,,,
MANH,2019-11-08 17:05:00 EST,40.76754,-73.96449,311,36.4,,26.6,36.6,12.3,0.000,0.000,0.00,0.000,16.0,29.8,5.4,328,20,16.8,30.3,5.5,328,16,16.8,30.3,5.5,328,16,0,29.86,-0.1,,,,,,,,,
MANH,2019-11-08 17:10:00 EST,40.76754,-73.96449,311,36.0,,28.0,36.3,11.8,0.000,0.000,0.00,0.000,10.1,23.4,4.5,326,29,11.5,26.6,4.7,328,28,11.5,26.6,4.7,328,28,0,29.87,-0.2,,,,,,,,,
MANH,2019-11-08 17:15:00 EST,40.76754,-73.96449,311,36.5,,27.1,36.6,12.4,0.000,0.000,0.00,0.000,14.8,22.7,3.9,323,19,15.7,24.3,4.0,321,13,15.7,24.3,4.0,321,13,0,29.87,-0.2,,,,,,,,,
MANH,2019-11-08 17:20:00 EST,40.76754,-73.96449,311,36.3,,27.9,36.7,12.3,0.000,0.000,0.00,0.000,11.5,21.1,4.6,325,26,12.7,22.7,4.6,323,22,12.7,22.7,4.6,323,22,0,29.87,-0.1,,,,,,,,,
MANH,2019-11-08 17:25:00 EST,40.76754,-73.96449,311,36.4,,27.7,37.5,12.9,0.000,0.000,0.00,0.000,12.4,22.0,3.7,327,26,13.6,23.5,4.2,329,20,13.6,23.5,4.2,329,20,0,29.88,-0.2,,,,,,,,,
MANH,2019-11-08 17:30:00 EST,40.76754,-73.96449,311,36.0,,28.6,38.3,13.1,0.000,0.000,0.00,0.000,9.1,15.4,3.5,337,25,10.4,18.6,3.7,337,22,10.4,18.6,3.7,337,22,0,29.88,-0.0,,,,,,,,,
MANH,2019-11-08 17:35:00 EST,40.76754,-73.96449,311,36.6,,28.6,38.6,13.7,0.000,0.000,0.00,0.000,11.1,18.5,3.7,323,18,11.9,19.2,3.6,325,16,11.9,19.2,3.6,325,16,0,29.88,-0.1,,,,,,,,,
MANH,2019-11-08 17:40:00 EST,40.76754,-73.96449,311,36.2,,29.0,38.6,13.3,0.000,0.000,0.00,0.000,8.6,21.3,4.7,325,29,9.7,22.6,4.8,326,25,9.7,22.6,4.8,326,25,0,29.88,-0.1,,,,,,,,,
MANH,2019-11-08 17:45:00 EST,40.76754,-73.96449,311,36.0,,27.3,39.3,13.6,0.000,0.000,0.00,0.000,12.3,21.1,3.8,345,18,13.4,23.1,4.1,345,11,13.4,23.1,4.1,345,11,0,29.88,0.2,,,,,,,,,
MANH,2019-11-08 17:50:00 EST,40.76754,-73.96449,311,36.9,,29.2,39.3,14.4,0.000,0.000,0.00,0.000,10.3,16.2,2.9,341,14,11.2,17.7,3.0,342,10,11.2,17.7,3.0,342,10,0,29.89,0.0,,,,,,,,,
MANH,2019-11-08 17:55:00 EST,40.76754,-73.96449,311,36.4,,28.6,39.5,14.0,0.000,0.000,0.00,0.000,10.6,15.4,2.0,343,23,11.4,17.6,2.3,341,17,11.4,17.6,2.3,341,17,0,29.89,0.1,,,,,,,,,
MANH,2019-11-08 18:00:00 EST,40.76754,-73.96449,311,36.5,,29.1,40.2,14.5,0.000,0.000,0.00,0.000,9.4,14.7,2.3,343,26,10.2,16.0,2.6,343,18,10.2,16.0,2.6,343,18,0,29.90,0.1,,,,,,,,,
MANH,2019-11-08 18:05:00 EST,40.76754,-73.96449,311,37.2,,30.4,39.7,14.9,0.000,0.000,0.00,0.000,8.5,16.7,3.0,341,25,9.6,19.0,3.3,343,18,9.6,19.0,3.3,343,18,0,29.90,0.2,,,,,,,,,
MANH,2019-11-08 18:10:00 EST,40.76754,-73.96449,311,36.3,,27.5,39.9,14.2,0.000,0.000,0.00,0.000,12.7,24.8,5.5,339,20,13.9,25.9,5.4,339,16,13.9,25.9,5.4,339,16,0,29.90,-0.1,,,,,,,,,
MANH,2019-11-08 18:15:00 EST,40.76754,-73.96449,311,36.0,,28.7,40.0,14.0,0.000,0.000,0.00,0.000,8.9,18.5,4.8,337,23,10.0,20.0,4.8,335,25,10.0,20.0,4.8,335,25,0,29.90,-0.2,,,,,,,,,
MANH,2019-11-08 18:20:00 EST,40.76754,-73.96449,311,35.0,,25.8,40.3,13.2,0.000,0.000,0.00,0.000,12.6,18.8,2.7,344,15,13.8,20.8,2.8,343,11,13.8,20.8,2.8,343,11,0,29.91,0.7,,,,,,,,,
MANH,2019-11-08 18:25:00 EST,40.76754,-73.96449,311,35.3,,26.3,41.6,14.3,0.000,0.000,0.00,0.000,12.7,20.2,3.4,340,14,13.7,24.6,3.7,341,11,13.7,24.6,3.7,341,11,0,29.91,0.2,,,,,,,,,
MANH,2019-11-08 18:30:00 EST,40.76754,-73.96449,311,35.3,,26.6,42.1,14.6,0.000,0.000,0.00,0.000,11.2,19.6,3.4,350,20,12.9,22.4,3.5,349,16,12.9,22.4,3.5,349,16,0,29.91,-0.0,,,,,,,,,
MANH,2019-11-08 18:35:00 EST,40.76754,-73.96449,311,34.9,,25.3,42.0,14.2,0.000,0.000,0.00,0.000,14.1,19.3,3.0,341,20,15.1,20.4,3.3,341,14,15.1,20.4,3.3,341,14,0,29.91,-0.1,,,,,,,,,
MANH,2019-11-08 18:40:00 EST,40.76754,-73.96449,311,35.5,,27.2,42.9,15.1,0.000,0.000,0.00,0.000,10.7,17.0,2.9,346,19,11.8,21.2,3.1,347,17,11.8,21.2,3.1,347,17,0,29.91,0.1,,,,,,,,,
MANH,2019-11-08 18:45:00 EST,40.76754,-73.96449,311,35.4,,27.1,42.7,14.9,0.000,0.000,0.00,0.000,10.5,19.3,3.9,347,24,11.6,21.4,4.0,346,19,11.6,21.4,4.0,346,19,0,29.91,0.5,,,,,,,,,
MANH,2019-11-08 18:50:00 EST,40.76754,-73.96449,311,35.3,,25.8,41.5,14.2,0.000,0.000,0.00,0.000,14.0,22.3,4.9,346,19,15.0,23.8,5.3,345,15,15.0,23.8,5.3,345,15,0,29.91,-0.2,,,,,,,,,
MANH,2019-11-08 18:55:00 EST,40.76754,-73.96449,311,34.5,,25.6,42.4,14.0,0.000,0.000,0.00,0.000,11.5,18.6,4.1,349,21,12.9,23.3,4.1,350,16,12.9,23.3,4.1,350,16,0,29.92,-0.1,,,,,,,,,
MANH,2019-11-08 19:00:00 EST,40.76754,-73.96449,311,34.9,,25.8,42.2,14.2,0.000,0.000,0.00,0.000,12.3,17.9,3.0,343,18,13.5,20.1,3.1,344,15,13.5,20.1,3.1,344,15,0,29.92,0.2,,,,,,,,,
MANH,2019-11-08 19:05:00 EST,40.76754,-73.96449,311,34.5,,24.5,41.8,13.6,0.000,0.000,0.00,0.000,14.5,26.5,4.4,332,18,15.7,28.5,4.4,332,17,15.7,28.5,4.4,332,17,0,29.92,-0.1,,,,,,,,,
MANH,2019-11-08 19:10:00 EST,40.76754,-73.96449,311,34.2,,24.6,42.0,13.5,0.000,0.000,0.00,0.000,13.9,22.7,5.2,331,18,14.7,25.3,5.6,331,17,14.7,25.3,5.6,331,17,0,29.92,-0.0,,,,,,,,,
MANH,2019-11-08 19:15:00 EST,40.76754,-73.96449,311,33.9,,23.7,42.8,13.6,0.000,0.000,0.00,0.000,15.2,22.9,4.2,337,16,16.1,24.5,4.5,338,12,16.1,24.5,4.5,338,12,0,29.92,-0.0,,,,,,,,,
MANH,2019-11-08 19:20:00 EST,40.76754,-73.96449,311,34.0,,24.1,42.9,13.8,0.000,0.000,0.00,0.000,13.3,20.7,4.1,340,17,15.0,22.9,4.2,340,15,15.0,22.9,4.2,340,15,0,29.92,-0.2,,,,,,,,,
MANH,2019-11-08 19:25:00 EST,40.76754,-73.96449,311,34.9,,26.8,42.6,14.5,0.000,0.000,0.00,0.000,10.2,18.2,2.9,336,27,11.3,19.8,3.3,340,17,11.3,19.8,3.3,340,17,0,29.92,0.1,,,,,,,,,
MANH,2019-11-08 19:30:00 EST,40.76754,-73.96449,311,34.5,,25.7,43.0,14.3,0.000,0.000,0.00,0.000,11.7,19.4,3.7,339,16,12.6,21.3,4.1,339,16,12.6,21.3,4.1,339,16,0,29.93,0.0,,,,,,,,,
MANH,2019-11-08 19:35:00 EST,40.76754,-73.96449,311,34.8,,26.6,43.3,14.8,0.000,0.000,0.00,0.000,10.1,19.1,3.9,343,27,11.4,20.5,4.2,343,24,11.4,20.5,4.2,343,24,0,29.93,0.1,,,,,,,,,
MANH,2019-11-08 19:40:00 EST,40.76754,-73.96449,311,34.4,,25.3,42.8,14.1,0.000,0.000,0.00,0.000,12.4,19.6,3.0,343,20,13.4,21.4,3.4,343,20,13.4,21.4,3.4,343,20,0,29.93,0.1,,,,,,,,,
MANH,2019-11-08 19:45:00 EST,40.76754,-73.96449,311,34.0,,24.7,43.2,13.9,0.000,0.000,0.00,0.000,12.1,19.7,3.7,345,21,13.3,22.3,3.9,348,18,13.3,22.3,3.9,348,18,0,29.94,-0.0,,,,,,,,,
MANH,2019-11-08 19:50:00 EST,40.76754,-73.96449,311,33.5,,23.1,43.1,13.4,0.000,0.000,0.00,0.000,14.8,22.9,3.5,340,16,15.9,24.6,3.7,339,16,15.9,24.6,3.7,339,16,0,29.93,-0.0,,,,,,,,,
MANH,2019-11-08 19:55:00 EST,40.76754,-73.96449,311,33.5,,24.6,43.9,13.9,0.000,0.000,0.00,0.000,11.1,18.0,4.4,344,23,12.2,19.8,4.6,344,15,12.2,19.8,4.6,344,15,0,29.94,0.1,,,,,,,,,
MANH,2019-11-08 20:00:00 EST,40.76754,-73.96449,311,35.5,,29.2,43.5,15.4,0.000,0.000,0.00,0.000,7.1,15.6,3.2,330,20,7.8,15.4,3.0,332,17,7.8,15.4,3.0,332,17,0,29.94,0.3,,,,,,,,,
MANH,2019-11-08 20:05:00 EST,40.76754,-73.96449,311,33.9,,26.0,43.4,13.9,0.000,0.000,0.00,0.000,9.0,18.5,4.0,329,30,10.0,21.3,4.2,328,30,10.0,21.3,4.2,328,30,0,29.94,0.0,,,,,,,,,
MANH,2019-11-08 20:10:00 EST,40.76754,-73.96449,311,33.8,,24.7,43.3,13.8,0.000,0.000,0.00,0.000,12.3,21.0,3.9,316,21,13.0,22.6,4.1,316,19,13.0,22.6,4.1,316,19,0,29.94,-0.1,,,,,,,,,
MANH,2019-11-08 20:15:00 EST,40.76754,-73.96449,311,34.4,,25.3,43.2,14.3,0.000,0.000,0.00,0.000,12.6,21.5,3.8,323,19,13.4,23.2,4.1,325,19,13.4,23.2,4.1,325,19,0,29.94,0.1,,,,,,,,,
MANH,2019-11-08 20:20:00 EST,40.76754,-73.96449,311,33.8,,24.6,43.4,13.9,0.000,0.000,0.00,0.000,12.0,23.9,4.7,325,21,13.1,24.1,4.7,324,17,13.1,24.1,4.7,324,17,0,29.95,0.3,,,,,,,,,
MANH,2019-11-08 20:25:00 EST,40.76754,-73.96449,311,34.3,,26.7,44.3,14.8,0.000,0.000,0.00,0.000,8.7,17.3,3.8,337,21,9.9,19.3,4.1,338,17,9.9,19.3,4.1,338,17,0,29.95,0.0,,,,,,,,,
MANH,2019-11-08 20:30:00 EST,40.76754,-73.96449,311,34.2,,25.3,43.9,14.5,0.000,0.000,0.00,0.000,11.7,22.6,5.4,327,19,12.5,24.4,5.4,327,19,12.5,24.4,5.4,327,19,0,29.95,0.1,,,,,,,,,
MANH,2019-11-08 20:35:00 EST,40.76754,-73.96449,311,34.1,,25.9,44.3,14.6,0.000,0.000,0.00,0.000,10.0,20.6,4.0,333,23,10.9,21.6,4.0,335,18,10.9,21.6,4.0,335,18,0,29.95,0.0,,,,,,,,,
MANH,2019-11-08 20:40:00 EST,40.76754,-73.96449,311,34.2,,26.1,44.9,15.0,0.000,0.000,0.00,0.000,9.8,16.4,3.0,347,17,10.8,20.1,3.4,345,13,10.8,20.1,3.4,345,13,0,29.96,-0.0,,,,,,,,,
MANH,2019-11-08 20:45:00 EST,40.76754,-73.96449,311,33.9,,25.4,45.0,14.8,0.000,0.000,0.00,0.000,10.3,17.9,3.2,329,16,11.4,19.0,3.2,331,14,11.4,19.0,3.2,331,14,0,29.95,-0.1,,,,,,,,,
MANH,2019-11-08 20:50:00 EST,40.76754,-73.96449,311,33.6,,25.2,44.8,14.4,0.000,0.000,0.00,0.000,9.6,17.8,3.6,325,24,11.1,20.2,3.7,326,23,11.1,20.2,3.7,326,23,0,29.95,0.5,,,,,,,,,
MANH,2019-11-08 20:55:00 EST,40.76754,-73.96449,311,34.0,,26.0,45.6,15.2,0.000,0.000,0.00,0.000,9.6,17.8,3.4,330,23,10.4,20.0,3.7,331,20,10.4,20.0,3.7,331,20,0,29.95,-0.2,,,,,,,,,
MANH,2019-11-08 21:00:00 EST,40.76754,-73.96449,311,33.6,,26.7,44.8,14.4,0.000,0.000,0.00,0.000,7.2,17.2,3.7,328,29,8.2,18.1,3.5,331,28,8.2,18.1,3.5,331,28,0,29.96,0.1,,,,,,,,,
MANH,2019-11-08 21:05:00 EST,40.76754,-73.96449,311,33.7,,26.4,45.2,14.7,0.000,0.000,0.00,0.000,8.2,14.1,3.1,347,30,9.0,17.2,3.5,346,25,9.0,17.2,3.5,346,25,0,29.96,0.3,,,,,,,,,
MANH,2019-11-08 21:10:00 EST,40.76754,-73.96449,311,34.5,,27.5,44.6,15.2,0.000,0.000,0.00,0.000,7.6,12.1,2.1,339,25,8.7,13.0,2.2,339,17,8.7,13.0,2.2,339,17,0,29.96,0.4,,,,,,,,,
MANH,2019-11-08 21:15:00 EST,40.76754,-73.96449,311,33.4,,24.5,45.9,14.8,0.000,0.000,0.00,0.000,11.3,21.1,3.3,335,20,12.1,22.2,3.4,337,16,12.1,22.2,3.4,337,16,0,29.96,0.2,,,,,,,,,
MANH,2019-11-08 21:20:00 EST,40.76754,-73.96449,311,32.6,,22.6,46.4,14.3,0.000,0.000,0.00,0.000,12.9,20.8,3.3,335,17,14.3,22.1,3.5,337,14,14.3,22.1,3.5,337,14,0,29.96,0.0,,,,,,,,,
MANH,2019-11-08 21:25:00 EST,40.76754,-73.96449,311,32.2,,21.4,46.1,13.7,0.000,0.000,0.00,0.000,15.2,23.3,3.7,336,15,16.2,24.7,3.9,335,14,16.2,24.7,3.9,335,14,0,29.96,-0.2,,,,,,,,,
MANH,2019-11-08 21:30:00 EST,40.76754,-73.96449,311,32.2,,21.9,46.5,13.9,0.000,0.000,0.00,0.000,13.5,22.4,4.3,332,18,14.6,23.4,4.6,333,16,14.6,23.4,4.6,333,16,0,29.97,0.4,,,,,,,,,
MANH,2019-11-08 21:35:00 EST,40.76754,-73.96449,311,33.2,,25.4,46.5,14.9,0.000,0.000,0.00,0.000,8.8,18.0,3.7,340,27,9.7,18.2,3.9,340,22,9.7,18.2,3.9,340,22,0,29.97,0.2,,,,,,,,,
MANH,2019-11-08 21:40:00 EST,40.76754,-73.96449,311,33.9,,25.7,46.3,15.4,0.000,0.000,0.00,0.000,10.2,18.4,3.7,333,21,10.7,18.0,3.8,333,20,10.7,18.0,3.8,333,20,0,29.97,-0.1,,,,,,,,,
MANH,2019-11-08 21:45:00 EST,40.76754,-73.96449,311,32.8,,24.2,46.7,14.7,0.000,0.000,0.00,0.000,10.3,18.5,2.8,340,20,11.3,20.8,3.1,339,15,11.3,20.8,3.1,339,15,0,29.97,-0.1,,,,,,,,,
MANH,2019-11-08 21:50:00 EST,40.76754,-73.96449,311,32.0,,21.9,47.6,14.3,0.000,0.000,0.00,0.000,13.2,19.1,4.0,331,21,14.1,21.0,4.1,331,17,14.1,21.0,4.1,331,17,0,29.97,0.0,,,,,,,,,
MANH,2019-11-08 21:55:00 EST,40.76754,-73.96449,311,32.4,,23.6,48.0,14.9,0.000,0.000,0.00,0.000,10.2,17.6,3.7,346,21,11.2,19.7,3.7,345,18,11.2,19.7,3.7,345,18,0,29.98,0.3,,,,,,,,,
MANH,2019-11-08 22:00:00 EST,40.76754,-73.96449,311,31.5,,20.9,47.8,14.0,0.000,0.000,0.00,0.000,13.9,20.3,3.1,339,16,15.1,21.5,3.1,338,15,15.1,21.5,3.1,338,15,0,29.98,-0.1,,,,,,,,,
MANH,2019-11-08 22:05:00 EST,40.76754,-73.96449,311,32.4,,23.0,48.7,15.2,0.000,0.000,0.00,0.000,11.6,18.9,3.3,349,23,12.7,20.9,3.7,348,18,12.7,20.9,3.7,348,18,0,29.98,-0.1,,,,,,,,,
MANH,2019-11-08 22:10:00 EST,40.76754,-73.96449,311,32.1,,23.1,48.1,14.7,0.000,0.000,0.00,0.000,10.8,17.7,4.1,335,19,11.6,19.5,4.4,335,19,11.6,19.5,4.4,335,19,0,29.98,0.0,,,,,,,,,
MANH,2019-11-08 22:15:00 EST,40.76754,-73.96449,311,32.6,,24.7,48.2,15.1,0.000,0.000,0.00,0.000,8.7,13.6,2.3,337,23,9.4,14.9,2.7,337,21,9.4,14.9,2.7,337,21,0,29.98,-0.1,,,,,,,,,
MANH,2019-11-08 22:20:00 EST,40.76754,-73.96449,311,32.0,,21.7,48.1,14.5,0.000,0.000,0.00,0.000,13.4,23.5,4.1,330,20,14.5,24.3,4.0,329,19,14.5,24.3,4.0,329,19,0,29.98,-0.0,,,,,,,,,
MANH,2019-11-08 22:25:00 EST,40.76754,-73.96449,311,31.8,,22.6,48.7,14.7,0.000,0.000,0.00,0.000,10.8,18.4,4.5,342,23,12.0,19.6,4.6,344,20,12.0,19.6,4.6,344,20,0,29.98,-0.1,,,,,,,,,
MANH,2019-11-08 22:30:00 EST,40.76754,-73.96449,311,31.8,,21.7,49.1,14.8,0.000,0.000,0.00,0.000,12.9,18.0,2.4,336,16,13.8,19.5,2.7,337,12,13.8,19.5,2.7,337,12,0,29.98,-0.2,,,,,,,,,
MANH,2019-11-08 22:35:00 EST,40.76754,-73.96449,311,32.0,,22.1,49.4,15.2,0.000,0.000,0.00,0.000,12.0,22.7,3.9,349,22,13.4,24.0,4.1,348,15,13.4,24.0,4.1,348,15,0,29.98,0.0,,,,,,,,,
MANH,2019-11-08 22:40:00 EST,40.76754,-73.96449,311,32.9,,24.6,49.8,16.2,0.000,0.000,0.00,0.000,9.6,14.1,2.5,342,20,10.5,14.9,2.6,342,17,10.5,14.9,2.6,342,17,0,29.99,0.1,,,,,,,,,
MANH,2019-11-08 22:45:00 EST,40.76754,-73.96449,311,32.8,,23.9,49.8,16.1,0.000,0.000,0.00,0.000,10.9,19.1,2.6,343,20,11.8,19.3,2.7,343,13,11.8,19.3,2.7,343,13,0,29.99,-0.1,,,,,,,,,
MANH,2019-11-08 22:50:00 EST,40.76754,-73.96449,311,31.8,,22.4,51.0,15.7,0.000,0.000,0.00,0.000,11.5,19.3,3.5,337,16,12.2,19.7,3.7,337,15,12.2,19.7,3.7,337,15,0,29.99,0.2,,,,,,,,,
MANH,2019-11-08 22:55:00 EST,40.76754,-73.96449,311,32.0,,23.1,51.2,16.0,0.000,0.000,0.00,0.000,10.3,17.1,3.1,335,16,11.2,18.1,3.6,336,15,11.2,18.1,3.6,336,15,0,29.99,0.0,,,,,,,,,
MANH,2019-11-08 23:00:00 EST,40.76754,-73.96449,311,31.7,,22.1,51.3,15.7,0.000,0.000,0.00,0.000,11.8,17.3,2.6,324,20,12.5,18.4,2.7,324,15,12.5,18.4,2.7,324,15,0,29.99,-0.1,,,,,,,,,
MANH,2019-11-08 23:05:00 EST,40.76754,-73.96449,311,31.7,,22.8,51.6,15.9,0.000,0.000,0.00,0.000,10.1,15.5,2.6,336,14,11.1,16.3,2.6,336,14,11.1,16.3,2.6,336,14,0,29.99,0.2,,,,,,,,,
MANH,2019-11-08 23:10:00 EST,40.76754,-73.96449,311,32.7,,24.5,52.5,17.2,0.000,0.000,0.00,0.000,9.0,16.1,2.8,344,18,10.2,18.5,3.0,345,11,10.2,18.5,3.0,345,11,0,29.99,0.3,,,,,,,,,
MANH,2019-11-08 23:15:00 EST,40.76754,-73.96449,311,32.5,,23.8,52.0,16.8,0.000,0.000,0.00,0.000,10.6,17.6,3.2,324,20,11.3,19.2,3.2,325,17,11.3,19.2,3.2,325,17,0,29.99,-0.3,,,,,,,,,
MANH,2019-11-08 23:20:00 EST,40.76754,-73.96449,311,31.9,,23.6,51.7,16.2,0.000,0.000,0.00,0.000,9.1,19.2,3.8,334,21,10.1,19.8,4.1,335,21,10.1,19.8,4.1,335,21,0,29.99,0.3,,,,,,,,,
MANH,2019-11-08 23:25:00 EST,40.76754,-73.96449,311,31.1,,20.9,52.5,15.7,0.000,0.000,0.00,0.000,13.0,19.4,3.6,327,14,13.8,19.8,3.4,327,15,13.8,19.8,3.4,327,15,0,29.99,0.0,,,,,,,,,
MANH,2019-11-08 23:30:00 EST,40.76754,-73.96449,311,31.4,,22.2,52.1,15.8,0.000,0.000,0.00,0.000,10.9,18.6,3.7,327,16,11.6,18.9,4.0,327,16,11.6,18.9,4.0,327,16,0,29.99,-0.1,,,,,,,,,
MANH,2019-11-08 23:35:00 EST,40.76754,-73.96449,311,30.4,,19.4,53.4,15.5,0.000,0.000,0.00,0.000,14.5,19.1,2.8,330,14,15.4,23.0,2.9,331,13,15.4,23.0,2.9,331,13,0,29.99,0.2,,,,,,,,,
MANH,2019-11-08 23:40:00 EST,40.76754,-73.96449,311,30.8,,20.9,53.0,15.7,0.000,0.000,0.00,0.000,12.1,18.1,3.6,331,19,13.0,19.8,3.5,332,13,13.0,19.8,3.5,332,13,0,29.99,0.2,,,,,,,,,
MANH,2019-11-08 23:45:00 EST,40.76754,-73.96449,311,31.9,,23.4,53.7,17.0,0.000,0.000,0.00,0.000,9.5,16.1,2.9,333,21,10.4,18.4,3.2,334,18,10.4,18.4,3.2,334,18,0,29.99,0.1,,,,,,,,,
MANH,2019-11-08 23:50:00 EST,40.76754,-73.96449,311,32.2,,23.9,53.3,17.1,0.000,0.000,0.00,0.000,9.3,15.6,3.0,351,24,10.2,16.4,3.1,349,18,10.2,16.4,3.1,349,18,0,29.99,0.6,,,,,,,,,
MANH,2019-11-08 23:55:00 EST,40.76754,-73.96449,311,32.6,,23.7,52.3,17.1,0.000,0.000,0.00,0.000,10.5,17.6,3.8,347,13,11.6,18.9,4.0,346,11,11.6,18.9,4.0,346,11,0,30.00,0.2,,,,,,,,,
MEDI,2019-11-08 00:00:00 EST,43.22668,-78.30927,533,28.5,28.3,28.5,98.2,28.1,0.000,0.154,0.00,0.000,1.9,3.4,0.6,271,12,2.2,4.3,0.6,271,13,2.2,4.3,0.6,271,13,0,29.58,-0.3,0,0,0,40.3,46.0,49.3,0.35,0.33,0.41
MEDI,2019-11-08 00:05:00 EST,43.22668,-78.30927,533,28.5,28.3,28.5,98.1,28.0,0.000,0.000,0.00,0.000,0.6,2.0,0.5,285,22,0.8,2.4,0.6,279,29,0.8,2.4,0.6,279,29,0,29.58,-0.3,0,0,0,40.3,46.0,49.3,0.35,0.33,0.41
MEDI,2019-11-08 00:10:00 EST,43.22668,-78.30927,533,28.3,28.3,28.3,98.0,27.8,0.000,0.000,0.00,0.000,1.3,2.5,0.8,249,8,1.5,2.8,0.7,244,12,1.5,2.8,0.7,244,12,0,29.58,-0.3,0,0,0,40.3,46.0,49.3,0.35,0.33,0.41
MEDI,2019-11-08 00:15:00 EST,43.22668,-78.30927,533,28.0,28.1,28.0,97.9,27.5,0.000,0.000,0.00,0.000,2.6,3.2,0.3,266,6,2.8,3.6,0.3,267,6,2.8,3.6,0.3,267,6,0,29.58,-0.4,0,0,0,40.3,46.0,49.3,0.35,0.33,0.41
MEDI,2019-11-08 00:20:00 EST,43.22668,-78.30927,533,27.7,28.0,27.7,97.8,27.2,0.000,0.000,0.00,0.000,1.8,3.0,0.6,285,15,2.0,3.5,0.6,286,14,2.0,3.5,0.6,286,14,0,29.58,-0.3,0,0,0,40.3,46.0,49.3,0.35,0.33,0.41
MEDI,2019-11-08 00:25:00 EST,43.22668,-78.30927,533,27.9,28.0,27.9,97.9,27.4,0.000,0.000,0.00,0.000,2.0,3.5,0.9,289,15,2.2,4.2,0.9,290,14,2.2,4.2,0.9,290,14,0,29.58,-0.2,0,0,0,40.3,45.9,49.3,0.35,0.33,0.41
MEDI,2019-11-08 00:30:00 EST,43.22668,-78.30927,533,28.1,28.1,28.1,98.0,27.6,0.000,0.000,0.00,0.000,1.9,3.8,0.8,289,11,2.1,4.7,0.9,289,13,2.1,4.7,0.9,289,13,0,29.58,-0.3,0,0,0,40.3,45.9,49.3,0.35,0.33,0.41
MEDI,2019-11-08 00:35:00 EST,43.22668,-78.30927,533,28.0,28.1,28.0,97.9,27.5,0.000,0.000,0.00,0.000,2.6,5.6,0.7,293,18,2.8,6.6,0.9,295,17,2.8,6.6,0.9,295,17,0,29.58,-0.3,0,0,0,40.3,45.9,49.3,0.35,0.33,0.41
MEDI,2019-11-08 00:40:00 EST,43.22668,-78.30927,533,28.0,28.1,24.3,97.9,27.5,0.000,0.000,0.00,0.000,3.0,5.7,0.9,279,12,3.4,6.0,1.0,281,13,3.4,6.0,1.0,281,13,0,29.58,-0.3,0,0,0,40.3,45.9,49.3,0.35,0.33,0.41
MEDI,2019-11-08 00:45:00 EST,43.22668,-78.30927,533,27.9,28.1,24.2,97.7,27.3,0.000,0.000,0.00,0.000,3.0,4.3,0.5,282,15,3.3,5.3,0.6,283,14,3.3,5.3,0.6,283,14,0,29.59,-0.2,0,0,0,40.3,45.9,49.3,0.35,0.33,0.41
MEDI,2019-11-08 00:50:00 EST,43.22668,-78.30927,533,27.9,28.0,23.4,97.6,27.3,0.000,0.000,0.00,0.000,3.5,6.3,0.7,273,14,3.9,7.2,0.9,274,13,3.9,7.2,0.9,274,13,0,29.59,-0.2,0,0,0,40.3,45.9,49.3,0.35,0.33,0.41
MEDI,2019-11-08 00:55:00 EST,43.22668,-78.30927,533,28.0,28.0,24.0,97.6,27.4,0.000,0.000,0.00,0.000,3.2,5.7,0.9,267,14,3.6,6.6,1.1,268,13,3.6,6.6,1.1,268,13,0,29.59,-0.2,0,0,0,40.3,45.9,49.3,0.35,0.33,0.41
MEDI,2019-11-08 01:00:00 EST,43.22668,-78.30927,533,28.0,28.0,23.5,97.5,27.4,0.000,0.000,0.00,0.000,3.5,5.6,1.0,270,12,4.0,6.7,1.1,271,10,4.0,6.7,1.1,271,10,0,29.59,-0.2,0,0,0,40.3,45.9,49.3,0.35,0.33,0.41
MEDI,2019-11-08 01:05:00 EST,43.22668,-78.30927,533,28.0,28.0,24.0,97.4,27.4,0.000,0.000,0.00,0.000,3.3,5.7,0.9,277,14,3.6,6.3,1.0,278,14,3.6,6.3,1.0,278,14,0,29.59,-0.2,0,0,0,40.3,45.9,49.3,0.35,0.33,0.41
MEDI,2019-11-08 01:10:00 EST,43.22668,-78.30927,533,28.2,28.1,23.5,97.3,27.5,0.000,0.000,0.00,0.000,3.8,6.0,0.9,275,13,4.2,6.3,1.1,277,13,4.2,6.3,1.1,277,13,0,29.59,-0.2,0,0,0,40.3,45.9,49.3,0.35,0.33,0.41
MEDI,2019-11-08 01:15:00 EST,43.22668,-78.30927,533,28.2,28.2,24.1,97.1,27.4,0.000,0.000,0.00,0.000,3.3,5.5,0.8,289,13,3.7,5.5,0.9,289,13,3.7,5.5,0.9,289,13,0,29.59,-0.3,0,0,0,40.3,45.9,49.3,0.35,0.33,0.41
MEDI,2019-11-08 01:20:00 EST,43.22668,-78.30927,533,28.3,28.2,24.5,96.8,27.5,0.000,0.000,0.00,0.000,3.2,5.3,0.8,299,15,3.4,5.9,0.9,298,14,3.4,5.9,0.9,298,14,0,29.59,-0.2,0,0,0,40.3,45.9,49.3,0.35,0.33,0.41
MEDI,2019-11-08 01:25:00 EST,43.22668,-78.30927,533,28.3,28.2,24.7,96.5,27.4,0.000,0.000,0.00,0.000,3.2,5.4,0.9,307,15,3.3,6.3,1.1,308,13,3.3,6.3,1.1,308,13,0,29.59,-0.3,0,0,0,40.3,45.9,49.3,0.35,0.33,0.41
MEDI,2019-11-08 01:30:00 EST,43.22668,-78.30927,533,28.3,28.3,24.0,96.0,27.3,0.000,0.000,0.00,0.000,3.5,5.8,1.0,327,14,3.8,6.4,1.2,326,13,3.8,6.4,1.2,326,13,0,29.59,-0.2,0,0,0,40.2,45.9,49.3,0.35,0.33,0.41
MEDI,2019-11-08 01:35:00 EST,43.22668,-78.30927,533,28.3,28.3,24.3,95.3,27.1,0.000,0.000,0.00,0.000,3.3,5.1,0.7,331,12,3.6,6.2,1.0,331,11,3.6,6.2,1.0,331,11,0,29.59,-0.2,0,0,0,40.1,45.9,49.3,0.35,0.33,0.41
MEDI,2019-11-08 01:40:00 EST,43.22668,-78.30927,533,28.3,28.2,24.6,94.6,26.9,0.000,0.000,0.00,0.000,3.0,4.7,0.8,328,14,3.4,5.5,0.9,327,14,3.4,5.5,0.9,327,14,0,29.59,-0.3,0,0,0,40.1,45.9,49.3,0.35,0.33,0.41
MEDI,2019-11-08 01:45:00 EST,43.22668,-78.30927,533,28.1,28.1,24.0,93.8,26.5,0.000,0.000,0.00,0.000,3.3,5.3,0.8,323,11,3.6,6.1,1.0,322,9,3.6,6.1,1.0,322,9,0,29.60,-0.3,0,0,0,40.1,45.9,49.3,0.35,0.33,0.41
MEDI,2019-11-08 01:50:00 EST,43.22668,-78.30927,533,27.9,28.0,24.2,93.7,26.4,0.000,0.000,0.00,0.000,3.1,4.6,0.7,327,13,3.4,6.5,1.0,327,11,3.4,6.5,1.0,327,11,0,29.60,-0.2,0,0,0,40.1,45.9,49.3,0.35,0.33,0.41
MEDI,2019-11-08 01:55:00 EST,43.22668,-78.30927,533,28.2,28.3,22.4,92.8,26.4,0.000,0.000,0.00,0.000,4.8,7.5,1.0,337,13,5.3,9.3,1.2,337,12,5.3,9.3,1.2,337,12,0,29.60,-0.2,0,0,0,40.1,45.9,49.3,0.35,0.33,0.41
MEDI,2019-11-08 02:00:00 EST,43.22668,-78.30927,533,28.4,28.4,22.3,90.6,26.0,0.000,0.000,0.00,0.000,4.9,9.0,1.6,332,11,5.6,12.1,1.9,333,11,5.6,12.1,1.9,333,11,0,29.60,-0.2,0,0,0,40.1,45.9,49.3,0.35,0.33,0.41
MEDI,2019-11-08 02:05:00 EST,43.22668,-78.30927,533,28.3,28.2,23.1,89.8,25.7,0.000,0.000,0.00,0.000,4.3,6.3,1.1,326,12,4.6,7.6,1.3,326,12,4.6,7.6,1.3,326,12,0,29.60,-0.2,0,0,0,40.1,45.9,49.3,0.35,0.33,0.41
MEDI,2019-11-08 02:10:00 EST,43.22668,-78.30927,533,28.1,28.1,24.0,89.9,25.5,0.000,0.000,0.00,0.000,3.5,6.2,1.0,330,14,3.7,7.0,1.3,329,15,3.7,7.0,1.3,329,15,0,29.60,-0.2,0,0,0,40.1,45.9,49.3,0.35,0.33,0.41
MEDI,2019-11-08 02:15:00 EST,43.22668,-78.30927,533,28.2,28.2,23.0,88.2,25.2,0.000,0.000,0.00,0.000,4.3,5.9,0.7,336,10,4.7,7.2,1.0,336,10,4.7,7.2,1.0,336,10,0,29.60,-0.2,0,0,0,40.1,45.9,49.3,0.35,0.33,0.41
MEDI,2019-11-08 02:20:00 EST,43.22668,-78.30927,533,28.2,28.2,23.4,87.5,24.9,0.000,0.000,0.00,0.000,4.0,6.6,1.0,327,12,4.3,6.8,1.1,325,10,4.3,6.8,1.1,325,10,0,29.60,-0.2,0,0,0,40.1,45.9,49.3,0.35,0.33,0.41
MEDI,2019-11-08 02:25:00 EST,43.22668,-78.30927,533,27.9,28.0,24.3,87.4,24.6,0.000,0.000,0.00,0.000,3.0,5.2,0.8,315,13,3.2,5.4,0.9,316,11,3.2,5.4,0.9,316,11,0,29.60,-0.2,0,0,0,40.1,45.9,49.3,0.35,0.33,0.41
MEDI,2019-11-08 02:30:00 EST,43.22668,-78.30927,533,27.8,27.8,23.0,87.0,24.5,0.000,0.000,0.00,0.000,4.1,5.8,0.8,320,11,4.2,6.1,1.0,320,9,4.2,6.1,1.0,320,9,0,29.60,-0.2,0,0,0,40.1,45.9,49.3,0.35,0.33,0.41
MEDI,2019-11-08 02:35:00 EST,43.22668,-78.30927,533,27.5,27.6,23.8,87.8,24.4,0.000,0.000,0.00,0.000,3.1,5.0,0.8,318,14,3.3,5.8,0.9,318,12,3.3,5.8,0.9,318,12,0,29.60,-0.1,0,0,0,40.1,45.9,49.3,0.35,0.33,0.41
MEDI,2019-11-08 02:40:00 EST,43.22668,-78.30927,533,27.5,27.5,23.5,87.5,24.3,0.000,0.000,0.00,0.000,3.4,5.5,0.7,316,12,3.5,5.5,0.9,315,10,3.5,5.5,0.9,315,10,0,29.60,-0.2,0,0,0,40.1,45.9,49.3,0.35,0.33,0.41
MEDI,2019-11-08 02:45:00 EST,43.22668,-78.30927,533,27.2,27.3,23.7,88.0,24.1,0.000,0.000,0.00,0.000,2.9,4.1,0.6,312,15,3.1,4.9,0.8,313,14,3.1,4.9,0.8,313,14,0,29.60,-0.2,0,0,0,40.1,45.8,49.3,0.35,0.33,0.41
MEDI,2019-11-08 02:50:00 EST,43.22668,-78.30927,533,27.1,27.2,23.8,89.1,24.4,0.000,0.000,0.00,0.000,2.9,4.2,0.5,305,12,3.0,4.3,0.7,306,11,3.0,4.3,0.7,306,11,0,29.60,-0.2,0,0,0,40.1,45.9,49.3,0.35,0.33,0.41
MEDI,2019-11-08 02:55:00 EST,43.22668,-78.30927,533,27.2,27.2,22.5,89.2,24.5,0.000,0.000,0.00,0.000,3.8,5.5,0.8,307,12,4.0,6.3,0.9,308,10,4.0,6.3,0.9,308,10,0,29.61,-0.2,0,0,0,40.1,45.8,49.3,0.35,0.33,0.41
MEDI,2019-11-08 03:00:00 EST,43.22668,-78.30927,533,27.4,27.3,23.0,88.6,24.5,0.000,0.000,0.00,0.000,3.7,6.0,1.0,312,17,3.8,7.0,1.1,313,17,3.8,7.0,1.1,313,17,0,29.61,-0.2,0,0,0,40.1,45.8,49.2,0.35,0.33,0.41
MEDI,2019-11-08 03:05:00 EST,43.22668,-78.30927,533,27.5,27.4,21.8,87.5,24.3,0.000,0.000,0.00,0.000,4.9,8.0,1.3,321,16,5.1,9.5,1.6,323,15,5.1,9.5,1.6,323,15,0,29.61,-0.2,0,0,0,40.1,45.7,49.2,0.35,0.33,0.41
MEDI,2019-11-08 03:10:00 EST,43.22668,-78.30927,533,27.7,27.6,22.3,86.0,24.0,0.000,0.000,0.00,0.000,4.5,6.9,1.1,320,16,4.7,7.4,1.2,318,12,4.7,7.4,1.2,318,12,0,29.61,-0.2,0,0,0,40.1,45.7,49.2,0.35,0.33,0.41
MEDI,2019-11-08 03:15:00 EST,43.22668,-78.30927,533,27.7,27.6,21.9,85.1,23.8,0.000,0.000,0.00,0.000,4.8,8.5,1.3,318,14,5.1,9.2,1.5,315,12,5.1,9.2,1.5,315,12,0,29.61,-0.2,0,0,0,40.1,45.7,49.2,0.35,0.33,0.41
MEDI,2019-11-08 03:20:00 EST,43.22668,-78.30927,533,27.7,27.6,20.9,83.3,23.3,0.000,0.000,0.00,0.000,6.0,10.7,1.7,322,15,6.3,12.5,1.8,323,13,6.3,12.5,1.8,323,13,0,29.61,-0.2,0,0,0,40.0,45.7,49.2,0.35,0.33,0.41
MEDI,2019-11-08 03:25:00 EST,43.22668,-78.30927,533,27.6,27.6,21.2,81.9,22.8,0.000,0.000,0.00,0.000,5.5,8.5,1.4,328,15,5.9,10.4,1.6,328,12,5.9,10.4,1.6,328,12,0,29.61,-0.2,0,0,0,39.9,45.7,49.2,0.35,0.33,0.41
MEDI,2019-11-08 03:30:00 EST,43.22668,-78.30927,533,27.5,27.5,21.4,80.8,22.4,0.000,0.000,0.00,0.000,4.9,7.4,1.1,323,15,5.5,8.6,1.3,324,14,5.5,8.6,1.3,324,14,0,29.61,-0.2,0,0,0,39.9,45.7,49.1,0.35,0.33,0.41
MEDI,2019-11-08 03:35:00 EST,43.22668,-78.30927,533,27.5,27.4,21.0,79.6,22.0,0.000,0.000,0.00,0.000,5.4,8.9,1.5,326,14,5.9,9.1,1.5,328,12,5.9,9.1,1.5,328,12,0,29.62,-0.2,0,0,0,39.9,45.7,49.2,0.35,0.33,0.41
MEDI,2019-11-08 03:40:00 EST,43.22668,-78.30927,533,27.3,27.2,21.5,79.4,21.8,0.000,0.000,0.00,0.000,4.8,7.5,1.4,325,14,5.2,7.8,1.5,325,13,5.2,7.8,1.5,325,13,0,29.62,-0.2,0,0,0,39.9,45.7,49.1,0.35,0.33,0.41
MEDI,2019-11-08 03:45:00 EST,43.22668,-78.30927,533,27.3,27.2,20.9,78.8,21.6,0.000,0.000,0.00,0.000,5.4,8.7,1.3,330,14,5.7,9.3,1.5,330,13,5.7,9.3,1.5,330,13,0,29.62,-0.2,0,0,0,39.9,45.7,49.1,0.35,0.33,0.41
MEDI,2019-11-08 03:50:00 EST,43.22668,-78.30927,533,27.4,27.3,20.8,76.5,21.0,0.000,0.000,0.00,0.000,5.3,8.1,1.3,334,15,5.9,10.3,1.5,335,13,5.9,10.3,1.5,335,13,0,29.62,-0.2,0,0,0,39.9,45.7,49.1,0.35,0.33,0.41
MEDI,2019-11-08 03:55:00 EST,43.22668,-78.30927,533,27.3,27.2,20.6,76.2,20.8,0.000,0.000,0.00,0.000,5.5,10.6,1.4,333,13,6.1,10.6,1.4,334,12,6.1,10.6,1.4,334,12,0,29.62,-0.2,0,0,0,39.9,45.7,49.2,0.35,0.33,0.41
MEDI,2019-11-08 04:00:00 EST,43.22668,-78.30927,533,27.2,27.1,21.0,74.6,20.2,0.000,0.000,0.00,0.000,5.1,9.0,1.6,327,12,5.5,10.4,1.9,327,12,5.5,10.4,1.9,327,12,0,29.62,-0.2,0,0,0,39.9,45.7,49.1,0.35,0.33,0.41
MEDI,2019-11-08 04:05:00 EST,43.22668,-78.30927,533,27.1,27.0,21.2,74.5,20.1,0.000,0.000,0.00,0.000,4.8,7.5,1.2,325,14,5.2,10.1,1.5,325,14,5.2,10.1,1.5,325,14,0,29.62,-0.2,0,0,0,39.9,45.7,49.1,0.35,0.33,0.41
MEDI,2019-11-08 04:10:00 EST,43.22668,-78.30927,533,27.0,26.9,19.9,74.4,20.0,0.000,0.000,0.00,0.000,6.0,9.8,1.5,327,12,6.5,10.1,1.6,325,12,6.5,10.1,1.6,325,12,0,29.62,-0.2,0,0,0,39.9,45.7,49.1,0.35,0.33,0.41
MEDI,2019-11-08 04:15:00 EST,43.22668,-78.30927,533,27.0,26.9,19.4,73.0,19.5,0.000,0.000,0.00,0.000,6.7,10.6,1.4,330,12,7.2,11.0,1.6,330,12,7.2,11.0,1.6,330,12,0,29.63,-0.2,0,0,0,39.9,45.7,49.1,0.35,0.33,0.41
MEDI,2019-11-08 04:20:00 EST,43.22668,-78.30927,533,26.9,26.8,20.1,72.7,19.3,0.000,0.000,0.00,0.000,5.6,9.9,1.3,326,18,6.1,10.5,1.3,327,14,6.1,10.5,1.3,327,14,0,29.63,-0.2,0,0,0,39.9,45.7,49.1,0.35,0.33,0.41
MEDI,2019-11-08 04:25:00 EST,43.22668,-78.30927,533,26.8,26.7,19.7,72.9,19.3,0.000,0.000,0.00,0.000,5.9,10.2,1.6,332,19,6.5,12.9,1.8,332,12,6.5,12.9,1.8,332,12,0,29.63,-0.2,0,0,0,39.9,45.7,49.1,0.35,0.33,0.41
MEDI,2019-11-08 04:30:00 EST,43.22668,-78.30927,533,26.8,26.7,19.2,72.6,19.1,0.000,0.000,0.00,0.000,6.4,11.5,1.8,327,15,6.9,11.8,1.9,328,14,6.9,11.8,1.9,328,14,0,29.63,-0.2,0,0,0,39.9,45.7,49.1,0.35,0.33,0.41
MEDI,2019-11-08 04:35:00 EST,43.22668,-78.30927,533,26.7,26.6,19.3,72.6,19.1,0.000,0.000,0.00,0.000,6.3,9.2,1.5,325,14,6.7,10.5,1.6,326,13,6.7,10.5,1.6,326,13,0,29.63,-0.2,0,0,0,39.9,45.7,49.1,0.35,0.33,0.41
MEDI,2019-11-08 04:40:00 EST,43.22668,-78.30927,533,26.6,26.5,19.7,72.4,18.9,0.000,0.000,0.00,0.000,5.5,10.2,1.7,324,15,6.1,11.0,1.7,325,14,6.1,11.0,1.7,325,14,0,29.63,-0.2,0,0,0,39.9,45.7,49.1,0.35,0.33,0.41
MEDI,2019-11-08 04:45:00 EST,43.22668,-78.30927,533,26.5,26.4,19.6,73.2,19.0,0.000,0.000,0.00,0.000,5.8,9.5,1.6,318,14,6.1,10.8,1.6,320,12,6.1,10.8,1.6,320,12,0,29.64,-0.2,0,0,0,39.9,45.7,49.1,0.35,0.33,0.41
MEDI,2019-11-08 04:50:00 EST,43.22668,-78.30927,533,26.4,26.3,19.6,73.1,19.0,0.000,0.000,0.00,0.000,5.8,7.8,1.0,327,15,6.0,9.3,1.2,326,12,6.0,9.3,1.2,326,12,0,29.64,-0.2,0,0,0,39.9,45.7,49.1,0.35,0.33,0.41
MEDI,2019-11-08 04:55:00 EST,43.22668,-78.30927,533,26.3,26.3,19.6,74.1,19.2,0.000,0.000,0.00,0.000,5.4,7.6,1.1,326,12,5.8,9.1,1.1,325,13,5.8,9.1,1.1,325,13,0,29.64,-0.2,0,0,0,39.9,45.6,49.1,0.35,0.33,0.41
MEDI,2019-11-08 05:00:00 EST,43.22668,-78.30927,533,26.3,26.3,19.0,73.0,18.8,0.000,0.000,0.00,0.000,6.2,10.4,1.6,320,14,6.5,10.9,1.5,321,11,6.5,10.9,1.5,321,11,0,29.64,-0.2,0,0,0,39.8,45.7,49.1,0.35,0.33,0.41
MEDI,2019-11-08 05:05:00 EST,43.22668,-78.30927,533,26.3,26.2,20.1,73.2,18.9,0.000,0.000,0.00,0.000,5.0,7.8,1.1,323,13,5.3,8.0,1.4,324,12,5.3,8.0,1.4,324,12,0,29.64,-0.2,0,0,0,39.7,45.6,49.1,0.35,0.33,0.41
MEDI,2019-11-08 05:10:00 EST,43.22668,-78.30927,533,26.3,26.2,19.8,73.1,18.8,0.000,0.000,0.00,0.000,5.3,9.6,1.6,315,17,5.5,9.7,1.6,315,14,5.5,9.7,1.6,315,14,0,29.64,-0.2,0,0,0,39.7,45.5,49.1,0.35,0.33,0.41
MEDI,2019-11-08 05:15:00 EST,43.22668,-78.30927,533,26.3,26.2,18.6,71.9,18.5,0.000,0.000,0.00,0.000,6.8,11.9,2.0,313,14,7.1,11.7,2.1,314,14,7.1,11.7,2.1,314,14,0,29.65,-0.2,0,0,0,39.7,45.5,49.1,0.35,0.33,0.41
MEDI,2019-11-08 05:20:00 EST,43.22668,-78.30927,533,26.2,26.1,19.2,72.6,18.6,0.000,0.000,0.00,0.000,5.8,8.7,1.1,317,13,6.2,9.2,1.0,315,13,6.2,9.2,1.0,315,13,0,29.65,-0.2,0,0,0,39.7,45.5,49.1,0.35,0.33,0.41
MEDI,2019-11-08 05:25:00 EST,43.22668,-78.30927,533,26.1,26.1,19.1,72.9,18.6,0.000,0.000,0.00,0.000,5.8,9.6,1.3,318,16,6.2,10.4,1.3,320,14,6.2,10.4,1.3,320,14,0,29.65,-0.2,0,0,0,39.7,45.5,49.1,0.35,0.33,0.41
MEDI,2019-11-08 05:30:00 EST,43.22668,-78.30927,533,26.0,26.0,20.4,73.7,18.8,0.000,0.000,0.00,0.000,4.3,8.4,1.3,322,15,4.7,8.2,1.4,321,14,4.7,8.2,1.4,321,14,0,29.65,-0.3,0,0,0,39.7,45.5,49.1,0.35,0.33,0.41
MEDI,2019-11-08 05:35:00 EST,43.22668,-78.30927,533,26.0,25.9,19.3,73.6,18.7,0.000,0.000,0.00,0.000,5.2,8.7,1.6,320,15,5.7,9.0,1.4,321,13,5.7,9.0,1.4,321,13,0,29.65,-0.2,0,0,0,39.7,45.5,49.1,0.35,0.33,0.41
MEDI,2019-11-08 05:40:00 EST,43.22668,-78.30927,533,25.9,25.9,19.3,72.7,18.4,0.000,0.000,0.00,0.000,5.2,8.8,1.4,318,15,5.6,10.0,1.5,318,13,5.6,10.0,1.5,318,13,0,29.65,-0.3,0,0,0,39.7,45.5,49.1,0.35,0.33,0.41
MEDI,2019-11-08 05:45:00 EST,43.22668,-78.30927,533,25.7,25.7,19.4,73.2,18.3,0.000,0.000,0.00,0.000,4.8,8.1,1.1,318,11,5.3,9.0,1.1,316,10,5.3,9.0,1.1,316,10,0,29.65,-0.2,0,0,0,39.7,45.5,49.1,0.35,0.33,0.41
MEDI,2019-11-08 05:50:00 EST,43.22668,-78.30927,533,25.6,25.6,18.9,73.0,18.1,0.000,0.000,0.00,0.000,5.3,7.5,1.2,319,16,5.7,8.9,1.4,321,14,5.7,8.9,1.4,321,14,0,29.66,-0.3,0,0,0,39.7,45.5,49.1,0.35,0.33,0.41
MEDI,2019-11-08 05:55:00 EST,43.22668,-78.30927,533,25.4,25.4,19.3,74.0,18.3,0.000,0.000,0.00,0.000,4.8,8.3,1.2,314,14,5.0,8.1,1.3,315,11,5.0,8.1,1.3,315,11,0,29.66,-0.2,0,0,0,39.7,45.5,49.1,0.35,0.33,0.41
MEDI,2019-11-08 06:00:00 EST,43.22668,-78.30927,533,25.3,25.4,19.2,73.4,18.0,0.000,0.000,0.00,0.000,4.6,7.7,1.1,319,13,5.0,7.9,1.2,318,13,5.0,7.9,1.2,318,13,0,29.66,-0.2,0,0,0,39.7,45.5,49.1,0.35,0.33,0.41
MEDI,2019-11-08 06:05:00 EST,43.22668,-78.30927,533,25.2,25.3,19.1,73.6,17.9,0.000,0.000,0.00,0.000,4.5,7.5,1.1,319,13,4.9,7.9,1.1,320,13,4.9,7.9,1.1,320,13,0,29.66,-0.2,0,0,0,39.7,45.5,49.1,0.35,0.33,0.41
MEDI,2019-11-08 06:10:00 EST,43.22668,-78.30927,533,25.0,25.1,19.8,72.8,17.5,0.000,0.000,0.00,0.000,3.9,6.7,1.2,321,15,4.2,7.5,1.3,320,13,4.2,7.5,1.3,320,13,0,29.67,-0.3,0,0,0,39.6,45.5,49.1,0.35,0.33,0.41
MEDI,2019-11-08 06:15:00 EST,43.22668,-78.30927,533,24.8,24.9,20.2,72.8,17.3,0.000,0.000,0.00,0.000,3.5,5.6,0.8,319,14,3.7,5.9,0.8,319,12,3.7,5.9,0.8,319,12,0,29.67,-0.2,0,0,0,39.6,45.5,49.1,0.35,0.33,0.41
MEDI,2019-11-08 06:20:00 EST,43.22668,-78.30927,533,24.7,24.8,19.9,73.0,17.3,0.000,0.000,0.00,0.000,3.6,5.8,0.9,311,15,3.8,6.2,1.0,311,13,3.8,6.2,1.0,311,13,0,29.67,-0.2,0,0,0,39.6,45.5,49.1,0.35,0.33,0.41
MEDI,2019-11-08 06:25:00 EST,43.22668,-78.30927,533,24.6,24.7,19.4,73.4,17.3,0.000,0.000,0.00,0.000,3.9,7.4,1.2,308,15,4.1,6.8,1.3,308,14,4.1,6.8,1.3,308,14,0,29.67,-0.2,0,0,0,39.6,45.5,49.1,0.35,0.33,0.41
MEDI,2019-11-08 06:30:00 EST,43.22668,-78.30927,533,24.6,24.6,20.7,72.5,17.0,0.000,0.000,0.00,0.000,2.9,5.0,1.0,309,18,3.1,5.9,1.1,309,15,3.1,5.9,1.1,309,15,0,29.67,-0.3,0,0,0,39.6,45.5,49.1,0.35,0.33,0.41
MEDI,2019-11-08 06:35:00 EST,43.22668,-78.30927,533,24.3,24.4,24.3,73.8,17.1,0.000,0.000,0.00,0.000,2.6,5.0,0.9,306,15,2.6,5.6,0.9,306,13,2.6,5.6,0.9,306,13,0,29.68,-0.2,0,0,0,39.6,45.5,49.1,0.35,0.33,0.41
MEDI,2019-11-08 06:40:00 EST,43.22668,-78.30927,533,24.0,24.2,24.0,74.8,17.2,0.000,0.000,0.00,0.000,2.8,4.5,0.7,310,14,2.9,4.6,0.8,310,12,2.9,4.6,0.8,310,12,0,29.68,-0.2,0,0,0,39.6,45.5,49.1,0.35,0.33,0.41
MEDI,2019-11-08 06:45:00 EST,43.22668,-78.30927,533,23.9,24.1,23.9,75.6,17.3,0.000,0.000,0.00,0.000,2.3,3.7,0.6,304,13,2.3,4.6,0.6,307,10,2.3,4.6,0.6,307,10,1,29.68,-0.2,0,0,0,39.6,45.5,49.1,0.35,0.33,0.41
MEDI,2019-11-08 06:50:00 EST,43.22668,-78.30927,533,23.9,24.0,23.9,75.6,17.3,0.000,0.000,0.00,0.000,2.5,4.7,1.0,310,17,2.5,5.6,1.1,311,13,2.5,5.6,1.1,311,13,2,29.68,-0.2,0,0,0,39.6,45.5,49.1,0.35,0.33,0.41
MEDI,2019-11-08 06:55:00 EST,43.22668,-78.30927,533,23.7,23.9,23.7,75.8,17.2,0.000,0.000,0.00,0.000,2.5,4.7,0.8,301,17,2.6,4.8,0.8,302,16,2.6,4.8,0.8,302,16,4,29.68,-0.2,0,0,0,39.6,45.5,49.1,0.35,0.33,0.41
MEDI,2019-11-08 07:00:00 EST,43.22668,-78.30927,533,23.8,24.0,23.8,75.8,17.2,0.000,0.000,0.00,0.000,2.7,6.4,0.8,300,16,2.9,6.5,0.9,302,13,2.9,6.5,0.9,302,13,6,29.68,-0.2,0,0,0,39.4,45.5,49.1,0.35,0.33,0.41
MEDI,2019-11-08 07:05:00 EST,43.22668,-78.30927,533,23.8,24.0,19.5,75.3,17.1,0.000,0.000,0.00,0.000,3.0,6.6,1.0,300,18,3.3,6.5,1.1,302,17,3.3,6.5,1.1,302,17,9,29.69,-0.3,0,0,0,39.4,45.5,49.1,0.35,0.33,0.41
MEDI,2019-11-08 07:10:00 EST,43.22668,-78.30927,533,23.5,23.9,23.5,76.6,17.2,0.000,0.000,0.00,0.000,2.5,4.1,0.6,287,11,2.7,4.7,0.7,290,11,2.7,4.7,0.7,290,11,13,29.69,-0.2,0,0,0,39.4,45.5,49.1,0.35,0.33,0.41
MEDI,2019-11-08 07:15:00 EST,43.22668,-78.30927,533,23.4,23.9,23.4,77.1,17.3,0.000,0.000,0.00,0.000,2.4,4.2,0.7,286,15,2.6,5.5,0.9,288,15,2.6,5.5,0.9,288,15,23,29.69,-0.1,0,0,0,39.4,45.5,49.1,0.35,0.33,0.41
MEDI,2019-11-08 07:20:00 EST,43.22668,-78.30927,533,23.5,24.0,23.5,76.3,17.2,0.000,0.000,0.00,0.000,2.4,4.0,0.6,291,15,2.5,4.1,0.6,295,15,2.5,4.1,0.6,295,15,32,29.70,-0.2,0,0,0,39.4,45.5,49.1,0.35,0.33,0.41
MEDI,2019-11-08 07:25:00 EST,43.22668,-78.30927,533,23.4,24.0,23.4,76.8,17.2,0.000,0.000,0.00,0.000,2.4,3.7,0.5,291,17,2.7,4.4,0.6,293,16,2.7,4.4,0.6,293,16,41,29.70,-0.2,0,0,0,39.4,45.5,49.1,0.35,0.33,0.41
MEDI,2019-11-08 07:30:00 EST,43.22668,-78.30927,533,23.6,24.0,23.6,76.4,17.2,0.000,0.000,0.00,0.000,2.6,4.7,0.9,303,15,2.8,5.3,0.9,306,12,2.8,5.3,0.9,306,12,51,29.70,-0.1,0,0,0,39.4,45.5,49.1,0.35,0.33,0.41
MEDI,2019-11-08 07:35:00 EST,43.22668,-78.30927,533,23.9,24.1,19.2,75.1,17.2,0.000,0.000,0.00,0.000,3.3,8.1,1.4,293,19,3.7,10.9,1.6,294,16,3.7,10.9,1.6,294,16,63,29.70,-0.1,0,0,0,39.2,45.5,49.1,0.35,0.33,0.41
MEDI,2019-11-08 07:40:00 EST,43.22668,-78.30927,533,24.3,24.4,19.3,71.8,16.5,0.000,0.000,0.00,0.000,3.7,6.8,0.9,302,17,3.9,7.2,1.1,303,16,3.9,7.2,1.1,303,16,76,29.71,-0.1,0,0,0,39.2,45.4,49.1,0.35,0.33,0.41
MEDI,2019-11-08 07:45:00 EST,43.22668,-78.30927,533,24.3,24.4,19.2,70.9,16.2,0.000,0.000,0.00,0.000,3.8,7.0,0.9,297,14,4.0,7.3,1.0,297,14,4.0,7.3,1.0,297,14,89,29.71,-0.1,0,0,0,39.2,45.4,49.0,0.35,0.33,0.41
MEDI,2019-11-08 07:50:00 EST,43.22668,-78.30927,533,24.4,24.4,20.4,71.2,16.4,0.000,0.000,0.00,0.000,3.3,5.6,1.0,312,11,3.2,6.1,1.1,312,10,3.2,6.1,1.1,312,10,103,29.71,-0.0,0,0,0,39.2,45.4,49.0,0.35,0.33,0.41
MEDI,2019-11-08 07:55:00 EST,43.22668,-78.30927,533,24.6,24.5,24.6,70.2,16.3,0.000,0.000,0.00,0.000,2.8,5.1,1.0,311,14,3.0,5.2,1.0,312,13,3.0,5.2,1.0,312,13,116,29.71,-0.1,0,0,0,39.2,45.4,49.1,0.35,0.33,0.41
MEDI,2019-11-08 08:00:00 EST,43.22668,-78.30927,533,24.8,24.7,20.5,69.1,16.1,0.000,0.000,0.00,0.000,3.3,5.7,1.0,319,14,3.4,7.2,1.2,319,12,3.4,7.2,1.2,319,12,127,29.71,-0.1,0,0,0,39.2,45.3,49.0,0.35,0.33,0.41
MEDI,2019-11-08 08:05:00 EST,43.22668,-78.30927,533,25.0,25.0,20.1,68.1,16.0,0.000,0.000,0.00,0.000,3.8,7.3,1.3,312,18,4.0,7.1,1.4,313,16,4.0,7.1,1.4,313,16,139,29.71,-0.1,0,0,0,39.2,45.3,49.0,0.35,0.33,0.41
MEDI,2019-11-08 08:10:00 EST,43.22668,-78.30927,533,25.4,25.3,19.1,65.8,15.5,0.000,0.000,0.00,0.000,4.7,8.0,1.5,321,14,5.2,8.8,1.5,321,14,5.2,8.8,1.5,321,14,151,29.72,-0.1,0,0,0,39.2,45.3,48.9,0.35,0.33,0.41
MEDI,2019-11-08 08:15:00 EST,43.22668,-78.30927,533,25.5,25.4,19.2,64.7,15.3,0.000,0.000,0.00,0.000,4.9,7.7,1.2,313,18,5.3,8.1,1.3,314,16,5.3,8.1,1.3,314,16,163,29.72,-0.1,0,0,0,39.2,45.3,48.8,0.35,0.33,0.41
MEDI,2019-11-08 08:20:00 EST,43.22668,-78.30927,533,25.7,25.6,20.3,65.0,15.6,0.000,0.000,0.00,0.000,4.3,6.7,1.1,312,18,4.5,7.4,1.3,311,17,4.5,7.4,1.3,311,17,175,29.72,-0.0,0,0,0,39.2,45.3,48.7,0.35,0.33,0.41
MEDI,2019-11-08 08:25:00 EST,43.22668,-78.30927,533,25.9,25.8,19.0,64.1,15.4,0.000,0.000,0.00,0.000,5.5,9.1,1.6,317,16,6.0,8.7,1.5,315,14,6.0,8.7,1.5,315,14,186,29.72,0.0,0,0,0,39.2,45.3,48.9,0.35,0.33,0.41
MEDI,2019-11-08 08:30:00 EST,43.22668,-78.30927,533,26.1,25.9,18.5,63.2,15.3,0.000,0.000,0.00,0.000,6.2,11.0,2.0,324,17,6.8,11.7,2.1,323,15,6.8,11.7,2.1,323,15,198,29.72,-0.0,0,0,0,39.2,45.3,48.9,0.35,0.33,0.41
MEDI,2019-11-08 08:35:00 EST,43.22668,-78.30927,533,26.2,26.0,18.9,63.1,15.4,0.000,0.000,0.00,0.000,6.2,10.4,1.5,327,12,6.5,11.5,1.7,327,11,6.5,11.5,1.7,327,11,213,29.72,0.0,0,0,0,39.2,45.3,48.8,0.35,0.33,0.41
MEDI,2019-11-08 08:40:00 EST,43.22668,-78.30927,533,26.4,26.2,19.0,62.3,15.2,0.000,0.000,0.00,0.000,6.3,8.9,1.4,330,17,6.7,10.5,1.6,332,13,6.7,10.5,1.6,332,13,232,29.72,0.0,0,0,0,39.2,45.3,48.7,0.35,0.33,0.41
MEDI,2019-11-08 08:45:00 EST,43.22668,-78.30927,533,26.7,26.5,18.4,63.3,15.9,0.000,0.000,0.00,0.000,7.5,14.2,2.6,342,20,8.0,16.2,2.9,343,14,8.0,16.2,2.9,343,14,261,29.72,0.0,0,0,0,39.2,45.3,48.7,0.35,0.33,0.41
MEDI,2019-11-08 08:50:00 EST,43.22668,-78.30927,533,26.8,26.6,18.4,61.9,15.5,0.000,0.000,0.00,0.000,7.6,13.2,2.2,316,18,8.2,14.6,2.3,318,16,8.2,14.6,2.3,318,16,217,29.73,-0.0,0,0,0,39.2,45.3,48.7,0.35,0.33,0.41
MEDI,2019-11-08 08:55:00 EST,43.22668,-78.30927,533,26.6,26.4,17.6,61.3,15.1,0.000,0.000,0.00,0.000,8.6,13.8,1.7,318,17,9.1,13.9,1.8,319,16,9.1,13.9,1.8,319,16,209,29.73,0.1,0,0,0,39.2,45.3,48.7,0.35,0.33,0.41
MEDI,2019-11-08 09:00:00 EST,43.22668,-78.30927,533,26.7,26.5,18.9,62.7,15.7,0.000,0.000,0.00,0.000,6.8,11.1,2.0,314,17,7.3,12.3,2.0,316,15,7.3,12.3,2.0,316,15,195,29.73,0.0,0,0,0,39.2,45.3,48.7,0.35,0.33,0.41
MEDI,2019-11-08 09:05:00 EST,43.22668,-78.30927,533,26.7,26.5,17.7,62.5,15.6,0.000,0.000,0.00,0.000,8.4,14.5,2.3,323,17,9.1,15.9,2.4,324,17,9.1,15.9,2.4,324,17,184,29.73,0.1,0,0,0,39.2,45.3,48.7,0.35,0.33,0.41
MEDI,2019-11-08 09:10:00 EST,43.22668,-78.30927,533,26.7,26.4,18.1,62.9,15.7,0.000,0.000,0.00,0.000,8.0,14.5,2.3,324,14,8.4,14.2,2.2,323,13,8.4,14.2,2.2,323,13,195,29.73,0.1,0,0,0,39.2,45.3,48.7,0.35,0.33,0.41
MEDI,2019-11-08 09:15:00 EST,43.22668,-78.30927,533,26.6,26.3,18.1,62.0,15.3,0.000,0.000,0.00,0.000,7.5,11.6,1.9,329,13,8.2,12.9,2.1,331,13,8.2,12.9,2.1,331,13,190,29.73,0.1,0,0,0,39.2,45.3,48.7,0.35,0.33,0.41
MEDI,2019-11-08 09:20:00 EST,43.22668,-78.30927,533,26.8,26.5,18.3,64.5,16.4,0.000,0.000,0.00,0.000,7.6,13.3,2.2,317,19,8.2,14.4,2.4,317,20,8.2,14.4,2.4,317,20,169,29.73,0.1,0,0,0,39.2,45.3,48.7,0.35,0.33,0.41
MEDI,2019-11-08 09:25:00 EST,43.22668,-78.30927,533,26.5,26.2,17.2,61.9,15.2,0.000,0.000,0.00,0.000,8.9,13.3,1.8,328,12,9.5,14.9,1.9,329,10,9.5,14.9,1.9,329,10,186,29.73,0.1,0,0,0,39.2,45.3,48.7,0.35,0.33,0.41
MEDI,2019-11-08 09:30:00 EST,43.22668,-78.30927,533,26.7,26.4,18.3,63.4,15.9,0.000,0.000,0.00,0.000,7.6,13.3,1.8,323,15,8.1,14.8,1.9,325,13,8.1,14.8,1.9,325,13,212,29.73,0.1,0,0,0,39.2,45.3,48.7,0.35,0.33,0.41
MEDI,2019-11-08 09:35:00 EST,43.22668,-78.30927,533,26.9,26.6,19.5,63.4,16.1,0.000,0.000,0.00,0.000,6.2,10.2,1.8,326,17,6.7,10.4,1.8,326,16,6.7,10.4,1.8,326,16,247,29.73,0.1,0,0,0,39.2,45.3,48.7,0.35,0.33,0.41
MEDI,2019-11-08 09:40:00 EST,43.22668,-78.30927,533,26.9,26.6,18.6,63.0,16.0,0.000,0.000,0.00,0.000,7.4,10.8,1.7,325,16,8.1,12.4,1.8,328,16,8.1,12.4,1.8,328,16,239,29.74,0.1,0,0,0,39.2,45.3,48.7,0.35,0.33,0.41
MEDI,2019-11-08 09:45:00 EST,43.22668,-78.30927,533,27.0,26.7,19.7,63.1,16.1,0.000,0.000,0.00,0.000,6.1,9.1,1.4,326,21,6.7,10.9,1.6,327,19,6.7,10.9,1.6,327,19,278,29.74,0.1,0,0,0,39.2,45.3,48.7,0.35,0.33,0.41
MEDI,2019-11-08 09:50:00 EST,43.22668,-78.30927,533,27.1,26.7,19.0,63.5,16.3,0.000,0.000,0.00,0.000,7.2,11.8,1.9,331,15,7.7,13.7,2.0,331,14,7.7,13.7,2.0,331,14,253,29.74,0.1,0,0,0,39.4,45.3,48.7,0.35,0.33,0.41
MEDI,2019-11-08 09:55:00 EST,43.22668,-78.30927,533,26.8,26.5,16.9,61.6,15.4,0.000,0.000,0.00,0.000,9.7,14.4,2.3,339,17,10.7,18.7,2.5,340,16,10.7,18.7,2.5,340,16,272,29.74,0.1,0,0,0,39.4,45.3,48.7,0.35,0.33,0.41
MEDI,2019-11-08 10:00:00 EST,43.22668,-78.30927,533,27.0,26.6,18.3,62.2,15.7,0.000,0.000,0.00,0.000,8.3,13.2,2.0,314,16,8.7,16.4,2.2,314,15,8.7,16.4,2.2,314,15,282,29.74,0.1,0,0,0,39.4,45.3,48.7,0.35,0.32,0.41
MEDI,2019-11-08 10:05:00 EST,43.22668,-78.30927,533,26.9,26.5,17.9,62.8,15.9,0.000,0.000,0.00,0.000,8.4,13.3,2.6,324,19,9.0,15.6,2.6,324,15,9.0,15.6,2.6,324,15,242,29.74,0.1,0,0,0,39.4,45.2,48.7,0.35,0.33,0.41
MEDI,2019-11-08 10:10:00 EST,43.22668,-78.30927,533,26.6,26.3,16.9,62.8,15.6,0.000,0.000,0.00,0.000,9.8,16.1,2.3,327,22,10.4,18.1,2.6,330,15,10.4,18.1,2.6,330,15,255,29.74,0.0,0,0,0,39.6,45.3,48.7,0.35,0.32,0.41
MEDI,2019-11-08 10:15:00 EST,43.22668,-78.30927,533,26.8,26.5,17.2,62.7,15.8,0.000,0.000,0.00,0.000,9.7,12.7,1.7,327,15,10.2,14.1,1.9,330,13,10.2,14.1,1.9,330,13,269,29.74,0.1,0,0,0,39.6,45.2,48.7,0.35,0.33,0.41
MEDI,2019-11-08 10:20:00 EST,43.22668,-78.30927,533,26.8,26.6,18.1,63.2,16.0,0.000,0.000,0.00,0.000,8.2,13.3,2.0,324,15,8.7,14.5,2.1,325,15,8.7,14.5,2.1,325,15,203,29.74,0.1,0,0,0,39.6,45.2,48.7,0.35,0.33,0.41
MEDI,2019-11-08 10:25:00 EST,43.22668,-78.30927,533,27.0,26.6,17.5,63.7,16.3,0.000,0.000,0.00,0.000,9.2,16.7,2.8,332,13,10.0,18.8,2.9,336,11,10.0,18.8,2.9,336,11,309,29.75,0.1,0,0,0,39.6,45.1,48.7,0.35,0.33,0.41
MEDI,2019-11-08 10:30:00 EST,43.22668,-78.30927,533,27.1,26.7,17.3,61.5,15.6,0.000,0.000,0.00,0.000,10.1,16.9,2.6,323,16,10.6,18.6,2.7,325,16,10.6,18.6,2.7,325,16,481,29.75,0.0,0,0,0,39.7,45.1,48.7,0.35,0.33,0.41
MEDI,2019-11-08 10:35:00 EST,43.22668,-78.30927,533,27.4,26.9,17.7,61.6,16.0,0.000,0.000,0.00,0.000,9.9,15.6,2.0,324,18,10.7,17.4,2.1,326,17,10.7,17.4,2.1,326,17,500,29.75,-0.1,0,0,0,39.7,45.1,48.7,0.35,0.33,0.41
MEDI,2019-11-08 10:40:00 EST,43.22668,-78.30927,533,27.2,26.8,17.3,60.9,15.5,0.000,0.000,0.00,0.000,10.4,17.4,3.0,308,16,10.9,18.2,3.0,309,15,10.9,18.2,3.0,309,15,425,29.75,-0.0,0,0,0,39.8,45.1,48.7,0.35,0.33,0.41
MEDI,2019-11-08 10:45:00 EST,43.22668,-78.30927,533,27.3,26.8,17.0,63.2,16.5,0.000,0.000,0.00,0.000,11.1,19.7,3.2,317,21,11.8,20.1,3.3,317,21,11.8,20.1,3.3,317,21,355,29.75,-0.1,0,0,0,39.9,45.1,48.7,0.35,0.32,0.41
MEDI,2019-11-08 10:50:00 EST,43.22668,-78.30927,533,27.1,26.7,17.7,63.8,16.5,0.000,0.000,0.00,0.000,9.4,15.6,2.3,316,18,9.9,15.6,2.4,315,17,9.9,15.6,2.4,315,17,297,29.75,-0.1,0,0,0,40.0,45.1,48.7,0.35,0.33,0.41
MEDI,2019-11-08 10:55:00 EST,43.22668,-78.30927,533,27.3,26.8,17.5,64.3,16.8,0.000,0.000,0.00,0.000,9.9,17.4,2.7,305,18,10.7,19.5,2.7,305,17,10.7,19.5,2.7,305,17,432,29.75,-0.1,0,0,0,40.1,45.1,48.7,0.35,0.33,0.41
MEDI,2019-11-08 11:00:00 EST,43.22668,-78.30927,533,27.0,26.7,16.7,63.7,16.3,0.000,0.000,0.00,0.000,10.8,15.8,2.3,330,17,11.6,17.9,2.5,332,16,11.6,17.9,2.5,332,16,315,29.75,-0.1,0,0,0,40.2,45.1,48.7,0.35,0.33,0.41
MEDI,2019-11-08 11:05:00 EST,43.22668,-78.30927,533,27.0,26.6,16.5,64.5,16.6,0.000,0.000,0.00,0.000,11.3,17.0,2.4,332,12,12.1,18.4,2.5,335,11,12.1,18.4,2.5,335,11,238,29.75,-0.1,0,0,0,40.3,45.1,48.7,0.35,0.33,0.41
MEDI,2019-11-08 11:10:00 EST,43.22668,-78.30927,533,27.5,27.1,19.2,66.4,17.8,0.000,0.000,0.00,0.000,7.6,15.6,3.0,318,20,8.2,18.0,3.1,316,18,8.2,18.0,3.1,316,18,407,29.75,-0.2,0,0,0,40.5,45.1,48.7,0.35,0.33,0.41
MEDI,2019-11-08 11:15:00 EST,43.22668,-78.30927,533,27.3,26.8,17.3,64.0,16.7,0.000,0.000,0.00,0.000,10.7,15.2,2.2,319,16,11.1,15.9,2.3,318,14,11.1,15.9,2.3,318,14,506,29.75,-0.0,0,0,0,40.6,45.1,48.7,0.35,0.33,0.41
MEDI,2019-11-08 11:20:00 EST,43.22668,-78.30927,533,27.5,26.9,18.6,64.0,16.9,0.000,0.000,0.00,0.000,8.4,16.5,3.5,322,19,9.2,17.4,3.6,322,18,9.2,17.4,3.6,322,18,457,29.75,-0.1,0,0,0,40.7,45.1,48.7,0.35,0.33,0.41
MEDI,2019-11-08 11:25:00 EST,43.22668,-78.30927,533,27.8,27.3,18.2,63.4,17.0,0.000,0.000,0.00,0.000,10.1,17.4,2.7,310,18,10.7,18.1,2.8,310,17,10.7,18.1,2.8,310,17,577,29.75,-0.2,0,0,0,40.8,45.1,48.7,0.35,0.33,0.41
MEDI,2019-11-08 11:30:00 EST,43.22668,-78.30927,533,27.3,26.8,17.3,62.8,16.3,0.000,0.000,0.00,0.000,10.5,17.2,2.8,316,18,11.1,17.4,2.9,317,17,11.1,17.4,2.9,317,17,314,29.75,0.0,0,0,0,41.0,45.1,48.7,0.35,0.33,0.41
MEDI,2019-11-08 11:35:00 EST,43.22668,-78.30927,533,27.2,26.7,18.4,65.5,17.2,0.000,0.000,0.00,0.000,8.2,13.2,2.2,303,15,9.0,13.6,2.2,302,12,9.0,13.6,2.2,302,12,387,29.75,-0.0,0,0,0,41.0,45.1,48.7,0.35,0.33,0.41
MEDI,2019-11-08 11:40:00 EST,43.22668,-78.30927,533,27.4,26.9,18.3,65.2,17.2,0.000,0.000,0.00,0.000,8.9,15.6,2.0,301,12,9.4,16.1,1.9,302,12,9.4,16.1,1.9,302,12,389,29.74,0.1,0,0,0,41.2,45.1,48.7,0.35,0.32,0.41
MEDI,2019-11-08 11:45:00 EST,43.22668,-78.30927,533,27.6,27.1,18.0,64.5,17.2,0.000,0.000,0.00,0.000,9.9,14.8,2.3,327,16,10.5,16.0,2.5,328,16,10.5,16.0,2.5,328,16,376,29.74,-0.2,0,0,0,41.4,45.1,48.7,0.35,0.33,0.41
MEDI,2019-11-08 11:50:00 EST,43.22668,-78.30927,533,27.2,26.7,18.3,61.9,15.9,0.000,0.000,0.00,0.000,8.5,14.8,2.4,320,16,9.1,18.5,2.5,320,16,9.1,18.5,2.5,320,16,372,29.74,-0.1,0,0,0,41.5,45.1,48.7,0.35,0.33,0.41
MEDI,2019-11-08 11:55:00 EST,43.22668,-78.30927,533,27.6,27.0,18.6,62.2,16.3,0.000,0.000,0.00,0.000,8.7,15.8,2.7,311,18,9.3,16.9,2.8,312,18,9.3,16.9,2.8,312,18,432,29.74,-0.1,0,0,0,41.6,45.1,48.7,0.35,0.33,0.41
MEDI,2019-11-08 12:00:00 EST,43.22668,-78.30927,533,28.1,27.5,20.3,61.4,16.5,0.000,0.000,0.00,0.000,6.9,15.0,2.5,311,19,7.6,17.8,2.5,311,16,7.6,17.8,2.5,311,16,506,29.74,0.0,0,0,0,41.7,45.1,48.7,0.35,0.33,0.41
MEDI,2019-11-08 12:05:00 EST,43.22668,-78.30927,533,28.0,27.3,19.9,61.6,16.5,0.000,0.000,0.00,0.000,7.7,14.1,2.6,309,17,8.1,14.7,2.6,308,16,8.1,14.7,2.6,308,16,511,29.74,0.1,0,0,0,41.9,45.1,48.7,0.35,0.33,0.41
MEDI,2019-11-08 12:10:00 EST,43.22668,-78.30927,533,28.3,27.7,19.9,62.1,17.0,0.000,0.000,0.00,0.000,8.1,13.4,2.0,309,14,8.7,14.9,2.1,309,13,8.7,14.9,2.1,309,13,522,29.74,0.0,0,0,0,42.0,45.1,48.7,0.35,0.33,0.41
MEDI,2019-11-08 12:15:00 EST,43.22668,-78.30927,533,28.7,28.0,20.9,62.2,17.4,0.000,0.000,0.00,0.000,7.3,11.5,2.1,328,17,7.9,12.9,2.2,329,17,7.9,12.9,2.2,329,17,510,29.74,-0.1,0,0,0,42.2,45.1,48.7,0.35,0.33,0.41
MEDI,2019-11-08 12:20:00 EST,43.22668,-78.30927,533,28.4,27.7,19.5,60.5,16.5,0.000,0.000,0.00,0.000,9.1,13.9,2.0,318,19,9.5,15.5,2.0,317,18,9.5,15.5,2.0,317,18,501,29.74,-0.0,0,0,0,42.3,45.1,48.7,0.35,0.33,0.41
MEDI,2019-11-08 12:25:00 EST,43.22668,-78.30927,533,28.4,27.6,19.1,59.8,16.2,0.000,0.000,0.00,0.000,9.5,15.1,2.7,316,15,10.3,16.1,2.6,319,16,10.3,16.1,2.6,319,16,492,29.74,-0.1,0,0,0,42.4,45.1,48.7,0.35,0.33,0.41
MEDI,2019-11-08 12:30:00 EST,43.22668,-78.30927,533,27.9,27.2,18.5,58.0,15.0,0.000,0.000,0.00,0.000,9.8,14.9,2.3,312,16,10.3,16.6,2.3,313,16,10.3,16.6,2.3,313,16,489,29.74,-0.1,0,0,0,42.6,45.1,48.7,0.35,0.33,0.41
MEDI,2019-11-08 12:35:00 EST,43.22668,-78.30927,533,27.8,27.1,18.8,59.0,15.3,0.000,0.000,0.00,0.000,8.9,15.1,2.5,314,15,9.5,16.3,2.6,313,15,9.5,16.3,2.6,313,15,370,29.73,0.1,0,0,0,42.8,45.1,48.7,0.35,0.33,0.41
MEDI,2019-11-08 12:40:00 EST,43.22668,-78.30927,533,28.2,27.3,19.4,60.9,16.4,0.000,0.000,0.00,0.000,8.9,14.2,2.5,308,21,9.3,14.6,2.4,309,16,9.3,14.6,2.4,309,16,485,29.73,-0.0,0,0,0,42.9,45.1,48.7,0.35,0.33,0.41
MEDI,2019-11-08 12:45:00 EST,43.22668,-78.30927,533,28.4,27.6,19.5,61.3,16.8,0.000,0.000,0.00,0.000,8.7,12.5,2.2,297,16,9.4,13.2,2.2,296,15,9.4,13.2,2.2,296,15,492,29.73,-0.1,0,0,0,43.1,45.1,48.7,0.35,0.33,0.41
MEDI,2019-11-08 12:50:00 EST,43.22668,-78.30927,533,28.6,27.9,21.9,61.3,17.0,0.000,0.000,0.00,0.000,5.7,9.5,1.9,305,26,6.4,11.3,2.0,304,23,6.4,11.3,2.0,304,23,390,29.73,-0.1,0,0,0,43.2,45.1,48.7,0.35,0.33,0.41
MEDI,2019-11-08 12:55:00 EST,43.22668,-78.30927,533,27.5,27.2,18.2,59.5,15.3,0.000,0.000,0.00,0.000,9.4,14.3,2.2,308,16,9.9,14.8,2.4,307,15,9.9,14.8,2.4,307,15,200,29.74,-0.1,0,0,0,43.4,45.0,48.7,0.35,0.33,0.41
MEDI,2019-11-08 13:00:00 EST,43.22668,-78.30927,533,27.9,27.3,19.4,60.0,15.8,0.000,0.000,0.00,0.000,8.1,11.7,1.7,310,15,8.7,13.3,1.8,310,14,8.7,13.3,1.8,310,14,469,29.73,-0.1,0,0,0,43.5,45.0,48.7,0.35,0.33,0.41
MEDI,2019-11-08 13:05:00 EST,43.22668,-78.30927,533,28.5,27.7,21.1,61.5,16.9,0.000,0.000,0.00,0.000,6.3,10.3,1.7,289,29,7.2,13.0,1.8,290,28,7.2,13.0,1.8,290,28,467,29.73,-0.1,0,0,0,43.7,45.0,48.7,0.35,0.33,0.41
MEDI,2019-11-08 13:10:00 EST,43.22668,-78.30927,533,28.9,28.1,21.1,61.0,17.2,0.000,0.000,0.00,0.000,7.6,12.9,2.7,305,17,8.1,13.2,2.6,306,18,8.1,13.2,2.6,306,18,466,29.73,-0.0,0,0,0,43.8,45.0,48.7,0.35,0.33,0.41
MEDI,2019-11-08 13:15:00 EST,43.22668,-78.30927,533,28.8,28.0,20.0,61.2,17.1,0.000,0.000,0.00,0.000,8.9,14.8,2.1,317,19,9.6,15.2,2.1,317,20,9.6,15.2,2.1,317,20,472,29.73,-0.1,0,0,0,43.9,45.0,48.7,0.35,0.33,0.41
MEDI,2019-11-08 13:20:00 EST,43.22668,-78.30927,533,28.7,27.8,20.3,59.0,16.1,0.000,0.000,0.00,0.000,8.1,14.1,2.5,313,17,8.7,14.6,2.4,314,18,8.7,14.6,2.4,314,18,439,29.73,-0.1,0,0,0,43.9,45.0,48.7,0.35,0.33,0.41
MEDI,2019-11-08 13:25:00 EST,43.22668,-78.30927,533,28.5,27.8,20.1,58.4,15.7,0.000,0.000,0.00,0.000,8.0,14.8,2.8,294,16,8.7,15.9,3.0,294,13,8.7,15.9,3.0,294,13,389,29.73,-0.1,0,0,0,44.0,45.0,48.7,0.35,0.33,0.41
MEDI,2019-11-08 13:30:00 EST,43.22668,-78.30927,533,28.2,27.6,21.0,60.6,16.3,0.000,0.000,0.00,0.000,6.2,10.2,2.0,296,27,6.8,12.4,2.1,297,26,6.8,12.4,2.1,297,26,249,29.73,-0.2,0,0,0,44.1,45.0,48.7,0.35,0.33,0.41
MEDI,2019-11-08 13:35:00 EST,43.22668,-78.30927,533,28.3,27.7,21.2,62.0,16.9,0.000,0.000,0.00,0.000,5.9,10.8,1.8,293,19,6.7,12.1,2.2,294,19,6.7,12.1,2.2,294,19,235,29.73,-0.0,0,0,0,44.4,45.0,48.7,0.35,0.33,0.41
MEDI,2019-11-08 13:40:00 EST,43.22668,-78.30927,533,28.1,27.5,20.8,61.3,16.4,0.000,0.000,0.00,0.000,6.4,11.7,1.6,298,15,6.9,11.1,1.6,297,14,6.9,11.1,1.6,297,14,242,29.73,-0.1,0,0,0,44.4,45.0,48.7,0.35,0.33,0.41
MEDI,2019-11-08 13:45:00 EST,43.22668,-78.30927,533,27.9,27.6,20.8,62.4,16.7,0.000,0.000,0.00,0.000,5.9,12.6,2.5,288,19,6.7,13.7,2.7,288,17,6.7,13.7,2.7,288,17,148,29.73,-0.1,0,0,0,44.5,45.0,48.7,0.35,0.33,0.41
MEDI,2019-11-08 13:50:00 EST,43.22668,-78.30927,533,27.8,27.4,20.5,61.4,16.2,0.000,0.000,0.00,0.000,6.5,9.7,1.5,300,15,6.9,10.3,1.6,301,13,6.9,10.3,1.6,301,13,146,29.73,-0.0,0,0,0,44.6,45.0,48.7,0.35,0.33,0.41
MEDI,2019-11-08 13:55:00 EST,43.22668,-78.30927,533,28.0,27.6,19.6,62.4,16.8,0.000,0.000,0.00,0.000,8.2,12.6,1.6,313,17,8.7,12.9,1.7,313,16,8.7,12.9,1.7,313,16,235,29.73,-0.1,0,0,0,44.6,45.0,48.7,0.35,0.33,0.41
MEDI,2019-11-08 14:00:00 EST,43.22668,-78.30927,533,28.5,27.7,22.4,62.2,17.2,0.000,0.000,0.00,0.000,5.1,10.2,2.0,294,13,5.5,11.8,2.2,295,13,5.5,11.8,2.2,295,13,406,29.73,-0.1,0,0,0,44.6,45.0,48.7,0.35,0.33,0.41
MEDI,2019-11-08 14:05:00 EST,43.22668,-78.30927,533,28.9,28.2,23.0,60.6,17.0,0.000,0.000,0.00,0.000,5.0,8.3,1.6,297,20,5.5,8.9,1.7,298,18,5.5,8.9,1.7,298,18,402,29.73,-0.0,0,0,0,44.6,45.0,48.7,0.35,0.33,0.41
MEDI,2019-11-08 14:10:00 EST,43.22668,-78.30927,533,29.3,28.6,24.3,61.3,17.6,0.000,0.000,0.00,0.000,4.2,7.3,1.3,285,32,4.7,9.1,1.4,284,31,4.7,9.1,1.4,284,31,402,29.73,-0.0,0,0,0,44.5,45.0,48.7,0.35,0.33,0.41
MEDI,2019-11-08 14:15:00 EST,43.22668,-78.30927,533,29.3,28.7,21.2,59.5,16.9,0.000,0.000,0.00,0.000,8.2,12.1,1.9,317,17,8.5,13.2,2.0,317,18,8.5,13.2,2.0,317,18,390,29.73,-0.1,0,0,0,44.4,45.0,48.7,0.35,0.33,0.41
MEDI,2019-11-08 14:20:00 EST,43.22668,-78.30927,533,29.1,28.4,23.3,59.8,16.9,0.000,0.000,0.00,0.000,4.9,9.9,2.4,322,18,5.4,10.7,2.3,323,19,5.4,10.7,2.3,323,19,365,29.73,-0.1,0,0,0,44.4,45.0,48.7,0.35,0.33,0.41
MEDI,2019-11-08 14:25:00 EST,43.22668,-78.30927,533,29.2,28.6,22.4,60.7,17.3,0.000,0.000,0.00,0.000,6.3,11.5,1.9,324,16,6.7,12.9,2.2,324,16,6.7,12.9,2.2,324,16,355,29.72,-0.1,0,0,0,44.4,45.0,48.6,0.35,0.33,0.41
MEDI,2019-11-08 14:30:00 EST,43.22668,-78.30927,533,29.5,28.7,22.9,61.4,17.8,0.000,0.000,0.00,0.000,5.9,9.4,1.7,311,21,6.5,9.3,1.6,310,20,6.5,9.3,1.6,310,20,352,29.72,-0.1,0,0,0,44.4,45.0,48.6,0.35,0.33,0.41
MEDI,2019-11-08 14:35:00 EST,43.22668,-78.30927,533,29.6,28.8,24.1,60.6,17.6,0.000,0.000,0.00,0.000,4.6,7.8,1.7,298,23,5.1,8.6,1.7,299,22,5.1,8.6,1.7,299,22,360,29.73,-0.1,0,0,0,44.4,45.0,48.6,0.35,0.33,0.41
MEDI,2019-11-08 14:40:00 EST,43.22668,-78.30927,533,29.1,28.5,22.5,59.0,16.6,0.000,0.000,0.00,0.000,6.0,8.9,1.7,324,24,6.5,10.6,2.0,326,23,6.5,10.6,2.0,326,23,343,29.73,-0.1,0,0,0,44.4,45.0,48.6,0.35,0.33,0.41
MEDI,2019-11-08 14:45:00 EST,43.22668,-78.30927,533,29.1,28.5,23.4,60.2,17.1,0.000,0.000,0.00,0.000,4.9,8.4,1.3,308,20,5.3,9.2,1.4,307,19,5.3,9.2,1.4,307,19,135,29.73,-0.1,0,0,0,44.4,45.0,48.6,0.35,0.33,0.41
MEDI,2019-11-08 14:50:00 EST,43.22668,-78.30927,533,28.4,28.1,22.4,61.2,16.7,0.000,0.000,0.00,0.000,5.0,8.5,1.4,304,19,5.6,9.2,1.5,306,20,5.6,9.2,1.5,306,20,126,29.73,-0.1,0,0,0,44.4,45.0,48.6,0.35,0.33,0.41
MEDI,2019-11-08 14:55:00 EST,43.22668,-78.30927,533,28.7,28.2,21.6,61.0,17.0,0.000,0.000,0.00,0.000,6.5,9.5,1.6,301,17,6.9,10.6,1.5,301,16,6.9,10.6,1.5,301,16,257,29.72,-0.1,0,0,0,44.4,45.0,48.6,0.35,0.33,0.41
MEDI,2019-11-08 15:00:00 EST,43.22668,-78.30927,533,28.5,28.1,22.4,61.0,16.8,0.000,0.000,0.00,0.000,5.2,8.8,1.7,292,19,5.7,9.4,1.8,294,18,5.7,9.4,1.8,294,18,190,29.73,0.0,0,0,0,44.4,45.0,48.6,0.35,0.33,0.41
MEDI,2019-11-08 15:05:00 EST,43.22668,-78.30927,533,28.6,28.3,20.9,60.2,16.5,0.000,0.000,0.00,0.000,7.0,11.3,2.2,281,21,7.7,12.9,2.4,281,19,7.7,12.9,2.4,281,19,87,29.73,-0.1,0,0,0,44.4,45.0,48.6,0.35,0.33,0.41
MEDI,2019-11-08 15:10:00 EST,43.22668,-78.30927,533,28.4,28.1,21.5,60.8,16.6,0.000,0.000,0.00,0.000,5.9,10.4,1.9,296,21,6.6,11.1,2.0,297,22,6.6,11.1,2.0,297,22,139,29.73,-0.0,0,0,0,44.1,45.0,48.6,0.35,0.33,0.41
MEDI,2019-11-08 15:15:00 EST,43.22668,-78.30927,533,29.1,28.6,22.6,59.2,16.7,0.000,0.000,0.00,0.000,5.6,9.5,1.3,312,21,6.2,9.8,1.3,312,20,6.2,9.8,1.3,312,20,238,29.73,-0.1,0,0,0,44.1,45.0,48.6,0.35,0.33,0.41
MEDI,2019-11-08 15:20:00 EST,43.22668,-78.30927,533,29.2,28.7,22.6,59.3,16.8,0.000,0.000,0.00,0.000,5.9,8.3,1.2,331,19,6.5,10.0,1.4,332,15,6.5,10.0,1.4,332,15,228,29.73,-0.2,0,0,0,44.1,45.0,48.6,0.35,0.33,0.41
MEDI,2019-11-08 15:25:00 EST,43.22668,-78.30927,533,29.5,29.0,23.4,61.3,17.8,0.000,0.000,0.00,0.000,5.3,9.3,2.1,329,18,5.8,10.3,2.3,330,18,5.8,10.3,2.3,330,18,221,29.73,-0.1,0,0,0,44.0,45.1,48.6,0.35,0.33,0.41
MEDI,2019-11-08 15:30:00 EST,43.22668,-78.30927,533,29.2,28.8,22.4,60.2,17.1,0.000,0.000,0.00,0.000,6.3,9.4,1.4,319,12,6.6,10.2,1.4,318,11,6.6,10.2,1.4,318,11,209,29.73,-0.1,0,0,0,43.9,45.1,48.6,0.35,0.33,0.41
MEDI,2019-11-08 15:35:00 EST,43.22668,-78.30927,533,29.1,28.7,22.0,61.4,17.5,0.000,0.000,0.00,0.000,6.4,10.4,1.5,329,14,7.0,10.9,1.6,331,14,7.0,10.9,1.6,331,14,204,29.73,-0.1,0,0,0,43.9,45.1,48.6,0.35,0.33,0.41
MEDI,2019-11-08 15:40:00 EST,43.22668,-78.30927,533,29.1,28.7,23.5,60.9,17.3,0.000,0.000,0.00,0.000,4.9,7.6,1.3,321,16,5.2,8.3,1.3,322,16,5.2,8.3,1.3,322,16,185,29.73,-0.1,0,0,0,43.8,45.1,48.6,0.35,0.33,0.41
MEDI,2019-11-08 15:45:00 EST,43.22668,-78.30927,533,29.1,28.7,24.6,60.9,17.3,0.000,0.000,0.00,0.000,3.7,6.1,1.2,314,19,4.1,6.8,1.2,315,20,4.1,6.8,1.2,315,20,171,29.72,-0.1,0,0,0,43.7,45.1,48.6,0.35,0.33,0.41
MEDI,2019-11-08 15:50:00 EST,43.22668,-78.30927,533,29.4,28.9,23.9,61.0,17.6,0.000,0.000,0.00,0.000,4.6,6.9,1.2,275,23,5.1,7.7,1.3,276,22,5.1,7.7,1.3,276,22,167,29.72,-0.1,0,0,0,43.7,45.1,48.6,0.35,0.32,0.41
MEDI,2019-11-08 15:55:00 EST,43.22668,-78.30927,533,29.3,28.9,25.3,60.9,17.5,0.000,0.000,0.00,0.000,3.4,5.0,1.0,287,20,3.7,6.0,1.1,288,20,3.7,6.0,1.1,288,20,164,29.72,-0.1,0,0,0,43.6,45.1,48.6,0.35,0.33,0.41
MEDI,2019-11-08 16:00:00 EST,43.22668,-78.30927,533,29.3,28.8,23.2,59.3,16.8,0.000,0.000,0.00,0.000,5.2,8.5,1.5,276,23,5.7,9.3,1.5,277,21,5.7,9.3,1.5,277,21,141,29.72,-0.1,0,0,0,43.5,45.1,48.6,0.35,0.33,0.41
MEDI,2019-11-08 16:05:00 EST,43.22668,-78.30927,533,29.2,28.9,24.6,59.4,16.8,0.000,0.000,0.00,0.000,3.8,7.1,1.2,269,23,4.3,8.0,1.3,271,23,4.3,8.0,1.3,271,23,117,29.73,-0.1,0,0,0,43.5,45.1,48.6,0.35,0.33,0.41
MEDI,2019-11-08 16:10:00 EST,43.22668,-78.30927,533,29.0,28.8,24.6,60.9,17.2,0.000,0.000,0.00,0.000,3.7,6.4,0.8,314,19,4.1,6.9,1.1,313,17,4.1,6.9,1.1,313,17,101,29.73,-0.1,0,0,0,43.4,45.1,48.6,0.35,0.33,0.41
MEDI,2019-11-08 16:15:00 EST,43.22668,-78.30927,533,28.9,28.6,23.6,61.3,17.2,0.000,0.000,0.00,0.000,4.3,8.1,1.3,289,26,4.8,9.0,1.4,290,24,4.8,9.0,1.4,290,24,85,29.73,-0.1,0,0,0,43.3,45.1,48.6,0.35,0.33,0.41
MEDI,2019-11-08 16:20:00 EST,43.22668,-78.30927,533,28.7,28.5,22.8,59.8,16.5,0.000,0.000,0.00,0.000,4.9,8.0,1.3,293,24,5.4,9.0,1.6,292,23,5.4,9.0,1.6,292,23,70,29.73,-0.1,0,0,0,43.3,45.1,48.6,0.35,0.33,0.41
MEDI,2019-11-08 16:25:00 EST,43.22668,-78.30927,533,28.5,28.4,23.2,60.9,16.7,0.000,0.000,0.00,0.000,4.5,6.5,0.9,303,18,4.8,7.0,1.0,303,17,4.8,7.0,1.0,303,17,57,29.73,-0.1,0,0,0,43.2,45.1,48.6,0.35,0.33,0.41
MEDI,2019-11-08 16:30:00 EST,43.22668,-78.30927,533,28.4,28.3,24.1,61.3,16.8,0.000,0.000,0.00,0.000,3.5,7.7,1.5,291,14,3.9,8.3,1.7,292,15,3.9,8.3,1.7,292,15,46,29.73,-0.1,0,0,0,43.2,45.1,48.6,0.35,0.33,0.41
MEDI,2019-11-08 16:35:00 EST,43.22668,-78.30927,533,28.2,28.2,23.0,61.1,16.5,0.000,0.000,0.00,0.000,4.1,6.8,1.1,280,21,4.6,7.3,1.1,282,19,4.6,7.3,1.1,282,19,31,29.73,-0.1,0,0,0,43.0,45.1,48.6,0.35,0.33,0.41
MEDI,2019-11-08 16:40:00 EST,43.22668,-78.30927,533,28.0,28.1,22.7,62.1,16.7,0.000,0.000,0.00,0.000,4.2,8.0,1.6,285,16,4.6,9.7,1.8,286,14,4.6,9.7,1.8,286,14,19,29.73,-0.1,0,0,0,43.0,45.1,48.6,0.35,0.33,0.41
MEDI,2019-11-08 16:45:00 EST,43.22668,-78.30927,533,28.0,28.1,22.9,61.6,16.5,0.000,0.000,0.00,0.000,4.1,6.4,1.0,289,16,4.5,6.8,1.1,289,14,4.5,6.8,1.1,289,14,14,29.73,-0.1,0,0,0,42.9,45.1,48.6,0.35,0.33,0.41
MEDI,2019-11-08 16:50:00 EST,43.22668,-78.30927,533,27.7,27.9,23.6,63.7,17.0,0.000,0.000,0.00,0.000,3.2,7.3,1.6,297,19,3.6,8.0,1.7,296,19,3.6,8.0,1.7,296,19,10,29.73,-0.1,0,0,0,42.8,45.1,48.6,0.35,0.33,0.41
MEDI,2019-11-08 16:55:00 EST,43.22668,-78.30927,533,27.6,27.8,23.9,64.0,17.0,0.000,0.000,0.00,0.000,3.0,5.6,1.0,296,17,3.3,6.6,1.1,299,15,3.3,6.6,1.1,299,15,7,29.73,-0.1,0,0,0,42.7,45.1,48.6,0.35,0.32,0.41
MEDI,2019-11-08 17:00:00 EST,43.22668,-78.30927,533,27.6,27.7,24.3,63.9,17.0,0.000,0.000,0.00,0.000,2.8,5.0,0.8,283,16,3.0,6.1,1.0,286,15,3.0,6.1,1.0,286,15,4,29.73,-0.1,0,0,0,42.6,45.1,48.6,0.35,0.33,0.41
MEDI,2019-11-08 17:05:00 EST,43.22668,-78.30927,533,27.5,27.6,27.5,64.2,17.0,0.000,0.000,0.00,0.000,2.6,5.3,1.0,289,17,2.8,5.9,1.1,291,17,2.8,5.9,1.1,291,17,2,29.74,-0.1,0,0,0,42.5,45.1,48.6,0.35,0.33,0.41
MEDI,2019-11-08 17:10:00 EST,43.22668,-78.30927,533,27.2,27.4,27.2,65.4,17.1,0.000,0.000,0.00,0.000,1.8,3.9,0.7,281,21,2.1,4.2,0.8,282,21,2.1,4.2,0.8,282,21,1,29.74,-0.1,0,0,0,42.4,45.1,48.6,0.35,0.33,0.41
MEDI,2019-11-08 17:15:00 EST,43.22668,-78.30927,533,27.0,27.3,27.0,67.1,17.6,0.000,0.000,0.00,0.000,1.6,2.6,0.4,287,10,1.8,3.4,0.5,289,13,1.8,3.4,0.5,289,13,0,29.74,-0.1,0,0,0,42.4,45.1,48.6,0.35,0.33,0.41
MEDI,2019-11-08 17:20:00 EST,43.22668,-78.30927,533,26.9,27.2,26.9,67.7,17.7,0.000,0.000,0.00,0.000,1.9,2.7,0.4,270,14,2.1,3.1,0.5,270,17,2.1,3.1,0.5,270,17,0,29.74,-0.1,0,0,0,42.3,45.1,48.6,0.35,0.33,0.41
MEDI,2019-11-08 17:25:00 EST,43.22668,-78.30927,533,26.7,26.9,26.7,67.1,17.3,0.000,0.000,0.00,0.000,1.2,1.6,0.2,258,7,1.3,1.8,0.2,255,10,1.3,1.8,0.2,255,10,0,29.74,-0.1,0,0,0,42.2,45.1,48.6,0.35,0.33,0.41
MEDI,2019-11-08 17:30:00 EST,43.22668,-78.30927,533,26.3,26.8,26.3,69.0,17.5,0.000,0.000,0.00,0.000,1.4,2.1,0.2,245,8,1.4,2.4,0.3,241,9,1.4,2.4,0.3,241,9,0,29.74,-0.1,0,0,0,42.1,45.1,48.6,0.35,0.33,0.41
MEDI,2019-11-08 17:35:00 EST,43.22668,-78.30927,533,25.7,26.7,25.7,72.6,18.1,0.000,0.000,0.00,0.000,1.4,2.2,0.3,243,7,1.4,2.3,0.3,240,8,1.4,2.3,0.3,240,8,0,29.74,-0.1,0,0,0,42.0,45.1,48.6,0.35,0.33,0.41
MEDI,2019-11-08 17:40:00 EST,43.22668,-78.30927,533,25.1,26.4,25.1,77.2,18.9,0.000,0.000,0.00,0.000,0.9,1.2,0.2,240,6,1.0,1.4,0.2,235,9,1.0,1.4,0.2,235,9,0,29.74,-0.1,0,0,0,41.9,45.1,48.5,0.35,0.33,0.41
MEDI,2019-11-08 17:45:00 EST,43.22668,-78.30927,533,25.0,26.2,25.0,79.6,19.5,0.000,0.000,0.00,0.000,1.1,1.4,0.1,237,4,1.1,1.4,0.1,230,4,1.1,1.4,0.1,230,4,0,29.74,-0.1,0,0,0,41.8,45.1,48.6,0.35,0.33,0.41
MEDI,2019-11-08 17:50:00 EST,43.22668,-78.30927,533,24.7,26.0,24.7,81.3,19.8,0.000,0.000,0.00,0.000,1.0,1.2,0.1,232,3,1.0,1.4,0.2,224,10,1.0,1.4,0.2,224,10,0,29.74,-0.1,0,0,0,41.7,45.1,48.5,0.35,0.33,0.41
MEDI,2019-11-08 17:55:00 EST,43.22668,-78.30927,533,24.0,25.5,24.0,82.7,19.5,0.000,0.000,0.00,0.000,0.7,1.2,0.2,225,0,1.0,1.5,0.1,203,9,1.0,1.5,0.1,203,9,0,29.74,-0.1,0,0,0,41.6,45.1,48.6,0.35,0.33,0.41
MEDI,2019-11-08 18:00:00 EST,43.22668,-78.30927,533,24.0,25.3,24.0,85.5,20.3,0.000,0.000,0.00,0.000,0.7,1.2,0.3,218,6,0.9,1.5,0.4,207,6,0.9,1.5,0.4,207,6,0,29.74,-0.0,0,0,0,41.5,45.1,48.5,0.35,0.33,0.41
MEDI,2019-11-08 18:05:00 EST,43.22668,-78.30927,533,23.9,25.5,23.9,86.0,20.3,0.000,0.000,0.00,0.000,0.8,1.4,0.2,209,0,1.1,1.6,0.2,199,10,1.1,1.6,0.2,199,10,0,29.74,-0.1,0,0,0,41.4,45.1,48.6,0.35,0.33,0.41
MEDI,2019-11-08 18:10:00 EST,43.22668,-78.30927,533,23.7,25.4,23.7,86.8,20.4,0.000,0.000,0.00,0.000,1.7,2.3,0.3,202,5,1.9,2.6,0.4,201,7,1.9,2.6,0.4,201,7,0,29.74,-0.1,0,0,0,41.4,45.1,48.5,0.35,0.33,0.41
MEDI,2019-11-08 18:15:00 EST,43.22668,-78.30927,533,23.5,25.8,23.5,86.4,20.1,0.000,0.000,0.00,0.000,1.8,2.3,0.2,209,6,1.9,2.4,0.3,211,6,1.9,2.4,0.3,211,6,0,29.74,-0.1,0,0,0,41.2,45.1,48.5,0.35,0.33,0.41
MEDI,2019-11-08 18:20:00 EST,43.22668,-78.30927,533,22.9,25.3,22.9,86.1,19.4,0.000,0.000,0.00,0.000,0.8,1.6,0.4,217,6,1.0,1.7,0.4,212,9,1.0,1.7,0.4,212,9,0,29.74,-0.0,0,0,0,41.1,45.1,48.5,0.35,0.33,0.41
MEDI,2019-11-08 18:25:00 EST,43.22668,-78.30927,533,23.0,25.4,23.0,88.4,20.1,0.000,0.000,0.00,0.000,0.7,1.2,0.2,214,6,0.9,1.4,0.3,202,11,0.9,1.4,0.3,202,11,0,29.74,-0.0,0,0,0,41.0,45.1,48.5,0.35,0.33,0.41
MEDI,2019-11-08 18:30:00 EST,43.22668,-78.30927,533,22.9,25.5,22.9,88.8,20.1,0.000,0.000,0.00,0.000,0.8,1.1,0.2,210,0,1.1,1.5,0.2,195,10,1.1,1.5,0.2,195,10,0,29.74,-0.1,0,0,0,41.0,45.1,48.4,0.35,0.33,0.41
MEDI,2019-11-08 18:35:00 EST,43.22668,-78.30927,533,22.3,25.4,22.3,88.7,19.5,0.000,0.000,0.00,0.000,1.1,1.4,0.2,216,6,1.2,2.1,0.2,210,11,1.2,2.1,0.2,210,11,0,29.74,-0.1,0,0,0,40.9,45.1,48.4,0.35,0.32,0.41
MEDI,2019-11-08 18:40:00 EST,43.22668,-78.30927,533,22.7,25.2,22.7,89.3,20.0,0.000,0.000,0.00,0.000,1.1,1.9,0.3,228,5,1.1,2.2,0.4,225,9,1.1,2.2,0.4,225,9,0,29.74,-0.1,0,0,0,40.8,45.1,48.4,0.35,0.33,0.41
MEDI,2019-11-08 18:45:00 EST,43.22668,-78.30927,533,22.7,25.1,22.7,90.1,20.3,0.000,0.000,0.00,0.000,1.8,2.6,0.3,221,8,1.8,2.6,0.2,221,9,1.8,2.6,0.2,221,9,0,29.75,-0.1,0,0,0,40.6,45.1,48.4,0.35,0.33,0.41
MEDI,2019-11-08 18:50:00 EST,43.22668,-78.30927,533,22.6,24.7,22.6,89.9,20.1,0.000,0.000,0.00,0.000,1.5,2.2,0.3,204,3,1.6,2.6,0.3,202,8,1.6,2.6,0.3,202,8,0,29.75,-0.0,0,0,0,40.6,45.1,48.4,0.35,0.33,0.41
MEDI,2019-11-08 18:55:00 EST,43.22668,-78.30927,533,22.4,24.7,22.4,89.9,19.9,0.000,0.000,0.00,0.000,2.0,2.4,0.2,205,3,2.2,3.0,0.3,208,5,2.2,3.0,0.3,208,5,0,29.74,-0.0,0,0,0,40.5,45.1,48.4,0.35,0.32,0.41
MEDI,2019-11-08 19:00:00 EST,43.22668,-78.30927,533,22.2,24.9,22.2,90.6,19.9,0.000,0.000,0.00,0.000,1.6,2.7,0.4,208,3,1.7,2.7,0.4,211,5,1.7,2.7,0.4,211,5,0,29.74,-0.1,0,0,0,40.5,45.1,48.4,0.35,0.33,0.41
MEDI,2019-11-08 19:05:00 EST,43.22668,-78.30927,533,22.3,24.7,22.3,91.1,20.1,0.000,0.000,0.00,0.000,1.4,2.0,0.3,215,7,1.5,2.1,0.3,215,8,1.5,2.1,0.3,215,8,0,29.74,-0.0,0,0,0,40.4,45.1,48.4,0.35,0.33,0.41
MEDI,2019-11-08 19:10:00 EST,43.22668,-78.30927,533,22.5,25.0,22.5,92.0,20.5,0.000,0.000,0.00,0.000,0.9,1.6,0.3,224,0,0.9,2.0,0.4,224,9,0.9,2.0,0.4,224,9,0,29.75,-0.0,0,0,0,40.3,45.1,48.4,0.35,0.33,0.41
MEDI,2019-11-08 19:15:00 EST,43.22668,-78.30927,533,22.4,24.9,22.4,92.9,20.6,0.000,0.000,0.00,0.000,1.7,2.3,0.2,229,5,1.6,2.3,0.2,229,6,1.6,2.3,0.2,229,6,0,29.75,-0.0,0,0,0,40.2,45.1,48.4,0.35,0.33,0.41
MEDI,2019-11-08 19:20:00 EST,43.22668,-78.30927,533,22.3,24.8,22.3,93.1,20.6,0.000,0.000,0.00,0.000,1.2,1.8,0.2,213,6,1.4,1.9,0.2,204,11,1.4,1.9,0.2,204,11,0,29.75,-0.1,0,0,0,40.1,45.1,48.4,0.35,0.33,0.41
MEDI,2019-11-08 19:25:00 EST,43.22668,-78.30927,533,21.8,24.4,21.8,93.3,20.2,0.000,0.000,0.00,0.000,1.5,2.0,0.3,198,1,1.7,2.3,0.3,196,8,1.7,2.3,0.3,196,8,0,29.75,-0.1,0,0,0,40.1,45.1,48.4,0.35,0.32,0.41
MEDI,2019-11-08 19:30:00 EST,43.22668,-78.30927,533,21.4,24.5,21.4,93.5,19.8,0.000,0.000,0.00,0.000,2.3,2.9,0.3,198,2,2.4,3.2,0.3,202,3,2.4,3.2,0.3,202,3,0,29.75,0.0,0,0,0,39.9,45.1,48.4,0.35,0.33,0.41
MEDI,2019-11-08 19:35:00 EST,43.22668,-78.30927,533,21.7,24.5,21.7,93.6,20.1,0.000,0.000,0.00,0.000,2.8,3.4,0.2,203,3,2.8,3.6,0.3,206,4,2.8,3.6,0.3,206,4,0,29.75,-0.0,0,0,0,39.9,45.1,48.4,0.35,0.33,0.41
MEDI,2019-11-08 19:40:00 EST,43.22668,-78.30927,533,21.4,24.7,16.6,93.5,19.8,0.000,0.000,0.00,0.000,3.3,4.2,0.4,206,4,3.5,4.4,0.5,207,6,3.5,4.4,0.5,207,6,0,29.75,0.0,0,0,0,39.9,45.1,48.4,0.35,0.33,0.41
MEDI,2019-11-08 19:45:00 EST,43.22668,-78.30927,533,21.7,24.6,21.7,93.9,20.2,0.000,0.000,0.00,0.000,2.5,3.4,0.5,200,6,2.7,3.8,0.5,202,8,2.7,3.8,0.5,202,8,0,29.75,-0.0,0,0,0,39.7,45.1,48.4,0.35,0.33,0.41
MEDI,2019-11-08 19:50:00 EST,43.22668,-78.30927,533,21.8,24.1,21.8,93.8,20.3,0.000,0.000,0.00,0.000,1.8,2.8,0.5,209,10,1.9,3.1,0.5,208,11,1.9,3.1,0.5,208,11,0,29.75,-0.1,0,0,0,39.7,45.1,48.4,0.35,0.33,0.41
MEDI,2019-11-08 19:55:00 EST,43.22668,-78.30927,533,22.3,24.5,17.4,93.8,20.8,0.000,0.000,0.00,0.000,3.4,4.6,0.8,198,7,3.6,4.6,0.9,197,8,3.6,4.6,0.9,197,8,0,29.74,-0.0,0,0,0,39.6,45.1,48.4,0.34,0.33,0.41
MEDI,2019-11-08 20:00:00 EST,43.22668,-78.30927,533,22.0,25.2,16.7,91.9,20.0,0.000,0.000,0.00,0.000,3.7,5.3,0.5,200,3,3.8,5.5,0.6,200,4,3.8,5.5,0.6,200,4,0,29.74,-0.0,0,0,0,39.6,45.1,48.4,0.34,0.33,0.41
MEDI,2019-11-08 20:05:00 EST,43.22668,-78.30927,533,22.2,24.5,22.2,89.7,19.6,0.000,0.000,0.00,0.000,2.2,3.3,0.6,209,11,2.2,3.1,0.6,211,10,2.2,3.1,0.6,211,10,0,29.74,-0.1,0,0,0,39.6,45.1,48.4,0.34,0.33,0.41
MEDI,2019-11-08 20:10:00 EST,43.22668,-78.30927,533,22.3,24.4,18.2,89.1,19.6,0.000,0.000,0.00,0.000,3.0,3.9,0.5,203,6,3.1,4.4,0.5,205,6,3.1,4.4,0.5,205,6,0,29.74,-0.1,0,0,0,39.5,45.1,48.4,0.34,0.33,0.41
MEDI,2019-11-08 20:15:00 EST,43.22668,-78.30927,533,22.2,24.8,17.4,88.8,19.4,0.000,0.000,0.00,0.000,3.4,3.9,0.2,204,5,3.5,4.3,0.3,205,6,3.5,4.3,0.3,205,6,0,29.74,-0.0,0,0,0,39.4,45.1,48.4,0.35,0.33,0.41
MEDI,2019-11-08 20:20:00 EST,43.22668,-78.30927,533,22.8,25.0,17.9,86.4,19.4,0.000,0.000,0.00,0.000,3.6,5.2,0.5,201,5,3.7,5.5,0.5,201,6,3.7,5.5,0.5,201,6,0,29.74,0.1,0,0,0,39.4,45.1,48.4,0.34,0.32,0.41
MEDI,2019-11-08 20:25:00 EST,43.22668,-78.30927,533,23.7,25.0,23.7,83.5,19.4,0.000,0.000,0.00,0.000,2.2,3.5,0.6,194,11,2.4,4.1,0.7,194,13,2.4,4.1,0.7,194,13,0,29.74,-0.1,0,0,0,39.2,45.1,48.4,0.34,0.33,0.41
MEDI,2019-11-08 20:30:00 EST,43.22668,-78.30927,533,23.1,24.6,23.1,82.9,18.6,0.000,0.000,0.00,0.000,2.0,2.9,0.4,190,5,2.2,3.1,0.4,189,7,2.2,3.1,0.4,189,7,0,29.74,-0.1,0,0,0,39.2,45.1,48.4,0.34,0.33,0.41
MEDI,2019-11-08 20:35:00 EST,43.22668,-78.30927,533,22.9,24.5,22.9,84.5,18.9,0.000,0.000,0.00,0.000,2.5,3.4,0.4,186,3,2.6,3.6,0.4,185,4,2.6,3.6,0.4,185,4,0,29.74,-0.1,0,0,0,39.2,45.1,48.4,0.34,0.33,0.41
MEDI,2019-11-08 20:40:00 EST,43.22668,-78.30927,533,22.5,24.7,17.5,85.4,18.8,0.000,0.000,0.00,0.000,3.6,4.6,0.4,184,4,3.7,5.0,0.5,184,5,3.7,5.0,0.5,184,5,0,29.74,-0.0,0,0,0,39.2,45.1,48.4,0.34,0.33,0.41
MEDI,2019-11-08 20:45:00 EST,43.22668,-78.30927,533,22.8,24.6,18.8,86.6,19.4,0.000,0.000,0.00,0.000,3.0,3.7,0.4,186,4,3.1,4.1,0.4,185,6,3.1,4.1,0.4,185,6,0,29.74,0.1,0,0,0,39.2,45.1,48.4,0.34,0.33,0.41
MEDI,2019-11-08 20:50:00 EST,43.22668,-78.30927,533,23.0,24.6,18.1,86.8,19.7,0.000,0.000,0.00,0.000,3.5,4.2,0.3,185,4,3.7,4.7,0.4,184,4,3.7,4.7,0.4,184,4,0,29.73,-0.0,0,0,0,39.2,45.1,48.4,0.34,0.33,0.41
MEDI,2019-11-08 20:55:00 EST,43.22668,-78.30927,533,23.0,24.5,17.9,86.4,19.5,0.000,0.000,0.00,0.000,3.7,4.2,0.3,183,4,3.9,4.7,0.4,181,4,3.9,4.7,0.4,181,4,0,29.73,0.0,0,0,0,39.1,45.1,48.4,0.34,0.33,0.41
MEDI,2019-11-08 21:00:00 EST,43.22668,-78.30927,533,23.1,24.6,18.2,86.2,19.5,0.000,0.000,0.00,0.000,3.4,3.9,0.2,181,3,3.7,4.4,0.3,181,3,3.7,4.4,0.3,181,3,0,29.73,-0.0,0,0,0,39.0,45.1,48.4,0.34,0.33,0.41
MEDI,2019-11-08 21:05:00 EST,43.22668,-78.30927,533,23.1,24.5,23.1,86.9,19.8,0.000,0.000,0.00,0.000,2.7,3.6,0.4,189,6,2.9,4.1,0.4,188,7,2.9,4.1,0.4,188,7,0,29.73,-0.1,0,0,0,39.0,45.1,48.4,0.34,0.33,0.41
MEDI,2019-11-08 21:10:00 EST,43.22668,-78.30927,533,23.1,24.5,18.7,84.4,19.1,0.000,0.000,0.00,0.000,3.1,4.5,0.6,193,6,3.3,4.8,0.6,194,7,3.3,4.8,0.6,194,7,0,29.73,-0.0,0,0,0,39.0,45.1,48.4,0.34,0.32,0.41
MEDI,2019-11-08 21:15:00 EST,43.22668,-78.30927,533,23.3,24.3,18.1,82.7,18.8,0.000,0.000,0.00,0.000,3.7,5.0,0.5,188,8,3.9,5.9,0.6,188,8,3.9,5.9,0.6,188,8,0,29.73,-0.1,0,0,0,38.9,45.1,48.4,0.34,0.33,0.41
MEDI,2019-11-08 21:20:00 EST,43.22668,-78.30927,533,22.9,24.2,18.8,82.4,18.4,0.000,0.000,0.00,0.000,3.1,4.4,0.6,193,7,3.1,4.7,0.7,193,7,3.1,4.7,0.7,193,7,0,29.73,-0.0,0,0,0,38.8,45.1,48.4,0.34,0.33,0.41
MEDI,2019-11-08 21:25:00 EST,43.22668,-78.30927,533,22.7,24.1,22.7,83.3,18.4,0.000,0.000,0.00,0.000,2.8,4.6,0.5,196,7,2.9,4.3,0.4,197,8,2.9,4.3,0.4,197,8,0,29.73,-0.0,0,0,0,38.8,45.1,48.4,0.34,0.33,0.41
MEDI,2019-11-08 21:30:00 EST,43.22668,-78.30927,533,22.7,24.2,18.8,83.3,18.4,0.000,0.000,0.00,0.000,2.9,3.4,0.3,198,6,3.0,4.0,0.4,200,8,3.0,4.0,0.4,200,8,0,29.73,-0.1,0,0,0,38.8,45.1,48.4,0.34,0.33,0.41
MEDI,2019-11-08 21:35:00 EST,43.22668,-78.30927,533,22.6,24.3,18.5,83.4,18.3,0.000,0.000,0.00,0.000,2.9,4.2,0.5,194,7,3.1,4.5,0.5,194,8,3.1,4.5,0.5,194,8,0,29.73,-0.0,0,0,0,38.7,45.1,48.4,0.34,0.33,0.41
MEDI,2019-11-08 21:40:00 EST,43.22668,-78.30927,533,23.2,24.3,18.7,83.1,18.8,0.000,0.000,0.00,0.000,3.3,4.0,0.4,193,7,3.4,4.5,0.5,193,7,3.4,4.5,0.5,193,7,0,29.73,0.0,0,0,0,38.7,45.1,48.4,0.34,0.32,0.41
MEDI,2019-11-08 21:45:00 EST,43.22668,-78.30927,533,23.3,24.2,19.3,82.2,18.7,0.000,0.000,0.00,0.000,3.1,4.7,0.7,193,8,3.1,5.5,0.7,192,8,3.1,5.5,0.7,192,8,0,29.73,-0.1,0,0,0,38.7,45.1,48.4,0.34,0.33,0.41
MEDI,2019-11-08 21:50:00 EST,43.22668,-78.30927,533,23.2,24.4,18.0,81.6,18.4,0.000,0.000,0.00,0.000,3.7,5.0,0.7,200,8,3.9,5.2,0.7,200,6,3.9,5.2,0.7,200,6,0,29.73,-0.1,0,0,0,38.7,45.1,48.4,0.34,0.33,0.41
MEDI,2019-11-08 21:55:00 EST,43.22668,-78.30927,533,23.1,24.5,18.2,80.1,17.9,0.000,0.000,0.00,0.000,3.5,4.5,0.4,204,7,3.7,4.9,0.5,206,7,3.7,4.9,0.5,206,7,0,29.72,-0.0,0,0,0,38.6,45.0,48.4,0.34,0.33,0.41
MEDI,2019-11-08 22:00:00 EST,43.22668,-78.30927,533,23.0,24.6,18.6,78.6,17.4,0.000,0.000,0.00,0.000,3.1,4.5,0.7,207,11,3.4,5.2,0.9,208,12,3.4,5.2,0.9,208,12,0,29.72,-0.0,0,0,0,38.5,45.0,48.4,0.34,0.33,0.41
MEDI,2019-11-08 22:05:00 EST,43.22668,-78.30927,533,23.2,24.6,18.4,78.9,17.6,0.000,0.000,0.00,0.000,3.4,5.1,0.7,205,10,3.6,5.5,0.8,206,10,3.6,5.5,0.8,206,10,0,29.72,0.1,0,0,0,38.5,45.0,48.4,0.34,0.33,0.41
MEDI,2019-11-08 22:10:00 EST,43.22668,-78.30927,533,23.6,24.8,18.0,78.0,17.7,0.000,0.000,0.00,0.000,4.1,5.6,0.5,197,7,4.3,6.2,0.6,197,6,4.3,6.2,0.6,197,6,0,29.72,0.1,0,0,0,38.5,45.0,48.4,0.34,0.33,0.41
MEDI,2019-11-08 22:15:00 EST,43.22668,-78.30927,533,23.6,24.8,17.9,77.3,17.6,0.000,0.000,0.00,0.000,4.2,5.3,0.6,190,7,4.4,6.5,0.7,189,7,4.4,6.5,0.7,189,7,0,29.72,-0.0,0,0,0,38.4,45.0,48.4,0.34,0.33,0.41
MEDI,2019-11-08 22:20:00 EST,43.22668,-78.30927,533,23.4,24.8,17.7,78.2,17.6,0.000,0.000,0.00,0.000,4.2,6.1,0.7,188,8,4.4,6.3,0.7,189,7,4.4,6.3,0.7,189,7,0,29.72,-0.0,0,0,0,38.3,45.0,48.4,0.34,0.33,0.41
MEDI,2019-11-08 22:25:00 EST,43.22668,-78.30927,533,22.6,24.6,17.2,80.3,17.4,0.000,0.000,0.00,0.000,3.8,4.8,0.4,184,7,4.0,5.3,0.5,183,7,4.0,5.3,0.5,183,7,0,29.71,-0.0,0,0,0,38.3,45.0,48.4,0.34,0.33,0.41
MEDI,2019-11-08 22:30:00 EST,43.22668,-78.30927,533,22.9,24.4,17.2,84.1,18.8,0.000,0.000,0.00,0.000,4.1,5.3,0.4,181,5,4.3,5.8,0.5,181,6,4.3,5.8,0.5,181,6,0,29.71,-0.0,0,0,0,38.3,45.0,48.4,0.34,0.33,0.41
MEDI,2019-11-08 22:35:00 EST,43.22668,-78.30927,533,23.0,24.0,19.1,85.1,19.2,0.000,0.000,0.00,0.000,2.8,5.0,0.6,200,14,3.0,5.3,0.7,202,15,3.0,5.3,0.7,202,15,0,29.71,0.1,0,0,0,38.3,45.0,48.4,0.34,0.33,0.41
MEDI,2019-11-08 22:40:00 EST,43.22668,-78.30927,533,23.4,24.1,17.5,81.9,18.7,0.000,0.000,0.00,0.000,4.2,6.7,1.1,194,11,4.5,7.7,1.2,193,9,4.5,7.7,1.2,193,9,0,29.71,0.0,0,0,0,38.3,45.0,48.4,0.34,0.33,0.41
MEDI,2019-11-08 22:45:00 EST,43.22668,-78.30927,533,23.3,24.1,17.2,80.1,18.1,0.000,0.000,0.00,0.000,4.5,6.4,0.9,198,10,4.8,6.7,0.9,198,10,4.8,6.7,0.9,198,10,0,29.71,-0.1,0,0,0,38.2,45.0,48.4,0.34,0.33,0.41
MEDI,2019-11-08 22:50:00 EST,43.22668,-78.30927,533,23.2,24.0,16.7,80.1,18.0,0.000,0.000,0.00,0.000,4.8,7.3,0.9,193,9,5.0,8.5,1.1,193,9,5.0,8.5,1.1,193,9,0,29.71,0.0,0,0,0,38.1,45.0,48.4,0.34,0.33,0.41
MEDI,2019-11-08 22:55:00 EST,43.22668,-78.30927,533,23.1,23.9,16.9,80.3,17.9,0.000,0.000,0.00,0.000,4.7,6.4,0.6,194,7,4.8,6.9,0.8,193,6,4.8,6.9,0.8,193,6,0,29.71,-0.0,0,0,0,38.1,45.0,48.4,0.34,0.33,0.41
MEDI,2019-11-08 23:00:00 EST,43.22668,-78.30927,533,23.1,24.0,16.1,81.0,18.1,0.000,0.000,0.00,0.000,5.2,7.1,0.6,190,7,5.5,7.5,0.8,191,6,5.5,7.5,0.8,191,6,0,29.71,0.0,0,0,0,38.1,45.0,48.4,0.34,0.33,0.41
MEDI,2019-11-08 23:05:00 EST,43.22668,-78.30927,533,22.9,23.8,16.5,80.8,17.9,0.000,0.000,0.00,0.000,4.8,8.0,1.0,193,9,4.9,9.0,1.1,192,9,4.9,9.0,1.1,192,9,0,29.71,0.0,0,0,0,38.1,45.0,48.4,0.34,0.33,0.41
MEDI,2019-11-08 23:10:00 EST,43.22668,-78.30927,533,22.9,23.9,15.5,81.4,18.1,0.000,0.000,0.00,0.000,5.5,7.6,0.9,187,8,5.9,8.7,1.0,185,7,5.9,8.7,1.0,185,7,0,29.70,0.0,0,0,0,37.9,45.0,48.4,0.34,0.33,0.41
MEDI,2019-11-08 23:15:00 EST,43.22668,-78.30927,533,22.9,23.8,15.6,82.1,18.3,0.000,0.000,0.00,0.000,5.7,7.4,0.8,184,6,5.8,8.1,0.8,183,7,5.8,8.1,0.8,183,7,0,29.70,0.0,0,0,0,37.9,45.0,48.4,0.34,0.33,0.41
MEDI,2019-11-08 23:20:00 EST,43.22668,-78.30927,533,22.9,23.7,15.7,82.0,18.2,0.000,0.000,0.00,0.000,5.4,7.3,0.9,192,9,5.7,8.0,1.0,192,8,5.7,8.0,1.0,192,8,0,29.70,0.0,0,0,0,37.9,45.0,48.4,0.34,0.33,0.41
MEDI,2019-11-08 23:25:00 EST,43.22668,-78.30927,533,22.8,23.7,15.7,81.8,18.1,0.000,0.000,0.00,0.000,5.4,6.9,0.8,193,8,5.6,7.7,0.9,193,6,5.6,7.7,0.9,193,6,0,29.70,0.0,0,0,0,37.9,45.0,48.4,0.34,0.33,0.41
MEDI,2019-11-08 23:30:00 EST,43.22668,-78.30927,533,22.8,23.7,16.0,81.7,18.1,0.000,0.000,0.00,0.000,5.1,8.2,1.1,193,8,5.3,8.4,1.2,193,7,5.3,8.4,1.2,193,7,0,29.70,0.0,0,0,0,37.9,44.9,48.4,0.34,0.33,0.41
MEDI,2019-11-08 23:35:00 EST,43.22668,-78.30927,533,22.8,23.7,15.9,81.8,18.1,0.000,0.000,0.00,0.000,5.0,6.9,0.7,191,8,5.4,7.7,0.9,190,7,5.4,7.7,0.9,190,7,0,29.69,0.0,0,0,0,37.9,44.9,48.4,0.34,0.33,0.41
MEDI,2019-11-08 23:40:00 EST,43.22668,-78.30927,533,22.9,23.7,15.4,81.9,18.2,0.000,0.000,0.00,0.000,5.7,7.8,1.1,194,10,5.9,8.3,1.1,193,8,5.9,8.3,1.1,193,8,0,29.69,0.1,0,0,0,37.8,44.8,48.4,0.34,0.33,0.41
MEDI,2019-11-08 23:45:00 EST,43.22668,-78.30927,533,22.8,23.6,15.3,81.9,18.1,0.000,0.000,0.00,0.000,5.7,7.5,0.8,193,9,6.0,8.5,1.0,192,8,6.0,8.5,1.0,192,8,0,29.69,0.0,0,0,0,37.8,44.8,48.4,0.34,0.33,0.41
MEDI,2019-11-08 23:50:00 EST,43.22668,-78.30927,533,22.8,23.6,15.4,82.4,18.2,0.000,0.000,0.00,0.000,5.7,7.4,0.8,194,8,5.8,8.2,0.8,192,8,5.8,8.2,0.8,192,8,0,29.70,0.0,0,0,0,37.8,44.8,48.4,0.34,0.33,0.41
MEDI,2019-11-08 23:55:00 EST,43.22668,-78.30927,533,23.0,23.8,15.4,82.2,18.4,0.000,0.000,0.00,0.000,5.9,8.3,0.8,194,8,6.2,8.9,0.9,192,7,6.2,8.9,0.9,192,7,0,29.70,0.0,0,0,0,37.8,44.8,48.4,0.34,0.33,0.41
MEDU,2019-11-08 00:00:00 EST,42.46869,-74.16541,1247,25.0,25.1,16.5,73.3,17.7,0.000,0.103,0.00,0.000,6.4,11.5,1.7,270,14,7.7,14.3,2.1,275,13,7.7,14.3,2.1,275,13,0,28.70,0.0,0,0,0,37.2,45.1,47.3,0.33,0.37,0.41
MEDU,2019-11-08 00:05:00 EST,42.46869,-74.16541,1247,24.8,24.9,16.6,73.5,17.5,0.000,0.000,0.00,0.000,6.2,10.2,1.8,279,19,7.2,12.4,2.2,283,17,7.2,12.4,2.2,283,17,0,28.70,0.0,0,0,0,37.2,45.1,47.3,0.33,0.36,0.41
MEDU,2019-11-08 00:10:00 EST,42.46869,-74.16541,1247,24.6,24.8,18.4,74.2,17.5,0.000,0.000,0.00,0.000,4.3,7.6,1.0,288,15,4.9,9.3,1.4,293,13,4.9,9.3,1.4,293,13,0,28.70,0.0,0,0,0,37.1,45.1,47.3,0.33,0.36,0.41
MEDU,2019-11-08 00:15:00 EST,42.46869,-74.16541,1247,24.6,24.7,18.6,74.2,17.6,0.000,0.000,0.00,0.000,4.3,9.2,1.7,294,13,4.8,10.8,1.9,298,13,4.8,10.8,1.9,298,13,0,28.70,0.1,0,0,0,37.0,45.0,47.3,0.33,0.36,0.41
MEDU,2019-11-08 00:20:00 EST,42.46869,-74.16541,1247,24.4,24.5,17.9,75.2,17.7,0.000,0.000,0.00,0.000,4.7,7.7,1.3,311,17,5.3,9.9,1.6,313,18,5.3,9.9,1.6,313,18,0,28.70,0.0,0,0,0,37.0,45.0,47.3,0.33,0.36,0.41
MEDU,2019-11-08 00:25:00 EST,42.46869,-74.16541,1247,24.2,24.3,19.0,76.2,17.8,0.000,0.000,0.00,0.000,3.8,7.6,1.4,316,21,4.1,8.2,1.6,321,21,4.1,8.2,1.6,321,21,0,28.70,-0.0,0,0,0,37.0,45.0,47.3,0.33,0.36,0.41
MEDU,2019-11-08 00:30:00 EST,42.46869,-74.16541,1247,23.9,24.1,19.4,76.9,17.8,0.000,0.000,0.00,0.000,3.2,6.9,1.6,302,20,3.5,7.3,1.5,307,19,3.5,7.3,1.5,307,19,0,28.70,-0.0,0,0,0,37.0,45.0,47.3,0.33,0.36,0.41
MEDU,2019-11-08 00:35:00 EST,42.46869,-74.16541,1247,23.8,24.1,17.1,77.2,17.7,0.000,0.000,0.00,0.000,4.7,7.2,1.1,290,16,5.4,9.0,1.5,294,14,5.4,9.0,1.5,294,14,0,28.70,0.0,0,0,0,37.0,45.0,47.3,0.33,0.36,0.41
MEDU,2019-11-08 00:40:00 EST,42.46869,-74.16541,1247,23.5,23.9,18.4,77.8,17.6,0.000,0.000,0.00,0.000,3.5,7.4,1.3,289,16,3.9,8.1,1.2,293,15,3.9,8.1,1.2,293,15,0,28.70,0.1,0,0,0,37.0,45.0,47.3,0.33,0.36,0.41
MEDU,2019-11-08 00:45:00 EST,42.46869,-74.16541,1247,23.5,23.8,18.6,78.5,17.8,0.000,0.000,0.00,0.000,3.3,6.1,1.0,282,19,3.8,6.9,1.3,288,18,3.8,6.9,1.3,288,18,0,28.70,0.0,0,0,0,36.9,45.0,47.3,0.33,0.36,0.41
MEDU,2019-11-08 00:50:00 EST,42.46869,-74.16541,1247,23.6,23.8,23.6,77.9,17.7,0.000,0.000,0.00,0.000,2.6,4.3,0.6,279,19,3.0,5.5,0.8,285,18,3.0,5.5,0.8,285,18,0,28.70,0.1,0,0,0,36.9,45.0,47.3,0.33,0.36,0.41
MEDU,2019-11-08 00:55:00 EST,42.46869,-74.16541,1247,23.0,23.6,23.0,78.9,17.4,0.000,0.000,0.00,0.000,2.5,3.7,0.5,267,18,2.8,4.4,0.6,271,18,2.8,4.4,0.6,271,18,0,28.70,-0.1,0,0,0,36.9,45.0,47.3,0.33,0.36,0.41
MEDU,2019-11-08 01:00:00 EST,42.46869,-74.16541,1247,22.2,23.4,18.0,80.5,17.1,0.000,0.000,0.00,0.000,2.7,4.2,0.7,256,11,3.1,5.1,0.7,261,11,3.1,5.1,0.7,261,11,0,28.70,-0.0,0,0,0,36.9,45.0,47.3,0.33,0.36,0.41
MEDU,2019-11-08 01:05:00 EST,42.46869,-74.16541,1247,21.7,22.9,17.6,82.7,17.2,0.000,0.000,0.00,0.000,2.6,5.0,0.5,264,9,3.0,6.1,0.6,268,10,3.0,6.1,0.6,268,10,0,28.70,-0.0,0,0,0,36.9,45.0,47.3,0.33,0.36,0.41
MEDU,2019-11-08 01:10:00 EST,42.46869,-74.16541,1247,22.0,23.1,17.3,85.1,18.2,0.000,0.000,0.00,0.000,3.0,4.7,0.6,275,12,3.5,6.1,0.8,281,11,3.5,6.1,0.8,281,11,0,28.69,-0.0,0,0,0,36.9,45.0,47.3,0.33,0.36,0.41
MEDU,2019-11-08 01:15:00 EST,42.46869,-74.16541,1247,22.4,23.0,22.4,83.2,18.0,0.000,0.000,0.00,0.000,2.5,3.1,0.3,274,11,2.8,3.8,0.4,280,13,2.8,3.8,0.4,280,13,0,28.69,-0.1,0,0,0,36.7,45.0,47.3,0.33,0.36,0.41
MEDU,2019-11-08 01:20:00 EST,42.46869,-74.16541,1247,21.2,23.0,14.8,82.9,16.9,0.000,0.000,0.00,0.000,4.2,5.9,0.9,241,7,4.7,6.7,1.0,245,8,4.7,6.7,1.0,245,8,0,28.69,-0.0,0,0,0,36.7,45.0,47.3,0.33,0.36,0.41
MEDU,2019-11-08 01:25:00 EST,42.46869,-74.16541,1247,20.9,22.5,15.8,84.3,16.9,0.000,0.000,0.00,0.000,3.2,5.2,0.9,244,12,3.6,6.0,1.0,249,12,3.6,6.0,1.0,249,12,0,28.69,0.1,0,0,0,36.7,45.0,47.3,0.33,0.36,0.41
MEDU,2019-11-08 01:30:00 EST,42.46869,-74.16541,1247,22.1,22.7,17.6,84.9,18.3,0.000,0.000,0.00,0.000,3.0,4.5,0.5,244,10,3.3,4.8,0.6,248,12,3.3,4.8,0.6,248,12,0,28.69,0.1,0,0,0,36.7,45.0,47.3,0.33,0.36,0.41
MEDU,2019-11-08 01:35:00 EST,42.46869,-74.16541,1247,21.9,22.7,17.8,83.4,17.7,0.000,0.000,0.00,0.000,2.8,4.2,0.5,246,12,3.1,4.8,0.6,250,13,3.1,4.8,0.6,250,13,0,28.70,-0.0,0,0,0,36.7,45.0,47.3,0.33,0.36,0.41
MEDU,2019-11-08 01:40:00 EST,42.46869,-74.16541,1247,21.4,22.5,21.4,84.1,17.3,0.000,0.000,0.00,0.000,2.5,4.2,0.5,238,19,2.7,4.2,0.7,242,18,2.7,4.2,0.7,242,18,0,28.69,-0.1,0,0,0,36.7,45.0,47.3,0.33,0.36,0.41
MEDU,2019-11-08 01:45:00 EST,42.46869,-74.16541,1247,20.6,21.6,20.6,84.9,16.8,0.000,0.000,0.00,0.000,0.9,2.5,0.7,255,26,1.2,2.9,0.7,270,37,1.2,2.9,0.7,270,37,0,28.69,0.0,0,0,0,36.7,45.0,47.3,0.33,0.36,0.41
MEDU,2019-11-08 01:50:00 EST,42.46869,-74.16541,1247,20.9,21.9,20.9,87.8,17.8,0.000,0.000,0.00,0.000,1.6,2.8,0.8,256,27,1.9,3.3,0.8,259,28,1.9,3.3,0.8,259,28,0,28.69,-0.1,0,0,0,36.6,45.0,47.3,0.33,0.36,0.41
MEDU,2019-11-08 01:55:00 EST,42.46869,-74.16541,1247,20.0,22.2,20.0,87.3,16.9,0.000,0.000,0.00,0.000,1.9,2.7,0.4,266,28,2.2,3.0,0.4,271,28,2.2,3.0,0.4,271,28,0,28.69,0.1,0,0,0,36.5,45.0,47.3,0.33,0.36,0.41
MEDU,2019-11-08 02:00:00 EST,42.46869,-74.16541,1247,20.5,21.7,20.5,89.8,18.0,0.000,0.000,0.00,0.000,1.7,2.6,0.5,295,17,2.0,3.1,0.5,303,22,2.0,3.1,0.5,303,22,0,28.69,-0.1,0,0,0,36.5,45.0,47.3,0.33,0.36,0.41
MEDU,2019-11-08 02:05:00 EST,42.46869,-74.16541,1247,20.2,21.1,20.2,90.0,17.7,0.000,0.000,0.00,0.000,0.8,2.0,0.6,292,20,1.1,2.7,0.6,296,19,1.1,2.7,0.6,296,19,0,28.69,-0.0,0,0,0,36.5,45.0,47.3,0.33,0.36,0.41
MEDU,2019-11-08 02:10:00 EST,42.46869,-74.16541,1247,20.0,21.1,20.0,89.2,17.3,0.000,0.000,0.00,0.000,1.5,1.9,0.3,276,7,1.7,2.4,0.3,280,11,1.7,2.4,0.3,280,11,0,28.69,0.0,0,0,0,36.5,45.0,47.3,0.33,0.36,0.41
MEDU,2019-11-08 02:15:00 EST,42.46869,-74.16541,1247,20.3,20.8,20.3,90.1,17.9,0.000,0.000,0.00,0.000,1.1,1.8,0.4,275,13,1.3,2.3,0.5,279,15,1.3,2.3,0.5,279,15,0,28.69,-0.1,0,0,0,36.5,45.0,47.3,0.33,0.36,0.41
MEDU,2019-11-08 02:20:00 EST,42.46869,-74.16541,1247,18.7,20.2,18.7,89.0,16.0,0.000,0.000,0.00,0.000,0.2,1.0,0.3,185,37,0.5,1.5,0.5,91,35,0.5,1.5,0.5,91,35,0,28.69,-0.1,0,0,0,36.4,45.0,47.3,0.33,0.36,0.41
MEDU,2019-11-08 02:25:00 EST,42.46869,-74.16541,1247,18.7,19.7,18.7,91.0,16.5,0.000,0.000,0.00,0.000,0.0,0.4,0.1,91,0,0.4,1.3,0.4,359,28,0.4,1.3,0.4,359,28,0,28.69,0.1,0,0,0,36.3,45.0,47.3,0.33,0.36,0.41
MEDU,2019-11-08 02:30:00 EST,42.46869,-74.16541,1247,19.5,20.1,19.5,92.9,17.8,0.000,0.000,0.00,0.000,0.0,0.2,0.0,91,0,1.0,1.6,0.1,21,24,1.0,1.6,0.1,21,24,0,28.69,0.0,0,0,0,36.3,45.0,47.3,0.33,0.36,0.41
MEDU,2019-11-08 02:35:00 EST,42.46869,-74.16541,1247,18.8,20.2,18.8,92.2,16.9,0.000,0.000,0.00,0.000,0.2,0.9,0.3,348,2,0.8,1.7,0.5,19,22,0.8,1.7,0.5,19,22,0,28.69,0.1,0,0,0,36.3,44.9,47.3,0.33,0.36,0.41
MEDU,2019-11-08 02:40:00 EST,42.46869,-74.16541,1247,18.9,20.1,18.9,92.5,17.1,0.000,0.000,0.00,0.000,0.6,1.2,0.4,345,7,0.9,1.6,0.6,342,11,0.9,1.6,0.6,342,11,0,28.69,0.0,0,0,0,36.3,44.9,47.3,0.33,0.36,0.41
MEDU,2019-11-08 02:45:00 EST,42.46869,-74.16541,1247,19.4,20.1,19.4,93.5,17.8,0.000,0.000,0.00,0.000,0.3,1.5,0.4,336,6,0.9,1.5,0.5,308,10,0.9,1.5,0.5,308,10,0,28.69,0.1,0,0,0,36.3,44.8,47.3,0.33,0.36,0.41
MEDU,2019-11-08 02:50:00 EST,42.46869,-74.16541,1247,19.4,20.6,19.4,93.2,17.7,0.000,0.000,0.00,0.000,1.7,4.5,0.7,283,18,2.1,6.1,0.8,289,15,2.1,6.1,0.8,289,15,0,28.69,-0.0,0,0,0,36.2,44.8,47.3,0.33,0.36,0.41
MEDU,2019-11-08 02:55:00 EST,42.46869,-74.16541,1247,19.3,20.6,19.3,91.3,17.2,0.000,0.000,0.00,0.000,1.9,2.8,0.5,271,10,2.2,3.4,0.5,276,11,2.2,3.4,0.5,276,11,0,28.69,-0.1,0,0,0,36.1,44.8,47.3,0.33,0.36,0.41
MEDU,2019-11-08 03:00:00 EST,42.46869,-74.16541,1247,19.3,20.8,19.3,90.0,16.8,0.000,0.000,0.00,0.000,2.6,3.8,0.6,258,16,3.0,4.8,0.7,263,17,3.0,4.8,0.7,263,17,0,28.68,0.1,0,0,0,36.1,44.8,47.3,0.33,0.36,0.41
MEDU,2019-11-08 03:05:00 EST,42.46869,-74.16541,1247,19.9,21.1,13.6,89.1,17.2,0.000,0.000,0.00,0.000,3.8,6.2,0.8,264,13,4.4,7.6,1.1,269,12,4.4,7.6,1.1,269,12,0,28.68,0.1,0,0,0,36.1,44.8,47.3,0.33,0.36,0.41
MEDU,2019-11-08 03:10:00 EST,42.46869,-74.16541,1247,20.6,21.6,14.1,86.7,17.2,0.000,0.000,0.00,0.000,4.0,5.8,0.6,266,10,4.6,6.8,0.8,270,9,4.6,6.8,0.8,270,9,0,28.68,-0.0,0,0,0,36.1,44.8,47.3,0.33,0.36,0.41
MEDU,2019-11-08 03:15:00 EST,42.46869,-74.16541,1247,20.3,21.6,13.0,84.7,16.5,0.000,0.000,0.00,0.000,4.5,6.4,0.8,272,10,5.3,7.6,1.0,276,9,5.3,7.6,1.0,276,9,0,28.68,-0.0,0,0,0,36.1,44.8,47.3,0.33,0.36,0.41
MEDU,2019-11-08 03:20:00 EST,42.46869,-74.16541,1247,20.8,21.7,13.0,84.2,16.8,0.000,0.000,0.00,0.000,5.0,8.0,1.0,269,13,5.9,10.0,1.4,274,11,5.9,10.0,1.4,274,11,0,28.68,0.1,0,0,0,36.0,44.8,47.3,0.33,0.36,0.41
MEDU,2019-11-08 03:25:00 EST,42.46869,-74.16541,1247,20.9,21.8,12.0,83.4,16.7,0.000,0.000,0.00,0.000,6.2,8.6,1.0,262,11,7.2,11.0,1.3,267,10,7.2,11.0,1.3,267,10,0,28.68,0.1,0,0,0,36.0,44.8,47.3,0.33,0.36,0.41
MEDU,2019-11-08 03:30:00 EST,42.46869,-74.16541,1247,21.0,21.7,12.7,83.4,16.8,0.000,0.000,0.00,0.000,5.6,8.0,0.9,269,10,6.5,10.3,1.2,273,9,6.5,10.3,1.2,273,9,0,28.68,0.1,0,0,0,36.0,44.8,47.3,0.33,0.36,0.41
MEDU,2019-11-08 03:35:00 EST,42.46869,-74.16541,1247,21.2,21.8,12.4,83.4,16.9,0.000,0.000,0.00,0.000,6.1,9.1,1.0,270,11,7.1,10.6,1.3,274,10,7.1,10.6,1.3,274,10,0,28.68,0.0,0,0,0,36.0,44.8,47.3,0.33,0.36,0.41
MEDU,2019-11-08 03:40:00 EST,42.46869,-74.16541,1247,21.1,21.8,12.0,83.3,16.9,0.000,0.000,0.00,0.000,6.5,9.5,0.8,265,11,7.5,11.9,1.1,269,9,7.5,11.9,1.1,269,9,0,28.68,0.0,0,0,0,36.0,44.8,47.3,0.33,0.36,0.41
MEDU,2019-11-08 03:45:00 EST,42.46869,-74.16541,1247,21.2,21.8,12.0,83.4,17.0,0.000,0.000,0.00,0.000,6.5,10.0,1.2,272,12,7.7,13.1,1.5,276,10,7.7,13.1,1.5,276,10,0,28.68,0.0,0,0,0,36.0,44.8,47.3,0.33,0.36,0.41
MEDU,2019-11-08 03:50:00 EST,42.46869,-74.16541,1247,21.5,21.9,12.7,83.4,17.3,0.000,0.000,0.00,0.000,6.2,9.2,1.2,271,11,7.2,11.5,1.4,274,10,7.2,11.5,1.4,274,10,0,28.68,0.0,0,0,0,36.0,44.8,47.3,0.33,0.36,0.41
MEDU,2019-11-08 03:55:00 EST,42.46869,-74.16541,1247,21.4,21.9,12.6,82.8,17.0,0.000,0.000,0.00,0.000,6.1,9.8,1.1,270,12,7.1,11.8,1.5,274,11,7.1,11.8,1.5,274,11,0,28.68,0.1,0,0,0,36.0,44.8,47.3,0.33,0.36,0.41
MEDU,2019-11-08 04:00:00 EST,42.46869,-74.16541,1247,21.6,22.0,12.8,83.0,17.2,0.000,0.000,0.00,0.000,6.3,8.5,0.9,272,13,7.2,11.5,1.3,276,12,7.2,11.5,1.3,276,12,0,28.68,0.0,0,0,0,36.0,44.8,47.3,0.33,0.36,0.41
MEDU,2019-11-08 04:05:00 EST,42.46869,-74.16541,1247,21.4,21.9,14.3,82.5,16.9,0.000,0.000,0.00,0.000,4.7,8.7,0.9,271,11,5.3,10.3,1.2,274,10,5.3,10.3,1.2,274,10,0,28.68,0.1,0,0,0,36.0,44.8,47.3,0.32,0.36,0.41
MEDU,2019-11-08 04:10:00 EST,42.46869,-74.16541,1247,20.9,21.8,13.9,83.3,16.7,0.000,0.000,0.00,0.000,4.6,6.4,0.7,270,9,5.2,7.9,1.0,274,8,5.2,7.9,1.0,274,8,0,28.68,-0.0,0,0,0,36.0,44.8,47.3,0.32,0.36,0.41
MEDU,2019-11-08 04:15:00 EST,42.46869,-74.16541,1247,21.1,21.8,13.8,83.9,17.0,0.000,0.000,0.00,0.000,4.7,6.0,0.6,267,7,5.4,8.4,1.0,272,8,5.4,8.4,1.0,272,8,0,28.68,-0.0,0,0,0,36.0,44.8,47.2,0.32,0.36,0.41
MEDU,2019-11-08 04:20:00 EST,42.46869,-74.16541,1247,20.4,21.6,13.6,84.3,16.5,0.000,0.000,0.00,0.000,4.4,5.4,0.5,259,7,4.9,6.8,0.6,263,7,4.9,6.8,0.6,263,7,0,28.68,-0.2,0,0,0,35.9,44.8,47.3,0.32,0.36,0.41
MEDU,2019-11-08 04:25:00 EST,42.46869,-74.16541,1247,19.7,21.4,13.1,85.6,16.0,0.000,0.000,0.00,0.000,4.1,5.1,0.4,263,6,4.5,6.3,0.5,267,6,4.5,6.3,0.5,267,6,0,28.68,0.1,0,0,0,35.8,44.8,47.2,0.32,0.36,0.41
MEDU,2019-11-08 04:30:00 EST,42.46869,-74.16541,1247,20.2,21.4,13.8,86.8,16.9,0.000,0.000,0.00,0.000,4.0,5.1,0.5,266,6,4.5,5.9,0.6,270,6,4.5,5.9,0.6,270,6,0,28.68,0.0,0,0,0,35.8,44.8,47.2,0.32,0.36,0.41
MEDU,2019-11-08 04:35:00 EST,42.46869,-74.16541,1247,20.1,21.4,14.1,87.0,16.8,0.000,0.000,0.00,0.000,3.7,4.5,0.4,262,5,4.1,5.3,0.5,267,5,4.1,5.3,0.5,267,5,0,28.69,-0.2,0,0,0,35.8,44.8,47.2,0.32,0.36,0.41
MEDU,2019-11-08 04:40:00 EST,42.46869,-74.16541,1247,19.9,21.4,13.2,86.9,16.7,0.000,0.000,0.00,0.000,4.3,5.4,0.4,261,6,4.8,6.1,0.6,266,5,4.8,6.1,0.6,266,5,0,28.69,0.1,0,0,0,35.8,44.8,47.2,0.32,0.36,0.41
MEDU,2019-11-08 04:45:00 EST,42.46869,-74.16541,1247,19.9,21.1,13.3,85.9,16.4,0.000,0.000,0.00,0.000,4.1,5.7,0.7,262,7,4.6,6.5,0.8,267,8,4.6,6.5,0.8,267,8,0,28.69,0.1,0,0,0,35.8,44.8,47.1,0.32,0.36,0.41
MEDU,2019-11-08 04:50:00 EST,42.46869,-74.16541,1247,19.9,21.1,13.7,87.3,16.7,0.000,0.000,0.00,0.000,3.8,4.8,0.4,267,7,4.3,5.7,0.5,272,6,4.3,5.7,0.5,272,6,0,28.69,0.1,0,0,0,35.8,44.8,47.2,0.32,0.36,0.41
MEDU,2019-11-08 04:55:00 EST,42.46869,-74.16541,1247,20.2,21.2,14.2,87.8,17.2,0.000,0.000,0.00,0.000,3.7,5.1,0.6,265,5,4.2,6.0,0.6,270,5,4.2,6.0,0.6,270,5,0,28.69,-0.0,0,0,0,35.8,44.8,47.1,0.32,0.36,0.41
MEDU,2019-11-08 05:00:00 EST,42.46869,-74.16541,1247,20.1,21.1,15.3,87.0,16.9,0.000,0.000,0.00,0.000,3.1,4.1,0.5,264,15,3.3,4.6,0.6,268,16,3.3,4.6,0.6,268,16,0,28.69,-0.0,0,0,0,35.8,44.8,47.1,0.32,0.36,0.41
MEDU,2019-11-08 05:05:00 EST,42.46869,-74.16541,1247,19.8,20.7,19.8,86.8,16.5,0.000,0.000,0.00,0.000,2.3,2.9,0.3,268,17,2.6,3.4,0.4,272,18,2.6,3.4,0.4,272,18,0,28.68,-0.0,0,0,0,35.8,44.7,47.1,0.32,0.36,0.41
MEDU,2019-11-08 05:10:00 EST,42.46869,-74.16541,1247,19.3,20.2,19.3,88.5,16.4,0.000,0.000,0.00,0.000,2.4,3.1,0.3,277,16,2.7,3.9,0.4,283,17,2.7,3.9,0.4,283,17,0,28.68,0.0,0,0,0,35.7,44.6,47.1,0.32,0.36,0.41
MEDU,2019-11-08 05:15:00 EST,42.46869,-74.16541,1247,19.2,20.2,14.4,89.6,16.6,0.000,0.000,0.00,0.000,2.9,3.5,0.3,279,10,3.3,5.1,0.4,284,11,3.3,5.1,0.4,284,11,0,28.69,-0.1,0,0,0,35.6,44.6,47.1,0.32,0.36,0.41
MEDU,2019-11-08 05:20:00 EST,42.46869,-74.16541,1247,19.5,20.7,13.8,89.2,16.8,0.000,0.000,0.00,0.000,3.4,5.6,0.6,271,13,3.9,7.2,0.8,275,13,3.9,7.2,0.8,275,13,0,28.69,-0.1,0,0,0,35.6,44.6,47.1,0.32,0.36,0.41
MEDU,2019-11-08 05:25:00 EST,42.46869,-74.16541,1247,19.1,20.8,13.2,86.9,15.8,0.000,0.000,0.00,0.000,3.5,5.0,0.7,259,12,4.0,5.8,0.7,264,12,4.0,5.8,0.7,264,12,0,28.69,0.0,0,0,0,35.6,44.6,47.1,0.32,0.36,0.41
MEDU,2019-11-08 05:30:00 EST,42.46869,-74.16541,1247,19.8,20.6,15.4,88.4,17.0,0.000,0.000,0.00,0.000,2.7,5.4,0.7,267,12,3.1,6.6,0.8,273,13,3.1,6.6,0.8,273,13,0,28.69,0.0,0,0,0,35.6,44.6,47.1,0.32,0.36,0.41
MEDU,2019-11-08 05:35:00 EST,42.46869,-74.16541,1247,19.9,21.0,14.1,86.4,16.5,0.000,0.000,0.00,0.000,3.5,6.1,1.1,267,11,4.0,7.8,1.3,272,11,4.0,7.8,1.3,272,11,0,28.69,0.1,0,0,0,35.6,44.6,47.1,0.32,0.36,0.41
MEDU,2019-11-08 05:40:00 EST,42.46869,-74.16541,1247,19.0,21.0,14.0,86.1,15.5,0.000,0.000,0.00,0.000,3.0,4.7,0.7,256,14,3.4,5.8,0.9,261,16,3.4,5.8,0.9,261,16,0,28.69,0.0,0,0,0,35.6,44.6,47.1,0.32,0.36,0.41
MEDU,2019-11-08 05:45:00 EST,42.46869,-74.16541,1247,19.2,20.9,14.2,88.0,16.3,0.000,0.000,0.00,0.000,3.0,7.2,1.5,256,16,3.4,8.5,1.8,260,17,3.4,8.5,1.8,260,17,0,28.69,0.2,0,0,0,35.6,44.6,47.1,0.32,0.36,0.41
MEDU,2019-11-08 05:50:00 EST,42.46869,-74.16541,1247,20.7,21.3,16.3,86.8,17.4,0.000,0.000,0.00,0.000,2.6,7.5,1.5,259,20,3.2,8.7,1.8,268,21,3.2,8.7,1.8,268,21,0,28.70,0.1,0,0,0,35.5,44.6,47.1,0.32,0.36,0.41
MEDU,2019-11-08 05:55:00 EST,42.46869,-74.16541,1247,21.2,21.5,15.6,83.7,17.1,0.000,0.000,0.00,0.000,3.6,8.1,1.6,258,21,4.0,9.1,1.9,262,22,4.0,9.1,1.9,262,22,0,28.70,0.0,0,0,0,35.4,44.6,47.1,0.32,0.36,0.41
MEDU,2019-11-08 06:00:00 EST,42.46869,-74.16541,1247,21.0,21.5,14.2,83.3,16.7,0.000,0.000,0.00,0.000,4.3,9.2,2.2,274,31,4.9,11.7,2.6,278,31,4.9,11.7,2.6,278,31,0,28.70,0.2,0,0,0,35.4,44.6,47.1,0.32,0.36,0.41
MEDU,2019-11-08 06:05:00 EST,42.46869,-74.16541,1247,21.9,21.9,11.9,80.6,16.8,0.000,0.000,0.00,0.000,7.9,12.8,1.9,301,25,8.8,13.8,2.1,304,25,8.8,13.8,2.1,304,25,0,28.70,0.1,0,0,0,35.4,44.6,47.1,0.32,0.36,0.41
MEDU,2019-11-08 06:10:00 EST,42.46869,-74.16541,1247,21.7,21.8,13.9,78.6,16.1,0.000,0.000,0.00,0.000,5.3,10.9,2.1,297,22,6.1,13.4,2.5,299,22,6.1,13.4,2.5,299,22,0,28.70,0.1,0,0,0,35.4,44.6,47.1,0.32,0.36,0.41
MEDU,2019-11-08 06:15:00 EST,42.46869,-74.16541,1247,21.7,21.7,12.9,77.8,15.9,0.000,0.000,0.00,0.000,6.9,13.7,2.8,311,17,7.3,13.8,2.9,314,17,7.3,13.8,2.9,314,17,0,28.70,0.1,0,0,0,35.4,44.6,47.1,0.32,0.36,0.41
MEDU,2019-11-08 06:20:00 EST,42.46869,-74.16541,1247,21.5,21.6,13.6,77.8,15.6,0.000,0.000,0.00,0.000,5.5,10.7,2.1,298,16,6.1,11.6,2.2,301,15,6.1,11.6,2.2,301,15,0,28.70,0.1,0,0,0,35.4,44.6,47.1,0.32,0.36,0.41
MEDU,2019-11-08 06:25:00 EST,42.46869,-74.16541,1247,21.2,21.4,14.4,78.4,15.5,0.000,0.000,0.00,0.000,4.3,8.4,1.4,289,18,5.0,10.9,1.8,293,16,5.0,10.9,1.8,293,16,0,28.70,0.1,0,0,0,35.4,44.6,47.1,0.32,0.36,0.41
MEDU,2019-11-08 06:30:00 EST,42.46869,-74.16541,1247,21.1,21.2,14.6,78.4,15.4,0.000,0.000,0.00,0.000,4.0,8.3,1.5,288,22,4.7,10.3,1.7,291,23,4.7,10.3,1.7,291,23,1,28.70,0.1,0,0,0,35.4,44.6,47.1,0.32,0.36,0.41
MEDU,2019-11-08 06:35:00 EST,42.46869,-74.16541,1247,21.0,21.1,13.6,78.0,15.3,0.000,0.000,0.00,0.000,5.0,10.5,1.9,288,23,5.6,10.6,1.9,292,21,5.6,10.6,1.9,292,21,3,28.71,0.0,0,0,0,35.4,44.6,47.1,0.32,0.36,0.41
MEDU,2019-11-08 06:40:00 EST,42.46869,-74.16541,1247,20.4,20.9,13.5,78.3,14.7,0.000,0.000,0.00,0.000,4.3,9.6,1.6,267,15,5.0,11.8,1.9,272,15,5.0,11.8,1.9,272,15,6,28.71,0.2,0,0,0,35.4,44.6,47.1,0.32,0.36,0.41
MEDU,2019-11-08 06:45:00 EST,42.46869,-74.16541,1247,20.9,21.1,12.4,77.2,14.9,0.000,0.000,0.00,0.000,6.0,9.0,1.3,287,17,6.7,11.0,1.4,290,16,6.7,11.0,1.4,290,16,10,28.71,0.1,0,0,0,35.3,44.6,47.1,0.32,0.36,0.41
MEDU,2019-11-08 06:50:00 EST,42.46869,-74.16541,1247,20.8,21.0,14.0,76.2,14.5,0.000,0.000,0.00,0.000,4.3,6.6,1.2,282,20,4.9,8.1,1.4,285,18,4.9,8.1,1.4,285,18,15,28.72,0.1,0,0,0,35.2,44.6,47.1,0.32,0.36,0.41
MEDU,2019-11-08 06:55:00 EST,42.46869,-74.16541,1247,20.8,21.1,12.8,74.9,14.1,0.000,0.000,0.00,0.000,5.4,9.2,1.5,283,18,6.1,11.6,1.8,287,17,6.1,11.6,1.8,287,17,20,28.72,0.1,0,0,0,35.2,44.5,47.1,0.32,0.36,0.41
MEDU,2019-11-08 07:00:00 EST,42.46869,-74.16541,1247,20.9,21.1,12.3,73.2,13.6,0.000,0.000,0.00,0.000,5.6,9.2,1.8,282,21,6.8,11.8,2.0,287,20,6.8,11.8,2.0,287,20,31,28.72,0.1,0,0,0,35.2,44.6,47.1,0.32,0.36,0.41
MEDU,2019-11-08 07:05:00 EST,42.46869,-74.16541,1247,21.2,21.3,11.3,70.8,13.2,0.000,0.000,0.00,0.000,7.6,14.7,2.6,290,18,8.6,15.8,3.0,292,17,8.6,15.8,3.0,292,17,68,28.72,0.2,0,0,0,35.2,44.5,47.1,0.32,0.36,0.41
MEDU,2019-11-08 07:10:00 EST,42.46869,-74.16541,1247,21.4,21.3,11.6,69.4,12.9,0.000,0.000,0.00,0.000,7.6,15.3,2.8,300,21,8.4,14.9,2.8,303,21,8.4,14.9,2.8,303,21,73,28.72,0.1,0,0,0,35.2,44.6,47.1,0.32,0.36,0.41
MEDU,2019-11-08 07:15:00 EST,42.46869,-74.16541,1247,21.4,21.4,11.9,69.0,12.8,0.000,0.000,0.00,0.000,7.3,12.4,2.3,303,26,8.0,12.9,2.3,306,25,8.0,12.9,2.3,306,25,93,28.72,0.1,0,0,0,35.2,44.4,47.1,0.32,0.36,0.41
MEDU,2019-11-08 07:20:00 EST,42.46869,-74.16541,1247,21.5,21.5,12.3,69.2,13.0,0.000,0.000,0.00,0.000,6.7,14.3,3.0,286,23,7.7,15.9,3.2,289,21,7.7,15.9,3.2,289,21,108,28.72,0.1,0,0,0,35.2,44.4,47.1,0.32,0.36,0.41
MEDU,2019-11-08 07:25:00 EST,42.46869,-74.16541,1247,21.8,21.7,10.5,68.1,12.9,0.000,0.000,0.00,0.000,10.1,19.9,3.4,297,13,10.9,21.2,3.5,300,14,10.9,21.2,3.5,300,14,123,28.72,0.1,0,0,0,35.2,44.4,47.1,0.32,0.36,0.41
MEDU,2019-11-08 07:30:00 EST,42.46869,-74.16541,1247,21.9,21.8,10.0,68.4,13.1,0.000,0.000,0.00,0.000,11.2,19.0,2.6,300,17,12.1,19.5,3.0,303,16,12.1,19.5,3.0,303,16,139,28.73,0.1,0,0,0,35.1,44.4,47.1,0.32,0.36,0.41
MEDU,2019-11-08 07:35:00 EST,42.46869,-74.16541,1247,22.0,21.9,10.5,69.6,13.6,0.000,0.000,0.00,0.000,10.0,19.4,3.3,294,22,11.3,23.0,3.5,297,22,11.3,23.0,3.5,297,22,154,28.73,0.1,0,0,0,35.1,44.4,47.1,0.32,0.36,0.41
MEDU,2019-11-08 07:40:00 EST,42.46869,-74.16541,1247,22.0,21.9,11.9,70.6,13.9,0.000,0.000,0.00,0.000,8.3,18.9,3.2,304,20,9.3,20.2,3.1,307,20,9.3,20.2,3.1,307,20,135,28.73,0.1,0,0,0,35.1,44.4,47.1,0.32,0.36,0.41
MEDU,2019-11-08 07:45:00 EST,42.46869,-74.16541,1247,22.1,22.0,10.0,70.0,13.8,0.000,0.000,0.00,0.000,11.6,20.2,3.1,293,18,12.6,21.1,3.3,297,16,12.6,21.1,3.3,297,16,180,28.74,0.1,0,0,0,35.1,44.4,47.1,0.32,0.36,0.41
MEDU,2019-11-08 07:50:00 EST,42.46869,-74.16541,1247,22.3,22.2,10.1,70.4,14.2,0.000,0.000,0.00,0.000,11.7,19.7,3.3,291,17,13.1,25.3,3.8,292,15,13.1,25.3,3.8,292,15,186,28.74,0.2,0,0,0,35.1,44.4,47.1,0.32,0.36,0.41
MEDU,2019-11-08 07:55:00 EST,42.46869,-74.16541,1247,22.4,22.2,9.8,70.7,14.4,0.000,0.000,0.00,0.000,12.4,24.0,3.8,289,20,14.0,27.8,4.2,292,18,14.0,27.8,4.2,292,18,183,28.74,0.1,0,0,0,35.1,44.4,47.1,0.32,0.36,0.41
MEDU,2019-11-08 08:00:00 EST,42.46869,-74.16541,1247,22.4,22.2,10.0,70.2,14.2,0.000,0.000,0.00,0.000,11.7,16.1,1.9,284,16,13.4,18.9,2.6,286,13,13.4,18.9,2.6,286,13,197,28.74,0.1,0,0,0,35.1,44.4,47.1,0.32,0.36,0.41
MEDU,2019-11-08 08:05:00 EST,42.46869,-74.16541,1247,22.6,22.4,10.1,69.2,14.1,0.000,0.000,0.00,0.000,12.1,20.8,3.4,284,19,13.8,22.2,3.7,286,16,13.8,22.2,3.7,286,16,204,28.74,0.1,0,0,0,35.1,44.4,47.1,0.32,0.36,0.41
MEDU,2019-11-08 08:10:00 EST,42.46869,-74.16541,1247,22.7,22.5,10.2,67.0,13.4,0.000,0.000,0.00,0.000,12.9,26.5,4.5,300,19,13.9,26.8,4.7,303,18,13.9,26.8,4.7,303,18,225,28.74,0.1,0,0,0,35.1,44.4,47.1,0.32,0.36,0.41
MEDU,2019-11-08 08:15:00 EST,42.46869,-74.16541,1247,23.0,22.7,12.7,68.2,14.1,0.000,0.000,0.00,0.000,8.5,16.7,3.0,294,25,9.8,18.6,3.2,298,21,9.8,18.6,3.2,298,21,212,28.74,0.1,0,0,0,35.1,44.4,47.1,0.32,0.36,0.41
MEDU,2019-11-08 08:20:00 EST,42.46869,-74.16541,1247,22.7,22.5,9.3,66.0,13.1,0.000,0.000,0.00,0.000,15.0,23.7,3.7,296,18,16.0,24.4,4.0,299,16,16.0,24.4,4.0,299,16,243,28.75,0.1,0,0,0,35.0,44.4,47.1,0.32,0.36,0.41
MEDU,2019-11-08 08:25:00 EST,42.46869,-74.16541,1247,22.7,22.4,9.7,66.5,13.2,0.000,0.000,0.00,0.000,13.9,23.1,3.3,299,19,14.7,23.5,3.3,303,18,14.7,23.5,3.3,303,18,244,28.75,0.1,0,0,0,35.0,44.4,47.1,0.32,0.36,0.41
MEDU,2019-11-08 08:30:00 EST,42.46869,-74.16541,1247,22.8,22.5,10.8,67.2,13.5,0.000,0.000,0.00,0.000,11.8,20.2,2.5,302,19,12.9,23.4,2.9,306,19,12.9,23.4,2.9,306,19,267,28.75,0.2,0,0,0,34.9,44.4,47.1,0.32,0.36,0.41
MEDU,2019-11-08 08:35:00 EST,42.46869,-74.16541,1247,22.8,22.5,10.4,66.7,13.3,0.000,0.000,0.00,0.000,11.8,24.5,4.1,300,21,13.5,30.7,4.5,301,21,13.5,30.7,4.5,301,21,276,28.75,0.2,0,0,0,34.9,44.4,47.1,0.32,0.36,0.41
MEDU,2019-11-08 08:40:00 EST,42.46869,-74.16541,1247,23.0,22.7,11.8,67.6,13.9,0.000,0.000,0.00,0.000,10.3,20.0,3.9,309,24,11.4,21.8,4.0,313,22,11.4,21.8,4.0,313,22,286,28.76,0.2,0,0,0,34.9,44.4,47.1,0.32,0.36,0.41
MEDU,2019-11-08 08:45:00 EST,42.46869,-74.16541,1247,22.8,22.5,12.5,68.3,13.9,0.000,0.000,0.00,0.000,8.8,19.6,3.9,299,24,9.8,22.8,3.9,301,22,9.8,22.8,3.9,301,22,241,28.76,0.2,0,0,0,34.9,44.4,47.1,0.32,0.36,0.41
MEDU,2019-11-08 08:50:00 EST,42.46869,-74.16541,1247,23.1,22.8,13.3,67.3,13.9,0.000,0.000,0.00,0.000,8.2,16.3,3.1,310,25,9.1,19.6,3.7,313,21,9.1,19.6,3.7,313,21,304,28.76,0.2,0,0,0,34.9,44.4,47.1,0.31,0.36,0.41
MEDU,2019-11-08 08:55:00 EST,42.46869,-74.16541,1247,23.0,22.7,10.5,66.0,13.4,0.000,0.000,0.00,0.000,12.8,22.5,5.1,313,25,14.0,27.1,5.4,320,21,14.0,27.1,5.4,320,21,312,28.76,0.2,0,0,0,34.9,44.3,47.1,0.31,0.36,0.41
MEDU,2019-11-08 09:00:00 EST,42.46869,-74.16541,1247,23.0,22.6,11.4,67.3,13.7,0.000,0.000,0.00,0.000,10.9,17.2,2.5,300,18,12.0,21.9,3.2,304,18,12.0,21.9,3.2,304,18,319,28.76,0.1,0,0,0,34.9,44.2,47.1,0.31,0.36,0.41
MEDU,2019-11-08 09:05:00 EST,42.46869,-74.16541,1247,23.0,22.7,10.3,66.7,13.6,0.000,0.000,0.00,0.000,13.4,23.2,3.5,312,25,14.5,24.5,3.9,315,25,14.5,24.5,3.9,315,25,331,28.77,0.1,0,0,0,34.9,44.1,47.1,0.31,0.36,0.41
MEDU,2019-11-08 09:10:00 EST,42.46869,-74.16541,1247,23.3,22.8,12.0,67.2,14.0,0.000,0.000,0.00,0.000,10.7,22.0,4.8,305,20,11.6,24.5,4.9,308,19,11.6,24.5,4.9,308,19,334,28.77,0.2,0,0,0,34.9,44.1,47.1,0.31,0.36,0.41
MEDU,2019-11-08 09:15:00 EST,42.46869,-74.16541,1247,23.5,23.0,13.3,67.1,14.2,0.000,0.000,0.00,0.000,8.9,14.5,2.0,322,20,9.8,16.1,2.3,326,21,9.8,16.1,2.3,326,21,331,28.77,0.1,0,0,0,34.9,44.1,47.1,0.31,0.36,0.41
MEDU,2019-11-08 09:20:00 EST,42.46869,-74.16541,1247,23.5,23.1,12.0,67.0,14.2,0.000,0.000,0.00,0.000,11.3,20.5,3.2,308,22,12.2,22.4,3.3,311,22,12.2,22.4,3.3,311,22,348,28.77,0.1,0,0,0,34.9,44.1,47.1,0.31,0.36,0.41
MEDU,2019-11-08 09:25:00 EST,42.46869,-74.16541,1247,23.4,23.0,11.0,66.0,13.7,0.000,0.000,0.00,0.000,13.1,23.2,3.5,311,19,14.1,23.0,3.8,315,19,14.1,23.0,3.8,315,19,323,28.77,0.1,0,0,0,34.9,44.1,47.1,0.31,0.36,0.41
MEDU,2019-11-08 09:30:00 EST,42.46869,-74.16541,1247,23.4,23.0,12.2,66.7,13.9,0.000,0.000,0.00,0.000,10.4,18.6,3.0,316,20,11.4,19.9,3.3,318,21,11.4,19.9,3.3,318,21,312,28.78,0.2,0,0,0,34.9,44.1,47.1,0.31,0.36,0.41
MEDU,2019-11-08 09:35:00 EST,42.46869,-74.16541,1247,23.7,23.2,12.8,66.4,14.2,0.000,0.000,0.00,0.000,10.1,18.1,3.6,321,25,11.3,19.3,3.8,325,26,11.3,19.3,3.8,325,26,350,28.78,0.2,0,0,0,34.9,44.1,47.1,0.31,0.36,0.41
MEDU,2019-11-08 09:40:00 EST,42.46869,-74.16541,1247,23.5,23.1,11.0,64.2,13.2,0.000,0.000,0.00,0.000,12.8,21.8,3.7,311,26,14.3,22.4,3.9,315,26,14.3,22.4,3.9,315,26,337,28.78,0.2,0,0,0,34.9,44.1,47.1,0.31,0.36,0.41
MEDU,2019-11-08 09:45:00 EST,42.46869,-74.16541,1247,23.6,23.1,11.4,65.0,13.6,0.000,0.000,0.00,0.000,12.6,20.5,3.1,313,20,13.7,21.6,3.2,318,20,13.7,21.6,3.2,318,20,317,28.78,0.1,0,0,0,34.9,44.1,47.1,0.31,0.36,0.41
MEDU,2019-11-08 09:50:00 EST,42.46869,-74.16541,1247,24.0,23.5,13.0,65.9,14.3,0.000,0.000,0.00,0.000,10.5,17.2,3.4,299,18,11.4,18.9,3.5,300,17,11.4,18.9,3.5,300,17,394,28.78,0.2,0,0,0,34.9,44.1,47.1,0.31,0.36,0.41
MEDU,2019-11-08 09:55:00 EST,42.46869,-74.16541,1247,24.5,24.0,15.4,66.2,14.9,0.000,0.000,0.00,0.000,7.8,15.1,2.7,306,23,8.6,16.3,3.0,307,22,8.6,16.3,3.0,307,22,406,28.78,0.1,0,0,0,34.9,44.1,47.1,0.31,0.36,0.41
MEDU,2019-11-08 10:00:00 EST,42.46869,-74.16541,1247,24.4,23.8,13.2,63.9,13.9,0.000,0.000,0.00,0.000,10.9,20.3,3.6,297,25,12.0,20.3,4.0,300,24,12.0,20.3,4.0,300,24,418,28.78,0.2,0,0,0,34.9,44.1,47.1,0.31,0.36,0.41
MEDU,2019-11-08 10:05:00 EST,42.46869,-74.16541,1247,24.9,24.2,14.7,64.7,14.7,0.000,0.000,0.00,0.000,9.4,17.2,3.3,294,20,10.5,20.8,3.5,298,21,10.5,20.8,3.5,298,21,438,28.78,0.2,0,0,0,34.9,44.1,47.1,0.31,0.35,0.41
MEDU,2019-11-08 10:10:00 EST,42.46869,-74.16541,1247,24.5,23.9,12.9,63.4,13.8,0.000,0.000,0.00,0.000,11.6,19.7,3.2,286,16,12.9,21.4,3.4,288,15,12.9,21.4,3.4,288,15,439,28.79,0.1,0,0,0,34.9,44.1,47.1,0.31,0.35,0.41
MEDU,2019-11-08 10:15:00 EST,42.46869,-74.16541,1247,24.5,23.9,12.5,62.5,13.6,0.000,0.000,0.00,0.000,13.0,21.7,4.0,303,22,13.8,27.0,4.5,305,22,13.8,27.0,4.5,305,22,380,28.79,0.2,0,0,0,34.9,44.1,47.1,0.31,0.35,0.41
MEDU,2019-11-08 10:20:00 EST,42.46869,-74.16541,1247,24.4,23.9,12.2,62.7,13.5,0.000,0.000,0.00,0.000,13.1,24.3,3.7,295,17,14.2,25.3,4.2,299,16,14.2,25.3,4.2,299,16,339,28.79,0.1,0,0,0,34.9,44.1,47.1,0.31,0.36,0.41
MEDU,2019-11-08 10:25:00 EST,42.46869,-74.16541,1247,24.7,24.1,13.0,61.9,13.5,0.000,0.000,0.00,0.000,11.9,22.6,3.8,288,21,13.4,25.4,4.4,290,18,13.4,25.4,4.4,290,18,467,28.79,0.2,0,0,0,34.9,44.1,47.1,0.31,0.36,0.41
MEDU,2019-11-08 10:30:00 EST,42.46869,-74.16541,1247,25.1,24.4,14.3,62.2,14.0,0.000,0.000,0.00,0.000,10.6,19.5,3.7,307,21,11.6,20.7,3.8,308,22,11.6,20.7,3.8,308,22,460,28.79,0.1,0,0,0,34.9,44.0,47.0,0.31,0.36,0.41
MEDU,2019-11-08 10:35:00 EST,42.46869,-74.16541,1247,25.5,24.7,14.9,63.2,14.7,0.000,0.000,0.00,0.000,10.3,18.5,3.8,294,25,11.4,20.8,4.1,296,25,11.4,20.8,4.1,296,25,508,28.79,0.1,0,0,0,34.9,44.1,47.0,0.31,0.35,0.41
MEDU,2019-11-08 10:40:00 EST,42.46869,-74.16541,1247,25.9,25.1,14.4,62.2,14.7,0.000,0.000,0.00,0.000,12.0,21.4,3.8,287,17,13.3,21.9,3.9,290,16,13.3,21.9,3.9,290,16,423,28.79,0.2,0,0,0,34.9,44.0,47.0,0.31,0.36,0.41
MEDU,2019-11-08 10:45:00 EST,42.46869,-74.16541,1247,25.6,24.9,14.5,60.9,13.9,0.000,0.000,0.00,0.000,11.3,18.7,2.8,293,24,12.5,24.2,3.4,296,23,12.5,24.2,3.4,296,23,484,28.79,0.1,0,0,0,34.9,44.0,47.0,0.31,0.36,0.41
MEDU,2019-11-08 10:50:00 EST,42.46869,-74.16541,1247,25.4,24.8,14.2,60.7,13.8,0.000,0.000,0.00,0.000,11.8,22.6,4.4,317,24,12.7,23.2,4.6,321,23,12.7,23.2,4.6,321,23,452,28.79,0.2,0,0,0,34.9,43.9,46.9,0.31,0.35,0.41
MEDU,2019-11-08 10:55:00 EST,42.46869,-74.16541,1247,25.9,25.2,15.6,61.4,14.5,0.000,0.000,0.00,0.000,10.3,21.3,3.4,321,21,11.1,20.6,3.5,325,20,11.1,20.6,3.5,325,20,529,28.79,0.2,0,0,0,34.9,43.9,47.0,0.31,0.35,0.41
MEDU,2019-11-08 11:00:00 EST,42.46869,-74.16541,1247,26.2,25.4,15.0,62.3,15.1,0.000,0.000,0.00,0.000,11.4,19.7,3.0,283,19,13.1,23.4,3.5,285,16,13.1,23.4,3.5,285,16,547,28.79,0.2,0,0,0,34.9,43.9,46.9,0.31,0.36,0.41
MEDU,2019-11-08 11:05:00 EST,42.46869,-74.16541,1247,26.5,25.6,17.1,63.7,15.8,0.000,0.000,0.00,0.000,8.3,14.3,2.2,281,20,9.6,16.3,2.7,283,17,9.6,16.3,2.7,283,17,472,28.79,0.2,0,0,0,34.9,43.9,47.0,0.31,0.35,0.41
MEDU,2019-11-08 11:10:00 EST,42.46869,-74.16541,1247,26.5,25.5,15.4,61.4,15.0,0.000,0.000,0.00,0.000,11.3,18.8,3.2,292,26,12.8,21.5,3.7,295,24,12.8,21.5,3.7,295,24,525,28.79,0.1,0,0,0,34.9,43.9,46.9,0.31,0.35,0.41
MEDU,2019-11-08 11:15:00 EST,42.46869,-74.16541,1247,26.2,25.4,16.1,61.7,14.9,0.000,0.000,0.00,0.000,9.7,16.1,3.3,320,23,10.7,21.1,3.6,322,23,10.7,21.1,3.6,322,23,484,28.79,0.0,0,0,0,34.9,43.9,46.9,0.31,0.36,0.41
MEDU,2019-11-08 11:20:00 EST,42.46869,-74.16541,1247,26.0,25.3,15.6,60.5,14.2,0.000,0.000,0.00,0.000,10.3,16.9,3.3,303,24,11.4,20.0,3.5,306,24,11.4,20.0,3.5,306,24,355,28.79,0.1,0,0,0,34.9,43.9,46.9,0.31,0.35,0.41
MEDU,2019-11-08 11:25:00 EST,42.46869,-74.16541,1247,25.5,24.8,12.9,59.7,13.4,0.000,0.000,0.00,0.000,14.4,24.0,4.6,289,16,15.9,25.8,5.1,292,13,15.9,25.8,5.1,292,13,408,28.79,0.2,0,0,0,34.9,43.9,46.9,0.31,0.35,0.41
MEDU,2019-11-08 11:30:00 EST,42.46869,-74.16541,1247,25.2,24.7,13.7,59.8,13.2,0.000,0.000,0.00,0.000,12.0,22.7,3.7,300,21,13.1,24.6,4.0,302,20,13.1,24.6,4.0,302,20,293,28.79,0.1,0,0,0,34.9,43.9,46.9,0.31,0.36,0.41
MEDU,2019-11-08 11:35:00 EST,42.46869,-74.16541,1247,25.7,25.1,16.1,60.1,13.8,0.000,0.000,0.00,0.000,8.7,16.9,3.4,302,29,9.7,18.3,3.7,305,29,9.7,18.3,3.7,305,29,408,28.79,0.2,0,0,0,34.9,43.9,46.9,0.31,0.36,0.41
MEDU,2019-11-08 11:40:00 EST,42.46869,-74.16541,1247,25.9,25.2,14.3,60.7,14.1,0.000,0.000,0.00,0.000,12.5,23.5,3.6,304,24,13.7,24.3,3.8,307,25,13.7,24.3,3.8,307,25,424,28.79,0.2,0,0,0,34.9,43.9,46.9,0.31,0.35,0.41
MEDU,2019-11-08 11:45:00 EST,42.46869,-74.16541,1247,25.4,25.0,14.3,59.3,13.2,0.000,0.000,0.00,0.000,11.2,23.6,5.4,305,28,12.4,24.7,5.3,308,30,12.4,24.7,5.3,308,30,241,28.79,0.2,0,0,0,34.9,43.9,46.9,0.31,0.36,0.41
MEDU,2019-11-08 11:50:00 EST,42.46869,-74.16541,1247,25.0,24.6,13.4,58.2,12.4,0.000,0.000,0.00,0.000,12.4,19.7,4.0,316,19,13.2,21.6,4.0,321,19,13.2,21.6,4.0,321,19,188,28.79,0.1,0,0,0,34.9,43.9,46.9,0.31,0.36,0.41
MEDU,2019-11-08 11:55:00 EST,42.46869,-74.16541,1247,25.0,24.7,15.3,58.9,12.7,0.000,0.000,0.00,0.000,9.0,15.4,2.2,314,26,9.7,15.9,2.4,318,24,9.7,15.9,2.4,318,24,255,28.78,0.2,0,0,0,34.9,43.9,46.9,0.31,0.35,0.41
MEDU,2019-11-08 12:00:00 EST,42.46869,-74.16541,1247,25.5,25.1,16.1,59.7,13.4,0.000,0.000,0.00,0.000,8.0,14.5,2.7,329,29,9.3,15.9,2.9,336,26,9.3,15.9,2.9,336,26,290,28.78,0.2,0,0,0,34.9,43.9,46.9,0.31,0.35,0.41
MEDU,2019-11-08 12:05:00 EST,42.46869,-74.16541,1247,25.8,25.2,16.1,60.8,14.1,0.000,0.000,0.00,0.000,8.9,16.1,3.1,321,24,9.9,16.8,3.0,325,22,9.9,16.8,3.0,325,22,305,28.78,0.2,0,0,0,34.9,43.9,46.9,0.31,0.35,0.41
MEDU,2019-11-08 12:10:00 EST,42.46869,-74.16541,1247,25.9,25.5,16.3,60.4,14.1,0.000,0.000,0.00,0.000,8.8,17.7,3.2,323,25,9.8,22.2,3.4,329,23,9.8,22.2,3.4,329,23,132,28.78,0.1,0,0,0,34.9,43.9,46.9,0.31,0.35,0.41
MEDU,2019-11-08 12:15:00 EST,42.46869,-74.16541,1247,25.4,25.0,14.9,58.1,12.7,0.000,0.000,0.00,0.000,10.4,20.0,3.5,311,23,11.2,23.0,3.5,314,22,11.2,23.0,3.5,314,22,206,28.78,0.2,0,0,0,34.9,43.9,46.9,0.32,0.36,0.41
MEDU,2019-11-08 12:20:00 EST,42.46869,-74.16541,1247,25.5,25.0,15.2,57.4,12.5,0.000,0.000,0.00,0.000,9.9,16.6,3.2,296,20,10.8,17.5,3.1,298,18,10.8,17.5,3.1,298,18,280,28.78,0.2,0,0,0,34.9,43.9,46.9,0.32,0.36,0.41
MEDU,2019-11-08 12:25:00 EST,42.46869,-74.16541,1247,26.2,25.6,15.0,56.4,12.8,0.000,0.000,0.00,0.000,11.7,20.4,3.0,292,21,12.9,21.9,3.0,295,19,12.9,21.9,3.0,295,19,468,28.78,0.1,0,0,0,34.9,43.9,46.9,0.32,0.35,0.41
MEDU,2019-11-08 12:30:00 EST,42.46869,-74.16541,1247,26.3,25.7,13.8,54.9,12.3,0.000,0.000,0.00,0.000,14.7,24.0,4.2,288,26,16.3,25.5,4.5,291,25,16.3,25.5,4.5,291,25,442,28.78,0.1,0,0,0,34.9,43.8,46.9,0.32,0.35,0.41
MEDU,2019-11-08 12:35:00 EST,42.46869,-74.16541,1247,26.1,25.5,14.1,57.1,13.0,0.000,0.000,0.00,0.000,14.1,21.2,3.3,307,20,14.9,26.4,3.4,309,20,14.9,26.4,3.4,309,20,366,28.78,0.2,0,0,0,34.9,43.8,46.9,0.32,0.36,0.41
MEDU,2019-11-08 12:40:00 EST,42.46869,-74.16541,1247,26.6,26.0,15.5,57.0,13.4,0.000,0.000,0.00,0.000,11.9,20.7,3.0,287,22,13.2,21.6,3.0,289,21,13.2,21.6,3.0,289,21,468,28.77,0.2,0,0,0,34.9,43.7,46.9,0.32,0.36,0.41
MEDU,2019-11-08 12:45:00 EST,42.46869,-74.16541,1247,26.9,26.4,16.3,53.3,12.2,0.000,0.000,0.00,0.000,11.1,21.9,4.6,312,22,12.1,23.1,4.4,315,22,12.1,23.1,4.4,315,22,464,28.78,0.2,0,0,0,34.9,43.7,46.9,0.32,0.35,0.41
MEDU,2019-11-08 12:50:00 EST,42.46869,-74.16541,1247,27.3,26.6,17.8,54.3,13.0,0.000,0.000,0.00,0.000,9.4,16.5,2.9,306,27,10.3,17.2,2.8,308,27,10.3,17.2,2.8,308,27,505,28.77,0.2,0,0,0,34.9,43.7,46.9,0.32,0.35,0.41
MEDU,2019-11-08 12:55:00 EST,42.46869,-74.16541,1247,27.3,26.6,16.7,53.0,12.4,0.000,0.000,0.00,0.000,11.3,21.1,3.6,301,21,12.3,25.5,4.1,305,21,12.3,25.5,4.1,305,21,371,28.77,0.1,0,0,0,34.9,43.7,46.9,0.32,0.35,0.41
MEDU,2019-11-08 13:00:00 EST,42.46869,-74.16541,1247,26.8,26.4,17.7,54.2,12.5,0.000,0.000,0.00,0.000,8.0,20.5,4.2,305,34,9.3,25.1,4.4,310,33,9.3,25.1,4.4,310,33,158,28.78,0.2,0,0,0,34.9,43.7,46.9,0.32,0.35,0.41
MEDU,2019-11-08 13:05:00 EST,42.46869,-74.16541,1247,26.3,25.9,16.0,53.4,11.6,0.000,0.000,0.00,0.000,10.5,19.9,3.6,311,22,11.1,21.1,3.7,316,22,11.1,21.1,3.7,316,22,140,28.78,0.2,0,0,0,34.9,43.7,46.9,0.32,0.36,0.41
MEDU,2019-11-08 13:10:00 EST,42.46869,-74.16541,1247,25.7,25.4,14.6,56.4,12.3,0.000,0.000,0.00,0.000,11.4,18.7,2.5,320,24,12.5,18.4,2.5,324,21,12.5,18.4,2.5,324,21,92,28.78,0.1,0,0,0,34.9,43.7,46.9,0.32,0.35,0.41
MEDU,2019-11-08 13:15:00 EST,42.46869,-74.16541,1247,25.6,25.3,15.9,60.2,13.7,0.000,0.000,0.00,0.000,8.8,14.8,2.5,294,26,9.9,18.1,3.0,296,25,9.9,18.1,3.0,296,25,226,28.78,0.2,0,0,0,34.9,43.7,46.9,0.32,0.35,0.41
MEDU,2019-11-08 13:20:00 EST,42.46869,-74.16541,1247,26.3,25.8,14.4,54.4,12.1,0.000,0.000,0.00,0.000,13.3,21.0,3.9,286,21,14.7,23.4,4.1,288,20,14.7,23.4,4.1,288,20,279,28.78,0.1,0,0,0,34.9,43.7,46.9,0.32,0.35,0.41
MEDU,2019-11-08 13:25:00 EST,42.46869,-74.16541,1247,26.0,25.7,15.3,53.2,11.3,0.000,0.000,0.00,0.000,10.9,20.6,3.4,296,16,11.9,20.0,3.6,298,15,11.9,20.0,3.6,298,15,153,28.78,0.1,0,0,0,34.9,43.7,46.9,0.32,0.36,0.41
MEDU,2019-11-08 13:30:00 EST,42.46869,-74.16541,1247,26.0,25.6,14.1,53.7,11.5,0.000,0.000,0.00,0.000,13.1,22.9,4.0,286,17,14.6,23.5,4.0,289,15,14.6,23.5,4.0,289,15,154,28.78,0.1,0,0,0,34.9,43.7,46.9,0.32,0.35,0.41
MEDU,2019-11-08 13:35:00 EST,42.46869,-74.16541,1247,25.8,25.6,13.8,53.5,11.2,0.000,0.000,0.00,0.000,13.9,21.3,3.3,301,18,14.8,22.1,3.6,305,18,14.8,22.1,3.6,305,18,115,28.78,0.1,0,0,0,34.9,43.7,46.9,0.32,0.35,0.41
MEDU,2019-11-08 13:40:00 EST,42.46869,-74.16541,1247,25.8,25.6,14.2,55.0,11.9,0.000,0.000,0.00,0.000,12.7,20.4,4.1,301,22,13.7,21.9,4.1,305,22,13.7,21.9,4.1,305,22,97,28.78,0.1,0,0,0,34.9,43.7,46.9,0.32,0.35,0.41
MEDU,2019-11-08 13:45:00 EST,42.46869,-74.16541,1247,25.5,25.3,13.3,55.3,11.7,0.000,0.000,0.00,0.000,14.0,24.7,3.4,306,16,15.0,25.0,3.7,310,16,15.0,25.0,3.7,310,16,178,28.78,0.2,0,0,0,34.9,43.7,46.9,0.32,0.35,0.41
MEDU,2019-11-08 13:50:00 EST,42.46869,-74.16541,1247,26.5,25.9,16.3,57.8,13.6,0.000,0.000,0.00,0.000,10.0,17.3,3.2,288,26,11.1,20.8,3.7,290,24,11.1,20.8,3.7,290,24,353,28.78,0.2,0,0,0,34.9,43.7,46.9,0.32,0.35,0.41
MEDU,2019-11-08 13:55:00 EST,42.46869,-74.16541,1247,26.8,26.3,16.4,56.5,13.4,0.000,0.000,0.00,0.000,10.7,22.9,4.3,293,21,11.6,25.1,4.4,296,20,11.6,25.1,4.4,296,20,319,28.78,0.1,0,0,0,34.9,43.7,46.8,0.32,0.35,0.41
MEDU,2019-11-08 14:00:00 EST,42.46869,-74.16541,1247,26.3,25.9,16.0,58.0,13.5,0.000,0.000,0.00,0.000,10.1,18.9,3.8,289,19,11.2,22.3,4.1,291,19,11.2,22.3,4.1,291,19,125,28.78,0.1,0,0,0,34.9,43.7,46.8,0.32,0.35,0.41
MEDU,2019-11-08 14:05:00 EST,42.46869,-74.16541,1247,26.0,25.8,15.9,58.8,13.6,0.000,0.000,0.00,0.000,9.7,15.6,2.3,290,17,10.7,17.0,2.6,293,17,10.7,17.0,2.6,293,17,113,28.78,0.1,0,0,0,34.9,43.6,46.8,0.32,0.36,0.41
MEDU,2019-11-08 14:10:00 EST,42.46869,-74.16541,1247,26.0,25.8,17.1,58.9,13.6,0.000,0.000,0.00,0.000,7.5,20.1,4.4,285,22,8.7,21.0,4.8,288,20,8.7,21.0,4.8,288,20,207,28.78,0.2,0,0,0,34.9,43.7,46.8,0.32,0.35,0.41
MEDU,2019-11-08 14:15:00 EST,42.46869,-74.16541,1247,26.7,26.2,15.8,57.1,13.6,0.000,0.000,0.00,0.000,11.7,20.3,3.1,294,19,12.8,24.6,3.4,298,18,12.8,24.6,3.4,298,18,444,28.78,0.1,0,0,0,34.9,43.7,46.8,0.32,0.35,0.41
MEDU,2019-11-08 14:20:00 EST,42.46869,-74.16541,1247,27.2,26.5,17.0,58.7,14.6,0.000,0.000,0.00,0.000,10.0,18.6,3.9,289,20,11.4,22.1,4.1,293,18,11.4,22.1,4.1,293,18,429,28.78,0.2,0,0,0,34.9,43.6,46.8,0.32,0.35,0.41
MEDU,2019-11-08 14:25:00 EST,42.46869,-74.16541,1247,27.0,26.5,16.6,59.9,14.9,0.000,0.000,0.00,0.000,11.1,19.1,3.2,301,16,11.8,19.6,3.1,303,16,11.8,19.6,3.1,303,16,173,28.78,0.0,0,0,0,34.9,43.6,46.8,0.32,0.35,0.41
MEDU,2019-11-08 14:30:00 EST,42.46869,-74.16541,1247,25.8,25.5,16.0,65.4,15.8,0.000,0.000,0.00,0.000,9.1,16.7,3.0,316,29,10.0,19.0,3.1,319,26,10.0,19.0,3.1,319,26,72,28.79,0.1,0,0,0,34.9,43.5,46.8,0.32,0.35,0.41
MEDU,2019-11-08 14:35:00 EST,42.46869,-74.16541,1247,25.0,24.7,15.4,73.0,17.6,0.000,0.000,0.00,0.000,8.5,15.9,2.8,335,29,9.4,17.5,3.1,339,22,9.4,17.5,3.1,339,22,55,28.79,0.1,0,0,0,34.9,43.5,46.8,0.32,0.35,0.41
MEDU,2019-11-08 14:40:00 EST,42.46869,-74.16541,1247,24.4,24.2,12.6,72.7,16.9,0.000,0.000,0.00,0.000,12.7,18.7,2.6,321,14,13.4,23.8,2.9,327,15,13.4,23.8,2.9,327,15,55,28.79,0.1,0,0,0,34.9,43.5,46.8,0.32,0.35,0.41
MEDU,2019-11-08 14:45:00 EST,42.46869,-74.16541,1247,24.3,24.0,14.5,74.0,17.2,0.000,0.000,0.00,0.000,8.7,12.8,1.9,305,19,9.4,14.1,2.0,309,19,9.4,14.1,2.0,309,19,64,28.79,0.1,0,0,0,34.9,43.5,46.8,0.32,0.35,0.41
MEDU,2019-11-08 14:50:00 EST,42.46869,-74.16541,1247,24.5,24.2,13.7,73.2,17.1,0.000,0.000,0.00,0.000,10.6,19.7,3.4,310,19,11.2,20.8,3.4,313,20,11.2,20.8,3.4,313,20,111,28.79,0.2,0,0,0,34.9,43.5,46.8,0.32,0.35,0.41
MEDU,2019-11-08 14:55:00 EST,42.46869,-74.16541,1247,25.0,24.7,16.7,71.4,17.1,0.000,0.000,0.00,0.000,6.9,11.5,2.0,303,19,7.4,13.1,2.2,308,18,7.4,13.1,2.2,308,18,121,28.79,0.2,0,0,0,34.9,43.5,46.8,0.32,0.35,0.41
MEDU,2019-11-08 15:00:00 EST,42.46869,-74.16541,1247,25.2,25.0,17.0,69.5,16.6,0.000,0.000,0.00,0.000,6.6,15.8,2.6,324,23,7.4,17.3,3.1,330,23,7.4,17.3,3.1,330,23,72,28.79,0.1,0,0,0,34.9,43.5,46.8,0.32,0.35,0.41
MEDU,2019-11-08 15:05:00 EST,42.46869,-74.16541,1247,25.2,25.0,15.1,69.1,16.5,0.000,0.000,0.00,0.000,9.5,18.4,3.4,301,20,10.4,17.9,3.2,303,19,10.4,17.9,3.2,303,19,156,28.79,0.2,0,0,0,34.9,43.5,46.8,0.32,0.35,0.41
MEDU,2019-11-08 15:10:00 EST,42.46869,-74.16541,1247,25.9,25.4,16.2,64.3,15.5,0.000,0.000,0.00,0.000,8.9,13.4,2.1,308,22,9.9,14.0,2.0,310,20,9.9,14.0,2.0,310,20,274,28.79,0.2,0,0,0,34.9,43.5,46.8,0.32,0.35,0.41
MEDU,2019-11-08 15:15:00 EST,42.46869,-74.16541,1247,26.3,25.9,15.6,61.4,14.8,0.000,0.000,0.00,0.000,10.7,20.5,3.1,321,20,11.9,21.0,3.2,325,20,11.9,21.0,3.2,325,20,236,28.79,0.2,0,0,0,34.9,43.5,46.8,0.32,0.35,0.41
MEDU,2019-11-08 15:20:00 EST,42.46869,-74.16541,1247,26.3,26.0,16.2,60.7,14.6,0.000,0.000,0.00,0.000,9.8,19.7,3.6,299,20,10.9,20.7,3.9,302,19,10.9,20.7,3.9,302,19,205,28.79,0.1,0,0,0,34.9,43.5,46.8,0.32,0.35,0.41
MEDU,2019-11-08 15:25:00 EST,42.46869,-74.16541,1247,26.4,26.1,17.1,57.8,13.5,0.000,0.000,0.00,0.000,8.5,19.1,3.4,320,27,9.5,18.7,3.5,323,26,9.5,18.7,3.5,323,26,107,28.79,0.1,0,0,0,34.9,43.5,46.8,0.32,0.35,0.41
MEDU,2019-11-08 15:30:00 EST,42.46869,-74.16541,1247,26.4,26.2,16.4,55.6,12.6,0.000,0.000,0.00,0.000,9.7,17.3,3.4,311,20,10.8,18.5,3.6,315,19,10.8,18.5,3.6,315,19,128,28.80,0.1,0,0,0,34.9,43.5,46.8,0.32,0.35,0.41
MEDU,2019-11-08 15:35:00 EST,42.46869,-74.16541,1247,26.8,26.5,19.0,55.3,12.9,0.000,0.000,0.00,0.000,6.5,12.9,2.4,299,21,7.3,15.9,2.7,301,20,7.3,15.9,2.7,301,20,155,28.80,0.1,0,0,0,34.9,43.5,46.8,0.32,0.35,0.41
MEDU,2019-11-08 15:40:00 EST,42.46869,-74.16541,1247,26.8,26.5,16.8,53.7,12.3,0.000,0.000,0.00,0.000,9.6,18.9,3.2,293,18,10.8,20.8,3.5,296,19,10.8,20.8,3.5,296,19,178,28.80,0.1,0,0,0,34.9,43.5,46.8,0.32,0.35,0.41
MEDU,2019-11-08 15:45:00 EST,42.46869,-74.16541,1247,26.6,26.3,16.0,54.6,12.4,0.000,0.000,0.00,0.000,10.6,20.1,3.0,286,20,12.0,23.7,3.4,288,20,12.0,23.7,3.4,288,20,157,28.80,0.1,0,0,0,34.9,43.5,46.8,0.32,0.35,0.41
MEDU,2019-11-08 15:50:00 EST,42.46869,-74.16541,1247,26.5,26.2,14.9,53.5,11.8,0.000,0.000,0.00,0.000,13.3,22.1,3.6,297,18,14.1,25.6,3.8,300,18,14.1,25.6,3.8,300,18,169,28.80,0.1,0,0,0,34.9,43.5,46.8,0.32,0.35,0.41
MEDU,2019-11-08 15:55:00 EST,42.46869,-74.16541,1247,26.4,26.1,15.4,55.9,12.8,0.000,0.000,0.00,0.000,11.0,21.3,4.7,282,21,12.5,23.6,5.1,286,22,12.5,23.6,5.1,286,22,147,28.80,0.1,0,0,0,34.9,43.5,46.8,0.32,0.35,0.41
MEDU,2019-11-08 16:00:00 EST,42.46869,-74.16541,1247,26.1,25.8,14.8,59.2,13.7,0.000,0.000,0.00,0.000,12.0,18.5,3.4,298,20,13.0,20.8,3.6,301,19,13.0,20.8,3.6,301,19,131,28.81,0.1,0,0,0,34.9,43.5,46.8,0.32,0.35,0.41
MEDU,2019-11-08 16:05:00 EST,42.46869,-74.16541,1247,26.0,25.7,15.5,60.1,14.0,0.000,0.000,0.00,0.000,10.0,16.1,2.8,289,18,11.3,18.1,3.0,291,17,11.3,18.1,3.0,291,17,97,28.81,0.1,0,0,0,34.9,43.5,46.8,0.32,0.35,0.41
MEDU,2019-11-08 16:10:00 EST,42.46869,-74.16541,1247,25.9,25.8,16.5,60.2,14.0,0.000,0.000,0.00,0.000,8.3,14.0,2.0,289,17,9.4,16.4,2.3,290,16,9.4,16.4,2.3,290,16,58,28.81,0.1,0,0,0,34.9,43.5,46.8,0.32,0.35,0.41
MEDU,2019-11-08 16:15:00 EST,42.46869,-74.16541,1247,25.6,25.6,16.1,60.3,13.8,0.000,0.000,0.00,0.000,8.3,13.6,2.3,283,21,9.6,16.6,2.7,286,20,9.6,16.6,2.7,286,20,28,28.81,0.1,0,0,0,34.9,43.5,46.8,0.32,0.35,0.41
MEDU,2019-11-08 16:20:00 EST,42.46869,-74.16541,1247,25.2,25.2,16.2,61.5,13.8,0.000,0.000,0.00,0.000,7.5,13.2,2.4,281,19,8.5,15.4,2.8,284,18,8.5,15.4,2.8,284,18,16,28.81,0.1,0,0,0,34.9,43.5,46.8,0.32,0.35,0.41
MEDU,2019-11-08 16:25:00 EST,42.46869,-74.16541,1247,25.1,25.1,15.7,61.6,13.8,0.000,0.000,0.00,0.000,8.3,13.7,2.9,287,18,9.2,16.8,3.3,290,17,9.2,16.8,3.3,290,17,14,28.81,0.1,0,0,0,34.9,43.4,46.8,0.32,0.35,0.41
MEDU,2019-11-08 16:30:00 EST,42.46869,-74.16541,1247,24.9,25.0,17.9,62.2,13.8,0.000,0.000,0.00,0.000,5.1,10.9,2.7,288,22,5.9,14.7,3.0,292,22,5.9,14.7,3.0,292,22,11,28.82,0.2,0,0,0,34.9,43.4,46.8,0.32,0.35,0.41
MEDU,2019-11-08 16:35:00 EST,42.46869,-74.16541,1247,25.0,25.0,15.8,61.2,13.5,0.000,0.000,0.00,0.000,8.1,15.9,3.5,305,20,8.7,18.6,3.6,308,19,8.7,18.6,3.6,308,19,9,28.82,0.1,0,0,0,34.9,43.4,46.8,0.32,0.35,0.41
MEDU,2019-11-08 16:40:00 EST,42.46869,-74.16541,1247,25.0,25.0,16.8,60.7,13.3,0.000,0.000,0.00,0.000,6.7,12.6,2.6,307,22,7.3,13.9,2.5,310,21,7.3,13.9,2.5,310,21,7,28.82,0.1,0,0,0,34.9,43.3,46.8,0.32,0.35,0.41
MEDU,2019-11-08 16:45:00 EST,42.46869,-74.16541,1247,24.8,24.9,17.0,60.6,13.1,0.000,0.000,0.00,0.000,6.0,13.9,2.5,293,22,6.7,15.6,2.6,297,21,6.7,15.6,2.6,297,21,5,28.82,0.1,0,0,0,34.9,43.3,46.8,0.32,0.35,0.41
MEDU,2019-11-08 16:50:00 EST,42.46869,-74.16541,1247,24.9,24.9,14.5,59.4,12.7,0.000,0.000,0.00,0.000,9.8,16.2,2.9,298,20,10.7,19.5,3.2,302,18,10.7,19.5,3.2,302,18,3,28.83,0.1,0,0,0,34.9,43.3,46.8,0.32,0.35,0.41
MEDU,2019-11-08 16:55:00 EST,42.46869,-74.16541,1247,24.8,24.8,15.3,60.6,13.0,0.000,0.000,0.00,0.000,8.4,13.7,2.0,306,18,9.1,16.4,2.2,309,18,9.1,16.4,2.2,309,18,1,28.83,0.1,0,0,0,34.9,43.3,46.8,0.32,0.35,0.41
MEDU,2019-11-08 17:00:00 EST,42.46869,-74.16541,1247,24.6,24.6,16.5,61.9,13.4,0.000,0.000,0.00,0.000,6.4,11.7,1.8,292,24,7.1,12.5,2.0,296,20,7.1,12.5,2.0,296,20,0,28.83,0.1,0,0,0,34.9,43.3,46.8,0.32,0.35,0.41
MEDU,2019-11-08 17:05:00 EST,42.46869,-74.16541,1247,24.3,24.2,15.3,66.5,14.7,0.000,0.000,0.00,0.000,7.6,13.1,1.8,302,16,8.1,13.7,1.9,305,14,8.1,13.7,1.9,305,14,0,28.83,0.1,0,0,0,34.9,43.3,46.8,0.32,0.35,0.41
MEDU,2019-11-08 17:10:00 EST,42.46869,-74.16541,1247,24.0,24.0,16.0,69.2,15.4,0.000,0.000,0.00,0.000,6.2,11.3,2.2,287,17,6.9,13.5,2.4,291,15,6.9,13.5,2.4,291,15,0,28.83,0.1,0,0,0,34.9,43.3,46.8,0.32,0.35,0.41
MEDU,2019-11-08 17:15:00 EST,42.46869,-74.16541,1247,24.1,24.1,15.7,69.9,15.7,0.000,0.000,0.00,0.000,6.7,11.7,1.7,292,18,7.5,13.9,2.0,295,19,7.5,13.9,2.0,295,19,0,28.83,0.1,0,0,0,34.9,43.3,46.8,0.32,0.35,0.41
MEDU,2019-11-08 17:20:00 EST,42.46869,-74.16541,1247,24.1,24.1,18.5,71.2,16.2,0.000,0.000,0.00,0.000,3.8,8.9,1.8,287,23,4.4,10.6,2.2,289,20,4.4,10.6,2.2,289,20,0,28.83,0.1,0,0,0,34.9,43.3,46.7,0.32,0.35,0.41
MEDU,2019-11-08 17:25:00 EST,42.46869,-74.16541,1247,24.1,24.0,17.1,71.0,16.1,0.000,0.000,0.00,0.000,5.0,9.5,1.5,292,25,5.7,10.7,1.8,297,24,5.7,10.7,1.8,297,24,0,28.83,0.1,0,0,0,34.9,43.3,46.7,0.32,0.35,0.41
MEDU,2019-11-08 17:30:00 EST,42.46869,-74.16541,1247,23.9,23.9,15.1,71.4,16.0,0.000,0.000,0.00,0.000,7.0,12.5,2.6,283,19,7.9,14.3,2.9,286,17,7.9,14.3,2.9,286,17,0,28.84,0.1,0,0,0,34.9,43.3,46.7,0.32,0.35,0.41
MEDU,2019-11-08 17:35:00 EST,42.46869,-74.16541,1247,23.9,23.9,15.0,70.4,15.7,0.000,0.000,0.00,0.000,7.0,12.6,2.7,280,21,8.1,15.4,3.1,283,21,8.1,15.4,3.1,283,21,0,28.84,0.1,0,0,0,34.9,43.3,46.8,0.32,0.35,0.41
MEDU,2019-11-08 17:40:00 EST,42.46869,-74.16541,1247,23.8,23.9,15.7,71.2,15.9,0.000,0.000,0.00,0.000,6.0,10.5,2.1,278,29,6.9,12.7,2.4,281,27,6.9,12.7,2.4,281,27,0,28.84,0.1,0,0,0,34.9,43.3,46.6,0.32,0.35,0.41
MEDU,2019-11-08 17:45:00 EST,42.46869,-74.16541,1247,23.8,23.9,17.4,71.0,15.8,0.000,0.000,0.00,0.000,4.2,9.4,2.1,287,20,5.1,11.2,2.4,292,22,5.1,11.2,2.4,292,22,0,28.85,0.2,0,0,0,34.9,43.3,46.7,0.32,0.35,0.41
MEDU,2019-11-08 17:50:00 EST,42.46869,-74.16541,1247,24.0,24.0,17.4,70.0,15.6,0.000,0.000,0.00,0.000,4.8,9.4,2.3,280,26,5.3,11.3,2.7,284,26,5.3,11.3,2.7,284,26,0,28.85,0.1,0,0,0,34.9,43.3,46.7,0.32,0.35,0.41
MEDU,2019-11-08 17:55:00 EST,42.46869,-74.16541,1247,23.9,23.9,18.8,69.6,15.4,0.000,0.000,0.00,0.000,3.3,7.4,1.7,290,24,3.9,9.0,1.8,294,25,3.9,9.0,1.8,294,25,0,28.86,0.1,0,0,0,34.9,43.3,46.6,0.32,0.35,0.41
MEDU,2019-11-08 18:00:00 EST,42.46869,-74.16541,1247,24.0,24.1,16.0,68.5,15.1,0.000,0.000,0.00,0.000,6.1,13.7,2.8,300,24,6.8,14.0,2.9,303,23,6.8,14.0,2.9,303,23,0,28.86,0.1,0,0,0,34.9,43.3,46.7,0.32,0.35,0.41
MEDU,2019-11-08 18:05:00 EST,42.46869,-74.16541,1247,24.0,24.1,15.5,67.8,14.9,0.000,0.000,0.00,0.000,6.6,11.9,2.2,286,20,7.5,13.3,2.3,289,16,7.5,13.3,2.3,289,16,0,28.86,0.1,0,0,0,34.9,43.3,46.6,0.32,0.35,0.41
MEDU,2019-11-08 18:10:00 EST,42.46869,-74.16541,1247,24.0,24.0,15.6,67.9,14.9,0.000,0.000,0.00,0.000,6.5,9.9,1.5,284,18,7.3,12.2,1.8,286,17,7.3,12.2,1.8,286,17,0,28.86,0.1,0,0,0,34.9,43.3,46.6,0.32,0.35,0.41
MEDU,2019-11-08 18:15:00 EST,42.46869,-74.16541,1247,23.6,23.8,16.0,69.4,15.1,0.000,0.000,0.00,0.000,5.4,9.5,1.7,284,25,6.3,10.8,2.0,287,23,6.3,10.8,2.0,287,23,0,28.86,0.1,0,0,0,34.9,43.3,46.6,0.32,0.35,0.41
MEDU,2019-11-08 18:20:00 EST,42.46869,-74.16541,1247,23.7,23.8,15.5,70.0,15.4,0.000,0.000,0.00,0.000,6.3,10.6,1.7,297,19,7.0,11.7,1.9,301,18,7.0,11.7,1.9,301,18,0,28.86,0.1,0,0,0,34.9,43.3,46.6,0.32,0.35,0.41
MEDU,2019-11-08 18:25:00 EST,42.46869,-74.16541,1247,23.7,23.8,12.8,70.2,15.4,0.000,0.000,0.00,0.000,10.2,17.0,3.0,289,16,11.1,18.7,3.2,293,15,11.1,18.7,3.2,293,15,0,28.86,0.1,0,0,0,34.9,43.3,46.6,0.32,0.35,0.41
MEDU,2019-11-08 18:30:00 EST,42.46869,-74.16541,1247,23.6,23.7,15.0,70.4,15.4,0.000,0.000,0.00,0.000,6.5,12.6,2.1,281,21,7.5,16.0,2.4,285,20,7.5,16.0,2.4,285,20,0,28.86,0.1,0,0,0,34.9,43.3,46.6,0.32,0.35,0.41
MEDU,2019-11-08 18:35:00 EST,42.46869,-74.16541,1247,23.7,23.7,14.3,70.3,15.4,0.000,0.000,0.00,0.000,8.0,17.2,3.1,315,18,8.7,20.3,3.4,320,18,8.7,20.3,3.4,320,18,0,28.86,0.0,0,0,0,34.9,43.3,46.6,0.32,0.35,0.41
MEDU,2019-11-08 18:40:00 EST,42.46869,-74.16541,1247,23.4,23.6,16.1,70.6,15.3,0.000,0.000,0.00,0.000,5.2,11.5,2.3,294,18,5.9,12.9,2.6,297,18,5.9,12.9,2.6,297,18,0,28.87,0.1,0,0,0,34.9,43.2,46.6,0.32,0.35,0.41
MEDU,2019-11-08 18:45:00 EST,42.46869,-74.16541,1247,23.4,23.6,14.9,70.4,15.2,0.000,0.000,0.00,0.000,6.4,11.7,2.3,291,15,7.4,12.9,2.6,293,14,7.4,12.9,2.6,293,14,0,28.87,0.1,0,0,0,34.9,43.2,46.6,0.32,0.35,0.41
MEDU,2019-11-08 18:50:00 EST,42.46869,-74.16541,1247,23.3,23.4,13.8,70.5,15.1,0.000,0.000,0.00,0.000,7.7,11.9,1.8,288,16,8.5,13.2,2.0,289,14,8.5,13.2,2.0,289,14,0,28.87,0.1,0,0,0,34.9,43.2,46.6,0.32,0.35,0.41
MEDU,2019-11-08 18:55:00 EST,42.46869,-74.16541,1247,22.8,23.1,14.6,71.4,14.9,0.000,0.000,0.00,0.000,6.0,9.9,1.2,280,16,6.8,11.4,1.4,283,14,6.8,11.4,1.4,283,14,0,28.87,0.1,0,0,0,34.9,43.2,46.6,0.32,0.35,0.41
MEDU,2019-11-08 19:00:00 EST,42.46869,-74.16541,1247,22.9,23.1,14.4,71.2,15.0,0.000,0.000,0.00,0.000,6.5,9.9,1.8,288,17,7.1,11.4,2.1,291,16,7.1,11.4,2.1,291,16,0,28.87,0.1,0,0,0,34.9,43.2,46.6,0.32,0.35,0.41
MEDU,2019-11-08 19:05:00 EST,42.46869,-74.16541,1247,22.8,23.0,15.9,71.2,14.9,0.000,0.000,0.00,0.000,4.8,12.8,2.0,286,18,5.4,15.6,2.3,289,17,5.4,15.6,2.3,289,17,0,28.87,0.0,0,0,0,34.9,43.2,46.6,0.32,0.35,0.41
MEDU,2019-11-08 19:10:00 EST,42.46869,-74.16541,1247,22.8,23.1,15.5,70.8,14.8,0.000,0.000,0.00,0.000,5.2,12.2,2.9,279,23,5.8,14.7,3.3,282,23,5.8,14.7,3.3,282,23,0,28.87,0.2,0,0,0,34.9,43.2,46.6,0.32,0.35,0.41
MEDU,2019-11-08 19:15:00 EST,42.46869,-74.16541,1247,22.9,23.1,18.1,70.0,14.6,0.000,0.000,0.00,0.000,3.0,5.8,1.4,304,31,3.6,8.3,1.6,306,34,3.6,8.3,1.6,306,34,0,28.88,0.1,0,0,0,34.9,43.2,46.6,0.32,0.35,0.41
MEDU,2019-11-08 19:20:00 EST,42.46869,-74.16541,1247,22.7,22.9,17.5,70.3,14.5,0.000,0.000,0.00,0.000,3.5,7.9,1.4,297,24,3.8,8.3,1.6,302,25,3.8,8.3,1.6,302,25,0,28.88,0.1,0,0,0,34.9,43.2,46.6,0.32,0.35,0.41
MEDU,2019-11-08 19:25:00 EST,42.46869,-74.16541,1247,22.6,23.0,15.7,70.7,14.5,0.000,0.000,0.00,0.000,4.8,8.1,2.0,294,15,5.3,9.5,1.9,297,15,5.3,9.5,1.9,297,15,0,28.88,0.1,0,0,0,34.9,43.2,46.6,0.32,0.35,0.41
MEDU,2019-11-08 19:30:00 EST,42.46869,-74.16541,1247,22.2,22.7,16.0,70.9,14.1,0.000,0.000,0.00,0.000,4.2,8.3,1.5,288,12,4.6,9.2,1.7,291,11,4.6,9.2,1.7,291,11,0,28.89,0.0,0,0,0,34.9,43.2,46.6,0.32,0.35,0.41
MEDU,2019-11-08 19:35:00 EST,42.46869,-74.16541,1247,22.2,22.7,14.1,72.1,14.6,0.000,0.000,0.00,0.000,6.0,10.4,1.7,292,15,6.6,11.7,1.8,295,13,6.6,11.7,1.8,295,13,0,28.88,0.1,0,0,0,34.9,43.2,46.6,0.32,0.35,0.41
MEDU,2019-11-08 19:40:00 EST,42.46869,-74.16541,1247,22.1,22.6,13.9,71.7,14.3,0.000,0.000,0.00,0.000,5.9,9.0,1.2,281,14,6.6,10.3,1.5,283,13,6.6,10.3,1.5,283,13,0,28.88,0.1,0,0,0,34.9,43.2,46.6,0.32,0.35,0.41
MEDU,2019-11-08 19:45:00 EST,42.46869,-74.16541,1247,22.1,22.5,13.5,71.5,14.3,0.000,0.000,0.00,0.000,6.6,11.0,1.5,291,13,7.2,12.2,1.6,294,12,7.2,12.2,1.6,294,12,0,28.88,0.2,0,0,0,34.9,43.2,46.6,0.32,0.35,0.41
MEDU,2019-11-08 19:50:00 EST,42.46869,-74.16541,1247,22.4,22.5,14.4,70.5,14.3,0.000,0.000,0.00,0.000,5.9,9.5,1.6,295,11,6.4,10.0,1.7,298,11,6.4,10.0,1.7,298,11,0,28.89,0.1,0,0,0,34.9,43.2,46.6,0.32,0.35,0.41
MEDU,2019-11-08 19:55:00 EST,42.46869,-74.16541,1247,22.1,22.3,14.9,70.2,13.9,0.000,0.000,0.00,0.000,5.0,8.4,1.5,294,17,5.6,9.3,1.7,297,15,5.6,9.3,1.7,297,15,0,28.89,0.1,0,0,0,34.9,43.2,46.6,0.32,0.35,0.41
MEDU,2019-11-08 20:00:00 EST,42.46869,-74.16541,1247,22.1,22.2,15.5,69.9,13.8,0.000,0.000,0.00,0.000,4.5,8.0,1.1,305,19,4.9,8.2,1.3,308,19,4.9,8.2,1.3,308,19,0,28.89,0.1,0,0,0,34.9,43.2,46.6,0.32,0.35,0.41
MEDU,2019-11-08 20:05:00 EST,42.46869,-74.16541,1247,22.0,22.3,14.3,69.3,13.5,0.000,0.000,0.00,0.000,5.7,10.3,1.8,295,20,6.1,12.3,2.1,298,19,6.1,12.3,2.1,298,19,0,28.89,0.1,0,0,0,34.9,43.2,46.6,0.32,0.35,0.41
MEDU,2019-11-08 20:10:00 EST,42.46869,-74.16541,1247,21.9,22.2,15.5,69.2,13.4,0.000,0.000,0.00,0.000,4.5,7.5,1.0,291,13,4.8,7.9,1.1,295,12,4.8,7.9,1.1,295,12,0,28.89,-0.1,0,0,0,34.9,43.2,46.6,0.32,0.35,0.41
MEDU,2019-11-08 20:15:00 EST,42.46869,-74.16541,1247,21.4,21.9,15.1,69.7,13.0,0.000,0.000,0.00,0.000,4.1,7.4,1.2,288,10,4.6,8.2,1.4,291,9,4.6,8.2,1.4,291,9,0,28.89,0.1,0,0,0,34.9,43.2,46.6,0.32,0.35,0.41
MEDU,2019-11-08 20:20:00 EST,42.46869,-74.16541,1247,21.5,21.9,14.8,70.0,13.2,0.000,0.000,0.00,0.000,4.6,8.1,0.8,293,10,5.0,8.4,0.9,297,9,5.0,8.4,0.9,297,9,0,28.89,0.2,0,0,0,34.9,43.2,46.6,0.32,0.35,0.41
MEDU,2019-11-08 20:25:00 EST,42.46869,-74.16541,1247,21.5,21.8,13.8,69.8,13.1,0.000,0.000,0.00,0.000,5.4,8.5,1.3,286,14,5.9,10.4,1.6,290,12,5.9,10.4,1.6,290,12,0,28.89,0.1,0,0,0,34.9,43.2,46.6,0.32,0.35,0.41
MEDU,2019-11-08 20:30:00 EST,42.46869,-74.16541,1247,21.1,21.7,13.6,70.5,13.0,0.000,0.000,0.00,0.000,5.1,8.0,1.0,285,11,5.6,8.9,1.1,288,10,5.6,8.9,1.1,288,10,0,28.89,0.2,0,0,0,34.9,43.2,46.5,0.32,0.35,0.41
MEDU,2019-11-08 20:35:00 EST,42.46869,-74.16541,1247,20.5,21.5,13.0,71.5,12.8,0.000,0.000,0.00,0.000,5.0,7.3,1.0,274,11,5.5,8.0,1.2,277,10,5.5,8.0,1.2,277,10,0,28.89,0.1,0,0,0,34.9,43.2,46.5,0.32,0.35,0.41
MEDU,2019-11-08 20:40:00 EST,42.46869,-74.16541,1247,20.4,21.3,13.4,72.3,13.0,0.000,0.000,0.00,0.000,4.6,6.6,0.8,269,11,5.1,8.4,0.9,274,11,5.1,8.4,0.9,274,11,0,28.89,0.2,0,0,0,34.9,43.2,46.5,0.32,0.35,0.41
MEDU,2019-11-08 20:45:00 EST,42.46869,-74.16541,1247,20.7,21.3,13.7,72.1,13.1,0.000,0.000,0.00,0.000,4.5,7.9,1.0,271,12,5.1,8.6,1.2,275,12,5.1,8.6,1.2,275,12,0,28.89,0.0,0,0,0,34.9,43.2,46.5,0.32,0.35,0.41
MEDU,2019-11-08 20:50:00 EST,42.46869,-74.16541,1247,19.8,20.9,12.7,72.3,12.4,0.000,0.000,0.00,0.000,4.6,6.1,0.5,271,10,5.1,7.3,0.7,274,9,5.1,7.3,0.7,274,9,0,28.89,0.1,0,0,0,34.9,43.2,46.5,0.32,0.35,0.41
MEDU,2019-11-08 20:55:00 EST,42.46869,-74.16541,1247,19.6,20.9,11.6,74.2,12.8,0.000,0.000,0.00,0.000,5.3,7.5,0.8,271,7,5.9,9.9,1.0,274,7,5.9,9.9,1.0,274,7,0,28.90,0.0,0,0,0,34.9,43.2,46.4,0.32,0.35,0.41
MEDU,2019-11-08 21:00:00 EST,42.46869,-74.16541,1247,19.8,21.0,11.2,73.4,12.7,0.000,0.000,0.00,0.000,6.0,7.7,0.8,268,7,6.6,9.3,0.9,272,7,6.6,9.3,0.9,272,7,0,28.90,0.1,0,0,0,34.9,43.2,46.4,0.32,0.35,0.41
MEDU,2019-11-08 21:05:00 EST,42.46869,-74.16541,1247,19.8,20.8,11.2,73.4,12.7,0.000,0.000,0.00,0.000,6.0,8.0,0.9,274,7,6.6,9.0,1.0,278,6,6.6,9.0,1.0,278,6,0,28.90,0.0,0,0,0,34.9,43.2,46.4,0.32,0.35,0.41
MEDU,2019-11-08 21:10:00 EST,42.46869,-74.16541,1247,19.6,20.8,10.1,74.1,12.7,0.000,0.000,0.00,0.000,6.8,8.8,0.8,268,6,7.5,10.3,1.0,272,6,7.5,10.3,1.0,272,6,0,28.90,0.1,0,0,0,34.9,43.2,46.4,0.32,0.35,0.41
MEDU,2019-11-08 21:15:00 EST,42.46869,-74.16541,1247,19.7,20.8,10.1,74.3,12.8,0.000,0.000,0.00,0.000,7.0,9.1,0.9,267,7,7.6,10.0,1.1,271,6,7.6,10.0,1.1,271,6,0,28.90,0.0,0,0,0,34.9,43.2,46.4,0.32,0.35,0.41
MEDU,2019-11-08 21:20:00 EST,42.46869,-74.16541,1247,19.3,20.6,10.5,75.5,12.8,0.000,0.000,0.00,0.000,5.9,7.7,0.8,271,6,6.6,9.3,0.9,275,5,6.6,9.3,0.9,275,5,0,28.90,0.1,0,0,0,34.9,43.2,46.4,0.32,0.35,0.41
MEDU,2019-11-08 21:25:00 EST,42.46869,-74.16541,1247,19.4,20.5,11.5,76.3,13.1,0.000,0.000,0.00,0.000,5.1,6.6,0.5,271,7,5.7,7.5,0.6,274,6,5.7,7.5,0.6,274,6,0,28.91,0.1,0,0,0,34.9,43.1,46.4,0.32,0.35,0.41
MEDU,2019-11-08 21:30:00 EST,42.46869,-74.16541,1247,19.4,20.5,12.0,77.3,13.4,0.000,0.000,0.00,0.000,4.7,6.4,0.8,272,7,5.2,7.2,0.8,276,7,5.2,7.2,0.8,276,7,0,28.91,-0.1,0,0,0,34.9,43.1,46.4,0.31,0.35,0.41
MEDU,2019-11-08 21:35:00 EST,42.46869,-74.16541,1247,18.7,20.3,11.4,77.6,12.9,0.000,0.000,0.00,0.000,4.5,5.8,0.4,264,9,5.0,6.7,0.6,268,8,5.0,6.7,0.6,268,8,0,28.91,-0.1,0,0,0,34.9,43.1,46.4,0.31,0.35,0.41
MEDU,2019-11-08 21:40:00 EST,42.46869,-74.16541,1247,18.8,20.4,11.1,78.7,13.3,0.000,0.000,0.00,0.000,4.9,7.1,0.8,273,9,5.4,8.3,0.9,276,8,5.4,8.3,0.9,276,8,0,28.91,0.0,0,0,0,34.7,43.0,46.4,0.32,0.35,0.41
MEDU,2019-11-08 21:45:00 EST,42.46869,-74.16541,1247,18.3,20.3,10.5,79.3,12.9,0.000,0.000,0.00,0.000,4.9,6.4,0.4,269,7,5.4,7.7,0.5,273,7,5.4,7.7,0.5,273,7,0,28.91,0.2,0,0,0,34.7,43.0,46.4,0.31,0.35,0.41
MEDU,2019-11-08 21:50:00 EST,42.46869,-74.16541,1247,19.0,20.4,10.3,80.0,13.8,0.000,0.000,0.00,0.000,5.8,8.5,0.6,272,8,6.4,10.1,0.8,275,7,6.4,10.1,0.8,275,7,0,28.91,0.0,0,0,0,34.7,43.0,46.4,0.31,0.35,0.41
MEDU,2019-11-08 21:55:00 EST,42.46869,-74.16541,1247,18.9,20.2,11.1,79.9,13.7,0.000,0.000,0.00,0.000,5.1,6.7,0.6,276,6,5.5,7.2,0.7,280,6,5.5,7.2,0.7,280,6,0,28.91,0.0,0,0,0,34.7,43.0,46.4,0.32,0.35,0.41
MEDU,2019-11-08 22:00:00 EST,42.46869,-74.16541,1247,18.6,20.1,10.9,80.8,13.7,0.000,0.000,0.00,0.000,4.9,6.2,0.5,273,7,5.4,7.1,0.7,277,6,5.4,7.1,0.7,277,6,0,28.91,0.0,0,0,0,34.7,43.0,46.4,0.31,0.35,0.41
MEDU,2019-11-08 22:05:00 EST,42.46869,-74.16541,1247,18.6,20.1,11.5,80.9,13.7,0.000,0.000,0.00,0.000,4.4,6.8,0.6,272,6,4.8,7.7,0.7,276,6,4.8,7.7,0.7,276,6,0,28.91,-0.0,0,0,0,34.7,43.0,46.4,0.31,0.35,0.41
MEDU,2019-11-08 22:10:00 EST,42.46869,-74.16541,1247,18.0,19.9,11.3,81.4,13.3,0.000,0.000,0.00,0.000,4.0,4.8,0.3,264,5,4.5,5.3,0.4,269,5,4.5,5.3,0.4,269,5,0,28.91,0.1,0,0,0,34.7,43.0,46.4,0.31,0.35,0.41
MEDU,2019-11-08 22:15:00 EST,42.46869,-74.16541,1247,17.9,19.7,10.6,82.8,13.6,0.000,0.000,0.00,0.000,4.5,5.8,0.6,264,6,5.0,6.8,0.7,268,6,5.0,6.8,0.7,268,6,0,28.92,0.0,0,0,0,34.7,43.0,46.4,0.31,0.35,0.41
MEDU,2019-11-08 22:20:00 EST,42.46869,-74.16541,1247,18.1,19.6,11.4,83.2,13.9,0.000,0.000,0.00,0.000,4.0,5.1,0.5,270,8,4.5,5.5,0.5,275,7,4.5,5.5,0.5,275,7,0,28.92,0.1,0,0,0,34.7,43.0,46.4,0.31,0.35,0.41
MEDU,2019-11-08 22:25:00 EST,42.46869,-74.16541,1247,18.5,19.5,10.8,82.9,14.1,0.000,0.000,0.00,0.000,4.7,7.5,0.8,266,8,5.3,8.7,1.0,271,7,5.3,8.7,1.0,271,7,0,28.92,0.0,0,0,0,34.6,43.0,46.4,0.31,0.35,0.41
MEDU,2019-11-08 22:30:00 EST,42.46869,-74.16541,1247,18.6,19.5,12.0,83.2,14.3,0.000,0.000,0.00,0.000,4.0,5.4,0.6,268,7,4.4,6.0,0.6,273,7,4.4,6.0,0.6,273,7,0,28.92,0.1,0,0,0,34.5,43.0,46.4,0.31,0.35,0.41
MEDU,2019-11-08 22:35:00 EST,42.46869,-74.16541,1247,18.3,19.4,12.3,82.7,13.9,0.000,0.000,0.00,0.000,3.5,5.0,0.6,274,13,4.0,5.9,0.7,279,12,4.0,5.9,0.7,279,12,0,28.92,0.1,0,0,0,34.5,43.0,46.4,0.31,0.35,0.41
MEDU,2019-11-08 22:40:00 EST,42.46869,-74.16541,1247,18.5,19.4,12.3,83.5,14.3,0.000,0.000,0.00,0.000,3.7,6.0,0.5,279,9,4.1,6.5,0.6,284,9,4.1,6.5,0.6,284,9,0,28.92,0.1,0,0,0,34.5,43.0,46.4,0.31,0.35,0.41
MEDU,2019-11-08 22:45:00 EST,42.46869,-74.16541,1247,18.6,19.3,12.3,83.3,14.4,0.000,0.000,0.00,0.000,3.8,5.8,0.6,278,10,4.2,7.2,0.7,282,9,4.2,7.2,0.7,282,9,0,28.92,0.1,0,0,0,34.5,43.0,46.4,0.31,0.35,0.41
MEDU,2019-11-08 22:50:00 EST,42.46869,-74.16541,1247,18.8,19.5,12.1,82.9,14.5,0.000,0.000,0.00,0.000,4.0,7.1,1.0,285,12,4.6,7.5,1.1,289,11,4.6,7.5,1.1,289,11,0,28.92,0.1,0,0,0,34.5,43.0,46.4,0.31,0.35,0.41
MEDU,2019-11-08 22:55:00 EST,42.46869,-74.16541,1247,18.8,19.4,12.7,82.2,14.3,0.000,0.000,0.00,0.000,3.7,5.6,0.8,269,16,4.1,6.7,0.9,273,15,4.1,6.7,0.9,273,15,0,28.92,0.1,0,0,0,34.5,43.0,46.4,0.31,0.35,0.41
MEDU,2019-11-08 23:00:00 EST,42.46869,-74.16541,1247,18.5,19.3,11.4,82.3,14.0,0.000,0.000,0.00,0.000,4.4,7.2,1.1,262,11,4.9,8.0,1.3,267,10,4.9,8.0,1.3,267,10,0,28.92,0.0,0,0,0,34.5,43.0,46.4,0.31,0.35,0.41
MEDU,2019-11-08 23:05:00 EST,42.46869,-74.16541,1247,19.0,19.5,12.3,82.7,14.6,0.000,0.000,0.00,0.000,4.0,6.7,0.9,267,10,4.5,8.2,1.1,272,9,4.5,8.2,1.1,272,9,0,28.92,0.1,0,0,0,34.5,43.0,46.4,0.31,0.35,0.41
MEDU,2019-11-08 23:10:00 EST,42.46869,-74.16541,1247,19.1,19.7,12.5,82.0,14.5,0.000,0.000,0.00,0.000,4.0,7.2,1.0,274,13,4.5,8.4,1.1,279,13,4.5,8.4,1.1,279,13,0,28.92,0.0,0,0,0,34.5,43.0,46.4,0.31,0.35,0.41
MEDU,2019-11-08 23:15:00 EST,42.46869,-74.16541,1247,19.2,19.8,12.4,81.4,14.5,0.000,0.000,0.00,0.000,4.2,6.9,1.0,283,13,4.7,7.9,1.2,286,11,4.7,7.9,1.2,286,11,0,28.92,0.1,0,0,0,34.4,43.0,46.4,0.31,0.35,0.41
MEDU,2019-11-08 23:20:00 EST,42.46869,-74.16541,1247,19.2,19.7,14.2,81.6,14.5,0.000,0.000,0.00,0.000,3.0,4.5,0.6,283,14,3.4,5.5,0.8,288,13,3.4,5.5,0.8,288,13,0,28.92,0.2,0,0,0,34.3,43.0,46.4,0.31,0.35,0.41
MEDU,2019-11-08 23:25:00 EST,42.46869,-74.16541,1247,19.2,19.8,12.3,81.4,14.5,0.000,0.000,0.00,0.000,4.2,6.4,1.0,282,15,4.8,7.6,1.2,286,13,4.8,7.6,1.2,286,13,0,28.92,0.1,0,0,0,34.3,43.0,46.4,0.31,0.35,0.41
MEDU,2019-11-08 23:30:00 EST,42.46869,-74.16541,1247,19.2,19.7,13.4,81.3,14.5,0.000,0.000,0.00,0.000,3.4,6.1,1.0,282,13,3.9,7.8,1.1,285,12,3.9,7.8,1.1,285,12,0,28.92,0.1,0,0,0,34.3,43.0,46.4,0.31,0.35,0.41
MEDU,2019-11-08 23:35:00 EST,42.46869,-74.16541,1247,19.3,19.7,12.4,81.4,14.5,0.000,0.000,0.00,0.000,4.2,7.1,1.1,278,15,4.8,7.9,1.3,282,13,4.8,7.9,1.3,282,13,0,28.92,0.1,0,0,0,34.3,43.0,46.4,0.31,0.35,0.41
MEDU,2019-11-08 23:40:00 EST,42.46869,-74.16541,1247,19.0,19.6,14.0,81.4,14.3,0.000,0.000,0.00,0.000,2.9,5.8,0.9,276,15,3.4,7.1,1.0,281,14,3.4,7.1,1.0,281,14,0,28.92,0.1,0,0,0,34.3,43.0,46.4,0.31,0.35,0.41
MEDU,2019-11-08 23:45:00 EST,42.46869,-74.16541,1247,19.0,19.5,14.1,82.0,14.4,0.000,0.000,0.00,0.000,2.8,4.9,0.7,275,17,3.3,5.5,0.8,280,15,3.3,5.5,0.8,280,15,0,28.92,0.1,0,0,0,34.3,43.0,46.4,0.31,0.35,0.41
MEDU,2019-11-08 23:50:00 EST,42.46869,-74.16541,1247,19.3,19.7,19.3,82.5,14.8,0.000,0.000,0.00,0.000,2.5,4.7,0.8,298,12,2.8,5.3,0.9,302,12,2.8,5.3,0.9,302,12,0,28.92,0.1,0,0,0,34.3,43.0,46.4,0.31,0.35,0.41
MEDU,2019-11-08 23:55:00 EST,42.46869,-74.16541,1247,19.4,19.8,13.6,82.5,15.0,0.000,0.000,0.00,0.000,3.6,5.8,0.9,290,15,4.0,7.2,1.2,293,14,4.0,7.2,1.2,293,14,0,28.92,0.1,0,0,0,34.3,43.0,46.4,0.31,0.35,0.41
MORR,2019-11-08 00:00:00 EST,42.88392,-75.64245,1251,26.1,25.9,26.1,89.3,23.4,0.000,0.093,0.00,0.000,2.1,3.2,0.5,333,14,2.2,3.5,0.6,333,17,2.2,3.5,0.6,333,17,0,28.73,-0.1,0,0,0,37.8,43.0,46.2,0.35,0.33,0.31
MORR,2019-11-08 00:05:00 EST,42.88392,-75.64245,1251,26.1,25.9,26.1,88.0,23.0,0.000,0.000,0.00,0.000,2.1,3.0,0.6,326,12,2.2,3.3,0.5,323,13,2.2,3.3,0.5,323,13,0,28.73,-0.1,0,0,0,37.8,43.1,46.0,0.35,0.33,0.31
MORR,2019-11-08 00:10:00 EST,42.88392,-75.64245,1251,26.0,25.9,26.0,88.9,23.2,0.000,0.000,0.00,0.000,1.6,3.1,0.4,313,18,1.7,3.9,0.5,311,19,1.7,3.9,0.5,311,19,0,28.72,-0.1,0,0,0,37.8,43.0,46.1,0.35,0.32,0.31
MORR,2019-11-08 00:15:00 EST,42.88392,-75.64245,1251,26.0,25.8,26.0,87.4,22.7,0.000,0.000,0.00,0.000,2.2,3.4,0.7,332,14,2.6,4.5,0.8,332,16,2.6,4.5,0.8,332,16,0,28.72,-0.1,0,0,0,37.8,43.1,46.0,0.35,0.33,0.31
MORR,2019-11-08 00:20:00 EST,42.88392,-75.64245,1251,25.9,25.8,25.9,87.1,22.6,0.000,0.000,0.00,0.000,2.1,3.2,0.6,334,8,2.3,4.2,0.5,332,11,2.3,4.2,0.5,332,11,0,28.72,-0.1,0,0,0,37.8,43.1,46.1,0.35,0.33,0.31
MORR,2019-11-08 00:25:00 EST,42.88392,-75.64245,1251,25.9,25.7,25.9,87.5,22.7,0.000,0.000,0.00,0.000,1.4,2.8,0.6,316,15,1.6,2.5,0.5,319,19,1.6,2.5,0.5,319,19,0,28.72,-0.1,0,0,0,37.8,42.9,46.0,0.35,0.32,0.31
MORR,2019-11-08 00:30:00 EST,42.88392,-75.64245,1251,25.9,25.7,25.9,87.4,22.7,0.000,0.000,0.00,0.000,1.8,2.6,0.6,319,14,1.9,3.0,0.5,316,14,1.9,3.0,0.5,316,14,0,28.72,-0.1,0,0,0,37.8,43.0,46.0,0.35,0.33,0.31
MORR,2019-11-08 00:35:00 EST,42.88392,-75.64245,1251,25.8,25.6,25.8,88.1,22.7,0.000,0.000,0.00,0.000,1.8,2.5,0.3,315,9,1.9,2.6,0.3,313,8,1.9,2.6,0.3,313,8,0,28.72,-0.1,0,0,0,37.7,42.9,46.0,0.35,0.33,0.31
MORR,2019-11-08 00:40:00 EST,42.88392,-75.64245,1251,25.7,25.6,25.7,89.2,23.0,0.000,0.000,0.00,0.000,1.9,3.7,0.5,312,7,1.9,3.8,0.5,310,8,1.9,3.8,0.5,310,8,0,28.72,-0.1,0,0,0,37.8,43.0,46.0,0.35,0.33,0.31
MORR,2019-11-08 00:45:00 EST,42.88392,-75.64245,1251,25.8,25.7,25.8,89.3,23.1,0.000,0.000,0.00,0.000,2.5,3.7,0.5,299,8,2.6,3.8,0.6,299,9,2.6,3.8,0.6,299,9,0,28.72,-0.1,0,0,0,37.7,43.0,46.0,0.35,0.33,0.31
MORR,2019-11-08 00:50:00 EST,42.88392,-75.64245,1251,25.9,25.7,25.9,89.4,23.2,0.000,0.000,0.00,0.000,2.6,3.4,0.4,302,10,2.7,3.8,0.5,301,10,2.7,3.8,0.5,301,10,0,28.72,-0.1,0,0,0,37.6,43.0,46.0,0.35,0.32,0.31
MORR,2019-11-08 00:55:00 EST,42.88392,-75.64245,1251,25.8,25.7,22.2,89.4,23.1,0.000,0.000,0.00,0.000,2.7,3.8,0.5,281,9,3.1,4.8,0.5,279,10,3.1,4.8,0.5,279,10,0,28.72,-0.1,0,0,0,37.6,43.0,46.0,0.35,0.32,0.31
MORR,2019-11-08 01:00:00 EST,42.88392,-75.64245,1251,25.6,25.6,21.9,88.6,22.7,0.000,0.000,0.00,0.000,2.8,3.9,0.5,268,10,3.1,4.4,0.5,266,11,3.1,4.4,0.5,266,11,0,28.71,-0.1,0,0,0,37.6,42.9,46.0,0.35,0.33,0.31
MORR,2019-11-08 01:05:00 EST,42.88392,-75.64245,1251,25.5,25.6,20.9,88.6,22.6,0.000,0.000,0.00,0.000,3.3,5.0,0.7,276,8,3.7,5.8,0.7,274,8,3.7,5.8,0.7,274,8,0,28.71,-0.1,0,0,0,37.6,43.0,46.0,0.35,0.33,0.31
MORR,2019-11-08 01:10:00 EST,42.88392,-75.64245,1251,25.3,25.5,25.3,89.3,22.6,0.000,0.000,0.00,0.000,2.3,3.9,0.5,284,13,2.6,4.6,0.6,283,13,2.6,4.6,0.6,283,13,0,28.71,-0.1,0,0,0,37.6,42.8,46.0,0.35,0.33,0.31
MORR,2019-11-08 01:15:00 EST,42.88392,-75.64245,1251,25.2,25.4,25.2,90.4,22.8,0.000,0.000,0.00,0.000,2.7,3.6,0.5,305,8,2.8,4.0,0.5,305,8,2.8,4.0,0.5,305,8,0,28.72,-0.1,0,0,0,37.6,43.0,46.0,0.35,0.33,0.31
MORR,2019-11-08 01:20:00 EST,42.88392,-75.64245,1251,25.5,25.5,25.5,90.6,23.2,0.000,0.000,0.00,0.000,2.0,2.9,0.3,307,8,2.0,3.0,0.3,307,7,2.0,3.0,0.3,307,7,0,28.72,-0.1,0,0,0,37.6,43.1,46.0,0.35,0.33,0.31
MORR,2019-11-08 01:25:00 EST,42.88392,-75.64245,1251,25.6,25.5,25.6,90.4,23.2,0.000,0.000,0.00,0.000,1.4,2.6,0.5,330,25,1.8,3.2,0.7,332,22,1.8,3.2,0.7,332,22,0,28.71,-0.1,0,0,0,37.6,42.8,46.0,0.35,0.33,0.31
MORR,2019-11-08 01:30:00 EST,42.88392,-75.64245,1251,25.6,25.4,25.6,90.2,23.1,0.000,0.000,0.00,0.000,2.0,2.6,0.5,339,8,2.3,3.3,0.5,336,10,2.3,3.3,0.5,336,10,0,28.72,-0.0,0,0,0,37.6,42.7,46.0,0.35,0.32,0.31
MORR,2019-11-08 01:35:00 EST,42.88392,-75.64245,1251,25.6,25.4,25.6,89.8,23.0,0.000,0.000,0.00,0.000,2.5,3.2,0.3,338,5,2.9,3.6,0.3,335,6,2.9,3.6,0.3,335,6,0,28.72,-0.1,0,0,0,37.6,43.0,46.0,0.35,0.33,0.31
MORR,2019-11-08 01:40:00 EST,42.88392,-75.64245,1251,25.5,25.3,25.5,90.4,23.1,0.000,0.000,0.00,0.000,2.4,2.8,0.3,329,7,2.4,3.4,0.4,326,8,2.4,3.4,0.4,326,8,0,28.72,-0.1,0,0,0,37.6,42.8,46.0,0.35,0.33,0.31
MORR,2019-11-08 01:45:00 EST,42.88392,-75.64245,1251,25.4,25.3,25.4,90.3,23.0,0.000,0.000,0.00,0.000,2.4,3.9,0.6,319,10,2.4,4.4,0.6,318,11,2.4,4.4,0.6,318,11,0,28.72,-0.1,0,0,0,37.6,42.8,46.0,0.35,0.33,0.31
MORR,2019-11-08 01:50:00 EST,42.88392,-75.64245,1251,25.5,25.3,25.5,88.9,22.7,0.000,0.000,0.00,0.000,1.8,3.4,0.4,321,10,1.9,3.3,0.4,321,12,1.9,3.3,0.4,321,12,0,28.71,-0.1,0,0,0,37.6,42.7,46.0,0.35,0.33,0.31
MORR,2019-11-08 01:55:00 EST,42.88392,-75.64245,1251,25.4,25.3,25.4,89.1,22.6,0.000,0.000,0.00,0.000,1.5,2.6,0.5,327,14,1.7,3.3,0.6,322,15,1.7,3.3,0.6,322,15,0,28.71,-0.1,0,0,0,37.5,42.8,46.0,0.35,0.33,0.31
MORR,2019-11-08 02:00:00 EST,42.88392,-75.64245,1251,25.4,25.2,25.4,88.1,22.4,0.000,0.000,0.00,0.000,1.6,2.8,0.5,336,10,1.9,3.2,0.5,337,15,1.9,3.2,0.5,337,15,0,28.71,-0.0,0,0,0,37.4,42.8,46.0,0.35,0.33,0.31
MORR,2019-11-08 02:05:00 EST,42.88392,-75.64245,1251,25.4,25.2,25.4,88.7,22.5,0.000,0.000,0.00,0.000,2.0,3.3,0.5,329,14,2.2,4.0,0.7,327,16,2.2,4.0,0.7,327,16,0,28.71,-0.0,0,0,0,37.4,42.7,46.0,0.35,0.33,0.31
MORR,2019-11-08 02:10:00 EST,42.88392,-75.64245,1251,25.3,25.1,25.3,89.9,22.7,0.000,0.000,0.00,0.000,2.0,3.4,0.5,306,11,2.1,3.7,0.5,304,12,2.1,3.7,0.5,304,12,0,28.71,-0.1,0,0,0,37.4,42.8,46.0,0.35,0.33,0.31
MORR,2019-11-08 02:15:00 EST,42.88392,-75.64245,1251,25.2,25.0,21.1,90.4,22.8,0.000,0.000,0.00,0.000,3.2,4.6,0.6,302,9,3.3,5.2,0.8,301,8,3.3,5.2,0.8,301,8,0,28.71,-0.1,0,0,0,37.4,42.7,46.0,0.35,0.33,0.31
MORR,2019-11-08 02:20:00 EST,42.88392,-75.64245,1251,25.1,24.9,21.5,90.2,22.7,0.000,0.000,0.00,0.000,2.9,4.4,0.5,317,13,3.0,5.0,0.6,316,13,3.0,5.0,0.6,316,13,0,28.71,-0.0,0,0,0,37.4,42.8,46.0,0.35,0.33,0.31
MORR,2019-11-08 02:25:00 EST,42.88392,-75.64245,1251,25.1,24.9,25.1,90.4,22.7,0.000,0.000,0.00,0.000,2.7,4.5,0.7,314,14,2.7,4.5,0.7,311,14,2.7,4.5,0.7,311,14,0,28.71,-0.0,0,0,0,37.4,42.8,46.0,0.35,0.33,0.31
MORR,2019-11-08 02:30:00 EST,42.88392,-75.64245,1251,25.1,24.9,25.1,91.3,22.9,0.000,0.000,0.00,0.000,2.3,3.7,0.6,315,9,2.5,4.0,0.5,314,10,2.5,4.0,0.5,314,10,0,28.71,-0.0,0,0,0,37.4,42.7,45.9,0.35,0.33,0.31
MORR,2019-11-08 02:35:00 EST,42.88392,-75.64245,1251,25.1,24.8,25.1,91.6,23.0,0.000,0.000,0.00,0.000,2.6,4.0,0.8,326,11,2.7,4.6,0.9,324,12,2.7,4.6,0.9,324,12,0,28.71,-0.0,0,0,0,37.4,42.9,46.0,0.35,0.33,0.31
MORR,2019-11-08 02:40:00 EST,42.88392,-75.64245,1251,25.0,24.8,21.4,91.8,23.0,0.000,0.000,0.00,0.000,2.8,4.9,0.7,316,16,3.0,5.4,0.8,313,15,3.0,5.4,0.8,313,15,0,28.71,-0.0,0,0,0,37.4,42.9,46.0,0.35,0.33,0.31
MORR,2019-11-08 02:45:00 EST,42.88392,-75.64245,1251,25.0,24.7,20.3,91.3,22.8,0.000,0.000,0.00,0.000,3.6,5.4,0.9,311,14,3.7,6.0,1.0,309,13,3.7,6.0,1.0,309,13,0,28.71,-0.1,0,0,0,37.4,42.8,46.0,0.35,0.33,0.31
MORR,2019-11-08 02:50:00 EST,42.88392,-75.64245,1251,24.9,24.7,20.5,91.8,22.9,0.000,0.000,0.00,0.000,3.3,5.2,1.0,321,18,3.5,6.6,1.1,320,19,3.5,6.6,1.1,320,19,0,28.71,-0.1,0,0,0,37.4,42.8,46.0,0.35,0.33,0.31
MORR,2019-11-08 02:55:00 EST,42.88392,-75.64245,1251,24.9,24.7,21.0,91.8,22.8,0.000,0.000,0.00,0.000,3.0,4.2,0.6,323,14,3.2,4.7,0.7,321,13,3.2,4.7,0.7,321,13,0,28.71,-0.1,0,0,0,37.4,42.7,46.0,0.35,0.33,0.31
MORR,2019-11-08 03:00:00 EST,42.88392,-75.64245,1251,24.9,24.7,24.9,92.2,23.0,0.000,0.000,0.00,0.000,2.0,3.1,0.4,317,11,2.1,3.4,0.5,316,11,2.1,3.4,0.5,316,11,0,28.71,-0.1,0,0,0,37.3,42.7,46.0,0.35,0.32,0.31
MORR,2019-11-08 03:05:00 EST,42.88392,-75.64245,1251,24.9,24.6,24.9,92.7,23.1,0.000,0.000,0.00,0.000,2.2,3.1,0.4,328,12,2.3,3.6,0.4,325,13,2.3,3.6,0.4,325,13,0,28.71,-0.1,0,0,0,37.2,42.7,46.0,0.35,0.33,0.31
MORR,2019-11-08 03:10:00 EST,42.88392,-75.64245,1251,24.9,24.5,18.4,93.4,23.2,0.001,0.001,0.00,0.001,4.6,12.3,2.5,348,11,5.3,13.7,2.9,347,11,5.3,13.7,2.9,347,11,0,28.71,-0.1,0,0,0,37.2,42.6,45.9,0.35,0.33,0.31
MORR,2019-11-08 03:15:00 EST,42.88392,-75.64245,1251,23.9,23.4,14.4,91.9,21.8,0.002,0.002,0.00,0.002,7.9,10.7,1.4,17,11,8.8,13.0,1.7,12,11,8.8,13.0,1.7,12,11,0,28.71,-0.1,0,0,0,37.2,42.7,46.0,0.35,0.33,0.31
MORR,2019-11-08 03:20:00 EST,42.88392,-75.64245,1251,23.3,22.9,14.0,92.0,21.3,0.000,0.002,0.00,0.002,7.5,11.3,1.6,12,10,8.4,13.2,1.9,8,8,8.4,13.2,1.9,8,8,0,28.71,-0.0,0,0,0,37.2,42.5,46.0,0.35,0.32,0.31
MORR,2019-11-08 03:25:00 EST,42.88392,-75.64245,1251,23.1,22.8,14.8,92.8,21.4,0.003,0.006,0.00,0.006,6.1,9.5,1.3,3,16,7.0,11.3,1.5,359,13,7.0,11.3,1.5,359,13,0,28.71,-0.1,0,0,0,37.2,42.6,46.0,0.35,0.33,0.31
MORR,2019-11-08 03:30:00 EST,42.88392,-75.64245,1251,23.1,22.8,14.7,93.0,21.4,0.001,0.007,0.00,0.007,6.3,9.8,1.2,0,15,7.1,11.7,1.5,356,8,7.1,11.7,1.5,356,8,0,28.71,-0.1,0,0,0,37.2,42.6,45.9,0.35,0.32,0.31
MORR,2019-11-08 03:35:00 EST,42.88392,-75.64245,1251,23.1,22.8,14.9,93.5,21.5,0.000,0.007,0.00,0.007,6.0,9.1,1.2,12,13,6.8,10.9,1.4,6,11,6.8,10.9,1.4,6,11,0,28.71,-0.1,0,0,0,37.2,42.5,46.0,0.35,0.33,0.31
MORR,2019-11-08 03:40:00 EST,42.88392,-75.64245,1251,23.2,22.8,13.2,94.3,21.8,0.000,0.007,0.00,0.007,8.2,14.0,2.1,5,21,9.3,15.9,2.5,360,9,9.3,15.9,2.5,360,9,0,28.72,-0.1,0,0,0,37.2,42.7,45.9,0.35,0.33,0.31
MORR,2019-11-08 03:45:00 EST,42.88392,-75.64245,1251,23.0,22.6,11.4,93.6,21.4,0.000,0.007,0.00,0.007,10.6,13.2,1.7,348,13,12.0,16.5,2.2,347,11,12.0,16.5,2.2,347,11,0,28.72,-0.0,0,0,0,37.2,42.7,46.0,0.35,0.33,0.31
MORR,2019-11-08 03:50:00 EST,42.88392,-75.64245,1251,22.6,22.2,11.5,93.6,21.0,0.009,0.015,0.00,0.015,9.7,15.0,2.5,345,15,10.9,17.0,2.8,346,9,10.9,17.0,2.8,346,9,0,28.72,-0.3,0,0,0,37.2,42.7,46.0,0.35,0.33,0.31
MORR,2019-11-08 03:55:00 EST,42.88392,-75.64245,1251,22.2,21.9,11.1,93.2,20.5,0.004,0.020,0.00,0.020,9.5,14.8,2.1,354,12,10.8,16.7,2.5,351,10,10.8,16.7,2.5,351,10,0,28.72,-0.2,0,0,0,37.2,42.5,46.0,0.35,0.33,0.31
MORR,2019-11-08 04:00:00 EST,42.88392,-75.64245,1251,22.1,21.8,14.1,94.3,20.7,0.000,0.020,0.00,0.020,5.5,10.6,2.0,357,14,6.3,11.8,2.2,353,12,6.3,11.8,2.2,353,12,0,28.72,-0.2,0,0,0,37.2,42.6,46.0,0.35,0.32,0.31
MORR,2019-11-08 04:05:00 EST,42.88392,-75.64245,1251,22.0,21.8,14.2,95.1,20.8,0.007,0.027,0.00,0.027,5.4,9.2,1.2,345,16,6.1,9.6,1.3,344,15,6.1,9.6,1.3,344,15,0,28.72,-0.3,0,0,0,37.2,42.7,45.9,0.35,0.33,0.31
MORR,2019-11-08 04:10:00 EST,42.88392,-75.64245,1251,21.9,21.7,14.5,95.2,20.7,0.002,0.029,0.00,0.028,5.2,9.0,1.2,6,14,5.7,11.6,1.3,1,11,5.7,11.6,1.3,1,11,0,28.72,-0.3,0,0,0,37.2,42.7,46.0,0.35,0.33,0.31
MORR,2019-11-08 04:15:00 EST,42.88392,-75.64245,1251,21.7,21.5,11.5,95.0,20.5,0.001,0.030,0.00,0.028,7.8,10.4,1.5,2,10,9.2,12.9,1.9,359,7,9.2,12.9,1.9,359,7,0,28.73,-0.2,0,0,0,37.2,42.6,46.0,0.35,0.33,0.31
MORR,2019-11-08 04:20:00 EST,42.88392,-75.64245,1251,21.7,21.5,12.4,94.3,20.3,0.000,0.030,0.00,0.028,6.9,8.9,1.1,355,10,7.9,11.0,1.4,352,7,7.9,11.0,1.4,352,7,0,28.73,-0.3,0,0,0,37.2,42.7,45.9,0.35,0.33,0.31
MORR,2019-11-08 04:25:00 EST,42.88392,-75.64245,1251,21.6,21.5,12.3,92.4,19.7,0.000,0.030,0.00,0.024,6.8,9.9,1.5,354,14,7.7,11.1,1.9,350,7,7.7,11.1,1.9,350,7,0,28.73,-0.2,0,0,0,37.2,42.5,46.0,0.35,0.32,0.31
MORR,2019-11-08 04:30:00 EST,42.88392,-75.64245,1251,21.4,21.4,13.3,92.5,19.6,0.000,0.030,0.00,0.023,5.7,9.2,1.1,344,15,6.4,10.4,1.2,343,10,6.4,10.4,1.2,343,10,0,28.73,-0.3,0,0,0,37.2,42.7,46.0,0.35,0.33,0.31
MORR,2019-11-08 04:35:00 EST,42.88392,-75.64245,1251,21.5,21.4,13.7,91.0,19.3,0.000,0.030,0.00,0.023,5.6,8.5,1.3,339,13,6.1,9.5,1.4,338,10,6.1,9.5,1.4,338,10,0,28.73,-0.3,0,0,0,37.2,42.5,46.0,0.35,0.33,0.31
MORR,2019-11-08 04:40:00 EST,42.88392,-75.64245,1251,21.4,21.4,14.9,90.7,19.1,0.000,0.030,0.00,0.023,4.3,6.1,1.0,334,10,4.7,6.9,1.1,332,11,4.7,6.9,1.1,332,11,0,28.73,-0.2,0,0,0,37.2,42.5,46.0,0.35,0.32,0.31
MORR,2019-11-08 04:45:00 EST,42.88392,-75.64245,1251,21.2,21.3,14.6,91.0,19.0,0.000,0.030,0.00,0.023,4.3,6.0,0.7,343,10,4.8,7.0,1.0,342,9,4.8,7.0,1.0,342,9,0,28.73,-0.2,0,0,0,37.2,42.5,45.9,0.35,0.33,0.31
MORR,2019-11-08 04:50:00 EST,42.88392,-75.64245,1251,21.6,21.5,15.8,91.7,19.6,0.000,0.030,0.00,0.015,4.0,6.8,1.3,337,10,4.2,6.9,1.5,336,11,4.2,6.9,1.5,336,11,0,28.73,-0.3,0,0,0,37.1,42.6,45.9,0.35,0.33,0.31
MORR,2019-11-08 04:55:00 EST,42.88392,-75.64245,1251,21.7,21.6,16.9,91.1,19.5,0.000,0.030,0.00,0.010,3.2,6.4,1.6,329,15,3.5,7.0,1.6,326,16,3.5,7.0,1.6,326,16,0,28.73,-0.3,0,0,0,37.1,42.6,45.9,0.35,0.33,0.31
MORR,2019-11-08 05:00:00 EST,42.88392,-75.64245,1251,21.6,21.6,14.8,90.5,19.3,0.000,0.030,0.00,0.010,4.6,7.7,1.4,336,15,5.0,8.1,1.5,334,15,5.0,8.1,1.5,334,15,0,28.73,-0.2,0,0,0,37.1,42.5,45.9,0.35,0.33,0.31
MORR,2019-11-08 05:05:00 EST,42.88392,-75.64245,1251,21.7,21.6,16.1,89.9,19.2,0.000,0.030,0.00,0.003,3.9,6.6,1.0,322,12,4.1,6.1,1.1,320,13,4.1,6.1,1.1,320,13,0,28.74,-0.3,0,0,0,37.1,42.6,45.9,0.35,0.33,0.31
MORR,2019-11-08 05:10:00 EST,42.88392,-75.64245,1251,21.6,21.6,15.7,90.0,19.2,0.000,0.030,0.00,0.001,4.1,8.3,1.6,316,13,4.3,8.2,1.6,314,13,4.3,8.2,1.6,314,13,0,28.74,-0.3,0,0,0,37.1,42.5,46.0,0.35,0.33,0.31
MORR,2019-11-08 05:15:00 EST,42.88392,-75.64245,1251,21.4,21.4,16.8,88.2,18.5,0.000,0.030,0.00,0.000,3.0,4.6,0.7,316,14,3.3,5.2,0.8,315,15,3.3,5.2,0.8,315,15,0,28.74,-0.4,0,0,0,37.1,42.5,46.0,0.35,0.32,0.31
MORR,2019-11-08 05:20:00 EST,42.88392,-75.64245,1251,21.2,21.3,17.0,88.7,18.4,0.000,0.030,0.00,0.000,2.9,5.8,1.0,329,8,3.1,6.2,1.1,326,10,3.1,6.2,1.1,326,10,0,28.74,-0.4,0,0,0,37.1,42.5,45.9,0.35,0.32,0.31
MORR,2019-11-08 05:25:00 EST,42.88392,-75.64245,1251,21.0,21.2,21.0,89.1,18.3,0.000,0.030,0.00,0.000,2.2,3.7,0.6,318,12,2.3,4.2,0.7,317,13,2.3,4.2,0.7,317,13,0,28.74,-0.4,0,0,0,37.1,42.5,45.9,0.35,0.32,0.31
MORR,2019-11-08 05:30:00 EST,42.88392,-75.64245,1251,21.1,21.2,21.1,89.7,18.5,0.000,0.030,0.00,0.000,2.2,3.7,0.8,327,19,2.6,4.3,0.8,322,19,2.6,4.3,0.8,322,19,0,28.74,-0.4,0,0,0,37.2,42.4,46.0,0.35,0.33,0.31
MORR,2019-11-08 05:35:00 EST,42.88392,-75.64245,1251,21.3,21.2,21.3,90.0,18.8,0.000,0.030,0.00,0.000,2.6,5.1,0.9,326,19,2.9,6.9,1.1,326,17,2.9,6.9,1.1,326,17,0,28.74,-0.4,0,0,0,37.1,42.4,45.9,0.35,0.33,0.31
MORR,2019-11-08 05:40:00 EST,42.88392,-75.64245,1251,21.4,21.3,21.4,89.5,18.8,0.000,0.030,0.00,0.000,2.6,4.1,0.7,321,17,3.0,4.7,0.7,318,17,3.0,4.7,0.7,318,17,0,28.74,-0.4,0,0,0,37.2,42.4,45.9,0.35,0.33,0.31
MORR,2019-11-08 05:45:00 EST,42.88392,-75.64245,1251,21.5,21.4,15.8,89.1,18.8,0.000,0.030,0.00,0.000,3.8,6.1,1.2,328,12,4.1,7.0,1.2,325,13,4.1,7.0,1.2,325,13,0,28.74,-0.4,0,0,0,37.2,42.5,46.0,0.35,0.33,0.31
MORR,2019-11-08 05:50:00 EST,42.88392,-75.64245,1251,21.4,21.3,17.2,89.2,18.7,0.000,0.030,0.00,0.000,2.9,4.9,1.0,320,14,3.0,5.7,1.1,318,13,3.0,5.7,1.1,318,13,0,28.74,-0.3,0,0,0,37.1,42.4,46.0,0.35,0.32,0.31
MORR,2019-11-08 05:55:00 EST,42.88392,-75.64245,1251,21.2,21.3,21.2,89.2,18.5,0.000,0.030,0.00,0.000,2.6,4.0,0.8,311,15,2.8,4.5,0.9,308,14,2.8,4.5,0.9,308,14,0,28.74,-0.5,0,0,0,37.1,42.3,45.9,0.35,0.33,0.31
MORR,2019-11-08 06:00:00 EST,42.88392,-75.64245,1251,21.3,21.3,17.1,89.6,18.8,0.000,0.030,0.00,0.000,2.9,3.9,0.5,329,11,3.1,4.3,0.5,327,13,3.1,4.3,0.5,327,13,0,28.75,-0.4,0,0,0,37.2,42.5,45.9,0.35,0.33,0.31
MORR,2019-11-08 06:05:00 EST,42.88392,-75.64245,1251,21.5,21.3,15.9,90.4,19.2,0.000,0.030,0.00,0.000,3.7,5.6,1.0,338,11,4.1,6.6,1.2,337,12,4.1,6.6,1.2,337,12,0,28.75,-0.4,0,0,0,37.2,42.4,46.0,0.35,0.33,0.31
MORR,2019-11-08 06:10:00 EST,42.88392,-75.64245,1251,21.6,21.4,16.3,91.1,19.4,0.000,0.030,0.00,0.000,3.4,6.1,0.9,326,15,3.8,6.7,1.1,323,14,3.8,6.7,1.1,323,14,0,28.75,-0.4,0,0,0,37.2,42.4,46.0,0.35,0.33,0.31
MORR,2019-11-08 06:15:00 EST,42.88392,-75.64245,1251,21.7,21.5,15.6,91.2,19.5,0.000,0.030,0.00,0.000,4.1,6.6,1.1,326,16,4.4,7.5,1.2,325,16,4.4,7.5,1.2,325,16,0,28.75,-0.3,0,0,0,37.2,42.3,45.9,0.35,0.32,0.31
MORR,2019-11-08 06:20:00 EST,42.88392,-75.64245,1251,21.8,21.6,16.0,91.5,19.7,0.000,0.030,0.00,0.000,3.8,5.3,0.7,329,12,4.2,5.5,0.7,329,12,4.2,5.5,0.7,329,12,0,28.75,-0.3,0,0,0,37.2,42.3,46.0,0.35,0.32,0.31
MORR,2019-11-08 06:25:00 EST,42.88392,-75.64245,1251,21.8,21.6,16.0,92.0,19.9,0.006,0.035,0.00,0.006,3.9,7.2,1.1,334,17,4.2,8.5,1.3,333,17,4.2,8.5,1.3,333,17,0,28.75,-0.3,0,0,0,37.2,42.4,45.9,0.35,0.33,0.31
MORR,2019-11-08 06:30:00 EST,42.88392,-75.64245,1251,21.9,21.7,15.9,91.5,19.8,0.000,0.035,0.00,0.006,4.2,7.6,1.3,323,12,4.4,7.4,1.2,320,12,4.4,7.4,1.2,320,12,0,28.76,-0.2,0,0,0,37.2,42.4,46.0,0.35,0.33,0.31
MORR,2019-11-08 06:35:00 EST,42.88392,-75.64245,1251,22.0,21.8,14.6,90.5,19.7,0.001,0.036,0.00,0.006,5.4,10.7,1.7,315,16,5.8,11.8,1.8,312,16,5.8,11.8,1.8,312,16,0,28.76,-0.3,0,0,0,37.2,42.3,45.9,0.35,0.33,0.31
MORR,2019-11-08 06:40:00 EST,42.88392,-75.64245,1251,21.9,21.7,14.7,91.1,19.7,0.003,0.039,0.00,0.009,5.2,8.0,1.3,325,13,5.5,8.5,1.3,323,14,5.5,8.5,1.3,323,14,1,28.77,-0.2,0,0,0,37.2,42.4,45.9,0.35,0.33,0.31
MORR,2019-11-08 06:45:00 EST,42.88392,-75.64245,1251,21.9,21.7,15.6,91.6,19.8,0.002,0.041,0.00,0.011,4.3,6.1,0.9,330,18,4.6,6.3,0.8,328,17,4.6,6.3,0.8,328,17,2,28.77,-0.1,0,0,0,37.2,42.2,45.9,0.35,0.32,0.31
MORR,2019-11-08 06:50:00 EST,42.88392,-75.64245,1251,21.9,21.7,13.5,91.9,19.9,0.001,0.042,0.00,0.012,6.2,10.6,1.6,338,18,6.8,12.0,1.7,337,13,6.8,12.0,1.7,337,13,4,28.77,-0.3,0,0,0,37.2,42.3,45.9,0.35,0.33,0.31
MORR,2019-11-08 06:55:00 EST,42.88392,-75.64245,1251,21.9,21.7,14.5,91.8,19.9,0.004,0.046,0.00,0.016,5.4,8.8,1.6,320,11,5.7,9.6,1.6,318,12,5.7,9.6,1.6,318,12,4,28.78,-0.3,0,0,0,37.2,42.3,45.9,0.35,0.33,0.31
MORR,2019-11-08 07:00:00 EST,42.88392,-75.64245,1251,21.9,21.7,13.5,92.0,20.0,0.001,0.047,0.00,0.017,6.2,13.6,2.1,317,17,6.8,14.7,2.4,317,17,6.8,14.7,2.4,317,17,6,28.78,-0.4,0,0,0,37.2,42.3,45.9,0.35,0.32,0.31
MORR,2019-11-08 07:05:00 EST,42.88392,-75.64245,1251,22.0,21.7,12.8,90.8,19.7,0.000,0.047,0.00,0.017,7.2,11.3,1.5,322,16,7.8,13.3,1.7,320,16,7.8,13.3,1.7,320,16,10,28.78,-0.3,0,0,0,37.2,42.3,45.9,0.35,0.33,0.31
MORR,2019-11-08 07:10:00 EST,42.88392,-75.64245,1251,21.9,21.7,13.7,90.4,19.5,0.000,0.047,0.00,0.017,6.1,10.4,1.5,322,15,6.5,10.5,1.5,319,15,6.5,10.5,1.5,319,15,15,28.78,-0.4,0,0,0,37.2,42.3,45.9,0.35,0.32,0.31
MORR,2019-11-08 07:15:00 EST,42.88392,-75.64245,1251,21.8,21.6,12.2,90.2,19.4,0.003,0.050,0.00,0.020,7.8,13.7,2.2,320,16,8.3,13.5,2.2,318,16,8.3,13.5,2.2,318,16,15,28.79,-0.6,0,0,0,37.2,42.3,45.9,0.35,0.33,0.31
MORR,2019-11-08 07:20:00 EST,42.88392,-75.64245,1251,21.7,21.5,12.5,90.5,19.4,0.001,0.050,0.00,0.020,7.1,12.1,1.8,332,18,7.8,13.1,2.0,329,18,7.8,13.1,2.0,329,18,22,28.79,-0.6,0,0,0,37.2,42.2,45.9,0.35,0.32,0.31
MORR,2019-11-08 07:25:00 EST,42.88392,-75.64245,1251,21.7,21.5,12.3,89.7,19.2,0.000,0.050,0.00,0.015,7.5,12.3,1.5,341,14,8.1,12.5,2.0,340,14,8.1,12.5,2.0,340,14,22,28.79,-0.5,0,0,0,37.2,42.3,45.8,0.35,0.32,0.31
MORR,2019-11-08 07:30:00 EST,42.88392,-75.64245,1251,21.8,21.6,13.4,88.8,19.0,0.000,0.050,0.00,0.015,6.2,10.5,1.9,326,18,6.8,11.1,2.1,325,19,6.8,11.1,2.1,325,19,23,28.79,-0.2,0,0,0,37.2,42.3,45.8,0.35,0.33,0.31
MORR,2019-11-08 07:35:00 EST,42.88392,-75.64245,1251,21.7,21.5,13.6,89.3,19.1,0.000,0.050,0.00,0.014,6.0,9.4,1.3,337,13,6.5,11.2,1.4,335,12,6.5,11.2,1.4,335,12,40,28.80,-0.0,0,0,0,37.2,42.1,45.9,0.35,0.33,0.31
MORR,2019-11-08 07:40:00 EST,42.88392,-75.64245,1251,21.7,21.5,13.6,89.7,19.2,0.000,0.050,0.00,0.011,6.0,10.1,1.7,324,18,6.4,12.2,2.0,321,18,6.4,12.2,2.0,321,18,41,28.80,0.7,0,0,0,37.2,42.3,45.9,0.35,0.33,0.31
MORR,2019-11-08 07:45:00 EST,42.88392,-75.64245,1251,21.8,21.6,13.9,89.1,19.1,0.000,0.050,0.00,0.009,5.7,10.7,1.9,328,16,6.2,13.2,2.1,324,16,6.2,13.2,2.1,324,16,56,28.80,0.8,0,0,0,37.2,42.3,45.9,0.35,0.33,0.31
MORR,2019-11-08 07:50:00 EST,42.88392,-75.64245,1251,21.8,21.5,12.8,89.4,19.1,0.000,0.050,0.00,0.008,6.9,12.7,1.9,319,13,7.5,12.9,1.9,315,14,7.5,12.9,1.9,315,14,33,28.80,0.8,0,0,0,37.2,42.3,45.8,0.35,0.33,0.31
MORR,2019-11-08 07:55:00 EST,42.88392,-75.64245,1251,21.8,21.6,13.2,89.3,19.2,0.002,0.052,0.00,0.006,6.8,13.9,2.3,322,19,7.1,15.2,2.4,321,15,7.1,15.2,2.4,321,15,57,28.80,0.0,0,0,0,37.2,42.3,45.9,0.35,0.33,0.31
MORR,2019-11-08 08:00:00 EST,42.88392,-75.64245,1251,21.9,21.7,14.5,88.7,19.1,0.000,0.052,0.00,0.006,5.5,8.8,1.4,325,14,5.8,10.0,1.5,322,14,5.8,10.0,1.5,322,14,59,28.81,-0.2,0,0,0,37.2,42.4,45.9,0.35,0.33,0.31
MORR,2019-11-08 08:05:00 EST,42.88392,-75.64245,1251,22.0,21.8,15.0,88.9,19.3,0.000,0.052,0.00,0.006,4.8,10.2,2.1,317,24,5.3,12.2,2.4,316,22,5.3,12.2,2.4,316,22,64,28.81,0.1,0,0,0,37.2,42.3,45.8,0.35,0.33,0.31
MORR,2019-11-08 08:10:00 EST,42.88392,-75.64245,1251,22.1,21.8,15.9,88.9,19.3,0.000,0.052,0.00,0.006,4.1,7.1,1.4,324,23,4.6,9.8,1.6,320,22,4.6,9.8,1.6,320,22,52,28.81,-0.3,0,0,0,37.2,42.1,45.8,0.35,0.32,0.31
MORR,2019-11-08 08:15:00 EST,42.88392,-75.64245,1251,21.9,21.7,13.9,89.7,19.4,0.006,0.058,0.00,0.008,5.8,8.3,1.2,337,17,6.4,10.1,1.3,336,16,6.4,10.1,1.3,336,16,42,28.81,-0.4,0,0,0,37.2,42.3,45.8,0.35,0.33,0.31
MORR,2019-11-08 08:20:00 EST,42.88392,-75.64245,1251,21.7,21.4,12.6,92.1,19.7,0.004,0.062,0.00,0.011,6.9,9.7,1.3,342,11,7.6,10.7,1.4,341,10,7.6,10.7,1.4,341,10,69,28.82,,0,0,0,37.2,42.2,45.9,0.35,0.33,0.31
MORR,2019-11-08 08:25:00 EST,42.88392,-75.64245,1251,21.7,21.5,15.7,92.5,19.9,0.001,0.063,0.00,0.012,4.0,7.5,1.7,337,14,4.4,8.0,1.7,336,13,4.4,8.0,1.7,336,13,62,28.82,,0,0,0,37.2,42.1,45.8,0.35,0.33,0.31
MORR,2019-11-08 08:30:00 EST,42.88392,-75.64245,1251,21.8,21.6,14.5,92.2,19.9,0.004,0.067,0.00,0.016,5.2,10.4,1.8,319,23,5.6,10.7,1.8,320,24,5.6,10.7,1.8,320,24,70,28.82,,0,0,0,37.2,42.4,45.8,0.35,0.33,0.31
MORR,2019-11-08 08:35:00 EST,42.88392,-75.64245,1251,21.9,21.7,15.2,91.3,19.8,0.002,0.069,0.00,0.018,4.8,9.5,1.9,316,17,5.0,10.5,2.1,313,16,5.0,10.5,2.1,313,16,82,28.82,,0,0,0,37.2,42.2,45.8,0.35,0.32,0.31
MORR,2019-11-08 08:40:00 EST,42.88392,-75.64245,1251,22.0,21.8,14.9,90.2,19.6,0.000,0.069,0.00,0.018,5.1,7.5,1.0,322,19,5.4,7.5,1.1,319,19,5.4,7.5,1.1,319,19,89,28.82,,0,0,0,37.2,42.2,45.8,0.35,0.33,0.31
MORR,2019-11-08 08:45:00 EST,42.88392,-75.64245,1251,22.1,21.8,14.8,90.9,19.8,0.003,0.072,0.00,0.021,5.2,8.0,1.1,333,17,5.5,8.8,1.4,331,16,5.5,8.8,1.4,331,16,81,28.82,,0,0,0,37.2,42.0,45.8,0.35,0.33,0.31
MORR,2019-11-08 08:50:00 EST,42.88392,-75.64245,1251,22.1,21.9,14.2,90.4,19.8,0.001,0.072,0.00,0.022,6.0,9.7,1.6,325,15,6.3,11.2,1.6,322,15,6.3,11.2,1.6,322,15,133,28.82,,0,0,0,37.2,42.1,45.8,0.35,0.33,0.31
MORR,2019-11-08 08:55:00 EST,42.88392,-75.64245,1251,22.3,22.0,12.9,87.9,19.2,0.000,0.072,0.00,0.020,7.5,13.5,2.7,327,19,8.2,14.3,2.9,324,20,8.2,14.3,2.9,324,20,216,28.82,,0,0,0,37.2,42.0,45.8,0.35,0.33,0.31
MORR,2019-11-08 09:00:00 EST,42.88392,-75.64245,1251,22.2,21.9,13.4,85.8,18.6,0.000,0.072,0.00,0.020,6.7,10.0,1.4,323,20,7.4,11.2,1.5,319,18,7.4,11.2,1.5,319,18,188,28.82,,0,0,0,37.2,42.0,45.8,0.35,0.33,0.31
MORR,2019-11-08 09:05:00 EST,42.88392,-75.64245,1251,22.2,21.9,13.6,86.9,18.8,0.000,0.072,0.00,0.020,6.5,11.0,1.9,318,13,7.0,12.0,2.0,316,14,7.0,12.0,2.0,316,14,231,28.82,,0,0,0,37.2,42.2,45.8,0.35,0.33,0.31
MORR,2019-11-08 09:10:00 EST,42.88392,-75.64245,1251,22.4,22.1,12.8,87.6,19.3,0.000,0.072,0.00,0.020,8.2,12.2,2.0,321,13,8.5,12.2,2.0,320,14,8.5,12.2,2.0,320,14,246,28.83,,0,0,0,37.2,42.0,45.8,0.35,0.32,0.31
MORR,2019-11-08 09:15:00 EST,42.88392,-75.64245,1251,22.6,22.3,13.1,87.6,19.4,0.000,0.072,0.00,0.015,7.8,11.7,1.8,336,16,8.4,13.7,2.1,335,15,8.4,13.7,2.1,335,15,249,28.83,,0,0,0,37.2,42.1,45.9,0.35,0.33,0.31
MORR,2019-11-08 09:20:00 EST,42.88392,-75.64245,1251,22.7,22.4,14.7,88.4,19.8,0.000,0.072,0.00,0.011,5.9,10.4,1.9,332,15,6.5,13.1,2.0,331,15,6.5,13.1,2.0,331,15,174,28.83,,0,0,0,37.2,42.1,45.7,0.35,0.33,0.31
MORR,2019-11-08 09:25:00 EST,42.88392,-75.64245,1251,22.5,22.2,13.6,88.4,19.6,0.000,0.072,0.00,0.010,7.1,12.6,2.1,325,16,7.6,13.2,2.1,324,16,7.6,13.2,2.1,324,16,155,28.83,,0,0,0,37.2,42.2,45.8,0.35,0.33,0.31
MORR,2019-11-08 09:30:00 EST,42.88392,-75.64245,1251,22.5,22.2,13.1,88.1,19.5,0.006,0.079,0.00,0.012,7.7,12.6,2.2,328,16,8.3,14.4,2.4,328,16,8.3,14.4,2.4,328,16,162,28.83,,0,0,0,37.2,42.2,45.8,0.35,0.33,0.31
MORR,2019-11-08 09:35:00 EST,42.88392,-75.64245,1251,22.4,22.2,14.0,88.5,19.5,0.001,0.080,0.00,0.011,6.5,10.4,1.7,329,13,6.9,11.6,1.9,327,14,6.9,11.6,1.9,327,14,232,28.83,,0,0,0,37.2,42.2,45.7,0.35,0.33,0.31
MORR,2019-11-08 09:40:00 EST,42.88392,-75.64245,1251,22.7,22.4,14.6,88.7,19.9,0.000,0.080,0.00,0.011,6.1,12.2,2.2,335,15,6.6,13.7,2.4,333,14,6.6,13.7,2.4,333,14,284,28.83,,0,0,0,37.2,42.0,45.8,0.35,0.32,0.31
MORR,2019-11-08 09:45:00 EST,42.88392,-75.64245,1251,22.8,22.5,13.2,87.7,19.7,0.000,0.080,0.00,0.008,7.9,12.0,2.1,340,18,8.7,13.9,2.4,338,12,8.7,13.9,2.4,338,12,277,28.83,,0,0,0,37.2,42.1,45.8,0.35,0.33,0.31
MORR,2019-11-08 09:50:00 EST,42.88392,-75.64245,1251,22.9,22.7,12.1,85.4,19.2,0.000,0.080,0.00,0.007,9.7,15.9,2.6,331,20,10.6,16.8,2.7,329,20,10.6,16.8,2.7,329,20,335,28.83,,0,0,0,37.2,42.0,45.7,0.35,0.33,0.31
MORR,2019-11-08 09:55:00 EST,42.88392,-75.64245,1251,23.0,22.8,12.8,83.0,18.7,0.000,0.080,0.00,0.007,9.2,15.1,2.2,318,16,9.7,16.0,2.5,314,15,9.7,16.0,2.5,314,15,314,28.83,,0,0,0,37.2,42.1,45.8,0.35,0.33,0.31
MORR,2019-11-08 10:00:00 EST,42.88392,-75.64245,1251,23.3,23.0,13.0,82.2,18.7,0.000,0.080,0.00,0.007,9.1,14.2,2.3,326,22,9.9,15.9,2.5,324,20,9.9,15.9,2.5,324,20,438,28.83,,0,0,0,37.2,42.1,45.8,0.35,0.33,0.31
MORR,2019-11-08 10:05:00 EST,42.88392,-75.64245,1251,23.3,23.0,13.2,82.3,18.7,0.000,0.080,0.00,0.007,8.7,16.4,2.7,330,16,9.6,18.6,2.8,329,15,9.6,18.6,2.8,329,15,369,28.83,2.1,0,0,0,37.2,42.1,45.7,0.35,0.33,0.31
MORR,2019-11-08 10:10:00 EST,42.88392,-75.64245,1251,23.2,22.9,12.9,82.4,18.7,0.000,0.080,0.00,0.007,9.0,13.4,2.0,333,15,9.9,14.9,2.2,332,14,9.9,14.9,2.2,332,14,301,28.84,,0,0,0,37.2,42.0,45.8,0.35,0.33,0.31
MORR,2019-11-08 10:15:00 EST,42.88392,-75.64245,1251,23.0,22.7,12.5,83.8,18.9,0.000,0.080,0.00,0.007,9.3,15.7,3.0,311,15,10.1,17.3,3.1,306,15,10.1,17.3,3.1,306,15,340,28.84,,0,0,0,37.3,41.9,45.9,0.35,0.32,0.31
MORR,2019-11-08 10:20:00 EST,42.88392,-75.64245,1251,23.4,23.0,14.7,85.3,19.7,0.000,0.080,0.00,0.007,7.0,11.8,2.0,322,16,7.6,12.1,2.1,318,16,7.6,12.1,2.1,318,16,395,28.84,1.5,0,0,0,37.2,42.0,45.8,0.35,0.33,0.31
MORR,2019-11-08 10:25:00 EST,42.88392,-75.64245,1251,23.3,23.0,13.7,84.7,19.4,0.000,0.080,0.00,0.007,8.3,15.6,2.8,312,12,8.8,16.1,2.9,309,11,8.8,16.1,2.9,309,11,309,28.84,,0,0,0,37.3,42.0,45.8,0.35,0.33,0.31
MORR,2019-11-08 10:30:00 EST,42.88392,-75.64245,1251,22.9,22.6,12.3,84.2,18.8,0.000,0.080,0.00,0.001,9.7,15.5,2.4,327,17,10.3,17.0,2.6,325,16,10.3,17.0,2.6,325,16,270,28.84,,0,0,0,37.4,42.0,45.8,0.35,0.33,0.31
MORR,2019-11-08 10:35:00 EST,42.88392,-75.64245,1251,22.8,22.5,12.1,84.0,18.7,0.000,0.080,0.00,0.000,9.5,15.1,2.2,336,20,10.3,18.0,2.4,336,12,10.3,18.0,2.4,336,12,279,28.84,,0,0,0,37.4,42.0,45.7,0.35,0.33,0.31
MORR,2019-11-08 10:40:00 EST,42.88392,-75.64245,1251,22.6,22.4,12.4,85.5,18.9,0.000,0.080,0.00,0.000,8.6,12.5,1.8,340,11,9.5,13.2,2.2,339,10,9.5,13.2,2.2,339,10,217,28.84,,0,0,0,37.4,41.9,45.8,0.35,0.33,0.31
MORR,2019-11-08 10:45:00 EST,42.88392,-75.64245,1251,22.8,22.5,14.0,87.4,19.6,0.000,0.080,0.00,0.000,6.9,13.5,2.7,335,14,7.6,16.8,3.0,335,14,7.6,16.8,3.0,335,14,237,28.85,,0,0,0,37.4,42.0,45.8,0.35,0.33,0.31
MORR,2019-11-08 10:50:00 EST,42.88392,-75.64245,1251,23.2,22.9,13.7,85.3,19.4,0.000,0.080,0.00,0.000,7.9,13.3,2.8,331,20,8.5,15.9,3.0,328,19,8.5,15.9,3.0,328,19,289,28.85,,0,0,0,37.4,41.8,45.7,0.35,0.33,0.31
MORR,2019-11-08 10:55:00 EST,42.88392,-75.64245,1251,23.3,23.0,13.7,84.2,19.3,0.000,0.080,0.00,0.000,8.1,15.3,2.7,308,22,8.8,16.5,3.1,304,22,8.8,16.5,3.1,304,22,281,28.85,,0,0,0,37.4,42.0,45.7,0.35,0.33,0.31
MORR,2019-11-08 11:00:00 EST,42.88392,-75.64245,1251,23.3,23.0,12.2,82.2,18.7,0.000,0.080,0.00,0.000,10.6,15.1,2.2,312,14,11.3,17.0,2.3,308,14,11.3,17.0,2.3,308,14,316,28.85,-0.0,0,0,0,37.4,42.0,45.7,0.35,0.33,0.31
MORR,2019-11-08 11:05:00 EST,42.88392,-75.64245,1251,23.8,23.5,13.3,80.6,18.7,0.000,0.080,0.00,0.000,9.6,16.0,2.7,318,18,10.4,16.2,2.6,315,19,10.4,16.2,2.6,315,19,490,28.85,,0,0,0,37.4,42.0,45.7,0.35,0.33,0.31
MORR,2019-11-08 11:10:00 EST,42.88392,-75.64245,1251,24.0,23.6,14.0,80.2,18.7,0.000,0.080,0.00,0.000,8.9,14.6,2.8,313,18,9.7,16.7,3.1,310,18,9.7,16.7,3.1,310,18,435,28.84,1.9,0,0,0,37.4,42.0,45.7,0.35,0.32,0.31
MORR,2019-11-08 11:15:00 EST,42.88392,-75.64245,1251,24.2,23.9,15.1,80.4,19.0,0.000,0.080,0.00,0.000,7.8,13.1,1.6,323,19,8.3,13.4,1.8,321,20,8.3,13.4,1.8,321,20,325,28.85,2.0,0,0,0,37.4,41.9,45.7,0.35,0.33,0.31
MORR,2019-11-08 11:20:00 EST,42.88392,-75.64245,1251,23.9,23.6,15.0,80.3,18.7,0.000,0.080,0.00,0.000,7.4,11.6,1.9,314,16,7.9,13.2,2.0,311,16,7.9,13.2,2.0,311,16,318,28.85,2.0,0,0,0,37.4,41.9,45.6,0.35,0.33,0.31
MORR,2019-11-08 11:25:00 EST,42.88392,-75.64245,1251,23.6,23.3,11.2,78.6,17.9,0.000,0.080,0.00,0.000,12.8,19.4,2.8,296,9,14.1,20.9,2.9,292,8,14.1,20.9,2.9,292,8,244,28.85,1.9,0,0,0,37.4,41.9,45.6,0.35,0.33,0.31
MORR,2019-11-08 11:30:00 EST,42.88392,-75.64245,1251,23.9,23.6,12.9,77.6,18.0,0.000,0.080,0.00,0.000,11.0,15.4,2.4,313,14,11.4,16.3,2.6,310,14,11.4,16.3,2.6,310,14,442,28.85,2.1,0,0,0,37.4,41.9,45.6,0.35,0.32,0.31
MORR,2019-11-08 11:35:00 EST,42.88392,-75.64245,1251,24.3,23.9,13.1,76.8,18.0,0.000,0.080,0.00,0.000,11.2,24.8,4.2,309,16,11.9,25.7,4.4,305,15,11.9,25.7,4.4,305,15,540,28.85,2.2,0,0,0,37.5,42.1,45.7,0.35,0.33,0.31
MORR,2019-11-08 11:40:00 EST,42.88392,-75.64245,1251,24.1,23.8,12.2,75.5,17.5,0.000,0.080,0.00,0.000,12.8,20.8,2.7,323,14,13.3,20.9,2.6,319,14,13.3,20.9,2.6,319,14,345,28.85,2.1,0,0,0,37.5,42.1,45.7,0.35,0.33,0.31
MORR,2019-11-08 11:45:00 EST,42.88392,-75.64245,1251,23.4,23.2,11.8,75.7,16.9,0.000,0.080,0.00,0.000,11.7,19.1,2.7,319,14,12.4,18.4,2.7,318,13,12.4,18.4,2.7,318,13,187,28.85,2.1,0,0,0,37.6,42.0,45.8,0.35,0.33,0.31
MORR,2019-11-08 11:50:00 EST,42.88392,-75.64245,1251,23.5,23.3,14.4,77.1,17.4,0.000,0.080,0.00,0.000,7.6,12.4,2.2,317,19,8.3,14.7,2.3,315,18,8.3,14.7,2.3,315,18,252,28.85,2.2,0,0,0,37.6,41.9,45.6,0.35,0.33,0.31
MORR,2019-11-08 11:55:00 EST,42.88392,-75.64245,1251,23.5,23.2,13.3,77.0,17.4,0.000,0.080,0.00,0.000,9.3,16.9,3.2,316,17,9.9,19.1,3.4,312,17,9.9,19.1,3.4,312,17,210,28.84,2.1,0,0,0,37.6,42.0,45.6,0.35,0.33,0.31
MORR,2019-11-08 12:00:00 EST,42.88392,-75.64245,1251,23.4,23.1,12.3,76.3,17.0,0.000,0.080,0.00,0.000,10.7,18.0,3.5,316,15,11.4,19.5,3.5,314,15,11.4,19.5,3.5,314,15,206,28.85,2.1,0,0,0,37.6,41.9,45.6,0.35,0.33,0.31
MORR,2019-11-08 12:05:00 EST,42.88392,-75.64245,1251,23.3,23.1,12.7,76.1,16.9,0.000,0.080,0.00,0.000,9.8,14.5,2.2,314,18,10.4,16.4,2.3,311,17,10.4,16.4,2.3,311,17,185,28.84,2.0,0,0,0,37.6,41.9,45.6,0.35,0.33,0.31
MORR,2019-11-08 12:10:00 EST,42.88392,-75.64245,1251,23.5,23.2,12.6,76.7,17.3,0.000,0.080,0.00,0.000,10.6,16.0,2.6,316,12,11.1,17.4,2.4,313,11,11.1,17.4,2.4,313,11,372,28.84,2.1,0,0,0,37.6,41.7,45.6,0.35,0.32,0.31
MORR,2019-11-08 12:15:00 EST,42.88392,-75.64245,1251,23.7,23.3,12.9,78.1,17.8,0.000,0.080,0.00,0.000,10.1,16.0,2.3,321,22,10.8,15.9,2.4,318,21,10.8,15.9,2.4,318,21,242,28.84,1.8,0,0,0,37.6,41.9,45.6,0.35,0.33,0.31
MORR,2019-11-08 12:20:00 EST,42.88392,-75.64245,1251,23.2,22.8,12.9,83.7,18.9,0.009,0.089,0.00,0.009,8.9,14.1,2.0,324,17,9.7,15.3,1.9,322,17,9.7,15.3,1.9,322,17,195,28.84,1.9,0,0,0,37.6,42.0,45.6,0.35,0.33,0.31
MORR,2019-11-08 12:25:00 EST,42.88392,-75.64245,1251,23.1,22.8,14.5,87.6,19.9,0.002,0.091,0.00,0.011,6.7,9.3,1.3,331,17,7.3,11.8,1.5,330,15,7.3,11.8,1.5,330,15,241,28.84,1.9,0,0,0,37.6,42.0,45.6,0.35,0.33,0.31
MORR,2019-11-08 12:30:00 EST,42.88392,-75.64245,1251,23.3,23.0,14.5,86.3,19.8,0.001,0.092,0.00,0.012,7.0,14.0,1.9,322,18,7.7,15.4,2.3,317,17,7.7,15.4,2.3,317,17,370,28.84,1.9,0,0,0,37.6,41.9,45.6,0.35,0.33,0.31
MORR,2019-11-08 12:35:00 EST,42.88392,-75.64245,1251,24.0,23.7,14.7,80.7,18.9,0.000,0.092,0.00,0.012,7.9,12.9,2.8,339,13,8.6,14.9,3.2,337,13,8.6,14.9,3.2,337,13,510,28.84,,0,0,0,37.6,41.9,45.6,0.35,0.33,0.31
MORR,2019-11-08 12:40:00 EST,42.88392,-75.64245,1251,24.6,24.4,13.7,75.4,18.0,0.000,0.092,0.00,0.012,10.9,21.6,4.4,307,16,11.6,22.1,4.6,304,14,11.6,22.1,4.6,304,14,457,28.84,1.7,0,0,0,37.6,41.9,45.6,0.35,0.32,0.31
MORR,2019-11-08 12:45:00 EST,42.88392,-75.64245,1251,24.6,24.3,12.6,71.5,16.7,0.000,0.092,0.00,0.012,12.7,21.7,4.3,309,15,13.7,23.2,4.3,306,15,13.7,23.2,4.3,306,15,478,28.84,2.1,0,0,0,37.6,41.9,45.6,0.35,0.33,0.31
MORR,2019-11-08 12:50:00 EST,42.88392,-75.64245,1251,24.6,24.3,13.0,72.5,17.1,0.000,0.092,0.00,0.012,12.4,21.0,3.2,312,15,13.1,21.7,3.4,309,15,13.1,21.7,3.4,309,15,496,28.84,2.1,0,0,0,37.7,41.9,45.6,0.35,0.33,0.31
MORR,2019-11-08 12:55:00 EST,42.88392,-75.64245,1251,24.7,24.4,12.9,72.5,17.2,0.000,0.092,0.00,0.012,12.9,17.6,2.1,309,15,13.5,18.9,2.3,306,17,13.5,18.9,2.3,306,17,424,28.84,2.1,0,0,0,37.7,41.9,45.6,0.35,0.33,0.31
MORR,2019-11-08 13:00:00 EST,42.88392,-75.64245,1251,24.8,24.5,12.3,65.5,14.9,0.000,0.092,0.00,0.012,14.2,19.7,3.1,304,12,15.0,22.5,3.3,300,12,15.0,22.5,3.3,300,12,511,28.84,1.8,0,0,0,37.7,41.8,45.7,0.35,0.33,0.31
MORR,2019-11-08 13:05:00 EST,42.88392,-75.64245,1251,25.0,24.7,12.7,69.2,16.4,0.000,0.092,0.00,0.012,13.4,18.7,2.2,292,13,15.0,20.8,2.7,289,11,15.0,20.8,2.7,289,11,593,28.83,,0,0,0,37.8,41.8,45.6,0.35,0.33,0.31
MORR,2019-11-08 13:10:00 EST,42.88392,-75.64245,1251,25.5,25.0,14.4,69.1,16.7,0.000,0.092,0.00,0.012,11.4,15.9,2.1,304,12,12.4,18.0,2.4,300,12,12.4,18.0,2.4,300,12,610,28.84,2.0,0,0,0,37.8,41.8,45.6,0.35,0.33,0.31
MORR,2019-11-08 13:15:00 EST,42.88392,-75.64245,1251,25.7,25.4,15.5,70.6,17.5,0.000,0.092,0.00,0.012,10.0,16.8,2.1,308,15,10.9,16.9,2.3,304,15,10.9,16.9,2.3,304,15,451,28.84,1.8,0,0,0,37.8,41.9,45.6,0.35,0.32,0.31
MORR,2019-11-08 13:20:00 EST,42.88392,-75.64245,1251,24.5,24.2,13.5,77.8,18.5,0.000,0.092,0.00,0.003,10.9,17.4,2.2,302,13,11.7,20.0,2.8,298,11,11.7,20.0,2.8,298,11,173,28.84,1.8,0,0,0,37.8,41.8,45.6,0.35,0.33,0.31
MORR,2019-11-08 13:25:00 EST,42.88392,-75.64245,1251,23.9,23.6,11.7,78.4,18.1,0.000,0.092,0.00,0.001,12.5,19.8,2.6,295,12,13.7,23.8,3.1,292,11,13.7,23.8,3.1,292,11,185,28.84,1.8,0,0,0,37.8,41.8,45.5,0.35,0.33,0.31
MORR,2019-11-08 13:30:00 EST,42.88392,-75.64245,1251,23.9,23.6,11.8,76.6,17.6,0.000,0.092,0.00,0.000,12.7,19.9,2.5,302,13,13.5,22.7,2.7,299,13,13.5,22.7,2.7,299,13,383,28.84,1.9,0,0,0,37.8,41.8,45.6,0.35,0.32,0.31
MORR,2019-11-08 13:35:00 EST,42.88392,-75.64245,1251,24.5,24.3,12.7,73.1,17.1,0.000,0.092,0.00,0.000,12.7,20.0,3.1,304,13,13.5,20.8,3.5,301,13,13.5,20.8,3.5,301,13,410,28.84,1.8,0,0,0,37.8,41.7,45.6,0.35,0.33,0.31
MORR,2019-11-08 13:40:00 EST,42.88392,-75.64245,1251,24.6,24.3,12.4,71.0,16.6,0.000,0.092,0.00,0.000,13.7,21.0,3.4,307,17,14.3,22.9,4.0,305,17,14.3,22.9,4.0,305,17,340,28.84,1.9,0,0,0,37.8,41.8,45.5,0.35,0.33,0.31
MORR,2019-11-08 13:45:00 EST,42.88392,-75.64245,1251,24.1,24.0,13.2,72.4,16.5,0.000,0.092,0.00,0.000,10.6,17.8,2.9,305,14,11.3,18.9,3.2,301,13,11.3,18.9,3.2,301,13,144,28.84,1.7,0,0,0,37.8,41.9,45.6,0.35,0.33,0.31
MORR,2019-11-08 13:50:00 EST,42.88392,-75.64245,1251,24.0,23.9,13.8,71.3,16.1,0.000,0.092,0.00,0.000,9.6,15.6,2.5,312,16,10.1,19.2,2.7,308,16,10.1,19.2,2.7,308,16,275,28.84,1.8,0,0,0,37.8,41.8,45.6,0.35,0.32,0.31
MORR,2019-11-08 13:55:00 EST,42.88392,-75.64245,1251,24.7,24.5,13.0,65.9,15.0,0.000,0.092,0.00,0.000,12.3,17.5,2.5,305,14,13.4,18.6,2.8,302,15,13.4,18.6,2.8,302,15,444,28.84,1.8,0,0,0,37.8,41.7,45.5,0.35,0.33,0.31
MORR,2019-11-08 14:00:00 EST,42.88392,-75.64245,1251,25.0,24.7,13.2,65.1,15.0,0.000,0.092,0.00,0.000,12.9,23.3,3.6,308,16,13.8,24.2,3.8,304,14,13.8,24.2,3.8,304,14,483,28.84,1.6,0,0,0,37.8,41.8,45.5,0.35,0.33,0.31
MORR,2019-11-08 14:05:00 EST,42.88392,-75.64245,1251,25.3,25.0,15.1,65.0,15.2,0.000,0.092,0.00,0.000,9.9,17.4,3.5,315,21,10.6,18.3,3.4,312,20,10.6,18.3,3.4,312,20,442,28.84,1.7,0,0,0,37.8,41.6,45.5,0.35,0.33,0.31
MORR,2019-11-08 14:10:00 EST,42.88392,-75.64245,1251,24.9,24.6,15.1,67.6,15.7,0.000,0.092,0.00,0.000,8.9,18.6,3.3,316,18,9.8,23.2,3.7,312,19,9.8,23.2,3.7,312,19,260,28.84,1.3,0,0,0,37.8,41.8,45.5,0.35,0.33,0.31
MORR,2019-11-08 14:15:00 EST,42.88392,-75.64245,1251,24.6,24.4,13.1,70.1,16.2,0.000,0.092,0.00,0.000,11.6,22.1,4.5,299,15,12.6,25.6,5.0,296,14,12.6,25.6,5.0,296,14,190,28.84,1.6,0,0,0,37.8,41.7,45.6,0.35,0.32,0.31
MORR,2019-11-08 14:20:00 EST,42.88392,-75.64245,1251,24.3,24.1,12.8,69.9,15.9,0.000,0.092,0.00,0.000,12.0,18.2,2.6,304,13,12.7,20.2,2.5,300,13,12.7,20.2,2.5,300,13,331,28.84,1.5,0,0,0,37.8,41.9,45.4,0.35,0.33,0.31
MORR,2019-11-08 14:25:00 EST,42.88392,-75.64245,1251,24.6,24.4,13.7,67.4,15.3,0.000,0.092,0.00,0.000,10.7,18.3,3.0,306,14,11.7,19.5,3.0,303,14,11.7,19.5,3.0,303,14,331,28.85,1.6,0,0,0,37.8,41.8,45.6,0.35,0.33,0.31
MORR,2019-11-08 14:30:00 EST,42.88392,-75.64245,1251,24.8,24.5,14.6,67.1,15.4,0.000,0.092,0.00,0.000,9.7,16.4,2.6,316,16,10.3,16.0,2.6,314,15,10.3,16.0,2.6,314,15,326,28.85,1.5,0,0,0,37.9,41.8,45.5,0.35,0.33,0.31
MORR,2019-11-08 14:35:00 EST,42.88392,-75.64245,1251,24.7,24.5,14.4,66.7,15.2,0.000,0.092,0.00,0.000,9.9,18.0,2.8,314,15,10.6,18.6,2.8,313,15,10.6,18.6,2.8,313,15,313,28.85,1.5,0,0,0,37.9,41.6,45.5,0.35,0.33,0.31
MORR,2019-11-08 14:40:00 EST,42.88392,-75.64245,1251,24.6,24.4,14.1,68.1,15.5,0.000,0.092,0.00,0.000,10.1,15.9,2.3,321,16,10.8,18.4,2.4,319,17,10.8,18.4,2.4,319,17,222,28.85,1.4,0,0,0,37.9,41.9,45.6,0.35,0.33,0.31
MORR,2019-11-08 14:45:00 EST,42.88392,-75.64245,1251,23.8,23.7,12.5,72.8,16.4,0.000,0.092,0.00,0.000,11.4,19.0,2.5,305,14,12.1,18.6,2.9,302,14,12.1,18.6,2.9,302,14,63,28.85,1.4,0,0,0,37.9,41.8,45.4,0.35,0.33,0.31
MORR,2019-11-08 14:50:00 EST,42.88392,-75.64245,1251,23.8,23.7,14.2,74.4,16.8,0.000,0.092,0.00,0.000,8.1,12.1,1.7,311,15,8.9,16.3,1.8,308,15,8.9,16.3,1.8,308,15,186,28.85,1.4,0,0,0,37.9,41.7,45.5,0.35,0.32,0.31
MORR,2019-11-08 14:55:00 EST,42.88392,-75.64245,1251,24.1,24.0,14.3,72.5,16.5,0.000,0.092,0.00,0.000,8.7,12.0,1.5,311,16,9.3,13.9,1.7,309,16,9.3,13.9,1.7,309,16,238,28.85,1.4,0,0,0,37.9,41.8,45.5,0.36,0.33,0.31
MORR,2019-11-08 15:00:00 EST,42.88392,-75.64245,1251,24.3,24.1,15.0,71.4,16.3,0.000,0.092,0.00,0.000,8.1,13.9,1.9,314,21,8.7,14.2,2.2,312,20,8.7,14.2,2.2,312,20,216,28.85,1.3,0,0,0,37.9,41.7,45.5,0.36,0.33,0.31
MORR,2019-11-08 15:05:00 EST,42.88392,-75.64245,1251,24.3,24.1,14.0,71.0,16.2,0.000,0.092,0.00,0.000,9.4,14.9,2.1,324,20,10.3,16.3,2.3,322,20,10.3,16.3,2.3,322,20,234,28.85,1.1,0,0,0,37.9,41.7,45.5,0.36,0.32,0.31
MORR,2019-11-08 15:10:00 EST,42.88392,-75.64245,1251,24.4,24.3,14.4,70.0,16.0,0.000,0.092,0.00,0.000,9.3,13.2,2.1,318,17,9.9,14.5,2.3,316,17,9.9,14.5,2.3,316,17,232,28.85,1.1,0,0,0,37.9,41.7,45.5,0.36,0.33,0.31
MORR,2019-11-08 15:15:00 EST,42.88392,-75.64245,1251,24.5,24.3,14.2,69.5,15.9,0.000,0.092,0.00,0.000,9.7,16.4,2.9,300,15,10.3,18.1,3.2,297,14,10.3,18.1,3.2,297,14,228,28.86,1.1,0,0,0,37.9,41.8,45.5,0.36,0.33,0.31
MORR,2019-11-08 15:20:00 EST,42.88392,-75.64245,1251,24.4,24.2,15.8,70.7,16.2,0.000,0.092,0.00,0.000,6.8,12.5,2.4,308,17,7.7,16.5,2.8,305,16,7.7,16.5,2.8,305,16,206,28.86,1.1,0,0,0,37.9,41.6,45.4,0.36,0.33,0.31
MORR,2019-11-08 15:25:00 EST,42.88392,-75.64245,1251,24.2,24.0,14.2,71.2,16.2,0.000,0.092,0.00,0.000,9.1,13.9,2.1,309,15,9.7,17.1,2.4,306,16,9.7,17.1,2.4,306,16,148,28.86,1.0,0,0,0,37.9,41.7,45.4,0.36,0.33,0.31
MORR,2019-11-08 15:30:00 EST,42.88392,-75.64245,1251,23.8,23.8,16.0,72.5,16.3,0.000,0.092,0.00,0.000,6.3,13.0,2.3,316,14,6.6,13.7,2.3,313,14,6.6,13.7,2.3,313,14,79,28.86,1.2,0,0,0,37.9,41.6,45.4,0.36,0.32,0.31
MORR,2019-11-08 15:35:00 EST,42.88392,-75.64245,1251,23.7,23.7,15.9,72.5,16.2,0.000,0.092,0.00,0.000,6.2,9.9,1.6,320,19,6.6,11.6,1.8,318,19,6.6,11.6,1.8,318,19,47,28.86,,0,0,0,37.9,41.6,45.5,0.36,0.32,0.31
MORR,2019-11-08 15:40:00 EST,42.88392,-75.64245,1251,23.7,23.7,14.0,71.4,15.8,0.000,0.092,0.00,0.000,8.5,15.2,2.6,315,19,9.1,17.5,2.9,314,20,9.1,17.5,2.9,314,20,48,28.86,,0,0,0,37.9,41.8,45.6,0.36,0.33,0.31
MORR,2019-11-08 15:45:00 EST,42.88392,-75.64245,1251,23.7,23.7,13.9,68.9,15.0,0.000,0.092,0.00,0.000,9.0,13.7,2.1,313,12,9.4,13.3,2.0,310,10,9.4,13.3,2.0,310,10,56,28.86,1.3,0,0,0,37.9,41.8,45.5,0.36,0.33,0.31
MORR,2019-11-08 15:50:00 EST,42.88392,-75.64245,1251,23.7,23.7,14.2,68.9,14.9,0.000,0.092,0.00,0.000,8.0,12.0,1.8,300,14,8.7,13.7,2.0,297,13,8.7,13.7,2.0,297,13,66,28.86,1.3,0,0,0,37.9,41.6,45.5,0.36,0.33,0.31
MORR,2019-11-08 15:55:00 EST,42.88392,-75.64245,1251,23.6,23.6,14.5,70.1,15.3,0.000,0.092,0.00,0.000,7.8,12.3,1.8,300,12,8.3,12.7,1.9,298,12,8.3,12.7,1.9,298,12,63,28.86,1.2,0,0,0,37.9,41.7,45.4,0.36,0.33,0.31
MORR,2019-11-08 16:00:00 EST,42.88392,-75.64245,1251,23.5,23.7,16.2,70.6,15.4,0.000,0.092,0.00,0.000,5.8,9.4,1.1,311,12,6.0,8.7,1.0,308,12,6.0,8.7,1.0,308,12,52,28.86,1.1,0,0,0,37.9,41.7,45.5,0.36,0.32,0.31
MORR,2019-11-08 16:05:00 EST,42.88392,-75.64245,1251,23.4,23.7,15.7,70.4,15.2,0.000,0.092,0.00,0.000,5.8,8.3,1.1,311,19,6.3,9.3,1.3,308,17,6.3,9.3,1.3,308,17,43,28.86,0.1,0,0,0,37.9,41.7,45.4,0.36,0.33,0.31
MORR,2019-11-08 16:10:00 EST,42.88392,-75.64245,1251,23.2,23.6,14.1,70.0,14.9,0.000,0.092,0.00,0.000,7.8,11.6,2.2,308,10,8.1,11.8,2.3,305,10,8.1,11.8,2.3,305,10,25,28.86,0.4,0,0,0,37.9,41.7,45.5,0.36,0.33,0.31
MORR,2019-11-08 16:15:00 EST,42.88392,-75.64245,1251,23.4,23.5,14.8,68.9,14.7,0.000,0.092,0.00,0.000,7.1,10.0,1.3,305,13,7.4,10.6,1.3,302,13,7.4,10.6,1.3,302,13,25,28.86,0.3,0,0,0,37.9,41.7,45.4,0.36,0.32,0.31
MORR,2019-11-08 16:20:00 EST,42.88392,-75.64245,1251,23.0,23.2,14.3,69.3,14.4,0.000,0.092,0.00,0.000,6.9,11.0,1.6,298,11,7.4,12.2,1.7,295,10,7.4,12.2,1.7,295,10,23,28.87,-0.4,0,0,0,37.9,41.7,45.4,0.36,0.32,0.31
MORR,2019-11-08 16:25:00 EST,42.88392,-75.64245,1251,23.0,23.3,14.1,69.3,14.5,0.000,0.092,0.00,0.000,7.3,11.1,1.4,297,9,7.7,12.3,1.6,294,8,7.7,12.3,1.6,294,8,19,28.87,0.8,0,0,0,37.9,41.7,45.4,0.36,0.32,0.31
MORR,2019-11-08 16:30:00 EST,42.88392,-75.64245,1251,22.6,23.0,14.4,70.5,14.5,0.000,0.092,0.00,0.000,6.2,10.4,1.2,294,10,6.7,10.8,1.5,291,9,6.7,10.8,1.5,291,9,16,28.87,0.9,0,0,0,37.9,41.7,45.4,0.36,0.33,0.31
MORR,2019-11-08 16:35:00 EST,42.88392,-75.64245,1251,22.6,22.9,14.5,71.0,14.6,0.000,0.092,0.00,0.000,6.3,8.7,0.8,295,10,6.6,10.0,1.0,292,9,6.6,10.0,1.0,292,9,13,28.87,,0,0,0,37.9,41.8,45.4,0.36,0.33,0.31
MORR,2019-11-08 16:40:00 EST,42.88392,-75.64245,1251,22.2,22.7,15.9,71.7,14.5,0.000,0.092,0.00,0.000,4.4,6.4,0.8,296,8,4.7,6.4,0.8,294,8,4.7,6.4,0.8,294,8,10,28.87,0.8,0,0,0,37.9,41.8,45.4,0.36,0.33,0.31
MORR,2019-11-08 16:45:00 EST,42.88392,-75.64245,1251,22.0,22.6,15.0,72.6,14.5,0.000,0.092,0.00,0.000,5.0,7.7,1.2,302,10,5.3,8.3,1.2,300,9,5.3,8.3,1.2,300,9,8,28.87,1.1,0,0,0,37.9,41.8,45.5,0.36,0.33,0.31
MORR,2019-11-08 16:50:00 EST,42.88392,-75.64245,1251,21.8,22.5,15.6,72.7,14.4,0.000,0.092,0.00,0.000,4.3,7.3,1.0,307,11,4.6,7.0,1.0,305,11,4.6,7.0,1.0,305,11,6,28.88,1.4,0,0,0,37.9,41.7,45.4,0.36,0.32,0.31
MORR,2019-11-08 16:55:00 EST,42.88392,-75.64245,1251,21.8,22.4,15.7,72.9,14.5,0.000,0.092,0.00,0.000,4.2,6.4,1.0,309,14,4.5,7.2,1.1,306,12,4.5,7.2,1.1,306,12,3,28.88,0.9,0,0,0,37.9,41.6,45.4,0.36,0.33,0.31
MORR,2019-11-08 17:00:00 EST,42.88392,-75.64245,1251,21.8,22.4,15.4,73.7,14.7,0.000,0.092,0.00,0.000,4.4,6.9,1.2,309,11,4.7,7.0,1.1,307,10,4.7,7.0,1.1,307,10,2,28.88,0.9,0,0,0,37.9,41.6,45.4,0.36,0.33,0.31
MORR,2019-11-08 17:05:00 EST,42.88392,-75.64245,1251,21.8,22.4,17.0,74.0,14.8,0.000,0.092,0.00,0.000,3.3,5.1,0.6,305,9,3.5,5.6,0.7,304,9,3.5,5.6,0.7,304,9,0,28.88,1.0,0,0,0,37.9,41.7,45.4,0.36,0.33,0.31
MORR,2019-11-08 17:10:00 EST,42.88392,-75.64245,1251,22.1,22.4,16.8,73.9,15.0,0.000,0.092,0.00,0.000,3.6,4.9,0.6,299,14,3.9,6.3,0.8,297,14,3.9,6.3,0.8,297,14,0,28.88,0.9,0,0,0,37.9,41.6,45.4,0.36,0.33,0.31
MORR,2019-11-08 17:15:00 EST,42.88392,-75.64245,1251,21.9,22.3,16.4,74.2,14.9,0.000,0.092,0.00,0.000,3.8,4.9,0.6,302,10,4.0,5.7,0.7,300,10,4.0,5.7,0.7,300,10,0,28.89,1.0,0,0,0,37.9,41.6,45.4,0.36,0.33,0.31
MORR,2019-11-08 17:20:00 EST,42.88392,-75.64245,1251,22.2,22.4,16.4,74.4,15.3,0.000,0.092,0.00,0.000,3.9,5.7,0.7,297,9,4.2,6.4,0.7,295,9,4.2,6.4,0.7,295,9,0,28.89,0.9,0,0,0,37.9,41.7,45.4,0.36,0.33,0.31
MORR,2019-11-08 17:25:00 EST,42.88392,-75.64245,1251,22.3,22.5,15.9,73.8,15.2,0.000,0.092,0.00,0.000,4.4,6.4,0.9,289,10,4.7,7.3,1.0,287,9,4.7,7.3,1.0,287,9,0,28.89,1.1,0,0,0,37.9,41.6,45.4,0.36,0.33,0.31
MORR,2019-11-08 17:30:00 EST,42.88392,-75.64245,1251,22.3,22.4,16.0,73.4,15.1,0.000,0.092,0.00,0.000,4.3,6.4,0.9,289,12,4.7,7.3,1.1,287,11,4.7,7.3,1.1,287,11,0,28.89,1.4,0,0,0,37.9,41.7,45.4,0.36,0.33,0.31
MORR,2019-11-08 17:35:00 EST,42.88392,-75.64245,1251,22.3,22.5,16.5,73.7,15.2,0.000,0.092,0.00,0.000,4.0,6.1,0.8,290,11,4.3,6.5,0.8,287,11,4.3,6.5,0.8,287,11,0,28.89,0.9,0,0,0,37.9,41.8,45.4,0.36,0.33,0.31
MORR,2019-11-08 17:40:00 EST,42.88392,-75.64245,1251,22.2,22.4,15.6,74.1,15.2,0.000,0.092,0.00,0.000,4.6,6.6,0.7,304,10,4.9,7.3,0.8,301,10,4.9,7.3,0.8,301,10,0,28.89,0.9,0,0,0,37.9,41.7,45.4,0.36,0.33,0.31
MORR,2019-11-08 17:45:00 EST,42.88392,-75.64245,1251,22.4,22.4,16.4,74.9,15.6,0.000,0.092,0.00,0.000,4.3,6.3,0.8,306,13,4.5,6.7,0.9,304,13,4.5,6.7,0.9,304,13,0,28.90,0.9,0,0,0,37.9,41.7,45.5,0.36,0.33,0.31
MORR,2019-11-08 17:50:00 EST,42.88392,-75.64245,1251,22.6,22.6,17.1,75.2,15.9,0.000,0.092,0.00,0.000,3.9,7.8,1.6,317,14,4.2,8.1,1.5,316,15,4.2,8.1,1.5,316,15,0,28.90,0.8,0,0,0,37.9,41.8,45.3,0.36,0.32,0.31
MORR,2019-11-08 17:55:00 EST,42.88392,-75.64245,1251,22.6,22.6,17.9,76.1,16.2,0.000,0.092,0.00,0.000,3.3,6.6,1.1,323,14,3.5,6.5,1.1,321,15,3.5,6.5,1.1,321,15,0,28.90,0.8,0,0,0,37.9,41.7,45.3,0.36,0.33,0.31
MORR,2019-11-08 18:00:00 EST,42.88392,-75.64245,1251,22.4,22.4,22.4,76.9,16.2,0.000,0.092,0.00,0.000,1.4,3.4,0.7,323,16,1.7,3.5,0.6,320,18,1.7,3.5,0.6,320,18,0,28.90,0.9,0,0,0,37.9,41.7,45.3,0.36,0.32,0.31
MORR,2019-11-08 18:05:00 EST,42.88392,-75.64245,1251,22.4,22.5,16.5,76.9,16.2,0.000,0.092,0.00,0.000,3.9,6.4,1.2,295,10,4.3,7.0,1.2,293,10,4.3,7.0,1.2,293,10,0,28.90,0.8,0,0,0,37.9,41.6,45.3,0.36,0.33,0.31
MORR,2019-11-08 18:10:00 EST,42.88392,-75.64245,1251,22.5,22.5,17.6,76.3,16.2,0.000,0.092,0.00,0.000,3.5,5.3,0.9,297,12,3.6,6.2,1.0,295,13,3.6,6.2,1.0,295,13,0,28.90,0.9,0,0,0,37.9,41.7,45.4,0.36,0.33,0.31
MORR,2019-11-08 18:15:00 EST,42.88392,-75.64245,1251,22.6,22.6,22.6,76.7,16.4,0.000,0.092,0.00,0.000,2.5,4.9,0.8,306,15,2.7,5.4,0.8,305,17,2.7,5.4,0.8,305,17,0,28.91,0.9,0,0,0,37.9,41.6,45.4,0.36,0.32,0.31
MORR,2019-11-08 18:20:00 EST,42.88392,-75.64245,1251,22.6,22.6,22.6,77.9,16.8,0.000,0.092,0.00,0.000,2.0,3.5,0.7,335,13,2.3,3.8,0.8,333,17,2.3,3.8,0.8,333,17,0,28.91,1.0,0,0,0,37.9,41.5,45.4,0.36,0.32,0.31
MORR,2019-11-08 18:25:00 EST,42.88392,-75.64245,1251,22.4,22.4,22.4,78.7,16.8,0.000,0.092,0.00,0.000,2.1,3.9,0.8,270,10,2.4,4.8,0.8,269,13,2.4,4.8,0.8,269,13,0,28.91,0.9,0,0,0,37.9,41.6,45.3,0.36,0.32,0.31
MORR,2019-11-08 18:30:00 EST,42.88392,-75.64245,1251,22.3,22.4,17.0,78.5,16.7,0.000,0.092,0.00,0.000,3.6,5.5,0.8,283,16,3.9,5.6,0.9,280,16,3.9,5.6,0.9,280,16,0,28.91,0.9,0,0,0,37.9,41.7,45.4,0.36,0.32,0.31
MORR,2019-11-08 18:35:00 EST,42.88392,-75.64245,1251,22.4,22.3,16.7,79.3,16.9,0.000,0.092,0.00,0.000,4.0,5.6,0.9,298,9,4.2,6.1,1.0,296,9,4.2,6.1,1.0,296,9,0,28.91,,0,0,0,37.9,41.7,45.4,0.36,0.32,0.31
MORR,2019-11-08 18:40:00 EST,42.88392,-75.64245,1251,22.3,22.2,17.5,80.1,17.1,0.000,0.092,0.00,0.000,3.3,5.0,0.7,291,12,3.5,5.4,0.7,290,12,3.5,5.4,0.7,290,12,0,28.92,1.2,0,0,0,37.9,41.7,45.4,0.36,0.33,0.31
MORR,2019-11-08 18:45:00 EST,42.88392,-75.64245,1251,22.1,22.1,17.9,81.8,17.4,0.000,0.092,0.00,0.000,3.0,4.6,0.7,290,9,3.2,5.3,0.8,288,10,3.2,5.3,0.8,288,10,0,28.92,0.8,0,0,0,37.9,41.7,45.4,0.36,0.32,0.31
MORR,2019-11-08 18:50:00 EST,42.88392,-75.64245,1251,22.1,22.0,22.1,82.8,17.6,0.000,0.092,0.00,0.000,2.3,3.6,0.5,286,8,2.5,4.2,0.6,285,10,2.5,4.2,0.6,285,10,0,28.91,0.7,0,0,0,37.9,41.7,45.4,0.36,0.33,0.31
MORR,2019-11-08 18:55:00 EST,42.88392,-75.64245,1251,22.0,22.0,22.0,84.0,17.9,0.000,0.092,0.00,0.000,2.5,4.6,1.0,298,16,2.7,5.0,1.0,297,17,2.7,5.0,1.0,297,17,0,28.91,0.6,0,0,0,37.9,41.6,45.3,0.36,0.33,0.31
MORR,2019-11-08 19:00:00 EST,42.88392,-75.64245,1251,21.8,21.9,21.8,84.1,17.8,0.000,0.092,0.00,0.000,2.3,3.4,0.6,299,10,2.5,4.2,0.6,298,10,2.5,4.2,0.6,298,10,0,28.92,0.7,0,0,0,37.9,41.7,45.2,0.36,0.33,0.31
MORR,2019-11-08 19:05:00 EST,42.88392,-75.64245,1251,21.5,21.8,21.5,84.1,17.5,0.000,0.092,0.00,0.000,2.6,4.4,0.6,293,8,2.8,5.0,0.6,292,9,2.8,5.0,0.6,292,9,0,28.92,0.7,0,0,0,37.9,41.5,45.3,0.36,0.32,0.31
MORR,2019-11-08 19:10:00 EST,42.88392,-75.64245,1251,21.1,21.7,21.1,84.2,17.1,0.000,0.092,0.00,0.000,2.6,4.9,0.7,286,10,2.8,6.2,1.0,284,11,2.8,6.2,1.0,284,11,0,28.91,0.7,0,0,0,37.9,41.6,45.3,0.36,0.32,0.31
MORR,2019-11-08 19:15:00 EST,42.88392,-75.64245,1251,21.1,21.7,16.1,83.9,17.0,0.000,0.092,0.00,0.000,3.3,4.5,0.6,267,12,3.6,5.0,0.7,266,13,3.6,5.0,0.7,266,13,0,28.91,0.7,0,0,0,37.9,41.6,45.3,0.36,0.33,0.31
MORR,2019-11-08 19:20:00 EST,42.88392,-75.64245,1251,21.4,21.7,21.4,85.2,17.7,0.000,0.092,0.00,0.000,2.6,4.9,0.9,272,7,2.9,5.2,1.0,271,9,2.9,5.2,1.0,271,9,0,28.91,0.7,0,0,0,37.9,41.7,45.3,0.36,0.33,0.31
MORR,2019-11-08 19:25:00 EST,42.88392,-75.64245,1251,21.4,21.6,21.4,84.9,17.6,0.000,0.092,0.00,0.000,2.7,3.9,0.7,274,12,3.0,4.4,0.7,272,13,3.0,4.4,0.7,272,13,0,28.91,0.7,0,0,0,37.9,41.7,45.3,0.36,0.33,0.31
MORR,2019-11-08 19:30:00 EST,42.88392,-75.64245,1251,21.3,21.5,21.3,84.5,17.4,0.000,0.092,0.00,0.000,1.9,3.4,0.7,286,13,2.1,3.8,0.8,284,14,2.1,3.8,0.8,284,14,0,28.91,0.7,0,0,0,37.9,41.6,45.3,0.36,0.33,0.31
MORR,2019-11-08 19:35:00 EST,42.88392,-75.64245,1251,21.0,21.4,21.0,85.0,17.2,0.000,0.092,0.00,0.000,2.5,5.4,1.1,293,12,2.7,6.0,1.1,293,11,2.7,6.0,1.1,293,11,0,28.91,0.6,0,0,0,37.9,41.6,45.3,0.36,0.33,0.31
MORR,2019-11-08 19:40:00 EST,42.88392,-75.64245,1251,20.7,21.4,15.9,84.0,16.7,0.000,0.092,0.00,0.000,3.2,4.9,0.6,284,12,3.4,5.8,0.7,283,13,3.4,5.8,0.7,283,13,0,28.91,0.5,0,0,0,37.9,41.8,45.2,0.36,0.33,0.31
MORR,2019-11-08 19:45:00 EST,42.88392,-75.64245,1251,20.6,21.5,14.8,84.0,16.6,0.000,0.092,0.00,0.000,3.8,5.2,0.5,273,8,4.1,5.7,0.6,271,8,4.1,5.7,0.6,271,8,0,28.91,0.8,0,0,0,37.9,41.5,45.2,0.36,0.33,0.31
MORR,2019-11-08 19:50:00 EST,42.88392,-75.64245,1251,20.8,21.5,15.1,84.5,16.9,0.000,0.092,0.00,0.000,3.7,6.5,0.7,275,11,4.0,6.6,0.7,273,10,4.0,6.6,0.7,273,10,0,28.91,0.8,0,0,0,38.0,41.6,45.3,0.36,0.32,0.31
MORR,2019-11-08 19:55:00 EST,42.88392,-75.64245,1251,20.7,21.4,16.3,84.6,16.8,0.000,0.092,0.00,0.000,3.0,6.3,1.1,265,18,3.2,6.5,1.2,261,20,3.2,6.5,1.2,261,20,0,28.91,0.6,0,0,0,38.0,41.7,45.2,0.36,0.33,0.31
MORR,2019-11-08 20:00:00 EST,42.88392,-75.64245,1251,20.3,21.3,20.3,85.8,16.8,0.000,0.092,0.00,0.000,2.2,2.9,0.4,268,12,2.5,3.6,0.5,267,14,2.5,3.6,0.5,267,14,0,28.92,0.7,0,0,0,37.9,41.5,45.3,0.36,0.33,0.31
MORR,2019-11-08 20:05:00 EST,42.88392,-75.64245,1251,20.0,21.3,20.0,86.0,16.5,0.000,0.092,0.00,0.000,2.1,3.1,0.5,276,12,2.4,3.5,0.5,274,13,2.4,3.5,0.5,274,13,0,28.92,0.9,0,0,0,37.9,41.5,45.2,0.36,0.33,0.31
MORR,2019-11-08 20:10:00 EST,42.88392,-75.64245,1251,20.5,21.3,15.6,86.3,17.1,0.000,0.092,0.00,0.000,3.1,6.3,0.9,281,14,3.5,6.9,1.0,279,14,3.5,6.9,1.0,279,14,0,28.92,0.9,0,0,0,37.9,41.5,45.3,0.36,0.32,0.31
MORR,2019-11-08 20:15:00 EST,42.88392,-75.64245,1251,20.9,21.4,15.6,84.5,16.9,0.000,0.092,0.00,0.000,3.4,5.5,0.9,283,16,3.7,6.2,1.0,281,16,3.7,6.2,1.0,281,16,0,28.92,0.8,0,0,0,37.9,41.7,45.3,0.36,0.33,0.31
MORR,2019-11-08 20:20:00 EST,42.88392,-75.64245,1251,20.8,21.4,14.9,83.3,16.5,0.000,0.092,0.00,0.000,3.9,6.6,1.0,283,10,4.2,7.0,1.1,280,10,4.2,7.0,1.1,280,10,0,28.92,0.7,0,0,0,37.9,41.6,45.3,0.36,0.33,0.31
MORR,2019-11-08 20:25:00 EST,42.88392,-75.64245,1251,20.5,21.4,16.3,82.6,16.0,0.000,0.092,0.00,0.000,2.7,4.8,0.7,270,12,3.0,5.4,0.8,268,14,3.0,5.4,0.8,268,14,0,28.92,0.7,0,0,0,37.9,41.7,45.3,0.36,0.33,0.31
MORR,2019-11-08 20:30:00 EST,42.88392,-75.64245,1251,21.0,21.4,16.3,83.9,16.9,0.000,0.092,0.00,0.000,3.0,5.3,0.8,279,16,3.3,5.9,0.9,277,15,3.3,5.9,0.9,277,15,0,28.92,0.6,0,0,0,38.0,41.6,45.2,0.36,0.33,0.31
MORR,2019-11-08 20:35:00 EST,42.88392,-75.64245,1251,21.2,21.5,15.3,83.3,16.9,0.000,0.092,0.00,0.000,3.9,6.1,0.9,264,13,4.2,7.0,1.1,262,12,4.2,7.0,1.1,262,12,0,28.92,0.6,0,0,0,37.9,41.6,45.2,0.36,0.33,0.31
MORR,2019-11-08 20:40:00 EST,42.88392,-75.64245,1251,21.1,21.4,16.8,83.0,16.8,0.000,0.092,0.00,0.000,2.9,4.2,0.5,275,13,3.2,4.7,0.6,274,14,3.2,4.7,0.6,274,14,0,28.92,0.6,0,0,0,37.9,41.7,45.3,0.36,0.33,0.31
MORR,2019-11-08 20:45:00 EST,42.88392,-75.64245,1251,21.0,21.4,21.0,82.8,16.6,0.000,0.092,0.00,0.000,2.7,5.0,0.8,284,11,3.0,5.9,0.9,281,11,3.0,5.9,0.9,281,11,0,28.92,0.6,0,0,0,38.0,41.6,45.2,0.36,0.32,0.31
MORR,2019-11-08 20:50:00 EST,42.88392,-75.64245,1251,20.4,21.3,15.4,82.7,15.9,0.000,0.092,0.00,0.000,3.2,5.6,1.0,270,9,3.5,6.2,1.1,268,10,3.5,6.2,1.1,268,10,0,28.92,0.5,0,0,0,38.0,41.5,45.3,0.36,0.33,0.31
MORR,2019-11-08 20:55:00 EST,42.88392,-75.64245,1251,20.3,21.3,14.8,83.9,16.2,0.000,0.092,0.00,0.000,3.6,5.2,0.6,261,8,3.8,5.5,0.6,259,9,3.8,5.5,0.6,259,9,0,28.92,0.5,0,0,0,37.9,41.6,45.2,0.36,0.32,0.31
MORR,2019-11-08 21:00:00 EST,42.88392,-75.64245,1251,20.6,21.5,14.7,84.3,16.6,0.000,0.092,0.00,0.000,3.9,5.4,0.7,270,9,4.2,5.7,0.7,268,9,4.2,5.7,0.7,268,9,0,28.92,0.6,0,0,0,37.9,41.6,45.3,0.36,0.32,0.31
MORR,2019-11-08 21:05:00 EST,42.88392,-75.64245,1251,20.2,21.4,20.2,83.9,16.1,0.000,0.092,0.00,0.000,2.5,3.3,0.4,265,4,2.8,3.8,0.4,262,7,2.8,3.8,0.4,262,7,0,28.92,0.5,0,0,0,38.0,41.7,45.2,0.36,0.33,0.31
MORR,2019-11-08 21:10:00 EST,42.88392,-75.64245,1251,20.1,21.4,20.1,84.7,16.2,0.000,0.092,0.00,0.000,2.6,4.5,0.5,259,9,2.9,5.9,0.6,256,11,2.9,5.9,0.6,256,11,0,28.92,0.6,0,0,0,37.9,41.6,45.3,0.36,0.33,0.31
MORR,2019-11-08 21:15:00 EST,42.88392,-75.64245,1251,20.5,21.5,14.7,85.0,16.7,0.000,0.092,0.00,0.000,3.8,5.2,0.5,266,9,4.1,5.9,0.6,263,9,4.1,5.9,0.6,263,9,0,28.92,0.5,0,0,0,37.9,41.6,45.2,0.36,0.33,0.31
MORR,2019-11-08 21:20:00 EST,42.88392,-75.64245,1251,21.2,21.7,16.0,84.4,17.2,0.000,0.092,0.00,0.000,3.4,4.6,0.5,263,8,3.7,5.4,0.6,260,9,3.7,5.4,0.6,260,9,0,28.92,0.7,0,0,0,37.9,41.5,45.2,0.36,0.32,0.31
MORR,2019-11-08 21:25:00 EST,42.88392,-75.64245,1251,21.5,21.8,15.7,83.5,17.3,0.000,0.092,0.00,0.000,3.9,5.3,0.7,262,10,4.2,6.1,0.9,259,11,4.2,6.1,0.9,259,11,0,28.92,0.6,0,0,0,37.9,41.6,45.3,0.36,0.33,0.31
MORR,2019-11-08 21:30:00 EST,42.88392,-75.64245,1251,21.9,22.0,14.8,83.4,17.7,0.000,0.092,0.00,0.000,5.1,6.9,0.7,257,8,5.4,8.1,0.9,255,7,5.4,8.1,0.9,255,7,0,28.92,0.6,0,0,0,37.9,41.6,45.3,0.36,0.33,0.31
MORR,2019-11-08 21:35:00 EST,42.88392,-75.64245,1251,22.2,22.2,16.4,83.0,17.8,0.000,0.092,0.00,0.000,4.0,5.8,0.9,263,10,4.3,6.4,1.1,260,10,4.3,6.4,1.1,260,10,0,28.92,0.6,0,0,0,37.9,41.6,45.2,0.36,0.32,0.31
MORR,2019-11-08 21:40:00 EST,42.88392,-75.64245,1251,22.3,22.3,16.4,82.8,17.8,0.000,0.092,0.00,0.000,3.9,5.9,1.0,274,15,4.3,7.0,1.1,272,13,4.3,7.0,1.1,272,13,0,28.92,0.7,0,0,0,37.9,41.7,45.3,0.36,0.33,0.31
MORR,2019-11-08 21:45:00 EST,42.88392,-75.64245,1251,22.4,22.4,16.2,82.3,17.8,0.000,0.092,0.00,0.000,4.2,8.0,1.6,259,15,4.7,8.9,1.7,257,15,4.7,8.9,1.7,257,15,0,28.92,0.7,0,0,0,37.9,41.7,45.2,0.36,0.33,0.31
MORR,2019-11-08 21:50:00 EST,42.88392,-75.64245,1251,22.6,22.5,15.2,81.5,17.8,0.000,0.092,0.00,0.000,5.3,7.7,1.1,252,9,5.8,8.2,1.2,250,10,5.8,8.2,1.2,250,10,0,28.92,0.7,0,0,0,37.9,41.6,45.3,0.36,0.33,0.31
MORR,2019-11-08 21:55:00 EST,42.88392,-75.64245,1251,22.5,22.5,15.0,81.7,17.8,0.000,0.092,0.00,0.000,5.5,8.1,1.0,254,13,5.9,9.0,1.2,252,13,5.9,9.0,1.2,252,13,0,28.92,0.6,0,0,0,37.9,41.7,45.2,0.36,0.33,0.31
MORR,2019-11-08 22:00:00 EST,42.88392,-75.64245,1251,22.6,22.6,14.6,82.0,17.9,0.000,0.092,0.00,0.000,5.9,8.1,1.3,254,11,6.4,9.2,1.5,252,11,6.4,9.2,1.5,252,11,0,28.92,0.6,0,0,0,37.9,41.6,45.2,0.36,0.33,0.31
MORR,2019-11-08 22:05:00 EST,42.88392,-75.64245,1251,22.6,22.5,15.8,82.2,18.0,0.000,0.092,0.00,0.000,4.8,8.0,1.2,251,10,5.2,8.7,1.4,249,12,5.2,8.7,1.4,249,12,0,28.92,0.6,0,0,0,37.9,41.6,45.2,0.36,0.32,0.31
MORR,2019-11-08 22:10:00 EST,42.88392,-75.64245,1251,22.7,22.7,14.4,82.3,18.1,0.000,0.092,0.00,0.000,6.3,10.6,2.3,256,11,6.9,12.3,2.5,254,10,6.9,12.3,2.5,254,10,0,28.92,0.6,0,0,0,37.9,41.7,45.2,0.36,0.33,0.31
MORR,2019-11-08 22:15:00 EST,42.88392,-75.64245,1251,22.8,22.7,13.9,81.8,18.0,0.000,0.092,0.00,0.000,6.8,10.9,1.7,253,15,7.6,11.7,1.8,253,15,7.6,11.7,1.8,253,15,0,28.92,0.5,0,0,0,37.9,41.6,45.2,0.36,0.33,0.31
MORR,2019-11-08 22:20:00 EST,42.88392,-75.64245,1251,22.7,22.7,13.7,81.1,17.8,0.000,0.092,0.00,0.000,7.2,11.0,2.0,253,8,7.7,12.4,2.1,251,7,7.7,12.4,2.1,251,7,0,28.92,0.5,0,0,0,37.9,41.6,45.3,0.36,0.33,0.31
MORR,2019-11-08 22:25:00 EST,42.88392,-75.64245,1251,22.3,22.5,14.5,81.4,17.4,0.000,0.092,0.00,0.000,5.7,7.7,0.9,264,11,6.1,8.5,1.0,262,10,6.1,8.5,1.0,262,10,0,28.92,0.4,0,0,0,37.9,41.5,45.2,0.36,0.33,0.31
MORR,2019-11-08 22:30:00 EST,42.88392,-75.64245,1251,21.8,22.2,14.2,81.7,17.1,0.000,0.092,0.00,0.000,5.5,9.6,1.3,257,11,5.9,10.0,1.5,255,10,5.9,10.0,1.5,255,10,0,28.92,0.4,0,0,0,37.9,41.5,45.2,0.36,0.33,0.31
MORR,2019-11-08 22:35:00 EST,42.88392,-75.64245,1251,21.7,22.2,13.1,81.5,16.9,0.000,0.092,0.00,0.000,6.4,9.9,1.6,257,10,7.0,11.0,1.8,255,9,7.0,11.0,1.8,255,9,0,28.92,0.4,0,0,0,37.9,41.6,45.2,0.36,0.33,0.31
MORR,2019-11-08 22:40:00 EST,42.88392,-75.64245,1251,21.8,22.1,13.6,81.7,17.0,0.000,0.092,0.00,0.000,6.0,8.2,1.1,256,8,6.5,8.7,1.2,254,7,6.5,8.7,1.2,254,7,0,28.92,0.4,0,0,0,37.9,41.6,45.2,0.36,0.33,0.31
MORR,2019-11-08 22:45:00 EST,42.88392,-75.64245,1251,21.6,22.0,14.3,81.8,16.9,0.000,0.092,0.00,0.000,5.1,7.1,0.9,254,10,5.5,7.9,1.1,252,10,5.5,7.9,1.1,252,10,0,28.92,0.5,0,0,0,37.9,41.5,45.2,0.36,0.32,0.31
MORR,2019-11-08 22:50:00 EST,42.88392,-75.64245,1251,21.5,21.8,17.4,81.7,16.8,0.000,0.092,0.00,0.000,2.8,5.3,0.9,240,14,3.1,5.3,1.0,238,16,3.1,5.3,1.0,238,16,0,28.92,0.4,0,0,0,37.9,41.5,45.3,0.36,0.32,0.31
MORR,2019-11-08 22:55:00 EST,42.88392,-75.64245,1251,20.8,21.5,20.8,81.4,16.0,0.000,0.092,0.00,0.000,1.8,4.5,0.7,252,13,2.0,4.4,0.7,250,17,2.0,4.4,0.7,250,17,0,28.92,-0.0,0,0,0,37.9,41.5,45.2,0.36,0.32,0.31
MORR,2019-11-08 23:00:00 EST,42.88392,-75.64245,1251,20.5,21.6,20.5,82.4,16.0,0.000,0.092,0.00,0.000,2.4,4.1,0.6,242,15,2.6,4.6,0.7,239,16,2.6,4.6,0.7,239,16,0,28.92,0.3,0,0,0,37.9,41.6,45.2,0.36,0.33,0.31
MORR,2019-11-08 23:05:00 EST,42.88392,-75.64245,1251,20.6,21.5,20.6,82.7,16.2,0.000,0.092,0.00,0.000,1.7,3.4,0.6,231,18,1.9,4.1,0.6,225,20,1.9,4.1,0.6,225,20,0,28.92,0.1,0,0,0,37.9,41.6,45.2,0.36,0.33,0.31
MORR,2019-11-08 23:10:00 EST,42.88392,-75.64245,1251,20.7,21.5,20.7,82.8,16.4,0.000,0.092,0.00,0.000,0.8,2.0,0.5,207,22,1.3,2.8,0.6,200,27,1.3,2.8,0.6,200,27,0,28.92,0.2,0,0,0,37.9,41.6,45.2,0.36,0.33,0.31
MORR,2019-11-08 23:15:00 EST,42.88392,-75.64245,1251,20.5,21.3,20.5,83.0,16.2,0.000,0.092,0.00,0.000,1.5,3.2,0.6,173,25,1.8,3.2,0.5,169,24,1.8,3.2,0.5,169,24,0,28.92,0.3,0,0,0,37.9,41.5,45.1,0.36,0.32,0.31
MORR,2019-11-08 23:20:00 EST,42.88392,-75.64245,1251,20.3,21.3,20.3,85.6,16.6,0.000,0.092,0.00,0.000,2.5,3.8,0.7,137,18,2.6,4.3,0.7,135,16,2.6,4.3,0.7,135,16,0,28.92,0.3,0,0,0,37.9,41.4,45.2,0.36,0.32,0.31
MORR,2019-11-08 23:25:00 EST,42.88392,-75.64245,1251,20.0,20.9,20.0,86.1,16.5,0.000,0.092,0.00,0.000,3.0,3.7,0.4,132,9,2.9,4.2,0.5,131,7,2.9,4.2,0.5,131,7,0,28.92,0.5,0,0,0,37.9,41.5,45.2,0.36,0.32,0.31
MORR,2019-11-08 23:30:00 EST,42.88392,-75.64245,1251,20.5,20.7,20.5,87.8,17.4,0.000,0.092,0.00,0.000,2.8,3.9,0.4,140,11,2.8,4.7,0.6,138,9,2.8,4.7,0.6,138,9,0,28.92,0.4,0,0,0,37.9,41.6,45.2,0.36,0.33,0.31
MORR,2019-11-08 23:35:00 EST,42.88392,-75.64245,1251,21.0,21.2,21.0,86.9,17.7,0.000,0.092,0.00,0.000,2.7,4.8,0.9,147,9,2.7,5.3,1.0,143,9,2.7,5.3,1.0,143,9,0,28.92,0.2,0,0,0,37.9,41.6,45.2,0.36,0.33,0.31
MORR,2019-11-08 23:40:00 EST,42.88392,-75.64245,1251,20.5,20.7,20.5,86.0,16.9,0.000,0.092,0.00,0.000,0.6,2.4,0.7,161,24,0.8,3.2,0.8,174,39,0.8,3.2,0.8,174,39,0,28.92,0.3,0,0,0,37.9,41.5,45.2,0.36,0.32,0.31
MORR,2019-11-08 23:45:00 EST,42.88392,-75.64245,1251,19.9,20.5,19.9,87.2,16.7,0.000,0.092,0.00,0.000,0.7,2.1,0.7,139,10,1.0,2.5,0.8,144,19,1.0,2.5,0.8,144,19,0,28.92,0.4,0,0,0,37.9,41.4,45.2,0.36,0.33,0.31
MORR,2019-11-08 23:50:00 EST,42.88392,-75.64245,1251,19.9,20.6,19.9,88.2,17.0,0.000,0.092,0.00,0.000,2.0,2.8,0.4,142,8,1.9,2.5,0.4,139,8,1.9,2.5,0.4,139,8,0,28.92,0.5,0,0,0,37.9,41.7,45.1,0.36,0.33,0.31
MORR,2019-11-08 23:55:00 EST,42.88392,-75.64245,1251,20.3,20.7,20.3,89.8,17.8,0.000,0.092,0.00,0.000,2.8,3.5,0.4,141,11,2.7,3.7,0.4,139,11,2.7,3.7,0.4,139,11,0,28.91,0.3,0,0,0,37.9,41.4,45.2,0.36,0.32,0.31
NBRA,2019-11-08 00:00:00 EST,41.82792,-74.99689,1497,26.3,26.7,20.6,80.5,21.1,0.000,0.329,0.00,0.000,4.5,7.4,0.9,320,16,4.8,8.8,1.2,319,15,4.8,8.8,1.2,319,15,0,28.44,0.1,0,0,0,43.3,47.3,49.5,0.30,0.38,0.43
NBRA,2019-11-08 00:05:00 EST,41.82792,-74.99689,1497,26.2,26.6,20.1,78.9,20.6,0.000,0.000,0.00,0.000,4.8,8.3,1.2,333,15,5.2,9.7,1.7,331,15,5.2,9.7,1.7,331,15,0,28.44,0.0,0,0,0,43.3,47.3,49.5,0.30,0.38,0.43
NBRA,2019-11-08 00:10:00 EST,41.82792,-74.99689,1497,26.2,26.5,20.0,77.9,20.2,0.000,0.000,0.00,0.000,5.1,8.1,1.2,322,14,5.3,9.3,1.3,321,14,5.3,9.3,1.3,321,14,0,28.44,0.0,0,0,0,43.3,47.3,49.5,0.30,0.38,0.43
NBRA,2019-11-08 00:15:00 EST,41.82792,-74.99689,1497,25.9,26.3,21.4,78.0,20.0,0.000,0.000,0.00,0.000,3.6,5.6,1.0,321,14,3.7,6.1,0.9,319,14,3.7,6.1,0.9,319,14,0,28.44,0.0,0,0,0,43.2,47.3,49.5,0.30,0.38,0.43
NBRA,2019-11-08 00:20:00 EST,41.82792,-74.99689,1497,25.9,26.2,19.6,78.2,20.0,0.000,0.000,0.00,0.000,4.9,8.9,1.4,316,19,5.2,9.5,1.4,317,18,5.2,9.5,1.4,317,18,0,28.44,-0.0,0,0,0,43.2,47.3,49.5,0.30,0.38,0.43
NBRA,2019-11-08 00:25:00 EST,41.82792,-74.99689,1497,25.8,26.1,20.3,78.1,19.9,0.000,0.000,0.00,0.000,4.4,8.2,1.4,315,14,4.5,9.5,1.5,313,13,4.5,9.5,1.5,313,13,0,28.44,0.0,0,0,0,43.2,47.3,49.5,0.30,0.38,0.43
NBRA,2019-11-08 00:30:00 EST,41.82792,-74.99689,1497,25.7,26.0,19.2,79.2,20.1,0.000,0.000,0.00,0.000,5.1,8.4,1.3,320,16,5.4,9.6,1.3,318,15,5.4,9.6,1.3,318,15,0,28.44,0.0,0,0,0,43.2,47.3,49.5,0.30,0.38,0.43
NBRA,2019-11-08 00:35:00 EST,41.82792,-74.99689,1497,25.6,25.9,20.6,79.5,20.1,0.000,0.000,0.00,0.000,3.9,6.2,0.9,314,16,4.0,7.1,1.1,313,15,4.0,7.1,1.1,313,15,0,28.44,-0.0,0,0,0,43.2,47.3,49.5,0.30,0.38,0.43
NBRA,2019-11-08 00:40:00 EST,41.82792,-74.99689,1497,25.3,25.7,25.3,80.9,20.3,0.000,0.000,0.00,0.000,2.9,3.9,0.6,323,12,2.7,4.1,0.6,319,11,2.7,4.1,0.6,319,11,0,28.44,-0.0,0,0,0,43.2,47.3,49.5,0.30,0.38,0.43
NBRA,2019-11-08 00:45:00 EST,41.82792,-74.99689,1497,25.4,25.7,19.5,80.6,20.3,0.000,0.000,0.00,0.000,4.5,7.8,1.4,326,18,4.9,9.2,1.4,324,18,4.9,9.2,1.4,324,18,0,28.43,-0.0,0,0,0,43.2,47.3,49.5,0.30,0.38,0.43
NBRA,2019-11-08 00:50:00 EST,41.82792,-74.99689,1497,24.8,25.4,20.8,81.2,19.8,0.000,0.000,0.00,0.000,2.9,4.4,0.6,337,14,3.2,5.3,0.7,335,14,3.2,5.3,0.7,335,14,0,28.43,0.0,0,0,0,43.1,47.3,49.5,0.30,0.38,0.43
NBRA,2019-11-08 00:55:00 EST,41.82792,-74.99689,1497,24.8,25.3,20.2,82.5,20.3,0.000,0.000,0.00,0.000,3.3,5.4,0.8,337,17,3.7,7.1,1.1,333,16,3.7,7.1,1.1,333,16,0,28.43,0.0,0,0,0,43.0,47.3,49.5,0.30,0.38,0.43
NBRA,2019-11-08 01:00:00 EST,41.82792,-74.99689,1497,24.9,25.2,20.7,83.0,20.4,0.000,0.000,0.00,0.000,3.4,5.5,0.8,326,14,3.4,7.3,1.0,324,12,3.4,7.3,1.0,324,12,0,28.43,-0.0,0,0,0,43.0,47.2,49.5,0.30,0.38,0.43
NBRA,2019-11-08 01:05:00 EST,41.82792,-74.99689,1497,24.5,25.0,24.5,84.0,20.4,0.000,0.000,0.00,0.000,2.5,5.3,0.9,336,15,2.8,6.6,1.2,334,13,2.8,6.6,1.2,334,13,0,28.43,0.0,0,0,0,43.0,47.2,49.5,0.30,0.38,0.43
NBRA,2019-11-08 01:10:00 EST,41.82792,-74.99689,1497,24.5,24.9,24.5,83.9,20.3,0.000,0.000,0.00,0.000,2.5,4.6,0.8,340,17,2.9,5.0,0.9,337,16,2.9,5.0,0.9,337,16,0,28.43,0.0,0,0,0,43.0,47.2,49.5,0.30,0.38,0.43
NBRA,2019-11-08 01:15:00 EST,41.82792,-74.99689,1497,24.7,24.9,20.7,83.8,20.5,0.000,0.000,0.00,0.000,2.8,6.0,1.3,337,20,3.2,8.2,1.5,333,19,3.2,8.2,1.5,333,19,0,28.42,-0.0,0,0,0,43.0,47.2,49.5,0.30,0.38,0.43
NBRA,2019-11-08 01:20:00 EST,41.82792,-74.99689,1497,24.6,25.0,17.9,82.0,19.9,0.000,0.000,0.00,0.000,4.8,9.4,2.4,348,25,5.5,10.8,2.7,346,21,5.5,10.8,2.7,346,21,0,28.42,0.0,0,0,0,42.9,47.1,49.5,0.30,0.38,0.43
NBRA,2019-11-08 01:25:00 EST,41.82792,-74.99689,1497,24.1,24.8,19.4,83.3,19.8,0.000,0.000,0.00,0.000,3.5,5.8,1.0,317,16,3.7,6.9,1.1,315,16,3.7,6.9,1.1,315,16,0,28.42,0.0,0,0,0,42.8,47.1,49.5,0.30,0.38,0.43
NBRA,2019-11-08 01:30:00 EST,41.82792,-74.99689,1497,24.3,24.8,17.9,82.9,19.9,0.000,0.000,0.00,0.000,4.9,7.9,1.4,324,15,5.1,8.8,1.5,322,14,5.1,8.8,1.5,322,14,0,28.42,0.1,0,0,0,42.8,47.1,49.5,0.30,0.38,0.43
NBRA,2019-11-08 01:35:00 EST,41.82792,-74.99689,1497,24.4,24.8,19.8,82.5,19.9,0.000,0.000,0.00,0.000,3.4,7.4,1.0,321,18,3.7,8.6,1.3,318,17,3.7,8.6,1.3,318,17,0,28.42,-0.0,0,0,0,42.8,47.1,49.5,0.30,0.38,0.43
NBRA,2019-11-08 01:40:00 EST,41.82792,-74.99689,1497,24.3,24.7,18.8,82.9,19.8,0.000,0.000,0.00,0.000,4.0,6.1,0.8,315,15,4.3,6.6,0.9,312,13,4.3,6.6,0.9,312,13,0,28.42,0.0,0,0,0,42.8,47.1,49.5,0.30,0.38,0.43
NBRA,2019-11-08 01:45:00 EST,41.82792,-74.99689,1497,24.3,24.7,18.7,83.0,19.9,0.000,0.000,0.00,0.000,4.2,6.6,0.8,310,11,4.4,6.7,1.0,310,10,4.4,6.7,1.0,310,10,0,28.43,-0.0,0,0,0,42.8,47.1,49.5,0.30,0.38,0.43
NBRA,2019-11-08 01:50:00 EST,41.82792,-74.99689,1497,24.3,24.6,18.8,83.6,20.0,0.000,0.000,0.00,0.000,4.3,7.2,1.1,311,9,4.3,7.2,1.1,310,8,4.3,7.2,1.1,310,8,0,28.43,0.1,0,0,0,42.8,47.1,49.5,0.30,0.38,0.43
NBRA,2019-11-08 01:55:00 EST,41.82792,-74.99689,1497,24.2,24.5,19.1,83.3,19.8,0.000,0.000,0.00,0.000,3.9,6.8,1.0,307,15,3.9,7.7,1.1,306,14,3.9,7.7,1.1,306,14,0,28.43,0.0,0,0,0,42.7,47.1,49.5,0.30,0.38,0.43
NBRA,2019-11-08 02:00:00 EST,41.82792,-74.99689,1497,24.4,24.6,20.0,83.0,20.0,0.000,0.000,0.00,0.000,3.4,5.7,1.1,308,9,3.5,5.6,1.1,308,8,3.5,5.6,1.1,308,8,0,28.43,0.0,0,0,0,42.6,47.1,49.5,0.30,0.38,0.43
NBRA,2019-11-08 02:05:00 EST,41.82792,-74.99689,1497,24.1,24.3,19.8,84.0,19.9,0.000,0.000,0.00,0.000,3.3,5.9,1.0,315,13,3.4,6.0,1.2,312,12,3.4,6.0,1.2,312,12,0,28.43,0.1,0,0,0,42.6,47.1,49.5,0.30,0.38,0.43
NBRA,2019-11-08 02:10:00 EST,41.82792,-74.99689,1497,24.0,24.3,20.0,84.7,20.1,0.000,0.000,0.00,0.000,3.2,6.6,1.0,312,13,3.2,6.2,1.1,311,12,3.2,6.2,1.1,311,12,0,28.43,0.0,0,0,0,42.6,47.1,49.5,0.30,0.38,0.43
NBRA,2019-11-08 02:15:00 EST,41.82792,-74.99689,1497,23.6,24.2,23.6,85.5,19.9,0.000,0.000,0.00,0.000,2.2,3.7,0.6,341,18,2.6,4.0,0.6,337,17,2.6,4.0,0.6,337,17,0,28.43,-0.0,0,0,0,42.6,47.1,49.5,0.30,0.38,0.43
NBRA,2019-11-08 02:20:00 EST,41.82792,-74.99689,1497,23.2,24.1,19.1,85.9,19.7,0.000,0.000,0.00,0.000,2.6,5.0,0.9,354,14,3.2,6.0,1.1,352,13,3.2,6.0,1.1,352,13,0,28.43,0.1,0,0,0,42.5,47.1,49.5,0.30,0.38,0.43
NBRA,2019-11-08 02:25:00 EST,41.82792,-74.99689,1497,23.5,24.0,19.0,85.7,19.9,0.000,0.000,0.00,0.000,2.8,5.5,1.0,359,13,3.5,6.6,1.2,355,12,3.5,6.6,1.2,355,12,0,28.42,0.1,0,0,0,42.4,47.1,49.5,0.30,0.40,0.43
NBRA,2019-11-08 02:30:00 EST,41.82792,-74.99689,1497,23.5,24.0,19.2,85.8,19.8,0.000,0.000,0.00,0.000,2.7,5.8,0.8,356,23,3.3,7.0,1.2,353,18,3.3,7.0,1.2,353,18,0,28.42,-0.1,0,0,0,42.4,47.1,49.5,0.30,0.40,0.43
NBRA,2019-11-08 02:35:00 EST,41.82792,-74.99689,1497,23.2,23.8,23.2,85.9,19.6,0.000,0.000,0.00,0.000,2.7,4.5,0.5,325,27,3.0,5.5,0.8,324,27,3.0,5.5,0.8,324,27,0,28.42,-0.1,0,0,0,42.4,47.1,49.5,0.30,0.40,0.43
NBRA,2019-11-08 02:40:00 EST,41.82792,-74.99689,1497,23.3,23.8,17.5,86.5,19.8,0.000,0.000,0.00,0.000,4.2,7.0,1.2,306,15,4.4,7.9,1.2,305,15,4.4,7.9,1.2,305,15,0,28.42,-0.0,0,0,0,42.4,47.1,49.5,0.30,0.40,0.43
NBRA,2019-11-08 02:45:00 EST,41.82792,-74.99689,1497,23.2,23.9,17.8,85.8,19.6,0.000,0.000,0.00,0.000,3.8,6.1,0.7,309,15,4.1,6.8,1.0,306,13,4.1,6.8,1.0,306,13,0,28.42,0.0,0,0,0,42.4,47.1,49.5,0.30,0.40,0.43
NBRA,2019-11-08 02:50:00 EST,41.82792,-74.99689,1497,23.2,23.8,17.3,86.0,19.7,0.000,0.000,0.00,0.000,4.3,6.0,0.7,305,13,4.5,6.9,0.9,302,13,4.5,6.9,0.9,302,13,0,28.42,0.1,0,0,0,42.4,47.1,49.5,0.30,0.40,0.43
NBRA,2019-11-08 02:55:00 EST,41.82792,-74.99689,1497,23.3,23.8,18.3,86.0,19.7,0.000,0.000,0.00,0.000,3.6,5.0,0.6,306,16,3.7,5.7,0.7,305,14,3.7,5.7,0.7,305,14,0,28.42,-0.1,0,0,0,42.4,47.1,49.5,0.30,0.40,0.43
NBRA,2019-11-08 03:00:00 EST,41.82792,-74.99689,1497,22.9,23.7,16.6,86.6,19.5,0.000,0.000,0.00,0.000,4.4,6.8,0.9,295,11,4.8,7.3,1.1,294,11,4.8,7.3,1.1,294,11,0,28.42,0.0,0,0,0,42.3,47.1,49.5,0.30,0.40,0.43
NBRA,2019-11-08 03:05:00 EST,41.82792,-74.99689,1497,23.2,23.6,16.7,86.4,19.8,0.000,0.000,0.00,0.000,4.9,6.7,0.8,304,10,5.1,7.8,0.8,302,9,5.1,7.8,0.8,302,9,0,28.42,-0.1,0,0,0,42.3,47.1,49.5,0.30,0.40,0.43
NBRA,2019-11-08 03:10:00 EST,41.82792,-74.99689,1497,22.4,23.4,15.8,87.0,19.1,0.000,0.000,0.00,0.000,4.7,6.2,0.7,298,7,5.0,7.1,0.8,296,7,5.0,7.1,0.8,296,7,0,28.42,-0.0,0,0,0,42.3,47.1,49.5,0.30,0.40,0.43
NBRA,2019-11-08 03:15:00 EST,41.82792,-74.99689,1497,22.6,23.4,16.9,87.9,19.6,0.000,0.000,0.00,0.000,4.1,5.9,0.7,302,7,4.3,5.9,0.8,302,7,4.3,5.9,0.8,302,7,0,28.42,0.0,0,0,0,42.3,47.1,49.5,0.30,0.40,0.43
NBRA,2019-11-08 03:20:00 EST,41.82792,-74.99689,1497,22.6,23.4,17.0,88.0,19.6,0.000,0.000,0.00,0.000,4.0,5.8,0.6,302,10,4.3,6.0,0.6,300,10,4.3,6.0,0.6,300,10,0,28.42,-0.1,0,0,0,42.1,47.1,49.5,0.30,0.40,0.43
NBRA,2019-11-08 03:25:00 EST,41.82792,-74.99689,1497,22.7,23.3,16.8,88.5,19.8,0.000,0.000,0.00,0.000,4.3,6.3,0.7,306,11,4.5,6.7,0.9,305,10,4.5,6.7,0.9,305,10,0,28.42,0.1,0,0,0,42.1,47.1,49.5,0.30,0.38,0.43
NBRA,2019-11-08 03:30:00 EST,41.82792,-74.99689,1497,22.9,23.3,18.1,88.1,19.9,0.000,0.000,0.00,0.000,3.4,7.6,1.2,319,15,3.6,8.6,1.3,318,15,3.6,8.6,1.3,318,15,0,28.42,0.0,0,0,0,42.1,47.0,49.5,0.30,0.38,0.43
NBRA,2019-11-08 03:35:00 EST,41.82792,-74.99689,1497,23.0,23.2,17.4,87.8,20.0,0.000,0.000,0.00,0.000,4.3,6.6,1.2,318,9,4.2,6.4,1.2,317,7,4.2,6.4,1.2,317,7,0,28.42,0.0,0,0,0,42.1,46.9,49.5,0.30,0.38,0.43
NBRA,2019-11-08 03:40:00 EST,41.82792,-74.99689,1497,22.9,23.2,17.0,87.2,19.7,0.000,0.000,0.00,0.000,4.4,7.9,1.2,321,14,4.5,7.2,1.2,319,13,4.5,7.2,1.2,319,13,0,28.43,0.0,0,0,0,42.1,46.9,49.5,0.30,0.38,0.43
NBRA,2019-11-08 03:45:00 EST,41.82792,-74.99689,1497,23.0,23.3,16.3,87.3,19.8,0.000,0.000,0.00,0.000,5.0,7.8,1.1,323,13,5.2,8.8,1.3,321,11,5.2,8.8,1.3,321,11,0,28.43,0.0,0,0,0,42.1,46.9,49.5,0.30,0.38,0.43
NBRA,2019-11-08 03:50:00 EST,41.82792,-74.99689,1497,23.2,23.4,16.1,86.6,19.8,0.000,0.000,0.00,0.000,5.4,9.5,1.3,324,14,5.6,11.8,1.3,321,13,5.6,11.8,1.3,321,13,0,28.42,0.1,0,0,0,41.9,46.9,49.5,0.30,0.38,0.43
NBRA,2019-11-08 03:55:00 EST,41.82792,-74.99689,1497,23.5,23.7,15.8,85.5,19.8,0.000,0.000,0.00,0.000,6.1,9.4,1.3,317,14,6.3,9.9,1.5,315,13,6.3,9.9,1.5,315,13,0,28.42,0.1,0,0,0,41.9,46.9,49.5,0.30,0.38,0.43
NBRA,2019-11-08 04:00:00 EST,41.82792,-74.99689,1497,23.7,23.7,17.8,85.3,19.9,0.000,0.000,0.00,0.000,4.4,8.0,1.2,311,12,4.6,8.4,1.3,311,12,4.6,8.4,1.3,311,12,0,28.42,0.1,0,0,0,41.9,46.9,49.5,0.30,0.38,0.43
NBRA,2019-11-08 04:05:00 EST,41.82792,-74.99689,1497,23.7,23.8,19.7,85.4,20.0,0.000,0.000,0.00,0.000,2.8,5.9,1.2,331,20,3.2,6.1,1.0,328,20,3.2,6.1,1.0,328,20,0,28.42,-0.0,0,0,0,41.9,46.9,49.5,0.30,0.38,0.43
NBRA,2019-11-08 04:10:00 EST,41.82792,-74.99689,1497,23.4,23.7,19.4,86.1,19.9,0.000,0.000,0.00,0.000,2.9,5.1,0.9,319,18,3.2,6.8,1.1,317,17,3.2,6.8,1.1,317,17,0,28.42,0.0,0,0,0,41.9,46.9,49.5,0.30,0.38,0.43
NBRA,2019-11-08 04:15:00 EST,41.82792,-74.99689,1497,23.5,23.7,18.3,86.2,20.0,0.000,0.000,0.00,0.000,3.9,6.6,1.0,312,13,4.0,6.0,1.0,311,11,4.0,6.0,1.0,311,11,0,28.43,0.1,0,0,0,41.9,46.9,49.5,0.30,0.38,0.43
NBRA,2019-11-08 04:20:00 EST,41.82792,-74.99689,1497,23.7,23.7,18.0,86.4,20.3,0.000,0.000,0.00,0.000,4.4,6.4,0.9,309,13,4.5,7.4,1.1,307,12,4.5,7.4,1.1,307,12,0,28.43,0.1,0,0,0,41.7,46.9,49.4,0.30,0.38,0.43
NBRA,2019-11-08 04:25:00 EST,41.82792,-74.99689,1497,23.8,23.8,19.9,86.8,20.5,0.000,0.000,0.00,0.000,2.9,4.7,0.8,310,16,3.1,5.9,1.0,310,14,3.1,5.9,1.0,310,14,0,28.42,0.1,0,0,0,41.7,46.9,49.5,0.30,0.38,0.43
NBRA,2019-11-08 04:30:00 EST,41.82792,-74.99689,1497,24.0,23.9,18.8,87.6,20.9,0.000,0.000,0.00,0.000,3.9,6.5,1.0,318,14,4.0,7.3,1.1,317,13,4.0,7.3,1.1,317,13,0,28.43,0.1,0,0,0,41.7,46.9,49.4,0.30,0.38,0.43
NBRA,2019-11-08 04:35:00 EST,41.82792,-74.99689,1497,24.1,24.0,19.1,87.7,20.9,0.000,0.000,0.00,0.000,3.6,6.2,1.2,302,20,3.9,7.6,1.4,300,20,3.9,7.6,1.4,300,20,0,28.43,0.1,0,0,0,41.7,46.9,49.4,0.30,0.38,0.43
NBRA,2019-11-08 04:40:00 EST,41.82792,-74.99689,1497,24.1,23.9,19.7,88.5,21.2,0.000,0.000,0.00,0.000,3.1,5.8,1.2,312,26,3.4,7.0,1.3,311,27,3.4,7.0,1.3,311,27,0,28.43,0.1,0,0,0,41.7,46.9,49.4,0.30,0.38,0.43
NBRA,2019-11-08 04:45:00 EST,41.82792,-74.99689,1497,24.1,24.0,20.3,89.2,21.4,0.000,0.000,0.00,0.000,2.5,5.3,1.1,327,21,3.1,6.9,1.3,325,21,3.1,6.9,1.3,325,21,0,28.42,0.1,0,0,0,41.7,46.9,49.4,0.30,0.38,0.43
NBRA,2019-11-08 04:50:00 EST,41.82792,-74.99689,1497,24.1,24.0,19.5,89.3,21.4,0.000,0.000,0.00,0.000,3.2,5.7,1.1,325,25,3.6,7.2,1.2,324,25,3.6,7.2,1.2,324,25,0,28.43,0.1,0,0,0,41.6,46.9,49.4,0.30,0.38,0.43
NBRA,2019-11-08 04:55:00 EST,41.82792,-74.99689,1497,24.3,24.2,19.3,89.5,21.6,0.000,0.000,0.00,0.000,3.4,6.2,1.2,340,26,3.9,8.1,1.6,338,25,3.9,8.1,1.6,338,25,0,28.43,0.1,0,0,0,41.5,46.9,49.4,0.30,0.38,0.43
NBRA,2019-11-08 05:00:00 EST,41.82792,-74.99689,1497,24.5,24.4,19.0,89.4,21.8,0.000,0.000,0.00,0.000,3.8,9.2,2.5,319,24,4.3,12.0,2.5,319,23,4.3,12.0,2.5,319,23,0,28.43,0.1,0,0,0,41.5,46.8,49.4,0.30,0.38,0.43
NBRA,2019-11-08 05:05:00 EST,41.82792,-74.99689,1497,24.8,24.7,17.3,89.3,22.1,0.000,0.000,0.00,0.000,5.7,12.7,2.5,304,24,6.4,14.5,3.0,302,24,6.4,14.5,3.0,302,24,0,28.43,0.1,0,0,0,41.5,46.8,49.3,0.30,0.38,0.43
NBRA,2019-11-08 05:10:00 EST,41.82792,-74.99689,1497,24.7,24.7,19.3,89.0,22.0,0.000,0.000,0.00,0.000,3.9,7.0,1.1,327,19,4.3,7.2,1.3,326,18,4.3,7.2,1.3,326,18,0,28.43,0.1,0,0,0,41.5,46.8,49.3,0.30,0.38,0.43
NBRA,2019-11-08 05:15:00 EST,41.82792,-74.99689,1497,24.7,24.7,18.4,89.0,21.9,0.000,0.000,0.00,0.000,4.7,8.0,1.3,309,16,5.1,9.4,1.7,307,16,5.1,9.4,1.7,307,16,0,28.43,0.1,0,0,0,41.5,46.8,49.3,0.30,0.38,0.42
NBRA,2019-11-08 05:20:00 EST,41.82792,-74.99689,1497,24.7,24.7,18.5,88.9,21.8,0.000,0.000,0.00,0.000,4.5,7.4,1.2,314,21,5.0,8.3,1.2,314,20,5.0,8.3,1.2,314,20,0,28.43,0.1,0,0,0,41.5,46.8,49.3,0.30,0.38,0.42
NBRA,2019-11-08 05:25:00 EST,41.82792,-74.99689,1497,24.6,24.7,20.7,89.1,21.9,0.000,0.000,0.00,0.000,2.8,5.3,1.4,328,17,3.2,5.4,1.3,325,19,3.2,5.4,1.3,325,19,0,28.43,0.1,0,0,0,41.4,46.8,49.3,0.30,0.38,0.42
NBRA,2019-11-08 05:30:00 EST,41.82792,-74.99689,1497,24.8,24.8,19.2,89.2,22.1,0.000,0.000,0.00,0.000,4.1,7.5,1.1,300,20,4.5,9.1,1.6,298,21,4.5,9.1,1.6,298,21,0,28.43,0.1,0,0,0,41.4,46.8,49.3,0.30,0.38,0.42
NBRA,2019-11-08 05:35:00 EST,41.82792,-74.99689,1497,24.6,24.7,24.6,89.0,21.9,0.000,0.000,0.00,0.000,2.6,4.5,0.8,298,21,2.9,5.9,1.0,296,18,2.9,5.9,1.0,296,18,0,28.43,0.0,0,0,0,41.4,46.8,49.3,0.30,0.38,0.42
NBRA,2019-11-08 05:40:00 EST,41.82792,-74.99689,1497,24.2,24.5,24.2,89.5,21.6,0.000,0.000,0.00,0.000,2.4,4.6,0.8,342,15,2.9,5.7,0.9,340,14,2.9,5.7,0.9,340,14,0,28.44,0.1,0,0,0,41.4,46.8,49.3,0.30,0.38,0.42
NBRA,2019-11-08 05:45:00 EST,41.82792,-74.99689,1497,24.5,24.6,24.5,90.4,22.1,0.000,0.000,0.00,0.000,1.9,4.0,1.1,337,21,2.4,4.9,1.2,335,21,2.4,4.9,1.2,335,21,0,28.44,0.1,0,0,0,41.4,46.8,49.3,0.30,0.38,0.42
NBRA,2019-11-08 05:50:00 EST,41.82792,-74.99689,1497,24.6,24.6,24.6,90.4,22.2,0.000,0.000,0.00,0.000,1.2,2.7,0.7,18,31,1.6,3.8,0.8,17,35,1.6,3.8,0.8,17,35,0,28.44,0.1,0,0,0,41.4,46.8,49.3,0.30,0.38,0.42
NBRA,2019-11-08 05:55:00 EST,41.82792,-74.99689,1497,24.8,24.7,24.8,89.9,22.2,0.000,0.000,0.00,0.000,2.4,4.5,1.0,331,25,2.7,4.6,0.9,328,26,2.7,4.6,0.9,328,26,0,28.44,0.1,0,0,0,41.4,46.8,49.3,0.30,0.38,0.42
NBRA,2019-11-08 06:00:00 EST,41.82792,-74.99689,1497,24.9,24.9,24.9,89.0,22.1,0.000,0.000,0.00,0.000,1.9,4.2,1.0,330,35,2.5,5.8,1.0,327,34,2.5,5.8,1.0,327,34,0,28.44,0.1,0,0,0,41.4,46.8,49.3,0.30,0.39,0.42
NBRA,2019-11-08 06:05:00 EST,41.82792,-74.99689,1497,25.0,25.0,25.0,88.6,22.1,0.000,0.000,0.00,0.000,2.1,7.7,1.5,314,35,2.7,9.7,1.6,314,32,2.7,9.7,1.6,314,32,0,28.44,0.1,0,0,0,41.3,46.8,49.3,0.30,0.38,0.42
NBRA,2019-11-08 06:10:00 EST,41.82792,-74.99689,1497,25.3,25.3,17.8,85.5,21.5,0.000,0.000,0.00,0.000,6.0,11.0,1.9,318,21,6.5,11.2,2.0,317,18,6.5,11.2,2.0,317,18,0,28.44,0.1,0,0,0,41.2,46.8,49.3,0.30,0.38,0.42
NBRA,2019-11-08 06:15:00 EST,41.82792,-74.99689,1497,25.3,25.3,19.8,83.9,21.1,0.000,0.000,0.00,0.000,4.1,8.3,1.4,315,22,4.5,10.2,1.6,314,19,4.5,10.2,1.6,314,19,0,28.45,0.1,0,0,0,41.2,46.8,49.3,0.30,0.38,0.42
NBRA,2019-11-08 06:20:00 EST,41.82792,-74.99689,1497,25.3,25.3,18.7,84.3,21.3,0.000,0.000,0.00,0.000,4.9,7.7,1.4,325,28,5.5,9.1,1.5,325,27,5.5,9.1,1.5,325,27,0,28.45,0.1,0,0,0,41.2,46.8,49.3,0.30,0.38,0.42
NBRA,2019-11-08 06:25:00 EST,41.82792,-74.99689,1497,25.3,25.3,18.4,84.9,21.4,0.000,0.000,0.00,0.000,5.4,10.7,2.1,317,25,5.8,11.1,1.9,315,25,5.8,11.1,1.9,315,25,0,28.45,0.1,0,0,0,41.2,46.7,49.3,0.30,0.38,0.42
NBRA,2019-11-08 06:30:00 EST,41.82792,-74.99689,1497,25.3,25.2,21.3,85.8,21.6,0.000,0.000,0.00,0.000,2.8,4.7,1.1,324,25,3.3,7.0,1.3,322,26,3.3,7.0,1.3,322,26,0,28.45,0.1,0,0,0,41.2,46.6,49.3,0.30,0.38,0.42
NBRA,2019-11-08 06:35:00 EST,41.82792,-74.99689,1497,25.2,25.1,18.8,87.0,21.9,0.006,0.006,0.00,0.006,4.7,12.0,2.2,318,25,5.3,12.6,2.2,316,24,5.3,12.6,2.2,316,24,1,28.45,0.0,0,0,0,41.2,46.6,49.3,0.30,0.38,0.42
NBRA,2019-11-08 06:40:00 EST,41.82792,-74.99689,1497,25.1,25.0,18.0,88.6,22.2,0.003,0.009,0.00,0.009,5.6,9.7,1.6,322,18,6.0,11.2,1.7,318,17,6.0,11.2,1.7,318,17,1,28.46,0.0,0,0,0,41.2,46.6,49.3,0.30,0.38,0.42
NBRA,2019-11-08 06:45:00 EST,41.82792,-74.99689,1497,25.0,24.9,16.5,90.2,22.5,0.001,0.010,0.00,0.010,7.2,14.7,2.3,316,20,7.8,16.3,2.6,313,20,7.8,16.3,2.6,313,20,4,28.46,0.0,0,0,0,41.2,46.6,49.3,0.30,0.38,0.42
NBRA,2019-11-08 06:50:00 EST,41.82792,-74.99689,1497,24.9,24.8,16.3,90.6,22.5,0.004,0.014,0.00,0.014,7.8,15.3,2.4,319,16,7.9,14.5,2.4,319,15,7.9,14.5,2.4,319,15,8,28.46,0.1,0,0,0,41.1,46.6,49.3,0.30,0.38,0.42
NBRA,2019-11-08 06:55:00 EST,41.82792,-74.99689,1497,24.8,24.8,16.2,90.1,22.4,0.001,0.015,0.00,0.015,7.6,12.0,1.9,326,16,7.9,12.7,2.0,325,16,7.9,12.7,2.0,325,16,12,28.47,0.0,0,0,0,41.1,46.6,49.3,0.30,0.38,0.43
NBRA,2019-11-08 07:00:00 EST,41.82792,-74.99689,1497,25.0,25.0,15.3,86.2,21.4,0.000,0.015,0.00,0.015,9.3,14.8,2.6,325,14,9.5,17.2,2.7,324,13,9.5,17.2,2.7,324,13,17,28.47,0.0,0,0,0,41.0,46.6,49.3,0.30,0.38,0.42
NBRA,2019-11-08 07:05:00 EST,41.82792,-74.99689,1497,25.1,25.2,14.9,80.5,19.9,0.000,0.015,0.00,0.015,10.1,16.1,2.9,329,15,10.5,17.6,3.1,328,16,10.5,17.6,3.1,328,16,21,28.47,0.0,0,0,0,41.0,46.6,49.3,0.30,0.38,0.43
NBRA,2019-11-08 07:10:00 EST,41.82792,-74.99689,1497,25.2,25.3,15.2,74.7,18.3,0.000,0.015,0.00,0.015,10.1,19.1,3.5,320,16,10.1,19.4,3.3,319,16,10.1,19.4,3.3,319,16,25,28.47,-0.0,0,0,0,41.0,46.6,49.3,0.30,0.38,0.43
NBRA,2019-11-08 07:15:00 EST,41.82792,-74.99689,1497,25.1,25.3,15.2,73.8,17.9,0.000,0.015,0.00,0.015,9.2,17.5,3.1,330,20,9.9,18.0,3.2,330,17,9.9,18.0,3.2,330,17,47,28.47,0.0,0,0,0,41.0,46.6,49.3,0.30,0.38,0.43
NBRA,2019-11-08 07:20:00 EST,41.82792,-74.99689,1497,25.3,25.4,15.2,71.1,17.2,0.000,0.015,0.00,0.015,9.8,17.2,2.8,329,18,10.4,19.1,2.8,330,16,10.4,19.1,2.8,330,16,53,28.48,-0.0,0,0,0,41.0,46.6,49.3,0.30,0.38,0.43
NBRA,2019-11-08 07:25:00 EST,41.82792,-74.99689,1497,25.3,25.4,14.2,70.4,17.0,0.000,0.015,0.00,0.015,12.0,20.2,2.9,326,16,12.3,23.1,3.1,325,15,12.3,23.1,3.1,325,15,76,28.48,0.0,0,0,0,41.0,46.6,49.3,0.30,0.38,0.43
NBRA,2019-11-08 07:30:00 EST,41.82792,-74.99689,1497,25.5,25.5,15.4,69.1,16.8,0.000,0.015,0.00,0.015,9.8,16.3,2.7,327,22,10.4,19.5,2.9,327,21,10.4,19.5,2.9,327,21,117,28.48,0.0,0,0,0,41.0,46.6,49.3,0.30,0.38,0.43
NBRA,2019-11-08 07:35:00 EST,41.82792,-74.99689,1497,25.5,25.5,15.6,69.7,17.0,0.000,0.015,0.00,0.009,9.8,14.8,2.0,330,14,10.1,15.9,2.3,331,12,10.1,15.9,2.3,331,12,133,28.48,0.0,0,0,0,41.0,46.5,49.3,0.30,0.38,0.43
NBRA,2019-11-08 07:40:00 EST,41.82792,-74.99689,1497,25.3,25.3,16.0,70.8,17.2,0.000,0.015,0.00,0.006,8.4,17.2,2.6,317,21,9.1,17.8,2.9,315,20,9.1,17.8,2.9,315,20,57,28.49,0.0,0,0,0,41.0,46.5,49.3,0.30,0.38,0.43
NBRA,2019-11-08 07:45:00 EST,41.82792,-74.99689,1497,25.1,25.1,15.0,70.9,16.9,0.000,0.015,0.00,0.004,10.0,18.0,2.8,330,16,10.3,17.7,2.5,329,13,10.3,17.7,2.5,329,13,82,28.49,0.0,0,0,0,41.0,46.4,49.3,0.30,0.38,0.43
NBRA,2019-11-08 07:50:00 EST,41.82792,-74.99689,1497,25.0,25.0,15.6,71.1,17.0,0.000,0.015,0.00,0.001,8.7,13.1,1.9,329,18,9.1,13.2,2.0,327,14,9.1,13.2,2.0,327,14,66,28.49,0.0,0,0,0,41.0,46.4,49.3,0.30,0.38,0.43
NBRA,2019-11-08 07:55:00 EST,41.82792,-74.99689,1497,24.9,24.9,15.5,71.0,16.9,0.000,0.015,0.00,0.000,8.7,14.1,2.4,325,22,9.2,16.7,2.5,324,18,9.2,16.7,2.5,324,18,95,28.50,0.0,0,0,0,41.0,46.4,49.3,0.30,0.38,0.43
NBRA,2019-11-08 08:00:00 EST,41.82792,-74.99689,1497,25.2,25.0,15.0,72.2,17.5,0.000,0.015,0.00,0.000,9.8,16.2,2.9,324,17,10.4,16.5,3.0,323,19,10.4,16.5,3.0,323,19,129,28.50,0.0,0,0,0,41.0,46.4,49.3,0.30,0.38,0.43
NBRA,2019-11-08 08:05:00 EST,41.82792,-74.99689,1497,25.0,24.9,15.0,74.2,18.0,0.000,0.015,0.00,0.000,9.6,17.3,3.1,329,17,10.2,17.1,2.9,328,14,10.2,17.1,2.9,328,14,117,28.50,0.0,0,0,0,40.9,46.4,49.3,0.30,0.38,0.43
NBRA,2019-11-08 08:10:00 EST,41.82792,-74.99689,1497,24.8,24.6,15.1,76.4,18.4,0.000,0.015,0.00,0.000,9.0,14.4,2.0,329,16,9.5,16.2,2.2,330,14,9.5,16.2,2.2,330,14,73,28.50,0.0,0,0,0,40.9,46.4,49.3,0.30,0.38,0.43
NBRA,2019-11-08 08:15:00 EST,41.82792,-74.99689,1497,24.8,24.7,15.3,76.4,18.5,0.000,0.015,0.00,0.000,8.9,17.4,2.5,324,16,9.2,17.2,2.4,324,16,9.2,17.2,2.4,324,16,149,28.50,0.0,0,0,0,40.8,46.4,49.3,0.30,0.38,0.43
NBRA,2019-11-08 08:20:00 EST,41.82792,-74.99689,1497,25.1,24.9,15.7,74.5,18.1,0.000,0.015,0.00,0.000,8.5,13.5,2.3,326,19,9.0,17.4,2.4,327,18,9.0,17.4,2.4,327,18,168,28.50,0.1,0,0,0,40.8,46.4,49.3,0.30,0.38,0.43
NBRA,2019-11-08 08:25:00 EST,41.82792,-74.99689,1497,25.2,24.9,15.4,74.9,18.3,0.000,0.015,0.00,0.000,9.1,13.0,1.7,338,16,9.9,18.7,2.1,337,13,9.9,18.7,2.1,337,13,127,28.51,0.0,0,0,0,40.8,46.4,49.3,0.30,0.38,0.43
NBRA,2019-11-08 08:30:00 EST,41.82792,-74.99689,1497,24.8,24.6,14.5,77.7,18.9,0.000,0.015,0.00,0.000,10.0,14.6,2.2,333,17,10.6,18.0,2.6,333,14,10.6,18.0,2.6,333,14,81,28.51,0.0,0,0,0,40.8,46.4,49.3,0.30,0.38,0.43
NBRA,2019-11-08 08:35:00 EST,41.82792,-74.99689,1497,24.9,24.6,15.4,77.5,18.9,0.000,0.015,0.00,0.000,8.7,17.8,3.3,330,20,9.2,17.9,3.3,330,18,9.2,17.9,3.3,330,18,275,28.51,0.1,0,0,0,40.8,46.4,49.3,0.30,0.38,0.43
NBRA,2019-11-08 08:40:00 EST,41.82792,-74.99689,1497,25.5,25.2,17.8,74.4,18.5,0.000,0.015,0.00,0.000,6.1,11.8,2.2,337,23,6.9,13.0,2.3,337,19,6.9,13.0,2.3,337,19,337,28.51,0.0,0,0,0,40.8,46.4,49.2,0.30,0.38,0.43
NBRA,2019-11-08 08:45:00 EST,41.82792,-74.99689,1497,25.8,25.4,16.7,72.6,18.2,0.000,0.015,0.00,0.000,8.1,14.9,2.5,335,15,8.8,17.5,2.9,335,13,8.8,17.5,2.9,335,13,218,28.51,0.0,0,0,0,40.8,46.4,49.3,0.29,0.38,0.43
NBRA,2019-11-08 08:50:00 EST,41.82792,-74.99689,1497,25.5,25.1,15.6,71.4,17.5,0.000,0.015,0.00,0.000,9.5,17.6,3.2,318,18,10.0,20.7,3.2,316,19,10.0,20.7,3.2,316,19,120,28.51,0.0,0,0,0,40.8,46.3,49.2,0.30,0.38,0.43
NBRA,2019-11-08 08:55:00 EST,41.82792,-74.99689,1497,25.2,25.0,13.9,70.1,16.8,0.000,0.015,0.00,0.000,12.1,25.1,5.1,324,18,12.7,26.3,5.2,322,16,12.7,26.3,5.2,322,16,88,28.51,0.1,0,0,0,40.8,46.4,49.2,0.30,0.38,0.43
NBRA,2019-11-08 09:00:00 EST,41.82792,-74.99689,1497,25.2,24.9,14.6,70.6,17.0,0.000,0.015,0.00,0.000,10.7,19.1,3.1,316,25,11.3,20.0,3.3,315,24,11.3,20.0,3.3,315,24,116,28.51,0.0,0,0,0,40.8,46.4,49.2,0.29,0.38,0.43
NBRA,2019-11-08 09:05:00 EST,41.82792,-74.99689,1497,25.1,24.8,14.6,70.4,16.8,0.000,0.015,0.00,0.000,10.6,19.1,3.5,317,21,11.0,20.3,3.6,317,20,11.0,20.3,3.6,317,20,100,28.51,0.0,0,0,0,40.8,46.0,49.1,0.29,0.38,0.43
NBRA,2019-11-08 09:10:00 EST,41.82792,-74.99689,1497,25.1,24.8,15.2,71.6,17.2,0.000,0.015,0.00,0.000,9.3,15.3,2.3,336,15,10.1,17.8,2.4,335,16,10.1,17.8,2.4,335,16,137,28.51,0.0,0,0,0,40.7,46.0,49.1,0.29,0.38,0.43
NBRA,2019-11-08 09:15:00 EST,41.82792,-74.99689,1497,25.1,24.8,14.5,71.4,17.2,0.000,0.015,0.00,0.000,10.6,18.4,3.5,328,20,11.3,19.1,3.5,326,19,11.3,19.1,3.5,326,19,125,28.51,-0.0,0,0,0,40.7,46.0,49.1,0.29,0.38,0.43
NBRA,2019-11-08 09:20:00 EST,41.82792,-74.99689,1497,25.4,25.1,16.8,71.2,17.3,0.000,0.015,0.00,0.000,7.2,12.6,2.2,321,26,7.9,14.0,2.2,321,23,7.9,14.0,2.2,321,23,319,28.51,0.1,0,0,0,40.7,46.0,49.1,0.29,0.38,0.43
NBRA,2019-11-08 09:25:00 EST,41.82792,-74.99689,1497,25.9,25.4,16.1,68.7,17.0,0.000,0.015,0.00,0.000,9.4,18.6,3.1,330,20,10.1,18.7,3.2,329,20,10.1,18.7,3.2,329,20,322,28.51,0.1,0,0,0,40.6,46.0,49.1,0.29,0.38,0.43
NBRA,2019-11-08 09:30:00 EST,41.82792,-74.99689,1497,25.8,25.3,14.8,68.3,16.8,0.000,0.015,0.00,0.000,11.8,18.1,2.9,335,17,12.3,20.0,3.0,337,15,12.3,20.0,3.0,337,15,263,28.51,0.0,0,0,0,40.6,46.0,49.1,0.29,0.38,0.43
NBRA,2019-11-08 09:35:00 EST,41.82792,-74.99689,1497,25.3,24.9,14.6,71.5,17.4,0.000,0.015,0.00,0.000,10.8,17.0,2.7,328,17,11.4,18.7,2.8,328,17,11.4,18.7,2.8,328,17,102,28.52,-0.1,0,0,0,40.6,46.0,49.1,0.29,0.38,0.43
NBRA,2019-11-08 09:40:00 EST,41.82792,-74.99689,1497,23.6,23.2,11.9,84.8,19.7,0.009,0.024,0.00,0.009,11.7,18.4,2.9,336,18,12.6,19.7,3.3,335,16,12.6,19.7,3.3,335,16,60,28.52,0.1,0,0,0,40.6,46.0,49.1,0.29,0.38,0.43
NBRA,2019-11-08 09:45:00 EST,41.82792,-74.99689,1497,22.9,22.6,11.4,89.6,20.4,0.004,0.027,0.00,0.013,11.4,19.9,3.1,321,18,12.1,21.4,3.2,321,18,12.1,21.4,3.2,321,18,90,28.52,0.0,0,0,0,40.6,46.0,49.1,0.29,0.38,0.43
NBRA,2019-11-08 09:50:00 EST,41.82792,-74.99689,1497,23.3,22.9,12.5,88.2,20.3,0.001,0.028,0.00,0.013,10.6,16.7,2.4,324,13,10.8,15.9,2.2,323,13,10.8,15.9,2.2,323,13,196,28.52,-0.0,0,0,0,40.6,46.0,49.1,0.29,0.38,0.43
NBRA,2019-11-08 09:55:00 EST,41.82792,-74.99689,1497,23.8,23.5,16.2,86.3,20.3,0.000,0.028,0.00,0.013,6.0,12.9,2.6,323,16,6.4,14.4,2.4,323,15,6.4,14.4,2.4,323,15,198,28.52,0.1,0,0,0,40.6,46.0,49.1,0.29,0.38,0.43
NBRA,2019-11-08 10:00:00 EST,41.82792,-74.99689,1497,24.4,23.9,15.8,84.8,20.5,0.000,0.028,0.00,0.013,7.1,13.1,2.1,335,16,7.7,14.3,2.4,336,14,7.7,14.3,2.4,336,14,273,28.53,-0.0,0,0,0,40.6,46.0,49.1,0.29,0.38,0.43
NBRA,2019-11-08 10:05:00 EST,41.82792,-74.99689,1497,24.6,24.2,16.2,83.3,20.3,0.000,0.028,0.00,0.013,7.0,10.9,1.5,334,18,7.6,11.6,1.6,333,17,7.6,11.6,1.6,333,17,356,28.53,0.0,0,0,0,40.6,46.0,49.1,0.29,0.38,0.43
NBRA,2019-11-08 10:10:00 EST,41.82792,-74.99689,1497,25.0,24.5,17.3,83.2,20.6,0.000,0.028,0.00,0.013,6.2,12.9,1.9,342,21,6.8,13.0,2.0,341,16,6.8,13.0,2.0,341,16,287,28.53,0.1,0,0,0,40.6,46.0,49.1,0.29,0.38,0.43
NBRA,2019-11-08 10:15:00 EST,41.82792,-74.99689,1497,24.7,24.2,14.0,81.3,19.7,0.000,0.028,0.00,0.013,10.5,22.7,3.8,334,12,11.2,25.1,4.3,335,14,11.2,25.1,4.3,335,14,222,28.53,0.1,0,0,0,40.6,46.0,49.1,0.29,0.38,0.43
NBRA,2019-11-08 10:20:00 EST,41.82792,-74.99689,1497,24.8,24.3,13.5,79.8,19.5,0.000,0.028,0.00,0.013,11.8,20.5,3.7,337,17,12.5,24.4,4.2,338,16,12.5,24.4,4.2,338,16,260,28.53,0.1,0,0,0,40.6,46.0,49.1,0.29,0.38,0.43
NBRA,2019-11-08 10:25:00 EST,41.82792,-74.99689,1497,25.0,24.5,13.9,73.9,17.8,0.000,0.028,0.00,0.013,11.6,20.3,3.9,329,19,12.0,20.8,3.6,329,16,12.0,20.8,3.6,329,16,287,28.53,0.1,0,0,0,40.6,45.9,49.1,0.29,0.38,0.43
NBRA,2019-11-08 10:30:00 EST,41.82792,-74.99689,1497,25.5,25.1,14.4,67.8,16.3,0.000,0.028,0.00,0.013,11.9,23.9,4.6,327,19,12.5,23.8,4.4,326,17,12.5,23.8,4.4,326,17,432,28.53,0.0,0,0,0,40.6,45.9,49.1,0.29,0.38,0.43
NBRA,2019-11-08 10:35:00 EST,41.82792,-74.99689,1497,25.7,25.2,17.1,64.7,15.4,0.000,0.028,0.00,0.013,7.3,14.8,3.3,331,20,8.0,16.3,3.5,328,17,8.0,16.3,3.5,328,17,328,28.53,0.0,0,0,0,40.6,45.9,49.1,0.29,0.38,0.43
NBRA,2019-11-08 10:40:00 EST,41.82792,-74.99689,1497,26.1,25.5,15.2,62.9,15.2,0.000,0.028,0.00,0.004,11.1,17.3,2.8,341,14,12.3,23.7,3.3,338,15,12.3,23.7,3.3,338,15,541,28.53,0.1,0,0,0,40.6,45.9,49.1,0.29,0.38,0.43
NBRA,2019-11-08 10:45:00 EST,41.82792,-74.99689,1497,26.7,26.0,15.9,62.5,15.6,0.000,0.028,0.00,0.001,11.5,19.2,3.9,332,23,12.4,22.2,3.9,332,20,12.4,22.2,3.9,332,20,406,28.53,0.1,0,0,0,40.6,45.9,49.1,0.29,0.38,0.42
NBRA,2019-11-08 10:50:00 EST,41.82792,-74.99689,1497,26.1,25.5,14.5,61.8,14.8,0.000,0.028,0.00,0.000,13.3,24.0,3.8,333,13,13.9,26.5,4.0,334,13,13.9,26.5,4.0,334,13,299,28.53,0.2,0,0,0,40.6,45.9,49.1,0.29,0.38,0.43
NBRA,2019-11-08 10:55:00 EST,41.82792,-74.99689,1497,26.3,25.7,16.5,62.1,15.1,0.000,0.028,0.00,0.000,9.3,15.1,2.1,329,21,10.2,16.3,2.4,328,16,10.2,16.3,2.4,328,16,355,28.53,0.1,0,0,0,40.6,45.9,49.1,0.29,0.38,0.43
NBRA,2019-11-08 11:00:00 EST,41.82792,-74.99689,1497,26.1,25.7,16.3,60.0,14.1,0.000,0.028,0.00,0.000,9.4,20.0,3.6,324,19,10.0,21.0,3.8,323,19,10.0,21.0,3.8,323,19,250,28.53,0.0,0,0,0,40.6,45.9,49.1,0.29,0.38,0.43
NBRA,2019-11-08 11:05:00 EST,41.82792,-74.99689,1497,26.0,25.6,14.1,57.3,13.0,0.000,0.028,0.00,0.000,14.2,23.5,3.8,330,14,14.7,26.6,3.9,329,14,14.7,26.6,3.9,329,14,433,28.53,0.0,0,0,0,40.6,45.9,49.1,0.29,0.38,0.43
NBRA,2019-11-08 11:10:00 EST,41.82792,-74.99689,1497,26.5,25.9,15.2,57.3,13.4,0.000,0.028,0.00,0.000,12.8,20.4,3.3,327,21,13.3,22.1,3.7,326,22,13.3,22.1,3.7,326,22,445,28.53,0.1,0,0,0,40.6,45.9,49.1,0.29,0.38,0.43
NBRA,2019-11-08 11:15:00 EST,41.82792,-74.99689,1497,26.9,26.1,16.5,59.4,14.6,0.000,0.028,0.00,0.000,11.0,15.9,2.4,326,21,11.6,17.6,2.6,326,17,11.6,17.6,2.6,326,17,541,28.53,0.0,0,0,0,40.6,45.9,49.1,0.29,0.38,0.43
NBRA,2019-11-08 11:20:00 EST,41.82792,-74.99689,1497,26.9,26.3,17.5,61.9,15.6,0.000,0.028,0.00,0.000,8.7,14.5,2.8,346,20,9.9,17.5,3.5,346,16,9.9,17.5,3.5,346,16,410,28.54,0.1,0,0,0,40.6,45.9,49.1,0.29,0.38,0.43
NBRA,2019-11-08 11:25:00 EST,41.82792,-74.99689,1497,26.7,26.0,17.1,63.3,15.9,0.000,0.028,0.00,0.000,8.9,13.2,1.7,352,17,10.1,17.5,2.2,351,15,10.1,17.5,2.2,351,15,395,28.54,0.0,0,0,0,40.6,45.9,49.1,0.29,0.38,0.43
NBRA,2019-11-08 11:30:00 EST,41.82792,-74.99689,1497,25.6,25.1,14.4,64.4,15.3,0.000,0.028,0.00,0.000,11.5,19.4,4.0,346,16,12.8,24.3,4.7,347,12,12.8,24.3,4.7,347,12,416,28.54,0.2,0,0,0,40.6,45.9,49.1,0.29,0.38,0.42
NBRA,2019-11-08 11:35:00 EST,41.82792,-74.99689,1497,26.6,25.8,16.8,66.8,17.1,0.000,0.028,0.00,0.000,9.2,14.5,2.8,348,22,10.5,17.6,3.3,348,19,10.5,17.6,3.3,348,19,571,28.54,0.0,0,0,0,40.6,45.9,49.1,0.29,0.38,0.43
NBRA,2019-11-08 11:40:00 EST,41.82792,-74.99689,1497,25.7,24.9,15.3,68.4,16.7,0.000,0.028,0.00,0.000,9.9,15.6,2.7,343,21,11.1,18.2,3.0,344,14,11.1,18.2,3.0,344,14,237,28.54,-0.0,0,0,0,40.6,45.9,49.1,0.29,0.38,0.42
NBRA,2019-11-08 11:45:00 EST,41.82792,-74.99689,1497,25.0,24.5,13.8,71.9,17.2,0.000,0.028,0.00,0.000,11.1,16.8,2.3,349,17,12.2,20.2,2.9,348,14,12.2,20.2,2.9,348,14,207,28.54,0.0,0,0,0,40.6,45.9,49.1,0.29,0.38,0.42
NBRA,2019-11-08 11:50:00 EST,41.82792,-74.99689,1497,24.9,24.4,13.9,72.4,17.3,0.000,0.028,0.00,0.000,10.5,19.6,2.9,347,17,11.9,20.0,3.3,345,16,11.9,20.0,3.3,345,16,244,28.54,0.1,0,0,0,40.6,45.9,49.1,0.29,0.38,0.42
NBRA,2019-11-08 11:55:00 EST,41.82792,-74.99689,1497,25.1,24.6,14.9,72.0,17.3,0.000,0.028,0.00,0.000,9.7,17.6,2.6,335,20,10.4,21.4,2.9,336,17,10.4,21.4,2.9,336,17,197,28.54,0.0,0,0,0,40.8,45.9,49.1,0.29,0.38,0.42
NBRA,2019-11-08 12:00:00 EST,41.82792,-74.99689,1497,25.2,24.7,15.7,73.3,17.8,0.000,0.028,0.00,0.000,8.6,16.5,2.3,338,14,9.3,19.0,2.8,340,12,9.3,19.0,2.8,340,12,135,28.54,0.0,0,0,0,40.8,45.8,49.0,0.29,0.38,0.42
NBRA,2019-11-08 12:05:00 EST,41.82792,-74.99689,1497,25.1,24.7,16.2,71.7,17.3,0.000,0.028,0.00,0.000,7.8,18.0,3.3,327,18,8.4,18.5,3.5,324,18,8.4,18.5,3.5,324,18,209,28.53,0.1,0,0,0,40.8,45.8,49.0,0.29,0.39,0.42
NBRA,2019-11-08 12:10:00 EST,41.82792,-74.99689,1497,25.4,24.9,15.2,65.0,15.2,0.000,0.028,0.00,0.000,10.1,15.9,2.7,328,15,10.5,16.3,2.6,327,15,10.5,16.3,2.6,327,15,253,28.53,0.0,0,0,0,40.8,45.7,48.9,0.29,0.39,0.42
NBRA,2019-11-08 12:15:00 EST,41.82792,-74.99689,1497,25.6,25.2,15.6,65.2,15.6,0.000,0.028,0.00,0.000,9.6,13.7,1.9,336,18,10.4,16.1,2.3,335,14,10.4,16.1,2.3,335,14,329,28.53,0.1,0,0,0,40.8,45.7,48.7,0.29,0.39,0.42
NBRA,2019-11-08 12:20:00 EST,41.82792,-74.99689,1497,26.7,25.9,19.1,65.5,16.7,0.000,0.028,0.00,0.000,6.5,10.7,1.5,330,19,7.1,12.7,1.8,328,17,7.1,12.7,1.8,328,17,524,28.53,0.0,0,0,0,40.8,45.7,48.8,0.29,0.39,0.42
NBRA,2019-11-08 12:25:00 EST,41.82792,-74.99689,1497,27.1,25.9,18.7,66.4,17.4,0.000,0.028,0.00,0.000,7.3,13.0,2.3,344,19,8.2,16.1,2.7,343,18,8.2,16.1,2.7,343,18,477,28.53,0.1,0,0,0,40.8,45.7,48.7,0.29,0.38,0.42
NBRA,2019-11-08 12:30:00 EST,41.82792,-74.99689,1497,26.5,25.8,17.6,65.9,16.6,0.000,0.028,0.00,0.000,8.0,14.6,2.4,341,24,8.7,16.9,2.7,341,15,8.7,16.9,2.7,341,15,251,28.53,0.0,0,0,0,40.9,45.7,48.7,0.29,0.38,0.42
NBRA,2019-11-08 12:35:00 EST,41.82792,-74.99689,1497,26.5,25.9,17.8,66.8,16.9,0.000,0.028,0.00,0.000,7.8,14.2,2.9,334,24,8.5,16.5,3.0,333,21,8.5,16.5,3.0,333,21,273,28.53,0.0,0,0,0,41.0,45.7,48.7,0.29,0.38,0.42
NBRA,2019-11-08 12:40:00 EST,41.82792,-74.99689,1497,26.3,25.7,17.8,66.1,16.5,0.000,0.028,0.00,0.000,7.5,11.7,2.1,334,17,8.0,13.9,2.3,334,15,8.0,13.9,2.3,334,15,286,28.53,-0.0,0,0,0,41.0,45.7,48.7,0.29,0.38,0.42
NBRA,2019-11-08 12:45:00 EST,41.82792,-74.99689,1497,26.8,26.2,19.5,64.8,16.5,0.000,0.028,0.00,0.000,5.9,12.6,2.8,337,23,6.7,13.8,2.6,334,23,6.7,13.8,2.6,334,23,523,28.52,0.1,0,0,0,41.0,45.7,48.7,0.29,0.38,0.42
NBRA,2019-11-08 12:50:00 EST,41.82792,-74.99689,1497,27.3,26.6,17.3,63.2,16.5,0.000,0.028,0.00,0.000,10.1,19.7,4.1,316,22,11.1,20.0,4.0,316,22,11.1,20.0,4.0,316,22,397,28.52,-0.0,0,0,0,41.0,45.7,48.7,0.29,0.38,0.42
NBRA,2019-11-08 12:55:00 EST,41.82792,-74.99689,1497,26.6,26.1,16.7,62.1,15.4,0.000,0.028,0.00,0.000,9.8,17.2,2.6,320,17,10.5,17.3,2.7,320,17,10.5,17.3,2.7,320,17,244,28.52,-0.0,0,0,0,41.0,45.7,48.7,0.29,0.38,0.42
NBRA,2019-11-08 13:00:00 EST,41.82792,-74.99689,1497,26.4,26.1,16.3,61.7,15.0,0.000,0.028,0.00,0.000,10.7,22.7,4.1,322,15,10.9,21.1,4.0,323,15,10.9,21.1,4.0,323,15,244,28.52,0.0,0,0,0,41.0,45.7,48.7,0.29,0.38,0.42
NBRA,2019-11-08 13:05:00 EST,41.82792,-74.99689,1497,26.3,25.9,16.3,62.3,15.1,0.000,0.028,0.00,0.000,10.1,18.6,3.0,319,19,10.5,18.7,3.0,317,17,10.5,18.7,3.0,317,17,250,28.52,0.1,0,0,0,41.0,45.7,48.7,0.29,0.38,0.42
NBRA,2019-11-08 13:10:00 EST,41.82792,-74.99689,1497,26.6,26.1,16.8,62.1,15.4,0.000,0.028,0.00,0.000,9.6,15.1,2.2,336,18,10.4,17.5,2.7,337,18,10.4,17.5,2.7,337,18,227,28.52,0.0,0,0,0,41.1,45.7,48.7,0.29,0.38,0.42
NBRA,2019-11-08 13:15:00 EST,41.82792,-74.99689,1497,26.8,26.3,19.4,60.8,15.0,0.000,0.028,0.00,0.000,6.3,12.9,2.7,325,18,6.7,14.4,2.7,324,17,6.7,14.4,2.7,324,17,399,28.52,0.1,0,0,0,41.2,45.7,48.7,0.29,0.38,0.42
NBRA,2019-11-08 13:20:00 EST,41.82792,-74.99689,1497,27.2,26.6,17.6,60.2,15.3,0.000,0.028,0.00,0.000,9.4,16.4,2.9,336,24,10.3,19.5,3.3,335,17,10.3,19.5,3.3,335,17,388,28.52,-0.0,0,0,0,41.2,45.7,48.7,0.29,0.38,0.42
NBRA,2019-11-08 13:25:00 EST,41.82792,-74.99689,1497,27.2,26.6,18.3,60.8,15.4,0.000,0.028,0.00,0.000,8.5,14.4,1.9,335,16,9.1,16.3,2.3,335,15,9.1,16.3,2.3,335,15,407,28.52,0.2,0,0,0,41.2,45.7,48.7,0.29,0.38,0.42
NBRA,2019-11-08 13:30:00 EST,41.82792,-74.99689,1497,27.7,26.8,19.2,61.4,16.1,0.000,0.028,0.00,0.000,7.6,13.2,1.7,333,28,8.5,15.7,2.3,332,23,8.5,15.7,2.3,332,23,473,28.52,0.0,0,0,0,41.2,45.7,48.7,0.29,0.38,0.42
NBRA,2019-11-08 13:35:00 EST,41.82792,-74.99689,1497,27.7,27.2,18.6,60.6,15.9,0.000,0.028,0.00,0.000,8.9,17.4,3.4,315,18,9.6,19.4,3.5,312,17,9.6,19.4,3.5,312,17,402,28.53,0.1,0,0,0,41.3,45.7,48.7,0.29,0.38,0.42
NBRA,2019-11-08 13:40:00 EST,41.82792,-74.99689,1497,27.8,27.1,18.9,61.6,16.3,0.000,0.028,0.00,0.000,9.0,16.2,3.0,327,18,9.2,19.8,3.1,326,17,9.2,19.8,3.1,326,17,311,28.53,-0.1,0,0,0,41.4,45.7,48.7,0.29,0.38,0.42
NBRA,2019-11-08 13:45:00 EST,41.82792,-74.99689,1497,27.3,26.7,17.6,62.1,16.0,0.000,0.028,0.00,0.000,9.6,16.7,2.5,339,19,10.4,18.5,2.9,340,19,10.4,18.5,2.9,340,19,326,28.53,0.2,0,0,0,41.4,45.7,48.7,0.29,0.38,0.42
NBRA,2019-11-08 13:50:00 EST,41.82792,-74.99689,1497,27.8,27.1,20.0,63.3,16.9,0.000,0.028,0.00,0.000,7.0,14.5,3.2,336,19,7.6,18.1,3.3,336,19,7.6,18.1,3.3,336,19,273,28.53,-0.0,0,0,0,41.4,45.6,48.7,0.29,0.38,0.42
NBRA,2019-11-08 13:55:00 EST,41.82792,-74.99689,1497,27.4,26.8,18.8,65.9,17.5,0.000,0.028,0.00,0.000,8.2,15.1,2.8,321,20,8.6,14.6,2.9,320,19,8.6,14.6,2.9,320,19,233,28.53,0.0,0,0,0,41.4,45.6,48.7,0.29,0.38,0.42
NBRA,2019-11-08 14:00:00 EST,41.82792,-74.99689,1497,26.7,26.3,18.4,67.7,17.4,0.000,0.028,0.00,0.000,7.0,11.6,1.9,346,21,8.0,14.9,2.2,345,20,8.0,14.9,2.2,345,20,147,28.53,0.1,0,0,0,41.4,45.6,48.7,0.29,0.38,0.42
NBRA,2019-11-08 14:05:00 EST,41.82792,-74.99689,1497,26.4,26.0,17.3,69.1,17.6,0.000,0.028,0.00,0.000,8.2,13.7,1.8,334,19,9.1,15.6,2.1,334,18,9.1,15.6,2.1,334,18,92,28.53,0.0,0,0,0,41.5,45.5,48.7,0.29,0.38,0.42
NBRA,2019-11-08 14:10:00 EST,41.82792,-74.99689,1497,26.1,25.8,16.2,67.2,16.7,0.000,0.028,0.00,0.000,9.6,17.3,2.9,340,14,10.4,21.2,3.2,340,13,10.4,21.2,3.2,340,13,99,28.53,0.0,0,0,0,41.5,45.5,48.7,0.29,0.38,0.42
NBRA,2019-11-08 14:15:00 EST,41.82792,-74.99689,1497,26.0,25.6,15.7,68.1,16.9,0.000,0.028,0.00,0.000,10.6,19.1,3.6,327,16,11.1,19.2,3.4,326,15,11.1,19.2,3.4,326,15,118,28.53,0.0,0,0,0,41.5,45.6,48.7,0.30,0.38,0.42
NBRA,2019-11-08 14:20:00 EST,41.82792,-74.99689,1497,25.6,25.3,15.0,67.5,16.3,0.000,0.028,0.00,0.000,11.0,17.9,3.2,327,15,11.5,21.0,3.6,327,14,11.5,21.0,3.6,327,14,132,28.54,0.0,0,0,0,41.5,45.5,48.7,0.30,0.38,0.42
NBRA,2019-11-08 14:25:00 EST,41.82792,-74.99689,1497,26.0,25.6,15.7,66.0,16.2,0.000,0.028,0.00,0.000,10.7,16.4,2.2,328,19,11.2,18.5,2.4,326,18,11.2,18.5,2.4,326,18,341,28.54,0.0,0,0,0,41.6,45.5,48.7,0.29,0.38,0.42
NBRA,2019-11-08 14:30:00 EST,41.82792,-74.99689,1497,26.6,26.1,18.0,64.8,16.4,0.000,0.028,0.00,0.000,7.8,21.0,2.8,327,20,8.4,21.1,2.9,326,19,8.4,21.1,2.9,326,19,343,28.54,0.0,0,0,0,41.7,45.5,48.7,0.29,0.38,0.42
NBRA,2019-11-08 14:35:00 EST,41.82792,-74.99689,1497,26.8,26.4,17.9,63.8,16.2,0.000,0.028,0.00,0.000,8.4,13.0,1.8,327,17,8.9,16.3,2.0,326,16,8.9,16.3,2.0,326,16,356,28.54,0.1,0,0,0,41.7,45.5,48.7,0.29,0.38,0.42
NBRA,2019-11-08 14:40:00 EST,41.82792,-74.99689,1497,26.8,26.3,17.1,64.0,16.3,0.000,0.028,0.00,0.000,9.9,16.4,2.8,325,20,10.3,20.5,3.0,326,18,10.3,20.5,3.0,326,18,256,28.54,0.0,0,0,0,41.7,45.5,48.7,0.29,0.38,0.42
NBRA,2019-11-08 14:45:00 EST,41.82792,-74.99689,1497,26.6,26.3,18.3,65.0,16.4,0.000,0.028,0.00,0.000,7.8,12.1,2.3,322,21,8.0,12.9,2.2,321,20,8.0,12.9,2.2,321,20,135,28.54,0.0,0,0,0,41.7,45.5,48.7,0.29,0.38,0.42
NBRA,2019-11-08 14:50:00 EST,41.82792,-74.99689,1497,26.0,25.7,15.2,66.1,16.2,0.000,0.028,0.43,0.000,11.4,20.1,3.4,321,22,12.1,25.2,3.7,323,21,12.1,25.2,3.7,323,21,89,28.54,0.0,0,0,0,41.7,45.5,48.7,0.29,0.38,0.42
NBRA,2019-11-08 14:55:00 EST,41.82792,-74.99689,1497,25.2,24.8,14.3,74.3,18.1,0.000,0.028,0.00,0.000,11.5,18.8,2.7,324,15,11.7,19.8,2.7,322,14,11.7,19.8,2.7,322,14,96,28.54,0.0,0,0,0,41.7,45.5,48.7,0.29,0.38,0.42
NBRA,2019-11-08 15:00:00 EST,41.82792,-74.99689,1497,24.7,24.4,13.9,77.4,18.6,0.000,0.028,0.00,0.000,11.1,18.0,2.7,325,16,11.4,19.2,3.0,325,16,11.4,19.2,3.0,325,16,120,28.55,0.1,0,0,0,41.7,45.5,48.7,0.29,0.38,0.42
NBRA,2019-11-08 15:05:00 EST,41.82792,-74.99689,1497,24.8,24.6,15.0,76.1,18.3,0.000,0.028,0.00,0.000,9.5,14.8,2.3,322,15,9.7,15.3,2.4,322,15,9.7,15.3,2.4,322,15,93,28.55,0.1,0,0,0,41.7,45.5,48.7,0.29,0.38,0.42
NBRA,2019-11-08 15:10:00 EST,41.82792,-74.99689,1497,24.6,24.4,13.9,75.2,17.9,0.000,0.028,0.00,0.000,10.9,19.4,3.1,324,18,11.2,20.6,3.0,324,14,11.2,20.6,3.0,324,14,48,28.55,0.0,0,0,0,41.7,45.5,48.7,0.29,0.38,0.42
NBRA,2019-11-08 15:15:00 EST,41.82792,-74.99689,1497,24.4,24.1,15.3,78.1,18.6,0.000,0.028,0.00,0.000,8.0,13.4,2.0,337,16,8.5,14.0,2.0,334,14,8.5,14.0,2.0,334,14,57,28.55,0.1,0,0,0,41.7,45.5,48.7,0.29,0.38,0.43
NBRA,2019-11-08 15:20:00 EST,41.82792,-74.99689,1497,24.4,24.3,15.6,77.1,18.2,0.000,0.028,0.00,0.000,7.6,13.2,2.3,327,18,8.0,14.5,2.3,327,18,8.0,14.5,2.3,327,18,47,28.55,0.1,0,0,0,41.7,45.5,48.7,0.29,0.38,0.42
NBRA,2019-11-08 15:25:00 EST,41.82792,-74.99689,1497,24.6,24.6,15.2,73.3,17.3,0.000,0.028,0.00,0.000,8.3,17.2,3.2,322,19,8.9,18.4,3.1,320,19,8.9,18.4,3.1,320,19,37,28.55,0.0,0,0,0,41.7,45.5,48.7,0.29,0.38,0.43
NBRA,2019-11-08 15:30:00 EST,41.82792,-74.99689,1497,24.8,24.8,15.9,71.8,17.0,0.000,0.028,0.00,0.000,7.8,14.0,2.3,329,16,8.2,13.8,2.4,329,14,8.2,13.8,2.4,329,14,51,28.56,0.0,0,0,0,41.7,45.5,48.7,0.29,0.38,0.43
NBRA,2019-11-08 15:35:00 EST,41.82792,-74.99689,1497,25.0,24.9,17.0,70.4,16.7,0.000,0.028,0.00,0.000,6.5,13.4,1.8,336,17,7.1,12.3,1.8,335,16,7.1,12.3,1.8,335,16,88,28.56,0.1,0,0,0,41.7,45.5,48.7,0.29,0.38,0.43
NBRA,2019-11-08 15:40:00 EST,41.82792,-74.99689,1497,25.3,25.1,17.3,69.9,16.8,0.000,0.028,0.00,0.000,6.2,9.8,1.6,353,17,7.2,11.9,1.8,351,15,7.2,11.9,1.8,351,15,105,28.56,0.1,0,0,0,41.7,45.5,48.7,0.29,0.38,0.43
NBRA,2019-11-08 15:45:00 EST,41.82792,-74.99689,1497,25.6,25.4,18.4,69.4,17.0,0.000,0.028,0.00,0.000,5.7,10.2,1.6,336,17,6.3,10.8,1.8,335,16,6.3,10.8,1.8,335,16,117,28.56,0.1,0,0,0,41.7,45.5,48.7,0.29,0.38,0.43
NBRA,2019-11-08 15:50:00 EST,41.82792,-74.99689,1497,25.6,25.5,18.1,65.9,15.8,0.000,0.028,0.00,0.000,6.0,11.6,2.1,337,26,6.7,13.4,2.4,337,26,6.7,13.4,2.4,337,26,86,28.56,0.0,0,0,0,41.7,45.5,48.7,0.29,0.38,0.43
NBRA,2019-11-08 15:55:00 EST,41.82792,-74.99689,1497,25.2,25.1,16.5,65.5,15.2,0.000,0.028,0.00,0.000,7.5,13.3,2.5,328,19,8.0,15.0,2.6,327,18,8.0,15.0,2.6,327,18,40,28.56,0.0,0,0,0,41.7,45.5,48.7,0.29,0.38,0.43
NBRA,2019-11-08 16:00:00 EST,41.82792,-74.99689,1497,25.0,25.0,15.3,65.9,15.2,0.000,0.028,0.00,0.000,9.1,18.1,3.6,309,19,9.6,19.4,4.0,307,19,9.6,19.4,4.0,307,19,38,28.56,0.0,0,0,0,41.7,45.5,48.7,0.29,0.38,0.43
NBRA,2019-11-08 16:05:00 EST,41.82792,-74.99689,1497,24.8,24.8,14.7,64.0,14.3,0.000,0.028,0.00,0.000,9.8,16.7,2.6,325,19,10.1,17.5,2.7,325,16,10.1,17.5,2.7,325,16,26,28.56,0.0,0,0,0,41.7,45.5,48.7,0.29,0.38,0.43
NBRA,2019-11-08 16:10:00 EST,41.82792,-74.99689,1497,24.6,24.7,14.1,63.0,13.8,0.000,0.028,0.00,0.000,10.6,17.2,2.7,326,18,10.8,19.0,2.9,327,16,10.8,19.0,2.9,327,16,22,28.56,0.0,0,0,0,41.7,45.5,48.6,0.29,0.38,0.43
NBRA,2019-11-08 16:15:00 EST,41.82792,-74.99689,1497,24.4,24.6,13.7,61.4,13.1,0.000,0.028,0.00,0.000,10.5,19.0,3.4,330,16,11.2,20.8,3.7,332,16,11.2,20.8,3.7,332,16,20,28.56,0.0,0,0,0,41.7,45.5,48.6,0.29,0.38,0.43
NBRA,2019-11-08 16:20:00 EST,41.82792,-74.99689,1497,24.3,24.5,14.6,60.8,12.7,0.000,0.028,0.00,0.000,8.6,14.5,2.5,324,20,9.2,16.4,2.8,323,18,9.2,16.4,2.8,323,18,18,28.56,-0.0,0,0,0,41.7,45.5,48.6,0.29,0.38,0.43
NBRA,2019-11-08 16:25:00 EST,41.82792,-74.99689,1497,24.1,24.3,15.3,60.4,12.4,0.000,0.028,0.00,0.000,7.5,15.3,2.3,325,20,7.9,14.7,2.3,325,14,7.9,14.7,2.3,325,14,18,28.57,0.0,0,0,0,41.7,45.5,48.6,0.29,0.38,0.43
NBRA,2019-11-08 16:30:00 EST,41.82792,-74.99689,1497,24.1,24.3,13.2,59.4,12.0,0.000,0.028,0.00,0.000,10.8,26.6,3.9,324,21,11.3,24.5,4.2,325,20,11.3,24.5,4.2,325,20,15,28.57,0.0,0,0,0,41.7,45.5,48.6,0.29,0.38,0.43
NBRA,2019-11-08 16:35:00 EST,41.82792,-74.99689,1497,24.0,24.2,13.2,59.3,11.9,0.000,0.028,0.00,0.000,10.8,18.7,3.1,323,19,11.2,18.7,3.0,319,14,11.2,18.7,3.0,319,14,12,28.57,0.1,0,0,0,41.7,45.5,48.6,0.29,0.38,0.43
NBRA,2019-11-08 16:40:00 EST,41.82792,-74.99689,1497,23.9,24.2,13.7,59.3,11.8,0.000,0.028,0.00,0.000,9.8,17.2,2.7,326,15,10.0,16.3,2.7,326,14,10.0,16.3,2.7,326,14,9,28.57,0.0,0,0,0,41.7,45.5,48.6,0.29,0.38,0.43
NBRA,2019-11-08 16:45:00 EST,41.82792,-74.99689,1497,23.9,24.1,13.6,59.7,11.9,0.000,0.028,0.00,0.000,9.7,17.5,3.1,327,15,10.2,18.2,3.1,326,15,10.2,18.2,3.1,326,15,6,28.57,0.0,0,0,0,41.7,45.5,48.6,0.29,0.38,0.43
NBRA,2019-11-08 16:50:00 EST,41.82792,-74.99689,1497,23.7,23.8,15.6,60.1,11.8,0.000,0.028,0.00,0.000,6.2,15.1,3.0,331,21,6.8,16.2,3.0,329,23,6.8,16.2,3.0,329,23,4,28.57,0.1,0,0,0,41.6,45.5,48.6,0.29,0.39,0.43
NBRA,2019-11-08 16:55:00 EST,41.82792,-74.99689,1497,23.6,23.8,13.0,59.8,11.7,0.000,0.028,0.00,0.000,10.5,16.3,2.5,327,14,10.7,17.5,2.4,326,14,10.7,17.5,2.4,326,14,2,28.58,0.0,0,0,0,41.5,45.5,48.6,0.29,0.38,0.43
NBRA,2019-11-08 17:00:00 EST,41.82792,-74.99689,1497,23.6,23.7,14.4,60.0,11.7,0.000,0.028,0.00,0.000,7.5,14.5,2.5,330,19,8.2,14.9,2.6,331,16,8.2,14.9,2.6,331,16,1,28.58,0.1,0,0,0,41.5,45.5,48.6,0.29,0.38,0.43
NBRA,2019-11-08 17:05:00 EST,41.82792,-74.99689,1497,23.4,23.6,13.9,60.9,11.9,0.000,0.028,0.00,0.000,8.3,17.0,3.2,329,18,8.7,18.1,3.1,327,17,8.7,18.1,3.1,327,17,0,28.58,0.0,0,0,0,41.5,45.5,48.6,0.29,0.38,0.43
NBRA,2019-11-08 17:10:00 EST,41.82792,-74.99689,1497,23.3,23.5,13.0,61.6,12.1,0.000,0.028,0.00,0.000,9.5,15.6,2.2,319,18,9.9,16.5,2.5,318,18,9.9,16.5,2.5,318,18,0,28.58,0.0,0,0,0,41.5,45.5,48.6,0.29,0.38,0.43
NBRA,2019-11-08 17:15:00 EST,41.82792,-74.99689,1497,23.0,23.3,14.5,63.0,12.3,0.000,0.028,0.00,0.000,6.8,14.2,2.7,323,24,7.1,15.3,2.8,321,22,7.1,15.3,2.8,321,22,0,28.59,0.0,0,0,0,41.5,45.5,48.6,0.29,0.38,0.43
NBRA,2019-11-08 17:20:00 EST,41.82792,-74.99689,1497,23.0,23.2,14.7,63.1,12.3,0.000,0.028,0.00,0.000,6.4,11.7,2.6,315,21,7.0,12.8,2.6,314,22,7.0,12.8,2.6,314,22,0,28.59,0.0,0,0,0,41.5,45.5,48.6,0.29,0.38,0.43
NBRA,2019-11-08 17:25:00 EST,41.82792,-74.99689,1497,22.9,23.2,14.2,62.8,12.2,0.000,0.028,0.00,0.000,7.0,13.4,1.9,321,18,7.4,14.0,1.9,320,16,7.4,14.0,1.9,320,16,0,28.59,0.0,0,0,0,41.4,45.5,48.6,0.29,0.38,0.43
NBRA,2019-11-08 17:30:00 EST,41.82792,-74.99689,1497,22.8,23.0,17.3,63.1,12.1,0.000,0.028,0.00,0.000,3.8,6.6,1.6,320,17,4.1,7.7,1.6,318,15,4.1,7.7,1.6,318,15,0,28.59,-0.1,0,0,0,41.4,45.5,48.6,0.29,0.38,0.43
NBRA,2019-11-08 17:35:00 EST,41.82792,-74.99689,1497,22.7,23.0,14.2,63.5,12.2,0.000,0.028,0.00,0.000,6.7,14.2,2.9,318,20,7.1,14.4,2.9,317,19,7.1,14.4,2.9,317,19,0,28.59,0.0,0,0,0,41.4,45.5,48.6,0.29,0.38,0.43
NBRA,2019-11-08 17:40:00 EST,41.82792,-74.99689,1497,22.7,23.0,15.1,63.5,12.1,0.000,0.028,0.00,0.000,5.7,9.6,1.4,318,15,6.0,11.3,1.7,317,14,6.0,11.3,1.7,317,14,0,28.60,0.1,0,0,0,41.4,45.5,48.6,0.29,0.39,0.43
NBRA,2019-11-08 17:45:00 EST,41.82792,-74.99689,1497,22.5,22.8,13.0,64.4,12.3,0.000,0.028,0.00,0.000,7.6,13.5,2.9,313,22,8.3,16.1,3.0,313,21,8.3,16.1,3.0,313,21,0,28.60,0.0,0,0,0,41.4,45.5,48.6,0.29,0.39,0.43
NBRA,2019-11-08 17:50:00 EST,41.82792,-74.99689,1497,22.6,22.8,11.7,65.0,12.5,0.000,0.028,0.00,0.000,10.0,19.3,3.4,326,17,10.5,21.0,3.8,325,18,10.5,21.0,3.8,325,18,0,28.60,0.0,0,0,0,41.4,45.5,48.6,0.29,0.39,0.43
NBRA,2019-11-08 17:55:00 EST,41.82792,-74.99689,1497,22.6,22.7,12.7,65.2,12.6,0.000,0.028,0.00,0.000,8.4,13.5,2.2,320,18,8.8,14.9,2.4,319,16,8.8,14.9,2.4,319,16,0,28.60,-0.0,0,0,0,41.4,45.5,48.6,0.29,0.38,0.43
NBRA,2019-11-08 18:00:00 EST,41.82792,-74.99689,1497,22.4,22.7,13.2,66.2,12.8,0.000,0.028,0.00,0.000,7.5,11.0,1.7,331,15,8.0,12.1,1.8,329,14,8.0,12.1,1.8,329,14,0,28.61,0.0,0,0,0,41.3,45.5,48.6,0.29,0.38,0.43
NBRA,2019-11-08 18:05:00 EST,41.82792,-74.99689,1497,22.3,22.6,15.6,66.6,12.9,0.000,0.028,0.00,0.000,4.8,10.5,1.8,331,15,5.1,9.6,1.6,328,15,5.1,9.6,1.6,328,15,0,28.61,0.0,0,0,0,41.2,45.5,48.6,0.29,0.38,0.43
NBRA,2019-11-08 18:10:00 EST,41.82792,-74.99689,1497,21.9,22.2,17.3,68.2,13.0,0.000,0.028,0.00,0.000,3.1,6.1,1.3,313,21,3.4,7.3,1.3,311,20,3.4,7.3,1.3,311,20,0,28.61,0.1,0,0,0,41.2,45.5,48.6,0.29,0.38,0.43
NBRA,2019-11-08 18:15:00 EST,41.82792,-74.99689,1497,21.9,22.3,14.8,69.0,13.3,0.000,0.028,0.00,0.000,4.9,8.5,1.1,325,22,5.4,9.3,1.2,322,20,5.4,9.3,1.2,322,20,0,28.61,0.0,0,0,0,41.2,45.5,48.6,0.29,0.38,0.43
NBRA,2019-11-08 18:20:00 EST,41.82792,-74.99689,1497,21.9,22.2,16.0,70.0,13.6,0.000,0.028,0.00,0.000,3.9,6.6,1.0,314,19,4.3,7.8,1.2,314,18,4.3,7.8,1.2,314,18,0,28.62,0.1,0,0,0,41.2,45.5,48.6,0.29,0.38,0.43
NBRA,2019-11-08 18:25:00 EST,41.82792,-74.99689,1497,21.8,22.2,16.6,70.4,13.7,0.000,0.028,0.00,0.000,3.5,8.5,2.0,326,19,3.8,10.3,2.0,326,19,3.8,10.3,2.0,326,19,0,28.62,0.1,0,0,0,41.2,45.5,48.6,0.29,0.38,0.43
NBRA,2019-11-08 18:30:00 EST,41.82792,-74.99689,1497,21.7,22.1,14.1,71.2,13.8,0.000,0.028,0.00,0.000,5.6,12.4,2.3,324,19,5.9,13.8,2.3,322,19,5.9,13.8,2.3,322,19,0,28.62,-0.0,0,0,0,41.1,45.5,48.6,0.29,0.38,0.43
NBRA,2019-11-08 18:35:00 EST,41.82792,-74.99689,1497,21.6,22.0,14.1,73.2,14.3,0.000,0.028,0.00,0.000,5.5,9.6,1.5,317,16,5.7,10.1,1.6,314,15,5.7,10.1,1.6,314,15,0,28.63,0.1,0,0,0,41.0,45.5,48.6,0.29,0.38,0.43
NBRA,2019-11-08 18:40:00 EST,41.82792,-74.99689,1497,21.9,22.1,13.2,72.9,14.5,0.000,0.028,0.00,0.000,6.9,11.6,2.1,323,14,7.1,11.9,2.0,322,15,7.1,11.9,2.0,322,15,0,28.63,0.0,0,0,0,41.0,45.5,48.6,0.29,0.38,0.43
NBRA,2019-11-08 18:45:00 EST,41.82792,-74.99689,1497,21.7,22.0,13.4,73.8,14.6,0.000,0.028,0.00,0.000,6.5,11.3,1.6,328,10,6.6,11.3,1.6,326,9,6.6,11.3,1.6,326,9,0,28.63,0.1,0,0,0,41.0,45.5,48.6,0.29,0.38,0.43
NBRA,2019-11-08 18:50:00 EST,41.82792,-74.99689,1497,21.7,22.0,12.4,74.3,14.8,0.000,0.028,0.00,0.000,7.6,13.2,2.0,322,15,7.8,13.3,1.9,322,15,7.8,13.3,1.9,322,15,0,28.63,0.1,0,0,0,41.0,45.5,48.6,0.29,0.38,0.43
NBRA,2019-11-08 18:55:00 EST,41.82792,-74.99689,1497,21.8,22.0,12.3,74.4,14.9,0.000,0.028,0.00,0.000,8.0,11.3,1.6,319,15,8.1,11.9,1.6,317,12,8.1,11.9,1.6,317,12,0,28.63,0.1,0,0,0,41.0,45.5,48.6,0.29,0.38,0.43
NBRA,2019-11-08 19:00:00 EST,41.82792,-74.99689,1497,21.7,22.0,13.2,74.8,14.9,0.000,0.028,0.00,0.000,6.4,9.3,1.1,328,15,6.8,10.1,1.3,327,15,6.8,10.1,1.3,327,15,0,28.63,0.1,0,0,0,41.0,45.5,48.6,0.29,0.38,0.43
NBRA,2019-11-08 19:05:00 EST,41.82792,-74.99689,1497,21.7,21.9,12.2,74.8,14.9,0.000,0.028,0.00,0.000,7.8,15.3,2.5,320,15,8.1,17.1,2.5,319,14,8.1,17.1,2.5,319,14,0,28.63,0.0,0,0,0,40.9,45.5,48.6,0.29,0.38,0.43
NBRA,2019-11-08 19:10:00 EST,41.82792,-74.99689,1497,21.5,21.8,12.7,75.1,14.8,0.000,0.028,0.00,0.000,7.1,10.8,1.4,315,16,7.2,10.9,1.4,315,12,7.2,10.9,1.4,315,12,0,28.63,0.1,0,0,0,40.8,45.5,48.6,0.29,0.38,0.43
NBRA,2019-11-08 19:15:00 EST,41.82792,-74.99689,1497,21.4,21.7,12.3,75.6,14.9,0.000,0.028,0.00,0.000,7.4,11.0,1.3,321,18,7.6,10.8,1.5,319,14,7.6,10.8,1.5,319,14,0,28.63,0.1,0,0,0,40.8,45.5,48.6,0.29,0.38,0.43
NBRA,2019-11-08 19:20:00 EST,41.82792,-74.99689,1497,21.7,21.9,12.1,74.9,14.9,0.000,0.028,0.00,0.000,7.8,11.9,1.7,328,13,8.2,13.4,1.9,327,12,8.2,13.4,1.9,327,12,0,28.63,0.0,0,0,0,40.8,45.5,48.6,0.29,0.38,0.43
NBRA,2019-11-08 19:25:00 EST,41.82792,-74.99689,1497,21.6,21.9,12.0,75.0,15.0,0.000,0.028,0.00,0.000,7.9,12.8,1.8,329,14,8.3,15.9,2.0,329,13,8.3,15.9,2.0,329,13,0,28.63,0.0,0,0,0,40.8,45.5,48.6,0.29,0.38,0.43
NBRA,2019-11-08 19:30:00 EST,41.82792,-74.99689,1497,21.5,21.8,13.2,75.0,14.8,0.000,0.028,0.00,0.000,6.1,9.1,1.4,330,16,6.6,9.5,1.5,327,14,6.6,9.5,1.5,327,14,0,28.63,0.0,0,0,0,40.7,45.5,48.6,0.29,0.38,0.43
NBRA,2019-11-08 19:35:00 EST,41.82792,-74.99689,1497,21.3,21.6,15.2,75.7,14.8,0.000,0.028,0.00,0.000,4.2,7.7,1.1,329,11,4.4,8.9,1.4,327,10,4.4,8.9,1.4,327,10,0,28.64,0.1,0,0,0,40.6,45.5,48.6,0.29,0.38,0.43
NBRA,2019-11-08 19:40:00 EST,41.82792,-74.99689,1497,21.3,21.6,14.3,75.9,14.9,0.000,0.028,0.00,0.000,4.8,8.5,1.4,328,16,5.1,8.0,1.2,328,15,5.1,8.0,1.2,328,15,0,28.64,0.1,0,0,0,40.6,45.5,48.5,0.29,0.38,0.43
NBRA,2019-11-08 19:45:00 EST,41.82792,-74.99689,1497,21.2,21.5,13.7,75.7,14.8,0.000,0.028,0.00,0.000,5.3,8.5,1.7,340,18,5.7,10.3,1.9,340,16,5.7,10.3,1.9,340,16,0,28.64,-0.0,0,0,0,40.6,45.5,48.6,0.29,0.38,0.43
NBRA,2019-11-08 19:50:00 EST,41.82792,-74.99689,1497,21.0,21.4,14.6,76.5,14.8,0.000,0.028,0.00,0.000,4.4,9.4,1.8,315,15,4.7,11.4,1.9,314,14,4.7,11.4,1.9,314,14,0,28.64,0.1,0,0,0,40.6,45.5,48.5,0.29,0.38,0.43
NBRA,2019-11-08 19:55:00 EST,41.82792,-74.99689,1497,21.2,21.4,14.1,75.9,14.8,0.000,0.028,0.00,0.000,5.1,8.6,1.4,322,19,5.3,9.4,1.5,320,18,5.3,9.4,1.5,320,18,0,28.64,0.1,0,0,0,40.6,45.5,48.5,0.29,0.38,0.43
NBRA,2019-11-08 20:00:00 EST,41.82792,-74.99689,1497,21.0,21.4,13.7,75.7,14.6,0.000,0.028,0.00,0.000,5.3,9.6,1.8,319,16,5.5,9.8,1.7,317,16,5.5,9.8,1.7,317,16,0,28.64,0.0,0,0,0,40.6,45.5,48.5,0.29,0.38,0.43
NBRA,2019-11-08 20:05:00 EST,41.82792,-74.99689,1497,20.9,21.2,14.8,76.2,14.5,0.000,0.028,0.00,0.000,4.1,7.5,1.4,326,16,4.4,8.2,1.3,323,15,4.4,8.2,1.3,323,15,0,28.64,0.0,0,0,0,40.5,45.5,48.4,0.29,0.38,0.43
NBRA,2019-11-08 20:10:00 EST,41.82792,-74.99689,1497,20.5,21.1,13.8,77.0,14.5,0.000,0.028,0.00,0.000,4.5,8.4,1.5,317,17,4.8,9.3,1.6,316,16,4.8,9.3,1.6,316,16,0,28.64,0.0,0,0,0,40.5,45.5,48.4,0.29,0.38,0.43
NBRA,2019-11-08 20:15:00 EST,41.82792,-74.99689,1497,20.6,21.0,14.3,77.6,14.7,0.000,0.028,0.00,0.000,4.3,7.2,1.0,314,13,4.5,7.2,1.0,313,11,4.5,7.2,1.0,313,11,0,28.64,0.0,0,0,0,40.5,45.5,48.4,0.29,0.38,0.43
NBRA,2019-11-08 20:20:00 EST,41.82792,-74.99689,1497,20.7,21.0,12.9,77.3,14.7,0.000,0.028,0.00,0.000,5.6,9.6,1.6,315,14,5.9,10.0,1.6,314,13,5.9,10.0,1.6,314,13,0,28.64,0.1,0,0,0,40.5,45.5,48.4,0.29,0.38,0.43
NBRA,2019-11-08 20:25:00 EST,41.82792,-74.99689,1497,20.7,21.0,12.7,77.1,14.6,0.000,0.028,0.00,0.000,5.9,9.7,1.4,313,16,6.1,10.8,1.4,312,15,6.1,10.8,1.4,312,15,0,28.64,0.1,0,0,0,40.5,45.5,48.4,0.29,0.38,0.43
NBRA,2019-11-08 20:30:00 EST,41.82792,-74.99689,1497,20.8,21.0,11.8,77.0,14.7,0.000,0.028,0.00,0.000,6.9,12.3,2.1,314,13,7.3,13.5,2.2,314,13,7.3,13.5,2.2,314,13,0,28.64,0.1,0,0,0,40.5,45.5,48.4,0.29,0.38,0.43
NBRA,2019-11-08 20:35:00 EST,41.82792,-74.99689,1497,20.5,20.9,14.6,77.3,14.5,0.000,0.028,0.00,0.000,3.8,6.8,1.2,319,18,4.2,7.8,1.3,318,17,4.2,7.8,1.3,318,17,0,28.64,0.0,0,0,0,40.3,45.4,48.4,0.29,0.37,0.43
NBRA,2019-11-08 20:40:00 EST,41.82792,-74.99689,1497,20.5,20.8,16.0,77.6,14.6,0.000,0.028,0.00,0.000,3.0,4.8,0.9,327,24,3.2,6.1,1.0,324,22,3.2,6.1,1.0,324,22,0,28.65,0.1,0,0,0,40.3,45.4,48.4,0.29,0.38,0.43
NBRA,2019-11-08 20:45:00 EST,41.82792,-74.99689,1497,20.3,20.7,15.3,77.7,14.5,0.000,0.028,0.00,0.000,3.3,6.3,1.3,308,16,3.5,7.0,1.4,306,15,3.5,7.0,1.4,306,15,0,28.65,-0.0,0,0,0,40.3,45.3,48.4,0.29,0.38,0.43
NBRA,2019-11-08 20:50:00 EST,41.82792,-74.99689,1497,20.0,20.5,20.0,78.4,14.4,0.000,0.028,0.00,0.000,1.0,2.8,0.7,307,18,1.4,3.2,0.5,300,17,1.4,3.2,0.5,300,17,0,28.65,-0.0,0,0,0,40.3,45.4,48.4,0.29,0.38,0.43
NBRA,2019-11-08 20:55:00 EST,41.82792,-74.99689,1497,19.3,20.3,19.3,79.5,14.0,0.000,0.028,0.00,0.000,0.4,1.5,0.6,267,19,0.7,1.9,0.7,268,28,0.7,1.9,0.7,268,28,0,28.65,-0.0,0,0,0,40.3,45.3,48.4,0.29,0.39,0.43
NBRA,2019-11-08 21:00:00 EST,41.82792,-74.99689,1497,19.3,20.2,19.3,81.1,14.5,0.000,0.028,0.00,0.000,1.5,2.5,0.7,298,34,1.8,2.9,0.5,294,33,1.8,2.9,0.5,294,33,0,28.65,0.2,0,0,0,40.3,45.3,48.4,0.29,0.38,0.43
NBRA,2019-11-08 21:05:00 EST,41.82792,-74.99689,1497,19.1,20.1,19.1,81.6,14.4,0.000,0.028,0.00,0.000,1.3,2.5,0.5,283,16,1.7,3.0,0.6,280,19,1.7,3.0,0.6,280,19,0,28.66,-0.1,0,0,0,40.3,45.3,48.4,0.29,0.38,0.43
NBRA,2019-11-08 21:10:00 EST,41.82792,-74.99689,1497,18.3,19.9,18.3,82.5,13.8,0.000,0.028,0.00,0.000,1.5,2.2,0.3,284,16,1.8,2.7,0.4,283,19,1.8,2.7,0.4,283,19,0,28.66,-0.0,0,0,0,40.1,45.3,48.4,0.29,0.38,0.43
NBRA,2019-11-08 21:15:00 EST,41.82792,-74.99689,1497,18.1,19.9,18.1,84.1,14.2,0.000,0.028,0.00,0.000,2.0,2.6,0.2,313,7,2.0,2.8,0.3,311,6,2.0,2.8,0.3,311,6,0,28.66,-0.1,0,0,0,40.1,45.3,48.4,0.29,0.39,0.43
NBRA,2019-11-08 21:20:00 EST,41.82792,-74.99689,1497,18.0,19.8,18.0,84.5,14.2,0.000,0.028,0.00,0.000,2.0,3.0,0.4,313,12,2.1,3.2,0.4,310,10,2.1,3.2,0.4,310,10,0,28.66,-0.1,0,0,0,40.1,45.3,48.4,0.29,0.38,0.43
NBRA,2019-11-08 21:25:00 EST,41.82792,-74.99689,1497,18.0,19.8,18.0,85.2,14.3,0.000,0.028,0.00,0.000,2.5,3.9,0.7,323,16,2.6,4.4,0.7,320,15,2.6,4.4,0.7,320,15,0,28.66,-0.1,0,0,0,40.1,45.3,48.4,0.29,0.38,0.43
NBRA,2019-11-08 21:30:00 EST,41.82792,-74.99689,1497,17.9,19.6,17.9,85.3,14.3,0.000,0.028,0.00,0.000,1.9,3.0,0.4,320,12,2.0,3.1,0.4,316,11,2.0,3.1,0.4,316,11,0,28.66,0.0,0,0,0,40.1,45.3,48.4,0.29,0.38,0.43
NBRA,2019-11-08 21:35:00 EST,41.82792,-74.99689,1497,17.7,19.4,17.7,85.2,14.0,0.000,0.028,0.00,0.000,1.9,3.4,0.5,326,17,2.1,3.9,0.6,323,16,2.1,3.9,0.6,323,16,0,28.66,0.0,0,0,0,40.1,45.3,48.4,0.29,0.38,0.43
NBRA,2019-11-08 21:40:00 EST,41.82792,-74.99689,1497,17.6,18.9,17.6,86.3,14.2,0.000,0.028,0.00,0.000,1.5,3.1,0.6,309,18,1.8,3.7,0.6,307,16,1.8,3.7,0.6,307,16,0,28.66,-0.0,0,0,0,40.1,45.3,48.4,0.29,0.37,0.43
NBRA,2019-11-08 21:45:00 EST,41.82792,-74.99689,1497,17.6,19.3,17.6,86.2,14.2,0.000,0.028,0.00,0.000,1.9,2.7,0.4,298,8,2.1,3.2,0.4,298,8,2.1,3.2,0.4,298,8,0,28.66,-0.0,0,0,0,40.0,45.3,48.4,0.29,0.37,0.43
NBRA,2019-11-08 21:50:00 EST,41.82792,-74.99689,1497,17.8,19.5,17.8,86.3,14.4,0.000,0.028,0.00,0.000,2.3,3.1,0.3,298,8,2.5,3.6,0.4,298,8,2.5,3.6,0.4,298,8,0,28.66,-0.0,0,0,0,39.9,45.3,48.4,0.29,0.38,0.43
NBRA,2019-11-08 21:55:00 EST,41.82792,-74.99689,1497,17.1,19.5,17.1,85.3,13.5,0.000,0.028,0.00,0.000,2.7,3.7,0.5,302,11,2.8,4.0,0.6,300,10,2.8,4.0,0.6,300,10,0,28.67,0.0,0,0,0,39.9,45.3,48.4,0.29,0.37,0.43
NBRA,2019-11-08 22:00:00 EST,41.82792,-74.99689,1497,17.6,19.4,17.6,87.3,14.5,0.000,0.028,0.00,0.000,1.9,2.8,0.3,314,9,1.9,3.4,0.4,311,7,1.9,3.4,0.4,311,7,0,28.66,0.1,0,0,0,39.9,45.3,48.4,0.29,0.37,0.43
NBRA,2019-11-08 22:05:00 EST,41.82792,-74.99689,1497,17.6,19.2,17.6,87.0,14.4,0.000,0.028,0.00,0.000,1.5,2.5,0.5,328,15,1.7,2.6,0.4,325,16,1.7,2.6,0.4,325,16,0,28.66,0.0,0,0,0,39.9,45.3,48.4,0.29,0.37,0.43
NBRA,2019-11-08 22:10:00 EST,41.82792,-74.99689,1497,17.1,18.9,17.1,87.3,14.0,0.000,0.028,0.00,0.000,1.8,2.6,0.4,313,8,1.9,3.0,0.4,310,7,1.9,3.0,0.4,310,7,0,28.66,0.0,0,0,0,39.9,45.3,48.4,0.29,0.37,0.43
NBRA,2019-11-08 22:15:00 EST,41.82792,-74.99689,1497,17.3,19.2,17.3,87.2,14.1,0.000,0.028,0.00,0.000,2.6,3.1,0.3,305,4,2.7,3.7,0.4,304,5,2.7,3.7,0.4,304,5,0,28.67,-0.0,0,0,0,39.9,45.3,48.4,0.29,0.37,0.43
NBRA,2019-11-08 22:20:00 EST,41.82792,-74.99689,1497,17.1,19.2,17.1,87.1,13.9,0.000,0.028,0.00,0.000,2.8,3.7,0.3,311,6,2.7,4.0,0.4,310,5,2.7,4.0,0.4,310,5,0,28.66,-0.0,0,0,0,39.9,45.3,48.4,0.29,0.37,0.43
NBRA,2019-11-08 22:25:00 EST,41.82792,-74.99689,1497,16.9,19.2,16.9,87.8,13.9,0.000,0.028,0.00,0.000,3.0,4.1,0.5,318,7,2.8,4.5,0.5,316,5,2.8,4.5,0.5,316,5,0,28.66,-0.0,0,0,0,39.9,45.3,48.4,0.29,0.37,0.42
NBRA,2019-11-08 22:30:00 EST,41.82792,-74.99689,1497,17.0,18.9,17.0,87.9,14.1,0.000,0.028,0.00,0.000,2.5,3.4,0.4,320,7,2.4,3.7,0.5,315,5,2.4,3.7,0.5,315,5,0,28.66,0.0,0,0,0,39.7,45.2,48.4,0.29,0.37,0.42
NBRA,2019-11-08 22:35:00 EST,41.82792,-74.99689,1497,17.0,18.8,17.0,87.8,14.0,0.000,0.028,0.00,0.000,2.1,3.0,0.4,317,9,2.1,3.1,0.4,314,6,2.1,3.1,0.4,314,6,0,28.66,0.1,0,0,0,39.7,45.3,48.4,0.29,0.37,0.42
NBRA,2019-11-08 22:40:00 EST,41.82792,-74.99689,1497,17.6,18.7,17.6,87.8,14.6,0.000,0.028,0.00,0.000,1.4,2.7,0.5,326,13,1.6,3.2,0.5,322,13,1.6,3.2,0.5,322,13,0,28.66,0.0,0,0,0,39.7,45.1,48.4,0.29,0.37,0.42
NBRA,2019-11-08 22:45:00 EST,41.82792,-74.99689,1497,17.7,18.6,17.7,87.9,14.7,0.000,0.028,0.00,0.000,1.3,2.2,0.4,317,12,1.5,2.6,0.4,315,10,1.5,2.6,0.4,315,10,0,28.66,0.0,0,0,0,39.7,45.1,48.4,0.29,0.37,0.42
NBRA,2019-11-08 22:50:00 EST,41.82792,-74.99689,1497,17.3,18.6,17.3,86.7,14.0,0.000,0.028,0.00,0.000,2.0,2.6,0.2,310,7,2.0,2.8,0.3,308,5,2.0,2.8,0.3,308,5,0,28.66,-0.0,0,0,0,39.7,45.1,48.4,0.29,0.37,0.42
NBRA,2019-11-08 22:55:00 EST,41.82792,-74.99689,1497,17.0,18.6,17.0,88.2,14.2,0.000,0.028,0.00,0.000,2.2,2.6,0.2,310,5,2.1,3.0,0.3,308,5,2.1,3.0,0.3,308,5,0,28.66,-0.0,0,0,0,39.7,45.1,48.4,0.29,0.37,0.42
NBRA,2019-11-08 23:00:00 EST,41.82792,-74.99689,1497,16.9,18.7,16.9,87.9,13.9,0.000,0.028,0.00,0.000,2.4,3.3,0.3,302,7,2.7,3.8,0.4,301,5,2.7,3.8,0.4,301,5,0,28.66,-0.0,0,0,0,39.6,45.1,48.4,0.29,0.37,0.42
NBRA,2019-11-08 23:05:00 EST,41.82792,-74.99689,1497,16.9,18.6,16.9,88.0,13.9,0.000,0.028,0.00,0.000,2.6,3.1,0.3,300,4,2.8,3.6,0.4,299,5,2.8,3.6,0.4,299,5,0,28.66,-0.0,0,0,0,39.6,45.1,48.4,0.29,0.37,0.42
NBRA,2019-11-08 23:10:00 EST,41.82792,-74.99689,1497,16.4,18.0,16.4,87.6,13.4,0.000,0.028,0.00,0.000,1.4,3.0,0.6,315,16,1.7,3.7,0.7,312,14,1.7,3.7,0.7,312,14,0,28.66,0.0,0,0,0,39.6,45.1,48.4,0.29,0.37,0.42
NBRA,2019-11-08 23:15:00 EST,41.82792,-74.99689,1497,16.7,17.9,16.7,88.7,13.9,0.000,0.028,0.00,0.000,0.2,1.2,0.4,329,4,0.6,1.9,0.5,323,9,0.6,1.9,0.5,323,9,0,28.66,0.0,0,0,0,39.6,45.1,48.4,0.29,0.37,0.42
NBRA,2019-11-08 23:20:00 EST,41.82792,-74.99689,1497,16.6,17.7,16.6,88.0,13.6,0.000,0.028,0.00,0.000,0.1,1.0,0.3,330,2,0.6,1.4,0.5,327,8,0.6,1.4,0.5,327,8,0,28.66,0.0,0,0,0,39.6,45.1,48.4,0.29,0.37,0.42
NBRA,2019-11-08 23:25:00 EST,41.82792,-74.99689,1497,16.2,17.0,16.2,89.0,13.5,0.000,0.028,0.00,0.000,0.0,0.0,0.0,0,0,0.0,0.0,0.0,0,0,0.0,0.0,0.0,0,0,0,28.66,0.0,0,0,0,39.6,45.1,48.4,0.29,0.37,0.42
NBRA,2019-11-08 23:30:00 EST,41.82792,-74.99689,1497,16.2,16.7,16.2,90.6,14.0,0.000,0.028,0.00,0.000,0.0,0.0,0.0,0,0,0.1,0.9,0.3,195,5,0.1,0.9,0.3,195,5,0,28.66,0.0,0,0,0,39.6,45.1,48.4,0.29,0.37,0.42
NBRA,2019-11-08 23:35:00 EST,41.82792,-74.99689,1497,16.3,16.8,16.3,91.3,14.2,0.000,0.028,0.00,0.000,0.0,0.0,0.0,0,0,0.1,0.8,0.3,185,5,0.1,0.8,0.3,185,5,0,28.66,-0.0,0,0,0,39.6,45.1,48.4,0.29,0.37,0.42
NBRA,2019-11-08 23:40:00 EST,41.82792,-74.99689,1497,16.4,17.4,16.4,91.9,14.4,0.000,0.028,0.00,0.000,0.0,0.0,0.0,0,0,0.3,0.9,0.4,204,17,0.3,0.9,0.4,204,17,0,28.67,-0.0,0,0,0,39.6,45.1,48.4,0.29,0.37,0.42
NBRA,2019-11-08 23:45:00 EST,41.82792,-74.99689,1497,16.6,17.5,16.6,91.8,14.6,0.000,0.028,0.00,0.000,0.0,0.0,0.0,0,0,0.6,1.3,0.4,233,15,0.6,1.3,0.4,233,15,0,28.67,-0.1,0,0,0,39.5,45.1,48.4,0.29,0.37,0.42
NBRA,2019-11-08 23:50:00 EST,41.82792,-74.99689,1497,16.8,17.6,16.8,90.9,14.6,0.000,0.028,0.00,0.000,0.2,0.7,0.3,253,5,0.8,1.5,0.4,239,15,0.8,1.5,0.4,239,15,0,28.67,-0.1,0,0,0,39.4,45.1,48.4,0.29,0.37,0.42
NBRA,2019-11-08 23:55:00 EST,41.82792,-74.99689,1497,17.0,17.7,17.0,89.5,14.5,0.000,0.028,0.00,0.000,0.2,0.7,0.2,267,6,0.8,1.4,0.4,263,15,0.8,1.4,0.4,263,15,0,28.67,-0.1,0,0,0,39.4,45.1,48.4,0.29,0.37,0.42
NEWC,2019-11-08 00:00:00 EST,43.97329,-74.22273,1645,18.7,19.6,18.7,91.3,16.6,0.000,0.150,0.00,0.000,0.0,0.0,0.0,0,0,1.7,3.8,0.7,201,55,1.7,3.8,0.7,201,55,0,28.27,0.6,0,0,0,44.4,47.7,49.6,0.31,0.31,0.23
NEWC,2019-11-08 00:05:00 EST,43.97329,-74.22273,1645,19.0,19.8,19.0,90.8,16.7,0.000,0.000,0.00,0.000,0.0,0.0,0.0,0,0,1.3,3.6,0.7,249,51,1.3,3.6,0.7,249,51,0,28.27,0.5,0,0,0,44.4,47.7,49.7,0.31,0.31,0.23
NEWC,2019-11-08 00:10:00 EST,43.97329,-74.22273,1645,19.1,19.6,19.1,92.2,17.2,0.000,0.000,0.00,0.000,0.0,0.0,0.0,0,0,1.7,2.6,0.3,216,11,1.7,2.6,0.3,216,11,0,28.27,0.5,0,0,0,44.4,47.7,49.7,0.31,0.31,0.23
NEWC,2019-11-08 00:15:00 EST,43.97329,-74.22273,1645,19.0,19.3,19.0,91.9,17.1,0.000,0.000,0.00,0.000,0.0,0.0,0.0,0,0,1.4,3.5,0.5,213,23,1.4,3.5,0.5,213,23,0,28.27,0.5,0,0,0,44.4,47.5,49.7,0.31,0.30,0.23
NEWC,2019-11-08 00:20:00 EST,43.97329,-74.22273,1645,18.9,19.3,18.9,91.3,16.7,0.000,0.000,0.00,0.000,0.0,0.0,0.0,0,0,0.8,2.0,0.6,247,17,0.8,2.0,0.6,247,17,0,28.27,0.6,0,0,0,44.4,47.5,49.7,0.31,0.31,0.23
NEWC,2019-11-08 00:25:00 EST,43.97329,-74.22273,1645,18.7,19.2,18.7,91.4,16.7,0.000,0.000,0.00,0.000,0.0,0.0,0.0,0,0,1.2,3.0,0.7,229,19,1.2,3.0,0.7,229,19,0,28.27,0.5,0,0,0,44.4,47.6,49.6,0.31,0.31,0.23
NEWC,2019-11-08 00:30:00 EST,43.97329,-74.22273,1645,18.4,19.0,18.4,91.2,16.2,0.000,0.000,0.00,0.000,0.0,0.0,0.0,0,0,1.1,2.2,0.6,218,17,1.1,2.2,0.6,218,17,0,28.27,0.5,0,0,0,44.4,47.5,49.6,0.31,0.30,0.23
NEWC,2019-11-08 00:35:00 EST,43.97329,-74.22273,1645,18.0,18.9,18.0,90.8,15.8,0.000,0.000,0.00,0.000,0.0,0.0,0.0,0,0,0.8,1.7,0.5,184,29,0.8,1.7,0.5,184,29,0,28.26,0.6,0,0,0,44.4,47.5,49.6,0.31,0.31,0.23
NEWC,2019-11-08 00:40:00 EST,43.97329,-74.22273,1645,18.6,19.0,18.6,92.3,16.8,0.000,0.000,0.00,0.000,0.0,0.0,0.0,0,0,1.7,3.5,0.6,215,19,1.7,3.5,0.6,215,19,0,28.26,0.6,0,0,0,44.4,47.5,49.6,0.31,0.30,0.23
NEWC,2019-11-08 00:45:00 EST,43.97329,-74.22273,1645,18.6,18.9,18.6,91.7,16.6,0.000,0.000,0.00,0.000,0.0,0.0,0.0,0,0,1.5,3.4,0.5,217,24,1.5,3.4,0.5,217,24,0,28.26,0.5,0,0,0,44.4,47.5,49.6,0.31,0.31,0.23
NEWC,2019-11-08 00:50:00 EST,43.97329,-74.22273,1645,18.1,18.8,18.1,90.0,15.7,0.000,0.000,0.00,0.000,0.0,0.0,0.0,0,0,1.6,4.7,0.8,234,35,1.6,4.7,0.8,234,35,0,28.26,0.6,0,0,0,44.4,47.5,49.7,0.31,0.31,0.23
NEWC,2019-11-08 00:55:00 EST,43.97329,-74.22273,1645,18.3,18.8,18.3,91.9,16.4,0.000,0.000,0.00,0.000,0.0,0.0,0.0,0,0,1.4,3.7,0.7,229,33,1.4,3.7,0.7,229,33,0,28.26,0.5,0,0,0,44.4,47.5,49.7,0.31,0.31,0.23
NEWC,2019-11-08 01:00:00 EST,43.97329,-74.22273,1645,18.3,18.7,18.3,92.0,16.4,0.000,0.000,0.00,0.000,0.0,0.0,0.0,0,0,1.4,2.2,0.3,211,20,1.4,2.2,0.3,211,20,0,28.26,0.5,0,0,0,44.4,47.5,49.6,0.31,0.30,0.23
NEWC,2019-11-08 01:05:00 EST,43.97329,-74.22273,1645,17.9,18.7,17.9,92.1,16.0,0.000,0.000,0.00,0.000,0.0,0.0,0.0,0,0,1.6,5.4,0.9,225,22,1.6,5.4,0.9,225,22,0,28.26,0.5,0,0,0,44.4,47.5,49.6,0.31,0.30,0.23
NEWC,2019-11-08 01:10:00 EST,43.97329,-74.22273,1645,18.1,18.6,18.1,92.5,16.3,0.000,0.000,0.00,0.000,0.0,0.0,0.0,0,0,1.3,3.2,0.7,217,21,1.3,3.2,0.7,217,21,0,28.26,0.6,0,0,0,44.2,47.5,49.6,0.31,0.30,0.23
NEWC,2019-11-08 01:15:00 EST,43.97329,-74.22273,1645,18.3,18.7,18.3,92.7,16.5,0.000,0.000,0.00,0.000,0.0,0.0,0.0,0,0,1.6,4.8,0.7,232,23,1.6,4.8,0.7,232,23,0,28.26,0.5,0,0,0,44.2,47.5,49.6,0.31,0.30,0.23
NEWC,2019-11-08 01:20:00 EST,43.97329,-74.22273,1645,18.3,18.7,18.3,92.4,16.5,0.000,0.000,0.00,0.000,0.0,0.0,0.0,0,0,2.0,3.9,0.8,218,24,2.0,3.9,0.8,218,24,0,28.26,0.5,0,0,0,44.1,47.5,49.6,0.31,0.30,0.23
NEWC,2019-11-08 01:25:00 EST,43.97329,-74.22273,1645,18.0,18.6,18.0,91.7,16.0,0.000,0.000,0.00,0.000,0.0,0.0,0.0,0,0,1.0,2.4,0.5,214,37,1.0,2.4,0.5,214,37,0,28.26,0.5,0,0,0,44.1,47.5,49.6,0.31,0.30,0.23
NEWC,2019-11-08 01:30:00 EST,43.97329,-74.22273,1645,18.2,18.6,18.2,91.1,16.0,0.000,0.000,0.00,0.000,0.0,0.0,0.0,0,0,1.0,2.3,0.6,155,47,1.0,2.3,0.6,155,47,0,28.25,0.5,0,0,0,44.1,47.5,49.6,0.31,0.30,0.23
NEWC,2019-11-08 01:35:00 EST,43.97329,-74.22273,1645,18.4,18.6,18.4,90.8,16.2,0.000,0.000,0.00,0.000,0.0,0.0,0.0,0,0,0.4,1.7,0.5,170,27,0.4,1.7,0.5,170,27,0,28.25,0.4,0,0,0,44.1,47.5,49.6,0.31,0.30,0.23
NEWC,2019-11-08 01:40:00 EST,43.97329,-74.22273,1645,18.0,18.7,18.0,89.3,15.4,0.000,0.000,0.00,0.000,0.0,0.0,0.0,0,0,0.9,3.0,0.7,321,64,0.9,3.0,0.7,321,64,0,28.25,0.5,0,0,0,44.1,47.5,49.6,0.31,0.30,0.23
NEWC,2019-11-08 01:45:00 EST,43.97329,-74.22273,1645,17.8,18.3,17.8,89.2,15.1,0.000,0.000,0.00,0.000,0.0,0.0,0.0,0,0,0.9,1.5,0.4,186,14,0.9,1.5,0.4,186,14,0,28.25,0.5,0,0,0,44.1,47.5,49.6,0.31,0.30,0.23
NEWC,2019-11-08 01:50:00 EST,43.97329,-74.22273,1645,17.8,18.3,17.8,90.6,15.5,0.000,0.000,0.00,0.000,0.0,0.0,0.0,0,0,0.7,1.5,0.5,189,17,0.7,1.5,0.5,189,17,0,28.25,0.5,0,0,0,44.1,47.5,49.6,0.31,0.30,0.23
NEWC,2019-11-08 01:55:00 EST,43.97329,-74.22273,1645,17.5,18.2,17.5,92.1,15.6,0.000,0.000,0.00,0.000,0.0,0.0,0.0,0,0,1.0,1.5,0.4,201,19,1.0,1.5,0.4,201,19,0,28.25,0.6,0,0,0,44.1,47.5,49.6,0.31,0.30,0.23
NEWC,2019-11-08 02:00:00 EST,43.97329,-74.22273,1645,17.5,18.0,17.5,92.4,15.7,0.000,0.000,0.00,0.000,0.0,0.0,0.0,0,0,1.2,2.2,0.5,217,24,1.2,2.2,0.5,217,24,0,28.25,0.5,0,0,0,44.0,47.5,49.6,0.31,0.30,0.23
NEWC,2019-11-08 02:05:00 EST,43.97329,-74.22273,1645,17.4,17.9,17.4,92.3,15.6,0.000,0.000,0.00,0.000,0.0,0.0,0.0,0,0,1.0,2.0,0.5,212,19,1.0,2.0,0.5,212,19,0,28.25,0.5,0,0,0,44.0,47.5,49.6,0.31,0.30,0.23
NEWC,2019-11-08 02:10:00 EST,43.97329,-74.22273,1645,17.5,17.8,17.5,92.5,15.7,0.000,0.000,0.00,0.000,0.0,0.0,0.0,0,0,1.3,2.4,0.5,211,11,1.3,2.4,0.5,211,11,0,28.25,0.5,0,0,0,43.9,47.5,49.6,0.31,0.30,0.23
NEWC,2019-11-08 02:15:00 EST,43.97329,-74.22273,1645,17.2,17.6,17.2,92.1,15.3,0.000,0.000,0.00,0.000,0.0,0.0,0.0,0,0,1.5,2.2,0.3,205,13,1.5,2.2,0.3,205,13,0,28.24,0.5,0,0,0,43.9,47.5,49.6,0.31,0.30,0.23
NEWC,2019-11-08 02:20:00 EST,43.97329,-74.22273,1645,17.1,17.4,17.1,92.4,15.3,0.000,0.000,0.00,0.000,0.0,0.0,0.0,0,0,1.4,1.9,0.2,220,10,1.4,1.9,0.2,220,10,0,28.24,0.5,0,0,0,43.9,47.5,49.6,0.31,0.30,0.23
NEWC,2019-11-08 02:25:00 EST,43.97329,-74.22273,1645,16.9,17.3,16.9,91.9,15.0,0.000,0.000,0.00,0.000,0.0,0.0,0.0,0,0,1.3,3.0,0.4,222,16,1.3,3.0,0.4,222,16,0,28.24,0.6,0,0,0,43.9,47.5,49.6,0.31,0.30,0.23
NEWC,2019-11-08 02:30:00 EST,43.97329,-74.22273,1645,16.6,17.2,16.6,91.2,14.5,0.000,0.000,0.00,0.000,0.0,0.0,0.0,0,0,0.8,1.6,0.5,212,16,0.8,1.6,0.5,212,16,0,28.24,0.6,0,0,0,43.9,47.5,49.6,0.31,0.30,0.23
NEWC,2019-11-08 02:35:00 EST,43.97329,-74.22273,1645,16.5,17.1,16.5,92.1,14.6,0.000,0.000,0.00,0.000,0.0,0.0,0.0,0,0,0.2,0.9,0.3,207,7,0.2,0.9,0.3,207,7,0,28.24,0.5,0,0,0,43.9,47.5,49.6,0.31,0.30,0.23
NEWC,2019-11-08 02:40:00 EST,43.97329,-74.22273,1645,16.1,17.0,16.1,92.7,14.3,0.000,0.000,0.00,0.000,0.0,0.0,0.0,0,0,1.2,2.5,0.4,226,24,1.2,2.5,0.4,226,24,0,28.24,0.6,0,0,0,43.9,47.5,49.6,0.31,0.30,0.23
NEWC,2019-11-08 02:45:00 EST,43.97329,-74.22273,1645,16.5,17.0,16.5,93.0,14.8,0.000,0.000,0.00,0.000,0.0,0.0,0.0,0,0,1.0,2.0,0.5,241,19,1.0,2.0,0.5,241,19,0,28.24,0.6,0,0,0,43.9,47.5,49.6,0.31,0.30,0.23
NEWC,2019-11-08 02:50:00 EST,43.97329,-74.22273,1645,16.3,17.0,16.3,92.7,14.6,0.000,0.000,0.00,0.000,0.0,0.0,0.0,0,0,0.5,1.6,0.5,223,24,0.5,1.6,0.5,223,24,0,28.24,0.4,0,0,0,43.9,47.5,49.6,0.31,0.30,0.23
NEWC,2019-11-08 02:55:00 EST,43.97329,-74.22273,1645,16.3,16.9,16.3,92.1,14.4,0.000,0.000,0.00,0.000,0.0,0.0,0.0,0,0,1.2,2.5,0.7,223,32,1.2,2.5,0.7,223,32,0,28.24,0.6,0,0,0,43.9,47.5,49.6,0.31,0.30,0.23
NEWC,2019-11-08 03:00:00 EST,43.97329,-74.22273,1645,16.5,17.0,16.5,91.8,14.6,0.000,0.000,0.00,0.000,0.0,0.0,0.0,0,0,1.5,5.9,0.8,217,35,1.5,5.9,0.8,217,35,0,28.24,0.6,0,0,0,43.9,47.5,49.6,0.31,0.30,0.23
NEWC,2019-11-08 03:05:00 EST,43.97329,-74.22273,1645,16.6,17.2,16.6,90.9,14.4,0.000,0.000,0.00,0.000,0.0,0.0,0.0,0,0,1.7,5.9,1.1,228,36,1.7,5.9,1.1,228,36,0,28.24,0.4,0,0,0,43.8,47.5,49.6,0.31,0.30,0.23
NEWC,2019-11-08 03:10:00 EST,43.97329,-74.22273,1645,16.8,17.3,16.8,89.9,14.3,0.000,0.000,0.00,0.000,0.0,0.0,0.0,0,0,1.2,2.5,0.6,232,41,1.2,2.5,0.6,232,41,0,28.24,0.6,0,0,0,43.7,47.5,49.6,0.31,0.30,0.23
NEWC,2019-11-08 03:15:00 EST,43.97329,-74.22273,1645,17.1,17.5,17.1,91.1,15.0,0.000,0.000,0.00,0.000,0.0,0.0,0.0,0,0,0.8,3.0,0.8,278,25,0.8,3.0,0.8,278,25,0,28.24,0.5,0,0,0,43.7,47.5,49.6,0.31,0.30,0.23
NEWC,2019-11-08 03:20:00 EST,43.97329,-74.22273,1645,17.2,17.6,17.2,90.3,14.9,0.000,0.000,0.00,0.000,0.0,0.0,0.0,0,0,1.9,5.0,0.7,256,46,1.9,5.0,0.7,256,46,0,28.24,0.5,0,0,0,43.7,47.5,49.6,0.31,0.30,0.23
NEWC,2019-11-08 03:25:00 EST,43.97329,-74.22273,1645,17.2,17.6,17.2,89.4,14.6,0.000,0.000,0.00,0.000,0.0,0.0,0.0,0,0,1.4,3.9,0.9,270,34,1.4,3.9,0.9,270,34,0,28.24,0.5,0,0,0,43.7,47.5,49.6,0.31,0.30,0.23
NEWC,2019-11-08 03:30:00 EST,43.97329,-74.22273,1645,17.2,17.5,17.2,88.3,14.3,0.000,0.000,0.00,0.000,0.0,0.0,0.0,0,0,1.4,5.7,1.0,242,41,1.4,5.7,1.0,242,41,0,28.24,0.6,0,0,0,43.7,47.5,49.6,0.31,0.30,0.23
NEWC,2019-11-08 03:35:00 EST,43.97329,-74.22273,1645,17.2,17.5,17.2,88.9,14.5,0.000,0.000,0.00,0.000,0.0,0.0,0.0,0,0,2.0,8.1,1.4,246,40,2.0,8.1,1.4,246,40,0,28.24,0.5,0,0,0,43.7,47.5,49.6,0.31,0.30,0.23
NEWC,2019-11-08 03:40:00 EST,43.97329,-74.22273,1645,17.2,17.5,17.2,89.9,14.8,0.000,0.000,0.00,0.000,0.0,0.0,0.0,0,0,1.7,3.8,0.8,254,31,1.7,3.8,0.8,254,31,0,28.24,0.5,0,0,0,43.7,47.5,49.6,0.31,0.30,0.23
NEWC,2019-11-08 03:45:00 EST,43.97329,-74.22273,1645,17.3,17.7,17.3,89.2,14.7,0.000,0.000,0.00,0.000,0.0,0.0,0.0,0,0,2.0,4.2,0.8,251,37,2.0,4.2,0.8,251,37,0,28.24,0.5,0,0,0,43.6,47.5,49.6,0.31,0.30,0.23
NEWC,2019-11-08 03:50:00 EST,43.97329,-74.22273,1645,17.4,17.7,17.4,88.6,14.6,0.000,0.000,0.00,0.000,0.0,0.0,0.0,0,0,2.3,6.7,1.5,253,45,2.3,6.7,1.5,253,45,0,28.24,0.5,0,0,0,43.6,47.5,49.6,0.31,0.30,0.23
NEWC,2019-11-08 03:55:00 EST,43.97329,-74.22273,1645,17.4,17.6,17.4,87.5,14.3,0.000,0.000,0.00,0.000,0.0,0.0,0.0,0,0,1.9,4.1,0.7,239,45,1.9,4.1,0.7,239,45,0,28.24,0.5,0,0,0,43.5,47.5,49.6,0.31,0.30,0.23
NEWC,2019-11-08 04:00:00 EST,43.97329,-74.22273,1645,17.1,17.5,17.1,88.1,14.2,0.000,0.000,0.00,0.000,0.0,0.0,0.0,0,0,1.9,5.4,0.9,241,42,1.9,5.4,0.9,241,42,0,28.24,0.5,0,0,0,43.5,47.5,49.6,0.31,0.30,0.23
NEWC,2019-11-08 04:05:00 EST,43.97329,-74.22273,1645,17.1,17.4,17.1,88.4,14.3,0.000,0.000,0.00,0.000,0.0,0.0,0.0,0,0,2.2,8.3,1.4,240,34,2.2,8.3,1.4,240,34,0,28.24,0.5,0,0,0,43.5,47.5,49.6,0.31,0.30,0.23
NEWC,2019-11-08 04:10:00 EST,43.97329,-74.22273,1645,16.8,17.1,16.8,87.6,13.8,0.000,0.000,0.00,0.000,0.0,0.0,0.0,0,0,1.8,3.9,1.0,235,31,1.8,3.9,1.0,235,31,0,28.24,0.6,0,0,0,43.5,47.5,49.6,0.31,0.30,0.23
NEWC,2019-11-08 04:15:00 EST,43.97329,-74.22273,1645,16.5,17.0,16.5,87.0,13.3,0.000,0.000,0.00,0.000,0.0,0.0,0.0,0,0,1.7,5.2,0.8,248,40,1.7,5.2,0.8,248,40,0,28.24,0.4,0,0,0,43.5,47.5,49.6,0.31,0.30,0.23
NEWC,2019-11-08 04:20:00 EST,43.97329,-74.22273,1645,16.3,16.7,16.3,87.6,13.2,0.000,0.000,0.00,0.000,0.0,0.0,0.0,0,0,1.3,5.1,1.0,243,38,1.3,5.1,1.0,243,38,0,28.24,0.5,0,0,0,43.5,47.5,49.6,0.31,0.30,0.23
NEWC,2019-11-08 04:25:00 EST,43.97329,-74.22273,1645,15.9,16.6,15.9,87.0,12.7,0.000,0.000,0.00,0.000,0.0,0.0,0.0,0,0,1.2,3.3,0.9,246,43,1.2,3.3,0.9,246,43,0,28.24,0.5,0,0,0,43.5,47.5,49.6,0.31,0.30,0.23
NEWC,2019-11-08 04:30:00 EST,43.97329,-74.22273,1645,16.0,16.5,16.0,87.7,13.0,0.000,0.000,0.00,0.000,0.0,0.0,0.0,0,0,1.7,4.6,0.9,228,38,1.7,4.6,0.9,228,38,0,28.24,0.5,0,0,0,43.5,47.5,49.6,0.31,0.30,0.23
NEWC,2019-11-08 04:35:00 EST,43.97329,-74.22273,1645,15.7,16.5,15.7,87.1,12.6,0.000,0.000,0.00,0.000,0.0,0.0,0.0,0,0,1.7,4.7,1.1,243,48,1.7,4.7,1.1,243,48,0,28.24,0.5,0,0,0,43.5,47.5,49.6,0.31,0.30,0.23
NEWC,2019-11-08 04:40:00 EST,43.97329,-74.22273,1645,15.4,16.2,15.4,86.0,12.0,0.000,0.000,0.00,0.000,0.0,0.0,0.0,0,0,1.2,3.7,1.1,79,48,1.2,3.7,1.1,79,48,0,28.24,0.5,0,0,0,43.4,47.5,49.6,0.31,0.30,0.23
NEWC,2019-11-08 04:45:00 EST,43.97329,-74.22273,1645,15.7,16.3,15.7,86.7,12.5,0.000,0.000,0.00,0.000,0.0,0.0,0.0,0,0,1.4,4.4,1.0,286,44,1.4,4.4,1.0,286,44,0,28.24,0.5,0,0,0,43.3,47.5,49.6,0.31,0.30,0.23
NEWC,2019-11-08 04:50:00 EST,43.97329,-74.22273,1645,15.5,16.2,15.5,86.2,12.1,0.000,0.000,0.00,0.000,0.0,0.0,0.0,0,0,1.7,4.8,1.1,244,57,1.7,4.8,1.1,244,57,0,28.24,0.7,0,0,0,43.3,47.5,49.6,0.31,0.30,0.23
NEWC,2019-11-08 04:55:00 EST,43.97329,-74.22273,1645,16.0,16.3,16.0,87.8,13.0,0.000,0.000,0.00,0.000,0.0,0.0,0.0,0,0,2.4,10.7,2.2,254,39,2.4,10.7,2.2,254,39,0,28.24,0.6,0,0,0,43.3,47.5,49.6,0.31,0.30,0.23
NEWC,2019-11-08 05:00:00 EST,43.97329,-74.22273,1645,16.3,16.5,16.3,87.5,13.2,0.000,0.000,0.00,0.000,0.0,0.0,0.0,0,0,1.7,5.4,0.9,230,42,1.7,5.4,0.9,230,42,0,28.25,0.6,0,0,0,43.3,47.5,49.6,0.31,0.30,0.23
NEWC,2019-11-08 05:05:00 EST,43.97329,-74.22273,1645,16.3,16.5,16.3,88.2,13.4,0.000,0.000,0.00,0.000,0.0,0.0,0.0,0,0,2.3,6.1,1.4,242,38,2.3,6.1,1.4,242,38,0,28.24,0.5,0,0,0,43.3,47.5,49.6,0.31,0.30,0.23
NEWC,2019-11-08 05:10:00 EST,43.97329,-74.22273,1645,16.3,16.5,16.3,88.6,13.6,0.000,0.000,0.00,0.000,0.0,0.0,0.0,0,0,2.3,5.5,1.2,241,26,2.3,5.5,1.2,241,26,0,28.24,0.6,0,0,0,43.3,47.5,49.6,0.31,0.30,0.23
NEWC,2019-11-08 05:15:00 EST,43.97329,-74.22273,1645,16.4,16.6,16.4,89.8,13.9,0.000,0.000,0.00,0.000,0.0,0.0,0.0,0,0,2.0,4.8,0.8,251,24,2.0,4.8,0.8,251,24,0,28.24,0.6,0,0,0,43.3,47.5,49.6,0.31,0.30,0.23
NEWC,2019-11-08 05:20:00 EST,43.97329,-74.22273,1645,16.4,16.6,16.4,89.8,14.0,0.000,0.000,0.00,0.000,0.0,0.0,0.0,0,0,1.9,4.0,0.8,269,24,1.9,4.0,0.8,269,24,0,28.24,0.6,0,0,0,43.3,47.5,49.6,0.31,0.30,0.23
NEWC,2019-11-08 05:25:00 EST,43.97329,-74.22273,1645,16.3,16.5,16.3,89.1,13.7,0.000,0.000,0.00,0.000,0.0,0.0,0.0,0,0,3.0,7.5,1.3,267,24,3.0,7.5,1.3,267,24,0,28.24,0.6,0,0,0,43.3,47.5,49.6,0.31,0.30,0.23
NEWC,2019-11-08 05:30:00 EST,43.97329,-74.22273,1645,16.4,16.5,16.4,89.7,13.9,0.000,0.000,0.00,0.000,0.0,0.0,0.0,0,0,1.9,4.6,1.0,286,28,1.9,4.6,1.0,286,28,0,28.25,0.6,0,0,0,43.3,47.5,49.6,0.31,0.30,0.23
NEWC,2019-11-08 05:35:00 EST,43.97329,-74.22273,1645,16.7,16.6,16.7,90.1,14.3,0.000,0.000,0.00,0.000,0.0,0.0,0.0,0,0,2.6,6.3,1.3,281,44,2.6,6.3,1.3,281,44,0,28.25,0.5,0,0,0,43.2,47.5,49.6,0.31,0.30,0.23
NEWC,2019-11-08 05:40:00 EST,43.97329,-74.22273,1645,16.9,16.9,16.9,89.8,14.4,0.000,0.000,0.00,0.000,0.0,0.0,0.0,0,0,1.7,4.5,1.1,272,50,1.7,4.5,1.1,272,50,0,28.25,0.5,0,0,0,43.2,47.5,49.6,0.31,0.30,0.23
NEWC,2019-11-08 05:45:00 EST,43.97329,-74.22273,1645,16.8,16.8,16.8,89.2,14.2,0.000,0.000,0.00,0.000,0.0,0.0,0.0,0,0,1.9,5.1,1.1,265,49,1.9,5.1,1.1,265,49,0,28.25,0.5,0,0,0,43.2,47.4,49.6,0.31,0.30,0.23
NEWC,2019-11-08 05:50:00 EST,43.97329,-74.22273,1645,16.9,16.8,16.9,89.9,14.5,0.000,0.000,0.00,0.000,0.0,0.0,0.0,0,0,1.9,5.4,1.4,281,36,1.9,5.4,1.4,281,36,0,28.25,0.5,0,0,0,43.2,47.4,49.6,0.31,0.30,0.23
NEWC,2019-11-08 05:55:00 EST,43.97329,-74.22273,1645,17.1,16.9,17.1,90.5,14.8,0.000,0.000,0.00,0.000,0.0,0.0,0.0,0,0,2.3,8.4,1.2,275,43,2.3,8.4,1.2,275,43,0,28.26,0.5,0,0,0,43.2,47.5,49.6,0.31,0.30,0.23
NEWC,2019-11-08 06:00:00 EST,43.97329,-74.22273,1645,17.2,17.0,17.2,90.0,14.7,0.000,0.000,0.00,0.000,0.0,0.0,0.0,0,0,1.0,4.3,0.9,284,46,1.0,4.3,0.9,284,46,0,28.26,0.6,0,0,0,43.2,47.4,49.6,0.31,0.30,0.23
NEWC,2019-11-08 06:05:00 EST,43.97329,-74.22273,1645,17.2,17.1,17.2,89.2,14.5,0.000,0.000,0.00,0.000,0.0,0.0,0.0,0,0,3.0,9.6,2.2,287,45,3.0,9.6,2.2,287,45,0,28.26,0.7,0,0,0,43.2,47.4,49.6,0.31,0.30,0.23
NEWC,2019-11-08 06:10:00 EST,43.97329,-74.22273,1645,17.5,17.4,17.5,90.1,15.1,0.000,0.000,0.00,0.000,0.0,0.0,0.0,0,0,2.8,7.2,1.7,312,58,2.8,7.2,1.7,312,58,0,28.26,0.4,0,0,0,43.2,47.5,49.6,0.31,0.30,0.23
NEWC,2019-11-08 06:15:00 EST,43.97329,-74.22273,1645,17.6,17.6,17.6,89.9,15.2,0.000,0.000,0.00,0.000,0.0,0.0,0.0,0,0,2.3,5.4,1.1,314,56,2.3,5.4,1.1,314,56,0,28.26,0.5,0,0,0,43.2,47.4,49.6,0.31,0.30,0.23
NEWC,2019-11-08 06:20:00 EST,43.97329,-74.22273,1645,17.5,17.5,17.5,88.8,14.8,0.000,0.000,0.00,0.000,0.0,0.0,0.0,0,0,2.0,5.1,0.9,338,62,2.0,5.1,0.9,338,62,0,28.26,0.4,0,0,0,43.2,47.3,49.6,0.31,0.30,0.23
NEWC,2019-11-08 06:25:00 EST,43.97329,-74.22273,1645,17.4,17.4,17.4,88.3,14.5,0.000,0.000,0.00,0.000,0.0,0.0,0.0,0,0,1.7,4.4,1.1,330,56,1.7,4.4,1.1,330,56,0,28.27,0.4,0,0,0,43.2,47.4,49.6,0.31,0.30,0.23
NEWC,2019-11-08 06:30:00 EST,43.97329,-74.22273,1645,17.3,17.3,17.3,89.4,14.8,0.000,0.000,0.00,0.000,0.0,0.0,0.0,0,0,1.4,5.7,1.2,8,48,1.4,5.7,1.2,8,48,0,28.27,0.6,0,0,0,43.1,47.4,49.6,0.31,0.30,0.23
NEWC,2019-11-08 06:35:00 EST,43.97329,-74.22273,1645,17.4,17.3,17.4,89.1,14.7,0.000,0.000,0.00,0.000,0.0,0.0,0.0,0,0,2.1,4.6,1.1,328,46,2.1,4.6,1.1,328,46,0,28.27,0.4,0,0,0,43.1,47.3,49.6,0.31,0.30,0.23
NEWC,2019-11-08 06:40:00 EST,43.97329,-74.22273,1645,17.4,17.2,17.4,89.9,14.9,0.000,0.000,0.00,0.000,0.0,0.0,0.0,0,0,1.6,3.5,0.8,332,52,1.6,3.5,0.8,332,52,1,28.27,0.4,0,0,0,43.0,47.3,49.6,0.31,0.30,0.23
NEWC,2019-11-08 06:45:00 EST,43.97329,-74.22273,1645,17.2,17.1,17.2,89.4,14.6,0.000,0.000,0.00,0.000,0.0,0.0,0.0,0,0,1.6,4.1,0.9,248,41,1.6,4.1,0.9,248,41,1,28.27,0.5,0,0,0,43.0,47.3,49.6,0.31,0.30,0.23
NEWC,2019-11-08 06:50:00 EST,43.97329,-74.22273,1645,17.2,17.1,17.2,89.4,14.6,0.000,0.000,0.00,0.000,0.0,0.0,0.0,0,0,1.0,2.8,0.8,84,46,1.0,2.8,0.8,84,46,2,28.28,0.4,0,0,0,43.0,47.3,49.6,0.31,0.30,0.23
NEWC,2019-11-08 06:55:00 EST,43.97329,-74.22273,1645,17.3,17.2,17.3,88.9,14.5,0.000,0.000,0.00,0.000,0.0,0.0,0.0,0,0,1.1,4.3,0.9,320,46,1.1,4.3,0.9,320,46,2,28.28,0.4,0,0,0,43.0,47.3,49.6,0.31,0.30,0.23
NEWC,2019-11-08 07:00:00 EST,43.97329,-74.22273,1645,17.4,17.3,17.4,89.0,14.7,0.000,0.000,0.00,0.000,0.0,0.0,0.0,0,0,1.6,4.2,1.0,262,39,1.6,4.2,1.0,262,39,3,28.28,0.6,0,0,0,43.0,47.3,49.6,0.31,0.30,0.23
NEWC,2019-11-08 07:05:00 EST,43.97329,-74.22273,1645,17.5,17.3,17.5,89.7,15.0,0.000,0.000,0.00,0.000,0.0,0.0,0.0,0,0,1.5,5.3,1.1,270,25,1.5,5.3,1.1,270,25,4,28.28,0.3,0,0,0,43.0,47.3,49.6,0.31,0.30,0.23
NEWC,2019-11-08 07:10:00 EST,43.97329,-74.22273,1645,17.3,17.2,17.3,87.9,14.3,0.000,0.000,0.00,0.000,0.0,0.0,0.0,0,0,1.7,4.0,0.8,264,39,1.7,4.0,0.8,264,39,5,28.28,0.4,0,0,0,43.0,47.3,49.6,0.31,0.30,0.23
NEWC,2019-11-08 07:15:00 EST,43.97329,-74.22273,1645,17.4,17.4,17.4,89.1,14.7,0.000,0.000,0.00,0.000,0.0,0.0,0.0,0,0,1.6,3.4,0.8,270,38,1.6,3.4,0.8,270,38,6,28.28,0.4,0,0,0,43.0,47.3,49.6,0.31,0.30,0.23
NEWC,2019-11-08 07:20:00 EST,43.97329,-74.22273,1645,17.4,17.4,17.4,89.2,14.8,0.000,0.000,0.00,0.000,0.0,0.0,0.0,0,0,1.1,2.6,0.7,274,37,1.1,2.6,0.7,274,37,9,28.28,0.4,0,0,0,43.0,47.3,49.6,0.31,0.30,0.23
NEWC,2019-11-08 07:25:00 EST,43.97329,-74.22273,1645,17.7,17.6,17.7,89.0,15.0,0.000,0.000,0.00,0.000,0.0,0.0,0.0,0,0,1.8,5.3,1.1,269,33,1.8,5.3,1.1,269,33,11,28.29,0.5,0,0,0,43.0,47.3,49.6,0.31,0.30,0.23
NEWC,2019-11-08 07:30:00 EST,43.97329,-74.22273,1645,18.0,18.0,18.0,90.1,15.5,0.000,0.000,0.00,0.000,0.0,0.0,0.0,0,0,1.7,5.2,0.8,261,54,1.7,5.2,0.8,261,54,12,28.29,0.6,0,0,0,43.0,47.3,49.6,0.31,0.30,0.23
NEWC,2019-11-08 07:35:00 EST,43.97329,-74.22273,1645,18.2,18.1,18.2,89.6,15.6,0.000,0.000,0.00,0.000,0.0,0.0,0.0,0,0,1.6,5.7,0.9,301,59,1.6,5.7,0.9,301,59,10,28.29,0.6,0,0,0,42.8,47.3,49.6,0.31,0.30,0.23
NEWC,2019-11-08 07:40:00 EST,43.97329,-74.22273,1645,18.2,18.2,18.2,88.6,15.4,0.000,0.000,0.00,0.000,0.0,0.0,0.0,0,0,1.8,8.3,1.6,263,33,1.8,8.3,1.6,263,33,13,28.29,0.5,0,0,0,42.8,47.3,49.6,0.31,0.30,0.23
NEWC,2019-11-08 07:45:00 EST,43.97329,-74.22273,1645,18.4,18.3,18.4,89.5,15.8,0.000,0.000,0.00,0.000,0.0,0.0,0.0,0,0,1.7,5.6,1.1,276,40,1.7,5.6,1.1,276,40,20,28.30,0.7,0,0,0,42.8,47.3,49.6,0.31,0.30,0.23
NEWC,2019-11-08 07:50:00 EST,43.97329,-74.22273,1645,18.6,18.4,18.6,89.2,15.9,0.000,0.000,0.00,0.000,0.0,0.0,0.0,0,0,1.4,4.4,1.3,265,44,1.4,4.4,1.3,265,44,23,28.30,,0,0,0,42.8,47.3,49.6,0.31,0.30,0.23
NEWC,2019-11-08 07:55:00 EST,43.97329,-74.22273,1645,18.6,18.5,18.6,89.1,15.9,0.000,0.000,0.00,0.000,0.0,0.0,0.0,0,0,1.3,3.4,0.8,283,49,1.3,3.4,0.8,283,49,33,28.30,,0,0,0,42.8,47.3,49.6,0.31,0.30,0.23
NEWC,2019-11-08 08:00:00 EST,43.97329,-74.22273,1645,18.9,18.8,18.9,89.0,16.2,0.000,0.000,0.00,0.000,0.0,0.0,0.0,0,0,2.1,4.9,0.9,265,31,2.1,4.9,0.9,265,31,32,28.30,-0.6,0,0,0,42.8,47.3,49.6,0.31,0.30,0.23
NEWC,2019-11-08 08:05:00 EST,43.97329,-74.22273,1645,19.2,18.9,19.2,89.1,16.5,0.000,0.000,0.00,0.000,0.0,0.0,0.0,0,0,2.0,5.5,0.9,301,54,2.0,5.5,0.9,301,54,28,28.30,0.7,0,0,0,42.8,47.3,49.6,0.31,0.30,0.23
NEWC,2019-11-08 08:10:00 EST,43.97329,-74.22273,1645,19.3,19.1,19.3,88.6,16.5,0.000,0.000,0.00,0.000,0.0,0.0,0.0,0,0,1.7,5.2,1.2,269,51,1.7,5.2,1.2,269,51,39,28.31,,0,0,0,42.8,47.3,49.6,0.31,0.30,0.23
NEWC,2019-11-08 08:15:00 EST,43.97329,-74.22273,1645,19.4,19.2,14.2,87.4,16.3,0.000,0.000,0.00,0.000,0.0,0.0,0.0,0,0,3.5,9.9,2.1,289,48,3.5,9.9,2.1,289,48,54,28.31,0.6,0,0,0,42.8,47.3,49.6,0.31,0.30,0.23
NEWC,2019-11-08 08:20:00 EST,43.97329,-74.22273,1645,19.9,19.5,19.9,88.1,16.9,0.000,0.000,0.00,0.000,0.0,0.0,0.0,0,0,2.3,6.2,1.2,273,42,2.3,6.2,1.2,273,42,42,28.31,0.1,0,0,0,42.8,47.3,49.6,0.31,0.30,0.23
NEWC,2019-11-08 08:25:00 EST,43.97329,-74.22273,1645,20.0,19.7,20.0,88.6,17.2,0.000,0.000,0.00,0.000,0.0,0.0,0.0,0,0,1.8,7.1,1.3,292,49,1.8,7.1,1.3,292,49,38,28.31,-0.1,0,0,0,42.8,47.3,49.6,0.31,0.30,0.23
NEWC,2019-11-08 08:30:00 EST,43.97329,-74.22273,1645,19.9,19.6,19.9,87.0,16.7,0.000,0.000,0.00,0.000,0.0,0.0,0.0,0,0,2.2,7.9,1.5,277,47,2.2,7.9,1.5,277,47,39,28.31,-0.1,0,0,0,42.8,47.3,49.6,0.31,0.30,0.23
NEWC,2019-11-08 08:35:00 EST,43.97329,-74.22273,1645,20.3,19.9,20.3,89.0,17.5,0.000,0.000,0.00,0.000,0.0,0.0,0.0,0,0,2.1,7.5,1.7,262,44,2.1,7.5,1.7,262,44,35,28.31,-0.1,0,0,0,42.8,47.3,49.6,0.31,0.30,0.23
NEWC,2019-11-08 08:40:00 EST,43.97329,-74.22273,1645,20.1,19.8,15.1,87.0,16.8,0.000,0.000,0.00,0.000,0.0,0.0,0.0,0,0,3.4,10.5,2.2,288,58,3.4,10.5,2.2,288,58,40,28.31,-0.2,0,0,0,42.8,47.3,49.6,0.31,0.30,0.23
NEWC,2019-11-08 08:45:00 EST,43.97329,-74.22273,1645,19.9,19.7,19.9,86.8,16.6,0.000,0.000,0.00,0.000,0.0,0.0,0.0,0,0,1.6,3.6,0.9,43,76,1.6,3.6,0.9,43,76,56,28.32,0.4,0,0,0,42.8,47.3,49.6,0.31,0.30,0.23
NEWC,2019-11-08 08:50:00 EST,43.97329,-74.22273,1645,20.2,20.0,20.2,87.7,17.2,0.000,0.000,0.00,0.000,0.0,0.0,0.0,0,0,2.7,8.1,1.6,281,54,2.7,8.1,1.6,281,54,46,28.32,,0,0,0,42.8,47.3,49.6,0.31,0.30,0.23
NEWC,2019-11-08 08:55:00 EST,43.97329,-74.22273,1645,20.4,20.0,20.4,86.1,16.9,0.000,0.000,0.00,0.000,0.0,0.0,0.0,0,0,2.9,6.6,1.4,292,62,2.9,6.6,1.4,292,62,68,28.32,-0.1,0,0,0,42.8,47.3,49.6,0.31,0.30,0.23
NEWC,2019-11-08 09:00:00 EST,43.97329,-74.22273,1645,20.4,20.0,20.4,85.6,16.7,0.000,0.000,0.00,0.000,0.0,0.0,0.0,0,0,2.5,6.3,1.5,332,53,2.5,6.3,1.5,332,53,49,28.32,0.1,0,0,0,42.8,47.3,49.6,0.31,0.30,0.23
NEWC,2019-11-08 09:05:00 EST,43.97329,-74.22273,1645,20.4,20.2,20.4,84.5,16.4,0.000,0.000,0.00,0.000,0.0,0.0,0.0,0,0,2.5,4.9,1.3,313,55,2.5,4.9,1.3,313,55,56,28.32,0.1,0,0,0,42.8,47.3,49.6,0.31,0.30,0.23
NEWC,2019-11-08 09:10:00 EST,43.97329,-74.22273,1645,20.3,20.1,20.3,83.6,16.1,0.000,0.000,0.00,0.000,0.0,0.0,0.0,0,0,2.6,7.1,1.5,351,45,2.6,7.1,1.5,351,45,57,28.32,0.2,0,0,0,42.7,47.3,49.6,0.31,0.30,0.23
NEWC,2019-11-08 09:15:00 EST,43.97329,-74.22273,1645,20.4,20.1,20.4,83.1,16.1,0.000,0.000,0.00,0.000,0.0,0.0,0.0,0,0,2.7,8.8,1.5,267,59,2.7,8.8,1.5,267,59,54,28.32,0.4,0,0,0,42.6,47.3,49.6,0.31,0.30,0.23
NEWC,2019-11-08 09:20:00 EST,43.97329,-74.22273,1645,20.5,20.3,20.5,84.5,16.6,0.000,0.000,0.00,0.000,0.0,0.0,0.0,0,0,0.9,3.1,0.7,298,58,0.9,3.1,0.7,298,58,52,28.32,0.4,0,0,0,42.6,47.3,49.6,0.31,0.30,0.23
NEWC,2019-11-08 09:25:00 EST,43.97329,-74.22273,1645,20.4,20.1,20.4,82.1,15.8,0.000,0.000,0.00,0.000,0.0,0.0,0.0,0,0,2.9,11.5,2.1,329,41,2.9,11.5,2.1,329,41,46,28.32,0.5,0,0,0,42.6,47.3,49.6,0.31,0.30,0.23
NEWC,2019-11-08 09:30:00 EST,43.97329,-74.22273,1645,20.1,19.7,15.1,83.5,15.9,0.000,0.000,0.00,0.000,0.0,0.0,0.0,0,0,3.4,8.7,1.9,304,42,3.4,8.7,1.9,304,42,26,28.32,0.6,0,0,0,42.6,47.2,49.6,0.31,0.30,0.23
NEWC,2019-11-08 09:35:00 EST,43.97329,-74.22273,1645,19.9,19.7,19.9,85.3,16.2,0.000,0.000,0.00,0.000,0.0,0.0,0.0,0,0,2.4,12.5,2.0,352,59,2.4,12.5,2.0,352,59,19,28.32,,0,0,0,42.6,47.2,49.6,0.31,0.30,0.23
NEWC,2019-11-08 09:40:00 EST,43.97329,-74.22273,1645,20.1,19.8,20.1,87.1,16.8,0.000,0.000,0.00,0.000,0.0,0.0,0.0,0,0,2.5,7.9,1.8,12,38,2.5,7.9,1.8,12,38,29,28.32,0.1,0,0,0,42.6,47.2,49.6,0.31,0.30,0.23
NEWC,2019-11-08 09:45:00 EST,43.97329,-74.22273,1645,20.3,20.0,20.3,89.3,17.6,0.000,0.000,0.00,0.000,0.0,0.0,0.0,0,0,1.0,3.1,0.8,292,49,1.0,3.1,0.8,292,49,46,28.33,-0.3,0,0,0,42.6,47.1,49.6,0.31,0.30,0.23
NEWC,2019-11-08 09:50:00 EST,43.97329,-74.22273,1645,20.6,20.3,20.6,87.3,17.4,0.000,0.000,0.00,0.000,0.0,0.0,0.0,0,0,1.7,4.8,0.6,152,74,1.7,4.8,0.6,152,74,78,28.33,-0.3,0,0,0,42.6,47.1,49.6,0.31,0.30,0.23
NEWC,2019-11-08 09:55:00 EST,43.97329,-74.22273,1645,21.1,20.6,16.5,84.7,17.2,0.000,0.000,0.00,0.000,0.0,0.0,0.0,0,0,3.2,8.9,1.9,278,36,3.2,8.9,1.9,278,36,59,28.33,-0.3,0,0,0,42.6,47.1,49.6,0.31,0.30,0.23
NEWC,2019-11-08 10:00:00 EST,43.97329,-74.22273,1645,21.4,21.0,21.4,83.7,17.3,0.000,0.000,0.00,0.000,0.0,0.0,0.0,0,0,1.8,4.3,0.9,294,54,1.8,4.3,0.9,294,54,123,28.33,0.1,0,0,0,42.6,47.1,49.6,0.31,0.30,0.23
NEWC,2019-11-08 10:05:00 EST,43.97329,-74.22273,1645,21.7,21.2,21.7,79.4,16.3,0.000,0.000,0.00,0.000,0.0,0.0,0.0,0,0,2.9,8.0,1.9,344,38,2.9,8.0,1.9,344,38,73,28.33,0.1,0,0,0,42.6,47.1,49.6,0.31,0.30,0.22
NEWC,2019-11-08 10:10:00 EST,43.97329,-74.22273,1645,21.1,20.7,21.1,81.1,16.2,0.000,0.000,0.00,0.000,0.0,0.0,0.0,0,0,2.9,6.3,1.4,309,55,2.9,6.3,1.4,309,55,47,28.33,0.2,0,0,0,42.6,47.1,49.6,0.31,0.30,0.22
NEWC,2019-11-08 10:15:00 EST,43.97329,-74.22273,1645,20.4,20.1,20.4,80.1,15.3,0.006,0.006,0.00,0.006,0.0,0.0,0.0,0,0,2.7,7.0,1.4,347,44,2.7,7.0,1.4,347,44,49,28.33,0.3,0,0,0,42.6,47.1,49.6,0.31,0.30,0.22
NEWC,2019-11-08 10:20:00 EST,43.97329,-74.22273,1645,20.6,20.1,20.6,79.2,15.2,0.000,0.006,0.00,0.006,0.0,0.0,0.0,0,0,1.9,7.5,1.3,321,62,1.9,7.5,1.3,321,62,47,28.33,0.1,0,0,0,42.6,47.1,49.6,0.31,0.30,0.23
NEWC,2019-11-08 10:25:00 EST,43.97329,-74.22273,1645,20.4,20.1,20.4,80.4,15.3,0.000,0.006,0.00,0.006,0.0,0.0,0.0,0,0,1.9,3.8,0.8,271,75,1.9,3.8,0.8,271,75,35,28.33,0.4,0,0,0,42.6,47.1,49.6,0.31,0.30,0.23
NEWC,2019-11-08 10:30:00 EST,43.97329,-74.22273,1645,20.4,20.1,20.4,84.1,16.4,0.000,0.006,0.00,0.006,0.0,0.0,0.0,0,0,2.3,7.6,1.7,293,35,2.3,7.6,1.7,293,35,59,28.34,0.8,0,0,0,42.6,47.1,49.6,0.31,0.30,0.23
NEWC,2019-11-08 10:35:00 EST,43.97329,-74.22273,1645,21.0,20.5,21.0,86.0,17.5,0.000,0.006,0.00,0.006,0.0,0.0,0.0,0,0,1.7,4.5,1.1,318,42,1.7,4.5,1.1,318,42,56,28.34,0.7,0,0,0,42.6,47.1,49.6,0.31,0.30,0.23
NEWC,2019-11-08 10:40:00 EST,43.97329,-74.22273,1645,21.0,20.6,21.0,81.3,16.2,0.000,0.006,0.00,0.006,0.0,0.0,0.0,0,0,2.3,5.5,1.2,311,57,2.3,5.5,1.2,311,57,86,28.34,0.5,0,0,0,42.6,47.1,49.6,0.31,0.30,0.23
NEWC,2019-11-08 10:45:00 EST,43.97329,-74.22273,1645,21.4,20.9,16.7,79.8,16.1,0.000,0.006,0.00,0.006,0.0,0.0,0.0,0,0,3.4,8.1,1.7,301,64,3.4,8.1,1.7,301,64,79,28.34,,0,0,0,42.6,47.1,49.6,0.31,0.30,0.23
NEWC,2019-11-08 10:50:00 EST,43.97329,-74.22273,1645,21.4,21.0,21.4,78.3,15.7,0.000,0.006,0.00,0.006,0.0,0.0,0.0,0,0,2.1,5.9,1.2,322,66,2.1,5.9,1.2,322,66,92,28.34,0.4,0,0,0,42.6,47.1,49.6,0.31,0.30,0.23
NEWC,2019-11-08 10:55:00 EST,43.97329,-74.22273,1645,21.6,21.1,21.6,77.4,15.6,0.000,0.006,0.00,0.006,0.0,0.0,0.0,0,0,2.6,6.3,1.4,322,57,2.6,6.3,1.4,322,57,65,28.34,-0.4,0,0,0,42.6,47.1,49.6,0.31,0.30,0.23
NEWC,2019-11-08 11:00:00 EST,43.97329,-74.22273,1645,21.4,20.9,21.4,80.0,16.2,0.000,0.006,0.00,0.006,0.0,0.0,0.0,0,0,2.3,8.4,1.8,331,48,2.3,8.4,1.8,331,48,82,28.34,-0.5,0,0,0,42.6,47.1,49.6,0.31,0.30,0.23
NEWC,2019-11-08 11:05:00 EST,43.97329,-74.22273,1645,21.8,21.2,21.8,77.9,15.9,0.000,0.006,0.00,0.006,0.0,0.0,0.0,0,0,2.6,9.0,1.5,301,52,2.6,9.0,1.5,301,52,99,28.34,-0.3,0,0,0,42.6,47.1,49.6,0.31,0.30,0.23
NEWC,2019-11-08 11:10:00 EST,43.97329,-74.22273,1645,21.6,21.1,21.6,76.8,15.4,0.000,0.006,0.00,0.006,0.0,0.0,0.0,0,0,2.8,8.1,1.9,266,42,2.8,8.1,1.9,266,42,77,28.33,-0.6,0,0,0,42.6,47.1,49.6,0.31,0.30,0.23
NEWC,2019-11-08 11:15:00 EST,43.97329,-74.22273,1645,21.3,20.8,16.2,74.9,14.6,0.000,0.006,0.00,0.000,0.0,0.0,0.0,0,0,3.6,10.1,2.0,286,44,3.6,10.1,2.0,286,44,102,28.33,-0.2,0,0,0,42.6,47.1,49.6,0.31,0.30,0.23
NEWC,2019-11-08 11:20:00 EST,43.97329,-74.22273,1645,21.8,21.3,21.8,74.8,15.0,0.000,0.006,0.00,0.000,0.0,0.0,0.0,0,0,2.4,6.2,1.3,295,55,2.4,6.2,1.3,295,55,115,28.33,-0.4,0,0,0,42.6,47.1,49.6,0.31,0.30,0.23
NEWC,2019-11-08 11:25:00 EST,43.97329,-74.22273,1645,21.7,21.1,15.7,75.4,15.1,0.000,0.006,0.00,0.000,0.2,5.3,0.8,222,7,4.3,13.3,2.7,278,41,4.3,13.3,2.7,278,41,76,28.33,-0.2,0,0,0,42.5,47.1,49.6,0.31,0.30,0.23
NEWC,2019-11-08 11:30:00 EST,43.97329,-74.22273,1645,21.5,21.1,16.9,77.2,15.5,0.000,0.006,0.00,0.000,2.3,8.3,1.6,339,55,3.4,11.6,2.1,336,57,3.4,11.6,2.1,336,57,74,28.33,0.1,0,0,0,42.5,47.1,49.6,0.31,0.30,0.23
NEWC,2019-11-08 11:35:00 EST,43.97329,-74.22273,1645,21.6,21.2,21.6,77.7,15.7,0.000,0.006,0.00,0.000,1.1,3.0,0.8,312,42,1.7,4.0,0.9,312,51,1.7,4.0,0.9,312,51,79,28.33,-0.0,0,0,0,42.5,47.1,49.6,0.31,0.30,0.23
NEWC,2019-11-08 11:40:00 EST,43.97329,-74.22273,1645,22.0,21.6,22.0,75.6,15.5,0.000,0.006,0.00,0.000,1.9,4.8,1.3,319,38,2.3,7.1,1.4,317,40,2.3,7.1,1.4,317,40,96,28.33,-0.1,0,0,0,42.5,47.1,49.6,0.31,0.30,0.23
NEWC,2019-11-08 11:45:00 EST,43.97329,-74.22273,1645,22.2,21.8,18.1,74.6,15.4,0.000,0.006,0.00,0.000,2.4,9.2,1.9,259,59,3.1,11.3,2.1,264,57,3.1,11.3,2.1,264,57,112,28.33,0.3,0,0,0,42.4,47.1,49.6,0.31,0.30,0.23
NEWC,2019-11-08 11:50:00 EST,43.97329,-74.22273,1645,22.4,21.8,17.3,74.6,15.5,0.000,0.006,0.00,0.000,2.5,11.8,2.1,289,51,3.8,16.4,2.7,291,54,3.8,16.4,2.7,291,54,109,28.33,0.3,0,0,0,42.4,47.1,49.5,0.31,0.30,0.22
NEWC,2019-11-08 11:55:00 EST,43.97329,-74.22273,1645,22.7,22.2,18.6,75.9,16.2,0.000,0.006,0.00,0.000,2.3,7.5,1.5,311,42,3.1,10.5,1.8,306,41,3.1,10.5,1.8,306,41,108,28.33,0.4,0,0,0,42.4,47.1,49.6,0.31,0.30,0.22
NEWC,2019-11-08 12:00:00 EST,43.97329,-74.22273,1645,22.6,22.1,22.6,76.0,16.2,0.000,0.006,0.00,0.000,2.1,7.2,1.5,305,58,2.9,9.1,1.6,297,55,2.9,9.1,1.6,297,55,85,28.33,0.4,0,0,0,42.4,47.1,49.5,0.31,0.30,0.22
NEWC,2019-11-08 12:05:00 EST,43.97329,-74.22273,1645,23.1,22.5,23.1,76.8,16.9,0.000,0.006,0.00,0.000,2.1,4.5,1.2,278,42,2.6,5.9,1.3,281,43,2.6,5.9,1.3,281,43,107,28.33,0.4,0,0,0,42.4,47.1,49.6,0.31,0.30,0.22
NEWC,2019-11-08 12:10:00 EST,43.97329,-74.22273,1645,22.9,22.3,17.4,74.3,16.0,0.000,0.006,0.00,0.000,3.1,10.5,2.2,274,50,4.2,14.1,2.8,280,48,4.2,14.1,2.8,280,48,116,28.33,0.1,0,0,0,42.4,47.1,49.6,0.31,0.30,0.22
NEWC,2019-11-08 12:15:00 EST,43.97329,-74.22273,1645,23.2,22.6,19.2,74.0,16.1,0.000,0.006,0.00,0.000,2.4,7.5,1.6,290,40,3.0,10.0,1.9,291,38,3.0,10.0,1.9,291,38,114,28.33,-0.3,0,0,0,42.4,47.1,49.5,0.31,0.30,0.22
NEWC,2019-11-08 12:20:00 EST,43.97329,-74.22273,1645,22.5,22.0,17.1,74.2,15.5,0.000,0.006,0.00,0.000,3.4,14.5,2.8,274,41,4.0,17.5,3.1,279,42,4.0,17.5,3.1,279,42,66,28.33,-0.3,0,0,0,42.4,47.1,49.5,0.31,0.30,0.22
NEWC,2019-11-08 12:25:00 EST,43.97329,-74.22273,1645,22.5,21.9,17.5,77.5,16.5,0.000,0.006,0.00,0.000,2.9,8.3,1.9,298,47,3.7,11.5,2.2,298,48,3.7,11.5,2.2,298,48,105,28.33,-0.3,0,0,0,42.4,47.1,49.6,0.31,0.30,0.22
NEWC,2019-11-08 12:30:00 EST,43.97329,-74.22273,1645,23.0,22.3,18.5,75.3,16.4,0.000,0.006,0.00,0.000,2.7,10.2,1.9,316,52,3.4,13.7,2.3,315,48,3.4,13.7,2.3,315,48,91,28.33,-0.2,0,0,0,42.4,47.1,49.5,0.31,0.30,0.22
NEWC,2019-11-08 12:35:00 EST,43.97329,-74.22273,1645,22.7,22.2,22.7,75.3,16.0,0.000,0.006,0.00,0.000,2.1,5.5,1.3,292,46,2.9,10.2,1.7,289,47,2.9,10.2,1.7,289,47,75,28.33,-0.3,0,0,0,42.4,47.1,49.5,0.31,0.30,0.22
NEWC,2019-11-08 12:40:00 EST,43.97329,-74.22273,1645,22.4,22.1,18.3,75.3,15.7,0.000,0.006,0.00,0.000,2.3,8.3,2.1,289,41,3.1,11.4,2.3,293,47,3.1,11.4,2.3,293,47,95,28.33,-0.1,0,0,0,42.4,47.1,49.5,0.31,0.30,0.22
NEWC,2019-11-08 12:45:00 EST,43.97329,-74.22273,1645,22.9,22.3,19.0,77.6,17.0,0.000,0.006,0.00,0.000,2.4,7.5,1.5,316,55,3.0,9.0,1.8,321,58,3.0,9.0,1.8,321,58,58,28.33,-0.1,0,0,0,42.4,47.1,49.5,0.31,0.30,0.22
NEWC,2019-11-08 12:50:00 EST,43.97329,-74.22273,1645,22.5,22.0,22.5,77.8,16.7,0.000,0.006,0.00,0.000,2.0,8.5,1.4,331,46,2.6,5.5,1.2,338,46,2.6,5.5,1.2,338,46,51,28.33,0.0,0,0,0,42.4,47.1,49.5,0.31,0.30,0.22
NEWC,2019-11-08 12:55:00 EST,43.97329,-74.22273,1645,22.2,21.8,22.2,77.2,16.2,0.000,0.006,0.00,0.000,1.7,7.7,1.5,311,53,2.3,9.5,1.8,334,53,2.3,9.5,1.8,334,53,44,28.33,-0.0,0,0,0,42.4,47.1,49.5,0.31,0.30,0.22
NEWC,2019-11-08 13:00:00 EST,43.97329,-74.22273,1645,22.0,21.6,22.0,76.4,15.7,0.000,0.006,0.00,0.000,2.1,9.4,1.9,290,25,2.7,13.8,2.1,289,35,2.7,13.8,2.1,289,35,58,28.33,0.3,0,0,0,42.4,47.0,49.5,0.31,0.30,0.22
NEWC,2019-11-08 13:05:00 EST,43.97329,-74.22273,1645,22.2,21.9,17.8,75.8,15.7,0.000,0.006,0.00,0.000,2.4,7.9,1.4,281,46,3.3,9.6,1.6,281,48,3.3,9.6,1.6,281,48,61,28.33,0.3,0,0,0,42.4,47.1,49.5,0.31,0.30,0.22
NEWC,2019-11-08 13:10:00 EST,43.97329,-74.22273,1645,22.4,21.9,22.4,76.7,16.2,0.000,0.006,0.00,0.000,1.5,6.4,1.7,297,50,2.1,7.4,1.7,297,55,2.1,7.4,1.7,297,55,68,28.33,0.0,0,0,0,42.4,47.0,49.5,0.31,0.30,0.22
NEWC,2019-11-08 13:15:00 EST,43.97329,-74.22273,1645,22.5,22.3,22.5,76.4,16.2,0.000,0.006,0.00,0.000,1.9,6.6,1.3,281,42,2.7,7.8,1.7,287,45,2.7,7.8,1.7,287,45,61,28.33,0.0,0,0,0,42.4,47.1,49.5,0.31,0.30,0.22
NEWC,2019-11-08 13:20:00 EST,43.97329,-74.22273,1645,22.7,22.3,22.7,77.2,16.6,0.000,0.006,0.00,0.000,1.7,3.4,0.8,337,55,2.3,4.4,1.0,353,51,2.3,4.4,1.0,353,51,53,28.33,0.4,0,0,0,42.4,47.0,49.5,0.31,0.30,0.22
NEWC,2019-11-08 13:25:00 EST,43.97329,-74.22273,1645,22.5,22.1,18.0,76.8,16.4,0.000,0.006,0.00,0.000,2.8,7.0,1.2,289,42,3.4,8.5,1.5,298,43,3.4,8.5,1.5,298,43,66,28.33,-0.1,0,0,0,42.4,47.0,49.5,0.31,0.30,0.22
NEWC,2019-11-08 13:30:00 EST,43.97329,-74.22273,1645,22.8,22.4,22.8,75.1,16.1,0.000,0.006,0.00,0.000,1.7,4.0,0.9,17,62,2.4,5.8,1.2,23,57,2.4,5.8,1.2,23,57,54,28.33,-0.1,0,0,0,42.4,47.0,49.5,0.31,0.30,0.22
NEWC,2019-11-08 13:35:00 EST,43.97329,-74.22273,1645,22.6,22.1,22.6,76.6,16.3,0.000,0.006,0.00,0.000,1.5,5.6,1.1,283,50,2.0,6.9,1.1,282,51,2.0,6.9,1.1,282,51,39,28.34,0.1,0,0,0,42.4,46.9,49.5,0.31,0.30,0.22
NEWC,2019-11-08 13:40:00 EST,43.97329,-74.22273,1645,22.3,21.7,22.3,76.5,16.0,0.000,0.006,0.00,0.000,2.3,9.0,1.6,275,50,3.0,9.4,1.9,276,51,3.0,9.4,1.9,276,51,52,28.34,-0.2,0,0,0,42.4,46.9,49.5,0.31,0.30,0.22
NEWC,2019-11-08 13:45:00 EST,43.97329,-74.22273,1645,22.2,21.8,22.2,77.4,16.2,0.000,0.006,0.00,0.000,1.8,6.6,1.6,316,34,2.4,9.5,1.9,318,36,2.4,9.5,1.9,318,36,39,28.34,-0.1,0,0,0,42.4,46.9,49.5,0.31,0.30,0.22
NEWC,2019-11-08 13:50:00 EST,43.97329,-74.22273,1645,22.4,22.0,22.4,77.7,16.5,0.000,0.006,0.00,0.000,1.9,7.5,1.3,285,33,2.3,9.4,1.4,286,37,2.3,9.4,1.4,286,37,61,28.34,-0.2,0,0,0,42.4,46.9,49.5,0.31,0.30,0.22
NEWC,2019-11-08 13:55:00 EST,43.97329,-74.22273,1645,22.7,22.3,22.7,76.8,16.5,0.000,0.006,0.00,0.000,1.9,6.1,1.1,293,54,2.7,7.4,1.4,296,53,2.7,7.4,1.4,296,53,57,28.34,-0.1,0,0,0,42.4,46.9,49.5,0.31,0.30,0.22
NEWC,2019-11-08 14:00:00 EST,43.97329,-74.22273,1645,22.5,22.0,22.5,77.1,16.4,0.000,0.006,0.00,0.000,2.0,6.3,1.3,247,62,2.8,6.3,1.6,249,62,2.8,6.3,1.6,249,62,74,28.34,-0.1,0,0,0,42.4,46.9,49.5,0.31,0.30,0.22
NEWC,2019-11-08 14:05:00 EST,43.97329,-74.22273,1645,22.9,22.4,18.0,76.2,16.5,0.000,0.006,0.00,0.000,3.0,9.7,1.9,317,47,3.7,12.6,2.3,318,45,3.7,12.6,2.3,318,45,67,28.34,-0.0,0,0,0,42.4,46.9,49.5,0.31,0.30,0.22
NEWC,2019-11-08 14:10:00 EST,43.97329,-74.22273,1645,22.6,22.2,18.0,73.0,15.2,0.000,0.006,0.00,0.000,2.6,6.6,1.5,290,52,3.5,9.2,1.6,289,50,3.5,9.2,1.6,289,50,48,28.34,0.1,0,0,0,42.4,46.9,49.5,0.31,0.30,0.22
NEWC,2019-11-08 14:15:00 EST,43.97329,-74.22273,1645,22.2,21.8,22.2,77.3,16.2,0.000,0.006,0.00,0.000,2.1,6.6,1.7,309,41,2.7,8.0,1.8,315,48,2.7,8.0,1.8,315,48,33,28.34,0.2,0,0,0,42.4,46.9,49.5,0.31,0.30,0.22
NEWC,2019-11-08 14:20:00 EST,43.97329,-74.22273,1645,22.0,21.7,22.0,77.4,16.0,0.000,0.006,0.00,0.000,1.5,6.7,1.3,346,55,2.5,9.1,1.8,345,53,2.5,9.1,1.8,345,53,46,28.34,0.2,0,0,0,42.4,46.9,49.5,0.31,0.30,0.22
NEWC,2019-11-08 14:25:00 EST,43.97329,-74.22273,1645,22.5,22.0,17.7,76.4,16.2,0.000,0.006,0.00,0.000,2.9,9.2,1.7,327,64,3.6,9.4,2.0,330,60,3.6,9.4,2.0,330,60,58,28.34,0.1,0,0,0,42.4,46.9,49.5,0.31,0.30,0.22
NEWC,2019-11-08 14:30:00 EST,43.97329,-74.22273,1645,22.7,22.3,22.7,75.9,16.2,0.000,0.006,0.00,0.000,2.0,6.9,1.7,294,53,2.8,7.8,1.8,293,55,2.8,7.8,1.8,293,55,55,28.34,0.1,0,0,0,42.4,46.9,49.5,0.31,0.30,0.22
NEWC,2019-11-08 14:35:00 EST,43.97329,-74.22273,1645,22.4,22.0,18.1,73.9,15.4,0.000,0.006,0.00,0.000,2.4,5.6,1.4,311,51,3.3,7.6,1.7,314,52,3.3,7.6,1.7,314,52,44,28.34,0.8,0,0,0,42.4,46.9,49.5,0.31,0.30,0.22
NEWC,2019-11-08 14:40:00 EST,43.97329,-74.22273,1645,22.0,21.6,22.0,75.1,15.3,0.000,0.006,0.00,0.000,1.1,6.5,1.2,309,41,1.7,7.0,1.3,319,50,1.7,7.0,1.3,319,50,27,28.35,,0,0,0,42.4,46.9,49.5,0.31,0.30,0.22
NEWC,2019-11-08 14:45:00 EST,43.97329,-74.22273,1645,22.1,21.8,22.1,75.6,15.5,0.000,0.006,0.00,0.000,2.4,5.6,1.4,317,55,3.0,9.2,1.8,319,56,3.0,9.2,1.8,319,56,25,28.35,0.5,0,0,0,42.4,46.9,49.5,0.31,0.30,0.22
NEWC,2019-11-08 14:50:00 EST,43.97329,-74.22273,1645,21.9,21.7,21.9,76.1,15.6,0.000,0.006,0.00,0.000,2.3,9.9,2.3,307,49,3.0,12.4,2.5,308,50,3.0,12.4,2.5,308,50,32,28.35,-0.2,0,0,0,42.4,46.9,49.5,0.31,0.30,0.22
NEWC,2019-11-08 14:55:00 EST,43.97329,-74.22273,1645,22.1,21.8,16.6,76.0,15.7,0.000,0.006,0.00,0.000,3.2,10.7,2.2,5,42,4.0,11.0,2.4,6,43,4.0,11.0,2.4,6,43,30,28.35,-0.2,0,0,0,42.4,46.9,49.5,0.31,0.30,0.22
NEWC,2019-11-08 15:00:00 EST,43.97329,-74.22273,1645,21.7,21.3,16.8,76.2,15.3,0.000,0.006,0.00,0.000,2.6,9.0,1.7,331,47,3.5,9.1,1.9,332,50,3.5,9.1,1.9,332,50,19,28.35,0.6,0,0,0,42.4,46.9,49.5,0.31,0.30,0.22
NEWC,2019-11-08 15:05:00 EST,43.97329,-74.22273,1645,21.4,21.1,21.4,79.6,16.1,0.000,0.006,0.00,0.000,1.9,6.4,1.2,324,44,2.7,9.3,1.6,329,44,2.7,9.3,1.6,329,44,28,28.35,-0.3,0,0,0,42.4,46.9,49.5,0.31,0.30,0.22
NEWC,2019-11-08 15:10:00 EST,43.97329,-74.22273,1645,21.7,21.4,21.7,79.8,16.5,0.000,0.006,0.00,0.000,1.4,3.4,0.8,299,45,1.9,4.2,0.8,310,50,1.9,4.2,0.8,310,50,23,28.35,-0.1,0,0,0,42.4,46.9,49.5,0.31,0.30,0.22
NEWC,2019-11-08 15:15:00 EST,43.97329,-74.22273,1645,21.7,21.5,21.7,79.1,16.2,0.004,0.009,0.00,0.004,1.5,5.0,1.1,286,59,2.2,6.7,1.4,287,63,2.2,6.7,1.4,287,63,24,28.36,-0.5,0,0,0,42.5,46.9,49.5,0.31,0.30,0.22
NEWC,2019-11-08 15:20:00 EST,43.97329,-74.22273,1645,21.9,21.7,21.9,79.2,16.5,0.000,0.009,0.00,0.004,2.2,5.0,1.3,284,49,3.0,6.6,1.6,292,46,3.0,6.6,1.6,292,46,28,28.36,-0.5,0,0,0,42.5,46.9,49.5,0.31,0.30,0.22
NEWC,2019-11-08 15:25:00 EST,43.97329,-74.22273,1645,21.9,21.7,21.9,77.4,15.9,0.000,0.009,0.00,0.004,1.8,4.4,0.9,277,36,2.3,5.4,1.2,283,33,2.3,5.4,1.2,283,33,29,28.36,-0.3,0,0,0,42.5,46.9,49.5,0.31,0.30,0.22
NEWC,2019-11-08 15:30:00 EST,43.97329,-74.22273,1645,21.9,21.6,21.9,73.7,14.8,0.000,0.009,0.00,0.004,1.9,6.3,1.7,283,55,2.6,7.6,1.9,297,58,2.6,7.6,1.9,297,58,30,28.36,0.1,0,0,0,42.5,46.9,49.5,0.31,0.30,0.22
NEWC,2019-11-08 15:35:00 EST,43.97329,-74.22273,1645,21.9,21.6,21.9,75.8,15.5,0.000,0.009,0.00,0.004,2.0,6.1,1.4,275,60,2.7,7.9,1.6,284,58,2.7,7.9,1.6,284,58,25,28.36,,0,0,0,42.6,46.9,49.5,0.31,0.30,0.22
NEWC,2019-11-08 15:40:00 EST,43.97329,-74.22273,1645,21.8,21.7,21.8,76.6,15.6,0.000,0.009,0.00,0.004,1.6,4.1,0.8,293,52,2.2,5.4,1.0,302,53,2.2,5.4,1.0,302,53,25,28.36,,0,0,0,42.6,46.9,49.5,0.31,0.30,0.22
NEWC,2019-11-08 15:45:00 EST,43.97329,-74.22273,1645,21.9,21.7,21.9,77.4,15.9,0.000,0.009,0.00,0.004,1.7,6.9,1.3,281,41,2.4,8.2,1.3,288,46,2.4,8.2,1.3,288,46,22,28.36,,0,0,0,42.6,46.9,49.5,0.31,0.30,0.22
NEWC,2019-11-08 15:50:00 EST,43.97329,-74.22273,1645,21.8,21.7,21.8,76.8,15.7,0.000,0.009,0.00,0.004,1.4,4.1,0.9,318,57,2.0,4.5,1.0,325,58,2.0,4.5,1.0,325,58,16,28.36,,0,0,0,42.6,46.9,49.5,0.31,0.30,0.22
NEWC,2019-11-08 15:55:00 EST,43.97329,-74.22273,1645,21.7,21.5,17.5,76.3,15.4,0.000,0.009,0.00,0.004,2.2,5.0,1.3,251,49,3.1,6.4,1.4,259,56,3.1,6.4,1.4,259,56,10,28.37,0.4,0,0,0,42.6,46.9,49.5,0.31,0.30,0.22
NEWC,2019-11-08 16:00:00 EST,43.97329,-74.22273,1645,21.5,21.4,21.5,77.5,15.5,0.000,0.009,0.00,0.004,1.7,4.7,1.0,6,49,2.2,5.7,1.1,5,53,2.2,5.7,1.1,5,53,6,28.37,0.5,0,0,0,42.6,46.9,49.5,0.31,0.30,0.22
NEWC,2019-11-08 16:05:00 EST,43.97329,-74.22273,1645,21.5,21.4,21.5,78.6,15.9,0.000,0.009,0.00,0.004,1.2,2.3,0.7,339,34,1.6,3.4,0.7,344,38,1.6,3.4,0.7,344,38,3,28.37,0.3,0,0,0,42.6,46.9,49.5,0.31,0.30,0.22
NEWC,2019-11-08 16:10:00 EST,43.97329,-74.22273,1645,21.4,21.3,21.4,80.1,16.2,0.000,0.009,0.00,0.004,1.4,3.1,0.8,317,54,1.9,4.8,0.9,322,54,1.9,4.8,0.9,322,54,2,28.37,0.2,0,0,0,42.6,46.9,49.5,0.31,0.30,0.22
NEWC,2019-11-08 16:15:00 EST,43.97329,-74.22273,1645,20.9,20.7,20.9,85.1,17.2,0.000,0.009,0.00,0.000,2.1,6.5,1.5,293,33,2.7,9.1,1.8,296,37,2.7,9.1,1.8,296,37,3,28.37,0.2,0,0,0,42.6,46.9,49.5,0.31,0.30,0.22
NEWC,2019-11-08 16:20:00 EST,43.97329,-74.22273,1645,20.9,20.7,20.9,85.2,17.1,0.000,0.009,0.00,0.000,1.2,3.0,0.8,222,61,1.7,3.6,0.9,237,68,1.7,3.6,0.9,237,68,2,28.38,0.2,0,0,0,42.6,46.9,49.5,0.31,0.30,0.22
NEWC,2019-11-08 16:25:00 EST,43.97329,-74.22273,1645,21.0,20.9,21.0,83.9,16.9,0.000,0.009,0.00,0.000,0.8,3.4,0.9,323,37,1.5,4.9,1.0,335,46,1.5,4.9,1.0,335,46,1,28.38,0.2,0,0,0,42.6,46.9,49.5,0.31,0.30,0.22
NEWC,2019-11-08 16:30:00 EST,43.97329,-74.22273,1645,21.0,20.9,21.0,83.7,16.9,0.000,0.009,0.00,0.000,1.6,3.6,0.9,273,39,2.0,4.4,1.0,274,46,2.0,4.4,1.0,274,46,2,28.38,0.2,0,0,0,42.6,46.8,49.5,0.31,0.30,0.22
NEWC,2019-11-08 16:35:00 EST,43.97329,-74.22273,1645,20.9,20.8,20.9,84.3,16.9,0.000,0.009,0.00,0.000,1.4,3.0,0.8,259,19,1.9,5.1,1.0,263,24,1.9,5.1,1.0,263,24,2,28.38,0.1,0,0,0,42.6,46.8,49.5,0.31,0.30,0.22
NEWC,2019-11-08 16:40:00 EST,43.97329,-74.22273,1645,20.7,20.7,20.7,83.6,16.6,0.000,0.009,0.00,0.000,1.1,2.9,0.9,267,29,1.6,5.4,1.0,277,38,1.6,5.4,1.0,277,38,1,28.38,-0.0,0,0,0,42.6,46.8,49.5,0.31,0.30,0.22
NEWC,2019-11-08 16:45:00 EST,43.97329,-74.22273,1645,20.7,20.8,20.7,82.0,16.0,0.000,0.009,0.00,0.000,1.7,4.6,1.0,268,55,2.1,5.3,1.1,268,58,2.1,5.3,1.1,268,58,1,28.38,0.1,0,0,0,42.6,46.8,49.5,0.31,0.30,0.22
NEWC,2019-11-08 16:50:00 EST,43.97329,-74.22273,1645,20.5,20.7,20.5,80.1,15.4,0.000,0.009,0.00,0.000,1.2,4.6,1.1,290,63,1.8,6.5,1.3,286,64,1.8,6.5,1.3,286,64,0,28.38,-0.1,0,0,0,42.6,46.8,49.5,0.31,0.30,0.22
NEWC,2019-11-08 16:55:00 EST,43.97329,-74.22273,1645,20.6,20.7,20.6,81.1,15.7,0.000,0.009,0.00,0.000,1.7,5.0,1.0,278,28,2.1,5.4,1.1,283,29,2.1,5.4,1.1,283,29,0,28.38,-0.3,0,0,0,42.6,46.8,49.5,0.31,0.30,0.22
NEWC,2019-11-08 17:00:00 EST,43.97329,-74.22273,1645,20.5,20.6,20.5,80.7,15.5,0.000,0.009,0.00,0.000,1.1,2.6,0.6,277,40,1.5,3.3,0.7,287,47,1.5,3.3,0.7,287,47,0,28.39,-0.4,0,0,0,42.6,46.8,49.5,0.31,0.30,0.22
NEWC,2019-11-08 17:05:00 EST,43.97329,-74.22273,1645,20.5,20.7,20.5,82.3,15.9,0.000,0.009,0.00,0.000,1.2,3.2,0.7,261,42,1.8,4.8,0.9,271,44,1.8,4.8,0.9,271,44,0,28.39,-0.4,0,0,0,42.6,46.8,49.5,0.31,0.30,0.22
NEWC,2019-11-08 17:10:00 EST,43.97329,-74.22273,1645,20.6,20.7,20.6,81.4,15.8,0.000,0.009,0.00,0.000,0.8,3.1,0.7,274,40,1.4,4.7,0.8,282,51,1.4,4.7,0.8,282,51,0,28.39,-0.4,0,0,0,42.6,46.8,49.5,0.31,0.30,0.22
NEWC,2019-11-08 17:15:00 EST,43.97329,-74.22273,1645,20.5,20.7,20.5,81.8,15.8,0.000,0.009,0.00,0.000,1.3,5.3,0.8,262,43,1.7,8.4,1.0,274,41,1.7,8.4,1.0,274,41,0,28.39,-0.5,0,0,0,42.6,46.8,49.5,0.31,0.30,0.22
NEWC,2019-11-08 17:20:00 EST,43.97329,-74.22273,1645,20.4,20.6,20.4,80.9,15.4,0.000,0.009,0.00,0.000,1.4,5.9,1.0,280,34,2.0,7.7,1.2,282,42,2.0,7.7,1.2,282,42,0,28.39,-0.4,0,0,0,42.6,46.8,49.5,0.31,0.30,0.22
NEWC,2019-11-08 17:25:00 EST,43.97329,-74.22273,1645,20.2,20.5,20.2,81.3,15.4,0.000,0.009,0.00,0.000,1.5,5.8,1.1,288,40,1.8,7.2,1.2,295,43,1.8,7.2,1.2,295,43,0,28.39,-0.4,0,0,0,42.6,46.8,49.5,0.31,0.30,0.22
NEWC,2019-11-08 17:30:00 EST,43.97329,-74.22273,1645,20.2,20.5,20.2,81.1,15.3,0.000,0.009,0.00,0.000,0.6,1.8,0.5,308,43,1.2,3.3,0.9,314,48,1.2,3.3,0.9,314,48,0,28.39,-0.4,0,0,0,42.6,46.8,49.5,0.31,0.30,0.22
NEWC,2019-11-08 17:35:00 EST,43.97329,-74.22273,1645,20.4,20.7,20.4,82.0,15.8,0.000,0.009,0.00,0.000,1.0,3.4,0.7,285,38,1.6,4.0,0.9,292,48,1.6,4.0,0.9,292,48,0,28.40,-0.3,0,0,0,42.6,46.8,49.5,0.31,0.30,0.22
NEWC,2019-11-08 17:40:00 EST,43.97329,-74.22273,1645,20.5,20.8,20.5,83.0,16.2,0.000,0.009,0.00,0.000,0.8,2.7,0.8,267,21,1.3,4.0,0.9,276,30,1.3,4.0,0.9,276,30,0,28.40,-0.1,0,0,0,42.6,46.8,49.5,0.31,0.30,0.22
NEWC,2019-11-08 17:45:00 EST,43.97329,-74.22273,1645,20.6,20.8,15.7,80.5,15.6,0.000,0.009,0.00,0.000,2.5,10.4,1.9,257,48,3.5,11.1,2.2,267,54,3.5,11.1,2.2,267,54,0,28.40,-0.3,0,0,0,42.6,46.8,49.5,0.31,0.30,0.22
NEWC,2019-11-08 17:50:00 EST,43.97329,-74.22273,1645,20.4,20.7,20.4,79.8,15.1,0.000,0.009,0.00,0.000,1.1,4.7,1.0,283,38,1.8,5.2,1.1,286,43,1.8,5.2,1.1,286,43,0,28.40,-0.2,0,0,0,42.6,46.8,49.5,0.31,0.30,0.22
NEWC,2019-11-08 17:55:00 EST,43.97329,-74.22273,1645,20.4,20.8,20.4,82.2,15.9,0.000,0.009,0.00,0.000,1.5,3.9,0.8,283,40,2.1,5.4,0.9,284,44,2.1,5.4,0.9,284,44,0,28.41,0.0,0,0,0,42.6,46.8,49.5,0.30,0.30,0.22
NEWC,2019-11-08 18:00:00 EST,43.97329,-74.22273,1645,20.7,20.8,20.7,81.5,16.0,0.000,0.009,0.00,0.000,1.9,5.6,1.4,272,34,2.5,7.0,1.5,271,33,2.5,7.0,1.5,271,33,0,28.41,-0.1,0,0,0,42.6,46.8,49.5,0.31,0.30,0.22
NEWC,2019-11-08 18:05:00 EST,43.97329,-74.22273,1645,20.6,20.8,20.6,82.6,16.1,0.000,0.009,0.00,0.000,1.3,2.5,0.6,257,32,1.7,3.1,0.7,264,35,1.7,3.1,0.7,264,35,0,28.41,0.0,0,0,0,42.6,46.8,49.5,0.30,0.30,0.22
NEWC,2019-11-08 18:10:00 EST,43.97329,-74.22273,1645,20.6,20.8,20.6,81.2,15.7,0.000,0.009,0.00,0.000,1.1,4.6,1.0,314,53,1.7,5.2,1.1,311,50,1.7,5.2,1.1,311,50,0,28.41,-0.1,0,0,0,42.6,46.8,49.5,0.31,0.30,0.22
NEWC,2019-11-08 18:15:00 EST,43.97329,-74.22273,1645,20.8,20.9,20.8,80.9,15.8,0.000,0.009,0.00,0.000,1.8,6.1,1.0,271,54,2.4,6.4,1.1,280,52,2.4,6.4,1.1,280,52,0,28.41,0.0,0,0,0,42.6,46.8,49.5,0.31,0.30,0.22
NEWC,2019-11-08 18:20:00 EST,43.97329,-74.22273,1645,20.8,20.9,20.8,82.0,16.1,0.000,0.009,0.00,0.000,0.7,1.8,0.5,271,43,1.4,3.9,0.6,280,46,1.4,3.9,0.6,280,46,0,28.42,-0.0,0,0,0,42.6,46.8,49.5,0.31,0.30,0.22
NEWC,2019-11-08 18:25:00 EST,43.97329,-74.22273,1645,20.7,20.8,20.7,79.7,15.5,0.000,0.009,0.00,0.000,1.8,6.4,1.2,298,53,2.5,7.2,1.4,300,56,2.5,7.2,1.4,300,56,0,28.42,-0.0,0,0,0,42.6,46.8,49.5,0.30,0.30,0.22
NEWC,2019-11-08 18:30:00 EST,43.97329,-74.22273,1645,20.7,20.7,20.7,81.0,15.8,0.000,0.009,0.00,0.000,1.3,3.2,0.8,231,41,1.9,4.8,0.9,237,53,1.9,4.8,0.9,237,53,0,28.42,-0.0,0,0,0,42.6,46.8,49.5,0.31,0.30,0.22
NEWC,2019-11-08 18:35:00 EST,43.97329,-74.22273,1645,20.7,20.8,20.7,80.3,15.6,0.000,0.009,0.00,0.000,1.3,3.7,0.9,241,34,1.7,4.9,1.0,246,37,1.7,4.9,1.0,246,37,0,28.42,-0.1,0,0,0,42.6,46.8,49.5,0.30,0.30,0.22
NEWC,2019-11-08 18:40:00 EST,43.97329,-74.22273,1645,20.7,20.8,20.7,81.4,15.9,0.000,0.009,0.00,0.000,0.7,2.2,0.7,262,24,1.2,2.8,0.8,271,38,1.2,2.8,0.8,271,38,0,28.42,-0.1,0,0,0,42.6,46.8,49.5,0.30,0.30,0.22
NEWC,2019-11-08 18:45:00 EST,43.97329,-74.22273,1645,20.7,20.8,20.7,81.6,15.9,0.000,0.009,0.00,0.000,0.6,4.3,1.1,191,36,0.9,4.4,1.2,253,44,0.9,4.4,1.2,253,44,0,28.42,-0.1,0,0,0,42.6,46.8,49.5,0.31,0.30,0.22
NEWC,2019-11-08 18:50:00 EST,43.97329,-74.22273,1645,20.8,20.8,20.8,82.2,16.2,0.000,0.009,0.00,0.000,1.0,3.1,0.8,289,31,1.6,4.1,0.9,291,43,1.6,4.1,0.9,291,43,0,28.42,-0.1,0,0,0,42.6,46.8,49.5,0.30,0.30,0.22
NEWC,2019-11-08 18:55:00 EST,43.97329,-74.22273,1645,20.9,20.9,20.9,80.9,15.9,0.000,0.009,0.00,0.000,0.7,2.8,0.6,260,25,1.2,3.1,0.7,268,31,1.2,3.1,0.7,268,31,0,28.42,-0.1,0,0,0,42.6,46.8,49.5,0.31,0.30,0.22
NEWC,2019-11-08 19:00:00 EST,43.97329,-74.22273,1645,20.8,20.9,20.8,82.0,16.2,0.000,0.009,0.00,0.000,1.5,5.2,1.2,259,36,2.1,7.1,1.2,267,46,2.1,7.1,1.2,267,46,0,28.42,-0.1,0,0,0,42.6,46.8,49.5,0.31,0.30,0.22
NEWC,2019-11-08 19:05:00 EST,43.97329,-74.22273,1645,20.8,21.0,20.8,83.7,16.7,0.000,0.009,0.00,0.000,1.5,3.9,1.0,267,33,2.1,6.4,1.2,274,39,2.1,6.4,1.2,274,39,0,28.42,-0.1,0,0,0,42.6,46.8,49.5,0.31,0.30,0.22
NEWC,2019-11-08 19:10:00 EST,43.97329,-74.22273,1645,21.0,21.0,21.0,81.1,16.1,0.000,0.009,0.00,0.000,2.0,6.5,1.1,282,53,2.7,8.5,1.4,284,52,2.7,8.5,1.4,284,52,0,28.42,-0.1,0,0,0,42.6,46.8,49.5,0.31,0.30,0.22
NEWC,2019-11-08 19:15:00 EST,43.97329,-74.22273,1645,21.0,21.0,21.0,80.8,16.1,0.000,0.009,0.00,0.000,0.4,3.7,0.6,255,15,0.7,5.2,0.8,267,21,0.7,5.2,0.8,267,21,0,28.42,-0.1,0,0,0,42.6,46.8,49.5,0.30,0.30,0.22
NEWC,2019-11-08 19:20:00 EST,43.97329,-74.22273,1645,21.0,21.0,21.0,81.1,16.1,0.000,0.009,0.00,0.000,1.1,2.9,0.8,295,46,1.5,3.3,0.8,295,50,1.5,3.3,0.8,295,50,0,28.42,-0.1,0,0,0,42.6,46.8,49.4,0.31,0.30,0.22
NEWC,2019-11-08 19:25:00 EST,43.97329,-74.22273,1645,20.9,20.8,15.7,81.0,16.0,0.000,0.009,0.00,0.000,2.8,8.5,1.7,259,34,3.6,10.1,2.0,260,32,3.6,10.1,2.0,260,32,0,28.42,-0.1,0,0,0,42.6,46.8,49.4,0.30,0.30,0.22
NEWC,2019-11-08 19:30:00 EST,43.97329,-74.22273,1645,20.9,20.9,20.9,81.1,16.1,0.000,0.009,0.00,0.000,2.4,8.9,1.7,260,19,2.9,11.0,1.9,262,22,2.9,11.0,1.9,262,22,0,28.42,-0.1,0,0,0,42.6,46.8,49.4,0.30,0.30,0.22
NEWC,2019-11-08 19:35:00 EST,43.97329,-74.22273,1645,20.8,20.9,20.8,82.5,16.3,0.000,0.009,0.00,0.000,1.9,7.3,1.5,270,34,2.3,8.6,1.7,275,33,2.3,8.6,1.7,275,33,0,28.42,-0.1,0,0,0,42.6,46.8,49.4,0.30,0.30,0.22
NEWC,2019-11-08 19:40:00 EST,43.97329,-74.22273,1645,20.8,20.8,20.8,83.2,16.5,0.000,0.009,0.00,0.000,0.9,2.7,0.8,246,17,1.3,3.2,0.9,251,26,1.3,3.2,0.9,251,26,0,28.43,-0.1,0,0,0,42.6,46.8,49.4,0.30,0.30,0.22
NEWC,2019-11-08 19:45:00 EST,43.97329,-74.22273,1645,20.7,20.7,20.7,83.3,16.4,0.000,0.009,0.00,0.000,1.8,4.9,1.1,242,48,2.3,7.0,1.3,250,52,2.3,7.0,1.3,250,52,0,28.43,-0.0,0,0,0,42.6,46.8,49.5,0.30,0.30,0.22
NEWC,2019-11-08 19:50:00 EST,43.97329,-74.22273,1645,20.6,20.6,20.6,82.1,16.0,0.000,0.009,0.00,0.000,2.0,4.9,1.2,257,25,2.6,5.9,1.3,263,26,2.6,5.9,1.3,263,26,0,28.43,-0.0,0,0,0,42.6,46.8,49.4,0.30,0.30,0.22
NEWC,2019-11-08 19:55:00 EST,43.97329,-74.22273,1645,20.5,20.5,20.5,82.7,16.1,0.000,0.009,0.00,0.000,1.9,4.8,0.9,264,21,2.4,6.3,1.1,269,20,2.4,6.3,1.1,269,20,0,28.42,-0.0,0,0,0,42.6,46.8,49.4,0.30,0.30,0.22
NEWC,2019-11-08 20:00:00 EST,43.97329,-74.22273,1645,20.4,20.3,20.4,83.5,16.2,0.000,0.009,0.00,0.000,2.0,5.5,1.1,249,29,2.5,6.1,1.2,255,32,2.5,6.1,1.2,255,32,0,28.42,-0.0,0,0,0,42.6,46.8,49.3,0.30,0.30,0.22
NEWC,2019-11-08 20:05:00 EST,43.97329,-74.22273,1645,20.4,20.3,20.4,84.8,16.5,0.000,0.009,0.00,0.000,2.1,4.4,0.8,247,27,2.6,6.7,1.0,251,28,2.6,6.7,1.0,251,28,0,28.43,-0.0,0,0,0,42.6,46.8,49.4,0.30,0.30,0.22
NEWC,2019-11-08 20:10:00 EST,43.97329,-74.22273,1645,20.4,20.3,20.4,84.3,16.4,0.000,0.009,0.00,0.000,2.3,6.2,1.4,249,22,2.8,7.4,1.5,254,25,2.8,7.4,1.5,254,25,0,28.43,-0.0,0,0,0,42.6,46.8,49.4,0.30,0.30,0.22
NEWC,2019-11-08 20:15:00 EST,43.97329,-74.22273,1645,20.3,20.3,20.3,84.0,16.3,0.000,0.009,0.00,0.000,1.9,4.8,1.2,248,26,2.5,5.9,1.2,247,29,2.5,5.9,1.2,247,29,0,28.43,0.0,0,0,0,42.6,46.8,49.3,0.30,0.30,0.22
NEWC,2019-11-08 20:20:00 EST,43.97329,-74.22273,1645,20.4,20.3,20.4,84.6,16.5,0.000,0.009,0.00,0.000,1.6,5.5,1.0,251,40,2.2,7.1,1.2,259,41,2.2,7.1,1.2,259,41,0,28.43,0.0,0,0,0,42.6,46.8,49.3,0.30,0.30,0.22
NEWC,2019-11-08 20:25:00 EST,43.97329,-74.22273,1645,20.3,20.3,20.3,84.4,16.4,0.000,0.009,0.00,0.000,2.4,6.8,1.4,245,20,3.0,9.9,1.6,247,23,3.0,9.9,1.6,247,23,0,28.43,-0.0,0,0,0,42.6,46.8,49.3,0.30,0.30,0.22
NEWC,2019-11-08 20:30:00 EST,43.97329,-74.22273,1645,20.4,20.3,15.3,84.0,16.3,0.000,0.009,0.00,0.000,2.8,7.8,1.9,265,35,3.5,10.1,2.1,270,34,3.5,10.1,2.1,270,34,0,28.43,0.0,0,0,0,42.6,46.8,49.3,0.30,0.30,0.22
NEWC,2019-11-08 20:35:00 EST,43.97329,-74.22273,1645,20.2,20.2,20.2,84.4,16.3,0.000,0.009,0.00,0.000,1.8,4.2,0.8,257,42,2.3,5.5,1.0,264,45,2.3,5.5,1.0,264,45,0,28.43,0.0,0,0,0,42.6,46.8,49.3,0.30,0.30,0.22
NEWC,2019-11-08 20:40:00 EST,43.97329,-74.22273,1645,20.0,19.9,20.0,84.4,16.0,0.000,0.009,0.00,0.000,2.0,5.9,1.3,263,35,2.6,6.7,1.5,268,36,2.6,6.7,1.5,268,36,0,28.43,0.1,0,0,0,42.6,46.8,49.3,0.30,0.30,0.22
NEWC,2019-11-08 20:45:00 EST,43.97329,-74.22273,1645,19.5,19.6,19.5,84.4,15.6,0.000,0.009,0.00,0.000,2.0,5.3,1.2,261,25,2.5,6.1,1.2,263,28,2.5,6.1,1.2,263,28,0,28.43,0.0,0,0,0,42.6,46.8,49.3,0.30,0.30,0.22
NEWC,2019-11-08 20:50:00 EST,43.97329,-74.22273,1645,18.9,19.3,18.9,85.3,15.2,0.000,0.009,0.00,0.000,1.7,6.1,1.1,272,24,2.1,7.4,1.3,281,27,2.1,7.4,1.3,281,27,0,28.43,0.2,0,0,0,42.6,46.8,49.3,0.30,0.30,0.22
NEWC,2019-11-08 20:55:00 EST,43.97329,-74.22273,1645,18.6,19.0,18.6,86.4,15.2,0.000,0.009,0.00,0.000,1.3,3.6,0.7,259,19,1.8,4.4,0.7,268,22,1.8,4.4,0.7,268,22,0,28.43,0.2,0,0,0,42.6,46.8,49.3,0.30,0.30,0.22
NEWC,2019-11-08 21:00:00 EST,43.97329,-74.22273,1645,18.4,18.8,18.4,87.6,15.3,0.000,0.009,0.00,0.000,1.9,4.8,1.1,256,14,2.6,6.7,1.3,262,14,2.6,6.7,1.3,262,14,0,28.43,0.2,0,0,0,42.6,46.8,49.3,0.30,0.30,0.22
NEWC,2019-11-08 21:05:00 EST,43.97329,-74.22273,1645,18.2,18.5,18.2,88.2,15.2,0.000,0.009,0.00,0.000,1.3,3.3,0.8,252,20,1.7,5.3,0.9,254,25,1.7,5.3,0.9,254,25,0,28.43,-0.0,0,0,0,42.6,46.8,49.3,0.30,0.30,0.22
NEWC,2019-11-08 21:10:00 EST,43.97329,-74.22273,1645,18.0,18.3,18.0,88.8,15.2,0.000,0.009,0.00,0.000,1.2,3.8,0.7,248,20,1.6,5.4,0.8,255,21,1.6,5.4,0.8,255,21,0,28.43,-0.1,0,0,0,42.6,46.8,49.3,0.30,0.30,0.22
NEWC,2019-11-08 21:15:00 EST,43.97329,-74.22273,1645,17.8,18.1,17.8,89.5,15.2,0.000,0.009,0.00,0.000,1.6,3.6,0.9,246,18,2.0,4.6,0.9,250,24,2.0,4.6,0.9,250,24,0,28.43,0.1,0,0,0,42.6,46.8,49.3,0.30,0.30,0.22
NEWC,2019-11-08 21:20:00 EST,43.97329,-74.22273,1645,17.6,18.0,17.6,89.5,15.0,0.000,0.009,0.00,0.000,1.7,4.8,1.1,258,36,2.3,6.3,1.2,261,32,2.3,6.3,1.2,261,32,0,28.43,0.1,0,0,0,42.6,46.8,49.3,0.30,0.30,0.22
NEWC,2019-11-08 21:25:00 EST,43.97329,-74.22273,1645,17.2,17.7,17.2,89.6,14.7,0.000,0.009,0.00,0.000,1.2,2.6,0.5,235,20,1.5,2.9,0.5,236,25,1.5,2.9,0.5,236,25,0,28.44,0.1,0,0,0,42.6,46.8,49.3,0.30,0.30,0.22
NEWC,2019-11-08 21:30:00 EST,43.97329,-74.22273,1645,17.1,17.6,17.1,90.1,14.7,0.000,0.009,0.00,0.000,1.5,4.5,1.1,240,18,1.8,5.6,1.2,242,22,1.8,5.6,1.2,242,22,0,28.44,0.1,0,0,0,42.6,46.8,49.3,0.30,0.30,0.22
NEWC,2019-11-08 21:35:00 EST,43.97329,-74.22273,1645,16.8,17.3,16.8,90.5,14.6,0.000,0.009,0.00,0.000,1.0,2.8,0.5,224,16,1.4,3.6,0.6,224,23,1.4,3.6,0.6,224,23,0,28.44,0.1,0,0,0,42.6,46.8,49.3,0.30,0.30,0.22
NEWC,2019-11-08 21:40:00 EST,43.97329,-74.22273,1645,16.4,17.2,16.4,90.6,14.1,0.000,0.009,0.00,0.000,1.0,2.0,0.3,223,23,1.3,3.0,0.5,224,29,1.3,3.0,0.5,224,29,0,28.44,0.2,0,0,0,42.6,46.8,49.3,0.30,0.30,0.22
NEWC,2019-11-08 21:45:00 EST,43.97329,-74.22273,1645,16.1,17.2,16.1,91.2,14.0,0.000,0.009,0.00,0.000,1.2,2.8,0.5,240,28,1.6,4.6,0.6,242,31,1.6,4.6,0.6,242,31,0,28.44,0.2,0,0,0,42.6,46.8,49.3,0.30,0.30,0.22
NEWC,2019-11-08 21:50:00 EST,43.97329,-74.22273,1645,15.9,17.0,15.9,91.6,13.9,0.000,0.009,0.00,0.000,1.5,3.8,0.7,223,23,1.8,4.0,0.7,222,26,1.8,4.0,0.7,222,26,0,28.44,0.1,0,0,0,42.6,46.8,49.3,0.30,0.30,0.22
NEWC,2019-11-08 21:55:00 EST,43.97329,-74.22273,1645,16.3,16.8,16.3,92.6,14.5,0.000,0.009,0.00,0.000,1.5,2.0,0.4,223,13,1.5,2.4,0.4,226,15,1.5,2.4,0.4,226,15,0,28.44,0.2,0,0,0,42.6,46.8,49.3,0.30,0.30,0.22
NEWC,2019-11-08 22:00:00 EST,43.97329,-74.22273,1645,15.8,16.9,15.8,91.2,13.7,0.000,0.009,0.00,0.000,1.3,2.8,0.5,221,25,1.8,3.4,0.6,221,29,1.8,3.4,0.6,221,29,0,28.44,0.1,0,0,0,42.6,46.7,49.3,0.30,0.30,0.22
NEWC,2019-11-08 22:05:00 EST,43.97329,-74.22273,1645,15.9,16.9,15.9,91.6,13.9,0.000,0.009,0.00,0.000,1.8,4.7,1.1,224,20,2.3,6.1,1.2,225,24,2.3,6.1,1.2,225,24,0,28.44,0.0,0,0,0,42.6,46.7,49.3,0.30,0.30,0.22
NEWC,2019-11-08 22:10:00 EST,43.97329,-74.22273,1645,15.9,16.7,15.9,91.5,13.9,0.000,0.009,0.00,0.000,1.2,1.8,0.3,219,17,1.4,2.2,0.3,220,18,1.4,2.2,0.3,220,18,0,28.44,-0.0,0,0,0,42.6,46.7,49.3,0.30,0.30,0.22
NEWC,2019-11-08 22:15:00 EST,43.97329,-74.22273,1645,15.4,16.5,15.4,91.5,13.4,0.000,0.009,0.00,0.000,1.3,2.4,0.4,232,16,1.6,3.2,0.5,236,20,1.6,3.2,0.5,236,20,0,28.44,0.4,0,0,0,42.6,46.8,49.3,0.30,0.30,0.22
NEWC,2019-11-08 22:20:00 EST,43.97329,-74.22273,1645,15.7,16.4,15.7,92.2,13.8,0.000,0.009,0.00,0.000,1.1,2.3,0.4,233,14,1.4,2.4,0.5,235,19,1.4,2.4,0.5,235,19,0,28.44,0.1,0,0,0,42.6,46.7,49.3,0.30,0.30,0.22
NEWC,2019-11-08 22:25:00 EST,43.97329,-74.22273,1645,15.5,16.4,15.5,92.5,13.7,0.000,0.009,0.00,0.000,1.1,1.8,0.3,237,5,1.4,2.4,0.3,241,11,1.4,2.4,0.3,241,11,0,28.44,0.1,0,0,0,42.6,46.7,49.3,0.30,0.30,0.22
NEWC,2019-11-08 22:30:00 EST,43.97329,-74.22273,1645,15.6,16.4,15.6,92.7,13.9,0.000,0.009,0.00,0.000,1.2,2.1,0.4,232,10,1.4,2.1,0.3,235,13,1.4,2.1,0.3,235,13,0,28.44,0.0,0,0,0,42.6,46.6,49.3,0.30,0.30,0.22
NEWC,2019-11-08 22:35:00 EST,43.97329,-74.22273,1645,15.4,16.3,15.4,92.7,13.7,0.000,0.009,0.00,0.000,1.5,2.2,0.3,230,15,1.7,2.9,0.4,234,17,1.7,2.9,0.4,234,17,0,28.43,0.1,0,0,0,42.6,46.6,49.3,0.30,0.30,0.22
NEWC,2019-11-08 22:40:00 EST,43.97329,-74.22273,1645,15.5,16.3,15.5,92.8,13.8,0.000,0.009,0.00,0.000,1.5,2.3,0.3,224,10,1.5,2.3,0.3,225,11,1.5,2.3,0.3,225,11,0,28.44,0.2,0,0,0,42.6,46.7,49.3,0.30,0.30,0.22
NEWC,2019-11-08 22:45:00 EST,43.97329,-74.22273,1645,15.5,16.2,15.5,92.7,13.8,0.000,0.009,0.00,0.000,1.3,2.0,0.3,223,14,1.5,2.8,0.4,226,18,1.5,2.8,0.4,226,18,0,28.44,0.2,0,0,0,42.6,46.7,49.3,0.30,0.30,0.22
NEWC,2019-11-08 22:50:00 EST,43.97329,-74.22273,1645,15.4,16.1,15.4,92.6,13.6,0.000,0.009,0.00,0.000,1.5,3.0,0.6,216,12,1.7,3.2,0.5,216,13,1.7,3.2,0.5,216,13,0,28.44,0.2,0,0,0,42.6,46.7,49.3,0.30,0.30,0.22
NEWC,2019-11-08 22:55:00 EST,43.97329,-74.22273,1645,15.5,15.9,15.5,92.7,13.7,0.000,0.009,0.00,0.000,0.8,1.8,0.6,220,10,1.2,2.3,0.6,217,16,1.2,2.3,0.6,217,16,0,28.43,0.2,0,0,0,42.6,46.7,49.3,0.30,0.30,0.22
NEWC,2019-11-08 23:00:00 EST,43.97329,-74.22273,1645,15.4,15.7,15.4,92.7,13.6,0.000,0.009,0.00,0.000,1.5,2.4,0.4,214,12,1.7,2.6,0.4,218,13,1.7,2.6,0.4,218,13,0,28.43,0.1,0,0,0,42.6,46.7,49.3,0.30,0.30,0.22
NEWC,2019-11-08 23:05:00 EST,43.97329,-74.22273,1645,15.2,15.7,15.2,92.6,13.4,0.000,0.009,0.00,0.000,1.4,2.2,0.3,219,5,1.5,2.3,0.3,220,6,1.5,2.3,0.3,220,6,0,28.43,0.2,0,0,0,42.6,46.6,49.3,0.30,0.30,0.22
NEWC,2019-11-08 23:10:00 EST,43.97329,-74.22273,1645,15.1,15.8,15.1,92.9,13.4,0.000,0.009,0.00,0.000,1.5,2.2,0.3,225,6,1.6,2.3,0.3,227,8,1.6,2.3,0.3,227,8,0,28.43,0.1,0,0,0,42.6,46.6,49.3,0.30,0.30,0.22
NEWC,2019-11-08 23:15:00 EST,43.97329,-74.22273,1645,15.0,15.4,15.0,92.8,13.3,0.000,0.009,0.00,0.000,1.4,2.2,0.4,216,8,1.5,2.2,0.3,219,9,1.5,2.2,0.3,219,9,0,28.43,0.1,0,0,0,42.6,46.6,49.3,0.30,0.30,0.22
NEWC,2019-11-08 23:20:00 EST,43.97329,-74.22273,1645,15.0,15.4,15.0,93.0,13.3,0.000,0.009,0.00,0.000,1.3,2.3,0.4,222,9,1.5,2.7,0.4,225,11,1.5,2.7,0.4,225,11,0,28.43,0.0,0,0,0,42.6,46.6,49.3,0.30,0.30,0.22
NEWC,2019-11-08 23:25:00 EST,43.97329,-74.22273,1645,15.0,15.5,15.0,93.0,13.3,0.000,0.009,0.00,0.000,1.4,2.2,0.4,218,10,1.5,2.5,0.4,220,14,1.5,2.5,0.4,220,14,0,28.43,0.0,0,0,0,42.6,46.6,49.3,0.30,0.30,0.22
NEWC,2019-11-08 23:30:00 EST,43.97329,-74.22273,1645,15.0,15.5,15.0,93.0,13.3,0.000,0.009,0.00,0.000,1.0,1.6,0.3,218,0,1.1,1.6,0.2,224,8,1.1,1.6,0.2,224,8,0,28.43,0.0,0,0,0,42.6,46.6,49.3,0.30,0.30,0.22
NEWC,2019-11-08 23:35:00 EST,43.97329,-74.22273,1645,14.8,15.5,14.8,92.7,13.0,0.000,0.009,0.00,0.000,1.1,1.8,0.3,223,5,1.3,1.8,0.2,225,10,1.3,1.8,0.2,225,10,0,28.43,0.1,0,0,0,42.6,46.6,49.3,0.30,0.30,0.22
NEWC,2019-11-08 23:40:00 EST,43.97329,-74.22273,1645,14.8,15.5,14.8,93.2,13.2,0.000,0.009,0.00,0.000,1.3,2.0,0.2,228,0,1.4,2.0,0.2,233,9,1.4,2.0,0.2,233,9,0,28.43,0.1,0,0,0,42.6,46.6,49.3,0.30,0.30,0.22
NEWC,2019-11-08 23:45:00 EST,43.97329,-74.22273,1645,14.4,15.5,14.4,92.7,12.7,0.000,0.009,0.00,0.000,1.3,2.0,0.2,226,8,1.4,2.1,0.2,227,10,1.4,2.1,0.2,227,10,0,28.43,0.2,0,0,0,42.6,46.6,49.3,0.30,0.30,0.22
NEWC,2019-11-08 23:50:00 EST,43.97329,-74.22273,1645,14.7,15.4,14.7,93.5,13.1,0.000,0.009,0.00,0.000,1.3,1.8,0.2,223,7,1.5,2.3,0.3,227,11,1.5,2.3,0.3,227,11,0,28.44,0.2,0,0,0,42.6,46.6,49.3,0.30,0.30,0.22
NEWC,2019-11-08 23:55:00 EST,43.97329,-74.22273,1645,14.6,15.4,14.6,93.3,13.1,0.000,0.009,0.00,0.000,1.3,1.8,0.2,227,5,1.4,1.9,0.2,227,6,1.4,1.9,0.2,227,6,0,28.44,0.0,0,0,0,42.5,46.6,49.3,0.30,0.30,0.22
NHUD,2019-11-08 00:00:00 EST,44.01310,-73.70516,981,22.7,23.0,22.7,87.8,19.6,0.000,0.157,0.00,0.000,,,,,,0.9,1.7,0.4,342,26,0.9,1.7,0.4,342,26,0,28.99,-0.1,0,0,0,36.1,44.1,46.8,0.17,0.10,0.07
NHUD,2019-11-08 00:05:00 EST,44.01310,-73.70516,981,22.6,22.8,22.6,90.3,20.2,0.000,0.000,0.00,0.000,,,,,,1.3,2.7,0.6,17,18,1.3,2.7,0.6,17,18,0,28.99,-0.1,0,0,0,36.1,44.0,46.8,0.17,0.10,0.07
NHUD,2019-11-08 00:10:00 EST,44.01310,-73.70516,981,22.5,22.8,22.5,90.7,20.2,0.000,0.000,0.00,0.000,,,,,,1.5,2.4,0.4,22,17,1.5,2.4,0.4,22,17,0,28.98,-0.1,0,0,0,36.1,44.0,46.8,0.18,0.10,0.07
NHUD,2019-11-08 00:15:00 EST,44.01310,-73.70516,981,22.2,22.5,22.2,91.2,20.0,0.000,0.000,0.00,0.000,,,,,,0.2,1.0,0.4,90,33,0.2,1.0,0.4,90,33,0,28.98,-0.1,0,0,0,36.1,43.9,46.8,0.17,0.10,0.07
NHUD,2019-11-08 00:20:00 EST,44.01310,-73.70516,981,22.0,22.4,22.0,92.1,20.1,0.000,0.000,0.00,0.000,,,,,,0.9,2.2,0.6,355,13,0.9,2.2,0.6,355,13,0,28.98,-0.1,0,0,0,36.0,43.9,46.8,0.17,0.10,0.07
NHUD,2019-11-08 00:25:00 EST,44.01310,-73.70516,981,21.9,22.3,21.9,92.2,20.0,0.000,0.000,0.00,0.000,,,,,,1.3,2.9,0.4,349,19,1.3,2.9,0.4,349,19,0,28.98,-0.0,0,0,0,36.0,43.9,46.8,0.17,0.10,0.07
NHUD,2019-11-08 00:30:00 EST,44.01310,-73.70516,981,21.7,22.0,21.7,92.4,19.8,0.000,0.000,0.00,0.000,,,,,,1.4,2.3,0.3,210,43,1.4,2.3,0.3,210,43,0,28.98,-0.1,0,0,0,36.0,43.9,46.8,0.17,0.10,0.07
NHUD,2019-11-08 00:35:00 EST,44.01310,-73.70516,981,21.6,21.8,21.6,93.4,20.0,0.000,0.000,0.00,0.000,,,,,,0.7,1.7,0.5,275,35,0.7,1.7,0.5,275,35,0,28.98,-0.0,0,0,0,36.0,43.9,46.8,0.17,0.10,0.07
NHUD,2019-11-08 00:40:00 EST,44.01310,-73.70516,981,21.6,21.8,21.6,93.6,20.0,0.000,0.000,0.00,0.000,,,,,,1.2,2.5,0.7,196,15,1.2,2.5,0.7,196,15,0,28.98,-0.1,0,0,0,36.0,43.9,46.8,0.17,0.10,0.07
NHUD,2019-11-08 00:45:00 EST,44.01310,-73.70516,981,21.4,21.4,21.4,94.0,20.0,0.000,0.000,0.00,0.000,,,,,,0.7,1.5,0.5,76,35,0.7,1.5,0.5,76,35,0,28.98,-0.0,0,0,0,36.0,43.9,46.8,0.17,0.10,0.07
NHUD,2019-11-08 00:50:00 EST,44.01310,-73.70516,981,21.4,21.4,21.4,94.8,20.1,0.000,0.000,0.00,0.000,,,,,,0.5,1.1,0.4,136,44,0.5,1.1,0.4,136,44,0,28.98,-0.0,0,0,0,36.0,43.9,46.8,0.17,0.10,0.07
NHUD,2019-11-08 00:55:00 EST,44.01310,-73.70516,981,21.2,21.3,21.2,94.8,19.9,0.000,0.000,0.00,0.000,,,,,,1.0,1.8,0.5,189,58,1.0,1.8,0.5,189,58,0,28.98,-0.1,0,0,0,36.0,43.9,46.8,0.17,0.10,0.07
NHUD,2019-11-08 01:00:00 EST,44.01310,-73.70516,981,21.3,21.6,21.3,95.0,20.1,0.000,0.000,0.00,0.000,,,,,,0.2,1.2,0.4,216,21,0.2,1.2,0.4,216,21,0,28.98,-0.1,0,0,0,36.0,43.9,46.8,0.17,0.10,0.07
NHUD,2019-11-08 01:05:00 EST,44.01310,-73.70516,981,21.2,21.3,21.2,95.1,20.0,0.000,0.000,0.00,0.000,,,,,,1.5,2.6,0.4,190,34,1.5,2.6,0.4,190,34,0,28.97,-0.1,0,0,0,36.0,43.9,46.8,0.17,0.10,0.07
NHUD,2019-11-08 01:10:00 EST,44.01310,-73.70516,981,21.0,21.2,21.0,94.9,19.8,0.000,0.000,0.00,0.000,,,,,,0.4,1.4,0.5,121,48,0.4,1.4,0.5,121,48,0,28.97,-0.1,0,0,0,36.0,43.9,46.8,0.17,0.10,0.07
NHUD,2019-11-08 01:15:00 EST,44.01310,-73.70516,981,20.9,21.1,20.9,94.8,19.6,0.000,0.000,0.00,0.000,,,,,,0.7,2.3,0.7,335,47,0.7,2.3,0.7,335,47,0,28.97,-0.1,0,0,0,36.0,43.9,46.8,0.17,0.10,0.07
NHUD,2019-11-08 01:20:00 EST,44.01310,-73.70516,981,20.8,21.0,20.8,94.7,19.5,0.000,0.000,0.00,0.000,,,,,,0.3,1.1,0.4,116,23,0.3,1.1,0.4,116,23,0,28.97,-0.1,0,0,0,36.0,43.9,46.8,0.17,0.10,0.07
NHUD,2019-11-08 01:25:00 EST,44.01310,-73.70516,981,20.6,21.0,20.6,94.8,19.4,0.000,0.000,0.00,0.000,,,,,,1.2,1.8,0.3,195,22,1.2,1.8,0.3,195,22,0,28.97,-0.1,0,0,0,36.0,43.9,46.8,0.17,0.10,0.07
NHUD,2019-11-08 01:30:00 EST,44.01310,-73.70516,981,20.7,20.9,20.7,95.1,19.5,0.000,0.000,0.00,0.000,,,,,,0.7,1.4,0.4,149,32,0.7,1.4,0.4,149,32,0,28.97,-0.1,0,0,0,36.0,43.9,46.8,0.17,0.10,0.07
NHUD,2019-11-08 01:35:00 EST,44.01310,-73.70516,981,20.6,20.7,20.6,95.4,19.5,0.000,0.000,0.00,0.000,,,,,,0.8,1.7,0.5,112,32,0.8,1.7,0.5,112,32,0,28.97,-0.1,0,0,0,36.0,43.9,46.8,0.17,0.10,0.07
NHUD,2019-11-08 01:40:00 EST,44.01310,-73.70516,981,20.5,20.8,20.5,95.3,19.4,0.000,0.000,0.00,0.000,,,,,,0.0,0.9,0.2,321,1,0.0,0.9,0.2,321,1,0,28.97,-0.0,0,0,0,35.8,43.9,46.8,0.17,0.10,0.07
NHUD,2019-11-08 01:45:00 EST,44.01310,-73.70516,981,20.3,20.7,20.3,95.0,19.1,0.000,0.000,0.00,0.000,,,,,,1.1,2.4,0.6,196,51,1.1,2.4,0.6,196,51,0,28.97,0.0,0,0,0,35.8,43.9,46.8,0.17,0.10,0.07
NHUD,2019-11-08 01:50:00 EST,44.01310,-73.70516,981,20.4,20.6,20.4,95.3,19.3,0.000,0.000,0.00,0.000,,,,,,1.2,2.5,0.6,340,46,1.2,2.5,0.6,340,46,0,28.97,0.0,0,0,0,35.8,43.9,46.8,0.17,0.10,0.07
NHUD,2019-11-08 01:55:00 EST,44.01310,-73.70516,981,20.2,20.4,20.2,94.8,19.0,0.000,0.000,0.00,0.000,,,,,,1.2,2.2,0.7,90,23,1.2,2.2,0.7,90,23,0,28.96,0.0,0,0,0,35.8,43.9,46.8,0.17,0.10,0.07
NHUD,2019-11-08 02:00:00 EST,44.01310,-73.70516,981,20.3,20.4,20.3,95.0,19.1,0.000,0.000,0.00,0.000,,,,,,1.2,2.5,0.7,14,39,1.2,2.5,0.7,14,39,0,28.96,-0.0,0,0,0,35.8,43.9,46.8,0.17,0.10,0.07
NHUD,2019-11-08 02:05:00 EST,44.01310,-73.70516,981,20.3,20.2,20.3,94.8,19.0,0.000,0.000,0.00,0.000,,,,,,1.5,2.6,0.6,156,16,1.5,2.6,0.6,156,16,0,28.96,-0.0,0,0,0,35.8,43.8,46.8,0.17,0.10,0.07
NHUD,2019-11-08 02:10:00 EST,44.01310,-73.70516,981,20.0,20.0,20.0,94.4,18.7,0.000,0.000,0.00,0.000,,,,,,1.5,3.7,1.1,289,53,1.5,3.7,1.1,289,53,0,28.96,0.0,0,0,0,35.8,43.8,46.8,0.17,0.10,0.07
NHUD,2019-11-08 02:15:00 EST,44.01310,-73.70516,981,19.7,20.1,19.7,93.9,18.2,0.000,0.000,0.00,0.000,,,,,,1.2,3.6,1.1,277,43,1.2,3.6,1.1,277,43,0,28.96,0.1,0,0,0,35.8,43.9,46.8,0.17,0.10,0.07
NHUD,2019-11-08 02:20:00 EST,44.01310,-73.70516,981,20.1,20.7,20.1,94.7,18.8,0.000,0.000,0.00,0.000,,,,,,1.6,3.7,0.7,18,25,1.6,3.7,0.7,18,25,0,28.96,0.0,0,0,0,35.8,43.7,46.8,0.17,0.10,0.07
NHUD,2019-11-08 02:25:00 EST,44.01310,-73.70516,981,19.8,20.1,19.8,93.5,18.3,0.000,0.000,0.00,0.000,,,,,,1.0,2.3,0.8,282,27,1.0,2.3,0.8,282,27,0,28.96,0.0,0,0,0,35.8,43.7,46.8,0.17,0.10,0.07
NHUD,2019-11-08 02:30:00 EST,44.01310,-73.70516,981,19.7,19.8,19.7,93.8,18.2,0.000,0.000,0.00,0.000,,,,,,1.8,3.0,0.7,165,38,1.8,3.0,0.7,165,38,0,28.96,0.0,0,0,0,35.8,43.7,46.8,0.17,0.10,0.07
NHUD,2019-11-08 02:35:00 EST,44.01310,-73.70516,981,19.7,19.8,19.7,93.8,18.2,0.000,0.000,0.00,0.000,,,,,,2.7,4.6,0.8,337,39,2.7,4.6,0.8,337,39,0,28.96,0.0,0,0,0,35.7,43.7,46.8,0.17,0.10,0.07
NHUD,2019-11-08 02:40:00 EST,44.01310,-73.70516,981,19.5,19.8,19.5,93.1,17.8,0.000,0.000,0.00,0.000,,,,,,1.8,3.7,0.9,292,58,1.8,3.7,0.9,292,58,0,28.95,0.1,0,0,0,35.7,43.7,46.8,0.17,0.10,0.07
NHUD,2019-11-08 02:45:00 EST,44.01310,-73.70516,981,19.7,20.0,19.7,93.8,18.2,0.000,0.000,0.00,0.000,,,,,,0.8,3.2,0.9,112,43,0.8,3.2,0.9,112,43,0,28.95,0.0,0,0,0,35.6,43.7,46.8,0.17,0.10,0.07
NHUD,2019-11-08 02:50:00 EST,44.01310,-73.70516,981,19.5,20.1,19.5,93.5,18.0,0.000,0.000,0.00,0.000,,,,,,1.9,3.1,0.5,254,44,1.9,3.1,0.5,254,44,0,28.95,0.1,0,0,0,35.6,43.7,46.8,0.17,0.10,0.07
NHUD,2019-11-08 02:55:00 EST,44.01310,-73.70516,981,19.6,19.8,19.6,93.7,18.1,0.000,0.000,0.00,0.000,,,,,,0.7,2.0,0.7,147,38,0.7,2.0,0.7,147,38,0,28.95,0.0,0,0,0,35.6,43.7,46.8,0.17,0.10,0.07
NHUD,2019-11-08 03:00:00 EST,44.01310,-73.70516,981,19.6,19.7,19.6,93.2,17.9,0.000,0.000,0.00,0.000,,,,,,0.8,1.7,0.6,147,25,0.8,1.7,0.6,147,25,0,28.95,0.1,0,0,0,35.6,43.7,46.8,0.17,0.10,0.07
NHUD,2019-11-08 03:05:00 EST,44.01310,-73.70516,981,19.4,19.6,19.4,93.3,17.8,0.000,0.000,0.00,0.000,,,,,,0.2,1.2,0.4,332,3,0.2,1.2,0.4,332,3,0,28.95,0.0,0,0,0,35.6,43.7,46.8,0.17,0.10,0.07
NHUD,2019-11-08 03:10:00 EST,44.01310,-73.70516,981,19.3,19.4,19.3,93.1,17.6,0.000,0.000,0.00,0.000,,,,,,0.8,1.7,0.5,151,26,0.8,1.7,0.5,151,26,0,28.95,0.0,0,0,0,35.6,43.7,46.8,0.17,0.10,0.07
NHUD,2019-11-08 03:15:00 EST,44.01310,-73.70516,981,19.2,19.3,19.2,93.6,17.6,0.000,0.000,0.00,0.000,,,,,,0.5,1.7,0.6,76,42,0.5,1.7,0.6,76,42,0,28.95,0.0,0,0,0,35.6,43.7,46.8,0.17,0.10,0.07
NHUD,2019-11-08 03:20:00 EST,44.01310,-73.70516,981,18.9,19.3,18.9,93.1,17.3,0.000,0.000,0.00,0.000,,,,,,1.5,2.2,0.4,291,8,1.5,2.2,0.4,291,8,0,28.95,0.1,0,0,0,35.6,43.7,46.8,0.17,0.10,0.07
NHUD,2019-11-08 03:25:00 EST,44.01310,-73.70516,981,19.0,19.7,19.0,93.3,17.3,0.000,0.000,0.00,0.000,,,,,,0.9,1.7,0.5,197,15,0.9,1.7,0.5,197,15,0,28.95,0.0,0,0,0,35.6,43.7,46.8,0.16,0.10,0.07
NHUD,2019-11-08 03:30:00 EST,44.01310,-73.70516,981,18.8,19.2,18.8,93.5,17.3,0.000,0.000,0.00,0.000,,,,,,0.5,1.9,0.5,195,21,0.5,1.9,0.5,195,21,0,28.95,0.0,0,0,0,35.6,43.7,46.8,0.16,0.10,0.07
NHUD,2019-11-08 03:35:00 EST,44.01310,-73.70516,981,18.7,19.1,18.7,93.7,17.2,0.000,0.000,0.00,0.000,,,,,,0.4,1.4,0.5,72,8,0.4,1.4,0.5,72,8,0,28.95,0.1,0,0,0,35.6,43.7,46.8,0.16,0.10,0.07
NHUD,2019-11-08 03:40:00 EST,44.01310,-73.70516,981,18.7,19.1,18.7,93.9,17.3,0.000,0.000,0.00,0.000,,,,,,0.6,2.0,0.6,320,15,0.6,2.0,0.6,320,15,0,28.95,0.1,0,0,0,35.6,43.7,46.7,0.16,0.10,0.07
NHUD,2019-11-08 03:45:00 EST,44.01310,-73.70516,981,18.6,19.4,18.6,93.4,17.1,0.000,0.000,0.00,0.000,,,,,,0.2,1.3,0.4,316,7,0.2,1.3,0.4,316,7,0,28.95,0.0,0,0,0,35.6,43.7,46.6,0.16,0.10,0.07
NHUD,2019-11-08 03:50:00 EST,44.01310,-73.70516,981,18.6,18.9,18.6,93.3,17.0,0.000,0.000,0.00,0.000,,,,,,1.0,2.1,0.7,146,8,1.0,2.1,0.7,146,8,0,28.95,0.1,0,0,0,35.6,43.7,46.7,0.16,0.10,0.07
NHUD,2019-11-08 03:55:00 EST,44.01310,-73.70516,981,18.4,18.4,18.4,93.6,16.8,0.000,0.000,0.00,0.000,,,,,,0.6,2.1,0.6,163,40,0.6,2.1,0.6,163,40,0,28.95,0.1,0,0,0,35.6,43.7,46.6,0.16,0.10,0.07
NHUD,2019-11-08 04:00:00 EST,44.01310,-73.70516,981,18.4,18.6,18.4,93.6,16.9,0.000,0.000,0.00,0.000,,,,,,0.6,1.8,0.6,101,19,0.6,1.8,0.6,101,19,0,28.95,0.1,0,0,0,35.6,43.7,46.6,0.16,0.10,0.07
NHUD,2019-11-08 04:05:00 EST,44.01310,-73.70516,981,18.3,18.4,18.3,93.8,16.9,0.000,0.000,0.00,0.000,,,,,,0.6,1.5,0.5,96,27,0.6,1.5,0.5,96,27,0,28.95,0.1,0,0,0,35.5,43.6,46.6,0.16,0.10,0.07
NHUD,2019-11-08 04:10:00 EST,44.01310,-73.70516,981,18.3,18.4,18.3,93.9,16.9,0.000,0.000,0.00,0.000,,,,,,0.2,1.7,0.4,125,15,0.2,1.7,0.4,125,15,0,28.95,0.1,0,0,0,35.4,43.6,46.6,0.16,0.10,0.07
NHUD,2019-11-08 04:15:00 EST,44.01310,-73.70516,981,18.1,18.5,18.1,93.7,16.6,0.000,0.000,0.00,0.000,,,,,,1.1,3.7,1.2,340,8,1.1,3.7,1.2,340,8,0,28.95,0.1,0,0,0,35.5,43.5,46.6,0.16,0.10,0.07
NHUD,2019-11-08 04:20:00 EST,44.01310,-73.70516,981,18.1,18.3,18.1,93.2,16.5,0.000,0.000,0.00,0.000,,,,,,1.2,3.3,1.0,341,31,1.2,3.3,1.0,341,31,0,28.95,0.1,0,0,0,35.4,43.5,46.6,0.16,0.10,0.07
NHUD,2019-11-08 04:25:00 EST,44.01310,-73.70516,981,18.1,18.6,18.1,92.9,16.3,0.000,0.000,0.00,0.000,,,,,,1.0,1.5,0.2,351,39,1.0,1.5,0.2,351,39,0,28.95,0.1,0,0,0,35.4,43.5,46.6,0.16,0.10,0.07
NHUD,2019-11-08 04:30:00 EST,44.01310,-73.70516,981,18.1,18.8,18.1,93.3,16.5,0.000,0.000,0.00,0.000,,,,,,0.8,1.6,0.5,337,15,0.8,1.6,0.5,337,15,0,28.95,0.1,0,0,0,35.4,43.5,46.6,0.16,0.10,0.07
NHUD,2019-11-08 04:35:00 EST,44.01310,-73.70516,981,18.2,18.7,18.2,93.4,16.6,0.000,0.000,0.00,0.000,,,,,,1.1,2.0,0.4,39,34,1.1,2.0,0.4,39,34,0,28.95,0.1,0,0,0,35.4,43.5,46.6,0.16,0.10,0.07
NHUD,2019-11-08 04:40:00 EST,44.01310,-73.70516,981,18.0,18.5,18.0,93.5,16.4,0.000,0.000,0.00,0.000,,,,,,1.2,2.8,0.8,32,32,1.2,2.8,0.8,32,32,0,28.95,0.1,0,0,0,35.4,43.5,46.6,0.16,0.10,0.07
NHUD,2019-11-08 04:45:00 EST,44.01310,-73.70516,981,18.0,18.2,18.0,92.9,16.3,0.000,0.000,0.00,0.000,,,,,,1.2,3.9,1.1,352,21,1.2,3.9,1.1,352,21,0,28.95,0.1,0,0,0,35.4,43.5,46.6,0.16,0.10,0.07
NHUD,2019-11-08 04:50:00 EST,44.01310,-73.70516,981,17.9,18.2,17.9,92.7,16.1,0.000,0.000,0.00,0.000,,,,,,0.4,1.6,0.5,148,14,0.4,1.6,0.5,148,14,0,28.95,0.1,0,0,0,35.4,43.5,46.6,0.16,0.10,0.07
NHUD,2019-11-08 04:55:00 EST,44.01310,-73.70516,981,18.0,18.5,18.0,93.3,16.4,0.000,0.000,0.00,0.000,,,,,,1.7,2.6,0.4,36,20,1.7,2.6,0.4,36,20,0,28.95,0.1,0,0,0,35.4,43.5,46.6,0.16,0.10,0.07
NHUD,2019-11-08 05:00:00 EST,44.01310,-73.70516,981,18.3,18.6,18.3,93.3,16.6,0.000,0.000,0.00,0.000,,,,,,2.5,4.9,0.7,22,20,2.5,4.9,0.7,22,20,0,28.95,0.1,0,0,0,35.4,43.5,46.6,0.16,0.10,0.07
NHUD,2019-11-08 05:05:00 EST,44.01310,-73.70516,981,18.2,18.4,18.2,92.3,16.4,0.000,0.000,0.00,0.000,,,,,,1.7,3.9,0.6,86,46,1.7,3.9,0.6,86,46,0,28.95,0.1,0,0,0,35.4,43.5,46.6,0.16,0.10,0.07
NHUD,2019-11-08 05:10:00 EST,44.01310,-73.70516,981,17.7,17.8,17.7,91.5,15.6,0.000,0.000,0.00,0.000,,,,,,1.2,1.7,0.3,221,40,1.2,1.7,0.3,221,40,0,28.95,0.1,0,0,0,35.4,43.5,46.6,0.16,0.10,0.07
NHUD,2019-11-08 05:15:00 EST,44.01310,-73.70516,981,17.7,18.1,17.7,92.4,15.9,0.000,0.000,0.00,0.000,,,,,,1.4,2.2,0.5,188,23,1.4,2.2,0.5,188,23,0,28.96,0.1,0,0,0,35.4,43.5,46.6,0.16,0.10,0.07
NHUD,2019-11-08 05:20:00 EST,44.01310,-73.70516,981,17.5,17.9,17.5,92.6,15.7,0.000,0.000,0.00,0.000,,,,,,1.4,3.3,0.8,235,21,1.4,3.3,0.8,235,21,0,28.96,0.1,0,0,0,35.4,43.5,46.6,0.16,0.10,0.07
NHUD,2019-11-08 05:25:00 EST,44.01310,-73.70516,981,17.4,17.9,17.4,92.4,15.5,0.000,0.000,0.00,0.000,,,,,,1.0,2.1,0.6,292,41,1.0,2.1,0.6,292,41,0,28.96,0.2,0,0,0,35.4,43.5,46.6,0.16,0.10,0.07
NHUD,2019-11-08 05:30:00 EST,44.01310,-73.70516,981,17.4,18.1,17.4,92.6,15.6,0.000,0.000,0.00,0.000,,,,,,1.4,2.5,0.4,209,40,1.4,2.5,0.4,209,40,0,28.96,0.1,0,0,0,35.4,43.5,46.6,0.16,0.10,0.07
NHUD,2019-11-08 05:35:00 EST,44.01310,-73.70516,981,17.5,17.8,17.5,93.0,15.8,0.000,0.000,0.00,0.000,,,,,,0.8,1.8,0.5,192,40,0.8,1.8,0.5,192,40,0,28.96,0.1,0,0,0,35.4,43.5,46.6,0.16,0.10,0.07
NHUD,2019-11-08 05:40:00 EST,44.01310,-73.70516,981,17.5,17.7,12.8,93.0,15.8,0.000,0.000,0.00,0.000,,,,,,3.0,6.6,1.9,167,57,3.0,6.6,1.9,167,57,0,28.96,0.2,0,0,0,35.4,43.5,46.6,0.16,0.10,0.07
NHUD,2019-11-08 05:45:00 EST,44.01310,-73.70516,981,18.6,19.3,18.6,87.8,15.6,0.000,0.000,0.00,0.000,,,,,,2.8,5.9,1.1,300,35,2.8,5.9,1.1,300,35,0,28.96,0.1,0,0,0,35.3,43.5,46.6,0.16,0.10,0.07
NHUD,2019-11-08 05:50:00 EST,44.01310,-73.70516,981,18.4,18.9,18.4,85.7,14.8,0.000,0.000,0.00,0.000,,,,,,1.5,4.6,1.1,323,28,1.5,4.6,1.1,323,28,0,28.96,0.1,0,0,0,35.3,43.3,46.6,0.16,0.10,0.07
NHUD,2019-11-08 05:55:00 EST,44.01310,-73.70516,981,17.9,18.4,17.9,89.2,15.3,0.000,0.000,0.00,0.000,,,,,,2.0,5.6,1.1,158,29,2.0,5.6,1.1,158,29,0,28.96,0.1,0,0,0,35.3,43.4,46.6,0.16,0.10,0.07
NHUD,2019-11-08 06:00:00 EST,44.01310,-73.70516,981,17.9,18.3,17.9,90.5,15.6,0.000,0.000,0.00,0.000,,,,,,2.0,4.2,0.9,117,27,2.0,4.2,0.9,117,27,0,28.97,0.1,0,0,0,35.3,43.3,46.6,0.16,0.10,0.07
NHUD,2019-11-08 06:05:00 EST,44.01310,-73.70516,981,17.9,17.9,17.9,91.1,15.7,0.000,0.000,0.00,0.000,,,,,,1.2,2.6,0.6,328,56,1.2,2.6,0.6,328,56,0,28.97,0.2,0,0,0,35.2,43.3,46.6,0.16,0.10,0.07
NHUD,2019-11-08 06:10:00 EST,44.01310,-73.70516,981,17.8,18.4,17.8,90.2,15.4,0.000,0.000,0.00,0.000,,,,,,1.7,3.6,0.8,237,17,1.7,3.6,0.8,237,17,0,28.97,0.1,0,0,0,35.2,43.3,46.6,0.15,0.10,0.07
NHUD,2019-11-08 06:15:00 EST,44.01310,-73.70516,981,17.7,18.1,17.7,89.3,15.0,0.000,0.000,0.00,0.000,,,,,,0.7,1.6,0.5,220,38,0.7,1.6,0.5,220,38,0,28.97,0.1,0,0,0,35.2,43.3,46.6,0.15,0.10,0.07
NHUD,2019-11-08 06:20:00 EST,44.01310,-73.70516,981,17.6,17.8,17.6,90.1,15.2,0.000,0.000,0.00,0.000,,,,,,0.6,1.7,0.5,134,31,0.6,1.7,0.5,134,31,0,28.97,0.1,0,0,0,35.2,43.3,46.6,0.15,0.10,0.07
NHUD,2019-11-08 06:25:00 EST,44.01310,-73.70516,981,17.6,17.5,17.6,91.6,15.6,0.000,0.000,0.00,0.000,,,,,,1.7,3.8,0.9,144,55,1.7,3.8,0.9,144,55,0,28.97,0.2,0,0,0,35.2,43.3,46.6,0.16,0.10,0.07
NHUD,2019-11-08 06:30:00 EST,44.01310,-73.70516,981,17.9,18.4,17.9,90.3,15.6,0.000,0.000,0.00,0.000,,,,,,1.7,4.1,1.0,1,53,1.7,4.1,1.0,1,53,0,28.97,0.2,0,0,0,35.2,43.3,46.6,0.15,0.10,0.07
NHUD,2019-11-08 06:35:00 EST,44.01310,-73.70516,981,18.0,18.3,18.0,89.3,15.3,0.000,0.000,0.00,0.000,,,,,,1.4,2.7,0.7,281,24,1.4,2.7,0.7,281,24,1,28.97,0.1,0,0,0,35.2,43.3,46.6,0.15,0.10,0.07
NHUD,2019-11-08 06:40:00 EST,44.01310,-73.70516,981,18.0,18.1,18.0,90.0,15.5,0.000,0.000,0.00,0.000,,,,,,0.8,1.7,0.5,221,24,0.8,1.7,0.5,221,24,1,28.98,0.1,0,0,0,35.2,43.3,46.6,0.16,0.10,0.07
NHUD,2019-11-08 06:45:00 EST,44.01310,-73.70516,981,18.1,18.0,18.1,91.3,16.0,0.000,0.000,0.00,0.000,,,,,,1.7,3.2,0.8,111,13,1.7,3.2,0.8,111,13,2,28.98,0.2,0,0,0,35.2,43.3,46.6,0.15,0.10,0.07
NHUD,2019-11-08 06:50:00 EST,44.01310,-73.70516,981,18.2,18.1,18.2,91.5,16.1,0.000,0.000,0.00,0.000,,,,,,1.1,2.1,0.5,282,46,1.1,2.1,0.5,282,46,3,28.98,0.2,0,0,0,35.2,43.3,46.5,0.15,0.10,0.07
NHUD,2019-11-08 06:55:00 EST,44.01310,-73.70516,981,18.3,18.3,18.3,90.8,16.1,0.000,0.000,0.00,0.000,,,,,,1.2,2.9,0.6,300,43,1.2,2.9,0.6,300,43,4,28.98,0.2,0,0,0,35.2,43.3,46.5,0.15,0.10,0.07
NHUD,2019-11-08 07:00:00 EST,44.01310,-73.70516,981,18.4,18.4,18.4,90.5,16.1,0.000,0.000,0.00,0.000,,,,,,1.3,2.3,0.5,218,45,1.3,2.3,0.5,218,45,5,28.99,0.1,0,0,0,35.2,43.3,46.6,0.15,0.10,0.07
NHUD,2019-11-08 07:05:00 EST,44.01310,-73.70516,981,18.5,18.5,18.5,90.3,16.1,0.000,0.000,0.00,0.000,,,,,,1.0,2.2,0.5,262,45,1.0,2.2,0.5,262,45,6,28.99,0.2,0,0,0,35.2,43.3,46.6,0.15,0.10,0.07
NHUD,2019-11-08 07:10:00 EST,44.01310,-73.70516,981,18.6,18.7,18.6,89.1,16.0,0.000,0.000,0.00,0.000,,,,,,0.9,2.0,0.5,353,40,0.9,2.0,0.5,353,40,7,28.99,0.2,0,0,0,35.2,43.3,46.6,0.15,0.10,0.07
NHUD,2019-11-08 07:15:00 EST,44.01310,-73.70516,981,19.0,18.9,19.0,89.7,16.4,0.000,0.000,0.00,0.000,,,,,,0.7,1.8,0.6,90,24,0.7,1.8,0.6,90,24,10,29.00,0.2,0,0,0,35.2,43.3,46.5,0.15,0.10,0.07
NHUD,2019-11-08 07:20:00 EST,44.01310,-73.70516,981,19.0,18.9,19.0,90.1,16.6,0.000,0.000,0.00,0.000,,,,,,2.0,3.4,0.9,234,12,2.0,3.4,0.9,234,12,12,29.00,0.2,0,0,0,35.2,43.3,46.6,0.15,0.10,0.07
NHUD,2019-11-08 07:25:00 EST,44.01310,-73.70516,981,19.3,19.1,19.3,91.2,17.1,0.000,0.000,0.00,0.000,,,,,,3.0,7.7,1.9,178,46,3.0,7.7,1.9,178,46,14,29.00,0.2,0,0,0,35.2,43.3,46.4,0.15,0.10,0.07
NHUD,2019-11-08 07:30:00 EST,44.01310,-73.70516,981,19.5,19.3,19.5,91.1,17.3,0.000,0.000,0.00,0.000,,,,,,1.7,3.0,0.8,51,36,1.7,3.0,0.8,51,36,17,29.01,0.2,0,0,0,35.2,43.3,46.4,0.15,0.10,0.07
NHUD,2019-11-08 07:35:00 EST,44.01310,-73.70516,981,19.9,19.7,19.9,88.7,17.1,0.000,0.000,0.00,0.000,,,,,,1.6,3.4,0.9,96,56,1.6,3.4,0.9,96,56,19,29.01,0.2,0,0,0,35.2,43.2,46.4,0.15,0.10,0.07
NHUD,2019-11-08 07:40:00 EST,44.01310,-73.70516,981,19.9,19.8,19.9,89.4,17.3,0.000,0.000,0.00,0.000,,,,,,1.2,3.5,1.0,359,39,1.2,3.5,1.0,359,39,21,29.01,0.2,0,0,0,35.2,43.2,46.4,0.15,0.10,0.07
NHUD,2019-11-08 07:45:00 EST,44.01310,-73.70516,981,20.0,20.0,20.0,87.9,17.0,0.000,0.000,0.00,0.000,,,,,,1.2,2.2,0.4,221,23,1.2,2.2,0.4,221,23,25,29.01,0.2,0,0,0,35.2,43.2,46.4,0.15,0.10,0.07
NHUD,2019-11-08 07:50:00 EST,44.01310,-73.70516,981,20.3,20.2,20.3,88.4,17.4,0.000,0.000,0.00,0.000,,,,,,1.6,3.3,0.8,190,34,1.6,3.3,0.8,190,34,22,29.02,0.2,0,0,0,35.2,43.2,46.4,0.15,0.10,0.07
NHUD,2019-11-08 07:55:00 EST,44.01310,-73.70516,981,20.6,20.7,20.6,88.0,17.7,0.000,0.000,0.00,0.000,,,,,,2.0,5.5,1.3,125,58,2.0,5.5,1.3,125,58,22,29.02,0.2,0,0,0,35.2,43.2,46.4,0.15,0.10,0.07
NHUD,2019-11-08 08:00:00 EST,44.01310,-73.70516,981,21.1,21.3,21.1,84.2,17.1,0.000,0.000,0.00,0.000,,,,,,1.8,3.9,0.9,283,42,1.8,3.9,0.9,283,42,25,29.02,0.1,0,0,0,35.2,43.2,46.4,0.15,0.10,0.07
NHUD,2019-11-08 08:05:00 EST,44.01310,-73.70516,981,21.6,21.8,21.6,79.5,16.3,0.000,0.000,0.00,0.000,,,,,,1.3,2.9,0.8,286,50,1.3,2.9,0.8,286,50,29,29.02,0.2,0,0,0,35.2,43.2,46.4,0.15,0.10,0.07
NHUD,2019-11-08 08:10:00 EST,44.01310,-73.70516,981,22.7,22.7,18.1,77.6,16.7,0.000,0.000,0.00,0.000,,,,,,3.4,8.1,1.7,34,39,3.4,8.1,1.7,34,39,30,29.02,0.2,0,0,0,35.2,43.2,46.4,0.15,0.10,0.07
NHUD,2019-11-08 08:15:00 EST,44.01310,-73.70516,981,23.2,23.3,17.2,68.7,14.5,0.000,0.000,0.00,0.000,,,,,,4.6,12.5,2.7,15,23,4.6,12.5,2.7,15,23,33,29.02,0.2,0,0,0,35.1,43.2,46.4,0.15,0.10,0.07
NHUD,2019-11-08 08:20:00 EST,44.01310,-73.70516,981,23.4,23.4,14.6,63.6,12.9,0.000,0.000,0.00,0.000,,,,,,7.7,15.5,3.0,354,26,7.7,15.5,3.0,354,26,34,29.02,0.2,0,0,0,35.1,43.2,46.4,0.15,0.10,0.07
NHUD,2019-11-08 08:25:00 EST,44.01310,-73.70516,981,23.6,23.5,16.4,64.8,13.4,0.000,0.000,0.00,0.000,,,,,,5.8,11.9,2.0,5,15,5.8,11.9,2.0,5,15,33,29.02,0.2,0,0,0,35.1,43.2,46.4,0.15,0.10,0.07
NHUD,2019-11-08 08:30:00 EST,44.01310,-73.70516,981,23.7,23.7,16.9,63.0,12.9,0.000,0.000,0.00,0.000,,,,,,5.4,11.1,1.9,1,22,5.4,11.1,1.9,1,22,34,29.02,0.2,0,0,0,35.1,43.2,46.4,0.15,0.10,0.07
NHUD,2019-11-08 08:35:00 EST,44.01310,-73.70516,981,24.1,24.0,20.0,64.3,13.7,0.000,0.000,0.00,0.000,,,,,,3.2,6.0,1.1,338,31,3.2,6.0,1.1,338,31,40,29.02,0.2,0,0,0,35.1,43.2,46.4,0.15,0.10,0.07
NHUD,2019-11-08 08:40:00 EST,44.01310,-73.70516,981,24.1,24.1,24.1,66.0,14.4,0.000,0.000,0.00,0.000,,,,,,2.6,6.2,1.3,308,53,2.6,6.2,1.3,308,53,42,29.02,0.3,0,0,0,35.1,43.2,46.4,0.15,0.10,0.07
NHUD,2019-11-08 08:45:00 EST,44.01310,-73.70516,981,24.4,24.3,19.6,63.2,13.6,0.000,0.000,0.00,0.000,,,,,,3.7,7.1,1.4,32,25,3.7,7.1,1.4,32,25,49,29.02,0.2,0,0,0,35.1,43.2,46.4,0.15,0.10,0.07
NHUD,2019-11-08 08:50:00 EST,44.01310,-73.70516,981,24.6,24.4,18.9,62.8,13.7,0.000,0.000,0.00,0.000,,,,,,4.5,9.3,1.9,12,20,4.5,9.3,1.9,12,20,60,29.02,0.2,0,0,0,35.1,43.2,46.4,0.15,0.10,0.07
NHUD,2019-11-08 08:55:00 EST,44.01310,-73.70516,981,24.5,24.4,18.9,61.4,13.1,0.000,0.000,0.00,0.000,,,,,,4.4,9.1,1.7,20,20,4.4,9.1,1.7,20,20,60,29.02,0.2,0,0,0,35.1,43.2,46.4,0.15,0.10,0.07
NHUD,2019-11-08 09:00:00 EST,44.01310,-73.70516,981,24.8,24.6,18.8,60.3,13.0,0.000,0.000,0.00,0.000,,,,,,4.9,12.7,2.1,357,38,4.9,12.7,2.1,357,38,99,29.03,0.2,0,0,0,35.1,43.2,46.4,0.14,0.10,0.07
NHUD,2019-11-08 09:05:00 EST,44.01310,-73.70516,981,24.9,24.5,17.1,59.4,12.7,0.000,0.000,0.00,0.000,,,,,,6.8,16.0,3.4,6,20,6.8,16.0,3.4,6,20,92,29.03,0.2,0,0,0,35.1,43.2,46.4,0.15,0.10,0.07
NHUD,2019-11-08 09:10:00 EST,44.01310,-73.70516,981,24.8,24.4,16.8,57.4,11.9,0.000,0.000,0.00,0.000,,,,,,7.1,13.5,2.5,0,30,7.1,13.5,2.5,0,30,94,29.03,0.2,0,0,0,35.1,43.2,46.4,0.15,0.10,0.07
NHUD,2019-11-08 09:15:00 EST,44.01310,-73.70516,981,25.1,24.6,17.9,55.9,11.5,0.000,0.000,0.00,0.000,,,,,,6.1,13.0,3.0,11,25,6.1,13.0,3.0,11,25,133,29.02,0.2,0,0,0,35.1,43.1,46.4,0.15,0.10,0.07
NHUD,2019-11-08 09:20:00 EST,44.01310,-73.70516,981,25.2,24.8,17.3,56.5,11.9,0.000,0.000,0.00,0.000,,,,,,7.1,14.5,2.8,2,27,7.1,14.5,2.8,2,27,132,29.02,0.2,0,0,0,35.1,43.1,46.4,0.15,0.10,0.07
NHUD,2019-11-08 09:25:00 EST,44.01310,-73.70516,981,25.3,24.8,15.5,53.8,10.9,0.000,0.000,0.00,0.000,,,,,,10.0,19.8,4.1,9,16,10.0,19.8,4.1,9,16,141,29.03,0.2,0,0,0,35.1,43.0,46.4,0.15,0.10,0.07
NHUD,2019-11-08 09:30:00 EST,44.01310,-73.70516,981,25.4,24.9,16.0,52.4,10.3,0.000,0.000,0.00,0.000,,,,,,9.1,19.4,3.9,0,20,9.1,19.4,3.9,0,20,112,29.03,0.2,0,0,0,35.1,43.0,46.4,0.15,0.10,0.07
NHUD,2019-11-08 09:35:00 EST,44.01310,-73.70516,981,25.3,24.9,16.4,51.5,9.9,0.000,0.000,0.00,0.000,,,,,,8.4,18.7,3.2,5,21,8.4,18.7,3.2,5,21,100,29.03,0.2,0,0,0,35.1,43.0,46.4,0.15,0.10,0.07
NHUD,2019-11-08 09:40:00 EST,44.01310,-73.70516,981,25.5,25.1,17.9,51.5,10.1,0.000,0.000,0.00,0.000,,,,,,6.7,11.7,2.7,353,20,6.7,11.7,2.7,353,20,113,29.03,0.2,0,0,0,35.1,43.0,46.4,0.15,0.10,0.07
NHUD,2019-11-08 09:45:00 EST,44.01310,-73.70516,981,25.7,25.3,17.7,52.1,10.5,0.000,0.000,0.00,0.000,,,,,,7.2,14.5,2.3,14,17,7.2,14.5,2.3,14,17,72,29.03,0.2,0,0,0,35.1,43.0,46.4,0.15,0.10,0.07
NHUD,2019-11-08 09:50:00 EST,44.01310,-73.70516,981,25.7,25.2,20.3,53.6,11.1,0.000,0.000,0.00,0.000,,,,,,4.4,8.4,1.7,22,19,4.4,8.4,1.7,22,19,66,29.03,0.2,0,0,0,35.1,43.0,46.4,0.15,0.10,0.07
NHUD,2019-11-08 09:55:00 EST,44.01310,-73.70516,981,25.9,25.3,21.5,54.1,11.5,0.000,0.000,0.00,0.000,,,,,,3.6,11.4,2.2,0,30,3.6,11.4,2.2,0,30,97,29.03,0.2,0,0,0,35.1,43.0,46.4,0.15,0.10,0.07
NHUD,2019-11-08 10:00:00 EST,44.01310,-73.70516,981,25.8,25.4,25.8,58.6,13.3,0.000,0.000,0.00,0.000,,,,,,2.1,4.9,0.9,266,30,2.1,4.9,0.9,266,30,72,29.03,0.1,0,0,0,35.1,43.0,46.4,0.15,0.10,0.07
NHUD,2019-11-08 10:05:00 EST,44.01310,-73.70516,981,25.6,25.2,25.6,59.9,13.6,0.000,0.000,0.00,0.000,,,,,,0.8,2.6,0.7,253,46,0.8,2.6,0.7,253,46,74,29.03,0.2,0,0,0,35.1,43.0,46.4,0.15,0.10,0.07
NHUD,2019-11-08 10:10:00 EST,44.01310,-73.70516,981,25.9,25.5,25.9,57.4,12.9,0.000,0.000,0.00,0.000,,,,,,1.5,3.3,0.8,61,53,1.5,3.3,0.8,61,53,138,29.03,0.2,0,0,0,35.1,43.0,46.4,0.15,0.10,0.07
NHUD,2019-11-08 10:15:00 EST,44.01310,-73.70516,981,26.2,25.8,26.2,58.3,13.6,0.000,0.000,0.00,0.000,,,,,,2.0,7.3,1.4,270,28,2.0,7.3,1.4,270,28,96,29.03,0.2,0,0,0,35.1,43.0,46.4,0.15,0.10,0.07
NHUD,2019-11-08 10:20:00 EST,44.01310,-73.70516,981,26.1,25.6,26.1,50.0,9.9,0.000,0.000,0.00,0.000,,,,,,2.2,7.1,1.6,327,47,2.2,7.1,1.6,327,47,123,29.03,0.2,0,0,0,35.1,43.0,46.4,0.15,0.10,0.07
NHUD,2019-11-08 10:25:00 EST,44.01310,-73.70516,981,26.0,25.6,26.0,48.4,9.1,0.000,0.000,0.00,0.000,,,,,,2.2,10.9,2.8,1,30,2.2,10.9,2.8,1,30,42,29.03,0.1,0,0,0,35.1,43.0,46.4,0.15,0.10,0.07
NHUD,2019-11-08 10:30:00 EST,44.01310,-73.70516,981,25.7,25.4,25.7,49.9,9.5,0.000,0.000,0.00,0.000,1.5,6.5,2.0,41,44,1.8,7.2,1.9,29,52,1.8,7.2,1.9,29,52,32,29.04,0.2,0,0,0,35.1,43.0,46.4,0.15,0.10,0.07
NHUD,2019-11-08 10:35:00 EST,44.01310,-73.70516,981,25.8,25.5,21.1,51.9,10.5,0.000,0.000,0.00,0.000,3.5,7.3,1.9,244,42,3.8,7.5,1.9,248,43,3.8,7.5,1.9,248,43,66,29.04,0.2,0,0,0,35.1,43.0,46.4,0.15,0.10,0.07
NHUD,2019-11-08 10:40:00 EST,44.01310,-73.70516,981,25.8,25.5,20.9,54.2,11.5,0.000,0.000,0.00,0.000,3.4,12.2,2.2,286,52,4.0,13.9,2.4,291,50,4.0,13.9,2.4,291,50,74,29.04,0.1,0,0,0,35.1,43.0,46.4,0.15,0.10,0.07
NHUD,2019-11-08 10:45:00 EST,44.01310,-73.70516,981,25.6,25.4,18.2,48.8,9.0,0.000,0.000,0.00,0.000,6.1,12.1,2.5,236,44,6.6,14.3,2.5,235,48,6.6,14.3,2.5,235,48,70,29.04,0.2,0,0,0,35.1,43.0,46.4,0.15,0.10,0.07
NHUD,2019-11-08 10:50:00 EST,44.01310,-73.70516,981,26.0,25.7,19.1,52.1,10.8,0.000,0.000,0.00,0.000,5.6,8.7,1.5,273,43,5.9,10.1,1.7,273,42,5.9,10.1,1.7,273,42,149,29.04,0.2,0,0,0,35.1,43.0,46.4,0.15,0.10,0.07
NHUD,2019-11-08 10:55:00 EST,44.01310,-73.70516,981,26.3,25.8,22.6,46.8,8.7,0.000,0.000,0.00,0.000,2.6,7.0,1.9,297,57,3.2,9.0,2.2,305,57,3.2,9.0,2.2,305,57,131,29.04,0.3,0,0,0,35.1,43.0,46.3,0.15,0.10,0.07
NHUD,2019-11-08 11:00:00 EST,44.01310,-73.70516,981,26.5,26.1,21.1,48.2,9.5,0.000,0.000,0.00,0.000,3.8,6.9,1.6,16,24,4.6,8.6,1.9,12,22,4.6,8.6,1.9,12,22,128,29.04,0.2,0,0,0,35.1,43.0,46.1,0.15,0.10,0.07
NHUD,2019-11-08 11:05:00 EST,44.01310,-73.70516,981,26.9,26.4,21.6,49.0,10.3,0.000,0.000,0.00,0.000,4.0,8.7,1.7,318,55,4.5,11.5,2.3,318,54,4.5,11.5,2.3,318,54,97,29.04,0.1,0,0,0,35.1,42.9,46.2,0.15,0.10,0.07
NHUD,2019-11-08 11:10:00 EST,44.01310,-73.70516,981,26.9,26.5,20.3,46.0,8.9,0.000,0.000,0.00,0.000,5.2,12.9,2.4,295,47,6.0,14.3,2.7,300,50,6.0,14.3,2.7,300,50,94,29.04,0.1,0,0,0,35.1,42.8,46.0,0.15,0.10,0.07
NHUD,2019-11-08 11:15:00 EST,44.01310,-73.70516,981,27.1,26.9,22.3,51.0,11.4,0.000,0.000,0.00,0.000,3.5,9.4,2.5,205,56,4.1,11.0,2.6,208,59,4.1,11.0,2.6,208,59,150,29.04,0.2,0,0,0,35.1,42.8,46.0,0.15,0.10,0.07
NHUD,2019-11-08 11:20:00 EST,44.01310,-73.70516,981,27.3,26.9,21.7,48.5,10.4,0.000,0.000,0.00,0.000,4.5,11.7,3.0,225,40,4.8,11.3,2.8,221,41,4.8,11.3,2.8,221,41,173,29.03,0.2,0,0,0,35.1,42.8,46.0,0.15,0.10,0.07
NHUD,2019-11-08 11:25:00 EST,44.01310,-73.70516,981,28.0,27.1,28.0,51.9,12.6,0.000,0.000,0.00,0.000,2.1,5.0,1.4,23,44,2.5,6.1,1.6,19,41,2.5,6.1,1.6,19,41,188,29.04,0.1,0,0,0,35.1,42.8,46.1,0.15,0.10,0.07
NHUD,2019-11-08 11:30:00 EST,44.01310,-73.70516,981,27.8,,22.0,48.6,10.9,0.000,0.000,0.00,0.000,4.5,11.8,2.2,321,29,5.2,11.6,2.5,324,26,5.2,11.6,2.5,324,26,178,29.04,0.1,0,0,0,35.1,42.8,46.0,0.15,0.10,0.07
NHUD,2019-11-08 11:35:00 EST,44.01310,-73.70516,981,27.0,,20.8,44.8,8.4,0.000,0.000,0.00,0.000,4.6,9.4,1.7,335,30,5.5,12.8,2.0,337,25,5.5,12.8,2.0,337,25,178,29.04,0.2,0,0,0,35.1,42.8,46.0,0.15,0.10,0.07
NHUD,2019-11-08 11:40:00 EST,44.01310,-73.70516,981,27.3,,20.6,46.7,9.6,0.000,0.000,0.00,0.000,5.0,13.2,2.8,322,42,6.0,15.0,3.0,324,43,6.0,15.0,3.0,324,43,180,29.04,0.3,0,0,0,35.1,42.8,46.0,0.15,0.10,0.07
NHUD,2019-11-08 11:45:00 EST,44.01310,-73.70516,981,27.5,,23.0,48.6,10.7,0.000,0.000,0.00,0.000,3.0,9.2,2.0,234,49,3.9,11.7,2.2,235,51,3.9,11.7,2.2,235,51,190,29.04,0.2,0,0,0,35.0,42.8,46.0,0.15,0.10,0.07
NHUD,2019-11-08 11:50:00 EST,44.01310,-73.70516,981,27.5,,24.1,44.8,8.8,0.000,0.000,0.00,0.000,2.4,8.3,2.3,328,56,3.1,9.5,2.5,330,59,3.1,9.5,2.5,330,59,181,29.04,0.2,0,0,0,35.1,42.8,46.0,0.15,0.10,0.07
NHUD,2019-11-08 11:55:00 EST,44.01310,-73.70516,981,27.7,,23.1,47.5,10.3,0.000,0.000,0.00,0.000,3.5,9.6,2.6,44,27,4.0,9.8,2.6,38,32,4.0,9.8,2.6,38,32,146,29.04,0.2,0,0,0,35.0,42.8,46.0,0.15,0.10,0.07
NHUD,2019-11-08 12:00:00 EST,44.01310,-73.70516,981,27.4,,22.6,47.8,10.2,0.000,0.000,0.00,0.000,3.6,8.5,1.9,15,30,4.2,11.5,2.1,12,29,4.2,11.5,2.1,12,29,106,29.04,0.1,0,0,0,35.0,42.8,46.0,0.15,0.10,0.07
NHUD,2019-11-08 12:05:00 EST,44.01310,-73.70516,981,27.1,,20.1,48.1,10.0,0.000,0.000,0.00,0.000,5.6,11.7,2.0,14,25,6.4,14.6,2.4,13,21,6.4,14.6,2.4,13,21,108,29.04,0.2,0,0,0,35.0,42.8,46.0,0.15,0.10,0.07
NHUD,2019-11-08 12:10:00 EST,44.01310,-73.70516,981,26.9,,19.4,48.7,10.1,0.000,0.000,0.00,0.000,6.3,10.7,1.7,33,21,7.0,12.9,2.0,30,20,7.0,12.9,2.0,30,20,114,29.04,0.3,0,0,0,34.9,42.8,46.0,0.15,0.10,0.07
NHUD,2019-11-08 12:15:00 EST,44.01310,-73.70516,981,27.1,,22.2,49.8,10.8,0.000,0.000,0.00,0.000,3.7,6.0,1.0,342,41,4.1,6.6,1.1,340,40,4.1,6.6,1.1,340,40,109,29.04,0.2,0,0,0,34.9,42.8,46.0,0.15,0.10,0.07
NHUD,2019-11-08 12:20:00 EST,44.01310,-73.70516,981,26.7,,26.7,50.0,10.6,0.000,0.000,0.00,0.000,2.1,5.4,1.2,241,54,2.6,5.8,1.3,241,55,2.6,5.8,1.3,241,55,143,29.04,0.2,0,0,0,34.9,42.8,46.0,0.15,0.10,0.07
NHUD,2019-11-08 12:25:00 EST,44.01310,-73.70516,981,27.3,,27.3,49.5,10.9,0.000,0.000,0.00,0.000,2.4,6.5,1.5,40,49,3.0,7.7,1.8,40,45,3.0,7.7,1.8,40,45,184,29.03,0.2,0,0,0,34.9,42.8,46.0,0.14,0.10,0.07
NHUD,2019-11-08 12:30:00 EST,44.01310,-73.70516,981,27.5,,20.6,49.4,11.0,0.000,0.000,0.00,0.000,5.5,10.2,2.4,31,20,6.2,11.1,2.4,27,19,6.2,11.1,2.4,27,19,165,29.03,0.1,0,0,0,34.9,42.8,46.0,0.15,0.10,0.07
NHUD,2019-11-08 12:35:00 EST,44.01310,-73.70516,981,27.1,,18.6,50.4,11.1,0.000,0.000,0.00,0.000,7.5,10.3,1.0,21,12,8.5,14.1,1.6,18,11,8.5,14.1,1.6,18,11,157,29.03,0.2,0,0,0,34.9,42.8,46.0,0.15,0.10,0.07
NHUD,2019-11-08 12:40:00 EST,44.01310,-73.70516,981,27.3,,19.7,51.9,11.9,0.000,0.000,0.00,0.000,6.0,12.5,2.4,355,22,7.2,16.2,2.8,353,17,7.2,16.2,2.8,353,17,174,29.03,0.2,0,0,0,34.9,42.8,46.0,0.15,0.10,0.07
NHUD,2019-11-08 12:45:00 EST,44.01310,-73.70516,981,27.9,,21.1,50.7,12.0,0.000,0.000,0.00,0.000,5.4,13.7,2.7,10,24,6.2,15.5,3.2,8,22,6.2,15.5,3.2,8,22,171,29.03,0.1,0,0,0,34.9,42.8,46.0,0.15,0.10,0.07
NHUD,2019-11-08 12:50:00 EST,44.01310,-73.70516,981,27.7,,22.0,48.5,10.8,0.000,0.000,0.00,0.000,4.2,8.2,1.9,26,33,5.1,10.3,2.4,22,30,5.1,10.3,2.4,22,30,164,29.03,0.2,0,0,0,34.9,42.7,46.0,0.15,0.10,0.07
NHUD,2019-11-08 12:55:00 EST,44.01310,-73.70516,981,27.5,,20.9,47.9,10.3,0.000,0.000,0.00,0.000,4.8,8.6,1.6,350,24,5.9,10.0,2.0,350,21,5.9,10.0,2.0,350,21,136,29.03,0.2,0,0,0,34.9,42.7,46.0,0.15,0.10,0.07
NHUD,2019-11-08 13:00:00 EST,44.01310,-73.70516,981,27.8,,20.9,48.6,11.0,0.000,0.000,0.00,0.000,5.7,12.1,2.3,352,32,6.5,15.6,2.7,354,27,6.5,15.6,2.7,354,27,147,29.03,0.3,0,0,0,34.9,42.7,46.0,0.15,0.10,0.07
NHUD,2019-11-08 13:05:00 EST,44.01310,-73.70516,981,27.8,,21.3,45.9,9.7,0.000,0.000,0.00,0.000,5.2,13.3,2.4,5,35,5.9,15.1,2.6,5,32,5.9,15.1,2.6,5,32,148,29.03,0.1,0,0,0,35.0,42.7,46.0,0.16,0.10,0.07
NHUD,2019-11-08 13:10:00 EST,44.01310,-73.70516,981,28.0,,21.6,46.0,9.9,0.000,0.000,0.00,0.000,5.1,9.9,2.1,325,28,5.9,10.4,2.3,329,26,5.9,10.4,2.3,329,26,163,29.03,0.2,0,0,0,35.1,42.7,46.0,0.16,0.10,0.07
NHUD,2019-11-08 13:15:00 EST,44.01310,-73.70516,981,28.0,,28.0,45.1,9.5,0.000,0.000,0.00,0.000,1.8,4.4,1.0,344,66,2.3,6.2,1.2,355,67,2.3,6.2,1.2,355,67,181,29.03,0.2,0,0,0,35.1,42.6,46.0,0.16,0.10,0.07
NHUD,2019-11-08 13:20:00 EST,44.01310,-73.70516,981,28.1,,28.1,43.0,8.4,0.000,0.000,0.00,0.000,2.2,6.0,1.6,21,62,2.8,8.1,1.8,19,59,2.8,8.1,1.8,19,59,196,29.03,0.1,0,0,0,35.1,42.6,46.0,0.16,0.10,0.07
NHUD,2019-11-08 13:25:00 EST,44.01310,-73.70516,981,28.0,,23.8,43.7,8.7,0.000,0.000,0.00,0.000,3.1,8.3,2.3,12,34,3.7,10.2,2.8,14,33,3.7,10.2,2.8,14,33,193,29.03,0.1,0,0,0,35.2,42.6,46.0,0.17,0.10,0.07
NHUD,2019-11-08 13:30:00 EST,44.01310,-73.70516,981,28.6,,23.1,44.8,9.8,0.000,0.000,0.00,0.000,4.3,8.1,2.0,32,30,5.0,10.1,2.2,28,25,5.0,10.1,2.2,28,25,215,29.03,0.1,0,0,0,35.3,42.6,46.0,0.17,0.10,0.07
NHUD,2019-11-08 13:35:00 EST,44.01310,-73.70516,981,28.5,,20.1,45.3,9.9,0.000,0.000,0.00,0.000,7.6,13.9,2.5,16,19,8.6,18.0,3.2,14,16,8.6,18.0,3.2,14,16,249,29.04,0.2,0,0,0,35.5,42.6,46.0,0.17,0.10,0.07
NHUD,2019-11-08 13:40:00 EST,44.01310,-73.70516,981,28.5,,21.0,45.7,10.2,0.000,0.000,0.00,0.000,6.8,12.6,2.3,44,20,7.4,14.2,2.3,41,20,7.4,14.2,2.3,41,20,265,29.04,0.3,0,0,0,35.7,42.6,46.0,0.17,0.10,0.07
NHUD,2019-11-08 13:45:00 EST,44.01310,-73.70516,981,28.8,,21.8,44.6,9.9,0.000,0.000,0.00,0.000,5.9,13.1,2.8,12,23,6.8,14.2,3.1,9,22,6.8,14.2,3.1,9,22,269,29.04,0.2,0,0,0,35.9,42.6,46.0,0.17,0.10,0.07
NHUD,2019-11-08 13:50:00 EST,44.01310,-73.70516,981,28.9,,22.6,45.2,10.3,0.000,0.000,0.00,0.000,5.2,9.1,1.7,31,24,5.9,10.4,2.0,27,22,5.9,10.4,2.0,27,22,271,29.04,0.1,0,0,0,36.0,42.6,46.0,0.17,0.10,0.07
NHUD,2019-11-08 13:55:00 EST,44.01310,-73.70516,981,28.1,,22.8,46.2,10.1,0.000,0.000,0.00,0.000,4.0,11.0,2.2,351,38,4.7,11.7,2.7,350,35,4.7,11.7,2.7,350,35,256,29.04,0.2,0,0,0,36.3,42.6,45.9,0.18,0.10,0.07
NHUD,2019-11-08 14:00:00 EST,44.01310,-73.70516,981,28.6,,22.6,47.3,11.0,0.000,0.000,0.00,0.000,4.5,9.2,2.1,357,32,5.5,12.3,2.7,353,25,5.5,12.3,2.7,353,25,290,29.04,0.1,0,0,0,36.6,42.6,46.0,0.18,0.10,0.07
NHUD,2019-11-08 14:05:00 EST,44.01310,-73.70516,981,28.2,,22.4,44.2,9.1,0.000,0.000,0.00,0.000,4.5,9.9,2.4,359,32,5.1,12.0,2.8,0,26,5.1,12.0,2.8,0,26,280,29.04,0.1,0,0,0,36.9,42.6,46.0,0.18,0.10,0.07
NHUD,2019-11-08 14:10:00 EST,44.01310,-73.70516,981,28.5,,28.5,47.4,11.0,0.000,0.000,0.00,0.000,2.2,7.8,2.1,34,40,2.8,10.2,2.3,34,49,2.8,10.2,2.3,34,49,257,29.04,0.2,0,0,0,37.1,42.6,46.0,0.18,0.10,0.07
NHUD,2019-11-08 14:15:00 EST,44.01310,-73.70516,981,28.5,,28.5,45.8,10.2,0.000,0.000,0.00,0.000,2.7,4.8,1.1,38,42,2.9,6.6,1.2,32,44,2.9,6.6,1.2,32,44,260,29.04,0.1,0,0,0,37.2,42.6,45.9,0.18,0.10,0.07
NHUD,2019-11-08 14:20:00 EST,44.01310,-73.70516,981,28.1,,24.8,45.0,9.5,0.000,0.000,0.00,0.000,2.5,6.1,1.5,75,54,3.1,7.3,1.8,74,55,3.1,7.3,1.8,74,55,293,29.05,0.1,0,0,0,37.2,42.6,45.9,0.18,0.10,0.07
NHUD,2019-11-08 14:25:00 EST,44.01310,-73.70516,981,28.4,,24.7,47.1,10.8,0.000,0.000,0.00,0.000,2.7,7.0,1.8,35,37,3.4,7.5,1.6,30,37,3.4,7.5,1.6,30,37,282,29.05,0.2,0,0,0,37.3,42.6,45.9,0.18,0.10,0.07
NHUD,2019-11-08 14:30:00 EST,44.01310,-73.70516,981,28.4,,21.3,45.6,10.1,0.000,0.000,0.00,0.000,6.2,14.9,3.7,324,49,6.8,17.4,4.1,324,49,6.8,17.4,4.1,324,49,287,29.05,0.1,0,0,0,37.4,42.6,45.9,0.18,0.10,0.07
NHUD,2019-11-08 14:35:00 EST,44.01310,-73.70516,981,27.9,,20.1,44.2,8.9,0.000,0.000,0.00,0.000,6.7,17.5,3.7,351,40,7.7,17.8,3.5,353,38,7.7,17.8,3.5,353,38,228,29.05,0.1,0,0,0,37.4,42.6,45.9,0.18,0.10,0.07
NHUD,2019-11-08 14:40:00 EST,44.01310,-73.70516,981,26.9,,21.4,45.6,8.6,0.000,0.000,0.00,0.000,4.0,9.9,1.8,315,34,4.7,10.1,1.7,317,33,4.7,10.1,1.7,317,33,69,29.06,0.1,0,0,0,37.6,42.6,45.9,0.18,0.10,0.07
NHUD,2019-11-08 14:45:00 EST,44.01310,-73.70516,981,26.4,,20.8,46.9,8.9,0.000,0.000,0.00,0.000,4.2,12.3,2.7,263,32,4.8,11.9,2.9,265,33,4.8,11.9,2.9,265,33,83,29.06,0.1,0,0,0,37.5,42.6,45.9,0.18,0.10,0.07
NHUD,2019-11-08 14:50:00 EST,44.01310,-73.70516,981,26.3,,21.6,48.8,9.6,0.000,0.000,0.00,0.000,3.3,10.7,3.1,240,32,3.9,13.9,3.1,235,41,3.9,13.9,3.1,235,41,83,29.06,0.1,0,0,0,37.4,42.6,45.9,0.18,0.10,0.07
NHUD,2019-11-08 14:55:00 EST,44.01310,-73.70516,981,26.2,,19.8,47.6,9.0,0.000,0.000,0.00,0.000,4.9,11.8,2.4,315,62,5.5,14.8,2.6,320,61,5.5,14.8,2.6,320,61,95,29.06,0.1,0,0,0,37.4,42.6,45.9,0.17,0.10,0.07
NHUD,2019-11-08 15:00:00 EST,44.01310,-73.70516,981,26.3,,20.5,48.6,9.5,0.000,0.000,0.00,0.000,4.1,10.5,2.4,38,50,4.8,13.3,2.7,34,48,4.8,13.3,2.7,34,48,79,29.06,0.1,0,0,0,37.4,42.6,45.9,0.18,0.10,0.07
NHUD,2019-11-08 15:05:00 EST,44.01310,-73.70516,981,26.3,,20.0,48.7,9.6,0.000,0.000,0.00,0.000,4.6,9.6,1.8,15,35,5.4,10.5,2.0,9,30,5.4,10.5,2.0,9,30,73,29.07,0.1,0,0,0,37.2,42.6,45.9,0.18,0.10,0.07
NHUD,2019-11-08 15:10:00 EST,44.01310,-73.70516,981,26.0,,19.9,48.4,9.2,0.000,0.000,0.00,0.000,4.2,7.5,1.8,357,44,5.1,10.4,2.2,356,44,5.1,10.4,2.2,356,44,61,29.07,0.2,0,0,0,37.2,42.6,45.9,0.18,0.10,0.07
NHUD,2019-11-08 15:15:00 EST,44.01310,-73.70516,981,26.1,,26.1,50.0,10.0,0.000,0.000,0.00,0.000,2.5,4.5,1.1,40,58,2.9,5.4,1.2,37,59,2.9,5.4,1.2,37,59,55,29.07,0.1,0,0,0,37.2,42.6,45.9,0.18,0.10,0.07
NHUD,2019-11-08 15:20:00 EST,44.01310,-73.70516,981,26.4,,21.4,50.5,10.5,0.000,0.000,0.00,0.000,3.8,6.2,1.1,36,22,4.2,7.7,1.3,34,21,4.2,7.7,1.3,34,21,53,29.07,0.1,0,0,0,37.2,42.6,45.9,0.18,0.10,0.07
NHUD,2019-11-08 15:25:00 EST,44.01310,-73.70516,981,26.1,,18.9,54.4,11.9,0.000,0.000,0.00,0.000,6.0,10.1,2.0,38,19,6.4,11.6,2.1,35,16,6.4,11.6,2.1,35,16,57,29.08,0.0,0,0,0,37.2,42.6,45.9,0.18,0.10,0.07
NHUD,2019-11-08 15:30:00 EST,44.01310,-73.70516,981,25.7,,18.5,59.0,13.4,0.000,0.000,0.00,0.000,5.7,12.4,2.0,34,24,6.3,13.4,2.3,31,23,6.3,13.4,2.3,31,23,33,29.07,-0.0,0,0,0,37.0,42.5,45.9,0.18,0.10,0.07
NHUD,2019-11-08 15:35:00 EST,44.01310,-73.70516,981,25.4,,17.1,55.7,11.8,0.000,0.000,0.00,0.000,6.7,13.5,3.0,33,26,7.6,14.1,3.3,31,25,7.6,14.1,3.3,31,25,25,29.08,0.1,0,0,0,37.0,42.5,45.9,0.18,0.10,0.07
NHUD,2019-11-08 15:40:00 EST,44.01310,-73.70516,981,25.4,,18.7,54.4,11.2,0.000,0.000,0.00,0.000,4.8,12.4,2.4,318,53,5.6,14.5,2.9,320,53,5.6,14.5,2.9,320,53,26,29.08,0.0,0,0,0,37.0,42.4,45.9,0.18,0.10,0.07
NHUD,2019-11-08 15:45:00 EST,44.01310,-73.70516,981,25.1,,25.1,54.2,10.9,0.000,0.000,0.00,0.000,2.0,5.4,1.1,226,26,2.5,5.2,1.2,224,28,2.5,5.2,1.2,224,28,27,29.08,0.1,0,0,0,36.9,42.4,45.9,0.18,0.10,0.07
NHUD,2019-11-08 15:50:00 EST,44.01310,-73.70516,981,25.2,,20.3,55.0,11.3,0.000,0.000,0.00,0.000,3.5,7.4,1.9,245,43,3.9,9.8,2.0,244,44,3.9,9.8,2.0,244,44,22,29.07,0.1,0,0,0,36.9,42.4,45.9,0.18,0.10,0.07
NHUD,2019-11-08 15:55:00 EST,44.01310,-73.70516,981,25.2,,20.9,52.8,10.4,0.000,0.000,0.00,0.000,3.0,7.3,1.5,222,43,3.5,8.2,1.6,222,44,3.5,8.2,1.6,222,44,17,29.08,0.1,0,0,0,36.7,42.4,45.9,0.18,0.10,0.07
NHUD,2019-11-08 16:00:00 EST,44.01310,-73.70516,981,25.5,,21.2,50.4,9.6,0.000,0.000,0.00,0.000,2.7,7.6,1.6,74,61,3.5,10.2,1.8,74,61,3.5,10.2,1.8,74,61,15,29.08,0.1,0,0,0,36.7,42.4,45.9,0.18,0.10,0.07
NHUD,2019-11-08 16:05:00 EST,44.01310,-73.70516,981,25.4,,20.8,48.8,8.8,0.000,0.000,0.00,0.000,3.5,7.6,1.5,312,26,3.8,11.2,1.8,311,29,3.8,11.2,1.8,311,29,14,29.08,0.1,0,0,0,36.5,42.4,45.9,0.17,0.10,0.07
NHUD,2019-11-08 16:10:00 EST,44.01310,-73.70516,981,25.3,,25.3,50.5,9.5,0.000,0.000,0.00,0.000,1.6,3.8,0.9,194,46,2.0,5.9,1.2,197,50,2.0,5.9,1.2,197,50,13,29.08,0.1,0,0,0,36.5,42.4,45.9,0.17,0.10,0.07
NHUD,2019-11-08 16:15:00 EST,44.01310,-73.70516,981,25.3,25.3,21.4,51.2,9.7,0.000,0.000,0.00,0.000,2.7,7.4,1.6,226,23,3.2,7.7,1.6,228,22,3.2,7.7,1.6,228,22,12,29.08,0.1,0,0,0,36.4,42.4,45.9,0.17,0.10,0.07
NHUD,2019-11-08 16:20:00 EST,44.01310,-73.70516,981,25.1,25.1,25.1,51.4,9.7,0.000,0.000,0.00,0.000,2.0,4.5,0.9,232,45,2.4,5.2,1.1,234,46,2.4,5.2,1.1,234,46,10,29.08,0.0,0,0,0,36.3,42.4,45.9,0.17,0.10,0.07
NHUD,2019-11-08 16:25:00 EST,44.01310,-73.70516,981,24.9,25.0,24.9,53.4,10.4,0.000,0.000,0.00,0.000,0.7,2.8,0.7,246,50,1.3,3.8,0.7,261,67,1.3,3.8,0.7,261,67,8,29.08,0.1,0,0,0,36.2,42.4,45.9,0.17,0.10,0.07
NHUD,2019-11-08 16:30:00 EST,44.01310,-73.70516,981,25.2,25.3,25.2,50.3,9.3,0.000,0.000,0.00,0.000,0.9,2.0,0.5,185,58,1.4,2.8,0.6,183,57,1.4,2.8,0.6,183,57,7,29.08,0.0,0,0,0,36.1,42.4,45.9,0.17,0.10,0.07
NHUD,2019-11-08 16:35:00 EST,44.01310,-73.70516,981,24.7,24.9,24.7,53.2,10.0,0.000,0.000,0.00,0.000,1.2,3.0,0.8,127,74,1.6,3.8,0.9,104,74,1.6,3.8,0.9,104,74,5,29.08,0.1,0,0,0,36.1,42.4,45.9,0.17,0.10,0.07
NHUD,2019-11-08 16:40:00 EST,44.01310,-73.70516,981,25.3,25.4,25.3,50.5,9.4,0.000,0.000,0.00,0.000,1.7,5.0,0.9,30,53,2.5,6.2,1.1,29,53,2.5,6.2,1.1,29,53,3,29.08,0.1,0,0,0,36.0,42.4,45.9,0.17,0.10,0.07
NHUD,2019-11-08 16:45:00 EST,44.01310,-73.70516,981,25.3,25.4,21.4,49.5,9.0,0.000,0.000,0.00,0.000,2.8,6.2,1.2,74,51,3.2,8.8,1.5,65,50,3.2,8.8,1.5,65,50,2,29.08,-0.0,0,0,0,36.0,42.4,45.9,0.17,0.10,0.07
NHUD,2019-11-08 16:50:00 EST,44.01310,-73.70516,981,24.6,24.7,19.9,55.9,11.1,0.000,0.000,0.00,0.000,3.2,6.9,1.5,85,26,3.7,8.1,1.6,79,25,3.7,8.1,1.6,79,25,1,29.08,0.0,0,0,0,36.0,42.4,45.9,0.17,0.10,0.07
NHUD,2019-11-08 16:55:00 EST,44.01310,-73.70516,981,24.8,24.9,19.2,54.2,10.6,0.000,0.000,0.00,0.000,3.8,9.1,2.2,112,58,4.4,11.4,2.4,100,60,4.4,11.4,2.4,100,60,0,29.08,0.1,0,0,0,36.0,42.4,45.9,0.17,0.10,0.07
NHUD,2019-11-08 17:00:00 EST,44.01310,-73.70516,981,25.5,25.5,19.9,48.2,8.6,0.000,0.000,0.00,0.000,4.0,9.4,1.8,357,26,4.6,9.3,2.0,358,23,4.6,9.3,2.0,358,23,0,29.09,0.1,0,0,0,36.0,42.4,45.9,0.17,0.10,0.07
NHUD,2019-11-08 17:05:00 EST,44.01310,-73.70516,981,25.1,25.1,25.1,49.6,8.8,0.000,0.000,0.00,0.000,1.5,3.9,1.0,292,44,2.0,5.2,1.1,296,43,2.0,5.2,1.1,296,43,0,29.09,0.1,0,0,0,36.0,42.4,45.9,0.17,0.10,0.07
NHUD,2019-11-08 17:10:00 EST,44.01310,-73.70516,981,25.0,25.2,19.7,50.4,9.1,0.000,0.000,0.00,0.000,3.4,7.5,2.2,80,46,4.2,9.3,2.2,78,46,4.2,9.3,2.2,78,46,0,29.09,0.2,0,0,0,35.9,42.4,45.9,0.17,0.10,0.07
NHUD,2019-11-08 17:15:00 EST,44.01310,-73.70516,981,25.5,25.6,21.8,47.1,8.1,0.000,0.000,0.00,0.000,2.6,6.4,1.6,6,51,3.2,9.9,1.8,9,46,3.2,9.9,1.8,9,46,0,29.09,0.1,0,0,0,35.8,42.4,45.8,0.17,0.10,0.07
NHUD,2019-11-08 17:20:00 EST,44.01310,-73.70516,981,25.3,25.3,25.3,48.0,8.3,0.000,0.000,0.00,0.000,2.2,4.6,1.0,287,36,2.5,5.4,1.0,294,34,2.5,5.4,1.0,294,34,0,29.09,0.1,0,0,0,35.8,42.4,45.8,0.17,0.10,0.07
NHUD,2019-11-08 17:25:00 EST,44.01310,-73.70516,981,25.0,25.2,25.0,50.1,9.0,0.000,0.000,0.00,0.000,2.4,5.3,1.2,278,54,2.9,6.1,1.3,277,54,2.9,6.1,1.3,277,54,0,29.10,0.1,0,0,0,35.8,42.4,45.8,0.17,0.10,0.07
NHUD,2019-11-08 17:30:00 EST,44.01310,-73.70516,981,25.3,25.3,25.3,49.1,8.8,0.000,0.000,0.00,0.000,2.1,6.1,1.3,325,37,2.6,7.5,1.6,323,36,2.6,7.5,1.6,323,36,0,29.10,0.1,0,0,0,35.8,42.4,45.7,0.17,0.10,0.07
NHUD,2019-11-08 17:35:00 EST,44.01310,-73.70516,981,25.1,25.3,21.3,50.1,9.1,0.000,0.000,0.00,0.000,2.7,5.8,1.4,303,27,3.2,6.8,1.4,306,28,3.2,6.8,1.4,306,28,0,29.10,0.1,0,0,0,35.6,42.4,45.8,0.17,0.10,0.07
NHUD,2019-11-08 17:40:00 EST,44.01310,-73.70516,981,24.7,25.0,24.7,53.2,10.0,0.000,0.000,0.00,0.000,2.2,4.6,0.9,282,30,2.7,6.6,1.1,279,32,2.7,6.6,1.1,279,32,0,29.10,0.1,0,0,0,35.6,42.4,45.8,0.17,0.10,0.07
NHUD,2019-11-08 17:45:00 EST,44.01310,-73.70516,981,24.8,25.0,20.5,52.1,9.7,0.000,0.000,0.00,0.000,3.1,8.7,1.8,238,20,3.5,10.2,2.0,236,22,3.5,10.2,2.0,236,22,0,29.10,-0.0,0,0,0,35.6,42.4,45.7,0.17,0.10,0.07
NHUD,2019-11-08 17:50:00 EST,44.01310,-73.70516,981,24.1,24.5,24.1,58.4,11.6,0.000,0.000,0.00,0.000,0.9,2.5,0.9,96,16,1.3,3.3,1.0,94,19,1.3,3.3,1.0,94,19,0,29.11,0.1,0,0,0,35.6,42.4,45.7,0.17,0.10,0.07
NHUD,2019-11-08 17:55:00 EST,44.01310,-73.70516,981,23.8,24.3,23.8,57.1,10.8,0.000,0.000,0.00,0.000,1.4,2.6,0.6,132,21,1.7,2.6,0.4,132,22,1.7,2.6,0.4,132,22,0,29.11,0.1,0,0,0,35.6,42.4,45.7,0.17,0.10,0.07
NHUD,2019-11-08 18:00:00 EST,44.01310,-73.70516,981,23.2,23.6,23.2,64.2,12.9,0.000,0.000,0.00,0.000,1.5,3.1,0.8,133,19,1.7,3.8,0.7,133,24,1.7,3.8,0.7,133,24,0,29.11,0.1,0,0,0,35.6,42.4,45.7,0.17,0.10,0.07
NHUD,2019-11-08 18:05:00 EST,44.01310,-73.70516,981,23.3,23.6,23.3,63.3,12.7,0.000,0.000,0.00,0.000,1.7,4.6,1.1,141,49,2.0,4.7,1.0,140,51,2.0,4.7,1.0,140,51,0,29.11,0.2,0,0,0,35.5,42.4,45.7,0.17,0.10,0.07
NHUD,2019-11-08 18:10:00 EST,44.01310,-73.70516,981,23.7,24.3,23.7,59.6,11.7,0.000,0.000,0.00,0.000,1.6,2.7,0.5,153,28,1.8,3.3,0.6,153,29,1.8,3.3,0.6,153,29,0,29.11,0.1,0,0,0,35.4,42.4,45.7,0.17,0.10,0.07
NHUD,2019-11-08 18:15:00 EST,44.01310,-73.70516,981,23.5,23.6,23.5,61.5,12.2,0.000,0.000,0.00,0.000,2.2,4.5,1.1,54,23,2.6,5.4,1.1,52,22,2.6,5.4,1.1,52,22,0,29.11,0.2,0,0,0,35.4,42.4,45.7,0.17,0.10,0.07
NHUD,2019-11-08 18:20:00 EST,44.01310,-73.70516,981,23.0,23.0,16.2,62.4,12.1,0.000,0.000,0.00,0.000,5.0,6.8,0.8,41,11,5.3,7.8,0.9,38,9,5.3,7.8,0.9,38,9,0,29.12,0.1,0,0,0,35.4,42.4,45.7,0.17,0.10,0.07
NHUD,2019-11-08 18:25:00 EST,44.01310,-73.70516,981,22.6,22.5,22.6,65.9,12.9,0.000,0.000,0.00,0.000,1.7,3.7,1.2,59,48,2.0,5.1,1.4,47,47,2.0,5.1,1.4,47,47,0,29.12,0.2,0,0,0,35.4,42.4,45.7,0.17,0.10,0.07
NHUD,2019-11-08 18:30:00 EST,44.01310,-73.70516,981,22.5,22.6,22.5,66.7,13.0,0.000,0.000,0.00,0.000,1.2,3.1,0.6,324,29,1.5,3.7,0.6,323,30,1.5,3.7,0.6,323,30,0,29.12,0.2,0,0,0,35.4,42.4,45.7,0.16,0.10,0.07
NHUD,2019-11-08 18:35:00 EST,44.01310,-73.70516,981,22.1,22.8,22.1,68.3,13.3,0.000,0.000,0.00,0.000,0.3,1.2,0.4,16,12,0.6,1.8,0.5,4,23,0.6,1.8,0.5,4,23,0,29.12,0.2,0,0,0,35.4,42.4,45.7,0.17,0.10,0.07
NHUD,2019-11-08 18:40:00 EST,44.01310,-73.70516,981,22.1,22.5,22.1,67.7,13.0,0.000,0.000,0.00,0.000,0.0,0.5,0.1,91,12,0.7,1.4,0.4,83,32,0.7,1.4,0.4,83,32,0,29.12,0.1,0,0,0,35.3,42.4,45.7,0.17,0.10,0.07
NHUD,2019-11-08 18:45:00 EST,44.01310,-73.70516,981,21.8,22.3,21.8,69.2,13.3,0.000,0.000,0.00,0.000,0.5,1.5,0.6,36,4,0.7,1.8,0.7,36,5,0.7,1.8,0.7,36,5,0,29.13,0.2,0,0,0,35.2,42.4,45.7,0.17,0.10,0.07
NHUD,2019-11-08 18:50:00 EST,44.01310,-73.70516,981,22.1,22.4,22.1,68.2,13.2,0.000,0.000,0.00,0.000,1.6,2.5,0.3,62,16,2.0,3.1,0.4,57,15,2.0,3.1,0.4,57,15,0,29.13,0.2,0,0,0,35.2,42.4,45.7,0.17,0.10,0.07
NHUD,2019-11-08 18:55:00 EST,44.01310,-73.70516,981,21.8,21.9,21.8,69.5,13.4,0.000,0.000,0.00,0.000,2.4,3.8,0.6,8,28,2.7,4.4,0.7,4,27,2.7,4.4,0.7,4,27,0,29.13,0.2,0,0,0,35.2,42.4,45.7,0.17,0.10,0.07
NHUD,2019-11-08 19:00:00 EST,44.01310,-73.70516,981,21.8,22.0,21.8,71.4,14.0,0.000,0.000,0.00,0.000,1.5,2.6,0.5,357,25,1.9,3.0,0.5,356,20,1.9,3.0,0.5,356,20,0,29.13,0.2,0,0,0,35.2,42.4,45.7,0.16,0.10,0.07
NHUD,2019-11-08 19:05:00 EST,44.01310,-73.70516,981,22.1,22.5,22.1,68.6,13.4,0.000,0.000,0.00,0.000,2.1,3.1,0.5,43,16,2.4,3.5,0.4,38,15,2.4,3.5,0.4,38,15,0,29.13,0.2,0,0,0,35.2,42.4,45.7,0.16,0.10,0.07
NHUD,2019-11-08 19:10:00 EST,44.01310,-73.70516,981,21.6,21.8,21.6,71.7,13.9,0.000,0.000,0.00,0.000,2.4,3.2,0.4,31,23,2.7,3.8,0.5,25,22,2.7,3.8,0.5,25,22,0,29.13,0.2,0,0,0,35.2,42.4,45.7,0.16,0.10,0.07
NHUD,2019-11-08 19:15:00 EST,44.01310,-73.70516,981,21.9,22.5,21.9,71.3,14.1,0.000,0.000,0.00,0.000,2.2,4.8,1.2,130,58,2.5,4.9,1.0,119,67,2.5,4.9,1.0,119,67,0,29.13,0.2,0,0,0,35.2,42.4,45.7,0.16,0.10,0.07
NHUD,2019-11-08 19:20:00 EST,44.01310,-73.70516,981,21.8,22.4,21.8,71.1,13.9,0.000,0.000,0.00,0.000,2.0,4.4,0.7,263,34,2.3,4.7,0.8,264,34,2.3,4.7,0.8,264,34,0,29.14,0.4,0,0,0,35.2,42.4,45.7,0.16,0.10,0.07
NHUD,2019-11-08 19:25:00 EST,44.01310,-73.70516,981,22.2,22.5,22.2,69.8,13.8,0.000,0.000,0.00,0.000,1.6,3.3,0.9,154,62,1.8,3.4,0.8,167,68,1.8,3.4,0.8,167,68,0,29.13,0.2,0,0,0,35.2,42.4,45.7,0.16,0.10,0.07
NHUD,2019-11-08 19:30:00 EST,44.01310,-73.70516,981,22.1,22.4,17.7,70.5,14.0,0.000,0.000,0.00,0.000,2.9,3.9,0.5,13,27,3.3,4.8,0.7,10,25,3.3,4.8,0.7,10,25,0,29.14,0.2,0,0,0,35.2,42.4,45.7,0.16,0.10,0.07
NHUD,2019-11-08 19:35:00 EST,44.01310,-73.70516,981,21.8,22.1,21.8,71.6,14.0,0.000,0.000,0.00,0.000,1.4,2.3,0.4,173,48,1.6,2.9,0.4,175,49,1.6,2.9,0.4,175,49,0,29.14,0.1,0,0,0,35.1,42.4,45.7,0.16,0.10,0.07
NHUD,2019-11-08 19:40:00 EST,44.01310,-73.70516,981,21.1,21.6,21.1,75.6,14.6,0.000,0.000,0.00,0.000,1.1,2.4,0.6,108,26,1.5,2.6,0.5,105,30,1.5,2.6,0.5,105,30,0,29.14,0.3,0,0,0,35.1,42.3,45.7,0.16,0.10,0.07
NHUD,2019-11-08 19:45:00 EST,44.01310,-73.70516,981,21.2,21.8,21.2,75.5,14.6,0.000,0.000,0.00,0.000,0.1,0.4,0.1,5,9,0.7,1.5,0.4,344,31,0.7,1.5,0.4,344,31,0,29.14,0.2,0,0,0,35.1,42.4,45.7,0.16,0.10,0.07
NHUD,2019-11-08 19:50:00 EST,44.01310,-73.70516,981,20.8,21.4,20.8,75.7,14.4,0.000,0.000,0.00,0.000,0.9,1.5,0.4,201,20,1.3,1.7,0.2,194,26,1.3,1.7,0.2,194,26,0,29.14,0.2,0,0,0,35.1,42.3,45.7,0.16,0.10,0.07
NHUD,2019-11-08 19:55:00 EST,44.01310,-73.70516,981,20.4,20.8,20.4,78.9,14.9,0.000,0.000,0.00,0.000,0.6,1.7,0.5,148,41,1.0,2.0,0.5,134,48,1.0,2.0,0.5,134,48,0,29.14,0.2,0,0,0,35.1,42.3,45.7,0.16,0.10,0.07
NHUD,2019-11-08 20:00:00 EST,44.01310,-73.70516,981,20.1,20.9,20.1,79.2,14.7,0.000,0.000,0.00,0.000,0.4,1.5,0.5,266,46,0.7,2.2,0.6,331,51,0.7,2.2,0.6,331,51,0,29.14,0.3,0,0,0,35.1,42.3,45.7,0.16,0.10,0.07
NHUD,2019-11-08 20:05:00 EST,44.01310,-73.70516,981,20.3,21.2,20.3,78.3,14.6,0.000,0.000,0.00,0.000,1.3,2.1,0.6,11,61,1.5,2.7,0.8,23,59,1.5,2.7,0.8,23,59,0,29.14,0.2,0,0,0,35.1,42.3,45.7,0.16,0.10,0.07
NHUD,2019-11-08 20:10:00 EST,44.01310,-73.70516,981,20.2,20.7,20.2,79.2,14.8,0.000,0.000,0.00,0.000,0.9,2.3,0.7,61,60,1.4,3.0,0.8,39,62,1.4,3.0,0.8,39,62,0,29.14,0.3,0,0,0,35.1,42.3,45.7,0.16,0.10,0.07
NHUD,2019-11-08 20:15:00 EST,44.01310,-73.70516,981,20.2,21.0,20.2,77.0,14.1,0.000,0.000,0.00,0.000,0.9,2.3,0.7,45,56,1.4,3.2,0.7,61,57,1.4,3.2,0.7,61,57,0,29.14,0.3,0,0,0,35.1,42.3,45.7,0.16,0.10,0.07
NHUD,2019-11-08 20:20:00 EST,44.01310,-73.70516,981,19.5,20.0,19.5,80.5,14.5,0.000,0.000,0.00,0.000,0.8,1.9,0.7,140,46,1.1,2.4,0.7,139,53,1.1,2.4,0.7,139,53,0,29.14,0.2,0,0,0,35.1,42.3,45.7,0.16,0.10,0.07
NHUD,2019-11-08 20:25:00 EST,44.01310,-73.70516,981,19.2,19.5,19.2,82.8,14.8,0.000,0.000,0.00,0.000,0.6,1.8,0.6,221,39,0.9,2.3,0.7,222,46,0.9,2.3,0.7,222,46,0,29.14,0.2,0,0,0,35.1,42.3,45.7,0.16,0.10,0.07
NHUD,2019-11-08 20:30:00 EST,44.01310,-73.70516,981,19.3,20.0,19.3,82.4,14.8,0.000,0.000,0.00,0.000,0.0,0.4,0.1,311,0,0.3,1.1,0.4,288,18,0.3,1.1,0.4,288,18,0,29.14,0.2,0,0,0,35.1,42.3,45.6,0.16,0.10,0.07
NHUD,2019-11-08 20:35:00 EST,44.01310,-73.70516,981,19.6,19.9,19.6,81.5,14.8,0.000,0.000,0.00,0.000,2.2,3.9,1.1,36,21,2.6,4.5,0.9,35,24,2.6,4.5,0.9,35,24,0,29.14,0.2,0,0,0,35.1,42.3,45.7,0.16,0.10,0.07
NHUD,2019-11-08 20:40:00 EST,44.01310,-73.70516,981,19.3,19.8,19.3,82.1,14.7,0.000,0.000,0.00,0.000,1.7,2.3,0.4,60,15,2.2,3.0,0.5,55,14,2.2,3.0,0.5,55,14,0,29.14,0.2,0,0,0,35.1,42.3,45.7,0.16,0.10,0.07
NHUD,2019-11-08 20:45:00 EST,44.01310,-73.70516,981,19.3,19.7,19.3,82.1,14.8,0.000,0.000,0.00,0.000,1.9,3.4,0.7,14,23,2.4,3.7,0.8,11,22,2.4,3.7,0.8,11,22,0,29.15,0.3,0,0,0,35.0,42.3,45.6,0.16,0.10,0.07
NHUD,2019-11-08 20:50:00 EST,44.01310,-73.70516,981,19.0,19.6,19.0,82.5,14.5,0.000,0.000,0.00,0.000,1.5,2.1,0.4,96,28,1.8,2.5,0.3,90,30,1.8,2.5,0.3,90,30,0,29.15,0.3,0,0,0,35.0,42.3,45.5,0.16,0.10,0.07
NHUD,2019-11-08 20:55:00 EST,44.01310,-73.70516,981,18.5,19.2,18.5,83.7,14.4,0.000,0.000,0.00,0.000,1.7,3.7,1.0,262,57,2.1,4.2,0.9,254,62,2.1,4.2,0.9,254,62,0,29.15,0.3,0,0,0,34.9,42.3,45.5,0.16,0.10,0.07
NHUD,2019-11-08 21:00:00 EST,44.01310,-73.70516,981,18.9,19.7,18.9,84.6,15.0,0.000,0.000,0.00,0.000,1.5,3.7,1.1,304,30,1.7,4.8,1.2,302,37,1.7,4.8,1.2,302,37,0,29.15,0.3,0,0,0,34.9,42.3,45.5,0.16,0.10,0.07
NHUD,2019-11-08 21:05:00 EST,44.01310,-73.70516,981,19.0,19.8,19.0,82.6,14.6,0.000,0.000,0.00,0.000,0.5,1.9,0.7,217,24,0.7,2.2,0.7,214,36,0.7,2.2,0.7,214,36,0,29.15,0.3,0,0,0,34.9,42.3,45.5,0.15,0.10,0.07
NHUD,2019-11-08 21:10:00 EST,44.01310,-73.70516,981,19.1,20.0,19.1,82.4,14.6,0.000,0.000,0.00,0.000,0.5,1.9,0.7,282,9,0.9,2.3,0.7,275,29,0.9,2.3,0.7,275,29,0,29.15,0.3,0,0,0,34.9,42.3,45.5,0.16,0.10,0.07
NHUD,2019-11-08 21:15:00 EST,44.01310,-73.70516,981,18.7,19.3,18.7,82.5,14.3,0.000,0.000,0.00,0.000,1.0,2.1,0.6,172,18,1.4,2.3,0.5,168,23,1.4,2.3,0.5,168,23,0,29.15,0.2,0,0,0,34.9,42.3,45.5,0.16,0.10,0.07
NHUD,2019-11-08 21:20:00 EST,44.01310,-73.70516,981,18.3,18.4,18.3,85.3,14.6,0.000,0.000,0.00,0.000,1.2,3.3,0.8,297,54,1.3,2.9,0.8,297,52,1.3,2.9,0.8,297,52,0,29.15,0.2,0,0,0,34.9,42.3,45.5,0.15,0.10,0.07
NHUD,2019-11-08 21:25:00 EST,44.01310,-73.70516,981,18.0,18.6,18.0,84.4,14.1,0.000,0.000,0.00,0.000,0.7,1.3,0.4,242,15,1.0,1.7,0.5,243,18,1.0,1.7,0.5,243,18,0,29.16,0.3,0,0,0,34.9,42.3,45.5,0.15,0.10,0.07
NHUD,2019-11-08 21:30:00 EST,44.01310,-73.70516,981,17.9,18.8,17.9,85.8,14.4,0.000,0.000,0.00,0.000,0.5,1.8,0.6,208,11,0.8,2.1,0.7,211,13,0.8,2.1,0.7,211,13,0,29.16,0.3,0,0,0,34.9,42.3,45.5,0.15,0.10,0.07
NHUD,2019-11-08 21:35:00 EST,44.01310,-73.70516,981,17.9,19.1,17.9,86.5,14.6,0.000,0.000,0.00,0.000,0.9,2.7,0.8,323,61,1.2,2.6,0.7,350,69,1.2,2.6,0.7,350,69,0,29.16,0.3,0,0,0,34.9,42.3,45.5,0.16,0.10,0.07
NHUD,2019-11-08 21:40:00 EST,44.01310,-73.70516,981,17.6,17.7,17.6,87.5,14.5,0.000,0.000,0.00,0.000,1.0,2.0,0.6,90,18,1.4,2.5,0.7,85,18,1.4,2.5,0.7,85,18,0,29.16,0.3,0,0,0,34.9,42.3,45.5,0.15,0.10,0.07
NHUD,2019-11-08 21:45:00 EST,44.01310,-73.70516,981,17.4,17.9,17.4,87.9,14.5,0.000,0.000,0.00,0.000,0.1,1.2,0.2,79,7,0.3,1.5,0.5,70,12,0.3,1.5,0.5,70,12,0,29.16,0.3,0,0,0,34.9,42.3,45.5,0.15,0.10,0.07
NHUD,2019-11-08 21:50:00 EST,44.01310,-73.70516,981,17.5,18.0,17.5,88.4,14.6,0.000,0.000,0.00,0.000,0.9,1.8,0.4,29,33,1.3,2.2,0.3,25,33,1.3,2.2,0.3,25,33,0,29.16,0.3,0,0,0,34.9,42.3,45.5,0.16,0.10,0.07
NHUD,2019-11-08 21:55:00 EST,44.01310,-73.70516,981,17.4,17.8,17.4,88.6,14.6,0.000,0.000,0.00,0.000,1.2,3.0,1.0,13,30,1.6,3.9,1.1,10,31,1.6,3.9,1.1,10,31,0,29.16,0.3,0,0,0,34.9,42.3,45.5,0.15,0.10,0.07
NHUD,2019-11-08 22:00:00 EST,44.01310,-73.70516,981,17.8,18.0,17.8,87.3,14.7,0.000,0.000,0.00,0.000,1.5,3.4,0.8,9,38,2.1,3.9,0.9,5,33,2.1,3.9,0.9,5,33,0,29.16,0.3,0,0,0,34.9,42.3,45.5,0.15,0.10,0.07
NHUD,2019-11-08 22:05:00 EST,44.01310,-73.70516,981,17.4,17.9,17.4,87.0,14.2,0.000,0.000,0.00,0.000,0.5,1.5,0.5,81,46,0.8,1.9,0.6,68,45,0.8,1.9,0.6,68,45,0,29.16,0.3,0,0,0,34.9,42.3,45.5,0.15,0.10,0.07
NHUD,2019-11-08 22:10:00 EST,44.01310,-73.70516,981,17.4,17.7,17.4,88.4,14.6,0.000,0.000,0.00,0.000,1.3,3.0,0.9,29,24,1.7,4.3,0.9,21,28,1.7,4.3,0.9,21,28,0,29.16,0.3,0,0,0,34.9,42.3,45.5,0.15,0.10,0.07
NHUD,2019-11-08 22:15:00 EST,44.01310,-73.70516,981,17.2,17.7,17.2,88.3,14.4,0.000,0.000,0.00,0.000,1.5,2.6,0.5,113,70,1.8,2.9,0.5,123,72,1.8,2.9,0.5,123,72,0,29.16,0.3,0,0,0,34.9,42.3,45.5,0.15,0.10,0.07
NHUD,2019-11-08 22:20:00 EST,44.01310,-73.70516,981,16.7,16.9,16.7,88.9,13.9,0.000,0.000,0.00,0.000,0.9,2.0,0.5,207,28,1.2,2.5,0.6,201,30,1.2,2.5,0.6,201,30,0,29.16,0.3,0,0,0,34.9,42.3,45.5,0.15,0.10,0.07
NHUD,2019-11-08 22:25:00 EST,44.01310,-73.70516,981,16.4,16.8,16.4,90.0,14.0,0.000,0.000,0.00,0.000,0.1,1.3,0.2,143,3,0.5,1.5,0.5,60,44,0.5,1.5,0.5,60,44,0,29.16,0.3,0,0,0,34.9,42.3,45.5,0.15,0.10,0.07
NHUD,2019-11-08 22:30:00 EST,44.01310,-73.70516,981,16.4,16.7,16.4,90.7,14.2,0.000,0.000,0.00,0.000,1.2,2.9,0.8,241,35,1.5,3.4,0.9,242,37,1.5,3.4,0.9,242,37,0,29.16,0.3,0,0,0,34.9,42.3,45.5,0.15,0.10,0.07
NHUD,2019-11-08 22:35:00 EST,44.01310,-73.70516,981,16.4,16.6,16.4,91.2,14.3,0.000,0.000,0.00,0.000,0.9,2.6,0.6,196,45,1.2,2.5,0.5,192,43,1.2,2.5,0.5,192,43,0,29.16,0.3,0,0,0,34.9,42.3,45.5,0.15,0.10,0.07
NHUD,2019-11-08 22:40:00 EST,44.01310,-73.70516,981,16.1,16.2,16.1,91.7,14.1,0.000,0.000,0.00,0.000,1.3,2.1,0.6,115,22,1.7,2.6,0.6,116,24,1.7,2.6,0.6,116,24,0,29.16,0.3,0,0,0,34.9,42.2,45.5,0.15,0.10,0.07
NHUD,2019-11-08 22:45:00 EST,44.01310,-73.70516,981,15.9,15.9,15.9,92.0,14.0,0.000,0.000,0.00,0.000,0.5,1.2,0.4,189,28,0.8,1.9,0.6,196,26,0.8,1.9,0.6,196,26,0,29.16,0.3,0,0,0,34.9,42.1,45.5,0.15,0.10,0.07
NHUD,2019-11-08 22:50:00 EST,44.01310,-73.70516,981,16.1,16.2,16.1,92.4,14.3,0.000,0.000,0.00,0.000,1.4,3.1,0.9,353,15,2.0,4.4,0.9,355,17,2.0,4.4,0.9,355,17,0,29.16,0.3,0,0,0,34.9,42.2,45.5,0.15,0.10,0.07
NHUD,2019-11-08 22:55:00 EST,44.01310,-73.70516,981,16.1,16.6,16.1,92.3,14.3,0.000,0.000,0.00,0.000,0.2,1.3,0.4,51,20,0.6,1.7,0.5,66,26,0.6,1.7,0.5,66,26,0,29.16,0.3,0,0,0,34.8,42.1,45.5,0.15,0.10,0.07
NHUD,2019-11-08 23:00:00 EST,44.01310,-73.70516,981,16.0,16.3,16.0,92.3,14.2,0.000,0.000,0.00,0.000,0.0,0.2,0.0,172,0,0.3,1.3,0.5,178,7,0.3,1.3,0.5,178,7,0,29.16,0.3,0,0,0,34.7,42.1,45.5,0.15,0.10,0.07
NHUD,2019-11-08 23:05:00 EST,44.01310,-73.70516,981,15.7,16.0,15.7,92.4,13.9,0.000,0.000,0.00,0.000,0.1,0.7,0.2,167,4,0.3,1.4,0.5,163,9,0.3,1.4,0.5,163,9,0,29.16,0.3,0,0,0,34.7,42.1,45.5,0.15,0.10,0.07
NHUD,2019-11-08 23:10:00 EST,44.01310,-73.70516,981,15.7,15.9,15.7,92.7,14.0,0.000,0.000,0.00,0.000,0.5,1.6,0.5,28,53,1.0,2.1,0.6,3,46,1.0,2.1,0.6,3,46,0,29.16,0.3,0,0,0,34.7,42.1,45.5,0.15,0.10,0.07
NHUD,2019-11-08 23:15:00 EST,44.01310,-73.70516,981,15.5,15.6,15.5,92.9,13.8,0.000,0.000,0.00,0.000,1.2,2.4,0.6,151,50,1.5,2.7,0.5,154,54,1.5,2.7,0.5,154,54,0,29.16,0.3,0,0,0,34.7,42.1,45.5,0.15,0.10,0.07
NHUD,2019-11-08 23:20:00 EST,44.01310,-73.70516,981,15.2,15.3,15.2,92.5,13.4,0.000,0.000,0.00,0.000,0.9,2.6,0.7,260,20,1.1,3.1,0.8,260,24,1.1,3.1,0.8,260,24,0,29.16,0.3,0,0,0,34.7,42.1,45.5,0.15,0.10,0.07
NHUD,2019-11-08 23:25:00 EST,44.01310,-73.70516,981,15.1,15.4,15.1,92.4,13.2,0.000,0.000,0.00,0.000,1.2,2.3,0.6,278,34,1.4,2.6,0.7,280,34,1.4,2.6,0.7,280,34,0,29.16,0.4,0,0,0,34.7,42.1,45.5,0.15,0.10,0.07
NHUD,2019-11-08 23:30:00 EST,44.01310,-73.70516,981,15.3,15.7,15.3,93.0,13.6,0.000,0.000,0.00,0.000,0.4,1.5,0.5,140,7,0.9,1.8,0.5,110,33,0.9,1.8,0.5,110,33,0,29.16,0.3,0,0,0,34.7,42.1,45.5,0.15,0.10,0.07
NHUD,2019-11-08 23:35:00 EST,44.01310,-73.70516,981,15.0,15.1,15.0,92.6,13.2,0.000,0.000,0.00,0.000,0.9,1.6,0.6,151,8,1.2,2.2,0.6,147,8,1.2,2.2,0.6,147,8,0,29.16,0.3,0,0,0,34.7,42.1,45.5,0.15,0.10,0.07
NHUD,2019-11-08 23:40:00 EST,44.01310,-73.70516,981,14.8,14.8,14.8,92.6,13.1,0.000,0.000,0.00,0.000,0.7,1.6,0.5,130,18,0.9,1.8,0.6,129,19,0.9,1.8,0.6,129,19,0,29.16,0.3,0,0,0,34.7,42.1,45.5,0.14,0.10,0.07
NHUD,2019-11-08 23:45:00 EST,44.01310,-73.70516,981,14.9,14.9,14.9,93.0,13.3,0.000,0.000,0.00,0.000,0.8,1.5,0.5,343,10,1.2,2.1,0.6,343,15,1.2,2.1,0.6,343,15,0,29.16,0.3,0,0,0,34.7,42.1,45.5,0.15,0.10,0.07
NHUD,2019-11-08 23:50:00 EST,44.01310,-73.70516,981,15.0,15.3,15.0,93.0,13.4,0.000,0.000,0.00,0.000,0.9,1.4,0.2,72,41,1.3,1.7,0.2,70,39,1.3,1.7,0.2,70,39,0,29.16,0.3,0,0,0,34.6,42.1,45.5,0.15,0.10,0.07
NHUD,2019-11-08 23:55:00 EST,44.01310,-73.70516,981,14.9,14.9,14.9,93.1,13.3,0.000,0.000,0.00,0.000,1.0,2.0,0.6,39,25,1.5,3.0,0.6,32,25,1.5,3.0,0.6,32,25,0,29.16,0.3,0,0,0,34.5,42.1,45.5,0.15,0.10,0.07
OLDF,2019-11-08 00:00:00 EST,43.74157,-74.97786,1753,20.0,20.3,20.0,82.3,15.5,,,,,1.1,3.7,1.0,303,31,1.7,4.8,0.9,293,35,1.7,4.8,0.9,293,35,0,28.17,0.3,0,0,0,37.2,42.3,44.8,0.50,0.48,0.48
OLDF,2019-11-08 00:05:00 EST,43.74157,-74.97786,1753,20.1,20.4,20.1,80.6,15.1,,,,,0.5,2.2,0.6,274,31,0.8,2.8,0.8,273,36,0.8,2.8,0.8,273,36,0,28.17,0.3,0,0,0,37.2,42.3,44.8,0.50,0.48,0.48
OLDF,2019-11-08 00:10:00 EST,43.74157,-74.97786,1753,20.0,20.3,20.0,79.9,14.8,,,,,2.0,4.1,0.8,357,41,2.6,6.2,1.1,357,41,2.6,6.2,1.1,357,41,0,28.17,0.3,0,0,0,37.2,42.3,44.8,0.50,0.48,0.48
OLDF,2019-11-08 00:15:00 EST,43.74157,-74.97786,1753,20.0,20.1,20.0,78.6,14.4,,,,,0.8,3.1,0.9,298,20,1.1,4.3,1.0,292,24,1.1,4.3,1.0,292,24,0,28.17,0.2,0,0,0,37.2,42.3,44.8,0.50,0.48,0.48
OLDF,2019-11-08 00:20:00 EST,43.74157,-74.97786,1753,19.6,20.0,19.6,79.3,14.2,,,,,0.4,2.8,0.7,358,18,0.9,3.8,1.0,353,22,0.9,3.8,1.0,353,22,0,28.16,0.2,0,0,0,37.2,42.3,44.8,0.50,0.48,0.48
OLDF,2019-11-08 00:25:00 EST,43.74157,-74.97786,1753,19.0,19.9,19.0,80.9,14.1,,,,,0.2,1.2,0.3,2,11,0.6,3.1,0.8,350,13,0.6,3.1,0.8,350,13,0,28.16,0.1,0,0,0,37.2,42.3,44.8,0.50,0.48,0.48
OLDF,2019-11-08 00:30:00 EST,43.74157,-74.97786,1753,18.1,19.5,18.1,83.3,13.9,,,,,0.2,0.7,0.2,56,7,0.5,1.2,0.4,61,16,0.5,1.2,0.4,61,16,0,28.16,0.2,0,0,0,37.2,42.3,44.8,0.50,0.48,0.48
OLDF,2019-11-08 00:35:00 EST,43.74157,-74.97786,1753,17.9,19.1,17.9,85.5,14.3,,,,,0.2,1.0,0.3,5,2,0.4,1.5,0.6,2,5,0.4,1.5,0.6,2,5,0,28.15,0.1,0,0,0,37.2,42.3,44.8,0.50,0.48,0.48
OLDF,2019-11-08 00:40:00 EST,43.74157,-74.97786,1753,18.1,18.7,18.1,85.1,14.4,,,,,0.6,1.2,0.4,356,7,1.1,2.0,0.5,347,8,1.1,2.0,0.5,347,8,0,28.15,0.2,0,0,0,37.2,42.3,44.8,0.50,0.48,0.48
OLDF,2019-11-08 00:45:00 EST,43.74157,-74.97786,1753,17.9,18.2,17.9,86.2,14.5,,,,,0.5,1.9,0.5,6,13,1.0,2.1,0.5,352,20,1.0,2.1,0.5,352,20,0,28.14,0.2,0,0,0,37.2,42.3,44.8,0.50,0.48,0.48
OLDF,2019-11-08 00:50:00 EST,43.74157,-74.97786,1753,17.7,18.0,17.7,87.6,14.7,,,,,0.4,2.0,0.6,347,21,0.8,3.2,0.7,333,24,0.8,3.2,0.7,333,24,0,28.14,0.1,0,0,0,37.2,42.3,44.8,0.50,0.48,0.48
OLDF,2019-11-08 00:55:00 EST,43.74157,-74.97786,1753,17.6,18.2,17.6,87.8,14.6,,,,,1.2,2.9,0.6,337,27,1.5,3.8,0.8,335,31,1.5,3.8,0.8,335,31,0,28.14,0.2,0,0,0,37.2,42.3,44.8,0.50,0.48,0.48
OLDF,2019-11-08 01:00:00 EST,43.74157,-74.97786,1753,17.4,18.0,17.4,88.0,14.5,,,,,0.4,1.4,0.4,317,18,1.0,2.9,0.6,317,27,1.0,2.9,0.6,317,27,0,28.14,0.2,0,0,0,37.2,42.3,44.8,0.50,0.48,0.48
OLDF,2019-11-08 01:05:00 EST,43.74157,-74.97786,1753,17.6,18.0,17.6,87.5,14.6,,,,,0.8,1.9,0.4,297,28,1.3,2.8,0.5,291,27,1.3,2.8,0.5,291,27,0,28.15,0.2,0,0,0,37.2,42.3,44.8,0.50,0.48,0.48
OLDF,2019-11-08 01:10:00 EST,43.74157,-74.97786,1753,17.1,17.5,17.1,88.4,14.3,,,,,0.4,0.9,0.3,276,9,0.8,1.5,0.5,277,16,0.8,1.5,0.5,277,16,0,28.15,0.1,0,0,0,37.0,42.3,44.8,0.50,0.48,0.48
OLDF,2019-11-08 01:15:00 EST,43.74157,-74.97786,1753,16.7,17.4,16.7,89.1,14.0,,,,,0.1,0.8,0.2,309,14,0.3,1.2,0.4,304,17,0.3,1.2,0.4,304,17,0,28.15,0.1,0,0,0,37.0,42.3,44.8,0.50,0.48,0.48
OLDF,2019-11-08 01:20:00 EST,43.74157,-74.97786,1753,16.6,17.2,16.6,89.8,14.1,,,,,0.8,1.3,0.3,326,23,1.2,1.8,0.3,327,27,1.2,1.8,0.3,327,27,0,28.15,0.3,0,0,0,37.0,42.3,44.8,0.50,0.48,0.48
OLDF,2019-11-08 01:25:00 EST,43.74157,-74.97786,1753,16.7,17.0,16.7,89.6,14.2,,,,,0.4,1.3,0.4,327,5,0.7,1.6,0.5,326,13,0.7,1.6,0.5,326,13,0,28.15,0.2,0,0,0,37.0,42.3,44.8,0.50,0.48,0.48
OLDF,2019-11-08 01:30:00 EST,43.74157,-74.97786,1753,16.4,16.7,16.4,89.2,13.8,,,,,0.4,0.9,0.3,348,11,0.7,1.6,0.6,347,13,0.7,1.6,0.6,347,13,0,28.15,0.1,0,0,0,37.0,42.3,44.8,0.50,0.48,0.48
OLDF,2019-11-08 01:35:00 EST,43.74157,-74.97786,1753,16.2,16.4,16.2,89.6,13.7,,,,,0.6,1.2,0.3,327,14,0.9,1.9,0.5,327,16,0.9,1.9,0.5,327,16,0,28.15,0.2,0,0,0,37.0,42.3,44.8,0.50,0.48,0.48
OLDF,2019-11-08 01:40:00 EST,43.74157,-74.97786,1753,16.1,16.2,16.1,89.8,13.6,,,,,0.5,1.5,0.4,314,9,0.9,1.9,0.4,312,17,0.9,1.9,0.4,312,17,0,28.15,0.2,0,0,0,37.0,42.3,44.8,0.50,0.48,0.48
OLDF,2019-11-08 01:45:00 EST,43.74157,-74.97786,1753,16.1,16.7,16.1,89.2,13.5,,,,,1.1,2.2,0.4,287,29,1.5,2.7,0.4,282,32,1.5,2.7,0.4,282,32,0,28.15,0.1,0,0,0,37.0,42.3,44.8,0.50,0.48,0.48
OLDF,2019-11-08 01:50:00 EST,43.74157,-74.97786,1753,15.8,16.3,15.8,89.6,13.3,,,,,0.5,1.5,0.5,311,16,0.9,1.9,0.5,302,19,0.9,1.9,0.5,302,19,0,28.16,0.3,0,0,0,37.0,42.3,44.8,0.50,0.48,0.48
OLDF,2019-11-08 01:55:00 EST,43.74157,-74.97786,1753,16.0,16.4,16.0,89.8,13.6,,,,,0.4,1.2,0.4,329,12,0.7,1.7,0.6,322,23,0.7,1.7,0.6,322,23,0,28.16,0.2,0,0,0,36.9,42.3,44.8,0.50,0.48,0.48
OLDF,2019-11-08 02:00:00 EST,43.74157,-74.97786,1753,16.2,16.5,16.2,89.5,13.7,,,,,0.6,1.7,0.5,325,34,1.0,2.3,0.6,313,39,1.0,2.3,0.6,313,39,0,28.15,0.3,0,0,0,36.9,42.3,44.8,0.50,0.48,0.48
OLDF,2019-11-08 02:05:00 EST,43.74157,-74.97786,1753,16.5,16.6,16.5,89.4,14.0,,,,,0.3,1.5,0.4,326,17,0.6,2.4,0.7,319,20,0.6,2.4,0.7,319,20,0,28.15,0.2,0,0,0,36.9,42.3,44.8,0.50,0.48,0.48
OLDF,2019-11-08 02:10:00 EST,43.74157,-74.97786,1753,16.6,16.9,16.6,89.9,14.1,,,,,0.0,0.0,0.0,0,0,0.2,1.3,0.4,6,31,0.2,1.3,0.4,6,31,0,28.15,0.2,0,0,0,36.9,42.3,44.8,0.50,0.48,0.48
OLDF,2019-11-08 02:15:00 EST,43.74157,-74.97786,1753,16.5,17.0,16.5,90.5,14.2,,,,,0.0,0.0,0.0,0,0,0.2,0.9,0.3,257,2,0.2,0.9,0.3,257,2,0,28.15,0.2,0,0,0,36.9,42.3,44.8,0.50,0.48,0.48
OLDF,2019-11-08 02:20:00 EST,43.74157,-74.97786,1753,16.7,16.9,16.7,90.4,14.3,,,,,0.1,0.5,0.2,298,0,0.3,1.1,0.4,288,4,0.3,1.1,0.4,288,4,0,28.15,0.2,0,0,0,36.9,42.3,44.8,0.50,0.48,0.48
OLDF,2019-11-08 02:25:00 EST,43.74157,-74.97786,1753,16.9,17.0,16.9,90.5,14.6,,,,,0.1,1.0,0.3,305,0,0.2,1.3,0.4,296,6,0.2,1.3,0.4,296,6,0,28.15,0.3,0,0,0,36.9,42.3,44.8,0.50,0.48,0.48
OLDF,2019-11-08 02:30:00 EST,43.74157,-74.97786,1753,17.0,17.3,17.0,89.0,14.3,,,,,0.0,0.5,0.1,305,0,0.1,0.9,0.3,210,19,0.1,0.9,0.3,210,19,0,28.15,0.2,0,0,0,36.9,42.3,44.8,0.50,0.48,0.48
OLDF,2019-11-08 02:35:00 EST,43.74157,-74.97786,1753,17.2,17.4,17.2,89.8,14.7,,,,,0.4,1.8,0.5,264,28,0.8,2.0,0.6,276,32,0.8,2.0,0.6,276,32,0,28.15,0.2,0,0,0,36.9,42.3,44.8,0.50,0.48,0.48
OLDF,2019-11-08 02:40:00 EST,43.74157,-74.97786,1753,17.3,17.7,17.3,88.8,14.6,,,,,0.2,0.9,0.3,230,9,0.6,1.3,0.5,231,17,0.6,1.3,0.5,231,17,0,28.15,0.2,0,0,0,36.9,42.2,44.8,0.50,0.48,0.48
OLDF,2019-11-08 02:45:00 EST,43.74157,-74.97786,1753,17.5,17.7,17.5,90.0,15.0,,,,,0.0,0.0,0.0,0,0,0.1,0.9,0.2,291,1,0.1,0.9,0.2,291,1,0,28.15,0.2,0,0,0,36.9,42.3,44.8,0.50,0.48,0.48
OLDF,2019-11-08 02:50:00 EST,43.74157,-74.97786,1753,17.6,17.7,17.6,90.1,15.2,,,,,0.1,0.8,0.2,202,7,0.4,1.2,0.4,194,13,0.4,1.2,0.4,194,13,0,28.14,0.2,0,0,0,36.9,42.2,44.8,0.50,0.48,0.48
OLDF,2019-11-08 02:55:00 EST,43.74157,-74.97786,1753,17.9,18.1,17.9,89.0,15.2,,,,,0.1,1.5,0.3,310,26,0.4,2.7,0.7,297,33,0.4,2.7,0.7,297,33,0,28.14,0.2,0,0,0,36.9,42.2,44.8,0.50,0.48,0.48
OLDF,2019-11-08 03:00:00 EST,43.74157,-74.97786,1753,18.0,18.2,18.0,85.7,14.4,,,,,0.6,3.1,0.8,15,32,0.8,3.0,0.9,357,45,0.8,3.0,0.9,357,45,0,28.14,0.2,0,0,0,36.9,42.1,44.8,0.50,0.48,0.48
OLDF,2019-11-08 03:05:00 EST,43.74157,-74.97786,1753,18.1,18.3,18.1,84.0,14.1,,,,,0.4,1.3,0.4,353,33,0.8,2.6,0.8,342,43,0.8,2.6,0.8,342,43,0,28.14,0.2,0,0,0,36.9,42.2,44.8,0.50,0.48,0.48
OLDF,2019-11-08 03:10:00 EST,43.74157,-74.97786,1753,18.3,18.3,18.3,82.1,13.8,,,,,0.8,2.5,0.7,248,51,1.2,2.8,0.7,242,50,1.2,2.8,0.7,242,50,0,28.14,0.2,0,0,0,36.9,42.1,44.8,0.50,0.48,0.48
OLDF,2019-11-08 03:15:00 EST,43.74157,-74.97786,1753,18.4,18.4,18.4,80.8,13.5,,,,,1.8,4.7,1.2,280,37,2.2,5.7,1.3,281,40,2.2,5.7,1.3,281,40,0,28.14,0.2,0,0,0,36.8,42.2,44.8,0.50,0.48,0.48
OLDF,2019-11-08 03:20:00 EST,43.74157,-74.97786,1753,18.3,18.4,18.3,80.2,13.3,,,,,0.5,1.9,0.5,328,49,1.0,3.8,0.8,328,51,1.0,3.8,0.8,328,51,0,28.14,0.2,0,0,0,36.8,42.1,44.8,0.50,0.48,0.48
OLDF,2019-11-08 03:25:00 EST,43.74157,-74.97786,1753,18.1,18.2,18.1,81.3,13.4,,,,,0.5,2.0,0.5,248,37,1.1,2.7,0.6,236,40,1.1,2.7,0.6,236,40,0,28.14,0.2,0,0,0,36.8,42.1,44.8,0.50,0.48,0.48
OLDF,2019-11-08 03:30:00 EST,43.74157,-74.97786,1753,17.8,18.0,17.8,82.6,13.4,,,,,0.5,1.7,0.6,313,31,0.8,2.6,0.8,318,43,0.8,2.6,0.8,318,43,0,28.15,0.1,0,0,0,36.7,42.1,44.8,0.50,0.48,0.48
OLDF,2019-11-08 03:35:00 EST,43.74157,-74.97786,1753,17.7,17.9,17.7,83.1,13.5,,,,,0.4,1.8,0.5,294,49,0.8,2.3,0.7,298,49,0.8,2.3,0.7,298,49,0,28.15,0.1,0,0,0,36.7,42.1,44.8,0.50,0.48,0.48
OLDF,2019-11-08 03:40:00 EST,43.74157,-74.97786,1753,17.6,17.8,17.6,83.1,13.3,,,,,1.6,4.5,1.1,302,33,2.1,6.3,1.4,304,32,2.1,6.3,1.4,304,32,0,28.15,0.2,0,0,0,36.7,42.1,44.8,0.50,0.48,0.48
OLDF,2019-11-08 03:45:00 EST,43.74157,-74.97786,1753,17.0,17.4,17.0,84.5,13.2,,,,,0.3,1.3,0.4,272,44,0.7,2.3,0.7,262,53,0.7,2.3,0.7,262,53,0,28.15,0.1,0,0,0,36.7,42.1,44.8,0.50,0.48,0.48
OLDF,2019-11-08 03:50:00 EST,43.74157,-74.97786,1753,17.1,17.3,17.1,84.9,13.3,,,,,1.5,3.7,0.9,353,21,2.1,5.3,1.2,352,22,2.1,5.3,1.2,352,22,0,28.15,-0.0,0,0,0,36.7,42.1,44.8,0.50,0.48,0.48
OLDF,2019-11-08 03:55:00 EST,43.74157,-74.97786,1753,16.7,17.1,16.7,85.0,13.0,,,,,0.7,1.3,0.3,288,34,1.2,2.5,0.4,284,31,1.2,2.5,0.4,284,31,0,28.15,0.0,0,0,0,36.7,42.1,44.8,0.50,0.48,0.48
OLDF,2019-11-08 04:00:00 EST,43.74157,-74.97786,1753,16.5,17.1,16.5,84.7,12.7,,,,,0.5,3.0,0.7,285,10,1.0,3.5,0.8,295,25,1.0,3.5,0.8,295,25,0,28.15,0.3,0,0,0,36.7,42.1,44.8,0.50,0.48,0.48
OLDF,2019-11-08 04:05:00 EST,43.74157,-74.97786,1753,16.1,16.8,16.1,85.6,12.6,,,,,0.6,1.5,0.5,57,60,1.0,2.6,0.7,112,61,1.0,2.6,0.7,112,61,0,28.15,0.2,0,0,0,36.7,42.1,44.8,0.50,0.48,0.48
OLDF,2019-11-08 04:10:00 EST,43.74157,-74.97786,1753,16.3,16.8,16.3,85.6,12.7,,,,,0.7,3.9,1.0,321,41,1.3,5.0,1.2,312,50,1.3,5.0,1.2,312,50,0,28.15,0.2,0,0,0,36.7,42.1,44.8,0.50,0.48,0.48
OLDF,2019-11-08 04:15:00 EST,43.74157,-74.97786,1753,16.1,16.4,16.1,85.4,12.5,,,,,0.3,1.7,0.4,323,43,0.9,2.5,0.7,312,65,0.9,2.5,0.7,312,65,0,28.15,0.2,0,0,0,36.7,42.1,44.8,0.50,0.48,0.48
OLDF,2019-11-08 04:20:00 EST,43.74157,-74.97786,1753,15.7,16.3,15.7,85.4,12.1,,,,,0.7,1.9,0.5,207,52,1.4,3.1,0.7,234,65,1.4,3.1,0.7,234,65,0,28.15,0.2,0,0,0,36.7,42.1,44.8,0.50,0.48,0.48
OLDF,2019-11-08 04:25:00 EST,43.74157,-74.97786,1753,15.5,16.2,15.5,87.0,12.4,,,,,0.6,2.5,0.7,185,15,1.0,3.7,0.9,184,17,1.0,3.7,0.9,184,17,0,28.15,0.2,0,0,0,36.7,42.1,44.7,0.50,0.48,0.48
OLDF,2019-11-08 04:30:00 EST,43.74157,-74.97786,1753,15.7,16.3,15.7,87.3,12.6,,,,,0.7,3.1,0.8,314,41,1.2,5.0,1.1,324,48,1.2,5.0,1.1,324,48,0,28.15,0.2,0,0,0,36.7,42.1,44.8,0.50,0.48,0.48
OLDF,2019-11-08 04:35:00 EST,43.74157,-74.97786,1753,15.8,16.2,15.8,87.0,12.6,,,,,0.8,4.2,0.9,324,32,1.3,5.6,1.0,314,40,1.3,5.6,1.0,314,40,0,28.15,0.1,0,0,0,36.7,42.1,44.8,0.50,0.48,0.48
OLDF,2019-11-08 04:40:00 EST,43.74157,-74.97786,1753,15.8,16.1,15.8,86.9,12.5,,,,,0.3,1.2,0.4,282,12,0.7,2.0,0.7,283,14,0.7,2.0,0.7,283,14,0,28.15,0.2,0,0,0,36.7,42.1,44.7,0.50,0.48,0.48
OLDF,2019-11-08 04:45:00 EST,43.74157,-74.97786,1753,15.4,15.9,15.4,87.7,12.4,,,,,0.1,0.7,0.2,151,8,0.2,1.3,0.4,154,8,0.2,1.3,0.4,154,8,0,28.15,0.1,0,0,0,36.6,42.1,44.8,0.50,0.48,0.48
OLDF,2019-11-08 04:50:00 EST,43.74157,-74.97786,1753,15.5,15.9,15.5,89.5,13.0,,,,,1.6,5.4,1.4,326,55,2.3,7.9,1.6,335,53,2.3,7.9,1.6,335,53,0,28.15,0.2,0,0,0,36.6,42.1,44.8,0.50,0.48,0.48
OLDF,2019-11-08 04:55:00 EST,43.74157,-74.97786,1753,16.1,16.2,16.1,88.4,13.3,,,,,2.2,6.0,1.4,301,36,2.8,5.9,1.4,297,37,2.8,5.9,1.4,297,37,0,28.16,0.2,0,0,0,36.5,42.1,44.7,0.50,0.48,0.48
OLDF,2019-11-08 05:00:00 EST,43.74157,-74.97786,1753,16.4,16.3,16.4,87.4,13.3,,,,,2.2,5.6,1.1,322,27,2.5,6.6,1.2,322,26,2.5,6.6,1.2,322,26,0,28.16,0.2,0,0,0,36.5,42.1,44.7,0.50,0.48,0.48
OLDF,2019-11-08 05:05:00 EST,43.74157,-74.97786,1753,16.5,16.4,16.5,87.2,13.3,,,,,2.1,6.6,1.5,317,44,2.9,7.3,1.7,315,48,2.9,7.3,1.7,315,48,0,28.16,0.3,0,0,0,36.5,42.1,44.7,0.50,0.48,0.48
OLDF,2019-11-08 05:10:00 EST,43.74157,-74.97786,1753,16.6,16.5,11.4,86.8,13.4,,,,,2.5,7.6,1.8,331,45,3.3,7.7,1.9,332,41,3.3,7.7,1.9,332,41,0,28.16,0.2,0,0,0,36.5,42.1,44.7,0.50,0.48,0.48
OLDF,2019-11-08 05:15:00 EST,43.74157,-74.97786,1753,16.6,16.5,11.1,86.4,13.3,,,,,3.1,5.3,1.1,312,28,3.5,6.4,1.4,313,30,3.5,6.4,1.4,313,30,0,28.16,0.3,0,0,0,36.5,42.1,44.6,0.50,0.48,0.48
OLDF,2019-11-08 05:20:00 EST,43.74157,-74.97786,1753,16.6,16.6,16.6,86.5,13.3,,,,,2.1,5.6,1.3,269,42,2.8,6.3,1.4,273,49,2.8,6.3,1.4,273,49,0,28.16,0.3,0,0,0,36.5,42.1,44.6,0.50,0.48,0.48
OLDF,2019-11-08 05:25:00 EST,43.74157,-74.97786,1753,16.7,16.6,9.0,85.9,13.2,,,,,4.1,10.6,2.5,339,45,5.1,13.3,2.8,341,41,5.1,13.3,2.8,341,41,0,28.16,0.3,0,0,0,36.5,42.1,44.6,0.50,0.48,0.48
OLDF,2019-11-08 05:30:00 EST,43.74157,-74.97786,1753,16.8,16.7,11.4,85.6,13.2,,,,,2.7,11.9,2.6,305,39,3.4,14.6,2.8,307,43,3.4,14.6,2.8,307,43,0,28.16,0.3,0,0,0,36.5,42.1,44.6,0.50,0.48,0.48
OLDF,2019-11-08 05:35:00 EST,43.74157,-74.97786,1753,16.9,16.8,16.9,85.6,13.3,,,,,2.4,5.1,1.1,305,42,3.0,6.4,1.2,303,45,3.0,6.4,1.2,303,45,0,28.16,0.3,0,0,0,36.5,42.1,44.6,0.50,0.48,0.48
OLDF,2019-11-08 05:40:00 EST,43.74157,-74.97786,1753,16.9,16.8,16.9,86.6,13.6,,,,,1.1,3.4,0.7,255,63,1.6,4.2,0.9,266,70,1.6,4.2,0.9,266,70,0,28.16,0.3,0,0,0,36.5,42.0,44.6,0.50,0.48,0.48
OLDF,2019-11-08 05:45:00 EST,43.74157,-74.97786,1753,16.9,16.8,16.9,86.6,13.6,,,,,1.1,3.6,0.7,165,62,1.7,4.8,0.9,163,65,1.7,4.8,0.9,163,65,0,28.16,0.3,0,0,0,36.5,42.0,44.6,0.50,0.48,0.48
OLDF,2019-11-08 05:50:00 EST,43.74157,-74.97786,1753,16.8,16.8,16.8,86.4,13.5,,,,,1.6,5.0,1.4,291,49,2.2,5.4,1.4,299,48,2.2,5.4,1.4,299,48,0,28.16,0.3,0,0,0,36.5,42.0,44.6,0.50,0.48,0.48
OLDF,2019-11-08 05:55:00 EST,43.74157,-74.97786,1753,16.8,16.8,16.8,86.0,13.4,,,,,0.9,4.6,0.9,332,52,1.7,6.1,1.2,344,54,1.7,6.1,1.2,344,54,0,28.17,0.3,0,0,0,36.5,42.0,44.7,0.50,0.48,0.48
OLDF,2019-11-08 06:00:00 EST,43.74157,-74.97786,1753,16.9,16.8,16.9,87.1,13.7,,,,,1.2,3.5,0.9,268,45,1.8,4.8,1.0,256,52,1.8,4.8,1.0,256,52,0,28.17,0.3,0,0,0,36.5,41.9,44.6,0.50,0.48,0.48
OLDF,2019-11-08 06:05:00 EST,43.74157,-74.97786,1753,16.9,16.8,16.9,87.0,13.7,,,,,1.4,3.1,0.8,312,28,1.8,3.9,0.9,313,30,1.8,3.9,0.9,313,30,0,28.17,0.3,0,0,0,36.5,42.0,44.6,0.50,0.48,0.48
OLDF,2019-11-08 06:10:00 EST,43.74157,-74.97786,1753,16.9,16.9,16.9,87.0,13.8,,,,,1.8,4.5,1.2,289,33,2.3,6.1,1.4,286,34,2.3,6.1,1.4,286,34,0,28.17,0.3,0,0,0,36.5,41.9,44.6,0.50,0.48,0.48
OLDF,2019-11-08 06:15:00 EST,43.74157,-74.97786,1753,17.0,16.9,17.0,86.9,13.7,,,,,1.2,4.8,1.0,329,49,1.7,6.8,1.3,326,52,1.7,6.8,1.3,326,52,0,28.17,0.3,0,0,0,36.5,41.9,44.6,0.50,0.48,0.48
OLDF,2019-11-08 06:20:00 EST,43.74157,-74.97786,1753,17.0,17.0,17.0,87.3,13.9,,,,,1.8,3.7,0.9,303,46,2.3,4.7,1.0,296,50,2.3,4.7,1.0,296,50,0,28.17,0.3,0,0,0,36.5,41.9,44.6,0.50,0.48,0.48
OLDF,2019-11-08 06:25:00 EST,43.74157,-74.97786,1753,17.2,17.1,17.2,87.4,14.1,,,,,1.6,4.2,1.3,287,30,2.2,6.2,1.5,283,31,2.2,6.2,1.5,283,31,0,28.17,0.3,0,0,0,36.5,41.9,44.6,0.50,0.48,0.48
OLDF,2019-11-08 06:30:00 EST,43.74157,-74.97786,1753,17.2,17.2,17.2,87.7,14.2,,,,,1.4,7.1,1.5,270,26,2.1,9.0,1.7,263,35,2.1,9.0,1.7,263,35,0,28.18,0.1,0,0,0,36.5,41.9,44.6,0.50,0.48,0.48
OLDF,2019-11-08 06:35:00 EST,43.74157,-74.97786,1753,17.3,17.2,17.3,87.5,14.2,,,,,1.1,4.0,0.9,266,30,1.4,3.9,0.9,257,34,1.4,3.9,0.9,257,34,0,28.18,0.2,0,0,0,36.5,41.9,44.6,0.50,0.48,0.48
OLDF,2019-11-08 06:40:00 EST,43.74157,-74.97786,1753,17.4,17.4,17.4,87.5,14.3,,,,,1.9,5.3,1.2,327,48,2.6,6.8,1.4,324,45,2.6,6.8,1.4,324,45,1,28.18,0.1,0,0,0,36.5,41.9,44.6,0.50,0.48,0.48
OLDF,2019-11-08 06:45:00 EST,43.74157,-74.97786,1753,17.5,17.4,17.5,87.5,14.4,,,,,1.5,3.9,1.0,262,34,2.0,5.2,1.1,258,35,2.0,5.2,1.1,258,35,2,28.18,0.1,0,0,0,36.5,41.9,44.6,0.50,0.48,0.48
OLDF,2019-11-08 06:50:00 EST,43.74157,-74.97786,1753,17.2,17.3,17.2,87.4,14.2,,,,,2.4,6.1,1.1,261,37,2.9,6.9,1.2,261,37,2.9,6.9,1.2,261,37,3,28.18,0.1,0,0,0,36.5,41.9,44.6,0.50,0.48,0.48
OLDF,2019-11-08 06:55:00 EST,43.74157,-74.97786,1753,17.1,17.2,17.1,87.7,14.1,,,,,2.1,4.4,0.9,269,35,2.5,5.8,1.1,269,37,2.5,5.8,1.1,269,37,6,28.18,0.2,0,0,0,36.5,41.9,44.6,0.50,0.48,0.48
OLDF,2019-11-08 07:00:00 EST,43.74157,-74.97786,1753,17.3,17.3,17.3,88.2,14.4,,,,,1.9,5.5,1.3,265,43,2.8,6.8,1.4,268,44,2.8,6.8,1.4,268,44,6,28.19,0.2,0,0,0,36.5,41.9,44.6,0.50,0.48,0.48
OLDF,2019-11-08 07:05:00 EST,43.74157,-74.97786,1753,17.5,17.4,17.5,88.2,14.6,,,,,0.5,1.9,0.5,326,51,1.0,2.6,0.7,306,55,1.0,2.6,0.7,306,55,4,28.19,0.2,0,0,0,36.4,41.9,44.6,0.50,0.48,0.48
OLDF,2019-11-08 07:10:00 EST,43.74157,-74.97786,1753,17.8,17.6,17.8,88.9,15.1,,,,,0.9,3.1,0.8,235,50,1.5,4.5,1.0,247,55,1.5,4.5,1.0,247,55,4,28.19,0.1,0,0,0,36.4,41.9,44.6,0.50,0.48,0.48
OLDF,2019-11-08 07:15:00 EST,43.74157,-74.97786,1753,17.9,17.8,17.9,88.1,15.0,,,,,1.5,5.0,1.3,266,71,2.2,7.0,1.6,261,69,2.2,7.0,1.6,261,69,6,28.19,0.2,0,0,0,36.3,41.9,44.6,0.50,0.48,0.48
OLDF,2019-11-08 07:20:00 EST,43.74157,-74.97786,1753,18.0,17.9,18.0,87.8,15.0,,,,,1.2,5.2,1.2,290,49,1.9,5.5,1.3,286,51,1.9,5.5,1.3,286,51,8,28.20,0.3,0,0,0,36.3,41.9,44.6,0.50,0.48,0.48
OLDF,2019-11-08 07:25:00 EST,43.74157,-74.97786,1753,18.1,18.0,18.1,87.6,15.1,,,,,1.6,3.9,0.9,311,49,2.4,5.2,1.1,311,52,2.4,5.2,1.1,311,52,9,28.20,0.2,0,0,0,36.3,41.9,44.6,0.50,0.48,0.48
OLDF,2019-11-08 07:30:00 EST,43.74157,-74.97786,1753,18.2,18.1,18.2,87.6,15.1,,,,,1.5,4.2,0.9,327,46,1.8,6.9,1.1,321,47,1.8,6.9,1.1,321,47,8,28.20,0.2,0,0,0,36.3,41.9,44.6,0.50,0.48,0.48
OLDF,2019-11-08 07:35:00 EST,43.74157,-74.97786,1753,18.3,18.2,18.3,86.5,14.9,,,,,1.7,5.8,1.0,314,44,2.5,5.8,1.0,318,42,2.5,5.8,1.0,318,42,10,28.20,0.1,0,0,0,36.3,41.9,44.6,0.50,0.48,0.48
OLDF,2019-11-08 07:40:00 EST,43.74157,-74.97786,1753,18.4,18.3,18.4,86.3,15.0,,,,,0.9,4.3,0.9,296,57,1.5,4.4,1.1,311,62,1.5,4.4,1.1,311,62,13,28.21,0.1,0,0,0,36.3,41.9,44.6,0.50,0.48,0.48
OLDF,2019-11-08 07:45:00 EST,43.74157,-74.97786,1753,18.5,18.3,18.5,86.8,15.2,,,,,0.8,4.3,0.9,337,56,1.3,6.3,1.1,357,60,1.3,6.3,1.1,357,60,14,28.21,0.1,0,0,0,36.3,41.9,44.6,0.50,0.48,0.48
OLDF,2019-11-08 07:50:00 EST,43.74157,-74.97786,1753,18.5,18.4,12.8,86.1,15.1,,,,,3.0,7.0,1.8,310,38,3.8,9.6,2.3,318,40,3.8,9.6,2.3,318,40,13,28.21,0.2,0,0,0,36.3,41.9,44.6,0.50,0.48,0.48
OLDF,2019-11-08 07:55:00 EST,43.74157,-74.97786,1753,18.6,18.5,13.7,86.3,15.1,,,,,2.4,6.8,1.6,335,28,3.2,9.6,1.8,338,28,3.2,9.6,1.8,338,28,11,28.21,0.2,0,0,0,36.3,41.9,44.6,0.50,0.48,0.48
OLDF,2019-11-08 08:00:00 EST,43.74157,-74.97786,1753,18.6,18.5,13.7,85.4,15.0,,,,,2.6,7.0,1.4,325,38,3.3,9.8,1.8,325,39,3.3,9.8,1.8,325,39,22,28.21,0.2,0,0,0,36.3,41.9,44.6,0.50,0.48,0.48
OLDF,2019-11-08 08:05:00 EST,43.74157,-74.97786,1753,18.6,18.5,11.5,82.9,14.3,,,,,4.2,7.5,1.5,323,39,4.9,10.4,1.8,325,39,4.9,10.4,1.8,325,39,26,28.22,0.2,0,0,0,36.3,41.9,44.6,0.50,0.48,0.48
OLDF,2019-11-08 08:10:00 EST,43.74157,-74.97786,1753,18.7,18.6,18.7,84.5,14.8,,,,,2.0,6.1,1.2,344,45,2.7,7.2,1.7,339,42,2.7,7.2,1.7,339,42,19,28.22,0.3,0,0,0,36.3,41.9,44.6,0.50,0.48,0.48
OLDF,2019-11-08 08:15:00 EST,43.74157,-74.97786,1753,18.8,18.6,14.2,85.3,15.1,,,,,2.6,7.8,1.8,325,54,3.1,9.2,1.8,328,53,3.1,9.2,1.8,328,53,22,28.22,0.2,0,0,0,36.3,41.9,44.6,0.50,0.48,0.48
OLDF,2019-11-08 08:20:00 EST,43.74157,-74.97786,1753,18.7,18.5,12.7,85.4,15.1,,,,,3.1,8.2,2.2,334,46,4.1,10.1,2.6,336,46,4.1,10.1,2.6,336,46,18,28.22,0.1,0,0,0,36.3,41.8,44.6,0.50,0.48,0.48
OLDF,2019-11-08 08:25:00 EST,43.74157,-74.97786,1753,18.6,18.5,18.6,85.1,14.9,,,,,1.1,5.3,1.1,355,65,1.8,6.3,1.2,38,70,1.8,6.3,1.2,38,70,28,28.22,0.5,0,0,0,36.3,41.9,44.6,0.50,0.48,0.48
OLDF,2019-11-08 08:30:00 EST,43.74157,-74.97786,1753,18.7,18.6,11.7,83.9,14.6,,,,,3.9,8.7,1.7,300,37,4.7,10.2,2.1,298,36,4.7,10.2,2.1,298,36,26,28.23,0.6,0,0,0,36.3,41.9,44.6,0.50,0.48,0.48
OLDF,2019-11-08 08:35:00 EST,43.74157,-74.97786,1753,18.8,18.6,11.7,81.4,14.0,,,,,4.3,12.7,2.1,337,45,4.8,12.7,2.2,336,47,4.8,12.7,2.2,336,47,44,28.23,0.6,0,0,0,36.3,41.8,44.6,0.50,0.48,0.48
OLDF,2019-11-08 08:40:00 EST,43.74157,-74.97786,1753,18.8,18.6,11.9,81.3,14.0,,,,,3.8,7.5,1.5,345,31,4.7,8.8,1.8,345,31,4.7,8.8,1.8,345,31,69,28.23,0.5,0,0,0,36.3,41.8,44.6,0.50,0.48,0.48
OLDF,2019-11-08 08:45:00 EST,43.74157,-74.97786,1753,19.2,18.9,19.2,82.5,14.7,,,,,1.6,6.5,1.6,3,49,2.5,8.0,2.0,355,47,2.5,8.0,2.0,355,47,78,28.23,0.3,0,0,0,36.3,41.7,44.6,0.50,0.48,0.48
OLDF,2019-11-08 08:50:00 EST,43.74157,-74.97786,1753,19.3,19.1,19.3,82.8,14.9,,,,,0.7,3.0,0.6,82,64,1.1,3.7,0.8,43,67,1.1,3.7,0.8,43,67,62,28.23,0.5,0,0,0,36.3,41.7,44.6,0.50,0.48,0.48
OLDF,2019-11-08 08:55:00 EST,43.74157,-74.97786,1753,19.6,19.4,14.5,82.9,15.2,,,,,2.5,13.7,2.8,343,48,3.5,15.5,3.1,335,48,3.5,15.5,3.1,335,48,94,28.23,0.4,0,0,0,36.3,41.8,44.6,0.50,0.48,0.48
OLDF,2019-11-08 09:00:00 EST,43.74157,-74.97786,1753,19.7,19.5,14.2,77.9,14.0,,,,,2.9,9.4,2.1,338,46,3.8,14.7,2.7,344,45,3.8,14.7,2.7,344,45,77,28.23,0.5,0,0,0,36.3,41.7,44.6,0.49,0.48,0.48
OLDF,2019-11-08 09:05:00 EST,43.74157,-74.97786,1753,19.5,19.2,12.4,77.9,13.8,,,,,4.1,12.3,2.8,332,35,5.0,15.2,2.9,334,34,5.0,15.2,2.9,334,34,80,28.23,0.5,0,0,0,36.3,41.7,44.6,0.49,0.48,0.48
OLDF,2019-11-08 09:10:00 EST,43.74157,-74.97786,1753,19.3,19.1,12.4,79.4,14.0,,,,,4.1,9.8,2.6,326,30,4.8,9.7,2.3,330,34,4.8,9.7,2.3,330,34,76,28.23,0.5,0,0,0,36.3,41.7,44.6,0.50,0.48,0.48
OLDF,2019-11-08 09:15:00 EST,43.74157,-74.97786,1753,19.3,19.1,13.2,80.0,14.1,,,,,3.3,8.4,1.7,311,42,4.1,11.2,1.9,307,38,4.1,11.2,1.9,307,38,64,28.24,0.4,0,0,0,36.3,41.7,44.6,0.49,0.48,0.48
OLDF,2019-11-08 09:20:00 EST,43.74157,-74.97786,1753,19.2,19.0,14.5,79.7,13.9,,,,,2.3,5.8,1.3,310,54,3.1,9.9,1.8,310,53,3.1,9.9,1.8,310,53,58,28.24,0.5,0,0,0,36.3,41.7,44.6,0.50,0.48,0.48
OLDF,2019-11-08 09:25:00 EST,43.74157,-74.97786,1753,19.0,18.8,13.6,81.5,14.3,,,,,2.6,8.3,1.8,293,47,3.6,11.7,2.1,297,50,3.6,11.7,2.1,297,50,43,28.24,0.1,0,0,0,36.3,41.7,44.6,0.49,0.48,0.48
OLDF,2019-11-08 09:30:00 EST,43.74157,-74.97786,1753,18.9,18.7,14.4,82.7,14.5,,,,,2.3,6.5,1.2,346,52,3.1,9.0,1.5,343,47,3.1,9.0,1.5,343,47,49,28.24,-0.1,0,0,0,36.3,41.7,44.6,0.49,0.48,0.48
OLDF,2019-11-08 09:35:00 EST,43.74157,-74.97786,1753,18.8,18.6,11.3,79.2,13.4,,,,,4.3,10.9,2.4,285,50,5.2,13.3,2.7,284,51,5.2,13.3,2.7,284,51,63,28.24,0.2,0,0,0,36.3,41.7,44.6,0.49,0.48,0.48
OLDF,2019-11-08 09:40:00 EST,43.74157,-74.97786,1753,19.0,18.8,11.8,78.7,13.5,,,,,4.1,9.3,1.9,344,29,5.1,11.0,2.2,346,26,5.1,11.0,2.2,346,26,93,28.24,0.5,0,0,0,36.3,41.7,44.6,0.49,0.48,0.48
OLDF,2019-11-08 09:45:00 EST,43.74157,-74.97786,1753,19.3,19.1,13.0,75.7,12.9,,,,,3.5,9.6,2.2,344,37,4.3,10.6,2.5,346,32,4.3,10.6,2.5,346,32,127,28.24,0.3,0,0,0,36.3,41.7,44.6,0.49,0.48,0.48
OLDF,2019-11-08 09:50:00 EST,43.74157,-74.97786,1753,19.9,19.5,15.5,76.0,13.5,,,,,2.2,6.1,1.4,305,52,3.1,8.0,1.7,315,51,3.1,8.0,1.7,315,51,103,28.25,0.3,0,0,0,36.3,41.7,44.6,0.49,0.48,0.48
OLDF,2019-11-08 09:55:00 EST,43.74157,-74.97786,1753,19.6,19.4,13.0,75.1,13.0,,,,,4.1,10.4,3.0,314,37,4.6,12.6,3.2,315,40,4.6,12.6,3.2,315,40,118,28.25,0.6,0,0,0,36.3,41.7,44.6,0.49,0.48,0.48
OLDF,2019-11-08 10:00:00 EST,43.74157,-74.97786,1753,19.8,19.4,12.5,76.0,13.4,,,,,4.0,8.6,1.6,12,28,5.2,10.3,1.9,10,27,5.2,10.3,1.9,10,27,122,28.25,0.5,0,0,0,36.3,41.7,44.6,0.49,0.48,0.48
OLDF,2019-11-08 10:05:00 EST,43.74157,-74.97786,1753,19.8,19.3,12.7,75.7,13.3,,,,,3.8,9.6,2.0,357,45,5.0,11.9,2.5,354,46,5.0,11.9,2.5,354,46,98,28.25,0.5,0,0,0,36.3,41.7,44.6,0.49,0.48,0.48
OLDF,2019-11-08 10:10:00 EST,43.74157,-74.97786,1753,19.6,19.4,19.6,75.7,13.2,,,,,2.3,7.5,1.4,336,49,3.0,7.5,1.4,341,44,3.0,7.5,1.4,341,44,118,28.25,0.7,0,0,0,36.3,41.7,44.6,0.49,0.48,0.48
OLDF,2019-11-08 10:15:00 EST,43.74157,-74.97786,1753,20.0,19.7,11.2,76.6,13.8,,,,,5.5,12.7,2.7,342,42,6.8,17.0,3.3,342,40,6.8,17.0,3.3,342,40,106,28.25,0.7,0,0,0,36.3,41.7,44.6,0.49,0.48,0.48
OLDF,2019-11-08 10:20:00 EST,43.74157,-74.97786,1753,19.9,19.5,12.1,77.5,14.0,,,,,4.5,12.9,3.3,278,39,5.7,15.6,3.8,277,44,5.7,15.6,3.8,277,44,111,28.25,0.8,0,0,0,36.3,41.7,44.6,0.49,0.48,0.48
OLDF,2019-11-08 10:25:00 EST,43.74157,-74.97786,1753,20.0,19.6,20.0,77.2,14.0,,,,,2.3,5.0,1.2,1,66,2.9,6.4,1.3,347,67,2.9,6.4,1.3,347,67,96,28.25,0.9,0,0,0,36.3,41.7,44.6,0.49,0.48,0.48
OLDF,2019-11-08 10:30:00 EST,43.74157,-74.97786,1753,20.2,20.0,20.2,76.9,14.2,,,,,1.7,8.3,1.9,351,38,2.3,9.5,2.0,345,38,2.3,9.5,2.0,345,38,116,28.25,0.9,0,0,0,36.3,41.7,44.6,0.49,0.48,0.48
OLDF,2019-11-08 10:35:00 EST,43.74157,-74.97786,1753,20.5,20.3,15.9,75.6,14.0,,,,,2.5,9.0,2.1,269,51,3.3,10.9,2.2,256,55,3.3,10.9,2.2,256,55,134,28.26,0.8,0,0,0,36.3,41.7,44.6,0.49,0.48,0.48
OLDF,2019-11-08 10:40:00 EST,43.74157,-74.97786,1753,20.1,19.9,14.9,76.5,13.9,,,,,2.8,6.7,1.8,277,57,3.6,8.9,2.1,279,52,3.6,8.9,2.1,279,52,82,28.26,0.9,0,0,0,36.3,41.7,44.6,0.49,0.48,0.48
OLDF,2019-11-08 10:45:00 EST,43.74157,-74.97786,1753,20.1,19.5,15.4,79.2,14.6,,,,,2.7,6.7,1.7,321,52,3.2,7.4,1.7,332,57,3.2,7.4,1.7,332,57,73,28.26,0.7,0,0,0,36.3,41.7,44.6,0.49,0.48,0.48
OLDF,2019-11-08 10:50:00 EST,43.74157,-74.97786,1753,19.7,19.4,14.6,77.4,13.8,,,,,2.5,8.0,2.0,296,46,3.5,9.7,2.3,293,47,3.5,9.7,2.3,293,47,128,28.26,0.8,0,0,0,36.3,41.7,44.6,0.49,0.48,0.48
OLDF,2019-11-08 10:55:00 EST,43.74157,-74.97786,1753,19.7,19.4,13.5,74.6,12.9,,,,,3.3,9.3,1.8,347,60,4.3,10.8,2.0,342,63,4.3,10.8,2.0,342,63,123,28.26,0.8,0,0,0,36.3,41.7,44.5,0.49,0.48,0.48
OLDF,2019-11-08 11:00:00 EST,43.74157,-74.97786,1753,19.9,19.5,15.2,73.3,12.8,,,,,2.4,7.5,1.6,286,51,3.3,8.9,1.8,283,54,3.3,8.9,1.8,283,54,118,28.26,0.6,0,0,0,36.3,41.7,44.6,0.49,0.48,0.48
OLDF,2019-11-08 11:05:00 EST,43.74157,-74.97786,1753,19.9,19.5,14.3,72.5,12.5,,,,,2.9,8.2,2.1,312,54,3.9,9.8,2.5,307,55,3.9,9.8,2.5,307,55,130,28.26,0.8,0,0,0,36.3,41.7,44.5,0.49,0.48,0.48
OLDF,2019-11-08 11:10:00 EST,43.74157,-74.97786,1753,19.9,19.7,13.0,71.0,12.0,,,,,3.8,9.0,2.1,276,30,4.9,11.7,2.3,274,31,4.9,11.7,2.3,274,31,150,28.26,0.7,0,0,0,36.3,41.6,44.5,0.49,0.48,0.48
OLDF,2019-11-08 11:15:00 EST,43.74157,-74.97786,1753,19.9,19.6,12.3,71.8,12.3,,,,,4.5,10.6,2.3,298,51,5.5,13.6,2.9,290,51,5.5,13.6,2.9,290,51,124,28.26,0.7,0,0,0,36.3,41.7,44.5,0.49,0.48,0.48
OLDF,2019-11-08 11:20:00 EST,43.74157,-74.97786,1753,19.7,19.4,11.7,72.8,12.4,,,,,5.0,11.8,2.4,300,47,6.0,11.9,2.6,300,50,6.0,11.9,2.6,300,50,135,28.26,0.8,0,0,0,36.3,41.6,44.5,0.49,0.48,0.48
OLDF,2019-11-08 11:25:00 EST,43.74157,-74.97786,1753,20.5,20.0,14.5,69.8,12.2,,,,,3.5,8.3,1.9,252,44,4.3,10.9,2.1,247,44,4.3,10.9,2.1,247,44,248,28.26,0.8,0,0,0,36.3,41.6,44.5,0.49,0.48,0.48
OLDF,2019-11-08 11:30:00 EST,43.74157,-74.97786,1753,21.2,20.6,14.5,68.4,12.5,,,,,3.9,11.7,2.7,263,41,4.9,15.3,3.2,258,44,4.9,15.3,3.2,258,44,263,28.26,0.6,0,0,0,36.3,41.6,44.5,0.49,0.48,0.48
OLDF,2019-11-08 11:35:00 EST,43.74157,-74.97786,1753,21.3,20.7,14.9,66.3,11.8,,,,,3.8,9.3,2.3,287,53,4.6,11.5,2.3,287,53,4.6,11.5,2.3,287,53,244,28.26,0.8,0,0,0,36.3,41.6,44.5,0.49,0.48,0.48
OLDF,2019-11-08 11:40:00 EST,43.74157,-74.97786,1753,21.6,21.1,17.3,67.2,12.4,,,,,2.1,8.6,1.9,311,46,3.1,11.1,2.3,306,52,3.1,11.1,2.3,306,52,138,28.26,0.7,0,0,0,36.3,41.6,44.4,0.49,0.48,0.48
OLDF,2019-11-08 11:45:00 EST,43.74157,-74.97786,1753,21.3,20.8,16.2,64.9,11.3,,,,,2.9,10.4,2.0,264,33,3.7,13.5,2.4,262,37,3.7,13.5,2.4,262,37,229,28.25,0.8,0,0,0,36.3,41.5,44.5,0.49,0.48,0.48
OLDF,2019-11-08 11:50:00 EST,43.74157,-74.97786,1753,22.4,21.5,18.2,65.0,12.4,,,,,2.1,5.5,1.4,303,53,3.1,7.3,1.9,292,58,3.1,7.3,1.9,292,58,235,28.25,0.7,0,0,0,36.3,41.5,44.4,0.49,0.48,0.48
OLDF,2019-11-08 11:55:00 EST,43.74157,-74.97786,1753,22.3,21.8,16.3,62.6,11.5,,,,,3.7,8.2,1.9,267,42,4.5,10.0,2.2,268,43,4.5,10.0,2.2,268,43,252,28.25,0.7,0,0,0,36.3,41.5,44.5,0.49,0.48,0.48
OLDF,2019-11-08 12:00:00 EST,43.74157,-74.97786,1753,22.0,21.5,15.2,64.0,11.7,,,,,4.3,8.2,1.9,272,48,5.2,10.4,2.1,274,47,5.2,10.4,2.1,274,47,172,28.25,0.6,0,0,0,36.3,41.5,44.4,0.49,0.48,0.48
OLDF,2019-11-08 12:05:00 EST,43.74157,-74.97786,1753,21.8,21.2,14.3,65.6,12.1,,,,,5.0,9.1,2.0,297,33,5.8,10.6,2.1,295,32,5.8,10.6,2.1,295,32,158,28.25,0.7,0,0,0,36.3,41.5,44.4,0.49,0.48,0.48
OLDF,2019-11-08 12:10:00 EST,43.74157,-74.97786,1753,22.2,21.5,15.4,64.2,12.0,,,,,4.2,9.4,2.1,305,45,5.2,11.5,2.4,304,39,5.2,11.5,2.4,304,39,281,28.25,0.7,0,0,0,36.3,41.5,44.4,0.49,0.48,0.48
OLDF,2019-11-08 12:15:00 EST,43.74157,-74.97786,1753,21.9,21.4,13.8,64.5,11.8,,,,,5.8,16.1,2.4,280,33,6.4,14.5,2.5,281,32,6.4,14.5,2.5,281,32,183,28.25,0.8,0,0,0,36.3,41.5,44.4,0.49,0.48,0.48
OLDF,2019-11-08 12:20:00 EST,43.74157,-74.97786,1753,22.1,21.6,17.6,66.8,12.7,,,,,2.7,6.6,1.6,315,59,3.3,9.0,2.0,317,59,3.3,9.0,2.0,317,59,180,28.24,0.7,0,0,0,36.3,41.5,44.4,0.49,0.48,0.48
OLDF,2019-11-08 12:25:00 EST,43.74157,-74.97786,1753,22.2,21.7,16.9,65.6,12.4,,,,,3.1,7.4,1.5,245,45,3.9,8.9,1.8,244,48,3.9,8.9,1.8,244,48,168,28.24,0.7,0,0,0,36.3,41.5,44.4,0.49,0.48,0.48
OLDF,2019-11-08 12:30:00 EST,43.74157,-74.97786,1753,21.9,21.5,15.3,66.9,12.6,,,,,4.1,9.4,2.1,264,44,4.9,13.1,2.5,261,40,4.9,13.1,2.5,261,40,98,28.24,0.7,0,0,0,36.3,41.5,44.4,0.49,0.48,0.48
OLDF,2019-11-08 12:35:00 EST,43.74157,-74.97786,1753,21.6,21.2,16.1,68.0,12.7,,,,,3.6,8.5,1.8,294,31,4.0,10.3,2.2,296,30,4.0,10.3,2.2,296,30,128,28.25,0.7,0,0,0,36.3,41.5,44.4,0.49,0.48,0.48
OLDF,2019-11-08 12:40:00 EST,43.74157,-74.97786,1753,21.8,21.5,17.3,68.3,12.9,,,,,2.5,5.8,1.5,270,30,3.3,7.6,1.9,266,29,3.3,7.6,1.9,266,29,105,28.25,0.7,0,0,0,36.3,41.5,44.4,0.49,0.48,0.48
OLDF,2019-11-08 12:45:00 EST,43.74157,-74.97786,1753,21.8,21.4,14.5,67.7,12.7,,,,,4.7,9.2,1.8,288,37,5.5,12.3,2.1,286,32,5.5,12.3,2.1,286,32,108,28.25,0.7,0,0,0,36.3,41.5,44.4,0.49,0.48,0.48
OLDF,2019-11-08 12:50:00 EST,43.74157,-74.97786,1753,21.9,21.4,15.9,69.2,13.3,,,,,3.4,7.0,1.6,327,53,4.3,8.6,1.8,329,50,4.3,8.6,1.8,329,50,68,28.25,0.6,0,0,0,36.3,41.5,44.4,0.49,0.48,0.48
OLDF,2019-11-08 12:55:00 EST,43.74157,-74.97786,1753,21.6,21.3,15.2,69.1,13.0,,,,,3.9,11.8,2.4,281,41,4.7,13.7,2.7,277,38,4.7,13.7,2.7,277,38,103,28.25,0.6,0,0,0,36.3,41.5,44.4,0.49,0.48,0.48
OLDF,2019-11-08 13:00:00 EST,43.74157,-74.97786,1753,21.7,21.4,13.8,69.3,13.2,,,,,5.0,11.3,2.5,292,51,6.2,14.2,2.9,290,49,6.2,14.2,2.9,290,49,100,28.25,0.6,0,0,0,36.3,41.5,44.4,0.49,0.48,0.48
OLDF,2019-11-08 13:05:00 EST,43.74157,-74.97786,1753,21.9,21.6,16.3,70.1,13.7,,,,,3.2,7.4,1.3,262,46,4.1,9.9,1.8,257,42,4.1,9.9,1.8,257,42,117,28.25,0.6,0,0,0,36.3,41.5,44.4,0.49,0.48,0.48
OLDF,2019-11-08 13:10:00 EST,43.74157,-74.97786,1753,21.7,21.5,15.1,69.7,13.4,,,,,4.2,8.0,1.5,282,26,4.9,8.3,1.8,283,27,4.9,8.3,1.8,283,27,79,28.25,0.5,0,0,0,36.3,41.5,44.4,0.49,0.48,0.48
OLDF,2019-11-08 13:15:00 EST,43.74157,-74.97786,1753,21.7,21.5,16.1,70.3,13.6,,,,,3.5,7.0,1.4,274,32,4.1,8.6,1.6,271,29,4.1,8.6,1.6,271,29,48,28.25,0.4,0,0,0,36.3,41.5,44.4,0.49,0.48,0.48
OLDF,2019-11-08 13:20:00 EST,43.74157,-74.97786,1753,21.2,21.0,15.2,73.8,14.2,,,,,3.6,8.3,2.1,293,39,4.3,10.4,2.3,291,38,4.3,10.4,2.3,291,38,64,28.25,0.5,0,0,0,36.3,41.5,44.4,0.49,0.48,0.48
OLDF,2019-11-08 13:25:00 EST,43.74157,-74.97786,1753,21.7,21.4,21.7,75.5,15.2,,,,,2.3,5.4,1.4,254,34,2.9,6.6,1.6,248,35,2.9,6.6,1.6,248,35,73,28.25,0.4,0,0,0,36.3,41.5,44.4,0.49,0.48,0.48
OLDF,2019-11-08 13:30:00 EST,43.74157,-74.97786,1753,21.6,21.3,17.5,73.1,14.3,,,,,2.4,6.6,1.5,267,33,3.0,10.2,1.8,264,36,3.0,10.2,1.8,264,36,59,28.25,0.4,0,0,0,36.3,41.5,44.4,0.49,0.48,0.48
OLDF,2019-11-08 13:35:00 EST,43.74157,-74.97786,1753,21.5,21.3,15.3,73.1,14.2,,,,,3.7,7.7,1.8,268,27,4.5,8.7,2.1,266,25,4.5,8.7,2.1,266,25,76,28.26,0.5,0,0,0,36.3,41.5,44.4,0.49,0.48,0.48
OLDF,2019-11-08 13:40:00 EST,43.74157,-74.97786,1753,21.7,21.6,21.7,73.9,14.6,,,,,1.7,4.7,1.2,293,40,2.3,5.8,1.4,296,45,2.3,5.8,1.4,296,45,75,28.25,0.5,0,0,0,36.3,41.5,44.4,0.49,0.48,0.48
OLDF,2019-11-08 13:45:00 EST,43.74157,-74.97786,1753,22.0,21.8,22.0,73.3,14.8,,,,,1.8,5.5,1.5,341,53,2.5,8.0,1.7,332,56,2.5,8.0,1.7,332,56,69,28.26,0.5,0,0,0,36.4,41.5,44.4,0.49,0.48,0.48
OLDF,2019-11-08 13:50:00 EST,43.74157,-74.97786,1753,22.2,21.9,16.7,70.8,14.2,,,,,3.5,7.0,1.5,268,40,4.1,9.3,2.0,268,39,4.1,9.3,2.0,268,39,97,28.25,0.3,0,0,0,36.4,41.5,44.4,0.49,0.48,0.48
OLDF,2019-11-08 13:55:00 EST,43.74157,-74.97786,1753,21.9,21.8,15.1,70.5,13.8,,,,,4.0,12.1,2.6,278,32,5.1,15.1,3.2,278,29,5.1,15.1,3.2,278,29,103,28.25,-0.1,0,0,0,36.3,41.5,44.4,0.49,0.48,0.48
OLDF,2019-11-08 14:00:00 EST,43.74157,-74.97786,1753,22.0,21.8,15.7,70.9,14.0,,,,,4.0,10.4,2.2,317,39,4.7,12.0,2.4,319,38,4.7,12.0,2.4,319,38,96,28.25,-0.1,0,0,0,36.4,41.5,44.4,0.49,0.48,0.48
OLDF,2019-11-08 14:05:00 EST,43.74157,-74.97786,1753,22.0,21.8,16.5,72.2,14.4,,,,,3.1,7.1,1.6,293,37,4.0,9.8,2.0,291,38,4.0,9.8,2.0,291,38,108,28.25,0.3,0,0,0,36.4,41.5,44.4,0.49,0.48,0.48
OLDF,2019-11-08 14:10:00 EST,43.74157,-74.97786,1753,22.0,21.7,22.0,72.6,14.5,,,,,2.1,5.5,1.3,325,69,2.9,7.1,1.5,306,67,2.9,7.1,1.5,306,67,93,28.25,0.4,0,0,0,36.5,41.5,44.4,0.49,0.48,0.48
OLDF,2019-11-08 14:15:00 EST,43.74157,-74.97786,1753,21.8,21.5,15.6,71.8,14.1,,,,,3.7,8.8,1.9,325,40,4.6,10.8,2.2,328,39,4.6,10.8,2.2,328,39,46,28.26,0.3,0,0,0,36.5,41.5,44.4,0.49,0.48,0.48
OLDF,2019-11-08 14:20:00 EST,43.74157,-74.97786,1753,21.3,21.1,14.2,71.6,13.5,,,,,4.7,12.2,2.7,323,30,5.3,12.6,2.9,323,30,5.3,12.6,2.9,323,30,46,28.26,-0.1,0,0,0,36.4,41.4,44.4,0.49,0.48,0.48
OLDF,2019-11-08 14:25:00 EST,43.74157,-74.97786,1753,21.3,21.2,21.3,75.5,14.7,,,,,2.0,5.6,1.2,301,43,2.6,7.5,1.4,300,38,2.6,7.5,1.4,300,38,41,28.26,-0.0,0,0,0,36.5,41.4,44.4,0.49,0.48,0.48
OLDF,2019-11-08 14:30:00 EST,43.74157,-74.97786,1753,21.1,20.8,13.9,79.6,15.7,,,,,4.5,8.5,1.8,310,34,5.4,9.9,1.8,310,34,5.4,9.9,1.8,310,34,32,28.26,0.0,0,0,0,36.5,41.4,44.4,0.49,0.48,0.48
OLDF,2019-11-08 14:35:00 EST,43.74157,-74.97786,1753,20.8,20.6,20.8,81.8,16.1,,,,,2.1,5.7,1.3,286,46,2.8,7.9,1.7,286,42,2.8,7.9,1.7,286,42,62,28.26,-0.0,0,0,0,36.5,41.4,44.4,0.49,0.48,0.48
OLDF,2019-11-08 14:40:00 EST,43.74157,-74.97786,1753,21.0,20.9,15.5,79.7,15.7,,,,,3.4,7.3,1.5,323,40,3.9,8.9,1.7,321,39,3.9,8.9,1.7,321,39,79,28.26,-0.0,0,0,0,36.5,41.4,44.4,0.49,0.48,0.48
OLDF,2019-11-08 14:45:00 EST,43.74157,-74.97786,1753,21.5,21.3,16.4,78.0,15.7,,,,,2.9,7.5,2.1,267,48,3.7,10.5,2.3,259,48,3.7,10.5,2.3,259,48,155,28.26,-0.1,0,0,0,36.5,41.4,44.4,0.49,0.48,0.48
OLDF,2019-11-08 14:50:00 EST,43.74157,-74.97786,1753,22.1,21.8,15.8,76.2,15.7,,,,,3.8,13.8,2.8,277,47,4.7,16.3,3.1,278,50,4.7,16.3,3.1,278,50,140,28.26,-0.1,0,0,0,36.5,41.4,44.4,0.49,0.48,0.48
OLDF,2019-11-08 14:55:00 EST,43.74157,-74.97786,1753,22.3,22.0,17.3,76.4,16.0,,,,,3.0,10.7,2.9,320,33,3.7,11.9,3.2,319,41,3.7,11.9,3.2,319,41,80,28.26,-0.0,0,0,0,36.5,41.4,44.4,0.49,0.48,0.48
OLDF,2019-11-08 15:00:00 EST,43.74157,-74.97786,1753,22.4,22.0,17.2,73.8,15.3,,,,,3.1,9.4,2.4,285,52,3.8,11.1,2.7,280,57,3.8,11.1,2.7,280,57,84,28.27,-0.1,0,0,0,36.5,41.4,44.4,0.49,0.48,0.48
OLDF,2019-11-08 15:05:00 EST,43.74157,-74.97786,1753,22.0,21.8,14.5,72.0,14.3,,,,,4.8,12.9,2.8,282,43,5.7,13.9,2.9,282,43,5.7,13.9,2.9,282,43,74,28.27,0.0,0,0,0,36.5,41.4,44.4,0.49,0.48,0.48
OLDF,2019-11-08 15:10:00 EST,43.74157,-74.97786,1753,21.8,21.6,15.4,72.1,14.2,,,,,3.7,12.9,2.5,301,38,4.7,15.0,3.0,302,37,4.7,15.0,3.0,302,37,61,28.27,-0.2,0,0,0,36.5,41.4,44.4,0.49,0.48,0.48
OLDF,2019-11-08 15:15:00 EST,43.74157,-74.97786,1753,21.6,21.5,16.1,72.7,14.2,,,,,3.3,8.9,2.0,293,32,4.0,12.6,2.5,291,32,4.0,12.6,2.5,291,32,41,28.27,0.2,0,0,0,36.5,41.4,44.4,0.49,0.48,0.48
OLDF,2019-11-08 15:20:00 EST,43.74157,-74.97786,1753,21.5,21.3,15.7,74.2,14.5,,,,,3.3,7.4,1.9,306,48,4.2,8.7,2.1,309,47,4.2,8.7,2.1,309,47,34,28.27,-0.1,0,0,0,36.5,41.4,44.4,0.49,0.48,0.48
OLDF,2019-11-08 15:25:00 EST,43.74157,-74.97786,1753,21.5,21.3,16.4,74.8,14.7,,,,,2.9,5.5,1.3,336,30,3.7,6.9,1.5,337,28,3.7,6.9,1.5,337,28,39,28.27,0.0,0,0,0,36.5,41.4,44.4,0.49,0.48,0.48
OLDF,2019-11-08 15:30:00 EST,43.74157,-74.97786,1753,21.5,21.4,21.5,75.7,15.1,,,,,1.8,9.6,1.8,305,45,2.6,12.1,2.1,307,50,2.6,12.1,2.1,307,50,26,28.27,-0.1,0,0,0,36.5,41.4,44.4,0.49,0.48,0.48
OLDF,2019-11-08 15:35:00 EST,43.74157,-74.97786,1753,21.3,21.2,21.3,74.9,14.6,,,,,2.1,6.9,1.4,311,38,2.7,7.2,1.6,311,41,2.7,7.2,1.6,311,41,27,28.27,-0.3,0,0,0,36.5,41.4,44.4,0.49,0.48,0.48
OLDF,2019-11-08 15:40:00 EST,43.74157,-74.97786,1753,21.1,21.0,16.0,75.4,14.6,,,,,3.0,7.2,1.9,312,39,3.7,8.7,2.3,311,41,3.7,8.7,2.3,311,41,36,28.27,0.0,0,0,0,36.5,41.4,44.4,0.49,0.48,0.48
OLDF,2019-11-08 15:45:00 EST,43.74157,-74.97786,1753,21.2,21.1,16.5,76.1,14.8,,,,,2.4,5.2,1.2,341,42,3.3,7.2,1.6,342,36,3.3,7.2,1.6,342,36,27,28.27,-0.0,0,0,0,36.5,41.4,44.4,0.49,0.48,0.48
OLDF,2019-11-08 15:50:00 EST,43.74157,-74.97786,1753,21.1,21.0,21.1,75.5,14.5,,,,,1.1,4.0,1.0,327,47,1.6,4.8,1.2,321,46,1.6,4.8,1.2,321,46,20,28.27,0.2,0,0,0,36.5,41.4,44.4,0.49,0.48,0.48
OLDF,2019-11-08 15:55:00 EST,43.74157,-74.97786,1753,21.1,21.0,21.1,75.8,14.6,,,,,1.1,5.3,1.0,312,38,1.6,6.2,1.1,308,37,1.6,6.2,1.1,308,37,18,28.27,0.3,0,0,0,36.5,41.4,44.4,0.49,0.48,0.48
OLDF,2019-11-08 16:00:00 EST,43.74157,-74.97786,1753,21.2,21.0,21.2,76.8,15.0,,,,,1.8,4.4,1.3,339,28,2.4,5.3,1.4,338,27,2.4,5.3,1.4,338,27,11,28.28,0.4,0,0,0,36.5,41.4,44.4,0.49,0.48,0.48
OLDF,2019-11-08 16:05:00 EST,43.74157,-74.97786,1753,20.9,20.8,20.9,77.2,14.8,,,,,0.7,2.2,0.6,44,48,1.2,4.4,0.9,42,51,1.2,4.4,0.9,42,51,13,28.28,0.4,0,0,0,36.5,41.4,44.4,0.49,0.48,0.48
OLDF,2019-11-08 16:10:00 EST,43.74157,-74.97786,1753,20.7,20.7,20.7,79.2,15.3,,,,,0.8,2.5,0.8,288,46,1.2,3.4,0.9,304,50,1.2,3.4,0.9,304,50,11,28.28,0.4,0,0,0,36.5,41.4,44.4,0.49,0.48,0.48
OLDF,2019-11-08 16:15:00 EST,43.74157,-74.97786,1753,20.6,20.6,20.6,79.6,15.3,,,,,1.9,5.6,1.5,259,38,2.5,7.2,1.8,247,39,2.5,7.2,1.8,247,39,9,28.28,0.5,0,0,0,36.5,41.4,44.4,0.49,0.48,0.48
OLDF,2019-11-08 16:20:00 EST,43.74157,-74.97786,1753,,,,,,,,,,,,,,,,,,,,,,,,,,,,,,,,,,,,
OLDF,2019-11-08 16:25:00 EST,43.74157,-74.97786,1753,,,,,,,,,,,,,,,,,,,,,,,,,,,,,,,,,,,,
OLDF,2019-11-08 16:30:00 EST,43.74157,-74.97786,1753,,,,,,,,,,,,,,,,,,,,,,,,,,,,,,,,,,,,
OLDF,2019-11-08 16:35:00 EST,43.74157,-74.97786,1753,,,,,,,,,,,,,,,,,,,,,,,,,,,,,,,,,,,,
OLDF,2019-11-08 16:40:00 EST,43.74157,-74.97786,1753,,,,,,,,,,,,,,,,,,,,,,,,,,,,,,,,,,,,
OLDF,2019-11-08 16:45:00 EST,43.74157,-74.97786,1753,19.9,20.0,19.9,82.6,15.4,,,,,1.8,5.2,1.5,335,37,2.1,6.3,1.6,339,43,2.1,6.3,1.6,339,43,2,28.29,0.5,0,0,0,36.5,41.4,44.3,0.49,0.48,0.48
OLDF,2019-11-08 16:50:00 EST,43.74157,-74.97786,1753,19.6,19.9,19.6,83.2,15.3,,,,,0.7,2.5,0.6,137,60,1.2,4.2,0.8,141,62,1.2,4.2,0.8,141,62,1,28.29,0.4,0,0,0,36.5,41.4,44.4,0.49,0.48,0.48
OLDF,2019-11-08 16:55:00 EST,43.74157,-74.97786,1753,18.9,19.6,18.9,84.3,14.9,,,,,0.5,2.6,0.6,42,29,0.9,3.2,0.8,46,38,0.9,3.2,0.8,46,38,0,28.29,0.5,0,0,0,36.5,41.4,44.3,0.49,0.48,0.48
OLDF,2019-11-08 17:00:00 EST,43.74157,-74.97786,1753,19.0,19.6,19.0,84.5,15.1,,,,,0.5,1.5,0.5,291,49,0.9,2.3,0.7,254,54,0.9,2.3,0.7,254,54,0,28.30,0.3,0,0,0,36.5,41.4,44.3,0.49,0.48,0.48
OLDF,2019-11-08 17:05:00 EST,43.74157,-74.97786,1753,18.5,19.4,18.5,85.3,14.9,,,,,0.6,1.6,0.5,314,66,1.1,3.5,0.7,257,66,1.1,3.5,0.7,257,66,0,28.30,0.4,0,0,0,36.5,41.4,44.3,0.49,0.48,0.48
OLDF,2019-11-08 17:10:00 EST,43.74157,-74.97786,1753,18.5,19.2,18.5,85.6,14.9,,,,,0.3,1.3,0.4,128,30,0.7,2.2,0.6,130,35,0.7,2.2,0.6,130,35,0,28.30,0.2,0,0,0,36.5,41.4,44.3,0.49,0.48,0.48
OLDF,2019-11-08 17:15:00 EST,43.74157,-74.97786,1753,18.2,19.1,18.2,86.2,14.8,,,,,0.2,1.5,0.3,223,41,0.5,2.1,0.6,218,49,0.5,2.1,0.6,218,49,0,28.30,0.5,0,0,0,36.5,41.4,44.3,0.49,0.48,0.48
OLDF,2019-11-08 17:20:00 EST,43.74157,-74.97786,1753,18.1,19.1,18.1,87.9,15.1,,,,,0.5,1.7,0.5,146,31,0.7,2.4,0.7,149,34,0.7,2.4,0.7,149,34,0,28.30,0.7,0,0,0,36.5,41.4,44.3,0.49,0.48,0.48
OLDF,2019-11-08 17:25:00 EST,43.74157,-74.97786,1753,18.1,19.2,18.1,88.7,15.3,,,,,0.2,1.4,0.3,182,42,0.7,2.3,0.6,274,60,0.7,2.3,0.6,274,60,0,28.30,0.9,0,0,0,36.5,41.4,44.1,0.49,0.48,0.48
OLDF,2019-11-08 17:30:00 EST,43.74157,-74.97786,1753,18.5,19.0,18.5,88.2,15.5,,,,,0.8,1.8,0.4,195,37,1.2,2.4,0.4,189,36,1.2,2.4,0.4,189,36,0,28.30,0.8,0,0,0,36.5,41.4,44.2,0.49,0.48,0.48
OLDF,2019-11-08 17:35:00 EST,43.74157,-74.97786,1753,18.4,19.1,18.4,88.2,15.5,,,,,0.5,1.3,0.4,194,20,1.0,2.2,0.4,189,27,1.0,2.2,0.4,189,27,0,28.30,-0.1,0,0,0,36.5,41.3,44.2,0.49,0.48,0.48
OLDF,2019-11-08 17:40:00 EST,43.74157,-74.97786,1753,18.3,18.9,18.3,88.5,15.5,,,,,0.1,0.7,0.2,143,2,0.4,1.5,0.5,181,31,0.4,1.5,0.5,181,31,0,28.31,-0.1,0,0,0,36.5,41.3,44.1,0.49,0.48,0.48
OLDF,2019-11-08 17:45:00 EST,43.74157,-74.97786,1753,18.0,19.0,18.0,88.6,15.2,,,,,0.0,0.6,0.1,311,9,0.2,1.6,0.4,2,27,0.2,1.6,0.4,2,27,0,28.31,0.0,0,0,0,36.5,41.3,44.1,0.49,0.48,0.48
OLDF,2019-11-08 17:50:00 EST,43.74157,-74.97786,1753,17.8,18.7,17.8,89.5,15.3,,,,,0.5,1.2,0.4,77,38,0.9,2.0,0.5,87,40,0.9,2.0,0.5,87,40,0,28.31,-0.1,0,0,0,36.5,41.3,44.1,0.49,0.48,0.48
OLDF,2019-11-08 17:55:00 EST,43.74157,-74.97786,1753,17.8,18.8,17.8,89.6,15.2,,,,,0.4,1.2,0.4,210,34,0.9,1.8,0.5,210,50,0.9,1.8,0.5,210,50,0,28.31,0.0,0,0,0,36.5,41.3,44.1,0.49,0.48,0.48
OLDF,2019-11-08 18:00:00 EST,43.74157,-74.97786,1753,17.7,18.8,17.7,89.4,15.1,,,,,0.3,1.9,0.5,16,36,0.7,3.2,0.8,27,43,0.7,3.2,0.8,27,43,0,28.31,0.5,0,0,0,36.5,41.2,44.1,0.49,0.48,0.48
OLDF,2019-11-08 18:05:00 EST,43.74157,-74.97786,1753,18.2,18.8,18.2,88.9,15.5,,,,,0.4,1.8,0.5,279,25,0.7,2.9,0.7,301,27,0.7,2.9,0.7,301,27,0,28.31,0.3,0,0,0,36.5,41.2,44.1,0.49,0.48,0.48
OLDF,2019-11-08 18:10:00 EST,43.74157,-74.97786,1753,17.3,18.2,17.3,88.5,14.5,,,,,0.1,0.7,0.2,47,2,0.2,1.3,0.4,24,9,0.2,1.3,0.4,24,9,0,28.31,0.2,0,0,0,36.5,41.2,44.1,0.49,0.48,0.48
OLDF,2019-11-08 18:15:00 EST,43.74157,-74.97786,1753,17.0,18.1,17.0,89.8,14.5,,,,,0.1,0.9,0.2,136,23,0.5,1.6,0.5,128,33,0.5,1.6,0.5,128,33,0,28.32,0.0,0,0,0,36.5,41.2,44.1,0.49,0.48,0.48
OLDF,2019-11-08 18:20:00 EST,43.74157,-74.97786,1753,16.6,17.7,16.6,90.8,14.4,,,,,0.0,0.2,0.0,352,0,0.3,1.2,0.4,44,29,0.3,1.2,0.4,44,29,0,28.32,0.0,0,0,0,36.5,41.2,44.1,0.49,0.48,0.48
OLDF,2019-11-08 18:25:00 EST,43.74157,-74.97786,1753,16.6,17.2,16.6,92.1,14.7,,,,,0.1,0.9,0.3,31,13,0.6,1.5,0.5,352,24,0.6,1.5,0.5,352,24,0,28.32,0.3,0,0,0,36.5,41.2,44.1,0.49,0.48,0.48
OLDF,2019-11-08 18:30:00 EST,43.74157,-74.97786,1753,16.5,16.8,16.5,92.2,14.6,,,,,1.0,1.5,0.3,348,16,1.5,2.2,0.4,344,13,1.5,2.2,0.4,344,13,0,28.32,-0.1,0,0,0,36.5,41.2,44.1,0.49,0.48,0.48
OLDF,2019-11-08 18:35:00 EST,43.74157,-74.97786,1753,16.1,16.3,16.1,91.4,14.0,,,,,0.3,1.0,0.4,332,2,0.6,1.6,0.6,331,9,0.6,1.6,0.6,331,9,0,28.32,-0.1,0,0,0,36.5,41.2,44.1,0.49,0.48,0.48
OLDF,2019-11-08 18:40:00 EST,43.74157,-74.97786,1753,15.8,16.1,15.8,92.1,14.0,,,,,0.2,0.7,0.2,326,5,0.4,1.2,0.4,318,13,0.4,1.2,0.4,318,13,0,28.32,-0.1,0,0,0,36.4,41.2,44.1,0.49,0.48,0.48
OLDF,2019-11-08 18:45:00 EST,43.74157,-74.97786,1753,15.5,15.9,15.5,92.3,13.6,,,,,0.2,0.7,0.2,328,4,0.7,1.2,0.4,323,16,0.7,1.2,0.4,323,16,0,28.33,0.2,0,0,0,36.4,41.2,44.1,0.49,0.48,0.48
OLDF,2019-11-08 18:50:00 EST,43.74157,-74.97786,1753,15.0,15.6,15.0,92.5,13.2,,,,,0.2,0.7,0.2,331,6,0.4,1.2,0.5,333,13,0.4,1.2,0.5,333,13,0,28.33,-0.0,0,0,0,36.3,41.2,44.1,0.49,0.48,0.48
OLDF,2019-11-08 18:55:00 EST,43.74157,-74.97786,1753,14.9,15.4,14.9,93.3,13.4,,,,,0.0,0.5,0.1,341,4,0.4,1.3,0.5,337,9,0.4,1.3,0.5,337,9,0,28.33,0.5,0,0,0,36.3,41.2,44.1,0.49,0.48,0.48
OLDF,2019-11-08 19:00:00 EST,43.74157,-74.97786,1753,14.7,15.2,14.7,93.4,13.1,,,,,0.1,0.7,0.2,328,5,0.3,1.2,0.4,322,8,0.3,1.2,0.4,322,8,0,28.33,0.2,0,0,0,36.3,41.2,44.1,0.49,0.48,0.48
OLDF,2019-11-08 19:05:00 EST,43.74157,-74.97786,1753,14.5,15.1,14.5,93.8,13.0,0.000,,0.00,,0.2,0.6,0.2,342,6,0.7,1.4,0.4,343,8,0.7,1.4,0.4,343,8,0,28.33,0.5,0,0,0,36.3,41.2,44.1,0.49,0.48,0.48
OLDF,2019-11-08 19:10:00 EST,43.74157,-74.97786,1753,14.4,14.9,14.4,94.0,13.0,0.000,,0.00,,0.0,0.0,0.0,0,0,0.0,0.8,0.2,355,2,0.0,0.8,0.2,355,2,0,28.33,0.4,0,0,0,36.3,41.2,44.1,0.49,0.48,0.48
OLDF,2019-11-08 19:15:00 EST,43.74157,-74.97786,1753,14.4,14.7,14.4,93.8,12.9,0.000,,0.00,,0.0,0.0,0.0,0,0,0.0,0.0,0.0,0,0,0.0,0.0,0.0,0,0,0,28.33,0.5,0,0,0,36.3,41.2,44.1,0.49,0.48,0.48
OLDF,2019-11-08 19:20:00 EST,43.74157,-74.97786,1753,14.2,14.6,14.2,93.5,12.7,0.000,,0.00,,0.0,0.0,0.0,0,0,0.0,0.0,0.0,0,0,0.0,0.0,0.0,0,0,0,28.33,0.5,0,0,0,36.3,41.2,44.1,0.45,0.48,0.48
OLDF,2019-11-08 19:25:00 EST,43.74157,-74.97786,1753,14.2,14.5,14.2,93.5,12.7,0.000,,0.00,,0.0,0.0,0.0,0,0,0.0,0.0,0.0,0,0,0.0,0.0,0.0,0,0,0,28.33,0.5,0,0,0,36.3,41.2,44.1,0.45,0.48,0.48
OLDF,2019-11-08 19:30:00 EST,43.74157,-74.97786,1753,13.9,14.3,13.9,93.5,12.4,0.000,,0.00,,0.0,0.0,0.0,0,0,0.0,0.0,0.0,0,0,0.0,0.0,0.0,0,0,0,28.33,0.4,0,0,0,36.3,41.2,44.1,0.45,0.48,0.48
OLDF,2019-11-08 19:35:00 EST,43.74157,-74.97786,1753,13.9,14.2,13.9,93.6,12.4,0.000,,0.00,,0.0,0.0,0.0,0,0,0.2,1.2,0.4,350,6,0.2,1.2,0.4,350,6,0,28.33,0.6,0,0,0,36.3,41.2,44.1,0.45,0.48,0.48
OLDF,2019-11-08 19:40:00 EST,43.74157,-74.97786,1753,14.0,14.3,14.0,94.2,12.6,0.000,,0.00,,0.0,0.0,0.0,0,0,0.4,1.0,0.4,335,12,0.4,1.0,0.4,335,12,0,28.33,0.5,0,0,0,36.3,41.2,44.1,0.45,0.48,0.48
OLDF,2019-11-08 19:45:00 EST,43.74157,-74.97786,1753,13.9,14.2,13.9,94.1,12.5,0.000,,0.00,,0.0,0.0,0.0,0,0,0.2,1.0,0.4,343,7,0.2,1.0,0.4,343,7,0,28.33,0.5,0,0,0,36.3,41.2,44.1,0.45,0.48,0.48
OLDF,2019-11-08 19:50:00 EST,43.74157,-74.97786,1753,13.5,14.1,13.5,93.4,12.0,0.000,,0.00,,0.0,0.0,0.0,0,0,0.1,0.8,0.2,340,2,0.1,0.8,0.2,340,2,0,28.33,0.4,0,0,0,36.3,41.2,44.1,0.45,0.48,0.48
OLDF,2019-11-08 19:55:00 EST,43.74157,-74.97786,1753,13.1,13.7,13.1,92.3,11.3,0.000,,0.00,,0.0,0.0,0.0,0,0,0.0,0.0,0.0,0,0,0.0,0.0,0.0,0,0,0,28.33,0.5,0,0,0,36.3,41.2,44.1,0.45,0.48,0.48
OLDF,2019-11-08 20:00:00 EST,43.74157,-74.97786,1753,13.0,13.6,13.0,92.2,11.2,0.000,,0.00,,0.0,0.0,0.0,0,0,0.0,0.8,0.2,309,2,0.0,0.8,0.2,309,2,0,28.33,0.4,0,0,0,36.3,41.2,44.1,0.45,0.48,0.48
OLDF,2019-11-08 20:05:00 EST,43.74157,-74.97786,1753,13.0,13.6,13.0,93.2,11.4,0.000,,0.00,0.000,0.1,0.5,0.2,325,5,0.5,1.1,0.4,313,15,0.5,1.1,0.4,313,15,0,28.33,0.5,0,0,0,36.3,41.2,44.1,0.45,0.48,0.48
OLDF,2019-11-08 20:10:00 EST,43.74157,-74.97786,1753,12.7,13.5,12.7,92.6,11.0,0.000,,0.00,0.000,0.0,0.4,0.1,333,0,0.4,1.2,0.4,341,9,0.4,1.2,0.4,341,9,0,28.33,0.5,0,0,0,36.3,41.2,44.1,0.45,0.48,0.48
OLDF,2019-11-08 20:15:00 EST,43.74157,-74.97786,1753,12.7,13.4,12.7,92.8,11.0,0.000,,0.00,0.000,0.0,0.0,0.0,0,0,0.0,0.7,0.1,293,1,0.0,0.7,0.1,293,1,0,28.33,0.5,0,0,0,36.3,41.2,44.1,0.45,0.48,0.48
OLDF,2019-11-08 20:20:00 EST,43.74157,-74.97786,1753,12.2,13.0,12.2,92.5,10.4,0.000,,0.00,0.000,0.0,0.0,0.0,0,0,0.2,0.9,0.3,270,6,0.2,0.9,0.3,270,6,0,28.33,0.5,0,0,0,36.3,41.2,44.1,0.45,0.48,0.48
OLDF,2019-11-08 20:25:00 EST,43.74157,-74.97786,1753,12.2,12.7,12.2,92.3,10.4,0.000,,0.00,0.000,0.0,0.0,0.0,0,0,0.1,0.8,0.3,7,6,0.1,0.8,0.3,7,6,0,28.33,0.5,0,0,0,36.1,41.2,44.1,0.45,0.48,0.48
OLDF,2019-11-08 20:30:00 EST,43.74157,-74.97786,1753,12.1,12.7,12.1,92.7,10.4,0.000,,0.00,0.000,0.0,0.0,0.0,0,0,0.0,0.8,0.2,330,2,0.0,0.8,0.2,330,2,0,28.33,0.4,0,0,0,36.1,41.2,44.1,0.45,0.48,0.48
OLDF,2019-11-08 20:35:00 EST,43.74157,-74.97786,1753,11.8,12.4,11.8,92.7,10.0,0.000,,0.00,0.000,0.0,0.0,0.0,0,0,0.1,0.8,0.2,357,10,0.1,0.8,0.2,357,10,0,28.33,0.4,0,0,0,36.1,41.2,44.1,0.45,0.48,0.48
OLDF,2019-11-08 20:40:00 EST,43.74157,-74.97786,1753,11.6,12.3,11.6,92.9,10.0,0.000,,0.00,0.000,0.0,0.0,0.0,0,0,0.3,0.9,0.4,313,6,0.3,0.9,0.4,313,6,0,28.33,0.5,0,0,0,36.1,41.2,44.1,0.45,0.48,0.48
OLDF,2019-11-08 20:45:00 EST,43.74157,-74.97786,1753,11.5,12.1,11.5,92.7,9.8,0.000,,0.00,0.000,0.0,0.0,0.0,0,0,0.2,0.9,0.3,306,4,0.2,0.9,0.3,306,4,0,28.33,0.4,0,0,0,36.1,41.2,44.1,0.45,0.48,0.48
OLDF,2019-11-08 20:50:00 EST,43.74157,-74.97786,1753,11.6,12.1,11.6,92.7,10.0,0.000,,0.00,0.000,0.1,0.4,0.2,313,1,0.6,1.1,0.4,315,14,0.6,1.1,0.4,315,14,0,28.33,0.5,0,0,0,36.1,41.2,44.1,0.45,0.48,0.48
OLDF,2019-11-08 20:55:00 EST,43.74157,-74.97786,1753,11.6,12.1,11.6,93.1,10.0,0.000,,0.00,0.000,0.0,0.4,0.1,317,1,0.4,1.0,0.4,334,8,0.4,1.0,0.4,334,8,0,28.33,0.5,0,0,0,36.1,41.2,44.1,0.45,0.48,0.48
OLDF,2019-11-08 21:00:00 EST,43.74157,-74.97786,1753,11.6,12.1,11.6,93.0,10.0,0.000,,0.00,0.000,0.0,0.3,0.1,326,0,0.4,1.1,0.4,322,12,0.4,1.1,0.4,322,12,0,28.33,0.4,0,0,0,36.1,41.2,44.1,0.45,0.48,0.48
OLDF,2019-11-08 21:05:00 EST,43.74157,-74.97786,1753,11.3,12.0,11.3,92.7,9.6,0.000,,0.00,0.000,0.0,0.0,0.0,0,0,0.1,0.8,0.3,306,4,0.1,0.8,0.3,306,4,0,28.33,0.6,0,0,0,36.1,41.2,44.1,0.45,0.48,0.48
OLDF,2019-11-08 21:10:00 EST,43.74157,-74.97786,1753,10.8,11.5,10.8,91.2,8.7,0.000,,0.00,0.000,0.0,0.0,0.0,0,0,0.0,0.0,0.0,0,0,0.0,0.0,0.0,0,0,0,28.33,0.5,0,0,0,36.1,41.2,44.1,0.45,0.48,0.48
OLDF,2019-11-08 21:15:00 EST,43.74157,-74.97786,1753,10.8,11.2,10.8,91.1,8.8,0.000,,0.00,0.000,0.0,0.0,0.0,0,0,0.0,0.0,0.0,0,0,0.0,0.0,0.0,0,0,0,28.33,0.4,0,0,0,36.1,41.2,44.1,0.45,0.48,0.48
OLDF,2019-11-08 21:20:00 EST,43.74157,-74.97786,1753,10.7,11.2,10.7,91.5,8.7,0.000,,0.00,0.000,0.0,0.0,0.0,0,0,0.2,0.8,0.3,302,3,0.2,0.8,0.3,302,3,0,28.34,0.5,0,0,0,36.1,41.2,44.1,0.45,0.48,0.48
OLDF,2019-11-08 21:25:00 EST,43.74157,-74.97786,1753,10.7,11.2,10.7,91.9,8.8,0.000,,0.00,0.000,0.1,0.6,0.2,330,4,0.5,1.3,0.4,324,9,0.5,1.3,0.4,324,9,0,28.34,0.5,0,0,0,36.1,41.2,44.1,0.45,0.48,0.48
OLDF,2019-11-08 21:30:00 EST,43.74157,-74.97786,1753,10.5,11.3,10.5,92.2,8.7,0.000,,0.00,0.000,0.0,0.0,0.0,0,0,0.0,0.0,0.0,0,0,0.0,0.0,0.0,0,0,0,28.33,0.4,0,0,0,36.1,41.2,44.1,0.45,0.48,0.48
OLDF,2019-11-08 21:35:00 EST,43.74157,-74.97786,1753,10.2,11.1,10.2,91.5,8.2,0.000,,0.00,0.000,0.0,0.0,0.0,0,0,0.0,0.0,0.0,0,0,0.0,0.0,0.0,0,0,0,28.33,0.4,0,0,0,36.1,41.1,44.1,0.45,0.48,0.48
OLDF,2019-11-08 21:40:00 EST,43.74157,-74.97786,1753,10.1,10.7,10.1,91.0,8.0,0.000,,0.00,0.000,0.0,0.0,0.0,0,0,0.0,0.0,0.0,0,0,0.0,0.0,0.0,0,0,0,28.33,0.4,0,0,0,36.1,41.2,44.1,0.45,0.48,0.48
OLDF,2019-11-08 21:45:00 EST,43.74157,-74.97786,1753,9.8,10.3,9.8,91.1,7.8,0.000,,0.00,0.000,0.0,0.0,0.0,0,0,0.0,0.8,0.2,144,2,0.0,0.8,0.2,144,2,0,28.33,0.5,0,0,0,36.1,41.1,44.1,0.45,0.48,0.48
OLDF,2019-11-08 21:50:00 EST,43.74157,-74.97786,1753,9.7,10.3,9.7,90.7,7.6,0.000,,0.00,0.000,0.0,0.0,0.0,0,0,0.0,0.0,0.0,0,0,0.0,0.0,0.0,0,0,0,28.34,0.5,0,0,0,36.1,41.2,44.1,0.45,0.48,0.48
OLDF,2019-11-08 21:55:00 EST,43.74157,-74.97786,1753,9.7,10.1,9.7,90.7,7.5,0.000,,0.00,0.000,0.0,0.0,0.0,0,0,0.0,0.0,0.0,0,0,0.0,0.0,0.0,0,0,0,28.34,0.5,0,0,0,36.0,41.1,44.1,0.45,0.48,0.48
OLDF,2019-11-08 22:00:00 EST,43.74157,-74.97786,1753,9.6,9.9,9.6,90.7,7.4,0.000,,0.00,0.000,0.0,0.0,0.0,0,0,0.0,0.0,0.0,0,0,0.0,0.0,0.0,0,0,0,28.34,0.6,0,0,0,36.0,41.1,44.1,0.45,0.48,0.48
OLDF,2019-11-08 22:05:00 EST,43.74157,-74.97786,1753,9.7,10.1,9.7,89.7,7.2,0.000,,0.00,0.000,0.0,0.0,0.0,0,0,0.2,1.3,0.4,352,2,0.2,1.3,0.4,352,2,0,28.34,0.4,0,0,0,36.0,41.1,44.0,0.45,0.48,0.48
OLDF,2019-11-08 22:10:00 EST,43.74157,-74.97786,1753,9.9,10.3,9.9,91.6,7.9,0.000,,0.00,0.000,0.2,0.5,0.2,352,0,0.9,1.3,0.3,359,7,0.9,1.3,0.3,359,7,0,28.34,0.4,0,0,0,36.0,41.1,44.0,0.45,0.48,0.48
OLDF,2019-11-08 22:15:00 EST,43.74157,-74.97786,1753,10.3,10.6,10.3,93.0,8.6,0.000,,0.00,0.000,0.1,0.6,0.2,352,0,0.7,1.1,0.3,339,17,0.7,1.1,0.3,339,17,0,28.33,0.3,0,0,0,36.0,41.1,44.0,0.45,0.48,0.48
OLDF,2019-11-08 22:20:00 EST,43.74157,-74.97786,1753,10.3,10.7,10.3,92.0,8.4,0.000,,0.00,0.000,0.2,0.7,0.2,301,11,0.6,1.2,0.5,297,13,0.6,1.2,0.5,297,13,0,28.33,0.4,0,0,0,36.0,41.0,44.0,0.45,0.48,0.48
OLDF,2019-11-08 22:25:00 EST,43.74157,-74.97786,1753,9.9,10.7,9.9,91.4,7.9,0.000,,0.00,0.000,0.1,0.7,0.2,289,0,0.5,1.3,0.4,308,12,0.5,1.3,0.4,308,12,0,28.33,0.6,0,0,0,36.0,41.0,44.0,0.45,0.48,0.48
OLDF,2019-11-08 22:30:00 EST,43.74157,-74.97786,1753,9.8,10.8,9.8,89.9,7.4,0.000,,0.00,0.000,0.2,0.7,0.3,329,0,0.6,1.2,0.4,327,6,0.6,1.2,0.4,327,6,0,28.33,0.4,0,0,0,36.0,41.0,43.9,0.45,0.48,0.48
OLDF,2019-11-08 22:35:00 EST,43.74157,-74.97786,1753,9.9,10.7,9.9,90.6,7.7,0.000,,0.00,0.000,0.0,0.0,0.0,0,0,0.2,0.9,0.3,321,6,0.2,0.9,0.3,321,6,0,28.33,0.7,0,0,0,36.0,41.1,44.0,0.45,0.48,0.48
OLDF,2019-11-08 22:40:00 EST,43.74157,-74.97786,1753,9.8,10.7,9.8,91.5,7.8,0.000,,0.00,0.000,0.0,0.4,0.1,329,0,0.3,1.0,0.4,321,5,0.3,1.0,0.4,321,5,0,28.33,0.6,0,0,0,36.0,41.0,43.9,0.45,0.48,0.48
OLDF,2019-11-08 22:45:00 EST,43.74157,-74.97786,1753,9.8,10.6,9.8,90.8,7.6,0.000,,0.00,0.000,0.0,0.0,0.0,0,0,0.2,0.9,0.3,317,9,0.2,0.9,0.3,317,9,0,28.33,0.6,0,0,0,36.0,41.0,44.0,0.45,0.48,0.48
OLDF,2019-11-08 22:50:00 EST,43.74157,-74.97786,1753,9.4,10.2,9.4,90.6,7.2,0.000,,0.00,0.000,0.0,0.0,0.0,0,0,0.0,0.7,0.1,200,0,0.0,0.7,0.1,200,0,0,28.33,0.5,0,0,0,36.0,41.0,43.9,0.45,0.48,0.48
OLDF,2019-11-08 22:55:00 EST,43.74157,-74.97786,1753,9.1,9.5,9.1,90.2,6.8,0.000,,0.00,0.000,0.0,0.0,0.0,0,0,0.2,0.9,0.3,177,6,0.2,0.9,0.3,177,6,0,28.33,0.5,0,0,0,36.0,41.0,43.9,0.45,0.48,0.48
OLDF,2019-11-08 23:00:00 EST,43.74157,-74.97786,1753,9.1,9.5,9.1,90.0,6.8,0.000,,0.00,0.000,0.0,0.4,0.1,285,0,0.3,1.0,0.4,305,5,0.3,1.0,0.4,305,5,0,28.33,0.7,0,0,0,36.0,41.0,43.9,0.45,0.48,0.48
OLDF,2019-11-08 23:05:00 EST,43.74157,-74.97786,1753,9.2,9.8,9.2,91.4,7.2,0.000,,0.00,0.000,0.2,0.9,0.3,303,7,0.6,1.3,0.5,299,14,0.6,1.3,0.5,299,14,0,28.33,0.3,0,0,0,36.0,41.0,43.9,0.45,0.48,0.48
OLDF,2019-11-08 23:10:00 EST,43.74157,-74.97786,1753,9.2,9.9,9.2,91.4,7.2,0.000,,0.00,0.000,0.3,0.8,0.3,310,24,0.8,1.4,0.4,330,32,0.8,1.4,0.4,330,32,0,28.33,0.4,0,0,0,36.0,41.0,43.9,0.45,0.48,0.48
OLDF,2019-11-08 23:15:00 EST,43.74157,-74.97786,1753,9.1,9.9,9.1,91.0,7.0,0.000,,0.00,0.000,0.2,0.7,0.3,2,4,0.6,1.3,0.5,349,27,0.6,1.3,0.5,349,27,0,28.33,0.6,0,0,0,36.0,41.0,43.9,0.45,0.48,0.48
OLDF,2019-11-08 23:20:00 EST,43.74157,-74.97786,1753,9.6,10.1,9.6,92.0,7.7,0.000,,0.00,0.000,0.2,0.9,0.3,14,4,0.4,1.3,0.5,16,7,0.4,1.3,0.5,16,7,0,28.33,0.5,0,0,0,36.0,41.0,43.9,0.45,0.48,0.48
OLDF,2019-11-08 23:25:00 EST,43.74157,-74.97786,1753,9.3,9.7,9.3,90.9,7.2,0.000,,0.00,0.000,0.0,0.1,0.0,164,0,0.4,1.1,0.4,181,9,0.4,1.1,0.4,181,9,0,28.33,0.5,0,0,0,36.0,41.0,43.9,0.45,0.48,0.48
OLDF,2019-11-08 23:30:00 EST,43.74157,-74.97786,1753,9.0,9.1,9.0,89.6,6.5,0.000,,0.00,0.000,0.0,0.8,0.2,257,0,0.3,1.4,0.5,222,24,0.3,1.4,0.5,222,24,0,28.33,0.5,0,0,0,36.0,41.0,43.9,0.45,0.48,0.48
OLDF,2019-11-08 23:35:00 EST,43.74157,-74.97786,1753,9.0,9.3,9.0,89.4,6.5,0.000,,0.00,0.000,0.5,0.9,0.3,289,16,1.0,1.5,0.4,308,23,1.0,1.5,0.4,308,23,0,28.33,0.6,0,0,0,36.0,41.0,43.9,0.45,0.48,0.48
OLDF,2019-11-08 23:40:00 EST,43.74157,-74.97786,1753,9.4,9.6,9.4,90.8,7.2,0.000,,0.00,0.000,0.3,0.7,0.2,350,6,0.9,1.4,0.3,349,13,0.9,1.4,0.3,349,13,0,28.33,0.5,0,0,0,36.0,41.0,43.9,0.45,0.48,0.48
OLDF,2019-11-08 23:45:00 EST,43.74157,-74.97786,1753,10.0,10.0,10.0,91.4,8.0,0.000,,0.00,0.000,0.1,0.7,0.2,343,5,0.7,1.4,0.4,314,18,0.7,1.4,0.4,314,18,0,28.33,0.4,0,0,0,36.0,41.0,43.9,0.45,0.48,0.48
OLDF,2019-11-08 23:50:00 EST,43.74157,-74.97786,1753,9.9,10.3,9.9,90.8,7.7,0.000,,0.00,0.000,0.0,0.0,0.0,0,0,0.4,1.1,0.4,355,23,0.4,1.1,0.4,355,23,0,28.34,0.4,0,0,0,36.0,41.0,43.9,0.44,0.48,0.48
OLDF,2019-11-08 23:55:00 EST,43.74157,-74.97786,1753,9.8,10.3,9.8,90.7,7.6,0.000,,0.00,0.000,0.1,0.6,0.2,354,8,0.5,1.3,0.5,340,14,0.5,1.3,0.5,340,14,0,28.34,0.4,0,0,0,36.0,41.0,43.9,0.44,0.48,0.48
OLEA,2019-11-08 00:00:00 EST,42.09141,-78.40743,1500,28.2,28.1,28.2,92.7,26.4,0.000,0.138,0.00,0.009,2.1,3.5,0.7,259,13,2.5,4.5,0.8,266,14,2.5,4.5,0.8,266,14,0,28.51,-0.3,0,0,0,42.8,46.6,48.6,0.56,0.45,0.43
OLEA,2019-11-08 00:05:00 EST,42.09141,-78.40743,1500,28.2,28.2,24.7,92.1,26.2,0.000,0.000,0.00,0.005,2.8,4.7,0.9,259,17,3.2,6.2,1.1,264,18,3.2,6.2,1.1,264,18,0,28.51,-0.3,0,0,0,42.8,46.6,48.6,0.56,0.45,0.42
OLEA,2019-11-08 00:10:00 EST,42.09141,-78.40743,1500,28.2,28.1,24.7,91.1,25.9,0.000,0.000,0.00,0.005,2.7,5.0,1.1,263,18,3.2,6.6,1.3,269,18,3.2,6.6,1.3,269,18,0,28.51,-0.3,0,0,0,42.8,46.6,48.6,0.56,0.45,0.42
OLEA,2019-11-08 00:15:00 EST,42.09141,-78.40743,1500,28.2,28.2,24.8,91.2,25.9,0.000,0.000,0.00,0.005,2.8,5.0,0.7,255,15,3.2,6.3,0.9,262,16,3.2,6.3,0.9,262,16,0,28.51,-0.3,0,0,0,42.8,46.6,48.6,0.56,0.45,0.42
OLEA,2019-11-08 00:20:00 EST,42.09141,-78.40743,1500,28.2,28.2,24.2,91.2,26.0,0.000,0.000,0.00,0.005,3.1,6.6,1.1,258,23,3.6,7.0,1.3,263,23,3.6,7.0,1.3,263,23,0,28.51,-0.4,0,0,0,42.8,46.6,48.6,0.56,0.45,0.43
OLEA,2019-11-08 00:25:00 EST,42.09141,-78.40743,1500,28.2,28.2,23.4,90.2,25.8,0.000,0.000,0.00,0.005,3.7,6.0,1.0,255,18,4.3,7.4,1.3,261,17,4.3,7.4,1.3,261,17,0,28.51,-0.4,0,0,0,42.8,46.6,48.6,0.56,0.45,0.43
OLEA,2019-11-08 00:30:00 EST,42.09141,-78.40743,1500,28.2,28.2,21.8,89.1,25.4,0.000,0.000,0.00,0.005,5.2,10.4,1.6,256,21,5.9,13.3,2.0,263,19,5.9,13.3,2.0,263,19,0,28.51,-0.4,0,0,0,42.7,46.6,48.6,0.56,0.44,0.43
OLEA,2019-11-08 00:35:00 EST,42.09141,-78.40743,1500,28.2,28.2,23.5,87.7,25.0,0.000,0.000,0.00,0.002,3.6,7.5,1.4,258,21,4.2,10.1,1.7,264,19,4.2,10.1,1.7,264,19,0,28.51,-0.3,0,0,0,42.7,46.6,48.6,0.56,0.45,0.43
OLEA,2019-11-08 00:40:00 EST,42.09141,-78.40743,1500,28.2,28.1,24.1,89.2,25.4,0.000,0.000,0.00,0.000,3.3,5.8,0.8,249,19,3.6,6.4,1.0,257,20,3.6,6.4,1.0,257,20,0,28.51,-0.2,0,0,0,42.6,46.5,48.6,0.56,0.45,0.42
OLEA,2019-11-08 00:45:00 EST,42.09141,-78.40743,1500,28.1,28.1,24.2,89.4,25.4,0.000,0.000,0.00,0.000,3.1,5.5,1.0,235,15,3.5,6.9,1.2,241,15,3.5,6.9,1.2,241,15,0,28.51,-0.2,0,0,0,42.6,46.6,48.6,0.56,0.45,0.42
OLEA,2019-11-08 00:50:00 EST,42.09141,-78.40743,1500,28.0,28.1,22.9,89.0,25.2,0.000,0.000,0.00,0.000,4.1,6.4,0.7,245,14,4.5,7.5,0.9,251,14,4.5,7.5,0.9,251,14,0,28.51,-0.3,0,0,0,42.6,46.5,48.6,0.56,0.44,0.43
OLEA,2019-11-08 00:55:00 EST,42.09141,-78.40743,1500,28.0,28.0,23.2,89.3,25.3,0.000,0.000,0.00,0.000,3.8,5.3,0.6,243,14,4.2,6.2,0.9,249,13,4.2,6.2,0.9,249,13,0,28.51,-0.2,0,0,0,42.6,46.5,48.6,0.56,0.45,0.42
OLEA,2019-11-08 01:00:00 EST,42.09141,-78.40743,1500,28.0,28.0,24.1,88.9,25.2,0.000,0.000,0.00,0.000,3.2,5.7,1.1,240,14,3.5,7.4,1.2,245,16,3.5,7.4,1.2,245,16,0,28.51,-0.2,0,0,0,42.6,46.5,48.6,0.56,0.45,0.42
OLEA,2019-11-08 01:05:00 EST,42.09141,-78.40743,1500,28.0,28.0,22.6,88.2,24.9,0.000,0.000,0.00,0.000,4.2,6.9,1.2,250,20,4.7,8.7,1.5,254,18,4.7,8.7,1.5,254,18,0,28.51,-0.2,0,0,0,42.6,46.4,48.6,0.56,0.45,0.43
OLEA,2019-11-08 01:10:00 EST,42.09141,-78.40743,1500,28.0,28.0,21.1,85.6,24.3,0.000,0.000,0.00,0.000,5.6,9.0,1.6,249,16,6.4,12.3,2.0,255,16,6.4,12.3,2.0,255,16,0,28.51,-0.3,0,0,0,42.6,46.5,48.6,0.56,0.45,0.42
OLEA,2019-11-08 01:15:00 EST,42.09141,-78.40743,1500,27.8,27.8,21.9,86.5,24.3,0.000,0.000,0.00,0.000,4.6,8.5,2.2,249,24,5.4,10.9,2.5,256,22,5.4,10.9,2.5,256,22,0,28.51,-0.2,0,0,0,42.6,46.4,48.6,0.56,0.45,0.42
OLEA,2019-11-08 01:20:00 EST,42.09141,-78.40743,1500,27.4,27.3,20.5,88.6,24.5,0.006,0.006,0.00,0.006,6.0,9.1,1.5,288,12,6.4,11.4,1.7,294,13,6.4,11.4,1.7,294,13,0,28.51,-0.4,0,0,0,42.6,46.4,48.6,0.56,0.45,0.43
OLEA,2019-11-08 01:25:00 EST,42.09141,-78.40743,1500,26.9,26.7,19.3,92.1,24.9,0.015,0.020,0.00,0.020,7.0,12.4,2.4,302,14,7.1,14.2,2.7,305,14,7.1,14.2,2.7,305,14,0,28.51,-0.3,0,0,0,42.6,46.4,48.6,0.56,0.45,0.43
OLEA,2019-11-08 01:30:00 EST,42.09141,-78.40743,1500,26.6,26.5,19.3,94.6,25.3,0.014,0.034,0.00,0.034,7.0,10.8,2.1,310,18,6.6,10.3,1.8,316,16,6.6,10.3,1.8,316,16,0,28.52,,0,0,0,42.6,46.4,48.6,0.56,0.45,0.43
OLEA,2019-11-08 01:35:00 EST,42.09141,-78.40743,1500,26.7,26.5,21.3,95.2,25.5,0.004,0.037,0.00,0.037,4.1,8.5,1.6,286,15,4.5,9.5,1.8,290,13,4.5,9.5,1.8,290,13,0,28.52,0.8,0,0,0,42.5,46.4,48.6,0.56,0.44,0.42
OLEA,2019-11-08 01:40:00 EST,42.09141,-78.40743,1500,26.8,26.6,22.3,94.5,25.4,0.002,0.039,0.00,0.039,3.6,6.9,1.2,294,21,3.8,8.3,1.4,300,21,3.8,8.3,1.4,300,21,0,28.52,0.8,0,0,0,42.5,46.4,48.6,0.56,0.45,0.42
OLEA,2019-11-08 01:45:00 EST,42.09141,-78.40743,1500,26.7,26.6,22.6,94.5,25.3,0.000,0.039,0.00,0.039,3.4,5.2,0.8,294,16,3.5,6.3,1.0,300,15,3.5,6.3,1.0,300,15,0,28.52,0.7,0,0,0,42.4,46.4,48.6,0.56,0.45,0.43
OLEA,2019-11-08 01:50:00 EST,42.09141,-78.40743,1500,26.7,26.6,26.7,94.7,25.4,0.000,0.039,0.00,0.039,1.9,3.7,0.8,251,25,2.2,4.1,0.8,253,27,2.2,4.1,0.8,253,27,0,28.52,0.8,0,0,0,42.4,46.4,48.6,0.56,0.44,0.42
OLEA,2019-11-08 01:55:00 EST,42.09141,-78.40743,1500,26.8,26.6,26.8,94.8,25.5,0.000,0.039,0.00,0.039,1.8,3.5,0.8,252,27,2.1,4.9,0.9,259,26,2.1,4.9,0.9,259,26,0,28.52,0.7,0,0,0,42.4,46.4,48.6,0.56,0.45,0.42
OLEA,2019-11-08 02:00:00 EST,42.09141,-78.40743,1500,26.9,26.8,22.3,93.9,25.4,0.000,0.039,0.00,0.039,3.5,5.8,1.0,261,29,3.9,6.9,1.2,266,30,3.9,6.9,1.2,266,30,0,28.52,0.4,0,0,0,42.4,46.4,48.6,0.56,0.45,0.43
OLEA,2019-11-08 02:05:00 EST,42.09141,-78.40743,1500,26.8,26.7,22.8,93.3,25.2,0.000,0.039,0.00,0.039,3.0,5.7,1.0,270,22,3.4,6.8,1.2,277,21,3.4,6.8,1.2,277,21,0,28.52,0.7,0,0,0,42.4,46.4,48.6,0.56,0.45,0.43
OLEA,2019-11-08 02:10:00 EST,42.09141,-78.40743,1500,26.6,26.5,26.6,93.2,24.8,0.000,0.039,0.00,0.039,2.2,4.9,1.0,251,15,2.5,6.1,1.2,257,17,2.5,6.1,1.2,257,17,0,28.52,0.6,0,0,0,42.4,46.4,48.6,0.56,0.45,0.43
OLEA,2019-11-08 02:15:00 EST,42.09141,-78.40743,1500,26.3,26.2,26.3,93.8,24.7,0.000,0.039,0.00,0.039,1.2,3.1,0.7,253,16,1.5,4.0,0.8,256,21,1.5,4.0,0.8,256,21,0,28.52,0.7,0,0,0,42.4,46.4,48.6,0.56,0.45,0.42
OLEA,2019-11-08 02:20:00 EST,42.09141,-78.40743,1500,26.0,26.1,26.0,94.1,24.6,0.000,0.039,0.00,0.033,2.0,3.7,0.4,248,20,2.1,4.2,0.5,254,22,2.1,4.2,0.5,254,22,0,28.52,0.7,0,0,0,42.4,46.4,48.6,0.56,0.45,0.42
OLEA,2019-11-08 02:25:00 EST,42.09141,-78.40743,1500,25.9,25.9,25.9,94.4,24.5,0.000,0.039,0.00,0.019,2.3,3.9,0.8,264,23,2.5,5.2,0.9,269,24,2.5,5.2,0.9,269,24,0,28.52,0.8,0,0,0,42.4,46.4,48.6,0.56,0.45,0.43
OLEA,2019-11-08 02:30:00 EST,42.09141,-78.40743,1500,25.8,25.8,25.8,94.4,24.4,0.000,0.039,0.00,0.005,1.4,3.7,1.0,256,17,1.8,4.7,1.2,262,17,1.8,4.7,1.2,262,17,0,28.52,0.8,0,0,0,42.4,46.4,48.6,0.56,0.45,0.43
OLEA,2019-11-08 02:35:00 EST,42.09141,-78.40743,1500,25.6,25.6,25.6,94.6,24.2,0.000,0.039,0.00,0.002,0.7,2.0,0.7,313,28,1.0,2.8,0.9,315,33,1.0,2.8,0.9,315,33,0,28.52,,0,0,0,42.4,46.4,48.6,0.56,0.45,0.42
OLEA,2019-11-08 02:40:00 EST,42.09141,-78.40743,1500,25.3,25.4,25.3,94.8,24.0,0.000,0.039,0.00,0.000,0.9,2.0,0.5,320,24,1.2,2.7,0.6,324,24,1.2,2.7,0.6,324,24,0,28.52,,0,0,0,42.4,46.4,48.6,0.56,0.45,0.42
OLEA,2019-11-08 02:45:00 EST,42.09141,-78.40743,1500,25.3,25.4,25.3,95.2,24.1,0.000,0.039,0.00,0.000,1.6,3.4,0.5,304,10,1.5,3.7,0.5,312,11,1.5,3.7,0.5,312,11,0,28.52,0.7,0,0,0,42.4,46.4,48.6,0.56,0.45,0.43
OLEA,2019-11-08 02:50:00 EST,42.09141,-78.40743,1500,25.2,25.2,25.2,95.2,24.0,0.000,0.039,0.00,0.000,0.6,2.0,0.6,289,11,0.9,2.3,0.5,299,22,0.9,2.3,0.5,299,22,0,28.52,0.6,0,0,0,42.4,46.4,48.6,0.56,0.45,0.43
OLEA,2019-11-08 02:55:00 EST,42.09141,-78.40743,1500,25.2,25.3,25.2,95.4,24.1,0.000,0.039,0.00,0.000,1.6,2.8,0.6,345,25,2.1,4.3,1.0,352,22,2.1,4.3,1.0,352,22,0,28.52,,0,0,0,42.4,46.4,48.6,0.56,0.45,0.42
OLEA,2019-11-08 03:00:00 EST,42.09141,-78.40743,1500,25.5,25.6,21.9,95.5,24.4,0.000,0.039,0.00,0.000,2.5,4.1,0.6,335,27,3.0,4.9,0.7,344,25,3.0,4.9,0.7,344,25,0,28.52,0.6,0,0,0,42.4,46.4,48.6,0.56,0.45,0.42
OLEA,2019-11-08 03:05:00 EST,42.09141,-78.40743,1500,25.7,25.8,25.7,94.9,24.4,0.000,0.039,0.00,0.000,2.3,4.4,0.8,312,18,2.3,4.4,0.8,321,21,2.3,4.4,0.8,321,21,0,28.52,0.2,0,0,0,42.4,46.4,48.6,0.56,0.45,0.42
OLEA,2019-11-08 03:10:00 EST,42.09141,-78.40743,1500,25.5,25.7,25.5,94.2,24.0,0.000,0.039,0.00,0.000,1.3,2.3,0.4,311,14,1.3,2.0,0.3,312,15,1.3,2.0,0.3,312,15,0,28.52,0.2,0,0,0,42.4,46.4,48.6,0.56,0.45,0.43
OLEA,2019-11-08 03:15:00 EST,42.09141,-78.40743,1500,24.9,25.4,24.9,94.2,23.5,0.000,0.039,0.00,0.000,1.2,2.0,0.4,267,11,1.6,2.4,0.4,273,13,1.6,2.4,0.4,273,13,0,28.53,0.2,0,0,0,42.4,46.4,48.6,0.56,0.45,0.42
OLEA,2019-11-08 03:20:00 EST,42.09141,-78.40743,1500,24.8,25.1,24.8,94.6,23.5,0.000,0.039,0.00,0.000,1.1,1.9,0.4,251,7,1.4,2.7,0.4,253,11,1.4,2.7,0.4,253,11,0,28.53,0.1,0,0,0,42.4,46.4,48.6,0.56,0.45,0.42
OLEA,2019-11-08 03:25:00 EST,42.09141,-78.40743,1500,25.0,25.2,25.0,95.3,23.9,0.000,0.039,0.00,0.000,1.3,2.2,0.4,258,12,1.6,2.6,0.4,264,14,1.6,2.6,0.4,264,14,0,28.53,0.4,0,0,0,42.4,46.4,48.6,0.56,0.45,0.42
OLEA,2019-11-08 03:30:00 EST,42.09141,-78.40743,1500,25.3,25.3,25.3,95.9,24.3,0.000,0.039,0.00,0.000,0.9,1.6,0.3,259,12,1.3,2.1,0.3,267,16,1.3,2.1,0.3,267,16,0,28.53,0.3,0,0,0,42.4,46.4,48.6,0.56,0.45,0.43
OLEA,2019-11-08 03:35:00 EST,42.09141,-78.40743,1500,25.6,25.4,25.6,96.0,24.6,0.000,0.039,0.00,0.000,0.6,2.1,0.7,269,9,1.0,2.7,0.7,275,12,1.0,2.7,0.7,275,12,0,28.53,-0.1,0,0,0,42.3,46.4,48.6,0.56,0.45,0.43
OLEA,2019-11-08 03:40:00 EST,42.09141,-78.40743,1500,25.6,25.5,25.6,96.1,24.6,0.000,0.039,0.00,0.000,1.0,1.7,0.5,295,11,1.2,2.2,0.4,299,11,1.2,2.2,0.4,299,11,0,28.53,-0.4,0,0,0,42.3,46.4,48.6,0.56,0.45,0.42
OLEA,2019-11-08 03:45:00 EST,42.09141,-78.40743,1500,25.8,25.8,25.8,95.8,24.7,0.000,0.039,0.00,0.000,0.7,1.5,0.5,297,9,0.8,1.6,0.5,308,15,0.8,1.6,0.5,308,15,0,28.53,-0.4,0,0,0,42.3,46.4,48.6,0.56,0.45,0.43
OLEA,2019-11-08 03:50:00 EST,42.09141,-78.40743,1500,26.0,25.9,26.0,95.2,24.8,0.000,0.039,0.00,0.000,0.3,2.1,0.5,296,20,0.7,2.7,0.7,320,30,0.7,2.7,0.7,320,30,0,28.53,-0.5,0,0,0,42.3,46.4,48.5,0.56,0.45,0.43
OLEA,2019-11-08 03:55:00 EST,42.09141,-78.40743,1500,26.0,25.9,26.0,94.7,24.7,0.000,0.039,0.00,0.000,1.2,2.8,1.0,312,11,1.3,2.8,0.8,321,14,1.3,2.8,0.8,321,14,0,28.53,-0.4,0,0,0,42.3,46.4,48.5,0.56,0.45,0.43
OLEA,2019-11-08 04:00:00 EST,42.09141,-78.40743,1500,26.0,25.9,26.0,93.7,24.4,0.000,0.039,0.00,0.000,0.8,1.4,0.4,345,13,1.0,2.1,0.6,350,15,1.0,2.1,0.6,350,15,0,28.53,-0.4,0,0,0,42.3,46.4,48.5,0.56,0.45,0.42
OLEA,2019-11-08 04:05:00 EST,42.09141,-78.40743,1500,26.1,26.1,26.1,93.6,24.5,0.000,0.039,0.00,0.000,1.8,3.4,0.6,8,23,2.3,3.9,0.8,13,21,2.3,3.9,0.8,13,21,0,28.53,-0.4,0,0,0,42.3,46.3,48.5,0.56,0.45,0.43
OLEA,2019-11-08 04:10:00 EST,42.09141,-78.40743,1500,26.1,26.1,26.1,91.4,23.9,0.000,0.039,0.00,0.000,2.0,4.2,1.0,348,32,2.5,6.0,1.3,354,32,2.5,6.0,1.3,354,32,0,28.53,-0.4,0,0,0,42.3,46.3,48.5,0.56,0.45,0.43
OLEA,2019-11-08 04:15:00 EST,42.09141,-78.40743,1500,25.8,25.9,22.3,91.2,23.6,0.000,0.039,0.00,0.000,2.8,6.1,1.3,327,17,3.0,6.8,1.3,336,18,3.0,6.8,1.3,336,18,0,28.53,-0.3,0,0,0,42.3,46.3,48.5,0.56,0.45,0.42
OLEA,2019-11-08 04:20:00 EST,42.09141,-78.40743,1500,25.7,25.9,21.7,88.5,22.8,0.000,0.039,0.00,0.000,2.9,5.1,0.8,322,30,3.3,6.1,1.2,332,29,3.3,6.1,1.2,332,29,0,28.54,-0.4,0,0,0,42.3,46.2,48.4,0.56,0.44,0.42
OLEA,2019-11-08 04:25:00 EST,42.09141,-78.40743,1500,25.7,25.8,19.3,87.3,22.5,0.000,0.039,0.00,0.000,5.0,8.8,1.7,330,18,5.3,10.2,1.8,340,19,5.3,10.2,1.8,340,19,0,28.54,-0.4,0,0,0,42.3,46.1,48.4,0.56,0.45,0.42
OLEA,2019-11-08 04:30:00 EST,42.09141,-78.40743,1500,25.6,25.7,21.2,86.4,22.1,0.000,0.039,0.00,0.000,3.3,8.2,1.6,308,33,3.5,9.5,1.7,317,35,3.5,9.5,1.7,317,35,0,28.54,-0.4,0,0,0,42.3,46.0,48.4,0.56,0.45,0.42
OLEA,2019-11-08 04:35:00 EST,42.09141,-78.40743,1500,25.5,25.6,21.7,85.7,21.8,0.000,0.039,0.00,0.000,2.6,6.6,1.7,319,31,3.2,7.4,1.5,330,32,3.2,7.4,1.5,330,32,0,28.54,-0.2,0,0,0,42.3,46.1,48.4,0.56,0.45,0.43
OLEA,2019-11-08 04:40:00 EST,42.09141,-78.40743,1500,25.2,25.4,21.2,85.1,21.4,0.000,0.039,0.00,0.000,2.9,5.6,1.1,304,33,3.3,6.9,1.4,312,34,3.3,6.9,1.4,312,34,0,28.54,-0.2,0,0,0,42.3,46.0,48.4,0.56,0.45,0.42
OLEA,2019-11-08 04:45:00 EST,42.09141,-78.40743,1500,24.9,25.2,24.9,85.8,21.2,0.000,0.039,0.00,0.000,2.3,5.3,1.5,297,21,2.6,5.5,1.3,302,25,2.6,5.5,1.3,302,25,0,28.54,-0.2,0,0,0,42.3,46.0,48.4,0.56,0.45,0.42
OLEA,2019-11-08 04:50:00 EST,42.09141,-78.40743,1500,24.7,25.1,20.5,85.8,21.0,0.000,0.039,0.00,0.000,3.2,5.6,1.1,297,29,3.4,7.6,1.4,301,30,3.4,7.6,1.4,301,30,0,28.54,-0.4,0,0,0,42.3,46.0,48.4,0.56,0.45,0.43
OLEA,2019-11-08 04:55:00 EST,42.09141,-78.40743,1500,24.6,25.0,24.6,85.9,21.0,0.000,0.039,0.00,0.000,2.6,4.7,0.8,289,17,2.7,5.0,0.9,295,18,2.7,5.0,0.9,295,18,0,28.55,-0.2,0,0,0,42.3,46.0,48.4,0.56,0.45,0.43
OLEA,2019-11-08 05:00:00 EST,42.09141,-78.40743,1500,24.6,25.0,20.9,85.8,21.0,0.000,0.039,0.00,0.000,2.9,5.0,0.8,288,31,3.1,5.1,0.8,292,33,3.1,5.1,0.8,292,33,0,28.55,,0,0,0,42.3,46.0,48.4,0.56,0.45,0.43
OLEA,2019-11-08 05:05:00 EST,42.09141,-78.40743,1500,24.3,24.7,24.3,85.1,20.4,0.000,0.039,0.00,0.000,1.4,3.7,0.9,277,22,1.9,4.9,0.9,282,26,1.9,4.9,0.9,282,26,0,28.55,0.0,0,0,0,42.3,46.0,48.4,0.56,0.45,0.43
OLEA,2019-11-08 05:10:00 EST,42.09141,-78.40743,1500,24.3,24.7,24.3,85.6,20.6,0.000,0.039,0.00,0.000,1.6,4.5,1.0,321,43,1.8,4.5,1.1,327,42,1.8,4.5,1.1,327,42,0,28.55,0.3,0,0,0,42.3,46.0,48.4,0.56,0.45,0.42
OLEA,2019-11-08 05:15:00 EST,42.09141,-78.40743,1500,23.8,24.4,23.8,85.8,20.2,0.000,0.039,0.00,0.000,1.2,2.9,0.7,257,33,1.7,3.5,0.7,258,32,1.7,3.5,0.7,258,32,0,28.55,,0,0,0,42.3,46.0,48.4,0.56,0.45,0.42
OLEA,2019-11-08 05:20:00 EST,42.09141,-78.40743,1500,23.8,24.4,23.8,86.6,20.4,0.000,0.039,0.00,0.000,2.5,5.9,1.1,294,39,2.9,7.7,1.4,300,40,2.9,7.7,1.4,300,40,0,28.56,0.0,0,0,0,42.3,46.0,48.4,0.56,0.45,0.43
OLEA,2019-11-08 05:25:00 EST,42.09141,-78.40743,1500,24.0,24.5,24.0,85.9,20.4,0.000,0.039,0.00,0.000,2.5,5.3,1.1,283,17,2.6,6.1,1.2,289,20,2.6,6.1,1.2,289,20,0,28.56,-0.4,0,0,0,42.3,46.0,48.4,0.56,0.45,0.42
OLEA,2019-11-08 05:30:00 EST,42.09141,-78.40743,1500,24.1,24.4,18.9,85.9,20.5,0.000,0.039,0.00,0.000,3.5,6.0,1.2,263,17,4.0,7.5,1.5,269,15,4.0,7.5,1.5,269,15,0,28.56,-0.4,0,0,0,42.3,46.0,48.4,0.56,0.45,0.43
OLEA,2019-11-08 05:35:00 EST,42.09141,-78.40743,1500,24.1,24.3,20.3,85.7,20.4,0.000,0.039,0.00,0.000,2.6,5.5,1.3,277,23,3.0,6.0,1.4,280,24,3.0,6.0,1.4,280,24,0,28.56,-0.3,0,0,0,42.3,46.0,48.4,0.56,0.45,0.42
OLEA,2019-11-08 05:40:00 EST,42.09141,-78.40743,1500,23.8,24.3,23.8,85.8,20.2,0.000,0.039,0.00,0.000,2.8,5.6,1.3,310,18,2.9,6.5,1.4,316,19,2.9,6.5,1.4,316,19,0,28.56,-0.3,0,0,0,42.3,46.0,48.4,0.56,0.45,0.42
OLEA,2019-11-08 05:45:00 EST,42.09141,-78.40743,1500,23.3,24.2,23.3,86.6,19.9,0.000,0.039,0.00,0.000,1.1,3.1,0.9,16,13,1.7,3.9,0.9,12,21,1.7,3.9,0.9,12,21,0,28.56,-0.1,0,0,0,42.2,46.0,48.4,0.56,0.45,0.43
OLEA,2019-11-08 05:50:00 EST,42.09141,-78.40743,1500,23.7,24.3,19.0,86.8,20.4,0.000,0.039,0.00,0.000,2.9,4.5,0.8,359,21,3.6,6.0,1.1,4,17,3.6,6.0,1.1,4,17,0,28.57,-0.2,0,0,0,42.3,46.0,48.4,0.56,0.45,0.42
OLEA,2019-11-08 05:55:00 EST,42.09141,-78.40743,1500,23.2,24.0,23.2,86.8,19.8,0.000,0.039,0.00,0.000,1.1,2.9,0.8,331,37,1.6,3.7,1.0,333,38,1.6,3.7,1.0,333,38,0,28.57,-0.2,0,0,0,42.2,46.0,48.4,0.56,0.45,0.43
OLEA,2019-11-08 06:00:00 EST,42.09141,-78.40743,1500,23.2,24.0,23.2,87.4,20.0,0.000,0.039,0.00,0.000,1.9,6.1,1.9,284,19,2.3,6.7,2.0,290,21,2.3,6.7,2.0,290,21,0,28.57,0.1,0,0,0,42.2,46.0,48.4,0.56,0.45,0.43
OLEA,2019-11-08 06:05:00 EST,42.09141,-78.40743,1500,23.5,24.1,23.5,86.5,20.1,0.000,0.039,0.00,0.000,2.5,6.2,1.1,292,28,2.6,7.0,1.2,294,28,2.6,7.0,1.2,294,28,0,28.57,-0.1,0,0,0,42.1,46.0,48.4,0.56,0.45,0.43
OLEA,2019-11-08 06:10:00 EST,42.09141,-78.40743,1500,23.3,23.9,23.3,86.1,19.8,0.000,0.039,0.00,0.000,2.2,4.8,0.8,262,29,2.5,5.5,0.9,267,28,2.5,5.5,0.9,267,28,0,28.57,-0.1,0,0,0,42.1,46.0,48.4,0.56,0.45,0.42
OLEA,2019-11-08 06:15:00 EST,42.09141,-78.40743,1500,23.4,23.8,23.4,85.7,19.7,0.000,0.039,0.00,0.000,1.8,4.8,1.5,336,36,2.4,6.4,1.7,343,42,2.4,6.4,1.7,343,42,0,28.57,-0.1,0,0,0,42.1,46.0,48.4,0.56,0.45,0.42
OLEA,2019-11-08 06:20:00 EST,42.09141,-78.40743,1500,23.2,23.6,23.2,85.9,19.7,0.000,0.039,0.00,0.000,2.1,4.5,1.1,267,31,2.5,5.7,1.2,272,31,2.5,5.7,1.2,272,31,0,28.57,-0.1,0,0,0,42.1,46.0,48.4,0.56,0.45,0.42
OLEA,2019-11-08 06:25:00 EST,42.09141,-78.40743,1500,23.0,23.5,23.0,86.0,19.4,0.000,0.039,0.00,0.000,2.2,4.2,0.8,241,19,2.5,5.3,0.9,245,20,2.5,5.3,0.9,245,20,0,28.58,-0.2,0,0,0,42.1,46.0,48.4,0.56,0.45,0.42
OLEA,2019-11-08 06:30:00 EST,42.09141,-78.40743,1500,23.0,23.5,23.0,86.6,19.6,0.000,0.039,0.00,0.000,2.7,5.9,1.4,266,45,3.0,7.7,1.6,267,42,3.0,7.7,1.6,267,42,0,28.58,-0.2,0,0,0,42.1,46.0,48.4,0.56,0.45,0.42
OLEA,2019-11-08 06:35:00 EST,42.09141,-78.40743,1500,23.2,23.6,19.0,86.2,19.7,0.000,0.039,0.00,0.000,3.1,5.9,1.4,291,22,3.2,6.3,1.2,298,23,3.2,6.3,1.2,298,23,0,28.58,0.1,0,0,0,42.1,46.0,48.4,0.56,0.45,0.42
OLEA,2019-11-08 06:40:00 EST,42.09141,-78.40743,1500,23.5,23.8,18.8,85.0,19.6,0.000,0.039,0.00,0.000,3.4,5.0,0.8,293,19,3.6,5.8,0.9,298,19,3.6,5.8,0.9,298,19,0,28.58,0.0,0,0,0,42.1,46.0,48.4,0.56,0.45,0.43
OLEA,2019-11-08 06:45:00 EST,42.09141,-78.40743,1500,23.4,23.8,23.4,84.3,19.4,0.000,0.039,0.00,0.000,2.2,5.8,1.5,308,31,2.5,7.9,1.6,314,35,2.5,7.9,1.6,314,35,1,28.58,-0.2,0,0,0,42.1,46.0,48.4,0.56,0.45,0.43
OLEA,2019-11-08 06:50:00 EST,42.09141,-78.40743,1500,23.1,23.5,23.1,83.9,18.9,0.000,0.039,0.00,0.000,1.1,3.1,0.8,304,45,1.6,4.2,0.9,311,45,1.6,4.2,0.9,311,45,2,28.59,-0.2,0,0,0,42.1,46.0,48.4,0.56,0.45,0.43
OLEA,2019-11-08 06:55:00 EST,42.09141,-78.40743,1500,23.2,23.7,23.2,84.1,19.1,0.000,0.039,0.00,0.000,2.0,5.0,0.8,301,28,2.2,5.8,0.9,304,28,2.2,5.8,0.9,304,28,3,28.59,-0.3,0,0,0,42.1,46.0,48.4,0.56,0.45,0.42
OLEA,2019-11-08 07:00:00 EST,42.09141,-78.40743,1500,22.9,23.6,22.9,84.2,18.9,0.000,0.039,0.00,0.000,2.3,3.8,0.7,257,18,2.7,4.4,0.8,262,19,2.7,4.4,0.8,262,19,4,28.59,0.2,0,0,0,42.1,46.0,48.4,0.56,0.45,0.43
OLEA,2019-11-08 07:05:00 EST,42.09141,-78.40743,1500,23.1,23.5,23.1,83.6,18.9,0.000,0.039,0.00,0.000,2.7,4.6,0.7,266,19,2.9,6.0,1.0,273,20,2.9,6.0,1.0,273,20,7,28.60,-0.3,0,0,0,42.1,46.0,48.4,0.56,0.45,0.42
OLEA,2019-11-08 07:10:00 EST,42.09141,-78.40743,1500,23.0,23.2,23.0,83.8,18.8,0.000,0.039,0.00,0.000,2.0,4.7,1.1,266,20,2.4,6.1,1.3,271,20,2.4,6.1,1.3,271,20,9,28.60,-0.4,0,0,0,42.1,46.0,48.4,0.56,0.45,0.42
OLEA,2019-11-08 07:15:00 EST,42.09141,-78.40743,1500,22.8,23.3,22.8,84.3,18.8,0.000,0.039,0.00,0.000,2.3,4.2,0.9,269,15,2.7,5.5,1.1,276,17,2.7,5.5,1.1,276,17,12,28.60,-0.2,0,0,0,42.1,46.0,48.4,0.56,0.45,0.42
OLEA,2019-11-08 07:20:00 EST,42.09141,-78.40743,1500,22.7,23.3,18.2,84.8,18.8,0.000,0.039,0.00,0.000,3.0,7.1,1.5,260,21,3.4,8.0,1.8,265,21,3.4,8.0,1.8,265,21,15,28.61,-0.3,0,0,0,42.1,45.9,48.4,0.56,0.45,0.43
OLEA,2019-11-08 07:25:00 EST,42.09141,-78.40743,1500,22.9,23.2,18.9,84.8,19.0,0.000,0.039,0.00,0.000,2.9,4.6,0.7,280,18,3.1,5.3,0.9,285,17,3.1,5.3,0.9,285,17,19,28.61,-0.4,0,0,0,42.1,45.9,48.4,0.56,0.45,0.42
OLEA,2019-11-08 07:30:00 EST,42.09141,-78.40743,1500,23.0,23.3,23.0,84.5,19.0,0.000,0.039,0.00,0.000,2.7,4.2,0.7,284,20,2.9,5.3,0.9,288,19,2.9,5.3,0.9,288,19,20,28.61,-0.3,0,0,0,42.1,45.9,48.4,0.56,0.45,0.43
OLEA,2019-11-08 07:35:00 EST,42.09141,-78.40743,1500,23.0,23.2,23.0,84.9,19.1,0.000,0.039,0.00,0.000,2.4,4.9,0.9,298,15,2.3,5.5,1.0,305,17,2.3,5.5,1.0,305,17,15,28.61,-0.3,0,0,0,42.1,45.9,48.4,0.56,0.45,0.43
OLEA,2019-11-08 07:40:00 EST,42.09141,-78.40743,1500,23.3,23.4,19.4,84.2,19.2,0.000,0.039,0.00,0.000,2.8,7.5,1.7,337,25,3.1,9.4,1.9,348,26,3.1,9.4,1.9,348,26,22,28.61,-0.3,0,0,0,42.1,45.9,48.4,0.56,0.45,0.43
OLEA,2019-11-08 07:45:00 EST,42.09141,-78.40743,1500,23.4,23.5,23.4,82.6,18.9,0.000,0.039,0.00,0.000,1.4,2.8,0.7,263,50,1.8,4.2,0.8,270,57,1.8,4.2,0.8,270,57,80,28.62,-0.2,0,0,0,42.1,45.9,48.4,0.56,0.45,0.42
OLEA,2019-11-08 07:50:00 EST,42.09141,-78.40743,1500,23.8,23.8,23.8,82.0,19.2,0.000,0.039,0.00,0.000,2.0,3.9,0.9,280,25,2.4,5.1,1.0,288,30,2.4,5.1,1.0,288,30,105,28.62,-0.2,0,0,0,42.1,45.9,48.4,0.56,0.45,0.43
OLEA,2019-11-08 07:55:00 EST,42.09141,-78.40743,1500,24.3,24.2,24.3,80.2,19.1,0.000,0.039,0.00,0.000,1.9,3.6,0.9,303,23,2.1,4.6,0.9,312,26,2.1,4.6,0.9,312,26,106,28.62,-0.3,0,0,0,41.9,45.9,48.4,0.56,0.45,0.43
OLEA,2019-11-08 08:00:00 EST,42.09141,-78.40743,1500,24.6,24.5,20.8,78.1,18.7,0.000,0.039,0.00,0.000,2.6,9.2,2.1,272,35,3.1,9.9,2.2,281,40,3.1,9.9,2.2,281,40,99,28.62,-0.3,0,0,0,42.0,45.9,48.4,0.56,0.45,0.43
OLEA,2019-11-08 08:05:00 EST,42.09141,-78.40743,1500,24.4,24.4,18.2,77.4,18.4,0.000,0.039,0.00,0.000,4.7,7.1,1.1,286,20,5.0,8.6,1.4,292,20,5.0,8.6,1.4,292,20,63,28.62,-0.3,0,0,0,41.9,45.9,48.4,0.56,0.45,0.43
OLEA,2019-11-08 08:10:00 EST,42.09141,-78.40743,1500,24.3,24.3,24.3,78.3,18.5,0.000,0.039,0.00,0.000,2.3,6.1,1.6,288,35,2.6,6.2,1.5,292,37,2.6,6.2,1.5,292,37,57,28.62,-0.1,0,0,0,41.9,45.9,48.4,0.56,0.45,0.43
OLEA,2019-11-08 08:15:00 EST,42.09141,-78.40743,1500,24.5,24.5,19.8,77.8,18.5,0.000,0.039,0.00,0.000,3.2,9.6,2.6,320,24,3.7,12.1,3.0,326,27,3.7,12.1,3.0,326,27,110,28.62,0.0,0,0,0,41.9,45.9,48.4,0.56,0.45,0.43
OLEA,2019-11-08 08:20:00 EST,42.09141,-78.40743,1500,24.9,24.8,20.1,75.5,18.3,0.000,0.039,0.00,0.000,3.5,6.4,1.2,296,22,3.9,6.9,1.3,304,21,3.9,6.9,1.3,304,21,137,28.63,-0.2,0,0,0,41.9,45.9,48.4,0.56,0.45,0.43
OLEA,2019-11-08 08:25:00 EST,42.09141,-78.40743,1500,25.0,24.9,19.1,75.3,18.3,0.000,0.039,0.00,0.000,4.6,9.2,2.1,308,29,4.7,9.1,1.8,315,30,4.7,9.1,1.8,315,30,114,28.63,-0.2,0,0,0,41.9,45.9,48.4,0.56,0.45,0.43
OLEA,2019-11-08 08:30:00 EST,42.09141,-78.40743,1500,25.1,24.9,25.1,75.5,18.4,0.000,0.039,0.00,0.000,2.3,5.7,0.9,318,30,2.7,9.6,1.4,324,30,2.7,9.6,1.4,324,30,84,28.63,-0.2,0,0,0,41.9,45.9,48.4,0.56,0.45,0.43
OLEA,2019-11-08 08:35:00 EST,42.09141,-78.40743,1500,25.0,24.8,21.1,77.0,18.8,0.000,0.039,0.00,0.000,2.9,7.4,1.6,310,27,3.2,9.5,1.6,318,26,3.2,9.5,1.6,318,26,95,28.63,-0.2,0,0,0,41.9,45.9,48.4,0.56,0.45,0.43
OLEA,2019-11-08 08:40:00 EST,42.09141,-78.40743,1500,25.3,25.1,21.4,76.0,18.8,0.000,0.039,0.00,0.000,3.1,7.7,1.8,303,21,3.2,6.5,1.5,311,22,3.2,6.5,1.5,311,22,100,28.63,-0.3,0,0,0,41.9,45.9,48.4,0.56,0.45,0.42
OLEA,2019-11-08 08:45:00 EST,42.09141,-78.40743,1500,25.3,25.1,19.3,76.9,19.1,0.000,0.039,0.00,0.000,4.4,10.2,2.0,298,26,4.9,12.2,2.3,300,25,4.9,12.2,2.3,300,25,97,28.63,-0.1,0,0,0,41.9,45.9,48.4,0.56,0.45,0.42
OLEA,2019-11-08 08:50:00 EST,42.09141,-78.40743,1500,25.3,25.1,16.5,74.7,18.4,0.000,0.039,0.00,0.000,7.4,14.5,3.1,340,19,8.3,19.1,4.0,349,17,8.3,19.1,4.0,349,17,120,28.63,-0.1,0,0,0,41.9,45.9,48.4,0.56,0.45,0.42
OLEA,2019-11-08 08:55:00 EST,42.09141,-78.40743,1500,25.3,25.1,16.9,74.6,18.4,0.000,0.039,0.00,0.000,7.1,11.7,1.7,338,22,7.7,14.5,2.3,345,21,7.7,14.5,2.3,345,21,101,28.64,-0.1,0,0,0,41.9,45.9,48.4,0.56,0.45,0.43
OLEA,2019-11-08 09:00:00 EST,42.09141,-78.40743,1500,25.4,25.1,17.4,74.5,18.4,0.000,0.039,0.00,0.000,6.8,14.0,3.0,315,23,7.1,15.5,2.8,325,25,7.1,15.5,2.8,325,25,135,28.64,-0.1,0,0,0,41.9,45.9,48.4,0.56,0.45,0.43
OLEA,2019-11-08 09:05:00 EST,42.09141,-78.40743,1500,25.6,25.3,17.3,73.6,18.3,0.000,0.039,0.00,0.000,6.6,10.6,1.9,329,26,7.6,13.6,2.3,342,23,7.6,13.6,2.3,342,23,150,28.64,-0.1,0,0,0,41.9,45.9,48.4,0.56,0.45,0.42
OLEA,2019-11-08 09:10:00 EST,42.09141,-78.40743,1500,25.8,25.5,18.4,72.8,18.3,0.000,0.039,0.00,0.000,5.9,9.0,1.2,323,25,6.6,10.7,1.6,328,25,6.6,10.7,1.6,328,25,178,28.64,-0.1,0,0,0,41.9,45.9,48.4,0.56,0.45,0.43
OLEA,2019-11-08 09:15:00 EST,42.09141,-78.40743,1500,26.0,25.7,18.1,72.6,18.4,0.000,0.039,0.00,0.000,6.5,12.0,2.2,337,22,7.2,15.1,2.6,345,18,7.2,15.1,2.6,345,18,174,28.64,-0.0,0,0,0,41.9,45.9,48.4,0.56,0.45,0.42
OLEA,2019-11-08 09:20:00 EST,42.09141,-78.40743,1500,25.9,25.6,18.0,73.0,18.4,0.000,0.039,0.00,0.000,6.6,13.5,3.0,332,22,7.2,13.8,3.0,339,21,7.2,13.8,3.0,339,21,144,28.64,-0.1,0,0,0,41.9,45.9,48.4,0.56,0.45,0.43
OLEA,2019-11-08 09:25:00 EST,42.09141,-78.40743,1500,25.8,25.6,18.3,73.2,18.4,0.000,0.039,0.00,0.000,5.9,11.7,2.1,332,27,6.7,14.2,2.4,338,25,6.7,14.2,2.4,338,25,114,28.64,0.0,0,0,0,41.8,45.9,48.4,0.56,0.45,0.42
OLEA,2019-11-08 09:30:00 EST,42.09141,-78.40743,1500,25.8,25.5,16.9,71.7,17.9,0.000,0.039,0.00,0.000,8.0,14.7,2.8,296,24,8.5,17.7,2.8,300,22,8.5,17.7,2.8,300,22,117,28.64,-0.0,0,0,0,41.8,45.9,48.4,0.56,0.45,0.43
OLEA,2019-11-08 09:35:00 EST,42.09141,-78.40743,1500,25.8,25.5,19.8,73.3,18.4,0.000,0.039,0.00,0.000,4.7,8.3,1.5,298,23,5.0,8.5,1.4,303,21,5.0,8.5,1.4,303,21,137,28.64,0.1,0,0,0,41.7,45.9,48.4,0.56,0.45,0.42
OLEA,2019-11-08 09:40:00 EST,42.09141,-78.40743,1500,26.2,25.8,17.9,72.4,18.5,0.000,0.039,0.00,0.000,6.6,11.1,1.9,332,35,7.8,14.3,2.4,340,34,7.8,14.3,2.4,340,34,152,28.64,0.1,0,0,0,41.7,45.9,48.4,0.56,0.45,0.42
OLEA,2019-11-08 09:45:00 EST,42.09141,-78.40743,1500,26.3,25.9,18.2,72.4,18.6,0.000,0.039,0.00,0.000,7.4,14.5,3.0,312,19,7.5,14.3,2.8,317,19,7.5,14.3,2.8,317,19,136,28.64,0.3,0,0,0,41.7,45.9,48.4,0.56,0.45,0.42
OLEA,2019-11-08 09:50:00 EST,42.09141,-78.40743,1500,26.4,26.0,19.9,72.2,18.7,0.000,0.039,0.00,0.000,5.2,8.8,1.7,318,24,5.6,10.1,1.8,323,24,5.6,10.1,1.8,323,24,128,28.64,0.2,0,0,0,41.7,45.9,48.4,0.56,0.45,0.43
OLEA,2019-11-08 09:55:00 EST,42.09141,-78.40743,1500,26.4,26.1,19.9,71.4,18.4,0.000,0.039,0.00,0.000,5.3,10.9,2.1,316,28,5.6,14.2,2.4,322,26,5.6,14.2,2.4,322,26,128,28.64,0.2,0,0,0,41.7,45.9,48.4,0.56,0.45,0.43
OLEA,2019-11-08 10:00:00 EST,42.09141,-78.40743,1500,26.3,26.0,19.5,70.2,17.9,0.000,0.039,0.00,0.000,5.7,12.4,2.3,317,20,5.9,12.3,2.2,323,19,5.9,12.3,2.2,323,19,102,28.64,0.3,0,0,0,41.7,45.9,48.4,0.56,0.45,0.43
OLEA,2019-11-08 10:05:00 EST,42.09141,-78.40743,1500,26.6,26.3,20.1,71.0,18.5,0.000,0.039,0.00,0.000,5.0,14.2,3.3,293,21,5.6,16.0,3.6,298,19,5.6,16.0,3.6,298,19,178,28.64,0.4,0,0,0,41.7,45.8,48.4,0.56,0.45,0.42
OLEA,2019-11-08 10:10:00 EST,42.09141,-78.40743,1500,27.0,26.6,18.4,70.1,18.6,0.000,0.039,0.00,0.000,8.0,14.5,3.0,300,19,8.6,16.5,3.1,303,18,8.6,16.5,3.1,303,18,176,28.64,0.4,0,0,0,41.7,45.8,48.4,0.56,0.45,0.43
OLEA,2019-11-08 10:15:00 EST,42.09141,-78.40743,1500,26.9,26.5,19.3,70.8,18.7,0.000,0.039,0.00,0.000,6.8,11.5,2.2,300,23,7.2,12.3,2.4,304,22,7.2,12.3,2.4,304,22,156,28.64,0.4,0,0,0,41.7,45.8,48.4,0.56,0.45,0.43
OLEA,2019-11-08 10:20:00 EST,42.09141,-78.40743,1500,27.1,26.7,21.3,71.1,19.0,0.000,0.039,0.00,0.000,4.3,9.8,1.9,321,31,5.1,11.8,2.1,325,27,5.1,11.8,2.1,325,27,117,28.65,0.4,0,0,0,41.7,45.8,48.4,0.56,0.45,0.43
OLEA,2019-11-08 10:25:00 EST,42.09141,-78.40743,1500,27.2,26.7,20.4,71.5,19.2,0.000,0.039,0.00,0.000,5.1,9.1,2.0,352,23,6.1,11.5,2.6,358,15,6.1,11.5,2.6,358,15,145,28.65,0.3,0,0,0,41.7,45.8,48.4,0.56,0.45,0.43
OLEA,2019-11-08 10:30:00 EST,42.09141,-78.40743,1500,27.0,26.5,19.7,72.2,19.3,0.000,0.039,0.00,0.000,6.1,10.9,2.0,343,20,6.7,13.6,2.3,349,20,6.7,13.6,2.3,349,20,191,28.65,0.4,0,0,0,41.7,45.7,48.4,0.56,0.45,0.42
OLEA,2019-11-08 10:35:00 EST,42.09141,-78.40743,1500,27.1,26.6,20.8,71.2,19.0,0.000,0.039,0.00,0.000,4.8,9.4,2.1,331,26,5.6,11.6,2.5,337,23,5.6,11.6,2.5,337,23,154,28.65,0.4,0,0,0,41.7,45.7,48.3,0.56,0.45,0.42
OLEA,2019-11-08 10:40:00 EST,42.09141,-78.40743,1500,26.8,26.3,19.5,72.1,19.0,0.000,0.039,0.00,0.000,6.4,13.2,2.3,318,17,6.7,13.9,2.4,325,17,6.7,13.9,2.4,325,17,156,28.65,0.4,0,0,0,41.7,45.7,48.4,0.56,0.45,0.43
OLEA,2019-11-08 10:45:00 EST,42.09141,-78.40743,1500,26.8,26.4,19.8,71.2,18.8,0.000,0.039,0.00,0.000,6.2,9.9,2.2,305,16,6.4,11.8,2.0,309,15,6.4,11.8,2.0,309,15,195,28.65,0.6,0,0,0,41.7,45.7,48.4,0.56,0.45,0.43
OLEA,2019-11-08 10:50:00 EST,42.09141,-78.40743,1500,27.1,26.5,20.3,72.3,19.4,0.000,0.039,0.00,0.000,5.6,9.7,1.8,336,35,6.1,10.8,2.1,343,32,6.1,10.8,2.1,343,32,184,28.65,0.5,0,0,0,41.7,45.7,48.3,0.56,0.45,0.42
OLEA,2019-11-08 10:55:00 EST,42.09141,-78.40743,1500,26.7,26.1,19.7,71.3,18.6,0.000,0.039,0.00,0.000,5.7,9.9,2.1,336,24,6.2,12.4,2.5,342,23,6.2,12.4,2.5,342,23,132,28.65,0.4,0,0,0,41.7,45.7,48.3,0.56,0.45,0.43
OLEA,2019-11-08 11:00:00 EST,42.09141,-78.40743,1500,26.4,26.1,19.3,69.4,17.8,0.000,0.039,0.00,0.000,5.8,11.0,2.2,326,25,6.4,10.6,2.3,334,26,6.4,10.6,2.3,334,26,160,28.65,0.4,0,0,0,41.7,45.7,48.3,0.56,0.45,0.42
OLEA,2019-11-08 11:05:00 EST,42.09141,-78.40743,1500,26.9,26.3,19.3,68.8,18.0,0.000,0.039,0.00,0.000,6.1,9.1,1.8,331,21,7.0,11.3,2.0,336,19,7.0,11.3,2.0,336,19,191,28.65,0.6,0,0,0,41.7,45.7,48.2,0.56,0.45,0.42
OLEA,2019-11-08 11:10:00 EST,42.09141,-78.40743,1500,27.0,26.6,21.1,68.3,18.0,0.000,0.039,0.00,0.000,4.6,8.9,2.1,342,21,5.2,10.4,2.5,350,20,5.2,10.4,2.5,350,20,178,28.65,0.6,0,0,0,41.7,45.7,48.2,0.56,0.45,0.42
OLEA,2019-11-08 11:15:00 EST,42.09141,-78.40743,1500,27.4,26.9,22.7,68.4,18.4,0.000,0.039,0.00,0.000,3.3,11.3,2.6,336,37,4.1,13.5,3.0,345,37,4.1,13.5,3.0,345,37,180,28.65,0.3,0,0,0,41.7,45.7,48.3,0.56,0.45,0.43
OLEA,2019-11-08 11:20:00 EST,42.09141,-78.40743,1500,27.7,27.2,19.8,64.9,17.5,0.000,0.039,0.00,0.000,7.5,14.3,2.4,296,17,7.9,15.1,2.4,301,16,7.9,15.1,2.4,301,16,338,28.65,0.5,0,0,0,41.7,45.7,48.2,0.56,0.45,0.43
OLEA,2019-11-08 11:25:00 EST,42.09141,-78.40743,1500,28.0,27.3,22.1,65.7,18.0,0.000,0.039,0.00,0.000,4.3,8.5,2.3,354,28,5.3,10.9,2.7,359,28,5.3,10.9,2.7,359,28,221,28.65,,0,0,0,41.7,45.7,48.2,0.56,0.45,0.43
OLEA,2019-11-08 11:30:00 EST,42.09141,-78.40743,1500,27.3,26.7,20.4,67.3,17.9,0.000,0.039,0.00,0.000,5.5,11.0,1.9,352,27,6.3,15.5,2.4,359,26,6.3,15.5,2.4,359,26,208,28.65,,0,0,0,41.7,45.7,48.2,0.56,0.45,0.43
OLEA,2019-11-08 11:35:00 EST,42.09141,-78.40743,1500,28.3,27.4,21.2,65.1,18.0,0.000,0.039,0.00,0.000,5.7,12.7,3.1,352,26,6.7,15.1,3.6,356,23,6.7,15.1,3.6,356,23,349,28.65,0.4,0,0,0,41.7,45.7,48.2,0.56,0.45,0.43
OLEA,2019-11-08 11:40:00 EST,42.09141,-78.40743,1500,28.8,28.0,24.4,64.4,18.3,0.000,0.039,0.00,0.000,3.2,6.7,1.6,324,47,4.0,7.5,1.8,330,45,4.0,7.5,1.8,330,45,286,28.65,0.3,0,0,0,41.7,45.7,48.2,0.56,0.45,0.43
OLEA,2019-11-08 11:45:00 EST,42.09141,-78.40743,1500,28.8,27.9,23.0,64.2,18.2,0.000,0.039,0.00,0.000,4.6,11.8,2.5,356,32,5.3,14.3,3.0,2,29,5.3,14.3,3.0,2,29,290,28.64,0.0,0,0,0,41.7,45.7,48.2,0.56,0.45,0.42
OLEA,2019-11-08 11:50:00 EST,42.09141,-78.40743,1500,28.0,27.4,21.2,64.1,17.4,0.000,0.039,0.00,0.000,5.3,15.1,3.1,350,25,6.4,19.1,4.2,356,24,6.4,19.1,4.2,356,24,206,28.65,0.1,0,0,0,41.6,45.7,48.2,0.56,0.45,0.43
OLEA,2019-11-08 11:55:00 EST,42.09141,-78.40743,1500,27.5,26.9,21.0,67.2,18.1,0.000,0.039,0.00,0.000,5.0,12.7,2.5,351,27,5.9,14.6,2.5,355,25,5.9,14.6,2.5,355,25,199,28.64,-0.0,0,0,0,41.6,45.7,48.2,0.56,0.45,0.43
OLEA,2019-11-08 12:00:00 EST,42.09141,-78.40743,1500,27.8,26.9,22.4,68.6,18.8,0.000,0.039,0.00,0.000,4.1,8.2,1.7,16,29,4.7,10.1,2.1,19,25,4.7,10.1,2.1,19,25,193,28.64,0.1,0,0,0,41.6,45.7,48.2,0.56,0.45,0.43
OLEA,2019-11-08 12:05:00 EST,42.09141,-78.40743,1500,28.0,27.2,23.1,68.5,18.9,0.000,0.039,0.00,0.000,3.6,10.3,2.8,5,24,4.2,12.8,3.1,8,26,4.2,12.8,3.1,8,26,245,28.64,-0.0,0,0,0,41.6,45.7,48.2,0.56,0.45,0.43
OLEA,2019-11-08 12:10:00 EST,42.09141,-78.40743,1500,28.3,27.7,23.7,66.5,18.6,0.000,0.039,0.00,0.000,3.4,8.5,2.4,356,29,4.2,10.2,2.8,358,30,4.2,10.2,2.8,358,30,263,28.64,-0.0,0,0,0,41.6,45.7,48.2,0.56,0.45,0.43
OLEA,2019-11-08 12:15:00 EST,42.09141,-78.40743,1500,28.0,27.5,22.1,63.7,17.3,0.000,0.039,0.00,0.000,4.8,8.8,1.9,309,25,5.3,9.4,1.9,314,22,5.3,9.4,1.9,314,22,232,28.64,-0.1,0,0,0,41.5,45.7,48.2,0.56,0.45,0.42
OLEA,2019-11-08 12:20:00 EST,42.09141,-78.40743,1500,28.7,27.8,22.9,64.1,18.1,0.000,0.039,0.00,0.000,4.5,11.0,2.3,16,22,5.4,12.2,2.5,18,22,5.4,12.2,2.5,18,22,349,28.64,-0.6,0,0,0,41.6,45.7,48.2,0.56,0.45,0.43
OLEA,2019-11-08 12:25:00 EST,42.09141,-78.40743,1500,27.9,27.3,21.8,62.1,16.6,0.000,0.039,0.00,0.000,4.8,8.8,1.8,314,52,5.5,10.3,2.1,318,51,5.5,10.3,2.1,318,51,311,28.64,-0.3,0,0,0,41.6,45.7,48.2,0.56,0.45,0.43
OLEA,2019-11-08 12:30:00 EST,42.09141,-78.40743,1500,28.7,28.2,23.7,62.1,17.4,0.000,0.039,0.00,0.000,3.9,9.4,1.9,289,29,4.5,11.6,2.3,293,27,4.5,11.6,2.3,293,27,264,28.63,-0.3,0,0,0,41.5,45.7,48.2,0.56,0.45,0.43
OLEA,2019-11-08 12:35:00 EST,42.09141,-78.40743,1500,28.1,27.6,22.4,63.2,17.2,0.000,0.039,0.00,0.000,4.8,8.0,1.4,317,19,5.1,8.8,1.4,321,18,5.1,8.8,1.4,321,18,180,28.63,-0.3,0,0,0,41.6,45.7,48.2,0.56,0.45,0.42
OLEA,2019-11-08 12:40:00 EST,42.09141,-78.40743,1500,27.9,27.5,21.8,64.1,17.3,0.000,0.039,0.00,0.000,4.8,7.8,1.4,306,34,5.5,10.8,1.6,310,33,5.5,10.8,1.6,310,33,118,28.63,-0.2,0,0,0,41.7,45.7,48.2,0.56,0.45,0.43
OLEA,2019-11-08 12:45:00 EST,42.09141,-78.40743,1500,27.2,26.9,19.4,60.9,15.5,0.000,0.039,0.00,0.000,6.7,11.0,1.8,312,32,7.4,13.0,2.0,319,32,7.4,13.0,2.0,319,32,93,28.63,-0.3,0,0,0,41.7,45.7,48.2,0.56,0.45,0.43
OLEA,2019-11-08 12:50:00 EST,42.09141,-78.40743,1500,26.9,26.7,19.0,62.5,15.8,0.000,0.039,0.00,0.000,7.2,12.2,2.0,303,19,7.5,12.5,2.0,309,18,7.5,12.5,2.0,309,18,118,28.64,-0.3,0,0,0,41.7,45.7,48.2,0.56,0.45,0.43
OLEA,2019-11-08 12:55:00 EST,42.09141,-78.40743,1500,27.3,27.0,22.7,64.4,16.9,0.000,0.039,0.00,0.000,3.6,9.4,1.9,287,33,4.0,10.1,2.1,293,33,4.0,10.1,2.1,293,33,254,28.63,-0.1,0,0,0,41.7,45.7,48.2,0.56,0.45,0.42
OLEA,2019-11-08 13:00:00 EST,42.09141,-78.40743,1500,27.9,27.4,19.3,61.5,16.4,0.000,0.039,0.00,0.000,7.7,12.3,2.3,271,16,8.8,15.1,2.7,277,13,8.8,15.1,2.7,277,13,243,28.63,-0.3,0,0,0,41.7,45.7,48.2,0.56,0.45,0.43
OLEA,2019-11-08 13:05:00 EST,42.09141,-78.40743,1500,28.3,27.5,21.3,60.8,16.5,0.000,0.039,0.00,0.000,6.2,10.7,2.0,290,18,6.5,10.8,1.9,294,16,6.5,10.8,1.9,294,16,481,28.63,-0.2,0,0,0,41.7,45.7,48.2,0.56,0.45,0.43
OLEA,2019-11-08 13:10:00 EST,42.09141,-78.40743,1500,29.2,28.5,24.5,60.9,17.4,0.000,0.039,0.00,0.000,3.9,7.5,1.4,316,20,4.4,7.3,1.5,321,22,4.4,7.3,1.5,321,22,331,28.63,-0.0,0,0,0,41.7,45.7,48.2,0.56,0.45,0.43
OLEA,2019-11-08 13:15:00 EST,42.09141,-78.40743,1500,29.0,28.3,22.7,57.7,15.9,0.000,0.039,0.00,0.000,5.4,9.8,2.3,324,24,6.0,10.4,2.1,330,23,6.0,10.4,2.1,330,23,369,28.64,0.2,0,0,0,41.7,45.7,48.2,0.56,0.45,0.43
OLEA,2019-11-08 13:20:00 EST,42.09141,-78.40743,1500,29.0,28.3,23.3,59.3,16.6,0.000,0.039,0.00,0.000,4.5,11.5,2.2,342,28,5.2,11.6,2.3,349,27,5.2,11.6,2.3,349,27,305,28.64,0.1,0,0,0,41.7,45.7,48.2,0.56,0.45,0.43
OLEA,2019-11-08 13:25:00 EST,42.09141,-78.40743,1500,29.4,28.6,22.3,58.5,16.6,0.000,0.039,0.00,0.000,6.5,11.0,2.4,321,28,7.1,13.5,2.4,328,29,7.1,13.5,2.4,328,29,486,28.64,-0.2,0,0,0,41.7,45.7,48.2,0.56,0.45,0.43
OLEA,2019-11-08 13:30:00 EST,42.09141,-78.40743,1500,29.7,28.9,24.2,58.6,16.9,0.000,0.039,0.00,0.000,4.3,10.5,2.7,279,24,5.2,13.5,3.1,283,22,5.2,13.5,3.1,283,22,441,28.64,-0.3,0,0,0,41.7,45.6,48.2,0.56,0.44,0.43
OLEA,2019-11-08 13:35:00 EST,42.09141,-78.40743,1500,28.8,28.2,22.9,59.1,16.3,0.000,0.039,0.00,0.000,4.8,11.2,2.4,317,38,5.5,12.6,2.5,322,37,5.5,12.6,2.5,322,37,229,28.64,-0.3,0,0,0,41.7,45.6,48.2,0.56,0.45,0.43
OLEA,2019-11-08 13:40:00 EST,42.09141,-78.40743,1500,27.9,27.4,19.3,60.4,16.0,0.000,0.039,0.00,0.000,7.6,16.4,2.7,9,12,8.8,18.9,3.2,12,9,8.8,18.9,3.2,12,9,145,28.64,-0.4,0,0,0,41.7,45.6,48.2,0.56,0.45,0.42
OLEA,2019-11-08 13:45:00 EST,42.09141,-78.40743,1500,27.5,27.1,19.8,60.5,15.6,0.000,0.039,0.00,0.000,6.3,10.2,1.8,2,20,7.4,11.3,2.3,4,15,7.4,11.3,2.3,4,15,116,28.64,-0.1,0,0,0,41.7,45.5,48.2,0.56,0.45,0.43
OLEA,2019-11-08 13:50:00 EST,42.09141,-78.40743,1500,27.4,27.1,19.6,60.9,15.7,0.000,0.039,0.00,0.000,6.5,10.4,1.8,346,19,7.4,11.9,2.1,353,15,7.4,11.9,2.1,353,15,101,28.64,-0.2,0,0,0,41.7,45.5,48.2,0.56,0.45,0.43
OLEA,2019-11-08 13:55:00 EST,42.09141,-78.40743,1500,27.3,27.1,21.1,62.3,16.1,0.000,0.039,0.00,0.000,5.0,8.6,1.4,354,25,5.5,10.0,1.6,0,24,5.5,10.0,1.6,0,24,95,28.64,-0.2,0,0,0,41.7,45.6,48.2,0.56,0.45,0.42
OLEA,2019-11-08 14:00:00 EST,42.09141,-78.40743,1500,27.6,27.3,23.9,62.8,16.5,0.000,0.039,0.00,0.000,3.0,5.9,1.3,311,21,3.2,6.1,1.2,315,21,3.2,6.1,1.2,315,21,89,28.64,-0.1,0,0,0,41.7,45.5,48.2,0.56,0.45,0.43
OLEA,2019-11-08 14:05:00 EST,42.09141,-78.40743,1500,27.9,27.5,21.1,59.4,15.6,0.000,0.039,0.00,0.000,5.6,11.5,1.9,347,25,6.3,14.5,2.5,352,24,6.3,14.5,2.5,352,24,285,28.64,0.0,0,0,0,41.7,45.5,48.2,0.56,0.45,0.43
OLEA,2019-11-08 14:10:00 EST,42.09141,-78.40743,1500,28.5,27.9,21.0,57.7,15.5,0.000,0.039,0.00,0.000,6.8,9.4,1.4,330,21,7.3,10.9,1.6,336,22,7.3,10.9,1.6,336,22,264,28.64,-0.1,0,0,0,41.7,45.5,48.2,0.56,0.45,0.43
OLEA,2019-11-08 14:15:00 EST,42.09141,-78.40743,1500,29.3,28.6,25.9,56.0,15.5,0.000,0.039,0.00,0.000,2.8,7.5,2.0,324,26,3.3,9.4,2.0,328,25,3.3,9.4,2.0,328,25,482,28.64,0.0,0,0,0,41.7,45.5,48.2,0.56,0.45,0.43
OLEA,2019-11-08 14:20:00 EST,42.09141,-78.40743,1500,29.3,28.7,23.6,56.5,15.8,0.000,0.039,0.00,0.000,4.9,9.4,2.0,293,15,5.4,9.9,2.0,299,15,5.4,9.9,2.0,299,15,233,28.63,-0.2,0,0,0,41.7,45.5,48.2,0.56,0.45,0.43
OLEA,2019-11-08 14:25:00 EST,42.09141,-78.40743,1500,28.4,28.0,22.7,58.1,15.5,0.000,0.039,0.00,0.000,4.7,8.9,1.8,285,20,5.2,9.8,1.9,290,19,5.2,9.8,1.9,290,19,126,28.63,-0.1,0,0,0,41.7,45.5,48.2,0.56,0.45,0.43
OLEA,2019-11-08 14:30:00 EST,42.09141,-78.40743,1500,28.4,28.0,22.7,60.8,16.5,0.000,0.039,0.00,0.000,4.7,7.7,1.3,291,23,5.1,9.1,1.5,296,21,5.1,9.1,1.5,296,21,88,28.64,-0.1,0,0,0,41.7,45.5,48.2,0.56,0.45,0.42
OLEA,2019-11-08 14:35:00 EST,42.09141,-78.40743,1500,28.1,27.9,22.9,61.5,16.5,0.000,0.039,0.00,0.000,4.0,9.4,2.3,322,34,4.6,11.8,2.3,330,28,4.6,11.8,2.3,330,28,71,28.64,0.0,0,0,0,41.7,45.5,48.2,0.56,0.45,0.43
OLEA,2019-11-08 14:40:00 EST,42.09141,-78.40743,1500,27.5,27.4,20.4,57.6,14.5,0.000,0.039,0.00,0.000,5.9,10.4,2.1,296,19,6.6,12.1,2.1,299,16,6.6,12.1,2.1,299,16,65,28.64,-0.0,0,0,0,41.7,45.5,48.2,0.56,0.44,0.43
OLEA,2019-11-08 14:45:00 EST,42.09141,-78.40743,1500,27.5,27.4,20.1,58.0,14.6,0.000,0.039,0.00,0.000,6.6,10.5,1.7,299,19,7.0,10.8,1.6,305,19,7.0,10.8,1.6,305,19,119,28.64,-0.0,0,0,0,41.7,45.5,48.2,0.56,0.45,0.42
OLEA,2019-11-08 14:50:00 EST,42.09141,-78.40743,1500,27.7,27.5,20.5,56.8,14.4,0.000,0.039,0.00,0.000,6.5,13.1,2.1,314,21,6.8,12.2,2.1,322,19,6.8,12.2,2.1,322,19,114,28.64,-0.1,0,0,0,41.7,45.5,48.2,0.56,0.45,0.43
OLEA,2019-11-08 14:55:00 EST,42.09141,-78.40743,1500,28.1,27.8,21.1,56.4,14.5,0.000,0.039,0.00,0.000,6.0,11.0,1.7,301,21,6.5,10.9,1.9,306,21,6.5,10.9,1.9,306,21,208,28.64,-0.1,0,0,0,41.7,45.5,48.2,0.56,0.45,0.42
OLEA,2019-11-08 15:00:00 EST,42.09141,-78.40743,1500,27.9,27.7,22.1,55.5,14.0,0.000,0.039,0.00,0.000,4.5,8.0,1.3,312,28,5.1,9.1,1.5,318,27,5.1,9.1,1.5,318,27,90,28.64,-0.1,0,0,0,41.7,45.5,48.2,0.56,0.45,0.43
OLEA,2019-11-08 15:05:00 EST,42.09141,-78.40743,1500,28.0,27.8,21.9,57.3,14.9,0.000,0.039,0.00,0.000,5.0,8.9,1.9,295,17,5.5,10.7,1.9,299,16,5.5,10.7,1.9,299,16,217,28.64,-0.0,0,0,0,41.7,45.5,48.2,0.56,0.45,0.42
OLEA,2019-11-08 15:10:00 EST,42.09141,-78.40743,1500,28.9,28.4,24.3,55.1,14.8,0.000,0.039,0.00,0.000,3.8,7.9,1.5,305,20,4.2,8.5,1.5,309,18,4.2,8.5,1.5,309,18,322,28.64,-0.1,0,0,0,41.7,45.5,48.2,0.56,0.45,0.43
OLEA,2019-11-08 15:15:00 EST,42.09141,-78.40743,1500,29.3,28.8,25.1,55.0,15.1,0.000,0.039,0.00,0.000,3.4,6.2,1.4,297,29,3.8,6.5,1.3,303,29,3.8,6.5,1.3,303,29,273,28.64,-0.1,0,0,0,41.7,45.5,48.2,0.56,0.45,0.43
OLEA,2019-11-08 15:20:00 EST,42.09141,-78.40743,1500,29.7,29.0,23.0,54.3,15.2,0.000,0.039,0.00,0.000,5.6,11.6,2.3,269,20,6.6,13.0,2.6,276,16,6.6,13.0,2.6,276,16,382,28.64,-0.1,0,0,0,41.7,45.5,48.2,0.56,0.45,0.43
OLEA,2019-11-08 15:25:00 EST,42.09141,-78.40743,1500,29.4,28.9,22.3,53.1,14.4,0.000,0.039,0.00,0.000,6.2,12.5,2.0,266,20,7.1,15.0,2.3,273,17,7.1,15.0,2.3,273,17,363,28.64,-0.0,0,0,0,41.7,45.5,48.2,0.56,0.45,0.43
OLEA,2019-11-08 15:30:00 EST,42.09141,-78.40743,1500,29.1,28.7,22.4,53.7,14.4,0.000,0.039,0.00,0.000,5.7,10.8,2.0,275,22,6.5,12.9,2.3,282,19,6.5,12.9,2.3,282,19,241,28.64,-0.1,0,0,0,41.7,45.5,48.2,0.56,0.45,0.42
OLEA,2019-11-08 15:35:00 EST,42.09141,-78.40743,1500,29.5,29.0,25.2,54.1,14.9,0.000,0.039,0.00,0.000,3.3,8.2,1.7,275,28,4.0,10.3,2.0,280,28,4.0,10.3,2.0,280,28,320,28.64,-0.1,0,0,0,41.7,45.5,48.2,0.56,0.45,0.43
OLEA,2019-11-08 15:40:00 EST,42.09141,-78.40743,1500,29.6,29.2,23.6,51.2,13.8,0.000,0.039,0.00,0.000,5.2,11.0,2.6,299,21,5.7,13.3,2.6,304,22,5.7,13.3,2.6,304,22,281,28.64,-0.2,0,0,0,41.7,45.5,48.2,0.56,0.45,0.43
OLEA,2019-11-08 15:45:00 EST,42.09141,-78.40743,1500,29.2,28.8,22.4,50.4,13.0,0.000,0.039,0.00,0.000,5.8,10.2,1.8,308,20,6.6,11.0,2.0,314,19,6.6,11.0,2.0,314,19,249,28.64,-0.1,0,0,0,41.7,45.5,48.2,0.56,0.45,0.43
OLEA,2019-11-08 15:50:00 EST,42.09141,-78.40743,1500,28.9,28.6,22.9,50.2,12.7,0.000,0.039,0.00,0.000,5.3,8.6,1.4,313,22,5.6,9.0,1.7,319,21,5.6,9.0,1.7,319,21,234,28.64,-0.1,0,0,0,41.7,45.5,48.2,0.56,0.45,0.43
OLEA,2019-11-08 15:55:00 EST,42.09141,-78.40743,1500,28.7,28.4,21.0,50.9,12.8,0.000,0.039,0.00,0.000,7.0,12.2,1.7,296,19,7.7,12.3,1.9,299,16,7.7,12.3,1.9,299,16,228,28.64,-0.2,0,0,0,41.7,45.5,48.2,0.56,0.45,0.43
OLEA,2019-11-08 16:00:00 EST,42.09141,-78.40743,1500,28.2,28.1,21.7,50.7,12.2,0.000,0.039,0.00,0.000,5.2,9.1,1.6,287,20,6.0,10.0,1.9,292,18,6.0,10.0,1.9,292,18,97,28.65,-0.2,0,0,0,41.7,45.5,48.2,0.56,0.45,0.42
OLEA,2019-11-08 16:05:00 EST,42.09141,-78.40743,1500,27.9,27.9,21.4,51.0,12.1,0.000,0.039,0.00,0.000,5.5,9.1,1.7,304,19,6.0,11.2,2.0,308,16,6.0,11.2,2.0,308,16,76,28.65,-0.2,0,0,0,41.7,45.5,48.2,0.56,0.45,0.43
OLEA,2019-11-08 16:10:00 EST,42.09141,-78.40743,1500,27.4,27.5,19.3,53.4,12.7,0.000,0.039,0.00,0.000,7.1,12.1,1.6,288,17,7.9,13.2,1.9,293,15,7.9,13.2,1.9,293,15,114,28.65,-0.1,0,0,0,41.7,45.5,48.2,0.56,0.45,0.43
OLEA,2019-11-08 16:15:00 EST,42.09141,-78.40743,1500,27.5,27.5,19.6,52.8,12.5,0.000,0.039,0.00,0.000,7.2,11.5,1.9,299,19,7.7,12.5,2.2,301,17,7.7,12.5,2.2,301,17,128,28.65,-0.1,0,0,0,41.7,45.5,48.2,0.56,0.45,0.43
OLEA,2019-11-08 16:20:00 EST,42.09141,-78.40743,1500,27.3,27.4,20.0,53.7,12.7,0.000,0.039,0.00,0.000,6.6,10.1,1.5,304,15,6.8,12.3,1.6,309,15,6.8,12.3,1.6,309,15,96,28.65,-0.1,0,0,0,41.7,45.5,48.1,0.56,0.45,0.43
OLEA,2019-11-08 16:25:00 EST,42.09141,-78.40743,1500,27.4,27.5,20.7,53.3,12.6,0.000,0.039,0.00,0.000,5.5,8.7,1.8,301,17,6.0,10.0,1.9,307,17,6.0,10.0,1.9,307,17,135,28.65,-0.1,0,0,0,41.7,45.5,48.1,0.56,0.45,0.43
OLEA,2019-11-08 16:30:00 EST,42.09141,-78.40743,1500,27.3,27.4,20.0,52.7,12.2,0.000,0.039,0.00,0.000,6.4,12.9,2.6,298,16,6.8,12.8,2.7,302,15,6.8,12.8,2.7,302,15,118,28.65,-0.1,0,0,0,41.7,45.5,48.1,0.56,0.45,0.43
OLEA,2019-11-08 16:35:00 EST,42.09141,-78.40743,1500,27.2,27.4,20.9,52.8,12.2,0.000,0.039,0.00,0.000,5.1,9.9,1.7,295,23,5.5,10.5,2.0,302,23,5.5,10.5,2.0,302,23,73,28.66,-0.2,0,0,0,41.7,45.5,48.1,0.56,0.45,0.43
OLEA,2019-11-08 16:40:00 EST,42.09141,-78.40743,1500,27.1,27.4,21.3,53.3,12.3,0.000,0.039,0.00,0.000,4.7,8.9,1.7,313,21,4.9,8.8,1.8,317,21,4.9,8.8,1.8,317,21,82,28.66,-0.2,0,0,0,41.7,45.5,48.0,0.56,0.45,0.43
OLEA,2019-11-08 16:45:00 EST,42.09141,-78.40743,1500,26.6,27.0,26.6,56.7,13.2,0.000,0.039,0.00,0.000,2.8,5.6,1.2,297,25,3.0,6.7,1.3,301,24,3.0,6.7,1.3,301,24,24,28.66,-0.2,0,0,0,41.7,45.5,48.0,0.56,0.45,0.43
OLEA,2019-11-08 16:50:00 EST,42.09141,-78.40743,1500,26.5,26.9,20.1,56.4,13.1,0.000,0.039,0.00,0.000,5.1,9.3,1.8,299,17,5.5,10.5,1.9,304,17,5.5,10.5,1.9,304,17,13,28.66,-0.2,0,0,0,41.7,45.5,48.1,0.56,0.45,0.43
OLEA,2019-11-08 16:55:00 EST,42.09141,-78.40743,1500,26.3,26.7,20.3,57.1,13.2,0.000,0.039,0.00,0.000,4.8,8.8,2.1,294,16,5.1,9.9,2.0,300,15,5.1,9.9,2.0,300,15,9,28.66,-0.2,0,0,0,41.7,45.5,48.0,0.56,0.45,0.43
OLEA,2019-11-08 17:00:00 EST,42.09141,-78.40743,1500,26.2,26.6,19.8,57.6,13.3,0.000,0.039,0.00,0.000,5.0,8.2,1.3,287,14,5.5,9.4,1.5,291,13,5.5,9.4,1.5,291,13,6,28.66,-0.2,0,0,0,41.7,45.5,48.0,0.56,0.45,0.43
OLEA,2019-11-08 17:05:00 EST,42.09141,-78.40743,1500,25.9,26.4,20.5,59.5,13.7,0.000,0.039,0.00,0.000,3.9,7.2,1.2,288,22,4.5,8.6,1.3,294,20,4.5,8.6,1.3,294,20,4,28.66,-0.2,0,0,0,41.7,45.5,48.0,0.56,0.45,0.42
OLEA,2019-11-08 17:10:00 EST,42.09141,-78.40743,1500,25.7,26.3,21.8,60.7,14.0,0.000,0.039,0.00,0.000,3.0,6.2,1.2,298,15,3.3,6.5,1.2,304,14,3.3,6.5,1.2,304,14,2,28.66,-0.2,0,0,0,41.7,45.5,48.0,0.56,0.45,0.43
OLEA,2019-11-08 17:15:00 EST,42.09141,-78.40743,1500,25.8,26.2,21.9,60.6,14.0,0.000,0.039,0.00,0.000,3.1,4.8,0.9,308,17,3.2,5.9,1.0,314,17,3.2,5.9,1.0,314,17,1,28.66,-0.1,0,0,0,41.7,45.5,48.0,0.56,0.45,0.43
OLEA,2019-11-08 17:20:00 EST,42.09141,-78.40743,1500,25.9,26.3,22.2,59.0,13.5,0.000,0.039,0.00,0.000,3.0,4.9,0.9,306,19,3.2,6.4,1.0,312,17,3.2,6.4,1.0,312,17,0,28.66,-0.2,0,0,0,41.7,45.5,48.0,0.56,0.45,0.43
OLEA,2019-11-08 17:25:00 EST,42.09141,-78.40743,1500,25.5,26.2,21.7,60.2,13.6,0.000,0.039,0.00,0.000,3.1,4.2,0.6,302,12,3.2,5.7,0.7,307,12,3.2,5.7,0.7,307,12,0,28.66,-0.2,0,0,0,41.7,45.5,48.0,0.56,0.45,0.43
OLEA,2019-11-08 17:30:00 EST,42.09141,-78.40743,1500,25.5,26.1,25.5,60.7,13.8,0.000,0.039,0.00,0.000,2.6,4.6,0.9,307,13,2.6,5.3,1.1,312,13,2.6,5.3,1.1,312,13,0,28.66,-0.3,0,0,0,41.7,45.5,48.0,0.56,0.45,0.43
OLEA,2019-11-08 17:35:00 EST,42.09141,-78.40743,1500,25.3,25.9,25.3,61.4,13.9,0.000,0.039,0.00,0.000,2.1,3.6,0.8,322,19,2.4,4.5,0.8,325,21,2.4,4.5,0.8,325,21,0,28.66,-0.2,0,0,0,41.6,45.5,48.0,0.56,0.45,0.43
OLEA,2019-11-08 17:40:00 EST,42.09141,-78.40743,1500,25.0,26.0,25.0,63.1,14.2,0.000,0.039,0.00,0.000,2.5,4.9,0.9,334,15,2.9,7.3,1.1,339,14,2.9,7.3,1.1,339,14,0,28.66,-0.2,0,0,0,41.5,45.5,48.0,0.56,0.45,0.43
OLEA,2019-11-08 17:45:00 EST,42.09141,-78.40743,1500,25.1,25.8,21.1,62.1,13.9,0.000,0.039,0.00,0.000,2.9,4.9,1.0,329,22,3.3,5.7,1.3,335,21,3.3,5.7,1.3,335,21,0,28.66,-0.2,0,0,0,41.5,45.5,48.0,0.56,0.45,0.43
OLEA,2019-11-08 17:50:00 EST,42.09141,-78.40743,1500,25.2,25.8,20.5,61.4,13.7,0.000,0.039,0.00,0.000,3.2,5.9,0.9,336,15,3.7,7.0,1.1,341,15,3.7,7.0,1.1,341,15,0,28.66,-0.2,0,0,0,41.5,45.5,48.0,0.56,0.45,0.43
OLEA,2019-11-08 17:55:00 EST,42.09141,-78.40743,1500,24.8,25.6,24.8,62.9,14.0,0.000,0.039,0.00,0.000,2.7,4.7,0.8,334,13,2.9,5.5,0.9,339,14,2.9,5.5,0.9,339,14,0,28.67,-0.3,0,0,0,41.5,45.5,48.0,0.56,0.45,0.43
OLEA,2019-11-08 18:00:00 EST,42.09141,-78.40743,1500,24.6,25.6,20.2,63.7,14.1,0.000,0.039,0.00,0.000,3.2,5.0,0.9,339,16,3.5,6.3,1.1,345,15,3.5,6.3,1.1,345,15,0,28.67,-0.2,0,0,0,41.5,45.5,48.0,0.56,0.45,0.43
OLEA,2019-11-08 18:05:00 EST,42.09141,-78.40743,1500,24.6,25.5,24.6,63.7,14.1,0.000,0.039,0.00,0.000,2.6,5.1,0.8,329,14,2.8,6.0,0.9,332,14,2.8,6.0,0.9,332,14,0,28.67,-0.2,0,0,0,41.5,45.5,48.0,0.56,0.45,0.42
OLEA,2019-11-08 18:10:00 EST,42.09141,-78.40743,1500,24.6,25.5,20.4,63.6,14.0,0.000,0.039,0.00,0.000,3.1,5.2,0.7,319,13,3.3,5.7,0.9,324,12,3.3,5.7,0.9,324,12,0,28.67,-0.2,0,0,0,41.5,45.3,48.0,0.56,0.45,0.43
OLEA,2019-11-08 18:15:00 EST,42.09141,-78.40743,1500,24.6,25.4,24.6,63.6,14.0,0.000,0.039,0.00,0.000,2.0,4.1,0.6,326,12,2.1,4.8,0.7,329,12,2.1,4.8,0.7,329,12,0,28.67,-0.2,0,0,0,41.5,45.4,48.0,0.56,0.45,0.43
OLEA,2019-11-08 18:20:00 EST,42.09141,-78.40743,1500,24.1,25.2,24.1,64.8,14.0,0.000,0.039,0.00,0.000,2.4,4.1,0.8,323,15,2.6,4.5,0.9,326,15,2.6,4.5,0.9,326,15,0,28.67,-0.2,0,0,0,41.5,45.4,48.0,0.56,0.45,0.42
OLEA,2019-11-08 18:25:00 EST,42.09141,-78.40743,1500,24.2,25.2,24.2,65.0,14.1,0.000,0.039,0.00,0.000,1.9,3.4,0.6,324,12,2.1,4.0,0.6,329,12,2.1,4.0,0.6,329,12,0,28.67,-0.2,0,0,0,41.5,45.3,48.0,0.56,0.45,0.43
OLEA,2019-11-08 18:30:00 EST,42.09141,-78.40743,1500,23.7,25.1,23.7,65.9,13.9,0.000,0.039,0.00,0.000,1.8,3.7,0.7,326,14,1.9,4.6,0.9,330,16,1.9,4.6,0.9,330,16,0,28.67,-0.1,0,0,0,41.5,45.4,48.0,0.56,0.45,0.43
OLEA,2019-11-08 18:35:00 EST,42.09141,-78.40743,1500,23.5,24.9,23.5,68.4,14.7,0.000,0.039,0.00,0.000,2.8,3.9,0.5,296,13,2.9,4.2,0.6,301,12,2.9,4.2,0.6,301,12,0,28.67,-0.2,0,0,0,41.4,45.3,48.0,0.56,0.45,0.43
OLEA,2019-11-08 18:40:00 EST,42.09141,-78.40743,1500,22.3,24.4,22.3,72.6,14.8,0.000,0.039,0.00,0.000,1.8,2.4,0.3,300,6,2.0,2.9,0.4,305,6,2.0,2.9,0.4,305,6,0,28.68,-0.2,0,0,0,41.4,45.3,48.0,0.56,0.45,0.43
OLEA,2019-11-08 18:45:00 EST,42.09141,-78.40743,1500,21.5,24.0,21.5,76.5,15.3,0.000,0.039,0.00,0.000,1.3,2.2,0.4,308,7,1.4,2.4,0.4,313,9,1.4,2.4,0.4,313,9,0,28.68,-0.2,0,0,0,41.4,45.3,48.0,0.56,0.45,0.43
OLEA,2019-11-08 18:50:00 EST,42.09141,-78.40743,1500,21.5,23.2,21.5,79.6,16.1,0.000,0.039,0.00,0.000,1.1,2.0,0.4,327,13,1.4,2.9,0.5,327,13,1.4,2.9,0.5,327,13,0,28.68,-0.2,0,0,0,41.4,45.3,48.0,0.56,0.45,0.43
OLEA,2019-11-08 18:55:00 EST,42.09141,-78.40743,1500,20.5,23.1,20.5,80.1,15.4,0.000,0.039,0.00,0.000,1.2,1.8,0.3,334,7,1.5,2.8,0.4,336,9,1.5,2.8,0.4,336,9,0,28.68,-0.2,0,0,0,41.4,45.3,48.0,0.56,0.45,0.42
OLEA,2019-11-08 19:00:00 EST,42.09141,-78.40743,1500,19.9,23.2,19.9,83.5,15.7,0.000,0.039,0.00,0.000,1.6,2.9,0.5,345,14,2.1,3.6,0.6,348,14,2.1,3.6,0.6,348,14,0,28.68,-0.2,0,0,0,41.4,45.3,48.0,0.56,0.45,0.43
OLEA,2019-11-08 19:05:00 EST,42.09141,-78.40743,1500,20.0,21.7,20.0,83.7,15.8,0.000,0.039,0.00,0.000,1.9,2.8,0.5,8,9,2.4,3.7,0.6,11,10,2.4,3.7,0.6,11,10,0,28.68,-0.2,0,0,0,41.4,45.3,48.0,0.56,0.45,0.43
OLEA,2019-11-08 19:10:00 EST,42.09141,-78.40743,1500,19.7,20.9,19.7,84.4,15.8,0.000,0.039,0.00,0.000,0.5,2.3,0.7,35,11,1.0,2.7,0.7,45,16,1.0,2.7,0.7,45,16,0,28.68,-0.2,0,0,0,41.4,45.3,48.0,0.56,0.45,0.43
OLEA,2019-11-08 19:15:00 EST,42.09141,-78.40743,1500,19.6,20.9,19.6,85.5,16.0,0.000,0.039,0.00,0.000,1.1,2.6,0.8,30,4,1.5,3.1,0.8,34,7,1.5,3.1,0.8,34,7,0,28.68,-0.2,0,0,0,41.4,45.3,48.0,0.56,0.45,0.43
OLEA,2019-11-08 19:20:00 EST,42.09141,-78.40743,1500,19.5,20.7,19.5,85.4,15.8,0.000,0.039,0.00,0.000,1.5,2.6,0.7,40,9,2.0,3.2,0.7,43,11,2.0,3.2,0.7,43,11,0,28.68,-0.1,0,0,0,41.4,45.3,48.0,0.56,0.45,0.43
OLEA,2019-11-08 19:25:00 EST,42.09141,-78.40743,1500,19.1,19.7,19.1,87.2,15.9,0.000,0.039,0.00,0.000,1.6,2.6,0.7,93,6,1.9,3.1,0.8,95,8,1.9,3.1,0.8,95,8,0,28.68,-0.1,0,0,0,41.3,45.3,48.0,0.56,0.45,0.43
OLEA,2019-11-08 19:30:00 EST,42.09141,-78.40743,1500,18.8,19.8,18.8,89.7,16.3,0.000,0.039,0.00,0.000,1.5,2.2,0.5,100,7,1.8,2.7,0.6,106,12,1.8,2.7,0.6,106,12,0,28.68,-0.1,0,0,0,41.3,45.3,48.0,0.56,0.45,0.43
OLEA,2019-11-08 19:35:00 EST,42.09141,-78.40743,1500,18.7,19.5,18.7,91.4,16.7,0.000,0.039,0.00,0.000,0.0,0.7,0.2,113,0,0.4,1.1,0.4,155,21,0.4,1.1,0.4,155,21,0,28.68,-0.1,0,0,0,41.2,45.3,48.0,0.56,0.45,0.43
OLEA,2019-11-08 19:40:00 EST,42.09141,-78.40743,1500,19.0,20.4,19.0,91.3,16.9,0.000,0.039,0.00,0.000,0.9,1.8,0.7,72,5,1.7,2.5,0.4,69,9,1.7,2.5,0.4,69,9,0,28.68,-0.1,0,0,0,41.2,45.3,48.0,0.56,0.45,0.43
OLEA,2019-11-08 19:45:00 EST,42.09141,-78.40743,1500,18.9,20.7,18.9,89.8,16.4,0.000,0.039,0.00,0.000,1.8,2.0,0.1,54,7,2.0,2.5,0.2,48,6,2.0,2.5,0.2,48,6,0,28.69,-0.1,0,0,0,41.2,45.3,48.0,0.56,0.45,0.43
OLEA,2019-11-08 19:50:00 EST,42.09141,-78.40743,1500,18.6,20.6,18.6,89.2,16.0,0.000,0.039,0.00,0.000,2.0,2.8,0.3,41,6,2.2,3.2,0.4,43,5,2.2,3.2,0.4,43,5,0,28.69,-0.1,0,0,0,41.2,45.3,48.0,0.56,0.45,0.43
OLEA,2019-11-08 19:55:00 EST,42.09141,-78.40743,1500,18.3,20.3,18.3,87.8,15.3,0.000,0.039,0.00,0.000,2.4,3.3,0.6,37,4,2.6,3.9,0.7,40,5,2.6,3.9,0.7,40,5,0,28.69,-0.2,0,0,0,41.2,45.3,48.0,0.56,0.45,0.43
OLEA,2019-11-08 20:00:00 EST,42.09141,-78.40743,1500,18.1,19.1,18.1,89.4,15.5,0.000,0.039,0.00,0.000,0.7,1.5,0.6,94,10,1.1,2.0,0.6,99,14,1.1,2.0,0.6,99,14,0,28.69,-0.1,0,0,0,41.2,45.3,48.0,0.56,0.45,0.43
OLEA,2019-11-08 20:05:00 EST,42.09141,-78.40743,1500,17.9,19.0,17.9,91.2,15.7,0.000,0.039,0.00,0.000,1.8,2.1,0.2,80,4,2.3,3.0,0.3,79,6,2.3,3.0,0.3,79,6,0,28.69,-0.1,0,0,0,41.2,45.3,48.0,0.56,0.45,0.42
OLEA,2019-11-08 20:10:00 EST,42.09141,-78.40743,1500,18.1,19.0,18.1,91.1,15.9,0.000,0.039,0.00,0.000,1.8,2.6,0.4,83,7,2.2,3.3,0.6,82,9,2.2,3.3,0.6,82,9,0,28.69,-0.1,0,0,0,41.1,45.3,48.0,0.56,0.45,0.43
OLEA,2019-11-08 20:15:00 EST,42.09141,-78.40743,1500,18.1,19.0,18.1,90.5,15.7,0.000,0.039,0.00,0.000,1.8,2.6,0.5,63,7,2.2,3.3,0.7,62,8,2.2,3.3,0.7,62,8,0,28.69,-0.1,0,0,0,41.0,45.3,48.0,0.56,0.45,0.43
OLEA,2019-11-08 20:20:00 EST,42.09141,-78.40743,1500,17.9,18.9,17.9,88.9,15.2,0.000,0.039,0.00,0.000,0.9,1.5,0.3,54,8,1.3,2.0,0.3,50,13,1.3,2.0,0.3,50,13,0,28.69,-0.1,0,0,0,41.0,45.3,48.0,0.56,0.45,0.43
OLEA,2019-11-08 20:25:00 EST,42.09141,-78.40743,1500,17.9,18.7,17.9,89.4,15.3,0.000,0.039,0.00,0.000,0.7,1.7,0.5,45,13,1.2,2.1,0.5,52,22,1.2,2.1,0.5,52,22,0,28.69,-0.1,0,0,0,41.0,45.3,48.0,0.56,0.45,0.43
OLEA,2019-11-08 20:30:00 EST,42.09141,-78.40743,1500,17.2,18.4,17.2,90.6,14.9,0.000,0.039,0.00,0.000,1.6,2.2,0.4,80,3,2.2,3.1,0.4,79,5,2.2,3.1,0.4,79,5,0,28.68,-0.1,0,0,0,41.0,45.3,48.0,0.56,0.45,0.43
OLEA,2019-11-08 20:35:00 EST,42.09141,-78.40743,1500,17.2,18.1,17.2,91.9,15.2,0.000,0.039,0.00,0.000,1.4,1.9,0.2,80,8,1.8,2.7,0.3,80,10,1.8,2.7,0.3,80,10,0,28.68,-0.1,0,0,0,41.0,45.3,48.0,0.56,0.45,0.42
OLEA,2019-11-08 20:40:00 EST,42.09141,-78.40743,1500,17.4,18.2,17.4,92.6,15.6,0.000,0.039,0.00,0.000,1.8,2.2,0.2,68,11,2.3,3.0,0.4,68,12,2.3,3.0,0.4,68,12,0,28.68,-0.1,0,0,0,41.0,45.3,48.0,0.56,0.45,0.43
OLEA,2019-11-08 20:45:00 EST,42.09141,-78.40743,1500,17.3,18.7,17.3,91.9,15.3,0.000,0.039,0.00,0.000,1.2,1.8,0.2,31,7,1.5,2.0,0.2,31,9,1.5,2.0,0.2,31,9,0,28.68,-0.2,0,0,0,41.0,45.3,48.0,0.56,0.45,0.43
OLEA,2019-11-08 20:50:00 EST,42.09141,-78.40743,1500,17.0,18.2,17.0,91.1,14.8,0.000,0.039,0.00,0.000,0.3,1.5,0.5,46,13,0.9,2.2,0.6,49,23,0.9,2.2,0.6,49,23,0,28.68,-0.1,0,0,0,41.0,45.3,48.0,0.56,0.45,0.43
OLEA,2019-11-08 20:55:00 EST,42.09141,-78.40743,1500,16.6,17.7,16.6,91.9,14.6,0.000,0.039,0.00,0.000,1.9,2.4,0.3,76,3,2.5,3.1,0.4,76,5,2.5,3.1,0.4,76,5,0,28.68,-0.1,0,0,0,40.9,45.3,48.0,0.56,0.45,0.43
OLEA,2019-11-08 21:00:00 EST,42.09141,-78.40743,1500,16.7,17.8,16.7,92.5,14.9,0.000,0.039,0.00,0.000,0.6,1.8,0.7,76,0,0.9,2.4,0.9,71,7,0.9,2.4,0.9,71,7,0,28.68,-0.1,0,0,0,40.8,45.3,48.0,0.56,0.45,0.43
OLEA,2019-11-08 21:05:00 EST,42.09141,-78.40743,1500,16.9,17.7,16.9,92.7,15.2,0.000,0.039,0.00,0.000,0.2,0.8,0.3,76,0,0.8,1.5,0.5,85,15,0.8,1.5,0.5,85,15,0,28.68,-0.1,0,0,0,40.8,45.3,48.0,0.56,0.45,0.43
OLEA,2019-11-08 21:10:00 EST,42.09141,-78.40743,1500,16.9,17.8,16.9,92.8,15.2,0.000,0.039,0.00,0.000,0.7,1.2,0.4,102,8,1.2,1.7,0.3,109,9,1.2,1.7,0.3,109,9,0,28.68,-0.1,0,0,0,40.8,45.3,48.0,0.56,0.45,0.43
OLEA,2019-11-08 21:15:00 EST,42.09141,-78.40743,1500,16.8,17.8,16.8,93.4,15.2,0.000,0.039,0.00,0.000,1.4,2.4,0.6,94,7,1.8,3.0,0.6,95,6,1.8,3.0,0.6,95,6,0,28.68,-0.1,0,0,0,40.8,45.3,48.0,0.56,0.45,0.43
OLEA,2019-11-08 21:20:00 EST,42.09141,-78.40743,1500,16.8,17.9,16.8,92.9,15.1,0.000,0.039,0.00,0.000,0.8,2.2,0.7,86,6,1.4,2.6,0.6,84,11,1.4,2.6,0.6,84,11,0,28.68,-0.2,0,0,0,40.8,45.3,48.0,0.56,0.45,0.43
OLEA,2019-11-08 21:25:00 EST,42.09141,-78.40743,1500,16.5,18.2,16.5,92.3,14.7,0.000,0.039,0.00,0.000,0.2,1.0,0.3,48,13,0.8,1.5,0.5,34,24,0.8,1.5,0.5,34,24,0,28.68,-0.1,0,0,0,40.7,45.3,48.0,0.56,0.45,0.43
OLEA,2019-11-08 21:30:00 EST,42.09141,-78.40743,1500,16.4,18.9,16.4,92.2,14.5,0.000,0.039,0.00,0.000,2.0,2.8,0.4,14,15,2.4,3.4,0.4,16,15,2.4,3.4,0.4,16,15,0,28.68,-0.1,0,0,0,40.6,45.3,48.0,0.56,0.45,0.42
OLEA,2019-11-08 21:35:00 EST,42.09141,-78.40743,1500,17.3,18.9,17.3,91.8,15.4,0.000,0.039,0.00,0.000,1.8,3.3,0.6,42,20,2.1,3.7,0.7,45,20,2.1,3.7,0.7,45,20,0,28.68,-0.2,0,0,0,40.6,45.3,48.0,0.56,0.45,0.43
OLEA,2019-11-08 21:40:00 EST,42.09141,-78.40743,1500,17.5,18.8,17.5,90.2,15.1,0.000,0.039,0.00,0.000,2.1,3.4,0.4,44,18,2.4,4.4,0.5,44,17,2.4,4.4,0.5,44,17,0,28.68,-0.1,0,0,0,40.6,45.3,48.0,0.56,0.45,0.43
OLEA,2019-11-08 21:45:00 EST,42.09141,-78.40743,1500,16.8,18.1,16.8,88.9,14.1,0.000,0.039,0.00,0.000,0.6,2.1,0.7,31,6,0.9,2.8,0.8,35,9,0.9,2.8,0.8,35,9,0,28.68,-0.2,0,0,0,40.6,45.3,48.0,0.56,0.45,0.43
OLEA,2019-11-08 21:50:00 EST,42.09141,-78.40743,1500,16.4,17.7,16.4,90.4,14.0,0.000,0.039,0.00,0.000,0.8,2.6,0.6,62,11,1.3,3.2,0.7,62,14,1.3,3.2,0.7,62,14,0,28.68,-0.1,0,0,0,40.6,45.2,47.9,0.56,0.45,0.43
OLEA,2019-11-08 21:55:00 EST,42.09141,-78.40743,1500,16.5,17.7,16.5,91.4,14.4,0.000,0.039,0.00,0.000,1.2,2.3,0.6,58,15,1.6,2.9,0.7,52,22,1.6,2.9,0.7,52,22,0,28.68,-0.1,0,0,0,40.6,45.2,47.9,0.56,0.45,0.42
OLEA,2019-11-08 22:00:00 EST,42.09141,-78.40743,1500,16.5,18.1,16.5,91.9,14.5,0.000,0.039,0.00,0.000,0.4,1.2,0.4,358,11,0.8,1.7,0.5,334,16,0.8,1.7,0.5,334,16,0,28.68,-0.1,0,0,0,40.6,45.2,47.9,0.56,0.45,0.43
OLEA,2019-11-08 22:05:00 EST,42.09141,-78.40743,1500,16.8,18.3,16.8,92.4,15.0,0.000,0.039,0.00,0.000,0.4,1.3,0.4,19,9,1.0,1.7,0.4,15,14,1.0,1.7,0.4,15,14,0,28.68,-0.1,0,0,0,40.5,45.1,47.9,0.56,0.45,0.42
OLEA,2019-11-08 22:10:00 EST,42.09141,-78.40743,1500,16.8,18.3,16.8,92.4,15.0,0.000,0.039,0.00,0.000,1.0,1.5,0.3,26,11,1.4,2.0,0.3,27,11,1.4,2.0,0.3,27,11,0,28.67,-0.1,0,0,0,40.5,45.2,47.9,0.56,0.45,0.43
OLEA,2019-11-08 22:15:00 EST,42.09141,-78.40743,1500,16.6,18.2,16.6,91.3,14.5,0.000,0.039,0.00,0.000,0.6,1.3,0.4,23,5,1.1,1.7,0.4,36,21,1.1,1.7,0.4,36,21,0,28.67,-0.2,0,0,0,40.5,45.1,47.8,0.56,0.45,0.43
OLEA,2019-11-08 22:20:00 EST,42.09141,-78.40743,1500,16.0,18.0,16.0,91.1,13.8,0.000,0.039,0.00,0.000,1.0,2.6,0.9,26,7,1.5,3.0,0.8,32,17,1.5,3.0,0.8,32,17,0,28.67,-0.1,0,0,0,40.5,45.2,47.8,0.56,0.45,0.43
OLEA,2019-11-08 22:25:00 EST,42.09141,-78.40743,1500,15.9,17.8,15.9,91.7,13.9,0.000,0.039,0.00,0.000,1.2,2.4,0.6,61,27,1.6,3.3,0.6,67,28,1.6,3.3,0.6,67,28,0,28.67,-0.1,0,0,0,40.5,45.1,47.8,0.56,0.45,0.43
OLEA,2019-11-08 22:30:00 EST,42.09141,-78.40743,1500,15.5,17.7,10.2,91.6,13.5,0.000,0.039,0.00,0.000,2.7,3.4,0.3,69,5,3.3,4.2,0.5,69,7,3.3,4.2,0.5,69,7,0,28.67,-0.1,0,0,0,40.5,45.1,47.8,0.56,0.45,0.43
OLEA,2019-11-08 22:35:00 EST,42.09141,-78.40743,1500,15.9,17.9,15.9,92.5,14.1,0.000,0.039,0.00,0.000,0.9,2.7,0.8,38,22,1.2,3.0,0.8,28,28,1.2,3.0,0.8,28,28,0,28.67,-0.1,0,0,0,40.3,45.1,47.8,0.56,0.45,0.43
OLEA,2019-11-08 22:40:00 EST,42.09141,-78.40743,1500,16.6,18.3,16.6,92.7,14.8,0.000,0.039,0.00,0.000,1.4,2.1,0.3,27,12,1.7,2.8,0.5,26,13,1.7,2.8,0.5,26,13,0,28.67,-0.1,0,0,0,40.3,45.1,47.8,0.56,0.45,0.43
OLEA,2019-11-08 22:45:00 EST,42.09141,-78.40743,1500,16.9,19.0,16.9,91.6,14.9,0.000,0.039,0.00,0.000,1.3,2.3,0.5,29,17,1.5,2.7,0.5,29,16,1.5,2.7,0.5,29,16,0,28.67,-0.1,0,0,0,40.3,45.1,47.8,0.56,0.45,0.43
OLEA,2019-11-08 22:50:00 EST,42.09141,-78.40743,1500,16.8,18.7,16.8,90.2,14.5,0.000,0.039,0.00,0.000,0.4,1.3,0.4,77,8,0.8,1.9,0.6,81,15,0.8,1.9,0.6,81,15,0,28.66,-0.1,0,0,0,40.3,45.1,47.8,0.56,0.45,0.43
OLEA,2019-11-08 22:55:00 EST,42.09141,-78.40743,1500,16.7,18.3,16.7,90.4,14.4,0.000,0.039,0.00,0.000,0.2,1.0,0.4,12,3,0.7,1.7,0.6,3,12,0.7,1.7,0.6,3,12,0,28.66,-0.1,0,0,0,40.3,45.1,47.8,0.56,0.45,0.43
OLEA,2019-11-08 23:00:00 EST,42.09141,-78.40743,1500,16.8,18.6,16.8,91.8,14.9,0.000,0.039,0.00,0.000,1.5,2.3,0.5,309,20,1.7,2.5,0.5,311,12,1.7,2.5,0.5,311,12,0,28.67,-0.1,0,0,0,40.3,45.1,47.8,0.56,0.45,0.43
OLEA,2019-11-08 23:05:00 EST,42.09141,-78.40743,1500,16.3,17.9,16.3,90.9,14.1,0.000,0.039,0.00,0.000,0.4,1.5,0.5,298,31,0.6,1.8,0.7,332,44,0.6,1.8,0.7,332,44,0,28.66,-0.1,0,0,0,40.2,45.1,47.8,0.56,0.45,0.43
OLEA,2019-11-08 23:10:00 EST,42.09141,-78.40743,1500,16.4,17.7,16.4,91.3,14.3,0.000,0.039,0.00,0.000,0.2,1.5,0.4,92,3,0.5,2.1,0.6,90,21,0.5,2.1,0.6,90,21,0,28.66,-0.1,0,0,0,40.1,45.1,47.8,0.56,0.45,0.43
OLEA,2019-11-08 23:15:00 EST,42.09141,-78.40743,1500,17.0,17.9,17.0,92.4,15.1,0.000,0.039,0.00,0.000,1.4,2.3,0.4,95,17,1.8,2.9,0.4,95,21,1.8,2.9,0.4,95,21,0,28.66,-0.1,0,0,0,40.1,45.1,47.8,0.56,0.45,0.43
OLEA,2019-11-08 23:20:00 EST,42.09141,-78.40743,1500,17.6,18.1,17.6,93.0,15.9,0.000,0.039,0.00,0.000,2.1,4.1,0.9,81,15,2.6,4.9,1.0,82,16,2.6,4.9,1.0,82,16,0,28.66,-0.1,0,0,0,40.1,45.1,47.8,0.56,0.45,0.42
OLEA,2019-11-08 23:25:00 EST,42.09141,-78.40743,1500,18.0,18.2,10.5,91.0,15.8,0.000,0.039,0.00,0.000,4.5,6.9,1.1,87,11,5.1,8.9,1.4,90,10,5.1,8.9,1.4,90,10,0,28.66,-0.1,0,0,0,40.1,45.1,47.8,0.56,0.45,0.43
OLEA,2019-11-08 23:30:00 EST,42.09141,-78.40743,1500,18.2,18.3,12.2,89.5,15.7,0.000,0.039,0.00,0.000,3.4,5.3,0.7,80,12,4.0,6.1,0.9,81,12,4.0,6.1,0.9,81,12,0,28.66,-0.1,0,0,0,40.1,45.1,47.8,0.56,0.45,0.43
OLEA,2019-11-08 23:35:00 EST,42.09141,-78.40743,1500,18.5,18.4,18.5,89.0,15.8,0.000,0.039,0.00,0.000,1.8,3.9,1.1,93,18,2.2,4.6,1.2,94,19,2.2,4.6,1.2,94,19,0,28.66,-0.1,0,0,0,40.1,45.1,47.8,0.56,0.45,0.43
OLEA,2019-11-08 23:40:00 EST,42.09141,-78.40743,1500,18.7,18.5,18.7,89.4,16.1,0.000,0.039,0.00,0.000,0.4,1.5,0.4,106,9,0.7,2.0,0.6,112,28,0.7,2.0,0.6,112,28,0,28.66,-0.1,0,0,0,40.0,45.1,47.8,0.56,0.45,0.43
OLEA,2019-11-08 23:45:00 EST,42.09141,-78.40743,1500,18.7,18.6,18.7,89.2,16.1,0.000,0.039,0.00,0.000,0.5,2.8,0.7,111,16,0.8,2.8,0.8,98,30,0.8,2.8,0.8,98,30,0,28.66,-0.1,0,0,0,39.9,45.1,47.8,0.56,0.45,0.43
OLEA,2019-11-08 23:50:00 EST,42.09141,-78.40743,1500,18.6,18.5,18.6,89.0,15.9,0.000,0.039,0.00,0.000,1.7,2.7,0.4,75,9,2.2,3.4,0.5,75,11,2.2,3.4,0.5,75,11,0,28.66,-0.1,0,0,0,39.9,45.1,47.8,0.56,0.45,0.43
OLEA,2019-11-08 23:55:00 EST,42.09141,-78.40743,1500,18.6,18.4,18.6,89.2,15.9,0.000,0.039,0.00,0.000,1.9,2.6,0.4,77,9,2.3,3.3,0.4,77,11,2.3,3.3,0.4,77,11,0,28.66,-0.1,0,0,0,39.9,45.1,47.8,0.56,0.45,0.43
ONTA,2019-11-08 00:00:00 EST,43.25941,-77.37331,328,30.5,30.7,25.7,90.7,28.1,0.000,0.182,0.00,0.009,4.2,7.2,1.3,247,21,4.6,8.7,1.4,247,20,4.6,8.7,1.4,247,20,0,29.78,0.5,0,0,0,43.7,46.4,48.6,0.43,0.27,0.34
ONTA,2019-11-08 00:05:00 EST,43.25941,-77.37331,328,30.7,31.0,26.4,88.5,27.7,0.000,0.000,0.00,0.007,3.6,6.4,1.2,330,26,4.2,9.5,1.5,330,26,4.2,9.5,1.5,330,26,0,29.78,0.5,0,0,0,43.7,46.4,48.6,0.43,0.27,0.34
ONTA,2019-11-08 00:10:00 EST,43.25941,-77.37331,328,31.2,31.6,25.0,78.4,25.3,0.000,0.000,0.00,0.006,6.0,9.6,1.6,306,14,6.4,10.6,1.7,305,13,6.4,10.6,1.7,305,13,0,29.78,0.4,0,0,0,43.7,46.4,48.6,0.43,0.27,0.34
ONTA,2019-11-08 00:15:00 EST,43.25941,-77.37331,328,31.3,31.6,24.0,72.9,23.6,0.000,0.000,0.00,0.004,7.3,13.2,2.3,328,17,8.0,13.5,2.3,328,16,8.0,13.5,2.3,328,16,0,29.78,0.4,0,0,0,43.7,46.4,48.6,0.43,0.27,0.34
ONTA,2019-11-08 00:20:00 EST,43.25941,-77.37331,328,31.3,31.7,24.0,71.7,23.2,0.000,0.000,0.00,0.004,6.9,10.2,1.9,338,20,7.9,11.9,2.2,339,18,7.9,11.9,2.2,339,18,0,29.78,0.5,0,0,0,43.7,46.4,48.6,0.43,0.27,0.34
ONTA,2019-11-08 00:25:00 EST,43.25941,-77.37331,328,31.2,31.7,25.4,71.2,23.0,0.000,0.000,0.00,0.001,5.5,8.8,1.7,326,14,5.8,9.6,1.9,327,13,5.8,9.6,1.9,327,13,0,29.78,0.5,0,0,0,43.7,46.4,48.6,0.43,0.27,0.34
ONTA,2019-11-08 00:30:00 EST,43.25941,-77.37331,328,31.2,31.6,24.7,72.4,23.4,0.000,0.000,0.00,0.000,6.2,11.1,2.1,330,18,6.8,12.4,2.4,330,17,6.8,12.4,2.4,330,17,0,29.78,0.5,0,0,0,43.7,46.4,48.6,0.43,0.27,0.34
ONTA,2019-11-08 00:35:00 EST,43.25941,-77.37331,328,31.2,31.6,24.7,72.2,23.3,0.000,0.000,0.00,0.000,6.1,10.4,1.5,327,15,6.7,11.2,1.5,326,16,6.7,11.2,1.5,326,16,0,29.78,0.5,0,0,0,43.7,46.4,48.6,0.43,0.27,0.34
ONTA,2019-11-08 00:40:00 EST,43.25941,-77.37331,328,31.1,31.6,25.7,71.6,23.0,0.000,0.000,0.00,0.000,4.9,8.5,1.3,328,21,5.4,8.5,1.5,328,18,5.4,8.5,1.5,328,18,0,29.78,0.6,0,0,0,43.7,46.4,48.6,0.43,0.27,0.34
ONTA,2019-11-08 00:45:00 EST,43.25941,-77.37331,328,31.2,31.7,24.9,70.4,22.7,0.000,0.000,0.00,0.000,5.6,9.6,1.7,335,17,6.5,10.9,2.1,337,15,6.5,10.9,2.1,337,15,0,29.78,0.6,0,0,0,43.7,46.4,48.6,0.43,0.27,0.34
ONTA,2019-11-08 00:50:00 EST,43.25941,-77.37331,328,31.6,32.0,24.7,69.5,22.8,0.000,0.000,0.00,0.000,6.8,10.9,1.7,338,12,7.4,10.7,1.7,340,12,7.4,10.7,1.7,340,12,0,29.78,0.5,0,0,0,43.7,46.4,48.6,0.43,0.27,0.34
ONTA,2019-11-08 00:55:00 EST,43.25941,-77.37331,328,31.4,31.8,25.2,69.7,22.7,0.000,0.000,0.00,0.000,5.7,12.3,2.3,340,14,6.5,14.0,2.8,340,11,6.5,14.0,2.8,340,11,0,29.78,0.6,0,0,0,43.7,46.3,48.6,0.43,0.27,0.34
ONTA,2019-11-08 01:00:00 EST,43.25941,-77.37331,328,31.6,32.0,23.8,68.5,22.4,0.000,0.000,0.00,0.000,8.0,17.4,2.5,333,16,9.0,16.8,2.4,334,13,9.0,16.8,2.4,334,13,0,29.78,0.6,0,0,0,43.7,46.0,48.6,0.43,0.27,0.34
ONTA,2019-11-08 01:05:00 EST,43.25941,-77.37331,328,31.6,31.9,23.9,67.5,22.1,0.000,0.000,0.00,0.000,7.8,11.1,1.8,338,20,8.7,13.4,1.9,338,16,8.7,13.4,1.9,338,16,0,29.78,0.6,0,0,0,43.7,46.0,48.6,0.43,0.27,0.34
ONTA,2019-11-08 01:10:00 EST,43.25941,-77.37331,328,31.6,31.9,24.5,71.4,23.4,0.000,0.000,0.00,0.000,6.9,12.6,2.1,355,18,7.7,15.4,2.5,355,11,7.7,15.4,2.5,355,11,0,29.79,0.6,0,0,0,43.7,46.0,48.6,0.43,0.27,0.34
ONTA,2019-11-08 01:15:00 EST,43.25941,-77.37331,328,31.3,31.7,23.7,74.2,24.1,0.000,0.000,0.00,0.000,7.8,14.4,2.1,357,26,8.5,15.3,2.5,354,16,8.5,15.3,2.5,354,16,0,29.79,0.6,0,0,0,43.7,46.0,48.6,0.43,0.27,0.34
ONTA,2019-11-08 01:20:00 EST,43.25941,-77.37331,328,31.6,31.9,23.8,72.4,23.7,0.000,0.000,0.00,0.000,7.9,12.9,1.9,343,16,8.8,14.0,2.1,344,13,8.8,14.0,2.1,344,13,0,29.79,0.5,0,0,0,43.7,46.0,48.6,0.43,0.27,0.34
ONTA,2019-11-08 01:25:00 EST,43.25941,-77.37331,328,31.5,31.8,23.9,73.1,23.9,0.000,0.000,0.00,0.000,7.7,14.0,1.6,349,13,8.6,15.3,1.8,350,12,8.6,15.3,1.8,350,12,0,29.79,0.5,0,0,0,43.5,46.0,48.5,0.43,0.27,0.34
ONTA,2019-11-08 01:30:00 EST,43.25941,-77.37331,328,31.4,31.7,24.2,72.0,23.4,0.000,0.000,0.00,0.000,7.1,11.6,1.7,350,16,8.0,13.6,2.0,350,13,8.0,13.6,2.0,350,13,0,29.79,0.5,0,0,0,43.5,46.0,48.5,0.43,0.27,0.34
ONTA,2019-11-08 01:35:00 EST,43.25941,-77.37331,328,31.1,31.4,23.4,71.5,23.0,0.000,0.000,0.00,0.000,7.6,17.6,3.3,1,21,8.7,19.7,3.7,359,10,8.7,19.7,3.7,359,10,0,29.79,0.5,0,0,0,43.5,46.0,48.5,0.43,0.27,0.34
ONTA,2019-11-08 01:40:00 EST,43.25941,-77.37331,328,31.1,31.4,23.1,72.0,23.1,0.000,0.000,0.00,0.000,7.8,13.4,2.0,356,19,9.0,15.1,2.2,355,12,9.0,15.1,2.2,355,12,0,29.79,0.5,0,0,0,43.5,46.0,48.5,0.43,0.27,0.34
ONTA,2019-11-08 01:45:00 EST,43.25941,-77.37331,328,31.0,31.3,22.9,69.8,22.3,0.000,0.000,0.00,0.000,8.1,16.7,2.5,346,15,9.3,17.5,2.7,346,12,9.3,17.5,2.7,346,12,0,29.79,0.5,0,0,0,43.5,46.0,48.4,0.43,0.27,0.34
ONTA,2019-11-08 01:50:00 EST,43.25941,-77.37331,328,31.0,31.3,22.6,71.0,22.7,0.000,0.000,0.00,0.000,8.5,14.9,2.5,351,15,9.9,16.5,2.9,350,12,9.9,16.5,2.9,350,12,0,29.79,0.5,0,0,0,43.5,46.0,48.4,0.43,0.27,0.34
ONTA,2019-11-08 01:55:00 EST,43.25941,-77.37331,328,30.9,31.1,22.6,71.1,22.6,0.000,0.000,0.00,0.000,8.2,17.2,2.5,355,19,9.6,18.0,2.7,354,11,9.6,18.0,2.7,354,11,0,29.80,0.4,0,0,0,43.5,46.0,48.4,0.43,0.27,0.34
ONTA,2019-11-08 02:00:00 EST,43.25941,-77.37331,328,30.7,31.0,22.0,70.2,22.2,0.000,0.000,0.00,0.000,8.8,15.9,2.7,358,20,10.3,17.9,3.0,358,11,10.3,17.9,3.0,358,11,0,29.80,0.4,0,0,0,43.5,46.0,48.4,0.43,0.27,0.34
ONTA,2019-11-08 02:05:00 EST,43.25941,-77.37331,328,30.9,31.2,22.7,68.9,21.9,0.000,0.000,0.00,0.000,8.5,13.7,2.0,341,16,9.4,15.5,2.2,343,11,9.4,15.5,2.2,343,11,0,29.80,0.4,0,0,0,43.5,46.0,48.4,0.43,0.27,0.34
ONTA,2019-11-08 02:10:00 EST,43.25941,-77.37331,328,30.8,31.1,22.8,68.5,21.7,0.000,0.000,0.00,0.000,7.8,14.8,2.8,344,15,8.9,16.2,3.1,346,13,8.9,16.2,3.1,346,13,0,29.80,0.4,0,0,0,43.5,46.0,48.4,0.43,0.27,0.34
ONTA,2019-11-08 02:15:00 EST,43.25941,-77.37331,328,30.7,31.0,22.3,69.2,21.8,0.000,0.000,0.00,0.000,8.5,16.4,3.4,348,21,9.7,18.7,3.5,347,11,9.7,18.7,3.5,347,11,0,29.80,0.4,0,0,0,43.5,46.0,48.4,0.43,0.27,0.34
ONTA,2019-11-08 02:20:00 EST,43.25941,-77.37331,328,30.7,31.0,22.0,66.0,20.7,0.000,0.000,0.00,0.000,9.1,13.7,1.9,349,16,10.3,16.2,2.3,349,12,10.3,16.2,2.3,349,12,0,29.80,0.4,0,0,0,43.5,46.0,48.4,0.43,0.27,0.34
ONTA,2019-11-08 02:25:00 EST,43.25941,-77.37331,328,30.5,30.7,21.4,68.3,21.3,0.000,0.000,0.00,0.000,9.9,18.0,3.0,341,22,10.9,20.1,3.3,342,13,10.9,20.1,3.3,342,13,0,29.80,0.3,0,0,0,43.5,46.0,48.4,0.43,0.27,0.34
ONTA,2019-11-08 02:30:00 EST,43.25941,-77.37331,328,30.4,30.7,21.6,66.7,20.6,0.000,0.000,0.00,0.000,9.5,15.6,2.3,337,19,10.3,17.2,2.5,341,14,10.3,17.2,2.5,341,14,0,29.80,0.4,0,0,0,43.5,46.0,48.4,0.43,0.27,0.34
ONTA,2019-11-08 02:35:00 EST,43.25941,-77.37331,328,30.3,30.6,21.6,66.3,20.4,0.000,0.000,0.00,0.000,9.3,15.6,2.7,342,15,10.2,19.0,3.0,343,13,10.2,19.0,3.0,343,13,0,29.80,0.4,0,0,0,43.5,45.9,48.4,0.43,0.27,0.34
ONTA,2019-11-08 02:40:00 EST,43.25941,-77.37331,328,30.3,30.6,21.8,65.1,20.0,0.000,0.000,0.00,0.000,8.9,14.3,2.3,338,15,9.8,15.9,2.4,339,12,9.8,15.9,2.4,339,12,0,29.81,0.4,0,0,0,43.5,46.0,48.4,0.43,0.27,0.34
ONTA,2019-11-08 02:45:00 EST,43.25941,-77.37331,328,30.1,30.4,21.5,64.7,19.6,0.000,0.000,0.00,0.000,8.7,15.2,2.4,350,20,9.7,17.9,2.7,350,16,9.7,17.9,2.7,350,16,0,29.80,0.4,0,0,0,43.3,45.9,48.4,0.43,0.27,0.34
ONTA,2019-11-08 02:50:00 EST,43.25941,-77.37331,328,30.0,30.3,21.4,64.1,19.3,0.000,0.000,0.00,0.000,8.5,14.8,2.5,343,16,9.7,15.1,2.6,343,14,9.7,15.1,2.6,343,14,0,29.80,0.4,0,0,0,43.3,45.9,48.4,0.43,0.27,0.34
ONTA,2019-11-08 02:55:00 EST,43.25941,-77.37331,328,29.8,30.2,23.0,65.0,19.5,0.000,0.000,0.00,0.000,6.1,14.5,2.4,341,19,6.9,14.8,2.6,343,15,6.9,14.8,2.6,343,15,0,29.80,0.4,0,0,0,43.3,45.9,48.4,0.43,0.27,0.34
ONTA,2019-11-08 03:00:00 EST,43.25941,-77.37331,328,29.8,30.1,23.0,64.5,19.2,0.000,0.000,0.00,0.000,6.0,13.7,1.8,338,18,6.7,14.2,1.9,336,17,6.7,14.2,1.9,336,17,0,29.80,0.4,0,0,0,43.3,45.9,48.4,0.43,0.27,0.34
ONTA,2019-11-08 03:05:00 EST,43.25941,-77.37331,328,29.9,30.2,22.7,64.0,19.2,0.000,0.000,0.00,0.000,6.9,13.1,2.3,330,14,7.5,13.9,2.3,330,14,7.5,13.9,2.3,330,14,0,29.81,0.4,0,0,0,43.3,45.9,48.4,0.43,0.27,0.34
ONTA,2019-11-08 03:10:00 EST,43.25941,-77.37331,328,30.1,30.3,21.7,63.6,19.2,0.000,0.000,0.00,0.000,8.9,13.9,2.4,328,12,9.4,14.5,2.5,329,13,9.4,14.5,2.5,329,13,0,29.81,0.4,0,0,0,43.3,45.9,48.4,0.43,0.27,0.34
ONTA,2019-11-08 03:15:00 EST,43.25941,-77.37331,328,30.0,30.2,22.3,64.8,19.6,0.000,0.000,0.00,0.000,7.1,15.9,2.7,330,19,8.1,18.7,3.1,332,16,8.1,18.7,3.1,332,16,0,29.81,0.4,0,0,0,43.3,45.9,48.4,0.43,0.27,0.34
ONTA,2019-11-08 03:20:00 EST,43.25941,-77.37331,328,30.1,30.3,21.2,62.9,18.9,0.000,0.000,0.00,0.000,9.2,14.9,2.2,327,17,10.2,16.5,2.3,329,16,10.2,16.5,2.3,329,16,0,29.81,0.4,0,0,0,43.3,45.9,48.4,0.43,0.27,0.34
ONTA,2019-11-08 03:25:00 EST,43.25941,-77.37331,328,30.0,30.3,20.6,62.6,18.8,0.000,0.000,0.00,0.000,11.0,15.3,2.1,326,15,11.4,16.9,2.2,326,14,11.4,16.9,2.2,326,14,0,29.81,0.4,0,0,0,43.3,45.9,48.4,0.43,0.27,0.34
ONTA,2019-11-08 03:30:00 EST,43.25941,-77.37331,328,30.1,30.3,21.3,63.4,19.1,0.000,0.000,0.00,0.000,9.2,14.8,2.7,331,16,10.1,16.9,2.7,333,14,10.1,16.9,2.7,333,14,0,29.81,0.4,0,0,0,43.3,45.9,48.4,0.43,0.27,0.34
ONTA,2019-11-08 03:35:00 EST,43.25941,-77.37331,328,29.9,30.2,20.5,63.6,19.1,0.000,0.000,0.00,0.000,10.6,15.5,2.8,320,15,11.3,17.3,3.0,320,14,11.3,17.3,3.0,320,14,0,29.81,0.4,0,0,0,43.2,45.9,48.4,0.43,0.27,0.34
ONTA,2019-11-08 03:40:00 EST,43.25941,-77.37331,328,29.9,30.1,21.1,62.0,18.5,0.000,0.000,0.00,0.000,9.2,15.0,2.6,314,18,10.0,16.6,2.5,313,17,10.0,16.6,2.5,313,17,0,29.81,0.4,0,0,0,43.2,45.9,48.4,0.43,0.27,0.34
ONTA,2019-11-08 03:45:00 EST,43.25941,-77.37331,328,29.8,30.0,21.5,64.6,19.3,0.000,0.000,0.00,0.000,8.4,16.5,2.8,325,18,9.2,16.5,3.0,326,19,9.2,16.5,3.0,326,19,0,29.81,0.3,0,0,0,43.2,45.9,48.4,0.43,0.27,0.34
ONTA,2019-11-08 03:50:00 EST,43.25941,-77.37331,328,29.8,30.1,20.5,65.0,19.5,0.000,0.000,0.00,0.000,10.3,16.0,2.6,329,16,11.0,18.0,2.8,330,16,11.0,18.0,2.8,330,16,0,29.81,0.3,0,0,0,43.2,45.9,48.4,0.43,0.27,0.34
ONTA,2019-11-08 03:55:00 EST,43.25941,-77.37331,328,30.0,30.2,20.3,63.0,18.9,0.000,0.000,0.00,0.000,11.2,18.3,3.1,329,15,11.9,20.4,3.3,330,14,11.9,20.4,3.3,330,14,0,29.81,0.3,0,0,0,43.2,45.9,48.4,0.43,0.27,0.34
ONTA,2019-11-08 04:00:00 EST,43.25941,-77.37331,328,30.0,30.2,20.7,61.1,18.2,0.000,0.000,0.00,0.000,10.5,17.2,2.7,316,14,11.1,17.5,2.7,316,14,11.1,17.5,2.7,316,14,0,29.82,0.3,0,0,0,43.2,45.9,48.4,0.43,0.27,0.34
ONTA,2019-11-08 04:05:00 EST,43.25941,-77.37331,328,29.8,30.1,20.7,62.5,18.6,0.000,0.000,0.00,0.000,10.1,16.5,2.6,325,17,10.7,19.0,2.7,324,15,10.7,19.0,2.7,324,15,0,29.82,0.3,0,0,0,43.2,45.9,48.4,0.43,0.27,0.34
ONTA,2019-11-08 04:10:00 EST,43.25941,-77.37331,328,29.7,29.9,20.1,62.1,18.4,0.000,0.000,0.00,0.000,10.5,21.4,2.8,331,16,11.6,22.1,3.0,332,14,11.6,22.1,3.0,332,14,0,29.82,0.3,0,0,0,43.2,45.9,48.4,0.43,0.27,0.34
ONTA,2019-11-08 04:15:00 EST,43.25941,-77.37331,328,29.6,29.9,20.2,61.6,18.0,0.000,0.000,0.00,0.000,10.4,18.5,3.3,329,14,11.1,20.1,3.3,329,14,11.1,20.1,3.3,329,14,0,29.82,0.3,0,0,0,43.2,45.9,48.4,0.43,0.27,0.34
ONTA,2019-11-08 04:20:00 EST,43.25941,-77.37331,328,29.5,29.8,20.0,60.7,17.6,0.000,0.000,0.00,0.000,10.7,15.7,2.4,323,15,11.3,16.1,2.6,322,15,11.3,16.1,2.6,322,15,0,29.82,0.3,0,0,0,43.2,45.9,48.4,0.43,0.27,0.34
ONTA,2019-11-08 04:25:00 EST,43.25941,-77.37331,328,29.5,29.7,20.1,61.1,17.7,0.000,0.000,0.00,0.000,10.1,16.3,2.8,319,14,10.9,17.5,2.7,316,14,10.9,17.5,2.7,316,14,0,29.82,0.3,0,0,0,43.2,45.9,48.4,0.43,0.27,0.34
ONTA,2019-11-08 04:30:00 EST,43.25941,-77.37331,328,29.4,29.6,21.1,59.6,17.1,0.000,0.000,0.00,0.000,8.4,13.1,2.1,310,17,9.0,14.6,2.3,310,15,9.0,14.6,2.3,310,15,0,29.82,0.3,0,0,0,43.2,45.9,48.3,0.43,0.27,0.34
ONTA,2019-11-08 04:35:00 EST,43.25941,-77.37331,328,29.5,29.8,20.2,62.4,18.2,0.000,0.000,0.00,0.000,10.1,18.5,2.7,316,18,10.7,17.2,2.8,316,15,10.7,17.2,2.8,316,15,0,29.82,0.3,0,0,0,43.2,45.8,48.3,0.43,0.27,0.34
ONTA,2019-11-08 04:40:00 EST,43.25941,-77.37331,328,29.5,29.7,19.8,65.2,19.2,0.000,0.000,0.00,0.000,11.0,16.0,2.7,320,14,11.8,17.6,3.0,320,15,11.8,17.6,3.0,320,15,0,29.82,0.3,0,0,0,43.0,45.8,48.3,0.43,0.27,0.34
ONTA,2019-11-08 04:45:00 EST,43.25941,-77.37331,328,29.4,29.6,20.2,66.3,19.6,0.000,0.000,0.00,0.000,10.0,16.8,2.8,318,18,10.8,17.7,2.7,318,16,10.8,17.7,2.7,318,16,0,29.83,0.3,0,0,0,43.0,45.7,48.3,0.43,0.27,0.34
ONTA,2019-11-08 04:50:00 EST,43.25941,-77.37331,328,29.5,29.7,19.2,62.7,18.4,0.000,0.000,0.00,0.000,12.7,17.0,2.4,308,10,13.0,18.8,2.6,307,10,13.0,18.8,2.6,307,10,0,29.83,0.3,0,0,0,43.0,45.7,48.2,0.43,0.27,0.34
ONTA,2019-11-08 04:55:00 EST,43.25941,-77.37331,328,29.4,29.6,19.6,63.9,18.7,0.000,0.000,0.00,0.000,11.2,17.4,2.4,323,12,11.9,18.5,2.4,323,11,11.9,18.5,2.4,323,11,0,29.83,0.3,0,0,0,43.0,45.7,48.2,0.43,0.27,0.34
ONTA,2019-11-08 05:00:00 EST,43.25941,-77.37331,328,29.3,29.5,20.2,64.0,18.6,0.000,0.000,0.00,0.000,9.6,17.4,3.1,323,14,10.3,17.8,2.9,322,14,10.3,17.8,2.9,322,14,0,29.83,0.3,0,0,0,43.0,45.7,48.2,0.43,0.27,0.34
ONTA,2019-11-08 05:05:00 EST,43.25941,-77.37331,328,29.2,29.4,18.9,64.6,18.7,0.000,0.000,0.00,0.000,12.1,17.1,2.6,312,14,12.6,18.4,2.7,312,12,12.6,18.4,2.7,312,12,0,29.83,0.3,0,0,0,43.0,45.7,48.2,0.43,0.27,0.34
ONTA,2019-11-08 05:10:00 EST,43.25941,-77.37331,328,29.0,29.3,19.7,64.0,18.4,0.000,0.000,0.00,0.000,10.3,17.1,3.0,327,13,10.8,17.8,2.9,328,12,10.8,17.8,2.9,328,12,0,29.83,0.3,0,0,0,43.0,45.7,48.2,0.43,0.27,0.34
ONTA,2019-11-08 05:15:00 EST,43.25941,-77.37331,328,29.0,29.3,19.3,64.0,18.4,0.000,0.000,0.00,0.000,10.9,17.2,2.7,321,12,11.5,17.2,2.7,320,12,11.5,17.2,2.7,320,12,0,29.84,0.3,0,0,0,43.0,45.7,48.2,0.43,0.27,0.34
ONTA,2019-11-08 05:20:00 EST,43.25941,-77.37331,328,28.8,29.0,19.1,62.8,17.7,0.000,0.000,0.00,0.000,10.4,16.0,2.9,331,19,11.2,18.4,3.0,331,14,11.2,18.4,3.0,331,14,0,29.84,0.3,0,0,0,43.0,45.7,48.2,0.43,0.27,0.34
ONTA,2019-11-08 05:25:00 EST,43.25941,-77.37331,328,28.6,28.9,19.2,62.5,17.4,0.000,0.000,0.00,0.000,9.8,16.7,2.9,331,14,10.6,18.5,3.2,332,13,10.6,18.5,3.2,332,13,0,29.84,0.3,0,0,0,43.0,45.7,48.2,0.43,0.27,0.34
ONTA,2019-11-08 05:30:00 EST,43.25941,-77.37331,328,28.6,28.9,20.1,62.6,17.5,0.000,0.000,0.00,0.000,8.3,12.5,1.8,329,16,9.1,14.6,1.9,329,14,9.1,14.6,1.9,329,14,0,29.84,0.3,0,0,0,43.0,45.7,48.2,0.43,0.27,0.34
ONTA,2019-11-08 05:35:00 EST,43.25941,-77.37331,328,28.6,28.8,19.3,62.3,17.3,0.000,0.000,0.00,0.000,9.6,19.1,3.2,328,15,10.4,21.3,3.4,328,12,10.4,21.3,3.4,328,12,0,29.85,0.3,0,0,0,43.0,45.7,48.2,0.43,0.27,0.34
ONTA,2019-11-08 05:40:00 EST,43.25941,-77.37331,328,28.5,28.7,19.2,61.8,17.1,0.000,0.000,0.00,0.000,9.7,17.5,2.7,325,16,10.4,18.0,2.9,325,16,10.4,18.0,2.9,325,16,0,29.85,0.3,0,0,0,42.9,45.7,48.2,0.43,0.27,0.34
ONTA,2019-11-08 05:45:00 EST,43.25941,-77.37331,328,28.5,28.7,17.9,60.9,16.7,0.000,0.000,0.00,0.000,12.3,22.3,3.5,325,19,13.1,21.6,3.3,323,14,13.1,21.6,3.3,323,14,0,29.85,0.2,0,0,0,42.8,45.7,48.2,0.43,0.27,0.34
ONTA,2019-11-08 05:50:00 EST,43.25941,-77.37331,328,28.5,28.6,18.5,60.9,16.7,0.000,0.000,0.00,0.000,11.0,17.2,2.5,325,13,11.7,18.1,2.6,324,12,11.7,18.1,2.6,324,12,0,29.85,0.2,0,0,0,42.8,45.7,48.2,0.43,0.27,0.34
ONTA,2019-11-08 05:55:00 EST,43.25941,-77.37331,328,28.5,28.7,18.9,63.4,17.6,0.000,0.000,0.00,0.000,10.4,20.6,3.9,319,15,10.9,21.5,3.7,319,15,10.9,21.5,3.7,319,15,0,29.85,0.2,0,0,0,42.8,45.7,48.2,0.43,0.27,0.34
ONTA,2019-11-08 06:00:00 EST,43.25941,-77.37331,328,28.5,28.7,18.8,62.8,17.4,0.000,0.000,0.00,0.000,10.4,18.8,2.4,315,13,11.0,19.3,2.4,312,13,11.0,19.3,2.4,312,13,0,29.86,0.2,0,0,0,42.8,45.7,48.2,0.43,0.27,0.34
ONTA,2019-11-08 06:05:00 EST,43.25941,-77.37331,328,28.3,28.5,18.5,64.2,17.8,0.000,0.000,0.00,0.000,10.2,17.0,2.4,326,16,11.3,19.3,2.6,327,15,11.3,19.3,2.6,327,15,0,29.86,0.2,0,0,0,42.8,45.6,48.2,0.43,0.27,0.34
ONTA,2019-11-08 06:10:00 EST,43.25941,-77.37331,328,28.4,28.5,19.1,63.7,17.6,0.000,0.000,0.00,0.000,9.6,16.3,2.6,311,16,10.2,18.3,2.8,312,14,10.2,18.3,2.8,312,14,0,29.86,0.2,0,0,0,42.8,45.6,48.2,0.43,0.27,0.34
ONTA,2019-11-08 06:15:00 EST,43.25941,-77.37331,328,28.4,28.5,19.3,65.4,18.2,0.000,0.000,0.00,0.000,8.8,14.8,2.5,336,22,9.9,18.4,2.8,335,16,9.9,18.4,2.8,335,16,0,29.87,0.2,0,0,0,42.8,45.6,48.2,0.43,0.27,0.34
ONTA,2019-11-08 06:20:00 EST,43.25941,-77.37331,328,28.1,28.2,18.5,68.8,19.2,0.000,0.000,0.00,0.000,9.6,17.8,3.2,336,22,10.7,20.1,3.4,337,19,10.7,20.1,3.4,337,19,0,29.87,0.2,0,0,0,42.8,45.5,48.2,0.43,0.27,0.34
ONTA,2019-11-08 06:25:00 EST,43.25941,-77.37331,328,28.1,28.3,18.0,68.5,19.1,0.000,0.000,0.00,0.000,11.4,18.1,2.9,325,14,11.8,18.6,2.8,325,13,11.8,18.6,2.8,325,13,0,29.87,0.2,0,0,0,42.8,45.5,48.2,0.43,0.27,0.34
ONTA,2019-11-08 06:30:00 EST,43.25941,-77.37331,328,27.9,28.0,17.9,66.6,18.3,0.000,0.000,0.00,0.000,10.9,18.7,2.8,317,14,11.6,20.1,3.0,318,13,11.6,20.1,3.0,318,13,0,29.87,0.2,0,0,0,42.8,45.5,48.2,0.43,0.27,0.34
ONTA,2019-11-08 06:35:00 EST,43.25941,-77.37331,328,27.9,28.1,16.9,63.2,17.0,0.000,0.000,0.00,0.000,12.7,20.3,3.5,330,15,13.8,22.0,3.7,329,12,13.8,22.0,3.7,329,12,0,29.87,0.2,0,0,0,42.8,45.5,48.2,0.43,0.27,0.34
ONTA,2019-11-08 06:40:00 EST,43.25941,-77.37331,328,28.1,28.3,18.1,62.1,16.8,0.000,0.000,0.00,0.000,10.7,18.5,2.6,331,16,11.5,19.3,2.7,332,14,11.5,19.3,2.7,332,14,0,29.87,0.2,0,0,0,42.7,45.5,48.2,0.43,0.27,0.34
ONTA,2019-11-08 06:45:00 EST,43.25941,-77.37331,328,28.0,28.2,17.2,64.5,17.6,0.000,0.000,0.00,0.000,12.1,20.6,3.3,333,20,13.2,22.2,3.4,335,16,13.2,22.2,3.4,335,16,1,29.88,0.2,0,0,0,42.7,45.5,48.2,0.43,0.27,0.34
ONTA,2019-11-08 06:50:00 EST,43.25941,-77.37331,328,28.0,28.2,17.9,62.4,16.8,0.000,0.000,0.00,0.000,10.8,19.1,2.9,327,19,11.8,20.3,3.3,329,15,11.8,20.3,3.3,329,15,1,29.88,0.2,0,0,0,42.6,45.5,48.2,0.43,0.27,0.34
ONTA,2019-11-08 06:55:00 EST,43.25941,-77.37331,328,27.8,28.0,18.1,65.0,17.5,0.000,0.000,0.00,0.000,9.9,16.4,2.9,334,16,10.7,17.8,2.9,332,13,10.7,17.8,2.9,332,13,2,29.88,0.2,0,0,0,42.6,45.5,48.2,0.43,0.27,0.34
ONTA,2019-11-08 07:00:00 EST,43.25941,-77.37331,328,27.6,27.8,17.2,65.4,17.5,0.000,0.000,0.00,0.000,11.3,18.3,2.8,332,16,12.2,20.6,3.1,333,13,12.2,20.6,3.1,333,13,3,29.89,0.2,0,0,0,42.6,45.5,48.2,0.43,0.27,0.34
ONTA,2019-11-08 07:05:00 EST,43.25941,-77.37331,328,27.6,27.8,18.7,65.0,17.4,0.000,0.000,0.00,0.000,8.3,14.7,2.4,335,21,9.4,17.5,2.7,335,19,9.4,17.5,2.7,335,19,4,29.89,0.2,0,0,0,42.6,45.5,48.1,0.43,0.27,0.34
ONTA,2019-11-08 07:10:00 EST,43.25941,-77.37331,328,27.6,27.8,18.8,64.9,17.4,0.000,0.000,0.00,0.000,8.6,13.6,2.3,324,19,9.1,14.3,2.4,325,15,9.1,14.3,2.4,325,15,5,29.89,0.2,0,0,0,42.6,45.5,48.1,0.43,0.27,0.34
ONTA,2019-11-08 07:15:00 EST,43.25941,-77.37331,328,27.6,27.8,17.9,61.1,15.9,0.000,0.000,0.00,0.000,9.7,17.4,2.5,331,18,10.8,19.2,2.9,330,15,10.8,19.2,2.9,330,15,9,29.89,0.2,0,0,0,42.6,45.5,48.1,0.43,0.27,0.34
ONTA,2019-11-08 07:20:00 EST,43.25941,-77.37331,328,27.7,27.9,17.8,59.0,15.2,0.000,0.000,0.00,0.000,10.3,19.7,2.9,329,14,11.3,19.9,2.9,330,13,11.3,19.9,2.9,330,13,12,29.89,0.2,0,0,0,42.6,45.5,48.1,0.43,0.27,0.34
ONTA,2019-11-08 07:25:00 EST,43.25941,-77.37331,328,27.6,27.7,17.1,60.7,15.7,0.000,0.000,0.00,0.000,10.7,17.7,3.1,350,16,12.3,21.7,3.7,350,12,12.3,21.7,3.7,350,12,14,29.90,0.2,0,0,0,42.6,45.5,48.1,0.43,0.27,0.34
ONTA,2019-11-08 07:30:00 EST,43.25941,-77.37331,328,27.7,27.8,18.1,61.8,16.3,0.000,0.000,0.00,0.000,9.4,15.2,2.5,339,17,10.4,17.7,2.6,340,15,10.4,17.7,2.6,340,15,20,29.90,0.2,0,0,0,42.6,45.5,48.0,0.43,0.27,0.34
ONTA,2019-11-08 07:35:00 EST,43.25941,-77.37331,328,27.9,28.0,18.8,61.5,16.3,0.000,0.000,0.00,0.000,8.8,16.0,2.7,338,16,9.6,19.2,2.9,339,14,9.6,19.2,2.9,339,14,27,29.90,0.2,0,0,0,42.5,45.5,48.0,0.43,0.27,0.34
ONTA,2019-11-08 07:40:00 EST,43.25941,-77.37331,328,27.8,27.9,18.3,59.8,15.6,0.000,0.000,0.00,0.000,9.2,16.6,2.7,342,23,10.4,17.0,2.6,342,13,10.4,17.0,2.6,342,13,34,29.91,0.2,0,0,0,42.4,45.5,48.0,0.43,0.27,0.34
ONTA,2019-11-08 07:45:00 EST,43.25941,-77.37331,328,27.7,27.8,19.0,60.1,15.6,0.000,0.000,0.00,0.000,8.1,12.6,2.1,323,20,9.0,14.0,2.1,324,14,9.0,14.0,2.1,324,14,37,29.91,0.2,0,0,0,42.4,45.5,48.0,0.43,0.27,0.34
ONTA,2019-11-08 07:50:00 EST,43.25941,-77.37331,328,27.7,27.8,18.1,61.5,16.2,0.000,0.000,0.00,0.000,9.7,16.1,2.4,325,14,10.5,19.0,2.4,326,11,10.5,19.0,2.4,326,11,30,29.91,0.1,0,0,0,42.4,45.5,48.0,0.43,0.27,0.34
ONTA,2019-11-08 07:55:00 EST,43.25941,-77.37331,328,26.8,26.8,17.1,69.9,18.3,0.000,0.000,0.00,0.000,9.6,15.8,2.5,329,19,10.3,18.1,2.6,333,16,10.3,18.1,2.6,333,16,21,29.91,0.1,0,0,0,42.4,45.5,48.0,0.43,0.27,0.34
ONTA,2019-11-08 08:00:00 EST,43.25941,-77.37331,328,26.3,26.4,18.0,73.3,19.0,0.000,0.000,0.00,0.000,7.4,11.5,1.7,307,16,7.9,12.6,1.8,308,15,7.9,12.6,1.8,308,15,26,29.91,0.1,0,0,0,42.4,45.4,48.0,0.43,0.27,0.34
ONTA,2019-11-08 08:05:00 EST,43.25941,-77.37331,328,26.8,26.9,17.8,69.7,18.2,0.000,0.000,0.00,0.000,8.4,13.1,2.0,325,16,9.1,14.3,2.2,325,16,9.1,14.3,2.2,325,16,35,29.92,0.1,0,0,0,42.4,45.3,48.0,0.43,0.27,0.34
ONTA,2019-11-08 08:10:00 EST,43.25941,-77.37331,328,27.3,27.4,18.5,65.7,17.3,0.000,0.000,0.00,0.000,8.5,14.6,2.7,322,16,8.9,14.1,2.5,322,15,8.9,14.1,2.5,322,15,50,29.92,0.1,0,0,0,42.4,45.3,48.0,0.43,0.27,0.34
ONTA,2019-11-08 08:15:00 EST,43.25941,-77.37331,328,27.5,27.6,17.0,61.4,16.0,0.000,0.000,0.00,0.000,12.0,18.9,2.7,310,10,12.4,19.7,2.7,309,10,12.4,19.7,2.7,309,10,55,29.92,0.0,0,0,0,42.4,45.3,48.0,0.43,0.27,0.34
ONTA,2019-11-08 08:20:00 EST,43.25941,-77.37331,328,27.3,27.4,17.4,64.8,17.0,0.000,0.000,0.00,0.000,10.4,15.8,2.3,311,16,11.1,16.5,2.5,311,15,11.1,16.5,2.5,311,15,43,29.92,0.1,0,0,0,42.4,45.3,48.0,0.43,0.27,0.34
ONTA,2019-11-08 08:25:00 EST,43.25941,-77.37331,328,27.4,27.5,18.9,65.4,17.3,0.000,0.000,0.00,0.000,8.1,12.3,2.2,311,13,8.6,13.3,2.2,310,13,8.6,13.3,2.2,310,13,41,29.92,0.1,0,0,0,42.4,45.3,48.0,0.43,0.27,0.34
ONTA,2019-11-08 08:30:00 EST,43.25941,-77.37331,328,27.6,27.7,19.4,64.3,17.1,0.000,0.000,0.00,0.000,7.7,13.7,2.2,316,21,8.2,15.4,2.4,314,20,8.2,15.4,2.4,314,20,41,29.93,0.1,0,0,0,42.4,45.3,48.0,0.43,0.27,0.34
ONTA,2019-11-08 08:35:00 EST,43.25941,-77.37331,328,27.5,27.6,17.6,61.1,15.9,0.000,0.000,0.00,0.000,10.6,17.0,2.9,316,18,11.1,18.1,3.0,317,17,11.1,18.1,3.0,317,17,57,29.92,0.1,0,0,0,42.4,45.3,48.0,0.43,0.27,0.34
ONTA,2019-11-08 08:40:00 EST,43.25941,-77.37331,328,27.6,27.7,17.1,62.3,16.4,0.000,0.000,0.00,0.000,11.2,18.6,3.1,325,23,12.3,19.4,3.3,326,18,12.3,19.4,3.3,326,18,60,29.93,0.0,0,0,0,42.4,45.3,48.0,0.43,0.27,0.34
ONTA,2019-11-08 08:45:00 EST,43.25941,-77.37331,328,27.3,27.4,16.5,65.0,17.1,0.000,0.000,0.00,0.000,12.0,19.8,3.5,328,11,12.8,21.0,3.3,330,10,12.8,21.0,3.3,330,10,76,29.93,0.1,0,0,0,42.4,45.3,48.0,0.43,0.27,0.34
ONTA,2019-11-08 08:50:00 EST,43.25941,-77.37331,328,27.4,27.4,19.1,65.4,17.3,0.000,0.000,0.00,0.000,7.1,14.4,2.1,341,15,8.2,16.5,2.2,341,14,8.2,16.5,2.2,341,14,93,29.93,0.1,0,0,0,42.3,45.3,48.0,0.43,0.27,0.34
ONTA,2019-11-08 08:55:00 EST,43.25941,-77.37331,328,27.7,27.8,18.2,62.5,16.6,0.000,0.000,0.00,0.000,9.6,18.8,2.9,321,14,10.4,18.2,2.8,319,14,10.4,18.2,2.8,319,14,104,29.93,0.1,0,0,0,42.3,45.3,48.0,0.43,0.27,0.34
ONTA,2019-11-08 09:00:00 EST,43.25941,-77.37331,328,27.7,27.6,18.1,65.2,17.5,0.000,0.000,0.00,0.000,9.5,15.3,1.9,327,23,10.5,17.6,2.2,329,23,10.5,17.6,2.2,329,23,102,29.93,0.0,0,0,0,42.3,45.3,48.0,0.43,0.27,0.34
ONTA,2019-11-08 09:05:00 EST,43.25941,-77.37331,328,27.5,27.5,19.2,68.7,18.5,0.000,0.000,0.00,0.000,7.4,12.2,2.0,329,16,8.2,13.1,2.2,329,17,8.2,13.1,2.2,329,17,80,29.93,0.0,0,0,0,42.3,45.3,48.0,0.43,0.27,0.34
ONTA,2019-11-08 09:10:00 EST,43.25941,-77.37331,328,27.0,27.0,16.2,71.6,19.0,0.000,0.000,0.00,0.000,11.9,21.0,3.5,323,17,12.7,20.4,3.3,325,17,12.7,20.4,3.3,325,17,67,29.94,-0.0,0,0,0,42.3,45.3,48.0,0.43,0.27,0.34
ONTA,2019-11-08 09:15:00 EST,43.25941,-77.37331,328,26.3,26.2,16.5,77.2,20.1,0.000,0.000,0.00,0.000,9.3,14.1,2.2,335,14,10.3,15.9,2.4,336,13,10.3,15.9,2.4,336,13,93,29.94,0.0,0,0,0,42.3,45.2,48.0,0.43,0.27,0.34
ONTA,2019-11-08 09:20:00 EST,43.25941,-77.37331,328,26.7,26.7,18.6,73.0,19.2,0.000,0.000,0.00,0.000,7.2,11.3,2.0,321,13,7.8,13.5,2.2,322,12,7.8,13.5,2.2,322,12,151,29.93,0.1,0,0,0,42.3,45.2,48.0,0.43,0.27,0.34
ONTA,2019-11-08 09:25:00 EST,43.25941,-77.37331,328,27.4,27.4,18.2,69.9,18.8,0.000,0.000,0.00,0.000,9.1,18.1,3.4,317,18,9.7,19.8,3.3,318,19,9.7,19.8,3.3,318,19,106,29.94,-0.1,0,0,0,42.3,45.1,48.0,0.43,0.27,0.34
ONTA,2019-11-08 09:30:00 EST,43.25941,-77.37331,328,27.1,27.1,18.1,70.6,18.9,0.000,0.000,0.00,0.000,8.7,14.8,2.1,300,16,9.3,15.7,2.2,299,15,9.3,15.7,2.2,299,15,95,29.93,-0.1,0,0,0,42.3,45.1,48.0,0.43,0.27,0.34
ONTA,2019-11-08 09:35:00 EST,43.25941,-77.37331,328,27.1,27.1,17.8,69.3,18.4,0.000,0.000,0.00,0.000,9.4,17.2,2.4,313,16,9.8,18.0,2.5,312,15,9.8,18.0,2.5,312,15,96,29.94,-0.0,0,0,0,42.3,45.1,48.0,0.43,0.27,0.34
ONTA,2019-11-08 09:40:00 EST,43.25941,-77.37331,328,27.6,27.6,18.5,67.5,18.3,0.000,0.000,0.00,0.000,8.8,14.8,3.0,326,19,9.7,15.9,3.0,326,19,9.7,15.9,3.0,326,19,148,29.94,-0.0,0,0,0,42.3,45.1,48.0,0.43,0.27,0.34
ONTA,2019-11-08 09:45:00 EST,43.25941,-77.37331,328,27.6,27.6,17.5,67.8,18.4,0.000,0.000,0.00,0.000,10.8,19.1,2.8,329,15,11.5,20.3,3.0,329,14,11.5,20.3,3.0,329,14,154,29.94,0.0,0,0,0,42.3,45.1,48.0,0.43,0.27,0.34
ONTA,2019-11-08 09:50:00 EST,43.25941,-77.37331,328,27.4,27.4,17.5,70.2,19.0,0.000,0.000,0.00,0.000,9.7,14.4,2.4,340,20,11.0,17.1,2.6,342,15,11.0,17.1,2.6,342,15,127,29.94,0.1,0,0,0,42.3,45.1,48.0,0.43,0.27,0.34
ONTA,2019-11-08 09:55:00 EST,43.25941,-77.37331,328,27.6,27.6,18.3,66.5,17.9,0.000,0.000,0.00,0.000,9.1,13.6,2.3,322,13,10.0,15.3,2.1,322,13,10.0,15.3,2.1,322,13,160,29.94,0.1,0,0,0,42.3,45.1,47.9,0.43,0.27,0.34
ONTA,2019-11-08 10:00:00 EST,43.25941,-77.37331,328,27.8,27.7,18.2,64.6,17.4,0.000,0.000,0.00,0.000,9.9,15.3,2.2,329,22,10.6,17.7,2.5,329,21,10.6,17.7,2.5,329,21,179,29.94,0.1,0,0,0,42.3,45.1,47.9,0.43,0.27,0.34
ONTA,2019-11-08 10:05:00 EST,43.25941,-77.37331,328,27.8,27.8,19.5,66.9,18.3,0.000,0.000,0.00,0.000,7.7,17.0,3.0,332,16,8.5,18.5,3.0,332,13,8.5,18.5,3.0,332,13,119,29.94,0.1,0,0,0,42.3,45.1,47.8,0.43,0.27,0.34
ONTA,2019-11-08 10:10:00 EST,43.25941,-77.37331,328,27.7,27.6,17.6,65.3,17.6,0.000,0.000,0.00,0.000,10.9,15.9,2.3,321,17,11.5,16.3,2.3,323,13,11.5,16.3,2.3,323,13,156,29.94,0.1,0,0,0,42.3,45.1,47.8,0.43,0.27,0.34
ONTA,2019-11-08 10:15:00 EST,43.25941,-77.37331,328,27.7,27.7,17.9,65.1,17.5,0.000,0.000,0.00,0.000,10.2,17.5,2.8,328,17,11.0,17.6,2.8,330,14,11.0,17.6,2.8,330,14,165,29.94,0.1,0,0,0,42.3,45.1,47.8,0.43,0.27,0.34
ONTA,2019-11-08 10:20:00 EST,43.25941,-77.37331,328,27.8,27.7,18.9,66.0,17.9,0.000,0.000,0.00,0.000,8.6,14.5,2.4,319,18,9.2,15.6,2.4,319,17,9.2,15.6,2.4,319,17,216,29.95,0.1,0,0,0,42.3,45.1,47.8,0.43,0.27,0.34
ONTA,2019-11-08 10:25:00 EST,43.25941,-77.37331,328,28.1,28.0,19.1,66.0,18.2,0.000,0.000,0.00,0.000,8.8,13.8,2.2,337,19,9.6,16.9,2.7,336,17,9.6,16.9,2.7,336,17,267,29.95,0.1,0,0,0,42.3,45.1,47.8,0.43,0.27,0.34
ONTA,2019-11-08 10:30:00 EST,43.25941,-77.37331,328,28.2,28.0,20.6,68.1,19.0,0.000,0.000,0.00,0.000,6.8,12.1,2.1,324,24,7.4,13.9,2.3,324,23,7.4,13.9,2.3,324,23,235,29.95,0.1,0,0,0,42.3,45.1,47.8,0.43,0.27,0.34
ONTA,2019-11-08 10:35:00 EST,43.25941,-77.37331,328,28.3,28.0,18.3,66.3,18.5,0.000,0.000,0.00,0.000,11.2,16.1,2.3,325,13,11.6,17.3,2.4,326,13,11.6,17.3,2.4,326,13,192,29.95,0.1,0,0,0,42.3,45.1,47.8,0.43,0.27,0.34
ONTA,2019-11-08 10:40:00 EST,43.25941,-77.37331,328,28.0,27.9,19.3,64.5,17.6,0.000,0.000,0.00,0.000,8.6,12.9,2.0,324,13,9.1,14.2,2.0,323,12,9.1,14.2,2.0,323,12,197,29.95,0.1,0,0,0,42.3,45.1,47.8,0.43,0.27,0.34
ONTA,2019-11-08 10:45:00 EST,43.25941,-77.37331,328,28.4,28.2,19.7,65.5,18.3,0.000,0.000,0.00,0.000,8.7,13.9,2.3,311,13,9.3,15.2,2.1,312,13,9.3,15.2,2.1,312,13,260,29.95,0.1,0,0,0,42.3,45.1,47.8,0.43,0.27,0.34
ONTA,2019-11-08 10:50:00 EST,43.25941,-77.37331,328,28.3,28.1,20.6,65.5,18.2,0.000,0.000,0.00,0.000,7.2,12.3,2.4,312,14,7.6,14.5,2.5,310,14,7.6,14.5,2.5,310,14,242,29.95,0.1,0,0,0,42.3,45.1,47.8,0.43,0.27,0.34
ONTA,2019-11-08 10:55:00 EST,43.25941,-77.37331,328,28.4,28.1,20.9,65.9,18.5,0.000,0.000,0.00,0.000,6.9,11.6,1.9,315,16,7.4,12.2,1.9,315,16,7.4,12.2,1.9,315,16,298,29.95,0.1,0,0,0,42.3,45.1,47.8,0.43,0.27,0.34
ONTA,2019-11-08 11:00:00 EST,43.25941,-77.37331,328,28.4,28.2,20.0,65.9,18.5,0.000,0.000,0.00,0.000,8.5,14.2,2.2,316,12,8.8,13.9,2.3,317,12,8.8,13.9,2.3,317,12,205,29.95,0.1,0,0,0,42.3,45.0,47.8,0.43,0.27,0.34
ONTA,2019-11-08 11:05:00 EST,43.25941,-77.37331,328,28.0,27.9,19.0,67.0,18.5,0.000,0.000,0.00,0.000,8.9,14.1,2.2,323,14,9.6,14.3,2.1,324,14,9.6,14.3,2.1,324,14,122,29.95,0.0,0,0,0,42.3,45.0,47.8,0.43,0.27,0.34
ONTA,2019-11-08 11:10:00 EST,43.25941,-77.37331,328,28.1,28.0,19.9,66.5,18.4,0.000,0.000,0.00,0.000,7.8,16.1,2.5,313,10,8.2,15.0,2.5,312,9,8.2,15.0,2.5,312,9,133,29.95,0.1,0,0,0,42.3,45.0,47.8,0.43,0.27,0.34
ONTA,2019-11-08 11:15:00 EST,43.25941,-77.37331,328,28.5,28.4,19.5,63.5,17.7,0.000,0.000,0.00,0.000,9.1,13.8,2.2,314,16,9.8,14.9,2.4,314,17,9.8,14.9,2.4,314,17,167,29.95,0.0,0,0,0,42.3,45.0,47.8,0.43,0.27,0.34
ONTA,2019-11-08 11:20:00 EST,43.25941,-77.37331,328,28.2,28.1,19.0,60.4,16.3,0.000,0.000,0.00,0.000,9.7,14.8,2.2,322,13,10.2,16.7,2.3,323,13,10.2,16.7,2.3,323,13,209,29.95,0.1,0,0,0,42.3,45.0,47.8,0.43,0.27,0.34
ONTA,2019-11-08 11:25:00 EST,43.25941,-77.37331,328,28.7,28.5,20.1,58.3,15.9,0.000,0.000,0.00,0.000,8.6,15.2,2.5,308,16,9.2,19.5,2.8,306,15,9.2,19.5,2.8,306,15,298,29.95,0.1,0,0,0,42.3,45.0,47.8,0.43,0.27,0.34
ONTA,2019-11-08 11:30:00 EST,43.25941,-77.37331,328,29.0,28.9,21.0,58.1,16.2,0.000,0.000,0.00,0.000,7.8,12.7,2.3,309,17,8.4,14.2,2.4,307,17,8.4,14.2,2.4,307,17,252,29.95,0.1,0,0,0,42.3,45.0,47.8,0.43,0.27,0.34
ONTA,2019-11-08 11:35:00 EST,43.25941,-77.37331,328,28.7,28.5,18.3,57.3,15.5,0.000,0.000,0.00,0.000,12.2,19.1,3.1,317,12,12.7,19.0,2.9,316,12,12.7,19.0,2.9,316,12,242,29.95,-0.0,0,0,0,42.3,45.0,47.8,0.43,0.27,0.34
ONTA,2019-11-08 11:40:00 EST,43.25941,-77.37331,328,28.9,28.6,20.0,56.7,15.4,0.000,0.000,0.00,0.000,8.8,14.4,2.5,299,20,9.7,16.3,2.7,296,19,9.7,16.3,2.7,296,19,435,29.95,-0.1,0,0,0,42.3,45.0,47.8,0.43,0.27,0.34
ONTA,2019-11-08 11:45:00 EST,43.25941,-77.37331,328,29.3,28.9,20.8,56.0,15.6,0.000,0.000,0.00,0.000,8.3,15.7,3.1,291,19,9.3,18.1,3.5,292,17,9.3,18.1,3.5,292,17,318,29.95,-0.1,0,0,0,42.3,45.0,47.8,0.43,0.27,0.34
ONTA,2019-11-08 11:50:00 EST,43.25941,-77.37331,328,29.2,28.9,20.1,55.3,15.2,0.000,0.000,0.00,0.000,9.5,16.3,3.0,296,19,10.4,22.6,3.4,294,19,10.4,22.6,3.4,294,19,420,29.95,-0.0,0,0,0,42.3,45.0,47.8,0.43,0.27,0.34
ONTA,2019-11-08 11:55:00 EST,43.25941,-77.37331,328,29.0,28.8,20.0,54.4,14.6,0.000,0.000,0.00,0.000,9.7,15.1,2.4,317,14,10.2,17.3,2.6,316,12,10.2,17.3,2.6,316,12,169,29.94,-0.0,0,0,0,42.3,45.0,47.8,0.43,0.27,0.34
ONTA,2019-11-08 12:00:00 EST,43.25941,-77.37331,328,29.3,29.0,20.8,57.1,15.9,0.000,0.000,0.00,0.000,8.5,13.5,2.2,310,18,9.2,14.2,2.3,308,17,9.2,14.2,2.3,308,17,379,29.94,-0.0,0,0,0,42.3,45.0,47.8,0.43,0.27,0.34
ONTA,2019-11-08 12:05:00 EST,43.25941,-77.37331,328,29.6,29.2,21.4,55.9,15.7,0.000,0.000,0.00,0.000,8.1,14.2,2.2,299,16,8.8,14.9,2.5,299,16,8.8,14.9,2.5,299,16,342,29.94,-0.1,0,0,0,42.3,45.0,47.8,0.43,0.27,0.34
ONTA,2019-11-08 12:10:00 EST,43.25941,-77.37331,328,29.0,28.9,19.2,58.3,16.2,0.000,0.000,0.00,0.000,10.6,16.4,2.7,292,19,11.8,17.3,3.1,291,16,11.8,17.3,3.1,291,16,195,29.94,-0.0,0,0,0,42.3,45.0,47.6,0.43,0.27,0.34
ONTA,2019-11-08 12:15:00 EST,43.25941,-77.37331,328,29.4,29.0,20.5,59.4,16.9,0.000,0.000,0.00,0.000,8.9,14.1,2.3,293,19,9.9,16.2,2.8,292,16,9.9,16.2,2.8,292,16,333,29.94,-0.1,0,0,0,42.3,45.0,47.6,0.43,0.27,0.34
ONTA,2019-11-08 12:20:00 EST,43.25941,-77.37331,328,29.2,29.0,20.4,58.0,16.2,0.000,0.000,0.00,0.000,8.9,15.4,2.5,311,24,9.7,18.8,2.7,310,22,9.7,18.8,2.7,310,22,227,29.94,-0.1,0,0,0,42.3,45.0,47.5,0.43,0.27,0.34
ONTA,2019-11-08 12:25:00 EST,43.25941,-77.37331,328,29.2,29.0,20.7,58.7,16.5,0.000,0.000,0.00,0.000,8.6,13.7,2.0,297,17,9.3,15.2,2.3,296,16,9.3,15.2,2.3,296,16,233,29.94,-0.1,0,0,0,42.4,45.0,47.5,0.43,0.27,0.34
ONTA,2019-11-08 12:30:00 EST,43.25941,-77.37331,328,28.8,28.7,19.5,58.7,16.2,0.000,0.000,0.00,0.000,9.6,16.0,2.9,296,18,10.5,17.6,3.2,295,16,10.5,17.6,3.2,295,16,151,29.94,-0.0,0,0,0,42.4,44.9,47.5,0.43,0.27,0.34
ONTA,2019-11-08 12:35:00 EST,43.25941,-77.37331,328,28.9,28.8,19.2,62.1,17.5,0.000,0.000,0.00,0.000,10.2,18.3,3.5,299,22,11.3,18.9,3.7,297,23,11.3,18.9,3.7,297,23,126,29.93,-0.1,0,0,0,42.4,44.9,47.5,0.43,0.27,0.34
ONTA,2019-11-08 12:40:00 EST,43.25941,-77.37331,328,28.6,28.5,17.9,64.6,18.1,0.000,0.000,0.00,0.000,12.8,20.3,2.8,315,10,13.2,19.7,2.9,315,10,13.2,19.7,2.9,315,10,158,29.94,-0.0,0,0,0,42.4,44.9,47.5,0.43,0.27,0.34
ONTA,2019-11-08 12:45:00 EST,43.25941,-77.37331,328,29.0,28.8,19.0,64.4,18.5,0.000,0.000,0.00,0.000,11.0,16.4,2.0,321,14,12.1,17.2,2.2,322,15,12.1,17.2,2.2,322,15,317,29.94,0.0,0,0,0,42.4,44.8,47.5,0.43,0.27,0.34
ONTA,2019-11-08 12:50:00 EST,43.25941,-77.37331,328,29.2,29.0,19.8,62.7,18.1,0.000,0.000,0.00,0.000,10.3,17.8,2.3,319,16,10.9,18.1,2.3,319,16,10.9,18.1,2.3,319,16,163,29.94,-0.0,0,0,0,42.4,44.8,47.5,0.43,0.27,0.34
ONTA,2019-11-08 12:55:00 EST,43.25941,-77.37331,328,28.9,28.7,19.3,59.8,16.6,0.000,0.000,0.00,0.000,10.5,16.1,2.4,319,14,11.1,16.8,2.5,320,14,11.1,16.8,2.5,320,14,228,29.94,-0.1,0,0,0,42.4,44.8,47.5,0.43,0.27,0.34
ONTA,2019-11-08 13:00:00 EST,43.25941,-77.37331,328,29.4,29.1,18.9,59.1,16.9,0.000,0.000,0.00,0.000,12.6,18.2,2.6,323,18,13.4,18.9,2.7,323,13,13.4,18.9,2.7,323,13,558,29.94,0.0,0,0,0,42.4,44.8,47.5,0.43,0.27,0.34
ONTA,2019-11-08 13:05:00 EST,43.25941,-77.37331,328,29.6,29.3,22.0,60.9,17.7,0.000,0.000,0.00,0.000,7.1,15.6,2.6,329,15,7.9,14.9,2.5,329,16,7.9,14.9,2.5,329,16,184,29.94,-0.1,0,0,0,42.4,44.8,47.5,0.43,0.27,0.34
ONTA,2019-11-08 13:10:00 EST,43.25941,-77.37331,328,28.8,28.6,19.2,59.3,16.4,0.000,0.000,0.00,0.000,10.7,18.3,2.7,319,16,11.2,17.7,2.6,318,17,11.2,17.7,2.6,318,17,189,29.94,-0.1,0,0,0,42.4,44.8,47.5,0.43,0.27,0.34
ONTA,2019-11-08 13:15:00 EST,43.25941,-77.37331,328,28.8,28.7,19.7,58.6,16.1,0.000,0.000,0.00,0.000,9.6,14.0,2.1,322,16,10.2,16.6,2.1,325,16,10.2,16.6,2.1,325,16,158,29.94,-0.0,0,0,0,42.4,44.8,47.5,0.43,0.27,0.34
ONTA,2019-11-08 13:20:00 EST,43.25941,-77.37331,328,28.9,28.7,20.1,60.4,16.9,0.000,0.000,0.00,0.000,8.8,14.5,2.2,321,16,9.5,16.1,2.2,321,15,9.5,16.1,2.2,321,15,247,29.94,0.0,0,0,0,42.4,44.8,47.5,0.43,0.27,0.34
ONTA,2019-11-08 13:25:00 EST,43.25941,-77.37331,328,29.4,29.1,19.7,59.5,17.1,0.000,0.000,0.00,0.000,11.0,17.4,2.4,322,16,11.7,18.7,2.5,321,14,11.7,18.7,2.5,321,14,386,29.94,-0.1,0,0,0,42.4,44.8,47.5,0.43,0.27,0.34
ONTA,2019-11-08 13:30:00 EST,43.25941,-77.37331,328,29.4,29.1,22.0,59.0,16.8,0.000,0.000,0.00,0.000,6.7,11.2,1.9,320,16,7.4,11.9,1.8,319,15,7.4,11.9,1.8,319,15,220,29.94,-0.1,0,0,0,42.4,44.8,47.5,0.43,0.27,0.34
ONTA,2019-11-08 13:35:00 EST,43.25941,-77.37331,328,29.3,29.0,20.0,60.0,17.2,0.000,0.000,0.00,0.000,10.1,15.9,2.4,323,18,10.7,20.5,2.7,325,15,10.7,20.5,2.7,325,15,273,29.94,-0.1,0,0,0,42.4,44.8,47.5,0.43,0.27,0.34
ONTA,2019-11-08 13:40:00 EST,43.25941,-77.37331,328,29.0,28.8,20.4,57.9,16.0,0.000,0.000,0.00,0.000,8.8,15.8,2.8,312,13,9.4,18.5,2.8,311,12,9.4,18.5,2.8,311,12,239,29.94,-0.0,0,0,0,42.4,44.8,47.5,0.43,0.27,0.34
ONTA,2019-11-08 13:45:00 EST,43.25941,-77.37331,328,29.4,29.1,20.2,58.6,16.7,0.000,0.000,0.00,0.000,10.1,15.7,2.5,313,14,10.6,16.1,2.6,312,14,10.6,16.1,2.6,312,14,324,29.94,-0.1,0,0,0,42.4,44.8,47.5,0.43,0.27,0.34
ONTA,2019-11-08 13:50:00 EST,43.25941,-77.37331,328,29.3,29.1,20.4,59.0,16.7,0.000,0.000,0.00,0.000,9.5,15.1,2.6,322,13,9.9,16.0,2.9,321,12,9.9,16.0,2.9,321,12,311,29.94,0.1,0,0,0,42.4,44.8,47.5,0.43,0.27,0.34
ONTA,2019-11-08 13:55:00 EST,43.25941,-77.37331,328,30.3,29.8,22.2,60.4,18.2,0.000,0.000,0.00,0.000,8.2,16.3,3.0,310,17,8.8,17.2,3.0,311,17,8.8,17.2,3.0,311,17,347,29.94,-0.1,0,0,0,42.4,44.8,47.5,0.43,0.27,0.34
ONTA,2019-11-08 14:00:00 EST,43.25941,-77.37331,328,29.9,29.5,20.9,61.8,18.3,0.000,0.000,0.00,0.000,10.0,14.7,2.5,307,13,10.3,15.3,2.5,307,12,10.3,15.3,2.5,307,12,326,29.94,-0.0,0,0,0,42.4,44.8,47.5,0.43,0.27,0.34
ONTA,2019-11-08 14:05:00 EST,43.25941,-77.37331,328,29.7,29.5,21.4,62.2,18.4,0.000,0.000,0.00,0.000,8.2,13.5,2.6,292,15,9.2,16.0,2.7,292,15,9.2,16.0,2.7,292,15,309,29.94,-0.0,0,0,0,42.4,44.8,47.5,0.43,0.27,0.34
ONTA,2019-11-08 14:10:00 EST,43.25941,-77.37331,328,29.7,29.4,21.4,62.2,18.4,0.000,0.000,0.00,0.000,8.6,13.4,2.4,314,11,9.2,15.9,2.3,314,11,9.2,15.9,2.3,314,11,228,29.94,-0.1,0,0,0,42.5,44.8,47.5,0.43,0.27,0.34
ONTA,2019-11-08 14:15:00 EST,43.25941,-77.37331,328,29.8,29.5,21.8,60.5,17.8,0.000,0.000,0.00,0.000,7.9,13.7,2.6,304,24,8.5,14.3,2.7,302,23,8.5,14.3,2.7,302,23,375,29.94,-0.0,0,0,0,42.5,44.8,47.5,0.43,0.27,0.34
ONTA,2019-11-08 14:20:00 EST,43.25941,-77.37331,328,30.3,29.8,22.6,60.0,18.0,0.000,0.000,0.00,0.000,7.5,11.8,2.0,322,14,8.2,12.1,1.8,323,13,8.2,12.1,1.8,323,13,285,29.94,-0.0,0,0,0,42.6,44.8,47.5,0.43,0.27,0.34
ONTA,2019-11-08 14:25:00 EST,43.25941,-77.37331,328,29.8,29.5,22.5,61.0,18.0,0.000,0.000,0.00,0.000,6.9,12.6,1.7,305,20,7.6,14.4,1.9,304,21,7.6,14.4,1.9,304,21,222,29.94,-0.1,0,0,0,42.6,44.8,47.5,0.43,0.27,0.34
ONTA,2019-11-08 14:30:00 EST,43.25941,-77.37331,328,29.3,29.2,20.7,61.3,17.6,0.000,0.000,0.00,0.000,8.9,15.0,1.8,306,16,9.4,15.7,1.9,305,15,9.4,15.7,1.9,305,15,129,29.94,-0.0,0,0,0,42.6,44.8,47.5,0.43,0.27,0.34
ONTA,2019-11-08 14:35:00 EST,43.25941,-77.37331,328,29.4,29.3,21.4,61.2,17.7,0.000,0.000,0.00,0.000,7.9,13.8,2.4,299,15,8.5,13.7,2.3,298,15,8.5,13.7,2.3,298,15,309,29.94,0.0,0,0,0,42.6,44.8,47.4,0.43,0.27,0.34
ONTA,2019-11-08 14:40:00 EST,43.25941,-77.37331,328,30.1,29.8,21.7,60.4,18.1,0.000,0.000,0.00,0.000,8.5,15.0,3.4,288,19,9.6,16.7,3.7,288,17,9.6,16.7,3.7,288,17,257,29.94,-0.1,0,0,0,42.6,44.8,47.4,0.43,0.27,0.34
ONTA,2019-11-08 14:45:00 EST,43.25941,-77.37331,328,29.8,29.6,22.1,61.8,18.3,0.000,0.000,0.00,0.000,7.6,13.2,2.1,306,14,8.1,14.8,2.2,305,13,8.1,14.8,2.2,305,13,244,29.94,-0.0,0,0,0,42.6,44.8,47.4,0.43,0.27,0.34
ONTA,2019-11-08 14:50:00 EST,43.25941,-77.37331,328,30.0,29.7,21.5,61.2,18.2,0.000,0.000,0.00,0.000,8.9,14.7,2.4,306,19,9.4,16.4,2.5,303,18,9.4,16.4,2.5,303,18,313,29.94,0.0,0,0,0,42.6,44.8,47.4,0.43,0.27,0.34
ONTA,2019-11-08 14:55:00 EST,43.25941,-77.37331,328,30.2,29.8,21.7,59.7,17.8,0.000,0.000,0.00,0.000,8.9,15.9,3.0,292,16,9.5,17.6,3.4,290,15,9.5,17.6,3.4,290,15,243,29.94,0.0,0,0,0,42.6,44.8,47.3,0.43,0.27,0.34
ONTA,2019-11-08 15:00:00 EST,43.25941,-77.37331,328,29.8,29.7,21.9,60.8,17.9,0.000,0.000,0.00,0.000,8.2,11.6,1.6,307,12,8.5,12.5,1.7,307,11,8.5,12.5,1.7,307,11,165,29.94,-0.0,0,0,0,42.6,44.8,47.3,0.43,0.27,0.34
ONTA,2019-11-08 15:05:00 EST,43.25941,-77.37331,328,29.6,29.4,22.0,62.0,18.1,0.000,0.000,0.00,0.000,7.3,11.7,1.5,308,15,7.8,12.4,1.6,307,14,7.8,12.4,1.6,307,14,166,29.94,-0.0,0,0,0,42.6,44.8,47.3,0.43,0.27,0.34
ONTA,2019-11-08 15:10:00 EST,43.25941,-77.37331,328,29.8,29.6,22.1,62.0,18.4,0.000,0.000,0.00,0.000,7.1,12.6,2.2,292,19,8.0,13.9,2.4,290,17,8.0,13.9,2.4,290,17,195,29.94,-0.0,0,0,0,42.6,44.8,47.3,0.43,0.27,0.34
ONTA,2019-11-08 15:15:00 EST,43.25941,-77.37331,328,29.7,29.6,22.7,60.2,17.6,0.000,0.000,0.00,0.000,6.5,9.4,1.5,300,16,7.1,10.8,1.6,299,16,7.1,10.8,1.6,299,16,145,29.94,0.0,0,0,0,42.6,44.8,47.3,0.43,0.27,0.34
ONTA,2019-11-08 15:20:00 EST,43.25941,-77.37331,328,29.9,29.8,22.0,60.1,17.8,0.000,0.000,0.00,0.000,7.9,13.4,2.2,291,17,8.6,15.4,2.5,290,15,8.6,15.4,2.5,290,15,174,29.94,-0.1,0,0,0,42.6,44.8,47.3,0.43,0.27,0.34
ONTA,2019-11-08 15:25:00 EST,43.25941,-77.37331,328,29.7,29.7,23.3,62.3,18.4,0.000,0.000,0.00,0.000,5.9,9.8,1.5,300,17,6.3,10.4,1.7,298,15,6.3,10.4,1.7,298,15,110,29.94,-0.0,0,0,0,42.6,44.8,47.3,0.43,0.27,0.34
ONTA,2019-11-08 15:30:00 EST,43.25941,-77.37331,328,29.7,29.6,23.5,61.6,18.1,0.000,0.000,0.00,0.000,5.5,9.9,2.0,293,21,6.0,11.3,2.2,292,19,6.0,11.3,2.2,292,19,108,29.94,-0.0,0,0,0,42.6,44.8,47.3,0.43,0.27,0.34
ONTA,2019-11-08 15:35:00 EST,43.25941,-77.37331,328,29.6,29.5,22.9,62.2,18.2,0.000,0.000,0.00,0.000,6.2,10.2,1.6,304,16,6.6,10.6,1.7,303,16,6.6,10.6,1.7,303,16,102,29.94,-0.0,0,0,0,42.6,44.7,47.3,0.43,0.27,0.34
ONTA,2019-11-08 15:40:00 EST,43.25941,-77.37331,328,29.9,29.8,24.4,64.3,19.3,0.000,0.000,0.00,0.000,4.8,11.3,2.2,296,23,5.3,10.4,2.1,295,22,5.3,10.4,2.1,295,22,103,29.94,-0.0,0,0,0,42.6,44.7,47.3,0.43,0.27,0.34
ONTA,2019-11-08 15:45:00 EST,43.25941,-77.37331,328,29.6,29.7,21.6,63.9,18.9,0.000,0.000,0.00,0.000,7.9,13.0,2.2,295,16,8.7,15.1,2.4,295,15,8.7,15.1,2.4,295,15,69,29.94,-0.0,0,0,0,42.6,44.8,47.3,0.43,0.27,0.34
ONTA,2019-11-08 15:50:00 EST,43.25941,-77.37331,328,29.6,29.6,23.0,62.9,18.5,0.000,0.000,0.00,0.000,5.7,10.6,1.8,291,15,6.4,13.1,2.2,291,14,6.4,13.1,2.2,291,14,94,29.94,-0.0,0,0,0,42.6,44.8,47.3,0.43,0.27,0.34
ONTA,2019-11-08 15:55:00 EST,43.25941,-77.37331,328,29.7,29.7,22.8,62.8,18.6,0.000,0.000,0.00,0.000,6.3,10.2,1.6,297,16,6.9,12.2,1.9,295,16,6.9,12.2,1.9,295,16,88,29.94,-0.0,0,0,0,42.7,44.7,47.3,0.43,0.27,0.34
ONTA,2019-11-08 16:00:00 EST,43.25941,-77.37331,328,29.8,29.9,23.3,63.0,18.8,0.000,0.000,0.00,0.000,5.9,10.1,1.8,309,14,6.5,10.4,1.9,308,14,6.5,10.4,1.9,308,14,60,29.94,-0.0,0,0,0,42.6,44.6,47.3,0.43,0.27,0.34
ONTA,2019-11-08 16:05:00 EST,43.25941,-77.37331,328,29.8,29.8,23.2,62.0,18.3,0.000,0.000,0.00,0.000,6.1,10.1,1.4,302,16,6.5,11.4,1.6,302,15,6.5,11.4,1.6,302,15,46,29.94,-0.0,0,0,0,42.7,44.6,47.3,0.43,0.27,0.34
ONTA,2019-11-08 16:10:00 EST,43.25941,-77.37331,328,29.7,29.8,22.5,63.6,18.9,0.000,0.000,0.00,0.000,6.8,11.6,2.4,305,13,7.3,11.8,2.3,306,13,7.3,11.8,2.3,306,13,44,29.94,-0.0,0,0,0,42.8,44.6,47.3,0.43,0.27,0.34
ONTA,2019-11-08 16:15:00 EST,43.25941,-77.37331,328,29.6,29.7,22.1,63.3,18.6,0.000,0.000,0.00,0.000,7.4,11.5,2.1,312,14,7.8,12.8,2.2,311,13,7.8,12.8,2.2,311,13,43,29.94,-0.0,0,0,0,42.7,44.6,47.3,0.43,0.27,0.34
ONTA,2019-11-08 16:20:00 EST,43.25941,-77.37331,328,29.6,29.7,23.7,63.5,18.8,0.000,0.000,0.00,0.000,5.0,8.3,1.6,288,15,5.7,9.6,1.6,286,14,5.7,9.6,1.6,286,14,31,29.94,-0.0,0,0,0,42.7,44.6,47.3,0.43,0.27,0.34
ONTA,2019-11-08 16:25:00 EST,43.25941,-77.37331,328,29.6,29.7,23.0,62.8,18.5,0.000,0.000,0.00,0.000,5.8,11.3,1.8,292,23,6.6,11.7,2.0,291,22,6.6,11.7,2.0,291,22,20,29.95,-0.0,0,0,0,42.7,44.6,47.3,0.43,0.27,0.34
ONTA,2019-11-08 16:30:00 EST,43.25941,-77.37331,328,29.6,29.8,21.9,63.1,18.6,0.000,0.000,0.00,0.000,7.6,11.8,2.0,302,12,8.0,12.1,2.0,301,11,8.0,12.1,2.0,301,11,20,29.95,-0.0,0,0,0,42.7,44.6,47.3,0.43,0.27,0.34
ONTA,2019-11-08 16:35:00 EST,43.25941,-77.37331,328,29.6,29.8,22.3,62.5,18.4,0.000,0.000,0.00,0.000,7.1,11.0,1.6,304,9,7.4,11.3,1.6,304,9,7.4,11.3,1.6,304,9,17,29.95,-0.0,0,0,0,42.7,44.6,47.3,0.43,0.27,0.34
ONTA,2019-11-08 16:40:00 EST,43.25941,-77.37331,328,29.6,29.8,21.9,62.9,18.5,0.000,0.000,0.00,0.000,7.5,11.1,1.8,297,14,8.1,12.9,1.9,296,13,8.1,12.9,1.9,296,13,12,29.95,-0.0,0,0,0,42.6,44.6,47.3,0.43,0.27,0.34
ONTA,2019-11-08 16:45:00 EST,43.25941,-77.37331,328,29.5,29.7,22.8,62.8,18.4,0.000,0.000,0.00,0.000,6.0,9.6,1.6,284,16,6.6,10.7,1.8,284,15,6.6,10.7,1.8,284,15,8,29.95,-0.0,0,0,0,42.6,44.6,47.3,0.43,0.27,0.34
ONTA,2019-11-08 16:50:00 EST,43.25941,-77.37331,328,29.5,29.7,23.5,62.0,18.0,0.000,0.000,0.00,0.000,5.2,9.4,1.5,291,17,5.7,11.0,1.7,291,15,5.7,11.0,1.7,291,15,6,29.95,-0.1,0,0,0,42.6,44.6,47.3,0.43,0.27,0.34
ONTA,2019-11-08 16:55:00 EST,43.25941,-77.37331,328,29.5,29.7,23.2,62.5,18.3,0.000,0.000,0.00,0.000,5.6,9.6,1.8,298,18,6.0,10.4,2.0,298,17,6.0,10.4,2.0,298,17,4,29.95,-0.1,0,0,0,42.6,44.6,47.3,0.43,0.27,0.34
ONTA,2019-11-08 17:00:00 EST,43.25941,-77.37331,328,29.6,29.8,24.6,62.9,18.5,0.000,0.000,0.00,0.000,4.1,8.5,1.7,272,19,4.6,9.6,1.8,275,17,4.6,9.6,1.8,275,17,2,29.95,-0.0,0,0,0,42.6,44.6,47.3,0.43,0.27,0.34
ONTA,2019-11-08 17:05:00 EST,43.25941,-77.37331,328,29.6,29.9,22.3,62.0,18.2,0.000,0.000,0.00,0.000,6.8,9.9,1.7,289,16,7.5,10.6,1.9,288,14,7.5,10.6,1.9,288,14,1,29.95,-0.0,0,0,0,42.6,44.6,47.2,0.43,0.27,0.34
ONTA,2019-11-08 17:10:00 EST,43.25941,-77.37331,328,29.7,30.0,23.3,62.4,18.4,0.000,0.000,0.00,0.000,5.5,9.7,2.0,285,13,6.2,11.4,2.2,284,14,6.2,11.4,2.2,284,14,0,29.95,-0.0,0,0,0,42.6,44.6,47.3,0.43,0.27,0.34
ONTA,2019-11-08 17:15:00 EST,43.25941,-77.37331,328,29.6,29.8,24.8,63.8,18.9,0.000,0.000,0.00,0.000,4.0,6.7,1.6,265,20,4.5,7.6,1.7,264,21,4.5,7.6,1.7,264,21,0,29.95,-0.0,0,0,0,42.6,44.6,47.2,0.43,0.27,0.34
ONTA,2019-11-08 17:20:00 EST,43.25941,-77.37331,328,29.5,29.7,23.1,64.6,19.1,0.000,0.000,0.00,0.000,5.8,9.8,1.5,246,16,6.2,11.8,1.8,248,14,6.2,11.8,1.8,248,14,0,29.95,-0.0,0,0,0,42.6,44.6,47.2,0.43,0.27,0.34
ONTA,2019-11-08 17:25:00 EST,43.25941,-77.37331,328,29.4,29.5,23.6,65.8,19.3,0.000,0.000,0.00,0.000,5.0,9.6,1.9,245,20,5.4,10.1,1.9,245,20,5.4,10.1,1.9,245,20,0,29.96,-0.1,0,0,0,42.6,44.6,47.1,0.43,0.27,0.34
ONTA,2019-11-08 17:30:00 EST,43.25941,-77.37331,328,29.3,29.4,23.1,65.3,19.1,0.000,0.000,0.00,0.000,5.4,10.9,2.3,250,12,5.9,12.6,2.5,250,11,5.9,12.6,2.5,250,11,0,29.96,-0.0,0,0,0,42.6,44.6,47.1,0.44,0.27,0.34
ONTA,2019-11-08 17:35:00 EST,43.25941,-77.37331,328,29.2,29.3,23.5,66.2,19.3,0.000,0.000,0.00,0.000,5.0,10.2,2.0,229,20,5.3,10.5,2.1,230,19,5.3,10.5,2.1,230,19,0,29.96,-0.0,0,0,0,42.6,44.6,47.1,0.43,0.27,0.34
ONTA,2019-11-08 17:40:00 EST,43.25941,-77.37331,328,29.0,29.1,22.3,65.7,19.0,0.000,0.000,0.00,0.000,6.4,11.3,1.8,235,15,6.5,11.9,2.1,236,15,6.5,11.9,2.1,236,15,0,29.96,-0.0,0,0,0,42.6,44.6,47.1,0.43,0.27,0.34
ONTA,2019-11-08 17:45:00 EST,43.25941,-77.37331,328,28.9,29.0,21.8,65.3,18.7,0.000,0.000,0.00,0.000,6.3,11.0,1.8,242,15,7.0,11.4,2.0,243,16,7.0,11.4,2.0,243,16,0,29.96,-0.0,0,0,0,42.6,44.6,47.1,0.43,0.27,0.34
ONTA,2019-11-08 17:50:00 EST,43.25941,-77.37331,328,28.8,28.9,22.2,65.0,18.5,0.000,0.000,0.00,0.000,5.8,8.8,1.3,243,19,6.3,11.0,1.6,242,17,6.3,11.0,1.6,242,17,0,29.96,-0.1,0,0,0,42.6,44.6,47.1,0.43,0.27,0.34
ONTA,2019-11-08 17:55:00 EST,43.25941,-77.37331,328,28.7,28.8,21.6,65.1,18.5,0.000,0.000,0.00,0.000,6.6,9.8,1.4,229,14,6.9,10.4,1.5,227,13,6.9,10.4,1.5,227,13,0,29.96,-0.0,0,0,0,42.6,44.6,47.1,0.43,0.27,0.34
ONTA,2019-11-08 18:00:00 EST,43.25941,-77.37331,328,28.6,28.7,21.4,65.2,18.4,0.000,0.000,0.00,0.000,6.8,13.2,2.5,227,15,7.1,13.5,2.6,226,14,7.1,13.5,2.6,226,14,0,29.96,-0.0,0,0,0,42.6,44.6,47.1,0.43,0.27,0.34
ONTA,2019-11-08 18:05:00 EST,43.25941,-77.37331,328,28.5,28.6,21.8,65.7,18.5,0.000,0.000,0.00,0.000,5.8,9.1,1.7,233,19,6.4,11.1,1.7,234,17,6.4,11.1,1.7,234,17,0,29.96,-0.0,0,0,0,42.6,44.6,47.1,0.43,0.27,0.34
ONTA,2019-11-08 18:10:00 EST,43.25941,-77.37331,328,28.5,28.6,22.7,65.6,18.5,0.000,0.000,0.00,0.000,5.0,8.2,1.4,234,18,5.3,9.4,1.5,234,16,5.3,9.4,1.5,234,16,0,29.97,-0.0,0,0,0,42.4,44.6,47.1,0.43,0.27,0.34
ONTA,2019-11-08 18:15:00 EST,43.25941,-77.37331,328,28.4,28.5,22.6,66.0,18.5,0.000,0.000,0.00,0.000,5.0,8.7,1.7,230,15,5.3,9.4,1.9,230,13,5.3,9.4,1.9,230,13,0,29.97,-0.0,0,0,0,42.4,44.6,47.1,0.43,0.27,0.34
ONTA,2019-11-08 18:20:00 EST,43.25941,-77.37331,328,28.2,28.3,22.9,66.7,18.5,0.000,0.000,0.00,0.000,4.3,7.6,1.5,235,15,4.7,8.9,1.5,235,14,4.7,8.9,1.5,235,14,0,29.97,-0.0,0,0,0,42.4,44.6,47.1,0.43,0.27,0.34
ONTA,2019-11-08 18:25:00 EST,43.25941,-77.37331,328,28.0,28.2,21.9,66.6,18.3,0.000,0.000,0.00,0.000,5.4,9.1,1.6,235,13,5.6,8.9,1.5,233,12,5.6,8.9,1.5,233,12,0,29.97,-0.0,0,0,0,42.4,44.6,47.1,0.44,0.27,0.34
ONTA,2019-11-08 18:30:00 EST,43.25941,-77.37331,328,27.9,28.1,21.4,66.8,18.3,0.000,0.000,0.00,0.000,5.6,11.0,2.1,235,14,6.0,11.0,2.1,235,13,6.0,11.0,2.1,235,13,0,29.97,-0.0,0,0,0,42.4,44.6,47.1,0.44,0.27,0.34
ONTA,2019-11-08 18:35:00 EST,43.25941,-77.37331,328,27.8,28.0,22.3,67.0,18.3,0.000,0.000,0.00,0.000,4.6,7.9,1.5,232,14,4.9,8.5,1.6,234,11,4.9,8.5,1.6,234,11,0,29.97,-0.0,0,0,0,42.4,44.6,47.1,0.43,0.27,0.34
ONTA,2019-11-08 18:40:00 EST,43.25941,-77.37331,328,27.8,28.0,21.6,67.2,18.3,0.000,0.000,0.00,0.000,5.1,8.0,1.3,227,15,5.5,8.8,1.4,227,14,5.5,8.8,1.4,227,14,0,29.97,0.0,0,0,0,42.4,44.6,47.1,0.44,0.27,0.34
ONTA,2019-11-08 18:45:00 EST,43.25941,-77.37331,328,27.8,27.9,21.5,66.5,18.0,0.000,0.000,0.00,0.000,5.3,9.0,1.3,227,15,5.7,9.3,1.3,227,13,5.7,9.3,1.3,227,13,0,29.97,-0.0,0,0,0,42.4,44.6,47.1,0.43,0.27,0.34
ONTA,2019-11-08 18:50:00 EST,43.25941,-77.37331,328,27.6,27.8,21.9,67.3,18.1,0.000,0.000,0.00,0.000,4.8,8.2,1.1,228,12,5.0,8.7,1.2,227,12,5.0,8.7,1.2,227,12,0,29.97,-0.0,0,0,0,42.4,44.6,47.1,0.43,0.27,0.34
ONTA,2019-11-08 18:55:00 EST,43.25941,-77.37331,328,27.4,27.6,22.4,68.0,18.2,0.000,0.000,0.00,0.000,4.2,6.9,1.1,230,12,4.3,7.4,1.2,230,10,4.3,7.4,1.2,230,10,0,29.97,-0.0,0,0,0,42.4,44.6,47.1,0.44,0.27,0.34
ONTA,2019-11-08 19:00:00 EST,43.25941,-77.37331,328,27.3,27.5,22.4,68.3,18.2,0.000,0.000,0.00,0.000,4.1,6.6,1.0,236,13,4.2,7.8,1.1,237,13,4.2,7.8,1.1,237,13,0,29.97,-0.0,0,0,0,42.4,44.6,47.1,0.44,0.27,0.34
ONTA,2019-11-08 19:05:00 EST,43.25941,-77.37331,328,27.1,27.3,22.2,69.8,18.5,0.000,0.000,0.00,0.000,4.0,7.3,1.4,228,15,4.2,7.8,1.5,227,13,4.2,7.8,1.5,227,13,0,29.97,-0.0,0,0,0,42.4,44.6,47.1,0.44,0.27,0.34
ONTA,2019-11-08 19:10:00 EST,43.25941,-77.37331,328,27.1,27.3,21.6,69.6,18.5,0.000,0.000,0.00,0.000,4.4,7.0,1.2,230,15,4.6,7.1,1.1,229,13,4.6,7.1,1.1,229,13,0,29.97,-0.0,0,0,0,42.4,44.6,47.1,0.43,0.27,0.34
ONTA,2019-11-08 19:15:00 EST,43.25941,-77.37331,328,27.0,27.3,21.4,69.9,18.5,0.000,0.000,0.00,0.000,4.7,8.6,1.4,225,11,4.8,9.1,1.3,225,11,4.8,9.1,1.3,225,11,0,29.97,-0.0,0,0,0,42.4,44.6,47.1,0.44,0.27,0.34
ONTA,2019-11-08 19:20:00 EST,43.25941,-77.37331,328,27.0,27.3,20.8,69.4,18.4,0.000,0.000,0.00,0.000,5.2,8.3,1.5,232,13,5.4,8.5,1.5,232,13,5.4,8.5,1.5,232,13,0,29.97,-0.0,0,0,0,42.4,44.6,47.1,0.44,0.27,0.34
ONTA,2019-11-08 19:25:00 EST,43.25941,-77.37331,328,26.9,27.2,21.8,69.4,18.3,0.000,0.000,0.00,0.000,4.2,6.4,1.1,231,11,4.4,7.1,1.2,231,11,4.4,7.1,1.2,231,11,0,29.97,-0.0,0,0,0,42.3,44.6,47.1,0.44,0.27,0.34
ONTA,2019-11-08 19:30:00 EST,43.25941,-77.37331,328,26.9,27.1,21.8,70.0,18.4,0.000,0.000,0.00,0.000,4.2,7.2,1.0,223,13,4.3,7.1,1.1,224,11,4.3,7.1,1.1,224,11,0,29.98,-0.0,0,0,0,42.3,44.6,47.1,0.44,0.27,0.34
ONTA,2019-11-08 19:35:00 EST,43.25941,-77.37331,328,26.8,27.1,20.9,70.2,18.4,0.000,0.000,0.00,0.000,4.9,7.7,1.1,222,12,5.1,7.8,1.2,221,12,5.1,7.8,1.2,221,12,0,29.98,-0.0,0,0,0,42.3,44.6,47.1,0.44,0.27,0.34
ONTA,2019-11-08 19:40:00 EST,43.25941,-77.37331,328,26.8,27.0,21.1,70.6,18.5,0.000,0.000,0.00,0.000,4.5,7.5,1.1,219,11,4.9,7.7,1.1,220,11,4.9,7.7,1.1,220,11,0,29.98,0.0,0,0,0,42.3,44.5,47.1,0.44,0.27,0.34
ONTA,2019-11-08 19:45:00 EST,43.25941,-77.37331,328,26.8,27.0,20.7,70.0,18.3,0.000,0.000,0.00,0.000,5.1,7.5,1.0,223,10,5.3,7.6,1.0,223,9,5.3,7.6,1.0,223,9,0,29.98,-0.0,0,0,0,42.3,44.5,47.1,0.44,0.27,0.34
ONTA,2019-11-08 19:50:00 EST,43.25941,-77.37331,328,26.6,26.9,20.8,70.6,18.3,0.000,0.000,0.00,0.000,4.7,7.4,0.9,226,12,4.9,8.1,1.1,227,11,4.9,8.1,1.1,227,11,0,29.98,-0.0,0,0,0,42.3,44.5,47.1,0.44,0.27,0.34
ONTA,2019-11-08 19:55:00 EST,43.25941,-77.37331,328,26.6,26.9,20.8,70.2,18.3,0.000,0.000,0.00,0.000,4.8,7.7,1.0,222,10,5.0,7.8,1.0,224,8,5.0,7.8,1.0,224,8,0,29.98,-0.0,0,0,0,42.3,44.5,47.1,0.44,0.27,0.34
ONTA,2019-11-08 20:00:00 EST,43.25941,-77.37331,328,26.5,26.8,21.0,71.2,18.4,0.000,0.000,0.00,0.000,4.4,7.7,1.1,223,11,4.7,8.0,1.2,223,8,4.7,8.0,1.2,223,8,0,29.98,-0.0,0,0,0,42.3,44.5,47.1,0.43,0.27,0.34
ONTA,2019-11-08 20:05:00 EST,43.25941,-77.37331,328,26.4,26.8,20.5,71.0,18.3,0.000,0.000,0.00,0.000,4.8,6.8,0.8,221,10,5.0,7.6,0.9,221,9,5.0,7.6,0.9,221,9,0,29.97,-0.0,0,0,0,42.1,44.5,47.1,0.43,0.27,0.34
ONTA,2019-11-08 20:10:00 EST,43.25941,-77.37331,328,26.3,26.6,20.8,71.9,18.4,0.000,0.000,0.00,0.000,4.3,7.1,0.9,218,11,4.6,6.6,0.9,218,10,4.6,6.6,0.9,218,10,0,29.97,-0.0,0,0,0,42.1,44.4,47.1,0.43,0.27,0.34
ONTA,2019-11-08 20:15:00 EST,43.25941,-77.37331,328,26.3,26.6,20.2,71.9,18.4,0.000,0.000,0.00,0.000,4.8,6.5,0.7,220,9,5.1,7.3,0.8,220,9,5.1,7.3,0.8,220,9,0,29.97,0.0,0,0,0,42.1,44.4,47.1,0.43,0.27,0.34
ONTA,2019-11-08 20:20:00 EST,43.25941,-77.37331,328,26.0,26.4,20.6,72.9,18.4,0.000,0.000,0.00,0.000,4.2,6.7,0.7,219,9,4.4,6.6,0.7,220,7,4.4,6.6,0.7,220,7,0,29.98,-0.0,0,0,0,42.1,44.4,47.1,0.43,0.27,0.34
ONTA,2019-11-08 20:25:00 EST,43.25941,-77.37331,328,25.8,26.3,20.3,73.7,18.5,0.000,0.000,0.00,0.000,4.3,6.1,0.6,215,9,4.5,6.2,0.8,216,8,4.5,6.2,0.8,216,8,0,29.98,0.0,0,0,0,42.1,44.4,47.1,0.43,0.27,0.34
ONTA,2019-11-08 20:30:00 EST,43.25941,-77.37331,328,25.8,26.3,20.3,74.1,18.7,0.000,0.000,0.00,0.000,4.3,6.1,0.7,213,8,4.5,5.8,0.7,216,8,4.5,5.8,0.7,216,8,0,29.97,0.0,0,0,0,42.1,44.4,47.1,0.43,0.27,0.34
ONTA,2019-11-08 20:35:00 EST,43.25941,-77.37331,328,25.6,26.0,21.1,74.9,18.7,0.000,0.000,0.00,0.000,3.4,5.0,0.7,206,9,3.7,5.7,0.8,208,9,3.7,5.7,0.8,208,9,0,29.97,-0.1,0,0,0,42.1,44.4,47.1,0.43,0.27,0.34
ONTA,2019-11-08 20:40:00 EST,43.25941,-77.37331,328,25.5,26.0,20.8,75.8,19.0,0.000,0.000,0.00,0.000,3.5,5.5,0.8,201,10,3.8,6.9,0.9,201,10,3.8,6.9,0.9,201,10,0,29.97,0.0,0,0,0,42.0,44.4,47.1,0.43,0.27,0.34
ONTA,2019-11-08 20:45:00 EST,43.25941,-77.37331,328,25.6,26.0,20.5,75.4,18.9,0.000,0.000,0.00,0.000,3.8,5.8,0.7,208,11,4.1,6.0,0.8,207,10,4.1,6.0,0.8,207,10,0,29.97,-0.0,0,0,0,41.9,44.4,47.1,0.43,0.27,0.34
ONTA,2019-11-08 20:50:00 EST,43.25941,-77.37331,328,25.5,26.0,20.2,74.2,18.5,0.000,0.000,0.00,0.000,4.1,6.1,0.9,212,10,4.3,6.5,0.9,213,9,4.3,6.5,0.9,213,9,0,29.97,-0.0,0,0,0,41.9,44.4,47.1,0.43,0.27,0.34
ONTA,2019-11-08 20:55:00 EST,43.25941,-77.37331,328,25.5,26.0,20.1,75.3,18.8,0.000,0.000,0.00,0.000,4.1,5.8,0.7,204,10,4.4,6.4,0.8,205,11,4.4,6.4,0.8,205,11,0,29.97,-0.0,0,0,0,41.9,44.4,47.1,0.43,0.27,0.34
ONTA,2019-11-08 21:00:00 EST,43.25941,-77.37331,328,25.4,25.8,19.7,76.4,19.0,0.000,0.000,0.00,0.000,4.3,6.5,1.0,200,11,4.7,7.1,1.0,199,11,4.7,7.1,1.0,199,11,0,29.97,-0.0,0,0,0,41.9,44.4,47.1,0.43,0.27,0.34
ONTA,2019-11-08 21:05:00 EST,43.25941,-77.37331,328,25.5,25.8,19.7,75.5,18.8,0.000,0.000,0.00,0.000,4.5,7.0,1.0,196,12,4.7,7.7,1.2,195,11,4.7,7.7,1.2,195,11,0,29.97,-0.0,0,0,0,41.9,44.4,47.0,0.43,0.27,0.34
ONTA,2019-11-08 21:10:00 EST,43.25941,-77.37331,328,25.4,25.8,20.6,75.4,18.7,0.000,0.000,0.00,0.000,3.6,5.6,0.9,201,14,3.9,6.4,1.0,201,14,3.9,6.4,1.0,201,14,0,29.97,-0.0,0,0,0,41.7,44.4,47.1,0.43,0.27,0.34
ONTA,2019-11-08 21:15:00 EST,43.25941,-77.37331,328,25.3,25.7,19.5,75.6,18.7,0.000,0.000,0.00,0.000,4.2,7.7,1.0,196,12,4.7,9.1,1.2,197,11,4.7,9.1,1.2,197,11,0,29.97,0.0,0,0,0,41.7,44.4,47.0,0.43,0.27,0.34
ONTA,2019-11-08 21:20:00 EST,43.25941,-77.37331,328,25.2,25.5,19.3,75.4,18.5,0.000,0.000,0.00,0.000,4.5,8.2,1.1,199,13,4.8,8.7,1.3,200,12,4.8,8.7,1.3,200,12,0,29.97,0.0,0,0,0,41.7,44.4,46.9,0.43,0.27,0.34
ONTA,2019-11-08 21:25:00 EST,43.25941,-77.37331,328,25.1,25.4,19.5,75.8,18.5,0.000,0.000,0.00,0.000,4.1,6.2,1.0,202,9,4.5,7.0,1.1,202,10,4.5,7.0,1.1,202,10,0,29.97,-0.0,0,0,0,41.7,44.4,46.9,0.43,0.27,0.34
ONTA,2019-11-08 21:30:00 EST,43.25941,-77.37331,328,25.0,25.3,18.8,75.6,18.4,0.000,0.000,0.00,0.000,4.7,8.1,1.1,198,13,5.1,8.9,1.2,198,11,5.1,8.9,1.2,198,11,0,29.97,-0.0,0,0,0,41.7,44.4,46.9,0.43,0.27,0.34
ONTA,2019-11-08 21:35:00 EST,43.25941,-77.37331,328,25.0,25.3,19.5,75.9,18.5,0.000,0.000,0.00,0.000,4.0,6.4,1.0,200,11,4.4,6.8,1.0,200,12,4.4,6.8,1.0,200,12,0,29.97,-0.0,0,0,0,41.7,44.4,46.9,0.43,0.27,0.34
ONTA,2019-11-08 21:40:00 EST,43.25941,-77.37331,328,24.9,25.2,19.3,76.2,18.5,0.000,0.000,0.00,0.000,4.2,6.9,0.9,200,12,4.5,7.3,1.0,199,11,4.5,7.3,1.0,199,11,0,29.97,-0.0,0,0,0,41.5,44.4,46.9,0.43,0.27,0.34
ONTA,2019-11-08 21:45:00 EST,43.25941,-77.37331,328,24.9,25.2,18.7,75.4,18.3,0.000,0.000,0.00,0.000,4.6,7.6,1.0,200,12,5.0,8.2,1.3,201,10,5.0,8.2,1.3,201,10,0,29.96,-0.0,0,0,0,41.5,44.4,46.9,0.43,0.27,0.34
ONTA,2019-11-08 21:50:00 EST,43.25941,-77.37331,328,24.9,25.1,19.2,75.5,18.3,0.000,0.000,0.00,0.000,4.2,7.3,1.3,201,13,4.6,7.9,1.4,202,12,4.6,7.9,1.4,202,12,0,29.96,-0.0,0,0,0,41.5,44.4,46.9,0.43,0.27,0.34
ONTA,2019-11-08 21:55:00 EST,43.25941,-77.37331,328,24.8,25.1,19.7,75.3,18.1,0.000,0.000,0.00,0.000,3.7,6.3,1.1,197,14,4.1,7.1,1.2,196,13,4.1,7.1,1.2,196,13,0,29.96,-0.0,0,0,0,41.5,44.4,46.9,0.43,0.27,0.34
ONTA,2019-11-08 22:00:00 EST,43.25941,-77.37331,328,24.8,25.1,18.8,75.2,18.0,0.000,0.000,0.00,0.000,4.4,6.9,1.0,194,12,4.8,8.0,1.2,195,12,4.8,8.0,1.2,195,12,0,29.96,-0.0,0,0,0,41.5,44.3,46.9,0.43,0.27,0.34
ONTA,2019-11-08 22:05:00 EST,43.25941,-77.37331,328,24.8,25.1,19.4,75.2,18.0,0.000,0.000,0.00,0.000,3.9,6.3,1.0,190,12,4.2,6.7,1.0,191,13,4.2,6.7,1.0,191,13,0,29.96,-0.0,0,0,0,41.5,44.4,46.9,0.43,0.27,0.34
ONTA,2019-11-08 22:10:00 EST,43.25941,-77.37331,328,24.6,24.9,19.0,75.5,18.0,0.000,0.000,0.00,0.000,3.9,6.1,0.9,189,14,4.4,7.9,1.1,190,11,4.4,7.9,1.1,190,11,0,29.96,0.0,0,0,0,41.4,44.3,46.9,0.43,0.27,0.34
ONTA,2019-11-08 22:15:00 EST,43.25941,-77.37331,328,24.4,24.7,18.8,76.3,18.0,0.000,0.000,0.00,0.000,3.8,5.8,0.9,187,12,4.4,7.0,1.0,187,11,4.4,7.0,1.0,187,11,0,29.96,-0.0,0,0,0,41.4,44.1,46.9,0.43,0.27,0.34
ONTA,2019-11-08 22:20:00 EST,43.25941,-77.37331,328,24.3,24.6,18.6,77.0,18.1,0.000,0.000,0.00,0.000,4.1,7.3,1.2,189,12,4.5,8.9,1.5,189,11,4.5,8.9,1.5,189,11,0,29.96,-0.0,0,0,0,41.4,44.1,46.9,0.43,0.27,0.34
ONTA,2019-11-08 22:25:00 EST,43.25941,-77.37331,328,24.3,24.6,17.8,75.7,17.8,0.000,0.000,0.00,0.000,4.7,7.6,1.2,192,13,5.3,9.8,1.4,190,12,5.3,9.8,1.4,190,12,0,29.96,-0.0,0,0,0,41.4,44.1,46.9,0.43,0.27,0.34
ONTA,2019-11-08 22:30:00 EST,43.25941,-77.37331,328,24.2,24.4,18.5,76.5,17.9,0.000,0.000,0.00,0.000,3.9,7.1,1.1,190,14,4.5,8.2,1.3,190,14,4.5,8.2,1.3,190,14,0,29.95,-0.0,0,0,0,41.4,44.1,46.9,0.43,0.27,0.34
ONTA,2019-11-08 22:35:00 EST,43.25941,-77.37331,328,23.9,24.2,19.1,77.7,18.0,0.000,0.000,0.00,0.000,3.4,6.0,0.8,193,14,3.7,5.8,0.9,194,13,3.7,5.8,0.9,194,13,0,29.95,-0.0,0,0,0,41.4,44.1,46.9,0.43,0.27,0.34
ONTA,2019-11-08 22:40:00 EST,43.25941,-77.37331,328,23.9,24.1,18.5,77.4,17.9,0.000,0.000,0.00,0.000,3.8,6.0,1.0,198,17,4.2,7.2,1.2,199,15,4.2,7.2,1.2,199,15,0,29.95,-0.0,0,0,0,41.3,44.1,46.9,0.43,0.27,0.34
ONTA,2019-11-08 22:45:00 EST,43.25941,-77.37331,328,23.8,24.0,18.3,77.8,17.8,0.000,0.000,0.00,0.000,3.9,5.9,0.8,202,12,4.2,6.3,0.8,204,12,4.2,6.3,0.8,204,12,0,29.95,-0.0,0,0,0,41.2,44.1,46.9,0.43,0.27,0.34
ONTA,2019-11-08 22:50:00 EST,43.25941,-77.37331,328,23.6,23.9,17.8,78.6,17.9,0.000,0.000,0.00,0.000,4.0,5.9,0.9,198,10,4.5,7.5,1.1,197,10,4.5,7.5,1.1,197,10,0,29.95,-0.0,0,0,0,41.2,44.1,46.9,0.43,0.27,0.34
ONTA,2019-11-08 22:55:00 EST,43.25941,-77.37331,328,23.6,23.8,18.0,78.5,17.9,0.000,0.000,0.00,0.000,3.9,6.5,0.9,194,13,4.3,7.2,1.1,195,14,4.3,7.2,1.1,195,14,0,29.95,0.0,0,0,0,41.2,44.1,46.9,0.43,0.27,0.34
ONTA,2019-11-08 23:00:00 EST,43.25941,-77.37331,328,23.6,23.8,17.3,78.4,17.8,0.000,0.000,0.00,0.000,4.5,7.6,1.3,199,13,4.9,8.3,1.5,197,12,4.9,8.3,1.5,197,12,0,29.95,0.0,0,0,0,41.2,44.1,46.9,0.43,0.27,0.34
ONTA,2019-11-08 23:05:00 EST,43.25941,-77.37331,328,23.4,23.6,18.3,78.3,17.6,0.000,0.000,0.00,0.000,3.6,5.9,0.8,201,12,3.9,6.5,1.0,202,12,3.9,6.5,1.0,202,12,0,29.95,-0.0,0,0,0,41.2,44.1,46.9,0.43,0.27,0.34
ONTA,2019-11-08 23:10:00 EST,43.25941,-77.37331,328,23.3,23.5,17.7,79.2,17.8,0.000,0.000,0.00,0.000,3.9,6.8,1.0,199,11,4.2,7.3,1.1,198,12,4.2,7.3,1.1,198,12,0,29.95,0.0,0,0,0,41.1,44.1,46.9,0.43,0.27,0.34
ONTA,2019-11-08 23:15:00 EST,43.25941,-77.37331,328,23.3,23.5,17.5,79.0,17.8,0.000,0.000,0.00,0.000,4.1,6.6,0.9,198,13,4.4,7.5,1.1,198,11,4.4,7.5,1.1,198,11,0,29.95,-0.0,0,0,0,41.0,44.1,46.9,0.43,0.27,0.34
ONTA,2019-11-08 23:20:00 EST,43.25941,-77.37331,328,23.3,23.5,18.3,79.3,17.8,0.000,0.000,0.00,0.000,3.5,5.4,0.8,196,11,3.8,6.1,0.8,196,12,3.8,6.1,0.8,196,12,0,29.95,-0.0,0,0,0,41.0,44.1,46.9,0.43,0.27,0.34
ONTA,2019-11-08 23:25:00 EST,43.25941,-77.37331,328,23.3,23.5,17.5,79.1,17.8,0.000,0.000,0.00,0.000,4.0,5.6,0.8,196,12,4.4,6.3,0.9,195,11,4.4,6.3,0.9,195,11,0,29.95,-0.0,0,0,0,41.0,44.1,46.9,0.43,0.27,0.34
ONTA,2019-11-08 23:30:00 EST,43.25941,-77.37331,328,23.2,23.4,17.4,79.8,17.9,0.000,0.000,0.00,0.000,3.8,6.1,1.0,196,12,4.4,7.1,1.1,195,13,4.4,7.1,1.1,195,13,0,29.94,-0.0,0,0,0,41.0,44.1,46.9,0.43,0.27,0.34
ONTA,2019-11-08 23:35:00 EST,43.25941,-77.37331,328,23.2,23.3,18.0,79.9,17.9,0.000,0.000,0.00,0.000,3.4,4.9,0.7,191,14,3.9,6.3,0.9,193,13,3.9,6.3,0.9,193,13,0,29.94,-0.0,0,0,0,41.0,44.0,46.9,0.43,0.27,0.34
ONTA,2019-11-08 23:40:00 EST,43.25941,-77.37331,328,23.2,23.4,17.5,80.6,18.1,0.000,0.000,0.00,0.000,3.9,6.8,1.2,195,14,4.3,8.2,1.5,194,13,4.3,8.2,1.5,194,13,0,29.94,-0.0,0,0,0,41.0,43.9,46.8,0.43,0.27,0.34
ONTA,2019-11-08 23:45:00 EST,43.25941,-77.37331,328,23.2,23.4,16.8,80.2,18.0,0.000,0.000,0.00,0.000,4.4,6.9,1.0,187,14,4.9,8.8,1.2,187,14,4.9,8.8,1.2,187,14,0,29.94,-0.0,0,0,0,41.0,44.0,46.8,0.43,0.27,0.34
ONTA,2019-11-08 23:50:00 EST,43.25941,-77.37331,328,23.2,23.3,17.1,79.9,17.9,0.000,0.000,0.00,0.000,4.1,6.7,1.3,188,14,4.7,8.1,1.5,188,13,4.7,8.1,1.5,188,13,0,29.94,0.0,0,0,0,40.9,43.9,46.8,0.43,0.27,0.34
ONTA,2019-11-08 23:55:00 EST,43.25941,-77.37331,328,23.2,23.3,16.2,79.7,17.9,0.000,0.000,0.00,0.000,4.9,8.2,1.1,189,13,5.5,9.9,1.4,188,12,5.5,9.9,1.4,188,12,0,29.94,-0.0,0,0,0,40.8,43.9,46.8,0.43,0.27,0.34
OPPE,2019-11-08 00:00:00 EST,43.06260,-74.66544,1181,22.4,22.8,17.9,86.1,18.9,0.000,0.047,0.00,0.000,2.9,6.9,1.7,277,16,3.3,7.7,1.8,277,17,3.3,7.7,1.8,277,17,0,28.79,-0.1,0,0,0,41.7,46.9,49.8,0.43,0.44,0.42
OPPE,2019-11-08 00:05:00 EST,43.06260,-74.66544,1181,22.3,22.8,17.0,86.6,19.0,0.000,0.000,0.00,0.000,3.5,5.6,0.8,267,14,3.9,7.6,1.2,267,15,3.9,7.6,1.2,267,15,0,28.79,-0.0,0,0,0,41.7,46.9,49.8,0.43,0.44,0.42
OPPE,2019-11-08 00:10:00 EST,43.06260,-74.66544,1181,22.3,22.7,17.3,86.9,19.0,0.000,0.000,0.00,0.000,3.2,5.6,0.9,270,15,3.7,7.1,1.2,271,15,3.7,7.1,1.2,271,15,0,28.79,-0.1,0,0,0,41.7,46.9,49.8,0.43,0.44,0.42
OPPE,2019-11-08 00:15:00 EST,43.06260,-74.66544,1181,22.3,22.7,16.0,87.0,19.0,0.000,0.000,0.00,0.000,3.9,6.4,1.0,274,15,4.7,8.3,1.3,275,13,4.7,8.3,1.3,275,13,0,28.79,-0.0,0,0,0,41.7,46.8,49.8,0.43,0.44,0.42
OPPE,2019-11-08 00:20:00 EST,43.06260,-74.66544,1181,22.2,22.6,16.2,86.9,18.9,0.000,0.000,0.00,0.000,3.9,8.3,1.7,272,17,4.5,10.3,2.0,273,16,4.5,10.3,2.0,273,16,0,28.79,0.0,0,0,0,41.7,46.8,49.8,0.43,0.44,0.42
OPPE,2019-11-08 00:25:00 EST,43.06260,-74.66544,1181,22.1,22.5,17.3,87.2,18.9,0.000,0.000,0.00,0.000,2.8,6.3,1.1,285,23,3.5,8.4,1.3,286,22,3.5,8.4,1.3,286,22,0,28.79,0.0,0,0,0,41.6,46.8,49.8,0.43,0.44,0.42
OPPE,2019-11-08 00:30:00 EST,43.06260,-74.66544,1181,22.1,22.5,17.0,87.3,18.9,0.000,0.000,0.00,0.000,3.3,6.9,1.4,286,16,3.7,8.2,1.7,288,15,3.7,8.2,1.7,288,15,0,28.79,-0.0,0,0,0,41.5,46.8,49.8,0.43,0.44,0.42
OPPE,2019-11-08 00:35:00 EST,43.06260,-74.66544,1181,22.3,22.4,16.6,87.3,19.1,0.000,0.000,0.00,0.000,3.7,8.4,1.4,296,21,4.2,10.5,1.7,296,19,4.2,10.5,1.7,296,19,0,28.79,0.0,0,0,0,41.5,46.8,49.8,0.43,0.44,0.42
OPPE,2019-11-08 00:40:00 EST,43.06260,-74.66544,1181,22.3,22.3,18.0,87.2,19.1,0.000,0.000,0.00,0.000,2.9,6.4,1.2,299,20,3.2,6.7,1.4,299,22,3.2,6.7,1.4,299,22,0,28.79,0.0,0,0,0,41.5,46.8,49.8,0.43,0.44,0.42
OPPE,2019-11-08 00:45:00 EST,43.06260,-74.66544,1181,21.9,22.0,21.9,87.5,18.8,0.000,0.000,0.00,0.000,1.8,4.7,0.8,339,29,2.4,6.0,0.8,343,28,2.4,6.0,0.8,343,28,0,28.78,-0.0,0,0,0,41.5,46.8,49.8,0.43,0.44,0.42
OPPE,2019-11-08 00:50:00 EST,43.06260,-74.66544,1181,21.4,21.8,21.4,88.6,18.6,0.000,0.000,0.00,0.000,1.8,4.0,0.7,6,23,2.3,5.5,0.9,8,22,2.3,5.5,0.9,8,22,0,28.78,-0.0,0,0,0,41.5,46.8,49.8,0.43,0.44,0.42
OPPE,2019-11-08 00:55:00 EST,43.06260,-74.66544,1181,21.0,21.6,21.0,90.0,18.6,0.000,0.000,0.00,0.000,0.9,1.8,0.4,24,16,1.2,2.5,0.6,24,19,1.2,2.5,0.6,24,19,0,28.78,0.0,0,0,0,41.4,46.8,49.8,0.43,0.44,0.42
OPPE,2019-11-08 01:00:00 EST,43.06260,-74.66544,1181,21.1,21.5,21.1,90.8,18.8,0.000,0.000,0.00,0.000,0.4,1.6,0.5,358,15,0.8,2.2,0.6,352,19,0.8,2.2,0.6,352,19,0,28.78,-0.0,0,0,0,41.4,46.8,49.8,0.43,0.44,0.42
OPPE,2019-11-08 01:05:00 EST,43.06260,-74.66544,1181,21.5,21.5,21.5,91.2,19.3,0.000,0.000,0.00,0.000,0.2,1.5,0.4,308,10,0.7,1.7,0.5,313,18,0.7,1.7,0.5,313,18,0,28.78,0.1,0,0,0,41.4,46.8,49.8,0.43,0.44,0.42
OPPE,2019-11-08 01:10:00 EST,43.06260,-74.66544,1181,21.6,21.7,21.6,91.8,19.5,0.000,0.000,0.00,0.000,1.1,2.5,0.6,317,15,1.3,3.0,0.6,322,16,1.3,3.0,0.6,322,16,0,28.77,-0.0,0,0,0,41.4,46.8,49.8,0.43,0.44,0.42
OPPE,2019-11-08 01:15:00 EST,43.06260,-74.66544,1181,21.3,21.6,21.3,92.5,19.4,0.000,0.000,0.00,0.000,1.1,2.0,0.3,340,9,1.5,2.4,0.3,341,11,1.5,2.4,0.3,341,11,0,28.77,0.1,0,0,0,41.4,46.8,49.8,0.43,0.44,0.42
OPPE,2019-11-08 01:20:00 EST,43.06260,-74.66544,1181,21.2,21.5,21.2,93.2,19.5,0.000,0.000,0.00,0.000,1.0,1.5,0.3,337,4,1.5,2.4,0.2,344,14,1.5,2.4,0.2,344,14,0,28.77,0.0,0,0,0,41.3,46.8,49.8,0.43,0.44,0.42
OPPE,2019-11-08 01:25:00 EST,43.06260,-74.66544,1181,21.2,21.6,21.2,93.6,19.7,0.000,0.000,0.00,0.000,1.8,3.5,0.5,296,13,2.0,3.6,0.5,297,13,2.0,3.6,0.5,297,13,0,28.77,0.1,0,0,0,41.2,46.8,49.8,0.43,0.44,0.42
OPPE,2019-11-08 01:30:00 EST,43.06260,-74.66544,1181,21.3,21.6,21.3,93.0,19.6,0.000,0.000,0.00,0.000,1.8,2.7,0.4,323,13,1.9,3.6,0.4,325,14,1.9,3.6,0.4,325,14,0,28.77,0.0,0,0,0,41.2,46.8,49.8,0.43,0.44,0.42
OPPE,2019-11-08 01:35:00 EST,43.06260,-74.66544,1181,21.3,21.4,21.3,92.3,19.4,0.000,0.000,0.00,0.000,1.5,2.6,0.5,314,14,1.6,2.8,0.4,317,16,1.6,2.8,0.4,317,16,0,28.77,-0.1,0,0,0,41.2,46.8,49.8,0.43,0.44,0.42
OPPE,2019-11-08 01:40:00 EST,43.06260,-74.66544,1181,21.2,21.3,21.2,92.3,19.3,0.000,0.000,0.00,0.000,1.6,3.1,0.5,309,11,1.8,2.9,0.4,312,12,1.8,2.9,0.4,312,12,0,28.77,0.0,0,0,0,41.2,46.8,49.8,0.43,0.44,0.42
OPPE,2019-11-08 01:45:00 EST,43.06260,-74.66544,1181,21.1,21.3,21.1,91.9,19.2,0.000,0.000,0.00,0.000,2.4,4.5,0.7,303,18,2.6,5.0,0.8,304,17,2.6,5.0,0.8,304,17,0,28.77,-0.0,0,0,0,41.1,46.8,49.8,0.43,0.44,0.42
OPPE,2019-11-08 01:50:00 EST,43.06260,-74.66544,1181,21.0,21.3,21.0,91.5,18.9,0.000,0.000,0.00,0.000,2.5,4.3,0.7,298,12,2.7,4.8,0.7,300,12,2.7,4.8,0.7,300,12,0,28.77,0.0,0,0,0,41.0,46.8,49.8,0.43,0.44,0.42
OPPE,2019-11-08 01:55:00 EST,43.06260,-74.66544,1181,20.9,21.1,20.9,91.8,18.9,0.000,0.000,0.00,0.000,2.1,3.4,0.6,294,15,2.4,4.1,0.6,295,14,2.4,4.1,0.6,295,14,0,28.78,0.0,0,0,0,41.0,46.8,49.8,0.43,0.44,0.42
OPPE,2019-11-08 02:00:00 EST,43.06260,-74.66544,1181,20.9,20.9,20.9,92.1,19.0,0.000,0.000,0.00,0.000,1.9,4.6,0.8,303,15,2.1,4.8,0.7,306,16,2.1,4.8,0.7,306,16,0,28.78,-0.0,0,0,0,41.0,46.8,49.8,0.43,0.44,0.42
OPPE,2019-11-08 02:05:00 EST,43.06260,-74.66544,1181,20.7,20.8,20.7,92.0,18.8,0.000,0.000,0.00,0.000,2.1,4.4,0.8,310,16,2.2,4.6,0.8,310,13,2.2,4.6,0.8,310,13,0,28.78,0.0,0,0,0,41.0,46.8,49.7,0.43,0.44,0.42
OPPE,2019-11-08 02:10:00 EST,43.06260,-74.66544,1181,20.7,20.9,20.7,92.2,18.8,0.000,0.000,0.00,0.000,2.6,5.1,0.8,300,16,2.8,5.1,0.9,302,17,2.8,5.1,0.9,302,17,0,28.77,0.1,0,0,0,41.0,46.8,49.8,0.43,0.44,0.42
OPPE,2019-11-08 02:15:00 EST,43.06260,-74.66544,1181,20.8,20.9,20.8,92.3,18.9,0.000,0.000,0.00,0.000,2.5,4.3,0.8,297,14,2.8,4.9,0.9,297,13,2.8,4.9,0.9,297,13,0,28.77,0.1,0,0,0,41.0,46.8,49.8,0.43,0.44,0.42
OPPE,2019-11-08 02:20:00 EST,43.06260,-74.66544,1181,20.7,20.9,20.7,92.0,18.7,0.000,0.000,0.00,0.000,2.6,4.7,0.9,296,17,2.8,5.4,1.0,299,15,2.8,5.4,1.0,299,15,0,28.77,0.1,0,0,0,40.8,46.8,49.8,0.43,0.44,0.42
OPPE,2019-11-08 02:25:00 EST,43.06260,-74.66544,1181,20.7,20.8,20.7,91.8,18.6,0.000,0.000,0.00,0.000,2.4,4.9,0.9,298,16,2.7,5.8,0.9,299,17,2.7,5.8,0.9,299,17,0,28.77,0.1,0,0,0,40.8,46.8,49.8,0.43,0.44,0.42
OPPE,2019-11-08 02:30:00 EST,43.06260,-74.66544,1181,20.6,20.7,20.6,92.1,18.7,0.000,0.000,0.00,0.000,2.3,4.1,0.7,316,17,2.5,5.2,0.9,318,17,2.5,5.2,0.9,318,17,0,28.77,0.1,0,0,0,40.8,46.8,49.8,0.43,0.44,0.42
OPPE,2019-11-08 02:35:00 EST,43.06260,-74.66544,1181,20.5,20.7,20.5,92.2,18.6,0.000,0.000,0.00,0.000,2.5,5.5,1.3,314,17,2.8,5.3,1.2,319,18,2.8,5.3,1.2,319,18,0,28.77,0.0,0,0,0,40.8,46.8,49.7,0.43,0.44,0.42
OPPE,2019-11-08 02:40:00 EST,43.06260,-74.66544,1181,20.5,20.7,20.5,92.2,18.6,0.000,0.000,0.00,0.000,2.2,4.8,0.8,312,19,2.4,5.5,0.7,315,18,2.4,5.5,0.7,315,18,0,28.77,0.1,0,0,0,40.7,46.8,49.8,0.43,0.44,0.42
OPPE,2019-11-08 02:45:00 EST,43.06260,-74.66544,1181,20.5,20.7,20.5,92.6,18.8,0.000,0.000,0.00,0.000,2.1,3.9,0.7,310,15,2.3,4.4,0.7,313,15,2.3,4.4,0.7,313,15,0,28.77,-0.0,0,0,0,40.6,46.8,49.7,0.43,0.44,0.42
OPPE,2019-11-08 02:50:00 EST,43.06260,-74.66544,1181,20.7,20.8,20.7,92.6,18.9,0.000,0.000,0.00,0.000,2.1,4.2,0.8,300,13,2.2,4.6,0.7,303,14,2.2,4.6,0.7,303,14,0,28.77,0.1,0,0,0,40.6,46.8,49.7,0.43,0.44,0.42
OPPE,2019-11-08 02:55:00 EST,43.06260,-74.66544,1181,20.6,20.8,20.6,92.0,18.7,0.000,0.000,0.00,0.000,1.7,2.7,0.5,297,15,1.9,3.4,0.5,299,15,1.9,3.4,0.5,299,15,0,28.77,0.0,0,0,0,40.6,46.7,49.7,0.43,0.44,0.42
OPPE,2019-11-08 03:00:00 EST,43.06260,-74.66544,1181,20.1,20.5,20.1,91.9,18.1,0.000,0.000,0.00,0.000,0.8,2.3,0.6,268,20,1.2,2.5,0.5,268,25,1.2,2.5,0.5,268,25,0,28.77,0.0,0,0,0,40.6,46.7,49.7,0.43,0.44,0.42
OPPE,2019-11-08 03:05:00 EST,43.06260,-74.66544,1181,19.8,20.4,19.8,92.4,18.0,0.000,0.000,0.00,0.000,0.5,1.5,0.4,279,12,0.9,2.3,0.6,281,17,0.9,2.3,0.6,281,17,0,28.77,0.1,0,0,0,40.6,46.6,49.7,0.43,0.44,0.42
OPPE,2019-11-08 03:10:00 EST,43.06260,-74.66544,1181,19.7,20.2,19.7,93.3,18.1,0.000,0.000,0.00,0.000,0.9,1.5,0.4,257,11,1.2,2.0,0.3,257,13,1.2,2.0,0.3,257,13,0,28.77,0.1,0,0,0,40.5,46.6,49.7,0.43,0.44,0.42
OPPE,2019-11-08 03:15:00 EST,43.06260,-74.66544,1181,19.7,20.1,19.7,93.9,18.2,0.000,0.000,0.00,0.000,1.5,3.7,0.6,246,12,1.8,4.4,0.6,246,15,1.8,4.4,0.6,246,15,0,28.77,0.0,0,0,0,40.5,46.6,49.7,0.43,0.44,0.42
OPPE,2019-11-08 03:20:00 EST,43.06260,-74.66544,1181,19.3,19.8,19.3,93.4,17.7,0.000,0.000,0.00,0.000,1.5,3.1,0.5,234,14,1.7,3.4,0.6,235,19,1.7,3.4,0.6,235,19,0,28.77,0.1,0,0,0,40.5,46.6,49.7,0.43,0.44,0.42
OPPE,2019-11-08 03:25:00 EST,43.06260,-74.66544,1181,19.5,20.1,19.5,94.2,18.1,0.000,0.000,0.00,0.000,1.3,3.2,0.9,279,22,1.6,4.0,0.9,281,30,1.6,4.0,0.9,281,30,0,28.77,0.1,0,0,0,40.5,46.6,49.7,0.43,0.44,0.42
OPPE,2019-11-08 03:30:00 EST,43.06260,-74.66544,1181,19.7,20.2,19.7,94.1,18.3,0.000,0.000,0.00,0.000,1.9,4.5,1.2,291,22,2.4,5.9,1.3,292,24,2.4,5.9,1.3,292,24,0,28.77,0.1,0,0,0,40.5,46.6,49.7,0.43,0.44,0.42
OPPE,2019-11-08 03:35:00 EST,43.06260,-74.66544,1181,20.0,20.1,20.0,94.6,18.6,0.000,0.000,0.00,0.000,1.7,3.4,0.8,258,24,2.1,4.4,0.9,258,23,2.1,4.4,0.9,258,23,0,28.77,0.1,0,0,0,40.4,46.6,49.7,0.43,0.44,0.42
OPPE,2019-11-08 03:40:00 EST,43.06260,-74.66544,1181,19.9,20.0,19.9,94.5,18.6,0.000,0.000,0.00,0.000,1.7,4.4,0.9,270,20,2.1,5.3,1.1,273,20,2.1,5.3,1.1,273,20,0,28.77,0.1,0,0,0,40.3,46.6,49.6,0.43,0.44,0.42
OPPE,2019-11-08 03:45:00 EST,43.06260,-74.66544,1181,19.6,19.9,19.6,93.9,18.1,0.000,0.000,0.00,0.000,1.5,4.3,0.9,271,24,1.9,5.2,0.9,270,23,1.9,5.2,0.9,270,23,0,28.77,0.1,0,0,0,40.3,46.6,49.6,0.43,0.44,0.42
OPPE,2019-11-08 03:50:00 EST,43.06260,-74.66544,1181,19.7,20.0,19.7,94.0,18.3,0.000,0.000,0.00,0.000,2.0,4.3,0.9,288,17,2.4,5.2,1.0,290,16,2.4,5.2,1.0,290,16,0,28.77,0.1,0,0,0,40.3,46.6,49.6,0.43,0.44,0.42
OPPE,2019-11-08 03:55:00 EST,43.06260,-74.66544,1181,19.7,20.0,19.7,94.2,18.3,0.000,0.000,0.00,0.000,2.4,5.7,0.9,296,22,2.8,6.7,1.0,298,21,2.8,6.7,1.0,298,21,0,28.77,0.1,0,0,0,40.3,46.6,49.6,0.43,0.44,0.42
OPPE,2019-11-08 04:00:00 EST,43.06260,-74.66544,1181,19.7,19.9,19.7,94.0,18.2,0.000,0.000,0.00,0.000,2.0,4.5,0.9,315,26,2.3,5.5,1.0,318,24,2.3,5.5,1.0,318,24,0,28.77,0.1,0,0,0,40.3,46.6,49.7,0.43,0.44,0.42
OPPE,2019-11-08 04:05:00 EST,43.06260,-74.66544,1181,19.8,20.0,14.1,93.7,18.3,0.000,0.000,0.00,0.000,3.7,7.9,1.8,307,16,3.9,9.5,2.0,307,14,3.9,9.5,2.0,307,14,0,28.77,0.2,0,0,0,40.3,46.6,49.6,0.43,0.44,0.42
OPPE,2019-11-08 04:10:00 EST,43.06260,-74.66544,1181,20.3,20.3,13.8,92.0,18.3,0.000,0.000,0.00,0.000,4.0,8.4,1.8,306,21,4.6,9.6,1.8,308,20,4.6,9.6,1.8,308,20,0,28.77,0.1,0,0,0,40.2,46.6,49.6,0.43,0.44,0.42
OPPE,2019-11-08 04:15:00 EST,43.06260,-74.66544,1181,20.3,20.4,13.6,89.7,17.8,0.000,0.000,0.00,0.000,4.3,9.6,1.9,305,17,4.8,9.6,1.7,307,16,4.8,9.6,1.7,307,16,0,28.78,0.2,0,0,0,40.1,46.6,49.6,0.43,0.44,0.42
OPPE,2019-11-08 04:20:00 EST,43.06260,-74.66544,1181,20.5,20.5,12.5,88.3,17.6,0.000,0.000,0.00,0.000,5.6,9.8,1.8,309,19,6.0,11.5,1.8,310,19,6.0,11.5,1.8,310,19,0,28.78,0.1,0,0,0,40.1,46.6,49.6,0.43,0.44,0.42
OPPE,2019-11-08 04:25:00 EST,43.06260,-74.66544,1181,20.4,20.5,13.0,86.4,17.0,0.000,0.000,0.00,0.000,4.8,8.5,1.4,313,25,5.4,8.9,1.5,315,23,5.4,8.9,1.5,315,23,0,28.78,0.1,0,0,0,40.1,46.6,49.6,0.43,0.44,0.42
OPPE,2019-11-08 04:30:00 EST,43.06260,-74.66544,1181,20.2,20.3,13.5,87.0,16.9,0.000,0.000,0.00,0.000,4.1,8.0,1.7,328,22,4.7,8.3,1.8,331,21,4.7,8.3,1.8,331,21,0,28.78,0.1,0,0,0,40.1,46.6,49.6,0.43,0.44,0.42
OPPE,2019-11-08 04:35:00 EST,43.06260,-74.66544,1181,19.9,20.1,13.3,88.0,16.9,0.000,0.000,0.00,0.000,4.0,6.8,1.1,330,22,4.6,7.8,1.2,332,19,4.6,7.8,1.2,332,19,0,28.78,0.1,0,0,0,40.1,46.6,49.6,0.43,0.44,0.42
OPPE,2019-11-08 04:40:00 EST,43.06260,-74.66544,1181,19.9,20.0,12.8,87.5,16.8,0.000,0.000,0.00,0.000,4.3,10.2,2.3,335,18,5.0,10.9,2.4,336,17,5.0,10.9,2.4,336,17,0,28.77,0.1,0,0,0,40.0,46.5,49.6,0.43,0.44,0.42
OPPE,2019-11-08 04:45:00 EST,43.06260,-74.66544,1181,19.8,19.9,12.9,87.3,16.6,0.000,0.000,0.00,0.000,4.2,7.8,1.8,335,19,4.8,10.3,1.9,337,17,4.8,10.3,1.9,337,17,0,28.77,0.1,0,0,0,39.9,46.6,49.6,0.43,0.44,0.42
OPPE,2019-11-08 04:50:00 EST,43.06260,-74.66544,1181,19.7,19.9,12.9,86.8,16.4,0.000,0.000,0.00,0.000,4.4,8.4,1.6,325,22,4.8,10.1,1.7,326,19,4.8,10.1,1.7,326,19,0,28.77,0.1,0,0,0,39.9,46.5,49.6,0.43,0.44,0.42
OPPE,2019-11-08 04:55:00 EST,43.06260,-74.66544,1181,19.6,19.7,14.1,86.6,16.2,0.000,0.000,0.00,0.000,3.2,7.8,1.4,319,24,3.7,8.7,1.7,320,19,3.7,8.7,1.7,320,19,0,28.77,0.0,0,0,0,39.9,46.4,49.6,0.43,0.44,0.42
OPPE,2019-11-08 05:00:00 EST,43.06260,-74.66544,1181,19.2,19.6,13.3,86.7,15.9,0.000,0.000,0.00,0.000,3.5,6.7,1.2,324,23,4.0,7.3,1.3,325,19,4.0,7.3,1.3,325,19,0,28.77,0.1,0,0,0,39.9,46.4,49.6,0.43,0.44,0.42
OPPE,2019-11-08 05:05:00 EST,43.06260,-74.66544,1181,19.3,19.6,13.7,86.8,16.0,0.000,0.000,0.00,0.000,3.5,7.2,1.4,314,21,3.8,7.8,1.4,316,20,3.8,7.8,1.4,316,20,0,28.77,0.1,0,0,0,39.9,46.4,49.6,0.43,0.44,0.42
OPPE,2019-11-08 05:10:00 EST,43.06260,-74.66544,1181,19.1,19.5,13.2,86.0,15.6,0.000,0.000,0.00,0.000,3.5,8.2,1.3,312,25,4.0,10.0,1.6,315,22,4.0,10.0,1.6,315,22,0,28.77,0.2,0,0,0,39.9,46.4,49.6,0.43,0.44,0.42
OPPE,2019-11-08 05:15:00 EST,43.06260,-74.66544,1181,19.5,19.7,12.6,84.3,15.5,0.000,0.000,0.00,0.000,4.5,7.4,1.2,310,18,4.8,8.7,1.5,314,18,4.8,8.7,1.5,314,18,0,28.77,0.1,0,0,0,39.9,46.4,49.6,0.43,0.44,0.42
OPPE,2019-11-08 05:20:00 EST,43.06260,-74.66544,1181,19.6,19.7,12.6,82.7,15.2,0.000,0.000,0.00,0.000,4.4,6.6,1.1,305,20,4.9,7.5,1.3,308,20,4.9,7.5,1.3,308,20,0,28.77,0.2,0,0,0,39.8,46.4,49.6,0.43,0.44,0.42
OPPE,2019-11-08 05:25:00 EST,43.06260,-74.66544,1181,19.6,19.7,12.3,81.8,14.9,0.000,0.000,0.00,0.000,4.8,9.2,1.5,308,20,5.1,11.7,1.8,308,19,5.1,11.7,1.8,308,19,0,28.78,0.2,0,0,0,39.7,46.4,49.6,0.43,0.44,0.42
OPPE,2019-11-08 05:30:00 EST,43.06260,-74.66544,1181,19.6,19.7,13.3,80.9,14.7,0.000,0.000,0.00,0.000,4.2,8.9,1.6,304,17,4.4,8.3,1.6,307,15,4.4,8.3,1.6,307,15,0,28.78,0.1,0,0,0,39.7,46.4,49.6,0.43,0.44,0.42
OPPE,2019-11-08 05:35:00 EST,43.06260,-74.66544,1181,19.1,19.5,12.9,81.8,14.5,0.000,0.000,0.00,0.000,3.8,7.7,1.6,313,25,4.3,8.2,1.6,317,23,4.3,8.2,1.6,317,23,0,28.78,0.1,0,0,0,39.7,46.4,49.6,0.43,0.44,0.42
OPPE,2019-11-08 05:40:00 EST,43.06260,-74.66544,1181,19.2,19.4,12.5,82.7,14.8,0.000,0.000,0.00,0.000,4.3,10.2,2.0,308,22,4.7,12.8,2.2,309,21,4.7,12.8,2.2,309,21,0,28.78,0.1,0,0,0,39.7,46.4,49.6,0.43,0.44,0.42
OPPE,2019-11-08 05:45:00 EST,43.06260,-74.66544,1181,18.9,19.2,12.9,83.2,14.7,0.000,0.000,0.00,0.000,3.5,8.0,1.6,304,21,4.1,8.7,1.7,305,19,4.1,8.7,1.7,305,19,0,28.78,0.1,0,0,0,39.7,46.4,49.6,0.43,0.44,0.42
OPPE,2019-11-08 05:50:00 EST,43.06260,-74.66544,1181,19.0,19.3,11.7,83.5,14.8,0.000,0.000,0.00,0.000,4.5,7.9,1.3,301,19,5.1,8.5,1.4,302,17,5.1,8.5,1.4,302,17,0,28.79,0.1,0,0,0,39.7,46.4,49.6,0.43,0.44,0.42
OPPE,2019-11-08 05:55:00 EST,43.06260,-74.66544,1181,19.1,19.2,12.0,83.9,15.0,0.000,0.000,0.00,0.000,4.6,8.3,1.5,302,16,4.9,9.1,1.7,305,15,4.9,9.1,1.7,305,15,0,28.79,0.1,0,0,0,39.6,46.4,49.6,0.43,0.44,0.42
OPPE,2019-11-08 06:00:00 EST,43.06260,-74.66544,1181,19.0,19.1,13.0,83.7,14.9,0.000,0.000,0.00,0.000,3.8,6.9,1.2,301,20,4.0,8.4,1.4,303,19,4.0,8.4,1.4,303,19,0,28.79,0.2,0,0,0,39.6,46.4,49.6,0.43,0.44,0.42
OPPE,2019-11-08 06:05:00 EST,43.06260,-74.66544,1181,18.9,19.1,11.0,83.6,14.7,0.000,0.000,0.00,0.000,5.1,9.3,1.6,306,21,5.6,9.7,1.7,304,19,5.6,9.7,1.7,304,19,0,28.79,0.2,0,0,0,39.6,46.4,49.6,0.43,0.44,0.42
OPPE,2019-11-08 06:10:00 EST,43.06260,-74.66544,1181,18.9,19.0,12.8,83.4,14.7,0.000,0.000,0.00,0.000,3.8,7.1,1.4,311,21,4.1,9.7,1.5,313,19,4.1,9.7,1.5,313,19,0,28.79,0.1,0,0,0,39.6,46.4,49.6,0.43,0.44,0.42
OPPE,2019-11-08 06:15:00 EST,43.06260,-74.66544,1181,18.7,18.9,13.4,83.8,14.6,0.000,0.000,0.00,0.000,3.1,6.3,1.1,307,23,3.5,7.2,1.3,311,23,3.5,7.2,1.3,311,23,0,28.79,0.2,0,0,0,39.6,46.4,49.6,0.43,0.44,0.42
OPPE,2019-11-08 06:20:00 EST,43.06260,-74.66544,1181,18.9,19.0,11.6,83.8,14.8,0.000,0.000,0.00,0.000,4.6,8.4,1.6,304,16,5.0,10.5,1.8,304,16,5.0,10.5,1.8,304,16,0,28.79,0.2,0,0,0,39.6,46.4,49.6,0.43,0.44,0.42
OPPE,2019-11-08 06:25:00 EST,43.06260,-74.66544,1181,18.8,19.0,11.1,83.3,14.6,0.000,0.000,0.00,0.000,4.8,9.6,1.8,305,23,5.4,12.0,1.9,307,22,5.4,12.0,1.9,307,22,0,28.79,0.2,0,0,0,39.6,46.4,49.6,0.43,0.44,0.42
OPPE,2019-11-08 06:30:00 EST,43.06260,-74.66544,1181,19.0,19.0,10.5,82.6,14.6,0.000,0.000,0.00,0.000,5.8,11.5,2.2,302,17,6.2,13.8,2.3,300,16,6.2,13.8,2.3,300,16,0,28.80,0.2,0,0,0,39.6,46.3,49.6,0.43,0.44,0.42
OPPE,2019-11-08 06:35:00 EST,43.06260,-74.66544,1181,19.0,19.1,10.4,82.2,14.5,0.000,0.000,0.00,0.000,5.9,10.9,2.1,300,19,6.4,11.9,2.2,300,20,6.4,11.9,2.2,300,20,2,28.80,0.2,0,0,0,39.6,46.2,49.6,0.43,0.44,0.43
OPPE,2019-11-08 06:40:00 EST,43.06260,-74.66544,1181,18.7,18.8,11.4,82.7,14.3,0.000,0.000,0.00,0.000,4.4,9.9,1.7,294,18,5.0,11.2,1.8,294,16,5.0,11.2,1.8,294,16,4,28.80,0.1,0,0,0,39.4,46.0,49.6,0.43,0.44,0.42
OPPE,2019-11-08 06:45:00 EST,43.06260,-74.66544,1181,18.8,18.9,8.9,82.8,14.4,0.000,0.000,0.00,0.000,7.0,14.0,3.1,290,19,7.8,17.8,3.3,290,16,7.8,17.8,3.3,290,16,6,28.81,0.2,0,0,0,39.4,46.0,49.6,0.43,0.44,0.42
OPPE,2019-11-08 06:50:00 EST,43.06260,-74.66544,1181,18.6,18.7,10.8,83.2,14.3,0.000,0.000,0.00,0.000,4.8,9.6,1.6,288,22,5.5,11.9,1.9,289,19,5.5,11.9,1.9,289,19,8,28.81,0.1,0,0,0,39.4,46.0,49.6,0.43,0.44,0.42
OPPE,2019-11-08 06:55:00 EST,43.06260,-74.66544,1181,18.5,18.7,10.0,84.0,14.5,0.000,0.000,0.00,0.000,5.5,11.0,1.9,288,18,6.2,13.1,2.2,288,17,6.2,13.1,2.2,288,17,10,28.81,0.2,0,0,0,39.4,46.0,49.6,0.43,0.44,0.43
OPPE,2019-11-08 07:00:00 EST,43.06260,-74.66544,1181,18.8,18.8,9.9,84.2,14.8,0.000,0.000,0.00,0.000,6.0,13.2,2.5,305,21,6.6,13.6,2.6,304,19,6.6,13.6,2.6,304,19,13,28.82,0.2,0,0,0,39.4,46.0,49.6,0.43,0.44,0.42
OPPE,2019-11-08 07:05:00 EST,43.06260,-74.66544,1181,18.9,18.8,9.1,83.9,14.8,0.000,0.000,0.00,0.000,6.9,15.3,2.5,298,19,7.7,16.6,2.9,300,19,7.7,16.6,2.9,300,19,16,28.82,0.2,0,0,0,39.4,46.0,49.6,0.43,0.44,0.42
OPPE,2019-11-08 07:10:00 EST,43.06260,-74.66544,1181,18.8,18.8,9.6,83.7,14.7,0.000,0.000,0.00,0.000,6.6,11.9,1.7,308,19,7.0,12.3,1.8,310,19,7.0,12.3,1.8,310,19,36,28.82,0.2,0,0,0,39.4,46.0,49.6,0.43,0.44,0.42
OPPE,2019-11-08 07:15:00 EST,43.06260,-74.66544,1181,18.9,18.8,9.8,83.7,14.7,0.000,0.000,0.00,0.000,6.3,10.9,1.7,314,20,6.8,12.0,2.0,317,20,6.8,12.0,2.0,317,20,44,28.82,0.2,0,0,0,39.2,46.0,49.6,0.43,0.44,0.42
OPPE,2019-11-08 07:20:00 EST,43.06260,-74.66544,1181,19.0,18.9,8.8,83.1,14.7,0.000,0.000,0.00,0.000,7.4,13.2,2.0,321,30,8.3,14.7,2.4,324,26,8.3,14.7,2.4,324,26,51,28.83,0.2,0,0,0,39.2,46.0,49.6,0.43,0.44,0.42
OPPE,2019-11-08 07:25:00 EST,43.06260,-74.66544,1181,19.2,19.1,9.5,81.8,14.5,0.000,0.000,0.00,0.000,6.9,14.0,2.7,326,21,7.6,17.0,2.9,328,19,7.6,17.0,2.9,328,19,59,28.83,0.2,0,0,0,39.2,46.0,49.6,0.43,0.44,0.42
OPPE,2019-11-08 07:30:00 EST,43.06260,-74.66544,1181,19.2,19.2,9.6,82.4,14.8,0.000,0.000,0.00,0.000,6.8,13.2,2.8,332,19,7.6,15.5,2.8,334,18,7.6,15.5,2.8,334,18,67,28.83,0.2,0,0,0,39.2,46.0,49.6,0.43,0.44,0.42
OPPE,2019-11-08 07:35:00 EST,43.06260,-74.66544,1181,19.4,19.3,10.7,82.3,14.9,0.000,0.000,0.00,0.000,5.7,11.5,2.6,333,27,6.6,13.6,2.8,334,23,6.6,13.6,2.8,334,23,75,28.84,0.2,0,0,0,39.2,46.0,49.6,0.43,0.44,0.42
OPPE,2019-11-08 07:40:00 EST,43.06260,-74.66544,1181,19.7,19.5,10.3,80.8,14.7,0.000,0.000,0.00,0.000,6.7,12.2,2.1,331,19,7.4,14.8,2.4,334,18,7.4,14.8,2.4,334,18,84,28.84,0.2,0,0,0,39.2,46.0,49.6,0.43,0.44,0.43
OPPE,2019-11-08 07:45:00 EST,43.06260,-74.66544,1181,19.9,19.7,10.9,81.0,15.0,0.000,0.000,0.00,0.000,6.1,13.9,2.6,328,22,7.0,13.7,2.7,332,21,7.0,13.7,2.7,332,21,93,28.84,0.2,0,0,0,39.2,46.0,49.6,0.43,0.44,0.42
OPPE,2019-11-08 07:50:00 EST,43.06260,-74.66544,1181,20.1,19.9,10.3,79.0,14.7,0.000,0.000,0.00,0.000,7.1,14.3,2.7,335,20,8.1,18.9,3.2,336,18,8.1,18.9,3.2,336,18,102,28.84,0.2,0,0,0,39.2,46.0,49.6,0.43,0.44,0.42
OPPE,2019-11-08 07:55:00 EST,43.06260,-74.66544,1181,20.4,20.1,14.0,79.5,15.0,0.000,0.000,0.00,0.000,4.2,7.9,1.6,320,25,4.5,8.2,1.7,321,24,4.5,8.2,1.7,321,24,112,28.85,0.2,0,0,0,39.2,46.0,49.6,0.43,0.44,0.42
OPPE,2019-11-08 08:00:00 EST,43.06260,-74.66544,1181,20.6,20.3,12.3,78.3,14.9,0.000,0.000,0.00,0.000,5.6,11.7,2.2,315,23,6.4,14.0,2.3,315,23,6.4,14.0,2.3,315,23,121,28.85,0.2,0,0,0,39.2,46.0,49.6,0.43,0.44,0.42
OPPE,2019-11-08 08:05:00 EST,43.06260,-74.66544,1181,20.7,20.4,12.5,78.1,15.0,0.000,0.000,0.00,0.000,5.7,12.4,2.2,322,20,6.3,16.1,2.7,326,19,6.3,16.1,2.7,326,19,132,28.85,0.2,0,0,0,39.2,45.9,49.6,0.43,0.44,0.42
OPPE,2019-11-08 08:10:00 EST,43.06260,-74.66544,1181,21.0,20.7,12.3,78.1,15.3,0.000,0.000,0.00,0.000,6.4,11.0,1.5,308,23,7.0,13.9,2.0,308,22,7.0,13.9,2.0,308,22,142,28.85,0.2,0,0,0,39.2,45.9,49.6,0.43,0.44,0.42
OPPE,2019-11-08 08:15:00 EST,43.06260,-74.66544,1181,21.3,20.9,13.4,77.8,15.4,0.000,0.000,0.00,0.000,5.3,10.4,2.7,312,22,6.0,11.4,2.7,314,24,6.0,11.4,2.7,314,24,152,28.85,0.2,0,0,0,39.2,45.9,49.6,0.43,0.44,0.42
OPPE,2019-11-08 08:20:00 EST,43.06260,-74.66544,1181,21.6,21.1,12.8,77.4,15.6,0.000,0.000,0.00,0.000,6.3,13.1,2.2,297,21,7.2,13.0,2.3,297,21,7.2,13.0,2.3,297,21,163,28.85,0.2,0,0,0,39.2,45.9,49.6,0.43,0.44,0.42
OPPE,2019-11-08 08:25:00 EST,43.06260,-74.66544,1181,21.6,21.1,12.7,76.2,15.2,0.000,0.000,0.00,0.000,6.5,12.4,2.5,300,21,7.2,14.3,2.6,301,20,7.2,14.3,2.6,301,20,174,28.86,0.2,0,0,0,39.2,45.9,49.6,0.43,0.44,0.42
OPPE,2019-11-08 08:30:00 EST,43.06260,-74.66544,1181,21.9,21.5,13.6,76.5,15.7,0.000,0.000,0.00,0.000,6.0,11.0,2.2,294,22,6.8,12.4,2.5,293,21,6.8,12.4,2.5,293,21,184,28.86,0.2,0,0,0,39.2,45.9,49.6,0.43,0.44,0.43
OPPE,2019-11-08 08:35:00 EST,43.06260,-74.66544,1181,22.3,21.8,14.6,75.6,15.7,0.000,0.000,0.00,0.000,5.3,12.9,2.4,297,23,6.1,15.5,2.8,295,22,6.1,15.5,2.8,295,22,195,28.86,0.3,0,0,0,39.2,45.9,49.6,0.43,0.44,0.42
OPPE,2019-11-08 08:40:00 EST,43.06260,-74.66544,1181,22.6,22.1,14.2,75.0,15.9,0.000,0.000,0.00,0.000,6.3,11.5,2.2,307,23,7.0,13.7,2.3,307,23,7.0,13.7,2.3,307,23,202,28.86,0.2,0,0,0,39.2,45.9,49.6,0.43,0.44,0.42
OPPE,2019-11-08 08:45:00 EST,43.06260,-74.66544,1181,22.8,22.3,14.8,74.4,15.9,0.000,0.000,0.00,0.000,5.9,11.4,1.9,325,23,6.5,11.1,2.3,327,22,6.5,11.1,2.3,327,22,212,28.86,0.2,0,0,0,39.1,45.9,49.6,0.43,0.44,0.43
OPPE,2019-11-08 08:50:00 EST,43.06260,-74.66544,1181,23.0,22.5,13.9,74.0,15.9,0.000,0.000,0.00,0.000,6.6,16.7,3.6,326,25,7.9,19.3,3.8,329,25,7.9,19.3,3.8,329,25,202,28.87,0.2,0,0,0,39.0,45.9,49.6,0.43,0.44,0.42
OPPE,2019-11-08 08:55:00 EST,43.06260,-74.66544,1181,22.8,22.3,13.3,74.2,15.8,0.000,0.000,0.00,0.000,7.6,15.8,2.6,319,27,8.5,17.2,3.0,323,23,8.5,17.2,3.0,323,23,196,28.86,0.2,0,0,0,39.0,45.9,49.6,0.43,0.44,0.42
OPPE,2019-11-08 09:00:00 EST,43.06260,-74.66544,1181,22.7,22.2,12.0,73.2,15.4,0.000,0.000,0.00,0.000,9.7,20.5,3.6,310,22,10.4,19.4,3.6,310,21,10.4,19.4,3.6,310,21,201,28.86,0.2,0,0,0,39.0,45.9,49.6,0.43,0.44,0.42
OPPE,2019-11-08 09:05:00 EST,43.06260,-74.66544,1181,23.0,22.4,13.6,73.4,15.7,0.000,0.000,0.00,0.000,7.6,14.2,2.4,318,23,8.3,14.8,2.7,321,23,8.3,14.8,2.7,321,23,268,28.86,0.2,0,0,0,39.0,45.9,49.6,0.43,0.44,0.42
OPPE,2019-11-08 09:10:00 EST,43.06260,-74.66544,1181,23.7,23.0,16.5,74.9,16.9,0.000,0.000,0.00,0.000,5.0,12.7,2.6,333,24,5.8,15.4,2.8,335,25,5.8,15.4,2.8,335,25,277,28.86,0.2,0,0,0,39.0,45.9,49.6,0.43,0.44,0.42
OPPE,2019-11-08 09:15:00 EST,43.06260,-74.66544,1181,23.6,23.0,13.8,72.0,15.9,0.000,0.000,0.00,0.000,8.2,17.2,3.5,321,27,9.2,17.6,3.7,324,27,9.2,17.6,3.7,324,27,273,28.86,0.3,0,0,0,39.0,45.9,49.6,0.43,0.44,0.42
OPPE,2019-11-08 09:20:00 EST,43.06260,-74.66544,1181,23.8,23.1,13.7,69.9,15.4,0.000,0.000,0.00,0.000,9.1,18.9,3.6,323,22,9.8,19.8,3.6,325,18,9.8,19.8,3.6,325,18,272,28.86,0.2,0,0,0,39.0,45.9,49.6,0.43,0.44,0.42
OPPE,2019-11-08 09:25:00 EST,43.06260,-74.66544,1181,24.0,23.2,15.1,71.5,16.1,0.000,0.000,0.00,0.000,7.3,16.5,3.5,323,25,7.9,17.3,3.6,324,22,7.9,17.3,3.6,324,22,318,28.87,0.2,0,0,0,39.0,45.9,49.6,0.43,0.44,0.42
OPPE,2019-11-08 09:30:00 EST,43.06260,-74.66544,1181,24.2,23.4,14.1,70.1,15.8,0.000,0.000,0.00,0.000,9.4,16.8,2.8,320,19,9.9,19.2,2.9,319,19,9.9,19.2,2.9,319,19,328,28.87,0.2,0,0,0,39.0,45.8,49.6,0.43,0.44,0.42
OPPE,2019-11-08 09:35:00 EST,43.06260,-74.66544,1181,24.1,23.4,12.9,68.4,15.2,0.000,0.000,0.00,0.000,10.8,18.7,2.9,318,18,11.7,19.2,3.1,318,19,11.7,19.2,3.1,318,19,346,28.87,0.2,0,0,0,39.0,45.8,49.6,0.43,0.44,0.42
OPPE,2019-11-08 09:40:00 EST,43.06260,-74.66544,1181,24.5,23.8,15.5,70.0,16.1,0.000,0.000,0.00,0.000,7.3,17.8,3.8,326,20,8.2,19.8,4.1,330,20,8.2,19.8,4.1,330,20,354,28.87,0.1,0,0,0,39.0,45.7,49.6,0.43,0.44,0.43
OPPE,2019-11-08 09:45:00 EST,43.06260,-74.66544,1181,24.5,23.7,14.1,69.2,15.8,0.000,0.000,0.00,0.000,9.4,17.5,3.2,316,21,10.4,19.7,3.1,317,20,10.4,19.7,3.1,317,20,379,28.87,0.3,0,0,0,39.0,45.7,49.6,0.43,0.44,0.42
OPPE,2019-11-08 09:50:00 EST,43.06260,-74.66544,1181,24.7,23.9,14.9,69.6,16.2,0.000,0.000,0.00,0.000,8.9,18.0,2.8,311,23,9.8,18.1,2.8,314,22,9.8,18.1,2.8,314,22,387,28.87,0.1,0,0,0,39.0,45.7,49.6,0.43,0.44,0.42
OPPE,2019-11-08 09:55:00 EST,43.06260,-74.66544,1181,24.7,23.9,14.9,69.4,16.1,0.000,0.000,0.00,0.000,8.6,16.8,3.7,304,23,9.6,17.3,3.7,304,22,9.6,17.3,3.7,304,22,407,28.87,0.1,0,0,0,39.0,45.7,49.6,0.43,0.44,0.42
OPPE,2019-11-08 10:00:00 EST,43.06260,-74.66544,1181,24.8,24.0,16.5,71.2,16.8,0.000,0.000,0.00,0.000,6.9,14.0,2.8,315,19,7.5,14.5,2.7,315,19,7.5,14.5,2.7,315,19,327,28.87,0.2,0,0,0,39.0,45.7,49.6,0.43,0.44,0.42
OPPE,2019-11-08 10:05:00 EST,43.06260,-74.66544,1181,24.8,24.0,14.9,70.4,16.5,0.000,0.000,0.00,0.000,8.9,18.0,3.1,306,20,9.8,19.4,3.5,307,20,9.8,19.4,3.5,307,20,403,28.87,0.1,0,0,0,39.0,45.7,49.6,0.43,0.44,0.42
OPPE,2019-11-08 10:10:00 EST,43.06260,-74.66544,1181,24.9,24.0,15.1,69.1,16.2,0.000,0.000,0.00,0.000,8.7,21.0,3.8,300,21,9.6,20.3,3.9,299,20,9.6,20.3,3.9,299,20,423,28.87,0.2,0,0,0,39.0,45.7,49.6,0.43,0.44,0.42
OPPE,2019-11-08 10:15:00 EST,43.06260,-74.66544,1181,25.4,24.5,18.1,70.2,17.1,0.000,0.000,0.00,0.000,5.5,16.2,3.5,308,25,6.3,20.6,4.0,309,26,6.3,20.6,4.0,309,26,446,28.87,0.3,0,0,0,38.9,45.7,49.6,0.43,0.44,0.42
OPPE,2019-11-08 10:20:00 EST,43.06260,-74.66544,1181,25.3,24.3,15.0,66.2,15.6,0.000,0.000,0.00,0.000,9.8,19.1,3.3,312,24,10.7,19.8,3.5,316,24,10.7,19.8,3.5,316,24,435,28.88,0.1,0,0,0,38.9,45.7,49.6,0.43,0.44,0.42
OPPE,2019-11-08 10:25:00 EST,43.06260,-74.66544,1181,24.9,24.0,14.7,64.8,14.7,0.000,0.000,0.00,0.000,9.4,19.9,3.5,316,23,10.3,19.3,3.7,318,21,10.3,19.3,3.7,318,21,364,28.88,0.1,0,0,0,38.9,45.7,49.6,0.43,0.44,0.42
OPPE,2019-11-08 10:30:00 EST,43.06260,-74.66544,1181,25.4,24.5,16.1,65.9,15.6,0.000,0.000,0.00,0.000,8.6,15.4,2.8,307,18,9.0,17.4,2.9,307,17,9.0,17.4,2.9,307,17,513,28.88,0.2,0,0,0,38.8,45.7,49.6,0.43,0.44,0.42
OPPE,2019-11-08 10:35:00 EST,43.06260,-74.66544,1181,25.3,24.4,14.7,66.8,15.8,0.000,0.000,0.00,0.000,10.5,19.7,3.5,298,19,11.3,20.6,3.5,298,18,11.3,20.6,3.5,298,18,384,28.88,0.2,0,0,0,38.8,45.7,49.6,0.43,0.44,0.42
OPPE,2019-11-08 10:40:00 EST,43.06260,-74.66544,1181,25.6,24.7,15.6,67.7,16.4,0.000,0.000,0.00,0.000,9.4,16.5,3.2,305,25,10.4,22.4,3.3,305,26,10.4,22.4,3.3,305,26,464,28.88,0.1,0,0,0,38.8,45.7,49.6,0.43,0.44,0.42
OPPE,2019-11-08 10:45:00 EST,43.06260,-74.66544,1181,25.8,24.7,15.6,67.7,16.6,0.000,0.000,0.00,0.000,10.0,16.8,2.8,325,22,10.6,18.7,3.2,326,22,10.6,18.7,3.2,326,22,535,28.88,0.1,0,0,0,38.9,45.7,49.6,0.43,0.44,0.42
OPPE,2019-11-08 10:50:00 EST,43.06260,-74.66544,1181,25.8,24.8,16.0,66.1,16.0,0.000,0.000,0.00,0.000,9.5,17.9,4.1,313,23,10.1,18.2,4.1,315,23,10.1,18.2,4.1,315,23,319,28.88,0.1,0,0,0,39.0,45.7,49.6,0.43,0.44,0.43
OPPE,2019-11-08 10:55:00 EST,43.06260,-74.66544,1181,26.1,25.0,17.5,66.9,16.6,0.000,0.000,0.00,0.000,7.5,17.3,4.0,305,23,8.3,17.9,4.0,305,21,8.3,17.9,4.0,305,21,522,28.88,0.2,0,0,0,39.0,45.6,49.6,0.43,0.44,0.42
OPPE,2019-11-08 11:00:00 EST,43.06260,-74.66544,1181,26.3,25.3,17.4,64.9,16.1,0.000,0.000,0.00,0.000,8.1,18.0,3.2,303,21,8.9,19.0,3.3,306,20,8.9,19.0,3.3,306,20,551,28.88,0.3,0,0,0,39.0,45.6,49.5,0.43,0.44,0.43
OPPE,2019-11-08 11:05:00 EST,43.06260,-74.66544,1181,26.9,25.8,17.4,63.5,16.1,0.000,0.000,0.00,0.000,9.3,22.3,3.7,318,25,10.0,19.8,3.5,320,24,10.0,19.8,3.5,320,24,538,28.88,0.2,0,0,0,39.0,45.5,49.5,0.43,0.44,0.42
OPPE,2019-11-08 11:10:00 EST,43.06260,-74.66544,1181,26.1,25.3,16.4,59.2,13.8,0.000,0.000,0.00,0.000,9.2,18.3,3.8,315,21,10.0,20.4,3.9,317,20,10.0,20.4,3.9,317,20,268,28.88,0.2,0,0,0,39.0,45.5,49.6,0.43,0.44,0.42
OPPE,2019-11-08 11:15:00 EST,43.06260,-74.66544,1181,25.4,24.9,15.3,59.6,13.3,0.000,0.000,0.00,0.000,9.9,18.2,3.4,324,22,10.5,21.4,3.6,329,19,10.5,21.4,3.6,329,19,226,28.88,0.2,0,0,0,39.0,45.5,49.5,0.43,0.44,0.43
OPPE,2019-11-08 11:20:00 EST,43.06260,-74.66544,1181,25.4,24.8,15.8,60.5,13.6,0.000,0.000,0.00,0.000,8.9,15.7,2.6,319,25,9.7,17.8,2.7,320,21,9.7,17.8,2.7,320,21,260,28.88,0.1,0,0,0,39.0,45.5,49.5,0.43,0.44,0.42
OPPE,2019-11-08 11:25:00 EST,43.06260,-74.66544,1181,25.3,24.7,15.6,60.9,13.7,0.000,0.000,0.00,0.000,8.8,17.8,3.6,312,21,9.8,17.2,3.6,313,20,9.8,17.2,3.6,313,20,169,28.88,0.1,0,0,0,39.0,45.5,49.5,0.43,0.44,0.42
OPPE,2019-11-08 11:30:00 EST,43.06260,-74.66544,1181,25.3,24.6,16.8,62.2,14.1,0.000,0.000,0.00,0.000,7.2,13.6,2.7,314,24,7.9,14.3,2.8,316,21,7.9,14.3,2.8,316,21,315,28.88,0.2,0,0,0,39.0,45.5,49.5,0.43,0.44,0.42
OPPE,2019-11-08 11:35:00 EST,43.06260,-74.66544,1181,25.2,24.6,15.4,64.8,15.0,0.000,0.000,0.00,0.000,8.8,21.8,4.1,296,21,9.9,21.9,4.3,298,20,9.9,21.9,4.3,298,20,169,28.88,0.1,0,0,0,39.0,45.5,49.5,0.43,0.44,0.42
OPPE,2019-11-08 11:40:00 EST,43.06260,-74.66544,1181,24.8,24.2,14.6,64.0,14.3,0.000,0.000,0.00,0.000,9.3,18.2,3.3,293,23,10.3,21.8,3.7,293,19,10.3,21.8,3.7,293,19,237,28.88,0.2,0,0,0,39.0,45.5,49.5,0.43,0.44,0.42
OPPE,2019-11-08 11:45:00 EST,43.06260,-74.66544,1181,25.3,24.7,16.5,64.7,15.1,0.000,0.000,0.00,0.000,7.4,13.3,2.8,294,22,8.3,15.9,3.2,293,21,8.3,15.9,3.2,293,21,250,28.88,0.2,0,0,0,39.1,45.5,49.5,0.43,0.44,0.42
OPPE,2019-11-08 11:50:00 EST,43.06260,-74.66544,1181,25.7,25.0,16.2,63.9,15.2,0.000,0.000,0.00,0.000,8.6,18.1,3.5,293,22,9.6,20.9,3.9,291,19,9.6,20.9,3.9,291,19,311,28.87,0.1,0,0,0,39.1,45.5,49.5,0.43,0.44,0.42
OPPE,2019-11-08 11:55:00 EST,43.06260,-74.66544,1181,25.6,25.0,15.2,60.9,14.0,0.000,0.000,0.00,0.000,10.4,21.5,3.7,310,22,11.1,20.9,3.7,311,19,11.1,20.9,3.7,311,19,221,28.87,0.2,0,0,0,39.2,45.5,49.5,0.43,0.44,0.42
OPPE,2019-11-08 12:00:00 EST,43.06260,-74.66544,1181,25.7,25.0,15.2,60.0,13.7,0.000,0.000,0.00,0.000,10.7,19.1,3.3,319,19,11.3,18.6,3.2,318,19,11.3,18.6,3.2,318,19,267,28.88,0.0,0,0,0,39.2,45.5,49.5,0.43,0.44,0.42
OPPE,2019-11-08 12:05:00 EST,43.06260,-74.66544,1181,25.7,25.0,16.5,59.7,13.6,0.000,0.000,0.00,0.000,8.2,15.6,3.1,312,23,9.0,17.0,3.1,312,21,9.0,17.0,3.1,312,21,387,28.87,0.2,0,0,0,39.2,45.5,49.5,0.43,0.44,0.42
OPPE,2019-11-08 12:10:00 EST,43.06260,-74.66544,1181,26.2,25.3,17.0,59.7,14.1,0.000,0.000,0.00,0.000,8.3,15.1,3.1,326,21,9.2,17.0,3.1,327,21,9.2,17.0,3.1,327,21,353,28.87,0.2,0,0,0,39.2,45.5,49.5,0.43,0.44,0.42
OPPE,2019-11-08 12:15:00 EST,43.06260,-74.66544,1181,26.9,25.9,17.7,58.2,14.1,0.000,0.000,0.00,0.000,8.3,18.3,3.6,299,25,9.4,19.3,3.7,301,20,9.4,19.3,3.7,301,20,530,28.87,0.2,0,0,0,39.2,45.5,49.5,0.43,0.44,0.42
OPPE,2019-11-08 12:20:00 EST,43.06260,-74.66544,1181,26.3,25.4,16.0,57.0,13.1,0.000,0.000,0.00,0.000,10.0,19.5,3.5,296,23,11.2,21.2,3.6,297,21,11.2,21.2,3.6,297,21,251,28.87,0.2,0,0,0,39.2,45.5,49.5,0.43,0.44,0.43
OPPE,2019-11-08 12:25:00 EST,43.06260,-74.66544,1181,25.9,25.2,15.9,58.7,13.4,0.000,0.000,0.00,0.000,9.5,18.1,4.3,315,25,10.5,21.4,4.6,315,24,10.5,21.4,4.6,315,24,209,28.87,0.1,0,0,0,39.2,45.5,49.5,0.43,0.44,0.42
OPPE,2019-11-08 12:30:00 EST,43.06260,-74.66544,1181,26.3,25.3,16.4,58.9,13.9,0.000,0.000,0.00,0.000,9.2,28.1,4.8,295,29,10.4,26.6,5.1,298,24,10.4,26.6,5.1,298,24,422,28.87,0.1,0,0,0,39.2,45.5,49.5,0.43,0.44,0.42
OPPE,2019-11-08 12:35:00 EST,43.06260,-74.66544,1181,26.1,25.3,15.6,57.0,12.9,0.000,0.000,0.00,0.000,10.6,24.8,4.8,302,22,11.5,24.7,4.7,301,18,11.5,24.7,4.7,301,18,385,28.87,0.1,0,0,0,39.2,45.5,49.5,0.43,0.44,0.42
OPPE,2019-11-08 12:40:00 EST,43.06260,-74.66544,1181,26.5,25.6,16.6,57.8,13.6,0.000,0.000,0.00,0.000,9.6,20.8,3.7,302,23,10.5,19.1,3.6,304,19,10.5,19.1,3.6,304,19,476,28.87,0.1,0,0,0,39.2,45.4,49.5,0.43,0.44,0.42
OPPE,2019-11-08 12:45:00 EST,43.06260,-74.66544,1181,26.6,25.8,16.4,56.6,13.3,0.000,0.000,0.00,0.000,10.3,28.3,5.4,307,28,11.3,32.4,5.3,308,26,11.3,32.4,5.3,308,26,484,28.87,0.3,0,0,0,39.2,45.4,49.5,0.43,0.44,0.42
OPPE,2019-11-08 12:50:00 EST,43.06260,-74.66544,1181,27.7,26.4,17.6,57.2,14.5,0.000,0.000,0.00,0.000,10.2,22.8,3.9,298,23,11.5,27.6,4.2,298,22,11.5,27.6,4.2,298,22,619,28.87,0.1,0,0,0,39.2,45.3,49.5,0.43,0.44,0.42
OPPE,2019-11-08 12:55:00 EST,43.06260,-74.66544,1181,27.2,26.3,17.1,54.6,13.0,0.000,0.000,0.00,0.000,10.5,23.7,3.3,298,23,11.3,22.7,3.4,296,21,11.3,22.7,3.4,296,21,584,28.87,0.2,0,0,0,39.2,45.3,49.5,0.43,0.44,0.42
OPPE,2019-11-08 13:00:00 EST,43.06260,-74.66544,1181,27.9,26.7,18.8,56.0,14.2,0.000,0.000,0.00,0.000,8.9,18.1,3.1,301,21,9.8,19.6,3.5,300,18,9.8,19.6,3.5,300,18,527,28.87,-0.0,0,0,0,39.2,45.3,49.5,0.43,0.44,0.42
OPPE,2019-11-08 13:05:00 EST,43.06260,-74.66544,1181,27.7,26.8,18.5,54.2,13.3,0.000,0.000,0.00,0.000,8.7,15.5,2.4,305,22,9.8,15.5,2.5,306,20,9.8,15.5,2.5,306,20,494,28.87,0.1,0,0,0,39.2,45.3,49.5,0.43,0.44,0.42
OPPE,2019-11-08 13:10:00 EST,43.06260,-74.66544,1181,27.8,26.8,19.5,53.5,13.0,0.000,0.000,0.00,0.000,7.6,13.5,2.5,321,25,8.2,15.2,2.7,323,20,8.2,15.2,2.7,323,20,509,28.87,0.1,0,0,0,39.4,45.3,49.5,0.43,0.44,0.43
OPPE,2019-11-08 13:15:00 EST,43.06260,-74.66544,1181,28.7,27.4,21.0,56.1,15.0,0.000,0.000,0.00,0.000,7.0,19.3,3.1,333,26,7.7,18.8,3.3,335,22,7.7,18.8,3.3,335,22,532,28.87,-0.1,0,0,0,39.4,45.3,49.5,0.43,0.44,0.42
OPPE,2019-11-08 13:20:00 EST,43.06260,-74.66544,1181,28.7,27.4,21.0,55.9,14.9,0.000,0.000,0.00,0.000,6.8,15.3,3.6,336,26,7.7,17.4,3.7,338,23,7.7,17.4,3.7,338,23,498,28.87,-0.1,0,0,0,39.4,45.3,49.5,0.43,0.44,0.42
OPPE,2019-11-08 13:25:00 EST,43.06260,-74.66544,1181,28.1,27.0,18.7,52.8,13.1,0.000,0.000,0.00,0.000,9.2,16.9,3.4,333,27,10.4,19.1,4.0,334,25,10.4,19.1,4.0,334,25,486,28.87,0.0,0,0,0,39.4,45.3,49.5,0.43,0.44,0.42
OPPE,2019-11-08 13:30:00 EST,43.06260,-74.66544,1181,27.5,26.7,16.6,49.7,11.1,0.000,0.000,0.00,0.000,12.2,23.3,4.3,308,25,13.2,26.9,4.4,308,22,13.2,26.9,4.4,308,22,273,28.87,-0.0,0,0,0,39.4,45.3,49.5,0.43,0.44,0.42
OPPE,2019-11-08 13:35:00 EST,43.06260,-74.66544,1181,27.3,26.6,18.6,49.6,11.0,0.000,0.000,0.00,0.000,8.3,19.2,3.7,308,23,9.0,19.2,3.7,310,22,9.0,19.2,3.7,310,22,314,28.87,-0.0,0,0,0,39.6,45.3,49.5,0.43,0.44,0.42
OPPE,2019-11-08 13:40:00 EST,43.06260,-74.66544,1181,27.2,26.4,18.4,51.0,11.4,0.000,0.000,0.00,0.000,8.0,19.9,4.3,325,32,8.9,21.1,4.1,326,26,8.9,21.1,4.1,326,26,189,28.87,-0.0,0,0,0,39.6,45.3,49.5,0.43,0.44,0.43
OPPE,2019-11-08 13:45:00 EST,43.06260,-74.66544,1181,26.7,26.1,18.1,52.4,11.6,0.000,0.000,0.00,0.000,7.6,14.3,2.9,314,22,8.4,16.6,2.8,313,23,8.4,16.6,2.8,313,23,168,28.87,0.0,0,0,0,39.6,45.3,49.5,0.43,0.44,0.42
OPPE,2019-11-08 13:50:00 EST,43.06260,-74.66544,1181,27.5,26.7,18.8,51.0,11.7,0.000,0.000,0.00,0.000,7.7,19.5,3.9,309,24,8.8,21.9,3.9,308,22,8.8,21.9,3.9,308,22,440,28.87,0.0,0,0,0,39.6,45.3,49.5,0.43,0.44,0.42
OPPE,2019-11-08 13:55:00 EST,43.06260,-74.66544,1181,27.9,26.9,18.1,51.8,12.4,0.000,0.000,0.00,0.000,10.3,21.1,4.4,309,19,11.1,22.2,4.5,307,18,11.1,22.2,4.5,307,18,442,28.87,0.1,0,0,0,39.7,45.3,49.5,0.43,0.44,0.43
OPPE,2019-11-08 14:00:00 EST,43.06260,-74.66544,1181,27.6,26.8,18.6,52.1,12.3,0.000,0.000,0.00,0.000,8.7,15.9,3.0,311,21,9.5,18.1,3.0,311,21,9.5,18.1,3.0,311,21,316,28.87,0.0,0,0,0,39.7,45.3,49.5,0.43,0.44,0.42
OPPE,2019-11-08 14:05:00 EST,43.06260,-74.66544,1181,26.9,26.3,18.6,51.7,11.5,0.000,0.000,0.00,0.000,7.4,16.2,3.4,302,25,8.0,17.6,3.5,304,23,8.0,17.6,3.5,304,23,147,28.87,0.0,0,0,0,39.7,45.3,49.5,0.43,0.44,0.42
OPPE,2019-11-08 14:10:00 EST,43.06260,-74.66544,1181,26.4,25.9,16.1,52.6,11.4,0.000,0.000,0.00,0.000,10.7,17.9,3.4,299,18,11.4,18.8,3.5,300,15,11.4,18.8,3.5,300,15,176,28.87,0.0,0,0,0,39.8,45.3,49.5,0.43,0.44,0.42
OPPE,2019-11-08 14:15:00 EST,43.06260,-74.66544,1181,26.6,26.1,18.4,52.0,11.3,0.000,0.000,0.00,0.000,7.2,17.8,4.2,304,19,7.8,20.2,4.2,304,17,7.8,20.2,4.2,304,17,223,28.87,0.1,0,0,0,39.9,45.3,49.5,0.43,0.44,0.43
OPPE,2019-11-08 14:20:00 EST,43.06260,-74.66544,1181,26.7,26.2,17.5,52.5,11.6,0.000,0.000,0.00,0.000,8.5,14.1,2.5,301,18,9.4,14.9,2.5,303,17,9.4,14.9,2.5,303,17,161,28.87,0.0,0,0,0,39.9,45.3,49.5,0.43,0.44,0.42
OPPE,2019-11-08 14:25:00 EST,43.06260,-74.66544,1181,26.9,26.4,16.7,50.4,10.9,0.000,0.000,0.00,0.000,10.1,16.7,3.3,333,23,11.5,19.0,3.6,334,22,11.5,19.0,3.6,334,22,208,28.87,-0.0,0,0,0,39.9,45.3,49.5,0.43,0.44,0.42
OPPE,2019-11-08 14:30:00 EST,43.06260,-74.66544,1181,26.6,26.2,16.2,49.3,10.1,0.000,0.000,0.00,0.000,10.5,18.7,3.0,342,23,11.6,20.4,3.8,344,20,11.6,20.4,3.8,344,20,115,28.88,-0.0,0,0,0,39.9,45.2,49.5,0.43,0.44,0.42
OPPE,2019-11-08 14:35:00 EST,43.06260,-74.66544,1181,26.4,26.0,16.4,49.5,10.0,0.000,0.000,0.00,0.000,9.7,17.7,3.0,339,24,10.7,21.2,3.4,340,17,10.7,21.2,3.4,340,17,135,28.88,-0.0,0,0,0,39.9,45.2,49.5,0.43,0.44,0.42
OPPE,2019-11-08 14:40:00 EST,43.06260,-74.66544,1181,26.3,26.0,15.9,49.5,10.0,0.000,0.000,0.00,0.000,10.7,21.2,3.6,320,23,11.4,20.5,3.6,323,20,11.4,20.5,3.6,323,20,107,28.88,-0.0,0,0,0,40.0,45.1,49.5,0.43,0.44,0.43
OPPE,2019-11-08 14:45:00 EST,43.06260,-74.66544,1181,26.2,25.9,17.3,49.9,10.0,0.000,0.000,0.00,0.000,7.8,16.1,2.9,331,20,8.7,16.7,3.2,333,20,8.7,16.7,3.2,333,20,70,28.88,-0.0,0,0,0,40.1,45.1,49.5,0.43,0.44,0.42
OPPE,2019-11-08 14:50:00 EST,43.06260,-74.66544,1181,26.0,25.8,16.7,51.6,10.6,0.000,0.000,0.00,0.000,8.4,14.8,2.5,317,23,9.3,16.3,2.7,318,20,9.3,16.3,2.7,318,20,64,28.88,-0.0,0,0,0,40.1,45.1,49.5,0.43,0.44,0.42
OPPE,2019-11-08 14:55:00 EST,43.06260,-74.66544,1181,26.2,25.9,18.5,52.6,11.2,0.000,0.000,0.00,0.000,6.2,12.2,2.7,314,22,7.0,14.3,2.8,312,20,7.0,14.3,2.8,312,20,134,28.88,0.0,0,0,0,40.1,45.1,49.5,0.43,0.44,0.42
OPPE,2019-11-08 15:00:00 EST,43.06260,-74.66544,1181,26.5,26.1,17.4,49.8,10.3,0.000,0.000,0.00,0.000,8.2,20.0,3.6,313,19,9.1,18.4,3.4,315,18,9.1,18.4,3.4,315,18,115,28.88,-0.0,0,0,0,40.1,45.1,49.5,0.43,0.44,0.42
OPPE,2019-11-08 15:05:00 EST,43.06260,-74.66544,1181,26.5,26.1,18.3,49.3,10.0,0.000,0.000,0.00,0.000,6.9,15.9,3.2,310,24,7.8,15.7,3.1,311,22,7.8,15.7,3.1,311,22,144,28.88,0.0,0,0,0,40.1,45.1,49.5,0.43,0.44,0.42
OPPE,2019-11-08 15:10:00 EST,43.06260,-74.66544,1181,26.9,26.4,19.2,49.7,10.6,0.000,0.000,0.00,0.000,6.3,12.4,2.4,308,27,7.2,13.2,2.8,308,27,7.2,13.2,2.8,308,27,174,28.88,0.0,0,0,0,40.1,45.1,49.5,0.43,0.44,0.42
OPPE,2019-11-08 15:15:00 EST,43.06260,-74.66544,1181,27.0,26.5,17.5,48.4,10.1,0.000,0.000,0.00,0.000,9.5,19.9,3.4,310,25,10.2,19.5,3.6,312,21,10.2,19.5,3.6,312,21,211,28.88,-0.1,0,0,0,40.1,45.1,49.5,0.43,0.44,0.43
OPPE,2019-11-08 15:20:00 EST,43.06260,-74.66544,1181,27.1,26.5,17.2,48.6,10.3,0.000,0.000,0.00,0.000,9.8,20.1,3.4,304,23,10.8,21.6,3.7,307,25,10.8,21.6,3.7,307,25,200,28.89,-0.0,0,0,0,40.1,45.1,49.5,0.43,0.44,0.42
OPPE,2019-11-08 15:25:00 EST,43.06260,-74.66544,1181,27.0,26.5,18.6,49.0,10.4,0.000,0.000,0.00,0.000,7.5,15.1,2.8,309,23,8.3,13.8,2.6,309,22,8.3,13.8,2.6,309,22,195,28.89,0.0,0,0,0,40.1,45.1,49.5,0.43,0.44,0.42
OPPE,2019-11-08 15:30:00 EST,43.06260,-74.66544,1181,27.1,26.6,18.1,49.7,10.8,0.000,0.000,0.00,0.000,8.3,15.1,3.1,317,24,9.2,19.2,3.3,319,22,9.2,19.2,3.3,319,22,192,28.89,-0.1,0,0,0,40.1,45.1,49.4,0.43,0.44,0.43
OPPE,2019-11-08 15:35:00 EST,43.06260,-74.66544,1181,27.1,26.6,20.2,51.2,11.4,0.000,0.000,0.00,0.000,5.7,11.3,2.4,306,25,6.3,11.9,2.5,307,22,6.3,11.9,2.5,307,22,178,28.89,0.0,0,0,0,40.1,45.1,49.5,0.43,0.44,0.43
OPPE,2019-11-08 15:40:00 EST,43.06260,-74.66544,1181,27.2,26.6,19.9,52.1,11.9,0.000,0.000,0.00,0.000,6.1,15.9,3.2,312,24,6.8,15.9,3.3,313,23,6.8,15.9,3.3,313,23,167,28.89,-0.1,0,0,0,40.1,45.1,49.5,0.43,0.44,0.42
OPPE,2019-11-08 15:45:00 EST,43.06260,-74.66544,1181,26.9,26.5,19.9,52.9,12.0,0.000,0.000,0.00,0.000,5.8,13.3,2.1,314,25,6.3,12.8,2.1,314,26,6.3,12.8,2.1,314,26,137,28.89,-0.1,0,0,0,40.1,45.1,49.5,0.43,0.44,0.42
OPPE,2019-11-08 15:50:00 EST,43.06260,-74.66544,1181,26.8,26.4,20.2,53.6,12.2,0.000,0.000,0.00,0.000,5.1,12.6,2.7,328,27,5.8,12.4,2.7,331,25,5.8,12.4,2.7,331,25,115,28.90,-0.0,0,0,0,40.1,45.1,49.5,0.43,0.44,0.42
OPPE,2019-11-08 15:55:00 EST,43.06260,-74.66544,1181,26.3,26.0,18.7,54.0,11.9,0.000,0.000,0.00,0.000,6.1,12.2,2.5,331,23,6.8,15.3,2.8,331,23,6.8,15.3,2.8,331,23,97,28.90,-0.0,0,0,0,40.1,45.1,49.4,0.43,0.44,0.42
OPPE,2019-11-08 16:00:00 EST,43.06260,-74.66544,1181,26.1,25.9,18.4,54.0,11.7,0.000,0.000,0.00,0.000,6.0,11.3,1.7,332,25,6.9,12.7,1.9,335,22,6.9,12.7,1.9,335,22,76,28.90,-0.1,0,0,0,40.1,45.1,49.4,0.43,0.44,0.42
OPPE,2019-11-08 16:05:00 EST,43.06260,-74.66544,1181,25.9,25.7,18.1,54.1,11.5,0.000,0.000,0.00,0.000,6.2,11.6,2.1,308,25,7.0,13.2,2.4,312,23,7.0,13.2,2.4,312,23,56,28.90,-0.1,0,0,0,40.1,45.1,49.4,0.43,0.44,0.42
OPPE,2019-11-08 16:10:00 EST,43.06260,-74.66544,1181,25.7,25.5,18.2,53.7,11.2,0.000,0.000,0.00,0.000,5.9,13.4,2.7,303,27,6.5,14.7,2.9,305,24,6.5,14.7,2.9,305,24,46,28.90,-0.0,0,0,0,40.1,45.1,49.4,0.43,0.44,0.42
OPPE,2019-11-08 16:15:00 EST,43.06260,-74.66544,1181,25.2,25.1,17.0,53.5,10.6,0.000,0.000,0.00,0.000,6.5,15.3,2.8,310,28,7.4,18.5,3.0,311,28,7.4,18.5,3.0,311,28,21,28.90,-0.0,0,0,0,40.1,45.1,49.4,0.43,0.44,0.42
OPPE,2019-11-08 16:20:00 EST,43.06260,-74.66544,1181,24.9,24.9,16.9,54.0,10.5,0.000,0.000,0.00,0.000,6.2,12.1,2.1,311,24,7.0,13.2,2.3,312,22,7.0,13.2,2.3,312,22,19,28.91,-0.1,0,0,0,40.1,45.1,49.3,0.43,0.44,0.42
OPPE,2019-11-08 16:25:00 EST,43.06260,-74.66544,1181,24.7,24.7,16.1,54.8,10.7,0.000,0.000,0.00,0.000,7.2,14.5,2.9,314,24,7.8,16.1,3.0,316,20,7.8,16.1,3.0,316,20,16,28.91,-0.0,0,0,0,40.1,45.1,49.3,0.43,0.44,0.42
OPPE,2019-11-08 16:30:00 EST,43.06260,-74.66544,1181,24.8,24.7,15.2,54.2,10.6,0.000,0.000,0.00,0.000,8.5,17.0,3.3,307,21,9.4,18.2,3.3,308,20,9.4,18.2,3.3,308,20,14,28.91,-0.1,0,0,0,40.1,45.1,49.3,0.43,0.44,0.42
OPPE,2019-11-08 16:35:00 EST,43.06260,-74.66544,1181,24.6,24.5,16.5,54.9,10.7,0.000,0.000,0.00,0.000,6.6,15.3,2.9,320,23,7.1,14.8,2.8,321,20,7.1,14.8,2.8,321,20,11,28.91,0.0,0,0,0,39.9,45.1,49.3,0.43,0.44,0.42
OPPE,2019-11-08 16:40:00 EST,43.06260,-74.66544,1181,24.3,24.4,15.8,56.3,11.0,0.000,0.000,0.00,0.000,6.7,14.2,2.9,313,25,7.6,17.7,3.1,314,22,7.6,17.7,3.1,314,22,8,28.91,0.0,0,0,0,40.0,45.1,49.3,0.43,0.44,0.42
OPPE,2019-11-08 16:45:00 EST,43.06260,-74.66544,1181,24.3,24.4,16.5,56.6,11.1,0.000,0.000,0.00,0.000,6.0,13.1,3.3,313,23,6.7,13.8,3.4,314,22,6.7,13.8,3.4,314,22,6,28.91,-0.1,0,0,0,39.9,45.1,49.3,0.43,0.44,0.42
OPPE,2019-11-08 16:50:00 EST,43.06260,-74.66544,1181,24.1,24.2,15.8,57.5,11.3,0.000,0.000,0.00,0.000,6.6,15.2,3.3,319,23,7.2,16.4,3.5,322,22,7.2,16.4,3.5,322,22,4,28.92,0.0,0,0,0,39.9,45.1,49.3,0.43,0.44,0.42
OPPE,2019-11-08 16:55:00 EST,43.06260,-74.66544,1181,24.2,24.2,16.3,57.5,11.4,0.000,0.000,0.00,0.000,6.0,12.5,2.8,321,25,6.7,12.9,2.8,323,23,6.7,12.9,2.8,323,23,2,28.92,-0.0,0,0,0,39.9,45.1,49.3,0.43,0.44,0.42
OPPE,2019-11-08 17:00:00 EST,43.06260,-74.66544,1181,24.1,24.1,15.7,58.0,11.4,0.000,0.000,0.00,0.000,6.7,13.2,2.5,320,19,7.2,15.1,2.6,320,19,7.2,15.1,2.6,320,19,1,28.92,0.0,0,0,0,39.9,45.1,49.3,0.43,0.44,0.42
OPPE,2019-11-08 17:05:00 EST,43.06260,-74.66544,1181,23.9,24.1,16.2,57.6,11.1,0.000,0.000,0.00,0.000,5.9,11.0,2.2,335,22,6.5,14.5,2.5,338,22,6.5,14.5,2.5,338,22,0,28.92,-0.0,0,0,0,39.9,45.1,49.3,0.43,0.44,0.42
OPPE,2019-11-08 17:10:00 EST,43.06260,-74.66544,1181,23.7,24.0,15.7,58.3,11.2,0.000,0.000,0.00,0.000,5.9,11.0,1.9,330,23,6.7,12.5,2.0,332,20,6.7,12.5,2.0,332,20,0,28.92,0.0,0,0,0,39.9,45.1,49.3,0.43,0.44,0.42
OPPE,2019-11-08 17:15:00 EST,43.06260,-74.66544,1181,23.6,23.8,17.1,58.6,11.3,0.000,0.000,0.00,0.000,4.4,10.2,2.4,333,23,5.1,11.7,2.4,336,22,5.1,11.7,2.4,336,22,0,28.93,-0.1,0,0,0,39.9,45.1,49.3,0.43,0.44,0.42
OPPE,2019-11-08 17:20:00 EST,43.06260,-74.66544,1181,23.5,23.7,15.5,59.3,11.4,0.000,0.000,0.00,0.000,5.8,10.9,2.0,336,19,6.6,12.5,2.3,338,16,6.6,12.5,2.3,338,16,0,28.93,0.0,0,0,0,39.8,45.1,49.3,0.43,0.44,0.42
OPPE,2019-11-08 17:25:00 EST,43.06260,-74.66544,1181,23.4,23.6,15.9,59.6,11.4,0.000,0.000,0.00,0.000,5.3,9.4,1.8,326,26,6.0,10.6,1.9,327,24,6.0,10.6,1.9,327,24,0,28.93,0.1,0,0,0,39.7,45.1,49.3,0.43,0.44,0.42
OPPE,2019-11-08 17:30:00 EST,43.06260,-74.66544,1181,23.4,23.5,15.9,59.5,11.3,0.000,0.000,0.00,0.000,5.4,10.2,2.2,339,25,6.1,10.8,2.3,340,23,6.1,10.8,2.3,340,23,0,28.94,0.0,0,0,0,39.7,45.1,49.3,0.43,0.44,0.42
OPPE,2019-11-08 17:35:00 EST,43.06260,-74.66544,1181,23.2,23.5,16.0,60.3,11.5,0.000,0.000,0.00,0.000,5.0,11.5,2.0,344,25,5.7,13.2,2.1,347,23,5.7,13.2,2.1,347,23,0,28.94,0.1,0,0,0,39.7,45.1,49.3,0.43,0.44,0.42
OPPE,2019-11-08 17:40:00 EST,43.06260,-74.66544,1181,23.3,23.5,14.9,61.2,11.9,0.000,0.000,0.00,0.000,6.4,10.2,1.6,339,19,7.2,11.8,1.8,341,15,7.2,11.8,1.8,341,15,0,28.94,0.0,0,0,0,39.7,45.1,49.3,0.43,0.44,0.42
OPPE,2019-11-08 17:45:00 EST,43.06260,-74.66544,1181,23.3,23.4,16.2,61.6,12.0,0.000,0.000,0.00,0.000,4.9,11.8,1.9,333,23,5.6,10.7,1.9,335,22,5.6,10.7,1.9,335,22,0,28.94,-0.0,0,0,0,39.7,45.1,49.3,0.43,0.44,0.42
OPPE,2019-11-08 17:50:00 EST,43.06260,-74.66544,1181,22.7,23.0,17.6,63.2,12.0,0.000,0.000,0.00,0.000,3.0,7.5,1.5,333,35,3.8,9.9,2.0,333,31,3.8,9.9,2.0,333,31,0,28.95,0.0,0,0,0,39.7,45.1,49.3,0.43,0.44,0.42
OPPE,2019-11-08 17:55:00 EST,43.06260,-74.66544,1181,22.6,23.0,17.0,63.8,12.2,0.000,0.000,0.00,0.000,3.4,8.0,1.5,330,25,4.2,10.0,1.5,332,21,4.2,10.0,1.5,332,21,0,28.95,0.1,0,0,0,39.6,45.1,49.3,0.43,0.44,0.42
OPPE,2019-11-08 18:00:00 EST,43.06260,-74.66544,1181,22.8,23.0,15.5,63.7,12.3,0.000,0.000,0.00,0.000,5.1,11.4,2.2,328,22,5.7,11.4,2.2,331,19,5.7,11.4,2.2,331,19,0,28.95,0.1,0,0,0,39.6,45.1,49.3,0.43,0.44,0.42
OPPE,2019-11-08 18:05:00 EST,43.06260,-74.66544,1181,22.6,23.0,16.0,63.8,12.2,0.000,0.000,0.00,0.000,4.7,10.5,1.9,322,22,5.0,11.5,1.9,324,20,5.0,11.5,1.9,324,20,0,28.95,0.0,0,0,0,39.6,45.1,49.3,0.43,0.44,0.42
OPPE,2019-11-08 18:10:00 EST,43.06260,-74.66544,1181,22.9,23.0,16.5,63.5,12.4,0.000,0.000,0.00,0.000,4.5,8.3,1.8,321,16,4.9,10.8,2.1,322,13,4.9,10.8,2.1,322,13,0,28.95,0.0,0,0,0,39.6,45.1,49.3,0.43,0.44,0.42
OPPE,2019-11-08 18:15:00 EST,43.06260,-74.66544,1181,22.4,22.7,16.7,64.5,12.3,0.000,0.000,0.00,0.000,3.6,6.9,1.3,326,22,4.3,8.5,1.4,329,21,4.3,8.5,1.4,329,21,0,28.96,0.0,0,0,0,39.6,45.1,49.3,0.43,0.44,0.42
OPPE,2019-11-08 18:20:00 EST,43.06260,-74.66544,1181,22.5,22.7,16.7,65.4,12.6,0.000,0.000,0.00,0.000,3.8,7.2,1.5,315,17,4.3,8.7,1.5,318,19,4.3,8.7,1.5,318,19,0,28.96,0.1,0,0,0,39.6,45.1,49.3,0.43,0.44,0.42
OPPE,2019-11-08 18:25:00 EST,43.06260,-74.66544,1181,22.2,22.5,16.5,66.5,12.8,0.000,0.000,0.00,0.000,3.9,7.7,1.5,324,22,4.3,9.5,1.6,327,19,4.3,9.5,1.6,327,19,0,28.96,-0.0,0,0,0,39.6,45.1,49.3,0.43,0.44,0.42
OPPE,2019-11-08 18:30:00 EST,43.06260,-74.66544,1181,22.3,22.6,15.5,67.0,13.1,0.000,0.000,0.00,0.000,4.9,9.4,1.8,327,17,5.3,11.1,1.9,330,16,5.3,11.1,1.9,330,16,0,28.96,-0.0,0,0,0,39.5,45.1,49.3,0.43,0.44,0.42
OPPE,2019-11-08 18:35:00 EST,43.06260,-74.66544,1181,21.9,22.3,21.9,67.5,12.8,0.000,0.000,0.00,0.000,2.6,6.5,1.5,336,26,3.0,7.2,1.5,336,23,3.0,7.2,1.5,336,23,0,28.96,0.0,0,0,0,39.4,45.1,49.3,0.43,0.44,0.42
OPPE,2019-11-08 18:40:00 EST,43.06260,-74.66544,1181,21.9,22.2,15.8,68.5,13.1,0.000,0.000,0.00,0.000,4.0,8.4,1.6,336,19,4.5,10.0,1.8,339,18,4.5,10.0,1.8,339,18,0,28.96,0.1,0,0,0,39.4,45.1,49.3,0.43,0.44,0.42
OPPE,2019-11-08 18:45:00 EST,43.06260,-74.66544,1181,21.6,22.0,17.2,69.3,13.1,0.000,0.000,0.00,0.000,2.8,5.8,1.1,336,24,3.2,7.1,1.2,339,23,3.2,7.1,1.2,339,23,0,28.96,0.0,0,0,0,39.4,45.0,49.3,0.43,0.44,0.42
OPPE,2019-11-08 18:50:00 EST,43.06260,-74.66544,1181,21.4,21.9,15.8,70.1,13.2,0.000,0.000,0.00,0.000,3.4,7.0,1.3,338,17,4.1,8.5,1.4,338,14,4.1,8.5,1.4,338,14,0,28.96,0.1,0,0,0,39.4,45.0,49.3,0.43,0.44,0.42
OPPE,2019-11-08 18:55:00 EST,43.06260,-74.66544,1181,21.6,22.0,15.3,70.4,13.4,0.000,0.000,0.00,0.000,4.2,8.3,1.7,330,19,4.6,9.3,1.7,331,19,4.6,9.3,1.7,331,19,0,28.97,0.1,0,0,0,39.4,45.0,49.3,0.43,0.44,0.42
OPPE,2019-11-08 19:00:00 EST,43.06260,-74.66544,1181,21.5,22.0,16.7,69.9,13.2,0.000,0.000,0.00,0.000,3.3,5.9,1.1,331,15,3.5,6.6,1.2,335,16,3.5,6.6,1.2,335,16,0,28.97,0.2,0,0,0,39.3,45.0,49.3,0.43,0.44,0.42
OPPE,2019-11-08 19:05:00 EST,43.06260,-74.66544,1181,21.5,21.7,21.5,70.4,13.3,0.000,0.000,0.00,0.000,2.7,4.7,0.7,327,15,3.0,5.0,0.8,327,15,3.0,5.0,0.8,327,15,0,28.97,0.0,0,0,0,39.2,45.0,49.3,0.43,0.44,0.42
OPPE,2019-11-08 19:10:00 EST,43.06260,-74.66544,1181,21.4,21.6,16.1,70.8,13.4,0.000,0.000,0.00,0.000,3.2,6.4,1.0,334,18,3.8,6.8,1.1,336,17,3.8,6.8,1.1,336,17,0,28.97,-0.0,0,0,0,39.2,45.0,49.3,0.43,0.44,0.42
OPPE,2019-11-08 19:15:00 EST,43.06260,-74.66544,1181,20.9,21.5,16.2,72.1,13.3,0.000,0.000,0.00,0.000,2.9,5.4,0.7,338,20,3.4,6.2,0.9,339,21,3.4,6.2,0.9,339,21,0,28.97,0.1,0,0,0,39.2,45.0,49.3,0.43,0.44,0.42
OPPE,2019-11-08 19:20:00 EST,43.06260,-74.66544,1181,20.9,21.4,16.0,73.5,13.8,0.000,0.000,0.00,0.000,3.0,5.0,0.9,338,15,3.5,6.9,1.2,341,15,3.5,6.9,1.2,341,15,0,28.97,0.0,0,0,0,39.2,45.0,49.3,0.43,0.44,0.43
OPPE,2019-11-08 19:25:00 EST,43.06260,-74.66544,1181,20.8,21.3,15.3,73.3,13.6,0.000,0.000,0.00,0.000,3.3,7.9,1.0,336,18,3.8,8.9,1.1,338,15,3.8,8.9,1.1,338,15,0,28.97,0.1,0,0,0,39.2,45.0,49.3,0.43,0.44,0.43
OPPE,2019-11-08 19:30:00 EST,43.06260,-74.66544,1181,20.5,21.3,15.2,73.8,13.4,0.000,0.000,0.00,0.000,3.2,5.0,0.7,331,18,3.6,5.7,0.9,334,17,3.6,5.7,0.9,334,17,0,28.97,0.1,0,0,0,39.2,45.0,49.3,0.43,0.44,0.42
OPPE,2019-11-08 19:35:00 EST,43.06260,-74.66544,1181,20.5,21.2,15.0,75.1,13.9,0.000,0.000,0.00,0.000,3.3,5.5,0.9,338,14,3.9,8.3,1.0,341,13,3.9,8.3,1.0,341,13,0,28.97,0.1,0,0,0,39.2,45.0,49.3,0.43,0.44,0.42
OPPE,2019-11-08 19:40:00 EST,43.06260,-74.66544,1181,20.5,21.1,16.0,75.0,13.8,0.000,0.000,0.00,0.000,2.8,4.6,0.7,336,15,3.2,6.0,1.0,337,16,3.2,6.0,1.0,337,16,0,28.97,0.1,0,0,0,39.2,45.0,49.3,0.43,0.44,0.42
OPPE,2019-11-08 19:45:00 EST,43.06260,-74.66544,1181,20.3,21.0,15.8,75.5,13.8,0.000,0.000,0.00,0.000,2.8,5.5,1.1,329,12,3.2,6.2,1.1,326,11,3.2,6.2,1.1,326,11,0,28.97,0.1,0,0,0,39.2,45.0,49.3,0.43,0.44,0.42
OPPE,2019-11-08 19:50:00 EST,43.06260,-74.66544,1181,20.4,20.8,20.4,75.8,14.0,0.000,0.000,0.00,0.000,2.2,4.8,0.7,332,10,2.4,4.1,0.6,331,11,2.4,4.1,0.6,331,11,0,28.97,0.1,0,0,0,39.2,45.0,49.3,0.43,0.44,0.42
OPPE,2019-11-08 19:55:00 EST,43.06260,-74.66544,1181,20.1,20.7,20.1,76.6,13.9,0.000,0.000,0.00,0.000,2.4,3.7,0.6,340,13,2.9,4.6,0.8,341,13,2.9,4.6,0.8,341,13,0,28.97,0.0,0,0,0,39.2,45.0,49.3,0.43,0.44,0.42
OPPE,2019-11-08 20:00:00 EST,43.06260,-74.66544,1181,19.9,20.6,15.3,77.2,13.9,0.000,0.000,0.00,0.000,2.7,3.7,0.5,339,15,3.2,5.8,0.8,340,15,3.2,5.8,0.8,340,15,0,28.97,0.1,0,0,0,39.2,45.0,49.3,0.43,0.44,0.42
OPPE,2019-11-08 20:05:00 EST,43.06260,-74.66544,1181,19.7,20.5,14.9,78.0,13.9,0.000,0.000,0.00,0.000,2.5,3.7,0.5,347,14,3.2,5.6,0.7,348,13,3.2,5.6,0.7,348,13,0,28.97,0.1,0,0,0,39.2,45.0,49.3,0.43,0.44,0.42
OPPE,2019-11-08 20:10:00 EST,43.06260,-74.66544,1181,19.5,20.1,19.5,78.1,13.8,0.000,0.000,0.00,0.000,1.7,3.2,0.7,347,19,2.1,4.3,1.0,349,17,2.1,4.3,1.0,349,17,0,28.97,0.1,0,0,0,39.1,45.0,49.3,0.43,0.44,0.42
OPPE,2019-11-08 20:15:00 EST,43.06260,-74.66544,1181,19.8,20.3,19.8,79.4,14.4,0.000,0.000,0.00,0.000,1.9,4.1,0.7,333,18,2.4,5.1,0.8,335,16,2.4,5.1,0.8,335,16,0,28.98,0.0,0,0,0,39.0,45.0,49.2,0.43,0.44,0.42
OPPE,2019-11-08 20:20:00 EST,43.06260,-74.66544,1181,19.9,20.4,19.9,79.3,14.5,0.000,0.000,0.00,0.000,2.0,4.6,0.9,326,22,2.3,4.8,1.0,326,19,2.3,4.8,1.0,326,19,0,28.98,0.0,0,0,0,39.0,45.0,49.3,0.43,0.44,0.42
OPPE,2019-11-08 20:25:00 EST,43.06260,-74.66544,1181,19.8,20.3,19.8,79.1,14.4,0.000,0.000,0.00,0.000,1.9,3.7,0.6,328,14,2.2,4.6,0.7,329,16,2.2,4.6,0.7,329,16,0,28.98,0.1,0,0,0,39.0,45.0,49.3,0.43,0.44,0.42
OPPE,2019-11-08 20:30:00 EST,43.06260,-74.66544,1181,19.7,20.2,19.7,79.6,14.5,0.000,0.000,0.00,0.000,1.9,3.3,0.6,330,18,2.1,3.7,0.6,331,18,2.1,3.7,0.6,331,18,0,28.98,0.1,0,0,0,39.0,45.0,49.2,0.43,0.44,0.42
OPPE,2019-11-08 20:35:00 EST,43.06260,-74.66544,1181,19.7,20.1,19.7,80.1,14.6,0.000,0.000,0.00,0.000,1.8,3.3,0.5,331,16,2.2,3.9,0.6,334,15,2.2,3.9,0.6,334,15,0,28.98,0.1,0,0,0,39.0,45.0,49.2,0.43,0.44,0.42
OPPE,2019-11-08 20:40:00 EST,43.06260,-74.66544,1181,19.7,20.2,19.7,80.0,14.5,0.000,0.000,0.00,0.000,2.3,3.6,0.6,330,9,2.6,4.6,0.8,330,11,2.6,4.6,0.8,330,11,0,28.97,0.1,0,0,0,39.0,45.0,49.2,0.43,0.44,0.42
OPPE,2019-11-08 20:45:00 EST,43.06260,-74.66544,1181,19.6,20.1,19.6,80.0,14.4,0.000,0.000,0.00,0.000,2.1,4.9,0.9,317,16,2.3,4.7,0.9,318,15,2.3,4.7,0.9,318,15,0,28.98,0.1,0,0,0,38.9,45.0,49.3,0.43,0.44,0.42
OPPE,2019-11-08 20:50:00 EST,43.06260,-74.66544,1181,19.9,20.3,19.9,79.6,14.6,0.000,0.000,0.00,0.000,2.6,4.5,0.9,315,17,2.9,5.3,1.0,319,18,2.9,5.3,1.0,319,18,0,28.98,0.1,0,0,0,38.8,45.0,49.2,0.43,0.44,0.42
OPPE,2019-11-08 20:55:00 EST,43.06260,-74.66544,1181,19.9,20.3,19.9,78.2,14.2,0.000,0.000,0.00,0.000,2.2,3.7,0.6,319,18,2.5,5.1,0.8,321,18,2.5,5.1,0.8,321,18,0,28.98,0.0,0,0,0,38.8,45.0,49.2,0.43,0.44,0.42
OPPE,2019-11-08 21:00:00 EST,43.06260,-74.66544,1181,19.8,20.2,19.8,78.5,14.2,0.000,0.000,0.00,0.000,2.6,4.1,0.7,319,13,2.7,5.5,0.8,321,14,2.7,5.5,0.8,321,14,0,28.98,0.1,0,0,0,38.8,45.0,49.2,0.43,0.44,0.42
OPPE,2019-11-08 21:05:00 EST,43.06260,-74.66544,1181,19.7,20.0,19.7,79.0,14.2,0.000,0.000,0.00,0.000,2.6,5.1,0.7,309,16,2.7,5.5,0.9,311,16,2.7,5.5,0.9,311,16,0,28.98,0.1,0,0,0,38.8,45.0,49.1,0.43,0.44,0.42
OPPE,2019-11-08 21:10:00 EST,43.06260,-74.66544,1181,19.7,20.1,15.0,78.9,14.3,0.000,0.000,0.00,0.000,3.0,5.0,0.8,311,15,3.3,5.4,0.9,314,12,3.3,5.4,0.9,314,12,0,28.98,0.1,0,0,0,38.8,45.0,49.1,0.43,0.44,0.42
OPPE,2019-11-08 21:15:00 EST,43.06260,-74.66544,1181,19.7,20.0,14.7,78.8,14.2,0.000,0.000,0.00,0.000,3.1,4.5,0.8,319,16,3.4,6.1,0.9,321,14,3.4,6.1,0.9,321,14,0,28.98,0.1,0,0,0,38.8,45.0,49.1,0.43,0.44,0.42
OPPE,2019-11-08 21:20:00 EST,43.06260,-74.66544,1181,19.4,19.8,14.3,79.7,14.2,0.000,0.000,0.00,0.000,3.1,5.5,1.1,324,19,3.5,6.4,1.2,325,19,3.5,6.4,1.2,325,19,0,28.98,0.1,0,0,0,38.7,45.0,49.1,0.43,0.44,0.42
OPPE,2019-11-08 21:25:00 EST,43.06260,-74.66544,1181,19.3,19.6,14.8,80.6,14.3,0.000,0.000,0.00,0.000,2.8,5.1,1.0,319,18,3.1,5.7,1.1,319,16,3.1,5.7,1.1,319,16,0,28.98,0.1,0,0,0,38.7,45.0,49.1,0.43,0.44,0.42
OPPE,2019-11-08 21:30:00 EST,43.06260,-74.66544,1181,19.2,19.8,13.5,81.0,14.3,0.000,0.000,0.00,0.000,3.4,6.8,0.9,319,17,3.8,7.0,1.1,320,16,3.8,7.0,1.1,320,16,0,28.98,0.1,0,0,0,38.7,45.0,49.1,0.43,0.44,0.42
OPPE,2019-11-08 21:35:00 EST,43.06260,-74.66544,1181,19.4,19.9,13.0,80.9,14.5,0.000,0.000,0.00,0.000,4.1,6.6,1.3,310,16,4.4,7.1,1.5,312,15,4.4,7.1,1.5,312,15,0,28.98,0.2,0,0,0,38.7,45.0,49.1,0.43,0.44,0.42
OPPE,2019-11-08 21:40:00 EST,43.06260,-74.66544,1181,19.7,20.0,13.7,79.6,14.5,0.000,0.000,0.00,0.000,3.7,7.5,1.1,312,23,4.1,7.5,1.2,313,20,4.1,7.5,1.2,313,20,0,28.98,0.1,0,0,0,38.7,45.0,49.1,0.43,0.44,0.42
OPPE,2019-11-08 21:45:00 EST,43.06260,-74.66544,1181,19.6,20.0,14.0,80.0,14.4,0.000,0.000,0.00,0.000,3.5,6.9,1.0,312,16,3.8,8.0,1.2,311,15,3.8,8.0,1.2,311,15,0,28.98,0.1,0,0,0,38.7,45.0,49.1,0.43,0.44,0.42
OPPE,2019-11-08 21:50:00 EST,43.06260,-74.66544,1181,19.6,20.0,13.3,80.6,14.6,0.000,0.000,0.00,0.000,3.8,5.5,0.9,314,19,4.3,6.8,1.0,318,17,4.3,6.8,1.0,318,17,0,28.98,0.1,0,0,0,38.7,45.0,49.1,0.43,0.44,0.42
OPPE,2019-11-08 21:55:00 EST,43.06260,-74.66544,1181,19.5,19.9,13.2,81.2,14.7,0.000,0.000,0.00,0.000,4.0,6.9,1.0,313,19,4.3,7.6,1.1,313,16,4.3,7.6,1.1,313,16,0,28.98,0.1,0,0,0,38.6,45.0,49.1,0.43,0.44,0.42
OPPE,2019-11-08 22:00:00 EST,43.06260,-74.66544,1181,19.4,19.7,13.1,82.0,14.8,0.000,0.000,0.00,0.000,3.7,7.3,1.5,323,23,4.3,8.0,1.6,325,22,4.3,8.0,1.6,325,22,0,28.98,0.2,0,0,0,38.5,44.9,49.1,0.43,0.44,0.42
OPPE,2019-11-08 22:05:00 EST,43.06260,-74.66544,1181,19.2,19.6,14.0,83.0,14.9,0.000,0.000,0.00,0.000,3.0,6.9,1.2,329,17,3.5,7.7,1.3,331,16,3.5,7.7,1.3,331,16,0,28.98,0.2,0,0,0,38.5,44.9,49.1,0.43,0.44,0.42
OPPE,2019-11-08 22:10:00 EST,43.06260,-74.66544,1181,19.3,19.6,13.1,84.1,15.3,0.000,0.000,0.00,0.000,3.8,7.9,1.3,323,22,4.2,8.0,1.4,324,17,4.2,8.0,1.4,324,17,0,28.98,0.2,0,0,0,38.5,44.9,49.1,0.43,0.44,0.42
OPPE,2019-11-08 22:15:00 EST,43.06260,-74.66544,1181,19.4,19.7,12.4,85.0,15.6,0.000,0.000,0.00,0.000,4.3,7.3,1.4,319,18,4.9,8.1,1.5,320,18,4.9,8.1,1.5,320,18,0,28.98,0.1,0,0,0,38.5,44.8,49.1,0.43,0.44,0.42
OPPE,2019-11-08 22:20:00 EST,43.06260,-74.66544,1181,19.3,19.6,12.6,85.8,15.8,0.000,0.000,0.00,0.000,4.3,8.1,1.3,306,18,4.7,8.6,1.6,307,17,4.7,8.6,1.6,307,17,0,28.98,0.2,0,0,0,38.5,44.9,49.1,0.43,0.44,0.42
OPPE,2019-11-08 22:25:00 EST,43.06260,-74.66544,1181,19.7,19.8,12.4,86.7,16.3,0.000,0.000,0.00,0.000,4.7,8.9,1.5,305,19,5.2,9.3,1.7,305,17,5.2,9.3,1.7,305,17,0,28.97,0.1,0,0,0,38.5,44.8,49.1,0.43,0.44,0.42
OPPE,2019-11-08 22:30:00 EST,43.06260,-74.66544,1181,19.6,19.7,12.2,86.9,16.4,0.000,0.000,0.00,0.000,4.6,8.7,1.5,306,20,5.3,9.6,1.6,306,16,5.3,9.6,1.6,306,16,0,28.97,0.2,0,0,0,38.4,44.8,49.1,0.43,0.44,0.41
OPPE,2019-11-08 22:35:00 EST,43.06260,-74.66544,1181,19.7,19.8,13.1,87.4,16.5,0.000,0.000,0.00,0.000,4.1,8.2,1.6,302,19,4.6,10.1,1.9,303,17,4.6,10.1,1.9,303,17,0,28.97,0.1,0,0,0,38.3,44.8,49.1,0.43,0.44,0.41
OPPE,2019-11-08 22:40:00 EST,43.06260,-74.66544,1181,19.6,19.8,13.3,87.8,16.6,0.000,0.000,0.00,0.000,3.7,8.0,1.4,305,20,4.3,8.2,1.6,306,18,4.3,8.2,1.6,306,18,0,28.97,0.1,0,0,0,38.3,44.8,49.1,0.43,0.44,0.41
OPPE,2019-11-08 22:45:00 EST,43.06260,-74.66544,1181,19.8,20.0,12.3,88.4,16.9,0.000,0.000,0.00,0.000,4.8,9.9,2.2,301,19,5.3,11.0,2.2,303,21,5.3,11.0,2.2,303,21,0,28.97,0.1,0,0,0,38.3,44.8,49.1,0.43,0.44,0.41
OPPE,2019-11-08 22:50:00 EST,43.06260,-74.66544,1181,20.0,20.2,12.1,88.9,17.3,0.000,0.000,0.00,0.000,5.2,10.8,1.6,298,20,5.9,11.8,1.7,298,19,5.9,11.8,1.7,298,19,0,28.97,0.2,0,0,0,38.3,44.8,49.1,0.43,0.44,0.41
OPPE,2019-11-08 22:55:00 EST,43.06260,-74.66544,1181,20.1,20.2,12.9,89.2,17.5,0.000,0.000,0.00,0.000,4.7,9.8,1.9,289,22,5.3,11.1,2.1,291,19,5.3,11.1,2.1,291,19,0,28.97,0.1,0,0,0,38.3,44.8,49.1,0.43,0.44,0.41
OPPE,2019-11-08 23:00:00 EST,43.06260,-74.66544,1181,20.1,20.2,12.9,89.5,17.5,0.000,0.000,0.00,0.000,4.6,8.3,1.7,290,19,5.1,10.2,1.9,291,16,5.1,10.2,1.9,291,16,0,28.98,0.1,0,0,0,38.3,44.8,49.1,0.43,0.44,0.41
OPPE,2019-11-08 23:05:00 EST,43.06260,-74.66544,1181,20.0,20.1,12.9,90.0,17.6,0.000,0.000,0.00,0.000,4.5,7.8,1.6,295,17,5.1,9.2,1.7,295,15,5.1,9.2,1.7,295,15,0,28.98,0.2,0,0,0,38.3,44.8,49.1,0.43,0.44,0.41
OPPE,2019-11-08 23:10:00 EST,43.06260,-74.66544,1181,20.0,20.0,12.8,90.2,17.5,0.000,0.000,0.00,0.000,4.6,9.2,1.9,298,22,5.1,11.3,2.1,300,21,5.1,11.3,2.1,300,21,0,28.97,0.2,0,0,0,38.3,44.8,49.1,0.43,0.44,0.41
OPPE,2019-11-08 23:15:00 EST,43.06260,-74.66544,1181,19.7,19.9,14.6,90.3,17.4,0.000,0.000,0.00,0.000,3.0,6.1,1.3,297,21,3.5,7.0,1.5,297,19,3.5,7.0,1.5,297,19,0,28.97,0.2,0,0,0,38.3,44.8,49.1,0.43,0.44,0.41
OPPE,2019-11-08 23:20:00 EST,43.06260,-74.66544,1181,19.7,19.9,13.6,90.9,17.5,0.000,0.000,0.00,0.000,3.7,7.7,1.4,291,18,4.3,8.5,1.6,291,18,4.3,8.5,1.6,291,18,0,28.98,0.2,0,0,0,38.2,44.8,49.1,0.43,0.44,0.41
OPPE,2019-11-08 23:25:00 EST,43.06260,-74.66544,1181,19.8,20.0,14.0,91.1,17.6,0.000,0.000,0.00,0.000,3.5,6.1,1.2,296,19,4.0,6.5,1.4,297,19,4.0,6.5,1.4,297,19,0,28.98,0.2,0,0,0,38.1,44.8,49.1,0.43,0.44,0.41
OPPE,2019-11-08 23:30:00 EST,43.06260,-74.66544,1181,19.6,19.9,19.6,91.1,17.5,0.000,0.000,0.00,0.000,2.0,4.9,1.2,302,25,2.5,5.7,1.2,302,25,2.5,5.7,1.2,302,25,0,28.98,0.2,0,0,0,38.1,44.8,49.1,0.43,0.44,0.41
OPPE,2019-11-08 23:35:00 EST,43.06260,-74.66544,1181,19.6,19.9,19.6,91.7,17.6,0.000,0.000,0.00,0.000,2.4,4.9,1.1,305,23,2.9,6.4,1.2,305,21,2.9,6.4,1.2,305,21,0,28.98,0.3,0,0,0,38.1,44.8,49.1,0.43,0.44,0.41
OPPE,2019-11-08 23:40:00 EST,43.06260,-74.66544,1181,19.9,20.0,14.0,92.2,18.0,0.000,0.000,0.00,0.000,3.8,8.1,1.3,304,16,4.1,8.4,1.4,307,17,4.1,8.4,1.4,307,17,0,28.98,0.1,0,0,0,38.1,44.8,49.1,0.43,0.44,0.41
OPPE,2019-11-08 23:45:00 EST,43.06260,-74.66544,1181,19.7,19.8,19.7,91.8,17.6,0.000,0.000,0.00,0.000,1.6,5.2,1.0,311,29,2.1,6.8,1.1,312,30,2.1,6.8,1.1,312,30,0,28.98,0.1,0,0,0,38.1,44.8,49.1,0.43,0.44,0.41
OPPE,2019-11-08 23:50:00 EST,43.06260,-74.66544,1181,19.8,20.0,14.7,92.4,18.0,0.000,0.000,0.00,0.000,3.2,6.6,1.0,301,19,3.6,7.4,1.2,302,19,3.6,7.4,1.2,302,19,0,28.98,0.1,0,0,0,38.1,44.8,49.1,0.43,0.44,0.41
OPPE,2019-11-08 23:55:00 EST,43.06260,-74.66544,1181,19.8,20.0,19.8,92.3,17.9,0.000,0.000,0.00,0.000,2.5,7.3,1.5,295,18,2.9,7.6,1.5,296,17,2.9,7.6,1.5,296,17,0,28.98,0.1,0,0,0,38.1,44.8,49.1,0.43,0.44,0.41
OSCE,2019-11-08 00:00:00 EST,43.49915,-75.71175,1093,24.3,24.3,24.3,80.1,19.1,0.000,0.030,0.00,0.000,1.1,3.4,0.8,79,46,1.5,4.4,1.0,89,44,1.5,4.4,1.0,89,44,0,28.90,0.1,0,0,0,41.4,44.6,46.6,0.24,0.28,0.20
OSCE,2019-11-08 00:05:00 EST,43.49915,-75.71175,1093,24.3,24.3,24.3,79.7,18.9,0.000,0.000,0.00,0.000,2.1,4.1,1.0,103,30,2.4,4.9,1.0,105,29,2.4,4.9,1.0,105,29,0,28.90,0.0,0,0,0,41.4,44.6,46.6,0.24,0.28,0.20
OSCE,2019-11-08 00:10:00 EST,43.49915,-75.71175,1093,24.2,24.2,24.2,80.2,19.0,0.000,0.000,0.00,0.000,1.1,3.9,0.8,90,36,1.5,4.3,0.9,90,37,1.5,4.3,0.9,90,37,0,28.90,0.1,0,0,0,41.4,44.5,46.6,0.24,0.28,0.20
OSCE,2019-11-08 00:15:00 EST,43.49915,-75.71175,1093,24.2,24.2,24.2,79.2,18.7,0.000,0.000,0.00,0.000,1.6,4.5,1.1,78,48,2.0,5.6,1.1,76,55,2.0,5.6,1.1,76,55,0,28.90,0.1,0,0,0,41.4,44.4,46.6,0.24,0.28,0.20
OSCE,2019-11-08 00:20:00 EST,43.49915,-75.71175,1093,24.2,24.2,24.2,78.2,18.4,0.000,0.000,0.00,0.000,2.0,3.9,0.8,68,32,2.3,4.5,0.8,76,32,2.3,4.5,0.8,76,32,0,28.90,0.0,0,0,0,41.4,44.4,46.6,0.24,0.28,0.20
OSCE,2019-11-08 00:25:00 EST,43.49915,-75.71175,1093,24.2,24.2,24.2,75.7,17.6,0.000,0.000,0.00,0.000,2.3,4.8,1.0,37,33,2.8,5.4,1.2,42,32,2.8,5.4,1.2,42,32,0,28.90,0.0,0,0,0,41.3,44.4,46.6,0.24,0.28,0.20
OSCE,2019-11-08 00:30:00 EST,43.49915,-75.71175,1093,24.1,24.1,24.1,76.1,17.7,0.000,0.000,0.00,0.000,0.8,3.1,0.7,85,52,1.2,3.0,0.8,84,55,1.2,3.0,0.8,84,55,0,28.90,0.0,0,0,0,41.3,44.4,46.6,0.24,0.28,0.20
OSCE,2019-11-08 00:35:00 EST,43.49915,-75.71175,1093,24.1,24.1,24.1,75.5,17.5,0.000,0.000,0.00,0.000,1.0,3.6,1.0,300,51,1.5,4.1,1.1,326,55,1.5,4.1,1.1,326,55,0,28.90,0.0,0,0,0,41.2,44.4,46.6,0.24,0.28,0.20
OSCE,2019-11-08 00:40:00 EST,43.49915,-75.71175,1093,24.0,24.0,24.0,74.7,17.1,0.000,0.000,0.00,0.000,1.2,3.3,1.1,48,20,1.6,4.2,1.1,54,23,1.6,4.2,1.1,54,23,0,28.90,0.0,0,0,0,41.2,44.4,46.6,0.24,0.28,0.20
OSCE,2019-11-08 00:45:00 EST,43.49915,-75.71175,1093,24.0,24.0,24.0,72.5,16.4,0.000,0.000,0.00,0.000,1.8,3.3,0.6,64,30,2.0,4.4,0.8,71,26,2.0,4.4,0.8,71,26,0,28.90,0.0,0,0,0,41.2,44.4,46.6,0.24,0.28,0.20
OSCE,2019-11-08 00:50:00 EST,43.49915,-75.71175,1093,23.9,23.9,23.9,71.4,16.0,0.000,0.000,0.00,0.000,0.6,3.4,0.8,16,36,0.8,3.6,0.9,18,45,0.8,3.6,0.9,18,45,0,28.90,0.0,0,0,0,41.2,44.4,46.6,0.24,0.28,0.20
OSCE,2019-11-08 00:55:00 EST,43.49915,-75.71175,1093,23.7,23.8,23.7,71.4,15.8,0.000,0.000,0.00,0.000,1.7,6.9,1.8,312,27,2.0,6.9,1.8,326,25,2.0,6.9,1.8,326,25,0,28.90,0.0,0,0,0,41.2,44.4,46.6,0.24,0.28,0.20
OSCE,2019-11-08 01:00:00 EST,43.49915,-75.71175,1093,23.4,23.5,23.4,71.5,15.5,0.000,0.000,0.00,0.000,1.3,3.4,0.9,61,56,1.7,5.6,1.0,58,62,1.7,5.6,1.0,58,62,0,28.90,0.1,0,0,0,41.2,44.4,46.6,0.24,0.28,0.20
OSCE,2019-11-08 01:05:00 EST,43.49915,-75.71175,1093,23.5,23.5,23.5,70.7,15.4,0.000,0.000,0.00,0.000,1.1,3.0,0.7,308,36,1.4,3.8,1.0,327,34,1.4,3.8,1.0,327,34,0,28.90,0.0,0,0,0,41.2,44.4,46.6,0.24,0.28,0.20
OSCE,2019-11-08 01:10:00 EST,43.49915,-75.71175,1093,23.2,23.4,23.2,72.1,15.5,0.000,0.000,0.00,0.000,0.2,1.2,0.3,234,4,0.5,1.3,0.5,267,21,0.5,1.3,0.5,267,21,0,28.90,0.0,0,0,0,41.2,44.4,46.6,0.24,0.28,0.20
OSCE,2019-11-08 01:15:00 EST,43.49915,-75.71175,1093,23.1,23.4,23.1,72.7,15.6,0.000,0.000,0.00,0.000,0.1,0.6,0.2,302,7,0.3,1.2,0.4,299,28,0.3,1.2,0.4,299,28,0,28.90,0.0,0,0,0,41.1,44.4,46.6,0.24,0.28,0.20
OSCE,2019-11-08 01:20:00 EST,43.49915,-75.71175,1093,23.2,23.4,23.2,72.6,15.7,0.000,0.000,0.00,0.000,0.4,1.3,0.5,271,12,0.6,2.0,0.7,281,15,0.6,2.0,0.7,281,15,0,28.90,0.1,0,0,0,41.0,44.4,46.6,0.24,0.28,0.20
OSCE,2019-11-08 01:25:00 EST,43.49915,-75.71175,1093,23.3,23.3,23.3,73.3,16.0,0.000,0.000,0.00,0.000,0.9,2.1,0.6,290,23,1.2,2.4,0.6,293,22,1.2,2.4,0.6,293,22,0,28.90,0.1,0,0,0,41.0,44.4,46.6,0.24,0.28,0.20
OSCE,2019-11-08 01:30:00 EST,43.49915,-75.71175,1093,23.2,23.3,23.2,73.5,16.0,0.000,0.000,0.00,0.000,0.8,2.2,0.6,273,7,1.2,2.3,0.5,278,17,1.2,2.3,0.5,278,17,0,28.90,0.0,0,0,0,41.0,44.4,46.6,0.24,0.28,0.20
OSCE,2019-11-08 01:35:00 EST,43.49915,-75.71175,1093,23.0,23.2,23.0,74.4,16.1,0.000,0.000,0.00,0.000,0.5,1.8,0.5,278,19,0.6,1.9,0.6,287,20,0.6,1.9,0.6,287,20,0,28.90,0.0,0,0,0,41.0,44.4,46.6,0.24,0.28,0.20
OSCE,2019-11-08 01:40:00 EST,43.49915,-75.71175,1093,22.6,23.0,22.6,75.5,16.0,0.000,0.000,0.00,0.000,0.4,1.5,0.6,293,5,0.8,2.1,0.5,302,8,0.8,2.1,0.5,302,8,0,28.90,0.0,0,0,0,41.0,44.3,46.6,0.24,0.28,0.20
OSCE,2019-11-08 01:45:00 EST,43.49915,-75.71175,1093,22.5,22.8,22.5,76.9,16.3,0.000,0.000,0.00,0.000,0.5,1.2,0.4,303,18,0.8,1.5,0.5,305,23,0.8,1.5,0.5,305,23,0,28.90,0.0,0,0,0,41.0,44.2,46.6,0.24,0.28,0.20
OSCE,2019-11-08 01:50:00 EST,43.49915,-75.71175,1093,22.3,22.9,22.3,77.8,16.4,0.000,0.000,0.00,0.000,1.3,1.8,0.4,311,15,1.5,2.7,0.4,319,17,1.5,2.7,0.4,319,17,0,28.90,0.1,0,0,0,41.0,44.1,46.6,0.24,0.28,0.20
OSCE,2019-11-08 01:55:00 EST,43.49915,-75.71175,1093,22.4,22.9,22.4,76.3,16.1,0.000,0.000,0.00,0.000,1.0,2.0,0.5,336,19,1.1,3.1,0.7,343,19,1.1,3.1,0.7,343,19,0,28.90,0.0,0,0,0,41.0,44.1,46.6,0.24,0.28,0.20
OSCE,2019-11-08 02:00:00 EST,43.49915,-75.71175,1093,22.2,22.7,22.2,75.7,15.7,0.000,0.000,0.00,0.000,0.8,2.0,0.6,295,18,1.0,2.6,0.7,299,19,1.0,2.6,0.7,299,19,0,28.90,0.0,0,0,0,41.0,44.1,46.6,0.24,0.28,0.20
OSCE,2019-11-08 02:05:00 EST,43.49915,-75.71175,1093,21.7,22.4,21.7,78.3,16.0,0.000,0.000,0.00,0.000,1.2,2.3,0.5,291,16,1.4,2.6,0.5,297,17,1.4,2.6,0.5,297,17,0,28.90,0.1,0,0,0,41.0,44.1,46.6,0.24,0.28,0.20
OSCE,2019-11-08 02:10:00 EST,43.49915,-75.71175,1093,21.8,22.2,21.8,78.2,16.0,0.000,0.000,0.00,0.000,0.8,1.8,0.5,321,11,1.0,1.8,0.5,328,14,1.0,1.8,0.5,328,14,0,28.90,0.1,0,0,0,40.9,44.1,46.6,0.24,0.28,0.20
OSCE,2019-11-08 02:15:00 EST,43.49915,-75.71175,1093,21.7,22.2,21.7,78.4,16.0,0.000,0.000,0.00,0.000,1.6,2.6,0.4,297,19,1.7,3.2,0.5,302,19,1.7,3.2,0.5,302,19,0,28.90,0.0,0,0,0,40.8,44.1,46.5,0.24,0.28,0.20
OSCE,2019-11-08 02:20:00 EST,43.49915,-75.71175,1093,21.5,22.0,21.5,79.0,16.0,0.000,0.000,0.00,0.000,1.1,2.6,0.5,314,19,1.2,2.4,0.4,322,21,1.2,2.4,0.4,322,21,0,28.90,0.0,0,0,0,40.8,44.1,46.6,0.24,0.28,0.20
OSCE,2019-11-08 02:25:00 EST,43.49915,-75.71175,1093,21.1,21.8,21.1,80.7,16.1,0.000,0.000,0.00,0.000,1.0,1.9,0.3,305,22,1.1,1.9,0.3,312,21,1.1,1.9,0.3,312,21,0,28.90,0.1,0,0,0,40.8,44.1,46.5,0.24,0.28,0.20
OSCE,2019-11-08 02:30:00 EST,43.49915,-75.71175,1093,21.0,21.7,21.0,81.4,16.2,0.000,0.000,0.00,0.000,0.7,1.2,0.3,315,9,0.8,1.4,0.5,319,9,0.8,1.4,0.5,319,9,0,28.90,-0.0,0,0,0,40.8,44.1,46.4,0.24,0.28,0.20
OSCE,2019-11-08 02:35:00 EST,43.49915,-75.71175,1093,20.7,21.6,20.7,81.4,15.9,0.000,0.000,0.00,0.000,1.3,2.7,0.5,279,12,1.6,2.7,0.5,287,13,1.6,2.7,0.5,287,13,0,28.90,-0.0,0,0,0,40.8,44.1,46.5,0.24,0.28,0.20
OSCE,2019-11-08 02:40:00 EST,43.49915,-75.71175,1093,20.4,21.3,20.4,83.2,16.1,0.000,0.000,0.00,0.000,1.6,3.0,0.5,287,19,1.8,3.3,0.6,296,19,1.8,3.3,0.6,296,19,0,28.90,0.0,0,0,0,40.8,44.1,46.4,0.24,0.28,0.20
OSCE,2019-11-08 02:45:00 EST,43.49915,-75.71175,1093,20.5,21.4,20.5,83.3,16.3,0.000,0.000,0.00,0.000,1.2,2.8,0.7,306,13,1.4,3.0,0.7,316,15,1.4,3.0,0.7,316,15,0,28.90,0.0,0,0,0,40.8,44.1,46.4,0.24,0.28,0.20
OSCE,2019-11-08 02:50:00 EST,43.49915,-75.71175,1093,20.6,21.3,20.6,83.0,16.3,0.000,0.000,0.00,0.000,1.5,2.3,0.3,314,18,1.6,3.0,0.4,321,21,1.6,3.0,0.4,321,21,0,28.90,0.0,0,0,0,40.6,44.1,46.5,0.24,0.28,0.20
OSCE,2019-11-08 02:55:00 EST,43.49915,-75.71175,1093,20.3,21.2,20.3,82.6,15.9,0.000,0.000,0.00,0.000,1.3,2.8,0.5,308,20,1.4,2.8,0.6,317,22,1.4,2.8,0.6,317,22,0,28.90,0.0,0,0,0,40.6,44.1,46.4,0.24,0.28,0.20
OSCE,2019-11-08 03:00:00 EST,43.49915,-75.71175,1093,20.1,21.1,20.1,82.3,15.6,0.000,0.000,0.00,0.000,1.6,2.8,0.5,305,13,1.6,2.9,0.5,313,12,1.6,2.9,0.5,313,12,0,28.90,0.0,0,0,0,40.6,44.0,46.4,0.24,0.28,0.20
OSCE,2019-11-08 03:05:00 EST,43.49915,-75.71175,1093,20.1,21.0,20.1,82.2,15.5,0.000,0.000,0.00,0.000,0.9,1.7,0.3,319,13,1.1,2.2,0.3,325,14,1.1,2.2,0.3,325,14,0,28.90,0.0,0,0,0,40.6,43.9,46.4,0.24,0.28,0.20
OSCE,2019-11-08 03:10:00 EST,43.49915,-75.71175,1093,19.7,20.8,19.7,83.1,15.4,0.000,0.000,0.00,0.000,0.1,0.7,0.2,328,9,0.6,1.5,0.5,352,20,0.6,1.5,0.5,352,20,0,28.90,0.1,0,0,0,40.6,43.9,46.4,0.24,0.28,0.20
OSCE,2019-11-08 03:15:00 EST,43.49915,-75.71175,1093,19.7,20.5,19.7,82.6,15.3,0.000,0.000,0.00,0.000,0.1,0.7,0.2,33,0,0.2,1.1,0.4,34,8,0.2,1.1,0.4,34,8,0,28.90,0.0,0,0,0,40.6,43.9,46.4,0.24,0.28,0.20
OSCE,2019-11-08 03:20:00 EST,43.49915,-75.71175,1093,19.3,20.3,19.3,83.5,15.2,0.000,0.000,0.00,0.000,0.0,0.0,0.0,0,0,0.0,0.0,0.0,0,0,0.0,0.0,0.0,0,0,0,28.90,0.0,0,0,0,40.6,43.9,46.4,0.24,0.28,0.20
OSCE,2019-11-08 03:25:00 EST,43.49915,-75.71175,1093,19.1,20.1,19.1,84.3,15.1,0.000,0.000,0.00,0.000,0.0,0.0,0.0,0,0,0.0,0.8,0.1,350,0,0.0,0.8,0.1,350,0,0,28.90,0.1,0,0,0,40.6,43.9,46.4,0.24,0.28,0.20
OSCE,2019-11-08 03:30:00 EST,43.49915,-75.71175,1093,19.0,20.1,19.0,84.9,15.2,0.000,0.000,0.00,0.000,0.0,0.0,0.0,0,0,0.0,0.8,0.1,11,0,0.0,0.8,0.1,11,0,0,28.90,0.1,0,0,0,40.5,43.9,46.4,0.24,0.28,0.20
OSCE,2019-11-08 03:35:00 EST,43.49915,-75.71175,1093,18.6,19.9,18.6,85.9,15.1,0.000,0.000,0.00,0.000,0.5,1.0,0.3,7,14,0.9,1.5,0.4,9,12,0.9,1.5,0.4,9,12,0,28.90,0.1,0,0,0,40.5,43.9,46.4,0.24,0.28,0.20
OSCE,2019-11-08 03:40:00 EST,43.49915,-75.71175,1093,18.5,19.8,18.5,86.9,15.3,0.000,0.000,0.00,0.000,0.2,0.7,0.2,3,1,0.5,1.3,0.5,7,7,0.5,1.3,0.5,7,7,0,28.90,0.1,0,0,0,40.5,43.9,46.4,0.24,0.28,0.20
OSCE,2019-11-08 03:45:00 EST,43.49915,-75.71175,1093,18.6,19.6,18.6,87.4,15.5,0.000,0.000,0.00,0.000,0.0,0.6,0.1,0,0,0.1,1.1,0.2,21,8,0.1,1.1,0.2,21,8,0,28.90,0.0,0,0,0,40.5,43.9,46.4,0.24,0.28,0.20
OSCE,2019-11-08 03:50:00 EST,43.49915,-75.71175,1093,18.3,19.7,18.3,88.1,15.4,0.000,0.000,0.00,0.000,0.0,0.0,0.0,0,0,0.4,1.2,0.4,57,9,0.4,1.2,0.4,57,9,0,28.90,0.0,0,0,0,40.5,43.9,46.4,0.24,0.28,0.20
OSCE,2019-11-08 03:55:00 EST,43.49915,-75.71175,1093,18.2,19.7,18.2,88.2,15.3,0.000,0.000,0.00,0.000,0.0,0.0,0.0,0,0,0.4,1.3,0.4,32,9,0.4,1.3,0.4,32,9,0,28.90,0.0,0,0,0,40.5,43.9,46.4,0.24,0.28,0.20
OSCE,2019-11-08 04:00:00 EST,43.49915,-75.71175,1093,18.2,19.4,18.2,88.5,15.4,0.000,0.000,0.00,0.000,0.0,0.0,0.0,0,0,0.1,0.9,0.2,351,2,0.1,0.9,0.2,351,2,0,28.91,0.1,0,0,0,40.4,43.9,46.4,0.24,0.28,0.20
OSCE,2019-11-08 04:05:00 EST,43.49915,-75.71175,1093,18.1,19.2,18.1,89.2,15.5,0.000,0.000,0.00,0.000,0.0,0.8,0.1,314,0,0.4,1.3,0.5,333,12,0.4,1.3,0.5,333,12,0,28.91,0.1,0,0,0,40.3,43.9,46.4,0.24,0.28,0.20
OSCE,2019-11-08 04:10:00 EST,43.49915,-75.71175,1093,17.8,19.3,17.8,90.2,15.4,0.000,0.000,0.00,0.000,0.3,0.9,0.3,317,5,0.4,1.4,0.5,327,9,0.4,1.4,0.5,327,9,0,28.91,0.0,0,0,0,40.3,43.9,46.4,0.24,0.28,0.20
OSCE,2019-11-08 04:15:00 EST,43.49915,-75.71175,1093,17.7,19.1,17.7,90.8,15.5,0.000,0.000,0.00,0.000,0.0,0.0,0.0,0,0,0.0,0.7,0.1,282,0,0.0,0.7,0.1,282,0,0,28.90,0.1,0,0,0,40.3,43.9,46.4,0.24,0.28,0.20
OSCE,2019-11-08 04:20:00 EST,43.49915,-75.71175,1093,17.9,19.1,17.9,91.2,15.7,0.000,0.000,0.00,0.000,0.0,0.0,0.0,0,0,0.0,0.0,0.0,0,0,0.0,0.0,0.0,0,0,0,28.91,0.0,0,0,0,40.3,43.9,46.4,0.24,0.28,0.20
OSCE,2019-11-08 04:25:00 EST,43.49915,-75.71175,1093,17.7,18.9,17.7,91.3,15.6,0.000,0.000,0.00,0.000,0.0,0.0,0.0,0,0,0.0,0.9,0.2,258,1,0.0,0.9,0.2,258,1,0,28.91,0.0,0,0,0,40.3,43.9,46.4,0.24,0.28,0.19
OSCE,2019-11-08 04:30:00 EST,43.49915,-75.71175,1093,17.7,18.9,17.7,91.0,15.6,0.000,0.000,0.00,0.000,0.0,0.0,0.0,0,0,0.2,1.2,0.4,261,16,0.2,1.2,0.4,261,16,0,28.91,0.1,0,0,0,40.3,43.9,46.4,0.24,0.28,0.20
OSCE,2019-11-08 04:35:00 EST,43.49915,-75.71175,1093,17.8,18.9,17.8,90.5,15.4,0.000,0.000,0.00,0.000,0.2,2.0,0.4,284,4,0.5,2.7,0.6,288,12,0.5,2.7,0.6,288,12,0,28.91,0.1,0,0,0,40.2,43.9,46.4,0.24,0.28,0.20
OSCE,2019-11-08 04:40:00 EST,43.49915,-75.71175,1093,18.1,19.3,18.1,90.8,15.9,0.000,0.000,0.00,0.000,1.1,2.5,0.6,298,20,1.3,3.5,0.8,304,17,1.3,3.5,0.8,304,17,0,28.91,0.1,0,0,0,40.1,43.8,46.4,0.24,0.28,0.19
OSCE,2019-11-08 04:45:00 EST,43.49915,-75.71175,1093,18.7,19.5,18.7,90.4,16.3,0.000,0.000,0.00,0.000,1.0,1.9,0.6,289,17,1.4,2.2,0.4,298,18,1.4,2.2,0.4,298,18,0,28.91,0.2,0,0,0,40.1,43.8,46.4,0.24,0.28,0.19
OSCE,2019-11-08 04:50:00 EST,43.49915,-75.71175,1093,19.2,19.8,19.2,88.9,16.5,0.000,0.000,0.00,0.000,1.2,2.1,0.4,291,22,1.5,2.5,0.5,296,20,1.5,2.5,0.5,296,20,0,28.91,0.1,0,0,0,40.1,43.7,46.4,0.24,0.28,0.19
OSCE,2019-11-08 04:55:00 EST,43.49915,-75.71175,1093,19.5,19.9,19.5,87.7,16.4,0.000,0.000,0.00,0.000,1.5,2.5,0.5,288,14,1.7,2.8,0.5,294,15,1.7,2.8,0.5,294,15,0,28.91,0.1,0,0,0,40.1,43.7,46.4,0.24,0.28,0.20
OSCE,2019-11-08 05:00:00 EST,43.49915,-75.71175,1093,19.6,19.8,19.6,87.1,16.4,0.000,0.000,0.00,0.000,1.3,3.1,0.6,263,20,1.6,3.9,0.7,273,20,1.6,3.9,0.7,273,20,0,28.91,0.1,0,0,0,40.1,43.7,46.4,0.24,0.28,0.20
OSCE,2019-11-08 05:05:00 EST,43.49915,-75.71175,1093,19.8,20.0,19.8,85.3,16.1,0.000,0.000,0.00,0.000,2.0,3.0,0.5,293,11,2.0,3.5,0.5,304,11,2.0,3.5,0.5,304,11,0,28.92,0.1,0,0,0,40.1,43.7,46.4,0.24,0.28,0.20
OSCE,2019-11-08 05:10:00 EST,43.49915,-75.71175,1093,19.9,19.9,19.9,83.4,15.7,0.000,0.000,0.00,0.000,2.1,3.8,0.7,290,16,2.3,5.0,0.9,299,17,2.3,5.0,0.9,299,17,0,28.92,0.1,0,0,0,40.1,43.7,46.4,0.24,0.28,0.20
OSCE,2019-11-08 05:15:00 EST,43.49915,-75.71175,1093,19.8,19.9,19.8,83.0,15.5,0.000,0.000,0.00,0.000,2.2,4.2,0.9,299,16,2.2,4.4,0.8,308,15,2.2,4.4,0.8,308,15,0,28.92,0.1,0,0,0,39.9,43.7,46.4,0.24,0.28,0.20
OSCE,2019-11-08 05:20:00 EST,43.49915,-75.71175,1093,19.7,19.8,19.7,82.1,15.1,0.000,0.000,0.00,0.000,2.6,4.3,1.0,281,12,2.8,5.1,1.1,291,11,2.8,5.1,1.1,291,11,0,28.92,0.1,0,0,0,39.9,43.7,46.4,0.24,0.28,0.20
OSCE,2019-11-08 05:25:00 EST,43.49915,-75.71175,1093,19.5,19.7,19.5,82.3,15.0,0.000,0.000,0.00,0.000,2.0,3.6,1.0,285,16,2.3,4.2,0.9,294,19,2.3,4.2,0.9,294,19,0,28.92,0.0,0,0,0,39.9,43.7,46.4,0.24,0.28,0.20
OSCE,2019-11-08 05:30:00 EST,43.49915,-75.71175,1093,19.1,19.6,19.1,83.3,14.9,0.000,0.000,0.00,0.000,2.1,4.8,0.9,282,20,2.4,6.0,1.1,291,20,2.4,6.0,1.1,291,20,0,28.92,0.1,0,0,0,39.9,43.7,46.4,0.24,0.28,0.20
OSCE,2019-11-08 05:35:00 EST,43.49915,-75.71175,1093,19.1,19.4,19.1,82.7,14.7,0.000,0.000,0.00,0.000,2.0,3.9,0.8,293,23,2.2,5.2,0.8,301,23,2.2,5.2,0.8,301,23,0,28.92,0.1,0,0,0,39.9,43.7,46.4,0.24,0.28,0.20
OSCE,2019-11-08 05:40:00 EST,43.49915,-75.71175,1093,19.2,19.5,13.7,82.3,14.7,0.000,0.000,0.00,0.000,3.3,9.9,2.0,287,22,3.7,10.7,2.1,296,22,3.7,10.7,2.1,296,22,0,28.92,0.1,0,0,0,39.9,43.7,46.4,0.24,0.28,0.20
OSCE,2019-11-08 05:45:00 EST,43.49915,-75.71175,1093,19.2,19.5,19.2,81.9,14.6,0.000,0.000,0.00,0.000,2.6,5.0,0.9,285,20,2.9,6.8,1.1,294,19,2.9,6.8,1.1,294,19,0,28.92,0.1,0,0,0,39.9,43.7,46.4,0.24,0.28,0.20
OSCE,2019-11-08 05:50:00 EST,43.49915,-75.71175,1093,19.1,19.5,13.5,82.3,14.6,0.000,0.000,0.00,0.000,3.6,6.5,1.0,280,15,3.8,6.9,1.2,288,16,3.8,6.9,1.2,288,16,0,28.92,0.1,0,0,0,39.8,43.6,46.3,0.24,0.28,0.20
OSCE,2019-11-08 05:55:00 EST,43.49915,-75.71175,1093,18.9,19.2,18.9,82.3,14.4,0.000,0.000,0.00,0.000,2.1,3.0,0.5,307,20,2.3,3.9,0.7,316,20,2.3,3.9,0.7,316,20,0,28.93,0.1,0,0,0,39.7,43.6,46.4,0.24,0.28,0.20
OSCE,2019-11-08 06:00:00 EST,43.49915,-75.71175,1093,18.9,19.2,14.2,83.1,14.6,0.000,0.000,0.00,0.000,2.8,6.3,1.3,296,25,3.2,7.5,1.4,305,26,3.2,7.5,1.4,305,26,0,28.93,0.1,0,0,0,39.7,43.5,46.1,0.24,0.28,0.20
OSCE,2019-11-08 06:05:00 EST,43.49915,-75.71175,1093,19.0,19.1,13.8,83.0,14.7,0.000,0.000,0.00,0.000,3.2,7.2,1.5,305,31,3.5,9.1,1.8,316,23,3.5,9.1,1.8,316,23,0,28.93,0.1,0,0,0,39.7,43.5,46.0,0.24,0.28,0.20
OSCE,2019-11-08 06:10:00 EST,43.49915,-75.71175,1093,19.0,19.1,12.1,82.7,14.6,0.000,0.000,0.00,0.000,4.2,9.1,1.6,313,22,4.7,9.6,1.8,323,22,4.7,9.6,1.8,323,22,0,28.93,0.1,0,0,0,39.7,43.5,46.0,0.24,0.28,0.20
OSCE,2019-11-08 06:15:00 EST,43.49915,-75.71175,1093,19.0,19.1,10.9,82.6,14.6,0.000,0.000,0.00,0.000,5.3,10.2,2.0,311,22,5.9,11.5,2.3,321,21,5.9,11.5,2.3,321,21,0,28.94,0.1,0,0,0,39.7,43.5,46.0,0.24,0.28,0.20
OSCE,2019-11-08 06:20:00 EST,43.49915,-75.71175,1093,18.9,19.0,12.8,82.8,14.6,0.000,0.000,0.00,0.000,3.6,8.4,1.8,313,31,4.2,9.2,1.9,322,31,4.2,9.2,1.9,322,31,0,28.94,0.1,0,0,0,39.7,43.5,46.0,0.24,0.28,0.20
OSCE,2019-11-08 06:25:00 EST,43.49915,-75.71175,1093,18.9,19.0,13.2,82.9,14.5,0.000,0.000,0.00,0.000,3.2,8.3,2.5,320,28,3.8,9.6,2.6,332,26,3.8,9.6,2.6,332,26,0,28.94,0.1,0,0,0,39.7,43.5,46.0,0.24,0.28,0.20
OSCE,2019-11-08 06:30:00 EST,43.49915,-75.71175,1093,19.0,19.1,11.9,82.9,14.6,0.000,0.000,0.00,0.000,4.3,9.1,1.9,317,30,4.9,10.1,2.3,330,27,4.9,10.1,2.3,330,27,0,28.95,0.1,0,0,0,39.6,43.5,46.0,0.24,0.28,0.20
OSCE,2019-11-08 06:35:00 EST,43.49915,-75.71175,1093,19.0,19.2,13.5,82.8,14.7,0.000,0.000,0.00,0.000,3.3,6.6,1.2,309,26,3.7,8.2,1.4,318,27,3.7,8.2,1.4,318,27,1,28.95,0.1,0,0,0,39.6,43.5,46.0,0.24,0.28,0.20
OSCE,2019-11-08 06:40:00 EST,43.49915,-75.71175,1093,19.1,19.2,12.9,82.7,14.7,0.000,0.000,0.00,0.000,3.5,9.1,2.0,309,28,4.2,10.6,2.3,318,27,4.2,10.6,2.3,318,27,2,28.95,0.1,0,0,0,39.6,43.5,46.0,0.24,0.28,0.20
OSCE,2019-11-08 06:45:00 EST,43.49915,-75.71175,1093,19.1,19.3,14.5,82.9,14.7,0.000,0.000,0.00,0.000,2.7,6.0,1.2,302,22,3.1,7.2,1.4,311,24,3.1,7.2,1.4,311,24,3,28.96,0.1,0,0,0,39.6,43.5,46.0,0.24,0.28,0.20
OSCE,2019-11-08 06:50:00 EST,43.49915,-75.71175,1093,19.1,19.3,19.1,83.6,15.0,0.000,0.000,0.00,0.000,1.8,4.7,1.2,301,33,2.1,6.2,1.3,309,35,2.1,6.2,1.3,309,35,5,28.96,0.1,0,0,0,39.6,43.5,46.0,0.24,0.28,0.20
OSCE,2019-11-08 06:55:00 EST,43.49915,-75.71175,1093,19.5,19.6,19.5,83.7,15.3,0.000,0.000,0.00,0.000,2.4,5.1,0.8,306,26,2.7,5.3,0.9,316,26,2.7,5.3,0.9,316,26,8,28.96,0.1,0,0,0,39.6,43.5,46.0,0.24,0.28,0.20
OSCE,2019-11-08 07:00:00 EST,43.49915,-75.71175,1093,19.7,19.8,14.2,82.9,15.3,0.000,0.000,0.00,0.000,3.3,8.0,1.8,316,27,3.8,8.7,1.9,326,23,3.8,8.7,1.9,326,23,10,28.96,0.1,0,0,0,39.6,43.5,46.0,0.24,0.28,0.20
OSCE,2019-11-08 07:05:00 EST,43.49915,-75.71175,1093,20.0,20.1,15.6,82.2,15.4,0.000,0.000,0.00,0.000,2.8,7.4,1.6,292,22,3.1,7.5,1.6,300,22,3.1,7.5,1.6,300,22,15,28.96,0.1,0,0,0,39.6,43.4,46.0,0.24,0.28,0.20
OSCE,2019-11-08 07:10:00 EST,43.49915,-75.71175,1093,19.9,20.0,19.9,83.2,15.6,0.000,0.000,0.00,0.000,2.7,5.3,1.1,285,20,3.0,5.2,1.1,293,19,3.0,5.2,1.1,293,19,16,28.96,0.1,0,0,0,39.5,43.3,46.0,0.24,0.28,0.20
OSCE,2019-11-08 07:15:00 EST,43.49915,-75.71175,1093,19.8,19.9,19.8,83.9,15.7,0.000,0.000,0.00,0.000,2.5,5.8,1.0,286,21,2.9,7.9,1.1,291,19,2.9,7.9,1.1,291,19,19,28.96,0.1,0,0,0,39.4,43.4,46.0,0.24,0.28,0.20
OSCE,2019-11-08 07:20:00 EST,43.49915,-75.71175,1093,20.0,20.1,14.6,83.7,15.9,0.000,0.000,0.00,0.000,3.4,5.4,1.1,285,20,3.8,6.0,1.1,293,18,3.8,6.0,1.1,293,18,32,28.97,0.1,0,0,0,39.4,43.3,46.0,0.24,0.28,0.20
OSCE,2019-11-08 07:25:00 EST,43.49915,-75.71175,1093,20.3,20.2,14.9,84.0,16.3,0.000,0.000,0.00,0.000,3.5,5.2,0.9,282,16,3.8,5.9,1.0,291,15,3.8,5.9,1.0,291,15,50,28.97,0.1,0,0,0,39.4,43.3,46.0,0.24,0.28,0.19
OSCE,2019-11-08 07:30:00 EST,43.49915,-75.71175,1093,20.5,20.5,14.7,84.0,16.5,0.000,0.000,0.00,0.000,3.6,7.2,1.6,284,22,4.1,8.7,1.9,291,19,4.1,8.7,1.9,291,19,40,28.97,0.1,0,0,0,39.4,43.3,46.0,0.24,0.28,0.20
OSCE,2019-11-08 07:35:00 EST,43.49915,-75.71175,1093,20.7,20.7,15.3,84.0,16.7,0.000,0.000,0.00,0.000,3.4,8.4,1.6,280,23,3.8,8.7,1.6,286,22,3.8,8.7,1.6,286,22,45,28.98,0.1,0,0,0,39.4,43.3,46.0,0.24,0.28,0.19
OSCE,2019-11-08 07:40:00 EST,43.49915,-75.71175,1093,20.8,20.8,14.4,84.0,16.8,0.000,0.000,0.00,0.000,4.2,8.5,2.0,285,15,4.6,10.6,2.4,293,16,4.6,10.6,2.4,293,16,74,28.98,0.2,0,0,0,39.4,43.3,46.0,0.24,0.28,0.20
OSCE,2019-11-08 07:45:00 EST,43.49915,-75.71175,1093,21.3,21.2,21.3,85.0,17.5,0.000,0.000,0.00,0.000,2.4,4.9,1.0,279,20,2.8,6.0,1.1,285,19,2.8,6.0,1.1,285,19,68,28.98,0.1,0,0,0,39.4,43.3,46.0,0.24,0.28,0.19
OSCE,2019-11-08 07:50:00 EST,43.49915,-75.71175,1093,21.4,21.1,15.2,84.4,17.4,0.000,0.000,0.00,0.000,4.1,7.5,1.2,286,22,4.5,8.3,1.4,295,20,4.5,8.3,1.4,295,20,52,28.98,0.1,0,0,0,39.3,43.3,46.0,0.24,0.28,0.19
OSCE,2019-11-08 07:55:00 EST,43.49915,-75.71175,1093,21.5,21.2,16.7,84.5,17.5,0.000,0.000,0.00,0.000,3.1,6.3,1.0,293,28,3.5,8.0,1.3,302,28,3.5,8.0,1.3,302,28,65,28.98,0.2,0,0,0,39.2,43.3,46.0,0.24,0.28,0.19
OSCE,2019-11-08 08:00:00 EST,43.49915,-75.71175,1093,21.7,21.3,15.0,84.6,17.7,0.000,0.000,0.00,0.000,4.5,8.4,1.8,282,22,4.9,9.5,1.9,291,20,4.9,9.5,1.9,291,20,69,28.99,0.1,0,0,0,39.2,43.3,46.0,0.24,0.28,0.19
OSCE,2019-11-08 08:05:00 EST,43.49915,-75.71175,1093,21.6,21.3,15.6,84.5,17.6,0.000,0.000,0.00,0.000,3.8,9.4,1.7,283,21,4.3,10.6,1.8,292,20,4.3,10.6,1.8,292,20,67,28.99,0.1,0,0,0,39.2,43.3,46.0,0.24,0.28,0.19
OSCE,2019-11-08 08:10:00 EST,43.49915,-75.71175,1093,21.7,21.4,14.4,84.4,17.8,0.000,0.000,0.00,0.000,5.1,11.5,1.7,288,19,5.6,13.7,2.1,294,17,5.6,13.7,2.1,294,17,81,28.99,0.1,0,0,0,39.2,43.2,46.0,0.24,0.28,0.19
OSCE,2019-11-08 08:15:00 EST,43.49915,-75.71175,1093,21.7,21.5,16.3,84.4,17.8,0.000,0.000,0.00,0.000,3.4,7.8,1.5,289,28,3.9,8.3,1.7,299,26,3.9,8.3,1.7,299,26,60,28.99,0.2,0,0,0,39.2,43.2,46.0,0.24,0.28,0.19
OSCE,2019-11-08 08:20:00 EST,43.49915,-75.71175,1093,22.0,21.7,15.8,84.4,18.0,0.000,0.000,0.00,0.000,3.8,8.3,1.8,286,26,4.6,10.3,1.9,297,26,4.6,10.3,1.9,297,26,71,28.99,0.1,0,0,0,39.2,43.2,46.0,0.24,0.28,0.19
OSCE,2019-11-08 08:25:00 EST,43.49915,-75.71175,1093,22.2,22.0,16.3,84.2,18.2,0.000,0.000,0.00,0.000,4.0,7.9,2.1,287,22,4.4,8.7,2.1,297,20,4.4,8.7,2.1,297,20,106,28.99,0.1,0,0,0,39.2,43.2,46.0,0.24,0.28,0.19
OSCE,2019-11-08 08:30:00 EST,43.49915,-75.71175,1093,22.3,22.0,17.1,81.4,17.5,0.000,0.000,0.00,0.000,3.5,8.7,1.7,305,27,3.9,9.3,1.7,315,26,3.9,9.3,1.7,315,26,98,28.99,0.1,0,0,0,39.2,43.2,45.9,0.24,0.28,0.19
OSCE,2019-11-08 08:35:00 EST,43.49915,-75.71175,1093,22.4,22.1,16.9,80.8,17.4,0.000,0.000,0.00,0.000,3.6,8.5,1.7,307,25,4.1,9.9,1.9,318,23,4.1,9.9,1.9,318,23,82,29.00,0.2,0,0,0,39.2,43.2,45.9,0.24,0.28,0.19
OSCE,2019-11-08 08:40:00 EST,43.49915,-75.71175,1093,22.5,22.1,15.3,80.4,17.4,0.000,0.000,0.00,0.000,5.0,7.9,1.4,302,26,5.5,9.5,1.8,312,25,5.5,9.5,1.8,312,25,155,29.00,0.2,0,0,0,39.2,43.2,45.9,0.24,0.28,0.19
OSCE,2019-11-08 08:45:00 EST,43.49915,-75.71175,1093,22.7,22.4,17.4,79.9,17.5,0.000,0.000,0.00,0.000,3.6,11.0,2.0,314,21,4.0,12.0,2.3,324,23,4.0,12.0,2.3,324,23,155,29.00,0.1,0,0,0,39.2,43.2,45.9,0.24,0.28,0.19
OSCE,2019-11-08 08:50:00 EST,43.49915,-75.71175,1093,23.0,22.6,17.6,80.1,17.7,0.000,0.000,0.00,0.000,3.4,11.5,1.9,307,26,4.0,13.4,2.3,316,27,4.0,13.4,2.3,316,27,99,29.00,0.2,0,0,0,39.2,43.2,45.9,0.24,0.28,0.19
OSCE,2019-11-08 08:55:00 EST,43.49915,-75.71175,1093,22.8,22.4,15.4,77.6,16.9,0.000,0.000,0.00,0.000,5.1,11.3,1.8,302,26,5.8,11.0,1.8,310,28,5.8,11.0,1.8,310,28,192,29.00,0.1,0,0,0,39.2,43.2,45.9,0.24,0.28,0.19
OSCE,2019-11-08 09:00:00 EST,43.49915,-75.71175,1093,22.9,22.4,15.0,77.4,16.9,0.000,0.000,0.00,0.000,5.8,10.9,2.0,297,24,6.4,12.9,2.3,305,24,6.4,12.9,2.3,305,24,193,29.00,0.2,0,0,0,39.2,43.2,45.9,0.24,0.28,0.19
OSCE,2019-11-08 09:05:00 EST,43.49915,-75.71175,1093,23.4,22.7,17.0,76.8,17.2,0.000,0.000,0.00,0.000,4.4,8.0,1.9,286,22,5.0,9.4,2.1,296,20,5.0,9.4,2.1,296,20,233,29.00,0.1,0,0,0,39.2,43.2,45.9,0.24,0.28,0.19
OSCE,2019-11-08 09:10:00 EST,43.49915,-75.71175,1093,23.4,23.0,17.9,76.5,17.1,0.000,0.000,0.00,0.000,3.8,8.1,1.5,314,24,4.3,7.9,1.7,323,23,4.3,7.9,1.7,323,23,212,29.00,0.2,0,0,0,39.2,43.2,45.9,0.24,0.28,0.19
OSCE,2019-11-08 09:15:00 EST,43.49915,-75.71175,1093,23.9,23.3,17.2,75.2,17.2,0.000,0.000,0.00,0.000,4.7,8.7,1.3,295,25,5.3,9.2,1.4,303,24,5.3,9.2,1.4,303,24,295,29.00,0.1,0,0,0,39.2,43.1,45.9,0.24,0.28,0.19
OSCE,2019-11-08 09:20:00 EST,43.49915,-75.71175,1093,24.1,23.3,16.6,74.4,17.1,0.000,0.000,0.00,0.000,5.4,12.9,2.4,285,23,6.1,15.4,2.6,292,24,6.1,15.4,2.6,292,24,273,29.00,0.1,0,0,0,39.2,43.1,45.9,0.25,0.28,0.19
OSCE,2019-11-08 09:25:00 EST,43.49915,-75.71175,1093,23.7,23.1,16.6,73.8,16.6,0.000,0.000,0.00,0.000,5.0,10.7,2.3,287,25,5.8,12.9,2.4,296,22,5.8,12.9,2.4,296,22,166,29.00,0.1,0,0,0,39.2,43.0,45.9,0.24,0.28,0.19
OSCE,2019-11-08 09:30:00 EST,43.49915,-75.71175,1093,23.7,23.0,17.0,73.1,16.3,0.000,0.000,0.00,0.000,4.7,9.0,1.7,299,26,5.2,10.1,1.7,305,24,5.2,10.1,1.7,305,24,236,29.00,0.1,0,0,0,39.2,43.0,45.9,0.24,0.28,0.19
OSCE,2019-11-08 09:35:00 EST,43.49915,-75.71175,1093,24.5,23.7,17.7,71.9,16.7,0.000,0.000,0.00,0.000,4.9,9.8,2.1,289,22,5.5,11.8,2.2,299,21,5.5,11.8,2.2,299,21,355,29.01,0.1,0,0,0,39.2,43.0,45.9,0.25,0.28,0.19
OSCE,2019-11-08 09:40:00 EST,43.49915,-75.71175,1093,24.5,23.9,17.2,69.9,16.1,0.000,0.000,0.00,0.000,5.1,12.0,2.6,329,30,6.1,15.8,3.0,337,28,6.1,15.8,3.0,337,28,347,29.01,0.1,0,0,0,39.2,43.0,45.9,0.25,0.28,0.19
OSCE,2019-11-08 09:45:00 EST,43.49915,-75.71175,1093,24.3,23.5,15.8,69.3,15.6,0.000,0.000,0.00,0.000,6.8,11.6,1.9,293,25,7.5,12.8,2.2,304,24,7.5,12.8,2.2,304,24,234,29.01,0.1,0,0,0,39.2,43.0,45.9,0.24,0.28,0.19
OSCE,2019-11-08 09:50:00 EST,43.49915,-75.71175,1093,24.5,23.7,18.0,71.1,16.5,0.000,0.000,0.00,0.000,4.7,13.6,2.6,290,21,5.3,14.2,2.8,294,20,5.3,14.2,2.8,294,20,295,29.01,0.1,0,0,0,39.1,43.0,45.9,0.24,0.28,0.20
OSCE,2019-11-08 09:55:00 EST,43.49915,-75.71175,1093,24.3,23.8,17.4,70.0,16.0,0.000,0.000,0.00,0.000,5.1,10.5,2.1,318,23,5.7,13.3,2.2,328,22,5.7,13.3,2.2,328,22,188,29.01,0.2,0,0,0,39.2,43.0,45.9,0.25,0.28,0.19
OSCE,2019-11-08 10:00:00 EST,43.49915,-75.71175,1093,24.4,23.6,17.2,71.5,16.5,0.000,0.000,0.00,0.000,5.4,10.4,1.8,282,21,6.0,12.3,2.1,290,18,6.0,12.3,2.1,290,18,249,29.01,0.2,0,0,0,39.2,43.0,45.9,0.24,0.28,0.20
OSCE,2019-11-08 10:05:00 EST,43.49915,-75.71175,1093,24.9,24.1,19.0,73.1,17.5,0.000,0.000,0.00,0.000,4.2,8.3,1.8,299,26,4.7,10.6,2.2,307,27,4.7,10.6,2.2,307,27,257,29.01,0.2,0,0,0,39.1,43.0,45.9,0.24,0.28,0.19
OSCE,2019-11-08 10:10:00 EST,43.49915,-75.71175,1093,24.9,23.9,17.6,69.7,16.4,0.000,0.000,0.00,0.000,5.4,10.5,2.7,293,29,6.1,11.9,2.9,301,29,6.1,11.9,2.9,301,29,323,29.01,0.1,0,0,0,39.1,43.0,45.9,0.24,0.28,0.20
OSCE,2019-11-08 10:15:00 EST,43.49915,-75.71175,1093,24.5,23.8,15.7,69.7,16.0,0.000,0.000,0.00,0.000,7.1,16.6,2.9,303,24,8.0,16.2,2.7,311,25,8.0,16.2,2.7,311,25,193,29.02,0.0,0,0,0,39.0,43.0,45.9,0.24,0.28,0.20
OSCE,2019-11-08 10:20:00 EST,43.49915,-75.71175,1093,23.9,23.4,15.1,68.6,15.1,0.000,0.000,0.00,0.000,7.4,13.7,2.7,306,18,7.9,15.3,2.7,311,18,7.9,15.3,2.7,311,18,201,29.02,0.1,0,0,0,39.0,43.0,45.9,0.24,0.28,0.19
OSCE,2019-11-08 10:25:00 EST,43.49915,-75.71175,1093,24.6,23.6,15.9,68.5,15.8,0.000,0.000,0.00,0.000,7.1,12.8,2.3,295,24,8.0,15.2,2.8,303,24,8.0,15.2,2.8,303,24,339,29.02,0.1,0,0,0,39.0,42.9,45.9,0.24,0.28,0.20
OSCE,2019-11-08 10:30:00 EST,43.49915,-75.71175,1093,24.3,23.8,17.4,67.4,15.0,0.000,0.000,0.00,0.000,5.2,11.8,2.5,312,28,5.6,12.3,2.6,322,26,5.6,12.3,2.6,322,26,178,29.02,0.2,0,0,0,39.0,42.9,45.9,0.24,0.28,0.20
OSCE,2019-11-08 10:35:00 EST,43.49915,-75.71175,1093,24.4,23.8,17.8,69.0,15.7,0.000,0.000,0.00,0.000,4.7,10.4,2.0,304,27,5.4,12.6,2.1,314,26,5.4,12.6,2.1,314,26,265,29.02,0.3,0,0,0,39.0,42.8,45.9,0.24,0.28,0.20
OSCE,2019-11-08 10:40:00 EST,43.49915,-75.71175,1093,25.4,24.6,20.2,68.0,16.3,0.000,0.000,0.00,0.000,3.7,7.8,1.9,300,30,4.3,9.0,2.0,310,31,4.3,9.0,2.0,310,31,473,29.02,0.2,0,0,0,39.0,42.8,45.9,0.24,0.28,0.20
OSCE,2019-11-08 10:45:00 EST,43.49915,-75.71175,1093,25.5,24.7,18.1,67.9,16.4,0.000,0.000,0.00,0.000,5.8,12.1,1.9,303,26,6.5,12.9,2.1,313,28,6.5,12.9,2.1,313,28,200,29.02,0.0,0,0,0,39.0,42.8,45.9,0.24,0.28,0.20
OSCE,2019-11-08 10:50:00 EST,43.49915,-75.71175,1093,25.0,24.1,17.6,66.9,15.5,0.000,0.000,0.00,0.000,5.6,11.3,2.1,290,22,6.3,12.7,2.2,298,19,6.3,12.7,2.2,298,19,254,29.02,0.2,0,0,0,39.0,42.8,45.8,0.24,0.28,0.20
OSCE,2019-11-08 10:55:00 EST,43.49915,-75.71175,1093,24.8,24.3,17.6,67.7,15.7,0.000,0.000,0.00,0.000,5.5,14.1,3.1,308,29,6.2,15.0,3.3,318,29,6.2,15.0,3.3,318,29,257,29.02,0.1,0,0,0,39.0,42.8,45.8,0.24,0.28,0.20
OSCE,2019-11-08 11:00:00 EST,43.49915,-75.71175,1093,24.8,24.3,17.8,66.9,15.4,0.000,0.000,0.00,0.000,5.2,11.3,2.0,306,23,5.8,12.9,2.1,317,23,5.8,12.9,2.1,317,23,240,29.02,0.2,0,0,0,39.0,42.8,45.7,0.24,0.28,0.20
OSCE,2019-11-08 11:05:00 EST,43.49915,-75.71175,1093,25.9,24.9,20.6,67.4,16.6,0.000,0.000,0.00,0.000,3.4,7.9,1.8,307,29,4.3,10.2,2.0,317,29,4.3,10.2,2.0,317,29,526,29.02,0.3,0,0,0,39.0,42.8,45.7,0.24,0.28,0.20
OSCE,2019-11-08 11:10:00 EST,43.49915,-75.71175,1093,26.5,25.3,18.8,65.1,16.4,0.000,0.000,0.00,0.000,6.4,13.4,2.5,296,30,7.1,15.8,2.8,304,29,7.1,15.8,2.8,304,29,476,29.02,0.1,0,0,0,39.0,42.8,45.7,0.24,0.28,0.20
OSCE,2019-11-08 11:15:00 EST,43.49915,-75.71175,1093,26.3,25.3,18.1,62.1,15.1,0.000,0.000,0.00,0.000,6.7,13.0,2.8,278,24,7.8,14.7,3.1,284,20,7.8,14.7,3.1,284,20,465,29.02,0.3,0,0,0,39.0,42.8,45.7,0.24,0.28,0.20
OSCE,2019-11-08 11:20:00 EST,43.49915,-75.71175,1093,26.8,25.5,18.5,61.7,15.4,0.000,0.000,0.00,0.000,7.2,13.0,2.6,283,21,8.0,15.0,2.7,292,21,8.0,15.0,2.7,292,21,561,29.02,0.2,0,0,0,39.0,42.8,45.7,0.24,0.28,0.20
OSCE,2019-11-08 11:25:00 EST,43.49915,-75.71175,1093,26.5,25.6,18.9,59.8,14.4,0.000,0.000,0.00,0.000,6.2,12.6,2.3,313,26,6.9,13.7,2.6,323,22,6.9,13.7,2.6,323,22,485,29.02,0.1,0,0,0,39.1,42.8,45.7,0.25,0.28,0.20
OSCE,2019-11-08 11:30:00 EST,43.49915,-75.71175,1093,26.1,25.2,18.4,61.0,14.5,0.000,0.000,0.00,0.000,6.5,11.4,2.4,318,24,7.0,13.5,2.6,327,21,7.0,13.5,2.6,327,21,376,29.02,0.2,0,0,0,39.1,42.8,45.7,0.25,0.28,0.20
OSCE,2019-11-08 11:35:00 EST,43.49915,-75.71175,1093,25.6,24.8,16.9,62.2,14.5,0.000,0.000,0.00,0.000,7.5,15.3,2.8,302,23,8.3,16.3,2.8,313,23,8.3,16.3,2.8,313,23,215,29.02,0.1,0,0,0,39.2,42.8,45.7,0.24,0.28,0.20
OSCE,2019-11-08 11:40:00 EST,43.49915,-75.71175,1093,24.9,24.3,16.4,60.1,13.0,0.000,0.000,0.00,0.000,6.8,11.5,2.0,294,23,7.8,15.8,2.5,302,22,7.8,15.8,2.5,302,22,265,29.02,0.3,0,0,0,39.2,42.7,45.7,0.24,0.28,0.20
OSCE,2019-11-08 11:45:00 EST,43.49915,-75.71175,1093,25.3,24.5,16.5,61.2,13.8,0.000,0.000,0.00,0.000,7.5,14.4,2.6,290,24,8.3,16.7,2.9,298,22,8.3,16.7,2.9,298,22,356,29.02,0.2,0,0,0,39.2,42.8,45.7,0.24,0.28,0.20
OSCE,2019-11-08 11:50:00 EST,43.49915,-75.71175,1093,26.2,24.9,18.9,63.0,15.3,0.000,0.000,0.00,0.000,5.6,15.2,3.0,277,28,6.4,17.8,3.4,284,23,6.4,17.8,3.4,284,23,460,29.02,0.3,0,0,0,39.2,42.7,45.7,0.24,0.28,0.20
OSCE,2019-11-08 11:55:00 EST,43.49915,-75.71175,1093,26.0,25.3,18.6,62.5,14.9,0.000,0.000,0.00,0.000,5.7,12.3,2.7,308,31,6.6,14.0,3.0,317,30,6.6,14.0,3.0,317,30,196,29.02,-0.0,0,0,0,39.2,42.6,45.7,0.24,0.28,0.20
OSCE,2019-11-08 12:00:00 EST,43.49915,-75.71175,1093,24.4,23.9,16.3,62.6,13.4,0.000,0.000,0.00,0.000,6.7,11.1,2.1,299,22,7.1,13.1,2.2,306,18,7.1,13.1,2.2,306,18,106,29.02,0.1,0,0,0,39.2,42.6,45.7,0.24,0.28,0.20
OSCE,2019-11-08 12:05:00 EST,43.49915,-75.71175,1093,24.5,24.0,16.1,65.0,14.4,0.000,0.000,0.00,0.000,6.6,13.8,2.6,296,25,7.5,19.4,2.9,305,24,7.5,19.4,2.9,305,24,339,29.02,0.2,0,0,0,39.2,42.6,45.7,0.24,0.28,0.19
OSCE,2019-11-08 12:10:00 EST,43.49915,-75.71175,1093,25.7,24.8,18.4,63.5,15.0,0.000,0.000,0.00,0.000,5.3,8.9,1.9,330,27,6.5,12.2,2.3,344,22,6.5,12.2,2.3,344,22,506,29.01,0.2,0,0,0,39.2,42.6,45.7,0.24,0.28,0.19
OSCE,2019-11-08 12:15:00 EST,43.49915,-75.71175,1093,26.9,25.6,19.2,63.5,16.2,0.000,0.000,0.00,0.000,6.5,14.0,2.4,290,22,7.2,14.4,2.5,297,20,7.2,14.4,2.5,297,20,513,29.01,0.2,0,0,0,39.2,42.6,45.7,0.24,0.28,0.20
OSCE,2019-11-08 12:20:00 EST,43.49915,-75.71175,1093,27.2,25.8,19.5,61.9,15.9,0.000,0.000,0.00,0.000,6.5,16.8,3.3,304,23,7.4,16.8,3.2,312,20,7.4,16.8,3.2,312,20,525,29.01,0.1,0,0,0,39.2,42.6,45.7,0.24,0.28,0.20
OSCE,2019-11-08 12:25:00 EST,43.49915,-75.71175,1093,25.8,24.9,16.9,59.4,13.6,0.000,0.000,0.00,0.000,8.0,17.1,3.1,305,27,8.7,20.3,3.3,313,26,8.7,20.3,3.3,313,26,389,29.01,0.2,0,0,0,39.2,42.6,45.7,0.24,0.28,0.20
OSCE,2019-11-08 12:30:00 EST,43.49915,-75.71175,1093,25.7,24.9,18.4,61.5,14.3,0.000,0.000,0.00,0.000,5.4,15.3,3.6,288,22,6.4,19.3,4.0,296,24,6.4,19.3,4.0,296,24,240,29.01,0.1,0,0,0,39.2,42.6,45.7,0.24,0.28,0.19
OSCE,2019-11-08 12:35:00 EST,43.49915,-75.71175,1093,26.1,25.3,19.9,61.8,14.8,0.000,0.000,0.00,0.000,4.5,12.2,2.3,293,29,5.2,13.6,2.2,302,27,5.2,13.6,2.2,302,27,311,29.01,0.2,0,0,0,39.2,42.6,45.7,0.24,0.28,0.19
OSCE,2019-11-08 12:40:00 EST,43.49915,-75.71175,1093,27.0,26.0,20.7,59.5,14.7,0.000,0.000,0.00,0.000,4.7,9.7,2.0,292,27,5.5,12.2,2.2,298,24,5.5,12.2,2.2,298,24,547,29.01,0.2,0,0,0,39.3,42.6,45.7,0.24,0.28,0.19
OSCE,2019-11-08 12:45:00 EST,43.49915,-75.71175,1093,27.1,26.0,19.6,57.4,14.0,0.000,0.000,0.00,0.000,6.2,12.4,2.4,299,26,7.0,13.3,2.6,306,25,7.0,13.3,2.6,306,25,385,29.01,0.2,0,0,0,39.4,42.6,45.7,0.24,0.28,0.19
OSCE,2019-11-08 12:50:00 EST,43.49915,-75.71175,1093,27.2,26.2,19.8,58.6,14.6,0.000,0.000,0.00,0.000,6.0,12.0,2.5,276,23,6.9,16.5,3.0,284,20,6.9,16.5,3.0,284,20,507,29.01,0.2,0,0,0,39.4,42.6,45.7,0.24,0.28,0.19
OSCE,2019-11-08 12:55:00 EST,43.49915,-75.71175,1093,27.2,26.1,19.0,55.4,13.3,0.000,0.000,0.00,0.000,7.1,12.3,2.2,292,27,8.1,14.8,2.6,299,25,8.1,14.8,2.6,299,25,377,29.01,0.2,0,0,0,39.4,42.6,45.6,0.24,0.28,0.19
OSCE,2019-11-08 13:00:00 EST,43.49915,-75.71175,1093,27.4,26.3,19.7,55.6,13.6,0.000,0.000,0.00,0.000,6.6,15.3,2.7,286,23,7.3,16.7,2.9,294,21,7.3,16.7,2.9,294,21,467,29.01,0.1,0,0,0,39.4,42.6,45.6,0.24,0.28,0.19
OSCE,2019-11-08 13:05:00 EST,43.49915,-75.71175,1093,26.8,26.2,20.0,55.2,12.9,0.000,0.000,0.00,0.000,5.1,12.3,2.5,292,25,6.1,12.0,2.5,297,26,6.1,12.0,2.5,297,26,153,29.01,0.1,0,0,0,39.4,42.6,45.6,0.24,0.28,0.19
OSCE,2019-11-08 13:10:00 EST,43.49915,-75.71175,1093,26.5,25.8,19.9,56.2,13.1,0.000,0.000,0.00,0.000,5.2,13.0,2.1,292,25,5.8,13.1,2.4,301,24,5.8,13.1,2.4,301,24,454,29.01,0.2,0,0,0,39.5,42.6,45.6,0.24,0.28,0.19
OSCE,2019-11-08 13:15:00 EST,43.49915,-75.71175,1093,27.4,26.5,19.3,54.9,13.3,0.000,0.000,0.00,0.000,7.2,13.1,2.3,283,19,7.9,14.0,2.5,292,18,7.9,14.0,2.5,292,18,517,29.01,0.0,0,0,0,39.6,42.6,45.6,0.24,0.28,0.19
OSCE,2019-11-08 13:20:00 EST,43.49915,-75.71175,1093,26.8,26.0,18.7,55.4,12.9,0.000,0.000,0.00,0.000,6.7,12.2,2.4,273,18,7.7,13.2,2.6,280,16,7.7,13.2,2.6,280,16,176,29.01,0.1,0,0,0,39.6,42.6,45.5,0.24,0.28,0.19
OSCE,2019-11-08 13:25:00 EST,43.49915,-75.71175,1093,27.2,26.3,20.3,57.3,14.1,0.000,0.000,0.00,0.000,5.5,12.1,3.0,271,25,6.3,15.1,3.3,280,22,6.3,15.1,3.3,280,22,492,29.01,0.2,0,0,0,39.6,42.6,45.5,0.24,0.28,0.19
OSCE,2019-11-08 13:30:00 EST,43.49915,-75.71175,1093,27.4,26.6,20.3,54.6,13.2,0.000,0.000,0.00,0.000,6.0,11.2,2.2,284,15,6.6,11.9,2.4,291,14,6.6,11.9,2.4,291,14,344,29.01,0.0,0,0,0,39.6,42.6,45.5,0.24,0.28,0.19
OSCE,2019-11-08 13:35:00 EST,43.49915,-75.71175,1093,27.5,26.7,20.6,52.6,12.4,0.000,0.000,0.00,0.000,5.7,13.0,2.0,298,23,6.3,12.8,2.1,307,24,6.3,12.8,2.1,307,24,398,29.01,0.2,0,0,0,39.7,42.6,45.5,0.24,0.28,0.19
OSCE,2019-11-08 13:40:00 EST,43.49915,-75.71175,1093,27.4,26.7,21.3,55.2,13.5,0.000,0.000,0.00,0.000,4.7,11.2,3.0,289,27,5.5,13.4,3.2,297,24,5.5,13.4,3.2,297,24,251,29.01,0.0,0,0,0,39.7,42.6,45.5,0.24,0.28,0.19
OSCE,2019-11-08 13:45:00 EST,43.49915,-75.71175,1093,27.6,26.6,21.4,54.4,13.3,0.000,0.000,0.00,0.000,4.6,10.9,2.5,273,26,5.5,12.7,2.8,281,28,5.5,12.7,2.8,281,28,329,29.01,0.1,0,0,0,39.7,42.6,45.5,0.24,0.28,0.19
OSCE,2019-11-08 13:50:00 EST,43.49915,-75.71175,1093,27.1,26.4,18.3,55.0,13.0,0.000,0.000,0.00,0.000,7.8,12.9,2.7,292,25,8.8,15.3,3.1,302,23,8.8,15.3,3.1,302,23,172,29.01,0.0,0,0,0,39.8,42.6,45.5,0.24,0.28,0.19
OSCE,2019-11-08 13:55:00 EST,43.49915,-75.71175,1093,27.1,26.4,20.4,54.5,12.9,0.000,0.000,0.00,0.000,5.2,11.5,2.2,284,20,6.0,14.4,2.3,292,18,6.0,14.4,2.3,292,18,328,29.01,0.0,0,0,0,39.9,42.5,45.5,0.24,0.28,0.19
OSCE,2019-11-08 14:00:00 EST,43.49915,-75.71175,1093,26.9,26.3,19.3,54.8,12.8,0.000,0.000,0.00,0.000,6.3,11.9,2.1,288,19,7.0,12.6,2.3,295,19,7.0,12.6,2.3,295,19,157,29.01,0.1,0,0,0,39.9,42.5,45.5,0.24,0.28,0.19
OSCE,2019-11-08 14:05:00 EST,43.49915,-75.71175,1093,26.6,26.0,19.4,57.2,13.5,0.000,0.000,0.00,0.000,5.8,13.9,2.1,305,24,6.4,13.4,2.3,313,24,6.4,13.4,2.3,313,24,122,29.01,0.1,0,0,0,39.9,42.5,45.5,0.24,0.28,0.19
OSCE,2019-11-08 14:10:00 EST,43.49915,-75.71175,1093,26.6,26.2,19.9,57.5,13.7,0.000,0.000,0.00,0.000,5.4,10.6,1.7,291,18,6.0,11.8,1.8,300,18,6.0,11.8,1.8,300,18,156,29.02,0.1,0,0,0,39.9,42.5,45.5,0.24,0.28,0.19
OSCE,2019-11-08 14:15:00 EST,43.49915,-75.71175,1093,26.7,26.2,19.2,56.8,13.4,0.000,0.000,0.00,0.000,6.1,12.9,2.6,291,22,6.8,15.6,2.6,298,20,6.8,15.6,2.6,298,20,151,29.02,0.1,0,0,0,40.0,42.5,45.5,0.24,0.28,0.19
OSCE,2019-11-08 14:20:00 EST,43.49915,-75.71175,1093,26.6,26.2,19.6,57.9,13.8,0.000,0.000,0.00,0.000,5.4,11.3,2.3,296,27,6.2,13.5,2.5,302,23,6.2,13.5,2.5,302,23,125,29.02,0.0,0,0,0,40.1,42.5,45.5,0.24,0.28,0.19
OSCE,2019-11-08 14:25:00 EST,43.49915,-75.71175,1093,26.6,26.1,19.4,56.7,13.3,0.000,0.000,0.00,0.000,5.9,12.7,2.6,301,20,6.5,12.8,2.5,309,19,6.5,12.8,2.5,309,19,152,29.02,0.1,0,0,0,40.1,42.4,45.5,0.24,0.28,0.19
OSCE,2019-11-08 14:30:00 EST,43.49915,-75.71175,1093,26.8,26.3,20.1,57.7,13.9,0.000,0.000,0.00,0.000,5.2,9.4,1.9,300,30,5.9,13.3,2.1,307,28,5.9,13.3,2.1,307,28,268,29.02,0.1,0,0,0,40.1,42.5,45.5,0.24,0.28,0.19
OSCE,2019-11-08 14:35:00 EST,43.49915,-75.71175,1093,27.1,26.5,22.5,58.1,14.3,0.000,0.000,0.00,0.000,3.4,10.5,2.0,293,31,3.9,14.3,2.1,306,32,3.9,14.3,2.1,306,32,150,29.02,0.0,0,0,0,40.1,42.5,45.5,0.24,0.28,0.19
OSCE,2019-11-08 14:40:00 EST,43.49915,-75.71175,1093,26.6,26.2,19.4,57.3,13.5,0.000,0.000,0.00,0.000,5.8,9.6,1.8,294,23,6.5,12.8,1.9,302,20,6.5,12.8,1.9,302,20,122,29.02,0.1,0,0,0,40.1,42.4,45.5,0.24,0.28,0.19
OSCE,2019-11-08 14:45:00 EST,43.49915,-75.71175,1093,26.3,25.9,19.5,57.9,13.4,0.000,0.000,0.00,0.000,5.3,10.3,1.9,296,21,5.8,11.1,2.0,303,21,5.8,11.1,2.0,303,21,104,29.02,0.1,0,0,0,40.3,42.5,45.5,0.24,0.28,0.19
OSCE,2019-11-08 14:50:00 EST,43.49915,-75.71175,1093,26.1,25.7,18.2,60.1,14.1,0.000,0.000,0.00,0.000,6.7,12.3,2.3,281,17,7.3,14.5,2.6,290,15,7.3,14.5,2.6,290,15,148,29.02,0.1,0,0,0,40.3,42.5,45.5,0.24,0.28,0.19
OSCE,2019-11-08 14:55:00 EST,43.49915,-75.71175,1093,26.4,25.9,19.8,61.0,14.8,0.000,0.000,0.00,0.000,5.2,11.2,2.3,300,27,5.8,12.0,2.4,309,25,5.8,12.0,2.4,309,25,217,29.03,0.1,0,0,0,40.3,42.5,45.5,0.24,0.28,0.19
OSCE,2019-11-08 15:00:00 EST,43.49915,-75.71175,1093,26.3,25.9,21.1,61.7,14.9,0.000,0.000,0.00,0.000,3.5,8.3,1.8,322,33,4.3,10.7,2.2,333,31,4.3,10.7,2.2,333,31,184,29.03,0.1,0,0,0,40.3,42.6,45.5,0.24,0.28,0.19
OSCE,2019-11-08 15:05:00 EST,43.49915,-75.71175,1093,26.0,25.6,19.9,62.7,15.1,0.000,0.000,0.00,0.000,4.5,11.2,2.5,309,25,5.2,11.2,2.4,319,28,5.2,11.2,2.4,319,28,83,29.03,0.1,0,0,0,40.3,42.5,45.5,0.24,0.28,0.19
OSCE,2019-11-08 15:10:00 EST,43.49915,-75.71175,1093,25.9,25.6,19.2,62.3,14.8,0.000,0.000,0.00,0.000,5.2,10.0,1.6,306,24,5.7,10.8,1.7,312,23,5.7,10.8,1.7,312,23,147,29.03,0.1,0,0,0,40.3,42.6,45.5,0.24,0.28,0.19
OSCE,2019-11-08 15:15:00 EST,43.49915,-75.71175,1093,26.4,26.1,22.1,62.2,15.3,0.000,0.000,0.00,0.000,3.0,5.6,1.4,302,30,3.7,6.8,1.4,313,30,3.7,6.8,1.4,313,30,130,29.03,0.1,0,0,0,40.3,42.6,45.5,0.24,0.28,0.19
OSCE,2019-11-08 15:20:00 EST,43.49915,-75.71175,1093,26.5,26.0,20.8,62.8,15.5,0.000,0.000,0.00,0.000,4.3,8.7,1.7,299,27,4.8,10.4,1.7,308,26,4.8,10.4,1.7,308,26,90,29.03,0.0,0,0,0,40.4,42.6,45.5,0.24,0.28,0.19
OSCE,2019-11-08 15:25:00 EST,43.49915,-75.71175,1093,26.1,25.8,19.4,60.0,14.1,0.000,0.000,0.00,0.000,5.4,11.8,2.4,301,22,5.8,12.2,2.2,311,23,5.8,12.2,2.2,311,23,84,29.03,0.0,0,0,0,40.5,42.6,45.5,0.24,0.28,0.19
OSCE,2019-11-08 15:30:00 EST,43.49915,-75.71175,1093,25.9,25.7,19.0,58.6,13.4,0.000,0.000,0.00,0.000,5.4,11.9,1.9,288,20,6.0,12.2,2.1,295,18,6.0,12.2,2.1,295,18,90,29.03,0.1,0,0,0,40.5,42.6,45.5,0.24,0.28,0.19
OSCE,2019-11-08 15:35:00 EST,43.49915,-75.71175,1093,26.0,25.8,20.7,59.7,13.9,0.000,0.000,0.00,0.000,3.9,10.9,2.0,294,27,4.4,12.1,2.3,300,27,4.4,12.1,2.3,300,27,71,29.03,0.0,0,0,0,40.5,42.6,45.5,0.24,0.28,0.19
OSCE,2019-11-08 15:40:00 EST,43.49915,-75.71175,1093,25.8,25.6,17.9,60.2,13.9,0.000,0.000,0.00,0.000,6.4,12.4,2.9,283,21,7.1,14.1,3.2,291,20,7.1,14.1,3.2,291,20,73,29.03,0.1,0,0,0,40.5,42.6,45.5,0.24,0.28,0.19
OSCE,2019-11-08 15:45:00 EST,43.49915,-75.71175,1093,25.7,25.6,19.4,60.8,14.1,0.000,0.000,0.00,0.000,4.8,9.1,1.6,290,22,5.3,9.5,1.8,297,19,5.3,9.5,1.8,297,19,88,29.03,0.1,0,0,0,40.5,42.6,45.5,0.24,0.28,0.19
OSCE,2019-11-08 15:50:00 EST,43.49915,-75.71175,1093,26.2,26.0,21.7,62.0,14.9,0.000,0.000,0.00,0.000,3.3,8.0,1.1,295,22,3.7,7.8,1.2,305,23,3.7,7.8,1.2,305,23,93,29.03,0.1,0,0,0,40.5,42.6,45.5,0.24,0.28,0.19
OSCE,2019-11-08 15:55:00 EST,43.49915,-75.71175,1093,26.3,26.1,21.7,62.0,15.1,0.000,0.000,0.00,0.000,3.2,7.9,1.6,280,31,3.9,9.5,1.9,287,30,3.9,9.5,1.9,287,30,82,29.03,0.1,0,0,0,40.5,42.6,45.4,0.24,0.28,0.19
OSCE,2019-11-08 16:00:00 EST,43.49915,-75.71175,1093,26.2,25.9,19.1,60.7,14.5,0.000,0.000,0.00,0.000,5.5,12.2,1.9,287,25,6.2,10.9,2.1,293,23,6.2,10.9,2.1,293,23,81,29.03,0.1,0,0,0,40.5,42.6,45.4,0.24,0.28,0.19
OSCE,2019-11-08 16:05:00 EST,43.49915,-75.71175,1093,26.1,25.9,18.8,60.7,14.4,0.000,0.000,0.00,0.000,5.7,13.2,2.3,283,22,6.5,14.8,2.8,292,21,6.5,14.8,2.8,292,21,71,29.03,0.0,0,0,0,40.5,42.6,45.4,0.24,0.28,0.19
OSCE,2019-11-08 16:10:00 EST,43.49915,-75.71175,1093,25.9,25.8,18.7,59.9,13.9,0.000,0.000,0.00,0.000,6.0,11.8,1.7,289,19,6.3,13.5,1.9,298,18,6.3,13.5,1.9,298,18,49,29.04,0.1,0,0,0,40.5,42.6,45.3,0.24,0.28,0.19
OSCE,2019-11-08 16:15:00 EST,43.49915,-75.71175,1093,25.9,25.7,20.0,62.0,14.6,0.000,0.000,0.00,0.000,4.4,10.4,1.8,297,23,4.9,11.9,2.0,306,23,4.9,11.9,2.0,306,23,44,29.04,0.0,0,0,0,40.5,42.6,45.3,0.24,0.28,0.19
OSCE,2019-11-08 16:20:00 EST,43.49915,-75.71175,1093,25.6,25.5,19.8,63.0,14.7,0.000,0.000,0.00,0.000,4.7,8.2,1.5,303,22,4.8,8.2,1.5,312,22,4.8,8.2,1.5,312,22,26,29.04,0.0,0,0,0,40.5,42.6,45.3,0.24,0.28,0.19
OSCE,2019-11-08 16:25:00 EST,43.49915,-75.71175,1093,25.5,25.5,21.6,63.8,15.0,0.000,0.000,0.00,0.000,2.9,6.6,1.4,282,22,3.3,7.6,1.7,292,19,3.3,7.6,1.7,292,19,15,29.04,0.0,0,0,0,40.5,42.6,45.3,0.24,0.28,0.19
OSCE,2019-11-08 16:30:00 EST,43.49915,-75.71175,1093,25.4,25.5,21.8,64.4,15.1,0.000,0.000,0.00,0.000,2.7,7.2,1.7,304,22,3.1,7.6,1.7,314,22,3.1,7.6,1.7,314,22,12,29.04,0.1,0,0,0,40.5,42.6,45.3,0.24,0.28,0.19
OSCE,2019-11-08 16:35:00 EST,43.49915,-75.71175,1093,25.3,25.3,25.3,64.2,14.9,0.000,0.000,0.00,0.000,2.4,6.1,1.3,310,28,2.8,8.5,1.6,321,29,2.8,8.5,1.6,321,29,8,29.04,0.0,0,0,0,40.5,42.6,45.3,0.24,0.28,0.19
OSCE,2019-11-08 16:40:00 EST,43.49915,-75.71175,1093,25.1,25.1,18.3,64.4,14.8,0.000,0.000,0.00,0.000,5.5,9.2,1.4,295,20,5.7,10.0,1.6,305,20,5.7,10.0,1.6,305,20,7,29.04,0.0,0,0,0,40.5,42.6,45.3,0.24,0.28,0.19
OSCE,2019-11-08 16:45:00 EST,43.49915,-75.71175,1093,24.9,25.0,18.9,63.8,14.4,0.000,0.000,0.00,0.000,4.6,9.6,1.1,306,22,4.9,8.6,1.2,318,21,4.9,8.6,1.2,318,21,6,29.05,0.1,0,0,0,40.5,42.6,45.3,0.24,0.28,0.19
OSCE,2019-11-08 16:50:00 EST,43.49915,-75.71175,1093,24.7,24.8,24.7,64.6,14.4,0.000,0.000,0.00,0.000,2.6,5.0,1.1,314,22,3.0,7.4,1.3,323,22,3.0,7.4,1.3,323,22,4,29.05,0.0,0,0,0,40.5,42.6,45.3,0.24,0.28,0.19
OSCE,2019-11-08 16:55:00 EST,43.49915,-75.71175,1093,24.5,24.7,20.1,63.7,13.9,0.000,0.000,0.00,0.000,2.9,6.3,1.4,319,23,3.4,7.2,1.5,329,24,3.4,7.2,1.5,329,24,2,29.05,0.0,0,0,0,40.5,42.6,45.3,0.24,0.28,0.19
OSCE,2019-11-08 17:00:00 EST,43.49915,-75.71175,1093,24.3,24.6,19.5,65.3,14.3,0.000,0.000,0.00,0.000,3.3,8.2,1.6,284,22,3.7,9.3,2.1,292,20,3.7,9.3,2.1,292,20,1,29.05,0.0,0,0,0,40.5,42.6,45.3,0.24,0.28,0.19
OSCE,2019-11-08 17:05:00 EST,43.49915,-75.71175,1093,24.1,24.4,24.1,66.8,14.7,0.000,0.000,0.00,0.000,2.5,5.9,1.2,302,22,2.7,7.1,1.3,308,22,2.7,7.1,1.3,308,22,0,29.05,0.1,0,0,0,40.5,42.6,45.3,0.24,0.28,0.19
OSCE,2019-11-08 17:10:00 EST,43.49915,-75.71175,1093,24.0,24.3,24.0,67.3,14.8,0.000,0.000,0.00,0.000,1.9,3.7,0.5,311,23,2.2,4.7,0.7,319,25,2.2,4.7,0.7,319,25,0,29.05,0.0,0,0,0,40.5,42.6,45.3,0.24,0.28,0.19
OSCE,2019-11-08 17:15:00 EST,43.49915,-75.71175,1093,23.9,24.1,23.9,67.7,14.8,0.000,0.000,0.00,0.000,1.2,3.3,0.8,302,22,1.6,3.9,0.7,316,25,1.6,3.9,0.7,316,25,0,29.05,0.0,0,0,0,40.5,42.6,45.3,0.24,0.28,0.19
OSCE,2019-11-08 17:20:00 EST,43.49915,-75.71175,1093,23.5,23.9,23.5,69.0,14.9,0.000,0.000,0.00,0.000,1.6,3.7,0.6,294,13,1.8,4.3,0.7,304,13,1.8,4.3,0.7,304,13,0,29.05,0.1,0,0,0,40.5,42.6,45.3,0.24,0.28,0.19
OSCE,2019-11-08 17:25:00 EST,43.49915,-75.71175,1093,23.5,23.8,23.5,69.1,14.8,0.000,0.000,0.00,0.000,1.7,6.1,1.5,301,16,1.9,6.5,1.5,311,19,1.9,6.5,1.5,311,19,0,29.06,0.0,0,0,0,40.5,42.6,45.3,0.25,0.28,0.19
OSCE,2019-11-08 17:30:00 EST,43.49915,-75.71175,1093,23.2,23.7,23.2,70.4,15.0,0.000,0.000,0.00,0.000,1.3,2.5,0.5,320,19,1.5,2.9,0.5,329,20,1.5,2.9,0.5,329,20,0,29.06,-0.0,0,0,0,40.3,42.6,45.3,0.24,0.28,0.19
OSCE,2019-11-08 17:35:00 EST,43.49915,-75.71175,1093,22.8,23.4,22.8,71.5,15.0,0.000,0.000,0.00,0.000,0.3,0.9,0.3,346,7,0.4,1.5,0.5,1,9,0.4,1.5,0.5,1,9,0,29.06,0.0,0,0,0,40.3,42.6,45.3,0.24,0.28,0.19
OSCE,2019-11-08 17:40:00 EST,43.49915,-75.71175,1093,22.5,23.2,22.5,72.4,15.0,0.000,0.000,0.00,0.000,0.0,0.0,0.0,0,0,0.2,1.2,0.4,2,4,0.2,1.2,0.4,2,4,0,29.06,-0.0,0,0,0,40.3,42.6,45.3,0.23,0.28,0.19
OSCE,2019-11-08 17:45:00 EST,43.49915,-75.71175,1093,21.8,23.0,21.8,73.8,14.8,0.000,0.000,0.00,0.000,0.0,0.0,0.0,0,0,0.4,1.2,0.4,358,16,0.4,1.2,0.4,358,16,0,29.06,0.0,0,0,0,40.3,42.6,45.3,0.23,0.28,0.19
OSCE,2019-11-08 17:50:00 EST,43.49915,-75.71175,1093,21.5,22.8,21.5,75.0,14.8,0.000,0.000,0.00,0.000,0.0,0.0,0.0,0,0,0.3,1.0,0.4,35,7,0.3,1.0,0.4,35,7,0,29.06,0.0,0,0,0,40.3,42.6,45.3,0.23,0.28,0.19
OSCE,2019-11-08 17:55:00 EST,43.49915,-75.71175,1093,21.2,22.4,21.2,76.1,14.9,0.000,0.000,0.00,0.000,0.6,1.3,0.5,38,8,0.9,1.6,0.5,49,11,0.9,1.6,0.5,49,11,0,29.06,-0.0,0,0,0,40.3,42.6,45.3,0.23,0.28,0.19
OSCE,2019-11-08 18:00:00 EST,43.49915,-75.71175,1093,21.0,22.2,21.0,76.8,14.8,0.000,0.000,0.00,0.000,0.8,1.0,0.2,41,0,1.0,1.3,0.3,60,13,1.0,1.3,0.3,60,13,0,29.07,-0.0,0,0,0,40.3,42.6,45.3,0.24,0.28,0.19
OSCE,2019-11-08 18:05:00 EST,43.49915,-75.71175,1093,20.8,21.8,20.8,77.6,14.9,0.000,0.000,0.00,0.000,0.0,0.4,0.1,42,0,0.5,1.2,0.5,99,7,0.5,1.2,0.5,99,7,0,29.07,-0.0,0,0,0,40.3,42.6,45.3,0.24,0.28,0.19
OSCE,2019-11-08 18:10:00 EST,43.49915,-75.71175,1093,20.4,21.4,20.4,78.8,14.8,0.000,0.000,0.00,0.000,0.0,0.0,0.0,0,0,0.1,0.9,0.3,223,12,0.1,0.9,0.3,223,12,0,29.07,0.0,0,0,0,40.3,42.6,45.3,0.24,0.28,0.19
OSCE,2019-11-08 18:15:00 EST,43.49915,-75.71175,1093,20.3,21.2,20.3,80.1,15.1,0.000,0.000,0.00,0.000,0.0,0.0,0.0,0,0,0.1,0.9,0.2,7,1,0.1,0.9,0.2,7,1,0,29.07,0.0,0,0,0,40.2,42.6,45.3,0.24,0.28,0.19
OSCE,2019-11-08 18:20:00 EST,43.49915,-75.71175,1093,19.8,21.0,19.8,81.3,15.0,0.000,0.000,0.00,0.000,0.5,1.2,0.5,19,2,1.1,1.6,0.2,22,8,1.1,1.6,0.2,22,8,0,29.07,0.0,0,0,0,40.2,42.6,45.3,0.24,0.28,0.19
OSCE,2019-11-08 18:25:00 EST,43.49915,-75.71175,1093,19.9,20.9,19.9,82.4,15.4,0.000,0.000,0.00,0.000,0.8,1.2,0.1,26,5,1.0,1.5,0.2,34,11,1.0,1.5,0.2,34,11,0,29.07,0.0,0,0,0,40.1,42.6,45.3,0.24,0.28,0.19
OSCE,2019-11-08 18:30:00 EST,43.49915,-75.71175,1093,19.6,20.7,19.6,82.1,15.0,0.000,0.000,0.00,0.000,0.2,1.1,0.3,42,4,0.3,1.3,0.4,64,10,0.3,1.3,0.4,64,10,0,29.07,0.0,0,0,0,40.1,42.6,45.3,0.24,0.28,0.19
OSCE,2019-11-08 18:35:00 EST,43.49915,-75.71175,1093,19.4,20.3,19.4,82.3,14.9,0.000,0.000,0.00,0.000,0.0,0.0,0.0,0,0,0.8,1.2,0.4,117,11,0.8,1.2,0.4,117,11,0,29.07,0.0,0,0,0,40.1,42.6,45.3,0.24,0.28,0.19
OSCE,2019-11-08 18:40:00 EST,43.49915,-75.71175,1093,19.1,20.1,19.1,82.9,14.8,0.000,0.000,0.00,0.000,0.0,0.0,0.0,0,0,0.9,1.3,0.1,123,5,0.9,1.3,0.1,123,5,0,29.08,0.0,0,0,0,40.1,42.7,45.3,0.24,0.28,0.19
OSCE,2019-11-08 18:45:00 EST,43.49915,-75.71175,1093,18.7,19.8,18.7,84.0,14.7,0.000,0.000,0.00,0.000,0.1,0.8,0.2,93,0,0.8,1.3,0.4,103,15,0.8,1.3,0.4,103,15,0,29.08,0.1,0,0,0,40.1,42.6,45.3,0.24,0.28,0.19
OSCE,2019-11-08 18:50:00 EST,43.49915,-75.71175,1093,18.6,19.4,18.6,84.5,14.8,0.000,0.000,0.00,0.000,1.1,1.6,0.3,86,9,1.4,2.0,0.3,89,11,1.4,2.0,0.3,89,11,0,29.08,0.0,0,0,0,40.1,42.6,45.3,0.24,0.28,0.19
OSCE,2019-11-08 18:55:00 EST,43.49915,-75.71175,1093,18.3,19.2,18.3,84.3,14.4,0.000,0.000,0.00,0.000,0.9,1.6,0.5,74,7,1.1,1.8,0.5,83,18,1.1,1.8,0.5,83,18,0,29.08,0.1,0,0,0,40.0,42.6,45.3,0.24,0.28,0.19
OSCE,2019-11-08 19:00:00 EST,43.49915,-75.71175,1093,18.2,18.9,18.2,85.4,14.6,0.000,0.000,0.00,0.000,0.8,1.4,0.4,158,34,1.1,1.7,0.3,154,41,1.1,1.7,0.3,154,41,0,29.08,0.1,0,0,0,40.0,42.6,45.3,0.24,0.28,0.19
OSCE,2019-11-08 19:05:00 EST,43.49915,-75.71175,1093,18.2,18.9,18.2,86.3,14.8,0.000,0.000,0.00,0.000,0.2,1.0,0.3,82,0,0.2,1.3,0.4,76,9,0.2,1.3,0.4,76,9,0,29.08,0.1,0,0,0,39.9,42.6,45.3,0.24,0.28,0.19
OSCE,2019-11-08 19:10:00 EST,43.49915,-75.71175,1093,17.7,18.7,17.7,86.4,14.3,0.000,0.000,0.00,0.000,0.6,1.6,0.6,112,11,0.8,1.8,0.6,116,15,0.8,1.8,0.6,116,15,0,29.08,0.1,0,0,0,39.9,42.6,45.3,0.24,0.28,0.19
OSCE,2019-11-08 19:15:00 EST,43.49915,-75.71175,1093,17.5,18.1,17.5,86.8,14.2,0.000,0.000,0.00,0.000,1.3,2.0,0.4,133,13,1.6,2.2,0.2,137,16,1.6,2.2,0.2,137,16,0,29.08,0.1,0,0,0,39.9,42.6,45.3,0.24,0.28,0.19
OSCE,2019-11-08 19:20:00 EST,43.49915,-75.71175,1093,17.5,18.3,17.5,88.1,14.6,0.000,0.000,0.00,0.000,1.7,2.4,0.3,124,29,1.8,2.6,0.3,128,29,1.8,2.6,0.3,128,29,0,29.08,0.0,0,0,0,39.9,42.6,45.3,0.24,0.28,0.19
OSCE,2019-11-08 19:25:00 EST,43.49915,-75.71175,1093,17.5,18.1,17.5,88.3,14.6,0.000,0.000,0.00,0.000,1.3,2.8,0.6,148,50,1.5,3.2,0.6,144,51,1.5,3.2,0.6,144,51,0,29.08,0.1,0,0,0,39.9,42.6,45.3,0.24,0.28,0.19
OSCE,2019-11-08 19:30:00 EST,43.49915,-75.71175,1093,17.8,18.3,17.8,88.0,14.9,0.000,0.000,0.00,0.000,2.5,3.7,0.7,70,9,2.9,4.3,0.9,74,10,2.9,4.3,0.9,74,10,0,29.08,0.0,0,0,0,39.8,42.6,45.3,0.24,0.28,0.19
OSCE,2019-11-08 19:35:00 EST,43.49915,-75.71175,1093,17.4,18.2,17.4,87.7,14.4,0.000,0.000,0.00,0.000,1.3,2.0,0.3,81,17,1.4,2.3,0.4,85,19,1.4,2.3,0.4,85,19,0,29.08,0.1,0,0,0,39.7,42.6,45.3,0.24,0.28,0.19
OSCE,2019-11-08 19:40:00 EST,43.49915,-75.71175,1093,17.3,18.0,17.3,88.5,14.5,0.000,0.000,0.00,0.000,1.3,1.9,0.3,110,18,1.5,2.2,0.3,115,21,1.5,2.2,0.3,115,21,0,29.08,0.0,0,0,0,39.7,42.6,45.3,0.24,0.28,0.19
OSCE,2019-11-08 19:45:00 EST,43.49915,-75.71175,1093,16.9,17.5,16.9,88.8,14.2,0.000,0.000,0.00,0.000,1.1,1.4,0.2,134,6,1.2,1.6,0.2,141,7,1.2,1.6,0.2,141,7,0,29.08,0.1,0,0,0,39.7,42.6,45.3,0.24,0.28,0.19
OSCE,2019-11-08 19:50:00 EST,43.49915,-75.71175,1093,16.7,17.2,16.7,90.0,14.2,0.000,0.000,0.00,0.000,0.7,1.4,0.4,108,8,0.9,1.6,0.5,103,14,0.9,1.6,0.5,103,14,0,29.08,0.1,0,0,0,39.7,42.6,45.3,0.24,0.28,0.19
OSCE,2019-11-08 19:55:00 EST,43.49915,-75.71175,1093,16.6,17.2,16.6,90.3,14.2,0.000,0.000,0.00,0.000,1.0,1.3,0.2,98,1,1.2,1.6,0.2,102,13,1.2,1.6,0.2,102,13,0,29.08,0.1,0,0,0,39.7,42.6,45.3,0.24,0.28,0.19
OSCE,2019-11-08 20:00:00 EST,43.49915,-75.71175,1093,16.4,17.0,16.4,90.0,14.0,0.000,0.000,0.00,0.000,1.0,1.2,0.1,137,6,1.1,1.5,0.2,149,9,1.1,1.5,0.2,149,9,0,29.08,0.1,0,0,0,39.7,42.6,45.3,0.24,0.28,0.19
OSCE,2019-11-08 20:05:00 EST,43.49915,-75.71175,1093,16.1,16.6,16.1,90.9,14.0,0.000,0.000,0.00,0.000,0.7,1.5,0.6,157,7,0.9,2.0,0.7,163,11,0.9,2.0,0.7,163,11,0,29.08,0.1,0,0,0,39.6,42.6,45.3,0.24,0.28,0.19
OSCE,2019-11-08 20:10:00 EST,43.49915,-75.71175,1093,16.0,16.5,16.0,91.4,13.9,0.000,0.000,0.00,0.000,0.2,0.9,0.3,136,1,0.4,1.4,0.4,137,14,0.4,1.4,0.4,137,14,0,29.08,0.1,0,0,0,39.6,42.6,45.3,0.24,0.28,0.19
OSCE,2019-11-08 20:15:00 EST,43.49915,-75.71175,1093,15.8,16.7,15.8,92.4,14.0,0.000,0.000,0.00,0.000,0.3,1.1,0.4,93,0,0.6,1.4,0.5,92,11,0.6,1.4,0.5,92,11,0,29.08,0.1,0,0,0,39.6,42.6,45.2,0.24,0.28,0.19
OSCE,2019-11-08 20:20:00 EST,43.49915,-75.71175,1093,15.8,16.8,15.8,92.5,14.0,0.000,0.000,0.00,0.000,0.2,1.2,0.3,93,0,0.5,1.5,0.5,107,10,0.5,1.5,0.5,107,10,0,29.09,0.0,0,0,0,39.6,42.6,45.3,0.24,0.28,0.19
OSCE,2019-11-08 20:25:00 EST,43.49915,-75.71175,1093,15.8,16.8,15.8,92.6,14.0,0.000,0.000,0.00,0.000,0.3,1.3,0.5,90,5,1.1,2.0,0.4,89,14,1.1,2.0,0.4,89,14,0,29.09,0.1,0,0,0,39.6,42.6,45.2,0.24,0.28,0.19
OSCE,2019-11-08 20:30:00 EST,43.49915,-75.71175,1093,15.9,16.6,15.9,92.4,14.1,0.000,0.000,0.00,0.000,1.6,2.5,0.3,92,6,1.8,2.9,0.3,94,8,1.8,2.9,0.3,94,8,0,29.09,0.1,0,0,0,39.6,42.6,45.2,0.24,0.28,0.19
OSCE,2019-11-08 20:35:00 EST,43.49915,-75.71175,1093,15.9,16.5,15.9,92.1,14.0,0.000,0.000,0.00,0.000,1.4,2.6,0.5,119,11,1.5,3.0,0.4,124,13,1.5,3.0,0.4,124,13,0,29.09,0.2,0,0,0,39.5,42.6,45.3,0.24,0.28,0.19
OSCE,2019-11-08 20:40:00 EST,43.49915,-75.71175,1093,15.8,16.3,15.8,92.2,14.0,0.000,0.000,0.00,0.000,1.8,2.9,0.4,116,15,1.8,2.6,0.4,119,16,1.8,2.6,0.4,119,16,0,29.09,0.1,0,0,0,39.4,42.6,45.2,0.24,0.28,0.19
OSCE,2019-11-08 20:45:00 EST,43.49915,-75.71175,1093,15.6,16.2,15.6,92.2,13.7,0.000,0.000,0.00,0.000,1.5,2.2,0.3,105,15,1.6,2.6,0.4,109,18,1.6,2.6,0.4,109,18,0,29.09,0.1,0,0,0,39.4,42.6,45.2,0.24,0.28,0.19
OSCE,2019-11-08 20:50:00 EST,43.49915,-75.71175,1093,15.4,16.0,15.4,92.4,13.6,0.000,0.000,0.00,0.000,1.8,2.6,0.4,112,11,1.8,2.8,0.4,117,13,1.8,2.8,0.4,117,13,0,29.09,0.1,0,0,0,39.4,42.6,45.2,0.24,0.28,0.19
OSCE,2019-11-08 20:55:00 EST,43.49915,-75.71175,1093,15.3,15.9,15.3,92.9,13.6,0.000,0.000,0.00,0.000,1.6,2.7,0.4,109,17,1.8,2.6,0.4,115,18,1.8,2.6,0.4,115,18,0,29.09,0.1,0,0,0,39.4,42.6,45.1,0.24,0.28,0.19
OSCE,2019-11-08 21:00:00 EST,43.49915,-75.71175,1093,15.1,15.7,15.1,93.0,13.4,0.000,0.000,0.00,0.000,1.2,2.4,0.5,108,15,1.4,2.6,0.5,113,17,1.4,2.6,0.5,113,17,0,29.09,0.1,0,0,0,39.4,42.6,45.1,0.24,0.28,0.19
OSCE,2019-11-08 21:05:00 EST,43.49915,-75.71175,1093,15.4,15.8,15.4,93.6,13.9,0.000,0.000,0.00,0.000,1.4,2.6,0.4,92,13,1.5,3.0,0.4,97,16,1.5,3.0,0.4,97,16,0,29.09,0.1,0,0,0,39.4,42.6,45.2,0.24,0.28,0.19
OSCE,2019-11-08 21:10:00 EST,43.49915,-75.71175,1093,15.8,15.9,15.8,93.9,14.3,0.000,0.000,0.00,0.000,1.0,1.9,0.3,94,17,1.2,2.1,0.4,100,20,1.2,2.1,0.4,100,20,0,29.09,0.2,0,0,0,39.3,42.6,45.1,0.24,0.28,0.19
OSCE,2019-11-08 21:15:00 EST,43.49915,-75.71175,1093,16.3,16.3,16.3,93.8,14.9,0.000,0.000,0.00,0.000,0.9,1.9,0.5,92,16,1.2,2.3,0.6,95,17,1.2,2.3,0.6,95,17,0,29.09,0.2,0,0,0,39.2,42.6,45.1,0.24,0.28,0.19
OSCE,2019-11-08 21:20:00 EST,43.49915,-75.71175,1093,16.7,16.6,16.7,93.3,15.1,0.000,0.000,0.00,0.000,0.8,1.8,0.6,110,18,1.1,2.0,0.5,125,31,1.1,2.0,0.5,125,31,0,29.09,0.2,0,0,0,39.2,42.6,45.1,0.24,0.28,0.19
OSCE,2019-11-08 21:25:00 EST,43.49915,-75.71175,1093,17.2,16.9,17.2,93.0,15.5,0.000,0.000,0.00,0.000,0.4,1.5,0.5,141,5,0.6,1.9,0.6,157,14,0.6,1.9,0.6,157,14,0,29.09,0.2,0,0,0,39.2,42.6,45.1,0.24,0.28,0.19
OSCE,2019-11-08 21:30:00 EST,43.49915,-75.71175,1093,17.4,17.2,17.4,92.5,15.6,0.000,0.000,0.00,0.000,0.2,0.9,0.3,110,0,0.6,1.4,0.5,96,11,0.6,1.4,0.5,96,11,0,29.09,0.2,0,0,0,39.2,42.5,45.1,0.24,0.28,0.19
OSCE,2019-11-08 21:35:00 EST,43.49915,-75.71175,1093,17.7,17.6,17.7,91.7,15.7,0.000,0.000,0.00,0.000,0.7,1.5,0.5,108,23,1.0,1.8,0.5,113,30,1.0,1.8,0.5,113,30,0,29.09,0.2,0,0,0,39.2,42.4,45.1,0.24,0.28,0.19
OSCE,2019-11-08 21:40:00 EST,43.49915,-75.71175,1093,17.8,17.7,17.8,91.7,15.8,0.000,0.000,0.00,0.000,0.8,1.7,0.6,190,10,1.2,1.9,0.4,199,14,1.2,1.9,0.4,199,14,0,29.09,0.2,0,0,0,39.2,42.4,45.1,0.24,0.28,0.19
OSCE,2019-11-08 21:45:00 EST,43.49915,-75.71175,1093,18.0,17.8,18.0,91.6,16.0,0.000,0.000,0.00,0.000,0.7,1.6,0.6,151,17,1.1,2.1,0.6,159,26,1.1,2.1,0.6,159,26,0,29.09,0.1,0,0,0,39.2,42.4,45.1,0.24,0.28,0.19
OSCE,2019-11-08 21:50:00 EST,43.49915,-75.71175,1093,18.1,18.1,18.1,91.2,16.0,0.000,0.000,0.00,0.000,0.5,1.5,0.4,110,13,0.9,1.7,0.5,119,22,0.9,1.7,0.5,119,22,0,29.09,0.1,0,0,0,39.2,42.4,45.1,0.24,0.28,0.19
OSCE,2019-11-08 21:55:00 EST,43.49915,-75.71175,1093,18.1,18.0,18.1,90.9,15.9,0.000,0.000,0.00,0.000,0.8,1.3,0.2,152,26,1.0,1.6,0.2,167,29,1.0,1.6,0.2,167,29,0,29.09,0.1,0,0,0,39.2,42.4,45.1,0.24,0.28,0.19
OSCE,2019-11-08 22:00:00 EST,43.49915,-75.71175,1093,18.0,18.0,18.0,91.2,15.9,0.000,0.000,0.00,0.000,0.5,1.2,0.5,151,3,0.9,1.4,0.4,167,19,0.9,1.4,0.4,167,19,0,29.09,0.1,0,0,0,39.2,42.4,45.1,0.24,0.28,0.19
OSCE,2019-11-08 22:05:00 EST,43.49915,-75.71175,1093,18.0,18.0,18.0,91.3,15.9,0.000,0.000,0.00,0.000,0.8,1.3,0.2,134,5,0.8,1.4,0.4,137,11,0.8,1.4,0.4,137,11,0,29.09,0.1,0,0,0,39.2,42.4,45.1,0.24,0.28,0.19
OSCE,2019-11-08 22:10:00 EST,43.49915,-75.71175,1093,17.9,18.1,17.9,91.4,15.8,0.000,0.000,0.00,0.000,1.0,1.8,0.4,122,6,1.2,1.8,0.4,132,11,1.2,1.8,0.4,132,11,0,29.08,0.2,0,0,0,39.2,42.4,45.1,0.24,0.28,0.19
OSCE,2019-11-08 22:15:00 EST,43.49915,-75.71175,1093,17.8,18.0,17.8,91.7,15.8,0.000,0.000,0.00,0.000,1.3,2.0,0.2,137,12,1.5,1.8,0.2,146,16,1.5,1.8,0.2,146,16,0,29.08,0.1,0,0,0,39.2,42.4,45.1,0.24,0.28,0.19
OSCE,2019-11-08 22:20:00 EST,43.49915,-75.71175,1093,17.6,17.9,17.6,91.9,15.7,0.000,0.000,0.00,0.000,0.9,2.0,0.6,106,12,1.0,2.2,0.6,108,16,1.0,2.2,0.6,108,16,0,29.08,0.1,0,0,0,39.2,42.4,45.1,0.24,0.28,0.19
OSCE,2019-11-08 22:25:00 EST,43.49915,-75.71175,1093,17.6,18.0,17.6,92.2,15.7,0.000,0.000,0.00,0.000,1.0,1.8,0.5,103,12,1.1,2.1,0.6,108,18,1.1,2.1,0.6,108,18,0,29.08,0.1,0,0,0,39.1,42.4,45.1,0.24,0.28,0.19
OSCE,2019-11-08 22:30:00 EST,43.49915,-75.71175,1093,17.5,17.9,17.5,92.2,15.6,0.000,0.000,0.00,0.000,1.3,2.3,0.6,108,10,1.5,3.1,0.6,113,15,1.5,3.1,0.6,113,15,0,29.08,0.1,0,0,0,39.0,42.4,45.1,0.24,0.28,0.19
OSCE,2019-11-08 22:35:00 EST,43.49915,-75.71175,1093,17.6,18.2,17.6,92.8,15.8,0.000,0.000,0.00,0.000,1.7,2.7,0.6,91,8,1.9,2.8,0.5,93,9,1.9,2.8,0.5,93,9,0,29.08,0.1,0,0,0,39.0,42.4,45.1,0.24,0.28,0.19
OSCE,2019-11-08 22:40:00 EST,43.49915,-75.71175,1093,17.8,18.3,17.8,93.1,16.1,0.000,0.000,0.00,0.000,0.7,1.2,0.4,87,11,1.0,1.8,0.5,98,32,1.0,1.8,0.5,98,32,0,29.08,0.1,0,0,0,39.0,42.4,45.1,0.24,0.28,0.19
OSCE,2019-11-08 22:45:00 EST,43.49915,-75.71175,1093,17.9,18.3,17.9,93.1,16.3,0.000,0.000,0.00,0.000,0.5,1.5,0.6,210,2,0.6,1.6,0.6,218,7,0.6,1.6,0.6,218,7,0,29.08,0.2,0,0,0,39.0,42.4,45.1,0.24,0.28,0.19
OSCE,2019-11-08 22:50:00 EST,43.49915,-75.71175,1093,18.2,18.3,18.2,93.4,16.6,0.000,0.000,0.00,0.000,0.5,1.4,0.6,212,0,0.6,1.6,0.6,222,14,0.6,1.6,0.6,222,14,0,29.08,0.2,0,0,0,39.0,42.4,45.1,0.24,0.28,0.19
OSCE,2019-11-08 22:55:00 EST,43.49915,-75.71175,1093,18.7,18.7,18.7,93.8,17.2,0.000,0.000,0.00,0.000,0.0,0.0,0.0,0,0,0.2,1.1,0.4,4,7,0.2,1.1,0.4,4,7,0,29.08,0.1,0,0,0,39.0,42.4,45.1,0.24,0.28,0.19
OSCE,2019-11-08 23:00:00 EST,43.49915,-75.71175,1093,19.1,19.0,19.1,94.2,17.7,0.000,0.000,0.00,0.000,0.0,0.0,0.0,0,0,0.3,1.0,0.4,278,14,0.3,1.0,0.4,278,14,0,29.08,0.2,0,0,0,39.0,42.4,45.1,0.24,0.28,0.19
OSCE,2019-11-08 23:05:00 EST,43.49915,-75.71175,1093,19.3,19.1,19.3,94.0,17.8,0.000,0.000,0.00,0.000,0.0,0.0,0.0,0,0,0.4,1.3,0.4,124,19,0.4,1.3,0.4,124,19,0,29.08,0.2,0,0,0,38.9,42.4,45.1,0.24,0.28,0.19
OSCE,2019-11-08 23:10:00 EST,43.49915,-75.71175,1093,19.5,19.3,19.5,93.5,18.0,0.000,0.000,0.00,0.000,0.5,1.1,0.4,212,0,0.8,1.5,0.4,213,21,0.8,1.5,0.4,213,21,0,29.08,0.1,0,0,0,38.9,42.4,45.1,0.24,0.28,0.19
OSCE,2019-11-08 23:15:00 EST,43.49915,-75.71175,1093,19.8,19.7,19.8,93.6,18.2,0.000,0.000,0.00,0.000,0.9,1.8,0.7,47,15,1.5,2.2,0.3,68,35,1.5,2.2,0.3,68,35,0,29.08,0.2,0,0,0,38.8,42.4,45.1,0.24,0.28,0.19
OSCE,2019-11-08 23:20:00 EST,43.49915,-75.71175,1093,20.2,20.3,20.2,93.2,18.5,0.000,0.000,0.00,0.000,0.4,1.2,0.4,50,1,0.6,1.5,0.5,58,9,0.6,1.5,0.5,58,9,0,29.08,0.2,0,0,0,38.8,42.4,45.1,0.24,0.28,0.19
OSCE,2019-11-08 23:25:00 EST,43.49915,-75.71175,1093,20.5,20.7,20.5,93.5,19.0,0.000,0.000,0.00,0.000,1.1,1.5,0.3,75,9,1.4,1.9,0.2,80,8,1.4,1.9,0.2,80,8,0,29.08,0.1,0,0,0,38.8,42.4,45.1,0.24,0.28,0.19
OSCE,2019-11-08 23:30:00 EST,43.49915,-75.71175,1093,21.0,21.1,21.0,93.7,19.5,0.000,0.000,0.00,0.000,0.5,1.5,0.5,84,0,0.9,1.8,0.5,89,10,0.9,1.8,0.5,89,10,0,29.08,0.2,0,0,0,38.8,42.4,45.1,0.24,0.28,0.19
OSCE,2019-11-08 23:35:00 EST,43.49915,-75.71175,1093,21.2,21.4,21.2,93.5,19.6,0.000,0.000,0.00,0.000,2.2,3.1,0.5,100,5,2.4,3.4,0.5,103,6,2.4,3.4,0.5,103,6,0,29.08,0.2,0,0,0,38.8,42.3,45.1,0.24,0.28,0.19
OSCE,2019-11-08 23:40:00 EST,43.49915,-75.71175,1093,21.7,21.8,21.7,94.3,20.3,0.000,0.000,0.00,0.000,0.9,1.6,0.4,104,8,1.2,1.9,0.4,102,13,1.2,1.9,0.4,102,13,0,29.08,0.1,0,0,0,38.8,42.3,45.1,0.24,0.28,0.19
OSCE,2019-11-08 23:45:00 EST,43.49915,-75.71175,1093,21.9,21.9,21.9,94.6,20.6,0.000,0.000,0.00,0.000,0.2,1.3,0.3,128,19,0.6,1.6,0.5,154,28,0.6,1.6,0.5,154,28,0,29.08,0.2,0,0,0,38.8,42.3,45.1,0.24,0.28,0.19
OSCE,2019-11-08 23:50:00 EST,43.49915,-75.71175,1093,22.0,22.0,22.0,95.0,20.8,0.000,0.000,0.00,0.000,0.1,0.5,0.2,157,7,0.5,1.2,0.4,130,28,0.5,1.2,0.4,130,28,0,29.08,0.2,0,0,0,38.8,42.3,45.1,0.24,0.28,0.19
OSCE,2019-11-08 23:55:00 EST,43.49915,-75.71175,1093,22.0,21.8,22.0,94.4,20.7,0.000,0.000,0.00,0.000,0.9,1.5,0.2,131,11,1.0,1.9,0.3,136,16,1.0,1.9,0.3,136,16,0,29.07,0.2,0,0,0,38.8,42.3,45.1,0.24,0.28,0.19
OSWE,2019-11-08 00:00:00 EST,43.44318,-76.55323,308,30.4,30.3,23.9,79.1,24.7,0.000,0.214,0.00,0.000,6.2,9.4,1.3,86,12,6.6,11.3,1.4,84,11,6.6,11.3,1.4,84,11,0,29.79,-0.1,0,0,0,45.1,48.4,49.8,0.42,0.25,0.33
OSWE,2019-11-08 00:05:00 EST,43.44318,-76.55323,308,30.4,30.3,23.3,78.8,24.6,0.000,0.000,0.00,0.000,6.8,10.3,1.5,78,12,7.3,10.4,1.6,76,11,7.3,10.4,1.6,76,11,0,29.79,-0.1,0,0,0,45.1,48.4,49.7,0.42,0.25,0.33
OSWE,2019-11-08 00:10:00 EST,43.44318,-76.55323,308,30.2,30.1,24.0,79.7,24.7,0.000,0.000,0.00,0.000,5.7,10.4,2.0,97,14,6.1,10.8,2.1,95,12,6.1,10.8,2.1,95,12,0,29.78,-0.1,0,0,0,45.1,48.4,49.7,0.42,0.25,0.33
OSWE,2019-11-08 00:15:00 EST,43.44318,-76.55323,308,30.1,30.0,24.5,79.7,24.6,0.000,0.000,0.00,0.000,4.9,9.2,1.5,109,21,5.4,9.8,1.4,108,20,5.4,9.8,1.4,108,20,0,29.78,-0.1,0,0,0,45.0,48.4,49.6,0.41,0.25,0.33
OSWE,2019-11-08 00:20:00 EST,43.44318,-76.55323,308,30.0,29.9,26.7,81.2,25.0,0.000,0.000,0.00,0.000,3.2,9.2,1.6,140,24,3.3,9.7,1.6,140,24,3.3,9.7,1.6,140,24,0,29.78,-0.1,0,0,0,45.0,48.4,49.7,0.42,0.25,0.33
OSWE,2019-11-08 00:25:00 EST,43.44318,-76.55323,308,30.0,29.8,25.8,81.8,25.1,0.000,0.000,0.00,0.000,3.6,6.8,1.5,96,19,4.0,7.3,1.5,94,20,4.0,7.3,1.5,94,20,0,29.78,-0.1,0,0,0,45.0,48.4,49.6,0.41,0.25,0.32
OSWE,2019-11-08 00:30:00 EST,43.44318,-76.55323,308,29.8,29.7,23.7,83.6,25.5,0.016,0.016,0.26,0.016,5.7,9.2,1.4,47,15,6.0,9.1,1.3,45,14,6.0,9.1,1.3,45,14,0,29.79,-0.2,0,0,0,45.0,48.4,49.7,0.41,0.25,0.33
OSWE,2019-11-08 00:35:00 EST,43.44318,-76.55323,308,29.4,29.2,21.6,87.1,26.1,0.006,0.022,0.00,0.022,7.8,10.2,1.2,66,11,8.1,11.0,1.3,65,11,8.1,11.0,1.3,65,11,0,29.79,-0.2,0,0,0,45.0,48.4,49.6,0.41,0.25,0.33
OSWE,2019-11-08 00:40:00 EST,43.44318,-76.55323,308,29.0,28.7,21.1,91.0,26.7,0.006,0.028,0.00,0.028,7.5,10.5,1.4,79,12,8.0,13.5,1.8,78,12,8.0,13.5,1.8,78,12,0,29.79,-0.2,0,0,0,44.9,48.4,49.7,0.41,0.25,0.33
OSWE,2019-11-08 00:45:00 EST,43.44318,-76.55323,308,28.6,28.3,20.8,93.7,27.0,0.000,0.028,0.00,0.028,7.3,10.8,1.4,75,13,7.8,12.5,1.7,75,13,7.8,12.5,1.7,75,13,0,29.79,-0.1,0,0,0,45.0,48.4,49.6,0.42,0.25,0.33
OSWE,2019-11-08 00:50:00 EST,43.44318,-76.55323,308,28.4,28.1,22.9,95.1,27.2,0.011,0.039,0.00,0.039,4.5,7.0,1.0,72,14,5.0,7.6,1.1,70,13,5.0,7.6,1.1,70,13,0,29.79,-0.1,0,0,0,45.0,48.4,49.7,0.41,0.25,0.33
OSWE,2019-11-08 00:55:00 EST,43.44318,-76.55323,308,28.4,28.2,22.4,95.9,27.4,0.007,0.046,0.00,0.046,4.8,7.4,1.0,65,19,5.4,8.6,1.1,64,17,5.4,8.6,1.1,64,17,0,29.80,-0.1,0,0,0,45.0,48.4,49.7,0.42,0.25,0.33
OSWE,2019-11-08 01:00:00 EST,43.44318,-76.55323,308,28.4,28.1,22.5,96.3,27.4,0.002,0.048,0.00,0.048,4.9,9.3,1.3,65,12,5.3,9.8,1.3,63,11,5.3,9.8,1.3,63,11,0,29.79,-0.3,0,0,0,45.0,48.4,49.7,0.42,0.25,0.33
OSWE,2019-11-08 01:05:00 EST,43.44318,-76.55323,308,28.2,28.0,20.9,96.6,27.4,0.015,0.063,0.00,0.063,6.6,9.1,1.5,67,12,7.1,10.1,1.4,65,13,7.1,10.1,1.4,65,13,0,29.79,-0.3,0,0,0,45.0,48.4,49.7,0.42,0.25,0.33
OSWE,2019-11-08 01:10:00 EST,43.44318,-76.55323,308,28.0,27.8,20.1,96.5,27.1,0.010,0.074,0.00,0.074,7.4,11.2,1.7,63,16,7.8,11.8,1.9,63,16,7.8,11.8,1.9,63,16,0,29.79,-0.3,0,0,0,45.0,48.4,49.7,0.41,0.25,0.33
OSWE,2019-11-08 01:15:00 EST,43.44318,-76.55323,308,27.8,27.6,19.5,96.6,27.0,0.004,0.078,0.00,0.078,8.0,11.4,1.5,65,13,8.4,13.0,1.8,64,13,8.4,13.0,1.8,64,13,0,29.80,-0.6,0,0,0,45.0,48.4,49.7,0.42,0.25,0.33
OSWE,2019-11-08 01:20:00 EST,43.44318,-76.55323,308,27.5,27.2,19.8,96.6,26.6,0.009,0.087,0.00,0.087,6.8,11.5,1.3,62,14,7.4,12.4,1.5,60,14,7.4,12.4,1.5,60,14,0,29.80,-0.5,0,0,0,45.0,48.4,49.6,0.41,0.25,0.33
OSWE,2019-11-08 01:25:00 EST,43.44318,-76.55323,308,27.2,27.0,19.3,96.5,26.4,0.003,0.090,0.00,0.090,7.2,12.2,1.7,73,12,7.6,12.4,1.8,71,12,7.6,12.4,1.8,71,12,0,29.80,-0.4,0,0,0,45.0,48.4,49.6,0.41,0.25,0.33
OSWE,2019-11-08 01:30:00 EST,43.44318,-76.55323,308,27.1,26.9,19.1,96.4,26.2,0.001,0.091,0.00,0.075,7.1,10.2,1.4,71,13,7.6,11.3,1.6,68,12,7.6,11.3,1.6,68,12,0,29.80,0.0,0,0,0,45.0,48.4,49.6,0.42,0.25,0.33
OSWE,2019-11-08 01:35:00 EST,43.44318,-76.55323,308,26.9,26.7,19.3,96.3,26.0,0.000,0.091,0.00,0.069,6.5,10.1,1.6,76,14,7.1,11.3,1.8,74,14,7.1,11.3,1.8,74,14,0,29.80,-0.5,0,0,0,45.0,48.4,49.6,0.42,0.25,0.33
OSWE,2019-11-08 01:40:00 EST,43.44318,-76.55323,308,26.7,26.5,18.5,95.6,25.6,0.000,0.091,0.00,0.063,7.1,13.4,2.0,71,12,7.7,14.3,2.2,70,11,7.7,14.3,2.2,70,11,0,29.80,-0.4,0,0,0,44.9,48.4,49.6,0.41,0.25,0.33
OSWE,2019-11-08 01:45:00 EST,43.44318,-76.55323,308,26.4,26.3,18.4,94.8,25.1,0.000,0.091,0.00,0.063,7.0,10.7,1.5,87,14,7.4,11.5,1.6,86,13,7.4,11.5,1.6,86,13,0,29.80,-0.4,0,0,0,44.9,48.4,49.6,0.41,0.25,0.33
OSWE,2019-11-08 01:50:00 EST,43.44318,-76.55323,308,26.2,26.1,19.3,93.8,24.7,0.000,0.091,0.00,0.052,5.4,8.3,1.2,76,15,6.0,9.9,1.4,76,13,6.0,9.9,1.4,76,13,0,29.81,-0.4,0,0,0,44.8,48.4,49.6,0.41,0.25,0.33
OSWE,2019-11-08 01:55:00 EST,43.44318,-76.55323,308,26.1,26.0,19.2,93.4,24.5,0.000,0.091,0.00,0.044,5.7,8.3,1.2,86,11,6.0,9.0,1.2,84,11,6.0,9.0,1.2,84,11,0,29.81,0.1,0,0,0,44.8,48.4,49.6,0.42,0.25,0.33
OSWE,2019-11-08 02:00:00 EST,43.44318,-76.55323,308,26.1,25.9,19.4,93.2,24.4,0.000,0.091,0.00,0.043,5.4,8.0,1.4,83,12,5.8,9.3,1.6,81,12,5.8,9.3,1.6,81,12,0,29.81,0.1,0,0,0,44.8,48.4,49.6,0.41,0.25,0.33
OSWE,2019-11-08 02:05:00 EST,43.44318,-76.55323,308,26.0,25.9,18.3,92.9,24.2,0.000,0.091,0.00,0.028,6.6,9.8,1.3,92,11,6.9,10.8,1.4,92,11,6.9,10.8,1.4,92,11,0,29.80,-0.0,0,0,0,44.7,48.4,49.6,0.42,0.25,0.33
OSWE,2019-11-08 02:10:00 EST,43.44318,-76.55323,308,25.9,25.8,20.7,92.7,24.1,0.000,0.091,0.00,0.017,3.8,5.8,0.9,83,14,4.3,7.1,1.0,82,14,4.3,7.1,1.0,82,14,0,29.81,0.2,0,0,0,44.8,48.3,49.6,0.42,0.25,0.33
OSWE,2019-11-08 02:15:00 EST,43.44318,-76.55323,308,25.9,25.8,19.6,92.4,24.0,0.004,0.095,0.00,0.017,4.8,9.0,1.0,84,13,5.3,9.5,1.1,83,13,5.3,9.5,1.1,83,13,0,29.81,-0.2,0,0,0,44.8,48.3,49.6,0.42,0.25,0.33
OSWE,2019-11-08 02:20:00 EST,43.44318,-76.55323,308,25.9,25.7,18.2,91.5,23.8,0.002,0.098,0.00,0.011,6.4,9.4,1.1,75,8,6.9,9.9,1.3,73,7,6.9,9.9,1.3,73,7,0,29.80,-0.0,0,0,0,44.8,48.3,49.6,0.42,0.25,0.33
OSWE,2019-11-08 02:25:00 EST,43.44318,-76.55323,308,25.8,25.7,18.4,91.4,23.7,0.002,0.100,0.00,0.010,6.1,9.0,1.1,78,13,6.6,10.3,1.4,77,12,6.6,10.3,1.4,77,12,0,29.80,-0.2,0,0,0,44.7,48.3,49.6,0.41,0.25,0.33
OSWE,2019-11-08 02:30:00 EST,43.44318,-76.55323,308,25.8,25.6,20.0,91.8,23.7,0.000,0.100,0.00,0.009,4.4,8.5,1.5,80,16,4.8,10.3,1.6,78,15,4.8,10.3,1.6,78,15,0,29.80,-0.3,0,0,0,44.7,48.2,49.6,0.41,0.25,0.33
OSWE,2019-11-08 02:35:00 EST,43.44318,-76.55323,308,25.8,25.6,21.5,92.1,23.8,0.000,0.100,0.00,0.009,3.0,6.1,1.5,76,21,3.5,6.8,1.4,74,22,3.5,6.8,1.4,74,22,0,29.80,0.4,0,0,0,44.8,48.2,49.6,0.42,0.25,0.33
OSWE,2019-11-08 02:40:00 EST,43.44318,-76.55323,308,25.8,25.7,20.0,91.7,23.7,0.000,0.100,0.00,0.009,4.4,6.4,0.8,89,13,4.7,7.2,0.9,87,13,4.7,7.2,0.9,87,13,0,29.80,,0,0,0,44.7,48.2,49.6,0.42,0.25,0.33
OSWE,2019-11-08 02:45:00 EST,43.44318,-76.55323,308,25.8,25.7,20.9,91.8,23.8,0.000,0.100,0.00,0.009,3.8,5.0,0.6,109,9,4.0,5.5,0.7,108,8,4.0,5.5,0.7,108,8,0,29.80,0.5,0,0,0,44.7,48.2,49.6,0.41,0.25,0.33
OSWE,2019-11-08 02:50:00 EST,43.44318,-76.55323,308,25.8,25.6,21.0,92.3,23.9,0.000,0.100,0.00,0.009,3.7,5.5,0.7,110,11,3.9,6.1,0.8,109,12,3.9,6.1,0.8,109,12,0,29.80,0.6,0,0,0,44.7,48.2,49.6,0.41,0.25,0.33
OSWE,2019-11-08 02:55:00 EST,43.44318,-76.55323,308,25.8,25.6,22.0,92.1,23.9,0.000,0.100,0.00,0.009,3.0,4.9,1.1,149,16,3.2,5.2,1.1,147,19,3.2,5.2,1.1,147,19,0,29.80,0.5,0,0,0,44.8,48.2,49.6,0.42,0.25,0.33
OSWE,2019-11-08 03:00:00 EST,43.44318,-76.55323,308,25.9,25.6,25.9,91.8,23.8,0.000,0.100,0.00,0.009,1.8,5.2,1.6,191,7,2.0,5.7,1.7,193,22,2.0,5.7,1.7,193,22,0,29.81,0.5,0,0,0,44.8,48.2,49.6,0.42,0.25,0.33
OSWE,2019-11-08 03:05:00 EST,43.44318,-76.55323,308,25.8,25.6,25.8,92.1,23.9,0.000,0.100,0.00,0.009,1.8,3.9,1.1,177,18,2.2,4.3,1.0,177,23,2.2,4.3,1.0,177,23,0,29.80,0.5,0,0,0,44.7,48.2,49.5,0.41,0.25,0.33
OSWE,2019-11-08 03:10:00 EST,43.44318,-76.55323,308,25.8,25.6,25.8,92.3,23.9,0.000,0.100,0.00,0.009,1.8,3.1,0.7,164,21,2.1,3.7,0.5,166,22,2.1,3.7,0.5,166,22,0,29.80,0.5,0,0,0,44.8,48.2,49.5,0.41,0.25,0.33
OSWE,2019-11-08 03:15:00 EST,43.44318,-76.55323,308,25.9,25.6,25.9,92.2,23.9,0.000,0.100,0.00,0.005,1.8,3.8,0.9,180,25,2.3,4.2,0.9,179,25,2.3,4.2,0.9,179,25,0,29.80,0.4,0,0,0,44.8,48.2,49.5,0.41,0.25,0.33
OSWE,2019-11-08 03:20:00 EST,43.44318,-76.55323,308,25.8,25.6,22.3,92.6,24.0,0.000,0.100,0.00,0.002,3.0,5.3,0.7,151,16,3.0,5.5,0.8,149,17,3.0,5.5,0.8,149,17,0,29.80,0.6,0,0,0,44.7,48.2,49.5,0.41,0.25,0.33
OSWE,2019-11-08 03:25:00 EST,43.44318,-76.55323,308,26.0,25.8,22.1,92.3,24.0,0.000,0.100,0.00,0.000,3.0,6.6,1.0,187,24,3.3,6.2,1.2,190,23,3.3,6.2,1.2,190,23,0,29.80,0.5,0,0,0,44.8,48.2,49.5,0.41,0.25,0.33
OSWE,2019-11-08 03:30:00 EST,43.44318,-76.55323,308,26.0,25.8,26.0,92.1,24.0,0.000,0.100,0.00,0.000,0.7,1.8,0.7,227,22,1.0,2.1,0.7,228,40,1.0,2.1,0.7,228,40,0,29.80,0.4,0,0,0,44.8,48.2,49.5,0.41,0.25,0.33
OSWE,2019-11-08 03:35:00 EST,43.44318,-76.55323,308,26.0,25.8,26.0,92.7,24.2,0.000,0.100,0.00,0.000,2.2,3.2,0.6,236,40,2.5,3.8,0.6,239,44,2.5,3.8,0.6,239,44,0,29.81,0.3,0,0,0,44.8,48.2,49.5,0.42,0.25,0.33
OSWE,2019-11-08 03:40:00 EST,43.44318,-76.55323,308,26.0,26.0,26.0,92.7,24.2,0.000,0.100,0.00,0.000,0.9,2.9,0.9,232,20,1.4,3.1,0.8,234,35,1.4,3.1,0.8,234,35,0,29.81,0.3,0,0,0,44.7,48.2,49.5,0.41,0.25,0.33
OSWE,2019-11-08 03:45:00 EST,43.44318,-76.55323,308,28.4,28.9,21.8,85.7,24.6,0.000,0.100,0.00,0.000,5.5,11.5,2.3,327,28,6.1,11.2,2.4,329,26,6.1,11.2,2.4,329,26,0,29.80,0.5,0,0,0,44.7,48.2,49.5,0.41,0.25,0.33
OSWE,2019-11-08 03:50:00 EST,43.44318,-76.55323,308,29.7,30.0,23.1,71.2,21.5,0.000,0.100,0.00,0.000,5.9,11.4,2.0,318,21,6.5,11.5,1.9,322,19,6.5,11.5,1.9,322,19,0,29.81,0.3,0,0,0,44.8,48.2,49.5,0.41,0.25,0.33
OSWE,2019-11-08 03:55:00 EST,43.44318,-76.55323,308,29.7,29.8,22.0,72.4,21.9,0.000,0.100,0.00,0.000,7.5,15.3,2.3,325,19,8.1,15.9,2.4,326,16,8.1,15.9,2.4,326,16,0,29.81,0.6,0,0,0,44.7,48.2,49.5,0.41,0.25,0.33
OSWE,2019-11-08 04:00:00 EST,43.44318,-76.55323,308,29.9,30.0,22.2,73.6,22.5,0.000,0.100,0.00,0.000,7.4,13.9,2.3,320,23,8.1,15.6,2.5,320,22,8.1,15.6,2.5,320,22,0,29.81,0.4,0,0,0,44.7,48.2,49.5,0.41,0.25,0.33
OSWE,2019-11-08 04:05:00 EST,43.44318,-76.55323,308,29.8,29.9,22.9,72.3,22.0,0.000,0.100,0.00,0.000,6.3,12.2,2.3,333,21,6.9,14.1,2.6,334,20,6.9,14.1,2.6,334,20,0,29.81,0.3,0,0,0,44.8,48.2,49.5,0.41,0.25,0.33
OSWE,2019-11-08 04:10:00 EST,43.44318,-76.55323,308,29.8,29.9,21.5,67.0,20.2,0.000,0.100,0.00,0.000,8.4,16.6,2.8,316,21,9.1,16.4,2.8,321,20,9.1,16.4,2.8,321,20,0,29.81,0.1,0,0,0,44.7,48.2,49.5,0.41,0.25,0.33
OSWE,2019-11-08 04:15:00 EST,43.44318,-76.55323,308,29.8,29.8,21.3,67.5,20.4,0.000,0.100,0.00,0.000,9.0,16.6,3.3,322,19,9.6,17.2,3.4,326,18,9.6,17.2,3.4,326,18,0,29.81,0.2,0,0,0,44.7,48.2,49.5,0.41,0.25,0.33
OSWE,2019-11-08 04:20:00 EST,43.44318,-76.55323,308,29.7,29.8,22.7,65.6,19.6,0.000,0.100,0.00,0.000,6.6,13.1,2.4,317,22,7.0,12.6,2.5,317,21,7.0,12.6,2.5,317,21,0,29.81,0.2,0,0,0,44.7,48.2,49.5,0.41,0.25,0.33
OSWE,2019-11-08 04:25:00 EST,43.44318,-76.55323,308,29.5,29.5,22.1,66.3,19.6,0.000,0.100,0.00,0.000,6.8,11.2,2.0,324,25,7.6,11.6,2.2,327,24,7.6,11.6,2.2,327,24,0,29.82,0.1,0,0,0,44.7,48.2,49.5,0.41,0.25,0.33
OSWE,2019-11-08 04:30:00 EST,43.44318,-76.55323,308,29.5,29.6,21.4,67.0,19.9,0.000,0.100,0.00,0.000,8.0,16.4,3.1,322,20,8.6,16.6,3.1,324,21,8.6,16.6,3.1,324,21,0,29.82,-0.0,0,0,0,44.8,48.2,49.5,0.41,0.25,0.33
OSWE,2019-11-08 04:35:00 EST,43.44318,-76.55323,308,29.3,29.4,20.7,65.8,19.3,0.000,0.100,0.00,0.000,8.8,14.3,2.8,335,19,9.5,16.0,3.0,338,18,9.5,16.0,3.0,338,18,0,29.82,0.2,0,0,0,44.7,48.1,49.5,0.41,0.25,0.33
OSWE,2019-11-08 04:40:00 EST,43.44318,-76.55323,308,29.2,29.3,20.1,65.8,19.2,0.000,0.100,0.00,0.000,9.6,14.8,2.9,314,21,10.2,18.3,3.1,316,18,10.2,18.3,3.1,316,18,0,29.82,0.0,0,0,0,44.7,48.1,49.5,0.41,0.25,0.33
OSWE,2019-11-08 04:45:00 EST,43.44318,-76.55323,308,29.0,29.0,20.9,63.7,18.2,0.000,0.100,0.00,0.000,7.7,15.5,3.1,316,21,8.4,15.9,3.1,320,22,8.4,15.9,3.1,320,22,0,29.82,0.1,0,0,0,44.7,48.2,49.5,0.41,0.25,0.33
OSWE,2019-11-08 04:50:00 EST,43.44318,-76.55323,308,28.8,28.8,20.2,62.9,17.7,0.000,0.100,0.00,0.000,8.2,18.4,3.3,313,23,9.2,19.7,3.4,314,22,9.2,19.7,3.4,314,22,0,29.82,-0.1,0,0,0,44.8,48.1,49.5,0.41,0.25,0.33
OSWE,2019-11-08 04:55:00 EST,43.44318,-76.55323,308,28.8,28.8,19.0,63.3,17.9,0.000,0.100,0.00,0.000,11.0,19.8,3.6,322,24,11.5,22.2,3.8,327,23,11.5,22.2,3.8,327,23,0,29.83,-0.1,0,0,0,44.8,48.0,49.5,0.41,0.25,0.33
OSWE,2019-11-08 05:00:00 EST,43.44318,-76.55323,308,28.5,28.6,19.3,62.7,17.5,0.000,0.100,0.00,0.000,9.2,15.6,2.4,330,22,10.3,18.5,2.7,332,20,10.3,18.5,2.7,332,20,0,29.83,-0.1,0,0,0,44.7,48.0,49.5,0.41,0.25,0.33
OSWE,2019-11-08 05:05:00 EST,43.44318,-76.55323,308,28.3,28.4,19.7,61.9,17.0,0.000,0.100,0.00,0.000,8.4,14.6,2.8,321,23,9.1,16.6,2.7,325,21,9.1,16.6,2.7,325,21,0,29.83,-0.1,0,0,0,44.7,48.0,49.5,0.42,0.25,0.33
OSWE,2019-11-08 05:10:00 EST,43.44318,-76.55323,308,28.3,28.3,19.1,62.2,17.0,0.000,0.100,0.00,0.000,9.2,16.3,2.6,336,18,10.1,16.9,2.9,338,16,10.1,16.9,2.9,338,16,0,29.83,-0.2,0,0,0,44.7,48.0,49.5,0.41,0.25,0.33
OSWE,2019-11-08 05:15:00 EST,43.44318,-76.55323,308,28.4,28.4,18.4,62.4,17.1,0.000,0.100,0.00,0.000,10.8,20.6,2.8,334,18,11.6,23.3,3.2,335,16,11.6,23.3,3.2,335,16,0,29.83,-0.1,0,0,0,44.7,48.0,49.5,0.41,0.25,0.33
OSWE,2019-11-08 05:20:00 EST,43.44318,-76.55323,308,28.5,28.5,19.3,64.2,17.9,0.000,0.100,0.00,0.000,9.4,16.1,2.9,334,22,10.1,17.5,3.2,336,22,10.1,17.5,3.2,336,22,0,29.83,-0.1,0,0,0,44.7,48.0,49.5,0.41,0.25,0.33
OSWE,2019-11-08 05:25:00 EST,43.44318,-76.55323,308,28.4,28.4,19.9,63.1,17.5,0.000,0.100,0.00,0.000,8.2,17.1,3.1,312,23,9.0,20.3,3.3,315,21,9.0,20.3,3.3,315,21,0,29.84,-0.1,0,0,0,44.7,48.0,49.4,0.41,0.25,0.33
OSWE,2019-11-08 05:30:00 EST,43.44318,-76.55323,308,28.3,28.3,18.9,61.7,16.8,0.000,0.100,0.00,0.000,10.0,17.7,2.9,324,24,10.5,17.7,3.1,326,22,10.5,17.7,3.1,326,22,0,29.84,-0.0,0,0,0,44.8,48.0,49.4,0.41,0.25,0.32
OSWE,2019-11-08 05:35:00 EST,43.44318,-76.55323,308,28.4,28.4,20.7,64.5,18.0,0.000,0.100,0.00,0.000,6.6,12.1,2.1,327,26,7.5,14.4,2.6,330,23,7.5,14.4,2.6,330,23,0,29.84,0.0,0,0,0,44.7,48.0,49.4,0.41,0.25,0.33
OSWE,2019-11-08 05:40:00 EST,43.44318,-76.55323,308,28.3,28.3,19.1,63.7,17.6,0.000,0.100,0.00,0.000,9.3,18.8,3.1,326,19,10.2,20.1,3.2,326,20,10.2,20.1,3.2,326,20,0,29.84,-0.2,0,0,0,44.7,48.0,49.4,0.41,0.25,0.33
OSWE,2019-11-08 05:45:00 EST,43.44318,-76.55323,308,28.2,28.1,18.8,63.3,17.3,0.000,0.100,0.00,0.000,10.1,18.1,2.9,325,23,10.3,18.9,3.0,327,22,10.3,18.9,3.0,327,22,0,29.84,-0.2,0,0,0,44.7,48.0,49.4,0.41,0.25,0.33
OSWE,2019-11-08 05:50:00 EST,43.44318,-76.55323,308,28.1,28.0,18.5,61.5,16.5,0.000,0.100,0.00,0.000,10.2,21.0,3.4,324,20,10.7,23.3,3.6,325,19,10.7,23.3,3.6,325,19,0,29.85,-0.1,0,0,0,44.7,48.0,49.5,0.41,0.25,0.33
OSWE,2019-11-08 05:55:00 EST,43.44318,-76.55323,308,28.1,28.0,18.3,61.6,16.6,0.000,0.100,0.00,0.000,9.9,17.6,2.3,333,22,11.0,16.7,2.3,340,16,11.0,16.7,2.3,340,16,0,29.85,-0.1,0,0,0,44.7,48.0,49.4,0.41,0.25,0.33
OSWE,2019-11-08 06:00:00 EST,43.44318,-76.55323,308,27.9,27.9,18.7,60.5,16.0,0.000,0.100,0.00,0.000,8.9,17.2,4.1,324,19,9.8,18.0,4.5,325,19,9.8,18.0,4.5,325,19,0,29.85,-0.2,0,0,0,44.6,48.0,49.4,0.41,0.25,0.33
OSWE,2019-11-08 06:05:00 EST,43.44318,-76.55323,308,27.8,27.9,18.8,60.1,15.7,0.000,0.100,0.00,0.000,9.0,20.3,3.2,320,20,9.5,20.0,3.1,322,19,9.5,20.0,3.1,322,19,0,29.85,-0.1,0,0,0,44.7,48.0,49.4,0.41,0.25,0.33
OSWE,2019-11-08 06:10:00 EST,43.44318,-76.55323,308,27.9,28.0,19.0,59.8,15.8,0.000,0.100,0.00,0.000,8.9,16.2,2.9,315,20,9.3,17.4,3.0,318,18,9.3,17.4,3.0,318,18,0,29.85,-0.1,0,0,0,44.7,48.0,49.5,0.41,0.25,0.33
OSWE,2019-11-08 06:15:00 EST,43.44318,-76.55323,308,27.9,27.9,18.1,57.1,14.6,0.000,0.100,0.00,0.000,10.2,16.4,2.4,327,18,11.0,16.7,2.6,330,16,11.0,16.7,2.6,330,16,0,29.86,-0.1,0,0,0,44.6,48.0,49.4,0.41,0.25,0.33
OSWE,2019-11-08 06:20:00 EST,43.44318,-76.55323,308,27.8,27.9,19.5,55.6,14.0,0.000,0.100,0.00,0.000,7.6,15.3,3.2,310,24,8.4,15.5,3.3,311,22,8.4,15.5,3.3,311,22,0,29.86,-0.0,0,0,0,44.7,48.0,49.4,0.41,0.25,0.33
OSWE,2019-11-08 06:25:00 EST,43.44318,-76.55323,308,27.8,27.9,19.2,59.7,15.6,0.000,0.100,0.00,0.000,8.2,13.3,2.5,322,27,8.9,15.0,2.8,323,26,8.9,15.0,2.8,323,26,0,29.86,-0.1,0,0,0,44.7,48.0,49.3,0.41,0.25,0.33
OSWE,2019-11-08 06:30:00 EST,43.44318,-76.55323,308,27.9,27.9,18.8,58.7,15.3,0.000,0.100,0.00,0.000,8.9,16.6,3.1,308,17,9.6,19.2,3.3,308,16,9.6,19.2,3.3,308,16,0,29.86,-0.1,0,0,0,44.6,48.0,49.4,0.41,0.25,0.33
OSWE,2019-11-08 06:35:00 EST,43.44318,-76.55323,308,27.9,27.9,19.8,62.6,16.8,0.000,0.100,0.00,0.000,7.1,16.1,3.3,311,20,8.1,17.3,3.3,310,17,8.1,17.3,3.3,310,17,0,29.86,-0.1,0,0,0,44.7,48.0,49.4,0.41,0.25,0.33
OSWE,2019-11-08 06:40:00 EST,43.44318,-76.55323,308,27.9,27.9,18.7,62.2,16.7,0.000,0.100,0.00,0.000,9.6,18.3,2.8,314,22,9.9,20.2,2.9,318,21,9.9,20.2,2.9,318,21,0,29.86,-0.1,0,0,0,44.7,48.0,49.4,0.41,0.25,0.33
OSWE,2019-11-08 06:45:00 EST,43.44318,-76.55323,308,27.9,27.8,19.3,65.5,17.8,0.000,0.100,0.00,0.000,8.2,17.2,3.6,315,23,8.9,17.1,3.6,319,20,8.9,17.1,3.6,319,20,1,29.87,-0.0,0,0,0,44.6,48.0,49.4,0.41,0.25,0.33
OSWE,2019-11-08 06:50:00 EST,43.44318,-76.55323,308,28.1,28.1,18.2,66.3,18.3,0.000,0.100,0.00,0.000,10.5,18.1,3.4,331,18,11.4,20.0,3.5,333,16,11.4,20.0,3.5,333,16,2,29.87,-0.1,0,0,0,44.6,48.0,49.4,0.41,0.25,0.33
OSWE,2019-11-08 06:55:00 EST,43.44318,-76.55323,308,28.0,28.0,17.6,62.6,16.9,0.000,0.100,0.00,0.000,11.3,17.1,2.4,323,18,12.2,18.5,2.5,325,17,12.2,18.5,2.5,325,17,3,29.87,-0.1,0,0,0,44.6,48.0,49.4,0.41,0.25,0.33
OSWE,2019-11-08 07:00:00 EST,43.44318,-76.55323,308,28.1,28.0,18.9,64.6,17.6,0.000,0.100,0.00,0.000,9.4,17.5,3.3,313,21,9.8,17.3,3.0,314,18,9.8,17.3,3.0,314,18,4,29.87,-0.3,0,0,0,44.6,48.0,49.4,0.41,0.25,0.33
OSWE,2019-11-08 07:05:00 EST,43.44318,-76.55323,308,28.1,28.1,18.4,64.9,17.8,0.000,0.100,0.00,0.000,10.5,18.3,3.1,305,18,10.9,19.4,3.1,306,17,10.9,19.4,3.1,306,17,5,29.87,-0.3,0,0,0,44.6,48.0,49.4,0.41,0.25,0.33
OSWE,2019-11-08 07:10:00 EST,43.44318,-76.55323,308,28.1,28.1,19.5,67.3,18.7,0.000,0.100,0.00,0.000,8.5,15.2,3.0,305,20,9.0,14.8,2.9,306,19,9.0,14.8,2.9,306,19,7,29.88,-0.2,0,0,0,44.6,48.0,49.4,0.41,0.25,0.33
OSWE,2019-11-08 07:15:00 EST,43.44318,-76.55323,308,27.9,27.9,18.9,66.4,18.2,0.000,0.100,0.00,0.000,8.9,15.0,2.5,311,22,9.5,15.2,2.6,313,22,9.5,15.2,2.6,313,22,9,29.88,-0.2,0,0,0,44.6,48.0,49.3,0.41,0.25,0.33
OSWE,2019-11-08 07:20:00 EST,43.44318,-76.55323,308,28.0,27.9,18.2,69.5,19.3,0.000,0.100,0.00,0.000,10.2,20.5,4.1,330,19,11.0,25.8,4.4,333,18,11.0,25.8,4.4,333,18,11,29.88,-0.2,0,0,0,44.6,48.0,49.3,0.41,0.25,0.33
OSWE,2019-11-08 07:25:00 EST,43.44318,-76.55323,308,28.0,28.0,18.8,68.1,18.8,0.000,0.100,0.00,0.000,9.0,18.9,3.8,337,20,9.9,21.2,4.3,340,18,9.9,21.2,4.3,340,18,19,29.89,-0.2,0,0,0,44.6,48.0,49.4,0.41,0.25,0.33
OSWE,2019-11-08 07:30:00 EST,43.44318,-76.55323,308,27.9,27.9,18.1,66.0,18.0,0.000,0.100,0.00,0.000,10.6,16.7,3.0,334,18,11.1,20.1,3.1,336,16,11.1,20.1,3.1,336,16,22,29.89,-0.2,0,0,0,44.6,48.0,49.4,0.41,0.25,0.33
OSWE,2019-11-08 07:35:00 EST,43.44318,-76.55323,308,27.8,27.7,18.0,65.0,17.6,0.000,0.100,0.00,0.000,10.0,18.2,4.0,337,21,10.9,20.6,3.9,340,17,10.9,20.6,3.9,340,17,29,29.89,-0.2,0,0,0,44.6,48.0,49.4,0.41,0.25,0.33
OSWE,2019-11-08 07:40:00 EST,43.44318,-76.55323,308,27.9,27.8,19.1,66.2,18.1,0.000,0.100,0.00,0.000,8.7,14.5,2.6,323,19,9.3,17.4,2.6,325,16,9.3,17.4,2.6,325,16,32,29.89,-0.2,0,0,0,44.6,48.0,49.4,0.41,0.25,0.33
OSWE,2019-11-08 07:45:00 EST,43.44318,-76.55323,308,27.9,27.8,18.8,66.2,18.1,0.000,0.100,0.00,0.000,9.0,15.5,2.9,329,25,9.8,18.6,3.1,334,18,9.8,18.6,3.1,334,18,34,29.90,-0.2,0,0,0,44.6,48.0,49.4,0.41,0.25,0.33
OSWE,2019-11-08 07:50:00 EST,43.44318,-76.55323,308,28.0,28.0,19.1,65.3,17.9,0.000,0.100,0.00,0.000,9.0,17.5,3.5,330,21,9.5,19.6,3.7,333,20,9.5,19.6,3.7,333,20,29,29.90,-0.2,0,0,0,44.5,48.0,49.4,0.41,0.24,0.33
OSWE,2019-11-08 07:55:00 EST,43.44318,-76.55323,308,28.0,27.9,18.6,67.9,18.8,0.000,0.100,0.00,0.000,9.2,18.3,3.0,336,20,10.2,21.3,3.0,339,17,10.2,21.3,3.0,339,17,38,29.90,-0.2,0,0,0,44.6,48.0,49.4,0.41,0.24,0.33
OSWE,2019-11-08 08:00:00 EST,43.44318,-76.55323,308,28.0,27.9,18.2,69.3,19.2,0.000,0.100,0.00,0.000,10.0,16.1,2.7,344,23,11.1,19.2,3.2,346,17,11.1,19.2,3.2,346,17,60,29.90,-0.1,0,0,0,44.6,47.9,49.4,0.41,0.24,0.32
OSWE,2019-11-08 08:05:00 EST,43.44318,-76.55323,308,28.1,28.0,18.4,68.2,18.9,0.000,0.100,0.00,0.000,9.9,19.1,4.1,343,20,10.8,20.9,4.5,344,16,10.8,20.9,4.5,344,16,81,29.90,-0.1,0,0,0,44.6,47.8,49.4,0.41,0.24,0.33
OSWE,2019-11-08 08:10:00 EST,43.44318,-76.55323,308,28.2,28.0,18.5,66.9,18.6,0.000,0.100,0.00,0.000,10.1,16.0,3.0,340,25,10.9,21.3,3.4,343,19,10.9,21.3,3.4,343,19,83,29.91,-0.1,0,0,0,44.6,47.8,49.3,0.41,0.24,0.33
OSWE,2019-11-08 08:15:00 EST,43.44318,-76.55323,308,28.3,28.0,18.4,67.5,18.9,0.000,0.100,0.00,0.000,10.7,19.6,3.2,326,20,11.3,20.1,3.4,328,18,11.3,20.1,3.4,328,18,121,29.91,-0.1,0,0,0,44.6,47.8,49.3,0.41,0.24,0.33
OSWE,2019-11-08 08:20:00 EST,43.44318,-76.55323,308,28.2,28.0,17.6,66.3,18.4,0.000,0.100,0.00,0.000,11.9,18.9,2.8,338,16,12.9,20.9,3.1,341,15,12.9,20.9,3.1,341,15,127,29.91,-0.1,0,0,0,44.6,47.8,49.4,0.41,0.24,0.33
OSWE,2019-11-08 08:25:00 EST,43.44318,-76.55323,308,28.2,28.0,18.7,64.6,17.8,0.000,0.100,0.00,0.000,9.9,16.4,2.4,325,21,10.5,16.3,2.5,327,17,10.5,16.3,2.5,327,17,96,29.91,-0.1,0,0,0,44.6,47.8,49.4,0.41,0.24,0.33
OSWE,2019-11-08 08:30:00 EST,43.44318,-76.55323,308,28.1,27.9,18.3,64.7,17.8,0.000,0.100,0.00,0.000,10.3,16.5,2.7,336,17,11.1,18.0,2.8,337,15,11.1,18.0,2.8,337,15,142,29.91,-0.1,0,0,0,44.6,47.8,49.3,0.41,0.24,0.33
OSWE,2019-11-08 08:35:00 EST,43.44318,-76.55323,308,28.1,27.8,17.8,65.7,18.1,0.000,0.100,0.00,0.000,11.3,20.5,3.3,335,15,12.2,21.5,3.5,339,15,12.2,21.5,3.5,339,15,149,29.91,-0.1,0,0,0,44.6,47.8,49.3,0.41,0.24,0.33
OSWE,2019-11-08 08:40:00 EST,43.44318,-76.55323,308,28.5,28.2,19.9,66.3,18.7,0.000,0.100,0.00,0.000,8.8,16.1,3.2,323,18,9.2,16.7,3.0,325,17,9.2,16.7,3.0,325,17,134,29.92,-0.1,0,0,0,44.6,47.8,49.3,0.41,0.24,0.33
OSWE,2019-11-08 08:45:00 EST,43.44318,-76.55323,308,28.1,27.9,18.1,65.2,17.9,0.000,0.100,0.00,0.000,11.1,20.5,3.2,325,24,11.7,20.5,3.4,329,20,11.7,20.5,3.4,329,20,72,29.92,-0.1,0,0,0,44.6,47.8,49.3,0.41,0.24,0.33
OSWE,2019-11-08 08:50:00 EST,43.44318,-76.55323,308,28.0,27.8,19.0,66.8,18.4,0.000,0.100,0.00,0.000,9.0,13.6,2.3,318,19,9.6,14.8,2.4,320,18,9.6,14.8,2.4,320,18,90,29.92,-0.1,0,0,0,44.6,47.8,49.3,0.41,0.24,0.33
OSWE,2019-11-08 08:55:00 EST,43.44318,-76.55323,308,28.1,27.9,18.8,66.0,18.2,0.000,0.100,0.00,0.000,9.4,19.9,2.8,331,25,10.2,22.4,2.9,335,22,10.2,22.4,2.9,335,22,119,29.92,-0.1,0,0,0,44.6,47.8,49.3,0.41,0.24,0.33
OSWE,2019-11-08 09:00:00 EST,43.44318,-76.55323,308,28.2,28.0,18.8,66.0,18.3,0.000,0.100,0.00,0.000,9.4,17.0,3.0,333,20,10.5,18.9,3.3,337,18,10.5,18.9,3.3,337,18,131,29.92,-0.1,0,0,0,44.6,47.8,49.3,0.41,0.24,0.33
OSWE,2019-11-08 09:05:00 EST,43.44318,-76.55323,308,28.5,28.2,19.8,66.1,18.6,0.000,0.100,0.00,0.000,8.6,14.1,2.3,325,20,9.2,14.8,2.4,330,17,9.2,14.8,2.4,330,17,116,29.92,-0.1,0,0,0,44.6,47.8,49.3,0.41,0.24,0.33
OSWE,2019-11-08 09:10:00 EST,43.44318,-76.55323,308,28.3,28.0,18.3,65.0,18.0,0.000,0.100,0.00,0.000,10.6,19.9,3.3,336,19,11.6,22.5,3.6,339,16,11.6,22.5,3.6,339,16,103,29.92,-0.1,0,0,0,44.5,47.8,49.4,0.41,0.24,0.33
OSWE,2019-11-08 09:15:00 EST,43.44318,-76.55323,308,28.1,27.9,18.1,67.0,18.5,0.000,0.100,0.00,0.000,10.5,18.0,3.4,345,22,11.6,19.6,3.7,349,12,11.6,19.6,3.7,349,12,149,29.93,-0.1,0,0,0,44.5,47.8,49.4,0.41,0.24,0.33
OSWE,2019-11-08 09:20:00 EST,43.44318,-76.55323,308,28.3,27.9,18.7,65.7,18.3,0.000,0.100,0.00,0.000,9.9,18.0,3.2,336,19,10.9,17.7,3.3,341,17,10.9,17.7,3.3,341,17,230,29.93,-0.1,0,0,0,44.4,47.8,49.4,0.41,0.24,0.33
OSWE,2019-11-08 09:25:00 EST,43.44318,-76.55323,308,28.9,28.5,20.5,68.6,19.9,0.000,0.100,0.00,0.000,8.0,14.8,2.7,331,19,8.8,16.7,2.7,335,18,8.8,16.7,2.7,335,18,176,29.93,-0.2,0,0,0,44.5,47.8,49.3,0.41,0.24,0.33
OSWE,2019-11-08 09:30:00 EST,43.44318,-76.55323,308,28.2,27.9,18.8,66.3,18.4,0.000,0.100,0.00,0.000,9.2,18.2,3.6,347,16,10.5,20.0,3.9,347,14,10.5,20.0,3.9,347,14,136,29.93,-0.2,0,0,0,44.4,47.8,49.3,0.41,0.24,0.33
OSWE,2019-11-08 09:35:00 EST,43.44318,-76.55323,308,28.3,28.0,18.6,69.5,19.6,0.000,0.100,0.00,0.000,10.0,17.3,3.1,333,17,11.0,19.3,3.5,337,14,11.0,19.3,3.5,337,14,140,29.93,-0.2,0,0,0,44.4,47.8,49.3,0.41,0.24,0.33
OSWE,2019-11-08 09:40:00 EST,43.44318,-76.55323,308,28.1,27.8,19.4,67.2,18.7,0.000,0.100,0.00,0.000,8.2,15.3,2.7,325,24,9.1,16.7,2.9,328,22,9.1,16.7,2.9,328,22,111,29.94,-0.2,0,0,0,44.4,47.8,49.3,0.41,0.24,0.33
OSWE,2019-11-08 09:45:00 EST,43.44318,-76.55323,308,27.7,27.5,18.9,67.2,18.3,0.000,0.100,0.00,0.000,8.6,16.7,2.8,328,16,9.2,17.9,2.8,330,16,9.2,17.9,2.8,330,16,84,29.94,-0.2,0,0,0,44.4,47.8,49.3,0.41,0.24,0.33
OSWE,2019-11-08 09:50:00 EST,43.44318,-76.55323,308,28.1,27.7,20.0,67.2,18.7,0.000,0.100,0.00,0.000,7.7,17.0,2.8,327,20,8.2,18.1,2.9,330,18,8.2,18.1,2.9,330,18,247,29.94,-0.1,0,0,0,44.4,47.8,49.3,0.41,0.24,0.33
OSWE,2019-11-08 09:55:00 EST,43.44318,-76.55323,308,28.5,28.0,20.1,66.2,18.7,0.000,0.100,0.00,0.000,8.2,14.8,2.3,333,18,8.7,15.6,2.4,335,16,8.7,15.6,2.4,335,16,382,29.93,-0.1,0,0,0,44.4,47.8,49.3,0.41,0.24,0.33
OSWE,2019-11-08 10:00:00 EST,43.44318,-76.55323,308,28.8,28.2,20.3,64.6,18.3,0.000,0.100,0.00,0.000,8.1,17.8,3.8,326,22,9.0,17.2,3.6,330,21,9.0,17.2,3.6,330,21,166,29.94,-0.2,0,0,0,44.4,47.8,49.3,0.41,0.25,0.33
OSWE,2019-11-08 10:05:00 EST,43.44318,-76.55323,308,28.6,28.0,19.4,63.7,17.9,0.000,0.100,0.00,0.000,9.7,15.6,2.4,324,15,10.3,19.7,2.6,327,16,10.3,19.7,2.6,327,16,311,29.94,-0.1,0,0,0,44.3,47.8,49.3,0.41,0.24,0.33
OSWE,2019-11-08 10:10:00 EST,43.44318,-76.55323,308,28.7,28.3,20.5,61.7,17.2,0.000,0.100,0.00,0.000,7.9,15.3,2.9,316,21,8.5,15.0,3.0,318,21,8.5,15.0,3.0,318,21,159,29.94,-0.2,0,0,0,44.4,47.8,49.2,0.41,0.24,0.33
OSWE,2019-11-08 10:15:00 EST,43.44318,-76.55323,308,28.9,28.2,18.7,64.7,18.5,0.000,0.100,0.00,0.000,11.3,16.9,2.6,340,16,12.5,18.8,2.8,344,14,12.5,18.8,2.8,344,14,385,29.94,-0.2,0,0,0,44.4,47.8,49.2,0.41,0.25,0.33
OSWE,2019-11-08 10:20:00 EST,43.44318,-76.55323,308,28.5,28.1,19.2,65.0,18.2,0.000,0.100,0.00,0.000,9.7,17.5,3.0,325,21,10.4,17.3,3.2,328,20,10.4,17.3,3.2,328,20,170,29.94,-0.2,0,0,0,44.3,47.8,49.3,0.41,0.24,0.33
OSWE,2019-11-08 10:25:00 EST,43.44318,-76.55323,308,28.4,27.9,19.4,66.3,18.6,0.000,0.100,0.00,0.000,8.8,14.8,3.0,330,21,9.6,17.5,2.9,332,21,9.6,17.5,2.9,332,21,242,29.94,-0.1,0,0,0,44.4,47.8,49.2,0.41,0.24,0.33
OSWE,2019-11-08 10:30:00 EST,43.44318,-76.55323,308,28.6,28.1,19.9,67.8,19.3,0.000,0.100,0.00,0.000,8.4,15.0,2.9,333,29,9.3,16.8,3.2,335,23,9.3,16.8,3.2,335,23,174,29.94,-0.2,0,0,0,44.4,47.8,49.2,0.41,0.24,0.33
OSWE,2019-11-08 10:35:00 EST,43.44318,-76.55323,308,28.4,28.0,18.9,67.1,18.8,0.000,0.100,0.00,0.000,9.9,14.4,2.1,319,20,10.7,17.4,2.4,323,20,10.7,17.4,2.4,323,20,147,29.94,-0.2,0,0,0,44.4,47.8,49.3,0.41,0.24,0.33
OSWE,2019-11-08 10:40:00 EST,43.44318,-76.55323,308,28.4,28.0,19.3,66.4,18.6,0.000,0.100,0.00,0.000,9.3,15.7,2.8,324,17,10.0,17.3,2.7,327,17,10.0,17.3,2.7,327,17,197,29.94,-0.1,0,0,0,44.4,47.8,49.2,0.41,0.24,0.33
OSWE,2019-11-08 10:45:00 EST,43.44318,-76.55323,308,28.6,28.1,19.9,65.5,18.5,0.000,0.100,0.00,0.000,8.6,15.8,3.2,321,20,9.3,15.5,3.1,324,19,9.3,15.5,3.1,324,19,208,29.95,-0.1,0,0,0,44.3,47.8,49.2,0.41,0.24,0.33
OSWE,2019-11-08 10:50:00 EST,43.44318,-76.55323,308,29.6,28.8,21.6,65.8,19.5,0.000,0.100,0.00,0.000,7.6,14.3,3.2,325,18,8.5,16.0,3.3,326,18,8.5,16.0,3.3,326,18,417,29.95,-0.1,0,0,0,44.4,47.8,49.3,0.41,0.24,0.33
OSWE,2019-11-08 10:55:00 EST,43.44318,-76.55323,308,29.1,28.5,21.1,64.6,18.6,0.000,0.100,0.00,0.000,7.9,14.8,2.7,324,22,8.3,17.2,3.0,325,22,8.3,17.2,3.0,325,22,195,29.95,-0.1,0,0,0,44.4,47.8,49.3,0.41,0.24,0.33
OSWE,2019-11-08 11:00:00 EST,43.44318,-76.55323,308,29.4,28.7,21.5,65.6,19.3,0.000,0.100,0.00,0.000,7.6,15.6,3.5,321,23,8.3,18.7,3.6,323,21,8.3,18.7,3.6,323,21,328,29.95,-0.1,0,0,0,44.3,47.8,49.2,0.41,0.24,0.33
OSWE,2019-11-08 11:05:00 EST,43.44318,-76.55323,308,28.8,28.3,20.1,62.9,17.8,0.000,0.100,0.00,0.000,8.8,17.8,3.6,314,19,9.4,19.2,3.8,317,19,9.4,19.2,3.8,317,19,183,29.95,-0.1,0,0,0,44.4,47.8,49.2,0.41,0.24,0.33
OSWE,2019-11-08 11:10:00 EST,43.44318,-76.55323,308,28.7,28.2,19.3,62.7,17.5,0.000,0.100,0.00,0.000,10.1,16.1,2.5,310,19,10.6,16.1,2.3,310,17,10.6,16.1,2.3,310,17,201,29.94,-0.1,0,0,0,44.4,47.7,49.1,0.41,0.24,0.33
OSWE,2019-11-08 11:15:00 EST,43.44318,-76.55323,308,28.9,28.3,19.7,65.4,18.7,0.000,0.100,0.00,0.000,9.7,17.0,2.9,310,22,10.4,18.5,2.9,313,19,10.4,18.5,2.9,313,19,254,29.94,-0.1,0,0,0,44.4,47.6,49.2,0.41,0.24,0.33
OSWE,2019-11-08 11:20:00 EST,43.44318,-76.55323,308,29.1,28.5,22.9,64.3,18.6,0.000,0.100,0.00,0.000,5.3,11.7,2.9,308,20,5.9,13.0,2.8,310,21,5.9,13.0,2.8,310,21,321,29.94,-0.0,0,0,0,44.4,47.6,49.2,0.41,0.24,0.33
OSWE,2019-11-08 11:25:00 EST,43.44318,-76.55323,308,29.2,28.5,20.0,60.7,17.3,0.000,0.100,0.00,0.000,9.8,18.4,3.1,299,18,10.5,21.5,3.4,300,16,10.5,21.5,3.4,300,16,360,29.95,-0.1,0,0,0,44.4,47.5,49.2,0.41,0.24,0.33
OSWE,2019-11-08 11:30:00 EST,43.44318,-76.55323,308,29.4,28.6,20.7,62.0,18.0,0.000,0.100,0.00,0.000,8.9,18.6,3.9,315,17,9.7,19.5,3.8,317,16,9.7,19.5,3.8,317,16,313,29.94,-0.2,0,0,0,44.4,47.6,49.2,0.41,0.24,0.33
OSWE,2019-11-08 11:35:00 EST,43.44318,-76.55323,308,28.7,28.1,19.9,62.2,17.3,0.000,0.100,0.00,0.000,8.9,17.9,2.4,318,21,9.4,16.2,2.4,320,20,9.4,16.2,2.4,320,20,239,29.94,-0.1,0,0,0,44.4,47.5,49.2,0.41,0.24,0.33
OSWE,2019-11-08 11:40:00 EST,43.44318,-76.55323,308,28.7,28.2,19.6,60.9,16.9,0.000,0.100,0.00,0.000,9.5,17.8,3.0,308,19,10.1,17.3,3.1,307,18,10.1,17.3,3.1,307,18,253,29.94,-0.1,0,0,0,44.3,47.5,49.2,0.41,0.24,0.33
OSWE,2019-11-08 11:45:00 EST,43.44318,-76.55323,308,28.8,28.3,21.1,61.7,17.3,0.000,0.100,0.00,0.000,7.2,13.8,3.0,306,25,7.9,16.4,3.2,308,24,7.9,16.4,3.2,308,24,188,29.94,-0.1,0,0,0,44.4,47.5,49.2,0.41,0.24,0.33
OSWE,2019-11-08 11:50:00 EST,43.44318,-76.55323,308,29.6,28.9,21.8,61.8,18.1,0.000,0.100,0.00,0.000,7.5,14.3,2.3,312,23,8.3,16.3,2.3,311,22,8.3,16.3,2.3,311,22,457,29.94,-0.1,0,0,0,44.3,47.5,49.2,0.41,0.25,0.33
OSWE,2019-11-08 11:55:00 EST,43.44318,-76.55323,308,29.1,28.5,19.7,62.0,17.7,0.000,0.100,0.00,0.000,10.3,18.2,3.5,312,21,10.8,19.2,3.6,314,22,10.8,19.2,3.6,314,22,224,29.94,-0.2,0,0,0,44.4,47.5,49.1,0.41,0.24,0.32
OSWE,2019-11-08 12:00:00 EST,43.44318,-76.55323,308,29.2,28.5,20.7,60.7,17.3,0.000,0.100,0.00,0.000,8.4,14.5,3.1,298,26,9.2,16.7,3.2,300,24,9.2,16.7,3.2,300,24,346,29.94,-0.1,0,0,0,44.3,47.5,49.2,0.41,0.24,0.33
OSWE,2019-11-08 12:05:00 EST,43.44318,-76.55323,308,30.2,29.4,22.0,60.3,18.1,0.000,0.100,0.00,0.000,8.4,16.1,3.0,309,20,9.0,16.7,2.9,309,20,9.0,16.7,2.9,309,20,550,29.94,0.0,0,0,0,44.4,47.5,49.1,0.41,0.24,0.33
OSWE,2019-11-08 12:10:00 EST,43.44318,-76.55323,308,30.6,29.7,23.2,60.0,18.4,0.000,0.100,0.00,0.000,7.3,13.6,3.1,305,21,7.9,15.3,3.2,306,20,7.9,15.3,3.2,306,20,343,29.94,-0.2,0,0,0,44.4,47.5,49.1,0.41,0.24,0.33
OSWE,2019-11-08 12:15:00 EST,43.44318,-76.55323,308,30.2,29.3,22.3,61.2,18.4,0.000,0.100,0.00,0.000,8.0,14.8,2.5,300,19,8.5,15.4,2.4,301,16,8.5,15.4,2.4,301,16,444,29.94,-0.1,0,0,0,44.4,47.5,49.1,0.41,0.24,0.33
OSWE,2019-11-08 12:20:00 EST,43.44318,-76.55323,308,29.7,29.1,20.8,58.7,17.0,0.000,0.100,0.00,0.000,9.5,17.0,3.0,300,19,10.1,18.9,3.3,299,17,10.1,18.9,3.3,299,17,157,29.94,-0.2,0,0,0,44.4,47.5,49.1,0.41,0.24,0.33
OSWE,2019-11-08 12:25:00 EST,43.44318,-76.55323,308,29.1,28.5,20.6,61.2,17.4,0.000,0.100,0.00,0.000,8.5,14.7,2.7,305,17,9.3,16.9,2.6,305,18,9.3,16.9,2.6,305,18,298,29.94,0.0,0,0,0,44.4,47.5,49.1,0.41,0.24,0.33
OSWE,2019-11-08 12:30:00 EST,43.44318,-76.55323,308,30.0,29.1,20.9,57.5,16.8,0.000,0.100,0.00,0.000,9.9,17.7,3.0,287,19,10.7,18.4,3.2,289,16,10.7,18.4,3.2,289,16,412,29.94,-0.2,0,0,0,44.3,47.5,49.1,0.41,0.24,0.33
OSWE,2019-11-08 12:35:00 EST,43.44318,-76.55323,308,29.7,29.1,21.7,59.9,17.5,0.000,0.100,0.00,0.000,7.9,14.5,2.8,302,20,8.6,14.8,2.9,300,19,8.6,14.8,2.9,300,19,280,29.94,-0.1,0,0,0,44.4,47.5,49.1,0.41,0.24,0.33
OSWE,2019-11-08 12:40:00 EST,43.44318,-76.55323,308,29.6,28.9,21.1,60.3,17.5,0.000,0.100,0.00,0.000,8.8,15.8,2.7,305,19,9.4,17.8,2.6,306,18,9.4,17.8,2.6,306,18,211,29.94,-0.1,0,0,0,44.4,47.5,49.1,0.41,0.25,0.33
OSWE,2019-11-08 12:45:00 EST,43.44318,-76.55323,308,29.1,28.5,21.4,62.2,17.7,0.000,0.100,0.00,0.000,7.3,11.7,2.4,305,18,7.8,13.6,2.3,307,17,7.8,13.6,2.3,307,17,164,29.94,-0.1,0,0,0,44.3,47.5,49.1,0.41,0.24,0.33
OSWE,2019-11-08 12:50:00 EST,43.44318,-76.55323,308,29.2,28.7,21.2,61.0,17.4,0.000,0.100,0.00,0.000,7.8,12.5,2.1,302,19,8.3,12.6,2.1,304,18,8.3,12.6,2.1,304,18,222,29.94,-0.1,0,0,0,44.4,47.5,49.1,0.41,0.25,0.33
OSWE,2019-11-08 12:55:00 EST,43.44318,-76.55323,308,29.1,28.5,20.0,58.6,16.3,0.000,0.100,0.00,0.000,9.5,14.9,2.5,298,17,10.2,17.9,2.9,299,16,10.2,17.9,2.9,299,16,301,29.94,-0.1,0,0,0,44.4,47.5,49.1,0.41,0.24,0.33
OSWE,2019-11-08 13:00:00 EST,43.44318,-76.55323,308,29.9,29.2,22.9,58.6,17.1,0.000,0.100,0.00,0.000,6.4,13.0,2.3,299,22,7.0,15.8,2.4,297,20,7.0,15.8,2.4,297,20,311,29.94,-0.0,0,0,0,44.4,47.5,49.1,0.41,0.25,0.33
OSWE,2019-11-08 13:05:00 EST,43.44318,-76.55323,308,29.9,29.1,22.3,57.2,16.6,0.000,0.100,0.00,0.000,7.3,12.7,1.9,291,22,8.0,15.2,2.2,292,21,8.0,15.2,2.2,292,21,351,29.94,-0.2,0,0,0,44.4,47.5,49.1,0.41,0.25,0.33
OSWE,2019-11-08 13:10:00 EST,43.44318,-76.55323,308,29.9,29.1,23.1,56.7,16.4,0.000,0.100,0.00,0.000,6.4,10.6,1.9,303,27,6.9,12.2,2.1,306,26,6.9,12.2,2.1,306,26,359,29.94,-0.0,0,0,0,44.4,47.5,49.0,0.41,0.24,0.33
OSWE,2019-11-08 13:15:00 EST,43.44318,-76.55323,308,30.0,29.3,23.2,55.9,16.2,0.000,0.100,0.00,0.000,6.2,11.8,2.2,291,20,6.9,12.8,2.3,292,19,6.9,12.8,2.3,292,19,239,29.94,-0.1,0,0,0,44.4,47.5,49.1,0.41,0.25,0.33
OSWE,2019-11-08 13:20:00 EST,43.44318,-76.55323,308,30.1,29.3,23.4,56.7,16.6,0.000,0.100,0.00,0.000,6.0,12.4,2.4,284,19,6.8,13.7,2.7,285,18,6.8,13.7,2.7,285,18,425,29.94,-0.0,0,0,0,44.4,47.5,49.1,0.41,0.24,0.33
OSWE,2019-11-08 13:25:00 EST,43.44318,-76.55323,308,29.9,29.3,24.3,57.7,16.8,0.000,0.100,0.00,0.000,4.7,9.2,1.9,293,21,5.4,10.7,2.1,294,21,5.4,10.7,2.1,294,21,144,29.94,-0.2,0,0,0,44.2,47.5,49.2,0.41,0.24,0.33
OSWE,2019-11-08 13:30:00 EST,43.44318,-76.55323,308,29.3,28.8,22.9,57.0,16.0,0.000,0.100,0.00,0.000,5.6,11.6,2.2,325,17,6.2,12.3,2.2,327,17,6.2,12.3,2.2,327,17,256,29.94,-0.0,0,0,0,44.4,47.5,49.1,0.41,0.24,0.33
OSWE,2019-11-08 13:35:00 EST,43.44318,-76.55323,308,30.4,29.5,24.2,56.6,16.9,0.000,0.100,0.00,0.000,5.6,10.2,2.1,337,18,6.2,11.4,2.3,340,16,6.2,11.4,2.3,340,16,372,29.94,-0.1,0,0,0,44.4,47.5,49.1,0.41,0.24,0.33
OSWE,2019-11-08 13:40:00 EST,43.44318,-76.55323,308,30.2,29.4,24.1,55.6,16.2,0.000,0.100,0.00,0.000,5.3,12.3,1.6,332,17,5.9,12.4,1.9,335,16,5.9,12.4,1.9,335,16,227,29.94,-0.2,0,0,0,44.4,47.5,49.1,0.41,0.24,0.33
OSWE,2019-11-08 13:45:00 EST,43.44318,-76.55323,308,29.9,29.3,22.5,57.3,16.6,0.000,0.100,0.00,0.000,7.2,12.4,2.1,334,25,7.7,13.3,2.2,337,25,7.7,13.3,2.2,337,25,350,29.94,-0.0,0,0,0,44.4,47.5,49.1,0.41,0.24,0.33
OSWE,2019-11-08 13:50:00 EST,43.44318,-76.55323,308,30.3,29.5,23.0,57.1,16.9,0.000,0.100,0.00,0.000,6.8,12.3,2.9,298,26,7.6,13.2,2.8,297,26,7.6,13.2,2.8,297,26,222,29.93,-0.2,0,0,0,44.4,47.5,49.0,0.41,0.24,0.33
OSWE,2019-11-08 13:55:00 EST,43.44318,-76.55323,308,30.5,29.7,23.8,56.9,17.0,0.000,0.100,0.00,0.000,6.4,10.2,1.9,292,18,6.9,11.6,2.2,291,17,6.9,11.6,2.2,291,17,385,29.93,-0.1,0,0,0,44.4,47.5,49.1,0.41,0.24,0.33
OSWE,2019-11-08 14:00:00 EST,43.44318,-76.55323,308,30.6,29.8,21.9,55.1,16.3,0.000,0.100,0.00,0.000,9.8,13.8,2.2,297,15,10.2,15.5,2.3,299,14,10.2,15.5,2.3,299,14,263,29.93,-0.2,0,0,0,44.4,47.5,49.1,0.41,0.25,0.33
OSWE,2019-11-08 14:05:00 EST,43.44318,-76.55323,308,30.4,29.7,23.2,56.3,16.7,0.000,0.100,0.00,0.000,6.9,11.2,1.9,303,18,7.5,13.2,2.1,305,19,7.5,13.2,2.1,305,19,262,29.93,-0.1,0,0,0,44.4,47.5,49.0,0.41,0.24,0.33
OSWE,2019-11-08 14:10:00 EST,43.44318,-76.55323,308,30.5,30.0,23.4,56.9,17.1,0.000,0.100,0.00,0.000,6.8,11.6,2.0,280,17,7.5,13.1,2.2,283,16,7.5,13.1,2.2,283,16,231,29.93,-0.2,0,0,0,44.4,47.5,49.0,0.41,0.24,0.33
OSWE,2019-11-08 14:15:00 EST,43.44318,-76.55323,308,30.5,29.8,23.7,58.7,17.8,0.000,0.100,0.00,0.000,6.4,9.8,1.7,318,29,7.0,12.4,1.9,321,29,7.0,12.4,1.9,321,29,254,29.93,-0.1,0,0,0,44.4,47.5,49.0,0.41,0.24,0.33
OSWE,2019-11-08 14:20:00 EST,43.44318,-76.55323,308,30.7,30.0,22.7,58.6,17.9,0.000,0.100,0.00,0.000,8.1,12.8,2.2,295,18,8.8,14.5,2.5,296,18,8.8,14.5,2.5,296,18,229,29.93,-0.1,0,0,0,44.4,47.5,49.0,0.41,0.24,0.33
OSWE,2019-11-08 14:25:00 EST,43.44318,-76.55323,308,30.4,30.0,24.1,58.8,17.7,0.000,0.100,0.00,0.000,5.7,11.8,2.3,302,24,6.3,14.2,2.5,303,22,6.3,14.2,2.5,303,22,138,29.93,-0.1,0,0,0,44.4,47.5,49.1,0.41,0.24,0.33
OSWE,2019-11-08 14:30:00 EST,43.44318,-76.55323,308,30.3,29.8,23.7,60.4,18.2,0.000,0.100,0.00,0.000,5.7,11.3,1.6,335,25,6.5,13.2,1.9,338,21,6.5,13.2,1.9,338,21,103,29.93,-0.1,0,0,0,44.4,47.5,49.1,0.41,0.24,0.33
OSWE,2019-11-08 14:35:00 EST,43.44318,-76.55323,308,30.2,29.8,23.2,60.3,18.1,0.000,0.100,0.00,0.000,6.7,13.7,2.1,336,18,7.2,13.8,2.2,339,16,7.2,13.8,2.2,339,16,140,29.93,-0.1,0,0,0,44.4,47.5,48.9,0.41,0.24,0.33
OSWE,2019-11-08 14:40:00 EST,43.44318,-76.55323,308,30.2,29.8,22.2,57.8,17.1,0.000,0.100,0.00,0.000,8.2,15.7,3.2,336,19,8.8,18.7,3.4,339,18,8.8,18.7,3.4,339,18,163,29.94,-0.1,0,0,0,44.4,47.5,48.8,0.41,0.24,0.33
OSWE,2019-11-08 14:45:00 EST,43.44318,-76.55323,308,30.2,29.9,24.4,57.6,17.1,0.000,0.100,0.00,0.000,5.2,8.7,1.4,296,22,5.7,9.0,1.5,297,20,5.7,9.0,1.5,297,20,149,29.94,-0.1,0,0,0,44.4,47.5,49.0,0.41,0.24,0.33
OSWE,2019-11-08 14:50:00 EST,43.44318,-76.55323,308,30.6,30.2,24.3,59.4,18.1,0.000,0.100,0.00,0.000,5.7,13.5,2.5,307,27,6.3,14.3,2.6,309,25,6.3,14.3,2.6,309,25,143,29.94,-0.1,0,0,0,44.4,47.5,49.0,0.41,0.24,0.33
OSWE,2019-11-08 14:55:00 EST,43.44318,-76.55323,308,30.5,30.1,24.7,59.7,18.2,0.000,0.100,0.00,0.000,5.3,10.0,2.2,308,23,5.8,11.1,2.2,310,23,5.8,11.1,2.2,310,23,102,29.94,-0.1,0,0,0,44.4,47.5,49.1,0.41,0.24,0.33
OSWE,2019-11-08 15:00:00 EST,43.44318,-76.55323,308,30.3,29.9,23.9,59.6,18.0,0.000,0.100,0.00,0.000,5.8,9.6,2.0,326,24,6.4,10.5,2.2,329,24,6.4,10.5,2.2,329,24,102,29.94,-0.1,0,0,0,44.4,47.5,48.8,0.41,0.24,0.33
OSWE,2019-11-08 15:05:00 EST,43.44318,-76.55323,308,30.5,30.1,24.3,60.1,18.3,0.000,0.100,0.00,0.000,5.6,12.1,2.4,330,17,6.2,11.8,2.4,333,17,6.2,11.8,2.4,333,17,105,29.94,-0.1,0,0,0,44.3,47.4,48.9,0.41,0.24,0.33
OSWE,2019-11-08 15:10:00 EST,43.44318,-76.55323,308,30.2,29.8,23.7,58.0,17.2,0.000,0.100,0.00,0.000,6.1,10.7,1.7,320,18,6.5,11.3,1.8,322,18,6.5,11.3,1.8,322,18,119,29.94,-0.1,0,0,0,44.5,47.5,49.0,0.41,0.24,0.33
OSWE,2019-11-08 15:15:00 EST,43.44318,-76.55323,308,31.0,30.4,25.2,60.3,18.8,0.000,0.100,0.00,0.000,5.2,10.4,2.1,304,21,5.8,10.7,2.1,304,20,5.8,10.7,2.1,304,20,158,29.94,-0.1,0,0,0,44.4,47.5,49.0,0.41,0.24,0.33
OSWE,2019-11-08 15:20:00 EST,43.44318,-76.55323,308,30.5,30.2,23.6,59.2,18.0,0.000,0.100,0.00,0.000,6.7,11.0,2.0,319,16,7.1,11.8,1.9,321,16,7.1,11.8,1.9,321,16,71,29.94,-0.1,0,0,0,44.4,47.4,48.8,0.41,0.24,0.33
OSWE,2019-11-08 15:25:00 EST,43.44318,-76.55323,308,30.4,30.1,25.1,58.9,17.7,0.000,0.100,0.00,0.000,4.6,9.3,2.0,308,26,5.1,8.7,1.9,311,27,5.1,8.7,1.9,311,27,86,29.94,-0.1,0,0,0,44.4,47.4,49.0,0.41,0.24,0.33
OSWE,2019-11-08 15:30:00 EST,43.44318,-76.55323,308,30.5,30.2,23.7,60.0,18.2,0.000,0.100,0.00,0.000,6.3,11.4,1.8,311,22,7.0,11.8,1.9,314,20,7.0,11.8,1.9,314,20,74,29.94,-0.1,0,0,0,44.4,47.4,48.9,0.41,0.24,0.33
OSWE,2019-11-08 15:35:00 EST,43.44318,-76.55323,308,30.6,30.2,26.3,60.6,18.6,0.000,0.100,0.00,0.000,3.4,8.1,1.8,298,19,4.1,9.4,1.9,299,19,4.1,9.4,1.9,299,19,94,29.94,-0.1,0,0,0,44.4,47.4,48.7,0.41,0.24,0.33
OSWE,2019-11-08 15:40:00 EST,43.44318,-76.55323,308,30.5,30.3,25.7,61.6,18.9,0.000,0.100,0.00,0.000,4.0,7.7,2.0,327,41,4.7,8.6,2.0,327,39,4.7,8.6,2.0,327,39,57,29.94,-0.1,0,0,0,44.5,47.4,48.8,0.41,0.24,0.33
OSWE,2019-11-08 15:45:00 EST,43.44318,-76.55323,308,30.3,30.2,22.5,60.1,18.1,0.000,0.100,0.00,0.000,7.8,14.4,2.5,328,19,8.5,14.2,2.3,331,17,8.5,14.2,2.3,331,17,46,29.94,-0.2,0,0,0,44.5,47.4,48.8,0.41,0.24,0.33
OSWE,2019-11-08 15:50:00 EST,43.44318,-76.55323,308,30.2,30.1,23.5,58.9,17.6,0.000,0.100,0.00,0.000,6.2,10.2,1.8,325,15,6.8,11.4,2.0,325,14,6.8,11.4,2.0,325,14,39,29.94,-0.1,0,0,0,44.4,47.4,49.0,0.41,0.24,0.33
OSWE,2019-11-08 15:55:00 EST,43.44318,-76.55323,308,30.2,30.1,26.0,59.1,17.6,0.000,0.100,0.00,0.000,3.7,8.0,1.5,329,22,3.9,8.7,1.8,330,21,3.9,8.7,1.8,330,21,46,29.94,-0.1,0,0,0,44.5,47.3,49.0,0.41,0.24,0.33
OSWE,2019-11-08 16:00:00 EST,43.44318,-76.55323,308,30.5,30.3,25.2,60.5,18.4,0.000,0.100,0.00,0.000,4.5,8.7,1.7,337,19,5.1,9.8,1.8,341,17,5.1,9.8,1.8,341,17,58,29.94,-0.1,0,0,0,44.3,47.4,48.8,0.41,0.24,0.33
OSWE,2019-11-08 16:05:00 EST,43.44318,-76.55323,308,30.5,30.5,23.2,59.6,18.2,0.000,0.100,0.00,0.000,7.2,10.4,1.9,337,20,7.8,12.4,2.2,341,19,7.8,12.4,2.2,341,19,46,29.94,-0.1,0,0,0,44.4,47.3,48.8,0.41,0.24,0.33
OSWE,2019-11-08 16:10:00 EST,43.44318,-76.55323,308,30.7,30.5,26.6,62.1,19.2,0.000,0.100,0.00,0.000,3.6,7.2,1.4,304,24,4.0,8.9,1.9,304,23,4.0,8.9,1.9,304,23,42,29.94,-0.1,0,0,0,44.5,47.4,48.9,0.41,0.24,0.33
OSWE,2019-11-08 16:15:00 EST,43.44318,-76.55323,308,30.7,30.6,24.3,62.0,19.2,0.000,0.100,0.00,0.000,6.0,12.0,2.3,298,20,6.5,12.6,2.3,298,19,6.5,12.6,2.3,298,19,35,29.94,-0.1,0,0,0,44.4,47.3,48.9,0.41,0.24,0.33
OSWE,2019-11-08 16:20:00 EST,43.44318,-76.55323,308,30.5,30.5,25.0,62.5,19.2,0.000,0.100,0.00,0.000,4.9,8.2,1.8,303,20,5.4,9.6,2.0,303,20,5.4,9.6,2.0,303,20,19,29.94,-0.1,0,0,0,44.4,47.3,48.8,0.41,0.24,0.33
OSWE,2019-11-08 16:25:00 EST,43.44318,-76.55323,308,30.5,30.5,24.8,60.0,18.2,0.000,0.100,0.00,0.000,5.0,11.3,2.5,322,19,5.5,12.4,2.6,323,22,5.5,12.4,2.6,323,22,11,29.94,-0.1,0,0,0,44.5,47.3,48.9,0.41,0.24,0.33
OSWE,2019-11-08 16:30:00 EST,43.44318,-76.55323,308,30.5,30.5,24.5,60.5,18.4,0.000,0.100,0.00,0.000,5.4,8.3,1.4,301,18,5.9,11.6,1.7,302,18,5.9,11.6,1.7,302,18,8,29.95,-0.1,0,0,0,44.5,47.4,48.9,0.41,0.24,0.33
OSWE,2019-11-08 16:35:00 EST,43.44318,-76.55323,308,30.6,30.6,24.8,61.7,19.0,0.000,0.100,0.00,0.000,5.1,8.9,1.4,291,30,5.8,9.1,1.6,291,30,5.8,9.1,1.6,291,30,7,29.95,-0.1,0,0,0,44.5,47.3,48.7,0.41,0.24,0.33
OSWE,2019-11-08 16:40:00 EST,43.44318,-76.55323,308,30.7,30.8,24.6,60.0,18.5,0.000,0.100,0.00,0.000,5.5,10.7,2.1,315,25,6.1,11.7,2.3,317,24,6.1,11.7,2.3,317,24,6,29.95,-0.1,0,0,0,44.4,47.3,48.8,0.41,0.24,0.33
OSWE,2019-11-08 16:45:00 EST,43.44318,-76.55323,308,30.8,30.9,24.4,59.1,18.2,0.000,0.100,0.00,0.000,5.9,10.4,1.9,306,20,6.5,11.0,1.9,307,20,6.5,11.0,1.9,307,20,5,29.95,-0.2,0,0,0,44.5,47.3,48.8,0.41,0.24,0.33
OSWE,2019-11-08 16:50:00 EST,43.44318,-76.55323,308,30.8,30.8,24.7,59.8,18.5,0.000,0.100,0.00,0.000,5.6,10.9,2.3,300,22,6.1,11.6,2.3,301,21,6.1,11.6,2.3,301,21,3,29.95,-0.1,0,0,0,44.5,47.3,48.7,0.41,0.25,0.33
OSWE,2019-11-08 16:55:00 EST,43.44318,-76.55323,308,31.0,31.0,22.9,58.2,18.1,0.000,0.100,0.00,0.000,8.8,16.4,2.6,296,16,9.3,15.9,2.5,297,14,9.3,15.9,2.5,297,14,1,29.95,-0.1,0,0,0,44.4,47.3,48.9,0.41,0.24,0.33
OSWE,2019-11-08 17:00:00 EST,43.44318,-76.55323,308,31.0,31.0,24.9,59.1,18.3,0.000,0.100,0.00,0.000,5.7,10.7,1.6,295,21,6.1,12.3,1.7,295,22,6.1,12.3,1.7,295,22,1,29.95,-0.1,0,0,0,44.4,47.3,48.7,0.41,0.24,0.33
OSWE,2019-11-08 17:05:00 EST,43.44318,-76.55323,308,30.9,30.9,26.2,61.3,19.2,0.000,0.100,0.00,0.000,3.9,8.4,1.9,291,26,4.6,9.4,2.0,293,25,4.6,9.4,2.0,293,25,0,29.95,-0.2,0,0,0,44.5,47.3,48.8,0.41,0.24,0.33
OSWE,2019-11-08 17:10:00 EST,43.44318,-76.55323,308,31.1,31.2,24.8,60.6,19.0,0.000,0.100,0.00,0.000,6.1,10.1,2.4,309,18,6.4,10.9,2.3,312,17,6.4,10.9,2.3,312,17,0,29.95,-0.1,0,0,0,44.4,47.3,48.8,0.41,0.24,0.33
OSWE,2019-11-08 17:15:00 EST,43.44318,-76.55323,308,31.1,31.1,24.8,59.4,18.6,0.000,0.100,0.00,0.000,5.9,10.1,2.0,299,21,6.4,11.5,2.0,297,20,6.4,11.5,2.0,297,20,0,29.95,-0.2,0,0,0,44.4,47.3,48.9,0.41,0.24,0.33
OSWE,2019-11-08 17:20:00 EST,43.44318,-76.55323,308,30.8,31.1,25.3,61.1,19.0,0.000,0.100,0.00,0.000,5.1,10.4,2.0,294,21,5.5,11.3,2.1,296,19,5.5,11.3,2.1,296,19,0,29.95,-0.1,0,0,0,44.3,47.3,48.7,0.41,0.24,0.33
OSWE,2019-11-08 17:25:00 EST,43.44318,-76.55323,308,31.0,31.2,25.5,61.3,19.2,0.000,0.100,0.00,0.000,5.0,7.8,1.3,290,21,5.4,9.5,1.5,291,21,5.4,9.5,1.5,291,21,0,29.95,-0.2,0,0,0,44.4,47.3,48.9,0.41,0.24,0.33
OSWE,2019-11-08 17:30:00 EST,43.44318,-76.55323,308,31.1,31.2,25.0,61.8,19.5,0.000,0.100,0.00,0.000,5.6,11.5,2.1,293,19,6.2,13.3,2.4,295,18,6.2,13.3,2.4,295,18,0,29.95,-0.1,0,0,0,44.4,47.3,48.8,0.41,0.24,0.33
OSWE,2019-11-08 17:35:00 EST,43.44318,-76.55323,308,31.2,31.3,25.0,61.7,19.6,0.000,0.100,0.00,0.000,5.9,9.9,1.9,289,17,6.3,9.5,1.9,292,16,6.3,9.5,1.9,292,16,0,29.95,-0.1,0,0,0,44.4,47.3,48.6,0.41,0.24,0.33
OSWE,2019-11-08 17:40:00 EST,43.44318,-76.55323,308,31.4,31.5,24.9,61.5,19.6,0.000,0.100,0.00,0.000,6.1,12.6,2.2,298,23,6.8,14.3,2.3,299,22,6.8,14.3,2.3,299,22,0,29.95,-0.1,0,0,0,44.4,47.3,48.8,0.41,0.24,0.33
OSWE,2019-11-08 17:45:00 EST,43.44318,-76.55323,308,31.6,31.8,26.5,59.8,19.3,0.000,0.100,0.00,0.000,4.7,9.1,1.7,308,19,5.1,9.7,1.7,310,19,5.1,9.7,1.7,310,19,0,29.96,-0.1,0,0,0,44.4,47.3,48.8,0.41,0.24,0.33
OSWE,2019-11-08 17:50:00 EST,43.44318,-76.55323,308,31.7,31.8,26.1,60.2,19.5,0.000,0.100,0.00,0.000,5.4,9.8,1.8,322,19,5.7,11.5,1.9,324,19,5.7,11.5,1.9,324,19,0,29.96,-0.1,0,0,0,44.4,47.3,48.7,0.41,0.24,0.33
OSWE,2019-11-08 17:55:00 EST,43.44318,-76.55323,308,31.7,31.7,24.6,59.2,19.0,0.000,0.100,0.00,0.000,7.2,14.0,2.6,286,17,7.8,16.1,2.7,289,17,7.8,16.1,2.7,289,17,0,29.96,-0.1,0,0,0,44.4,47.3,48.6,0.41,0.24,0.33
OSWE,2019-11-08 18:00:00 EST,43.44318,-76.55323,308,31.7,31.8,25.1,57.2,18.3,0.000,0.100,0.00,0.000,6.3,9.9,1.7,295,17,7.0,10.6,1.8,296,15,7.0,10.6,1.8,296,15,0,29.96,-0.1,0,0,0,44.4,47.3,48.7,0.41,0.24,0.33
OSWE,2019-11-08 18:05:00 EST,43.44318,-76.55323,308,31.7,31.8,24.9,60.2,19.5,0.000,0.100,0.00,0.000,6.9,13.4,2.6,301,18,7.4,12.8,2.6,303,17,7.4,12.8,2.6,303,17,0,29.96,-0.1,0,0,0,44.4,47.3,48.8,0.41,0.24,0.33
OSWE,2019-11-08 18:10:00 EST,43.44318,-76.55323,308,31.9,31.9,26.4,60.1,19.6,0.000,0.100,0.00,0.000,5.1,8.9,1.3,287,18,5.5,10.5,1.6,288,17,5.5,10.5,1.6,288,17,0,29.96,-0.1,0,0,0,44.4,47.3,48.8,0.41,0.24,0.33
OSWE,2019-11-08 18:15:00 EST,43.44318,-76.55323,308,31.9,32.0,24.8,59.8,19.5,0.000,0.100,0.00,0.000,7.1,12.0,2.2,283,19,7.8,13.0,2.3,285,16,7.8,13.0,2.3,285,16,0,29.96,-0.1,0,0,0,44.4,47.3,48.8,0.41,0.24,0.33
OSWE,2019-11-08 18:20:00 EST,43.44318,-76.55323,308,31.8,31.9,25.6,58.8,19.0,0.000,0.100,0.00,0.000,6.1,10.4,1.9,278,19,6.5,11.9,2.2,280,17,6.5,11.9,2.2,280,17,0,29.96,-0.1,0,0,0,44.3,47.3,48.8,0.41,0.24,0.33
OSWE,2019-11-08 18:25:00 EST,43.44318,-76.55323,308,31.9,32.0,25.7,59.5,19.4,0.000,0.100,0.00,0.000,5.9,12.9,2.3,280,17,6.6,13.8,2.5,282,16,6.6,13.8,2.5,282,16,0,29.96,-0.1,0,0,0,44.4,47.3,48.6,0.41,0.24,0.33
OSWE,2019-11-08 18:30:00 EST,43.44318,-76.55323,308,32.1,32.1,26.4,60.2,19.8,0.000,0.100,0.00,0.000,5.3,10.4,2.4,310,20,5.9,12.2,2.6,311,21,5.9,12.2,2.6,311,21,0,29.96,-0.1,0,0,0,44.4,47.3,48.7,0.41,0.24,0.33
OSWE,2019-11-08 18:35:00 EST,43.44318,-76.55323,308,32.1,32.1,27.7,60.7,20.0,0.000,0.100,0.00,0.000,3.9,7.8,1.7,283,20,4.4,10.3,1.8,284,19,4.4,10.3,1.8,284,19,0,29.96,-0.2,0,0,0,44.4,47.3,49.0,0.41,0.24,0.33
OSWE,2019-11-08 18:40:00 EST,43.44318,-76.55323,308,32.2,32.3,26.5,60.7,20.1,0.000,0.100,0.00,0.000,5.3,9.1,1.7,288,20,6.0,10.7,1.8,291,20,6.0,10.7,1.8,291,20,0,29.96,-0.1,0,0,0,44.4,47.3,48.7,0.41,0.24,0.33
OSWE,2019-11-08 18:45:00 EST,43.44318,-76.55323,308,32.3,32.4,25.7,58.3,19.3,0.000,0.100,0.00,0.000,6.8,13.2,2.5,299,17,7.2,13.4,2.4,300,15,7.2,13.4,2.4,300,15,0,29.96,-0.1,0,0,0,44.4,47.3,48.7,0.41,0.24,0.33
OSWE,2019-11-08 18:50:00 EST,43.44318,-76.55323,308,32.3,32.3,24.2,56.2,18.4,0.000,0.100,0.00,0.000,9.2,14.5,2.7,297,17,9.7,15.2,2.7,298,15,9.7,15.2,2.7,298,15,0,29.96,-0.1,0,0,0,44.4,47.3,48.8,0.41,0.24,0.33
OSWE,2019-11-08 18:55:00 EST,43.44318,-76.55323,308,32.2,32.2,25.5,56.7,18.5,0.000,0.100,0.00,0.000,6.6,12.7,2.4,293,18,7.4,14.3,2.5,293,16,7.4,14.3,2.5,293,16,0,29.96,-0.1,0,0,0,44.4,47.3,48.6,0.41,0.24,0.33
OSWE,2019-11-08 19:00:00 EST,43.44318,-76.55323,308,32.2,32.3,26.1,58.2,19.1,0.000,0.100,0.00,0.000,5.8,9.8,1.5,287,15,6.4,12.5,1.8,287,13,6.4,12.5,1.8,287,13,0,29.96,-0.1,0,0,0,44.4,47.3,48.7,0.41,0.24,0.33
OSWE,2019-11-08 19:05:00 EST,43.44318,-76.55323,308,32.3,32.4,25.5,57.3,18.8,0.000,0.100,0.00,0.000,7.0,13.3,2.3,300,17,7.5,13.4,2.4,300,15,7.5,13.4,2.4,300,15,0,29.96,-0.1,0,0,0,44.4,47.3,48.7,0.41,0.24,0.33
OSWE,2019-11-08 19:10:00 EST,43.44318,-76.55323,308,32.3,32.4,25.7,53.4,17.3,0.000,0.100,0.00,0.000,6.8,14.6,2.5,293,14,7.3,13.4,2.5,294,13,7.3,13.4,2.5,294,13,0,29.96,-0.1,0,0,0,44.4,47.3,48.7,0.41,0.24,0.33
OSWE,2019-11-08 19:15:00 EST,43.44318,-76.55323,308,32.2,32.4,25.6,53.2,17.1,0.000,0.100,0.00,0.000,6.8,14.0,2.5,295,22,7.3,14.2,2.4,295,19,7.3,14.2,2.4,295,19,0,29.96,-0.1,0,0,0,44.4,47.3,48.8,0.41,0.24,0.33
OSWE,2019-11-08 19:20:00 EST,43.44318,-76.55323,308,32.2,32.3,25.9,54.9,17.8,0.000,0.100,0.00,0.000,6.4,12.9,2.5,290,19,6.8,12.5,2.5,292,18,6.8,12.5,2.5,292,18,0,29.96,-0.1,0,0,0,44.4,47.3,48.7,0.41,0.24,0.33
OSWE,2019-11-08 19:25:00 EST,43.44318,-76.55323,308,32.3,32.4,25.1,57.7,19.1,0.000,0.100,0.00,0.000,7.4,13.2,2.4,277,18,8.2,15.3,2.8,280,17,8.2,15.3,2.8,280,17,0,29.97,-0.1,0,0,0,44.4,47.3,48.7,0.41,0.24,0.33
OSWE,2019-11-08 19:30:00 EST,43.44318,-76.55323,308,32.3,32.4,25.0,56.7,18.7,0.000,0.100,0.00,0.000,7.6,14.4,2.7,275,18,8.4,16.1,2.9,277,16,8.4,16.1,2.9,277,16,0,29.97,-0.1,0,0,0,44.3,47.3,48.7,0.41,0.24,0.33
OSWE,2019-11-08 19:35:00 EST,43.44318,-76.55323,308,32.5,32.6,25.7,56.9,18.9,0.000,0.100,0.00,0.000,6.7,13.3,2.5,270,18,7.6,15.9,2.9,271,17,7.6,15.9,2.9,271,17,0,29.97,-0.2,0,0,0,44.4,47.3,48.6,0.41,0.24,0.33
OSWE,2019-11-08 19:40:00 EST,43.44318,-76.55323,308,32.4,32.5,27.4,56.6,18.7,0.000,0.100,0.00,0.000,4.7,9.8,2.1,294,21,5.2,11.8,2.2,295,18,5.2,11.8,2.2,295,18,0,29.97,-0.1,0,0,0,44.4,47.3,48.7,0.41,0.24,0.33
OSWE,2019-11-08 19:45:00 EST,43.44318,-76.55323,308,32.3,32.4,26.3,55.5,18.1,0.000,0.100,0.00,0.000,5.7,9.6,1.5,284,17,6.3,9.8,1.6,288,15,6.3,9.8,1.6,288,15,0,29.97,-0.2,0,0,0,44.4,47.3,48.7,0.41,0.24,0.33
OSWE,2019-11-08 19:50:00 EST,43.44318,-76.55323,308,32.4,32.5,26.9,55.8,18.3,0.000,0.100,0.00,0.000,5.2,9.1,1.8,296,24,5.7,9.7,2.0,297,19,5.7,9.7,2.0,297,19,0,29.97,-0.1,0,0,0,44.3,47.3,48.9,0.41,0.24,0.33
OSWE,2019-11-08 19:55:00 EST,43.44318,-76.55323,308,32.5,32.5,27.2,56.4,18.7,0.000,0.100,0.00,0.000,5.1,10.0,2.1,283,19,5.6,10.5,2.2,284,18,5.6,10.5,2.2,284,18,0,29.97,-0.1,0,0,0,44.4,47.3,48.7,0.41,0.24,0.33
OSWE,2019-11-08 20:00:00 EST,43.44318,-76.55323,308,32.7,32.7,25.9,57.7,19.4,0.000,0.100,0.00,0.000,6.9,12.8,2.8,287,21,7.6,14.2,3.1,289,18,7.6,14.2,3.1,289,18,0,29.96,-0.1,0,0,0,44.4,47.3,48.7,0.41,0.24,0.33
OSWE,2019-11-08 20:05:00 EST,43.44318,-76.55323,308,32.8,32.9,26.7,57.4,19.4,0.000,0.100,0.00,0.000,6.0,13.4,2.8,294,22,6.6,17.0,3.0,295,20,6.6,17.0,3.0,295,20,0,29.96,-0.1,0,0,0,44.3,47.3,48.7,0.41,0.24,0.33
OSWE,2019-11-08 20:10:00 EST,43.44318,-76.55323,308,32.7,32.8,26.7,59.0,19.9,0.000,0.100,0.00,0.000,5.9,12.7,2.4,284,24,6.5,15.0,2.8,286,21,6.5,15.0,2.8,286,21,0,29.96,-0.1,0,0,0,44.3,47.3,48.7,0.41,0.24,0.33
OSWE,2019-11-08 20:15:00 EST,43.44318,-76.55323,308,32.6,32.7,26.6,58.6,19.7,0.000,0.100,0.00,0.000,5.9,14.2,2.3,270,30,6.5,15.1,2.5,274,29,6.5,15.1,2.5,274,29,0,29.96,-0.1,0,0,0,44.3,47.3,48.7,0.41,0.24,0.33
OSWE,2019-11-08 20:20:00 EST,43.44318,-76.55323,308,32.7,32.7,25.6,58.7,19.8,0.000,0.100,0.00,0.000,7.2,12.6,2.0,276,19,8.1,15.6,2.6,278,18,8.1,15.6,2.6,278,18,0,29.96,-0.1,0,0,0,44.3,47.3,48.6,0.41,0.24,0.33
OSWE,2019-11-08 20:25:00 EST,43.44318,-76.55323,308,32.7,32.8,25.7,60.2,20.4,0.000,0.100,0.00,0.000,7.3,12.7,2.3,264,20,8.0,13.8,2.6,266,20,8.0,13.8,2.6,266,20,0,29.96,-0.1,0,0,0,44.3,47.3,48.7,0.41,0.24,0.33
OSWE,2019-11-08 20:30:00 EST,43.44318,-76.55323,308,32.8,33.0,25.7,58.6,19.9,0.000,0.100,0.00,0.000,7.5,14.6,2.5,281,20,8.2,16.1,2.8,283,17,8.2,16.1,2.8,283,17,0,29.96,-0.1,0,0,0,44.3,47.3,48.7,0.41,0.24,0.33
OSWE,2019-11-08 20:35:00 EST,43.44318,-76.55323,308,32.8,32.9,25.8,58.8,19.9,0.000,0.100,0.00,0.000,7.1,15.5,2.9,272,17,8.0,16.8,3.2,273,15,8.0,16.8,3.2,273,15,0,29.96,-0.1,0,0,0,44.4,47.3,48.7,0.41,0.24,0.33
OSWE,2019-11-08 20:40:00 EST,43.44318,-76.55323,308,32.8,32.9,26.3,59.1,20.1,0.000,0.100,0.00,0.000,6.5,14.5,2.7,287,22,7.3,15.2,2.8,288,19,7.3,15.2,2.8,288,19,0,29.96,-0.1,0,0,0,44.3,47.3,48.7,0.41,0.24,0.33
OSWE,2019-11-08 20:45:00 EST,43.44318,-76.55323,308,32.8,32.9,25.2,58.5,19.8,0.000,0.100,0.00,0.000,8.4,14.0,2.7,270,21,9.1,17.1,3.1,271,19,9.1,17.1,3.1,271,19,0,29.96,-0.1,0,0,0,44.3,47.3,48.7,0.41,0.24,0.33
OSWE,2019-11-08 20:50:00 EST,43.44318,-76.55323,308,32.8,32.9,27.3,58.3,19.7,0.000,0.100,0.00,0.000,5.3,10.4,2.2,278,22,5.8,11.2,2.4,280,20,5.8,11.2,2.4,280,20,0,29.96,-0.1,0,0,0,44.2,47.3,48.7,0.41,0.24,0.33
OSWE,2019-11-08 20:55:00 EST,43.44318,-76.55323,308,32.9,32.9,26.0,59.6,20.3,0.000,0.100,0.00,0.000,7.0,12.1,2.4,288,25,7.8,13.4,2.6,289,22,7.8,13.4,2.6,289,22,0,29.96,-0.1,0,0,0,44.1,47.3,48.7,0.41,0.24,0.33
OSWE,2019-11-08 21:00:00 EST,43.44318,-76.55323,308,32.6,32.5,27.0,61.4,20.8,0.004,0.104,0.00,0.004,5.3,11.0,2.0,272,25,5.8,11.3,2.1,274,23,5.8,11.3,2.1,274,23,0,29.97,-0.2,0,0,0,44.1,47.3,48.7,0.41,0.24,0.33
OSWE,2019-11-08 21:05:00 EST,43.44318,-76.55323,308,32.5,32.5,27.4,60.8,20.4,0.001,0.105,0.00,0.005,4.7,11.7,1.8,259,27,5.3,12.4,2.0,261,25,5.3,12.4,2.0,261,25,0,29.96,-0.1,0,0,0,44.1,47.3,48.6,0.41,0.24,0.33
OSWE,2019-11-08 21:10:00 EST,43.44318,-76.55323,308,32.8,32.8,26.6,59.3,20.2,0.000,0.105,0.00,0.005,6.4,9.8,1.7,246,18,6.9,11.1,2.0,248,18,6.9,11.1,2.0,248,18,0,29.96,-0.1,0,0,0,44.1,47.2,48.7,0.41,0.24,0.33
OSWE,2019-11-08 21:15:00 EST,43.44318,-76.55323,308,33.0,33.0,26.5,58.5,20.0,0.000,0.105,0.00,0.005,6.5,11.9,2.4,251,24,7.2,12.4,2.4,253,24,7.2,12.4,2.4,253,24,0,29.96,-0.1,0,0,0,44.1,47.3,48.7,0.41,0.24,0.33
OSWE,2019-11-08 21:20:00 EST,43.44318,-76.55323,308,33.0,33.0,29.6,57.8,19.7,0.000,0.105,0.00,0.005,3.2,7.8,1.9,241,33,3.7,11.7,2.1,244,33,3.7,11.7,2.1,244,33,0,29.96,-0.2,0,0,0,44.1,47.2,48.6,0.41,0.24,0.33
OSWE,2019-11-08 21:25:00 EST,43.44318,-76.55323,308,31.8,31.7,27.2,62.2,20.3,0.000,0.105,0.00,0.005,3.9,9.6,1.7,222,35,4.6,12.2,1.9,227,34,4.6,12.2,1.9,227,34,0,29.96,-0.2,0,0,0,44.1,47.3,48.6,0.41,0.24,0.33
OSWE,2019-11-08 21:30:00 EST,43.44318,-76.55323,308,30.5,30.4,26.5,69.6,21.7,0.000,0.105,0.00,0.005,3.5,7.3,1.3,215,20,3.8,8.1,1.6,217,18,3.8,8.1,1.6,217,18,0,29.96,-0.1,0,0,0,44.1,47.2,48.6,0.41,0.24,0.33
OSWE,2019-11-08 21:35:00 EST,43.44318,-76.55323,308,30.3,30.2,26.0,71.8,22.3,0.000,0.105,0.00,0.005,3.9,6.4,1.1,192,18,4.1,6.3,1.1,193,17,4.1,6.3,1.1,193,17,0,29.96,-0.1,0,0,0,44.1,47.1,48.6,0.41,0.24,0.33
OSWE,2019-11-08 21:40:00 EST,43.44318,-76.55323,308,30.3,30.3,25.1,72.9,22.7,0.000,0.105,0.00,0.005,4.5,9.1,1.9,220,41,5.0,9.1,2.0,224,42,5.0,9.1,2.0,224,42,0,29.96,-0.1,0,0,0,44.1,47.2,48.7,0.41,0.24,0.33
OSWE,2019-11-08 21:45:00 EST,43.44318,-76.55323,308,30.7,30.7,27.0,73.8,23.4,0.000,0.105,0.00,0.005,3.4,8.2,1.4,240,23,3.7,7.4,1.4,241,23,3.7,7.4,1.4,241,23,0,29.96,-0.1,0,0,0,44.1,47.2,48.7,0.41,0.24,0.33
OSWE,2019-11-08 21:50:00 EST,43.44318,-76.55323,308,30.5,30.5,25.4,73.5,23.1,0.000,0.105,0.00,0.005,4.5,10.2,2.6,223,17,4.9,10.8,2.5,226,18,4.9,10.8,2.5,226,18,0,29.96,-0.1,0,0,0,44.1,47.1,48.7,0.41,0.24,0.33
OSWE,2019-11-08 21:55:00 EST,43.44318,-76.55323,308,30.4,30.4,24.9,73.1,22.8,0.000,0.105,0.00,0.005,5.1,10.0,1.5,223,17,5.4,10.6,1.5,223,17,5.4,10.6,1.5,223,17,0,29.96,-0.2,0,0,0,44.1,47.1,48.7,0.41,0.24,0.33
OSWE,2019-11-08 22:00:00 EST,43.44318,-76.55323,308,30.3,30.2,25.2,72.9,22.6,0.000,0.105,0.00,0.001,4.6,8.4,1.6,216,21,4.9,8.1,1.5,217,22,4.9,8.1,1.5,217,22,0,29.96,-0.2,0,0,0,44.1,47.2,48.7,0.41,0.24,0.33
OSWE,2019-11-08 22:05:00 EST,43.44318,-76.55323,308,30.3,30.3,25.4,74.0,23.0,0.000,0.105,0.00,0.000,4.3,11.9,2.3,230,29,4.6,12.7,2.8,233,29,4.6,12.7,2.8,233,29,0,29.96,-0.0,0,0,0,44.0,47.1,48.7,0.41,0.24,0.33
OSWE,2019-11-08 22:10:00 EST,43.44318,-76.55323,308,31.6,31.6,22.5,74.9,24.5,0.000,0.105,0.00,0.000,10.4,18.0,2.9,246,17,11.3,20.3,3.3,248,16,11.3,20.3,3.3,248,16,0,29.96,-0.1,0,0,0,44.1,47.1,48.7,0.41,0.24,0.33
OSWE,2019-11-08 22:15:00 EST,43.44318,-76.55323,308,31.7,31.7,24.8,73.5,24.2,0.000,0.105,0.00,0.000,7.1,15.0,2.6,237,19,7.6,16.2,2.7,238,18,7.6,16.2,2.7,238,18,0,29.96,-0.1,0,0,0,44.1,47.1,48.7,0.41,0.24,0.33
OSWE,2019-11-08 22:20:00 EST,43.44318,-76.55323,308,31.4,31.3,24.1,76.4,24.8,0.000,0.105,0.00,0.000,7.4,13.5,2.6,247,14,8.0,13.9,2.6,248,13,8.0,13.9,2.6,248,13,0,29.96,-0.2,0,0,0,44.1,47.1,48.7,0.41,0.24,0.33
OSWE,2019-11-08 22:25:00 EST,43.44318,-76.55323,308,31.0,30.8,23.9,80.0,25.5,0.000,0.105,0.00,0.000,7.4,12.3,2.0,238,16,7.6,13.4,2.0,239,14,7.6,13.4,2.0,239,14,0,29.96,-0.1,0,0,0,44.1,47.1,48.6,0.41,0.24,0.33
OSWE,2019-11-08 22:30:00 EST,43.44318,-76.55323,308,30.8,30.7,23.9,80.2,25.5,0.000,0.105,0.00,0.000,7.1,12.6,2.2,220,18,7.4,12.8,2.2,218,19,7.4,12.8,2.2,218,19,0,29.96,-0.2,0,0,0,44.1,47.1,48.6,0.41,0.24,0.33
OSWE,2019-11-08 22:35:00 EST,43.44318,-76.55323,308,30.5,30.3,23.6,78.9,24.7,0.000,0.105,0.00,0.000,6.7,11.9,2.5,220,22,7.1,13.5,2.5,220,20,7.1,13.5,2.5,220,20,0,29.96,-0.1,0,0,0,44.1,47.1,48.6,0.41,0.24,0.33
OSWE,2019-11-08 22:40:00 EST,43.44318,-76.55323,308,30.2,30.0,23.4,79.0,24.5,0.000,0.105,0.00,0.000,6.5,14.0,2.4,222,19,6.8,13.5,2.3,221,18,6.8,13.5,2.3,221,18,0,29.96,-0.1,0,0,0,44.1,47.1,48.7,0.41,0.24,0.33
OSWE,2019-11-08 22:45:00 EST,43.44318,-76.55323,308,30.1,29.9,22.5,79.0,24.3,0.000,0.105,0.00,0.000,7.7,12.8,2.3,212,14,8.0,14.0,2.4,212,14,8.0,14.0,2.4,212,14,0,29.95,-0.1,0,0,0,44.1,47.1,48.6,0.41,0.24,0.33
OSWE,2019-11-08 22:50:00 EST,43.44318,-76.55323,308,29.8,29.7,22.4,79.1,24.1,0.000,0.105,0.00,0.000,7.2,12.3,1.8,210,16,7.7,13.9,2.1,207,15,7.7,13.9,2.1,207,15,0,29.95,-0.2,0,0,0,44.1,47.1,48.6,0.41,0.24,0.33
OSWE,2019-11-08 22:55:00 EST,43.44318,-76.55323,308,29.3,29.1,21.2,79.2,23.7,0.000,0.105,0.00,0.000,8.2,12.6,2.4,214,14,8.5,13.4,2.4,212,11,8.5,13.4,2.4,212,11,0,29.95,-0.2,0,0,0,44.1,47.1,48.7,0.41,0.24,0.33
OSWE,2019-11-08 23:00:00 EST,43.44318,-76.55323,308,28.7,28.5,20.9,82.0,23.9,0.000,0.105,0.00,0.000,7.6,12.8,2.3,223,16,7.9,13.2,2.2,224,15,7.9,13.2,2.2,224,15,0,29.95,-0.2,0,0,0,43.9,47.1,48.6,0.41,0.24,0.33
OSWE,2019-11-08 23:05:00 EST,43.44318,-76.55323,308,28.4,28.3,24.1,83.2,24.0,0.000,0.105,0.00,0.000,3.5,7.1,1.5,215,17,3.9,8.0,1.5,217,19,3.9,8.0,1.5,217,19,0,29.95,-0.1,0,0,0,44.0,47.1,48.6,0.41,0.24,0.33
OSWE,2019-11-08 23:10:00 EST,43.44318,-76.55323,308,28.5,28.4,23.6,82.0,23.7,0.000,0.105,0.00,0.000,4.2,7.5,1.7,229,19,4.4,9.1,1.8,231,20,4.4,9.1,1.8,231,20,0,29.95,-0.1,0,0,0,44.0,47.1,48.6,0.41,0.24,0.33
OSWE,2019-11-08 23:15:00 EST,43.44318,-76.55323,308,28.3,28.2,21.7,84.2,24.2,0.007,0.112,0.00,0.007,5.7,10.8,1.9,213,17,6.2,11.3,1.8,213,16,6.2,11.3,1.8,213,16,0,29.95,-0.1,0,0,0,44.0,47.1,48.7,0.41,0.24,0.33
OSWE,2019-11-08 23:20:00 EST,43.44318,-76.55323,308,28.3,28.2,22.2,85.7,24.6,0.001,0.113,0.00,0.008,5.3,8.6,1.2,233,17,5.6,10.2,1.4,234,16,5.6,10.2,1.4,234,16,0,29.95,-0.1,0,0,0,44.0,47.1,48.7,0.41,0.24,0.33
OSWE,2019-11-08 23:25:00 EST,43.44318,-76.55323,308,28.3,28.1,23.5,84.2,24.1,0.001,0.113,0.00,0.009,4.0,7.5,1.4,222,20,4.2,9.3,1.6,221,22,4.2,9.3,1.6,221,22,0,29.95,-0.1,0,0,0,44.0,47.1,48.7,0.41,0.24,0.33
OSWE,2019-11-08 23:30:00 EST,43.44318,-76.55323,308,28.1,28.0,23.0,84.3,24.0,0.000,0.113,0.00,0.009,4.1,9.3,1.7,188,17,4.6,11.3,1.9,187,16,4.6,11.3,1.9,187,16,0,29.95,-0.1,0,0,0,44.0,47.1,48.7,0.41,0.24,0.33
OSWE,2019-11-08 23:35:00 EST,43.44318,-76.55323,308,28.1,28.1,22.8,81.5,23.2,0.000,0.113,0.00,0.009,4.5,6.7,1.2,190,20,4.8,8.1,1.4,191,20,4.8,8.1,1.4,191,20,0,29.95,-0.1,0,0,0,44.0,47.1,48.6,0.41,0.24,0.32
OSWE,2019-11-08 23:40:00 EST,43.44318,-76.55323,308,28.2,28.2,22.4,77.9,22.1,0.000,0.113,0.00,0.009,4.7,9.5,1.4,203,17,5.1,10.7,1.7,202,15,5.1,10.7,1.7,202,15,0,29.95,-0.1,0,0,0,44.0,47.1,48.6,0.41,0.24,0.33
OSWE,2019-11-08 23:45:00 EST,43.44318,-76.55323,308,28.3,28.3,21.4,72.9,20.7,0.000,0.113,0.00,0.009,6.2,12.7,2.3,211,15,6.5,14.1,2.4,212,13,6.5,14.1,2.4,212,13,0,29.95,-0.2,0,0,0,44.0,47.1,48.6,0.41,0.24,0.33
OSWE,2019-11-08 23:50:00 EST,43.44318,-76.55323,308,28.2,28.2,21.5,71.0,20.0,0.000,0.113,0.00,0.009,5.9,9.3,1.7,215,15,6.2,10.5,1.8,216,15,6.2,10.5,1.8,216,15,0,29.95,-0.2,0,0,0,43.9,47.1,48.7,0.41,0.24,0.32
OSWE,2019-11-08 23:55:00 EST,43.44318,-76.55323,308,28.0,28.2,22.1,70.8,19.8,0.000,0.113,0.00,0.009,5.0,9.1,1.8,211,17,5.3,9.7,2.0,210,14,5.3,9.7,2.0,210,14,0,29.95,-0.2,0,0,0,44.0,47.1,48.6,0.41,0.24,0.32
OTIS,2019-11-08 00:00:00 EST,41.48249,-74.50368,778,33.8,33.8,26.5,78.5,27.9,0.000,0.298,0.00,0.000,8.2,16.3,3.2,326,29,9.0,19.8,3.4,331,28,9.0,19.8,3.4,331,28,0,29.20,-0.0,0,0,0,43.8,47.2,50.0,0.20,0.14,0.10
OTIS,2019-11-08 00:05:00 EST,41.48249,-74.50368,778,33.7,33.6,25.2,75.9,26.9,0.000,0.000,0.00,0.000,10.6,17.2,3.2,331,25,11.5,19.1,3.4,338,21,11.5,19.1,3.4,338,21,0,29.20,-0.0,0,0,0,43.9,47.2,50.0,0.20,0.14,0.10
OTIS,2019-11-08 00:10:00 EST,41.48249,-74.50368,778,33.4,33.4,27.9,76.7,26.9,0.000,0.000,0.00,0.000,5.3,10.2,2.5,335,29,6.1,12.1,2.6,339,22,6.1,12.1,2.6,339,22,0,29.20,-0.0,0,0,0,43.8,47.1,50.0,0.20,0.14,0.10
OTIS,2019-11-08 00:15:00 EST,41.48249,-74.50368,778,33.2,33.2,26.6,75.0,26.1,0.000,0.000,0.00,0.000,6.7,12.1,2.2,338,35,7.6,13.9,2.8,341,26,7.6,13.9,2.8,341,26,0,29.20,-0.0,0,0,0,43.8,47.0,50.0,0.20,0.14,0.10
OTIS,2019-11-08 00:20:00 EST,41.48249,-74.50368,778,32.9,32.9,26.8,74.9,25.8,0.000,0.000,0.00,0.000,6.0,13.8,2.6,320,27,6.7,15.5,2.7,324,23,6.7,15.5,2.7,324,23,0,29.20,-0.0,0,0,0,43.7,47.1,50.2,0.20,0.14,0.10
OTIS,2019-11-08 00:25:00 EST,41.48249,-74.50368,778,32.8,32.8,26.3,72.2,24.8,0.000,0.000,0.00,0.000,6.5,11.5,1.8,334,26,7.2,12.2,2.2,338,24,7.2,12.2,2.2,338,24,0,29.20,-0.1,0,0,0,43.7,47.0,49.9,0.20,0.14,0.10
OTIS,2019-11-08 00:30:00 EST,41.48249,-74.50368,778,32.5,32.6,28.3,72.8,24.8,0.000,0.000,0.00,0.000,3.6,9.1,1.6,360,25,4.4,10.7,1.9,359,17,4.4,10.7,1.9,359,17,0,29.20,-0.1,0,0,0,43.6,47.0,50.0,0.20,0.14,0.10
OTIS,2019-11-08 00:35:00 EST,41.48249,-74.50368,778,32.2,32.2,25.5,65.9,22.1,0.000,0.000,0.00,0.000,6.3,14.2,3.0,343,31,7.3,17.3,3.2,346,28,7.3,17.3,3.2,346,28,0,29.20,-0.0,0,0,0,43.6,47.0,49.9,0.20,0.14,0.10
OTIS,2019-11-08 00:40:00 EST,41.48249,-74.50368,778,31.9,32.0,24.2,60.7,19.9,0.000,0.000,0.00,0.000,8.2,18.0,3.1,331,19,9.0,18.7,3.2,334,16,9.0,18.7,3.2,334,16,0,29.20,-0.1,0,0,0,43.5,47.0,50.0,0.20,0.14,0.10
OTIS,2019-11-08 00:45:00 EST,41.48249,-74.50368,778,31.5,31.6,25.5,61.6,19.9,0.000,0.000,0.00,0.000,5.2,14.6,2.9,336,32,6.3,18.8,3.4,339,32,6.3,18.8,3.4,339,32,0,29.19,-0.1,0,0,0,43.5,47.0,49.8,0.20,0.13,0.10
OTIS,2019-11-08 00:50:00 EST,41.48249,-74.50368,778,31.5,31.5,25.0,61.2,19.7,0.000,0.000,0.00,0.000,6.2,12.7,2.3,326,22,6.8,13.5,2.5,331,22,6.8,13.5,2.5,331,22,0,29.19,-0.1,0,0,0,43.5,47.0,49.9,0.20,0.13,0.10
OTIS,2019-11-08 00:55:00 EST,41.48249,-74.50368,778,31.3,31.4,25.6,62.6,20.0,0.000,0.000,0.00,0.000,5.3,12.1,2.4,318,28,5.8,11.8,2.3,322,26,5.8,11.8,2.3,322,26,0,29.19,-0.1,0,0,0,43.4,47.1,49.9,0.20,0.13,0.10
OTIS,2019-11-08 01:00:00 EST,41.48249,-74.50368,778,31.2,31.4,25.1,62.4,19.9,0.000,0.000,0.00,0.000,5.6,10.2,1.3,327,26,6.2,11.4,1.6,330,23,6.2,11.4,1.6,330,23,0,29.19,-0.1,0,0,0,43.3,47.0,49.9,0.20,0.14,0.10
OTIS,2019-11-08 01:05:00 EST,41.48249,-74.50368,778,31.0,31.1,25.4,63.9,20.2,0.000,0.000,0.00,0.000,4.7,12.1,2.3,336,31,5.5,12.1,2.3,340,29,5.5,12.1,2.3,340,29,0,29.19,-0.0,0,0,0,43.3,47.0,49.8,0.20,0.14,0.10
OTIS,2019-11-08 01:10:00 EST,41.48249,-74.50368,778,30.9,31.0,27.0,64.6,20.3,0.000,0.000,0.00,0.000,3.4,7.0,1.0,341,39,3.8,7.4,1.0,345,31,3.8,7.4,1.0,345,31,0,29.19,-0.1,0,0,0,43.2,47.0,49.8,0.20,0.14,0.10
OTIS,2019-11-08 01:15:00 EST,41.48249,-74.50368,778,30.7,30.9,23.7,66.3,20.8,0.000,0.000,0.00,0.000,6.9,14.5,2.6,313,26,7.4,13.5,2.4,318,24,7.4,13.5,2.4,318,24,0,29.19,0.0,0,0,0,43.2,47.0,49.9,0.20,0.14,0.10
OTIS,2019-11-08 01:20:00 EST,41.48249,-74.50368,778,30.6,30.8,23.8,67.8,21.2,0.000,0.000,0.00,0.000,6.2,15.6,2.9,325,20,6.9,14.6,2.8,326,19,6.9,14.6,2.8,326,19,0,29.19,0.0,0,0,0,43.2,47.0,49.8,0.20,0.14,0.10
OTIS,2019-11-08 01:25:00 EST,41.48249,-74.50368,778,30.7,30.8,22.8,66.6,20.9,0.000,0.000,0.00,0.000,8.0,13.0,2.4,329,32,8.9,16.0,2.5,333,25,8.9,16.0,2.5,333,25,0,29.19,-0.1,0,0,0,43.1,47.0,49.8,0.20,0.13,0.10
OTIS,2019-11-08 01:30:00 EST,41.48249,-74.50368,778,30.4,30.4,24.0,68.6,21.3,0.000,0.000,0.00,0.000,5.7,13.8,2.6,338,35,6.4,16.9,2.8,342,24,6.4,16.9,2.8,342,24,0,29.20,-0.0,0,0,0,43.1,47.0,49.8,0.20,0.13,0.10
OTIS,2019-11-08 01:35:00 EST,41.48249,-74.50368,778,30.3,30.4,25.0,68.0,21.0,0.000,0.000,0.00,0.000,4.6,9.8,1.9,327,21,5.1,10.6,2.1,332,21,5.1,10.6,2.1,332,21,0,29.20,-0.0,0,0,0,43.0,47.0,49.8,0.20,0.14,0.10
OTIS,2019-11-08 01:40:00 EST,41.48249,-74.50368,778,30.2,30.3,24.5,68.8,21.1,0.000,0.000,0.00,0.000,5.0,11.0,2.2,325,22,5.4,11.7,2.2,330,20,5.4,11.7,2.2,330,20,0,29.21,-0.0,0,0,0,43.0,47.0,49.8,0.20,0.14,0.10
OTIS,2019-11-08 01:45:00 EST,41.48249,-74.50368,778,30.2,30.3,23.5,67.6,20.8,0.000,0.000,0.00,0.000,6.1,12.6,2.3,329,21,6.7,13.4,2.4,333,20,6.7,13.4,2.4,333,20,0,29.21,-0.1,0,0,0,42.8,47.0,49.8,0.20,0.14,0.10
OTIS,2019-11-08 01:50:00 EST,41.48249,-74.50368,778,30.2,30.2,23.9,66.0,20.2,0.000,0.000,0.00,0.000,5.6,13.2,2.6,315,30,6.2,15.1,2.8,316,30,6.2,15.1,2.8,316,30,0,29.21,-0.0,0,0,0,42.8,47.0,49.8,0.20,0.14,0.10
OTIS,2019-11-08 01:55:00 EST,41.48249,-74.50368,778,30.0,30.1,23.5,66.5,20.2,0.000,0.000,0.00,0.000,5.8,9.6,1.6,324,22,6.4,11.0,1.7,328,23,6.4,11.0,1.7,328,23,0,29.20,-0.1,0,0,0,42.8,47.0,49.8,0.20,0.13,0.10
OTIS,2019-11-08 02:00:00 EST,41.48249,-74.50368,778,29.7,29.9,23.6,67.4,20.3,0.000,0.000,0.00,0.000,5.4,9.2,1.7,320,27,5.9,9.7,1.6,328,23,5.9,9.7,1.6,328,23,0,29.20,0.0,0,0,0,42.8,46.9,49.8,0.20,0.14,0.10
OTIS,2019-11-08 02:05:00 EST,41.48249,-74.50368,778,29.8,29.9,24.9,67.0,20.1,0.000,0.000,0.00,0.000,3.8,8.1,1.7,341,28,4.5,9.9,1.7,344,21,4.5,9.9,1.7,344,21,0,29.20,0.0,0,0,0,42.7,47.0,49.8,0.20,0.14,0.10
OTIS,2019-11-08 02:10:00 EST,41.48249,-74.50368,778,29.6,29.7,25.3,67.3,20.1,0.000,0.000,0.00,0.000,3.6,6.7,1.1,333,27,4.0,8.1,1.3,340,24,4.0,8.1,1.3,340,24,0,29.20,0.0,0,0,0,42.6,46.9,49.8,0.20,0.14,0.10
OTIS,2019-11-08 02:15:00 EST,41.48249,-74.50368,778,29.5,29.7,24.1,66.8,19.9,0.000,0.000,0.00,0.000,4.3,6.7,1.7,321,24,5.1,8.6,1.8,324,22,5.1,8.6,1.8,324,22,0,29.20,-0.0,0,0,0,42.6,47.0,49.8,0.19,0.14,0.11
OTIS,2019-11-08 02:20:00 EST,41.48249,-74.50368,778,29.5,29.7,25.0,66.6,19.8,0.000,0.000,0.00,0.000,3.7,6.1,1.0,334,29,4.2,7.3,1.2,338,26,4.2,7.3,1.2,338,26,0,29.21,-0.1,0,0,0,42.6,46.9,49.8,0.20,0.14,0.10
OTIS,2019-11-08 02:25:00 EST,41.48249,-74.50368,778,29.3,29.5,24.3,67.2,19.8,0.000,0.000,0.00,0.000,3.9,8.8,1.7,320,25,4.6,9.4,1.7,322,22,4.6,9.4,1.7,322,22,0,29.21,0.0,0,0,0,42.4,46.8,49.8,0.20,0.13,0.10
OTIS,2019-11-08 02:30:00 EST,41.48249,-74.50368,778,29.2,29.5,24.9,67.4,19.7,0.000,0.000,0.00,0.000,3.3,9.1,1.8,335,37,3.9,8.7,1.7,340,32,3.9,8.7,1.7,340,32,0,29.21,-0.0,0,0,0,42.4,46.8,49.8,0.20,0.13,0.10
OTIS,2019-11-08 02:35:00 EST,41.48249,-74.50368,778,29.2,29.4,23.0,68.1,20.0,0.000,0.000,0.00,0.000,5.4,9.6,2.0,336,24,6.0,11.1,2.2,341,22,6.0,11.1,2.2,341,22,0,29.21,0.0,0,0,0,42.4,46.8,49.8,0.20,0.14,0.10
OTIS,2019-11-08 02:40:00 EST,41.48249,-74.50368,778,29.2,29.4,24.8,67.7,19.9,0.000,0.000,0.00,0.000,3.6,7.8,1.8,340,28,4.1,9.1,2.0,343,25,4.1,9.1,2.0,343,25,0,29.21,-0.1,0,0,0,42.4,46.8,49.8,0.20,0.14,0.10
OTIS,2019-11-08 02:45:00 EST,41.48249,-74.50368,778,29.2,29.2,25.1,67.8,19.8,0.000,0.000,0.00,0.000,3.3,5.2,0.8,330,23,3.7,6.0,1.1,335,21,3.7,6.0,1.1,335,21,0,29.21,-0.1,0,0,0,42.4,46.8,49.8,0.20,0.14,0.10
OTIS,2019-11-08 02:50:00 EST,41.48249,-74.50368,778,29.0,29.2,25.2,68.1,19.8,0.000,0.000,0.00,0.000,3.1,7.2,1.4,314,25,3.5,8.3,1.5,316,22,3.5,8.3,1.5,316,22,0,29.21,-0.0,0,0,0,42.3,46.8,49.8,0.20,0.14,0.10
OTIS,2019-11-08 02:55:00 EST,41.48249,-74.50368,778,28.9,29.1,24.2,68.2,19.7,0.000,0.000,0.00,0.000,3.7,7.3,1.2,335,36,4.3,7.4,1.3,339,32,4.3,7.4,1.3,339,32,0,29.20,-0.1,0,0,0,42.3,46.8,49.8,0.20,0.14,0.10
OTIS,2019-11-08 03:00:00 EST,41.48249,-74.50368,778,28.6,29.0,28.6,70.5,20.2,0.000,0.000,0.00,0.000,2.5,4.5,0.6,331,24,2.9,5.0,0.8,339,18,2.9,5.0,0.8,339,18,0,29.20,-0.0,0,0,0,42.2,46.8,49.8,0.20,0.14,0.10
OTIS,2019-11-08 03:05:00 EST,41.48249,-74.50368,778,28.6,28.9,24.4,70.2,20.2,0.000,0.000,0.00,0.000,3.3,6.4,1.3,344,25,3.8,8.7,1.7,348,22,3.8,8.7,1.7,348,22,0,29.20,0.0,0,0,0,42.2,46.8,49.8,0.20,0.13,0.10
OTIS,2019-11-08 03:10:00 EST,41.48249,-74.50368,778,28.7,28.8,24.4,70.0,20.1,0.000,0.000,0.00,0.000,2.8,6.3,1.5,355,35,3.9,7.9,1.8,355,27,3.9,7.9,1.8,355,27,0,29.19,-0.0,0,0,0,42.1,46.8,49.8,0.20,0.14,0.10
OTIS,2019-11-08 03:15:00 EST,41.48249,-74.50368,778,28.7,28.9,22.2,69.7,20.1,0.000,0.000,0.00,0.000,5.5,10.3,1.9,358,28,6.2,12.4,2.3,0,24,6.2,12.4,2.3,0,24,0,29.19,-0.0,0,0,0,42.1,46.7,49.8,0.20,0.14,0.10
OTIS,2019-11-08 03:20:00 EST,41.48249,-74.50368,778,28.6,28.7,24.5,70.4,20.2,0.000,0.000,0.00,0.000,3.5,6.1,1.3,326,23,3.7,7.2,1.5,331,23,3.7,7.2,1.5,331,23,0,29.19,-0.1,0,0,0,42.0,46.8,49.8,0.20,0.14,0.10
OTIS,2019-11-08 03:25:00 EST,41.48249,-74.50368,778,28.4,28.6,24.5,71.2,20.2,0.000,0.000,0.00,0.000,3.3,6.1,1.0,313,14,3.5,6.5,1.1,315,15,3.5,6.5,1.1,315,15,0,29.19,-0.1,0,0,0,42.0,46.8,49.8,0.19,0.14,0.10
OTIS,2019-11-08 03:30:00 EST,41.48249,-74.50368,778,28.0,28.4,24.7,73.3,20.5,0.000,0.000,0.00,0.000,2.8,6.0,1.4,312,18,3.0,6.7,1.3,316,18,3.0,6.7,1.3,316,18,0,29.20,-0.0,0,0,0,41.9,46.7,49.8,0.19,0.13,0.10
OTIS,2019-11-08 03:35:00 EST,41.48249,-74.50368,778,27.9,28.3,27.9,73.3,20.5,0.000,0.000,0.00,0.000,2.7,5.0,1.0,301,17,2.9,5.7,1.0,303,16,2.9,5.7,1.0,303,16,0,29.20,-0.0,0,0,0,41.9,46.8,49.8,0.19,0.13,0.10
OTIS,2019-11-08 03:40:00 EST,41.48249,-74.50368,778,28.0,28.3,22.4,73.6,20.7,0.000,0.000,0.00,0.000,4.5,9.1,1.5,324,18,5.0,10.4,1.7,328,19,5.0,10.4,1.7,328,19,0,29.20,0.0,0,0,0,41.8,46.7,49.8,0.19,0.13,0.10
OTIS,2019-11-08 03:45:00 EST,41.48249,-74.50368,778,28.3,28.4,22.8,72.1,20.4,0.000,0.000,0.00,0.000,4.7,7.2,1.2,306,16,4.9,8.6,1.3,309,15,4.9,8.6,1.3,309,15,0,29.20,-0.0,0,0,0,41.7,46.6,49.8,0.19,0.14,0.10
OTIS,2019-11-08 03:50:00 EST,41.48249,-74.50368,778,27.9,28.3,24.2,73.3,20.5,0.000,0.000,0.00,0.000,3.2,5.0,0.8,293,17,3.3,5.1,0.9,295,17,3.3,5.1,0.9,295,17,0,29.20,-0.1,0,0,0,41.8,46.6,49.8,0.19,0.14,0.10
OTIS,2019-11-08 03:55:00 EST,41.48249,-74.50368,778,27.4,28.0,27.4,74.7,20.4,0.000,0.000,0.00,0.000,2.2,3.7,0.6,286,13,2.3,4.4,0.7,289,13,2.3,4.4,0.7,289,13,0,29.20,0.0,0,0,0,41.7,46.6,49.8,0.19,0.14,0.10
OTIS,2019-11-08 04:00:00 EST,41.48249,-74.50368,778,27.8,28.0,24.3,74.5,20.8,0.000,0.000,0.00,0.000,2.9,5.3,1.1,284,20,3.2,6.3,1.3,285,20,3.2,6.3,1.3,285,20,0,29.21,-0.1,0,0,0,41.7,46.6,49.8,0.19,0.13,0.10
OTIS,2019-11-08 04:05:00 EST,41.48249,-74.50368,778,27.5,27.8,22.2,75.6,20.8,0.000,0.000,0.00,0.000,4.2,6.6,0.9,284,20,4.6,7.1,1.0,285,20,4.6,7.1,1.0,285,20,0,29.21,0.0,0,0,0,41.7,46.6,49.8,0.19,0.14,0.10
OTIS,2019-11-08 04:10:00 EST,41.48249,-74.50368,778,27.5,27.7,23.2,76.4,21.1,0.000,0.000,0.00,0.000,3.3,6.5,1.0,315,20,3.7,9.1,1.2,317,21,3.7,9.1,1.2,317,21,0,29.21,0.0,0,0,0,41.6,46.6,49.8,0.19,0.14,0.10
OTIS,2019-11-08 04:15:00 EST,41.48249,-74.50368,778,27.4,27.7,22.6,76.8,21.1,0.000,0.000,0.00,0.000,3.9,7.6,1.2,309,17,4.2,7.0,1.1,310,17,4.2,7.0,1.1,310,17,0,29.21,-0.1,0,0,0,41.5,46.6,49.8,0.19,0.13,0.10
OTIS,2019-11-08 04:20:00 EST,41.48249,-74.50368,778,27.3,27.6,23.1,76.8,21.0,0.000,0.000,0.00,0.000,3.4,6.1,1.0,305,17,3.6,6.1,0.9,307,17,3.6,6.1,0.9,307,17,0,29.21,0.0,0,0,0,41.5,46.6,49.8,0.19,0.14,0.10
OTIS,2019-11-08 04:25:00 EST,41.48249,-74.50368,778,27.3,27.5,23.6,76.9,21.0,0.000,0.000,0.00,0.000,3.1,6.1,1.1,310,22,3.3,6.6,1.1,314,20,3.3,6.6,1.1,314,20,0,29.21,0.0,0,0,0,41.4,46.5,49.8,0.19,0.14,0.10
OTIS,2019-11-08 04:30:00 EST,41.48249,-74.50368,778,27.2,27.4,22.4,77.6,21.1,0.000,0.000,0.00,0.000,3.7,5.9,1.0,303,25,4.1,6.6,1.1,305,24,4.1,6.6,1.1,305,24,0,29.22,0.1,0,0,0,41.4,46.5,49.8,0.19,0.14,0.10
OTIS,2019-11-08 04:35:00 EST,41.48249,-74.50368,778,27.2,27.3,22.4,78.1,21.2,0.000,0.000,0.00,0.000,3.7,9.0,1.9,308,24,4.0,9.0,1.8,313,25,4.0,9.0,1.8,313,25,0,29.22,-0.1,0,0,0,41.4,46.5,49.8,0.19,0.14,0.10
OTIS,2019-11-08 04:40:00 EST,41.48249,-74.50368,778,27.0,27.2,27.0,78.8,21.3,0.000,0.000,0.00,0.000,2.4,5.3,1.1,308,22,2.8,6.7,1.2,312,23,2.8,6.7,1.2,312,23,0,29.22,-0.0,0,0,0,41.4,46.5,49.8,0.19,0.14,0.10
OTIS,2019-11-08 04:45:00 EST,41.48249,-74.50368,778,27.2,27.3,27.2,78.4,21.4,0.000,0.000,0.00,0.000,2.3,4.2,0.9,313,16,2.4,4.7,0.9,317,16,2.4,4.7,0.9,317,16,0,29.22,0.1,0,0,0,41.4,46.4,49.8,0.19,0.13,0.10
OTIS,2019-11-08 04:50:00 EST,41.48249,-74.50368,778,27.2,27.3,27.2,77.3,21.0,0.000,0.000,0.00,0.000,2.1,4.4,1.1,326,27,2.6,5.6,1.1,332,33,2.6,5.6,1.1,332,33,0,29.22,-0.0,0,0,0,41.3,46.3,49.8,0.19,0.14,0.10
OTIS,2019-11-08 04:55:00 EST,41.48249,-74.50368,778,27.1,27.3,27.1,77.3,21.0,0.000,0.000,0.00,0.000,2.2,4.4,1.0,351,31,2.7,5.3,1.1,352,32,2.7,5.3,1.1,352,32,0,29.21,0.0,0,0,0,41.3,46.4,49.8,0.19,0.14,0.10
OTIS,2019-11-08 05:00:00 EST,41.48249,-74.50368,778,27.0,27.3,27.0,76.9,20.7,0.000,0.000,0.00,0.000,1.7,4.3,1.0,299,40,2.0,4.2,0.9,302,40,2.0,4.2,0.9,302,40,0,29.21,0.0,0,0,0,41.3,46.4,49.8,0.19,0.14,0.10
OTIS,2019-11-08 05:05:00 EST,41.48249,-74.50368,778,27.0,27.2,22.9,77.7,21.0,0.000,0.000,0.00,0.000,3.2,7.3,1.4,294,19,3.5,7.6,1.5,294,18,3.5,7.6,1.5,294,18,0,29.22,-0.1,0,0,0,41.1,46.3,49.8,0.19,0.13,0.10
OTIS,2019-11-08 05:10:00 EST,41.48249,-74.50368,778,26.6,27.0,26.6,78.5,20.8,0.000,0.000,0.00,0.000,1.6,3.0,0.5,301,13,1.8,3.3,0.4,305,13,1.8,3.3,0.4,305,13,0,29.22,-0.0,0,0,0,41.1,46.3,49.8,0.19,0.14,0.10
OTIS,2019-11-08 05:15:00 EST,41.48249,-74.50368,778,26.5,26.8,22.8,79.9,21.1,0.000,0.000,0.00,0.000,2.8,4.6,1.2,274,18,3.1,5.3,1.2,274,18,3.1,5.3,1.2,274,18,0,29.22,-0.1,0,0,0,41.1,46.3,49.8,0.19,0.13,0.10
OTIS,2019-11-08 05:20:00 EST,41.48249,-74.50368,778,26.5,26.8,26.5,81.3,21.6,0.000,0.000,0.00,0.000,2.3,4.2,0.9,284,25,2.6,4.8,0.9,283,25,2.6,4.8,0.9,283,25,0,29.22,0.0,0,0,0,40.9,46.4,49.8,0.19,0.14,0.10
OTIS,2019-11-08 05:25:00 EST,41.48249,-74.50368,778,26.8,27.0,26.8,81.8,21.9,0.000,0.000,0.00,0.000,0.9,1.9,0.6,303,16,1.0,2.4,0.6,307,18,1.0,2.4,0.6,307,18,0,29.23,0.0,0,0,0,41.0,46.4,49.8,0.19,0.13,0.10
OTIS,2019-11-08 05:30:00 EST,41.48249,-74.50368,778,27.2,27.1,27.2,80.6,22.0,0.000,0.000,0.00,0.000,2.5,3.9,0.6,303,15,2.6,4.7,0.7,307,16,2.6,4.7,0.7,307,16,0,29.23,0.0,0,0,0,41.0,46.3,49.8,0.19,0.14,0.10
OTIS,2019-11-08 05:35:00 EST,41.48249,-74.50368,778,27.3,27.2,27.3,79.7,21.9,0.000,0.000,0.00,0.000,2.7,6.4,1.1,262,31,3.0,7.5,1.4,265,30,3.0,7.5,1.4,265,30,0,29.22,0.0,0,0,0,41.0,46.4,49.8,0.19,0.14,0.10
OTIS,2019-11-08 05:40:00 EST,41.48249,-74.50368,778,27.4,27.3,22.9,78.6,21.7,0.000,0.000,0.00,0.000,3.6,6.1,0.8,254,15,4.0,6.0,1.0,256,15,4.0,6.0,1.0,256,15,0,29.23,0.0,0,0,0,41.0,46.2,49.8,0.19,0.13,0.10
OTIS,2019-11-08 05:45:00 EST,41.48249,-74.50368,778,27.4,27.3,27.4,78.9,21.8,0.000,0.000,0.00,0.000,2.3,4.2,0.8,200,23,2.6,4.8,0.9,199,22,2.6,4.8,0.9,199,22,0,29.23,0.0,0,0,0,41.0,46.2,49.8,0.19,0.14,0.10
OTIS,2019-11-08 05:50:00 EST,41.48249,-74.50368,778,27.4,27.3,23.8,79.7,21.9,0.000,0.000,0.00,0.000,3.0,5.2,1.0,213,18,3.2,5.9,1.1,212,18,3.2,5.9,1.1,212,18,0,29.23,0.0,0,0,0,41.0,46.0,49.8,0.19,0.13,0.10
OTIS,2019-11-08 05:55:00 EST,41.48249,-74.50368,778,27.5,27.4,24.0,80.2,22.2,0.000,0.000,0.00,0.000,2.9,5.0,1.0,238,27,3.2,6.2,1.1,238,27,3.2,6.2,1.1,238,27,0,29.23,0.0,0,0,0,40.9,46.1,49.8,0.19,0.13,0.10
OTIS,2019-11-08 06:00:00 EST,41.48249,-74.50368,778,27.6,27.5,23.6,79.6,22.1,0.000,0.000,0.00,0.000,3.3,5.8,0.8,226,19,3.5,6.6,1.0,226,19,3.5,6.6,1.0,226,19,0,29.23,-0.0,0,0,0,40.9,46.0,49.8,0.19,0.14,0.10
OTIS,2019-11-08 06:05:00 EST,41.48249,-74.50368,778,27.3,27.4,27.3,79.8,21.9,0.000,0.000,0.00,0.000,2.1,4.1,0.8,251,17,2.4,4.6,0.9,250,18,2.4,4.6,0.9,250,18,0,29.23,0.0,0,0,0,40.9,46.0,49.8,0.19,0.14,0.10
OTIS,2019-11-08 06:10:00 EST,41.48249,-74.50368,778,27.4,27.4,27.4,79.8,22.0,0.000,0.000,0.00,0.000,2.0,4.6,1.1,261,28,2.4,5.5,0.9,263,31,2.4,5.5,0.9,263,31,0,29.23,0.0,0,0,0,40.9,46.0,49.8,0.19,0.14,0.10
OTIS,2019-11-08 06:15:00 EST,41.48249,-74.50368,778,26.9,27.3,26.9,80.3,21.7,0.000,0.000,0.00,0.000,1.6,3.3,0.6,287,26,2.0,3.8,0.7,290,29,2.0,3.8,0.7,290,29,0,29.23,-0.0,0,0,0,41.0,46.0,49.8,0.19,0.13,0.10
OTIS,2019-11-08 06:20:00 EST,41.48249,-74.50368,778,27.3,27.4,23.0,81.0,22.2,0.000,0.000,0.00,0.000,3.2,6.1,1.5,277,25,3.7,7.5,1.5,279,26,3.7,7.5,1.5,279,26,0,29.23,0.0,0,0,0,40.8,46.0,49.6,0.19,0.14,0.10
OTIS,2019-11-08 06:25:00 EST,41.48249,-74.50368,778,27.3,27.4,23.2,80.6,22.1,0.000,0.000,0.00,0.000,3.1,7.8,1.4,252,21,3.5,9.9,1.6,256,21,3.5,9.9,1.6,256,21,0,29.23,0.0,0,0,0,40.8,45.9,49.7,0.19,0.14,0.10
OTIS,2019-11-08 06:30:00 EST,41.48249,-74.50368,778,27.4,27.5,21.4,80.9,22.3,0.000,0.000,0.00,0.000,4.8,9.0,1.8,253,19,5.2,10.6,2.0,254,17,5.2,10.6,2.0,254,17,1,29.24,0.0,0,0,0,40.7,45.9,49.7,0.19,0.13,0.10
OTIS,2019-11-08 06:35:00 EST,41.48249,-74.50368,778,27.2,27.3,27.2,81.2,22.2,0.000,0.000,0.00,0.000,2.3,4.5,1.2,227,29,2.6,5.6,1.4,229,30,2.6,5.6,1.4,229,30,3,29.24,0.1,0,0,0,40.7,45.9,49.7,0.19,0.14,0.10
OTIS,2019-11-08 06:40:00 EST,41.48249,-74.50368,778,27.3,27.3,22.4,82.0,22.5,0.000,0.000,0.00,0.000,3.8,6.0,1.2,232,16,4.2,7.3,1.4,234,16,4.2,7.3,1.4,234,16,4,29.24,-0.0,0,0,0,40.7,45.9,49.6,0.19,0.14,0.10
OTIS,2019-11-08 06:45:00 EST,41.48249,-74.50368,778,27.2,27.2,22.3,82.3,22.5,0.000,0.000,0.00,0.000,3.8,8.1,1.3,225,23,4.3,8.9,1.4,225,21,4.3,8.9,1.4,225,21,7,29.24,-0.0,0,0,0,40.6,45.9,49.6,0.19,0.14,0.10
OTIS,2019-11-08 06:50:00 EST,41.48249,-74.50368,778,27.2,27.3,21.4,82.5,22.6,0.000,0.000,0.00,0.000,4.7,9.7,1.6,222,21,5.0,9.7,1.6,223,23,5.0,9.7,1.6,223,23,11,29.24,-0.0,0,0,0,40.6,45.9,49.6,0.19,0.14,0.10
OTIS,2019-11-08 06:55:00 EST,41.48249,-74.50368,778,27.2,27.3,22.8,82.6,22.6,0.000,0.000,0.00,0.000,3.6,6.4,1.2,228,24,3.8,6.9,1.3,229,25,3.8,6.9,1.3,229,25,14,29.24,0.0,0,0,0,40.6,45.9,49.6,0.19,0.14,0.11
OTIS,2019-11-08 07:00:00 EST,41.48249,-74.50368,778,27.4,27.5,27.4,81.9,22.6,0.000,0.000,0.00,0.000,2.4,6.2,1.1,247,43,2.8,6.8,1.2,250,44,2.8,6.8,1.2,250,44,17,29.25,-0.0,0,0,0,40.6,45.9,49.6,0.19,0.14,0.10
OTIS,2019-11-08 07:05:00 EST,41.48249,-74.50368,778,27.6,27.6,27.6,81.2,22.6,0.000,0.000,0.00,0.000,1.8,4.9,0.9,251,32,2.1,6.0,1.0,253,39,2.1,6.0,1.0,253,39,30,29.25,-0.0,0,0,0,40.6,45.9,49.6,0.19,0.14,0.10
OTIS,2019-11-08 07:10:00 EST,41.48249,-74.50368,778,27.9,27.9,21.1,79.6,22.4,0.000,0.000,0.00,0.000,5.7,11.6,2.4,282,29,6.3,12.3,2.7,283,31,6.3,12.3,2.7,283,31,48,29.25,0.1,0,0,0,40.6,45.9,49.6,0.19,0.14,0.10
OTIS,2019-11-08 07:15:00 EST,41.48249,-74.50368,778,28.3,28.2,20.9,77.6,22.2,0.000,0.000,0.00,0.000,6.3,11.3,1.7,266,20,7.2,11.3,1.9,268,20,7.2,11.3,1.9,268,20,63,29.25,0.0,0,0,0,40.6,45.9,49.6,0.19,0.14,0.10
OTIS,2019-11-08 07:20:00 EST,41.48249,-74.50368,778,28.5,28.4,21.2,76.3,22.0,0.000,0.000,0.00,0.000,6.6,11.1,1.8,278,24,7.2,13.9,2.2,281,22,7.2,13.9,2.2,281,22,52,29.25,0.0,0,0,0,40.5,45.8,49.6,0.19,0.14,0.10
OTIS,2019-11-08 07:25:00 EST,41.48249,-74.50368,778,28.6,28.5,22.3,75.9,21.9,0.000,0.000,0.00,0.000,5.2,9.7,2.0,281,25,5.8,12.8,2.2,282,24,5.8,12.8,2.2,282,24,82,29.26,0.0,0,0,0,40.5,45.8,49.6,0.19,0.14,0.10
OTIS,2019-11-08 07:30:00 EST,41.48249,-74.50368,778,28.9,28.8,23.2,74.4,21.8,0.000,0.000,0.00,0.000,4.6,10.8,2.6,284,24,5.3,11.2,2.7,285,28,5.3,11.2,2.7,285,28,109,29.26,0.0,0,0,0,40.5,45.8,49.6,0.19,0.14,0.10
OTIS,2019-11-08 07:35:00 EST,41.48249,-74.50368,778,29.2,29.0,22.2,73.9,21.9,0.000,0.000,0.00,0.000,6.3,12.3,1.9,299,28,6.9,14.6,2.1,303,29,6.9,14.6,2.1,303,29,136,29.26,0.1,0,0,0,40.5,45.8,49.6,0.19,0.14,0.10
OTIS,2019-11-08 07:40:00 EST,41.48249,-74.50368,778,29.3,29.1,23.7,74.2,22.1,0.000,0.000,0.00,0.000,4.6,10.7,2.4,290,22,5.2,11.7,2.7,293,22,5.2,11.7,2.7,293,22,129,29.26,0.0,0,0,0,40.4,45.7,49.6,0.19,0.14,0.10
OTIS,2019-11-08 07:45:00 EST,41.48249,-74.50368,778,29.4,29.2,24.9,74.2,22.2,0.000,0.000,0.00,0.000,3.7,7.2,1.3,297,40,4.1,7.9,1.7,299,40,4.1,7.9,1.7,299,40,70,29.26,0.0,0,0,0,40.4,45.7,49.6,0.19,0.14,0.10
OTIS,2019-11-08 07:50:00 EST,41.48249,-74.50368,778,29.6,29.3,24.4,73.9,22.3,0.000,0.000,0.00,0.000,4.4,7.3,1.5,290,33,4.9,8.3,1.7,291,32,4.9,8.3,1.7,291,32,178,29.27,0.1,0,0,0,40.4,45.7,49.6,0.19,0.14,0.10
OTIS,2019-11-08 07:55:00 EST,41.48249,-74.50368,778,29.9,29.5,24.2,73.0,22.2,0.000,0.000,0.00,0.000,4.7,8.8,1.7,306,30,5.4,10.5,1.7,306,29,5.4,10.5,1.7,306,29,168,29.27,0.0,0,0,0,40.4,45.7,49.6,0.19,0.14,0.10
OTIS,2019-11-08 08:00:00 EST,41.48249,-74.50368,778,29.9,29.7,22.8,72.5,22.2,0.000,0.000,0.00,0.000,6.5,14.8,2.5,307,37,7.3,15.6,2.9,310,37,7.3,15.6,2.9,310,37,164,29.27,0.1,0,0,0,40.4,45.7,49.6,0.19,0.14,0.10
OTIS,2019-11-08 08:05:00 EST,41.48249,-74.50368,778,30.1,29.8,24.6,71.9,22.2,0.000,0.000,0.00,0.000,4.8,11.2,2.5,306,35,5.4,12.4,2.6,309,32,5.4,12.4,2.6,309,32,165,29.27,0.0,0,0,0,40.5,45.7,49.6,0.19,0.14,0.10
OTIS,2019-11-08 08:10:00 EST,41.48249,-74.50368,778,30.2,29.9,23.7,71.2,22.0,0.000,0.000,0.00,0.000,5.6,11.6,2.6,297,27,6.5,13.4,2.9,302,28,6.5,13.4,2.9,302,28,194,29.27,0.1,0,0,0,40.5,45.6,49.6,0.19,0.14,0.10
OTIS,2019-11-08 08:15:00 EST,41.48249,-74.50368,778,30.5,30.1,24.8,70.6,22.1,0.000,0.000,0.00,0.000,4.8,11.0,2.3,306,31,5.5,12.3,2.4,305,29,5.5,12.3,2.4,305,29,212,29.28,0.0,0,0,0,40.5,45.6,49.6,0.19,0.14,0.10
OTIS,2019-11-08 08:20:00 EST,41.48249,-74.50368,778,30.6,30.2,22.5,67.6,21.1,0.000,0.000,0.00,0.000,8.4,17.2,3.6,310,22,9.1,18.4,3.4,313,23,9.1,18.4,3.4,313,23,248,29.28,0.1,0,0,0,40.6,45.5,49.6,0.19,0.14,0.11
OTIS,2019-11-08 08:25:00 EST,41.48249,-74.50368,778,30.9,30.5,23.5,66.8,21.1,0.000,0.000,0.00,0.000,7.2,14.1,2.4,311,24,8.0,16.5,2.7,315,24,8.0,16.5,2.7,315,24,290,29.28,0.0,0,0,0,40.6,45.5,49.6,0.19,0.14,0.11
OTIS,2019-11-08 08:30:00 EST,41.48249,-74.50368,778,30.8,30.4,23.0,66.1,20.8,0.000,0.000,0.00,0.000,8.1,13.5,1.9,319,27,8.6,14.7,2.1,324,23,8.6,14.7,2.1,324,23,186,29.28,-0.0,0,0,0,40.6,45.5,49.6,0.19,0.14,0.11
OTIS,2019-11-08 08:35:00 EST,41.48249,-74.50368,778,30.2,30.0,23.8,69.4,21.4,0.000,0.000,0.00,0.000,5.6,11.0,1.6,353,27,6.4,14.5,2.1,356,19,6.4,14.5,2.1,356,19,136,29.28,0.0,0,0,0,40.6,45.5,49.6,0.19,0.14,0.10
OTIS,2019-11-08 08:40:00 EST,41.48249,-74.50368,778,30.3,29.9,21.0,67.9,21.0,0.000,0.000,0.00,0.000,10.2,18.0,2.8,336,24,11.1,20.6,3.2,344,17,11.1,20.6,3.2,344,17,258,29.28,0.1,0,0,0,40.7,45.5,49.6,0.19,0.14,0.11
OTIS,2019-11-08 08:45:00 EST,41.48249,-74.50368,778,30.2,29.9,20.8,67.4,20.7,0.000,0.000,0.00,0.000,10.4,16.5,2.2,326,22,11.3,18.3,2.6,332,20,11.3,18.3,2.6,332,20,204,29.29,0.1,0,0,0,40.7,45.5,49.6,0.19,0.13,0.11
OTIS,2019-11-08 08:50:00 EST,41.48249,-74.50368,778,30.3,29.9,23.4,65.4,20.1,0.000,0.000,0.00,0.000,6.5,13.2,2.5,313,29,7.2,13.3,2.6,315,28,7.2,13.3,2.6,315,28,278,29.28,0.1,0,0,0,40.7,45.5,49.6,0.19,0.14,0.10
OTIS,2019-11-08 08:55:00 EST,41.48249,-74.50368,778,30.8,30.3,23.2,63.3,19.8,0.000,0.000,0.00,0.000,7.4,17.0,3.7,313,26,8.2,18.0,3.7,320,25,8.2,18.0,3.7,320,25,323,29.28,0.0,0,0,0,40.7,45.4,49.6,0.19,0.14,0.11
OTIS,2019-11-08 09:00:00 EST,41.48249,-74.50368,778,30.8,30.4,22.5,59.3,18.3,0.000,0.000,0.00,0.000,8.9,16.3,3.7,309,22,9.7,17.9,3.6,313,22,9.7,17.9,3.6,313,22,337,29.28,0.1,0,0,0,40.8,45.4,49.6,0.19,0.14,0.10
OTIS,2019-11-08 09:05:00 EST,41.48249,-74.50368,778,31.2,30.6,23.2,58.8,18.4,0.000,0.000,0.00,0.000,8.2,17.8,3.8,326,26,9.1,17.9,3.9,331,25,9.1,17.9,3.9,331,25,369,29.28,0.1,0,0,0,40.8,45.4,49.6,0.19,0.14,0.11
OTIS,2019-11-08 09:10:00 EST,41.48249,-74.50368,778,31.5,31.0,23.5,57.1,18.1,0.000,0.000,0.00,0.000,8.5,16.4,3.0,307,23,9.3,20.2,3.2,310,24,9.3,20.2,3.2,310,24,408,29.28,0.0,0,0,0,40.8,45.4,49.6,0.19,0.14,0.11
OTIS,2019-11-08 09:15:00 EST,41.48249,-74.50368,778,31.3,30.8,22.7,54.6,16.8,0.000,0.000,0.00,0.000,9.6,16.4,3.3,301,26,10.3,18.7,3.3,303,27,10.3,18.7,3.3,303,27,292,29.28,0.0,0,0,0,40.9,45.4,49.6,0.19,0.13,0.11
OTIS,2019-11-08 09:20:00 EST,41.48249,-74.50368,778,31.7,31.2,24.5,57.3,18.3,0.000,0.000,0.00,0.000,7.0,13.8,2.8,321,31,7.9,15.9,3.1,323,28,7.9,15.9,3.1,323,28,451,29.28,0.1,0,0,0,40.9,45.4,49.6,0.19,0.14,0.11
OTIS,2019-11-08 09:25:00 EST,41.48249,-74.50368,778,31.2,30.7,22.8,56.4,17.5,0.000,0.000,0.00,0.000,8.9,17.8,3.2,321,25,9.8,18.8,3.3,330,23,9.8,18.8,3.3,330,23,269,29.29,-0.0,0,0,0,41.0,45.3,49.6,0.19,0.14,0.11
OTIS,2019-11-08 09:30:00 EST,41.48249,-74.50368,778,30.5,30.1,20.8,59.4,18.0,0.000,0.000,0.00,0.000,11.2,19.7,3.6,320,22,12.1,21.9,3.8,325,23,12.1,21.9,3.8,325,23,154,29.30,-0.0,0,0,0,41.0,45.4,49.6,0.19,0.14,0.11
OTIS,2019-11-08 09:35:00 EST,41.48249,-74.50368,778,29.7,29.3,20.9,63.2,18.7,0.000,0.000,0.00,0.000,9.3,17.2,2.2,306,25,9.9,18.4,2.3,308,22,9.9,18.4,2.3,308,22,353,29.29,0.1,0,0,0,41.0,45.4,49.6,0.19,0.14,0.11
OTIS,2019-11-08 09:40:00 EST,41.48249,-74.50368,778,30.5,30.0,20.4,60.2,18.3,0.000,0.000,0.00,0.000,11.9,25.1,4.7,303,31,13.0,26.9,4.7,310,30,13.0,26.9,4.7,310,30,417,29.29,0.1,0,0,0,40.9,45.4,49.5,0.19,0.14,0.11
OTIS,2019-11-08 09:45:00 EST,41.48249,-74.50368,778,30.5,30.1,20.4,56.7,16.9,0.000,0.000,0.00,0.000,12.5,26.7,5.0,317,22,13.2,26.5,5.0,322,21,13.2,26.5,5.0,322,21,430,29.29,0.1,0,0,0,41.0,45.3,49.5,0.19,0.14,0.11
OTIS,2019-11-08 09:50:00 EST,41.48249,-74.50368,778,31.0,30.5,21.5,57.0,17.6,0.000,0.000,0.00,0.000,11.5,22.7,4.8,313,21,12.1,25.2,4.9,315,21,12.1,25.2,4.9,315,21,424,29.29,0.1,0,0,0,41.0,45.4,49.5,0.19,0.14,0.11
OTIS,2019-11-08 09:55:00 EST,41.48249,-74.50368,778,31.0,30.5,22.3,56.9,17.5,0.000,0.000,0.00,0.000,9.7,23.4,3.9,314,25,10.5,21.8,3.9,318,25,10.5,21.8,3.9,318,25,441,29.29,0.1,0,0,0,41.2,45.4,49.5,0.19,0.14,0.11
OTIS,2019-11-08 10:00:00 EST,41.48249,-74.50368,778,31.8,31.2,25.6,57.5,18.5,0.000,0.000,0.00,0.000,5.5,11.3,2.7,309,34,6.5,13.3,2.8,314,32,6.5,13.3,2.8,314,32,480,29.29,0.1,0,0,0,41.3,45.4,49.5,0.19,0.14,0.11
OTIS,2019-11-08 10:05:00 EST,41.48249,-74.50368,778,32.1,31.4,23.3,55.3,17.8,0.000,0.000,0.00,0.000,10.4,24.0,4.8,305,23,11.1,28.0,5.0,310,24,11.1,28.0,5.0,310,24,543,29.29,-0.0,0,0,0,41.4,45.3,49.5,0.19,0.14,0.11
OTIS,2019-11-08 10:10:00 EST,41.48249,-74.50368,778,32.0,31.4,23.5,54.4,17.4,0.000,0.000,0.00,0.000,9.2,18.0,3.3,306,30,10.3,20.8,3.6,310,30,10.3,20.8,3.6,310,30,508,29.30,-0.1,0,0,0,41.4,45.4,49.5,0.19,0.14,0.11
OTIS,2019-11-08 10:15:00 EST,41.48249,-74.50368,778,31.7,31.2,23.4,55.6,17.7,0.000,0.000,0.00,0.000,9.0,17.2,3.3,326,28,10.0,21.3,3.7,332,23,10.0,21.3,3.7,332,23,380,29.30,0.1,0,0,0,41.5,45.3,49.5,0.19,0.14,0.11
OTIS,2019-11-08 10:20:00 EST,41.48249,-74.50368,778,31.6,31.1,23.5,57.1,18.2,0.000,0.000,0.00,0.000,8.7,22.1,4.0,324,24,9.5,23.0,3.8,329,22,9.5,23.0,3.8,329,22,264,29.30,-0.0,0,0,0,41.6,45.4,49.5,0.19,0.13,0.11
OTIS,2019-11-08 10:25:00 EST,41.48249,-74.50368,778,30.4,29.9,22.1,61.7,18.8,0.000,0.000,0.00,0.000,8.0,16.0,3.3,345,33,9.2,18.9,3.6,344,31,9.2,18.9,3.6,344,31,187,29.31,-0.0,0,0,0,41.8,45.4,49.5,0.19,0.14,0.11
OTIS,2019-11-08 10:30:00 EST,41.48249,-74.50368,778,29.5,29.1,21.0,67.2,20.0,0.000,0.000,0.00,0.000,8.6,16.6,2.9,324,20,9.4,19.1,2.9,328,18,9.4,19.1,2.9,328,18,183,29.31,0.0,0,0,0,41.8,45.4,49.5,0.19,0.14,0.11
OTIS,2019-11-08 10:35:00 EST,41.48249,-74.50368,778,29.4,28.9,21.0,68.1,20.2,0.000,0.000,0.00,0.000,8.4,16.4,3.7,318,26,9.1,15.7,3.6,321,25,9.1,15.7,3.6,321,25,396,29.31,0.0,0,0,0,41.9,45.4,49.5,0.19,0.13,0.11
OTIS,2019-11-08 10:40:00 EST,41.48249,-74.50368,778,30.3,29.6,22.4,64.4,19.8,0.000,0.000,0.00,0.000,7.9,15.5,2.8,334,23,8.7,17.6,3.0,337,22,8.7,17.6,3.0,337,22,481,29.31,0.1,0,0,0,42.0,45.4,49.5,0.19,0.14,0.11
OTIS,2019-11-08 10:45:00 EST,41.48249,-74.50368,778,30.8,30.0,23.6,62.3,19.4,0.000,0.000,0.00,0.000,6.9,10.8,1.7,319,29,7.7,12.4,2.0,321,27,7.7,12.4,2.0,321,27,480,29.31,0.0,0,0,0,42.0,45.3,49.5,0.19,0.14,0.11
OTIS,2019-11-08 10:50:00 EST,41.48249,-74.50368,778,31.1,30.3,22.4,58.0,18.0,0.000,0.000,0.00,0.000,9.5,21.6,3.6,311,29,10.4,19.8,3.4,316,28,10.4,19.8,3.4,316,28,517,29.31,0.2,0,0,0,42.1,45.4,49.5,0.19,0.14,0.11
OTIS,2019-11-08 10:55:00 EST,41.48249,-74.50368,778,31.4,30.6,23.7,57.5,18.1,0.000,0.000,0.00,0.000,7.7,16.5,3.1,320,37,8.6,18.1,3.4,325,38,8.6,18.1,3.4,325,38,523,29.31,0.0,0,0,0,42.1,45.3,49.5,0.19,0.14,0.11
OTIS,2019-11-08 11:00:00 EST,41.48249,-74.50368,778,31.9,31.1,25.2,57.0,18.4,0.000,0.000,0.00,0.000,6.2,16.4,3.3,300,43,7.2,16.8,3.4,305,41,7.2,16.8,3.4,305,41,546,29.31,0.1,0,0,0,42.3,45.2,49.5,0.19,0.14,0.11
OTIS,2019-11-08 11:05:00 EST,41.48249,-74.50368,778,32.1,31.3,25.7,53.8,17.2,0.000,0.000,0.00,0.000,5.8,13.4,2.7,315,37,7.0,14.4,2.9,320,33,7.0,14.4,2.9,320,33,616,29.31,0.0,0,0,0,42.3,45.2,49.5,0.19,0.13,0.11
OTIS,2019-11-08 11:10:00 EST,41.48249,-74.50368,778,32.7,31.8,24.9,51.9,17.0,0.000,0.000,0.00,0.000,8.2,18.7,3.6,332,28,9.4,19.9,3.6,336,23,9.4,19.9,3.6,336,23,605,29.31,0.1,0,0,0,42.4,45.2,49.5,0.19,0.14,0.11
OTIS,2019-11-08 11:15:00 EST,41.48249,-74.50368,778,33.0,32.3,26.0,51.3,17.0,0.000,0.000,0.00,0.000,7.4,15.6,3.8,321,24,8.2,17.0,3.6,324,24,8.2,17.0,3.6,324,24,355,29.31,-0.1,0,0,0,42.4,45.2,49.5,0.19,0.14,0.11
OTIS,2019-11-08 11:20:00 EST,41.48249,-74.50368,778,32.2,31.7,24.9,50.2,15.8,0.000,0.000,0.00,0.000,8.0,12.8,2.5,324,16,8.4,13.0,2.6,328,16,8.4,13.0,2.6,328,16,352,29.31,0.1,0,0,0,42.6,45.2,49.5,0.19,0.13,0.11
OTIS,2019-11-08 11:25:00 EST,41.48249,-74.50368,778,32.3,31.6,22.7,48.6,15.0,0.000,0.000,0.00,0.000,12.0,21.9,4.2,301,26,13.1,25.2,4.4,303,25,13.1,25.2,4.4,303,25,430,29.31,-0.2,0,0,0,42.8,45.2,49.5,0.19,0.14,0.11
OTIS,2019-11-08 11:30:00 EST,41.48249,-74.50368,778,32.0,31.3,22.2,45.0,13.0,0.000,0.000,0.00,0.000,12.0,20.1,3.8,303,26,13.3,20.7,3.8,303,25,13.3,20.7,3.8,303,25,548,29.31,0.1,0,0,0,42.8,45.2,49.5,0.19,0.14,0.11
OTIS,2019-11-08 11:35:00 EST,41.48249,-74.50368,778,32.0,31.4,21.6,43.4,12.3,0.000,0.000,0.00,0.000,14.2,23.0,3.8,318,25,15.3,26.0,3.9,325,22,15.3,26.0,3.9,325,22,572,29.31,0.1,0,0,0,42.9,45.1,49.5,0.19,0.14,0.11
OTIS,2019-11-08 11:40:00 EST,41.48249,-74.50368,778,32.2,31.5,23.1,43.7,12.5,0.000,0.000,0.00,0.000,11.0,19.3,3.0,303,24,11.8,21.7,3.4,306,24,11.8,21.7,3.4,306,24,606,29.31,0.1,0,0,0,43.0,45.1,49.5,0.19,0.13,0.11
OTIS,2019-11-08 11:45:00 EST,41.48249,-74.50368,778,32.9,32.3,25.3,44.6,13.7,0.000,0.000,0.00,0.000,8.6,15.3,2.9,318,25,9.2,15.4,3.1,323,25,9.2,15.4,3.1,323,25,581,29.30,0.0,0,0,0,43.1,45.2,49.5,0.19,0.14,0.11
OTIS,2019-11-08 11:50:00 EST,41.48249,-74.50368,778,32.7,32.0,24.7,45.3,13.9,0.000,0.000,0.00,0.000,8.5,16.4,3.5,299,36,9.8,18.2,3.5,300,35,9.8,18.2,3.5,300,35,577,29.30,0.1,0,0,0,43.2,45.2,49.5,0.19,0.13,0.11
OTIS,2019-11-08 11:55:00 EST,41.48249,-74.50368,778,32.7,32.0,24.0,45.4,13.9,0.000,0.000,0.00,0.000,10.2,17.1,3.1,341,26,11.2,19.7,3.5,345,24,11.2,19.7,3.5,345,24,502,29.30,-0.1,0,0,0,43.2,45.2,49.5,0.19,0.13,0.11
OTIS,2019-11-08 12:00:00 EST,41.48249,-74.50368,778,31.7,31.2,23.2,45.5,13.0,0.000,0.000,0.00,0.000,9.3,18.5,2.9,356,31,10.4,20.4,3.4,359,26,10.4,20.4,3.4,359,26,377,29.30,0.1,0,0,0,43.2,45.2,49.5,0.19,0.14,0.11
OTIS,2019-11-08 12:05:00 EST,41.48249,-74.50368,778,32.2,31.6,23.3,46.1,13.8,0.000,0.000,0.00,0.000,10.2,18.0,4.0,342,28,11.4,20.9,4.3,344,22,11.4,20.9,4.3,344,22,572,29.30,-0.0,0,0,0,43.3,45.2,49.5,0.19,0.14,0.11
OTIS,2019-11-08 12:10:00 EST,41.48249,-74.50368,778,32.4,31.7,24.3,44.5,13.2,0.000,0.000,0.00,0.000,8.6,15.9,3.6,340,32,10.0,19.6,3.8,345,25,10.0,19.6,3.8,345,25,498,29.30,0.0,0,0,0,43.3,45.2,49.5,0.19,0.14,0.11
OTIS,2019-11-08 12:15:00 EST,41.48249,-74.50368,778,32.0,31.4,22.5,44.3,12.7,0.000,0.000,0.00,0.000,11.3,22.4,4.1,339,23,12.6,21.0,4.0,343,19,12.6,21.0,4.0,343,19,362,29.30,-0.0,0,0,0,43.4,45.2,49.5,0.19,0.13,0.11
OTIS,2019-11-08 12:20:00 EST,41.48249,-74.50368,778,31.9,31.3,24.6,46.5,13.7,0.000,0.000,0.00,0.000,7.7,15.3,3.5,325,21,8.3,15.7,3.4,327,22,8.3,15.7,3.4,327,22,561,29.30,0.1,0,0,0,43.5,45.2,49.4,0.19,0.14,0.11
OTIS,2019-11-08 12:25:00 EST,41.48249,-74.50368,778,31.9,31.3,25.2,46.5,13.7,0.000,0.000,0.00,0.000,6.0,10.9,2.4,331,29,7.2,13.3,2.5,339,25,7.2,13.3,2.5,339,25,203,29.30,-0.1,0,0,0,43.5,45.1,49.4,0.19,0.14,0.11
OTIS,2019-11-08 12:30:00 EST,41.48249,-74.50368,778,31.3,30.9,22.1,46.1,13.0,0.000,0.000,0.00,0.000,10.6,20.2,4.6,329,26,11.8,22.7,5.0,333,25,11.8,22.7,5.0,333,25,264,29.30,0.1,0,0,0,43.5,45.3,49.4,0.19,0.13,0.11
OTIS,2019-11-08 12:35:00 EST,41.48249,-74.50368,778,31.6,31.0,23.9,46.3,13.3,0.000,0.000,0.00,0.000,7.8,15.4,2.9,347,30,8.8,17.1,3.2,351,28,8.8,17.1,3.2,351,28,320,29.30,-0.0,0,0,0,43.5,45.3,49.3,0.19,0.14,0.11
OTIS,2019-11-08 12:40:00 EST,41.48249,-74.50368,778,31.5,31.0,22.5,43.8,12.0,0.000,0.000,0.00,0.000,10.2,22.3,5.1,331,22,11.3,23.5,5.0,335,21,11.3,23.5,5.0,335,21,308,29.30,-0.0,0,0,0,43.5,45.3,49.3,0.19,0.14,0.11
OTIS,2019-11-08 12:45:00 EST,41.48249,-74.50368,778,31.6,31.1,22.5,42.4,11.3,0.000,0.000,0.00,0.000,10.6,19.9,3.4,328,20,11.4,22.7,3.3,332,20,11.4,22.7,3.3,332,20,338,29.30,0.0,0,0,0,43.5,45.3,49.3,0.19,0.13,0.11
OTIS,2019-11-08 12:50:00 EST,41.48249,-74.50368,778,32.1,31.5,25.3,43.0,12.1,0.000,0.000,0.00,0.000,6.8,14.1,3.3,329,29,7.4,16.0,3.6,331,23,7.4,16.0,3.6,331,23,312,29.29,0.1,0,0,0,43.5,45.3,49.3,0.19,0.13,0.11
OTIS,2019-11-08 12:55:00 EST,41.48249,-74.50368,778,32.5,31.8,24.3,43.1,12.5,0.000,0.000,0.00,0.000,8.8,22.4,3.8,340,27,10.1,25.2,4.3,347,21,10.1,25.2,4.3,347,21,424,29.29,-0.1,0,0,0,43.4,45.4,49.3,0.19,0.13,0.11
OTIS,2019-11-08 13:00:00 EST,41.48249,-74.50368,778,31.5,31.1,24.5,43.2,11.7,0.000,0.000,0.00,0.000,6.8,14.1,2.6,343,31,7.6,16.8,2.9,347,29,7.6,16.8,2.9,347,29,212,29.29,-0.0,0,0,0,43.4,45.4,49.3,0.19,0.14,0.11
OTIS,2019-11-08 13:05:00 EST,41.48249,-74.50368,778,32.1,31.5,23.9,44.1,12.7,0.000,0.000,0.00,0.000,9.0,14.5,2.9,309,35,9.9,17.0,3.1,313,33,9.9,17.0,3.1,313,33,485,29.30,-0.0,0,0,0,43.4,45.3,49.3,0.19,0.14,0.10
OTIS,2019-11-08 13:10:00 EST,41.48249,-74.50368,778,32.8,32.1,25.6,44.0,13.3,0.000,0.000,0.00,0.000,7.8,16.1,2.6,326,36,8.5,18.8,3.0,330,33,8.5,18.8,3.0,330,33,438,29.30,-0.1,0,0,0,43.4,45.4,49.3,0.19,0.13,0.11
OTIS,2019-11-08 13:15:00 EST,41.48249,-74.50368,778,32.2,31.6,24.0,42.4,11.8,0.000,0.000,0.00,0.000,9.1,15.3,2.8,306,28,9.8,16.5,3.1,307,29,9.8,16.5,3.1,307,29,332,29.30,-0.1,0,0,0,43.3,45.4,49.3,0.18,0.13,0.11
OTIS,2019-11-08 13:20:00 EST,41.48249,-74.50368,778,31.4,31.1,22.9,43.8,11.9,0.000,0.000,0.00,0.000,9.3,19.2,3.3,320,26,10.2,21.7,3.5,322,26,10.2,21.7,3.5,322,26,201,29.30,-0.0,0,0,0,43.3,45.3,49.3,0.19,0.13,0.11
OTIS,2019-11-08 13:25:00 EST,41.48249,-74.50368,778,31.1,30.8,25.6,45.2,12.3,0.000,0.000,0.00,0.000,4.9,11.8,2.4,326,31,5.6,12.9,2.7,337,26,5.6,12.9,2.7,337,26,187,29.30,0.0,0,0,0,43.3,45.3,49.3,0.19,0.14,0.11
OTIS,2019-11-08 13:30:00 EST,41.48249,-74.50368,778,31.4,31.0,23.3,45.4,12.7,0.000,0.000,0.00,0.000,9.0,16.8,3.2,300,19,9.5,17.2,3.3,305,17,9.5,17.2,3.3,305,17,281,29.30,-0.0,0,0,0,43.3,45.4,49.3,0.19,0.14,0.11
OTIS,2019-11-08 13:35:00 EST,41.48249,-74.50368,778,31.6,31.2,25.0,46.0,13.2,0.000,0.000,0.00,0.000,6.6,11.7,2.3,310,22,7.0,12.3,2.4,315,21,7.0,12.3,2.4,315,21,230,29.30,0.0,0,0,0,43.3,45.4,49.3,0.19,0.13,0.11
OTIS,2019-11-08 13:40:00 EST,41.48249,-74.50368,778,31.8,31.3,23.4,46.3,13.5,0.000,0.000,0.00,0.000,9.1,18.0,3.4,315,29,10.1,19.0,3.4,317,25,10.1,19.0,3.4,317,25,406,29.31,0.1,0,0,0,43.3,45.4,49.3,0.19,0.14,0.10
OTIS,2019-11-08 13:45:00 EST,41.48249,-74.50368,778,32.5,31.8,24.4,45.9,13.9,0.000,0.000,0.00,0.000,8.6,15.5,3.3,312,26,9.8,16.3,3.3,318,24,9.8,16.3,3.3,318,24,391,29.30,0.0,0,0,0,43.3,45.4,49.3,0.19,0.14,0.10
OTIS,2019-11-08 13:50:00 EST,41.48249,-74.50368,778,32.1,31.6,23.9,44.8,13.1,0.000,0.000,0.00,0.000,9.4,18.4,4.0,297,21,10.0,19.6,3.7,300,22,10.0,19.6,3.7,300,22,340,29.30,-0.1,0,0,0,43.2,45.3,49.3,0.19,0.14,0.11
OTIS,2019-11-08 13:55:00 EST,41.48249,-74.50368,778,32.1,31.5,23.2,44.0,12.6,0.000,0.000,0.00,0.000,10.8,19.7,4.0,298,21,11.5,20.3,3.8,300,20,11.5,20.3,3.8,300,20,436,29.30,-0.0,0,0,0,43.1,45.3,49.3,0.19,0.14,0.11
OTIS,2019-11-08 14:00:00 EST,41.48249,-74.50368,778,32.7,32.0,25.7,45.0,13.7,0.000,0.000,0.00,0.000,7.2,17.4,4.0,319,26,7.9,19.7,4.0,323,29,7.9,19.7,4.0,323,29,361,29.30,-0.1,0,0,0,43.2,45.3,49.3,0.19,0.14,0.11
OTIS,2019-11-08 14:05:00 EST,41.48249,-74.50368,778,32.3,31.7,24.1,44.6,13.1,0.000,0.000,0.00,0.000,9.0,14.8,2.9,306,22,10.0,18.0,2.9,309,22,10.0,18.0,2.9,309,22,353,29.31,0.0,0,0,0,43.1,45.4,49.3,0.19,0.14,0.10
OTIS,2019-11-08 14:10:00 EST,41.48249,-74.50368,778,32.2,31.5,24.6,46.4,13.9,0.000,0.000,0.00,0.000,7.9,14.6,3.2,300,33,8.8,16.8,3.3,306,34,8.8,16.8,3.3,306,34,370,29.31,-0.1,0,0,0,43.2,45.3,49.3,0.18,0.14,0.11
OTIS,2019-11-08 14:15:00 EST,41.48249,-74.50368,778,32.2,31.6,24.6,46.1,13.7,0.000,0.000,0.00,0.000,7.6,20.9,4.5,283,31,8.7,23.4,5.0,287,28,8.7,23.4,5.0,287,28,389,29.31,-0.1,0,0,0,43.2,45.4,49.3,0.18,0.14,0.10
OTIS,2019-11-08 14:20:00 EST,41.48249,-74.50368,778,32.5,31.9,25.6,46.4,14.2,0.000,0.000,0.00,0.000,6.9,13.7,2.8,299,29,7.8,13.9,2.6,301,28,7.8,13.9,2.6,301,28,398,29.31,-0.1,0,0,0,43.2,45.4,49.3,0.19,0.14,0.10
OTIS,2019-11-08 14:25:00 EST,41.48249,-74.50368,778,32.3,31.7,24.5,45.4,13.5,0.000,0.000,0.00,0.000,8.4,16.1,3.1,302,29,9.2,18.5,3.1,303,31,9.2,18.5,3.1,303,31,290,29.31,-0.0,0,0,0,43.2,45.5,49.3,0.19,0.13,0.11
OTIS,2019-11-08 14:30:00 EST,41.48249,-74.50368,778,32.1,31.6,24.2,44.4,12.9,0.000,0.000,0.00,0.000,8.6,15.6,2.7,314,25,9.4,18.1,3.0,319,25,9.4,18.1,3.0,319,25,276,29.31,-0.1,0,0,0,43.1,45.4,49.3,0.19,0.14,0.11
OTIS,2019-11-08 14:35:00 EST,41.48249,-74.50368,778,31.7,31.3,22.7,45.0,12.8,0.000,0.000,0.00,0.000,10.3,20.0,2.9,334,22,11.2,25.1,3.3,336,22,11.2,25.1,3.3,336,22,209,29.31,0.1,0,0,0,43.2,45.4,49.3,0.19,0.14,0.11
OTIS,2019-11-08 14:40:00 EST,41.48249,-74.50368,778,32.0,31.6,24.2,46.1,13.6,0.000,0.000,0.00,0.000,8.1,15.1,3.2,322,31,9.1,16.3,3.3,329,25,9.1,16.3,3.3,329,25,207,29.31,0.0,0,0,0,43.2,45.4,49.3,0.19,0.14,0.11
OTIS,2019-11-08 14:45:00 EST,41.48249,-74.50368,778,31.9,31.5,24.7,46.8,13.9,0.000,0.000,0.00,0.000,7.2,13.6,2.7,323,23,8.1,14.7,3.0,327,23,8.1,14.7,3.0,327,23,216,29.31,-0.1,0,0,0,43.1,45.4,49.3,0.19,0.13,0.11
OTIS,2019-11-08 14:50:00 EST,41.48249,-74.50368,778,31.9,31.5,24.5,47.8,14.3,0.000,0.000,0.00,0.000,7.5,16.3,3.3,331,24,8.3,18.9,3.4,336,23,8.3,18.9,3.4,336,23,141,29.32,0.0,0,0,0,43.0,45.3,49.3,0.19,0.13,0.10
OTIS,2019-11-08 14:55:00 EST,41.48249,-74.50368,778,31.7,31.4,25.6,47.3,13.9,0.000,0.000,0.00,0.000,5.7,12.7,2.6,317,33,6.4,13.4,2.6,321,34,6.4,13.4,2.6,321,34,101,29.32,-0.0,0,0,0,43.0,45.4,49.3,0.19,0.13,0.10
OTIS,2019-11-08 15:00:00 EST,41.48249,-74.50368,778,31.8,31.4,25.1,48.5,14.6,0.000,0.000,0.00,0.000,6.2,13.8,3.0,359,28,7.3,18.1,3.4,3,25,7.3,18.1,3.4,3,25,216,29.32,0.1,0,0,0,42.8,45.4,49.3,0.19,0.13,0.11
OTIS,2019-11-08 15:05:00 EST,41.48249,-74.50368,778,32.1,31.5,24.3,49.7,15.4,0.000,0.000,0.00,0.000,7.9,15.3,3.4,337,23,9.1,17.3,3.3,337,20,9.1,17.3,3.3,337,20,267,29.33,-0.0,0,0,0,42.9,45.3,49.2,0.19,0.14,0.11
OTIS,2019-11-08 15:10:00 EST,41.48249,-74.50368,778,31.9,31.5,24.5,48.1,14.5,0.000,0.000,0.00,0.000,7.4,12.7,2.4,342,20,8.4,14.6,2.7,348,19,8.4,14.6,2.7,348,19,289,29.33,-0.1,0,0,0,42.8,45.4,49.2,0.19,0.13,0.11
OTIS,2019-11-08 15:15:00 EST,41.48249,-74.50368,778,32.1,31.6,26.2,46.3,13.8,0.000,0.000,0.00,0.000,5.5,12.1,3.2,336,28,6.3,14.1,3.4,340,28,6.3,14.1,3.4,340,28,304,29.33,-0.0,0,0,0,42.8,45.4,49.2,0.19,0.13,0.11
OTIS,2019-11-08 15:20:00 EST,41.48249,-74.50368,778,32.6,31.9,25.7,48.6,15.4,0.000,0.000,0.00,0.000,6.9,15.2,3.0,326,40,7.9,17.0,3.3,333,35,7.9,17.0,3.3,333,35,275,29.33,-0.0,0,0,0,42.8,45.4,49.2,0.19,0.13,0.11
OTIS,2019-11-08 15:25:00 EST,41.48249,-74.50368,778,32.4,31.8,23.6,47.1,14.4,0.000,0.000,0.00,0.000,10.3,19.0,2.6,330,27,11.2,21.0,3.1,335,26,11.2,21.0,3.1,335,26,197,29.33,-0.1,0,0,0,42.8,45.4,49.1,0.19,0.14,0.11
OTIS,2019-11-08 15:30:00 EST,41.48249,-74.50368,778,31.8,31.5,24.2,46.3,13.6,0.000,0.000,0.00,0.000,8.0,15.7,2.8,318,32,8.7,18.6,2.9,322,31,8.7,18.6,2.9,322,31,159,29.33,-0.1,0,0,0,42.8,45.4,49.1,0.18,0.13,0.11
OTIS,2019-11-08 15:35:00 EST,41.48249,-74.50368,778,31.9,31.6,26.7,48.5,14.6,0.000,0.000,0.00,0.000,4.4,10.4,2.1,347,38,5.3,12.1,2.4,347,30,5.3,12.1,2.4,347,30,141,29.33,0.0,0,0,0,42.8,45.4,49.1,0.19,0.13,0.11
OTIS,2019-11-08 15:40:00 EST,41.48249,-74.50368,778,31.7,31.2,25.6,51.7,15.9,0.000,0.000,0.00,0.000,5.4,11.4,2.8,343,25,6.3,13.2,2.8,347,20,6.3,13.2,2.8,347,20,104,29.33,-0.1,0,0,0,42.8,45.4,49.1,0.19,0.13,0.11
OTIS,2019-11-08 15:45:00 EST,41.48249,-74.50368,778,31.2,30.8,25.8,52.0,15.6,0.000,0.000,0.00,0.000,4.9,13.1,2.2,324,29,5.3,13.1,2.1,328,28,5.3,13.1,2.1,328,28,117,29.34,-0.1,0,0,0,42.7,45.5,49.1,0.19,0.13,0.11
OTIS,2019-11-08 15:50:00 EST,41.48249,-74.50368,778,30.8,30.6,22.8,51.6,15.0,0.000,0.000,0.00,0.000,7.8,16.7,2.6,344,29,8.9,16.6,2.9,349,20,8.9,16.6,2.9,349,20,80,29.34,-0.1,0,0,0,42.6,45.5,49.1,0.19,0.13,0.11
OTIS,2019-11-08 15:55:00 EST,41.48249,-74.50368,778,30.4,30.3,24.2,52.1,14.9,0.000,0.000,0.00,0.000,5.8,10.4,1.9,305,22,6.2,12.5,2.2,310,22,6.2,12.5,2.2,310,22,54,29.34,-0.0,0,0,0,42.6,45.4,49.1,0.19,0.13,0.11
OTIS,2019-11-08 16:00:00 EST,41.48249,-74.50368,778,30.3,30.2,23.0,52.0,14.8,0.000,0.000,0.00,0.000,6.7,12.6,3.1,324,32,7.7,14.8,3.2,329,30,7.7,14.8,3.2,329,30,47,29.34,-0.1,0,0,0,42.6,45.4,49.1,0.19,0.13,0.11
OTIS,2019-11-08 16:05:00 EST,41.48249,-74.50368,778,29.8,29.8,20.4,50.4,13.6,0.000,0.000,0.00,0.000,10.3,17.1,3.5,325,25,11.2,19.0,3.5,331,24,11.2,19.0,3.5,331,24,30,29.34,-0.0,0,0,0,42.5,45.4,49.1,0.19,0.14,0.11
OTIS,2019-11-08 16:10:00 EST,41.48249,-74.50368,778,29.7,29.6,20.9,51.4,13.9,0.000,0.000,0.00,0.000,9.1,17.8,3.2,316,23,9.8,19.8,3.3,319,22,9.8,19.8,3.3,319,22,24,29.35,-0.0,0,0,0,42.5,45.3,49.1,0.19,0.14,0.11
OTIS,2019-11-08 16:15:00 EST,41.48249,-74.50368,778,29.6,29.5,20.3,52.3,14.2,0.000,0.000,0.00,0.000,10.1,18.6,3.6,309,22,10.7,20.6,3.6,313,21,10.7,20.6,3.6,313,21,21,29.35,-0.0,0,0,0,42.4,45.4,49.1,0.19,0.13,0.11
OTIS,2019-11-08 16:20:00 EST,41.48249,-74.50368,778,29.4,29.4,22.4,53.9,14.8,0.000,0.000,0.00,0.000,6.3,11.7,1.9,323,24,6.9,11.3,2.1,327,23,6.9,11.3,2.1,327,23,19,29.35,-0.1,0,0,0,42.4,45.4,49.1,0.18,0.14,0.11
OTIS,2019-11-08 16:25:00 EST,41.48249,-74.50368,778,29.2,29.2,21.7,56.0,15.5,0.000,0.000,0.00,0.000,6.7,11.8,3.3,334,19,7.7,13.6,3.2,338,19,7.7,13.6,3.2,338,19,16,29.35,-0.0,0,0,0,42.3,45.4,49.1,0.18,0.14,0.11
OTIS,2019-11-08 16:30:00 EST,41.48249,-74.50368,778,29.1,29.2,22.0,56.7,15.6,0.000,0.000,0.00,0.000,5.9,16.2,3.5,334,29,7.0,18.3,3.7,340,26,7.0,18.3,3.7,340,26,13,29.35,-0.0,0,0,0,42.3,45.4,49.1,0.18,0.14,0.11
OTIS,2019-11-08 16:35:00 EST,41.48249,-74.50368,778,29.2,29.2,21.9,55.4,15.2,0.000,0.000,0.00,0.000,6.7,12.0,1.9,317,22,7.4,13.5,2.3,323,24,7.4,13.5,2.3,323,24,12,29.35,-0.1,0,0,0,42.1,45.3,49.1,0.18,0.14,0.11
OTIS,2019-11-08 16:40:00 EST,41.48249,-74.50368,778,29.2,29.2,21.8,55.6,15.3,0.000,0.000,0.00,0.000,6.9,14.9,2.3,324,24,7.4,16.6,2.5,331,20,7.4,16.6,2.5,331,20,9,29.35,-0.0,0,0,0,42.1,45.5,49.1,0.18,0.13,0.11
OTIS,2019-11-08 16:45:00 EST,41.48249,-74.50368,778,29.2,29.2,20.7,52.4,14.0,0.000,0.000,0.00,0.000,8.8,14.7,2.5,317,22,9.4,14.7,2.6,321,17,9.4,14.7,2.6,321,17,6,29.35,-0.1,0,0,0,42.0,45.3,49.1,0.18,0.14,0.11
OTIS,2019-11-08 16:50:00 EST,41.48249,-74.50368,778,29.1,29.1,20.7,52.3,13.8,0.000,0.000,0.00,0.000,8.4,17.6,3.0,316,27,9.0,18.4,3.0,320,27,9.0,18.4,3.0,320,27,3,29.36,-0.1,0,0,0,42.0,45.4,49.1,0.18,0.13,0.11
OTIS,2019-11-08 16:55:00 EST,41.48249,-74.50368,778,28.9,28.9,20.1,53.2,14.0,0.000,0.000,0.00,0.000,8.8,16.9,3.3,327,25,9.7,21.7,3.9,334,20,9.7,21.7,3.9,334,20,2,29.36,-0.0,0,0,0,41.9,45.4,49.1,0.18,0.14,0.11
OTIS,2019-11-08 17:00:00 EST,41.48249,-74.50368,778,28.8,28.8,20.3,54.2,14.3,0.000,0.000,0.00,0.000,8.0,15.3,3.2,321,21,9.0,17.5,3.0,324,20,9.0,17.5,3.0,324,20,1,29.36,-0.0,0,0,0,41.8,45.4,49.1,0.18,0.14,0.11
OTIS,2019-11-08 17:05:00 EST,41.48249,-74.50368,778,28.6,28.7,20.3,55.9,14.8,0.000,0.000,0.00,0.000,7.8,15.9,3.1,315,25,8.6,16.1,3.1,316,24,8.6,16.1,3.1,316,24,0,29.36,-0.1,0,0,0,41.7,45.4,49.1,0.18,0.13,0.11
OTIS,2019-11-08 17:10:00 EST,41.48249,-74.50368,778,28.5,28.5,21.7,55.4,14.5,0.000,0.000,0.00,0.000,5.9,11.2,1.8,311,21,6.5,13.8,2.2,312,20,6.5,13.8,2.2,312,20,0,29.37,-0.0,0,0,0,41.7,45.4,49.1,0.18,0.13,0.11
OTIS,2019-11-08 17:15:00 EST,41.48249,-74.50368,778,28.3,28.4,20.6,56.2,14.7,0.000,0.000,0.00,0.000,6.8,10.5,2.0,329,21,7.7,11.8,2.1,330,22,7.7,11.8,2.1,330,22,0,29.37,-0.1,0,0,0,41.5,45.4,49.1,0.18,0.14,0.11
OTIS,2019-11-08 17:20:00 EST,41.48249,-74.50368,778,28.3,28.4,21.4,55.2,14.3,0.000,0.000,0.00,0.000,5.9,14.0,2.1,323,30,6.6,13.6,2.2,326,27,6.6,13.6,2.2,326,27,0,29.37,-0.0,0,0,0,41.5,45.4,49.1,0.18,0.14,0.11
OTIS,2019-11-08 17:25:00 EST,41.48249,-74.50368,778,28.3,28.4,20.8,54.6,14.1,0.000,0.000,0.00,0.000,6.7,15.1,2.7,321,22,7.4,17.2,2.9,325,21,7.4,17.2,2.9,325,21,0,29.37,-0.1,0,0,0,41.4,45.4,49.1,0.18,0.13,0.11
OTIS,2019-11-08 17:30:00 EST,41.48249,-74.50368,778,28.3,28.3,21.7,54.6,14.0,0.000,0.000,0.00,0.000,5.5,12.6,2.2,327,36,6.2,12.4,2.4,331,32,6.2,12.4,2.4,331,32,0,29.38,-0.0,0,0,0,41.4,45.4,49.1,0.18,0.14,0.11
OTIS,2019-11-08 17:35:00 EST,41.48249,-74.50368,778,28.2,28.2,22.1,55.3,14.2,0.000,0.000,0.00,0.000,4.8,8.0,1.5,325,35,5.5,11.0,1.7,328,29,5.5,11.0,1.7,328,29,0,29.38,-0.0,0,0,0,41.4,45.4,49.1,0.18,0.13,0.11
OTIS,2019-11-08 17:40:00 EST,41.48249,-74.50368,778,28.0,28.2,22.8,56.3,14.4,0.000,0.000,0.00,0.000,4.1,7.3,1.1,319,24,4.6,8.0,1.4,322,24,4.6,8.0,1.4,322,24,0,29.38,-0.0,0,0,0,41.3,45.4,49.1,0.19,0.14,0.11
OTIS,2019-11-08 17:45:00 EST,41.48249,-74.50368,778,28.0,28.1,21.4,55.9,14.3,0.000,0.000,0.00,0.000,5.6,11.7,2.4,312,20,6.0,12.2,2.4,316,20,6.0,12.2,2.4,316,20,0,29.39,-0.0,0,0,0,41.2,45.4,49.1,0.18,0.14,0.11
OTIS,2019-11-08 17:50:00 EST,41.48249,-74.50368,778,28.0,28.0,21.2,55.8,14.2,0.000,0.000,0.00,0.000,5.6,10.1,1.6,320,22,6.3,10.4,1.8,321,22,6.3,10.4,1.8,321,22,0,29.39,-0.1,0,0,0,41.1,45.4,49.1,0.18,0.14,0.11
OTIS,2019-11-08 17:55:00 EST,41.48249,-74.50368,778,27.8,27.9,21.7,56.5,14.3,0.000,0.000,0.00,0.000,4.8,8.2,1.7,320,25,5.5,9.4,1.7,324,25,5.5,9.4,1.7,324,25,0,29.39,0.0,0,0,0,41.0,45.4,49.1,0.18,0.14,0.11
OTIS,2019-11-08 18:00:00 EST,41.48249,-74.50368,778,27.7,27.8,20.2,56.9,14.4,0.000,0.000,0.00,0.000,6.5,11.5,2.0,347,30,7.2,12.1,2.1,349,25,7.2,12.1,2.1,349,25,0,29.39,-0.1,0,0,0,41.0,45.3,49.1,0.18,0.13,0.11
OTIS,2019-11-08 18:05:00 EST,41.48249,-74.50368,778,27.4,27.6,23.0,58.0,14.6,0.000,0.000,0.00,0.000,3.4,6.1,1.2,328,25,3.8,6.9,1.4,329,25,3.8,6.9,1.4,329,25,0,29.39,-0.0,0,0,0,41.0,45.4,49.1,0.18,0.13,0.11
OTIS,2019-11-08 18:10:00 EST,41.48249,-74.50368,778,27.3,27.5,21.4,58.8,14.8,0.000,0.000,0.00,0.000,4.6,9.9,2.0,325,18,5.2,9.9,2.1,327,19,5.2,9.9,2.1,327,19,0,29.40,0.0,0,0,0,41.0,45.3,49.1,0.18,0.14,0.11
OTIS,2019-11-08 18:15:00 EST,41.48249,-74.50368,778,27.3,27.5,20.9,58.4,14.6,0.000,0.000,0.00,0.000,5.1,9.1,1.3,328,17,5.7,10.4,1.5,330,14,5.7,10.4,1.5,330,14,0,29.40,-0.0,0,0,0,40.8,45.4,49.1,0.18,0.14,0.11
OTIS,2019-11-08 18:20:00 EST,41.48249,-74.50368,778,27.2,27.3,20.3,59.0,14.8,0.000,0.000,0.00,0.000,5.7,9.2,1.6,334,18,6.3,11.2,1.8,339,18,6.3,11.2,1.8,339,18,0,29.40,0.0,0,0,0,40.7,45.5,49.1,0.18,0.13,0.11
OTIS,2019-11-08 18:25:00 EST,41.48249,-74.50368,778,27.2,27.3,21.3,58.6,14.6,0.000,0.000,0.00,0.000,4.8,8.0,1.2,309,21,5.1,8.8,1.3,311,22,5.1,8.8,1.3,311,22,0,29.40,-0.0,0,0,0,40.8,45.4,49.1,0.18,0.14,0.11
OTIS,2019-11-08 18:30:00 EST,41.48249,-74.50368,778,27.0,27.2,21.3,59.2,14.7,0.000,0.000,0.00,0.000,4.6,8.0,1.5,322,27,5.0,8.4,1.6,325,27,5.0,8.4,1.6,325,27,0,29.41,-0.0,0,0,0,40.7,45.4,49.1,0.18,0.14,0.11
OTIS,2019-11-08 18:35:00 EST,41.48249,-74.50368,778,27.0,27.1,21.1,59.7,14.8,0.000,0.000,0.00,0.000,4.5,9.2,1.9,329,19,5.1,9.2,2.0,331,20,5.1,9.2,2.0,331,20,0,29.41,-0.0,0,0,0,40.6,45.3,49.0,0.18,0.14,0.11
OTIS,2019-11-08 18:40:00 EST,41.48249,-74.50368,778,26.9,27.1,19.7,60.1,15.0,0.000,0.000,0.00,0.000,5.9,11.1,2.0,329,19,6.6,10.6,2.0,332,18,6.6,10.6,2.0,332,18,0,29.41,-0.0,0,0,0,40.6,45.4,49.0,0.18,0.14,0.11
OTIS,2019-11-08 18:45:00 EST,41.48249,-74.50368,778,26.8,27.0,19.7,60.4,14.9,0.000,0.000,0.00,0.000,5.7,9.9,1.9,333,29,6.4,11.2,2.1,334,26,6.4,11.2,2.1,334,26,0,29.41,0.0,0,0,0,40.6,45.4,49.1,0.18,0.14,0.11
OTIS,2019-11-08 18:50:00 EST,41.48249,-74.50368,778,26.8,26.8,20.1,60.6,15.0,0.000,0.000,0.00,0.000,5.5,11.4,2.4,326,23,5.9,11.5,2.3,329,17,5.9,11.5,2.3,329,17,0,29.42,0.0,0,0,0,40.5,45.3,49.1,0.18,0.14,0.11
OTIS,2019-11-08 18:55:00 EST,41.48249,-74.50368,778,26.9,26.9,20.0,60.2,14.9,0.000,0.000,0.00,0.000,5.9,10.4,1.7,308,20,6.2,11.4,1.8,313,18,6.2,11.4,1.8,313,18,0,29.41,-0.1,0,0,0,40.4,45.4,48.9,0.18,0.14,0.11
OTIS,2019-11-08 19:00:00 EST,41.48249,-74.50368,778,26.6,26.6,21.1,61.1,15.0,0.000,0.000,0.00,0.000,4.3,8.5,1.3,315,18,4.6,9.8,1.5,318,18,4.6,9.8,1.5,318,18,0,29.41,0.0,0,0,0,40.4,45.3,49.0,0.18,0.14,0.11
OTIS,2019-11-08 19:05:00 EST,41.48249,-74.50368,778,26.4,26.6,20.1,62.1,15.2,0.000,0.000,0.00,0.000,5.0,10.2,1.6,315,21,5.5,9.6,1.6,320,21,5.5,9.6,1.6,320,21,0,29.42,0.0,0,0,0,40.2,45.4,49.0,0.18,0.14,0.11
OTIS,2019-11-08 19:10:00 EST,41.48249,-74.50368,778,26.4,26.6,19.5,62.1,15.2,0.000,0.000,0.00,0.000,5.7,9.5,1.8,316,17,6.0,11.0,1.9,320,17,6.0,11.0,1.9,320,17,0,29.42,-0.0,0,0,0,40.3,45.4,48.7,0.18,0.13,0.11
OTIS,2019-11-08 19:15:00 EST,41.48249,-74.50368,778,26.2,26.4,22.1,62.3,15.1,0.000,0.000,0.00,0.000,3.1,8.0,1.5,313,27,3.5,7.2,1.5,315,26,3.5,7.2,1.5,315,26,0,29.42,0.0,0,0,0,40.3,45.2,48.7,0.18,0.14,0.11
OTIS,2019-11-08 19:20:00 EST,41.48249,-74.50368,778,26.3,26.4,18.9,62.1,15.1,0.000,0.000,0.00,0.000,6.1,12.3,2.2,313,24,6.6,11.6,2.1,316,23,6.6,11.6,2.1,316,23,0,29.42,0.0,0,0,0,40.3,45.2,48.7,0.18,0.14,0.11
OTIS,2019-11-08 19:25:00 EST,41.48249,-74.50368,778,26.3,26.4,20.4,61.3,14.8,0.000,0.000,0.00,0.000,4.5,9.9,1.9,313,27,5.0,10.2,1.9,317,25,5.0,10.2,1.9,317,25,0,29.42,-0.1,0,0,0,40.1,45.2,48.7,0.18,0.14,0.11
OTIS,2019-11-08 19:30:00 EST,41.48249,-74.50368,778,26.0,26.2,21.0,61.8,14.7,0.000,0.000,0.00,0.000,3.5,7.7,1.9,329,29,4.2,9.7,2.1,334,28,4.2,9.7,2.1,334,28,0,29.42,-0.0,0,0,0,40.1,45.1,48.8,0.18,0.13,0.11
OTIS,2019-11-08 19:35:00 EST,41.48249,-74.50368,778,26.2,26.2,19.8,61.0,14.5,0.000,0.000,0.00,0.000,4.6,9.7,2.3,322,27,5.4,10.3,2.3,326,24,5.4,10.3,2.3,326,24,0,29.42,-0.0,0,0,0,40.0,45.2,48.7,0.18,0.14,0.11
OTIS,2019-11-08 19:40:00 EST,41.48249,-74.50368,778,26.0,26.0,20.5,60.9,14.3,0.000,0.000,0.00,0.000,4.0,10.7,2.3,333,29,4.5,10.9,2.4,341,24,4.5,10.9,2.4,341,24,0,29.42,0.1,0,0,0,40.0,45.2,48.7,0.18,0.13,0.11
OTIS,2019-11-08 19:45:00 EST,41.48249,-74.50368,778,26.1,26.2,19.5,59.8,14.1,0.000,0.000,0.00,0.000,5.0,8.1,1.7,330,27,5.7,9.4,1.8,337,20,5.7,9.4,1.8,337,20,0,29.42,0.0,0,0,0,39.9,45.1,48.7,0.18,0.14,0.11
OTIS,2019-11-08 19:50:00 EST,41.48249,-74.50368,778,26.0,26.0,20.9,60.2,14.0,0.000,0.000,0.00,0.000,3.4,6.4,1.1,332,32,4.2,8.2,1.2,334,30,4.2,8.2,1.2,334,30,0,29.42,-0.1,0,0,0,39.9,45.1,48.7,0.18,0.13,0.11
OTIS,2019-11-08 19:55:00 EST,41.48249,-74.50368,778,25.6,25.9,21.1,61.6,14.2,0.000,0.000,0.00,0.000,3.4,5.6,0.9,315,21,3.7,7.1,1.0,319,22,3.7,7.1,1.0,319,22,0,29.42,0.0,0,0,0,39.9,45.1,48.7,0.18,0.13,0.11
OTIS,2019-11-08 20:00:00 EST,41.48249,-74.50368,778,25.6,25.8,20.3,61.4,14.1,0.000,0.000,0.00,0.000,3.7,10.5,2.7,330,18,4.3,11.4,2.9,333,21,4.3,11.4,2.9,333,21,0,29.42,0.0,0,0,0,39.9,45.1,48.7,0.18,0.14,0.11
OTIS,2019-11-08 20:05:00 EST,41.48249,-74.50368,778,25.5,25.6,19.2,62.5,14.5,0.000,0.000,0.00,0.000,4.7,7.9,1.3,323,25,5.2,9.5,1.5,327,21,5.2,9.5,1.5,327,21,0,29.42,-0.0,0,0,0,39.7,45.1,48.7,0.18,0.14,0.11
OTIS,2019-11-08 20:10:00 EST,41.48249,-74.50368,778,25.4,25.5,17.4,62.8,14.5,0.000,0.000,0.00,0.000,6.7,14.1,2.8,317,22,7.3,13.7,2.8,319,22,7.3,13.7,2.8,319,22,0,29.42,-0.0,0,0,0,39.7,45.1,48.7,0.18,0.13,0.11
OTIS,2019-11-08 20:15:00 EST,41.48249,-74.50368,778,25.5,25.5,18.9,62.7,14.5,0.000,0.000,0.00,0.000,4.9,10.2,2.5,322,26,5.5,10.7,2.6,325,25,5.5,10.7,2.6,325,25,0,29.42,0.0,0,0,0,39.7,45.1,48.7,0.18,0.14,0.11
OTIS,2019-11-08 20:20:00 EST,41.48249,-74.50368,778,25.3,25.4,19.9,62.9,14.5,0.000,0.000,0.00,0.000,4.0,9.4,2.6,315,27,4.4,10.4,2.8,316,31,4.4,10.4,2.8,316,31,0,29.42,0.0,0,0,0,39.6,45.1,48.7,0.18,0.13,0.11
OTIS,2019-11-08 20:25:00 EST,41.48249,-74.50368,778,25.2,25.4,20.1,63.4,14.5,0.000,0.000,0.00,0.000,3.5,11.0,2.6,329,39,4.1,12.3,2.7,331,39,4.1,12.3,2.7,331,39,0,29.43,0.0,0,0,0,39.6,45.0,48.7,0.18,0.14,0.11
OTIS,2019-11-08 20:30:00 EST,41.48249,-74.50368,778,25.2,25.3,18.4,63.7,14.6,0.000,0.000,0.00,0.000,4.9,10.4,2.1,325,30,5.7,11.8,2.3,329,30,5.7,11.8,2.3,329,30,0,29.43,0.0,0,0,0,39.5,45.1,48.7,0.18,0.13,0.11
OTIS,2019-11-08 20:35:00 EST,41.48249,-74.50368,778,25.2,25.3,21.0,63.6,14.6,0.000,0.000,0.00,0.000,2.8,10.0,2.9,310,28,3.4,10.8,3.0,315,34,3.4,10.8,3.0,315,34,0,29.43,0.1,0,0,0,39.5,45.0,48.7,0.18,0.14,0.11
OTIS,2019-11-08 20:40:00 EST,41.48249,-74.50368,778,25.4,25.4,21.3,63.1,14.6,0.000,0.000,0.00,0.000,2.5,5.9,1.3,349,48,3.4,7.8,1.5,353,48,3.4,7.8,1.5,353,48,0,29.44,0.0,0,0,0,39.5,45.0,48.7,0.18,0.14,0.11
OTIS,2019-11-08 20:45:00 EST,41.48249,-74.50368,778,25.3,25.4,20.9,63.4,14.6,0.000,0.000,0.00,0.000,2.6,5.8,1.5,269,47,3.5,7.3,1.6,276,49,3.5,7.3,1.6,276,49,0,29.44,0.0,0,0,0,39.5,45.0,48.7,0.18,0.14,0.11
OTIS,2019-11-08 20:50:00 EST,41.48249,-74.50368,778,25.1,25.3,21.0,63.6,14.5,0.000,0.000,0.00,0.000,2.8,7.6,1.6,274,39,3.4,8.1,1.7,278,38,3.4,8.1,1.7,278,38,0,29.44,-0.1,0,0,0,39.5,45.0,48.7,0.18,0.13,0.11
OTIS,2019-11-08 20:55:00 EST,41.48249,-74.50368,778,25.0,25.1,19.0,64.2,14.6,0.000,0.000,0.00,0.000,4.5,10.3,2.0,328,14,4.9,10.7,1.9,331,14,4.9,10.7,1.9,331,14,0,29.44,0.0,0,0,0,39.3,45.0,48.7,0.18,0.13,0.11
OTIS,2019-11-08 21:00:00 EST,41.48249,-74.50368,778,25.1,25.2,19.4,64.0,14.6,0.000,0.000,0.00,0.000,4.0,7.4,1.4,344,24,4.6,9.7,1.6,350,25,4.6,9.7,1.6,350,25,0,29.44,0.0,0,0,0,39.3,45.0,48.7,0.18,0.14,0.11
OTIS,2019-11-08 21:05:00 EST,41.48249,-74.50368,778,25.0,25.1,19.3,64.5,14.7,0.000,0.000,0.00,0.000,3.9,7.7,1.2,351,23,4.6,9.9,1.6,355,16,4.6,9.9,1.6,355,16,0,29.44,0.0,0,0,0,39.2,44.9,48.7,0.18,0.14,0.11
OTIS,2019-11-08 21:10:00 EST,41.48249,-74.50368,778,24.8,24.9,24.8,64.9,14.7,0.000,0.000,0.00,0.000,2.6,4.7,1.0,333,35,3.0,4.8,1.0,339,37,3.0,4.8,1.0,339,37,0,29.44,0.0,0,0,0,39.2,44.9,48.7,0.18,0.14,0.11
OTIS,2019-11-08 21:15:00 EST,41.48249,-74.50368,778,24.8,24.8,24.8,65.5,14.8,0.000,0.000,0.00,0.000,1.6,3.3,0.6,23,30,2.0,4.0,0.7,23,26,2.0,4.0,0.7,23,26,0,29.45,0.0,0,0,0,39.2,44.9,48.7,0.18,0.14,0.11
OTIS,2019-11-08 21:20:00 EST,41.48249,-74.50368,778,24.5,24.8,24.5,66.0,14.8,0.000,0.000,0.00,0.000,2.0,5.3,1.1,351,32,2.5,6.0,1.2,357,27,2.5,6.0,1.2,357,27,0,29.45,0.1,0,0,0,39.2,44.8,48.7,0.18,0.14,0.11
OTIS,2019-11-08 21:25:00 EST,41.48249,-74.50368,778,24.6,24.9,24.6,66.2,15.0,0.000,0.000,0.00,0.000,1.7,3.5,0.8,344,29,2.2,4.9,0.9,349,29,2.2,4.9,0.9,349,29,0,29.45,-0.1,0,0,0,39.2,44.8,48.7,0.18,0.13,0.11
OTIS,2019-11-08 21:30:00 EST,41.48249,-74.50368,778,24.1,24.5,24.1,67.1,14.7,0.000,0.000,0.00,0.000,0.8,1.8,0.6,181,41,1.2,2.9,0.7,185,47,1.2,2.9,0.7,185,47,0,29.45,0.1,0,0,0,39.2,44.7,48.7,0.18,0.14,0.11
OTIS,2019-11-08 21:35:00 EST,41.48249,-74.50368,778,23.7,24.4,23.7,68.0,14.7,0.000,0.000,0.00,0.000,1.4,3.1,0.8,118,42,1.9,3.7,0.9,122,55,1.9,3.7,0.9,122,55,0,29.46,-0.0,0,0,0,39.2,44.8,48.7,0.18,0.14,0.11
OTIS,2019-11-08 21:40:00 EST,41.48249,-74.50368,778,24.2,24.7,24.2,69.9,15.8,0.000,0.000,0.00,0.000,1.3,2.9,0.7,11,39,1.8,4.3,0.9,11,37,1.8,4.3,0.9,11,37,0,29.46,0.0,0,0,0,39.2,44.8,48.7,0.18,0.14,0.11
OTIS,2019-11-08 21:45:00 EST,41.48249,-74.50368,778,24.2,24.6,20.3,68.1,15.2,0.000,0.000,0.00,0.000,2.8,5.0,1.2,323,25,3.1,5.8,1.2,326,28,3.1,5.8,1.2,326,28,0,29.46,0.1,0,0,0,39.2,44.7,48.7,0.18,0.14,0.11
OTIS,2019-11-08 21:50:00 EST,41.48249,-74.50368,778,24.6,24.7,17.6,66.5,15.0,0.000,0.000,0.00,0.000,5.4,9.1,1.5,311,19,5.8,9.6,1.5,314,16,5.8,9.6,1.5,314,16,0,29.46,0.0,0,0,0,39.2,44.8,48.7,0.18,0.14,0.11
OTIS,2019-11-08 21:55:00 EST,41.48249,-74.50368,778,24.4,24.4,19.4,66.9,15.0,0.000,0.000,0.00,0.000,3.6,8.0,2.1,300,24,3.9,8.8,2.3,304,25,3.9,8.8,2.3,304,25,0,29.46,0.0,0,0,0,39.1,44.7,48.7,0.18,0.14,0.11
OTIS,2019-11-08 22:00:00 EST,41.48249,-74.50368,778,24.0,24.2,24.0,68.5,15.2,0.000,0.000,0.00,0.000,0.7,2.2,0.6,346,43,1.2,3.2,0.7,357,43,1.2,3.2,0.7,357,43,0,29.47,-0.1,0,0,0,39.0,44.7,48.7,0.18,0.13,0.11
OTIS,2019-11-08 22:05:00 EST,41.48249,-74.50368,778,23.7,24.3,23.7,70.0,15.3,0.000,0.000,0.00,0.000,0.7,2.7,0.8,310,35,1.0,3.9,0.9,307,31,1.0,3.9,0.9,307,31,0,29.47,0.1,0,0,0,39.0,44.6,48.7,0.18,0.14,0.11
OTIS,2019-11-08 22:10:00 EST,41.48249,-74.50368,778,24.0,24.5,24.0,68.3,15.1,0.000,0.000,0.00,0.000,2.5,3.9,0.8,316,22,2.8,4.5,0.9,321,23,2.8,4.5,0.9,321,23,0,29.47,-0.1,0,0,0,38.9,44.7,48.7,0.18,0.14,0.11
OTIS,2019-11-08 22:15:00 EST,41.48249,-74.50368,778,23.2,24.2,23.2,69.9,14.8,0.000,0.000,0.00,0.000,2.5,5.0,0.9,334,31,2.8,5.7,1.0,339,30,2.8,5.7,1.0,339,30,0,29.47,0.2,0,0,0,39.0,44.7,48.7,0.18,0.13,0.11
OTIS,2019-11-08 22:20:00 EST,41.48249,-74.50368,778,23.5,24.1,23.5,69.7,15.0,0.000,0.000,0.00,0.000,1.9,6.6,1.4,299,21,2.3,7.2,1.3,304,26,2.3,7.2,1.3,304,26,0,29.47,0.0,0,0,0,38.9,44.7,48.7,0.18,0.14,0.11
OTIS,2019-11-08 22:25:00 EST,41.48249,-74.50368,778,23.5,24.1,23.5,71.1,15.6,0.000,0.000,0.00,0.000,2.6,5.7,1.0,317,20,2.9,5.6,1.1,320,22,2.9,5.6,1.1,320,22,0,29.46,0.1,0,0,0,38.9,44.7,48.7,0.18,0.14,0.11
OTIS,2019-11-08 22:30:00 EST,41.48249,-74.50368,778,24.0,24.4,17.4,69.1,15.4,0.000,0.000,0.00,0.000,5.2,9.3,1.4,310,16,5.3,10.6,1.6,311,16,5.3,10.6,1.6,311,16,0,29.46,-0.0,0,0,0,38.9,44.6,48.7,0.18,0.14,0.11
OTIS,2019-11-08 22:35:00 EST,41.48249,-74.50368,778,24.1,24.2,16.7,68.2,15.1,0.000,0.000,0.00,0.000,5.6,11.6,1.8,309,20,6.2,12.4,1.8,313,20,6.2,12.4,1.8,313,20,0,29.46,0.1,0,0,0,38.8,44.6,48.7,0.18,0.14,0.11
OTIS,2019-11-08 22:40:00 EST,41.48249,-74.50368,778,23.9,24.0,18.1,69.1,15.2,0.000,0.000,0.00,0.000,4.0,7.8,1.5,297,23,4.5,8.3,1.7,299,22,4.5,8.3,1.7,299,22,0,29.46,-0.0,0,0,0,38.7,44.6,48.7,0.18,0.14,0.11
OTIS,2019-11-08 22:45:00 EST,41.48249,-74.50368,778,23.8,24.1,18.3,69.3,15.2,0.000,0.000,0.00,0.000,3.7,7.7,1.6,292,30,4.3,9.3,1.8,295,29,4.3,9.3,1.8,295,29,0,29.46,0.0,0,0,0,38.7,44.6,48.7,0.18,0.13,0.11
OTIS,2019-11-08 22:50:00 EST,41.48249,-74.50368,778,24.0,24.1,17.9,69.2,15.4,0.000,0.000,0.00,0.000,4.3,9.6,2.0,299,24,4.8,10.9,2.1,301,22,4.8,10.9,2.1,301,22,0,29.46,0.0,0,0,0,38.7,44.6,48.7,0.18,0.13,0.11
OTIS,2019-11-08 22:55:00 EST,41.48249,-74.50368,778,24.1,24.2,17.5,68.2,15.2,0.000,0.000,0.00,0.000,4.8,11.0,1.7,305,23,5.3,10.8,1.9,305,23,5.3,10.8,1.9,305,23,0,29.46,0.0,0,0,0,38.7,44.6,48.7,0.18,0.14,0.11
OTIS,2019-11-08 23:00:00 EST,41.48249,-74.50368,778,24.0,24.1,18.3,68.4,15.1,0.000,0.000,0.00,0.000,3.9,9.6,2.2,306,21,4.5,10.7,2.3,309,26,4.5,10.7,2.3,309,26,0,29.46,0.0,0,0,0,38.7,44.5,48.7,0.18,0.13,0.11
OTIS,2019-11-08 23:05:00 EST,41.48249,-74.50368,778,23.9,24.0,19.8,68.4,15.0,0.000,0.000,0.00,0.000,2.7,7.4,1.9,315,39,3.2,8.5,1.9,319,40,3.2,8.5,1.9,319,40,0,29.46,0.0,0,0,0,38.6,44.5,48.7,0.18,0.14,0.11
OTIS,2019-11-08 23:10:00 EST,41.48249,-74.50368,778,24.0,24.1,20.0,68.6,15.2,0.000,0.000,0.00,0.000,2.6,6.4,1.7,299,27,3.2,7.3,1.7,301,33,3.2,7.3,1.7,301,33,0,29.46,0.0,0,0,0,38.6,44.5,48.7,0.18,0.13,0.11
OTIS,2019-11-08 23:15:00 EST,41.48249,-74.50368,778,23.8,23.9,23.8,68.6,15.0,0.000,0.000,0.00,0.000,0.7,3.1,0.8,270,34,1.0,3.6,1.0,270,42,1.0,3.6,1.0,270,42,0,29.46,0.0,0,0,0,38.6,44.4,48.7,0.18,0.13,0.11
OTIS,2019-11-08 23:20:00 EST,41.48249,-74.50368,778,23.6,23.7,23.6,69.6,15.1,0.000,0.000,0.00,0.000,1.2,4.8,1.4,277,22,1.6,4.9,1.4,283,36,1.6,4.9,1.4,283,36,0,29.47,-0.1,0,0,0,38.5,44.5,48.7,0.18,0.14,0.11
OTIS,2019-11-08 23:25:00 EST,41.48249,-74.50368,778,23.4,23.7,23.4,70.3,15.2,0.000,0.000,0.00,0.000,1.7,3.3,0.8,286,24,2.0,3.9,0.9,286,24,2.0,3.9,0.9,286,24,0,29.47,-0.0,0,0,0,38.5,44.5,48.7,0.18,0.14,0.11
OTIS,2019-11-08 23:30:00 EST,41.48249,-74.50368,778,23.0,23.4,23.0,71.1,15.1,0.000,0.000,0.00,0.000,2.7,4.1,0.7,232,32,3.0,4.6,0.9,232,31,3.0,4.6,0.9,232,31,0,29.47,0.1,0,0,0,38.4,44.3,48.7,0.18,0.13,0.11
OTIS,2019-11-08 23:35:00 EST,41.48249,-74.50368,778,23.2,23.4,23.2,71.6,15.4,0.000,0.000,0.00,0.000,2.0,4.6,1.1,200,38,2.3,5.3,1.3,202,40,2.3,5.3,1.3,202,40,0,29.47,-0.1,0,0,0,38.3,44.4,48.7,0.18,0.14,0.11
OTIS,2019-11-08 23:40:00 EST,41.48249,-74.50368,778,22.4,23.1,22.4,73.6,15.3,0.000,0.000,0.00,0.000,2.4,5.1,1.1,180,27,2.8,5.5,1.1,180,28,2.8,5.5,1.1,180,28,0,29.47,0.1,0,0,0,38.3,44.5,48.6,0.18,0.14,0.11
OTIS,2019-11-08 23:45:00 EST,41.48249,-74.50368,778,22.3,22.8,18.3,74.2,15.4,0.000,0.000,0.00,0.000,2.8,5.6,0.9,174,16,3.0,6.4,0.9,173,17,3.0,6.4,0.9,173,17,0,29.47,0.0,0,0,0,38.3,44.5,48.6,0.18,0.13,0.11
OTIS,2019-11-08 23:50:00 EST,41.48249,-74.50368,778,22.0,22.6,22.0,75.3,15.4,0.000,0.000,0.00,0.000,2.0,3.2,0.6,120,29,2.3,3.8,0.6,122,31,2.3,3.8,0.6,122,31,0,29.47,-0.0,0,0,0,38.3,44.4,48.6,0.18,0.14,0.11
OTIS,2019-11-08 23:55:00 EST,41.48249,-74.50368,778,22.5,22.9,22.5,75.5,15.9,0.000,0.000,0.00,0.000,2.2,5.0,1.2,267,58,2.8,5.1,1.2,269,62,2.8,5.1,1.2,269,62,0,29.47,-0.0,0,0,0,38.3,44.3,48.6,0.18,0.13,0.11
OWEG,2019-11-08 00:00:00 EST,42.02571,-76.25543,1469,25.2,25.3,20.8,98.0,24.7,0.000,0.402,0.00,0.000,,,,,,3.6,4.8,0.7,277,11,3.6,4.8,0.7,277,11,0,28.51,0.4,0,0,0,44.3,47.0,49.5,0.47,0.42,0.36
OWEG,2019-11-08 00:05:00 EST,42.02571,-76.25543,1469,25.0,25.4,19.8,97.8,24.5,0.000,0.000,0.00,0.000,,,,,,4.2,5.2,0.7,267,8,4.2,5.2,0.7,267,8,0,28.51,0.4,0,0,0,44.4,47.0,49.6,0.47,0.42,0.36
OWEG,2019-11-08 00:10:00 EST,42.02571,-76.25543,1469,25.0,25.3,20.8,97.8,24.4,0.000,0.000,0.00,0.000,,,,,,3.4,5.6,0.7,276,12,3.4,5.6,0.7,276,12,0,28.51,0.4,0,0,0,44.2,46.9,49.5,0.47,0.42,0.36
OWEG,2019-11-08 00:15:00 EST,42.02571,-76.25543,1469,24.9,25.3,24.9,97.7,24.3,0.000,0.000,0.00,0.000,,,,,,2.5,3.8,0.7,277,11,2.5,3.8,0.7,277,11,0,28.51,0.4,0,0,0,44.1,46.9,49.5,0.47,0.42,0.36
OWEG,2019-11-08 00:20:00 EST,42.02571,-76.25543,1469,24.9,25.3,24.9,97.7,24.4,0.000,0.000,0.00,0.000,,,,,,3.0,5.3,0.7,265,19,3.0,5.3,0.7,265,19,0,28.50,0.4,0,0,0,44.1,46.9,49.5,0.47,0.42,0.36
OWEG,2019-11-08 00:25:00 EST,42.02571,-76.25543,1469,24.8,25.2,24.8,97.7,24.2,0.000,0.000,0.00,0.000,,,,,,1.8,3.4,0.7,254,21,1.8,3.4,0.7,254,21,0,28.50,0.4,0,0,0,44.1,46.9,49.5,0.47,0.42,0.36
OWEG,2019-11-08 00:30:00 EST,42.02571,-76.25543,1469,24.8,25.2,24.8,97.5,24.1,0.000,0.000,0.00,0.000,,,,,,1.4,2.5,0.4,213,15,1.4,2.5,0.4,213,15,0,28.50,0.4,0,0,0,44.1,46.9,49.5,0.47,0.42,0.36
OWEG,2019-11-08 00:35:00 EST,42.02571,-76.25543,1469,24.8,25.3,24.8,97.5,24.2,0.000,0.000,0.00,0.000,,,,,,2.3,4.2,0.5,188,7,2.3,4.2,0.5,188,7,0,28.49,0.5,0,0,0,44.1,46.9,49.5,0.47,0.42,0.36
OWEG,2019-11-08 00:40:00 EST,42.02571,-76.25543,1469,25.0,25.5,25.0,97.7,24.5,0.000,0.000,0.00,0.000,,,,,,1.2,2.4,0.6,205,18,1.2,2.4,0.6,205,18,0,28.49,0.4,0,0,0,44.1,46.9,49.5,0.47,0.42,0.36
OWEG,2019-11-08 00:45:00 EST,42.02571,-76.25543,1469,25.0,25.2,25.0,97.8,24.5,0.000,0.000,0.00,0.000,,,,,,2.9,4.2,0.8,249,10,2.9,4.2,0.8,249,10,0,28.49,0.4,0,0,0,44.1,46.9,49.5,0.47,0.42,0.36
OWEG,2019-11-08 00:50:00 EST,42.02571,-76.25543,1469,24.5,24.7,19.2,97.6,23.9,0.000,0.000,0.00,0.000,,,,,,4.2,5.1,0.4,266,10,4.2,5.1,0.4,266,10,0,28.49,0.4,0,0,0,44.1,46.9,49.5,0.47,0.42,0.36
OWEG,2019-11-08 00:55:00 EST,42.02571,-76.25543,1469,24.7,24.9,20.2,97.8,24.1,0.000,0.000,0.00,0.000,,,,,,3.5,5.2,0.6,298,14,3.5,5.2,0.6,298,14,0,28.49,0.4,0,0,0,44.1,46.9,49.5,0.47,0.42,0.36
OWEG,2019-11-08 01:00:00 EST,42.02571,-76.25543,1469,24.9,25.0,19.3,97.9,24.4,0.000,0.000,0.00,0.000,,,,,,4.5,7.1,0.8,294,13,4.5,7.1,0.8,294,13,0,28.49,0.4,0,0,0,44.1,46.9,49.5,0.47,0.42,0.36
OWEG,2019-11-08 01:05:00 EST,42.02571,-76.25543,1469,25.1,25.2,19.3,97.8,24.5,0.000,0.000,0.00,0.000,,,,,,4.6,7.4,0.9,282,9,4.6,7.4,0.9,282,9,0,28.49,0.4,0,0,0,44.1,46.9,49.5,0.47,0.42,0.36
OWEG,2019-11-08 01:10:00 EST,42.02571,-76.25543,1469,25.2,25.3,18.8,97.8,24.7,0.000,0.000,0.00,0.000,,,,,,5.3,7.7,0.9,278,11,5.3,7.7,0.9,278,11,0,28.49,0.4,0,0,0,44.1,46.9,49.5,0.47,0.42,0.36
OWEG,2019-11-08 01:15:00 EST,42.02571,-76.25543,1469,25.4,25.5,18.4,97.9,24.9,0.000,0.000,0.00,0.000,,,,,,6.0,9.2,1.4,279,9,6.0,9.2,1.4,279,9,0,28.49,0.4,0,0,0,44.1,46.9,49.5,0.47,0.42,0.36
OWEG,2019-11-08 01:20:00 EST,42.02571,-76.25543,1469,25.5,25.6,18.6,97.8,25.0,0.000,0.000,0.00,0.000,,,,,,5.9,9.7,1.4,278,13,5.9,9.7,1.4,278,13,0,28.50,0.4,0,0,0,44.1,46.9,49.5,0.47,0.42,0.36
OWEG,2019-11-08 01:25:00 EST,42.02571,-76.25543,1469,25.6,25.6,18.7,97.7,25.0,0.000,0.000,0.00,0.000,,,,,,5.9,9.3,1.2,274,12,5.9,9.3,1.2,274,12,0,28.50,0.4,0,0,0,44.1,46.9,49.5,0.47,0.42,0.36
OWEG,2019-11-08 01:30:00 EST,42.02571,-76.25543,1469,25.7,25.7,18.2,97.6,25.1,0.000,0.000,0.00,0.000,,,,,,6.6,11.7,1.9,278,13,6.6,11.7,1.9,278,13,0,28.49,0.4,0,0,0,44.1,46.9,49.5,0.47,0.42,0.36
OWEG,2019-11-08 01:35:00 EST,42.02571,-76.25543,1469,25.8,25.8,17.6,97.3,25.1,0.000,0.000,0.00,0.000,,,,,,7.5,12.9,1.8,280,10,7.5,12.9,1.8,280,10,0,28.50,0.4,0,0,0,44.1,46.9,49.5,0.47,0.42,0.36
OWEG,2019-11-08 01:40:00 EST,42.02571,-76.25543,1469,25.8,25.8,17.5,97.1,25.0,0.000,0.000,0.00,0.000,,,,,,7.6,12.5,1.8,276,10,7.6,12.5,1.8,276,10,0,28.50,0.4,0,0,0,44.0,46.9,49.5,0.47,0.42,0.36
OWEG,2019-11-08 01:45:00 EST,42.02571,-76.25543,1469,25.7,25.8,17.9,97.0,25.0,0.000,0.000,0.00,0.000,,,,,,7.0,11.2,1.8,283,9,7.0,11.2,1.8,283,9,0,28.50,0.4,0,0,0,43.9,46.9,49.5,0.47,0.42,0.36
OWEG,2019-11-08 01:50:00 EST,42.02571,-76.25543,1469,25.7,25.8,18.0,97.1,25.0,0.000,0.000,0.00,0.000,,,,,,6.9,10.5,1.5,277,10,6.9,10.5,1.5,277,10,0,28.50,0.4,0,0,0,43.9,46.9,49.5,0.47,0.42,0.36
OWEG,2019-11-08 01:55:00 EST,42.02571,-76.25543,1469,25.8,25.8,18.1,97.1,25.1,0.000,0.000,0.00,0.000,,,,,,6.9,9.8,1.3,275,10,6.9,9.8,1.3,275,10,0,28.50,0.4,0,0,0,43.9,46.9,49.5,0.47,0.42,0.36
OWEG,2019-11-08 02:00:00 EST,42.02571,-76.25543,1469,25.8,25.8,18.5,97.1,25.1,0.000,0.000,0.00,0.000,,,,,,6.4,10.0,1.4,279,11,6.4,10.0,1.4,279,11,0,28.50,0.4,0,0,0,43.9,46.9,49.5,0.47,0.42,0.36
OWEG,2019-11-08 02:05:00 EST,42.02571,-76.25543,1469,25.9,25.8,18.4,97.0,25.1,0.000,0.000,0.00,0.000,,,,,,6.6,9.0,1.2,267,11,6.6,9.0,1.2,267,11,0,28.49,0.4,0,0,0,43.9,46.9,49.5,0.47,0.42,0.36
OWEG,2019-11-08 02:10:00 EST,42.02571,-76.25543,1469,25.9,25.9,18.1,96.7,25.1,0.000,0.000,0.00,0.000,,,,,,7.1,11.8,1.5,277,10,7.1,11.8,1.5,277,10,0,28.49,0.4,0,0,0,43.9,46.9,49.5,0.47,0.42,0.36
OWEG,2019-11-08 02:15:00 EST,42.02571,-76.25543,1469,25.8,25.8,19.2,96.8,25.0,0.000,0.000,0.00,0.000,,,,,,5.6,8.4,1.3,274,12,5.6,8.4,1.3,274,12,0,28.49,0.4,0,0,0,43.9,46.9,49.5,0.47,0.42,0.36
OWEG,2019-11-08 02:20:00 EST,42.02571,-76.25543,1469,25.7,25.8,18.5,96.8,24.9,0.000,0.000,0.00,0.000,,,,,,6.2,11.1,1.6,270,14,6.2,11.1,1.6,270,14,0,28.49,0.5,0,0,0,43.9,46.9,49.5,0.47,0.42,0.36
OWEG,2019-11-08 02:25:00 EST,42.02571,-76.25543,1469,25.7,25.8,18.1,96.5,24.9,0.000,0.000,0.00,0.000,,,,,,6.8,11.6,1.4,274,15,6.8,11.6,1.4,274,15,0,28.49,0.5,0,0,0,43.9,46.8,49.5,0.47,0.42,0.36
OWEG,2019-11-08 02:30:00 EST,42.02571,-76.25543,1469,25.8,25.8,17.6,96.4,24.9,0.000,0.000,0.00,0.000,,,,,,7.5,11.1,1.8,274,9,7.5,11.1,1.8,274,9,0,28.49,0.5,0,0,0,43.9,46.8,49.5,0.47,0.42,0.36
OWEG,2019-11-08 02:35:00 EST,42.02571,-76.25543,1469,25.8,25.8,18.8,96.3,24.8,0.000,0.000,0.00,0.000,,,,,,6.0,9.2,1.1,272,13,6.0,9.2,1.1,272,13,0,28.49,0.5,0,0,0,43.9,46.8,49.5,0.47,0.42,0.36
OWEG,2019-11-08 02:40:00 EST,42.02571,-76.25543,1469,25.7,25.7,18.4,96.4,24.9,0.000,0.000,0.00,0.000,,,,,,6.4,10.0,1.4,274,11,6.4,10.0,1.4,274,11,0,28.49,0.5,0,0,0,43.9,46.8,49.5,0.47,0.42,0.36
OWEG,2019-11-08 02:45:00 EST,42.02571,-76.25543,1469,25.7,25.7,18.7,96.4,24.8,0.000,0.000,0.00,0.000,,,,,,6.1,8.7,1.3,265,12,6.1,8.7,1.3,265,12,0,28.49,0.5,0,0,0,43.9,46.8,49.5,0.47,0.42,0.36
OWEG,2019-11-08 02:50:00 EST,42.02571,-76.25543,1469,25.7,25.7,17.5,96.3,24.8,0.000,0.000,0.00,0.000,,,,,,7.6,10.2,1.4,283,13,7.6,10.2,1.4,283,13,0,28.49,0.5,0,0,0,43.9,46.8,49.5,0.47,0.42,0.36
OWEG,2019-11-08 02:55:00 EST,42.02571,-76.25543,1469,25.7,25.7,17.8,96.2,24.8,0.000,0.000,0.00,0.000,,,,,,7.1,11.7,2.0,278,12,7.1,11.7,2.0,278,12,0,28.49,0.5,0,0,0,43.9,46.8,49.5,0.47,0.42,0.36
OWEG,2019-11-08 03:00:00 EST,42.02571,-76.25543,1469,25.7,25.7,17.6,96.0,24.7,0.000,0.000,0.00,0.000,,,,,,7.4,12.5,2.0,275,13,7.4,12.5,2.0,275,13,0,28.49,0.5,0,0,0,43.9,46.8,49.5,0.47,0.42,0.36
OWEG,2019-11-08 03:05:00 EST,42.02571,-76.25543,1469,25.7,25.7,17.7,95.8,24.7,0.000,0.000,0.00,0.000,,,,,,7.4,10.3,1.5,279,11,7.4,10.3,1.5,279,11,0,28.49,0.5,0,0,0,43.8,46.8,49.5,0.47,0.42,0.36
OWEG,2019-11-08 03:10:00 EST,42.02571,-76.25543,1469,25.7,25.6,18.3,96.0,24.7,0.000,0.000,0.00,0.000,,,,,,6.5,11.9,1.7,278,18,6.5,11.9,1.7,278,18,0,28.49,0.5,0,0,0,43.9,46.8,49.5,0.47,0.42,0.36
OWEG,2019-11-08 03:15:00 EST,42.02571,-76.25543,1469,25.7,25.6,16.9,95.8,24.7,0.000,0.000,0.00,0.000,,,,,,8.4,17.1,2.7,274,10,8.4,17.1,2.7,274,10,0,28.49,0.5,0,0,0,43.7,46.8,49.5,0.47,0.42,0.36
OWEG,2019-11-08 03:20:00 EST,42.02571,-76.25543,1469,25.6,25.6,18.3,95.7,24.6,0.000,0.000,0.00,0.000,,,,,,6.4,10.7,1.8,280,15,6.4,10.7,1.8,280,15,0,28.49,0.5,0,0,0,43.7,46.8,49.5,0.47,0.42,0.36
OWEG,2019-11-08 03:25:00 EST,42.02571,-76.25543,1469,25.6,25.6,17.9,95.5,24.5,0.000,0.000,0.00,0.000,,,,,,6.9,11.7,1.6,278,10,6.9,11.7,1.6,278,10,0,28.49,0.5,0,0,0,43.7,46.8,49.5,0.47,0.42,0.36
OWEG,2019-11-08 03:30:00 EST,42.02571,-76.25543,1469,25.6,25.5,18.9,95.8,24.5,0.000,0.000,0.00,0.000,,,,,,5.7,8.8,1.4,286,14,5.7,8.8,1.4,286,14,0,28.49,0.5,0,0,0,43.7,46.8,49.5,0.47,0.42,0.36
OWEG,2019-11-08 03:35:00 EST,42.02571,-76.25543,1469,25.6,25.5,18.0,96.1,24.6,0.000,0.000,0.00,0.000,,,,,,6.7,12.6,1.1,278,11,6.7,12.6,1.1,278,11,0,28.49,0.4,0,0,0,43.7,46.8,49.5,0.47,0.42,0.36
OWEG,2019-11-08 03:40:00 EST,42.02571,-76.25543,1469,25.6,25.5,18.3,95.9,24.6,0.000,0.000,0.00,0.000,,,,,,6.3,10.6,2.0,278,13,6.3,10.6,2.0,278,13,0,28.49,0.4,0,0,0,43.7,46.8,49.5,0.47,0.42,0.36
OWEG,2019-11-08 03:45:00 EST,42.02571,-76.25543,1469,25.6,25.6,16.0,95.7,24.6,0.000,0.000,0.00,0.000,,,,,,9.7,17.3,2.6,275,9,9.7,17.3,2.6,275,9,0,28.49,0.4,0,0,0,43.7,46.8,49.5,0.47,0.42,0.36
OWEG,2019-11-08 03:50:00 EST,42.02571,-76.25543,1469,25.7,25.6,16.7,95.4,24.5,0.000,0.000,0.00,0.000,,,,,,8.6,13.9,1.9,277,11,8.6,13.9,1.9,277,11,0,28.49,0.4,0,0,0,43.7,46.8,49.5,0.47,0.42,0.36
OWEG,2019-11-08 03:55:00 EST,42.02571,-76.25543,1469,25.5,25.6,16.2,95.4,24.4,0.000,0.000,0.00,0.000,,,,,,9.2,19.5,2.5,278,13,9.2,19.5,2.5,278,13,0,28.49,0.4,0,0,0,43.7,46.8,49.4,0.47,0.42,0.36
OWEG,2019-11-08 04:00:00 EST,42.02571,-76.25543,1469,25.4,25.6,14.8,95.1,24.2,0.000,0.000,0.00,0.000,,,,,,11.4,17.0,2.2,275,14,11.4,17.0,2.2,275,14,0,28.49,0.4,0,0,0,43.7,46.8,49.4,0.47,0.42,0.36
OWEG,2019-11-08 04:05:00 EST,42.02571,-76.25543,1469,25.4,25.6,14.6,94.7,24.1,0.000,0.000,0.00,0.000,,,,,,11.8,17.0,2.2,271,10,11.8,17.0,2.2,271,10,0,28.49,0.4,0,0,0,43.7,46.8,49.4,0.47,0.42,0.36
OWEG,2019-11-08 04:10:00 EST,42.02571,-76.25543,1469,25.2,25.5,16.1,94.7,23.9,0.000,0.000,0.00,0.000,,,,,,8.7,13.1,1.5,279,9,8.7,13.1,1.5,279,9,0,28.49,0.4,0,0,0,43.7,46.8,49.4,0.47,0.42,0.36
OWEG,2019-11-08 04:15:00 EST,42.02571,-76.25543,1469,25.2,25.4,16.4,95.0,23.9,0.000,0.000,0.00,0.000,,,,,,8.2,14.7,2.1,285,11,8.2,14.7,2.1,285,11,0,28.49,0.5,0,0,0,43.7,46.8,49.4,0.47,0.42,0.36
OWEG,2019-11-08 04:20:00 EST,42.02571,-76.25543,1469,25.3,25.4,16.7,95.5,24.2,0.000,0.000,0.00,0.000,,,,,,8.0,13.7,2.0,279,16,8.0,13.7,2.0,279,16,0,28.49,0.4,0,0,0,43.7,46.8,49.3,0.47,0.42,0.36
OWEG,2019-11-08 04:25:00 EST,42.02571,-76.25543,1469,25.4,25.5,15.7,95.6,24.3,0.000,0.000,0.00,0.000,,,,,,9.7,16.1,2.5,288,12,9.7,16.1,2.5,288,12,0,28.49,0.4,0,0,0,43.7,46.8,49.4,0.47,0.42,0.36
OWEG,2019-11-08 04:30:00 EST,42.02571,-76.25543,1469,25.5,25.5,16.0,95.6,24.4,0.000,0.000,0.00,0.000,,,,,,9.5,15.8,2.9,290,13,9.5,15.8,2.9,290,13,0,28.49,0.4,0,0,0,43.7,46.8,49.3,0.47,0.42,0.36
OWEG,2019-11-08 04:35:00 EST,42.02571,-76.25543,1469,25.5,25.5,15.6,95.7,24.5,0.000,0.000,0.00,0.000,,,,,,10.1,17.5,2.6,296,15,10.1,17.5,2.6,296,15,0,28.50,0.4,0,0,0,43.7,46.8,49.4,0.47,0.42,0.36
OWEG,2019-11-08 04:40:00 EST,42.02571,-76.25543,1469,25.5,25.5,16.0,95.4,24.4,0.000,0.000,0.00,0.000,,,,,,9.5,17.7,2.7,298,15,9.5,17.7,2.7,298,15,0,28.50,0.4,0,0,0,43.7,46.8,49.3,0.47,0.42,0.36
OWEG,2019-11-08 04:45:00 EST,42.02571,-76.25543,1469,25.4,25.4,17.4,95.2,24.3,0.000,0.000,0.00,0.000,,,,,,7.3,15.1,2.6,305,17,7.3,15.1,2.6,305,17,0,28.50,0.4,0,0,0,43.7,46.8,49.3,0.47,0.42,0.36
OWEG,2019-11-08 04:50:00 EST,42.02571,-76.25543,1469,25.2,25.3,17.2,95.6,24.2,0.000,0.000,0.00,0.000,,,,,,7.2,13.3,2.5,304,22,7.2,13.3,2.5,304,22,0,28.50,0.4,0,0,0,43.7,46.8,49.3,0.47,0.42,0.36
OWEG,2019-11-08 04:55:00 EST,42.02571,-76.25543,1469,25.3,25.3,17.6,95.4,24.2,0.000,0.000,0.00,0.000,,,,,,6.8,13.7,2.3,312,15,6.8,13.7,2.3,312,15,0,28.50,0.4,0,0,0,43.6,46.8,49.3,0.47,0.42,0.36
OWEG,2019-11-08 05:00:00 EST,42.02571,-76.25543,1469,25.3,25.2,17.5,95.5,24.1,0.000,0.000,0.00,0.000,,,,,,6.8,13.7,2.4,308,18,6.8,13.7,2.4,308,18,0,28.50,0.4,0,0,0,43.6,46.8,49.3,0.47,0.42,0.36
OWEG,2019-11-08 05:05:00 EST,42.02571,-76.25543,1469,25.1,25.1,17.9,95.0,23.9,0.000,0.000,0.00,0.000,,,,,,6.2,10.0,1.7,313,15,6.2,10.0,1.7,313,15,0,28.51,0.4,0,0,0,43.5,46.8,49.3,0.47,0.42,0.36
OWEG,2019-11-08 05:10:00 EST,42.02571,-76.25543,1469,24.9,25.0,16.0,94.6,23.5,0.000,0.000,0.00,0.000,,,,,,8.2,13.3,1.6,318,18,8.2,13.3,1.6,318,18,0,28.51,0.4,0,0,0,43.5,46.8,49.3,0.47,0.42,0.36
OWEG,2019-11-08 05:15:00 EST,42.02571,-76.25543,1469,24.7,24.9,15.9,93.8,23.1,0.000,0.000,0.00,0.000,,,,,,8.0,12.8,2.4,314,21,8.0,12.8,2.4,314,21,0,28.51,0.4,0,0,0,43.5,46.8,49.3,0.47,0.42,0.36
OWEG,2019-11-08 05:20:00 EST,42.02571,-76.25543,1469,24.6,24.8,16.2,93.2,23.0,0.000,0.000,0.00,0.000,,,,,,7.6,13.7,2.7,313,19,7.6,13.7,2.7,313,19,0,28.51,0.4,0,0,0,43.5,46.8,49.3,0.47,0.42,0.36
OWEG,2019-11-08 05:25:00 EST,42.02571,-76.25543,1469,24.7,24.8,16.5,93.3,23.1,0.000,0.000,0.00,0.000,,,,,,7.3,16.1,3.3,311,14,7.3,16.1,3.3,311,14,0,28.52,0.5,0,0,0,43.5,46.8,49.3,0.47,0.42,0.36
OWEG,2019-11-08 05:30:00 EST,42.02571,-76.25543,1469,25.0,25.0,15.8,92.7,23.2,0.000,0.000,0.00,0.000,,,,,,8.8,17.4,3.1,332,19,8.8,17.4,3.1,332,19,0,28.52,0.4,0,0,0,43.5,46.8,49.3,0.47,0.42,0.36
OWEG,2019-11-08 05:35:00 EST,42.02571,-76.25543,1469,24.8,24.7,13.4,92.9,23.0,0.000,0.000,0.00,0.000,,,,,,12.7,22.9,3.8,340,12,12.7,22.9,3.8,340,12,0,28.52,0.4,0,0,0,43.5,46.8,49.3,0.47,0.42,0.36
OWEG,2019-11-08 05:40:00 EST,42.02571,-76.25543,1469,24.6,24.5,15.5,93.9,23.1,0.000,0.000,0.00,0.000,,,,,,8.5,14.7,2.7,329,20,8.5,14.7,2.7,329,20,0,28.52,0.4,0,0,0,43.5,46.8,49.3,0.47,0.42,0.36
OWEG,2019-11-08 05:45:00 EST,42.02571,-76.25543,1469,24.6,24.6,16.1,94.0,23.2,0.000,0.000,0.00,0.000,,,,,,7.8,12.6,2.1,333,19,7.8,12.6,2.1,333,19,0,28.53,0.4,0,0,0,43.5,46.8,49.3,0.47,0.42,0.36
OWEG,2019-11-08 05:50:00 EST,42.02571,-76.25543,1469,24.6,24.6,16.0,93.6,23.1,0.000,0.000,0.00,0.000,,,,,,7.8,15.1,2.9,335,16,7.8,15.1,2.9,335,16,0,28.53,0.4,0,0,0,43.5,46.7,49.3,0.47,0.42,0.36
OWEG,2019-11-08 05:55:00 EST,42.02571,-76.25543,1469,24.6,24.6,16.7,93.3,23.0,0.000,0.000,0.00,0.000,,,,,,6.9,13.0,2.6,324,17,6.9,13.0,2.6,324,17,0,28.53,0.4,0,0,0,43.5,46.8,49.3,0.47,0.42,0.36
OWEG,2019-11-08 06:00:00 EST,42.02571,-76.25543,1469,24.6,24.6,16.1,93.3,23.0,0.000,0.000,0.00,0.000,,,,,,7.7,13.9,1.8,331,17,7.7,13.9,1.8,331,17,0,28.53,0.4,0,0,0,43.5,46.7,49.3,0.47,0.42,0.36
OWEG,2019-11-08 06:05:00 EST,42.02571,-76.25543,1469,24.6,24.6,15.5,92.8,22.8,0.000,0.000,0.00,0.000,,,,,,8.5,13.9,2.4,327,16,8.5,13.9,2.4,327,16,0,28.53,0.4,0,0,0,43.5,46.7,49.3,0.47,0.42,0.36
OWEG,2019-11-08 06:10:00 EST,42.02571,-76.25543,1469,24.6,24.6,15.8,92.4,22.7,0.000,0.000,0.00,0.000,,,,,,8.1,16.2,2.6,340,15,8.1,16.2,2.6,340,15,0,28.54,0.4,0,0,0,43.5,46.7,49.3,0.47,0.42,0.36
OWEG,2019-11-08 06:15:00 EST,42.02571,-76.25543,1469,24.6,24.5,16.5,92.6,22.7,0.000,0.000,0.00,0.000,,,,,,7.0,15.7,2.9,342,15,7.0,15.7,2.9,342,15,0,28.54,0.4,0,0,0,43.4,46.7,49.3,0.47,0.42,0.36
OWEG,2019-11-08 06:20:00 EST,42.02571,-76.25543,1469,24.4,24.4,16.9,93.0,22.6,0.000,0.000,0.00,0.000,,,,,,6.3,12.3,2.3,335,14,6.3,12.3,2.3,335,14,0,28.54,0.4,0,0,0,43.3,46.7,49.3,0.47,0.42,0.36
OWEG,2019-11-08 06:25:00 EST,42.02571,-76.25543,1469,24.4,24.4,15.4,93.1,22.7,0.000,0.000,0.00,0.000,,,,,,8.3,15.3,2.5,344,11,8.3,15.3,2.5,344,11,0,28.54,0.4,0,0,0,43.3,46.6,49.3,0.47,0.42,0.36
OWEG,2019-11-08 06:30:00 EST,42.02571,-76.25543,1469,24.5,24.4,15.6,93.0,22.8,0.000,0.000,0.00,0.000,,,,,,8.2,18.3,3.5,341,14,8.2,18.3,3.5,341,14,0,28.54,0.4,0,0,0,43.3,46.6,49.3,0.47,0.42,0.36
OWEG,2019-11-08 06:35:00 EST,42.02571,-76.25543,1469,24.5,24.4,15.1,92.4,22.6,0.000,0.000,0.00,0.000,,,,,,9.0,16.0,2.7,339,17,9.0,16.0,2.7,339,17,0,28.55,0.4,0,0,0,43.3,46.6,49.3,0.47,0.42,0.36
OWEG,2019-11-08 06:40:00 EST,42.02571,-76.25543,1469,24.3,24.2,14.6,91.9,22.3,0.000,0.000,0.00,0.000,,,,,,9.3,16.4,2.2,339,13,9.3,16.4,2.2,339,13,1,28.55,0.4,0,0,0,43.3,46.6,49.3,0.47,0.42,0.36
OWEG,2019-11-08 06:45:00 EST,42.02571,-76.25543,1469,24.0,24.0,14.2,91.7,22.0,0.000,0.000,0.00,0.000,,,,,,9.4,16.6,2.6,348,10,9.4,16.6,2.6,348,10,4,28.55,0.4,0,0,0,43.3,46.6,49.3,0.47,0.42,0.36
OWEG,2019-11-08 06:50:00 EST,42.02571,-76.25543,1469,24.0,23.9,14.5,91.8,22.0,0.000,0.000,0.00,0.000,,,,,,8.9,17.0,2.8,347,11,8.9,17.0,2.8,347,11,5,28.56,0.4,0,0,0,43.3,46.6,49.3,0.47,0.42,0.36
OWEG,2019-11-08 06:55:00 EST,42.02571,-76.25543,1469,23.9,23.9,13.1,91.0,21.7,0.000,0.000,0.00,0.000,,,,,,11.1,16.5,3.0,339,12,11.1,16.5,3.0,339,12,9,28.56,0.4,0,0,0,43.3,46.6,49.3,0.47,0.42,0.36
OWEG,2019-11-08 07:00:00 EST,42.02571,-76.25543,1469,23.7,23.7,15.5,91.4,21.6,0.000,0.000,0.00,0.000,,,,,,7.1,14.8,3.1,334,20,7.1,14.8,3.1,334,20,12,28.56,0.4,0,0,0,43.3,46.6,49.3,0.47,0.42,0.36
OWEG,2019-11-08 07:05:00 EST,42.02571,-76.25543,1469,23.7,23.7,13.8,91.6,21.7,0.000,0.000,0.00,0.000,,,,,,9.5,14.1,2.5,328,19,9.5,14.1,2.5,328,19,12,28.56,0.5,0,0,0,43.3,46.6,49.3,0.47,0.42,0.36
OWEG,2019-11-08 07:10:00 EST,42.02571,-76.25543,1469,23.7,23.7,17.3,91.5,21.6,0.000,0.000,0.00,0.000,,,,,,5.1,11.3,2.1,339,19,5.1,11.3,2.1,339,19,15,28.57,0.5,0,0,0,43.3,46.6,49.3,0.47,0.42,0.36
OWEG,2019-11-08 07:15:00 EST,42.02571,-76.25543,1469,23.9,23.8,14.4,91.5,21.7,0.000,0.000,0.00,0.000,,,,,,8.8,13.4,2.1,336,15,8.8,13.4,2.1,336,15,36,28.57,0.4,0,0,0,43.3,46.6,49.3,0.47,0.42,0.36
OWEG,2019-11-08 07:20:00 EST,42.02571,-76.25543,1469,24.0,23.8,16.6,91.2,21.8,0.000,0.000,0.00,0.000,,,,,,6.1,11.5,2.3,346,15,6.1,11.5,2.3,346,15,54,28.57,0.4,0,0,0,43.3,46.6,49.3,0.47,0.42,0.36
OWEG,2019-11-08 07:25:00 EST,42.02571,-76.25543,1469,24.1,23.8,15.8,91.7,22.0,0.000,0.000,0.00,0.000,,,,,,7.2,14.3,3.5,344,15,7.2,14.3,3.5,344,15,43,28.57,0.4,0,0,0,43.3,46.6,49.3,0.47,0.42,0.36
OWEG,2019-11-08 07:30:00 EST,42.02571,-76.25543,1469,23.9,23.6,15.4,92.0,21.9,0.000,0.000,0.00,0.000,,,,,,7.4,12.3,2.1,335,15,7.4,12.3,2.1,335,15,46,28.57,0.4,0,0,0,43.3,46.6,49.3,0.47,0.42,0.36
OWEG,2019-11-08 07:35:00 EST,42.02571,-76.25543,1469,23.7,23.5,16.5,92.2,21.7,0.000,0.000,0.00,0.000,,,,,,5.8,12.2,1.9,331,18,5.8,12.2,1.9,331,18,90,28.58,0.4,0,0,0,43.3,46.6,49.3,0.47,0.42,0.36
OWEG,2019-11-08 07:40:00 EST,42.02571,-76.25543,1469,23.8,23.6,15.4,91.4,21.6,0.000,0.000,0.00,0.000,,,,,,7.2,15.2,2.5,312,18,7.2,15.2,2.5,312,18,140,28.58,0.4,0,0,0,43.3,46.6,49.3,0.47,0.42,0.36
OWEG,2019-11-08 07:45:00 EST,42.02571,-76.25543,1469,24.0,23.8,14.6,90.0,21.5,0.000,0.000,0.00,0.000,,,,,,8.8,16.5,3.1,327,19,8.8,16.5,3.1,327,19,154,28.58,0.4,0,0,0,43.3,46.6,49.3,0.47,0.42,0.36
OWEG,2019-11-08 07:50:00 EST,42.02571,-76.25543,1469,24.2,23.9,16.7,89.5,21.5,0.000,0.000,0.00,0.000,,,,,,6.2,11.7,2.2,321,20,6.2,11.7,2.2,321,20,159,28.58,0.4,0,0,0,43.2,46.6,49.3,0.47,0.42,0.36
OWEG,2019-11-08 07:55:00 EST,42.02571,-76.25543,1469,24.4,24.1,16.0,88.9,21.6,0.000,0.000,0.00,0.000,,,,,,7.5,17.4,3.1,325,21,7.5,17.4,3.1,325,21,189,28.59,0.4,0,0,0,43.2,46.6,49.3,0.47,0.42,0.36
OWEG,2019-11-08 08:00:00 EST,42.02571,-76.25543,1469,24.2,24.0,15.5,85.5,20.5,0.000,0.000,0.00,0.000,,,,,,7.7,13.2,2.5,318,16,7.7,13.2,2.5,318,16,170,28.59,0.4,0,0,0,43.2,46.6,49.3,0.47,0.42,0.36
OWEG,2019-11-08 08:05:00 EST,42.02571,-76.25543,1469,24.2,24.0,14.9,86.2,20.6,0.000,0.000,0.00,0.000,,,,,,8.7,15.8,2.6,311,16,8.7,15.8,2.6,311,16,135,28.59,0.4,0,0,0,43.2,46.6,49.3,0.47,0.42,0.36
OWEG,2019-11-08 08:10:00 EST,42.02571,-76.25543,1469,24.2,24.0,14.3,84.9,20.3,0.000,0.000,0.00,0.000,,,,,,9.6,18.6,3.8,327,18,9.6,18.6,3.8,327,18,182,28.59,0.4,0,0,0,43.2,46.6,49.3,0.47,0.42,0.36
OWEG,2019-11-08 08:15:00 EST,42.02571,-76.25543,1469,24.1,23.9,15.0,86.8,20.8,0.000,0.000,0.00,0.000,,,,,,8.4,14.4,2.4,312,21,8.4,14.4,2.4,312,21,94,28.59,0.4,0,0,0,43.2,46.6,49.3,0.47,0.42,0.36
OWEG,2019-11-08 08:20:00 EST,42.02571,-76.25543,1469,23.9,23.7,15.4,87.0,20.6,0.000,0.000,0.00,0.000,,,,,,7.3,14.9,3.2,305,19,7.3,14.9,3.2,305,19,87,28.59,0.4,0,0,0,43.2,46.6,49.3,0.47,0.42,0.36
OWEG,2019-11-08 08:25:00 EST,42.02571,-76.25543,1469,23.9,23.7,14.5,86.8,20.5,0.000,0.000,0.00,0.000,,,,,,8.6,14.6,3.0,314,21,8.6,14.6,3.0,314,21,109,28.59,0.4,0,0,0,43.2,46.6,49.3,0.47,0.42,0.36
OWEG,2019-11-08 08:30:00 EST,42.02571,-76.25543,1469,24.0,23.7,15.4,86.6,20.5,0.000,0.000,0.00,0.000,,,,,,7.6,19.5,4.1,333,20,7.6,19.5,4.1,333,20,82,28.60,0.4,0,0,0,43.2,46.6,49.3,0.47,0.42,0.36
OWEG,2019-11-08 08:35:00 EST,42.02571,-76.25543,1469,24.0,23.7,16.7,86.2,20.4,0.000,0.000,0.00,0.000,,,,,,6.0,10.4,1.6,313,20,6.0,10.4,1.6,313,20,110,28.60,0.4,0,0,0,43.2,46.6,49.3,0.47,0.42,0.36
OWEG,2019-11-08 08:40:00 EST,42.02571,-76.25543,1469,24.1,23.8,15.4,86.1,20.5,0.000,0.000,0.00,0.000,,,,,,7.7,17.9,3.2,330,17,7.7,17.9,3.2,330,17,126,28.60,0.4,0,0,0,43.2,46.6,49.3,0.47,0.42,0.36
OWEG,2019-11-08 08:45:00 EST,42.02571,-76.25543,1469,24.2,23.9,16.0,84.7,20.3,0.000,0.000,0.00,0.000,,,,,,7.3,13.8,2.5,335,19,7.3,13.8,2.5,335,19,182,28.60,0.4,0,0,0,43.2,46.6,49.3,0.47,0.42,0.36
OWEG,2019-11-08 08:50:00 EST,42.02571,-76.25543,1469,24.5,24.1,16.9,84.9,20.6,0.000,0.000,0.00,0.000,,,,,,6.5,12.9,2.4,335,21,6.5,12.9,2.4,335,21,192,28.60,0.4,0,0,0,43.2,46.6,49.3,0.48,0.42,0.36
OWEG,2019-11-08 08:55:00 EST,42.02571,-76.25543,1469,24.6,24.2,17.5,85.1,20.8,0.000,0.000,0.00,0.000,,,,,,5.9,13.7,3.0,327,34,5.9,13.7,3.0,327,34,175,28.60,0.4,0,0,0,43.2,46.6,49.3,0.48,0.42,0.36
OWEG,2019-11-08 09:00:00 EST,42.02571,-76.25543,1469,24.6,24.1,16.1,84.2,20.5,0.000,0.000,0.00,0.000,,,,,,7.6,13.7,2.6,321,25,7.6,13.7,2.6,321,25,121,28.60,0.4,0,0,0,43.2,46.6,49.3,0.48,0.42,0.36
OWEG,2019-11-08 09:05:00 EST,42.02571,-76.25543,1469,24.3,24.0,16.6,83.8,20.1,0.000,0.000,0.00,0.000,,,,,,6.5,11.4,2.2,345,19,6.5,11.4,2.2,345,19,112,28.60,0.4,0,0,0,43.2,46.6,49.3,0.47,0.42,0.36
OWEG,2019-11-08 09:10:00 EST,42.02571,-76.25543,1469,24.4,24.0,16.4,84.7,20.5,0.000,0.000,0.00,0.000,,,,,,7.0,12.6,2.0,344,20,7.0,12.6,2.0,344,20,126,28.60,0.4,0,0,0,43.2,46.6,49.3,0.47,0.42,0.36
OWEG,2019-11-08 09:15:00 EST,42.02571,-76.25543,1469,24.5,24.1,15.3,84.5,20.5,0.000,0.000,0.00,0.000,,,,,,8.6,22.4,4.3,340,21,8.6,22.4,4.3,340,21,182,28.60,0.4,0,0,0,43.2,46.6,49.3,0.47,0.42,0.36
OWEG,2019-11-08 09:20:00 EST,42.02571,-76.25543,1469,24.6,24.2,15.3,82.6,20.1,0.000,0.000,0.00,0.000,,,,,,8.8,17.7,3.4,333,19,8.8,17.7,3.4,333,19,213,28.61,0.5,0,0,0,43.2,46.6,49.3,0.47,0.42,0.36
OWEG,2019-11-08 09:25:00 EST,42.02571,-76.25543,1469,24.5,24.1,12.8,81.0,19.5,0.000,0.000,0.00,0.000,,,,,,13.1,20.9,3.8,335,14,13.1,20.9,3.8,335,14,159,28.61,0.4,0,0,0,43.2,46.5,49.3,0.48,0.42,0.36
OWEG,2019-11-08 09:30:00 EST,42.02571,-76.25543,1469,24.1,23.9,11.5,78.3,18.3,0.000,0.000,0.00,0.000,,,,,,15.0,25.7,4.4,338,14,15.0,25.7,4.4,338,14,205,28.61,0.4,0,0,0,43.2,46.5,49.3,0.48,0.42,0.36
OWEG,2019-11-08 09:35:00 EST,42.02571,-76.25543,1469,24.5,24.1,13.5,77.6,18.5,0.000,0.000,0.00,0.000,,,,,,11.7,19.7,4.1,329,18,11.7,19.7,4.1,329,18,418,28.61,0.5,0,0,0,43.2,46.5,49.3,0.47,0.42,0.36
OWEG,2019-11-08 09:40:00 EST,42.02571,-76.25543,1469,25.1,24.3,13.7,78.9,19.5,0.000,0.000,0.00,0.000,,,,,,12.7,20.9,3.6,313,18,12.7,20.9,3.6,313,18,500,28.61,0.5,0,0,0,43.2,46.5,49.3,0.47,0.42,0.36
OWEG,2019-11-08 09:45:00 EST,42.02571,-76.25543,1469,25.4,24.6,15.3,78.5,19.6,0.000,0.000,0.00,0.000,,,,,,10.4,16.7,2.6,315,19,10.4,16.7,2.6,315,19,454,28.61,0.4,0,0,0,43.2,46.4,49.3,0.47,0.42,0.36
OWEG,2019-11-08 09:50:00 EST,42.02571,-76.25543,1469,25.0,24.4,13.8,77.1,18.9,0.000,0.000,0.00,0.000,,,,,,12.4,18.7,3.1,332,18,12.4,18.7,3.1,332,18,266,28.61,0.4,0,0,0,43.2,46.4,49.3,0.47,0.42,0.36
OWEG,2019-11-08 09:55:00 EST,42.02571,-76.25543,1469,24.7,24.2,15.1,78.1,18.8,0.000,0.000,0.00,0.000,,,,,,9.4,20.4,4.0,330,19,9.4,20.4,4.0,330,19,165,28.62,0.4,0,0,0,43.2,46.4,49.3,0.47,0.42,0.36
OWEG,2019-11-08 10:00:00 EST,42.02571,-76.25543,1469,24.4,24.0,13.1,77.8,18.4,0.000,0.000,0.00,0.000,,,,,,12.2,21.1,3.9,329,16,12.2,21.1,3.9,329,16,160,28.62,0.4,0,0,0,43.2,46.4,49.3,0.47,0.42,0.36
OWEG,2019-11-08 10:05:00 EST,42.02571,-76.25543,1469,24.6,24.1,14.7,78.5,18.9,0.000,0.000,0.00,0.000,,,,,,9.8,17.0,2.4,321,25,9.8,17.0,2.4,321,25,329,28.62,0.4,0,0,0,43.2,46.4,49.3,0.48,0.42,0.36
OWEG,2019-11-08 10:10:00 EST,42.02571,-76.25543,1469,24.8,24.3,16.5,79.5,19.4,0.000,0.000,0.00,0.000,,,,,,7.4,13.5,2.4,334,21,7.4,13.5,2.4,334,21,292,28.62,0.4,0,0,0,43.2,46.4,49.2,0.47,0.42,0.36
OWEG,2019-11-08 10:15:00 EST,42.02571,-76.25543,1469,24.9,24.3,14.6,79.4,19.5,0.000,0.000,0.00,0.000,,,,,,10.5,21.6,3.3,317,19,10.5,21.6,3.3,317,19,384,28.62,0.4,0,0,0,43.2,46.4,49.3,0.47,0.42,0.36
OWEG,2019-11-08 10:20:00 EST,42.02571,-76.25543,1469,25.2,24.5,15.0,77.2,19.1,0.000,0.000,0.00,0.000,,,,,,10.6,21.1,4.1,319,19,10.6,21.1,4.1,319,19,342,28.62,0.4,0,0,0,43.2,46.4,49.3,0.47,0.42,0.36
OWEG,2019-11-08 10:25:00 EST,42.02571,-76.25543,1469,24.9,24.4,13.8,75.8,18.3,0.000,0.000,0.00,0.000,,,,,,12.0,23.2,4.1,340,15,12.0,23.2,4.1,340,15,289,28.62,0.5,0,0,0,43.2,46.4,49.2,0.47,0.42,0.36
OWEG,2019-11-08 10:30:00 EST,42.02571,-76.25543,1469,25.0,24.5,15.7,78.0,19.1,0.000,0.000,0.00,0.000,,,,,,8.9,17.0,2.9,319,16,8.9,17.0,2.9,319,16,234,28.62,0.4,0,0,0,43.2,46.4,49.2,0.47,0.42,0.36
OWEG,2019-11-08 10:35:00 EST,42.02571,-76.25543,1469,25.0,24.5,16.7,79.2,19.5,0.000,0.000,0.00,0.000,,,,,,7.5,15.6,3.1,317,24,7.5,15.6,3.1,317,24,166,28.63,0.5,0,0,0,43.2,46.4,49.2,0.47,0.42,0.36
OWEG,2019-11-08 10:40:00 EST,42.02571,-76.25543,1469,24.3,23.7,13.3,81.0,19.3,0.000,0.000,0.00,0.000,,,,,,11.6,17.8,3.1,359,16,11.6,17.8,3.1,359,16,110,28.63,0.4,0,0,0,43.2,46.4,49.2,0.47,0.42,0.36
OWEG,2019-11-08 10:45:00 EST,42.02571,-76.25543,1469,22.8,22.2,11.4,89.4,20.1,0.000,0.000,0.00,0.000,,,,,,11.6,20.8,4.1,6,9,11.6,20.8,4.1,6,9,96,28.63,0.4,0,0,0,43.2,46.4,49.2,0.47,0.42,0.36
OWEG,2019-11-08 10:50:00 EST,42.02571,-76.25543,1469,22.7,22.2,11.9,92.5,20.8,0.000,0.000,0.00,0.000,,,,,,10.4,15.9,2.4,355,13,10.4,15.9,2.4,355,13,128,28.63,0.4,0,0,0,43.2,46.4,49.2,0.48,0.42,0.36
OWEG,2019-11-08 10:55:00 EST,42.02571,-76.25543,1469,23.4,22.6,14.3,92.6,21.5,0.000,0.000,0.00,0.000,,,,,,8.0,13.4,2.6,343,16,8.0,13.4,2.6,343,16,228,28.63,0.4,0,0,0,43.2,46.4,49.1,0.47,0.42,0.36
OWEG,2019-11-08 11:00:00 EST,42.02571,-76.25543,1469,23.5,22.9,14.2,89.9,20.9,0.000,0.000,0.00,0.000,,,,,,8.4,16.4,3.2,337,17,8.4,16.4,3.2,337,17,186,28.63,0.4,0,0,0,43.2,46.4,49.1,0.48,0.42,0.36
OWEG,2019-11-08 11:05:00 EST,42.02571,-76.25543,1469,24.1,23.3,14.6,87.8,21.0,0.000,0.000,0.00,0.000,,,,,,8.9,16.0,2.9,315,16,8.9,16.0,2.9,315,16,451,28.63,0.3,0,0,0,43.2,46.4,49.1,0.47,0.42,0.36
OWEG,2019-11-08 11:10:00 EST,42.02571,-76.25543,1469,24.9,23.8,15.7,84.9,21.0,0.000,0.000,0.00,0.000,,,,,,8.8,14.8,2.3,315,15,8.8,14.8,2.3,315,15,569,28.63,0.4,0,0,0,43.2,46.4,49.1,0.48,0.42,0.36
OWEG,2019-11-08 11:15:00 EST,42.02571,-76.25543,1469,25.3,24.2,16.0,83.0,20.8,0.000,0.000,0.00,0.000,,,,,,9.0,16.1,3.1,308,19,9.0,16.1,3.1,308,19,416,28.63,0.3,0,0,0,43.2,46.4,49.1,0.47,0.42,0.36
OWEG,2019-11-08 11:20:00 EST,42.02571,-76.25543,1469,24.8,24.0,14.8,81.8,20.1,0.000,0.000,0.00,0.000,,,,,,10.0,19.9,3.2,311,17,10.0,19.9,3.2,311,17,353,28.63,0.4,0,0,0,43.2,46.4,49.1,0.47,0.42,0.36
OWEG,2019-11-08 11:25:00 EST,42.02571,-76.25543,1469,24.4,23.7,13.9,79.7,19.0,0.000,0.000,0.00,0.000,,,,,,10.7,18.3,2.9,315,16,10.7,18.3,2.9,315,16,216,28.63,0.3,0,0,0,43.2,46.4,49.1,0.47,0.42,0.36
OWEG,2019-11-08 11:30:00 EST,42.02571,-76.25543,1469,24.6,23.7,14.5,78.9,18.9,0.000,0.000,0.00,0.000,,,,,,10.0,16.6,2.6,307,15,10.0,16.6,2.6,307,15,571,28.63,0.4,0,0,0,43.2,46.4,49.1,0.47,0.42,0.36
OWEG,2019-11-08 11:35:00 EST,42.02571,-76.25543,1469,25.5,24.5,16.1,78.1,19.6,0.000,0.000,0.00,0.000,,,,,,9.2,18.3,2.9,318,17,9.2,18.3,2.9,318,17,594,28.63,0.4,0,0,0,43.2,46.4,49.1,0.47,0.42,0.36
OWEG,2019-11-08 11:40:00 EST,42.02571,-76.25543,1469,26.1,25.0,16.2,76.6,19.8,0.000,0.000,0.00,0.000,,,,,,10.6,17.5,2.4,308,16,10.6,17.5,2.4,308,16,616,28.63,0.3,0,0,0,43.2,46.4,49.1,0.47,0.42,0.36
OWEG,2019-11-08 11:45:00 EST,42.02571,-76.25543,1469,25.9,24.9,14.9,76.0,19.4,0.000,0.000,0.00,0.000,,,,,,12.5,21.3,3.3,296,17,12.5,21.3,3.3,296,17,380,28.62,0.3,0,0,0,43.2,46.4,49.1,0.48,0.42,0.36
OWEG,2019-11-08 11:50:00 EST,42.02571,-76.25543,1469,25.1,24.3,14.3,79.9,19.8,0.000,0.000,0.00,0.000,,,,,,11.7,18.2,2.8,304,18,11.7,18.2,2.8,304,18,353,28.62,0.5,0,0,0,43.2,46.4,49.1,0.47,0.42,0.36
OWEG,2019-11-08 11:55:00 EST,42.02571,-76.25543,1469,25.6,24.6,15.5,80.7,20.5,0.000,0.000,0.00,0.000,,,,,,10.4,18.9,3.6,314,16,10.4,18.9,3.6,314,16,484,28.63,0.3,0,0,0,43.2,46.4,49.1,0.47,0.42,0.36
OWEG,2019-11-08 12:00:00 EST,42.02571,-76.25543,1469,25.9,24.8,15.9,77.2,19.7,0.000,0.000,0.00,0.000,,,,,,10.4,17.3,3.0,313,16,10.4,17.3,3.0,313,16,620,28.63,0.4,0,0,0,43.2,46.4,49.1,0.47,0.42,0.36
OWEG,2019-11-08 12:05:00 EST,42.02571,-76.25543,1469,26.4,25.3,16.0,75.5,19.7,0.000,0.000,0.00,0.000,,,,,,11.3,19.4,3.3,341,15,11.3,19.4,3.3,341,15,594,28.62,0.3,0,0,0,43.2,46.4,49.1,0.48,0.42,0.36
OWEG,2019-11-08 12:10:00 EST,42.02571,-76.25543,1469,26.4,25.3,16.6,73.8,19.1,0.000,0.000,0.00,0.000,,,,,,10.3,18.1,3.1,336,19,10.3,18.1,3.1,336,19,650,28.62,0.3,0,0,0,43.2,46.4,49.1,0.47,0.42,0.36
OWEG,2019-11-08 12:15:00 EST,42.02571,-76.25543,1469,26.5,25.5,17.2,75.0,19.7,0.000,0.000,0.00,0.000,,,,,,9.4,16.0,3.2,341,15,9.4,16.0,3.2,341,15,393,28.62,0.3,0,0,0,43.2,46.4,49.1,0.47,0.42,0.36
OWEG,2019-11-08 12:20:00 EST,42.02571,-76.25543,1469,26.4,25.4,17.4,76.7,20.0,0.000,0.000,0.00,0.000,,,,,,8.9,15.6,3.6,342,17,8.9,15.6,3.6,342,17,423,28.62,0.1,0,0,0,43.2,46.4,49.1,0.48,0.42,0.36
OWEG,2019-11-08 12:25:00 EST,42.02571,-76.25543,1469,25.9,24.6,17.0,82.2,21.2,0.000,0.000,0.00,0.000,,,,,,8.6,13.9,2.3,354,11,8.6,13.9,2.3,354,11,394,28.61,0.3,0,0,0,43.2,46.4,49.1,0.47,0.42,0.36
OWEG,2019-11-08 12:30:00 EST,42.02571,-76.25543,1469,26.8,25.2,18.1,81.9,22.0,0.000,0.000,0.00,0.000,,,,,,8.7,15.7,2.3,344,18,8.7,15.7,2.3,344,18,709,28.61,0.3,0,0,0,43.3,46.4,49.1,0.47,0.42,0.36
OWEG,2019-11-08 12:35:00 EST,42.02571,-76.25543,1469,27.1,25.7,17.7,76.6,20.7,0.000,0.000,0.00,0.000,,,,,,9.8,15.8,2.7,323,19,9.8,15.8,2.7,323,19,652,28.61,0.2,0,0,0,43.3,46.4,49.1,0.48,0.42,0.36
OWEG,2019-11-08 12:40:00 EST,42.02571,-76.25543,1469,27.3,26.1,17.8,73.9,20.1,0.000,0.000,0.00,0.000,,,,,,10.2,18.5,3.2,332,18,10.2,18.5,3.2,332,18,712,28.61,0.2,0,0,0,43.3,46.4,49.1,0.48,0.42,0.36
OWEG,2019-11-08 12:45:00 EST,42.02571,-76.25543,1469,26.1,25.0,15.7,76.5,19.7,0.000,0.000,0.00,0.000,,,,,,11.4,18.9,3.4,340,18,11.4,18.9,3.4,340,18,305,28.61,0.2,0,0,0,43.3,46.4,49.1,0.48,0.42,0.36
OWEG,2019-11-08 12:50:00 EST,42.02571,-76.25543,1469,24.6,23.7,14.6,86.9,21.3,0.000,0.000,0.00,0.000,,,,,,10.0,15.7,2.4,357,11,10.0,15.7,2.4,357,11,158,28.62,0.1,0,0,0,43.3,46.4,49.1,0.48,0.42,0.36
OWEG,2019-11-08 12:55:00 EST,42.02571,-76.25543,1469,24.4,23.7,14.7,88.5,21.5,0.000,0.000,0.00,0.000,,,,,,9.2,16.7,3.1,351,12,9.2,16.7,3.1,351,12,119,28.61,0.0,0,0,0,43.3,46.4,49.1,0.48,0.42,0.36
OWEG,2019-11-08 13:00:00 EST,42.02571,-76.25543,1469,24.4,23.8,13.5,83.9,20.2,0.000,0.000,0.00,0.000,,,,,,11.4,19.1,2.7,349,13,11.4,19.1,2.7,349,13,89,28.61,-0.0,0,0,0,43.3,46.4,49.1,0.48,0.42,0.36
OWEG,2019-11-08 13:05:00 EST,42.02571,-76.25543,1469,24.5,24.1,15.6,81.6,19.7,0.000,0.000,0.00,0.000,,,,,,8.2,14.9,2.7,326,17,8.2,14.9,2.7,326,17,107,28.62,-0.1,0,0,0,43.3,46.4,49.1,0.48,0.42,0.36
OWEG,2019-11-08 13:10:00 EST,42.02571,-76.25543,1469,24.6,24.2,15.7,79.1,19.0,0.000,0.000,0.00,0.000,,,,,,8.2,16.8,3.3,327,17,8.2,16.8,3.3,327,17,237,28.62,-0.2,0,0,0,43.5,46.4,49.1,0.48,0.42,0.36
OWEG,2019-11-08 13:15:00 EST,42.02571,-76.25543,1469,26.0,25.1,18.1,75.8,19.4,0.000,0.000,0.00,0.000,,,,,,7.3,12.7,2.1,316,18,7.3,12.7,2.1,316,18,460,28.62,-0.1,0,0,0,43.5,46.4,49.1,0.48,0.42,0.36
OWEG,2019-11-08 13:20:00 EST,42.02571,-76.25543,1469,26.1,25.2,17.0,74.9,19.2,0.000,0.000,0.00,0.000,,,,,,9.0,16.9,2.5,322,20,9.0,16.9,2.5,322,20,254,28.62,-0.2,0,0,0,43.5,46.4,49.1,0.48,0.42,0.36
OWEG,2019-11-08 13:25:00 EST,42.02571,-76.25543,1469,26.0,25.1,15.9,74.8,19.1,0.000,0.000,0.00,0.000,,,,,,10.6,18.6,3.2,307,22,10.6,18.6,3.2,307,22,325,28.62,-0.2,0,0,0,43.5,46.4,49.1,0.48,0.42,0.36
OWEG,2019-11-08 13:30:00 EST,42.02571,-76.25543,1469,25.6,24.9,15.0,71.7,17.7,0.000,0.000,0.00,0.000,,,,,,11.4,17.9,2.7,317,16,11.4,17.9,2.7,317,16,314,28.62,-0.1,0,0,0,43.5,46.4,49.1,0.48,0.42,0.36
OWEG,2019-11-08 13:35:00 EST,42.02571,-76.25543,1469,25.3,24.7,15.3,74.1,18.2,0.000,0.000,0.00,0.000,,,,,,10.2,16.7,3.1,302,14,10.2,16.7,3.1,302,14,137,28.62,-0.2,0,0,0,43.5,46.4,49.1,0.48,0.42,0.36
OWEG,2019-11-08 13:40:00 EST,42.02571,-76.25543,1469,24.6,24.2,15.1,78.1,18.8,0.000,0.000,0.00,0.000,,,,,,9.2,22.4,3.1,328,17,9.2,22.4,3.1,328,17,179,28.62,-0.0,0,0,0,43.5,46.4,49.1,0.48,0.42,0.36
OWEG,2019-11-08 13:45:00 EST,42.02571,-76.25543,1469,25.5,24.7,16.1,77.5,19.4,0.000,0.000,0.00,0.000,,,,,,9.2,18.0,2.9,329,19,9.2,18.0,2.9,329,19,280,28.62,-0.1,0,0,0,43.5,46.4,49.1,0.48,0.42,0.36
OWEG,2019-11-08 13:50:00 EST,42.02571,-76.25543,1469,25.9,25.1,16.8,75.9,19.3,0.000,0.000,0.00,0.000,,,,,,8.8,15.6,3.0,334,20,8.8,15.6,3.0,334,20,234,28.62,-0.1,0,0,0,43.6,46.4,49.1,0.48,0.42,0.36
OWEG,2019-11-08 13:55:00 EST,42.02571,-76.25543,1469,25.2,24.7,16.0,74.8,18.4,0.000,0.000,0.00,0.000,,,,,,8.9,14.7,2.3,326,18,8.9,14.7,2.3,326,18,155,28.63,-0.1,0,0,0,43.7,46.4,49.1,0.48,0.42,0.36
OWEG,2019-11-08 14:00:00 EST,42.02571,-76.25543,1469,24.8,24.3,14.7,76.4,18.4,0.000,0.000,0.00,0.000,9.1,14.4,2.2,328,16,10.2,15.1,2.5,338,15,10.2,15.1,2.5,338,15,118,28.63,-0.2,0,0,0,43.7,46.4,49.1,0.48,0.42,0.36
OWEG,2019-11-08 14:05:00 EST,42.02571,-76.25543,1469,24.6,24.2,15.5,75.7,18.0,0.000,0.000,0.00,0.000,7.7,12.1,2.0,330,17,8.5,14.5,2.0,339,14,8.5,14.5,2.0,339,14,135,28.63,-0.1,0,0,0,43.7,46.4,49.1,0.48,0.42,0.36
OWEG,2019-11-08 14:10:00 EST,42.02571,-76.25543,1469,25.0,24.5,15.9,73.5,17.8,0.000,0.000,0.00,0.000,8.1,15.0,2.6,328,18,8.7,16.7,2.9,339,18,8.7,16.7,2.9,339,18,207,28.63,-0.0,0,0,0,43.7,46.4,49.1,0.48,0.42,0.36
OWEG,2019-11-08 14:15:00 EST,42.02571,-76.25543,1469,25.2,24.6,16.7,73.8,18.0,0.000,0.000,0.00,0.000,7.1,11.7,1.7,324,18,7.8,12.7,1.8,333,17,7.8,12.7,1.8,333,17,206,28.63,0.0,0,0,0,43.7,46.4,49.1,0.48,0.42,0.36
OWEG,2019-11-08 14:20:00 EST,42.02571,-76.25543,1469,25.1,24.7,15.4,74.5,18.2,0.000,0.000,0.00,0.000,8.6,14.7,2.2,334,17,9.6,15.5,2.6,342,14,9.6,15.5,2.6,342,14,132,28.63,-0.1,0,0,0,43.7,46.4,49.1,0.48,0.42,0.36
OWEG,2019-11-08 14:25:00 EST,42.02571,-76.25543,1469,25.3,24.7,14.9,74.5,18.3,0.000,0.000,0.00,0.000,9.5,15.6,2.9,340,15,10.9,17.4,3.2,348,12,10.9,17.4,3.2,348,12,284,28.63,0.0,0,0,0,43.7,46.4,49.1,0.48,0.42,0.36
OWEG,2019-11-08 14:30:00 EST,42.02571,-76.25543,1469,25.8,25.1,15.8,71.9,18.0,0.000,0.000,0.00,0.000,9.6,16.6,2.7,333,13,10.5,16.7,2.8,342,11,10.5,16.7,2.8,342,11,312,28.62,-0.0,0,0,0,43.7,46.4,49.1,0.48,0.42,0.36
OWEG,2019-11-08 14:35:00 EST,42.02571,-76.25543,1469,25.5,25.0,15.5,71.1,17.4,0.000,0.000,0.00,0.000,9.4,15.4,2.9,334,17,10.3,16.6,3.2,343,15,10.3,16.6,3.2,343,15,136,28.62,0.0,0,0,0,43.7,46.4,49.1,0.48,0.42,0.36
OWEG,2019-11-08 14:40:00 EST,42.02571,-76.25543,1469,25.7,25.0,16.3,70.0,17.2,0.000,0.000,0.00,0.000,8.6,13.5,2.3,340,17,9.3,15.3,2.6,349,13,9.3,15.3,2.6,349,13,348,28.62,0.1,0,0,0,43.7,46.4,49.1,0.48,0.42,0.36
OWEG,2019-11-08 14:45:00 EST,42.02571,-76.25543,1469,26.4,25.5,16.7,70.0,18.0,0.000,0.000,0.00,0.000,9.1,12.9,1.9,336,20,10.2,14.8,2.2,345,18,10.2,14.8,2.2,345,18,392,28.62,-0.2,0,0,0,43.7,46.4,49.1,0.48,0.42,0.36
OWEG,2019-11-08 14:50:00 EST,42.02571,-76.25543,1469,26.6,25.7,17.9,70.3,18.2,0.000,0.000,0.00,0.000,7.8,13.2,2.1,333,18,8.6,15.7,2.4,343,15,8.6,15.7,2.4,343,15,371,28.62,-0.1,0,0,0,43.7,46.4,49.1,0.48,0.42,0.36
OWEG,2019-11-08 14:55:00 EST,42.02571,-76.25543,1469,26.8,25.8,16.7,69.1,18.0,0.000,0.000,0.00,0.000,9.9,16.4,2.6,332,16,10.9,18.5,2.8,341,14,10.9,18.5,2.8,341,14,368,28.62,-0.0,0,0,0,43.7,46.4,49.1,0.48,0.42,0.36
OWEG,2019-11-08 15:00:00 EST,42.02571,-76.25543,1469,26.7,25.9,17.7,70.5,18.4,0.000,0.000,0.00,0.000,8.1,15.5,3.0,321,18,9.0,17.3,2.8,330,14,9.0,17.3,2.8,330,14,358,28.62,-0.0,0,0,0,43.7,46.4,49.1,0.48,0.42,0.36
OWEG,2019-11-08 15:05:00 EST,42.02571,-76.25543,1469,26.7,26.0,16.6,69.6,18.1,0.000,0.000,0.00,0.000,10.1,15.6,2.8,334,17,11.0,18.2,3.1,343,17,11.0,18.2,3.1,343,17,319,28.62,-0.0,0,0,0,43.7,46.4,49.1,0.48,0.42,0.36
OWEG,2019-11-08 15:10:00 EST,42.02571,-76.25543,1469,26.6,26.0,17.7,66.0,16.8,0.000,0.000,0.00,0.000,8.3,14.5,2.4,304,18,8.9,15.7,2.6,313,16,8.9,15.7,2.6,313,16,338,28.63,0.0,0,0,0,43.7,46.3,49.1,0.48,0.42,0.36
OWEG,2019-11-08 15:15:00 EST,42.02571,-76.25543,1469,27.0,26.2,17.9,67.6,17.8,0.000,0.000,0.00,0.000,8.6,15.5,2.4,325,25,9.4,18.1,2.8,335,23,9.4,18.1,2.8,335,23,378,28.63,0.0,0,0,0,43.7,46.4,49.1,0.48,0.42,0.36
OWEG,2019-11-08 15:20:00 EST,42.02571,-76.25543,1469,26.7,25.8,17.5,72.0,18.9,0.000,0.000,0.00,0.000,8.3,14.8,2.4,337,15,9.4,18.0,3.0,346,14,9.4,18.0,3.0,346,14,279,28.63,-0.0,0,0,0,43.7,46.4,49.1,0.48,0.42,0.36
OWEG,2019-11-08 15:25:00 EST,42.02571,-76.25543,1469,26.3,25.5,16.7,71.9,18.5,0.000,0.000,0.00,0.000,8.6,13.2,2.0,347,20,9.9,15.2,2.4,354,15,9.9,15.2,2.4,354,15,250,28.63,0.1,0,0,0,43.7,46.4,49.1,0.48,0.42,0.36
OWEG,2019-11-08 15:30:00 EST,42.02571,-76.25543,1469,26.9,26.1,18.4,72.8,19.4,0.000,0.000,0.00,0.000,7.7,14.7,2.5,332,24,8.4,16.4,2.8,341,23,8.4,16.4,2.8,341,23,327,28.63,0.1,0,0,0,43.7,46.4,49.1,0.48,0.42,0.36
OWEG,2019-11-08 15:35:00 EST,42.02571,-76.25543,1469,26.5,25.7,17.0,72.5,18.9,0.000,0.000,0.00,0.000,9.0,16.2,3.4,341,18,9.9,18.3,3.9,350,16,9.9,18.3,3.9,350,16,274,28.63,0.2,0,0,0,43.7,46.4,49.1,0.48,0.42,0.36
OWEG,2019-11-08 15:40:00 EST,42.02571,-76.25543,1469,26.0,25.3,15.8,72.9,18.6,0.000,0.000,0.00,0.000,9.9,17.9,3.3,339,15,11.0,21.0,3.6,349,12,11.0,21.0,3.6,349,12,212,28.63,0.1,0,0,0,43.8,46.4,49.1,0.48,0.42,0.36
OWEG,2019-11-08 15:45:00 EST,42.02571,-76.25543,1469,25.6,25.0,15.1,68.4,16.6,0.000,0.000,0.00,0.000,10.3,17.6,3.0,334,13,11.3,19.5,3.1,344,13,11.3,19.5,3.1,344,13,159,28.63,0.1,0,0,0,43.9,46.4,49.0,0.48,0.42,0.36
OWEG,2019-11-08 15:50:00 EST,42.02571,-76.25543,1469,25.4,25.0,16.3,69.9,17.0,0.000,0.000,0.00,0.000,8.3,16.9,3.0,324,21,8.9,18.0,3.0,335,16,8.9,18.0,3.0,335,16,112,28.63,0.1,0,0,0,43.9,46.4,49.1,0.48,0.42,0.36
OWEG,2019-11-08 15:55:00 EST,42.02571,-76.25543,1469,24.9,24.6,14.9,71.5,17.0,0.000,0.000,0.00,0.000,9.2,15.0,2.7,329,16,9.9,17.5,3.2,339,13,9.9,17.5,3.2,339,13,83,28.64,0.1,0,0,0,43.9,46.4,49.0,0.48,0.42,0.36
OWEG,2019-11-08 16:00:00 EST,42.02571,-76.25543,1469,24.8,24.4,14.8,73.9,17.7,0.000,0.000,0.00,0.000,8.9,14.2,2.1,341,18,10.1,16.0,2.7,350,14,10.1,16.0,2.7,350,14,108,28.64,0.1,0,0,0,43.9,46.4,49.0,0.48,0.42,0.36
OWEG,2019-11-08 16:05:00 EST,42.02571,-76.25543,1469,24.8,24.5,17.3,72.7,17.3,0.000,0.000,0.00,0.000,5.5,10.3,2.1,318,18,6.4,11.6,2.2,326,17,6.4,11.6,2.2,326,17,60,28.64,0.1,0,0,0,43.9,46.4,48.8,0.48,0.42,0.36
OWEG,2019-11-08 16:10:00 EST,42.02571,-76.25543,1469,24.8,24.5,15.3,72.5,17.2,0.000,0.000,0.00,0.000,8.2,13.3,2.3,328,19,9.1,14.7,2.5,338,17,9.1,14.7,2.5,338,17,76,28.64,0.1,0,0,0,43.9,46.4,48.8,0.48,0.42,0.36
OWEG,2019-11-08 16:15:00 EST,42.02571,-76.25543,1469,24.7,24.4,16.9,74.0,17.6,0.000,0.000,0.00,0.000,6.0,10.5,1.8,337,19,6.8,13.6,2.1,346,15,6.8,13.6,2.1,346,15,45,28.64,0.1,0,0,0,43.9,46.4,48.9,0.48,0.42,0.36
OWEG,2019-11-08 16:20:00 EST,42.02571,-76.25543,1469,24.5,24.2,15.3,75.2,17.7,0.000,0.000,0.00,0.000,7.7,12.8,2.2,333,19,8.6,13.6,2.4,343,18,8.6,13.6,2.4,343,18,47,28.65,0.1,0,0,0,43.9,46.4,48.8,0.48,0.42,0.36
OWEG,2019-11-08 16:25:00 EST,42.02571,-76.25543,1469,24.2,24.0,15.2,75.5,17.6,0.000,0.000,0.00,0.000,7.3,11.8,2.4,325,20,8.2,14.8,2.4,334,17,8.2,14.8,2.4,334,17,28,28.65,0.1,0,0,0,43.9,46.4,48.9,0.48,0.42,0.36
OWEG,2019-11-08 16:30:00 EST,42.02571,-76.25543,1469,24.0,23.9,14.0,73.9,16.9,0.000,0.000,0.00,0.000,8.9,15.3,2.0,326,18,9.7,17.0,2.3,335,16,9.7,17.0,2.3,335,16,23,28.65,0.2,0,0,0,43.9,46.4,48.8,0.48,0.42,0.36
OWEG,2019-11-08 16:35:00 EST,42.02571,-76.25543,1469,23.8,23.8,14.6,73.1,16.4,0.000,0.000,0.00,0.000,7.5,14.2,2.7,327,17,8.4,15.0,2.8,338,13,8.4,15.0,2.8,338,13,17,28.65,0.1,0,0,0,43.9,46.4,48.7,0.48,0.42,0.36
OWEG,2019-11-08 16:40:00 EST,42.02571,-76.25543,1469,23.6,23.6,14.3,71.3,15.7,0.000,0.000,0.00,0.000,7.7,13.2,2.3,324,14,8.5,14.5,2.5,334,14,8.5,14.5,2.5,334,14,11,28.65,0.1,0,0,0,43.9,46.4,48.7,0.48,0.42,0.36
OWEG,2019-11-08 16:45:00 EST,42.02571,-76.25543,1469,23.5,23.5,14.0,71.9,15.8,0.000,0.000,0.00,0.000,8.0,11.8,1.8,331,13,8.8,13.0,2.0,342,12,8.8,13.0,2.0,342,12,7,28.65,0.2,0,0,0,43.9,46.4,48.7,0.48,0.42,0.36
OWEG,2019-11-08 16:50:00 EST,42.02571,-76.25543,1469,23.4,23.4,14.8,72.7,15.9,0.000,0.000,0.00,0.000,6.8,11.7,2.1,330,16,7.4,12.3,2.4,339,15,7.4,12.3,2.4,339,15,5,28.66,0.1,0,0,0,43.9,46.4,48.7,0.48,0.42,0.36
OWEG,2019-11-08 16:55:00 EST,42.02571,-76.25543,1469,23.0,23.2,14.3,73.8,15.9,0.000,0.000,0.00,0.000,6.6,9.9,1.8,341,23,7.5,12.1,2.2,349,14,7.5,12.1,2.2,349,14,3,28.66,0.2,0,0,0,43.9,46.4,48.7,0.48,0.42,0.36
OWEG,2019-11-08 17:00:00 EST,42.02571,-76.25543,1469,22.9,23.0,13.9,74.6,16.0,0.000,0.000,0.00,0.000,6.8,12.8,2.1,339,13,7.8,15.0,2.5,347,10,7.8,15.0,2.5,347,10,2,28.66,0.2,0,0,0,43.9,46.4,48.7,0.48,0.42,0.36
OWEG,2019-11-08 17:05:00 EST,42.02571,-76.25543,1469,22.7,22.8,14.7,75.0,16.0,0.000,0.000,0.00,0.000,5.7,12.3,2.1,338,18,6.5,12.8,2.1,347,16,6.5,12.8,2.1,347,16,1,28.66,0.1,0,0,0,43.9,46.4,48.7,0.48,0.42,0.36
OWEG,2019-11-08 17:10:00 EST,42.02571,-76.25543,1469,22.6,22.7,14.9,76.0,16.1,0.000,0.000,0.00,0.000,5.4,9.1,1.7,330,17,6.1,11.0,1.9,341,14,6.1,11.0,1.9,341,14,0,28.67,0.2,0,0,0,43.9,46.4,48.7,0.48,0.42,0.36
OWEG,2019-11-08 17:15:00 EST,42.02571,-76.25543,1469,22.4,22.5,15.7,76.7,16.1,0.000,0.000,0.00,0.000,4.6,9.5,1.8,335,19,5.0,10.8,1.9,345,17,5.0,10.8,1.9,345,17,0,28.67,0.2,0,0,0,43.9,46.4,48.7,0.48,0.42,0.36
OWEG,2019-11-08 17:20:00 EST,42.02571,-76.25543,1469,22.2,22.4,16.0,77.5,16.2,0.000,0.000,0.00,0.000,4.3,7.1,1.5,326,21,4.6,8.8,1.6,336,19,4.6,8.8,1.6,336,19,0,28.67,0.2,0,0,0,43.9,46.4,48.7,0.48,0.42,0.36
OWEG,2019-11-08 17:25:00 EST,42.02571,-76.25543,1469,22.1,22.2,17.1,77.9,16.2,0.000,0.000,0.00,0.000,3.4,7.2,1.2,308,19,3.7,9.0,1.3,319,18,3.7,9.0,1.3,319,18,0,28.67,0.2,0,0,0,43.9,46.4,48.7,0.48,0.42,0.36
OWEG,2019-11-08 17:30:00 EST,42.02571,-76.25543,1469,22.0,22.2,16.6,78.2,16.2,0.000,0.000,0.00,0.000,3.6,5.6,1.0,319,17,3.9,6.7,1.2,330,16,3.9,6.7,1.2,330,16,0,28.67,0.2,0,0,0,43.7,46.4,48.7,0.48,0.42,0.36
OWEG,2019-11-08 17:35:00 EST,42.02571,-76.25543,1469,21.8,22.0,21.8,78.9,16.3,0.000,0.000,0.00,0.000,2.3,4.9,1.0,307,19,2.6,6.0,1.2,317,23,2.6,6.0,1.2,317,23,0,28.67,0.2,0,0,0,43.7,46.4,48.7,0.46,0.42,0.36
OWEG,2019-11-08 17:40:00 EST,42.02571,-76.25543,1469,21.7,21.9,21.7,79.8,16.4,0.000,0.000,0.00,0.000,2.7,5.3,1.2,305,23,3.0,6.1,1.4,313,21,3.0,6.1,1.4,313,21,0,28.67,0.2,0,0,0,43.7,46.4,48.7,0.46,0.42,0.36
OWEG,2019-11-08 17:45:00 EST,42.02571,-76.25543,1469,21.6,22.0,15.9,80.1,16.4,0.000,0.000,0.00,0.000,3.6,6.4,1.1,313,30,4.1,7.2,1.3,324,28,4.1,7.2,1.3,324,28,0,28.67,0.3,0,0,0,43.7,46.4,48.7,0.46,0.42,0.36
OWEG,2019-11-08 17:50:00 EST,42.02571,-76.25543,1469,21.7,22.0,16.1,79.5,16.4,0.000,0.000,0.00,0.000,3.5,7.7,1.4,330,21,4.1,9.4,1.7,338,22,4.1,9.4,1.7,338,22,0,28.67,0.2,0,0,0,43.7,46.4,48.7,0.46,0.42,0.36
OWEG,2019-11-08 17:55:00 EST,42.02571,-76.25543,1469,21.7,22.0,16.9,78.8,16.1,0.000,0.000,0.00,0.000,3.0,5.8,1.1,333,22,3.4,6.1,1.3,343,20,3.4,6.1,1.3,343,20,0,28.68,0.2,0,0,0,43.7,46.4,48.7,0.46,0.42,0.36
OWEG,2019-11-08 18:00:00 EST,42.02571,-76.25543,1469,21.6,21.9,17.3,79.6,16.2,0.000,0.000,0.00,0.000,2.7,4.2,0.6,337,17,3.1,5.1,0.8,348,15,3.1,5.1,0.8,348,15,0,28.68,0.3,0,0,0,43.7,46.4,48.7,0.46,0.42,0.36
OWEG,2019-11-08 18:05:00 EST,42.02571,-76.25543,1469,21.4,21.8,16.4,80.7,16.4,0.000,0.000,0.00,0.000,3.1,6.7,1.5,330,13,3.6,7.6,1.6,340,14,3.6,7.6,1.6,340,14,0,28.68,0.3,0,0,0,43.7,46.4,48.7,0.46,0.42,0.36
OWEG,2019-11-08 18:10:00 EST,42.02571,-76.25543,1469,21.4,21.8,16.0,79.9,16.2,0.000,0.000,0.00,0.000,3.3,5.9,1.1,316,23,3.9,7.0,1.2,327,22,3.9,7.0,1.2,327,22,0,28.68,0.3,0,0,0,43.7,46.4,48.7,0.46,0.42,0.36
OWEG,2019-11-08 18:15:00 EST,42.02571,-76.25543,1469,21.3,21.8,16.9,79.8,16.1,0.000,0.000,0.00,0.000,3.0,6.7,1.1,319,19,3.2,6.0,1.1,330,20,3.2,6.0,1.1,330,20,0,28.68,0.3,0,0,0,43.6,46.4,48.7,0.46,0.42,0.36
OWEG,2019-11-08 18:20:00 EST,42.02571,-76.25543,1469,21.2,21.7,21.2,79.9,16.0,0.000,0.000,0.00,0.000,2.8,6.4,1.3,313,15,3.0,7.5,1.5,323,16,3.0,7.5,1.5,323,16,0,28.69,0.2,0,0,0,43.5,46.4,48.7,0.46,0.42,0.36
OWEG,2019-11-08 18:25:00 EST,42.02571,-76.25543,1469,21.1,21.5,21.1,80.5,16.1,0.000,0.000,0.00,0.000,2.7,4.8,0.9,320,23,3.0,5.1,1.0,331,16,3.0,5.1,1.0,331,16,0,28.69,0.3,0,0,0,43.5,46.4,48.7,0.46,0.42,0.36
OWEG,2019-11-08 18:30:00 EST,42.02571,-76.25543,1469,21.0,21.5,16.9,81.4,16.2,0.000,0.000,0.00,0.000,2.6,4.4,0.8,327,18,3.0,5.4,1.0,340,18,3.0,5.4,1.0,340,18,0,28.69,0.3,0,0,0,43.5,46.4,48.7,0.46,0.42,0.36
OWEG,2019-11-08 18:35:00 EST,42.02571,-76.25543,1469,20.9,21.4,20.9,81.6,16.2,0.000,0.000,0.00,0.000,2.5,4.7,0.9,324,23,2.9,5.5,1.1,336,19,2.9,5.5,1.1,336,19,0,28.69,0.3,0,0,0,43.5,46.4,48.7,0.46,0.42,0.36
OWEG,2019-11-08 18:40:00 EST,42.02571,-76.25543,1469,21.0,21.3,21.0,81.2,16.1,0.000,0.000,0.00,0.000,2.5,4.4,0.6,301,16,2.6,5.0,0.8,315,16,2.6,5.0,0.8,315,16,0,28.69,0.3,0,0,0,43.5,46.4,48.7,0.46,0.42,0.36
OWEG,2019-11-08 18:45:00 EST,42.02571,-76.25543,1469,20.5,21.2,16.1,81.7,15.8,0.000,0.000,0.00,0.000,2.9,5.4,1.2,291,13,3.2,5.8,1.2,301,14,3.2,5.8,1.2,301,14,0,28.69,0.3,0,0,0,43.4,46.4,48.7,0.46,0.42,0.36
OWEG,2019-11-08 18:50:00 EST,42.02571,-76.25543,1469,20.4,21.0,20.4,82.2,15.8,0.000,0.000,0.00,0.000,2.4,4.4,0.8,283,15,2.7,5.2,0.8,294,14,2.7,5.2,0.8,294,14,0,28.69,0.4,0,0,0,43.3,46.4,48.7,0.46,0.42,0.36
OWEG,2019-11-08 18:55:00 EST,42.02571,-76.25543,1469,20.6,21.2,15.3,81.9,16.0,0.000,0.000,0.00,0.000,3.4,5.8,1.3,285,17,3.8,6.8,1.4,295,16,3.8,6.8,1.4,295,16,0,28.70,0.3,0,0,0,43.3,46.4,48.7,0.46,0.42,0.36
OWEG,2019-11-08 19:00:00 EST,42.02571,-76.25543,1469,20.6,21.2,15.5,81.2,15.8,0.000,0.000,0.00,0.000,3.3,5.4,1.0,303,20,3.6,7.2,1.1,312,18,3.6,7.2,1.1,312,18,0,28.70,0.4,0,0,0,43.3,46.4,48.7,0.46,0.42,0.36
OWEG,2019-11-08 19:05:00 EST,42.02571,-76.25543,1469,20.8,21.3,16.5,80.1,15.7,0.000,0.000,0.00,0.000,2.9,6.0,1.2,311,16,3.1,7.1,1.3,323,17,3.1,7.1,1.3,323,17,0,28.70,0.4,0,0,0,43.3,46.4,48.7,0.46,0.42,0.36
OWEG,2019-11-08 19:10:00 EST,42.02571,-76.25543,1469,20.8,21.3,15.9,79.2,15.4,0.000,0.000,0.00,0.000,3.3,5.5,1.0,306,19,3.5,5.9,1.1,316,17,3.5,5.9,1.1,316,17,0,28.70,0.4,0,0,0,43.3,46.4,48.7,0.46,0.42,0.36
OWEG,2019-11-08 19:15:00 EST,42.02571,-76.25543,1469,20.8,21.1,16.2,79.5,15.4,0.000,0.000,0.00,0.000,3.0,5.6,1.0,318,17,3.2,6.1,1.1,328,17,3.2,6.1,1.1,328,17,0,28.70,0.3,0,0,0,43.3,46.4,48.7,0.46,0.42,0.36
OWEG,2019-11-08 19:20:00 EST,42.02571,-76.25543,1469,20.7,21.2,16.5,79.9,15.5,0.000,0.000,0.00,0.000,2.8,4.7,0.8,324,18,3.0,4.8,1.0,336,16,3.0,4.8,1.0,336,16,0,28.70,0.3,0,0,0,43.2,46.4,48.7,0.46,0.42,0.36
OWEG,2019-11-08 19:25:00 EST,42.02571,-76.25543,1469,20.5,21.0,20.5,80.3,15.4,0.000,0.000,0.00,0.000,2.0,3.6,0.6,298,18,2.1,3.7,0.5,309,19,2.1,3.7,0.5,309,19,0,28.70,0.4,0,0,0,43.2,46.4,48.7,0.46,0.42,0.36
OWEG,2019-11-08 19:30:00 EST,42.02571,-76.25543,1469,20.3,20.9,20.3,80.8,15.3,0.000,0.000,0.00,0.000,1.7,3.0,0.5,307,13,1.7,3.1,0.5,318,12,1.7,3.1,0.5,318,12,0,28.70,0.3,0,0,0,43.2,46.4,48.7,0.46,0.42,0.36
OWEG,2019-11-08 19:35:00 EST,42.02571,-76.25543,1469,20.0,20.9,20.0,81.9,15.4,0.000,0.000,0.00,0.000,1.2,2.0,0.3,301,12,1.4,2.4,0.3,312,10,1.4,2.4,0.3,312,10,0,28.70,0.3,0,0,0,43.2,46.4,48.7,0.46,0.42,0.36
OWEG,2019-11-08 19:40:00 EST,42.02571,-76.25543,1469,19.6,20.8,19.6,83.7,15.5,0.000,0.000,0.00,0.000,0.6,2.0,0.5,288,18,1.0,2.0,0.4,286,27,1.0,2.0,0.4,286,27,0,28.70,0.3,0,0,0,43.2,46.4,48.7,0.46,0.42,0.36
OWEG,2019-11-08 19:45:00 EST,42.02571,-76.25543,1469,19.4,20.6,19.4,85.7,15.8,0.000,0.000,0.00,0.000,1.2,2.2,0.4,228,14,1.5,2.9,0.4,233,18,1.5,2.9,0.4,233,18,0,28.70,0.3,0,0,0,43.2,46.4,48.7,0.46,0.42,0.36
OWEG,2019-11-08 19:50:00 EST,42.02571,-76.25543,1469,18.9,20.5,18.9,88.2,16.0,0.000,0.000,0.00,0.000,1.2,2.0,0.4,222,13,1.5,2.4,0.4,230,18,1.5,2.4,0.4,230,18,0,28.70,0.4,0,0,0,43.1,46.4,48.7,0.46,0.42,0.36
OWEG,2019-11-08 19:55:00 EST,42.02571,-76.25543,1469,19.1,20.1,19.1,88.5,16.3,0.000,0.000,0.00,0.000,0.8,1.5,0.3,231,10,1.0,1.6,0.3,235,14,1.0,1.6,0.3,235,14,0,28.70,0.4,0,0,0,43.0,46.4,48.7,0.46,0.42,0.36
OWEG,2019-11-08 20:00:00 EST,42.02571,-76.25543,1469,18.9,19.8,18.9,89.3,16.3,0.000,0.000,0.00,0.000,1.3,1.8,0.3,236,4,1.4,2.0,0.3,242,9,1.4,2.0,0.3,242,9,0,28.70,0.4,0,0,0,43.0,46.4,48.7,0.46,0.42,0.36
OWEG,2019-11-08 20:05:00 EST,42.02571,-76.25543,1469,18.5,19.8,18.5,90.3,16.2,0.000,0.000,0.00,0.000,1.5,2.1,0.2,266,12,1.8,2.8,0.3,280,13,1.8,2.8,0.3,280,13,0,28.70,0.3,0,0,0,43.0,46.4,48.7,0.46,0.42,0.36
OWEG,2019-11-08 20:10:00 EST,42.02571,-76.25543,1469,18.8,20.0,18.8,91.2,16.7,0.000,0.000,0.00,0.000,1.5,2.0,0.2,289,6,1.6,2.4,0.3,305,9,1.6,2.4,0.3,305,9,0,28.70,0.4,0,0,0,43.0,46.4,48.7,0.46,0.42,0.36
OWEG,2019-11-08 20:15:00 EST,42.02571,-76.25543,1469,18.8,20.1,18.8,90.1,16.4,0.000,0.000,0.00,0.000,1.8,2.6,0.5,325,12,2.1,3.4,0.6,337,13,2.1,3.4,0.6,337,13,0,28.70,0.4,0,0,0,43.0,46.4,48.7,0.46,0.42,0.36
OWEG,2019-11-08 20:20:00 EST,42.02571,-76.25543,1469,18.7,20.0,18.7,88.3,15.9,0.000,0.000,0.00,0.000,1.4,2.6,0.6,305,12,1.6,2.8,0.6,310,16,1.6,2.8,0.6,310,16,0,28.70,0.3,0,0,0,42.9,46.4,48.7,0.46,0.42,0.36
OWEG,2019-11-08 20:25:00 EST,42.02571,-76.25543,1469,18.0,18.8,18.0,88.2,15.1,0.000,0.000,0.00,0.000,1.0,1.6,0.3,268,10,1.4,1.8,0.3,273,7,1.4,1.8,0.3,273,7,0,28.70,0.4,0,0,0,42.8,46.4,48.7,0.46,0.42,0.36
OWEG,2019-11-08 20:30:00 EST,42.02571,-76.25543,1469,17.6,18.6,17.6,89.6,15.1,0.000,0.000,0.00,0.000,1.4,4.0,0.9,296,21,1.7,5.0,0.9,314,19,1.7,5.0,0.9,314,19,0,28.70,0.4,0,0,0,42.8,46.4,48.7,0.46,0.42,0.36
OWEG,2019-11-08 20:35:00 EST,42.02571,-76.25543,1469,17.7,18.8,17.7,91.2,15.6,0.000,0.000,0.00,0.000,1.6,2.1,0.2,280,15,1.8,2.7,0.2,292,15,1.8,2.7,0.2,292,15,0,28.70,0.4,0,0,0,42.8,46.4,48.7,0.46,0.42,0.36
OWEG,2019-11-08 20:40:00 EST,42.02571,-76.25543,1469,17.8,18.7,17.8,92.2,15.9,0.000,0.000,0.00,0.000,1.4,2.2,0.3,300,8,1.5,2.0,0.2,309,10,1.5,2.0,0.2,309,10,0,28.70,0.3,0,0,0,42.8,46.4,48.7,0.46,0.42,0.36
OWEG,2019-11-08 20:45:00 EST,42.02571,-76.25543,1469,17.3,18.5,17.3,92.3,15.5,0.000,0.000,0.00,0.000,1.0,2.5,0.3,292,1,1.2,3.1,0.4,305,8,1.2,3.1,0.4,305,8,0,28.70,0.4,0,0,0,42.8,46.4,48.7,0.46,0.42,0.36
OWEG,2019-11-08 20:50:00 EST,42.02571,-76.25543,1469,17.6,18.8,17.6,92.6,15.8,0.000,0.000,0.00,0.000,1.0,1.3,0.2,286,13,1.2,1.8,0.2,296,12,1.2,1.8,0.2,296,12,0,28.70,0.4,0,0,0,42.8,46.3,48.7,0.46,0.42,0.36
OWEG,2019-11-08 20:55:00 EST,42.02571,-76.25543,1469,17.8,18.7,17.8,93.4,16.2,0.000,0.000,0.00,0.000,1.1,1.8,0.3,285,1,1.5,2.0,0.3,292,8,1.5,2.0,0.3,292,8,0,28.70,0.4,0,0,0,42.7,46.3,48.7,0.46,0.42,0.36
OWEG,2019-11-08 21:00:00 EST,42.02571,-76.25543,1469,17.8,18.7,17.8,93.1,16.1,0.000,0.000,0.00,0.000,1.6,2.0,0.2,281,3,1.8,2.4,0.2,294,6,1.8,2.4,0.2,294,6,0,28.70,0.4,0,0,0,42.6,46.2,48.7,0.46,0.42,0.36
OWEG,2019-11-08 21:05:00 EST,42.02571,-76.25543,1469,17.6,18.5,17.6,92.4,15.8,0.000,0.000,0.00,0.000,1.8,2.3,0.2,285,5,2.0,2.5,0.2,299,5,2.0,2.5,0.2,299,5,0,28.70,0.4,0,0,0,42.6,46.3,48.7,0.46,0.42,0.36
OWEG,2019-11-08 21:10:00 EST,42.02571,-76.25543,1469,17.5,18.7,17.5,92.0,15.6,0.000,0.000,0.00,0.000,1.9,3.0,0.3,299,8,1.9,3.0,0.3,312,6,1.9,3.0,0.3,312,6,0,28.70,0.5,0,0,0,42.6,46.0,48.7,0.46,0.42,0.36
OWEG,2019-11-08 21:15:00 EST,42.02571,-76.25543,1469,17.6,18.8,17.6,91.7,15.5,0.000,0.000,0.00,0.000,1.8,2.6,0.4,299,8,1.9,3.0,0.4,310,9,1.9,3.0,0.4,310,9,0,28.70,0.4,0,0,0,42.6,46.0,48.7,0.46,0.42,0.36
OWEG,2019-11-08 21:20:00 EST,42.02571,-76.25543,1469,17.4,18.3,17.4,91.4,15.3,0.000,0.000,0.00,0.000,1.9,3.2,0.5,299,9,2.0,3.5,0.6,310,10,2.0,3.5,0.6,310,10,0,28.70,0.4,0,0,0,42.6,46.0,48.7,0.46,0.42,0.36
OWEG,2019-11-08 21:25:00 EST,42.02571,-76.25543,1469,17.3,18.6,17.3,91.5,15.3,0.000,0.000,0.00,0.000,2.7,4.5,0.6,306,10,2.8,5.1,0.7,316,8,2.8,5.1,0.7,316,8,0,28.70,0.5,0,0,0,42.6,46.0,48.7,0.46,0.42,0.36
OWEG,2019-11-08 21:30:00 EST,42.02571,-76.25543,1469,17.9,18.9,17.9,91.5,15.9,0.000,0.000,0.00,0.000,2.8,4.2,0.7,305,10,2.8,4.6,0.8,315,9,2.8,4.6,0.8,315,9,0,28.70,0.5,0,0,0,42.4,46.0,48.7,0.45,0.42,0.36
OWEG,2019-11-08 21:35:00 EST,42.02571,-76.25543,1469,18.1,19.1,18.1,90.3,15.8,0.000,0.000,0.00,0.000,1.9,3.4,0.7,303,12,2.0,3.7,0.6,314,13,2.0,3.7,0.6,314,13,0,28.70,0.4,0,0,0,42.4,46.0,48.7,0.45,0.42,0.36
OWEG,2019-11-08 21:40:00 EST,42.02571,-76.25543,1469,17.7,19.0,17.7,89.3,15.1,0.000,0.000,0.00,0.000,1.4,2.5,0.5,286,7,1.6,2.9,0.5,297,11,1.6,2.9,0.5,297,11,0,28.70,0.4,0,0,0,42.4,46.0,48.7,0.45,0.42,0.36
OWEG,2019-11-08 21:45:00 EST,42.02571,-76.25543,1469,17.3,18.6,17.3,89.4,14.8,0.000,0.000,0.00,0.000,0.9,1.5,0.1,269,2,1.3,1.8,0.2,279,8,1.3,1.8,0.2,279,8,0,28.70,0.5,0,0,0,42.4,46.0,48.7,0.45,0.42,0.36
OWEG,2019-11-08 21:50:00 EST,42.02571,-76.25543,1469,17.3,18.8,17.3,89.7,14.8,0.000,0.000,0.00,0.000,1.0,1.5,0.3,269,0,1.4,1.9,0.3,276,13,1.4,1.9,0.3,276,13,0,28.70,0.5,0,0,0,42.4,46.0,48.7,0.45,0.42,0.36
OWEG,2019-11-08 21:55:00 EST,42.02571,-76.25543,1469,17.3,18.8,17.3,90.8,15.1,0.000,0.000,0.00,0.000,0.0,0.3,0.0,269,0,0.6,1.1,0.4,226,8,0.6,1.1,0.4,226,8,0,28.70,0.4,0,0,0,42.4,46.0,48.7,0.45,0.42,0.36
OWEG,2019-11-08 22:00:00 EST,42.02571,-76.25543,1469,17.2,18.8,17.2,91.2,15.1,0.000,0.000,0.00,0.000,0.2,0.8,0.3,245,2,0.6,1.3,0.4,231,13,0.6,1.3,0.4,231,13,0,28.70,0.4,0,0,0,42.4,46.0,48.7,0.45,0.42,0.36
OWEG,2019-11-08 22:05:00 EST,42.02571,-76.25543,1469,17.0,18.9,17.0,90.9,14.8,0.000,0.000,0.00,0.000,0.8,1.2,0.2,245,0,1.1,1.5,0.2,237,7,1.1,1.5,0.2,237,7,0,28.70,0.4,0,0,0,42.3,46.0,48.7,0.45,0.42,0.36
OWEG,2019-11-08 22:10:00 EST,42.02571,-76.25543,1469,17.3,18.8,17.3,91.4,15.2,0.000,0.000,0.00,0.000,0.5,1.4,0.4,236,6,0.8,1.6,0.4,225,12,0.8,1.6,0.4,225,12,0,28.70,0.4,0,0,0,42.3,46.0,48.7,0.45,0.42,0.36
OWEG,2019-11-08 22:15:00 EST,42.02571,-76.25543,1469,17.1,19.1,17.1,91.6,15.1,0.000,0.000,0.00,0.000,0.3,1.1,0.3,227,4,0.7,1.4,0.5,222,16,0.7,1.4,0.5,222,16,0,28.70,0.5,0,0,0,42.3,46.0,48.7,0.45,0.42,0.36
OWEG,2019-11-08 22:20:00 EST,42.02571,-76.25543,1469,17.5,19.4,17.5,89.9,15.1,0.000,0.000,0.00,0.000,0.6,1.9,0.5,201,10,1.1,2.2,0.3,196,15,1.1,2.2,0.3,196,15,0,28.70,0.4,0,0,0,42.3,46.0,48.7,0.45,0.42,0.36
OWEG,2019-11-08 22:25:00 EST,42.02571,-76.25543,1469,17.6,19.7,17.6,87.5,14.5,0.000,0.000,0.00,0.000,0.8,1.2,0.2,191,5,1.2,1.8,0.2,190,13,1.2,1.8,0.2,190,13,0,28.70,0.4,0,0,0,42.3,46.0,48.7,0.45,0.42,0.36
OWEG,2019-11-08 22:30:00 EST,42.02571,-76.25543,1469,17.7,19.7,17.7,86.0,14.2,0.000,0.000,0.00,0.000,1.6,2.3,0.3,175,5,1.9,2.7,0.3,184,9,1.9,2.7,0.3,184,9,0,28.70,0.5,0,0,0,42.3,46.0,48.7,0.45,0.42,0.36
OWEG,2019-11-08 22:35:00 EST,42.02571,-76.25543,1469,17.3,19.8,17.3,85.3,13.6,0.000,0.000,0.00,0.000,2.0,2.8,0.4,179,10,2.4,3.2,0.4,188,11,2.4,3.2,0.4,188,11,0,28.70,0.5,0,0,0,42.2,46.0,48.7,0.45,0.42,0.36
OWEG,2019-11-08 22:40:00 EST,42.02571,-76.25543,1469,17.0,19.5,17.0,86.1,13.6,0.000,0.000,0.00,0.000,2.1,2.8,0.4,194,9,2.3,3.4,0.5,202,9,2.3,3.4,0.5,202,9,0,28.70,0.4,0,0,0,42.1,46.0,48.7,0.45,0.42,0.36
OWEG,2019-11-08 22:45:00 EST,42.02571,-76.25543,1469,16.8,18.5,16.8,87.0,13.6,0.000,0.000,0.00,0.000,1.4,2.4,0.5,195,7,1.7,2.6,0.5,202,8,1.7,2.6,0.5,202,8,0,28.70,0.5,0,0,0,42.1,46.0,48.7,0.45,0.42,0.36
OWEG,2019-11-08 22:50:00 EST,42.02571,-76.25543,1469,16.8,18.0,16.8,88.8,14.1,0.000,0.000,0.00,0.000,1.4,2.1,0.4,217,5,1.5,2.1,0.3,223,7,1.5,2.1,0.3,223,7,0,28.70,0.5,0,0,0,42.1,46.0,48.7,0.45,0.42,0.36
OWEG,2019-11-08 22:55:00 EST,42.02571,-76.25543,1469,16.5,17.7,16.5,90.8,14.3,0.000,0.000,0.00,0.000,0.8,2.5,0.6,215,6,1.0,2.4,0.5,214,12,1.0,2.4,0.5,214,12,0,28.70,0.6,0,0,0,42.1,46.0,48.7,0.45,0.42,0.36
OWEG,2019-11-08 23:00:00 EST,42.02571,-76.25543,1469,16.7,17.7,16.7,92.8,15.0,0.000,0.000,0.00,0.000,0.0,0.7,0.1,223,0,0.1,1.0,0.2,195,14,0.1,1.0,0.2,195,14,0,28.70,0.5,0,0,0,42.1,46.0,48.7,0.45,0.42,0.36
OWEG,2019-11-08 23:05:00 EST,42.02571,-76.25543,1469,17.1,18.0,17.1,92.8,15.4,0.000,0.000,0.00,0.000,0.0,0.3,0.1,223,0,0.3,1.1,0.4,214,13,0.3,1.1,0.4,214,13,0,28.70,0.4,0,0,0,42.0,46.0,48.7,0.45,0.42,0.36
OWEG,2019-11-08 23:10:00 EST,42.02571,-76.25543,1469,16.8,18.0,16.8,92.0,14.8,0.000,0.000,0.00,0.000,0.7,1.4,0.4,224,5,1.0,1.6,0.4,238,17,1.0,1.6,0.4,238,17,0,28.70,0.5,0,0,0,41.9,46.0,48.7,0.45,0.42,0.36
OWEG,2019-11-08 23:15:00 EST,42.02571,-76.25543,1469,16.8,17.7,16.8,91.5,14.8,0.000,0.000,0.00,0.000,0.1,0.9,0.3,241,2,0.3,1.2,0.4,230,5,0.3,1.2,0.4,230,5,0,28.70,0.5,0,0,0,41.9,46.0,48.7,0.45,0.42,0.36
OWEG,2019-11-08 23:20:00 EST,42.02571,-76.25543,1469,16.7,17.8,16.7,91.9,14.7,0.000,0.000,0.00,0.000,0.0,0.0,0.0,0,0,0.0,0.0,0.0,0,0,0.0,0.0,0.0,0,0,0,28.70,0.5,0,0,0,41.9,46.0,48.7,0.45,0.42,0.36
OWEG,2019-11-08 23:25:00 EST,42.02571,-76.25543,1469,16.2,17.4,16.2,91.5,14.2,0.000,0.000,0.00,0.000,0.0,0.0,0.0,0,0,0.2,1.6,0.4,196,7,0.2,1.6,0.4,196,7,0,28.70,0.5,0,0,0,41.9,46.0,48.7,0.45,0.42,0.36
OWEG,2019-11-08 23:30:00 EST,42.02571,-76.25543,1469,16.2,17.0,16.2,91.8,14.2,0.000,0.000,0.00,0.000,1.1,1.7,0.3,184,11,1.5,2.0,0.2,188,9,1.5,2.0,0.2,188,9,0,28.70,0.6,0,0,0,41.9,46.0,48.7,0.45,0.42,0.36
OWEG,2019-11-08 23:35:00 EST,42.02571,-76.25543,1469,16.1,17.6,16.1,92.7,14.4,0.000,0.000,0.00,0.000,0.8,1.4,0.4,186,4,1.2,1.7,0.3,190,10,1.2,1.7,0.3,190,10,0,28.70,0.5,0,0,0,41.9,46.0,48.7,0.45,0.42,0.36
OWEG,2019-11-08 23:40:00 EST,42.02571,-76.25543,1469,16.3,18.0,16.3,93.2,14.6,0.000,0.000,0.00,0.000,0.7,1.5,0.4,196,10,1.1,1.9,0.4,199,14,1.1,1.9,0.4,199,14,0,28.70,0.5,0,0,0,41.9,46.0,48.7,0.45,0.42,0.36
OWEG,2019-11-08 23:45:00 EST,42.02571,-76.25543,1469,16.6,18.0,16.6,93.0,14.9,0.000,0.000,0.00,0.000,0.5,1.3,0.3,208,9,1.0,1.8,0.4,200,19,1.0,1.8,0.4,200,19,0,28.70,0.5,0,0,0,41.8,45.9,48.7,0.45,0.42,0.36
OWEG,2019-11-08 23:50:00 EST,42.02571,-76.25543,1469,17.1,18.0,17.1,91.9,15.1,0.000,0.000,0.00,0.000,1.4,2.1,0.5,182,6,1.7,2.4,0.4,187,9,1.7,2.4,0.4,187,9,0,28.70,0.5,0,0,0,41.7,45.9,48.7,0.45,0.42,0.36
OWEG,2019-11-08 23:55:00 EST,42.02571,-76.25543,1469,16.5,17.9,16.5,91.1,14.4,0.000,0.000,0.00,0.000,1.8,2.3,0.3,175,5,2.0,2.8,0.3,184,9,2.0,2.8,0.3,184,9,0,28.70,0.5,0,0,0,41.7,46.0,48.7,0.45,0.42,0.36
PENN,2019-11-08 00:00:00 EST,42.65578,-76.98746,822,28.2,28.7,18.7,86.3,24.6,0.000,0.103,0.00,0.000,9.1,10.7,0.7,265,4,10.5,12.5,0.9,268,3,10.5,12.5,0.9,268,3,0,29.23,0.2,0,0,0,41.6,47.1,49.6,0.24,0.22,0.28
PENN,2019-11-08 00:05:00 EST,42.65578,-76.98746,822,28.2,28.7,19.0,85.5,24.4,0.000,0.000,0.00,0.000,8.8,10.6,0.9,265,5,10.2,12.2,1.1,268,4,10.2,12.2,1.1,268,4,0,29.23,0.2,0,0,0,41.5,47.1,49.5,0.24,0.22,0.28
PENN,2019-11-08 00:10:00 EST,42.65578,-76.98746,822,28.3,28.7,18.9,85.5,24.5,0.000,0.000,0.00,0.000,8.9,10.6,1.0,268,6,10.4,13.0,1.2,270,4,10.4,13.0,1.2,270,4,0,29.23,0.2,0,0,0,41.5,47.1,49.5,0.25,0.22,0.28
PENN,2019-11-08 00:15:00 EST,42.65578,-76.98746,822,28.3,28.7,19.0,85.7,24.6,0.000,0.000,0.00,0.000,8.7,10.4,0.8,268,5,10.2,12.4,1.1,270,4,10.2,12.4,1.1,270,4,0,29.23,0.2,0,0,0,41.5,47.1,49.5,0.24,0.22,0.28
PENN,2019-11-08 00:20:00 EST,42.65578,-76.98746,822,28.3,28.6,19.3,84.8,24.4,0.000,0.000,0.00,0.000,8.3,9.9,0.7,270,5,9.7,12.1,0.9,271,4,9.7,12.1,0.9,271,4,0,29.23,0.2,0,0,0,41.6,47.1,49.5,0.24,0.22,0.28
PENN,2019-11-08 00:25:00 EST,42.65578,-76.98746,822,28.2,28.4,19.3,84.7,24.2,0.000,0.000,0.00,0.000,8.2,11.0,0.9,275,6,9.6,13.1,1.2,278,5,9.6,13.1,1.2,278,5,0,29.23,0.2,0,0,0,41.5,47.1,49.5,0.24,0.22,0.28
PENN,2019-11-08 00:30:00 EST,42.65578,-76.98746,822,28.1,28.4,20.7,84.0,23.9,0.000,0.000,0.00,0.000,6.3,8.1,1.3,278,7,7.2,9.9,1.6,280,6,7.2,9.9,1.6,280,6,0,29.22,0.2,0,0,0,41.5,47.1,49.5,0.24,0.22,0.28
PENN,2019-11-08 00:35:00 EST,42.65578,-76.98746,822,28.1,28.4,22.7,83.5,23.7,0.000,0.000,0.00,0.000,4.4,5.8,0.7,291,9,4.8,6.9,0.9,294,9,4.8,6.9,0.9,294,9,0,29.22,0.2,0,0,0,41.5,47.1,49.5,0.24,0.22,0.28
PENN,2019-11-08 00:40:00 EST,42.65578,-76.98746,822,27.9,28.3,21.2,84.0,23.7,0.000,0.000,0.00,0.000,5.6,7.4,1.2,288,6,6.2,8.5,1.5,289,6,6.2,8.5,1.5,289,6,0,29.22,0.2,0,0,0,41.5,47.1,49.5,0.24,0.22,0.28
PENN,2019-11-08 00:45:00 EST,42.65578,-76.98746,822,27.7,28.2,20.2,86.3,24.1,0.000,0.000,0.00,0.000,6.2,7.1,0.5,279,3,7.1,8.7,0.6,281,3,7.1,8.7,0.6,281,3,0,29.22,0.2,0,0,0,41.5,47.1,49.5,0.24,0.22,0.28
PENN,2019-11-08 00:50:00 EST,42.65578,-76.98746,822,27.5,28.0,20.9,87.2,24.2,0.000,0.000,0.00,0.000,5.5,6.4,0.4,285,4,6.0,7.4,0.6,286,3,6.0,7.4,0.6,286,3,0,29.22,0.2,0,0,0,41.5,47.1,49.5,0.25,0.22,0.28
PENN,2019-11-08 00:55:00 EST,42.65578,-76.98746,822,27.6,28.0,20.5,86.3,24.1,0.000,0.000,0.00,0.000,5.9,7.0,0.5,283,5,6.5,8.2,0.7,284,4,6.5,8.2,0.7,284,4,0,29.22,0.2,0,0,0,41.4,47.1,49.5,0.24,0.22,0.28
PENN,2019-11-08 01:00:00 EST,42.65578,-76.98746,822,27.5,28.0,20.3,87.1,24.2,0.000,0.000,0.00,0.000,5.8,7.2,0.5,272,5,6.7,8.6,0.7,275,4,6.7,8.6,0.7,275,4,0,29.22,0.2,0,0,0,41.4,47.1,49.5,0.24,0.22,0.28
PENN,2019-11-08 01:05:00 EST,42.65578,-76.98746,822,27.5,28.0,20.0,86.9,24.1,0.000,0.000,0.00,0.000,6.1,7.0,0.5,274,5,7.1,8.7,0.7,276,4,7.1,8.7,0.7,276,4,0,29.22,0.2,0,0,0,41.4,47.1,49.5,0.24,0.22,0.28
PENN,2019-11-08 01:10:00 EST,42.65578,-76.98746,822,27.6,28.0,20.2,86.7,24.1,0.000,0.000,0.00,0.000,5.9,7.5,0.5,276,4,6.9,9.0,0.8,278,4,6.9,9.0,0.8,278,4,0,29.22,0.2,0,0,0,41.5,47.1,49.5,0.24,0.22,0.28
PENN,2019-11-08 01:15:00 EST,42.65578,-76.98746,822,27.7,28.0,21.3,86.9,24.3,0.000,0.000,0.00,0.000,5.0,5.7,0.4,278,4,5.8,7.0,0.5,281,3,5.8,7.0,0.5,281,3,0,29.22,0.2,0,0,0,41.4,47.1,49.5,0.24,0.22,0.28
PENN,2019-11-08 01:20:00 EST,42.65578,-76.98746,822,27.7,28.0,21.5,87.2,24.4,0.000,0.000,0.00,0.000,4.9,5.7,0.4,277,4,5.7,6.9,0.6,280,4,5.7,6.9,0.6,280,4,0,29.22,0.2,0,0,0,41.4,47.1,49.5,0.24,0.22,0.28
PENN,2019-11-08 01:25:00 EST,42.65578,-76.98746,822,27.7,28.0,21.9,87.8,24.6,0.000,0.000,0.00,0.000,4.7,5.2,0.3,283,4,5.2,5.9,0.4,285,3,5.2,5.9,0.4,285,3,0,29.22,0.2,0,0,0,41.4,47.0,49.5,0.24,0.22,0.28
PENN,2019-11-08 01:30:00 EST,42.65578,-76.98746,822,27.7,27.9,21.8,87.9,24.6,0.002,0.002,0.00,0.002,4.9,5.7,0.4,291,4,5.2,6.4,0.4,291,5,5.2,6.4,0.4,291,5,0,29.22,0.1,0,0,0,41.5,47.0,49.5,0.24,0.22,0.28
PENN,2019-11-08 01:35:00 EST,42.65578,-76.98746,822,27.5,27.6,20.6,90.4,25.1,0.001,0.003,0.00,0.003,5.9,9.6,1.2,299,8,6.3,9.3,1.3,300,7,6.3,9.3,1.3,300,7,0,29.22,0.0,0,0,0,41.4,46.9,49.5,0.24,0.22,0.28
PENN,2019-11-08 01:40:00 EST,42.65578,-76.98746,822,27.2,27.2,19.0,92.8,25.4,0.012,0.015,0.00,0.015,7.7,10.2,1.1,303,8,8.1,10.6,1.1,304,9,8.1,10.6,1.1,304,9,0,29.23,-0.3,0,0,0,41.5,47.0,49.5,0.24,0.22,0.28
PENN,2019-11-08 01:45:00 EST,42.65578,-76.98746,822,26.9,26.8,18.5,95.3,25.7,0.004,0.019,0.00,0.019,7.7,9.6,1.0,302,7,8.1,10.6,1.0,304,7,8.1,10.6,1.0,304,7,0,29.23,-0.1,0,0,0,41.4,46.9,49.5,0.25,0.22,0.28
PENN,2019-11-08 01:50:00 EST,42.65578,-76.98746,822,26.8,26.8,18.5,96.2,25.9,0.002,0.020,0.00,0.020,7.7,9.1,0.7,298,5,8.1,10.4,0.7,299,6,8.1,10.4,0.7,299,6,0,29.23,-0.3,0,0,0,41.4,46.9,49.5,0.24,0.22,0.28
PENN,2019-11-08 01:55:00 EST,42.65578,-76.98746,822,26.9,26.9,19.1,96.4,26.0,0.000,0.020,0.00,0.020,6.7,8.3,0.8,288,7,7.3,9.3,1.1,289,6,7.3,9.3,1.1,289,6,0,29.23,-0.1,0,0,0,41.4,46.9,49.5,0.24,0.22,0.28
PENN,2019-11-08 02:00:00 EST,42.65578,-76.98746,822,27.0,27.0,18.7,96.5,26.1,0.002,0.023,0.00,0.023,7.4,9.3,0.7,288,5,8.1,10.5,0.9,288,4,8.1,10.5,0.9,288,4,0,29.23,0.2,0,0,0,41.4,46.9,49.5,0.24,0.22,0.28
PENN,2019-11-08 02:05:00 EST,42.65578,-76.98746,822,27.1,27.0,18.8,96.6,26.2,0.001,0.024,0.00,0.024,7.4,9.9,0.9,292,6,8.0,11.4,1.1,292,6,8.0,11.4,1.1,292,6,0,29.23,0.2,0,0,0,41.4,46.9,49.5,0.24,0.22,0.28
PENN,2019-11-08 02:10:00 EST,42.65578,-76.98746,822,27.1,27.1,18.6,96.5,26.2,0.000,0.024,0.00,0.024,7.8,10.4,0.9,291,6,8.4,11.4,1.1,291,5,8.4,11.4,1.1,291,5,0,29.23,0.1,0,0,0,41.3,46.9,49.5,0.24,0.22,0.28
PENN,2019-11-08 02:15:00 EST,42.65578,-76.98746,822,27.0,27.1,18.9,96.3,26.1,0.000,0.024,0.00,0.024,7.3,8.7,0.7,292,5,7.8,10.3,0.9,293,5,7.8,10.3,0.9,293,5,0,29.23,0.2,0,0,0,41.3,46.9,49.5,0.25,0.22,0.28
PENN,2019-11-08 02:20:00 EST,42.65578,-76.98746,822,27.0,27.2,18.9,96.4,26.1,0.000,0.024,0.00,0.024,7.3,9.0,0.7,296,7,7.8,10.7,0.8,297,7,7.8,10.7,0.8,297,7,0,29.23,0.3,0,0,0,41.3,46.9,49.5,0.24,0.22,0.28
PENN,2019-11-08 02:25:00 EST,42.65578,-76.98746,822,27.3,27.4,18.6,96.3,26.4,0.000,0.024,0.00,0.024,8.3,11.0,1.2,304,7,8.8,11.5,1.2,305,6,8.8,11.5,1.2,305,6,0,29.23,0.1,0,0,0,41.2,46.9,49.5,0.24,0.22,0.28
PENN,2019-11-08 02:30:00 EST,42.65578,-76.98746,822,27.3,27.4,18.1,96.0,26.3,0.000,0.024,0.00,0.022,9.2,13.4,1.8,311,8,9.7,14.4,1.8,313,9,9.7,14.4,1.8,313,9,0,29.23,0.1,0,0,0,41.3,46.9,49.5,0.24,0.22,0.28
PENN,2019-11-08 02:35:00 EST,42.65578,-76.98746,822,27.4,27.6,18.0,95.1,26.2,0.000,0.024,0.00,0.021,9.7,12.1,1.0,310,6,10.0,12.5,1.0,311,6,10.0,12.5,1.0,311,6,0,29.23,0.1,0,0,0,41.2,46.9,49.5,0.24,0.22,0.28
PENN,2019-11-08 02:40:00 EST,42.65578,-76.98746,822,27.1,27.5,17.9,94.1,25.6,0.000,0.024,0.00,0.009,9.3,12.3,1.1,311,7,9.7,13.5,1.2,313,7,9.7,13.5,1.2,313,7,0,29.23,0.2,0,0,0,41.2,46.9,49.5,0.24,0.22,0.28
PENN,2019-11-08 02:45:00 EST,42.65578,-76.98746,822,26.9,27.4,17.8,93.4,25.3,0.000,0.024,0.00,0.005,9.0,11.5,0.9,308,6,9.4,12.1,0.9,309,6,9.4,12.1,0.9,309,6,0,29.23,0.2,0,0,0,41.3,46.9,49.5,0.24,0.22,0.28
PENN,2019-11-08 02:50:00 EST,42.65578,-76.98746,822,26.8,27.4,17.1,92.8,25.0,0.000,0.024,0.00,0.004,10.1,12.3,1.1,306,5,10.4,13.5,1.2,308,5,10.4,13.5,1.2,308,5,0,29.23,0.2,0,0,0,41.2,46.9,49.5,0.24,0.22,0.28
PENN,2019-11-08 02:55:00 EST,42.65578,-76.98746,822,26.7,27.2,17.6,92.2,24.7,0.000,0.024,0.00,0.004,8.9,11.0,0.9,302,6,9.2,12.1,0.9,304,6,9.2,12.1,0.9,304,6,0,29.23,0.1,0,0,0,41.2,46.9,49.5,0.24,0.22,0.28
PENN,2019-11-08 03:00:00 EST,42.65578,-76.98746,822,26.4,27.0,17.1,92.5,24.5,0.000,0.024,0.00,0.001,9.0,11.6,0.9,296,5,9.4,12.4,1.0,298,5,9.4,12.4,1.0,298,5,0,29.23,0.2,0,0,0,41.2,46.9,49.5,0.24,0.22,0.28
PENN,2019-11-08 03:05:00 EST,42.65578,-76.98746,822,26.3,27.0,16.8,92.3,24.4,0.000,0.024,0.00,0.000,9.4,11.8,1.1,301,6,9.7,12.9,1.1,302,6,9.7,12.9,1.1,302,6,0,29.23,0.1,0,0,0,41.1,46.9,49.5,0.24,0.22,0.28
PENN,2019-11-08 03:10:00 EST,42.65578,-76.98746,822,26.5,27.0,16.9,91.6,24.4,0.000,0.024,0.00,0.000,9.5,12.2,1.2,305,5,10.0,13.8,1.3,306,5,10.0,13.8,1.3,306,5,0,29.23,0.1,0,0,0,41.1,46.9,49.5,0.24,0.22,0.28
PENN,2019-11-08 03:15:00 EST,42.65578,-76.98746,822,26.5,27.0,17.5,91.1,24.2,0.000,0.024,0.00,0.000,8.7,11.3,1.0,304,6,9.0,11.7,1.1,306,6,9.0,11.7,1.1,306,6,0,29.23,0.2,0,0,0,41.1,46.9,49.5,0.25,0.22,0.28
PENN,2019-11-08 03:20:00 EST,42.65578,-76.98746,822,26.5,27.0,17.7,90.4,24.1,0.000,0.024,0.00,0.000,8.3,11.5,1.4,305,9,8.7,12.1,1.5,306,9,8.7,12.1,1.5,306,9,0,29.23,0.1,0,0,0,41.1,46.9,49.5,0.24,0.22,0.28
PENN,2019-11-08 03:25:00 EST,42.65578,-76.98746,822,26.5,27.0,17.0,90.5,24.1,0.000,0.024,0.00,0.000,9.5,14.0,1.5,305,7,9.8,13.7,1.5,306,7,9.8,13.7,1.5,306,7,0,29.23,0.2,0,0,0,41.1,46.9,49.5,0.25,0.22,0.28
PENN,2019-11-08 03:30:00 EST,42.65578,-76.98746,822,26.7,27.2,16.1,90.1,24.2,0.000,0.024,0.00,0.000,11.6,15.5,1.4,308,7,11.9,16.0,1.4,309,5,11.9,16.0,1.4,309,5,0,29.24,0.2,0,0,0,41.0,46.9,49.5,0.24,0.22,0.28
PENN,2019-11-08 03:35:00 EST,42.65578,-76.98746,822,26.7,27.1,16.2,89.9,24.1,0.000,0.024,0.00,0.000,11.3,15.1,1.5,314,6,11.7,14.8,1.4,315,7,11.7,14.8,1.4,315,7,0,29.24,0.1,0,0,0,41.1,46.9,49.5,0.24,0.22,0.28
PENN,2019-11-08 03:40:00 EST,42.65578,-76.98746,822,26.8,27.2,16.1,90.0,24.2,0.000,0.024,0.00,0.000,11.7,14.5,1.4,315,8,12.2,15.9,1.4,317,9,12.2,15.9,1.4,317,9,0,29.24,0.1,0,0,0,41.1,46.9,49.5,0.24,0.22,0.28
PENN,2019-11-08 03:45:00 EST,42.65578,-76.98746,822,26.9,27.3,15.9,89.8,24.3,0.000,0.024,0.00,0.000,12.7,17.4,1.7,323,7,13.1,18.7,1.8,325,8,13.1,18.7,1.8,325,8,0,29.24,0.2,0,0,0,41.0,46.8,49.5,0.25,0.22,0.28
PENN,2019-11-08 03:50:00 EST,42.65578,-76.98746,822,26.8,27.3,16.3,88.6,23.9,0.000,0.024,0.00,0.000,11.5,16.4,1.7,322,8,12.0,17.8,1.9,325,9,12.0,17.8,1.9,325,9,0,29.24,0.2,0,0,0,41.1,46.8,49.5,0.24,0.22,0.28
PENN,2019-11-08 03:55:00 EST,42.65578,-76.98746,822,26.6,27.1,16.1,88.9,23.8,0.000,0.024,0.00,0.000,11.2,14.6,1.5,322,7,11.8,14.8,1.4,325,9,11.8,14.8,1.4,325,9,0,29.24,0.2,0,0,0,41.0,46.8,49.5,0.24,0.22,0.28
PENN,2019-11-08 04:00:00 EST,42.65578,-76.98746,822,26.5,27.1,16.3,88.4,23.5,0.000,0.024,0.00,0.000,10.7,13.8,1.2,320,6,11.1,14.4,1.3,323,7,11.1,14.4,1.3,323,7,0,29.24,0.2,0,0,0,41.0,46.8,49.4,0.24,0.22,0.28
PENN,2019-11-08 04:05:00 EST,42.65578,-76.98746,822,26.4,27.0,15.9,88.1,23.4,0.000,0.024,0.00,0.000,11.4,14.3,1.3,321,6,11.7,14.7,1.3,324,6,11.7,14.7,1.3,324,6,0,29.24,0.1,0,0,0,41.0,46.8,49.5,0.24,0.22,0.28
PENN,2019-11-08 04:10:00 EST,42.65578,-76.98746,822,26.2,26.8,15.8,87.8,23.1,0.000,0.024,0.00,0.000,10.9,14.6,1.3,318,7,11.5,15.3,1.3,321,7,11.5,15.3,1.3,321,7,0,29.25,0.2,0,0,0,41.0,46.8,49.5,0.25,0.22,0.28
PENN,2019-11-08 04:15:00 EST,42.65578,-76.98746,822,26.1,26.7,15.1,87.6,23.0,0.000,0.024,0.00,0.000,12.3,15.9,1.5,319,6,12.7,15.5,1.4,321,7,12.7,15.5,1.4,321,7,0,29.25,0.1,0,0,0,41.0,46.8,49.5,0.24,0.22,0.28
PENN,2019-11-08 04:20:00 EST,42.65578,-76.98746,822,26.1,26.6,15.4,87.8,22.9,0.000,0.024,0.00,0.000,11.4,13.7,1.1,318,5,11.8,14.4,1.1,320,6,11.8,14.4,1.1,320,6,0,29.25,0.2,0,0,0,40.9,46.8,49.4,0.24,0.22,0.28
PENN,2019-11-08 04:25:00 EST,42.65578,-76.98746,822,26.1,26.5,15.9,88.0,23.0,0.000,0.024,0.00,0.000,10.4,14.5,1.4,317,6,10.9,15.1,1.4,319,7,10.9,15.1,1.4,319,7,0,29.25,0.2,0,0,0,40.8,46.8,49.4,0.24,0.22,0.28
PENN,2019-11-08 04:30:00 EST,42.65578,-76.98746,822,26.1,26.5,15.8,88.5,23.1,0.000,0.024,0.00,0.000,10.6,13.0,1.1,315,6,11.1,13.3,1.0,317,6,11.1,13.3,1.0,317,6,0,29.25,0.2,0,0,0,40.8,46.8,49.4,0.24,0.22,0.28
PENN,2019-11-08 04:35:00 EST,42.65578,-76.98746,822,26.3,26.6,15.9,88.0,23.2,0.000,0.024,0.00,0.000,10.9,13.6,1.2,314,6,11.3,14.2,1.2,316,7,11.3,14.2,1.2,316,7,0,29.25,0.2,0,0,0,40.8,46.8,49.3,0.24,0.22,0.28
PENN,2019-11-08 04:40:00 EST,42.65578,-76.98746,822,26.4,26.7,16.3,87.4,23.2,0.000,0.024,0.00,0.000,10.6,12.9,1.0,313,6,10.9,14.0,1.0,315,6,10.9,14.0,1.0,315,6,0,29.25,0.2,0,0,0,40.7,46.8,49.3,0.24,0.22,0.28
PENN,2019-11-08 04:45:00 EST,42.65578,-76.98746,822,26.5,26.8,16.1,87.0,23.2,0.000,0.024,0.00,0.000,11.3,14.6,1.4,312,6,11.6,15.0,1.4,313,6,11.6,15.0,1.4,313,6,0,29.26,0.2,0,0,0,40.8,46.8,49.3,0.25,0.22,0.28
PENN,2019-11-08 04:50:00 EST,42.65578,-76.98746,822,26.5,26.7,16.8,87.1,23.2,0.000,0.024,0.00,0.000,9.8,13.3,1.3,312,7,10.4,14.3,1.4,312,7,10.4,14.3,1.4,312,7,0,29.26,0.2,0,0,0,40.7,46.8,49.3,0.24,0.22,0.28
PENN,2019-11-08 04:55:00 EST,42.65578,-76.98746,822,26.6,26.8,15.6,86.3,23.1,0.000,0.024,0.00,0.000,12.4,16.0,1.5,314,6,12.9,16.3,1.6,314,6,12.9,16.3,1.6,314,6,0,29.26,0.2,0,0,0,40.7,46.8,49.3,0.25,0.22,0.28
PENN,2019-11-08 05:00:00 EST,42.65578,-76.98746,822,26.6,26.7,14.6,86.5,23.1,0.000,0.024,0.00,0.000,14.7,20.7,2.8,313,9,15.1,21.6,2.8,315,9,15.1,21.6,2.8,315,9,0,29.26,0.2,0,0,0,40.7,46.8,49.3,0.24,0.22,0.28
PENN,2019-11-08 05:05:00 EST,42.65578,-76.98746,822,26.4,26.5,14.5,87.8,23.2,0.000,0.024,0.00,0.000,14.1,17.8,1.9,320,8,14.6,18.7,1.9,323,8,14.6,18.7,1.9,323,8,0,29.26,0.2,0,0,0,40.7,46.8,49.3,0.25,0.22,0.28
PENN,2019-11-08 05:10:00 EST,42.65578,-76.98746,822,26.3,26.4,14.6,87.5,23.1,0.000,0.024,0.00,0.000,13.8,18.6,1.8,317,7,14.2,18.5,1.7,318,7,14.2,18.5,1.7,318,7,0,29.27,0.2,0,0,0,40.7,46.8,49.3,0.25,0.22,0.28
PENN,2019-11-08 05:15:00 EST,42.65578,-76.98746,822,26.2,26.3,15.0,88.2,23.2,0.000,0.024,0.00,0.000,12.6,15.4,1.2,320,7,13.1,16.6,1.3,323,8,13.1,16.6,1.3,323,8,0,29.27,0.2,0,0,0,40.6,46.8,49.3,0.25,0.22,0.28
PENN,2019-11-08 05:20:00 EST,42.65578,-76.98746,822,26.1,26.2,15.9,89.5,23.4,0.000,0.024,0.00,0.000,10.3,15.2,1.7,324,8,10.9,16.9,1.7,327,9,10.9,16.9,1.7,327,9,0,29.27,0.0,0,0,0,40.6,46.8,49.3,0.24,0.22,0.28
PENN,2019-11-08 05:25:00 EST,42.65578,-76.98746,822,26.0,26.1,15.9,89.9,23.5,0.000,0.024,0.00,0.000,10.2,12.9,1.1,324,6,10.7,13.6,1.0,327,6,10.7,13.6,1.0,327,6,0,29.27,-0.1,0,0,0,40.6,46.7,49.3,0.24,0.22,0.28
PENN,2019-11-08 05:30:00 EST,42.65578,-76.98746,822,26.0,26.1,16.5,90.2,23.5,0.000,0.024,0.00,0.000,9.1,13.6,1.5,321,8,9.7,14.6,1.5,324,8,9.7,14.6,1.5,324,8,0,29.27,-0.1,0,0,0,40.6,46.7,49.3,0.24,0.22,0.28
PENN,2019-11-08 05:35:00 EST,42.65578,-76.98746,822,25.9,26.1,17.0,89.3,23.2,0.000,0.024,0.00,0.000,8.2,10.2,1.0,316,5,8.6,10.6,1.0,318,6,8.6,10.6,1.0,318,6,0,29.27,-0.2,0,0,0,40.5,46.7,49.3,0.24,0.22,0.28
PENN,2019-11-08 05:40:00 EST,42.65578,-76.98746,822,25.9,26.2,16.4,89.5,23.2,0.000,0.024,0.00,0.000,9.2,12.3,1.1,310,8,9.5,12.6,1.1,311,7,9.5,12.6,1.1,311,7,0,29.28,-0.2,0,0,0,40.4,46.7,49.3,0.24,0.22,0.28
PENN,2019-11-08 05:45:00 EST,42.65578,-76.98746,822,26.1,26.4,14.7,85.0,22.3,0.000,0.024,0.00,0.000,13.1,17.1,1.6,305,8,13.6,17.7,1.8,307,8,13.6,17.7,1.8,307,8,0,29.28,-0.3,0,0,0,40.5,46.7,49.3,0.24,0.22,0.28
PENN,2019-11-08 05:50:00 EST,42.65578,-76.98746,822,26.0,26.3,14.5,81.6,21.2,0.000,0.024,0.00,0.000,13.3,17.4,1.7,302,7,13.7,17.9,1.7,303,5,13.7,17.9,1.7,303,5,0,29.28,-0.4,0,0,0,40.5,46.6,49.3,0.24,0.22,0.28
PENN,2019-11-08 05:55:00 EST,42.65578,-76.98746,822,25.7,26.1,14.5,81.3,20.8,0.000,0.024,0.00,0.000,12.6,16.7,1.8,305,6,12.8,18.2,1.9,306,6,12.8,18.2,1.9,306,6,0,29.28,-0.4,0,0,0,40.5,46.6,49.3,0.24,0.22,0.28
PENN,2019-11-08 06:00:00 EST,42.65578,-76.98746,822,25.5,26.0,13.9,80.5,20.4,0.000,0.024,0.00,0.000,13.3,18.5,1.9,305,8,13.7,18.9,2.0,307,7,13.7,18.9,2.0,307,7,0,29.28,-0.3,0,0,0,40.4,46.6,49.3,0.24,0.22,0.28
PENN,2019-11-08 06:05:00 EST,42.65578,-76.98746,822,25.5,26.0,14.1,80.2,20.3,0.000,0.024,0.00,0.000,12.9,18.6,1.9,307,5,13.1,18.1,1.9,309,5,13.1,18.1,1.9,309,5,0,29.29,-0.4,0,0,0,40.4,46.6,49.3,0.24,0.22,0.28
PENN,2019-11-08 06:10:00 EST,42.65578,-76.98746,822,25.1,25.7,14.3,81.6,20.3,0.000,0.024,0.00,0.000,11.2,14.1,1.4,305,7,11.6,14.6,1.5,307,6,11.6,14.6,1.5,307,6,0,29.29,-0.4,0,0,0,40.3,46.6,49.3,0.24,0.22,0.28
PENN,2019-11-08 06:15:00 EST,42.65578,-76.98746,822,25.2,25.6,14.1,81.4,20.3,0.000,0.024,0.00,0.000,11.9,15.8,1.6,305,6,12.2,16.0,1.7,307,6,12.2,16.0,1.7,307,6,0,29.29,-0.3,0,0,0,40.3,46.6,49.3,0.25,0.22,0.28
PENN,2019-11-08 06:20:00 EST,42.65578,-76.98746,822,25.3,25.6,13.7,80.4,20.2,0.000,0.024,0.00,0.000,13.1,17.8,1.8,308,8,13.4,19.3,1.9,310,9,13.4,19.3,1.9,310,9,0,29.29,-0.3,0,0,0,40.3,46.6,49.3,0.24,0.22,0.28
PENN,2019-11-08 06:25:00 EST,42.65578,-76.98746,822,25.3,25.6,13.9,79.6,19.8,0.000,0.024,0.00,0.000,12.7,15.5,1.4,305,6,12.9,16.6,1.5,307,6,12.9,16.6,1.5,307,6,0,29.29,-0.4,0,0,0,40.4,46.6,49.3,0.24,0.22,0.28
PENN,2019-11-08 06:30:00 EST,42.65578,-76.98746,822,25.0,25.5,13.3,78.6,19.3,0.000,0.024,0.00,0.000,13.2,17.2,1.8,303,8,13.5,18.4,2.0,305,8,13.5,18.4,2.0,305,8,0,29.29,-0.4,0,0,0,40.4,46.6,49.3,0.24,0.22,0.28
PENN,2019-11-08 06:35:00 EST,42.65578,-76.98746,822,24.8,25.4,13.1,78.8,19.2,0.000,0.024,0.00,0.000,13.1,17.9,1.7,306,9,13.4,17.3,1.8,308,8,13.4,17.3,1.8,308,8,0,29.30,-0.3,0,0,0,40.3,46.6,49.3,0.24,0.22,0.28
PENN,2019-11-08 06:40:00 EST,42.65578,-76.98746,822,24.8,25.3,12.5,77.7,18.8,0.000,0.024,0.00,0.000,14.3,22.4,2.7,305,8,14.7,21.7,2.5,307,7,14.7,21.7,2.5,307,7,1,29.30,-0.4,0,0,0,40.2,46.6,49.3,0.24,0.22,0.28
PENN,2019-11-08 06:45:00 EST,42.65578,-76.98746,822,24.5,25.1,13.0,78.5,18.8,0.000,0.024,0.00,0.000,12.4,15.9,1.5,308,8,12.7,16.2,1.6,310,7,12.7,16.2,1.6,310,7,3,29.30,-0.4,0,0,0,40.3,46.6,49.3,0.24,0.22,0.28
PENN,2019-11-08 06:50:00 EST,42.65578,-76.98746,822,24.6,25.1,12.3,77.5,18.6,0.000,0.024,0.00,0.000,14.2,18.3,1.7,309,6,14.6,19.3,1.8,311,6,14.6,19.3,1.8,311,6,4,29.30,-0.4,0,0,0,40.2,46.6,49.3,0.24,0.22,0.28
PENN,2019-11-08 06:55:00 EST,42.65578,-76.98746,822,24.5,25.1,12.4,77.5,18.5,0.000,0.024,0.00,0.000,13.8,18.7,2.1,311,7,14.1,19.6,2.1,313,7,14.1,19.6,2.1,313,7,7,29.30,-0.4,0,0,0,40.2,46.6,49.3,0.25,0.22,0.28
PENN,2019-11-08 07:00:00 EST,42.65578,-76.98746,822,24.4,25.0,12.3,78.2,18.6,0.000,0.024,0.00,0.000,13.5,19.4,2.3,312,7,13.9,20.9,2.2,313,7,13.9,20.9,2.2,313,7,9,29.31,-0.3,0,0,0,40.1,46.6,49.3,0.24,0.22,0.28
PENN,2019-11-08 07:05:00 EST,42.65578,-76.98746,822,24.4,24.9,12.2,78.1,18.6,0.000,0.024,0.00,0.000,13.8,20.8,2.0,313,6,14.1,20.0,1.9,314,6,14.1,20.0,1.9,314,6,12,29.31,-0.3,0,0,0,40.1,46.6,49.3,0.24,0.22,0.28
PENN,2019-11-08 07:10:00 EST,42.65578,-76.98746,822,24.2,24.8,12.2,78.9,18.6,0.000,0.024,0.00,0.000,13.3,18.0,1.7,309,7,13.6,18.5,1.8,311,7,13.6,18.5,1.8,311,7,16,29.31,-0.3,0,0,0,40.1,46.6,49.3,0.24,0.22,0.28
PENN,2019-11-08 07:15:00 EST,42.65578,-76.98746,822,24.2,24.7,12.4,78.8,18.6,0.000,0.024,0.00,0.000,12.9,18.2,2.5,311,8,13.2,17.5,2.3,313,8,13.2,17.5,2.3,313,8,31,29.32,-0.2,0,0,0,40.0,46.6,49.3,0.25,0.22,0.28
PENN,2019-11-08 07:20:00 EST,42.65578,-76.98746,822,24.1,24.6,12.5,79.4,18.6,0.000,0.024,0.00,0.000,12.3,17.4,1.9,311,7,12.8,17.9,1.8,313,7,12.8,17.9,1.8,313,7,27,29.32,-0.3,0,0,0,40.0,46.6,49.3,0.24,0.22,0.28
PENN,2019-11-08 07:25:00 EST,42.65578,-76.98746,822,24.1,24.7,11.8,79.7,18.7,0.000,0.024,0.00,0.000,13.9,19.2,1.9,311,5,14.2,19.8,1.9,312,5,14.2,19.8,1.9,312,5,56,29.32,-0.3,0,0,0,40.0,46.5,49.3,0.24,0.22,0.28
PENN,2019-11-08 07:30:00 EST,42.65578,-76.98746,822,24.2,24.7,12.7,79.4,18.8,0.000,0.024,0.00,0.000,12.2,16.6,1.5,308,6,12.6,17.0,1.5,310,6,12.6,17.0,1.5,310,6,81,29.33,-0.2,0,0,0,39.9,46.6,49.3,0.24,0.22,0.28
PENN,2019-11-08 07:35:00 EST,42.65578,-76.98746,822,24.4,24.8,12.4,79.3,18.9,0.000,0.024,0.00,0.000,13.3,18.3,1.7,306,8,13.6,19.6,1.8,307,8,13.6,19.6,1.8,307,8,97,29.33,-0.1,0,0,0,39.9,46.5,49.3,0.24,0.22,0.28
PENN,2019-11-08 07:40:00 EST,42.65578,-76.98746,822,24.4,24.8,12.9,79.6,19.0,0.000,0.024,0.00,0.000,12.3,15.3,1.3,308,8,12.7,15.9,1.3,309,7,12.7,15.9,1.3,309,7,105,29.33,-0.2,0,0,0,40.0,46.6,49.3,0.25,0.22,0.28
PENN,2019-11-08 07:45:00 EST,42.65578,-76.98746,822,24.4,24.8,13.6,79.2,18.9,0.000,0.024,0.00,0.000,11.0,13.5,1.4,310,7,11.3,15.4,1.4,312,7,11.3,15.4,1.4,312,7,77,29.33,-0.2,0,0,0,39.9,46.5,49.3,0.24,0.22,0.28
PENN,2019-11-08 07:50:00 EST,42.65578,-76.98746,822,24.3,24.8,12.5,78.9,18.7,0.000,0.024,0.00,0.000,12.7,16.7,2.1,310,8,13.2,17.7,2.1,312,8,13.2,17.7,2.1,312,8,70,29.34,-0.1,0,0,0,39.8,46.4,49.3,0.24,0.22,0.28
PENN,2019-11-08 07:55:00 EST,42.65578,-76.98746,822,24.4,24.8,12.4,78.2,18.6,0.000,0.024,0.00,0.000,13.5,17.4,1.8,306,7,13.8,18.5,1.8,309,7,13.8,18.5,1.8,309,7,134,29.34,-0.2,0,0,0,39.8,46.4,49.3,0.24,0.22,0.28
PENN,2019-11-08 08:00:00 EST,42.65578,-76.98746,822,24.5,24.9,12.3,77.4,18.5,0.000,0.024,0.00,0.000,14.0,18.0,1.6,310,8,14.4,18.3,1.7,312,8,14.4,18.3,1.7,312,8,145,29.34,-0.2,0,0,0,39.8,46.4,49.3,0.25,0.22,0.28
PENN,2019-11-08 08:05:00 EST,42.65578,-76.98746,822,24.6,24.9,12.8,77.9,18.6,0.000,0.024,0.00,0.000,13.0,18.0,2.2,308,8,13.3,18.7,2.2,310,7,13.3,18.7,2.2,310,7,154,29.34,-0.1,0,0,0,39.8,46.4,49.3,0.24,0.22,0.28
PENN,2019-11-08 08:10:00 EST,42.65578,-76.98746,822,24.7,25.0,12.6,76.9,18.5,0.000,0.024,0.00,0.000,13.7,18.7,1.8,310,6,14.1,19.3,1.8,312,7,14.1,19.3,1.8,312,7,163,29.34,-0.1,0,0,0,39.8,46.4,49.3,0.24,0.22,0.28
PENN,2019-11-08 08:15:00 EST,42.65578,-76.98746,822,24.8,25.0,12.4,75.6,18.1,0.000,0.024,0.00,0.000,14.5,18.6,2.0,306,7,14.9,21.0,2.1,308,6,14.9,21.0,2.1,308,6,172,29.35,-0.1,0,0,0,39.8,46.4,49.3,0.24,0.22,0.28
PENN,2019-11-08 08:20:00 EST,42.65578,-76.98746,822,24.8,25.0,12.7,76.0,18.3,0.000,0.024,0.00,0.000,13.7,19.2,1.8,306,7,14.1,20.8,2.0,308,7,14.1,20.8,2.0,308,7,182,29.35,-0.1,0,0,0,39.7,46.4,49.2,0.24,0.22,0.28
PENN,2019-11-08 08:25:00 EST,42.65578,-76.98746,822,24.8,25.1,12.3,74.9,18.0,0.000,0.024,0.00,0.000,14.9,20.2,2.6,307,7,15.3,20.2,2.5,308,7,15.3,20.2,2.5,308,7,190,29.35,-0.1,0,0,0,39.6,46.4,49.2,0.24,0.22,0.28
PENN,2019-11-08 08:30:00 EST,42.65578,-76.98746,822,24.9,25.1,12.9,75.8,18.3,0.000,0.024,0.00,0.000,13.7,20.2,2.6,310,7,14.0,20.6,2.5,312,6,14.0,20.6,2.5,312,6,200,29.35,-0.1,0,0,0,39.6,46.4,49.2,0.24,0.22,0.28
PENN,2019-11-08 08:35:00 EST,42.65578,-76.98746,822,24.9,25.2,12.8,75.0,18.2,0.000,0.024,0.00,0.000,14.0,20.2,2.3,306,8,14.3,20.9,2.3,308,8,14.3,20.9,2.3,308,8,209,29.35,-0.2,0,0,0,39.6,46.4,49.2,0.24,0.22,0.28
PENN,2019-11-08 08:40:00 EST,42.65578,-76.98746,822,25.0,25.2,12.8,74.2,18.0,0.000,0.024,0.00,0.000,14.2,19.7,1.8,311,8,14.6,19.7,1.8,313,7,14.6,19.7,1.8,313,7,216,29.35,-0.0,0,0,0,39.6,46.4,49.2,0.24,0.22,0.28
PENN,2019-11-08 08:45:00 EST,42.65578,-76.98746,822,25.1,25.2,12.3,74.2,18.0,0.000,0.024,0.00,0.000,15.6,19.2,1.8,314,8,16.0,19.8,1.7,316,8,16.0,19.8,1.7,316,8,225,29.35,-0.1,0,0,0,39.6,46.4,49.1,0.24,0.22,0.28
PENN,2019-11-08 08:50:00 EST,42.65578,-76.98746,822,25.2,25.3,12.9,73.9,18.0,0.000,0.024,0.00,0.000,14.6,22.1,2.3,313,9,14.9,23.1,2.4,315,9,14.9,23.1,2.4,315,9,240,29.35,-0.1,0,0,0,39.6,46.4,49.1,0.24,0.22,0.28
PENN,2019-11-08 08:55:00 EST,42.65578,-76.98746,822,25.3,25.4,12.6,74.5,18.3,0.000,0.024,0.00,0.000,15.5,19.9,2.2,314,8,15.9,21.8,2.1,317,8,15.9,21.8,2.1,317,8,221,29.35,-0.1,0,0,0,39.7,46.4,49.1,0.25,0.22,0.28
PENN,2019-11-08 09:00:00 EST,42.65578,-76.98746,822,25.4,25.5,13.4,74.8,18.5,0.000,0.024,0.00,0.000,14.0,19.4,2.1,318,10,14.5,20.3,2.2,321,10,14.5,20.3,2.2,321,10,273,29.35,-0.1,0,0,0,39.5,46.4,49.2,0.24,0.22,0.28
PENN,2019-11-08 09:05:00 EST,42.65578,-76.98746,822,25.3,25.3,11.3,72.8,17.8,0.000,0.024,0.00,0.000,19.1,26.5,3.0,322,7,19.4,26.4,2.9,324,6,19.4,26.4,2.9,324,6,188,29.36,-0.1,0,0,0,39.5,46.4,49.1,0.24,0.22,0.28
PENN,2019-11-08 09:10:00 EST,42.65578,-76.98746,822,25.1,25.1,11.4,74.5,18.1,0.000,0.024,0.00,0.000,18.2,22.2,1.7,323,8,18.6,23.1,1.9,326,7,18.6,23.1,1.9,326,7,245,29.36,-0.1,0,0,0,39.5,46.4,49.1,0.24,0.22,0.28
PENN,2019-11-08 09:15:00 EST,42.65578,-76.98746,822,25.2,25.2,12.0,73.4,17.9,0.000,0.024,0.00,0.000,17.1,21.8,2.4,322,7,17.4,22.9,2.5,326,7,17.4,22.9,2.5,326,7,298,29.36,-0.1,0,0,0,39.6,46.4,49.1,0.24,0.22,0.28
PENN,2019-11-08 09:20:00 EST,42.65578,-76.98746,822,25.3,25.3,12.8,74.8,18.5,0.000,0.024,0.00,0.000,15.3,21.3,2.6,321,7,15.7,22.4,2.6,323,7,15.7,22.4,2.6,323,7,300,29.36,-0.1,0,0,0,39.6,46.4,49.1,0.24,0.22,0.28
PENN,2019-11-08 09:25:00 EST,42.65578,-76.98746,822,25.4,25.4,13.5,75.5,18.8,0.000,0.024,0.00,0.000,13.6,17.4,1.6,321,9,14.1,19.8,1.8,325,10,14.1,19.8,1.8,325,10,296,29.36,-0.1,0,0,0,39.5,46.3,49.1,0.24,0.22,0.28
PENN,2019-11-08 09:30:00 EST,42.65578,-76.98746,822,25.4,25.2,12.1,74.0,18.2,0.000,0.024,0.00,0.000,17.2,23.7,2.8,317,8,17.5,24.6,2.7,319,9,17.5,24.6,2.7,319,9,309,29.36,-0.1,0,0,0,39.4,46.3,49.1,0.24,0.22,0.28
PENN,2019-11-08 09:35:00 EST,42.65578,-76.98746,822,25.3,25.2,12.4,73.2,17.9,0.000,0.024,0.00,0.000,16.1,21.2,2.0,313,9,16.4,21.7,2.1,316,9,16.4,21.7,2.1,316,9,318,29.36,-0.2,0,0,0,39.4,46.3,49.1,0.24,0.22,0.28
PENN,2019-11-08 09:40:00 EST,42.65578,-76.98746,822,25.3,25.2,12.4,72.1,17.6,0.000,0.024,0.00,0.000,16.2,19.4,1.3,316,9,16.5,20.6,1.5,318,10,16.5,20.6,1.5,318,10,345,29.36,-0.1,0,0,0,39.3,46.1,49.1,0.24,0.22,0.28
PENN,2019-11-08 09:45:00 EST,42.65578,-76.98746,822,25.6,25.5,13.6,73.9,18.5,0.000,0.024,0.00,0.000,14.2,18.2,1.7,314,10,14.7,19.5,1.8,317,10,14.7,19.5,1.8,317,10,301,29.36,-0.2,0,0,0,39.3,46.0,49.1,0.24,0.22,0.28
PENN,2019-11-08 09:50:00 EST,42.65578,-76.98746,822,25.4,25.2,12.2,73.0,18.0,0.000,0.024,0.00,0.000,17.2,23.2,2.4,309,9,17.6,25.2,2.5,312,8,17.6,25.2,2.5,312,8,319,29.37,-0.2,0,0,0,39.3,46.0,49.1,0.24,0.22,0.28
PENN,2019-11-08 09:55:00 EST,42.65578,-76.98746,822,25.4,25.2,12.5,72.3,17.7,0.000,0.024,0.00,0.000,16.4,21.6,2.8,320,6,16.6,21.8,2.5,322,6,16.6,21.8,2.5,322,6,370,29.37,-0.1,0,0,0,39.3,46.0,49.1,0.24,0.22,0.28
PENN,2019-11-08 10:00:00 EST,42.65578,-76.98746,822,25.6,25.5,14.1,73.0,18.2,0.000,0.024,0.00,0.000,12.9,17.5,1.8,323,10,13.3,17.3,1.8,327,9,13.3,17.3,1.8,327,9,198,29.37,-0.2,0,0,0,39.2,46.0,49.1,0.24,0.22,0.28
PENN,2019-11-08 10:05:00 EST,42.65578,-76.98746,822,25.9,25.7,14.2,73.5,18.6,0.000,0.024,0.00,0.000,13.5,21.6,3.4,316,9,14.0,22.0,3.3,319,9,14.0,22.0,3.3,319,9,345,29.37,0.0,0,0,0,39.3,46.0,49.1,0.24,0.22,0.28
PENN,2019-11-08 10:10:00 EST,42.65578,-76.98746,822,25.7,25.5,12.6,70.3,17.4,0.000,0.024,0.00,0.000,17.3,22.6,2.4,316,9,17.5,22.5,2.4,319,10,17.5,22.5,2.4,319,10,265,29.37,0.1,0,0,0,39.3,46.0,49.1,0.24,0.22,0.28
PENN,2019-11-08 10:15:00 EST,42.65578,-76.98746,822,25.7,25.5,13.0,70.5,17.4,0.000,0.024,0.00,0.000,16.0,20.9,2.1,321,7,16.4,21.7,2.1,324,7,16.4,21.7,2.1,324,7,362,29.37,0.2,0,0,0,39.2,46.0,49.1,0.24,0.22,0.28
PENN,2019-11-08 10:20:00 EST,42.65578,-76.98746,822,25.9,25.6,12.9,70.6,17.7,0.000,0.024,0.00,0.000,17.0,22.1,2.5,320,7,17.3,22.0,2.4,323,7,17.3,22.0,2.4,323,7,307,29.37,0.0,0,0,0,39.2,46.0,49.1,0.24,0.22,0.28
PENN,2019-11-08 10:25:00 EST,42.65578,-76.98746,822,25.5,25.4,11.7,68.1,16.4,0.000,0.024,0.00,0.000,18.9,24.8,2.4,324,7,19.2,23.9,2.5,326,7,19.2,23.9,2.5,326,7,172,29.37,0.0,0,0,0,39.3,46.0,49.1,0.24,0.22,0.28
PENN,2019-11-08 10:30:00 EST,42.65578,-76.98746,822,25.9,25.7,13.3,68.8,17.1,0.000,0.024,0.00,0.000,15.8,20.0,2.4,329,9,16.2,20.7,2.5,333,9,16.2,20.7,2.5,333,9,377,29.38,0.1,0,0,0,39.2,46.0,49.1,0.24,0.22,0.28
PENN,2019-11-08 10:35:00 EST,42.65578,-76.98746,822,25.9,25.8,13.4,70.2,17.5,0.000,0.024,0.00,0.000,15.4,19.9,1.6,319,8,15.9,20.3,1.6,323,8,15.9,20.3,1.6,323,8,167,29.38,0.1,0,0,0,39.3,46.0,49.1,0.24,0.22,0.28
PENN,2019-11-08 10:40:00 EST,42.65578,-76.98746,822,25.6,25.5,12.7,69.0,16.8,0.000,0.024,0.00,0.000,16.2,19.3,1.6,328,10,16.5,19.9,1.6,331,10,16.5,19.9,1.6,331,10,186,29.38,0.1,0,0,0,39.2,46.0,49.1,0.24,0.22,0.28
PENN,2019-11-08 10:45:00 EST,42.65578,-76.98746,822,26.1,25.9,14.6,70.0,17.7,0.000,0.024,0.00,0.000,13.2,22.1,3.3,313,10,13.7,22.4,3.2,316,10,13.7,22.4,3.2,316,10,374,29.38,-0.0,0,0,0,39.2,46.0,49.1,0.24,0.22,0.28
PENN,2019-11-08 10:50:00 EST,42.65578,-76.98746,822,26.0,25.9,13.2,68.3,17.0,0.000,0.024,0.00,0.000,16.6,21.6,2.4,314,9,16.8,23.4,2.4,317,9,16.8,23.4,2.4,317,9,188,29.38,0.0,0,0,0,39.2,46.0,49.1,0.24,0.22,0.28
PENN,2019-11-08 10:55:00 EST,42.65578,-76.98746,822,25.7,25.6,12.5,71.1,17.7,0.000,0.024,0.00,0.000,17.2,22.2,2.6,314,8,17.6,23.0,2.5,317,8,17.6,23.0,2.5,317,8,321,29.38,-0.0,0,0,0,39.2,46.0,49.1,0.24,0.22,0.28
PENN,2019-11-08 11:00:00 EST,42.65578,-76.98746,822,25.9,25.6,13.0,74.3,18.9,0.000,0.024,0.00,0.000,16.7,20.3,2.2,323,9,17.1,21.1,2.2,325,9,17.1,21.1,2.2,325,9,372,29.38,0.1,0,0,0,39.2,46.0,49.1,0.24,0.22,0.28
PENN,2019-11-08 11:05:00 EST,42.65578,-76.98746,822,26.2,25.9,14.3,72.7,18.6,0.000,0.024,0.00,0.000,14.1,20.8,2.6,321,9,14.5,21.1,2.5,324,9,14.5,21.1,2.5,324,9,461,29.38,0.2,0,0,0,39.2,46.0,49.1,0.24,0.22,0.28
PENN,2019-11-08 11:10:00 EST,42.65578,-76.98746,822,26.4,26.1,14.1,69.8,17.9,0.000,0.024,0.00,0.000,15.2,20.2,2.4,324,10,15.7,21.2,2.4,328,10,15.7,21.2,2.4,328,10,473,29.38,0.1,0,0,0,39.2,46.0,49.1,0.24,0.22,0.28
PENN,2019-11-08 11:15:00 EST,42.65578,-76.98746,822,26.2,26.0,13.2,66.6,16.6,0.000,0.024,0.00,0.000,17.1,22.0,2.4,323,11,17.6,22.4,2.4,326,11,17.6,22.4,2.4,326,11,440,29.38,0.0,0,0,0,39.2,45.9,49.1,0.24,0.22,0.28
PENN,2019-11-08 11:20:00 EST,42.65578,-76.98746,822,26.3,26.2,14.1,68.0,17.2,0.000,0.024,0.00,0.000,15.2,20.5,2.1,315,10,15.8,22.5,2.1,318,10,15.8,22.5,2.1,318,10,248,29.38,0.0,0,0,0,39.2,45.9,49.1,0.24,0.22,0.28
PENN,2019-11-08 11:25:00 EST,42.65578,-76.98746,822,26.3,26.2,14.8,69.0,17.5,0.000,0.024,0.00,0.000,13.3,20.8,3.4,321,10,13.9,21.3,3.5,324,10,13.9,21.3,3.5,324,10,229,29.38,0.3,0,0,0,39.2,45.9,49.1,0.24,0.22,0.28
PENN,2019-11-08 11:30:00 EST,42.65578,-76.98746,822,25.8,25.7,13.1,71.1,17.8,0.000,0.024,0.00,0.000,15.9,21.7,2.3,324,9,16.4,24.0,2.4,328,8,16.4,24.0,2.4,328,8,130,29.38,0.1,0,0,0,39.2,45.9,49.1,0.24,0.22,0.28
PENN,2019-11-08 11:35:00 EST,42.65578,-76.98746,822,26.1,25.9,14.2,72.2,18.4,0.000,0.024,0.00,0.000,14.1,21.2,2.9,305,10,14.5,21.8,2.9,308,10,14.5,21.8,2.9,308,10,504,29.38,0.3,0,0,0,39.2,45.9,49.1,0.24,0.22,0.28
PENN,2019-11-08 11:40:00 EST,42.65578,-76.98746,822,26.9,26.5,15.1,69.7,18.3,0.000,0.024,0.00,0.000,14.4,20.6,3.0,307,11,14.9,21.5,3.0,309,10,14.9,21.5,3.0,309,10,577,29.38,0.1,0,0,0,39.2,45.9,49.0,0.24,0.22,0.28
PENN,2019-11-08 11:45:00 EST,42.65578,-76.98746,822,27.1,26.8,15.2,65.6,17.1,0.000,0.024,0.00,0.000,14.6,22.0,2.6,307,10,15.1,22.9,2.6,310,10,15.1,22.9,2.6,310,10,527,29.38,0.1,0,0,0,39.2,45.9,49.0,0.24,0.22,0.28
PENN,2019-11-08 11:50:00 EST,42.65578,-76.98746,822,26.7,26.5,14.2,64.5,16.3,0.000,0.024,0.00,0.000,16.3,21.8,2.3,308,9,16.7,22.6,2.4,312,10,16.7,22.6,2.4,312,10,332,29.38,0.3,0,0,0,39.2,45.9,49.0,0.24,0.22,0.28
PENN,2019-11-08 11:55:00 EST,42.65578,-76.98746,822,26.9,26.7,14.9,64.4,16.5,0.000,0.024,0.00,0.000,15.0,20.8,2.0,306,8,15.5,21.8,2.0,309,9,15.5,21.8,2.0,309,9,514,29.38,0.2,0,0,0,39.2,45.9,48.8,0.24,0.22,0.28
PENN,2019-11-08 12:00:00 EST,42.65578,-76.98746,822,27.5,27.1,16.2,64.7,17.2,0.000,0.024,0.00,0.000,13.7,24.6,3.4,309,10,14.2,24.6,3.5,312,11,14.2,24.6,3.5,312,11,412,29.37,0.0,0,0,0,39.2,45.9,48.8,0.24,0.22,0.28
PENN,2019-11-08 12:05:00 EST,42.65578,-76.98746,822,26.7,26.5,14.5,63.5,15.9,0.000,0.024,0.00,0.000,15.2,19.9,2.3,317,7,15.8,20.7,2.5,321,8,15.8,20.7,2.5,321,8,202,29.37,0.2,0,0,0,39.2,45.9,48.9,0.24,0.22,0.28
PENN,2019-11-08 12:10:00 EST,42.65578,-76.98746,822,27.1,26.9,16.4,64.0,16.6,0.000,0.024,0.00,0.000,12.1,18.0,2.7,317,12,12.6,18.0,2.6,320,14,12.6,18.0,2.6,320,14,416,29.37,0.2,0,0,0,39.2,45.9,48.8,0.24,0.22,0.28
PENN,2019-11-08 12:15:00 EST,42.65578,-76.98746,822,27.5,27.0,15.9,66.8,17.9,0.000,0.024,0.00,0.000,14.3,19.0,2.0,298,9,14.7,20.2,2.2,300,9,14.7,20.2,2.2,300,9,503,29.37,0.2,0,0,0,39.1,45.9,48.7,0.25,0.22,0.28
PENN,2019-11-08 12:20:00 EST,42.65578,-76.98746,822,27.7,27.1,16.2,67.7,18.4,0.000,0.024,0.00,0.000,14.2,19.9,2.6,297,11,14.7,20.2,2.5,299,11,14.7,20.2,2.5,299,11,455,29.37,0.1,0,0,0,39.2,45.9,48.7,0.24,0.22,0.28
PENN,2019-11-08 12:25:00 EST,42.65578,-76.98746,822,26.9,26.4,14.8,69.2,18.1,0.000,0.024,0.00,0.000,14.9,20.1,2.4,297,15,15.5,20.8,2.6,299,16,15.5,20.8,2.6,299,16,367,29.37,0.2,0,0,0,39.2,45.9,48.9,0.24,0.22,0.28
PENN,2019-11-08 12:30:00 EST,42.65578,-76.98746,822,27.2,26.8,16.7,66.2,17.4,0.000,0.024,0.00,0.000,11.6,15.8,2.2,310,12,12.1,16.5,2.3,314,13,12.1,16.5,2.3,314,13,579,29.37,0.2,0,0,0,39.2,45.9,48.7,0.25,0.22,0.28
PENN,2019-11-08 12:35:00 EST,42.65578,-76.98746,822,27.3,26.9,15.5,65.5,17.3,0.000,0.024,0.00,0.000,14.7,18.7,2.1,319,15,15.3,20.1,2.2,322,15,15.3,20.1,2.2,322,15,310,29.36,0.2,0,0,0,39.2,45.9,48.8,0.24,0.22,0.28
PENN,2019-11-08 12:40:00 EST,42.65578,-76.98746,822,27.1,26.8,15.2,65.5,17.1,0.000,0.024,0.00,0.000,14.7,19.9,2.0,315,9,15.2,20.7,2.1,318,9,15.2,20.7,2.1,318,9,292,29.36,0.0,0,0,0,39.2,45.9,48.7,0.24,0.22,0.28
PENN,2019-11-08 12:45:00 EST,42.65578,-76.98746,822,26.8,26.5,14.2,69.6,18.2,0.000,0.024,0.00,0.000,16.2,21.3,1.9,308,8,16.7,21.5,1.8,311,8,16.7,21.5,1.8,311,8,197,29.36,0.2,0,0,0,39.2,45.8,48.7,0.24,0.22,0.28
PENN,2019-11-08 12:50:00 EST,42.65578,-76.98746,822,26.8,26.6,14.7,71.4,18.8,0.000,0.024,0.00,0.000,15.0,20.0,2.2,308,8,15.7,20.8,2.2,311,8,15.7,20.8,2.2,311,8,222,29.36,0.1,0,0,0,39.1,45.8,48.7,0.25,0.22,0.28
PENN,2019-11-08 12:55:00 EST,42.65578,-76.98746,822,26.7,26.5,13.9,63.7,16.0,0.000,0.024,0.00,0.000,16.8,22.2,2.1,316,8,17.3,23.1,2.2,320,9,17.3,23.1,2.2,320,9,345,29.36,0.2,0,0,0,39.2,45.9,48.7,0.24,0.22,0.28
PENN,2019-11-08 13:00:00 EST,42.65578,-76.98746,822,27.4,27.1,16.0,64.7,17.1,0.000,0.024,0.00,0.000,13.8,19.1,2.5,315,9,14.4,19.2,2.3,318,10,14.4,19.2,2.3,318,10,535,29.36,0.2,0,0,0,39.2,45.7,48.7,0.24,0.22,0.28
PENN,2019-11-08 13:05:00 EST,42.65578,-76.98746,822,28.3,27.9,16.8,66.3,18.5,0.000,0.024,0.00,0.000,14.6,24.4,4.0,305,11,15.3,25.0,4.0,307,10,15.3,25.0,4.0,307,10,571,29.36,0.0,0,0,0,39.1,45.7,48.7,0.24,0.22,0.28
PENN,2019-11-08 13:10:00 EST,42.65578,-76.98746,822,27.7,27.2,15.0,62.2,16.4,0.000,0.024,0.00,0.000,17.5,21.9,2.0,304,10,17.9,23.9,2.1,307,10,17.9,23.9,2.1,307,10,433,29.36,0.2,0,0,0,39.2,45.7,48.7,0.24,0.22,0.28
PENN,2019-11-08 13:15:00 EST,42.65578,-76.98746,822,27.8,27.4,15.8,64.0,17.2,0.000,0.024,0.00,0.000,15.8,21.3,2.2,302,8,16.3,21.2,2.2,304,7,16.3,21.2,2.2,304,7,445,29.36,0.2,0,0,0,39.2,45.7,48.7,0.24,0.22,0.28
PENN,2019-11-08 13:20:00 EST,42.65578,-76.98746,822,27.4,27.0,15.5,64.7,17.0,0.000,0.024,0.00,0.000,14.8,19.9,2.3,319,8,15.5,20.5,2.3,323,8,15.5,20.5,2.3,323,8,231,29.37,0.1,0,0,0,39.2,45.7,48.7,0.24,0.22,0.28
PENN,2019-11-08 13:25:00 EST,42.65578,-76.98746,822,27.4,27.1,14.8,66.1,17.5,0.000,0.024,0.00,0.000,17.0,23.3,2.1,316,8,17.4,23.7,2.2,319,8,17.4,23.7,2.2,319,8,383,29.37,0.2,0,0,0,39.2,45.7,48.7,0.24,0.22,0.28
PENN,2019-11-08 13:30:00 EST,42.65578,-76.98746,822,27.6,27.2,15.4,62.6,16.4,0.000,0.024,0.00,0.000,15.7,19.1,1.8,318,9,16.2,20.7,1.9,322,10,16.2,20.7,1.9,322,10,513,29.37,0.0,0,0,0,39.1,45.7,48.7,0.24,0.22,0.28
PENN,2019-11-08 13:35:00 EST,42.65578,-76.98746,822,27.6,27.3,15.7,64.2,17.1,0.000,0.024,0.00,0.000,15.4,20.8,2.0,309,20,15.9,21.5,2.1,313,22,15.9,21.5,2.1,313,22,368,29.37,0.0,0,0,0,39.1,45.7,48.7,0.24,0.22,0.28
PENN,2019-11-08 13:40:00 EST,42.65578,-76.98746,822,27.8,27.4,16.4,64.8,17.5,0.000,0.024,0.00,0.000,13.9,19.7,2.1,308,10,14.4,20.2,2.1,310,10,14.4,20.2,2.1,310,10,321,29.37,-0.0,0,0,0,39.2,45.7,48.7,0.25,0.22,0.28
PENN,2019-11-08 13:45:00 EST,42.65578,-76.98746,822,27.9,27.5,16.2,67.0,18.3,0.000,0.024,0.00,0.000,14.5,21.8,3.0,322,8,15.1,23.4,3.0,327,8,15.1,23.4,3.0,327,8,368,29.37,-0.1,0,0,0,39.2,45.7,48.7,0.24,0.22,0.28
PENN,2019-11-08 13:50:00 EST,42.65578,-76.98746,822,27.3,27.1,14.9,61.3,15.7,0.000,0.024,0.00,0.000,16.3,21.8,2.7,318,11,16.9,24.2,2.9,322,11,16.9,24.2,2.9,322,11,200,29.37,-0.1,0,0,0,39.2,45.7,48.7,0.24,0.22,0.28
PENN,2019-11-08 13:55:00 EST,42.65578,-76.98746,822,27.3,27.1,14.1,61.7,15.9,0.000,0.024,0.00,0.000,18.4,23.3,2.4,311,11,19.0,24.2,2.4,313,12,19.0,24.2,2.4,313,12,346,29.37,-0.1,0,0,0,39.2,45.7,48.7,0.24,0.22,0.28
PENN,2019-11-08 14:00:00 EST,42.65578,-76.98746,822,27.0,26.8,14.7,62.6,15.9,0.000,0.024,0.00,0.000,15.9,22.7,2.2,302,9,16.4,22.5,2.2,305,8,16.4,22.5,2.2,305,8,205,29.37,-0.1,0,0,0,39.2,45.7,48.7,0.24,0.22,0.28
PENN,2019-11-08 14:05:00 EST,42.65578,-76.98746,822,27.1,27.0,15.7,64.0,16.5,0.000,0.024,0.00,0.000,13.4,18.9,2.4,311,8,14.0,19.9,2.4,315,9,14.0,19.9,2.4,315,9,225,29.37,-0.1,0,0,0,39.2,45.7,48.7,0.24,0.22,0.28
PENN,2019-11-08 14:10:00 EST,42.65578,-76.98746,822,26.8,26.7,14.7,62.5,15.7,0.000,0.024,0.00,0.000,15.1,21.0,2.4,307,6,15.4,20.8,2.4,309,6,15.4,20.8,2.4,309,6,182,29.37,-0.0,0,0,0,39.2,45.7,48.7,0.24,0.22,0.28
PENN,2019-11-08 14:15:00 EST,42.65578,-76.98746,822,27.0,26.9,15.3,64.4,16.6,0.000,0.024,0.00,0.000,14.2,18.9,1.8,316,12,14.7,18.9,1.9,320,12,14.7,18.9,1.9,320,12,180,29.37,0.0,0,0,0,39.2,45.7,48.7,0.24,0.22,0.28
PENN,2019-11-08 14:20:00 EST,42.65578,-76.98746,822,26.9,26.9,16.1,64.0,16.4,0.000,0.024,0.00,0.000,12.1,16.2,2.0,306,9,12.6,16.8,2.0,309,8,12.6,16.8,2.0,309,8,152,29.37,0.1,0,0,0,39.2,45.7,48.7,0.24,0.22,0.28
PENN,2019-11-08 14:25:00 EST,42.65578,-76.98746,822,26.9,26.9,15.7,65.1,16.8,0.000,0.024,0.00,0.000,13.0,18.8,2.9,303,8,13.5,19.0,2.9,306,8,13.5,19.0,2.9,306,8,126,29.37,-0.0,0,0,0,39.2,45.7,48.7,0.24,0.22,0.28
PENN,2019-11-08 14:30:00 EST,42.65578,-76.98746,822,26.7,26.8,15.8,63.9,16.2,0.000,0.024,0.00,0.000,12.3,16.4,1.8,303,12,12.8,17.1,1.9,306,12,12.8,17.1,1.9,306,12,91,29.37,0.1,0,0,0,39.2,45.7,48.7,0.24,0.22,0.28
PENN,2019-11-08 14:35:00 EST,42.65578,-76.98746,822,26.7,26.8,15.3,64.6,16.4,0.000,0.024,0.00,0.000,13.3,17.9,1.8,308,9,13.8,18.6,1.9,311,9,13.8,18.6,1.9,311,9,108,29.37,-0.0,0,0,0,39.2,45.7,48.7,0.24,0.22,0.28
PENN,2019-11-08 14:40:00 EST,42.65578,-76.98746,822,26.7,26.7,14.9,64.5,16.3,0.000,0.024,0.00,0.000,14.4,18.0,1.8,304,8,14.8,19.1,1.9,307,7,14.8,19.1,1.9,307,7,119,29.37,0.0,0,0,0,39.1,45.6,48.7,0.24,0.22,0.28
PENN,2019-11-08 14:45:00 EST,42.65578,-76.98746,822,26.5,26.7,16.3,65.7,16.6,0.000,0.024,0.00,0.000,10.7,15.6,1.8,304,9,11.1,16.1,1.7,307,8,11.1,16.1,1.7,307,8,82,29.37,0.0,0,0,0,39.1,45.6,48.7,0.25,0.22,0.28
PENN,2019-11-08 14:50:00 EST,42.65578,-76.98746,822,26.7,26.8,17.5,66.1,16.9,0.000,0.024,0.00,0.000,9.0,15.3,2.2,314,10,9.4,16.9,2.1,318,10,9.4,16.9,2.1,318,10,131,29.37,0.1,0,0,0,39.1,45.6,48.7,0.25,0.22,0.28
PENN,2019-11-08 14:55:00 EST,42.65578,-76.98746,822,27.2,27.2,17.9,64.5,16.8,0.000,0.024,0.00,0.000,9.4,12.8,1.6,302,12,9.9,13.4,1.6,306,12,9.9,13.4,1.6,306,12,232,29.37,0.0,0,0,0,39.1,45.5,48.7,0.25,0.22,0.28
PENN,2019-11-08 15:00:00 EST,42.65578,-76.98746,822,27.2,27.2,16.1,64.3,16.7,0.000,0.024,0.00,0.000,12.8,17.5,2.2,310,12,13.4,18.7,2.2,314,13,13.4,18.7,2.2,314,13,114,29.37,-0.0,0,0,0,39.1,45.5,48.7,0.24,0.22,0.28
PENN,2019-11-08 15:05:00 EST,42.65578,-76.98746,822,27.0,27.1,15.9,64.6,16.7,0.000,0.024,0.00,0.000,12.9,16.7,2.3,302,10,13.3,17.0,2.3,306,10,13.3,17.0,2.3,306,10,119,29.37,0.0,0,0,0,39.0,45.5,48.7,0.24,0.22,0.28
PENN,2019-11-08 15:10:00 EST,42.65578,-76.98746,822,26.8,26.9,14.9,64.0,16.3,0.000,0.024,0.00,0.000,14.8,17.8,1.5,300,6,15.1,18.4,1.6,302,7,15.1,18.4,1.6,302,7,131,29.37,0.0,0,0,0,39.1,45.5,48.7,0.24,0.22,0.28
PENN,2019-11-08 15:15:00 EST,42.65578,-76.98746,822,26.8,27.0,15.4,61.7,15.4,0.000,0.024,0.00,0.000,13.5,18.4,2.1,312,10,14.0,17.8,2.0,316,9,14.0,17.8,2.0,316,9,95,29.38,-0.0,0,0,0,39.1,45.5,48.7,0.24,0.22,0.28
PENN,2019-11-08 15:20:00 EST,42.65578,-76.98746,822,26.6,26.9,15.6,62.1,15.4,0.000,0.024,0.00,0.000,12.6,16.1,2.2,317,9,13.0,18.4,2.3,321,9,13.0,18.4,2.3,321,9,93,29.38,-0.1,0,0,0,39.2,45.5,48.7,0.25,0.22,0.28
PENN,2019-11-08 15:25:00 EST,42.65578,-76.98746,822,26.7,27.0,16.5,63.2,15.9,0.000,0.024,0.00,0.000,10.8,17.0,2.6,315,10,11.3,17.4,2.6,319,11,11.3,17.4,2.6,319,11,139,29.38,-0.1,0,0,0,39.1,45.5,48.7,0.25,0.22,0.28
PENN,2019-11-08 15:30:00 EST,42.65578,-76.98746,822,26.7,26.9,15.2,61.1,15.1,0.000,0.024,0.00,0.000,13.7,17.1,1.6,310,9,14.0,18.7,1.6,314,9,14.0,18.7,1.6,314,9,85,29.38,0.1,0,0,0,39.1,45.5,48.7,0.24,0.22,0.28
PENN,2019-11-08 15:35:00 EST,42.65578,-76.98746,822,26.5,26.9,15.5,62.1,15.3,0.000,0.024,0.00,0.000,12.5,15.1,1.1,311,6,12.8,15.7,1.2,314,6,12.8,15.7,1.2,314,6,127,29.38,0.1,0,0,0,39.1,45.5,48.7,0.24,0.22,0.28
PENN,2019-11-08 15:40:00 EST,42.65578,-76.98746,822,26.7,27.0,16.3,61.7,15.3,0.000,0.024,0.00,0.000,11.1,16.4,1.7,308,8,11.6,17.2,1.8,311,8,11.6,17.2,1.8,311,8,158,29.38,0.1,0,0,0,39.1,45.5,48.7,0.24,0.22,0.28
PENN,2019-11-08 15:45:00 EST,42.65578,-76.98746,822,27.0,27.2,17.0,61.3,15.5,0.000,0.024,0.00,0.000,10.7,15.9,1.7,300,10,11.1,17.0,1.8,302,9,11.1,17.0,1.8,302,9,195,29.38,0.0,0,0,0,39.1,45.5,48.7,0.24,0.22,0.28
PENN,2019-11-08 15:50:00 EST,42.65578,-76.98746,822,27.0,27.2,16.1,62.5,15.9,0.000,0.024,0.00,0.000,12.4,16.5,1.6,317,15,12.9,17.0,1.8,320,15,12.9,17.0,1.8,320,15,147,29.38,-0.0,0,0,0,39.1,45.5,48.7,0.24,0.22,0.28
PENN,2019-11-08 15:55:00 EST,42.65578,-76.98746,822,27.0,27.2,16.2,60.8,15.2,0.000,0.024,0.00,0.000,12.1,14.8,1.3,320,9,12.5,15.7,1.4,324,9,12.5,15.7,1.4,324,9,154,29.38,0.0,0,0,0,39.1,45.5,48.7,0.24,0.22,0.28
PENN,2019-11-08 16:00:00 EST,42.65578,-76.98746,822,26.8,27.1,16.5,62.1,15.5,0.000,0.024,0.00,0.000,10.9,15.1,1.5,328,7,11.4,15.3,1.4,333,6,11.4,15.3,1.4,333,6,146,29.38,0.0,0,0,0,39.0,45.5,48.7,0.24,0.22,0.28
PENN,2019-11-08 16:05:00 EST,42.65578,-76.98746,822,26.9,27.2,17.0,62.7,15.8,0.000,0.024,0.00,0.000,10.3,16.1,2.1,309,15,10.7,17.2,2.2,313,16,10.7,17.2,2.2,313,16,113,29.38,0.1,0,0,0,39.1,45.5,48.6,0.25,0.22,0.28
PENN,2019-11-08 16:10:00 EST,42.65578,-76.98746,822,27.0,27.3,18.2,62.6,15.9,0.000,0.024,0.00,0.000,8.3,12.9,1.4,310,10,8.8,14.1,1.4,313,10,8.8,14.1,1.4,313,10,113,29.38,0.0,0,0,0,39.1,45.5,48.6,0.24,0.22,0.28
PENN,2019-11-08 16:15:00 EST,42.65578,-76.98746,822,26.8,27.2,17.4,63.2,16.0,0.000,0.024,0.00,0.000,9.4,12.4,1.3,304,8,9.9,12.5,1.3,307,8,9.9,12.5,1.3,307,8,105,29.39,0.1,0,0,0,39.1,45.5,48.6,0.24,0.22,0.28
PENN,2019-11-08 16:20:00 EST,42.65578,-76.98746,822,26.7,27.1,17.2,63.0,15.8,0.000,0.024,0.00,0.000,9.3,14.0,1.6,310,11,9.9,14.6,1.7,313,11,9.9,14.6,1.7,313,11,88,29.39,-0.0,0,0,0,39.1,45.5,48.6,0.24,0.22,0.28
PENN,2019-11-08 16:25:00 EST,42.65578,-76.98746,822,26.8,27.1,16.5,61.1,15.1,0.000,0.024,0.00,0.000,11.0,14.2,1.3,306,7,11.4,14.1,1.3,309,7,11.4,14.1,1.3,309,7,78,29.39,0.1,0,0,0,39.0,45.5,48.6,0.24,0.22,0.28
PENN,2019-11-08 16:30:00 EST,42.65578,-76.98746,822,26.4,27.0,16.9,63.6,15.8,0.000,0.024,0.00,0.000,9.4,12.9,1.5,312,9,9.9,13.2,1.5,315,9,9.9,13.2,1.5,315,9,47,29.39,0.1,0,0,0,39.0,45.5,48.6,0.24,0.22,0.28
PENN,2019-11-08 16:35:00 EST,42.65578,-76.98746,822,26.2,26.8,17.2,64.4,15.8,0.000,0.024,0.00,0.000,8.3,11.3,1.6,323,12,8.8,12.3,1.7,327,12,8.8,12.3,1.7,327,12,37,29.39,-0.0,0,0,0,39.0,45.5,48.6,0.24,0.22,0.28
PENN,2019-11-08 16:40:00 EST,42.65578,-76.98746,822,25.8,26.6,17.5,66.1,16.0,0.000,0.024,0.00,0.000,7.2,9.4,0.9,321,6,7.7,10.6,1.1,325,7,7.7,10.6,1.1,325,7,17,29.39,-0.0,0,0,0,39.0,45.5,48.6,0.24,0.22,0.28
PENN,2019-11-08 16:45:00 EST,42.65578,-76.98746,822,25.2,26.3,18.1,67.9,16.1,0.000,0.024,0.00,0.000,5.6,6.8,0.6,324,5,6.0,7.7,0.7,328,5,6.0,7.7,0.7,328,5,14,29.39,0.1,0,0,0,39.1,45.5,48.6,0.24,0.22,0.28
PENN,2019-11-08 16:50:00 EST,42.65578,-76.98746,822,25.2,26.2,17.7,67.1,15.9,0.000,0.024,0.00,0.000,6.0,9.1,1.5,335,10,6.6,10.5,1.5,340,10,6.6,10.5,1.5,340,10,9,29.40,0.1,0,0,0,39.0,45.5,48.6,0.24,0.22,0.28
PENN,2019-11-08 16:55:00 EST,42.65578,-76.98746,822,25.3,26.3,17.2,65.7,15.4,0.000,0.024,0.00,0.000,6.7,8.8,1.1,332,7,7.3,9.7,1.2,337,7,7.3,9.7,1.2,337,7,6,29.40,-0.0,0,0,0,38.9,45.5,48.6,0.24,0.22,0.28
PENN,2019-11-08 17:00:00 EST,42.65578,-76.98746,822,25.0,26.1,17.6,67.4,15.7,0.000,0.024,0.00,0.000,5.7,7.2,0.9,333,9,6.3,7.9,0.9,337,9,6.3,7.9,0.9,337,9,3,29.40,-0.0,0,0,0,39.0,45.5,48.6,0.24,0.22,0.28
PENN,2019-11-08 17:05:00 EST,42.65578,-76.98746,822,24.9,26.0,18.1,66.9,15.5,0.000,0.024,0.00,0.000,5.0,7.2,0.8,336,8,5.7,7.8,0.8,342,8,5.7,7.8,0.8,342,8,1,29.40,0.0,0,0,0,39.0,45.5,48.6,0.24,0.22,0.28
PENN,2019-11-08 17:10:00 EST,42.65578,-76.98746,822,24.7,25.8,18.0,67.8,15.6,0.000,0.024,0.00,0.000,4.8,6.9,0.7,338,7,5.5,7.8,0.8,343,7,5.5,7.8,0.8,343,7,1,29.40,-0.0,0,0,0,38.8,45.5,48.6,0.24,0.22,0.28
PENN,2019-11-08 17:15:00 EST,42.65578,-76.98746,822,24.8,25.8,18.3,67.9,15.7,0.000,0.024,0.00,0.000,4.6,5.7,0.5,338,5,5.3,6.4,0.6,344,5,5.3,6.4,0.6,344,5,0,29.40,-0.1,0,0,0,38.9,45.5,48.6,0.25,0.22,0.28
PENN,2019-11-08 17:20:00 EST,42.65578,-76.98746,822,24.3,25.6,18.1,69.4,15.7,0.000,0.024,0.00,0.000,4.3,5.2,0.3,343,5,5.0,6.3,0.5,347,4,5.0,6.3,0.5,347,4,0,29.40,0.1,0,0,0,38.8,45.4,48.6,0.25,0.22,0.28
PENN,2019-11-08 17:25:00 EST,42.65578,-76.98746,822,24.3,25.6,18.4,69.1,15.7,0.000,0.024,0.00,0.000,4.1,5.2,0.4,346,13,4.7,6.2,0.5,350,4,4.7,6.2,0.5,350,4,0,29.40,0.1,0,0,0,38.9,45.4,48.6,0.24,0.22,0.28
PENN,2019-11-08 17:30:00 EST,42.65578,-76.98746,822,24.5,25.5,19.1,68.7,15.7,0.000,0.024,0.00,0.000,3.7,4.5,0.3,342,4,4.3,5.5,0.4,347,5,4.3,5.5,0.4,347,5,0,29.40,0.1,0,0,0,38.9,45.4,48.6,0.24,0.22,0.28
PENN,2019-11-08 17:35:00 EST,42.65578,-76.98746,822,24.5,25.5,19.5,68.9,15.7,0.000,0.024,0.00,0.000,3.3,4.2,0.3,336,5,3.9,5.0,0.4,340,5,3.9,5.0,0.4,340,5,0,29.41,0.1,0,0,0,38.8,45.4,48.6,0.24,0.22,0.28
PENN,2019-11-08 17:40:00 EST,42.65578,-76.98746,822,24.3,25.3,20.4,70.7,16.1,0.000,0.024,0.00,0.000,3.0,3.5,0.2,314,5,3.1,4.2,0.3,316,6,3.1,4.2,0.3,316,6,0,29.41,-0.0,0,0,0,38.8,45.3,48.6,0.25,0.22,0.28
PENN,2019-11-08 17:45:00 EST,42.65578,-76.98746,822,23.9,25.1,23.9,72.3,16.3,0.000,0.024,0.00,0.000,2.8,3.5,0.2,297,7,2.9,3.8,0.3,299,7,2.9,3.8,0.3,299,7,0,29.41,0.2,0,0,0,38.8,45.4,48.6,0.25,0.22,0.28
PENN,2019-11-08 17:50:00 EST,42.65578,-76.98746,822,23.4,25.0,18.3,73.9,16.4,0.000,0.024,0.00,0.000,3.7,4.2,0.4,272,8,4.0,4.7,0.4,274,8,4.0,4.7,0.4,274,8,0,29.41,0.0,0,0,0,38.8,45.3,48.6,0.24,0.22,0.28
PENN,2019-11-08 17:55:00 EST,42.65578,-76.98746,822,23.8,25.2,18.8,73.8,16.7,0.000,0.024,0.00,0.000,3.7,4.5,0.3,285,6,3.9,5.2,0.4,288,6,3.9,5.2,0.4,288,6,0,29.41,0.0,0,0,0,38.8,45.3,48.6,0.24,0.22,0.28
PENN,2019-11-08 18:00:00 EST,42.65578,-76.98746,822,24.1,25.2,20.2,73.1,16.7,0.000,0.024,0.00,0.000,3.0,4.2,0.5,294,6,3.1,4.9,0.6,297,6,3.1,4.9,0.6,297,6,0,29.41,-0.0,0,0,0,38.7,45.3,48.6,0.24,0.22,0.28
PENN,2019-11-08 18:05:00 EST,42.65578,-76.98746,822,24.3,25.1,24.3,72.9,16.9,0.000,0.024,0.00,0.000,2.7,3.1,0.2,283,6,2.9,3.4,0.2,286,7,2.9,3.4,0.2,286,7,0,29.42,0.0,0,0,0,38.7,45.3,48.6,0.24,0.22,0.28
PENN,2019-11-08 18:10:00 EST,42.65578,-76.98746,822,24.6,25.3,20.8,71.8,16.8,0.000,0.024,0.00,0.000,2.8,3.5,0.2,264,6,3.1,3.8,0.3,266,6,3.1,3.8,0.3,266,6,0,29.42,0.1,0,0,0,38.7,45.3,48.6,0.24,0.22,0.28
PENN,2019-11-08 18:15:00 EST,42.65578,-76.98746,822,24.5,25.4,20.3,69.9,16.1,0.000,0.024,0.00,0.000,3.1,3.7,0.2,269,4,3.4,4.2,0.3,272,5,3.4,4.2,0.3,272,5,0,29.42,0.1,0,0,0,38.8,45.3,48.6,0.24,0.22,0.28
PENN,2019-11-08 18:20:00 EST,42.65578,-76.98746,822,24.6,25.4,21.0,68.8,15.9,0.000,0.024,0.00,0.000,2.8,3.7,0.4,269,8,3.0,4.2,0.5,270,10,3.0,4.2,0.5,270,10,0,29.42,-0.1,0,0,0,38.7,45.3,48.6,0.24,0.22,0.28
PENN,2019-11-08 18:25:00 EST,42.65578,-76.98746,822,22.1,25.0,22.1,79.0,16.6,0.000,0.024,0.00,0.000,1.8,3.8,0.6,257,19,2.0,4.1,0.6,256,22,2.0,4.1,0.6,256,22,0,29.42,0.1,0,0,0,38.7,45.3,48.6,0.24,0.22,0.28
PENN,2019-11-08 18:30:00 EST,42.65578,-76.98746,822,22.4,24.8,22.4,81.1,17.5,0.000,0.024,0.00,0.000,2.3,3.7,0.5,254,9,2.6,4.4,0.6,254,11,2.6,4.4,0.6,254,11,0,29.42,0.1,0,0,0,38.7,45.3,48.6,0.24,0.22,0.28
PENN,2019-11-08 18:35:00 EST,42.65578,-76.98746,822,22.7,25.0,18.6,79.4,17.3,0.000,0.024,0.00,0.000,2.9,3.8,0.5,242,9,3.1,4.3,0.5,243,10,3.1,4.3,0.5,243,10,0,29.42,0.0,0,0,0,38.7,45.3,48.6,0.24,0.22,0.28
PENN,2019-11-08 18:40:00 EST,42.65578,-76.98746,822,23.8,25.1,23.8,75.5,17.2,0.000,0.024,0.00,0.000,2.4,3.7,0.4,254,13,2.7,4.1,0.5,256,16,2.7,4.1,0.5,256,16,0,29.42,0.1,0,0,0,38.7,45.3,48.6,0.24,0.22,0.28
PENN,2019-11-08 18:45:00 EST,42.65578,-76.98746,822,24.7,25.2,24.7,69.4,16.1,0.000,0.024,0.00,0.000,2.0,2.8,0.3,251,12,2.2,3.1,0.3,252,14,2.2,3.1,0.3,252,14,0,29.42,0.2,0,0,0,38.7,45.3,48.6,0.24,0.22,0.28
PENN,2019-11-08 18:50:00 EST,42.65578,-76.98746,822,24.8,25.3,24.8,66.8,15.3,0.000,0.024,0.00,0.000,2.2,3.5,0.5,276,12,2.4,3.9,0.6,279,14,2.4,3.9,0.6,279,14,0,29.42,0.2,0,0,0,38.7,45.3,48.6,0.24,0.22,0.28
PENN,2019-11-08 18:55:00 EST,42.65578,-76.98746,822,24.5,25.3,24.5,67.2,15.1,0.000,0.024,0.00,0.000,2.6,4.5,0.7,264,12,2.9,5.1,0.8,266,13,2.9,5.1,0.8,266,13,0,29.42,0.1,0,0,0,38.7,45.3,48.6,0.24,0.22,0.28
PENN,2019-11-08 19:00:00 EST,42.65578,-76.98746,822,23.2,25.1,18.6,72.1,15.5,0.000,0.024,0.00,0.000,3.1,3.4,0.2,247,4,3.4,4.0,0.2,247,5,3.4,4.0,0.2,247,5,0,29.42,-0.1,0,0,0,38.6,45.3,48.6,0.24,0.22,0.28
PENN,2019-11-08 19:05:00 EST,42.65578,-76.98746,822,20.7,24.8,20.7,82.6,16.3,0.000,0.024,0.00,0.000,2.9,3.3,0.2,238,6,3.0,3.7,0.3,237,6,3.0,3.7,0.3,237,6,0,29.42,0.2,0,0,0,38.5,45.3,48.5,0.24,0.22,0.28
PENN,2019-11-08 19:10:00 EST,42.65578,-76.98746,822,20.6,24.8,20.6,85.4,16.9,0.000,0.024,0.00,0.000,2.4,2.8,0.1,229,6,2.4,2.9,0.2,228,6,2.4,2.9,0.2,228,6,0,29.42,0.1,0,0,0,38.5,45.3,48.6,0.24,0.22,0.28
PENN,2019-11-08 19:15:00 EST,42.65578,-76.98746,822,20.5,24.8,20.5,83.4,16.3,0.000,0.024,0.00,0.000,2.5,2.9,0.2,217,4,2.3,2.7,0.2,218,2,2.3,2.7,0.2,218,2,0,29.42,0.1,0,0,0,38.5,45.3,48.5,0.24,0.22,0.28
PENN,2019-11-08 19:20:00 EST,42.65578,-76.98746,822,21.0,24.8,21.0,80.7,16.0,0.000,0.024,0.00,0.000,2.3,3.2,0.4,222,5,2.1,3.0,0.3,223,5,2.1,3.0,0.3,223,5,0,29.42,0.3,0,0,0,38.5,45.3,48.5,0.24,0.22,0.28
PENN,2019-11-08 19:25:00 EST,42.65578,-76.98746,822,21.3,25.2,21.3,76.4,15.1,0.000,0.024,0.00,0.000,1.9,2.3,0.3,242,5,2.0,2.8,0.3,242,7,2.0,2.8,0.3,242,7,0,29.42,0.1,0,0,0,38.5,45.3,48.5,0.24,0.22,0.28
PENN,2019-11-08 19:30:00 EST,42.65578,-76.98746,822,20.7,25.1,20.7,79.6,15.3,0.000,0.024,0.00,0.000,2.2,2.6,0.2,246,8,2.4,3.0,0.3,245,9,2.4,3.0,0.3,245,9,0,29.42,0.2,0,0,0,38.4,45.3,48.4,0.24,0.22,0.28
PENN,2019-11-08 19:35:00 EST,42.65578,-76.98746,822,20.7,25.0,20.7,81.2,15.9,0.000,0.024,0.00,0.000,2.5,3.1,0.3,247,10,2.7,3.6,0.4,246,11,2.7,3.6,0.4,246,11,0,29.43,0.1,0,0,0,38.4,45.2,48.4,0.24,0.22,0.28
PENN,2019-11-08 19:40:00 EST,42.65578,-76.98746,822,19.9,24.6,19.9,83.6,15.8,0.000,0.024,0.00,0.000,3.0,4.4,0.4,227,10,2.9,5.0,0.5,227,10,2.9,5.0,0.5,227,10,0,29.43,0.2,0,0,0,38.5,45.2,48.4,0.24,0.22,0.28
PENN,2019-11-08 19:45:00 EST,42.65578,-76.98746,822,20.0,24.6,15.5,85.1,16.2,0.000,0.024,0.00,0.000,3.2,3.8,0.2,226,7,3.1,4.1,0.3,225,6,3.1,4.1,0.3,225,6,0,29.43,0.2,0,0,0,38.4,45.2,48.4,0.24,0.22,0.28
PENN,2019-11-08 19:50:00 EST,42.65578,-76.98746,822,20.4,25.0,20.4,83.5,16.2,0.000,0.024,0.00,0.000,2.8,3.1,0.2,233,6,2.8,3.6,0.3,233,7,2.8,3.6,0.3,233,7,0,29.43,0.2,0,0,0,38.4,45.2,48.4,0.24,0.22,0.28
PENN,2019-11-08 19:55:00 EST,42.65578,-76.98746,822,21.3,25.2,15.5,80.7,16.3,0.000,0.024,0.00,0.000,3.9,6.3,0.8,244,10,4.2,7.3,1.0,246,11,4.2,7.3,1.0,246,11,0,29.43,0.1,0,0,0,38.4,45.2,48.4,0.24,0.22,0.28
PENN,2019-11-08 20:00:00 EST,42.65578,-76.98746,822,20.2,25.1,14.3,82.3,15.7,0.000,0.024,0.00,0.000,3.8,4.3,0.2,242,5,4.1,5.0,0.3,243,5,4.1,5.0,0.3,243,5,0,29.43,0.2,0,0,0,38.3,45.2,48.4,0.24,0.22,0.28
PENN,2019-11-08 20:05:00 EST,42.65578,-76.98746,822,21.0,25.2,14.7,84.5,17.0,0.000,0.024,0.00,0.000,4.1,5.2,0.4,253,5,4.5,5.8,0.4,256,5,4.5,5.8,0.4,256,5,0,29.43,0.1,0,0,0,38.4,45.1,48.4,0.24,0.22,0.28
PENN,2019-11-08 20:10:00 EST,42.65578,-76.98746,822,22.1,25.2,15.0,77.7,16.2,0.000,0.024,0.00,0.000,5.0,5.6,0.3,254,4,5.4,6.1,0.3,257,4,5.4,6.1,0.3,257,4,0,29.43,0.1,0,0,0,38.4,45.1,48.4,0.24,0.22,0.28
PENN,2019-11-08 20:15:00 EST,42.65578,-76.98746,822,22.6,25.4,15.5,72.4,15.1,0.000,0.024,0.00,0.000,5.2,5.8,0.3,256,4,5.5,6.2,0.4,259,4,5.5,6.2,0.4,259,4,0,29.43,0.1,0,0,0,38.3,45.1,48.4,0.24,0.22,0.28
PENN,2019-11-08 20:20:00 EST,42.65578,-76.98746,822,23.0,25.3,16.0,71.2,15.1,0.000,0.024,0.00,0.000,5.1,5.8,0.4,265,6,5.5,6.1,0.5,268,5,5.5,6.1,0.5,268,5,0,29.43,0.2,0,0,0,38.3,45.1,48.4,0.24,0.22,0.28
PENN,2019-11-08 20:25:00 EST,42.65578,-76.98746,822,23.0,25.1,15.7,70.6,14.9,0.000,0.024,0.00,0.000,5.4,6.4,0.5,255,4,5.8,6.9,0.5,258,4,5.8,6.9,0.5,258,4,0,29.43,0.3,0,0,0,38.2,45.1,48.4,0.24,0.22,0.28
PENN,2019-11-08 20:30:00 EST,42.65578,-76.98746,822,23.6,25.3,17.3,68.5,14.8,0.000,0.024,0.00,0.000,4.6,5.3,0.4,253,6,4.9,6.3,0.5,256,6,4.9,6.3,0.5,256,6,0,29.43,0.2,0,0,0,38.3,45.1,48.4,0.24,0.22,0.28
PENN,2019-11-08 20:35:00 EST,42.65578,-76.98746,822,23.2,25.3,15.8,68.8,14.5,0.000,0.024,0.00,0.000,5.6,6.6,0.3,248,3,6.0,7.2,0.4,251,3,6.0,7.2,0.4,251,3,0,29.43,0.2,0,0,0,38.3,45.1,48.4,0.24,0.22,0.28
PENN,2019-11-08 20:40:00 EST,42.65578,-76.98746,822,23.5,25.4,16.3,68.0,14.5,0.000,0.024,0.00,0.000,5.6,7.3,0.5,239,11,5.8,7.8,0.6,241,12,5.8,7.8,0.6,241,12,0,29.43,0.1,0,0,0,38.3,45.1,48.4,0.24,0.22,0.28
PENN,2019-11-08 20:45:00 EST,42.65578,-76.98746,822,23.0,25.1,15.7,71.2,15.1,0.000,0.024,0.00,0.000,5.7,6.4,0.4,233,5,5.8,6.7,0.4,234,5,5.8,6.7,0.4,234,5,0,29.43,0.1,0,0,0,38.3,45.1,48.4,0.24,0.22,0.28
PENN,2019-11-08 20:50:00 EST,42.65578,-76.98746,822,21.9,25.0,15.0,75.0,15.2,0.000,0.024,0.00,0.000,5.0,6.6,0.6,241,6,5.3,6.9,0.7,244,6,5.3,6.9,0.7,244,6,0,29.43,0.1,0,0,0,38.2,45.1,48.4,0.25,0.22,0.28
PENN,2019-11-08 20:55:00 EST,42.65578,-76.98746,822,21.9,25.1,15.5,76.5,15.7,0.000,0.024,0.00,0.000,4.6,5.5,0.5,239,6,4.8,5.8,0.5,241,6,4.8,5.8,0.5,241,6,0,29.43,0.4,0,0,0,38.2,45.1,48.4,0.24,0.22,0.28
PENN,2019-11-08 21:00:00 EST,42.65578,-76.98746,822,23.1,25.1,16.6,75.4,16.4,0.000,0.024,0.00,0.000,4.7,5.3,0.3,245,6,5.0,5.8,0.3,247,6,5.0,5.8,0.3,247,6,0,29.43,0.2,0,0,0,38.2,45.1,48.4,0.24,0.22,0.28
PENN,2019-11-08 21:05:00 EST,42.65578,-76.98746,822,22.2,25.0,15.7,75.4,15.6,0.000,0.024,0.00,0.000,4.7,6.1,0.5,234,4,4.9,6.6,0.5,235,5,4.9,6.6,0.5,235,5,0,29.43,0.2,0,0,0,38.2,45.1,48.4,0.24,0.22,0.28
PENN,2019-11-08 21:10:00 EST,42.65578,-76.98746,822,21.0,24.7,14.8,77.3,15.0,0.000,0.024,0.00,0.000,4.4,5.0,0.3,227,3,4.4,5.3,0.5,227,3,4.4,5.3,0.5,227,3,0,29.43,0.2,0,0,0,38.2,45.1,48.4,0.24,0.22,0.28
PENN,2019-11-08 21:15:00 EST,42.65578,-76.98746,822,20.2,24.8,13.3,80.4,15.1,0.000,0.024,0.00,0.000,4.8,5.3,0.2,228,4,4.9,5.4,0.2,229,4,4.9,5.4,0.2,229,4,0,29.43,0.2,0,0,0,38.1,45.1,48.4,0.24,0.22,0.28
PENN,2019-11-08 21:20:00 EST,42.65578,-76.98746,822,19.8,24.3,13.1,81.5,15.0,0.000,0.024,0.00,0.000,4.6,5.0,0.2,214,4,4.7,5.1,0.2,217,4,4.7,5.1,0.2,217,4,0,29.43,0.1,0,0,0,38.1,45.1,48.4,0.24,0.22,0.28
PENN,2019-11-08 21:25:00 EST,42.65578,-76.98746,822,19.4,23.0,12.4,84.7,15.6,0.000,0.024,0.00,0.000,4.5,5.0,0.2,191,10,4.9,5.6,0.3,193,11,4.9,5.6,0.3,193,11,0,29.43,0.1,0,0,0,38.1,45.1,48.4,0.24,0.22,0.28
PENN,2019-11-08 21:30:00 EST,42.65578,-76.98746,822,18.7,22.1,11.4,85.8,15.2,0.000,0.024,0.00,0.000,4.6,5.0,0.2,179,3,5.0,5.6,0.2,180,3,5.0,5.6,0.2,180,3,0,29.43,0.2,0,0,0,38.0,45.1,48.4,0.24,0.22,0.28
PENN,2019-11-08 21:35:00 EST,42.65578,-76.98746,822,18.6,22.7,11.1,86.7,15.2,0.000,0.024,0.00,0.000,4.6,5.2,0.2,178,3,5.1,5.8,0.3,180,3,5.1,5.8,0.3,180,3,0,29.43,0.3,0,0,0,38.1,45.1,48.4,0.24,0.22,0.28
PENN,2019-11-08 21:40:00 EST,42.65578,-76.98746,822,18.6,22.3,10.1,87.4,15.5,0.000,0.024,0.00,0.000,5.6,6.4,0.4,177,2,6.1,6.8,0.4,179,2,6.1,6.8,0.4,179,2,0,29.43,0.3,0,0,0,38.0,45.1,48.4,0.24,0.22,0.28
PENN,2019-11-08 21:45:00 EST,42.65578,-76.98746,822,19.1,21.9,9.9,88.0,16.2,0.000,0.024,0.00,0.000,6.6,7.1,0.4,182,3,7.1,7.8,0.5,184,3,7.1,7.8,0.5,184,3,0,29.42,0.3,0,0,0,38.0,45.1,48.4,0.24,0.22,0.28
PENN,2019-11-08 21:50:00 EST,42.65578,-76.98746,822,19.5,22.2,10.5,86.0,16.0,0.000,0.024,0.00,0.000,6.4,7.5,0.5,183,3,6.9,8.1,0.6,186,4,6.9,8.1,0.6,186,4,0,29.42,0.1,0,0,0,38.0,45.0,48.4,0.24,0.22,0.28
PENN,2019-11-08 21:55:00 EST,42.65578,-76.98746,822,19.4,22.1,10.7,82.3,14.9,0.000,0.024,0.00,0.000,6.1,6.9,0.4,182,2,6.6,7.7,0.5,185,3,6.6,7.7,0.5,185,3,0,29.42,0.3,0,0,0,38.0,45.0,48.4,0.24,0.22,0.28
PENN,2019-11-08 22:00:00 EST,42.65578,-76.98746,822,19.7,22.4,10.9,82.4,15.3,0.000,0.024,0.00,0.000,6.2,7.2,0.4,182,2,6.8,7.6,0.4,185,2,6.8,7.6,0.4,185,2,0,29.42,0.3,0,0,0,38.0,45.0,48.4,0.24,0.22,0.28
PENN,2019-11-08 22:05:00 EST,42.65578,-76.98746,822,19.1,22.6,10.1,82.5,14.7,0.000,0.024,0.00,0.000,6.4,7.1,0.4,184,3,6.9,7.8,0.4,188,3,6.9,7.8,0.4,188,3,0,29.42,0.2,0,0,0,38.0,45.0,48.4,0.24,0.22,0.28
PENN,2019-11-08 22:10:00 EST,42.65578,-76.98746,822,19.3,23.2,10.1,82.6,14.9,0.000,0.024,0.00,0.000,6.6,7.5,0.3,183,3,7.1,8.4,0.4,186,3,7.1,8.4,0.4,186,3,0,29.42,0.3,0,0,0,38.0,45.0,48.4,0.24,0.22,0.28
PENN,2019-11-08 22:15:00 EST,42.65578,-76.98746,822,19.2,22.6,10.5,82.3,14.7,0.000,0.024,0.00,0.000,6.1,6.9,0.4,188,3,6.6,7.7,0.4,191,3,6.6,7.7,0.4,191,3,0,29.42,0.2,0,0,0,38.0,45.0,48.4,0.24,0.22,0.28
PENN,2019-11-08 22:20:00 EST,42.65578,-76.98746,822,19.1,22.4,10.6,82.3,14.6,0.000,0.024,0.00,0.000,5.9,6.9,0.5,188,6,6.3,7.8,0.6,191,6,6.3,7.8,0.6,191,6,0,29.42,0.3,0,0,0,38.0,45.0,48.4,0.24,0.22,0.28
PENN,2019-11-08 22:25:00 EST,42.65578,-76.98746,822,19.6,22.2,10.9,81.6,14.9,0.000,0.024,0.00,0.000,6.1,7.1,0.4,181,3,6.6,8.3,0.5,183,4,6.6,8.3,0.5,183,4,0,29.42,0.3,0,0,0,37.9,45.0,48.4,0.24,0.22,0.28
PENN,2019-11-08 22:30:00 EST,42.65578,-76.98746,822,19.5,21.7,11.1,82.9,15.2,0.000,0.024,0.00,0.000,5.8,6.6,0.4,180,2,6.3,7.4,0.5,181,3,6.3,7.4,0.5,181,3,0,29.41,0.3,0,0,0,38.0,45.0,48.4,0.24,0.22,0.28
PENN,2019-11-08 22:35:00 EST,42.65578,-76.98746,822,19.5,21.6,11.6,83.5,15.4,0.000,0.024,0.00,0.000,5.3,6.4,0.6,183,3,5.7,7.5,0.6,185,4,5.7,7.5,0.6,185,4,0,29.41,0.3,0,0,0,38.0,45.0,48.4,0.24,0.22,0.28
PENN,2019-11-08 22:40:00 EST,42.65578,-76.98746,822,19.4,21.8,11.2,83.4,15.2,0.000,0.024,0.00,0.000,5.6,6.6,0.4,185,3,6.0,7.3,0.5,187,4,6.0,7.3,0.5,187,4,0,29.41,0.3,0,0,0,37.9,45.0,48.4,0.24,0.22,0.28
PENN,2019-11-08 22:45:00 EST,42.65578,-76.98746,822,19.1,21.9,10.3,81.8,14.5,0.000,0.024,0.00,0.000,6.2,6.9,0.2,185,2,6.7,7.5,0.3,189,3,6.7,7.5,0.3,189,3,0,29.41,0.3,0,0,0,37.9,45.0,48.4,0.24,0.22,0.28
PENN,2019-11-08 22:50:00 EST,42.65578,-76.98746,822,18.7,21.8,9.9,82.8,14.4,0.000,0.024,0.00,0.000,6.1,6.8,0.3,186,3,6.5,7.4,0.4,189,3,6.5,7.4,0.4,189,3,0,29.41,0.3,0,0,0,37.9,45.0,48.4,0.24,0.22,0.28
PENN,2019-11-08 22:55:00 EST,42.65578,-76.98746,822,18.6,22.0,9.7,83.6,14.5,0.000,0.024,0.00,0.000,6.1,7.2,0.4,185,2,6.5,7.9,0.4,188,2,6.5,7.9,0.4,188,2,0,29.41,0.3,0,0,0,37.9,45.0,48.3,0.24,0.22,0.28
PENN,2019-11-08 23:00:00 EST,42.65578,-76.98746,822,18.8,22.2,9.9,83.5,14.7,0.000,0.024,0.00,0.000,6.1,7.1,0.4,184,2,6.7,7.8,0.4,188,2,6.7,7.8,0.4,188,2,0,29.41,0.3,0,0,0,37.9,45.0,48.2,0.24,0.22,0.28
PENN,2019-11-08 23:05:00 EST,42.65578,-76.98746,822,19.2,22.0,10.0,82.9,14.9,0.000,0.024,0.00,0.000,6.6,7.1,0.2,182,2,7.2,7.9,0.3,184,3,7.2,7.9,0.3,184,3,0,29.41,0.3,0,0,0,37.8,45.0,48.2,0.24,0.22,0.28
PENN,2019-11-08 23:10:00 EST,42.65578,-76.98746,822,19.5,22.0,10.1,83.8,15.4,0.000,0.024,0.00,0.000,6.8,7.7,0.4,180,2,7.4,8.4,0.5,183,3,7.4,8.4,0.5,183,3,0,29.41,0.4,0,0,0,37.8,45.0,48.2,0.24,0.22,0.28
PENN,2019-11-08 23:15:00 EST,42.65578,-76.98746,822,19.4,21.8,9.9,83.5,15.2,0.000,0.024,0.00,0.000,6.9,8.1,0.5,182,3,7.5,9.2,0.6,184,3,7.5,9.2,0.6,184,3,0,29.41,0.3,0,0,0,37.8,45.0,48.2,0.24,0.22,0.28
PENN,2019-11-08 23:20:00 EST,42.65578,-76.98746,822,19.4,21.5,10.2,83.4,15.1,0.000,0.024,0.00,0.000,6.5,8.0,0.8,180,5,7.1,8.8,0.9,182,5,7.1,8.8,0.9,182,5,0,29.41,0.3,0,0,0,37.8,45.0,48.2,0.24,0.22,0.28
PENN,2019-11-08 23:25:00 EST,42.65578,-76.98746,822,19.7,21.4,9.3,84.2,15.7,0.000,0.024,0.00,0.000,8.1,10.3,1.0,182,5,8.8,12.3,1.3,184,5,8.8,12.3,1.3,184,5,0,29.41,0.4,0,0,0,37.8,45.0,48.2,0.24,0.22,0.28
PENN,2019-11-08 23:30:00 EST,42.65578,-76.98746,822,20.0,21.2,9.8,83.1,15.7,0.000,0.024,0.00,0.000,8.1,9.7,0.6,181,4,8.6,10.4,0.7,184,4,8.6,10.4,0.7,184,4,0,29.41,0.3,0,0,0,37.8,45.0,48.2,0.24,0.22,0.28
PENN,2019-11-08 23:35:00 EST,42.65578,-76.98746,822,19.7,20.9,10.4,82.9,15.4,0.000,0.024,0.00,0.000,6.9,8.3,0.6,184,4,7.4,9.1,0.7,186,4,7.4,9.1,0.7,186,4,0,29.41,0.3,0,0,0,37.8,45.0,48.2,0.24,0.22,0.28
PENN,2019-11-08 23:40:00 EST,42.65578,-76.98746,822,19.5,20.9,10.9,83.8,15.4,0.000,0.024,0.00,0.000,6.1,6.7,0.4,181,3,6.5,7.6,0.4,183,3,6.5,7.6,0.4,183,3,0,29.41,0.3,0,0,0,37.8,45.0,48.2,0.24,0.22,0.28
PENN,2019-11-08 23:45:00 EST,42.65578,-76.98746,822,19.4,21.1,10.4,84.7,15.5,0.000,0.024,0.00,0.000,6.4,7.3,0.4,178,3,6.9,7.8,0.5,181,3,6.9,7.8,0.5,181,3,0,29.40,0.3,0,0,0,37.8,44.9,48.2,0.24,0.22,0.28
PENN,2019-11-08 23:50:00 EST,42.65578,-76.98746,822,19.3,21.0,9.9,85.1,15.6,0.000,0.024,0.00,0.000,7.0,8.4,0.5,173,4,7.4,9.3,0.7,176,3,7.4,9.3,0.7,176,3,0,29.40,0.4,0,0,0,37.7,44.9,48.2,0.24,0.22,0.28
PENN,2019-11-08 23:55:00 EST,42.65578,-76.98746,822,19.1,20.9,9.4,84.4,15.1,0.000,0.024,0.00,0.000,7.1,8.2,0.4,172,4,7.6,8.8,0.4,174,3,7.6,8.8,0.4,174,3,0,29.40,0.3,0,0,0,37.7,44.8,48.2,0.25,0.22,0.28
PHIL,2019-11-08 00:00:00 EST,44.19354,-75.71591,430,22.1,23.9,16.4,90.6,19.7,0.000,0.254,0.00,0.000,3.5,5.3,0.7,357,11,4.1,6.2,0.8,358,9,4.1,6.2,0.8,358,9,0,29.66,0.2,0,0,0,41.4,46.0,48.6,0.45,0.51,0.54
PHIL,2019-11-08 00:05:00 EST,44.19354,-75.71591,430,22.5,24.1,18.1,87.2,19.2,0.000,0.000,0.00,0.000,2.9,4.5,0.6,11,10,3.3,5.1,0.7,10,10,3.3,5.1,0.7,10,10,0,29.65,0.3,0,0,0,41.4,46.0,48.6,0.45,0.51,0.54
PHIL,2019-11-08 00:10:00 EST,44.19354,-75.71591,430,21.6,24.0,21.6,85.8,18.0,0.000,0.000,0.00,0.000,2.5,4.1,0.5,18,11,2.6,4.7,0.7,17,11,2.6,4.7,0.7,17,11,0,29.65,0.3,0,0,0,41.4,46.0,48.6,0.45,0.51,0.54
PHIL,2019-11-08 00:15:00 EST,44.19354,-75.71591,430,21.1,23.8,21.1,88.3,18.2,0.000,0.000,0.00,0.000,1.3,2.2,0.6,25,5,1.4,2.7,0.5,26,9,1.4,2.7,0.5,26,9,0,29.65,0.2,0,0,0,41.4,46.0,48.6,0.45,0.51,0.54
PHIL,2019-11-08 00:20:00 EST,44.19354,-75.71591,430,21.1,22.7,21.1,91.5,19.0,0.000,0.000,0.00,0.000,0.2,1.0,0.3,344,19,0.5,1.6,0.5,340,25,0.5,1.6,0.5,340,25,0,29.65,0.2,0,0,0,41.4,46.0,48.6,0.45,0.51,0.54
PHIL,2019-11-08 00:25:00 EST,44.19354,-75.71591,430,21.3,22.8,21.3,92.7,19.5,0.000,0.000,0.00,0.000,0.6,1.2,0.3,310,12,0.9,1.7,0.4,305,16,0.9,1.7,0.4,305,16,0,29.65,0.2,0,0,0,41.4,46.0,48.6,0.45,0.51,0.54
PHIL,2019-11-08 00:30:00 EST,44.19354,-75.71591,430,20.9,22.4,20.9,94.1,19.5,0.000,0.000,0.00,0.000,0.3,1.1,0.2,304,14,0.8,1.6,0.4,313,24,0.8,1.6,0.4,313,24,0,29.65,0.2,0,0,0,41.4,45.9,48.6,0.45,0.51,0.54
PHIL,2019-11-08 00:35:00 EST,44.19354,-75.71591,430,20.9,22.8,20.9,93.5,19.3,0.000,0.000,0.00,0.000,2.0,4.3,0.9,353,20,2.4,4.9,1.1,356,17,2.4,4.9,1.1,356,17,0,29.65,0.3,0,0,0,41.4,46.0,48.6,0.45,0.51,0.54
PHIL,2019-11-08 00:40:00 EST,44.19354,-75.71591,430,20.9,22.6,20.9,91.0,18.7,0.000,0.000,0.00,0.000,0.7,2.0,0.6,320,12,1.1,2.5,0.7,311,21,1.1,2.5,0.7,311,21,0,29.65,0.2,0,0,0,41.4,46.0,48.6,0.45,0.51,0.54
PHIL,2019-11-08 00:45:00 EST,44.19354,-75.71591,430,20.5,22.6,20.5,93.7,19.0,0.000,0.000,0.00,0.000,0.4,1.5,0.4,292,14,0.7,1.8,0.5,285,25,0.7,1.8,0.5,285,25,0,29.66,0.3,0,0,0,41.4,46.0,48.6,0.45,0.51,0.54
PHIL,2019-11-08 00:50:00 EST,44.19354,-75.71591,430,20.4,22.3,20.4,92.2,18.5,0.000,0.000,0.00,0.000,0.5,1.0,0.3,244,1,0.9,1.3,0.3,236,13,0.9,1.3,0.3,236,13,0,29.66,0.2,0,0,0,41.4,46.0,48.6,0.45,0.51,0.54
PHIL,2019-11-08 00:55:00 EST,44.19354,-75.71591,430,19.8,22.6,19.8,91.7,17.8,0.000,0.000,0.00,0.000,0.2,1.0,0.3,8,4,0.4,1.8,0.5,9,29,0.4,1.8,0.5,9,29,0,29.66,0.3,0,0,0,41.3,46.0,48.5,0.45,0.51,0.54
PHIL,2019-11-08 01:00:00 EST,44.19354,-75.71591,430,19.7,22.9,19.7,92.9,18.0,0.000,0.000,0.00,0.000,1.4,3.6,1.0,8,11,1.9,4.3,1.1,6,14,1.9,4.3,1.1,6,14,0,29.65,0.3,0,0,0,41.4,46.0,48.6,0.45,0.51,0.54
PHIL,2019-11-08 01:05:00 EST,44.19354,-75.71591,430,20.7,23.0,16.3,91.1,18.5,0.000,0.000,0.00,0.000,2.4,4.8,0.8,1,15,3.1,5.6,0.8,1,9,3.1,5.6,0.8,1,9,0,29.65,0.1,0,0,0,41.4,45.9,48.6,0.45,0.51,0.54
PHIL,2019-11-08 01:10:00 EST,44.19354,-75.71591,430,20.0,22.4,20.0,91.0,17.8,0.000,0.000,0.00,0.000,1.7,3.0,0.5,338,14,2.0,3.7,0.6,339,15,2.0,3.7,0.6,339,15,0,29.65,0.2,0,0,0,41.3,46.0,48.6,0.45,0.51,0.54
PHIL,2019-11-08 01:15:00 EST,44.19354,-75.71591,430,20.2,22.3,20.2,93.6,18.6,0.000,0.000,0.00,0.000,1.5,3.5,0.5,326,11,1.8,3.8,0.6,326,13,1.8,3.8,0.6,326,13,0,29.66,0.1,0,0,0,41.2,45.9,48.6,0.45,0.52,0.54
PHIL,2019-11-08 01:20:00 EST,44.19354,-75.71591,430,20.1,22.5,20.1,94.3,18.7,0.000,0.000,0.00,0.000,1.6,2.2,0.2,337,6,2.0,2.8,0.3,337,7,2.0,2.8,0.3,337,7,0,29.66,0.2,0,0,0,41.2,45.9,48.6,0.45,0.52,0.54
PHIL,2019-11-08 01:25:00 EST,44.19354,-75.71591,430,20.2,22.6,20.2,94.6,18.9,0.000,0.000,0.00,0.000,1.8,2.6,0.3,326,11,2.1,3.5,0.5,326,11,2.1,3.5,0.5,326,11,0,29.66,0.1,0,0,0,41.2,45.9,48.6,0.45,0.51,0.54
PHIL,2019-11-08 01:30:00 EST,44.19354,-75.71591,430,20.3,22.4,20.3,95.0,19.1,0.000,0.000,0.00,0.000,2.0,2.6,0.2,323,6,2.1,3.1,0.3,322,5,2.1,3.1,0.3,322,5,0,29.66,0.0,0,0,0,41.2,46.0,48.6,0.45,0.51,0.54
PHIL,2019-11-08 01:35:00 EST,44.19354,-75.71591,430,20.2,22.3,20.2,94.6,18.9,0.000,0.000,0.00,0.000,1.7,2.3,0.3,320,7,1.8,2.9,0.4,321,9,1.8,2.9,0.4,321,9,0,29.66,0.1,0,0,0,41.2,45.9,48.6,0.45,0.51,0.54
PHIL,2019-11-08 01:40:00 EST,44.19354,-75.71591,430,20.8,22.3,20.8,94.4,19.4,0.000,0.000,0.00,0.000,1.8,3.0,0.4,328,11,2.0,3.1,0.4,329,13,2.0,3.1,0.4,329,13,0,29.66,0.1,0,0,0,41.2,46.0,48.6,0.45,0.51,0.54
PHIL,2019-11-08 01:45:00 EST,44.19354,-75.71591,430,21.4,22.2,21.4,91.9,19.4,0.000,0.000,0.00,0.000,1.9,3.1,0.5,318,12,2.0,3.4,0.5,318,11,2.0,3.4,0.5,318,11,0,29.66,-0.1,0,0,0,41.2,45.9,48.6,0.45,0.51,0.54
PHIL,2019-11-08 01:50:00 EST,44.19354,-75.71591,430,21.1,22.2,21.1,91.1,18.9,0.000,0.000,0.00,0.000,1.3,3.4,0.7,318,13,1.5,3.8,0.6,316,14,1.5,3.8,0.6,316,14,0,29.66,-0.0,0,0,0,41.2,45.8,48.6,0.45,0.51,0.54
PHIL,2019-11-08 01:55:00 EST,44.19354,-75.71591,430,21.2,22.2,21.2,88.8,18.4,0.000,0.000,0.00,0.000,2.5,6.6,1.2,332,12,2.7,5.8,1.2,332,13,2.7,5.8,1.2,332,13,0,29.66,0.1,0,0,0,41.2,45.9,48.6,0.45,0.51,0.54
PHIL,2019-11-08 02:00:00 EST,44.19354,-75.71591,430,21.2,22.2,16.2,85.9,17.6,0.000,0.000,0.00,0.000,3.2,4.7,0.6,327,10,3.5,5.6,0.7,328,10,3.5,5.6,0.7,328,10,0,29.66,0.1,0,0,0,41.2,45.9,48.6,0.45,0.51,0.54
PHIL,2019-11-08 02:05:00 EST,44.19354,-75.71591,430,21.4,22.3,16.5,83.8,17.2,0.000,0.000,0.00,0.000,3.2,4.2,0.5,320,9,3.5,4.9,0.6,321,8,3.5,4.9,0.6,321,8,0,29.66,0.1,0,0,0,41.2,45.9,48.6,0.45,0.51,0.54
PHIL,2019-11-08 02:10:00 EST,44.19354,-75.71591,430,21.3,22.2,21.3,83.1,16.9,0.000,0.000,0.00,0.000,2.5,4.7,0.7,327,13,2.9,4.9,0.7,327,11,2.9,4.9,0.7,327,11,0,29.66,0.1,0,0,0,41.2,45.9,48.6,0.45,0.51,0.54
PHIL,2019-11-08 02:15:00 EST,44.19354,-75.71591,430,21.2,22.2,16.7,83.5,17.0,0.000,0.000,0.00,0.000,3.0,4.7,0.6,322,8,3.2,5.0,0.7,321,8,3.2,5.0,0.7,321,8,0,29.66,0.1,0,0,0,41.2,45.9,48.6,0.45,0.51,0.54
PHIL,2019-11-08 02:20:00 EST,44.19354,-75.71591,430,21.2,22.1,21.2,83.7,17.1,0.000,0.000,0.00,0.000,2.3,3.7,0.5,321,7,2.4,3.7,0.5,320,6,2.4,3.7,0.5,320,6,0,29.66,0.2,0,0,0,41.2,45.9,48.6,0.45,0.51,0.54
PHIL,2019-11-08 02:25:00 EST,44.19354,-75.71591,430,21.1,22.0,21.1,84.5,17.2,0.000,0.000,0.00,0.000,2.3,3.4,0.4,322,10,2.4,4.0,0.5,321,9,2.4,4.0,0.5,321,9,0,29.66,0.1,0,0,0,41.1,45.8,48.6,0.45,0.51,0.54
PHIL,2019-11-08 02:30:00 EST,44.19354,-75.71591,430,21.1,21.8,21.1,84.7,17.2,0.000,0.000,0.00,0.000,2.2,3.7,0.6,314,10,2.3,4.3,0.6,314,9,2.3,4.3,0.6,314,9,0,29.66,0.1,0,0,0,41.0,45.9,48.6,0.45,0.51,0.54
PHIL,2019-11-08 02:35:00 EST,44.19354,-75.71591,430,20.9,21.7,20.9,85.1,17.1,0.000,0.000,0.00,0.000,2.0,2.9,0.3,313,7,2.2,3.3,0.5,314,7,2.2,3.3,0.5,314,7,0,29.66,0.1,0,0,0,41.0,45.9,48.6,0.45,0.51,0.54
PHIL,2019-11-08 02:40:00 EST,44.19354,-75.71591,430,20.9,21.6,20.9,85.4,17.2,0.000,0.000,0.00,0.000,2.0,3.1,0.4,325,9,2.3,3.9,0.5,325,9,2.3,3.9,0.5,325,9,0,29.66,0.1,0,0,0,41.0,45.8,48.6,0.45,0.52,0.54
PHIL,2019-11-08 02:45:00 EST,44.19354,-75.71591,430,20.7,21.6,20.7,85.3,17.0,0.000,0.000,0.00,0.000,2.2,3.4,0.4,336,10,2.6,4.0,0.5,335,11,2.6,4.0,0.5,335,11,0,29.66,0.1,0,0,0,41.0,45.9,48.6,0.45,0.51,0.54
PHIL,2019-11-08 02:50:00 EST,44.19354,-75.71591,430,20.7,21.5,20.7,85.0,16.9,0.000,0.000,0.00,0.000,2.1,2.7,0.3,336,6,2.5,3.6,0.4,335,9,2.5,3.6,0.4,335,9,0,29.66,0.1,0,0,0,41.0,45.9,48.6,0.45,0.51,0.54
PHIL,2019-11-08 02:55:00 EST,44.19354,-75.71591,430,20.4,21.5,20.4,85.3,16.7,0.000,0.000,0.00,0.000,2.2,3.5,0.5,325,10,2.4,4.2,0.5,324,10,2.4,4.2,0.5,324,10,0,29.66,0.1,0,0,0,41.0,45.9,48.6,0.45,0.51,0.54
PHIL,2019-11-08 03:00:00 EST,44.19354,-75.71591,430,20.3,21.4,20.3,85.8,16.7,0.000,0.000,0.00,0.000,2.6,3.8,0.6,316,8,2.6,3.9,0.6,317,8,2.6,3.9,0.6,317,8,0,29.66,0.1,0,0,0,41.0,45.9,48.6,0.45,0.51,0.54
PHIL,2019-11-08 03:05:00 EST,44.19354,-75.71591,430,20.1,21.2,20.1,86.4,16.7,0.000,0.000,0.00,0.000,2.2,4.2,0.5,318,9,2.3,4.6,0.6,317,8,2.3,4.6,0.6,317,8,0,29.66,-0.0,0,0,0,41.0,45.9,48.6,0.45,0.51,0.54
PHIL,2019-11-08 03:10:00 EST,44.19354,-75.71591,430,20.1,21.1,20.1,87.3,16.9,0.000,0.000,0.00,0.000,2.5,3.6,0.5,312,9,2.6,3.9,0.5,313,8,2.6,3.9,0.5,313,8,0,29.66,0.1,0,0,0,41.0,45.9,48.6,0.45,0.51,0.54
PHIL,2019-11-08 03:15:00 EST,44.19354,-75.71591,430,20.0,21.0,15.3,87.3,16.8,0.000,0.000,0.00,0.000,3.2,5.3,0.9,302,9,3.2,6.2,1.1,303,9,3.2,6.2,1.1,303,9,0,29.66,0.1,0,0,0,41.0,45.9,48.6,0.45,0.51,0.54
PHIL,2019-11-08 03:20:00 EST,44.19354,-75.71591,430,20.1,20.9,14.8,87.4,17.0,0.000,0.000,0.00,0.000,3.4,6.4,1.1,306,12,3.7,6.6,1.2,309,10,3.7,6.6,1.2,309,10,0,29.66,0.2,0,0,0,41.0,45.9,48.6,0.45,0.51,0.54
PHIL,2019-11-08 03:25:00 EST,44.19354,-75.71591,430,20.3,20.9,13.6,86.6,16.9,0.000,0.000,0.00,0.000,4.5,6.5,0.8,303,10,4.7,7.3,0.8,306,9,4.7,7.3,0.8,306,9,0,29.66,0.1,0,0,0,41.0,45.9,48.6,0.45,0.51,0.54
PHIL,2019-11-08 03:30:00 EST,44.19354,-75.71591,430,20.3,20.8,14.8,86.1,16.8,0.000,0.000,0.00,0.000,3.6,5.3,0.9,303,12,3.8,5.8,1.0,304,12,3.8,5.8,1.0,304,12,0,29.66,0.1,0,0,0,41.0,45.9,48.6,0.45,0.51,0.54
PHIL,2019-11-08 03:35:00 EST,44.19354,-75.71591,430,20.3,20.7,15.0,86.2,16.8,0.000,0.000,0.00,0.000,3.5,6.2,0.8,301,12,3.7,6.0,0.9,302,12,3.7,6.0,0.9,302,12,0,29.66,0.2,0,0,0,41.0,45.9,48.6,0.45,0.51,0.54
PHIL,2019-11-08 03:40:00 EST,44.19354,-75.71591,430,20.2,20.7,14.5,86.3,16.8,0.000,0.000,0.00,0.000,3.7,5.7,0.9,297,11,3.9,6.2,1.0,299,11,3.9,6.2,1.0,299,11,0,29.66,0.1,0,0,0,41.0,45.9,48.6,0.45,0.51,0.54
PHIL,2019-11-08 03:45:00 EST,44.19354,-75.71591,430,20.1,20.6,14.8,86.4,16.7,0.000,0.000,0.00,0.000,3.5,5.9,1.1,302,11,3.6,6.4,1.1,303,11,3.6,6.4,1.1,303,11,0,29.66,0.3,0,0,0,40.9,45.9,48.6,0.45,0.51,0.54
PHIL,2019-11-08 03:50:00 EST,44.19354,-75.71591,430,20.0,20.4,14.6,86.2,16.5,0.000,0.000,0.00,0.000,3.6,6.2,0.9,308,11,3.7,6.6,1.1,310,11,3.7,6.6,1.1,310,11,0,29.66,0.1,0,0,0,40.9,45.9,48.6,0.45,0.51,0.54
PHIL,2019-11-08 03:55:00 EST,44.19354,-75.71591,430,20.2,20.6,13.3,86.2,16.7,0.000,0.000,0.00,0.000,4.7,7.8,1.0,301,11,4.9,7.9,1.0,303,11,4.9,7.9,1.0,303,11,0,29.66,0.1,0,0,0,40.9,45.9,48.6,0.44,0.51,0.54
PHIL,2019-11-08 04:00:00 EST,44.19354,-75.71591,430,20.2,20.6,13.8,85.6,16.6,0.000,0.000,0.00,0.000,4.2,6.7,1.0,300,12,4.5,7.6,1.2,301,12,4.5,7.6,1.2,301,12,0,29.66,0.3,0,0,0,40.8,45.9,48.6,0.44,0.51,0.54
PHIL,2019-11-08 04:05:00 EST,44.19354,-75.71591,430,20.1,20.5,14.0,85.9,16.5,0.000,0.000,0.00,0.000,4.0,6.9,1.3,299,14,4.3,7.0,1.3,301,13,4.3,7.0,1.3,301,13,0,29.66,0.1,0,0,0,40.9,45.9,48.6,0.44,0.51,0.54
PHIL,2019-11-08 04:10:00 EST,44.19354,-75.71591,430,20.2,20.5,14.7,86.9,16.9,0.000,0.000,0.00,0.000,3.4,5.1,0.9,299,16,3.8,6.5,0.9,302,15,3.8,6.5,0.9,302,15,0,29.67,0.1,0,0,0,40.8,45.8,48.6,0.44,0.51,0.54
PHIL,2019-11-08 04:15:00 EST,44.19354,-75.71591,430,20.2,20.5,15.2,86.9,16.9,0.000,0.000,0.00,0.000,3.2,4.8,0.6,289,13,3.5,5.9,0.8,289,12,3.5,5.9,0.8,289,12,0,29.67,0.2,0,0,0,40.7,45.9,48.6,0.44,0.51,0.54
PHIL,2019-11-08 04:20:00 EST,44.19354,-75.71591,430,20.4,20.6,15.5,87.2,17.2,0.000,0.000,0.00,0.000,3.1,5.1,0.9,289,16,3.4,6.1,1.0,289,14,3.4,6.1,1.0,289,14,0,29.67,0.2,0,0,0,40.6,45.8,48.6,0.44,0.51,0.54
PHIL,2019-11-08 04:25:00 EST,44.19354,-75.71591,430,20.5,20.6,15.9,87.2,17.3,0.000,0.000,0.00,0.000,2.9,4.5,0.6,276,15,3.2,5.4,0.7,278,14,3.2,5.4,0.7,278,14,0,29.67,0.2,0,0,0,40.6,45.9,48.6,0.44,0.51,0.54
PHIL,2019-11-08 04:30:00 EST,44.19354,-75.71591,430,20.5,20.7,15.5,87.6,17.5,0.000,0.000,0.00,0.000,3.1,4.8,0.9,278,14,3.5,5.7,1.0,279,11,3.5,5.7,1.0,279,11,0,29.67,0.2,0,0,0,40.6,45.8,48.6,0.44,0.51,0.54
PHIL,2019-11-08 04:35:00 EST,44.19354,-75.71591,430,20.6,20.7,15.0,88.0,17.6,0.000,0.000,0.00,0.000,3.5,5.7,1.0,280,13,3.9,6.4,1.1,281,11,3.9,6.4,1.1,281,11,0,29.67,0.2,0,0,0,40.6,45.8,48.6,0.44,0.52,0.54
PHIL,2019-11-08 04:40:00 EST,44.19354,-75.71591,430,20.7,20.8,14.7,88.3,17.8,0.000,0.000,0.00,0.000,3.8,5.6,1.0,275,13,4.2,6.5,1.1,276,12,4.2,6.5,1.1,276,12,0,29.67,0.2,0,0,0,40.6,45.9,48.6,0.44,0.51,0.54
PHIL,2019-11-08 04:45:00 EST,44.19354,-75.71591,430,20.8,20.9,16.5,88.7,18.0,0.000,0.000,0.00,0.000,2.8,5.3,0.9,284,18,3.1,5.9,1.1,285,15,3.1,5.9,1.1,285,15,0,29.67,0.3,0,0,0,40.6,45.9,48.6,0.44,0.51,0.54
PHIL,2019-11-08 04:50:00 EST,44.19354,-75.71591,430,20.9,21.0,16.3,89.2,18.2,0.000,0.000,0.00,0.000,2.7,6.6,1.1,274,18,3.3,7.7,1.2,275,18,3.3,7.7,1.2,275,18,0,29.67,0.3,0,0,0,40.6,45.9,48.6,0.44,0.51,0.54
PHIL,2019-11-08 04:55:00 EST,44.19354,-75.71591,430,21.0,21.2,15.5,89.5,18.4,0.000,0.000,0.00,0.000,3.4,7.2,1.5,283,18,3.9,9.0,1.7,282,19,3.9,9.0,1.7,282,19,0,29.67,0.5,0,0,0,40.6,45.8,48.6,0.44,0.51,0.54
PHIL,2019-11-08 05:00:00 EST,44.19354,-75.71591,430,21.3,21.4,15.1,89.9,18.8,0.000,0.000,0.00,0.000,4.0,8.5,1.7,302,20,4.5,9.6,1.7,303,20,4.5,9.6,1.7,303,20,0,29.68,0.5,0,0,0,40.6,45.8,48.6,0.44,0.51,0.54
PHIL,2019-11-08 05:05:00 EST,44.19354,-75.71591,430,21.5,21.6,14.7,89.9,19.0,0.000,0.000,0.00,0.000,4.7,9.1,1.6,299,19,5.1,9.5,1.6,301,18,5.1,9.5,1.6,301,18,0,29.68,0.2,0,0,0,40.6,45.9,48.6,0.44,0.51,0.54
PHIL,2019-11-08 05:10:00 EST,44.19354,-75.71591,430,21.8,21.7,14.5,90.3,19.4,0.000,0.000,0.00,0.000,5.2,9.4,1.4,307,13,5.5,9.4,1.4,309,12,5.5,9.4,1.4,309,12,0,29.68,0.2,0,0,0,40.6,45.8,48.6,0.44,0.51,0.54
PHIL,2019-11-08 05:15:00 EST,44.19354,-75.71591,430,21.9,21.9,14.4,90.6,19.5,0.000,0.000,0.00,0.000,5.3,9.6,1.4,318,14,5.7,9.9,1.4,317,15,5.7,9.9,1.4,317,15,0,29.68,0.2,0,0,0,40.5,45.8,48.6,0.44,0.52,0.54
PHIL,2019-11-08 05:20:00 EST,44.19354,-75.71591,430,22.0,22.0,13.9,90.5,19.7,0.000,0.000,0.00,0.000,6.0,9.6,1.2,320,10,6.4,9.7,1.2,320,9,6.4,9.7,1.2,320,9,0,29.68,0.2,0,0,0,40.5,45.9,48.6,0.44,0.51,0.54
PHIL,2019-11-08 05:25:00 EST,44.19354,-75.71591,430,22.1,22.1,14.4,90.8,19.8,0.000,0.000,0.00,0.000,5.7,9.8,1.6,313,12,6.1,11.1,1.7,314,11,6.1,11.1,1.7,314,11,0,29.68,0.3,0,0,0,40.5,45.8,48.6,0.44,0.51,0.54
PHIL,2019-11-08 05:30:00 EST,44.19354,-75.71591,430,22.2,22.2,15.0,91.0,20.0,0.000,0.000,0.00,0.000,5.3,9.3,1.2,319,11,5.6,9.2,1.3,320,10,5.6,9.2,1.3,320,10,0,29.68,0.3,0,0,0,40.5,45.8,48.5,0.44,0.51,0.54
PHIL,2019-11-08 05:35:00 EST,44.19354,-75.71591,430,22.3,22.3,14.4,91.0,20.1,0.000,0.000,0.00,0.000,6.2,8.3,1.0,314,12,6.3,8.9,1.1,315,11,6.3,8.9,1.1,315,11,0,29.68,0.2,0,0,0,40.5,45.8,48.6,0.44,0.51,0.54
PHIL,2019-11-08 05:40:00 EST,44.19354,-75.71591,430,22.5,22.5,14.8,90.5,20.2,0.000,0.000,0.00,0.000,5.9,10.7,1.6,318,13,6.2,10.8,1.5,319,13,6.2,10.8,1.5,319,13,0,29.69,0.2,0,0,0,40.4,45.8,48.6,0.44,0.51,0.54
PHIL,2019-11-08 05:45:00 EST,44.19354,-75.71591,430,22.6,22.6,15.1,89.9,20.1,0.000,0.000,0.00,0.000,5.6,8.9,1.2,312,13,6.0,9.4,1.3,313,11,6.0,9.4,1.3,313,11,0,29.69,0.3,0,0,0,40.3,45.8,48.6,0.44,0.51,0.54
PHIL,2019-11-08 05:50:00 EST,44.19354,-75.71591,430,22.7,22.7,14.3,89.9,20.2,0.005,0.005,0.00,0.005,6.7,10.2,1.6,315,13,7.0,12.2,1.7,316,12,7.0,12.2,1.7,316,12,0,29.69,0.2,0,0,0,40.3,45.8,48.6,0.44,0.51,0.54
PHIL,2019-11-08 05:55:00 EST,44.19354,-75.71591,430,22.9,22.8,14.5,89.3,20.2,0.000,0.005,0.00,0.005,6.6,10.9,1.6,320,17,7.0,10.6,1.6,321,17,7.0,10.6,1.6,321,17,0,29.69,0.2,0,0,0,40.3,45.8,48.6,0.44,0.51,0.54
PHIL,2019-11-08 06:00:00 EST,44.19354,-75.71591,430,22.9,22.9,14.6,89.1,20.2,0.000,0.005,0.00,0.005,6.4,10.8,1.8,330,14,7.0,13.4,2.1,332,13,7.0,13.4,2.1,332,13,0,29.69,0.3,0,0,0,40.3,45.8,48.6,0.44,0.51,0.54
PHIL,2019-11-08 06:05:00 EST,44.19354,-75.71591,430,23.0,23.0,13.2,87.4,19.9,0.000,0.005,0.00,0.005,8.5,12.4,1.6,328,12,9.1,15.1,2.0,330,13,9.1,15.1,2.0,330,13,0,29.69,0.2,0,0,0,40.3,45.7,48.6,0.44,0.51,0.54
PHIL,2019-11-08 06:10:00 EST,44.19354,-75.71591,430,23.0,23.0,13.0,86.6,19.6,0.000,0.005,0.00,0.005,9.0,13.9,1.9,320,13,9.4,15.0,2.0,323,12,9.4,15.0,2.0,323,12,0,29.70,0.4,0,0,0,40.3,45.8,48.6,0.44,0.51,0.54
PHIL,2019-11-08 06:15:00 EST,44.19354,-75.71591,430,23.0,23.0,13.3,86.1,19.5,0.000,0.005,0.00,0.005,8.1,14.0,1.8,333,11,8.9,16.9,2.2,335,12,8.9,16.9,2.2,335,12,0,29.70,0.4,0,0,0,40.3,45.7,48.6,0.44,0.51,0.54
PHIL,2019-11-08 06:20:00 EST,44.19354,-75.71591,430,22.9,22.9,12.6,86.9,19.6,0.000,0.005,0.00,0.005,9.0,13.8,2.1,333,11,9.8,14.8,2.3,336,11,9.8,14.8,2.3,336,11,0,29.70,0.2,0,0,0,40.3,45.8,48.5,0.44,0.51,0.54
PHIL,2019-11-08 06:25:00 EST,44.19354,-75.71591,430,22.9,22.9,13.0,86.4,19.5,0.000,0.005,0.00,0.005,8.3,13.9,2.5,334,14,9.2,16.3,3.0,337,13,9.2,16.3,3.0,337,13,0,29.70,0.2,0,0,0,40.3,45.7,48.6,0.44,0.51,0.54
PHIL,2019-11-08 06:30:00 EST,44.19354,-75.71591,430,22.9,23.0,13.6,85.9,19.4,0.000,0.005,0.00,0.005,7.5,11.0,1.7,331,13,8.3,13.3,1.8,334,12,8.3,13.3,1.8,334,12,0,29.70,0.2,0,0,0,40.3,45.7,48.6,0.44,0.51,0.54
PHIL,2019-11-08 06:35:00 EST,44.19354,-75.71591,430,22.9,22.9,14.0,86.0,19.4,0.000,0.005,0.00,0.005,6.7,11.0,1.7,333,13,7.7,15.2,2.2,336,13,7.7,15.2,2.2,336,13,0,29.71,0.2,0,0,0,40.3,45.7,48.6,0.44,0.51,0.54
PHIL,2019-11-08 06:40:00 EST,44.19354,-75.71591,430,22.9,22.9,14.0,85.7,19.2,0.000,0.005,0.00,0.005,6.6,12.1,1.8,337,20,7.6,14.3,2.0,341,15,7.6,14.3,2.0,341,15,1,29.71,0.2,0,0,0,40.3,45.7,48.6,0.44,0.51,0.54
PHIL,2019-11-08 06:45:00 EST,44.19354,-75.71591,430,22.8,22.8,12.6,85.0,18.9,0.000,0.005,0.00,0.005,8.6,13.5,2.1,335,14,9.5,17.8,2.7,337,13,9.5,17.8,2.7,337,13,2,29.71,0.1,0,0,0,40.2,45.7,48.6,0.44,0.51,0.54
PHIL,2019-11-08 06:50:00 EST,44.19354,-75.71591,430,22.7,22.7,12.0,84.7,18.8,0.000,0.005,0.00,0.000,9.6,13.6,2.1,329,9,10.3,15.4,2.3,333,11,10.3,15.4,2.3,333,11,3,29.71,0.1,0,0,0,40.1,45.7,48.6,0.44,0.51,0.54
PHIL,2019-11-08 06:55:00 EST,44.19354,-75.71591,430,22.7,22.7,11.6,84.9,18.9,0.000,0.005,0.00,0.000,10.0,16.8,2.6,334,20,11.1,19.5,3.3,339,13,11.1,19.5,3.3,339,13,4,29.72,0.1,0,0,0,40.1,45.7,48.6,0.44,0.51,0.54
PHIL,2019-11-08 07:00:00 EST,44.19354,-75.71591,430,22.8,22.8,12.2,84.0,18.7,0.000,0.005,0.00,0.000,9.6,14.6,2.0,328,11,10.2,15.6,2.1,332,12,10.2,15.6,2.1,332,12,6,29.72,0.1,0,0,0,40.1,45.7,48.6,0.44,0.51,0.54
PHIL,2019-11-08 07:05:00 EST,44.19354,-75.71591,430,22.7,22.7,11.8,83.9,18.5,0.000,0.005,0.00,0.000,10.0,15.6,2.2,329,14,10.7,18.4,2.5,334,12,10.7,18.4,2.5,334,12,7,29.72,0.1,0,0,0,40.1,45.7,48.6,0.44,0.51,0.54
PHIL,2019-11-08 07:10:00 EST,44.19354,-75.71591,430,22.6,22.6,12.0,82.8,18.2,0.000,0.005,0.00,0.000,9.4,14.2,2.4,332,14,10.1,16.0,2.5,332,12,10.1,16.0,2.5,332,12,9,29.72,0.1,0,0,0,40.1,45.7,48.6,0.44,0.51,0.54
PHIL,2019-11-08 07:15:00 EST,44.19354,-75.71591,430,22.5,22.5,12.4,83.2,18.1,0.000,0.005,0.00,0.000,8.2,15.2,2.4,333,14,9.2,15.6,2.7,336,13,9.2,15.6,2.7,336,13,9,29.73,0.1,0,0,0,40.1,45.6,48.6,0.44,0.51,0.54
PHIL,2019-11-08 07:20:00 EST,44.19354,-75.71591,430,22.4,22.4,12.8,83.2,18.1,0.000,0.005,0.00,0.000,7.4,11.8,1.8,341,13,8.5,14.1,2.0,345,11,8.5,14.1,2.0,345,11,10,29.73,0.1,0,0,0,40.1,45.6,48.6,0.44,0.51,0.54
PHIL,2019-11-08 07:25:00 EST,44.19354,-75.71591,430,22.4,22.4,12.1,82.7,17.9,0.000,0.005,0.00,0.000,8.5,14.5,2.5,339,15,9.6,17.1,3.0,342,15,9.6,17.1,3.0,342,15,14,29.73,0.1,0,0,0,40.0,45.6,48.4,0.44,0.51,0.54
PHIL,2019-11-08 07:30:00 EST,44.19354,-75.71591,430,22.3,22.4,14.0,83.6,18.1,0.000,0.005,0.00,0.000,6.0,9.1,1.4,335,15,6.8,11.2,1.6,338,14,6.8,11.2,1.6,338,14,17,29.74,0.1,0,0,0,39.9,45.6,48.6,0.44,0.52,0.54
PHIL,2019-11-08 07:35:00 EST,44.19354,-75.71591,430,22.4,22.4,13.6,84.0,18.3,0.000,0.005,0.00,0.000,6.8,11.1,1.7,327,12,7.3,11.7,1.8,328,11,7.3,11.7,1.8,328,11,18,29.74,0.1,0,0,0,39.9,45.6,48.6,0.44,0.51,0.54
PHIL,2019-11-08 07:40:00 EST,44.19354,-75.71591,430,22.4,22.4,13.2,83.7,18.2,0.000,0.005,0.00,0.000,7.4,11.0,1.6,324,16,7.9,11.8,1.9,326,17,7.9,11.8,1.9,326,17,21,29.74,0.1,0,0,0,39.9,45.6,48.5,0.44,0.51,0.54
PHIL,2019-11-08 07:45:00 EST,44.19354,-75.71591,430,22.5,22.4,14.8,84.3,18.5,0.000,0.005,0.00,0.000,5.6,9.8,1.5,326,15,6.1,10.5,1.7,327,14,6.1,10.5,1.7,327,14,30,29.74,0.1,0,0,0,39.9,45.6,48.5,0.44,0.51,0.54
PHIL,2019-11-08 07:50:00 EST,44.19354,-75.71591,430,22.5,22.5,13.8,84.7,18.6,0.000,0.005,0.00,0.000,7.0,11.1,1.6,318,14,7.3,11.9,1.7,318,15,7.3,11.9,1.7,318,15,31,29.74,0.1,0,0,0,39.9,45.6,48.6,0.44,0.51,0.54
PHIL,2019-11-08 07:55:00 EST,44.19354,-75.71591,430,22.5,22.4,12.8,83.8,18.3,0.000,0.005,0.00,0.000,8.4,12.5,1.8,312,16,8.6,12.9,1.9,313,16,8.6,12.9,1.9,313,16,34,29.75,0.1,0,0,0,39.9,45.5,48.6,0.44,0.51,0.54
PHIL,2019-11-08 08:00:00 EST,44.19354,-75.71591,430,22.5,22.4,13.3,83.7,18.3,0.000,0.005,0.00,0.000,7.3,11.3,1.4,314,18,7.9,11.5,1.4,314,17,7.9,11.5,1.4,314,17,40,29.75,0.1,0,0,0,39.9,45.6,48.6,0.44,0.51,0.54
PHIL,2019-11-08 08:05:00 EST,44.19354,-75.71591,430,22.5,22.4,13.3,84.3,18.5,0.000,0.005,0.00,0.000,7.6,12.7,2.2,309,12,8.0,13.4,2.0,311,11,8.0,13.4,2.0,311,11,40,29.75,0.1,0,0,0,39.9,45.6,48.5,0.44,0.51,0.54
PHIL,2019-11-08 08:10:00 EST,44.19354,-75.71591,430,22.5,22.4,13.7,83.5,18.2,0.000,0.005,0.00,0.000,7.1,10.0,1.5,312,14,7.4,11.0,1.5,313,13,7.4,11.0,1.5,313,13,40,29.75,0.2,0,0,0,39.8,45.5,48.6,0.44,0.51,0.54
PHIL,2019-11-08 08:15:00 EST,44.19354,-75.71591,430,22.5,22.4,13.7,83.4,18.2,0.000,0.005,0.00,0.000,7.0,11.6,1.9,311,12,7.4,11.0,1.7,312,13,7.4,11.0,1.7,312,13,44,29.75,0.2,0,0,0,39.8,45.5,48.6,0.44,0.51,0.54
PHIL,2019-11-08 08:20:00 EST,44.19354,-75.71591,430,22.6,22.5,14.2,83.8,18.4,0.000,0.005,0.00,0.000,6.3,11.9,2.0,326,12,6.9,13.2,2.3,330,12,6.9,13.2,2.3,330,12,61,29.75,0.2,0,0,0,39.7,45.6,48.5,0.44,0.51,0.54
PHIL,2019-11-08 08:25:00 EST,44.19354,-75.71591,430,22.6,22.6,13.4,82.3,18.0,0.000,0.005,0.00,0.000,7.0,11.1,1.9,348,14,8.1,14.5,2.4,349,11,8.1,14.5,2.4,349,11,70,29.76,0.2,0,0,0,39.7,45.5,48.5,0.44,0.51,0.54
PHIL,2019-11-08 08:30:00 EST,44.19354,-75.71591,430,22.5,22.5,12.4,80.6,17.5,0.000,0.005,0.00,0.000,8.3,12.3,1.9,352,18,9.4,14.7,2.4,353,15,9.4,14.7,2.4,353,15,68,29.76,0.2,0,0,0,39.7,45.4,48.6,0.44,0.51,0.54
PHIL,2019-11-08 08:35:00 EST,44.19354,-75.71591,430,22.6,22.5,14.0,81.7,17.8,0.000,0.005,0.00,0.000,6.2,10.7,1.8,348,15,7.2,12.2,2.0,350,12,7.2,12.2,2.0,350,12,72,29.76,0.2,0,0,0,39.7,45.5,48.5,0.44,0.51,0.54
PHIL,2019-11-08 08:40:00 EST,44.19354,-75.71591,430,22.5,22.4,12.2,80.5,17.4,0.000,0.005,0.00,0.000,8.5,12.3,1.6,355,21,9.5,15.1,2.2,356,8,9.5,15.1,2.2,356,8,67,29.76,0.2,0,0,0,39.7,45.5,48.5,0.44,0.51,0.54
PHIL,2019-11-08 08:45:00 EST,44.19354,-75.71591,430,22.4,22.3,12.6,80.0,17.2,0.000,0.005,0.00,0.000,8.0,13.0,2.0,337,15,8.8,14.0,2.0,339,12,8.8,14.0,2.0,339,12,84,29.76,0.1,0,0,0,39.7,45.5,48.5,0.44,0.51,0.54
PHIL,2019-11-08 08:50:00 EST,44.19354,-75.71591,430,22.4,22.3,13.1,80.2,17.2,0.000,0.005,0.00,0.000,7.4,12.9,2.0,321,14,8.1,13.3,2.1,322,14,8.1,13.3,2.1,322,14,85,29.76,0.4,0,0,0,39.7,45.5,48.6,0.44,0.51,0.54
PHIL,2019-11-08 08:55:00 EST,44.19354,-75.71591,430,22.4,22.3,13.6,80.0,17.1,0.000,0.005,0.00,0.000,6.9,10.3,1.6,320,13,7.3,11.3,1.7,322,13,7.3,11.3,1.7,322,13,96,29.76,0.4,0,0,0,39.6,45.5,48.4,0.44,0.51,0.54
PHIL,2019-11-08 09:00:00 EST,44.19354,-75.71591,430,22.5,22.4,13.6,80.5,17.4,0.000,0.005,0.00,0.000,7.1,11.7,2.1,318,12,7.5,12.5,1.9,319,12,7.5,12.5,1.9,319,12,114,29.76,0.4,0,0,0,39.6,45.5,48.5,0.44,0.52,0.54
PHIL,2019-11-08 09:05:00 EST,44.19354,-75.71591,430,22.6,22.5,14.8,79.8,17.3,0.000,0.005,0.00,0.000,5.8,8.8,1.3,320,17,6.2,9.1,1.2,322,15,6.2,9.1,1.2,322,15,129,29.76,0.5,0,0,0,39.6,45.4,48.5,0.44,0.51,0.54
PHIL,2019-11-08 09:10:00 EST,44.19354,-75.71591,430,22.7,22.6,14.0,79.9,17.4,0.000,0.005,0.00,0.000,6.9,10.1,1.5,327,13,7.5,12.0,1.6,329,13,7.5,12.0,1.6,329,13,137,29.76,0.4,0,0,0,39.6,45.4,48.6,0.44,0.51,0.54
PHIL,2019-11-08 09:15:00 EST,44.19354,-75.71591,430,22.6,22.5,13.3,77.4,16.6,0.000,0.005,0.00,0.000,7.5,10.2,1.3,330,13,8.1,11.8,1.6,334,13,8.1,11.8,1.6,334,13,154,29.76,0.4,0,0,0,39.6,45.5,48.5,0.44,0.51,0.54
PHIL,2019-11-08 09:20:00 EST,44.19354,-75.71591,430,22.8,22.7,14.1,77.0,16.6,0.000,0.005,0.00,0.000,6.8,11.0,2.2,331,15,7.3,11.6,2.3,333,14,7.3,11.6,2.3,333,14,357,29.76,0.5,0,0,0,39.6,45.5,48.5,0.44,0.51,0.54
PHIL,2019-11-08 09:25:00 EST,44.19354,-75.71591,430,23.2,23.1,14.9,77.0,17.0,0.000,0.005,0.00,0.000,6.4,10.1,1.5,336,21,7.0,10.2,1.6,337,14,7.0,10.2,1.6,337,14,391,29.76,0.5,0,0,0,39.6,45.5,48.5,0.44,0.51,0.54
PHIL,2019-11-08 09:30:00 EST,44.19354,-75.71591,430,23.3,23.2,13.1,75.5,16.7,0.000,0.005,0.00,0.000,8.5,12.2,1.4,340,17,9.7,13.1,1.7,342,15,9.7,13.1,1.7,342,15,356,29.77,0.5,0,0,0,39.6,45.5,48.4,0.44,0.51,0.54
PHIL,2019-11-08 09:35:00 EST,44.19354,-75.71591,430,23.2,23.1,14.1,74.7,16.4,0.000,0.005,0.00,0.000,7.6,10.8,1.8,329,10,8.1,11.9,1.9,331,11,8.1,11.9,1.9,331,11,295,29.77,0.6,0,0,0,39.6,45.5,48.5,0.44,0.51,0.54
PHIL,2019-11-08 09:40:00 EST,44.19354,-75.71591,430,23.3,23.2,15.8,75.7,16.8,0.000,0.005,0.00,0.000,5.6,8.5,1.3,325,14,6.2,10.0,1.4,326,14,6.2,10.0,1.4,326,14,305,29.77,0.5,0,0,0,39.6,45.5,48.4,0.44,0.51,0.54
PHIL,2019-11-08 09:45:00 EST,44.19354,-75.71591,430,23.8,23.6,15.2,74.4,16.9,0.000,0.005,0.00,0.000,6.9,10.3,1.4,327,19,7.5,10.6,1.6,330,19,7.5,10.6,1.6,330,19,484,29.77,0.6,0,0,0,39.6,45.5,48.5,0.44,0.51,0.54
PHIL,2019-11-08 09:50:00 EST,44.19354,-75.71591,430,24.1,23.8,17.5,74.0,17.0,0.000,0.005,0.00,0.000,4.6,6.7,1.0,344,19,5.3,8.0,1.2,345,17,5.3,8.0,1.2,345,17,491,29.77,0.6,0,0,0,39.6,45.4,48.5,0.44,0.51,0.54
PHIL,2019-11-08 09:55:00 EST,44.19354,-75.71591,430,24.3,24.0,16.6,73.4,17.0,0.000,0.005,0.00,0.000,6.1,9.3,1.5,317,25,6.5,11.3,1.7,318,24,6.5,11.3,1.7,318,24,380,29.77,0.7,0,0,0,39.6,45.5,48.5,0.44,0.51,0.54
PHIL,2019-11-08 10:00:00 EST,44.19354,-75.71591,430,24.3,24.0,16.9,72.6,16.7,0.000,0.005,0.00,0.000,5.9,9.2,1.6,316,14,6.2,9.4,1.5,318,12,6.2,9.4,1.5,318,12,475,29.77,0.8,0,0,0,39.6,45.5,48.4,0.44,0.51,0.54
PHIL,2019-11-08 10:05:00 EST,44.19354,-75.71591,430,24.5,24.2,17.6,73.1,17.1,0.000,0.005,0.00,0.000,5.2,9.5,2.0,300,18,5.8,10.0,1.9,300,17,5.8,10.0,1.9,300,17,484,29.77,0.7,0,0,0,39.6,45.5,48.4,0.44,0.52,0.54
PHIL,2019-11-08 10:10:00 EST,44.19354,-75.71591,430,24.7,24.5,18.4,73.0,17.3,0.000,0.005,0.00,0.000,4.5,7.7,1.5,304,25,5.1,8.3,1.6,304,25,5.1,8.3,1.6,304,25,343,29.77,0.7,0,0,0,39.6,45.4,48.3,0.44,0.51,0.54
PHIL,2019-11-08 10:15:00 EST,44.19354,-75.71591,430,24.3,24.2,16.4,73.5,17.1,0.000,0.005,0.00,0.000,6.4,9.7,1.7,303,15,6.8,10.2,1.6,304,15,6.8,10.2,1.6,304,15,236,29.77,0.7,0,0,0,39.6,45.4,48.4,0.44,0.51,0.54
PHIL,2019-11-08 10:20:00 EST,44.19354,-75.71591,430,24.7,24.4,17.5,73.6,17.5,0.000,0.005,0.00,0.000,5.7,9.8,1.7,301,17,6.1,10.4,1.8,302,16,6.1,10.4,1.8,302,16,449,29.77,0.8,0,0,0,39.6,45.5,48.4,0.44,0.51,0.54
PHIL,2019-11-08 10:25:00 EST,44.19354,-75.71591,430,24.8,24.5,16.7,70.9,16.7,0.000,0.005,0.00,0.000,6.7,9.6,1.5,312,16,7.2,10.7,1.5,314,17,7.2,10.7,1.5,314,17,467,29.77,0.7,0,0,0,39.6,45.5,48.4,0.44,0.51,0.54
PHIL,2019-11-08 10:30:00 EST,44.19354,-75.71591,430,25.2,24.9,18.2,72.2,17.5,0.000,0.005,0.00,0.000,5.4,8.4,1.2,316,14,5.9,8.8,1.4,317,14,5.9,8.8,1.4,317,14,446,29.77,0.8,0,0,0,39.6,45.5,48.4,0.44,0.51,0.54
PHIL,2019-11-08 10:35:00 EST,44.19354,-75.71591,430,25.6,25.1,18.2,72.1,17.8,0.000,0.005,0.00,0.000,6.0,9.9,1.5,304,17,6.5,9.7,1.5,304,17,6.5,9.7,1.5,304,17,356,29.77,0.6,0,0,0,39.5,45.4,48.4,0.44,0.51,0.54
PHIL,2019-11-08 10:40:00 EST,44.19354,-75.71591,430,24.8,24.5,17.1,71.0,16.7,0.000,0.005,0.00,0.000,6.0,9.4,1.5,290,25,6.7,9.9,1.7,290,24,6.7,9.9,1.7,290,24,369,29.78,0.7,0,0,0,39.5,45.5,48.4,0.44,0.51,0.54
PHIL,2019-11-08 10:45:00 EST,44.19354,-75.71591,430,25.5,25.1,18.0,70.4,17.2,0.000,0.005,0.00,0.000,5.8,8.1,1.2,310,28,6.6,9.5,1.3,311,29,6.6,9.5,1.3,311,29,480,29.78,0.6,0,0,0,39.4,45.5,48.4,0.44,0.51,0.54
PHIL,2019-11-08 10:50:00 EST,44.19354,-75.71591,430,26.0,25.7,19.3,71.2,17.9,0.000,0.005,0.00,0.000,5.2,8.4,1.4,315,31,5.8,9.1,1.5,317,30,5.8,9.1,1.5,317,30,511,29.78,0.7,0,0,0,39.4,45.5,48.4,0.44,0.51,0.54
PHIL,2019-11-08 10:55:00 EST,44.19354,-75.71591,430,26.0,25.6,18.9,70.6,17.8,0.000,0.005,0.00,0.000,5.8,11.5,2.9,300,18,6.2,12.2,2.8,301,17,6.2,12.2,2.8,301,17,449,29.78,0.8,0,0,0,39.4,45.5,48.4,0.44,0.51,0.54
PHIL,2019-11-08 11:00:00 EST,44.19354,-75.71591,430,25.4,25.1,16.9,71.0,17.3,0.000,0.005,0.00,0.000,7.0,11.5,1.9,283,14,7.9,12.5,2.1,284,12,7.9,12.5,2.1,284,12,287,29.78,0.7,0,0,0,39.4,45.4,48.4,0.44,0.51,0.54
PHIL,2019-11-08 11:05:00 EST,44.19354,-75.71591,430,25.4,25.0,18.0,70.9,17.3,0.000,0.005,0.00,0.000,6.2,10.0,1.1,309,15,6.5,10.1,1.4,311,14,6.5,10.1,1.4,311,14,477,29.78,0.7,0,0,0,39.4,45.4,48.3,0.44,0.51,0.54
PHIL,2019-11-08 11:10:00 EST,44.19354,-75.71591,430,26.0,25.6,21.6,71.6,18.0,0.000,0.005,0.00,0.000,3.1,9.4,2.1,307,24,3.6,10.3,2.2,307,26,3.6,10.3,2.2,307,26,280,29.78,0.6,0,0,0,39.4,45.5,48.3,0.44,0.51,0.54
PHIL,2019-11-08 11:15:00 EST,44.19354,-75.71591,430,25.6,25.3,17.9,70.6,17.4,0.000,0.005,0.00,0.000,6.4,9.8,1.4,290,26,6.9,11.4,1.6,289,25,6.9,11.4,1.6,289,25,378,29.78,0.7,0,0,0,39.4,45.4,48.4,0.44,0.51,0.54
PHIL,2019-11-08 11:20:00 EST,44.19354,-75.71591,430,26.4,26.0,19.7,70.8,18.2,0.000,0.005,0.00,0.000,5.4,10.7,2.4,302,21,5.9,12.5,2.5,301,20,5.9,12.5,2.5,301,20,260,29.78,0.7,0,0,0,39.4,45.5,48.3,0.44,0.51,0.54
PHIL,2019-11-08 11:25:00 EST,44.19354,-75.71591,430,25.6,25.3,18.4,69.1,16.8,0.000,0.005,0.00,0.000,5.9,11.1,1.9,302,15,6.2,11.5,1.8,303,15,6.2,11.5,1.8,303,15,171,29.77,0.6,0,0,0,39.4,45.4,48.4,0.44,0.51,0.54
PHIL,2019-11-08 11:30:00 EST,44.19354,-75.71591,430,25.5,25.4,18.0,69.0,16.8,0.000,0.005,0.00,0.000,6.1,11.5,2.3,301,17,6.7,11.7,2.2,301,17,6.7,11.7,2.2,301,17,204,29.77,0.6,0,0,0,39.4,45.5,48.4,0.44,0.51,0.54
PHIL,2019-11-08 11:35:00 EST,44.19354,-75.71591,430,25.7,25.6,17.6,68.6,16.8,0.000,0.005,0.00,0.000,6.9,11.3,2.4,295,12,7.4,11.8,2.5,296,12,7.4,11.8,2.5,296,12,162,29.77,0.6,0,0,0,39.4,45.4,48.3,0.44,0.51,0.54
PHIL,2019-11-08 11:40:00 EST,44.19354,-75.71591,430,25.8,25.7,17.0,69.4,17.2,0.000,0.005,0.00,0.000,7.9,12.1,1.8,311,13,8.4,13.3,1.9,313,14,8.4,13.3,1.9,313,14,218,29.77,0.6,0,0,0,39.4,45.5,48.4,0.44,0.51,0.54
PHIL,2019-11-08 11:45:00 EST,44.19354,-75.71591,430,25.7,25.5,17.4,69.3,17.0,0.000,0.005,0.00,0.000,7.2,10.5,1.6,318,12,7.7,11.5,1.6,320,12,7.7,11.5,1.6,320,12,160,29.77,0.6,0,0,0,39.4,45.5,48.3,0.44,0.51,0.54
PHIL,2019-11-08 11:50:00 EST,44.19354,-75.71591,430,26.0,25.8,19.0,69.0,17.2,0.000,0.005,0.00,0.000,5.7,8.1,1.0,320,12,6.1,9.4,1.2,321,10,6.1,9.4,1.2,321,10,318,29.77,0.5,0,0,0,39.5,45.4,48.3,0.44,0.51,0.54
PHIL,2019-11-08 11:55:00 EST,44.19354,-75.71591,430,26.4,26.1,18.8,67.3,17.0,0.000,0.005,0.00,0.000,6.5,10.4,1.5,313,13,6.9,10.5,1.5,315,13,6.9,10.5,1.5,315,13,295,29.77,0.7,0,0,0,39.4,45.5,48.4,0.44,0.51,0.54
PHIL,2019-11-08 12:00:00 EST,44.19354,-75.71591,430,26.4,26.1,18.7,68.5,17.4,0.000,0.005,0.00,0.000,6.6,12.3,2.1,306,12,7.0,12.4,2.1,307,11,7.0,12.4,2.1,307,11,217,29.77,0.6,0,0,0,39.4,45.3,48.3,0.44,0.51,0.54
PHIL,2019-11-08 12:05:00 EST,44.19354,-75.71591,430,26.0,25.9,17.8,67.6,16.8,0.000,0.005,0.00,0.000,7.0,11.0,1.5,289,18,7.6,12.4,1.8,289,17,7.6,12.4,1.8,289,17,246,29.77,0.6,0,0,0,39.4,45.3,48.4,0.44,0.51,0.54
PHIL,2019-11-08 12:10:00 EST,44.19354,-75.71591,430,26.4,26.2,18.8,68.9,17.6,0.000,0.005,0.00,0.000,6.2,11.4,2.1,318,22,6.9,12.4,2.0,318,23,6.9,12.4,2.0,318,23,236,29.77,0.5,0,0,0,39.4,45.4,48.3,0.44,0.51,0.54
PHIL,2019-11-08 12:15:00 EST,44.19354,-75.71591,430,26.2,26.0,17.7,68.1,17.1,0.000,0.005,0.00,0.000,7.5,12.0,2.0,305,15,8.0,13.1,2.1,306,15,8.0,13.1,2.1,306,15,190,29.77,0.5,0,0,0,39.4,45.4,48.4,0.44,0.51,0.54
PHIL,2019-11-08 12:20:00 EST,44.19354,-75.71591,430,26.4,26.1,18.0,67.0,16.9,0.000,0.005,0.00,0.000,7.4,11.1,1.9,290,19,8.0,14.2,2.4,291,19,8.0,14.2,2.4,291,19,424,29.77,0.5,0,0,0,39.5,45.3,48.4,0.44,0.51,0.54
PHIL,2019-11-08 12:25:00 EST,44.19354,-75.71591,430,26.7,26.4,20.3,67.9,17.5,0.000,0.005,0.00,0.000,5.1,7.6,1.3,333,16,5.7,8.9,1.3,334,17,5.7,8.9,1.3,334,17,201,29.77,0.4,0,0,0,39.4,45.3,48.3,0.44,0.51,0.54
PHIL,2019-11-08 12:30:00 EST,44.19354,-75.71591,430,26.6,26.4,18.3,68.4,17.6,0.000,0.005,0.00,0.000,7.5,11.2,1.8,323,13,8.0,12.4,2.0,324,12,8.0,12.4,2.0,324,12,187,29.76,0.4,0,0,0,39.4,45.3,48.3,0.44,0.51,0.54
PHIL,2019-11-08 12:35:00 EST,44.19354,-75.71591,430,26.5,26.4,18.8,69.3,17.9,0.000,0.005,0.00,0.000,6.5,11.7,1.9,325,21,7.1,12.7,2.0,327,21,7.1,12.7,2.0,327,21,194,29.76,0.3,0,0,0,39.4,45.3,48.3,0.44,0.51,0.54
PHIL,2019-11-08 12:40:00 EST,44.19354,-75.71591,430,26.6,26.5,16.7,67.8,17.4,0.000,0.005,0.00,0.000,9.6,15.1,2.1,294,20,10.6,18.4,2.5,294,18,10.6,18.4,2.5,294,18,215,29.76,0.3,0,0,0,39.4,45.2,48.3,0.44,0.51,0.54
PHIL,2019-11-08 12:45:00 EST,44.19354,-75.71591,430,26.8,26.6,17.8,67.5,17.5,0.000,0.005,0.00,0.000,8.7,12.6,2.0,303,20,9.2,13.6,2.0,305,19,9.2,13.6,2.0,305,19,306,29.76,0.2,0,0,0,39.5,45.3,48.3,0.44,0.51,0.54
PHIL,2019-11-08 12:50:00 EST,44.19354,-75.71591,430,26.8,26.6,18.3,66.7,17.2,0.000,0.005,0.00,0.000,7.8,12.6,2.2,305,18,8.4,14.1,2.1,306,17,8.4,14.1,2.1,306,17,266,29.76,0.2,0,0,0,39.5,45.2,48.4,0.44,0.51,0.54
PHIL,2019-11-08 12:55:00 EST,44.19354,-75.71591,430,26.8,26.6,18.7,66.9,17.2,0.000,0.005,0.00,0.000,7.2,12.0,1.6,302,14,7.6,13.0,1.5,303,14,7.6,13.0,1.5,303,14,166,29.76,0.2,0,0,0,39.5,45.2,48.3,0.44,0.51,0.54
PHIL,2019-11-08 13:00:00 EST,44.19354,-75.71591,430,26.6,26.5,19.0,67.2,17.2,0.000,0.005,0.00,0.000,6.5,11.0,2.0,310,13,7.0,11.8,1.9,312,13,7.0,11.8,1.9,312,13,219,29.76,0.3,0,0,0,39.5,45.2,48.3,0.44,0.51,0.54
PHIL,2019-11-08 13:05:00 EST,44.19354,-75.71591,430,27.4,27.1,18.5,66.7,17.7,0.000,0.005,0.00,0.000,8.1,13.4,2.1,285,19,9.1,15.5,2.5,285,18,9.1,15.5,2.5,285,18,435,29.76,0.3,0,0,0,39.5,45.1,48.4,0.44,0.51,0.54
PHIL,2019-11-08 13:10:00 EST,44.19354,-75.71591,430,27.1,27.0,19.3,66.3,17.4,0.000,0.005,0.00,0.000,7.0,11.4,1.6,303,16,7.5,11.6,1.7,303,15,7.5,11.6,1.7,303,15,306,29.76,0.4,0,0,0,39.6,45.2,48.3,0.44,0.51,0.54
PHIL,2019-11-08 13:15:00 EST,44.19354,-75.71591,430,27.6,27.4,22.0,66.9,18.0,0.000,0.005,0.00,0.000,4.3,8.3,1.5,301,22,4.9,9.6,1.7,303,22,4.9,9.6,1.7,303,22,296,29.76,0.3,0,0,0,39.6,45.2,48.3,0.44,0.51,0.54
PHIL,2019-11-08 13:20:00 EST,44.19354,-75.71591,430,27.5,27.3,19.1,66.9,17.9,0.000,0.005,0.00,0.000,7.9,11.3,1.6,299,14,8.3,13.2,2.0,301,13,8.3,13.2,2.0,301,13,233,29.77,0.2,0,0,0,39.6,45.2,48.3,0.44,0.51,0.54
PHIL,2019-11-08 13:25:00 EST,44.19354,-75.71591,430,27.6,27.3,19.4,67.1,18.1,0.000,0.005,0.00,0.000,7.8,11.8,1.7,313,11,8.2,12.9,2.0,314,11,8.2,12.9,2.0,314,11,354,29.77,0.1,0,0,0,39.6,45.1,48.3,0.44,0.51,0.54
PHIL,2019-11-08 13:30:00 EST,44.19354,-75.71591,430,27.6,27.4,19.9,68.6,18.6,0.000,0.005,0.00,0.000,7.0,11.3,1.6,311,15,7.4,10.9,1.7,313,13,7.4,10.9,1.7,313,13,181,29.77,0.1,0,0,0,39.6,45.1,48.3,0.44,0.51,0.54
PHIL,2019-11-08 13:35:00 EST,44.19354,-75.71591,430,27.6,27.4,19.8,66.8,18.0,0.000,0.005,0.00,0.000,7.2,10.9,1.3,316,12,7.6,11.4,1.4,317,12,7.6,11.4,1.4,317,12,354,29.77,0.2,0,0,0,39.6,45.1,48.3,0.44,0.51,0.54
PHIL,2019-11-08 13:40:00 EST,44.19354,-75.71591,430,27.7,27.5,19.4,65.3,17.5,0.000,0.005,0.00,0.000,7.9,10.7,1.4,303,15,8.3,12.4,1.5,305,14,8.3,12.4,1.5,305,14,190,29.76,0.1,0,0,0,39.6,45.1,48.3,0.44,0.51,0.54
PHIL,2019-11-08 13:45:00 EST,44.19354,-75.71591,430,27.7,27.5,19.6,66.8,18.1,0.000,0.005,0.00,0.000,7.2,12.5,2.0,307,19,7.9,13.3,2.2,308,19,7.9,13.3,2.2,308,19,274,29.76,0.2,0,0,0,39.6,45.1,48.3,0.44,0.51,0.54
PHIL,2019-11-08 13:50:00 EST,44.19354,-75.71591,430,28.1,27.9,20.1,67.0,18.6,0.000,0.005,0.00,0.000,7.6,12.1,1.5,306,17,8.1,12.3,1.6,308,17,8.1,12.3,1.6,308,17,245,29.76,0.2,0,0,0,39.6,45.1,48.3,0.44,0.51,0.54
PHIL,2019-11-08 13:55:00 EST,44.19354,-75.71591,430,27.9,27.7,20.7,66.3,18.1,0.000,0.005,0.00,0.000,6.4,10.7,1.7,302,19,6.9,11.6,1.8,303,19,6.9,11.6,1.8,303,19,234,29.76,0.2,0,0,0,39.6,45.1,48.3,0.44,0.51,0.54
PHIL,2019-11-08 14:00:00 EST,44.19354,-75.71591,430,27.9,27.8,20.5,66.7,18.3,0.000,0.005,0.00,0.000,6.7,9.9,1.6,322,12,7.1,10.9,1.9,324,12,7.1,10.9,1.9,324,12,210,29.76,0.2,0,0,0,39.6,45.1,48.3,0.44,0.51,0.54
PHIL,2019-11-08 14:05:00 EST,44.19354,-75.71591,430,28.5,28.2,21.7,67.0,18.9,0.000,0.005,0.00,0.000,5.9,10.3,2.3,324,19,6.3,10.9,2.3,326,17,6.3,10.9,2.3,326,17,230,29.76,0.1,0,0,0,39.6,45.1,48.4,0.44,0.51,0.54
PHIL,2019-11-08 14:10:00 EST,44.19354,-75.71591,430,28.5,28.4,21.7,65.9,18.6,0.000,0.005,0.00,0.000,5.8,11.3,1.9,310,17,6.5,11.9,1.9,312,17,6.5,11.9,1.9,312,17,173,29.76,0.1,0,0,0,39.6,45.1,48.3,0.44,0.51,0.54
PHIL,2019-11-08 14:15:00 EST,44.19354,-75.71591,430,28.7,28.5,20.5,65.1,18.4,0.000,0.005,0.00,0.000,7.8,14.2,2.3,311,15,8.4,15.1,2.4,313,14,8.4,15.1,2.4,313,14,238,29.76,0.1,0,0,0,39.6,45.1,48.2,0.44,0.51,0.54
PHIL,2019-11-08 14:20:00 EST,44.19354,-75.71591,430,28.7,28.5,20.1,64.0,18.0,0.000,0.005,0.00,0.000,8.5,13.0,2.2,309,11,9.1,13.6,2.3,309,11,9.1,13.6,2.3,309,11,306,29.76,0.1,0,0,0,39.6,45.1,48.3,0.44,0.51,0.54
PHIL,2019-11-08 14:25:00 EST,44.19354,-75.71591,430,28.6,28.5,20.2,63.4,17.8,0.000,0.005,0.00,0.000,8.3,12.3,1.6,310,12,8.9,13.3,1.7,311,12,8.9,13.3,1.7,311,12,217,29.76,0.1,0,0,0,39.6,45.1,48.3,0.44,0.51,0.54
PHIL,2019-11-08 14:30:00 EST,44.19354,-75.71591,430,28.2,28.1,20.2,64.4,17.7,0.000,0.005,0.00,0.000,7.5,11.0,1.5,316,14,8.1,12.0,1.5,317,13,8.1,12.0,1.5,317,13,133,29.76,0.2,0,0,0,39.6,45.1,48.3,0.44,0.51,0.54
PHIL,2019-11-08 14:35:00 EST,44.19354,-75.71591,430,28.6,28.4,22.2,64.7,18.2,0.000,0.005,0.00,0.000,5.5,7.6,1.1,317,18,5.9,8.7,1.4,317,17,5.9,8.7,1.4,317,17,249,29.77,0.1,0,0,0,39.6,45.1,48.4,0.44,0.51,0.54
PHIL,2019-11-08 14:40:00 EST,44.19354,-75.71591,430,28.3,28.3,22.2,63.5,17.5,0.000,0.005,0.00,0.000,4.9,9.1,1.5,292,19,5.5,9.1,1.6,291,17,5.5,9.1,1.6,291,17,102,29.77,0.1,0,0,0,39.6,45.1,48.3,0.44,0.51,0.54
PHIL,2019-11-08 14:45:00 EST,44.19354,-75.71591,430,28.1,28.1,21.4,65.1,17.8,0.000,0.005,0.00,0.000,5.3,8.5,1.2,282,18,6.1,10.9,1.4,282,16,6.1,10.9,1.4,282,16,95,29.77,0.1,0,0,0,39.6,45.1,48.3,0.44,0.51,0.54
PHIL,2019-11-08 14:50:00 EST,44.19354,-75.71591,430,27.8,27.9,20.5,65.8,17.9,0.000,0.005,0.00,0.000,6.3,9.0,1.3,285,21,6.9,11.5,1.5,286,20,6.9,11.5,1.5,286,20,75,29.77,0.1,0,0,0,39.6,45.1,48.3,0.44,0.51,0.54
PHIL,2019-11-08 14:55:00 EST,44.19354,-75.71591,430,27.8,27.9,21.3,65.9,17.9,0.000,0.005,0.00,0.000,5.4,9.0,1.3,306,18,5.9,10.0,1.3,307,15,5.9,10.0,1.3,307,15,77,29.77,0.1,0,0,0,39.6,45.1,48.3,0.44,0.51,0.54
PHIL,2019-11-08 15:00:00 EST,44.19354,-75.71591,430,27.7,27.8,21.1,66.8,18.1,0.000,0.005,0.00,0.000,5.7,9.1,1.5,311,11,6.1,10.6,1.5,312,9,6.1,10.6,1.5,312,9,75,29.77,0.1,0,0,0,39.6,45.1,48.3,0.44,0.51,0.54
PHIL,2019-11-08 15:05:00 EST,44.19354,-75.71591,430,27.8,27.8,23.1,67.3,18.3,0.000,0.005,0.00,0.000,3.6,6.4,1.1,306,17,4.1,6.7,1.2,307,16,4.1,6.7,1.2,307,16,78,29.77,0.1,0,0,0,39.6,45.1,48.4,0.44,0.51,0.54
PHIL,2019-11-08 15:10:00 EST,44.19354,-75.71591,430,27.9,28.0,23.7,65.7,17.9,0.000,0.005,0.00,0.000,3.4,6.1,1.0,302,17,3.7,6.5,1.1,303,18,3.7,6.5,1.1,303,18,74,29.77,0.0,0,0,0,39.6,45.1,48.4,0.44,0.51,0.54
PHIL,2019-11-08 15:15:00 EST,44.19354,-75.71591,430,28.0,28.1,23.8,66.8,18.4,0.000,0.005,0.00,0.000,3.4,5.2,0.9,312,22,3.8,5.6,1.0,312,20,3.8,5.6,1.0,312,20,152,29.77,0.1,0,0,0,39.6,45.1,48.3,0.44,0.51,0.54
PHIL,2019-11-08 15:20:00 EST,44.19354,-75.71591,430,28.4,28.4,22.6,64.4,17.9,0.000,0.005,0.00,0.000,4.9,9.1,1.7,332,18,5.3,9.4,1.9,335,18,5.3,9.4,1.9,335,18,90,29.77,0.1,0,0,0,39.6,45.1,48.3,0.44,0.51,0.54
PHIL,2019-11-08 15:25:00 EST,44.19354,-75.71591,430,28.2,28.3,23.0,64.8,17.9,0.000,0.005,0.00,0.000,4.1,5.7,0.8,324,17,4.6,6.7,0.9,324,17,4.6,6.7,0.9,324,17,78,29.77,0.1,0,0,0,39.6,45.1,48.3,0.44,0.51,0.54
PHIL,2019-11-08 15:30:00 EST,44.19354,-75.71591,430,28.3,28.4,23.6,64.6,17.9,0.000,0.005,0.00,0.000,3.7,5.6,0.9,338,11,4.1,6.2,0.9,339,11,4.1,6.2,0.9,339,11,82,29.77,0.1,0,0,0,39.6,45.1,48.3,0.44,0.51,0.54
PHIL,2019-11-08 15:35:00 EST,44.19354,-75.71591,430,28.4,28.5,23.3,65.1,18.1,0.000,0.005,0.00,0.000,4.0,7.4,1.2,331,12,4.5,7.9,1.2,333,11,4.5,7.9,1.2,333,11,76,29.77,0.1,0,0,0,39.6,45.1,48.3,0.44,0.51,0.54
PHIL,2019-11-08 15:40:00 EST,44.19354,-75.71591,430,28.4,28.6,22.3,63.6,17.7,0.000,0.005,0.00,0.000,5.2,7.4,1.2,328,11,5.7,8.8,1.3,328,11,5.7,8.8,1.3,328,11,54,29.77,0.1,0,0,0,39.6,45.1,48.3,0.44,0.51,0.54
PHIL,2019-11-08 15:45:00 EST,44.19354,-75.71591,430,28.4,28.5,23.6,64.2,17.8,0.000,0.005,0.00,0.000,3.8,5.5,0.9,322,15,4.2,6.3,0.9,323,13,4.2,6.3,0.9,323,13,46,29.77,0.1,0,0,0,39.6,45.0,48.3,0.44,0.51,0.54
PHIL,2019-11-08 15:50:00 EST,44.19354,-75.71591,430,28.4,28.6,23.5,63.3,17.5,0.000,0.005,0.00,0.000,4.2,6.9,1.1,315,10,4.4,7.0,1.2,317,9,4.4,7.0,1.2,317,9,56,29.77,0.1,0,0,0,39.6,45.1,48.3,0.44,0.51,0.54
PHIL,2019-11-08 15:55:00 EST,44.19354,-75.71591,430,28.4,28.7,24.2,64.3,17.9,0.000,0.005,0.00,0.000,3.5,5.6,0.7,320,15,3.8,6.3,0.9,319,15,3.8,6.3,0.9,319,15,92,29.77,0.1,0,0,0,39.6,45.1,48.3,0.44,0.51,0.54
PHIL,2019-11-08 16:00:00 EST,44.19354,-75.71591,430,28.6,28.8,23.7,62.5,17.4,0.000,0.005,0.00,0.000,4.0,6.4,0.8,313,13,4.4,6.7,0.8,313,13,4.4,6.7,0.8,313,13,78,29.77,0.1,0,0,0,39.6,45.0,48.3,0.44,0.51,0.54
PHIL,2019-11-08 16:05:00 EST,44.19354,-75.71591,430,28.5,28.7,23.6,63.6,17.7,0.000,0.005,0.00,0.000,4.1,7.7,1.5,314,10,4.4,8.2,1.6,313,9,4.4,8.2,1.6,313,9,63,29.77,0.1,0,0,0,39.6,45.0,48.4,0.44,0.51,0.54
PHIL,2019-11-08 16:10:00 EST,44.19354,-75.71591,430,28.6,28.7,28.6,63.2,17.7,0.000,0.005,0.00,0.000,2.7,4.2,0.7,316,11,2.9,4.9,0.7,318,12,2.9,4.9,0.7,318,12,62,29.78,0.1,0,0,0,39.6,45.0,48.2,0.44,0.51,0.54
PHIL,2019-11-08 16:15:00 EST,44.19354,-75.71591,430,28.5,28.7,24.3,62.8,17.4,0.000,0.005,0.00,0.000,3.4,5.8,0.9,329,13,3.8,7.3,1.0,331,13,3.8,7.3,1.0,331,13,30,29.78,0.1,0,0,0,39.6,45.0,48.3,0.44,0.51,0.54
PHIL,2019-11-08 16:20:00 EST,44.19354,-75.71591,430,28.1,28.5,24.0,64.1,17.5,0.000,0.005,0.00,0.000,3.2,4.8,0.6,337,13,3.6,5.6,0.8,337,12,3.6,5.6,0.8,337,12,22,29.78,-0.0,0,0,0,39.6,45.0,48.3,0.44,0.52,0.54
PHIL,2019-11-08 16:25:00 EST,44.19354,-75.71591,430,27.9,28.3,24.4,65.0,17.6,0.000,0.005,0.00,0.000,2.9,4.7,0.7,335,10,3.2,5.3,0.8,336,11,3.2,5.3,0.8,336,11,20,29.78,0.1,0,0,0,39.6,45.0,48.2,0.44,0.51,0.54
PHIL,2019-11-08 16:30:00 EST,44.19354,-75.71591,430,27.8,28.3,23.3,64.9,17.5,0.000,0.005,0.00,0.000,3.3,5.5,0.9,342,9,3.9,6.0,0.9,344,10,3.9,6.0,0.9,344,10,16,29.78,0.1,0,0,0,39.6,45.0,48.2,0.44,0.51,0.54
PHIL,2019-11-08 16:35:00 EST,44.19354,-75.71591,430,27.7,28.1,24.4,65.2,17.5,0.000,0.005,0.00,0.000,2.5,3.7,0.6,347,10,3.0,4.9,0.7,347,11,3.0,4.9,0.7,347,11,12,29.78,0.0,0,0,0,39.6,45.0,48.2,0.44,0.51,0.54
PHIL,2019-11-08 16:40:00 EST,44.19354,-75.71591,430,27.2,27.9,27.2,66.7,17.6,0.000,0.005,0.00,0.000,1.6,2.6,0.4,28,9,1.8,3.1,0.4,28,10,1.8,3.1,0.4,28,10,9,29.78,0.0,0,0,0,39.6,45.0,48.2,0.44,0.51,0.54
PHIL,2019-11-08 16:45:00 EST,44.19354,-75.71591,430,26.5,27.8,26.5,70.1,18.1,0.000,0.005,0.00,0.000,1.6,2.1,0.2,30,5,1.7,2.4,0.2,30,6,1.7,2.4,0.2,30,6,6,29.78,0.1,0,0,0,39.6,45.0,48.2,0.44,0.51,0.54
PHIL,2019-11-08 16:50:00 EST,44.19354,-75.71591,430,25.7,27.7,25.7,73.7,18.5,0.000,0.005,0.00,0.000,1.4,2.1,0.2,28,4,1.6,2.5,0.2,28,7,1.6,2.5,0.2,28,7,4,29.79,-0.0,0,0,0,39.6,45.0,48.2,0.44,0.52,0.54
PHIL,2019-11-08 16:55:00 EST,44.19354,-75.71591,430,24.9,27.6,24.9,78.9,19.3,0.000,0.005,0.00,0.000,2.0,2.8,0.4,24,7,2.1,3.2,0.4,24,9,2.1,3.2,0.4,24,9,2,29.79,0.0,0,0,0,39.6,45.0,48.2,0.44,0.51,0.54
PHIL,2019-11-08 17:00:00 EST,44.19354,-75.71591,430,24.3,27.5,24.3,79.1,18.7,0.000,0.005,0.00,0.000,1.5,2.0,0.2,12,3,1.8,2.3,0.2,12,5,1.8,2.3,0.2,12,5,1,29.79,0.1,0,0,0,39.6,45.0,48.2,0.44,0.51,0.54
PHIL,2019-11-08 17:05:00 EST,44.19354,-75.71591,430,23.8,27.3,23.8,81.0,18.8,0.000,0.005,0.00,0.000,1.2,1.7,0.3,18,7,1.4,1.9,0.3,22,10,1.4,1.9,0.3,22,10,0,29.79,0.1,0,0,0,39.6,45.0,48.2,0.44,0.51,0.54
PHIL,2019-11-08 17:10:00 EST,44.19354,-75.71591,430,23.6,27.1,23.6,82.6,19.1,0.000,0.005,0.00,0.000,1.3,1.9,0.3,39,4,1.5,1.9,0.2,38,3,1.5,1.9,0.2,38,3,0,29.79,0.0,0,0,0,39.6,45.0,48.2,0.44,0.51,0.54
PHIL,2019-11-08 17:15:00 EST,44.19354,-75.71591,430,23.3,27.1,23.3,82.4,18.7,0.000,0.005,0.00,0.000,1.5,1.9,0.2,41,0,1.6,2.0,0.2,40,3,1.6,2.0,0.2,40,3,0,29.79,0.1,0,0,0,39.6,45.0,48.2,0.44,0.51,0.54
PHIL,2019-11-08 17:20:00 EST,44.19354,-75.71591,430,22.3,25.4,22.3,88.6,19.5,0.000,0.005,0.00,0.000,0.5,1.3,0.4,49,57,1.0,1.6,0.4,99,67,1.0,1.6,0.4,99,67,0,29.79,0.1,0,0,0,39.6,44.9,48.2,0.44,0.51,0.54
PHIL,2019-11-08 17:25:00 EST,44.19354,-75.71591,430,22.8,24.4,22.8,89.8,20.3,0.000,0.005,0.00,0.000,1.0,1.6,0.3,219,8,1.2,1.7,0.3,220,8,1.2,1.7,0.3,220,8,0,29.79,0.1,0,0,0,39.6,45.0,48.2,0.44,0.51,0.54
PHIL,2019-11-08 17:30:00 EST,44.19354,-75.71591,430,22.3,25.0,22.3,87.9,19.3,0.000,0.005,0.00,0.000,1.4,1.8,0.2,222,3,1.6,1.9,0.1,219,4,1.6,1.9,0.1,219,4,0,29.79,0.1,0,0,0,39.6,45.0,48.2,0.44,0.51,0.54
PHIL,2019-11-08 17:35:00 EST,44.19354,-75.71591,430,21.8,24.9,21.8,89.2,19.1,0.000,0.005,0.00,0.000,0.7,1.1,0.2,220,4,0.9,1.2,0.2,219,9,0.9,1.2,0.2,219,9,0,29.79,0.1,0,0,0,39.6,44.9,48.2,0.44,0.51,0.54
PHIL,2019-11-08 17:40:00 EST,44.19354,-75.71591,430,22.2,24.4,22.2,90.9,19.9,0.000,0.005,0.00,0.000,1.0,1.2,0.1,229,0,1.2,1.4,0.1,237,2,1.2,1.4,0.1,237,2,0,29.80,0.1,0,0,0,39.6,45.0,48.2,0.44,0.51,0.54
PHIL,2019-11-08 17:45:00 EST,44.19354,-75.71591,430,21.8,24.4,21.8,90.7,19.5,0.000,0.005,0.00,0.000,0.8,1.0,0.1,229,0,1.1,1.3,0.1,239,3,1.1,1.3,0.1,239,3,0,29.80,0.1,0,0,0,39.6,45.0,48.2,0.44,0.51,0.54
PHIL,2019-11-08 17:50:00 EST,44.19354,-75.71591,430,21.4,24.5,21.4,91.1,19.2,0.000,0.005,0.00,0.000,0.7,1.0,0.2,229,81,0.9,1.3,0.3,236,5,0.9,1.3,0.3,236,5,0,29.80,0.1,0,0,0,39.6,44.9,48.2,0.44,0.51,0.54
PHIL,2019-11-08 17:55:00 EST,44.19354,-75.71591,430,20.8,24.7,20.8,92.1,18.9,0.000,0.005,0.00,0.000,0.3,0.7,0.2,229,0,0.7,1.2,0.4,209,6,0.7,1.2,0.4,209,6,0,29.80,0.2,0,0,0,39.5,45.0,48.2,0.44,0.51,0.54
PHIL,2019-11-08 18:00:00 EST,44.19354,-75.71591,430,21.1,23.8,21.1,93.3,19.4,0.000,0.005,0.00,0.000,0.6,0.9,0.2,223,8,1.2,1.4,0.1,199,6,1.2,1.4,0.1,199,6,0,29.80,0.2,0,0,0,39.4,44.9,48.2,0.44,0.51,0.54
PHIL,2019-11-08 18:05:00 EST,44.19354,-75.71591,430,20.5,23.2,20.5,93.8,19.0,0.000,0.005,0.00,0.000,0.8,1.6,0.3,193,12,1.2,2.0,0.4,181,15,1.2,2.0,0.4,181,15,0,29.80,0.1,0,0,0,39.4,45.0,48.2,0.44,0.51,0.54
PHIL,2019-11-08 18:10:00 EST,44.19354,-75.71591,430,20.0,22.9,20.0,93.6,18.5,0.000,0.005,0.00,0.000,2.1,2.5,0.3,156,12,2.3,3.1,0.4,155,13,2.3,3.1,0.4,155,13,0,29.80,0.2,0,0,0,39.4,44.9,48.2,0.44,0.51,0.54
PHIL,2019-11-08 18:15:00 EST,44.19354,-75.71591,430,20.2,22.9,20.2,91.5,18.2,0.000,0.005,0.00,0.000,2.0,2.3,0.2,150,5,2.1,2.7,0.2,148,6,2.1,2.7,0.2,148,6,0,29.80,0.2,0,0,0,39.4,44.9,48.2,0.44,0.51,0.54
PHIL,2019-11-08 18:20:00 EST,44.19354,-75.71591,430,20.2,22.5,20.2,92.6,18.4,0.000,0.005,0.00,0.000,1.9,2.4,0.2,168,9,2.2,2.7,0.2,169,11,2.2,2.7,0.2,169,11,0,29.80,0.1,0,0,0,39.4,44.9,48.2,0.44,0.51,0.54
PHIL,2019-11-08 18:25:00 EST,44.19354,-75.71591,430,19.0,22.1,19.0,91.8,17.1,0.000,0.005,0.00,0.000,1.5,2.0,0.2,164,0,1.8,2.4,0.3,162,5,1.8,2.4,0.3,162,5,0,29.80,0.3,0,0,0,39.4,45.0,48.2,0.44,0.51,0.54
PHIL,2019-11-08 18:30:00 EST,44.19354,-75.71591,430,19.4,22.3,19.4,93.3,17.8,0.000,0.005,0.00,0.000,2.3,3.1,0.5,164,2,2.7,3.5,0.5,157,3,2.7,3.5,0.5,157,3,0,29.80,0.1,0,0,0,39.4,44.9,48.2,0.43,0.51,0.54
PHIL,2019-11-08 18:35:00 EST,44.19354,-75.71591,430,18.9,21.5,18.9,93.1,17.2,0.000,0.005,0.00,0.000,2.3,2.8,0.2,158,1,2.5,2.9,0.2,155,4,2.5,2.9,0.2,155,4,0,29.80,0.2,0,0,0,39.4,44.9,48.2,0.43,0.51,0.54
PHIL,2019-11-08 18:40:00 EST,44.19354,-75.71591,430,18.7,20.9,18.7,93.7,17.2,0.000,0.005,0.00,0.000,1.7,2.4,0.4,147,5,1.7,2.4,0.4,139,5,1.7,2.4,0.4,139,5,0,29.80,0.2,0,0,0,39.4,44.7,48.2,0.43,0.51,0.54
PHIL,2019-11-08 18:45:00 EST,44.19354,-75.71591,430,18.8,20.9,18.8,94.1,17.4,0.000,0.005,0.00,0.000,1.1,1.7,0.4,142,8,1.3,1.9,0.3,146,13,1.3,1.9,0.3,146,13,0,29.81,0.2,0,0,0,39.4,44.8,48.2,0.44,0.51,0.54
PHIL,2019-11-08 18:50:00 EST,44.19354,-75.71591,430,18.9,21.3,18.9,94.5,17.6,0.000,0.005,0.00,0.000,1.3,1.8,0.4,134,9,1.4,1.9,0.3,132,9,1.4,1.9,0.3,132,9,0,29.81,0.2,0,0,0,39.4,44.9,48.2,0.43,0.51,0.54
PHIL,2019-11-08 18:55:00 EST,44.19354,-75.71591,430,18.4,22.0,18.4,94.8,17.2,0.000,0.005,0.00,0.000,1.7,2.0,0.1,129,5,1.7,2.1,0.1,131,6,1.7,2.1,0.1,131,6,0,29.81,0.2,0,0,0,39.4,44.8,48.2,0.43,0.51,0.54
PHIL,2019-11-08 19:00:00 EST,44.19354,-75.71591,430,18.4,22.1,18.4,94.9,17.2,0.000,0.005,0.00,0.000,1.7,1.8,0.1,135,6,1.7,2.0,0.1,134,4,1.7,2.0,0.1,134,4,0,29.81,0.2,0,0,0,39.3,44.8,48.2,0.43,0.51,0.54
PHIL,2019-11-08 19:05:00 EST,44.19354,-75.71591,430,18.5,21.9,18.5,95.0,17.3,0.000,0.005,0.00,0.000,1.4,1.8,0.2,137,6,1.5,1.9,0.2,141,7,1.5,1.9,0.2,141,7,0,29.81,0.2,0,0,0,39.3,44.8,48.2,0.43,0.51,0.54
PHIL,2019-11-08 19:10:00 EST,44.19354,-75.71591,430,18.6,21.5,18.6,95.6,17.5,0.000,0.005,0.00,0.000,0.9,1.2,0.2,144,0,1.2,1.5,0.2,153,4,1.2,1.5,0.2,153,4,0,29.81,0.2,0,0,0,39.2,44.8,48.2,0.43,0.51,0.54
PHIL,2019-11-08 19:15:00 EST,44.19354,-75.71591,430,18.6,21.2,18.6,95.4,17.5,0.000,0.005,0.00,0.000,0.6,0.7,0.1,144,0,0.9,1.2,0.1,155,5,0.9,1.2,0.1,155,5,0,29.81,0.2,0,0,0,39.2,44.8,48.2,0.43,0.51,0.54
PHIL,2019-11-08 19:20:00 EST,44.19354,-75.71591,430,18.4,21.1,18.4,95.7,17.4,0.000,0.005,0.00,0.000,1.0,1.8,0.5,151,7,1.4,2.3,0.5,158,5,1.4,2.3,0.5,158,5,0,29.81,0.2,0,0,0,39.2,44.7,48.2,0.43,0.51,0.54
PHIL,2019-11-08 19:25:00 EST,44.19354,-75.71591,430,17.8,21.3,17.8,96.0,16.9,0.000,0.005,0.00,0.000,2.0,2.5,0.3,152,5,2.1,2.5,0.2,147,5,2.1,2.5,0.2,147,5,0,29.81,0.2,0,0,0,39.2,44.8,48.2,0.43,0.51,0.54
PHIL,2019-11-08 19:30:00 EST,44.19354,-75.71591,430,17.5,21.8,17.5,95.7,16.5,0.000,0.005,0.00,0.000,2.0,2.7,0.5,147,3,2.0,2.6,0.4,143,4,2.0,2.6,0.4,143,4,0,29.81,0.2,0,0,0,39.2,44.7,48.2,0.43,0.51,0.54
PHIL,2019-11-08 19:35:00 EST,44.19354,-75.71591,430,17.6,21.7,17.6,94.0,16.2,0.000,0.005,0.00,0.000,1.3,1.7,0.1,134,13,1.5,2.0,0.2,129,15,1.5,2.0,0.2,129,15,0,29.81,0.2,0,0,0,39.2,44.7,48.2,0.43,0.51,0.54
PHIL,2019-11-08 19:40:00 EST,44.19354,-75.71591,430,18.3,21.2,18.3,94.0,16.9,0.000,0.005,0.00,0.000,0.5,1.3,0.5,107,0,0.7,1.7,0.6,106,8,0.7,1.7,0.6,106,8,0,29.81,0.2,0,0,0,39.2,44.8,48.2,0.43,0.51,0.54
PHIL,2019-11-08 19:45:00 EST,44.19354,-75.71591,430,18.1,21.0,18.1,94.9,16.9,0.000,0.005,0.00,0.000,0.4,1.0,0.4,144,0,0.6,1.5,0.5,140,7,0.6,1.5,0.5,140,7,0,29.81,0.2,0,0,0,39.2,44.8,48.2,0.43,0.51,0.54
PHIL,2019-11-08 19:50:00 EST,44.19354,-75.71591,430,18.0,21.0,18.0,95.2,16.9,0.000,0.005,0.00,0.000,1.2,1.4,0.1,152,8,1.4,1.8,0.2,156,13,1.4,1.8,0.2,156,13,0,29.81,0.2,0,0,0,39.2,44.8,48.2,0.43,0.51,0.54
PHIL,2019-11-08 19:55:00 EST,44.19354,-75.71591,430,17.4,21.1,17.4,95.0,16.2,0.000,0.005,0.00,0.000,1.9,2.7,0.3,150,10,2.0,3.1,0.4,149,12,2.0,3.1,0.4,149,12,0,29.81,0.2,0,0,0,39.2,44.7,48.1,0.43,0.51,0.54
PHIL,2019-11-08 20:00:00 EST,44.19354,-75.71591,430,16.9,21.0,16.9,94.4,15.6,0.000,0.005,0.00,0.000,1.7,2.3,0.2,155,9,1.9,2.6,0.2,151,9,1.9,2.6,0.2,151,9,0,29.81,0.2,0,0,0,39.2,44.7,48.2,0.43,0.51,0.54
PHIL,2019-11-08 20:05:00 EST,44.19354,-75.71591,430,16.4,21.2,16.4,93.1,14.8,0.000,0.005,0.00,0.000,1.7,2.5,0.3,141,5,1.7,2.5,0.2,138,5,1.7,2.5,0.2,138,5,0,29.81,0.2,0,0,0,39.2,44.8,48.1,0.43,0.51,0.54
PHIL,2019-11-08 20:10:00 EST,44.19354,-75.71591,430,16.7,21.3,16.7,92.7,15.0,0.000,0.005,0.00,0.000,2.3,2.8,0.2,136,5,2.2,3.0,0.2,135,3,2.2,3.0,0.2,135,3,0,29.81,0.3,0,0,0,39.2,44.7,48.1,0.43,0.51,0.54
PHIL,2019-11-08 20:15:00 EST,44.19354,-75.71591,430,17.0,20.3,17.0,93.8,15.6,0.000,0.005,0.00,0.000,2.2,2.9,0.4,134,4,2.1,3.0,0.4,135,4,2.1,3.0,0.4,135,4,0,29.81,0.2,0,0,0,39.2,44.8,48.1,0.43,0.51,0.54
PHIL,2019-11-08 20:20:00 EST,44.19354,-75.71591,430,17.5,20.8,17.5,94.8,16.2,0.000,0.005,0.00,0.000,2.0,2.6,0.2,157,5,2.3,2.9,0.3,154,5,2.3,2.9,0.3,154,5,0,29.81,0.2,0,0,0,39.2,44.8,48.1,0.43,0.51,0.54
PHIL,2019-11-08 20:25:00 EST,44.19354,-75.71591,430,16.9,20.7,16.9,95.4,15.8,0.000,0.005,0.00,0.000,1.4,2.3,0.4,159,0,1.6,2.7,0.4,158,7,1.6,2.7,0.4,158,7,0,29.81,0.2,0,0,0,39.2,44.8,48.2,0.43,0.51,0.54
PHIL,2019-11-08 20:30:00 EST,44.19354,-75.71591,430,17.1,20.4,17.1,95.7,16.1,0.000,0.005,0.00,0.000,0.3,1.2,0.4,159,0,0.7,1.6,0.6,190,16,0.7,1.6,0.6,190,16,0,29.81,0.2,0,0,0,39.2,44.8,48.2,0.43,0.51,0.54
PHIL,2019-11-08 20:35:00 EST,44.19354,-75.71591,430,17.0,20.7,17.0,95.4,15.9,0.000,0.005,0.00,0.000,0.6,2.0,0.6,210,7,1.1,2.2,0.6,221,14,1.1,2.2,0.6,221,14,0,29.81,0.2,0,0,0,39.2,44.8,48.1,0.43,0.51,0.54
PHIL,2019-11-08 20:40:00 EST,44.19354,-75.71591,430,16.7,20.0,16.7,95.0,15.5,0.000,0.005,0.00,0.000,0.0,0.0,0.0,0,0,0.0,0.8,0.1,172,0,0.0,0.8,0.1,172,0,0,29.81,0.3,0,0,0,39.2,44.8,48.1,0.43,0.51,0.54
PHIL,2019-11-08 20:45:00 EST,44.19354,-75.71591,430,16.6,19.8,16.6,94.8,15.3,0.000,0.005,0.00,0.000,0.1,0.6,0.2,221,0,0.5,1.0,0.4,234,20,0.5,1.0,0.4,234,20,0,29.81,0.2,0,0,0,39.2,44.8,48.1,0.43,0.51,0.54
PHIL,2019-11-08 20:50:00 EST,44.19354,-75.71591,430,16.6,18.9,16.6,94.3,15.2,0.000,0.005,0.00,0.000,0.2,0.9,0.3,221,0,0.4,1.3,0.5,234,11,0.4,1.3,0.5,234,11,0,29.81,0.2,0,0,0,39.2,44.7,48.0,0.43,0.51,0.54
PHIL,2019-11-08 20:55:00 EST,44.19354,-75.71591,430,16.4,19.5,16.4,94.7,15.1,0.000,0.005,0.00,0.000,0.6,0.9,0.1,221,0,0.9,1.5,0.2,228,15,0.9,1.5,0.2,228,15,0,29.81,0.2,0,0,0,39.1,44.7,48.2,0.43,0.51,0.54
PHIL,2019-11-08 21:00:00 EST,44.19354,-75.71591,430,16.3,19.1,16.3,94.5,15.0,0.000,0.005,0.00,0.000,0.4,0.7,0.2,221,81,0.7,1.0,0.3,220,10,0.7,1.0,0.3,220,10,0,29.81,0.2,0,0,0,39.0,44.7,48.1,0.43,0.51,0.54
PHIL,2019-11-08 21:05:00 EST,44.19354,-75.71591,430,16.5,18.8,16.5,94.8,15.2,0.000,0.005,0.00,0.000,0.2,0.7,0.3,221,0,0.6,0.9,0.4,237,16,0.6,0.9,0.4,237,16,0,29.81,0.2,0,0,0,39.0,44.8,48.1,0.43,0.51,0.54
PHIL,2019-11-08 21:10:00 EST,44.19354,-75.71591,430,16.3,18.8,16.3,94.8,15.0,0.000,0.005,0.00,0.000,0.3,1.2,0.3,226,7,0.7,1.9,0.6,252,9,0.7,1.9,0.6,252,9,0,29.81,0.3,0,0,0,39.0,44.8,48.1,0.43,0.51,0.54
PHIL,2019-11-08 21:15:00 EST,44.19354,-75.71591,430,16.4,19.7,16.4,95.3,15.3,0.000,0.005,0.00,0.000,1.3,2.0,0.3,244,6,1.5,2.2,0.2,246,11,1.5,2.2,0.2,246,11,0,29.81,0.2,0,0,0,39.0,44.7,48.1,0.43,0.51,0.54
PHIL,2019-11-08 21:20:00 EST,44.19354,-75.71591,430,16.1,19.9,16.1,95.1,15.0,0.000,0.005,0.00,0.000,0.2,1.1,0.4,248,3,0.4,1.6,0.5,259,10,0.4,1.6,0.5,259,10,0,29.81,0.3,0,0,0,39.0,44.8,48.0,0.43,0.51,0.54
PHIL,2019-11-08 21:25:00 EST,44.19354,-75.71591,430,16.6,20.1,16.6,95.1,15.5,0.000,0.005,0.00,0.000,0.6,1.1,0.3,229,6,0.7,1.3,0.4,225,11,0.7,1.3,0.4,225,11,0,29.81,0.2,0,0,0,39.0,44.7,48.1,0.43,0.51,0.54
PHIL,2019-11-08 21:30:00 EST,44.19354,-75.71591,430,16.0,20.1,16.0,95.2,14.9,0.000,0.005,0.00,0.000,0.7,2.3,0.6,207,11,1.1,2.4,0.5,198,14,1.1,2.4,0.5,198,14,0,29.81,0.2,0,0,0,39.0,44.8,48.0,0.43,0.51,0.54
PHIL,2019-11-08 21:35:00 EST,44.19354,-75.71591,430,16.0,20.1,16.0,94.0,14.6,0.000,0.005,0.00,0.000,1.2,2.0,0.3,185,8,1.5,2.5,0.3,182,14,1.5,2.5,0.3,182,14,0,29.81,0.3,0,0,0,39.0,44.8,48.0,0.43,0.51,0.54
PHIL,2019-11-08 21:40:00 EST,44.19354,-75.71591,430,16.1,20.4,16.1,93.9,14.7,0.000,0.005,0.00,0.000,1.7,2.7,0.4,194,16,2.0,2.7,0.4,195,17,2.0,2.7,0.4,195,17,0,29.81,0.2,0,0,0,39.0,44.7,48.0,0.43,0.51,0.54
PHIL,2019-11-08 21:45:00 EST,44.19354,-75.71591,430,15.9,21.0,15.9,93.6,14.3,0.000,0.005,0.00,0.000,1.8,3.3,0.7,221,25,2.1,3.7,0.7,223,26,2.1,3.7,0.7,223,26,0,29.81,0.2,0,0,0,39.0,44.7,48.0,0.43,0.51,0.54
PHIL,2019-11-08 21:50:00 EST,44.19354,-75.71591,430,16.3,21.2,16.3,94.2,14.9,0.000,0.005,0.00,0.000,1.8,2.6,0.3,272,9,2.1,3.2,0.4,273,11,2.1,3.2,0.4,273,11,0,29.81,0.3,0,0,0,38.8,44.8,47.9,0.43,0.51,0.54
PHIL,2019-11-08 21:55:00 EST,44.19354,-75.71591,430,17.5,21.9,17.5,94.5,16.2,0.000,0.005,0.00,0.000,2.1,3.7,0.5,256,9,2.4,4.4,0.6,257,11,2.4,4.4,0.6,257,11,0,29.81,0.1,0,0,0,38.8,44.7,48.0,0.43,0.51,0.54
PHIL,2019-11-08 22:00:00 EST,44.19354,-75.71591,430,17.8,21.9,17.8,94.2,16.4,0.000,0.005,0.00,0.000,1.7,3.3,0.5,263,12,2.0,3.8,0.6,266,13,2.0,3.8,0.6,266,13,0,29.81,0.2,0,0,0,38.8,44.7,48.0,0.43,0.51,0.54
PHIL,2019-11-08 22:05:00 EST,44.19354,-75.71591,430,17.6,22.1,17.6,93.5,16.1,0.000,0.005,0.00,0.000,2.0,3.6,0.6,248,14,2.3,4.4,0.7,248,16,2.3,4.4,0.7,248,16,0,29.81,0.2,0,0,0,38.8,44.6,48.0,0.43,0.51,0.54
PHIL,2019-11-08 22:10:00 EST,44.19354,-75.71591,430,17.2,21.9,17.2,91.8,15.3,0.000,0.005,0.00,0.000,2.0,3.2,0.5,237,13,2.2,4.7,0.7,238,14,2.2,4.7,0.7,238,14,0,29.81,0.1,0,0,0,38.8,44.8,48.0,0.43,0.51,0.54
PHIL,2019-11-08 22:15:00 EST,44.19354,-75.71591,430,16.7,21.7,16.7,90.8,14.5,0.000,0.005,0.00,0.000,2.3,3.4,0.4,227,10,2.3,3.9,0.5,228,12,2.3,3.9,0.5,228,12,0,29.81,0.3,0,0,0,38.7,44.8,48.0,0.43,0.51,0.54
PHIL,2019-11-08 22:20:00 EST,44.19354,-75.71591,430,16.5,21.9,16.5,91.2,14.4,0.000,0.005,0.00,0.000,2.8,4.4,0.5,224,9,2.9,4.8,0.6,224,8,2.9,4.8,0.6,224,8,0,29.80,0.2,0,0,0,38.7,44.8,47.9,0.43,0.51,0.54
PHIL,2019-11-08 22:25:00 EST,44.19354,-75.71591,430,16.8,21.8,16.8,91.5,14.8,0.000,0.005,0.00,0.000,2.6,3.4,0.4,225,9,2.7,4.4,0.6,226,9,2.7,4.4,0.6,226,9,0,29.80,0.3,0,0,0,38.7,44.7,47.9,0.43,0.51,0.54
PHIL,2019-11-08 22:30:00 EST,44.19354,-75.71591,430,17.7,22.1,17.7,93.4,16.1,0.000,0.005,0.00,0.000,2.2,3.3,0.4,220,9,2.2,3.5,0.4,223,8,2.2,3.5,0.4,223,8,0,29.80,0.3,0,0,0,38.7,44.8,47.9,0.43,0.51,0.54
PHIL,2019-11-08 22:35:00 EST,44.19354,-75.71591,430,17.6,21.9,17.6,92.9,15.9,0.000,0.005,0.00,0.000,2.5,3.4,0.3,207,11,2.7,3.6,0.4,208,10,2.7,3.6,0.4,208,10,0,29.80,0.2,0,0,0,38.7,44.7,47.9,0.43,0.51,0.54
PHIL,2019-11-08 22:40:00 EST,44.19354,-75.71591,430,17.1,21.4,17.1,91.6,15.1,0.000,0.005,0.00,0.000,2.5,3.4,0.4,210,9,2.7,3.9,0.4,213,8,2.7,3.9,0.4,213,8,0,29.80,0.2,0,0,0,38.7,44.7,48.0,0.43,0.51,0.54
PHIL,2019-11-08 22:45:00 EST,44.19354,-75.71591,430,17.2,22.0,17.2,92.4,15.4,0.000,0.005,0.00,0.000,2.1,3.3,0.5,217,9,2.2,3.5,0.5,219,9,2.2,3.5,0.5,219,9,0,29.80,0.2,0,0,0,38.6,44.7,47.9,0.43,0.51,0.54
PHIL,2019-11-08 22:50:00 EST,44.19354,-75.71591,430,18.3,22.4,18.3,93.9,16.9,0.000,0.005,0.00,0.000,1.4,2.8,0.6,245,18,1.7,4.0,0.8,247,20,1.7,4.0,0.8,247,20,0,29.80,0.3,0,0,0,38.6,44.7,48.0,0.43,0.51,0.54
PHIL,2019-11-08 22:55:00 EST,44.19354,-75.71591,430,18.9,22.6,18.9,93.8,17.4,0.000,0.005,0.00,0.000,1.4,3.0,0.5,247,10,1.6,3.5,0.6,247,14,1.6,3.5,0.6,247,14,0,29.80,0.1,0,0,0,38.5,44.7,47.9,0.43,0.51,0.54
PHIL,2019-11-08 23:00:00 EST,44.19354,-75.71591,430,17.6,22.0,17.6,90.6,15.3,0.000,0.005,0.00,0.000,1.9,3.4,0.5,206,17,2.1,3.2,0.6,207,18,2.1,3.2,0.6,207,18,0,29.80,0.2,0,0,0,38.5,44.7,47.9,0.43,0.51,0.54
PHIL,2019-11-08 23:05:00 EST,44.19354,-75.71591,430,16.0,21.5,10.2,88.6,13.2,0.000,0.005,0.00,0.000,3.2,4.6,0.6,180,8,3.6,5.4,0.6,182,7,3.6,5.4,0.6,182,7,0,29.80,0.3,0,0,0,38.5,44.7,47.9,0.43,0.51,0.54
PHIL,2019-11-08 23:10:00 EST,44.19354,-75.71591,430,16.4,21.1,11.5,90.6,14.2,0.000,0.005,0.00,0.000,2.8,3.5,0.3,180,6,3.1,4.3,0.5,181,7,3.1,4.3,0.5,181,7,0,29.80,0.2,0,0,0,38.5,44.7,48.0,0.43,0.51,0.54
PHIL,2019-11-08 23:15:00 EST,44.19354,-75.71591,430,16.2,21.0,16.2,91.1,14.0,0.000,0.005,0.00,0.000,2.7,3.7,0.6,179,7,3.0,4.3,0.7,182,8,3.0,4.3,0.7,182,8,0,29.80,0.3,0,0,0,38.5,44.7,47.9,0.43,0.51,0.54
PHIL,2019-11-08 23:20:00 EST,44.19354,-75.71591,430,16.6,20.6,16.6,92.1,14.7,0.000,0.005,0.00,0.000,2.5,3.7,0.4,185,7,2.8,4.2,0.5,187,8,2.8,4.2,0.5,187,8,0,29.80,0.3,0,0,0,38.4,44.7,47.9,0.43,0.51,0.54
PHIL,2019-11-08 23:25:00 EST,44.19354,-75.71591,430,16.8,20.5,16.8,93.3,15.2,0.000,0.005,0.00,0.000,1.5,3.0,0.7,193,7,1.9,3.5,0.8,193,10,1.9,3.5,0.8,193,10,0,29.80,0.2,0,0,0,38.4,44.6,48.0,0.43,0.51,0.54
PHIL,2019-11-08 23:30:00 EST,44.19354,-75.71591,430,17.2,20.5,17.2,93.4,15.7,0.000,0.005,0.00,0.000,1.1,1.8,0.5,193,4,1.4,2.1,0.4,187,13,1.4,2.1,0.4,187,13,0,29.80,0.2,0,0,0,38.4,44.6,47.9,0.43,0.51,0.54
PHIL,2019-11-08 23:35:00 EST,44.19354,-75.71591,430,16.3,20.3,16.3,93.0,14.6,0.000,0.005,0.00,0.000,1.7,2.5,0.5,176,4,2.0,2.8,0.5,171,6,2.0,2.8,0.5,171,6,0,29.80,0.3,0,0,0,38.3,44.6,47.9,0.43,0.51,0.54
PHIL,2019-11-08 23:40:00 EST,44.19354,-75.71591,430,15.8,20.1,15.8,92.7,14.1,0.000,0.005,0.00,0.000,2.4,2.8,0.2,166,2,2.6,3.2,0.2,165,5,2.6,3.2,0.2,165,5,0,29.80,0.3,0,0,0,38.3,44.6,48.0,0.43,0.51,0.54
PHIL,2019-11-08 23:45:00 EST,44.19354,-75.71591,430,16.0,20.6,16.0,92.3,14.2,0.000,0.005,0.00,0.000,2.4,3.2,0.5,171,8,2.8,3.7,0.5,170,11,2.8,3.7,0.5,170,11,0,29.80,0.3,0,0,0,38.3,44.6,47.9,0.43,0.51,0.54
PHIL,2019-11-08 23:50:00 EST,44.19354,-75.71591,430,15.9,20.1,10.8,92.2,14.0,0.000,0.005,0.00,0.000,2.9,3.5,0.3,159,6,3.2,4.0,0.4,158,9,3.2,4.0,0.4,158,9,0,29.80,0.3,0,0,0,38.3,44.6,47.9,0.43,0.51,0.54
PHIL,2019-11-08 23:55:00 EST,44.19354,-75.71591,430,16.0,20.6,16.0,93.5,14.5,0.000,0.005,0.00,0.000,2.2,3.4,0.5,179,9,2.6,3.7,0.5,179,11,2.6,3.7,0.5,179,11,0,29.80,0.2,0,0,0,38.3,44.6,48.0,0.43,0.51,0.54
PISE,2019-11-08 00:00:00 EST,43.46474,-74.50432,1759,20.9,21.0,13.3,77.7,15.0,0.000,0.046,0.00,0.000,5.0,9.8,1.8,330,14,5.7,10.3,1.8,333,15,5.7,10.3,1.8,333,15,0,28.15,-0.0,0,0,0,39.1,42.3,44.8,0.38,0.41,0.54
PISE,2019-11-08 00:05:00 EST,43.46474,-74.50432,1759,20.9,21.0,14.2,77.1,14.8,0.000,0.000,0.00,0.000,4.2,8.3,1.7,317,19,4.9,8.8,1.8,319,19,4.9,8.8,1.8,319,19,0,28.15,-0.0,0,0,0,39.1,42.3,44.8,0.38,0.41,0.54
PISE,2019-11-08 00:10:00 EST,43.46474,-74.50432,1759,20.7,20.9,13.8,77.4,14.7,0.000,0.000,0.00,0.000,4.0,8.4,2.1,346,21,5.0,12.0,2.4,350,21,5.0,12.0,2.4,350,21,0,28.15,0.0,0,0,0,39.0,42.3,44.8,0.38,0.41,0.54
PISE,2019-11-08 00:15:00 EST,43.46474,-74.50432,1759,20.6,20.9,14.6,76.6,14.4,0.000,0.000,0.00,0.000,3.5,7.0,1.6,355,18,4.2,8.3,1.8,358,16,4.2,8.3,1.8,358,16,0,28.15,-0.1,0,0,0,39.0,42.3,44.8,0.38,0.41,0.54
PISE,2019-11-08 00:20:00 EST,43.46474,-74.50432,1759,20.3,20.6,20.3,78.3,14.6,0.000,0.000,0.00,0.000,2.2,5.0,1.1,348,25,2.8,5.7,1.1,351,23,2.8,5.7,1.1,351,23,0,28.15,-0.0,0,0,0,39.0,42.3,44.8,0.38,0.42,0.54
PISE,2019-11-08 00:25:00 EST,43.46474,-74.50432,1759,20.2,20.5,14.5,78.9,14.7,0.000,0.000,0.00,0.000,3.2,6.6,1.3,12,23,4.0,8.0,1.3,14,20,4.0,8.0,1.3,14,20,0,28.15,-0.0,0,0,0,39.0,42.3,44.8,0.38,0.41,0.54
PISE,2019-11-08 00:30:00 EST,43.46474,-74.50432,1759,19.9,20.3,19.9,79.7,14.6,0.000,0.000,0.00,0.000,1.9,3.2,0.6,9,24,2.5,4.9,0.9,13,23,2.5,4.9,0.9,13,23,0,28.14,-0.0,0,0,0,39.0,42.3,44.8,0.38,0.41,0.54
PISE,2019-11-08 00:35:00 EST,43.46474,-74.50432,1759,19.8,20.1,19.8,80.7,14.8,0.000,0.000,0.00,0.000,2.2,4.4,1.1,349,27,2.5,5.0,1.2,352,28,2.5,5.0,1.2,352,28,0,28.15,-0.0,0,0,0,38.9,42.3,44.8,0.38,0.41,0.54
PISE,2019-11-08 00:40:00 EST,43.46474,-74.50432,1759,20.0,20.2,15.2,79.9,14.8,0.000,0.000,0.00,0.000,2.8,5.3,1.1,348,18,3.3,6.3,1.4,352,17,3.3,6.3,1.4,352,17,0,28.14,-0.0,0,0,0,39.0,42.3,44.8,0.38,0.41,0.54
PISE,2019-11-08 00:45:00 EST,43.46474,-74.50432,1759,19.7,20.1,19.7,79.8,14.5,0.000,0.000,0.00,0.000,1.8,3.3,0.6,354,22,2.5,4.8,0.8,357,21,2.5,4.8,0.8,357,21,0,28.14,-0.0,0,0,0,38.9,42.3,44.8,0.38,0.41,0.54
PISE,2019-11-08 00:50:00 EST,43.46474,-74.50432,1759,19.6,20.1,19.6,81.0,14.7,0.000,0.000,0.00,0.000,2.2,4.2,0.8,358,24,2.9,5.7,1.1,2,21,2.9,5.7,1.1,2,21,0,28.14,-0.0,0,0,0,38.9,42.2,44.8,0.38,0.41,0.54
PISE,2019-11-08 00:55:00 EST,43.46474,-74.50432,1759,19.5,20.0,19.5,80.4,14.5,0.000,0.000,0.00,0.000,2.4,5.3,1.0,7,23,2.9,7.7,1.4,10,21,2.9,7.7,1.4,10,21,0,28.14,-0.0,0,0,0,38.9,42.3,44.8,0.38,0.41,0.54
PISE,2019-11-08 01:00:00 EST,43.46474,-74.50432,1759,19.4,19.9,14.6,80.1,14.2,0.000,0.000,0.00,0.000,2.7,4.9,1.1,359,31,3.2,5.7,1.3,1,28,3.2,5.7,1.3,1,28,0,28.14,0.0,0,0,0,38.8,42.3,44.8,0.38,0.41,0.54
PISE,2019-11-08 01:05:00 EST,43.46474,-74.50432,1759,19.5,19.9,19.5,80.1,14.4,0.000,0.000,0.00,0.000,2.0,4.2,1.0,4,27,2.9,6.0,1.3,7,22,2.9,6.0,1.3,7,22,0,28.14,-0.0,0,0,0,38.9,42.3,44.8,0.38,0.41,0.54
PISE,2019-11-08 01:10:00 EST,43.46474,-74.50432,1759,19.3,19.8,19.3,79.8,14.1,0.000,0.000,0.00,0.000,2.0,6.0,1.3,7,29,2.7,8.4,1.6,11,26,2.7,8.4,1.6,11,26,0,28.13,0.0,0,0,0,38.8,42.3,44.8,0.38,0.41,0.54
PISE,2019-11-08 01:15:00 EST,43.46474,-74.50432,1759,19.1,19.6,19.1,80.9,14.2,0.000,0.000,0.00,0.000,1.7,2.8,0.5,27,31,2.2,4.2,0.7,28,31,2.2,4.2,0.7,28,31,0,28.13,-0.0,0,0,0,38.8,42.2,44.8,0.38,0.41,0.54
PISE,2019-11-08 01:20:00 EST,43.46474,-74.50432,1759,19.0,19.4,19.0,81.9,14.3,0.000,0.000,0.00,0.000,1.6,2.7,0.5,35,26,2.0,3.7,0.5,35,26,2.0,3.7,0.5,35,26,0,28.13,-0.0,0,0,0,38.8,42.2,44.8,0.38,0.42,0.54
PISE,2019-11-08 01:25:00 EST,43.46474,-74.50432,1759,18.7,19.2,18.7,82.8,14.3,0.000,0.000,0.00,0.000,1.2,3.1,0.6,48,28,1.5,3.0,0.5,46,29,1.5,3.0,0.5,46,29,0,28.12,-0.0,0,0,0,38.7,42.1,44.8,0.38,0.41,0.54
PISE,2019-11-08 01:30:00 EST,43.46474,-74.50432,1759,18.6,19.0,18.6,83.7,14.5,0.000,0.000,0.00,0.000,1.2,2.5,0.6,356,31,1.7,3.7,0.9,358,29,1.7,3.7,0.9,358,29,0,28.12,-0.1,0,0,0,38.7,42.1,44.8,0.38,0.41,0.54
PISE,2019-11-08 01:35:00 EST,43.46474,-74.50432,1759,18.0,18.9,18.0,85.1,14.3,0.000,0.000,0.00,0.000,2.4,3.9,0.5,291,15,2.8,4.4,0.5,293,14,2.8,4.4,0.5,293,14,0,28.12,-0.1,0,0,0,38.7,42.1,44.8,0.38,0.41,0.54
PISE,2019-11-08 01:40:00 EST,43.46474,-74.50432,1759,17.8,18.9,17.8,86.4,14.4,0.000,0.000,0.00,0.000,2.5,3.8,0.6,265,14,2.8,4.4,0.7,267,14,2.8,4.4,0.7,267,14,0,28.13,0.1,0,0,0,38.7,42.1,44.8,0.38,0.41,0.54
PISE,2019-11-08 01:45:00 EST,43.46474,-74.50432,1759,18.4,19.1,12.1,83.6,14.2,0.000,0.000,0.00,0.000,3.5,7.7,1.7,278,17,4.1,9.1,1.8,279,14,4.1,9.1,1.8,279,14,0,28.13,-0.0,0,0,0,38.7,42.1,44.8,0.38,0.41,0.54
PISE,2019-11-08 01:50:00 EST,43.46474,-74.50432,1759,18.0,18.8,18.0,81.6,13.3,0.000,0.000,0.00,0.000,1.9,3.4,0.6,277,22,2.4,3.9,0.6,279,22,2.4,3.9,0.6,279,22,0,28.13,-0.0,0,0,0,38.7,42.1,44.8,0.38,0.41,0.54
PISE,2019-11-08 01:55:00 EST,43.46474,-74.50432,1759,17.8,18.8,17.8,83.3,13.6,0.000,0.000,0.00,0.000,2.3,6.6,1.4,288,26,2.7,7.2,1.5,291,28,2.7,7.2,1.5,291,28,0,28.13,-0.1,0,0,0,38.7,42.1,44.8,0.38,0.41,0.54
PISE,2019-11-08 02:00:00 EST,43.46474,-74.50432,1759,18.0,18.8,18.0,82.3,13.6,0.000,0.000,0.00,0.000,1.2,3.1,0.8,298,25,1.6,3.5,0.8,298,30,1.6,3.5,0.8,298,30,0,28.13,-0.0,0,0,0,38.7,42.1,44.8,0.38,0.41,0.54
PISE,2019-11-08 02:05:00 EST,43.46474,-74.50432,1759,17.6,18.7,17.6,82.4,13.2,0.000,0.000,0.00,0.000,0.3,1.8,0.4,272,29,0.7,2.4,0.7,261,39,0.7,2.4,0.7,261,39,0,28.13,-0.0,0,0,0,38.7,42.1,44.8,0.38,0.41,0.54
PISE,2019-11-08 02:10:00 EST,43.46474,-74.50432,1759,17.9,18.9,13.1,81.3,13.2,0.000,0.000,0.00,0.000,2.8,5.5,1.1,305,18,3.2,5.8,1.0,306,20,3.2,5.8,1.0,306,20,0,28.13,0.0,0,0,0,38.6,42.1,44.8,0.38,0.41,0.54
PISE,2019-11-08 02:15:00 EST,43.46474,-74.50432,1759,18.2,18.8,12.9,80.1,13.0,0.000,0.000,0.00,0.000,3.0,7.0,1.4,295,17,3.5,8.6,1.7,298,16,3.5,8.6,1.7,298,16,0,28.13,-0.0,0,0,0,38.6,42.1,44.8,0.38,0.41,0.54
PISE,2019-11-08 02:20:00 EST,43.46474,-74.50432,1759,18.4,19.3,12.2,77.5,12.5,0.000,0.000,0.00,0.000,3.7,6.8,1.1,314,19,4.2,6.6,1.1,318,19,4.2,6.6,1.1,318,19,0,28.13,0.0,0,0,0,38.5,42.1,44.8,0.38,0.41,0.54
PISE,2019-11-08 02:25:00 EST,43.46474,-74.50432,1759,18.7,19.2,11.7,75.2,12.1,0.000,0.000,0.00,0.000,4.1,7.2,1.5,299,20,4.8,7.7,1.5,301,20,4.8,7.7,1.5,301,20,0,28.13,-0.0,0,0,0,38.6,42.1,44.8,0.38,0.41,0.54
PISE,2019-11-08 02:30:00 EST,43.46474,-74.50432,1759,18.7,19.2,11.6,75.4,12.2,0.000,0.000,0.00,0.000,4.2,8.3,1.4,304,19,4.8,10.4,1.6,305,18,4.8,10.4,1.6,305,18,0,28.13,-0.0,0,0,0,38.6,42.1,44.8,0.38,0.41,0.54
PISE,2019-11-08 02:35:00 EST,43.46474,-74.50432,1759,18.5,19.2,11.3,75.8,12.1,0.000,0.000,0.00,0.000,4.3,6.6,1.0,306,21,4.9,7.5,1.2,306,19,4.9,7.5,1.2,306,19,0,28.13,0.0,0,0,0,38.5,42.1,44.8,0.38,0.41,0.54
PISE,2019-11-08 02:40:00 EST,43.46474,-74.50432,1759,18.4,19.0,10.9,75.3,11.9,0.000,0.000,0.00,0.000,4.6,7.6,1.3,298,19,5.1,8.6,1.3,299,19,5.1,8.6,1.3,299,19,0,28.13,0.0,0,0,0,38.5,42.1,44.8,0.38,0.41,0.54
PISE,2019-11-08 02:45:00 EST,43.46474,-74.50432,1759,18.4,18.9,12.6,75.9,12.0,0.000,0.000,0.00,0.000,3.2,5.7,1.3,311,18,3.8,7.6,1.5,310,17,3.8,7.6,1.5,310,17,0,28.13,0.0,0,0,0,38.5,42.1,44.8,0.38,0.42,0.54
PISE,2019-11-08 02:50:00 EST,43.46474,-74.50432,1759,18.6,19.0,12.9,74.1,11.8,0.000,0.000,0.00,0.000,3.5,6.4,1.1,305,15,3.8,7.4,1.2,306,14,3.8,7.4,1.2,306,14,0,28.13,-0.0,0,0,0,38.5,42.1,44.8,0.38,0.41,0.54
PISE,2019-11-08 02:55:00 EST,43.46474,-74.50432,1759,18.5,19.0,12.0,73.9,11.5,0.000,0.000,0.00,0.000,3.8,6.2,1.1,302,19,4.3,7.4,1.4,305,20,4.3,7.4,1.4,305,20,0,28.12,0.0,0,0,0,38.4,42.1,44.8,0.38,0.41,0.54
PISE,2019-11-08 03:00:00 EST,43.46474,-74.50432,1759,18.5,19.0,11.6,72.9,11.2,0.000,0.000,0.00,0.000,4.2,9.4,2.4,299,13,4.7,10.6,2.4,301,14,4.7,10.6,2.4,301,14,0,28.12,0.0,0,0,0,38.4,42.1,44.8,0.38,0.41,0.54
PISE,2019-11-08 03:05:00 EST,43.46474,-74.50432,1759,18.4,18.8,11.9,73.7,11.4,0.000,0.000,0.00,0.000,3.8,6.3,1.3,314,22,4.3,7.3,1.4,318,22,4.3,7.3,1.4,318,22,0,28.13,0.1,0,0,0,38.3,42.1,44.8,0.38,0.42,0.54
PISE,2019-11-08 03:10:00 EST,43.46474,-74.50432,1759,18.6,18.9,11.1,73.4,11.5,0.000,0.000,0.00,0.000,4.5,7.9,1.4,325,19,5.2,9.4,1.6,328,17,5.2,9.4,1.6,328,17,0,28.13,0.0,0,0,0,38.3,42.1,44.8,0.38,0.42,0.54
PISE,2019-11-08 03:15:00 EST,43.46474,-74.50432,1759,18.7,18.9,9.8,71.9,11.1,0.000,0.000,0.00,0.000,5.7,9.5,1.8,332,18,6.6,10.9,1.9,336,16,6.6,10.9,1.9,336,16,0,28.13,0.0,0,0,0,38.2,42.1,44.7,0.38,0.41,0.54
PISE,2019-11-08 03:20:00 EST,43.46474,-74.50432,1759,18.4,18.8,11.7,72.3,11.0,0.000,0.000,0.00,0.000,3.8,6.6,1.4,330,21,4.5,7.8,1.6,332,22,4.5,7.8,1.6,332,22,0,28.13,0.1,0,0,0,38.3,42.1,44.8,0.38,0.42,0.54
PISE,2019-11-08 03:25:00 EST,43.46474,-74.50432,1759,18.6,18.9,10.1,71.4,10.9,0.000,0.000,0.00,0.000,5.2,9.1,1.6,337,20,6.2,11.7,2.0,339,18,6.2,11.7,2.0,339,18,0,28.12,0.0,0,0,0,38.2,42.1,44.7,0.38,0.41,0.54
PISE,2019-11-08 03:30:00 EST,43.46474,-74.50432,1759,18.4,18.6,10.9,72.3,10.9,0.000,0.000,0.00,0.000,4.2,8.9,1.7,340,28,5.2,11.4,2.0,343,25,5.2,11.4,2.0,343,25,0,28.12,0.1,0,0,0,38.2,42.1,44.7,0.38,0.41,0.54
PISE,2019-11-08 03:35:00 EST,43.46474,-74.50432,1759,18.5,18.8,9.2,70.3,10.5,0.000,0.000,0.00,0.000,6.2,11.5,2.6,323,20,7.1,13.8,2.8,327,22,7.1,13.8,2.8,327,22,0,28.12,0.0,0,0,0,38.2,42.1,44.7,0.38,0.41,0.54
PISE,2019-11-08 03:40:00 EST,43.46474,-74.50432,1759,18.4,18.7,10.4,70.0,10.2,0.000,0.000,0.00,0.000,4.8,9.6,1.9,359,26,5.6,12.3,2.1,360,24,5.6,12.3,2.1,360,24,0,28.12,0.1,0,0,0,38.3,42.1,44.7,0.38,0.42,0.54
PISE,2019-11-08 03:45:00 EST,43.46474,-74.50432,1759,18.4,18.6,11.1,70.7,10.4,0.000,0.000,0.00,0.000,4.4,8.9,1.9,337,28,4.9,10.0,1.9,337,26,4.9,10.0,1.9,337,26,0,28.12,0.1,0,0,0,38.2,42.1,44.6,0.38,0.41,0.54
PISE,2019-11-08 03:50:00 EST,43.46474,-74.50432,1759,18.4,18.7,11.1,70.5,10.4,0.000,0.000,0.00,0.000,4.4,10.9,2.0,335,31,5.0,12.4,2.2,336,31,5.0,12.4,2.2,336,31,0,28.12,0.0,0,0,0,38.2,42.1,44.7,0.38,0.42,0.54
PISE,2019-11-08 03:55:00 EST,43.46474,-74.50432,1759,18.4,18.7,13.1,69.6,10.2,0.000,0.000,0.00,0.000,3.0,7.2,1.7,330,15,3.5,7.4,1.7,333,18,3.5,7.4,1.7,333,18,0,28.12,0.0,0,0,0,38.3,42.1,44.7,0.38,0.42,0.54
PISE,2019-11-08 04:00:00 EST,43.46474,-74.50432,1759,18.2,18.6,18.2,71.1,10.4,0.000,0.000,0.00,0.000,2.4,4.8,1.1,322,27,2.8,5.9,1.3,328,28,2.8,5.9,1.3,328,28,0,28.12,0.1,0,0,0,38.2,42.0,44.7,0.38,0.41,0.54
PISE,2019-11-08 04:05:00 EST,43.46474,-74.50432,1759,18.1,18.5,18.1,71.5,10.4,0.000,0.000,0.00,0.000,2.0,4.8,1.0,307,25,2.4,5.4,1.0,311,26,2.4,5.4,1.0,311,26,0,28.12,-0.0,0,0,0,38.2,42.0,44.7,0.38,0.42,0.54
PISE,2019-11-08 04:10:00 EST,43.46474,-74.50432,1759,17.8,18.4,17.8,72.4,10.5,0.000,0.000,0.00,0.000,1.3,2.8,0.8,333,40,1.8,3.8,0.8,334,45,1.8,3.8,0.8,334,45,0,28.12,-0.1,0,0,0,38.2,42.0,44.7,0.38,0.41,0.54
PISE,2019-11-08 04:15:00 EST,43.46474,-74.50432,1759,18.0,18.4,12.1,72.6,10.6,0.000,0.000,0.00,0.000,3.1,5.3,1.3,337,22,3.8,6.8,1.5,341,21,3.8,6.8,1.5,341,21,0,28.12,0.0,0,0,0,38.2,41.9,44.6,0.38,0.41,0.54
PISE,2019-11-08 04:20:00 EST,43.46474,-74.50432,1759,18.1,18.6,11.1,71.5,10.4,0.000,0.000,0.00,0.000,4.1,8.3,1.5,332,19,4.6,9.7,1.8,335,20,4.6,9.7,1.8,335,20,0,28.12,0.1,0,0,0,38.2,41.9,44.6,0.38,0.42,0.54
PISE,2019-11-08 04:25:00 EST,43.46474,-74.50432,1759,18.2,18.5,12.4,71.2,10.4,0.000,0.000,0.00,0.000,3.2,7.1,1.6,340,19,3.8,7.8,1.8,346,17,3.8,7.8,1.8,346,17,0,28.12,0.0,0,0,0,38.2,41.9,44.6,0.38,0.41,0.54
PISE,2019-11-08 04:30:00 EST,43.46474,-74.50432,1759,18.0,18.4,11.3,71.6,10.3,0.000,0.000,0.00,0.000,3.7,7.0,1.6,322,20,4.4,8.5,1.6,325,22,4.4,8.5,1.6,325,22,0,28.12,0.1,0,0,0,38.1,41.9,44.6,0.38,0.42,0.54
PISE,2019-11-08 04:35:00 EST,43.46474,-74.50432,1759,17.9,18.2,10.8,71.6,10.2,0.000,0.000,0.00,0.000,3.9,7.5,1.8,322,29,4.7,9.2,1.9,323,26,4.7,9.2,1.9,323,26,0,28.12,0.1,0,0,0,38.2,41.9,44.6,0.38,0.41,0.54
PISE,2019-11-08 04:40:00 EST,43.46474,-74.50432,1759,17.8,18.3,9.0,72.3,10.4,0.000,0.000,0.00,0.000,5.7,10.1,1.9,321,20,6.4,11.2,2.0,325,19,6.4,11.2,2.0,325,19,0,28.12,0.1,0,0,0,38.0,41.9,44.6,0.38,0.42,0.54
PISE,2019-11-08 04:45:00 EST,43.46474,-74.50432,1759,17.8,18.3,9.7,71.7,10.2,0.000,0.000,0.00,0.000,5.0,7.7,1.7,315,23,5.7,8.3,1.6,319,24,5.7,8.3,1.6,319,24,0,28.12,0.1,0,0,0,38.2,41.9,44.6,0.38,0.41,0.54
PISE,2019-11-08 04:50:00 EST,43.46474,-74.50432,1759,17.8,18.2,9.0,71.7,10.2,0.000,0.000,0.00,0.000,5.7,11.2,2.2,303,20,6.4,11.4,2.4,304,19,6.4,11.4,2.4,304,19,0,28.12,0.1,0,0,0,38.0,41.9,44.6,0.38,0.42,0.54
PISE,2019-11-08 04:55:00 EST,43.46474,-74.50432,1759,17.7,18.1,8.8,72.0,10.2,0.000,0.000,0.00,0.000,5.7,10.5,1.9,311,21,6.4,11.9,1.9,315,21,6.4,11.9,1.9,315,21,0,28.12,0.1,0,0,0,37.9,41.9,44.6,0.38,0.42,0.54
PISE,2019-11-08 05:00:00 EST,43.46474,-74.50432,1759,17.6,18.0,7.6,72.2,10.2,0.000,0.000,0.00,0.000,6.8,11.8,2.3,310,23,7.7,13.5,2.4,311,22,7.7,13.5,2.4,311,22,0,28.12,0.1,0,0,0,38.0,41.9,44.6,0.38,0.41,0.54
PISE,2019-11-08 05:05:00 EST,43.46474,-74.50432,1759,17.6,17.9,8.1,72.0,10.1,0.000,0.000,0.00,0.000,6.4,9.6,1.4,306,19,7.1,13.3,1.7,308,17,7.1,13.3,1.7,308,17,0,28.13,0.1,0,0,0,37.9,41.9,44.6,0.38,0.41,0.54
PISE,2019-11-08 05:10:00 EST,43.46474,-74.50432,1759,17.5,17.9,8.5,71.8,10.0,0.000,0.000,0.00,0.000,5.8,11.5,2.0,319,16,6.5,13.2,2.2,321,16,6.5,13.2,2.2,321,16,0,28.13,0.1,0,0,0,37.9,41.9,44.6,0.38,0.41,0.54
PISE,2019-11-08 05:15:00 EST,43.46474,-74.50432,1759,17.5,17.8,8.0,71.4,9.8,0.000,0.000,0.00,0.000,6.2,10.2,1.6,317,17,7.1,14.3,1.8,318,18,7.1,14.3,1.8,318,18,0,28.13,0.1,0,0,0,37.9,41.9,44.6,0.38,0.42,0.54
PISE,2019-11-08 05:20:00 EST,43.46474,-74.50432,1759,17.4,17.7,8.5,71.2,9.7,0.000,0.000,0.00,0.000,5.6,11.5,1.8,323,24,6.4,11.9,2.2,324,19,6.4,11.9,2.2,324,19,0,28.13,0.1,0,0,0,37.9,41.9,44.6,0.38,0.42,0.54
PISE,2019-11-08 05:25:00 EST,43.46474,-74.50432,1759,17.5,17.7,7.9,71.0,9.7,0.000,0.000,0.00,0.000,6.3,10.4,1.9,326,20,7.1,11.2,1.9,330,20,7.1,11.2,1.9,330,20,0,28.13,0.1,0,0,0,37.9,41.9,44.6,0.38,0.41,0.54
PISE,2019-11-08 05:30:00 EST,43.46474,-74.50432,1759,17.3,17.6,8.8,71.6,9.7,0.000,0.000,0.00,0.000,5.1,8.8,1.6,317,25,6.0,9.9,1.9,319,24,6.0,9.9,1.9,319,24,0,28.13,0.1,0,0,0,38.0,41.9,44.6,0.38,0.41,0.54
PISE,2019-11-08 05:35:00 EST,43.46474,-74.50432,1759,17.3,17.5,8.3,72.6,10.0,0.000,0.000,0.00,0.000,5.6,11.0,2.2,326,25,6.4,10.7,2.2,330,25,6.4,10.7,2.2,330,25,0,28.13,0.1,0,0,0,37.9,41.9,44.6,0.38,0.41,0.54
PISE,2019-11-08 05:40:00 EST,43.46474,-74.50432,1759,17.1,17.4,7.8,73.2,10.0,0.000,0.000,0.00,0.000,5.8,11.2,2.5,316,23,6.7,12.7,2.4,318,24,6.7,12.7,2.4,318,24,0,28.13,0.1,0,0,0,37.9,41.9,44.6,0.38,0.42,0.54
PISE,2019-11-08 05:45:00 EST,43.46474,-74.50432,1759,17.0,17.3,9.1,73.6,10.0,0.000,0.000,0.00,0.000,4.5,7.2,1.5,315,34,5.2,10.0,1.8,317,32,5.2,10.0,1.8,317,32,0,28.13,0.1,0,0,0,37.9,41.9,44.6,0.38,0.42,0.54
PISE,2019-11-08 05:50:00 EST,43.46474,-74.50432,1759,16.8,17.2,7.6,74.2,10.0,0.000,0.000,0.00,0.000,5.8,13.4,3.0,310,20,6.6,15.4,3.0,310,21,6.6,15.4,3.0,310,21,0,28.13,0.1,0,0,0,37.9,41.9,44.6,0.38,0.41,0.54
PISE,2019-11-08 05:55:00 EST,43.46474,-74.50432,1759,16.9,17.2,6.6,73.6,10.0,0.000,0.000,0.00,0.000,7.0,11.7,2.3,314,20,7.9,13.1,2.5,315,19,7.9,13.1,2.5,315,19,0,28.13,0.1,0,0,0,37.9,41.9,44.6,0.38,0.41,0.54
PISE,2019-11-08 06:00:00 EST,43.46474,-74.50432,1759,16.9,17.2,7.2,72.7,9.7,0.000,0.000,0.00,0.000,6.2,14.0,3.4,315,25,7.1,15.7,3.4,319,25,7.1,15.7,3.4,319,25,0,28.13,0.1,0,0,0,37.9,41.9,44.6,0.38,0.41,0.54
PISE,2019-11-08 06:05:00 EST,43.46474,-74.50432,1759,16.8,17.1,6.6,73.2,9.7,0.000,0.000,0.00,0.000,7.1,12.7,2.4,316,24,7.6,14.5,2.6,319,20,7.6,14.5,2.6,319,20,0,28.13,0.1,0,0,0,37.8,41.9,44.6,0.38,0.42,0.54
PISE,2019-11-08 06:10:00 EST,43.46474,-74.50432,1759,16.5,16.8,6.8,74.7,9.9,0.000,0.000,0.00,0.000,6.1,11.0,2.3,316,24,7.1,12.9,2.5,318,25,7.1,12.9,2.5,318,25,0,28.14,0.2,0,0,0,37.8,41.9,44.6,0.38,0.42,0.54
PISE,2019-11-08 06:15:00 EST,43.46474,-74.50432,1759,16.6,16.9,4.7,75.3,10.2,0.000,0.000,0.00,0.000,9.1,16.7,3.1,309,19,9.9,19.4,3.5,311,18,9.9,19.4,3.5,311,18,0,28.14,0.1,0,0,0,37.8,41.8,44.6,0.38,0.41,0.54
PISE,2019-11-08 06:20:00 EST,43.46474,-74.50432,1759,16.7,16.8,3.8,75.6,10.3,0.000,0.000,0.00,0.000,10.6,20.2,3.3,313,25,11.5,22.0,3.4,314,20,11.5,22.0,3.4,314,20,0,28.14,0.2,0,0,0,37.8,41.8,44.6,0.38,0.42,0.54
PISE,2019-11-08 06:25:00 EST,43.46474,-74.50432,1759,16.6,16.7,4.6,76.5,10.5,0.000,0.000,0.00,0.000,9.1,17.5,2.9,307,18,10.1,19.3,3.0,306,16,10.1,19.3,3.0,306,16,0,28.15,0.2,0,0,0,37.8,41.7,44.6,0.38,0.42,0.54
PISE,2019-11-08 06:30:00 EST,43.46474,-74.50432,1759,16.6,16.8,4.5,77.0,10.7,0.000,0.000,0.00,0.000,9.5,14.8,2.2,312,17,10.3,16.1,2.4,314,16,10.3,16.1,2.4,314,16,0,28.15,0.2,0,0,0,37.8,41.7,44.6,0.38,0.41,0.54
PISE,2019-11-08 06:35:00 EST,43.46474,-74.50432,1759,16.7,16.9,5.0,77.1,10.8,0.000,0.000,0.00,0.000,8.7,14.6,2.3,305,16,9.6,15.8,2.4,307,17,9.6,15.8,2.4,307,17,1,28.15,0.2,0,0,0,37.7,41.7,44.6,0.38,0.42,0.54
PISE,2019-11-08 06:40:00 EST,43.46474,-74.50432,1759,16.9,17.0,5.6,76.6,10.8,0.000,0.000,0.00,0.000,8.2,13.6,1.8,313,25,9.1,15.0,2.1,314,25,9.1,15.0,2.1,314,25,2,28.15,0.2,0,0,0,37.7,41.7,44.6,0.38,0.42,0.54
PISE,2019-11-08 06:45:00 EST,43.46474,-74.50432,1759,16.9,17.1,7.1,76.7,10.9,0.000,0.000,0.00,0.000,6.3,11.1,1.8,318,24,7.2,11.9,1.9,319,20,7.2,11.9,1.9,319,20,4,28.15,0.2,0,0,0,37.7,41.7,44.6,0.38,0.42,0.54
PISE,2019-11-08 06:50:00 EST,43.46474,-74.50432,1759,17.1,17.2,6.3,76.9,11.1,0.000,0.000,0.00,0.000,7.5,11.6,2.1,300,21,8.4,12.9,2.2,301,20,8.4,12.9,2.2,301,20,5,28.16,0.2,0,0,0,37.7,41.7,44.6,0.38,0.41,0.54
PISE,2019-11-08 06:55:00 EST,43.46474,-74.50432,1759,17.2,17.3,7.8,76.4,11.0,0.000,0.000,0.00,0.000,5.8,12.8,2.2,329,24,6.8,13.6,2.3,331,24,6.8,13.6,2.3,331,24,7,28.16,0.1,0,0,0,37.6,41.7,44.6,0.38,0.41,0.54
PISE,2019-11-08 07:00:00 EST,43.46474,-74.50432,1759,17.4,17.4,6.8,76.0,11.1,0.000,0.000,0.00,0.000,7.6,14.0,2.8,319,20,8.4,14.5,2.8,321,19,8.4,14.5,2.8,321,19,8,28.16,0.1,0,0,0,37.6,41.7,44.6,0.38,0.41,0.54
PISE,2019-11-08 07:05:00 EST,43.46474,-74.50432,1759,17.5,17.5,9.8,75.8,11.2,0.000,0.000,0.00,0.000,4.4,9.6,1.9,340,32,5.2,10.2,2.2,339,31,5.2,10.2,2.2,339,31,9,28.17,0.2,0,0,0,37.7,41.7,44.6,0.38,0.42,0.54
PISE,2019-11-08 07:10:00 EST,43.46474,-74.50432,1759,17.6,17.6,12.3,76.6,11.5,0.000,0.000,0.00,0.000,2.8,6.9,1.7,347,30,3.4,8.0,1.9,354,29,3.4,8.0,1.9,354,29,11,28.17,0.1,0,0,0,37.5,41.7,44.6,0.38,0.41,0.54
PISE,2019-11-08 07:15:00 EST,43.46474,-74.50432,1759,17.8,17.8,9.7,76.1,11.6,0.000,0.000,0.00,0.000,4.7,8.5,1.4,329,39,5.6,11.4,1.9,331,38,5.6,11.4,1.9,331,38,14,28.17,0.2,0,0,0,37.5,41.7,44.6,0.38,0.42,0.54
PISE,2019-11-08 07:20:00 EST,43.46474,-74.50432,1759,18.0,18.0,9.5,75.1,11.4,0.000,0.000,0.00,0.000,5.7,10.5,2.1,320,20,6.1,11.0,2.2,322,19,6.1,11.0,2.2,322,19,17,28.17,0.2,0,0,0,37.6,41.7,44.6,0.38,0.41,0.54
PISE,2019-11-08 07:25:00 EST,43.46474,-74.50432,1759,18.1,18.1,10.2,74.5,11.4,0.000,0.000,0.00,0.000,4.9,11.9,2.3,326,42,5.5,13.0,2.4,326,41,5.5,13.0,2.4,326,41,19,28.17,0.2,0,0,0,37.5,41.7,44.6,0.38,0.42,0.54
PISE,2019-11-08 07:30:00 EST,43.46474,-74.50432,1759,18.1,18.1,12.3,75.9,11.8,0.000,0.000,0.00,0.000,3.3,9.5,2.0,321,27,3.8,11.0,2.0,324,27,3.8,11.0,2.0,324,27,21,28.17,0.2,0,0,0,37.5,41.7,44.6,0.38,0.41,0.54
PISE,2019-11-08 07:35:00 EST,43.46474,-74.50432,1759,18.3,18.3,10.9,73.9,11.4,0.000,0.000,0.00,0.000,4.4,8.9,1.8,309,24,5.0,10.2,1.9,312,22,5.0,10.2,1.9,312,22,31,28.18,0.1,0,0,0,37.5,41.7,44.6,0.38,0.42,0.54
PISE,2019-11-08 07:40:00 EST,43.46474,-74.50432,1759,18.5,18.4,10.8,74.5,11.7,0.000,0.000,0.00,0.000,4.7,12.5,1.9,310,21,5.3,13.0,2.1,313,22,5.3,13.0,2.1,313,22,41,28.18,0.2,0,0,0,37.5,41.7,44.6,0.38,0.42,0.54
PISE,2019-11-08 07:45:00 EST,43.46474,-74.50432,1759,18.7,18.6,11.6,73.9,11.7,0.000,0.000,0.00,0.000,4.1,8.4,1.8,318,28,4.8,10.0,2.1,317,29,4.8,10.0,2.1,317,29,37,28.18,0.2,0,0,0,37.5,41.7,44.6,0.38,0.42,0.54
PISE,2019-11-08 07:50:00 EST,43.46474,-74.50432,1759,18.7,18.6,9.0,74.3,11.9,0.000,0.000,0.00,0.000,6.9,12.5,2.1,305,18,7.6,13.5,2.4,308,17,7.6,13.5,2.4,308,17,36,28.18,0.2,0,0,0,37.5,41.7,44.6,0.38,0.42,0.54
PISE,2019-11-08 07:55:00 EST,43.46474,-74.50432,1759,18.8,18.6,8.5,75.0,12.2,0.000,0.000,0.00,0.000,7.7,13.4,2.0,309,15,8.3,14.6,2.0,310,15,8.3,14.6,2.0,310,15,43,28.19,0.2,0,0,0,37.5,41.7,44.6,0.38,0.41,0.54
PISE,2019-11-08 08:00:00 EST,43.46474,-74.50432,1759,18.9,18.8,9.9,75.7,12.5,0.000,0.000,0.00,0.000,6.0,10.2,1.6,294,22,6.8,11.9,2.0,295,22,6.8,11.9,2.0,295,22,46,28.19,0.2,0,0,0,37.5,41.7,44.6,0.38,0.42,0.54
PISE,2019-11-08 08:05:00 EST,43.46474,-74.50432,1759,19.2,18.9,13.2,76.6,13.0,0.000,0.000,0.00,0.000,3.5,8.8,2.0,310,20,4.0,9.5,2.0,312,22,4.0,9.5,2.0,312,22,52,28.19,0.2,0,0,0,37.5,41.7,44.6,0.38,0.42,0.54
PISE,2019-11-08 08:10:00 EST,43.46474,-74.50432,1759,19.3,19.0,11.5,76.0,12.9,0.000,0.000,0.00,0.000,4.7,11.8,3.7,338,32,5.6,13.6,3.8,337,34,5.6,13.6,3.8,337,34,52,28.19,0.2,0,0,0,37.5,41.7,44.6,0.38,0.42,0.54
PISE,2019-11-08 08:15:00 EST,43.46474,-74.50432,1759,19.2,19.1,12.4,75.0,12.6,0.000,0.000,0.00,0.000,4.2,8.8,2.4,319,22,4.7,9.2,2.3,322,22,4.7,9.2,2.3,322,22,63,28.19,0.3,0,0,0,37.5,41.7,44.6,0.38,0.41,0.54
PISE,2019-11-08 08:20:00 EST,43.46474,-74.50432,1759,19.7,19.4,12.6,76.3,13.5,0.000,0.000,0.00,0.000,4.2,8.7,2.5,311,30,5.0,10.0,2.5,311,27,5.0,10.0,2.5,311,27,102,28.20,0.2,0,0,0,37.4,41.6,44.6,0.38,0.42,0.54
PISE,2019-11-08 08:25:00 EST,43.46474,-74.50432,1759,19.6,19.3,13.6,76.2,13.4,0.000,0.000,0.00,0.000,3.4,7.9,1.6,320,26,4.1,8.8,1.5,322,23,4.1,8.8,1.5,322,23,59,28.20,0.2,0,0,0,37.4,41.6,44.6,0.38,0.42,0.54
PISE,2019-11-08 08:30:00 EST,43.46474,-74.50432,1759,19.8,19.4,14.3,76.9,13.8,0.000,0.000,0.00,0.000,3.2,8.4,1.9,340,31,3.8,10.1,2.3,341,29,3.8,10.1,2.3,341,29,81,28.20,0.2,0,0,0,37.4,41.5,44.6,0.38,0.42,0.54
PISE,2019-11-08 08:35:00 EST,43.46474,-74.50432,1759,19.9,19.6,10.7,73.9,12.9,0.000,0.000,0.00,0.000,6.3,11.3,1.9,307,21,7.2,12.0,1.9,311,22,7.2,12.0,1.9,311,22,95,28.20,0.2,0,0,0,37.4,41.5,44.6,0.38,0.42,0.54
PISE,2019-11-08 08:40:00 EST,43.46474,-74.50432,1759,20.0,19.7,11.4,72.0,12.4,0.000,0.000,0.00,0.000,5.7,9.6,1.6,328,25,6.6,11.2,1.8,332,23,6.6,11.2,1.8,332,23,110,28.20,0.2,0,0,0,37.4,41.5,44.6,0.38,0.41,0.54
PISE,2019-11-08 08:45:00 EST,43.46474,-74.50432,1759,20.2,19.8,12.1,73.1,13.0,0.000,0.000,0.00,0.000,5.2,9.1,1.4,327,27,6.1,12.2,1.7,329,25,6.1,12.2,1.7,329,25,109,28.20,0.2,0,0,0,37.4,41.5,44.6,0.38,0.41,0.54
PISE,2019-11-08 08:50:00 EST,43.46474,-74.50432,1759,20.3,19.9,13.6,73.2,13.0,0.000,0.000,0.00,0.000,4.0,7.6,1.9,328,29,4.7,9.6,2.2,334,30,4.7,9.6,2.2,334,30,85,28.20,0.2,0,0,0,37.3,41.5,44.6,0.38,0.42,0.54
PISE,2019-11-08 08:55:00 EST,43.46474,-74.50432,1759,20.2,19.9,12.4,72.4,12.8,0.000,0.000,0.00,0.000,5.0,8.6,1.4,342,25,5.8,10.1,1.7,348,23,5.8,10.1,1.7,348,23,73,28.20,0.2,0,0,0,37.4,41.5,44.6,0.38,0.42,0.54
PISE,2019-11-08 09:00:00 EST,43.46474,-74.50432,1759,20.4,20.0,13.2,72.9,13.1,0.000,0.000,0.00,0.000,4.3,8.8,2.0,347,31,5.2,11.1,2.2,347,28,5.2,11.1,2.2,347,28,115,28.20,0.2,0,0,0,37.3,41.5,44.6,0.38,0.42,0.54
PISE,2019-11-08 09:05:00 EST,43.46474,-74.50432,1759,20.5,20.1,14.2,74.0,13.6,0.000,0.000,0.00,0.000,3.9,8.2,2.2,320,32,4.5,9.1,2.1,323,31,4.5,9.1,2.1,323,31,85,28.20,0.2,0,0,0,37.3,41.5,44.6,0.38,0.42,0.54
PISE,2019-11-08 09:10:00 EST,43.46474,-74.50432,1759,20.2,19.9,10.8,75.1,13.6,0.000,0.000,0.00,0.000,6.4,10.9,1.9,329,23,7.6,12.6,2.0,336,22,7.6,12.6,2.0,336,22,99,28.20,0.2,0,0,0,37.3,41.5,44.6,0.38,0.41,0.54
PISE,2019-11-08 09:15:00 EST,43.46474,-74.50432,1759,20.7,20.3,15.6,74.0,13.7,0.000,0.000,0.00,0.000,3.1,7.1,1.6,332,32,3.6,7.7,1.8,331,26,3.6,7.7,1.8,331,26,217,28.20,0.3,0,0,0,37.3,41.5,44.6,0.38,0.42,0.54
PISE,2019-11-08 09:20:00 EST,43.46474,-74.50432,1759,21.3,20.8,14.4,70.7,13.3,0.000,0.000,0.00,0.000,4.3,9.6,2.3,322,37,5.1,9.5,2.2,323,37,5.1,9.5,2.2,323,37,121,28.20,0.1,0,0,0,37.3,41.5,44.6,0.38,0.42,0.54
PISE,2019-11-08 09:25:00 EST,43.46474,-74.50432,1759,20.8,20.5,12.2,73.8,13.7,0.000,0.000,0.00,0.000,6.1,11.5,2.1,295,20,6.7,12.9,2.4,295,19,6.7,12.9,2.4,295,19,58,28.21,0.1,0,0,0,37.3,41.5,44.6,0.38,0.42,0.54
PISE,2019-11-08 09:30:00 EST,43.46474,-74.50432,1759,20.5,20.3,10.7,73.6,13.5,0.000,0.000,0.00,0.000,7.5,14.1,3.0,301,22,8.3,18.1,3.4,301,21,8.3,18.1,3.4,301,21,131,28.21,0.2,0,0,0,37.3,41.5,44.6,0.38,0.42,0.54
PISE,2019-11-08 09:35:00 EST,43.46474,-74.50432,1759,21.1,20.7,13.7,71.6,13.3,0.000,0.000,0.00,0.000,4.6,9.9,1.8,323,27,5.5,9.8,1.7,325,29,5.5,9.8,1.7,325,29,220,28.21,0.2,0,0,0,37.2,41.5,44.6,0.38,0.42,0.54
PISE,2019-11-08 09:40:00 EST,43.46474,-74.50432,1759,21.6,21.0,13.0,68.5,12.9,0.000,0.000,0.00,0.000,5.9,12.4,2.5,330,30,7.0,13.2,2.8,330,28,7.0,13.2,2.8,330,28,337,28.21,0.2,0,0,0,37.2,41.5,44.6,0.38,0.42,0.54
PISE,2019-11-08 09:45:00 EST,43.46474,-74.50432,1759,21.9,21.4,12.4,63.1,11.3,0.000,0.000,0.00,0.000,7.1,16.4,3.9,337,24,8.3,18.2,3.9,340,20,8.3,18.2,3.9,340,20,375,28.21,0.2,0,0,0,37.2,41.5,44.5,0.38,0.42,0.54
PISE,2019-11-08 09:50:00 EST,43.46474,-74.50432,1759,22.3,21.8,11.7,61.7,11.1,0.000,0.000,0.00,0.000,8.5,19.2,3.7,331,28,10.0,22.3,4.2,334,26,10.0,22.3,4.2,334,26,302,28.21,0.1,0,0,0,37.2,41.5,44.5,0.38,0.42,0.54
PISE,2019-11-08 09:55:00 EST,43.46474,-74.50432,1759,21.5,21.2,10.3,61.6,10.3,0.000,0.000,0.00,0.000,9.8,14.7,2.8,321,25,10.7,15.9,2.9,323,25,10.7,15.9,2.9,323,25,167,28.21,0.1,0,0,0,37.2,41.5,44.5,0.38,0.42,0.54
PISE,2019-11-08 10:00:00 EST,43.46474,-74.50432,1759,21.3,21.1,11.6,66.0,11.7,0.000,0.000,0.00,0.000,7.3,13.2,2.8,338,25,8.3,15.1,2.9,338,22,8.3,15.1,2.9,338,22,109,28.21,0.2,0,0,0,37.2,41.5,44.5,0.38,0.42,0.54
PISE,2019-11-08 10:05:00 EST,43.46474,-74.50432,1759,21.1,20.9,10.2,69.9,12.9,0.000,0.000,0.00,0.000,9.1,15.3,2.3,308,23,10.1,16.8,2.6,311,23,10.1,16.8,2.6,311,23,96,28.21,0.2,0,0,0,37.2,41.5,44.6,0.38,0.42,0.54
PISE,2019-11-08 10:10:00 EST,43.46474,-74.50432,1759,20.8,20.4,10.8,75.2,14.1,0.000,0.000,0.00,0.000,7.4,12.4,2.2,309,18,8.5,14.9,2.5,310,17,8.5,14.9,2.5,310,17,117,28.22,0.2,0,0,0,37.2,41.4,44.6,0.38,0.41,0.54
PISE,2019-11-08 10:15:00 EST,43.46474,-74.50432,1759,21.4,20.8,13.0,71.7,13.7,0.000,0.000,0.00,0.000,5.8,12.1,1.8,313,25,6.6,14.9,2.1,316,26,6.6,14.9,2.1,316,26,314,28.22,0.2,0,0,0,37.2,41.4,44.5,0.38,0.42,0.54
PISE,2019-11-08 10:20:00 EST,43.46474,-74.50432,1759,22.4,21.5,12.3,66.5,12.9,0.000,0.000,0.00,0.000,8.1,16.4,3.1,322,26,9.1,19.3,3.3,327,26,9.1,19.3,3.3,327,26,419,28.22,0.1,0,0,0,37.2,41.4,44.5,0.38,0.41,0.54
PISE,2019-11-08 10:25:00 EST,43.46474,-74.50432,1759,22.7,21.9,10.2,60.5,11.1,0.000,0.000,0.00,0.000,12.7,18.5,3.3,307,28,13.9,21.5,3.5,307,27,13.9,21.5,3.5,307,27,484,28.22,0.1,0,0,0,37.2,41.4,44.5,0.38,0.41,0.54
PISE,2019-11-08 10:30:00 EST,43.46474,-74.50432,1759,22.8,22.2,12.6,58.9,10.6,0.000,0.000,0.00,0.000,8.4,16.3,3.0,308,25,9.6,18.0,3.2,310,26,9.6,18.0,3.2,310,26,295,28.22,0.1,0,0,0,37.2,41.4,44.5,0.38,0.42,0.54
PISE,2019-11-08 10:35:00 EST,43.46474,-74.50432,1759,22.7,22.2,15.1,59.5,10.7,0.000,0.000,0.00,0.000,5.3,8.9,2.1,316,37,6.0,11.6,2.3,318,34,6.0,11.6,2.3,318,34,228,28.22,0.1,0,0,0,37.2,41.4,44.4,0.38,0.42,0.54
PISE,2019-11-08 10:40:00 EST,43.46474,-74.50432,1759,22.4,21.9,12.9,59.6,10.5,0.000,0.000,0.00,0.000,7.4,18.1,3.7,317,23,8.3,20.7,4.1,319,23,8.3,20.7,4.1,319,23,190,28.22,0.1,0,0,0,37.2,41.4,44.4,0.38,0.42,0.54
PISE,2019-11-08 10:45:00 EST,43.46474,-74.50432,1759,21.7,21.3,8.4,62.5,10.8,0.000,0.000,0.00,0.000,13.5,20.4,2.9,300,19,14.9,23.2,3.1,300,17,14.9,23.2,3.1,300,17,154,28.23,0.2,0,0,0,37.2,41.4,44.4,0.38,0.42,0.54
PISE,2019-11-08 10:50:00 EST,43.46474,-74.50432,1759,22.4,21.8,11.0,61.2,11.0,0.000,0.000,0.00,0.000,10.4,20.2,3.3,303,26,11.5,23.9,4.0,305,24,11.5,23.9,4.0,305,24,455,28.22,0.1,0,0,0,37.2,41.4,44.4,0.38,0.42,0.54
PISE,2019-11-08 10:55:00 EST,43.46474,-74.50432,1759,22.5,21.7,12.9,58.7,10.3,0.000,0.000,0.00,0.000,8.0,16.1,4.0,310,20,8.6,16.9,3.9,310,22,8.6,16.9,3.9,310,22,437,28.22,0.2,0,0,0,37.2,41.4,44.4,0.38,0.42,0.54
PISE,2019-11-08 11:00:00 EST,43.46474,-74.50432,1759,22.9,22.2,11.6,60.3,11.2,0.000,0.000,0.00,0.000,10.2,16.6,2.8,302,31,11.4,18.4,2.8,304,30,11.4,18.4,2.8,304,30,363,28.22,0.3,0,0,0,37.2,41.4,44.4,0.38,0.42,0.54
PISE,2019-11-08 11:05:00 EST,43.46474,-74.50432,1759,23.1,22.4,10.8,58.0,10.5,0.000,0.000,0.00,0.000,12.5,22.9,3.7,303,19,13.6,22.8,3.7,304,19,13.6,22.8,3.7,304,19,411,28.22,0.3,0,0,0,37.2,41.4,44.4,0.38,0.42,0.54
PISE,2019-11-08 11:10:00 EST,43.46474,-74.50432,1759,23.4,22.5,11.8,56.6,10.2,0.000,0.000,0.00,0.000,11.0,17.5,3.0,289,25,12.2,20.1,3.4,290,25,12.2,20.1,3.4,290,25,494,28.22,0.2,0,0,0,37.2,41.4,44.4,0.38,0.42,0.54
PISE,2019-11-08 11:15:00 EST,43.46474,-74.50432,1759,23.5,22.8,12.2,56.1,10.1,0.000,0.000,0.00,0.000,10.8,20.0,3.4,303,23,11.8,19.6,3.4,305,23,11.8,19.6,3.4,305,23,425,28.22,0.1,0,0,0,37.2,41.4,44.4,0.38,0.42,0.54
PISE,2019-11-08 11:20:00 EST,43.46474,-74.50432,1759,22.7,22.1,10.3,58.9,10.5,0.000,0.000,0.00,0.000,12.6,21.4,3.5,316,18,13.6,23.0,3.6,318,19,13.6,23.0,3.6,318,19,220,28.22,0.2,0,0,0,37.2,41.4,44.4,0.38,0.42,0.54
PISE,2019-11-08 11:25:00 EST,43.46474,-74.50432,1759,22.5,21.8,11.3,63.1,11.8,0.000,0.000,0.00,0.000,10.0,17.5,3.5,292,19,11.0,18.0,3.3,294,18,11.0,18.0,3.3,294,18,436,28.22,0.3,0,0,0,37.2,41.4,44.4,0.38,0.42,0.54
PISE,2019-11-08 11:30:00 EST,43.46474,-74.50432,1759,23.1,22.3,12.9,61.9,12.0,0.000,0.000,0.00,0.000,8.5,14.4,3.3,303,26,9.7,19.5,3.6,304,26,9.7,19.5,3.6,304,26,385,28.22,0.3,0,0,0,37.2,41.4,44.4,0.38,0.42,0.54
PISE,2019-11-08 11:35:00 EST,43.46474,-74.50432,1759,23.2,22.3,10.5,57.7,10.5,0.000,0.000,0.00,0.000,13.3,29.7,4.7,296,22,14.7,30.1,4.9,297,19,14.7,30.1,4.9,297,19,469,28.22,0.2,0,0,0,37.2,41.4,44.4,0.38,0.42,0.54
PISE,2019-11-08 11:40:00 EST,43.46474,-74.50432,1759,23.4,22.5,11.9,56.3,10.1,0.000,0.000,0.00,0.000,11.3,19.1,3.1,321,18,12.1,19.4,3.4,323,18,12.1,19.4,3.4,323,18,513,28.23,0.2,0,0,0,37.2,41.4,44.4,0.38,0.42,0.54
PISE,2019-11-08 11:45:00 EST,43.46474,-74.50432,1759,23.5,22.7,11.5,54.6,9.6,0.000,0.000,0.00,0.000,12.3,19.4,3.5,308,26,13.3,22.1,3.9,311,25,13.3,22.1,3.9,311,25,494,28.22,0.2,0,0,0,37.1,41.4,44.4,0.38,0.42,0.54
PISE,2019-11-08 11:50:00 EST,43.46474,-74.50432,1759,23.1,22.4,11.8,56.5,9.9,0.000,0.000,0.00,0.000,10.2,21.8,4.1,306,20,11.6,20.5,4.2,306,19,11.6,20.5,4.2,306,19,321,28.23,0.2,0,0,0,37.1,41.4,44.4,0.38,0.42,0.54
PISE,2019-11-08 11:55:00 EST,43.46474,-74.50432,1759,22.6,21.9,11.1,58.2,10.2,0.000,0.000,0.00,0.000,10.6,19.0,2.8,330,24,11.8,19.8,2.9,331,23,11.8,19.8,2.9,331,23,413,28.22,0.1,0,0,0,37.1,41.3,44.4,0.38,0.42,0.54
PISE,2019-11-08 12:00:00 EST,43.46474,-74.50432,1759,22.4,21.9,10.3,59.8,10.5,0.000,0.000,0.00,0.000,11.5,19.9,4.2,320,19,12.8,21.5,4.3,321,19,12.8,21.5,4.3,321,19,264,28.22,0.2,0,0,0,37.0,41.3,44.4,0.38,0.42,0.54
PISE,2019-11-08 12:05:00 EST,43.46474,-74.50432,1759,22.4,21.8,10.1,59.9,10.5,0.000,0.000,0.00,0.000,12.3,21.5,4.2,311,21,13.2,22.3,4.4,311,20,13.2,22.3,4.4,311,20,396,28.22,0.2,0,0,0,37.1,41.3,44.4,0.38,0.42,0.54
PISE,2019-11-08 12:10:00 EST,43.46474,-74.50432,1759,24.0,22.9,12.8,56.6,10.8,0.000,0.000,0.00,0.000,10.2,23.2,4.5,298,28,11.8,26.4,4.5,299,29,11.8,26.4,4.5,299,29,485,28.22,0.1,0,0,0,37.1,41.2,44.4,0.38,0.42,0.54
PISE,2019-11-08 12:15:00 EST,43.46474,-74.50432,1759,22.8,22.2,9.1,55.3,9.2,0.000,0.000,0.00,0.000,15.5,33.3,4.8,314,18,16.6,34.6,5.1,313,17,16.6,34.6,5.1,313,17,293,28.22,0.2,0,0,0,37.0,41.2,44.4,0.38,0.42,0.54
PISE,2019-11-08 12:20:00 EST,43.46474,-74.50432,1759,22.8,22.1,12.8,58.6,10.4,0.000,0.000,0.00,0.000,8.4,16.4,3.2,312,21,9.2,16.8,3.3,315,21,9.2,16.8,3.3,315,21,335,28.22,0.3,0,0,0,37.0,41.2,44.4,0.38,0.42,0.54
PISE,2019-11-08 12:25:00 EST,43.46474,-74.50432,1759,23.3,22.3,13.1,58.1,10.7,0.000,0.000,0.00,0.000,8.8,17.2,3.1,316,23,9.7,19.4,3.2,320,23,9.7,19.4,3.2,320,23,436,28.22,0.5,0,0,0,37.0,41.2,44.4,0.38,0.42,0.54
PISE,2019-11-08 12:30:00 EST,43.46474,-74.50432,1759,23.7,22.8,12.8,57.3,10.8,0.000,0.000,0.00,0.000,10.0,20.6,4.8,307,17,11.1,22.5,5.1,308,17,11.1,22.5,5.1,308,17,441,28.22,0.3,0,0,0,37.0,41.2,44.4,0.38,0.42,0.54
PISE,2019-11-08 12:35:00 EST,43.46474,-74.50432,1759,24.1,23.1,15.3,56.9,11.0,0.000,0.000,0.00,0.000,6.9,13.0,2.7,326,32,7.9,14.2,3.1,329,30,7.9,14.2,3.1,329,30,362,28.21,0.3,0,0,0,37.0,41.2,44.4,0.38,0.42,0.54
PISE,2019-11-08 12:40:00 EST,43.46474,-74.50432,1759,23.9,23.2,13.2,55.3,10.2,0.000,0.000,0.00,0.000,9.5,19.6,3.9,306,25,10.9,22.4,4.0,309,26,10.9,22.4,4.0,309,26,291,28.22,0.2,0,0,0,37.0,41.2,44.4,0.38,0.42,0.54
PISE,2019-11-08 12:45:00 EST,43.46474,-74.50432,1759,23.3,22.5,12.0,55.6,9.7,0.000,0.000,0.00,0.000,10.2,19.7,3.9,307,21,11.6,20.1,3.8,308,19,11.6,20.1,3.8,308,19,334,28.22,0.2,0,0,0,37.0,41.2,44.4,0.38,0.42,0.54
PISE,2019-11-08 12:50:00 EST,43.46474,-74.50432,1759,23.4,22.7,12.8,55.2,9.7,0.000,0.000,0.00,0.000,9.4,15.0,2.8,329,30,10.5,19.2,3.1,333,29,10.5,19.2,3.1,333,29,418,28.22,0.4,0,0,0,37.0,41.2,44.4,0.38,0.42,0.54
PISE,2019-11-08 12:55:00 EST,43.46474,-74.50432,1759,23.6,22.9,11.8,55.1,9.8,0.000,0.000,0.00,0.000,11.6,19.0,3.2,316,21,12.8,19.7,3.3,318,21,12.8,19.7,3.3,318,21,375,28.22,0.1,0,0,0,37.0,41.2,44.4,0.38,0.42,0.54
PISE,2019-11-08 13:00:00 EST,43.46474,-74.50432,1759,23.4,22.6,12.4,55.0,9.6,0.000,0.000,0.00,0.000,10.2,18.4,2.9,314,24,11.1,19.5,3.3,316,25,11.1,19.5,3.3,316,25,393,28.22,0.3,0,0,0,36.9,41.2,44.4,0.38,0.42,0.54
PISE,2019-11-08 13:05:00 EST,43.46474,-74.50432,1759,24.3,23.4,15.3,55.6,10.7,0.000,0.000,0.00,0.000,7.5,15.1,2.7,310,27,8.2,17.5,3.0,310,26,8.2,17.5,3.0,310,26,462,28.22,0.2,0,0,0,36.9,41.2,44.4,0.38,0.42,0.54
PISE,2019-11-08 13:10:00 EST,43.46474,-74.50432,1759,24.4,23.5,15.0,56.4,11.1,0.000,0.000,0.00,0.000,7.9,14.7,2.6,288,22,8.7,16.3,2.7,290,21,8.7,16.3,2.7,290,21,387,28.22,0.2,0,0,0,36.9,41.2,44.4,0.38,0.42,0.54
PISE,2019-11-08 13:15:00 EST,43.46474,-74.50432,1759,24.1,23.2,13.9,57.0,11.1,0.000,0.000,0.00,0.000,9.4,17.0,3.2,308,20,10.2,18.6,3.3,309,20,10.2,18.6,3.3,309,20,444,28.22,0.2,0,0,0,36.9,41.2,44.4,0.38,0.42,0.54
PISE,2019-11-08 13:20:00 EST,43.46474,-74.50432,1759,24.2,23.1,14.4,57.4,11.3,0.000,0.000,0.00,0.000,8.5,16.7,3.7,304,23,9.4,16.8,3.8,306,23,9.4,16.8,3.8,306,23,349,28.22,0.2,0,0,0,37.0,41.2,44.4,0.38,0.42,0.54
PISE,2019-11-08 13:25:00 EST,43.46474,-74.50432,1759,23.8,22.9,12.0,57.8,11.1,0.000,0.000,0.00,0.000,12.0,19.9,3.3,303,24,13.0,19.9,3.4,304,24,13.0,19.9,3.4,304,24,376,28.22,0.3,0,0,0,36.9,41.2,44.4,0.38,0.42,0.54
PISE,2019-11-08 13:30:00 EST,43.46474,-74.50432,1759,24.8,23.4,15.6,58.1,12.1,0.000,0.000,0.00,0.000,7.6,14.2,2.2,296,32,8.7,15.6,2.4,300,30,8.7,15.6,2.4,300,30,441,28.22,0.2,0,0,0,36.9,41.2,44.4,0.38,0.42,0.54
PISE,2019-11-08 13:35:00 EST,43.46474,-74.50432,1759,24.4,23.6,13.1,52.9,9.6,0.000,0.000,0.00,0.000,11.1,20.8,3.8,322,24,12.2,22.3,4.0,325,25,12.2,22.3,4.0,325,25,459,28.22,0.3,0,0,0,36.9,41.2,44.4,0.38,0.42,0.54
PISE,2019-11-08 13:40:00 EST,43.46474,-74.50432,1759,23.9,23.2,12.2,53.2,9.3,0.000,0.000,0.00,0.000,11.5,18.0,2.7,293,30,12.9,19.1,3.0,297,28,12.9,19.1,3.0,297,28,423,28.23,0.1,0,0,0,37.0,41.1,44.4,0.38,0.42,0.54
PISE,2019-11-08 13:45:00 EST,43.46474,-74.50432,1759,24.1,23.2,13.0,54.1,9.9,0.000,0.000,0.00,0.000,10.6,18.7,3.9,314,22,11.7,20.7,4.2,314,21,11.7,20.7,4.2,314,21,454,28.23,0.2,0,0,0,36.9,41.1,44.4,0.38,0.42,0.54
PISE,2019-11-08 13:50:00 EST,43.46474,-74.50432,1759,24.0,23.0,13.7,55.9,10.6,0.000,0.000,0.00,0.000,9.2,19.4,4.4,308,18,10.3,20.6,4.5,308,18,10.3,20.6,4.5,308,18,420,28.23,0.3,0,0,0,36.9,41.0,44.4,0.38,0.42,0.54
PISE,2019-11-08 13:55:00 EST,43.46474,-74.50432,1759,24.0,23.2,12.4,56.5,10.8,0.000,0.000,0.00,0.000,11.5,20.3,3.9,309,20,12.5,24.1,4.1,312,21,12.5,24.1,4.1,312,21,336,28.23,0.2,0,0,0,37.0,41.1,44.4,0.38,0.42,0.54
PISE,2019-11-08 14:00:00 EST,43.46474,-74.50432,1759,24.0,22.9,12.7,56.2,10.6,0.000,0.000,0.00,0.000,10.9,18.8,3.5,287,23,12.0,19.3,3.6,287,20,12.0,19.3,3.6,287,20,376,28.23,0.3,0,0,0,36.9,41.0,44.4,0.38,0.42,0.54
PISE,2019-11-08 14:05:00 EST,43.46474,-74.50432,1759,24.1,23.1,14.3,58.7,11.7,0.000,0.000,0.00,0.000,8.3,14.5,2.6,311,26,9.4,15.9,2.9,310,27,9.4,15.9,2.9,310,27,433,28.23,0.2,0,0,0,37.0,41.0,44.3,0.38,0.42,0.54
PISE,2019-11-08 14:10:00 EST,43.46474,-74.50432,1759,24.3,23.3,14.1,58.5,11.8,0.000,0.000,0.00,0.000,8.9,15.3,3.2,311,31,10.1,18.5,3.4,312,30,10.1,18.5,3.4,312,30,322,28.22,0.3,0,0,0,36.9,41.0,44.3,0.38,0.42,0.54
PISE,2019-11-08 14:15:00 EST,43.46474,-74.50432,1759,24.1,23.2,14.8,60.0,12.2,0.000,0.000,0.00,0.000,7.7,14.8,2.9,298,18,8.5,17.2,3.1,300,19,8.5,17.2,3.1,300,19,210,28.23,0.3,0,0,0,36.9,41.0,44.3,0.38,0.42,0.54
PISE,2019-11-08 14:20:00 EST,43.46474,-74.50432,1759,23.7,23.1,15.0,60.9,12.2,0.000,0.000,0.00,0.000,6.8,15.0,3.5,299,33,7.7,18.2,3.9,299,32,7.7,18.2,3.9,299,32,239,28.23,0.4,0,0,0,36.9,41.0,44.3,0.38,0.42,0.54
PISE,2019-11-08 14:25:00 EST,43.46474,-74.50432,1759,23.4,22.8,13.5,61.5,12.1,0.000,0.000,0.00,0.000,8.2,14.2,2.8,293,20,9.2,16.6,3.0,294,18,9.2,16.6,3.0,294,18,140,28.23,0.2,0,0,0,36.9,41.0,44.4,0.38,0.42,0.54
PISE,2019-11-08 14:30:00 EST,43.46474,-74.50432,1759,22.5,22.3,13.8,63.0,11.9,0.000,0.000,0.00,0.000,6.5,11.4,2.1,296,24,7.3,12.4,2.1,296,21,7.3,12.4,2.1,296,21,72,28.23,0.2,0,0,0,36.9,41.0,44.1,0.38,0.42,0.54
PISE,2019-11-08 14:35:00 EST,43.46474,-74.50432,1759,22.6,22.3,12.8,64.0,12.3,0.000,0.000,0.00,0.000,7.9,12.5,2.0,297,20,8.9,13.8,2.1,296,19,8.9,13.8,2.1,296,19,87,28.23,0.2,0,0,0,36.9,41.0,44.1,0.38,0.42,0.54
PISE,2019-11-08 14:40:00 EST,43.46474,-74.50432,1759,21.9,21.7,9.4,66.4,12.4,0.000,0.000,0.00,0.000,12.5,21.5,4.5,312,15,13.5,22.7,4.5,312,15,13.5,22.7,4.5,312,15,54,28.24,0.2,0,0,0,36.9,41.0,44.1,0.38,0.42,0.54
PISE,2019-11-08 14:45:00 EST,43.46474,-74.50432,1759,22.2,21.8,11.0,65.5,12.4,0.000,0.000,0.00,0.000,10.5,18.0,2.7,313,16,11.1,18.7,2.8,315,16,11.1,18.7,2.8,315,16,157,28.24,0.2,0,0,0,36.9,41.0,44.1,0.38,0.42,0.54
PISE,2019-11-08 14:50:00 EST,43.46474,-74.50432,1759,22.3,22.1,11.5,60.0,10.5,0.000,0.000,0.00,0.000,9.4,19.2,3.5,317,23,10.3,19.6,3.6,319,22,10.3,19.6,3.6,319,22,104,28.24,0.2,0,0,0,36.9,41.0,44.1,0.38,0.42,0.54
PISE,2019-11-08 14:55:00 EST,43.46474,-74.50432,1759,22.4,22.1,11.5,60.9,10.9,0.000,0.000,0.00,0.000,9.6,14.8,2.6,303,19,10.6,16.4,2.8,303,19,10.6,16.4,2.8,303,19,138,28.24,0.2,0,0,0,36.9,41.0,44.1,0.38,0.42,0.54
PISE,2019-11-08 15:00:00 EST,43.46474,-74.50432,1759,22.6,22.2,12.5,60.8,11.1,0.000,0.000,0.00,0.000,8.6,14.2,2.6,281,20,9.4,16.0,2.8,282,18,9.4,16.0,2.8,282,18,182,28.24,0.3,0,0,0,36.9,41.0,44.1,0.38,0.42,0.54
PISE,2019-11-08 15:05:00 EST,43.46474,-74.50432,1759,23.2,22.6,14.6,59.6,11.2,0.000,0.000,0.00,0.000,6.8,12.3,2.5,312,22,7.4,13.8,2.7,313,22,7.4,13.8,2.7,313,22,178,28.24,0.2,0,0,0,36.9,41.0,44.1,0.38,0.42,0.54
PISE,2019-11-08 15:10:00 EST,43.46474,-74.50432,1759,22.8,22.5,13.5,59.3,10.7,0.000,0.000,0.00,0.000,7.5,11.3,2.3,293,17,8.2,13.0,2.6,293,16,8.2,13.0,2.6,293,16,112,28.24,0.2,0,0,0,37.0,41.0,44.1,0.38,0.42,0.54
PISE,2019-11-08 15:15:00 EST,43.46474,-74.50432,1759,22.9,22.6,13.9,58.9,10.7,0.000,0.000,0.00,0.000,6.9,12.8,2.0,297,20,7.9,14.6,2.1,298,20,7.9,14.6,2.1,298,20,91,28.24,0.2,0,0,0,37.0,41.0,44.1,0.38,0.42,0.54
PISE,2019-11-08 15:20:00 EST,43.46474,-74.50432,1759,22.8,22.5,13.6,59.2,10.7,0.000,0.000,0.00,0.000,7.4,14.8,3.0,311,23,8.1,15.3,3.2,313,23,8.1,15.3,3.2,313,23,145,28.24,0.3,0,0,0,37.0,41.0,44.1,0.38,0.42,0.54
PISE,2019-11-08 15:25:00 EST,43.46474,-74.50432,1759,23.3,22.7,12.8,59.9,11.4,0.000,0.000,0.00,0.000,9.3,15.9,3.1,305,22,10.3,18.8,3.4,306,22,10.3,18.8,3.4,306,22,214,28.24,0.2,0,0,0,37.0,41.0,44.1,0.38,0.42,0.54
PISE,2019-11-08 15:30:00 EST,43.46474,-74.50432,1759,23.5,22.9,14.2,59.5,11.4,0.000,0.000,0.00,0.000,7.4,15.8,3.0,303,29,8.4,16.2,3.3,303,28,8.4,16.2,3.3,303,28,208,28.24,0.2,0,0,0,37.0,41.0,44.1,0.38,0.42,0.54
PISE,2019-11-08 15:35:00 EST,43.46474,-74.50432,1759,23.5,23.0,13.4,59.4,11.4,0.000,0.000,0.00,0.000,8.7,20.8,3.8,308,25,9.7,23.8,4.0,308,25,9.7,23.8,4.0,308,25,138,28.24,0.2,0,0,0,37.1,41.0,44.1,0.38,0.42,0.54
PISE,2019-11-08 15:40:00 EST,43.46474,-74.50432,1759,23.0,22.8,13.7,58.6,10.7,0.000,0.000,0.00,0.000,7.4,19.8,3.8,307,23,8.3,21.5,3.9,309,24,8.3,21.5,3.9,309,24,79,28.25,0.2,0,0,0,37.1,41.0,44.1,0.38,0.42,0.54
PISE,2019-11-08 15:45:00 EST,43.46474,-74.50432,1759,22.8,22.5,14.5,59.4,10.7,0.000,0.000,0.00,0.000,6.2,12.2,3.2,316,18,6.8,14.0,3.4,318,19,6.8,14.0,3.4,318,19,62,28.25,0.2,0,0,0,37.0,41.0,44.1,0.38,0.42,0.54
PISE,2019-11-08 15:50:00 EST,43.46474,-74.50432,1759,22.7,22.5,16.8,59.3,10.6,0.000,0.000,0.00,0.000,3.5,9.2,2.4,341,35,4.5,11.1,2.4,342,33,4.5,11.1,2.4,342,33,63,28.25,0.2,0,0,0,37.0,41.0,44.1,0.38,0.42,0.54
PISE,2019-11-08 15:55:00 EST,43.46474,-74.50432,1759,22.8,22.6,17.4,59.4,10.8,0.000,0.000,0.00,0.000,3.5,7.3,1.4,340,34,4.1,8.7,1.6,340,32,4.1,8.7,1.6,340,32,67,28.25,0.3,0,0,0,37.1,41.0,44.1,0.38,0.42,0.54
PISE,2019-11-08 16:00:00 EST,43.46474,-74.50432,1759,22.8,22.6,18.5,61.0,11.4,0.000,0.000,0.00,0.000,2.7,5.9,1.4,299,24,3.3,6.9,1.3,297,23,3.3,6.9,1.3,297,23,53,28.25,0.2,0,0,0,37.0,41.0,44.1,0.38,0.42,0.54
PISE,2019-11-08 16:05:00 EST,43.46474,-74.50432,1759,22.7,22.5,22.7,60.5,11.1,0.000,0.000,0.00,0.000,2.6,4.2,0.9,305,25,3.0,5.4,1.2,308,24,3.0,5.4,1.2,308,24,39,28.25,0.2,0,0,0,37.0,41.0,44.1,0.38,0.42,0.54
PISE,2019-11-08 16:10:00 EST,43.46474,-74.50432,1759,22.3,22.2,13.5,62.8,11.6,0.000,0.000,0.00,0.000,6.7,16.1,3.2,295,29,7.5,17.3,3.4,297,28,7.5,17.3,3.4,297,28,25,28.25,0.3,0,0,0,37.0,40.9,44.1,0.38,0.42,0.54
PISE,2019-11-08 16:15:00 EST,43.46474,-74.50432,1759,22.2,22.1,13.1,61.9,11.1,0.000,0.000,0.00,0.000,6.6,18.3,3.4,348,27,7.7,19.7,3.8,350,25,7.7,19.7,3.8,350,25,22,28.26,0.2,0,0,0,37.0,40.9,44.1,0.38,0.42,0.54
PISE,2019-11-08 16:20:00 EST,43.46474,-74.50432,1759,21.8,21.8,15.6,59.2,9.8,0.000,0.000,0.00,0.000,3.6,7.9,1.8,353,32,4.5,8.8,2.1,357,30,4.5,8.8,2.1,357,30,17,28.26,0.2,0,0,0,37.0,40.8,44.1,0.38,0.42,0.54
PISE,2019-11-08 16:25:00 EST,43.46474,-74.50432,1759,21.6,21.6,12.4,59.6,9.7,0.000,0.000,0.00,0.000,6.5,13.2,2.9,357,23,7.7,17.4,3.4,360,21,7.7,17.4,3.4,360,21,9,28.26,0.2,0,0,0,37.0,40.8,44.1,0.38,0.42,0.54
PISE,2019-11-08 16:30:00 EST,43.46474,-74.50432,1759,21.4,21.4,14.1,60.2,9.7,0.000,0.000,0.00,0.000,4.9,10.7,2.6,342,30,5.5,13.5,3.0,347,28,5.5,13.5,3.0,347,28,7,28.27,0.2,0,0,0,37.0,40.8,44.1,0.38,0.42,0.54
PISE,2019-11-08 16:35:00 EST,43.46474,-74.50432,1759,21.3,21.3,13.3,60.8,9.8,0.000,0.000,0.00,0.000,5.2,10.0,2.3,344,26,6.2,13.6,2.8,348,24,6.2,13.6,2.8,348,24,5,28.27,0.3,0,0,0,37.1,40.8,44.1,0.38,0.42,0.54
PISE,2019-11-08 16:40:00 EST,43.46474,-74.50432,1759,21.1,21.1,13.8,61.0,9.7,0.000,0.000,0.00,0.000,4.5,9.7,2.0,355,32,5.4,10.5,2.3,358,29,5.4,10.5,2.3,358,29,4,28.27,0.2,0,0,0,37.0,40.8,44.1,0.38,0.42,0.54
PISE,2019-11-08 16:45:00 EST,43.46474,-74.50432,1759,20.8,20.9,15.4,61.9,9.8,0.000,0.000,0.00,0.000,3.2,5.3,1.0,338,34,3.8,7.7,1.2,340,32,3.8,7.7,1.2,340,32,3,28.27,0.2,0,0,0,37.0,40.8,44.1,0.38,0.42,0.54
PISE,2019-11-08 16:50:00 EST,43.46474,-74.50432,1759,20.8,20.9,15.2,62.6,10.1,0.000,0.000,0.00,0.000,3.2,6.8,1.2,319,25,4.0,7.6,1.2,322,27,4.0,7.6,1.2,322,27,2,28.27,0.3,0,0,0,37.1,40.8,44.1,0.38,0.42,0.54
PISE,2019-11-08 16:55:00 EST,43.46474,-74.50432,1759,20.9,21.0,12.0,63.8,10.6,0.000,0.000,0.00,0.000,6.4,12.6,2.0,320,21,7.2,13.5,2.3,321,21,7.2,13.5,2.3,321,21,1,28.27,0.2,0,0,0,37.0,40.8,44.1,0.38,0.42,0.54
PISE,2019-11-08 17:00:00 EST,43.46474,-74.50432,1759,20.7,20.9,15.3,63.8,10.4,0.000,0.000,0.00,0.000,3.3,5.8,1.1,337,29,3.9,6.9,1.3,341,28,3.9,6.9,1.3,341,28,0,28.27,0.3,0,0,0,37.0,40.8,44.1,0.38,0.42,0.54
PISE,2019-11-08 17:05:00 EST,43.46474,-74.50432,1759,20.7,20.9,14.1,64.4,10.6,0.000,0.000,0.00,0.000,3.9,8.0,1.9,335,26,4.7,8.7,2.0,340,25,4.7,8.7,2.0,340,25,0,28.28,0.3,0,0,0,37.0,40.8,44.1,0.38,0.42,0.54
PISE,2019-11-08 17:10:00 EST,43.46474,-74.50432,1759,20.8,21.0,13.6,63.9,10.5,0.000,0.000,0.00,0.000,4.9,8.1,1.3,309,17,5.4,9.2,1.4,311,17,5.4,9.2,1.4,311,17,0,28.28,0.3,0,0,0,37.0,40.8,44.1,0.38,0.42,0.54
PISE,2019-11-08 17:15:00 EST,43.46474,-74.50432,1759,20.8,20.9,15.5,64.4,10.7,0.000,0.000,0.00,0.000,3.3,6.2,1.5,319,21,3.7,7.8,1.6,320,20,3.7,7.8,1.6,320,20,0,28.28,0.2,0,0,0,37.0,40.8,44.1,0.38,0.42,0.54
PISE,2019-11-08 17:20:00 EST,43.46474,-74.50432,1759,20.7,20.9,11.9,65.5,11.0,0.000,0.000,0.00,0.000,6.3,10.2,1.7,299,17,7.0,10.8,1.9,300,18,7.0,10.8,1.9,300,18,0,28.28,0.2,0,0,0,37.0,40.8,44.1,0.38,0.42,0.54
PISE,2019-11-08 17:25:00 EST,43.46474,-74.50432,1759,20.5,20.7,12.3,67.3,11.4,0.000,0.000,0.00,0.000,5.5,10.0,2.2,307,22,6.3,11.7,2.2,307,19,6.3,11.7,2.2,307,19,0,28.28,0.2,0,0,0,37.1,40.8,44.1,0.38,0.42,0.54
PISE,2019-11-08 17:30:00 EST,43.46474,-74.50432,1759,20.3,20.5,14.9,69.0,11.8,0.000,0.000,0.00,0.000,3.1,6.6,1.4,327,32,3.8,6.9,1.3,329,30,3.8,6.9,1.3,329,30,0,28.29,0.3,0,0,0,37.0,40.8,44.1,0.38,0.42,0.54
PISE,2019-11-08 17:35:00 EST,43.46474,-74.50432,1759,20.3,20.5,11.8,69.4,11.9,0.000,0.000,0.00,0.000,6.1,11.9,2.4,316,19,6.5,12.3,2.4,317,18,6.5,12.3,2.4,317,18,0,28.29,0.3,0,0,0,37.0,40.8,44.1,0.38,0.42,0.54
PISE,2019-11-08 17:40:00 EST,43.46474,-74.50432,1759,20.3,20.5,11.5,69.2,11.8,0.000,0.000,0.00,0.000,6.2,13.7,2.5,320,19,6.9,13.2,2.4,322,20,6.9,13.2,2.4,322,20,0,28.29,0.3,0,0,0,37.0,40.8,44.1,0.38,0.42,0.54
PISE,2019-11-08 17:45:00 EST,43.46474,-74.50432,1759,20.2,20.4,12.6,70.3,12.1,0.000,0.000,0.00,0.000,5.1,8.1,1.5,318,19,5.6,9.3,1.7,318,20,5.6,9.3,1.7,318,20,0,28.29,0.3,0,0,0,36.9,40.8,44.1,0.38,0.42,0.54
PISE,2019-11-08 17:50:00 EST,43.46474,-74.50432,1759,20.3,20.3,11.8,71.0,12.4,0.000,0.000,0.00,0.000,5.6,10.9,1.5,308,17,6.5,12.3,1.6,308,16,6.5,12.3,1.6,308,16,0,28.30,0.3,0,0,0,36.9,40.8,44.0,0.38,0.42,0.54
PISE,2019-11-08 17:55:00 EST,43.46474,-74.50432,1759,20.2,20.3,12.3,72.1,12.7,0.000,0.000,0.00,0.000,5.3,8.4,1.2,301,14,5.9,9.0,1.3,302,12,5.9,9.0,1.3,302,12,0,28.30,0.3,0,0,0,36.9,40.8,44.0,0.38,0.42,0.54
PISE,2019-11-08 18:00:00 EST,43.46474,-74.50432,1759,20.3,20.3,12.2,71.8,12.6,0.000,0.000,0.00,0.000,5.5,8.5,1.3,310,12,6.0,9.4,1.4,311,12,6.0,9.4,1.4,311,12,0,28.30,0.2,0,0,0,37.0,40.8,44.0,0.38,0.42,0.54
PISE,2019-11-08 18:05:00 EST,43.46474,-74.50432,1759,20.2,20.3,10.4,72.4,12.7,0.000,0.000,0.00,0.000,7.5,10.6,2.0,311,14,8.1,12.5,2.1,312,14,8.1,12.5,2.1,312,14,0,28.30,0.2,0,0,0,36.9,40.8,44.0,0.38,0.42,0.54
PISE,2019-11-08 18:10:00 EST,43.46474,-74.50432,1759,20.1,20.2,11.4,72.5,12.6,0.000,0.000,0.00,0.000,6.0,8.6,0.9,301,19,6.7,9.5,1.0,303,18,6.7,9.5,1.0,303,18,0,28.30,0.3,0,0,0,36.9,40.8,43.9,0.38,0.42,0.54
PISE,2019-11-08 18:15:00 EST,43.46474,-74.50432,1759,20.0,20.2,10.7,73.0,12.7,0.000,0.000,0.00,0.000,6.6,12.6,1.8,308,14,7.3,13.4,2.0,310,13,7.3,13.4,2.0,310,13,0,28.30,0.3,0,0,0,36.9,40.8,44.0,0.38,0.42,0.54
PISE,2019-11-08 18:20:00 EST,43.46474,-74.50432,1759,20.0,20.2,9.9,72.6,12.6,0.000,0.000,0.00,0.000,7.8,12.7,2.1,308,17,8.5,14.0,2.1,310,17,8.5,14.0,2.1,310,17,0,28.30,0.3,0,0,0,36.9,40.8,44.0,0.38,0.42,0.54
PISE,2019-11-08 18:25:00 EST,43.46474,-74.50432,1759,20.0,20.1,10.0,72.4,12.5,0.000,0.000,0.00,0.000,7.4,13.8,2.8,304,16,8.2,14.9,2.8,306,17,8.2,14.9,2.8,306,17,0,28.30,0.3,0,0,0,36.9,40.8,43.9,0.38,0.42,0.54
PISE,2019-11-08 18:30:00 EST,43.46474,-74.50432,1759,19.8,20.0,11.4,72.6,12.4,0.000,0.000,0.00,0.000,5.7,11.9,2.4,318,19,6.3,12.0,2.4,319,19,6.3,12.0,2.4,319,19,0,28.30,0.3,0,0,0,36.9,40.8,43.9,0.38,0.42,0.54
PISE,2019-11-08 18:35:00 EST,43.46474,-74.50432,1759,19.6,19.9,10.1,73.5,12.4,0.000,0.000,0.00,0.000,6.6,13.4,1.9,307,22,7.4,13.4,1.8,308,21,7.4,13.4,1.8,308,21,0,28.31,0.3,0,0,0,36.9,40.8,43.9,0.38,0.42,0.54
PISE,2019-11-08 18:40:00 EST,43.46474,-74.50432,1759,19.7,19.9,10.2,73.4,12.5,0.000,0.000,0.00,0.000,6.8,11.3,1.9,306,16,7.6,13.3,2.1,308,14,7.6,13.3,2.1,308,14,0,28.31,0.3,0,0,0,36.9,40.8,43.9,0.38,0.42,0.54
PISE,2019-11-08 18:45:00 EST,43.46474,-74.50432,1759,19.6,19.8,9.8,73.7,12.6,0.000,0.000,0.00,0.000,7.0,11.9,1.8,307,18,7.9,12.3,1.9,309,16,7.9,12.3,1.9,309,16,0,28.31,0.3,0,0,0,36.9,40.8,43.9,0.38,0.42,0.54
PISE,2019-11-08 18:50:00 EST,43.46474,-74.50432,1759,19.4,19.7,10.5,74.4,12.6,0.000,0.000,0.00,0.000,6.0,12.4,2.3,308,19,6.8,13.3,2.3,310,19,6.8,13.3,2.3,310,19,0,28.31,0.3,0,0,0,36.9,40.8,43.9,0.38,0.42,0.54
PISE,2019-11-08 18:55:00 EST,43.46474,-74.50432,1759,19.5,19.7,9.1,74.3,12.6,0.000,0.000,0.00,0.000,7.9,14.1,2.5,318,16,8.7,15.9,2.6,319,16,8.7,15.9,2.6,319,16,0,28.31,0.3,0,0,0,36.9,40.7,43.9,0.38,0.42,0.54
PISE,2019-11-08 19:00:00 EST,43.46474,-74.50432,1759,19.4,19.7,8.8,74.4,12.6,0.000,0.000,0.00,0.000,8.2,11.7,1.8,302,15,9.0,12.7,1.6,302,14,9.0,12.7,1.6,302,14,0,28.31,0.3,0,0,0,36.9,40.7,43.9,0.38,0.42,0.54
PISE,2019-11-08 19:05:00 EST,43.46474,-74.50432,1759,19.4,19.6,10.5,75.0,12.7,0.000,0.000,0.00,0.000,6.2,11.9,2.1,316,17,6.8,12.8,2.2,316,17,6.8,12.8,2.2,316,17,0,28.31,0.2,0,0,0,36.9,40.6,43.9,0.38,0.42,0.54
PISE,2019-11-08 19:10:00 EST,43.46474,-74.50432,1759,19.2,19.5,12.7,75.7,12.8,0.000,0.000,0.00,0.000,3.9,7.5,1.6,308,25,4.5,9.0,1.6,310,25,4.5,9.0,1.6,310,25,0,28.31,0.3,0,0,0,36.9,40.7,43.9,0.38,0.42,0.54
PISE,2019-11-08 19:15:00 EST,43.46474,-74.50432,1759,19.2,19.5,12.3,76.3,13.0,0.000,0.000,0.00,0.000,4.3,7.8,1.3,303,21,4.8,9.4,1.5,307,21,4.8,9.4,1.5,307,21,0,28.32,0.3,0,0,0,36.9,40.6,43.9,0.38,0.42,0.54
PISE,2019-11-08 19:20:00 EST,43.46474,-74.50432,1759,19.3,19.6,10.3,76.0,13.0,0.000,0.000,0.00,0.000,6.3,11.8,1.8,298,16,6.9,12.6,2.0,299,15,6.9,12.6,2.0,299,15,0,28.32,0.3,0,0,0,36.9,40.6,43.9,0.38,0.42,0.54
PISE,2019-11-08 19:25:00 EST,43.46474,-74.50432,1759,19.3,19.6,9.7,76.1,13.0,0.000,0.000,0.00,0.000,7.0,10.1,1.6,303,16,7.7,12.0,1.7,306,16,7.7,12.0,1.7,306,16,0,28.32,0.3,0,0,0,36.9,40.6,43.9,0.38,0.42,0.54
PISE,2019-11-08 19:30:00 EST,43.46474,-74.50432,1759,19.4,19.6,10.0,75.9,13.1,0.000,0.000,0.00,0.000,6.6,10.8,2.0,320,17,7.4,13.7,2.0,322,17,7.4,13.7,2.0,322,17,0,28.32,0.2,0,0,0,36.9,40.6,43.9,0.38,0.42,0.54
PISE,2019-11-08 19:35:00 EST,43.46474,-74.50432,1759,19.1,19.6,10.8,76.8,13.0,0.000,0.000,0.00,0.000,5.4,12.1,2.2,309,15,6.1,13.7,2.3,312,15,6.1,13.7,2.3,312,15,0,28.32,0.3,0,0,0,36.9,40.6,43.9,0.38,0.42,0.54
PISE,2019-11-08 19:40:00 EST,43.46474,-74.50432,1759,19.3,19.6,10.5,76.5,13.1,0.000,0.000,0.00,0.000,6.0,13.4,2.4,318,18,6.6,14.0,2.3,319,18,6.6,14.0,2.3,319,18,0,28.32,0.3,0,0,0,36.9,40.6,43.9,0.38,0.42,0.54
PISE,2019-11-08 19:45:00 EST,43.46474,-74.50432,1759,19.3,19.6,9.6,76.6,13.1,0.000,0.000,0.00,0.000,7.1,11.8,2.4,310,21,7.7,12.4,2.5,312,21,7.7,12.4,2.5,312,21,0,28.32,0.3,0,0,0,36.9,40.6,43.9,0.38,0.42,0.54
PISE,2019-11-08 19:50:00 EST,43.46474,-74.50432,1759,19.2,19.5,10.8,76.8,13.1,0.000,0.000,0.00,0.000,5.6,10.2,1.7,306,14,6.2,10.6,1.8,307,14,6.2,10.6,1.8,307,14,0,28.32,0.3,0,0,0,36.9,40.6,43.9,0.38,0.42,0.54
PISE,2019-11-08 19:55:00 EST,43.46474,-74.50432,1759,19.3,19.5,10.8,76.7,13.1,0.000,0.000,0.00,0.000,5.5,8.0,1.4,322,19,6.2,9.5,1.6,325,19,6.2,9.5,1.6,325,19,0,28.32,0.3,0,0,0,36.8,40.6,43.9,0.38,0.42,0.54
PISE,2019-11-08 20:00:00 EST,43.46474,-74.50432,1759,19.0,19.3,12.6,77.1,13.0,0.000,0.000,0.00,0.000,3.8,9.1,1.6,314,21,4.4,9.3,1.7,314,22,4.4,9.3,1.7,314,22,0,28.32,0.3,0,0,0,36.7,40.6,43.9,0.38,0.42,0.54
PISE,2019-11-08 20:05:00 EST,43.46474,-74.50432,1759,19.0,19.4,10.6,77.8,13.2,0.000,0.000,0.00,0.000,5.6,9.4,1.4,318,17,6.2,10.9,1.5,320,16,6.2,10.9,1.5,320,16,0,28.32,0.4,0,0,0,36.7,40.6,43.9,0.38,0.42,0.54
PISE,2019-11-08 20:10:00 EST,43.46474,-74.50432,1759,18.7,19.2,12.7,78.7,13.2,0.000,0.000,0.00,0.000,3.5,7.0,1.4,322,27,4.1,9.3,1.6,324,27,4.1,9.3,1.6,324,27,0,28.32,0.3,0,0,0,36.7,40.6,43.9,0.38,0.42,0.54
PISE,2019-11-08 20:15:00 EST,43.46474,-74.50432,1759,19.0,19.3,12.3,78.9,13.6,0.000,0.000,0.00,0.000,4.0,7.2,1.2,319,19,4.6,8.7,1.4,322,20,4.6,8.7,1.4,322,20,0,28.32,0.4,0,0,0,36.7,40.6,43.9,0.38,0.42,0.54
PISE,2019-11-08 20:20:00 EST,43.46474,-74.50432,1759,18.8,19.2,12.4,79.0,13.3,0.000,0.000,0.00,0.000,3.8,6.8,1.5,309,21,4.3,7.6,1.7,311,21,4.3,7.6,1.7,311,21,0,28.32,0.3,0,0,0,36.7,40.6,43.9,0.38,0.42,0.54
PISE,2019-11-08 20:25:00 EST,43.46474,-74.50432,1759,18.8,19.2,11.6,79.5,13.5,0.000,0.000,0.00,0.000,4.3,9.1,1.9,302,28,5.0,10.5,2.1,305,27,5.0,10.5,2.1,305,27,0,28.32,0.3,0,0,0,36.7,40.6,43.9,0.38,0.42,0.54
PISE,2019-11-08 20:30:00 EST,43.46474,-74.50432,1759,18.8,19.2,10.9,79.8,13.6,0.000,0.000,0.00,0.000,4.9,9.1,1.7,334,18,5.6,10.5,1.9,335,18,5.6,10.5,1.9,335,18,0,28.32,0.4,0,0,0,36.7,40.6,43.9,0.38,0.42,0.54
PISE,2019-11-08 20:35:00 EST,43.46474,-74.50432,1759,19.0,19.3,11.8,79.7,13.8,0.000,0.000,0.00,0.000,4.5,10.5,2.0,314,15,5.0,11.3,2.1,316,15,5.0,11.3,2.1,316,15,0,28.32,0.3,0,0,0,36.7,40.6,43.9,0.38,0.42,0.54
PISE,2019-11-08 20:40:00 EST,43.46474,-74.50432,1759,18.9,19.3,12.5,79.8,13.7,0.000,0.000,0.00,0.000,3.9,8.0,1.4,312,21,4.4,8.7,1.6,315,20,4.4,8.7,1.6,315,20,0,28.32,0.3,0,0,0,36.7,40.6,43.9,0.38,0.42,0.54
PISE,2019-11-08 20:45:00 EST,43.46474,-74.50432,1759,18.9,19.3,13.3,80.1,13.7,0.000,0.000,0.00,0.000,3.4,6.1,1.3,313,15,3.7,6.9,1.3,314,14,3.7,6.9,1.3,314,14,0,28.32,0.3,0,0,0,36.7,40.6,43.9,0.38,0.42,0.54
PISE,2019-11-08 20:50:00 EST,43.46474,-74.50432,1759,18.9,19.3,13.1,79.6,13.7,0.000,0.000,0.00,0.000,3.7,6.2,0.9,315,15,3.9,7.2,1.1,315,13,3.9,7.2,1.1,315,13,0,28.32,0.3,0,0,0,36.7,40.6,43.9,0.38,0.42,0.54
PISE,2019-11-08 20:55:00 EST,43.46474,-74.50432,1759,18.9,19.2,13.7,79.8,13.6,0.000,0.000,0.00,0.000,3.0,6.1,1.1,305,19,3.4,6.3,1.2,309,19,3.4,6.3,1.2,309,19,0,28.32,0.3,0,0,0,36.7,40.6,43.9,0.38,0.42,0.54
PISE,2019-11-08 21:00:00 EST,43.46474,-74.50432,1759,18.7,19.1,13.3,80.2,13.6,0.000,0.000,0.00,0.000,3.0,8.7,2.2,313,33,3.6,9.3,2.1,317,35,3.6,9.3,2.1,317,35,0,28.32,0.4,0,0,0,36.7,40.6,43.9,0.38,0.42,0.54
PISE,2019-11-08 21:05:00 EST,43.46474,-74.50432,1759,18.6,19.0,13.5,80.9,13.7,0.000,0.000,0.00,0.000,3.0,8.6,2.1,320,15,3.4,10.1,2.3,320,15,3.4,10.1,2.3,320,15,0,28.32,0.3,0,0,0,36.7,40.6,43.9,0.38,0.42,0.54
PISE,2019-11-08 21:10:00 EST,43.46474,-74.50432,1759,18.4,18.9,18.4,81.6,13.7,0.000,0.000,0.00,0.000,2.1,4.9,1.5,311,24,2.4,5.4,1.5,311,26,2.4,5.4,1.5,311,26,0,28.32,0.2,0,0,0,36.7,40.6,43.9,0.38,0.42,0.54
PISE,2019-11-08 21:15:00 EST,43.46474,-74.50432,1759,18.5,19.2,18.5,80.9,13.7,0.000,0.000,0.00,0.000,2.2,4.7,1.3,273,23,2.6,5.6,1.4,277,23,2.6,5.6,1.4,277,23,0,28.32,0.2,0,0,0,36.7,40.6,43.9,0.38,0.42,0.54
PISE,2019-11-08 21:20:00 EST,43.46474,-74.50432,1759,16.7,18.7,16.7,82.2,12.2,0.000,0.000,0.00,0.000,0.7,3.0,0.7,197,14,1.0,3.1,0.7,197,19,1.0,3.1,0.7,197,19,0,28.32,0.3,0,0,0,36.7,40.6,43.9,0.38,0.42,0.54
PISE,2019-11-08 21:25:00 EST,43.46474,-74.50432,1759,17.2,18.6,17.2,84.0,13.2,0.000,0.000,0.00,0.000,2.4,4.2,0.9,237,37,2.8,4.8,0.9,241,36,2.8,4.8,0.9,241,36,0,28.32,0.3,0,0,0,36.7,40.6,43.9,0.38,0.42,0.54
PISE,2019-11-08 21:30:00 EST,43.46474,-74.50432,1759,18.3,19.1,12.4,82.6,13.9,0.000,0.000,0.00,0.000,3.5,8.7,1.4,271,21,3.9,9.5,1.6,273,21,3.9,9.5,1.6,273,21,0,28.32,0.4,0,0,0,36.7,40.6,43.9,0.38,0.42,0.54
PISE,2019-11-08 21:35:00 EST,43.46474,-74.50432,1759,18.0,18.9,18.0,81.3,13.3,0.000,0.000,0.00,0.000,1.3,3.4,0.9,296,21,1.7,3.4,0.7,303,25,1.7,3.4,0.7,303,25,0,28.32,0.2,0,0,0,36.7,40.6,43.9,0.38,0.42,0.54
PISE,2019-11-08 21:40:00 EST,43.46474,-74.50432,1759,18.2,19.0,18.2,81.9,13.6,0.000,0.000,0.00,0.000,1.4,4.4,1.2,290,16,1.8,5.0,1.3,288,25,1.8,5.0,1.3,288,25,0,28.32,0.2,0,0,0,36.6,40.6,43.9,0.38,0.42,0.54
PISE,2019-11-08 21:45:00 EST,43.46474,-74.50432,1759,16.9,18.6,16.9,82.5,12.5,0.000,0.000,0.00,0.000,0.5,2.6,0.7,152,16,0.9,2.8,0.7,163,21,0.9,2.8,0.7,163,21,0,28.32,0.2,0,0,0,36.6,40.6,43.9,0.38,0.42,0.54
PISE,2019-11-08 21:50:00 EST,43.46474,-74.50432,1759,16.5,18.1,16.5,85.5,12.9,0.000,0.000,0.00,0.000,1.3,2.6,0.6,147,19,1.6,3.2,0.6,147,22,1.6,3.2,0.6,147,22,0,28.32,0.5,0,0,0,36.6,40.6,43.9,0.38,0.42,0.54
PISE,2019-11-08 21:55:00 EST,43.46474,-74.50432,1759,16.3,18.4,16.3,85.0,12.6,0.000,0.000,0.00,0.000,0.7,1.4,0.5,172,19,1.0,1.7,0.6,174,22,1.0,1.7,0.6,174,22,0,28.32,0.3,0,0,0,36.5,40.6,43.9,0.38,0.42,0.54
PISE,2019-11-08 22:00:00 EST,43.46474,-74.50432,1759,16.1,18.1,16.1,85.9,12.6,0.000,0.000,0.00,0.000,1.4,3.9,0.7,227,30,1.7,4.3,0.7,231,31,1.7,4.3,0.7,231,31,0,28.32,0.4,0,0,0,36.6,40.6,43.9,0.38,0.42,0.54
PISE,2019-11-08 22:05:00 EST,43.46474,-74.50432,1759,17.2,18.5,17.2,86.3,13.8,0.000,0.000,0.00,0.000,2.0,3.7,0.8,239,18,2.4,4.6,0.8,240,19,2.4,4.6,0.8,240,19,0,28.32,0.3,0,0,0,36.6,40.6,43.9,0.38,0.42,0.54
PISE,2019-11-08 22:10:00 EST,43.46474,-74.50432,1759,16.4,18.2,16.4,85.6,12.9,0.000,0.000,0.00,0.000,0.7,3.3,0.9,288,34,1.3,4.3,1.0,290,39,1.3,4.3,1.0,290,39,0,28.32,0.3,0,0,0,36.6,40.6,43.9,0.38,0.42,0.54
PISE,2019-11-08 22:15:00 EST,43.46474,-74.50432,1759,16.2,18.1,16.2,86.3,12.9,0.000,0.000,0.00,0.000,1.4,2.7,0.7,221,29,1.7,3.4,0.7,225,31,1.7,3.4,0.7,225,31,0,28.32,0.3,0,0,0,36.6,40.6,43.7,0.38,0.42,0.54
PISE,2019-11-08 22:20:00 EST,43.46474,-74.50432,1759,16.3,18.3,16.3,86.4,13.0,0.000,0.000,0.00,0.000,1.0,2.4,0.7,226,43,1.4,3.4,0.8,232,51,1.4,3.4,0.8,232,51,0,28.32,0.4,0,0,0,36.5,40.5,43.7,0.38,0.42,0.54
PISE,2019-11-08 22:25:00 EST,43.46474,-74.50432,1759,16.7,18.1,16.7,86.2,13.3,0.000,0.000,0.00,0.000,1.4,3.6,0.9,258,25,1.8,4.0,0.8,254,35,1.8,4.0,0.8,254,35,0,28.32,0.4,0,0,0,36.5,40.6,43.7,0.38,0.42,0.54
PISE,2019-11-08 22:30:00 EST,43.46474,-74.50432,1759,17.4,18.9,17.4,84.6,13.6,0.000,0.000,0.00,0.000,1.8,4.6,1.3,247,49,2.1,5.0,1.2,246,51,2.1,5.0,1.2,246,51,0,28.32,0.2,0,0,0,36.5,40.6,43.7,0.38,0.42,0.54
PISE,2019-11-08 22:35:00 EST,43.46474,-74.50432,1759,16.0,17.8,16.0,85.0,12.3,0.000,0.000,0.00,0.000,1.6,4.9,1.1,295,53,1.9,5.6,1.2,291,51,1.9,5.6,1.2,291,51,0,28.32,0.3,0,0,0,36.5,40.5,43.7,0.38,0.42,0.54
PISE,2019-11-08 22:40:00 EST,43.46474,-74.50432,1759,17.7,18.9,9.7,85.6,14.1,0.000,0.000,0.00,0.000,4.9,7.9,1.0,280,22,5.5,9.7,1.2,283,21,5.5,9.7,1.2,283,21,0,28.32,0.5,0,0,0,36.5,40.5,43.7,0.38,0.42,0.54
PISE,2019-11-08 22:45:00 EST,43.46474,-74.50432,1759,18.2,19.0,10.7,83.0,13.9,0.000,0.000,0.00,0.000,4.7,9.3,1.7,296,28,5.2,10.7,1.8,298,27,5.2,10.7,1.8,298,27,0,28.32,0.3,0,0,0,36.6,40.5,43.7,0.38,0.42,0.54
PISE,2019-11-08 22:50:00 EST,43.46474,-74.50432,1759,18.3,19.0,12.0,82.7,13.9,0.000,0.000,0.00,0.000,3.5,6.9,1.8,279,22,4.2,8.8,1.9,283,25,4.2,8.8,1.9,283,25,0,28.32,0.4,0,0,0,36.5,40.5,43.7,0.38,0.42,0.54
PISE,2019-11-08 22:55:00 EST,43.46474,-74.50432,1759,18.2,19.2,12.8,82.0,13.6,0.000,0.000,0.00,0.000,3.1,7.0,1.2,267,26,3.5,8.2,1.3,272,27,3.5,8.2,1.3,272,27,0,28.32,0.3,0,0,0,36.5,40.5,43.7,0.38,0.42,0.54
PISE,2019-11-08 23:00:00 EST,43.46474,-74.50432,1759,18.3,19.1,12.1,81.4,13.6,0.000,0.000,0.00,0.000,3.6,9.4,1.6,281,36,4.2,9.1,1.7,284,36,4.2,9.1,1.7,284,36,0,28.32,0.5,0,0,0,36.5,40.5,43.7,0.38,0.42,0.54
PISE,2019-11-08 23:05:00 EST,43.46474,-74.50432,1759,18.8,19.4,12.7,80.6,13.8,0.000,0.000,0.00,0.000,3.6,7.2,1.6,270,40,4.1,7.9,1.8,276,40,4.1,7.9,1.8,276,40,0,28.32,0.4,0,0,0,36.5,40.5,43.7,0.38,0.42,0.54
PISE,2019-11-08 23:10:00 EST,43.46474,-74.50432,1759,18.9,19.4,12.9,80.1,13.8,0.000,0.000,0.00,0.000,3.6,7.2,1.5,304,25,4.0,8.7,1.7,307,23,4.0,8.7,1.7,307,23,0,28.32,0.4,0,0,0,36.4,40.5,43.7,0.38,0.42,0.54
PISE,2019-11-08 23:15:00 EST,43.46474,-74.50432,1759,19.0,19.5,10.9,80.4,14.0,0.000,0.000,0.00,0.000,5.1,9.6,1.9,311,26,5.8,11.1,2.1,314,27,5.8,11.1,2.1,314,27,0,28.32,0.5,0,0,0,36.4,40.5,43.7,0.38,0.42,0.54
PISE,2019-11-08 23:20:00 EST,43.46474,-74.50432,1759,18.6,19.3,10.6,80.7,13.6,0.000,0.000,0.00,0.000,5.1,12.1,2.4,300,18,5.7,12.1,2.6,302,16,5.7,12.1,2.6,302,16,0,28.32,0.5,0,0,0,36.4,40.5,43.7,0.38,0.42,0.54
PISE,2019-11-08 23:25:00 EST,43.46474,-74.50432,1759,19.0,19.6,9.4,81.0,14.2,0.000,0.000,0.00,0.000,6.9,10.5,1.7,298,16,7.5,11.2,1.9,301,15,7.5,11.2,1.9,301,15,0,28.32,0.5,0,0,0,36.4,40.5,43.7,0.38,0.42,0.54
PISE,2019-11-08 23:30:00 EST,43.46474,-74.50432,1759,18.9,19.4,11.9,81.1,14.1,0.000,0.000,0.00,0.000,4.3,7.7,1.8,311,17,4.8,8.6,1.8,313,17,4.8,8.6,1.8,313,17,0,28.32,0.4,0,0,0,36.3,40.5,43.7,0.38,0.42,0.54
PISE,2019-11-08 23:35:00 EST,43.46474,-74.50432,1759,18.7,19.2,12.2,81.6,14.0,0.000,0.000,0.00,0.000,3.8,8.2,1.7,303,22,4.3,8.8,1.7,305,21,4.3,8.8,1.7,305,21,0,28.32,0.5,0,0,0,36.4,40.5,43.7,0.38,0.42,0.54
PISE,2019-11-08 23:40:00 EST,43.46474,-74.50432,1759,19.0,19.5,10.8,81.0,14.2,0.000,0.000,0.00,0.000,5.2,10.4,2.4,296,28,6.0,12.3,2.6,299,28,6.0,12.3,2.6,299,28,0,28.32,0.5,0,0,0,36.3,40.5,43.7,0.38,0.42,0.54
PISE,2019-11-08 23:45:00 EST,43.46474,-74.50432,1759,18.7,19.1,13.3,81.3,13.9,0.000,0.000,0.00,0.000,3.2,7.1,1.4,303,17,3.6,7.6,1.5,305,17,3.6,7.6,1.5,305,17,0,28.32,0.5,0,0,0,36.4,40.5,43.7,0.38,0.42,0.54
PISE,2019-11-08 23:50:00 EST,43.46474,-74.50432,1759,18.0,18.7,18.0,81.8,13.4,0.000,0.000,0.00,0.000,1.4,4.2,1.3,272,33,1.9,5.9,1.3,271,40,1.9,5.9,1.3,271,40,0,28.32,0.5,0,0,0,36.4,40.5,43.7,0.38,0.42,0.54
PISE,2019-11-08 23:55:00 EST,43.46474,-74.50432,1759,18.3,18.7,18.3,82.8,13.9,0.000,0.000,0.00,0.000,2.5,5.3,1.3,328,27,3.0,6.2,1.4,335,27,3.0,6.2,1.4,335,27,0,28.32,0.5,0,0,0,36.3,40.5,43.7,0.38,0.42,0.54
POTS,2019-11-08 00:00:00 EST,44.65687,-74.97443,422,22.1,22.7,16.4,77.7,16.2,0.000,0.356,0.00,0.000,3.4,6.9,1.2,268,16,4.2,8.2,1.4,271,14,4.2,8.2,1.4,271,14,0,29.66,0.9,0,0,0,43.5,45.6,47.1,0.60,0.42,0.39
POTS,2019-11-08 00:05:00 EST,44.65687,-74.97443,422,22.2,22.8,16.4,76.5,16.0,0.000,0.000,0.00,0.000,3.6,5.9,0.8,262,15,4.3,7.5,1.0,265,13,4.3,7.5,1.0,265,13,0,29.66,1.1,0,0,0,43.5,45.6,47.2,0.60,0.42,0.39
POTS,2019-11-08 00:10:00 EST,44.65687,-74.97443,422,22.2,22.8,15.2,75.6,15.7,0.000,0.000,0.00,0.000,4.6,6.6,0.9,260,13,5.4,8.0,1.3,264,12,5.4,8.0,1.3,264,12,0,29.66,1.0,0,0,0,43.5,45.6,47.1,0.60,0.42,0.39
POTS,2019-11-08 00:15:00 EST,44.65687,-74.97443,422,22.2,22.6,15.3,75.3,15.6,0.000,0.000,0.00,0.000,4.3,6.9,1.1,266,13,5.2,8.3,1.4,268,11,5.2,8.3,1.4,268,11,0,29.65,1.0,0,0,0,43.5,45.5,47.1,0.60,0.42,0.39
POTS,2019-11-08 00:20:00 EST,44.65687,-74.97443,422,22.3,22.5,16.4,75.1,15.6,0.000,0.000,0.00,0.000,3.6,6.0,1.0,271,16,4.4,7.7,1.4,273,15,4.4,7.7,1.4,273,15,0,29.65,1.0,0,0,0,43.5,45.6,47.1,0.60,0.42,0.39
POTS,2019-11-08 00:25:00 EST,44.65687,-74.97443,422,22.1,22.3,22.1,76.6,15.9,0.000,0.000,0.00,0.000,2.5,4.9,1.1,292,19,2.9,6.0,1.3,293,20,2.9,6.0,1.3,293,20,0,29.65,1.1,0,0,0,43.5,45.6,47.1,0.60,0.42,0.39
POTS,2019-11-08 00:30:00 EST,44.65687,-74.97443,422,22.3,22.6,17.4,76.4,16.0,0.000,0.000,0.00,0.000,3.3,6.9,1.6,298,16,3.6,7.0,1.5,302,15,3.6,7.0,1.5,302,15,0,29.65,1.0,0,0,0,43.5,45.5,47.1,0.60,0.42,0.39
POTS,2019-11-08 00:35:00 EST,44.65687,-74.97443,422,21.5,22.2,21.5,77.5,15.5,0.000,0.000,0.00,0.000,2.3,4.7,1.2,254,13,2.8,5.9,1.3,256,14,2.8,5.9,1.3,256,14,0,29.65,1.2,0,0,0,43.5,45.6,47.1,0.60,0.42,0.39
POTS,2019-11-08 00:40:00 EST,44.65687,-74.97443,422,21.3,22.1,14.2,78.3,15.6,0.000,0.000,0.00,0.000,4.4,7.3,1.3,262,13,5.3,8.9,1.7,265,11,5.3,8.9,1.7,265,11,0,29.65,1.0,0,0,0,43.5,45.5,47.0,0.60,0.42,0.39
POTS,2019-11-08 00:45:00 EST,44.65687,-74.97443,422,21.6,21.9,15.6,77.6,15.7,0.000,0.000,0.00,0.000,3.8,6.3,0.9,257,11,4.4,7.2,1.2,262,11,4.4,7.2,1.2,262,11,0,29.65,1.0,0,0,0,43.3,45.5,47.1,0.60,0.42,0.39
POTS,2019-11-08 00:50:00 EST,44.65687,-74.97443,422,21.1,21.6,16.4,79.4,15.7,0.000,0.000,0.00,0.000,2.9,5.3,0.9,259,18,3.3,6.7,1.2,262,17,3.3,6.7,1.2,262,17,0,29.64,0.9,0,0,0,43.4,45.5,47.1,0.60,0.42,0.39
POTS,2019-11-08 00:55:00 EST,44.65687,-74.97443,422,20.8,21.4,15.4,79.9,15.6,0.000,0.000,0.00,0.000,3.2,4.9,0.7,260,18,3.8,6.0,1.0,262,17,3.8,6.0,1.0,262,17,0,29.64,0.2,0,0,0,43.4,45.5,47.1,0.60,0.42,0.39
POTS,2019-11-08 01:00:00 EST,44.65687,-74.97443,422,21.0,21.4,14.8,80.1,15.8,0.000,0.000,0.00,0.000,3.8,6.1,0.9,262,15,4.4,8.0,1.3,265,14,4.4,8.0,1.3,265,14,0,29.64,0.5,0,0,0,43.4,45.5,47.1,0.60,0.42,0.39
POTS,2019-11-08 01:05:00 EST,44.65687,-74.97443,422,20.7,21.2,15.5,80.4,15.6,0.000,0.000,0.00,0.000,3.0,4.7,0.7,257,15,3.6,6.1,1.0,260,15,3.6,6.1,1.0,260,15,0,29.64,0.5,0,0,0,43.3,45.5,47.1,0.60,0.42,0.39
POTS,2019-11-08 01:10:00 EST,44.65687,-74.97443,422,20.6,21.1,15.4,81.2,15.7,0.000,0.000,0.00,0.000,3.1,5.4,0.9,255,16,3.6,6.8,1.2,259,15,3.6,6.8,1.2,259,15,0,29.64,0.7,0,0,0,43.3,45.5,47.0,0.60,0.42,0.39
POTS,2019-11-08 01:15:00 EST,44.65687,-74.97443,422,20.3,21.0,14.7,81.8,15.6,0.000,0.000,0.00,0.000,3.3,5.3,0.6,255,15,3.9,6.6,0.8,258,13,3.9,6.6,0.8,258,13,0,29.64,1.1,0,0,0,43.3,45.5,47.1,0.60,0.42,0.39
POTS,2019-11-08 01:20:00 EST,44.65687,-74.97443,422,20.6,21.0,14.5,81.9,15.9,0.000,0.000,0.00,0.000,3.7,5.9,1.1,253,12,4.3,7.4,1.5,257,10,4.3,7.4,1.5,257,10,0,29.64,1.8,0,0,0,43.3,45.5,47.1,0.60,0.42,0.39
POTS,2019-11-08 01:25:00 EST,44.65687,-74.97443,422,20.3,20.8,14.5,81.5,15.6,0.000,0.000,0.00,0.000,3.5,5.8,1.1,253,18,4.1,6.9,1.3,256,20,4.1,6.9,1.3,256,20,0,29.64,,0,0,0,43.3,45.5,47.2,0.60,0.42,0.39
POTS,2019-11-08 01:30:00 EST,44.65687,-74.97443,422,20.3,20.8,14.4,82.5,15.8,0.000,0.000,0.00,0.000,3.5,4.7,0.5,255,14,4.1,6.0,0.8,258,13,4.1,6.0,0.8,258,13,0,29.64,,0,0,0,43.3,45.5,47.0,0.60,0.42,0.39
POTS,2019-11-08 01:35:00 EST,44.65687,-74.97443,422,20.2,20.7,13.9,83.1,15.9,0.000,0.000,0.00,0.000,3.7,5.9,1.2,256,13,4.4,6.7,1.4,259,12,4.4,6.7,1.4,259,12,0,29.64,,0,0,0,43.3,45.6,47.1,0.60,0.42,0.39
POTS,2019-11-08 01:40:00 EST,44.65687,-74.97443,422,19.4,20.2,19.4,83.6,15.3,0.000,0.000,0.00,0.000,1.9,3.6,0.9,230,29,2.2,4.6,1.0,234,29,2.2,4.6,1.0,234,29,0,29.65,0.6,0,0,0,43.3,45.5,47.1,0.60,0.42,0.39
POTS,2019-11-08 01:45:00 EST,44.65687,-74.97443,422,18.8,19.7,18.8,86.3,15.4,0.000,0.000,0.00,0.000,2.2,3.7,0.5,193,14,2.5,3.9,0.5,195,15,2.5,3.9,0.5,195,15,0,29.65,0.4,0,0,0,43.3,45.5,47.0,0.60,0.42,0.39
POTS,2019-11-08 01:50:00 EST,44.65687,-74.97443,422,18.6,19.3,18.6,87.3,15.4,0.000,0.000,0.00,0.000,2.5,3.2,0.3,192,7,2.7,3.5,0.3,195,7,2.7,3.5,0.3,195,7,0,29.65,0.6,0,0,0,43.3,45.5,47.0,0.60,0.42,0.39
POTS,2019-11-08 01:55:00 EST,44.65687,-74.97443,422,18.4,19.6,18.4,88.3,15.5,0.000,0.000,0.00,0.000,2.4,3.6,0.5,191,13,2.6,3.7,0.5,192,13,2.6,3.7,0.5,192,13,0,29.65,0.9,0,0,0,43.3,45.5,47.0,0.60,0.42,0.39
POTS,2019-11-08 02:00:00 EST,44.65687,-74.97443,422,18.1,19.4,18.1,89.5,15.5,0.000,0.000,0.00,0.000,2.4,3.3,0.4,202,14,2.6,3.7,0.5,204,14,2.6,3.7,0.5,204,14,0,29.65,0.7,0,0,0,43.3,45.6,47.1,0.60,0.42,0.39
POTS,2019-11-08 02:05:00 EST,44.65687,-74.97443,422,18.5,19.4,18.5,89.7,16.0,0.000,0.000,0.00,0.000,2.2,3.2,0.4,216,17,2.3,3.4,0.5,219,16,2.3,3.4,0.5,219,16,0,29.65,0.8,0,0,0,43.3,45.5,47.0,0.60,0.42,0.39
POTS,2019-11-08 02:10:00 EST,44.65687,-74.97443,422,18.9,19.5,18.9,89.0,16.2,0.000,0.000,0.00,0.000,2.1,3.9,0.7,229,22,2.3,5.1,1.0,231,22,2.3,5.1,1.0,231,22,0,29.65,0.6,0,0,0,43.2,45.6,47.0,0.60,0.42,0.39
POTS,2019-11-08 02:15:00 EST,44.65687,-74.97443,422,18.6,19.3,18.6,88.8,15.8,0.000,0.000,0.00,0.000,1.8,2.8,0.4,224,13,1.8,3.7,0.5,225,13,1.8,3.7,0.5,225,13,0,29.65,-0.4,0,0,0,43.2,45.5,47.0,0.60,0.42,0.39
POTS,2019-11-08 02:20:00 EST,44.65687,-74.97443,422,18.6,19.2,18.6,89.0,15.9,0.000,0.000,0.00,0.000,2.2,3.7,0.5,223,13,2.3,4.7,0.6,226,14,2.3,4.7,0.6,226,14,0,29.65,,0,0,0,43.2,45.5,47.0,0.60,0.42,0.39
POTS,2019-11-08 02:25:00 EST,44.65687,-74.97443,422,18.5,19.1,18.5,88.5,15.7,0.000,0.000,0.00,0.000,1.8,2.6,0.3,216,14,1.9,3.0,0.3,218,14,1.9,3.0,0.3,218,14,0,29.65,,0,0,0,43.2,45.6,47.0,0.60,0.42,0.39
POTS,2019-11-08 02:30:00 EST,44.65687,-74.97443,422,18.5,18.8,18.5,88.6,15.7,0.000,0.000,0.00,0.000,2.0,2.8,0.6,204,9,2.1,3.3,0.6,208,11,2.1,3.3,0.6,208,11,0,29.65,,0,0,0,43.2,45.5,47.1,0.60,0.42,0.39
POTS,2019-11-08 02:35:00 EST,44.65687,-74.97443,422,18.3,18.7,18.3,89.1,15.6,0.000,0.000,0.00,0.000,2.0,2.8,0.4,200,13,2.2,3.4,0.5,202,13,2.2,3.4,0.5,202,13,0,29.65,,0,0,0,43.2,45.5,47.0,0.60,0.42,0.39
POTS,2019-11-08 02:40:00 EST,44.65687,-74.97443,422,18.1,18.6,18.1,89.1,15.4,0.000,0.000,0.00,0.000,2.0,3.1,0.4,197,7,2.2,3.4,0.4,198,9,2.2,3.4,0.4,198,9,0,29.65,-0.8,0,0,0,43.2,45.5,47.1,0.60,0.42,0.39
POTS,2019-11-08 02:45:00 EST,44.65687,-74.97443,422,17.8,18.6,17.8,89.4,15.2,0.000,0.000,0.00,0.000,2.2,2.8,0.3,191,7,2.5,3.2,0.4,193,9,2.5,3.2,0.4,193,9,0,29.65,-1.1,0,0,0,43.2,45.5,47.1,0.60,0.42,0.39
POTS,2019-11-08 02:50:00 EST,44.65687,-74.97443,422,17.8,18.5,17.8,90.2,15.4,0.000,0.000,0.00,0.000,2.6,3.3,0.3,192,8,2.9,3.8,0.4,195,9,2.9,3.8,0.4,195,9,0,29.65,,0,0,0,43.2,45.5,47.1,0.60,0.42,0.39
POTS,2019-11-08 02:55:00 EST,44.65687,-74.97443,422,17.7,18.5,12.8,90.8,15.5,0.000,0.000,0.00,0.000,2.9,4.1,0.4,192,7,3.2,4.3,0.4,195,7,3.2,4.3,0.4,195,7,0,29.65,-0.8,0,0,0,43.2,45.6,47.0,0.60,0.42,0.39
POTS,2019-11-08 03:00:00 EST,44.65687,-74.97443,422,17.5,18.3,12.6,90.7,15.2,0.000,0.000,0.00,0.000,3.1,4.2,0.5,197,6,3.1,4.3,0.6,200,8,3.1,4.3,0.6,200,8,0,29.65,-0.9,0,0,0,43.2,45.5,47.2,0.60,0.42,0.39
POTS,2019-11-08 03:05:00 EST,44.65687,-74.97443,422,17.8,18.3,12.4,91.0,15.6,0.000,0.000,0.00,0.000,3.3,5.3,0.7,197,7,3.5,5.3,0.7,200,9,3.5,5.3,0.7,200,9,0,29.64,,0,0,0,43.2,45.4,47.1,0.60,0.42,0.39
POTS,2019-11-08 03:10:00 EST,44.65687,-74.97443,422,17.9,18.3,13.0,90.3,15.6,0.000,0.000,0.00,0.000,3.0,4.3,0.6,200,9,3.2,5.0,0.8,203,10,3.2,5.0,0.8,203,10,0,29.64,,0,0,0,43.2,45.4,47.1,0.60,0.42,0.39
POTS,2019-11-08 03:15:00 EST,44.65687,-74.97443,422,17.9,18.2,17.9,89.6,15.3,0.000,0.000,0.00,0.000,2.9,4.5,0.7,204,13,2.9,5.0,0.9,207,14,2.9,5.0,0.9,207,14,0,29.64,,0,0,0,43.2,45.5,47.1,0.60,0.42,0.39
POTS,2019-11-08 03:20:00 EST,44.65687,-74.97443,422,17.8,18.0,17.8,89.9,15.4,0.000,0.000,0.00,0.000,2.7,4.4,0.7,202,11,2.9,4.8,0.7,204,11,2.9,4.8,0.7,204,11,0,29.64,-1.0,0,0,0,43.2,45.5,47.0,0.60,0.42,0.39
POTS,2019-11-08 03:25:00 EST,44.65687,-74.97443,422,17.6,17.9,17.6,89.6,15.1,0.000,0.000,0.00,0.000,2.4,3.4,0.4,206,9,2.4,3.8,0.5,210,10,2.4,3.8,0.5,210,10,0,29.64,,0,0,0,43.2,45.4,47.0,0.60,0.42,0.39
POTS,2019-11-08 03:30:00 EST,44.65687,-74.97443,422,17.5,17.9,17.5,89.9,15.0,0.000,0.000,0.00,0.000,1.8,2.7,0.4,220,13,1.9,2.9,0.4,222,11,1.9,2.9,0.4,222,11,0,29.65,-0.9,0,0,0,43.2,45.5,47.1,0.60,0.42,0.39
POTS,2019-11-08 03:35:00 EST,44.65687,-74.97443,422,17.5,18.0,17.5,90.4,15.2,0.000,0.000,0.00,0.000,1.8,4.5,0.8,218,9,1.9,4.6,0.7,220,11,1.9,4.6,0.7,220,11,0,29.65,,0,0,0,43.1,45.4,47.1,0.60,0.42,0.39
POTS,2019-11-08 03:40:00 EST,44.65687,-74.97443,422,17.6,17.9,17.6,90.4,15.2,0.000,0.000,0.00,0.000,1.8,3.1,0.6,212,15,1.8,3.5,0.6,214,16,1.8,3.5,0.6,214,16,0,29.65,,0,0,0,43.1,45.4,47.1,0.60,0.42,0.39
POTS,2019-11-08 03:45:00 EST,44.65687,-74.97443,422,17.5,17.9,17.5,90.4,15.2,0.000,0.000,0.00,0.000,1.7,3.1,0.5,218,13,1.8,3.9,0.5,221,14,1.8,3.9,0.5,221,14,0,29.65,,0,0,0,43.0,45.4,47.1,0.60,0.42,0.39
POTS,2019-11-08 03:50:00 EST,44.65687,-74.97443,422,17.6,17.9,17.6,90.7,15.4,0.000,0.000,0.00,0.000,2.0,3.2,0.4,221,15,2.1,4.3,0.6,224,14,2.1,4.3,0.6,224,14,0,29.65,,0,0,0,43.0,45.3,47.1,0.60,0.42,0.39
POTS,2019-11-08 03:55:00 EST,44.65687,-74.97443,422,17.6,18.0,17.6,90.6,15.3,0.000,0.000,0.00,0.000,2.1,3.4,0.5,214,18,2.3,3.8,0.6,216,19,2.3,3.8,0.6,216,19,0,29.65,,0,0,0,43.0,45.4,47.1,0.60,0.42,0.39
POTS,2019-11-08 04:00:00 EST,44.65687,-74.97443,422,17.6,17.9,17.6,90.7,15.3,0.000,0.000,0.00,0.000,2.1,3.7,0.6,213,17,2.2,4.4,0.7,216,17,2.2,4.4,0.7,216,17,0,29.65,,0,0,0,43.0,45.4,47.0,0.60,0.42,0.39
POTS,2019-11-08 04:05:00 EST,44.65687,-74.97443,422,17.9,18.0,17.9,91.0,15.7,0.000,0.000,0.00,0.000,2.3,4.5,0.8,210,14,2.5,5.2,0.8,213,15,2.5,5.2,0.8,213,15,0,29.65,,0,0,0,43.0,45.3,47.1,0.60,0.42,0.39
POTS,2019-11-08 04:10:00 EST,44.65687,-74.97443,422,18.3,18.3,18.3,91.2,16.1,0.000,0.000,0.00,0.000,1.7,3.2,0.8,207,20,2.0,3.5,0.7,213,22,2.0,3.5,0.7,213,22,0,29.65,,0,0,0,43.0,45.3,47.1,0.60,0.42,0.39
POTS,2019-11-08 04:15:00 EST,44.65687,-74.97443,422,18.5,18.4,18.5,91.0,16.4,0.000,0.000,0.00,0.000,1.9,3.2,0.5,215,15,2.0,3.2,0.5,215,16,2.0,3.2,0.5,215,16,0,29.65,,0,0,0,43.0,45.4,47.1,0.60,0.42,0.39
POTS,2019-11-08 04:20:00 EST,44.65687,-74.97443,422,18.8,18.6,18.8,91.0,16.6,0.000,0.000,0.00,0.000,1.9,4.6,0.7,218,28,2.2,5.4,0.9,220,30,2.2,5.4,0.9,220,30,0,29.65,,0,0,0,43.0,45.3,47.0,0.60,0.42,0.39
POTS,2019-11-08 04:25:00 EST,44.65687,-74.97443,422,18.9,18.7,14.5,90.9,16.7,0.000,0.000,0.00,0.000,2.8,4.3,0.7,204,14,3.0,4.5,0.7,207,13,3.0,4.5,0.7,207,13,0,29.65,,0,0,0,43.0,45.3,47.0,0.60,0.42,0.39
POTS,2019-11-08 04:30:00 EST,44.65687,-74.97443,422,19.2,18.9,14.1,91.1,17.0,0.000,0.000,0.00,0.000,3.0,5.8,0.9,234,22,3.4,7.4,1.2,238,23,3.4,7.4,1.2,238,23,0,29.65,,0,0,0,43.0,45.3,47.0,0.60,0.42,0.39
POTS,2019-11-08 04:35:00 EST,44.65687,-74.97443,422,19.4,19.1,13.7,91.1,17.2,0.000,0.000,0.00,0.000,3.4,6.1,1.2,245,11,3.9,6.8,1.3,248,12,3.9,6.8,1.3,248,12,0,29.65,,0,0,0,43.0,45.3,47.1,0.60,0.42,0.39
POTS,2019-11-08 04:40:00 EST,44.65687,-74.97443,422,19.5,19.3,19.5,91.0,17.3,0.000,0.000,0.00,0.000,1.6,3.5,0.9,241,20,1.9,3.5,0.7,246,24,1.9,3.5,0.7,246,24,0,29.65,,0,0,0,43.0,45.3,47.0,0.60,0.42,0.39
POTS,2019-11-08 04:45:00 EST,44.65687,-74.97443,422,19.5,19.4,19.5,91.2,17.4,0.000,0.000,0.00,0.000,2.5,3.6,0.7,247,24,2.7,4.5,0.9,250,24,2.7,4.5,0.9,250,24,0,29.66,,0,0,0,42.9,45.3,47.0,0.60,0.42,0.39
POTS,2019-11-08 04:50:00 EST,44.65687,-74.97443,422,19.7,19.5,19.7,91.4,17.6,0.000,0.000,0.00,0.000,2.4,3.4,0.6,228,21,2.6,4.0,0.7,232,21,2.6,4.0,0.7,232,21,0,29.65,,0,0,0,42.9,45.3,47.0,0.60,0.42,0.39
POTS,2019-11-08 04:55:00 EST,44.65687,-74.97443,422,19.8,19.6,13.3,91.7,17.8,0.000,0.000,0.00,0.000,4.0,6.6,1.3,253,12,4.5,8.7,1.6,257,12,4.5,8.7,1.6,257,12,0,29.66,,0,0,0,42.8,45.3,47.1,0.60,0.42,0.39
POTS,2019-11-08 05:00:00 EST,44.65687,-74.97443,422,20.0,19.8,15.1,91.6,17.9,0.000,0.000,0.00,0.000,3.1,5.8,0.9,246,21,3.4,6.5,1.1,250,21,3.4,6.5,1.1,250,21,0,29.66,,0,0,0,42.8,45.3,47.0,0.60,0.42,0.39
POTS,2019-11-08 05:05:00 EST,44.65687,-74.97443,422,20.2,20.1,15.4,91.9,18.2,0.000,0.000,0.00,0.000,3.0,5.3,0.7,250,19,3.4,6.3,0.9,253,19,3.4,6.3,0.9,253,19,0,29.66,,0,0,0,42.8,45.2,47.0,0.60,0.42,0.39
POTS,2019-11-08 05:10:00 EST,44.65687,-74.97443,422,20.5,20.3,15.1,92.1,18.6,0.000,0.000,0.00,0.000,3.1,4.9,1.0,268,27,3.8,6.0,1.1,274,28,3.8,6.0,1.1,274,28,0,29.66,,0,0,0,42.8,45.2,47.0,0.60,0.42,0.39
POTS,2019-11-08 05:15:00 EST,44.65687,-74.97443,422,20.7,20.5,14.2,92.3,18.9,0.000,0.000,0.00,0.000,4.0,6.6,1.1,254,14,4.7,8.3,1.5,257,13,4.7,8.3,1.5,257,13,0,29.66,,0,0,0,42.8,45.2,47.0,0.60,0.42,0.39
POTS,2019-11-08 05:20:00 EST,44.65687,-74.97443,422,20.9,20.7,14.4,92.2,19.0,0.000,0.000,0.00,0.000,4.1,7.5,1.4,272,25,4.6,9.0,1.5,275,25,4.6,9.0,1.5,275,25,0,29.66,,0,0,0,42.8,45.2,47.1,0.60,0.42,0.39
POTS,2019-11-08 05:25:00 EST,44.65687,-74.97443,422,21.1,20.9,15.1,92.4,19.2,0.000,0.000,0.00,0.000,3.7,5.8,1.0,261,23,4.3,7.2,1.2,264,21,4.3,7.2,1.2,264,21,0,29.66,,0,0,0,42.8,45.2,47.0,0.60,0.42,0.39
POTS,2019-11-08 05:30:00 EST,44.65687,-74.97443,422,21.1,21.0,14.4,92.4,19.3,0.000,0.000,0.00,0.000,4.2,8.0,1.4,270,18,4.9,10.0,1.7,271,15,4.9,10.0,1.7,271,15,0,29.67,,0,0,0,42.8,45.2,47.0,0.60,0.42,0.39
POTS,2019-11-08 05:35:00 EST,44.65687,-74.97443,422,21.1,21.0,14.6,92.3,19.2,0.007,0.007,0.00,0.007,4.1,6.7,1.1,267,14,4.7,8.0,1.4,270,13,4.7,8.0,1.4,270,13,0,29.67,,0,0,0,42.8,45.2,47.0,0.60,0.42,0.39
POTS,2019-11-08 05:40:00 EST,44.65687,-74.97443,422,21.1,21.1,15.1,92.3,19.2,0.000,0.007,0.00,0.007,3.7,6.6,1.2,281,17,4.3,7.6,1.4,283,17,4.3,7.6,1.4,283,17,0,29.67,,0,0,0,42.8,45.2,47.0,0.60,0.42,0.39
POTS,2019-11-08 05:45:00 EST,44.65687,-74.97443,422,21.3,21.2,15.9,92.7,19.5,0.000,0.007,0.00,0.007,3.5,6.1,1.1,293,14,3.9,6.9,1.2,296,15,3.9,6.9,1.2,296,15,0,29.67,,0,0,0,42.8,45.2,47.0,0.60,0.42,0.39
POTS,2019-11-08 05:50:00 EST,44.65687,-74.97443,422,21.4,21.3,14.6,92.6,19.6,0.000,0.007,0.00,0.007,4.6,7.4,1.2,290,13,5.0,9.2,1.5,292,12,5.0,9.2,1.5,292,12,0,29.67,,0,0,0,42.8,45.1,47.0,0.60,0.42,0.39
POTS,2019-11-08 05:55:00 EST,44.65687,-74.97443,422,21.4,21.4,13.9,92.4,19.5,0.000,0.007,0.00,0.007,5.1,7.4,0.9,290,14,5.6,8.6,1.1,292,13,5.6,8.6,1.1,292,13,0,29.67,,0,0,0,42.8,45.1,47.1,0.60,0.42,0.39
POTS,2019-11-08 06:00:00 EST,44.65687,-74.97443,422,21.4,21.4,15.6,92.4,19.6,0.000,0.007,0.00,0.007,3.9,6.5,1.1,293,14,4.2,7.3,1.3,296,14,4.2,7.3,1.3,296,14,0,29.67,,0,0,0,42.8,45.2,47.0,0.60,0.42,0.39
POTS,2019-11-08 06:05:00 EST,44.65687,-74.97443,422,21.6,21.6,15.1,92.5,19.7,0.000,0.007,0.00,0.007,4.4,6.7,1.1,291,18,4.8,7.8,1.2,294,16,4.8,7.8,1.2,294,16,0,29.68,,0,0,0,42.7,45.2,47.0,0.60,0.42,0.39
POTS,2019-11-08 06:10:00 EST,44.65687,-74.97443,422,21.5,21.5,15.6,92.0,19.6,0.000,0.007,0.00,0.007,3.8,7.2,1.4,289,12,4.3,8.6,1.6,292,13,4.3,8.6,1.6,292,13,0,29.68,,0,0,0,42.7,45.2,47.0,0.60,0.42,0.39
POTS,2019-11-08 06:15:00 EST,44.65687,-74.97443,422,21.6,21.6,15.5,91.9,19.6,0.000,0.007,0.00,0.007,4.0,6.9,0.9,297,17,4.4,7.2,1.2,299,16,4.4,7.2,1.2,299,16,0,29.68,,0,0,0,42.7,45.2,47.0,0.60,0.42,0.39
POTS,2019-11-08 06:20:00 EST,44.65687,-74.97443,422,21.6,21.6,15.8,92.0,19.7,0.000,0.007,0.00,0.007,3.7,5.6,0.8,285,16,4.3,6.2,1.0,287,16,4.3,6.2,1.0,287,16,0,29.68,,0,0,0,42.6,45.1,47.1,0.60,0.42,0.39
POTS,2019-11-08 06:25:00 EST,44.65687,-74.97443,422,21.7,21.7,17.4,91.2,19.5,0.000,0.007,0.00,0.007,2.7,4.9,0.9,301,22,3.2,5.9,1.1,305,21,3.2,5.9,1.1,305,21,0,29.68,,0,0,0,42.6,45.2,47.1,0.60,0.42,0.39
POTS,2019-11-08 06:30:00 EST,44.65687,-74.97443,422,21.5,21.6,16.7,89.8,19.0,0.000,0.007,0.00,0.007,3.1,5.7,1.0,316,19,3.5,6.8,1.1,319,19,3.5,6.8,1.1,319,19,0,29.68,,0,0,0,42.6,45.1,47.0,0.60,0.42,0.39
POTS,2019-11-08 06:35:00 EST,44.65687,-74.97443,422,21.4,21.5,13.9,89.3,18.8,0.000,0.007,0.00,0.000,5.3,9.1,1.5,302,18,5.7,8.6,1.4,304,16,5.7,8.6,1.4,304,16,1,29.68,,0,0,0,42.6,45.2,47.0,0.60,0.42,0.39
POTS,2019-11-08 06:40:00 EST,44.65687,-74.97443,422,21.2,21.3,15.5,89.3,18.6,0.000,0.007,0.00,0.000,3.8,8.5,1.5,298,19,4.1,8.3,1.5,301,19,4.1,8.3,1.5,301,19,2,29.69,,0,0,0,42.6,45.2,46.9,0.60,0.42,0.39
POTS,2019-11-08 06:45:00 EST,44.65687,-74.97443,422,21.1,21.1,14.3,89.8,18.6,0.000,0.007,0.00,0.000,4.8,8.2,1.1,298,12,4.9,8.6,1.2,301,12,4.9,8.6,1.2,301,12,3,29.69,,0,0,0,42.6,45.2,47.0,0.60,0.42,0.39
POTS,2019-11-08 06:50:00 EST,44.65687,-74.97443,422,20.9,21.0,14.5,90.1,18.4,0.000,0.007,0.00,0.000,4.1,7.7,1.3,294,19,4.5,9.0,1.7,296,17,4.5,9.0,1.7,296,17,5,29.69,,0,0,0,42.6,45.2,47.0,0.60,0.42,0.39
POTS,2019-11-08 06:55:00 EST,44.65687,-74.97443,422,20.7,20.8,15.0,90.5,18.4,0.000,0.007,0.00,0.000,3.7,7.2,1.5,299,20,4.0,8.1,1.6,301,19,4.0,8.1,1.6,301,19,7,29.70,,0,0,0,42.6,45.1,47.0,0.60,0.42,0.39
POTS,2019-11-08 07:00:00 EST,44.65687,-74.97443,422,20.7,20.7,13.3,90.5,18.3,0.000,0.007,0.00,0.000,4.9,9.2,1.5,295,19,5.5,10.6,1.8,297,18,5.5,10.6,1.8,297,18,11,29.70,,0,0,0,42.6,45.2,46.9,0.60,0.42,0.39
POTS,2019-11-08 07:05:00 EST,44.65687,-74.97443,422,20.5,20.6,13.4,90.2,18.1,0.000,0.007,0.00,0.000,4.7,8.3,1.1,299,17,5.1,8.2,1.1,303,14,5.1,8.2,1.1,303,14,14,29.70,,0,0,0,42.6,45.2,47.0,0.60,0.42,0.40
POTS,2019-11-08 07:10:00 EST,44.65687,-74.97443,422,20.4,20.6,12.4,89.5,17.8,0.000,0.007,0.00,0.000,5.6,10.6,1.8,304,16,6.0,10.8,1.7,305,17,6.0,10.8,1.7,305,17,17,29.70,,0,0,0,42.5,45.1,47.0,0.60,0.42,0.39
POTS,2019-11-08 07:15:00 EST,44.65687,-74.97443,422,20.4,20.6,12.5,88.6,17.6,0.000,0.007,0.00,0.000,5.4,8.1,0.9,296,19,6.0,9.3,1.1,298,18,6.0,9.3,1.1,298,18,20,29.71,,0,0,0,42.5,45.1,46.9,0.60,0.42,0.39
POTS,2019-11-08 07:20:00 EST,44.65687,-74.97443,422,20.5,20.5,13.9,88.8,17.7,0.000,0.007,0.00,0.000,4.3,7.5,1.5,303,20,4.6,8.9,1.7,306,19,4.6,8.9,1.7,306,19,25,29.71,,0,0,0,42.4,45.1,47.0,0.60,0.42,0.39
POTS,2019-11-08 07:25:00 EST,44.65687,-74.97443,422,20.2,20.4,15.2,88.5,17.3,0.000,0.007,0.00,0.000,3.2,5.5,0.9,304,20,3.5,5.9,1.1,307,18,3.5,5.9,1.1,307,18,30,29.71,,0,0,0,42.4,45.2,47.0,0.60,0.42,0.39
POTS,2019-11-08 07:30:00 EST,44.65687,-74.97443,422,20.2,20.5,13.3,88.6,17.4,0.000,0.007,0.00,0.000,4.3,6.7,1.1,293,20,5.0,8.5,1.3,294,19,5.0,8.5,1.3,294,19,48,29.71,,0,0,0,42.4,45.2,46.9,0.60,0.42,0.39
POTS,2019-11-08 07:35:00 EST,44.65687,-74.97443,422,20.0,20.3,14.7,88.3,17.1,0.000,0.007,0.00,0.000,3.0,5.6,1.3,252,15,3.6,7.1,1.5,256,14,3.6,7.1,1.5,256,14,162,29.72,,0,0,0,42.4,45.1,46.9,0.60,0.42,0.39
POTS,2019-11-08 07:40:00 EST,44.65687,-74.97443,422,20.0,20.3,13.3,88.3,17.1,0.000,0.007,0.00,0.000,3.9,6.2,1.3,257,18,4.7,7.8,1.5,260,18,4.7,7.8,1.5,260,18,95,29.72,,0,0,0,42.4,45.1,46.9,0.60,0.42,0.39
POTS,2019-11-08 07:45:00 EST,44.65687,-74.97443,422,20.3,20.4,11.4,88.1,17.3,0.000,0.007,0.00,0.000,5.9,8.4,1.2,265,11,6.9,10.7,1.4,268,10,6.9,10.7,1.4,268,10,166,29.72,,0,0,0,42.4,45.2,47.0,0.60,0.42,0.40
POTS,2019-11-08 07:50:00 EST,44.65687,-74.97443,422,20.5,20.5,13.2,87.6,17.4,0.000,0.007,0.00,0.000,4.6,7.6,1.4,279,20,5.4,8.3,1.6,280,20,5.4,8.3,1.6,280,20,139,29.72,1.1,0,0,0,42.4,45.1,47.0,0.60,0.42,0.39
POTS,2019-11-08 07:55:00 EST,44.65687,-74.97443,422,20.5,20.5,13.3,86.9,17.2,0.000,0.007,0.00,0.000,4.5,7.0,0.9,278,17,5.2,7.9,1.1,279,16,5.2,7.9,1.1,279,16,89,29.73,1.1,0,0,0,42.4,45.2,46.9,0.60,0.42,0.39
POTS,2019-11-08 08:00:00 EST,44.65687,-74.97443,422,20.5,20.6,13.6,86.6,17.2,0.000,0.007,0.00,0.000,4.3,7.2,1.1,251,19,5.0,8.8,1.4,255,18,5.0,8.8,1.4,255,18,109,29.73,1.1,0,0,0,42.4,45.1,46.9,0.60,0.42,0.39
POTS,2019-11-08 08:05:00 EST,44.65687,-74.97443,422,20.7,20.7,14.4,86.1,17.2,0.000,0.007,0.00,0.000,3.9,7.5,1.6,277,17,4.5,9.3,1.8,279,17,4.5,9.3,1.8,279,17,122,29.73,1.2,0,0,0,42.4,45.1,47.0,0.60,0.42,0.39
POTS,2019-11-08 08:10:00 EST,44.65687,-74.97443,422,20.9,20.9,13.9,84.7,17.0,0.000,0.007,0.00,0.000,4.5,7.5,1.1,282,18,5.1,9.4,1.3,284,17,5.1,9.4,1.3,284,17,124,29.73,1.2,0,0,0,42.4,45.0,46.9,0.60,0.42,0.39
POTS,2019-11-08 08:15:00 EST,44.65687,-74.97443,422,21.0,21.0,13.9,84.0,16.9,0.000,0.007,0.00,0.000,4.6,6.9,1.3,289,21,5.2,8.6,1.6,291,21,5.2,8.6,1.6,291,21,117,29.73,1.2,0,0,0,42.4,45.1,46.9,0.60,0.42,0.39
POTS,2019-11-08 08:20:00 EST,44.65687,-74.97443,422,21.1,21.0,13.6,83.3,16.8,0.000,0.007,0.00,0.000,5.0,8.2,1.4,284,17,5.6,8.6,1.3,287,17,5.6,8.6,1.3,287,17,105,29.74,1.4,0,0,0,42.4,45.1,46.9,0.60,0.42,0.39
POTS,2019-11-08 08:25:00 EST,44.65687,-74.97443,422,21.1,21.1,13.6,83.6,16.9,0.000,0.007,0.00,0.000,4.8,7.4,1.0,277,15,5.6,9.2,1.3,279,14,5.6,9.2,1.3,279,14,101,29.74,1.1,0,0,0,42.4,45.1,46.9,0.60,0.42,0.39
POTS,2019-11-08 08:30:00 EST,44.65687,-74.97443,422,20.9,21.0,15.2,83.3,16.7,0.000,0.007,0.00,0.000,3.5,6.3,1.1,277,16,4.1,7.5,1.4,279,16,4.1,7.5,1.4,279,16,103,29.74,1.0,0,0,0,42.4,45.0,46.9,0.60,0.42,0.39
POTS,2019-11-08 08:35:00 EST,44.65687,-74.97443,422,20.8,20.9,14.8,83.5,16.6,0.000,0.007,0.00,0.000,3.6,6.1,0.9,259,19,4.2,7.5,1.2,260,18,4.2,7.5,1.2,260,18,109,29.74,1.1,0,0,0,42.4,45.0,46.9,0.60,0.42,0.39
POTS,2019-11-08 08:40:00 EST,44.65687,-74.97443,422,20.9,20.9,14.2,83.6,16.7,0.000,0.007,0.00,0.000,4.1,6.9,1.2,259,14,4.8,7.9,1.5,263,13,4.8,7.9,1.5,263,13,257,29.74,1.1,0,0,0,42.4,45.0,46.9,0.60,0.42,0.39
POTS,2019-11-08 08:45:00 EST,44.65687,-74.97443,422,21.0,21.1,13.4,82.7,16.6,0.000,0.007,0.00,0.000,4.8,8.5,1.5,264,14,5.7,10.6,1.8,266,13,5.7,10.6,1.8,266,13,399,29.74,1.2,0,0,0,42.3,45.0,46.9,0.60,0.42,0.39
POTS,2019-11-08 08:50:00 EST,44.65687,-74.97443,422,21.4,21.3,15.0,81.9,16.7,0.000,0.007,0.00,0.000,4.1,7.3,0.9,252,20,4.7,7.7,1.2,255,20,4.7,7.7,1.2,255,20,394,29.74,1.1,0,0,0,42.3,45.0,46.9,0.60,0.42,0.39
POTS,2019-11-08 08:55:00 EST,44.65687,-74.97443,422,21.5,21.4,13.7,81.2,16.6,0.000,0.007,0.00,0.000,5.1,7.7,1.3,267,14,6.0,9.0,1.6,269,13,6.0,9.0,1.6,269,13,396,29.74,1.1,0,0,0,42.3,45.0,46.9,0.60,0.42,0.40
POTS,2019-11-08 09:00:00 EST,44.65687,-74.97443,422,21.6,21.5,13.6,80.5,16.5,0.000,0.007,0.00,0.000,5.3,8.7,1.6,271,9,6.2,10.6,1.9,273,8,6.2,10.6,1.9,273,8,379,29.74,1.1,0,0,0,42.3,45.0,46.9,0.60,0.42,0.39
POTS,2019-11-08 09:05:00 EST,44.65687,-74.97443,422,21.9,21.8,13.6,79.8,16.6,0.000,0.007,0.00,0.000,5.6,8.0,1.2,267,13,6.7,9.6,1.5,270,12,6.7,9.6,1.5,270,12,390,29.74,1.1,0,0,0,42.3,45.0,46.9,0.60,0.42,0.39
POTS,2019-11-08 09:10:00 EST,44.65687,-74.97443,422,22.0,22.0,14.3,80.6,17.0,0.000,0.007,0.00,0.000,5.2,9.4,1.7,276,12,6.0,11.3,2.0,278,12,6.0,11.3,2.0,278,12,183,29.75,1.1,0,0,0,42.3,45.0,46.9,0.60,0.42,0.39
POTS,2019-11-08 09:15:00 EST,44.65687,-74.97443,422,22.3,22.2,12.8,80.3,17.2,0.000,0.007,0.00,0.000,7.2,10.4,1.5,277,11,8.3,12.4,1.7,279,10,8.3,12.4,1.7,279,10,371,29.75,1.1,0,0,0,42.3,45.0,46.8,0.60,0.42,0.39
POTS,2019-11-08 09:20:00 EST,44.65687,-74.97443,422,22.5,22.3,13.8,80.4,17.3,0.000,0.007,0.00,0.000,6.6,11.8,2.0,293,21,7.2,14.7,2.6,293,20,7.2,14.7,2.6,293,20,234,29.75,1.1,0,0,0,42.3,45.0,46.8,0.60,0.42,0.39
POTS,2019-11-08 09:25:00 EST,44.65687,-74.97443,422,22.3,22.2,11.2,79.7,17.0,0.000,0.007,0.00,0.000,9.2,14.8,1.7,271,11,10.8,17.7,2.1,273,9,10.8,17.7,2.1,273,9,216,29.75,1.1,0,0,0,42.3,45.0,46.8,0.60,0.42,0.39
POTS,2019-11-08 09:30:00 EST,44.65687,-74.97443,422,22.3,22.1,11.8,80.7,17.2,0.000,0.007,0.00,0.000,8.8,12.6,2.2,284,17,9.8,15.9,2.6,284,17,9.8,15.9,2.6,284,17,221,29.74,1.1,0,0,0,42.3,45.0,46.8,0.60,0.42,0.39
POTS,2019-11-08 09:35:00 EST,44.65687,-74.97443,422,22.3,22.1,11.7,80.0,17.0,0.000,0.007,0.00,0.000,8.7,14.2,1.9,281,14,9.9,15.7,2.4,283,12,9.9,15.7,2.4,283,12,198,29.74,1.1,0,0,0,42.2,45.0,46.8,0.60,0.42,0.39
POTS,2019-11-08 09:40:00 EST,44.65687,-74.97443,422,22.3,22.2,12.3,80.1,17.1,0.000,0.007,0.00,0.000,8.0,13.2,2.1,281,15,9.2,16.0,2.6,284,14,9.2,16.0,2.6,284,14,264,29.75,1.1,0,0,0,42.1,45.0,46.8,0.60,0.42,0.40
POTS,2019-11-08 09:45:00 EST,44.65687,-74.97443,422,22.5,22.3,12.0,80.1,17.3,0.000,0.007,0.00,0.000,8.9,14.2,1.7,284,13,10.0,15.9,1.9,285,11,10.0,15.9,1.9,285,11,269,29.75,1.1,0,0,0,42.1,44.9,46.8,0.60,0.42,0.39
POTS,2019-11-08 09:50:00 EST,44.65687,-74.97443,422,22.6,22.4,12.6,79.9,17.3,0.000,0.007,0.00,0.000,7.9,14.0,2.4,286,16,9.0,16.1,2.8,288,15,9.0,16.1,2.8,288,15,214,29.75,1.1,0,0,0,42.1,44.8,46.8,0.60,0.42,0.39
POTS,2019-11-08 09:55:00 EST,44.65687,-74.97443,422,22.8,22.6,13.6,80.0,17.6,0.000,0.007,0.00,0.000,7.2,12.6,2.2,293,22,8.0,15.3,2.5,294,22,8.0,15.3,2.5,294,22,246,29.75,1.1,0,0,0,42.1,45.0,46.8,0.60,0.42,0.40
POTS,2019-11-08 10:00:00 EST,44.65687,-74.97443,422,22.8,22.5,12.6,79.4,17.4,0.000,0.007,0.00,0.000,9.1,12.9,2.1,297,14,9.5,14.0,2.2,300,14,9.5,14.0,2.2,300,14,195,29.75,1.1,0,0,0,42.1,44.9,46.8,0.60,0.42,0.39
POTS,2019-11-08 10:05:00 EST,44.65687,-74.97443,422,22.8,22.6,13.1,80.0,17.6,0.000,0.007,0.00,0.000,8.4,13.4,2.2,304,16,8.9,13.8,2.0,307,16,8.9,13.8,2.0,307,16,136,29.75,1.1,0,0,0,42.1,44.8,46.8,0.60,0.42,0.39
POTS,2019-11-08 10:10:00 EST,44.65687,-74.97443,422,22.9,22.7,13.2,80.0,17.6,0.000,0.007,0.00,0.000,8.0,13.4,1.6,293,15,8.8,16.3,1.9,296,14,8.8,16.3,1.9,296,14,152,29.75,1.1,0,0,0,42.1,44.9,46.8,0.60,0.42,0.40
POTS,2019-11-08 10:15:00 EST,44.65687,-74.97443,422,22.8,22.6,13.8,79.8,17.6,0.000,0.007,0.00,0.000,7.4,11.0,1.9,302,15,7.8,11.9,2.0,305,15,7.8,11.9,2.0,305,15,156,29.75,1.1,0,0,0,42.1,44.9,46.8,0.60,0.42,0.39
POTS,2019-11-08 10:20:00 EST,44.65687,-74.97443,422,23.2,23.1,15.4,82.0,18.6,0.000,0.007,0.00,0.000,5.8,10.7,1.8,302,19,6.4,10.2,1.8,304,19,6.4,10.2,1.8,304,19,135,29.75,1.1,0,0,0,42.1,44.8,46.8,0.60,0.42,0.39
POTS,2019-11-08 10:25:00 EST,44.65687,-74.97443,422,23.0,22.8,14.1,80.5,17.9,0.000,0.007,0.00,0.000,7.2,10.2,1.5,304,18,7.7,12.0,1.8,308,19,7.7,12.0,1.8,308,19,101,29.75,1.1,0,0,0,42.1,44.9,46.8,0.60,0.42,0.39
POTS,2019-11-08 10:30:00 EST,44.65687,-74.97443,422,23.2,23.0,15.2,80.7,18.1,0.000,0.007,0.00,0.000,6.0,10.6,1.7,301,15,6.6,11.7,1.9,303,15,6.6,11.7,1.9,303,15,368,29.75,1.1,0,0,0,42.1,44.9,46.8,0.60,0.42,0.39
POTS,2019-11-08 10:35:00 EST,44.65687,-74.97443,422,23.4,23.1,13.4,78.9,17.8,0.000,0.007,0.00,0.000,8.2,13.1,1.9,278,16,9.4,14.9,2.3,282,14,9.4,14.9,2.3,282,14,228,29.75,1.1,0,0,0,42.1,44.9,46.8,0.60,0.42,0.39
POTS,2019-11-08 10:40:00 EST,44.65687,-74.97443,422,23.3,23.2,14.5,79.4,17.9,0.000,0.007,0.00,0.000,6.9,10.4,1.9,292,15,7.6,10.9,1.9,295,16,7.6,10.9,1.9,295,16,115,29.75,1.1,0,0,0,42.1,44.8,46.8,0.60,0.42,0.39
POTS,2019-11-08 10:45:00 EST,44.65687,-74.97443,422,23.1,23.0,14.9,78.7,17.5,0.000,0.007,0.00,0.000,6.3,10.6,1.6,297,18,6.9,12.4,1.7,300,18,6.9,12.4,1.7,300,18,134,29.75,1.1,0,0,0,42.0,44.8,46.8,0.60,0.42,0.39
POTS,2019-11-08 10:50:00 EST,44.65687,-74.97443,422,23.5,23.2,14.7,79.0,17.9,0.000,0.007,0.00,0.000,6.9,10.3,1.7,270,24,7.8,11.6,2.1,272,21,7.8,11.6,2.1,272,21,255,29.75,1.1,0,0,0,42.0,44.8,46.8,0.60,0.42,0.39
POTS,2019-11-08 10:55:00 EST,44.65687,-74.97443,422,23.8,23.5,15.1,79.0,18.3,0.000,0.007,0.00,0.000,6.7,12.8,1.8,280,19,7.6,16.7,2.2,283,17,7.6,16.7,2.2,283,17,138,29.75,1.1,0,0,0,42.0,44.8,46.8,0.60,0.42,0.39
POTS,2019-11-08 11:00:00 EST,44.65687,-74.97443,422,23.6,23.4,12.9,78.0,17.7,0.000,0.007,0.00,0.000,9.3,13.0,1.8,279,13,10.7,16.1,2.2,282,12,10.7,16.1,2.2,282,12,124,29.76,1.1,0,0,0,41.9,44.8,46.8,0.60,0.42,0.39
POTS,2019-11-08 11:05:00 EST,44.65687,-74.97443,422,23.7,23.5,12.8,78.1,17.9,0.000,0.007,0.00,0.000,9.9,13.7,1.5,284,13,11.3,17.0,1.9,285,10,11.3,17.0,1.9,285,10,180,29.76,1.1,0,0,0,41.9,44.9,46.8,0.60,0.42,0.39
POTS,2019-11-08 11:10:00 EST,44.65687,-74.97443,422,23.9,23.6,13.2,77.4,17.8,0.000,0.007,0.00,0.000,9.3,12.9,1.5,275,14,10.8,15.4,1.9,276,12,10.8,15.4,1.9,276,12,198,29.76,1.1,0,0,0,41.9,44.9,46.8,0.60,0.42,0.40
POTS,2019-11-08 11:15:00 EST,44.65687,-74.97443,422,23.9,23.7,12.7,76.6,17.6,0.000,0.007,0.00,0.000,10.2,15.5,2.4,279,13,11.7,17.2,3.0,281,11,11.7,17.2,3.0,281,11,197,29.76,1.1,0,0,0,41.9,44.8,46.8,0.60,0.42,0.39
POTS,2019-11-08 11:20:00 EST,44.65687,-74.97443,422,24.3,24.0,15.1,77.2,18.2,0.000,0.007,0.00,0.000,7.6,12.0,1.7,291,17,8.5,12.6,1.8,293,17,8.5,12.6,1.8,293,17,383,29.76,1.1,0,0,0,41.9,44.8,46.8,0.60,0.42,0.39
POTS,2019-11-08 11:25:00 EST,44.65687,-74.97443,422,25.1,24.7,15.3,75.0,18.3,0.000,0.007,0.00,0.000,8.9,15.2,2.7,290,16,9.9,15.9,2.9,292,14,9.9,15.9,2.9,292,14,566,29.75,1.1,0,0,0,41.9,44.8,46.8,0.60,0.42,0.39
POTS,2019-11-08 11:30:00 EST,44.65687,-74.97443,422,24.8,24.6,15.9,75.6,18.2,0.000,0.007,0.00,0.000,7.3,11.0,1.7,286,23,8.2,12.6,2.1,289,22,8.2,12.6,2.1,289,22,153,29.75,1.0,0,0,0,41.9,44.8,46.8,0.60,0.42,0.39
POTS,2019-11-08 11:35:00 EST,44.65687,-74.97443,422,24.6,24.4,14.2,75.6,18.0,0.000,0.007,0.00,0.000,9.6,12.9,1.9,289,18,10.6,16.6,2.4,290,17,10.6,16.6,2.4,290,17,174,29.75,1.1,0,0,0,41.9,44.8,46.8,0.60,0.42,0.39
POTS,2019-11-08 11:40:00 EST,44.65687,-74.97443,422,24.6,24.4,15.9,77.9,18.7,0.000,0.007,0.00,0.000,7.1,12.1,2.1,282,22,8.0,13.0,2.2,284,19,8.0,13.0,2.2,284,19,95,29.75,1.1,0,0,0,41.9,44.8,46.8,0.60,0.42,0.39
POTS,2019-11-08 11:45:00 EST,44.65687,-74.97443,422,24.5,24.2,13.8,77.4,18.4,0.000,0.007,0.00,0.000,9.7,15.5,2.7,273,16,11.1,19.0,3.2,276,14,11.1,19.0,3.2,276,14,88,29.75,1.1,0,0,0,41.9,44.8,46.8,0.60,0.42,0.39
POTS,2019-11-08 11:50:00 EST,44.65687,-74.97443,422,24.8,24.6,16.9,78.6,19.1,0.000,0.007,0.00,0.000,5.9,9.3,1.5,274,12,6.9,11.3,1.8,278,11,6.9,11.3,1.8,278,11,95,29.75,1.0,0,0,0,41.9,44.8,46.8,0.60,0.42,0.39
POTS,2019-11-08 11:55:00 EST,44.65687,-74.97443,422,24.7,24.5,16.5,77.8,18.8,0.000,0.007,0.00,0.000,6.2,10.4,2.6,270,18,7.3,12.8,2.8,273,16,7.3,12.8,2.8,273,16,85,29.75,1.0,0,0,0,41.9,44.8,46.8,0.60,0.42,0.39
POTS,2019-11-08 12:00:00 EST,44.65687,-74.97443,422,24.9,24.7,15.2,77.4,18.8,0.000,0.007,0.00,0.000,8.4,13.4,2.1,289,20,9.5,15.9,2.4,292,19,9.5,15.9,2.4,292,19,81,29.75,1.1,0,0,0,41.9,44.8,46.8,0.60,0.42,0.39
POTS,2019-11-08 12:05:00 EST,44.65687,-74.97443,422,25.1,24.9,16.9,77.6,19.1,0.000,0.007,0.00,0.000,6.7,14.8,2.5,292,17,7.3,16.5,2.6,293,16,7.3,16.5,2.6,293,16,93,29.75,1.0,0,0,0,41.9,44.8,46.8,0.60,0.42,0.39
POTS,2019-11-08 12:10:00 EST,44.65687,-74.97443,422,25.0,24.8,15.3,76.0,18.6,0.000,0.007,0.00,0.000,8.6,14.3,2.0,286,22,9.7,17.2,2.4,288,21,9.7,17.2,2.4,288,21,91,29.75,1.1,0,0,0,41.9,44.8,46.8,0.60,0.42,0.39
POTS,2019-11-08 12:15:00 EST,44.65687,-74.97443,422,25.1,24.9,15.9,76.3,18.7,0.000,0.007,0.00,0.000,7.7,12.8,2.2,283,16,8.9,14.6,2.5,286,14,8.9,14.6,2.5,286,14,82,29.75,1.0,0,0,0,41.7,44.8,46.8,0.60,0.42,0.39
POTS,2019-11-08 12:20:00 EST,44.65687,-74.97443,422,25.1,24.9,14.0,75.1,18.3,0.000,0.007,0.00,0.000,10.7,16.7,2.0,271,13,12.3,20.2,2.5,275,11,12.3,20.2,2.5,275,11,84,29.75,1.1,0,0,0,41.7,44.8,46.8,0.60,0.42,0.40
POTS,2019-11-08 12:25:00 EST,44.65687,-74.97443,422,25.2,25.0,15.4,75.3,18.5,0.000,0.007,0.00,0.000,8.6,14.2,2.1,285,16,9.9,16.7,2.6,288,15,9.9,16.7,2.6,288,15,93,29.75,1.0,0,0,0,41.7,44.8,46.8,0.60,0.42,0.39
POTS,2019-11-08 12:30:00 EST,44.65687,-74.97443,422,25.2,25.0,16.0,75.2,18.5,0.000,0.007,0.00,0.000,7.6,14.1,2.4,288,19,8.8,18.1,2.8,290,18,8.8,18.1,2.8,290,18,95,29.75,1.1,0,0,0,41.7,44.7,46.8,0.60,0.42,0.39
POTS,2019-11-08 12:35:00 EST,44.65687,-74.97443,422,25.2,25.0,15.9,74.7,18.3,0.000,0.007,0.00,0.000,8.4,13.7,2.1,295,16,9.1,14.7,2.4,298,15,9.1,14.7,2.4,298,15,111,29.75,1.0,0,0,0,41.7,44.8,46.8,0.60,0.42,0.39
POTS,2019-11-08 12:40:00 EST,44.65687,-74.97443,422,25.3,25.1,16.5,75.2,18.5,0.000,0.007,0.00,0.000,7.6,12.8,2.5,296,16,8.3,14.6,2.5,298,15,8.3,14.6,2.5,298,15,110,29.75,1.0,0,0,0,41.7,44.7,46.8,0.60,0.42,0.40
POTS,2019-11-08 12:45:00 EST,44.65687,-74.97443,422,25.4,25.3,17.6,75.9,18.9,0.000,0.007,0.00,0.000,6.4,11.1,1.7,291,18,7.0,13.5,2.1,293,17,7.0,13.5,2.1,293,17,101,29.75,1.0,0,0,0,41.7,44.7,46.8,0.60,0.42,0.39
POTS,2019-11-08 12:50:00 EST,44.65687,-74.97443,422,25.6,25.3,15.9,75.1,18.8,0.000,0.007,0.00,0.000,8.5,14.8,2.1,284,16,9.8,18.7,2.5,286,14,9.8,18.7,2.5,286,14,126,29.75,1.0,0,0,0,41.7,44.6,46.8,0.60,0.42,0.39
POTS,2019-11-08 12:55:00 EST,44.65687,-74.97443,422,25.6,25.4,16.5,74.2,18.5,0.000,0.007,0.00,0.000,8.1,12.6,1.9,295,18,8.7,13.0,2.0,297,16,8.7,13.0,2.0,297,16,116,29.75,1.0,0,0,0,41.7,44.6,46.8,0.60,0.42,0.39
POTS,2019-11-08 13:00:00 EST,44.65687,-74.97443,422,25.6,25.4,17.7,73.8,18.4,0.000,0.007,0.00,0.000,6.4,12.4,1.9,295,18,7.1,11.6,1.9,298,16,7.1,11.6,1.9,298,16,117,29.75,1.0,0,0,0,41.7,44.7,46.8,0.60,0.42,0.39
POTS,2019-11-08 13:05:00 EST,44.65687,-74.97443,422,25.8,25.6,17.5,75.2,19.1,0.000,0.007,0.00,0.000,7.2,11.0,1.9,295,21,7.7,12.7,1.7,297,20,7.7,12.7,1.7,297,20,106,29.75,1.0,0,0,0,41.7,44.7,46.7,0.60,0.42,0.39
POTS,2019-11-08 13:10:00 EST,44.65687,-74.97443,422,25.8,25.6,16.5,73.5,18.5,0.000,0.007,0.00,0.000,8.2,13.4,2.5,286,18,9.1,15.6,3.0,288,17,9.1,15.6,3.0,288,17,94,29.75,1.0,0,0,0,41.7,44.6,46.7,0.60,0.42,0.39
POTS,2019-11-08 13:15:00 EST,44.65687,-74.97443,422,25.7,25.5,15.2,72.4,18.0,0.000,0.007,0.00,0.000,10.1,15.8,2.7,285,13,11.3,18.6,3.1,288,11,11.3,18.6,3.1,288,11,123,29.75,1.0,0,0,0,41.7,44.6,46.7,0.60,0.42,0.39
POTS,2019-11-08 13:20:00 EST,44.65687,-74.97443,422,26.0,25.8,16.6,73.0,18.6,0.000,0.007,0.00,0.000,8.6,12.4,1.8,279,16,9.6,14.8,2.0,281,15,9.6,14.8,2.0,281,15,168,29.75,1.0,0,0,0,41.7,44.6,46.8,0.60,0.42,0.39
POTS,2019-11-08 13:25:00 EST,44.65687,-74.97443,422,26.0,25.8,16.9,71.7,18.1,0.000,0.007,0.00,0.000,7.9,13.2,2.6,281,14,9.0,16.2,3.1,285,13,9.0,16.2,3.1,285,13,137,29.75,1.0,0,0,0,41.7,44.6,46.7,0.60,0.42,0.39
POTS,2019-11-08 13:30:00 EST,44.65687,-74.97443,422,26.1,25.9,16.4,72.2,18.4,0.000,0.007,0.00,0.000,8.7,14.8,2.5,272,14,10.0,17.2,3.0,275,13,10.0,17.2,3.0,275,13,116,29.75,1.0,0,0,0,41.7,44.6,46.7,0.60,0.42,0.39
POTS,2019-11-08 13:35:00 EST,44.65687,-74.97443,422,26.1,25.9,15.8,71.4,18.1,0.000,0.007,0.00,0.000,10.1,13.5,2.1,282,11,11.3,16.8,2.5,285,10,11.3,16.8,2.5,285,10,126,29.75,1.0,0,0,0,41.7,44.6,46.8,0.60,0.42,0.39
POTS,2019-11-08 13:40:00 EST,44.65687,-74.97443,422,26.1,26.0,16.1,71.2,18.1,0.000,0.007,0.00,0.000,9.6,16.9,2.4,283,17,10.7,19.5,2.9,285,15,10.7,19.5,2.9,285,15,105,29.75,1.0,0,0,0,41.7,44.6,46.7,0.60,0.42,0.39
POTS,2019-11-08 13:45:00 EST,44.65687,-74.97443,422,26.2,26.0,17.0,71.8,18.3,0.000,0.007,0.00,0.000,8.4,11.9,1.8,287,12,9.2,13.4,1.9,290,12,9.2,13.4,1.9,290,12,101,29.75,1.0,0,0,0,41.6,44.6,46.7,0.60,0.42,0.39
POTS,2019-11-08 13:50:00 EST,44.65687,-74.97443,422,26.4,26.2,17.1,72.1,18.6,0.000,0.007,0.00,0.000,8.2,12.2,1.9,271,12,9.4,14.2,2.4,275,10,9.4,14.2,2.4,275,10,104,29.75,1.0,0,0,0,41.7,44.6,46.7,0.60,0.42,0.39
POTS,2019-11-08 13:55:00 EST,44.65687,-74.97443,422,26.5,26.3,18.8,72.4,18.8,0.000,0.007,0.00,0.000,6.3,9.3,1.5,283,15,7.1,10.9,1.7,286,13,7.1,10.9,1.7,286,13,121,29.75,1.0,0,0,0,41.7,44.6,46.7,0.60,0.42,0.39
POTS,2019-11-08 14:00:00 EST,44.65687,-74.97443,422,26.5,26.3,17.1,71.4,18.5,0.000,0.007,0.00,0.000,8.5,11.7,1.5,272,18,9.6,14.3,1.8,274,16,9.6,14.3,1.8,274,16,119,29.75,1.0,0,0,0,41.7,44.6,46.7,0.60,0.42,0.39
POTS,2019-11-08 14:05:00 EST,44.65687,-74.97443,422,26.6,26.4,17.8,72.4,18.9,0.000,0.007,0.00,0.000,7.8,12.1,1.7,268,14,8.8,14.7,2.0,270,14,8.8,14.7,2.0,270,14,143,29.75,0.9,0,0,0,41.6,44.6,46.6,0.60,0.42,0.39
POTS,2019-11-08 14:10:00 EST,44.65687,-74.97443,422,26.6,26.4,17.6,72.4,19.0,0.000,0.007,0.00,0.000,8.1,12.7,2.2,261,19,9.0,15.3,2.6,265,17,9.0,15.3,2.6,265,17,149,29.75,0.9,0,0,0,41.6,44.6,46.6,0.60,0.42,0.39
POTS,2019-11-08 14:15:00 EST,44.65687,-74.97443,422,26.7,26.5,18.8,73.5,19.4,0.000,0.007,0.00,0.000,6.5,12.1,2.6,276,15,7.4,12.8,2.8,279,15,7.4,12.8,2.8,279,15,178,29.75,1.0,0,0,0,41.6,44.6,46.6,0.60,0.42,0.39
POTS,2019-11-08 14:20:00 EST,44.65687,-74.97443,422,26.9,26.7,18.1,71.8,19.0,0.000,0.007,0.00,0.000,8.0,12.1,2.1,280,16,8.9,13.7,2.3,282,16,8.9,13.7,2.3,282,16,171,29.75,1.0,0,0,0,41.5,44.5,46.6,0.60,0.42,0.39
POTS,2019-11-08 14:25:00 EST,44.65687,-74.97443,422,27.0,26.8,18.3,72.6,19.4,0.000,0.007,0.00,0.000,7.7,12.3,1.8,261,14,8.7,14.7,2.2,265,13,8.7,14.7,2.2,265,13,146,29.75,1.0,0,0,0,41.6,44.6,46.6,0.60,0.42,0.39
POTS,2019-11-08 14:30:00 EST,44.65687,-74.97443,422,27.0,26.8,18.8,72.8,19.4,0.000,0.007,0.00,0.000,7.0,11.9,1.9,272,21,7.9,13.2,2.1,275,18,7.9,13.2,2.1,275,18,112,29.75,0.9,0,0,0,41.5,44.5,46.6,0.60,0.42,0.39
POTS,2019-11-08 14:35:00 EST,44.65687,-74.97443,422,26.8,26.7,19.2,73.3,19.4,0.000,0.007,0.00,0.000,6.3,9.3,1.5,271,15,7.0,10.8,1.7,273,15,7.0,10.8,1.7,273,15,89,29.75,0.9,0,0,0,41.5,44.5,46.6,0.60,0.42,0.39
POTS,2019-11-08 14:40:00 EST,44.65687,-74.97443,422,26.8,26.6,18.3,73.2,19.4,0.000,0.007,0.00,0.000,7.4,11.5,1.4,262,10,8.3,12.0,1.7,265,8,8.3,12.0,1.7,265,8,80,29.75,0.9,0,0,0,41.5,44.5,46.6,0.60,0.42,0.39
POTS,2019-11-08 14:45:00 EST,44.65687,-74.97443,422,26.8,26.6,18.9,74.1,19.7,0.000,0.007,0.00,0.000,6.9,9.6,1.3,258,15,7.5,10.7,1.6,262,15,7.5,10.7,1.6,262,15,69,29.75,0.9,0,0,0,41.5,44.5,46.6,0.60,0.42,0.39
POTS,2019-11-08 14:50:00 EST,44.65687,-74.97443,422,26.8,26.6,18.4,74.7,19.9,0.000,0.007,0.00,0.000,7.4,12.3,2.1,252,13,8.2,13.9,2.4,255,12,8.2,13.9,2.4,255,12,75,29.75,0.9,0,0,0,41.5,44.5,46.6,0.60,0.42,0.40
POTS,2019-11-08 14:55:00 EST,44.65687,-74.97443,422,26.9,26.7,19.2,74.6,19.9,0.000,0.007,0.00,0.000,6.2,11.3,1.9,256,11,7.2,13.8,2.2,260,10,7.2,13.8,2.2,260,10,78,29.75,0.9,0,0,0,41.5,44.5,46.6,0.60,0.42,0.40
POTS,2019-11-08 15:00:00 EST,44.65687,-74.97443,422,26.9,26.7,19.3,75.7,20.3,0.000,0.007,0.00,0.000,6.3,9.6,1.6,249,13,7.1,11.2,1.8,252,13,7.1,11.2,1.8,252,13,69,29.75,0.9,0,0,0,41.5,44.4,46.6,0.60,0.42,0.39
POTS,2019-11-08 15:05:00 EST,44.65687,-74.97443,422,27.0,26.8,19.4,76.5,20.6,0.000,0.007,0.00,0.000,6.3,10.4,1.7,250,14,7.1,12.4,2.0,253,14,7.1,12.4,2.0,253,14,74,29.76,0.9,0,0,0,41.5,44.5,46.6,0.60,0.42,0.39
POTS,2019-11-08 15:10:00 EST,44.65687,-74.97443,422,27.2,27.0,19.9,75.9,20.6,0.000,0.007,0.00,0.000,6.0,10.4,1.8,248,16,6.7,11.2,1.9,251,17,6.7,11.2,1.9,251,17,124,29.76,0.9,0,0,0,41.5,44.5,46.6,0.60,0.42,0.39
POTS,2019-11-08 15:15:00 EST,44.65687,-74.97443,422,27.1,27.0,20.1,75.2,20.3,0.000,0.007,0.00,0.000,5.7,8.3,1.3,249,12,6.3,11.3,1.5,252,13,6.3,11.3,1.5,252,13,101,29.76,0.9,0,0,0,41.5,44.5,46.6,0.60,0.42,0.39
POTS,2019-11-08 15:20:00 EST,44.65687,-74.97443,422,27.1,27.0,20.1,75.8,20.4,0.000,0.007,0.00,0.000,5.6,9.9,1.4,247,14,6.3,12.0,1.6,251,14,6.3,12.0,1.6,251,14,162,29.76,0.9,0,0,0,41.5,44.4,46.6,0.60,0.42,0.39
POTS,2019-11-08 15:25:00 EST,44.65687,-74.97443,422,27.1,27.0,19.3,74.5,20.1,0.000,0.007,0.00,0.000,6.7,9.9,1.3,252,11,7.4,10.3,1.5,256,11,7.4,10.3,1.5,256,11,181,29.76,0.9,0,0,0,41.5,44.5,46.6,0.60,0.42,0.39
POTS,2019-11-08 15:30:00 EST,44.65687,-74.97443,422,26.9,26.9,19.0,73.6,19.6,0.000,0.007,0.00,0.000,6.6,10.3,1.6,254,11,7.4,12.9,1.9,259,10,7.4,12.9,1.9,259,10,70,29.76,0.8,0,0,0,41.5,44.4,46.6,0.60,0.42,0.39
POTS,2019-11-08 15:35:00 EST,44.65687,-74.97443,422,26.9,27.0,19.1,75.0,20.1,0.000,0.007,0.00,0.000,6.7,9.9,1.5,251,14,7.4,11.1,1.7,254,13,7.4,11.1,1.7,254,13,159,29.76,0.8,0,0,0,41.5,44.4,46.6,0.60,0.42,0.39
POTS,2019-11-08 15:40:00 EST,44.65687,-74.97443,422,27.0,27.1,20.1,74.7,20.1,0.000,0.007,0.00,0.000,5.6,8.8,1.3,256,12,6.3,9.8,1.5,260,12,6.3,9.8,1.5,260,12,170,29.76,0.8,0,0,0,41.5,44.5,46.6,0.60,0.42,0.39
POTS,2019-11-08 15:45:00 EST,44.65687,-74.97443,422,27.1,27.2,21.0,74.3,20.0,0.000,0.007,0.00,0.000,4.8,6.4,0.9,252,16,5.4,8.2,1.0,255,16,5.4,8.2,1.0,255,16,151,29.76,0.8,0,0,0,41.5,44.5,46.6,0.60,0.42,0.39
POTS,2019-11-08 15:50:00 EST,44.65687,-74.97443,422,27.1,27.1,20.1,73.4,19.7,0.000,0.007,0.00,0.000,5.7,7.7,1.0,255,13,6.4,9.0,1.1,258,13,6.4,9.0,1.1,258,13,168,29.76,0.8,0,0,0,41.5,44.4,46.6,0.60,0.42,0.39
POTS,2019-11-08 15:55:00 EST,44.65687,-74.97443,422,27.0,27.1,19.4,73.3,19.6,0.000,0.007,0.00,0.000,6.3,10.6,1.4,254,10,7.1,12.3,1.7,256,9,7.1,12.3,1.7,256,9,168,29.76,0.9,0,0,0,41.4,44.4,46.6,0.60,0.42,0.39
POTS,2019-11-08 16:00:00 EST,44.65687,-74.97443,422,27.0,27.1,20.7,73.6,19.7,0.000,0.007,0.00,0.000,4.9,9.9,1.8,252,13,5.4,11.3,2.0,255,13,5.4,11.3,2.0,255,13,150,29.76,0.8,0,0,0,41.5,44.4,46.5,0.60,0.42,0.39
POTS,2019-11-08 16:05:00 EST,44.65687,-74.97443,422,26.8,27.1,21.1,75.2,20.0,0.000,0.007,0.00,0.000,4.5,6.4,0.7,244,11,4.9,7.0,0.9,248,11,4.9,7.0,0.9,248,11,106,29.76,0.8,0,0,0,41.5,44.5,46.5,0.60,0.42,0.39
POTS,2019-11-08 16:10:00 EST,44.65687,-74.97443,422,26.6,27.1,21.0,75.9,20.1,0.000,0.007,0.00,0.000,4.4,6.8,1.0,234,10,4.8,7.4,1.1,236,10,4.8,7.4,1.1,236,10,88,29.76,0.8,0,0,0,41.5,44.5,46.5,0.60,0.42,0.39
POTS,2019-11-08 16:15:00 EST,44.65687,-74.97443,422,26.4,26.9,22.3,76.9,20.1,0.000,0.007,0.00,0.000,3.1,5.2,1.0,232,16,3.5,5.6,1.2,237,14,3.5,5.6,1.2,237,14,58,29.76,0.7,0,0,0,41.5,44.5,46.5,0.60,0.42,0.39
POTS,2019-11-08 16:20:00 EST,44.65687,-74.97443,422,26.2,26.6,26.2,79.0,20.6,0.000,0.007,0.00,0.000,2.7,4.9,0.9,230,17,3.0,5.8,1.1,234,16,3.0,5.8,1.1,234,16,36,29.76,0.7,0,0,0,41.5,44.5,46.5,0.60,0.42,0.39
POTS,2019-11-08 16:25:00 EST,44.65687,-74.97443,422,25.7,26.3,25.7,79.4,20.2,0.000,0.007,0.00,0.000,2.3,5.0,0.9,228,16,2.4,5.2,0.9,227,16,2.4,5.2,0.9,227,16,38,29.76,0.8,0,0,0,41.4,44.4,46.5,0.60,0.42,0.39
POTS,2019-11-08 16:30:00 EST,44.65687,-74.97443,422,25.5,26.1,21.1,80.5,20.3,0.000,0.007,0.00,0.000,3.2,5.3,0.9,232,13,3.6,6.4,1.0,234,11,3.6,6.4,1.0,234,11,28,29.77,0.9,0,0,0,41.4,44.5,46.5,0.60,0.42,0.40
POTS,2019-11-08 16:35:00 EST,44.65687,-74.97443,422,25.5,26.0,21.2,81.2,20.5,0.000,0.007,0.00,0.000,3.4,5.8,1.0,222,13,3.5,5.9,1.1,226,11,3.5,5.9,1.1,226,11,11,29.77,0.8,0,0,0,41.4,44.3,46.4,0.60,0.42,0.39
POTS,2019-11-08 16:40:00 EST,44.65687,-74.97443,422,25.3,25.8,21.5,81.3,20.3,0.000,0.007,0.00,0.000,2.9,5.2,1.0,229,12,3.1,6.7,1.2,231,13,3.1,6.7,1.2,231,13,8,29.77,0.8,0,0,0,41.4,44.4,46.4,0.60,0.42,0.39
POTS,2019-11-08 16:45:00 EST,44.65687,-74.97443,422,24.9,25.6,24.9,82.5,20.3,0.000,0.007,0.00,0.000,2.7,6.1,1.1,227,11,2.9,6.1,1.1,230,11,2.9,6.1,1.1,230,11,5,29.77,0.8,0,0,0,41.4,44.4,46.4,0.60,0.42,0.39
POTS,2019-11-08 16:50:00 EST,44.65687,-74.97443,422,24.7,25.4,20.8,83.5,20.4,0.000,0.007,0.00,0.000,2.9,6.2,1.1,228,14,3.2,7.0,1.1,232,13,3.2,7.0,1.1,232,13,3,29.77,0.8,0,0,0,41.4,44.3,46.4,0.60,0.42,0.39
POTS,2019-11-08 16:55:00 EST,44.65687,-74.97443,422,24.7,25.4,20.2,83.6,20.5,0.000,0.007,0.00,0.000,3.3,8.0,1.3,228,13,3.6,7.8,1.4,229,12,3.6,7.8,1.4,229,12,2,29.77,0.7,0,0,0,41.4,44.3,46.4,0.60,0.42,0.39
POTS,2019-11-08 17:00:00 EST,44.65687,-74.97443,422,24.5,25.1,24.5,82.9,20.1,0.000,0.007,0.00,0.000,2.6,4.5,0.9,227,14,2.8,5.5,1.0,230,15,2.8,5.5,1.0,230,15,1,29.77,0.8,0,0,0,41.4,44.3,46.4,0.60,0.42,0.39
POTS,2019-11-08 17:05:00 EST,44.65687,-74.97443,422,24.2,24.9,24.2,84.0,20.0,0.000,0.007,0.00,0.000,2.6,4.9,0.8,227,16,2.7,5.1,1.0,229,15,2.7,5.1,1.0,229,15,0,29.77,0.7,0,0,0,41.4,44.3,46.4,0.60,0.42,0.39
POTS,2019-11-08 17:10:00 EST,44.65687,-74.97443,422,24.1,24.8,20.1,84.4,20.1,0.000,0.007,0.00,0.000,2.9,5.6,1.1,223,16,3.2,5.5,1.1,224,14,3.2,5.5,1.1,224,14,0,29.77,0.9,0,0,0,41.4,44.2,46.3,0.60,0.42,0.39
POTS,2019-11-08 17:15:00 EST,44.65687,-74.97443,422,24.3,24.9,19.9,83.7,20.1,0.000,0.007,0.00,0.000,3.3,5.9,1.0,226,12,3.5,6.8,1.0,228,10,3.5,6.8,1.0,228,10,0,29.78,0.7,0,0,0,41.4,44.2,46.4,0.60,0.42,0.39
POTS,2019-11-08 17:20:00 EST,44.65687,-74.97443,422,24.1,24.8,18.6,83.6,19.8,0.000,0.007,0.00,0.000,3.9,6.5,1.3,227,13,4.3,7.5,1.3,231,13,4.3,7.5,1.3,231,13,0,29.78,0.8,0,0,0,41.4,44.1,46.4,0.60,0.42,0.39
POTS,2019-11-08 17:25:00 EST,44.65687,-74.97443,422,24.3,24.8,18.9,83.2,19.9,0.000,0.007,0.00,0.000,4.0,6.6,1.2,228,13,4.2,7.5,1.4,232,11,4.2,7.5,1.4,232,11,0,29.78,0.8,0,0,0,41.4,44.1,46.3,0.60,0.42,0.39
POTS,2019-11-08 17:30:00 EST,44.65687,-74.97443,422,24.0,24.6,19.7,83.2,19.7,0.000,0.007,0.00,0.000,3.2,6.9,1.3,226,11,3.4,6.9,1.2,227,8,3.4,6.9,1.2,227,8,0,29.78,0.8,0,0,0,41.4,44.2,46.3,0.60,0.42,0.39
POTS,2019-11-08 17:35:00 EST,44.65687,-74.97443,422,23.7,24.3,23.7,83.9,19.5,0.000,0.007,0.00,0.000,2.6,6.2,1.2,220,17,2.8,6.6,1.2,221,18,2.8,6.6,1.2,221,18,0,29.78,0.8,0,0,0,41.4,44.2,46.4,0.60,0.42,0.39
POTS,2019-11-08 17:40:00 EST,44.65687,-74.97443,422,23.6,24.2,23.6,84.4,19.6,0.000,0.007,0.00,0.000,2.2,4.0,0.8,218,18,2.5,6.7,0.9,220,18,2.5,6.7,0.9,220,18,0,29.78,0.7,0,0,0,41.4,44.1,46.3,0.60,0.42,0.40
POTS,2019-11-08 17:45:00 EST,44.65687,-74.97443,422,23.5,24.2,19.1,84.0,19.4,0.000,0.007,0.00,0.000,3.3,6.1,0.9,215,16,3.4,6.4,1.1,218,16,3.4,6.4,1.1,218,16,0,29.78,0.8,0,0,0,41.4,44.1,46.4,0.60,0.42,0.39
POTS,2019-11-08 17:50:00 EST,44.65687,-74.97443,422,23.5,24.1,19.2,83.3,19.2,0.000,0.007,0.00,0.000,3.3,5.2,0.8,209,16,3.4,5.4,1.0,213,15,3.4,5.4,1.0,213,15,0,29.79,0.9,0,0,0,41.4,44.1,46.4,0.60,0.42,0.39
POTS,2019-11-08 17:55:00 EST,44.65687,-74.97443,422,23.5,24.0,19.5,82.9,19.0,0.000,0.007,0.00,0.000,2.8,6.1,1.0,216,15,3.1,7.4,1.3,220,17,3.1,7.4,1.3,220,17,0,29.79,0.8,0,0,0,41.4,44.1,46.3,0.60,0.42,0.39
POTS,2019-11-08 18:00:00 EST,44.65687,-74.97443,422,23.3,23.9,23.3,83.7,19.1,0.000,0.007,0.00,0.000,2.8,5.6,1.1,223,14,3.0,6.5,1.2,225,12,3.0,6.5,1.2,225,12,0,29.79,1.0,0,0,0,41.4,44.1,46.4,0.60,0.42,0.40
POTS,2019-11-08 18:05:00 EST,44.65687,-74.97443,422,23.3,23.7,23.3,83.9,19.2,0.000,0.007,0.00,0.000,2.8,5.3,1.0,214,17,3.0,5.6,1.0,218,18,3.0,5.6,1.0,218,18,0,29.79,0.9,0,0,0,41.4,44.1,46.4,0.60,0.42,0.39
POTS,2019-11-08 18:10:00 EST,44.65687,-74.97443,422,23.1,23.6,23.1,83.9,19.0,0.000,0.007,0.00,0.000,2.6,5.3,1.1,211,15,2.7,6.2,1.2,215,16,2.7,6.2,1.2,215,16,0,29.79,0.9,0,0,0,41.4,44.1,46.3,0.60,0.42,0.39
POTS,2019-11-08 18:15:00 EST,44.65687,-74.97443,422,23.1,23.6,23.1,83.5,18.8,0.000,0.007,0.00,0.000,2.8,4.7,0.8,208,14,2.9,5.1,0.9,211,15,2.9,5.1,0.9,211,15,0,29.79,0.8,0,0,0,41.4,44.1,46.4,0.60,0.42,0.40
POTS,2019-11-08 18:20:00 EST,44.65687,-74.97443,422,23.1,23.5,18.9,83.1,18.8,0.000,0.007,0.00,0.000,3.2,6.4,1.0,207,13,3.2,7.1,1.2,207,13,3.2,7.1,1.2,207,13,0,29.79,0.8,0,0,0,41.4,44.1,46.3,0.60,0.42,0.39
POTS,2019-11-08 18:25:00 EST,44.65687,-74.97443,422,22.6,23.3,22.6,83.4,18.4,0.000,0.007,0.00,0.000,1.8,3.2,0.8,211,20,1.9,4.2,0.9,212,20,1.9,4.2,0.9,212,20,0,29.79,0.8,0,0,0,41.4,44.1,46.4,0.60,0.42,0.39
POTS,2019-11-08 18:30:00 EST,44.65687,-74.97443,422,22.8,23.4,18.4,84.3,18.8,0.000,0.007,0.00,0.000,3.2,4.7,0.8,205,15,3.3,5.8,0.9,208,15,3.3,5.8,0.9,208,15,0,29.79,0.9,0,0,0,41.4,44.1,46.4,0.60,0.42,0.39
POTS,2019-11-08 18:35:00 EST,44.65687,-74.97443,422,22.6,23.2,22.6,84.7,18.7,0.000,0.007,0.00,0.000,2.2,4.0,0.6,210,17,2.3,4.3,0.6,211,17,2.3,4.3,0.6,211,17,0,29.79,0.6,0,0,0,41.4,44.1,46.3,0.60,0.42,0.39
POTS,2019-11-08 18:40:00 EST,44.65687,-74.97443,422,22.0,23.0,22.0,84.6,18.0,0.000,0.007,0.00,0.000,1.5,2.7,0.6,217,19,2.0,3.8,0.6,220,21,2.0,3.8,0.6,220,21,0,29.79,0.7,0,0,0,41.4,44.1,46.4,0.60,0.42,0.39
POTS,2019-11-08 18:45:00 EST,44.65687,-74.97443,422,22.0,22.8,22.0,85.6,18.3,0.000,0.007,0.00,0.000,2.0,4.1,0.6,206,13,2.1,4.8,0.7,209,14,2.1,4.8,0.7,209,14,0,29.79,0.7,0,0,0,41.4,44.1,46.4,0.60,0.42,0.39
POTS,2019-11-08 18:50:00 EST,44.65687,-74.97443,422,21.8,22.7,21.8,85.6,18.2,0.000,0.007,0.00,0.000,1.8,4.2,0.9,223,19,1.9,5.7,1.0,225,17,1.9,5.7,1.0,225,17,0,29.80,0.9,0,0,0,41.4,44.0,46.4,0.60,0.42,0.39
POTS,2019-11-08 18:55:00 EST,44.65687,-74.97443,422,21.8,22.7,21.8,85.6,18.1,0.000,0.007,0.00,0.000,1.7,3.6,0.7,210,22,1.8,3.9,0.7,215,25,1.8,3.9,0.7,215,25,0,29.80,0.9,0,0,0,41.4,44.1,46.4,0.60,0.42,0.39
POTS,2019-11-08 19:00:00 EST,44.65687,-74.97443,422,21.8,22.6,21.8,85.7,18.2,0.000,0.007,0.00,0.000,1.7,4.8,0.9,213,17,2.0,5.9,1.0,215,18,2.0,5.9,1.0,215,18,0,29.80,0.8,0,0,0,41.4,44.1,46.4,0.60,0.42,0.39
POTS,2019-11-08 19:05:00 EST,44.65687,-74.97443,422,21.7,22.6,21.7,85.7,18.1,0.000,0.007,0.00,0.000,1.8,3.0,0.6,214,18,1.9,3.9,0.6,215,19,1.9,3.9,0.6,215,19,0,29.80,0.8,0,0,0,41.4,44.0,46.4,0.60,0.42,0.39
POTS,2019-11-08 19:10:00 EST,44.65687,-74.97443,422,21.9,22.8,21.9,85.3,18.2,0.000,0.007,0.00,0.000,2.1,4.7,0.8,214,17,2.4,5.6,1.0,219,18,2.4,5.6,1.0,219,18,0,29.80,0.9,0,0,0,41.4,44.0,46.4,0.60,0.42,0.39
POTS,2019-11-08 19:15:00 EST,44.65687,-74.97443,422,22.0,22.8,22.0,84.6,18.0,0.000,0.007,0.00,0.000,2.1,3.6,0.6,215,19,2.3,4.4,0.7,217,18,2.3,4.4,0.7,217,18,0,29.80,0.9,0,0,0,41.4,44.1,46.4,0.60,0.42,0.39
POTS,2019-11-08 19:20:00 EST,44.65687,-74.97443,422,21.9,22.8,21.9,83.6,17.7,0.000,0.007,0.00,0.000,2.0,4.0,0.6,213,17,2.2,4.8,0.9,211,17,2.2,4.8,0.9,211,17,0,29.80,0.9,0,0,0,41.4,43.9,46.4,0.60,0.42,0.39
POTS,2019-11-08 19:25:00 EST,44.65687,-74.97443,422,21.6,22.6,21.6,84.3,17.6,0.000,0.007,0.00,0.000,2.2,4.5,0.7,211,18,2.3,4.1,0.7,210,17,2.3,4.1,0.7,210,17,0,29.80,0.8,0,0,0,41.4,44.0,46.3,0.60,0.42,0.39
POTS,2019-11-08 19:30:00 EST,44.65687,-74.97443,422,22.3,22.7,17.7,84.1,18.2,0.000,0.007,0.00,0.000,3.3,5.1,0.8,204,13,3.4,5.4,0.9,207,13,3.4,5.4,0.9,207,13,0,29.80,0.9,0,0,0,41.4,44.0,46.3,0.60,0.42,0.39
POTS,2019-11-08 19:35:00 EST,44.65687,-74.97443,422,22.2,22.7,17.9,83.5,17.9,0.000,0.007,0.00,0.000,3.1,5.3,0.7,205,12,3.2,6.1,0.9,208,12,3.2,6.1,0.9,208,12,0,29.80,0.8,0,0,0,41.4,43.9,46.3,0.60,0.42,0.39
POTS,2019-11-08 19:40:00 EST,44.65687,-74.97443,422,22.0,22.5,17.6,84.0,17.9,0.000,0.007,0.00,0.000,3.0,4.7,0.5,203,13,3.3,5.9,0.8,204,12,3.3,5.9,0.8,204,12,0,29.80,0.9,0,0,0,41.4,43.9,46.3,0.60,0.42,0.39
POTS,2019-11-08 19:45:00 EST,44.65687,-74.97443,422,22.0,22.4,17.4,83.6,17.8,0.000,0.007,0.00,0.000,3.2,5.1,1.0,202,11,3.4,6.0,1.1,205,11,3.4,6.0,1.1,205,11,0,29.80,0.9,0,0,0,41.4,43.9,46.4,0.60,0.42,0.39
POTS,2019-11-08 19:50:00 EST,44.65687,-74.97443,422,21.8,22.3,17.6,83.9,17.7,0.000,0.007,0.00,0.000,2.9,6.0,0.9,204,15,3.1,6.3,1.1,207,14,3.1,6.3,1.1,207,14,0,29.80,0.9,0,0,0,41.4,44.0,46.4,0.60,0.42,0.39
POTS,2019-11-08 19:55:00 EST,44.65687,-74.97443,422,21.8,22.2,17.8,83.9,17.7,0.000,0.007,0.00,0.000,2.8,4.7,0.7,201,11,3.0,5.1,0.8,205,12,3.0,5.1,0.8,205,12,0,29.80,1.0,0,0,0,41.3,43.9,46.3,0.60,0.42,0.39
POTS,2019-11-08 20:00:00 EST,44.65687,-74.97443,422,21.9,22.3,16.9,83.8,17.8,0.000,0.007,0.00,0.000,3.3,5.9,0.8,201,11,3.6,7.5,1.0,202,12,3.6,7.5,1.0,202,12,0,29.80,0.9,0,0,0,41.4,43.9,46.4,0.60,0.42,0.39
POTS,2019-11-08 20:05:00 EST,44.65687,-74.97443,422,21.7,22.2,17.7,83.8,17.6,0.000,0.007,0.00,0.000,2.8,4.7,0.8,199,14,3.0,5.1,0.9,201,13,3.0,5.1,0.9,201,13,0,29.80,0.9,0,0,0,41.4,43.9,46.3,0.60,0.42,0.39
POTS,2019-11-08 20:10:00 EST,44.65687,-74.97443,422,21.5,22.2,16.9,84.1,17.5,0.000,0.007,0.00,0.000,3.2,4.7,0.7,199,12,3.4,5.6,0.8,200,12,3.4,5.6,0.8,200,12,0,29.80,1.0,0,0,0,41.4,43.9,46.3,0.60,0.42,0.39
POTS,2019-11-08 20:15:00 EST,44.65687,-74.97443,422,21.5,22.2,17.1,84.3,17.5,0.000,0.007,0.00,0.000,3.0,5.1,0.7,195,11,3.2,5.6,0.7,197,12,3.2,5.6,0.7,197,12,0,29.80,0.9,0,0,0,41.4,43.9,46.3,0.60,0.42,0.39
POTS,2019-11-08 20:20:00 EST,44.65687,-74.97443,422,21.2,22.1,21.2,84.2,17.2,0.000,0.007,0.00,0.000,2.5,4.2,0.8,190,11,2.7,5.3,0.9,193,11,2.7,5.3,0.9,193,11,0,29.80,0.9,0,0,0,41.3,43.9,46.3,0.60,0.42,0.39
POTS,2019-11-08 20:25:00 EST,44.65687,-74.97443,422,21.3,22.2,16.4,84.6,17.4,0.000,0.007,0.00,0.000,3.3,5.0,0.7,195,11,3.5,5.7,0.7,197,12,3.5,5.7,0.7,197,12,0,29.80,0.9,0,0,0,41.3,43.9,46.3,0.60,0.42,0.39
POTS,2019-11-08 20:30:00 EST,44.65687,-74.97443,422,21.0,22.0,21.0,84.3,17.0,0.000,0.007,0.00,0.000,2.2,3.7,0.7,199,14,2.5,5.8,0.8,202,15,2.5,5.8,0.8,202,15,0,29.80,0.9,0,0,0,41.2,43.9,46.2,0.60,0.42,0.39
POTS,2019-11-08 20:35:00 EST,44.65687,-74.97443,422,20.9,22.0,20.9,84.6,17.0,0.000,0.007,0.00,0.000,2.7,4.7,0.9,203,12,2.8,5.3,1.0,206,13,2.8,5.3,1.0,206,13,0,29.80,1.0,0,0,0,41.3,43.9,46.3,0.60,0.42,0.39
POTS,2019-11-08 20:40:00 EST,44.65687,-74.97443,422,21.4,22.1,16.9,84.4,17.4,0.000,0.007,0.00,0.000,3.0,4.5,0.7,207,16,3.2,4.9,0.8,208,14,3.2,4.9,0.8,208,14,0,29.80,1.0,0,0,0,41.3,43.9,46.4,0.60,0.42,0.39
POTS,2019-11-08 20:45:00 EST,44.65687,-74.97443,422,21.4,22.0,21.4,84.0,17.3,0.000,0.007,0.00,0.000,2.4,3.8,0.6,205,17,2.6,4.4,0.7,207,17,2.6,4.4,0.7,207,17,0,29.80,0.9,0,0,0,41.2,44.0,46.3,0.60,0.42,0.39
POTS,2019-11-08 20:50:00 EST,44.65687,-74.97443,422,21.4,22.0,17.2,83.7,17.3,0.000,0.007,0.00,0.000,3.0,4.3,0.7,205,13,3.1,5.4,0.9,207,14,3.1,5.4,0.9,207,14,0,29.80,0.9,0,0,0,41.2,43.9,46.3,0.60,0.42,0.39
POTS,2019-11-08 20:55:00 EST,44.65687,-74.97443,422,21.1,22.0,16.0,83.3,16.8,0.000,0.007,0.00,0.000,3.4,5.7,0.8,198,10,3.6,6.7,0.9,201,9,3.6,6.7,0.9,201,9,0,29.80,0.9,0,0,0,41.2,43.9,46.3,0.60,0.42,0.39
POTS,2019-11-08 21:00:00 EST,44.65687,-74.97443,422,20.6,21.8,20.6,83.8,16.5,0.000,0.007,0.00,0.000,2.6,4.1,0.6,197,10,2.8,4.7,0.7,200,12,2.8,4.7,0.7,200,12,0,29.80,0.9,0,0,0,41.2,43.9,46.3,0.60,0.42,0.39
POTS,2019-11-08 21:05:00 EST,44.65687,-74.97443,422,20.1,21.6,20.1,85.2,16.4,0.000,0.007,0.00,0.000,2.7,4.2,0.5,194,10,2.9,4.6,0.6,196,10,2.9,4.6,0.6,196,10,0,29.81,1.0,0,0,0,41.2,43.9,46.2,0.60,0.42,0.39
POTS,2019-11-08 21:10:00 EST,44.65687,-74.97443,422,20.2,21.7,15.6,86.0,16.7,0.000,0.007,0.00,0.000,3.0,4.2,0.5,193,9,3.2,5.0,0.6,196,9,3.2,5.0,0.6,196,9,0,29.81,0.9,0,0,0,41.2,43.9,46.1,0.60,0.42,0.39
POTS,2019-11-08 21:15:00 EST,44.65687,-74.97443,422,19.1,21.1,19.1,85.9,15.6,0.000,0.007,0.00,0.000,2.5,3.9,0.6,192,13,2.7,4.2,0.6,195,13,2.7,4.2,0.6,195,13,0,29.81,0.9,0,0,0,41.2,43.9,46.0,0.60,0.42,0.39
POTS,2019-11-08 21:20:00 EST,44.65687,-74.97443,422,18.9,21.2,18.9,87.3,15.7,0.000,0.007,0.00,0.000,1.8,3.9,0.9,203,11,2.1,4.7,0.9,205,12,2.1,4.7,0.9,205,12,0,29.81,0.9,0,0,0,41.2,43.9,46.1,0.60,0.42,0.39
POTS,2019-11-08 21:25:00 EST,44.65687,-74.97443,422,19.1,21.2,19.1,88.9,16.3,0.000,0.007,0.00,0.000,2.3,3.8,0.5,192,11,2.4,4.2,0.6,194,13,2.4,4.2,0.6,194,13,0,29.81,0.9,0,0,0,41.2,43.9,46.2,0.60,0.42,0.39
POTS,2019-11-08 21:30:00 EST,44.65687,-74.97443,422,19.0,21.3,19.0,87.9,16.0,0.000,0.007,0.00,0.000,2.4,3.9,0.5,198,15,2.6,4.3,0.7,201,15,2.6,4.3,0.7,201,15,0,29.80,1.0,0,0,0,41.2,43.9,46.0,0.60,0.42,0.39
POTS,2019-11-08 21:35:00 EST,44.65687,-74.97443,422,19.1,21.3,19.1,88.1,16.2,0.000,0.007,0.00,0.000,2.0,3.6,0.5,204,12,2.1,4.4,0.7,205,13,2.1,4.4,0.7,205,13,0,29.81,0.9,0,0,0,41.2,43.9,46.0,0.60,0.42,0.39
POTS,2019-11-08 21:40:00 EST,44.65687,-74.97443,422,19.2,21.4,19.2,88.0,16.2,0.000,0.007,0.00,0.000,1.6,3.0,0.6,211,20,2.0,4.5,0.7,211,20,2.0,4.5,0.7,211,20,0,29.81,0.9,0,0,0,41.2,44.0,46.1,0.60,0.42,0.39
POTS,2019-11-08 21:45:00 EST,44.65687,-74.97443,422,19.3,21.4,19.3,88.2,16.4,0.000,0.007,0.00,0.000,2.1,4.1,0.7,208,14,2.3,4.4,0.7,210,13,2.3,4.4,0.7,210,13,0,29.81,1.0,0,0,0,41.2,43.9,46.0,0.60,0.42,0.39
POTS,2019-11-08 21:50:00 EST,44.65687,-74.97443,422,19.7,21.4,19.7,88.1,16.8,0.000,0.007,0.00,0.000,2.0,3.5,0.7,216,13,2.1,4.3,0.8,218,13,2.1,4.3,0.8,218,13,0,29.81,1.0,0,0,0,41.2,43.9,46.1,0.60,0.42,0.39
POTS,2019-11-08 21:55:00 EST,44.65687,-74.97443,422,20.1,21.4,20.1,87.8,17.1,0.000,0.007,0.00,0.000,2.1,4.9,0.9,214,17,2.2,6.3,1.0,217,17,2.2,6.3,1.0,217,17,0,29.81,1.0,0,0,0,41.2,43.9,46.0,0.60,0.42,0.39
POTS,2019-11-08 22:00:00 EST,44.65687,-74.97443,422,20.2,21.4,20.2,86.8,16.9,0.000,0.007,0.00,0.000,2.6,4.7,0.9,215,12,2.9,5.6,1.1,220,12,2.9,5.6,1.1,220,12,0,29.81,1.0,0,0,0,41.2,43.9,46.0,0.60,0.42,0.39
POTS,2019-11-08 22:05:00 EST,44.65687,-74.97443,422,20.6,21.4,20.6,85.4,16.9,0.000,0.007,0.00,0.000,2.8,5.5,0.9,208,13,2.9,7.1,1.1,210,13,2.9,7.1,1.1,210,13,0,29.80,1.0,0,0,0,41.2,43.9,46.0,0.60,0.42,0.39
POTS,2019-11-08 22:10:00 EST,44.65687,-74.97443,422,20.5,21.4,16.2,84.0,16.5,0.000,0.007,0.00,0.000,3.0,6.5,1.1,207,16,3.1,5.8,1.2,210,15,3.1,5.8,1.2,210,15,0,29.80,0.5,0,0,0,41.2,44.0,46.0,0.60,0.42,0.39
POTS,2019-11-08 22:15:00 EST,44.65687,-74.97443,422,20.6,21.5,15.8,83.5,16.4,0.000,0.007,0.00,0.000,3.2,5.2,0.8,209,14,3.4,5.9,0.9,213,13,3.4,5.9,0.9,213,13,0,29.80,0.7,0,0,0,41.2,43.9,46.0,0.60,0.42,0.39
POTS,2019-11-08 22:20:00 EST,44.65687,-74.97443,422,21.0,21.5,16.1,83.4,16.7,0.000,0.007,0.00,0.000,3.3,6.1,1.1,208,15,3.5,6.2,1.1,211,14,3.5,6.2,1.1,211,14,0,29.80,0.7,0,0,0,41.2,43.9,46.0,0.60,0.42,0.39
POTS,2019-11-08 22:25:00 EST,44.65687,-74.97443,422,21.0,21.5,16.3,82.9,16.6,0.000,0.007,0.00,0.000,3.1,5.0,0.9,211,16,3.3,6.3,1.1,213,14,3.3,6.3,1.1,213,14,0,29.80,0.5,0,0,0,41.1,43.9,46.0,0.60,0.42,0.39
POTS,2019-11-08 22:30:00 EST,44.65687,-74.97443,422,20.9,21.5,15.8,82.8,16.6,0.000,0.007,0.00,0.000,3.4,5.6,1.1,200,16,3.6,6.1,1.1,201,14,3.6,6.1,1.1,201,14,0,29.80,0.5,0,0,0,41.2,43.9,46.0,0.60,0.42,0.39
POTS,2019-11-08 22:35:00 EST,44.65687,-74.97443,422,21.0,21.6,16.0,82.8,16.6,0.000,0.007,0.00,0.000,3.3,4.9,0.7,200,15,3.6,5.5,0.8,201,14,3.6,5.5,0.8,201,14,0,29.80,0.6,0,0,0,41.1,43.9,46.0,0.60,0.42,0.39
POTS,2019-11-08 22:40:00 EST,44.65687,-74.97443,422,21.1,21.6,15.6,83.3,16.8,0.000,0.007,0.00,0.000,3.7,6.4,0.8,200,10,3.9,6.7,0.9,202,10,3.9,6.7,0.9,202,10,0,29.80,0.8,0,0,0,41.0,43.9,46.0,0.60,0.42,0.39
POTS,2019-11-08 22:45:00 EST,44.65687,-74.97443,422,20.7,21.3,16.4,82.9,16.3,0.000,0.007,0.00,0.000,2.9,4.5,0.6,192,10,3.0,5.0,0.7,194,12,3.0,5.0,0.7,194,12,0,29.80,0.8,0,0,0,41.1,43.9,46.0,0.60,0.42,0.39
POTS,2019-11-08 22:50:00 EST,44.65687,-74.97443,422,20.5,21.5,15.1,83.8,16.4,0.000,0.007,0.00,0.000,3.3,5.7,1.1,188,13,3.8,7.0,1.3,190,12,3.8,7.0,1.3,190,12,0,29.80,0.5,0,0,0,41.1,43.8,46.0,0.60,0.42,0.39
POTS,2019-11-08 22:55:00 EST,44.65687,-74.97443,422,19.4,20.5,19.4,84.8,15.5,0.000,0.007,0.00,0.000,1.4,2.8,0.6,162,21,1.7,3.3,0.6,161,23,1.7,3.3,0.6,161,23,0,29.80,0.7,0,0,0,41.1,43.9,46.0,0.60,0.42,0.39
POTS,2019-11-08 23:00:00 EST,44.65687,-74.97443,422,19.0,20.1,19.0,85.6,15.4,0.000,0.007,0.00,0.000,1.1,1.8,0.3,148,15,1.3,2.0,0.3,148,18,1.3,2.0,0.3,148,18,0,29.79,0.8,0,0,0,41.0,43.8,46.0,0.60,0.42,0.39
POTS,2019-11-08 23:05:00 EST,44.65687,-74.97443,422,19.1,20.0,19.1,86.8,15.9,0.000,0.007,0.00,0.000,0.6,2.8,0.7,192,14,1.0,3.5,0.8,188,16,1.0,3.5,0.8,188,16,0,29.79,0.9,0,0,0,41.0,43.8,46.0,0.60,0.42,0.39
POTS,2019-11-08 23:10:00 EST,44.65687,-74.97443,422,18.6,20.2,18.6,87.8,15.6,0.000,0.007,0.00,0.000,1.2,4.8,1.0,196,15,1.6,5.5,1.0,197,17,1.6,5.5,1.0,197,17,0,29.79,0.7,0,0,0,41.0,43.8,46.0,0.60,0.42,0.39
POTS,2019-11-08 23:15:00 EST,44.65687,-74.97443,422,18.8,20.4,18.8,88.8,16.1,0.000,0.007,0.00,0.000,2.3,4.0,0.7,199,13,2.5,5.0,1.0,202,16,2.5,5.0,1.0,202,16,0,29.79,0.9,0,0,0,41.0,43.7,46.0,0.60,0.42,0.39
POTS,2019-11-08 23:20:00 EST,44.65687,-74.97443,422,18.7,20.5,18.7,88.4,15.9,0.000,0.007,0.00,0.000,2.5,5.1,1.0,198,18,2.7,6.0,1.0,201,20,2.7,6.0,1.0,201,20,0,29.79,0.8,0,0,0,41.0,43.8,46.0,0.60,0.42,0.39
POTS,2019-11-08 23:25:00 EST,44.65687,-74.97443,422,18.2,20.2,18.2,88.6,15.4,0.000,0.007,0.00,0.000,1.9,3.6,0.6,184,16,2.2,4.5,0.8,184,16,2.2,4.5,0.8,184,16,0,29.79,0.9,0,0,0,41.0,43.7,46.0,0.60,0.42,0.39
POTS,2019-11-08 23:30:00 EST,44.65687,-74.97443,422,18.4,20.2,18.4,88.8,15.7,0.000,0.007,0.00,0.000,2.1,3.9,0.7,185,14,2.4,5.1,0.8,185,16,2.4,5.1,0.8,185,16,0,29.79,1.0,0,0,0,41.0,43.7,46.0,0.60,0.42,0.39
POTS,2019-11-08 23:35:00 EST,44.65687,-74.97443,422,18.1,20.0,18.1,89.1,15.4,0.000,0.007,0.00,0.000,1.7,3.3,0.5,181,16,2.1,4.8,0.6,179,19,2.1,4.8,0.6,179,19,0,29.79,1.0,0,0,0,41.0,43.7,46.0,0.60,0.42,0.39
POTS,2019-11-08 23:40:00 EST,44.65687,-74.97443,422,17.7,19.9,17.7,88.8,15.0,0.000,0.007,0.00,0.000,1.6,3.6,0.6,183,15,2.0,4.1,0.7,183,17,2.0,4.1,0.7,183,17,0,29.79,1.1,0,0,0,41.0,43.7,46.0,0.60,0.42,0.39
POTS,2019-11-08 23:45:00 EST,44.65687,-74.97443,422,18.5,20.1,18.5,90.1,16.0,0.000,0.007,0.00,0.000,2.4,5.3,1.1,189,13,2.6,6.2,1.1,193,14,2.6,6.2,1.1,193,14,0,29.79,1.0,0,0,0,41.0,43.7,46.0,0.60,0.42,0.39
POTS,2019-11-08 23:50:00 EST,44.65687,-74.97443,422,18.4,20.4,18.4,90.0,16.0,0.000,0.007,0.00,0.000,2.7,4.7,0.8,189,14,2.9,5.3,0.8,189,17,2.9,5.3,0.8,189,17,0,29.79,1.0,0,0,0,41.0,43.7,45.9,0.60,0.42,0.39
POTS,2019-11-08 23:55:00 EST,44.65687,-74.97443,422,19.1,21.1,19.1,89.7,16.6,0.000,0.007,0.00,0.000,2.8,4.3,0.6,194,15,3.0,5.6,0.8,196,15,3.0,5.6,0.8,196,15,0,29.79,1.0,0,0,0,41.0,43.7,45.9,0.60,0.42,0.39
QUEE,2019-11-08 00:00:00 EST,40.73434,-73.81586,179,40.3,,33.4,79.5,34.5,0.000,0.045,0.00,0.000,11.2,19.0,3.6,352,20,11.6,19.5,3.7,345,18,11.6,19.5,3.7,345,18,0,29.81,-0.1,,,,,,,,,
QUEE,2019-11-08 00:05:00 EST,40.73434,-73.81586,179,40.2,,33.2,79.8,34.5,0.000,0.000,0.00,0.000,11.6,20.4,3.5,351,21,11.9,19.8,3.6,342,18,11.9,19.8,3.6,342,18,0,29.82,-0.0,,,,,,,,,
QUEE,2019-11-08 00:10:00 EST,40.73434,-73.81586,179,40.2,,33.3,80.2,34.6,0.000,0.000,0.00,0.000,10.9,16.9,2.8,346,16,11.6,18.8,2.9,338,17,11.6,18.8,2.9,338,17,0,29.82,-0.0,,,,,,,,,
QUEE,2019-11-08 00:15:00 EST,40.73434,-73.81586,179,40.1,,32.5,80.3,34.6,0.000,0.000,0.00,0.000,13.2,21.8,3.0,350,17,13.5,21.5,3.1,343,13,13.5,21.5,3.1,343,13,0,29.82,-0.1,,,,,,,,,
QUEE,2019-11-08 00:20:00 EST,40.73434,-73.81586,179,40.1,,33.4,80.9,34.7,0.000,0.000,0.00,0.000,10.6,16.7,2.6,351,17,11.0,17.2,3.0,342,14,11.0,17.2,3.0,342,14,0,29.81,-0.1,,,,,,,,,
QUEE,2019-11-08 00:25:00 EST,40.73434,-73.81586,179,40.2,,33.2,80.5,34.7,0.000,0.000,0.00,0.000,11.3,20.5,3.5,345,15,11.8,20.0,3.6,337,15,11.8,20.0,3.6,337,15,0,29.81,-0.1,,,,,,,,,
QUEE,2019-11-08 00:30:00 EST,40.73434,-73.81586,179,40.1,,33.5,80.0,34.4,0.000,0.000,0.00,0.000,10.4,19.1,3.9,347,19,10.7,19.4,3.8,340,15,10.7,19.4,3.8,340,15,0,29.81,-0.1,,,,,,,,,
QUEE,2019-11-08 00:35:00 EST,40.73434,-73.81586,179,40.2,,33.9,78.9,34.2,0.000,0.000,0.00,0.000,9.8,19.2,3.8,339,16,10.1,19.1,3.8,331,15,10.1,19.1,3.8,331,15,0,29.82,-0.1,,,,,,,,,
QUEE,2019-11-08 00:40:00 EST,40.73434,-73.81586,179,40.2,,33.2,75.4,33.0,0.000,0.000,0.00,0.000,11.2,18.0,3.1,339,16,11.5,18.5,3.3,333,17,11.5,18.5,3.3,333,17,0,29.82,-0.1,,,,,,,,,
QUEE,2019-11-08 00:45:00 EST,40.73434,-73.81586,179,40.1,,31.1,70.5,31.2,0.000,0.000,0.00,0.000,17.5,24.8,3.5,336,16,17.7,25.8,3.7,327,12,17.7,25.8,3.7,327,12,0,29.82,0.1,,,,,,,,,
QUEE,2019-11-08 00:50:00 EST,40.73434,-73.81586,179,40.1,,33.2,70.6,31.3,0.000,0.000,0.00,0.000,10.8,19.1,3.6,334,21,11.2,20.8,3.6,326,20,11.2,20.8,3.6,326,20,0,29.82,-0.0,,,,,,,,,
QUEE,2019-11-08 00:55:00 EST,40.73434,-73.81586,179,40.0,,31.8,68.5,30.4,0.000,0.000,0.00,0.000,14.6,22.5,3.9,339,19,15.0,23.4,3.8,331,21,15.0,23.4,3.8,331,21,0,29.82,-0.1,,,,,,,,,
QUEE,2019-11-08 01:00:00 EST,40.73434,-73.81586,179,39.8,,31.9,68.3,30.2,0.000,0.000,0.00,0.000,13.7,20.2,3.2,337,15,14.1,22.1,3.4,330,14,14.1,22.1,3.4,330,14,0,29.82,-0.0,,,,,,,,,
QUEE,2019-11-08 01:05:00 EST,40.73434,-73.81586,179,39.8,,32.2,68.1,30.1,0.000,0.000,0.00,0.000,12.5,25.4,5.3,343,18,13.0,26.5,5.4,336,19,13.0,26.5,5.4,336,19,0,29.83,0.0,,,,,,,,,
QUEE,2019-11-08 01:10:00 EST,40.73434,-73.81586,179,39.6,,31.9,66.4,29.3,0.000,0.000,0.00,0.000,12.7,20.7,3.0,331,22,13.2,23.5,3.2,324,18,13.2,23.5,3.2,324,18,0,29.82,-0.1,,,,,,,,,
QUEE,2019-11-08 01:15:00 EST,40.73434,-73.81586,179,39.4,,31.4,65.9,29.0,0.000,0.000,0.00,0.000,13.5,23.5,3.9,325,24,14.0,22.7,3.8,318,21,14.0,22.7,3.8,318,21,0,29.83,-0.1,,,,,,,,,
QUEE,2019-11-08 01:20:00 EST,40.73434,-73.81586,179,39.2,,30.9,63.6,27.9,0.000,0.000,0.00,0.000,14.2,23.5,4.1,343,21,14.6,26.9,4.2,332,14,14.6,26.9,4.2,332,14,0,29.83,-0.1,,,,,,,,,
QUEE,2019-11-08 01:25:00 EST,40.73434,-73.81586,179,39.1,,31.0,63.5,27.7,0.000,0.000,0.00,0.000,13.6,22.1,3.5,347,16,13.8,23.6,3.6,340,13,13.8,23.6,3.6,340,13,0,29.83,-0.1,,,,,,,,,
QUEE,2019-11-08 01:30:00 EST,40.73434,-73.81586,179,39.0,,31.5,64.4,28.0,0.000,0.000,0.00,0.000,12.0,19.4,4.0,340,20,12.3,20.9,4.1,332,19,12.3,20.9,4.1,332,19,0,29.83,0.1,,,,,,,,,
QUEE,2019-11-08 01:35:00 EST,40.73434,-73.81586,179,38.9,,31.0,65.1,28.2,0.000,0.000,0.00,0.000,13.1,20.0,3.4,341,17,13.4,20.5,3.4,334,15,13.4,20.5,3.4,334,15,0,29.83,-0.1,,,,,,,,,
QUEE,2019-11-08 01:40:00 EST,40.73434,-73.81586,179,38.8,,30.6,65.0,28.0,0.000,0.000,0.00,0.000,13.5,20.2,3.3,344,20,13.9,22.2,3.5,337,17,13.9,22.2,3.5,337,17,0,29.83,0.1,,,,,,,,,
QUEE,2019-11-08 01:45:00 EST,40.73434,-73.81586,179,38.6,,30.4,65.0,27.9,0.000,0.000,0.00,0.000,13.5,22.1,4.5,342,19,14.1,25.3,4.6,332,16,14.1,25.3,4.6,332,16,0,29.84,-0.0,,,,,,,,,
QUEE,2019-11-08 01:50:00 EST,40.73434,-73.81586,179,38.5,,30.6,64.8,27.7,0.000,0.000,0.00,0.000,12.3,19.1,3.0,343,23,13.0,19.7,3.0,336,17,13.0,19.7,3.0,336,17,0,29.84,-0.1,,,,,,,,,
QUEE,2019-11-08 01:55:00 EST,40.73434,-73.81586,179,38.4,,29.7,64.8,27.6,0.000,0.000,0.00,0.000,14.7,24.4,4.4,330,18,15.1,26.3,4.4,319,17,15.1,26.3,4.4,319,17,0,29.84,-0.1,,,,,,,,,
QUEE,2019-11-08 02:00:00 EST,40.73434,-73.81586,179,38.3,,30.6,64.2,27.3,0.000,0.000,0.00,0.000,11.7,18.8,3.2,331,18,12.1,18.4,3.2,325,17,12.1,18.4,3.2,325,17,0,29.84,0.0,,,,,,,,,
QUEE,2019-11-08 02:05:00 EST,40.73434,-73.81586,179,38.3,,31.2,64.9,27.5,0.000,0.000,0.00,0.000,10.3,18.7,3.3,339,20,10.8,19.1,3.4,330,20,10.8,19.1,3.4,330,20,0,29.85,-0.1,,,,,,,,,
QUEE,2019-11-08 02:10:00 EST,40.73434,-73.81586,179,38.2,,30.9,64.2,27.1,0.000,0.000,0.00,0.000,10.4,28.2,5.2,332,21,11.0,27.4,5.3,322,20,11.0,27.4,5.3,322,20,0,29.85,-0.1,,,,,,,,,
QUEE,2019-11-08 02:15:00 EST,40.73434,-73.81586,179,38.0,,29.7,61.0,25.7,0.000,0.000,0.00,0.000,13.2,23.5,4.1,346,22,13.5,23.6,4.3,338,20,13.5,23.6,4.3,338,20,0,29.85,-0.1,,,,,,,,,
QUEE,2019-11-08 02:20:00 EST,40.73434,-73.81586,179,37.8,,29.7,60.8,25.5,0.000,0.000,0.00,0.000,12.5,22.3,4.2,335,25,13.0,22.7,4.2,328,19,13.0,22.7,4.2,328,19,0,29.84,-0.1,,,,,,,,,
QUEE,2019-11-08 02:25:00 EST,40.73434,-73.81586,179,37.7,,30.3,57.4,24.0,0.000,0.000,0.00,0.000,10.9,18.6,2.6,332,17,11.2,19.6,2.8,326,17,11.2,19.6,2.8,326,17,0,29.84,0.1,,,,,,,,,
QUEE,2019-11-08 02:30:00 EST,40.73434,-73.81586,179,37.6,,28.1,54.5,22.6,0.000,0.000,0.00,0.000,16.6,28.3,5.2,338,22,16.8,27.5,5.2,328,19,16.8,27.5,5.2,328,19,0,29.84,-0.0,,,,,,,,,
QUEE,2019-11-08 02:35:00 EST,40.73434,-73.81586,179,37.5,,29.5,54.3,22.5,0.000,0.000,0.00,0.000,11.9,20.2,4.1,330,21,12.4,22.8,4.3,322,19,12.4,22.8,4.3,322,19,0,29.84,-0.1,,,,,,,,,
QUEE,2019-11-08 02:40:00 EST,40.73434,-73.81586,179,37.4,,29.3,53.8,22.2,0.000,0.000,0.00,0.000,12.2,18.9,3.3,320,16,12.6,21.1,3.5,310,16,12.6,21.1,3.5,310,16,0,29.84,-0.1,,,,,,,,,
QUEE,2019-11-08 02:45:00 EST,40.73434,-73.81586,179,37.3,,29.3,52.3,21.4,0.000,0.000,0.00,0.000,12.0,23.8,5.4,331,22,12.4,24.5,5.1,324,19,12.4,24.5,5.1,324,19,0,29.84,-0.1,,,,,,,,,
QUEE,2019-11-08 02:50:00 EST,40.73434,-73.81586,179,37.2,,29.3,52.1,21.2,0.000,0.000,0.00,0.000,11.2,23.1,3.9,321,16,11.9,21.9,3.7,312,15,11.9,21.9,3.7,312,15,0,29.84,-0.1,,,,,,,,,
QUEE,2019-11-08 02:55:00 EST,40.73434,-73.81586,179,37.0,,28.4,50.7,20.4,0.000,0.000,0.00,0.000,13.4,26.9,4.1,321,21,13.8,25.2,4.1,312,21,13.8,25.2,4.1,312,21,0,29.84,-0.1,,,,,,,,,
QUEE,2019-11-08 03:00:00 EST,40.73434,-73.81586,179,36.8,,28.0,51.2,20.4,0.000,0.000,0.00,0.000,13.9,25.1,4.5,320,17,14.3,27.2,4.7,309,17,14.3,27.2,4.7,309,17,0,29.85,-0.1,,,,,,,,,
QUEE,2019-11-08 03:05:00 EST,40.73434,-73.81586,179,36.6,,28.0,51.1,20.2,0.000,0.000,0.00,0.000,13.2,22.1,4.4,326,18,13.6,22.9,4.3,316,20,13.6,22.9,4.3,316,20,0,29.85,-0.1,,,,,,,,,
QUEE,2019-11-08 03:10:00 EST,40.73434,-73.81586,179,36.6,,28.3,51.1,20.2,0.000,0.000,0.00,0.000,12.3,21.3,4.0,339,22,12.6,23.0,4.1,331,18,12.6,23.0,4.1,331,18,0,29.85,-0.1,,,,,,,,,
QUEE,2019-11-08 03:15:00 EST,40.73434,-73.81586,179,36.4,,28.5,50.6,19.8,0.000,0.000,0.00,0.000,11.4,19.3,3.4,337,21,11.5,21.0,3.6,326,21,11.5,21.0,3.6,326,21,0,29.84,-0.1,,,,,,,,,
QUEE,2019-11-08 03:20:00 EST,40.73434,-73.81586,179,36.2,,26.0,48.3,18.5,0.000,0.000,0.00,0.000,17.4,29.0,4.2,345,18,17.9,29.4,4.3,338,14,17.9,29.4,4.3,338,14,0,29.84,-0.1,,,,,,,,,
QUEE,2019-11-08 03:25:00 EST,40.73434,-73.81586,179,36.1,,26.9,46.8,17.7,0.000,0.000,0.00,0.000,14.6,21.7,3.7,341,14,14.9,22.2,3.9,335,12,14.9,22.2,3.9,335,12,0,29.84,-0.1,,,,,,,,,
QUEE,2019-11-08 03:30:00 EST,40.73434,-73.81586,179,36.0,,27.5,47.5,18.0,0.000,0.000,0.00,0.000,12.7,20.6,3.7,335,19,12.8,20.6,3.8,329,17,12.8,20.6,3.8,329,17,0,29.84,-0.1,,,,,,,,,
QUEE,2019-11-08 03:35:00 EST,40.73434,-73.81586,179,35.9,,28.3,48.3,18.2,0.000,0.000,0.00,0.000,9.8,22.6,4.4,320,23,10.6,22.9,4.4,311,22,10.6,22.9,4.4,311,22,0,29.84,-0.1,,,,,,,,,
QUEE,2019-11-08 03:40:00 EST,40.73434,-73.81586,179,35.6,,25.9,46.5,17.1,0.000,0.000,0.00,0.000,15.5,27.4,5.8,338,17,16.0,27.5,5.8,330,17,16.0,27.5,5.8,330,17,0,29.85,-0.1,,,,,,,,,
QUEE,2019-11-08 03:45:00 EST,40.73434,-73.81586,179,35.5,,26.5,47.1,17.3,0.000,0.000,0.00,0.000,13.2,24.1,3.6,336,24,13.8,25.0,3.9,330,20,13.8,25.0,3.9,330,20,0,29.85,-0.1,,,,,,,,,
QUEE,2019-11-08 03:50:00 EST,40.73434,-73.81586,179,35.4,,26.0,46.6,16.9,0.000,0.000,0.00,0.000,14.5,23.2,4.0,342,19,14.8,24.1,4.2,336,14,14.8,24.1,4.2,336,14,0,29.84,-0.1,,,,,,,,,
QUEE,2019-11-08 03:55:00 EST,40.73434,-73.81586,179,35.3,,25.7,46.4,16.8,0.000,0.000,0.00,0.000,15.1,24.9,4.4,351,18,15.4,25.3,4.4,343,13,15.4,25.3,4.4,343,13,0,29.84,-0.1,,,,,,,,,
QUEE,2019-11-08 04:00:00 EST,40.73434,-73.81586,179,35.2,,27.4,46.8,16.9,0.000,0.000,0.00,0.000,10.2,17.0,3.8,355,20,10.6,19.5,3.9,349,18,10.6,19.5,3.9,349,18,0,29.84,-0.1,,,,,,,,,
QUEE,2019-11-08 04:05:00 EST,40.73434,-73.81586,179,35.1,,26.1,47.6,17.2,0.000,0.000,0.00,0.000,13.0,23.6,4.4,352,15,13.3,24.2,4.5,345,16,13.3,24.2,4.5,345,16,0,29.84,-0.0,,,,,,,,,
QUEE,2019-11-08 04:10:00 EST,40.73434,-73.81586,179,34.9,,27.5,48.4,17.4,0.000,0.000,0.00,0.000,9.3,17.2,3.0,358,22,9.7,17.3,3.1,350,16,9.7,17.3,3.1,350,16,0,29.85,-0.0,,,,,,,,,
QUEE,2019-11-08 04:15:00 EST,40.73434,-73.81586,179,34.9,,29.2,50.1,18.2,0.000,0.000,0.00,0.000,6.3,10.3,2.3,3,17,6.8,12.1,2.5,355,15,6.8,12.1,2.5,355,15,0,29.85,-0.1,,,,,,,,,
QUEE,2019-11-08 04:20:00 EST,40.73434,-73.81586,179,34.8,,28.0,50.8,18.4,0.000,0.000,0.00,0.000,8.3,13.2,2.4,355,21,8.5,14.5,2.5,347,20,8.5,14.5,2.5,347,20,0,29.85,0.0,,,,,,,,,
QUEE,2019-11-08 04:25:00 EST,40.73434,-73.81586,179,34.7,,27.5,51.2,18.5,0.000,0.000,0.00,0.000,8.5,13.7,2.8,354,20,9.2,14.9,2.8,349,15,9.2,14.9,2.8,349,15,0,29.85,0.0,,,,,,,,,
QUEE,2019-11-08 04:30:00 EST,40.73434,-73.81586,179,34.7,,27.8,52.1,18.9,0.000,0.000,0.00,0.000,8.3,14.1,2.3,360,16,8.5,14.5,2.4,354,12,8.5,14.5,2.4,354,12,0,29.85,0.0,,,,,,,,,
QUEE,2019-11-08 04:35:00 EST,40.73434,-73.81586,179,34.6,,28.7,52.9,19.2,0.000,0.000,0.00,0.000,6.6,11.5,1.7,353,20,7.1,12.0,1.9,346,16,7.1,12.0,1.9,346,16,0,29.86,-0.1,,,,,,,,,
QUEE,2019-11-08 04:40:00 EST,40.73434,-73.81586,179,34.6,,27.1,52.9,19.1,0.000,0.000,0.00,0.000,9.3,14.5,2.0,352,18,9.6,14.9,2.1,343,14,9.6,14.9,2.1,343,14,0,29.86,-0.1,,,,,,,,,
QUEE,2019-11-08 04:45:00 EST,40.73434,-73.81586,179,34.5,,27.6,53.1,19.2,0.000,0.000,0.00,0.000,8.3,13.4,2.2,350,17,8.6,14.1,2.3,343,11,8.6,14.1,2.3,343,11,0,29.86,-0.1,,,,,,,,,
QUEE,2019-11-08 04:50:00 EST,40.73434,-73.81586,179,34.5,,27.7,53.2,19.2,0.000,0.000,0.00,0.000,8.0,13.7,2.8,340,18,8.3,14.4,2.9,333,17,8.3,14.4,2.9,333,17,0,29.87,-0.1,,,,,,,,,
QUEE,2019-11-08 04:55:00 EST,40.73434,-73.81586,179,34.4,,25.9,52.6,18.9,0.000,0.000,0.00,0.000,11.6,15.7,2.2,342,16,11.9,17.1,2.3,336,11,11.9,17.1,2.3,336,11,0,29.87,-0.1,,,,,,,,,
QUEE,2019-11-08 05:00:00 EST,40.73434,-73.81586,179,34.4,,26.2,52.5,18.8,0.000,0.000,0.00,0.000,10.7,15.6,2.6,339,13,11.0,16.5,2.6,331,12,11.0,16.5,2.6,331,12,0,29.87,-0.1,,,,,,,,,
QUEE,2019-11-08 05:05:00 EST,40.73434,-73.81586,179,34.4,,27.2,52.9,19.0,0.000,0.000,0.00,0.000,8.8,14.0,2.0,339,17,9.0,14.1,2.1,332,17,9.0,14.1,2.1,332,17,0,29.87,0.0,,,,,,,,,
QUEE,2019-11-08 05:10:00 EST,40.73434,-73.81586,179,34.4,,26.4,52.7,18.8,0.000,0.000,0.00,0.000,10.2,16.6,3.4,328,14,10.5,17.5,3.6,319,14,10.5,17.5,3.6,319,14,0,29.87,-0.1,,,,,,,,,
QUEE,2019-11-08 05:15:00 EST,40.73434,-73.81586,179,34.3,,26.5,52.7,18.8,0.000,0.000,0.00,0.000,9.9,17.5,3.1,323,17,10.1,17.5,3.1,313,17,10.1,17.5,3.1,313,17,0,29.87,-0.1,,,,,,,,,
QUEE,2019-11-08 05:20:00 EST,40.73434,-73.81586,179,34.2,,25.5,52.2,18.5,0.000,0.000,0.00,0.000,12.0,19.4,3.1,319,16,12.1,19.2,3.2,309,14,12.1,19.2,3.2,309,14,0,29.87,-0.1,,,,,,,,,
QUEE,2019-11-08 05:25:00 EST,40.73434,-73.81586,179,34.1,,25.5,51.7,18.2,0.000,0.000,0.00,0.000,11.8,19.3,4.2,335,15,12.0,20.5,4.0,328,16,12.0,20.5,4.0,328,16,0,29.88,-0.1,,,,,,,,,
QUEE,2019-11-08 05:30:00 EST,40.73434,-73.81586,179,34.0,,25.6,51.6,18.1,0.000,0.000,0.00,0.000,10.9,16.8,2.9,340,17,11.3,18.0,3.0,335,17,11.3,18.0,3.0,335,17,0,29.88,-0.1,,,,,,,,,
QUEE,2019-11-08 05:35:00 EST,40.73434,-73.81586,179,33.9,,26.2,51.2,17.7,0.000,0.000,0.00,0.000,9.3,15.4,2.7,340,16,9.8,16.9,2.7,332,16,9.8,16.9,2.7,332,16,0,29.88,-0.1,,,,,,,,,
QUEE,2019-11-08 05:40:00 EST,40.73434,-73.81586,179,33.9,,26.4,52.2,18.2,0.000,0.000,0.00,0.000,8.9,16.4,3.1,329,22,9.4,16.7,3.2,319,22,9.4,16.7,3.2,319,22,0,29.88,-0.1,,,,,,,,,
QUEE,2019-11-08 05:45:00 EST,40.73434,-73.81586,179,33.9,,26.6,52.7,18.4,0.000,0.000,0.00,0.000,8.5,14.4,2.7,334,17,8.8,15.1,2.7,326,17,8.8,15.1,2.7,326,17,0,29.88,-0.0,,,,,,,,,
QUEE,2019-11-08 05:50:00 EST,40.73434,-73.81586,179,33.8,,24.4,53.2,18.6,0.000,0.000,0.00,0.000,13.1,22.4,3.8,321,16,13.5,22.6,4.0,312,15,13.5,22.6,4.0,312,15,0,29.88,-0.2,,,,,,,,,
QUEE,2019-11-08 05:55:00 EST,40.73434,-73.81586,179,33.5,,23.6,52.7,18.1,0.000,0.000,0.00,0.000,14.4,20.8,3.9,343,20,14.7,22.8,4.0,335,12,14.7,22.8,4.0,335,12,0,29.89,-0.1,,,,,,,,,
QUEE,2019-11-08 06:00:00 EST,40.73434,-73.81586,179,33.4,,23.5,53.2,18.2,0.000,0.000,0.00,0.000,14.3,22.4,3.3,343,21,14.8,22.9,3.3,337,13,14.8,22.9,3.3,337,13,0,29.89,-0.1,,,,,,,,,
QUEE,2019-11-08 06:05:00 EST,40.73434,-73.81586,179,33.4,,25.4,53.6,18.4,0.000,0.000,0.00,0.000,9.6,16.1,2.5,338,20,10.1,16.2,2.3,332,20,10.1,16.2,2.3,332,20,0,29.89,-0.1,,,,,,,,,
QUEE,2019-11-08 06:10:00 EST,40.73434,-73.81586,179,33.4,,25.5,54.1,18.6,0.000,0.000,0.00,0.000,9.7,19.5,3.7,345,21,10.0,20.2,3.8,337,20,10.0,20.2,3.8,337,20,0,29.89,-0.1,,,,,,,,,
QUEE,2019-11-08 06:15:00 EST,40.73434,-73.81586,179,33.4,,25.0,54.4,18.7,0.000,0.000,0.00,0.000,10.8,18.7,3.2,337,18,11.1,19.1,3.3,332,18,11.1,19.1,3.3,332,18,0,29.89,-0.1,,,,,,,,,
QUEE,2019-11-08 06:20:00 EST,40.73434,-73.81586,179,33.4,,25.0,54.9,18.9,0.000,0.000,0.00,0.000,10.8,19.3,3.4,331,15,11.1,20.7,3.5,323,16,11.1,20.7,3.5,323,16,0,29.90,-0.1,,,,,,,,,
QUEE,2019-11-08 06:25:00 EST,40.73434,-73.81586,179,33.5,,25.2,56.6,19.7,0.000,0.000,0.00,0.000,10.3,17.2,2.9,319,13,10.6,16.8,2.9,309,13,10.6,16.8,2.9,309,13,1,29.90,-0.1,,,,,,,,,
QUEE,2019-11-08 06:30:00 EST,40.73434,-73.81586,179,33.4,,25.3,56.9,19.7,0.000,0.000,0.00,0.000,9.6,18.7,3.3,319,22,10.4,19.3,3.4,307,21,10.4,19.3,3.4,307,21,2,29.90,-0.1,,,,,,,,,
QUEE,2019-11-08 06:35:00 EST,40.73434,-73.81586,179,33.3,,24.4,56.9,19.6,0.000,0.000,0.00,0.000,11.5,18.0,3.2,313,17,12.0,17.5,3.3,302,17,12.0,17.5,3.3,302,17,3,29.91,-0.1,,,,,,,,,
QUEE,2019-11-08 06:40:00 EST,40.73434,-73.81586,179,33.3,,25.0,57.8,20.0,0.000,0.000,0.00,0.000,10.0,17.8,3.8,323,18,10.7,18.0,3.9,314,18,10.7,18.0,3.9,314,18,5,29.91,-0.1,,,,,,,,,
QUEE,2019-11-08 06:45:00 EST,40.73434,-73.81586,179,33.3,,25.9,57.9,20.1,0.000,0.000,0.00,0.000,8.5,14.2,2.4,342,19,8.9,15.7,2.5,336,17,8.9,15.7,2.5,336,17,7,29.91,-0.1,,,,,,,,,
QUEE,2019-11-08 06:50:00 EST,40.73434,-73.81586,179,33.0,,23.4,57.2,19.5,0.000,0.000,0.00,0.000,13.3,18.3,2.8,343,21,13.6,18.8,2.9,335,17,13.6,18.8,2.9,335,17,9,29.92,-0.0,,,,,,,,,
QUEE,2019-11-08 06:55:00 EST,40.73434,-73.81586,179,33.2,,25.8,58.3,20.1,0.000,0.000,0.00,0.000,8.4,14.1,2.7,329,25,8.8,15.1,2.7,319,21,8.8,15.1,2.7,319,21,11,29.92,-0.1,,,,,,,,,
QUEE,2019-11-08 07:00:00 EST,40.73434,-73.81586,179,33.3,,24.5,58.6,20.3,0.000,0.000,0.00,0.000,11.0,23.4,4.7,325,19,11.7,24.2,4.4,315,18,11.7,24.2,4.4,315,18,15,29.92,-0.1,,,,,,,,,
QUEE,2019-11-08 07:05:00 EST,40.73434,-73.81586,179,33.4,,24.5,58.2,20.3,0.000,0.000,0.00,0.000,11.6,22.3,3.6,315,21,12.0,23.7,3.8,305,21,12.0,23.7,3.8,305,21,38,29.92,-0.1,,,,,,,,,
QUEE,2019-11-08 07:10:00 EST,40.73434,-73.81586,179,33.5,,24.0,56.7,19.7,0.000,0.000,0.00,0.000,13.2,22.3,3.3,321,21,13.7,22.1,3.4,312,20,13.7,22.1,3.4,312,20,58,29.92,-0.1,,,,,,,,,
QUEE,2019-11-08 07:15:00 EST,40.73434,-73.81586,179,33.7,,24.3,55.6,19.5,0.000,0.000,0.00,0.000,12.9,23.5,4.3,330,22,13.5,25.3,4.4,320,19,13.5,25.3,4.4,320,19,78,29.92,-0.1,,,,,,,,,
QUEE,2019-11-08 07:20:00 EST,40.73434,-73.81586,179,33.9,,25.2,55.6,19.7,0.000,0.000,0.00,0.000,11.6,18.8,3.6,330,19,12.1,20.7,3.8,320,18,12.1,20.7,3.8,320,18,92,29.93,-0.1,,,,,,,,,
QUEE,2019-11-08 07:25:00 EST,40.73434,-73.81586,179,34.1,,25.1,54.2,19.2,0.000,0.000,0.00,0.000,12.2,21.8,5.1,339,21,12.8,21.9,5.0,331,19,12.8,21.9,5.0,331,19,94,29.93,-0.1,,,,,,,,,
QUEE,2019-11-08 07:30:00 EST,40.73434,-73.81586,179,33.9,,24.4,54.9,19.4,0.000,0.000,0.00,0.000,13.8,24.7,4.8,343,18,14.1,26.0,5.0,337,16,14.1,26.0,5.0,337,16,45,29.93,-0.1,,,,,,,,,
QUEE,2019-11-08 07:35:00 EST,40.73434,-73.81586,179,33.8,,25.4,55.9,19.7,0.000,0.000,0.00,0.000,10.9,21.5,4.6,327,21,11.3,20.8,4.8,320,20,11.3,20.8,4.8,320,20,126,29.93,-0.1,,,,,,,,,
QUEE,2019-11-08 07:40:00 EST,40.73434,-73.81586,179,34.0,,25.9,56.1,20.0,0.000,0.000,0.00,0.000,9.7,16.8,3.5,313,18,10.5,17.3,3.3,300,16,10.5,17.3,3.3,300,16,140,29.93,-0.1,,,,,,,,,
QUEE,2019-11-08 07:45:00 EST,40.73434,-73.81586,179,34.0,,25.4,56.5,20.2,0.000,0.000,0.00,0.000,11.4,17.0,3.4,319,23,11.9,18.2,3.6,310,24,11.9,18.2,3.6,310,24,152,29.93,-0.1,,,,,,,,,
QUEE,2019-11-08 07:50:00 EST,40.73434,-73.81586,179,33.9,,25.2,57.2,20.3,0.000,0.000,0.00,0.000,11.4,17.5,2.4,307,17,11.8,17.6,2.5,297,16,11.8,17.6,2.5,297,16,164,29.93,-0.1,,,,,,,,,
QUEE,2019-11-08 07:55:00 EST,40.73434,-73.81586,179,34.1,,25.6,57.2,20.6,0.000,0.000,0.00,0.000,11.1,18.4,2.8,303,19,11.7,19.8,3.3,292,18,11.7,19.8,3.3,292,18,176,29.94,-0.1,,,,,,,,,
QUEE,2019-11-08 08:00:00 EST,40.73434,-73.81586,179,34.0,,25.0,57.7,20.7,0.000,0.000,0.00,0.000,12.2,24.6,3.8,303,21,12.7,24.6,4.4,293,18,12.7,24.6,4.4,293,18,194,29.94,-0.1,,,,,,,,,
QUEE,2019-11-08 08:05:00 EST,40.73434,-73.81586,179,33.8,,23.9,58.3,20.8,0.000,0.000,0.00,0.000,14.6,24.2,3.5,311,16,15.3,21.7,3.3,301,16,15.3,21.7,3.3,301,16,160,29.94,-0.2,,,,,,,,,
QUEE,2019-11-08 08:10:00 EST,40.73434,-73.81586,179,33.8,,24.1,59.3,21.1,0.000,0.000,0.00,0.000,14.0,20.5,3.3,316,21,14.4,21.7,3.3,305,18,14.4,21.7,3.3,305,18,149,29.94,-0.1,,,,,,,,,
QUEE,2019-11-08 08:15:00 EST,40.73434,-73.81586,179,34.1,,26.1,60.1,21.7,0.000,0.000,0.00,0.000,10.0,20.5,4.2,311,17,10.5,21.5,4.2,301,16,10.5,21.5,4.2,301,16,214,29.94,-0.1,,,,,,,,,
QUEE,2019-11-08 08:20:00 EST,40.73434,-73.81586,179,34.2,,25.2,59.0,21.4,0.000,0.000,0.00,0.000,12.2,22.7,4.1,320,25,12.9,23.2,3.9,310,26,12.9,23.2,3.9,310,26,197,29.94,-0.1,,,,,,,,,
QUEE,2019-11-08 08:25:00 EST,40.73434,-73.81586,179,34.0,,23.6,59.6,21.4,0.000,0.000,0.00,0.000,16.4,27.5,5.0,307,17,16.9,27.4,4.6,297,15,16.9,27.4,4.6,297,15,218,29.94,-0.1,,,,,,,,,
QUEE,2019-11-08 08:30:00 EST,40.73434,-73.81586,179,33.8,,23.3,59.6,21.3,0.000,0.000,0.00,0.000,16.1,24.8,4.4,322,16,16.9,25.0,4.0,313,15,16.9,25.0,4.0,313,15,193,29.94,-0.1,,,,,,,,,
QUEE,2019-11-08 08:35:00 EST,40.73434,-73.81586,179,33.9,,25.4,60.5,21.7,0.000,0.000,0.00,0.000,11.0,19.0,3.5,313,19,11.6,21.2,3.6,302,21,11.6,21.2,3.6,302,21,137,29.94,-0.0,,,,,,,,,
QUEE,2019-11-08 08:40:00 EST,40.73434,-73.81586,179,34.1,,25.6,60.7,21.9,0.000,0.000,0.00,0.000,10.9,20.5,3.4,318,21,11.7,20.4,3.5,306,19,11.7,20.4,3.5,306,19,161,29.94,-0.1,,,,,,,,,
QUEE,2019-11-08 08:45:00 EST,40.73434,-73.81586,179,34.0,,23.7,60.8,21.9,0.000,0.000,0.00,0.000,15.6,26.6,4.4,309,17,16.3,31.4,4.4,300,16,16.3,31.4,4.4,300,16,164,29.94,-0.1,,,,,,,,,
QUEE,2019-11-08 08:50:00 EST,40.73434,-73.81586,179,34.0,,24.2,60.5,21.8,0.000,0.000,0.00,0.000,13.9,25.1,4.8,318,23,14.8,24.9,4.9,310,16,14.8,24.9,4.9,310,16,249,29.94,-0.1,,,,,,,,,
QUEE,2019-11-08 08:55:00 EST,40.73434,-73.81586,179,34.0,,23.2,60.4,21.8,0.000,0.000,0.00,0.000,17.7,26.1,4.8,306,14,18.2,26.8,4.7,297,12,18.2,26.8,4.7,297,12,145,29.93,-0.1,,,,,,,,,
QUEE,2019-11-08 09:00:00 EST,40.73434,-73.81586,179,34.2,,23.7,60.1,21.8,0.000,0.000,0.00,0.000,16.2,25.1,4.0,312,16,16.8,27.0,4.0,303,15,16.8,27.0,4.0,303,15,224,29.93,-0.1,,,,,,,,,
QUEE,2019-11-08 09:05:00 EST,40.73434,-73.81586,179,34.3,,22.8,58.7,21.3,0.000,0.000,0.00,0.000,20.4,27.8,3.9,307,13,20.6,29.7,4.4,298,12,20.6,29.7,4.4,298,12,162,29.93,-0.1,,,,,,,,,
QUEE,2019-11-08 09:10:00 EST,40.73434,-73.81586,179,34.6,,24.2,58.1,21.4,0.000,0.000,0.00,0.000,16.4,27.1,5.4,310,17,17.2,28.9,5.0,299,14,17.2,28.9,5.0,299,14,228,29.94,-0.1,,,,,,,,,
QUEE,2019-11-08 09:15:00 EST,40.73434,-73.81586,179,34.5,,24.0,57.6,21.1,0.000,0.000,0.00,0.000,16.9,26.2,4.2,312,20,17.5,28.4,4.4,303,17,17.5,28.4,4.4,303,17,181,29.94,-0.1,,,,,,,,,
QUEE,2019-11-08 09:20:00 EST,40.73434,-73.81586,179,34.8,,25.9,57.1,21.2,0.000,0.000,0.00,0.000,12.5,23.4,4.7,324,18,13.2,25.0,4.4,315,19,13.2,25.0,4.4,315,19,144,29.94,-0.1,,,,,,,,,
QUEE,2019-11-08 09:25:00 EST,40.73434,-73.81586,179,34.8,,25.2,56.5,20.9,0.000,0.000,0.00,0.000,14.1,21.3,4.1,317,22,15.0,23.8,4.4,306,19,15.0,23.8,4.4,306,19,354,29.94,-0.1,,,,,,,,,
QUEE,2019-11-08 09:30:00 EST,40.73434,-73.81586,179,34.9,,23.8,54.3,20.0,0.000,0.000,0.00,0.000,19.6,30.5,4.6,327,17,19.9,31.7,4.9,318,17,19.9,31.7,4.9,318,17,398,29.94,-0.0,,,,,,,,,
QUEE,2019-11-08 09:35:00 EST,40.73434,-73.81586,179,35.2,,25.5,54.2,20.3,0.000,0.000,0.00,0.000,15.5,24.3,4.6,332,24,15.6,23.8,4.5,322,16,15.6,23.8,4.5,322,16,453,29.94,-0.1,,,,,,,,,
QUEE,2019-11-08 09:40:00 EST,40.73434,-73.81586,179,35.6,,25.5,53.9,20.5,0.000,0.000,0.00,0.000,17.0,28.9,5.8,335,15,17.3,28.8,5.9,327,15,17.3,28.8,5.9,327,15,374,29.94,-0.2,,,,,,,,,
QUEE,2019-11-08 09:45:00 EST,40.73434,-73.81586,179,35.7,,26.4,53.0,20.2,0.000,0.000,0.00,0.000,14.7,26.5,4.7,342,26,14.7,25.5,4.8,335,15,14.7,25.5,4.8,335,15,214,29.94,-0.0,,,,,,,,,
QUEE,2019-11-08 09:50:00 EST,40.73434,-73.81586,179,35.7,,25.8,51.8,19.7,0.000,0.000,0.00,0.000,16.1,25.5,4.4,335,21,16.5,27.0,4.4,328,21,16.5,27.0,4.4,328,21,245,29.94,-0.0,,,,,,,,,
QUEE,2019-11-08 09:55:00 EST,40.73434,-73.81586,179,36.1,,26.6,50.2,19.3,0.000,0.000,0.00,0.000,14.9,25.2,4.2,335,20,15.6,27.2,4.1,325,21,15.6,27.2,4.1,325,21,370,29.94,-0.1,,,,,,,,,
QUEE,2019-11-08 10:00:00 EST,40.73434,-73.81586,179,35.9,,26.3,49.8,19.0,0.000,0.000,0.00,0.000,15.3,25.9,4.8,331,22,15.7,28.1,4.7,321,20,15.7,28.1,4.7,321,20,307,29.94,-0.1,,,,,,,,,
QUEE,2019-11-08 10:05:00 EST,40.73434,-73.81586,179,36.2,,26.3,49.7,19.2,0.000,0.000,0.00,0.000,15.9,29.6,5.9,324,24,16.8,31.2,5.9,317,20,16.8,31.2,5.9,317,20,282,29.94,-0.2,,,,,,,,,
QUEE,2019-11-08 10:10:00 EST,40.73434,-73.81586,179,35.6,,24.6,48.2,17.9,0.000,0.000,0.00,0.000,20.5,30.0,5.4,334,17,20.7,32.0,5.5,327,16,20.7,32.0,5.5,327,16,174,29.95,-0.0,,,,,,,,,
QUEE,2019-11-08 10:15:00 EST,40.73434,-73.81586,179,35.5,,25.4,47.8,17.6,0.000,0.000,0.00,0.000,16.8,27.5,4.4,329,20,17.2,30.2,4.6,320,16,17.2,30.2,4.6,320,16,178,29.95,-0.1,,,,,,,,,
QUEE,2019-11-08 10:20:00 EST,40.73434,-73.81586,179,36.1,,26.1,47.4,18.0,0.000,0.000,0.00,0.000,17.0,25.6,3.4,306,22,17.4,25.2,3.6,298,19,17.4,25.2,3.6,298,19,552,29.94,-0.0,,,,,,,,,
QUEE,2019-11-08 10:25:00 EST,40.73434,-73.81586,179,36.8,,26.0,43.9,16.8,0.000,0.000,0.00,0.000,20.4,34.7,5.8,299,17,20.9,35.6,6.1,291,14,20.9,35.6,6.1,291,14,566,29.94,-0.1,,,,,,,,,
QUEE,2019-11-08 10:30:00 EST,40.73434,-73.81586,179,36.8,,26.3,43.8,16.8,0.000,0.000,0.00,0.000,19.6,26.5,4.2,313,17,19.8,31.1,4.9,305,17,19.8,31.1,4.9,305,17,453,29.95,-0.2,,,,,,,,,
QUEE,2019-11-08 10:35:00 EST,40.73434,-73.81586,179,36.8,,27.0,44.8,17.3,0.000,0.000,0.00,0.000,16.8,28.7,4.7,333,22,17.2,28.7,5.2,325,20,17.2,28.7,5.2,325,20,371,29.95,0.0,,,,,,,,,
QUEE,2019-11-08 10:40:00 EST,40.73434,-73.81586,179,36.4,,27.2,45.1,17.1,0.000,0.000,0.00,0.000,14.9,27.0,4.9,331,19,15.2,28.1,4.8,322,19,15.2,28.1,4.8,322,19,237,29.95,-0.0,,,,,,,,,
QUEE,2019-11-08 10:45:00 EST,40.73434,-73.81586,179,36.9,,27.6,43.9,16.9,0.000,0.000,0.00,0.000,15.2,29.3,5.1,317,23,15.6,29.2,5.1,309,21,15.6,29.2,5.1,309,21,454,29.94,-0.1,,,,,,,,,
QUEE,2019-11-08 10:50:00 EST,40.73434,-73.81586,179,36.9,,26.4,41.9,15.9,0.000,0.000,0.00,0.000,19.6,30.9,5.1,307,15,20.1,36.1,5.0,298,13,20.1,36.1,5.0,298,13,534,29.94,-0.1,,,,,,,,,
QUEE,2019-11-08 10:55:00 EST,40.73434,-73.81586,179,37.1,,26.5,40.0,15.0,0.000,0.000,0.00,0.000,20.3,33.0,4.8,303,16,20.7,33.3,4.9,295,14,20.7,33.3,4.9,295,14,630,29.94,-0.1,,,,,,,,,
QUEE,2019-11-08 11:00:00 EST,40.73434,-73.81586,179,37.3,,26.6,39.2,14.6,0.000,0.000,0.00,0.000,20.6,31.3,4.6,316,24,21.2,37.6,4.6,308,24,21.2,37.6,4.6,308,24,612,29.94,-0.1,,,,,,,,,
QUEE,2019-11-08 11:05:00 EST,40.73434,-73.81586,179,37.4,,27.1,38.3,14.3,0.000,0.000,0.00,0.000,20.0,32.5,5.3,329,18,20.0,32.6,5.0,320,18,20.0,32.6,5.0,320,18,526,29.95,-0.1,,,,,,,,,
QUEE,2019-11-08 11:10:00 EST,40.73434,-73.81586,179,37.3,,26.9,36.7,13.2,0.000,0.000,0.00,0.000,19.7,33.5,6.3,331,23,20.1,36.4,6.2,322,23,20.1,36.4,6.2,322,23,543,29.94,-0.1,,,,,,,,,
QUEE,2019-11-08 11:15:00 EST,40.73434,-73.81586,179,37.6,,27.2,36.9,13.6,0.000,0.000,0.00,0.000,20.3,34.3,4.8,314,16,20.5,33.3,4.9,304,15,20.5,33.3,4.9,304,15,546,29.94,-0.2,,,,,,,,,
QUEE,2019-11-08 11:20:00 EST,40.73434,-73.81586,179,37.3,,27.2,37.3,13.5,0.000,0.000,0.00,0.000,18.5,30.3,5.2,317,19,19.1,32.5,5.2,309,17,19.1,32.5,5.2,309,17,543,29.94,-0.1,,,,,,,,,
QUEE,2019-11-08 11:25:00 EST,40.73434,-73.81586,179,37.2,,26.6,38.4,14.1,0.000,0.000,0.00,0.000,20.0,32.4,5.0,310,16,20.6,32.9,5.1,300,16,20.6,32.9,5.1,300,16,535,29.94,-0.2,,,,,,,,,
QUEE,2019-11-08 11:30:00 EST,40.73434,-73.81586,179,37.3,,27.4,39.2,14.7,0.000,0.000,0.00,0.000,17.8,27.8,5.1,317,22,18.2,29.5,5.0,307,22,18.2,29.5,5.0,307,22,563,29.94,-0.2,,,,,,,,,
QUEE,2019-11-08 11:35:00 EST,40.73434,-73.81586,179,37.7,,28.4,38.7,14.8,0.000,0.000,0.00,0.000,15.8,25.4,5.2,307,18,16.6,27.4,5.3,299,13,16.6,27.4,5.3,299,13,592,29.94,0.0,,,,,,,,,
QUEE,2019-11-08 11:40:00 EST,40.73434,-73.81586,179,37.9,,28.0,38.7,15.0,0.000,0.000,0.00,0.000,18.4,28.5,5.0,314,18,19.1,29.4,4.9,305,18,19.1,29.4,4.9,305,18,512,29.94,-0.1,,,,,,,,,
QUEE,2019-11-08 11:45:00 EST,40.73434,-73.81586,179,37.0,,27.2,39.8,14.8,0.000,0.000,0.00,0.000,17.5,26.6,4.2,342,21,17.6,28.1,4.4,334,12,17.6,28.1,4.4,334,12,329,29.94,-0.0,,,,,,,,,
QUEE,2019-11-08 11:50:00 EST,40.73434,-73.81586,179,37.4,,28.9,40.5,15.5,0.000,0.000,0.00,0.000,12.8,25.9,4.9,330,22,13.8,28.0,4.7,319,19,13.8,28.0,4.7,319,19,269,29.94,-0.1,,,,,,,,,
QUEE,2019-11-08 11:55:00 EST,40.73434,-73.81586,179,36.8,,26.7,39.8,14.6,0.000,0.000,0.00,0.000,17.9,29.2,5.0,331,20,18.3,29.9,4.9,321,18,18.3,29.9,4.9,321,18,171,29.94,-0.1,,,,,,,,,
QUEE,2019-11-08 12:00:00 EST,40.73434,-73.81586,179,36.8,,26.7,39.3,14.3,0.000,0.000,0.00,0.000,18.6,28.4,4.8,339,16,18.7,30.2,5.0,329,15,18.7,30.2,5.0,329,15,417,29.94,-0.1,,,,,,,,,
QUEE,2019-11-08 12:05:00 EST,40.73434,-73.81586,179,36.8,,26.5,38.5,13.8,0.000,0.000,0.00,0.000,18.6,30.6,5.6,331,18,18.9,30.1,5.5,322,16,18.9,30.1,5.5,322,16,108,29.94,-0.1,,,,,,,,,
QUEE,2019-11-08 12:10:00 EST,40.73434,-73.81586,179,36.5,,26.1,36.9,12.6,0.000,0.000,0.00,0.000,19.1,30.0,4.9,325,23,19.3,30.3,5.2,319,23,19.3,30.3,5.2,319,23,182,29.93,-0.1,,,,,,,,,
QUEE,2019-11-08 12:15:00 EST,40.73434,-73.81586,179,36.7,,27.3,37.1,12.9,0.000,0.000,0.00,0.000,15.1,26.5,5.3,317,22,15.9,27.6,5.1,307,18,15.9,27.6,5.1,307,18,366,29.93,-0.1,,,,,,,,,
QUEE,2019-11-08 12:20:00 EST,40.73434,-73.81586,179,37.2,,27.3,35.8,12.6,0.000,0.000,0.00,0.000,17.0,28.3,4.6,302,20,18.0,32.0,4.8,290,13,18.0,32.0,4.8,290,13,299,29.93,-0.2,,,,,,,,,
QUEE,2019-11-08 12:25:00 EST,40.73434,-73.81586,179,36.5,,26.1,35.9,11.9,0.000,0.000,0.00,0.000,18.4,27.2,3.2,309,15,19.0,26.9,3.1,300,12,19.0,26.9,3.1,300,12,397,29.93,-0.1,,,,,,,,,
QUEE,2019-11-08 12:30:00 EST,40.73434,-73.81586,179,36.8,,26.6,37.5,13.2,0.000,0.000,0.00,0.000,17.8,26.4,4.3,306,17,18.6,27.3,4.1,298,14,18.6,27.3,4.1,298,14,562,29.93,-0.0,,,,,,,,,
QUEE,2019-11-08 12:35:00 EST,40.73434,-73.81586,179,37.4,,27.9,38.3,14.2,0.000,0.000,0.00,0.000,16.3,24.3,4.2,313,20,16.9,26.1,4.1,302,18,16.9,26.1,4.1,302,18,588,29.93,-0.0,,,,,,,,,
QUEE,2019-11-08 12:40:00 EST,40.73434,-73.81586,179,37.7,,28.2,37.8,14.3,0.000,0.000,0.00,0.000,16.5,28.2,5.0,309,24,17.2,30.5,4.9,300,19,17.2,30.5,4.9,300,19,524,29.93,-0.1,,,,,,,,,
QUEE,2019-11-08 12:45:00 EST,40.73434,-73.81586,179,38.1,,29.9,37.0,14.1,0.000,0.000,0.00,0.000,12.9,25.6,4.9,326,22,13.6,27.0,5.2,318,21,13.6,27.0,5.2,318,21,288,29.93,-0.2,,,,,,,,,
QUEE,2019-11-08 12:50:00 EST,40.73434,-73.81586,179,37.3,,27.5,36.9,13.3,0.000,0.000,0.00,0.000,17.0,26.1,4.4,322,21,17.6,27.7,4.3,312,20,17.6,27.7,4.3,312,20,384,29.93,-0.0,,,,,,,,,
QUEE,2019-11-08 12:55:00 EST,40.73434,-73.81586,179,37.6,,28.2,36.4,13.3,0.000,0.000,0.00,0.000,16.7,31.5,5.8,331,20,16.9,33.3,6.1,323,19,16.9,33.3,6.1,323,19,540,29.93,-0.1,,,,,,,,,
QUEE,2019-11-08 13:00:00 EST,40.73434,-73.81586,179,37.6,,26.9,35.6,12.8,0.000,0.000,0.00,0.000,21.0,34.9,6.3,317,14,21.5,35.9,6.6,308,11,21.5,35.9,6.6,308,11,387,29.93,-0.1,,,,,,,,,
QUEE,2019-11-08 13:05:00 EST,40.73434,-73.81586,179,37.6,,27.4,35.6,12.8,0.000,0.000,0.00,0.000,19.3,33.8,8.1,335,17,19.7,35.8,7.8,328,16,19.7,35.8,7.8,328,16,361,29.93,-0.1,,,,,,,,,
QUEE,2019-11-08 13:10:00 EST,40.73434,-73.81586,179,37.3,,27.4,36.7,13.2,0.000,0.000,0.00,0.000,17.8,30.1,4.5,326,20,18.3,33.0,4.6,318,19,18.3,33.0,4.6,318,19,501,29.93,-0.0,,,,,,,,,
QUEE,2019-11-08 13:15:00 EST,40.73434,-73.81586,179,37.7,,28.9,37.3,13.9,0.000,0.000,0.00,0.000,14.4,26.2,4.8,331,21,15.0,26.1,4.9,320,22,15.0,26.1,4.9,320,22,527,29.93,-0.1,,,,,,,,,
QUEE,2019-11-08 13:20:00 EST,40.73434,-73.81586,179,37.1,,26.7,37.2,13.3,0.000,0.000,0.00,0.000,19.5,32.6,5.9,340,22,19.6,32.6,5.6,333,14,19.6,32.6,5.6,333,14,521,29.94,-0.0,,,,,,,,,
QUEE,2019-11-08 13:25:00 EST,40.73434,-73.81586,179,37.8,,29.2,37.7,14.3,0.000,0.000,0.00,0.000,13.9,23.5,5.0,343,21,14.4,25.1,5.2,337,18,14.4,25.1,5.2,337,18,524,29.94,0.0,,,,,,,,,
QUEE,2019-11-08 13:30:00 EST,40.73434,-73.81586,179,38.3,,29.3,36.7,14.1,0.000,0.000,0.00,0.000,15.0,26.0,4.9,318,19,15.9,26.3,4.9,308,17,15.9,26.3,4.9,308,17,449,29.94,-0.2,,,,,,,,,
QUEE,2019-11-08 13:35:00 EST,40.73434,-73.81586,179,37.6,,28.3,37.6,14.0,0.000,0.000,0.00,0.000,15.5,24.6,4.3,327,24,16.2,26.2,4.3,319,24,16.2,26.2,4.3,319,24,482,29.94,-0.0,,,,,,,,,
QUEE,2019-11-08 13:40:00 EST,40.73434,-73.81586,179,37.6,,27.2,37.3,13.8,0.000,0.000,0.00,0.000,19.7,30.9,3.9,305,16,20.3,30.8,4.0,298,14,20.3,30.8,4.0,298,14,404,29.94,-0.1,,,,,,,,,
QUEE,2019-11-08 13:45:00 EST,40.73434,-73.81586,179,37.4,,27.6,37.7,13.9,0.000,0.000,0.00,0.000,17.5,27.3,3.9,306,18,18.1,29.9,4.2,296,14,18.1,29.9,4.2,296,14,434,29.94,-0.1,,,,,,,,,
QUEE,2019-11-08 13:50:00 EST,40.73434,-73.81586,179,37.6,,28.2,37.9,14.2,0.000,0.000,0.00,0.000,16.2,28.5,4.3,306,14,16.8,30.8,4.4,297,11,16.8,30.8,4.4,297,11,428,29.94,-0.1,,,,,,,,,
QUEE,2019-11-08 13:55:00 EST,40.73434,-73.81586,179,37.2,,27.2,34.7,11.9,0.000,0.000,0.00,0.000,18.1,29.2,5.2,318,19,18.8,30.5,5.0,309,17,18.8,30.5,5.0,309,17,201,29.94,-0.1,,,,,,,,,
QUEE,2019-11-08 14:00:00 EST,40.73434,-73.81586,179,37.0,,27.3,35.1,11.9,0.000,0.000,0.00,0.000,16.2,27.3,4.9,310,20,16.9,30.4,5.2,299,17,16.9,30.4,5.2,299,17,327,29.95,-0.1,,,,,,,,,
QUEE,2019-11-08 14:05:00 EST,40.73434,-73.81586,179,37.0,,27.3,34.6,11.6,0.000,0.000,0.00,0.000,16.8,25.0,4.9,319,15,17.3,27.3,4.7,308,14,17.3,27.3,4.7,308,14,273,29.95,-0.1,,,,,,,,,
QUEE,2019-11-08 14:10:00 EST,40.73434,-73.81586,179,36.8,,26.5,33.9,11.0,0.000,0.000,0.00,0.000,18.4,27.6,4.4,308,15,19.1,29.3,4.4,298,14,19.1,29.3,4.4,298,14,328,29.95,-0.0,,,,,,,,,
QUEE,2019-11-08 14:15:00 EST,40.73434,-73.81586,179,37.2,,27.6,34.5,11.8,0.000,0.000,0.00,0.000,16.2,27.0,4.0,307,16,17.2,27.8,4.1,297,14,17.2,27.8,4.1,297,14,411,29.95,-0.0,,,,,,,,,
QUEE,2019-11-08 14:20:00 EST,40.73434,-73.81586,179,37.4,,28.0,34.3,11.8,0.000,0.000,0.00,0.000,16.0,27.3,4.9,314,18,16.9,28.0,4.6,303,18,16.9,28.0,4.6,303,18,413,29.95,-0.0,,,,,,,,,
QUEE,2019-11-08 14:25:00 EST,40.73434,-73.81586,179,38.2,,29.6,33.8,12.1,0.000,0.000,0.00,0.000,14.6,22.5,3.1,314,17,14.9,23.1,3.3,304,17,14.9,23.1,3.3,304,17,388,29.95,-0.1,,,,,,,,,
QUEE,2019-11-08 14:30:00 EST,40.73434,-73.81586,179,37.8,,28.3,32.8,11.1,0.000,0.000,0.00,0.000,17.1,27.8,4.3,326,25,17.5,28.8,4.3,317,23,17.5,28.8,4.3,317,23,355,29.95,-0.1,,,,,,,,,
QUEE,2019-11-08 14:35:00 EST,40.73434,-73.81586,179,37.6,,29.1,32.8,10.9,0.000,0.000,0.00,0.000,13.6,22.4,3.8,347,23,13.9,23.8,4.1,339,17,13.9,23.8,4.1,339,17,340,29.95,-0.1,,,,,,,,,
QUEE,2019-11-08 14:40:00 EST,40.73434,-73.81586,179,37.5,,28.8,32.8,10.9,0.000,0.000,0.00,0.000,14.1,23.2,3.7,345,17,14.6,23.8,3.7,339,14,14.6,23.8,3.7,339,14,337,29.96,-0.0,,,,,,,,,
QUEE,2019-11-08 14:45:00 EST,40.73434,-73.81586,179,37.8,,28.3,31.9,10.5,0.000,0.000,0.00,0.000,17.0,24.6,4.3,344,19,17.3,27.0,4.6,334,14,17.3,27.0,4.6,334,14,308,29.96,-0.1,,,,,,,,,
QUEE,2019-11-08 14:50:00 EST,40.73434,-73.81586,179,37.5,,28.5,32.0,10.3,0.000,0.000,0.00,0.000,14.9,24.2,3.6,326,20,15.4,24.8,3.9,320,20,15.4,24.8,3.9,320,20,295,29.96,-0.1,,,,,,,,,
QUEE,2019-11-08 14:55:00 EST,40.73434,-73.81586,179,37.5,,28.0,32.0,10.3,0.000,0.000,0.00,0.000,16.9,25.7,3.6,310,17,17.1,27.2,3.9,300,16,17.1,27.2,3.9,300,16,281,29.96,-0.1,,,,,,,,,
QUEE,2019-11-08 15:00:00 EST,40.73434,-73.81586,179,37.5,,27.9,31.3,9.9,0.000,0.000,0.00,0.000,17.0,25.7,4.3,312,19,17.7,27.4,4.3,301,16,17.7,27.4,4.3,301,16,272,29.96,-0.1,,,,,,,,,
QUEE,2019-11-08 15:05:00 EST,40.73434,-73.81586,179,37.7,,29.1,31.4,10.0,0.000,0.000,0.00,0.000,13.8,23.5,4.2,312,24,14.3,24.4,4.3,302,21,14.3,24.4,4.3,302,21,260,29.96,-0.1,,,,,,,,,
QUEE,2019-11-08 15:10:00 EST,40.73434,-73.81586,179,37.5,,28.2,31.7,10.1,0.000,0.000,0.00,0.000,15.4,23.8,3.6,308,15,16.2,25.1,3.7,297,14,16.2,25.1,3.7,297,14,240,29.96,-0.1,,,,,,,,,
QUEE,2019-11-08 15:15:00 EST,40.73434,-73.81586,179,37.4,,27.9,32.9,10.8,0.000,0.000,0.00,0.000,16.2,26.9,3.8,312,16,17.0,29.0,4.1,301,17,17.0,29.0,4.1,301,17,229,29.96,-0.1,,,,,,,,,
QUEE,2019-11-08 15:20:00 EST,40.73434,-73.81586,179,37.2,,28.0,32.5,10.4,0.000,0.000,0.00,0.000,15.1,26.9,5.3,306,16,15.9,29.0,5.6,297,15,15.9,29.0,5.6,297,15,217,29.96,-0.1,,,,,,,,,
QUEE,2019-11-08 15:25:00 EST,40.73434,-73.81586,179,37.2,,27.7,31.9,10.0,0.000,0.000,0.00,0.000,16.7,25.8,3.8,311,23,17.1,26.4,3.7,303,22,17.1,26.4,3.7,303,22,202,29.96,-0.1,,,,,,,,,
QUEE,2019-11-08 15:30:00 EST,40.73434,-73.81586,179,37.3,,28.2,33.5,11.1,0.000,0.000,0.00,0.000,15.1,24.6,4.2,322,17,15.5,25.2,4.0,312,17,15.5,25.2,4.0,312,17,188,29.97,-0.1,,,,,,,,,
QUEE,2019-11-08 15:35:00 EST,40.73434,-73.81586,179,37.0,,28.5,33.6,11.0,0.000,0.000,0.00,0.000,13.4,22.9,3.9,340,16,13.8,22.7,3.6,334,17,13.8,22.7,3.6,334,17,175,29.97,-0.1,,,,,,,,,
QUEE,2019-11-08 15:40:00 EST,40.73434,-73.81586,179,37.4,,30.1,33.7,11.4,0.000,0.000,0.00,0.000,10.3,17.2,2.5,318,26,10.9,21.2,2.9,308,20,10.9,21.2,2.9,308,20,162,29.97,-0.0,,,,,,,,,
QUEE,2019-11-08 15:45:00 EST,40.73434,-73.81586,179,36.9,,27.1,33.0,10.5,0.000,0.000,0.00,0.000,17.1,27.3,4.5,312,14,17.6,27.7,4.7,302,12,17.6,27.7,4.7,302,12,148,29.97,-0.0,,,,,,,,,
QUEE,2019-11-08 15:50:00 EST,40.73434,-73.81586,179,36.9,,28.4,34.1,11.2,0.000,0.000,0.00,0.000,13.0,26.5,3.4,321,19,13.4,25.9,3.5,312,17,13.4,25.9,3.5,312,17,134,29.97,0.0,,,,,,,,,
QUEE,2019-11-08 15:55:00 EST,40.73434,-73.81586,179,36.6,,26.8,34.3,11.1,0.000,0.000,0.00,0.000,16.9,29.4,4.0,310,17,17.3,28.9,3.9,302,15,17.3,28.9,3.9,302,15,119,29.97,-0.1,,,,,,,,,
QUEE,2019-11-08 16:00:00 EST,40.73434,-73.81586,179,36.7,,28.0,35.0,11.5,0.000,0.000,0.00,0.000,13.0,20.4,3.2,305,19,13.7,20.6,2.9,296,18,13.7,20.6,2.9,296,18,106,29.98,-0.1,,,,,,,,,
QUEE,2019-11-08 16:05:00 EST,40.73434,-73.81586,179,36.7,,27.9,35.6,12.0,0.000,0.000,0.00,0.000,13.6,24.2,4.0,313,20,14.2,25.0,4.0,303,17,14.2,25.0,4.0,303,17,97,29.98,-0.1,,,,,,,,,
QUEE,2019-11-08 16:10:00 EST,40.73434,-73.81586,179,36.5,,27.4,35.7,11.9,0.000,0.000,0.00,0.000,13.9,22.7,4.0,307,16,14.7,24.7,4.2,297,15,14.7,24.7,4.2,297,15,81,29.98,-0.1,,,,,,,,,
QUEE,2019-11-08 16:15:00 EST,40.73434,-73.81586,179,36.5,,26.6,36.3,12.2,0.000,0.000,0.00,0.000,16.7,23.1,3.2,322,17,17.2,25.4,3.5,313,15,17.2,25.4,3.5,313,15,65,29.98,0.0,,,,,,,,,
QUEE,2019-11-08 16:20:00 EST,40.73434,-73.81586,179,36.6,,28.5,36.1,12.2,0.000,0.000,0.00,0.000,11.6,23.0,4.5,346,22,12.0,24.5,4.5,341,19,12.0,24.5,4.5,341,19,50,29.99,-0.1,,,,,,,,,
QUEE,2019-11-08 16:25:00 EST,40.73434,-73.81586,179,36.2,,27.7,35.6,11.5,0.000,0.000,0.00,0.000,12.5,21.5,3.7,336,15,12.9,21.8,3.8,330,15,12.9,21.8,3.8,330,15,38,29.99,0.1,,,,,,,,,
QUEE,2019-11-08 16:30:00 EST,40.73434,-73.81586,179,36.3,,27.9,35.4,11.5,0.000,0.000,0.00,0.000,12.3,20.8,4.0,337,21,12.7,21.6,4.1,328,18,12.7,21.6,4.1,328,18,27,29.99,-0.1,,,,,,,,,
QUEE,2019-11-08 16:35:00 EST,40.73434,-73.81586,179,35.9,,25.4,35.3,11.1,0.000,0.000,0.00,0.000,18.6,27.7,4.7,343,16,18.8,28.3,4.8,334,13,18.8,28.3,4.8,334,13,19,30.00,-0.1,,,,,,,,,
QUEE,2019-11-08 16:40:00 EST,40.73434,-73.81586,179,35.7,,26.2,36.3,11.6,0.000,0.000,0.00,0.000,15.2,23.5,4.2,342,24,15.5,25.6,4.3,334,13,15.5,25.6,4.3,334,13,13,30.00,-0.0,,,,,,,,,
QUEE,2019-11-08 16:45:00 EST,40.73434,-73.81586,179,35.8,,27.4,37.7,12.5,0.000,0.000,0.00,0.000,12.0,21.8,4.4,338,24,12.4,21.0,4.2,327,23,12.4,21.0,4.2,327,23,7,30.00,-0.1,,,,,,,,,
QUEE,2019-11-08 16:50:00 EST,40.73434,-73.81586,179,35.7,,28.0,38.0,12.6,0.000,0.000,0.00,0.000,10.2,20.7,3.8,327,23,10.8,20.9,3.5,318,25,10.8,20.9,3.5,318,25,4,30.00,-0.1,,,,,,,,,
QUEE,2019-11-08 16:55:00 EST,40.73434,-73.81586,179,35.8,,28.5,38.7,13.1,0.000,0.000,0.00,0.000,9.8,19.1,3.4,326,18,9.9,20.0,3.5,320,19,9.9,20.0,3.5,320,19,2,30.00,-0.1,,,,,,,,,
QUEE,2019-11-08 17:00:00 EST,40.73434,-73.81586,179,35.6,,26.7,38.4,12.7,0.000,0.000,0.00,0.000,12.7,20.0,3.6,317,19,13.5,20.7,3.6,309,20,13.5,20.7,3.6,309,20,1,30.01,-0.1,,,,,,,,,
QUEE,2019-11-08 17:05:00 EST,40.73434,-73.81586,179,35.4,,26.0,38.0,12.3,0.000,0.000,0.00,0.000,14.0,26.4,4.6,309,17,14.7,27.6,4.7,299,15,14.7,27.6,4.7,299,15,0,30.01,-0.1,,,,,,,,,
QUEE,2019-11-08 17:10:00 EST,40.73434,-73.81586,179,35.1,,25.7,37.9,12.0,0.000,0.000,0.00,0.000,14.3,23.4,3.5,303,13,14.7,25.3,3.9,294,12,14.7,25.3,3.9,294,12,0,30.01,-0.1,,,,,,,,,
QUEE,2019-11-08 17:15:00 EST,40.73434,-73.81586,179,35.2,,26.7,38.6,12.5,0.000,0.000,0.00,0.000,11.5,22.9,4.1,320,23,12.1,23.7,4.0,312,23,12.1,23.7,4.0,312,23,0,30.02,-0.1,,,,,,,,,
QUEE,2019-11-08 17:20:00 EST,40.73434,-73.81586,179,35.3,,26.1,36.6,11.3,0.000,0.000,0.00,0.000,13.9,20.3,2.9,340,18,14.2,20.6,3.1,334,16,14.2,20.6,3.1,334,16,0,30.02,-0.1,,,,,,,,,
QUEE,2019-11-08 17:25:00 EST,40.73434,-73.81586,179,35.1,,25.4,35.8,10.6,0.000,0.000,0.00,0.000,15.1,23.9,4.2,336,15,15.3,25.0,4.3,328,14,15.3,25.0,4.3,328,14,0,30.03,-0.1,,,,,,,,,
QUEE,2019-11-08 17:30:00 EST,40.73434,-73.81586,179,35.0,,25.7,37.2,11.4,0.000,0.000,0.00,0.000,13.7,22.7,3.3,318,25,14.3,24.0,3.5,311,18,14.3,24.0,3.5,311,18,0,30.03,-0.1,,,,,,,,,
QUEE,2019-11-08 17:35:00 EST,40.73434,-73.81586,179,34.9,,26.0,37.5,11.5,0.000,0.000,0.00,0.000,12.7,18.3,2.7,324,18,13.0,18.2,2.7,317,17,13.0,18.2,2.7,317,17,0,30.03,-0.1,,,,,,,,,
QUEE,2019-11-08 17:40:00 EST,40.73434,-73.81586,179,34.9,,26.2,37.7,11.6,0.000,0.000,0.00,0.000,12.0,24.0,4.4,336,21,12.4,26.5,4.5,326,21,12.4,26.5,4.5,326,21,0,30.03,-0.0,,,,,,,,,
QUEE,2019-11-08 17:45:00 EST,40.73434,-73.81586,179,34.7,,24.9,37.6,11.4,0.000,0.000,0.00,0.000,15.4,25.7,3.8,342,17,15.6,25.7,3.9,335,16,15.6,25.7,3.9,335,16,0,30.04,-0.1,,,,,,,,,
QUEE,2019-11-08 17:50:00 EST,40.73434,-73.81586,179,34.5,,24.4,36.8,10.8,0.000,0.000,0.00,0.000,15.5,26.9,6.0,330,19,16.1,28.2,5.8,321,18,16.1,28.2,5.8,321,18,0,30.04,-0.0,,,,,,,,,
QUEE,2019-11-08 17:55:00 EST,40.73434,-73.81586,179,34.4,,25.3,37.7,11.2,0.000,0.000,0.00,0.000,12.9,23.7,4.1,345,21,13.4,23.5,4.1,336,20,13.4,23.5,4.1,336,20,0,30.04,-0.0,,,,,,,,,
QUEE,2019-11-08 18:00:00 EST,40.73434,-73.81586,179,34.3,,24.0,38.3,11.5,0.000,0.000,0.00,0.000,16.3,25.4,3.7,346,18,16.8,25.9,3.8,340,11,16.8,25.9,3.8,340,11,0,30.05,-0.0,,,,,,,,,
QUEE,2019-11-08 18:05:00 EST,40.73434,-73.81586,179,34.3,,25.4,39.0,11.9,0.000,0.000,0.00,0.000,12.3,19.8,3.3,349,22,12.7,22.0,3.6,344,19,12.7,22.0,3.6,344,19,0,30.05,-0.1,,,,,,,,,
QUEE,2019-11-08 18:10:00 EST,40.73434,-73.81586,179,34.3,,26.0,39.8,12.3,0.000,0.000,0.00,0.000,10.6,19.5,3.4,354,18,11.0,20.2,3.4,346,16,11.0,20.2,3.4,346,16,0,30.05,-0.1,,,,,,,,,
QUEE,2019-11-08 18:15:00 EST,40.73434,-73.81586,179,34.2,,25.9,40.3,12.5,0.000,0.000,0.00,0.000,10.8,17.8,3.1,349,20,11.2,18.6,3.2,341,18,11.2,18.6,3.2,341,18,0,30.05,-0.1,,,,,,,,,
QUEE,2019-11-08 18:20:00 EST,40.73434,-73.81586,179,34.1,,25.1,40.4,12.5,0.000,0.000,0.00,0.000,12.4,20.9,3.9,342,18,12.7,21.6,4.0,335,16,12.7,21.6,4.0,335,16,0,30.06,-0.1,,,,,,,,,
QUEE,2019-11-08 18:25:00 EST,40.73434,-73.81586,179,34.0,,24.4,40.5,12.5,0.000,0.000,0.00,0.000,14.2,21.0,3.1,344,17,14.5,21.4,3.4,336,15,14.5,21.4,3.4,336,15,0,30.06,-0.1,,,,,,,,,
QUEE,2019-11-08 18:30:00 EST,40.73434,-73.81586,179,33.9,,24.1,41.3,12.9,0.000,0.000,0.00,0.000,14.9,24.0,4.4,324,15,15.0,24.0,4.3,315,14,15.0,24.0,4.3,315,14,0,30.06,-0.1,,,,,,,,,
QUEE,2019-11-08 18:35:00 EST,40.73434,-73.81586,179,33.8,,24.3,41.6,12.9,0.000,0.000,0.00,0.000,13.6,20.2,3.1,329,18,14.1,22.3,3.0,321,16,14.1,22.3,3.0,321,16,0,30.06,-0.1,,,,,,,,,
QUEE,2019-11-08 18:40:00 EST,40.73434,-73.81586,179,33.9,,24.8,42.0,13.2,0.000,0.000,0.00,0.000,12.6,25.1,3.7,333,18,12.9,25.9,3.6,325,16,12.9,25.9,3.6,325,16,0,30.06,-0.1,,,,,,,,,
QUEE,2019-11-08 18:45:00 EST,40.73434,-73.81586,179,33.7,,24.0,41.7,12.9,0.000,0.000,0.00,0.000,14.3,25.2,3.5,326,22,14.6,27.3,3.7,318,19,14.6,27.3,3.7,318,19,0,30.06,-0.1,,,,,,,,,
QUEE,2019-11-08 18:50:00 EST,40.73434,-73.81586,179,33.6,,23.0,42.1,13.0,0.000,0.000,0.00,0.000,16.5,25.8,4.0,332,21,16.8,25.4,4.0,325,19,16.8,25.4,4.0,325,19,0,30.07,-0.1,,,,,,,,,
QUEE,2019-11-08 18:55:00 EST,40.73434,-73.81586,179,33.4,,23.3,42.2,12.9,0.000,0.000,0.00,0.000,14.5,19.3,2.9,315,14,15.2,21.3,3.2,307,14,15.2,21.3,3.2,307,14,0,30.07,-0.1,,,,,,,,,
QUEE,2019-11-08 19:00:00 EST,40.73434,-73.81586,179,33.3,,22.5,42.4,12.9,0.000,0.000,0.00,0.000,17.1,27.0,4.5,339,21,17.3,30.5,4.7,332,18,17.3,30.5,4.7,332,18,0,30.07,-0.1,,,,,,,,,
QUEE,2019-11-08 19:05:00 EST,40.73434,-73.81586,179,33.3,,22.6,42.3,12.8,0.000,0.000,0.00,0.000,16.7,24.1,3.9,345,16,17.0,26.0,4.0,338,13,17.0,26.0,4.0,338,13,0,30.07,-0.1,,,,,,,,,
QUEE,2019-11-08 19:10:00 EST,40.73434,-73.81586,179,33.4,,25.0,43.4,13.5,0.000,0.000,0.00,0.000,10.3,18.9,3.4,337,25,10.9,19.8,3.6,328,21,10.9,19.8,3.6,328,21,0,30.07,0.1,,,,,,,,,
QUEE,2019-11-08 19:15:00 EST,40.73434,-73.81586,179,33.3,,23.8,44.1,13.8,0.000,0.000,0.00,0.000,12.9,22.3,4.2,329,20,13.3,22.3,4.1,321,20,13.3,22.3,4.1,321,20,0,30.07,-0.1,,,,,,,,,
QUEE,2019-11-08 19:20:00 EST,40.73434,-73.81586,179,33.0,,22.3,43.7,13.3,0.000,0.000,0.00,0.000,15.9,26.5,4.1,309,18,16.7,28.4,4.1,299,17,16.7,28.4,4.1,299,17,0,30.07,-0.1,,,,,,,,,
QUEE,2019-11-08 19:25:00 EST,40.73434,-73.81586,179,33.0,,24.0,44.4,13.6,0.000,0.000,0.00,0.000,11.5,23.4,4.4,333,18,12.0,25.0,4.5,325,19,12.0,25.0,4.5,325,19,0,30.08,-0.1,,,,,,,,,
QUEE,2019-11-08 19:30:00 EST,40.73434,-73.81586,179,32.9,,23.0,44.1,13.4,0.000,0.000,0.00,0.000,13.7,21.1,3.9,333,22,14.2,22.2,3.9,325,20,14.2,22.2,3.9,325,20,0,30.08,-0.1,,,,,,,,,
QUEE,2019-11-08 19:35:00 EST,40.73434,-73.81586,179,32.9,,24.0,44.7,13.7,0.000,0.000,0.00,0.000,11.6,16.7,2.8,328,20,11.8,17.3,2.8,319,14,11.8,17.3,2.8,319,14,0,30.08,-0.1,,,,,,,,,
QUEE,2019-11-08 19:40:00 EST,40.73434,-73.81586,179,32.9,,23.1,45.0,13.8,0.000,0.000,0.00,0.000,13.5,25.9,4.1,318,15,13.9,25.6,4.2,309,15,13.9,25.6,4.2,309,15,0,30.08,-0.1,,,,,,,,,
QUEE,2019-11-08 19:45:00 EST,40.73434,-73.81586,179,32.7,,22.4,44.8,13.5,0.000,0.000,0.00,0.000,14.7,26.1,3.5,325,18,15.1,25.1,3.4,316,18,15.1,25.1,3.4,316,18,0,30.08,-0.1,,,,,,,,,
QUEE,2019-11-08 19:50:00 EST,40.73434,-73.81586,179,32.6,,23.5,45.6,13.9,0.000,0.000,0.00,0.000,11.4,21.3,3.9,322,22,12.0,22.9,4.1,312,20,12.0,22.9,4.1,312,20,0,30.08,-0.1,,,,,,,,,
QUEE,2019-11-08 19:55:00 EST,40.73434,-73.81586,179,32.6,,22.6,45.6,13.9,0.000,0.000,0.00,0.000,13.9,24.5,4.8,337,23,14.2,23.8,4.9,330,19,14.2,23.8,4.9,330,19,0,30.09,-0.1,,,,,,,,,
QUEE,2019-11-08 20:00:00 EST,40.73434,-73.81586,179,32.3,,21.0,45.5,13.6,0.000,0.000,0.00,0.000,17.8,25.8,5.0,332,16,17.9,27.3,5.1,322,18,17.9,27.3,5.1,322,18,0,30.09,-0.1,,,,,,,,,
QUEE,2019-11-08 20:05:00 EST,40.73434,-73.81586,179,32.3,,22.7,46.0,13.8,0.000,0.000,0.00,0.000,12.9,21.5,3.9,344,18,13.2,23.1,4.2,338,16,13.2,23.1,4.2,338,16,0,30.09,-0.1,,,,,,,,,
QUEE,2019-11-08 20:10:00 EST,40.73434,-73.81586,179,32.2,,21.0,46.3,13.9,0.000,0.000,0.00,0.000,17.4,25.0,4.6,339,17,17.7,26.2,4.6,332,14,17.7,26.2,4.6,332,14,0,30.09,-0.1,,,,,,,,,
QUEE,2019-11-08 20:15:00 EST,40.73434,-73.81586,179,32.2,,21.2,46.3,13.9,0.000,0.000,0.00,0.000,16.5,22.5,2.9,339,16,16.8,23.6,3.2,334,15,16.8,23.6,3.2,334,15,0,30.09,-0.1,,,,,,,,,
QUEE,2019-11-08 20:20:00 EST,40.73434,-73.81586,179,32.1,,22.2,46.8,14.0,0.000,0.000,0.00,0.000,13.3,21.9,3.9,339,28,13.9,22.7,3.9,331,20,13.9,22.7,3.9,331,20,0,30.10,-0.1,,,,,,,,,
QUEE,2019-11-08 20:25:00 EST,40.73434,-73.81586,179,32.0,,21.1,46.1,13.6,0.000,0.000,0.00,0.000,15.9,25.1,4.8,338,14,16.2,27.5,4.9,330,14,16.2,27.5,4.9,330,14,0,30.10,0.0,,,,,,,,,
QUEE,2019-11-08 20:30:00 EST,40.73434,-73.81586,179,32.0,,22.5,46.9,14.0,0.000,0.000,0.00,0.000,11.9,21.7,3.8,331,20,12.6,22.1,3.6,320,18,12.6,22.1,3.6,320,18,0,30.10,-0.1,,,,,,,,,
QUEE,2019-11-08 20:35:00 EST,40.73434,-73.81586,179,31.9,,20.7,46.7,13.8,0.000,0.000,0.00,0.000,16.8,29.1,4.3,341,15,17.2,27.3,4.2,334,13,17.2,27.3,4.2,334,13,0,30.10,-0.0,,,,,,,,,
QUEE,2019-11-08 20:40:00 EST,40.73434,-73.81586,179,31.9,,21.6,46.2,13.5,0.000,0.000,0.00,0.000,13.8,24.0,4.2,331,18,14.5,25.1,4.1,322,17,14.5,25.1,4.1,322,17,0,30.11,-0.1,,,,,,,,,
QUEE,2019-11-08 20:45:00 EST,40.73434,-73.81586,179,31.7,,20.9,46.9,13.8,0.000,0.000,0.00,0.000,15.5,26.1,3.9,329,21,15.9,25.6,3.8,319,20,15.9,25.6,3.8,319,20,0,30.11,-0.1,,,,,,,,,
QUEE,2019-11-08 20:50:00 EST,40.73434,-73.81586,179,31.6,,22.0,46.9,13.6,0.000,0.000,0.00,0.000,12.5,19.0,3.1,343,15,12.8,19.2,3.3,334,16,12.8,19.2,3.3,334,16,0,30.11,-0.1,,,,,,,,,
QUEE,2019-11-08 20:55:00 EST,40.73434,-73.81586,179,31.7,,22.3,47.9,14.1,0.000,0.000,0.00,0.000,11.6,22.2,4.5,325,19,12.2,24.6,4.6,314,19,12.2,24.6,4.6,314,19,0,30.11,-0.1,,,,,,,,,
QUEE,2019-11-08 21:00:00 EST,40.73434,-73.81586,179,31.5,,20.6,47.3,13.7,0.000,0.000,0.00,0.000,15.3,22.1,3.4,319,21,15.9,23.5,3.6,311,17,15.9,23.5,3.6,311,17,0,30.11,-0.1,,,,,,,,,
QUEE,2019-11-08 21:05:00 EST,40.73434,-73.81586,179,31.4,,21.0,47.7,13.8,0.000,0.000,0.00,0.000,14.1,21.9,3.4,325,15,14.6,23.8,3.4,317,15,14.6,23.8,3.4,317,15,0,30.11,0.0,,,,,,,,,
QUEE,2019-11-08 21:10:00 EST,40.73434,-73.81586,179,31.4,,23.2,48.0,14.0,0.000,0.000,0.00,0.000,9.2,18.1,3.8,329,25,9.7,18.6,3.7,323,21,9.7,18.6,3.7,323,21,0,30.11,-0.0,,,,,,,,,
QUEE,2019-11-08 21:15:00 EST,40.73434,-73.81586,179,31.4,,21.9,47.9,13.9,0.000,0.000,0.00,0.000,11.5,19.7,3.5,335,24,12.1,19.9,3.5,326,19,12.1,19.9,3.5,326,19,0,30.12,-0.0,,,,,,,,,
QUEE,2019-11-08 21:20:00 EST,40.73434,-73.81586,179,31.1,,21.1,47.4,13.4,0.000,0.000,0.00,0.000,12.8,22.0,3.8,324,21,13.5,21.9,3.9,316,20,13.5,21.9,3.9,316,20,0,30.12,0.1,,,,,,,,,
QUEE,2019-11-08 21:25:00 EST,40.73434,-73.81586,179,31.0,,21.1,47.2,13.2,0.000,0.000,0.00,0.000,12.7,22.4,3.7,328,17,13.2,22.8,3.6,318,18,13.2,22.8,3.6,318,18,0,30.12,-0.1,,,,,,,,,
QUEE,2019-11-08 21:30:00 EST,40.73434,-73.81586,179,31.0,,22.0,47.6,13.4,0.000,0.000,0.00,0.000,10.7,19.1,3.7,328,24,11.1,20.1,3.9,318,22,11.1,20.1,3.9,318,22,0,30.12,-0.1,,,,,,,,,
QUEE,2019-11-08 21:35:00 EST,40.73434,-73.81586,179,31.0,,21.5,47.8,13.5,0.000,0.000,0.00,0.000,11.7,22.7,3.6,345,17,12.1,24.9,3.7,337,14,12.1,24.9,3.7,337,14,0,30.12,-0.0,,,,,,,,,
QUEE,2019-11-08 21:40:00 EST,40.73434,-73.81586,179,30.9,,19.9,46.9,12.9,0.000,0.000,0.00,0.000,15.1,24.5,3.5,348,19,15.6,25.8,3.6,341,11,15.6,25.8,3.6,341,11,0,30.12,-0.1,,,,,,,,,
QUEE,2019-11-08 21:45:00 EST,40.73434,-73.81586,179,30.8,,20.6,47.4,13.2,0.000,0.000,0.00,0.000,13.5,21.2,3.9,348,24,13.8,22.3,4.0,343,15,13.8,22.3,4.0,343,15,0,30.13,-0.0,,,,,,,,,
QUEE,2019-11-08 21:50:00 EST,40.73434,-73.81586,179,30.7,,20.1,47.7,13.2,0.000,0.000,0.00,0.000,14.1,21.0,3.8,345,15,14.7,22.2,3.9,339,11,14.7,22.2,3.9,339,11,0,30.13,-0.0,,,,,,,,,
QUEE,2019-11-08 21:55:00 EST,40.73434,-73.81586,179,30.8,,22.2,48.6,13.7,0.000,0.000,0.00,0.000,9.5,15.7,3.3,343,24,10.0,16.6,3.2,334,18,10.0,16.6,3.2,334,18,0,30.13,-0.1,,,,,,,,,
QUEE,2019-11-08 22:00:00 EST,40.73434,-73.81586,179,30.7,,21.2,48.6,13.7,0.000,0.000,0.00,0.000,11.5,20.8,4.5,352,16,12.1,21.7,4.6,346,15,12.1,21.7,4.6,346,15,0,30.13,-0.1,,,,,,,,,
QUEE,2019-11-08 22:05:00 EST,40.73434,-73.81586,179,30.7,,22.3,49.0,13.8,0.000,0.000,0.00,0.000,9.4,14.8,2.4,345,20,9.8,15.7,2.5,336,13,9.8,15.7,2.5,336,13,0,30.13,-0.1,,,,,,,,,
QUEE,2019-11-08 22:10:00 EST,40.73434,-73.81586,179,30.6,,21.1,49.2,13.8,0.000,0.000,0.00,0.000,11.2,17.8,3.1,348,15,11.8,17.2,3.0,339,15,11.8,17.2,3.0,339,15,0,30.13,-0.1,,,,,,,,,
QUEE,2019-11-08 22:15:00 EST,40.73434,-73.81586,179,30.7,,23.7,49.3,13.9,0.000,0.000,0.00,0.000,7.1,13.5,2.9,341,21,7.4,14.8,2.9,335,22,7.4,14.8,2.9,335,22,0,30.13,-0.2,,,,,,,,,
QUEE,2019-11-08 22:20:00 EST,40.73434,-73.81586,179,30.7,,22.3,49.8,14.1,0.000,0.000,0.00,0.000,9.2,16.7,4.4,342,18,9.5,17.3,4.4,333,16,9.5,17.3,4.4,333,16,0,30.14,-0.1,,,,,,,,,
QUEE,2019-11-08 22:25:00 EST,40.73434,-73.81586,179,30.7,,23.8,50.3,14.4,0.000,0.000,0.00,0.000,6.7,11.8,2.3,336,20,7.1,13.3,2.4,328,18,7.1,13.3,2.4,328,18,0,30.14,-0.0,,,,,,,,,
QUEE,2019-11-08 22:30:00 EST,40.73434,-73.81586,179,30.5,,21.0,50.4,14.2,0.000,0.000,0.00,0.000,11.4,18.9,3.3,325,24,11.8,19.4,3.3,315,21,11.8,19.4,3.3,315,21,0,30.14,0.0,,,,,,,,,
QUEE,2019-11-08 22:35:00 EST,40.73434,-73.81586,179,30.5,,21.5,50.4,14.2,0.000,0.000,0.00,0.000,10.2,16.1,2.7,338,18,10.7,19.3,2.8,330,18,10.7,19.3,2.8,330,18,0,30.14,-0.1,,,,,,,,,
QUEE,2019-11-08 22:40:00 EST,40.73434,-73.81586,179,30.4,,21.2,50.7,14.3,0.000,0.000,0.00,0.000,10.6,18.0,2.9,348,23,11.1,20.3,3.2,341,21,11.1,20.3,3.2,341,21,0,30.14,-0.1,,,,,,,,,
QUEE,2019-11-08 22:45:00 EST,40.73434,-73.81586,179,30.3,,20.6,50.5,14.1,0.000,0.000,0.00,0.000,11.8,17.7,2.6,341,18,12.1,17.4,2.6,334,15,12.1,17.4,2.6,334,15,0,30.14,-0.1,,,,,,,,,
QUEE,2019-11-08 22:50:00 EST,40.73434,-73.81586,179,30.3,,20.9,50.4,14.0,0.000,0.000,0.00,0.000,10.7,16.5,2.7,341,20,11.3,17.4,2.9,335,15,11.3,17.4,2.9,335,15,0,30.14,-0.0,,,,,,,,,
QUEE,2019-11-08 22:55:00 EST,40.73434,-73.81586,179,30.1,,20.9,50.7,14.0,0.000,0.000,0.00,0.000,10.7,19.6,3.5,335,19,11.1,19.7,3.4,324,16,11.1,19.7,3.4,324,16,0,30.14,-0.1,,,,,,,,,
QUEE,2019-11-08 23:00:00 EST,40.73434,-73.81586,179,30.0,,20.9,51.0,14.1,0.000,0.000,0.00,0.000,10.6,16.5,2.9,332,13,10.7,16.4,2.8,326,14,10.7,16.4,2.8,326,14,0,30.14,-0.1,,,,,,,,,
QUEE,2019-11-08 23:05:00 EST,40.73434,-73.81586,179,30.0,,20.9,51.4,14.2,0.000,0.000,0.00,0.000,10.3,18.0,3.0,333,17,10.7,20.4,3.1,326,18,10.7,20.4,3.1,326,18,0,30.14,-0.1,,,,,,,,,
QUEE,2019-11-08 23:10:00 EST,40.73434,-73.81586,179,30.0,,21.8,51.2,14.2,0.000,0.000,0.00,0.000,8.8,15.5,2.8,333,24,9.1,15.5,2.8,326,16,9.1,15.5,2.8,326,16,0,30.14,-0.0,,,,,,,,,
QUEE,2019-11-08 23:15:00 EST,40.73434,-73.81586,179,30.0,,22.1,51.4,14.3,0.000,0.000,0.00,0.000,8.5,17.2,3.3,348,18,8.6,18.0,3.5,341,17,8.6,18.0,3.5,341,17,0,30.14,-0.0,,,,,,,,,
QUEE,2019-11-08 23:20:00 EST,40.73434,-73.81586,179,29.9,,21.9,51.2,14.1,0.000,0.000,0.00,0.000,8.6,15.8,2.3,340,18,8.8,16.4,2.3,335,17,8.8,16.4,2.3,335,17,0,30.15,0.0,,,,,,,,,
QUEE,2019-11-08 23:25:00 EST,40.73434,-73.81586,179,29.9,,21.1,51.1,14.0,0.000,0.000,0.00,0.000,9.6,15.3,2.4,338,18,10.1,16.6,2.5,331,16,10.1,16.6,2.5,331,16,0,30.14,-0.1,,,,,,,,,
QUEE,2019-11-08 23:30:00 EST,40.73434,-73.81586,179,29.8,,20.3,51.6,14.2,0.000,0.000,0.00,0.000,11.1,16.9,2.9,341,18,11.5,17.8,3.0,332,17,11.5,17.8,3.0,332,17,0,30.14,-0.0,,,,,,,,,
QUEE,2019-11-08 23:35:00 EST,40.73434,-73.81586,179,29.8,,21.6,52.4,14.5,0.000,0.000,0.00,0.000,8.6,13.4,2.4,342,16,9.0,13.9,2.4,338,14,9.0,13.9,2.4,338,14,0,30.14,0.0,,,,,,,,,
QUEE,2019-11-08 23:40:00 EST,40.73434,-73.81586,179,30.0,,23.2,52.7,14.8,0.000,0.000,0.00,0.000,6.3,12.6,2.6,327,28,6.8,12.6,2.4,316,28,6.8,12.6,2.4,316,28,0,30.14,-0.1,,,,,,,,,
QUEE,2019-11-08 23:45:00 EST,40.73434,-73.81586,179,29.9,,23.6,52.7,14.7,0.000,0.000,0.00,0.000,6.0,11.7,2.1,341,18,6.1,12.1,2.3,333,19,6.1,12.1,2.3,333,19,0,30.14,-0.0,,,,,,,,,
QUEE,2019-11-08 23:50:00 EST,40.73434,-73.81586,179,30.0,,24.7,53.2,15.0,0.000,0.000,0.00,0.000,4.7,9.6,2.0,336,25,5.0,10.1,2.1,329,23,5.0,10.1,2.1,329,23,0,30.15,-0.1,,,,,,,,,
QUEE,2019-11-08 23:55:00 EST,40.73434,-73.81586,179,29.9,,24.2,53.6,15.1,0.000,0.000,0.00,0.000,5.3,9.5,1.9,328,19,5.4,9.8,1.9,318,18,5.4,9.8,1.9,318,18,0,30.15,-0.1,,,,,,,,,
RAND,2019-11-08 00:00:00 EST,42.14928,-78.90096,1473,27.3,27.3,27.3,87.7,24.1,0.000,0.140,0.00,0.000,1.5,4.4,1.2,288,37,1.8,5.0,1.1,285,48,1.8,5.0,1.1,285,48,0,28.55,-0.1,0,0,0,45.3,48.2,49.7,0.37,0.31,0.25
RAND,2019-11-08 00:05:00 EST,42.14928,-78.90096,1473,27.2,27.2,22.6,87.3,24.0,0.000,0.000,0.00,0.000,3.4,7.7,1.7,282,22,3.9,10.0,1.8,282,20,3.9,10.0,1.8,282,20,0,28.55,-0.0,0,0,0,45.3,48.2,49.8,0.37,0.31,0.25
RAND,2019-11-08 00:10:00 EST,42.14928,-78.90096,1473,27.2,27.2,21.7,86.3,23.6,0.000,0.000,0.00,0.000,3.9,8.5,1.6,271,15,4.7,10.3,1.9,271,13,4.7,10.3,1.9,271,13,0,28.55,-0.1,0,0,0,45.3,48.2,49.8,0.37,0.31,0.25
RAND,2019-11-08 00:15:00 EST,42.14928,-78.90096,1473,26.8,26.9,26.8,86.9,23.4,0.000,0.000,0.00,0.000,2.1,3.6,0.8,289,21,2.3,3.8,0.7,288,21,2.3,3.8,0.7,288,21,0,28.55,-0.0,0,0,0,45.3,48.2,49.8,0.37,0.31,0.25
RAND,2019-11-08 00:20:00 EST,42.14928,-78.90096,1473,27.0,26.9,27.0,88.0,23.9,0.000,0.000,0.00,0.000,1.1,2.3,0.6,272,26,1.5,2.6,0.6,268,28,1.5,2.6,0.6,268,28,0,28.55,-0.0,0,0,0,45.3,48.2,49.7,0.37,0.31,0.25
RAND,2019-11-08 00:25:00 EST,42.14928,-78.90096,1473,27.0,26.9,27.0,87.9,23.9,0.000,0.000,0.00,0.000,1.6,3.8,0.9,271,17,2.1,5.2,1.0,269,17,2.1,5.2,1.0,269,17,0,28.55,-0.0,0,0,0,45.3,48.2,49.7,0.37,0.31,0.25
RAND,2019-11-08 00:30:00 EST,42.14928,-78.90096,1473,27.1,27.0,27.1,88.4,24.2,0.000,0.000,0.00,0.000,2.0,4.5,0.7,283,25,2.3,5.2,0.8,279,23,2.3,5.2,0.8,279,23,0,28.55,-0.0,0,0,0,45.3,48.2,49.7,0.37,0.31,0.25
RAND,2019-11-08 00:35:00 EST,42.14928,-78.90096,1473,27.2,27.0,23.0,88.3,24.3,0.000,0.000,0.00,0.000,3.0,5.3,0.7,275,13,3.6,6.5,0.9,275,12,3.6,6.5,0.9,275,12,0,28.55,-0.0,0,0,0,45.3,48.2,49.8,0.37,0.31,0.25
RAND,2019-11-08 00:40:00 EST,42.14928,-78.90096,1473,27.2,27.0,27.2,88.7,24.3,0.000,0.000,0.00,0.000,2.2,3.6,0.5,245,16,2.5,4.2,0.6,246,17,2.5,4.2,0.6,246,17,0,28.55,-0.0,0,0,0,45.2,48.2,49.7,0.37,0.31,0.25
RAND,2019-11-08 00:45:00 EST,42.14928,-78.90096,1473,27.2,27.0,27.2,88.4,24.3,0.000,0.000,0.00,0.000,2.2,3.3,0.5,258,15,2.6,4.2,0.6,259,15,2.6,4.2,0.6,259,15,0,28.56,0.0,0,0,0,45.3,48.2,49.8,0.37,0.31,0.25
RAND,2019-11-08 00:50:00 EST,42.14928,-78.90096,1473,27.3,27.0,23.0,89.6,24.7,0.000,0.000,0.00,0.000,3.4,6.0,1.2,286,18,3.7,6.8,1.4,284,16,3.7,6.8,1.4,284,16,0,28.56,0.0,0,0,0,45.2,48.2,49.7,0.37,0.31,0.25
RAND,2019-11-08 00:55:00 EST,42.14928,-78.90096,1473,27.2,26.8,23.2,90.5,24.8,0.005,0.005,0.00,0.005,3.0,8.3,2.3,297,25,3.4,10.3,2.2,296,31,3.4,10.3,2.2,296,31,0,28.56,-0.0,0,0,0,45.1,48.2,49.6,0.37,0.31,0.25
RAND,2019-11-08 01:00:00 EST,42.14928,-78.90096,1473,26.9,26.5,21.8,92.3,25.0,0.006,0.010,0.00,0.010,3.5,6.6,2.1,266,18,4.3,8.0,2.4,265,18,4.3,8.0,2.4,265,18,0,28.56,-0.0,0,0,0,45.2,48.2,49.7,0.37,0.31,0.25
RAND,2019-11-08 01:05:00 EST,42.14928,-78.90096,1473,26.6,26.3,26.6,93.2,24.9,0.009,0.019,0.00,0.019,2.2,7.4,1.9,268,27,2.8,8.8,2.4,269,27,2.8,8.8,2.4,269,27,0,28.56,-0.1,0,0,0,45.1,48.2,49.7,0.37,0.31,0.25
RAND,2019-11-08 01:10:00 EST,42.14928,-78.90096,1473,26.4,26.1,21.0,93.9,24.9,0.009,0.028,0.00,0.028,3.6,8.2,1.2,262,19,4.6,9.8,1.5,262,16,4.6,9.8,1.5,262,16,0,28.56,-0.0,0,0,0,45.1,48.2,49.7,0.37,0.31,0.25
RAND,2019-11-08 01:15:00 EST,42.14928,-78.90096,1473,26.3,26.0,20.2,93.8,24.8,0.003,0.031,0.00,0.031,4.7,7.2,1.2,296,26,5.2,8.6,1.3,292,26,5.2,8.6,1.3,292,26,0,28.56,0.3,0,0,0,45.1,48.2,49.7,0.37,0.31,0.25
RAND,2019-11-08 01:20:00 EST,42.14928,-78.90096,1473,26.3,26.0,20.6,93.4,24.6,0.000,0.031,0.00,0.031,4.0,9.1,2.0,276,17,4.8,10.9,2.4,277,14,4.8,10.9,2.4,277,14,0,28.56,0.4,0,0,0,45.1,48.2,49.7,0.37,0.31,0.25
RAND,2019-11-08 01:25:00 EST,42.14928,-78.90096,1473,26.2,25.9,20.9,93.6,24.6,0.000,0.031,0.00,0.031,3.5,9.2,2.9,281,17,4.4,11.5,3.2,281,21,4.4,11.5,3.2,281,21,0,28.56,0.3,0,0,0,45.1,48.2,49.6,0.37,0.31,0.25
RAND,2019-11-08 01:30:00 EST,42.14928,-78.90096,1473,26.2,25.9,22.1,93.7,24.7,0.000,0.031,0.00,0.031,3.0,6.2,1.6,285,16,3.5,8.1,1.9,284,13,3.5,8.1,1.9,284,13,0,28.56,0.3,0,0,0,45.1,48.2,49.6,0.37,0.31,0.25
RAND,2019-11-08 01:35:00 EST,42.14928,-78.90096,1473,26.2,25.9,22.7,94.1,24.7,0.000,0.031,0.00,0.031,2.6,4.6,1.1,281,13,3.1,5.9,1.3,280,12,3.1,5.9,1.3,280,12,0,28.56,0.3,0,0,0,45.1,48.2,49.6,0.37,0.31,0.25
RAND,2019-11-08 01:40:00 EST,42.14928,-78.90096,1473,26.3,26.0,22.1,93.8,24.7,0.000,0.031,0.00,0.031,2.9,5.6,1.4,277,13,3.5,6.9,1.5,274,13,3.5,6.9,1.5,274,13,0,28.56,0.3,0,0,0,45.1,48.2,49.6,0.37,0.31,0.25
RAND,2019-11-08 01:45:00 EST,42.14928,-78.90096,1473,26.3,26.0,22.6,93.6,24.7,0.004,0.034,0.00,0.034,2.7,4.5,0.7,287,14,3.2,5.8,1.1,284,12,3.2,5.8,1.1,284,12,0,28.56,-0.2,0,0,0,45.1,48.2,49.7,0.37,0.31,0.25
RAND,2019-11-08 01:50:00 EST,42.14928,-78.90096,1473,26.3,26.0,22.8,93.9,24.8,0.001,0.035,0.00,0.035,2.5,4.6,0.9,273,20,3.0,5.9,1.1,273,18,3.0,5.9,1.1,273,18,0,28.56,-0.3,0,0,0,45.1,48.2,49.6,0.37,0.31,0.25
RAND,2019-11-08 01:55:00 EST,42.14928,-78.90096,1473,26.4,26.0,20.6,93.8,24.8,0.001,0.036,0.00,0.031,4.0,5.7,0.9,272,9,4.8,7.8,1.2,272,9,4.8,7.8,1.2,272,9,0,28.56,-0.4,0,0,0,45.1,48.2,49.6,0.37,0.31,0.25
RAND,2019-11-08 02:00:00 EST,42.14928,-78.90096,1473,26.4,26.1,22.1,93.9,24.9,0.000,0.036,0.00,0.026,2.9,5.6,1.1,272,18,3.6,8.2,1.5,272,17,3.6,8.2,1.5,272,17,0,28.56,-0.2,0,0,0,45.1,48.2,49.6,0.37,0.31,0.25
RAND,2019-11-08 02:05:00 EST,42.14928,-78.90096,1473,26.4,26.1,21.5,93.9,24.9,0.000,0.036,0.00,0.017,3.3,5.3,1.6,276,12,4.1,6.9,1.9,275,11,4.1,6.9,1.9,275,11,0,28.56,-0.2,0,0,0,45.1,48.2,49.6,0.37,0.31,0.25
RAND,2019-11-08 02:10:00 EST,42.14928,-78.90096,1473,26.4,26.1,20.6,94.1,25.0,0.000,0.036,0.00,0.008,4.1,6.6,1.2,275,11,5.0,8.2,1.5,276,9,5.0,8.2,1.5,276,9,0,28.56,-0.0,0,0,0,45.1,48.0,49.6,0.37,0.31,0.25
RAND,2019-11-08 02:15:00 EST,42.14928,-78.90096,1473,26.4,26.1,21.7,94.2,25.0,0.000,0.036,0.00,0.005,3.4,4.7,0.7,279,12,4.0,6.3,1.0,278,11,4.0,6.3,1.0,278,11,0,28.56,-0.0,0,0,0,45.1,48.1,49.6,0.37,0.31,0.25
RAND,2019-11-08 02:20:00 EST,42.14928,-78.90096,1473,26.4,26.1,21.1,94.5,25.1,0.004,0.039,0.00,0.009,3.7,5.0,0.6,281,9,4.4,6.6,0.8,280,7,4.4,6.6,0.8,280,7,0,28.56,-0.1,0,0,0,45.1,48.1,49.6,0.37,0.31,0.25
RAND,2019-11-08 02:25:00 EST,42.14928,-78.90096,1473,26.4,26.2,21.2,94.6,25.1,0.001,0.040,0.00,0.009,3.7,6.0,0.7,287,7,4.4,7.3,1.0,285,6,4.4,7.3,1.0,285,6,0,28.56,0.3,0,0,0,45.1,48.1,49.6,0.37,0.31,0.25
RAND,2019-11-08 02:30:00 EST,42.14928,-78.90096,1473,26.6,26.2,23.0,94.7,25.2,0.000,0.040,0.00,0.009,2.6,4.2,0.8,280,14,3.1,5.5,1.0,279,14,3.1,5.5,1.0,279,14,0,28.56,0.3,0,0,0,45.1,48.0,49.6,0.37,0.31,0.25
RAND,2019-11-08 02:35:00 EST,42.14928,-78.90096,1473,26.6,26.2,26.6,95.0,25.3,0.000,0.040,0.00,0.009,2.1,3.5,0.7,280,12,2.7,4.3,0.8,280,11,2.7,4.3,0.8,280,11,0,28.56,0.2,0,0,0,45.1,48.0,49.6,0.37,0.31,0.25
RAND,2019-11-08 02:40:00 EST,42.14928,-78.90096,1473,26.6,26.3,21.7,95.1,25.4,0.003,0.043,0.00,0.013,3.5,5.6,1.1,284,10,4.2,7.5,1.5,283,9,4.2,7.5,1.5,283,9,0,28.56,-0.0,0,0,0,45.1,48.0,49.6,0.37,0.31,0.25
RAND,2019-11-08 02:45:00 EST,42.14928,-78.90096,1473,26.7,26.4,21.2,95.0,25.4,0.001,0.044,0.00,0.010,3.8,5.9,0.8,271,11,4.6,7.1,1.0,272,11,4.6,7.1,1.0,272,11,0,28.56,-0.0,0,0,0,45.1,48.0,49.6,0.37,0.31,0.25
RAND,2019-11-08 02:50:00 EST,42.14928,-78.90096,1473,26.7,26.4,23.3,95.3,25.6,0.002,0.046,0.00,0.011,2.5,3.9,0.7,257,15,3.1,4.8,0.9,257,15,3.1,4.8,0.9,257,15,0,28.56,0.2,0,0,0,45.1,48.0,49.6,0.37,0.31,0.25
RAND,2019-11-08 02:55:00 EST,42.14928,-78.90096,1473,26.7,26.4,26.7,95.5,25.6,0.000,0.046,0.00,0.010,2.2,3.7,0.7,268,18,2.8,5.4,0.9,267,17,2.8,5.4,0.9,267,17,0,28.57,0.2,0,0,0,45.1,48.0,49.6,0.37,0.31,0.25
RAND,2019-11-08 03:00:00 EST,42.14928,-78.90096,1473,26.6,26.4,22.7,95.0,25.4,0.000,0.046,0.00,0.010,2.7,4.7,1.0,274,13,3.4,6.2,1.3,274,12,3.4,6.2,1.3,274,12,0,28.57,0.3,0,0,0,45.1,48.0,49.6,0.37,0.31,0.25
RAND,2019-11-08 03:05:00 EST,42.14928,-78.90096,1473,26.7,26.5,26.7,94.8,25.4,0.000,0.046,0.00,0.010,1.3,3.9,0.9,294,23,1.7,4.5,1.0,284,26,1.7,4.5,1.0,284,26,0,28.57,0.2,0,0,0,45.1,48.0,49.6,0.37,0.31,0.25
RAND,2019-11-08 03:10:00 EST,42.14928,-78.90096,1473,26.7,26.5,26.7,94.4,25.3,0.000,0.046,0.00,0.010,2.1,5.0,0.9,270,29,2.5,5.5,1.0,269,25,2.5,5.5,1.0,269,25,0,28.57,-0.1,0,0,0,45.1,48.0,49.6,0.37,0.31,0.25
RAND,2019-11-08 03:15:00 EST,42.14928,-78.90096,1473,26.8,26.6,26.8,93.1,25.1,0.000,0.046,0.00,0.010,2.0,5.0,1.2,316,19,2.0,5.4,1.1,315,26,2.0,5.4,1.1,315,26,0,28.57,-0.1,0,0,0,45.0,48.0,49.6,0.37,0.31,0.25
RAND,2019-11-08 03:20:00 EST,42.14928,-78.90096,1473,26.8,26.6,26.8,92.3,24.9,0.000,0.046,0.00,0.007,0.0,0.4,0.1,266,0,0.1,1.2,0.3,275,13,0.1,1.2,0.3,275,13,0,28.57,0.1,0,0,0,45.0,48.0,49.6,0.37,0.31,0.25
RAND,2019-11-08 03:25:00 EST,42.14928,-78.90096,1473,26.7,26.5,26.7,92.6,24.9,0.000,0.046,0.00,0.006,1.7,5.9,1.8,288,22,2.2,6.5,1.8,278,28,2.2,6.5,1.8,278,28,0,28.57,0.4,0,0,0,45.0,48.0,49.6,0.37,0.31,0.25
RAND,2019-11-08 03:30:00 EST,42.14928,-78.90096,1473,26.8,26.6,26.8,91.8,24.7,0.000,0.046,0.00,0.006,2.4,5.8,1.4,333,16,2.9,7.7,1.7,340,19,2.9,7.7,1.7,340,19,0,28.57,0.4,0,0,0,45.0,48.0,49.6,0.37,0.31,0.25
RAND,2019-11-08 03:35:00 EST,42.14928,-78.90096,1473,26.7,26.5,26.7,92.3,24.8,0.000,0.046,0.00,0.006,2.0,3.9,0.9,276,20,2.5,5.1,1.0,274,19,2.5,5.1,1.0,274,19,0,28.57,0.5,0,0,0,45.0,48.0,49.6,0.37,0.31,0.25
RAND,2019-11-08 03:40:00 EST,42.14928,-78.90096,1473,26.7,26.4,26.7,92.8,24.9,0.004,0.050,0.00,0.007,1.5,4.6,1.1,341,43,2.3,6.9,1.3,336,47,2.3,6.9,1.3,336,47,0,28.57,0.4,0,0,0,45.0,48.0,49.6,0.37,0.31,0.25
RAND,2019-11-08 03:45:00 EST,42.14928,-78.90096,1473,26.5,26.2,26.5,91.5,24.4,0.002,0.053,0.00,0.009,2.0,5.6,1.8,6,22,2.7,7.7,2.4,7,15,2.7,7.7,2.4,7,15,0,28.57,-0.1,0,0,0,45.0,48.0,49.6,0.37,0.31,0.25
RAND,2019-11-08 03:50:00 EST,42.14928,-78.90096,1473,26.2,26.1,26.2,91.7,24.2,0.000,0.053,0.00,0.007,0.8,3.1,1.0,50,11,1.1,3.9,1.0,51,19,1.1,3.9,1.0,51,19,0,28.57,-0.2,0,0,0,45.0,48.0,49.6,0.37,0.31,0.25
RAND,2019-11-08 03:55:00 EST,42.14928,-78.90096,1473,25.7,26.0,25.7,90.8,23.4,0.000,0.053,0.00,0.007,1.5,3.0,0.8,44,18,1.7,3.6,0.7,42,18,1.7,3.6,0.7,42,18,0,28.57,0.0,0,0,0,45.0,48.0,49.6,0.37,0.31,0.25
RAND,2019-11-08 04:00:00 EST,42.14928,-78.90096,1473,25.6,25.9,25.6,90.6,23.3,0.000,0.053,0.00,0.007,1.9,3.8,0.9,23,7,2.4,4.7,1.1,20,15,2.4,4.7,1.1,20,15,0,28.57,-0.1,0,0,0,45.0,48.0,49.6,0.37,0.31,0.25
RAND,2019-11-08 04:05:00 EST,42.14928,-78.90096,1473,25.3,25.7,25.3,91.0,23.1,0.000,0.053,0.00,0.007,1.2,2.3,0.5,17,10,1.8,3.7,0.6,14,10,1.8,3.7,0.6,14,10,0,28.57,0.0,0,0,0,45.0,48.0,49.6,0.37,0.31,0.25
RAND,2019-11-08 04:10:00 EST,42.14928,-78.90096,1473,25.2,25.5,25.2,91.4,23.1,0.000,0.053,0.00,0.007,2.3,4.8,1.2,341,21,2.8,7.5,1.8,345,21,2.8,7.5,1.8,345,21,0,28.57,-0.1,0,0,0,45.0,48.0,49.6,0.37,0.31,0.25
RAND,2019-11-08 04:15:00 EST,42.14928,-78.90096,1473,25.4,25.5,25.4,90.4,23.0,0.000,0.053,0.00,0.007,2.3,3.9,0.8,286,25,2.4,4.3,0.8,281,22,2.4,4.3,0.8,281,22,0,28.58,0.1,0,0,0,45.0,48.0,49.6,0.37,0.31,0.25
RAND,2019-11-08 04:20:00 EST,42.14928,-78.90096,1473,25.0,25.3,21.3,91.9,23.0,0.000,0.053,0.00,0.007,2.5,3.6,0.7,266,10,3.0,4.5,0.8,266,10,3.0,4.5,0.8,266,10,0,28.58,0.0,0,0,0,45.0,48.0,49.6,0.37,0.31,0.25
RAND,2019-11-08 04:25:00 EST,42.14928,-78.90096,1473,25.2,25.4,21.5,92.1,23.2,0.000,0.053,0.00,0.007,3.0,6.2,1.0,297,24,3.1,7.6,1.0,294,26,3.1,7.6,1.0,294,26,0,28.58,0.0,0,0,0,45.0,48.0,49.6,0.37,0.31,0.25
RAND,2019-11-08 04:30:00 EST,42.14928,-78.90096,1473,25.8,25.6,25.8,90.0,23.2,0.000,0.053,0.00,0.007,1.3,3.2,0.9,324,24,1.5,4.9,0.9,326,28,1.5,4.9,0.9,326,28,0,28.58,-0.0,0,0,0,45.0,48.0,49.6,0.37,0.31,0.25
RAND,2019-11-08 04:35:00 EST,42.14928,-78.90096,1473,25.8,25.6,25.8,88.4,22.8,0.000,0.053,0.00,0.007,2.7,4.9,1.0,322,26,2.9,6.1,1.4,324,29,2.9,6.1,1.4,324,29,0,28.58,0.0,0,0,0,45.0,48.0,49.6,0.37,0.31,0.25
RAND,2019-11-08 04:40:00 EST,42.14928,-78.90096,1473,25.7,25.5,25.7,87.8,22.5,0.000,0.053,0.00,0.002,0.8,2.6,0.8,308,15,1.1,2.6,0.7,297,29,1.1,2.6,0.7,297,29,0,28.58,0.1,0,0,0,45.0,48.0,49.6,0.37,0.31,0.25
RAND,2019-11-08 04:45:00 EST,42.14928,-78.90096,1473,25.4,25.3,25.4,88.8,22.5,0.000,0.053,0.00,0.000,0.5,2.0,0.7,350,9,0.9,3.3,1.0,352,12,0.9,3.3,1.0,352,12,0,28.58,0.1,0,0,0,45.0,48.0,49.6,0.37,0.31,0.25
RAND,2019-11-08 04:50:00 EST,42.14928,-78.90096,1473,25.0,25.1,25.0,89.2,22.2,0.000,0.053,0.00,0.000,0.3,2.2,0.6,6,5,0.7,3.3,0.9,5,18,0.7,3.3,0.9,5,18,0,28.59,-0.2,0,0,0,45.0,48.0,49.6,0.37,0.31,0.25
RAND,2019-11-08 04:55:00 EST,42.14928,-78.90096,1473,24.7,25.0,24.7,90.1,22.2,0.000,0.053,0.00,0.000,1.4,2.3,0.4,318,13,1.4,2.3,0.4,318,19,1.4,2.3,0.4,318,19,0,28.59,0.2,0,0,0,45.0,48.0,49.6,0.37,0.31,0.25
RAND,2019-11-08 05:00:00 EST,42.14928,-78.90096,1473,25.1,25.0,25.1,90.0,22.6,0.000,0.053,0.00,0.000,1.9,3.4,0.6,320,13,1.7,3.3,0.5,318,19,1.7,3.3,0.5,318,19,0,28.59,0.2,0,0,0,45.0,48.0,49.6,0.37,0.31,0.25
RAND,2019-11-08 05:05:00 EST,42.14928,-78.90096,1473,25.1,25.0,25.1,89.3,22.4,0.000,0.053,0.00,0.000,1.8,3.1,0.4,315,16,1.5,3.5,0.4,313,19,1.5,3.5,0.4,313,19,0,28.59,0.2,0,0,0,45.0,48.0,49.6,0.37,0.31,0.25
RAND,2019-11-08 05:10:00 EST,42.14928,-78.90096,1473,25.1,25.0,25.1,89.2,22.3,0.000,0.053,0.00,0.000,1.7,3.9,1.0,324,20,1.8,5.4,0.8,325,27,1.8,5.4,0.8,325,27,0,28.60,0.3,0,0,0,45.0,48.0,49.6,0.37,0.31,0.25
RAND,2019-11-08 05:15:00 EST,42.14928,-78.90096,1473,25.1,25.0,25.1,88.9,22.3,0.000,0.053,0.00,0.000,1.3,2.4,0.4,332,17,1.5,3.5,0.6,337,18,1.5,3.5,0.6,337,18,0,28.60,0.2,0,0,0,45.0,48.0,49.6,0.37,0.31,0.25
RAND,2019-11-08 05:20:00 EST,42.14928,-78.90096,1473,25.2,25.1,25.2,88.6,22.2,0.000,0.053,0.00,0.000,0.6,1.5,0.5,339,10,1.1,2.7,0.7,341,15,1.1,2.7,0.7,341,15,0,28.60,0.2,0,0,0,45.0,48.0,49.6,0.37,0.31,0.25
RAND,2019-11-08 05:25:00 EST,42.14928,-78.90096,1473,25.0,25.0,25.0,89.2,22.3,0.000,0.053,0.00,0.000,0.4,1.4,0.5,314,15,0.9,2.1,0.5,307,23,0.9,2.1,0.5,307,23,0,28.60,0.1,0,0,0,45.0,48.0,49.6,0.37,0.31,0.25
RAND,2019-11-08 05:30:00 EST,42.14928,-78.90096,1473,25.0,25.0,25.0,89.6,22.4,0.000,0.053,0.00,0.000,0.8,2.6,0.6,353,20,1.4,3.8,0.7,350,24,1.4,3.8,0.7,350,24,0,28.60,0.2,0,0,0,45.0,48.0,49.6,0.37,0.31,0.25
RAND,2019-11-08 05:35:00 EST,42.14928,-78.90096,1473,24.9,25.0,24.9,88.3,22.0,0.000,0.053,0.00,0.000,1.0,1.9,0.5,280,11,1.5,2.6,0.4,279,13,1.5,2.6,0.4,279,13,0,28.60,0.2,0,0,0,45.0,48.0,49.6,0.37,0.31,0.25
RAND,2019-11-08 05:40:00 EST,42.14928,-78.90096,1473,25.0,25.0,25.0,89.1,22.2,0.000,0.053,0.00,0.000,1.6,3.4,0.8,270,12,2.2,4.2,0.8,269,12,2.2,4.2,0.8,269,12,0,28.60,0.1,0,0,0,45.0,48.0,49.6,0.37,0.31,0.25
RAND,2019-11-08 05:45:00 EST,42.14928,-78.90096,1473,25.0,25.0,25.0,89.7,22.4,0.000,0.053,0.00,0.000,1.9,3.3,0.6,269,22,2.2,4.0,0.7,265,19,2.2,4.0,0.7,265,19,0,28.61,0.1,0,0,0,45.0,48.0,49.6,0.37,0.31,0.25
RAND,2019-11-08 05:50:00 EST,42.14928,-78.90096,1473,24.8,24.9,21.1,89.8,22.2,0.000,0.053,0.00,0.000,2.5,4.6,0.9,274,12,3.0,5.6,1.0,273,11,3.0,5.6,1.0,273,11,0,28.61,0.1,0,0,0,44.9,48.0,49.6,0.37,0.31,0.25
RAND,2019-11-08 05:55:00 EST,42.14928,-78.90096,1473,24.8,24.9,24.8,90.3,22.3,0.000,0.053,0.00,0.000,1.3,2.5,0.5,284,20,1.8,3.1,0.5,282,22,1.8,3.1,0.5,282,22,0,28.61,0.1,0,0,0,44.9,48.0,49.6,0.37,0.31,0.25
RAND,2019-11-08 06:00:00 EST,42.14928,-78.90096,1473,25.2,25.2,25.2,88.4,22.3,0.000,0.053,0.00,0.000,2.3,4.5,1.1,348,21,2.7,6.4,1.4,350,21,2.7,6.4,1.4,350,21,0,28.61,0.0,0,0,0,44.9,48.0,49.6,0.37,0.31,0.25
RAND,2019-11-08 06:05:00 EST,42.14928,-78.90096,1473,25.2,25.1,25.2,86.1,21.6,0.000,0.053,0.00,0.000,1.7,4.0,0.8,331,19,1.8,4.8,0.8,339,22,1.8,4.8,0.8,339,22,0,28.61,0.1,0,0,0,44.9,48.0,49.6,0.37,0.31,0.25
RAND,2019-11-08 06:10:00 EST,42.14928,-78.90096,1473,25.3,25.2,20.9,85.8,21.7,0.000,0.053,0.00,0.000,3.7,7.8,1.8,336,25,3.6,10.6,2.7,345,23,3.6,10.6,2.7,345,23,0,28.61,0.1,0,0,0,44.8,48.0,49.6,0.37,0.31,0.25
RAND,2019-11-08 06:15:00 EST,42.14928,-78.90096,1473,25.2,25.1,25.2,85.7,21.5,0.000,0.053,0.00,0.000,1.8,4.1,0.8,302,29,2.0,5.5,0.9,299,30,2.0,5.5,0.9,299,30,0,28.62,0.1,0,0,0,44.8,48.0,49.6,0.37,0.31,0.25
RAND,2019-11-08 06:20:00 EST,42.14928,-78.90096,1473,24.9,24.9,24.9,85.8,21.2,0.000,0.053,0.00,0.000,2.5,4.0,0.7,277,26,2.8,5.4,0.9,275,24,2.8,5.4,0.9,275,24,0,28.62,0.1,0,0,0,44.8,48.0,49.6,0.37,0.31,0.25
RAND,2019-11-08 06:25:00 EST,42.14928,-78.90096,1473,25.0,24.9,25.0,86.9,21.7,0.000,0.053,0.00,0.000,1.6,3.1,0.7,300,28,1.7,3.3,0.7,292,29,1.7,3.3,0.7,292,29,0,28.62,0.1,0,0,0,44.8,48.0,49.6,0.37,0.31,0.25
RAND,2019-11-08 06:30:00 EST,42.14928,-78.90096,1473,25.1,24.9,25.1,86.2,21.5,0.000,0.053,0.00,0.000,1.9,4.5,1.0,337,40,2.6,6.6,1.2,339,45,2.6,6.6,1.2,339,45,0,28.62,0.2,0,0,0,44.8,48.0,49.6,0.37,0.31,0.25
RAND,2019-11-08 06:35:00 EST,42.14928,-78.90096,1473,25.1,24.9,25.1,85.9,21.5,0.000,0.053,0.00,0.000,1.5,3.6,0.8,335,34,2.0,4.9,0.9,338,34,2.0,4.9,0.9,338,34,0,28.63,0.2,0,0,0,44.8,48.0,49.6,0.37,0.31,0.25
RAND,2019-11-08 06:40:00 EST,42.14928,-78.90096,1473,25.1,24.9,25.1,85.8,21.4,0.000,0.053,0.00,0.000,1.5,4.2,1.2,348,25,2.0,5.9,1.7,353,23,2.0,5.9,1.7,353,23,0,28.63,0.2,0,0,0,44.8,48.0,49.6,0.37,0.31,0.25
RAND,2019-11-08 06:45:00 EST,42.14928,-78.90096,1473,25.1,24.8,25.1,85.8,21.4,0.000,0.053,0.00,0.000,2.6,5.0,1.4,332,17,2.6,5.9,1.3,340,20,2.6,5.9,1.3,340,20,0,28.63,0.1,0,0,0,44.8,48.0,49.6,0.37,0.31,0.25
RAND,2019-11-08 06:50:00 EST,42.14928,-78.90096,1473,25.1,24.8,25.1,86.6,21.6,0.000,0.053,0.00,0.000,1.0,2.0,0.6,256,15,1.5,2.6,0.6,260,22,1.5,2.6,0.6,260,22,1,28.63,0.1,0,0,0,44.8,48.0,49.6,0.37,0.31,0.25
RAND,2019-11-08 06:55:00 EST,42.14928,-78.90096,1473,24.9,24.8,24.9,86.7,21.5,0.000,0.053,0.00,0.000,1.6,3.9,1.2,349,34,2.0,4.8,1.3,349,42,2.0,4.8,1.3,349,42,1,28.63,0.1,0,0,0,44.8,48.0,49.6,0.37,0.31,0.25
RAND,2019-11-08 07:00:00 EST,42.14928,-78.90096,1473,24.9,24.8,21.3,86.0,21.3,0.000,0.053,0.00,0.000,2.3,4.1,1.1,353,27,3.0,6.2,1.5,353,30,3.0,6.2,1.5,353,30,1,28.64,0.1,0,0,0,44.8,48.0,49.6,0.37,0.31,0.25
RAND,2019-11-08 07:05:00 EST,42.14928,-78.90096,1473,24.9,24.7,24.9,86.3,21.4,0.000,0.053,0.00,0.000,0.9,3.4,1.0,334,21,1.3,5.4,1.2,336,28,1.3,5.4,1.2,336,28,2,28.64,0.1,0,0,0,44.8,48.0,49.6,0.37,0.31,0.25
RAND,2019-11-08 07:10:00 EST,42.14928,-78.90096,1473,24.9,24.7,24.9,86.8,21.5,0.000,0.053,0.00,0.000,0.5,4.2,1.1,271,6,0.9,5.0,1.3,266,14,0.9,5.0,1.3,266,14,3,28.64,0.1,0,0,0,44.8,48.0,49.6,0.37,0.31,0.25
RAND,2019-11-08 07:15:00 EST,42.14928,-78.90096,1473,24.9,24.7,24.9,87.8,21.8,0.000,0.053,0.00,0.000,1.2,3.7,1.0,301,24,1.6,4.3,0.9,300,32,1.6,4.3,0.9,300,32,4,28.64,0.0,0,0,0,44.8,48.0,49.6,0.37,0.31,0.25
RAND,2019-11-08 07:20:00 EST,42.14928,-78.90096,1473,24.9,24.7,24.9,87.0,21.6,0.000,0.053,0.00,0.000,1.6,3.7,1.1,274,15,2.2,5.0,1.1,271,17,2.2,5.0,1.1,271,17,5,28.64,-0.0,0,0,0,44.8,48.0,49.6,0.37,0.31,0.25
RAND,2019-11-08 07:25:00 EST,42.14928,-78.90096,1473,24.9,24.7,24.9,87.6,21.8,0.000,0.053,0.00,0.000,2.1,3.1,0.6,274,11,2.7,4.3,0.7,273,11,2.7,4.3,0.7,273,11,6,28.64,-0.0,0,0,0,44.8,48.0,49.6,0.37,0.31,0.25
RAND,2019-11-08 07:30:00 EST,42.14928,-78.90096,1473,24.9,24.7,24.9,87.4,21.7,0.000,0.053,0.00,0.000,1.5,3.1,0.7,270,20,2.1,4.1,0.8,272,26,2.1,4.1,0.8,272,26,8,28.65,-0.1,0,0,0,44.8,47.9,49.6,0.37,0.31,0.25
RAND,2019-11-08 07:35:00 EST,42.14928,-78.90096,1473,24.9,24.7,24.9,86.4,21.5,0.000,0.053,0.00,0.000,0.7,2.0,0.6,293,49,1.2,3.3,0.7,289,55,1.2,3.3,0.7,289,55,10,28.65,-0.1,0,0,0,44.8,48.0,49.6,0.37,0.31,0.25
RAND,2019-11-08 07:40:00 EST,42.14928,-78.90096,1473,25.0,24.7,25.0,86.8,21.6,0.000,0.053,0.00,0.000,1.7,3.0,0.7,268,17,2.3,4.0,0.7,267,16,2.3,4.0,0.7,267,16,14,28.65,-0.1,0,0,0,44.8,47.9,49.6,0.37,0.31,0.25
RAND,2019-11-08 07:45:00 EST,42.14928,-78.90096,1473,25.0,24.7,25.0,86.6,21.5,0.000,0.053,0.00,0.000,1.4,3.4,1.0,308,41,2.0,4.7,1.0,301,45,2.0,4.7,1.0,301,45,19,28.65,-0.1,0,0,0,44.8,47.9,49.6,0.37,0.31,0.25
RAND,2019-11-08 07:50:00 EST,42.14928,-78.90096,1473,25.0,24.8,25.0,86.2,21.5,0.000,0.053,0.00,0.000,1.2,3.6,1.0,280,42,1.7,4.2,1.0,269,49,1.7,4.2,1.0,269,49,23,28.65,-0.0,0,0,0,44.8,47.8,49.6,0.37,0.31,0.25
RAND,2019-11-08 07:55:00 EST,42.14928,-78.90096,1473,25.1,24.7,25.1,85.9,21.4,0.000,0.053,0.00,0.000,0.9,2.7,0.9,268,13,1.7,3.8,0.9,279,36,1.7,3.8,0.9,279,36,30,28.65,-0.0,0,0,0,44.8,47.8,49.6,0.37,0.31,0.25
RAND,2019-11-08 08:00:00 EST,42.14928,-78.90096,1473,25.1,24.8,25.1,85.7,21.5,0.000,0.053,0.00,0.000,0.8,2.6,0.6,263,39,1.4,3.7,0.7,260,38,1.4,3.7,0.7,260,38,33,28.66,-0.0,0,0,0,44.8,47.9,49.6,0.37,0.31,0.25
RAND,2019-11-08 08:05:00 EST,42.14928,-78.90096,1473,25.3,24.9,25.3,85.5,21.5,0.000,0.053,0.00,0.000,0.4,1.6,0.5,310,54,0.8,2.2,0.7,311,59,0.8,2.2,0.7,311,59,29,28.66,-0.0,0,0,0,44.7,47.8,49.6,0.37,0.31,0.25
RAND,2019-11-08 08:10:00 EST,42.14928,-78.90096,1473,25.4,25.0,25.4,83.9,21.3,0.000,0.053,0.00,0.000,2.0,4.2,1.2,14,24,2.6,5.9,1.5,16,24,2.6,5.9,1.5,16,24,36,28.66,-0.0,0,0,0,44.7,47.8,49.6,0.37,0.31,0.25
RAND,2019-11-08 08:15:00 EST,42.14928,-78.90096,1473,25.5,25.1,20.7,84.8,21.6,0.000,0.053,0.00,0.000,3.2,6.6,1.2,21,18,3.9,8.2,1.5,20,17,3.9,8.2,1.5,20,17,34,28.66,-0.1,0,0,0,44.7,47.8,49.6,0.37,0.31,0.25
RAND,2019-11-08 08:20:00 EST,42.14928,-78.90096,1473,25.5,25.2,25.5,85.0,21.7,0.000,0.053,0.00,0.000,2.0,4.6,1.2,5,20,2.6,6.5,1.4,3,21,2.6,6.5,1.4,3,21,33,28.66,-0.1,0,0,0,44.6,47.8,49.6,0.37,0.31,0.25
RAND,2019-11-08 08:25:00 EST,42.14928,-78.90096,1473,25.6,25.3,21.4,84.4,21.5,0.000,0.053,0.00,0.000,2.7,5.0,1.2,4,18,3.4,6.8,1.6,4,15,3.4,6.8,1.6,4,15,40,28.66,-0.1,0,0,0,44.6,47.8,49.6,0.37,0.31,0.25
RAND,2019-11-08 08:30:00 EST,42.14928,-78.90096,1473,25.7,25.3,25.7,84.2,21.6,0.000,0.053,0.00,0.000,2.4,4.7,0.9,333,43,2.9,7.1,1.6,337,43,2.9,7.1,1.6,337,43,48,28.66,-0.0,0,0,0,44.6,47.8,49.6,0.37,0.31,0.25
RAND,2019-11-08 08:35:00 EST,42.14928,-78.90096,1473,25.8,25.4,25.8,84.9,21.9,0.000,0.053,0.00,0.000,2.4,4.6,1.0,293,18,2.7,6.3,1.2,288,16,2.7,6.3,1.2,288,16,56,28.67,-0.0,0,0,0,44.6,47.8,49.6,0.37,0.31,0.25
RAND,2019-11-08 08:40:00 EST,42.14928,-78.90096,1473,25.9,25.5,25.9,83.8,21.6,0.000,0.053,0.00,0.000,1.5,5.3,1.6,348,12,2.1,6.9,1.7,348,25,2.1,6.9,1.7,348,25,41,28.67,-0.0,0,0,0,44.6,47.8,49.6,0.37,0.31,0.25
RAND,2019-11-08 08:45:00 EST,42.14928,-78.90096,1473,26.0,25.5,20.9,85.4,22.2,0.000,0.053,0.00,0.000,3.2,6.9,1.5,274,11,4.2,9.8,1.7,273,10,4.2,9.8,1.7,273,10,38,28.67,-0.0,0,0,0,44.6,47.8,49.6,0.37,0.31,0.25
RAND,2019-11-08 08:50:00 EST,42.14928,-78.90096,1473,26.0,25.5,20.6,86.0,22.3,0.000,0.053,0.00,0.000,3.7,6.9,1.2,278,13,4.4,8.3,1.6,276,12,4.4,8.3,1.6,276,12,43,28.67,-0.0,0,0,0,44.6,47.8,49.6,0.37,0.31,0.25
RAND,2019-11-08 08:55:00 EST,42.14928,-78.90096,1473,26.0,25.6,26.0,84.0,21.9,0.000,0.053,0.00,0.000,1.8,4.5,1.5,287,23,2.5,5.7,1.7,285,32,2.5,5.7,1.7,285,32,46,28.67,0.0,0,0,0,44.6,47.8,49.6,0.37,0.31,0.25
RAND,2019-11-08 09:00:00 EST,42.14928,-78.90096,1473,26.2,25.7,26.2,83.0,21.7,0.000,0.053,0.00,0.000,0.7,3.1,0.7,40,41,1.4,4.1,0.8,45,44,1.4,4.1,0.8,45,44,41,28.67,-0.0,0,0,0,44.6,47.8,49.6,0.37,0.31,0.25
RAND,2019-11-08 09:05:00 EST,42.14928,-78.90096,1473,26.2,25.7,26.2,81.9,21.4,0.000,0.053,0.00,0.000,2.2,4.1,0.9,21,29,2.7,6.0,1.3,21,28,2.7,6.0,1.3,21,28,73,28.67,-0.0,0,0,0,44.6,47.8,49.6,0.37,0.31,0.25
RAND,2019-11-08 09:10:00 EST,42.14928,-78.90096,1473,26.4,25.9,26.4,82.3,21.8,0.000,0.053,0.00,0.000,0.6,3.0,0.9,285,35,0.9,4.2,1.1,304,53,0.9,4.2,1.1,304,53,92,28.67,-0.0,0,0,0,44.6,47.8,49.6,0.37,0.31,0.25
RAND,2019-11-08 09:15:00 EST,42.14928,-78.90096,1473,26.7,26.0,26.7,82.1,21.9,0.000,0.053,0.00,0.000,1.3,2.8,0.7,300,39,1.7,3.8,0.9,299,38,1.7,3.8,0.9,299,38,86,28.67,0.0,0,0,0,44.6,47.8,49.6,0.37,0.31,0.25
RAND,2019-11-08 09:20:00 EST,42.14928,-78.90096,1473,26.7,26.1,26.7,81.0,21.7,0.000,0.053,0.00,0.000,1.4,4.7,1.0,326,48,1.9,4.6,1.0,330,53,1.9,4.6,1.0,330,53,102,28.67,-0.0,0,0,0,44.6,47.8,49.6,0.37,0.31,0.25
RAND,2019-11-08 09:25:00 EST,42.14928,-78.90096,1473,26.7,26.1,26.7,82.1,22.0,0.000,0.053,0.00,0.000,1.3,4.5,1.1,302,33,1.8,4.7,1.1,300,40,1.8,4.7,1.1,300,40,79,28.67,-0.0,0,0,0,44.6,47.8,49.6,0.37,0.31,0.25
RAND,2019-11-08 09:30:00 EST,42.14928,-78.90096,1473,26.7,26.1,26.7,82.2,22.0,0.000,0.053,0.00,0.000,2.3,5.6,1.4,301,30,2.7,7.0,1.4,299,32,2.7,7.0,1.4,299,32,73,28.67,-0.0,0,0,0,44.6,47.8,49.6,0.37,0.31,0.25
RAND,2019-11-08 09:35:00 EST,42.14928,-78.90096,1473,26.6,26.1,23.1,82.4,22.0,0.000,0.053,0.00,0.000,2.4,6.4,1.5,279,31,3.1,7.3,1.7,277,31,3.1,7.3,1.7,277,31,76,28.67,-0.0,0,0,0,44.6,47.8,49.6,0.37,0.31,0.25
RAND,2019-11-08 09:40:00 EST,42.14928,-78.90096,1473,26.8,26.2,21.7,82.9,22.3,0.000,0.053,0.00,0.000,3.5,6.3,1.2,2,31,4.4,7.5,1.4,2,34,4.4,7.5,1.4,2,34,60,28.68,-0.1,0,0,0,44.6,47.8,49.6,0.37,0.31,0.25
RAND,2019-11-08 09:45:00 EST,42.14928,-78.90096,1473,26.2,25.7,19.9,83.5,21.9,0.000,0.053,0.00,0.000,4.1,6.9,1.2,347,12,5.3,9.3,1.6,349,8,5.3,9.3,1.6,349,8,34,28.68,0.0,0,0,0,44.6,47.8,49.6,0.37,0.31,0.25
RAND,2019-11-08 09:50:00 EST,42.14928,-78.90096,1473,26.0,25.5,20.6,86.5,22.5,0.000,0.053,0.00,0.000,3.6,7.2,1.6,5,22,4.4,9.3,2.1,5,19,4.4,9.3,2.1,5,19,28,28.68,0.0,0,0,0,44.6,47.8,49.6,0.37,0.31,0.25
RAND,2019-11-08 09:55:00 EST,42.14928,-78.90096,1473,25.8,25.4,18.7,85.8,22.1,0.000,0.053,0.00,0.000,4.9,8.3,1.6,17,13,6.2,10.7,2.1,15,11,6.2,10.7,2.1,15,11,28,28.68,0.0,0,0,0,44.6,47.8,49.6,0.37,0.31,0.25
RAND,2019-11-08 10:00:00 EST,42.14928,-78.90096,1473,25.9,25.5,19.4,84.5,21.9,0.000,0.053,0.00,0.000,4.6,7.5,1.2,18,13,5.6,9.9,1.6,16,13,5.6,9.9,1.6,16,13,128,28.68,0.1,0,0,0,44.6,47.8,49.6,0.37,0.31,0.25
RAND,2019-11-08 10:05:00 EST,42.14928,-78.90096,1473,26.8,26.0,21.9,82.1,22.1,0.000,0.053,0.00,0.000,3.5,6.4,1.5,22,27,4.1,7.4,1.9,21,27,4.1,7.4,1.9,21,27,147,28.68,-0.0,0,0,0,44.6,47.8,49.6,0.37,0.31,0.25
RAND,2019-11-08 10:10:00 EST,42.14928,-78.90096,1473,27.0,26.2,27.0,82.7,22.4,0.000,0.053,0.00,0.000,1.6,3.9,1.3,20,43,2.2,5.7,1.4,21,52,2.2,5.7,1.4,21,52,73,28.68,-0.0,0,0,0,44.6,47.8,49.6,0.37,0.31,0.25
RAND,2019-11-08 10:15:00 EST,42.14928,-78.90096,1473,26.7,26.2,22.8,81.3,21.8,0.000,0.053,0.00,0.000,2.9,5.8,1.3,340,43,3.4,7.3,1.3,342,44,3.4,7.3,1.3,342,44,64,28.68,-0.1,0,0,0,44.6,47.8,49.6,0.37,0.31,0.25
RAND,2019-11-08 10:20:00 EST,42.14928,-78.90096,1473,26.9,26.4,23.5,82.4,22.2,0.000,0.053,0.00,0.000,2.5,4.7,1.0,301,35,3.0,6.5,1.4,303,36,3.0,6.5,1.4,303,36,64,28.68,-0.0,0,0,0,44.6,47.8,49.6,0.37,0.31,0.25
RAND,2019-11-08 10:25:00 EST,42.14928,-78.90096,1473,26.7,26.3,20.3,81.7,21.9,0.000,0.053,0.00,0.000,4.8,9.6,2.0,330,32,5.7,12.6,2.6,335,34,5.7,12.6,2.6,335,34,64,28.68,-0.0,0,0,0,44.6,47.8,49.5,0.37,0.31,0.25
RAND,2019-11-08 10:30:00 EST,42.14928,-78.90096,1473,26.8,26.4,21.1,82.4,22.1,0.000,0.053,0.00,0.000,4.4,13.7,2.6,303,32,4.9,14.2,2.7,297,34,4.9,14.2,2.7,297,34,72,28.68,-0.0,0,0,0,44.6,47.8,49.6,0.37,0.31,0.25
RAND,2019-11-08 10:35:00 EST,42.14928,-78.90096,1473,27.0,26.5,21.6,83.1,22.5,0.000,0.053,0.00,0.000,4.0,7.0,1.2,288,22,4.6,8.6,1.6,284,20,4.6,8.6,1.6,284,20,92,28.69,-0.0,0,0,0,44.5,47.8,49.5,0.37,0.31,0.25
RAND,2019-11-08 10:40:00 EST,42.14928,-78.90096,1473,26.9,26.4,19.0,84.0,22.7,0.000,0.053,0.00,0.000,6.2,10.3,2.0,275,12,7.5,13.3,2.4,274,10,7.5,13.3,2.4,274,10,61,28.69,-0.0,0,0,0,44.5,47.8,49.5,0.37,0.31,0.25
RAND,2019-11-08 10:45:00 EST,42.14928,-78.90096,1473,26.9,26.5,21.5,84.8,22.9,0.000,0.053,0.00,0.000,3.9,6.9,2.0,312,38,4.6,9.3,2.2,313,40,4.6,9.3,2.2,313,40,80,28.69,0.0,0,0,0,44.5,47.8,49.5,0.37,0.31,0.25
RAND,2019-11-08 10:50:00 EST,42.14928,-78.90096,1473,27.5,26.8,21.2,80.4,22.3,0.000,0.053,0.00,0.000,4.8,8.5,1.3,21,23,5.6,10.6,1.7,21,21,5.6,10.6,1.7,21,21,209,28.69,-0.0,0,0,0,44.5,47.8,49.5,0.37,0.31,0.25
RAND,2019-11-08 10:55:00 EST,42.14928,-78.90096,1473,28.1,27.4,23.3,78.6,22.3,0.000,0.053,0.00,0.000,3.5,9.1,1.9,2,23,4.2,11.0,2.5,3,21,4.2,11.0,2.5,3,21,296,28.68,-0.0,0,0,0,44.5,47.8,49.5,0.37,0.31,0.25
RAND,2019-11-08 11:00:00 EST,42.14928,-78.90096,1473,27.7,27.0,18.0,77.1,21.5,0.000,0.053,0.00,0.000,8.9,13.8,2.0,17,12,10.8,16.5,2.6,13,10,10.8,16.5,2.6,13,10,110,28.69,-0.1,0,0,0,44.4,47.8,49.5,0.37,0.31,0.25
RAND,2019-11-08 11:05:00 EST,42.14928,-78.90096,1473,27.1,26.6,19.3,80.3,21.8,0.000,0.053,0.00,0.000,5.9,8.5,1.4,16,15,7.3,10.7,1.8,11,14,7.3,10.7,1.8,11,14,62,28.69,-0.0,0,0,0,44.4,47.8,49.5,0.37,0.31,0.25
RAND,2019-11-08 11:10:00 EST,42.14928,-78.90096,1473,27.1,26.6,20.1,78.5,21.3,0.000,0.053,0.00,0.000,5.3,9.7,1.9,22,12,6.3,11.2,2.1,21,13,6.3,11.2,2.1,21,13,174,28.69,-0.0,0,0,0,44.4,47.8,49.5,0.37,0.31,0.25
RAND,2019-11-08 11:15:00 EST,42.14928,-78.90096,1473,28.1,27.0,22.6,74.8,21.1,0.000,0.053,0.00,0.000,4.1,9.6,2.6,28,14,4.9,10.7,3.0,27,18,4.9,10.7,3.0,27,18,314,28.69,-0.0,0,0,0,44.5,47.8,49.5,0.37,0.31,0.25
RAND,2019-11-08 11:20:00 EST,42.14928,-78.90096,1473,28.1,27.4,22.9,70.8,19.9,0.000,0.053,0.00,0.000,3.8,8.5,1.5,291,25,4.6,9.9,1.7,291,24,4.6,9.9,1.7,291,24,314,28.69,-0.1,0,0,0,44.4,47.8,49.5,0.37,0.31,0.25
RAND,2019-11-08 11:25:00 EST,42.14928,-78.90096,1473,28.3,27.5,22.0,71.5,20.3,0.000,0.053,0.00,0.000,4.7,8.5,1.6,292,32,5.8,11.1,1.9,290,31,5.8,11.1,1.9,290,31,363,28.69,0.0,0,0,0,44.4,47.8,49.5,0.37,0.31,0.25
RAND,2019-11-08 11:30:00 EST,42.14928,-78.90096,1473,28.2,27.6,22.2,70.3,19.8,0.000,0.053,0.00,0.000,4.8,10.5,2.5,314,26,5.4,11.6,2.7,315,29,5.4,11.6,2.7,315,29,277,28.69,-0.1,0,0,0,44.4,47.8,49.5,0.37,0.31,0.25
RAND,2019-11-08 11:35:00 EST,42.14928,-78.90096,1473,27.9,27.3,19.5,73.2,20.4,0.000,0.053,0.00,0.000,6.9,10.6,1.8,358,28,8.5,13.9,2.4,356,26,8.5,13.9,2.4,356,26,115,28.69,-0.0,0,0,0,44.4,47.8,49.5,0.37,0.31,0.25
RAND,2019-11-08 11:40:00 EST,42.14928,-78.90096,1473,27.2,26.9,19.6,74.3,20.1,0.000,0.053,0.00,0.000,5.8,10.1,1.9,2,17,7.3,13.1,2.5,3,14,7.3,13.1,2.5,3,14,75,28.69,-0.0,0,0,0,44.4,47.8,49.5,0.37,0.31,0.25
RAND,2019-11-08 11:45:00 EST,42.14928,-78.90096,1473,27.7,26.9,20.6,72.4,20.0,0.000,0.053,0.00,0.000,5.2,9.6,1.8,360,21,6.6,13.0,2.3,1,17,6.6,13.0,2.3,1,17,400,28.69,-0.0,0,0,0,44.4,47.8,49.5,0.37,0.31,0.25
RAND,2019-11-08 11:50:00 EST,42.14928,-78.90096,1473,28.2,27.4,21.7,69.5,19.5,0.000,0.053,0.00,0.000,5.3,10.1,2.4,309,32,6.1,12.7,2.6,312,33,6.1,12.7,2.6,312,33,389,28.69,0.0,0,0,0,44.4,47.8,49.5,0.37,0.31,0.25
RAND,2019-11-08 11:55:00 EST,42.14928,-78.90096,1473,28.6,27.8,23.1,68.6,19.6,0.000,0.053,0.00,0.000,3.9,7.7,1.3,305,33,5.0,8.7,1.7,307,31,5.0,8.7,1.7,307,31,337,28.68,-0.0,0,0,0,44.4,47.8,49.5,0.37,0.31,0.25
RAND,2019-11-08 12:00:00 EST,42.14928,-78.90096,1473,28.5,27.7,23.1,70.3,20.0,0.000,0.053,0.00,0.000,3.8,8.3,2.2,321,46,4.8,10.1,2.5,321,43,4.8,10.1,2.5,321,43,145,28.68,-0.0,0,0,0,44.4,47.8,49.5,0.37,0.31,0.25
RAND,2019-11-08 12:05:00 EST,42.14928,-78.90096,1473,28.0,27.1,20.1,68.1,18.8,0.000,0.053,0.00,0.000,6.9,13.9,3.3,19,30,7.8,16.6,3.8,17,26,7.8,16.6,3.8,17,26,184,28.68,-0.1,0,0,0,44.4,47.8,49.5,0.37,0.31,0.25
RAND,2019-11-08 12:10:00 EST,42.14928,-78.90096,1473,27.2,26.7,20.7,69.8,18.6,0.000,0.053,0.00,0.000,4.8,11.3,2.4,10,22,5.8,13.4,2.8,10,19,5.8,13.4,2.8,10,19,64,28.68,-0.1,0,0,0,44.4,47.8,49.5,0.37,0.31,0.25
RAND,2019-11-08 12:15:00 EST,42.14928,-78.90096,1473,28.0,27.2,28.0,68.3,18.9,0.000,0.053,0.00,0.000,1.6,5.9,1.4,9,58,2.3,8.3,1.7,12,60,2.3,8.3,1.7,12,60,301,28.68,0.0,0,0,0,44.4,47.8,49.5,0.37,0.31,0.25
RAND,2019-11-08 12:20:00 EST,42.14928,-78.90096,1473,28.6,27.8,20.9,65.8,18.6,0.000,0.053,0.00,0.000,6.4,12.6,2.8,273,20,7.8,14.7,3.2,271,18,7.8,14.7,3.2,271,18,300,28.68,-0.1,0,0,0,44.4,47.8,49.5,0.37,0.31,0.25
RAND,2019-11-08 12:25:00 EST,42.14928,-78.90096,1473,29.0,28.2,23.5,64.2,18.4,0.000,0.053,0.00,0.000,4.1,11.6,2.8,318,40,5.0,13.9,2.9,321,43,5.0,13.9,2.9,321,43,353,28.67,-0.1,0,0,0,44.4,47.8,49.5,0.37,0.31,0.25
RAND,2019-11-08 12:30:00 EST,42.14928,-78.90096,1473,28.5,27.7,20.2,65.1,18.2,0.000,0.053,0.00,0.000,7.1,12.2,2.9,356,24,8.5,14.9,3.3,356,18,8.5,14.9,3.3,356,18,223,28.68,-0.0,0,0,0,44.4,47.7,49.5,0.37,0.31,0.25
RAND,2019-11-08 12:35:00 EST,42.14928,-78.90096,1473,27.6,27.1,19.4,68.2,18.5,0.000,0.053,0.00,0.000,7.0,12.6,2.4,342,20,8.1,15.6,3.2,345,18,8.1,15.6,3.2,345,18,136,28.68,-0.1,0,0,0,44.4,47.6,49.5,0.37,0.31,0.25
RAND,2019-11-08 12:40:00 EST,42.14928,-78.90096,1473,27.4,27.0,19.1,69.5,18.8,0.000,0.053,0.00,0.000,6.8,10.0,1.2,12,16,8.3,13.1,1.6,11,13,8.3,13.1,1.6,11,13,94,28.68,-0.0,0,0,0,44.4,47.7,49.5,0.37,0.31,0.25
RAND,2019-11-08 12:45:00 EST,42.14928,-78.90096,1473,27.3,26.8,23.2,68.2,18.1,0.000,0.053,0.00,0.000,2.6,5.0,1.4,22,37,3.5,6.9,1.6,17,41,3.5,6.9,1.6,17,41,110,28.68,-0.0,0,0,0,44.4,47.5,49.5,0.37,0.31,0.25
RAND,2019-11-08 12:50:00 EST,42.14928,-78.90096,1473,28.1,27.3,22.6,66.8,18.5,0.000,0.053,0.00,0.000,3.9,11.0,2.4,287,33,4.9,12.8,2.4,286,32,4.9,12.8,2.4,286,32,514,28.68,0.0,0,0,0,44.4,47.6,49.5,0.37,0.31,0.25
RAND,2019-11-08 12:55:00 EST,42.14928,-78.90096,1473,29.0,28.0,24.5,62.5,17.8,0.000,0.053,0.00,0.000,3.0,5.6,1.4,304,33,4.1,8.3,1.7,306,35,4.1,8.3,1.7,306,35,560,28.67,0.0,0,0,0,44.4,47.6,49.5,0.37,0.31,0.25
RAND,2019-11-08 13:00:00 EST,42.14928,-78.90096,1473,29.4,28.3,22.1,61.9,18.0,0.000,0.053,0.00,0.000,6.2,12.8,3.3,277,14,7.4,15.4,3.9,276,14,7.4,15.4,3.9,276,14,638,28.67,0.0,0,0,0,44.4,47.5,49.5,0.37,0.31,0.25
RAND,2019-11-08 13:05:00 EST,42.14928,-78.90096,1473,29.6,28.2,21.1,62.1,18.2,0.000,0.053,0.00,0.000,8.2,15.6,3.4,22,18,9.4,17.4,3.8,19,14,9.4,17.4,3.8,19,14,500,28.68,-0.1,0,0,0,44.4,47.6,49.5,0.37,0.31,0.25
RAND,2019-11-08 13:10:00 EST,42.14928,-78.90096,1473,28.1,27.4,20.0,62.3,16.8,0.000,0.053,0.00,0.000,7.0,15.1,4.6,16,22,8.1,18.1,4.9,13,20,8.1,18.1,4.9,13,20,162,28.68,-0.1,0,0,0,44.4,47.5,49.5,0.37,0.31,0.25
RAND,2019-11-08 13:15:00 EST,42.14928,-78.90096,1473,28.2,27.5,23.3,60.0,16.1,0.000,0.053,0.00,0.000,3.4,6.7,1.5,344,31,4.3,7.5,1.5,346,27,4.3,7.5,1.5,346,27,263,28.68,-0.1,0,0,0,44.4,47.5,49.5,0.37,0.31,0.25
RAND,2019-11-08 13:20:00 EST,42.14928,-78.90096,1473,28.2,27.6,22.5,58.8,15.6,0.000,0.053,0.00,0.000,4.2,9.8,2.5,291,33,5.1,12.4,2.7,290,36,5.1,12.4,2.7,290,36,442,28.68,0.1,0,0,0,44.4,47.5,49.5,0.37,0.31,0.25
RAND,2019-11-08 13:25:00 EST,42.14928,-78.90096,1473,28.5,27.7,20.9,59.5,16.2,0.000,0.053,0.00,0.000,6.5,10.4,1.9,273,12,7.5,11.8,2.3,273,12,7.5,11.8,2.3,273,12,570,28.67,0.1,0,0,0,44.4,47.5,49.5,0.37,0.31,0.25
RAND,2019-11-08 13:30:00 EST,42.14928,-78.90096,1473,29.1,28.3,24.1,63.0,18.1,0.000,0.053,0.00,0.000,3.7,9.4,2.6,271,32,4.6,11.2,2.9,271,31,4.6,11.2,2.9,271,31,246,28.67,-0.1,0,0,0,44.4,47.5,49.5,0.37,0.31,0.25
RAND,2019-11-08 13:35:00 EST,42.14928,-78.90096,1473,28.2,27.7,22.9,58.7,15.6,0.000,0.053,0.00,0.000,4.0,7.9,1.6,329,28,4.7,9.6,1.8,328,29,4.7,9.6,1.8,328,29,159,28.68,-0.1,0,0,0,44.4,47.5,49.5,0.37,0.31,0.25
RAND,2019-11-08 13:40:00 EST,42.14928,-78.90096,1473,27.6,27.2,22.3,57.2,14.4,0.000,0.053,0.00,0.000,3.8,8.5,2.0,309,31,4.6,9.7,2.1,309,31,4.6,9.7,2.1,309,31,77,28.68,-0.1,0,0,0,44.4,47.5,49.5,0.37,0.31,0.25
RAND,2019-11-08 13:45:00 EST,42.14928,-78.90096,1473,28.0,27.4,23.4,59.1,15.5,0.000,0.053,0.00,0.000,3.2,9.4,2.1,336,42,4.0,10.5,2.5,332,43,4.0,10.5,2.5,332,43,382,28.68,0.0,0,0,0,44.4,47.5,49.5,0.37,0.31,0.25
RAND,2019-11-08 13:50:00 EST,42.14928,-78.90096,1473,28.9,28.0,23.6,57.5,15.8,0.000,0.053,0.00,0.000,4.0,10.5,2.2,298,38,4.8,12.2,2.2,293,42,4.8,12.2,2.2,293,42,544,28.68,-0.1,0,0,0,44.4,47.5,49.5,0.37,0.31,0.25
RAND,2019-11-08 13:55:00 EST,42.14928,-78.90096,1473,29.4,28.5,23.1,58.1,16.5,0.000,0.053,0.00,0.000,5.1,10.6,2.5,287,47,6.1,13.4,2.6,287,47,6.1,13.4,2.6,287,47,526,28.68,-0.0,0,0,0,44.4,47.5,49.5,0.37,0.31,0.25
RAND,2019-11-08 14:00:00 EST,42.14928,-78.90096,1473,29.0,28.2,21.7,58.9,16.4,0.000,0.053,0.00,0.000,6.1,10.7,2.5,3,23,7.2,13.6,3.0,1,21,7.2,13.6,3.0,1,21,189,28.68,-0.1,0,0,0,44.3,47.5,49.5,0.37,0.31,0.25
RAND,2019-11-08 14:05:00 EST,42.14928,-78.90096,1473,28.5,27.7,22.9,59.1,16.0,0.000,0.053,0.00,0.000,4.0,8.7,1.8,9,18,5.1,11.8,2.0,7,15,5.1,11.8,2.0,7,15,273,28.68,-0.0,0,0,0,44.4,47.5,49.5,0.37,0.31,0.25
RAND,2019-11-08 14:10:00 EST,42.14928,-78.90096,1473,28.9,28.0,24.9,55.5,14.9,0.000,0.053,0.00,0.000,2.8,6.9,2.0,340,22,3.7,8.9,2.4,341,25,3.7,8.9,2.4,341,25,449,28.68,0.0,0,0,0,44.4,47.5,49.5,0.37,0.31,0.25
RAND,2019-11-08 14:15:00 EST,42.14928,-78.90096,1473,29.5,28.4,21.9,56.4,15.9,0.000,0.053,0.00,0.000,6.6,11.7,2.5,268,15,7.7,13.8,2.7,267,14,7.7,13.8,2.7,267,14,510,28.68,-0.1,0,0,0,44.4,47.5,49.5,0.37,0.31,0.25
RAND,2019-11-08 14:20:00 EST,42.14928,-78.90096,1473,29.3,28.4,21.4,57.6,16.2,0.000,0.053,0.00,0.000,7.4,12.1,2.1,289,21,8.3,16.6,2.6,289,19,8.3,16.6,2.6,289,19,338,28.68,-0.0,0,0,0,44.4,47.5,49.5,0.37,0.31,0.25
RAND,2019-11-08 14:25:00 EST,42.14928,-78.90096,1473,28.7,28.0,22.3,60.1,16.6,0.000,0.053,0.00,0.000,4.8,10.1,2.7,342,44,6.1,13.2,3.1,341,42,6.1,13.2,3.1,341,42,143,28.68,-0.1,0,0,0,44.3,47.5,49.5,0.37,0.31,0.25
RAND,2019-11-08 14:30:00 EST,42.14928,-78.90096,1473,28.2,27.7,23.2,59.0,15.7,0.000,0.053,0.00,0.000,3.6,8.8,1.4,6,28,4.4,10.9,1.8,4,24,4.4,10.9,1.8,4,24,91,28.68,-0.1,0,0,0,44.3,47.5,49.5,0.37,0.31,0.25
RAND,2019-11-08 14:35:00 EST,42.14928,-78.90096,1473,28.8,28.0,24.6,60.1,16.7,0.000,0.053,0.00,0.000,2.9,7.2,1.9,359,21,3.8,9.9,2.1,359,26,3.8,9.9,2.1,359,26,363,28.68,0.1,0,0,0,44.4,47.5,49.5,0.37,0.31,0.25
RAND,2019-11-08 14:40:00 EST,42.14928,-78.90096,1473,29.0,28.1,24.5,55.7,15.1,0.000,0.053,0.00,0.000,3.3,8.2,2.1,340,48,4.1,11.0,2.4,344,47,4.1,11.0,2.4,344,47,329,28.68,-0.1,0,0,0,44.3,47.5,49.5,0.37,0.31,0.25
RAND,2019-11-08 14:45:00 EST,42.14928,-78.90096,1473,29.4,28.5,23.8,57.8,16.4,0.000,0.053,0.00,0.000,4.1,9.8,2.2,300,34,5.3,11.0,2.3,300,33,5.3,11.0,2.3,300,33,363,28.68,-0.1,0,0,0,44.1,47.5,49.5,0.37,0.31,0.25
RAND,2019-11-08 14:50:00 EST,42.14928,-78.90096,1473,29.0,28.3,22.8,55.5,15.0,0.000,0.053,0.00,0.000,4.9,8.9,1.8,347,39,5.8,11.2,2.3,347,37,5.8,11.2,2.3,347,37,242,28.68,-0.1,0,0,0,44.3,47.5,49.5,0.37,0.31,0.25
RAND,2019-11-08 14:55:00 EST,42.14928,-78.90096,1473,28.3,27.8,20.4,56.4,14.7,0.000,0.053,0.00,0.000,6.6,10.3,2.1,4,27,7.8,12.6,2.5,3,20,7.8,12.6,2.5,3,20,119,28.68,-0.0,0,0,0,44.3,47.5,49.5,0.37,0.31,0.25
RAND,2019-11-08 15:00:00 EST,42.14928,-78.90096,1473,28.6,28.0,22.9,55.7,14.7,0.000,0.053,0.00,0.000,4.5,9.9,2.0,356,34,5.2,10.2,2.0,357,31,5.2,10.2,2.0,357,31,297,28.68,0.0,0,0,0,44.2,47.5,49.5,0.37,0.31,0.25
RAND,2019-11-08 15:05:00 EST,42.14928,-78.90096,1473,29.0,28.1,22.9,56.1,15.3,0.000,0.053,0.00,0.000,4.7,10.5,1.8,11,16,5.7,12.4,2.2,9,15,5.7,12.4,2.2,9,15,281,28.68,-0.0,0,0,0,44.1,47.5,49.5,0.37,0.31,0.25
RAND,2019-11-08 15:10:00 EST,42.14928,-78.90096,1473,28.9,28.1,22.0,55.7,15.0,0.000,0.053,0.00,0.000,5.4,10.6,1.9,4,17,6.6,12.9,2.3,2,14,6.6,12.9,2.3,2,14,268,28.68,-0.0,0,0,0,44.1,47.5,49.5,0.37,0.31,0.25
RAND,2019-11-08 15:15:00 EST,42.14928,-78.90096,1473,28.9,28.1,23.2,55.8,15.0,0.000,0.053,0.00,0.000,4.3,8.5,2.0,357,33,5.2,9.5,2.0,355,34,5.2,9.5,2.0,355,34,256,28.68,0.0,0,0,0,44.1,47.5,49.5,0.37,0.31,0.25
RAND,2019-11-08 15:20:00 EST,42.14928,-78.90096,1473,28.9,28.1,22.7,57.2,15.6,0.000,0.053,0.00,0.000,5.0,8.7,1.4,7,25,5.8,10.4,1.6,5,22,5.8,10.4,1.6,5,22,222,28.68,-0.0,0,0,0,44.1,47.5,49.5,0.37,0.31,0.25
RAND,2019-11-08 15:25:00 EST,42.14928,-78.90096,1473,28.6,27.8,21.9,57.8,15.6,0.000,0.053,0.00,0.000,5.6,9.6,1.8,23,10,6.3,10.6,2.0,21,9,6.3,10.6,2.0,21,9,247,28.68,0.0,0,0,0,44.1,47.5,49.5,0.37,0.31,0.25
RAND,2019-11-08 15:30:00 EST,42.14928,-78.90096,1473,29.0,28.1,21.7,58.7,16.3,0.000,0.053,0.00,0.000,6.6,11.7,2.4,29,12,7.3,12.2,2.4,28,13,7.3,12.2,2.4,28,13,232,28.68,-0.0,0,0,0,44.1,47.5,49.5,0.37,0.31,0.25
RAND,2019-11-08 15:35:00 EST,42.14928,-78.90096,1473,28.6,28.0,21.5,58.0,15.7,0.000,0.053,0.00,0.000,6.0,10.7,2.3,12,18,7.0,12.3,2.4,9,17,7.0,12.3,2.4,9,17,171,28.68,-0.0,0,0,0,44.1,47.5,49.5,0.37,0.31,0.25
RAND,2019-11-08 15:40:00 EST,42.14928,-78.90096,1473,28.6,28.0,22.1,60.1,16.5,0.000,0.053,0.00,0.000,5.2,9.9,1.4,17,12,6.1,11.3,1.7,16,10,6.1,11.3,1.7,16,10,141,28.68,-0.1,0,0,0,44.1,47.5,49.5,0.37,0.31,0.25
RAND,2019-11-08 15:45:00 EST,42.14928,-78.90096,1473,28.1,27.7,22.4,58.5,15.4,0.000,0.053,0.00,0.000,4.4,8.5,1.7,16,20,5.1,9.3,1.8,13,20,5.1,9.3,1.8,13,20,63,28.68,-0.1,0,0,0,44.1,47.5,49.5,0.37,0.31,0.25
RAND,2019-11-08 15:50:00 EST,42.14928,-78.90096,1473,28.2,27.8,23.3,59.9,16.1,0.000,0.053,0.00,0.000,3.6,6.9,1.5,331,47,4.4,8.4,1.8,330,45,4.4,8.4,1.8,330,45,166,28.68,-0.0,0,0,0,44.1,47.5,49.5,0.37,0.31,0.25
RAND,2019-11-08 15:55:00 EST,42.14928,-78.90096,1473,28.4,27.8,20.7,60.1,16.3,0.000,0.053,0.00,0.000,6.6,9.9,1.7,283,12,7.6,12.5,2.2,282,10,7.6,12.5,2.2,282,10,162,28.68,-0.0,0,0,0,44.1,47.5,49.5,0.37,0.31,0.25
RAND,2019-11-08 16:00:00 EST,42.14928,-78.90096,1473,28.4,27.9,24.1,58.7,15.8,0.000,0.053,0.00,0.000,3.2,7.7,1.5,348,26,3.9,10.0,2.0,348,27,3.9,10.0,2.0,348,27,146,28.68,-0.0,0,0,0,44.1,47.5,49.5,0.37,0.31,0.25
RAND,2019-11-08 16:05:00 EST,42.14928,-78.90096,1473,28.4,27.8,23.0,58.7,15.8,0.000,0.053,0.00,0.000,4.0,6.8,1.7,287,17,4.8,7.9,1.8,286,15,4.8,7.9,1.8,286,15,130,28.69,-0.1,0,0,0,44.1,47.5,49.5,0.37,0.31,0.25
RAND,2019-11-08 16:10:00 EST,42.14928,-78.90096,1473,28.5,27.8,28.5,58.5,15.8,0.000,0.053,0.00,0.000,1.1,4.5,1.5,322,45,2.0,6.0,1.7,344,56,2.0,6.0,1.7,344,56,87,28.69,-0.1,0,0,0,44.1,47.5,49.5,0.37,0.31,0.25
RAND,2019-11-08 16:15:00 EST,42.14928,-78.90096,1473,27.9,27.6,24.2,57.8,14.9,0.000,0.053,0.00,0.000,2.7,4.2,0.5,337,31,3.3,5.1,0.7,340,31,3.3,5.1,0.7,340,31,51,28.69,-0.1,0,0,0,44.1,47.5,49.5,0.37,0.31,0.25
RAND,2019-11-08 16:20:00 EST,42.14928,-78.90096,1473,27.8,27.5,22.5,58.9,15.3,0.000,0.053,0.00,0.000,3.7,6.7,1.3,356,23,4.7,8.6,1.7,358,16,4.7,8.6,1.7,358,16,90,28.69,-0.1,0,0,0,44.1,47.5,49.5,0.37,0.31,0.25
RAND,2019-11-08 16:25:00 EST,42.14928,-78.90096,1473,27.9,27.5,27.9,59.1,15.5,0.000,0.053,0.00,0.000,2.1,5.0,1.1,11,22,2.7,6.0,1.2,8,18,2.7,6.0,1.2,8,18,79,28.69,-0.0,0,0,0,44.1,47.5,49.5,0.37,0.31,0.25
RAND,2019-11-08 16:30:00 EST,42.14928,-78.90096,1473,27.7,27.4,21.4,59.9,15.6,0.000,0.053,0.00,0.000,4.8,7.5,1.0,5,17,5.8,9.2,1.3,5,15,5.8,9.2,1.3,5,15,65,28.69,-0.1,0,0,0,44.1,47.5,49.5,0.37,0.31,0.25
RAND,2019-11-08 16:35:00 EST,42.14928,-78.90096,1473,27.6,27.3,22.3,60.2,15.6,0.000,0.053,0.00,0.000,3.9,6.3,1.2,9,21,4.6,7.6,1.4,6,19,4.6,7.6,1.4,6,19,51,28.69,-0.1,0,0,0,44.1,47.5,49.5,0.37,0.31,0.25
RAND,2019-11-08 16:40:00 EST,42.14928,-78.90096,1473,27.3,27.1,21.1,61.7,15.9,0.000,0.053,0.00,0.000,4.4,8.0,1.0,0,12,5.5,10.3,1.4,0,9,5.5,10.3,1.4,0,9,38,28.69,-0.1,0,0,0,44.1,47.5,49.5,0.37,0.31,0.25
RAND,2019-11-08 16:45:00 EST,42.14928,-78.90096,1473,27.2,27.0,23.8,61.2,15.6,0.000,0.053,0.00,0.000,2.4,6.1,1.1,6,31,3.1,7.2,1.1,5,25,3.1,7.2,1.1,5,25,27,28.69,-0.0,0,0,0,44.1,47.5,49.5,0.37,0.31,0.25
RAND,2019-11-08 16:50:00 EST,42.14928,-78.90096,1473,27.0,26.9,22.8,62.8,16.0,0.000,0.053,0.00,0.000,3.0,6.0,1.0,22,22,3.6,6.8,1.1,20,21,3.6,6.8,1.1,20,21,17,28.69,-0.1,0,0,0,44.1,47.5,49.5,0.37,0.31,0.25
RAND,2019-11-08 16:55:00 EST,42.14928,-78.90096,1473,26.7,26.7,21.7,64.3,16.2,0.000,0.053,0.00,0.000,3.4,5.5,1.0,14,14,4.2,6.6,1.2,14,12,4.2,6.6,1.2,14,12,9,28.69,-0.1,0,0,0,44.1,47.5,49.5,0.37,0.31,0.25
RAND,2019-11-08 17:00:00 EST,42.14928,-78.90096,1473,26.5,26.6,23.0,65.5,16.5,0.000,0.053,0.00,0.000,2.4,4.5,0.8,9,16,3.0,5.3,0.8,6,15,3.0,5.3,0.8,6,15,6,28.69,-0.1,0,0,0,44.1,47.5,49.5,0.37,0.31,0.25
RAND,2019-11-08 17:05:00 EST,42.14928,-78.90096,1473,26.3,26.5,26.3,65.5,16.3,0.000,0.053,0.00,0.000,2.0,2.9,0.4,5,14,2.7,4.2,0.6,4,14,2.7,4.2,0.6,4,14,4,28.69,-0.2,0,0,0,44.1,47.5,49.5,0.37,0.31,0.25
RAND,2019-11-08 17:10:00 EST,42.14928,-78.90096,1473,26.0,26.3,22.5,67.2,16.6,0.000,0.053,0.00,0.000,2.5,3.5,0.6,353,20,3.1,4.9,0.8,354,15,3.1,4.9,0.8,354,15,2,28.69,-0.1,0,0,0,44.1,47.5,49.4,0.37,0.31,0.25
RAND,2019-11-08 17:15:00 EST,42.14928,-78.90096,1473,26.1,26.3,22.1,65.7,16.2,0.000,0.053,0.00,0.000,2.6,4.4,0.8,1,23,3.3,5.9,1.0,360,22,3.3,5.9,1.0,360,22,1,28.69,-0.1,0,0,0,44.1,47.5,49.4,0.37,0.31,0.25
RAND,2019-11-08 17:20:00 EST,42.14928,-78.90096,1473,25.9,26.2,25.9,66.8,16.4,0.000,0.053,0.00,0.000,2.2,4.3,1.1,29,17,2.5,5.0,1.0,28,19,2.5,5.0,1.0,28,19,1,28.69,-0.1,0,0,0,44.1,47.5,49.5,0.37,0.31,0.25
RAND,2019-11-08 17:25:00 EST,42.14928,-78.90096,1473,25.9,26.1,25.9,67.9,16.7,0.000,0.053,0.00,0.000,2.3,3.3,0.4,11,16,2.9,4.3,0.5,10,14,2.9,4.3,0.5,10,14,0,28.70,-0.1,0,0,0,44.1,47.5,49.4,0.37,0.31,0.25
RAND,2019-11-08 17:30:00 EST,42.14928,-78.90096,1473,25.6,25.9,25.6,68.3,16.6,0.000,0.053,0.00,0.000,1.8,3.0,0.6,2,13,2.5,4.3,0.8,1,12,2.5,4.3,0.8,1,12,0,28.70,-0.1,0,0,0,44.1,47.5,49.4,0.37,0.31,0.25
RAND,2019-11-08 17:35:00 EST,42.14928,-78.90096,1473,25.6,25.8,25.6,68.8,16.8,0.000,0.053,0.00,0.000,1.6,3.3,0.6,3,13,2.3,4.5,0.7,1,12,2.3,4.5,0.7,1,12,0,28.70,-0.1,0,0,0,44.1,47.5,49.4,0.37,0.31,0.25
RAND,2019-11-08 17:40:00 EST,42.14928,-78.90096,1473,25.3,25.6,25.3,70.7,17.1,0.000,0.053,0.00,0.000,1.5,3.0,0.4,3,14,2.0,3.6,0.4,4,13,2.0,3.6,0.4,4,13,0,28.70,-0.1,0,0,0,44.1,47.5,49.4,0.37,0.31,0.25
RAND,2019-11-08 17:45:00 EST,42.14928,-78.90096,1473,25.1,25.3,25.1,72.4,17.5,0.000,0.053,0.00,0.000,1.3,1.9,0.3,352,9,2.0,2.7,0.4,350,12,2.0,2.7,0.4,350,12,0,28.70,-0.1,0,0,0,44.0,47.5,49.3,0.37,0.31,0.25
RAND,2019-11-08 17:50:00 EST,42.14928,-78.90096,1473,25.0,25.2,25.0,73.4,17.7,0.000,0.053,0.00,0.000,1.1,1.7,0.3,350,9,1.7,2.6,0.4,349,11,1.7,2.6,0.4,349,11,0,28.70,-0.1,0,0,0,44.0,47.5,49.4,0.37,0.31,0.25
RAND,2019-11-08 17:55:00 EST,42.14928,-78.90096,1473,25.0,25.1,25.0,70.8,16.8,0.000,0.053,0.00,0.000,1.0,1.6,0.3,344,11,1.6,2.7,0.4,343,14,1.6,2.7,0.4,343,14,0,28.70,-0.0,0,0,0,43.9,47.5,49.4,0.37,0.31,0.25
RAND,2019-11-08 18:00:00 EST,42.14928,-78.90096,1473,24.6,25.0,24.6,73.9,17.5,0.000,0.053,0.00,0.000,0.3,1.1,0.4,349,8,1.1,2.0,0.4,350,16,1.1,2.0,0.4,350,16,0,28.70,-0.1,0,0,0,43.9,47.5,49.3,0.37,0.31,0.25
RAND,2019-11-08 18:05:00 EST,42.14928,-78.90096,1473,24.5,24.5,24.5,76.3,18.1,0.000,0.053,0.00,0.000,1.5,2.6,0.5,18,5,2.2,3.0,0.4,15,5,2.2,3.0,0.4,15,5,0,28.70,-0.2,0,0,0,43.9,47.5,49.3,0.37,0.31,0.25
RAND,2019-11-08 18:10:00 EST,42.14928,-78.90096,1473,24.2,24.2,19.8,77.6,18.2,0.000,0.053,0.00,0.000,2.7,3.4,0.4,13,3,3.4,4.5,0.5,10,3,3.4,4.5,0.5,10,3,0,28.70,-0.1,0,0,0,43.9,47.5,49.3,0.37,0.31,0.25
RAND,2019-11-08 18:15:00 EST,42.14928,-78.90096,1473,23.7,23.9,18.5,79.5,18.3,0.000,0.053,0.00,0.000,3.3,3.9,0.2,12,3,4.1,4.8,0.3,10,2,4.1,4.8,0.3,10,2,0,28.71,-0.1,0,0,0,43.9,47.5,49.3,0.37,0.31,0.25
RAND,2019-11-08 18:20:00 EST,42.14928,-78.90096,1473,23.6,23.8,19.0,80.7,18.5,0.000,0.053,0.00,0.000,2.8,3.7,0.3,12,4,3.5,4.6,0.3,10,3,3.5,4.6,0.3,10,3,0,28.71,-0.1,0,0,0,43.9,47.5,49.3,0.37,0.31,0.25
RAND,2019-11-08 18:25:00 EST,42.14928,-78.90096,1473,23.5,23.6,19.4,80.7,18.5,0.000,0.053,0.00,0.000,2.6,3.4,0.3,17,7,3.2,4.0,0.3,14,6,3.2,4.0,0.3,14,6,0,28.71,-0.1,0,0,0,43.9,47.5,49.4,0.37,0.31,0.25
RAND,2019-11-08 18:30:00 EST,42.14928,-78.90096,1473,23.5,23.5,18.8,80.3,18.3,0.000,0.053,0.00,0.000,3.1,3.6,0.3,24,3,3.6,4.4,0.4,20,4,3.6,4.4,0.4,20,4,0,28.71,-0.1,0,0,0,43.9,47.5,49.3,0.37,0.31,0.25
RAND,2019-11-08 18:35:00 EST,42.14928,-78.90096,1473,23.1,23.2,17.5,81.7,18.4,0.000,0.053,0.00,0.000,3.7,4.2,0.2,22,3,4.2,4.9,0.3,18,3,4.2,4.9,0.3,18,3,0,28.71,-0.1,0,0,0,43.9,47.5,49.3,0.37,0.31,0.25
RAND,2019-11-08 18:40:00 EST,42.14928,-78.90096,1473,22.9,23.0,17.4,82.4,18.3,0.000,0.053,0.00,0.000,3.5,4.1,0.2,18,5,4.1,4.9,0.3,15,4,4.1,4.9,0.3,15,4,0,28.71,-0.0,0,0,0,43.9,47.5,49.3,0.37,0.31,0.25
RAND,2019-11-08 18:45:00 EST,42.14928,-78.90096,1473,22.7,22.9,18.1,82.9,18.3,0.000,0.053,0.00,0.000,2.9,3.4,0.2,20,5,3.5,4.4,0.4,18,6,3.5,4.4,0.4,18,6,0,28.71,-0.0,0,0,0,43.9,47.5,49.3,0.37,0.31,0.25
RAND,2019-11-08 18:50:00 EST,42.14928,-78.90096,1473,22.7,22.8,18.7,82.8,18.3,0.000,0.053,0.00,0.000,2.7,3.3,0.2,25,4,3.1,3.8,0.3,24,6,3.1,3.8,0.3,24,6,0,28.72,-0.1,0,0,0,43.9,47.5,49.3,0.37,0.31,0.25
RAND,2019-11-08 18:55:00 EST,42.14928,-78.90096,1473,22.4,22.7,18.3,83.4,18.2,0.000,0.053,0.00,0.000,2.9,3.4,0.2,32,4,3.1,3.9,0.2,32,5,3.1,3.9,0.2,32,5,0,28.72,-0.0,0,0,0,43.9,47.5,49.3,0.37,0.31,0.25
RAND,2019-11-08 19:00:00 EST,42.14928,-78.90096,1473,22.3,22.6,17.2,83.9,18.2,0.000,0.053,0.00,0.000,3.5,4.2,0.4,29,8,3.8,4.9,0.6,27,11,3.8,4.9,0.6,27,11,0,28.72,-0.1,0,0,0,43.9,47.5,49.3,0.37,0.31,0.25
RAND,2019-11-08 19:05:00 EST,42.14928,-78.90096,1473,22.2,22.4,15.3,84.8,18.3,0.000,0.053,0.00,0.000,4.5,5.5,0.4,15,4,5.2,6.4,0.5,12,3,5.2,6.4,0.5,12,3,0,28.72,0.0,0,0,0,43.9,47.5,49.3,0.37,0.31,0.25
RAND,2019-11-08 19:10:00 EST,42.14928,-78.90096,1473,22.2,22.3,15.2,83.8,18.1,0.000,0.053,0.00,0.000,4.6,5.3,0.4,13,4,5.3,6.3,0.5,10,3,5.3,6.3,0.5,10,3,0,28.72,-0.0,0,0,0,43.9,47.5,49.3,0.37,0.31,0.25
RAND,2019-11-08 19:15:00 EST,42.14928,-78.90096,1473,22.1,22.2,16.0,83.3,17.8,0.000,0.053,0.00,0.000,3.7,4.5,0.4,13,5,4.5,5.5,0.5,10,5,4.5,5.5,0.5,10,5,0,28.72,-0.1,0,0,0,43.9,47.4,49.3,0.37,0.31,0.25
RAND,2019-11-08 19:20:00 EST,42.14928,-78.90096,1473,22.1,22.2,15.1,83.0,17.7,0.000,0.053,0.00,0.000,4.6,5.1,0.3,20,2,5.3,5.9,0.4,16,3,5.3,5.9,0.4,16,3,0,28.72,-0.0,0,0,0,43.9,47.4,49.3,0.37,0.31,0.25
RAND,2019-11-08 19:25:00 EST,42.14928,-78.90096,1473,21.8,22.0,15.4,84.7,17.9,0.000,0.053,0.00,0.000,4.1,4.7,0.3,22,3,4.7,5.6,0.4,18,3,4.7,5.6,0.4,18,3,0,28.72,-0.0,0,0,0,43.9,47.5,49.3,0.37,0.31,0.25
RAND,2019-11-08 19:30:00 EST,42.14928,-78.90096,1473,21.6,21.8,15.1,84.9,17.8,0.000,0.053,0.00,0.000,4.2,5.1,0.4,19,3,4.8,5.7,0.4,16,3,4.8,5.7,0.4,16,3,0,28.72,-0.0,0,0,0,43.9,47.4,49.3,0.37,0.31,0.25
RAND,2019-11-08 19:35:00 EST,42.14928,-78.90096,1473,21.4,21.7,16.2,86.4,18.0,0.000,0.053,0.00,0.000,3.4,4.0,0.3,27,5,3.7,4.8,0.4,26,7,3.7,4.8,0.4,26,7,0,28.72,-0.0,0,0,0,43.9,47.4,49.3,0.37,0.31,0.25
RAND,2019-11-08 19:40:00 EST,42.14928,-78.90096,1473,21.5,21.6,16.5,86.1,18.0,0.000,0.053,0.00,0.000,3.5,4.2,0.3,34,4,3.6,4.7,0.4,35,6,3.6,4.7,0.4,35,6,0,28.72,-0.1,0,0,0,43.9,47.5,49.3,0.37,0.31,0.25
RAND,2019-11-08 19:45:00 EST,42.14928,-78.90096,1473,21.3,21.5,15.6,86.2,17.9,0.000,0.053,0.00,0.000,3.7,4.5,0.4,26,3,4.1,5.1,0.5,24,4,4.1,5.1,0.5,24,4,0,28.72,-0.0,0,0,0,43.9,47.4,49.3,0.37,0.31,0.25
RAND,2019-11-08 19:50:00 EST,42.14928,-78.90096,1473,21.4,21.6,13.7,85.3,17.7,0.000,0.053,0.00,0.000,5.1,6.1,0.5,16,6,5.8,6.9,0.7,13,6,5.8,6.9,0.7,13,6,0,28.71,-0.0,0,0,0,43.9,47.3,49.3,0.37,0.31,0.25
RAND,2019-11-08 19:55:00 EST,42.14928,-78.90096,1473,21.4,21.5,14.7,84.1,17.3,0.000,0.053,0.00,0.000,4.3,4.9,0.4,18,4,4.9,5.8,0.5,15,4,4.9,5.8,0.5,15,4,0,28.71,-0.0,0,0,0,43.8,47.4,49.3,0.37,0.31,0.25
RAND,2019-11-08 20:00:00 EST,42.14928,-78.90096,1473,21.4,21.7,15.8,83.4,17.2,0.000,0.053,0.00,0.000,3.5,4.3,0.4,20,5,4.1,4.9,0.4,17,6,4.1,4.9,0.4,17,6,0,28.71,-0.0,0,0,0,43.7,47.3,49.3,0.37,0.31,0.25
RAND,2019-11-08 20:05:00 EST,42.14928,-78.90096,1473,21.0,21.4,21.0,84.6,17.1,0.000,0.053,0.00,0.000,2.8,3.5,0.3,42,10,2.9,3.8,0.4,40,9,2.9,3.8,0.4,40,9,0,28.71,0.0,0,0,0,43.7,47.4,49.3,0.37,0.31,0.25
RAND,2019-11-08 20:10:00 EST,42.14928,-78.90096,1473,21.0,21.2,21.0,85.8,17.4,0.000,0.053,0.00,0.000,2.7,3.5,0.4,44,10,2.6,3.8,0.6,43,8,2.6,3.8,0.6,43,8,0,28.71,-0.1,0,0,0,43.7,47.3,49.3,0.37,0.31,0.25
RAND,2019-11-08 20:15:00 EST,42.14928,-78.90096,1473,20.7,21.1,16.1,86.8,17.4,0.000,0.053,0.00,0.000,3.0,3.6,0.3,35,4,3.2,3.9,0.4,35,5,3.2,3.9,0.4,35,5,0,28.71,0.0,0,0,0,43.7,47.3,49.3,0.37,0.31,0.25
RAND,2019-11-08 20:20:00 EST,42.14928,-78.90096,1473,20.8,21.0,20.8,86.9,17.5,0.000,0.053,0.00,0.000,2.9,3.9,0.4,37,7,3.0,4.6,0.6,37,8,3.0,4.6,0.6,37,8,0,28.71,-0.0,0,0,0,43.7,47.3,49.3,0.37,0.31,0.25
RAND,2019-11-08 20:25:00 EST,42.14928,-78.90096,1473,20.4,20.9,20.4,88.1,17.4,0.000,0.053,0.00,0.000,2.8,3.3,0.2,35,7,2.9,4.0,0.4,36,9,2.9,4.0,0.4,36,9,0,28.71,-0.0,0,0,0,43.7,47.3,49.3,0.37,0.31,0.25
RAND,2019-11-08 20:30:00 EST,42.14928,-78.90096,1473,20.8,21.5,15.3,86.7,17.4,0.000,0.053,0.00,0.000,3.3,4.3,0.6,22,8,3.8,5.2,0.8,19,9,3.8,5.2,0.8,19,9,0,28.71,-0.0,0,0,0,43.7,47.3,49.3,0.37,0.31,0.25
RAND,2019-11-08 20:35:00 EST,42.14928,-78.90096,1473,21.0,21.8,14.8,85.3,17.3,0.000,0.053,0.00,0.000,3.8,5.3,0.8,22,16,4.4,6.3,0.9,19,14,4.4,6.3,0.9,19,14,0,28.71,0.0,0,0,0,43.7,47.3,49.3,0.37,0.31,0.25
RAND,2019-11-08 20:40:00 EST,42.14928,-78.90096,1473,20.9,22.0,16.3,84.3,16.9,0.000,0.053,0.00,0.000,2.8,4.5,0.6,20,17,3.3,5.0,0.8,17,16,3.3,5.0,0.8,17,16,0,28.71,-0.0,0,0,0,43.7,47.3,49.3,0.37,0.31,0.25
RAND,2019-11-08 20:45:00 EST,42.14928,-78.90096,1473,21.0,21.9,21.0,85.1,17.2,0.000,0.053,0.00,0.000,2.3,3.7,0.7,35,22,2.7,3.8,0.7,32,22,2.7,3.8,0.7,32,22,0,28.71,0.0,0,0,0,43.7,47.3,49.3,0.37,0.31,0.25
RAND,2019-11-08 20:50:00 EST,42.14928,-78.90096,1473,20.8,21.5,20.8,85.7,17.2,0.000,0.053,0.00,0.000,2.6,4.3,1.0,37,13,2.7,4.7,1.1,35,13,2.7,4.7,1.1,35,13,0,28.71,0.0,0,0,0,43.7,47.3,49.3,0.37,0.31,0.25
RAND,2019-11-08 20:55:00 EST,42.14928,-78.90096,1473,20.4,21.1,12.8,87.3,17.3,0.000,0.053,0.00,0.000,4.9,6.4,0.7,15,6,5.7,7.3,0.8,12,5,5.7,7.3,0.8,12,5,0,28.71,0.0,0,0,0,43.7,47.3,49.3,0.37,0.31,0.25
RAND,2019-11-08 21:00:00 EST,42.14928,-78.90096,1473,20.5,21.3,16.0,87.4,17.4,0.000,0.053,0.00,0.000,2.8,3.8,0.7,23,16,3.2,4.5,0.8,22,17,3.2,4.5,0.8,22,17,0,28.71,0.0,0,0,0,43.6,47.3,49.3,0.37,0.31,0.25
RAND,2019-11-08 21:05:00 EST,42.14928,-78.90096,1473,20.6,21.8,15.4,87.4,17.5,0.000,0.053,0.00,0.000,3.2,4.6,0.8,23,15,3.7,5.6,1.0,21,14,3.7,5.6,1.0,21,14,0,28.70,0.1,0,0,0,43.5,47.3,49.3,0.37,0.31,0.25
RAND,2019-11-08 21:10:00 EST,42.14928,-78.90096,1473,20.8,21.5,14.8,86.5,17.4,0.000,0.053,0.00,0.000,3.6,5.5,1.2,12,17,4.2,6.5,1.3,11,15,4.2,6.5,1.3,11,15,0,28.70,0.0,0,0,0,43.5,47.3,49.3,0.37,0.31,0.25
RAND,2019-11-08 21:15:00 EST,42.14928,-78.90096,1473,20.6,20.9,12.2,85.5,16.9,0.000,0.053,0.00,0.000,5.5,6.6,0.6,9,5,6.4,8.1,0.7,7,3,6.4,8.1,0.7,7,3,0,28.70,0.1,0,0,0,43.5,47.3,49.3,0.37,0.31,0.25
RAND,2019-11-08 21:20:00 EST,42.14928,-78.90096,1473,20.7,21.1,13.2,85.4,17.0,0.000,0.053,0.00,0.000,4.7,6.6,1.3,9,6,5.6,8.1,1.5,7,5,5.6,8.1,1.5,7,5,0,28.70,0.1,0,0,0,43.5,47.3,49.3,0.37,0.31,0.25
RAND,2019-11-08 21:25:00 EST,42.14928,-78.90096,1473,20.4,21.4,15.4,86.6,17.1,0.000,0.053,0.00,0.000,2.9,3.9,0.5,15,7,3.5,4.6,0.5,13,7,3.5,4.6,0.5,13,7,0,28.70,0.0,0,0,0,43.5,47.3,49.3,0.37,0.31,0.25
RAND,2019-11-08 21:30:00 EST,42.14928,-78.90096,1473,20.0,20.4,15.3,87.8,16.9,0.000,0.053,0.00,0.000,3.1,4.1,0.4,49,10,3.2,4.6,0.7,47,9,3.2,4.6,0.7,47,9,0,28.70,0.0,0,0,0,43.5,47.3,49.3,0.37,0.31,0.25
RAND,2019-11-08 21:35:00 EST,42.14928,-78.90096,1473,19.8,20.0,19.8,88.2,16.9,0.000,0.053,0.00,0.000,2.9,3.5,0.4,39,7,3.0,4.0,0.5,39,7,3.0,4.0,0.5,39,7,0,28.70,0.0,0,0,0,43.5,47.3,49.3,0.37,0.31,0.25
RAND,2019-11-08 21:40:00 EST,42.14928,-78.90096,1473,19.8,20.3,13.5,89.1,17.1,0.000,0.053,0.00,0.000,3.9,4.7,0.4,25,7,4.4,5.8,0.6,22,9,4.4,5.8,0.6,22,9,0,28.70,0.0,0,0,0,43.5,47.3,49.3,0.37,0.31,0.25
RAND,2019-11-08 21:45:00 EST,42.14928,-78.90096,1473,20.0,20.5,11.9,88.5,17.2,0.000,0.053,0.00,0.000,5.2,6.4,0.6,11,6,6.1,7.4,0.6,9,5,6.1,7.4,0.6,9,5,0,28.70,0.0,0,0,0,43.5,47.3,49.3,0.37,0.31,0.25
RAND,2019-11-08 21:50:00 EST,42.14928,-78.90096,1473,20.1,20.5,11.6,87.7,17.1,0.000,0.053,0.00,0.000,5.7,6.6,0.7,11,5,6.5,7.9,0.8,9,4,6.5,7.9,0.8,9,4,0,28.70,0.1,0,0,0,43.5,47.3,49.3,0.37,0.31,0.25
RAND,2019-11-08 21:55:00 EST,42.14928,-78.90096,1473,20.3,20.7,12.9,86.8,17.0,0.000,0.053,0.00,0.000,4.5,5.7,0.7,10,5,5.4,6.7,0.7,8,4,5.4,6.7,0.7,8,4,0,28.70,0.0,0,0,0,43.5,47.3,49.3,0.37,0.31,0.25
RAND,2019-11-08 22:00:00 EST,42.14928,-78.90096,1473,19.9,20.7,15.1,87.5,16.8,0.000,0.053,0.00,0.000,3.0,4.2,0.6,30,10,3.3,4.6,0.6,30,11,3.3,4.6,0.6,30,11,0,28.70,0.1,0,0,0,43.5,47.3,49.3,0.37,0.31,0.25
RAND,2019-11-08 22:05:00 EST,42.14928,-78.90096,1473,20.0,20.9,15.1,88.1,17.0,0.000,0.053,0.00,0.000,3.1,4.1,0.8,35,13,3.4,4.5,0.7,34,14,3.4,4.5,0.7,34,14,0,28.70,0.1,0,0,0,43.4,47.3,49.3,0.37,0.31,0.25
RAND,2019-11-08 22:10:00 EST,42.14928,-78.90096,1473,20.0,20.0,13.3,88.4,17.1,0.000,0.053,0.00,0.000,4.3,5.3,0.5,28,7,4.7,5.8,0.7,26,9,4.7,5.8,0.7,26,9,0,28.69,0.1,0,0,0,43.3,47.3,49.3,0.37,0.31,0.25
RAND,2019-11-08 22:15:00 EST,42.14928,-78.90096,1473,20.1,20.2,12.2,88.6,17.3,0.000,0.053,0.00,0.000,5.0,5.6,0.3,13,8,5.9,6.9,0.4,10,7,5.9,6.9,0.4,10,7,0,28.69,0.1,0,0,0,43.3,47.3,49.3,0.37,0.31,0.25
RAND,2019-11-08 22:20:00 EST,42.14928,-78.90096,1473,20.4,21.0,13.9,87.3,17.2,0.000,0.053,0.00,0.000,3.9,5.2,1.1,12,12,4.7,6.3,1.1,10,13,4.7,6.3,1.1,10,13,0,28.69,0.3,0,0,0,43.3,47.3,49.3,0.37,0.31,0.25
RAND,2019-11-08 22:25:00 EST,42.14928,-78.90096,1473,21.1,21.8,21.1,86.2,17.6,0.000,0.053,0.00,0.000,0.5,2.5,0.7,323,27,1.1,3.0,0.8,318,43,1.1,3.0,0.8,318,43,0,28.69,0.1,0,0,0,43.3,47.3,49.3,0.37,0.31,0.25
RAND,2019-11-08 22:30:00 EST,42.14928,-78.90096,1473,21.0,21.5,21.0,85.5,17.3,0.000,0.053,0.00,0.000,1.1,2.1,0.5,205,25,1.5,2.4,0.5,204,30,1.5,2.4,0.5,204,30,0,28.69,-0.1,0,0,0,43.3,47.3,49.3,0.37,0.31,0.25
RAND,2019-11-08 22:35:00 EST,42.14928,-78.90096,1473,19.4,20.1,19.4,88.0,16.5,0.000,0.053,0.00,0.000,1.2,2.5,0.5,71,11,1.7,2.7,0.4,69,11,1.7,2.7,0.4,69,11,0,28.69,0.1,0,0,0,43.3,47.3,49.3,0.37,0.31,0.25
RAND,2019-11-08 22:40:00 EST,42.14928,-78.90096,1473,19.4,19.7,19.4,90.4,17.0,0.000,0.053,0.00,0.000,2.0,2.7,0.4,62,11,2.3,2.8,0.2,61,11,2.3,2.8,0.2,61,11,0,28.69,0.1,0,0,0,43.3,47.3,49.3,0.37,0.31,0.25
RAND,2019-11-08 22:45:00 EST,42.14928,-78.90096,1473,19.9,20.1,19.9,90.7,17.6,0.000,0.053,0.00,0.000,2.3,2.7,0.1,36,8,2.5,3.2,0.3,36,8,2.5,3.2,0.3,36,8,0,28.69,0.1,0,0,0,43.3,47.3,49.3,0.37,0.31,0.25
RAND,2019-11-08 22:50:00 EST,42.14928,-78.90096,1473,20.1,20.2,14.6,90.7,17.9,0.000,0.053,0.00,0.000,3.4,4.2,0.3,25,2,3.8,4.6,0.4,23,3,3.8,4.6,0.4,23,3,0,28.69,0.1,0,0,0,43.3,47.3,49.3,0.37,0.31,0.25
RAND,2019-11-08 22:55:00 EST,42.14928,-78.90096,1473,20.2,20.2,14.7,90.1,17.8,0.000,0.053,0.00,0.000,3.5,4.2,0.2,27,3,3.9,4.8,0.3,26,4,3.9,4.8,0.3,26,4,0,28.69,0.1,0,0,0,43.3,47.3,49.3,0.37,0.31,0.25
RAND,2019-11-08 23:00:00 EST,42.14928,-78.90096,1473,20.4,20.4,14.9,89.3,17.7,0.000,0.053,0.00,0.000,3.4,4.2,0.4,27,4,3.8,4.8,0.5,25,5,3.8,4.8,0.5,25,5,0,28.69,0.1,0,0,0,43.2,47.3,49.3,0.37,0.31,0.25
RAND,2019-11-08 23:05:00 EST,42.14928,-78.90096,1473,20.6,20.7,15.8,88.1,17.6,0.000,0.053,0.00,0.000,2.9,4.0,0.7,22,5,3.4,4.6,0.7,19,6,3.4,4.6,0.7,19,6,0,28.69,0.0,0,0,0,43.2,47.3,49.3,0.37,0.31,0.25
RAND,2019-11-08 23:10:00 EST,42.14928,-78.90096,1473,19.8,20.7,19.8,88.2,16.9,0.000,0.053,0.00,0.000,0.6,2.3,0.6,26,21,1.3,3.1,0.5,26,27,1.3,3.1,0.5,26,27,0,28.69,0.0,0,0,0,43.2,47.3,49.3,0.37,0.31,0.25
RAND,2019-11-08 23:15:00 EST,42.14928,-78.90096,1473,19.9,20.6,19.9,89.4,17.3,0.000,0.053,0.00,0.000,0.1,0.8,0.3,97,10,0.5,1.5,0.6,87,25,0.5,1.5,0.6,87,25,0,28.68,0.1,0,0,0,43.2,47.3,49.3,0.37,0.31,0.25
RAND,2019-11-08 23:20:00 EST,42.14928,-78.90096,1473,20.1,20.3,20.1,89.2,17.4,0.000,0.053,0.00,0.000,0.6,1.5,0.5,148,14,1.1,2.0,0.6,143,21,1.1,2.0,0.6,143,21,0,28.69,0.1,0,0,0,43.2,47.3,49.3,0.37,0.31,0.25
RAND,2019-11-08 23:25:00 EST,42.14928,-78.90096,1473,19.9,20.0,19.9,89.9,17.4,0.000,0.053,0.00,0.000,1.2,1.9,0.5,158,10,1.7,2.3,0.4,155,12,1.7,2.3,0.4,155,12,0,28.69,0.1,0,0,0,43.2,47.3,49.3,0.37,0.31,0.25
RAND,2019-11-08 23:30:00 EST,42.14928,-78.90096,1473,19.4,19.8,19.4,91.4,17.3,0.000,0.053,0.00,0.000,2.1,2.8,0.4,140,6,2.3,3.1,0.4,137,5,2.3,3.1,0.4,137,5,0,28.68,0.0,0,0,0,43.2,47.3,49.3,0.37,0.31,0.25
RAND,2019-11-08 23:35:00 EST,42.14928,-78.90096,1473,19.2,19.8,19.2,91.8,17.2,0.000,0.053,0.00,0.000,0.9,1.9,0.5,125,34,1.4,2.5,0.4,110,39,1.4,2.5,0.4,110,39,0,28.68,0.0,0,0,0,43.2,47.3,49.3,0.37,0.31,0.25
RAND,2019-11-08 23:40:00 EST,42.14928,-78.90096,1473,19.3,19.8,19.3,92.5,17.5,0.000,0.053,0.00,0.000,0.9,1.8,0.4,58,11,1.4,2.0,0.3,54,18,1.4,2.0,0.3,54,18,0,28.68,0.1,0,0,0,43.2,47.3,49.3,0.37,0.31,0.25
RAND,2019-11-08 23:45:00 EST,42.14928,-78.90096,1473,19.1,19.8,19.1,92.8,17.4,0.000,0.053,0.00,0.000,1.3,2.0,0.3,47,13,1.6,2.5,0.3,43,13,1.6,2.5,0.3,43,13,0,28.68,0.1,0,0,0,43.2,47.3,49.3,0.37,0.31,0.25
RAND,2019-11-08 23:50:00 EST,42.14928,-78.90096,1473,19.2,19.5,19.2,93.2,17.6,0.000,0.053,0.00,0.000,2.1,2.5,0.2,54,10,2.3,2.9,0.3,53,10,2.3,2.9,0.3,53,10,0,28.68,0.1,0,0,0,43.2,47.3,49.3,0.37,0.31,0.25
RAND,2019-11-08 23:55:00 EST,42.14928,-78.90096,1473,18.9,19.5,18.9,92.6,17.1,0.000,0.053,0.00,0.000,2.2,3.4,0.5,48,12,2.4,3.6,0.5,47,11,2.4,3.6,0.5,47,11,0,28.68,0.0,0,0,0,43.1,47.3,49.3,0.37,0.31,0.25
RAQU,2019-11-08 00:00:00 EST,43.82275,-74.62509,1771,21.0,20.9,21.0,82.4,16.5,0.000,0.091,0.00,0.000,0.0,0.0,0.0,0,0,1.9,5.2,1.1,295,48,1.9,5.2,1.1,295,48,0,28.14,0.3,0,0,0,41.7,44.6,46.8,0.34,0.61,0.63
RAQU,2019-11-08 00:05:00 EST,43.82275,-74.62509,1771,20.9,20.8,20.9,82.5,16.4,0.000,0.000,0.00,0.000,0.0,0.0,0.0,0,0,1.4,3.6,0.9,291,54,1.4,3.6,0.9,291,54,0,28.14,0.3,0,0,0,41.7,44.6,46.8,0.34,0.61,0.63
RAQU,2019-11-08 00:10:00 EST,43.82275,-74.62509,1771,20.9,20.8,20.9,82.3,16.4,0.000,0.000,0.00,0.000,0.0,0.0,0.0,0,0,2.0,4.3,1.0,272,56,2.0,4.3,1.0,272,56,0,28.14,0.3,0,0,0,41.7,44.6,46.8,0.34,0.61,0.63
RAQU,2019-11-08 00:15:00 EST,43.82275,-74.62509,1771,20.7,20.7,20.7,80.6,15.7,0.000,0.000,0.00,0.000,0.0,0.0,0.0,0,0,2.3,6.2,1.2,265,60,2.3,6.2,1.2,265,60,0,28.14,0.2,0,0,0,41.7,44.6,46.8,0.34,0.61,0.63
RAQU,2019-11-08 00:20:00 EST,43.82275,-74.62509,1771,20.6,20.5,20.6,80.5,15.6,0.000,0.000,0.00,0.000,0.0,0.0,0.0,0,0,2.1,5.0,1.0,299,43,2.1,5.0,1.0,299,43,0,28.14,0.2,0,0,0,41.7,44.6,46.8,0.34,0.61,0.63
RAQU,2019-11-08 00:25:00 EST,43.82275,-74.62509,1771,20.6,20.5,20.6,80.2,15.5,0.000,0.000,0.00,0.000,0.0,0.0,0.0,0,0,2.6,9.8,1.7,309,48,2.6,9.8,1.7,309,48,0,28.14,0.2,0,0,0,41.7,44.6,46.8,0.34,0.61,0.63
RAQU,2019-11-08 00:30:00 EST,43.82275,-74.62509,1771,20.5,20.5,20.5,79.6,15.2,0.000,0.000,0.00,0.000,0.0,0.0,0.0,0,0,1.3,6.6,1.4,339,42,1.3,6.6,1.4,339,42,0,28.14,0.3,0,0,0,41.7,44.6,46.8,0.34,0.61,0.63
RAQU,2019-11-08 00:35:00 EST,43.82275,-74.62509,1771,20.3,20.3,20.3,78.1,14.6,0.000,0.000,0.00,0.000,0.0,0.0,0.0,0,0,1.7,7.3,1.1,287,59,1.7,7.3,1.1,287,59,0,28.14,0.2,0,0,0,41.7,44.6,46.8,0.34,0.61,0.63
RAQU,2019-11-08 00:40:00 EST,43.82275,-74.62509,1771,20.2,20.1,20.2,78.1,14.4,0.000,0.000,0.00,0.000,0.0,0.0,0.0,0,0,2.0,6.2,1.1,284,51,2.0,6.2,1.1,284,51,0,28.14,0.2,0,0,0,41.7,44.6,46.8,0.34,0.61,0.63
RAQU,2019-11-08 00:45:00 EST,43.82275,-74.62509,1771,20.2,20.2,20.2,78.6,14.6,0.000,0.000,0.00,0.000,0.0,0.0,0.0,0,0,1.6,3.9,1.0,238,50,1.6,3.9,1.0,238,50,0,28.13,0.2,0,0,0,41.5,44.6,46.8,0.34,0.61,0.63
RAQU,2019-11-08 00:50:00 EST,43.82275,-74.62509,1771,20.2,20.1,20.2,80.2,15.0,0.000,0.000,0.00,0.000,0.0,0.0,0.0,0,0,1.1,2.6,0.9,103,57,1.1,2.6,0.9,103,57,0,28.13,0.2,0,0,0,41.5,44.6,46.8,0.34,0.61,0.63
RAQU,2019-11-08 00:55:00 EST,43.82275,-74.62509,1771,20.2,20.1,20.2,78.8,14.6,0.000,0.000,0.00,0.000,0.0,0.0,0.0,0,0,2.0,4.6,1.1,317,47,2.0,4.6,1.1,317,47,0,28.13,0.2,0,0,0,41.5,44.6,46.8,0.34,0.61,0.63
RAQU,2019-11-08 01:00:00 EST,43.82275,-74.62509,1771,20.1,20.0,20.1,77.9,14.3,0.000,0.000,0.00,0.000,0.0,0.0,0.0,0,0,2.1,6.5,1.5,357,29,2.1,6.5,1.5,357,29,0,28.13,0.2,0,0,0,41.5,44.6,46.8,0.34,0.61,0.63
RAQU,2019-11-08 01:05:00 EST,43.82275,-74.62509,1771,20.1,20.0,20.1,79.5,14.7,0.000,0.000,0.00,0.000,0.0,0.0,0.0,0,0,1.3,4.8,1.1,333,48,1.3,4.8,1.1,333,48,0,28.12,0.3,0,0,0,41.5,44.6,46.8,0.34,0.61,0.63
RAQU,2019-11-08 01:10:00 EST,43.82275,-74.62509,1771,20.1,20.0,20.1,81.6,15.3,0.000,0.000,0.00,0.000,0.0,0.0,0.0,0,0,1.2,5.0,1.3,271,51,1.2,5.0,1.3,271,51,0,28.12,0.3,0,0,0,41.5,44.6,46.8,0.34,0.61,0.63
RAQU,2019-11-08 01:15:00 EST,43.82275,-74.62509,1771,20.2,20.0,20.2,80.4,15.1,0.000,0.000,0.00,0.000,0.0,0.0,0.0,0,0,1.3,4.3,1.0,42,59,1.3,4.3,1.0,42,59,0,28.12,0.3,0,0,0,41.5,44.6,46.8,0.34,0.61,0.63
RAQU,2019-11-08 01:20:00 EST,43.82275,-74.62509,1771,19.8,19.8,19.8,81.0,14.9,0.000,0.000,0.00,0.000,0.0,0.0,0.0,0,0,1.1,2.5,0.7,109,47,1.1,2.5,0.7,109,47,0,28.12,0.3,0,0,0,41.5,44.6,46.8,0.34,0.61,0.63
RAQU,2019-11-08 01:25:00 EST,43.82275,-74.62509,1771,19.6,19.6,19.6,79.7,14.3,0.000,0.000,0.00,0.000,0.0,0.0,0.0,0,0,0.9,2.8,0.8,11,58,0.9,2.8,0.8,11,58,0,28.12,0.2,0,0,0,41.5,44.6,46.8,0.34,0.61,0.63
RAQU,2019-11-08 01:30:00 EST,43.82275,-74.62509,1771,19.3,19.3,19.3,79.2,14.0,0.000,0.000,0.00,0.000,0.0,0.0,0.0,0,0,1.0,2.6,0.8,243,53,1.0,2.6,0.8,243,53,0,28.12,0.2,0,0,0,41.5,44.6,46.8,0.34,0.61,0.63
RAQU,2019-11-08 01:35:00 EST,43.82275,-74.62509,1771,19.0,19.2,19.0,79.2,13.7,0.000,0.000,0.00,0.000,0.0,0.0,0.0,0,0,1.5,3.5,0.8,193,42,1.5,3.5,0.8,193,42,0,28.12,0.3,0,0,0,41.4,44.6,46.8,0.34,0.61,0.63
RAQU,2019-11-08 01:40:00 EST,43.82275,-74.62509,1771,19.1,19.1,19.1,79.4,13.7,0.000,0.000,0.00,0.000,0.0,0.0,0.0,0,0,0.6,2.7,0.6,311,54,0.6,2.7,0.6,311,54,0,28.12,0.2,0,0,0,41.4,44.6,46.8,0.34,0.61,0.63
RAQU,2019-11-08 01:45:00 EST,43.82275,-74.62509,1771,18.6,18.8,18.6,82.4,14.1,0.000,0.000,0.00,0.000,0.0,0.0,0.0,0,0,0.6,1.5,0.5,157,27,0.6,1.5,0.5,157,27,0,28.12,0.3,0,0,0,41.4,44.6,46.8,0.34,0.61,0.63
RAQU,2019-11-08 01:50:00 EST,43.82275,-74.62509,1771,18.8,19.0,18.8,78.3,13.2,0.000,0.000,0.00,0.000,0.0,0.0,0.0,0,0,1.7,6.4,1.3,311,50,1.7,6.4,1.3,311,50,0,28.12,0.3,0,0,0,41.4,44.5,46.8,0.34,0.61,0.63
RAQU,2019-11-08 01:55:00 EST,43.82275,-74.62509,1771,18.8,18.9,18.8,76.1,12.5,0.000,0.000,0.00,0.000,0.0,0.0,0.0,0,0,1.4,3.7,0.8,78,55,1.4,3.7,0.8,78,55,0,28.12,0.3,0,0,0,41.4,44.4,46.8,0.34,0.61,0.63
RAQU,2019-11-08 02:00:00 EST,43.82275,-74.62509,1771,18.8,18.9,18.8,75.4,12.3,0.000,0.000,0.00,0.000,0.0,0.0,0.0,0,0,1.7,5.6,1.1,83,69,1.7,5.6,1.1,83,69,0,28.12,0.2,0,0,0,41.4,44.5,46.8,0.34,0.61,0.63
RAQU,2019-11-08 02:05:00 EST,43.82275,-74.62509,1771,18.7,18.8,18.7,72.9,11.5,0.000,0.000,0.00,0.000,0.0,0.0,0.0,0,0,1.5,5.1,1.3,322,42,1.5,5.1,1.3,322,42,0,28.12,0.3,0,0,0,41.4,44.5,46.8,0.34,0.61,0.63
RAQU,2019-11-08 02:10:00 EST,43.82275,-74.62509,1771,18.7,18.8,18.7,73.9,11.7,0.000,0.000,0.00,0.000,0.0,0.0,0.0,0,0,1.0,4.3,1.0,13,50,1.0,4.3,1.0,13,50,0,28.12,0.3,0,0,0,41.4,44.5,46.8,0.34,0.61,0.63
RAQU,2019-11-08 02:15:00 EST,43.82275,-74.62509,1771,18.7,18.7,18.7,75.2,12.2,0.000,0.000,0.00,0.000,0.0,0.0,0.0,0,0,1.2,3.3,0.8,350,62,1.2,3.3,0.8,350,62,0,28.12,0.3,0,0,0,41.4,44.4,46.8,0.34,0.61,0.63
RAQU,2019-11-08 02:20:00 EST,43.82275,-74.62509,1771,18.8,18.8,18.8,73.8,11.9,0.000,0.000,0.00,0.000,0.0,0.0,0.0,0,0,1.2,3.2,0.7,268,42,1.2,3.2,0.7,268,42,0,28.12,0.3,0,0,0,41.4,44.4,46.8,0.34,0.61,0.63
RAQU,2019-11-08 02:25:00 EST,43.82275,-74.62509,1771,19.2,19.2,19.2,74.2,12.4,0.000,0.000,0.00,0.000,0.0,0.0,0.0,0,0,1.9,4.1,0.8,282,57,1.9,4.1,0.8,282,57,0,28.12,0.3,0,0,0,41.4,44.5,46.8,0.34,0.61,0.63
RAQU,2019-11-08 02:30:00 EST,43.82275,-74.62509,1771,19.4,19.3,19.4,74.3,12.6,0.000,0.000,0.00,0.000,0.0,0.0,0.0,0,0,1.7,5.0,1.0,307,43,1.7,5.0,1.0,307,43,0,28.12,0.3,0,0,0,41.3,44.4,46.8,0.34,0.61,0.63
RAQU,2019-11-08 02:35:00 EST,43.82275,-74.62509,1771,19.4,19.3,19.4,74.2,12.5,0.000,0.000,0.00,0.000,0.0,0.0,0.0,0,0,2.2,8.7,1.7,284,57,2.2,8.7,1.7,284,57,0,28.12,0.3,0,0,0,41.3,44.4,46.8,0.34,0.61,0.63
RAQU,2019-11-08 02:40:00 EST,43.82275,-74.62509,1771,19.4,19.2,19.4,73.1,12.2,0.000,0.000,0.00,0.000,0.0,0.0,0.0,0,0,1.5,4.1,1.0,266,60,1.5,4.1,1.0,266,60,0,28.12,0.3,0,0,0,41.2,44.4,46.8,0.34,0.61,0.63
RAQU,2019-11-08 02:45:00 EST,43.82275,-74.62509,1771,19.3,19.2,19.3,72.5,11.9,0.000,0.000,0.00,0.000,0.0,0.0,0.0,0,0,2.1,4.9,1.2,338,52,2.1,4.9,1.2,338,52,0,28.12,0.3,0,0,0,41.2,44.4,46.8,0.34,0.61,0.63
RAQU,2019-11-08 02:50:00 EST,43.82275,-74.62509,1771,19.2,19.0,19.2,71.0,11.3,0.000,0.000,0.00,0.000,0.0,0.0,0.0,0,0,2.5,6.1,1.7,310,36,2.5,6.1,1.7,310,36,0,28.12,0.3,0,0,0,41.2,44.4,46.8,0.34,0.61,0.63
RAQU,2019-11-08 02:55:00 EST,43.82275,-74.62509,1771,19.2,19.1,19.2,71.8,11.6,0.000,0.000,0.00,0.000,0.0,0.0,0.0,0,0,2.2,7.3,1.5,317,40,2.2,7.3,1.5,317,40,0,28.12,0.3,0,0,0,41.2,44.4,46.8,0.34,0.61,0.63
RAQU,2019-11-08 03:00:00 EST,43.82275,-74.62509,1771,19.2,19.0,19.2,72.0,11.7,0.000,0.000,0.00,0.000,0.0,0.0,0.0,0,0,2.9,7.1,1.3,276,62,2.9,7.1,1.3,276,62,0,28.12,0.2,0,0,0,41.2,44.4,46.8,0.34,0.61,0.63
RAQU,2019-11-08 03:05:00 EST,43.82275,-74.62509,1771,18.9,18.8,18.9,72.0,11.4,0.000,0.000,0.00,0.000,0.0,0.0,0.0,0,0,2.0,4.9,1.3,234,68,2.0,4.9,1.3,234,68,0,28.12,0.3,0,0,0,41.2,44.4,46.8,0.34,0.61,0.63
RAQU,2019-11-08 03:10:00 EST,43.82275,-74.62509,1771,18.7,18.6,18.7,74.2,11.8,0.000,0.000,0.00,0.000,0.0,0.0,0.0,0,0,2.7,6.3,1.5,326,42,2.7,6.3,1.5,326,42,0,28.12,0.3,0,0,0,41.2,44.4,46.8,0.34,0.61,0.63
RAQU,2019-11-08 03:15:00 EST,43.82275,-74.62509,1771,18.5,18.5,18.5,74.2,11.7,0.000,0.000,0.00,0.000,0.0,0.0,0.0,0,0,2.7,6.9,1.7,353,43,2.7,6.9,1.7,353,43,0,28.12,0.3,0,0,0,41.2,44.4,46.8,0.34,0.61,0.63
RAQU,2019-11-08 03:20:00 EST,43.82275,-74.62509,1771,18.4,18.4,18.4,73.7,11.4,0.000,0.000,0.00,0.000,0.0,0.0,0.0,0,0,2.2,6.8,1.8,276,47,2.2,6.8,1.8,276,47,0,28.12,0.2,0,0,0,41.1,44.4,46.8,0.34,0.61,0.63
RAQU,2019-11-08 03:25:00 EST,43.82275,-74.62509,1771,18.3,18.3,18.3,74.2,11.5,0.000,0.000,0.00,0.000,0.0,0.0,0.0,0,0,1.7,5.9,1.0,301,67,1.7,5.9,1.0,301,67,0,28.12,0.3,0,0,0,41.0,44.4,46.8,0.34,0.61,0.63
RAQU,2019-11-08 03:30:00 EST,43.82275,-74.62509,1771,18.3,18.3,18.3,75.9,11.9,0.000,0.000,0.00,0.000,0.0,0.0,0.0,0,0,1.2,3.9,0.9,246,65,1.2,3.9,0.9,246,65,0,28.12,0.3,0,0,0,41.0,44.4,46.8,0.34,0.61,0.63
RAQU,2019-11-08 03:35:00 EST,43.82275,-74.62509,1771,18.4,18.4,18.4,78.1,12.7,0.000,0.000,0.00,0.000,0.0,0.0,0.0,0,0,1.6,5.0,1.1,324,55,1.6,5.0,1.1,324,55,0,28.12,0.3,0,0,0,41.0,44.4,46.8,0.34,0.61,0.63
RAQU,2019-11-08 03:40:00 EST,43.82275,-74.62509,1771,18.3,18.3,18.3,77.9,12.5,0.000,0.000,0.00,0.000,0.0,0.0,0.0,0,0,1.8,5.1,1.0,270,59,1.8,5.1,1.0,270,59,0,28.12,0.3,0,0,0,41.0,44.4,46.8,0.34,0.61,0.63
RAQU,2019-11-08 03:45:00 EST,43.82275,-74.62509,1771,18.3,18.2,18.3,78.0,12.6,0.000,0.000,0.00,0.000,0.0,0.0,0.0,0,0,2.2,6.9,1.4,353,65,2.2,6.9,1.4,353,65,0,28.12,0.3,0,0,0,41.0,44.4,46.8,0.34,0.61,0.63
RAQU,2019-11-08 03:50:00 EST,43.82275,-74.62509,1771,18.2,18.1,18.2,77.2,12.3,0.000,0.000,0.00,0.000,0.0,0.0,0.0,0,0,2.8,6.6,1.5,332,46,2.8,6.6,1.5,332,46,0,28.12,0.3,0,0,0,41.0,44.4,46.8,0.34,0.61,0.63
RAQU,2019-11-08 03:55:00 EST,43.82275,-74.62509,1771,18.1,18.0,13.3,76.0,11.8,0.000,0.000,0.00,0.000,0.0,0.0,0.0,0,0,3.2,8.8,1.9,316,50,3.2,8.8,1.9,316,50,0,28.12,0.2,0,0,0,41.0,44.4,46.8,0.34,0.61,0.63
RAQU,2019-11-08 04:00:00 EST,43.82275,-74.62509,1771,17.9,17.8,13.1,75.6,11.5,0.000,0.000,0.00,0.000,0.0,0.0,0.0,0,0,3.1,11.6,2.1,303,59,3.1,11.6,2.1,303,59,0,28.12,0.3,0,0,0,41.0,44.4,46.8,0.34,0.61,0.63
RAQU,2019-11-08 04:05:00 EST,43.82275,-74.62509,1771,17.9,17.7,17.9,76.4,11.7,0.000,0.000,0.00,0.000,0.0,0.0,0.0,0,0,2.2,5.7,1.5,300,53,2.2,5.7,1.5,300,53,0,28.12,0.3,0,0,0,41.0,44.4,46.8,0.34,0.61,0.63
RAQU,2019-11-08 04:10:00 EST,43.82275,-74.62509,1771,17.5,17.5,17.5,77.1,11.6,0.000,0.000,0.00,0.000,0.0,0.0,0.0,0,0,2.7,10.0,2.0,261,62,2.7,10.0,2.0,261,62,0,28.12,0.3,0,0,0,41.0,44.4,46.8,0.34,0.61,0.63
RAQU,2019-11-08 04:15:00 EST,43.82275,-74.62509,1771,17.5,17.4,17.5,76.6,11.4,0.000,0.000,0.00,0.000,0.0,0.0,0.0,0,0,2.4,5.8,1.4,304,59,2.4,5.8,1.4,304,59,0,28.12,0.2,0,0,0,41.0,44.4,46.8,0.34,0.61,0.63
RAQU,2019-11-08 04:20:00 EST,43.82275,-74.62509,1771,17.4,17.3,17.4,77.9,11.7,0.000,0.000,0.00,0.000,0.0,0.0,0.0,0,0,1.9,6.7,1.4,297,36,1.9,6.7,1.4,297,36,0,28.12,0.2,0,0,0,41.0,44.4,46.8,0.34,0.61,0.63
RAQU,2019-11-08 04:25:00 EST,43.82275,-74.62509,1771,17.4,17.3,17.4,78.7,11.9,0.000,0.000,0.00,0.000,0.0,0.0,0.0,0,0,2.3,8.4,1.7,304,40,2.3,8.4,1.7,304,40,0,28.12,0.3,0,0,0,41.0,44.4,46.8,0.34,0.61,0.63
RAQU,2019-11-08 04:30:00 EST,43.82275,-74.62509,1771,17.3,17.3,17.3,79.6,12.1,0.000,0.000,0.00,0.000,0.0,0.0,0.0,0,0,3.0,8.2,1.7,320,43,3.0,8.2,1.7,320,43,0,28.12,0.3,0,0,0,40.8,44.4,46.8,0.34,0.61,0.63
RAQU,2019-11-08 04:35:00 EST,43.82275,-74.62509,1771,17.3,17.2,17.3,80.6,12.4,0.000,0.000,0.00,0.000,0.0,0.0,0.0,0,0,1.6,5.2,1.2,263,54,1.6,5.2,1.2,263,54,0,28.12,0.2,0,0,0,40.8,44.4,46.8,0.34,0.61,0.63
RAQU,2019-11-08 04:40:00 EST,43.82275,-74.62509,1771,17.2,17.1,17.2,81.2,12.4,0.000,0.000,0.00,0.000,0.0,0.0,0.0,0,0,2.0,5.4,1.1,343,42,2.0,5.4,1.1,343,42,0,28.12,0.3,0,0,0,40.8,44.3,46.8,0.34,0.61,0.63
RAQU,2019-11-08 04:45:00 EST,43.82275,-74.62509,1771,17.1,16.9,17.1,82.3,12.6,0.000,0.000,0.00,0.000,0.0,0.0,0.0,0,0,1.2,3.6,0.9,350,52,1.2,3.6,0.9,350,52,0,28.12,0.3,0,0,0,40.8,44.3,46.8,0.34,0.61,0.63
RAQU,2019-11-08 04:50:00 EST,43.82275,-74.62509,1771,16.9,16.8,16.9,82.4,12.5,0.000,0.000,0.00,0.000,0.0,0.0,0.0,0,0,2.8,10.2,2.0,294,35,2.8,10.2,2.0,294,35,0,28.13,0.3,0,0,0,40.8,44.4,46.8,0.34,0.61,0.63
RAQU,2019-11-08 04:55:00 EST,43.82275,-74.62509,1771,16.8,16.7,16.8,82.6,12.5,0.000,0.000,0.00,0.000,0.0,0.0,0.0,0,0,2.2,5.2,1.2,316,48,2.2,5.2,1.2,316,48,0,28.13,0.2,0,0,0,40.8,44.3,46.8,0.34,0.61,0.63
RAQU,2019-11-08 05:00:00 EST,43.82275,-74.62509,1771,16.8,16.6,16.8,83.1,12.5,0.000,0.000,0.00,0.000,0.0,0.0,0.0,0,0,2.9,8.7,1.8,337,42,2.9,8.7,1.8,337,42,0,28.13,0.3,0,0,0,40.8,44.2,46.8,0.34,0.61,0.63
RAQU,2019-11-08 05:05:00 EST,43.82275,-74.62509,1771,16.8,16.6,11.1,83.3,12.6,0.000,0.000,0.00,0.000,0.0,0.0,0.0,0,0,3.6,7.8,1.7,293,41,3.6,7.8,1.7,293,41,0,28.13,0.2,0,0,0,40.8,44.3,46.8,0.34,0.61,0.63
RAQU,2019-11-08 05:10:00 EST,43.82275,-74.62509,1771,16.5,16.5,16.5,82.9,12.2,0.000,0.000,0.00,0.000,0.0,0.0,0.0,0,0,2.0,7.0,1.5,288,60,2.0,7.0,1.5,288,60,0,28.13,0.2,0,0,0,40.8,44.1,46.8,0.34,0.61,0.63
RAQU,2019-11-08 05:15:00 EST,43.82275,-74.62509,1771,16.7,16.6,16.7,84.6,12.9,0.000,0.000,0.00,0.000,0.0,0.0,0.0,0,0,2.8,8.0,1.4,284,37,2.8,8.0,1.4,284,37,0,28.13,0.2,0,0,0,40.8,44.1,46.8,0.34,0.61,0.63
RAQU,2019-11-08 05:20:00 EST,43.82275,-74.62509,1771,16.9,16.7,16.9,84.3,13.0,0.000,0.000,0.00,0.000,0.0,0.0,0.0,0,0,2.3,7.4,1.6,292,69,2.3,7.4,1.6,292,69,0,28.13,0.2,0,0,0,40.7,44.1,46.8,0.34,0.61,0.63
RAQU,2019-11-08 05:25:00 EST,43.82275,-74.62509,1771,16.8,16.7,16.8,83.6,12.7,0.000,0.000,0.00,0.000,0.0,0.0,0.0,0,0,2.5,7.1,1.5,311,57,2.5,7.1,1.5,311,57,0,28.13,0.2,0,0,0,40.6,44.1,46.8,0.34,0.61,0.63
RAQU,2019-11-08 05:30:00 EST,43.82275,-74.62509,1771,16.9,16.7,16.9,83.4,12.8,0.000,0.000,0.00,0.000,0.0,0.0,0.0,0,0,2.2,7.2,1.3,287,54,2.2,7.2,1.3,287,54,0,28.13,0.2,0,0,0,40.6,44.1,46.8,0.34,0.61,0.63
RAQU,2019-11-08 05:35:00 EST,43.82275,-74.62509,1771,17.1,16.8,17.1,84.6,13.3,0.000,0.000,0.00,0.000,0.0,0.0,0.0,0,0,2.8,7.7,1.5,258,53,2.8,7.7,1.5,258,53,0,28.13,0.2,0,0,0,40.6,44.1,46.8,0.34,0.61,0.63
RAQU,2019-11-08 05:40:00 EST,43.82275,-74.62509,1771,17.3,17.0,17.3,85.3,13.6,0.000,0.000,0.00,0.000,0.0,0.0,0.0,0,0,2.3,6.1,1.3,327,51,2.3,6.1,1.3,327,51,0,28.13,0.3,0,0,0,40.6,44.1,46.8,0.34,0.61,0.63
RAQU,2019-11-08 05:45:00 EST,43.82275,-74.62509,1771,17.3,17.1,17.3,85.3,13.6,0.000,0.000,0.00,0.000,0.0,0.0,0.0,0,0,1.9,5.0,1.1,259,70,1.9,5.0,1.1,259,70,0,28.13,0.2,0,0,0,40.6,44.1,46.8,0.34,0.61,0.63
RAQU,2019-11-08 05:50:00 EST,43.82275,-74.62509,1771,17.4,17.1,17.4,86.3,14.0,0.000,0.000,0.00,0.000,0.0,0.0,0.0,0,0,1.7,4.6,1.0,313,62,1.7,4.6,1.0,313,62,0,28.14,0.2,0,0,0,40.6,44.1,46.8,0.34,0.61,0.63
RAQU,2019-11-08 05:55:00 EST,43.82275,-74.62509,1771,17.4,17.2,17.4,85.2,13.7,0.000,0.000,0.00,0.000,0.0,0.0,0.0,0,0,2.8,7.4,1.4,233,45,2.8,7.4,1.4,233,45,0,28.14,0.4,0,0,0,40.6,44.1,46.8,0.34,0.61,0.63
RAQU,2019-11-08 06:00:00 EST,43.82275,-74.62509,1771,17.5,17.2,17.5,85.5,13.9,0.000,0.000,0.00,0.000,0.0,0.0,0.0,0,0,2.6,7.8,1.4,265,46,2.6,7.8,1.4,265,46,0,28.14,0.4,0,0,0,40.6,44.1,46.8,0.34,0.61,0.63
RAQU,2019-11-08 06:05:00 EST,43.82275,-74.62509,1771,17.6,17.3,17.6,85.2,13.9,0.000,0.000,0.00,0.000,0.0,0.0,0.0,0,0,2.5,7.2,1.6,311,55,2.5,7.2,1.6,311,55,0,28.14,0.3,0,0,0,40.6,44.1,46.8,0.34,0.61,0.63
RAQU,2019-11-08 06:10:00 EST,43.82275,-74.62509,1771,17.7,17.4,12.3,85.0,13.9,0.000,0.000,0.00,0.000,0.0,0.0,0.0,0,0,3.5,8.6,1.7,345,54,3.5,8.6,1.7,345,54,0,28.14,0.2,0,0,0,40.6,44.1,46.8,0.34,0.61,0.63
RAQU,2019-11-08 06:15:00 EST,43.82275,-74.62509,1771,17.8,17.5,17.8,84.3,13.8,0.000,0.000,0.00,0.000,0.0,0.0,0.0,0,0,1.9,7.6,1.2,236,70,1.9,7.6,1.2,236,70,0,28.14,0.3,0,0,0,40.6,44.1,46.8,0.34,0.61,0.63
RAQU,2019-11-08 06:20:00 EST,43.82275,-74.62509,1771,17.9,17.7,17.9,84.5,14.0,0.000,0.000,0.00,0.000,0.0,0.0,0.0,0,0,2.5,6.3,1.5,299,49,2.5,6.3,1.5,299,49,0,28.14,0.3,0,0,0,40.6,44.1,46.8,0.34,0.61,0.63
RAQU,2019-11-08 06:25:00 EST,43.82275,-74.62509,1771,18.2,17.9,18.2,84.8,14.4,0.000,0.000,0.00,0.000,0.0,0.0,0.0,0,0,2.2,8.3,1.6,349,49,2.2,8.3,1.6,349,49,0,28.14,0.3,0,0,0,40.5,44.1,46.8,0.34,0.61,0.63
RAQU,2019-11-08 06:30:00 EST,43.82275,-74.62509,1771,18.3,18.0,18.3,83.7,14.2,0.000,0.000,0.00,0.000,0.0,0.0,0.0,0,0,2.1,4.2,1.0,230,49,2.1,4.2,1.0,230,49,0,28.14,0.3,0,0,0,40.5,44.1,46.8,0.34,0.61,0.63
RAQU,2019-11-08 06:35:00 EST,43.82275,-74.62509,1771,18.4,18.1,18.4,84.2,14.4,0.000,0.000,0.00,0.000,0.0,0.0,0.0,0,0,1.8,6.2,1.3,248,55,1.8,6.2,1.3,248,55,0,28.15,0.4,0,0,0,40.5,44.1,46.8,0.34,0.61,0.63
RAQU,2019-11-08 06:40:00 EST,43.82275,-74.62509,1771,18.4,18.1,18.4,82.9,14.0,0.000,0.000,0.00,0.000,0.0,0.0,0.0,0,0,2.4,7.9,1.4,287,43,2.4,7.9,1.4,287,43,1,28.15,0.2,0,0,0,40.5,44.1,46.8,0.34,0.61,0.63
RAQU,2019-11-08 06:45:00 EST,43.82275,-74.62509,1771,18.4,18.3,18.4,83.8,14.3,0.000,0.000,0.00,0.000,0.0,0.0,0.0,0,0,1.1,3.0,0.7,275,62,1.1,3.0,0.7,275,62,1,28.15,0.3,0,0,0,40.5,44.1,46.8,0.34,0.61,0.63
RAQU,2019-11-08 06:50:00 EST,43.82275,-74.62509,1771,18.7,18.4,18.7,84.5,14.8,0.000,0.000,0.00,0.000,0.0,0.0,0.0,0,0,2.2,6.2,1.2,260,45,2.2,6.2,1.2,260,45,1,28.15,0.2,0,0,0,40.5,44.1,46.8,0.34,0.61,0.63
RAQU,2019-11-08 06:55:00 EST,43.82275,-74.62509,1771,18.6,18.3,18.6,81.6,13.9,0.000,0.000,0.00,0.000,0.0,0.0,0.0,0,0,2.6,7.2,1.6,295,48,2.6,7.2,1.6,295,48,2,28.15,0.2,0,0,0,40.5,44.1,46.8,0.34,0.61,0.63
RAQU,2019-11-08 07:00:00 EST,43.82275,-74.62509,1771,18.6,18.4,18.6,82.7,14.3,0.000,0.000,0.00,0.000,0.0,0.0,0.0,0,0,1.4,5.9,1.0,336,53,1.4,5.9,1.0,336,53,3,28.16,0.2,0,0,0,40.5,44.1,46.8,0.34,0.61,0.63
RAQU,2019-11-08 07:05:00 EST,43.82275,-74.62509,1771,18.8,18.5,18.8,83.6,14.6,0.000,0.000,0.00,0.000,0.0,0.0,0.0,0,0,2.8,5.8,1.5,294,44,2.8,5.8,1.5,294,44,3,28.16,0.3,0,0,0,40.5,44.1,46.8,0.34,0.61,0.63
RAQU,2019-11-08 07:10:00 EST,43.82275,-74.62509,1771,18.6,18.4,18.6,83.5,14.5,0.000,0.000,0.00,0.000,0.0,0.0,0.0,0,0,2.0,4.4,0.9,316,68,2.0,4.4,0.9,316,68,3,28.16,0.3,0,0,0,40.5,44.1,46.8,0.34,0.61,0.63
RAQU,2019-11-08 07:15:00 EST,43.82275,-74.62509,1771,18.8,18.6,18.8,84.9,15.1,0.000,0.000,0.00,0.000,0.0,0.0,0.0,0,0,1.9,5.4,1.1,206,64,1.9,5.4,1.1,206,64,5,28.16,0.5,0,0,0,40.5,44.1,46.8,0.34,0.61,0.63
RAQU,2019-11-08 07:20:00 EST,43.82275,-74.62509,1771,18.9,18.6,18.9,84.5,15.0,0.000,0.000,0.00,0.000,0.0,0.0,0.0,0,0,1.6,4.8,0.9,246,72,1.6,4.8,0.9,246,72,12,28.17,0.4,0,0,0,40.5,44.1,46.8,0.34,0.61,0.63
RAQU,2019-11-08 07:25:00 EST,43.82275,-74.62509,1771,18.9,18.6,18.9,82.5,14.4,0.000,0.000,0.00,0.000,0.0,0.0,0.0,0,0,2.7,8.0,1.8,291,48,2.7,8.0,1.8,291,48,11,28.17,0.4,0,0,0,40.4,44.1,46.8,0.34,0.61,0.63
RAQU,2019-11-08 07:30:00 EST,43.82275,-74.62509,1771,18.9,18.5,18.9,81.3,14.1,0.000,0.000,0.00,0.000,0.0,0.0,0.0,0,0,2.4,6.4,1.6,348,49,2.4,6.4,1.6,348,49,11,28.17,0.3,0,0,0,40.4,44.0,46.8,0.34,0.61,0.63
RAQU,2019-11-08 07:35:00 EST,43.82275,-74.62509,1771,18.9,18.6,18.9,83.4,14.7,0.000,0.000,0.00,0.000,0.0,0.0,0.0,0,0,2.0,6.8,1.3,1,45,2.0,6.8,1.3,1,45,14,28.17,0.3,0,0,0,40.4,44.0,46.8,0.34,0.61,0.63
RAQU,2019-11-08 07:40:00 EST,43.82275,-74.62509,1771,18.9,18.7,18.9,84.1,15.0,0.000,0.000,0.00,0.000,0.0,0.0,0.0,0,0,2.3,5.1,1.0,232,50,2.3,5.1,1.0,232,50,21,28.17,0.4,0,0,0,40.3,44.0,46.8,0.34,0.61,0.63
RAQU,2019-11-08 07:45:00 EST,43.82275,-74.62509,1771,19.2,18.8,19.2,85.3,15.5,0.000,0.000,0.00,0.000,0.0,0.0,0.0,0,0,2.1,5.8,1.2,243,58,2.1,5.8,1.2,243,58,33,28.17,0.4,0,0,0,40.3,43.9,46.7,0.34,0.61,0.63
RAQU,2019-11-08 07:50:00 EST,43.82275,-74.62509,1771,19.2,18.8,19.2,84.4,15.3,0.000,0.000,0.00,0.000,0.0,0.0,0.0,0,0,2.9,7.8,1.8,310,53,2.9,7.8,1.8,310,53,24,28.18,0.2,0,0,0,40.3,43.9,46.7,0.34,0.61,0.63
RAQU,2019-11-08 07:55:00 EST,43.82275,-74.62509,1771,19.0,18.7,19.0,83.8,14.9,0.000,0.000,0.00,0.000,0.0,0.0,0.0,0,0,2.6,10.7,1.9,241,48,2.6,10.7,1.9,241,48,22,28.18,0.3,0,0,0,40.3,43.9,46.7,0.34,0.61,0.63
RAQU,2019-11-08 08:00:00 EST,43.82275,-74.62509,1771,19.1,18.8,14.1,83.5,15.0,0.000,0.000,0.00,0.000,0.0,0.0,0.0,0,0,3.4,10.9,2.6,283,56,3.4,10.9,2.6,283,56,30,28.18,0.4,0,0,0,40.3,43.9,46.8,0.34,0.61,0.63
RAQU,2019-11-08 08:05:00 EST,43.82275,-74.62509,1771,19.3,19.0,19.3,83.1,15.0,0.000,0.000,0.00,0.000,0.0,0.0,0.0,0,0,2.6,8.5,1.8,288,55,2.6,8.5,1.8,288,55,19,28.18,0.2,0,0,0,40.3,43.9,46.7,0.34,0.61,0.63
RAQU,2019-11-08 08:10:00 EST,43.82275,-74.62509,1771,19.3,19.1,14.8,83.4,15.1,0.000,0.000,0.00,0.000,0.0,0.0,0.0,0,0,3.1,14.0,2.1,314,44,3.1,14.0,2.1,314,44,19,28.19,0.3,0,0,0,40.3,43.9,46.7,0.34,0.61,0.63
RAQU,2019-11-08 08:15:00 EST,43.82275,-74.62509,1771,19.3,19.0,13.4,83.9,15.2,0.000,0.000,0.00,0.000,0.0,0.0,0.0,0,0,4.0,8.8,1.7,310,63,4.0,8.8,1.7,310,63,32,28.19,0.2,0,0,0,40.3,43.9,46.7,0.34,0.61,0.63
RAQU,2019-11-08 08:20:00 EST,43.82275,-74.62509,1771,19.3,18.9,14.4,84.6,15.4,0.000,0.000,0.00,0.000,0.0,0.0,0.0,0,0,3.3,8.6,1.8,301,50,3.3,8.6,1.8,301,50,36,28.19,0.3,0,0,0,40.3,43.9,46.7,0.34,0.61,0.63
RAQU,2019-11-08 08:25:00 EST,43.82275,-74.62509,1771,19.4,19.1,19.4,85.9,15.9,0.000,0.000,0.00,0.000,0.0,0.0,0.0,0,0,2.6,6.4,1.3,338,47,2.6,6.4,1.3,338,47,35,28.19,0.2,0,0,0,40.3,43.9,46.6,0.34,0.61,0.63
RAQU,2019-11-08 08:30:00 EST,43.82275,-74.62509,1771,19.4,19.1,13.5,83.9,15.4,0.002,0.002,0.00,0.002,0.0,0.0,0.0,0,0,4.0,11.7,2.8,327,44,4.0,11.7,2.8,327,44,39,28.20,0.2,0,0,0,40.3,43.9,46.6,0.34,0.61,0.63
RAQU,2019-11-08 08:35:00 EST,43.82275,-74.62509,1771,19.5,19.2,13.7,82.5,15.1,0.000,0.002,0.00,0.002,0.0,0.0,0.0,0,0,4.0,9.8,2.6,315,62,4.0,9.8,2.6,315,62,51,28.20,0.3,0,0,0,40.3,43.9,46.6,0.34,0.61,0.63
RAQU,2019-11-08 08:40:00 EST,43.82275,-74.62509,1771,19.8,19.4,19.8,81.5,15.0,0.000,0.002,0.00,0.002,0.0,0.0,0.0,0,0,2.4,6.1,1.3,261,45,2.4,6.1,1.3,261,45,57,28.20,0.3,0,0,0,40.3,43.9,46.6,0.34,0.61,0.63
RAQU,2019-11-08 08:45:00 EST,43.82275,-74.62509,1771,20.1,19.7,15.2,81.2,15.2,0.000,0.002,0.00,0.002,0.0,0.0,0.0,0,0,3.4,9.6,2.1,300,50,3.4,9.6,2.1,300,50,57,28.20,0.3,0,0,0,40.3,43.9,46.6,0.34,0.61,0.63
RAQU,2019-11-08 08:50:00 EST,43.82275,-74.62509,1771,19.8,19.5,15.3,80.0,14.7,0.000,0.002,0.00,0.002,0.0,0.0,0.0,0,0,3.2,10.7,2.1,284,56,3.2,10.7,2.1,284,56,55,28.20,0.3,0,0,0,40.3,43.9,46.6,0.34,0.61,0.63
RAQU,2019-11-08 08:55:00 EST,43.82275,-74.62509,1771,20.1,19.6,20.1,81.8,15.4,0.000,0.002,0.00,0.002,0.0,0.0,0.0,0,0,2.1,7.3,1.8,335,52,2.1,7.3,1.8,335,52,61,28.20,0.4,0,0,0,40.3,43.9,46.6,0.34,0.61,0.63
RAQU,2019-11-08 09:00:00 EST,43.82275,-74.62509,1771,20.0,19.6,15.3,81.4,15.2,0.000,0.002,0.00,0.002,0.0,0.0,0.0,0,0,3.2,9.5,2.2,286,51,3.2,9.5,2.2,286,51,55,28.20,0.7,0,0,0,40.3,43.9,46.6,0.34,0.61,0.63
RAQU,2019-11-08 09:05:00 EST,43.82275,-74.62509,1771,19.9,19.4,19.9,83.6,15.7,0.000,0.002,0.00,0.002,0.0,0.0,0.0,0,0,2.8,8.8,1.7,285,47,2.8,8.8,1.7,285,47,41,28.20,0.6,0,0,0,40.3,43.9,46.6,0.34,0.61,0.63
RAQU,2019-11-08 09:10:00 EST,43.82275,-74.62509,1771,19.8,19.4,15.3,83.6,15.6,0.000,0.002,0.00,0.002,0.0,0.0,0.0,0,0,3.1,6.4,1.6,275,54,3.1,6.4,1.6,275,54,52,28.20,0.4,0,0,0,40.3,43.9,46.6,0.34,0.61,0.63
RAQU,2019-11-08 09:15:00 EST,43.82275,-74.62509,1771,19.6,19.2,14.2,80.3,14.5,0.000,0.002,0.00,0.002,0.0,0.0,0.0,0,0,3.7,10.8,2.4,269,51,3.7,10.8,2.4,269,51,48,28.20,0.2,0,0,0,40.3,43.9,46.6,0.34,0.61,0.63
RAQU,2019-11-08 09:20:00 EST,43.82275,-74.62509,1771,19.4,19.1,14.1,78.9,13.9,0.000,0.002,0.00,0.002,0.0,0.0,0.0,0,0,3.6,10.3,2.4,314,41,3.6,10.3,2.4,314,41,42,28.20,0.4,0,0,0,40.3,43.9,46.6,0.34,0.61,0.63
RAQU,2019-11-08 09:25:00 EST,43.82275,-74.62509,1771,19.7,19.6,15.1,78.1,14.0,0.000,0.002,0.00,0.002,0.0,0.0,0.0,0,0,3.2,9.2,2.0,328,52,3.2,9.2,2.0,328,52,45,28.20,0.5,0,0,0,40.3,43.9,46.6,0.34,0.61,0.63
RAQU,2019-11-08 09:30:00 EST,43.82275,-74.62509,1771,20.4,20.3,20.4,76.3,14.1,0.000,0.002,0.00,0.000,0.0,0.0,0.0,0,0,2.7,8.9,1.4,200,67,2.7,8.9,1.4,200,67,66,28.20,0.6,0,0,0,40.3,43.9,46.6,0.34,0.61,0.63
RAQU,2019-11-08 09:35:00 EST,43.82275,-74.62509,1771,21.2,20.8,21.2,76.6,15.0,0.000,0.002,0.00,0.000,0.0,0.0,0.0,0,0,3.0,8.3,2.0,232,64,3.0,8.3,2.0,232,64,77,28.21,0.6,0,0,0,40.2,43.9,46.6,0.34,0.61,0.63
RAQU,2019-11-08 09:40:00 EST,43.82275,-74.62509,1771,20.6,20.2,15.8,74.4,13.8,0.000,0.002,0.00,0.000,0.0,0.0,0.0,0,0,3.4,11.1,2.1,308,70,3.4,11.1,2.1,308,70,71,28.21,0.7,0,0,0,40.2,43.9,46.6,0.34,0.61,0.63
RAQU,2019-11-08 09:45:00 EST,43.82275,-74.62509,1771,20.1,19.7,14.5,72.2,12.6,0.000,0.002,0.00,0.000,1.5,9.2,2.0,295,42,3.8,12.1,2.2,272,57,3.8,12.1,2.2,272,57,60,28.21,0.9,0,0,0,40.2,43.9,46.6,0.34,0.61,0.63
RAQU,2019-11-08 09:50:00 EST,43.82275,-74.62509,1771,20.5,20.2,15.0,72.6,13.1,0.000,0.002,0.00,0.000,2.8,11.5,2.2,311,59,3.9,15.2,2.5,302,59,3.9,15.2,2.5,302,59,59,28.21,0.9,0,0,0,40.2,43.9,46.6,0.34,0.61,0.63
RAQU,2019-11-08 09:55:00 EST,43.82275,-74.62509,1771,21.0,20.8,16.3,70.5,12.9,0.000,0.002,0.00,0.000,2.3,10.7,2.6,317,41,3.3,12.1,2.8,323,53,3.3,12.1,2.8,323,53,88,28.21,0.9,0,0,0,40.2,43.8,46.6,0.34,0.61,0.63
RAQU,2019-11-08 10:00:00 EST,43.82275,-74.62509,1771,20.9,20.5,20.9,70.3,12.7,0.000,0.002,0.00,0.000,1.8,5.6,1.3,46,62,2.8,8.4,1.7,36,60,2.8,8.4,1.7,36,60,73,28.21,0.9,0,0,0,40.1,43.8,46.6,0.34,0.61,0.63
RAQU,2019-11-08 10:05:00 EST,43.82275,-74.62509,1771,20.9,20.5,14.8,69.7,12.5,0.000,0.002,0.00,0.000,3.4,11.4,2.1,320,51,4.4,13.0,2.2,320,47,4.4,13.0,2.2,320,47,86,28.21,0.9,0,0,0,40.1,43.7,46.6,0.34,0.61,0.63
RAQU,2019-11-08 10:10:00 EST,43.82275,-74.62509,1771,21.1,20.7,21.1,71.1,13.2,0.000,0.002,0.00,0.000,2.0,5.3,1.1,12,49,2.4,9.2,1.6,359,49,2.4,9.2,1.6,359,49,66,28.22,0.9,0,0,0,40.1,43.7,46.6,0.34,0.61,0.63
RAQU,2019-11-08 10:15:00 EST,43.82275,-74.62509,1771,20.4,20.1,20.4,71.8,12.8,0.000,0.002,0.00,0.000,2.0,8.2,1.7,283,56,2.7,12.0,2.0,274,56,2.7,12.0,2.0,274,56,50,28.22,0.8,0,0,0,40.1,43.7,46.6,0.34,0.61,0.63
RAQU,2019-11-08 10:20:00 EST,43.82275,-74.62509,1771,20.5,20.1,14.2,71.9,12.9,0.000,0.002,0.00,0.000,3.5,10.7,2.4,324,43,4.5,14.6,2.8,317,46,4.5,14.6,2.8,317,46,149,28.22,0.9,0,0,0,40.1,43.7,46.6,0.34,0.61,0.63
RAQU,2019-11-08 10:25:00 EST,43.82275,-74.62509,1771,21.5,21.0,21.5,71.3,13.6,0.000,0.002,0.00,0.000,2.1,6.6,1.5,318,41,2.6,7.5,1.7,317,42,2.6,7.5,1.7,317,42,113,28.22,0.9,0,0,0,40.1,43.7,46.6,0.34,0.61,0.63
RAQU,2019-11-08 10:30:00 EST,43.82275,-74.62509,1771,21.0,20.5,16.1,69.5,12.6,0.000,0.002,0.00,0.000,2.3,9.9,1.9,331,58,3.5,11.6,2.4,328,60,3.5,11.6,2.4,328,60,103,28.22,0.8,0,0,0,40.1,43.7,46.6,0.34,0.61,0.63
RAQU,2019-11-08 10:35:00 EST,43.82275,-74.62509,1771,20.7,20.3,15.6,71.1,12.8,0.000,0.002,0.00,0.000,2.7,9.5,2.1,316,47,3.6,9.7,2.4,299,50,3.6,9.7,2.4,299,50,55,28.22,0.7,0,0,0,40.1,43.7,46.6,0.34,0.61,0.63
RAQU,2019-11-08 10:40:00 EST,43.82275,-74.62509,1771,20.2,19.8,14.1,71.1,12.4,0.000,0.002,0.00,0.000,3.4,9.4,2.0,276,50,4.3,11.4,2.2,278,52,4.3,11.4,2.2,278,52,72,28.22,0.5,0,0,0,40.1,43.7,46.6,0.34,0.61,0.63
RAQU,2019-11-08 10:45:00 EST,43.82275,-74.62509,1771,20.4,20.0,14.2,73.1,13.2,0.000,0.002,0.00,0.000,3.5,8.0,1.8,279,55,4.3,8.6,1.8,276,59,4.3,8.6,1.8,276,59,72,28.22,0.4,0,0,0,40.1,43.7,46.6,0.34,0.61,0.63
RAQU,2019-11-08 10:50:00 EST,43.82275,-74.62509,1771,20.3,19.9,15.9,73.5,13.2,0.000,0.002,0.00,0.000,2.3,8.9,2.0,359,53,3.1,11.7,2.2,1,52,3.1,11.7,2.2,1,52,112,28.22,0.5,0,0,0,40.1,43.7,46.6,0.34,0.61,0.63
RAQU,2019-11-08 10:55:00 EST,43.82275,-74.62509,1771,21.1,20.5,15.5,73.5,14.0,0.000,0.002,0.00,0.000,3.2,10.4,1.9,320,40,4.0,13.4,2.3,322,41,4.0,13.4,2.3,322,41,263,28.22,0.7,0,0,0,40.1,43.7,46.6,0.34,0.61,0.63
RAQU,2019-11-08 11:00:00 EST,43.82275,-74.62509,1771,21.6,21.0,15.1,67.5,12.5,0.000,0.002,0.00,0.000,4.0,10.8,2.3,294,49,4.8,12.0,2.6,292,52,4.8,12.0,2.6,292,52,202,28.22,0.7,0,0,0,40.1,43.7,46.6,0.34,0.61,0.63
RAQU,2019-11-08 11:05:00 EST,43.82275,-74.62509,1771,21.3,20.7,21.3,69.0,12.7,0.000,0.002,0.00,0.000,1.6,6.6,1.3,287,69,2.5,7.6,1.5,293,72,2.5,7.6,1.5,293,72,82,28.22,0.6,0,0,0,40.1,43.7,46.6,0.34,0.61,0.63
RAQU,2019-11-08 11:10:00 EST,43.82275,-74.62509,1771,20.9,20.3,16.1,71.8,13.2,0.000,0.002,0.00,0.000,2.3,6.8,1.6,287,70,3.4,11.1,2.0,278,71,3.4,11.1,2.0,278,71,81,28.22,0.5,0,0,0,40.1,43.7,46.6,0.34,0.61,0.63
RAQU,2019-11-08 11:15:00 EST,43.82275,-74.62509,1771,20.4,19.9,15.9,71.3,12.6,0.000,0.002,0.00,0.000,2.0,6.1,1.4,324,53,3.2,7.7,1.5,335,55,3.2,7.7,1.5,335,55,90,28.22,0.7,0,0,0,40.1,43.7,46.6,0.34,0.61,0.63
RAQU,2019-11-08 11:20:00 EST,43.82275,-74.62509,1771,20.5,20.0,20.5,73.3,13.3,0.000,0.002,0.00,0.000,1.0,5.2,1.1,311,60,1.7,6.5,1.3,322,62,1.7,6.5,1.3,322,62,154,28.22,0.7,0,0,0,40.1,43.7,46.6,0.34,0.61,0.63
RAQU,2019-11-08 11:25:00 EST,43.82275,-74.62509,1771,21.3,20.7,17.2,71.4,13.5,0.000,0.002,0.00,0.000,1.9,8.2,1.7,10,40,3.0,10.9,2.4,5,40,3.0,10.9,2.4,5,40,122,28.22,0.9,0,0,0,40.1,43.7,46.6,0.34,0.61,0.63
RAQU,2019-11-08 11:30:00 EST,43.82275,-74.62509,1771,21.2,20.7,16.1,70.5,13.1,0.000,0.002,0.00,0.000,2.8,6.9,1.4,319,62,3.6,8.5,1.7,318,62,3.6,8.5,1.7,318,62,64,28.22,0.7,0,0,0,40.1,43.7,46.6,0.34,0.61,0.63
RAQU,2019-11-08 11:35:00 EST,43.82275,-74.62509,1771,20.6,20.2,16.1,68.3,11.8,0.000,0.002,0.00,0.000,2.2,6.6,1.6,261,64,3.2,9.1,2.0,248,64,3.2,9.1,2.0,248,64,68,28.22,0.8,0,0,0,40.1,43.7,46.6,0.34,0.61,0.63
RAQU,2019-11-08 11:40:00 EST,43.82275,-74.62509,1771,21.8,21.2,21.8,69.6,13.4,0.000,0.002,0.00,0.000,2.2,10.3,1.9,311,55,2.8,10.7,1.9,312,58,2.8,10.7,1.9,312,58,221,28.22,0.7,0,0,0,40.1,43.7,46.6,0.34,0.61,0.63
RAQU,2019-11-08 11:45:00 EST,43.82275,-74.62509,1771,21.5,21.1,21.5,67.4,12.4,0.000,0.002,0.00,0.000,1.8,5.9,1.2,14,53,2.5,7.3,1.6,10,49,2.5,7.3,1.6,10,49,105,28.22,0.8,0,0,0,40.1,43.7,46.6,0.34,0.61,0.63
RAQU,2019-11-08 11:50:00 EST,43.82275,-74.62509,1771,21.6,20.9,21.6,69.9,13.2,0.000,0.002,0.00,0.000,1.8,6.1,1.3,245,47,2.9,7.4,1.7,245,49,2.9,7.4,1.7,245,49,126,28.22,0.7,0,0,0,40.1,43.7,46.6,0.34,0.61,0.63
RAQU,2019-11-08 11:55:00 EST,43.82275,-74.62509,1771,21.8,21.1,21.8,69.8,13.4,0.000,0.002,0.00,0.000,1.6,3.9,1.2,17,66,2.3,5.3,1.3,16,70,2.3,5.3,1.3,16,70,92,28.22,0.8,0,0,0,40.1,43.7,46.6,0.34,0.61,0.63
RAQU,2019-11-08 12:00:00 EST,43.82275,-74.62509,1771,21.5,20.8,16.6,71.9,13.8,0.000,0.002,0.00,0.000,2.7,8.3,1.4,288,56,3.5,7.0,1.5,276,57,3.5,7.0,1.5,276,57,88,28.22,0.8,0,0,0,40.1,43.7,46.6,0.34,0.61,0.63
RAQU,2019-11-08 12:05:00 EST,43.82275,-74.62509,1771,21.6,21.1,21.6,71.1,13.7,0.000,0.002,0.00,0.000,2.0,5.6,1.2,285,56,2.8,8.0,1.7,267,62,2.8,8.0,1.7,267,62,103,28.22,0.7,0,0,0,40.1,43.7,46.6,0.34,0.61,0.63
RAQU,2019-11-08 12:10:00 EST,43.82275,-74.62509,1771,21.7,21.2,16.1,69.6,13.3,0.000,0.002,0.00,0.000,3.2,7.9,1.9,324,42,4.1,9.5,2.1,319,46,4.1,9.5,2.1,319,46,133,28.22,0.7,0,0,0,40.1,43.7,46.6,0.34,0.61,0.63
RAQU,2019-11-08 12:15:00 EST,43.82275,-74.62509,1771,22.0,21.4,16.0,66.9,12.7,0.000,0.002,0.00,0.000,3.3,8.6,2.1,284,59,4.5,10.6,2.4,266,61,4.5,10.6,2.4,266,61,168,28.22,0.7,0,0,0,40.1,43.7,46.6,0.34,0.61,0.63
RAQU,2019-11-08 12:20:00 EST,43.82275,-74.62509,1771,21.8,21.3,16.3,67.1,12.6,0.000,0.002,0.00,0.000,3.1,7.9,1.8,292,51,4.0,8.9,2.0,286,52,4.0,8.9,2.0,286,52,84,28.22,0.8,0,0,0,40.1,43.5,46.6,0.34,0.61,0.63
RAQU,2019-11-08 12:25:00 EST,43.82275,-74.62509,1771,21.5,21.1,21.5,67.9,12.6,0.000,0.002,0.00,0.000,2.1,5.2,1.1,283,64,2.9,6.3,1.3,271,69,2.9,6.3,1.3,271,69,74,28.22,0.8,0,0,0,40.1,43.6,46.6,0.34,0.61,0.63
RAQU,2019-11-08 12:30:00 EST,43.82275,-74.62509,1771,21.5,21.0,21.5,68.2,12.6,0.000,0.002,0.00,0.000,2.0,6.1,1.5,332,49,2.6,7.1,1.5,320,53,2.6,7.1,1.5,320,53,98,28.22,0.8,0,0,0,40.1,43.5,46.6,0.34,0.61,0.63
RAQU,2019-11-08 12:35:00 EST,43.82275,-74.62509,1771,21.6,21.2,21.6,68.9,13.0,0.000,0.002,0.00,0.000,2.1,6.2,1.4,283,52,3.0,8.3,1.9,273,55,3.0,8.3,1.9,273,55,102,28.22,0.8,0,0,0,40.1,43.5,46.6,0.34,0.61,0.63
RAQU,2019-11-08 12:40:00 EST,43.82275,-74.62509,1771,22.2,21.6,17.0,67.6,13.1,0.000,0.002,0.00,0.000,3.1,8.2,2.1,319,57,3.8,10.7,2.5,321,56,3.8,10.7,2.5,321,56,150,28.22,0.8,0,0,0,40.1,43.5,46.6,0.34,0.61,0.63
RAQU,2019-11-08 12:45:00 EST,43.82275,-74.62509,1771,22.2,21.7,22.2,65.8,12.4,0.000,0.002,0.00,0.000,2.0,5.6,1.4,260,62,2.8,8.0,1.7,242,65,2.8,8.0,1.7,242,65,123,28.22,0.8,0,0,0,40.1,43.5,46.6,0.34,0.61,0.63
RAQU,2019-11-08 12:50:00 EST,43.82275,-74.62509,1771,22.3,21.7,22.3,68.0,13.4,0.000,0.002,0.00,0.000,1.6,4.8,1.2,285,59,2.6,6.5,1.3,268,62,2.6,6.5,1.3,268,62,76,28.22,0.8,0,0,0,40.1,43.5,46.5,0.34,0.61,0.63
RAQU,2019-11-08 12:55:00 EST,43.82275,-74.62509,1771,22.2,21.7,17.7,69.5,13.7,0.000,0.002,0.00,0.000,2.7,6.8,1.6,284,45,3.3,8.3,1.9,275,46,3.3,8.3,1.9,275,46,119,28.22,0.8,0,0,0,40.1,43.5,46.5,0.34,0.61,0.63
RAQU,2019-11-08 13:00:00 EST,43.82275,-74.62509,1771,22.5,21.8,22.5,67.1,13.2,0.000,0.002,0.00,0.000,1.9,5.7,1.3,326,62,3.0,9.7,1.9,330,62,3.0,9.7,1.9,330,62,123,28.22,0.7,0,0,0,40.1,43.5,46.5,0.34,0.61,0.63
RAQU,2019-11-08 13:05:00 EST,43.82275,-74.62509,1771,22.3,21.8,22.3,64.9,12.3,0.000,0.002,0.00,0.000,1.3,4.9,1.3,350,72,2.3,6.6,1.6,354,66,2.3,6.6,1.6,354,66,103,28.22,0.7,0,0,0,40.1,43.5,46.5,0.34,0.61,0.63
RAQU,2019-11-08 13:10:00 EST,43.82275,-74.62509,1771,22.3,21.7,22.3,66.8,12.9,0.000,0.002,0.00,0.000,1.7,7.4,1.8,301,48,2.4,8.4,2.0,317,53,2.4,8.4,2.0,317,53,73,28.22,0.7,0,0,0,40.1,43.5,46.4,0.34,0.61,0.63
RAQU,2019-11-08 13:15:00 EST,43.82275,-74.62509,1771,21.9,21.5,21.9,68.8,13.3,0.000,0.002,0.00,0.000,2.3,7.9,1.8,305,47,2.8,8.2,2.0,302,51,2.8,8.2,2.0,302,51,57,28.22,0.5,0,0,0,40.1,43.5,46.4,0.34,0.61,0.63
RAQU,2019-11-08 13:20:00 EST,43.82275,-74.62509,1771,22.0,21.5,22.0,72.8,14.6,0.000,0.002,0.00,0.000,0.9,3.9,0.8,240,47,1.8,5.2,1.2,229,51,1.8,5.2,1.2,229,51,88,28.22,0.5,0,0,0,40.1,43.5,46.5,0.34,0.61,0.63
RAQU,2019-11-08 13:25:00 EST,43.82275,-74.62509,1771,22.2,21.8,22.2,71.1,14.3,0.000,0.002,0.00,0.000,1.8,5.1,1.5,342,35,2.7,7.9,1.7,339,35,2.7,7.9,1.7,339,35,93,28.22,0.4,0,0,0,40.1,43.5,46.5,0.34,0.61,0.63
RAQU,2019-11-08 13:30:00 EST,43.82275,-74.62509,1771,22.1,21.7,22.1,69.7,13.7,0.000,0.002,0.00,0.000,1.6,5.6,1.3,2,55,2.1,7.1,1.7,3,48,2.1,7.1,1.7,3,48,77,28.22,0.5,0,0,0,40.1,43.5,46.4,0.34,0.61,0.63
RAQU,2019-11-08 13:35:00 EST,43.82275,-74.62509,1771,22.4,21.9,22.4,71.3,14.5,0.000,0.002,0.00,0.000,1.1,3.4,1.0,349,59,1.9,6.0,1.3,347,63,1.9,6.0,1.3,347,63,89,28.22,0.4,0,0,0,40.1,43.5,46.4,0.34,0.61,0.63
RAQU,2019-11-08 13:40:00 EST,43.82275,-74.62509,1771,22.3,21.8,17.8,71.1,14.3,0.000,0.002,0.00,0.000,2.3,6.4,1.5,239,46,3.3,7.9,1.7,234,47,3.3,7.9,1.7,234,47,101,28.22,0.4,0,0,0,40.1,43.5,46.4,0.34,0.61,0.63
RAQU,2019-11-08 13:45:00 EST,43.82275,-74.62509,1771,22.3,21.8,17.7,70.2,14.1,0.000,0.002,0.00,0.000,2.5,6.3,1.4,260,46,3.4,9.4,1.8,251,46,3.4,9.4,1.8,251,46,77,28.22,0.4,0,0,0,40.1,43.5,46.5,0.34,0.61,0.63
RAQU,2019-11-08 13:50:00 EST,43.82275,-74.62509,1771,22.0,21.6,16.2,65.2,12.0,0.000,0.002,0.00,0.000,3.1,8.9,1.9,286,48,4.2,9.3,2.0,281,51,4.2,9.3,2.0,281,51,78,28.22,0.4,0,0,0,40.1,43.5,46.4,0.34,0.61,0.63
RAQU,2019-11-08 13:55:00 EST,43.82275,-74.62509,1771,22.0,21.5,16.3,68.5,13.2,0.000,0.002,0.00,0.000,3.2,7.8,1.8,338,56,4.1,9.4,2.0,337,52,4.1,9.4,2.0,337,52,71,28.22,0.5,0,0,0,40.1,43.5,46.4,0.34,0.61,0.63
RAQU,2019-11-08 14:00:00 EST,43.82275,-74.62509,1771,21.7,21.5,16.8,70.0,13.5,0.000,0.002,0.00,0.000,2.8,8.6,1.9,279,52,3.6,11.5,2.2,275,53,3.6,11.5,2.2,275,53,61,28.22,0.5,0,0,0,40.1,43.5,46.4,0.34,0.61,0.63
RAQU,2019-11-08 14:05:00 EST,43.82275,-74.62509,1771,21.8,21.6,21.8,68.0,12.9,0.000,0.002,0.00,0.000,1.7,7.4,1.5,306,37,2.5,9.5,1.8,306,39,2.5,9.5,1.8,306,39,68,28.22,0.6,0,0,0,40.1,43.5,46.4,0.34,0.61,0.63
RAQU,2019-11-08 14:10:00 EST,43.82275,-74.62509,1771,22.1,21.7,17.7,69.3,13.6,0.000,0.002,0.00,0.000,2.4,5.7,1.4,304,48,3.2,6.8,1.5,306,47,3.2,6.8,1.5,306,47,71,28.22,0.5,0,0,0,40.1,43.5,46.4,0.34,0.61,0.63
RAQU,2019-11-08 14:15:00 EST,43.82275,-74.62509,1771,22.4,21.9,22.4,69.9,14.0,0.000,0.002,0.00,0.000,2.1,6.5,1.7,273,45,2.8,7.7,2.0,259,47,2.8,7.7,2.0,259,47,126,28.22,0.7,0,0,0,40.1,43.5,46.4,0.34,0.61,0.63
RAQU,2019-11-08 14:20:00 EST,43.82275,-74.62509,1771,22.5,22.1,22.5,68.0,13.5,0.000,0.002,0.00,0.000,2.1,5.8,1.4,302,61,2.9,7.6,1.5,296,60,2.9,7.6,1.5,296,60,76,28.22,0.6,0,0,0,40.1,43.5,46.4,0.34,0.61,0.63
RAQU,2019-11-08 14:25:00 EST,43.82275,-74.62509,1771,22.2,21.9,17.0,70.4,14.0,0.000,0.002,0.00,0.000,3.1,7.2,1.7,304,45,3.8,9.1,2.1,305,45,3.8,9.1,2.1,305,45,62,28.22,0.7,0,0,0,40.1,43.5,46.4,0.34,0.61,0.63
RAQU,2019-11-08 14:30:00 EST,43.82275,-74.62509,1771,22.1,21.7,17.8,72.1,14.5,0.000,0.002,0.00,0.000,2.2,6.9,1.6,320,66,3.2,8.6,1.9,328,64,3.2,8.6,1.9,328,64,44,28.23,0.6,0,0,0,40.1,43.5,46.4,0.34,0.61,0.63
RAQU,2019-11-08 14:35:00 EST,43.82275,-74.62509,1771,21.8,21.4,21.8,73.9,14.7,0.000,0.002,0.00,0.000,1.8,9.8,1.5,12,56,2.9,12.7,1.9,4,58,2.9,12.7,1.9,4,58,29,28.23,0.6,0,0,0,40.1,43.5,46.4,0.34,0.61,0.63
RAQU,2019-11-08 14:40:00 EST,43.82275,-74.62509,1771,21.7,21.4,21.7,72.3,14.2,0.000,0.002,0.00,0.000,1.7,6.3,1.2,247,61,2.6,8.0,1.7,224,60,2.6,8.0,1.7,224,60,52,28.23,0.7,0,0,0,40.1,43.5,46.4,0.34,0.61,0.63
RAQU,2019-11-08 14:45:00 EST,43.82275,-74.62509,1771,21.9,21.6,17.0,69.3,13.4,0.000,0.002,0.00,0.000,2.8,8.7,1.9,276,54,3.6,8.5,2.2,276,56,3.6,8.5,2.2,276,56,61,28.23,0.6,0,0,0,40.2,43.4,46.4,0.34,0.61,0.63
RAQU,2019-11-08 14:50:00 EST,43.82275,-74.62509,1771,21.7,21.4,17.1,67.5,12.6,0.000,0.002,0.00,0.000,2.5,7.0,1.6,262,50,3.3,8.9,1.8,262,57,3.3,8.9,1.8,262,57,60,28.23,0.7,0,0,0,40.2,43.4,46.4,0.34,0.61,0.63
RAQU,2019-11-08 14:55:00 EST,43.82275,-74.62509,1771,21.8,21.5,17.3,69.7,13.4,0.000,0.002,0.00,0.000,2.5,8.8,1.7,270,53,3.3,11.5,2.1,259,55,3.3,11.5,2.1,259,55,48,28.23,0.6,0,0,0,40.2,43.4,46.4,0.34,0.61,0.63
RAQU,2019-11-08 15:00:00 EST,43.82275,-74.62509,1771,21.8,21.5,16.6,68.2,12.9,0.000,0.002,0.00,0.000,2.8,8.5,1.7,331,46,3.8,9.9,2.0,320,48,3.8,9.9,2.0,320,48,43,28.23,0.6,0,0,0,40.1,43.4,46.4,0.34,0.61,0.63
RAQU,2019-11-08 15:05:00 EST,43.82275,-74.62509,1771,21.8,21.6,16.4,67.9,12.9,0.000,0.002,0.00,0.000,3.1,8.9,1.8,333,53,4.0,9.8,2.1,323,45,4.0,9.8,2.1,323,45,50,28.24,0.6,0,0,0,40.2,43.3,46.4,0.34,0.61,0.63
RAQU,2019-11-08 15:10:00 EST,43.82275,-74.62509,1771,21.7,21.4,15.8,67.3,12.5,0.000,0.002,0.00,0.000,3.4,7.8,1.7,293,44,4.3,9.6,1.9,289,44,4.3,9.6,1.9,289,44,58,28.24,0.6,0,0,0,40.2,43.3,46.4,0.34,0.61,0.63
RAQU,2019-11-08 15:15:00 EST,43.82275,-74.62509,1771,22.0,21.7,22.0,69.2,13.4,0.000,0.002,0.00,0.000,1.8,7.7,1.2,341,59,2.8,7.7,1.6,360,62,2.8,7.7,1.6,360,62,50,28.24,0.6,0,0,0,40.2,43.3,46.4,0.34,0.61,0.63
RAQU,2019-11-08 15:20:00 EST,43.82275,-74.62509,1771,21.9,21.6,17.7,68.0,13.0,0.000,0.002,0.00,0.000,2.3,5.4,1.4,331,55,3.2,8.0,1.6,344,60,3.2,8.0,1.6,344,60,49,28.24,0.6,0,0,0,40.2,43.3,46.4,0.34,0.61,0.63
RAQU,2019-11-08 15:25:00 EST,43.82275,-74.62509,1771,22.0,21.7,22.0,68.0,13.1,0.000,0.002,0.00,0.000,1.7,5.6,1.2,326,63,2.6,6.5,1.4,320,65,2.6,6.5,1.4,320,65,52,28.24,0.7,0,0,0,40.2,43.3,46.4,0.34,0.61,0.63
RAQU,2019-11-08 15:30:00 EST,43.82275,-74.62509,1771,22.0,21.7,22.0,68.6,13.3,0.000,0.002,0.00,0.000,1.7,4.5,1.0,220,60,2.6,6.9,1.4,222,57,2.6,6.9,1.4,222,57,46,28.24,0.7,0,0,0,40.2,43.3,46.4,0.34,0.61,0.63
RAQU,2019-11-08 15:35:00 EST,43.82275,-74.62509,1771,21.8,21.4,17.6,68.2,12.9,0.000,0.002,0.00,0.000,2.1,6.7,1.3,303,61,3.1,9.3,1.6,297,61,3.1,9.3,1.6,297,61,48,28.25,0.6,0,0,0,40.2,43.3,46.4,0.34,0.61,0.63
RAQU,2019-11-08 15:40:00 EST,43.82275,-74.62509,1771,21.7,21.4,17.4,68.3,12.9,0.000,0.002,0.00,0.000,2.3,6.9,1.5,267,66,3.2,9.7,2.1,268,65,3.2,9.7,2.1,268,65,46,28.25,0.6,0,0,0,40.2,43.3,46.4,0.34,0.61,0.63
RAQU,2019-11-08 15:45:00 EST,43.82275,-74.62509,1771,21.7,21.5,21.7,68.2,12.8,0.000,0.002,0.00,0.000,1.8,7.3,1.4,334,70,2.5,9.5,1.6,302,67,2.5,9.5,1.6,302,67,37,28.25,0.6,0,0,0,40.2,43.3,46.4,0.34,0.61,0.63
RAQU,2019-11-08 15:50:00 EST,43.82275,-74.62509,1771,21.5,21.3,21.5,69.9,13.2,0.000,0.002,0.00,0.000,1.8,7.3,1.6,239,47,2.7,8.0,1.9,238,53,2.7,8.0,1.9,238,53,28,28.25,0.7,0,0,0,40.2,43.3,46.4,0.34,0.61,0.63
RAQU,2019-11-08 15:55:00 EST,43.82275,-74.62509,1771,21.2,21.0,17.0,70.2,13.0,0.000,0.002,0.00,0.000,2.3,8.9,1.9,249,47,3.1,12.1,2.2,236,49,3.1,12.1,2.2,236,49,20,28.25,0.7,0,0,0,40.2,43.3,46.4,0.34,0.61,0.63
RAQU,2019-11-08 16:00:00 EST,43.82275,-74.62509,1771,21.1,20.9,16.7,71.7,13.4,0.000,0.002,0.00,0.000,2.2,6.7,1.9,285,53,3.2,8.7,2.2,264,61,3.2,8.7,2.2,264,61,20,28.25,0.7,0,0,0,40.2,43.3,46.4,0.34,0.61,0.63
RAQU,2019-11-08 16:05:00 EST,43.82275,-74.62509,1771,21.2,20.9,16.9,73.7,14.1,0.000,0.002,0.00,0.000,2.6,8.2,1.8,300,37,3.1,9.0,2.0,294,40,3.1,9.0,2.0,294,40,21,28.25,0.6,0,0,0,40.2,43.3,46.4,0.34,0.61,0.63
RAQU,2019-11-08 16:10:00 EST,43.82275,-74.62509,1771,21.2,21.0,21.2,75.5,14.7,0.000,0.002,0.00,0.000,2.0,5.9,1.9,318,33,2.8,9.0,2.2,316,36,2.8,9.0,2.2,316,36,9,28.25,0.6,0,0,0,40.2,43.3,46.4,0.34,0.61,0.63
RAQU,2019-11-08 16:15:00 EST,43.82275,-74.62509,1771,21.1,20.8,21.1,80.4,16.0,0.000,0.002,0.00,0.000,1.3,4.3,1.0,329,73,1.9,5.1,1.1,352,74,1.9,5.1,1.1,352,74,6,28.25,0.6,0,0,0,40.2,43.3,46.4,0.34,0.61,0.63
RAQU,2019-11-08 16:20:00 EST,43.82275,-74.62509,1771,20.9,20.7,20.9,82.4,16.4,0.000,0.002,0.00,0.000,1.6,6.7,1.2,313,44,2.4,8.5,1.6,313,48,2.4,8.5,1.6,313,48,5,28.25,0.5,0,0,0,40.2,43.3,46.4,0.34,0.61,0.63
RAQU,2019-11-08 16:25:00 EST,43.82275,-74.62509,1771,20.7,20.6,20.7,80.6,15.7,0.000,0.002,0.00,0.000,1.9,8.2,1.5,294,55,2.6,7.3,1.6,288,59,2.6,7.3,1.6,288,59,5,28.25,0.5,0,0,0,40.2,43.3,46.4,0.34,0.61,0.63
RAQU,2019-11-08 16:30:00 EST,43.82275,-74.62509,1771,20.7,20.5,16.2,77.3,14.7,0.000,0.002,0.00,0.000,2.6,9.4,2.3,282,47,3.2,12.0,2.5,278,49,3.2,12.0,2.5,278,49,4,28.25,0.5,0,0,0,40.2,43.3,46.4,0.34,0.61,0.63
RAQU,2019-11-08 16:35:00 EST,43.82275,-74.62509,1771,20.4,20.3,20.4,78.3,14.8,0.000,0.002,0.00,0.000,1.5,7.6,1.3,283,62,2.1,8.5,1.5,274,62,2.1,8.5,1.5,274,62,4,28.26,0.5,0,0,0,40.2,43.3,46.4,0.34,0.61,0.63
RAQU,2019-11-08 16:40:00 EST,43.82275,-74.62509,1771,20.1,20.1,20.1,80.1,15.0,0.000,0.002,0.00,0.000,1.6,4.2,0.9,312,51,2.2,5.5,1.2,308,52,2.2,5.5,1.2,308,52,2,28.26,0.5,0,0,0,40.1,43.3,46.4,0.34,0.61,0.63
RAQU,2019-11-08 16:45:00 EST,43.82275,-74.62509,1771,20.4,20.2,20.4,81.4,15.6,0.000,0.002,0.00,0.000,0.9,4.1,1.1,324,48,1.4,4.3,1.1,317,58,1.4,4.3,1.1,317,58,2,28.26,0.5,0,0,0,40.2,43.3,46.4,0.34,0.61,0.63
RAQU,2019-11-08 16:50:00 EST,43.82275,-74.62509,1771,20.3,20.2,20.3,83.1,16.0,0.000,0.002,0.00,0.000,0.4,1.5,0.4,95,42,1.1,3.3,0.7,94,55,1.1,3.3,0.7,94,55,1,28.26,0.6,0,0,0,40.2,43.3,46.4,0.34,0.61,0.63
RAQU,2019-11-08 16:55:00 EST,43.82275,-74.62509,1771,20.0,20.0,20.0,82.6,15.6,0.000,0.002,0.00,0.000,1.1,4.9,1.3,312,45,1.9,7.0,1.6,305,57,1.9,7.0,1.6,305,57,0,28.26,0.6,0,0,0,40.1,43.3,46.4,0.34,0.61,0.63
RAQU,2019-11-08 17:00:00 EST,43.82275,-74.62509,1771,19.8,19.9,19.8,82.3,15.3,0.000,0.002,0.00,0.000,0.9,3.1,0.8,328,53,1.5,4.0,1.0,342,56,1.5,4.0,1.0,342,56,0,28.27,0.6,0,0,0,40.1,43.3,46.4,0.34,0.61,0.63
RAQU,2019-11-08 17:05:00 EST,43.82275,-74.62509,1771,20.0,20.0,20.0,82.2,15.4,0.000,0.002,0.00,0.000,1.0,3.1,0.8,308,61,1.7,4.5,1.0,274,63,1.7,4.5,1.0,274,63,0,28.27,0.6,0,0,0,40.1,43.3,46.4,0.34,0.61,0.63
RAQU,2019-11-08 17:10:00 EST,43.82275,-74.62509,1771,20.3,20.2,20.3,79.7,15.0,0.000,0.002,0.00,0.000,1.9,6.9,1.3,342,47,2.6,9.8,1.5,325,57,2.6,9.8,1.5,325,57,0,28.27,0.5,0,0,0,40.1,43.3,46.4,0.34,0.61,0.63
RAQU,2019-11-08 17:15:00 EST,43.82275,-74.62509,1771,20.3,20.2,20.3,78.6,14.7,0.000,0.002,0.00,0.000,1.7,4.7,0.9,302,52,2.4,6.3,1.2,295,51,2.4,6.3,1.2,295,51,0,28.27,0.6,0,0,0,40.1,43.3,46.4,0.34,0.61,0.63
RAQU,2019-11-08 17:20:00 EST,43.82275,-74.62509,1771,20.4,20.3,20.4,78.3,14.7,0.000,0.002,0.00,0.000,1.3,3.9,1.0,291,52,1.8,4.9,1.0,284,52,1.8,4.9,1.0,284,52,0,28.27,0.6,0,0,0,40.1,43.3,46.4,0.34,0.61,0.63
RAQU,2019-11-08 17:25:00 EST,43.82275,-74.62509,1771,20.3,20.2,15.9,78.5,14.7,0.000,0.002,0.00,0.000,2.4,5.4,1.3,284,54,3.1,8.0,1.5,277,55,3.1,8.0,1.5,277,55,0,28.28,0.6,0,0,0,40.1,43.3,46.4,0.34,0.61,0.63
RAQU,2019-11-08 17:30:00 EST,43.82275,-74.62509,1771,20.3,20.1,15.8,79.0,14.9,0.000,0.002,0.00,0.000,2.3,7.9,1.6,338,35,3.2,9.1,1.9,328,33,3.2,9.1,1.9,328,33,0,28.28,0.6,0,0,0,40.1,43.3,46.4,0.34,0.61,0.63
RAQU,2019-11-08 17:35:00 EST,43.82275,-74.62509,1771,20.2,20.1,15.5,79.7,14.9,0.000,0.002,0.00,0.000,2.5,6.4,1.3,254,55,3.3,7.0,1.4,252,57,3.3,7.0,1.4,252,57,0,28.28,0.5,0,0,0,40.1,43.3,46.4,0.34,0.61,0.63
RAQU,2019-11-08 17:40:00 EST,43.82275,-74.62509,1771,20.1,20.0,20.1,79.6,14.8,0.000,0.002,0.00,0.000,0.9,3.1,0.8,257,44,1.6,3.6,0.9,242,52,1.6,3.6,0.9,242,52,0,28.28,0.6,0,0,0,40.1,43.3,46.4,0.34,0.61,0.63
RAQU,2019-11-08 17:45:00 EST,43.82275,-74.62509,1771,20.1,20.0,20.1,80.5,15.1,0.000,0.002,0.00,0.000,0.7,3.6,0.8,273,53,1.2,4.3,1.0,269,49,1.2,4.3,1.0,269,49,0,28.28,0.6,0,0,0,40.1,43.3,46.4,0.34,0.61,0.63
RAQU,2019-11-08 17:50:00 EST,43.82275,-74.62509,1771,20.1,20.0,20.1,81.6,15.4,0.000,0.002,0.00,0.000,1.6,5.0,1.1,279,49,2.1,7.0,1.3,269,52,2.1,7.0,1.3,269,52,0,28.28,0.5,0,0,0,40.1,43.3,46.4,0.34,0.61,0.63
RAQU,2019-11-08 17:55:00 EST,43.82275,-74.62509,1771,20.0,19.9,20.0,82.2,15.5,0.000,0.002,0.00,0.000,1.6,4.9,1.3,297,30,2.1,5.9,1.5,295,32,2.1,5.9,1.5,295,32,0,28.29,0.5,0,0,0,40.1,43.3,46.4,0.34,0.61,0.63
RAQU,2019-11-08 18:00:00 EST,43.82275,-74.62509,1771,20.0,19.8,20.0,82.5,15.5,0.000,0.002,0.00,0.000,1.5,7.0,1.5,325,30,2.0,7.4,1.5,320,31,2.0,7.4,1.5,320,31,0,28.29,0.5,0,0,0,40.1,43.3,46.4,0.33,0.61,0.63
RAQU,2019-11-08 18:05:00 EST,43.82275,-74.62509,1771,19.8,19.7,19.8,82.9,15.5,0.000,0.002,0.00,0.000,0.5,1.6,0.5,292,43,0.8,1.9,0.6,272,49,0.8,1.9,0.6,272,49,0,28.29,0.6,0,0,0,40.1,43.2,46.3,0.34,0.61,0.63
RAQU,2019-11-08 18:10:00 EST,43.82275,-74.62509,1771,19.7,19.6,19.7,83.0,15.4,0.000,0.002,0.00,0.000,1.3,4.7,1.1,253,36,1.6,4.4,1.1,248,42,1.6,4.4,1.1,248,42,0,28.29,0.6,0,0,0,40.1,43.2,46.4,0.34,0.61,0.63
RAQU,2019-11-08 18:15:00 EST,43.82275,-74.62509,1771,19.5,19.5,19.5,82.9,15.2,0.000,0.002,0.00,0.000,0.6,5.1,0.9,288,29,1.1,5.4,1.1,271,36,1.1,5.4,1.1,271,36,0,28.29,0.5,0,0,0,40.1,43.2,46.4,0.34,0.61,0.63
RAQU,2019-11-08 18:20:00 EST,43.82275,-74.62509,1771,19.6,19.5,19.6,82.1,15.0,0.000,0.002,0.00,0.000,2.4,4.8,1.1,304,43,2.7,5.9,1.3,295,43,2.7,5.9,1.3,295,43,0,28.29,0.4,0,0,0,40.1,43.2,46.4,0.34,0.61,0.63
RAQU,2019-11-08 18:25:00 EST,43.82275,-74.62509,1771,19.4,19.5,19.4,82.7,15.0,0.000,0.002,0.00,0.000,0.5,2.6,0.6,314,38,1.1,4.2,0.8,321,44,1.1,4.2,0.8,321,44,0,28.29,0.4,0,0,0,40.1,43.2,46.4,0.34,0.61,0.63
RAQU,2019-11-08 18:30:00 EST,43.82275,-74.62509,1771,19.5,19.4,19.5,84.3,15.5,0.000,0.002,0.00,0.000,1.5,4.2,0.9,311,38,2.0,5.1,0.9,309,38,2.0,5.1,0.9,309,38,0,28.30,0.4,0,0,0,40.1,43.2,46.4,0.34,0.61,0.63
RAQU,2019-11-08 18:35:00 EST,43.82275,-74.62509,1771,19.3,19.3,19.3,82.8,15.0,0.000,0.002,0.00,0.000,1.0,3.5,0.9,259,44,1.6,5.9,1.1,272,52,1.6,5.9,1.1,272,52,0,28.30,0.5,0,0,0,40.1,43.2,46.3,0.34,0.61,0.63
RAQU,2019-11-08 18:40:00 EST,43.82275,-74.62509,1771,19.0,19.0,19.0,81.8,14.4,0.000,0.002,0.00,0.000,1.1,5.0,1.1,305,42,1.7,4.1,0.9,286,56,1.7,4.1,0.9,286,56,0,28.30,0.5,0,0,0,40.1,43.2,46.4,0.34,0.61,0.63
RAQU,2019-11-08 18:45:00 EST,43.82275,-74.62509,1771,18.6,18.9,18.6,82.8,14.3,0.000,0.002,0.00,0.000,0.5,2.1,0.6,120,55,1.0,4.2,0.9,108,57,1.0,4.2,0.9,108,57,0,28.30,0.5,0,0,0,40.1,43.2,46.4,0.34,0.61,0.63
RAQU,2019-11-08 18:50:00 EST,43.82275,-74.62509,1771,18.6,18.7,18.6,83.5,14.4,0.000,0.002,0.00,0.000,0.6,2.9,0.6,255,58,1.1,3.0,0.7,325,64,1.1,3.0,0.7,325,64,0,28.30,0.5,0,0,0,40.1,43.2,46.3,0.34,0.61,0.63
RAQU,2019-11-08 18:55:00 EST,43.82275,-74.62509,1771,18.8,18.6,18.8,83.7,14.6,0.000,0.002,0.00,0.000,1.5,3.1,0.8,304,39,1.8,3.7,0.9,301,38,1.8,3.7,0.9,301,38,0,28.30,0.5,0,0,0,40.1,43.2,46.1,0.34,0.61,0.63
RAQU,2019-11-08 19:00:00 EST,43.82275,-74.62509,1771,18.5,18.5,18.5,83.3,14.3,0.000,0.002,0.00,0.000,0.8,3.7,0.8,305,56,1.4,5.7,1.1,317,64,1.4,5.7,1.1,317,64,0,28.30,0.5,0,0,0,40.0,43.2,46.1,0.33,0.61,0.63
RAQU,2019-11-08 19:05:00 EST,43.82275,-74.62509,1771,18.4,18.5,18.4,84.3,14.5,0.000,0.002,0.00,0.000,0.6,2.8,0.6,10,34,1.1,4.0,0.9,351,41,1.1,4.0,0.9,351,41,0,28.30,0.5,0,0,0,40.0,43.2,46.2,0.34,0.61,0.63
RAQU,2019-11-08 19:10:00 EST,43.82275,-74.62509,1771,18.5,18.4,18.5,84.9,14.7,0.000,0.002,0.00,0.000,0.7,2.2,0.6,346,26,1.1,3.4,0.7,342,35,1.1,3.4,0.7,342,35,0,28.30,0.4,0,0,0,39.9,43.2,46.1,0.33,0.61,0.63
RAQU,2019-11-08 19:15:00 EST,43.82275,-74.62509,1771,18.4,18.4,18.4,84.9,14.7,0.000,0.002,0.00,0.000,1.3,4.6,0.9,344,32,1.9,5.4,1.1,341,33,1.9,5.4,1.1,341,33,0,28.30,0.5,0,0,0,39.9,43.2,46.1,0.34,0.61,0.63
RAQU,2019-11-08 19:20:00 EST,43.82275,-74.62509,1771,18.4,18.4,18.4,84.9,14.6,0.000,0.002,0.00,0.000,1.4,3.0,0.8,324,28,1.9,3.3,0.9,330,32,1.9,3.3,0.9,330,32,0,28.30,0.5,0,0,0,39.9,43.2,46.0,0.34,0.61,0.63
RAQU,2019-11-08 19:25:00 EST,43.82275,-74.62509,1771,18.4,18.4,18.4,85.5,14.8,0.000,0.002,0.00,0.000,1.3,3.9,0.8,326,32,1.6,4.6,0.8,325,32,1.6,4.6,0.8,325,32,0,28.30,0.4,0,0,0,39.9,43.2,46.0,0.34,0.61,0.63
RAQU,2019-11-08 19:30:00 EST,43.82275,-74.62509,1771,18.4,18.4,18.4,86.0,14.9,0.000,0.002,0.00,0.000,0.3,1.3,0.4,358,28,0.8,2.2,0.6,358,40,0.8,2.2,0.6,358,40,0,28.30,0.4,0,0,0,39.9,43.2,46.0,0.33,0.61,0.63
RAQU,2019-11-08 19:35:00 EST,43.82275,-74.62509,1771,18.5,18.4,18.5,87.2,15.3,0.000,0.002,0.00,0.000,1.1,3.7,0.8,315,40,1.6,4.7,0.9,314,42,1.6,4.7,0.9,314,42,0,28.30,0.4,0,0,0,39.9,43.2,46.0,0.34,0.61,0.63
RAQU,2019-11-08 19:40:00 EST,43.82275,-74.62509,1771,18.5,18.5,18.5,87.0,15.3,0.000,0.002,0.00,0.000,0.8,3.4,0.6,309,32,1.3,3.3,0.7,297,38,1.3,3.3,0.7,297,38,0,28.30,0.4,0,0,0,39.9,43.2,46.0,0.33,0.61,0.63
RAQU,2019-11-08 19:45:00 EST,43.82275,-74.62509,1771,18.6,18.5,18.6,87.1,15.4,0.000,0.002,0.00,0.000,0.8,2.3,0.6,314,28,1.4,3.4,0.8,307,36,1.4,3.4,0.8,307,36,0,28.30,0.5,0,0,0,39.9,43.2,46.0,0.34,0.61,0.63
RAQU,2019-11-08 19:50:00 EST,43.82275,-74.62509,1771,18.5,18.5,18.5,87.3,15.4,0.000,0.002,0.00,0.000,1.1,3.4,0.8,353,33,1.7,5.0,0.9,347,35,1.7,5.0,0.9,347,35,0,28.30,0.4,0,0,0,39.9,43.2,46.0,0.34,0.61,0.63
RAQU,2019-11-08 19:55:00 EST,43.82275,-74.62509,1771,18.5,18.5,18.5,87.8,15.5,0.000,0.002,0.00,0.000,0.8,2.2,0.6,330,30,1.3,3.2,0.7,331,38,1.3,3.2,0.7,331,38,0,28.30,0.4,0,0,0,39.9,43.2,46.0,0.33,0.61,0.63
RAQU,2019-11-08 20:00:00 EST,43.82275,-74.62509,1771,18.6,18.5,18.6,87.7,15.5,0.000,0.002,0.00,0.000,1.0,2.2,0.6,359,25,1.4,3.0,0.8,359,33,1.4,3.0,0.8,359,33,0,28.30,0.4,0,0,0,39.9,43.2,46.0,0.33,0.61,0.63
RAQU,2019-11-08 20:05:00 EST,43.82275,-74.62509,1771,18.4,18.5,18.4,88.3,15.5,0.000,0.002,0.00,0.000,0.7,2.2,0.6,23,23,1.4,3.1,0.8,22,30,1.4,3.1,0.8,22,30,0,28.30,0.4,0,0,0,39.9,43.2,46.0,0.34,0.61,0.63
RAQU,2019-11-08 20:10:00 EST,43.82275,-74.62509,1771,18.5,18.5,18.5,88.3,15.6,0.000,0.002,0.00,0.000,0.7,2.2,0.6,5,23,1.2,3.1,0.8,359,28,1.2,3.1,0.8,359,28,0,28.30,0.4,0,0,0,39.9,43.2,46.0,0.34,0.61,0.63
RAQU,2019-11-08 20:15:00 EST,43.82275,-74.62509,1771,18.0,18.3,18.0,88.2,15.1,0.000,0.002,0.00,0.000,0.2,0.9,0.3,47,11,0.9,1.7,0.4,30,22,0.9,1.7,0.4,30,22,0,28.30,0.4,0,0,0,39.8,43.2,46.0,0.33,0.61,0.63
RAQU,2019-11-08 20:20:00 EST,43.82275,-74.62509,1771,18.1,18.3,18.1,88.8,15.3,0.000,0.002,0.00,0.000,1.1,2.6,0.7,3,32,1.6,3.2,0.8,3,35,1.6,3.2,0.8,3,35,0,28.30,0.5,0,0,0,39.7,43.2,46.0,0.33,0.61,0.63
RAQU,2019-11-08 20:25:00 EST,43.82275,-74.62509,1771,18.3,18.6,18.3,88.7,15.5,0.000,0.002,0.00,0.000,0.6,2.4,0.6,347,30,1.1,2.8,0.8,356,42,1.1,2.8,0.8,356,42,0,28.30,0.5,0,0,0,39.7,43.2,46.0,0.33,0.61,0.63
RAQU,2019-11-08 20:30:00 EST,43.82275,-74.62509,1771,17.8,18.0,17.8,88.6,15.0,0.000,0.002,0.00,0.000,0.3,2.0,0.5,65,11,0.7,2.4,0.6,55,15,0.7,2.4,0.6,55,15,0,28.31,0.5,0,0,0,39.7,43.2,46.0,0.33,0.61,0.63
RAQU,2019-11-08 20:35:00 EST,43.82275,-74.62509,1771,17.8,18.1,17.8,89.3,15.2,0.000,0.002,0.00,0.000,0.2,1.3,0.3,138,29,0.7,2.7,0.7,106,51,0.7,2.7,0.7,106,51,0,28.31,0.4,0,0,0,39.7,43.2,46.0,0.33,0.61,0.63
RAQU,2019-11-08 20:40:00 EST,43.82275,-74.62509,1771,17.7,18.0,17.7,89.7,15.1,0.000,0.002,0.00,0.000,0.4,1.2,0.4,11,44,0.9,3.0,0.7,10,52,0.9,3.0,0.7,10,52,0,28.31,0.5,0,0,0,39.7,43.2,46.0,0.34,0.61,0.63
RAQU,2019-11-08 20:45:00 EST,43.82275,-74.62509,1771,17.7,18.0,17.7,90.1,15.3,0.000,0.002,0.00,0.000,0.7,3.5,0.8,350,52,1.3,5.3,1.1,4,54,1.3,5.3,1.1,4,54,0,28.31,0.4,0,0,0,39.7,43.2,46.0,0.33,0.61,0.63
RAQU,2019-11-08 20:50:00 EST,43.82275,-74.62509,1771,17.8,17.9,17.8,90.0,15.4,0.000,0.002,0.00,0.000,0.4,2.2,0.5,109,48,0.7,2.7,0.6,87,37,0.7,2.7,0.6,87,37,0,28.31,0.5,0,0,0,39.7,43.2,46.0,0.33,0.61,0.63
RAQU,2019-11-08 20:55:00 EST,43.82275,-74.62509,1771,17.5,17.5,17.5,90.2,15.1,0.000,0.002,0.00,0.000,0.2,0.8,0.3,67,9,0.7,1.4,0.4,62,17,0.7,1.4,0.4,62,17,0,28.31,0.4,0,0,0,39.7,43.2,46.0,0.34,0.61,0.63
RAQU,2019-11-08 21:00:00 EST,43.82275,-74.62509,1771,17.2,17.3,17.2,90.3,14.8,0.000,0.002,0.00,0.000,0.1,0.7,0.1,89,10,0.5,1.3,0.5,59,20,0.5,1.3,0.5,59,20,0,28.31,0.5,0,0,0,39.7,43.2,46.0,0.33,0.61,0.63
RAQU,2019-11-08 21:05:00 EST,43.82275,-74.62509,1771,16.9,17.2,16.9,91.1,14.8,0.000,0.002,0.00,0.000,0.1,0.8,0.3,48,3,0.3,1.4,0.5,25,25,0.3,1.4,0.5,25,25,0,28.31,0.5,0,0,0,39.7,43.2,46.0,0.33,0.61,0.63
RAQU,2019-11-08 21:10:00 EST,43.82275,-74.62509,1771,17.1,17.4,17.1,92.2,15.2,0.000,0.002,0.00,0.000,0.4,2.8,0.7,275,27,0.8,4.2,0.9,292,41,0.8,4.2,0.9,292,41,0,28.31,0.5,0,0,0,39.6,43.2,46.0,0.33,0.61,0.63
RAQU,2019-11-08 21:15:00 EST,43.82275,-74.62509,1771,17.3,17.5,17.3,93.1,15.6,0.000,0.002,0.00,0.000,0.4,2.0,0.6,268,18,0.9,2.5,0.7,289,39,0.9,2.5,0.7,289,39,0,28.31,0.5,0,0,0,39.6,43.2,46.0,0.33,0.61,0.63
RAQU,2019-11-08 21:20:00 EST,43.82275,-74.62509,1771,17.2,17.5,17.2,92.8,15.5,0.000,0.002,0.00,0.000,0.2,1.0,0.3,241,46,0.8,1.7,0.5,265,54,0.8,1.7,0.5,265,54,0,28.31,0.5,0,0,0,39.6,43.2,46.0,0.33,0.61,0.63
RAQU,2019-11-08 21:25:00 EST,43.82275,-74.62509,1771,17.1,17.4,17.1,92.6,15.4,0.000,0.002,0.00,0.000,0.1,0.7,0.2,98,13,0.6,1.5,0.5,5,43,0.6,1.5,0.5,5,43,0,28.31,0.5,0,0,0,39.6,43.2,46.0,0.33,0.61,0.63
RAQU,2019-11-08 21:30:00 EST,43.82275,-74.62509,1771,17.0,17.1,17.0,92.9,15.3,0.000,0.002,0.00,0.000,0.1,0.8,0.2,327,3,0.4,1.5,0.5,330,20,0.4,1.5,0.5,330,20,0,28.31,0.5,0,0,0,39.6,43.2,46.0,0.33,0.61,0.63
RAQU,2019-11-08 21:35:00 EST,43.82275,-74.62509,1771,17.0,17.1,17.0,93.1,15.3,0.000,0.002,0.00,0.000,0.0,0.3,0.0,334,0,0.3,1.7,0.5,286,21,0.3,1.7,0.5,286,21,0,28.31,0.5,0,0,0,39.6,43.2,46.0,0.33,0.61,0.63
RAQU,2019-11-08 21:40:00 EST,43.82275,-74.62509,1771,16.9,17.1,16.9,93.1,15.2,0.000,0.002,0.00,0.000,0.0,0.6,0.1,245,7,0.5,1.8,0.5,269,33,0.5,1.8,0.5,269,33,0,28.31,0.5,0,0,0,39.6,43.1,46.0,0.33,0.61,0.63
RAQU,2019-11-08 21:45:00 EST,43.82275,-74.62509,1771,16.6,16.8,16.6,93.3,15.0,0.000,0.002,0.00,0.000,0.3,1.2,0.4,3,18,0.8,1.8,0.6,2,26,0.8,1.8,0.6,2,26,0,28.31,0.5,0,0,0,39.6,43.2,46.0,0.33,0.61,0.63
RAQU,2019-11-08 21:50:00 EST,43.82275,-74.62509,1771,16.5,16.6,16.5,93.2,14.9,0.000,0.002,0.00,0.000,0.6,1.8,0.5,28,37,1.0,2.4,0.6,20,41,1.0,2.4,0.6,20,41,0,28.31,0.5,0,0,0,39.6,43.1,46.0,0.33,0.61,0.63
RAQU,2019-11-08 21:55:00 EST,43.82275,-74.62509,1771,16.1,16.4,16.1,92.9,14.4,0.000,0.002,0.00,0.000,0.3,1.0,0.4,35,14,0.8,1.8,0.5,40,31,0.8,1.8,0.5,40,31,0,28.31,0.5,0,0,0,39.6,43.1,46.0,0.33,0.61,0.63
RAQU,2019-11-08 22:00:00 EST,43.82275,-74.62509,1771,16.0,16.5,16.0,93.3,14.4,0.000,0.002,0.00,0.000,0.2,0.9,0.3,80,17,0.8,2.3,0.5,58,38,0.8,2.3,0.5,58,38,0,28.31,0.6,0,0,0,39.6,43.1,46.0,0.33,0.61,0.63
RAQU,2019-11-08 22:05:00 EST,43.82275,-74.62509,1771,16.0,16.5,16.0,93.5,14.5,0.000,0.002,0.00,0.000,0.2,0.9,0.2,24,23,0.5,1.5,0.5,11,35,0.5,1.5,0.5,11,35,0,28.31,0.6,0,0,0,39.5,43.1,46.0,0.33,0.61,0.63
RAQU,2019-11-08 22:10:00 EST,43.82275,-74.62509,1771,16.2,16.6,16.2,93.5,14.6,0.000,0.002,0.00,0.000,0.1,0.6,0.2,289,40,0.4,1.5,0.5,300,46,0.4,1.5,0.5,300,46,0,28.31,0.6,0,0,0,39.5,43.0,46.0,0.33,0.61,0.63
RAQU,2019-11-08 22:15:00 EST,43.82275,-74.62509,1771,16.4,16.7,16.4,94.2,15.0,0.000,0.002,0.00,0.000,0.0,0.3,0.0,312,0,0.3,1.1,0.4,295,23,0.3,1.1,0.4,295,23,0,28.31,0.6,0,0,0,39.4,43.0,46.0,0.33,0.61,0.63
RAQU,2019-11-08 22:20:00 EST,43.82275,-74.62509,1771,16.9,17.2,16.9,94.6,15.6,0.000,0.002,0.00,0.000,0.4,1.4,0.4,251,17,0.8,2.2,0.7,253,20,0.8,2.2,0.7,253,20,0,28.31,0.5,0,0,0,39.4,43.0,46.0,0.33,0.61,0.63
RAQU,2019-11-08 22:25:00 EST,43.82275,-74.62509,1771,17.2,17.4,17.2,94.6,15.9,0.000,0.002,0.00,0.000,0.0,1.1,0.2,268,4,0.3,2.1,0.5,269,34,0.3,2.1,0.5,269,34,0,28.31,0.6,0,0,0,39.4,43.0,46.0,0.33,0.61,0.63
RAQU,2019-11-08 22:30:00 EST,43.82275,-74.62509,1771,17.2,17.3,17.2,93.7,15.7,0.000,0.002,0.00,0.000,0.0,0.4,0.1,351,0,0.3,1.6,0.5,323,21,0.3,1.6,0.5,323,21,0,28.31,0.6,0,0,0,39.4,43.0,46.0,0.33,0.61,0.63
RAQU,2019-11-08 22:35:00 EST,43.82275,-74.62509,1771,17.2,17.3,17.2,93.5,15.7,0.000,0.002,0.00,0.000,0.0,0.8,0.2,319,1,0.3,1.4,0.4,306,22,0.3,1.4,0.4,306,22,0,28.31,0.4,0,0,0,39.4,43.0,46.0,0.33,0.61,0.63
RAQU,2019-11-08 22:40:00 EST,43.82275,-74.62509,1771,17.0,17.0,17.0,93.1,15.4,0.000,0.002,0.00,0.000,0.0,0.0,0.0,0,0,0.1,1.0,0.3,289,27,0.1,1.0,0.3,289,27,0,28.31,0.6,0,0,0,39.4,43.0,46.0,0.33,0.61,0.63
RAQU,2019-11-08 22:45:00 EST,43.82275,-74.62509,1771,17.1,17.0,17.1,93.2,15.5,0.000,0.002,0.00,0.000,0.2,1.0,0.3,5,17,0.7,1.7,0.6,3,24,0.7,1.7,0.6,3,24,0,28.31,0.5,0,0,0,39.4,43.0,46.0,0.33,0.61,0.63
RAQU,2019-11-08 22:50:00 EST,43.82275,-74.62509,1771,16.7,16.8,16.7,92.7,14.9,0.000,0.002,0.00,0.000,0.0,0.7,0.1,9,1,0.3,1.8,0.5,25,19,0.3,1.8,0.5,25,19,0,28.31,0.6,0,0,0,39.4,43.0,46.0,0.33,0.61,0.63
RAQU,2019-11-08 22:55:00 EST,43.82275,-74.62509,1771,16.7,16.8,16.7,92.9,15.0,0.000,0.002,0.00,0.000,0.0,0.0,0.0,0,0,0.2,0.9,0.3,52,9,0.2,0.9,0.3,52,9,0,28.31,0.5,0,0,0,39.3,43.0,46.0,0.33,0.61,0.63
RAQU,2019-11-08 23:00:00 EST,43.82275,-74.62509,1771,16.7,16.8,16.7,93.1,15.0,0.000,0.002,0.00,0.000,0.0,0.2,0.0,64,0,0.2,1.2,0.4,17,10,0.2,1.2,0.4,17,10,0,28.31,0.5,0,0,0,39.2,43.0,46.0,0.33,0.61,0.63
RAQU,2019-11-08 23:05:00 EST,43.82275,-74.62509,1771,16.5,16.9,16.5,93.1,14.9,0.000,0.002,0.00,0.000,0.0,0.7,0.1,352,2,0.2,1.5,0.4,5,17,0.2,1.5,0.4,5,17,0,28.31,0.6,0,0,0,39.2,43.0,46.0,0.33,0.61,0.63
RAQU,2019-11-08 23:10:00 EST,43.82275,-74.62509,1771,16.7,17.0,16.7,93.3,15.1,0.000,0.002,0.00,0.000,0.2,1.1,0.3,13,4,0.6,1.8,0.6,1,31,0.6,1.8,0.6,1,31,0,28.31,0.6,0,0,0,39.2,43.0,46.0,0.33,0.61,0.63
RAQU,2019-11-08 23:15:00 EST,43.82275,-74.62509,1771,16.8,17.1,16.8,93.6,15.3,0.000,0.002,0.00,0.000,0.1,1.1,0.3,335,9,0.3,1.4,0.5,325,30,0.3,1.4,0.5,325,30,0,28.31,0.6,0,0,0,39.2,43.0,46.0,0.33,0.61,0.63
RAQU,2019-11-08 23:20:00 EST,43.82275,-74.62509,1771,16.7,17.0,16.7,93.8,15.2,0.000,0.002,0.00,0.000,0.0,0.0,0.0,0,0,0.1,1.1,0.3,52,17,0.1,1.1,0.3,52,17,0,28.31,0.6,0,0,0,39.2,43.0,46.0,0.33,0.61,0.63
RAQU,2019-11-08 23:25:00 EST,43.82275,-74.62509,1771,16.8,17.0,16.8,94.0,15.4,0.000,0.002,0.00,0.000,0.0,0.0,0.0,0,0,0.5,1.6,0.5,360,17,0.5,1.6,0.5,360,17,0,28.31,0.6,0,0,0,39.2,43.0,46.0,0.33,0.61,0.63
RAQU,2019-11-08 23:30:00 EST,43.82275,-74.62509,1771,16.5,16.8,16.5,93.8,15.1,0.000,0.002,0.00,0.000,0.1,0.6,0.2,17,15,0.7,1.7,0.5,19,24,0.7,1.7,0.5,19,24,0,28.31,0.6,0,0,0,39.2,43.0,45.9,0.33,0.61,0.63
RAQU,2019-11-08 23:35:00 EST,43.82275,-74.62509,1771,16.3,16.6,16.3,93.5,14.8,0.000,0.002,0.00,0.000,0.1,0.9,0.2,12,0,0.2,1.8,0.5,350,2,0.2,1.8,0.5,350,2,0,28.31,0.5,0,0,0,39.2,43.0,46.0,0.33,0.61,0.63
RAQU,2019-11-08 23:40:00 EST,43.82275,-74.62509,1771,16.2,16.7,16.2,93.4,14.7,0.000,0.002,0.00,0.000,0.1,1.1,0.3,109,19,0.3,2.4,0.5,66,34,0.3,2.4,0.5,66,34,0,28.31,0.6,0,0,0,39.2,43.0,45.9,0.33,0.61,0.63
RAQU,2019-11-08 23:45:00 EST,43.82275,-74.62509,1771,16.5,16.8,16.5,93.6,15.0,0.000,0.002,0.00,0.000,0.1,0.9,0.2,295,19,0.4,1.7,0.5,277,29,0.4,1.7,0.5,277,29,0,28.31,0.5,0,0,0,39.2,43.0,45.9,0.33,0.61,0.63
RAQU,2019-11-08 23:50:00 EST,43.82275,-74.62509,1771,16.2,16.6,16.2,93.6,14.7,0.000,0.002,0.00,0.000,0.0,0.4,0.1,22,0,0.2,1.1,0.4,5,7,0.2,1.1,0.4,5,7,0,28.31,0.6,0,0,0,39.2,43.0,45.9,0.33,0.61,0.63
RAQU,2019-11-08 23:55:00 EST,43.82275,-74.62509,1771,16.1,16.3,16.1,93.1,14.4,0.000,0.002,0.00,0.000,0.0,0.0,0.0,0,0,0.0,0.0,0.0,0,0,0.0,0.0,0.0,0,0,0,28.31,0.6,0,0,0,39.2,43.0,45.9,0.33,0.61,0.63
REDF,2019-11-08 00:00:00 EST,43.62218,-75.87769,1248,22.8,22.4,18.6,81.1,17.9,0.000,0.043,0.00,0.000,2.6,5.1,1.1,16,22,3.2,6.4,1.2,15,24,3.2,6.4,1.2,15,24,0,28.73,0.3,0,0,0,40.4,45.2,48.7,0.46,0.53,0.30
REDF,2019-11-08 00:05:00 EST,43.62218,-75.87769,1248,22.9,22.5,22.9,79.8,17.6,0.000,0.000,0.00,0.000,2.4,6.1,1.1,20,21,3.0,7.4,1.4,19,22,3.0,7.4,1.4,19,22,0,28.73,0.3,0,0,0,40.3,45.2,48.7,0.46,0.53,0.30
REDF,2019-11-08 00:10:00 EST,43.62218,-75.87769,1248,22.8,22.4,22.8,79.9,17.5,0.000,0.000,0.00,0.000,1.8,5.0,1.2,16,26,2.3,6.1,1.2,10,27,2.3,6.1,1.2,10,27,0,28.73,0.3,0,0,0,40.4,45.2,48.7,0.46,0.53,0.30
REDF,2019-11-08 00:15:00 EST,43.62218,-75.87769,1248,22.8,22.4,22.8,79.4,17.4,0.000,0.000,0.00,0.000,2.1,3.9,0.9,12,14,2.6,5.7,1.0,9,15,2.6,5.7,1.0,9,15,0,28.73,0.3,0,0,0,40.3,45.3,48.7,0.46,0.53,0.30
REDF,2019-11-08 00:20:00 EST,43.62218,-75.87769,1248,22.7,22.3,18.0,80.2,17.5,0.000,0.000,0.00,0.000,3.0,5.6,1.0,3,16,3.5,6.1,1.1,1,14,3.5,6.1,1.1,1,14,0,28.73,0.3,0,0,0,40.3,45.1,48.7,0.46,0.53,0.30
REDF,2019-11-08 00:25:00 EST,43.62218,-75.87769,1248,22.5,22.3,16.5,79.1,17.0,0.000,0.000,0.00,0.000,3.8,7.7,1.3,14,16,4.5,9.7,1.6,11,16,4.5,9.7,1.6,11,16,0,28.73,0.3,0,0,0,40.3,45.2,48.7,0.46,0.53,0.30
REDF,2019-11-08 00:30:00 EST,43.62218,-75.87769,1248,22.5,22.2,16.2,78.6,16.8,0.000,0.000,0.00,0.000,4.0,9.0,1.7,12,13,4.7,9.8,1.6,11,12,4.7,9.8,1.6,11,12,0,28.73,0.2,0,0,0,40.3,45.2,48.7,0.46,0.53,0.30
REDF,2019-11-08 00:35:00 EST,43.62218,-75.87769,1248,22.3,22.1,16.0,78.2,16.6,0.000,0.000,0.00,0.000,4.2,6.6,1.1,10,14,4.7,8.4,1.3,8,14,4.7,8.4,1.3,8,14,0,28.73,0.3,0,0,0,40.3,45.2,48.7,0.46,0.53,0.30
REDF,2019-11-08 00:40:00 EST,43.62218,-75.87769,1248,22.3,22.0,18.1,79.0,16.7,0.000,0.000,0.00,0.000,2.7,4.7,1.1,9,14,3.1,6.5,1.3,6,14,3.1,6.5,1.3,6,14,0,28.73,0.3,0,0,0,40.3,45.2,48.7,0.46,0.53,0.30
REDF,2019-11-08 00:45:00 EST,43.62218,-75.87769,1248,22.2,21.9,17.6,80.0,17.0,0.000,0.000,0.00,0.000,2.8,4.6,0.9,18,19,3.4,5.7,0.9,16,13,3.4,5.7,0.9,16,13,0,28.73,0.3,0,0,0,40.3,45.2,48.7,0.46,0.53,0.30
REDF,2019-11-08 00:50:00 EST,43.62218,-75.87769,1248,22.3,21.9,18.2,79.4,16.9,0.000,0.000,0.00,0.000,2.6,5.4,1.0,11,18,3.1,6.3,1.1,8,18,3.1,6.3,1.1,8,18,0,28.73,0.3,0,0,0,40.3,45.2,48.7,0.46,0.53,0.30
REDF,2019-11-08 00:55:00 EST,43.62218,-75.87769,1248,22.3,21.9,17.8,79.1,16.8,0.000,0.000,0.00,0.000,2.9,6.5,1.3,11,16,3.3,6.7,1.3,8,17,3.3,6.7,1.3,8,17,0,28.73,0.3,0,0,0,40.3,45.2,48.7,0.46,0.53,0.30
REDF,2019-11-08 01:00:00 EST,43.62218,-75.87769,1248,22.3,21.9,16.8,78.9,16.7,0.000,0.000,0.00,0.000,3.5,6.1,0.9,11,17,4.1,6.5,1.1,9,14,4.1,6.5,1.1,9,14,0,28.73,0.3,0,0,0,40.2,45.1,48.7,0.46,0.53,0.30
REDF,2019-11-08 01:05:00 EST,43.62218,-75.87769,1248,22.2,21.9,17.3,78.0,16.4,0.000,0.000,0.00,0.000,3.1,5.8,1.0,9,19,3.6,6.3,1.1,7,14,3.6,6.3,1.1,7,14,0,28.73,0.3,0,0,0,40.2,45.1,48.7,0.46,0.53,0.30
REDF,2019-11-08 01:10:00 EST,43.62218,-75.87769,1248,22.1,21.9,16.1,77.9,16.3,0.000,0.000,0.00,0.000,3.6,5.6,1.1,7,13,4.5,7.5,1.3,4,11,4.5,7.5,1.3,4,11,0,28.73,0.3,0,0,0,40.1,45.1,48.7,0.46,0.53,0.30
REDF,2019-11-08 01:15:00 EST,43.62218,-75.87769,1248,22.0,21.7,17.8,77.7,16.1,0.000,0.000,0.00,0.000,2.5,5.1,1.0,10,18,3.1,5.8,1.1,7,17,3.1,5.8,1.1,7,17,0,28.73,0.3,0,0,0,40.1,45.1,48.7,0.46,0.53,0.30
REDF,2019-11-08 01:20:00 EST,43.62218,-75.87769,1248,21.8,21.6,17.2,77.8,16.0,0.000,0.000,0.00,0.000,2.9,5.5,1.2,11,19,3.4,6.7,1.3,9,13,3.4,6.7,1.3,9,13,0,28.73,0.3,0,0,0,40.1,45.1,48.7,0.46,0.53,0.30
REDF,2019-11-08 01:25:00 EST,43.62218,-75.87769,1248,21.6,21.5,21.6,79.0,16.1,0.000,0.000,0.00,0.000,1.9,3.6,0.7,0,14,2.3,4.9,0.9,358,15,2.3,4.9,0.9,358,15,0,28.73,0.4,0,0,0,40.1,45.0,48.6,0.46,0.53,0.30
REDF,2019-11-08 01:30:00 EST,43.62218,-75.87769,1248,21.3,21.3,21.3,79.0,15.8,0.000,0.000,0.00,0.000,2.0,3.1,0.6,353,13,2.5,4.8,0.7,351,14,2.5,4.8,0.7,351,14,0,28.73,0.3,0,0,0,40.1,45.1,48.6,0.46,0.53,0.30
REDF,2019-11-08 01:35:00 EST,43.62218,-75.87769,1248,21.1,21.2,21.1,79.2,15.7,0.000,0.000,0.00,0.000,1.7,3.3,0.6,355,12,2.2,4.0,0.8,353,15,2.2,4.0,0.8,353,15,0,28.73,0.3,0,0,0,40.1,45.1,48.6,0.46,0.53,0.30
REDF,2019-11-08 01:40:00 EST,43.62218,-75.87769,1248,20.7,20.9,20.7,80.7,15.7,0.000,0.000,0.00,0.000,1.6,2.6,0.4,344,16,2.0,3.1,0.5,342,16,2.0,3.1,0.5,342,16,0,28.73,0.3,0,0,0,40.1,45.0,48.6,0.46,0.53,0.30
REDF,2019-11-08 01:45:00 EST,43.62218,-75.87769,1248,20.5,20.9,20.5,80.9,15.6,0.000,0.000,0.00,0.000,1.7,3.6,0.8,349,12,2.2,4.4,0.8,347,13,2.2,4.4,0.8,347,13,0,28.73,0.3,0,0,0,40.0,45.1,48.6,0.46,0.53,0.30
REDF,2019-11-08 01:50:00 EST,43.62218,-75.87769,1248,20.5,20.7,20.5,81.5,15.7,0.000,0.000,0.00,0.000,1.9,2.8,0.5,329,11,2.1,3.7,0.6,326,13,2.1,3.7,0.6,326,13,0,28.73,0.3,0,0,0,40.1,45.0,48.6,0.46,0.53,0.30
REDF,2019-11-08 01:55:00 EST,43.62218,-75.87769,1248,20.4,20.6,20.4,82.7,15.9,0.000,0.000,0.00,0.000,2.3,3.1,0.5,329,5,2.3,3.4,0.5,326,5,2.3,3.4,0.5,326,5,0,28.73,0.3,0,0,0,40.0,45.1,48.6,0.46,0.53,0.30
REDF,2019-11-08 02:00:00 EST,43.62218,-75.87769,1248,20.3,20.4,20.3,83.6,16.1,0.000,0.000,0.00,0.000,1.9,2.8,0.5,332,7,2.2,3.3,0.5,331,10,2.2,3.3,0.5,331,10,0,28.73,0.3,0,0,0,40.0,45.0,48.6,0.46,0.53,0.30
REDF,2019-11-08 02:05:00 EST,43.62218,-75.87769,1248,20.2,20.4,20.2,83.5,16.1,0.000,0.000,0.00,0.000,1.3,2.9,0.5,337,14,1.7,3.7,0.6,330,16,1.7,3.7,0.6,330,16,0,28.73,0.3,0,0,0,39.9,45.0,48.6,0.46,0.53,0.30
REDF,2019-11-08 02:10:00 EST,43.62218,-75.87769,1248,20.0,20.3,20.0,84.9,16.2,0.000,0.000,0.00,0.000,1.6,3.3,0.5,327,12,1.9,3.8,0.6,324,14,1.9,3.8,0.6,324,14,0,28.73,0.4,0,0,0,39.9,45.0,48.6,0.46,0.53,0.30
REDF,2019-11-08 02:15:00 EST,43.62218,-75.87769,1248,20.1,20.2,20.1,85.8,16.5,0.000,0.000,0.00,0.000,1.9,2.9,0.4,326,11,2.1,3.8,0.5,323,11,2.1,3.8,0.5,323,11,0,28.73,0.4,0,0,0,40.0,45.1,48.6,0.46,0.53,0.30
REDF,2019-11-08 02:20:00 EST,43.62218,-75.87769,1248,20.0,20.0,20.0,85.2,16.3,0.000,0.000,0.00,0.000,1.9,3.6,0.7,330,13,2.2,3.9,0.7,326,14,2.2,3.9,0.7,326,14,0,28.73,0.4,0,0,0,40.0,45.0,48.6,0.46,0.53,0.30
REDF,2019-11-08 02:25:00 EST,43.62218,-75.87769,1248,20.0,20.0,20.0,84.0,15.9,0.000,0.000,0.00,0.000,1.8,3.2,0.6,340,13,2.2,3.8,0.6,339,15,2.2,3.8,0.6,339,15,0,28.74,0.3,0,0,0,39.9,45.0,48.6,0.46,0.53,0.30
REDF,2019-11-08 02:30:00 EST,43.62218,-75.87769,1248,19.9,19.9,19.9,84.1,15.9,0.000,0.000,0.00,0.000,1.3,2.0,0.2,341,6,1.7,2.4,0.3,341,12,1.7,2.4,0.3,341,12,0,28.74,0.3,0,0,0,40.0,45.0,48.6,0.46,0.53,0.30
REDF,2019-11-08 02:35:00 EST,43.62218,-75.87769,1248,19.9,19.8,19.9,84.0,15.9,0.000,0.000,0.00,0.000,1.4,2.5,0.4,7,10,1.8,3.2,0.5,2,13,1.8,3.2,0.5,2,13,0,28.73,0.4,0,0,0,39.9,45.0,48.6,0.46,0.53,0.30
REDF,2019-11-08 02:40:00 EST,43.62218,-75.87769,1248,19.7,19.7,19.7,84.7,15.9,0.000,0.000,0.00,0.000,1.2,1.9,0.3,334,13,1.5,2.4,0.4,328,16,1.5,2.4,0.4,328,16,0,28.73,0.3,0,0,0,39.9,45.0,48.6,0.46,0.53,0.30
REDF,2019-11-08 02:45:00 EST,43.62218,-75.87769,1248,19.2,19.5,19.2,85.9,15.7,0.000,0.000,0.00,0.000,1.0,1.5,0.4,318,7,1.3,2.0,0.3,315,9,1.3,2.0,0.3,315,9,0,28.73,0.3,0,0,0,39.9,45.1,48.6,0.46,0.53,0.30
REDF,2019-11-08 02:50:00 EST,43.62218,-75.87769,1248,19.3,19.4,19.3,86.8,16.0,0.000,0.000,0.00,0.000,1.5,2.0,0.4,335,9,1.8,2.6,0.3,334,11,1.8,2.6,0.3,334,11,0,28.73,0.3,0,0,0,39.8,45.0,48.6,0.46,0.53,0.30
REDF,2019-11-08 02:55:00 EST,43.62218,-75.87769,1248,19.3,19.4,19.3,86.9,16.0,0.000,0.000,0.00,0.000,1.2,2.2,0.4,6,10,1.6,2.8,0.4,7,13,1.6,2.8,0.4,7,13,0,28.73,0.3,0,0,0,39.8,45.0,48.6,0.46,0.53,0.30
REDF,2019-11-08 03:00:00 EST,43.62218,-75.87769,1248,19.4,19.3,19.4,86.5,16.0,0.000,0.000,0.00,0.000,1.2,3.9,0.9,348,16,1.8,4.2,0.9,348,19,1.8,4.2,0.9,348,19,0,28.73,0.4,0,0,0,39.8,45.0,48.6,0.46,0.53,0.30
REDF,2019-11-08 03:05:00 EST,43.62218,-75.87769,1248,19.4,19.4,13.3,85.7,15.8,0.000,0.000,0.00,0.000,3.3,6.2,1.2,357,11,4.1,8.0,1.3,356,10,4.1,8.0,1.3,356,10,0,28.73,0.4,0,0,0,39.7,44.9,48.6,0.46,0.53,0.30
REDF,2019-11-08 03:10:00 EST,43.62218,-75.87769,1248,19.4,19.4,13.8,84.5,15.5,0.000,0.000,0.00,0.000,3.1,6.6,1.2,346,20,3.8,7.1,1.4,347,18,3.8,7.1,1.4,347,18,0,28.73,0.4,0,0,0,39.8,44.9,48.6,0.46,0.53,0.30
REDF,2019-11-08 03:15:00 EST,43.62218,-75.87769,1248,19.5,19.6,13.0,83.2,15.2,0.000,0.000,0.00,0.000,3.8,6.6,0.9,343,13,4.5,8.6,1.1,342,13,4.5,8.6,1.1,342,13,0,28.73,0.4,0,0,0,39.7,45.0,48.6,0.46,0.53,0.30
REDF,2019-11-08 03:20:00 EST,43.62218,-75.87769,1248,19.3,19.5,14.6,82.6,14.9,0.000,0.000,0.00,0.000,2.9,5.4,0.7,339,16,3.3,6.5,0.9,337,19,3.3,6.5,0.9,337,19,0,28.73,0.4,0,0,0,39.7,45.0,48.6,0.46,0.53,0.30
REDF,2019-11-08 03:25:00 EST,43.62218,-75.87769,1248,19.4,19.5,14.3,82.1,14.9,0.000,0.000,0.00,0.000,3.1,5.4,0.9,343,9,3.5,6.5,1.0,342,10,3.5,6.5,1.0,342,10,0,28.73,0.4,0,0,0,39.7,44.9,48.6,0.46,0.53,0.30
REDF,2019-11-08 03:30:00 EST,43.62218,-75.87769,1248,19.5,19.4,14.5,81.4,14.7,0.000,0.000,0.00,0.000,2.8,5.0,0.9,341,12,3.4,7.0,1.1,340,13,3.4,7.0,1.1,340,13,0,28.73,0.4,0,0,0,39.7,44.9,48.6,0.46,0.53,0.30
REDF,2019-11-08 03:35:00 EST,43.62218,-75.87769,1248,19.1,19.4,14.4,81.8,14.5,0.000,0.000,0.00,0.000,2.9,4.6,0.6,331,12,3.2,6.0,0.8,328,12,3.2,6.0,0.8,328,12,0,28.73,0.3,0,0,0,39.7,44.9,48.6,0.46,0.53,0.30
REDF,2019-11-08 03:40:00 EST,43.62218,-75.87769,1248,19.0,19.3,13.3,83.0,14.7,0.000,0.000,0.00,0.000,3.4,5.4,0.8,345,13,3.8,5.3,0.8,342,12,3.8,5.3,0.8,342,12,0,28.73,0.4,0,0,0,39.6,44.9,48.6,0.46,0.53,0.30
REDF,2019-11-08 03:45:00 EST,43.62218,-75.87769,1248,19.1,19.2,12.8,82.6,14.7,0.000,0.000,0.00,0.000,3.7,6.3,1.0,342,15,4.3,7.4,1.1,340,15,4.3,7.4,1.1,340,15,0,28.73,0.4,0,0,0,39.6,44.9,48.6,0.46,0.53,0.30
REDF,2019-11-08 03:50:00 EST,43.62218,-75.87769,1248,19.0,19.1,12.7,82.9,14.7,0.000,0.000,0.00,0.000,3.6,5.9,0.9,355,12,4.3,7.4,1.1,354,9,4.3,7.4,1.1,354,9,0,28.73,0.4,0,0,0,39.6,44.9,48.6,0.45,0.53,0.30
REDF,2019-11-08 03:55:00 EST,43.62218,-75.87769,1248,19.1,19.1,11.7,83.4,14.9,0.000,0.000,0.00,0.000,4.3,7.6,1.2,359,14,5.2,9.8,1.5,358,11,5.2,9.8,1.5,358,11,0,28.73,0.4,0,0,0,39.6,44.9,48.6,0.46,0.53,0.30
REDF,2019-11-08 04:00:00 EST,43.62218,-75.87769,1248,19.1,19.1,12.2,83.4,14.9,0.000,0.000,0.00,0.000,4.1,7.7,1.3,355,17,4.7,8.7,1.4,354,12,4.7,8.7,1.4,354,12,0,28.73,0.5,0,0,0,39.5,44.9,48.6,0.46,0.53,0.30
REDF,2019-11-08 04:05:00 EST,43.62218,-75.87769,1248,19.2,19.1,11.9,83.6,15.1,0.000,0.000,0.00,0.000,4.3,8.3,1.3,355,13,5.1,10.4,1.4,353,11,5.1,10.4,1.4,353,11,0,28.73,0.5,0,0,0,39.6,44.9,48.6,0.46,0.53,0.30
REDF,2019-11-08 04:10:00 EST,43.62218,-75.87769,1248,19.4,19.1,11.7,83.2,15.1,0.000,0.000,0.00,0.000,4.7,7.6,1.2,356,15,5.5,9.1,1.5,355,12,5.5,9.1,1.5,355,12,0,28.73,0.5,0,0,0,39.6,44.9,48.6,0.46,0.53,0.30
REDF,2019-11-08 04:15:00 EST,43.62218,-75.87769,1248,19.5,19.2,12.6,83.3,15.3,0.000,0.000,0.00,0.000,4.1,5.6,0.8,354,18,4.8,6.9,0.8,352,17,4.8,6.9,0.8,352,17,0,28.73,0.5,0,0,0,39.5,44.9,48.6,0.46,0.53,0.30
REDF,2019-11-08 04:20:00 EST,43.62218,-75.87769,1248,19.6,19.2,11.9,83.6,15.4,0.000,0.000,0.00,0.000,4.7,8.6,1.4,349,10,5.5,9.3,1.6,348,10,5.5,9.3,1.6,348,10,0,28.73,0.5,0,0,0,39.6,44.9,48.6,0.46,0.53,0.30
REDF,2019-11-08 04:25:00 EST,43.62218,-75.87769,1248,19.6,19.2,13.2,83.6,15.4,0.000,0.000,0.00,0.000,3.8,6.6,1.2,355,16,4.4,8.5,1.6,351,17,4.4,8.5,1.6,351,17,0,28.73,0.5,0,0,0,39.5,45.0,48.6,0.46,0.53,0.30
REDF,2019-11-08 04:30:00 EST,43.62218,-75.87769,1248,19.5,19.2,12.6,84.1,15.5,0.000,0.000,0.00,0.000,4.1,7.4,1.5,347,19,4.8,8.2,1.5,344,19,4.8,8.2,1.5,344,19,0,28.74,0.5,0,0,0,39.5,44.9,48.6,0.46,0.53,0.30
REDF,2019-11-08 04:35:00 EST,43.62218,-75.87769,1248,19.4,19.1,12.2,84.2,15.5,0.000,0.000,0.00,0.000,4.4,6.6,1.1,352,17,5.1,8.7,1.3,349,15,5.1,8.7,1.3,349,15,0,28.74,0.5,0,0,0,39.5,44.9,48.6,0.46,0.53,0.30
REDF,2019-11-08 04:40:00 EST,43.62218,-75.87769,1248,19.3,19.1,12.7,84.7,15.5,0.000,0.000,0.00,0.000,4.1,8.1,1.3,349,13,4.6,9.0,1.5,348,12,4.6,9.0,1.5,348,12,0,28.74,0.5,0,0,0,39.5,44.9,48.6,0.46,0.53,0.30
REDF,2019-11-08 04:45:00 EST,43.62218,-75.87769,1248,19.4,19.1,12.4,84.5,15.4,0.000,0.000,0.00,0.000,4.3,7.8,1.4,346,18,4.8,8.5,1.5,344,16,4.8,8.5,1.5,344,16,0,28.74,0.4,0,0,0,39.5,44.9,48.6,0.46,0.53,0.30
REDF,2019-11-08 04:50:00 EST,43.62218,-75.87769,1248,19.3,19.1,9.9,84.1,15.3,0.000,0.000,0.00,0.000,6.7,11.0,1.7,347,18,7.4,12.8,2.2,347,15,7.4,12.8,2.2,347,15,0,28.74,0.5,0,0,0,39.5,44.8,48.6,0.46,0.53,0.30
REDF,2019-11-08 04:55:00 EST,43.62218,-75.87769,1248,19.2,19.0,10.2,83.9,15.2,0.000,0.000,0.00,0.000,6.1,9.8,1.7,343,17,6.9,12.2,1.8,342,11,6.9,12.2,1.8,342,11,0,28.74,0.5,0,0,0,39.5,44.9,48.6,0.46,0.53,0.30
REDF,2019-11-08 05:00:00 EST,43.62218,-75.87769,1248,19.1,18.9,10.5,84.5,15.2,0.000,0.000,0.00,0.000,5.9,11.8,1.5,341,15,6.4,12.2,1.6,340,14,6.4,12.2,1.6,340,14,0,28.75,0.5,0,0,0,39.5,44.9,48.6,0.46,0.53,0.30
REDF,2019-11-08 05:05:00 EST,43.62218,-75.87769,1248,18.9,18.8,9.5,85.1,15.2,0.000,0.000,0.00,0.000,6.4,12.0,1.8,340,15,7.2,12.3,1.8,339,13,7.2,12.3,1.8,339,13,0,28.75,0.5,0,0,0,39.5,44.9,48.6,0.46,0.53,0.30
REDF,2019-11-08 05:10:00 EST,43.62218,-75.87769,1248,18.8,18.6,9.2,86.0,15.3,0.000,0.000,0.00,0.000,6.6,12.6,2.2,342,13,7.4,14.4,2.4,341,11,7.4,14.4,2.4,341,11,0,28.75,0.5,0,0,0,39.4,44.8,48.6,0.46,0.53,0.30
REDF,2019-11-08 05:15:00 EST,43.62218,-75.87769,1248,18.5,18.4,8.7,87.3,15.4,0.000,0.000,0.00,0.000,6.7,12.8,1.9,347,20,7.6,13.9,2.2,345,17,7.6,13.9,2.2,345,17,0,28.75,0.5,0,0,0,39.4,44.9,48.6,0.46,0.53,0.30
REDF,2019-11-08 05:20:00 EST,43.62218,-75.87769,1248,18.5,18.3,8.2,88.3,15.7,0.000,0.000,0.00,0.000,7.4,11.0,1.7,350,20,8.3,13.5,2.2,350,14,8.3,13.5,2.2,350,14,0,28.75,0.5,0,0,0,39.4,44.9,48.6,0.46,0.53,0.30
REDF,2019-11-08 05:25:00 EST,43.62218,-75.87769,1248,18.5,18.3,8.4,89.0,15.8,0.000,0.000,0.00,0.000,6.7,10.3,1.6,344,18,8.0,12.6,1.8,343,14,8.0,12.6,1.8,343,14,0,28.75,0.5,0,0,0,39.3,44.9,48.6,0.46,0.53,0.30
REDF,2019-11-08 05:30:00 EST,43.62218,-75.87769,1248,18.6,18.3,6.8,89.2,15.9,0.000,0.000,0.00,0.000,9.3,16.4,2.8,352,13,10.4,18.2,3.2,351,12,10.4,18.2,3.2,351,12,0,28.75,0.5,0,0,0,39.3,44.9,48.6,0.46,0.53,0.30
REDF,2019-11-08 05:35:00 EST,43.62218,-75.87769,1248,18.7,18.4,8.1,88.7,15.9,0.000,0.000,0.00,0.000,7.4,16.1,2.7,349,24,8.8,17.9,3.2,349,11,8.8,17.9,3.2,349,11,0,28.76,0.5,0,0,0,39.3,44.8,48.6,0.46,0.53,0.30
REDF,2019-11-08 05:40:00 EST,43.62218,-75.87769,1248,18.7,18.3,6.2,88.3,15.8,0.000,0.000,0.00,0.000,10.4,15.7,2.3,343,24,11.6,21.8,2.7,345,13,11.6,21.8,2.7,345,13,0,28.76,0.5,0,0,0,39.2,44.9,48.6,0.46,0.53,0.30
REDF,2019-11-08 05:45:00 EST,43.62218,-75.87769,1248,18.7,18.3,7.4,88.8,15.9,0.000,0.000,0.00,0.000,8.8,14.5,1.9,342,21,9.8,17.3,2.2,341,12,9.8,17.3,2.2,341,12,0,28.76,0.5,0,0,0,39.3,44.8,48.6,0.45,0.53,0.30
REDF,2019-11-08 05:50:00 EST,43.62218,-75.87769,1248,18.9,18.4,7.0,89.1,16.2,0.000,0.000,0.00,0.000,9.6,15.3,2.4,339,15,10.7,18.0,2.5,339,12,10.7,18.0,2.5,339,12,0,28.76,0.6,0,0,0,39.2,44.8,48.6,0.46,0.53,0.30
REDF,2019-11-08 05:55:00 EST,43.62218,-75.87769,1248,19.1,18.6,7.1,89.1,16.5,0.000,0.000,0.00,0.000,10.1,16.1,2.7,341,19,11.2,18.4,3.0,341,13,11.2,18.4,3.0,341,13,0,28.77,0.6,0,0,0,39.3,44.9,48.6,0.46,0.53,0.30
REDF,2019-11-08 06:00:00 EST,43.62218,-75.87769,1248,19.3,18.7,9.0,89.1,16.6,0.000,0.000,0.00,0.000,7.5,11.9,1.9,338,19,8.5,13.8,2.2,338,14,8.5,13.8,2.2,338,14,0,28.77,0.6,0,0,0,39.3,44.8,48.6,0.46,0.53,0.30
REDF,2019-11-08 06:05:00 EST,43.62218,-75.87769,1248,19.4,18.8,9.0,89.7,16.8,0.000,0.000,0.00,0.000,7.9,14.2,2.0,328,20,8.7,14.7,2.0,329,17,8.7,14.7,2.0,329,17,0,28.77,0.6,0,0,0,39.2,44.8,48.6,0.45,0.53,0.30
REDF,2019-11-08 06:10:00 EST,43.62218,-75.87769,1248,19.4,18.9,9.8,89.8,16.9,0.000,0.000,0.00,0.000,7.0,12.0,2.4,330,12,7.6,12.1,2.4,328,11,7.6,12.1,2.4,328,11,0,28.77,0.6,0,0,0,39.2,44.8,48.6,0.46,0.53,0.30
REDF,2019-11-08 06:15:00 EST,43.62218,-75.87769,1248,19.5,18.9,10.5,89.0,16.8,0.000,0.000,0.00,0.000,6.5,10.5,1.8,325,14,6.9,12.5,1.8,322,14,6.9,12.5,1.8,322,14,0,28.77,0.6,0,0,0,39.2,44.7,48.6,0.46,0.53,0.30
REDF,2019-11-08 06:20:00 EST,43.62218,-75.87769,1248,19.4,18.9,10.0,88.7,16.6,,,0.00,,6.9,10.2,1.5,325,11,7.4,11.5,1.6,322,10,7.4,11.5,1.6,322,10,0,28.77,0.6,0,0,0,39.2,44.8,48.6,0.45,0.53,0.30
REDF,2019-11-08 06:25:00 EST,43.62218,-75.87769,1248,19.5,18.9,11.1,,,,,,,5.3,8.9,1.7,313,12,6.3,9.4,1.5,311,13,6.3,9.4,1.5,311,13,0,,0.6,0,0,0,39.2,44.7,48.6,0.46,0.54,0.30
REDF,2019-11-08 06:30:00 EST,43.62218,-75.87769,1248,,,,,,,,,,4.5,7.7,1.5,321,17,,,,,,4.5,7.7,1.5,321,17,0,,,0,0,0,39.2,44.8,48.6,0.45,0.53,0.30
REDF,2019-11-08 06:35:00 EST,43.62218,-75.87769,1248,,,,,,,,,,5.2,9.8,1.9,324,17,,,,,,5.2,9.8,1.9,324,17,0,,,0,0,0,39.2,44.8,48.6,0.45,0.53,0.30
REDF,2019-11-08 06:40:00 EST,43.62218,-75.87769,1248,,,,,,,,,,4.3,6.4,1.1,334,14,,,,,,4.3,6.4,1.1,334,14,1,,,0,0,0,39.2,44.8,48.6,0.45,0.53,0.30
REDF,2019-11-08 06:45:00 EST,43.62218,-75.87769,1248,,,,,,,,,,5.2,8.6,1.5,335,18,,,,,,5.2,8.6,1.5,335,18,2,,,0,0,0,39.2,44.7,48.6,0.45,0.54,0.30
REDF,2019-11-08 06:50:00 EST,43.62218,-75.87769,1248,,,,,,,,,,6.2,9.9,1.5,335,14,,,,,,6.2,9.9,1.5,335,14,4,,,0,0,0,39.2,44.7,48.6,0.45,0.53,0.30
REDF,2019-11-08 06:55:00 EST,43.62218,-75.87769,1248,,,,,,,,,,7.3,12.6,2.0,322,11,,,,,,7.3,12.6,2.0,322,11,6,,,0,0,0,39.2,44.7,48.6,0.45,0.53,0.30
REDF,2019-11-08 07:00:00 EST,43.62218,-75.87769,1248,,,,,,,,,,7.2,11.4,1.8,326,12,,,,,,7.2,11.4,1.8,326,12,7,,,0,0,0,39.2,44.7,48.6,0.45,0.53,0.30
REDF,2019-11-08 07:05:00 EST,43.62218,-75.87769,1248,,,,,,,,,,6.0,10.4,1.7,339,16,,,,,,6.0,10.4,1.7,339,16,8,,,0,0,0,39.2,44.7,48.6,0.45,0.53,0.30
REDF,2019-11-08 07:10:00 EST,43.62218,-75.87769,1248,,,,,,,,,,6.7,11.1,1.9,336,13,,,,,,6.7,11.1,1.9,336,13,10,,,0,0,0,39.1,44.7,48.6,0.45,0.53,0.30
REDF,2019-11-08 07:15:00 EST,43.62218,-75.87769,1248,,,,,,,,,,7.3,11.6,1.8,324,14,,,,,,7.3,11.6,1.8,324,14,9,,,0,0,0,39.2,44.7,48.6,0.45,0.53,0.30
REDF,2019-11-08 07:20:00 EST,43.62218,-75.87769,1248,,,,,,,,,,7.1,13.7,2.5,330,14,,,,,,7.1,13.7,2.5,330,14,9,,,0,0,0,39.1,44.7,48.6,0.45,0.54,0.30
REDF,2019-11-08 07:25:00 EST,43.62218,-75.87769,1248,,,,,,,,,,7.0,11.0,2.0,346,13,,,,,,7.0,11.0,2.0,346,13,10,,,0,0,0,39.1,44.6,48.6,0.45,0.53,0.30
REDF,2019-11-08 07:30:00 EST,43.62218,-75.87769,1248,,,,,,,,,,6.9,11.9,1.8,349,14,,,,,,6.9,11.9,1.8,349,14,12,,,0,0,0,39.1,44.6,48.6,0.45,0.53,0.30
REDF,2019-11-08 07:35:00 EST,43.62218,-75.87769,1248,,,,,,,,,,6.0,9.6,1.6,337,17,,,,,,6.0,9.6,1.6,337,17,13,,,0,0,0,39.1,44.6,48.6,0.45,0.53,0.30
REDF,2019-11-08 07:40:00 EST,43.62218,-75.87769,1248,,,,,,,,,,7.2,11.5,2.1,333,13,,,,,,7.2,11.5,2.1,333,13,19,,,0,0,0,39.0,44.7,48.6,0.45,0.53,0.30
REDF,2019-11-08 07:45:00 EST,43.62218,-75.87769,1248,,,,,,,0.000,,,6.0,10.4,1.9,327,11,,,,,,6.0,10.4,1.9,327,11,23,,,0,0,0,39.0,44.6,48.6,0.45,0.53,0.30
REDF,2019-11-08 07:50:00 EST,43.62218,-75.87769,1248,20.3,19.6,10.6,,,0.000,0.000,,,6.1,10.2,1.7,331,13,7.9,12.3,2.0,326,13,7.9,12.3,2.0,326,13,27,,0.6,0,0,0,39.1,44.6,48.6,0.45,0.53,0.30
REDF,2019-11-08 07:55:00 EST,43.62218,-75.87769,1248,20.4,19.6,12.5,,,0.000,0.000,0.00,,5.2,9.9,1.7,336,16,5.9,10.3,1.6,335,16,5.9,10.3,1.6,335,16,35,28.82,0.6,0,0,0,39.0,44.6,48.6,0.45,0.53,0.30
REDF,2019-11-08 08:00:00 EST,43.62218,-75.87769,1248,20.6,19.8,13.6,,,0.000,0.000,0.00,,4.3,6.7,1.1,338,16,5.0,8.0,1.2,337,17,5.0,8.0,1.2,337,17,37,28.82,0.6,0,0,0,39.0,44.6,48.6,0.45,0.53,0.30
REDF,2019-11-08 08:05:00 EST,43.62218,-75.87769,1248,20.5,19.8,11.6,,,0.000,0.000,0.00,,6.4,10.8,2.0,338,22,7.1,13.9,2.2,337,19,7.1,13.9,2.2,337,19,35,28.82,0.6,0,0,0,39.1,44.6,48.6,0.45,0.53,0.30
REDF,2019-11-08 08:10:00 EST,43.62218,-75.87769,1248,20.7,19.9,10.8,,,0.000,0.000,0.00,,7.6,13.4,2.3,324,17,8.4,15.2,2.3,323,19,8.4,15.2,2.3,323,19,40,28.82,0.6,0,0,0,39.1,44.6,48.6,0.45,0.53,0.30
REDF,2019-11-08 08:15:00 EST,43.62218,-75.87769,1248,20.5,19.7,10.8,,,0.000,0.000,0.00,,7.1,14.8,2.5,343,16,8.2,17.7,3.0,344,12,8.2,17.7,3.0,344,12,48,28.82,0.7,0,0,0,39.0,44.6,48.6,0.45,0.53,0.30
REDF,2019-11-08 08:20:00 EST,43.62218,-75.87769,1248,20.7,19.9,12.0,,,0.012,0.012,0.00,,6.0,13.2,2.9,341,19,6.9,15.6,3.3,341,17,6.9,15.6,3.3,341,17,65,28.82,0.7,0,0,0,39.0,44.6,48.6,0.45,0.53,0.30
REDF,2019-11-08 08:25:00 EST,43.62218,-75.87769,1248,20.8,19.9,11.7,,,0.001,0.013,0.00,,6.5,10.2,1.6,350,14,7.4,12.2,1.9,349,12,7.4,12.2,1.9,349,12,81,28.82,0.6,0,0,0,39.0,44.5,48.6,0.45,0.53,0.30
REDF,2019-11-08 08:30:00 EST,43.62218,-75.87769,1248,20.8,19.9,12.3,,,0.000,0.013,0.00,,5.9,10.5,1.8,341,18,6.6,11.8,1.9,338,16,6.6,11.8,1.9,338,16,57,28.83,0.7,0,0,0,39.0,44.6,48.6,0.45,0.53,0.30
REDF,2019-11-08 08:35:00 EST,43.62218,-75.87769,1248,20.8,19.9,11.2,,,0.000,0.013,0.00,,7.1,12.9,2.3,338,17,8.0,13.4,2.6,339,17,8.0,13.4,2.6,339,17,51,28.83,0.6,0,0,0,39.0,44.6,48.6,0.45,0.53,0.30
REDF,2019-11-08 08:40:00 EST,43.62218,-75.87769,1248,20.7,19.8,11.5,,,0.000,0.013,0.00,,6.8,11.7,2.0,336,21,7.5,13.7,2.1,336,19,7.5,13.7,2.1,336,19,73,28.83,0.6,0,0,0,39.0,44.6,48.6,0.45,0.53,0.30
REDF,2019-11-08 08:45:00 EST,43.62218,-75.87769,1248,20.9,19.9,11.7,,,0.000,0.013,0.00,0.013,6.8,11.4,1.9,339,13,7.6,13.0,2.0,339,14,7.6,13.0,2.0,339,14,119,28.83,0.6,0,0,0,39.0,44.6,48.6,0.45,0.53,0.30
REDF,2019-11-08 08:50:00 EST,43.62218,-75.87769,1248,21.0,20.0,12.2,,,0.000,0.013,0.00,0.013,6.1,11.5,2.0,346,14,7.0,14.7,2.5,346,12,7.0,14.7,2.5,346,12,100,28.83,0.7,0,0,0,39.0,44.5,48.6,0.45,0.53,0.30
REDF,2019-11-08 08:55:00 EST,43.62218,-75.87769,1248,21.0,20.1,12.9,,,0.000,0.013,0.00,0.013,5.6,10.3,1.7,336,14,6.3,12.1,2.0,335,14,6.3,12.1,2.0,335,14,136,28.83,0.6,0,0,0,39.0,44.6,48.6,0.45,0.53,0.30
REDF,2019-11-08 09:00:00 EST,43.62218,-75.87769,1248,21.5,20.4,13.5,,,0.000,0.013,0.00,0.013,5.6,9.7,2.0,342,18,6.3,11.3,2.0,341,17,6.3,11.3,2.0,341,17,146,28.83,0.7,0,0,0,38.9,44.5,48.6,0.45,0.53,0.30
REDF,2019-11-08 09:05:00 EST,43.62218,-75.87769,1248,21.8,20.5,13.8,,,0.000,0.013,0.00,0.013,5.6,10.7,1.6,342,24,6.3,12.0,1.8,343,19,6.3,12.0,1.8,343,19,174,28.83,0.6,0,0,0,38.9,44.5,48.6,0.45,0.53,0.30
REDF,2019-11-08 09:10:00 EST,43.62218,-75.87769,1248,21.4,20.2,12.4,,,0.000,0.013,0.00,0.013,6.9,11.5,1.7,332,14,7.4,11.8,1.7,330,13,7.4,11.8,1.7,330,13,110,28.83,0.6,0,0,0,38.9,44.5,48.6,0.45,0.53,0.30
REDF,2019-11-08 09:15:00 EST,43.62218,-75.87769,1248,21.3,20.0,11.0,,,0.000,0.013,0.00,0.013,8.8,13.8,2.2,321,10,9.2,14.6,2.0,319,11,9.2,14.6,2.0,319,11,131,28.84,0.6,0,0,0,38.9,44.5,48.6,0.45,0.53,0.30
REDF,2019-11-08 09:20:00 EST,43.62218,-75.87769,1248,21.0,19.9,11.4,,,0.000,0.013,0.00,0.001,7.5,11.5,2.0,337,13,8.1,12.7,1.9,335,13,8.1,12.7,1.9,335,13,152,28.84,0.6,0,0,0,38.8,44.6,48.6,0.45,0.53,0.30
REDF,2019-11-08 09:25:00 EST,43.62218,-75.87769,1248,21.5,20.3,13.7,,,0.000,0.013,0.00,0.000,5.2,9.6,1.7,337,19,6.1,11.7,1.9,337,20,6.1,11.7,1.9,337,20,247,28.84,0.6,0,0,0,38.9,44.5,48.6,0.45,0.53,0.30
REDF,2019-11-08 09:30:00 EST,43.62218,-75.87769,1248,22.0,20.4,13.4,,,0.000,0.013,0.00,0.000,6.3,9.4,1.4,347,16,7.0,10.1,1.5,345,11,7.0,10.1,1.5,345,11,309,28.84,0.6,0,0,0,38.9,44.5,48.6,0.45,0.53,0.30
REDF,2019-11-08 09:35:00 EST,43.62218,-75.87769,1248,22.0,20.5,13.4,84.0,18.0,0.000,0.013,0.00,0.000,6.3,9.6,1.4,355,20,7.2,11.7,1.7,352,17,7.2,11.7,1.7,352,17,136,28.84,0.6,0,0,0,38.8,44.5,48.6,0.45,0.53,0.30
REDF,2019-11-08 09:40:00 EST,43.62218,-75.87769,1248,22.0,20.8,12.8,84.5,18.0,0.000,0.013,0.00,0.000,7.0,11.8,2.0,309,11,7.7,12.4,2.0,304,11,7.7,12.4,2.0,304,11,139,28.84,0.6,0,0,0,38.9,44.5,48.6,0.45,0.53,0.30
REDF,2019-11-08 09:45:00 EST,43.62218,-75.87769,1248,21.7,20.5,13.2,84.7,17.8,0.000,0.013,0.00,0.000,6.4,12.0,2.4,323,21,6.9,13.7,2.5,322,22,6.9,13.7,2.5,322,22,119,28.84,0.6,0,0,0,38.8,44.5,48.6,0.45,0.53,0.30
REDF,2019-11-08 09:50:00 EST,43.62218,-75.87769,1248,21.6,20.5,12.1,83.5,17.4,0.000,0.013,0.00,0.000,7.5,12.1,1.9,341,16,8.2,15.3,2.1,342,16,8.2,15.3,2.1,342,16,134,28.85,0.7,0,0,0,38.9,44.5,48.6,0.45,0.53,0.30
REDF,2019-11-08 09:55:00 EST,43.62218,-75.87769,1248,21.6,20.7,13.8,84.1,17.6,0.000,0.013,0.00,0.000,5.6,10.2,2.3,332,16,6.1,10.7,2.3,331,16,6.1,10.7,2.3,331,16,135,28.85,0.6,0,0,0,38.8,44.5,48.6,0.45,0.53,0.30
REDF,2019-11-08 10:00:00 EST,43.62218,-75.87769,1248,21.6,20.4,13.1,83.8,17.5,0.000,0.013,0.00,0.000,6.4,10.8,1.9,332,9,6.9,11.6,2.0,331,9,6.9,11.6,2.0,331,9,146,28.85,0.6,0,0,0,38.9,44.5,48.6,0.45,0.53,0.30
REDF,2019-11-08 10:05:00 EST,43.62218,-75.87769,1248,22.2,21.1,15.9,83.6,18.0,0.000,0.013,0.00,0.000,4.3,8.9,1.6,314,19,4.7,9.5,1.8,311,19,4.7,9.5,1.8,311,19,213,28.85,0.5,0,0,0,38.8,44.5,48.6,0.45,0.54,0.30
REDF,2019-11-08 10:10:00 EST,43.62218,-75.87769,1248,22.0,20.8,12.0,80.2,16.8,0.000,0.013,0.00,0.000,8.4,14.4,2.1,305,13,9.0,14.5,2.1,302,13,9.0,14.5,2.1,302,13,240,28.85,0.7,0,0,0,38.8,44.5,48.6,0.45,0.54,0.30
REDF,2019-11-08 10:15:00 EST,43.62218,-75.87769,1248,23.0,21.4,14.1,79.2,17.5,0.000,0.013,0.00,0.000,6.8,11.3,1.9,326,25,7.7,12.5,2.0,324,25,7.7,12.5,2.0,324,25,422,28.85,0.6,0,0,0,38.8,44.6,48.6,0.45,0.53,0.30
REDF,2019-11-08 10:20:00 EST,43.62218,-75.87769,1248,23.2,21.3,13.4,75.7,16.7,0.000,0.013,0.00,0.000,8.4,12.3,2.2,326,14,9.1,13.3,2.2,324,15,9.1,13.3,2.2,324,15,281,28.85,0.4,0,0,0,38.8,44.5,48.6,0.45,0.53,0.30
REDF,2019-11-08 10:25:00 EST,43.62218,-75.87769,1248,22.4,20.7,12.6,75.8,15.9,0.000,0.013,0.00,0.000,8.3,11.6,1.9,325,11,8.8,12.3,1.9,324,12,8.8,12.3,1.9,324,12,275,28.85,0.6,0,0,0,38.9,44.5,48.6,0.45,0.53,0.30
REDF,2019-11-08 10:30:00 EST,43.62218,-75.87769,1248,23.0,21.1,15.7,76.3,16.6,0.000,0.013,0.00,0.000,5.2,9.5,1.5,328,14,5.8,10.6,1.6,327,15,5.8,10.6,1.6,327,15,395,28.85,0.6,0,0,0,38.9,44.5,48.6,0.45,0.54,0.30
REDF,2019-11-08 10:35:00 EST,43.62218,-75.87769,1248,23.2,21.6,14.3,76.3,16.8,0.000,0.013,0.00,0.000,7.1,10.6,1.7,320,16,7.8,10.9,1.5,319,16,7.8,10.9,1.5,319,16,258,28.85,0.5,0,0,0,38.9,44.5,48.5,0.45,0.53,0.30
REDF,2019-11-08 10:40:00 EST,43.62218,-75.87769,1248,22.6,21.4,13.2,74.8,15.8,0.000,0.013,0.00,0.000,7.7,10.2,1.1,324,15,8.2,13.2,1.5,323,16,8.2,13.2,1.5,323,16,207,28.85,0.5,0,0,0,38.9,44.4,48.6,0.45,0.53,0.30
REDF,2019-11-08 10:45:00 EST,43.62218,-75.87769,1248,22.8,21.5,13.9,78.0,16.9,0.000,0.013,0.00,0.000,6.7,13.7,2.7,328,17,7.6,14.5,2.6,327,17,7.6,14.5,2.6,327,17,248,28.85,0.7,0,0,0,38.9,44.5,48.5,0.45,0.54,0.30
REDF,2019-11-08 10:50:00 EST,43.62218,-75.87769,1248,22.9,21.4,14.8,77.0,16.8,0.000,0.013,0.00,0.000,6.2,11.5,2.1,330,18,6.8,11.7,2.0,328,16,6.8,11.7,2.0,328,16,258,28.85,0.6,0,0,0,38.9,44.5,48.6,0.45,0.53,0.30
REDF,2019-11-08 10:55:00 EST,43.62218,-75.87769,1248,23.1,21.3,13.2,76.6,16.8,0.000,0.013,0.00,0.000,8.4,12.5,2.0,337,19,9.2,14.7,2.1,336,18,9.2,14.7,2.1,336,18,189,28.86,0.5,0,0,0,38.9,44.5,48.5,0.45,0.54,0.30
REDF,2019-11-08 11:00:00 EST,43.62218,-75.87769,1248,22.6,21.1,12.7,75.5,16.1,0.000,0.013,0.00,0.000,8.6,12.9,1.9,338,16,9.1,14.2,2.2,337,14,9.1,14.2,2.2,337,14,250,28.86,0.6,0,0,0,38.9,44.3,48.6,0.45,0.53,0.30
REDF,2019-11-08 11:05:00 EST,43.62218,-75.87769,1248,22.4,21.1,14.3,76.1,16.1,0.000,0.013,0.00,0.000,6.0,11.9,2.5,338,16,6.6,12.4,2.5,337,16,6.6,12.4,2.5,337,16,206,28.86,0.5,0,0,0,38.9,44.4,48.5,0.45,0.54,0.30
REDF,2019-11-08 11:10:00 EST,43.62218,-75.87769,1248,22.5,21.3,13.9,76.2,16.1,0.000,0.013,0.00,0.000,6.7,10.8,1.7,322,21,7.2,12.1,1.9,320,22,7.2,12.1,1.9,320,22,216,28.85,0.6,0,0,0,38.9,44.5,48.6,0.45,0.53,0.30
REDF,2019-11-08 11:15:00 EST,43.62218,-75.87769,1248,23.2,21.6,14.6,77.9,17.3,0.000,0.013,0.00,0.000,6.7,13.0,2.8,339,11,7.3,14.5,2.9,340,10,7.3,14.5,2.9,340,10,212,28.85,0.5,0,0,0,39.0,44.4,48.5,0.45,0.54,0.30
REDF,2019-11-08 11:20:00 EST,43.62218,-75.87769,1248,23.0,21.7,14.2,76.4,16.7,0.000,0.013,0.00,0.000,7.1,10.7,1.5,326,12,7.6,11.0,1.6,324,12,7.6,11.0,1.6,324,12,294,28.86,0.6,0,0,0,38.9,44.4,48.5,0.45,0.53,0.30
REDF,2019-11-08 11:25:00 EST,43.62218,-75.87769,1248,23.4,22.0,15.5,76.5,17.1,0.000,0.013,0.00,0.000,5.9,9.4,1.3,333,19,6.6,10.5,1.4,333,18,6.6,10.5,1.4,333,18,214,28.86,0.5,0,0,0,38.9,44.3,48.5,0.45,0.53,0.30
REDF,2019-11-08 11:30:00 EST,43.62218,-75.87769,1248,23.1,21.9,15.5,77.9,17.2,0.000,0.013,0.00,0.000,5.4,11.2,2.1,331,20,6.1,10.9,1.9,330,19,6.1,10.9,1.9,330,19,240,28.86,0.5,0,0,0,39.0,44.3,48.4,0.45,0.53,0.30
REDF,2019-11-08 11:35:00 EST,43.62218,-75.87769,1248,22.9,21.4,13.4,76.8,16.7,0.000,0.013,0.00,0.000,7.8,13.0,3.0,312,16,8.4,14.7,3.2,308,16,8.4,14.7,3.2,308,16,304,28.86,0.5,0,0,0,39.0,44.3,48.5,0.45,0.53,0.30
REDF,2019-11-08 11:40:00 EST,43.62218,-75.87769,1248,23.3,21.8,13.6,77.1,17.2,0.000,0.013,0.00,0.000,8.0,14.0,2.2,337,18,9.0,17.6,2.3,337,19,9.0,17.6,2.3,337,19,368,28.85,0.6,0,0,0,38.9,44.3,48.5,0.45,0.53,0.30
REDF,2019-11-08 11:45:00 EST,43.62218,-75.87769,1248,23.9,22.2,15.4,75.9,17.4,0.000,0.013,0.00,0.000,6.9,13.5,2.8,332,18,7.4,14.3,2.7,329,20,7.4,14.3,2.7,329,20,482,28.85,0.5,0,0,0,38.9,44.2,48.5,0.45,0.53,0.30
REDF,2019-11-08 11:50:00 EST,43.62218,-75.87769,1248,23.7,22.4,13.7,75.5,17.1,0.000,0.013,0.00,0.000,8.8,15.3,3.0,326,21,9.6,17.7,3.1,322,19,9.6,17.7,3.1,322,19,336,28.85,0.5,0,0,0,39.0,44.2,48.5,0.45,0.53,0.30
REDF,2019-11-08 11:55:00 EST,43.62218,-75.87769,1248,23.2,21.8,13.4,75.6,16.7,0.000,0.013,0.00,0.000,8.6,15.5,3.2,316,9,9.1,15.8,3.0,314,9,9.1,15.8,3.0,314,9,221,28.85,0.5,0,0,0,39.1,44.3,48.5,0.45,0.53,0.30
REDF,2019-11-08 12:00:00 EST,43.62218,-75.87769,1248,23.4,22.0,14.3,74.4,16.5,0.000,0.013,0.00,0.000,7.5,14.6,2.6,325,15,8.1,15.6,2.6,324,16,8.1,15.6,2.6,324,16,419,28.85,0.7,0,0,0,39.1,44.1,48.4,0.45,0.54,0.30
REDF,2019-11-08 12:05:00 EST,43.62218,-75.87769,1248,24.5,22.7,15.8,73.8,17.3,0.000,0.013,0.00,0.000,7.3,11.8,1.7,313,17,7.8,12.9,1.7,310,18,7.8,12.9,1.7,310,18,520,28.85,0.4,0,0,0,39.1,44.1,48.4,0.45,0.53,0.30
REDF,2019-11-08 12:10:00 EST,43.62218,-75.87769,1248,23.9,22.6,13.8,68.5,15.0,0.000,0.013,0.00,0.000,9.1,13.2,2.1,295,14,9.8,15.1,2.3,291,12,9.8,15.1,2.3,291,12,421,28.84,0.6,0,0,0,39.1,44.3,48.4,0.45,0.53,0.30
REDF,2019-11-08 12:15:00 EST,43.62218,-75.87769,1248,24.5,23.2,15.9,68.8,15.7,0.000,0.013,0.00,0.000,6.9,10.1,1.7,299,13,7.7,11.1,1.8,295,13,7.7,11.1,1.8,295,13,647,28.84,0.7,0,0,0,39.1,44.3,48.4,0.45,0.53,0.30
REDF,2019-11-08 12:20:00 EST,43.62218,-75.87769,1248,24.9,23.8,16.3,67.2,15.5,0.000,0.013,0.00,0.000,6.9,14.5,3.6,316,24,7.8,14.6,3.5,316,23,7.8,14.6,3.5,316,23,414,28.84,0.5,0,0,0,39.1,44.2,48.4,0.45,0.53,0.30
REDF,2019-11-08 12:25:00 EST,43.62218,-75.87769,1248,24.8,23.2,17.1,67.4,15.5,0.000,0.013,0.00,0.000,6.1,10.7,2.2,327,19,6.7,12.1,2.2,325,19,6.7,12.1,2.2,325,19,517,28.84,0.6,0,0,0,39.2,44.2,48.4,0.45,0.53,0.30
REDF,2019-11-08 12:30:00 EST,43.62218,-75.87769,1248,25.2,23.2,16.0,68.5,16.3,0.000,0.013,0.00,0.000,8.4,13.7,1.9,321,14,8.9,13.4,1.9,318,13,8.9,13.4,1.9,318,13,463,28.84,0.5,0,0,0,39.2,44.2,48.4,0.45,0.53,0.30
REDF,2019-11-08 12:35:00 EST,43.62218,-75.87769,1248,25.4,23.9,15.7,65.2,15.3,0.000,0.013,0.00,0.000,8.9,14.6,3.0,303,16,9.7,17.3,3.0,299,17,9.7,17.3,3.0,299,17,423,28.84,0.5,0,0,0,39.2,44.2,48.4,0.45,0.53,0.30
REDF,2019-11-08 12:40:00 EST,43.62218,-75.87769,1248,24.9,23.4,14.3,63.7,14.4,0.000,0.013,0.00,0.000,10.6,15.9,2.2,299,13,11.2,17.5,2.5,294,12,11.2,17.5,2.5,294,12,504,28.84,0.5,0,0,0,39.2,44.1,48.4,0.45,0.53,0.30
REDF,2019-11-08 12:45:00 EST,43.62218,-75.87769,1248,24.7,23.4,13.9,61.5,13.4,0.000,0.013,0.00,0.000,10.6,14.8,2.0,294,13,11.4,16.0,2.2,289,11,11.4,16.0,2.2,289,11,401,28.84,0.5,0,0,0,39.2,44.2,48.4,0.45,0.53,0.30
REDF,2019-11-08 12:50:00 EST,43.62218,-75.87769,1248,24.4,23.1,15.3,65.6,14.5,0.000,0.013,0.00,0.000,7.8,12.7,2.3,305,14,8.4,14.1,2.4,302,12,8.4,14.1,2.4,302,12,272,28.84,0.4,0,0,0,39.2,44.2,48.4,0.45,0.53,0.30
REDF,2019-11-08 12:55:00 EST,43.62218,-75.87769,1248,24.8,23.3,15.5,67.6,15.6,0.000,0.013,0.00,0.000,8.0,12.3,1.9,300,20,8.7,13.9,2.2,297,21,8.7,13.9,2.2,297,21,418,28.84,0.5,0,0,0,39.2,44.0,48.4,0.45,0.53,0.30
REDF,2019-11-08 13:00:00 EST,43.62218,-75.87769,1248,25.0,23.5,17.2,64.0,14.6,0.000,0.013,0.00,0.000,6.4,10.4,2.0,304,23,6.9,11.5,2.0,300,23,6.9,11.5,2.0,300,23,544,28.84,0.4,0,0,0,39.3,44.0,48.4,0.45,0.53,0.30
REDF,2019-11-08 13:05:00 EST,43.62218,-75.87769,1248,25.7,24.4,17.7,64.1,15.2,0.000,0.013,0.00,0.000,6.3,11.7,2.4,289,24,7.3,13.0,2.7,285,23,7.3,13.0,2.7,285,23,457,28.84,0.7,0,0,0,39.3,44.1,48.4,0.45,0.53,0.30
REDF,2019-11-08 13:10:00 EST,43.62218,-75.87769,1248,26.5,24.5,18.5,67.0,17.1,0.000,0.013,0.00,0.000,7.2,12.3,2.6,319,18,7.6,13.1,2.5,318,19,7.6,13.1,2.5,318,19,393,28.84,0.4,0,0,0,39.4,44.1,48.4,0.45,0.53,0.30
REDF,2019-11-08 13:15:00 EST,43.62218,-75.87769,1248,25.6,24.2,16.6,66.2,15.9,0.000,0.013,0.00,0.000,8.0,14.5,2.8,302,22,8.7,15.9,2.9,299,22,8.7,15.9,2.9,299,22,256,28.84,0.5,0,0,0,39.4,44.1,48.4,0.45,0.53,0.30
REDF,2019-11-08 13:20:00 EST,43.62218,-75.87769,1248,24.9,23.5,15.3,65.6,15.0,0.000,0.013,0.00,0.000,8.8,14.5,2.0,308,15,9.4,15.6,1.9,306,15,9.4,15.6,1.9,306,15,321,28.85,0.6,0,0,0,39.5,44.0,48.4,0.45,0.53,0.30
REDF,2019-11-08 13:25:00 EST,43.62218,-75.87769,1248,25.4,24.0,16.1,64.3,15.1,0.000,0.013,0.00,0.000,8.6,12.6,1.5,291,17,9.2,13.3,1.6,287,15,9.2,13.3,1.6,287,15,531,28.85,0.5,0,0,0,39.5,44.0,48.4,0.45,0.53,0.30
REDF,2019-11-08 13:30:00 EST,43.62218,-75.87769,1248,25.5,24.1,16.3,63.4,14.8,0.000,0.013,0.00,0.000,8.1,12.9,2.1,275,20,8.9,14.4,2.3,272,19,8.9,14.4,2.3,272,19,523,28.85,0.4,0,0,0,39.6,44.0,48.4,0.45,0.53,0.30
REDF,2019-11-08 13:35:00 EST,43.62218,-75.87769,1248,25.7,24.6,17.9,63.1,14.9,0.000,0.013,0.00,0.000,6.3,11.3,2.1,312,22,7.0,13.8,2.3,308,22,7.0,13.8,2.3,308,22,240,28.85,0.4,0,0,0,39.6,44.0,48.4,0.45,0.53,0.30
REDF,2019-11-08 13:40:00 EST,43.62218,-75.87769,1248,26.2,24.5,17.6,67.3,16.8,0.000,0.013,0.00,0.000,7.6,13.9,2.7,314,13,8.2,14.1,2.5,310,13,8.2,14.1,2.5,310,13,356,28.85,0.4,0,0,0,39.7,43.9,48.4,0.45,0.53,0.30
REDF,2019-11-08 13:45:00 EST,43.62218,-75.87769,1248,25.9,24.6,17.6,65.3,15.8,0.000,0.013,0.00,0.000,6.9,10.9,1.7,301,14,7.6,11.3,1.8,296,12,7.6,11.3,1.8,296,12,302,28.85,0.5,0,0,0,39.7,44.0,48.4,0.45,0.53,0.30
REDF,2019-11-08 13:50:00 EST,43.62218,-75.87769,1248,25.1,24.0,16.4,65.3,15.1,0.000,0.013,0.00,0.000,7.4,11.8,2.2,303,20,8.0,12.7,2.1,300,19,8.0,12.7,2.1,300,19,180,28.85,0.5,0,0,0,39.8,44.0,48.4,0.45,0.53,0.30
REDF,2019-11-08 13:55:00 EST,43.62218,-75.87769,1248,25.4,24.2,16.8,67.9,16.3,0.000,0.013,0.00,0.000,7.3,14.5,2.5,311,15,8.0,15.4,2.7,308,15,8.0,15.4,2.7,308,15,165,28.85,0.3,0,0,0,39.8,44.0,48.4,0.45,0.53,0.30
REDF,2019-11-08 14:00:00 EST,43.62218,-75.87769,1248,24.9,23.7,14.6,67.4,15.7,0.000,0.013,0.00,0.000,10.0,15.4,2.7,316,15,10.6,16.4,2.5,314,16,10.6,16.4,2.5,314,16,201,28.85,0.5,0,0,0,39.8,44.0,48.4,0.45,0.53,0.30
REDF,2019-11-08 14:05:00 EST,43.62218,-75.87769,1248,25.3,24.1,15.3,68.3,16.3,0.000,0.013,0.00,0.000,9.5,14.6,2.0,309,15,10.1,15.2,2.1,305,15,10.1,15.2,2.1,305,15,196,28.85,0.4,0,0,0,39.9,44.0,48.4,0.45,0.53,0.30
REDF,2019-11-08 14:10:00 EST,43.62218,-75.87769,1248,25.3,24.0,15.3,67.7,16.1,0.000,0.013,0.00,0.000,9.5,14.1,2.0,313,20,10.2,14.1,2.0,311,21,10.2,14.1,2.0,311,21,182,28.85,0.4,0,0,0,39.9,43.9,48.4,0.45,0.53,0.30
REDF,2019-11-08 14:15:00 EST,43.62218,-75.87769,1248,24.7,23.6,15.4,67.7,15.5,0.000,0.013,0.00,0.000,8.3,12.9,2.1,310,14,8.8,14.0,2.1,305,14,8.8,14.0,2.1,305,14,164,28.85,0.4,0,0,0,40.0,44.0,48.4,0.45,0.53,0.30
REDF,2019-11-08 14:20:00 EST,43.62218,-75.87769,1248,24.9,23.9,16.9,67.9,15.8,0.000,0.013,0.00,0.000,6.4,12.6,2.1,311,21,7.1,13.6,2.2,309,21,7.1,13.6,2.2,309,21,134,28.85,0.3,0,0,0,40.0,43.9,48.4,0.45,0.53,0.30
REDF,2019-11-08 14:25:00 EST,43.62218,-75.87769,1248,24.9,23.8,15.3,68.4,15.9,0.000,0.013,0.00,0.000,8.7,14.6,2.6,319,15,9.3,16.2,2.6,316,15,9.3,16.2,2.6,316,15,142,28.85,0.4,0,0,0,40.1,44.0,48.4,0.45,0.53,0.30
REDF,2019-11-08 14:30:00 EST,43.62218,-75.87769,1248,25.2,24.0,16.2,68.7,16.3,0.000,0.013,0.00,0.000,7.8,12.4,2.5,303,13,8.6,13.8,2.4,300,12,8.6,13.8,2.4,300,12,234,28.85,0.4,0,0,0,40.1,44.0,48.4,0.45,0.53,0.30
REDF,2019-11-08 14:35:00 EST,43.62218,-75.87769,1248,25.1,24.0,16.9,69.9,16.7,0.000,0.013,0.00,0.000,6.8,12.6,2.5,308,13,7.4,12.4,2.3,305,13,7.4,12.4,2.3,305,13,188,28.85,0.4,0,0,0,40.1,43.9,48.4,0.45,0.53,0.30
REDF,2019-11-08 14:40:00 EST,43.62218,-75.87769,1248,25.4,24.2,17.3,68.9,16.6,0.000,0.013,0.00,0.000,6.6,12.1,2.2,316,23,7.3,13.4,2.3,312,23,7.3,13.4,2.3,312,23,152,28.85,0.3,0,0,0,40.1,44.0,48.4,0.45,0.53,0.30
REDF,2019-11-08 14:45:00 EST,43.62218,-75.87769,1248,25.3,24.2,16.8,69.1,16.6,0.000,0.013,0.00,0.000,7.3,13.0,2.2,314,16,7.9,13.0,2.2,311,15,7.9,13.0,2.2,311,15,141,28.85,0.3,0,0,0,40.1,44.0,48.4,0.45,0.53,0.30
REDF,2019-11-08 14:50:00 EST,43.62218,-75.87769,1248,24.7,23.8,14.6,66.2,15.1,0.000,0.013,0.00,0.000,9.8,14.0,2.0,306,10,10.3,14.7,2.0,301,11,10.3,14.7,2.0,301,11,174,28.86,0.4,0,0,0,40.1,44.0,48.4,0.45,0.53,0.30
REDF,2019-11-08 14:55:00 EST,43.62218,-75.87769,1248,24.8,23.8,15.1,68.5,15.9,0.000,0.013,0.00,0.000,8.9,13.8,2.3,313,14,9.6,13.5,2.0,309,15,9.6,13.5,2.0,309,15,136,28.86,0.3,0,0,0,40.2,44.0,48.4,0.45,0.53,0.30
REDF,2019-11-08 15:00:00 EST,43.62218,-75.87769,1248,24.7,23.8,16.1,68.7,15.9,0.000,0.013,0.00,0.000,7.3,11.4,1.9,312,15,7.8,11.3,1.7,309,16,7.8,11.3,1.7,309,16,130,28.86,0.4,0,0,0,40.2,44.0,48.4,0.45,0.53,0.30
REDF,2019-11-08 15:05:00 EST,43.62218,-75.87769,1248,25.2,24.1,17.8,70.0,16.8,0.000,0.013,0.00,0.000,5.7,12.3,2.2,330,22,6.3,14.8,2.3,327,20,6.3,14.8,2.3,327,20,142,28.86,0.4,0,0,0,40.2,44.0,48.4,0.45,0.53,0.30
REDF,2019-11-08 15:10:00 EST,43.62218,-75.87769,1248,25.3,24.2,18.8,69.1,16.5,0.000,0.013,0.00,0.000,4.8,9.6,1.5,335,20,5.3,10.5,1.6,332,21,5.3,10.5,1.6,332,21,149,28.86,0.3,0,0,0,40.2,44.0,48.4,0.45,0.53,0.30
REDF,2019-11-08 15:15:00 EST,43.62218,-75.87769,1248,25.0,23.9,17.4,69.4,16.4,0.000,0.013,0.00,0.000,6.1,10.0,1.4,320,14,6.6,10.8,1.2,318,14,6.6,10.8,1.2,318,14,100,28.86,0.4,0,0,0,40.3,44.0,48.4,0.45,0.53,0.30
REDF,2019-11-08 15:20:00 EST,43.62218,-75.87769,1248,25.0,24.1,16.7,70.3,16.7,0.000,0.013,0.00,0.000,6.6,11.2,1.8,294,20,7.5,11.7,2.0,290,20,7.5,11.7,2.0,290,20,121,28.86,0.3,0,0,0,40.2,44.0,48.4,0.45,0.53,0.30
REDF,2019-11-08 15:25:00 EST,43.62218,-75.87769,1248,24.8,23.9,16.1,69.7,16.4,0.000,0.013,0.00,0.000,7.4,11.0,1.7,306,13,8.0,12.2,1.7,302,12,8.0,12.2,1.7,302,12,109,28.86,0.3,0,0,0,40.3,44.0,48.4,0.45,0.53,0.30
REDF,2019-11-08 15:30:00 EST,43.62218,-75.87769,1248,24.9,24.0,17.5,71.0,16.9,0.000,0.013,0.00,0.000,6.0,11.2,1.8,312,13,6.4,12.2,1.9,310,13,6.4,12.2,1.9,310,13,111,28.86,0.3,0,0,0,40.2,43.9,48.4,0.45,0.53,0.30
REDF,2019-11-08 15:35:00 EST,43.62218,-75.87769,1248,24.9,24.1,17.2,70.0,16.5,0.000,0.013,0.00,0.000,5.8,10.1,1.7,307,13,6.6,10.6,1.7,303,12,6.6,10.6,1.7,303,12,84,28.86,0.3,0,0,0,40.3,43.8,48.4,0.45,0.53,0.30
REDF,2019-11-08 15:40:00 EST,43.62218,-75.87769,1248,24.6,23.9,14.9,68.0,15.5,0.000,0.013,0.00,0.000,8.9,14.9,1.8,318,12,9.4,16.8,1.9,314,14,9.4,16.8,1.9,314,14,61,28.86,0.3,0,0,0,40.3,44.0,48.4,0.45,0.54,0.30
REDF,2019-11-08 15:45:00 EST,43.62218,-75.87769,1248,24.4,23.8,15.6,70.1,16.1,0.000,0.013,0.00,0.000,7.5,10.7,1.7,310,11,8.1,12.8,1.7,307,11,8.1,12.8,1.7,307,11,60,28.86,0.3,0,0,0,40.2,44.0,48.4,0.45,0.53,0.30
REDF,2019-11-08 15:50:00 EST,43.62218,-75.87769,1248,24.4,23.7,16.0,72.1,16.7,0.000,0.013,0.00,0.000,6.6,11.0,1.6,314,15,7.4,11.8,1.6,312,13,7.4,11.8,1.6,312,13,66,28.86,0.3,0,0,0,40.3,43.9,48.4,0.45,0.54,0.30
REDF,2019-11-08 15:55:00 EST,43.62218,-75.87769,1248,24.5,23.8,15.7,71.0,16.4,0.000,0.013,0.00,0.000,7.4,10.9,1.6,308,12,8.0,11.7,1.6,305,13,8.0,11.7,1.6,305,13,69,28.86,0.3,0,0,0,40.3,43.9,48.4,0.45,0.54,0.30
REDF,2019-11-08 16:00:00 EST,43.62218,-75.87769,1248,24.6,23.9,17.0,70.6,16.4,0.000,0.013,0.00,0.000,6.1,9.6,1.5,318,14,6.5,10.9,1.6,315,13,6.5,10.9,1.6,315,13,85,28.86,0.3,0,0,0,40.2,43.9,48.4,0.45,0.53,0.30
REDF,2019-11-08 16:05:00 EST,43.62218,-75.87769,1248,24.7,24.0,16.4,69.5,16.2,0.000,0.013,0.00,0.000,6.7,12.6,2.1,318,16,7.5,12.9,1.9,314,17,7.5,12.9,1.9,314,17,69,28.87,0.3,0,0,0,40.2,44.0,48.4,0.45,0.53,0.30
REDF,2019-11-08 16:10:00 EST,43.62218,-75.87769,1248,24.8,24.1,18.4,70.3,16.5,0.000,0.013,0.00,0.000,4.6,7.2,1.2,320,14,5.2,8.4,1.4,315,15,5.2,8.4,1.4,315,15,43,28.87,0.3,0,0,0,40.2,43.9,48.4,0.45,0.53,0.30
REDF,2019-11-08 16:15:00 EST,43.62218,-75.87769,1248,24.4,23.9,16.1,69.8,16.0,0.000,0.013,0.00,0.000,6.8,11.0,1.5,314,15,7.4,11.7,1.6,312,15,7.4,11.7,1.6,312,15,29,28.87,0.3,0,0,0,40.2,43.9,48.4,0.45,0.53,0.30
REDF,2019-11-08 16:20:00 EST,43.62218,-75.87769,1248,24.3,23.8,15.9,69.6,15.8,0.000,0.013,0.00,0.000,6.8,11.0,1.8,314,11,7.4,11.1,1.5,311,11,7.4,11.1,1.5,311,11,28,28.87,0.3,0,0,0,40.2,44.0,48.4,0.45,0.53,0.30
REDF,2019-11-08 16:25:00 EST,43.62218,-75.87769,1248,24.1,23.8,17.2,71.3,16.1,0.000,0.013,0.00,0.000,5.0,8.3,1.7,332,25,5.6,9.8,1.9,328,22,5.6,9.8,1.9,328,22,23,28.87,0.3,0,0,0,40.1,43.9,48.4,0.45,0.54,0.30
REDF,2019-11-08 16:30:00 EST,43.62218,-75.87769,1248,23.9,23.6,18.0,72.2,16.2,0.000,0.013,0.00,0.000,4.1,6.2,1.0,332,15,4.6,6.3,0.9,332,14,4.6,6.3,0.9,332,14,15,28.87,0.3,0,0,0,40.2,44.0,48.4,0.45,0.53,0.30
REDF,2019-11-08 16:35:00 EST,43.62218,-75.87769,1248,23.8,23.6,17.1,73.5,16.5,0.000,0.013,0.00,0.000,4.8,7.3,1.0,337,13,5.3,7.6,0.9,335,12,5.3,7.6,0.9,335,12,12,28.87,0.3,0,0,0,40.1,43.9,48.4,0.45,0.53,0.30
REDF,2019-11-08 16:40:00 EST,43.62218,-75.87769,1248,23.8,23.6,18.4,73.1,16.5,0.000,0.013,0.00,0.000,3.8,7.2,1.7,336,15,4.2,8.0,1.8,332,17,4.2,8.0,1.8,332,17,10,28.87,0.3,0,0,0,40.1,44.0,48.4,0.45,0.53,0.30
REDF,2019-11-08 16:45:00 EST,43.62218,-75.87769,1248,23.6,23.4,23.6,73.2,16.3,0.000,0.013,0.00,0.000,2.0,3.3,0.5,336,11,2.3,3.7,0.5,333,14,2.3,3.7,0.5,333,14,7,28.87,0.3,0,0,0,40.1,43.9,48.4,0.45,0.54,0.30
REDF,2019-11-08 16:50:00 EST,43.62218,-75.87769,1248,23.2,23.3,18.7,74.6,16.3,0.000,0.013,0.00,0.000,3.0,5.8,1.1,328,14,3.4,6.5,1.2,326,14,3.4,6.5,1.2,326,14,5,28.87,0.3,0,0,0,40.1,43.8,48.4,0.45,0.53,0.30
REDF,2019-11-08 16:55:00 EST,43.62218,-75.87769,1248,22.8,23.2,18.6,75.9,16.4,0.000,0.013,0.00,0.000,3.1,5.0,0.6,320,13,3.2,5.4,0.8,317,12,3.2,5.4,0.8,317,12,3,28.88,0.3,0,0,0,40.0,43.9,48.4,0.45,0.54,0.30
REDF,2019-11-08 17:00:00 EST,43.62218,-75.87769,1248,22.6,23.1,17.9,76.1,16.2,0.000,0.013,0.00,0.000,3.2,6.1,0.7,317,13,3.5,6.9,0.9,314,14,3.5,6.9,0.9,314,14,1,28.88,0.2,0,0,0,40.0,43.9,48.4,0.45,0.53,0.30
REDF,2019-11-08 17:05:00 EST,43.62218,-75.87769,1248,22.4,22.9,22.4,77.0,16.3,0.000,0.013,0.00,0.000,2.0,3.0,0.5,305,12,2.2,3.4,0.4,301,12,2.2,3.4,0.4,301,12,1,28.88,0.3,0,0,0,39.9,43.9,48.4,0.45,0.53,0.30
REDF,2019-11-08 17:10:00 EST,43.62218,-75.87769,1248,22.2,22.7,22.2,77.9,16.4,0.000,0.013,0.00,0.000,1.8,2.8,0.3,278,9,2.2,3.4,0.3,275,11,2.2,3.4,0.3,275,11,0,28.88,0.3,0,0,0,40.0,43.8,48.4,0.45,0.54,0.30
REDF,2019-11-08 17:15:00 EST,43.62218,-75.87769,1248,22.3,22.6,22.3,79.1,16.8,0.000,0.013,0.00,0.000,1.3,2.4,0.4,285,10,1.7,3.1,0.4,285,12,1.7,3.1,0.4,285,12,0,28.88,0.3,0,0,0,39.9,44.0,48.4,0.45,0.53,0.30
REDF,2019-11-08 17:20:00 EST,43.62218,-75.87769,1248,22.3,22.4,22.3,79.4,16.9,0.000,0.013,0.00,0.000,1.2,2.3,0.3,280,10,1.7,3.1,0.4,277,13,1.7,3.1,0.4,277,13,0,28.88,0.3,0,0,0,40.0,43.9,48.4,0.45,0.53,0.30
REDF,2019-11-08 17:25:00 EST,43.62218,-75.87769,1248,21.8,22.3,21.8,80.6,16.8,0.000,0.013,0.00,0.000,0.4,1.2,0.4,264,0,0.7,1.5,0.6,248,11,0.7,1.5,0.6,248,11,0,28.88,0.2,0,0,0,40.0,43.9,48.4,0.45,0.53,0.30
REDF,2019-11-08 17:30:00 EST,43.62218,-75.87769,1248,21.1,22.3,21.1,81.0,16.2,0.000,0.013,0.00,0.000,0.1,0.7,0.2,263,0,0.5,1.4,0.5,240,8,0.5,1.4,0.5,240,8,0,28.88,0.3,0,0,0,40.0,44.0,48.4,0.45,0.54,0.30
REDF,2019-11-08 17:35:00 EST,43.62218,-75.87769,1248,21.0,22.0,21.0,81.4,16.2,0.000,0.013,0.00,0.000,0.0,0.0,0.0,0,0,0.0,0.8,0.1,283,4,0.0,0.8,0.1,283,4,0,28.88,0.3,0,0,0,39.9,43.9,48.4,0.45,0.53,0.30
REDF,2019-11-08 17:40:00 EST,43.62218,-75.87769,1248,20.7,21.9,20.7,82.3,16.2,0.000,0.013,0.00,0.000,0.0,0.0,0.0,0,0,0.0,0.0,0.0,0,0,0.0,0.0,0.0,0,0,0,28.89,0.3,0,0,0,39.9,43.9,48.4,0.45,0.54,0.30
REDF,2019-11-08 17:45:00 EST,43.62218,-75.87769,1248,20.6,21.4,20.6,82.7,16.2,0.000,0.013,0.00,0.000,0.0,0.0,0.0,0,0,0.3,1.0,0.4,68,10,0.3,1.0,0.4,68,10,0,28.89,0.3,0,0,0,39.8,44.0,48.4,0.45,0.53,0.30
REDF,2019-11-08 17:50:00 EST,43.62218,-75.87769,1248,20.3,21.6,20.3,82.6,15.9,0.000,0.013,0.00,0.000,0.0,0.0,0.0,0,0,0.0,0.7,0.1,192,1,0.0,0.7,0.1,192,1,0,28.89,0.3,0,0,0,39.7,43.9,48.4,0.45,0.53,0.30
REDF,2019-11-08 17:55:00 EST,43.62218,-75.87769,1248,19.6,21.0,19.6,84.1,15.6,0.000,0.013,0.00,0.000,0.0,0.0,0.0,0,0,0.0,0.8,0.1,227,2,0.0,0.8,0.1,227,2,0,28.89,0.3,0,0,0,39.7,43.9,48.4,0.45,0.54,0.30
REDF,2019-11-08 18:00:00 EST,43.62218,-75.87769,1248,19.1,20.1,19.1,86.8,15.8,0.000,0.013,0.00,0.000,0.0,0.0,0.0,0,0,0.5,1.1,0.5,35,4,0.5,1.1,0.5,35,4,0,28.89,0.3,0,0,0,39.7,43.9,48.4,0.45,0.54,0.30
REDF,2019-11-08 18:05:00 EST,43.62218,-75.87769,1248,19.6,19.7,19.6,88.1,16.7,0.000,0.013,0.00,0.000,0.7,1.3,0.4,11,50,1.2,1.8,0.2,43,8,1.2,1.8,0.2,43,8,0,28.89,0.3,0,0,0,39.6,43.9,48.4,0.45,0.54,0.30
REDF,2019-11-08 18:10:00 EST,43.62218,-75.87769,1248,19.5,20.1,19.5,87.5,16.4,0.000,0.013,0.00,0.000,1.4,2.4,0.4,356,27,1.7,2.9,0.5,353,28,1.7,2.9,0.5,353,28,0,28.89,0.4,0,0,0,39.6,43.9,48.4,0.45,0.53,0.30
REDF,2019-11-08 18:15:00 EST,43.62218,-75.87769,1248,19.4,20.4,19.4,88.0,16.5,0.000,0.013,0.00,0.000,1.7,2.4,0.3,360,8,2.3,3.5,0.5,359,11,2.3,3.5,0.5,359,11,0,28.89,0.3,0,0,0,39.6,43.9,48.4,0.45,0.53,0.30
REDF,2019-11-08 18:20:00 EST,43.62218,-75.87769,1248,19.0,20.1,19.0,87.6,16.0,0.000,0.013,0.00,0.000,1.4,1.9,0.3,4,16,1.8,2.9,0.4,2,14,1.8,2.9,0.4,2,14,0,28.89,0.4,0,0,0,39.6,43.9,48.4,0.45,0.53,0.30
REDF,2019-11-08 18:25:00 EST,43.62218,-75.87769,1248,18.4,19.6,18.4,88.1,15.5,0.000,0.013,0.00,0.000,0.5,1.8,0.6,351,6,0.7,2.7,0.7,356,18,0.7,2.7,0.7,356,18,0,28.90,0.3,0,0,0,39.5,43.9,48.4,0.45,0.53,0.30
REDF,2019-11-08 18:30:00 EST,43.62218,-75.87769,1248,17.9,18.9,17.9,89.1,15.3,0.000,0.013,0.00,0.000,0.0,0.0,0.0,0,0,0.4,1.1,0.4,100,4,0.4,1.1,0.4,100,4,0,28.90,0.4,0,0,0,39.5,43.8,48.4,0.45,0.53,0.30
REDF,2019-11-08 18:35:00 EST,43.62218,-75.87769,1248,18.0,19.1,18.0,91.6,16.0,0.000,0.013,0.00,0.000,0.0,0.7,0.1,352,0,0.3,1.3,0.4,48,25,0.3,1.3,0.4,48,25,0,28.90,0.4,0,0,0,39.5,43.8,48.4,0.45,0.53,0.30
REDF,2019-11-08 18:40:00 EST,43.62218,-75.87769,1248,18.5,19.7,18.5,92.6,16.7,0.000,0.013,0.00,0.000,0.0,0.5,0.1,29,3,0.3,1.4,0.5,39,16,0.3,1.4,0.5,39,16,0,28.90,0.4,0,0,0,39.5,43.9,48.4,0.45,0.53,0.30
REDF,2019-11-08 18:45:00 EST,43.62218,-75.87769,1248,18.6,19.7,18.6,91.4,16.5,0.000,0.013,0.00,0.000,0.7,1.5,0.5,53,10,1.1,2.0,0.5,52,17,1.1,2.0,0.5,52,17,0,28.90,0.4,0,0,0,39.5,44.0,48.4,0.45,0.53,0.30
REDF,2019-11-08 18:50:00 EST,43.62218,-75.87769,1248,18.6,20.1,18.6,90.4,16.2,0.000,0.013,0.00,0.000,1.2,1.9,0.3,40,10,1.5,2.2,0.3,41,11,1.5,2.2,0.3,41,11,0,28.90,0.4,0,0,0,39.5,43.8,48.3,0.45,0.53,0.30
REDF,2019-11-08 18:55:00 EST,43.62218,-75.87769,1248,18.5,19.9,18.5,90.4,16.1,0.000,0.013,0.00,0.000,1.4,1.9,0.2,35,8,1.6,2.4,0.3,37,9,1.6,2.4,0.3,37,9,0,28.90,0.4,0,0,0,39.4,43.9,48.3,0.45,0.54,0.30
REDF,2019-11-08 19:00:00 EST,43.62218,-75.87769,1248,18.5,19.3,18.5,91.3,16.4,0.000,0.013,0.00,0.000,0.8,1.2,0.2,50,7,1.2,1.9,0.2,51,13,1.2,1.9,0.2,51,13,0,28.90,0.4,0,0,0,39.4,43.9,48.4,0.45,0.53,0.30
REDF,2019-11-08 19:05:00 EST,43.62218,-75.87769,1248,18.4,18.6,18.4,92.1,16.5,0.000,0.013,0.00,0.000,0.6,1.2,0.4,61,3,1.0,1.8,0.4,63,10,1.0,1.8,0.4,63,10,0,28.90,0.4,0,0,0,39.3,43.9,48.3,0.45,0.53,0.30
REDF,2019-11-08 19:10:00 EST,43.62218,-75.87769,1248,18.3,18.5,18.3,92.6,16.5,0.000,0.013,0.00,0.000,0.9,1.4,0.2,61,7,1.3,1.9,0.3,63,12,1.3,1.9,0.3,63,12,0,28.90,0.4,0,0,0,39.3,43.8,48.3,0.45,0.53,0.30
REDF,2019-11-08 19:15:00 EST,43.62218,-75.87769,1248,18.1,18.2,18.1,93.0,16.4,0.000,0.013,0.00,0.000,1.0,1.4,0.2,60,13,1.4,2.7,0.3,60,17,1.4,2.7,0.3,60,17,0,28.90,0.5,0,0,0,39.2,43.8,48.3,0.45,0.53,0.30
REDF,2019-11-08 19:20:00 EST,43.62218,-75.87769,1248,18.1,18.4,18.1,93.5,16.6,0.000,0.013,0.00,0.000,1.0,2.3,0.4,31,19,1.4,3.3,0.5,26,20,1.4,3.3,0.5,26,20,0,28.90,0.5,0,0,0,39.2,43.9,48.3,0.45,0.53,0.30
REDF,2019-11-08 19:25:00 EST,43.62218,-75.87769,1248,18.3,19.2,18.3,94.1,16.9,0.000,0.013,0.00,0.000,1.8,2.7,0.4,18,14,2.2,3.8,0.7,15,15,2.2,3.8,0.7,15,15,0,28.90,0.4,0,0,0,39.3,43.9,48.3,0.45,0.53,0.30
REDF,2019-11-08 19:30:00 EST,43.62218,-75.87769,1248,18.3,19.5,18.3,93.7,16.8,0.000,0.013,0.00,0.000,1.2,3.8,1.1,16,11,1.6,4.1,1.3,16,24,1.6,4.1,1.3,16,24,0,28.90,0.4,0,0,0,39.2,43.9,48.2,0.45,0.53,0.30
REDF,2019-11-08 19:35:00 EST,43.62218,-75.87769,1248,17.3,18.0,17.3,92.1,15.4,0.000,0.013,0.00,0.000,2.5,5.9,1.9,188,6,3.0,7.0,1.8,183,6,3.0,7.0,1.8,183,6,0,28.90,0.4,0,0,0,39.2,43.8,48.3,0.45,0.53,0.30
REDF,2019-11-08 19:40:00 EST,43.62218,-75.87769,1248,17.0,17.0,10.4,93.3,15.3,0.000,0.013,0.00,0.000,3.7,5.7,1.0,171,13,4.2,6.1,1.1,169,11,4.2,6.1,1.1,169,11,0,28.90,0.4,0,0,0,39.2,43.8,48.3,0.45,0.53,0.30
REDF,2019-11-08 19:45:00 EST,43.62218,-75.87769,1248,17.1,17.4,11.7,94.5,15.8,0.000,0.013,0.00,0.000,3.3,4.9,0.8,124,18,3.4,5.6,0.9,122,19,3.4,5.6,0.9,122,19,0,28.90,0.4,0,0,0,39.2,43.8,48.2,0.45,0.53,0.30
REDF,2019-11-08 19:50:00 EST,43.62218,-75.87769,1248,17.7,18.5,17.7,94.4,16.4,0.000,0.013,0.00,0.000,2.0,3.4,0.6,105,27,2.3,4.1,0.6,102,28,2.3,4.1,0.6,102,28,0,28.90,0.5,0,0,0,39.2,43.8,48.2,0.45,0.54,0.30
REDF,2019-11-08 19:55:00 EST,43.62218,-75.87769,1248,16.7,18.6,16.7,92.3,14.8,0.000,0.013,0.00,0.000,1.4,3.4,1.1,31,51,1.9,3.9,1.2,45,58,1.9,3.9,1.2,45,58,0,28.90,0.5,0,0,0,39.2,43.9,48.2,0.45,0.54,0.30
REDF,2019-11-08 20:00:00 EST,43.62218,-75.87769,1248,16.7,18.7,16.7,93.1,15.1,0.000,0.013,0.00,0.000,2.5,4.3,1.1,259,71,3.0,4.8,1.1,271,72,3.0,4.8,1.1,271,72,0,28.90,0.5,0,0,0,39.2,43.9,48.2,0.45,0.53,0.30
REDF,2019-11-08 20:05:00 EST,43.62218,-75.87769,1248,16.7,18.5,16.7,94.2,15.3,0.000,0.013,0.00,0.000,1.4,4.2,1.3,177,37,1.9,5.0,1.3,183,53,1.9,5.0,1.3,183,53,0,28.90,0.3,0,0,0,39.1,43.9,48.2,0.45,0.53,0.30
REDF,2019-11-08 20:10:00 EST,43.62218,-75.87769,1248,16.5,17.3,16.5,94.2,15.2,0.000,0.013,0.00,0.000,0.5,2.1,0.7,248,4,0.9,2.6,0.7,257,22,0.9,2.6,0.7,257,22,0,28.91,0.5,0,0,0,39.1,43.9,48.2,0.45,0.53,0.30
REDF,2019-11-08 20:15:00 EST,43.62218,-75.87769,1248,16.8,17.4,16.8,95.4,15.8,0.000,0.013,0.00,0.000,0.2,1.0,0.3,252,0,0.7,1.6,0.5,75,11,0.7,1.6,0.5,75,11,0,28.91,0.5,0,0,0,39.1,43.9,48.2,0.45,0.53,0.30
REDF,2019-11-08 20:20:00 EST,43.62218,-75.87769,1248,17.1,17.3,17.1,95.4,16.0,0.000,0.013,0.00,0.000,0.9,1.6,0.4,27,57,1.3,1.9,0.3,50,8,1.3,1.9,0.3,50,8,0,28.91,0.4,0,0,0,39.1,43.9,48.2,0.45,0.53,0.30
REDF,2019-11-08 20:25:00 EST,43.62218,-75.87769,1248,16.9,17.2,16.9,94.8,15.7,0.000,0.013,0.00,0.000,1.4,2.3,0.3,82,28,1.7,2.9,0.4,84,29,1.7,2.9,0.4,84,29,0,28.90,0.5,0,0,0,39.1,43.8,48.2,0.44,0.53,0.30
REDF,2019-11-08 20:30:00 EST,43.62218,-75.87769,1248,17.0,18.2,17.0,95.1,15.8,0.000,0.013,0.00,0.000,1.3,2.2,0.3,91,27,1.6,2.7,0.3,88,27,1.6,2.7,0.3,88,27,0,28.90,0.5,0,0,0,39.0,43.8,48.2,0.45,0.53,0.30
REDF,2019-11-08 20:35:00 EST,43.62218,-75.87769,1248,16.8,17.2,16.8,94.5,15.5,0.000,0.013,0.00,0.000,1.8,2.3,0.3,85,9,2.2,2.9,0.3,85,11,2.2,2.9,0.3,85,11,0,28.90,0.5,0,0,0,39.0,43.8,48.2,0.45,0.53,0.30
REDF,2019-11-08 20:40:00 EST,43.62218,-75.87769,1248,16.9,17.5,16.9,94.6,15.6,0.000,0.013,0.00,0.000,1.8,2.4,0.3,86,9,2.2,3.2,0.3,84,12,2.2,3.2,0.3,84,12,0,28.90,0.5,0,0,0,39.0,43.9,48.2,0.45,0.53,0.30
REDF,2019-11-08 20:45:00 EST,43.62218,-75.87769,1248,16.5,16.7,16.5,94.3,15.2,0.000,0.013,0.00,0.000,1.2,1.7,0.2,70,6,1.6,2.4,0.3,66,8,1.6,2.4,0.3,66,8,0,28.90,0.5,0,0,0,39.0,43.8,48.2,0.45,0.53,0.30
REDF,2019-11-08 20:50:00 EST,43.62218,-75.87769,1248,16.1,16.6,16.1,93.8,14.6,0.000,0.013,0.00,0.000,1.2,2.3,0.3,76,13,1.6,2.7,0.3,75,16,1.6,2.7,0.3,75,16,0,28.90,0.5,0,0,0,38.9,43.8,48.2,0.45,0.53,0.30
REDF,2019-11-08 20:55:00 EST,43.62218,-75.87769,1248,16.0,16.7,16.0,94.1,14.6,0.000,0.013,0.00,0.000,1.0,2.6,0.7,144,48,1.4,2.8,0.6,155,50,1.4,2.8,0.6,155,50,0,28.90,0.4,0,0,0,38.9,43.8,48.2,0.44,0.53,0.30
REDF,2019-11-08 21:00:00 EST,43.62218,-75.87769,1248,15.6,16.0,15.6,93.7,14.1,0.000,0.013,0.00,0.000,0.7,1.4,0.5,128,52,1.2,2.0,0.4,135,57,1.2,2.0,0.4,135,57,0,28.91,0.6,0,0,0,38.9,43.8,48.2,0.45,0.53,0.30
REDF,2019-11-08 21:05:00 EST,43.62218,-75.87769,1248,16.5,16.5,16.5,95.2,15.3,0.000,0.013,0.00,0.000,0.4,1.5,0.4,68,3,0.8,1.8,0.5,72,19,0.8,1.8,0.5,72,19,0,28.91,0.6,0,0,0,38.8,43.8,48.2,0.45,0.53,0.30
REDF,2019-11-08 21:10:00 EST,43.62218,-75.87769,1248,17.3,18.1,17.3,96.4,16.5,0.000,0.013,0.00,0.000,2.4,5.6,1.1,113,15,2.7,5.3,1.0,111,16,2.7,5.3,1.0,111,16,0,28.91,0.6,0,0,0,38.8,43.8,48.2,0.45,0.53,0.30
REDF,2019-11-08 21:15:00 EST,43.62218,-75.87769,1248,18.9,19.2,18.9,97.8,18.4,0.000,0.013,0.00,0.000,2.6,3.9,0.8,114,18,2.8,4.6,0.8,111,18,2.8,4.6,0.8,111,18,0,28.91,0.6,0,0,0,38.8,43.8,48.2,0.44,0.53,0.30
REDF,2019-11-08 21:20:00 EST,43.62218,-75.87769,1248,19.5,19.4,19.5,97.8,19.0,0.000,0.013,0.00,0.000,2.2,3.9,0.9,116,16,2.5,4.4,0.8,115,18,2.5,4.4,0.8,115,18,0,28.91,0.6,0,0,0,38.8,43.8,48.2,0.45,0.53,0.30
REDF,2019-11-08 21:25:00 EST,43.62218,-75.87769,1248,19.8,19.5,19.8,97.7,19.3,0.000,0.013,0.00,0.000,1.5,3.4,0.8,124,26,1.9,3.7,0.7,119,26,1.9,3.7,0.7,119,26,0,28.91,0.6,0,0,0,38.7,43.8,48.2,0.45,0.53,0.30
REDF,2019-11-08 21:30:00 EST,43.62218,-75.87769,1248,20.3,19.9,20.3,98.2,19.8,0.000,0.013,0.00,0.000,2.1,4.2,0.9,136,22,2.4,5.1,0.9,133,23,2.4,5.1,0.9,133,23,0,28.91,0.6,0,0,0,38.7,43.8,48.2,0.45,0.53,0.30
REDF,2019-11-08 21:35:00 EST,43.62218,-75.87769,1248,20.5,20.0,20.5,98.7,20.2,0.000,0.013,0.00,0.000,2.2,4.0,1.0,103,18,2.7,4.8,1.0,102,23,2.7,4.8,1.0,102,23,0,28.91,0.6,0,0,0,38.8,43.8,48.2,0.45,0.53,0.30
REDF,2019-11-08 21:40:00 EST,43.62218,-75.87769,1248,20.6,20.1,20.6,98.2,20.2,0.000,0.013,0.00,0.000,1.2,2.7,0.8,148,35,1.7,4.6,0.8,140,40,1.7,4.6,0.8,140,40,0,28.91,0.5,0,0,0,38.7,43.8,48.2,0.45,0.53,0.30
REDF,2019-11-08 21:45:00 EST,43.62218,-75.87769,1248,20.9,20.4,20.9,98.0,20.4,0.000,0.013,0.00,0.000,1.2,2.8,0.9,125,24,1.6,3.5,0.8,122,30,1.6,3.5,0.8,122,30,0,28.91,0.6,0,0,0,38.7,43.8,48.2,0.44,0.53,0.30
REDF,2019-11-08 21:50:00 EST,43.62218,-75.87769,1248,21.1,20.6,21.1,97.9,20.6,0.000,0.013,0.00,0.000,0.8,1.8,0.6,95,15,1.2,2.4,0.7,96,24,1.2,2.4,0.7,96,24,0,28.91,0.6,0,0,0,38.7,43.8,48.2,0.44,0.53,0.30
REDF,2019-11-08 21:55:00 EST,43.62218,-75.87769,1248,21.2,20.6,21.2,97.6,20.6,0.000,0.013,0.00,0.000,0.8,2.0,0.5,177,54,1.4,3.2,0.5,166,58,1.4,3.2,0.5,166,58,0,28.91,0.6,0,0,0,38.7,43.7,48.2,0.45,0.53,0.30
REDF,2019-11-08 22:00:00 EST,43.62218,-75.87769,1248,21.4,21.0,21.4,97.7,20.9,0.000,0.013,0.00,0.000,2.2,3.7,0.8,121,22,2.5,4.9,0.8,121,23,2.5,4.9,0.8,121,23,0,28.91,0.6,0,0,0,38.6,43.8,48.2,0.44,0.53,0.30
REDF,2019-11-08 22:05:00 EST,43.62218,-75.87769,1248,21.6,21.1,21.6,97.5,21.0,0.000,0.013,0.00,0.000,1.4,3.2,0.8,114,20,1.8,3.5,0.7,113,22,1.8,3.5,0.7,113,22,0,28.91,0.6,0,0,0,38.6,43.7,48.2,0.45,0.53,0.30
REDF,2019-11-08 22:10:00 EST,43.62218,-75.87769,1248,21.7,21.2,21.7,97.5,21.1,0.000,0.013,0.00,0.000,1.5,2.9,0.6,141,22,1.7,3.3,0.6,139,23,1.7,3.3,0.6,139,23,0,28.91,0.6,0,0,0,38.5,43.7,48.2,0.44,0.53,0.30
REDF,2019-11-08 22:15:00 EST,43.62218,-75.87769,1248,21.7,21.2,21.7,97.2,21.1,0.000,0.013,0.00,0.000,1.5,2.9,0.7,128,21,1.9,3.6,0.6,124,20,1.9,3.6,0.6,124,20,0,28.90,0.6,0,0,0,38.6,43.8,48.2,0.44,0.53,0.30
REDF,2019-11-08 22:20:00 EST,43.62218,-75.87769,1248,21.7,21.2,21.7,97.1,21.0,0.000,0.013,0.00,0.000,1.1,3.4,0.9,143,22,1.5,3.9,0.8,134,25,1.5,3.9,0.8,134,25,0,28.90,0.6,0,0,0,38.5,43.7,48.2,0.44,0.53,0.30
REDF,2019-11-08 22:25:00 EST,43.62218,-75.87769,1248,21.7,21.2,21.7,96.9,21.0,0.000,0.013,0.00,0.000,1.3,3.3,0.8,156,19,1.6,4.2,0.9,153,19,1.6,4.2,0.9,153,19,0,28.90,0.6,0,0,0,38.5,43.7,48.2,0.45,0.53,0.30
REDF,2019-11-08 22:30:00 EST,43.62218,-75.87769,1248,21.8,21.3,21.8,96.8,21.0,0.000,0.013,0.00,0.000,1.6,3.3,0.7,151,28,2.0,3.7,0.8,148,28,2.0,3.7,0.8,148,28,0,28.90,0.6,0,0,0,38.5,43.8,48.2,0.45,0.53,0.30
REDF,2019-11-08 22:35:00 EST,43.62218,-75.87769,1248,21.7,21.2,21.7,96.8,21.0,0.000,0.013,0.00,0.000,2.7,4.2,0.7,147,13,2.9,4.6,0.7,144,13,2.9,4.6,0.7,144,13,0,28.90,0.6,0,0,0,38.5,43.7,48.2,0.44,0.53,0.30
REDF,2019-11-08 22:40:00 EST,43.62218,-75.87769,1248,21.7,21.2,21.7,96.7,20.9,0.000,0.013,0.00,0.000,1.8,3.1,0.8,143,20,2.1,5.1,0.9,143,21,2.1,5.1,0.9,143,21,0,28.90,0.6,0,0,0,38.5,43.7,48.2,0.45,0.53,0.30
REDF,2019-11-08 22:45:00 EST,43.62218,-75.87769,1248,21.7,21.2,21.7,96.6,20.9,0.000,0.013,0.00,0.000,1.4,2.9,0.7,155,21,2.0,4.3,0.8,154,24,2.0,4.3,0.8,154,24,0,28.90,0.6,0,0,0,38.4,43.7,48.2,0.45,0.53,0.30
REDF,2019-11-08 22:50:00 EST,43.62218,-75.87769,1248,21.5,21.1,21.5,96.3,20.6,0.000,0.013,0.00,0.000,2.9,4.3,0.8,138,16,3.0,4.8,0.7,136,15,3.0,4.8,0.7,136,15,0,28.90,0.6,0,0,0,38.4,43.7,48.2,0.44,0.53,0.30
REDF,2019-11-08 22:55:00 EST,43.62218,-75.87769,1248,21.3,21.1,21.3,96.1,20.4,0.000,0.013,0.00,0.000,2.5,4.3,0.6,130,12,2.5,4.9,0.7,128,14,2.5,4.9,0.7,128,14,0,28.90,0.6,0,0,0,38.4,43.7,48.2,0.44,0.53,0.30
REDF,2019-11-08 23:00:00 EST,43.62218,-75.87769,1248,21.4,21.1,21.4,96.3,20.5,0.000,0.013,0.00,0.000,2.5,4.6,0.8,125,12,2.7,5.1,0.9,124,12,2.7,5.1,0.9,124,12,0,28.90,0.6,0,0,0,38.4,43.7,48.2,0.45,0.53,0.30
REDF,2019-11-08 23:05:00 EST,43.62218,-75.87769,1248,21.4,21.1,21.4,96.2,20.5,0.000,0.013,0.00,0.000,1.9,4.6,0.9,135,16,2.1,4.3,0.7,133,17,2.1,4.3,0.7,133,17,0,28.90,0.6,0,0,0,38.3,43.7,48.2,0.44,0.53,0.30
REDF,2019-11-08 23:10:00 EST,43.62218,-75.87769,1248,21.6,21.2,21.6,96.3,20.7,0.000,0.013,0.00,0.000,2.0,5.3,0.9,130,24,2.4,5.4,1.0,129,22,2.4,5.4,1.0,129,22,0,28.90,0.6,0,0,0,38.3,43.7,48.2,0.44,0.53,0.30
REDF,2019-11-08 23:15:00 EST,43.62218,-75.87769,1248,21.8,21.3,21.8,96.4,20.9,0.000,0.013,0.00,0.000,1.7,3.9,0.9,136,23,2.2,4.7,1.0,132,24,2.2,4.7,1.0,132,24,0,28.90,0.6,0,0,0,38.3,43.7,48.2,0.44,0.53,0.30
REDF,2019-11-08 23:20:00 EST,43.62218,-75.87769,1248,21.9,21.4,16.5,96.4,21.0,0.000,0.013,0.00,0.000,3.7,6.1,1.3,144,21,3.9,6.5,1.2,144,21,3.9,6.5,1.2,144,21,0,28.90,0.6,0,0,0,38.4,43.6,48.2,0.45,0.53,0.30
REDF,2019-11-08 23:25:00 EST,43.62218,-75.87769,1248,22.0,21.4,22.0,96.4,21.1,0.000,0.013,0.00,0.000,2.5,3.9,0.7,170,17,2.8,4.6,0.8,164,17,2.8,4.6,0.8,164,17,0,28.90,0.6,0,0,0,38.3,43.7,48.2,0.44,0.53,0.30
REDF,2019-11-08 23:30:00 EST,43.62218,-75.87769,1248,21.9,21.4,16.9,96.4,21.1,0.000,0.013,0.00,0.000,3.2,6.1,1.6,150,27,3.6,7.0,1.7,146,28,3.6,7.0,1.7,146,28,0,28.90,0.6,0,0,0,38.3,43.7,48.2,0.44,0.53,0.30
REDF,2019-11-08 23:35:00 EST,43.62218,-75.87769,1248,21.9,21.4,16.9,96.5,21.1,0.000,0.013,0.00,0.000,3.3,6.1,0.9,140,27,3.7,6.0,0.9,138,28,3.7,6.0,0.9,138,28,0,28.89,0.6,0,0,0,38.3,43.7,48.2,0.44,0.53,0.30
REDF,2019-11-08 23:40:00 EST,43.62218,-75.87769,1248,22.0,21.4,22.0,96.6,21.2,0.000,0.013,0.00,0.000,2.0,4.2,0.9,163,20,2.5,4.9,0.9,160,21,2.5,4.9,0.9,160,21,0,28.89,0.6,0,0,0,38.3,43.7,48.2,0.44,0.53,0.30
REDF,2019-11-08 23:45:00 EST,43.62218,-75.87769,1248,22.0,21.4,17.2,96.6,21.2,0.000,0.013,0.00,0.000,3.2,4.5,0.6,158,19,3.5,5.3,0.8,155,19,3.5,5.3,0.8,155,19,0,28.89,0.6,0,0,0,38.3,43.6,48.2,0.44,0.53,0.30
REDF,2019-11-08 23:50:00 EST,43.62218,-75.87769,1248,22.1,21.5,22.1,96.8,21.3,0.000,0.013,0.00,0.000,1.8,4.4,1.0,156,23,2.4,4.7,0.9,152,25,2.4,4.7,0.9,152,25,0,28.89,0.6,0,0,0,38.3,43.7,48.2,0.44,0.53,0.30
REDF,2019-11-08 23:55:00 EST,43.62218,-75.87769,1248,22.0,21.5,16.8,96.8,21.3,0.000,0.013,0.00,0.000,3.4,5.3,0.8,188,15,3.8,5.8,0.9,184,14,3.8,5.8,0.9,184,14,0,28.90,0.6,0,0,0,38.3,43.6,48.2,0.44,0.53,0.30
REDH,2019-11-08 00:00:00 EST,42.00168,-73.88391,213,33.7,34.1,26.6,64.5,23.0,0.000,0.444,0.00,0.000,7.4,12.3,1.8,1,23,8.6,13.5,2.2,360,16,8.6,13.5,2.2,360,16,0,29.83,-0.0,0,0,0,45.2,49.5,51.8,0.21,0.22,0.30
REDH,2019-11-08 00:05:00 EST,42.00168,-73.88391,213,33.7,34.0,27.1,63.5,22.6,0.000,0.000,0.00,0.000,6.7,10.1,1.4,5,21,7.7,12.2,1.8,2,15,7.7,12.2,1.8,2,15,0,29.82,-0.0,0,0,0,45.1,49.5,51.8,0.21,0.22,0.30
REDH,2019-11-08 00:10:00 EST,42.00168,-73.88391,213,33.5,33.8,27.5,64.3,22.7,0.000,0.000,0.00,0.000,5.9,11.1,1.9,7,16,6.6,14.5,2.2,6,14,6.6,14.5,2.2,6,14,0,29.83,-0.0,0,0,0,45.1,49.5,51.8,0.21,0.22,0.30
REDH,2019-11-08 00:15:00 EST,42.00168,-73.88391,213,33.3,33.6,26.9,65.5,23.0,0.000,0.000,0.00,0.000,6.3,10.4,1.8,11,20,7.3,12.5,2.1,9,16,7.3,12.5,2.1,9,16,0,29.83,-0.1,0,0,0,45.1,49.4,51.8,0.21,0.22,0.30
REDH,2019-11-08 00:20:00 EST,42.00168,-73.88391,213,33.1,33.5,26.4,66.4,23.1,0.000,0.000,0.00,0.000,6.7,11.1,1.6,1,21,7.7,12.2,1.7,1,10,7.7,12.2,1.7,1,10,0,29.83,-0.0,0,0,0,45.1,49.3,51.8,0.21,0.22,0.30
REDH,2019-11-08 00:25:00 EST,42.00168,-73.88391,213,32.9,33.3,26.0,66.7,23.0,0.000,0.000,0.00,0.000,6.9,12.6,2.0,3,15,7.9,14.4,2.4,3,11,7.9,14.4,2.4,3,11,0,29.83,-0.1,0,0,0,45.1,49.3,51.8,0.21,0.22,0.30
REDH,2019-11-08 00:30:00 EST,42.00168,-73.88391,213,32.7,33.1,26.7,68.5,23.4,0.000,0.000,0.00,0.000,5.5,10.2,2.2,6,18,6.4,13.0,2.3,4,14,6.4,13.0,2.3,4,14,0,29.83,-0.0,0,0,0,45.0,49.3,51.8,0.21,0.22,0.30
REDH,2019-11-08 00:35:00 EST,42.00168,-73.88391,213,32.6,33.0,27.8,67.3,23.0,0.000,0.000,0.00,0.000,4.2,7.8,1.6,3,19,4.9,9.8,1.8,3,16,4.9,9.8,1.8,3,16,0,29.83,-0.0,0,0,0,45.0,49.3,51.8,0.21,0.22,0.30
REDH,2019-11-08 00:40:00 EST,42.00168,-73.88391,213,32.3,32.7,25.2,68.4,23.1,0.000,0.000,0.00,0.000,6.9,12.9,2.3,358,17,8.0,16.6,2.7,357,12,8.0,16.6,2.7,357,12,0,29.83,-0.1,0,0,0,45.0,49.3,51.8,0.21,0.22,0.30
REDH,2019-11-08 00:45:00 EST,42.00168,-73.88391,213,32.1,32.6,25.4,68.2,22.8,0.000,0.000,0.00,0.000,6.6,9.6,1.3,358,16,7.4,12.1,1.7,358,10,7.4,12.1,1.7,358,10,0,29.82,-0.0,0,0,0,45.0,49.3,51.8,0.21,0.22,0.30
REDH,2019-11-08 00:50:00 EST,42.00168,-73.88391,213,32.0,32.5,24.6,67.4,22.4,0.000,0.000,0.00,0.000,7.1,13.2,2.5,3,19,8.4,16.4,3.4,3,11,8.4,16.4,3.4,3,11,0,29.83,-0.0,0,0,0,45.0,49.3,51.8,0.21,0.22,0.30
REDH,2019-11-08 00:55:00 EST,42.00168,-73.88391,213,32.2,32.6,24.6,64.2,21.5,0.000,0.000,0.00,0.000,7.6,13.3,2.4,6,21,8.8,15.5,2.6,6,18,8.8,15.5,2.6,6,18,0,29.82,-0.1,0,0,0,45.0,49.3,51.8,0.21,0.22,0.30
REDH,2019-11-08 01:00:00 EST,42.00168,-73.88391,213,31.7,32.2,25.6,65.7,21.5,0.000,0.000,0.00,0.000,5.7,9.6,1.5,355,18,6.4,11.2,1.7,353,16,6.4,11.2,1.7,353,16,0,29.83,-0.0,0,0,0,44.8,49.3,51.8,0.21,0.22,0.30
REDH,2019-11-08 01:05:00 EST,42.00168,-73.88391,213,31.8,32.3,23.7,64.3,21.1,0.000,0.000,0.00,0.000,8.5,15.1,2.2,357,19,9.6,16.2,2.7,358,14,9.6,16.2,2.7,358,14,0,29.83,0.1,0,0,0,44.8,49.3,51.8,0.21,0.22,0.30
REDH,2019-11-08 01:10:00 EST,42.00168,-73.88391,213,31.9,32.4,23.5,61.7,20.3,0.000,0.000,0.00,0.000,9.1,16.9,2.7,1,28,10.3,18.6,3.1,1,21,10.3,18.6,3.1,1,21,0,29.83,-0.0,0,0,0,44.8,49.3,51.8,0.21,0.22,0.30
REDH,2019-11-08 01:15:00 EST,42.00168,-73.88391,213,31.8,32.3,21.8,60.2,19.6,0.000,0.000,0.00,0.000,12.4,21.3,3.1,347,25,13.8,24.3,3.4,349,15,13.8,24.3,3.4,349,15,0,29.83,-0.1,0,0,0,44.8,49.3,51.8,0.21,0.22,0.30
REDH,2019-11-08 01:20:00 EST,42.00168,-73.88391,213,32.0,32.4,21.2,57.3,18.6,0.000,0.000,0.00,0.000,14.5,22.7,2.6,344,22,16.0,25.7,3.0,347,9,16.0,25.7,3.0,347,9,0,29.83,-0.1,0,0,0,44.7,49.3,51.8,0.21,0.22,0.30
REDH,2019-11-08 01:25:00 EST,42.00168,-73.88391,213,31.6,32.1,22.1,57.8,18.4,0.000,0.000,0.00,0.000,11.5,18.8,2.6,329,13,12.3,20.4,2.8,331,13,12.3,20.4,2.8,331,13,0,29.83,-0.1,0,0,0,44.6,49.3,51.8,0.21,0.22,0.30
REDH,2019-11-08 01:30:00 EST,42.00168,-73.88391,213,31.2,31.7,23.6,59.2,18.6,0.000,0.000,0.00,0.000,7.5,11.1,1.3,340,17,8.4,12.3,1.5,341,12,8.4,12.3,1.5,341,12,0,29.83,-0.1,0,0,0,44.6,49.3,51.8,0.21,0.22,0.30
REDH,2019-11-08 01:35:00 EST,42.00168,-73.88391,213,31.1,31.6,23.0,59.9,18.7,0.000,0.000,0.00,0.000,8.0,14.2,2.1,348,17,9.2,15.9,2.3,348,10,9.2,15.9,2.3,348,10,0,29.83,-0.1,0,0,0,44.6,49.3,51.8,0.21,0.22,0.30
REDH,2019-11-08 01:40:00 EST,42.00168,-73.88391,213,30.6,31.3,23.4,61.1,18.8,0.000,0.000,0.00,0.000,6.7,11.0,1.6,353,19,7.6,11.7,1.9,352,12,7.6,11.7,1.9,352,12,0,29.83,-0.1,0,0,0,44.4,49.3,51.8,0.21,0.22,0.30
REDH,2019-11-08 01:45:00 EST,42.00168,-73.88391,213,30.4,31.3,23.6,61.4,18.7,0.000,0.000,0.00,0.000,6.3,10.2,1.9,351,12,7.0,10.9,2.0,351,11,7.0,10.9,2.0,351,11,0,29.83,-0.2,0,0,0,44.4,49.3,51.8,0.21,0.22,0.30
REDH,2019-11-08 01:50:00 EST,42.00168,-73.88391,213,29.9,30.9,24.1,63.8,19.1,0.000,0.000,0.00,0.000,4.8,9.7,2.1,354,20,5.5,12.9,2.4,353,12,5.5,12.9,2.4,353,12,0,29.83,-0.0,0,0,0,44.3,49.3,51.8,0.21,0.22,0.30
REDH,2019-11-08 01:55:00 EST,42.00168,-73.88391,213,30.2,30.9,22.7,60.8,18.3,0.000,0.000,0.00,0.000,6.7,10.9,2.1,355,15,7.9,12.3,2.0,357,13,7.9,12.3,2.0,357,13,0,29.83,-0.1,0,0,0,44.1,49.3,51.8,0.21,0.22,0.30
REDH,2019-11-08 02:00:00 EST,42.00168,-73.88391,213,30.2,30.9,21.1,58.7,17.4,0.000,0.000,0.00,0.000,9.0,15.9,2.2,350,17,10.6,17.8,2.7,352,13,10.6,17.8,2.7,352,13,0,29.84,-0.0,0,0,0,44.1,49.2,51.8,0.21,0.22,0.30
REDH,2019-11-08 02:05:00 EST,42.00168,-73.88391,213,30.1,30.9,22.5,56.8,16.6,0.000,0.000,0.00,0.000,7.2,12.9,2.0,356,15,8.2,14.8,2.5,356,13,8.2,14.8,2.5,356,13,0,29.83,-0.1,0,0,0,44.0,49.1,51.8,0.21,0.22,0.30
REDH,2019-11-08 02:10:00 EST,42.00168,-73.88391,213,29.9,30.6,21.5,57.4,16.7,0.000,0.000,0.00,0.000,8.2,15.1,3.3,3,23,9.4,17.8,3.9,1,15,9.4,17.8,3.9,1,15,0,29.83,-0.1,0,0,0,43.9,49.1,51.8,0.21,0.22,0.30
REDH,2019-11-08 02:15:00 EST,42.00168,-73.88391,213,30.0,30.6,21.0,56.4,16.3,0.000,0.000,0.00,0.000,9.1,14.6,2.2,5,16,10.4,16.8,2.7,4,15,10.4,16.8,2.7,4,15,0,29.84,-0.0,0,0,0,43.9,49.1,51.8,0.21,0.22,0.30
REDH,2019-11-08 02:20:00 EST,42.00168,-73.88391,213,29.8,30.5,21.7,56.9,16.4,0.000,0.000,0.00,0.000,7.8,12.9,2.2,4,16,8.9,14.6,2.6,1,11,8.9,14.6,2.6,1,11,0,29.83,-0.1,0,0,0,43.8,49.1,51.8,0.21,0.22,0.30
REDH,2019-11-08 02:25:00 EST,42.00168,-73.88391,213,29.7,30.3,22.1,57.3,16.5,0.000,0.000,0.00,0.000,6.9,9.6,1.6,5,18,8.1,14.1,2.1,3,12,8.1,14.1,2.1,3,12,0,29.83,-0.1,0,0,0,43.7,49.1,51.8,0.21,0.22,0.30
REDH,2019-11-08 02:30:00 EST,42.00168,-73.88391,213,29.2,29.7,23.7,60.2,17.1,0.000,0.000,0.00,0.000,4.2,9.0,1.6,12,20,5.1,13.0,1.8,10,18,5.1,13.0,1.8,10,18,0,29.83,-0.1,0,0,0,43.7,49.1,51.8,0.21,0.22,0.30
REDH,2019-11-08 02:35:00 EST,42.00168,-73.88391,213,29.0,29.7,22.6,61.3,17.4,0.000,0.000,0.00,0.000,5.3,9.1,1.9,6,17,6.1,10.8,2.2,5,13,6.1,10.8,2.2,5,13,0,29.83,-0.1,0,0,0,43.6,49.1,51.8,0.21,0.22,0.30
REDH,2019-11-08 02:40:00 EST,42.00168,-73.88391,213,28.8,29.4,23.9,62.6,17.6,0.000,0.000,0.00,0.000,3.6,9.4,2.0,5,21,4.4,10.9,2.1,3,17,4.4,10.9,2.1,3,17,0,29.83,-0.0,0,0,0,43.5,49.1,51.8,0.21,0.22,0.30
REDH,2019-11-08 02:45:00 EST,42.00168,-73.88391,213,28.8,29.4,23.6,62.8,17.7,0.000,0.000,0.00,0.000,4.0,8.5,1.3,5,17,4.7,9.6,1.5,4,14,4.7,9.6,1.5,4,14,0,29.83,-0.0,0,0,0,43.5,49.1,51.8,0.21,0.22,0.30
REDH,2019-11-08 02:50:00 EST,42.00168,-73.88391,213,28.6,29.3,24.0,63.3,17.7,0.000,0.000,0.00,0.000,3.3,5.6,1.2,4,25,4.1,7.5,1.3,2,18,4.1,7.5,1.3,2,18,0,29.83,-0.1,0,0,0,43.5,49.1,51.8,0.21,0.22,0.30
REDH,2019-11-08 02:55:00 EST,42.00168,-73.88391,213,28.4,29.3,23.9,63.5,17.6,0.000,0.000,0.00,0.000,3.5,6.6,1.3,358,20,4.0,8.5,1.5,359,17,4.0,8.5,1.5,359,17,0,29.84,-0.0,0,0,0,43.4,49.1,51.8,0.21,0.22,0.30
REDH,2019-11-08 03:00:00 EST,42.00168,-73.88391,213,28.5,29.1,24.1,63.8,17.8,0.000,0.000,0.00,0.000,3.4,5.6,1.4,355,16,3.9,7.4,1.6,355,17,3.9,7.4,1.6,355,17,0,29.83,-0.1,0,0,0,43.3,49.1,51.8,0.21,0.22,0.30
REDH,2019-11-08 03:05:00 EST,42.00168,-73.88391,213,28.4,29.1,22.9,63.8,17.7,0.000,0.000,0.00,0.000,4.3,7.4,1.0,344,11,4.9,8.2,1.1,344,9,4.9,8.2,1.1,344,9,0,29.83,-0.1,0,0,0,43.2,49.1,51.8,0.21,0.22,0.30
REDH,2019-11-08 03:10:00 EST,42.00168,-73.88391,213,28.0,29.0,23.2,64.9,17.7,0.000,0.000,0.00,0.000,3.7,5.6,1.0,340,12,4.2,7.1,1.3,340,12,4.2,7.1,1.3,340,12,0,29.83,-0.0,0,0,0,43.2,49.1,51.8,0.21,0.22,0.30
REDH,2019-11-08 03:15:00 EST,42.00168,-73.88391,213,28.0,29.0,23.1,64.9,17.7,0.000,0.000,0.00,0.000,3.7,6.9,1.1,351,14,4.3,8.2,1.3,352,12,4.3,8.2,1.3,352,12,0,29.83,-0.0,0,0,0,43.2,49.1,51.8,0.21,0.22,0.30
REDH,2019-11-08 03:20:00 EST,42.00168,-73.88391,213,28.2,29.0,21.6,64.2,17.7,0.000,0.000,0.00,0.000,5.4,11.3,2.1,352,19,6.1,13.2,2.6,354,16,6.1,13.2,2.6,354,16,0,29.82,-0.1,0,0,0,43.2,49.0,51.8,0.21,0.22,0.30
REDH,2019-11-08 03:25:00 EST,42.00168,-73.88391,213,28.2,29.1,20.8,64.0,17.5,0.000,0.000,0.00,0.000,6.1,9.9,1.3,355,13,7.0,11.3,1.7,355,12,7.0,11.3,1.7,355,12,0,29.82,-0.1,0,0,0,43.1,48.7,51.8,0.21,0.22,0.30
REDH,2019-11-08 03:30:00 EST,42.00168,-73.88391,213,28.0,28.9,21.6,63.6,17.3,0.000,0.000,0.00,0.000,5.2,9.3,1.4,356,20,5.9,11.8,1.8,355,15,5.9,11.8,1.8,355,15,0,29.83,-0.0,0,0,0,43.0,48.7,51.8,0.21,0.22,0.30
REDH,2019-11-08 03:35:00 EST,42.00168,-73.88391,213,28.2,29.1,20.6,62.9,17.2,0.000,0.000,0.00,0.000,6.4,11.4,1.7,360,20,7.4,12.2,1.9,358,13,7.4,12.2,1.9,358,13,0,29.83,-0.0,0,0,0,43.0,48.7,51.8,0.21,0.22,0.30
REDH,2019-11-08 03:40:00 EST,42.00168,-73.88391,213,28.3,29.1,22.6,62.0,16.9,0.000,0.000,0.00,0.000,4.5,6.9,1.1,5,25,5.1,9.0,1.4,3,19,5.1,9.0,1.4,3,19,0,29.83,-0.0,0,0,0,42.9,48.7,51.8,0.21,0.22,0.30
REDH,2019-11-08 03:45:00 EST,42.00168,-73.88391,213,28.0,28.9,23.3,62.9,16.9,0.000,0.000,0.00,0.000,3.5,6.8,1.5,4,22,4.1,8.0,1.7,3,13,4.1,8.0,1.7,3,13,0,29.83,0.1,0,0,0,42.8,48.7,51.8,0.21,0.22,0.30
REDH,2019-11-08 03:50:00 EST,42.00168,-73.88391,213,27.9,28.8,23.8,64.0,17.3,0.000,0.000,0.00,0.000,3.1,5.9,1.0,5,16,3.6,6.5,1.0,3,12,3.6,6.5,1.0,3,12,0,29.83,-0.1,0,0,0,42.8,48.7,51.8,0.21,0.22,0.30
REDH,2019-11-08 03:55:00 EST,42.00168,-73.88391,213,27.8,28.7,27.8,63.9,17.1,0.000,0.000,0.00,0.000,1.9,3.1,0.5,23,15,2.2,4.0,0.6,24,14,2.2,4.0,0.6,24,14,0,29.83,0.0,0,0,0,42.8,48.7,51.8,0.21,0.22,0.30
REDH,2019-11-08 04:00:00 EST,42.00168,-73.88391,213,27.7,28.4,27.7,64.6,17.3,0.000,0.000,0.00,0.000,1.7,2.8,0.5,30,16,1.9,3.3,0.4,27,16,1.9,3.3,0.4,27,16,0,29.83,-0.0,0,0,0,42.8,48.7,51.8,0.21,0.22,0.30
REDH,2019-11-08 04:05:00 EST,42.00168,-73.88391,213,27.1,28.2,27.1,67.5,17.8,0.000,0.000,0.00,0.000,2.1,3.1,0.6,48,10,2.2,3.1,0.5,44,8,2.2,3.1,0.5,44,8,0,29.83,-0.1,0,0,0,42.6,48.7,51.7,0.20,0.22,0.30
REDH,2019-11-08 04:10:00 EST,42.00168,-73.88391,213,26.5,27.8,26.5,71.1,18.4,0.000,0.000,0.00,0.000,2.5,3.6,0.4,61,11,2.6,3.8,0.5,58,10,2.6,3.8,0.5,58,10,0,29.83,-0.1,0,0,0,42.6,48.7,51.7,0.20,0.22,0.30
REDH,2019-11-08 04:15:00 EST,42.00168,-73.88391,213,26.0,27.5,26.0,74.6,19.1,0.000,0.000,0.00,0.000,2.1,4.0,0.6,55,16,2.2,4.5,0.6,51,16,2.2,4.5,0.6,51,16,0,29.83,0.0,0,0,0,42.6,48.7,51.8,0.20,0.22,0.30
REDH,2019-11-08 04:20:00 EST,42.00168,-73.88391,213,26.7,27.4,26.7,73.2,19.2,0.000,0.000,0.00,0.000,1.4,2.4,0.5,23,16,1.6,3.3,0.5,19,16,1.6,3.3,0.5,19,16,0,29.83,-0.1,0,0,0,42.5,48.7,51.7,0.20,0.22,0.30
REDH,2019-11-08 04:25:00 EST,42.00168,-73.88391,213,26.6,27.3,26.6,72.9,19.1,0.000,0.000,0.00,0.000,1.1,2.6,0.5,27,23,1.5,3.1,0.5,25,22,1.5,3.1,0.5,25,22,0,29.83,0.0,0,0,0,42.4,48.7,51.6,0.21,0.22,0.30
REDH,2019-11-08 04:30:00 EST,42.00168,-73.88391,213,26.5,27.3,26.5,72.3,18.8,0.000,0.000,0.00,0.000,1.2,2.3,0.5,10,14,1.4,3.0,0.6,10,15,1.4,3.0,0.6,10,15,0,29.83,-0.0,0,0,0,42.4,48.7,51.6,0.20,0.22,0.30
REDH,2019-11-08 04:35:00 EST,42.00168,-73.88391,213,25.9,27.2,25.9,72.1,18.2,0.000,0.000,0.00,0.000,1.0,2.2,0.5,11,13,1.3,2.9,0.6,10,14,1.3,2.9,0.6,10,14,0,29.84,-0.1,0,0,0,42.4,48.7,51.4,0.21,0.22,0.30
REDH,2019-11-08 04:40:00 EST,42.00168,-73.88391,213,25.4,27.2,25.4,73.4,18.1,0.000,0.000,0.00,0.000,1.1,2.7,0.7,13,17,1.5,3.5,0.9,12,18,1.5,3.5,0.9,12,18,0,29.84,-0.1,0,0,0,42.4,48.7,51.5,0.21,0.22,0.30
REDH,2019-11-08 04:45:00 EST,42.00168,-73.88391,213,24.2,26.7,24.2,75.9,17.7,0.000,0.000,0.00,0.000,1.4,2.5,0.7,259,35,1.5,2.7,0.7,255,33,1.5,2.7,0.7,255,33,0,29.84,-0.1,0,0,0,42.3,48.6,51.5,0.21,0.22,0.30
REDH,2019-11-08 04:50:00 EST,42.00168,-73.88391,213,24.8,26.6,24.8,81.2,19.9,0.000,0.000,0.00,0.000,2.3,2.7,0.1,234,8,2.2,2.6,0.2,232,6,2.2,2.6,0.2,232,6,0,29.84,-0.1,0,0,0,42.3,48.6,51.4,0.21,0.22,0.30
REDH,2019-11-08 04:55:00 EST,42.00168,-73.88391,213,24.7,26.8,24.7,82.6,20.2,0.000,0.000,0.00,0.000,1.9,2.6,0.4,226,6,1.9,2.6,0.4,225,7,1.9,2.6,0.4,225,7,0,29.84,-0.0,0,0,0,42.3,48.6,51.4,0.20,0.22,0.30
REDH,2019-11-08 05:00:00 EST,42.00168,-73.88391,213,24.0,26.5,24.0,83.0,19.6,0.000,0.000,0.00,0.000,2.2,2.6,0.2,222,10,2.3,2.8,0.2,222,9,2.3,2.8,0.2,222,9,0,29.84,0.0,0,0,0,42.1,48.6,51.4,0.20,0.22,0.30
REDH,2019-11-08 05:05:00 EST,42.00168,-73.88391,213,23.7,26.0,23.7,85.0,19.8,0.000,0.000,0.00,0.000,1.4,2.0,0.3,183,8,1.6,2.3,0.4,181,11,1.6,2.3,0.4,181,11,0,29.84,0.0,0,0,0,42.1,48.6,51.4,0.20,0.22,0.30
REDH,2019-11-08 05:10:00 EST,42.00168,-73.88391,213,24.3,25.9,24.3,86.5,20.9,0.000,0.000,0.00,0.000,1.2,2.0,0.3,179,7,1.6,2.4,0.3,179,13,1.6,2.4,0.3,179,13,0,29.84,-0.0,0,0,0,42.1,48.6,51.4,0.20,0.22,0.30
REDH,2019-11-08 05:15:00 EST,42.00168,-73.88391,213,24.6,25.9,24.6,87.3,21.3,0.000,0.000,0.00,0.000,2.3,3.1,0.5,181,8,2.6,3.9,0.5,181,10,2.6,3.9,0.5,181,10,0,29.84,0.0,0,0,0,42.1,48.6,51.4,0.20,0.22,0.30
REDH,2019-11-08 05:20:00 EST,42.00168,-73.88391,213,25.1,26.2,25.1,86.3,21.6,0.000,0.000,0.00,0.000,2.4,3.6,0.5,174,7,2.6,4.0,0.5,174,11,2.6,4.0,0.5,174,11,0,29.84,0.1,0,0,0,42.1,48.6,51.4,0.20,0.22,0.30
REDH,2019-11-08 05:25:00 EST,42.00168,-73.88391,213,25.1,26.1,25.1,83.8,20.9,0.000,0.000,0.00,0.000,1.9,2.4,0.2,167,11,2.2,2.6,0.2,161,14,2.2,2.6,0.2,161,14,0,29.84,-0.1,0,0,0,42.0,48.5,51.4,0.20,0.22,0.30
REDH,2019-11-08 05:30:00 EST,42.00168,-73.88391,213,23.8,26.1,23.8,83.9,19.7,0.000,0.000,0.00,0.000,2.1,2.5,0.2,152,5,2.2,2.6,0.2,146,6,2.2,2.6,0.2,146,6,0,29.84,-0.1,0,0,0,41.9,48.5,51.4,0.20,0.22,0.30
REDH,2019-11-08 05:35:00 EST,42.00168,-73.88391,213,24.1,25.7,24.1,85.6,20.4,0.000,0.000,0.00,0.000,1.9,2.3,0.2,151,0,2.0,2.5,0.2,146,4,2.0,2.5,0.2,146,4,0,29.84,0.0,0,0,0,41.9,48.4,51.4,0.21,0.22,0.30
REDH,2019-11-08 05:40:00 EST,42.00168,-73.88391,213,24.3,25.7,24.3,85.8,20.7,0.000,0.000,0.00,0.000,1.9,2.6,0.4,159,6,2.2,3.0,0.4,157,5,2.2,3.0,0.4,157,5,0,29.84,-0.1,0,0,0,41.9,48.4,51.4,0.21,0.22,0.30
REDH,2019-11-08 05:45:00 EST,42.00168,-73.88391,213,24.0,25.6,24.0,87.2,20.8,0.000,0.000,0.00,0.000,1.0,2.0,0.6,137,7,1.4,1.9,0.3,121,13,1.4,1.9,0.3,121,13,0,29.85,-0.0,0,0,0,41.8,48.4,51.4,0.20,0.22,0.30
REDH,2019-11-08 05:50:00 EST,42.00168,-73.88391,213,23.9,25.5,23.9,86.5,20.5,0.000,0.000,0.00,0.000,0.8,1.5,0.4,101,24,1.2,2.0,0.3,89,20,1.2,2.0,0.3,89,20,0,29.85,0.1,0,0,0,41.7,48.4,51.4,0.21,0.22,0.30
REDH,2019-11-08 05:55:00 EST,42.00168,-73.88391,213,24.3,25.7,24.3,86.0,20.8,0.000,0.000,0.00,0.000,1.5,3.1,0.5,70,5,1.9,4.1,0.6,65,9,1.9,4.1,0.6,65,9,0,29.85,0.1,0,0,0,41.7,48.4,51.4,0.20,0.22,0.30
REDH,2019-11-08 06:00:00 EST,42.00168,-73.88391,213,24.1,25.4,24.1,86.2,20.6,0.000,0.000,0.00,0.000,2.1,3.1,0.5,40,28,2.3,3.6,0.5,34,28,2.3,3.6,0.5,34,28,0,29.85,-0.1,0,0,0,41.7,48.4,51.4,0.20,0.22,0.30
REDH,2019-11-08 06:05:00 EST,42.00168,-73.88391,213,23.0,24.2,23.0,88.9,20.2,0.000,0.000,0.00,0.000,1.7,2.4,0.3,16,12,2.0,3.0,0.4,17,12,2.0,3.0,0.4,17,12,0,29.86,0.0,0,0,0,41.7,48.4,51.4,0.20,0.22,0.30
REDH,2019-11-08 06:10:00 EST,42.00168,-73.88391,213,23.2,24.7,23.2,92.6,21.3,0.000,0.000,0.00,0.000,2.6,3.5,0.5,41,8,2.7,4.4,0.6,40,7,2.7,4.4,0.6,40,7,0,29.86,0.0,0,0,0,41.7,48.4,51.4,0.20,0.22,0.30
REDH,2019-11-08 06:15:00 EST,42.00168,-73.88391,213,23.2,24.8,23.2,93.6,21.6,0.000,0.000,0.00,0.000,2.1,3.9,0.6,45,7,2.1,4.5,0.6,44,9,2.1,4.5,0.6,44,9,0,29.86,0.1,0,0,0,41.6,48.4,51.4,0.20,0.22,0.30
REDH,2019-11-08 06:20:00 EST,42.00168,-73.88391,213,23.5,24.4,23.5,94.1,22.1,0.000,0.000,0.00,0.000,0.4,1.5,0.5,86,10,0.7,1.9,0.7,72,32,0.7,1.9,0.7,72,32,0,29.87,0.0,0,0,0,41.5,48.4,51.4,0.20,0.22,0.30
REDH,2019-11-08 06:25:00 EST,42.00168,-73.88391,213,23.4,24.8,23.4,92.5,21.6,0.000,0.000,0.00,0.000,1.6,2.8,0.4,119,36,1.9,3.6,0.4,117,37,1.9,3.6,0.4,117,37,1,29.87,-0.0,0,0,0,41.5,48.3,51.4,0.20,0.22,0.30
REDH,2019-11-08 06:30:00 EST,42.00168,-73.88391,213,23.3,24.7,23.3,90.8,21.1,0.000,0.000,0.00,0.000,0.9,1.9,0.6,175,43,1.1,2.0,0.6,165,44,1.1,2.0,0.6,165,44,1,29.87,0.1,0,0,0,41.5,48.3,51.4,0.20,0.22,0.30
REDH,2019-11-08 06:35:00 EST,42.00168,-73.88391,213,23.9,25.3,23.9,91.1,21.7,0.000,0.000,0.00,0.000,2.2,3.1,0.4,108,22,2.4,3.8,0.6,105,22,2.4,3.8,0.6,105,22,2,29.87,0.1,0,0,0,41.5,48.2,51.4,0.20,0.22,0.30
REDH,2019-11-08 06:40:00 EST,42.00168,-73.88391,213,24.4,25.6,20.4,88.4,21.5,0.000,0.000,0.00,0.000,2.9,4.3,0.7,80,12,3.2,5.2,0.8,76,12,3.2,5.2,0.8,76,12,3,29.87,0.1,0,0,0,41.5,48.2,51.4,0.20,0.22,0.30
REDH,2019-11-08 06:45:00 EST,42.00168,-73.88391,213,24.3,25.3,24.3,88.1,21.3,0.000,0.000,0.00,0.000,2.0,4.2,1.1,64,17,2.1,5.0,1.2,61,16,2.1,5.0,1.2,61,16,6,29.87,0.1,0,0,0,41.4,48.2,51.4,0.20,0.22,0.30
REDH,2019-11-08 06:50:00 EST,42.00168,-73.88391,213,24.3,25.3,24.3,89.6,21.7,0.000,0.000,0.00,0.000,1.9,3.7,0.6,88,21,2.2,4.3,0.7,85,22,2.2,4.3,0.7,85,22,10,29.87,0.1,0,0,0,41.4,48.2,51.4,0.20,0.22,0.30
REDH,2019-11-08 06:55:00 EST,42.00168,-73.88391,213,25.1,25.9,25.1,87.1,21.8,0.000,0.000,0.00,0.000,2.1,3.4,0.6,185,13,2.3,3.9,0.7,185,15,2.3,3.9,0.7,185,15,15,29.87,0.1,0,0,0,41.4,48.2,51.4,0.20,0.22,0.30
REDH,2019-11-08 07:00:00 EST,42.00168,-73.88391,213,25.6,26.0,25.6,83.6,21.3,0.000,0.000,0.00,0.000,2.7,3.9,0.5,193,18,2.9,4.5,0.6,192,19,2.9,4.5,0.6,192,19,19,29.87,0.1,0,0,0,41.4,48.2,51.4,0.20,0.22,0.30
REDH,2019-11-08 07:05:00 EST,42.00168,-73.88391,213,25.6,25.9,25.6,84.1,21.5,0.000,0.000,0.00,0.000,2.3,4.5,0.7,163,14,2.5,4.5,0.8,161,17,2.5,4.5,0.8,161,17,23,29.88,0.1,0,0,0,41.4,48.2,51.4,0.20,0.22,0.30
REDH,2019-11-08 07:10:00 EST,42.00168,-73.88391,213,25.8,26.0,25.8,81.8,21.0,0.000,0.000,0.00,0.000,1.8,2.9,0.9,116,13,1.8,3.1,0.9,114,16,1.8,3.1,0.9,114,16,36,29.88,0.0,0,0,0,41.4,48.2,51.4,0.20,0.22,0.30
REDH,2019-11-08 07:15:00 EST,42.00168,-73.88391,213,25.6,25.9,25.6,81.5,20.7,0.000,0.000,0.00,0.000,0.8,2.3,0.8,74,7,1.1,2.6,0.8,75,17,1.1,2.6,0.8,75,17,47,29.88,0.1,0,0,0,41.2,48.1,51.4,0.20,0.22,0.30
REDH,2019-11-08 07:20:00 EST,42.00168,-73.88391,213,26.1,26.4,26.1,80.6,20.9,0.000,0.000,0.00,0.000,2.6,4.4,0.7,78,16,2.9,5.4,0.7,74,17,2.9,5.4,0.7,74,17,79,29.88,0.1,0,0,0,41.2,48.0,51.4,0.20,0.22,0.30
REDH,2019-11-08 07:25:00 EST,42.00168,-73.88391,213,26.9,26.8,22.0,77.3,20.8,0.000,0.000,0.00,0.000,3.9,7.8,1.3,49,22,4.2,9.0,1.5,49,22,4.2,9.0,1.5,49,22,105,29.88,0.1,0,0,0,41.2,48.0,51.4,0.20,0.22,0.30
REDH,2019-11-08 07:30:00 EST,42.00168,-73.88391,213,27.6,27.4,21.0,74.9,20.7,0.000,0.000,0.00,0.000,5.3,9.4,2.0,33,16,6.0,10.1,2.1,32,15,6.0,10.1,2.1,32,15,125,29.89,0.1,0,0,0,41.2,48.0,51.4,0.20,0.22,0.30
REDH,2019-11-08 07:35:00 EST,42.00168,-73.88391,213,28.0,27.7,20.9,72.9,20.4,0.000,0.000,0.00,0.000,5.9,9.3,1.7,27,18,6.6,11.8,1.8,25,19,6.6,11.8,1.8,25,19,67,29.89,0.1,0,0,0,41.2,48.0,51.4,0.20,0.22,0.30
REDH,2019-11-08 07:40:00 EST,42.00168,-73.88391,213,27.9,27.8,20.7,73.2,20.4,0.000,0.000,0.00,0.000,6.1,10.4,1.9,24,16,6.8,14.5,2.3,21,16,6.8,14.5,2.3,21,16,52,29.89,0.1,0,0,0,41.1,48.0,51.4,0.20,0.22,0.30
REDH,2019-11-08 07:45:00 EST,42.00168,-73.88391,213,28.0,28.0,19.7,72.9,20.5,0.000,0.000,0.00,0.000,7.5,11.8,1.6,31,19,8.4,14.2,2.2,29,18,8.4,14.2,2.2,29,18,72,29.89,0.1,0,0,0,41.0,48.0,51.4,0.20,0.22,0.30
REDH,2019-11-08 07:50:00 EST,42.00168,-73.88391,213,28.3,28.1,20.2,71.4,20.2,0.000,0.000,0.00,0.000,7.1,11.0,1.8,16,20,8.1,13.7,2.3,14,15,8.1,13.7,2.3,14,15,131,29.90,0.1,0,0,0,41.0,48.0,51.4,0.20,0.22,0.30
REDH,2019-11-08 07:55:00 EST,42.00168,-73.88391,213,28.7,28.4,21.2,70.9,20.5,0.000,0.000,0.00,0.000,7.0,12.6,2.0,34,21,7.5,13.9,2.2,31,20,7.5,13.9,2.2,31,20,119,29.90,0.1,0,0,0,41.0,48.0,51.4,0.20,0.22,0.30
REDH,2019-11-08 08:00:00 EST,42.00168,-73.88391,213,28.5,28.3,21.0,70.2,20.0,0.000,0.000,0.00,0.000,6.6,12.1,1.9,29,21,7.4,13.4,2.2,27,18,7.4,13.4,2.2,27,18,82,29.90,0.1,0,0,0,41.0,48.0,51.4,0.20,0.22,0.30
REDH,2019-11-08 08:05:00 EST,42.00168,-73.88391,213,28.5,28.3,21.5,70.2,20.0,0.000,0.000,0.00,0.000,5.8,10.3,1.8,15,24,6.7,12.6,2.2,14,18,6.7,12.6,2.2,14,18,108,29.90,0.1,0,0,0,41.0,48.0,51.4,0.20,0.22,0.30
REDH,2019-11-08 08:10:00 EST,42.00168,-73.88391,213,28.8,28.5,20.4,69.5,20.1,0.000,0.000,0.00,0.000,7.9,12.7,2.0,38,19,8.8,15.5,2.2,36,19,8.8,15.5,2.2,36,19,145,29.90,0.1,0,0,0,41.0,47.9,51.4,0.20,0.22,0.30
REDH,2019-11-08 08:15:00 EST,42.00168,-73.88391,213,28.8,28.6,20.6,69.3,20.0,0.000,0.000,0.00,0.000,7.3,11.8,2.0,6,28,8.5,14.4,2.2,7,23,8.5,14.4,2.2,7,23,128,29.90,0.1,0,0,0,41.0,47.9,51.3,0.20,0.22,0.30
REDH,2019-11-08 08:20:00 EST,42.00168,-73.88391,213,29.1,28.8,20.4,67.9,19.8,0.000,0.000,0.00,0.000,8.1,13.7,2.5,11,20,9.5,15.8,2.8,12,16,9.5,15.8,2.8,12,16,127,29.91,0.1,0,0,0,41.0,47.8,51.3,0.20,0.22,0.30
REDH,2019-11-08 08:25:00 EST,42.00168,-73.88391,213,29.2,28.9,21.9,67.7,19.9,0.000,0.000,0.00,0.000,6.3,11.0,2.2,18,15,7.4,14.0,2.7,16,14,7.4,14.0,2.7,16,14,131,29.91,0.1,0,0,0,40.9,47.8,51.3,0.20,0.22,0.30
REDH,2019-11-08 08:30:00 EST,42.00168,-73.88391,213,29.4,29.1,21.5,66.0,19.4,0.000,0.000,0.00,0.000,7.2,13.2,2.6,13,23,8.3,15.2,2.9,12,18,8.3,15.2,2.9,12,18,145,29.91,0.1,0,0,0,40.9,47.8,51.3,0.20,0.22,0.30
REDH,2019-11-08 08:35:00 EST,42.00168,-73.88391,213,29.4,29.1,21.4,65.0,19.1,0.000,0.000,0.00,0.000,7.5,15.1,2.3,20,20,8.5,16.6,2.6,17,15,8.5,16.6,2.6,17,15,187,29.91,0.1,0,0,0,40.9,47.8,51.3,0.20,0.22,0.30
REDH,2019-11-08 08:40:00 EST,42.00168,-73.88391,213,29.6,29.1,21.8,64.5,19.0,0.000,0.000,0.00,0.000,7.0,14.8,3.1,18,23,8.1,17.7,3.7,16,16,8.1,17.7,3.7,16,16,216,29.92,0.1,0,0,0,40.8,47.8,51.3,0.20,0.22,0.30
REDH,2019-11-08 08:45:00 EST,42.00168,-73.88391,213,30.2,29.4,21.8,62.6,19.0,0.000,0.000,0.00,0.000,8.5,15.6,2.8,24,24,9.4,16.5,3.2,22,20,9.4,16.5,3.2,22,20,332,29.92,0.1,0,0,0,40.8,47.8,51.3,0.20,0.22,0.30
REDH,2019-11-08 08:50:00 EST,42.00168,-73.88391,213,29.8,29.2,20.5,60.6,17.9,0.000,0.000,0.00,0.000,9.6,15.6,2.4,18,23,11.0,18.1,3.1,17,20,11.0,18.1,3.1,17,20,196,29.92,0.1,0,0,0,40.8,47.8,51.3,0.20,0.22,0.30
REDH,2019-11-08 08:55:00 EST,42.00168,-73.88391,213,29.6,29.0,21.2,61.4,18.0,0.000,0.000,0.00,0.000,7.9,14.6,2.5,10,19,9.3,19.2,3.0,8,16,9.3,19.2,3.0,8,16,175,29.92,0.1,0,0,0,40.8,47.8,51.3,0.20,0.22,0.30
REDH,2019-11-08 09:00:00 EST,42.00168,-73.88391,213,29.6,29.2,20.2,61.0,17.8,0.000,0.000,0.00,0.000,9.6,15.4,2.6,7,19,11.2,18.3,2.9,5,15,11.2,18.3,2.9,5,15,217,29.92,0.1,0,0,0,40.8,47.8,51.3,0.20,0.22,0.30
REDH,2019-11-08 09:05:00 EST,42.00168,-73.88391,213,30.8,29.9,23.0,61.4,19.1,0.000,0.000,0.00,0.000,7.6,14.8,2.9,357,19,8.8,18.4,3.3,358,15,8.8,18.4,3.3,358,15,362,29.92,0.1,0,0,0,40.8,47.6,51.3,0.20,0.22,0.30
REDH,2019-11-08 09:10:00 EST,42.00168,-73.88391,213,31.1,30.2,22.7,58.3,18.1,0.000,0.000,0.00,0.000,8.5,14.6,2.8,13,18,9.7,17.5,3.5,12,16,9.7,17.5,3.5,12,16,354,29.92,0.1,0,0,0,40.8,47.5,51.3,0.20,0.22,0.30
REDH,2019-11-08 09:15:00 EST,42.00168,-73.88391,213,31.2,30.2,22.3,57.7,18.0,0.000,0.000,0.00,0.000,9.6,14.5,2.8,4,16,10.9,16.3,3.4,4,14,10.9,16.3,3.4,4,14,351,29.92,0.1,0,0,0,40.8,47.5,51.3,0.20,0.22,0.30
REDH,2019-11-08 09:20:00 EST,42.00168,-73.88391,213,31.7,30.5,22.9,57.1,18.3,0.000,0.000,0.00,0.000,9.5,16.1,2.4,358,22,10.9,19.8,2.9,358,14,10.9,19.8,2.9,358,14,373,29.92,0.1,0,0,0,40.8,47.5,51.3,0.20,0.22,0.30
REDH,2019-11-08 09:25:00 EST,42.00168,-73.88391,213,31.8,30.7,22.0,54.7,17.4,0.000,0.000,0.00,0.000,11.7,18.9,3.1,348,22,13.3,20.1,3.4,350,13,13.3,20.1,3.4,350,13,450,29.93,0.1,0,0,0,40.8,47.5,51.3,0.20,0.22,0.30
REDH,2019-11-08 09:30:00 EST,42.00168,-73.88391,213,31.9,31.0,22.6,53.2,16.8,0.000,0.000,0.00,0.000,10.9,17.7,3.4,350,18,12.2,20.9,3.9,350,13,12.2,20.9,3.9,350,13,345,29.93,0.1,0,0,0,40.8,47.5,51.3,0.20,0.22,0.30
REDH,2019-11-08 09:35:00 EST,42.00168,-73.88391,213,32.1,31.1,24.1,53.9,17.3,0.000,0.000,0.00,0.000,8.2,15.8,3.1,340,17,9.6,17.0,3.3,340,17,9.6,17.0,3.3,340,17,232,29.93,0.0,0,0,0,40.9,47.5,51.3,0.20,0.22,0.30
REDH,2019-11-08 09:40:00 EST,42.00168,-73.88391,213,32.0,31.1,26.4,54.1,17.2,0.000,0.000,0.00,0.000,4.9,11.9,2.6,341,26,5.8,12.9,2.5,340,21,5.8,12.9,2.5,340,21,276,29.93,0.2,0,0,0,40.9,47.5,51.3,0.20,0.22,0.30
REDH,2019-11-08 09:45:00 EST,42.00168,-73.88391,213,32.6,31.3,25.0,53.1,17.4,0.000,0.000,0.00,0.000,8.3,12.8,2.2,326,22,8.9,14.0,2.3,326,22,8.9,14.0,2.3,326,22,422,29.93,-0.0,0,0,0,41.0,47.5,51.3,0.20,0.22,0.30
REDH,2019-11-08 09:50:00 EST,42.00168,-73.88391,213,32.1,30.8,23.2,53.1,17.0,0.000,0.000,0.00,0.000,10.6,14.2,1.6,310,10,11.5,15.2,1.7,309,11,11.5,15.2,1.7,309,11,280,29.93,0.1,0,0,0,41.0,47.5,51.3,0.20,0.22,0.30
REDH,2019-11-08 09:55:00 EST,42.00168,-73.88391,213,32.0,31.0,22.7,51.9,16.3,0.000,0.000,0.00,0.000,11.5,25.7,3.0,326,17,12.4,26.6,3.4,327,17,12.4,26.6,3.4,327,17,328,29.93,-0.0,0,0,0,41.1,47.5,51.3,0.20,0.22,0.30
REDH,2019-11-08 10:00:00 EST,42.00168,-73.88391,213,31.8,30.9,22.2,51.1,15.8,0.000,0.000,0.00,0.000,12.5,24.0,3.7,325,10,13.0,22.4,3.7,325,9,13.0,22.4,3.7,325,9,327,29.93,0.0,0,0,0,41.2,47.5,51.3,0.20,0.22,0.30
REDH,2019-11-08 10:05:00 EST,42.00168,-73.88391,213,31.5,30.7,22.6,51.0,15.4,0.000,0.000,0.00,0.000,9.7,13.6,1.9,346,21,10.9,16.2,2.1,348,16,10.9,16.2,2.1,348,16,272,29.94,0.0,0,0,0,41.3,47.3,51.3,0.20,0.22,0.30
REDH,2019-11-08 10:10:00 EST,42.00168,-73.88391,213,31.7,30.7,23.0,50.1,15.2,0.000,0.000,0.00,0.000,9.9,16.4,2.9,339,21,10.8,19.2,3.0,340,16,10.8,19.2,3.0,340,16,427,29.94,0.3,0,0,0,41.4,47.3,51.3,0.20,0.22,0.30
REDH,2019-11-08 10:15:00 EST,42.00168,-73.88391,213,33.0,31.6,24.4,50.0,16.3,0.000,0.000,0.00,0.000,10.1,17.7,2.1,343,19,11.1,21.2,2.5,343,15,11.1,21.2,2.5,343,15,403,29.94,-0.1,0,0,0,41.5,47.3,51.3,0.20,0.22,0.30
REDH,2019-11-08 10:20:00 EST,42.00168,-73.88391,213,32.8,31.5,23.3,47.1,14.9,0.000,0.000,0.00,0.000,11.7,19.9,3.4,356,22,13.4,21.8,3.7,356,15,13.4,21.8,3.7,356,15,515,29.94,-0.1,0,0,0,41.6,47.3,51.3,0.20,0.22,0.30
REDH,2019-11-08 10:25:00 EST,42.00168,-73.88391,213,32.7,31.6,22.7,46.2,14.3,0.000,0.000,0.00,0.000,12.6,23.9,3.8,357,28,14.6,27.2,4.0,355,15,14.6,27.2,4.0,355,15,387,29.94,0.0,0,0,0,41.7,47.3,51.3,0.20,0.22,0.30
REDH,2019-11-08 10:30:00 EST,42.00168,-73.88391,213,32.3,31.3,22.5,45.9,13.8,0.000,0.000,0.00,0.000,12.0,20.8,4.2,356,26,13.7,22.9,4.5,357,13,13.7,22.9,4.5,357,13,378,29.94,0.1,0,0,0,41.9,47.3,51.3,0.20,0.22,0.30
REDH,2019-11-08 10:35:00 EST,42.00168,-73.88391,213,32.7,31.4,22.1,45.4,13.9,0.000,0.000,0.00,0.000,14.2,19.3,3.0,355,22,16.1,22.6,3.5,356,14,16.1,22.6,3.5,356,14,459,29.94,0.0,0,0,0,42.0,47.3,51.3,0.20,0.22,0.30
REDH,2019-11-08 10:40:00 EST,42.00168,-73.88391,213,32.7,31.6,22.9,45.6,14.0,0.000,0.000,0.00,0.000,12.1,22.3,3.2,350,19,13.8,23.1,3.4,352,15,13.8,23.1,3.4,352,15,440,29.94,0.1,0,0,0,42.1,47.3,51.2,0.20,0.22,0.30
REDH,2019-11-08 10:45:00 EST,42.00168,-73.88391,213,33.3,32.0,24.3,46.0,14.7,0.000,0.000,0.00,0.000,10.9,16.7,2.8,349,19,12.4,20.8,3.3,348,14,12.4,20.8,3.3,348,14,472,29.94,-0.1,0,0,0,42.3,47.3,51.2,0.20,0.22,0.30
REDH,2019-11-08 10:50:00 EST,42.00168,-73.88391,213,33.2,32.0,23.0,43.9,13.6,0.000,0.000,0.00,0.000,14.4,22.6,3.5,331,15,15.4,28.0,4.2,333,16,15.4,28.0,4.2,333,16,493,29.94,-0.0,0,0,0,42.4,47.3,51.1,0.20,0.22,0.30
REDH,2019-11-08 10:55:00 EST,42.00168,-73.88391,213,33.1,31.8,23.0,42.8,12.9,0.000,0.000,0.00,0.000,14.3,21.9,3.0,328,17,15.1,26.0,3.3,330,16,15.1,26.0,3.3,330,16,518,29.94,0.0,0,0,0,42.5,47.3,51.1,0.20,0.22,0.30
REDH,2019-11-08 11:00:00 EST,42.00168,-73.88391,213,33.3,32.0,23.2,42.0,12.7,0.000,0.000,0.00,0.000,14.1,22.7,3.7,336,15,15.2,26.0,3.9,337,14,15.2,26.0,3.9,337,14,529,29.94,-0.0,0,0,0,42.7,47.2,51.1,0.20,0.22,0.30
REDH,2019-11-08 11:05:00 EST,42.00168,-73.88391,213,33.0,31.9,23.6,42.7,12.8,0.000,0.000,0.00,0.000,12.2,21.8,3.3,337,19,13.2,21.7,3.2,338,16,13.2,21.7,3.2,338,16,416,29.94,0.0,0,0,0,42.8,47.2,51.1,0.20,0.22,0.30
REDH,2019-11-08 11:10:00 EST,42.00168,-73.88391,213,33.7,32.1,23.5,42.6,13.3,0.000,0.000,0.00,0.000,14.0,22.4,3.2,344,20,15.5,26.9,3.6,345,20,15.5,26.9,3.6,345,20,424,29.94,-0.2,0,0,0,42.9,47.1,51.1,0.20,0.22,0.30
REDH,2019-11-08 11:15:00 EST,42.00168,-73.88391,213,32.0,31.5,21.7,41.5,11.2,0.000,0.000,0.00,0.000,13.2,23.2,4.1,355,19,14.8,26.8,4.8,355,12,14.8,26.8,4.8,355,12,193,29.94,0.0,0,0,0,43.1,47.1,51.1,0.20,0.22,0.30
REDH,2019-11-08 11:20:00 EST,42.00168,-73.88391,213,31.8,31.2,21.6,42.5,11.6,0.000,0.000,0.00,0.000,13.0,20.4,3.4,350,17,14.3,24.1,4.0,352,14,14.3,24.1,4.0,352,14,164,29.94,-0.1,0,0,0,43.2,47.1,51.1,0.20,0.22,0.30
REDH,2019-11-08 11:25:00 EST,42.00168,-73.88391,213,31.6,31.1,22.0,43.0,11.6,0.000,0.000,0.00,0.000,11.2,17.8,2.7,350,20,12.6,20.1,3.3,352,11,12.6,20.1,3.3,352,11,345,29.94,0.1,0,0,0,43.3,47.1,51.1,0.20,0.22,0.30
REDH,2019-11-08 11:30:00 EST,42.00168,-73.88391,213,33.5,32.0,24.7,42.8,13.3,0.000,0.000,0.00,0.000,11.2,19.4,3.1,327,22,11.9,20.3,3.3,328,21,11.9,20.3,3.3,328,21,471,29.94,-0.0,0,0,0,43.5,47.1,51.1,0.20,0.22,0.30
REDH,2019-11-08 11:35:00 EST,42.00168,-73.88391,213,34.1,32.5,26.0,43.2,14.0,0.000,0.000,0.00,0.000,10.0,15.3,2.9,323,13,10.7,15.6,2.7,322,12,10.7,15.6,2.7,322,12,528,29.94,0.2,0,0,0,43.6,47.1,51.1,0.20,0.22,0.30
REDH,2019-11-08 11:40:00 EST,42.00168,-73.88391,213,33.8,32.4,24.4,41.7,12.9,0.000,0.000,0.00,0.000,12.8,18.0,2.5,334,15,13.7,18.6,2.4,334,14,13.7,18.6,2.4,334,14,439,29.94,0.0,0,0,0,43.7,47.1,51.1,0.20,0.22,0.30
REDH,2019-11-08 11:45:00 EST,42.00168,-73.88391,213,33.2,32.2,23.5,41.1,12.0,0.000,0.000,0.00,0.000,13.0,21.8,4.0,344,18,14.1,22.7,4.2,343,16,14.1,22.7,4.2,343,16,327,29.94,0.1,0,0,0,43.8,47.1,51.1,0.20,0.22,0.30
REDH,2019-11-08 11:50:00 EST,42.00168,-73.88391,213,33.0,32.2,23.2,40.5,11.6,0.000,0.000,0.00,0.000,12.7,21.6,3.5,335,18,13.9,26.1,3.9,336,15,13.9,26.1,3.9,336,15,245,29.94,-0.1,0,0,0,43.9,47.1,51.1,0.20,0.22,0.30
REDH,2019-11-08 11:55:00 EST,42.00168,-73.88391,213,32.0,31.5,21.5,41.5,11.2,0.000,0.000,0.00,0.000,14.2,20.9,2.7,326,21,15.3,22.1,2.7,327,16,15.3,22.1,2.7,327,16,162,29.94,-0.1,0,0,0,44.0,47.1,51.1,0.20,0.22,0.30
REDH,2019-11-08 12:00:00 EST,42.00168,-73.88391,213,31.5,31.2,20.4,41.8,10.9,0.000,0.000,0.00,0.000,15.5,21.3,2.6,331,13,16.5,23.1,3.0,331,14,16.5,23.1,3.0,331,14,185,29.94,-0.0,0,0,0,44.1,47.1,51.1,0.20,0.22,0.30
REDH,2019-11-08 12:05:00 EST,42.00168,-73.88391,213,32.1,31.6,23.7,41.7,11.4,0.000,0.000,0.00,0.000,9.4,16.1,3.1,333,16,10.4,18.2,3.3,335,15,10.4,18.2,3.3,335,15,242,29.93,0.1,0,0,0,44.3,47.1,51.1,0.20,0.22,0.30
REDH,2019-11-08 12:10:00 EST,42.00168,-73.88391,213,32.9,32.0,24.5,41.5,12.0,0.000,0.000,0.00,0.000,9.5,16.8,3.1,350,18,10.8,19.2,3.3,352,17,10.8,19.2,3.3,352,17,279,29.93,-0.1,0,0,0,44.4,47.1,51.1,0.20,0.22,0.30
REDH,2019-11-08 12:15:00 EST,42.00168,-73.88391,213,33.4,32.5,27.1,42.7,13.2,0.000,0.000,0.00,0.000,6.4,11.1,2.2,338,24,7.2,12.1,2.2,337,22,7.2,12.1,2.2,337,22,254,29.93,-0.1,0,0,0,44.4,47.1,51.1,0.20,0.22,0.30
REDH,2019-11-08 12:20:00 EST,42.00168,-73.88391,213,32.4,31.9,23.3,42.5,12.1,0.000,0.000,0.00,0.000,11.0,18.2,2.8,334,19,11.9,21.3,3.1,333,13,11.9,21.3,3.1,333,13,214,29.93,0.0,0,0,0,44.6,47.1,51.1,0.20,0.22,0.30
REDH,2019-11-08 12:25:00 EST,42.00168,-73.88391,213,32.0,31.6,22.6,43.1,12.0,0.000,0.000,0.00,0.000,11.1,19.3,2.9,343,15,12.4,21.4,3.2,344,13,12.4,21.4,3.2,344,13,122,29.93,-0.0,0,0,0,44.6,47.1,51.1,0.20,0.22,0.30
REDH,2019-11-08 12:30:00 EST,42.00168,-73.88391,213,31.8,31.5,21.7,43.1,11.9,0.000,0.000,0.00,0.000,12.3,20.8,4.0,344,20,14.0,24.0,4.3,346,13,14.0,24.0,4.3,346,13,138,29.93,-0.1,0,0,0,44.7,47.1,51.1,0.20,0.22,0.30
REDH,2019-11-08 12:35:00 EST,42.00168,-73.88391,213,32.0,31.6,23.2,43.0,12.0,0.000,0.000,0.00,0.000,9.6,14.6,2.7,359,18,11.3,21.3,3.2,358,16,11.3,21.3,3.2,358,16,234,29.93,-0.0,0,0,0,44.7,47.1,51.1,0.20,0.22,0.30
REDH,2019-11-08 12:40:00 EST,42.00168,-73.88391,213,33.3,32.3,25.9,43.8,13.6,0.000,0.000,0.00,0.000,7.9,16.6,3.5,355,23,8.9,19.3,3.8,354,13,8.9,19.3,3.8,354,13,342,29.93,0.1,0,0,0,44.8,47.1,51.1,0.20,0.22,0.30
REDH,2019-11-08 12:45:00 EST,42.00168,-73.88391,213,33.4,32.3,24.5,41.9,12.7,0.000,0.000,0.00,0.000,10.8,14.3,2.0,354,18,12.2,17.3,2.3,356,10,12.2,17.3,2.3,356,10,310,29.93,0.0,0,0,0,44.7,47.1,51.1,0.20,0.22,0.30
REDH,2019-11-08 12:50:00 EST,42.00168,-73.88391,213,33.4,32.7,24.3,40.9,12.2,0.000,0.000,0.00,0.000,11.6,20.7,3.2,342,21,12.8,20.6,3.5,343,13,12.8,20.6,3.5,343,13,249,29.93,-0.1,0,0,0,44.8,47.1,51.1,0.20,0.22,0.30
REDH,2019-11-08 12:55:00 EST,42.00168,-73.88391,213,33.0,32.3,23.7,39.7,11.1,0.000,0.000,0.00,0.000,11.1,20.4,2.8,352,16,12.6,23.9,3.1,353,14,12.6,23.9,3.1,353,14,206,29.93,-0.1,0,0,0,44.8,47.1,51.1,0.20,0.22,0.30
REDH,2019-11-08 13:00:00 EST,42.00168,-73.88391,213,32.6,32.1,24.1,40.3,11.0,0.000,0.000,0.00,0.000,9.7,17.4,2.3,339,15,10.7,18.1,2.6,340,14,10.7,18.1,2.6,340,14,165,29.93,-0.0,0,0,0,44.8,47.1,51.1,0.20,0.22,0.30
REDH,2019-11-08 13:05:00 EST,42.00168,-73.88391,213,33.5,32.5,23.8,40.4,12.0,0.000,0.000,0.00,0.000,12.5,18.6,3.6,357,19,14.3,22.2,4.1,357,13,14.3,22.2,4.1,357,13,471,29.93,0.1,0,0,0,44.8,47.1,51.1,0.20,0.22,0.30
REDH,2019-11-08 13:10:00 EST,42.00168,-73.88391,213,34.1,32.9,25.1,39.3,11.9,0.000,0.000,0.00,0.000,11.4,20.4,3.1,358,22,12.8,24.5,3.7,356,19,12.8,24.5,3.7,356,19,257,29.93,-0.1,0,0,0,44.9,47.1,51.1,0.20,0.22,0.30
REDH,2019-11-08 13:15:00 EST,42.00168,-73.88391,213,33.4,32.6,24.3,39.8,11.5,0.000,0.000,0.00,0.000,11.2,16.7,3.0,352,19,12.6,18.3,3.4,352,10,12.6,18.3,3.4,352,10,231,29.93,-0.1,0,0,0,45.0,47.1,51.0,0.20,0.22,0.30
REDH,2019-11-08 13:20:00 EST,42.00168,-73.88391,213,33.6,32.9,25.3,40.3,12.0,0.000,0.000,0.00,0.000,10.1,17.2,2.5,338,19,10.9,17.1,2.7,338,16,10.9,17.1,2.7,338,16,347,29.93,0.0,0,0,0,45.0,47.1,50.9,0.20,0.22,0.30
REDH,2019-11-08 13:25:00 EST,42.00168,-73.88391,213,34.7,33.5,26.0,39.8,12.7,0.000,0.000,0.00,0.000,11.5,17.2,2.6,327,15,12.5,20.3,2.8,329,14,12.5,20.3,2.8,329,14,441,29.93,0.0,0,0,0,45.0,47.1,50.9,0.20,0.22,0.30
REDH,2019-11-08 13:30:00 EST,42.00168,-73.88391,213,35.2,33.6,25.8,40.6,13.6,0.000,0.000,0.00,0.000,13.4,27.9,5.2,327,22,14.6,28.8,5.0,327,23,14.6,28.8,5.0,327,23,478,29.93,-0.2,0,0,0,45.0,47.1,50.7,0.20,0.22,0.30
REDH,2019-11-08 13:35:00 EST,42.00168,-73.88391,213,34.7,33.3,24.8,41.1,13.4,0.000,0.000,0.00,0.000,15.1,22.8,3.1,321,19,15.7,25.9,3.4,322,20,15.7,25.9,3.4,322,20,465,29.93,0.0,0,0,0,45.0,47.1,50.7,0.20,0.22,0.30
REDH,2019-11-08 13:40:00 EST,42.00168,-73.88391,213,34.7,33.1,24.6,43.6,14.7,0.000,0.000,0.00,0.000,15.6,24.2,3.1,304,15,16.4,26.4,3.2,301,15,16.4,26.4,3.2,301,15,482,29.93,0.1,0,0,0,45.0,47.1,50.7,0.20,0.22,0.30
REDH,2019-11-08 13:45:00 EST,42.00168,-73.88391,213,35.2,33.5,26.5,40.8,13.7,0.000,0.000,0.00,0.000,12.1,17.6,3.2,308,17,12.9,20.8,3.3,307,17,12.9,20.8,3.3,307,17,455,29.93,-0.2,0,0,0,45.0,47.1,50.7,0.20,0.22,0.30
REDH,2019-11-08 13:50:00 EST,42.00168,-73.88391,213,34.9,33.4,25.4,40.3,13.2,0.000,0.000,0.00,0.000,13.9,19.9,3.5,314,15,14.7,21.9,3.4,312,15,14.7,21.9,3.4,312,15,451,29.93,0.1,0,0,0,45.1,47.1,50.7,0.20,0.22,0.30
REDH,2019-11-08 13:55:00 EST,42.00168,-73.88391,213,35.4,33.8,25.9,39.3,13.0,0.000,0.000,0.00,0.000,13.9,19.1,3.2,332,22,15.0,21.5,3.5,333,22,15.0,21.5,3.5,333,22,452,29.93,-0.1,0,0,0,45.1,47.1,50.7,0.20,0.22,0.30
REDH,2019-11-08 14:00:00 EST,42.00168,-73.88391,213,34.7,33.2,25.7,40.7,13.2,0.000,0.000,0.00,0.000,11.8,21.3,2.4,358,14,13.4,24.9,2.9,359,12,13.4,24.9,2.9,359,12,458,29.93,0.1,0,0,0,45.1,47.1,50.7,0.20,0.22,0.30
REDH,2019-11-08 14:05:00 EST,42.00168,-73.88391,213,34.9,33.4,25.3,41.7,14.0,0.000,0.000,0.00,0.000,13.1,21.1,3.7,354,16,14.9,24.5,4.3,356,11,14.9,24.5,4.3,356,11,422,29.93,-0.1,0,0,0,45.1,47.2,50.7,0.20,0.22,0.30
REDH,2019-11-08 14:10:00 EST,42.00168,-73.88391,213,34.0,32.7,23.8,42.8,13.8,0.000,0.000,0.00,0.000,14.5,21.5,3.3,1,22,16.4,25.5,3.8,360,12,16.4,25.5,3.8,360,12,387,29.93,0.0,0,0,0,45.1,47.3,50.7,0.20,0.22,0.30
REDH,2019-11-08 14:15:00 EST,42.00168,-73.88391,213,34.4,33.3,25.2,41.8,13.6,0.000,0.000,0.00,0.000,12.0,22.9,3.6,0,21,13.6,24.3,3.9,1,16,13.6,24.3,3.9,1,16,399,29.93,0.1,0,0,0,45.2,47.3,50.7,0.20,0.22,0.30
REDH,2019-11-08 14:20:00 EST,42.00168,-73.88391,213,34.4,33.3,24.5,39.6,12.3,0.000,0.000,0.00,0.000,14.1,22.4,4.0,342,18,15.4,26.2,4.2,345,11,15.4,26.2,4.2,345,11,408,29.93,-0.1,0,0,0,45.3,47.3,50.7,0.20,0.22,0.30
REDH,2019-11-08 14:25:00 EST,42.00168,-73.88391,213,34.5,33.3,26.0,40.5,13.0,0.000,0.000,0.00,0.000,10.5,17.4,3.0,359,18,11.8,22.1,3.6,356,14,11.8,22.1,3.6,356,14,363,29.94,0.1,0,0,0,45.3,47.3,50.7,0.20,0.22,0.30
REDH,2019-11-08 14:30:00 EST,42.00168,-73.88391,213,34.5,33.2,25.7,41.4,13.4,0.000,0.000,0.00,0.000,11.0,18.9,2.8,352,19,12.6,19.6,3.0,352,16,12.6,19.6,3.0,352,16,344,29.94,-0.1,0,0,0,45.3,47.3,50.7,0.20,0.22,0.30
REDH,2019-11-08 14:35:00 EST,42.00168,-73.88391,213,34.4,33.3,25.8,41.9,13.6,0.000,0.000,0.00,0.000,11.0,19.1,3.5,329,14,11.9,20.3,3.4,332,13,11.9,20.3,3.4,332,13,364,29.94,0.2,0,0,0,45.4,47.3,50.7,0.20,0.22,0.30
REDH,2019-11-08 14:40:00 EST,42.00168,-73.88391,213,34.7,33.5,25.7,42.4,14.2,0.000,0.000,0.00,0.000,11.7,17.8,2.0,347,27,13.1,20.9,2.7,349,18,13.1,20.9,2.7,349,18,300,29.94,-0.0,0,0,0,45.5,47.3,50.7,0.20,0.22,0.30
REDH,2019-11-08 14:45:00 EST,42.00168,-73.88391,213,34.5,33.5,26.3,43.4,14.5,0.000,0.000,0.00,0.000,10.2,16.4,2.8,332,17,11.3,16.9,2.8,335,12,11.3,16.9,2.8,335,12,299,29.94,-0.1,0,0,0,45.5,47.3,50.7,0.20,0.22,0.30
REDH,2019-11-08 14:50:00 EST,42.00168,-73.88391,213,34.2,33.2,26.8,43.6,14.3,0.000,0.000,0.00,0.000,8.0,13.7,2.1,359,20,9.2,16.4,2.6,360,14,9.2,16.4,2.6,360,14,270,29.94,-0.1,0,0,0,45.5,47.3,50.7,0.20,0.22,0.30
REDH,2019-11-08 14:55:00 EST,42.00168,-73.88391,213,34.5,33.4,26.6,44.2,14.9,0.000,0.000,0.00,0.000,9.4,14.7,2.3,333,21,10.3,18.7,2.4,334,18,10.3,18.7,2.4,334,18,283,29.95,-0.1,0,0,0,45.5,47.3,50.7,0.20,0.22,0.30
REDH,2019-11-08 15:00:00 EST,42.00168,-73.88391,213,34.0,33.2,26.2,45.1,14.9,0.000,0.000,0.00,0.000,8.6,17.7,3.6,356,21,9.9,20.8,4.1,356,17,9.9,20.8,4.1,356,17,220,29.95,-0.1,0,0,0,45.7,47.3,50.7,0.20,0.22,0.30
REDH,2019-11-08 15:05:00 EST,42.00168,-73.88391,213,33.7,32.8,25.6,45.3,14.8,0.000,0.000,0.00,0.000,9.2,16.1,3.7,354,18,10.5,19.3,4.1,354,14,10.5,19.3,4.1,354,14,279,29.95,0.1,,,0,,,50.7,0.20,0.22,0.30
REDH,2019-11-08 15:10:00 EST,42.00168,-73.88391,213,34.1,33.3,28.0,45.6,15.3,0.000,0.000,0.00,0.000,6.0,12.2,2.2,2,23,7.2,14.2,2.5,0,15,7.2,14.2,2.5,0,15,219,29.95,-0.0,0,0,0,45.7,47.3,50.7,0.20,0.22,0.30
REDH,2019-11-08 15:15:00 EST,42.00168,-73.88391,213,33.4,32.8,23.5,44.7,14.2,0.000,0.000,0.00,0.000,13.8,20.7,3.2,337,17,14.7,20.8,2.8,339,14,14.7,20.8,2.8,339,14,210,29.96,-0.1,0,0,0,45.7,47.3,50.7,0.20,0.22,0.30
REDH,2019-11-08 15:20:00 EST,42.00168,-73.88391,213,32.9,32.4,24.9,46.5,14.7,0.000,0.000,0.00,0.000,8.7,15.1,3.5,355,17,10.0,17.6,3.8,353,14,10.0,17.6,3.8,353,14,158,29.95,-0.0,0,0,0,45.8,47.3,50.7,0.20,0.22,0.30
REDH,2019-11-08 15:25:00 EST,42.00168,-73.88391,213,33.1,32.6,24.7,47.7,15.4,0.000,0.000,0.00,0.000,10.0,22.2,3.4,333,18,10.9,24.7,3.4,336,17,10.9,24.7,3.4,336,17,176,29.96,-0.1,0,0,0,45.8,47.3,50.7,0.20,0.22,0.30
REDH,2019-11-08 15:30:00 EST,42.00168,-73.88391,213,32.8,32.5,22.6,44.6,13.6,0.000,0.000,0.00,0.000,13.9,23.2,4.0,335,24,14.9,24.3,4.1,335,20,14.9,24.3,4.1,335,20,140,29.96,-0.1,0,0,0,45.8,47.3,50.7,0.20,0.22,0.30
REDH,2019-11-08 15:35:00 EST,42.00168,-73.88391,213,33.0,32.6,23.8,44.8,13.8,0.000,0.000,0.00,0.000,11.7,18.6,3.0,322,13,12.5,19.3,2.8,321,13,12.5,19.3,2.8,321,13,177,29.96,-0.0,0,0,0,45.9,47.3,50.7,0.20,0.22,0.30
REDH,2019-11-08 15:40:00 EST,42.00168,-73.88391,213,33.1,32.6,22.9,43.8,13.4,0.000,0.000,0.00,0.000,14.9,22.5,3.4,318,11,15.4,24.8,3.5,318,11,15.4,24.8,3.5,318,11,180,29.96,-0.1,0,0,0,45.9,47.4,50.6,0.20,0.22,0.30
REDH,2019-11-08 15:45:00 EST,42.00168,-73.88391,213,32.8,32.5,23.6,44.6,13.6,0.000,0.000,0.00,0.000,11.6,19.2,2.9,329,14,12.4,20.7,3.1,330,13,12.4,20.7,3.1,330,13,107,29.96,-0.1,0,0,0,45.9,47.4,50.6,0.20,0.22,0.30
REDH,2019-11-08 15:50:00 EST,42.00168,-73.88391,213,32.4,32.3,24.7,46.7,14.3,0.000,0.000,0.00,0.000,8.0,13.4,2.0,350,18,9.3,15.8,2.5,351,14,9.3,15.8,2.5,351,14,71,29.96,-0.1,0,0,0,45.9,47.5,50.7,0.20,0.22,0.30
REDH,2019-11-08 15:55:00 EST,42.00168,-73.88391,213,31.9,31.9,24.0,47.2,14.0,0.000,0.000,0.00,0.000,8.2,14.5,2.3,353,22,9.2,18.5,2.6,352,14,9.2,18.5,2.6,352,14,46,29.96,-0.1,0,0,0,45.8,47.5,50.6,0.20,0.22,0.30
REDH,2019-11-08 16:00:00 EST,42.00168,-73.88391,213,31.6,31.7,22.6,46.2,13.3,0.000,0.000,0.00,0.000,10.0,16.9,2.6,352,18,11.4,19.9,2.9,352,12,11.4,19.9,2.9,352,12,73,29.97,-0.0,0,0,0,45.7,47.5,50.5,0.20,0.22,0.30
REDH,2019-11-08 16:05:00 EST,42.00168,-73.88391,213,31.8,31.7,23.9,45.8,13.2,0.000,0.000,0.00,0.000,8.1,11.2,1.4,338,16,9.1,14.5,1.7,340,13,9.1,14.5,1.7,340,13,80,29.97,-0.0,0,0,0,45.7,47.5,50.5,0.20,0.22,0.30
REDH,2019-11-08 16:10:00 EST,42.00168,-73.88391,213,31.8,31.7,24.5,45.7,13.2,0.000,0.000,0.00,0.000,7.3,12.7,1.6,345,22,8.2,16.4,2.1,348,13,8.2,16.4,2.1,348,13,58,29.97,-0.1,0,0,0,45.7,47.5,50.5,0.20,0.22,0.30
REDH,2019-11-08 16:15:00 EST,42.00168,-73.88391,213,31.3,31.5,24.3,46.8,13.2,0.000,0.000,0.00,0.000,6.8,11.5,1.7,335,15,7.5,14.1,2.0,337,13,7.5,14.1,2.0,337,13,37,29.97,-0.0,0,0,0,45.7,47.5,50.5,0.20,0.22,0.30
REDH,2019-11-08 16:20:00 EST,42.00168,-73.88391,213,31.2,31.5,23.6,47.2,13.4,0.000,0.000,0.00,0.000,7.7,11.4,1.3,333,14,8.5,12.2,1.5,336,13,8.5,12.2,1.5,336,13,35,29.98,-0.1,0,0,0,45.6,47.5,50.5,0.20,0.22,0.30
REDH,2019-11-08 16:25:00 EST,42.00168,-73.88391,213,31.1,31.4,22.3,47.2,13.3,0.000,0.000,0.00,0.000,9.7,15.7,2.5,336,19,10.6,17.2,2.7,337,13,10.6,17.2,2.7,337,13,22,29.98,-0.1,0,0,0,45.5,47.5,50.5,0.20,0.22,0.30
REDH,2019-11-08 16:30:00 EST,42.00168,-73.88391,213,30.9,31.2,22.1,47.8,13.4,0.000,0.000,0.00,0.000,9.8,13.7,1.8,331,18,10.5,13.8,1.8,331,15,10.5,13.8,1.8,331,15,16,29.98,-0.1,0,0,0,45.5,47.5,50.5,0.20,0.22,0.30
REDH,2019-11-08 16:35:00 EST,42.00168,-73.88391,213,30.7,31.1,22.8,48.5,13.6,0.000,0.000,0.00,0.000,8.0,11.4,1.4,331,15,8.8,12.6,1.4,332,12,8.8,12.6,1.4,332,12,12,29.98,-0.1,0,0,0,45.5,47.5,50.5,0.20,0.22,0.30
REDH,2019-11-08 16:40:00 EST,42.00168,-73.88391,213,30.5,30.9,24.1,49.1,13.7,0.000,0.000,0.00,0.000,5.9,9.5,1.2,334,14,6.4,12.0,1.5,334,14,6.4,12.0,1.5,334,14,9,29.98,-0.0,0,0,0,45.4,47.5,50.5,0.20,0.22,0.30
REDH,2019-11-08 16:45:00 EST,42.00168,-73.88391,213,30.4,30.9,23.0,49.9,13.9,0.000,0.000,0.00,0.000,7.0,10.8,1.5,336,14,7.8,12.6,1.7,337,15,7.8,12.6,1.7,337,15,5,29.98,-0.0,0,0,0,45.3,47.5,50.5,0.20,0.22,0.30
REDH,2019-11-08 16:50:00 EST,42.00168,-73.88391,213,30.5,30.9,21.7,49.7,13.9,0.000,0.000,0.00,0.000,9.8,15.9,2.5,327,15,10.4,18.0,2.7,328,15,10.4,18.0,2.7,328,15,3,29.98,-0.0,0,0,0,45.3,47.5,50.5,0.20,0.22,0.30
REDH,2019-11-08 16:55:00 EST,42.00168,-73.88391,213,30.4,30.8,22.5,50.2,14.1,0.000,0.000,0.00,0.000,7.6,11.3,1.6,337,16,8.6,13.6,1.8,337,17,8.6,13.6,1.8,337,17,1,29.98,-0.1,0,0,0,45.1,47.5,50.5,0.20,0.22,0.30
REDH,2019-11-08 17:00:00 EST,42.00168,-73.88391,213,29.7,30.5,23.1,52.2,14.3,0.000,0.000,0.00,0.000,6.0,8.7,1.2,322,17,6.6,10.7,1.3,321,17,6.6,10.7,1.3,321,17,0,29.99,-0.1,0,0,0,45.1,47.5,50.5,0.20,0.22,0.30
REDH,2019-11-08 17:05:00 EST,42.00168,-73.88391,213,29.8,30.4,23.4,53.5,15.0,0.000,0.000,0.00,0.000,5.6,9.1,1.5,332,14,6.3,10.7,1.6,331,16,6.3,10.7,1.6,331,16,0,29.99,-0.1,0,0,0,45.0,47.5,50.5,0.20,0.22,0.30
REDH,2019-11-08 17:10:00 EST,42.00168,-73.88391,213,29.8,30.5,21.8,53.6,15.0,0.000,0.000,0.00,0.000,7.9,12.9,1.9,333,12,8.6,14.0,1.9,334,12,8.6,14.0,1.9,334,12,0,29.99,-0.1,0,0,0,45.0,47.5,50.5,0.20,0.22,0.30
REDH,2019-11-08 17:15:00 EST,42.00168,-73.88391,213,29.6,30.3,21.8,55.0,15.4,0.000,0.000,0.00,0.000,7.5,12.7,1.9,326,11,8.1,14.0,2.2,327,13,8.1,14.0,2.2,327,13,0,30.00,-0.0,0,0,0,44.9,47.5,50.5,0.20,0.22,0.30
REDH,2019-11-08 17:20:00 EST,42.00168,-73.88391,213,29.6,30.3,21.9,54.9,15.4,0.000,0.000,0.00,0.000,7.6,11.0,1.4,322,9,8.0,11.8,1.5,321,9,8.0,11.8,1.5,321,9,0,30.00,-0.1,0,0,0,44.8,47.5,50.5,0.20,0.22,0.30
REDH,2019-11-08 17:25:00 EST,42.00168,-73.88391,213,29.4,30.2,20.9,54.8,15.2,0.000,0.000,0.00,0.000,8.9,15.3,2.3,329,15,9.4,16.8,2.5,330,13,9.4,16.8,2.5,330,13,0,30.00,-0.0,0,0,0,44.7,47.5,50.5,0.20,0.22,0.30
REDH,2019-11-08 17:30:00 EST,42.00168,-73.88391,213,29.9,30.4,19.6,49.8,13.4,0.000,0.000,0.00,0.000,12.7,17.9,2.3,327,12,13.3,20.0,2.6,327,11,13.3,20.0,2.6,327,11,0,30.00,-0.1,0,0,0,44.6,47.5,50.5,0.20,0.22,0.30
REDH,2019-11-08 17:35:00 EST,42.00168,-73.88391,213,29.8,30.4,20.0,48.5,12.8,0.000,0.000,0.00,0.000,11.2,16.1,1.9,323,13,12.0,16.8,1.9,324,13,12.0,16.8,1.9,324,13,0,30.00,-0.1,0,0,0,44.6,47.5,50.5,0.20,0.22,0.30
REDH,2019-11-08 17:40:00 EST,42.00168,-73.88391,213,29.8,30.3,20.9,49.9,13.3,0.000,0.000,0.00,0.000,9.5,13.9,1.8,324,9,10.1,14.6,1.9,323,8,10.1,14.6,1.9,323,8,0,30.00,-0.1,0,0,0,44.4,47.7,50.5,0.20,0.22,0.30
REDH,2019-11-08 17:45:00 EST,42.00168,-73.88391,213,29.5,30.2,21.1,51.9,14.0,0.000,0.000,0.00,0.000,8.8,12.2,1.2,313,10,9.2,13.1,1.2,312,10,9.2,13.1,1.2,312,10,0,30.01,-0.1,0,0,0,44.3,47.6,50.5,0.20,0.22,0.30
REDH,2019-11-08 17:50:00 EST,42.00168,-73.88391,213,29.3,29.9,20.0,53.5,14.5,0.000,0.000,0.00,0.000,10.4,14.8,1.7,313,10,10.8,15.4,1.8,313,10,10.8,15.4,1.8,313,10,0,30.01,-0.1,0,0,0,44.1,47.7,50.5,0.20,0.22,0.30
REDH,2019-11-08 17:55:00 EST,42.00168,-73.88391,213,29.0,29.7,20.2,53.6,14.2,0.000,0.000,0.00,0.000,9.3,14.5,1.8,313,9,9.7,16.0,1.8,311,9,9.7,16.0,1.8,311,9,0,30.01,-0.0,0,0,0,44.1,47.6,50.5,0.20,0.22,0.30
REDH,2019-11-08 18:00:00 EST,42.00168,-73.88391,213,28.8,29.6,20.2,53.7,14.1,0.000,0.000,0.00,0.000,8.5,15.6,2.3,320,13,9.1,15.9,2.2,320,13,9.1,15.9,2.2,320,13,0,30.01,-0.0,0,0,0,43.9,47.8,50.5,0.20,0.22,0.30
REDH,2019-11-08 18:05:00 EST,42.00168,-73.88391,213,28.7,29.5,20.8,53.7,14.0,0.000,0.000,0.00,0.000,7.4,13.0,1.3,324,13,8.0,14.4,1.5,323,13,8.0,14.4,1.5,323,13,0,30.02,0.0,0,0,0,43.9,47.8,50.5,0.20,0.22,0.30
REDH,2019-11-08 18:10:00 EST,42.00168,-73.88391,213,28.8,29.5,21.5,53.4,14.0,0.000,0.000,0.00,0.000,6.6,11.7,2.0,326,13,7.1,12.9,2.1,325,12,7.1,12.9,2.1,325,12,0,30.02,-0.1,0,0,0,43.8,47.8,50.5,0.20,0.22,0.30
REDH,2019-11-08 18:15:00 EST,42.00168,-73.88391,213,28.6,29.4,21.9,54.0,14.1,0.000,0.000,0.00,0.000,5.8,8.9,1.2,335,12,6.4,10.4,1.3,335,13,6.4,10.4,1.3,335,13,0,30.02,-0.0,0,0,0,43.7,47.8,50.5,0.20,0.22,0.30
REDH,2019-11-08 18:20:00 EST,42.00168,-73.88391,213,28.8,29.5,21.2,53.8,14.1,0.000,0.000,0.00,0.000,7.0,9.9,1.2,330,14,7.6,12.8,1.5,330,13,7.6,12.8,1.5,330,13,0,30.02,-0.1,0,0,0,43.6,47.8,50.5,0.20,0.22,0.30
REDH,2019-11-08 18:25:00 EST,42.00168,-73.88391,213,28.5,29.5,21.8,54.0,14.0,0.000,0.000,0.00,0.000,5.9,8.5,1.2,328,14,6.4,9.4,1.3,329,13,6.4,9.4,1.3,329,13,0,30.03,0.0,0,0,0,43.5,47.8,50.5,0.20,0.22,0.30
REDH,2019-11-08 18:30:00 EST,42.00168,-73.88391,213,28.3,29.3,21.7,54.3,13.9,0.000,0.000,0.00,0.000,5.8,8.3,1.0,323,12,6.2,8.8,1.1,323,12,6.2,8.8,1.1,323,12,0,30.03,-0.0,0,0,0,43.5,47.8,50.5,0.20,0.22,0.30
REDH,2019-11-08 18:35:00 EST,42.00168,-73.88391,213,28.2,29.2,21.6,54.8,14.0,0.000,0.000,0.00,0.000,5.8,8.5,1.1,322,12,6.2,9.6,1.2,321,11,6.2,9.6,1.2,321,11,0,30.03,-0.1,0,0,0,43.4,47.8,50.5,0.20,0.22,0.30
REDH,2019-11-08 18:40:00 EST,42.00168,-73.88391,213,27.7,29.0,20.2,56.1,14.1,0.000,0.000,0.00,0.000,6.7,11.5,1.7,315,13,7.2,12.8,1.9,314,14,7.2,12.8,1.9,314,14,0,30.03,0.0,0,0,0,43.3,47.8,50.5,0.20,0.22,0.30
REDH,2019-11-08 18:45:00 EST,42.00168,-73.88391,213,28.3,29.2,20.8,55.1,14.3,0.000,0.000,0.00,0.000,7.0,11.5,1.5,326,10,7.4,12.7,1.5,326,10,7.4,12.7,1.5,326,10,0,30.03,-0.0,0,0,0,43.2,47.8,50.5,0.20,0.22,0.30
REDH,2019-11-08 18:50:00 EST,42.00168,-73.88391,213,28.5,29.2,21.4,54.5,14.2,0.000,0.000,0.00,0.000,6.2,11.0,1.8,333,22,6.9,12.6,2.1,334,16,6.9,12.6,2.1,334,16,0,30.03,-0.0,0,0,0,43.2,47.8,50.5,0.20,0.22,0.30
REDH,2019-11-08 18:55:00 EST,42.00168,-73.88391,213,28.3,29.2,21.6,55.2,14.3,0.000,0.000,0.00,0.000,5.7,9.2,1.6,329,13,6.3,9.5,1.7,329,12,6.3,9.5,1.7,329,12,0,30.03,0.0,0,0,0,43.2,47.8,50.5,0.20,0.22,0.30
REDH,2019-11-08 19:00:00 EST,42.00168,-73.88391,213,28.2,29.3,21.0,55.1,14.2,0.000,0.000,0.00,0.000,6.6,9.5,1.2,320,11,7.0,10.4,1.3,320,11,7.0,10.4,1.3,320,11,0,30.03,0.0,0,0,0,43.0,47.8,50.5,0.20,0.22,0.30
REDH,2019-11-08 19:05:00 EST,42.00168,-73.88391,213,28.4,29.3,20.8,55.2,14.4,0.000,0.000,0.00,0.000,7.0,11.2,1.5,330,12,7.6,11.4,1.5,330,13,7.6,11.4,1.5,330,13,0,30.04,-0.0,0,0,0,43.0,47.8,50.5,0.20,0.22,0.30
REDH,2019-11-08 19:10:00 EST,42.00168,-73.88391,213,28.2,29.1,19.3,55.7,14.4,0.000,0.000,0.00,0.000,8.8,12.4,1.7,313,12,9.4,13.5,1.7,313,13,9.4,13.5,1.7,313,13,0,30.04,0.0,0,0,0,42.9,47.8,50.5,0.20,0.22,0.30
REDH,2019-11-08 19:15:00 EST,42.00168,-73.88391,213,28.1,29.0,20.2,56.3,14.5,0.000,0.000,0.00,0.000,7.4,10.5,1.3,319,11,7.7,11.0,1.3,318,10,7.7,11.0,1.3,318,10,0,30.04,-0.1,0,0,0,42.8,47.8,50.5,0.20,0.22,0.30
REDH,2019-11-08 19:20:00 EST,42.00168,-73.88391,213,28.1,29.0,20.4,56.6,14.6,0.000,0.000,0.00,0.000,7.2,11.4,2.4,313,11,7.6,11.9,2.5,312,10,7.6,11.9,2.5,312,10,0,30.04,0.0,0,0,0,42.8,47.8,50.5,0.20,0.22,0.30
REDH,2019-11-08 19:25:00 EST,42.00168,-73.88391,213,28.3,29.0,21.4,56.1,14.6,0.000,0.000,0.00,0.000,6.2,12.8,2.1,321,12,6.6,14.2,2.4,320,12,6.6,14.2,2.4,320,12,0,30.04,-0.1,0,0,0,42.8,47.8,50.5,0.20,0.22,0.30
REDH,2019-11-08 19:30:00 EST,42.00168,-73.88391,213,28.1,28.9,21.8,56.0,14.4,0.000,0.000,0.00,0.000,5.1,11.0,1.9,342,26,5.8,13.0,2.4,342,23,5.8,13.0,2.4,342,23,0,30.05,0.1,0,0,0,42.6,47.7,50.5,0.20,0.22,0.30
REDH,2019-11-08 19:35:00 EST,42.00168,-73.88391,213,28.4,29.0,23.6,55.4,14.4,0.000,0.000,0.00,0.000,3.7,8.5,1.8,354,15,4.2,10.1,1.9,356,13,4.2,10.1,1.9,356,13,0,30.05,-0.0,0,0,0,42.6,47.6,50.5,0.20,0.22,0.30
REDH,2019-11-08 19:40:00 EST,42.00168,-73.88391,213,27.9,28.9,24.0,56.3,14.3,0.000,0.000,0.00,0.000,3.1,5.1,0.9,7,17,3.5,5.2,0.9,7,17,3.5,5.2,0.9,7,17,0,30.05,-0.0,0,0,0,42.5,47.5,50.5,0.20,0.22,0.30
REDH,2019-11-08 19:45:00 EST,42.00168,-73.88391,213,27.5,28.7,22.8,57.1,14.3,0.000,0.000,0.00,0.000,3.7,5.8,0.8,341,14,4.1,6.4,0.8,342,14,4.1,6.4,0.8,342,14,0,30.05,-0.1,0,0,0,42.4,47.5,50.5,0.20,0.22,0.30
REDH,2019-11-08 19:50:00 EST,42.00168,-73.88391,213,27.1,28.4,22.4,58.9,14.6,0.000,0.000,0.00,0.000,3.8,6.4,1.0,322,9,4.0,6.9,1.2,321,9,4.0,6.9,1.2,321,9,0,30.05,-0.1,0,0,0,42.4,47.5,50.5,0.20,0.22,0.30
REDH,2019-11-08 19:55:00 EST,42.00168,-73.88391,213,27.6,28.8,19.6,58.1,14.8,0.000,0.000,0.00,0.000,7.4,13.4,2.7,327,21,7.9,14.3,2.8,328,21,7.9,14.3,2.8,328,21,0,30.05,-0.0,0,0,0,42.4,47.5,50.5,0.20,0.22,0.30
REDH,2019-11-08 20:00:00 EST,42.00168,-73.88391,213,27.4,28.5,21.0,57.5,14.3,0.000,0.000,0.00,0.000,5.1,7.3,0.9,323,15,5.6,8.2,1.1,322,15,5.6,8.2,1.1,322,15,0,30.05,-0.0,0,0,0,42.3,47.5,50.5,0.20,0.22,0.30
REDH,2019-11-08 20:05:00 EST,42.00168,-73.88391,213,27.7,28.8,21.4,57.4,14.6,0.000,0.000,0.00,0.000,5.3,8.5,1.5,327,10,5.6,8.9,1.6,328,11,5.6,8.9,1.6,328,11,0,30.05,0.0,0,0,0,42.3,47.5,50.5,0.20,0.22,0.30
REDH,2019-11-08 20:10:00 EST,42.00168,-73.88391,213,27.5,28.6,27.5,57.7,14.6,0.000,0.000,0.00,0.000,2.2,3.8,0.6,329,18,2.4,4.1,0.7,328,16,2.4,4.1,0.7,328,16,0,30.05,-0.0,0,0,0,42.3,47.5,50.5,0.20,0.22,0.30
REDH,2019-11-08 20:15:00 EST,42.00168,-73.88391,213,27.5,28.6,27.5,57.9,14.6,0.000,0.000,0.00,0.000,2.1,3.3,0.4,336,12,2.4,4.0,0.6,334,12,2.4,4.0,0.6,334,12,0,30.06,-0.1,0,0,0,42.2,47.5,50.5,0.20,0.22,0.30
REDH,2019-11-08 20:20:00 EST,42.00168,-73.88391,213,27.5,28.5,27.5,57.3,14.4,0.000,0.000,0.00,0.000,2.1,3.4,0.4,355,21,2.5,4.0,0.6,356,20,2.5,4.0,0.6,356,20,0,30.06,-0.0,0,0,0,42.1,47.5,50.5,0.20,0.22,0.30
REDH,2019-11-08 20:25:00 EST,42.00168,-73.88391,213,27.6,28.6,22.0,57.3,14.5,0.000,0.000,0.00,0.000,4.5,7.5,1.2,337,21,4.9,8.5,1.3,338,17,4.9,8.5,1.3,338,17,0,30.06,-0.1,0,0,0,42.1,47.5,50.5,0.20,0.22,0.30
REDH,2019-11-08 20:30:00 EST,42.00168,-73.88391,213,27.1,28.3,22.3,58.5,14.5,0.000,0.000,0.00,0.000,3.7,5.8,0.9,346,12,4.1,6.9,1.0,347,11,4.1,6.9,1.0,347,11,0,30.06,0.0,0,0,0,42.1,47.5,50.5,0.20,0.22,0.30
REDH,2019-11-08 20:35:00 EST,42.00168,-73.88391,213,26.9,28.3,21.4,58.7,14.4,0.000,0.000,0.00,0.000,4.1,5.4,0.7,339,11,4.7,6.3,0.8,339,11,4.7,6.3,0.8,339,11,0,30.06,0.0,0,0,0,42.0,47.5,50.5,0.20,0.22,0.30
REDH,2019-11-08 20:40:00 EST,42.00168,-73.88391,213,26.6,28.2,22.1,59.7,14.5,0.000,0.000,0.00,0.000,3.2,4.2,0.5,358,9,3.8,4.9,0.5,358,7,3.8,4.9,0.5,358,7,0,30.06,0.0,0,0,0,41.9,47.5,50.5,0.20,0.22,0.30
REDH,2019-11-08 20:45:00 EST,42.00168,-73.88391,213,26.7,28.1,22.8,60.3,14.8,0.000,0.000,0.00,0.000,2.9,5.2,0.7,341,10,3.4,4.9,0.6,341,10,3.4,4.9,0.6,341,10,0,30.06,-0.0,0,0,0,41.9,47.5,50.5,0.20,0.22,0.30
REDH,2019-11-08 20:50:00 EST,42.00168,-73.88391,213,26.3,27.9,26.3,63.1,15.5,0.000,0.000,0.00,0.000,2.4,3.2,0.4,354,6,3.0,4.0,0.5,354,6,3.0,4.0,0.5,354,6,0,30.06,-0.0,0,0,0,41.8,47.5,50.5,0.20,0.22,0.30
REDH,2019-11-08 20:55:00 EST,42.00168,-73.88391,213,25.9,27.7,25.9,64.9,15.7,0.000,0.000,0.00,0.000,1.5,2.1,0.3,18,16,1.8,3.1,0.4,17,17,1.8,3.1,0.4,17,17,0,30.07,-0.1,0,0,0,41.8,47.5,50.5,0.20,0.22,0.30
REDH,2019-11-08 21:00:00 EST,42.00168,-73.88391,213,25.6,27.4,25.6,67.0,16.2,0.000,0.000,0.00,0.000,1.3,2.2,0.3,38,16,1.5,2.7,0.3,36,16,1.5,2.7,0.3,36,16,0,30.07,0.0,0,0,0,41.7,47.5,50.5,0.20,0.22,0.30
REDH,2019-11-08 21:05:00 EST,42.00168,-73.88391,213,25.2,27.2,25.2,67.6,16.0,0.000,0.000,0.00,0.000,0.4,1.5,0.5,45,9,0.7,1.8,0.6,33,19,0.7,1.8,0.6,33,19,0,30.07,-0.1,0,0,0,41.7,47.5,50.5,0.20,0.22,0.30
REDH,2019-11-08 21:10:00 EST,42.00168,-73.88391,213,24.4,26.6,24.4,68.4,15.5,0.000,0.000,0.00,0.000,1.0,2.3,0.7,345,26,1.4,3.2,0.8,336,32,1.4,3.2,0.8,336,32,0,30.07,-0.0,0,0,0,41.7,47.5,50.5,0.20,0.22,0.30
REDH,2019-11-08 21:15:00 EST,42.00168,-73.88391,213,24.3,26.0,24.3,68.7,15.5,0.000,0.000,0.00,0.000,1.7,3.1,1.0,151,22,1.9,3.4,1.0,145,18,1.9,3.4,1.0,145,18,0,30.07,-0.0,0,0,0,41.6,47.5,50.5,0.20,0.22,0.30
REDH,2019-11-08 21:20:00 EST,42.00168,-73.88391,213,23.4,25.5,23.4,72.4,15.8,0.000,0.000,0.00,0.000,2.2,3.0,0.6,179,15,2.4,3.5,0.8,179,16,2.4,3.5,0.8,179,16,0,30.07,0.1,0,0,0,41.5,47.4,50.5,0.20,0.22,0.30
REDH,2019-11-08 21:25:00 EST,42.00168,-73.88391,213,23.5,26.0,19.5,73.5,16.3,0.000,0.000,0.00,0.000,2.8,3.6,0.4,166,6,3.1,4.2,0.4,163,8,3.1,4.2,0.4,163,8,0,30.07,0.1,0,0,0,41.5,47.3,50.5,0.20,0.22,0.30
REDH,2019-11-08 21:30:00 EST,42.00168,-73.88391,213,24.3,26.5,24.3,72.0,16.6,0.000,0.000,0.00,0.000,2.4,4.1,0.6,170,11,2.7,4.5,0.7,169,13,2.7,4.5,0.7,169,13,0,30.08,-0.1,0,0,0,41.5,47.3,50.5,0.20,0.22,0.30
REDH,2019-11-08 21:35:00 EST,42.00168,-73.88391,213,24.2,26.1,19.9,72.2,16.5,0.000,0.000,0.00,0.000,3.0,4.3,0.6,173,10,3.4,4.9,0.6,172,12,3.4,4.9,0.6,172,12,0,30.08,0.1,0,0,0,41.5,47.3,50.5,0.20,0.22,0.30
REDH,2019-11-08 21:40:00 EST,42.00168,-73.88391,213,24.3,26.2,24.3,72.4,16.7,0.000,0.000,0.00,0.000,2.2,3.6,0.5,158,22,2.3,4.0,0.7,158,24,2.3,4.0,0.7,158,24,0,30.08,0.1,0,0,0,41.4,47.3,50.5,0.20,0.22,0.30
REDH,2019-11-08 21:45:00 EST,42.00168,-73.88391,213,23.3,25.9,23.3,71.8,15.5,0.000,0.000,0.00,0.000,2.4,3.1,0.4,152,5,2.5,3.6,0.4,148,6,2.5,3.6,0.4,148,6,0,30.08,-0.0,0,0,0,41.4,47.3,50.5,0.20,0.22,0.30
REDH,2019-11-08 21:50:00 EST,42.00168,-73.88391,213,23.6,25.4,23.6,75.2,16.9,0.000,0.000,0.00,0.000,0.9,1.8,0.5,153,12,1.0,1.9,0.6,151,15,1.0,1.9,0.6,151,15,0,30.08,0.1,0,0,0,41.4,47.3,50.5,0.19,0.22,0.30
REDH,2019-11-08 21:55:00 EST,42.00168,-73.88391,213,23.6,25.8,23.6,74.8,16.8,0.000,0.000,0.00,0.000,0.8,1.4,0.4,175,6,1.2,1.7,0.3,180,12,1.2,1.7,0.3,180,12,0,30.08,-0.0,0,0,0,41.4,47.3,50.5,0.19,0.22,0.30
REDH,2019-11-08 22:00:00 EST,42.00168,-73.88391,213,23.2,25.0,23.2,74.5,16.3,0.000,0.000,0.00,0.000,0.1,0.9,0.2,183,10,0.3,1.3,0.4,152,26,0.3,1.3,0.4,152,26,0,30.08,0.1,0,0,0,41.2,47.3,50.5,0.19,0.22,0.30
REDH,2019-11-08 22:05:00 EST,42.00168,-73.88391,213,22.9,24.4,22.9,74.4,16.0,0.000,0.000,0.00,0.000,1.1,1.8,0.6,153,8,1.4,2.1,0.6,149,8,1.4,2.1,0.6,149,8,0,30.09,-0.1,0,0,0,41.2,47.3,50.5,0.20,0.22,0.30
REDH,2019-11-08 22:10:00 EST,42.00168,-73.88391,213,22.3,24.4,22.3,77.0,16.2,0.000,0.000,0.00,0.000,1.9,2.6,0.2,169,8,2.2,2.8,0.3,168,12,2.2,2.8,0.3,168,12,0,30.09,-0.0,0,0,0,41.2,47.3,50.5,0.19,0.22,0.30
REDH,2019-11-08 22:15:00 EST,42.00168,-73.88391,213,21.6,24.2,21.6,78.0,15.8,0.000,0.000,0.00,0.000,0.6,1.5,0.3,181,5,0.9,1.7,0.2,179,9,0.9,1.7,0.2,179,9,0,30.09,-0.0,0,0,0,41.2,47.3,50.5,0.19,0.22,0.30
REDH,2019-11-08 22:20:00 EST,42.00168,-73.88391,213,22.1,23.8,22.1,80.1,16.9,0.000,0.000,0.00,0.000,1.1,1.8,0.6,140,12,1.4,1.8,0.4,135,16,1.4,1.8,0.4,135,16,0,30.09,0.1,0,0,0,41.1,47.3,50.5,0.19,0.22,0.30
REDH,2019-11-08 22:25:00 EST,42.00168,-73.88391,213,22.1,23.8,22.1,81.2,17.2,0.000,0.000,0.00,0.000,1.3,1.8,0.3,145,1,1.5,2.0,0.2,137,6,1.5,2.0,0.2,137,6,0,30.09,-0.2,0,0,0,41.0,47.2,50.5,0.19,0.22,0.30
REDH,2019-11-08 22:30:00 EST,42.00168,-73.88391,213,21.0,23.8,21.0,80.8,16.0,0.000,0.000,0.00,0.000,2.1,2.5,0.2,151,4,2.2,2.7,0.3,147,5,2.2,2.7,0.3,147,5,0,30.09,0.0,0,0,0,41.0,47.2,50.5,0.19,0.22,0.30
REDH,2019-11-08 22:35:00 EST,42.00168,-73.88391,213,21.7,23.5,21.7,83.4,17.4,0.000,0.000,0.00,0.000,1.5,2.0,0.3,135,10,1.6,2.2,0.3,132,11,1.6,2.2,0.3,132,11,0,30.09,-0.0,0,0,0,41.0,47.1,50.5,0.19,0.22,0.30
REDH,2019-11-08 22:40:00 EST,42.00168,-73.88391,213,22.2,23.7,22.2,81.0,17.3,0.000,0.000,0.00,0.000,2.2,2.6,0.3,148,5,2.3,2.7,0.3,144,4,2.3,2.7,0.3,144,4,0,30.09,-0.0,0,0,0,41.0,47.1,50.4,0.20,0.22,0.30
REDH,2019-11-08 22:45:00 EST,42.00168,-73.88391,213,22.0,23.6,22.0,79.3,16.6,0.000,0.000,0.00,0.000,2.3,2.8,0.2,122,11,2.3,2.9,0.3,121,9,2.3,2.9,0.3,121,9,0,30.10,0.1,0,0,0,41.0,47.1,50.4,0.20,0.22,0.30
REDH,2019-11-08 22:50:00 EST,42.00168,-73.88391,213,21.9,23.5,21.9,78.6,16.3,0.000,0.000,0.00,0.000,1.3,2.4,0.6,68,25,1.6,2.7,0.6,60,27,1.6,2.7,0.6,60,27,0,30.10,-0.0,0,0,0,40.9,47.1,50.4,0.20,0.22,0.30
REDH,2019-11-08 22:55:00 EST,42.00168,-73.88391,213,20.8,22.3,20.8,82.6,16.3,0.000,0.000,0.00,0.000,1.6,2.1,0.4,336,11,1.9,2.6,0.3,333,10,1.9,2.6,0.3,333,10,0,30.10,0.1,0,0,0,40.8,47.1,50.4,0.20,0.22,0.30
REDH,2019-11-08 23:00:00 EST,42.00168,-73.88391,213,20.5,22.0,20.5,86.0,16.9,0.000,0.000,0.00,0.000,1.1,2.6,0.9,358,8,1.4,3.4,1.2,356,8,1.4,3.4,1.2,356,8,0,30.10,-0.1,0,0,0,40.8,47.1,50.4,0.20,0.22,0.30
REDH,2019-11-08 23:05:00 EST,42.00168,-73.88391,213,20.1,21.7,20.1,86.2,16.6,0.000,0.000,0.00,0.000,0.5,1.3,0.5,322,1,0.8,1.7,0.6,317,10,0.8,1.7,0.6,317,10,0,30.10,0.1,0,0,0,40.8,47.1,50.4,0.19,0.22,0.30
REDH,2019-11-08 23:10:00 EST,42.00168,-73.88391,213,19.6,21.8,19.6,85.7,16.0,0.000,0.000,0.00,0.000,0.1,0.9,0.3,321,0,0.4,1.3,0.4,191,38,0.4,1.3,0.4,191,38,0,30.10,0.0,0,0,0,40.8,47.1,50.4,0.20,0.22,0.30
REDH,2019-11-08 23:15:00 EST,42.00168,-73.88391,213,20.6,21.7,20.6,88.0,17.6,0.000,0.000,0.00,0.000,0.1,0.7,0.2,321,0,0.6,1.2,0.4,240,55,0.6,1.2,0.4,240,55,0,30.10,0.1,0,0,0,40.7,47.1,50.4,0.20,0.22,0.30
REDH,2019-11-08 23:20:00 EST,42.00168,-73.88391,213,20.4,21.8,20.4,87.5,17.3,0.000,0.000,0.00,0.000,1.9,2.6,0.6,165,43,2.3,3.0,0.5,156,7,2.3,3.0,0.5,156,7,0,30.10,-0.1,0,0,0,40.6,47.1,50.4,0.20,0.22,0.30
REDH,2019-11-08 23:25:00 EST,42.00168,-73.88391,213,18.8,21.9,18.8,86.6,15.5,0.000,0.000,0.00,0.000,1.9,2.1,0.1,150,3,2.0,2.3,0.1,145,4,2.0,2.3,0.1,145,4,0,30.10,0.2,0,0,0,40.6,47.1,50.4,0.20,0.22,0.30
REDH,2019-11-08 23:30:00 EST,42.00168,-73.88391,213,20.5,22.0,20.5,88.9,17.8,0.000,0.000,0.00,0.000,2.0,2.5,0.2,144,2,2.1,2.6,0.3,139,4,2.1,2.6,0.3,139,4,0,30.10,-0.1,0,0,0,40.6,47.1,50.4,0.20,0.22,0.30
REDH,2019-11-08 23:35:00 EST,42.00168,-73.88391,213,19.1,21.3,19.1,85.3,15.4,0.000,0.000,0.00,0.000,0.6,1.6,0.6,147,0,0.6,1.8,0.7,140,2,0.6,1.8,0.7,140,2,0,30.10,0.1,0,0,0,40.6,47.1,50.4,0.20,0.22,0.30
REDH,2019-11-08 23:40:00 EST,42.00168,-73.88391,213,20.3,21.2,20.3,88.9,17.5,0.000,0.000,0.00,0.000,0.0,0.0,0.0,0,0,0.2,1.1,0.4,358,4,0.2,1.1,0.4,358,4,0,30.10,0.0,0,0,0,40.6,46.9,50.4,0.20,0.22,0.30
REDH,2019-11-08 23:45:00 EST,42.00168,-73.88391,213,18.9,21.1,18.9,87.6,15.8,0.000,0.000,0.00,0.000,0.9,2.1,0.8,203,8,1.3,2.2,0.7,208,7,1.3,2.2,0.7,208,7,0,30.10,-0.0,0,0,0,40.5,46.9,50.4,0.20,0.22,0.30
REDH,2019-11-08 23:50:00 EST,42.00168,-73.88391,213,19.4,20.7,19.4,90.1,17.0,0.000,0.000,0.00,0.000,1.1,1.7,0.3,253,16,1.4,2.0,0.2,263,22,1.4,2.0,0.2,263,22,0,30.11,0.1,0,0,0,40.5,46.9,50.4,0.20,0.22,0.30
REDH,2019-11-08 23:55:00 EST,42.00168,-73.88391,213,18.3,20.8,18.3,89.1,15.6,0.000,0.000,0.00,0.000,0.8,1.8,0.5,276,11,1.3,2.1,0.3,252,29,1.3,2.1,0.3,252,29,0,30.11,-0.0,0,0,0,40.5,46.9,50.4,0.20,0.22,0.30
ROXB,2019-11-08 00:00:00 EST,42.32964,-74.46746,1880,22.8,23.1,13.6,82.4,18.2,0.000,0.246,0.00,0.000,7.3,13.4,1.8,323,15,8.1,14.5,2.1,323,14,8.1,14.5,2.1,323,14,0,28.02,0.1,0,0,,44.9,46.8,,0.32,0.54,
ROXB,2019-11-08 00:05:00 EST,42.32964,-74.46746,1880,22.7,23.0,13.3,83.8,18.6,0.000,0.000,0.00,0.000,7.6,11.4,1.9,326,11,8.3,12.6,1.9,328,10,8.3,12.6,1.9,328,10,0,28.02,0.2,0,0,,44.8,46.8,,0.32,0.54,
ROXB,2019-11-08 00:10:00 EST,42.32964,-74.46746,1880,22.5,22.9,13.6,84.8,18.7,0.000,0.000,0.00,0.000,6.9,10.8,1.3,323,15,7.6,12.1,1.5,326,16,7.6,12.1,1.5,326,16,0,28.02,0.1,0,0,,44.8,46.8,,0.32,0.54,
ROXB,2019-11-08 00:15:00 EST,42.32964,-74.46746,1880,22.7,22.9,13.4,84.9,18.8,0.000,0.000,0.00,0.000,7.4,12.6,2.3,324,15,8.1,14.1,2.5,327,16,8.1,14.1,2.5,327,16,0,28.02,0.1,0,0,,44.8,46.8,,0.32,0.54,
ROXB,2019-11-08 00:20:00 EST,42.32964,-74.46746,1880,22.7,22.9,13.0,85.5,19.0,0.000,0.000,0.00,0.000,8.3,12.3,1.7,329,12,8.8,14.9,1.9,332,11,8.8,14.9,1.9,332,11,0,28.02,0.1,0,0,,44.8,46.8,,0.32,0.54,
ROXB,2019-11-08 00:25:00 EST,42.32964,-74.46746,1880,22.5,22.7,14.9,86.0,18.9,0.000,0.000,0.00,0.000,5.4,8.5,1.2,332,16,6.0,9.8,1.3,335,15,6.0,9.8,1.3,335,15,0,28.02,0.1,0,0,,44.8,46.8,,0.32,0.54,
ROXB,2019-11-08 00:30:00 EST,42.32964,-74.46746,1880,22.2,22.5,15.5,87.2,19.0,0.000,0.000,0.00,0.000,4.5,6.5,0.9,328,19,5.1,7.1,1.0,330,19,5.1,7.1,1.0,330,19,0,28.02,0.2,0,0,,44.8,46.8,,0.32,0.54,
ROXB,2019-11-08 00:35:00 EST,42.32964,-74.46746,1880,22.1,22.4,14.2,87.5,18.9,0.000,0.000,0.00,0.000,5.5,11.6,2.4,329,17,6.2,12.7,2.4,331,16,6.2,12.7,2.4,331,16,0,28.02,0.2,0,0,,44.8,46.8,,0.32,0.54,
ROXB,2019-11-08 00:40:00 EST,42.32964,-74.46746,1880,22.2,22.6,13.0,84.6,18.3,0.000,0.000,0.00,0.000,7.2,11.9,1.9,322,12,7.9,14.6,2.1,324,13,7.9,14.6,2.1,324,13,0,28.01,0.2,0,0,,44.8,46.8,,0.32,0.54,
ROXB,2019-11-08 00:45:00 EST,42.32964,-74.46746,1880,22.0,22.3,14.0,86.1,18.4,0.000,0.000,0.00,0.000,5.7,9.4,1.5,327,14,6.3,10.4,1.5,328,13,6.3,10.4,1.5,328,13,0,28.01,0.1,0,0,,44.8,46.8,,0.32,0.54,
ROXB,2019-11-08 00:50:00 EST,42.32964,-74.46746,1880,21.8,22.2,13.3,85.6,18.1,0.000,0.000,0.00,0.000,6.0,11.1,2.1,324,19,6.8,11.8,2.4,326,18,6.8,11.8,2.4,326,18,0,28.01,0.1,0,0,,44.8,46.8,,0.32,0.54,
ROXB,2019-11-08 00:55:00 EST,42.32964,-74.46746,1880,21.8,22.2,13.2,84.3,17.8,0.000,0.000,0.00,0.000,6.4,12.3,1.6,330,12,7.0,14.2,1.8,333,12,7.0,14.2,1.8,333,12,0,28.01,0.1,0,0,,44.8,46.8,,0.32,0.54,
ROXB,2019-11-08 01:00:00 EST,42.32964,-74.46746,1880,21.7,22.2,12.9,83.6,17.5,0.000,0.000,0.00,0.000,6.6,12.1,2.1,327,14,7.2,12.5,2.0,329,14,7.2,12.5,2.0,329,14,0,28.01,0.2,0,0,,44.8,46.8,,0.32,0.54,
ROXB,2019-11-08 01:05:00 EST,42.32964,-74.46746,1880,21.5,22.0,13.3,83.9,17.4,0.000,0.000,0.00,0.000,5.9,10.4,1.5,329,14,6.5,12.4,1.7,329,13,6.5,12.4,1.7,329,13,0,28.01,0.2,0,0,,44.7,46.8,,0.32,0.54,
ROXB,2019-11-08 01:10:00 EST,42.32964,-74.46746,1880,21.5,21.9,12.2,83.8,17.4,0.000,0.000,0.00,0.000,7.0,11.0,1.9,337,10,7.8,13.0,2.1,339,8,7.8,13.0,2.1,339,8,0,28.01,0.1,0,0,,44.7,46.8,,0.32,0.54,
ROXB,2019-11-08 01:15:00 EST,42.32964,-74.46746,1880,21.2,21.6,13.6,85.4,17.5,0.000,0.000,0.00,0.000,5.1,9.8,1.5,337,13,5.7,10.1,1.6,338,11,5.7,10.1,1.6,338,11,0,28.00,0.1,0,0,,44.6,46.8,,0.32,0.54,
ROXB,2019-11-08 01:20:00 EST,42.32964,-74.46746,1880,21.1,21.6,12.8,85.7,17.5,0.000,0.000,0.00,0.000,5.7,8.5,1.2,335,15,6.5,10.2,1.4,336,13,6.5,10.2,1.4,336,13,0,28.00,0.1,0,0,,44.6,46.8,,0.32,0.54,
ROXB,2019-11-08 01:25:00 EST,42.32964,-74.46746,1880,21.0,21.5,13.5,85.4,17.3,0.000,0.000,0.00,0.000,5.0,9.2,1.4,330,15,5.6,11.7,1.6,334,13,5.6,11.7,1.6,334,13,0,28.00,0.2,0,0,,44.6,46.8,,0.32,0.54,
ROXB,2019-11-08 01:30:00 EST,42.32964,-74.46746,1880,21.0,21.5,13.3,84.5,17.1,0.000,0.000,0.00,0.000,5.2,8.9,1.4,333,14,5.9,10.7,1.4,335,13,5.9,10.7,1.4,335,13,0,28.00,0.1,0,0,,44.6,46.8,,0.32,0.54,
ROXB,2019-11-08 01:35:00 EST,42.32964,-74.46746,1880,20.8,21.4,13.7,84.2,16.8,0.000,0.000,0.00,0.000,4.7,8.8,1.5,334,19,5.2,10.2,1.6,337,15,5.2,10.2,1.6,337,15,0,28.00,0.1,0,0,,44.6,46.8,,0.32,0.54,
ROXB,2019-11-08 01:40:00 EST,42.32964,-74.46746,1880,20.5,21.1,15.6,85.3,16.8,0.000,0.000,0.00,0.000,2.9,5.3,0.9,342,19,3.4,6.0,1.1,344,14,3.4,6.0,1.1,344,14,0,28.00,0.0,0,0,,44.6,46.8,,0.32,0.54,
ROXB,2019-11-08 01:45:00 EST,42.32964,-74.46746,1880,20.5,21.1,15.9,86.0,16.9,0.000,0.000,0.00,0.000,2.8,4.7,0.9,342,13,3.2,5.5,1.0,344,13,3.2,5.5,1.0,344,13,0,28.00,0.2,0,0,,44.6,46.8,,0.32,0.54,
ROXB,2019-11-08 01:50:00 EST,42.32964,-74.46746,1880,20.5,21.2,20.5,85.7,16.9,0.000,0.000,0.00,0.000,1.9,3.5,0.9,325,20,2.4,4.5,0.8,328,19,2.4,4.5,0.8,328,19,0,28.00,0.1,0,0,,44.6,46.8,,0.32,0.54,
ROXB,2019-11-08 01:55:00 EST,42.32964,-74.46746,1880,20.4,21.1,15.0,83.8,16.3,0.000,0.000,0.00,0.000,3.3,5.6,0.9,342,14,3.8,5.7,0.9,343,13,3.8,5.7,0.9,343,13,0,28.00,0.2,0,0,,44.6,46.8,,0.32,0.54,
ROXB,2019-11-08 02:00:00 EST,42.32964,-74.46746,1880,20.3,20.9,15.2,84.9,16.5,0.000,0.000,0.00,0.000,2.9,4.2,0.6,347,11,3.6,5.3,0.7,347,11,3.6,5.3,0.7,347,11,0,28.00,0.1,0,0,,44.6,46.8,,0.32,0.54,
ROXB,2019-11-08 02:05:00 EST,42.32964,-74.46746,1880,20.1,20.9,13.2,85.5,16.4,0.000,0.000,0.00,0.000,4.4,7.1,0.8,331,13,4.9,7.8,1.0,334,12,4.9,7.8,1.0,334,12,0,28.00,0.1,0,0,,44.5,46.8,,0.32,0.54,
ROXB,2019-11-08 02:10:00 EST,42.32964,-74.46746,1880,20.4,21.1,13.5,84.1,16.3,0.000,0.000,0.00,0.000,4.5,7.5,0.9,300,17,4.9,8.2,1.1,300,17,4.9,8.2,1.1,300,17,0,28.00,0.1,0,0,,44.5,46.8,,0.32,0.54,
ROXB,2019-11-08 02:15:00 EST,42.32964,-74.46746,1880,20.3,21.1,14.6,83.2,16.1,0.000,0.000,0.00,0.000,3.6,5.1,0.8,287,16,4.0,6.0,1.0,287,16,4.0,6.0,1.0,287,16,0,28.00,0.2,0,0,,44.4,46.8,,0.32,0.54,
ROXB,2019-11-08 02:20:00 EST,42.32964,-74.46746,1880,20.4,21.1,15.7,82.7,16.0,0.000,0.000,0.00,0.000,3.0,4.6,0.6,303,13,3.3,5.2,0.7,303,13,3.3,5.2,0.7,303,13,0,27.99,0.1,0,0,,44.4,46.8,,0.32,0.54,
ROXB,2019-11-08 02:25:00 EST,42.32964,-74.46746,1880,20.5,21.1,15.6,82.7,16.0,0.000,0.000,0.00,0.000,3.2,4.8,0.8,302,13,3.4,5.3,0.8,302,12,3.4,5.3,0.8,302,12,0,27.99,0.2,0,0,,44.4,46.8,,0.32,0.54,
ROXB,2019-11-08 02:30:00 EST,42.32964,-74.46746,1880,20.1,20.8,14.6,82.6,15.7,0.000,0.000,0.00,0.000,3.3,5.8,1.3,324,15,3.8,6.5,1.2,325,14,3.8,6.5,1.2,325,14,0,28.00,0.1,0,0,,44.4,46.8,,0.32,0.54,
ROXB,2019-11-08 02:35:00 EST,42.32964,-74.46746,1880,19.9,20.7,13.6,83.8,15.8,0.000,0.000,0.00,0.000,4.0,6.4,0.9,320,13,4.4,7.4,1.1,321,13,4.4,7.4,1.1,321,13,0,28.00,0.2,0,0,,44.4,46.8,,0.32,0.54,
ROXB,2019-11-08 02:40:00 EST,42.32964,-74.46746,1880,19.9,20.6,14.2,83.8,15.8,0.000,0.000,0.00,0.000,3.6,6.2,0.9,318,13,3.9,6.8,1.0,321,13,3.9,6.8,1.0,321,13,0,28.00,0.1,0,0,,44.4,46.8,,0.32,0.54,
ROXB,2019-11-08 02:45:00 EST,42.32964,-74.46746,1880,19.9,20.5,14.0,85.0,16.1,0.000,0.000,0.00,0.000,3.8,6.8,1.2,321,10,4.1,7.7,1.4,323,11,4.1,7.7,1.4,323,11,0,28.00,0.2,0,0,,44.4,46.8,,0.32,0.54,
ROXB,2019-11-08 02:50:00 EST,42.32964,-74.46746,1880,19.7,20.4,14.2,85.2,16.0,0.000,0.000,0.00,0.000,3.4,5.8,1.0,325,10,3.7,6.3,1.1,328,10,3.7,6.3,1.1,328,10,0,28.00,0.1,0,0,,44.4,46.8,,0.32,0.54,
ROXB,2019-11-08 02:55:00 EST,42.32964,-74.46746,1880,19.5,20.2,14.3,85.8,15.9,0.000,0.000,0.00,0.000,3.3,5.4,0.9,315,15,3.6,6.3,1.0,316,15,3.6,6.3,1.0,316,15,0,27.99,0.1,0,0,,44.4,46.8,,0.32,0.54,
ROXB,2019-11-08 03:00:00 EST,42.32964,-74.46746,1880,19.8,20.3,14.2,85.4,16.2,0.000,0.000,0.00,0.000,3.8,6.4,0.9,314,11,3.9,7.1,1.0,315,11,3.9,7.1,1.0,315,11,0,27.99,0.1,0,0,,44.4,46.8,,0.32,0.54,
ROXB,2019-11-08 03:05:00 EST,42.32964,-74.46746,1880,19.6,20.3,19.6,84.9,15.8,0.000,0.000,0.00,0.000,2.2,4.2,0.9,300,18,2.6,5.4,0.9,301,18,2.6,5.4,0.9,301,18,0,27.99,0.1,0,0,,44.1,46.8,,0.32,0.54,
ROXB,2019-11-08 03:10:00 EST,42.32964,-74.46746,1880,19.9,20.4,14.6,85.1,16.1,0.000,0.000,0.00,0.000,3.2,4.6,0.8,319,13,3.6,5.3,0.9,322,14,3.6,5.3,0.9,322,14,0,27.99,0.2,0,0,,44.1,46.8,,0.32,0.54,
ROXB,2019-11-08 03:15:00 EST,42.32964,-74.46746,1880,19.9,20.4,14.7,84.4,15.9,0.000,0.000,0.00,0.000,3.5,5.1,0.8,308,13,3.6,5.5,0.9,309,12,3.6,5.5,0.9,309,12,0,27.99,0.2,0,0,,44.1,46.8,,0.32,0.54,
ROXB,2019-11-08 03:20:00 EST,42.32964,-74.46746,1880,19.6,20.4,14.0,83.7,15.5,0.000,0.000,0.00,0.000,3.5,6.1,1.0,298,14,3.8,6.4,1.2,297,14,3.8,6.4,1.2,297,14,0,27.99,0.1,0,0,,44.1,46.8,,0.32,0.54,
ROXB,2019-11-08 03:25:00 EST,42.32964,-74.46746,1880,19.8,20.3,15.0,84.0,15.8,0.000,0.000,0.00,0.000,3.2,4.6,0.5,319,12,3.3,5.2,0.6,321,12,3.3,5.2,0.6,321,12,0,28.00,0.2,0,0,,44.1,46.8,,0.32,0.54,
ROXB,2019-11-08 03:30:00 EST,42.32964,-74.46746,1880,19.7,20.2,14.2,84.7,15.8,0.000,0.000,0.00,0.000,3.4,8.0,1.4,307,17,3.8,8.4,1.5,306,19,3.8,8.4,1.5,306,19,0,28.00,0.2,0,0,,44.1,46.7,,0.32,0.54,
ROXB,2019-11-08 03:35:00 EST,42.32964,-74.46746,1880,19.8,20.2,15.2,85.4,16.1,0.000,0.000,0.00,0.000,2.8,7.2,1.1,293,17,3.2,6.5,1.1,292,17,3.2,6.5,1.1,292,17,0,28.00,0.0,0,0,,44.1,46.8,,0.32,0.54,
ROXB,2019-11-08 03:40:00 EST,42.32964,-74.46746,1880,19.8,20.4,13.7,86.2,16.3,0.000,0.000,0.00,0.000,3.7,6.6,1.5,293,18,4.2,9.3,1.7,294,17,4.2,9.3,1.7,294,17,0,27.99,0.1,0,0,,44.1,46.8,,0.32,0.54,
ROXB,2019-11-08 03:45:00 EST,42.32964,-74.46746,1880,20.0,20.5,13.1,85.9,16.5,0.000,0.000,0.00,0.000,4.4,8.7,1.5,299,19,4.9,10.2,1.6,301,20,4.9,10.2,1.6,301,20,0,27.99,0.1,0,0,,44.0,46.7,,0.32,0.54,
ROXB,2019-11-08 03:50:00 EST,42.32964,-74.46746,1880,20.2,20.6,14.1,85.0,16.4,0.000,0.000,0.00,0.000,3.8,7.0,1.3,295,23,4.2,8.7,1.5,296,22,4.2,8.7,1.5,296,22,0,27.99,0.1,0,0,,43.9,46.6,,0.32,0.54,
ROXB,2019-11-08 03:55:00 EST,42.32964,-74.46746,1880,20.0,20.5,15.4,85.4,16.4,0.000,0.000,0.00,0.000,2.8,6.9,1.4,287,23,3.2,8.2,1.5,287,21,3.2,8.2,1.5,287,21,0,27.99,0.2,0,0,,43.9,46.6,,0.32,0.54,
ROXB,2019-11-08 04:00:00 EST,42.32964,-74.46746,1880,20.0,20.5,20.0,85.0,16.2,0.000,0.000,0.00,0.000,2.0,5.1,1.2,308,28,2.4,6.0,1.4,309,25,2.4,6.0,1.4,309,25,0,27.99,0.1,0,0,,43.9,46.6,,0.32,0.54,
ROXB,2019-11-08 04:05:00 EST,42.32964,-74.46746,1880,20.3,20.8,13.8,84.6,16.5,0.000,0.000,0.00,0.000,4.1,8.3,1.8,292,26,4.6,11.3,2.2,292,24,4.6,11.3,2.2,292,24,0,27.99,0.1,0,0,,43.9,46.6,,0.32,0.54,
ROXB,2019-11-08 04:10:00 EST,42.32964,-74.46746,1880,20.3,20.8,15.9,83.8,16.2,0.000,0.000,0.00,0.000,2.6,4.8,1.2,311,22,3.1,6.2,1.2,313,22,3.1,6.2,1.2,313,22,0,27.99,0.2,0,0,,43.9,46.6,,0.32,0.54,
ROXB,2019-11-08 04:15:00 EST,42.32964,-74.46746,1880,20.4,20.9,14.1,83.2,16.1,0.000,0.000,0.00,0.000,3.9,6.4,1.3,300,23,4.4,7.5,1.6,300,20,4.4,7.5,1.6,300,20,0,27.99,0.2,0,0,,43.9,46.6,,0.32,0.54,
ROXB,2019-11-08 04:20:00 EST,42.32964,-74.46746,1880,20.5,20.9,14.8,82.9,16.1,0.000,0.000,0.00,0.000,3.6,6.2,1.2,305,21,4.0,8.0,1.4,307,20,4.0,8.0,1.4,307,20,0,27.99,0.2,0,0,,43.9,46.6,,0.32,0.54,
ROXB,2019-11-08 04:25:00 EST,42.32964,-74.46746,1880,20.6,21.1,14.0,82.4,16.1,0.000,0.000,0.00,0.000,4.2,9.8,1.6,295,16,4.7,12.0,2.0,295,15,4.7,12.0,2.0,295,15,0,27.99,0.2,0,0,,43.9,46.6,,0.32,0.54,
ROXB,2019-11-08 04:30:00 EST,42.32964,-74.46746,1880,20.5,21.1,13.4,82.1,15.9,0.000,0.000,0.00,0.000,4.6,9.9,1.4,289,17,5.2,10.3,1.7,289,15,5.2,10.3,1.7,289,15,0,27.99,0.1,0,0,,43.9,46.6,,0.32,0.54,
ROXB,2019-11-08 04:35:00 EST,42.32964,-74.46746,1880,20.7,21.2,12.9,81.5,16.0,0.000,0.000,0.00,0.000,5.2,9.8,1.8,290,26,5.9,12.0,2.1,291,25,5.9,12.0,2.1,291,25,0,27.99,0.2,0,0,,43.9,46.6,,0.32,0.54,
ROXB,2019-11-08 04:40:00 EST,42.32964,-74.46746,1880,20.7,21.2,13.1,80.9,15.8,0.000,0.000,0.00,0.000,4.9,10.4,2.0,293,16,5.7,11.4,2.3,292,15,5.7,11.4,2.3,292,15,0,27.99,0.1,0,0,,43.7,46.6,,0.32,0.54,
ROXB,2019-11-08 04:45:00 EST,42.32964,-74.46746,1880,20.6,21.1,13.1,81.9,16.0,0.000,0.000,0.00,0.000,5.0,8.3,1.5,291,20,5.6,9.6,1.8,291,18,5.6,9.6,1.8,291,18,0,27.99,0.1,0,0,,43.7,46.6,,0.32,0.54,
ROXB,2019-11-08 04:50:00 EST,42.32964,-74.46746,1880,20.7,21.1,12.4,81.7,16.0,0.000,0.000,0.00,0.000,5.7,10.1,1.9,292,16,6.5,11.4,2.1,292,16,6.5,11.4,2.1,292,16,0,27.99,0.1,0,0,,43.7,46.6,,0.32,0.54,
ROXB,2019-11-08 04:55:00 EST,42.32964,-74.46746,1880,20.5,21.0,13.6,82.9,16.1,0.000,0.000,0.00,0.000,4.4,6.8,1.0,289,16,5.0,7.9,1.3,290,14,5.0,7.9,1.3,290,14,0,27.99,0.1,0,0,,43.7,46.6,,0.32,0.54,
ROXB,2019-11-08 05:00:00 EST,42.32964,-74.46746,1880,20.4,20.8,14.3,83.4,16.1,0.000,0.000,0.00,0.000,3.9,6.1,1.1,292,14,4.3,7.9,1.4,292,13,4.3,7.9,1.4,292,13,0,27.99,0.2,0,0,,43.7,46.6,,0.32,0.54,
ROXB,2019-11-08 05:05:00 EST,42.32964,-74.46746,1880,20.5,20.8,12.7,84.9,16.7,0.000,0.000,0.00,0.000,5.3,9.1,1.3,296,12,5.8,9.7,1.5,296,12,5.8,9.7,1.5,296,12,0,28.00,0.2,0,0,,43.7,46.6,,0.32,0.54,
ROXB,2019-11-08 05:10:00 EST,42.32964,-74.46746,1880,20.7,20.8,13.2,85.4,17.0,0.000,0.000,0.00,0.000,5.0,8.6,1.2,285,12,5.6,10.1,1.4,286,11,5.6,10.1,1.4,286,11,0,28.00,0.2,0,0,,43.7,46.6,,0.32,0.54,
ROXB,2019-11-08 05:15:00 EST,42.32964,-74.46746,1880,20.7,20.8,13.0,86.1,17.2,0.000,0.000,0.00,0.000,5.3,8.7,1.5,295,13,5.8,10.5,1.8,294,12,5.8,10.5,1.8,294,12,0,28.00,0.2,0,0,,43.7,46.6,,0.32,0.54,
ROXB,2019-11-08 05:20:00 EST,42.32964,-74.46746,1880,20.9,21.0,13.7,86.0,17.4,0.000,0.000,0.00,0.000,4.8,10.6,1.7,303,16,5.3,11.8,1.8,302,14,5.3,11.8,1.8,302,14,0,28.00,0.2,0,0,,43.7,46.6,,0.32,0.54,
ROXB,2019-11-08 05:25:00 EST,42.32964,-74.46746,1880,21.1,21.1,13.5,85.4,17.4,0.000,0.000,0.00,0.000,5.3,8.8,1.5,306,16,5.7,9.6,1.5,307,15,5.7,9.6,1.5,307,15,0,28.00,0.2,0,0,,43.7,46.6,,0.32,0.54,
ROXB,2019-11-08 05:30:00 EST,42.32964,-74.46746,1880,21.1,21.2,13.8,85.8,17.5,0.000,0.000,0.00,0.000,4.9,7.4,1.3,297,14,5.5,8.2,1.4,297,13,5.5,8.2,1.4,297,13,0,27.99,0.2,0,0,,43.6,46.6,,0.32,0.54,
ROXB,2019-11-08 05:35:00 EST,42.32964,-74.46746,1880,21.2,21.2,13.7,85.7,17.5,0.000,0.000,0.00,0.000,5.1,7.5,1.0,318,18,5.6,7.8,1.2,319,19,5.6,7.8,1.2,319,19,0,28.00,0.2,0,0,,43.6,46.6,,0.32,0.54,
ROXB,2019-11-08 05:40:00 EST,42.32964,-74.46746,1880,20.8,20.8,11.6,87.3,17.6,0.000,0.000,0.00,0.000,6.9,10.3,1.2,333,13,7.5,11.2,1.3,336,12,7.5,11.2,1.3,336,12,0,28.00,0.2,0,0,,43.5,46.6,,0.32,0.54,
ROXB,2019-11-08 05:45:00 EST,42.32964,-74.46746,1880,20.7,20.7,11.0,88.4,17.9,0.000,0.000,0.00,0.000,7.3,11.2,1.6,334,11,8.2,11.9,1.8,337,11,8.2,11.9,1.8,337,11,0,28.01,0.2,0,0,,43.5,46.6,,0.32,0.54,
ROXB,2019-11-08 05:50:00 EST,42.32964,-74.46746,1880,20.7,20.7,10.6,88.8,17.9,0.000,0.000,0.00,0.000,7.9,12.2,1.7,334,16,8.7,12.6,1.9,336,12,8.7,12.6,1.9,336,12,0,28.01,0.2,0,0,,43.5,46.6,,0.32,0.54,
ROXB,2019-11-08 05:55:00 EST,42.32964,-74.46746,1880,20.7,20.7,10.2,89.0,18.0,0.000,0.000,0.00,0.000,8.6,13.7,2.3,325,15,9.4,15.7,2.6,328,15,9.4,15.7,2.6,328,15,0,28.01,0.2,0,0,,43.5,46.6,,0.32,0.54,
ROXB,2019-11-08 06:00:00 EST,42.32964,-74.46746,1880,20.7,20.7,10.4,88.7,17.9,0.000,0.000,0.00,0.000,8.2,11.5,1.6,324,17,8.9,13.4,1.8,325,17,8.9,13.4,1.8,325,17,0,28.01,0.1,0,0,,43.5,46.6,,0.32,0.54,
ROXB,2019-11-08 06:05:00 EST,42.32964,-74.46746,1880,20.7,20.7,11.1,88.6,17.9,0.000,0.000,0.00,0.000,7.1,10.5,1.7,319,18,8.0,12.8,1.7,321,18,8.0,12.8,1.7,321,18,0,28.01,0.1,0,0,,43.5,46.5,,0.32,0.54,
ROXB,2019-11-08 06:10:00 EST,42.32964,-74.46746,1880,20.7,20.7,11.8,88.8,17.9,0.000,0.000,0.00,0.000,6.5,10.2,1.6,313,15,7.1,10.5,1.7,314,15,7.1,10.5,1.7,314,15,0,28.01,0.1,0,0,,43.5,46.5,,0.32,0.54,
ROXB,2019-11-08 06:15:00 EST,42.32964,-74.46746,1880,20.7,20.7,10.8,88.7,17.9,0.000,0.000,0.00,0.000,7.6,10.1,1.4,328,14,8.3,11.9,1.4,331,12,8.3,11.9,1.4,331,12,0,28.01,0.1,0,0,,43.5,46.5,,0.32,0.54,
ROXB,2019-11-08 06:20:00 EST,42.32964,-74.46746,1880,20.5,20.6,11.8,89.1,17.8,0.000,0.000,0.00,0.000,6.1,8.7,1.2,319,16,6.7,9.8,1.3,322,16,6.7,9.8,1.3,322,16,0,28.01,0.0,0,0,,43.5,46.5,,0.32,0.54,
ROXB,2019-11-08 06:25:00 EST,42.32964,-74.46746,1880,20.4,20.5,11.7,89.1,17.7,0.000,0.000,0.00,0.000,6.3,11.0,1.7,318,12,6.8,10.9,1.7,319,13,6.8,10.9,1.7,319,13,0,28.02,0.0,0,0,,43.5,46.5,,0.32,0.54,
ROXB,2019-11-08 06:30:00 EST,42.32964,-74.46746,1880,20.3,20.5,10.6,88.5,17.4,0.000,0.000,0.00,0.000,7.2,10.4,1.4,331,14,8.0,13.1,1.7,334,12,8.0,13.1,1.7,334,12,1,28.02,0.1,0,0,,43.5,46.5,,0.32,0.54,
ROXB,2019-11-08 06:35:00 EST,42.32964,-74.46746,1880,20.2,20.4,10.7,88.3,17.3,0.000,0.000,0.00,0.000,6.8,10.4,1.9,335,14,7.7,11.8,2.1,338,14,7.7,11.8,2.1,338,14,2,28.02,0.1,0,0,,43.5,46.4,,0.32,0.54,
ROXB,2019-11-08 06:40:00 EST,42.32964,-74.46746,1880,20.3,20.4,10.4,88.6,17.4,0.000,0.000,0.00,0.000,7.4,10.9,1.4,334,13,8.2,12.9,1.7,336,11,8.2,12.9,1.7,336,11,5,28.03,0.1,0,0,,43.5,46.4,,0.32,0.54,
ROXB,2019-11-08 06:45:00 EST,42.32964,-74.46746,1880,20.5,20.5,9.3,88.5,17.7,0.000,0.000,0.00,0.000,9.6,13.4,1.6,330,10,10.3,14.6,1.7,332,10,10.3,14.6,1.7,332,10,4,28.03,0.0,0,0,,43.4,46.4,,0.32,0.54,
ROXB,2019-11-08 06:50:00 EST,42.32964,-74.46746,1880,20.6,20.6,9.9,88.5,17.7,0.000,0.000,0.00,0.000,8.5,15.8,2.5,332,15,9.4,17.1,2.7,334,14,9.4,17.1,2.7,334,14,5,28.03,0.1,0,0,,43.3,46.4,,0.32,0.54,
ROXB,2019-11-08 06:55:00 EST,42.32964,-74.46746,1880,20.6,20.6,10.2,87.8,17.5,0.000,0.000,0.00,0.000,8.1,13.1,2.1,329,18,9.0,14.5,2.2,332,17,9.0,14.5,2.2,332,17,9,28.03,0.0,0,0,,43.3,46.4,,0.32,0.51,
ROXB,2019-11-08 07:00:00 EST,42.32964,-74.46746,1880,20.5,20.6,10.9,87.6,17.4,0.000,0.000,0.00,0.000,7.3,11.8,1.6,329,21,8.0,12.5,1.9,331,16,8.0,12.5,1.9,331,16,16,28.03,0.0,0,0,,43.3,46.4,,0.32,0.51,
ROXB,2019-11-08 07:05:00 EST,42.32964,-74.46746,1880,20.6,20.6,9.6,86.5,17.2,0.000,0.000,0.00,0.000,9.1,13.6,1.8,324,15,9.9,14.7,2.1,326,15,9.9,14.7,2.1,326,15,25,28.04,0.1,0,0,,43.3,46.4,,0.32,0.51,
ROXB,2019-11-08 07:10:00 EST,42.32964,-74.46746,1880,20.5,20.5,11.3,86.2,17.0,0.000,0.000,0.00,0.000,6.8,9.5,1.2,317,16,7.5,11.5,1.2,317,17,7.5,11.5,1.2,317,17,24,28.04,0.0,0,0,,43.3,46.4,,0.32,0.51,
ROXB,2019-11-08 07:15:00 EST,42.32964,-74.46746,1880,20.7,20.7,10.0,84.7,16.8,0.000,0.000,0.00,0.000,8.9,20.7,3.7,325,17,9.6,22.1,3.9,327,16,9.6,22.1,3.9,327,16,21,28.04,0.1,0,0,,43.3,46.4,,0.32,0.51,
ROXB,2019-11-08 07:20:00 EST,42.32964,-74.46746,1880,20.9,20.9,11.8,83.9,16.8,0.000,0.000,0.00,0.000,6.7,13.7,2.3,311,25,7.4,15.8,2.3,313,22,7.4,15.8,2.3,313,22,34,28.04,0.0,0,0,,43.3,46.4,,0.32,0.51,
ROXB,2019-11-08 07:25:00 EST,42.32964,-74.46746,1880,20.7,20.7,11.3,84.6,16.8,0.000,0.000,0.00,0.000,7.1,10.0,1.2,324,16,7.8,11.0,1.3,326,16,7.8,11.0,1.3,326,16,40,28.04,0.0,0,0,,43.3,46.4,,0.32,0.51,
ROXB,2019-11-08 07:30:00 EST,42.32964,-74.46746,1880,20.9,20.8,11.8,83.3,16.6,0.000,0.000,0.00,0.000,6.6,11.8,2.0,311,24,7.3,15.1,2.4,312,24,7.3,15.1,2.4,312,24,58,28.05,0.0,0,0,,43.3,46.4,,0.32,0.51,
ROXB,2019-11-08 07:35:00 EST,42.32964,-74.46746,1880,20.9,20.8,10.5,83.1,16.5,0.000,0.000,0.00,0.000,8.2,14.5,2.2,318,17,9.1,14.4,2.2,320,17,9.1,14.4,2.2,320,17,46,28.05,0.0,0,0,,43.3,46.4,,0.32,0.51,
ROXB,2019-11-08 07:40:00 EST,42.32964,-74.46746,1880,20.7,20.7,9.2,80.5,15.7,0.000,0.000,0.00,0.000,10.1,17.0,2.9,311,20,10.9,17.8,3.2,311,20,10.9,17.8,3.2,311,20,62,28.06,0.0,0,0,,43.3,46.4,,0.32,0.51,
ROXB,2019-11-08 07:45:00 EST,42.32964,-74.46746,1880,20.5,20.4,8.8,80.1,15.3,0.000,0.000,0.00,0.000,10.3,18.0,3.8,321,17,11.1,19.5,4.0,321,18,11.1,19.5,4.0,321,18,78,28.06,0.0,0,0,,43.3,46.4,,0.32,0.51,
ROXB,2019-11-08 07:50:00 EST,42.32964,-74.46746,1880,20.5,20.4,9.4,79.7,15.2,0.000,0.000,0.00,0.000,9.6,17.9,3.1,305,16,10.2,19.5,3.2,306,15,10.2,19.5,3.2,306,15,101,28.06,0.0,0,0,,43.3,46.4,,0.32,0.51,
ROXB,2019-11-08 07:55:00 EST,42.32964,-74.46746,1880,20.4,20.3,9.1,79.6,15.1,0.000,0.000,0.00,0.000,9.3,17.8,3.7,297,17,10.3,19.8,4.0,296,16,10.3,19.8,4.0,296,16,91,28.06,0.0,0,0,,43.3,46.4,,0.32,0.51,
ROXB,2019-11-08 08:00:00 EST,42.32964,-74.46746,1880,20.4,20.2,9.3,79.6,15.1,0.000,0.000,0.00,0.000,8.9,17.2,2.6,306,20,10.0,18.0,2.8,305,19,10.0,18.0,2.8,305,19,110,28.06,0.0,0,0,,43.3,46.4,,0.32,0.51,
ROXB,2019-11-08 08:05:00 EST,42.32964,-74.46746,1880,20.3,20.1,8.7,80.4,15.2,0.000,0.000,0.00,0.000,10.0,16.8,2.2,317,17,10.8,16.5,2.4,319,17,10.8,16.5,2.4,319,17,91,28.07,0.0,0,0,,43.3,46.4,,0.32,0.51,
ROXB,2019-11-08 08:10:00 EST,42.32964,-74.46746,1880,20.1,19.9,8.8,82.1,15.6,0.000,0.000,0.00,0.000,9.5,18.8,3.6,329,15,10.4,21.7,3.8,330,15,10.4,21.7,3.8,330,15,73,28.07,-0.0,0,0,,43.2,46.4,,0.32,0.51,
ROXB,2019-11-08 08:15:00 EST,42.32964,-74.46746,1880,19.6,19.4,5.6,80.5,14.6,0.000,0.000,0.00,0.000,14.0,20.2,3.0,331,13,15.2,23.0,3.4,332,12,15.2,23.0,3.4,332,12,81,28.07,0.0,0,0,,43.2,46.4,,0.32,0.51,
ROXB,2019-11-08 08:20:00 EST,42.32964,-74.46746,1880,19.4,19.3,6.3,80.6,14.4,0.000,0.000,0.00,0.000,12.7,19.7,3.2,314,15,13.3,21.6,3.5,316,14,13.3,21.6,3.5,316,14,66,28.08,-0.0,0,0,,43.2,46.4,,0.32,0.51,
ROXB,2019-11-08 08:25:00 EST,42.32964,-74.46746,1880,19.5,19.3,6.7,80.4,14.4,0.000,0.000,0.00,0.000,11.8,20.5,3.3,317,13,12.6,21.4,3.4,318,13,12.6,21.4,3.4,318,13,105,28.08,0.0,0,0,,43.2,46.4,,0.32,0.51,
ROXB,2019-11-08 08:30:00 EST,42.32964,-74.46746,1880,19.6,19.4,8.0,79.9,14.4,0.000,0.000,0.00,0.000,9.8,19.1,3.0,306,16,10.5,19.5,3.1,306,16,10.5,19.5,3.1,306,16,104,28.08,0.1,0,0,,43.2,46.4,,0.32,0.51,
ROXB,2019-11-08 08:35:00 EST,42.32964,-74.46746,1880,19.6,19.5,7.1,78.9,14.1,0.000,0.000,0.00,0.000,11.3,21.6,3.1,320,21,12.2,19.9,3.3,322,18,12.2,19.9,3.3,322,18,99,28.08,-0.1,0,0,,43.2,46.4,,0.32,0.51,
ROXB,2019-11-08 08:40:00 EST,42.32964,-74.46746,1880,19.5,19.4,5.8,78.0,13.8,0.000,0.000,0.00,0.000,13.5,22.8,4.1,313,18,14.6,26.0,4.0,312,18,14.6,26.0,4.0,312,18,98,28.08,-0.0,0,0,,43.2,46.4,,0.32,0.51,
ROXB,2019-11-08 08:45:00 EST,42.32964,-74.46746,1880,19.6,19.4,6.0,78.6,14.0,0.000,0.000,0.00,0.000,13.2,19.9,2.8,314,22,14.4,22.8,2.8,315,22,14.4,22.8,2.8,315,22,142,28.08,0.1,0,0,,43.2,46.4,,0.32,0.51,
ROXB,2019-11-08 08:50:00 EST,42.32964,-74.46746,1880,19.7,19.5,4.8,78.2,14.0,0.000,0.000,0.00,0.000,16.2,26.9,4.7,331,14,17.6,31.7,5.4,333,14,17.6,31.7,5.4,333,14,166,28.08,0.1,0,0,,43.2,46.3,,0.32,0.51,
ROXB,2019-11-08 08:55:00 EST,42.32964,-74.46746,1880,19.7,19.6,5.9,77.0,13.7,0.000,0.000,0.00,0.000,14.0,20.7,3.1,311,15,15.0,22.8,3.2,312,14,15.0,22.8,3.2,312,14,221,28.09,0.1,0,0,,43.2,46.3,,0.32,0.51,
ROXB,2019-11-08 09:00:00 EST,42.32964,-74.46746,1880,20.0,19.8,6.3,76.5,13.8,0.000,0.000,0.00,0.000,14.2,24.0,4.3,311,15,15.0,25.8,4.2,311,17,15.0,25.8,4.2,311,17,222,28.09,0.1,0,0,,43.2,46.3,,0.32,0.51,
ROXB,2019-11-08 09:05:00 EST,42.32964,-74.46746,1880,19.8,19.6,6.1,75.9,13.4,0.000,0.000,0.00,0.000,13.9,25.1,4.1,312,19,14.8,23.7,4.1,312,19,14.8,23.7,4.1,312,19,185,28.09,0.2,0,0,,43.2,46.2,,0.32,0.51,
ROXB,2019-11-08 09:10:00 EST,42.32964,-74.46746,1880,19.8,19.6,5.4,74.5,13.0,0.000,0.000,0.00,0.000,15.3,24.8,4.3,323,16,16.2,26.0,4.4,323,16,16.2,26.0,4.4,323,16,234,28.09,0.1,0,0,,43.2,46.1,,0.32,0.51,
ROXB,2019-11-08 09:15:00 EST,42.32964,-74.46746,1880,20.1,19.8,6.8,74.4,13.3,0.000,0.000,0.00,0.000,12.8,20.8,3.5,324,16,14.0,22.0,3.7,325,17,14.0,22.0,3.7,325,17,371,28.09,0.1,0,0,,43.2,46.0,,0.32,0.51,
ROXB,2019-11-08 09:20:00 EST,42.32964,-74.46746,1880,20.2,19.9,6.1,72.7,12.8,0.000,0.000,0.00,0.000,14.8,24.5,4.3,314,15,15.8,24.1,4.0,315,16,15.8,24.1,4.0,315,16,326,28.09,0.1,0,0,,43.2,46.0,,0.32,0.51,
ROXB,2019-11-08 09:25:00 EST,42.32964,-74.46746,1880,20.4,20.1,7.0,73.1,13.1,0.000,0.000,0.00,0.000,13.3,24.3,4.2,312,16,14.3,26.3,4.3,313,16,14.3,26.3,4.3,313,16,417,28.09,0.2,0,0,,43.2,46.0,,0.32,0.51,
ROXB,2019-11-08 09:30:00 EST,42.32964,-74.46746,1880,20.5,20.1,6.6,72.7,13.2,0.000,0.000,0.00,0.000,14.5,27.4,3.9,313,18,15.8,28.7,4.0,315,18,15.8,28.7,4.0,315,18,358,28.09,0.1,0,0,,43.2,46.0,,0.32,0.51,
ROXB,2019-11-08 09:35:00 EST,42.32964,-74.46746,1880,20.4,20.1,6.4,72.7,13.1,0.000,0.000,0.00,0.000,14.9,24.3,4.2,313,16,15.9,26.0,4.3,313,15,15.9,26.0,4.3,313,15,426,28.09,0.2,0,0,,43.2,46.0,,0.32,0.51,
ROXB,2019-11-08 09:40:00 EST,42.32964,-74.46746,1880,20.6,20.2,7.0,71.7,12.9,0.000,0.000,0.00,0.000,13.9,27.2,4.2,310,17,14.9,28.8,4.3,311,16,14.9,28.8,4.3,311,16,364,28.09,0.2,0,0,,43.2,46.0,,0.32,0.51,
ROXB,2019-11-08 09:45:00 EST,42.32964,-74.46746,1880,20.8,20.4,7.3,71.5,13.0,0.000,0.000,0.00,0.000,13.7,20.5,3.9,314,18,14.8,22.8,4.1,315,19,14.8,22.8,4.1,315,19,414,28.09,0.1,0,0,,43.1,46.0,,0.32,0.51,
ROXB,2019-11-08 09:50:00 EST,42.32964,-74.46746,1880,20.7,20.3,7.4,70.7,12.7,0.000,0.000,0.00,0.000,13.6,20.1,3.3,315,15,14.4,22.3,3.2,316,15,14.4,22.3,3.2,316,15,421,28.09,0.2,0,0,,43.1,46.0,,0.32,0.51,
ROXB,2019-11-08 09:55:00 EST,42.32964,-74.46746,1880,21.0,20.5,7.8,72.1,13.4,0.000,0.000,0.00,0.000,13.3,19.4,2.7,325,13,14.3,21.3,3.0,327,14,14.3,21.3,3.0,327,14,427,28.10,0.2,0,0,,43.0,46.0,,0.32,0.51,
ROXB,2019-11-08 10:00:00 EST,42.32964,-74.46746,1880,21.0,20.5,7.0,71.4,13.2,0.000,0.000,0.00,0.000,15.1,23.1,3.6,318,15,16.0,25.8,3.6,320,15,16.0,25.8,3.6,320,15,431,28.10,0.2,0,0,,43.0,46.0,,0.32,0.51,
ROXB,2019-11-08 10:05:00 EST,42.32964,-74.46746,1880,21.1,20.6,8.9,71.8,13.4,0.000,0.000,0.00,0.000,11.2,18.0,2.6,317,21,12.3,19.3,3.1,318,20,12.3,19.3,3.1,318,20,445,28.10,0.1,0,0,,43.0,46.0,,0.32,0.51,
ROXB,2019-11-08 10:10:00 EST,42.32964,-74.46746,1880,21.7,21.0,11.6,73.7,14.6,0.000,0.000,0.00,0.000,8.2,15.6,2.4,322,21,8.9,17.5,2.8,323,21,8.9,17.5,2.8,323,21,347,28.10,0.2,0,0,,43.0,46.0,,0.32,0.51,
ROXB,2019-11-08 10:15:00 EST,42.32964,-74.46746,1880,21.5,20.9,9.2,70.0,13.3,0.000,0.000,0.24,0.000,11.9,28.6,4.8,306,18,12.9,29.4,4.9,306,16,12.9,29.4,4.9,306,16,482,28.10,0.2,0,0,,43.0,46.0,,0.32,0.51,
ROXB,2019-11-08 10:20:00 EST,42.32964,-74.46746,1880,21.6,21.0,8.9,68.1,12.8,0.000,0.000,0.00,0.000,12.6,19.7,3.1,317,18,13.8,21.8,3.4,316,18,13.8,21.8,3.4,316,18,522,28.10,0.2,0,0,,43.0,46.0,,0.32,0.51,
ROXB,2019-11-08 10:25:00 EST,42.32964,-74.46746,1880,21.7,21.0,9.8,69.3,13.2,0.000,0.000,0.00,0.000,11.0,18.4,2.8,313,16,12.2,20.6,3.0,312,15,12.2,20.6,3.0,312,15,451,28.10,0.1,0,0,,43.0,46.0,,0.32,0.51,
ROXB,2019-11-08 10:30:00 EST,42.32964,-74.46746,1880,21.5,20.9,8.1,70.4,13.4,0.000,0.000,0.00,0.000,14.1,23.7,3.9,321,13,15.1,25.1,3.9,321,14,15.1,25.1,3.9,321,14,410,28.10,0.1,0,0,,43.0,46.0,,0.32,0.51,
ROXB,2019-11-08 10:35:00 EST,42.32964,-74.46746,1880,21.1,20.6,7.6,71.2,13.2,0.000,0.000,0.00,0.000,14.2,25.6,3.9,317,15,15.0,24.6,3.9,318,16,15.0,24.6,3.9,318,16,355,28.11,0.2,0,0,,43.0,46.0,,0.32,0.51,
ROXB,2019-11-08 10:40:00 EST,42.32964,-74.46746,1880,21.3,20.8,8.7,71.2,13.5,0.000,0.000,0.00,0.000,12.6,20.4,3.5,320,17,13.4,21.5,3.5,319,16,13.4,21.5,3.5,319,16,424,28.10,0.2,0,0,,43.0,46.0,,0.32,0.51,
ROXB,2019-11-08 10:45:00 EST,42.32964,-74.46746,1880,21.6,21.0,9.2,70.4,13.5,0.000,0.000,0.00,0.000,12.1,20.1,3.4,313,18,13.1,21.2,3.5,313,19,13.1,21.2,3.5,313,19,516,28.10,0.2,0,0,,43.0,46.0,,0.32,0.51,
ROXB,2019-11-08 10:50:00 EST,42.32964,-74.46746,1880,22.0,21.3,9.9,70.4,13.9,0.000,0.000,0.00,0.000,11.9,19.1,2.9,311,19,12.6,21.3,3.3,312,19,12.6,21.3,3.3,312,19,479,28.10,0.1,0,0,,43.0,46.0,,0.32,0.51,
ROXB,2019-11-08 10:55:00 EST,42.32964,-74.46746,1880,21.9,21.3,9.6,69.7,13.6,0.000,0.000,0.00,0.000,12.3,19.7,2.8,313,14,13.0,20.7,3.0,314,13,13.0,20.7,3.0,314,13,529,28.11,0.2,0,0,,43.0,46.0,,0.32,0.51,
ROXB,2019-11-08 11:00:00 EST,42.32964,-74.46746,1880,22.1,21.5,10.5,70.6,14.0,0.000,0.000,0.00,0.000,10.7,16.7,2.4,313,16,11.8,19.8,2.7,312,15,11.8,19.8,2.7,312,15,380,28.10,0.0,0,0,,43.0,46.0,,0.32,0.51,
ROXB,2019-11-08 11:05:00 EST,42.32964,-74.46746,1880,21.9,21.4,10.2,69.1,13.4,0.000,0.000,0.00,0.000,10.9,17.2,3.0,307,17,11.9,17.9,2.9,307,17,11.9,17.9,2.9,307,17,450,28.10,0.2,0,0,,43.0,46.0,,0.32,0.51,
ROXB,2019-11-08 11:10:00 EST,42.32964,-74.46746,1880,22.1,21.5,10.5,67.9,13.1,0.000,0.000,0.00,0.000,11.0,21.0,3.4,315,18,11.7,19.9,3.5,317,18,11.7,19.9,3.5,317,18,442,28.10,0.1,0,0,,43.0,46.0,,0.32,0.51,
ROXB,2019-11-08 11:15:00 EST,42.32964,-74.46746,1880,22.3,21.6,8.8,66.3,12.8,0.000,0.000,0.00,0.000,14.7,24.1,4.0,312,16,15.8,25.7,4.1,313,16,15.8,25.7,4.1,313,16,508,28.10,0.0,0,0,,43.0,46.0,,0.32,0.51,
ROXB,2019-11-08 11:20:00 EST,42.32964,-74.46746,1880,22.0,21.6,9.7,66.7,12.6,0.000,0.000,0.00,0.000,12.5,17.8,2.4,306,16,13.1,20.5,2.6,305,15,13.1,20.5,2.6,305,15,336,28.10,-0.0,0,0,,43.0,46.0,,0.32,0.51,
ROXB,2019-11-08 11:25:00 EST,42.32964,-74.46746,1880,21.7,21.4,9.3,67.6,12.7,0.000,0.000,0.00,0.000,12.1,21.9,3.5,320,16,13.1,25.4,3.7,320,15,13.1,25.4,3.7,320,15,235,28.10,0.1,0,0,,43.0,46.0,,0.32,0.51,
ROXB,2019-11-08 11:30:00 EST,42.32964,-74.46746,1880,22.3,21.8,10.4,68.1,13.3,0.000,0.000,0.00,0.000,11.5,23.7,4.4,315,17,12.3,24.9,4.3,318,18,12.3,24.9,4.3,318,18,436,28.10,0.0,0,0,,42.9,46.0,,0.32,0.51,
ROXB,2019-11-08 11:35:00 EST,42.32964,-74.46746,1880,22.1,21.7,9.8,64.8,12.1,0.000,0.000,0.00,0.000,12.4,20.5,3.5,307,15,13.2,23.2,3.9,307,15,13.2,23.2,3.9,307,15,327,28.10,-0.1,0,0,,42.9,45.9,,0.32,0.51,
ROXB,2019-11-08 11:40:00 EST,42.32964,-74.46746,1880,21.7,21.3,8.3,65.5,11.9,0.000,0.000,0.00,0.000,14.3,24.5,3.8,311,20,15.1,27.8,4.1,312,20,15.1,27.8,4.1,312,20,301,28.10,-0.1,0,0,,42.8,46.0,,0.32,0.51,
ROXB,2019-11-08 11:45:00 EST,42.32964,-74.46746,1880,21.9,21.5,9.8,66.1,12.3,0.000,0.000,0.00,0.000,11.4,22.1,3.3,310,19,12.5,22.8,3.6,310,17,12.5,22.8,3.6,310,17,238,28.10,-0.1,0,0,,42.8,45.9,,0.32,0.51,
ROXB,2019-11-08 11:50:00 EST,42.32964,-74.46746,1880,21.6,21.3,9.4,67.1,12.4,0.000,0.000,0.00,0.000,11.7,21.6,4.3,308,20,12.6,24.0,4.5,307,19,12.6,24.0,4.5,307,19,204,28.10,-0.4,0,0,,42.8,45.9,,0.32,0.51,
ROXB,2019-11-08 11:55:00 EST,42.32964,-74.46746,1880,21.6,21.3,9.4,67.4,12.5,0.000,0.000,0.00,0.000,12.2,21.5,3.4,311,16,12.8,22.6,3.5,311,15,12.8,22.6,3.5,311,15,323,28.10,-0.1,0,0,,42.8,45.9,,0.32,0.51,
ROXB,2019-11-08 12:00:00 EST,42.32964,-74.46746,1880,22.5,22.0,9.9,65.2,12.6,0.000,0.000,0.00,0.000,12.9,20.2,3.5,314,19,13.8,21.0,3.4,314,18,13.8,21.0,3.4,314,18,494,28.10,-0.3,0,0,,42.8,45.9,,0.32,0.51,
ROXB,2019-11-08 12:05:00 EST,42.32964,-74.46746,1880,22.7,22.2,9.6,63.2,12.1,0.000,0.000,0.00,0.000,14.3,26.3,4.6,307,16,15.2,27.0,4.5,306,15,15.2,27.0,4.5,306,15,533,28.09,-0.3,0,0,,42.8,45.9,,0.32,0.51,
ROXB,2019-11-08 12:10:00 EST,42.32964,-74.46746,1880,23.1,22.5,11.4,63.1,12.4,0.000,0.000,0.00,0.000,11.5,17.8,3.2,315,17,12.4,20.5,3.1,319,16,12.4,20.5,3.1,319,16,606,28.09,-0.3,0,0,,42.8,45.9,,0.32,0.51,
ROXB,2019-11-08 12:15:00 EST,42.32964,-74.46746,1880,23.7,23.1,13.6,63.2,13.0,0.000,0.000,0.00,0.000,9.0,16.1,3.1,312,20,9.7,18.0,3.5,314,20,9.7,18.0,3.5,314,20,558,28.09,-0.3,0,0,,42.8,45.9,,0.32,0.51,
ROXB,2019-11-08 12:20:00 EST,42.32964,-74.46746,1880,24.3,23.3,13.5,63.0,13.5,0.000,0.000,0.00,0.000,10.1,18.3,2.8,310,25,11.1,20.4,2.9,310,24,11.1,20.4,2.9,310,24,608,28.09,-0.4,0,0,,42.8,45.9,,0.32,0.51,
ROXB,2019-11-08 12:25:00 EST,42.32964,-74.46746,1880,24.0,23.2,13.0,61.7,12.8,0.000,0.000,0.00,0.000,10.4,17.0,2.8,317,16,11.5,18.3,3.1,317,16,11.5,18.3,3.1,317,16,589,28.09,-0.2,0,0,,42.8,45.9,,0.32,0.51,
ROXB,2019-11-08 12:30:00 EST,42.32964,-74.46746,1880,24.1,23.2,13.7,61.7,12.9,0.000,0.000,0.00,0.000,9.2,16.8,2.9,289,18,10.4,17.1,3.1,289,16,10.4,17.1,3.1,289,16,548,28.09,-0.2,0,0,,42.8,45.9,,0.32,0.51,
ROXB,2019-11-08 12:35:00 EST,42.32964,-74.46746,1880,23.8,23.1,13.3,61.3,12.5,0.000,0.000,0.00,0.000,9.4,17.4,3.1,296,18,10.6,20.8,3.5,296,16,10.6,20.8,3.5,296,16,520,28.09,-0.2,0,0,,42.8,45.9,,0.32,0.51,
ROXB,2019-11-08 12:40:00 EST,42.32964,-74.46746,1880,24.0,23.3,14.9,62.6,13.1,0.000,0.000,0.00,0.000,7.4,14.3,3.0,297,24,8.3,17.7,3.2,297,23,8.3,17.7,3.2,297,23,463,28.09,-0.0,0,0,,42.8,45.9,,0.32,0.51,
ROXB,2019-11-08 12:45:00 EST,42.32964,-74.46746,1880,23.9,23.2,13.4,63.6,13.3,0.000,0.000,0.00,0.000,9.9,17.7,2.2,325,14,10.5,18.5,2.2,325,14,10.5,18.5,2.2,325,14,272,28.09,-0.1,0,0,,42.8,45.9,,0.32,0.51,
ROXB,2019-11-08 12:50:00 EST,42.32964,-74.46746,1880,22.7,22.4,9.3,65.2,12.8,0.000,0.000,0.00,0.000,15.1,21.7,3.6,332,11,16.0,23.9,3.7,335,9,16.0,23.9,3.7,335,9,136,28.09,-0.1,0,0,,42.8,45.9,,0.32,0.51,
ROXB,2019-11-08 12:55:00 EST,42.32964,-74.46746,1880,21.9,21.6,8.6,67.4,12.8,0.000,0.000,0.00,0.000,14.3,21.3,2.8,339,16,15.3,23.5,2.9,341,14,15.3,23.5,2.9,341,14,119,28.09,-0.1,0,0,,42.8,45.9,,0.32,0.51,
ROXB,2019-11-08 13:00:00 EST,42.32964,-74.46746,1880,21.8,21.7,10.1,69.8,13.5,0.000,0.000,0.00,0.000,10.9,17.8,3.4,336,11,11.9,19.2,3.5,338,11,11.9,19.2,3.5,338,11,77,28.09,-0.1,0,0,,42.8,45.9,,0.32,0.51,
ROXB,2019-11-08 13:05:00 EST,42.32964,-74.46746,1880,21.7,21.6,8.6,67.2,12.5,0.000,0.000,0.00,0.000,13.6,19.7,3.0,334,13,14.4,21.8,3.4,336,12,14.4,21.8,3.4,336,12,84,28.09,-0.1,0,0,,42.8,45.9,,0.32,0.51,
ROXB,2019-11-08 13:10:00 EST,42.32964,-74.46746,1880,21.7,21.7,10.9,66.7,12.3,0.000,0.000,0.00,0.000,9.1,15.8,2.5,323,16,10.1,16.5,2.5,324,16,10.1,16.5,2.5,324,16,89,28.09,-0.1,0,0,,42.8,45.9,,0.32,0.51,
ROXB,2019-11-08 13:15:00 EST,42.32964,-74.46746,1880,22.2,22.1,10.0,63.1,11.6,0.000,0.000,0.00,0.000,12.6,22.0,3.4,316,15,13.0,24.7,3.6,317,15,13.0,24.7,3.6,317,15,328,28.09,0.0,0,0,,42.8,45.9,,0.32,0.51,
ROXB,2019-11-08 13:20:00 EST,42.32964,-74.46746,1880,23.0,22.6,11.2,60.3,11.3,0.000,0.000,0.00,0.000,11.3,22.4,4.7,297,18,12.3,23.5,4.6,299,16,12.3,23.5,4.6,299,16,359,28.09,-0.1,0,0,,42.8,45.9,,0.32,0.51,
ROXB,2019-11-08 13:25:00 EST,42.32964,-74.46746,1880,22.6,22.5,9.5,59.9,10.8,0.000,0.000,0.00,0.000,14.4,22.3,3.3,317,12,15.3,25.2,3.5,317,12,15.3,25.2,3.5,317,12,195,28.10,-0.0,0,0,,42.8,45.9,,0.32,0.51,
ROXB,2019-11-08 13:30:00 EST,42.32964,-74.46746,1880,23.2,22.8,12.5,61.8,12.1,0.000,0.000,0.00,0.000,9.5,16.6,2.5,291,26,10.6,18.5,2.9,291,24,10.6,18.5,2.9,291,24,518,28.10,0.1,0,0,,42.8,45.9,,0.32,0.51,
ROXB,2019-11-08 13:35:00 EST,42.32964,-74.46746,1880,24.2,23.4,14.2,61.1,12.7,0.000,0.000,0.00,0.000,8.7,18.2,3.0,285,20,9.7,23.1,3.5,285,17,9.7,23.1,3.5,285,17,527,28.09,0.0,0,0,,42.8,45.9,,0.32,0.51,
ROXB,2019-11-08 13:40:00 EST,42.32964,-74.46746,1880,24.2,23.6,13.8,60.7,12.6,0.000,0.000,0.00,0.000,9.5,16.2,3.1,295,20,10.5,20.2,3.4,295,19,10.5,20.2,3.4,295,19,467,28.09,0.1,0,0,,42.8,45.9,,0.32,0.51,
ROXB,2019-11-08 13:45:00 EST,42.32964,-74.46746,1880,24.3,23.7,12.1,59.2,12.1,0.000,0.000,0.00,0.000,12.9,24.0,4.1,295,16,14.0,24.5,3.9,296,16,14.0,24.5,3.9,296,16,440,28.09,-0.1,0,0,,42.8,45.9,,0.32,0.51,
ROXB,2019-11-08 13:50:00 EST,42.32964,-74.46746,1880,23.7,23.4,13.4,61.7,12.5,0.000,0.000,0.00,0.000,9.4,17.9,3.4,304,19,10.2,17.3,3.4,304,18,10.2,17.3,3.4,304,18,168,28.09,0.1,0,0,,42.8,45.9,,0.32,0.51,
ROXB,2019-11-08 13:55:00 EST,42.32964,-74.46746,1880,23.3,23.0,10.9,63.8,12.8,0.000,0.000,0.00,0.000,13.2,19.8,3.1,312,18,13.9,21.3,3.2,313,19,13.9,21.3,3.2,313,19,170,28.10,0.1,0,0,,42.8,45.9,,0.32,0.51,
ROXB,2019-11-08 14:00:00 EST,42.32964,-74.46746,1880,23.5,23.1,11.6,65.4,13.5,0.000,0.000,0.00,0.000,11.7,22.3,3.5,316,21,12.8,25.6,3.6,317,20,12.8,25.6,3.6,317,20,321,28.10,0.1,0,0,,42.8,45.9,,0.32,0.51,
ROXB,2019-11-08 14:05:00 EST,42.32964,-74.46746,1880,23.8,23.4,11.9,60.4,12.1,0.000,0.000,0.00,0.000,12.2,21.2,3.9,307,18,13.3,21.1,3.8,305,16,13.3,21.1,3.8,305,16,318,28.10,0.0,0,0,,42.8,45.8,,0.32,0.51,
ROXB,2019-11-08 14:10:00 EST,42.32964,-74.46746,1880,23.3,23.1,11.2,57.9,10.7,0.000,0.000,0.00,0.000,12.1,19.4,3.2,306,17,13.3,21.7,3.4,307,17,13.3,21.7,3.4,307,17,180,28.10,0.0,0,0,,42.8,45.9,,0.32,0.51,
ROXB,2019-11-08 14:15:00 EST,42.32964,-74.46746,1880,23.2,23.0,10.8,59.7,11.2,0.000,0.000,0.00,0.000,12.9,20.5,2.6,304,25,13.7,23.4,3.1,305,20,13.7,23.4,3.1,305,20,157,28.10,0.1,0,0,,42.8,45.9,,0.32,0.51,
ROXB,2019-11-08 14:20:00 EST,42.32964,-74.46746,1880,22.8,22.6,10.5,62.6,11.9,0.000,0.000,0.00,0.000,12.6,19.7,3.2,309,14,13.3,20.9,3.2,310,14,13.3,20.9,3.2,310,14,96,28.10,0.1,0,0,,42.8,45.8,,0.32,0.51,
ROXB,2019-11-08 14:25:00 EST,42.32964,-74.46746,1880,22.4,22.3,10.6,67.1,13.2,0.000,0.000,0.00,0.000,11.4,18.1,3.2,315,15,12.2,21.6,3.3,314,14,12.2,21.6,3.3,314,14,92,28.10,0.0,0,0,,42.8,45.8,,0.32,0.51,
ROXB,2019-11-08 14:30:00 EST,42.32964,-74.46746,1880,21.8,21.7,9.1,73.8,14.7,0.000,0.000,0.00,0.000,13.1,21.0,3.8,317,14,13.7,22.8,4.0,318,14,13.7,22.8,4.0,318,14,58,28.10,0.1,0,0,,42.8,45.8,,0.32,0.51,
ROXB,2019-11-08 14:35:00 EST,42.32964,-74.46746,1880,21.4,21.3,10.5,76.5,15.2,0.000,0.000,0.00,0.000,9.3,19.5,3.3,309,20,10.1,20.2,3.6,309,19,10.1,20.2,3.6,309,19,57,28.10,0.1,0,0,,42.8,45.8,,0.32,0.51,
ROXB,2019-11-08 14:40:00 EST,42.32964,-74.46746,1880,21.4,21.3,10.3,77.5,15.5,0.000,0.000,0.00,0.000,10.0,17.0,2.9,313,17,10.6,17.8,2.8,312,18,10.6,17.8,2.8,312,18,106,28.10,0.1,0,0,,42.8,45.7,,0.32,0.51,
ROXB,2019-11-08 14:45:00 EST,42.32964,-74.46746,1880,21.8,21.7,11.2,75.6,15.3,0.000,0.000,0.00,0.000,9.3,17.0,2.5,321,17,9.8,18.9,2.6,322,18,9.8,18.9,2.6,322,18,137,28.10,0.1,0,0,,42.8,45.7,,0.32,0.51,
ROXB,2019-11-08 14:50:00 EST,42.32964,-74.46746,1880,22.0,21.8,10.6,74.0,15.0,0.000,0.000,0.00,0.000,10.4,15.1,2.2,307,15,11.2,16.3,2.3,309,15,11.2,16.3,2.3,309,15,89,28.11,0.1,0,0,,42.8,45.7,,0.32,0.51,
ROXB,2019-11-08 14:55:00 EST,42.32964,-74.46746,1880,21.7,21.5,9.0,78.0,15.9,0.000,0.000,0.00,0.000,12.6,20.5,3.5,336,16,13.5,20.5,3.6,338,12,13.5,20.5,3.6,338,12,58,28.11,0.0,0,0,,42.8,45.7,,0.32,0.51,
ROXB,2019-11-08 15:00:00 EST,42.32964,-74.46746,1880,21.5,21.4,10.6,81.2,16.7,0.000,0.000,0.00,0.000,9.4,14.4,2.4,314,16,10.2,17.8,2.7,315,15,10.2,17.8,2.7,315,15,74,28.11,0.0,0,0,,42.8,45.7,,0.32,0.51,
ROXB,2019-11-08 15:05:00 EST,42.32964,-74.46746,1880,21.4,21.4,9.7,77.3,15.4,0.000,0.000,0.00,0.000,10.6,18.9,2.9,320,17,11.5,19.6,2.9,322,16,11.5,19.6,2.9,322,16,42,28.11,0.0,0,0,,42.7,45.7,,0.32,0.51,
ROXB,2019-11-08 15:10:00 EST,42.32964,-74.46746,1880,21.5,21.5,10.0,74.3,14.6,0.000,0.000,0.00,0.000,10.6,18.9,2.8,327,14,11.3,18.4,2.9,329,14,11.3,18.4,2.9,329,14,62,28.11,0.0,0,0,,42.8,45.7,,0.32,0.51,
ROXB,2019-11-08 15:15:00 EST,42.32964,-74.46746,1880,21.8,21.7,11.1,72.9,14.4,0.000,0.000,0.00,0.000,9.1,14.5,2.6,329,15,9.9,16.4,2.8,330,15,9.9,16.4,2.8,330,15,37,28.11,0.1,0,0,,42.7,45.7,,0.32,0.51,
ROXB,2019-11-08 15:20:00 EST,42.32964,-74.46746,1880,21.4,21.3,8.3,73.2,14.2,0.000,0.000,0.00,0.000,13.4,21.1,4.6,329,17,14.3,23.4,4.9,330,15,14.3,23.4,4.9,330,15,52,28.12,0.0,0,0,,42.6,45.7,,0.32,0.51,
ROXB,2019-11-08 15:25:00 EST,42.32964,-74.46746,1880,21.1,21.1,11.5,75.4,14.5,0.000,0.000,0.00,0.000,7.3,14.1,2.3,316,20,8.0,15.3,2.2,317,20,8.0,15.3,2.2,317,20,51,28.12,0.0,0,0,,42.7,45.7,,0.32,0.51,
ROXB,2019-11-08 15:30:00 EST,42.32964,-74.46746,1880,21.2,21.3,11.3,73.7,14.1,0.000,0.000,0.00,0.000,8.0,13.2,2.4,319,15,8.5,13.3,2.4,321,15,8.5,13.3,2.4,321,15,35,28.12,0.0,0,0,,42.6,45.7,,0.32,0.51,
ROXB,2019-11-08 15:35:00 EST,42.32964,-74.46746,1880,21.4,21.5,11.3,70.3,13.2,0.000,0.000,0.00,0.000,8.3,17.0,3.4,322,16,8.9,17.2,3.3,324,17,8.9,17.2,3.3,324,17,58,28.12,0.0,0,0,,42.6,45.7,,0.32,0.51,
ROXB,2019-11-08 15:40:00 EST,42.32964,-74.46746,1880,21.7,21.7,12.4,68.0,12.7,0.000,0.000,0.00,0.000,7.0,12.4,2.0,301,23,7.7,14.5,2.3,302,22,7.7,14.5,2.3,302,22,69,28.12,-0.0,0,0,,42.6,45.7,,0.32,0.51,
ROXB,2019-11-08 15:45:00 EST,42.32964,-74.46746,1880,21.8,21.9,10.2,64.4,11.7,0.000,0.000,0.00,0.000,10.8,21.3,3.0,300,19,11.7,21.9,3.2,301,18,11.7,21.9,3.2,301,18,55,28.12,-0.0,0,0,,42.6,45.7,,0.32,0.51,
ROXB,2019-11-08 15:50:00 EST,42.32964,-74.46746,1880,22.0,22.0,11.2,64.6,11.9,0.000,0.000,0.00,0.000,9.2,17.4,2.9,294,17,10.2,18.0,3.0,294,17,10.2,18.0,3.0,294,17,94,28.12,0.0,0,0,,42.6,45.7,,0.32,0.51,
ROXB,2019-11-08 15:55:00 EST,42.32964,-74.46746,1880,22.1,22.1,11.8,65.6,12.3,0.000,0.000,0.00,0.000,8.7,16.6,3.0,307,14,9.5,15.9,3.0,308,15,9.5,15.9,3.0,308,15,71,28.13,0.0,0,0,,42.6,45.7,,0.32,0.51,
ROXB,2019-11-08 16:00:00 EST,42.32964,-74.46746,1880,22.1,22.1,13.1,67.0,12.9,0.000,0.000,0.00,0.000,7.0,12.6,2.2,318,18,7.6,12.2,2.1,319,17,7.6,12.2,2.1,319,17,59,28.13,0.0,0,0,,42.6,45.7,,0.32,0.51,
ROXB,2019-11-08 16:05:00 EST,42.32964,-74.46746,1880,22.1,22.0,12.8,68.3,13.2,0.000,0.000,0.00,0.000,7.3,12.3,1.9,316,14,8.0,13.8,2.0,318,13,8.0,13.8,2.0,318,13,53,28.13,0.0,0,0,,42.6,45.7,,0.32,0.51,
ROXB,2019-11-08 16:10:00 EST,42.32964,-74.46746,1880,22.0,22.0,12.7,69.2,13.5,0.000,0.000,0.00,0.000,7.3,12.3,2.3,303,17,8.1,14.4,2.6,303,16,8.1,14.4,2.6,303,16,39,28.13,0.0,0,0,,42.6,45.7,,0.32,0.51,
ROXB,2019-11-08 16:15:00 EST,42.32964,-74.46746,1880,21.8,21.9,12.2,70.6,13.7,0.000,0.000,0.00,0.000,7.5,15.2,2.9,315,24,8.3,17.1,3.3,317,24,8.3,17.1,3.3,317,24,19,28.13,-0.0,0,0,,42.6,45.7,,0.32,0.51,
ROXB,2019-11-08 16:20:00 EST,42.32964,-74.46746,1880,21.5,21.7,11.1,69.9,13.2,0.000,0.000,0.00,0.000,8.6,16.4,2.4,315,23,9.4,18.4,2.5,317,22,9.4,18.4,2.5,317,22,14,28.14,-0.0,0,0,,42.6,45.7,,0.32,0.51,
ROXB,2019-11-08 16:25:00 EST,42.32964,-74.46746,1880,21.2,21.4,10.4,69.6,12.9,0.000,0.000,0.00,0.000,9.3,16.3,2.9,314,13,10.0,17.2,3.0,315,13,10.0,17.2,3.0,315,13,13,28.14,-0.0,0,0,,42.6,45.7,,0.32,0.51,
ROXB,2019-11-08 16:30:00 EST,42.32964,-74.46746,1880,21.1,21.3,11.2,69.6,12.7,0.000,0.000,0.00,0.000,8.0,16.2,2.5,302,19,8.6,17.6,2.7,301,18,8.6,17.6,2.7,301,18,11,28.14,-0.0,0,0,,42.6,45.7,,0.32,0.51,
ROXB,2019-11-08 16:35:00 EST,42.32964,-74.46746,1880,20.9,21.2,11.1,70.5,12.9,0.000,0.000,0.00,0.000,7.7,16.9,3.0,293,19,8.3,18.9,3.3,293,18,8.3,18.9,3.3,293,18,9,28.14,-0.0,0,0,,42.6,45.7,,0.32,0.51,
ROXB,2019-11-08 16:40:00 EST,42.32964,-74.46746,1880,21.0,21.1,10.9,70.4,12.8,0.000,0.000,0.00,0.000,7.8,13.1,1.9,292,17,8.7,14.7,2.2,292,17,8.7,14.7,2.2,292,17,7,28.14,-0.0,0,0,,42.6,45.7,,0.32,0.51,
ROXB,2019-11-08 16:45:00 EST,42.32964,-74.46746,1880,20.9,21.0,9.7,70.1,12.7,0.000,0.000,0.00,0.000,9.5,16.7,2.8,289,16,10.4,18.1,3.1,289,15,10.4,18.1,3.1,289,15,4,28.14,-0.0,0,0,,42.6,45.7,,0.32,0.51,
ROXB,2019-11-08 16:50:00 EST,42.32964,-74.46746,1880,20.8,20.9,11.9,70.7,12.7,0.000,0.000,0.00,0.000,6.4,12.5,2.5,305,17,7.1,14.0,2.7,305,15,7.1,14.0,2.7,305,15,3,28.14,0.0,0,0,,42.6,45.7,,0.32,0.51,
ROXB,2019-11-08 16:55:00 EST,42.32964,-74.46746,1880,20.8,21.0,10.5,70.9,12.8,0.000,0.000,0.00,0.000,8.1,17.8,2.9,287,16,9.0,19.0,3.3,288,14,9.0,19.0,3.3,288,14,1,28.14,-0.0,0,0,,42.6,45.7,,0.32,0.51,
ROXB,2019-11-08 17:00:00 EST,42.32964,-74.46746,1880,20.6,20.8,10.3,71.4,12.9,0.000,0.000,0.00,0.000,8.0,12.8,2.1,285,18,9.0,14.7,2.5,286,16,9.0,14.7,2.5,286,16,0,28.14,0.0,0,0,,42.6,45.7,,0.32,0.51,
ROXB,2019-11-08 17:05:00 EST,42.32964,-74.46746,1880,20.6,20.7,10.7,72.5,13.1,0.000,0.000,0.00,0.000,7.4,13.2,2.1,289,15,8.3,15.2,2.3,289,14,8.3,15.2,2.3,289,14,0,28.14,-0.0,0,0,,42.6,45.7,,0.32,0.51,
ROXB,2019-11-08 17:10:00 EST,42.32964,-74.46746,1880,20.6,20.7,10.0,72.9,13.2,0.000,0.000,0.00,0.000,8.6,17.6,3.0,296,17,9.3,19.0,3.0,295,16,9.3,19.0,3.0,295,16,0,28.15,-0.0,0,0,,42.6,45.7,,0.32,0.51,
ROXB,2019-11-08 17:15:00 EST,42.32964,-74.46746,1880,20.6,20.7,9.5,71.7,12.9,0.000,0.000,0.00,0.000,9.2,16.1,2.6,299,15,10.1,17.0,2.7,299,14,10.1,17.0,2.7,299,14,0,28.15,-0.0,0,0,,42.6,45.7,,0.32,0.51,
ROXB,2019-11-08 17:20:00 EST,42.32964,-74.46746,1880,20.5,20.7,9.8,71.4,12.7,0.000,0.000,0.00,0.000,8.8,15.1,2.8,303,15,9.5,18.7,3.1,304,14,9.5,18.7,3.1,304,14,0,28.15,-0.0,0,0,,42.5,45.6,,0.32,0.51,
ROXB,2019-11-08 17:25:00 EST,42.32964,-74.46746,1880,20.3,20.6,10.4,71.5,12.6,0.000,0.000,0.00,0.000,7.8,11.7,2.2,304,20,8.3,13.0,2.3,303,18,8.3,13.0,2.3,303,18,0,28.15,-0.0,0,0,,42.5,45.5,,0.32,0.51,
ROXB,2019-11-08 17:30:00 EST,42.32964,-74.46746,1880,20.4,20.5,9.8,71.5,12.6,0.000,0.000,0.00,0.000,8.3,14.5,2.4,295,17,9.2,15.9,2.5,295,14,9.2,15.9,2.5,295,14,0,28.16,0.0,0,0,,42.4,45.6,,0.32,0.51,
ROXB,2019-11-08 17:35:00 EST,42.32964,-74.46746,1880,20.5,20.6,9.6,71.9,12.8,0.000,0.000,0.00,0.000,8.7,15.4,2.3,288,15,9.7,17.2,2.9,288,13,9.7,17.2,2.9,288,13,0,28.16,-0.0,0,0,,42.4,45.5,,0.32,0.51,
ROXB,2019-11-08 17:40:00 EST,42.32964,-74.46746,1880,20.3,20.6,10.8,72.1,12.8,0.000,0.000,0.00,0.000,6.9,13.2,2.3,283,18,7.8,15.3,2.8,282,16,7.8,15.3,2.8,282,16,0,28.16,0.0,0,0,,42.4,45.5,,0.32,0.51,
ROXB,2019-11-08 17:45:00 EST,42.32964,-74.46746,1880,20.3,20.5,9.1,73.3,13.1,0.000,0.000,0.00,0.000,9.3,14.3,2.4,285,14,10.3,15.7,2.5,287,12,10.3,15.7,2.5,287,12,0,28.16,-0.1,0,0,,42.4,45.5,,0.32,0.51,
ROXB,2019-11-08 17:50:00 EST,42.32964,-74.46746,1880,20.4,20.5,9.4,75.0,13.7,0.000,0.000,0.00,0.000,8.9,16.7,2.9,287,14,9.8,19.7,3.1,288,12,9.8,19.7,3.1,288,12,0,28.17,-0.0,0,0,,42.4,45.5,,0.32,0.51,
ROXB,2019-11-08 17:55:00 EST,42.32964,-74.46746,1880,20.4,20.5,9.7,75.4,13.9,0.000,0.000,0.00,0.000,8.4,16.1,3.1,285,17,9.5,16.7,3.2,286,13,9.5,16.7,3.2,286,13,0,28.17,-0.0,0,0,,42.4,45.5,,0.32,0.51,
ROXB,2019-11-08 18:00:00 EST,42.32964,-74.46746,1880,20.3,20.4,10.3,76.2,14.0,0.000,0.000,0.00,0.000,7.6,13.2,2.5,294,15,8.5,14.3,2.7,294,15,8.5,14.3,2.7,294,15,0,28.17,-0.0,0,0,,42.4,45.5,,0.32,0.51,
ROXB,2019-11-08 18:05:00 EST,42.32964,-74.46746,1880,20.4,20.5,9.4,75.1,13.8,0.000,0.000,0.00,0.000,9.0,16.7,2.7,293,20,9.9,15.7,2.7,292,20,9.9,15.7,2.7,292,20,0,28.17,-0.0,0,0,,42.4,45.5,,0.32,0.51,
ROXB,2019-11-08 18:10:00 EST,42.32964,-74.46746,1880,20.5,20.6,10.2,74.3,13.6,0.000,0.000,0.00,0.000,8.0,13.9,2.1,289,16,8.8,14.3,2.4,289,13,8.8,14.3,2.4,289,13,0,28.17,-0.0,0,0,,42.4,45.5,,0.32,0.51,
ROXB,2019-11-08 18:15:00 EST,42.32964,-74.46746,1880,20.5,20.6,10.3,73.6,13.4,0.000,0.000,0.00,0.000,7.8,14.2,2.6,293,17,8.7,16.7,2.8,293,16,8.7,16.7,2.8,293,16,0,28.17,-0.0,0,0,,42.4,45.5,,0.32,0.51,
ROXB,2019-11-08 18:20:00 EST,42.32964,-74.46746,1880,20.5,20.6,8.3,72.9,13.2,0.000,0.000,0.00,0.000,11.3,18.4,2.3,295,16,12.1,21.0,2.7,295,13,12.1,21.0,2.7,295,13,0,28.17,-0.0,0,0,,42.4,45.5,,0.32,0.51,
ROXB,2019-11-08 18:25:00 EST,42.32964,-74.46746,1880,20.5,20.6,7.7,71.9,12.9,0.000,0.000,0.00,0.000,12.0,18.0,2.5,289,18,13.2,19.6,2.9,290,15,13.2,19.6,2.9,290,15,0,28.17,-0.1,0,0,,42.4,45.5,,0.32,0.51,
ROXB,2019-11-08 18:30:00 EST,42.32964,-74.46746,1880,20.4,20.5,9.0,72.4,13.0,0.000,0.000,0.00,0.000,9.6,14.8,2.2,295,21,10.6,16.3,2.4,293,21,10.6,16.3,2.4,293,21,0,28.18,-0.0,0,0,,42.4,45.5,,0.31,0.51,
ROXB,2019-11-08 18:35:00 EST,42.32964,-74.46746,1880,20.4,20.5,8.8,72.5,13.0,0.000,0.000,0.00,0.000,9.9,17.5,3.4,290,18,10.9,21.1,3.8,290,15,10.9,21.1,3.8,290,15,0,28.18,-0.1,0,0,,42.4,45.5,,0.32,0.51,
ROXB,2019-11-08 18:40:00 EST,42.32964,-74.46746,1880,20.4,20.5,8.2,72.6,13.0,0.000,0.000,0.00,0.000,11.2,19.1,3.1,303,16,12.0,18.2,3.1,303,17,12.0,18.2,3.1,303,17,0,28.18,-0.0,0,0,,42.4,45.5,,0.32,0.51,
ROXB,2019-11-08 18:45:00 EST,42.32964,-74.46746,1880,20.3,20.4,8.7,72.5,12.9,0.000,0.000,0.00,0.000,10.1,16.7,3.1,303,18,10.8,17.4,3.2,302,17,10.8,17.4,3.2,302,17,0,28.18,-0.1,0,0,,42.4,45.5,,0.32,0.51,
ROXB,2019-11-08 18:50:00 EST,42.32964,-74.46746,1880,20.0,20.2,10.6,73.7,13.0,0.000,0.000,0.00,0.000,6.8,12.9,1.8,294,17,7.5,14.7,2.0,294,17,7.5,14.7,2.0,294,17,0,28.19,-0.0,0,0,,42.4,45.5,,0.32,0.51,
ROXB,2019-11-08 18:55:00 EST,42.32964,-74.46746,1880,19.8,20.0,10.9,75.0,13.1,0.000,0.000,0.00,0.000,6.1,12.1,1.6,288,19,6.8,12.9,1.9,289,18,6.8,12.9,1.9,289,18,0,28.19,-0.0,0,0,,42.4,45.5,,0.31,0.51,
ROXB,2019-11-08 19:00:00 EST,42.32964,-74.46746,1880,19.8,20.0,9.8,74.7,13.1,0.000,0.000,0.00,0.000,7.6,11.9,1.6,301,15,8.4,12.2,1.6,301,14,8.4,12.2,1.6,301,14,0,28.19,0.0,0,0,,42.4,45.5,,0.32,0.51,
ROXB,2019-11-08 19:05:00 EST,42.32964,-74.46746,1880,19.8,19.9,9.5,74.9,13.1,0.000,0.000,0.00,0.000,8.0,13.4,2.3,295,18,8.7,15.6,2.5,295,17,8.7,15.6,2.5,295,17,0,28.19,-0.1,0,0,,42.4,45.5,,0.31,0.51,
ROXB,2019-11-08 19:10:00 EST,42.32964,-74.46746,1880,19.6,19.8,9.8,75.1,13.0,0.000,0.000,0.00,0.000,7.3,11.7,2.3,288,18,8.0,13.1,2.4,288,15,8.0,13.1,2.4,288,15,0,28.19,-0.1,0,0,,42.4,45.5,,0.31,0.51,
ROXB,2019-11-08 19:15:00 EST,42.32964,-74.46746,1880,19.6,19.9,9.2,75.1,13.0,0.000,0.000,0.00,0.000,7.7,13.3,2.1,288,21,8.8,13.8,2.2,289,18,8.8,13.8,2.2,289,18,0,28.19,-0.0,0,0,,42.4,45.5,,0.31,0.51,
ROXB,2019-11-08 19:20:00 EST,42.32964,-74.46746,1880,19.7,19.9,9.1,75.3,13.2,0.000,0.000,0.00,0.000,8.2,13.6,1.9,295,17,9.0,15.9,2.3,294,16,9.0,15.9,2.3,294,16,0,28.19,-0.1,0,0,,42.4,45.5,,0.31,0.51,
ROXB,2019-11-08 19:25:00 EST,42.32964,-74.46746,1880,19.8,19.9,9.3,75.1,13.2,0.000,0.000,0.00,0.000,8.0,14.7,3.1,299,16,8.9,16.0,3.2,299,15,8.9,16.0,3.2,299,15,0,28.19,0.0,0,0,,42.4,45.5,,0.31,0.51,
ROXB,2019-11-08 19:30:00 EST,42.32964,-74.46746,1880,19.7,19.9,8.7,75.4,13.2,0.000,0.000,0.00,0.000,8.8,16.4,2.3,283,19,9.8,17.2,2.4,283,17,9.8,17.2,2.4,283,17,0,28.19,-0.0,0,0,,42.4,45.5,,0.31,0.51,
ROXB,2019-11-08 19:35:00 EST,42.32964,-74.46746,1880,19.6,19.7,9.4,75.7,13.2,0.000,0.000,0.00,0.000,7.6,13.2,2.1,291,19,8.4,13.9,2.4,293,17,8.4,13.9,2.4,293,17,0,28.19,-0.1,0,0,,42.4,45.5,,0.31,0.51,
ROXB,2019-11-08 19:40:00 EST,42.32964,-74.46746,1880,19.3,19.6,10.2,76.4,13.1,0.000,0.000,0.00,0.000,6.3,12.5,2.2,308,24,7.1,14.4,2.4,309,22,7.1,14.4,2.4,309,22,0,28.19,-0.1,0,0,,42.4,45.5,,0.31,0.51,
ROXB,2019-11-08 19:45:00 EST,42.32964,-74.46746,1880,19.3,19.5,9.5,76.6,13.1,0.000,0.000,0.00,0.000,6.9,10.8,2.0,302,20,7.8,12.9,2.2,303,20,7.8,12.9,2.2,303,20,0,28.19,-0.0,0,0,,42.4,45.5,,0.31,0.51,
ROXB,2019-11-08 19:50:00 EST,42.32964,-74.46746,1880,19.4,19.6,7.7,76.2,13.1,0.000,0.000,0.00,0.000,9.8,16.1,2.6,301,21,10.7,18.7,2.7,300,19,10.7,18.7,2.7,300,19,0,28.19,-0.1,0,0,,42.4,45.5,,0.31,0.51,
ROXB,2019-11-08 19:55:00 EST,42.32964,-74.46746,1880,19.3,19.5,8.5,76.5,13.1,0.000,0.000,0.00,0.000,8.6,15.0,1.8,297,17,9.2,17.1,2.2,299,17,9.2,17.1,2.2,299,17,0,28.19,-0.1,0,0,,42.3,45.5,,0.31,0.51,
ROXB,2019-11-08 20:00:00 EST,42.32964,-74.46746,1880,18.9,19.3,10.5,77.4,13.1,0.000,0.000,0.00,0.000,5.5,9.6,1.4,297,19,6.2,11.7,1.6,297,19,6.2,11.7,1.6,297,19,0,28.19,-0.0,0,0,,42.3,45.5,,0.31,0.51,
ROXB,2019-11-08 20:05:00 EST,42.32964,-74.46746,1880,19.0,19.3,9.3,77.5,13.1,0.000,0.000,0.00,0.000,7.1,10.5,1.8,308,16,7.6,13.3,1.9,309,15,7.6,13.3,1.9,309,15,0,28.20,-0.0,0,0,,42.3,45.5,,0.31,0.51,
ROXB,2019-11-08 20:10:00 EST,42.32964,-74.46746,1880,18.9,19.1,11.7,77.1,12.9,0.000,0.000,0.00,0.000,4.5,8.5,1.3,298,23,5.0,10.1,1.5,299,23,5.0,10.1,1.5,299,23,0,28.20,-0.0,0,0,,42.3,45.5,,0.31,0.51,
ROXB,2019-11-08 20:15:00 EST,42.32964,-74.46746,1880,18.6,19.0,12.0,77.7,12.8,0.000,0.000,0.00,0.000,4.0,9.9,1.9,305,23,4.4,10.2,1.9,306,23,4.4,10.2,1.9,306,23,0,28.20,-0.2,0,0,,42.3,45.5,,0.31,0.51,
ROXB,2019-11-08 20:20:00 EST,42.32964,-74.46746,1880,18.6,19.0,10.3,78.0,12.9,0.000,0.000,0.00,0.000,5.4,9.9,1.3,318,15,6.0,10.9,1.4,319,15,6.0,10.9,1.4,319,15,0,28.20,-0.1,0,0,,42.3,45.5,,0.31,0.51,
ROXB,2019-11-08 20:25:00 EST,42.32964,-74.46746,1880,18.5,19.0,9.7,77.9,12.8,0.000,0.000,0.00,0.000,5.8,8.1,1.1,320,13,6.5,10.7,1.3,321,13,6.5,10.7,1.3,321,13,0,28.20,-0.0,0,0,,42.3,45.5,,0.31,0.51,
ROXB,2019-11-08 20:30:00 EST,42.32964,-74.46746,1880,18.4,18.9,9.3,79.1,13.0,0.000,0.000,0.00,0.000,6.2,9.1,1.2,318,15,6.7,9.3,1.2,319,15,6.7,9.3,1.2,319,15,0,28.20,-0.2,0,0,,42.3,45.5,,0.31,0.51,
ROXB,2019-11-08 20:35:00 EST,42.32964,-74.46746,1880,18.4,18.9,9.6,79.1,13.0,0.000,0.000,0.00,0.000,5.9,9.3,1.3,317,14,6.4,10.4,1.3,318,13,6.4,10.4,1.3,318,13,0,28.20,-0.1,0,0,,42.3,45.5,,0.31,0.51,
ROXB,2019-11-08 20:40:00 EST,42.32964,-74.46746,1880,18.2,18.6,10.9,79.6,12.9,0.000,0.000,0.00,0.000,4.7,7.5,1.4,311,15,4.9,7.9,1.3,312,14,4.9,7.9,1.3,312,14,0,28.20,-0.1,0,0,,42.3,45.5,,0.31,0.51,
ROXB,2019-11-08 20:45:00 EST,42.32964,-74.46746,1880,18.1,18.6,11.3,80.0,12.9,0.000,0.000,0.00,0.000,4.2,6.5,1.0,301,17,4.5,7.2,1.1,301,16,4.5,7.2,1.1,301,16,0,28.20,-0.0,0,0,,42.3,45.5,,0.31,0.51,
ROXB,2019-11-08 20:50:00 EST,42.32964,-74.46746,1880,18.2,18.7,11.3,79.5,12.9,0.000,0.000,0.00,0.000,4.3,7.5,1.3,286,15,4.7,8.1,1.5,285,14,4.7,8.1,1.5,285,14,0,28.20,-0.1,0,0,,42.3,45.5,,0.31,0.51,
ROXB,2019-11-08 20:55:00 EST,42.32964,-74.46746,1880,18.0,18.6,11.6,79.1,12.7,0.000,0.000,0.00,0.000,3.9,7.4,1.2,297,14,4.3,7.2,1.2,298,14,4.3,7.2,1.2,298,14,0,28.21,-0.1,0,0,,42.3,45.5,,0.31,0.51,
ROXB,2019-11-08 21:00:00 EST,42.32964,-74.46746,1880,18.2,18.7,10.6,78.2,12.5,0.000,0.000,0.00,0.000,4.6,8.0,1.6,271,16,5.2,10.1,1.9,272,16,5.2,10.1,1.9,272,16,0,28.21,0.0,0,0,,42.3,45.4,,0.31,0.51,
ROXB,2019-11-08 21:05:00 EST,42.32964,-74.46746,1880,17.9,18.6,11.9,78.3,12.3,0.000,0.000,0.00,0.000,3.5,6.8,1.0,287,15,3.9,7.3,1.1,287,14,3.9,7.3,1.1,287,14,0,28.21,-0.0,0,0,,42.3,45.4,,0.31,0.51,
ROXB,2019-11-08 21:10:00 EST,42.32964,-74.46746,1880,17.9,18.4,17.9,79.2,12.6,0.000,0.000,0.00,0.000,1.8,3.4,0.8,300,29,2.1,4.1,0.8,301,30,2.1,4.1,0.8,301,30,0,28.21,-0.0,0,0,,42.3,45.4,,0.31,0.51,
ROXB,2019-11-08 21:15:00 EST,42.32964,-74.46746,1880,17.8,18.4,12.4,79.3,12.5,0.000,0.000,0.00,0.000,3.2,5.7,1.0,287,16,3.6,6.8,1.2,288,15,3.6,6.8,1.2,288,15,0,28.21,-0.2,0,0,,42.3,45.3,,0.31,0.51,
ROXB,2019-11-08 21:20:00 EST,42.32964,-74.46746,1880,18.0,18.4,11.2,78.8,12.5,0.000,0.000,0.00,0.000,4.1,6.4,1.1,260,20,4.6,6.9,1.2,261,20,4.6,6.9,1.2,261,20,0,28.21,-0.0,0,0,,42.3,45.3,,0.31,0.51,
ROXB,2019-11-08 21:25:00 EST,42.32964,-74.46746,1880,17.7,18.2,12.9,79.1,12.3,0.000,0.000,0.00,0.000,2.7,5.6,0.9,279,19,3.1,6.5,1.0,280,19,3.1,6.5,1.0,280,19,0,28.21,-0.1,0,0,,42.2,45.3,,0.31,0.51,
ROXB,2019-11-08 21:30:00 EST,42.32964,-74.46746,1880,17.6,18.2,10.9,80.9,12.7,0.000,0.000,0.00,0.000,4.0,6.5,1.2,273,19,4.4,8.9,1.4,274,21,4.4,8.9,1.4,274,21,0,28.22,-0.1,0,0,,42.1,45.3,,0.31,0.51,
ROXB,2019-11-08 21:35:00 EST,42.32964,-74.46746,1880,17.7,18.2,10.4,80.9,12.8,0.000,0.000,0.00,0.000,4.3,6.6,1.1,265,14,4.8,7.5,1.3,266,14,4.8,7.5,1.3,266,14,0,28.22,-0.0,0,0,,42.1,45.3,,0.31,0.51,
ROXB,2019-11-08 21:40:00 EST,42.32964,-74.46746,1880,17.9,18.3,9.3,80.9,13.0,0.000,0.000,0.00,0.000,5.6,9.4,1.5,267,15,6.2,11.6,1.8,268,14,6.2,11.6,1.8,268,14,0,28.22,-0.1,0,0,,42.1,45.3,,0.31,0.51,
ROXB,2019-11-08 21:45:00 EST,42.32964,-74.46746,1880,17.8,18.2,8.3,81.0,13.0,0.000,0.000,0.00,0.000,6.2,10.2,1.6,275,12,7.1,12.6,1.9,275,10,7.1,12.6,1.9,275,10,0,28.22,-0.1,0,0,,42.1,45.3,,0.31,0.51,
ROXB,2019-11-08 21:50:00 EST,42.32964,-74.46746,1880,17.7,18.1,8.7,81.4,13.0,0.000,0.000,0.00,0.000,5.7,10.4,1.7,272,14,6.5,12.9,2.1,273,14,6.5,12.9,2.1,273,14,0,28.22,-0.1,0,0,,42.1,45.3,,0.31,0.51,
ROXB,2019-11-08 21:55:00 EST,42.32964,-74.46746,1880,17.5,18.0,8.2,82.5,13.1,0.000,0.000,0.00,0.000,6.2,11.2,1.6,278,13,6.9,13.8,2.0,278,11,6.9,13.8,2.0,278,11,0,28.22,-0.0,0,0,,42.1,45.3,,0.31,0.51,
ROXB,2019-11-08 22:00:00 EST,42.32964,-74.46746,1880,17.7,18.0,7.8,83.0,13.4,0.000,0.000,0.00,0.000,6.8,10.1,1.4,280,17,7.6,11.2,1.6,280,15,7.6,11.2,1.6,280,15,0,28.22,-0.1,0,0,,42.1,45.3,,0.31,0.51,
ROXB,2019-11-08 22:05:00 EST,42.32964,-74.46746,1880,17.6,17.9,7.6,83.4,13.4,0.000,0.000,0.00,0.000,6.8,11.9,1.4,269,17,7.7,14.1,1.9,270,15,7.7,14.1,1.9,270,15,0,28.22,-0.1,0,0,,42.1,45.3,,0.31,0.51,
ROXB,2019-11-08 22:10:00 EST,42.32964,-74.46746,1880,17.7,18.0,7.9,83.4,13.5,0.000,0.000,0.00,0.000,6.4,11.0,1.5,274,17,7.4,14.8,1.9,275,17,7.4,14.8,1.9,275,17,0,28.22,0.0,0,0,,42.1,45.3,,0.31,0.51,
ROXB,2019-11-08 22:15:00 EST,42.32964,-74.46746,1880,17.7,18.0,8.6,83.1,13.5,0.000,0.000,0.00,0.000,5.9,10.4,1.7,275,15,6.7,11.1,2.0,276,15,6.7,11.1,2.0,276,15,0,28.22,-0.0,0,0,,42.1,45.3,,0.31,0.51,
ROXB,2019-11-08 22:20:00 EST,42.32964,-74.46746,1880,17.7,18.0,7.7,83.3,13.5,0.000,0.000,0.00,0.000,6.8,12.4,2.1,272,18,7.7,14.4,2.6,273,16,7.7,14.4,2.6,273,16,0,28.22,-0.0,0,0,,42.1,45.3,,0.31,0.51,
ROXB,2019-11-08 22:25:00 EST,42.32964,-74.46746,1880,17.8,18.1,8.2,83.2,13.6,0.000,0.000,0.00,0.000,6.3,10.4,1.9,269,16,7.2,13.1,2.4,271,14,7.2,13.1,2.4,271,14,0,28.22,0.0,0,0,,42.1,45.3,,0.31,0.51,
ROXB,2019-11-08 22:30:00 EST,42.32964,-74.46746,1880,17.9,18.1,8.6,83.4,13.7,0.000,0.000,0.00,0.000,6.2,9.5,1.6,279,16,6.9,11.9,1.8,281,15,6.9,11.9,1.8,281,15,0,28.22,-0.0,0,0,,42.1,45.3,,0.31,0.51,
ROXB,2019-11-08 22:35:00 EST,42.32964,-74.46746,1880,17.9,18.2,10.0,83.7,13.8,0.000,0.000,0.00,0.000,4.8,10.2,1.9,281,18,5.5,11.2,1.9,283,18,5.5,11.2,1.9,283,18,0,28.22,0.0,0,0,,42.1,45.3,,0.31,0.51,
ROXB,2019-11-08 22:40:00 EST,42.32964,-74.46746,1880,18.1,18.4,9.1,83.8,14.0,0.000,0.000,0.00,0.000,5.8,10.2,1.8,286,18,6.6,12.4,2.1,286,17,6.6,12.4,2.1,286,17,0,28.22,0.0,0,0,,42.1,45.3,,0.31,0.51,
ROXB,2019-11-08 22:45:00 EST,42.32964,-74.46746,1880,18.2,18.5,11.1,83.6,14.1,0.000,0.000,0.00,0.000,4.4,8.0,1.5,301,18,4.8,8.9,1.6,302,17,4.8,8.9,1.6,302,17,0,28.22,-0.1,0,0,,42.1,45.3,,0.31,0.51,
ROXB,2019-11-08 22:50:00 EST,42.32964,-74.46746,1880,18.3,18.7,9.7,83.3,14.1,0.000,0.000,0.00,0.000,5.7,11.5,1.8,297,18,6.3,12.3,2.1,297,16,6.3,12.3,2.1,297,16,0,28.22,0.1,0,0,,42.1,45.3,,0.31,0.51,
ROXB,2019-11-08 22:55:00 EST,42.32964,-74.46746,1880,18.4,18.7,11.3,83.4,14.2,0.000,0.000,0.00,0.000,4.5,7.2,1.4,298,22,4.9,7.2,1.4,298,20,4.9,7.2,1.4,298,20,0,28.22,-0.1,0,0,,42.0,45.3,,0.31,0.51,
ROXB,2019-11-08 23:00:00 EST,42.32964,-74.46746,1880,18.4,18.7,10.3,83.4,14.2,0.000,0.000,0.00,0.000,5.0,10.0,2.1,285,18,5.7,11.8,2.5,285,19,5.7,11.8,2.5,285,19,0,28.22,-0.0,0,0,,42.0,45.3,,0.31,0.51,
ROXB,2019-11-08 23:05:00 EST,42.32964,-74.46746,1880,18.5,18.8,9.0,83.5,14.3,0.000,0.000,0.00,0.000,6.3,10.3,1.9,283,18,7.2,13.7,2.2,283,15,7.2,13.7,2.2,283,15,0,28.23,0.1,0,0,,41.9,45.3,,0.31,0.51,
ROXB,2019-11-08 23:10:00 EST,42.32964,-74.46746,1880,18.8,18.9,10.1,82.8,14.4,0.000,0.000,0.00,0.000,5.8,8.8,1.6,283,18,6.5,11.0,1.9,283,16,6.5,11.0,1.9,283,16,0,28.23,0.0,0,0,,41.9,45.3,,0.31,0.51,
ROXB,2019-11-08 23:15:00 EST,42.32964,-74.46746,1880,18.8,19.0,12.1,82.6,14.4,0.000,0.000,0.00,0.000,4.1,7.9,1.4,284,16,4.6,9.0,1.6,285,16,4.6,9.0,1.6,285,16,0,28.23,-0.0,0,0,,41.9,45.3,,0.31,0.51,
ROXB,2019-11-08 23:20:00 EST,42.32964,-74.46746,1880,18.8,19.0,11.5,82.7,14.4,0.000,0.000,0.00,0.000,4.5,7.8,1.3,282,19,5.1,8.0,1.4,283,17,5.1,8.0,1.4,283,17,0,28.23,-0.0,0,0,,41.9,45.3,,0.31,0.51,
ROXB,2019-11-08 23:25:00 EST,42.32964,-74.46746,1880,18.8,19.0,11.5,82.8,14.4,0.000,0.000,0.00,0.000,4.4,7.7,1.2,271,14,5.0,8.6,1.3,273,13,5.0,8.6,1.3,273,13,0,28.23,0.0,0,0,,41.9,45.3,,0.31,0.51,
ROXB,2019-11-08 23:30:00 EST,42.32964,-74.46746,1880,18.7,19.0,11.6,82.5,14.3,0.000,0.000,0.00,0.000,4.4,7.4,1.2,279,15,4.9,7.9,1.4,279,14,4.9,7.9,1.4,279,14,0,28.23,-0.1,0,0,,41.9,45.3,,0.31,0.51,
ROXB,2019-11-08 23:35:00 EST,42.32964,-74.46746,1880,18.5,18.9,11.6,82.8,14.1,0.000,0.000,0.00,0.000,4.1,7.0,1.0,276,12,4.7,7.6,1.2,277,12,4.7,7.6,1.2,277,12,0,28.23,-0.0,0,0,,41.9,45.3,,0.31,0.51,
ROXB,2019-11-08 23:40:00 EST,42.32964,-74.46746,1880,18.4,18.9,12.0,83.3,14.2,0.000,0.000,0.00,0.000,3.9,5.3,0.6,274,12,4.3,6.5,0.7,275,12,4.3,6.5,0.7,275,12,0,28.22,-0.0,0,0,,41.9,45.3,,0.31,0.51,
ROXB,2019-11-08 23:45:00 EST,42.32964,-74.46746,1880,18.4,18.8,10.0,83.5,14.2,0.000,0.000,0.00,0.000,5.5,9.4,1.5,282,11,6.0,10.9,1.7,282,10,6.0,10.9,1.7,282,10,0,28.23,0.1,0,0,,41.9,45.3,,0.31,0.51,
ROXB,2019-11-08 23:50:00 EST,42.32964,-74.46746,1880,18.4,18.8,10.0,82.9,14.1,0.000,0.000,0.00,0.000,5.4,9.2,1.5,276,16,6.0,11.3,1.6,277,13,6.0,11.3,1.6,277,13,0,28.22,-0.0,0,0,,41.9,45.2,,0.31,0.51,
ROXB,2019-11-08 23:55:00 EST,42.32964,-74.46746,1880,18.3,18.8,10.2,82.4,13.9,0.000,0.000,0.00,0.000,5.1,9.1,1.4,276,14,5.8,10.7,1.6,277,13,5.8,10.7,1.6,277,13,0,28.22,-0.0,0,0,,41.9,45.1,,0.31,0.51,
RUSH,2019-11-08 00:00:00 EST,43.00099,-77.63739,593,28.4,28.4,28.4,97.3,27.7,0.008,0.203,0.00,0.029,2.4,3.4,0.4,262,12,2.9,4.5,0.6,271,14,2.9,4.5,0.6,271,14,0,29.49,0.8,0,0,0,41.5,45.1,47.8,0.27,0.29,0.25
RUSH,2019-11-08 00:05:00 EST,43.00099,-77.63739,593,28.4,28.4,24.0,97.4,27.8,0.004,0.004,0.00,0.033,3.2,5.3,0.8,271,11,3.9,6.6,1.0,277,9,3.9,6.6,1.0,277,9,0,29.50,0.6,0,0,0,41.5,45.1,47.8,0.27,0.29,0.25
RUSH,2019-11-08 00:10:00 EST,43.00099,-77.63739,593,28.5,28.5,22.7,97.6,27.9,0.000,0.004,0.00,0.033,4.7,6.6,1.4,286,15,5.2,8.2,1.4,289,15,5.2,8.2,1.4,289,15,0,29.50,0.4,0,0,0,41.5,45.1,47.8,0.27,0.29,0.25
RUSH,2019-11-08 00:15:00 EST,43.00099,-77.63739,593,28.6,28.6,23.9,97.7,28.1,0.006,0.010,0.00,0.039,3.8,7.0,1.2,294,14,4.3,7.5,1.3,297,14,4.3,7.5,1.3,297,14,0,29.50,0.6,0,0,0,41.5,45.1,47.8,0.27,0.29,0.25
RUSH,2019-11-08 00:20:00 EST,43.00099,-77.63739,593,28.7,28.7,21.4,97.8,28.2,0.002,0.012,0.00,0.041,6.9,10.7,1.4,307,16,7.3,11.9,1.5,310,17,7.3,11.9,1.5,310,17,0,29.50,-0.2,0,0,0,41.5,45.1,47.8,0.27,0.29,0.25
RUSH,2019-11-08 00:25:00 EST,43.00099,-77.63739,593,28.7,28.7,22.1,97.9,28.2,0.002,0.014,0.00,0.043,5.7,10.6,1.7,318,14,6.2,11.3,1.9,325,15,6.2,11.3,1.9,325,15,0,29.50,0.8,0,0,0,41.5,45.1,47.8,0.27,0.29,0.25
RUSH,2019-11-08 00:30:00 EST,43.00099,-77.63739,593,28.6,28.6,22.7,97.9,28.1,0.000,0.014,0.00,0.039,4.9,8.0,1.1,318,14,5.4,8.2,1.1,324,15,5.4,8.2,1.1,324,15,0,29.50,1.3,0,0,0,41.5,45.1,47.8,0.27,0.29,0.25
RUSH,2019-11-08 00:35:00 EST,43.00099,-77.63739,593,28.6,28.6,23.0,98.0,28.1,0.003,0.017,0.00,0.037,4.6,7.6,1.2,318,16,5.1,7.9,1.2,324,17,5.1,7.9,1.2,324,17,0,29.49,,0,0,0,41.5,45.1,47.8,0.27,0.29,0.25
RUSH,2019-11-08 00:40:00 EST,43.00099,-77.63739,593,28.6,28.6,22.8,98.0,28.1,0.000,0.017,0.00,0.036,4.8,7.4,1.4,318,11,5.3,9.3,1.5,325,13,5.3,9.3,1.5,325,13,0,29.50,1.0,0,0,0,41.5,45.1,47.8,0.27,0.29,0.25
RUSH,2019-11-08 00:45:00 EST,43.00099,-77.63739,593,28.5,28.5,24.3,98.0,28.0,0.000,0.017,0.00,0.032,3.6,6.2,1.2,314,18,3.8,7.7,1.3,320,20,3.8,7.7,1.3,320,20,0,29.50,1.0,0,0,0,41.5,45.1,47.6,0.27,0.29,0.25
RUSH,2019-11-08 00:50:00 EST,43.00099,-77.63739,593,28.4,28.5,24.6,98.0,27.9,0.000,0.017,0.00,0.029,3.3,4.6,0.7,303,14,3.4,5.1,0.8,309,15,3.4,5.1,0.8,309,15,0,29.50,0.8,0,0,0,41.5,45.1,47.6,0.27,0.29,0.25
RUSH,2019-11-08 00:55:00 EST,43.00099,-77.63739,593,28.3,28.4,24.2,97.9,27.8,0.000,0.017,0.00,0.025,3.6,6.1,1.0,308,12,3.7,6.7,1.1,315,12,3.7,6.7,1.1,315,12,0,29.50,0.9,0,0,0,41.5,45.1,47.6,0.27,0.29,0.25
RUSH,2019-11-08 01:00:00 EST,43.00099,-77.63739,593,28.2,28.3,28.2,97.9,27.6,0.000,0.017,0.00,0.017,2.2,4.1,0.6,286,13,2.4,4.6,0.6,291,14,2.4,4.6,0.6,291,14,0,29.50,0.8,0,0,0,41.5,45.1,47.5,0.27,0.29,0.25
RUSH,2019-11-08 01:05:00 EST,43.00099,-77.63739,593,28.0,28.3,28.0,97.9,27.5,0.000,0.017,0.00,0.013,2.5,3.7,0.6,273,11,2.9,4.2,0.6,279,11,2.9,4.2,0.6,279,11,0,29.50,0.8,0,0,0,41.5,45.1,47.6,0.27,0.29,0.25
RUSH,2019-11-08 01:10:00 EST,43.00099,-77.63739,593,27.7,28.2,24.2,97.7,27.1,0.000,0.017,0.00,0.013,2.8,4.3,0.6,281,14,3.2,4.9,0.6,286,13,3.2,4.9,0.6,286,13,0,29.50,0.8,0,0,0,41.5,45.1,47.5,0.27,0.29,0.25
RUSH,2019-11-08 01:15:00 EST,43.00099,-77.63739,593,27.9,28.1,23.2,97.7,27.3,0.000,0.017,0.00,0.007,3.5,5.3,0.8,281,12,4.0,6.4,0.9,285,10,4.0,6.4,0.9,285,10,0,29.50,0.8,0,0,0,41.5,45.1,47.5,0.27,0.29,0.25
RUSH,2019-11-08 01:20:00 EST,43.00099,-77.63739,593,27.9,28.1,23.8,97.7,27.3,0.000,0.017,0.00,0.005,3.2,5.6,0.6,285,12,3.6,5.5,0.8,289,12,3.6,5.5,0.8,289,12,0,29.50,0.8,0,0,0,41.5,45.1,47.5,0.27,0.29,0.25
RUSH,2019-11-08 01:25:00 EST,43.00099,-77.63739,593,27.8,28.0,27.8,97.7,27.3,0.000,0.017,0.00,0.003,2.7,5.0,0.7,286,11,3.0,5.2,0.7,292,11,3.0,5.2,0.7,292,11,0,29.50,0.8,0,0,0,41.5,45.1,47.5,0.27,0.29,0.25
RUSH,2019-11-08 01:30:00 EST,43.00099,-77.63739,593,28.0,28.1,23.1,97.7,27.4,0.000,0.017,0.00,0.003,3.8,5.8,0.7,288,14,4.3,8.3,0.9,293,16,4.3,8.3,0.9,293,16,0,29.50,0.8,0,0,0,41.5,45.1,47.5,0.27,0.29,0.25
RUSH,2019-11-08 01:35:00 EST,43.00099,-77.63739,593,28.1,28.1,22.1,97.8,27.6,0.000,0.017,0.00,0.000,4.7,7.2,0.9,269,13,5.4,9.5,1.2,275,11,5.4,9.5,1.2,275,11,0,29.50,0.9,0,0,0,41.5,45.1,47.5,0.27,0.29,0.25
RUSH,2019-11-08 01:40:00 EST,43.00099,-77.63739,593,28.1,28.1,22.1,97.7,27.5,0.000,0.017,0.00,0.000,4.7,6.9,1.0,266,12,5.4,8.0,1.0,272,10,5.4,8.0,1.0,272,10,0,29.50,0.9,0,0,0,41.5,45.1,47.5,0.27,0.29,0.25
RUSH,2019-11-08 01:45:00 EST,43.00099,-77.63739,593,28.0,28.1,22.8,97.5,27.4,0.000,0.017,0.00,0.000,4.0,6.0,0.9,276,13,4.6,6.9,1.1,280,11,4.6,6.9,1.1,280,11,0,29.51,0.8,0,0,0,41.5,45.1,47.5,0.27,0.29,0.25
RUSH,2019-11-08 01:50:00 EST,43.00099,-77.63739,593,28.0,28.1,22.1,97.4,27.4,0.000,0.017,0.00,0.000,4.8,6.5,0.7,280,14,5.4,7.7,1.0,284,12,5.4,7.7,1.0,284,12,0,29.51,0.8,0,0,0,41.5,45.1,47.5,0.27,0.29,0.25
RUSH,2019-11-08 01:55:00 EST,43.00099,-77.63739,593,28.0,28.1,21.3,97.2,27.3,0.000,0.017,0.00,0.000,5.5,7.9,1.1,285,18,6.1,9.5,1.3,287,16,6.1,9.5,1.3,287,16,0,29.51,0.8,0,0,0,41.5,45.0,47.5,0.26,0.29,0.25
RUSH,2019-11-08 02:00:00 EST,43.00099,-77.63739,593,27.9,28.0,22.6,97.1,27.2,0.000,0.017,0.00,0.000,4.3,5.6,0.6,286,10,4.7,7.0,0.8,289,9,4.7,7.0,0.8,289,9,0,29.51,0.7,0,0,0,41.5,45.0,47.5,0.27,0.29,0.25
RUSH,2019-11-08 02:05:00 EST,43.00099,-77.63739,593,27.8,28.0,22.5,97.2,27.1,0.000,0.017,0.00,0.000,4.3,7.8,1.4,288,10,4.7,10.6,1.5,291,11,4.7,10.6,1.5,291,11,0,29.51,0.7,0,0,0,41.5,45.0,47.5,0.26,0.29,0.25
RUSH,2019-11-08 02:10:00 EST,43.00099,-77.63739,593,27.9,28.0,22.7,97.2,27.2,0.000,0.017,0.00,0.000,4.1,7.2,1.1,289,14,4.5,8.5,1.4,292,14,4.5,8.5,1.4,292,14,0,29.51,0.6,0,0,0,41.5,45.0,47.5,0.27,0.29,0.25
RUSH,2019-11-08 02:15:00 EST,43.00099,-77.63739,593,28.0,28.0,21.8,97.3,27.3,0.000,0.017,0.00,0.000,5.0,7.3,0.9,285,11,5.5,8.5,0.9,287,9,5.5,8.5,0.9,287,9,0,29.51,0.5,0,0,0,41.5,45.0,47.5,0.26,0.29,0.25
RUSH,2019-11-08 02:20:00 EST,43.00099,-77.63739,593,28.1,28.1,21.4,97.3,27.4,0.000,0.017,0.00,0.000,5.8,9.2,1.3,296,13,6.1,10.9,1.6,298,13,6.1,10.9,1.6,298,13,0,29.51,0.4,0,0,0,41.5,45.0,47.5,0.27,0.29,0.25
RUSH,2019-11-08 02:25:00 EST,43.00099,-77.63739,593,28.0,28.1,22.6,97.2,27.3,0.000,0.017,0.00,0.000,4.3,6.3,0.9,285,12,4.8,7.1,1.0,287,11,4.8,7.1,1.0,287,11,0,29.51,0.3,0,0,0,41.5,45.0,47.5,0.27,0.29,0.25
RUSH,2019-11-08 02:30:00 EST,43.00099,-77.63739,593,27.9,28.0,22.5,97.0,27.1,0.000,0.017,0.00,0.000,4.4,6.3,0.8,295,13,4.8,7.6,0.9,299,14,4.8,7.6,0.9,299,14,0,29.51,0.2,0,0,0,41.5,45.0,47.5,0.27,0.29,0.25
RUSH,2019-11-08 02:35:00 EST,43.00099,-77.63739,593,28.0,28.1,21.6,96.9,27.2,0.000,0.017,0.00,0.000,5.6,7.9,1.0,299,13,5.8,8.9,1.1,302,14,5.8,8.9,1.1,302,14,0,29.51,0.1,0,0,0,41.5,45.0,47.5,0.26,0.29,0.25
RUSH,2019-11-08 02:40:00 EST,43.00099,-77.63739,593,28.0,28.1,22.6,96.8,27.2,0.000,0.017,0.00,0.000,4.6,7.0,0.9,301,12,4.7,7.1,1.0,304,12,4.7,7.1,1.0,304,12,0,29.51,0.1,0,0,0,41.5,45.0,47.5,0.27,0.29,0.25
RUSH,2019-11-08 02:45:00 EST,43.00099,-77.63739,593,27.9,28.0,22.4,96.6,27.1,0.000,0.017,0.00,0.000,4.5,7.5,1.2,298,14,4.9,8.6,1.2,302,14,4.9,8.6,1.2,302,14,0,29.51,0.0,0,0,0,41.5,45.0,47.5,0.27,0.29,0.25
RUSH,2019-11-08 02:50:00 EST,43.00099,-77.63739,593,27.8,28.0,22.8,96.4,27.0,0.000,0.017,0.00,0.000,4.2,6.0,0.8,300,13,4.4,7.0,0.8,304,14,4.4,7.0,0.8,304,14,0,29.51,-0.0,0,0,0,41.5,45.0,47.5,0.26,0.29,0.25
RUSH,2019-11-08 02:55:00 EST,43.00099,-77.63739,593,27.7,27.9,21.9,96.3,26.8,0.000,0.017,0.00,0.000,5.0,7.0,1.2,306,14,5.1,7.6,1.2,311,15,5.1,7.6,1.2,311,15,0,29.51,-0.1,0,0,0,41.5,45.0,47.5,0.26,0.29,0.25
RUSH,2019-11-08 03:00:00 EST,43.00099,-77.63739,593,27.7,27.9,21.1,96.0,26.7,0.000,0.017,0.00,0.000,5.8,8.5,1.3,309,14,6.0,9.1,1.3,314,16,6.0,9.1,1.3,314,16,0,29.51,0.1,0,0,0,41.5,45.0,47.5,0.27,0.29,0.25
RUSH,2019-11-08 03:05:00 EST,43.00099,-77.63739,593,27.7,27.9,21.3,95.6,26.6,0.000,0.017,0.00,0.000,5.3,8.0,1.0,316,13,5.7,7.9,1.0,322,14,5.7,7.9,1.0,322,14,0,29.51,0.4,0,0,0,41.5,45.0,47.5,0.26,0.29,0.25
RUSH,2019-11-08 03:10:00 EST,43.00099,-77.63739,593,27.5,27.8,20.5,95.1,26.3,0.000,0.017,0.00,0.000,5.9,9.6,1.7,322,12,6.4,10.0,1.6,330,12,6.4,10.0,1.6,330,12,0,29.51,0.7,0,0,0,41.5,45.0,47.5,0.26,0.29,0.25
RUSH,2019-11-08 03:15:00 EST,43.00099,-77.63739,593,27.3,27.6,19.8,94.5,25.9,0.000,0.017,0.00,0.000,6.8,11.5,1.4,322,14,7.0,10.5,1.3,327,13,7.0,10.5,1.3,327,13,0,29.52,0.8,0,0,0,41.5,45.0,47.5,0.26,0.29,0.25
RUSH,2019-11-08 03:20:00 EST,43.00099,-77.63739,593,27.0,27.4,20.1,94.0,25.6,0.000,0.017,0.00,0.000,5.9,10.4,1.5,317,13,6.3,10.3,1.4,324,13,6.3,10.3,1.4,324,13,0,29.52,0.6,0,0,0,41.5,45.0,47.5,0.26,0.29,0.25
RUSH,2019-11-08 03:25:00 EST,43.00099,-77.63739,593,26.7,27.1,20.8,93.5,25.0,0.000,0.017,0.00,0.000,4.6,7.9,1.2,310,13,5.0,8.3,1.2,316,13,5.0,8.3,1.2,316,13,0,29.52,0.6,0,0,0,41.5,45.0,47.5,0.26,0.29,0.25
RUSH,2019-11-08 03:30:00 EST,43.00099,-77.63739,593,26.4,27.0,20.7,93.3,24.8,0.000,0.017,0.00,0.000,4.7,6.6,0.8,311,10,4.9,6.8,0.9,316,11,4.9,6.8,0.9,316,11,0,29.52,0.6,0,0,0,41.5,45.0,47.5,0.26,0.29,0.25
RUSH,2019-11-08 03:35:00 EST,43.00099,-77.63739,593,26.1,26.9,20.8,93.2,24.4,0.000,0.017,0.00,0.000,4.1,6.9,0.9,304,10,4.4,6.8,0.9,307,12,4.4,6.8,0.9,307,12,0,29.52,0.7,0,0,0,41.5,45.0,47.5,0.26,0.29,0.25
RUSH,2019-11-08 03:40:00 EST,43.00099,-77.63739,593,26.2,26.8,20.6,93.5,24.6,0.000,0.017,0.00,0.000,4.5,6.6,0.8,303,8,4.7,7.1,0.9,307,9,4.7,7.1,0.9,307,9,0,29.52,0.7,0,0,0,41.5,45.0,47.5,0.26,0.29,0.25
RUSH,2019-11-08 03:45:00 EST,43.00099,-77.63739,593,26.2,26.8,21.0,93.4,24.6,0.000,0.017,0.00,0.000,4.2,5.9,0.8,302,11,4.3,6.3,0.9,306,12,4.3,6.3,0.9,306,12,0,29.52,0.6,0,0,0,41.5,45.0,47.5,0.26,0.29,0.24
RUSH,2019-11-08 03:50:00 EST,43.00099,-77.63739,593,26.2,26.7,21.3,93.1,24.5,0.000,0.017,0.00,0.000,3.9,5.7,0.8,292,11,4.1,6.2,0.9,295,11,4.1,6.2,0.9,295,11,0,29.52,0.4,0,0,0,41.5,45.0,47.5,0.26,0.29,0.25
RUSH,2019-11-08 03:55:00 EST,43.00099,-77.63739,593,26.2,26.6,20.9,92.5,24.4,0.000,0.017,0.00,0.000,3.9,5.9,0.8,288,12,4.4,8.4,1.0,291,11,4.4,8.4,1.0,291,11,0,29.53,0.6,0,0,0,41.5,45.0,47.5,0.26,0.29,0.25
RUSH,2019-11-08 04:00:00 EST,43.00099,-77.63739,593,26.3,26.6,20.9,92.2,24.4,0.000,0.017,0.00,0.000,4.1,6.6,1.1,284,11,4.6,7.3,1.1,288,9,4.6,7.3,1.1,288,9,0,29.53,0.5,0,0,0,41.5,45.0,47.5,0.26,0.29,0.25
RUSH,2019-11-08 04:05:00 EST,43.00099,-77.63739,593,26.3,26.6,21.1,91.6,24.2,0.000,0.017,0.00,0.000,3.9,5.8,0.9,286,13,4.4,6.9,1.0,290,12,4.4,6.9,1.0,290,12,0,29.53,0.5,0,0,0,41.5,45.0,47.5,0.26,0.29,0.25
RUSH,2019-11-08 04:10:00 EST,43.00099,-77.63739,593,26.2,26.5,21.2,91.6,24.1,0.000,0.017,0.00,0.000,3.8,5.8,0.8,293,14,4.2,6.9,0.8,296,14,4.2,6.9,0.8,296,14,0,29.53,0.5,0,0,0,41.5,45.0,47.5,0.26,0.29,0.25
RUSH,2019-11-08 04:15:00 EST,43.00099,-77.63739,593,26.2,26.4,20.6,92.0,24.2,0.000,0.017,0.00,0.000,4.4,7.7,1.4,294,13,4.7,8.0,1.4,298,13,4.7,8.0,1.4,298,13,0,29.53,0.7,0,0,0,41.5,45.0,47.5,0.26,0.29,0.25
RUSH,2019-11-08 04:20:00 EST,43.00099,-77.63739,593,26.4,26.6,18.9,91.7,24.4,0.000,0.017,0.00,0.000,6.7,9.6,1.3,298,12,6.9,10.3,1.3,302,13,6.9,10.3,1.3,302,13,0,29.54,0.3,0,0,0,41.5,45.0,47.5,0.26,0.29,0.25
RUSH,2019-11-08 04:25:00 EST,43.00099,-77.63739,593,26.6,26.7,18.1,89.9,24.1,0.000,0.017,0.00,0.000,8.3,13.2,2.1,296,8,8.3,13.5,2.1,299,9,8.3,13.5,2.1,299,9,0,29.54,0.2,0,0,0,41.5,45.0,47.5,0.27,0.29,0.25
RUSH,2019-11-08 04:30:00 EST,43.00099,-77.63739,593,26.4,26.5,19.7,89.9,23.9,0.000,0.017,0.00,0.000,5.8,9.3,1.3,296,11,5.9,9.1,1.3,298,12,5.9,9.1,1.3,298,12,0,29.54,0.1,0,0,0,41.5,45.0,47.5,0.26,0.29,0.25
RUSH,2019-11-08 04:35:00 EST,43.00099,-77.63739,593,26.2,26.4,20.0,90.0,23.7,0.000,0.017,0.00,0.000,4.8,8.1,1.2,283,14,5.3,9.2,1.5,286,12,5.3,9.2,1.5,286,12,0,29.54,0.0,0,0,0,41.5,45.0,47.4,0.26,0.29,0.25
RUSH,2019-11-08 04:40:00 EST,43.00099,-77.63739,593,26.1,26.3,20.0,89.4,23.4,0.000,0.017,0.00,0.000,4.7,8.8,1.5,292,13,5.1,9.3,1.6,295,12,5.1,9.3,1.6,295,12,0,29.54,-0.1,0,0,0,41.5,45.0,47.5,0.26,0.29,0.25
RUSH,2019-11-08 04:45:00 EST,43.00099,-77.63739,593,26.0,26.3,19.5,89.2,23.3,0.000,0.017,0.00,0.000,5.3,7.7,1.1,290,17,5.6,8.0,1.1,293,14,5.6,8.0,1.1,293,14,0,29.54,-0.1,0,0,0,41.5,45.0,47.5,0.26,0.29,0.25
RUSH,2019-11-08 04:50:00 EST,43.00099,-77.63739,593,25.8,26.1,19.3,89.1,23.0,0.000,0.017,0.00,0.000,5.0,8.1,1.0,286,10,5.5,9.2,1.2,289,9,5.5,9.2,1.2,289,9,0,29.54,-0.2,0,0,0,41.5,44.9,47.4,0.26,0.29,0.25
RUSH,2019-11-08 04:55:00 EST,43.00099,-77.63739,593,25.6,25.9,19.3,89.1,22.9,0.000,0.017,0.00,0.000,4.8,8.0,1.2,289,12,5.3,8.0,1.2,292,10,5.3,8.0,1.2,292,10,0,29.54,-0.1,0,0,0,41.4,44.9,47.4,0.26,0.29,0.24
RUSH,2019-11-08 05:00:00 EST,43.00099,-77.63739,593,25.6,25.9,19.2,88.7,22.7,0.000,0.017,0.00,0.000,5.1,8.9,1.2,292,14,5.4,9.8,1.2,296,12,5.4,9.8,1.2,296,12,0,29.55,-0.1,0,0,0,41.4,44.9,47.4,0.26,0.29,0.25
RUSH,2019-11-08 05:05:00 EST,43.00099,-77.63739,593,25.6,25.9,18.9,88.7,22.7,0.000,0.017,0.00,0.000,5.5,7.8,1.1,301,12,5.7,8.3,1.1,304,12,5.7,8.3,1.1,304,12,0,29.55,-0.1,0,0,0,41.4,44.8,47.4,0.26,0.29,0.25
RUSH,2019-11-08 05:10:00 EST,43.00099,-77.63739,593,25.7,25.9,18.9,87.9,22.6,0.000,0.017,0.00,0.000,5.5,9.1,1.5,297,14,5.7,9.3,1.5,300,14,5.7,9.3,1.5,300,14,0,29.55,-0.1,0,0,0,41.4,44.8,47.4,0.26,0.29,0.25
RUSH,2019-11-08 05:15:00 EST,43.00099,-77.63739,593,25.8,26.0,19.3,87.6,22.7,0.000,0.017,0.00,0.000,5.3,8.2,1.1,299,12,5.6,8.0,1.1,302,12,5.6,8.0,1.1,302,12,0,29.55,-0.2,0,0,0,41.4,44.8,47.4,0.26,0.29,0.25
RUSH,2019-11-08 05:20:00 EST,43.00099,-77.63739,593,25.7,25.9,20.2,87.5,22.5,0.000,0.017,0.00,0.000,4.2,8.5,1.7,302,16,4.6,8.7,1.6,306,18,4.6,8.7,1.6,306,18,0,29.55,-0.2,0,0,0,41.4,44.8,47.3,0.26,0.29,0.25
RUSH,2019-11-08 05:25:00 EST,43.00099,-77.63739,593,25.9,26.0,19.3,86.7,22.5,0.000,0.017,0.00,0.000,5.6,10.7,2.1,305,11,5.7,10.4,2.0,310,12,5.7,10.4,2.0,310,12,0,29.56,-0.3,0,0,0,41.4,44.8,47.3,0.26,0.29,0.25
RUSH,2019-11-08 05:30:00 EST,43.00099,-77.63739,593,25.9,26.0,19.1,85.3,22.1,0.000,0.017,0.00,0.000,5.4,10.4,2.0,299,13,5.8,12.9,2.1,301,13,5.8,12.9,2.1,301,13,0,29.56,-0.4,0,0,0,41.4,44.8,47.3,0.26,0.29,0.25
RUSH,2019-11-08 05:35:00 EST,43.00099,-77.63739,593,26.0,26.2,18.0,83.1,21.6,0.000,0.017,0.00,0.000,7.4,10.7,1.5,306,12,7.4,10.6,1.5,310,13,7.4,10.6,1.5,310,13,0,29.56,-0.4,0,0,0,41.4,44.8,47.3,0.26,0.29,0.25
RUSH,2019-11-08 05:40:00 EST,43.00099,-77.63739,593,25.9,26.0,18.6,82.8,21.4,0.000,0.017,0.00,0.000,6.1,8.7,1.2,305,15,6.4,9.6,1.4,309,16,6.4,9.6,1.4,309,16,0,29.56,-0.3,0,0,0,41.4,44.8,47.3,0.26,0.29,0.25
RUSH,2019-11-08 05:45:00 EST,43.00099,-77.63739,593,25.9,26.0,18.2,82.2,21.2,0.000,0.017,0.00,0.000,6.7,11.3,1.7,307,12,6.9,11.6,1.6,311,13,6.9,11.6,1.6,311,13,0,29.57,-0.3,0,0,0,41.4,44.8,47.3,0.26,0.29,0.25
RUSH,2019-11-08 05:50:00 EST,43.00099,-77.63739,593,25.9,26.0,18.4,81.0,20.8,0.000,0.017,0.00,0.000,6.5,9.3,1.3,305,12,6.7,10.9,1.5,309,12,6.7,10.9,1.5,309,12,0,29.57,-0.2,0,0,0,41.4,44.8,47.3,0.26,0.29,0.25
RUSH,2019-11-08 05:55:00 EST,43.00099,-77.63739,593,25.8,25.9,18.7,80.7,20.7,0.000,0.017,0.00,0.000,5.9,9.8,2.0,303,13,6.1,10.6,1.9,307,13,6.1,10.6,1.9,307,13,0,29.57,-0.1,0,0,0,41.4,44.8,47.3,0.26,0.29,0.25
RUSH,2019-11-08 06:00:00 EST,43.00099,-77.63739,593,25.7,25.8,18.9,80.9,20.6,0.000,0.017,0.00,0.000,5.6,9.2,1.5,309,14,5.8,10.3,1.6,314,15,5.8,10.3,1.6,314,15,0,29.57,-0.1,0,0,0,41.4,44.8,47.3,0.26,0.29,0.25
RUSH,2019-11-08 06:05:00 EST,43.00099,-77.63739,593,25.7,25.8,17.8,80.9,20.6,0.000,0.017,0.00,0.000,6.9,11.9,1.9,311,13,7.1,12.0,1.8,315,14,7.1,12.0,1.8,315,14,0,29.57,-0.0,0,0,0,41.4,44.8,47.3,0.26,0.29,0.25
RUSH,2019-11-08 06:10:00 EST,43.00099,-77.63739,593,25.7,25.8,17.8,80.0,20.3,0.000,0.017,0.00,0.000,6.8,9.7,1.3,310,14,7.0,9.2,1.3,313,15,7.0,9.2,1.3,313,15,0,29.58,0.0,0,0,0,41.4,44.8,47.3,0.26,0.29,0.25
RUSH,2019-11-08 06:15:00 EST,43.00099,-77.63739,593,25.5,25.7,18.4,80.1,20.2,0.000,0.017,0.00,0.000,5.7,7.7,1.1,294,12,6.0,8.3,1.2,296,12,6.0,8.3,1.2,296,12,0,29.58,0.1,0,0,0,41.4,44.8,47.3,0.26,0.29,0.25
RUSH,2019-11-08 06:20:00 EST,43.00099,-77.63739,593,25.3,25.6,18.6,80.8,20.2,0.000,0.017,0.00,0.000,5.4,8.0,1.2,298,12,5.6,8.4,1.2,300,13,5.6,8.4,1.2,300,13,0,29.58,0.1,0,0,0,41.4,44.8,47.3,0.27,0.29,0.25
RUSH,2019-11-08 06:25:00 EST,43.00099,-77.63739,593,25.3,25.5,17.9,80.2,20.1,0.000,0.017,0.00,0.000,6.3,9.4,1.3,305,10,6.4,10.3,1.3,308,12,6.4,10.3,1.3,308,12,0,29.58,-0.0,0,0,0,41.4,44.8,47.3,0.26,0.29,0.24
RUSH,2019-11-08 06:30:00 EST,43.00099,-77.63739,593,25.3,25.5,18.1,79.6,19.9,0.000,0.017,0.00,0.000,6.1,10.5,1.9,310,13,6.2,10.7,1.8,313,14,6.2,10.7,1.8,313,14,0,29.59,-0.0,0,0,0,41.4,44.8,47.3,0.27,0.29,0.25
RUSH,2019-11-08 06:35:00 EST,43.00099,-77.63739,593,25.0,25.3,17.5,80.2,19.8,0.000,0.017,0.00,0.000,6.3,9.8,1.4,303,14,6.4,10.9,1.3,307,16,6.4,10.9,1.3,307,16,0,29.59,0.0,0,0,0,41.4,44.8,47.3,0.26,0.29,0.25
RUSH,2019-11-08 06:40:00 EST,43.00099,-77.63739,593,24.9,25.3,17.9,80.1,19.6,0.000,0.017,0.00,0.000,5.9,9.7,1.1,301,10,5.9,8.9,1.0,307,11,5.9,8.9,1.0,307,11,0,29.59,-0.1,0,0,0,41.4,44.8,47.3,0.27,0.29,0.25
RUSH,2019-11-08 06:45:00 EST,43.00099,-77.63739,593,24.7,25.1,17.6,80.3,19.5,0.000,0.017,0.00,0.000,5.6,10.4,1.6,292,15,6.0,10.5,1.5,296,13,6.0,10.5,1.5,296,13,1,29.59,-0.1,0,0,0,41.4,44.8,47.3,0.26,0.29,0.25
RUSH,2019-11-08 06:50:00 EST,43.00099,-77.63739,593,24.6,24.9,17.6,80.4,19.5,0.000,0.017,0.00,0.000,5.7,9.8,1.5,299,13,5.9,10.0,1.5,303,14,5.9,10.0,1.5,303,14,2,29.59,0.0,0,0,0,41.4,44.8,47.3,0.27,0.29,0.25
RUSH,2019-11-08 06:55:00 EST,43.00099,-77.63739,593,24.6,24.8,18.0,81.1,19.6,0.000,0.017,0.00,0.000,5.3,7.5,0.9,301,12,5.4,7.0,0.9,305,12,5.4,7.0,0.9,305,12,2,29.60,0.0,0,0,0,41.4,44.8,47.3,0.27,0.29,0.25
RUSH,2019-11-08 07:00:00 EST,43.00099,-77.63739,593,24.6,24.9,17.7,80.3,19.4,0.000,0.017,0.00,0.000,5.5,9.4,1.4,297,10,5.7,10.2,1.3,300,9,5.7,10.2,1.3,300,9,4,29.60,-0.0,0,0,0,41.4,44.8,47.3,0.27,0.29,0.25
RUSH,2019-11-08 07:05:00 EST,43.00099,-77.63739,593,24.5,24.8,17.4,80.4,19.3,0.000,0.017,0.00,0.000,5.7,8.6,1.0,300,10,5.9,8.7,0.9,303,11,5.9,8.7,0.9,303,11,6,29.60,0.1,0,0,0,41.4,44.8,47.3,0.27,0.29,0.25
RUSH,2019-11-08 07:10:00 EST,43.00099,-77.63739,593,24.4,24.7,18.6,80.4,19.2,0.000,0.017,0.00,0.000,4.4,6.9,1.0,299,10,4.6,7.3,1.0,303,11,4.6,7.3,1.0,303,11,8,29.60,-0.0,0,0,0,41.3,44.8,47.3,0.27,0.29,0.25
RUSH,2019-11-08 07:15:00 EST,43.00099,-77.63739,593,24.0,24.6,18.5,81.1,19.1,0.000,0.017,0.00,0.000,4.1,6.2,0.9,296,10,4.3,6.2,0.8,303,11,4.3,6.2,0.8,303,11,12,29.60,-0.1,0,0,0,41.2,44.8,47.3,0.27,0.29,0.25
RUSH,2019-11-08 07:20:00 EST,43.00099,-77.63739,593,24.2,24.7,17.3,79.9,18.9,0.000,0.017,0.00,0.000,5.4,8.7,1.0,290,13,5.7,9.4,1.2,295,12,5.7,9.4,1.2,295,12,23,29.61,0.1,0,0,0,41.2,44.8,47.3,0.27,0.29,0.25
RUSH,2019-11-08 07:25:00 EST,43.00099,-77.63739,593,24.1,24.6,17.9,79.4,18.7,0.000,0.017,0.00,0.000,4.8,8.4,1.5,292,13,4.9,8.2,1.5,295,12,4.9,8.2,1.5,295,12,37,29.61,0.1,0,0,0,41.2,44.8,47.3,0.27,0.29,0.25
RUSH,2019-11-08 07:30:00 EST,43.00099,-77.63739,593,24.1,24.5,18.1,79.1,18.6,0.000,0.017,0.00,0.000,4.5,7.0,1.0,287,11,4.7,7.6,1.0,290,11,4.7,7.6,1.0,290,11,46,29.61,0.1,0,0,0,41.2,44.8,47.3,0.27,0.29,0.25
RUSH,2019-11-08 07:35:00 EST,43.00099,-77.63739,593,24.1,24.5,18.3,79.1,18.5,0.000,0.017,0.00,0.000,4.4,6.6,0.9,293,10,4.5,7.8,1.0,296,10,4.5,7.8,1.0,296,10,41,29.61,-0.0,0,0,0,41.2,44.8,47.3,0.27,0.29,0.25
RUSH,2019-11-08 07:40:00 EST,43.00099,-77.63739,593,23.9,24.3,18.1,80.0,18.7,0.000,0.017,0.00,0.000,4.4,7.1,1.2,290,9,4.5,7.8,1.4,292,9,4.5,7.8,1.4,292,9,23,29.62,0.1,0,0,0,41.2,44.8,47.3,0.27,0.29,0.24
RUSH,2019-11-08 07:45:00 EST,43.00099,-77.63739,593,24.0,24.3,17.6,79.6,18.6,0.000,0.017,0.00,0.000,4.9,7.9,1.3,292,14,5.1,8.1,1.3,294,13,5.1,8.1,1.3,294,13,30,29.62,0.0,0,0,0,41.2,44.8,47.3,0.27,0.29,0.25
RUSH,2019-11-08 07:50:00 EST,43.00099,-77.63739,593,23.6,24.1,18.5,80.1,18.3,0.000,0.017,0.00,0.000,3.6,5.4,0.7,283,16,3.9,6.0,0.7,287,15,3.9,6.0,0.7,287,15,85,29.62,0.2,0,0,0,41.2,44.8,47.3,0.27,0.29,0.25
RUSH,2019-11-08 07:55:00 EST,43.00099,-77.63739,593,23.8,24.2,17.8,80.0,18.6,0.000,0.017,0.00,0.000,4.3,6.5,0.8,283,16,4.7,7.2,1.0,286,14,4.7,7.2,1.0,286,14,121,29.62,0.1,0,0,0,41.2,44.8,47.3,0.27,0.29,0.24
RUSH,2019-11-08 08:00:00 EST,43.00099,-77.63739,593,24.1,24.5,17.5,78.7,18.4,0.000,0.017,0.00,0.000,5.1,8.6,1.2,290,10,5.3,9.4,1.1,291,10,5.3,9.4,1.1,291,10,130,29.63,0.1,0,0,0,41.2,44.8,47.3,0.27,0.29,0.25
RUSH,2019-11-08 08:05:00 EST,43.00099,-77.63739,593,24.3,24.6,17.3,77.6,18.4,0.000,0.017,0.00,0.000,5.5,8.5,1.4,287,13,5.8,9.7,1.6,289,11,5.8,9.7,1.6,289,11,139,29.63,0.1,0,0,0,41.2,44.8,47.3,0.27,0.29,0.25
RUSH,2019-11-08 08:10:00 EST,43.00099,-77.63739,593,24.3,24.6,18.4,77.8,18.4,0.000,0.017,0.00,0.000,4.4,7.0,1.2,288,15,4.7,8.1,1.3,290,14,4.7,8.1,1.3,290,14,147,29.63,0.2,0,0,0,41.2,44.8,47.3,0.27,0.29,0.24
RUSH,2019-11-08 08:15:00 EST,43.00099,-77.63739,593,24.7,24.8,17.5,77.5,18.6,0.000,0.017,0.00,0.000,6.0,9.4,1.5,301,12,6.0,10.0,1.5,304,10,6.0,10.0,1.5,304,10,156,29.63,0.2,0,0,0,41.2,44.8,47.3,0.27,0.29,0.25
RUSH,2019-11-08 08:20:00 EST,43.00099,-77.63739,593,24.7,24.9,18.3,77.2,18.6,0.000,0.017,0.00,0.000,5.2,8.4,1.7,301,14,5.3,9.0,1.6,302,14,5.3,9.0,1.6,302,14,165,29.63,0.2,0,0,0,41.2,44.7,47.3,0.27,0.29,0.25
RUSH,2019-11-08 08:25:00 EST,43.00099,-77.63739,593,24.9,25.0,17.3,76.5,18.5,0.000,0.017,0.00,0.000,6.4,8.3,1.0,295,16,6.5,9.5,1.1,296,16,6.5,9.5,1.1,296,16,173,29.63,0.1,0,0,0,41.2,44.7,47.3,0.27,0.29,0.25
RUSH,2019-11-08 08:30:00 EST,43.00099,-77.63739,593,25.1,25.2,17.9,74.7,18.2,0.000,0.017,0.00,0.000,6.3,9.9,1.1,299,10,6.1,9.2,1.0,302,11,6.1,9.2,1.0,302,11,183,29.63,0.1,0,0,0,41.1,44.7,47.3,0.27,0.29,0.25
RUSH,2019-11-08 08:35:00 EST,43.00099,-77.63739,593,25.1,25.3,17.9,74.7,18.2,0.000,0.017,0.00,0.000,6.2,9.5,1.2,302,12,6.2,9.8,1.2,304,13,6.2,9.8,1.2,304,13,191,29.63,0.1,0,0,0,41.1,44.6,47.3,0.27,0.29,0.25
RUSH,2019-11-08 08:40:00 EST,43.00099,-77.63739,593,25.2,25.4,19.0,75.4,18.5,0.000,0.017,0.00,0.000,5.0,8.1,1.5,307,14,5.1,7.9,1.3,309,15,5.1,7.9,1.3,309,15,199,29.63,0.2,0,0,0,41.0,44.6,47.3,0.27,0.29,0.25
RUSH,2019-11-08 08:45:00 EST,43.00099,-77.63739,593,25.4,25.5,17.5,73.7,18.2,0.000,0.017,0.00,0.000,7.1,10.8,1.4,305,16,7.1,11.0,1.5,308,18,7.1,11.0,1.5,308,18,208,29.64,0.3,0,0,0,41.0,44.6,47.3,0.27,0.29,0.25
RUSH,2019-11-08 08:50:00 EST,43.00099,-77.63739,593,25.6,25.7,17.3,70.8,17.4,0.000,0.017,0.00,0.000,7.7,12.6,2.1,303,13,7.6,12.3,1.7,306,13,7.6,12.3,1.7,306,13,218,29.64,0.1,0,0,0,41.0,44.6,47.3,0.27,0.29,0.24
RUSH,2019-11-08 08:55:00 EST,43.00099,-77.63739,593,25.6,25.7,16.4,70.0,17.2,0.000,0.017,0.00,0.000,9.1,13.8,2.2,309,16,9.0,13.4,2.0,312,16,9.0,13.4,2.0,312,16,227,29.64,0.1,0,0,0,41.0,44.6,47.3,0.27,0.29,0.24
RUSH,2019-11-08 09:00:00 EST,43.00099,-77.63739,593,25.7,25.9,18.2,70.8,17.6,0.000,0.017,0.00,0.000,6.6,11.4,1.7,311,13,6.7,10.8,1.6,314,12,6.7,10.8,1.6,314,12,236,29.64,0.3,0,0,0,41.0,44.6,47.3,0.27,0.29,0.25
RUSH,2019-11-08 09:05:00 EST,43.00099,-77.63739,593,25.9,26.0,17.2,68.7,17.0,0.000,0.017,0.00,0.000,8.5,14.4,2.3,317,14,8.4,14.2,2.2,320,16,8.4,14.2,2.2,320,16,246,29.64,0.3,0,0,0,41.0,44.6,47.2,0.27,0.29,0.25
RUSH,2019-11-08 09:10:00 EST,43.00099,-77.63739,593,26.1,26.2,19.3,70.3,17.7,0.000,0.017,0.00,0.000,5.6,9.9,1.7,313,22,5.9,9.5,1.6,316,22,5.9,9.5,1.6,316,22,260,29.64,0.3,0,0,0,41.0,44.6,47.3,0.27,0.29,0.25
RUSH,2019-11-08 09:15:00 EST,43.00099,-77.63739,593,26.2,26.3,19.8,70.2,17.8,0.000,0.017,0.00,0.000,5.5,8.5,1.5,317,12,5.6,8.9,1.4,321,12,5.6,8.9,1.4,321,12,214,29.64,0.4,0,0,0,41.0,44.6,47.2,0.27,0.29,0.25
RUSH,2019-11-08 09:20:00 EST,43.00099,-77.63739,593,26.2,26.3,18.1,69.9,17.8,0.000,0.017,0.00,0.000,7.6,13.4,2.4,308,11,7.6,13.0,2.1,312,13,7.6,13.0,2.1,312,13,239,29.64,0.3,0,0,0,41.0,44.6,47.1,0.27,0.29,0.25
RUSH,2019-11-08 09:25:00 EST,43.00099,-77.63739,593,26.0,26.1,18.6,72.3,18.3,0.000,0.017,0.00,0.000,6.4,11.9,1.6,299,16,6.7,11.5,1.5,301,15,6.7,11.5,1.5,301,15,84,29.64,0.3,0,0,0,41.0,44.6,47.2,0.27,0.29,0.24
RUSH,2019-11-08 09:30:00 EST,43.00099,-77.63739,593,26.0,26.1,16.7,70.2,17.7,0.000,0.017,0.00,0.000,9.3,13.4,1.7,291,12,9.4,13.7,1.8,293,13,9.4,13.7,1.8,293,13,175,29.64,0.3,0,0,0,41.0,44.6,47.2,0.27,0.29,0.25
RUSH,2019-11-08 09:35:00 EST,43.00099,-77.63739,593,25.9,25.9,16.9,70.2,17.5,0.000,0.017,0.00,0.000,8.8,13.2,1.8,300,15,8.7,13.2,1.7,302,15,8.7,13.2,1.7,302,15,72,29.64,0.3,0,0,0,41.0,44.6,47.1,0.27,0.29,0.25
RUSH,2019-11-08 09:40:00 EST,43.00099,-77.63739,593,25.7,25.9,17.8,72.0,18.0,0.000,0.017,0.00,0.000,7.3,12.4,1.8,309,12,7.2,11.8,1.7,311,13,7.2,11.8,1.7,311,13,142,29.64,0.4,0,0,0,41.0,44.6,47.1,0.27,0.29,0.25
RUSH,2019-11-08 09:45:00 EST,43.00099,-77.63739,593,26.5,26.5,20.3,71.6,18.5,0.000,0.017,0.00,0.000,5.0,8.0,1.3,308,15,5.2,10.0,1.5,309,16,5.2,10.0,1.5,309,16,305,29.65,0.4,0,0,0,41.0,44.6,47.1,0.27,0.29,0.25
RUSH,2019-11-08 09:50:00 EST,43.00099,-77.63739,593,26.5,26.5,18.2,69.4,17.9,0.000,0.017,0.00,0.000,7.8,13.4,2.1,304,17,7.9,13.7,2.2,308,18,7.9,13.7,2.2,308,18,104,29.65,0.1,0,0,0,41.0,44.6,47.1,0.27,0.29,0.25
RUSH,2019-11-08 09:55:00 EST,43.00099,-77.63739,593,26.4,26.3,16.5,65.6,16.4,0.000,0.017,0.00,0.000,10.8,16.0,2.1,316,14,10.3,17.0,2.1,320,13,10.3,17.0,2.1,320,13,165,29.65,0.1,0,0,0,41.0,44.6,47.1,0.27,0.29,0.25
RUSH,2019-11-08 10:00:00 EST,43.00099,-77.63739,593,26.1,26.1,16.3,68.5,17.2,0.000,0.017,0.00,0.000,10.3,17.5,3.2,299,14,10.2,16.3,2.8,301,13,10.2,16.3,2.8,301,13,210,29.65,0.2,0,0,0,41.0,44.6,47.1,0.27,0.29,0.25
RUSH,2019-11-08 10:05:00 EST,43.00099,-77.63739,593,26.2,26.1,15.7,70.2,17.8,0.000,0.017,0.00,0.000,11.8,17.3,2.8,300,14,11.6,17.3,2.6,302,14,11.6,17.3,2.6,302,14,205,29.65,0.2,0,0,0,41.0,44.6,47.1,0.27,0.29,0.25
RUSH,2019-11-08 10:10:00 EST,43.00099,-77.63739,593,25.9,25.8,16.2,72.7,18.4,0.000,0.017,0.00,0.000,9.9,17.8,2.6,299,13,9.9,16.6,2.4,302,12,9.9,16.6,2.4,302,12,96,29.65,0.2,0,0,0,41.0,44.6,47.1,0.27,0.29,0.25
RUSH,2019-11-08 10:15:00 EST,43.00099,-77.63739,593,25.8,25.8,15.7,71.8,17.9,0.000,0.017,0.00,0.000,10.5,15.9,2.4,294,14,10.6,15.4,2.1,297,12,10.6,15.4,2.1,297,12,165,29.65,0.1,0,0,0,41.0,44.6,47.1,0.27,0.29,0.25
RUSH,2019-11-08 10:20:00 EST,43.00099,-77.63739,593,26.4,26.4,18.8,71.5,18.4,0.000,0.017,0.00,0.000,6.8,9.5,1.4,308,21,7.0,11.9,1.7,311,22,7.0,11.9,1.7,311,22,273,29.66,0.1,0,0,0,41.0,44.6,47.1,0.27,0.29,0.24
RUSH,2019-11-08 10:25:00 EST,43.00099,-77.63739,593,26.3,26.2,17.8,72.5,18.6,0.000,0.017,0.00,0.000,7.8,12.4,1.8,298,21,8.1,14.0,1.9,301,21,8.1,14.0,1.9,301,21,195,29.66,0.1,0,0,0,41.0,44.6,47.1,0.27,0.29,0.25
RUSH,2019-11-08 10:30:00 EST,43.00099,-77.63739,593,26.1,26.0,17.7,72.7,18.6,0.000,0.017,0.00,0.000,7.9,12.1,1.8,291,14,8.0,13.2,1.9,293,13,8.0,13.2,1.9,293,13,390,29.66,0.1,0,0,0,41.0,44.6,47.1,0.27,0.29,0.25
RUSH,2019-11-08 10:35:00 EST,43.00099,-77.63739,593,26.6,26.4,17.7,71.1,18.5,0.000,0.017,0.00,0.000,8.5,12.1,1.8,284,15,8.9,13.3,1.9,287,14,8.9,13.3,1.9,287,14,369,29.66,0.2,0,0,0,41.0,44.6,47.1,0.27,0.29,0.25
RUSH,2019-11-08 10:40:00 EST,43.00099,-77.63739,593,26.8,26.6,18.0,68.7,17.9,0.000,0.017,0.00,0.000,8.5,13.2,1.9,287,12,8.8,13.2,1.9,290,11,8.8,13.2,1.9,290,11,190,29.66,0.2,0,0,0,41.0,44.6,47.1,0.27,0.29,0.25
RUSH,2019-11-08 10:45:00 EST,43.00099,-77.63739,593,26.7,26.6,16.1,65.9,16.9,0.000,0.017,0.00,0.000,12.1,17.1,2.5,300,14,12.0,17.4,2.5,302,13,12.0,17.4,2.5,302,13,116,29.66,0.2,0,0,0,41.0,44.6,47.1,0.27,0.29,0.24
RUSH,2019-11-08 10:50:00 EST,43.00099,-77.63739,593,26.5,26.4,17.0,66.2,16.7,0.000,0.017,0.00,0.000,9.9,15.1,1.8,300,14,9.8,15.1,2.1,303,14,9.8,15.1,2.1,303,14,137,29.66,0.3,0,0,0,41.0,44.6,47.1,0.27,0.29,0.24
RUSH,2019-11-08 10:55:00 EST,43.00099,-77.63739,593,26.9,26.8,18.7,66.2,17.2,0.000,0.017,0.00,0.000,7.9,11.6,1.8,311,19,8.0,12.3,1.8,314,16,8.0,12.3,1.8,314,16,435,29.66,0.3,0,0,0,41.0,44.6,47.1,0.27,0.29,0.25
RUSH,2019-11-08 11:00:00 EST,43.00099,-77.63739,593,27.1,27.0,19.2,65.2,17.0,0.000,0.017,0.00,0.000,7.3,11.7,1.5,287,28,7.6,13.0,1.7,290,25,7.6,13.0,1.7,290,25,385,29.66,0.5,0,0,0,40.9,44.6,47.1,0.27,0.29,0.25
RUSH,2019-11-08 11:05:00 EST,43.00099,-77.63739,593,27.2,26.9,17.0,66.9,17.6,0.000,0.017,0.00,0.000,11.2,15.6,2.1,298,17,11.4,16.0,2.0,300,16,11.4,16.0,2.0,300,16,257,29.66,0.5,0,0,0,40.9,44.6,47.1,0.27,0.29,0.24
RUSH,2019-11-08 11:10:00 EST,43.00099,-77.63739,593,26.4,26.3,17.1,69.1,17.7,0.000,0.017,0.00,0.000,9.3,14.0,2.3,300,21,9.5,16.5,2.5,303,21,9.5,16.5,2.5,303,21,164,29.66,0.6,0,0,0,40.8,44.6,47.1,0.27,0.29,0.25
RUSH,2019-11-08 11:15:00 EST,43.00099,-77.63739,593,26.4,26.2,16.4,68.0,17.2,0.000,0.017,0.00,0.000,10.4,16.1,2.5,294,11,10.5,17.3,2.4,297,11,10.5,17.3,2.4,297,11,203,29.66,0.6,0,0,0,40.9,44.6,47.1,0.26,0.29,0.24
RUSH,2019-11-08 11:20:00 EST,43.00099,-77.63739,593,26.5,26.5,17.6,65.8,16.6,0.000,0.017,0.00,0.000,8.8,12.4,1.8,293,14,8.9,14.3,2.0,296,13,8.9,14.3,2.0,296,13,174,29.66,0.6,0,0,0,40.8,44.6,47.1,0.27,0.29,0.24
RUSH,2019-11-08 11:25:00 EST,43.00099,-77.63739,593,26.9,26.8,18.1,65.5,16.9,0.000,0.017,0.00,0.000,8.6,13.4,2.4,300,17,8.9,14.4,2.4,302,18,8.9,14.4,2.4,302,18,331,29.66,0.5,0,0,0,40.8,44.5,47.1,0.27,0.29,0.24
RUSH,2019-11-08 11:30:00 EST,43.00099,-77.63739,593,26.8,26.7,17.1,62.7,15.8,0.000,0.017,0.00,0.000,10.4,14.2,1.8,302,15,10.4,15.6,1.8,305,14,10.4,15.6,1.8,305,14,279,29.66,0.6,0,0,0,40.8,44.5,47.1,0.26,0.29,0.24
RUSH,2019-11-08 11:35:00 EST,43.00099,-77.63739,593,27.0,26.8,18.6,64.2,16.5,0.000,0.017,0.00,0.000,8.2,11.5,1.7,296,15,8.1,11.9,1.8,299,15,8.1,11.9,1.8,299,15,262,29.66,0.5,0,0,0,40.8,44.5,47.1,0.27,0.29,0.25
RUSH,2019-11-08 11:40:00 EST,43.00099,-77.63739,593,26.9,26.8,19.5,64.8,16.6,0.000,0.017,0.00,0.000,6.4,9.5,1.5,284,15,6.8,10.6,1.4,287,11,6.8,10.6,1.4,287,11,186,29.66,0.6,0,0,0,40.8,44.5,47.1,0.26,0.29,0.25
RUSH,2019-11-08 11:45:00 EST,43.00099,-77.63739,593,27.1,27.0,18.5,63.9,16.5,0.000,0.017,0.00,0.000,8.5,11.3,1.5,302,14,8.6,11.1,1.4,305,14,8.6,11.1,1.4,305,14,242,29.66,0.5,0,0,0,40.8,44.4,47.1,0.26,0.29,0.25
RUSH,2019-11-08 11:50:00 EST,43.00099,-77.63739,593,27.0,26.9,19.1,63.9,16.4,0.000,0.017,0.00,0.000,7.4,11.3,2.0,314,13,7.5,10.9,1.9,317,13,7.5,10.9,1.9,317,13,184,29.66,0.5,0,0,0,40.8,44.5,47.1,0.26,0.29,0.25
RUSH,2019-11-08 11:55:00 EST,43.00099,-77.63739,593,26.9,26.8,18.7,62.0,15.6,0.000,0.017,0.00,0.000,7.7,11.6,1.8,312,15,7.9,11.7,1.7,314,15,7.9,11.7,1.7,314,15,205,29.65,0.6,0,0,0,40.8,44.4,47.1,0.26,0.29,0.24
RUSH,2019-11-08 12:00:00 EST,43.00099,-77.63739,593,27.1,27.0,19.3,61.6,15.6,0.000,0.017,0.00,0.000,7.5,13.1,2.6,315,16,7.4,13.5,2.6,318,13,7.4,13.5,2.6,318,13,288,29.65,0.5,0,0,0,40.8,44.4,47.1,0.26,0.29,0.25
RUSH,2019-11-08 12:05:00 EST,43.00099,-77.63739,593,27.1,27.0,19.2,62.1,15.9,0.000,0.017,0.00,0.000,7.5,13.4,1.9,319,14,7.6,12.4,1.8,321,15,7.6,12.4,1.8,321,15,247,29.65,0.5,0,0,0,40.8,44.4,47.1,0.26,0.29,0.24
RUSH,2019-11-08 12:10:00 EST,43.00099,-77.63739,593,27.3,27.2,18.8,62.1,16.0,0.000,0.017,0.00,0.000,8.5,13.2,2.3,300,12,8.5,14.4,2.3,303,13,8.5,14.4,2.3,303,13,202,29.65,0.5,0,0,0,40.8,44.4,47.1,0.26,0.29,0.25
RUSH,2019-11-08 12:15:00 EST,43.00099,-77.63739,593,27.6,27.5,19.1,60.2,15.6,0.000,0.017,0.00,0.000,8.5,12.9,1.7,307,14,8.5,13.9,1.6,310,13,8.5,13.9,1.6,310,13,341,29.65,0.4,0,0,0,40.8,44.4,47.1,0.26,0.29,0.24
RUSH,2019-11-08 12:20:00 EST,43.00099,-77.63739,593,27.7,27.5,17.7,59.8,15.5,0.000,0.017,0.00,0.000,10.9,15.6,2.8,287,15,11.3,17.0,2.8,289,14,11.3,17.0,2.8,289,14,313,29.65,0.3,0,0,0,40.8,44.4,47.1,0.26,0.29,0.24
RUSH,2019-11-08 12:25:00 EST,43.00099,-77.63739,593,28.0,27.8,18.1,58.8,15.4,0.000,0.017,0.00,0.000,11.4,18.1,3.2,302,13,11.2,17.4,2.9,306,12,11.2,17.4,2.9,306,12,391,29.65,0.2,0,0,0,40.8,44.4,47.1,0.26,0.29,0.24
RUSH,2019-11-08 12:30:00 EST,43.00099,-77.63739,593,27.7,27.5,19.3,59.3,15.3,0.000,0.017,0.00,0.000,8.4,12.6,1.5,311,17,8.4,12.1,1.6,315,16,8.4,12.1,1.6,315,16,311,29.65,0.2,0,0,0,40.8,44.4,47.1,0.26,0.29,0.24
RUSH,2019-11-08 12:35:00 EST,43.00099,-77.63739,593,27.7,27.5,18.8,59.4,15.4,0.000,0.017,0.00,0.000,9.2,15.1,2.5,306,13,9.2,15.5,2.4,310,12,9.2,15.5,2.4,310,12,224,29.65,0.2,0,0,0,40.8,44.4,47.1,0.26,0.29,0.25
RUSH,2019-11-08 12:40:00 EST,43.00099,-77.63739,593,27.7,27.6,18.4,59.0,15.2,0.000,0.017,0.00,0.000,9.7,14.1,2.3,291,16,10.0,16.5,2.2,292,15,10.0,16.5,2.2,292,15,335,29.65,0.1,0,0,0,40.8,44.4,47.1,0.26,0.29,0.25
RUSH,2019-11-08 12:45:00 EST,43.00099,-77.63739,593,27.8,27.7,19.2,57.8,14.9,0.000,0.017,0.00,0.000,8.9,13.4,2.2,304,16,8.9,13.6,2.1,307,16,8.9,13.6,2.1,307,16,280,29.65,0.1,0,0,0,40.8,44.4,47.1,0.26,0.29,0.24
RUSH,2019-11-08 12:50:00 EST,43.00099,-77.63739,593,27.7,27.6,18.6,59.2,15.3,0.000,0.017,0.00,0.000,9.5,14.8,2.5,300,17,9.7,15.8,2.4,301,15,9.7,15.8,2.4,301,15,258,29.65,0.1,0,0,0,40.8,44.4,47.1,0.26,0.29,0.24
RUSH,2019-11-08 12:55:00 EST,43.00099,-77.63739,593,28.1,27.9,18.1,57.4,14.9,0.000,0.017,0.00,0.000,11.1,17.0,2.9,280,14,11.5,17.6,3.1,283,12,11.5,17.6,3.1,283,12,427,29.65,-0.0,0,0,0,40.8,44.4,47.1,0.26,0.29,0.24
RUSH,2019-11-08 13:00:00 EST,43.00099,-77.63739,593,28.6,28.4,20.9,58.8,16.0,0.000,0.017,0.00,0.000,7.4,10.5,1.5,298,26,7.7,10.7,1.6,300,26,7.7,10.7,1.6,300,26,437,29.64,-0.0,0,0,0,40.8,44.4,47.1,0.26,0.29,0.24
RUSH,2019-11-08 13:05:00 EST,43.00099,-77.63739,593,28.3,28.0,19.7,58.5,15.6,0.000,0.017,0.00,0.000,9.0,14.4,2.3,311,14,9.0,13.8,2.2,314,14,9.0,13.8,2.2,314,14,228,29.65,0.1,0,0,0,40.8,44.4,47.1,0.26,0.29,0.24
RUSH,2019-11-08 13:10:00 EST,43.00099,-77.63739,593,28.2,28.1,21.2,59.7,15.9,0.000,0.017,0.00,0.000,6.1,12.3,2.2,279,21,6.5,12.7,2.3,284,18,6.5,12.7,2.3,284,18,272,29.65,-0.1,0,0,0,40.8,44.4,47.1,0.26,0.29,0.25
RUSH,2019-11-08 13:15:00 EST,43.00099,-77.63739,593,28.7,28.5,19.5,58.9,16.1,0.000,0.017,0.00,0.000,10.1,15.7,2.2,298,17,10.2,15.3,2.0,300,18,10.2,15.3,2.0,300,18,377,29.65,-0.1,0,0,0,40.8,44.4,47.1,0.26,0.29,0.25
RUSH,2019-11-08 13:20:00 EST,43.00099,-77.63739,593,28.5,28.3,20.2,58.4,15.7,0.000,0.017,0.00,0.000,8.4,13.4,2.0,300,13,8.6,13.5,2.0,302,13,8.6,13.5,2.0,302,13,341,29.65,0.2,0,0,0,40.8,44.4,47.1,0.26,0.29,0.24
RUSH,2019-11-08 13:25:00 EST,43.00099,-77.63739,593,28.2,28.1,20.3,59.5,15.9,0.000,0.017,0.00,0.000,7.9,13.4,1.8,299,17,7.9,14.0,1.7,302,17,7.9,14.0,1.7,302,17,145,29.65,0.2,0,0,0,40.8,44.4,47.1,0.26,0.29,0.24
RUSH,2019-11-08 13:30:00 EST,43.00099,-77.63739,593,28.2,28.1,20.3,59.3,15.9,0.000,0.017,0.00,0.000,8.0,11.3,1.5,312,20,8.0,12.8,1.5,316,20,8.0,12.8,1.5,316,20,227,29.65,0.2,0,0,0,40.8,44.4,47.1,0.26,0.29,0.24
RUSH,2019-11-08 13:35:00 EST,43.00099,-77.63739,593,28.3,28.1,20.1,58.5,15.6,0.000,0.017,0.00,0.000,8.3,12.0,2.0,317,16,8.5,12.0,1.8,322,16,8.5,12.0,1.8,322,16,206,29.65,0.1,0,0,0,40.8,44.4,47.1,0.26,0.29,0.24
RUSH,2019-11-08 13:40:00 EST,43.00099,-77.63739,593,28.3,28.3,19.8,57.0,15.0,0.000,0.017,0.00,0.000,8.9,13.7,2.4,311,15,8.9,13.8,2.4,314,15,8.9,13.8,2.4,314,15,259,29.65,0.1,0,0,0,40.8,44.4,47.1,0.26,0.29,0.25
RUSH,2019-11-08 13:45:00 EST,43.00099,-77.63739,593,28.8,28.5,20.5,58.3,16.0,0.000,0.017,0.00,0.000,8.3,12.1,1.5,329,21,8.7,12.6,1.5,334,20,8.7,12.6,1.5,334,20,377,29.65,0.1,0,0,0,40.8,44.4,47.1,0.26,0.29,0.25
RUSH,2019-11-08 13:50:00 EST,43.00099,-77.63739,593,28.7,28.4,20.6,58.3,15.8,0.000,0.017,0.00,0.000,8.2,13.3,2.0,321,23,8.3,12.4,2.0,324,23,8.3,12.4,2.0,324,23,190,29.65,0.1,0,0,0,40.8,44.4,47.1,0.26,0.29,0.25
RUSH,2019-11-08 13:55:00 EST,43.00099,-77.63739,593,28.6,28.5,21.8,57.3,15.4,0.000,0.017,0.00,0.000,6.2,11.1,2.0,296,24,6.5,11.2,2.1,300,24,6.5,11.2,2.1,300,24,283,29.65,0.2,0,0,0,40.8,44.4,47.1,0.26,0.29,0.25
RUSH,2019-11-08 14:00:00 EST,43.00099,-77.63739,593,28.4,28.3,19.4,56.6,15.0,0.000,0.017,0.00,0.000,9.6,16.9,3.8,292,17,9.9,17.0,3.7,295,16,9.9,17.0,3.7,295,16,153,29.64,0.2,0,0,0,40.8,44.4,47.0,0.26,0.29,0.24
RUSH,2019-11-08 14:05:00 EST,43.00099,-77.63739,593,29.0,28.8,21.5,56.7,15.5,0.000,0.017,0.00,0.000,7.2,15.2,2.1,312,15,7.5,14.9,2.0,313,14,7.5,14.9,2.0,313,14,391,29.64,0.2,0,0,0,40.8,44.4,47.0,0.26,0.29,0.24
RUSH,2019-11-08 14:10:00 EST,43.00099,-77.63739,593,29.0,28.8,20.5,55.0,14.8,0.000,0.017,0.00,0.000,9.0,14.5,1.8,314,14,9.2,15.0,1.8,316,15,9.2,15.0,1.8,316,15,367,29.64,0.2,0,0,0,40.8,44.4,47.0,0.26,0.29,0.24
RUSH,2019-11-08 14:15:00 EST,43.00099,-77.63739,593,29.2,29.0,21.3,55.6,15.3,0.000,0.017,0.00,0.000,8.1,12.4,1.8,328,15,8.3,12.3,1.7,330,15,8.3,12.3,1.7,330,15,330,29.64,0.2,0,0,0,40.8,44.4,47.0,0.26,0.29,0.25
RUSH,2019-11-08 14:20:00 EST,43.00099,-77.63739,593,29.3,29.2,21.3,54.0,14.8,0.000,0.017,0.00,0.000,8.6,13.8,1.9,303,16,8.6,15.0,2.0,306,16,8.6,15.0,2.0,306,16,380,29.64,0.2,0,0,0,40.8,44.4,47.0,0.26,0.29,0.24
RUSH,2019-11-08 14:25:00 EST,43.00099,-77.63739,593,29.6,29.4,21.3,54.8,15.3,0.000,0.017,0.00,0.000,8.7,13.4,2.0,318,18,9.1,14.8,2.1,321,17,9.1,14.8,2.1,321,17,361,29.64,0.2,0,0,0,40.8,44.4,47.0,0.26,0.29,0.24
RUSH,2019-11-08 14:30:00 EST,43.00099,-77.63739,593,29.2,29.1,21.6,55.2,15.1,0.000,0.017,0.00,0.000,7.6,11.7,1.8,316,15,7.8,11.7,1.6,317,15,7.8,11.7,1.6,317,15,231,29.64,0.2,0,0,0,40.8,44.4,46.9,0.26,0.29,0.24
RUSH,2019-11-08 14:35:00 EST,43.00099,-77.63739,593,29.6,29.2,22.1,57.4,16.3,0.000,0.017,0.00,0.000,7.3,10.5,1.9,325,31,7.7,11.5,2.0,328,30,7.7,11.5,2.0,328,30,314,29.64,0.2,0,0,0,40.8,44.4,46.9,0.26,0.29,0.24
RUSH,2019-11-08 14:40:00 EST,43.00099,-77.63739,593,29.1,29.0,21.3,57.2,15.9,0.000,0.017,0.00,0.000,7.9,11.8,1.6,296,13,8.0,11.6,1.7,298,11,8.0,11.6,1.7,298,11,187,29.64,0.2,0,0,0,40.8,44.4,46.9,0.26,0.29,0.24
RUSH,2019-11-08 14:45:00 EST,43.00099,-77.63739,593,28.8,28.7,20.7,57.3,15.6,0.000,0.017,0.00,0.000,8.1,15.4,2.3,327,31,8.3,14.3,2.2,329,30,8.3,14.3,2.2,329,30,126,29.64,0.2,0,0,0,40.8,44.4,46.9,0.26,0.29,0.24
RUSH,2019-11-08 14:50:00 EST,43.00099,-77.63739,593,28.9,28.8,22.4,59.9,16.7,0.000,0.017,0.00,0.000,5.9,9.6,1.6,342,19,6.2,10.3,1.8,344,15,6.2,10.3,1.8,344,15,137,29.64,0.2,0,0,0,40.8,44.3,46.9,0.26,0.29,0.25
RUSH,2019-11-08 14:55:00 EST,43.00099,-77.63739,593,29.2,29.1,22.5,56.0,15.4,0.000,0.017,0.00,0.000,6.3,11.1,1.9,305,16,6.5,11.2,1.8,309,15,6.5,11.2,1.8,309,15,273,29.64,0.2,0,0,0,40.8,44.4,46.9,0.26,0.29,0.24
RUSH,2019-11-08 15:00:00 EST,43.00099,-77.63739,593,29.3,29.3,23.1,57.4,16.1,0.000,0.017,0.00,0.000,5.6,9.9,2.3,303,19,5.9,11.2,2.2,306,19,5.9,11.2,2.2,306,19,135,29.64,0.2,0,0,0,40.8,44.4,46.9,0.26,0.29,0.24
RUSH,2019-11-08 15:05:00 EST,43.00099,-77.63739,593,29.2,29.1,21.7,58.6,16.5,0.000,0.017,0.00,0.000,7.4,12.7,2.8,303,15,7.6,12.8,2.6,304,14,7.6,12.8,2.6,304,14,279,29.64,0.2,0,0,0,40.8,44.4,46.9,0.26,0.28,0.25
RUSH,2019-11-08 15:10:00 EST,43.00099,-77.63739,593,29.2,29.1,22.3,57.5,16.1,0.000,0.017,0.00,0.000,6.7,12.5,2.6,308,14,6.8,12.1,2.4,312,14,6.8,12.1,2.4,312,14,161,29.64,0.2,0,0,0,40.8,44.4,46.9,0.26,0.29,0.24
RUSH,2019-11-08 15:15:00 EST,43.00099,-77.63739,593,28.7,28.7,21.5,57.4,15.6,0.000,0.017,0.00,0.000,6.9,10.4,1.8,304,13,7.1,10.8,1.6,305,14,7.1,10.8,1.6,305,14,95,29.64,0.2,0,0,0,40.8,44.4,46.9,0.26,0.29,0.24
RUSH,2019-11-08 15:20:00 EST,43.00099,-77.63739,593,28.7,28.7,21.6,57.1,15.5,0.000,0.017,0.00,0.000,6.7,9.6,1.4,283,15,7.0,9.7,1.4,286,14,7.0,9.7,1.4,286,14,176,29.65,0.2,0,0,0,40.8,44.3,46.9,0.26,0.29,0.25
RUSH,2019-11-08 15:25:00 EST,43.00099,-77.63739,593,29.2,29.1,23.7,58.1,16.3,0.000,0.017,0.00,0.000,4.7,8.4,1.3,264,17,5.1,8.9,1.5,270,14,5.1,8.9,1.5,270,14,227,29.65,0.2,0,0,0,40.8,44.3,46.9,0.26,0.29,0.24
RUSH,2019-11-08 15:30:00 EST,43.00099,-77.63739,593,29.2,29.1,21.9,56.9,15.8,0.000,0.017,0.00,0.000,7.0,9.7,1.4,295,14,7.2,11.2,1.4,298,14,7.2,11.2,1.4,298,14,148,29.65,0.2,0,0,0,40.8,44.1,46.9,0.26,0.29,0.24
RUSH,2019-11-08 15:35:00 EST,43.00099,-77.63739,593,29.0,28.9,21.9,56.9,15.6,0.000,0.017,0.00,0.000,6.8,8.8,1.0,294,14,7.0,9.9,1.1,296,13,7.0,9.9,1.1,296,13,127,29.65,0.1,0,0,0,40.8,44.1,46.9,0.26,0.29,0.24
RUSH,2019-11-08 15:40:00 EST,43.00099,-77.63739,593,28.6,28.6,21.3,56.9,15.2,0.000,0.017,0.00,0.000,7.0,10.6,1.9,301,11,7.1,11.2,1.7,304,11,7.1,11.2,1.7,304,11,96,29.65,0.1,0,0,0,40.8,44.2,46.9,0.26,0.29,0.25
RUSH,2019-11-08 15:45:00 EST,43.00099,-77.63739,593,28.5,28.5,22.9,58.1,15.6,0.000,0.017,0.00,0.000,4.7,7.7,1.1,286,19,5.0,8.4,1.0,291,15,5.0,8.4,1.0,291,15,71,29.65,0.1,0,0,0,40.8,44.2,46.9,0.26,0.29,0.24
RUSH,2019-11-08 15:50:00 EST,43.00099,-77.63739,593,28.5,28.5,21.6,57.7,15.5,0.000,0.017,0.00,0.000,6.3,10.2,1.6,287,13,6.5,11.2,1.7,290,13,6.5,11.2,1.7,290,13,82,29.65,0.1,0,0,0,40.8,44.1,46.9,0.26,0.29,0.24
RUSH,2019-11-08 15:55:00 EST,43.00099,-77.63739,593,28.2,28.3,23.1,58.2,15.4,0.000,0.017,0.00,0.000,4.3,7.8,1.3,290,17,4.5,8.8,1.4,294,15,4.5,8.8,1.4,294,15,42,29.65,0.1,0,0,0,40.9,44.1,46.9,0.26,0.29,0.24
RUSH,2019-11-08 16:00:00 EST,43.00099,-77.63739,593,28.4,28.5,23.4,57.4,15.3,0.000,0.017,0.00,0.000,4.2,7.3,1.5,309,22,4.4,7.7,1.5,311,21,4.4,7.7,1.5,311,21,103,29.65,0.1,0,0,0,40.8,44.1,46.9,0.26,0.29,0.24
RUSH,2019-11-08 16:05:00 EST,43.00099,-77.63739,593,28.5,28.6,24.1,57.1,15.3,0.000,0.017,0.00,0.000,3.8,6.1,1.0,299,19,4.0,6.6,1.0,303,18,4.0,6.6,1.0,303,18,100,29.65,0.1,0,0,0,40.8,44.1,46.9,0.27,0.29,0.25
RUSH,2019-11-08 16:10:00 EST,43.00099,-77.63739,593,28.6,28.6,23.1,56.3,15.0,0.000,0.017,0.00,0.000,4.8,6.6,0.9,301,16,5.0,6.8,0.8,305,15,5.0,6.8,0.8,305,15,87,29.65,0.0,0,0,0,40.8,44.1,46.9,0.26,0.29,0.24
RUSH,2019-11-08 16:15:00 EST,43.00099,-77.63739,593,28.4,28.5,23.1,56.5,14.9,0.000,0.017,0.00,0.000,4.6,7.1,1.0,289,15,4.8,6.9,0.9,292,14,4.8,6.9,0.9,292,14,74,29.65,0.0,0,0,0,40.8,44.1,46.9,0.26,0.29,0.24
RUSH,2019-11-08 16:20:00 EST,43.00099,-77.63739,593,28.4,28.5,22.4,58.5,15.7,0.000,0.017,0.00,0.000,5.2,8.2,1.4,298,14,5.4,8.1,1.4,304,13,5.4,8.1,1.4,304,13,62,29.65,0.1,0,0,0,40.8,44.1,46.9,0.27,0.29,0.24
RUSH,2019-11-08 16:25:00 EST,43.00099,-77.63739,593,28.3,28.4,22.0,58.8,15.7,0.000,0.017,0.00,0.000,5.5,8.1,1.2,289,13,5.7,8.8,1.2,292,11,5.7,8.8,1.2,292,11,50,29.65,0.0,0,0,0,40.8,44.1,46.9,0.26,0.29,0.24
RUSH,2019-11-08 16:30:00 EST,43.00099,-77.63739,593,28.2,28.3,22.1,59.4,15.9,0.000,0.017,0.00,0.000,5.4,8.3,1.1,309,13,5.6,8.0,1.0,312,14,5.6,8.0,1.0,312,14,39,29.65,0.0,0,0,0,40.8,44.1,46.9,0.26,0.29,0.24
RUSH,2019-11-08 16:35:00 EST,43.00099,-77.63739,593,28.1,28.2,23.1,59.6,15.8,0.000,0.017,0.00,0.000,4.3,6.6,0.9,299,12,4.4,6.8,0.9,302,12,4.4,6.8,0.9,302,12,30,29.65,0.0,0,0,0,40.8,44.1,46.9,0.26,0.29,0.24
RUSH,2019-11-08 16:40:00 EST,43.00099,-77.63739,593,27.7,28.1,24.0,60.3,15.8,0.000,0.017,0.00,0.000,3.2,5.1,0.7,295,11,3.3,5.4,0.8,301,12,3.3,5.4,0.8,301,12,23,29.65,0.0,0,0,0,40.8,44.1,46.9,0.26,0.29,0.24
RUSH,2019-11-08 16:45:00 EST,43.00099,-77.63739,593,27.6,28.0,23.6,60.6,15.8,0.000,0.017,0.00,0.000,3.5,5.0,0.7,299,13,3.6,5.0,0.7,303,13,3.6,5.0,0.7,303,13,15,29.65,-0.1,0,0,0,40.8,44.1,46.9,0.27,0.29,0.24
RUSH,2019-11-08 16:50:00 EST,43.00099,-77.63739,593,27.5,27.9,23.0,60.8,15.7,0.000,0.017,0.00,0.000,3.9,5.9,0.9,301,8,3.9,5.8,0.9,304,8,3.9,5.8,0.9,304,8,8,29.66,-0.0,0,0,0,40.8,44.1,46.9,0.26,0.29,0.24
RUSH,2019-11-08 16:55:00 EST,43.00099,-77.63739,593,27.5,27.8,23.8,60.8,15.8,0.000,0.017,0.00,0.000,3.3,4.8,0.6,298,10,3.3,5.1,0.6,302,10,3.3,5.1,0.6,302,10,5,29.66,0.0,0,0,0,40.8,44.1,46.9,0.27,0.29,0.24
RUSH,2019-11-08 17:00:00 EST,43.00099,-77.63739,593,27.2,27.6,22.9,62.0,15.9,0.000,0.017,0.00,0.000,3.6,5.8,0.7,300,13,3.7,6.3,0.8,305,12,3.7,6.3,0.8,305,12,3,29.66,0.0,0,0,0,40.8,44.1,46.9,0.26,0.29,0.24
RUSH,2019-11-08 17:05:00 EST,43.00099,-77.63739,593,27.0,27.5,22.7,63.2,16.2,0.000,0.017,0.00,0.000,3.6,4.9,0.6,295,11,3.7,5.5,0.7,299,11,3.7,5.5,0.7,299,11,2,29.66,0.1,0,0,0,40.8,44.1,46.9,0.27,0.28,0.24
RUSH,2019-11-08 17:10:00 EST,43.00099,-77.63739,593,26.8,27.4,23.4,63.9,16.2,0.000,0.017,0.00,0.000,2.9,4.2,0.5,289,7,3.0,4.3,0.6,294,8,3.0,4.3,0.6,294,8,1,29.66,0.1,0,0,0,40.8,44.1,46.9,0.26,0.29,0.24
RUSH,2019-11-08 17:15:00 EST,43.00099,-77.63739,593,26.7,27.3,26.7,64.3,16.3,0.000,0.017,0.00,0.000,2.4,3.3,0.4,286,7,2.5,3.8,0.4,293,7,2.5,3.8,0.4,293,7,0,29.66,0.1,0,0,0,40.8,44.1,46.9,0.26,0.29,0.24
RUSH,2019-11-08 17:20:00 EST,43.00099,-77.63739,593,26.7,27.2,26.7,63.9,16.2,0.000,0.017,0.00,0.000,2.8,4.2,0.6,286,11,2.9,5.1,0.7,292,12,2.9,5.1,0.7,292,12,0,29.67,0.1,0,0,0,40.8,44.1,46.9,0.26,0.28,0.24
RUSH,2019-11-08 17:25:00 EST,43.00099,-77.63739,593,26.6,27.1,26.6,64.1,16.1,0.000,0.017,0.00,0.000,2.6,4.5,0.7,282,8,2.8,4.7,0.7,288,9,2.8,4.7,0.7,288,9,0,29.67,0.1,0,0,0,40.8,44.1,46.9,0.26,0.29,0.24
RUSH,2019-11-08 17:30:00 EST,43.00099,-77.63739,593,26.5,27.0,22.8,65.2,16.4,0.000,0.017,0.00,0.000,2.9,5.6,0.7,280,13,3.2,6.0,0.7,285,12,3.2,6.0,0.7,285,12,0,29.67,0.2,0,0,0,40.8,44.1,46.9,0.26,0.29,0.24
RUSH,2019-11-08 17:35:00 EST,43.00099,-77.63739,593,26.5,26.9,26.5,65.0,16.3,0.000,0.017,0.00,0.000,2.1,4.1,0.7,282,7,2.3,4.4,0.7,288,9,2.3,4.4,0.7,288,9,0,29.67,0.0,0,0,0,40.8,44.1,46.9,0.26,0.29,0.24
RUSH,2019-11-08 17:40:00 EST,43.00099,-77.63739,593,26.3,26.8,26.3,66.0,16.5,0.000,0.017,0.00,0.000,2.5,3.8,0.5,283,9,2.7,4.4,0.5,289,10,2.7,4.4,0.5,289,10,0,29.67,0.1,0,0,0,40.7,44.1,46.9,0.26,0.29,0.24
RUSH,2019-11-08 17:45:00 EST,43.00099,-77.63739,593,26.1,26.7,26.1,66.6,16.5,0.000,0.017,0.00,0.000,1.9,2.8,0.4,285,8,2.1,3.2,0.4,291,10,2.1,3.2,0.4,291,10,0,29.67,0.1,0,0,0,40.7,44.1,46.9,0.26,0.28,0.24
RUSH,2019-11-08 17:50:00 EST,43.00099,-77.63739,593,26.0,26.7,26.0,67.2,16.6,0.000,0.017,0.00,0.000,1.8,3.4,0.5,272,11,2.1,4.2,0.5,279,12,2.1,4.2,0.5,279,12,0,29.67,0.1,0,0,0,40.6,44.1,46.9,0.27,0.29,0.24
RUSH,2019-11-08 17:55:00 EST,43.00099,-77.63739,593,25.6,26.5,25.6,69.2,16.9,0.000,0.017,0.00,0.000,2.0,3.5,0.5,274,9,2.3,4.7,0.5,279,8,2.3,4.7,0.5,279,8,0,29.67,0.1,0,0,0,40.6,44.1,46.9,0.26,0.28,0.25
RUSH,2019-11-08 18:00:00 EST,43.00099,-77.63739,593,25.2,26.5,25.2,71.9,17.4,0.000,0.017,0.00,0.000,1.5,2.6,0.4,274,9,1.8,2.9,0.4,280,11,1.8,2.9,0.4,280,11,0,29.67,0.1,0,0,0,40.6,44.1,46.9,0.26,0.28,0.24
RUSH,2019-11-08 18:05:00 EST,43.00099,-77.63739,593,24.8,26.3,24.8,71.5,16.9,0.000,0.017,0.00,0.000,1.0,1.6,0.3,264,7,1.4,2.2,0.3,274,11,1.4,2.2,0.3,274,11,0,29.68,-0.0,0,0,0,40.6,44.1,46.8,0.26,0.29,0.24
RUSH,2019-11-08 18:10:00 EST,43.00099,-77.63739,593,24.0,26.1,24.0,73.2,16.7,0.000,0.017,0.00,0.000,0.0,0.1,0.0,273,0,0.6,1.1,0.4,299,10,0.6,1.1,0.4,299,10,0,29.68,0.0,0,0,0,40.6,44.1,46.9,0.26,0.28,0.24
RUSH,2019-11-08 18:15:00 EST,43.00099,-77.63739,593,23.4,25.6,23.4,73.9,16.3,0.000,0.017,0.00,0.000,0.0,0.0,0.0,0,0,0.2,0.9,0.3,298,21,0.2,0.9,0.3,298,21,0,29.68,0.0,0,0,0,40.6,44.1,46.9,0.26,0.29,0.24
RUSH,2019-11-08 18:20:00 EST,43.00099,-77.63739,593,23.1,25.0,23.1,79.3,17.6,0.000,0.017,0.00,0.000,0.0,0.0,0.0,0,0,0.0,0.0,0.0,0,0,0.0,0.0,0.0,0,0,0,29.68,0.1,0,0,0,40.6,44.1,46.9,0.26,0.29,0.24
RUSH,2019-11-08 18:25:00 EST,43.00099,-77.63739,593,22.9,24.8,22.9,84.6,18.9,0.000,0.017,0.00,0.000,0.0,0.0,0.0,0,0,0.0,0.0,0.0,0,0,0.0,0.0,0.0,0,0,0,29.68,0.1,0,0,0,40.6,44.1,46.8,0.26,0.29,0.24
RUSH,2019-11-08 18:30:00 EST,43.00099,-77.63739,593,22.6,24.7,22.6,85.0,18.8,0.000,0.017,0.00,0.000,0.0,0.0,0.0,0,0,0.1,0.8,0.3,112,6,0.1,0.8,0.3,112,6,0,29.68,0.1,0,0,0,40.6,44.1,46.8,0.26,0.29,0.24
RUSH,2019-11-08 18:35:00 EST,43.00099,-77.63739,593,22.6,24.4,22.6,81.1,17.7,0.000,0.017,0.00,0.000,0.5,1.2,0.4,123,0,0.9,1.4,0.3,118,4,0.9,1.4,0.3,118,4,0,29.68,0.1,0,0,0,40.6,44.1,46.8,0.26,0.29,0.24
RUSH,2019-11-08 18:40:00 EST,43.00099,-77.63739,593,22.3,24.2,22.3,80.5,17.2,0.000,0.017,0.00,0.000,1.3,1.5,0.2,122,0,1.5,1.7,0.1,112,8,1.5,1.7,0.1,112,8,0,29.68,-0.0,0,0,0,40.6,44.1,46.8,0.26,0.29,0.24
RUSH,2019-11-08 18:45:00 EST,43.00099,-77.63739,593,22.0,23.9,22.0,80.1,16.8,0.000,0.017,0.00,0.000,0.1,0.7,0.2,122,0,0.8,1.4,0.4,93,6,0.8,1.4,0.4,93,6,0,29.68,-0.0,0,0,0,40.6,44.1,46.8,0.26,0.29,0.24
RUSH,2019-11-08 18:50:00 EST,43.00099,-77.63739,593,22.2,23.6,22.2,77.8,16.3,0.000,0.017,0.00,0.000,0.2,0.9,0.3,125,1,0.7,1.3,0.4,120,12,0.7,1.3,0.4,120,12,0,29.68,0.1,0,0,0,40.6,44.1,46.8,0.26,0.29,0.24
RUSH,2019-11-08 18:55:00 EST,43.00099,-77.63739,593,22.0,23.2,22.0,81.4,17.2,0.000,0.017,0.00,0.000,0.3,1.0,0.4,128,0,0.4,1.3,0.5,133,5,0.4,1.3,0.5,133,5,0,29.68,0.1,0,0,0,40.6,44.1,46.8,0.27,0.28,0.24
RUSH,2019-11-08 19:00:00 EST,43.00099,-77.63739,593,21.8,23.0,21.8,83.2,17.5,0.000,0.017,0.00,0.000,0.0,0.0,0.0,0,0,0.0,0.0,0.0,0,0,0.0,0.0,0.0,0,0,0,29.68,0.2,0,0,0,40.5,44.1,46.8,0.26,0.28,0.25
RUSH,2019-11-08 19:05:00 EST,43.00099,-77.63739,593,21.6,22.8,21.6,84.2,17.5,0.000,0.017,0.00,0.000,0.0,0.0,0.0,0,0,0.0,0.0,0.0,0,0,0.0,0.0,0.0,0,0,0,29.68,0.1,0,0,0,40.5,44.1,46.8,0.26,0.29,0.24
RUSH,2019-11-08 19:10:00 EST,43.00099,-77.63739,593,20.9,22.6,20.9,87.0,17.7,0.000,0.017,0.00,0.000,0.0,0.0,0.0,0,0,0.1,0.8,0.2,62,2,0.1,0.8,0.2,62,2,0,29.68,0.1,0,0,0,40.5,44.1,46.8,0.26,0.29,0.24
RUSH,2019-11-08 19:15:00 EST,43.00099,-77.63739,593,20.9,22.4,20.9,88.8,18.1,0.000,0.017,0.00,0.000,0.0,0.0,0.0,0,0,0.0,0.0,0.0,0,0,0.0,0.0,0.0,0,0,0,29.68,0.1,0,0,0,40.5,44.1,46.8,0.26,0.28,0.24
RUSH,2019-11-08 19:20:00 EST,43.00099,-77.63739,593,20.7,22.3,20.7,88.8,17.9,0.000,0.017,0.00,0.000,0.0,0.0,0.0,0,0,0.0,0.7,0.1,47,0,0.0,0.7,0.1,47,0,0,29.68,0.1,0,0,0,40.5,44.1,46.8,0.26,0.29,0.24
RUSH,2019-11-08 19:25:00 EST,43.00099,-77.63739,593,20.5,22.3,20.5,88.6,17.7,0.000,0.017,0.00,0.000,0.0,0.0,0.0,0,0,0.2,0.9,0.3,36,4,0.2,0.9,0.3,36,4,0,29.68,0.2,0,0,0,40.5,44.1,46.8,0.26,0.29,0.24
RUSH,2019-11-08 19:30:00 EST,43.00099,-77.63739,593,20.4,22.0,20.4,89.1,17.7,0.000,0.017,0.00,0.000,0.0,0.0,0.0,0,0,0.2,0.9,0.3,35,3,0.2,0.9,0.3,35,3,0,29.68,0.2,0,0,0,40.5,44.1,46.8,0.26,0.28,0.24
RUSH,2019-11-08 19:35:00 EST,43.00099,-77.63739,593,20.9,21.8,20.9,88.1,17.9,0.000,0.017,0.00,0.000,0.0,0.0,0.0,0,0,0.0,0.0,0.0,0,0,0.0,0.0,0.0,0,0,0,29.68,0.1,0,0,0,40.5,44.1,46.8,0.26,0.28,0.24
RUSH,2019-11-08 19:40:00 EST,43.00099,-77.63739,593,20.8,21.8,20.8,87.3,17.6,0.000,0.017,0.00,0.000,0.0,0.0,0.0,0,0,0.0,0.7,0.1,139,1,0.0,0.7,0.1,139,1,0,29.68,0.1,0,0,0,40.5,44.0,46.8,0.26,0.29,0.24
RUSH,2019-11-08 19:45:00 EST,43.00099,-77.63739,593,20.4,21.5,20.4,87.7,17.3,0.000,0.017,0.00,0.000,0.0,0.0,0.0,0,0,0.3,0.8,0.4,138,5,0.3,0.8,0.4,138,5,0,29.69,0.1,0,0,0,40.5,44.1,46.8,0.26,0.29,0.24
RUSH,2019-11-08 19:50:00 EST,43.00099,-77.63739,593,20.0,21.3,20.0,89.5,17.5,0.000,0.017,0.00,0.000,0.0,0.0,0.0,0,0,0.1,0.8,0.3,151,3,0.1,0.8,0.3,151,3,0,29.69,0.2,0,0,0,40.5,44.0,46.8,0.26,0.28,0.24
RUSH,2019-11-08 19:55:00 EST,43.00099,-77.63739,593,19.9,21.2,19.9,91.4,17.8,0.000,0.017,0.00,0.000,0.0,0.0,0.0,0,0,0.0,0.0,0.0,0,0,0.0,0.0,0.0,0,0,0,29.69,0.2,0,0,0,40.5,44.0,46.8,0.26,0.28,0.24
RUSH,2019-11-08 20:00:00 EST,43.00099,-77.63739,593,19.8,21.3,19.8,91.9,17.8,0.000,0.017,0.00,0.000,0.0,0.0,0.0,0,0,0.0,0.0,0.0,0,0,0.0,0.0,0.0,0,0,0,29.69,0.2,0,0,0,40.4,44.0,46.8,0.26,0.28,0.24
RUSH,2019-11-08 20:05:00 EST,43.00099,-77.63739,593,19.5,21.1,19.5,92.4,17.7,0.000,0.017,0.00,0.000,0.1,0.9,0.3,108,0,0.4,1.3,0.5,97,1,0.4,1.3,0.5,97,1,0,29.68,0.1,0,0,0,40.3,43.9,46.8,0.26,0.28,0.24
RUSH,2019-11-08 20:10:00 EST,43.00099,-77.63739,593,19.6,21.0,19.6,93.0,17.9,0.000,0.017,0.00,0.000,0.5,0.9,0.3,108,81,1.0,1.3,0.2,101,7,1.0,1.3,0.2,101,7,0,29.68,0.1,0,0,0,40.3,43.9,46.8,0.26,0.28,0.24
RUSH,2019-11-08 20:15:00 EST,43.00099,-77.63739,593,19.4,21.0,19.4,93.2,17.8,0.000,0.017,0.00,0.000,1.2,1.6,0.3,114,6,1.4,1.9,0.3,122,8,1.4,1.9,0.3,122,8,0,29.68,0.2,0,0,0,40.3,43.9,46.8,0.26,0.29,0.24
RUSH,2019-11-08 20:20:00 EST,43.00099,-77.63739,593,19.5,21.1,19.5,93.3,17.9,0.000,0.017,0.00,0.000,0.5,0.7,0.1,122,81,0.9,1.0,0.1,120,8,0.9,1.0,0.1,120,8,0,29.68,0.1,0,0,0,40.3,43.9,46.8,0.26,0.28,0.24
RUSH,2019-11-08 20:25:00 EST,43.00099,-77.63739,593,19.1,20.9,19.1,91.4,17.0,0.000,0.017,0.00,0.000,0.1,0.7,0.2,91,13,1.0,1.3,0.1,56,18,1.0,1.3,0.1,56,18,0,29.68,0.1,0,0,0,40.3,43.9,46.8,0.26,0.28,0.24
RUSH,2019-11-08 20:30:00 EST,43.00099,-77.63739,593,18.9,20.4,18.9,91.5,16.8,0.000,0.017,0.00,0.000,0.0,0.5,0.1,66,0,0.4,1.1,0.4,41,9,0.4,1.1,0.4,41,9,0,29.68,0.1,0,0,0,40.3,43.9,46.8,0.26,0.28,0.24
RUSH,2019-11-08 20:35:00 EST,43.00099,-77.63739,593,18.9,20.2,18.9,92.2,17.0,0.000,0.017,0.00,0.000,0.0,0.0,0.0,0,0,0.8,1.0,0.1,62,6,0.8,1.0,0.1,62,6,0,29.68,0.1,0,0,0,40.3,43.9,46.8,0.26,0.28,0.24
RUSH,2019-11-08 20:40:00 EST,43.00099,-77.63739,593,18.6,20.1,18.6,92.6,16.8,0.000,0.017,0.00,0.000,0.0,0.0,0.0,0,0,0.5,1.0,0.4,85,6,0.5,1.0,0.4,85,6,0,29.68,0.2,0,0,0,40.3,43.9,46.8,0.26,0.28,0.24
RUSH,2019-11-08 20:45:00 EST,43.00099,-77.63739,593,18.6,20.3,18.6,93.0,16.9,0.000,0.017,0.00,0.000,0.0,0.0,0.0,0,0,0.0,0.0,0.0,0,0,0.0,0.0,0.0,0,0,0,29.68,0.2,0,0,0,40.2,43.9,46.8,0.26,0.28,0.24
RUSH,2019-11-08 20:50:00 EST,43.00099,-77.63739,593,18.5,19.9,18.5,92.9,16.8,0.000,0.017,0.00,0.000,0.0,0.0,0.0,0,0,0.1,0.8,0.3,330,2,0.1,0.8,0.3,330,2,0,29.68,0.2,0,0,0,40.1,43.9,46.8,0.26,0.29,0.24
RUSH,2019-11-08 20:55:00 EST,43.00099,-77.63739,593,18.4,19.7,18.4,93.3,16.8,0.000,0.017,0.00,0.000,0.0,0.0,0.0,0,0,0.1,0.8,0.2,340,1,0.1,0.8,0.2,340,1,0,29.68,0.2,0,0,0,40.1,43.9,46.8,0.26,0.28,0.24
RUSH,2019-11-08 21:00:00 EST,43.00099,-77.63739,593,18.5,19.7,18.5,93.8,17.0,0.000,0.017,0.00,0.000,0.0,0.0,0.0,0,0,0.0,0.0,0.0,0,0,0.0,0.0,0.0,0,0,0,29.68,0.2,0,0,0,40.1,43.9,46.8,0.26,0.28,0.24
RUSH,2019-11-08 21:05:00 EST,43.00099,-77.63739,593,18.7,19.8,18.7,93.9,17.2,0.000,0.017,0.00,0.000,0.0,0.0,0.0,0,0,0.0,0.0,0.0,0,0,0.0,0.0,0.0,0,0,0,29.68,0.2,0,0,0,40.1,43.9,46.8,0.26,0.28,0.24
RUSH,2019-11-08 21:10:00 EST,43.00099,-77.63739,593,18.5,19.8,18.5,94.6,17.2,0.000,0.017,0.00,0.000,0.0,0.0,0.0,0,0,0.0,0.0,0.0,0,0,0.0,0.0,0.0,0,0,0,29.67,0.2,0,0,0,40.1,43.9,46.8,0.26,0.28,0.24
RUSH,2019-11-08 21:15:00 EST,43.00099,-77.63739,593,18.1,19.7,18.1,94.8,16.8,0.000,0.017,0.00,0.000,0.0,0.0,0.0,0,0,0.0,0.0,0.0,0,0,0.0,0.0,0.0,0,0,0,29.67,0.2,0,0,0,40.1,43.9,46.8,0.26,0.28,0.24
RUSH,2019-11-08 21:20:00 EST,43.00099,-77.63739,593,17.8,19.5,17.8,94.7,16.6,0.000,0.017,0.00,0.000,0.0,0.0,0.0,0,0,0.5,0.9,0.4,48,3,0.5,0.9,0.4,48,3,0,29.67,0.2,0,0,0,40.1,43.9,46.8,0.26,0.29,0.24
RUSH,2019-11-08 21:25:00 EST,43.00099,-77.63739,593,18.0,19.6,18.0,94.8,16.8,0.000,0.017,0.00,0.000,0.0,0.0,0.0,0,0,0.7,1.0,0.3,48,8,0.7,1.0,0.3,48,8,0,29.67,0.2,0,0,0,40.1,43.9,46.8,0.26,0.28,0.24
RUSH,2019-11-08 21:30:00 EST,43.00099,-77.63739,593,17.9,19.5,17.9,94.7,16.7,0.000,0.017,0.00,0.000,0.3,0.9,0.3,67,81,1.0,1.3,0.1,71,7,1.0,1.3,0.1,71,7,0,29.67,0.1,0,0,0,40.0,43.9,46.8,0.26,0.28,0.24
RUSH,2019-11-08 21:35:00 EST,43.00099,-77.63739,593,17.3,19.5,17.3,94.0,15.9,0.000,0.017,0.00,0.000,0.8,1.0,0.1,67,0,1.1,1.4,0.1,55,4,1.1,1.4,0.1,55,4,0,29.67,0.1,0,0,0,39.9,43.9,46.8,0.26,0.28,0.24
RUSH,2019-11-08 21:40:00 EST,43.00099,-77.63739,593,17.7,19.6,17.7,94.1,16.3,0.000,0.017,0.00,0.000,0.9,1.0,0.1,67,81,1.1,1.3,0.1,54,3,1.1,1.3,0.1,54,3,0,29.67,0.1,0,0,0,39.9,43.9,46.8,0.26,0.29,0.24
RUSH,2019-11-08 21:45:00 EST,43.00099,-77.63739,593,17.8,19.5,17.8,94.3,16.5,0.000,0.017,0.00,0.000,0.1,0.7,0.3,66,0,0.4,1.0,0.4,42,5,0.4,1.0,0.4,42,5,0,29.67,0.2,0,0,0,39.9,43.9,46.8,0.26,0.28,0.24
RUSH,2019-11-08 21:50:00 EST,43.00099,-77.63739,593,17.9,19.3,17.9,94.4,16.6,0.000,0.017,0.00,0.000,0.0,0.0,0.0,0,0,0.5,1.0,0.4,66,7,0.5,1.0,0.4,66,7,0,29.67,0.1,0,0,0,39.9,43.9,46.8,0.26,0.28,0.24
RUSH,2019-11-08 21:55:00 EST,43.00099,-77.63739,593,17.6,18.8,17.6,94.1,16.2,0.000,0.017,0.00,0.000,0.0,0.0,0.0,0,0,0.3,0.8,0.4,335,5,0.3,0.8,0.4,335,5,0,29.67,0.1,0,0,0,39.9,43.9,46.8,0.26,0.28,0.24
RUSH,2019-11-08 22:00:00 EST,43.00099,-77.63739,593,17.9,18.9,17.9,94.0,16.4,0.000,0.017,0.00,0.000,0.0,0.0,0.0,0,0,0.1,1.0,0.3,343,2,0.1,1.0,0.3,343,2,0,29.67,0.2,0,0,0,39.9,43.9,46.8,0.26,0.28,0.24
RUSH,2019-11-08 22:05:00 EST,43.00099,-77.63739,593,17.5,19.0,17.5,94.1,16.1,0.000,0.017,0.00,0.000,0.0,0.4,0.1,66,81,0.8,1.1,0.3,21,15,0.8,1.1,0.3,21,15,0,29.67,0.2,0,0,0,39.9,43.9,46.8,0.26,0.28,0.24
RUSH,2019-11-08 22:10:00 EST,43.00099,-77.63739,593,17.5,18.9,17.5,94.3,16.1,0.000,0.017,0.00,0.000,0.1,0.4,0.1,66,0,0.4,1.0,0.4,44,4,0.4,1.0,0.4,44,4,0,29.67,0.2,0,0,0,39.8,43.9,46.8,0.26,0.28,0.24
RUSH,2019-11-08 22:15:00 EST,43.00099,-77.63739,593,17.5,19.0,17.5,94.5,16.2,0.000,0.017,0.00,0.000,0.0,0.0,0.0,0,0,0.3,0.8,0.4,57,4,0.3,0.8,0.4,57,4,0,29.67,0.2,0,0,0,39.8,43.9,46.8,0.26,0.28,0.24
RUSH,2019-11-08 22:20:00 EST,43.00099,-77.63739,593,17.8,19.1,17.8,95.0,16.6,0.000,0.017,0.00,0.000,0.0,0.0,0.0,0,0,0.0,0.0,0.0,0,0,0.0,0.0,0.0,0,0,0,29.67,0.2,0,0,0,39.7,43.8,46.8,0.26,0.28,0.24
RUSH,2019-11-08 22:25:00 EST,43.00099,-77.63739,593,18.0,18.7,18.0,95.3,16.9,0.000,0.017,0.00,0.000,0.0,0.0,0.0,0,0,0.1,0.8,0.3,255,2,0.1,0.8,0.3,255,2,0,29.67,0.2,0,0,0,39.7,43.8,46.8,0.26,0.28,0.24
RUSH,2019-11-08 22:30:00 EST,43.00099,-77.63739,593,17.7,18.4,17.7,95.3,16.6,0.000,0.017,0.00,0.000,0.0,0.0,0.0,0,0,0.0,0.7,0.1,244,81,0.0,0.7,0.1,244,81,0,29.66,0.2,0,0,0,39.7,43.8,46.8,0.26,0.28,0.24
RUSH,2019-11-08 22:35:00 EST,43.00099,-77.63739,593,17.6,18.3,17.6,95.0,16.4,0.000,0.017,0.00,0.000,0.0,0.0,0.0,0,0,0.0,0.0,0.0,0,0,0.0,0.0,0.0,0,0,0,29.66,0.2,0,0,0,39.7,43.8,46.8,0.26,0.28,0.24
RUSH,2019-11-08 22:40:00 EST,43.00099,-77.63739,593,17.5,18.5,17.5,95.0,16.3,0.000,0.017,0.00,0.000,0.0,0.0,0.0,0,0,0.0,0.0,0.0,0,0,0.0,0.0,0.0,0,0,0,29.66,0.2,0,0,0,39.7,43.7,46.8,0.26,0.28,0.24
RUSH,2019-11-08 22:45:00 EST,43.00099,-77.63739,593,17.5,18.6,17.5,95.5,16.4,0.000,0.017,0.00,0.000,0.0,0.0,0.0,0,0,0.0,0.8,0.2,33,2,0.0,0.8,0.2,33,2,0,29.66,0.2,0,0,0,39.7,43.7,46.8,0.26,0.28,0.24
RUSH,2019-11-08 22:50:00 EST,43.00099,-77.63739,593,17.5,18.6,17.5,95.9,16.5,0.000,0.017,0.00,0.000,0.0,0.0,0.0,0,0,0.9,1.1,0.2,74,11,0.9,1.1,0.2,74,11,0,29.66,0.2,0,0,0,39.7,43.7,46.8,0.26,0.28,0.24
RUSH,2019-11-08 22:55:00 EST,43.00099,-77.63739,593,17.4,18.8,17.4,96.1,16.5,0.000,0.017,0.00,0.000,0.0,0.0,0.0,0,0,0.8,1.1,0.3,84,5,0.8,1.1,0.3,84,5,0,29.66,0.2,0,0,0,39.6,43.7,46.8,0.26,0.28,0.24
RUSH,2019-11-08 23:00:00 EST,43.00099,-77.63739,593,17.3,19.1,17.3,95.6,16.3,0.000,0.017,0.00,0.000,0.1,0.7,0.2,99,0,0.4,1.2,0.5,109,6,0.4,1.2,0.5,109,6,0,29.65,0.1,0,0,0,39.6,43.7,46.8,0.26,0.28,0.24
RUSH,2019-11-08 23:05:00 EST,43.00099,-77.63739,593,17.3,18.6,17.3,95.1,16.1,0.000,0.017,0.00,0.000,0.0,0.0,0.0,0,0,0.0,0.9,0.2,111,2,0.0,0.9,0.2,111,2,0,29.65,0.1,0,0,0,39.6,43.7,46.8,0.26,0.28,0.24
RUSH,2019-11-08 23:10:00 EST,43.00099,-77.63739,593,16.9,18.3,16.9,94.1,15.5,0.000,0.017,0.00,0.000,0.3,0.9,0.4,126,0,0.5,1.1,0.4,140,16,0.5,1.1,0.4,140,16,0,29.65,0.2,0,0,0,39.6,43.7,46.7,0.26,0.28,0.24
RUSH,2019-11-08 23:15:00 EST,43.00099,-77.63739,593,17.1,18.1,17.1,94.4,15.7,0.000,0.017,0.00,0.000,0.2,0.7,0.2,136,8,0.9,1.3,0.2,163,17,0.9,1.3,0.2,163,17,0,29.65,0.2,0,0,0,39.6,43.7,46.7,0.26,0.28,0.24
RUSH,2019-11-08 23:20:00 EST,43.00099,-77.63739,593,16.8,18.1,16.8,94.2,15.4,0.000,0.017,0.00,0.000,0.0,0.4,0.1,150,0,0.8,1.1,0.3,107,8,0.8,1.1,0.3,107,8,0,29.65,0.2,0,0,0,39.6,43.7,46.7,0.26,0.28,0.24
RUSH,2019-11-08 23:25:00 EST,43.00099,-77.63739,593,16.4,18.2,16.4,94.0,15.0,0.000,0.017,0.00,0.000,0.0,0.0,0.0,0,0,0.7,1.0,0.3,51,10,0.7,1.0,0.3,51,10,0,29.65,0.2,0,0,0,39.6,43.7,46.7,0.26,0.28,0.24
RUSH,2019-11-08 23:30:00 EST,43.00099,-77.63739,593,16.5,18.2,16.5,93.7,15.0,0.000,0.017,0.00,0.000,0.0,0.0,0.0,0,0,0.4,0.9,0.4,45,4,0.4,0.9,0.4,45,4,0,29.65,0.2,0,0,0,39.4,43.7,46.7,0.26,0.28,0.24
RUSH,2019-11-08 23:35:00 EST,43.00099,-77.63739,593,16.7,18.0,16.7,93.8,15.2,0.000,0.017,0.00,0.000,0.0,0.0,0.0,0,0,0.1,0.9,0.2,84,1,0.1,0.9,0.2,84,1,0,29.65,0.2,0,0,0,39.4,43.7,46.7,0.26,0.28,0.24
RUSH,2019-11-08 23:40:00 EST,43.00099,-77.63739,593,16.7,17.7,16.7,93.9,15.3,0.000,0.017,0.00,0.000,0.0,0.1,0.0,119,0,1.0,1.3,0.2,81,8,1.0,1.3,0.2,81,8,0,29.65,0.1,0,0,0,39.4,43.7,46.7,0.26,0.28,0.24
RUSH,2019-11-08 23:45:00 EST,43.00099,-77.63739,593,15.9,17.6,15.9,92.9,14.2,0.000,0.017,0.00,0.000,0.0,0.4,0.1,111,2,0.3,1.1,0.4,66,14,0.3,1.1,0.4,66,14,0,29.65,0.2,0,0,0,39.4,43.7,46.6,0.26,0.28,0.24
RUSH,2019-11-08 23:50:00 EST,43.00099,-77.63739,593,16.1,17.7,16.1,93.0,14.5,0.000,0.017,0.00,0.000,0.0,0.0,0.0,0,0,0.0,0.0,0.0,0,0,0.0,0.0,0.0,0,0,0,29.65,0.2,0,0,0,39.4,43.7,46.6,0.26,0.28,0.24
RUSH,2019-11-08 23:55:00 EST,43.00099,-77.63739,593,16.8,17.4,16.8,93.5,15.3,0.000,0.017,0.00,0.000,0.0,0.0,0.0,0,0,0.1,0.8,0.2,320,3,0.1,0.8,0.2,320,3,0,29.65,0.2,0,0,0,39.4,43.7,46.6,0.26,0.28,0.24
SARA,2019-11-08 00:00:00 EST,44.70758,-73.67115,1029,22.9,22.9,17.1,77.5,16.9,0.000,0.211,0.00,0.000,3.8,7.1,1.5,297,21,4.4,8.8,1.7,301,20,4.4,8.8,1.7,301,20,0,28.94,-0.0,0,0,0,39.6,42.3,46.0,0.09,0.11,0.06
SARA,2019-11-08 00:05:00 EST,44.70758,-73.67115,1029,22.9,22.9,15.7,77.0,16.8,0.000,0.000,0.00,0.000,4.7,9.5,1.9,291,18,5.7,11.0,2.2,295,18,5.7,11.0,2.2,295,18,0,28.94,-0.0,0,0,0,39.6,42.3,46.0,0.09,0.11,0.06
SARA,2019-11-08 00:10:00 EST,44.70758,-73.67115,1029,22.9,23.0,14.9,76.4,16.6,0.000,0.000,0.00,0.000,5.9,11.7,2.4,295,20,6.7,13.3,2.6,296,18,6.7,13.3,2.6,296,18,0,28.93,-0.1,0,0,0,39.6,42.3,46.0,0.09,0.11,0.06
SARA,2019-11-08 00:15:00 EST,44.70758,-73.67115,1029,23.1,23.0,14.9,74.7,16.2,0.000,0.000,0.00,0.000,6.3,13.1,2.3,292,20,6.8,12.6,2.3,295,19,6.8,12.6,2.3,295,19,0,28.93,-0.1,0,0,0,39.6,42.3,46.0,0.09,0.11,0.06
SARA,2019-11-08 00:20:00 EST,44.70758,-73.67115,1029,23.0,23.0,14.9,74.4,16.1,0.000,0.000,0.00,0.000,6.0,11.8,2.4,287,23,6.8,12.0,2.4,291,19,6.8,12.0,2.4,291,19,0,28.93,-0.1,0,0,0,39.6,42.3,46.0,0.09,0.11,0.06
SARA,2019-11-08 00:25:00 EST,44.70758,-73.67115,1029,23.0,22.9,16.1,73.6,15.8,0.000,0.000,0.00,0.000,4.9,9.6,2.2,304,21,5.4,10.9,2.2,309,19,5.4,10.9,2.2,309,19,0,28.93,-0.1,0,0,0,39.6,42.3,46.0,0.09,0.11,0.06
SARA,2019-11-08 00:30:00 EST,44.70758,-73.67115,1029,22.8,22.8,18.6,74.6,16.0,0.000,0.000,0.00,0.000,2.9,8.0,1.5,296,22,3.2,7.5,1.5,299,22,3.2,7.5,1.5,299,22,0,28.93,-0.1,0,0,0,39.6,42.3,46.0,0.09,0.11,0.06
SARA,2019-11-08 00:35:00 EST,44.70758,-73.67115,1029,22.7,22.7,15.7,76.0,16.3,0.000,0.000,0.00,0.000,4.8,9.7,1.8,289,21,5.5,10.8,2.1,293,20,5.5,10.8,2.1,293,20,0,28.93,-0.1,0,0,0,39.6,42.3,45.9,0.09,0.11,0.06
SARA,2019-11-08 00:40:00 EST,44.70758,-73.67115,1029,22.8,22.8,14.9,74.2,15.8,0.000,0.000,0.00,0.000,5.4,11.5,2.1,283,24,6.3,11.8,2.2,286,21,6.3,11.8,2.2,286,21,0,28.92,-0.1,0,0,0,39.6,42.3,45.9,0.09,0.11,0.06
SARA,2019-11-08 00:45:00 EST,44.70758,-73.67115,1029,22.8,22.9,15.2,74.0,15.7,0.000,0.000,0.00,0.000,5.2,11.3,2.2,288,17,6.0,13.6,2.5,293,16,6.0,13.6,2.5,293,16,0,28.92,-0.1,0,0,0,39.6,42.3,46.0,0.09,0.11,0.06
SARA,2019-11-08 00:50:00 EST,44.70758,-73.67115,1029,22.5,22.7,16.7,74.6,15.7,0.000,0.000,0.00,0.000,3.7,8.3,1.6,286,23,4.3,10.0,2.0,291,21,4.3,10.0,2.0,291,21,0,28.92,-0.1,0,0,0,39.6,42.3,45.9,0.09,0.11,0.06
SARA,2019-11-08 00:55:00 EST,44.70758,-73.67115,1029,22.3,22.6,16.9,76.0,15.9,0.000,0.000,0.00,0.000,3.5,5.3,0.9,285,20,4.0,7.6,1.3,289,18,4.0,7.6,1.3,289,18,0,28.92,-0.1,0,0,0,39.6,42.3,45.9,0.09,0.11,0.06
SARA,2019-11-08 01:00:00 EST,44.70758,-73.67115,1029,22.1,22.5,17.1,74.2,15.2,0.000,0.000,0.00,0.000,3.4,6.1,1.2,300,20,3.7,6.3,1.3,306,19,3.7,6.3,1.3,306,19,0,28.92,-0.0,0,0,0,39.6,42.3,45.9,0.09,0.11,0.06
SARA,2019-11-08 01:05:00 EST,44.70758,-73.67115,1029,21.9,22.5,16.2,74.4,15.0,0.000,0.000,0.00,0.000,3.8,5.6,1.0,284,19,4.2,6.6,1.1,290,18,4.2,6.6,1.1,290,18,0,28.92,-0.2,0,0,0,39.4,42.2,45.9,0.09,0.11,0.06
SARA,2019-11-08 01:10:00 EST,44.70758,-73.67115,1029,21.4,22.1,15.7,77.6,15.5,0.000,0.000,0.00,0.000,3.6,8.1,1.4,286,21,4.1,11.1,1.8,289,21,4.1,11.1,1.8,289,21,0,28.92,-0.0,0,0,0,39.4,42.2,45.9,0.09,0.11,0.06
SARA,2019-11-08 01:15:00 EST,44.70758,-73.67115,1029,21.7,22.3,15.5,74.4,14.8,0.000,0.000,0.00,0.000,3.7,7.9,1.7,288,23,4.5,9.7,2.0,291,19,4.5,9.7,2.0,291,19,0,28.92,-0.2,0,0,0,39.4,42.2,45.9,0.09,0.11,0.06
SARA,2019-11-08 01:20:00 EST,44.70758,-73.67115,1029,21.2,22.0,17.0,76.3,14.9,0.000,0.000,0.00,0.000,2.7,5.2,0.9,276,18,3.0,6.3,1.0,281,17,3.0,6.3,1.0,281,17,0,28.92,-0.2,0,0,0,39.4,42.1,45.9,0.09,0.11,0.06
SARA,2019-11-08 01:25:00 EST,44.70758,-73.67115,1029,21.2,22.0,14.9,77.4,15.2,0.000,0.000,0.00,0.000,4.0,9.2,1.6,282,20,4.6,11.7,2.0,285,16,4.6,11.7,2.0,285,16,0,28.92,-0.1,0,0,0,39.4,42.1,45.9,0.09,0.11,0.06
SARA,2019-11-08 01:30:00 EST,44.70758,-73.67115,1029,21.5,22.0,15.4,75.0,14.8,0.000,0.000,0.00,0.000,3.9,8.6,2.1,280,19,4.5,10.7,2.4,283,19,4.5,10.7,2.4,283,19,0,28.92,-0.2,0,0,0,39.4,42.1,45.9,0.09,0.11,0.06
SARA,2019-11-08 01:35:00 EST,44.70758,-73.67115,1029,21.2,21.7,16.2,76.2,14.8,0.000,0.000,0.00,0.000,3.0,6.6,1.4,279,20,3.5,9.4,1.7,283,18,3.5,9.4,1.7,283,18,0,28.92,-0.1,0,0,0,39.4,42.1,45.9,0.09,0.11,0.06
SARA,2019-11-08 01:40:00 EST,44.70758,-73.67115,1029,20.7,21.5,16.3,77.6,14.8,0.000,0.000,0.00,0.000,2.7,6.4,1.2,278,16,3.2,8.1,1.3,284,15,3.2,8.1,1.3,284,15,0,28.92,-0.2,0,0,0,39.4,42.1,45.9,0.09,0.11,0.06
SARA,2019-11-08 01:45:00 EST,44.70758,-73.67115,1029,20.6,21.4,14.5,78.2,14.9,0.000,0.000,0.00,0.000,3.5,7.9,1.5,273,22,4.3,9.5,1.7,278,20,4.3,9.5,1.7,278,20,0,28.91,-0.2,0,0,0,39.4,42.1,45.9,0.09,0.11,0.06
SARA,2019-11-08 01:50:00 EST,44.70758,-73.67115,1029,20.9,21.5,14.0,76.8,14.8,0.000,0.000,0.00,0.000,4.3,8.3,1.9,287,20,5.0,10.5,2.2,292,16,5.0,10.5,2.2,292,16,0,28.91,-0.2,0,0,0,39.4,42.1,45.9,0.09,0.11,0.06
SARA,2019-11-08 01:55:00 EST,44.70758,-73.67115,1029,20.8,21.4,14.0,76.8,14.6,0.000,0.000,0.00,0.000,4.2,6.9,1.2,287,17,4.9,9.3,1.5,290,14,4.9,9.3,1.5,290,14,0,28.91,-0.1,0,0,0,39.3,42.1,45.9,0.09,0.11,0.06
SARA,2019-11-08 02:00:00 EST,44.70758,-73.67115,1029,20.9,21.3,13.6,76.3,14.6,0.000,0.000,0.00,0.000,4.8,9.1,1.9,287,17,5.4,10.7,2.1,291,15,5.4,10.7,2.1,291,15,0,28.91,-0.0,0,0,0,39.3,42.1,45.9,0.09,0.11,0.06
SARA,2019-11-08 02:05:00 EST,44.70758,-73.67115,1029,20.8,21.4,13.0,76.7,14.7,0.000,0.000,0.00,0.000,5.1,10.3,1.7,290,23,5.9,11.1,2.0,293,20,5.9,11.1,2.0,293,20,0,28.91,-0.0,0,0,0,39.2,42.1,45.9,0.09,0.11,0.06
SARA,2019-11-08 02:10:00 EST,44.70758,-73.67115,1029,20.9,21.3,13.6,75.9,14.5,0.000,0.000,0.00,0.000,4.8,8.5,1.4,290,18,5.4,10.0,1.7,294,17,5.4,10.0,1.7,294,17,0,28.91,-0.2,0,0,0,39.2,42.1,45.9,0.09,0.11,0.06
SARA,2019-11-08 02:15:00 EST,44.70758,-73.67115,1029,20.7,21.2,13.3,76.6,14.5,0.000,0.000,0.00,0.000,4.8,8.3,1.5,284,17,5.4,11.3,1.8,288,15,5.4,11.3,1.8,288,15,0,28.91,-0.1,0,0,0,39.2,42.1,45.9,0.09,0.11,0.06
SARA,2019-11-08 02:20:00 EST,44.70758,-73.67115,1029,20.6,21.2,13.0,77.7,14.7,0.000,0.000,0.00,0.000,4.9,8.0,1.6,279,17,5.6,9.4,1.8,283,16,5.6,9.4,1.8,283,16,0,28.91,-0.1,0,0,0,39.2,42.1,45.9,0.09,0.11,0.06
SARA,2019-11-08 02:25:00 EST,44.70758,-73.67115,1029,20.7,21.1,14.7,78.4,15.1,0.000,0.000,0.00,0.000,3.7,7.5,1.4,282,22,4.3,9.5,1.6,287,22,4.3,9.5,1.6,287,22,0,28.91,-0.2,0,0,0,39.2,42.1,45.9,0.09,0.11,0.06
SARA,2019-11-08 02:30:00 EST,44.70758,-73.67115,1029,20.7,21.2,13.8,78.0,15.0,0.000,0.000,0.00,0.000,4.3,8.5,1.8,282,16,5.0,10.3,2.2,286,13,5.0,10.3,2.2,286,13,0,28.91,0.0,0,0,0,39.2,42.1,45.9,0.09,0.11,0.06
SARA,2019-11-08 02:35:00 EST,44.70758,-73.67115,1029,20.8,21.2,13.6,77.1,14.8,0.000,0.000,0.00,0.000,4.6,8.5,1.7,288,22,5.4,12.2,2.1,292,20,5.4,12.2,2.1,292,20,0,28.91,-0.2,0,0,0,39.2,42.1,45.9,0.09,0.11,0.06
SARA,2019-11-08 02:40:00 EST,44.70758,-73.67115,1029,20.7,21.1,14.0,77.8,14.8,0.000,0.000,0.00,0.000,4.0,7.5,1.5,280,19,4.7,9.5,1.9,286,17,4.7,9.5,1.9,286,17,0,28.90,-0.1,0,0,0,39.2,42.1,45.9,0.09,0.11,0.06
SARA,2019-11-08 02:45:00 EST,44.70758,-73.67115,1029,20.4,21.1,13.1,78.1,14.7,0.000,0.000,0.00,0.000,4.7,11.2,2.1,281,24,5.4,11.6,2.1,286,22,5.4,11.6,2.1,286,22,0,28.90,-0.1,0,0,0,39.2,42.1,45.9,0.09,0.11,0.06
SARA,2019-11-08 02:50:00 EST,44.70758,-73.67115,1029,20.4,21.0,13.1,78.2,14.7,0.000,0.000,0.00,0.000,4.6,8.1,1.7,286,20,5.3,8.9,1.7,290,19,5.3,8.9,1.7,290,19,0,28.90,-0.0,0,0,0,39.2,42.1,45.9,0.09,0.11,0.06
SARA,2019-11-08 02:55:00 EST,44.70758,-73.67115,1029,20.5,20.9,13.3,76.6,14.3,0.000,0.000,0.00,0.000,4.5,8.8,1.8,294,20,5.2,11.1,2.0,299,19,5.2,11.1,2.0,299,19,0,28.90,-0.1,0,0,0,39.2,42.0,45.9,0.09,0.11,0.06
SARA,2019-11-08 03:00:00 EST,44.70758,-73.67115,1029,20.4,20.9,13.3,76.2,14.1,0.000,0.000,0.00,0.000,4.6,9.6,1.9,295,19,5.2,9.4,1.8,299,17,5.2,9.4,1.8,299,17,0,28.90,-0.1,0,0,0,39.2,42.0,45.9,0.09,0.11,0.06
SARA,2019-11-08 03:05:00 EST,44.70758,-73.67115,1029,20.5,20.8,13.1,76.0,14.1,0.000,0.000,0.00,0.000,4.6,8.4,1.6,300,22,5.4,9.0,1.8,304,20,5.4,9.0,1.8,304,20,0,28.90,-0.1,0,0,0,39.2,42.1,45.9,0.09,0.11,0.06
SARA,2019-11-08 03:10:00 EST,44.70758,-73.67115,1029,20.4,20.8,13.5,76.4,14.1,0.000,0.000,0.00,0.000,4.4,7.0,1.2,297,19,4.9,8.6,1.4,300,18,4.9,8.6,1.4,300,18,0,28.90,-0.0,0,0,0,39.2,42.0,45.9,0.09,0.11,0.06
SARA,2019-11-08 03:15:00 EST,44.70758,-73.67115,1029,20.6,20.9,12.5,75.5,14.1,0.000,0.000,0.00,0.000,5.6,11.7,2.0,297,18,6.1,10.4,2.0,301,16,6.1,10.4,2.0,301,16,0,28.90,-0.1,0,0,0,39.2,42.0,45.9,0.09,0.11,0.06
SARA,2019-11-08 03:20:00 EST,44.70758,-73.67115,1029,20.4,20.7,13.9,76.7,14.2,0.000,0.000,0.00,0.000,4.1,12.6,2.0,286,20,4.6,14.0,2.2,292,18,4.6,14.0,2.2,292,18,0,28.90,-0.1,0,0,0,39.2,42.0,45.9,0.09,0.11,0.06
SARA,2019-11-08 03:25:00 EST,44.70758,-73.67115,1029,20.2,20.6,14.2,78.1,14.4,0.000,0.000,0.00,0.000,3.6,7.1,1.3,273,29,4.1,8.4,1.4,277,26,4.1,8.4,1.4,277,26,0,28.90,-0.2,0,0,0,39.2,41.9,45.9,0.09,0.11,0.06
SARA,2019-11-08 03:30:00 EST,44.70758,-73.67115,1029,19.8,20.4,14.5,80.0,14.7,0.000,0.000,0.00,0.000,3.0,9.3,1.9,276,23,3.7,10.8,2.1,282,24,3.7,10.8,2.1,282,24,0,28.90,0.0,0,0,0,39.2,41.9,45.9,0.09,0.11,0.06
SARA,2019-11-08 03:35:00 EST,44.70758,-73.67115,1029,19.9,20.3,19.9,79.8,14.7,0.000,0.000,0.00,0.000,2.5,5.7,1.1,282,22,3.0,7.0,1.3,286,22,3.0,7.0,1.3,286,22,0,28.90,-0.1,0,0,0,39.2,41.9,45.9,0.09,0.11,0.06
SARA,2019-11-08 03:40:00 EST,44.70758,-73.67115,1029,19.5,20.2,19.5,80.5,14.5,0.000,0.000,0.00,0.000,2.1,5.6,1.2,267,28,2.6,6.9,1.4,272,26,2.6,6.9,1.4,272,26,0,28.90,-0.2,0,0,0,39.1,41.9,45.9,0.09,0.11,0.06
SARA,2019-11-08 03:45:00 EST,44.70758,-73.67115,1029,19.5,20.2,14.4,81.9,14.9,0.000,0.000,0.00,0.000,3.0,5.6,1.2,279,21,3.5,7.4,1.4,285,21,3.5,7.4,1.4,285,21,0,28.90,0.0,0,0,0,39.0,41.9,45.9,0.09,0.11,0.06
SARA,2019-11-08 03:50:00 EST,44.70758,-73.67115,1029,20.0,20.3,14.9,79.3,14.7,0.000,0.000,0.00,0.000,3.1,5.8,1.3,284,20,3.6,6.9,1.5,288,19,3.6,6.9,1.5,288,19,0,28.90,-0.1,0,0,0,39.0,41.9,45.9,0.09,0.11,0.06
SARA,2019-11-08 03:55:00 EST,44.70758,-73.67115,1029,20.2,20.4,13.9,78.1,14.5,0.000,0.000,0.00,0.000,3.9,7.9,1.5,287,22,4.5,9.1,1.8,293,20,4.5,9.1,1.8,293,20,0,28.90,-0.0,0,0,0,39.0,41.9,45.9,0.09,0.11,0.06
SARA,2019-11-08 04:00:00 EST,44.70758,-73.67115,1029,20.4,20.5,14.2,77.5,14.5,0.000,0.000,0.00,0.000,3.8,11.2,2.7,281,25,4.4,10.9,2.9,285,24,4.4,10.9,2.9,285,24,0,28.90,-0.1,0,0,0,39.0,41.9,45.9,0.09,0.11,0.06
SARA,2019-11-08 04:05:00 EST,44.70758,-73.67115,1029,20.4,20.5,13.6,77.7,14.6,0.000,0.000,0.00,0.000,4.1,7.8,1.8,282,23,4.9,10.4,1.9,287,22,4.9,10.4,1.9,287,22,0,28.90,-0.1,0,0,0,39.0,41.9,45.9,0.09,0.11,0.06
SARA,2019-11-08 04:10:00 EST,44.70758,-73.67115,1029,20.5,20.5,12.1,78.7,14.9,0.000,0.000,0.00,0.000,5.8,12.6,2.5,294,19,6.5,12.7,2.6,298,18,6.5,12.7,2.6,298,18,0,28.90,-0.1,0,0,0,39.0,41.9,45.9,0.09,0.11,0.06
SARA,2019-11-08 04:15:00 EST,44.70758,-73.67115,1029,20.5,20.4,14.1,78.5,14.9,0.000,0.000,0.00,0.000,3.8,11.3,2.3,277,33,4.6,14.3,2.8,282,31,4.6,14.3,2.8,282,31,0,28.90,-0.1,0,0,0,39.0,41.9,45.9,0.09,0.11,0.06
SARA,2019-11-08 04:20:00 EST,44.70758,-73.67115,1029,20.4,20.3,14.5,79.3,15.0,0.000,0.000,0.00,0.000,3.8,8.0,1.9,268,33,4.2,10.0,2.3,272,30,4.2,10.0,2.3,272,30,0,28.90,-0.1,0,0,0,39.0,41.9,45.9,0.09,0.11,0.06
SARA,2019-11-08 04:25:00 EST,44.70758,-73.67115,1029,20.4,20.3,14.0,79.1,14.9,0.000,0.000,0.00,0.000,3.8,8.5,1.8,278,26,4.5,8.8,1.8,283,27,4.5,8.8,1.8,283,27,0,28.90,-0.0,0,0,0,39.0,41.9,45.9,0.09,0.11,0.06
SARA,2019-11-08 04:30:00 EST,44.70758,-73.67115,1029,20.3,20.3,15.9,79.0,14.8,0.000,0.000,0.00,0.000,2.7,7.2,1.3,270,32,3.1,7.1,1.5,279,33,3.1,7.1,1.5,279,33,0,28.90,-0.1,0,0,0,38.9,41.9,45.9,0.09,0.11,0.06
SARA,2019-11-08 04:35:00 EST,44.70758,-73.67115,1029,20.1,20.2,15.5,79.6,14.8,0.000,0.000,0.00,0.000,2.8,7.5,1.7,279,35,3.2,8.4,1.9,286,35,3.2,8.4,1.9,286,35,0,28.90,-0.1,0,0,0,38.8,41.9,45.9,0.09,0.11,0.06
SARA,2019-11-08 04:40:00 EST,44.70758,-73.67115,1029,20.2,20.0,20.2,80.8,15.2,0.000,0.000,0.00,0.000,2.5,8.1,1.9,268,30,3.0,9.4,1.9,272,35,3.0,9.4,1.9,272,35,0,28.90,-0.0,0,0,0,38.8,41.9,45.9,0.09,0.11,0.06
SARA,2019-11-08 04:45:00 EST,44.70758,-73.67115,1029,20.3,20.1,15.4,81.1,15.4,0.000,0.000,0.00,0.000,2.8,6.2,1.9,281,27,3.4,7.5,2.1,284,28,3.4,7.5,2.1,284,28,0,28.90,-0.0,0,0,0,38.8,41.9,45.9,0.09,0.11,0.06
SARA,2019-11-08 04:50:00 EST,44.70758,-73.67115,1029,20.4,20.2,15.3,81.2,15.6,0.000,0.000,0.00,0.000,3.0,9.4,2.4,292,26,3.6,8.8,2.3,298,29,3.6,8.8,2.3,298,29,0,28.90,-0.1,0,0,0,38.8,41.9,45.9,0.09,0.11,0.06
SARA,2019-11-08 04:55:00 EST,44.70758,-73.67115,1029,20.5,20.2,13.4,82.1,15.9,0.000,0.000,0.00,0.000,4.4,11.2,2.6,278,30,5.1,14.1,2.8,281,29,5.1,14.1,2.8,281,29,0,28.91,-0.0,0,0,0,38.8,41.8,45.9,0.09,0.11,0.06
SARA,2019-11-08 05:00:00 EST,44.70758,-73.67115,1029,20.4,20.2,14.0,83.7,16.3,0.002,0.002,0.00,0.002,3.8,8.0,1.9,283,32,4.6,12.1,2.3,288,31,4.6,12.1,2.3,288,31,0,28.91,-0.0,0,0,0,38.8,41.8,45.9,0.09,0.11,0.06
SARA,2019-11-08 05:05:00 EST,44.70758,-73.67115,1029,20.4,20.2,20.4,84.3,16.4,0.001,0.003,0.00,0.003,2.3,5.5,1.2,281,34,2.8,7.7,1.3,282,37,2.8,7.7,1.3,282,37,0,28.91,-0.0,0,0,0,38.8,41.7,45.9,0.09,0.11,0.06
SARA,2019-11-08 05:10:00 EST,44.70758,-73.67115,1029,20.3,20.2,13.9,85.4,16.7,0.001,0.004,0.00,0.004,3.9,9.3,1.9,305,31,4.6,11.6,2.0,309,31,4.6,11.6,2.0,309,31,0,28.91,-0.0,0,0,0,38.8,41.7,45.9,0.09,0.11,0.06
SARA,2019-11-08 05:15:00 EST,44.70758,-73.67115,1029,20.3,20.1,15.2,86.6,16.9,0.000,0.004,0.00,0.004,3.1,8.8,2.0,289,19,3.5,9.4,2.2,294,16,3.5,9.4,2.2,294,16,0,28.91,-0.1,0,0,0,38.8,41.7,45.9,0.09,0.11,0.06
SARA,2019-11-08 05:20:00 EST,44.70758,-73.67115,1029,20.3,20.1,20.3,87.2,17.1,0.003,0.007,0.00,0.007,1.7,7.3,2.0,313,25,2.2,9.5,2.3,321,28,2.2,9.5,2.3,321,28,0,28.91,-0.1,0,0,0,38.8,41.7,45.9,0.09,0.11,0.06
SARA,2019-11-08 05:25:00 EST,44.70758,-73.67115,1029,20.4,20.2,20.4,87.1,17.1,0.001,0.008,0.00,0.008,1.1,3.1,0.8,298,48,1.5,4.6,0.9,307,47,1.5,4.6,0.9,307,47,0,28.91,-0.0,0,0,0,38.8,41.7,45.9,0.09,0.11,0.06
SARA,2019-11-08 05:30:00 EST,44.70758,-73.67115,1029,20.5,20.2,20.5,86.3,17.0,0.000,0.008,0.00,0.008,1.5,3.8,1.1,324,23,1.8,4.4,1.2,328,24,1.8,4.4,1.2,328,24,0,28.91,-0.0,0,0,0,38.7,41.7,45.9,0.09,0.11,0.06
SARA,2019-11-08 05:35:00 EST,44.70758,-73.67115,1029,20.4,20.1,20.4,86.7,17.0,0.004,0.012,0.00,0.012,1.4,3.0,1.0,325,19,1.8,4.4,1.2,330,22,1.8,4.4,1.2,330,22,0,28.91,-0.2,0,0,0,38.7,41.7,45.9,0.09,0.11,0.06
SARA,2019-11-08 05:40:00 EST,44.70758,-73.67115,1029,20.3,20.2,20.3,86.9,17.1,0.002,0.013,0.00,0.013,0.4,1.5,0.5,7,18,0.9,2.4,0.6,22,35,0.9,2.4,0.6,22,35,0,28.91,0.1,0,0,0,38.7,41.7,45.9,0.09,0.11,0.06
SARA,2019-11-08 05:45:00 EST,44.70758,-73.67115,1029,20.3,20.1,20.3,88.3,17.4,0.000,0.013,0.00,0.013,0.9,2.7,0.6,183,55,1.3,3.2,0.4,197,59,1.3,3.2,0.4,197,59,0,28.91,0.1,0,0,0,38.7,41.7,45.9,0.09,0.11,0.06
SARA,2019-11-08 05:50:00 EST,44.70758,-73.67115,1029,20.3,20.1,20.3,89.1,17.6,0.000,0.013,0.00,0.013,1.7,2.6,0.5,222,18,1.8,2.7,0.5,231,20,1.8,2.7,0.5,231,20,0,28.92,0.1,0,0,0,38.7,41.7,45.9,0.08,0.11,0.06
SARA,2019-11-08 05:55:00 EST,44.70758,-73.67115,1029,20.3,20.2,20.3,89.4,17.7,0.000,0.013,0.00,0.013,2.5,4.5,0.9,243,30,2.8,6.0,1.1,252,32,2.8,6.0,1.1,252,32,0,28.92,0.1,0,0,0,38.7,41.7,45.9,0.08,0.11,0.06
SARA,2019-11-08 06:00:00 EST,44.70758,-73.67115,1029,20.4,20.4,20.4,88.3,17.5,0.000,0.013,0.00,0.011,2.0,7.0,1.4,255,30,2.5,8.4,1.6,261,29,2.5,8.4,1.6,261,29,0,28.92,0.0,0,0,0,38.7,41.7,45.9,0.08,0.11,0.06
SARA,2019-11-08 06:05:00 EST,44.70758,-73.67115,1029,20.3,20.4,14.3,86.6,17.0,0.000,0.013,0.00,0.011,3.5,9.6,2.7,289,23,4.3,11.8,2.9,292,27,4.3,11.8,2.9,292,27,0,28.92,0.1,0,0,0,38.7,41.7,45.9,0.08,0.11,0.06
SARA,2019-11-08 06:10:00 EST,44.70758,-73.67115,1029,20.5,20.6,15.5,83.5,16.3,0.000,0.013,0.00,0.009,3.1,6.9,1.5,304,26,3.5,8.5,1.6,307,28,3.5,8.5,1.6,307,28,0,28.92,0.1,0,0,0,38.7,41.7,45.9,0.08,0.11,0.06
SARA,2019-11-08 06:15:00 EST,44.70758,-73.67115,1029,20.4,20.5,14.9,83.5,16.2,0.000,0.013,0.00,0.009,3.2,8.4,1.6,285,26,3.8,9.9,1.9,290,25,3.8,9.9,1.9,290,25,0,28.92,0.1,0,0,0,38.7,41.7,45.9,0.08,0.11,0.06
SARA,2019-11-08 06:20:00 EST,44.70758,-73.67115,1029,20.3,20.4,13.9,83.5,16.1,0.000,0.013,0.00,0.007,3.9,6.8,1.2,288,32,4.5,8.4,1.7,294,33,4.5,8.4,1.7,294,33,0,28.92,0.2,0,0,0,38.7,41.7,45.9,0.08,0.11,0.06
SARA,2019-11-08 06:25:00 EST,44.70758,-73.67115,1029,20.3,20.4,12.9,82.7,15.8,0.000,0.013,0.00,0.006,4.8,12.1,2.3,309,28,5.4,12.8,2.4,311,26,5.4,12.8,2.4,311,26,0,28.92,0.1,0,0,0,38.7,41.6,45.9,0.08,0.11,0.06
SARA,2019-11-08 06:30:00 EST,44.70758,-73.67115,1029,20.3,20.4,13.0,81.4,15.5,0.000,0.013,0.00,0.006,4.6,8.8,1.5,300,21,5.3,10.8,1.9,303,19,5.3,10.8,1.9,303,19,0,28.92,0.1,0,0,0,38.7,41.7,45.8,0.08,0.11,0.06
SARA,2019-11-08 06:35:00 EST,44.70758,-73.67115,1029,20.1,20.3,12.2,81.8,15.4,0.000,0.013,0.00,0.002,5.2,8.9,1.4,301,25,5.9,9.3,1.7,306,22,5.9,9.3,1.7,306,22,1,28.92,0.1,0,0,0,38.7,41.6,45.8,0.08,0.11,0.06
SARA,2019-11-08 06:40:00 EST,44.70758,-73.67115,1029,20.2,20.2,11.4,82.1,15.6,0.000,0.013,0.00,0.000,6.2,11.4,2.3,300,23,6.8,15.1,2.4,305,22,6.8,15.1,2.4,305,22,2,28.93,0.1,0,0,0,38.7,41.5,45.8,0.08,0.11,0.06
SARA,2019-11-08 06:45:00 EST,44.70758,-73.67115,1029,20.3,20.3,12.3,82.4,15.8,0.000,0.013,0.00,0.000,5.3,11.3,2.0,305,20,6.0,11.0,2.0,308,20,6.0,11.0,2.0,308,20,3,28.93,0.1,0,0,0,38.7,41.5,45.8,0.08,0.11,0.06
SARA,2019-11-08 06:50:00 EST,44.70758,-73.67115,1029,20.3,20.4,12.1,82.6,15.9,0.000,0.013,0.00,0.000,5.4,11.5,2.3,303,23,6.3,12.7,2.4,307,20,6.3,12.7,2.4,307,20,4,28.93,0.0,0,0,0,38.7,41.5,45.8,0.08,0.11,0.06
SARA,2019-11-08 06:55:00 EST,44.70758,-73.67115,1029,20.3,20.4,11.5,82.0,15.7,0.000,0.013,0.00,0.000,6.1,10.7,1.8,306,24,6.9,11.4,1.9,311,20,6.9,11.4,1.9,311,20,6,28.93,0.0,0,0,0,38.7,41.5,45.8,0.08,0.11,0.06
SARA,2019-11-08 07:00:00 EST,44.70758,-73.67115,1029,20.3,20.5,12.4,80.5,15.3,0.000,0.013,0.00,0.000,5.2,10.7,2.0,306,25,5.9,12.6,2.4,309,23,5.9,12.6,2.4,309,23,7,28.94,-0.0,0,0,0,38.7,41.5,45.7,0.08,0.11,0.06
SARA,2019-11-08 07:05:00 EST,44.70758,-73.67115,1029,20.5,20.5,12.4,79.0,15.0,0.000,0.013,0.00,0.000,5.3,11.7,2.0,295,20,6.1,13.3,2.4,297,19,6.1,13.3,2.4,297,19,10,28.94,-0.1,0,0,0,38.7,41.5,45.8,0.08,0.11,0.06
SARA,2019-11-08 07:10:00 EST,44.70758,-73.67115,1029,20.5,20.6,12.4,79.0,15.1,0.000,0.013,0.00,0.000,5.6,9.9,2.0,302,22,6.1,10.7,2.2,303,18,6.1,10.7,2.2,303,18,29,28.94,-0.0,0,0,0,38.7,41.5,45.7,0.08,0.11,0.06
SARA,2019-11-08 07:15:00 EST,44.70758,-73.67115,1029,20.9,20.8,13.3,79.3,15.5,0.000,0.013,0.00,0.000,5.1,8.5,1.6,292,18,5.7,13.9,2.0,297,18,5.7,13.9,2.0,297,18,26,28.94,-0.1,0,0,0,38.7,41.5,45.7,0.08,0.11,0.06
SARA,2019-11-08 07:20:00 EST,44.70758,-73.67115,1029,20.8,20.8,12.0,79.5,15.5,0.000,0.013,0.00,0.000,6.2,10.0,2.0,296,23,7.0,13.0,2.3,301,23,7.0,13.0,2.3,301,23,29,28.94,-0.1,0,0,0,38.7,41.5,45.7,0.08,0.11,0.06
SARA,2019-11-08 07:25:00 EST,44.70758,-73.67115,1029,21.0,20.9,12.7,77.9,15.2,0.000,0.013,0.00,0.000,5.6,11.1,1.9,288,19,6.5,13.5,2.1,292,17,6.5,13.5,2.1,292,17,56,28.95,-0.1,0,0,0,38.7,41.5,45.7,0.08,0.11,0.06
SARA,2019-11-08 07:30:00 EST,44.70758,-73.67115,1029,21.2,21.1,13.0,77.5,15.3,0.000,0.013,0.00,0.000,5.7,12.4,2.6,299,21,6.4,14.0,2.8,301,22,6.4,14.0,2.8,301,22,72,28.95,-0.1,0,0,0,38.7,41.5,45.7,0.08,0.11,0.06
SARA,2019-11-08 07:35:00 EST,44.70758,-73.67115,1029,21.5,21.3,14.0,76.5,15.2,0.000,0.013,0.00,0.000,5.0,8.8,1.5,297,25,5.7,11.0,1.8,302,20,5.7,11.0,1.8,302,20,79,28.95,-0.1,0,0,0,38.7,41.5,45.7,0.08,0.11,0.06
SARA,2019-11-08 07:40:00 EST,44.70758,-73.67115,1029,21.6,21.4,13.8,76.5,15.4,0.000,0.013,0.00,0.000,5.4,11.3,2.6,300,22,6.1,13.8,2.7,305,21,6.1,13.8,2.7,305,21,59,28.95,-0.1,0,0,0,38.6,41.5,45.7,0.08,0.11,0.06
SARA,2019-11-08 07:45:00 EST,44.70758,-73.67115,1029,21.8,21.6,12.3,75.0,15.1,0.000,0.013,0.00,0.000,7.1,15.8,3.5,297,22,8.2,18.7,3.7,298,20,8.2,18.7,3.7,298,20,88,28.95,0.0,0,0,0,38.7,41.5,45.7,0.08,0.11,0.06
SARA,2019-11-08 07:50:00 EST,44.70758,-73.67115,1029,22.0,21.8,13.1,74.4,15.2,0.000,0.013,0.00,0.000,6.8,14.5,2.5,303,25,7.5,16.0,2.8,307,24,7.5,16.0,2.8,307,24,86,28.96,0.1,0,0,0,38.7,41.5,45.7,0.08,0.11,0.06
SARA,2019-11-08 07:55:00 EST,44.70758,-73.67115,1029,22.2,21.9,13.8,74.5,15.3,0.000,0.013,0.00,0.000,6.4,12.9,2.5,294,26,6.9,17.4,3.0,296,21,6.9,17.4,3.0,296,21,108,28.96,0.1,0,0,0,38.6,41.5,45.7,0.08,0.11,0.06
SARA,2019-11-08 08:00:00 EST,44.70758,-73.67115,1029,22.5,22.1,14.3,74.2,15.5,0.000,0.013,0.00,0.000,5.6,11.4,2.7,282,24,6.7,13.9,3.1,285,20,6.7,13.9,3.1,285,20,120,28.96,0.1,0,0,0,38.5,41.5,45.7,0.08,0.11,0.06
SARA,2019-11-08 08:05:00 EST,44.70758,-73.67115,1029,22.6,22.2,13.2,73.1,15.3,0.000,0.013,0.00,0.000,7.2,16.1,3.0,288,25,8.2,18.6,3.6,292,22,8.2,18.6,3.6,292,22,116,28.96,0.1,0,0,0,38.6,41.5,45.7,0.08,0.11,0.06
SARA,2019-11-08 08:10:00 EST,44.70758,-73.67115,1029,22.6,22.2,13.1,72.4,15.1,0.000,0.013,0.00,0.000,7.8,13.2,2.3,297,18,8.4,16.0,2.4,301,18,8.4,16.0,2.4,301,18,120,28.96,0.1,0,0,0,38.6,41.5,45.7,0.08,0.11,0.06
SARA,2019-11-08 08:15:00 EST,44.70758,-73.67115,1029,22.6,22.2,12.8,72.0,14.9,0.000,0.013,0.00,0.000,7.5,14.4,3.0,300,29,8.8,19.2,3.4,300,25,8.8,19.2,3.4,300,25,120,28.96,0.1,0,0,0,38.5,41.4,45.7,0.08,0.11,0.06
SARA,2019-11-08 08:20:00 EST,44.70758,-73.67115,1029,22.5,22.1,12.6,71.8,14.8,0.000,0.013,0.00,0.000,8.2,19.6,3.8,299,24,9.1,21.3,4.2,302,21,9.1,21.3,4.2,302,21,124,28.96,0.1,0,0,0,38.5,41.5,45.7,0.08,0.11,0.06
SARA,2019-11-08 08:25:00 EST,44.70758,-73.67115,1029,22.4,22.0,11.8,71.1,14.5,0.000,0.013,0.00,0.000,9.4,17.8,3.2,303,22,10.1,18.6,3.6,306,20,10.1,18.6,3.6,306,20,130,28.97,0.0,0,0,0,38.5,41.4,45.7,0.08,0.11,0.06
SARA,2019-11-08 08:30:00 EST,44.70758,-73.67115,1029,22.3,21.9,11.8,71.5,14.5,0.000,0.013,0.00,0.000,8.6,18.0,3.1,305,25,9.9,18.4,3.2,307,21,9.9,18.4,3.2,307,21,136,28.97,0.1,0,0,0,38.5,41.4,45.7,0.08,0.11,0.06
SARA,2019-11-08 08:35:00 EST,44.70758,-73.67115,1029,22.4,22.0,12.9,72.1,14.8,0.000,0.013,0.00,0.000,7.3,15.6,3.0,302,23,8.4,15.8,3.0,307,21,8.4,15.8,3.0,307,21,142,28.97,0.0,0,0,0,38.5,41.4,45.7,0.08,0.11,0.06
SARA,2019-11-08 08:40:00 EST,44.70758,-73.67115,1029,22.5,22.1,12.4,72.3,14.9,0.000,0.013,0.00,0.000,8.2,15.3,2.9,304,23,9.2,16.3,2.9,310,23,9.2,16.3,2.9,310,23,144,28.97,0.1,0,0,0,38.5,41.4,45.7,0.08,0.11,0.06
SARA,2019-11-08 08:45:00 EST,44.70758,-73.67115,1029,22.8,22.3,13.5,71.5,15.0,0.000,0.013,0.00,0.000,7.2,12.2,2.8,304,27,8.2,13.8,2.8,308,25,8.2,13.8,2.8,308,25,143,28.97,0.0,0,0,0,38.5,41.4,45.7,0.08,0.11,0.06
SARA,2019-11-08 08:50:00 EST,44.70758,-73.67115,1029,22.9,22.3,14.0,72.0,15.2,0.000,0.013,0.00,0.000,6.7,13.7,2.8,300,23,7.7,14.9,3.1,302,23,7.7,14.9,3.1,302,23,160,28.97,0.1,0,0,0,38.5,41.4,45.7,0.08,0.11,0.06
SARA,2019-11-08 08:55:00 EST,44.70758,-73.67115,1029,23.0,22.4,12.5,70.9,15.0,0.000,0.013,0.00,0.000,8.9,16.7,3.1,290,23,10.0,21.7,3.6,295,20,10.0,21.7,3.6,295,20,144,28.97,0.0,0,0,0,38.5,41.4,45.7,0.08,0.11,0.06
SARA,2019-11-08 09:00:00 EST,44.70758,-73.67115,1029,22.6,22.1,11.4,69.8,14.2,0.000,0.013,0.00,0.000,10.0,19.1,3.5,295,21,11.1,23.0,4.1,298,20,11.1,23.0,4.1,298,20,175,28.97,0.1,0,0,0,38.5,41.4,45.7,0.08,0.11,0.06
SARA,2019-11-08 09:05:00 EST,44.70758,-73.67115,1029,22.9,22.3,12.8,70.6,14.8,0.000,0.013,0.00,0.000,8.1,16.0,3.1,282,22,9.3,18.8,3.4,285,22,9.3,18.8,3.4,285,22,173,28.97,0.0,0,0,0,38.5,41.4,45.7,0.08,0.11,0.06
SARA,2019-11-08 09:10:00 EST,44.70758,-73.67115,1029,22.8,22.2,13.0,70.0,14.5,0.000,0.013,0.00,0.000,7.7,15.1,3.1,295,26,8.8,22.2,3.8,298,23,8.8,22.2,3.8,298,23,176,28.97,0.1,0,0,0,38.5,41.4,45.7,0.08,0.11,0.06
SARA,2019-11-08 09:15:00 EST,44.70758,-73.67115,1029,22.9,22.2,12.8,70.1,14.6,0.000,0.013,0.00,0.000,8.7,18.1,4.0,299,20,9.5,19.2,4.4,304,20,9.5,19.2,4.4,304,20,184,28.97,0.1,0,0,0,38.5,41.4,45.7,0.08,0.11,0.06
SARA,2019-11-08 09:20:00 EST,44.70758,-73.67115,1029,23.1,22.4,15.2,70.8,15.0,0.000,0.013,0.00,0.000,5.6,10.7,2.1,287,25,6.5,13.4,2.7,291,23,6.5,13.4,2.7,291,23,198,28.97,0.2,0,0,0,38.5,41.4,45.7,0.08,0.11,0.06
SARA,2019-11-08 09:25:00 EST,44.70758,-73.67115,1029,23.7,22.8,15.1,71.1,15.7,0.000,0.013,0.00,0.000,6.1,19.0,3.6,284,26,7.4,23.6,4.1,292,25,7.4,23.6,4.1,292,25,221,28.97,0.1,0,0,0,38.5,41.4,45.7,0.08,0.11,0.06
SARA,2019-11-08 09:30:00 EST,44.70758,-73.67115,1029,23.1,22.4,12.0,70.4,14.9,0.000,0.013,0.00,0.000,9.9,17.9,3.3,285,20,11.1,19.8,3.5,288,18,11.1,19.8,3.5,288,18,190,28.98,0.1,0,0,0,38.5,41.4,45.7,0.08,0.11,0.06
SARA,2019-11-08 09:35:00 EST,44.70758,-73.67115,1029,22.9,22.3,13.4,72.9,15.5,0.000,0.013,0.00,0.000,7.9,16.0,3.0,289,25,8.6,18.6,3.2,293,21,8.6,18.6,3.2,293,21,110,28.98,0.1,0,0,0,38.5,41.4,45.7,0.08,0.11,0.06
SARA,2019-11-08 09:40:00 EST,44.70758,-73.67115,1029,22.3,21.8,13.9,74.7,15.5,0.000,0.013,0.00,0.000,6.2,13.3,2.6,288,27,6.9,14.9,2.6,293,25,6.9,14.9,2.6,293,25,79,28.98,0.2,0,0,0,38.5,41.4,45.7,0.08,0.11,0.06
SARA,2019-11-08 09:45:00 EST,44.70758,-73.67115,1029,22.1,21.6,12.5,76.7,15.9,0.000,0.013,0.00,0.000,7.5,17.0,3.0,287,29,8.4,18.0,3.3,290,26,8.4,18.0,3.3,290,26,89,28.98,0.2,0,0,0,38.6,41.4,45.7,0.08,0.11,0.06
SARA,2019-11-08 09:50:00 EST,44.70758,-73.67115,1029,22.1,21.6,12.4,75.7,15.6,0.000,0.013,0.00,0.000,7.5,13.7,2.8,291,20,8.5,17.4,3.1,293,17,8.5,17.4,3.1,293,17,128,28.98,0.2,0,0,0,38.5,41.4,45.7,0.08,0.11,0.06
SARA,2019-11-08 09:55:00 EST,44.70758,-73.67115,1029,22.1,21.7,11.6,75.4,15.5,0.000,0.013,0.00,0.000,8.7,18.2,4.0,288,20,9.7,18.5,4.3,291,17,9.7,18.5,4.3,291,17,105,28.98,0.3,0,0,0,38.5,41.4,45.7,0.08,0.11,0.06
SARA,2019-11-08 10:00:00 EST,44.70758,-73.67115,1029,22.4,21.9,13.3,76.5,16.1,0.000,0.013,0.00,0.000,6.4,14.3,2.5,290,25,7.8,14.4,2.5,294,22,7.8,14.4,2.5,294,22,189,28.98,0.4,0,0,0,38.6,41.4,45.7,0.08,0.11,0.06
SARA,2019-11-08 10:05:00 EST,44.70758,-73.67115,1029,23.1,22.4,14.0,75.3,16.5,0.000,0.013,0.00,0.000,7.1,16.7,2.6,298,24,8.1,20.5,3.3,302,23,8.1,20.5,3.3,302,23,285,28.98,0.3,0,0,0,38.6,41.3,45.7,0.08,0.11,0.06
SARA,2019-11-08 10:10:00 EST,44.70758,-73.67115,1029,23.1,22.5,14.2,72.5,15.6,0.000,0.013,0.00,0.000,7.3,13.1,2.2,299,22,7.9,15.7,2.6,300,19,7.9,15.7,2.6,300,19,143,28.98,0.3,0,0,0,38.6,41.3,45.7,0.08,0.11,0.06
SARA,2019-11-08 10:15:00 EST,44.70758,-73.67115,1029,22.6,22.1,13.5,73.9,15.5,0.000,0.013,0.00,0.000,6.9,12.4,2.6,293,21,7.9,16.8,3.0,296,19,7.9,16.8,3.0,296,19,69,28.98,0.3,0,0,0,38.7,41.2,45.7,0.08,0.11,0.06
SARA,2019-11-08 10:20:00 EST,44.70758,-73.67115,1029,22.2,21.8,13.3,77.3,16.2,0.000,0.013,0.00,0.000,6.3,12.3,2.2,288,25,7.5,14.5,2.7,292,23,7.5,14.5,2.7,292,23,76,28.98,0.3,0,0,0,38.7,41.3,45.6,0.08,0.11,0.06
SARA,2019-11-08 10:25:00 EST,44.70758,-73.67115,1029,22.2,21.7,14.7,78.0,16.4,0.000,0.013,0.00,0.000,5.1,12.3,2.6,293,26,5.9,15.4,2.6,297,22,5.9,15.4,2.6,297,22,125,28.98,0.3,0,0,0,38.7,41.2,45.7,0.08,0.11,0.06
SARA,2019-11-08 10:30:00 EST,44.70758,-73.67115,1029,22.9,22.3,14.1,75.2,16.2,0.000,0.013,0.00,0.000,6.4,15.3,3.6,284,23,7.5,16.2,3.9,290,23,7.5,16.2,3.9,290,23,271,28.98,0.3,0,0,0,38.7,41.2,45.7,0.08,0.11,0.06
SARA,2019-11-08 10:35:00 EST,44.70758,-73.67115,1029,23.7,22.8,14.2,72.5,16.1,0.000,0.013,0.00,0.000,7.4,15.9,3.3,283,25,8.7,20.7,3.9,288,23,8.7,20.7,3.9,288,23,320,28.98,0.3,0,0,0,38.7,41.2,45.7,0.08,0.11,0.06
SARA,2019-11-08 10:40:00 EST,44.70758,-73.67115,1029,24.1,23.3,14.7,70.3,15.8,0.000,0.013,0.00,0.000,7.9,16.7,3.6,291,22,8.8,17.8,3.8,294,20,8.8,17.8,3.8,294,20,340,28.99,0.3,0,0,0,38.7,41.2,45.6,0.08,0.11,0.06
SARA,2019-11-08 10:45:00 EST,44.70758,-73.67115,1029,24.2,23.4,15.0,70.5,16.0,0.000,0.013,0.00,0.000,7.2,13.2,3.0,280,26,8.5,15.8,3.5,284,24,8.5,15.8,3.5,284,24,286,28.98,0.3,0,0,0,38.7,41.2,45.6,0.08,0.11,0.06
SARA,2019-11-08 10:50:00 EST,44.70758,-73.67115,1029,24.5,23.7,16.4,70.0,16.1,0.000,0.013,0.00,0.000,5.9,12.7,2.9,288,27,7.1,16.6,3.3,293,24,7.1,16.6,3.3,293,24,378,28.98,0.3,0,0,0,38.7,41.2,45.6,0.08,0.11,0.06
SARA,2019-11-08 10:55:00 EST,44.70758,-73.67115,1029,24.6,23.6,14.8,67.3,15.3,0.000,0.013,0.00,0.000,8.5,16.7,3.2,298,22,9.6,19.2,3.4,302,21,9.6,19.2,3.4,302,21,417,28.98,0.3,0,0,0,38.7,41.2,45.6,0.08,0.11,0.06
SARA,2019-11-08 11:00:00 EST,44.70758,-73.67115,1029,25.0,24.1,15.9,67.6,15.7,0.000,0.013,0.00,0.000,7.5,13.6,2.6,297,22,8.5,16.1,3.2,300,22,8.5,16.1,3.2,300,22,412,28.98,0.4,0,0,0,38.7,41.2,45.6,0.08,0.11,0.06
SARA,2019-11-08 11:05:00 EST,44.70758,-73.67115,1029,25.1,24.1,16.2,67.1,15.7,0.000,0.013,0.00,0.000,6.9,14.7,3.2,283,30,8.3,17.9,3.6,288,27,8.3,17.9,3.6,288,27,427,28.98,0.4,0,0,0,38.7,41.2,45.5,0.08,0.11,0.06
SARA,2019-11-08 11:10:00 EST,44.70758,-73.67115,1029,25.0,24.0,16.2,67.8,15.8,0.000,0.013,0.00,0.000,7.0,17.3,3.4,288,25,8.2,19.2,3.9,294,21,8.2,19.2,3.9,294,21,454,28.98,0.4,0,0,0,38.7,41.2,45.6,0.09,0.11,0.06
SARA,2019-11-08 11:15:00 EST,44.70758,-73.67115,1029,25.2,24.2,16.9,67.2,15.8,0.000,0.013,0.00,0.000,6.4,16.2,3.5,289,27,7.5,18.1,3.8,294,26,7.5,18.1,3.8,294,26,432,28.98,0.3,0,0,0,38.7,41.2,45.5,0.09,0.11,0.06
SARA,2019-11-08 11:20:00 EST,44.70758,-73.67115,1029,24.8,24.0,14.9,67.3,15.5,0.000,0.013,0.00,0.000,8.7,17.6,3.6,290,23,9.8,21.3,4.1,295,21,9.8,21.3,4.1,295,21,480,28.98,0.4,0,0,0,38.7,41.2,45.5,0.08,0.11,0.06
SARA,2019-11-08 11:25:00 EST,44.70758,-73.67115,1029,25.5,24.5,16.8,67.0,16.1,0.000,0.013,0.00,0.000,7.3,17.0,3.5,299,24,8.2,18.8,3.4,301,22,8.2,18.8,3.4,301,22,563,28.98,0.2,0,0,0,38.7,41.2,45.5,0.08,0.11,0.06
SARA,2019-11-08 11:30:00 EST,44.70758,-73.67115,1029,25.8,24.7,16.3,65.4,15.8,0.000,0.013,0.00,0.000,8.2,20.4,3.9,283,26,9.5,21.2,4.1,287,21,9.5,21.2,4.1,287,21,527,28.98,0.1,0,0,0,38.8,41.2,45.5,0.08,0.11,0.06
SARA,2019-11-08 11:35:00 EST,44.70758,-73.67115,1029,25.4,24.2,14.7,66.6,15.8,0.000,0.013,0.00,0.000,10.2,22.7,4.3,289,23,11.4,22.4,4.5,295,22,11.4,22.4,4.5,295,22,516,28.98,0.4,0,0,0,38.8,41.2,45.5,0.08,0.11,0.06
SARA,2019-11-08 11:40:00 EST,44.70758,-73.67115,1029,25.2,24.2,15.8,67.7,16.0,0.000,0.013,0.00,0.000,8.0,17.1,3.5,285,26,9.1,19.5,3.9,287,25,9.1,19.5,3.9,287,25,527,28.98,0.4,0,0,0,38.8,41.2,45.5,0.08,0.11,0.06
SARA,2019-11-08 11:45:00 EST,44.70758,-73.67115,1029,25.2,24.2,15.4,67.2,15.8,0.000,0.013,0.00,0.000,8.5,19.0,4.0,300,24,9.8,21.0,4.2,303,22,9.8,21.0,4.2,303,22,437,28.98,0.3,0,0,0,38.8,41.2,45.5,0.08,0.11,0.06
SARA,2019-11-08 11:50:00 EST,44.70758,-73.67115,1029,24.7,23.7,14.9,67.4,15.4,0.000,0.013,0.00,0.000,8.6,17.6,3.6,296,26,9.6,21.1,3.9,299,23,9.6,21.1,3.9,299,23,466,28.98,0.3,0,0,0,38.8,41.2,45.5,0.08,0.11,0.06
SARA,2019-11-08 11:55:00 EST,44.70758,-73.67115,1029,25.0,24.0,14.9,67.1,15.6,0.000,0.013,0.00,0.000,9.2,18.2,3.8,305,28,10.1,21.2,4.0,308,21,10.1,21.2,4.0,308,21,542,28.98,0.4,0,0,0,38.8,41.2,45.5,0.08,0.11,0.06
SARA,2019-11-08 12:00:00 EST,44.70758,-73.67115,1029,24.8,23.9,14.4,67.0,15.3,0.000,0.013,0.00,0.000,9.9,17.4,3.2,309,22,10.6,19.4,3.4,312,21,10.6,19.4,3.4,312,21,406,28.98,0.2,0,0,0,38.8,41.2,45.5,0.08,0.11,0.06
SARA,2019-11-08 12:05:00 EST,44.70758,-73.67115,1029,25.1,24.2,16.4,67.0,15.7,0.000,0.013,0.00,0.000,7.3,13.2,2.8,297,25,8.1,15.8,2.8,303,22,8.1,15.8,2.8,303,22,480,28.98,0.4,0,0,0,38.9,41.2,45.5,0.08,0.11,0.06
SARA,2019-11-08 12:10:00 EST,44.70758,-73.67115,1029,25.3,24.2,16.4,66.9,15.9,0.000,0.013,0.00,0.000,7.5,16.6,3.2,296,30,8.5,15.4,3.0,304,27,8.5,15.4,3.0,304,27,566,28.98,0.3,0,0,0,39.0,41.2,45.5,0.08,0.11,0.06
SARA,2019-11-08 12:15:00 EST,44.70758,-73.67115,1029,26.2,24.8,17.4,67.4,16.9,0.000,0.013,0.00,0.000,7.2,15.0,3.5,283,27,8.5,19.9,4.0,286,25,8.5,19.9,4.0,286,25,558,28.98,0.3,0,0,0,39.0,41.2,45.5,0.08,0.11,0.06
SARA,2019-11-08 12:20:00 EST,44.70758,-73.67115,1029,25.7,24.7,15.6,65.3,15.7,0.000,0.013,0.00,0.000,9.5,19.6,3.2,308,25,10.7,20.4,3.2,312,22,10.7,20.4,3.2,312,22,379,28.98,0.2,0,0,0,39.0,41.2,45.5,0.08,0.11,0.06
SARA,2019-11-08 12:25:00 EST,44.70758,-73.67115,1029,25.3,24.3,15.6,66.0,15.5,0.000,0.013,0.00,0.000,8.5,18.3,3.5,290,26,9.8,19.6,4.0,297,25,9.8,19.6,4.0,297,25,533,28.98,0.3,0,0,0,39.0,41.2,45.5,0.08,0.11,0.06
SARA,2019-11-08 12:30:00 EST,44.70758,-73.67115,1029,25.2,24.3,14.6,65.3,15.2,0.000,0.013,0.00,0.000,10.0,18.5,3.6,297,23,11.4,21.0,3.8,300,20,11.4,21.0,3.8,300,20,493,28.98,0.2,0,0,0,39.0,41.2,45.5,0.08,0.11,0.06
SARA,2019-11-08 12:35:00 EST,44.70758,-73.67115,1029,25.2,24.3,15.3,65.4,15.2,0.000,0.013,0.00,0.000,8.8,16.2,2.8,307,22,10.0,20.0,3.1,311,22,10.0,20.0,3.1,311,22,484,28.98,0.2,0,0,0,39.0,41.2,45.5,0.08,0.11,0.06
SARA,2019-11-08 12:40:00 EST,44.70758,-73.67115,1029,24.8,24.0,14.0,64.7,14.6,0.000,0.013,0.00,0.000,10.6,20.9,3.5,310,24,11.4,23.6,3.4,315,21,11.4,23.6,3.4,315,21,416,28.98,0.3,0,0,0,39.0,41.2,45.5,0.08,0.11,0.06
SARA,2019-11-08 12:45:00 EST,44.70758,-73.67115,1029,25.3,24.4,15.7,65.9,15.5,0.000,0.013,0.00,0.000,8.6,18.9,4.2,299,25,9.6,20.9,4.2,302,23,9.6,20.9,4.2,302,23,383,28.98,0.3,0,0,0,39.1,41.2,45.5,0.08,0.11,0.06
SARA,2019-11-08 12:50:00 EST,44.70758,-73.67115,1029,24.6,23.9,14.6,66.3,14.9,0.000,0.013,0.00,0.000,8.8,19.0,3.3,296,25,9.8,24.9,3.8,301,24,9.8,24.9,3.8,301,24,216,28.98,0.2,0,0,0,39.2,41.2,45.5,0.08,0.11,0.06
SARA,2019-11-08 12:55:00 EST,44.70758,-73.67115,1029,24.4,23.8,14.0,66.7,14.9,0.000,0.013,0.00,0.000,9.4,19.7,3.7,294,21,10.5,23.4,4.1,300,20,10.5,23.4,4.1,300,20,259,28.99,0.2,0,0,0,39.2,41.2,45.5,0.08,0.11,0.06
SARA,2019-11-08 13:00:00 EST,44.70758,-73.67115,1029,24.4,23.8,15.0,67.2,15.1,0.000,0.013,0.00,0.000,7.9,15.7,3.5,294,25,9.0,18.6,3.7,298,21,9.0,18.6,3.7,298,21,207,28.99,0.1,0,0,0,39.2,41.2,45.5,0.08,0.11,0.06
SARA,2019-11-08 13:05:00 EST,44.70758,-73.67115,1029,24.3,23.7,15.8,67.5,15.1,0.000,0.013,0.00,0.000,6.7,13.2,2.5,299,22,7.6,15.2,2.7,302,19,7.6,15.2,2.7,302,19,188,28.99,0.1,0,0,0,39.2,41.2,45.5,0.08,0.11,0.06
SARA,2019-11-08 13:10:00 EST,44.70758,-73.67115,1029,24.6,24.0,15.4,67.8,15.4,0.000,0.013,0.00,0.000,7.4,12.6,2.4,289,23,8.6,15.8,2.9,293,23,8.6,15.8,2.9,293,23,231,28.98,-0.0,0,0,0,39.2,41.2,45.5,0.08,0.11,0.06
SARA,2019-11-08 13:15:00 EST,44.70758,-73.67115,1029,25.0,24.3,17.5,67.7,15.8,0.000,0.013,0.00,0.000,5.6,10.7,2.3,288,21,6.4,12.2,2.5,292,21,6.4,12.2,2.5,292,21,313,28.98,0.0,0,0,0,39.2,41.2,45.5,0.08,0.11,0.06
SARA,2019-11-08 13:20:00 EST,44.70758,-73.67115,1029,25.2,24.5,15.3,66.7,15.7,0.000,0.013,0.00,0.000,9.2,22.2,3.8,296,24,10.0,20.2,4.1,300,23,10.0,20.2,4.1,300,23,414,28.98,0.1,0,0,0,39.2,41.2,45.5,0.08,0.11,0.06
SARA,2019-11-08 13:25:00 EST,44.70758,-73.67115,1029,26.0,25.1,18.5,67.4,16.7,0.000,0.013,0.00,0.000,5.8,16.4,3.9,286,31,6.7,19.5,4.3,294,29,6.7,19.5,4.3,294,29,391,28.98,0.0,0,0,0,39.2,41.2,45.5,0.08,0.11,0.06
SARA,2019-11-08 13:30:00 EST,44.70758,-73.67115,1029,25.5,24.7,16.4,67.0,16.1,0.000,0.013,0.00,0.000,7.7,17.6,3.9,292,31,8.9,18.6,4.1,294,28,8.9,18.6,4.1,294,28,349,28.98,0.1,0,0,0,39.2,41.2,45.5,0.08,0.11,0.06
SARA,2019-11-08 13:35:00 EST,44.70758,-73.67115,1029,25.6,24.8,15.8,68.6,16.7,0.000,0.013,0.00,0.000,8.5,15.3,3.4,285,21,9.8,18.1,3.8,288,18,9.8,18.1,3.8,288,18,347,28.98,0.0,0,0,0,39.2,41.2,45.5,0.08,0.11,0.06
SARA,2019-11-08 13:40:00 EST,44.70758,-73.67115,1029,25.3,24.6,16.5,70.0,16.8,0.000,0.013,0.00,0.000,7.0,14.1,2.9,284,23,8.2,15.9,3.2,287,21,8.2,15.9,3.2,287,21,238,28.99,0.1,0,0,0,39.2,41.2,45.5,0.08,0.11,0.06
SARA,2019-11-08 13:45:00 EST,44.70758,-73.67115,1029,25.2,24.6,17.9,73.1,17.8,0.000,0.013,0.00,0.000,5.3,10.1,2.3,293,21,6.3,13.3,2.5,296,20,6.3,13.3,2.5,296,20,195,28.99,0.0,0,0,0,39.2,41.2,45.5,0.09,0.11,0.06
SARA,2019-11-08 13:50:00 EST,44.70758,-73.67115,1029,24.8,24.3,16.1,73.4,17.5,0.000,0.013,0.00,0.000,6.8,14.3,3.0,285,30,8.1,18.3,3.4,291,28,8.1,18.3,3.4,291,28,140,28.99,0.1,0,0,0,39.2,41.2,45.5,0.08,0.11,0.06
SARA,2019-11-08 13:55:00 EST,44.70758,-73.67115,1029,24.7,24.2,15.8,72.6,17.2,0.000,0.013,0.00,0.000,7.4,14.5,3.0,286,24,8.3,18.2,3.4,291,23,8.3,18.2,3.4,291,23,119,28.99,0.0,0,0,0,39.2,41.2,45.5,0.09,0.11,0.06
SARA,2019-11-08 14:00:00 EST,44.70758,-73.67115,1029,24.6,24.1,16.7,73.0,17.2,0.000,0.013,0.00,0.000,5.9,14.6,3.1,290,26,6.9,16.7,3.6,292,23,6.9,16.7,3.6,292,23,122,28.99,-0.1,0,0,0,39.2,41.2,45.5,0.08,0.11,0.06
SARA,2019-11-08 14:05:00 EST,44.70758,-73.67115,1029,24.6,24.0,16.4,74.6,17.7,0.000,0.013,0.00,0.000,6.1,11.3,2.2,277,28,7.2,14.9,2.6,281,24,7.2,14.9,2.6,281,24,109,28.99,-0.1,0,0,0,39.2,41.2,45.5,0.08,0.11,0.06
SARA,2019-11-08 14:10:00 EST,44.70758,-73.67115,1029,24.3,23.8,15.2,75.5,17.7,0.000,0.013,0.00,0.000,7.3,16.6,2.7,283,28,8.4,18.6,3.3,288,25,8.4,18.6,3.3,288,25,90,28.99,-0.0,0,0,0,39.2,41.2,45.5,0.08,0.11,0.06
SARA,2019-11-08 14:15:00 EST,44.70758,-73.67115,1029,24.1,23.6,15.1,76.6,17.8,0.000,0.013,0.00,0.000,7.0,13.1,2.5,284,22,8.1,15.2,2.9,286,19,8.1,15.2,2.9,286,19,74,28.99,-0.1,0,0,0,39.2,41.2,45.5,0.08,0.11,0.06
SARA,2019-11-08 14:20:00 EST,44.70758,-73.67115,1029,23.8,23.4,15.8,78.3,18.1,0.000,0.013,0.00,0.000,5.7,11.2,2.4,285,33,6.8,14.1,2.7,289,29,6.8,14.1,2.7,289,29,26,28.99,-0.1,0,0,0,39.2,41.2,45.5,0.08,0.11,0.06
SARA,2019-11-08 14:25:00 EST,44.70758,-73.67115,1029,23.2,22.9,15.1,83.3,18.9,0.000,0.013,0.00,0.000,5.8,15.6,2.5,290,27,6.9,15.5,2.7,293,26,6.9,15.5,2.7,293,26,66,28.99,-0.0,0,0,0,39.2,41.2,45.5,0.08,0.11,0.06
SARA,2019-11-08 14:30:00 EST,44.70758,-73.67115,1029,23.4,22.9,16.5,86.3,19.9,0.008,0.021,0.00,0.008,4.7,10.3,1.8,280,29,5.4,11.2,2.0,286,26,5.4,11.2,2.0,286,26,136,28.99,0.1,0,0,0,39.2,41.2,45.5,0.08,0.11,0.06
SARA,2019-11-08 14:35:00 EST,44.70758,-73.67115,1029,24.0,23.6,17.3,83.5,19.8,0.000,0.021,0.00,0.008,4.8,12.4,2.3,296,33,5.4,13.1,2.4,296,31,5.4,13.1,2.4,296,31,151,28.99,0.1,0,0,0,39.2,41.2,45.5,0.08,0.11,0.06
SARA,2019-11-08 14:40:00 EST,44.70758,-73.67115,1029,24.4,24.0,16.4,77.8,18.4,0.001,0.022,0.00,0.009,6.0,13.2,2.6,285,28,6.9,14.3,2.8,289,28,6.9,14.3,2.8,289,28,154,28.99,0.2,0,0,0,39.2,41.2,45.5,0.08,0.11,0.06
SARA,2019-11-08 14:45:00 EST,44.70758,-73.67115,1029,24.5,24.2,16.7,76.2,18.1,0.000,0.022,0.00,0.009,5.7,12.3,2.5,282,23,6.6,14.7,2.8,286,22,6.6,14.7,2.8,286,22,98,28.99,0.2,0,0,0,39.2,41.2,45.5,0.08,0.11,0.06
SARA,2019-11-08 14:50:00 EST,44.70758,-73.67115,1029,24.2,23.9,17.5,77.7,18.2,0.000,0.022,0.00,0.009,4.4,12.6,2.7,278,28,5.4,14.6,3.1,284,25,5.4,14.6,3.1,284,25,63,29.00,0.1,0,0,0,39.2,41.2,45.5,0.08,0.11,0.06
SARA,2019-11-08 14:55:00 EST,44.70758,-73.67115,1029,23.6,23.2,15.2,83.6,19.4,0.000,0.022,0.00,0.009,6.4,13.3,2.6,285,22,7.3,14.1,2.7,287,20,7.3,14.1,2.7,287,20,69,29.00,0.1,0,0,0,39.2,41.2,45.5,0.08,0.11,0.06
SARA,2019-11-08 15:00:00 EST,44.70758,-73.67115,1029,23.4,23.0,18.2,87.2,20.2,0.006,0.028,0.00,0.015,3.2,7.4,1.8,266,31,4.0,9.9,2.1,269,29,4.0,9.9,2.1,269,29,49,29.00,0.1,0,0,0,39.2,41.2,45.5,0.08,0.11,0.06
SARA,2019-11-08 15:05:00 EST,44.70758,-73.67115,1029,23.6,23.2,19.2,87.5,20.4,0.002,0.030,0.00,0.017,2.7,9.2,1.7,280,25,3.4,10.4,2.0,284,26,3.4,10.4,2.0,284,26,44,29.00,0.1,0,0,0,39.2,41.2,45.5,0.09,0.11,0.06
SARA,2019-11-08 15:10:00 EST,44.70758,-73.67115,1029,23.5,23.1,18.5,87.6,20.3,0.001,0.031,0.00,0.018,3.2,9.1,1.7,273,28,3.8,11.0,2.0,279,27,3.8,11.0,2.0,279,27,44,29.00,-0.0,0,0,0,39.2,41.2,45.5,0.09,0.11,0.06
SARA,2019-11-08 15:15:00 EST,44.70758,-73.67115,1029,23.6,23.3,17.5,86.6,20.2,0.000,0.031,0.00,0.018,4.1,8.8,1.6,282,29,4.8,10.5,2.0,284,28,4.8,10.5,2.0,284,28,29,29.01,-0.1,0,0,0,39.2,41.2,45.5,0.09,0.11,0.06
SARA,2019-11-08 15:20:00 EST,44.70758,-73.67115,1029,23.8,23.5,18.3,84.5,19.8,0.000,0.031,0.00,0.018,3.6,6.9,1.4,264,29,4.2,8.7,1.9,272,28,4.2,8.7,1.9,272,28,43,29.01,0.2,0,0,0,39.2,41.2,45.5,0.08,0.11,0.06
SARA,2019-11-08 15:25:00 EST,44.70758,-73.67115,1029,23.9,23.6,17.2,84.0,19.8,0.000,0.031,0.00,0.018,4.6,7.7,1.5,278,24,5.4,14.4,2.0,282,22,5.4,14.4,2.0,282,22,48,29.01,0.0,0,0,0,39.2,41.2,45.5,0.08,0.11,0.06
SARA,2019-11-08 15:30:00 EST,44.70758,-73.67115,1029,24.1,23.9,15.4,81.1,19.1,0.000,0.031,0.00,0.010,6.6,12.3,2.5,294,23,7.6,14.2,2.7,298,23,7.6,14.2,2.7,298,23,41,29.01,0.1,0,0,0,39.2,41.2,45.4,0.08,0.11,0.06
SARA,2019-11-08 15:35:00 EST,44.70758,-73.67115,1029,24.1,24.0,16.8,78.5,18.4,0.000,0.031,0.00,0.010,5.3,9.7,2.3,295,26,6.1,12.7,2.7,298,24,6.1,12.7,2.7,298,24,53,29.01,0.2,0,0,0,39.2,41.2,45.4,0.08,0.11,0.06
SARA,2019-11-08 15:40:00 EST,44.70758,-73.67115,1029,24.2,24.1,16.5,77.1,18.0,0.000,0.031,0.00,0.009,5.6,13.4,2.4,291,21,6.5,16.3,2.7,295,22,6.5,16.3,2.7,295,22,43,29.01,0.1,0,0,0,39.2,41.2,45.4,0.08,0.11,0.06
SARA,2019-11-08 15:45:00 EST,44.70758,-73.67115,1029,24.0,24.0,14.8,75.8,17.5,0.000,0.031,0.00,0.009,7.5,17.7,2.9,281,28,8.5,19.2,3.4,287,27,8.5,19.2,3.4,287,27,33,29.01,0.1,0,0,0,39.2,41.2,45.4,0.08,0.11,0.06
SARA,2019-11-08 15:50:00 EST,44.70758,-73.67115,1029,23.8,23.8,15.3,76.0,17.3,0.000,0.031,0.00,0.009,6.2,14.2,2.5,278,23,7.3,15.0,2.9,282,20,7.3,15.0,2.9,282,20,29,29.01,0.1,0,0,0,39.2,41.2,45.4,0.08,0.11,0.06
SARA,2019-11-08 15:55:00 EST,44.70758,-73.67115,1029,23.8,23.8,13.7,75.3,17.1,0.000,0.031,0.00,0.009,8.5,15.3,3.3,283,23,9.7,17.2,3.7,289,20,9.7,17.2,3.7,289,20,26,29.01,0.1,0,0,0,39.2,41.2,45.4,0.08,0.11,0.06
SARA,2019-11-08 16:00:00 EST,44.70758,-73.67115,1029,23.7,23.7,15.1,75.0,16.9,0.000,0.031,0.00,0.004,6.3,14.6,2.7,281,25,7.5,17.3,3.2,283,21,7.5,17.3,3.2,283,21,22,29.01,0.1,0,0,0,39.2,41.2,45.4,0.08,0.11,0.06
SARA,2019-11-08 16:05:00 EST,44.70758,-73.67115,1029,23.6,23.7,16.2,75.4,17.0,0.000,0.031,0.00,0.001,5.2,14.0,2.4,288,26,6.1,16.2,2.9,293,23,6.1,16.2,2.9,293,23,20,29.01,0.1,0,0,0,39.2,41.2,45.4,0.08,0.11,0.06
SARA,2019-11-08 16:10:00 EST,44.70758,-73.67115,1029,23.6,23.7,16.1,75.6,17.0,0.000,0.031,0.00,0.000,5.2,9.3,1.8,282,24,6.2,10.7,2.2,285,23,6.2,10.7,2.2,285,23,17,29.01,0.2,0,0,0,39.2,41.2,45.3,0.08,0.11,0.06
SARA,2019-11-08 16:15:00 EST,44.70758,-73.67115,1029,23.7,23.8,15.8,74.9,17.0,0.000,0.031,0.00,0.000,5.7,10.9,2.7,283,24,6.7,14.4,3.2,287,21,6.7,14.4,3.2,287,21,15,29.02,0.1,0,0,0,39.2,41.2,45.4,0.08,0.11,0.06
SARA,2019-11-08 16:20:00 EST,44.70758,-73.67115,1029,23.5,23.7,16.2,76.0,17.0,0.000,0.031,0.00,0.000,5.1,12.0,2.2,284,29,5.8,11.7,2.3,290,27,5.8,11.7,2.3,290,27,12,29.02,0.2,0,0,0,39.2,41.2,45.3,0.08,0.11,0.06
SARA,2019-11-08 16:25:00 EST,44.70758,-73.67115,1029,23.4,23.6,16.6,77.0,17.2,0.000,0.031,0.00,0.000,4.5,9.4,2.3,279,25,5.3,10.6,2.4,285,25,5.3,10.6,2.4,285,25,9,29.02,0.2,0,0,0,39.2,41.2,45.3,0.08,0.11,0.06
SARA,2019-11-08 16:30:00 EST,44.70758,-73.67115,1029,23.3,23.5,16.7,77.7,17.4,0.000,0.031,0.00,0.000,4.5,12.8,2.5,275,30,5.2,14.4,2.8,278,30,5.2,14.4,2.8,278,30,7,29.02,0.2,0,0,0,39.2,41.2,45.3,0.08,0.11,0.06
SARA,2019-11-08 16:35:00 EST,44.70758,-73.67115,1029,23.0,23.4,16.8,78.8,17.4,0.000,0.031,0.00,0.000,3.9,10.9,2.2,269,27,4.7,13.3,2.6,272,26,4.7,13.3,2.6,272,26,5,29.02,0.1,0,0,0,39.2,41.2,45.3,0.08,0.11,0.06
SARA,2019-11-08 16:40:00 EST,44.70758,-73.67115,1029,23.4,23.6,15.5,77.4,17.4,0.000,0.031,0.00,0.000,5.6,15.1,2.8,280,25,6.6,15.3,3.1,280,24,6.6,15.3,3.1,280,24,3,29.02,-0.0,0,0,0,39.2,41.2,45.3,0.08,0.11,0.06
SARA,2019-11-08 16:45:00 EST,44.70758,-73.67115,1029,23.3,23.5,16.8,77.1,17.2,0.000,0.031,0.00,0.000,4.4,9.9,2.1,293,24,5.1,10.4,2.0,297,22,5.1,10.4,2.0,297,22,2,29.02,0.0,0,0,0,39.2,41.2,45.3,0.08,0.11,0.06
SARA,2019-11-08 16:50:00 EST,44.70758,-73.67115,1029,23.1,23.4,16.3,78.2,17.4,0.000,0.031,0.00,0.000,4.8,12.8,2.2,296,30,5.4,14.6,2.3,301,30,5.4,14.6,2.3,301,30,1,29.02,-0.1,0,0,0,39.2,41.2,45.3,0.08,0.11,0.06
SARA,2019-11-08 16:55:00 EST,44.70758,-73.67115,1029,23.3,23.5,14.9,78.3,17.6,0.000,0.031,0.00,0.000,6.2,16.7,2.5,287,19,7.2,17.8,2.8,289,18,7.2,17.8,2.8,289,18,0,29.03,0.1,0,0,0,39.2,41.2,45.3,0.08,0.11,0.06
SARA,2019-11-08 17:00:00 EST,44.70758,-73.67115,1029,23.3,23.5,17.0,78.4,17.5,0.000,0.031,0.00,0.000,3.9,7.7,2.1,277,27,4.9,10.8,2.3,284,28,4.9,10.8,2.3,284,28,0,29.03,-0.1,0,0,0,39.2,41.2,45.3,0.08,0.11,0.06
SARA,2019-11-08 17:05:00 EST,44.70758,-73.67115,1029,23.2,23.4,16.6,78.2,17.4,0.000,0.031,0.00,0.000,4.4,9.9,2.0,281,26,5.1,12.1,2.3,286,26,5.1,12.1,2.3,286,26,0,29.03,-0.1,0,0,0,39.2,41.2,45.3,0.08,0.11,0.06
SARA,2019-11-08 17:10:00 EST,44.70758,-73.67115,1029,23.1,23.4,16.6,78.2,17.3,0.000,0.031,0.00,0.000,4.3,9.6,2.1,278,30,5.0,11.9,2.4,284,29,5.0,11.9,2.4,284,29,0,29.03,-0.1,0,0,0,39.2,41.2,45.3,0.08,0.11,0.06
SARA,2019-11-08 17:15:00 EST,44.70758,-73.67115,1029,23.1,23.3,17.3,78.1,17.3,0.000,0.031,0.00,0.000,3.9,8.2,1.5,279,27,4.4,10.7,1.8,284,27,4.4,10.7,1.8,284,27,0,29.03,-0.2,0,0,0,39.2,41.2,45.3,0.08,0.11,0.06
SARA,2019-11-08 17:20:00 EST,44.70758,-73.67115,1029,23.1,23.3,16.0,78.1,17.3,0.000,0.031,0.00,0.000,4.8,12.1,2.5,288,28,5.6,14.7,3.0,290,24,5.6,14.7,3.0,290,24,0,29.03,-0.0,0,0,0,39.2,41.2,45.3,0.08,0.11,0.06
SARA,2019-11-08 17:25:00 EST,44.70758,-73.67115,1029,23.0,23.3,16.7,78.2,17.3,0.000,0.031,0.00,0.000,4.0,8.7,2.1,283,28,4.8,13.0,2.4,285,26,4.8,13.0,2.4,285,26,0,29.03,-0.2,0,0,0,39.2,41.2,45.3,0.08,0.11,0.06
SARA,2019-11-08 17:30:00 EST,44.70758,-73.67115,1029,23.3,23.5,15.2,77.2,17.2,0.000,0.031,0.00,0.000,5.8,14.3,3.7,290,24,6.8,19.0,4.2,293,22,6.8,19.0,4.2,293,22,0,29.04,-0.0,0,0,0,39.2,41.2,45.3,0.08,0.11,0.06
SARA,2019-11-08 17:35:00 EST,44.70758,-73.67115,1029,23.1,23.4,15.8,77.2,17.0,0.000,0.031,0.00,0.000,5.0,14.0,2.2,277,25,5.9,16.7,2.5,279,22,5.9,16.7,2.5,279,22,0,29.04,-0.2,0,0,0,39.2,41.2,45.3,0.08,0.11,0.06
SARA,2019-11-08 17:40:00 EST,44.70758,-73.67115,1029,23.3,23.5,14.9,76.8,17.1,0.000,0.031,0.00,0.000,6.0,10.8,1.9,276,23,7.1,13.8,2.4,281,22,7.1,13.8,2.4,281,22,0,29.04,-0.2,0,0,0,39.2,41.2,45.3,0.08,0.11,0.06
SARA,2019-11-08 17:45:00 EST,44.70758,-73.67115,1029,23.2,23.3,17.0,76.9,17.0,0.000,0.031,0.00,0.000,3.8,9.1,1.9,285,34,4.8,11.0,2.2,284,32,4.8,11.0,2.2,284,32,0,29.04,-0.2,0,0,0,39.2,41.2,45.3,0.08,0.11,0.06
SARA,2019-11-08 17:50:00 EST,44.70758,-73.67115,1029,23.2,23.3,15.4,77.5,17.2,0.000,0.031,0.00,0.000,5.4,13.4,2.8,284,25,6.3,14.8,3.0,290,22,6.3,14.8,3.0,290,22,0,29.05,-0.1,0,0,0,39.2,41.2,45.3,0.08,0.11,0.06
SARA,2019-11-08 17:55:00 EST,44.70758,-73.67115,1029,22.9,23.4,17.4,77.5,17.0,0.000,0.031,0.00,0.000,3.6,7.9,1.6,285,26,4.2,9.8,1.9,288,25,4.2,9.8,1.9,288,25,0,29.05,-0.0,0,0,0,39.2,41.2,45.3,0.08,0.11,0.06
SARA,2019-11-08 18:00:00 EST,44.70758,-73.67115,1029,23.1,23.4,16.6,77.1,17.0,0.000,0.031,0.00,0.000,4.2,10.7,2.0,280,24,5.0,11.6,2.4,284,23,5.0,11.6,2.4,284,23,0,29.05,-0.2,0,0,0,39.2,41.2,45.3,0.08,0.11,0.06
SARA,2019-11-08 18:05:00 EST,44.70758,-73.67115,1029,23.2,23.5,17.3,76.4,16.9,0.000,0.031,0.00,0.000,3.8,11.4,2.5,279,24,4.5,12.9,2.7,284,24,4.5,12.9,2.7,284,24,0,29.05,-0.4,0,0,0,39.2,41.2,45.3,0.08,0.11,0.06
SARA,2019-11-08 18:10:00 EST,44.70758,-73.67115,1029,22.9,23.2,18.2,77.4,16.9,0.000,0.031,0.00,0.000,2.7,6.2,1.8,270,33,3.6,8.4,2.1,273,34,3.6,8.4,2.1,273,34,0,29.05,-0.2,0,0,0,39.2,41.2,45.3,0.08,0.11,0.06
SARA,2019-11-08 18:15:00 EST,44.70758,-73.67115,1029,22.7,23.1,18.5,78.7,17.1,0.000,0.031,0.00,0.000,2.7,5.7,1.3,269,31,3.2,6.7,1.4,275,31,3.2,6.7,1.4,275,31,0,29.05,0.0,0,0,0,39.2,41.2,45.3,0.08,0.11,0.06
SARA,2019-11-08 18:20:00 EST,44.70758,-73.67115,1029,22.4,23.0,16.5,79.5,17.0,0.000,0.031,0.00,0.000,3.7,8.3,1.8,271,24,4.4,10.9,2.2,276,23,4.4,10.9,2.2,276,23,0,29.06,-0.1,0,0,0,39.2,41.2,45.3,0.08,0.11,0.06
SARA,2019-11-08 18:25:00 EST,44.70758,-73.67115,1029,22.6,23.1,16.6,79.0,17.0,0.000,0.031,0.00,0.000,3.9,8.8,1.7,272,31,4.5,10.2,2.0,277,31,4.5,10.2,2.0,277,31,0,29.06,-0.3,0,0,0,39.1,41.2,45.3,0.08,0.11,0.06
SARA,2019-11-08 18:30:00 EST,44.70758,-73.67115,1029,22.7,23.1,16.5,79.2,17.2,0.000,0.031,0.00,0.000,3.9,11.7,2.1,267,33,4.6,14.4,2.8,270,31,4.6,14.4,2.8,270,31,0,29.06,-0.3,0,0,0,39.1,41.2,45.3,0.08,0.11,0.06
SARA,2019-11-08 18:35:00 EST,44.70758,-73.67115,1029,22.7,23.1,16.4,79.0,17.1,0.000,0.031,0.00,0.000,4.0,7.7,1.8,262,28,4.8,10.0,2.3,268,28,4.8,10.0,2.3,268,28,0,29.06,0.0,0,0,0,39.1,41.2,45.3,0.08,0.11,0.06
SARA,2019-11-08 18:40:00 EST,44.70758,-73.67115,1029,22.8,23.1,18.1,78.7,17.2,0.000,0.031,0.00,0.000,3.0,7.5,1.7,278,28,3.5,8.1,1.9,283,27,3.5,8.1,1.9,283,27,0,29.06,-0.2,0,0,0,39.0,41.2,45.3,0.08,0.11,0.06
SARA,2019-11-08 18:45:00 EST,44.70758,-73.67115,1029,22.7,23.1,17.2,79.2,17.3,0.000,0.031,0.00,0.000,3.4,6.9,1.8,263,28,4.1,8.6,2.0,268,27,4.1,8.6,2.0,268,27,0,29.06,-0.2,0,0,0,39.0,41.2,45.3,0.08,0.11,0.06
SARA,2019-11-08 18:50:00 EST,44.70758,-73.67115,1029,22.7,23.1,15.9,79.1,17.2,0.000,0.031,0.00,0.000,4.3,10.5,1.9,274,21,5.2,12.2,2.4,278,19,5.2,12.2,2.4,278,19,0,29.06,0.2,0,0,0,39.0,41.2,45.3,0.08,0.11,0.06
SARA,2019-11-08 18:55:00 EST,44.70758,-73.67115,1029,22.2,22.9,17.4,79.9,17.0,0.000,0.031,0.00,0.000,2.9,7.5,1.5,277,25,3.5,9.3,1.7,279,20,3.5,9.3,1.7,279,20,0,29.06,-0.3,0,0,0,39.0,41.2,45.3,0.08,0.11,0.06
SARA,2019-11-08 19:00:00 EST,44.70758,-73.67115,1029,21.8,22.8,21.8,81.0,16.9,0.000,0.031,0.00,0.000,1.9,5.8,1.3,272,23,2.3,6.3,1.4,277,23,2.3,6.3,1.4,277,23,0,29.06,-0.2,0,0,0,39.0,41.2,45.3,0.08,0.11,0.06
SARA,2019-11-08 19:05:00 EST,44.70758,-73.67115,1029,21.6,22.8,21.6,81.8,17.0,0.000,0.031,0.00,0.000,1.9,5.8,1.2,252,28,2.5,6.8,1.4,257,25,2.5,6.8,1.4,257,25,0,29.06,0.1,0,0,0,39.0,41.2,45.3,0.08,0.11,0.06
SARA,2019-11-08 19:10:00 EST,44.70758,-73.67115,1029,22.1,22.9,16.2,82.3,17.5,0.000,0.031,0.00,0.000,3.5,8.5,2.2,266,21,4.3,11.3,2.7,269,19,4.3,11.3,2.7,269,19,0,29.06,-0.0,0,0,0,39.0,41.2,45.3,0.08,0.11,0.06
SARA,2019-11-08 19:15:00 EST,44.70758,-73.67115,1029,22.3,22.8,22.3,80.5,17.2,0.000,0.031,0.00,0.000,2.1,6.5,1.6,270,20,2.6,7.9,1.9,277,22,2.6,7.9,1.9,277,22,0,29.06,-0.0,0,0,0,39.0,41.2,45.3,0.08,0.11,0.06
SARA,2019-11-08 19:20:00 EST,44.70758,-73.67115,1029,21.4,22.5,21.4,81.9,16.7,0.000,0.031,0.00,0.000,2.4,7.7,1.5,254,28,2.8,9.2,1.8,259,28,2.8,9.2,1.8,259,28,0,29.07,-0.1,0,0,0,39.0,41.2,45.3,0.08,0.11,0.06
SARA,2019-11-08 19:25:00 EST,44.70758,-73.67115,1029,21.9,22.7,21.9,82.7,17.4,0.000,0.031,0.00,0.000,1.9,5.0,0.8,260,32,2.3,5.0,0.9,265,31,2.3,5.0,0.9,265,31,0,29.07,0.2,0,0,0,39.0,41.2,45.3,0.08,0.11,0.06
SARA,2019-11-08 19:30:00 EST,44.70758,-73.67115,1029,21.4,22.6,21.4,83.5,17.1,0.000,0.031,0.00,0.000,1.5,4.4,1.0,255,31,2.0,5.4,1.2,262,31,2.0,5.4,1.2,262,31,0,29.07,-0.2,0,0,0,39.0,41.2,45.3,0.08,0.11,0.06
SARA,2019-11-08 19:35:00 EST,44.70758,-73.67115,1029,21.5,22.7,16.4,84.2,17.5,0.000,0.031,0.00,0.000,3.1,7.1,1.3,251,36,3.7,9.8,1.7,260,33,3.7,9.8,1.7,260,33,0,29.07,0.2,0,0,0,39.0,41.2,45.3,0.08,0.11,0.06
SARA,2019-11-08 19:40:00 EST,44.70758,-73.67115,1029,22.1,23.0,22.1,83.4,17.8,0.000,0.031,0.00,0.000,2.0,6.2,1.2,260,31,2.5,9.2,1.6,266,29,2.5,9.2,1.6,266,29,0,29.07,-0.0,0,0,0,39.0,41.2,45.3,0.08,0.11,0.06
SARA,2019-11-08 19:45:00 EST,44.70758,-73.67115,1029,21.5,22.9,21.5,83.0,17.2,0.000,0.031,0.00,0.000,1.6,4.5,1.1,254,32,1.9,5.6,1.3,265,35,1.9,5.6,1.3,265,35,0,29.07,0.1,0,0,0,39.0,41.2,45.3,0.09,0.11,0.06
SARA,2019-11-08 19:50:00 EST,44.70758,-73.67115,1029,21.7,23.1,21.7,82.9,17.3,0.000,0.031,0.00,0.000,2.3,7.8,1.4,273,27,2.8,8.7,1.5,279,27,2.8,8.7,1.5,279,27,0,29.07,0.1,0,0,0,39.0,41.2,45.3,0.09,0.11,0.06
SARA,2019-11-08 19:55:00 EST,44.70758,-73.67115,1029,22.0,23.2,22.0,82.2,17.4,0.000,0.031,0.00,0.000,2.4,4.8,1.0,259,34,2.9,6.0,1.3,264,32,2.9,6.0,1.3,264,32,0,29.07,0.1,0,0,0,39.0,41.2,45.3,0.09,0.11,0.06
SARA,2019-11-08 20:00:00 EST,44.70758,-73.67115,1029,21.5,23.1,21.5,82.6,17.0,0.000,0.031,0.00,0.000,1.6,5.0,1.1,256,36,2.1,6.9,1.2,255,36,2.1,6.9,1.2,255,36,0,29.07,0.0,0,0,0,38.9,41.2,45.3,0.08,0.11,0.06
SARA,2019-11-08 20:05:00 EST,44.70758,-73.67115,1029,21.2,22.9,21.2,83.8,17.1,0.000,0.031,0.00,0.000,1.9,3.1,0.7,244,30,2.1,4.3,0.8,251,31,2.1,4.3,0.8,251,31,0,29.07,0.2,0,0,0,38.8,41.2,45.3,0.08,0.11,0.06
SARA,2019-11-08 20:10:00 EST,44.70758,-73.67115,1029,21.8,23.1,21.8,84.2,17.7,0.000,0.031,0.00,0.000,2.4,5.6,1.1,242,24,2.8,5.9,1.3,248,24,2.8,5.9,1.3,248,24,0,29.07,0.0,0,0,0,38.8,41.2,45.3,0.09,0.11,0.06
SARA,2019-11-08 20:15:00 EST,44.70758,-73.67115,1029,20.4,22.7,20.4,83.7,16.3,0.000,0.031,0.00,0.000,1.2,4.9,1.4,290,33,1.7,6.3,1.5,291,40,1.7,6.3,1.5,291,40,0,29.07,0.4,0,0,0,38.8,41.2,45.3,0.08,0.11,0.06
SARA,2019-11-08 20:20:00 EST,44.70758,-73.67115,1029,20.8,22.6,20.8,86.0,17.3,0.000,0.031,0.00,0.000,1.3,2.7,0.7,244,28,1.7,3.4,0.7,243,30,1.7,3.4,0.7,243,30,0,29.08,-0.0,0,0,0,38.8,41.2,45.2,0.08,0.11,0.06
SARA,2019-11-08 20:25:00 EST,44.70758,-73.67115,1029,19.9,22.6,19.9,86.5,16.6,0.000,0.031,0.00,0.000,1.0,2.3,0.5,246,28,1.2,3.8,0.6,249,27,1.2,3.8,0.6,249,27,0,29.08,0.1,0,0,0,38.8,41.2,45.2,0.08,0.11,0.06
SARA,2019-11-08 20:30:00 EST,44.70758,-73.67115,1029,20.5,22.6,20.5,86.6,17.1,0.000,0.031,0.00,0.000,2.3,6.0,1.4,264,23,2.9,7.7,1.4,271,25,2.9,7.7,1.4,271,25,0,29.08,0.3,0,0,0,38.8,41.2,45.2,0.08,0.11,0.06
SARA,2019-11-08 20:35:00 EST,44.70758,-73.67115,1029,20.4,22.6,20.4,84.0,16.3,0.000,0.031,0.00,0.000,0.8,3.1,0.8,258,31,1.2,4.8,1.0,255,37,1.2,4.8,1.0,255,37,0,29.08,0.1,0,0,0,38.8,41.2,45.2,0.08,0.11,0.06
SARA,2019-11-08 20:40:00 EST,44.70758,-73.67115,1029,20.5,22.4,20.5,84.7,16.6,0.000,0.031,0.00,0.000,1.4,3.9,1.1,288,30,2.0,5.3,1.3,298,32,2.0,5.3,1.3,298,32,0,29.08,0.3,0,0,0,38.8,41.2,45.2,0.08,0.11,0.06
SARA,2019-11-08 20:45:00 EST,44.70758,-73.67115,1029,20.8,22.4,20.8,83.1,16.5,0.000,0.031,0.00,0.000,1.9,3.7,0.9,278,34,2.3,4.9,1.1,283,37,2.3,4.9,1.1,283,37,0,29.08,0.1,0,0,0,38.8,41.2,45.2,0.08,0.11,0.06
SARA,2019-11-08 20:50:00 EST,44.70758,-73.67115,1029,20.0,22.4,20.0,83.3,15.7,0.000,0.031,0.00,0.000,1.5,3.0,0.7,229,41,1.7,4.0,0.8,237,43,1.7,4.0,0.8,237,43,0,29.08,0.1,0,0,0,38.8,41.2,45.1,0.08,0.11,0.06
SARA,2019-11-08 20:55:00 EST,44.70758,-73.67115,1029,20.3,22.3,20.3,83.8,16.2,0.000,0.031,0.00,0.000,1.6,4.0,1.0,256,19,2.0,5.6,1.2,262,20,2.0,5.6,1.2,262,20,0,29.08,0.2,0,0,0,38.8,41.2,45.2,0.08,0.11,0.06
SARA,2019-11-08 21:00:00 EST,44.70758,-73.67115,1029,18.8,22.0,18.8,84.9,15.0,0.000,0.031,0.00,0.000,1.1,2.0,0.6,281,17,1.6,2.7,0.4,279,27,1.6,2.7,0.4,279,27,0,29.08,0.1,0,0,0,38.7,41.2,45.1,0.08,0.11,0.05
SARA,2019-11-08 21:05:00 EST,44.70758,-73.67115,1029,18.2,21.8,18.2,88.1,15.3,0.000,0.031,0.00,0.000,1.1,5.1,1.0,239,19,1.4,4.9,1.0,243,20,1.4,4.9,1.0,243,20,0,29.08,0.1,0,0,0,38.7,41.2,45.1,0.08,0.11,0.06
SARA,2019-11-08 21:10:00 EST,44.70758,-73.67115,1029,18.2,21.4,18.2,89.3,15.6,0.000,0.031,0.00,0.000,1.5,3.2,0.8,288,30,1.7,4.2,0.8,295,30,1.7,4.2,0.8,295,30,0,29.08,0.4,0,0,0,38.7,41.2,45.1,0.08,0.11,0.06
SARA,2019-11-08 21:15:00 EST,44.70758,-73.67115,1029,18.8,21.7,18.8,89.3,16.2,0.000,0.031,0.00,0.000,1.6,2.7,0.5,279,25,2.0,4.1,0.5,285,26,2.0,4.1,0.5,285,26,0,29.08,0.2,0,0,0,38.7,41.2,45.1,0.08,0.11,0.06
SARA,2019-11-08 21:20:00 EST,44.70758,-73.67115,1029,17.9,21.2,17.9,89.2,15.2,0.000,0.031,0.00,0.000,1.3,2.9,0.8,288,23,1.6,3.3,0.8,290,24,1.6,3.3,0.8,290,24,0,29.08,0.2,0,0,0,38.7,41.2,45.2,0.08,0.11,0.06
SARA,2019-11-08 21:25:00 EST,44.70758,-73.67115,1029,17.4,21.2,17.4,90.9,15.1,0.000,0.031,0.00,0.000,2.2,6.4,1.0,253,34,2.6,6.8,1.1,261,33,2.6,6.8,1.1,261,33,0,29.08,0.3,0,0,0,38.7,41.2,45.1,0.08,0.11,0.06
SARA,2019-11-08 21:30:00 EST,44.70758,-73.67115,1029,18.2,21.2,18.2,90.8,15.9,0.000,0.031,0.00,0.000,1.7,4.5,0.8,284,19,2.0,5.3,0.9,286,18,2.0,5.3,0.9,286,18,0,29.08,0.4,0,0,0,38.7,41.2,45.1,0.08,0.11,0.06
SARA,2019-11-08 21:35:00 EST,44.70758,-73.67115,1029,18.0,21.3,18.0,89.5,15.5,0.000,0.031,0.00,0.000,1.4,2.4,0.5,276,21,1.6,3.1,0.6,281,22,1.6,3.1,0.6,281,22,0,29.08,0.2,0,0,0,38.7,41.2,45.1,0.08,0.11,0.06
SARA,2019-11-08 21:40:00 EST,44.70758,-73.67115,1029,17.2,21.3,17.2,89.3,14.6,0.000,0.031,0.00,0.000,1.0,2.7,0.7,294,17,1.1,3.0,0.8,304,22,1.1,3.0,0.8,304,22,0,29.08,0.2,0,0,0,38.7,41.2,45.1,0.08,0.11,0.05
SARA,2019-11-08 21:45:00 EST,44.70758,-73.67115,1029,17.1,21.0,17.1,91.0,15.0,0.000,0.031,0.00,0.000,0.5,1.8,0.5,306,9,0.8,1.9,0.6,312,15,0.8,1.9,0.6,312,15,0,29.08,0.2,0,0,0,38.7,41.1,45.1,0.08,0.11,0.06
SARA,2019-11-08 21:50:00 EST,44.70758,-73.67115,1029,16.9,21.2,16.9,91.7,14.9,0.000,0.031,0.00,0.000,1.0,2.8,0.6,258,18,1.3,3.6,0.8,265,19,1.3,3.6,0.8,265,19,0,29.08,0.2,0,0,0,38.6,41.1,45.1,0.08,0.11,0.06
SARA,2019-11-08 21:55:00 EST,44.70758,-73.67115,1029,16.1,21.1,16.1,91.3,14.0,0.000,0.031,0.00,0.000,1.6,4.1,0.9,290,13,1.9,5.5,1.0,296,15,1.9,5.5,1.0,296,15,0,29.09,0.2,0,0,0,38.6,41.1,45.1,0.08,0.11,0.06
SARA,2019-11-08 22:00:00 EST,44.70758,-73.67115,1029,16.9,21.1,16.9,91.9,15.0,0.000,0.031,0.00,0.000,1.6,2.4,0.3,288,13,1.8,3.1,0.4,294,14,1.8,3.1,0.4,294,14,0,29.09,0.2,0,0,0,38.5,41.0,45.1,0.08,0.11,0.06
SARA,2019-11-08 22:05:00 EST,44.70758,-73.67115,1029,17.2,20.5,17.2,92.3,15.3,0.000,0.031,0.00,0.000,1.5,3.9,0.8,282,24,1.7,5.0,1.0,284,25,1.7,5.0,1.0,284,25,0,29.09,0.2,0,0,0,38.5,41.0,45.1,0.08,0.11,0.05
SARA,2019-11-08 22:10:00 EST,44.70758,-73.67115,1029,17.5,20.5,17.5,90.0,15.1,0.000,0.031,0.00,0.000,2.2,3.4,0.5,287,26,2.5,4.4,0.7,294,26,2.5,4.4,0.7,294,26,0,29.08,0.2,0,0,0,38.5,41.0,45.1,0.08,0.11,0.06
SARA,2019-11-08 22:15:00 EST,44.70758,-73.67115,1029,17.1,19.8,17.1,89.5,14.5,0.000,0.031,0.00,0.000,2.5,4.2,0.9,309,17,2.6,5.1,0.9,315,16,2.6,5.1,0.9,315,16,0,29.08,0.2,0,0,0,38.5,41.0,45.1,0.08,0.11,0.06
SARA,2019-11-08 22:20:00 EST,44.70758,-73.67115,1029,16.3,20.3,16.3,88.8,13.5,0.000,0.031,0.00,0.000,2.1,5.0,1.0,286,14,2.4,6.0,1.1,290,16,2.4,6.0,1.1,290,16,0,29.08,0.1,0,0,0,38.5,41.0,45.1,0.08,0.11,0.06
SARA,2019-11-08 22:25:00 EST,44.70758,-73.67115,1029,16.0,20.4,16.0,90.8,13.8,0.000,0.031,0.00,0.000,2.6,4.2,0.6,289,11,2.9,5.3,0.7,295,10,2.9,5.3,0.7,295,10,0,29.08,0.3,0,0,0,38.5,41.0,45.1,0.08,0.11,0.06
SARA,2019-11-08 22:30:00 EST,44.70758,-73.67115,1029,16.9,20.3,11.2,90.4,14.5,0.000,0.031,0.00,0.000,3.2,4.7,0.7,291,15,3.6,5.4,0.9,295,15,3.6,5.4,0.9,295,15,0,29.08,0.3,0,0,0,38.5,41.0,45.1,0.08,0.11,0.06
SARA,2019-11-08 22:35:00 EST,44.70758,-73.67115,1029,17.7,20.4,17.7,88.8,15.0,0.000,0.031,0.00,0.000,2.5,3.9,0.6,285,16,2.9,5.0,0.8,290,17,2.9,5.0,0.8,290,17,0,29.08,0.3,0,0,0,38.5,41.0,45.1,0.08,0.11,0.06
SARA,2019-11-08 22:40:00 EST,44.70758,-73.67115,1029,17.6,20.6,13.0,88.1,14.6,0.000,0.031,0.00,0.000,2.7,5.2,1.1,279,22,3.0,6.4,1.4,284,23,3.0,6.4,1.4,284,23,0,29.08,0.2,0,0,0,38.4,41.0,45.1,0.08,0.11,0.05
SARA,2019-11-08 22:45:00 EST,44.70758,-73.67115,1029,18.6,21.0,12.9,86.5,15.2,0.000,0.031,0.00,0.000,3.2,6.1,1.2,291,18,3.7,7.3,1.4,297,20,3.7,7.3,1.4,297,20,0,29.08,0.2,0,0,0,38.3,41.0,45.1,0.08,0.11,0.06
SARA,2019-11-08 22:50:00 EST,44.70758,-73.67115,1029,17.7,20.8,17.7,85.3,14.0,0.000,0.031,0.00,0.000,2.0,3.6,0.6,287,20,2.3,4.5,0.8,291,21,2.3,4.5,0.8,291,21,0,29.08,0.2,0,0,0,38.3,41.0,45.1,0.09,0.11,0.06
SARA,2019-11-08 22:55:00 EST,44.70758,-73.67115,1029,16.7,20.6,16.7,86.4,13.4,0.000,0.031,0.00,0.000,0.9,4.3,1.1,265,8,1.1,5.8,1.3,265,19,1.1,5.8,1.3,265,19,0,29.08,0.3,0,0,0,38.3,41.0,45.1,0.09,0.11,0.06
SARA,2019-11-08 23:00:00 EST,44.70758,-73.67115,1029,16.0,20.3,16.0,87.7,13.0,0.000,0.031,0.00,0.000,0.9,2.5,0.7,280,21,1.2,3.5,0.8,290,24,1.2,3.5,0.8,290,24,0,29.08,0.2,0,0,0,38.3,41.0,45.1,0.08,0.11,0.06
SARA,2019-11-08 23:05:00 EST,44.70758,-73.67115,1029,16.1,19.7,16.1,89.4,13.5,0.000,0.031,0.00,0.000,0.7,1.9,0.5,289,21,1.2,3.0,0.7,295,25,1.2,3.0,0.7,295,25,0,29.08,0.2,0,0,0,38.3,41.0,45.1,0.08,0.11,0.06
SARA,2019-11-08 23:10:00 EST,44.70758,-73.67115,1029,16.8,19.5,16.8,90.6,14.5,0.000,0.031,0.00,0.000,2.1,4.7,1.0,278,25,2.5,5.2,1.2,283,26,2.5,5.2,1.2,283,26,0,29.08,0.4,0,0,0,38.3,41.0,45.1,0.08,0.11,0.06
SARA,2019-11-08 23:15:00 EST,44.70758,-73.67115,1029,17.6,19.6,11.5,88.6,14.8,0.000,0.031,0.00,0.000,3.2,6.5,1.3,277,27,4.0,8.3,1.6,285,25,4.0,8.3,1.6,285,25,0,29.08,0.2,0,0,0,38.3,41.0,45.1,0.09,0.11,0.06
SARA,2019-11-08 23:20:00 EST,44.70758,-73.67115,1029,18.1,19.5,13.4,86.2,14.7,0.000,0.031,0.00,0.000,2.7,6.4,1.1,277,29,3.2,6.5,1.2,282,29,3.2,6.5,1.2,282,29,0,29.08,0.4,0,0,0,38.3,41.0,45.1,0.08,0.11,0.06
SARA,2019-11-08 23:25:00 EST,44.70758,-73.67115,1029,18.5,19.7,13.1,85.2,14.8,0.000,0.031,0.00,0.000,2.9,6.1,1.0,284,27,3.5,8.5,1.4,291,24,3.5,8.5,1.4,291,24,0,29.08,0.6,0,0,0,38.3,41.0,45.1,0.08,0.11,0.06
SARA,2019-11-08 23:30:00 EST,44.70758,-73.67115,1029,18.5,19.7,18.5,85.5,14.9,0.000,0.031,0.00,0.000,2.3,5.0,0.9,284,20,2.7,5.8,1.0,290,17,2.7,5.8,1.0,290,17,0,29.08,0.3,0,0,0,38.3,41.0,45.1,0.09,0.11,0.06
SARA,2019-11-08 23:35:00 EST,44.70758,-73.67115,1029,18.3,19.9,13.2,85.0,14.5,0.000,0.031,0.00,0.000,2.8,6.6,1.3,284,21,3.4,7.3,1.4,287,20,3.4,7.3,1.4,287,20,0,29.08,0.2,0,0,0,38.2,41.0,45.1,0.08,0.11,0.06
SARA,2019-11-08 23:40:00 EST,44.70758,-73.67115,1029,18.7,20.0,14.1,84.1,14.6,0.000,0.031,0.00,0.000,2.6,6.4,1.1,287,21,3.1,7.6,1.5,291,20,3.1,7.6,1.5,291,20,0,29.08,0.5,0,0,0,38.1,41.0,45.1,0.09,0.11,0.05
SARA,2019-11-08 23:45:00 EST,44.70758,-73.67115,1029,18.5,19.9,13.4,84.3,14.5,0.000,0.031,0.00,0.000,2.9,4.8,0.9,288,21,3.3,5.6,1.0,293,18,3.3,5.6,1.0,293,18,0,29.09,0.3,0,0,0,38.1,41.0,45.1,0.08,0.11,0.06
SARA,2019-11-08 23:50:00 EST,44.70758,-73.67115,1029,18.4,19.8,18.4,84.0,14.3,0.000,0.031,0.00,0.000,2.7,4.1,0.9,298,15,3.0,5.2,1.0,300,17,3.0,5.2,1.0,300,17,0,29.08,0.3,0,0,0,38.1,41.0,45.1,0.09,0.11,0.06
SARA,2019-11-08 23:55:00 EST,44.70758,-73.67115,1029,17.6,19.8,12.4,85.3,14.0,0.000,0.031,0.00,0.000,3.0,6.2,0.8,290,16,3.4,8.4,1.2,295,17,3.4,8.4,1.2,295,17,0,29.08,0.4,0,0,0,38.1,41.0,45.1,0.08,0.11,0.06
SBRI,2019-11-08 00:00:00 EST,42.75217,-77.35931,1147,27.5,27.6,21.9,78.6,21.8,0.000,0.170,0.00,0.000,4.4,7.1,0.8,253,9,4.9,7.3,0.9,255,8,4.9,7.3,0.9,255,8,0,28.87,1.0,0,0,0,42.3,45.9,48.0,0.39,0.20,0.26
SBRI,2019-11-08 00:05:00 EST,42.75217,-77.35931,1147,27.7,27.6,22.7,79.0,22.0,0.004,0.004,0.00,0.004,3.8,5.8,1.2,252,13,4.3,8.0,1.3,256,12,4.3,8.0,1.3,256,12,0,28.87,,0,0,0,42.3,45.9,48.0,0.39,0.20,0.26
SBRI,2019-11-08 00:10:00 EST,42.75217,-77.35931,1147,27.7,27.7,21.0,78.4,21.9,0.000,0.004,0.00,0.004,5.7,9.4,1.2,261,12,6.2,10.9,1.5,264,11,6.2,10.9,1.5,264,11,0,28.87,,0,0,0,42.3,45.9,48.0,0.39,0.20,0.26
SBRI,2019-11-08 00:15:00 EST,42.75217,-77.35931,1147,27.8,27.8,21.1,78.1,21.9,0.000,0.004,0.00,0.004,5.6,10.1,1.7,267,14,6.1,11.8,1.9,269,12,6.1,11.8,1.9,269,12,0,28.87,,0,0,0,42.3,45.9,48.0,0.39,0.20,0.26
SBRI,2019-11-08 00:20:00 EST,42.75217,-77.35931,1147,27.8,27.8,22.8,78.7,22.1,0.000,0.004,0.00,0.004,4.0,6.4,1.0,262,13,4.4,7.3,1.0,265,13,4.4,7.3,1.0,265,13,0,28.86,,0,0,0,42.3,45.9,48.0,0.39,0.20,0.26
SBRI,2019-11-08 00:25:00 EST,42.75217,-77.35931,1147,28.0,28.0,22.5,77.1,21.8,0.000,0.004,0.00,0.004,4.4,8.1,1.6,260,14,4.9,9.7,1.7,262,13,4.9,9.7,1.7,262,13,0,28.86,,0,0,0,42.3,45.9,48.0,0.39,0.20,0.26
SBRI,2019-11-08 00:30:00 EST,42.75217,-77.35931,1147,27.7,27.8,23.7,78.6,21.9,0.000,0.004,0.00,0.004,3.2,6.9,1.1,273,17,3.6,7.9,1.2,275,17,3.6,7.9,1.2,275,17,0,28.86,,0,0,0,42.3,45.9,48.0,0.39,0.20,0.26
SBRI,2019-11-08 00:35:00 EST,42.75217,-77.35931,1147,27.6,27.7,21.3,81.4,22.7,0.000,0.004,0.00,0.004,5.1,7.5,1.2,278,16,5.6,8.3,1.3,280,14,5.6,8.3,1.3,280,14,0,28.86,0.6,0,0,0,42.3,45.9,48.0,0.39,0.20,0.26
SBRI,2019-11-08 00:40:00 EST,42.75217,-77.35931,1147,27.8,27.6,20.9,82.6,23.2,0.000,0.004,0.00,0.004,5.9,8.7,1.3,279,14,6.4,9.6,1.5,282,13,6.4,9.6,1.5,282,13,0,28.86,0.7,0,0,0,42.3,45.9,48.0,0.39,0.20,0.26
SBRI,2019-11-08 00:45:00 EST,42.75217,-77.35931,1147,27.8,27.5,21.9,83.4,23.4,0.000,0.004,0.00,0.004,4.9,9.8,1.8,293,11,5.2,9.4,1.9,295,11,5.2,9.4,1.9,295,11,0,28.86,0.8,0,0,0,42.3,45.9,48.0,0.39,0.20,0.26
SBRI,2019-11-08 00:50:00 EST,42.75217,-77.35931,1147,27.8,27.6,23.7,83.6,23.5,0.000,0.004,0.00,0.004,3.3,6.8,1.6,293,17,3.6,8.7,1.8,296,16,3.6,8.7,1.8,296,16,0,28.86,0.8,0,0,0,42.3,45.9,48.0,0.39,0.20,0.26
SBRI,2019-11-08 00:55:00 EST,42.75217,-77.35931,1147,27.9,27.6,22.2,83.6,23.6,0.002,0.006,0.00,0.006,4.6,8.8,1.7,290,24,5.1,11.7,2.1,292,23,5.1,11.7,2.1,292,23,0,28.86,0.8,0,0,0,42.3,45.9,48.0,0.39,0.20,0.26
SBRI,2019-11-08 01:00:00 EST,42.75217,-77.35931,1147,27.8,27.5,21.3,85.2,23.9,0.000,0.006,0.00,0.006,5.4,10.4,1.8,310,17,5.8,11.3,1.9,314,18,5.8,11.3,1.9,314,18,0,28.86,0.7,0,0,0,42.3,45.9,48.0,0.39,0.20,0.26
SBRI,2019-11-08 01:05:00 EST,42.75217,-77.35931,1147,27.7,27.4,19.7,86.2,24.1,0.002,0.007,0.00,0.004,7.6,13.4,2.0,303,19,7.9,15.0,2.3,306,20,7.9,15.0,2.3,306,20,0,28.86,0.4,0,0,0,42.3,45.9,48.0,0.39,0.20,0.26
SBRI,2019-11-08 01:10:00 EST,42.75217,-77.35931,1147,27.4,27.1,19.4,88.6,24.5,0.005,0.012,0.00,0.009,7.4,13.6,2.2,302,14,7.8,14.3,2.2,304,14,7.8,14.3,2.2,304,14,0,28.87,0.4,0,0,0,42.3,45.9,48.0,0.39,0.20,0.26
SBRI,2019-11-08 01:15:00 EST,42.75217,-77.35931,1147,27.2,26.8,19.2,90.7,24.9,0.003,0.015,0.00,0.011,7.3,10.9,1.5,304,13,7.7,11.9,1.6,307,12,7.7,11.9,1.6,307,12,0,28.87,0.4,0,0,0,42.3,45.9,48.0,0.39,0.20,0.26
SBRI,2019-11-08 01:20:00 EST,42.75217,-77.35931,1147,27.2,26.9,18.6,90.7,24.8,0.000,0.015,0.00,0.011,8.2,14.9,2.5,291,12,8.6,15.9,2.9,291,12,8.6,15.9,2.9,291,12,0,28.87,0.7,0,0,0,42.3,45.8,48.0,0.39,0.20,0.26
SBRI,2019-11-08 01:25:00 EST,42.75217,-77.35931,1147,27.3,27.0,19.1,89.5,24.6,0.000,0.015,0.00,0.011,7.9,13.7,2.3,305,12,8.1,15.4,2.4,306,11,8.1,15.4,2.4,306,11,0,28.87,0.7,0,0,0,42.3,45.8,48.0,0.39,0.20,0.26
SBRI,2019-11-08 01:30:00 EST,42.75217,-77.35931,1147,27.3,27.0,18.7,89.5,24.6,0.000,0.015,0.00,0.011,8.3,14.2,2.0,315,13,8.7,16.2,2.0,317,12,8.7,16.2,2.0,317,12,0,28.87,0.8,0,0,0,42.3,45.7,48.0,0.39,0.20,0.26
SBRI,2019-11-08 01:35:00 EST,42.75217,-77.35931,1147,27.2,26.9,18.9,89.6,24.6,0.000,0.015,0.00,0.011,8.1,12.1,1.8,309,11,8.3,12.7,1.7,312,10,8.3,12.7,1.7,312,10,0,28.87,0.9,0,0,0,42.3,45.7,48.0,0.39,0.20,0.26
SBRI,2019-11-08 01:40:00 EST,42.75217,-77.35931,1147,27.2,26.8,18.4,89.8,24.6,0.002,0.017,0.00,0.014,8.6,13.0,2.0,317,13,8.9,14.1,2.1,319,12,8.9,14.1,2.1,319,12,0,28.87,,0,0,0,42.3,45.7,48.0,0.39,0.20,0.26
SBRI,2019-11-08 01:45:00 EST,42.75217,-77.35931,1147,27.1,26.7,18.4,89.8,24.5,0.002,0.019,0.00,0.015,8.4,12.3,1.5,325,13,8.7,12.3,1.7,328,12,8.7,12.3,1.7,328,12,0,28.87,-0.0,0,0,0,42.3,45.7,48.0,0.38,0.20,0.26
SBRI,2019-11-08 01:50:00 EST,42.75217,-77.35931,1147,27.0,26.6,19.0,90.2,24.5,0.000,0.019,0.00,0.015,7.3,11.8,1.8,321,11,7.6,12.9,1.9,324,12,7.6,12.9,1.9,324,12,0,28.87,-0.3,0,0,0,42.3,45.7,48.0,0.38,0.20,0.26
SBRI,2019-11-08 01:55:00 EST,42.75217,-77.35931,1147,26.9,26.6,18.7,90.4,24.5,0.000,0.019,0.00,0.013,7.7,11.9,1.7,318,12,8.0,12.9,1.8,322,12,8.0,12.9,1.8,322,12,0,28.87,0.1,0,0,0,42.3,45.7,48.0,0.38,0.20,0.26
SBRI,2019-11-08 02:00:00 EST,42.75217,-77.35931,1147,26.8,26.5,18.2,89.9,24.3,0.002,0.021,0.00,0.015,8.3,12.1,1.4,322,13,8.6,11.9,1.4,326,11,8.6,11.9,1.4,326,11,0,28.87,-0.5,0,0,0,42.3,45.7,48.0,0.38,0.20,0.26
SBRI,2019-11-08 02:05:00 EST,42.75217,-77.35931,1147,26.7,26.4,18.4,90.0,24.2,0.000,0.021,0.00,0.013,7.5,10.7,1.4,318,16,7.9,12.1,1.6,321,16,7.9,12.1,1.6,321,16,0,28.88,0.2,0,0,0,42.3,45.7,48.0,0.38,0.20,0.26
SBRI,2019-11-08 02:10:00 EST,42.75217,-77.35931,1147,26.6,26.3,18.5,89.7,24.0,0.000,0.021,0.00,0.009,7.2,9.6,1.2,331,15,7.7,10.7,1.3,334,14,7.7,10.7,1.3,334,14,0,28.88,-0.2,0,0,0,42.3,45.7,48.0,0.38,0.20,0.26
SBRI,2019-11-08 02:15:00 EST,42.75217,-77.35931,1147,26.5,26.3,18.3,89.4,23.8,0.000,0.021,0.00,0.006,7.3,12.1,1.9,323,12,7.8,12.3,1.9,326,13,7.8,12.3,1.9,326,13,0,28.88,-0.1,0,0,0,42.3,45.7,48.0,0.38,0.20,0.26
SBRI,2019-11-08 02:20:00 EST,42.75217,-77.35931,1147,26.4,26.2,18.9,88.9,23.6,0.000,0.021,0.00,0.006,6.4,10.4,1.4,333,17,6.8,12.2,1.6,337,16,6.8,12.2,1.6,337,16,0,28.88,0.1,0,0,0,42.3,45.7,48.0,0.38,0.20,0.26
SBRI,2019-11-08 02:25:00 EST,42.75217,-77.35931,1147,26.4,26.1,19.1,89.5,23.7,0.000,0.021,0.00,0.006,5.9,10.9,1.9,330,13,6.5,11.8,2.1,334,13,6.5,11.8,2.1,334,13,0,28.88,0.1,0,0,0,42.3,45.7,48.0,0.38,0.20,0.26
SBRI,2019-11-08 02:30:00 EST,42.75217,-77.35931,1147,26.4,26.1,18.3,89.5,23.8,0.000,0.021,0.00,0.006,7.2,12.6,2.3,329,14,7.7,14.7,2.5,333,15,7.7,14.7,2.5,333,15,0,28.88,-0.1,0,0,0,42.3,45.7,48.0,0.38,0.20,0.26
SBRI,2019-11-08 02:35:00 EST,42.75217,-77.35931,1147,26.4,26.1,17.7,89.7,23.8,0.000,0.021,0.00,0.006,8.3,14.5,2.7,326,13,8.6,15.2,2.6,328,13,8.6,15.2,2.6,328,13,0,28.88,0.1,0,0,0,42.3,45.7,48.0,0.38,0.20,0.26
SBRI,2019-11-08 02:40:00 EST,42.75217,-77.35931,1147,26.5,26.2,17.9,89.1,23.7,0.000,0.021,0.00,0.004,7.9,12.3,1.8,324,12,8.4,13.1,1.9,326,12,8.4,13.1,1.9,326,12,0,28.88,-0.1,0,0,0,42.3,45.7,48.0,0.38,0.20,0.26
SBRI,2019-11-08 02:45:00 EST,42.75217,-77.35931,1147,26.4,26.1,17.9,89.2,23.7,0.000,0.021,0.00,0.002,8.1,13.7,2.2,317,11,8.3,13.9,2.2,321,11,8.3,13.9,2.2,321,11,0,28.88,-0.1,0,0,0,42.3,45.7,48.0,0.38,0.20,0.26
SBRI,2019-11-08 02:50:00 EST,42.75217,-77.35931,1147,26.4,26.1,17.8,89.1,23.6,0.000,0.021,0.00,0.002,7.9,14.0,2.3,322,14,8.4,16.4,2.5,325,14,8.4,16.4,2.5,325,14,0,28.88,-0.1,0,0,0,42.3,45.7,48.0,0.38,0.20,0.26
SBRI,2019-11-08 02:55:00 EST,42.75217,-77.35931,1147,26.4,26.0,17.4,88.7,23.5,0.000,0.021,0.00,0.002,8.4,13.3,2.3,330,15,8.9,16.0,2.5,334,12,8.9,16.0,2.5,334,12,0,28.88,0.8,0,0,0,42.3,45.7,48.0,0.38,0.20,0.26
SBRI,2019-11-08 03:00:00 EST,42.75217,-77.35931,1147,26.3,26.0,17.0,88.7,23.4,0.000,0.021,0.00,0.000,9.2,13.2,1.6,325,11,9.4,13.5,1.7,329,12,9.4,13.5,1.7,329,12,0,28.88,-0.0,0,0,0,42.3,45.7,48.0,0.38,0.20,0.26
SBRI,2019-11-08 03:05:00 EST,42.75217,-77.35931,1147,26.1,25.9,18.4,88.7,23.2,0.000,0.021,0.00,0.000,6.7,9.3,1.1,325,13,6.9,10.0,1.2,327,12,6.9,10.0,1.2,327,12,0,28.88,0.1,0,0,0,42.3,45.7,48.0,0.38,0.20,0.26
SBRI,2019-11-08 03:10:00 EST,42.75217,-77.35931,1147,26.0,25.8,18.2,88.7,23.1,0.000,0.021,0.00,0.000,6.7,11.3,1.7,318,15,7.1,11.4,1.7,319,16,7.1,11.4,1.7,319,16,0,28.88,0.3,0,0,0,42.3,45.7,47.9,0.38,0.20,0.26
SBRI,2019-11-08 03:15:00 EST,42.75217,-77.35931,1147,25.9,25.8,17.6,88.4,23.0,0.000,0.021,0.00,0.000,7.3,11.5,1.7,326,17,7.7,13.3,1.9,329,16,7.7,13.3,1.9,329,16,0,28.88,0.4,0,0,0,42.3,45.7,47.9,0.38,0.20,0.26
SBRI,2019-11-08 03:20:00 EST,42.75217,-77.35931,1147,25.8,25.6,16.6,88.5,22.8,0.000,0.021,0.00,0.000,8.6,12.6,1.9,325,12,9.0,13.7,1.9,329,11,9.0,13.7,1.9,329,11,0,28.88,0.4,0,0,0,42.3,45.7,47.9,0.38,0.20,0.26
SBRI,2019-11-08 03:25:00 EST,42.75217,-77.35931,1147,25.8,25.6,17.5,88.4,22.8,0.000,0.021,0.00,0.000,7.3,11.2,1.8,325,13,7.8,11.6,1.8,328,13,7.8,11.6,1.8,328,13,0,28.88,0.0,0,0,0,42.3,45.7,48.0,0.38,0.20,0.26
SBRI,2019-11-08 03:30:00 EST,42.75217,-77.35931,1147,25.6,25.5,17.6,88.6,22.7,0.000,0.021,0.00,0.000,6.8,10.6,1.9,322,11,7.2,11.3,2.0,325,11,7.2,11.3,2.0,325,11,0,28.88,0.4,0,0,0,42.3,45.7,47.8,0.38,0.20,0.26
SBRI,2019-11-08 03:35:00 EST,42.75217,-77.35931,1147,25.5,25.4,17.2,88.5,22.6,0.000,0.021,0.00,0.000,7.4,10.3,1.5,324,11,7.6,10.8,1.5,327,9,7.6,10.8,1.5,327,9,0,28.89,0.3,0,0,0,42.3,45.7,47.9,0.38,0.20,0.26
SBRI,2019-11-08 03:40:00 EST,42.75217,-77.35931,1147,25.5,25.4,17.0,88.0,22.4,0.000,0.021,0.00,0.000,7.5,12.6,2.1,321,14,7.8,12.8,2.0,324,15,7.8,12.8,2.0,324,15,0,28.89,0.5,0,0,0,42.3,45.7,47.8,0.38,0.20,0.26
SBRI,2019-11-08 03:45:00 EST,42.75217,-77.35931,1147,25.4,25.3,17.6,88.0,22.4,0.000,0.021,0.00,0.000,6.7,9.9,1.3,321,11,7.0,10.8,1.5,325,12,7.0,10.8,1.5,325,12,0,28.89,0.6,0,0,0,42.3,45.7,47.8,0.38,0.20,0.26
SBRI,2019-11-08 03:50:00 EST,42.75217,-77.35931,1147,25.5,25.3,17.8,88.2,22.5,0.000,0.021,0.00,0.000,6.6,11.4,1.5,321,15,6.8,11.2,1.6,324,15,6.8,11.2,1.6,324,15,0,28.89,0.6,0,0,0,42.3,45.6,47.8,0.38,0.20,0.26
SBRI,2019-11-08 03:55:00 EST,42.75217,-77.35931,1147,25.5,25.4,18.5,87.4,22.3,0.000,0.021,0.00,0.000,5.8,10.3,1.5,317,19,6.1,10.1,1.6,318,17,6.1,10.1,1.6,318,17,0,28.89,0.6,0,0,0,42.3,45.7,47.8,0.38,0.20,0.26
SBRI,2019-11-08 04:00:00 EST,42.75217,-77.35931,1147,25.6,25.4,17.2,87.2,22.3,0.000,0.021,0.00,0.000,7.5,13.2,1.6,321,14,7.7,13.1,1.8,325,13,7.7,13.1,1.8,325,13,0,28.89,0.7,0,0,0,42.3,45.6,47.8,0.38,0.20,0.26
SBRI,2019-11-08 04:05:00 EST,42.75217,-77.35931,1147,25.6,25.4,16.9,86.8,22.2,0.000,0.021,0.00,0.000,8.0,10.5,1.4,322,14,8.3,11.8,1.4,325,13,8.3,11.8,1.4,325,13,0,28.89,0.6,0,0,0,42.3,45.6,47.8,0.38,0.20,0.26
SBRI,2019-11-08 04:10:00 EST,42.75217,-77.35931,1147,25.6,25.4,16.6,86.6,22.2,0.000,0.021,0.00,0.000,8.3,12.8,2.3,316,13,8.7,13.0,2.1,319,13,8.7,13.0,2.1,319,13,0,28.90,0.7,0,0,0,42.3,45.6,47.8,0.38,0.20,0.26
SBRI,2019-11-08 04:15:00 EST,42.75217,-77.35931,1147,25.7,25.4,16.5,86.1,22.1,0.000,0.021,0.00,0.000,8.8,14.1,2.1,315,15,9.0,15.9,2.2,318,14,9.0,15.9,2.2,318,14,0,28.90,0.7,0,0,0,42.3,45.6,47.8,0.38,0.20,0.26
SBRI,2019-11-08 04:20:00 EST,42.75217,-77.35931,1147,25.6,25.3,17.9,86.1,22.0,0.000,0.021,0.00,0.000,6.6,10.2,1.4,309,12,6.9,12.1,1.4,312,11,6.9,12.1,1.4,312,11,0,28.90,0.7,0,0,0,42.3,45.6,47.8,0.38,0.20,0.26
SBRI,2019-11-08 04:25:00 EST,42.75217,-77.35931,1147,25.6,25.3,17.2,85.2,21.8,0.000,0.021,0.00,0.000,7.3,12.6,1.6,319,16,7.8,14.5,1.9,322,14,7.8,14.5,1.9,322,14,0,28.90,0.8,0,0,0,42.3,45.6,47.8,0.38,0.20,0.26
SBRI,2019-11-08 04:30:00 EST,42.75217,-77.35931,1147,25.6,25.3,16.7,83.6,21.3,0.000,0.021,0.00,0.000,8.0,12.3,1.7,321,14,8.5,13.4,1.8,324,15,8.5,13.4,1.8,324,15,0,28.90,0.7,0,0,0,42.3,45.5,47.8,0.38,0.20,0.26
SBRI,2019-11-08 04:35:00 EST,42.75217,-77.35931,1147,25.5,25.2,16.2,82.5,21.0,0.000,0.021,0.00,0.000,8.7,14.0,2.3,316,20,9.2,14.2,2.4,319,21,9.2,14.2,2.4,319,21,0,28.90,0.7,0,0,0,42.3,45.5,47.8,0.38,0.20,0.26
SBRI,2019-11-08 04:40:00 EST,42.75217,-77.35931,1147,25.5,25.1,16.7,81.3,20.5,0.000,0.021,0.00,0.000,7.8,17.6,2.4,319,17,8.3,18.1,2.3,323,18,8.3,18.1,2.3,323,18,0,28.90,0.8,0,0,0,42.3,45.5,47.8,0.38,0.20,0.26
SBRI,2019-11-08 04:45:00 EST,42.75217,-77.35931,1147,25.3,25.0,16.1,82.9,20.8,0.000,0.021,0.00,0.000,8.4,12.6,2.0,321,14,8.8,14.3,2.0,324,15,8.8,14.3,2.0,324,15,0,28.90,0.6,0,0,0,42.3,45.5,47.8,0.38,0.20,0.26
SBRI,2019-11-08 04:50:00 EST,42.75217,-77.35931,1147,25.2,24.9,16.7,83.4,20.9,0.000,0.021,0.00,0.000,7.5,11.7,1.8,316,17,7.8,13.6,2.0,319,18,7.8,13.6,2.0,319,18,0,28.91,0.6,0,0,0,42.3,45.5,47.8,0.38,0.20,0.26
SBRI,2019-11-08 04:55:00 EST,42.75217,-77.35931,1147,25.1,24.8,16.0,84.3,21.0,0.000,0.021,0.00,0.000,8.2,13.2,2.1,315,16,8.6,15.5,2.2,318,17,8.6,15.5,2.2,318,17,0,28.91,0.5,0,0,0,42.3,45.5,47.8,0.38,0.20,0.26
SBRI,2019-11-08 05:00:00 EST,42.75217,-77.35931,1147,25.0,24.7,15.6,84.5,21.0,0.000,0.021,0.00,0.000,8.6,14.7,2.6,322,13,9.1,15.6,2.7,326,13,9.1,15.6,2.7,326,13,0,28.91,0.5,0,0,0,42.3,45.5,47.8,0.38,0.20,0.26
SBRI,2019-11-08 05:05:00 EST,42.75217,-77.35931,1147,25.0,24.7,15.6,84.0,20.8,0.000,0.021,0.00,0.000,8.6,12.3,1.4,316,18,9.1,13.3,1.7,320,19,9.1,13.3,1.7,320,19,0,28.91,0.7,0,0,0,42.3,45.5,47.8,0.38,0.20,0.26
SBRI,2019-11-08 05:10:00 EST,42.75217,-77.35931,1147,25.0,24.7,15.7,84.0,20.8,0.000,0.021,0.00,0.000,8.6,15.1,2.6,324,18,8.9,16.4,2.9,328,13,8.9,16.4,2.9,328,13,0,28.92,0.7,0,0,0,42.3,45.5,47.8,0.38,0.20,0.26
SBRI,2019-11-08 05:15:00 EST,42.75217,-77.35931,1147,24.9,24.6,15.1,83.7,20.7,0.000,0.021,0.00,0.000,9.4,15.2,2.1,319,12,9.7,15.5,2.0,324,13,9.7,15.5,2.0,324,13,0,28.92,0.8,0,0,0,42.3,45.5,47.8,0.38,0.20,0.26
SBRI,2019-11-08 05:20:00 EST,42.75217,-77.35931,1147,24.8,24.4,15.3,84.2,20.7,0.000,0.021,0.00,0.000,8.5,13.9,2.6,324,14,9.1,15.7,2.8,328,14,9.1,15.7,2.8,328,14,0,28.92,0.4,0,0,0,42.3,45.5,47.8,0.38,0.20,0.26
SBRI,2019-11-08 05:25:00 EST,42.75217,-77.35931,1147,24.5,24.2,14.9,85.1,20.7,0.002,0.023,0.00,0.002,8.9,17.1,2.6,317,12,9.3,16.1,2.4,321,13,9.3,16.1,2.4,321,13,0,28.92,0.6,0,0,0,42.3,45.5,47.8,0.38,0.20,0.26
SBRI,2019-11-08 05:30:00 EST,42.75217,-77.35931,1147,24.5,24.2,13.6,84.2,20.4,0.000,0.023,0.00,0.002,11.1,16.0,2.3,323,11,11.5,16.9,2.5,325,12,11.5,16.9,2.5,325,12,0,28.92,0.7,0,0,0,42.3,45.5,47.8,0.38,0.20,0.26
SBRI,2019-11-08 05:35:00 EST,42.75217,-77.35931,1147,24.3,24.1,15.1,83.7,20.1,0.000,0.023,0.00,0.002,8.2,13.1,2.0,317,15,8.5,13.2,2.1,319,14,8.5,13.2,2.1,319,14,0,28.92,0.6,0,0,0,42.3,45.5,47.8,0.38,0.20,0.26
SBRI,2019-11-08 05:40:00 EST,42.75217,-77.35931,1147,24.1,24.0,15.2,83.3,19.8,0.000,0.023,0.00,0.002,7.8,12.1,1.7,307,16,8.1,12.4,1.7,310,16,8.1,12.4,1.7,310,16,0,28.93,0.7,0,0,0,42.2,45.5,47.8,0.38,0.20,0.26
SBRI,2019-11-08 05:45:00 EST,42.75217,-77.35931,1147,24.0,23.9,14.9,83.5,19.7,0.000,0.023,0.00,0.002,8.0,15.7,2.9,310,13,8.3,15.7,2.9,314,12,8.3,15.7,2.9,314,12,0,28.93,0.6,0,0,0,42.2,45.5,47.8,0.38,0.20,0.26
SBRI,2019-11-08 05:50:00 EST,42.75217,-77.35931,1147,24.1,24.0,14.8,81.7,19.3,0.000,0.023,0.00,0.002,8.4,12.6,1.8,316,14,8.6,13.3,2.0,320,15,8.6,13.3,2.0,320,15,0,28.93,0.6,0,0,0,42.3,45.5,47.8,0.38,0.20,0.26
SBRI,2019-11-08 05:55:00 EST,42.75217,-77.35931,1147,24.1,23.9,14.6,81.3,19.2,0.000,0.023,0.00,0.002,8.5,16.2,2.5,312,15,8.9,15.9,2.7,313,16,8.9,15.9,2.7,313,16,0,28.93,0.6,0,0,0,42.2,45.5,47.8,0.38,0.20,0.26
SBRI,2019-11-08 06:00:00 EST,42.75217,-77.35931,1147,24.0,23.8,14.2,81.6,19.2,0.000,0.023,0.00,0.002,8.9,13.7,2.0,311,14,9.2,13.9,2.0,314,13,9.2,13.9,2.0,314,13,0,28.93,0.5,0,0,0,42.2,45.5,47.8,0.38,0.20,0.26
SBRI,2019-11-08 06:05:00 EST,42.75217,-77.35931,1147,23.8,23.7,14.1,81.7,19.1,0.000,0.023,0.00,0.002,8.8,15.6,2.9,309,18,9.2,19.2,3.1,311,17,9.2,19.2,3.1,311,17,0,28.93,0.6,0,0,0,42.1,45.5,47.8,0.38,0.20,0.26
SBRI,2019-11-08 06:10:00 EST,42.75217,-77.35931,1147,23.6,23.6,13.8,82.6,19.1,0.000,0.023,0.00,0.002,9.0,14.2,2.6,311,14,9.3,14.8,2.6,313,15,9.3,14.8,2.6,313,15,0,28.94,0.6,0,0,0,42.1,45.5,47.8,0.38,0.20,0.26
SBRI,2019-11-08 06:15:00 EST,42.75217,-77.35931,1147,23.6,23.5,14.1,83.0,19.2,0.000,0.023,0.00,0.002,8.3,13.6,2.0,312,20,8.7,16.9,2.2,315,20,8.7,16.9,2.2,315,20,0,28.94,0.6,0,0,0,42.1,45.5,47.8,0.38,0.20,0.26
SBRI,2019-11-08 06:20:00 EST,42.75217,-77.35931,1147,23.6,23.5,12.8,83.1,19.2,0.000,0.023,0.00,0.002,10.8,16.1,2.8,309,12,11.0,15.7,2.6,311,13,11.0,15.7,2.6,311,13,0,28.94,0.5,0,0,0,42.1,45.5,47.8,0.38,0.20,0.26
SBRI,2019-11-08 06:25:00 EST,42.75217,-77.35931,1147,23.3,23.3,13.7,83.3,19.0,0.000,0.023,0.00,0.000,8.5,13.5,2.0,308,15,8.8,13.9,1.9,312,16,8.8,13.9,1.9,312,16,0,28.94,0.6,0,0,0,42.1,45.5,47.8,0.38,0.20,0.26
SBRI,2019-11-08 06:30:00 EST,42.75217,-77.35931,1147,23.3,23.3,13.7,83.6,19.1,0.000,0.023,0.00,0.000,8.5,16.1,2.9,318,13,8.8,17.1,3.0,321,13,8.8,17.1,3.0,321,13,0,28.94,0.4,0,0,0,42.1,45.5,47.8,0.38,0.20,0.26
SBRI,2019-11-08 06:35:00 EST,42.75217,-77.35931,1147,23.4,23.3,14.0,83.4,19.1,0.000,0.023,0.00,0.000,8.3,14.2,2.2,314,11,8.5,14.8,2.1,317,10,8.5,14.8,2.1,317,10,0,28.95,0.5,0,0,0,42.1,45.5,47.8,0.38,0.20,0.26
SBRI,2019-11-08 06:40:00 EST,42.75217,-77.35931,1147,23.3,23.2,13.5,83.4,19.0,0.000,0.023,0.00,0.000,9.0,13.4,2.1,319,14,9.2,13.6,2.0,324,13,9.2,13.6,2.0,324,13,1,28.95,0.6,0,0,0,42.1,45.5,47.8,0.38,0.20,0.26
SBRI,2019-11-08 06:45:00 EST,42.75217,-77.35931,1147,23.2,23.1,14.2,83.1,18.9,0.000,0.023,0.00,0.000,7.8,15.7,2.4,315,15,8.0,16.5,2.5,317,15,8.0,16.5,2.5,317,15,2,28.95,0.6,0,0,0,42.1,45.5,47.8,0.38,0.20,0.26
SBRI,2019-11-08 06:50:00 EST,42.75217,-77.35931,1147,23.3,23.1,13.7,82.2,18.6,0.000,0.023,0.00,0.000,8.6,13.4,2.0,316,11,8.7,13.9,2.0,319,10,8.7,13.9,2.0,319,10,3,28.95,0.4,0,0,0,42.1,45.5,47.8,0.38,0.20,0.26
SBRI,2019-11-08 06:55:00 EST,42.75217,-77.35931,1147,23.1,23.0,13.2,82.0,18.4,0.000,0.023,0.00,0.000,8.8,13.2,2.1,317,14,9.2,14.4,2.2,319,14,9.2,14.4,2.2,319,14,5,28.95,0.4,0,0,0,42.1,45.5,47.8,0.38,0.20,0.26
SBRI,2019-11-08 07:00:00 EST,42.75217,-77.35931,1147,23.1,23.0,12.8,80.8,18.1,0.000,0.023,0.00,0.000,9.6,14.8,2.0,317,15,9.9,16.5,2.1,319,15,9.9,16.5,2.1,319,15,8,28.95,0.4,0,0,0,42.1,45.5,47.8,0.38,0.20,0.26
SBRI,2019-11-08 07:05:00 EST,42.75217,-77.35931,1147,23.0,23.0,12.5,80.8,18.0,0.000,0.023,0.00,0.000,9.8,16.9,2.8,314,14,10.2,18.3,3.0,317,14,10.2,18.3,3.0,317,14,11,28.96,0.3,0,0,0,42.1,45.5,47.8,0.38,0.20,0.26
SBRI,2019-11-08 07:10:00 EST,42.75217,-77.35931,1147,23.0,22.9,13.2,80.4,17.8,0.000,0.023,0.00,0.000,8.8,17.2,3.1,314,11,8.9,17.6,3.1,317,10,8.9,17.6,3.1,317,10,18,28.96,0.3,0,0,0,42.1,45.5,47.8,0.38,0.20,0.26
SBRI,2019-11-08 07:15:00 EST,42.75217,-77.35931,1147,23.1,23.0,13.1,80.0,17.8,0.000,0.023,0.00,0.000,9.1,15.3,2.3,315,13,9.3,15.9,2.3,319,12,9.3,15.9,2.3,319,12,27,28.96,0.3,0,0,0,42.1,45.5,47.8,0.38,0.20,0.26
SBRI,2019-11-08 07:20:00 EST,42.75217,-77.35931,1147,23.0,22.9,12.8,79.3,17.6,0.000,0.023,0.00,0.000,9.2,15.6,2.5,306,18,9.7,16.0,2.5,307,19,9.7,16.0,2.5,307,19,28,28.96,0.3,0,0,0,42.1,45.5,47.8,0.38,0.20,0.26
SBRI,2019-11-08 07:25:00 EST,42.75217,-77.35931,1147,23.0,22.9,12.5,79.2,17.5,0.000,0.023,0.00,0.000,9.9,14.7,2.3,320,14,10.1,15.0,2.5,324,13,10.1,15.0,2.5,324,13,35,28.97,0.4,0,0,0,42.1,45.5,47.8,0.38,0.20,0.26
SBRI,2019-11-08 07:30:00 EST,42.75217,-77.35931,1147,23.1,22.9,13.5,78.8,17.4,0.000,0.023,0.00,0.000,8.3,13.8,2.6,301,12,8.7,14.1,2.6,304,12,8.7,14.1,2.6,304,12,52,28.97,0.2,0,0,0,42.1,45.5,47.8,0.38,0.20,0.26
SBRI,2019-11-08 07:35:00 EST,42.75217,-77.35931,1147,23.1,22.9,13.2,78.7,17.5,0.000,0.023,0.00,0.000,8.9,14.1,1.8,313,14,9.2,14.6,1.9,316,13,9.2,14.6,1.9,316,13,68,28.97,0.4,0,0,0,42.1,45.5,47.8,0.38,0.20,0.26
SBRI,2019-11-08 07:40:00 EST,42.75217,-77.35931,1147,23.3,23.0,13.8,78.0,17.4,0.000,0.023,0.00,0.000,8.1,12.3,1.8,308,14,8.5,14.7,2.1,310,15,8.5,14.7,2.1,310,15,73,28.98,0.3,0,0,0,42.1,45.5,47.8,0.38,0.20,0.26
SBRI,2019-11-08 07:45:00 EST,42.75217,-77.35931,1147,23.1,22.9,14.1,78.1,17.3,0.000,0.023,0.00,0.000,7.5,13.1,1.9,307,15,7.9,13.2,2.0,310,15,7.9,13.2,2.0,310,15,64,28.98,0.4,0,0,0,42.1,45.5,47.8,0.38,0.20,0.26
SBRI,2019-11-08 07:50:00 EST,42.75217,-77.35931,1147,23.2,22.9,13.9,77.7,17.3,0.000,0.023,0.00,0.000,8.2,14.7,2.4,318,13,8.4,15.2,2.4,320,13,8.4,15.2,2.4,320,13,96,28.98,0.4,0,0,0,42.1,45.5,47.7,0.38,0.20,0.26
SBRI,2019-11-08 07:55:00 EST,42.75217,-77.35931,1147,23.2,22.9,13.6,77.6,17.3,0.000,0.023,0.00,0.000,8.5,11.6,1.7,316,11,8.8,12.5,1.7,319,11,8.8,12.5,1.7,319,11,76,28.98,0.4,0,0,0,42.1,45.5,47.8,0.38,0.20,0.26
SBRI,2019-11-08 08:00:00 EST,42.75217,-77.35931,1147,23.1,22.9,13.6,78.0,17.3,0.000,0.023,0.00,0.000,8.4,16.7,3.0,310,10,8.6,17.3,3.0,313,10,8.6,17.3,3.0,313,10,89,28.99,0.3,0,0,0,42.1,45.5,47.7,0.38,0.20,0.26
SBRI,2019-11-08 08:05:00 EST,42.75217,-77.35931,1147,23.3,23.0,13.7,76.8,17.1,0.000,0.023,0.00,0.000,8.5,14.0,2.4,311,14,8.8,15.3,2.6,312,14,8.8,15.3,2.6,312,14,118,28.99,0.5,0,0,0,42.1,45.5,47.5,0.38,0.20,0.26
SBRI,2019-11-08 08:10:00 EST,42.75217,-77.35931,1147,23.5,23.1,14.1,75.9,17.0,0.000,0.023,0.00,0.000,8.3,13.3,2.4,309,16,8.5,14.8,2.4,313,16,8.5,14.8,2.4,313,16,135,28.99,0.4,0,0,0,42.1,45.5,47.6,0.38,0.20,0.26
SBRI,2019-11-08 08:15:00 EST,42.75217,-77.35931,1147,23.6,23.1,13.7,75.8,17.1,0.000,0.023,0.00,0.000,9.0,13.7,2.5,319,15,9.4,14.1,2.5,323,15,9.4,14.1,2.5,323,15,145,28.99,0.5,0,0,0,42.0,45.5,47.6,0.38,0.20,0.26
SBRI,2019-11-08 08:20:00 EST,42.75217,-77.35931,1147,23.7,23.2,15.1,75.7,17.2,0.000,0.023,0.00,0.000,7.0,12.1,2.1,308,17,7.5,12.7,2.2,311,17,7.5,12.7,2.2,311,17,155,28.99,0.5,0,0,0,42.0,45.5,47.5,0.38,0.20,0.26
SBRI,2019-11-08 08:25:00 EST,42.75217,-77.35931,1147,23.9,23.4,14.9,75.4,17.3,0.000,0.023,0.00,0.000,7.7,16.1,2.8,312,13,8.1,15.4,2.8,315,12,8.1,15.4,2.8,315,12,167,28.99,0.5,0,0,0,42.0,45.5,47.5,0.38,0.20,0.26
SBRI,2019-11-08 08:30:00 EST,42.75217,-77.35931,1147,23.9,23.3,12.3,74.3,16.9,0.000,0.023,0.00,0.000,12.0,17.5,2.1,316,12,12.5,17.8,2.0,320,11,12.5,17.8,2.0,320,11,169,28.99,0.5,0,0,0,41.9,45.5,47.5,0.38,0.20,0.26
SBRI,2019-11-08 08:35:00 EST,42.75217,-77.35931,1147,23.9,23.4,13.0,74.3,16.9,0.000,0.023,0.00,0.000,10.8,16.5,2.7,324,13,11.2,18.4,2.7,327,13,11.2,18.4,2.7,327,13,187,28.99,0.6,0,0,0,41.9,45.5,47.5,0.38,0.20,0.26
SBRI,2019-11-08 08:40:00 EST,42.75217,-77.35931,1147,23.9,23.4,12.9,73.9,16.8,0.000,0.023,0.00,0.000,11.2,17.0,2.6,317,15,11.5,17.9,2.7,321,15,11.5,17.9,2.7,321,15,181,28.99,0.6,0,0,0,41.9,45.5,47.5,0.38,0.20,0.26
SBRI,2019-11-08 08:45:00 EST,42.75217,-77.35931,1147,24.0,23.4,13.9,73.8,16.8,0.000,0.023,0.00,0.000,9.3,14.2,2.3,315,13,9.8,14.8,2.3,317,13,9.8,14.8,2.3,317,13,189,29.00,0.6,0,0,0,41.9,45.5,47.5,0.38,0.20,0.26
SBRI,2019-11-08 08:50:00 EST,42.75217,-77.35931,1147,24.1,23.5,14.1,73.5,16.9,0.000,0.023,0.00,0.000,9.5,15.2,2.3,309,14,9.8,16.9,2.5,314,15,9.8,16.9,2.5,314,15,197,29.00,0.6,0,0,0,41.9,45.4,47.5,0.38,0.21,0.26
SBRI,2019-11-08 08:55:00 EST,42.75217,-77.35931,1147,24.1,23.5,13.1,71.5,16.2,0.000,0.023,0.00,0.000,11.1,16.4,2.4,311,16,11.5,16.4,2.3,314,14,11.5,16.4,2.3,314,14,206,29.00,0.6,0,0,0,41.9,45.4,47.5,0.38,0.20,0.26
SBRI,2019-11-08 09:00:00 EST,42.75217,-77.35931,1147,24.1,23.6,12.4,70.6,16.0,0.000,0.023,0.00,0.000,12.7,17.5,2.5,327,12,13.0,18.0,2.5,332,11,13.0,18.0,2.5,332,11,216,29.00,0.6,0,0,0,41.9,45.4,47.5,0.38,0.20,0.26
SBRI,2019-11-08 09:05:00 EST,42.75217,-77.35931,1147,24.4,23.8,14.4,70.7,16.2,0.000,0.023,0.00,0.000,9.1,17.2,2.9,312,22,9.7,19.1,3.0,315,22,9.7,19.1,3.0,315,22,223,29.00,0.6,0,0,0,41.9,45.3,47.5,0.38,0.20,0.26
SBRI,2019-11-08 09:10:00 EST,42.75217,-77.35931,1147,24.4,23.8,13.8,69.7,15.9,0.000,0.023,0.00,0.000,10.2,17.5,2.7,322,18,10.8,17.7,2.8,325,19,10.8,17.7,2.8,325,19,235,29.00,0.6,0,0,0,41.9,45.3,47.5,0.38,0.20,0.26
SBRI,2019-11-08 09:15:00 EST,42.75217,-77.35931,1147,24.3,23.7,13.5,69.6,15.8,0.000,0.023,0.00,0.000,11.0,18.8,3.0,315,14,11.3,19.5,2.8,319,13,11.3,19.5,2.8,319,13,248,29.00,0.7,0,0,0,41.9,45.3,47.5,0.38,0.20,0.26
SBRI,2019-11-08 09:20:00 EST,42.75217,-77.35931,1147,24.7,23.9,14.8,69.2,16.0,0.000,0.023,0.00,0.000,9.3,18.7,2.9,317,19,9.7,19.1,3.0,320,19,9.7,19.1,3.0,320,19,255,29.00,0.7,0,0,0,41.9,45.3,47.5,0.38,0.20,0.26
SBRI,2019-11-08 09:25:00 EST,42.75217,-77.35931,1147,24.5,23.8,13.5,69.3,15.9,0.000,0.023,0.00,0.000,11.1,18.3,3.5,330,13,11.7,22.4,3.8,335,12,11.7,22.4,3.8,335,12,281,29.00,0.7,0,0,0,41.9,45.3,47.5,0.38,0.20,0.26
SBRI,2019-11-08 09:30:00 EST,42.75217,-77.35931,1147,24.6,23.9,13.7,69.7,16.1,0.000,0.023,0.00,0.000,11.1,18.8,2.7,322,15,11.6,18.5,3.0,326,15,11.6,18.5,3.0,326,15,284,29.00,0.6,0,0,0,41.9,45.3,47.5,0.38,0.20,0.26
SBRI,2019-11-08 09:35:00 EST,42.75217,-77.35931,1147,24.5,23.8,12.7,69.2,15.9,0.000,0.023,0.00,0.000,12.9,18.6,2.8,322,10,13.4,19.6,2.8,326,11,13.4,19.6,2.8,326,11,307,29.01,0.7,0,0,0,41.9,45.3,47.5,0.38,0.20,0.26
SBRI,2019-11-08 09:40:00 EST,42.75217,-77.35931,1147,24.4,23.7,13.6,70.2,16.0,0.000,0.023,0.00,0.000,10.5,16.1,2.2,327,14,11.2,15.7,2.1,332,14,11.2,15.7,2.1,332,14,237,29.01,0.7,0,0,0,41.9,45.3,47.5,0.38,0.21,0.26
SBRI,2019-11-08 09:45:00 EST,42.75217,-77.35931,1147,24.8,24.0,13.6,69.2,16.2,0.000,0.023,0.00,0.000,12.2,19.6,3.2,314,15,12.4,20.0,3.3,317,15,12.4,20.0,3.3,317,15,327,29.01,0.7,0,0,0,41.9,45.3,47.5,0.38,0.20,0.26
SBRI,2019-11-08 09:50:00 EST,42.75217,-77.35931,1147,24.7,23.9,13.0,67.0,15.3,0.000,0.023,0.00,0.000,12.8,20.2,2.7,316,15,13.1,20.0,2.6,320,15,13.1,20.0,2.6,320,15,289,29.01,0.8,0,0,0,41.9,45.3,47.5,0.38,0.20,0.26
SBRI,2019-11-08 09:55:00 EST,42.75217,-77.35931,1147,24.9,24.1,13.4,68.5,15.9,0.000,0.023,0.00,0.000,12.4,17.4,2.5,323,13,12.8,18.3,2.5,326,13,12.8,18.3,2.5,326,13,333,29.01,0.7,0,0,0,41.9,45.3,47.5,0.38,0.20,0.26
SBRI,2019-11-08 10:00:00 EST,42.75217,-77.35931,1147,25.1,24.2,14.7,69.1,16.3,0.000,0.023,0.00,0.000,10.2,15.5,1.8,318,16,10.7,16.5,2.1,323,16,10.7,16.5,2.1,323,16,269,29.01,0.7,0,0,0,41.9,45.3,47.5,0.38,0.20,0.26
SBRI,2019-11-08 10:05:00 EST,42.75217,-77.35931,1147,25.4,24.4,14.2,68.4,16.4,0.000,0.023,0.00,0.000,11.5,20.1,3.1,318,28,12.5,21.1,3.3,323,25,12.5,21.1,3.3,323,25,442,29.01,0.9,0,0,0,41.8,45.3,47.5,0.38,0.20,0.26
SBRI,2019-11-08 10:10:00 EST,42.75217,-77.35931,1147,25.1,24.2,14.0,66.7,15.6,0.000,0.023,0.00,0.000,11.9,16.7,2.0,314,14,12.2,17.9,2.0,317,14,12.2,17.9,2.0,317,14,309,29.01,0.9,0,0,0,41.8,45.3,47.5,0.38,0.20,0.26
SBRI,2019-11-08 10:15:00 EST,42.75217,-77.35931,1147,25.0,24.2,13.6,67.7,15.8,0.000,0.023,0.00,0.000,12.4,20.1,3.7,308,19,12.8,21.4,3.9,311,19,12.8,21.4,3.9,311,19,198,29.01,1.0,0,0,0,41.8,45.3,47.5,0.38,0.21,0.26
SBRI,2019-11-08 10:20:00 EST,42.75217,-77.35931,1147,24.9,24.1,13.9,66.0,15.2,0.000,0.023,0.00,0.000,11.9,19.8,3.5,310,12,12.0,19.8,3.3,313,11,12.0,19.8,3.3,313,11,316,29.02,0.9,0,0,0,41.8,45.3,47.5,0.38,0.20,0.26
SBRI,2019-11-08 10:25:00 EST,42.75217,-77.35931,1147,25.5,24.5,15.7,66.9,16.0,0.000,0.023,0.00,0.000,9.4,15.8,2.5,321,15,9.8,15.7,2.6,325,16,9.8,15.7,2.6,325,16,394,29.02,1.1,0,0,0,41.7,45.3,47.5,0.38,0.21,0.26
SBRI,2019-11-08 10:30:00 EST,42.75217,-77.35931,1147,25.4,24.5,16.3,68.3,16.4,0.000,0.023,0.00,0.000,8.4,12.4,2.1,318,16,8.7,14.4,2.2,321,17,8.7,14.4,2.2,321,17,236,29.02,1.0,0,0,0,41.7,45.3,47.5,0.38,0.21,0.26
SBRI,2019-11-08 10:35:00 EST,42.75217,-77.35931,1147,25.1,24.2,15.6,70.4,16.8,0.000,0.023,0.00,0.000,8.7,14.4,2.8,314,16,9.2,15.0,2.7,317,16,9.2,15.0,2.7,317,16,199,29.02,0.9,0,0,0,41.7,45.3,47.5,0.38,0.20,0.26
SBRI,2019-11-08 10:40:00 EST,42.75217,-77.35931,1147,25.1,24.2,14.3,70.8,17.0,0.000,0.023,0.00,0.000,11.0,16.1,2.3,296,13,11.7,18.6,2.7,298,13,11.7,18.6,2.7,298,13,327,29.02,1.0,0,0,0,41.7,45.3,47.5,0.38,0.21,0.26
SBRI,2019-11-08 10:45:00 EST,42.75217,-77.35931,1147,25.7,24.7,17.1,69.7,17.2,0.000,0.023,0.00,0.000,8.0,14.4,2.4,314,18,8.2,16.0,2.3,317,17,8.2,16.0,2.3,317,17,407,29.02,1.0,0,0,0,41.7,45.3,47.5,0.38,0.20,0.26
SBRI,2019-11-08 10:50:00 EST,42.75217,-77.35931,1147,25.2,24.3,15.0,71.4,17.3,0.000,0.023,0.00,0.000,10.2,16.7,3.0,325,15,10.7,17.1,3.1,329,15,10.7,17.1,3.1,329,15,211,29.02,0.8,0,0,0,41.7,45.3,47.5,0.38,0.21,0.26
SBRI,2019-11-08 10:55:00 EST,42.75217,-77.35931,1147,24.7,23.9,12.9,70.3,16.4,0.000,0.023,0.00,0.000,13.1,20.4,2.9,326,11,13.5,19.9,3.1,331,10,13.5,19.9,3.1,331,10,279,29.02,1.0,0,0,0,41.8,45.3,47.5,0.38,0.21,0.26
SBRI,2019-11-08 11:00:00 EST,42.75217,-77.35931,1147,25.1,24.1,13.8,69.5,16.5,0.000,0.023,0.00,0.000,12.4,19.4,3.3,318,13,12.6,21.0,3.3,321,12,12.6,21.0,3.3,321,12,328,29.02,0.9,0,0,0,41.7,45.3,47.5,0.38,0.21,0.26
SBRI,2019-11-08 11:05:00 EST,42.75217,-77.35931,1147,24.8,23.9,13.7,72.3,17.2,0.000,0.023,0.00,0.000,11.5,17.5,2.9,305,18,12.1,17.3,3.0,308,18,12.1,17.3,3.0,308,18,283,29.02,0.7,0,0,0,41.7,45.3,47.5,0.38,0.20,0.26
SBRI,2019-11-08 11:10:00 EST,42.75217,-77.35931,1147,25.1,24.2,15.0,69.6,16.6,0.000,0.023,0.00,0.000,9.9,17.9,2.9,312,14,10.3,17.7,2.8,314,16,10.3,17.7,2.8,314,16,303,29.02,0.7,0,0,0,41.7,45.3,47.5,0.38,0.21,0.26
SBRI,2019-11-08 11:15:00 EST,42.75217,-77.35931,1147,25.0,24.1,13.4,68.5,16.1,0.000,0.023,0.00,0.000,12.8,19.7,2.5,330,17,13.3,20.6,2.8,334,12,13.3,20.6,2.8,334,12,221,29.02,0.9,0,0,0,41.7,45.3,47.5,0.38,0.20,0.26
SBRI,2019-11-08 11:20:00 EST,42.75217,-77.35931,1147,24.7,24.0,13.0,68.6,15.8,0.000,0.023,0.00,0.000,12.7,18.9,2.8,322,13,13.3,20.0,2.8,325,13,13.3,20.0,2.8,325,13,185,29.02,0.8,0,0,0,41.7,45.3,47.5,0.38,0.21,0.26
SBRI,2019-11-08 11:25:00 EST,42.75217,-77.35931,1147,24.5,23.9,12.9,66.4,14.9,0.000,0.023,0.00,0.000,12.6,18.0,2.9,313,10,12.9,18.5,2.8,317,9,12.9,18.5,2.8,317,9,137,29.02,0.9,0,0,0,41.7,45.3,47.5,0.38,0.21,0.26
SBRI,2019-11-08 11:30:00 EST,42.75217,-77.35931,1147,24.5,23.9,12.9,66.8,15.0,0.000,0.023,0.00,0.000,12.6,17.7,2.4,321,14,12.8,18.7,2.6,323,15,12.8,18.7,2.6,323,15,142,29.02,0.9,0,0,0,41.7,45.3,47.5,0.38,0.20,0.26
SBRI,2019-11-08 11:35:00 EST,42.75217,-77.35931,1147,24.7,24.1,14.6,67.3,15.4,0.000,0.023,0.00,0.000,9.7,16.9,2.5,312,19,10.2,17.4,2.7,315,18,10.2,17.4,2.7,315,18,194,29.02,0.8,0,0,0,41.7,45.3,47.5,0.38,0.20,0.26
SBRI,2019-11-08 11:40:00 EST,42.75217,-77.35931,1147,24.7,24.1,13.3,66.4,15.1,0.000,0.023,0.00,0.000,12.5,20.5,2.8,301,12,12.8,22.3,2.8,303,11,12.8,22.3,2.8,303,11,209,29.02,0.9,0,0,0,41.7,45.3,47.5,0.38,0.20,0.26
SBRI,2019-11-08 11:45:00 EST,42.75217,-77.35931,1147,25.3,24.5,15.3,64.8,15.2,0.000,0.023,0.00,0.000,10.0,15.3,2.4,313,13,10.3,15.2,2.5,316,12,10.3,15.2,2.5,316,12,424,29.02,0.9,0,0,0,41.7,45.2,47.5,0.38,0.21,0.26
SBRI,2019-11-08 11:50:00 EST,42.75217,-77.35931,1147,26.0,25.0,14.5,62.8,15.0,0.000,0.023,0.00,0.000,13.0,22.9,4.1,294,13,13.5,23.3,4.1,296,12,13.5,23.3,4.1,296,12,463,29.02,0.8,0,0,0,41.7,45.2,47.5,0.38,0.21,0.26
SBRI,2019-11-08 11:55:00 EST,42.75217,-77.35931,1147,26.1,25.1,14.4,62.3,15.0,0.000,0.023,0.00,0.000,13.6,22.9,3.5,299,14,14.2,24.5,3.8,300,14,14.2,24.5,3.8,300,14,471,29.01,0.9,0,0,0,41.7,45.2,47.5,0.38,0.21,0.26
SBRI,2019-11-08 12:00:00 EST,42.75217,-77.35931,1147,26.0,24.9,13.5,62.2,14.9,0.000,0.023,0.00,0.000,15.7,23.3,3.2,295,9,16.2,23.4,3.3,296,9,16.2,23.4,3.3,296,9,509,29.01,0.8,0,0,0,41.7,45.1,47.5,0.38,0.20,0.26
SBRI,2019-11-08 12:05:00 EST,42.75217,-77.35931,1147,26.1,24.9,14.6,64.5,15.8,0.000,0.023,0.00,0.000,13.5,21.0,3.4,302,11,13.7,21.4,3.3,304,11,13.7,21.4,3.3,304,11,471,29.01,0.3,0,0,0,41.7,45.1,47.5,0.38,0.20,0.26
SBRI,2019-11-08 12:10:00 EST,42.75217,-77.35931,1147,26.4,25.1,15.7,67.4,17.0,0.000,0.023,0.00,0.000,11.3,18.0,2.6,297,15,12.0,20.9,3.0,299,16,12.0,20.9,3.0,299,16,454,29.01,,0,0,0,41.7,45.1,47.5,0.38,0.21,0.26
SBRI,2019-11-08 12:15:00 EST,42.75217,-77.35931,1147,25.5,24.4,13.9,72.3,17.8,0.000,0.023,0.00,0.000,13.1,21.0,2.6,318,13,13.4,21.5,2.8,323,12,13.4,21.5,2.8,323,12,192,29.01,0.4,0,0,0,41.7,45.1,47.5,0.38,0.20,0.26
SBRI,2019-11-08 12:20:00 EST,42.75217,-77.35931,1147,24.9,24.1,14.8,72.4,17.3,0.000,0.023,0.00,0.000,10.1,16.6,2.6,313,10,10.2,16.5,2.5,317,11,10.2,16.5,2.5,317,11,308,29.01,1.0,0,0,0,41.7,45.1,47.5,0.38,0.21,0.26
SBRI,2019-11-08 12:25:00 EST,42.75217,-77.35931,1147,26.1,24.8,17.2,71.0,18.0,0.000,0.023,0.00,0.000,8.5,15.9,3.3,305,13,8.7,15.9,3.1,307,11,8.7,15.9,3.1,307,11,467,29.01,0.9,0,0,0,41.7,45.1,47.4,0.38,0.21,0.26
SBRI,2019-11-08 12:30:00 EST,42.75217,-77.35931,1147,26.2,25.0,16.2,66.4,16.5,0.000,0.023,0.00,0.000,9.9,17.1,3.4,296,14,10.4,17.5,3.5,296,13,10.4,17.5,3.5,296,13,376,29.01,,0,0,0,41.7,45.1,47.5,0.38,0.21,0.26
SBRI,2019-11-08 12:35:00 EST,42.75217,-77.35931,1147,26.3,25.1,14.5,62.6,15.2,0.000,0.023,0.00,0.000,14.3,23.7,2.8,303,13,14.4,22.5,2.9,304,14,14.4,22.5,2.9,304,14,516,29.01,,0,0,0,41.8,45.1,47.4,0.38,0.21,0.26
SBRI,2019-11-08 12:40:00 EST,42.75217,-77.35931,1147,26.1,24.9,14.4,62.7,15.2,0.000,0.023,0.00,0.000,13.7,20.2,2.8,297,11,14.2,20.1,2.8,300,11,14.2,20.1,2.8,300,11,569,29.01,,0,0,0,41.8,45.1,47.5,0.38,0.20,0.26
SBRI,2019-11-08 12:45:00 EST,42.75217,-77.35931,1147,26.4,25.2,14.4,63.1,15.5,0.000,0.023,0.00,0.000,14.2,21.3,2.8,295,16,15.0,22.0,3.3,298,15,15.0,22.0,3.3,298,15,476,29.01,1.1,0,0,0,41.8,45.1,47.4,0.38,0.20,0.26
SBRI,2019-11-08 12:50:00 EST,42.75217,-77.35931,1147,26.5,25.4,14.7,63.6,15.8,0.000,0.023,0.00,0.000,14.2,21.1,3.1,314,15,14.6,22.2,3.3,318,15,14.6,22.2,3.3,318,15,484,29.01,1.3,0,0,0,41.8,45.1,47.4,0.38,0.20,0.26
SBRI,2019-11-08 12:55:00 EST,42.75217,-77.35931,1147,26.5,25.4,14.5,61.2,14.9,0.000,0.023,0.00,0.000,14.9,21.6,2.2,302,11,15.1,21.7,2.3,304,10,15.1,21.7,2.3,304,10,476,29.01,,0,0,0,41.8,45.1,47.4,0.38,0.20,0.26
SBRI,2019-11-08 13:00:00 EST,42.75217,-77.35931,1147,26.3,25.2,14.2,60.7,14.6,0.000,0.023,0.00,0.000,14.5,20.6,3.1,290,11,15.4,23.7,3.5,291,10,15.4,23.7,3.5,291,10,484,29.00,1.3,0,0,0,41.8,45.1,47.3,0.38,0.21,0.26
SBRI,2019-11-08 13:05:00 EST,42.75217,-77.35931,1147,26.5,25.4,15.4,61.1,14.9,0.000,0.023,0.00,0.000,12.7,21.6,3.2,290,13,13.1,21.7,3.5,292,11,13.1,21.7,3.5,292,11,425,29.01,,0,0,0,41.8,45.1,47.3,0.38,0.20,0.26
SBRI,2019-11-08 13:10:00 EST,42.75217,-77.35931,1147,26.8,25.6,16.7,62.1,15.5,0.000,0.023,0.00,0.000,10.4,16.4,2.7,304,15,10.9,16.7,2.6,306,16,10.9,16.7,2.6,306,16,296,29.01,1.2,0,0,0,41.9,45.1,47.3,0.39,0.21,0.26
SBRI,2019-11-08 13:15:00 EST,42.75217,-77.35931,1147,26.1,25.3,16.1,61.7,14.8,0.000,0.023,0.00,0.000,10.5,19.0,3.2,305,14,10.7,19.4,3.0,307,14,10.7,19.4,3.0,307,14,248,29.01,1.1,0,0,0,41.9,45.1,47.3,0.39,0.20,0.26
SBRI,2019-11-08 13:20:00 EST,42.75217,-77.35931,1147,26.5,25.6,16.3,62.0,15.3,0.000,0.023,0.00,0.000,10.9,17.7,3.4,301,13,11.2,18.6,3.6,304,13,11.2,18.6,3.6,304,13,381,29.01,1.0,0,0,0,41.8,45.1,47.3,0.39,0.21,0.26
SBRI,2019-11-08 13:25:00 EST,42.75217,-77.35931,1147,26.8,25.7,16.9,62.1,15.5,0.000,0.023,0.00,0.000,10.0,14.1,2.1,296,11,10.5,17.6,2.3,298,11,10.5,17.6,2.3,298,11,402,29.01,1.0,0,0,0,41.9,45.1,47.3,0.39,0.21,0.26
SBRI,2019-11-08 13:30:00 EST,42.75217,-77.35931,1147,26.7,25.6,15.1,60.6,14.9,0.000,0.023,0.00,0.000,14.0,20.5,2.8,308,13,14.4,22.0,2.7,311,12,14.4,22.0,2.7,311,12,427,29.01,1.0,0,0,0,41.9,45.1,47.3,0.39,0.21,0.26
SBRI,2019-11-08 13:35:00 EST,42.75217,-77.35931,1147,26.9,25.9,16.2,60.0,14.9,0.000,0.023,0.00,0.000,12.0,19.7,3.4,301,16,12.6,22.8,3.7,302,17,12.6,22.8,3.7,302,17,421,29.01,0.9,0,0,0,41.9,45.1,47.3,0.39,0.20,0.26
SBRI,2019-11-08 13:40:00 EST,42.75217,-77.35931,1147,26.7,25.6,15.2,61.4,15.2,0.000,0.023,0.00,0.000,13.4,23.1,3.0,301,15,14.1,24.5,3.2,303,14,14.1,24.5,3.2,303,14,334,29.01,0.9,0,0,0,41.9,45.1,47.3,0.39,0.21,0.26
SBRI,2019-11-08 13:45:00 EST,42.75217,-77.35931,1147,26.5,25.5,15.6,61.6,15.1,0.000,0.023,0.00,0.000,12.2,18.3,2.7,311,15,12.6,17.7,2.7,314,13,12.6,17.7,2.7,314,13,310,29.01,1.0,0,0,0,41.9,45.1,47.3,0.39,0.21,0.26
SBRI,2019-11-08 13:50:00 EST,42.75217,-77.35931,1147,26.3,25.4,15.6,61.9,15.0,0.000,0.023,0.00,0.000,11.5,15.9,2.0,302,11,11.9,17.3,2.1,302,10,11.9,17.3,2.1,302,10,208,29.01,1.0,0,0,0,41.9,45.1,47.3,0.39,0.21,0.26
SBRI,2019-11-08 13:55:00 EST,42.75217,-77.35931,1147,26.1,25.4,15.6,61.9,14.8,0.000,0.023,0.00,0.000,10.8,16.2,2.3,301,17,11.4,18.7,2.7,303,16,11.4,18.7,2.7,303,16,217,29.01,1.1,0,0,0,41.9,45.1,47.3,0.39,0.20,0.26
SBRI,2019-11-08 14:00:00 EST,42.75217,-77.35931,1147,26.5,25.7,17.0,61.3,15.0,0.000,0.023,0.00,0.000,9.4,14.6,2.5,322,15,9.9,16.8,2.5,325,15,9.9,16.8,2.5,325,15,304,29.01,1.0,0,0,0,41.9,45.1,47.3,0.39,0.21,0.26
SBRI,2019-11-08 14:05:00 EST,42.75217,-77.35931,1147,26.2,25.4,15.7,60.3,14.3,0.000,0.023,0.00,0.000,11.2,17.8,3.3,314,11,11.5,17.3,3.0,317,11,11.5,17.3,3.0,317,11,124,29.01,1.0,0,0,0,41.9,45.1,47.3,0.39,0.20,0.26
SBRI,2019-11-08 14:10:00 EST,42.75217,-77.35931,1147,25.6,25.1,15.8,60.2,13.8,0.000,0.023,0.00,0.000,9.7,16.3,2.9,324,13,10.1,17.3,3.0,327,13,10.1,17.3,3.0,327,13,132,29.01,1.0,0,0,0,41.9,45.1,47.3,0.39,0.21,0.26
SBRI,2019-11-08 14:15:00 EST,42.75217,-77.35931,1147,25.9,25.2,15.8,61.1,14.3,0.000,0.023,0.00,0.000,10.0,15.5,2.2,321,19,10.5,16.1,2.4,324,19,10.5,16.1,2.4,324,19,161,29.01,1.0,0,0,0,41.9,45.1,47.3,0.39,0.21,0.26
SBRI,2019-11-08 14:20:00 EST,42.75217,-77.35931,1147,25.5,25.0,15.7,62.8,14.6,0.000,0.023,0.00,0.000,9.5,14.1,1.9,326,16,10.0,16.2,2.2,330,16,10.0,16.2,2.2,330,16,79,29.01,1.0,0,0,0,41.9,45.1,47.3,0.39,0.21,0.26
SBRI,2019-11-08 14:25:00 EST,42.75217,-77.35931,1147,25.3,24.9,14.9,64.2,14.9,0.000,0.023,0.00,0.000,10.7,15.1,2.0,327,15,11.1,18.0,2.4,332,14,11.1,18.0,2.4,332,14,113,29.01,1.1,0,0,0,41.8,45.1,47.3,0.39,0.21,0.26
SBRI,2019-11-08 14:30:00 EST,42.75217,-77.35931,1147,25.7,25.1,16.8,64.2,15.3,0.000,0.023,0.00,0.000,8.2,13.0,1.8,325,15,8.6,14.6,1.9,328,14,8.6,14.6,1.9,328,14,192,29.01,1.0,0,0,0,41.8,45.1,47.3,0.39,0.20,0.26
SBRI,2019-11-08 14:35:00 EST,42.75217,-77.35931,1147,26.1,25.4,18.8,63.7,15.4,0.000,0.023,0.00,0.000,6.3,8.5,1.1,322,12,6.5,9.4,1.3,326,11,6.5,9.4,1.3,326,11,191,29.01,1.0,0,0,0,41.7,45.1,47.3,0.39,0.21,0.26
SBRI,2019-11-08 14:40:00 EST,42.75217,-77.35931,1147,26.3,25.7,19.3,62.9,15.4,0.000,0.023,0.00,0.000,5.9,10.7,1.9,318,20,6.2,12.6,2.0,321,20,6.2,12.6,2.0,321,20,144,29.01,1.0,0,0,0,41.7,45.1,47.3,0.39,0.21,0.26
SBRI,2019-11-08 14:45:00 EST,42.75217,-77.35931,1147,26.1,25.6,16.8,61.9,14.8,0.000,0.023,0.00,0.000,8.9,16.1,2.5,323,19,9.3,15.8,2.6,327,19,9.3,15.8,2.6,327,19,102,29.01,1.0,0,0,0,41.7,45.1,47.3,0.39,0.21,0.26
SBRI,2019-11-08 14:50:00 EST,42.75217,-77.35931,1147,26.0,25.5,16.3,60.3,14.1,0.000,0.023,0.00,0.000,9.7,14.0,1.7,324,13,10.0,15.1,1.9,327,13,10.0,15.1,1.9,327,13,145,29.01,1.0,0,0,0,41.8,45.1,47.3,0.39,0.21,0.26
SBRI,2019-11-08 14:55:00 EST,42.75217,-77.35931,1147,25.7,25.3,15.8,60.3,13.9,0.000,0.023,0.00,0.000,9.8,15.4,2.3,328,17,10.3,16.4,2.4,332,12,10.3,16.4,2.4,332,12,78,29.01,1.0,0,0,0,41.7,45.1,47.3,0.39,0.21,0.26
SBRI,2019-11-08 15:00:00 EST,42.75217,-77.35931,1147,25.5,25.1,16.2,61.1,14.0,0.000,0.023,0.00,0.000,8.5,17.0,2.1,322,12,9.0,16.8,2.1,323,10,9.0,16.8,2.1,323,10,57,29.01,1.0,0,0,0,41.7,45.1,47.3,0.39,0.21,0.26
SBRI,2019-11-08 15:05:00 EST,42.75217,-77.35931,1147,25.5,25.1,15.4,60.3,13.6,0.000,0.023,0.00,0.000,10.2,16.4,2.3,318,12,10.5,17.2,2.2,321,10,10.5,17.2,2.2,321,10,66,29.01,1.0,0,0,0,41.7,45.1,47.3,0.39,0.21,0.26
SBRI,2019-11-08 15:10:00 EST,42.75217,-77.35931,1147,25.6,25.2,15.5,59.8,13.5,0.000,0.023,0.00,0.000,10.1,15.1,2.2,303,11,10.4,15.9,2.2,306,10,10.4,15.9,2.2,306,10,89,29.02,1.0,0,0,0,41.7,45.1,47.3,0.39,0.21,0.26
SBRI,2019-11-08 15:15:00 EST,42.75217,-77.35931,1147,25.7,25.3,15.9,59.1,13.4,0.000,0.023,0.00,0.000,9.9,14.7,2.0,307,12,10.0,14.3,2.1,309,11,10.0,14.3,2.1,309,11,88,29.02,1.0,0,0,0,41.7,45.0,47.3,0.39,0.21,0.26
SBRI,2019-11-08 15:20:00 EST,42.75217,-77.35931,1147,25.7,25.3,17.2,59.8,13.6,0.000,0.023,0.00,0.000,7.6,10.4,1.4,318,11,7.9,10.7,1.4,321,11,7.9,10.7,1.4,321,11,86,29.02,1.0,0,0,0,41.7,45.0,47.3,0.39,0.21,0.26
SBRI,2019-11-08 15:25:00 EST,42.75217,-77.35931,1147,25.6,25.3,17.9,60.8,13.9,0.000,0.023,0.00,0.000,6.6,9.6,1.2,303,16,6.9,10.7,1.3,305,17,6.9,10.7,1.3,305,17,68,29.02,1.0,0,0,0,41.7,45.0,47.3,0.39,0.21,0.26
SBRI,2019-11-08 15:30:00 EST,42.75217,-77.35931,1147,25.7,25.3,16.9,60.3,13.8,0.000,0.023,0.00,0.000,8.0,12.6,1.9,296,11,8.3,12.6,1.9,298,11,8.3,12.6,1.9,298,11,72,29.02,1.0,0,0,0,41.7,45.0,47.3,0.39,0.21,0.26
SBRI,2019-11-08 15:35:00 EST,42.75217,-77.35931,1147,25.6,25.3,16.5,60.9,14.0,0.000,0.023,0.00,0.000,8.5,12.9,2.0,296,11,8.9,14.3,2.0,297,11,8.9,14.3,2.0,297,11,64,29.02,1.0,0,0,0,41.7,45.0,47.3,0.39,0.20,0.26
SBRI,2019-11-08 15:40:00 EST,42.75217,-77.35931,1147,25.6,25.3,17.6,61.3,14.1,0.000,0.023,0.00,0.000,7.1,10.7,1.5,310,13,7.4,11.0,1.5,313,12,7.4,11.0,1.5,313,12,60,29.02,1.0,0,0,0,41.7,45.0,47.3,0.39,0.21,0.26
SBRI,2019-11-08 15:45:00 EST,42.75217,-77.35931,1147,25.6,25.3,18.7,60.5,13.8,0.000,0.023,0.00,0.000,5.5,12.2,2.2,298,14,5.9,11.7,2.1,301,13,5.9,11.7,2.1,301,13,61,29.02,1.0,0,0,0,41.7,45.0,47.3,0.39,0.21,0.26
SBRI,2019-11-08 15:50:00 EST,42.75217,-77.35931,1147,25.5,25.3,17.4,60.5,13.8,0.000,0.023,0.00,0.000,6.9,10.7,1.7,289,12,7.4,11.5,1.8,291,11,7.4,11.5,1.8,291,11,42,29.02,1.0,0,0,0,41.7,45.0,47.3,0.39,0.21,0.26
SBRI,2019-11-08 15:55:00 EST,42.75217,-77.35931,1147,25.3,25.2,17.1,61.6,14.0,0.000,0.023,0.00,0.000,7.1,9.6,1.0,295,12,7.5,10.9,1.2,297,12,7.5,10.9,1.2,297,12,36,29.02,1.0,0,0,0,41.7,45.0,47.3,0.39,0.21,0.26
SBRI,2019-11-08 16:00:00 EST,42.75217,-77.35931,1147,25.3,25.2,16.7,61.2,13.8,0.000,0.023,0.00,0.000,7.7,12.2,1.5,297,12,8.0,12.6,1.6,299,12,8.0,12.6,1.6,299,12,32,29.02,1.0,0,0,0,41.7,45.0,47.3,0.39,0.21,0.26
SBRI,2019-11-08 16:05:00 EST,42.75217,-77.35931,1147,25.2,25.1,16.6,61.2,13.7,0.000,0.023,0.00,0.000,7.8,11.5,1.9,301,13,7.9,11.3,1.7,304,12,7.9,11.3,1.7,304,12,31,29.02,1.0,0,0,0,41.7,45.0,47.3,0.39,0.21,0.26
SBRI,2019-11-08 16:10:00 EST,42.75217,-77.35931,1147,25.1,25.0,16.4,61.6,13.7,0.000,0.023,0.00,0.000,7.9,12.7,2.0,301,12,8.1,12.4,1.9,303,11,8.1,12.4,1.9,303,11,35,29.02,1.0,0,0,0,41.7,45.0,47.3,0.39,0.21,0.26
SBRI,2019-11-08 16:15:00 EST,42.75217,-77.35931,1147,25.0,24.9,17.5,62.4,14.0,0.000,0.023,0.00,0.000,6.1,10.5,1.4,294,11,6.5,11.6,1.4,296,10,6.5,11.6,1.4,296,10,29,29.02,1.0,0,0,0,41.7,45.0,47.3,0.39,0.21,0.26
SBRI,2019-11-08 16:20:00 EST,42.75217,-77.35931,1147,25.0,25.0,17.0,62.6,14.0,0.000,0.023,0.00,0.000,6.7,9.9,1.5,294,9,7.0,10.5,1.6,295,9,7.0,10.5,1.6,295,9,26,29.02,1.0,0,0,0,41.7,45.0,47.3,0.39,0.21,0.26
SBRI,2019-11-08 16:25:00 EST,42.75217,-77.35931,1147,24.7,24.9,17.1,63.8,14.1,0.000,0.023,0.00,0.000,6.0,8.3,1.0,291,12,6.5,9.2,1.0,293,11,6.5,9.2,1.0,293,11,23,29.02,1.0,0,0,0,41.7,45.0,47.3,0.39,0.21,0.26
SBRI,2019-11-08 16:30:00 EST,42.75217,-77.35931,1147,24.7,24.9,16.5,62.9,13.9,0.000,0.023,0.00,0.000,7.0,9.0,1.0,290,9,7.3,10.4,1.1,291,9,7.3,10.4,1.1,291,9,20,29.03,1.1,0,0,0,41.7,45.0,47.3,0.39,0.21,0.26
SBRI,2019-11-08 16:35:00 EST,42.75217,-77.35931,1147,24.8,24.9,16.5,62.3,13.7,0.000,0.023,0.00,0.000,7.1,9.8,1.3,290,8,7.4,10.3,1.4,291,8,7.4,10.3,1.4,291,8,17,29.03,1.0,0,0,0,41.7,45.0,47.3,0.39,0.21,0.26
SBRI,2019-11-08 16:40:00 EST,42.75217,-77.35931,1147,24.6,24.9,16.6,62.8,13.7,0.000,0.023,0.00,0.000,6.8,9.4,1.2,290,8,7.0,9.9,1.3,292,8,7.0,9.9,1.3,292,8,14,29.03,1.1,0,0,0,41.7,45.0,47.3,0.39,0.21,0.26
SBRI,2019-11-08 16:45:00 EST,42.75217,-77.35931,1147,24.2,24.7,16.7,63.7,13.7,0.000,0.023,0.00,0.000,5.9,8.5,1.0,288,8,6.2,8.9,1.1,289,8,6.2,8.9,1.1,289,8,11,29.03,1.0,0,0,0,41.7,45.0,47.2,0.39,0.21,0.26
SBRI,2019-11-08 16:50:00 EST,42.75217,-77.35931,1147,24.4,24.7,15.7,63.7,13.8,0.000,0.023,0.00,0.000,7.4,10.2,1.4,284,12,7.9,11.7,1.6,286,11,7.9,11.7,1.6,286,11,8,29.03,1.0,0,0,0,41.6,45.0,47.2,0.39,0.20,0.26
SBRI,2019-11-08 16:55:00 EST,42.75217,-77.35931,1147,24.3,24.7,15.9,63.3,13.6,0.000,0.023,0.00,0.000,6.9,11.6,1.4,278,8,7.5,13.3,1.7,279,7,7.5,13.3,1.7,279,7,6,29.03,1.0,0,0,0,41.5,45.0,47.1,0.39,0.21,0.26
SBRI,2019-11-08 17:00:00 EST,42.75217,-77.35931,1147,24.0,24.5,15.9,64.2,13.7,0.000,0.023,0.00,0.000,6.6,10.2,1.3,278,9,7.0,11.7,1.5,280,7,7.0,11.7,1.5,280,7,3,29.03,1.0,0,0,0,41.5,45.0,47.2,0.39,0.21,0.26
SBRI,2019-11-08 17:05:00 EST,42.75217,-77.35931,1147,23.5,24.2,16.7,65.5,13.6,0.000,0.023,0.00,0.000,5.1,6.8,0.6,285,7,5.4,7.5,0.7,286,6,5.4,7.5,0.7,286,6,2,29.03,1.1,0,0,0,41.5,45.0,47.1,0.39,0.21,0.26
SBRI,2019-11-08 17:10:00 EST,42.75217,-77.35931,1147,23.4,24.2,15.9,66.2,13.8,0.000,0.023,0.00,0.000,5.8,7.5,0.8,284,6,6.1,8.4,0.9,285,6,6.1,8.4,0.9,285,6,1,29.03,1.0,0,0,0,41.5,45.0,47.1,0.39,0.21,0.26
SBRI,2019-11-08 17:15:00 EST,42.75217,-77.35931,1147,23.1,24.1,16.0,66.5,13.6,0.000,0.023,0.00,0.000,5.3,6.6,0.5,285,6,5.7,7.3,0.6,287,7,5.7,7.3,0.6,287,7,0,29.03,1.1,0,0,0,41.5,45.0,47.1,0.39,0.20,0.26
SBRI,2019-11-08 17:20:00 EST,42.75217,-77.35931,1147,22.9,24.1,15.5,67.1,13.6,0.000,0.023,0.00,0.000,5.5,7.4,0.7,284,6,5.9,8.6,0.9,286,6,5.9,8.6,0.9,286,6,0,29.04,1.0,0,0,0,41.5,45.0,47.1,0.39,0.21,0.26
SBRI,2019-11-08 17:25:00 EST,42.75217,-77.35931,1147,22.8,23.9,14.9,67.6,13.7,0.000,0.023,0.00,0.000,6.0,7.2,0.6,282,6,6.4,8.2,0.7,284,5,6.4,8.2,0.7,284,5,0,29.04,1.1,0,0,0,41.5,45.0,47.1,0.39,0.21,0.26
SBRI,2019-11-08 17:30:00 EST,42.75217,-77.35931,1147,22.7,23.7,14.6,68.1,13.7,0.000,0.023,0.00,0.000,6.2,8.0,0.7,283,6,6.6,9.0,0.8,285,5,6.6,9.0,0.8,285,5,0,29.04,1.1,0,0,0,41.5,45.0,47.1,0.39,0.21,0.26
SBRI,2019-11-08 17:35:00 EST,42.75217,-77.35931,1147,22.9,23.8,14.6,67.9,13.9,0.000,0.023,0.00,0.000,6.7,8.8,1.1,287,6,7.0,9.5,1.1,288,5,7.0,9.5,1.1,288,5,0,29.04,1.1,0,0,0,41.5,45.0,47.1,0.39,0.20,0.26
SBRI,2019-11-08 17:40:00 EST,42.75217,-77.35931,1147,22.8,23.6,14.8,67.9,13.8,0.000,0.023,0.00,0.000,6.2,8.0,0.9,288,6,6.6,8.7,1.0,289,6,6.6,8.7,1.0,289,6,0,29.04,1.1,0,0,0,41.4,45.0,47.1,0.39,0.21,0.26
SBRI,2019-11-08 17:45:00 EST,42.75217,-77.35931,1147,22.9,23.6,15.0,67.9,13.9,0.000,0.023,0.00,0.000,6.2,8.6,1.0,291,8,6.5,9.1,1.1,292,7,6.5,9.1,1.1,292,7,0,29.04,1.1,0,0,0,41.4,45.0,47.1,0.39,0.21,0.26
SBRI,2019-11-08 17:50:00 EST,42.75217,-77.35931,1147,22.9,23.6,14.9,67.7,13.8,0.000,0.023,0.00,0.000,6.1,8.4,0.8,289,7,6.5,8.6,0.9,291,7,6.5,8.6,0.9,291,7,0,29.04,1.1,0,0,0,41.4,45.0,47.1,0.39,0.20,0.26
SBRI,2019-11-08 17:55:00 EST,42.75217,-77.35931,1147,22.6,23.4,15.3,68.1,13.7,0.000,0.023,0.00,0.000,5.5,8.6,0.9,286,7,5.8,9.6,1.0,288,6,5.8,9.6,1.0,288,6,0,29.04,1.0,0,0,0,41.4,45.0,47.1,0.39,0.20,0.26
SBRI,2019-11-08 18:00:00 EST,42.75217,-77.35931,1147,22.4,23.3,15.4,68.7,13.6,0.000,0.023,0.00,0.000,4.9,7.6,0.8,287,7,5.3,8.6,0.9,288,6,5.3,8.6,0.9,288,6,0,29.05,1.1,0,0,0,41.4,45.0,47.1,0.39,0.21,0.26
SBRI,2019-11-08 18:05:00 EST,42.75217,-77.35931,1147,22.5,23.4,15.4,69.3,13.9,0.000,0.023,0.00,0.000,5.0,7.5,0.9,289,10,5.4,9.2,1.1,290,8,5.4,9.2,1.1,290,8,0,29.05,1.1,0,0,0,41.4,45.0,47.1,0.39,0.21,0.26
SBRI,2019-11-08 18:10:00 EST,42.75217,-77.35931,1147,22.5,23.3,15.5,69.4,14.0,0.000,0.023,0.00,0.000,5.0,7.6,0.9,289,12,5.4,8.5,1.0,292,10,5.4,8.5,1.0,292,10,0,29.05,1.1,0,0,0,41.3,45.0,47.1,0.39,0.20,0.26
SBRI,2019-11-08 18:15:00 EST,42.75217,-77.35931,1147,22.5,23.3,16.2,69.4,14.0,0.000,0.023,0.00,0.000,4.5,6.1,0.9,288,9,4.8,6.9,1.0,290,7,4.8,6.9,1.0,290,7,0,29.05,1.1,0,0,0,41.2,45.0,47.1,0.39,0.20,0.26
SBRI,2019-11-08 18:20:00 EST,42.75217,-77.35931,1147,22.2,23.2,15.8,69.9,13.9,0.000,0.023,0.00,0.000,4.5,6.1,0.6,286,6,4.8,6.5,0.7,288,5,4.8,6.5,0.7,288,5,0,29.05,1.0,0,0,0,41.2,45.0,47.1,0.39,0.21,0.26
SBRI,2019-11-08 18:25:00 EST,42.75217,-77.35931,1147,21.8,22.9,15.4,71.3,13.9,0.000,0.023,0.00,0.000,4.4,6.9,0.7,291,8,4.7,7.2,0.7,293,7,4.7,7.2,0.7,293,7,0,29.05,1.1,0,0,0,41.2,44.9,47.1,0.39,0.21,0.26
SBRI,2019-11-08 18:30:00 EST,42.75217,-77.35931,1147,21.7,22.9,15.2,72.3,14.2,0.000,0.023,0.00,0.000,4.5,6.5,0.8,292,9,4.8,7.1,0.9,294,8,4.8,7.1,0.9,294,8,0,29.05,1.1,0,0,0,41.2,45.0,47.1,0.39,0.20,0.26
SBRI,2019-11-08 18:35:00 EST,42.75217,-77.35931,1147,22.0,23.0,14.6,72.0,14.3,0.000,0.023,0.00,0.000,5.4,7.2,0.9,291,8,5.7,8.4,0.9,294,8,5.7,8.4,0.9,294,8,0,29.05,1.1,0,0,0,41.0,45.0,47.1,0.39,0.20,0.26
SBRI,2019-11-08 18:40:00 EST,42.75217,-77.35931,1147,22.2,23.0,15.4,70.8,14.2,0.000,0.023,0.00,0.000,4.8,6.6,0.8,287,9,5.2,7.0,0.9,289,7,5.2,7.0,0.9,289,7,0,29.05,1.1,0,0,0,41.0,44.9,47.1,0.39,0.20,0.26
SBRI,2019-11-08 18:45:00 EST,42.75217,-77.35931,1147,21.9,22.9,15.2,71.2,14.1,0.000,0.023,0.00,0.000,4.8,6.6,0.6,289,7,5.1,6.8,0.7,291,7,5.1,6.8,0.7,291,7,0,29.05,1.1,0,0,0,41.0,44.9,47.1,0.39,0.21,0.26
SBRI,2019-11-08 18:50:00 EST,42.75217,-77.35931,1147,22.2,23.0,14.6,71.5,14.4,0.000,0.023,0.00,0.000,5.5,8.2,1.2,288,9,6.0,9.3,1.3,289,9,6.0,9.3,1.3,289,9,0,29.05,1.1,0,0,0,41.0,44.9,47.1,0.39,0.20,0.26
SBRI,2019-11-08 18:55:00 EST,42.75217,-77.35931,1147,22.5,23.2,14.7,70.7,14.4,0.000,0.023,0.00,0.000,5.7,7.0,0.7,281,9,6.2,8.1,0.8,283,7,6.2,8.1,0.8,283,7,0,29.05,1.1,0,0,0,40.9,44.9,47.1,0.39,0.20,0.26
SBRI,2019-11-08 19:00:00 EST,42.75217,-77.35931,1147,22.2,23.0,14.3,71.0,14.3,0.000,0.023,0.00,0.000,5.9,8.1,0.8,280,7,6.4,8.6,1.0,282,6,6.4,8.6,1.0,282,6,0,29.05,1.1,0,0,0,40.8,44.9,47.1,0.39,0.20,0.26
SBRI,2019-11-08 19:05:00 EST,42.75217,-77.35931,1147,22.1,22.8,14.3,71.6,14.3,0.000,0.023,0.00,0.000,5.7,8.3,0.9,285,8,6.1,8.9,1.0,286,6,6.1,8.9,1.0,286,6,0,29.05,1.2,0,0,0,40.8,44.8,47.1,0.39,0.21,0.26
SBRI,2019-11-08 19:10:00 EST,42.75217,-77.35931,1147,22.2,23.0,14.1,71.8,14.5,0.000,0.023,0.00,0.000,6.1,9.5,1.1,289,9,6.6,10.6,1.2,291,7,6.6,10.6,1.2,291,7,0,29.05,1.1,0,0,0,40.8,44.8,47.1,0.39,0.20,0.26
SBRI,2019-11-08 19:15:00 EST,42.75217,-77.35931,1147,22.0,22.8,14.3,71.6,14.2,0.000,0.023,0.00,0.000,5.7,7.7,0.9,286,7,6.0,8.5,1.0,288,6,6.0,8.5,1.0,288,6,0,29.05,1.1,0,0,0,40.7,44.8,47.1,0.39,0.21,0.26
SBRI,2019-11-08 19:20:00 EST,42.75217,-77.35931,1147,21.9,22.7,14.2,71.8,14.2,0.000,0.023,0.00,0.000,5.6,7.6,0.8,288,8,6.0,8.2,0.8,290,7,6.0,8.2,0.8,290,7,0,29.05,1.1,0,0,0,40.6,44.8,47.1,0.39,0.21,0.26
SBRI,2019-11-08 19:25:00 EST,42.75217,-77.35931,1147,22.0,22.8,13.6,72.1,14.4,0.000,0.023,0.00,0.000,6.5,8.2,0.8,290,6,6.8,9.1,0.9,291,6,6.8,9.1,0.9,291,6,0,29.05,1.1,0,0,0,40.6,44.8,47.1,0.39,0.20,0.26
SBRI,2019-11-08 19:30:00 EST,42.75217,-77.35931,1147,21.9,22.8,13.1,72.2,14.4,0.000,0.023,0.00,0.000,7.0,8.4,0.7,286,6,7.4,9.3,0.9,288,5,7.4,9.3,0.9,288,5,0,29.05,1.1,0,0,0,40.6,44.8,47.1,0.39,0.21,0.26
SBRI,2019-11-08 19:35:00 EST,42.75217,-77.35931,1147,22.0,22.8,13.2,72.4,14.5,0.000,0.023,0.00,0.000,7.0,9.0,0.9,285,7,7.4,9.8,0.9,287,5,7.4,9.8,0.9,287,5,0,29.05,1.1,0,0,0,40.6,44.8,47.1,0.39,0.20,0.26
SBRI,2019-11-08 19:40:00 EST,42.75217,-77.35931,1147,22.2,22.8,13.2,72.3,14.6,0.000,0.023,0.00,0.000,7.2,9.3,0.8,284,8,7.6,9.7,1.0,285,6,7.6,9.7,1.0,285,6,0,29.05,1.1,0,0,0,40.6,44.8,47.1,0.39,0.21,0.26
SBRI,2019-11-08 19:45:00 EST,42.75217,-77.35931,1147,22.1,22.8,13.3,72.3,14.6,0.000,0.023,0.00,0.000,7.0,8.9,0.9,285,6,7.4,9.6,1.1,286,5,7.4,9.6,1.1,286,5,0,29.06,1.1,0,0,0,40.5,44.8,47.1,0.39,0.20,0.26
SBRI,2019-11-08 19:50:00 EST,42.75217,-77.35931,1147,22.0,22.8,13.2,72.6,14.5,0.000,0.023,0.00,0.000,7.0,9.1,0.9,286,5,7.4,9.8,1.0,287,4,7.4,9.8,1.0,287,4,0,29.06,1.1,0,0,0,40.5,44.8,47.1,0.39,0.20,0.26
SBRI,2019-11-08 19:55:00 EST,42.75217,-77.35931,1147,22.0,22.8,13.0,72.7,14.6,0.000,0.023,0.00,0.000,7.1,8.4,0.6,284,6,7.5,9.3,0.7,286,5,7.5,9.3,0.7,286,5,0,29.06,1.1,0,0,0,40.5,44.8,47.1,0.39,0.20,0.26
SBRI,2019-11-08 20:00:00 EST,42.75217,-77.35931,1147,21.8,22.7,13.1,73.1,14.5,0.000,0.023,0.00,0.000,6.8,7.9,0.6,283,6,7.2,8.8,0.8,285,5,7.2,8.8,0.8,285,5,0,29.06,1.1,0,0,0,40.5,44.8,47.1,0.39,0.20,0.26
SBRI,2019-11-08 20:05:00 EST,42.75217,-77.35931,1147,21.6,22.6,12.9,73.5,14.4,0.000,0.023,0.00,0.000,6.7,8.0,0.6,283,5,7.0,9.1,0.7,285,4,7.0,9.1,0.7,285,4,0,29.06,1.1,0,0,0,40.5,44.8,47.1,0.39,0.20,0.26
SBRI,2019-11-08 20:10:00 EST,42.75217,-77.35931,1147,21.3,22.6,12.7,74.1,14.3,0.000,0.023,0.00,0.000,6.5,7.4,0.4,283,4,6.8,7.8,0.5,284,3,6.8,7.8,0.5,284,3,0,29.06,1.1,0,0,0,40.5,44.8,47.1,0.39,0.20,0.26
SBRI,2019-11-08 20:15:00 EST,42.75217,-77.35931,1147,21.0,22.6,12.8,74.6,14.2,0.000,0.023,0.00,0.000,6.1,7.1,0.4,284,4,6.4,7.3,0.4,285,4,6.4,7.3,0.4,285,4,0,29.06,1.1,0,0,0,40.3,44.8,47.1,0.39,0.20,0.26
SBRI,2019-11-08 20:20:00 EST,42.75217,-77.35931,1147,21.0,22.5,13.3,75.1,14.3,0.000,0.023,0.00,0.000,5.5,6.6,0.5,283,4,5.8,7.1,0.5,285,4,5.8,7.1,0.5,285,4,0,29.06,1.1,0,0,0,40.3,44.8,47.1,0.39,0.20,0.26
SBRI,2019-11-08 20:25:00 EST,42.75217,-77.35931,1147,20.8,22.2,13.5,75.8,14.4,0.000,0.023,0.00,0.000,5.1,6.0,0.4,280,6,5.4,6.6,0.5,281,5,5.4,6.6,0.5,281,5,0,29.06,1.1,0,0,0,40.3,44.8,47.1,0.39,0.20,0.26
SBRI,2019-11-08 20:30:00 EST,42.75217,-77.35931,1147,20.0,21.7,13.7,76.9,14.0,0.000,0.023,0.00,0.000,4.2,5.3,0.4,271,6,4.5,5.7,0.6,273,5,4.5,5.7,0.6,273,5,0,29.06,1.0,0,0,0,40.3,44.8,47.1,0.39,0.20,0.26
SBRI,2019-11-08 20:35:00 EST,42.75217,-77.35931,1147,19.2,21.0,13.6,78.9,13.7,0.000,0.023,0.00,0.000,3.5,4.5,0.4,262,9,3.8,5.0,0.5,264,8,3.8,5.0,0.5,264,8,0,29.06,1.0,0,0,0,40.3,44.8,47.1,0.39,0.20,0.26
SBRI,2019-11-08 20:40:00 EST,42.75217,-77.35931,1147,18.5,20.0,13.4,82.9,14.2,0.000,0.023,0.00,0.000,3.1,3.7,0.3,250,10,3.4,4.2,0.4,251,10,3.4,4.2,0.4,251,10,0,29.06,1.1,0,0,0,40.2,44.8,47.1,0.39,0.20,0.26
SBRI,2019-11-08 20:45:00 EST,42.75217,-77.35931,1147,18.4,19.8,18.4,84.4,14.5,0.000,0.023,0.00,0.000,2.8,3.4,0.2,218,9,2.7,3.9,0.3,220,8,2.7,3.9,0.3,220,8,0,29.05,1.1,0,0,0,40.1,44.8,47.1,0.39,0.20,0.26
SBRI,2019-11-08 20:50:00 EST,42.75217,-77.35931,1147,18.5,20.0,18.5,84.3,14.6,0.000,0.023,0.00,0.000,2.9,3.4,0.2,213,8,2.8,3.5,0.3,217,6,2.8,3.5,0.3,217,6,0,29.05,1.1,0,0,0,40.1,44.8,47.1,0.39,0.20,0.26
SBRI,2019-11-08 20:55:00 EST,42.75217,-77.35931,1147,19.4,20.7,19.4,82.8,15.0,0.000,0.023,0.00,0.000,2.4,3.3,0.4,214,10,2.4,3.6,0.5,216,9,2.4,3.6,0.5,216,9,0,29.06,1.1,0,0,0,40.1,44.8,47.1,0.39,0.21,0.26
SBRI,2019-11-08 21:00:00 EST,42.75217,-77.35931,1147,19.5,21.6,19.5,79.2,14.1,0.000,0.023,0.00,0.000,1.8,3.1,0.3,205,13,2.0,3.1,0.4,206,13,2.0,3.1,0.4,206,13,0,29.05,1.0,0,0,0,40.1,44.8,47.1,0.39,0.20,0.26
SBRI,2019-11-08 21:05:00 EST,42.75217,-77.35931,1147,19.6,22.1,19.6,78.4,14.0,0.000,0.023,0.00,0.000,1.1,1.8,0.5,204,18,1.4,2.0,0.4,216,27,1.4,2.0,0.4,216,27,0,29.05,1.0,0,0,0,40.1,44.8,47.1,0.39,0.20,0.26
SBRI,2019-11-08 21:10:00 EST,42.75217,-77.35931,1147,18.6,21.5,18.6,80.3,13.6,0.000,0.023,0.00,0.000,1.0,1.8,0.5,241,15,1.4,2.4,0.5,244,13,1.4,2.4,0.5,244,13,0,29.05,1.1,0,0,0,39.9,44.8,47.1,0.39,0.20,0.26
SBRI,2019-11-08 21:15:00 EST,42.75217,-77.35931,1147,18.3,20.9,18.3,83.2,14.1,0.000,0.023,0.00,0.000,1.9,3.6,0.9,249,6,2.4,4.3,0.9,250,6,2.4,4.3,0.9,250,6,0,29.05,1.1,0,0,0,39.9,44.8,47.1,0.39,0.20,0.26
SBRI,2019-11-08 21:20:00 EST,42.75217,-77.35931,1147,18.3,20.7,13.4,83.6,14.2,0.000,0.023,0.00,0.000,2.9,3.4,0.3,259,5,3.2,3.9,0.3,261,6,3.2,3.9,0.3,261,6,0,29.05,1.1,0,0,0,39.9,44.8,47.1,0.39,0.20,0.26
SBRI,2019-11-08 21:25:00 EST,42.75217,-77.35931,1147,18.1,20.7,18.1,83.3,13.9,0.000,0.023,0.00,0.000,2.6,3.5,0.7,256,5,2.9,4.0,0.7,257,6,2.9,4.0,0.7,257,6,0,29.05,1.0,0,0,0,39.8,44.7,47.1,0.39,0.20,0.26
SBRI,2019-11-08 21:30:00 EST,42.75217,-77.35931,1147,17.9,20.4,13.2,84.3,13.9,0.000,0.023,0.00,0.000,2.8,3.7,0.5,262,12,3.1,4.1,0.5,263,14,3.1,4.1,0.5,263,14,0,29.05,1.0,0,0,0,39.7,44.7,47.1,0.39,0.20,0.26
SBRI,2019-11-08 21:35:00 EST,42.75217,-77.35931,1147,17.3,20.5,17.3,85.1,13.6,0.000,0.023,0.00,0.000,2.2,2.8,0.3,263,7,2.4,3.0,0.3,267,8,2.4,3.0,0.3,267,8,0,29.05,1.1,0,0,0,39.7,44.6,47.1,0.39,0.20,0.26
SBRI,2019-11-08 21:40:00 EST,42.75217,-77.35931,1147,17.4,19.9,17.4,85.8,13.9,0.000,0.023,0.00,0.000,2.3,3.4,0.5,283,11,2.6,4.0,0.5,288,11,2.6,4.0,0.5,288,11,0,29.05,1.1,0,0,0,39.7,44.6,47.1,0.39,0.20,0.26
SBRI,2019-11-08 21:45:00 EST,42.75217,-77.35931,1147,17.4,20.0,17.4,86.4,14.1,0.000,0.023,0.00,0.000,2.5,4.0,1.0,275,8,2.8,4.5,1.0,278,7,2.8,4.5,1.0,278,7,0,29.05,1.1,0,0,0,39.7,44.6,47.1,0.39,0.20,0.26
SBRI,2019-11-08 21:50:00 EST,42.75217,-77.35931,1147,17.5,20.4,17.5,86.9,14.2,0.000,0.023,0.00,0.000,2.1,3.9,0.7,276,15,2.4,4.4,0.7,280,16,2.4,4.4,0.7,280,16,0,29.05,1.1,0,0,0,39.6,44.6,47.0,0.39,0.20,0.26
SBRI,2019-11-08 21:55:00 EST,42.75217,-77.35931,1147,17.9,20.5,17.9,85.9,14.3,0.000,0.023,0.00,0.000,1.9,2.9,0.5,281,10,2.3,3.5,0.6,285,10,2.3,3.5,0.6,285,10,0,29.05,0.9,0,0,0,39.6,44.6,46.9,0.39,0.20,0.26
SBRI,2019-11-08 22:00:00 EST,42.75217,-77.35931,1147,17.5,20.4,17.5,85.5,13.9,0.000,0.023,0.00,0.000,2.1,3.5,0.7,286,9,2.3,3.9,0.8,291,11,2.3,3.9,0.8,291,11,0,29.05,1.1,0,0,0,39.6,44.6,47.0,0.39,0.20,0.26
SBRI,2019-11-08 22:05:00 EST,42.75217,-77.35931,1147,17.6,19.8,17.6,85.3,14.0,0.000,0.023,0.00,0.000,2.3,3.7,0.8,296,9,2.5,4.0,0.8,299,8,2.5,4.0,0.8,299,8,0,29.05,1.1,0,0,0,39.6,44.6,47.0,0.39,0.20,0.26
SBRI,2019-11-08 22:10:00 EST,42.75217,-77.35931,1147,17.7,20.5,17.7,85.1,14.0,0.000,0.023,0.00,0.000,2.2,3.3,0.6,319,15,2.3,3.7,0.6,322,16,2.3,3.7,0.6,322,16,0,29.05,1.1,0,0,0,39.6,44.6,47.0,0.39,0.20,0.26
SBRI,2019-11-08 22:15:00 EST,42.75217,-77.35931,1147,17.7,20.7,17.7,84.4,13.8,0.000,0.023,0.00,0.000,1.5,2.4,0.5,334,14,1.9,3.0,0.4,337,16,1.9,3.0,0.4,337,16,0,29.04,1.1,0,0,0,39.4,44.6,46.9,0.39,0.20,0.26
SBRI,2019-11-08 22:20:00 EST,42.75217,-77.35931,1147,17.4,20.8,17.4,85.0,13.7,0.000,0.023,0.00,0.000,1.5,3.4,0.6,331,20,1.9,3.9,0.6,335,20,1.9,3.9,0.6,335,20,0,29.04,1.0,0,0,0,39.4,44.6,46.9,0.39,0.20,0.26
SBRI,2019-11-08 22:25:00 EST,42.75217,-77.35931,1147,17.4,20.6,17.4,85.4,13.8,0.000,0.023,0.00,0.000,1.7,3.3,0.6,320,14,1.9,3.5,0.6,323,15,1.9,3.5,0.6,323,15,0,29.04,1.1,0,0,0,39.4,44.6,46.9,0.39,0.20,0.26
SBRI,2019-11-08 22:30:00 EST,42.75217,-77.35931,1147,17.7,21.0,17.7,84.9,13.9,0.000,0.023,0.00,0.000,1.3,2.0,0.4,302,9,1.6,2.5,0.3,306,10,1.6,2.5,0.3,306,10,0,29.04,1.1,0,0,0,39.4,44.6,46.9,0.39,0.20,0.26
SBRI,2019-11-08 22:35:00 EST,42.75217,-77.35931,1147,18.1,21.1,18.1,85.1,14.4,0.000,0.023,0.00,0.000,1.6,2.5,0.3,308,7,1.8,2.7,0.3,312,8,1.8,2.7,0.3,312,8,0,29.04,1.0,0,0,0,39.3,44.6,46.9,0.39,0.20,0.26
SBRI,2019-11-08 22:40:00 EST,42.75217,-77.35931,1147,17.8,20.8,17.8,84.3,13.8,0.000,0.023,0.00,0.000,1.9,2.6,0.3,315,10,2.0,2.6,0.3,316,10,2.0,2.6,0.3,316,10,0,29.04,1.1,0,0,0,39.2,44.6,46.9,0.39,0.20,0.26
SBRI,2019-11-08 22:45:00 EST,42.75217,-77.35931,1147,17.6,20.7,17.6,84.6,13.8,0.000,0.023,0.00,0.000,1.8,2.5,0.2,308,10,1.9,2.7,0.3,309,9,1.9,2.7,0.3,309,9,0,29.03,1.1,0,0,0,39.2,44.6,46.9,0.38,0.20,0.26
SBRI,2019-11-08 22:50:00 EST,42.75217,-77.35931,1147,17.6,20.3,17.6,85.4,14.0,0.000,0.023,0.00,0.000,2.1,2.8,0.3,311,12,2.1,3.1,0.3,313,12,2.1,3.1,0.3,313,12,0,29.03,1.1,0,0,0,39.2,44.6,46.9,0.38,0.20,0.26
SBRI,2019-11-08 22:55:00 EST,42.75217,-77.35931,1147,17.5,20.4,17.5,85.6,13.9,0.000,0.023,0.00,0.000,2.1,2.7,0.4,319,14,2.2,2.9,0.3,321,15,2.2,2.9,0.3,321,15,0,29.03,1.1,0,0,0,39.2,44.6,46.9,0.39,0.20,0.26
SBRI,2019-11-08 23:00:00 EST,42.75217,-77.35931,1147,17.8,20.4,17.8,85.5,14.2,0.000,0.023,0.00,0.000,2.3,3.1,0.4,301,13,2.4,3.3,0.4,303,11,2.4,3.3,0.4,303,11,0,29.03,1.1,0,0,0,39.2,44.6,46.9,0.39,0.20,0.26
SBRI,2019-11-08 23:05:00 EST,42.75217,-77.35931,1147,17.6,20.7,17.6,85.3,13.9,0.000,0.023,0.00,0.000,1.9,2.4,0.3,289,10,2.1,2.9,0.3,292,10,2.1,2.9,0.3,292,10,0,29.03,1.1,0,0,0,39.2,44.6,46.9,0.39,0.20,0.26
SBRI,2019-11-08 23:10:00 EST,42.75217,-77.35931,1147,17.6,20.9,17.6,84.4,13.7,0.000,0.023,0.00,0.000,1.5,2.0,0.3,269,4,1.8,2.5,0.3,274,6,1.8,2.5,0.3,274,6,0,29.03,1.1,0,0,0,39.2,44.5,46.9,0.38,0.20,0.26
SBRI,2019-11-08 23:15:00 EST,42.75217,-77.35931,1147,18.4,21.2,18.4,83.2,14.2,0.000,0.023,0.00,0.000,1.3,1.9,0.3,249,22,1.6,2.2,0.3,252,23,1.6,2.2,0.3,252,23,0,29.03,1.0,0,0,0,39.2,44.4,46.9,0.39,0.20,0.26
SBRI,2019-11-08 23:20:00 EST,42.75217,-77.35931,1147,18.0,21.5,18.0,81.4,13.3,0.000,0.023,0.00,0.000,1.3,1.9,0.3,256,9,1.7,2.5,0.3,263,10,1.7,2.5,0.3,263,10,0,29.03,1.0,0,0,0,39.2,44.5,46.9,0.39,0.20,0.26
SBRI,2019-11-08 23:25:00 EST,42.75217,-77.35931,1147,17.8,20.5,17.8,84.2,13.8,0.000,0.023,0.00,0.000,1.6,2.3,0.4,263,15,2.0,2.6,0.3,270,16,2.0,2.6,0.3,270,16,0,29.03,1.0,0,0,0,39.2,44.4,46.9,0.39,0.20,0.26
SBRI,2019-11-08 23:30:00 EST,42.75217,-77.35931,1147,17.3,19.7,17.3,84.3,13.4,0.000,0.023,0.00,0.000,2.3,3.5,0.5,302,5,2.4,3.7,0.6,306,5,2.4,3.7,0.6,306,5,0,29.03,0.5,0,0,0,39.1,44.4,46.9,0.38,0.20,0.26
SBRI,2019-11-08 23:35:00 EST,42.75217,-77.35931,1147,16.8,19.8,16.8,85.5,13.2,0.000,0.023,0.00,0.000,2.2,3.6,0.6,317,11,2.3,3.8,0.6,318,11,2.3,3.8,0.6,318,11,0,29.03,1.3,0,0,0,39.0,44.4,46.9,0.38,0.20,0.26
SBRI,2019-11-08 23:40:00 EST,42.75217,-77.35931,1147,17.2,20.1,17.2,86.1,13.7,0.000,0.023,0.00,0.000,2.5,3.8,0.7,297,8,2.6,4.3,0.8,299,8,2.6,4.3,0.8,299,8,0,29.03,1.0,0,0,0,39.0,44.4,46.9,0.38,0.20,0.26
SBRI,2019-11-08 23:45:00 EST,42.75217,-77.35931,1147,17.1,20.7,17.1,85.9,13.6,0.000,0.023,0.00,0.000,2.2,2.8,0.2,290,7,2.4,3.2,0.3,293,7,2.4,3.2,0.3,293,7,0,29.03,1.3,0,0,0,39.0,44.4,46.9,0.38,0.20,0.26
SBRI,2019-11-08 23:50:00 EST,42.75217,-77.35931,1147,17.6,21.0,17.6,86.1,14.1,0.000,0.023,0.00,0.000,1.1,2.3,0.7,288,9,1.5,2.9,0.7,294,11,1.5,2.9,0.7,294,11,0,29.03,,0,0,0,39.0,44.4,46.9,0.38,0.20,0.26
SBRI,2019-11-08 23:55:00 EST,42.75217,-77.35931,1147,17.8,20.8,17.8,84.2,13.8,0.000,0.023,0.00,0.000,1.5,2.8,0.7,281,8,1.8,3.3,0.7,286,10,1.8,3.3,0.7,286,10,0,29.03,,0,0,0,39.0,44.4,46.9,0.38,0.20,0.26
SCHA,2019-11-08 00:00:00 EST,42.89697,-73.61405,323,29.6,29.8,29.6,87.6,26.4,0.000,0.540,0.00,0.011,1.9,4.2,1.0,339,33,2.6,6.2,1.3,343,33,2.6,6.2,1.3,343,33,0,29.72,-0.0,0,0,0,44.6,47.7,49.4,0.24,0.23,0.06
SCHA,2019-11-08 00:05:00 EST,42.89697,-73.61405,323,29.4,29.7,29.4,86.6,25.9,0.000,0.000,0.00,0.011,2.1,5.8,1.3,342,36,2.8,6.8,1.5,349,35,2.8,6.8,1.5,349,35,0,29.72,-0.0,0,0,0,44.5,47.7,49.4,0.24,0.22,0.06
SCHA,2019-11-08 00:10:00 EST,42.89697,-73.61405,323,29.2,29.5,29.2,86.6,25.7,0.000,0.000,0.00,0.011,2.1,6.4,1.3,342,29,2.9,8.5,1.6,349,29,2.9,8.5,1.6,349,29,0,29.72,-0.0,0,0,0,44.5,47.6,49.3,0.24,0.23,0.06
SCHA,2019-11-08 00:15:00 EST,42.89697,-73.61405,323,28.9,29.2,28.9,85.7,25.2,0.000,0.000,0.00,0.011,2.2,7.7,1.5,360,32,2.9,9.6,2.0,2,25,2.9,9.6,2.0,2,25,0,29.72,-0.0,0,0,0,44.3,47.8,49.4,0.24,0.22,0.07
SCHA,2019-11-08 00:20:00 EST,42.89697,-73.61405,323,28.8,29.1,28.8,86.0,25.1,0.000,0.000,0.00,0.007,1.8,4.5,1.0,327,28,2.1,5.4,1.2,327,27,2.1,5.4,1.2,327,27,0,29.72,0.0,0,0,0,44.5,47.5,49.3,0.24,0.23,0.07
SCHA,2019-11-08 00:25:00 EST,42.89697,-73.61405,323,28.6,29.0,28.6,86.3,25.0,0.000,0.000,0.00,0.000,1.9,5.2,1.2,322,19,2.2,6.5,1.1,328,21,2.2,6.5,1.1,328,21,0,29.72,-0.0,0,0,0,44.5,47.5,49.4,0.24,0.23,0.06
SCHA,2019-11-08 00:30:00 EST,42.89697,-73.61405,323,28.5,28.9,28.5,85.9,24.8,0.000,0.000,0.00,0.000,1.5,4.1,1.2,337,25,2.2,5.8,1.4,340,24,2.2,5.8,1.4,340,24,0,29.72,-0.0,0,0,0,44.4,47.6,49.4,0.24,0.23,0.06
SCHA,2019-11-08 00:35:00 EST,42.89697,-73.61405,323,28.3,28.6,28.3,86.1,24.7,0.000,0.000,0.00,0.000,1.5,4.4,0.9,344,30,2.0,5.8,0.9,349,25,2.0,5.8,0.9,349,25,0,29.72,-0.0,0,0,0,44.4,47.6,49.4,0.24,0.23,0.07
SCHA,2019-11-08 00:40:00 EST,42.89697,-73.61405,323,28.2,28.5,28.2,85.9,24.5,0.000,0.000,0.00,0.000,2.2,6.5,1.5,341,27,2.9,7.3,1.8,342,27,2.9,7.3,1.8,342,27,0,29.72,0.0,0,0,0,44.4,47.6,49.4,0.24,0.23,0.07
SCHA,2019-11-08 00:45:00 EST,42.89697,-73.61405,323,28.1,28.4,28.1,85.6,24.3,0.000,0.000,0.00,0.000,1.8,6.5,1.6,342,29,2.4,7.3,2.0,345,32,2.4,7.3,2.0,345,32,0,29.72,0.0,0,0,0,44.4,47.5,49.3,0.24,0.23,0.07
SCHA,2019-11-08 00:50:00 EST,42.89697,-73.61405,323,28.0,28.4,28.0,85.3,24.2,0.000,0.000,0.00,0.000,2.0,5.2,1.0,349,30,2.4,7.8,1.3,349,28,2.4,7.8,1.3,349,28,0,29.72,-0.1,0,0,0,44.4,47.5,49.4,0.24,0.23,0.06
SCHA,2019-11-08 00:55:00 EST,42.89697,-73.61405,323,27.8,28.2,27.8,85.9,24.2,0.000,0.000,0.00,0.000,1.8,4.4,1.0,331,33,2.4,6.0,1.2,338,31,2.4,6.0,1.2,338,31,0,29.72,-0.0,0,0,0,44.4,47.6,49.3,0.24,0.23,0.06
SCHA,2019-11-08 01:00:00 EST,42.89697,-73.61405,323,27.7,28.2,27.7,84.5,23.7,0.000,0.000,0.00,0.000,1.4,5.2,1.2,315,37,2.0,7.7,1.3,318,43,2.0,7.7,1.3,318,43,0,29.72,0.0,0,0,0,44.4,47.5,49.4,0.24,0.23,0.06
SCHA,2019-11-08 01:05:00 EST,42.89697,-73.61405,323,27.9,28.2,27.9,82.8,23.3,0.000,0.000,0.00,0.000,1.9,4.7,1.1,312,34,2.5,6.7,1.2,316,33,2.5,6.7,1.2,316,33,0,29.72,-0.0,0,0,0,44.4,47.5,49.3,0.24,0.23,0.06
SCHA,2019-11-08 01:10:00 EST,42.89697,-73.61405,323,27.8,28.1,27.8,81.5,22.9,0.000,0.000,0.00,0.000,1.6,6.4,1.1,313,28,2.0,6.8,1.3,313,26,2.0,6.8,1.3,313,26,0,29.72,-0.0,0,0,0,44.4,47.6,49.3,0.24,0.23,0.07
SCHA,2019-11-08 01:15:00 EST,42.89697,-73.61405,323,27.5,28.0,27.5,80.9,22.5,0.000,0.000,0.00,0.000,1.1,3.3,0.8,310,36,1.8,6.8,1.2,312,36,1.8,6.8,1.2,312,36,0,29.72,-0.0,0,0,0,44.4,47.6,49.4,0.24,0.23,0.07
SCHA,2019-11-08 01:20:00 EST,42.89697,-73.61405,323,27.5,27.9,27.5,80.7,22.4,0.000,0.000,0.00,0.000,1.9,4.0,0.8,311,22,2.2,4.5,0.8,315,23,2.2,4.5,0.8,315,23,0,29.72,-0.0,0,0,0,44.4,47.7,49.3,0.24,0.22,0.06
SCHA,2019-11-08 01:25:00 EST,42.89697,-73.61405,323,27.2,27.8,27.2,81.9,22.4,0.000,0.000,0.00,0.000,0.8,3.9,0.9,323,19,1.2,4.2,0.9,334,28,1.2,4.2,0.9,334,28,0,29.72,-0.0,0,0,0,44.4,47.6,49.3,0.24,0.22,0.06
SCHA,2019-11-08 01:30:00 EST,42.89697,-73.61405,323,27.0,27.5,27.0,82.8,22.5,0.000,0.000,0.00,0.000,0.5,2.2,0.6,354,22,0.9,3.1,0.8,357,26,0.9,3.1,0.8,357,26,0,29.72,-0.0,0,0,0,44.3,47.5,49.3,0.24,0.22,0.06
SCHA,2019-11-08 01:35:00 EST,42.89697,-73.61405,323,27.0,27.4,27.0,83.1,22.5,0.000,0.000,0.00,0.000,1.0,3.1,0.8,330,29,1.5,4.1,0.9,325,37,1.5,4.1,0.9,325,37,0,29.71,-0.0,0,0,0,44.4,47.6,49.3,0.24,0.23,0.06
SCHA,2019-11-08 01:40:00 EST,42.89697,-73.61405,323,26.8,27.4,26.8,84.1,22.7,0.000,0.000,0.00,0.000,0.4,2.6,0.6,306,13,1.0,2.9,0.6,322,21,1.0,2.9,0.6,322,21,0,29.72,-0.0,0,0,0,44.2,47.5,49.3,0.23,0.22,0.06
SCHA,2019-11-08 01:45:00 EST,42.89697,-73.61405,323,26.6,27.4,26.6,85.0,22.7,0.000,0.000,0.00,0.000,0.5,1.7,0.5,326,28,0.9,2.4,0.7,323,26,0.9,2.4,0.7,323,26,0,29.72,-0.1,0,0,0,44.4,47.6,49.4,0.23,0.23,0.06
SCHA,2019-11-08 01:50:00 EST,42.89697,-73.61405,323,26.2,27.1,26.2,86.3,22.7,0.000,0.000,0.00,0.000,0.1,1.0,0.3,24,18,0.6,1.5,0.5,342,32,0.6,1.5,0.5,342,32,0,29.72,-0.0,0,0,0,44.3,47.7,49.3,0.23,0.22,0.06
SCHA,2019-11-08 01:55:00 EST,42.89697,-73.61405,323,25.5,26.7,25.5,87.3,22.3,0.000,0.000,0.00,0.000,0.0,0.0,0.0,0,0,0.1,1.0,0.3,330,14,0.1,1.0,0.3,330,14,0,29.71,-0.0,0,0,0,44.3,47.6,49.3,0.24,0.23,0.06
SCHA,2019-11-08 02:00:00 EST,42.89697,-73.61405,323,25.6,26.8,25.6,89.4,22.9,0.000,0.000,0.00,0.000,0.7,1.6,0.5,295,15,1.2,2.2,0.5,305,18,1.2,2.2,0.5,305,18,0,29.71,0.0,0,0,0,44.3,47.6,49.3,0.24,0.23,0.07
SCHA,2019-11-08 02:05:00 EST,42.89697,-73.61405,323,25.7,26.9,25.7,88.7,22.8,0.000,0.000,0.00,0.000,0.5,1.9,0.5,286,22,0.9,2.0,0.5,283,23,0.9,2.0,0.5,283,23,0,29.71,-0.0,0,0,0,44.1,47.8,49.4,0.24,0.23,0.06
SCHA,2019-11-08 02:10:00 EST,42.89697,-73.61405,323,25.3,26.7,25.3,90.2,22.8,0.000,0.000,0.00,0.000,0.2,0.9,0.3,280,28,0.9,2.0,0.4,268,36,0.9,2.0,0.4,268,36,0,29.71,-0.0,0,0,0,44.1,47.6,49.3,0.24,0.23,0.06
SCHA,2019-11-08 02:15:00 EST,42.89697,-73.61405,323,25.2,26.1,25.2,92.0,23.2,0.000,0.000,0.00,0.000,0.9,1.3,0.2,215,13,1.2,1.6,0.2,208,16,1.2,1.6,0.2,208,16,0,29.71,-0.0,0,0,0,44.1,47.4,49.3,0.24,0.22,0.07
SCHA,2019-11-08 02:20:00 EST,42.89697,-73.61405,323,24.9,25.8,24.9,92.0,22.9,0.000,0.000,0.00,0.000,0.8,1.2,0.2,170,12,1.2,1.6,0.2,177,9,1.2,1.6,0.2,177,9,0,29.71,-0.0,0,0,0,44.1,47.5,49.4,0.23,0.23,0.07
SCHA,2019-11-08 02:25:00 EST,42.89697,-73.61405,323,24.9,26.0,24.9,92.8,23.1,0.000,0.000,0.00,0.000,0.3,1.3,0.5,172,7,0.7,1.7,0.6,163,25,0.7,1.7,0.6,163,25,0,29.71,-0.0,0,0,0,44.1,47.4,49.3,0.23,0.22,0.07
SCHA,2019-11-08 02:30:00 EST,42.89697,-73.61405,323,24.8,26.1,24.8,94.2,23.4,0.000,0.000,0.00,0.000,1.1,1.6,0.2,188,10,1.5,2.0,0.2,191,14,1.5,2.0,0.2,191,14,0,29.71,-0.0,0,0,0,44.1,47.5,49.4,0.23,0.23,0.07
SCHA,2019-11-08 02:35:00 EST,42.89697,-73.61405,323,24.9,26.0,24.9,94.8,23.6,0.000,0.000,0.00,0.000,0.8,1.6,0.3,217,4,1.1,1.8,0.3,221,8,1.1,1.8,0.3,221,8,0,29.71,-0.0,0,0,0,44.1,47.6,49.4,0.23,0.23,0.07
SCHA,2019-11-08 02:40:00 EST,42.89697,-73.61405,323,24.8,25.6,24.8,95.2,23.7,0.000,0.000,0.00,0.000,0.9,1.5,0.4,203,7,1.3,1.8,0.3,206,11,1.3,1.8,0.3,206,11,0,29.71,0.0,0,0,0,44.1,47.5,49.4,0.23,0.22,0.07
SCHA,2019-11-08 02:45:00 EST,42.89697,-73.61405,323,24.7,25.4,24.7,95.2,23.5,0.000,0.000,0.00,0.000,1.3,4.5,1.3,238,16,1.8,5.4,1.3,235,24,1.8,5.4,1.3,235,24,0,29.71,0.0,0,0,0,43.9,47.4,49.4,0.23,0.23,0.06
SCHA,2019-11-08 02:50:00 EST,42.89697,-73.61405,323,24.9,26.2,20.1,95.1,23.7,0.000,0.000,0.00,0.000,3.2,4.5,0.7,244,11,3.8,5.5,0.9,250,11,3.8,5.5,0.9,250,11,0,29.71,0.0,0,0,0,43.9,47.5,49.3,0.23,0.23,0.07
SCHA,2019-11-08 02:55:00 EST,42.89697,-73.61405,323,25.4,26.3,21.4,94.0,24.0,0.000,0.000,0.00,0.000,2.7,4.2,0.8,262,17,3.3,5.8,1.0,269,17,3.3,5.8,1.0,269,17,0,29.71,0.0,0,0,0,43.8,47.4,49.3,0.24,0.22,0.07
SCHA,2019-11-08 03:00:00 EST,42.89697,-73.61405,323,24.8,26.1,24.8,92.1,22.8,0.000,0.000,0.00,0.000,2.4,4.8,0.6,247,16,2.9,5.9,0.8,252,17,2.9,5.9,0.8,252,17,0,29.71,-0.0,0,0,0,43.8,47.4,49.3,0.24,0.22,0.06
SCHA,2019-11-08 03:05:00 EST,42.89697,-73.61405,323,24.6,26.1,20.6,93.2,22.9,0.000,0.000,0.00,0.000,2.8,4.1,0.5,254,11,3.2,5.2,0.7,260,12,3.2,5.2,0.7,260,12,0,29.71,0.1,0,0,0,43.8,47.4,49.3,0.23,0.22,0.06
SCHA,2019-11-08 03:10:00 EST,42.89697,-73.61405,323,25.2,26.0,25.2,92.0,23.2,0.000,0.000,0.00,0.000,1.5,2.9,0.7,255,21,2.1,3.9,0.7,262,20,2.1,3.9,0.7,262,20,0,29.71,-0.0,0,0,0,43.9,47.3,49.3,0.23,0.23,0.07
SCHA,2019-11-08 03:15:00 EST,42.89697,-73.61405,323,24.4,25.8,24.4,91.1,22.2,0.000,0.000,0.00,0.000,0.9,2.2,0.7,245,12,1.4,2.9,0.7,253,20,1.4,2.9,0.7,253,20,0,29.71,0.0,0,0,0,43.9,47.4,49.3,0.23,0.23,0.07
SCHA,2019-11-08 03:20:00 EST,42.89697,-73.61405,323,24.6,25.8,19.4,91.7,22.5,0.000,0.000,0.00,0.000,3.4,5.9,1.1,260,11,4.1,7.8,1.3,266,11,4.1,7.8,1.3,266,11,0,29.71,0.1,0,0,0,43.9,47.3,49.3,0.23,0.22,0.07
SCHA,2019-11-08 03:25:00 EST,42.89697,-73.61405,323,25.3,25.8,25.3,90.2,22.8,0.000,0.000,0.00,0.000,1.8,3.2,0.7,275,17,2.3,4.0,0.8,282,16,2.3,4.0,0.8,282,16,0,29.71,-0.0,0,0,0,43.9,47.4,49.3,0.23,0.22,0.06
SCHA,2019-11-08 03:30:00 EST,42.89697,-73.61405,323,25.2,25.6,25.2,89.6,22.6,0.000,0.000,0.00,0.000,1.3,3.1,1.0,282,14,1.7,4.1,1.0,290,20,1.7,4.1,1.0,290,20,0,29.71,-0.0,0,0,0,43.9,47.4,49.3,0.23,0.22,0.06
SCHA,2019-11-08 03:35:00 EST,42.89697,-73.61405,323,24.4,25.4,24.4,89.6,21.8,0.000,0.000,0.00,0.000,1.1,2.1,0.4,252,15,1.6,2.9,0.4,257,17,1.6,2.9,0.4,257,17,0,29.71,-0.0,0,0,0,43.8,47.4,49.3,0.23,0.23,0.07
SCHA,2019-11-08 03:40:00 EST,42.89697,-73.61405,323,23.8,25.1,23.8,90.7,21.5,0.000,0.000,0.00,0.000,0.6,1.2,0.3,241,2,1.2,1.9,0.3,261,15,1.2,1.9,0.3,261,15,0,29.71,0.0,0,0,0,43.8,47.4,49.2,0.23,0.23,0.07
SCHA,2019-11-08 03:45:00 EST,42.89697,-73.61405,323,23.9,25.1,23.9,92.2,22.0,0.000,0.000,0.00,0.000,1.9,2.6,0.4,248,9,2.4,3.4,0.4,255,12,2.4,3.4,0.4,255,12,0,29.71,0.0,0,0,0,43.9,47.3,49.3,0.23,0.23,0.07
SCHA,2019-11-08 03:50:00 EST,42.89697,-73.61405,323,23.8,25.0,23.8,92.3,21.9,0.000,0.000,0.00,0.000,1.6,2.3,0.3,253,10,2.0,2.9,0.4,261,13,2.0,2.9,0.4,261,13,0,29.71,-0.0,0,0,0,43.7,47.3,49.2,0.23,0.23,0.07
SCHA,2019-11-08 03:55:00 EST,42.89697,-73.61405,323,24.2,25.0,24.2,92.8,22.4,0.000,0.000,0.00,0.000,1.4,2.9,0.7,263,9,1.9,3.7,0.7,274,14,1.9,3.7,0.7,274,14,0,29.71,-0.0,0,0,0,43.8,47.3,49.2,0.23,0.23,0.06
SCHA,2019-11-08 04:00:00 EST,42.89697,-73.61405,323,24.3,25.0,24.3,92.7,22.5,0.000,0.000,0.00,0.000,2.3,3.5,0.5,262,10,2.8,4.6,0.6,269,11,2.8,4.6,0.6,269,11,0,29.71,-0.0,0,0,0,43.7,47.3,49.2,0.23,0.23,0.08
SCHA,2019-11-08 04:05:00 EST,42.89697,-73.61405,323,24.0,24.9,24.0,91.6,21.9,0.000,0.000,0.00,0.000,1.8,3.1,0.6,261,12,2.3,3.8,0.7,269,13,2.3,3.8,0.7,269,13,0,29.71,0.0,0,0,0,43.7,47.3,49.3,0.23,0.23,0.07
SCHA,2019-11-08 04:10:00 EST,42.89697,-73.61405,323,23.6,24.8,23.6,91.9,21.6,0.000,0.000,0.00,0.000,1.3,1.9,0.2,268,4,1.8,2.5,0.3,274,8,1.8,2.5,0.3,274,8,0,29.71,-0.0,0,0,0,43.7,47.3,49.2,0.23,0.23,0.07
SCHA,2019-11-08 04:15:00 EST,42.89697,-73.61405,323,23.6,24.8,23.6,92.8,21.8,0.000,0.000,0.00,0.000,1.2,1.6,0.2,269,3,1.6,2.1,0.2,275,6,1.6,2.1,0.2,275,6,0,29.71,0.0,0,0,0,43.6,47.3,49.2,0.23,0.23,0.07
SCHA,2019-11-08 04:20:00 EST,42.89697,-73.61405,323,23.6,24.8,23.6,93.6,22.0,0.000,0.000,0.00,0.000,1.6,2.3,0.3,263,4,2.1,3.0,0.3,272,9,2.1,3.0,0.3,272,9,0,29.71,0.1,0,0,0,43.6,47.3,49.2,0.23,0.22,0.07
SCHA,2019-11-08 04:25:00 EST,42.89697,-73.61405,323,23.9,24.9,23.9,92.8,22.1,0.000,0.000,0.00,0.000,2.2,3.3,0.5,260,12,2.7,4.3,0.6,267,12,2.7,4.3,0.6,267,12,0,29.71,0.1,0,0,0,43.6,47.3,49.3,0.23,0.23,0.07
SCHA,2019-11-08 04:30:00 EST,42.89697,-73.61405,323,23.9,24.9,23.9,91.6,21.8,0.000,0.000,0.00,0.000,2.4,3.7,0.5,261,13,2.9,6.1,0.7,267,13,2.9,6.1,0.7,267,13,0,29.71,0.0,0,0,0,43.6,47.3,49.1,0.23,0.23,0.07
SCHA,2019-11-08 04:35:00 EST,42.89697,-73.61405,323,24.1,24.9,24.1,90.9,21.8,0.000,0.000,0.00,0.000,2.1,4.7,0.7,268,12,2.5,6.0,0.8,275,13,2.5,6.0,0.8,275,13,0,29.71,0.0,0,0,0,43.5,47.3,49.2,0.23,0.23,0.07
SCHA,2019-11-08 04:40:00 EST,42.89697,-73.61405,323,23.9,24.7,23.9,90.4,21.5,0.000,0.000,0.00,0.000,1.9,3.4,0.5,266,12,2.4,4.7,0.6,272,14,2.4,4.7,0.6,272,14,0,29.71,0.1,0,0,0,43.5,47.3,49.2,0.23,0.22,0.08
SCHA,2019-11-08 04:45:00 EST,42.89697,-73.61405,323,23.8,24.6,19.7,90.6,21.5,0.000,0.000,0.00,0.000,2.6,4.1,0.6,261,8,3.2,5.1,0.8,268,10,3.2,5.1,0.8,268,10,0,29.71,0.1,0,0,0,43.5,47.2,49.2,0.23,0.23,0.07
SCHA,2019-11-08 04:50:00 EST,42.89697,-73.61405,323,23.8,24.5,19.7,90.8,21.5,0.000,0.000,0.00,0.000,2.7,3.8,0.5,267,12,3.2,4.6,0.6,273,11,3.2,4.6,0.6,273,11,0,29.72,0.1,0,0,0,43.5,47.3,49.1,0.23,0.22,0.07
SCHA,2019-11-08 04:55:00 EST,42.89697,-73.61405,323,23.7,24.4,23.7,91.2,21.5,0.000,0.000,0.00,0.000,2.3,3.4,0.5,273,16,2.8,4.6,0.6,279,15,2.8,4.6,0.6,279,15,0,29.72,0.0,0,0,0,43.5,47.3,49.2,0.23,0.22,0.07
SCHA,2019-11-08 05:00:00 EST,42.89697,-73.61405,323,23.7,24.4,23.7,90.6,21.4,0.000,0.000,0.00,0.000,2.5,4.5,0.7,273,16,3.0,6.6,1.0,280,15,3.0,6.6,1.0,280,15,0,29.72,0.1,0,0,0,43.5,47.2,49.2,0.23,0.22,0.07
SCHA,2019-11-08 05:05:00 EST,42.89697,-73.61405,323,23.8,24.4,19.6,89.9,21.3,0.000,0.000,0.00,0.000,2.7,5.5,0.8,275,17,3.3,6.7,1.0,280,15,3.3,6.7,1.0,280,15,0,29.72,0.1,0,0,0,43.5,47.3,49.2,0.23,0.22,0.07
SCHA,2019-11-08 05:10:00 EST,42.89697,-73.61405,323,23.6,24.3,23.6,89.3,20.9,0.000,0.000,0.00,0.000,2.2,3.1,0.4,266,12,2.7,4.1,0.6,273,13,2.7,4.1,0.6,273,13,0,29.72,0.1,0,0,0,43.5,47.2,49.2,0.23,0.23,0.07
SCHA,2019-11-08 05:15:00 EST,42.89697,-73.61405,323,23.5,24.2,23.5,89.7,20.9,0.000,0.000,0.00,0.000,2.3,3.4,0.4,265,14,2.8,4.1,0.5,273,15,2.8,4.1,0.5,273,15,0,29.72,0.0,0,0,0,43.4,47.2,49.1,0.23,0.23,0.07
SCHA,2019-11-08 05:20:00 EST,42.89697,-73.61405,323,23.3,24.0,23.3,89.9,20.8,0.000,0.000,0.00,0.000,2.1,3.1,0.3,260,9,2.6,3.9,0.5,268,10,2.6,3.9,0.5,268,10,0,29.72,0.1,0,0,0,43.3,47.2,49.1,0.23,0.22,0.07
SCHA,2019-11-08 05:25:00 EST,42.89697,-73.61405,323,23.2,24.0,23.2,90.1,20.7,0.000,0.000,0.00,0.000,2.0,3.1,0.4,261,10,2.4,3.9,0.6,270,12,2.4,3.9,0.6,270,12,0,29.72,0.1,0,0,0,43.3,47.2,49.2,0.23,0.23,0.08
SCHA,2019-11-08 05:30:00 EST,42.89697,-73.61405,323,23.1,23.9,23.1,90.3,20.7,0.000,0.000,0.00,0.000,1.9,2.8,0.3,260,11,2.3,3.8,0.4,267,14,2.3,3.8,0.4,267,14,0,29.72,0.1,0,0,0,43.3,47.2,49.2,0.23,0.23,0.07
SCHA,2019-11-08 05:35:00 EST,42.89697,-73.61405,323,23.0,23.9,23.0,90.5,20.7,0.000,0.000,0.00,0.000,2.0,2.8,0.4,249,10,2.4,3.3,0.5,256,13,2.4,3.3,0.5,256,13,0,29.73,0.0,0,0,0,43.3,47.2,49.2,0.23,0.22,0.08
SCHA,2019-11-08 05:40:00 EST,42.89697,-73.61405,323,22.2,23.6,22.2,90.4,19.9,0.000,0.000,0.00,0.000,1.2,2.3,0.6,246,11,1.7,2.9,0.5,248,19,1.7,2.9,0.5,248,19,0,29.73,0.0,0,0,0,43.3,47.2,49.2,0.23,0.22,0.08
SCHA,2019-11-08 05:45:00 EST,42.89697,-73.61405,323,22.2,23.3,22.2,91.6,20.1,0.000,0.000,0.00,0.000,0.7,2.0,0.5,224,14,1.2,2.4,0.5,231,23,1.2,2.4,0.5,231,23,0,29.73,0.0,0,0,0,43.3,47.2,49.2,0.23,0.22,0.07
SCHA,2019-11-08 05:50:00 EST,42.89697,-73.61405,323,22.0,23.0,22.0,92.4,20.1,0.000,0.000,0.00,0.000,0.1,1.1,0.2,237,14,0.6,2.1,0.5,211,24,0.6,2.1,0.5,211,24,0,29.73,0.0,0,0,0,43.3,47.2,49.1,0.23,0.23,0.07
SCHA,2019-11-08 05:55:00 EST,42.89697,-73.61405,323,21.9,22.9,21.9,92.8,20.2,0.000,0.000,0.00,0.000,0.5,1.2,0.4,205,5,0.9,1.6,0.4,210,18,0.9,1.6,0.4,210,18,0,29.73,0.0,0,0,0,43.1,47.1,49.1,0.23,0.23,0.07
SCHA,2019-11-08 06:00:00 EST,42.89697,-73.61405,323,22.1,22.9,22.1,93.7,20.5,0.000,0.000,0.00,0.000,1.2,2.8,0.5,220,14,1.6,3.7,0.6,229,18,1.6,3.7,0.6,229,18,0,29.73,-0.0,0,0,0,43.2,47.3,49.2,0.23,0.22,0.08
SCHA,2019-11-08 06:05:00 EST,42.89697,-73.61405,323,21.8,22.9,21.8,93.3,20.2,0.000,0.000,0.00,0.000,1.2,4.2,0.9,236,16,1.6,4.7,0.9,240,20,1.6,4.7,0.9,240,20,0,29.73,0.1,0,0,0,43.2,47.2,49.1,0.23,0.22,0.07
SCHA,2019-11-08 06:10:00 EST,42.89697,-73.61405,323,22.0,23.0,22.0,93.6,20.5,0.000,0.000,0.00,0.000,1.5,3.1,0.6,235,16,1.9,3.8,0.7,241,17,1.9,3.8,0.7,241,17,0,29.73,0.0,0,0,0,43.1,47.2,49.2,0.23,0.22,0.07
SCHA,2019-11-08 06:15:00 EST,42.89697,-73.61405,323,21.9,22.9,21.9,93.1,20.2,0.000,0.000,0.00,0.000,1.2,2.2,0.4,208,16,1.5,2.6,0.4,214,19,1.5,2.6,0.4,214,19,0,29.73,0.0,0,0,0,43.1,47.3,49.1,0.23,0.22,0.07
SCHA,2019-11-08 06:20:00 EST,42.89697,-73.61405,323,21.9,22.7,21.9,93.5,20.3,0.000,0.000,0.00,0.000,0.7,2.9,0.7,209,13,1.2,3.0,0.6,212,15,1.2,3.0,0.6,212,15,0,29.74,0.1,0,0,0,43.2,47.2,49.0,0.23,0.22,0.07
SCHA,2019-11-08 06:25:00 EST,42.89697,-73.61405,323,21.9,22.8,21.9,93.7,20.4,0.000,0.000,0.00,0.000,1.0,2.7,0.7,235,12,1.5,3.3,0.8,242,16,1.5,3.3,0.8,242,16,0,29.74,0.0,0,0,0,43.1,47.2,49.1,0.23,0.23,0.07
SCHA,2019-11-08 06:30:00 EST,42.89697,-73.61405,323,21.6,22.9,21.6,93.4,20.0,0.000,0.000,0.00,0.000,1.2,2.0,0.4,238,13,1.6,2.9,0.5,246,19,1.6,2.9,0.5,246,19,1,29.74,-0.0,0,0,0,43.2,47.2,49.1,0.23,0.22,0.07
SCHA,2019-11-08 06:35:00 EST,42.89697,-73.61405,323,21.7,23.0,21.7,93.8,20.2,0.000,0.000,0.00,0.000,1.7,2.7,0.4,245,8,2.2,3.3,0.5,251,12,2.2,3.3,0.5,251,12,1,29.74,-0.0,0,0,0,43.1,47.3,49.1,0.23,0.22,0.08
SCHA,2019-11-08 06:40:00 EST,42.89697,-73.61405,323,21.8,23.0,21.8,93.8,20.3,0.000,0.000,0.00,0.000,2.1,3.7,0.7,246,13,2.5,4.9,0.8,252,15,2.5,4.9,0.8,252,15,3,29.74,0.1,0,0,0,43.1,47.1,49.1,0.23,0.23,0.07
SCHA,2019-11-08 06:45:00 EST,42.89697,-73.61405,323,22.0,23.4,17.5,93.2,20.3,0.000,0.000,0.00,0.000,2.8,4.1,0.5,249,8,3.3,4.9,0.7,256,9,3.3,4.9,0.7,256,9,4,29.74,-0.1,0,0,0,43.2,47.2,49.0,0.23,0.22,0.08
SCHA,2019-11-08 06:50:00 EST,42.89697,-73.61405,323,21.8,23.2,21.8,93.0,20.1,0.000,0.000,0.00,0.000,2.3,3.4,0.4,249,10,2.8,4.4,0.5,254,12,2.8,4.4,0.5,254,12,5,29.75,0.1,0,0,0,43.1,47.2,49.1,0.23,0.22,0.07
SCHA,2019-11-08 06:55:00 EST,42.89697,-73.61405,323,22.2,23.4,22.2,92.6,20.3,0.000,0.000,0.00,0.000,1.7,2.5,0.4,262,9,2.2,3.4,0.5,268,12,2.2,3.4,0.5,268,12,7,29.75,0.1,0,0,0,43.0,47.2,49.0,0.23,0.22,0.07
SCHA,2019-11-08 07:00:00 EST,42.89697,-73.61405,323,22.2,23.4,17.6,92.1,20.2,0.000,0.000,0.00,0.000,2.8,5.9,1.1,251,11,3.3,7.5,1.4,257,12,3.3,7.5,1.4,257,12,8,29.75,0.1,0,0,0,43.0,47.2,49.1,0.23,0.23,0.07
SCHA,2019-11-08 07:05:00 EST,42.89697,-73.61405,323,22.9,23.8,15.4,89.3,20.2,0.000,0.000,0.00,0.000,5.0,10.9,1.4,256,15,6.0,13.8,1.8,262,14,6.0,13.8,1.8,262,14,9,29.75,0.2,0,0,0,43.0,47.2,49.1,0.23,0.22,0.08
SCHA,2019-11-08 07:10:00 EST,42.89697,-73.61405,323,23.6,24.1,15.8,84.2,19.5,0.000,0.000,0.00,0.000,5.5,10.4,1.6,259,13,6.5,12.6,1.9,265,11,6.5,12.6,1.9,265,11,14,29.75,0.1,0,0,0,43.0,47.1,48.9,0.23,0.22,0.07
SCHA,2019-11-08 07:15:00 EST,42.89697,-73.61405,323,23.5,24.0,16.7,84.1,19.4,0.000,0.000,0.00,0.000,4.4,7.2,1.0,263,10,5.3,8.8,1.2,268,9,5.3,8.8,1.2,268,9,12,29.76,0.1,0,0,0,43.0,47.2,49.0,0.23,0.22,0.07
SCHA,2019-11-08 07:20:00 EST,42.89697,-73.61405,323,23.6,24.0,16.2,83.4,19.3,0.000,0.000,0.00,0.000,5.0,7.0,0.8,264,12,6.0,8.7,1.2,269,10,6.0,8.7,1.2,269,10,15,29.76,0.1,0,0,0,42.9,47.1,49.2,0.23,0.22,0.08
SCHA,2019-11-08 07:25:00 EST,42.89697,-73.61405,323,23.7,24.1,15.0,84.1,19.6,0.000,0.000,0.00,0.000,6.4,9.5,1.0,259,9,7.7,12.0,1.4,264,8,7.7,12.0,1.4,264,8,16,29.76,0.1,0,0,0,42.9,47.2,48.8,0.23,0.23,0.07
SCHA,2019-11-08 07:30:00 EST,42.89697,-73.61405,323,23.8,24.1,17.8,83.4,19.5,0.000,0.000,0.00,0.000,3.9,6.1,0.9,267,12,4.7,7.2,1.1,273,11,4.7,7.2,1.1,273,11,19,29.76,0.1,0,0,0,42.8,47.2,48.9,0.23,0.22,0.07
SCHA,2019-11-08 07:35:00 EST,42.89697,-73.61405,323,23.8,24.1,18.9,84.1,19.7,0.000,0.000,0.00,0.000,3.1,5.8,0.8,276,20,3.8,6.5,1.1,281,20,3.8,6.5,1.1,281,20,23,29.77,0.1,0,0,0,42.8,47.1,48.9,0.23,0.22,0.07
SCHA,2019-11-08 07:40:00 EST,42.89697,-73.61405,323,23.8,24.1,19.4,84.9,19.9,0.000,0.000,0.00,0.000,2.9,6.1,1.0,276,20,3.4,8.1,1.3,280,18,3.4,8.1,1.3,280,18,21,29.77,0.1,0,0,0,42.8,47.2,48.9,0.23,0.23,0.07
SCHA,2019-11-08 07:45:00 EST,42.89697,-73.61405,323,23.8,24.2,15.9,85.6,20.1,0.000,0.000,0.00,0.000,5.6,8.7,1.3,264,11,6.7,11.0,1.7,270,9,6.7,11.0,1.7,270,9,60,29.77,0.1,0,0,0,42.8,47.0,48.9,0.23,0.23,0.08
SCHA,2019-11-08 07:50:00 EST,42.89697,-73.61405,323,24.0,24.3,15.9,85.1,20.2,0.000,0.000,0.00,0.000,5.8,8.5,1.2,268,13,7.0,10.5,1.7,272,12,7.0,10.5,1.7,272,12,45,29.77,0.1,0,0,0,42.8,47.2,48.9,0.23,0.23,0.07
SCHA,2019-11-08 07:55:00 EST,42.89697,-73.61405,323,24.0,24.2,16.6,84.8,20.1,0.000,0.000,0.00,0.000,5.1,7.7,1.1,267,15,6.1,9.7,1.5,273,13,6.1,9.7,1.5,273,13,22,29.77,0.1,0,0,0,42.8,47.1,49.0,0.23,0.23,0.07
SCHA,2019-11-08 08:00:00 EST,42.89697,-73.61405,323,24.1,24.2,15.5,84.5,20.0,0.000,0.000,0.00,0.000,6.3,9.1,1.3,264,15,7.6,11.4,1.8,270,14,7.6,11.4,1.8,270,14,22,29.78,0.1,0,0,0,42.8,47.1,48.9,0.23,0.23,0.07
SCHA,2019-11-08 08:05:00 EST,42.89697,-73.61405,323,24.2,24.4,15.5,83.6,19.9,0.000,0.000,0.00,0.000,6.5,10.7,1.7,270,17,7.7,12.9,2.3,274,16,7.7,12.9,2.3,274,16,22,29.78,0.1,0,0,0,42.8,47.1,49.0,0.23,0.23,0.08
SCHA,2019-11-08 08:10:00 EST,42.89697,-73.61405,323,24.4,24.5,19.2,82.9,19.9,0.000,0.000,0.00,0.000,3.3,8.0,1.8,276,27,4.1,10.1,2.1,279,23,4.1,10.1,2.1,279,23,55,29.78,0.1,0,0,0,42.8,47.1,49.0,0.22,0.22,0.08
SCHA,2019-11-08 08:15:00 EST,42.89697,-73.61405,323,24.7,24.9,18.3,81.6,19.9,0.000,0.000,0.00,0.000,4.4,8.9,1.6,272,22,5.2,10.7,1.9,275,17,5.2,10.7,1.9,275,17,55,29.78,0.1,0,0,0,42.8,47.0,48.9,0.22,0.23,0.07
SCHA,2019-11-08 08:20:00 EST,42.89697,-73.61405,323,25.1,25.2,17.3,77.8,19.1,0.000,0.000,0.00,0.000,5.7,12.1,2.3,274,20,6.8,15.2,2.9,278,20,6.8,15.2,2.9,278,20,64,29.78,0.1,0,0,0,42.7,47.0,48.8,0.23,0.22,0.08
SCHA,2019-11-08 08:25:00 EST,42.89697,-73.61405,323,25.3,25.4,18.4,75.8,18.7,0.000,0.000,0.00,0.000,5.1,10.0,1.6,282,20,5.8,11.9,1.9,286,17,5.8,11.9,1.9,286,17,65,29.78,0.1,0,0,0,42.6,47.0,48.9,0.23,0.22,0.08
SCHA,2019-11-08 08:30:00 EST,42.89697,-73.61405,323,25.5,25.7,18.9,75.1,18.7,0.000,0.000,0.00,0.000,4.6,10.4,2.0,271,18,5.5,12.7,2.4,277,16,5.5,12.7,2.4,277,16,76,29.78,0.1,0,0,0,42.7,47.0,48.8,0.23,0.23,0.08
SCHA,2019-11-08 08:35:00 EST,42.89697,-73.61405,323,25.6,25.8,17.1,72.4,17.9,0.000,0.000,0.00,0.000,6.7,14.0,2.5,284,26,7.9,17.4,3.0,286,24,7.9,17.4,3.0,286,24,50,29.79,0.1,0,0,0,42.6,47.0,49.0,0.23,0.23,0.07
SCHA,2019-11-08 08:40:00 EST,42.89697,-73.61405,323,25.7,25.9,16.7,71.6,17.8,0.000,0.000,0.00,0.000,7.2,12.6,2.1,276,17,8.6,13.9,2.6,279,14,8.6,13.9,2.6,279,14,44,29.79,0.1,0,0,0,42.6,47.0,48.9,0.23,0.22,0.07
SCHA,2019-11-08 08:45:00 EST,42.89697,-73.61405,323,25.9,26.0,17.6,71.3,17.9,0.000,0.000,0.00,0.000,6.7,13.6,2.5,278,24,7.7,15.2,2.7,284,21,7.7,15.2,2.7,284,21,63,29.79,0.1,0,0,0,42.6,47.0,48.9,0.23,0.23,0.08
SCHA,2019-11-08 08:50:00 EST,42.89697,-73.61405,323,25.9,26.0,17.8,68.2,16.8,0.000,0.000,0.00,0.000,6.3,11.4,2.3,292,22,7.4,13.3,2.7,295,20,7.4,13.3,2.7,295,20,81,29.79,0.1,0,0,0,42.6,47.0,48.9,0.22,0.22,0.08
SCHA,2019-11-08 08:55:00 EST,42.89697,-73.61405,323,25.9,26.0,19.5,67.6,16.6,0.000,0.000,0.00,0.000,4.7,11.3,2.2,292,29,5.4,13.4,2.4,295,28,5.4,13.4,2.4,295,28,90,29.79,0.1,0,0,0,42.6,47.0,48.8,0.23,0.22,0.07
SCHA,2019-11-08 09:00:00 EST,42.89697,-73.61405,323,26.2,26.3,19.4,70.0,17.7,0.000,0.000,0.00,0.000,4.8,10.3,2.4,284,27,5.8,13.0,2.7,290,25,5.8,13.0,2.7,290,25,107,29.79,0.1,0,0,0,42.5,46.9,48.7,0.22,0.22,0.07
SCHA,2019-11-08 09:05:00 EST,42.89697,-73.61405,323,26.5,26.5,18.7,68.2,17.4,0.000,0.000,0.00,0.000,6.1,10.8,1.8,281,19,7.3,12.9,2.3,284,17,7.3,12.9,2.3,284,17,140,29.80,0.1,0,0,0,42.4,47.0,48.8,0.22,0.22,0.08
SCHA,2019-11-08 09:10:00 EST,42.89697,-73.61405,323,26.6,26.6,19.4,66.6,17.0,0.000,0.000,0.00,0.000,5.5,11.4,2.1,299,26,6.5,14.2,2.4,304,26,6.5,14.2,2.4,304,26,128,29.80,0.1,0,0,0,42.4,46.9,48.7,0.22,0.22,0.08
SCHA,2019-11-08 09:15:00 EST,42.89697,-73.61405,323,26.8,26.7,19.4,68.7,17.9,0.000,0.000,0.00,0.000,6.0,12.6,2.1,289,26,6.8,14.1,2.5,294,25,6.8,14.1,2.5,294,25,108,29.80,0.1,0,0,0,42.4,46.9,48.8,0.23,0.22,0.08
SCHA,2019-11-08 09:20:00 EST,42.89697,-73.61405,323,26.9,26.9,20.7,68.5,17.9,0.000,0.000,0.00,0.000,4.4,12.9,2.2,287,29,5.5,17.9,2.7,289,27,5.5,17.9,2.7,289,27,136,29.80,0.1,0,0,0,42.4,46.9,49.0,0.22,0.22,0.07
SCHA,2019-11-08 09:25:00 EST,42.89697,-73.61405,323,27.1,27.0,18.8,66.0,17.2,0.000,0.000,0.00,0.000,6.6,12.4,2.6,282,23,8.1,15.0,3.0,284,19,8.1,15.0,3.0,284,19,118,29.80,0.1,0,0,0,42.4,46.9,48.9,0.22,0.22,0.07
SCHA,2019-11-08 09:30:00 EST,42.89697,-73.61405,323,27.1,27.0,20.4,66.3,17.3,0.000,0.000,0.00,0.000,4.8,9.1,1.8,289,31,5.9,11.6,2.2,295,34,5.9,11.6,2.2,295,34,91,29.80,0.1,0,0,0,42.4,46.9,48.7,0.22,0.23,0.07
SCHA,2019-11-08 09:35:00 EST,42.89697,-73.61405,323,27.3,27.2,20.5,66.0,17.4,0.000,0.000,0.00,0.000,5.3,11.9,2.2,290,27,6.2,12.9,2.5,294,24,6.2,12.9,2.5,294,24,122,29.80,0.1,0,0,0,42.4,46.9,48.8,0.22,0.23,0.07
SCHA,2019-11-08 09:40:00 EST,42.89697,-73.61405,323,27.1,27.1,20.8,65.8,17.2,0.000,0.000,0.00,0.000,4.4,9.4,1.5,302,33,5.6,12.2,1.8,303,29,5.6,12.2,1.8,303,29,81,29.80,0.1,0,0,0,42.3,46.8,48.8,0.22,0.22,0.07
SCHA,2019-11-08 09:45:00 EST,42.89697,-73.61405,323,27.2,27.2,20.4,65.8,17.3,0.000,0.000,0.00,0.000,5.0,13.6,3.1,301,28,6.1,17.0,3.3,306,27,6.1,17.0,3.3,306,27,79,29.80,0.1,0,0,0,42.3,46.8,48.7,0.22,0.22,0.08
SCHA,2019-11-08 09:50:00 EST,42.89697,-73.61405,323,27.2,27.2,22.1,66.6,17.6,0.000,0.000,0.00,0.000,3.5,7.6,1.8,312,33,4.4,9.6,1.8,316,27,4.4,9.6,1.8,316,27,71,29.80,0.1,0,0,0,42.3,46.9,49.0,0.22,0.22,0.07
SCHA,2019-11-08 09:55:00 EST,42.89697,-73.61405,323,27.6,27.5,22.7,67.3,18.2,0.000,0.000,0.00,0.000,3.4,6.6,1.5,291,28,4.2,8.9,1.8,294,24,4.2,8.9,1.8,294,24,111,29.80,0.1,0,0,0,42.3,46.8,48.7,0.22,0.23,0.07
SCHA,2019-11-08 10:00:00 EST,42.89697,-73.61405,323,28.0,27.8,21.9,66.8,18.4,0.000,0.000,0.00,0.000,4.5,10.3,1.7,290,25,5.4,10.8,1.9,293,24,5.4,10.8,1.9,293,24,111,29.80,0.1,0,0,0,42.3,46.8,48.6,0.22,0.22,0.08
SCHA,2019-11-08 10:05:00 EST,42.89697,-73.61405,323,28.1,27.9,22.7,65.1,17.9,0.000,0.000,0.00,0.000,3.9,7.7,1.5,286,24,4.8,10.6,1.9,286,20,4.8,10.6,1.9,286,20,91,29.80,0.1,0,0,0,42.3,46.8,48.7,0.22,0.23,0.07
SCHA,2019-11-08 10:10:00 EST,42.89697,-73.61405,323,28.1,27.9,22.0,63.1,17.1,0.000,0.000,0.00,0.000,4.8,9.9,2.2,303,32,5.5,11.0,2.3,308,31,5.5,11.0,2.3,308,31,123,29.80,0.1,0,0,0,42.3,46.9,48.8,0.22,0.22,0.07
SCHA,2019-11-08 10:15:00 EST,42.89697,-73.61405,323,28.4,28.2,21.8,62.3,17.1,0.000,0.000,0.00,0.000,5.3,12.0,2.1,293,25,6.2,13.0,2.4,297,24,6.2,13.0,2.4,297,24,133,29.80,0.1,0,0,0,42.3,46.8,48.8,0.22,0.23,0.07
SCHA,2019-11-08 10:20:00 EST,42.89697,-73.61405,323,28.7,28.4,22.3,61.7,17.2,0.000,0.000,0.00,0.000,5.2,9.4,1.9,297,25,6.1,13.1,2.1,301,23,6.1,13.1,2.1,301,23,173,29.81,0.1,0,0,0,42.3,46.8,48.6,0.22,0.22,0.07
SCHA,2019-11-08 10:25:00 EST,42.89697,-73.61405,323,29.2,28.8,24.1,62.3,17.9,0.000,0.000,0.00,0.000,3.6,9.5,2.5,279,27,4.6,12.9,2.8,284,31,4.6,12.9,2.8,284,31,217,29.81,0.1,0,0,0,42.4,46.9,48.8,0.22,0.22,0.07
SCHA,2019-11-08 10:30:00 EST,42.89697,-73.61405,323,29.3,28.9,24.2,60.9,17.5,0.000,0.000,0.00,0.000,3.9,8.7,1.9,284,26,4.8,11.0,2.2,286,25,4.8,11.0,2.2,286,25,221,29.81,0.1,0,0,0,42.3,46.9,48.8,0.22,0.22,0.07
SCHA,2019-11-08 10:35:00 EST,42.89697,-73.61405,323,29.7,29.3,25.4,63.6,18.8,0.000,0.000,0.00,0.000,3.1,8.1,1.8,303,43,4.0,10.7,2.1,309,44,4.0,10.7,2.1,309,44,161,29.80,0.0,0,0,0,42.4,46.8,48.8,0.22,0.23,0.07
SCHA,2019-11-08 10:40:00 EST,42.89697,-73.61405,323,29.2,29.0,24.3,60.9,17.4,0.000,0.000,0.00,0.000,3.6,9.4,1.6,322,27,4.5,9.7,2.0,330,25,4.5,9.7,2.0,330,25,162,29.80,0.1,0,0,0,42.3,46.8,48.8,0.22,0.23,0.08
SCHA,2019-11-08 10:45:00 EST,42.89697,-73.61405,323,29.5,29.3,26.2,62.3,18.2,0.000,0.000,0.00,0.000,2.7,5.2,1.1,310,33,3.2,5.9,1.3,311,33,3.2,5.9,1.3,311,33,169,29.80,0.0,0,0,0,42.3,46.9,48.7,0.22,0.22,0.08
SCHA,2019-11-08 10:50:00 EST,42.89697,-73.61405,323,29.7,29.5,24.3,61.8,18.1,0.000,0.000,0.00,0.000,4.2,9.0,1.6,297,29,5.0,10.1,1.9,300,27,5.0,10.1,1.9,300,27,123,29.80,0.1,0,0,0,42.3,46.8,48.8,0.23,0.22,0.07
SCHA,2019-11-08 10:55:00 EST,42.89697,-73.61405,323,29.5,29.4,21.4,60.8,17.6,0.000,0.000,0.00,0.000,7.2,14.5,2.7,285,32,8.5,17.1,3.3,288,29,8.5,17.1,3.3,288,29,183,29.80,0.0,0,0,0,42.4,46.8,48.7,0.22,0.22,0.07
SCHA,2019-11-08 11:00:00 EST,42.89697,-73.61405,323,30.4,30.0,24.7,59.0,17.7,0.000,0.000,0.00,0.000,4.5,11.0,2.3,322,32,5.5,11.6,2.2,325,28,5.5,11.6,2.2,325,28,283,29.80,0.0,0,0,0,42.3,46.8,48.7,0.22,0.22,0.07
SCHA,2019-11-08 11:05:00 EST,42.89697,-73.61405,323,29.9,29.8,22.7,56.2,16.2,0.000,0.000,0.00,0.000,6.3,13.2,2.4,311,32,7.4,15.0,3.1,311,29,7.4,15.0,3.1,311,29,136,29.80,-0.0,0,0,0,42.4,46.8,48.8,0.22,0.23,0.07
SCHA,2019-11-08 11:10:00 EST,42.89697,-73.61405,323,29.8,29.7,24.5,57.5,16.6,0.000,0.000,0.00,0.000,4.1,7.6,1.9,304,34,5.0,11.0,2.1,306,35,5.0,11.0,2.1,306,35,119,29.80,-0.0,0,0,0,42.4,46.9,48.8,0.22,0.22,0.07
SCHA,2019-11-08 11:15:00 EST,42.89697,-73.61405,323,29.8,29.8,23.1,57.0,16.4,0.000,0.000,0.00,0.000,5.7,14.1,2.6,294,26,6.7,16.6,3.0,299,23,6.7,16.6,3.0,299,23,102,29.80,-0.0,0,0,0,42.3,46.8,48.8,0.22,0.22,0.07
SCHA,2019-11-08 11:20:00 EST,42.89697,-73.61405,323,30.2,30.0,26.3,58.4,17.3,0.000,0.000,0.00,0.000,3.0,8.5,2.0,312,30,3.7,9.9,2.2,319,26,3.7,9.9,2.2,319,26,275,29.80,-0.0,0,0,0,42.3,46.8,48.6,0.22,0.22,0.07
SCHA,2019-11-08 11:25:00 EST,42.89697,-73.61405,323,31.1,30.8,26.5,56.3,17.3,0.000,0.000,0.00,0.000,3.7,9.3,1.9,303,38,4.5,11.3,2.1,308,34,4.5,11.3,2.1,308,34,381,29.80,-0.1,0,0,0,42.3,46.8,48.7,0.22,0.22,0.07
SCHA,2019-11-08 11:30:00 EST,42.89697,-73.61405,323,30.8,30.6,24.9,53.8,16.0,0.000,0.000,0.00,0.000,4.5,8.8,1.9,320,32,5.8,14.1,2.8,323,29,5.8,14.1,2.8,323,29,170,29.79,-0.0,0,0,0,42.3,46.8,48.6,0.22,0.22,0.08
SCHA,2019-11-08 11:35:00 EST,42.89697,-73.61405,323,30.5,30.5,25.2,57.4,17.3,0.000,0.000,0.00,0.000,4.2,8.0,1.6,295,29,5.2,12.1,1.9,299,27,5.2,12.1,1.9,299,27,176,29.80,-0.0,0,0,0,42.3,46.8,48.6,0.22,0.23,0.07
SCHA,2019-11-08 11:40:00 EST,42.89697,-73.61405,323,30.7,30.6,23.7,56.8,17.2,0.000,0.000,0.00,0.000,6.6,15.0,2.6,305,24,7.5,16.5,2.9,310,23,7.5,16.5,2.9,310,23,336,29.80,0.1,0,0,0,42.3,46.8,48.7,0.22,0.22,0.07
SCHA,2019-11-08 11:45:00 EST,42.89697,-73.61405,323,31.4,31.1,25.5,56.4,17.6,0.000,0.000,0.00,0.000,4.8,11.2,2.6,301,33,5.9,14.6,2.9,305,31,5.9,14.6,2.9,305,31,356,29.79,0.0,0,0,0,42.3,46.7,48.7,0.22,0.22,0.07
SCHA,2019-11-08 11:50:00 EST,42.89697,-73.61405,323,31.0,30.8,24.0,54.9,16.7,0.000,0.000,0.00,0.000,6.0,13.4,2.4,301,28,7.5,12.8,2.7,307,27,7.5,12.8,2.7,307,27,254,29.79,-0.0,0,0,0,42.4,46.8,48.7,0.22,0.22,0.08
SCHA,2019-11-08 11:55:00 EST,42.89697,-73.61405,323,30.7,30.5,24.9,55.5,16.6,0.000,0.000,0.00,0.000,4.7,12.6,2.8,310,27,5.7,12.9,2.8,313,26,5.7,12.9,2.8,313,26,163,29.79,0.0,0,0,0,42.3,46.7,48.7,0.22,0.22,0.07
SCHA,2019-11-08 12:00:00 EST,42.89697,-73.61405,323,30.3,30.3,24.7,55.5,16.2,0.000,0.000,0.00,0.000,4.6,10.3,1.9,303,31,5.4,12.5,2.0,304,28,5.4,12.5,2.0,304,28,160,29.79,-0.1,0,0,0,42.4,46.7,48.8,0.22,0.22,0.07
SCHA,2019-11-08 12:05:00 EST,42.89697,-73.61405,323,30.5,30.4,25.7,55.2,16.3,0.000,0.000,0.00,0.000,3.6,10.2,1.9,298,31,4.6,11.2,2.1,304,33,4.6,11.2,2.1,304,33,245,29.79,-0.1,0,0,0,42.4,46.6,48.7,0.22,0.22,0.07
SCHA,2019-11-08 12:10:00 EST,42.89697,-73.61405,323,31.1,31.0,23.8,53.2,16.0,0.000,0.000,0.00,0.000,6.7,16.2,3.3,296,28,8.0,17.5,3.9,299,26,8.0,17.5,3.9,299,26,430,29.79,0.1,0,0,0,42.4,46.7,48.6,0.22,0.22,0.07
SCHA,2019-11-08 12:15:00 EST,42.89697,-73.61405,323,31.4,31.3,23.2,49.4,14.7,0.000,0.000,0.00,0.000,8.8,17.3,2.9,295,24,9.7,18.7,3.1,300,20,9.7,18.7,3.1,300,20,420,29.79,0.0,0,0,0,42.4,46.6,48.8,0.22,0.22,0.07
SCHA,2019-11-08 12:20:00 EST,42.89697,-73.61405,323,32.1,31.7,23.6,52.8,16.7,0.000,0.000,0.00,0.000,8.9,17.3,2.6,272,15,10.4,20.9,3.3,276,14,10.4,20.9,3.3,276,14,459,29.79,-0.0,0,0,0,42.4,46.7,48.7,0.22,0.22,0.08
SCHA,2019-11-08 12:25:00 EST,42.89697,-73.61405,323,32.0,31.7,23.9,52.1,16.4,0.000,0.000,0.00,0.000,8.3,15.9,3.0,279,23,9.6,18.3,3.6,284,20,9.6,18.3,3.6,284,20,365,29.79,-0.0,0,0,0,42.5,46.6,48.6,0.22,0.22,0.08
SCHA,2019-11-08 12:30:00 EST,42.89697,-73.61405,323,31.4,31.2,24.1,48.7,14.3,0.000,0.000,0.00,0.000,6.7,15.3,2.6,291,26,8.1,17.9,3.1,295,26,8.1,17.9,3.1,295,26,292,29.79,0.0,0,0,0,42.5,46.6,48.6,0.22,0.22,0.08
SCHA,2019-11-08 12:35:00 EST,42.89697,-73.61405,323,30.9,30.9,23.3,46.1,12.6,0.000,0.000,0.00,0.000,7.3,14.4,2.6,299,28,8.5,16.0,3.1,304,27,8.5,16.0,3.1,304,27,192,29.79,0.0,0,0,0,42.5,46.6,48.7,0.22,0.23,0.07
SCHA,2019-11-08 12:40:00 EST,42.89697,-73.61405,323,30.8,30.9,24.3,47.1,13.0,0.000,0.000,0.00,0.000,5.7,13.4,2.4,308,29,6.7,15.1,2.8,310,28,6.7,15.1,2.8,310,28,185,29.78,0.1,0,0,0,42.5,46.7,48.7,0.22,0.22,0.07
SCHA,2019-11-08 12:45:00 EST,42.89697,-73.61405,323,31.8,31.6,25.0,47.2,13.9,0.000,0.000,0.00,0.000,6.4,17.0,3.3,293,27,7.3,17.2,3.2,298,26,7.3,17.2,3.2,298,26,455,29.78,0.1,0,0,0,42.5,46.6,48.7,0.22,0.23,0.07
SCHA,2019-11-08 12:50:00 EST,42.89697,-73.61405,323,32.1,32.0,25.0,45.3,13.3,0.000,0.000,0.00,0.000,6.8,14.2,2.6,295,29,7.9,18.6,3.1,296,27,7.9,18.6,3.1,296,27,319,29.78,0.1,0,0,0,42.6,46.6,48.6,0.23,0.23,0.08
SCHA,2019-11-08 12:55:00 EST,42.89697,-73.61405,323,32.2,32.1,26.5,46.3,13.9,0.000,0.000,0.00,0.000,5.0,11.0,2.5,303,33,6.0,12.5,2.7,307,31,6.0,12.5,2.7,307,31,198,29.78,0.1,0,0,0,42.6,46.6,48.7,0.22,0.22,0.07
SCHA,2019-11-08 13:00:00 EST,42.89697,-73.61405,323,31.5,31.6,24.4,45.6,12.9,0.000,0.000,0.00,0.000,7.0,13.4,2.6,299,26,7.9,16.3,3.0,306,27,7.9,16.3,3.0,306,27,129,29.79,0.0,0,0,0,42.6,46.6,48.6,0.22,0.23,0.08
SCHA,2019-11-08 13:05:00 EST,42.89697,-73.61405,323,31.2,31.2,23.6,49.2,14.3,0.000,0.000,0.00,0.000,7.3,14.2,2.9,288,30,8.5,17.4,3.5,291,27,8.5,17.4,3.5,291,27,185,29.79,0.1,0,0,0,42.6,46.7,48.6,0.23,0.23,0.07
SCHA,2019-11-08 13:10:00 EST,42.89697,-73.61405,323,31.1,31.1,24.0,49.6,14.4,0.000,0.000,0.00,0.000,6.6,11.5,2.1,294,28,7.6,12.8,2.2,295,28,7.6,12.8,2.2,295,28,127,29.79,0.0,0,0,0,42.6,46.6,48.6,0.23,0.22,0.07
SCHA,2019-11-08 13:15:00 EST,42.89697,-73.61405,323,30.8,30.9,24.3,48.9,13.9,0.000,0.000,0.00,0.000,5.8,15.2,2.9,306,32,6.7,15.4,2.9,308,27,6.7,15.4,2.9,308,27,168,29.79,0.0,0,0,0,42.6,46.7,48.6,0.22,0.22,0.08
SCHA,2019-11-08 13:20:00 EST,42.89697,-73.61405,323,31.6,31.4,25.3,51.2,15.6,0.000,0.000,0.00,0.000,5.5,11.5,2.0,288,23,6.5,14.5,2.6,290,21,6.5,14.5,2.6,290,21,388,29.79,0.1,0,0,0,42.7,46.6,48.6,0.23,0.22,0.08
SCHA,2019-11-08 13:25:00 EST,42.89697,-73.61405,323,31.3,31.1,24.4,51.5,15.5,0.000,0.000,0.00,0.000,6.3,12.1,2.5,306,31,7.3,14.0,2.8,307,31,7.3,14.0,2.8,307,31,184,29.79,-0.0,0,0,0,42.7,46.5,48.7,0.23,0.22,0.07
SCHA,2019-11-08 13:30:00 EST,42.89697,-73.61405,323,31.8,31.7,26.5,50.2,15.4,0.000,0.000,0.00,0.000,4.4,10.2,2.2,300,30,5.4,9.6,2.1,303,29,5.4,9.6,2.1,303,29,448,29.79,0.1,0,0,0,42.8,46.5,48.6,0.22,0.22,0.07
SCHA,2019-11-08 13:35:00 EST,42.89697,-73.61405,323,32.8,32.5,25.0,47.1,14.8,0.000,0.000,0.00,0.000,8.1,15.3,3.1,285,25,9.4,18.4,3.7,288,23,9.4,18.4,3.7,288,23,446,29.79,0.0,0,0,0,42.7,46.5,48.5,0.23,0.23,0.07
SCHA,2019-11-08 13:40:00 EST,42.89697,-73.61405,323,32.0,32.0,24.9,43.8,12.5,0.000,0.000,0.00,0.000,6.9,15.6,2.6,302,27,8.0,14.3,2.9,305,24,8.0,14.3,2.9,305,24,160,29.79,-0.0,0,0,0,42.7,46.5,48.6,0.22,0.22,0.07
SCHA,2019-11-08 13:45:00 EST,42.89697,-73.61405,323,31.3,31.4,24.0,42.5,11.2,0.000,0.000,0.00,0.000,7.0,16.5,3.4,308,24,8.0,17.0,3.9,310,23,8.0,17.0,3.9,310,23,123,29.79,0.0,0,0,0,42.8,46.5,48.5,0.22,0.22,0.07
SCHA,2019-11-08 13:50:00 EST,42.89697,-73.61405,323,31.1,31.2,23.3,42.3,10.8,0.000,0.000,0.00,0.000,7.6,14.6,3.1,308,27,8.7,17.9,3.2,312,23,8.7,17.9,3.2,312,23,121,29.79,0.1,0,0,0,42.8,46.4,48.6,0.22,0.23,0.08
SCHA,2019-11-08 13:55:00 EST,42.89697,-73.61405,323,31.5,31.5,25.3,46.3,13.2,0.000,0.000,0.00,0.000,5.4,12.2,2.6,292,34,6.4,18.3,2.9,293,32,6.4,18.3,2.9,293,32,315,29.79,0.1,0,0,0,42.7,46.5,48.6,0.22,0.23,0.07
SCHA,2019-11-08 14:00:00 EST,42.89697,-73.61405,323,32.6,32.3,27.4,47.5,14.8,0.000,0.000,0.00,0.000,4.5,8.8,1.7,296,24,5.4,11.3,2.2,297,24,5.4,11.3,2.2,297,24,455,29.79,0.1,0,0,0,42.7,46.5,48.5,0.22,0.22,0.07
SCHA,2019-11-08 14:05:00 EST,42.89697,-73.61405,323,33.0,32.7,25.5,45.8,14.4,0.000,0.000,0.00,0.000,7.8,16.7,3.3,295,27,9.0,18.7,3.6,298,26,9.0,18.7,3.6,298,26,426,29.79,0.0,0,0,0,42.8,46.5,48.5,0.22,0.23,0.07
SCHA,2019-11-08 14:10:00 EST,42.89697,-73.61405,323,32.5,32.3,23.3,43.5,12.8,0.000,0.000,0.00,0.000,11.0,22.5,4.0,291,25,12.5,27.1,4.6,293,22,12.5,27.1,4.6,293,22,424,29.79,-0.0,0,0,0,42.8,46.5,48.5,0.22,0.23,0.07
SCHA,2019-11-08 14:15:00 EST,42.89697,-73.61405,323,31.8,31.8,22.6,42.2,11.4,0.000,0.000,0.00,0.000,10.6,23.8,4.5,290,22,11.7,26.2,4.9,295,21,11.7,26.2,4.9,295,21,157,29.79,0.0,0,0,0,42.8,46.5,48.5,0.22,0.22,0.07
SCHA,2019-11-08 14:20:00 EST,42.89697,-73.61405,323,31.2,31.3,23.1,44.1,11.9,0.000,0.000,0.00,0.000,8.1,19.7,2.8,286,27,9.5,21.3,3.3,289,22,9.5,21.3,3.3,289,22,135,29.79,0.0,0,0,0,42.8,46.4,48.4,0.22,0.22,0.07
SCHA,2019-11-08 14:25:00 EST,42.89697,-73.61405,323,31.3,31.3,23.4,45.3,12.6,0.000,0.000,0.00,0.000,8.0,17.0,2.9,279,20,9.0,20.3,3.5,282,16,9.0,20.3,3.5,282,16,209,29.80,0.1,0,0,0,42.8,46.5,48.6,0.23,0.23,0.07
SCHA,2019-11-08 14:30:00 EST,42.89697,-73.61405,323,31.4,31.4,25.0,46.9,13.4,0.000,0.000,0.00,0.000,5.6,11.5,2.4,277,26,6.6,14.5,2.7,281,22,6.6,14.5,2.7,281,22,172,29.80,0.0,0,0,0,42.8,46.5,48.5,0.22,0.23,0.08
SCHA,2019-11-08 14:35:00 EST,42.89697,-73.61405,323,31.3,31.3,23.3,45.8,12.8,0.000,0.000,0.00,0.000,7.9,15.0,2.7,273,21,9.2,20.8,3.2,280,18,9.2,20.8,3.2,280,18,146,29.80,0.0,0,0,0,42.8,46.4,48.4,0.22,0.23,0.07
SCHA,2019-11-08 14:40:00 EST,42.89697,-73.61405,323,31.3,31.4,23.4,44.2,12.0,0.000,0.000,0.00,0.000,8.0,16.3,2.6,284,25,9.0,19.9,3.3,288,19,9.0,19.9,3.3,288,19,155,29.80,0.0,0,0,0,42.8,46.5,48.5,0.23,0.22,0.07
SCHA,2019-11-08 14:45:00 EST,42.89697,-73.61405,323,31.4,31.4,25.1,43.4,11.6,0.000,0.000,0.00,0.000,5.7,11.2,2.3,298,27,6.4,12.3,2.4,304,28,6.4,12.3,2.4,304,28,125,29.80,0.0,0,0,0,42.8,46.4,48.5,0.23,0.23,0.07
SCHA,2019-11-08 14:50:00 EST,42.89697,-73.61405,323,31.4,31.5,25.9,44.3,12.1,0.000,0.000,0.00,0.000,4.6,11.2,2.6,309,37,5.5,12.8,2.8,318,35,5.5,12.8,2.8,318,35,114,29.80,0.0,0,0,0,42.8,46.4,48.4,0.23,0.23,0.07
SCHA,2019-11-08 14:55:00 EST,42.89697,-73.61405,323,31.2,31.3,25.4,44.6,12.1,0.000,0.000,0.00,0.000,4.6,10.5,2.3,330,44,5.8,13.0,2.5,331,44,5.8,13.0,2.5,331,44,93,29.81,-0.0,0,0,0,42.8,46.4,48.4,0.22,0.23,0.08
SCHA,2019-11-08 15:00:00 EST,42.89697,-73.61405,323,30.9,31.0,24.1,43.6,11.3,0.000,0.000,0.00,0.000,6.0,15.2,3.4,318,25,7.1,16.8,3.6,323,24,7.1,16.8,3.6,323,24,87,29.81,0.0,0,0,0,42.8,46.5,48.4,0.23,0.22,0.07
SCHA,2019-11-08 15:05:00 EST,42.89697,-73.61405,323,30.8,30.9,25.2,43.4,11.1,0.000,0.000,0.00,0.000,4.8,9.6,2.2,311,30,5.5,11.4,2.5,315,30,5.5,11.4,2.5,315,30,101,29.81,0.0,0,0,0,42.8,46.4,48.5,0.22,0.22,0.07
SCHA,2019-11-08 15:10:00 EST,42.89697,-73.61405,323,30.9,31.0,24.0,43.9,11.4,0.000,0.000,0.00,0.000,6.0,13.0,2.4,304,26,7.1,15.6,2.9,308,25,7.1,15.6,2.9,308,25,88,29.81,0.0,0,0,0,42.8,46.5,48.5,0.22,0.22,0.07
SCHA,2019-11-08 15:15:00 EST,42.89697,-73.61405,323,30.9,31.2,24.0,42.9,10.9,0.000,0.000,0.00,0.000,6.3,13.2,3.1,304,29,7.3,14.6,3.3,307,27,7.3,14.6,3.3,307,27,146,29.81,0.0,0,0,0,42.8,46.4,48.5,0.22,0.23,0.07
SCHA,2019-11-08 15:20:00 EST,42.89697,-73.61405,323,31.1,31.3,24.4,42.5,10.9,0.000,0.000,0.00,0.000,6.2,12.3,2.9,306,28,6.9,15.4,2.9,312,23,6.9,15.4,2.9,312,23,107,29.81,-0.0,0,0,0,42.8,46.5,48.4,0.22,0.23,0.07
SCHA,2019-11-08 15:25:00 EST,42.89697,-73.61405,323,31.0,31.3,26.2,43.9,11.6,0.000,0.000,0.00,0.000,3.9,10.3,2.2,318,35,4.7,12.4,2.5,321,35,4.7,12.4,2.5,321,35,48,29.82,-0.0,0,0,0,42.8,46.4,48.4,0.22,0.22,0.08
SCHA,2019-11-08 15:30:00 EST,42.89697,-73.61405,323,30.6,30.8,25.6,45.3,11.9,0.000,0.000,0.00,0.000,4.1,10.7,2.3,301,28,4.9,12.2,2.5,304,27,4.9,12.2,2.5,304,27,42,29.82,-0.0,0,0,0,42.8,46.4,48.5,0.22,0.23,0.07
SCHA,2019-11-08 15:35:00 EST,42.89697,-73.61405,323,30.4,30.7,24.1,45.4,11.8,0.000,0.000,0.00,0.000,5.4,9.5,1.9,274,23,6.3,11.8,2.3,278,22,6.3,11.8,2.3,278,22,40,29.82,0.0,0,0,0,42.8,46.4,48.5,0.22,0.22,0.07
SCHA,2019-11-08 15:40:00 EST,42.89697,-73.61405,323,30.8,31.0,26.6,45.4,12.1,0.000,0.000,0.00,0.000,3.2,12.3,1.9,292,27,4.1,13.9,2.3,298,25,4.1,13.9,2.3,298,25,34,29.82,0.0,0,0,0,42.8,46.5,48.4,0.22,0.22,0.07
SCHA,2019-11-08 15:45:00 EST,42.89697,-73.61405,323,30.9,31.2,24.1,43.4,11.2,0.000,0.000,0.00,0.000,6.0,12.6,2.8,292,24,7.1,16.4,3.2,295,22,7.1,16.4,3.2,295,22,33,29.82,-0.1,0,0,0,42.8,46.4,48.5,0.22,0.22,0.07
SCHA,2019-11-08 15:50:00 EST,42.89697,-73.61405,323,31.0,31.3,26.7,44.5,11.9,0.000,0.000,0.00,0.000,3.4,10.3,2.3,296,32,4.2,10.3,2.5,304,29,4.2,10.3,2.5,304,29,36,29.82,-0.0,0,0,0,42.8,46.4,48.5,0.22,0.22,0.08
SCHA,2019-11-08 15:55:00 EST,42.89697,-73.61405,323,31.0,31.2,26.4,44.5,11.8,0.000,0.000,0.00,0.000,3.9,8.3,1.6,305,36,4.5,8.9,1.9,307,33,4.5,8.9,1.9,307,33,41,29.82,-0.0,0,0,0,42.8,46.5,48.5,0.22,0.22,0.07
SCHA,2019-11-08 16:00:00 EST,42.89697,-73.61405,323,31.1,31.3,26.1,43.8,11.6,0.000,0.000,0.00,0.000,4.2,10.4,2.4,328,30,4.9,15.3,2.8,335,27,4.9,15.3,2.8,335,27,48,29.82,-0.0,0,0,0,42.8,46.4,48.5,0.22,0.22,0.08
SCHA,2019-11-08 16:05:00 EST,42.89697,-73.61405,323,31.0,31.3,25.3,43.2,11.2,0.000,0.000,0.00,0.000,5.0,11.0,1.7,306,31,5.6,10.6,2.0,309,28,5.6,10.6,2.0,309,28,34,29.82,-0.0,0,0,0,42.8,46.4,48.4,0.22,0.22,0.08
SCHA,2019-11-08 16:10:00 EST,42.89697,-73.61405,323,30.6,30.8,25.2,45.3,11.9,0.000,0.000,0.00,0.000,4.4,10.4,1.5,294,24,5.2,12.9,1.8,296,22,5.2,12.9,1.8,296,22,23,29.83,-0.0,0,0,0,42.8,46.3,48.4,0.22,0.22,0.08
SCHA,2019-11-08 16:15:00 EST,42.89697,-73.61405,323,30.3,30.6,24.6,45.5,11.7,0.000,0.000,0.00,0.000,4.7,8.0,1.3,286,22,5.5,10.2,1.7,289,19,5.5,10.2,1.7,289,19,24,29.83,0.0,0,0,0,42.8,46.3,48.5,0.22,0.23,0.07
SCHA,2019-11-08 16:20:00 EST,42.89697,-73.61405,323,30.2,30.5,24.9,45.4,11.5,0.000,0.000,0.00,0.000,4.3,8.8,1.6,294,23,5.0,11.7,2.0,297,23,5.0,11.7,2.0,297,23,26,29.83,0.0,0,0,0,42.8,46.4,48.4,0.22,0.23,0.07
SCHA,2019-11-08 16:25:00 EST,42.89697,-73.61405,323,30.1,30.4,24.9,45.9,11.7,0.000,0.000,0.00,0.000,4.2,8.2,1.7,292,23,5.0,11.2,2.0,294,23,5.0,11.2,2.0,294,23,20,29.84,0.0,0,0,0,42.8,46.4,48.4,0.22,0.23,0.08
SCHA,2019-11-08 16:30:00 EST,42.89697,-73.61405,323,30.0,30.3,24.9,47.0,12.2,0.000,0.000,0.00,0.000,3.9,8.2,1.8,302,33,4.8,8.8,1.9,306,31,4.8,8.8,1.9,306,31,17,29.84,-0.0,0,0,0,42.8,46.3,48.4,0.22,0.22,0.08
SCHA,2019-11-08 16:35:00 EST,42.89697,-73.61405,323,30.0,30.3,26.4,46.9,12.1,0.000,0.000,0.00,0.000,2.8,6.9,1.5,296,31,3.5,9.5,1.7,299,32,3.5,9.5,1.7,299,32,12,29.84,-0.0,0,0,0,42.8,46.4,48.4,0.22,0.22,0.08
SCHA,2019-11-08 16:40:00 EST,42.89697,-73.61405,323,29.7,30.1,26.1,48.0,12.4,0.000,0.000,0.00,0.000,2.8,6.6,1.4,308,24,3.4,7.4,1.6,311,25,3.4,7.4,1.6,311,25,6,29.84,-0.0,0,0,0,42.8,46.4,48.4,0.22,0.22,0.07
SCHA,2019-11-08 16:45:00 EST,42.89697,-73.61405,323,29.7,30.1,23.8,47.7,12.2,0.000,0.000,0.00,0.000,4.7,12.2,2.4,306,27,5.5,11.9,2.5,312,25,5.5,11.9,2.5,312,25,4,29.84,0.0,0,0,0,42.8,46.4,48.4,0.22,0.22,0.07
SCHA,2019-11-08 16:50:00 EST,42.89697,-73.61405,323,29.7,30.0,24.3,46.2,11.5,0.000,0.000,0.00,0.000,4.6,8.9,1.7,306,26,5.1,9.9,1.8,311,27,5.1,9.9,1.8,311,27,2,29.84,0.0,0,0,0,42.8,46.3,48.4,0.22,0.23,0.08
SCHA,2019-11-08 16:55:00 EST,42.89697,-73.61405,323,29.5,29.9,25.3,47.6,12.1,0.000,0.000,0.00,0.000,3.2,7.6,1.6,300,35,3.9,10.0,1.9,298,34,3.9,10.0,1.9,298,34,1,29.85,-0.0,0,0,0,42.8,46.4,48.4,0.22,0.22,0.07
SCHA,2019-11-08 17:00:00 EST,42.89697,-73.61405,323,29.5,29.8,24.6,47.8,12.1,0.000,0.000,0.00,0.000,3.9,7.6,1.5,300,23,4.5,7.7,1.5,307,21,4.5,7.7,1.5,307,21,0,29.85,-0.0,0,0,0,42.7,46.3,48.4,0.22,0.22,0.08
SCHA,2019-11-08 17:05:00 EST,42.89697,-73.61405,323,29.4,29.7,25.3,47.4,11.8,0.000,0.000,0.00,0.000,3.2,6.9,1.5,305,24,3.7,8.9,1.7,311,24,3.7,8.9,1.7,311,24,0,29.85,-0.0,0,0,0,42.8,46.4,48.3,0.22,0.22,0.07
SCHA,2019-11-08 17:10:00 EST,42.89697,-73.61405,323,29.2,29.6,25.4,48.5,12.1,0.000,0.000,0.00,0.000,2.9,6.7,1.4,316,23,3.5,8.2,1.6,318,20,3.5,8.2,1.6,318,20,0,29.85,0.1,0,0,0,42.7,46.3,48.5,0.22,0.22,0.08
SCHA,2019-11-08 17:15:00 EST,42.89697,-73.61405,323,29.1,29.5,25.4,49.0,12.3,0.000,0.000,0.00,0.000,3.0,6.9,1.7,299,21,3.5,7.8,1.7,305,22,3.5,7.8,1.7,305,22,0,29.86,0.1,0,0,0,42.7,46.2,48.5,0.22,0.22,0.07
SCHA,2019-11-08 17:20:00 EST,42.89697,-73.61405,323,29.2,29.5,23.2,49.0,12.3,0.000,0.000,0.00,0.000,4.7,10.4,2.1,296,27,5.6,11.2,2.1,298,25,5.6,11.2,2.1,298,25,0,29.86,0.1,0,0,0,42.6,46.2,48.4,0.22,0.22,0.08
SCHA,2019-11-08 17:25:00 EST,42.89697,-73.61405,323,29.2,29.6,23.1,47.5,11.7,0.000,0.000,0.00,0.000,5.0,10.8,2.2,302,23,5.7,12.4,2.3,306,24,5.7,12.4,2.3,306,24,0,29.86,0.0,0,0,0,42.6,46.3,48.4,0.22,0.22,0.07
SCHA,2019-11-08 17:30:00 EST,42.89697,-73.61405,323,29.0,29.4,24.3,48.3,11.9,0.000,0.000,0.00,0.000,3.6,6.9,1.4,300,26,4.3,8.9,1.7,303,24,4.3,8.9,1.7,303,24,0,29.86,0.1,0,0,0,42.6,46.3,48.4,0.22,0.22,0.08
SCHA,2019-11-08 17:35:00 EST,42.89697,-73.61405,323,29.2,29.5,23.0,46.7,11.3,0.000,0.000,0.00,0.000,5.0,12.5,2.9,305,29,5.8,15.6,2.9,310,24,5.8,15.6,2.9,310,24,0,29.86,0.0,0,0,0,42.6,46.3,48.3,0.22,0.22,0.08
SCHA,2019-11-08 17:40:00 EST,42.89697,-73.61405,323,28.9,29.3,24.3,48.3,11.8,0.000,0.000,0.00,0.000,3.6,12.3,2.1,296,35,4.2,14.0,2.6,301,35,4.2,14.0,2.6,301,35,0,29.87,-0.0,0,0,0,42.6,46.2,48.4,0.22,0.22,0.08
SCHA,2019-11-08 17:45:00 EST,42.89697,-73.61405,323,28.9,29.3,23.6,47.7,11.6,0.000,0.000,0.00,0.000,4.1,11.0,2.5,303,30,4.9,14.0,2.7,305,26,4.9,14.0,2.7,305,26,0,29.87,0.1,0,0,0,42.6,46.2,48.3,0.22,0.22,0.07
SCHA,2019-11-08 17:50:00 EST,42.89697,-73.61405,323,28.9,29.3,24.0,48.0,11.6,0.000,0.000,0.00,0.000,3.6,10.9,2.5,314,41,4.4,12.0,2.6,312,42,4.4,12.0,2.6,312,42,0,29.88,-0.0,0,0,0,42.5,46.2,48.3,0.22,0.22,0.07
SCHA,2019-11-08 17:55:00 EST,42.89697,-73.61405,323,28.9,29.3,22.6,46.5,10.9,0.000,0.000,0.00,0.000,5.0,9.6,1.9,312,30,5.9,10.3,2.0,315,28,5.9,10.3,2.0,315,28,0,29.88,0.0,0,0,0,42.5,46.3,48.3,0.22,0.22,0.07
SCHA,2019-11-08 18:00:00 EST,42.89697,-73.61405,323,28.8,29.1,23.9,46.8,11.0,0.000,0.000,0.00,0.000,3.9,7.2,1.6,324,26,4.5,9.8,1.8,328,27,4.5,9.8,1.8,328,27,0,29.88,0.0,0,0,0,42.5,46.2,48.3,0.22,0.22,0.07
SCHA,2019-11-08 18:05:00 EST,42.89697,-73.61405,323,28.4,28.9,28.4,48.8,11.6,0.000,0.000,0.00,0.000,2.1,6.1,1.6,345,30,2.8,7.2,1.8,352,29,2.8,7.2,1.8,352,29,0,29.88,0.1,0,0,0,42.4,46.1,48.2,0.22,0.22,0.07
SCHA,2019-11-08 18:10:00 EST,42.89697,-73.61405,323,28.2,28.7,28.2,50.5,12.1,0.000,0.000,0.00,0.000,2.3,6.4,1.5,346,34,2.8,7.9,1.5,350,31,2.8,7.9,1.5,350,31,0,29.88,-0.0,0,0,0,42.4,46.2,48.3,0.22,0.23,0.07
SCHA,2019-11-08 18:15:00 EST,42.89697,-73.61405,323,27.9,28.6,27.9,52.2,12.6,0.000,0.000,0.00,0.000,0.9,3.7,1.1,340,23,1.5,5.9,1.4,344,25,1.5,5.9,1.4,344,25,0,29.89,0.1,0,0,0,42.3,46.2,48.2,0.22,0.22,0.08
SCHA,2019-11-08 18:20:00 EST,42.89697,-73.61405,323,28.0,28.6,24.6,51.7,12.5,0.000,0.000,0.00,0.000,2.4,6.6,1.4,318,32,3.2,10.2,1.7,321,33,3.2,10.2,1.7,321,33,0,29.89,0.0,0,0,0,42.4,46.1,48.3,0.22,0.23,0.08
SCHA,2019-11-08 18:25:00 EST,42.89697,-73.61405,323,28.1,28.6,23.9,50.4,12.0,0.000,0.000,0.00,0.000,3.2,10.9,2.6,322,29,3.8,13.1,2.8,327,31,3.8,13.1,2.8,327,31,0,29.89,-0.0,0,0,0,42.3,46.1,48.3,0.22,0.22,0.07
SCHA,2019-11-08 18:30:00 EST,42.89697,-73.61405,323,27.9,28.5,23.3,50.9,12.1,0.000,0.000,0.00,0.000,3.4,9.1,1.9,333,28,4.0,9.8,2.2,335,28,4.0,9.8,2.2,335,28,0,29.89,0.0,0,0,0,42.3,46.1,48.3,0.22,0.22,0.08
SCHA,2019-11-08 18:35:00 EST,42.89697,-73.61405,323,28.1,28.5,24.1,49.9,11.7,0.000,0.000,0.00,0.000,3.2,8.9,1.9,314,19,3.5,9.2,2.1,320,18,3.5,9.2,2.1,320,18,0,29.89,0.1,0,0,0,42.3,46.1,48.3,0.22,0.22,0.08
SCHA,2019-11-08 18:40:00 EST,42.89697,-73.61405,323,28.0,28.3,28.0,50.1,11.7,0.000,0.000,0.00,0.000,2.4,5.3,1.1,302,29,2.8,5.8,1.3,305,29,2.8,5.8,1.3,305,29,0,29.89,0.0,0,0,0,42.3,46.0,48.3,0.22,0.23,0.08
SCHA,2019-11-08 18:45:00 EST,42.89697,-73.61405,323,27.6,28.1,27.6,52.3,12.4,0.000,0.000,0.00,0.000,2.1,5.1,1.0,284,30,2.5,6.1,1.1,284,27,2.5,6.1,1.1,284,27,0,29.89,0.0,0,0,0,42.3,46.0,48.3,0.22,0.23,0.07
SCHA,2019-11-08 18:50:00 EST,42.89697,-73.61405,323,27.5,28.0,27.5,52.9,12.5,0.000,0.000,0.00,0.000,1.4,3.9,1.1,292,21,1.7,5.4,1.2,290,31,1.7,5.4,1.2,290,31,0,29.90,-0.1,0,0,0,42.3,46.1,48.3,0.22,0.22,0.07
SCHA,2019-11-08 18:55:00 EST,42.89697,-73.61405,323,27.4,28.0,27.4,53.0,12.5,0.000,0.000,0.00,0.000,1.8,5.1,1.0,311,49,2.3,6.4,1.5,315,46,2.3,6.4,1.5,315,46,0,29.90,-0.0,0,0,0,42.3,46.0,48.2,0.22,0.22,0.07
SCHA,2019-11-08 19:00:00 EST,42.89697,-73.61405,323,27.4,28.1,27.4,52.8,12.4,0.000,0.000,0.00,0.000,1.4,5.0,1.4,324,41,2.1,6.2,1.5,322,45,2.1,6.2,1.5,322,45,0,29.90,0.1,0,0,0,42.3,46.2,48.3,0.22,0.22,0.08
SCHA,2019-11-08 19:05:00 EST,42.89697,-73.61405,323,27.7,28.1,27.7,52.6,12.6,0.000,0.000,0.00,0.000,0.8,2.8,0.9,300,16,1.4,3.7,0.9,308,24,1.4,3.7,0.9,308,24,0,29.90,0.0,0,0,0,42.3,46.0,48.2,0.22,0.22,0.07
SCHA,2019-11-08 19:10:00 EST,42.89697,-73.61405,323,27.3,28.0,27.3,53.9,12.8,0.000,0.000,0.00,0.000,0.7,2.3,0.8,301,18,0.9,2.8,0.9,305,13,0.9,2.8,0.9,305,13,0,29.90,-0.1,0,0,0,42.3,46.0,48.2,0.22,0.23,0.08
SCHA,2019-11-08 19:15:00 EST,42.89697,-73.61405,323,26.2,27.6,26.2,54.9,12.1,0.000,0.000,0.00,0.000,0.0,0.5,0.1,96,0,0.2,1.3,0.4,111,10,0.2,1.3,0.4,111,10,0,29.91,0.0,0,0,0,42.3,46.1,48.2,0.22,0.22,0.08
SCHA,2019-11-08 19:20:00 EST,42.89697,-73.61405,323,26.3,27.8,26.3,54.6,12.1,0.000,0.000,0.00,0.000,0.7,2.6,0.7,276,55,1.4,3.8,0.8,263,60,1.4,3.8,0.8,263,60,0,29.91,-0.0,0,0,0,42.2,46.0,48.2,0.22,0.22,0.08
SCHA,2019-11-08 19:25:00 EST,42.89697,-73.61405,323,27.0,27.8,27.0,55.4,13.1,0.000,0.000,0.00,0.000,2.4,5.3,1.3,323,44,2.9,7.0,1.5,329,45,2.9,7.0,1.5,329,45,0,29.91,0.1,0,0,0,42.2,46.0,48.2,0.22,0.22,0.07
SCHA,2019-11-08 19:30:00 EST,42.89697,-73.61405,323,26.9,27.6,26.9,56.2,13.4,0.000,0.000,0.00,0.000,1.6,3.6,0.9,345,35,2.1,4.6,1.1,350,32,2.1,4.6,1.1,350,32,0,29.91,-0.1,0,0,0,42.1,46.0,48.2,0.22,0.23,0.07
SCHA,2019-11-08 19:35:00 EST,42.89697,-73.61405,323,26.9,27.5,26.9,55.9,13.2,0.000,0.000,0.00,0.000,1.5,3.7,0.9,302,24,1.9,4.7,0.8,309,24,1.9,4.7,0.8,309,24,0,29.91,-0.0,0,0,0,42.1,46.0,48.2,0.22,0.23,0.08
SCHA,2019-11-08 19:40:00 EST,42.89697,-73.61405,323,26.8,27.4,26.8,56.7,13.4,0.000,0.000,0.00,0.000,1.6,4.2,1.0,317,19,1.9,4.4,0.9,319,19,1.9,4.4,0.9,319,19,0,29.91,0.0,0,0,0,42.1,46.0,48.2,0.22,0.22,0.07
SCHA,2019-11-08 19:45:00 EST,42.89697,-73.61405,323,26.5,27.3,26.5,57.7,13.6,0.000,0.000,0.00,0.000,1.7,3.9,0.8,289,24,2.1,4.1,0.8,291,25,2.1,4.1,0.8,291,25,0,29.91,0.1,0,0,0,42.1,46.0,48.3,0.22,0.23,0.08
SCHA,2019-11-08 19:50:00 EST,42.89697,-73.61405,323,26.5,27.2,26.5,57.1,13.3,0.000,0.000,0.00,0.000,1.4,3.7,0.6,293,23,1.8,4.7,0.7,298,26,1.8,4.7,0.7,298,26,0,29.91,0.1,0,0,0,42.0,46.0,48.2,0.22,0.22,0.07
SCHA,2019-11-08 19:55:00 EST,42.89697,-73.61405,323,26.6,27.3,26.6,57.4,13.6,0.000,0.000,0.00,0.000,2.4,5.8,1.3,309,31,3.0,8.1,1.5,309,32,3.0,8.1,1.5,309,32,0,29.91,0.1,0,0,0,42.1,46.0,48.2,0.22,0.22,0.07
SCHA,2019-11-08 20:00:00 EST,42.89697,-73.61405,323,26.7,27.1,26.7,57.0,13.5,0.000,0.000,0.00,0.000,1.7,5.3,1.2,306,25,2.2,5.9,1.2,308,26,2.2,5.9,1.2,308,26,0,29.92,0.0,0,0,0,42.0,46.0,48.2,0.22,0.23,0.08
SCHA,2019-11-08 20:05:00 EST,42.89697,-73.61405,323,26.6,27.1,26.6,56.9,13.4,0.000,0.000,0.00,0.000,1.8,4.7,1.0,320,21,2.2,5.3,1.0,328,20,2.2,5.3,1.0,328,20,0,29.92,0.0,0,0,0,42.0,46.0,48.2,0.22,0.22,0.07
SCHA,2019-11-08 20:10:00 EST,42.89697,-73.61405,323,26.3,26.9,26.3,58.7,13.8,0.000,0.000,0.00,0.000,1.7,3.1,0.7,313,26,2.2,4.2,0.7,318,26,2.2,4.2,0.7,318,26,0,29.92,0.1,0,0,0,41.9,45.9,48.2,0.22,0.23,0.07
SCHA,2019-11-08 20:15:00 EST,42.89697,-73.61405,323,26.1,26.8,26.1,59.7,14.0,0.000,0.000,0.00,0.000,2.6,4.0,0.6,283,20,3.0,5.1,0.8,288,18,3.0,5.1,0.8,288,18,0,29.92,0.1,0,0,0,41.9,46.0,48.2,0.22,0.22,0.08
SCHA,2019-11-08 20:20:00 EST,42.89697,-73.61405,323,26.0,26.8,26.0,60.1,14.0,0.000,0.000,0.00,0.000,1.8,5.4,1.1,279,24,2.2,7.0,1.2,282,24,2.2,7.0,1.2,282,24,0,29.92,0.1,0,0,0,41.9,46.0,48.2,0.22,0.22,0.07
SCHA,2019-11-08 20:25:00 EST,42.89697,-73.61405,323,25.8,26.7,25.8,60.7,14.0,0.000,0.000,0.00,0.000,1.0,2.2,0.5,273,23,1.3,2.9,0.6,279,26,1.3,2.9,0.6,279,26,0,29.92,0.1,0,0,0,41.9,45.9,48.2,0.22,0.22,0.07
SCHA,2019-11-08 20:30:00 EST,42.89697,-73.61405,323,25.7,26.7,25.7,61.3,14.2,0.000,0.000,0.00,0.000,0.7,2.1,0.4,299,14,1.1,2.1,0.4,296,20,1.1,2.1,0.4,296,20,0,29.92,0.0,0,0,0,41.8,46.0,48.1,0.22,0.22,0.07
SCHA,2019-11-08 20:35:00 EST,42.89697,-73.61405,323,25.4,26.4,25.4,61.3,13.9,0.000,0.000,0.00,0.000,0.7,1.7,0.5,271,10,1.1,2.5,0.6,275,15,1.1,2.5,0.6,275,15,0,29.92,0.1,0,0,0,41.8,45.9,48.2,0.22,0.23,0.07
SCHA,2019-11-08 20:40:00 EST,42.89697,-73.61405,323,25.1,26.3,25.1,63.2,14.3,0.000,0.000,0.00,0.000,1.7,2.3,0.3,264,9,2.0,2.7,0.3,268,11,2.0,2.7,0.3,268,11,0,29.92,0.1,0,0,0,41.8,46.0,48.2,0.22,0.23,0.08
SCHA,2019-11-08 20:45:00 EST,42.89697,-73.61405,323,25.0,26.2,25.0,63.9,14.5,0.000,0.000,0.00,0.000,1.9,3.5,1.0,263,8,2.4,4.0,0.9,268,11,2.4,4.0,0.9,268,11,0,29.92,0.1,0,0,0,41.7,45.9,48.1,0.22,0.22,0.07
SCHA,2019-11-08 20:50:00 EST,42.89697,-73.61405,323,25.1,26.3,25.1,64.6,14.8,0.000,0.000,0.00,0.000,2.3,4.2,0.8,257,15,2.8,5.2,0.8,262,16,2.8,5.2,0.8,262,16,0,29.92,0.1,0,0,0,41.7,45.9,48.1,0.22,0.22,0.08
SCHA,2019-11-08 20:55:00 EST,42.89697,-73.61405,323,25.0,26.0,25.0,67.0,15.6,0.000,0.000,0.00,0.000,0.2,1.5,0.4,269,6,0.4,2.3,0.6,277,17,0.4,2.3,0.6,277,17,0,29.93,0.0,0,0,0,41.6,45.9,48.1,0.22,0.22,0.07
SCHA,2019-11-08 21:00:00 EST,42.89697,-73.61405,323,24.5,26.2,24.5,63.9,14.0,0.000,0.000,0.00,0.000,0.5,3.9,0.9,299,38,1.1,4.3,1.0,270,54,1.1,4.3,1.0,270,54,0,29.93,0.2,0,0,0,41.7,46.0,48.1,0.22,0.22,0.08
SCHA,2019-11-08 21:05:00 EST,42.89697,-73.61405,323,24.5,26.0,24.5,65.4,14.6,0.000,0.000,0.00,0.000,0.3,1.7,0.4,135,39,0.6,2.3,0.6,144,46,0.6,2.3,0.6,144,46,0,29.93,0.0,0,0,0,41.7,45.9,48.1,0.22,0.22,0.07
SCHA,2019-11-08 21:10:00 EST,42.89697,-73.61405,323,23.9,25.4,23.9,67.7,14.8,0.000,0.000,0.00,0.000,0.5,1.3,0.5,130,5,1.0,1.6,0.3,171,34,1.0,1.6,0.3,171,34,0,29.93,0.1,0,0,0,41.6,46.0,48.2,0.22,0.22,0.07
SCHA,2019-11-08 21:15:00 EST,42.89697,-73.61405,323,23.8,25.6,23.8,68.4,14.9,0.000,0.000,0.00,0.000,0.6,1.5,0.6,220,6,1.2,1.7,0.2,226,10,1.2,1.7,0.2,226,10,0,29.93,0.1,0,0,0,41.7,45.9,48.1,0.22,0.22,0.08
SCHA,2019-11-08 21:20:00 EST,42.89697,-73.61405,323,24.1,25.3,24.1,69.6,15.6,0.000,0.000,0.00,0.000,0.4,1.2,0.4,221,10,1.0,1.8,0.4,240,17,1.0,1.8,0.4,240,17,0,29.93,0.1,0,0,0,41.7,45.9,48.2,0.22,0.23,0.07
SCHA,2019-11-08 21:25:00 EST,42.89697,-73.61405,323,23.9,25.0,23.9,70.2,15.6,0.000,0.000,0.00,0.000,1.7,3.4,0.5,243,9,2.2,3.8,0.5,247,11,2.2,3.8,0.5,247,11,0,29.93,0.1,0,0,0,41.6,46.0,48.1,0.22,0.22,0.08
SCHA,2019-11-08 21:30:00 EST,42.89697,-73.61405,323,23.9,25.5,23.9,70.5,15.7,0.000,0.000,0.00,0.000,2.4,3.1,0.5,260,12,2.7,4.1,0.5,265,14,2.7,4.1,0.5,265,14,0,29.93,0.2,0,0,0,41.6,46.0,48.1,0.22,0.22,0.08
SCHA,2019-11-08 21:35:00 EST,42.89697,-73.61405,323,23.9,25.5,23.9,68.0,14.8,0.000,0.000,0.00,0.000,1.7,3.1,1.0,243,10,2.1,3.5,0.9,246,13,2.1,3.5,0.9,246,13,0,29.93,0.0,0,0,0,41.5,45.9,48.1,0.22,0.23,0.07
SCHA,2019-11-08 21:40:00 EST,42.89697,-73.61405,323,23.5,25.0,23.5,67.1,14.1,0.000,0.000,0.00,0.000,0.5,2.3,0.5,227,24,1.0,2.4,0.6,228,27,1.0,2.4,0.6,228,27,0,29.93,0.0,0,0,0,41.5,46.0,48.1,0.22,0.22,0.07
SCHA,2019-11-08 21:45:00 EST,42.89697,-73.61405,323,23.1,24.7,23.1,69.0,14.5,0.000,0.000,0.00,0.000,0.5,1.1,0.3,154,7,0.9,1.6,0.4,156,13,0.9,1.6,0.4,156,13,0,29.94,0.1,0,0,0,41.5,45.9,48.1,0.22,0.22,0.08
SCHA,2019-11-08 21:50:00 EST,42.89697,-73.61405,323,22.5,24.1,22.5,73.1,15.2,0.000,0.000,0.00,0.000,0.8,1.2,0.2,151,0,1.2,1.7,0.2,153,8,1.2,1.7,0.2,153,8,0,29.94,0.1,0,0,0,41.5,45.9,48.1,0.22,0.22,0.08
SCHA,2019-11-08 21:55:00 EST,42.89697,-73.61405,323,22.4,23.8,22.4,77.4,16.4,0.000,0.000,0.00,0.000,0.7,1.1,0.2,151,0,1.1,1.4,0.1,146,12,1.1,1.4,0.1,146,12,0,29.94,0.1,0,0,0,41.4,45.9,48.1,0.22,0.23,0.07
SCHA,2019-11-08 22:00:00 EST,42.89697,-73.61405,323,22.6,23.9,22.6,79.3,17.2,0.000,0.000,0.00,0.000,0.9,1.2,0.1,167,12,1.2,1.7,0.2,174,12,1.2,1.7,0.2,174,12,0,29.94,0.1,0,0,0,41.4,45.9,48.0,0.22,0.22,0.07
SCHA,2019-11-08 22:05:00 EST,42.89697,-73.61405,323,22.5,24.1,22.5,78.0,16.7,0.000,0.000,0.00,0.000,0.7,1.8,0.4,178,13,1.1,2.2,0.4,174,16,1.1,2.2,0.4,174,16,0,29.94,0.1,0,0,0,41.4,45.9,48.1,0.22,0.22,0.08
SCHA,2019-11-08 22:10:00 EST,42.89697,-73.61405,323,22.6,23.9,22.6,78.9,17.0,0.000,0.000,0.00,0.000,0.5,1.0,0.3,140,3,0.8,1.5,0.4,153,14,0.8,1.5,0.4,153,14,0,29.94,0.1,0,0,0,41.4,45.9,48.1,0.22,0.22,0.07
SCHA,2019-11-08 22:15:00 EST,42.89697,-73.61405,323,22.5,24.1,22.5,78.2,16.7,0.000,0.000,0.00,0.000,0.6,1.8,0.6,172,8,1.0,2.4,0.7,175,9,1.0,2.4,0.7,175,9,0,29.94,0.1,0,0,0,41.4,45.9,48.1,0.22,0.22,0.07
SCHA,2019-11-08 22:20:00 EST,42.89697,-73.61405,323,22.5,24.2,22.5,77.4,16.5,0.000,0.000,0.00,0.000,0.8,1.0,0.1,184,3,1.1,1.6,0.2,196,10,1.1,1.6,0.2,196,10,0,29.94,0.0,0,0,0,41.4,45.9,48.1,0.22,0.22,0.07
SCHA,2019-11-08 22:25:00 EST,42.89697,-73.61405,323,22.2,24.0,22.2,76.6,16.0,0.000,0.000,0.00,0.000,0.3,0.8,0.2,187,81,0.8,1.2,0.3,197,11,0.8,1.2,0.3,197,11,0,29.94,0.1,0,0,0,41.4,46.0,48.1,0.22,0.22,0.07
SCHA,2019-11-08 22:30:00 EST,42.89697,-73.61405,323,22.1,23.8,22.1,77.1,16.1,0.000,0.000,0.00,0.000,0.7,1.8,0.3,206,19,1.1,2.1,0.3,212,19,1.1,2.1,0.3,212,19,0,29.94,0.1,0,0,0,41.3,45.9,48.0,0.22,0.22,0.07
SCHA,2019-11-08 22:35:00 EST,42.89697,-73.61405,323,22.4,23.6,22.4,78.7,16.8,0.000,0.000,0.00,0.000,1.2,3.1,0.9,256,6,1.7,3.6,0.9,259,12,1.7,3.6,0.9,259,12,0,29.94,0.1,0,0,0,41.3,45.9,48.1,0.22,0.22,0.07
SCHA,2019-11-08 22:40:00 EST,42.89697,-73.61405,323,22.3,24.2,17.8,76.6,16.1,0.000,0.000,0.00,0.000,2.8,4.7,0.7,249,11,3.3,5.7,0.8,253,11,3.3,5.7,0.8,253,11,0,29.94,0.1,0,0,0,41.3,45.9,48.1,0.22,0.22,0.07
SCHA,2019-11-08 22:45:00 EST,42.89697,-73.61405,323,22.5,24.6,17.4,73.0,15.2,0.000,0.000,0.00,0.000,3.4,5.2,0.8,246,12,3.8,6.2,1.0,250,12,3.8,6.2,1.0,250,12,0,29.94,0.1,0,0,0,41.2,45.9,48.0,0.22,0.22,0.07
SCHA,2019-11-08 22:50:00 EST,42.89697,-73.61405,323,22.6,24.5,22.6,70.9,14.6,0.000,0.000,0.00,0.000,2.3,4.2,1.2,244,14,2.7,5.1,1.1,246,15,2.7,5.1,1.1,246,15,0,29.94,0.0,0,0,0,41.2,45.9,48.1,0.22,0.22,0.07
SCHA,2019-11-08 22:55:00 EST,42.89697,-73.61405,323,22.1,24.0,22.1,71.3,14.3,0.000,0.000,0.00,0.000,0.4,1.9,0.5,237,14,0.8,3.1,0.7,229,23,0.8,3.1,0.7,229,23,0,29.95,0.1,0,0,0,41.2,45.9,48.1,0.22,0.23,0.07
SCHA,2019-11-08 23:00:00 EST,42.89697,-73.61405,323,22.1,23.4,22.1,75.0,15.4,0.000,0.000,0.00,0.000,0.3,1.7,0.4,225,9,0.6,2.7,0.7,18,53,0.6,2.7,0.7,18,53,0,29.95,0.1,0,0,0,41.2,45.9,48.1,0.22,0.22,0.07
SCHA,2019-11-08 23:05:00 EST,42.89697,-73.61405,323,21.5,23.4,21.5,76.3,15.2,0.000,0.000,0.00,0.000,0.9,1.4,0.3,105,28,1.2,1.8,0.3,100,16,1.2,1.8,0.3,100,16,0,29.95,0.1,0,0,0,41.1,45.9,48.1,0.22,0.22,0.07
SCHA,2019-11-08 23:10:00 EST,42.89697,-73.61405,323,21.1,23.2,21.1,83.1,16.7,0.000,0.000,0.00,0.000,0.7,1.2,0.2,107,4,1.0,1.7,0.3,116,13,1.0,1.7,0.3,116,13,0,29.95,0.1,0,0,0,41.0,45.8,48.1,0.22,0.22,0.07
SCHA,2019-11-08 23:15:00 EST,42.89697,-73.61405,323,21.1,22.8,21.1,85.2,17.4,0.000,0.000,0.00,0.000,0.5,1.2,0.4,140,9,1.1,1.6,0.3,165,20,1.1,1.6,0.3,165,20,0,29.95,0.1,0,0,0,41.0,45.8,48.1,0.22,0.22,0.08
SCHA,2019-11-08 23:20:00 EST,42.89697,-73.61405,323,20.8,22.8,20.8,84.1,16.7,0.000,0.000,0.00,0.000,0.4,1.3,0.4,204,27,1.1,1.8,0.3,200,24,1.1,1.8,0.3,200,24,0,29.95,0.1,0,0,0,41.0,45.8,48.0,0.22,0.23,0.07
SCHA,2019-11-08 23:25:00 EST,42.89697,-73.61405,323,20.7,22.5,20.7,84.8,16.9,0.000,0.000,0.00,0.000,0.4,1.2,0.5,173,7,1.1,1.6,0.3,167,15,1.1,1.6,0.3,167,15,0,29.95,0.2,0,0,0,41.0,45.8,48.0,0.22,0.23,0.08
SCHA,2019-11-08 23:30:00 EST,42.89697,-73.61405,323,20.9,22.7,20.9,83.1,16.6,0.000,0.000,0.00,0.000,1.2,2.2,0.3,174,7,1.6,3.0,0.3,174,9,1.6,3.0,0.3,174,9,0,29.95,0.2,0,0,0,40.9,45.9,48.1,0.22,0.22,0.07
SCHA,2019-11-08 23:35:00 EST,42.89697,-73.61405,323,21.1,22.8,21.1,83.1,16.8,0.000,0.000,0.00,0.000,1.1,2.5,0.3,179,8,1.5,3.3,0.3,182,11,1.5,3.3,0.3,182,11,0,29.95,0.1,0,0,0,40.9,45.8,48.1,0.22,0.22,0.07
SCHA,2019-11-08 23:40:00 EST,42.89697,-73.61405,323,21.4,22.8,21.4,84.7,17.5,0.000,0.000,0.00,0.000,1.4,2.3,0.3,183,9,1.7,3.1,0.3,185,7,1.7,3.1,0.3,185,7,0,29.95,0.1,0,0,0,41.0,45.8,48.1,0.22,0.22,0.08
SCHA,2019-11-08 23:45:00 EST,42.89697,-73.61405,323,21.5,22.9,21.5,84.7,17.6,0.000,0.000,0.00,0.000,1.5,2.3,0.2,193,8,1.8,2.4,0.2,195,11,1.8,2.4,0.2,195,11,0,29.95,0.2,0,0,0,41.0,45.8,48.1,0.22,0.22,0.08
SCHA,2019-11-08 23:50:00 EST,42.89697,-73.61405,323,21.5,22.8,21.5,83.5,17.3,0.000,0.000,0.00,0.000,1.1,1.5,0.2,206,6,1.4,2.0,0.2,210,10,1.4,2.0,0.2,210,10,0,29.95,0.1,0,0,0,40.9,45.7,48.1,0.22,0.23,0.07
SCHA,2019-11-08 23:55:00 EST,42.89697,-73.61405,323,21.3,22.5,21.3,81.5,16.5,0.000,0.000,0.00,0.000,1.0,2.5,0.4,215,22,1.4,3.5,0.5,217,24,1.4,3.5,0.5,217,24,0,29.95,0.1,0,0,0,40.9,45.7,48.0,0.21,0.22,0.08
SCHO,2019-11-08 00:00:00 EST,42.50631,-73.68584,344,31.3,31.1,24.3,79.9,25.8,0.000,0.280,0.00,0.000,6.5,15.4,2.9,308,21,7.5,17.4,3.0,313,22,7.5,17.4,3.0,313,22,0,29.68,-0.1,0,0,0,46.0,49.5,52.2,0.29,0.22,0.14
SCHO,2019-11-08 00:05:00 EST,42.50631,-73.68584,344,31.1,30.9,24.2,79.4,25.5,0.000,0.000,0.00,0.000,6.1,15.3,3.1,313,27,7.3,17.0,3.1,320,24,7.3,17.0,3.1,320,24,0,29.68,-0.1,0,0,0,46.0,49.5,52.2,0.29,0.22,0.14
SCHO,2019-11-08 00:10:00 EST,42.50631,-73.68584,344,30.8,30.7,24.8,80.0,25.4,0.000,0.000,0.00,0.000,4.9,11.2,2.2,315,27,6.0,11.3,2.5,320,25,6.0,11.3,2.5,320,25,0,29.68,-0.1,0,0,0,46.0,49.5,52.2,0.29,0.22,0.14
SCHO,2019-11-08 00:15:00 EST,42.50631,-73.68584,344,30.6,30.5,24.1,80.4,25.3,0.000,0.000,0.00,0.000,5.1,13.6,2.5,312,30,6.6,15.1,2.8,318,28,6.6,15.1,2.8,318,28,0,29.68,-0.1,0,0,0,45.9,49.5,52.2,0.29,0.22,0.14
SCHO,2019-11-08 00:20:00 EST,42.50631,-73.68584,344,30.3,30.2,24.6,80.8,25.1,0.000,0.000,0.00,0.000,4.3,15.8,2.8,312,28,5.5,21.2,3.3,316,25,5.5,21.2,3.3,316,25,0,29.68,-0.1,0,0,0,45.9,49.5,52.2,0.29,0.22,0.14
SCHO,2019-11-08 00:25:00 EST,42.50631,-73.68584,344,30.1,30.0,23.7,80.5,24.9,0.000,0.000,0.00,0.000,5.4,12.3,2.6,302,26,6.4,13.9,2.9,310,24,6.4,13.9,2.9,310,24,0,29.69,-0.1,0,0,0,45.9,49.5,52.2,0.29,0.22,0.14
SCHO,2019-11-08 00:30:00 EST,42.50631,-73.68584,344,29.9,29.9,23.4,79.8,24.5,0.000,0.000,0.00,0.000,5.6,13.4,2.8,307,22,6.5,15.6,3.2,314,23,6.5,15.6,3.2,314,23,0,29.69,-0.1,0,0,0,45.9,49.5,52.2,0.29,0.22,0.14
SCHO,2019-11-08 00:35:00 EST,42.50631,-73.68584,344,29.8,29.7,24.3,79.4,24.2,0.000,0.000,0.00,0.000,4.2,11.3,2.2,307,23,5.1,12.5,2.5,312,23,5.1,12.5,2.5,312,23,0,29.69,-0.1,0,0,0,45.9,49.5,52.2,0.29,0.22,0.14
SCHO,2019-11-08 00:40:00 EST,42.50631,-73.68584,344,29.5,29.6,23.4,79.9,24.1,0.000,0.000,0.00,0.000,5.0,10.8,2.0,308,26,5.9,12.9,2.3,315,25,5.9,12.9,2.3,315,25,0,29.69,-0.1,0,0,0,45.9,49.5,52.2,0.29,0.22,0.14
SCHO,2019-11-08 00:45:00 EST,42.50631,-73.68584,344,29.5,29.5,23.3,79.5,23.9,0.000,0.000,0.00,0.000,5.2,12.7,2.3,304,20,5.9,14.3,2.3,314,20,5.9,14.3,2.3,314,20,0,29.69,-0.1,0,0,0,45.9,49.5,52.2,0.29,0.22,0.14
SCHO,2019-11-08 00:50:00 EST,42.50631,-73.68584,344,29.3,29.3,22.7,80.2,24.0,0.000,0.000,0.00,0.000,5.4,11.0,2.1,308,25,6.4,13.7,2.2,314,23,6.4,13.7,2.2,314,23,0,29.69,-0.1,0,0,0,45.8,49.5,52.2,0.29,0.22,0.14
SCHO,2019-11-08 00:55:00 EST,42.50631,-73.68584,344,29.1,29.1,24.0,81.0,24.0,0.000,0.000,0.00,0.000,4.0,8.3,1.8,303,23,4.6,9.0,1.9,310,19,4.6,9.0,1.9,310,19,0,29.69,-0.1,0,0,0,45.7,49.5,52.2,0.29,0.22,0.14
SCHO,2019-11-08 01:00:00 EST,42.50631,-73.68584,344,28.9,28.9,23.6,81.9,24.1,0.000,0.000,0.00,0.000,4.0,12.1,2.2,307,23,4.8,13.2,2.6,312,20,4.8,13.2,2.6,312,20,0,29.69,-0.1,0,0,0,45.7,49.5,52.2,0.29,0.22,0.14
SCHO,2019-11-08 01:05:00 EST,42.50631,-73.68584,344,28.8,28.9,23.5,81.6,23.9,0.000,0.000,0.00,0.000,4.3,13.1,2.2,308,21,4.9,11.8,2.4,314,20,4.9,11.8,2.4,314,20,0,29.69,-0.2,0,0,0,45.7,49.5,52.2,0.29,0.22,0.14
SCHO,2019-11-08 01:10:00 EST,42.50631,-73.68584,344,28.6,28.7,23.4,81.4,23.7,0.000,0.000,0.00,0.000,4.1,7.7,1.5,317,26,4.7,8.9,1.7,323,22,4.7,8.9,1.7,323,22,0,29.69,-0.1,0,0,0,45.7,49.5,52.2,0.29,0.22,0.14
SCHO,2019-11-08 01:15:00 EST,42.50631,-73.68584,344,28.4,28.6,23.8,82.2,23.7,0.000,0.000,0.00,0.000,3.4,7.0,1.3,305,27,4.1,8.4,1.6,315,24,4.1,8.4,1.6,315,24,0,29.69,-0.2,0,0,0,45.6,49.4,52.2,0.29,0.22,0.14
SCHO,2019-11-08 01:20:00 EST,42.50631,-73.68584,344,28.4,28.6,23.0,81.9,23.6,0.000,0.000,0.00,0.000,4.2,9.3,1.7,306,20,4.9,11.0,1.9,311,18,4.9,11.0,1.9,311,18,0,29.68,-0.2,0,0,0,45.5,49.4,52.2,0.29,0.22,0.14
SCHO,2019-11-08 01:25:00 EST,42.50631,-73.68584,344,28.2,28.4,22.1,81.8,23.3,0.000,0.000,0.00,0.000,4.8,11.5,2.0,304,19,5.5,11.8,2.2,311,22,5.5,11.8,2.2,311,22,0,29.68,-0.1,0,0,0,45.5,49.3,52.2,0.29,0.22,0.14
SCHO,2019-11-08 01:30:00 EST,42.50631,-73.68584,344,28.2,28.3,22.8,82.1,23.4,0.000,0.000,0.00,0.000,4.2,9.0,1.5,304,16,4.9,10.4,1.7,310,16,4.9,10.4,1.7,310,16,0,29.69,-0.1,0,0,0,45.5,49.4,52.2,0.29,0.22,0.14
SCHO,2019-11-08 01:35:00 EST,42.50631,-73.68584,344,28.1,28.3,22.3,81.8,23.3,0.000,0.000,0.00,0.000,4.4,8.5,1.6,301,21,5.2,10.6,2.0,307,18,5.2,10.6,2.0,307,18,0,29.69,-0.1,0,0,0,45.5,49.3,52.2,0.29,0.22,0.14
SCHO,2019-11-08 01:40:00 EST,42.50631,-73.68584,344,27.9,28.1,24.2,82.4,23.2,0.000,0.000,0.00,0.000,2.7,6.7,1.2,310,27,3.3,9.4,1.4,318,26,3.3,9.4,1.4,318,26,0,29.69,-0.2,0,0,0,45.5,49.3,52.2,0.29,0.22,0.14
SCHO,2019-11-08 01:45:00 EST,42.50631,-73.68584,344,27.8,28.0,23.3,82.8,23.3,0.000,0.000,0.00,0.000,3.3,7.5,1.6,306,23,4.0,8.9,1.8,314,24,4.0,8.9,1.8,314,24,0,29.69,-0.1,0,0,0,45.4,49.3,52.2,0.29,0.22,0.14
SCHO,2019-11-08 01:50:00 EST,42.50631,-73.68584,344,27.7,27.8,27.7,83.1,23.2,0.000,0.000,0.00,0.000,1.9,4.5,0.9,308,28,2.4,5.4,0.9,317,27,2.4,5.4,0.9,317,27,0,29.69,-0.1,0,0,0,45.3,49.3,52.2,0.29,0.22,0.14
SCHO,2019-11-08 01:55:00 EST,42.50631,-73.68584,344,27.6,27.8,24.3,83.7,23.3,0.000,0.000,0.00,0.000,2.5,6.9,1.4,308,25,3.0,7.8,1.6,317,24,3.0,7.8,1.6,317,24,0,29.69,-0.2,0,0,0,45.3,49.3,52.2,0.29,0.22,0.14
SCHO,2019-11-08 02:00:00 EST,42.50631,-73.68584,344,27.4,27.7,23.5,84.6,23.3,0.000,0.000,0.00,0.000,2.9,6.0,1.5,303,28,3.4,7.0,1.6,309,23,3.4,7.0,1.6,309,23,0,29.69,-0.2,0,0,0,45.3,49.3,52.2,0.29,0.22,0.14
SCHO,2019-11-08 02:05:00 EST,42.50631,-73.68584,344,27.3,27.6,22.8,84.1,23.2,0.000,0.000,0.00,0.000,3.6,6.6,1.0,303,21,3.9,7.7,1.3,308,19,3.9,7.7,1.3,308,19,0,29.69,-0.1,0,0,0,45.3,49.3,52.1,0.29,0.22,0.14
SCHO,2019-11-08 02:10:00 EST,42.50631,-73.68584,344,27.2,27.5,27.2,83.7,22.9,0.000,0.000,0.00,0.000,2.4,6.4,1.3,314,34,2.9,8.4,1.7,320,31,2.9,8.4,1.7,320,31,0,29.69,-0.1,0,0,0,45.2,49.3,52.1,0.29,0.22,0.14
SCHO,2019-11-08 02:15:00 EST,42.50631,-73.68584,344,27.1,27.3,27.1,84.1,23.0,0.000,0.000,0.00,0.000,1.7,6.0,1.5,318,31,2.3,7.0,1.6,325,33,2.3,7.0,1.6,325,33,0,29.69,-0.1,0,0,0,45.1,49.3,52.1,0.29,0.22,0.14
SCHO,2019-11-08 02:20:00 EST,42.50631,-73.68584,344,27.0,27.2,27.0,84.1,22.8,0.000,0.000,0.00,0.000,1.0,6.0,1.1,344,48,1.7,6.3,1.3,358,46,1.7,6.3,1.3,358,46,0,29.69,-0.0,0,0,0,45.1,49.3,52.1,0.29,0.22,0.14
SCHO,2019-11-08 02:25:00 EST,42.50631,-73.68584,344,26.9,27.1,26.9,82.8,22.4,0.000,0.000,0.00,0.000,1.7,4.5,1.2,339,47,2.5,6.1,1.2,349,51,2.5,6.1,1.2,349,51,0,29.68,-0.1,0,0,0,45.1,49.3,52.2,0.29,0.22,0.14
SCHO,2019-11-08 02:30:00 EST,42.50631,-73.68584,344,26.7,26.9,26.7,83.5,22.4,0.000,0.000,0.00,0.000,1.2,4.7,1.1,316,28,1.8,4.9,0.9,317,39,1.8,4.9,0.9,317,39,0,29.68,-0.1,0,0,0,45.1,49.3,52.2,0.29,0.22,0.14
SCHO,2019-11-08 02:35:00 EST,42.50631,-73.68584,344,26.6,26.9,26.6,84.9,22.7,0.000,0.000,0.00,0.000,2.0,4.8,0.9,317,30,2.6,5.2,1.0,331,29,2.6,5.2,1.0,331,29,0,29.68,-0.1,0,0,0,45.0,49.3,52.1,0.29,0.22,0.14
SCHO,2019-11-08 02:40:00 EST,42.50631,-73.68584,344,26.8,26.8,26.8,84.5,22.7,0.000,0.000,0.00,0.000,1.6,3.9,1.0,314,29,2.1,4.1,0.8,329,35,2.1,4.1,0.8,329,35,0,29.68,-0.2,0,0,0,45.0,49.3,52.1,0.29,0.22,0.14
SCHO,2019-11-08 02:45:00 EST,42.50631,-73.68584,344,26.5,26.6,26.5,84.9,22.5,0.000,0.000,0.00,0.000,2.1,4.8,1.5,305,22,2.6,5.9,1.4,315,27,2.6,5.9,1.4,315,27,0,29.68,-0.2,0,0,0,45.0,49.3,52.2,0.29,0.22,0.14
SCHO,2019-11-08 02:50:00 EST,42.50631,-73.68584,344,26.4,26.6,22.5,85.1,22.5,0.000,0.000,0.00,0.000,2.9,5.6,1.0,309,19,3.3,6.9,1.2,315,18,3.3,6.9,1.2,315,18,0,29.68,-0.1,0,0,0,45.0,49.3,52.2,0.28,0.22,0.14
SCHO,2019-11-08 02:55:00 EST,42.50631,-73.68584,344,26.3,26.6,22.1,85.3,22.5,0.000,0.000,0.00,0.000,3.1,6.9,1.0,311,20,3.5,7.9,1.3,316,21,3.5,7.9,1.3,316,21,0,29.68,-0.1,0,0,0,44.9,49.3,52.2,0.28,0.22,0.14
SCHO,2019-11-08 03:00:00 EST,42.50631,-73.68584,344,26.3,26.6,21.8,85.2,22.5,0.000,0.000,0.00,0.000,3.1,7.0,1.5,319,29,3.8,9.3,1.7,324,28,3.8,9.3,1.7,324,28,0,29.68,-0.2,0,0,0,44.8,49.3,52.1,0.28,0.22,0.14
SCHO,2019-11-08 03:05:00 EST,42.50631,-73.68584,344,26.4,26.6,22.6,83.4,22.0,0.000,0.000,0.00,0.000,2.4,5.0,1.4,308,33,3.2,6.6,1.5,319,32,3.2,6.6,1.5,319,32,0,29.68,-0.1,0,0,0,44.8,49.3,52.1,0.28,0.22,0.14
SCHO,2019-11-08 03:10:00 EST,42.50631,-73.68584,344,26.2,26.4,22.5,83.7,22.0,0.000,0.000,0.00,0.000,2.6,5.8,1.3,324,32,3.2,7.1,1.4,333,31,3.2,7.1,1.4,333,31,0,29.68,-0.1,0,0,0,44.8,49.3,52.1,0.28,0.23,0.14
SCHO,2019-11-08 03:15:00 EST,42.50631,-73.68584,344,26.1,26.3,26.1,84.6,22.1,0.000,0.000,0.00,0.000,1.8,4.8,1.4,316,22,2.3,6.7,1.5,327,26,2.3,6.7,1.5,327,26,0,29.68,-0.2,0,0,0,44.7,49.3,52.1,0.28,0.23,0.14
SCHO,2019-11-08 03:20:00 EST,42.50631,-73.68584,344,25.9,26.1,25.9,86.0,22.3,0.000,0.000,0.00,0.000,1.3,3.3,1.0,328,30,2.0,5.0,1.0,332,28,2.0,5.0,1.0,332,28,0,29.68,-0.3,0,0,0,44.6,49.3,52.1,0.28,0.22,0.14
SCHO,2019-11-08 03:25:00 EST,42.50631,-73.68584,344,25.9,26.2,21.9,85.4,22.1,0.000,0.000,0.00,0.000,2.7,6.6,1.4,328,31,3.3,8.8,1.7,334,30,3.3,8.8,1.7,334,30,0,29.68,-0.1,0,0,0,44.6,49.3,52.0,0.28,0.23,0.14
SCHO,2019-11-08 03:30:00 EST,42.50631,-73.68584,344,25.9,26.1,25.9,84.9,22.0,0.000,0.000,0.00,0.000,2.3,4.8,1.3,338,31,2.9,6.9,1.7,348,32,2.9,6.9,1.7,348,32,0,29.68,-0.1,0,0,0,44.6,49.3,52.0,0.28,0.22,0.14
SCHO,2019-11-08 03:35:00 EST,42.50631,-73.68584,344,26.0,26.1,26.0,84.2,21.9,0.000,0.000,0.00,0.000,2.0,6.4,1.6,335,28,2.7,7.5,1.8,341,32,2.7,7.5,1.8,341,32,0,29.68,-0.1,0,0,0,44.6,49.2,52.1,0.28,0.23,0.14
SCHO,2019-11-08 03:40:00 EST,42.50631,-73.68584,344,25.9,26.0,25.9,83.6,21.6,0.000,0.000,0.00,0.000,1.6,5.2,1.2,344,25,2.3,7.7,1.4,352,28,2.3,7.7,1.4,352,28,0,29.68,-0.2,0,0,0,44.5,49.2,52.1,0.28,0.23,0.13
SCHO,2019-11-08 03:45:00 EST,42.50631,-73.68584,344,25.7,25.9,25.7,83.6,21.5,0.000,0.000,0.00,0.000,1.8,4.1,1.0,4,46,2.2,7.0,1.2,3,45,2.2,7.0,1.2,3,45,0,29.68,-0.1,0,0,0,44.4,49.1,52.1,0.28,0.22,0.14
SCHO,2019-11-08 03:50:00 EST,42.50631,-73.68584,344,25.7,25.8,25.7,83.8,21.5,0.000,0.000,0.00,0.000,1.0,3.0,0.7,337,48,1.4,3.8,0.9,350,48,1.4,3.8,0.9,350,48,0,29.68,-0.1,0,0,0,44.4,49.1,52.0,0.28,0.23,0.14
SCHO,2019-11-08 03:55:00 EST,42.50631,-73.68584,344,25.6,25.8,25.6,84.2,21.5,0.000,0.000,0.00,0.000,0.8,4.0,1.0,5,53,1.5,5.1,1.0,24,59,1.5,5.1,1.0,24,59,0,29.68,-0.1,0,0,0,44.4,49.1,52.0,0.28,0.23,0.14
SCHO,2019-11-08 04:00:00 EST,42.50631,-73.68584,344,25.5,25.7,25.5,83.8,21.3,0.000,0.000,0.00,0.000,0.8,5.0,1.1,334,34,1.7,4.9,1.2,342,34,1.7,4.9,1.2,342,34,0,29.68,-0.1,0,0,0,44.4,49.1,52.0,0.28,0.23,0.14
SCHO,2019-11-08 04:05:00 EST,42.50631,-73.68584,344,25.7,25.8,25.7,83.6,21.5,0.000,0.000,0.00,0.000,2.2,5.7,1.3,341,34,2.8,6.6,1.5,340,31,2.8,6.6,1.5,340,31,0,29.68,-0.1,0,0,0,44.3,49.1,52.0,0.28,0.23,0.14
SCHO,2019-11-08 04:10:00 EST,42.50631,-73.68584,344,25.7,25.7,25.7,82.6,21.1,0.000,0.000,0.00,0.000,1.9,5.1,1.3,324,29,2.5,7.4,1.7,329,26,2.5,7.4,1.7,329,26,0,29.68,-0.1,0,0,0,44.1,49.1,52.0,0.28,0.23,0.14
SCHO,2019-11-08 04:15:00 EST,42.50631,-73.68584,344,25.4,25.7,25.4,83.0,21.0,0.000,0.000,0.00,0.000,1.2,5.7,1.0,332,38,2.0,6.8,1.2,341,45,2.0,6.8,1.2,341,45,0,29.68,-0.1,0,0,0,44.1,49.1,52.0,0.28,0.23,0.14
SCHO,2019-11-08 04:20:00 EST,42.50631,-73.68584,344,25.6,25.7,20.8,83.3,21.2,0.000,0.000,0.00,0.000,3.1,7.1,1.6,310,32,3.9,8.0,1.8,320,33,3.9,8.0,1.8,320,33,0,29.68,-0.1,0,0,0,44.1,49.1,52.0,0.28,0.23,0.14
SCHO,2019-11-08 04:25:00 EST,42.50631,-73.68584,344,25.6,25.7,25.6,82.8,21.1,0.000,0.000,0.00,0.000,2.3,6.0,1.5,316,29,2.9,7.7,1.7,319,31,2.9,7.7,1.7,319,31,0,29.68,-0.1,0,0,0,44.0,49.1,52.0,0.28,0.23,0.14
SCHO,2019-11-08 04:30:00 EST,42.50631,-73.68584,344,25.5,25.7,21.7,83.1,21.1,0.000,0.000,0.00,0.000,2.5,6.7,1.3,324,36,3.2,6.4,1.3,333,38,3.2,6.4,1.3,333,38,0,29.68,-0.1,0,0,0,43.9,49.1,52.0,0.28,0.23,0.14
SCHO,2019-11-08 04:35:00 EST,42.50631,-73.68584,344,25.4,25.6,25.4,82.9,20.9,0.000,0.000,0.00,0.000,1.9,7.2,1.7,312,46,2.9,8.3,1.8,320,45,2.9,8.3,1.8,320,45,0,29.68,-0.1,0,0,0,43.9,49.1,52.0,0.28,0.23,0.14
SCHO,2019-11-08 04:40:00 EST,42.50631,-73.68584,344,25.5,25.7,20.9,83.3,21.2,0.000,0.000,0.00,0.000,2.9,5.1,1.1,328,34,3.8,7.4,1.6,338,30,3.8,7.4,1.6,338,30,0,29.68,-0.1,0,0,0,43.9,49.1,52.0,0.28,0.23,0.14
SCHO,2019-11-08 04:45:00 EST,42.50631,-73.68584,344,25.4,25.6,25.4,82.9,20.9,0.000,0.000,0.00,0.000,1.8,4.9,1.2,338,43,2.3,5.8,1.2,347,40,2.3,5.8,1.2,347,40,0,29.69,-0.1,0,0,0,43.9,49.1,52.0,0.28,0.22,0.14
SCHO,2019-11-08 04:50:00 EST,42.50631,-73.68584,344,25.2,25.3,25.2,83.8,21.0,0.000,0.000,0.00,0.000,1.6,6.0,1.6,334,37,2.4,8.4,1.9,346,39,2.4,8.4,1.9,346,39,0,29.69,-0.1,0,0,0,43.9,49.1,52.0,0.28,0.22,0.14
SCHO,2019-11-08 04:55:00 EST,42.50631,-73.68584,344,25.1,25.2,25.1,84.4,21.0,0.000,0.000,0.00,0.000,1.5,8.2,1.5,318,30,2.0,8.3,1.7,328,30,2.0,8.3,1.7,328,30,0,29.69,-0.0,0,0,0,43.7,49.1,52.0,0.28,0.22,0.14
SCHO,2019-11-08 05:00:00 EST,42.50631,-73.68584,344,25.2,25.3,25.2,84.2,21.1,0.000,0.000,0.00,0.000,2.1,7.3,1.6,335,35,2.8,8.9,1.9,344,34,2.8,8.9,1.9,344,34,0,29.69,-0.1,0,0,0,43.7,49.1,52.0,0.28,0.22,0.13
SCHO,2019-11-08 05:05:00 EST,42.50631,-73.68584,344,25.0,25.2,25.0,84.2,20.9,0.000,0.000,0.00,0.000,2.0,6.7,1.5,324,30,2.5,7.7,1.6,339,38,2.5,7.7,1.6,339,38,0,29.69,-0.1,0,0,0,43.7,48.8,52.0,0.28,0.22,0.14
SCHO,2019-11-08 05:10:00 EST,42.50631,-73.68584,344,25.0,25.2,25.0,83.9,20.8,0.000,0.000,0.00,0.000,2.1,8.1,1.9,346,39,2.8,9.7,2.3,346,38,2.8,9.7,2.3,346,38,0,29.69,-0.0,0,0,0,43.7,48.9,52.0,0.28,0.22,0.14
SCHO,2019-11-08 05:15:00 EST,42.50631,-73.68584,344,25.2,25.3,21.4,83.4,20.9,0.000,0.000,0.00,0.000,2.5,7.3,1.5,360,41,3.1,8.5,1.9,2,35,3.1,8.5,1.9,2,35,0,29.69,-0.1,0,0,0,43.7,48.7,52.0,0.28,0.22,0.14
SCHO,2019-11-08 05:20:00 EST,42.50631,-73.68584,344,25.0,25.1,25.0,83.3,20.6,0.000,0.000,0.00,0.000,1.7,5.5,1.3,352,41,2.4,7.1,1.5,356,37,2.4,7.1,1.5,356,37,0,29.69,-0.1,0,0,0,43.6,48.7,52.0,0.28,0.22,0.14
SCHO,2019-11-08 05:25:00 EST,42.50631,-73.68584,344,24.9,25.1,24.9,83.6,20.7,0.000,0.000,0.00,0.000,1.7,6.5,1.4,326,33,2.3,7.0,1.6,332,34,2.3,7.0,1.6,332,34,0,29.69,-0.1,0,0,0,43.5,48.7,52.0,0.28,0.22,0.14
SCHO,2019-11-08 05:30:00 EST,42.50631,-73.68584,344,24.9,25.0,24.9,84.1,20.8,0.000,0.000,0.00,0.000,1.9,4.8,1.2,323,33,2.6,7.1,1.4,332,32,2.6,7.1,1.4,332,32,0,29.70,-0.0,0,0,0,43.5,48.7,52.0,0.28,0.23,0.14
SCHO,2019-11-08 05:35:00 EST,42.50631,-73.68584,344,24.8,24.9,24.8,84.3,20.8,0.000,0.000,0.00,0.000,2.0,5.4,1.3,327,30,2.8,7.2,1.4,337,26,2.8,7.2,1.4,337,26,0,29.70,-0.1,0,0,0,43.5,48.7,52.0,0.28,0.22,0.13
SCHO,2019-11-08 05:40:00 EST,42.50631,-73.68584,344,24.8,24.9,24.8,84.1,20.7,0.000,0.000,0.00,0.000,2.0,4.3,1.0,337,37,2.6,6.1,1.2,344,33,2.6,6.1,1.2,344,33,0,29.69,-0.1,0,0,0,43.5,48.7,52.0,0.28,0.22,0.14
SCHO,2019-11-08 05:45:00 EST,42.50631,-73.68584,344,24.8,24.9,21.0,84.5,20.8,0.000,0.000,0.00,0.000,2.6,6.6,1.5,318,23,3.1,8.4,1.6,325,20,3.1,8.4,1.6,325,20,0,29.70,-0.0,0,0,0,43.5,48.7,52.0,0.28,0.22,0.14
SCHO,2019-11-08 05:50:00 EST,42.50631,-73.68584,344,24.8,25.0,24.8,84.7,20.8,0.000,0.000,0.00,0.000,2.2,6.9,1.5,313,25,2.9,8.4,1.6,323,25,2.9,8.4,1.6,323,25,0,29.70,-0.2,0,0,0,43.4,48.7,52.0,0.28,0.22,0.13
SCHO,2019-11-08 05:55:00 EST,42.50631,-73.68584,344,24.7,25.0,20.5,84.7,20.7,0.000,0.000,0.00,0.000,2.8,7.7,1.6,310,29,3.3,8.8,1.8,317,25,3.3,8.8,1.8,317,25,0,29.70,-0.1,0,0,0,43.3,48.7,52.0,0.28,0.23,0.14
SCHO,2019-11-08 06:00:00 EST,42.50631,-73.68584,344,24.7,25.1,20.4,85.5,21.0,0.000,0.000,0.00,0.000,2.7,7.4,1.4,310,29,3.5,9.1,1.6,314,27,3.5,9.1,1.6,314,27,0,29.71,-0.1,0,0,0,43.3,48.7,52.0,0.28,0.23,0.14
SCHO,2019-11-08 06:05:00 EST,42.50631,-73.68584,344,25.0,25.2,19.6,84.1,20.9,0.000,0.000,0.00,0.000,3.6,8.5,1.6,306,22,4.4,9.3,1.8,314,22,4.4,9.3,1.8,314,22,0,29.71,-0.0,0,0,0,43.3,48.7,52.0,0.28,0.23,0.14
SCHO,2019-11-08 06:10:00 EST,42.50631,-73.68584,344,25.2,25.4,19.1,83.1,20.8,0.000,0.000,0.00,0.000,4.2,9.1,1.6,308,24,5.0,9.6,1.7,314,21,5.0,9.6,1.7,314,21,0,29.71,-0.1,0,0,0,43.3,48.7,52.0,0.28,0.22,0.14
SCHO,2019-11-08 06:15:00 EST,42.50631,-73.68584,344,25.0,25.3,19.5,83.2,20.7,0.000,0.000,0.00,0.000,3.8,7.9,1.4,310,24,4.4,11.5,1.7,317,22,4.4,11.5,1.7,317,22,0,29.71,-0.1,0,0,0,43.2,48.7,52.0,0.28,0.23,0.14
SCHO,2019-11-08 06:20:00 EST,42.50631,-73.68584,344,25.0,25.2,20.1,83.3,20.6,0.000,0.000,0.00,0.000,3.2,6.6,1.3,299,25,3.9,8.0,1.5,307,25,3.9,8.0,1.5,307,25,0,29.71,-0.1,0,0,0,43.2,48.7,52.0,0.28,0.23,0.14
SCHO,2019-11-08 06:25:00 EST,42.50631,-73.68584,344,25.0,25.1,20.3,82.7,20.5,0.000,0.000,0.00,0.000,3.1,7.6,1.6,312,19,3.8,8.8,1.9,320,18,3.8,8.8,1.9,320,18,0,29.71,-0.1,0,0,0,43.2,48.7,52.0,0.28,0.23,0.14
SCHO,2019-11-08 06:30:00 EST,42.50631,-73.68584,344,24.9,25.1,20.0,82.2,20.2,0.000,0.000,0.00,0.000,3.3,5.8,0.9,312,21,3.9,7.3,1.3,316,22,3.9,7.3,1.3,316,22,1,29.71,-0.1,0,0,0,43.2,48.7,52.0,0.28,0.23,0.13
SCHO,2019-11-08 06:35:00 EST,42.50631,-73.68584,344,24.9,25.0,20.6,82.5,20.3,0.000,0.000,0.00,0.000,2.9,6.7,1.3,315,22,3.5,7.0,1.5,326,21,3.5,7.0,1.5,326,21,3,29.71,-0.0,0,0,0,43.2,48.7,52.0,0.28,0.22,0.13
SCHO,2019-11-08 06:40:00 EST,42.50631,-73.68584,344,24.9,25.0,24.9,82.1,20.2,0.000,0.000,0.00,0.000,2.6,5.9,1.1,316,23,2.9,6.7,1.3,322,21,2.9,6.7,1.3,322,21,6,29.72,-0.1,0,0,0,43.2,48.7,52.0,0.28,0.22,0.14
SCHO,2019-11-08 06:45:00 EST,42.50631,-73.68584,344,24.7,24.8,24.7,82.5,20.1,0.000,0.000,0.00,0.000,1.4,4.7,1.1,312,26,1.8,5.3,1.1,319,27,1.8,5.3,1.1,319,27,10,29.72,-0.1,0,0,0,43.1,48.7,52.0,0.28,0.23,0.14
SCHO,2019-11-08 06:50:00 EST,42.50631,-73.68584,344,24.6,24.8,24.6,83.0,20.2,0.000,0.000,0.00,0.000,1.9,4.2,1.1,317,20,2.4,5.2,1.2,321,21,2.4,5.2,1.2,321,21,14,29.72,-0.1,0,0,0,43.0,48.6,52.0,0.28,0.23,0.14
SCHO,2019-11-08 06:55:00 EST,42.50631,-73.68584,344,24.6,24.9,24.6,83.1,20.2,0.000,0.000,0.00,0.000,2.1,4.2,0.8,304,21,2.6,6.0,1.0,306,20,2.6,6.0,1.0,306,20,18,29.72,-0.2,0,0,0,43.0,48.6,52.0,0.28,0.23,0.14
SCHO,2019-11-08 07:00:00 EST,42.50631,-73.68584,344,24.8,25.0,24.8,83.8,20.6,0.000,0.000,0.00,0.000,2.3,4.5,0.9,311,19,2.8,5.6,1.2,318,17,2.8,5.6,1.2,318,17,20,29.73,-0.0,0,0,0,43.0,48.6,52.0,0.28,0.23,0.14
SCHO,2019-11-08 07:05:00 EST,42.50631,-73.68584,344,25.2,25.2,19.5,83.7,21.0,0.000,0.000,0.00,0.000,3.8,8.2,1.7,308,21,4.6,10.7,1.9,315,19,4.6,10.7,1.9,315,19,17,29.73,-0.1,0,0,0,43.0,48.6,52.0,0.28,0.23,0.13
SCHO,2019-11-08 07:10:00 EST,42.50631,-73.68584,344,25.5,25.4,19.1,82.2,20.8,0.000,0.000,0.00,0.000,4.6,10.5,1.9,308,22,5.3,11.0,2.2,315,22,5.3,11.0,2.2,315,22,21,29.73,-0.1,0,0,0,43.0,48.6,52.0,0.28,0.23,0.13
SCHO,2019-11-08 07:15:00 EST,42.50631,-73.68584,344,25.8,25.7,19.3,81.0,20.8,0.000,0.000,0.00,0.000,4.8,11.1,2.2,301,22,5.5,11.7,2.3,308,18,5.5,11.7,2.3,308,18,25,29.74,-0.0,0,0,0,42.9,48.6,52.0,0.28,0.23,0.14
SCHO,2019-11-08 07:20:00 EST,42.50631,-73.68584,344,26.2,25.9,18.9,79.0,20.6,0.000,0.000,0.00,0.000,5.4,9.9,1.7,303,20,6.4,12.4,1.9,308,16,6.4,12.4,1.9,308,16,27,29.74,-0.1,0,0,0,42.8,48.6,52.0,0.28,0.23,0.13
SCHO,2019-11-08 07:25:00 EST,42.50631,-73.68584,344,26.3,26.1,19.3,76.9,20.1,0.000,0.000,0.00,0.000,5.4,11.1,2.0,304,20,6.3,12.3,2.2,309,19,6.3,12.3,2.2,309,19,27,29.74,-0.1,0,0,0,42.8,48.6,52.0,0.28,0.23,0.14
SCHO,2019-11-08 07:30:00 EST,42.50631,-73.68584,344,26.5,26.2,19.5,75.3,19.7,0.000,0.000,0.00,0.000,5.5,11.1,2.1,299,18,6.2,11.4,2.0,308,17,6.2,11.4,2.0,308,17,36,29.74,-0.1,0,0,0,42.8,48.6,52.0,0.28,0.23,0.14
SCHO,2019-11-08 07:35:00 EST,42.50631,-73.68584,344,26.5,26.2,19.7,73.7,19.3,0.000,0.000,0.00,0.000,5.3,11.5,2.0,301,20,6.0,11.5,2.0,306,16,6.0,11.5,2.0,306,16,49,29.74,-0.1,0,0,0,42.8,48.6,52.0,0.28,0.23,0.13
SCHO,2019-11-08 07:40:00 EST,42.50631,-73.68584,344,26.5,26.1,18.5,71.5,18.5,0.000,0.000,0.00,0.000,6.8,13.7,2.5,302,19,7.5,14.1,2.5,309,18,7.5,14.1,2.5,309,18,58,29.75,-0.1,0,0,0,42.8,48.6,52.0,0.28,0.23,0.13
SCHO,2019-11-08 07:45:00 EST,42.50631,-73.68584,344,26.6,26.2,18.3,70.9,18.4,0.000,0.000,0.00,0.000,7.1,15.1,3.2,298,19,7.9,17.2,3.4,304,18,7.9,17.2,3.4,304,18,63,29.75,-0.1,0,0,0,42.8,48.5,52.0,0.28,0.23,0.14
SCHO,2019-11-08 07:50:00 EST,42.50631,-73.68584,344,26.5,26.2,17.7,68.2,17.4,0.000,0.000,0.00,0.000,7.9,15.6,2.9,302,15,8.7,16.5,3.0,308,15,8.7,16.5,3.0,308,15,83,29.75,-0.0,0,0,0,42.8,48.4,52.0,0.28,0.23,0.14
SCHO,2019-11-08 07:55:00 EST,42.50631,-73.68584,344,26.5,26.2,16.7,67.6,17.2,0.000,0.000,0.00,0.000,9.8,17.2,2.4,300,17,10.4,18.6,2.8,304,15,10.4,18.6,2.8,304,15,92,29.75,-0.1,0,0,0,42.8,48.4,52.0,0.28,0.23,0.13
SCHO,2019-11-08 08:00:00 EST,42.50631,-73.68584,344,26.4,26.1,17.2,66.7,16.8,0.000,0.000,0.00,0.000,8.4,16.8,2.6,303,18,9.3,19.1,2.8,310,19,9.3,19.1,2.8,310,19,79,29.75,-0.1,0,0,0,42.8,48.4,52.0,0.28,0.23,0.14
SCHO,2019-11-08 08:05:00 EST,42.50631,-73.68584,344,26.3,26.0,16.6,66.6,16.7,0.000,0.000,0.00,0.000,9.1,15.6,2.6,301,16,10.2,17.8,2.7,306,15,10.2,17.8,2.7,306,15,92,29.75,-0.1,0,0,0,42.8,48.4,52.0,0.28,0.23,0.14
SCHO,2019-11-08 08:10:00 EST,42.50631,-73.68584,344,26.3,26.0,17.4,66.9,16.8,0.000,0.000,0.00,0.000,8.1,13.7,2.3,302,18,8.8,15.7,2.6,309,17,8.8,15.7,2.6,309,17,95,29.75,-0.1,0,0,0,42.8,48.4,52.0,0.28,0.23,0.14
SCHO,2019-11-08 08:15:00 EST,42.50631,-73.68584,344,26.5,26.1,17.7,67.1,17.1,0.000,0.000,0.00,0.000,7.6,16.8,2.9,299,15,8.7,17.8,3.1,304,15,8.7,17.8,3.1,304,15,224,29.75,-0.0,0,0,0,42.8,48.4,52.0,0.28,0.23,0.13
SCHO,2019-11-08 08:20:00 EST,42.50631,-73.68584,344,26.7,26.3,17.5,66.4,17.0,0.000,0.000,0.00,0.000,8.6,15.7,3.0,304,18,9.4,16.8,3.3,309,17,9.4,16.8,3.3,309,17,219,29.76,-0.1,0,0,0,42.8,48.4,52.0,0.28,0.23,0.13
SCHO,2019-11-08 08:25:00 EST,42.50631,-73.68584,344,26.9,26.4,17.6,66.8,17.3,0.000,0.000,0.00,0.000,8.7,18.4,3.5,295,19,9.7,19.4,3.6,301,18,9.7,19.4,3.6,301,18,239,29.76,-0.0,0,0,0,42.8,48.4,52.0,0.28,0.23,0.14
SCHO,2019-11-08 08:30:00 EST,42.50631,-73.68584,344,27.1,26.5,19.5,66.4,17.3,0.000,0.000,0.00,0.000,6.4,16.1,2.8,306,24,7.0,15.6,3.0,311,23,7.0,15.6,3.0,311,23,251,29.76,-0.1,0,0,0,42.8,48.4,52.0,0.28,0.23,0.13
SCHO,2019-11-08 08:35:00 EST,42.50631,-73.68584,344,27.3,26.7,18.2,66.4,17.5,0.000,0.000,0.00,0.000,8.4,16.2,3.5,301,22,9.4,19.5,3.7,306,23,9.4,19.5,3.7,306,23,261,29.76,-0.0,0,0,0,42.8,48.4,51.9,0.28,0.23,0.13
SCHO,2019-11-08 08:40:00 EST,42.50631,-73.68584,344,27.2,26.6,18.3,64.9,17.0,0.000,0.000,0.00,0.000,8.0,16.1,3.1,304,17,9.1,18.4,3.4,311,17,9.1,18.4,3.4,311,17,275,29.76,-0.0,0,0,0,42.8,48.4,52.0,0.27,0.23,0.14
SCHO,2019-11-08 08:45:00 EST,42.50631,-73.68584,344,27.4,26.7,17.8,65.0,17.1,0.000,0.000,0.00,0.000,9.4,19.4,3.3,300,16,10.3,20.2,3.4,305,15,10.3,20.2,3.4,305,15,243,29.76,-0.1,0,0,0,42.8,48.4,52.0,0.27,0.23,0.13
SCHO,2019-11-08 08:50:00 EST,42.50631,-73.68584,344,27.3,26.8,18.6,64.1,16.8,0.000,0.000,0.00,0.000,7.6,20.7,4.1,302,21,8.8,21.2,3.9,308,20,8.8,21.2,3.9,308,20,293,29.77,-0.0,0,0,0,42.8,48.4,52.0,0.27,0.23,0.13
SCHO,2019-11-08 08:55:00 EST,42.50631,-73.68584,344,27.6,27.0,19.3,63.8,16.9,0.000,0.000,0.00,0.000,7.3,15.5,2.8,306,21,8.3,16.6,2.9,312,20,8.3,16.6,2.9,312,20,263,29.77,-0.0,0,0,0,42.8,48.4,51.9,0.28,0.23,0.13
SCHO,2019-11-08 09:00:00 EST,42.50631,-73.68584,344,28.0,27.3,20.1,64.7,17.6,0.000,0.000,0.00,0.000,6.8,20.7,3.8,301,24,7.7,21.2,3.9,306,24,7.7,21.2,3.9,306,24,313,29.77,-0.1,0,0,0,42.8,48.4,51.9,0.28,0.23,0.13
SCHO,2019-11-08 09:05:00 EST,42.50631,-73.68584,344,27.8,27.2,18.7,63.6,17.1,0.000,0.000,0.00,0.000,8.5,20.5,3.8,304,20,9.7,20.4,4.1,310,18,9.7,20.4,4.1,310,18,266,29.77,-0.1,0,0,0,42.8,48.3,51.9,0.28,0.23,0.13
SCHO,2019-11-08 09:10:00 EST,42.50631,-73.68584,344,27.9,27.1,19.3,63.3,17.0,0.000,0.000,0.00,0.000,7.9,15.3,2.6,307,22,8.9,16.7,2.7,312,21,8.9,16.7,2.7,312,21,339,29.77,-0.1,0,0,0,42.7,48.2,51.9,0.28,0.23,0.13
SCHO,2019-11-08 09:15:00 EST,42.50631,-73.68584,344,27.9,27.1,19.0,62.2,16.6,0.000,0.000,0.00,0.000,8.1,16.0,3.0,310,21,9.3,18.0,3.3,316,21,9.3,18.0,3.3,316,21,350,29.77,-0.1,0,0,0,42.7,48.2,51.9,0.28,0.23,0.13
SCHO,2019-11-08 09:20:00 EST,42.50631,-73.68584,344,28.0,27.1,19.8,61.7,16.5,0.000,0.000,0.00,0.000,7.1,16.0,3.2,313,24,8.2,20.2,3.6,318,22,8.2,20.2,3.6,318,22,323,29.77,-0.0,0,0,0,42.8,48.2,51.9,0.28,0.23,0.13
SCHO,2019-11-08 09:25:00 EST,42.50631,-73.68584,344,28.1,27.2,18.1,60.9,16.4,0.000,0.000,0.00,0.000,10.7,20.7,4.0,303,17,11.7,22.4,4.1,309,16,11.7,22.4,4.1,309,16,366,29.77,-0.1,0,0,0,42.7,48.2,51.9,0.28,0.23,0.13
SCHO,2019-11-08 09:30:00 EST,42.50631,-73.68584,344,28.1,27.2,17.2,60.6,16.2,0.000,0.000,0.00,0.000,12.4,22.5,4.1,298,18,13.5,23.2,4.3,304,16,13.5,23.2,4.3,304,16,364,29.77,-0.1,0,0,0,42.7,48.2,51.9,0.28,0.23,0.13
SCHO,2019-11-08 09:35:00 EST,42.50631,-73.68584,344,28.5,27.5,18.7,61.5,16.9,0.000,0.000,0.00,0.000,10.4,22.6,4.9,302,19,11.2,23.2,5.1,308,17,11.2,23.2,5.1,308,17,388,29.77,-0.0,0,0,0,42.7,48.2,51.8,0.28,0.23,0.13
SCHO,2019-11-08 09:40:00 EST,42.50631,-73.68584,344,28.3,27.5,18.9,60.6,16.4,0.000,0.000,0.00,0.000,9.7,18.6,3.4,304,17,10.6,21.6,3.5,309,17,10.6,21.6,3.5,309,17,341,29.77,-0.1,0,0,0,42.7,48.2,51.8,0.28,0.23,0.13
SCHO,2019-11-08 09:45:00 EST,42.50631,-73.68584,344,28.7,27.7,18.8,61.0,16.9,0.000,0.000,0.00,0.000,10.7,19.7,4.8,298,18,11.7,21.2,4.7,305,18,11.7,21.2,4.7,305,18,366,29.77,-0.1,0,0,0,42.8,48.2,51.9,0.27,0.23,0.14
SCHO,2019-11-08 09:50:00 EST,42.50631,-73.68584,344,28.7,27.8,19.5,59.0,16.2,0.000,0.000,0.00,0.000,9.1,18.3,3.6,308,23,10.4,19.8,3.7,312,21,10.4,19.8,3.7,312,21,410,29.78,-0.0,0,0,0,42.8,48.2,51.8,0.27,0.23,0.13
SCHO,2019-11-08 09:55:00 EST,42.50631,-73.68584,344,29.0,28.0,22.2,59.3,16.5,0.000,0.000,0.00,0.000,5.3,13.5,2.8,311,25,6.5,15.3,2.8,318,25,6.5,15.3,2.8,318,25,429,29.78,0.0,0,0,0,42.8,48.2,51.8,0.28,0.23,0.13
SCHO,2019-11-08 10:00:00 EST,42.50631,-73.68584,344,29.2,28.2,21.7,59.6,16.9,0.000,0.000,0.00,0.000,6.7,16.1,2.9,309,23,7.7,18.9,2.9,316,20,7.7,18.9,2.9,316,20,275,29.78,-0.2,0,0,0,42.8,48.2,51.8,0.28,0.23,0.13
SCHO,2019-11-08 10:05:00 EST,42.50631,-73.68584,344,28.5,27.8,21.5,57.7,15.5,0.000,0.000,0.00,0.000,5.4,13.7,3.6,324,38,6.7,17.9,3.8,338,29,6.7,17.9,3.8,338,29,148,29.78,-0.1,0,0,0,42.8,48.2,51.8,0.27,0.23,0.14
SCHO,2019-11-08 10:10:00 EST,42.50631,-73.68584,344,29.0,28.2,23.5,59.5,16.6,0.000,0.000,0.00,0.000,4.1,10.7,2.6,314,31,5.1,12.7,2.7,327,29,5.1,12.7,2.7,327,29,453,29.78,-0.0,0,0,0,42.8,48.2,51.8,0.27,0.23,0.13
SCHO,2019-11-08 10:15:00 EST,42.50631,-73.68584,344,29.9,29.0,24.0,58.5,17.1,0.000,0.000,0.00,0.000,4.7,11.0,1.8,308,26,5.7,10.8,2.2,314,25,5.7,10.8,2.2,314,25,340,29.78,0.0,0,0,0,42.8,48.1,51.8,0.27,0.23,0.13
SCHO,2019-11-08 10:20:00 EST,42.50631,-73.68584,344,30.5,29.5,24.2,59.3,18.0,0.000,0.000,0.00,0.000,5.2,11.4,2.3,312,26,6.3,11.7,2.3,319,26,6.3,11.7,2.3,319,26,329,29.78,-0.2,0,0,0,42.8,48.0,51.8,0.27,0.23,0.13
SCHO,2019-11-08 10:25:00 EST,42.50631,-73.68584,344,29.6,28.7,22.6,56.5,16.1,0.000,0.000,0.00,0.000,5.5,11.3,2.2,317,32,7.0,13.8,2.4,325,27,7.0,13.8,2.4,325,27,403,29.78,-0.1,0,0,0,43.0,48.0,51.8,0.27,0.23,0.13
SCHO,2019-11-08 10:30:00 EST,42.50631,-73.68584,344,29.6,28.8,22.6,56.5,16.1,0.000,0.000,0.00,0.000,6.1,14.8,2.9,304,28,7.1,14.6,3.1,311,26,7.1,14.6,3.1,311,26,196,29.78,-0.1,0,0,0,43.0,48.0,51.8,0.27,0.23,0.13
SCHO,2019-11-08 10:35:00 EST,42.50631,-73.68584,344,29.3,28.4,22.0,57.6,16.2,0.000,0.000,0.00,0.000,6.0,12.9,2.3,319,29,7.2,13.7,2.3,321,27,7.2,13.7,2.3,321,27,213,29.78,-0.1,0,0,0,43.0,48.0,51.8,0.27,0.23,0.13
SCHO,2019-11-08 10:40:00 EST,42.50631,-73.68584,344,29.3,28.7,23.2,57.9,16.3,0.000,0.000,0.00,0.000,4.6,12.1,2.9,325,34,5.8,14.5,3.1,331,33,5.8,14.5,3.1,331,33,206,29.78,-0.0,0,0,0,43.2,48.0,51.8,0.27,0.23,0.13
SCHO,2019-11-08 10:45:00 EST,42.50631,-73.68584,344,29.7,29.0,20.9,58.8,17.1,0.000,0.000,0.00,0.000,8.9,16.1,3.3,298,22,10.0,17.0,3.3,304,19,10.0,17.0,3.3,304,19,306,29.78,-0.1,0,0,0,43.2,48.0,51.8,0.27,0.23,0.13
SCHO,2019-11-08 10:50:00 EST,42.50631,-73.68584,344,30.9,29.5,21.4,58.2,17.9,0.000,0.000,0.00,0.000,10.9,18.6,3.6,297,13,11.8,20.4,3.8,304,13,11.8,20.4,3.8,304,13,445,29.78,-0.1,0,0,0,43.2,48.0,51.8,0.28,0.23,0.13
SCHO,2019-11-08 10:55:00 EST,42.50631,-73.68584,344,30.0,29.1,20.9,56.3,16.4,0.000,0.000,0.00,0.000,9.9,20.5,3.6,303,19,10.7,19.9,3.6,309,16,10.7,19.9,3.6,309,16,351,29.78,0.1,0,0,0,43.3,48.0,51.8,0.27,0.23,0.13
SCHO,2019-11-08 11:00:00 EST,42.50631,-73.68584,344,30.7,29.5,23.5,56.2,17.0,0.000,0.000,0.00,0.000,6.8,14.7,2.8,311,25,7.7,15.6,3.1,320,22,7.7,15.6,3.1,320,22,416,29.78,0.0,0,0,0,43.3,48.0,51.8,0.27,0.23,0.13
SCHO,2019-11-08 11:05:00 EST,42.50631,-73.68584,344,30.9,29.9,24.0,56.5,17.2,0.000,0.000,0.00,0.000,6.2,13.4,3.0,308,25,7.2,16.1,3.0,314,23,7.2,16.1,3.0,314,23,289,29.78,-0.1,0,0,0,43.3,48.0,51.8,0.27,0.23,0.13
SCHO,2019-11-08 11:10:00 EST,42.50631,-73.68584,344,31.0,29.9,21.7,56.1,17.2,0.000,0.000,0.00,0.000,10.8,25.7,6.6,301,17,11.7,26.6,6.8,306,17,11.7,26.6,6.8,306,17,431,29.78,-0.1,0,0,0,43.5,48.0,51.8,0.27,0.23,0.13
SCHO,2019-11-08 11:15:00 EST,42.50631,-73.68584,344,31.2,30.1,21.5,54.6,16.8,0.000,0.000,0.00,0.000,11.8,21.1,4.4,299,17,12.8,22.2,4.7,303,14,12.8,22.2,4.7,303,14,463,29.78,0.0,0,0,0,43.5,48.0,51.8,0.27,0.23,0.13
SCHO,2019-11-08 11:20:00 EST,42.50631,-73.68584,344,32.2,30.8,23.0,55.9,18.2,0.000,0.000,0.00,0.000,11.1,23.8,4.6,299,17,12.1,25.2,4.8,305,15,12.1,25.2,4.8,305,15,560,29.78,-0.1,0,0,0,43.5,48.0,51.8,0.27,0.23,0.13
SCHO,2019-11-08 11:25:00 EST,42.50631,-73.68584,344,31.5,30.3,22.9,54.2,16.8,0.000,0.000,0.00,0.000,9.3,17.3,2.9,303,17,10.4,19.0,3.3,308,17,10.4,19.0,3.3,308,17,273,29.78,-0.1,0,0,0,43.7,48.0,51.8,0.27,0.23,0.13
SCHO,2019-11-08 11:30:00 EST,42.50631,-73.68584,344,31.5,30.5,24.6,56.0,17.5,0.000,0.000,0.00,0.000,6.3,12.9,2.9,304,21,7.4,13.9,3.1,310,19,7.4,13.9,3.1,310,19,361,29.77,0.0,0,0,0,43.7,48.0,51.8,0.27,0.23,0.13
SCHO,2019-11-08 11:35:00 EST,42.50631,-73.68584,344,31.4,30.6,21.5,54.2,16.8,0.000,0.000,0.00,0.000,12.3,22.4,5.3,294,14,13.2,23.2,5.2,299,13,13.2,23.2,5.2,299,13,249,29.77,-0.1,0,0,0,43.9,48.0,51.8,0.27,0.23,0.13
SCHO,2019-11-08 11:40:00 EST,42.50631,-73.68584,344,31.6,30.5,22.2,51.8,15.9,0.000,0.000,0.00,0.000,11.5,22.5,4.9,296,17,12.4,24.6,5.0,302,16,12.4,24.6,5.0,302,16,421,29.77,-0.2,0,0,0,43.9,47.9,51.8,0.27,0.23,0.13
SCHO,2019-11-08 11:45:00 EST,42.50631,-73.68584,344,31.9,30.9,23.1,51.3,15.9,0.000,0.000,0.00,0.000,9.8,21.0,4.6,302,20,11.0,22.3,4.7,308,19,11.0,22.3,4.7,308,19,395,29.77,-0.0,0,0,0,44.0,47.9,51.8,0.27,0.23,0.13
SCHO,2019-11-08 11:50:00 EST,42.50631,-73.68584,344,32.7,31.3,22.5,52.3,17.1,0.000,0.000,0.00,0.000,14.2,24.9,5.3,292,14,15.0,25.9,5.4,297,13,15.0,25.9,5.4,297,13,578,29.77,0.1,0,0,0,44.1,47.9,51.8,0.27,0.23,0.13
SCHO,2019-11-08 11:55:00 EST,42.50631,-73.68584,344,33.2,31.9,25.8,50.4,16.8,0.000,0.000,0.00,0.000,7.6,15.8,3.3,311,26,9.0,18.2,3.7,316,22,9.0,18.2,3.7,316,22,364,29.77,-0.1,0,0,0,44.1,47.8,51.8,0.27,0.23,0.13
SCHO,2019-11-08 12:00:00 EST,42.50631,-73.68584,344,32.4,31.3,25.6,48.8,15.3,0.000,0.000,0.00,0.000,6.5,15.3,2.9,311,22,7.7,19.2,3.4,315,20,7.7,19.2,3.4,315,20,411,29.77,-0.1,0,0,0,44.2,47.8,51.8,0.27,0.23,0.13
SCHO,2019-11-08 12:05:00 EST,42.50631,-73.68584,344,32.8,31.7,25.1,49.9,16.2,0.000,0.000,0.00,0.000,8.6,16.8,3.1,299,20,9.4,19.5,3.2,305,20,9.4,19.5,3.2,305,20,244,29.76,-0.1,0,0,0,44.4,47.8,51.8,0.27,0.23,0.13
SCHO,2019-11-08 12:10:00 EST,42.50631,-73.68584,344,31.8,30.9,24.0,49.7,15.2,0.000,0.000,0.00,0.000,8.1,16.4,3.2,308,22,9.1,18.7,3.5,315,21,9.1,18.7,3.5,315,21,267,29.77,-0.1,0,0,0,44.4,47.8,51.8,0.27,0.23,0.13
SCHO,2019-11-08 12:15:00 EST,42.50631,-73.68584,344,32.3,31.1,25.8,50.8,16.1,0.000,0.000,0.00,0.000,6.1,11.8,2.1,305,29,7.0,13.0,2.4,313,28,7.0,13.0,2.4,313,28,353,29.77,-0.1,0,0,0,44.6,47.8,51.8,0.27,0.23,0.13
SCHO,2019-11-08 12:20:00 EST,42.50631,-73.68584,344,32.5,31.3,26.0,48.0,15.0,0.000,0.000,0.00,0.000,6.2,11.6,2.4,308,26,7.3,12.8,2.6,315,26,7.3,12.8,2.6,315,26,399,29.77,-0.2,0,0,0,44.6,47.8,51.7,0.27,0.23,0.13
SCHO,2019-11-08 12:25:00 EST,42.50631,-73.68584,344,31.8,31.0,24.5,47.8,14.3,0.000,0.000,0.00,0.000,6.8,13.4,2.8,313,30,8.2,15.9,2.9,321,28,8.2,15.9,2.9,321,28,165,29.76,-0.1,0,0,0,44.6,47.8,51.8,0.27,0.23,0.14
SCHO,2019-11-08 12:30:00 EST,42.50631,-73.68584,344,31.7,31.0,23.3,49.8,15.1,0.000,0.000,0.00,0.000,9.2,26.7,4.5,304,22,10.3,27.9,4.5,311,20,10.3,27.9,4.5,311,20,213,29.76,-0.0,0,0,0,44.8,47.8,51.8,0.27,0.23,0.13
SCHO,2019-11-08 12:35:00 EST,42.50631,-73.68584,344,32.3,31.4,25.3,49.2,15.4,0.000,0.000,0.00,0.000,6.8,12.9,2.5,308,29,7.9,14.7,3.0,314,29,7.9,14.7,3.0,314,29,222,29.76,-0.1,0,0,0,44.8,47.8,51.8,0.27,0.23,0.13
SCHO,2019-11-08 12:40:00 EST,42.50631,-73.68584,344,32.3,31.3,23.5,50.3,15.9,0.000,0.000,0.00,0.000,10.4,16.5,2.5,295,13,11.2,17.1,2.6,302,13,11.2,17.1,2.6,302,13,417,29.76,-0.1,0,0,0,44.8,47.8,51.5,0.27,0.23,0.13
SCHO,2019-11-08 12:45:00 EST,42.50631,-73.68584,344,33.2,31.8,25.4,49.7,16.4,0.000,0.000,0.00,0.000,8.6,17.9,3.8,306,22,9.6,23.8,4.3,311,21,9.6,23.8,4.3,311,21,501,29.76,-0.1,0,0,0,44.8,47.8,51.8,0.27,0.23,0.13
SCHO,2019-11-08 12:50:00 EST,42.50631,-73.68584,344,33.4,32.0,25.1,50.2,16.8,0.000,0.000,0.00,0.000,9.7,20.7,3.9,305,20,10.8,24.1,4.3,311,18,10.8,24.1,4.3,311,18,478,29.76,-0.1,0,0,0,45.0,47.8,51.7,0.27,0.23,0.13
SCHO,2019-11-08 12:55:00 EST,42.50631,-73.68584,344,33.2,31.8,26.2,48.3,15.8,0.000,0.000,0.00,0.000,7.0,14.1,2.9,310,22,8.1,15.6,3.1,318,20,8.1,15.6,3.1,318,20,336,29.76,-0.1,0,0,0,45.0,47.8,51.7,0.27,0.23,0.13
SCHO,2019-11-08 13:00:00 EST,42.50631,-73.68584,344,32.3,31.5,24.5,48.3,14.9,0.000,0.000,0.00,0.000,7.8,15.8,3.0,311,29,9.2,19.6,3.3,315,27,9.2,19.6,3.3,315,27,144,29.76,-0.1,0,0,0,45.0,47.8,51.6,0.27,0.23,0.13
SCHO,2019-11-08 13:05:00 EST,42.50631,-73.68584,344,32.8,31.8,25.4,50.2,16.3,0.000,0.000,0.00,0.000,7.4,15.4,2.7,308,24,8.7,14.9,2.9,319,25,8.7,14.9,2.9,319,25,312,29.76,-0.2,0,0,0,45.1,47.8,51.4,0.27,0.23,0.13
SCHO,2019-11-08 13:10:00 EST,42.50631,-73.68584,344,31.8,31.0,24.1,50.6,15.5,0.000,0.000,0.00,0.000,7.5,15.3,3.5,309,25,8.7,18.6,3.7,315,23,8.7,18.6,3.7,315,23,107,29.76,-0.1,0,0,0,45.1,47.8,51.4,0.27,0.23,0.13
SCHO,2019-11-08 13:15:00 EST,42.50631,-73.68584,344,31.4,30.5,22.9,55.2,17.1,0.000,0.000,0.00,0.000,8.9,15.6,2.7,305,19,10.0,16.7,2.8,312,18,10.0,16.7,2.8,312,18,270,29.77,-0.1,0,0,0,45.1,47.8,51.6,0.27,0.23,0.13
SCHO,2019-11-08 13:20:00 EST,42.50631,-73.68584,344,32.1,30.8,23.8,55.4,17.9,0.000,0.000,0.00,0.000,8.7,17.3,3.7,304,23,10.0,19.5,3.9,309,22,10.0,19.5,3.9,309,22,427,29.77,-0.0,0,0,0,45.2,47.8,51.4,0.27,0.23,0.14
SCHO,2019-11-08 13:25:00 EST,42.50631,-73.68584,344,32.0,30.8,23.7,53.1,16.8,0.000,0.000,0.00,0.000,8.8,14.9,3.0,301,19,10.0,15.7,3.0,307,18,10.0,15.7,3.0,307,18,198,29.77,-0.2,0,0,0,45.2,47.8,51.4,0.27,0.23,0.13
SCHO,2019-11-08 13:30:00 EST,42.50631,-73.68584,344,31.1,30.5,23.4,53.2,16.1,0.000,0.000,0.00,0.000,7.3,15.6,3.6,305,24,8.6,17.8,3.7,310,23,8.6,17.8,3.7,310,23,70,29.77,-0.1,0,0,0,45.3,47.8,51.4,0.27,0.23,0.13
SCHO,2019-11-08 13:35:00 EST,42.50631,-73.68584,344,31.0,30.4,24.2,52.1,15.4,0.000,0.000,0.00,0.000,6.1,13.9,2.5,312,25,7.1,17.0,2.7,320,24,7.1,17.0,2.7,320,24,90,29.77,-0.1,0,0,0,45.3,47.8,51.4,0.27,0.23,0.14
SCHO,2019-11-08 13:40:00 EST,42.50631,-73.68584,344,30.8,30.4,23.3,51.0,14.7,0.000,0.000,0.00,0.000,6.8,13.6,2.5,313,22,8.1,17.5,2.8,318,21,8.1,17.5,2.8,318,21,72,29.77,-0.1,0,0,0,45.3,47.8,51.4,0.27,0.23,0.13
SCHO,2019-11-08 13:45:00 EST,42.50631,-73.68584,344,30.9,30.5,23.6,49.0,14.0,0.000,0.000,0.00,0.000,6.7,13.7,2.6,309,29,7.9,14.1,2.8,316,24,7.9,14.1,2.8,316,24,97,29.77,-0.1,0,0,0,45.3,47.8,51.4,0.27,0.23,0.13
SCHO,2019-11-08 13:50:00 EST,42.50631,-73.68584,344,31.5,30.9,25.4,49.1,14.6,0.000,0.000,0.00,0.000,5.7,11.8,2.6,309,22,6.4,13.4,3.0,314,22,6.4,13.4,3.0,314,22,176,29.77,-0.1,0,0,0,45.3,47.8,51.4,0.27,0.23,0.13
SCHO,2019-11-08 13:55:00 EST,42.50631,-73.68584,344,31.4,30.9,24.1,46.3,13.2,0.000,0.000,0.00,0.000,6.7,15.6,2.7,314,29,8.1,16.4,2.9,321,29,8.1,16.4,2.9,321,29,98,29.77,-0.1,0,0,0,45.3,47.8,51.4,0.27,0.23,0.13
SCHO,2019-11-08 14:00:00 EST,42.50631,-73.68584,344,32.1,31.3,25.2,48.1,14.7,0.000,0.000,0.00,0.000,6.7,12.9,2.5,306,22,7.7,14.1,2.6,310,21,7.7,14.1,2.6,310,21,331,29.77,0.0,0,0,0,45.2,47.8,51.4,0.27,0.23,0.13
SCHO,2019-11-08 14:05:00 EST,42.50631,-73.68584,344,33.2,32.1,26.3,47.6,15.4,0.000,0.000,0.00,0.000,6.8,15.9,3.1,301,25,7.9,17.3,3.3,305,24,7.9,17.3,3.3,305,24,202,29.77,-0.1,0,0,0,45.1,47.8,51.4,0.27,0.23,0.13
SCHO,2019-11-08 14:10:00 EST,42.50631,-73.68584,344,32.0,31.4,25.5,50.2,15.5,0.000,0.000,0.00,0.000,5.8,16.3,3.6,304,27,6.9,18.4,3.7,311,26,6.9,18.4,3.7,311,26,69,29.77,-0.2,0,0,0,45.1,47.8,51.4,0.27,0.23,0.13
SCHO,2019-11-08 14:15:00 EST,42.50631,-73.68584,344,31.0,30.6,24.4,50.3,14.6,0.000,0.000,0.00,0.000,5.6,11.2,2.1,314,32,6.9,13.4,2.5,320,27,6.9,13.4,2.5,320,27,75,29.77,-0.1,0,0,0,45.1,47.8,51.4,0.27,0.23,0.13
SCHO,2019-11-08 14:20:00 EST,42.50631,-73.68584,344,31.0,30.4,23.3,52.0,15.4,0.000,0.000,0.00,0.000,7.3,19.1,3.2,307,26,8.5,20.8,3.5,317,22,8.5,20.8,3.5,317,22,116,29.78,-0.1,0,0,0,45.1,47.8,51.4,0.27,0.23,0.13
SCHO,2019-11-08 14:25:00 EST,42.50631,-73.68584,344,31.2,30.6,22.5,51.5,15.3,0.000,0.000,0.00,0.000,9.2,20.2,4.6,299,20,10.3,20.3,4.6,305,19,10.3,20.3,4.6,305,19,137,29.78,-0.1,0,0,0,45.1,47.8,51.4,0.27,0.23,0.14
SCHO,2019-11-08 14:30:00 EST,42.50631,-73.68584,344,32.9,31.7,26.4,50.8,16.6,0.000,0.000,0.00,0.000,6.4,12.3,2.5,306,26,7.3,14.0,2.6,313,27,7.3,14.0,2.6,313,27,347,29.78,-0.0,0,0,0,45.1,47.8,51.4,0.27,0.23,0.13
SCHO,2019-11-08 14:35:00 EST,42.50631,-73.68584,344,33.4,32.3,23.8,46.6,15.2,0.000,0.000,0.00,0.000,12.8,23.5,5.1,295,13,13.9,25.1,5.2,301,11,13.9,25.1,5.2,301,11,332,29.77,-0.1,0,0,0,45.1,47.8,51.4,0.27,0.23,0.13
SCHO,2019-11-08 14:40:00 EST,42.50631,-73.68584,344,32.8,31.9,22.8,44.1,13.3,0.000,0.000,0.00,0.000,13.4,24.8,5.7,296,17,14.3,25.7,5.7,302,15,14.3,25.7,5.7,302,15,211,29.78,-0.1,0,0,0,45.1,47.8,51.4,0.27,0.23,0.14
SCHO,2019-11-08 14:45:00 EST,42.50631,-73.68584,344,33.3,32.2,25.6,44.3,13.9,0.000,0.000,0.00,0.000,8.2,19.7,3.5,306,22,9.4,21.6,3.6,313,19,9.4,21.6,3.6,313,19,277,29.78,-0.1,0,0,0,45.1,47.8,51.4,0.27,0.23,0.14
SCHO,2019-11-08 14:50:00 EST,42.50631,-73.68584,344,33.3,32.0,25.2,41.1,12.2,0.000,0.000,0.00,0.000,8.9,20.9,4.0,303,20,10.3,22.0,4.0,308,19,10.3,22.0,4.0,308,19,285,29.78,0.0,0,0,0,45.1,47.8,51.4,0.27,0.23,0.13
SCHO,2019-11-08 14:55:00 EST,42.50631,-73.68584,344,33.1,32.0,24.8,43.3,13.2,0.000,0.000,0.00,0.000,9.3,19.4,3.5,310,23,10.7,21.2,3.5,315,24,10.7,21.2,3.5,315,24,267,29.78,-0.2,0,0,0,45.1,47.8,51.4,0.27,0.23,0.13
SCHO,2019-11-08 15:00:00 EST,42.50631,-73.68584,344,32.9,31.8,25.5,45.2,14.0,0.000,0.000,0.00,0.000,7.3,16.8,3.2,312,23,8.7,20.5,3.4,318,23,8.7,20.5,3.4,318,23,227,29.78,-0.0,0,0,0,45.1,47.8,51.4,0.27,0.23,0.13
SCHO,2019-11-08 15:05:00 EST,42.50631,-73.68584,344,33.2,32.1,27.6,45.2,14.3,0.000,0.000,0.00,0.000,4.5,11.0,2.7,322,38,6.1,15.7,2.9,322,34,6.1,15.7,2.9,322,34,248,29.78,-0.1,0,0,0,45.1,47.8,51.4,0.27,0.23,0.14
SCHO,2019-11-08 15:10:00 EST,42.50631,-73.68584,344,33.2,32.2,25.0,43.2,13.2,0.000,0.000,0.00,0.000,9.1,22.5,4.5,302,24,10.6,24.4,4.7,308,19,10.6,24.4,4.7,308,19,238,29.78,-0.2,0,0,0,45.1,47.8,51.4,0.27,0.23,0.13
SCHO,2019-11-08 15:15:00 EST,42.50631,-73.68584,344,32.7,31.8,23.3,41.2,11.7,0.000,0.000,0.00,0.000,11.5,22.6,3.9,303,14,12.9,25.4,4.0,307,14,12.9,25.4,4.0,307,14,221,29.79,-0.0,0,0,0,45.1,47.8,51.4,0.27,0.23,0.13
SCHO,2019-11-08 15:20:00 EST,42.50631,-73.68584,344,32.8,31.8,25.0,41.6,12.0,0.000,0.000,0.00,0.000,8.4,14.3,2.7,306,20,9.5,17.6,3.0,313,19,9.5,17.6,3.0,313,19,200,29.79,-0.1,0,0,0,45.1,47.8,51.4,0.27,0.23,0.13
SCHO,2019-11-08 15:25:00 EST,42.50631,-73.68584,344,32.6,31.8,24.8,41.8,11.9,0.000,0.000,0.00,0.000,7.9,14.4,2.9,312,26,9.5,16.7,3.4,320,23,9.5,16.7,3.4,320,23,171,29.79,-0.2,0,0,0,45.1,47.8,51.4,0.27,0.23,0.14
SCHO,2019-11-08 15:30:00 EST,42.50631,-73.68584,344,32.4,31.6,24.4,41.4,11.5,0.000,0.000,0.00,0.000,8.3,17.1,3.6,307,24,9.7,18.8,3.7,311,23,9.7,18.8,3.7,311,23,163,29.79,-0.1,0,0,0,45.1,47.8,51.4,0.27,0.23,0.14
SCHO,2019-11-08 15:35:00 EST,42.50631,-73.68584,344,32.3,31.6,24.7,41.5,11.5,0.000,0.000,0.00,0.000,7.7,14.2,2.6,307,23,9.0,14.7,2.6,314,21,9.0,14.7,2.6,314,21,149,29.80,-0.1,0,0,0,45.1,47.8,51.4,0.27,0.23,0.13
SCHO,2019-11-08 15:40:00 EST,42.50631,-73.68584,344,32.2,31.5,24.7,41.3,11.2,0.000,0.000,0.00,0.000,7.7,17.0,3.1,308,29,8.6,17.4,3.2,315,29,8.6,17.4,3.2,315,29,137,29.80,-0.1,0,0,0,45.1,47.8,51.4,0.27,0.23,0.13
SCHO,2019-11-08 15:45:00 EST,42.50631,-73.68584,344,32.4,31.6,25.2,42.0,11.9,0.000,0.000,0.00,0.000,6.4,14.7,2.8,305,27,8.2,16.2,3.0,311,24,8.2,16.2,3.0,311,24,131,29.80,-0.1,0,0,0,45.1,47.8,51.4,0.27,0.23,0.13
SCHO,2019-11-08 15:50:00 EST,42.50631,-73.68584,344,32.2,31.5,24.2,41.8,11.6,0.000,0.000,0.00,0.000,8.7,17.0,3.2,302,18,9.6,17.6,3.4,309,16,9.6,17.6,3.4,309,16,114,29.80,-0.1,0,0,0,45.1,47.8,51.4,0.27,0.23,0.14
SCHO,2019-11-08 15:55:00 EST,42.50631,-73.68584,344,31.8,31.2,23.9,42.5,11.5,0.000,0.000,0.00,0.000,8.2,13.7,2.1,304,18,9.1,18.7,2.5,312,17,9.1,18.7,2.5,312,17,78,29.80,-0.1,0,0,0,45.1,47.8,51.4,0.27,0.23,0.13
SCHO,2019-11-08 16:00:00 EST,42.50631,-73.68584,344,31.3,30.9,23.5,43.5,11.7,0.000,0.000,0.00,0.000,7.6,17.8,3.4,306,27,8.9,18.3,3.5,312,23,8.9,18.3,3.5,312,23,55,29.80,-0.1,0,0,0,45.1,47.8,51.4,0.27,0.23,0.13
SCHO,2019-11-08 16:05:00 EST,42.50631,-73.68584,344,31.5,31.1,24.3,44.0,12.0,0.000,0.000,0.00,0.000,6.8,18.0,3.2,303,21,7.8,20.0,3.4,309,20,7.8,20.0,3.4,309,20,69,29.80,-0.1,0,0,0,45.1,47.8,51.4,0.27,0.23,0.13
SCHO,2019-11-08 16:10:00 EST,42.50631,-73.68584,344,31.4,31.0,23.2,43.3,11.6,0.000,0.000,0.00,0.000,8.8,17.7,3.4,297,16,9.7,18.6,3.6,303,16,9.7,18.6,3.6,303,16,56,29.80,-0.1,0,0,0,45.1,47.8,51.4,0.27,0.23,0.13
SCHO,2019-11-08 16:15:00 EST,42.50631,-73.68584,344,31.1,30.8,22.1,42.9,11.2,0.000,0.000,0.00,0.000,10.1,19.3,3.6,304,17,11.0,21.0,3.9,310,16,11.0,21.0,3.9,310,16,38,29.80,-0.1,0,0,0,45.1,47.8,51.4,0.27,0.23,0.13
SCHO,2019-11-08 16:20:00 EST,42.50631,-73.68584,344,30.9,30.7,23.0,44.5,11.8,0.000,0.000,0.00,0.000,7.6,18.6,3.1,300,17,8.8,19.1,3.2,307,17,8.8,19.1,3.2,307,17,24,29.81,-0.2,0,0,0,45.0,47.8,51.4,0.27,0.23,0.13
SCHO,2019-11-08 16:25:00 EST,42.50631,-73.68584,344,30.6,30.5,21.7,44.4,11.5,0.000,0.000,0.00,0.000,9.5,18.3,3.4,301,17,10.7,20.9,3.5,305,15,10.7,20.9,3.5,305,15,17,29.81,-0.2,0,0,0,45.0,47.8,51.4,0.27,0.23,0.13
SCHO,2019-11-08 16:30:00 EST,42.50631,-73.68584,344,30.5,30.4,22.1,44.6,11.5,0.000,0.000,0.00,0.000,8.8,15.2,2.5,300,16,9.5,15.3,2.7,305,15,9.5,15.3,2.7,305,15,14,29.81,-0.2,0,0,0,45.0,47.8,51.4,0.27,0.23,0.14
SCHO,2019-11-08 16:35:00 EST,42.50631,-73.68584,344,30.2,30.2,22.7,45.7,11.7,0.000,0.000,0.00,0.000,6.9,19.7,3.8,298,19,7.9,20.7,3.8,303,17,7.9,20.7,3.8,303,17,10,29.81,-0.2,0,0,0,44.9,47.8,51.3,0.27,0.23,0.14
SCHO,2019-11-08 16:40:00 EST,42.50631,-73.68584,344,29.9,30.0,24.5,47.2,12.2,0.000,0.000,0.00,0.000,4.2,10.2,1.9,306,26,5.0,11.3,2.1,311,25,5.0,11.3,2.1,311,25,7,29.81,-0.2,0,0,0,44.8,47.8,51.3,0.27,0.23,0.14
SCHO,2019-11-08 16:45:00 EST,42.50631,-73.68584,344,29.8,30.0,22.3,47.1,12.0,0.000,0.000,0.00,0.000,6.9,11.4,2.1,302,20,7.8,13.3,2.3,308,17,7.8,13.3,2.3,308,17,4,29.82,-0.1,0,0,0,44.8,47.8,51.3,0.27,0.23,0.14
SCHO,2019-11-08 16:50:00 EST,42.50631,-73.68584,344,29.7,29.9,23.3,47.2,12.0,0.000,0.000,0.00,0.000,5.4,12.3,2.7,303,24,6.3,14.8,3.0,309,21,6.3,14.8,3.0,309,21,2,29.82,-0.1,0,0,0,44.8,47.8,51.3,0.27,0.23,0.14
SCHO,2019-11-08 16:55:00 EST,42.50631,-73.68584,344,29.5,29.8,24.3,48.2,12.3,0.000,0.000,0.00,0.000,4.0,8.4,1.6,314,28,4.8,9.1,1.9,320,26,4.8,9.1,1.9,320,26,1,29.82,-0.2,0,0,0,44.7,47.8,51.3,0.27,0.23,0.13
SCHO,2019-11-08 17:00:00 EST,42.50631,-73.68584,344,29.1,29.6,25.1,50.2,12.8,0.000,0.000,0.00,0.000,2.9,7.2,1.4,301,21,3.7,9.2,1.8,309,20,3.7,9.2,1.8,309,20,0,29.82,-0.2,0,0,0,44.6,47.8,51.3,0.27,0.23,0.13
SCHO,2019-11-08 17:05:00 EST,42.50631,-73.68584,344,29.2,29.6,24.5,50.0,12.8,0.000,0.000,0.00,0.000,3.7,8.8,1.7,302,17,4.3,9.2,1.7,309,15,4.3,9.2,1.7,309,15,0,29.83,-0.1,0,0,0,44.6,47.8,51.3,0.27,0.23,0.13
SCHO,2019-11-08 17:10:00 EST,42.50631,-73.68584,344,29.2,29.6,23.4,49.3,12.6,0.000,0.000,0.00,0.000,4.6,9.8,1.8,304,24,5.5,10.3,2.1,311,20,5.5,10.3,2.1,311,20,0,29.83,-0.1,0,0,0,44.6,47.8,51.3,0.27,0.23,0.14
SCHO,2019-11-08 17:15:00 EST,42.50631,-73.68584,344,29.2,29.6,23.1,48.8,12.3,0.000,0.000,0.00,0.000,4.9,9.5,1.8,304,19,5.7,10.5,1.9,309,17,5.7,10.5,1.9,309,17,0,29.83,-0.2,0,0,0,44.5,47.8,51.3,0.27,0.23,0.14
SCHO,2019-11-08 17:20:00 EST,42.50631,-73.68584,344,29.1,29.6,22.7,48.9,12.3,0.000,0.000,0.00,0.000,5.2,9.9,2.0,305,19,6.1,10.9,2.0,311,17,6.1,10.9,2.0,311,17,0,29.83,-0.1,0,0,0,44.4,47.8,51.3,0.27,0.23,0.14
SCHO,2019-11-08 17:25:00 EST,42.50631,-73.68584,344,29.4,29.6,21.9,47.5,11.8,0.000,0.000,0.00,0.000,6.7,11.8,1.6,300,16,7.5,11.7,1.7,306,15,7.5,11.7,1.7,306,15,0,29.83,-0.2,0,0,0,44.4,47.8,51.3,0.27,0.23,0.13
SCHO,2019-11-08 17:30:00 EST,42.50631,-73.68584,344,29.2,29.5,21.6,47.6,11.7,0.000,0.000,0.00,0.000,6.9,11.5,2.0,302,16,7.7,13.5,2.2,307,13,7.7,13.5,2.2,307,13,0,29.84,-0.1,0,0,0,44.3,47.8,51.3,0.27,0.23,0.14
SCHO,2019-11-08 17:35:00 EST,42.50631,-73.68584,344,29.3,29.4,20.8,47.3,11.7,0.000,0.000,0.00,0.000,8.4,15.3,2.5,297,13,9.1,16.4,2.6,304,11,9.1,16.4,2.6,304,11,0,29.84,-0.1,0,0,0,44.1,47.8,51.3,0.26,0.23,0.13
SCHO,2019-11-08 17:40:00 EST,42.50631,-73.68584,344,29.2,29.3,21.3,47.3,11.5,0.000,0.000,0.00,0.000,7.2,13.8,2.1,303,14,8.1,14.2,2.3,308,13,8.1,14.2,2.3,308,13,0,29.84,-0.1,0,0,0,44.1,47.8,51.3,0.26,0.23,0.14
SCHO,2019-11-08 17:45:00 EST,42.50631,-73.68584,344,29.0,29.2,21.5,48.2,11.8,0.000,0.000,0.00,0.000,6.6,12.8,2.2,301,16,7.5,13.7,2.4,307,15,7.5,13.7,2.4,307,15,0,29.84,-0.2,0,0,0,44.1,47.8,51.3,0.26,0.23,0.13
SCHO,2019-11-08 17:50:00 EST,42.50631,-73.68584,344,28.6,29.1,21.5,49.5,12.0,0.000,0.000,0.00,0.000,5.8,11.5,1.7,303,18,6.8,13.7,2.0,310,17,6.8,13.7,2.0,310,17,0,29.84,-0.1,0,0,0,44.0,47.8,51.3,0.26,0.23,0.13
SCHO,2019-11-08 17:55:00 EST,42.50631,-73.68584,344,28.5,29.0,22.2,49.6,12.1,0.000,0.000,0.00,0.000,4.9,9.4,2.2,305,24,5.9,13.4,2.3,310,23,5.9,13.4,2.3,310,23,0,29.85,-0.2,0,0,0,43.9,47.8,51.3,0.26,0.23,0.14
SCHO,2019-11-08 18:00:00 EST,42.50631,-73.68584,344,28.5,29.0,22.8,50.2,12.3,0.000,0.000,0.00,0.000,4.5,7.2,1.5,305,24,5.1,10.1,1.8,311,22,5.1,10.1,1.8,311,22,0,29.85,-0.1,0,0,0,43.9,47.8,51.3,0.26,0.23,0.13
SCHO,2019-11-08 18:05:00 EST,42.50631,-73.68584,344,28.5,29.0,21.9,49.9,12.2,0.000,0.000,0.00,0.000,5.1,11.8,2.8,298,22,6.2,13.2,2.9,305,22,6.2,13.2,2.9,305,22,0,29.85,-0.2,0,0,0,43.9,47.8,51.3,0.26,0.23,0.14
SCHO,2019-11-08 18:10:00 EST,42.50631,-73.68584,344,28.2,28.7,23.3,50.9,12.4,0.000,0.000,0.00,0.000,3.2,7.6,1.9,310,26,4.4,9.9,2.0,315,24,4.4,9.9,2.0,315,24,0,29.86,-0.2,0,0,0,43.8,47.8,51.3,0.26,0.23,0.13
SCHO,2019-11-08 18:15:00 EST,42.50631,-73.68584,344,28.3,28.8,23.5,50.9,12.4,0.000,0.000,0.00,0.000,3.8,9.4,1.9,309,20,4.3,9.6,2.1,314,21,4.3,9.6,2.1,314,21,0,29.86,-0.1,0,0,0,43.7,47.8,51.3,0.26,0.23,0.13
SCHO,2019-11-08 18:20:00 EST,42.50631,-73.68584,344,28.3,28.8,22.1,51.1,12.5,0.000,0.000,0.00,0.000,5.1,10.8,2.0,301,19,5.7,12.2,2.1,307,17,5.7,12.2,2.1,307,17,0,29.86,-0.2,0,0,0,43.7,47.8,51.3,0.26,0.23,0.13
SCHO,2019-11-08 18:25:00 EST,42.50631,-73.68584,344,27.9,28.4,23.0,52.5,12.7,0.000,0.000,0.00,0.000,3.4,13.0,2.7,300,26,4.2,14.0,3.0,305,23,4.2,14.0,3.0,305,23,0,29.86,0.0,0,0,0,43.6,47.8,51.3,0.26,0.23,0.14
SCHO,2019-11-08 18:30:00 EST,42.50631,-73.68584,344,28.1,28.6,22.3,51.7,12.6,0.000,0.000,0.00,0.000,4.4,14.1,2.5,305,25,5.2,15.4,2.6,311,24,5.2,15.4,2.6,311,24,0,29.86,-0.1,0,0,0,43.5,47.8,51.3,0.26,0.23,0.14
SCHO,2019-11-08 18:35:00 EST,42.50631,-73.68584,344,28.1,28.5,21.4,51.7,12.6,0.000,0.000,0.00,0.000,5.0,11.1,2.2,305,23,6.1,12.8,2.2,312,20,6.1,12.8,2.2,312,20,0,29.86,-0.2,0,0,0,43.5,47.8,51.3,0.26,0.23,0.13
SCHO,2019-11-08 18:40:00 EST,42.50631,-73.68584,344,28.1,28.5,20.8,51.9,12.7,0.000,0.000,0.00,0.000,6.1,11.8,2.2,305,23,7.1,14.2,2.4,310,21,7.1,14.2,2.4,310,21,0,29.86,-0.1,0,0,0,43.5,47.8,51.3,0.27,0.23,0.14
SCHO,2019-11-08 18:45:00 EST,42.50631,-73.68584,344,27.8,28.3,21.9,52.4,12.6,0.000,0.000,0.00,0.000,4.7,9.2,1.9,300,17,5.3,10.8,2.0,308,15,5.3,10.8,2.0,308,15,0,29.86,-0.1,0,0,0,43.5,47.8,51.3,0.27,0.23,0.13
SCHO,2019-11-08 18:50:00 EST,42.50631,-73.68584,344,27.9,28.2,22.4,52.4,12.7,0.000,0.000,0.00,0.000,3.9,9.7,2.0,305,20,4.8,11.7,2.1,312,19,4.8,11.7,2.1,312,19,0,29.87,-0.2,0,0,0,43.4,47.8,51.3,0.27,0.23,0.13
SCHO,2019-11-08 18:55:00 EST,42.50631,-73.68584,344,27.6,28.1,22.6,53.6,12.9,0.000,0.000,0.00,0.000,3.5,7.0,1.6,303,21,4.3,9.1,1.8,310,20,4.3,9.1,1.8,310,20,0,29.87,-0.1,0,0,0,43.3,47.8,51.3,0.27,0.23,0.14
SCHO,2019-11-08 19:00:00 EST,42.50631,-73.68584,344,27.7,28.1,22.6,53.8,13.1,0.000,0.000,0.00,0.000,3.7,7.6,1.7,313,23,4.4,8.6,1.7,317,22,4.4,8.6,1.7,317,22,0,29.87,-0.1,0,0,0,43.3,47.8,51.3,0.27,0.23,0.13
SCHO,2019-11-08 19:05:00 EST,42.50631,-73.68584,344,27.5,28.0,22.7,53.9,13.0,0.000,0.000,0.00,0.000,3.3,6.5,1.6,308,21,4.2,8.1,1.7,314,23,4.2,8.1,1.7,314,23,0,29.87,-0.2,0,0,0,43.3,47.8,51.3,0.27,0.23,0.14
SCHO,2019-11-08 19:10:00 EST,42.50631,-73.68584,344,27.3,27.8,23.5,54.5,13.0,0.000,0.000,0.00,0.000,2.7,6.0,1.3,307,27,3.3,6.6,1.4,313,24,3.3,6.6,1.4,313,24,0,29.88,-0.2,0,0,0,43.2,47.8,51.3,0.27,0.23,0.13
SCHO,2019-11-08 19:15:00 EST,42.50631,-73.68584,344,27.3,27.8,21.4,55.4,13.4,0.000,0.000,0.00,0.000,4.0,9.6,2.4,304,26,5.1,12.8,2.4,310,31,5.1,12.8,2.4,310,31,0,29.88,-0.1,0,0,0,43.2,47.8,51.3,0.27,0.23,0.14
SCHO,2019-11-08 19:20:00 EST,42.50631,-73.68584,344,27.4,27.9,21.1,55.1,13.4,0.000,0.000,0.00,0.000,4.7,11.1,2.3,304,25,5.7,12.6,2.5,310,24,5.7,12.6,2.5,310,24,0,29.88,-0.1,0,0,0,43.2,47.8,51.3,0.26,0.23,0.14
SCHO,2019-11-08 19:25:00 EST,42.50631,-73.68584,344,27.6,27.9,21.9,54.6,13.4,0.000,0.000,0.00,0.000,4.2,11.8,2.5,302,24,5.0,12.3,2.4,311,24,5.0,12.3,2.4,311,24,0,29.88,-0.2,0,0,0,43.1,47.8,51.3,0.27,0.23,0.13
SCHO,2019-11-08 19:30:00 EST,42.50631,-73.68584,344,27.3,27.8,22.2,54.8,13.2,0.000,0.000,0.00,0.000,3.5,7.2,1.4,312,32,4.4,8.3,1.5,323,33,4.4,8.3,1.5,323,33,0,29.88,-0.2,0,0,0,43.0,47.8,51.3,0.27,0.23,0.13
SCHO,2019-11-08 19:35:00 EST,42.50631,-73.68584,344,27.2,27.7,21.1,56.2,13.7,0.000,0.000,0.00,0.000,4.5,7.4,1.2,303,21,5.4,9.7,1.5,309,19,5.4,9.7,1.5,309,19,0,29.88,-0.1,0,0,0,43.0,47.8,51.3,0.26,0.23,0.13
SCHO,2019-11-08 19:40:00 EST,42.50631,-73.68584,344,27.1,27.6,22.0,56.7,13.7,0.000,0.000,0.00,0.000,3.7,8.5,1.7,309,22,4.3,10.7,2.0,317,21,4.3,10.7,2.0,317,21,0,29.89,-0.1,0,0,0,43.0,47.8,51.3,0.26,0.23,0.14
SCHO,2019-11-08 19:45:00 EST,42.50631,-73.68584,344,26.9,27.4,22.7,57.2,13.8,0.000,0.000,0.00,0.000,2.8,6.3,1.6,305,23,3.6,7.8,1.8,311,21,3.6,7.8,1.8,311,21,0,29.89,-0.1,0,0,0,42.9,47.8,51.3,0.26,0.23,0.14
SCHO,2019-11-08 19:50:00 EST,42.50631,-73.68584,344,26.9,27.4,21.8,57.7,14.0,0.000,0.000,0.00,0.000,3.8,6.9,1.2,303,19,4.4,7.8,1.5,310,16,4.4,7.8,1.5,310,16,0,29.89,-0.1,0,0,0,42.8,47.8,51.3,0.26,0.23,0.13
SCHO,2019-11-08 19:55:00 EST,42.50631,-73.68584,344,26.7,27.1,22.6,58.1,14.0,0.000,0.000,0.00,0.000,2.8,6.8,1.6,308,24,3.5,8.4,1.6,313,21,3.5,8.4,1.6,313,21,0,29.89,-0.1,0,0,0,42.8,47.8,51.3,0.26,0.23,0.14
SCHO,2019-11-08 20:00:00 EST,42.50631,-73.68584,344,26.7,27.2,21.0,58.8,14.2,0.000,0.000,0.00,0.000,4.2,10.2,1.8,307,18,4.8,10.6,2.0,314,17,4.8,10.6,2.0,314,17,0,29.89,-0.1,0,0,0,42.8,47.8,51.2,0.26,0.23,0.14
SCHO,2019-11-08 20:05:00 EST,42.50631,-73.68584,344,26.7,27.3,20.5,58.2,14.0,0.000,0.000,0.00,0.000,4.7,8.3,1.6,308,22,5.4,10.3,1.9,314,19,5.4,10.3,1.9,314,19,0,29.89,-0.2,0,0,0,42.8,47.8,51.2,0.26,0.23,0.13
SCHO,2019-11-08 20:10:00 EST,42.50631,-73.68584,344,26.5,27.1,22.2,59.3,14.2,0.000,0.000,0.00,0.000,2.9,6.2,1.2,305,24,3.6,7.6,1.4,313,20,3.6,7.6,1.4,313,20,0,29.89,-0.1,0,0,0,42.7,47.8,51.3,0.26,0.23,0.14
SCHO,2019-11-08 20:15:00 EST,42.50631,-73.68584,344,26.5,27.1,21.1,58.7,14.0,0.000,0.000,0.00,0.000,4.0,7.2,1.4,303,20,4.6,7.7,1.6,310,17,4.6,7.7,1.6,310,17,0,29.89,-0.2,0,0,0,42.6,47.6,51.2,0.26,0.23,0.14
SCHO,2019-11-08 20:20:00 EST,42.50631,-73.68584,344,26.4,27.1,20.9,58.6,13.9,0.000,0.000,0.00,0.000,3.9,6.8,1.4,306,29,4.6,8.7,1.6,313,25,4.6,8.7,1.6,313,25,0,29.90,-0.1,0,0,0,42.6,47.7,51.2,0.27,0.23,0.14
SCHO,2019-11-08 20:25:00 EST,42.50631,-73.68584,344,26.6,27.0,21.0,57.9,13.8,0.000,0.000,0.00,0.000,4.0,7.8,1.6,307,23,4.8,8.7,1.6,312,26,4.8,8.7,1.6,312,26,0,29.90,-0.1,0,0,0,42.6,47.5,51.2,0.26,0.23,0.13
SCHO,2019-11-08 20:30:00 EST,42.50631,-73.68584,344,26.2,26.8,22.7,59.5,14.0,0.000,0.000,0.00,0.000,2.5,5.5,1.2,304,22,3.1,6.6,1.2,311,22,3.1,6.6,1.2,311,22,0,29.90,-0.1,0,0,0,42.6,47.5,51.2,0.26,0.23,0.13
SCHO,2019-11-08 20:35:00 EST,42.50631,-73.68584,344,26.1,26.6,21.8,60.2,14.2,0.000,0.000,0.00,0.000,3.3,6.6,1.2,302,17,3.6,7.3,1.4,309,16,3.6,7.3,1.4,309,16,0,29.90,-0.2,0,0,0,42.4,47.5,51.2,0.26,0.23,0.13
SCHO,2019-11-08 20:40:00 EST,42.50631,-73.68584,344,26.0,26.6,21.6,60.9,14.3,0.000,0.000,0.00,0.000,3.0,5.6,1.1,301,16,3.6,6.5,1.3,307,13,3.6,6.5,1.3,307,13,0,29.91,-0.1,0,0,0,42.4,47.5,51.2,0.26,0.23,0.13
SCHO,2019-11-08 20:45:00 EST,42.50631,-73.68584,344,25.6,26.3,22.1,62.2,14.5,0.000,0.000,0.00,0.000,2.6,6.2,0.9,302,13,3.0,6.9,1.1,309,12,3.0,6.9,1.1,309,12,0,29.90,-0.1,0,0,0,42.4,47.5,51.1,0.26,0.23,0.13
SCHO,2019-11-08 20:50:00 EST,42.50631,-73.68584,344,25.5,26.3,21.8,63.0,14.7,0.000,0.000,0.00,0.000,2.5,5.6,0.8,307,17,3.1,6.2,0.9,315,18,3.1,6.2,0.9,315,18,0,29.90,-0.1,0,0,0,42.4,47.5,51.1,0.26,0.23,0.14
SCHO,2019-11-08 20:55:00 EST,42.50631,-73.68584,344,25.5,26.2,21.0,62.8,14.6,0.000,0.000,0.00,0.000,3.1,6.7,1.3,302,21,3.7,8.5,1.5,310,19,3.7,8.5,1.5,310,19,0,29.91,-0.1,0,0,0,42.4,47.5,51.2,0.26,0.23,0.13
SCHO,2019-11-08 21:00:00 EST,42.50631,-73.68584,344,25.7,26.3,20.5,62.4,14.6,0.000,0.000,0.00,0.000,3.6,8.6,1.3,296,19,4.3,9.1,1.6,305,16,4.3,9.1,1.6,305,16,0,29.91,-0.1,0,0,0,42.3,47.5,51.1,0.26,0.23,0.13
SCHO,2019-11-08 21:05:00 EST,42.50631,-73.68584,344,25.6,26.2,19.9,61.7,14.3,0.000,0.000,0.00,0.000,3.9,9.4,1.7,303,24,4.7,10.1,1.9,307,22,4.7,10.1,1.9,307,22,0,29.91,-0.2,0,0,0,42.3,47.5,51.1,0.26,0.23,0.13
SCHO,2019-11-08 21:10:00 EST,42.50631,-73.68584,344,25.5,26.0,21.5,62.6,14.5,0.000,0.000,0.00,0.000,2.4,6.2,1.1,298,23,3.3,7.2,1.3,306,21,3.3,7.2,1.3,306,21,0,29.91,-0.1,0,0,0,42.3,47.5,51.1,0.26,0.23,0.13
SCHO,2019-11-08 21:15:00 EST,42.50631,-73.68584,344,25.5,26.1,21.2,62.7,14.6,0.000,0.000,0.00,0.000,3.0,6.5,1.2,305,17,3.5,6.9,1.4,313,15,3.5,6.9,1.4,313,15,0,29.91,-0.1,0,0,0,42.3,47.5,51.1,0.26,0.23,0.13
SCHO,2019-11-08 21:20:00 EST,42.50631,-73.68584,344,25.4,25.8,25.4,63.0,14.5,0.000,0.000,0.00,0.000,1.1,4.7,1.1,322,23,1.8,6.4,1.2,331,31,1.8,6.4,1.2,331,31,0,29.91,-0.2,0,0,0,42.1,47.5,51.1,0.26,0.23,0.13
SCHO,2019-11-08 21:25:00 EST,42.50631,-73.68584,344,25.3,25.8,25.3,63.8,14.8,0.000,0.000,0.00,0.000,1.3,4.3,1.2,303,19,1.9,5.3,1.2,307,19,1.9,5.3,1.2,307,19,0,29.91,-0.1,0,0,0,42.1,47.5,51.1,0.26,0.23,0.13
SCHO,2019-11-08 21:30:00 EST,42.50631,-73.68584,344,24.9,25.9,19.6,64.8,14.7,0.000,0.000,0.00,0.000,3.6,6.3,1.1,295,10,4.1,7.2,1.3,302,9,4.1,7.2,1.3,302,9,0,29.91,-0.2,0,0,0,42.1,47.5,51.1,0.26,0.23,0.14
SCHO,2019-11-08 21:35:00 EST,42.50631,-73.68584,344,24.9,25.7,20.5,65.6,15.0,0.000,0.000,0.00,0.000,3.2,6.7,1.2,298,15,3.5,7.1,1.4,307,14,3.5,7.1,1.4,307,14,0,29.91,-0.0,0,0,0,42.1,47.5,51.1,0.26,0.23,0.14
SCHO,2019-11-08 21:40:00 EST,42.50631,-73.68584,344,25.1,25.8,18.9,65.0,15.0,0.000,0.000,0.00,0.000,4.4,8.8,1.8,302,16,5.1,9.3,1.9,308,14,5.1,9.3,1.9,308,14,0,29.92,-0.1,0,0,0,42.0,47.5,51.1,0.26,0.23,0.14
SCHO,2019-11-08 21:45:00 EST,42.50631,-73.68584,344,24.9,25.7,19.8,66.3,15.3,0.000,0.000,0.00,0.000,3.4,7.2,1.1,300,18,4.1,8.3,1.4,308,16,4.1,8.3,1.4,308,16,0,29.92,-0.1,0,0,0,41.9,47.5,51.1,0.26,0.23,0.13
SCHO,2019-11-08 21:50:00 EST,42.50631,-73.68584,344,25.2,25.8,19.6,66.6,15.6,0.000,0.000,0.00,0.000,3.7,10.2,1.9,302,23,4.5,12.3,2.2,309,19,4.5,12.3,2.2,309,19,0,29.92,-0.2,0,0,0,41.9,47.5,51.1,0.26,0.23,0.14
SCHO,2019-11-08 21:55:00 EST,42.50631,-73.68584,344,25.1,25.8,18.5,65.7,15.2,0.000,0.000,0.00,0.000,4.6,10.6,2.1,298,21,5.5,13.1,2.2,304,18,5.5,13.1,2.2,304,18,0,29.92,-0.1,0,0,0,41.9,47.5,51.1,0.26,0.23,0.13
SCHO,2019-11-08 22:00:00 EST,42.50631,-73.68584,344,25.1,25.7,20.2,65.6,15.2,0.000,0.000,0.00,0.000,3.2,7.7,1.6,312,22,3.9,8.3,1.6,316,20,3.9,8.3,1.6,316,20,0,29.92,-0.1,0,0,0,41.9,47.5,51.1,0.26,0.23,0.13
SCHO,2019-11-08 22:05:00 EST,42.50631,-73.68584,344,25.1,25.7,25.1,65.7,15.2,0.000,0.000,0.00,0.000,2.3,6.6,1.3,309,17,2.8,6.4,1.3,313,17,2.8,6.4,1.3,313,17,0,29.92,-0.1,0,0,0,41.8,47.4,51.1,0.26,0.23,0.13
SCHO,2019-11-08 22:10:00 EST,42.50631,-73.68584,344,25.1,25.5,25.1,65.5,15.1,0.000,0.000,0.00,0.000,1.8,4.3,1.1,308,28,2.5,5.4,1.2,313,28,2.5,5.4,1.2,313,28,0,29.92,-0.2,0,0,0,41.7,47.4,51.1,0.26,0.23,0.13
SCHO,2019-11-08 22:15:00 EST,42.50631,-73.68584,344,24.9,25.4,24.9,66.4,15.3,0.000,0.000,0.00,0.000,1.8,4.5,1.1,311,20,2.3,6.3,1.2,320,21,2.3,6.3,1.2,320,21,0,29.92,-0.1,0,0,0,41.7,47.3,51.1,0.26,0.23,0.14
SCHO,2019-11-08 22:20:00 EST,42.50631,-73.68584,344,24.9,25.3,24.9,67.4,15.6,0.000,0.000,0.00,0.000,1.6,4.5,1.0,296,21,2.0,6.0,1.1,303,20,2.0,6.0,1.1,303,20,0,29.92,-0.2,0,0,0,41.7,47.3,51.1,0.26,0.23,0.13
SCHO,2019-11-08 22:25:00 EST,42.50631,-73.68584,344,24.6,25.1,24.6,67.5,15.4,0.000,0.000,0.00,0.000,1.5,3.2,0.7,306,19,2.0,4.6,0.7,311,17,2.0,4.6,0.7,311,17,0,29.92,-0.1,0,0,0,41.7,47.3,51.1,0.26,0.23,0.13
SCHO,2019-11-08 22:30:00 EST,42.50631,-73.68584,344,24.6,25.0,24.6,68.5,15.7,0.000,0.000,0.00,0.000,2.2,3.9,0.7,296,14,2.6,4.7,0.7,304,14,2.6,4.7,0.7,304,14,0,29.92,-0.1,0,0,0,41.6,47.3,51.1,0.26,0.23,0.13
SCHO,2019-11-08 22:35:00 EST,42.50631,-73.68584,344,24.6,24.9,24.6,68.6,15.7,0.000,0.000,0.00,0.000,1.3,3.0,0.7,303,11,1.8,3.7,0.7,308,12,1.8,3.7,0.7,308,12,0,29.93,-0.1,0,0,0,41.5,47.3,51.1,0.26,0.23,0.14
SCHO,2019-11-08 22:40:00 EST,42.50631,-73.68584,344,24.5,24.8,24.5,68.3,15.6,0.000,0.000,0.00,0.000,0.3,2.1,0.5,294,6,0.9,2.5,0.6,307,18,0.9,2.5,0.6,307,18,0,29.93,-0.2,0,0,0,41.5,47.3,51.1,0.26,0.23,0.13
SCHO,2019-11-08 22:45:00 EST,42.50631,-73.68584,344,23.6,24.5,23.6,69.1,15.0,0.000,0.000,0.00,0.000,0.0,0.0,0.0,0,0,0.3,1.4,0.4,67,23,0.3,1.4,0.4,67,23,0,29.93,-0.1,0,0,0,41.5,47.3,51.1,0.26,0.23,0.14
SCHO,2019-11-08 22:50:00 EST,42.50631,-73.68584,344,23.1,23.9,23.1,69.5,14.6,0.000,0.000,0.00,0.000,0.0,0.6,0.1,163,0,0.4,1.4,0.5,160,18,0.4,1.4,0.5,160,18,0,29.93,-0.1,0,0,0,41.5,47.3,51.1,0.26,0.23,0.14
SCHO,2019-11-08 22:55:00 EST,42.50631,-73.68584,344,23.4,24.1,23.4,69.7,15.0,0.000,0.000,0.00,0.000,0.2,0.9,0.3,154,33,1.0,1.7,0.5,173,59,1.0,1.7,0.5,173,59,0,29.93,0.0,0,0,0,41.4,47.3,51.1,0.26,0.23,0.14
SCHO,2019-11-08 23:00:00 EST,42.50631,-73.68584,344,23.7,24.3,23.7,69.2,15.1,0.000,0.000,0.00,0.000,0.2,1.0,0.3,267,10,0.5,1.5,0.6,272,20,0.5,1.5,0.6,272,20,0,29.93,-0.1,0,0,0,41.4,47.3,51.1,0.26,0.23,0.13
SCHO,2019-11-08 23:05:00 EST,42.50631,-73.68584,344,23.6,24.0,23.6,70.0,15.3,0.000,0.000,0.00,0.000,0.5,1.5,0.4,281,6,1.2,2.6,0.6,291,20,1.2,2.6,0.6,291,20,0,29.93,-0.1,0,0,0,41.4,47.3,51.1,0.26,0.23,0.14
SCHO,2019-11-08 23:10:00 EST,42.50631,-73.68584,344,23.4,24.2,23.4,70.3,15.1,0.000,0.000,0.00,0.000,2.0,2.8,0.3,291,7,2.3,3.0,0.3,299,9,2.3,3.0,0.3,299,9,0,29.93,-0.1,0,0,0,41.4,47.3,51.1,0.26,0.23,0.13
SCHO,2019-11-08 23:15:00 EST,42.50631,-73.68584,344,23.2,24.2,23.2,71.8,15.4,0.000,0.000,0.00,0.000,1.9,2.9,0.7,286,9,2.3,3.4,0.6,293,11,2.3,3.4,0.6,293,11,0,29.93,-0.2,0,0,0,41.3,47.3,51.1,0.26,0.23,0.13
SCHO,2019-11-08 23:20:00 EST,42.50631,-73.68584,344,22.5,23.6,22.5,72.3,15.0,0.000,0.000,0.00,0.000,0.4,1.8,0.6,286,11,0.8,2.5,0.7,304,34,0.8,2.5,0.7,304,34,0,29.93,-0.1,0,0,0,41.3,47.3,51.1,0.26,0.23,0.13
SCHO,2019-11-08 23:25:00 EST,42.50631,-73.68584,344,22.3,23.1,22.3,73.4,15.1,0.000,0.000,0.00,0.000,0.5,1.2,0.4,107,5,1.2,1.9,0.4,111,10,1.2,1.9,0.4,111,10,0,29.93,-0.1,0,0,0,41.2,47.3,51.1,0.26,0.23,0.13
SCHO,2019-11-08 23:30:00 EST,42.50631,-73.68584,344,22.3,23.1,22.3,73.2,15.0,0.000,0.000,0.00,0.000,1.1,1.7,0.4,105,14,1.6,2.2,0.4,111,16,1.6,2.2,0.4,111,16,0,29.93,-0.1,0,0,0,41.2,47.2,51.1,0.26,0.23,0.14
SCHO,2019-11-08 23:35:00 EST,42.50631,-73.68584,344,22.2,23.3,22.2,75.8,15.8,0.000,0.000,0.00,0.000,1.0,1.7,0.4,101,8,1.5,2.3,0.4,107,9,1.5,2.3,0.4,107,9,0,29.94,-0.1,0,0,0,41.2,47.1,51.1,0.26,0.23,0.14
SCHO,2019-11-08 23:40:00 EST,42.50631,-73.68584,344,22.0,23.4,22.0,77.7,16.1,0.000,0.000,0.00,0.000,1.3,1.8,0.3,90,5,1.9,2.4,0.3,97,8,1.9,2.4,0.3,97,8,0,29.94,-0.1,0,0,0,41.1,47.1,51.1,0.26,0.23,0.13
SCHO,2019-11-08 23:45:00 EST,42.50631,-73.68584,344,22.1,23.9,22.1,79.9,16.9,0.000,0.000,0.00,0.000,0.7,1.5,0.5,112,13,1.2,1.9,0.4,112,16,1.2,1.9,0.4,112,16,0,29.94,-0.1,0,0,0,41.0,47.1,51.1,0.26,0.23,0.14
SCHO,2019-11-08 23:50:00 EST,42.50631,-73.68584,344,21.7,22.9,21.7,76.8,15.6,0.000,0.000,0.00,0.000,1.8,2.2,0.2,86,17,2.3,2.9,0.3,91,19,2.3,2.9,0.3,91,19,0,29.94,-0.1,0,0,0,41.0,47.1,51.1,0.26,0.22,0.13
SCHO,2019-11-08 23:55:00 EST,42.50631,-73.68584,344,21.9,23.5,21.9,75.3,15.2,0.000,0.000,0.00,0.000,2.1,2.6,0.3,112,5,2.4,3.0,0.3,116,7,2.4,3.0,0.3,116,7,0,29.94,-0.1,0,0,0,41.0,47.1,51.1,0.26,0.23,0.13
SCHU,2019-11-08 00:00:00 EST,43.11700,-73.57829,103,30.5,30.8,24.8,70.6,22.1,0.000,0.485,0.00,0.000,4.8,10.2,1.3,358,25,5.6,11.8,1.7,359,20,5.6,11.8,1.7,359,20,0,29.98,-0.1,0,0,0,42.6,46.0,49.6,0.16,0.16,0.09
SCHU,2019-11-08 00:05:00 EST,43.11700,-73.57829,103,30.4,30.7,24.6,68.7,21.4,0.000,0.000,0.00,0.000,4.9,10.7,2.0,360,23,5.7,12.3,2.3,4,23,5.7,12.3,2.3,4,23,0,29.98,-0.1,0,0,0,42.6,46.0,49.6,0.16,0.16,0.09
SCHU,2019-11-08 00:10:00 EST,43.11700,-73.57829,103,30.2,30.5,25.0,69.8,21.5,0.000,0.000,0.00,0.000,4.4,8.8,1.8,6,18,4.9,9.6,1.8,8,14,4.9,9.6,1.8,8,14,0,29.97,-0.1,0,0,0,42.6,46.0,49.6,0.16,0.16,0.09
SCHU,2019-11-08 00:15:00 EST,43.11700,-73.57829,103,30.0,30.3,24.2,70.5,21.5,0.000,0.000,0.00,0.000,4.7,9.4,1.9,7,18,5.6,11.0,2.2,8,16,5.6,11.0,2.2,8,16,0,29.97,-0.1,0,0,0,42.6,46.0,49.6,0.16,0.16,0.09
SCHU,2019-11-08 00:20:00 EST,43.11700,-73.57829,103,29.8,30.1,24.0,71.0,21.5,0.000,0.000,0.00,0.000,4.7,8.2,1.6,5,15,5.5,10.8,2.1,6,13,5.5,10.8,2.1,6,13,0,29.97,-0.1,0,0,0,42.6,46.0,49.6,0.16,0.16,0.09
SCHU,2019-11-08 00:25:00 EST,43.11700,-73.57829,103,29.5,29.9,25.7,72.7,21.8,0.000,0.000,0.00,0.000,3.2,6.6,1.4,357,24,3.6,7.5,1.6,0,22,3.6,7.5,1.6,0,22,0,29.97,-0.1,0,0,0,42.6,46.0,49.6,0.16,0.16,0.08
SCHU,2019-11-08 00:30:00 EST,43.11700,-73.57829,103,29.3,29.8,25.8,72.3,21.5,0.000,0.000,0.00,0.000,2.9,5.3,1.3,337,21,3.4,6.6,1.4,343,20,3.4,6.6,1.4,343,20,0,29.97,-0.1,0,0,0,42.5,45.9,49.6,0.16,0.16,0.09
SCHU,2019-11-08 00:35:00 EST,43.11700,-73.57829,103,29.2,29.6,26.0,72.4,21.4,0.000,0.000,0.00,0.000,2.7,5.3,1.2,343,29,3.1,6.2,1.5,345,28,3.1,6.2,1.5,345,28,0,29.97,-0.0,0,0,0,42.6,46.0,49.6,0.16,0.16,0.09
SCHU,2019-11-08 00:40:00 EST,43.11700,-73.57829,103,29.2,29.6,25.2,71.2,21.1,0.000,0.000,0.00,0.000,3.3,6.2,1.1,346,19,3.8,8.1,1.3,352,18,3.8,8.1,1.3,352,18,0,29.97,-0.1,0,0,0,42.4,46.0,49.6,0.16,0.16,0.09
SCHU,2019-11-08 00:45:00 EST,43.11700,-73.57829,103,28.7,29.4,28.7,72.4,21.0,0.000,0.000,0.00,0.000,1.9,4.0,1.2,355,27,2.1,5.2,1.3,358,24,2.1,5.2,1.3,358,24,0,29.97,-0.2,0,0,0,42.6,45.9,49.6,0.16,0.16,0.08
SCHU,2019-11-08 00:50:00 EST,43.11700,-73.57829,103,27.8,29.1,27.8,76.8,21.5,0.000,0.000,0.00,0.000,0.3,0.9,0.3,232,12,0.6,1.8,0.5,227,29,0.6,1.8,0.5,227,29,0,29.97,-0.1,0,0,0,42.5,45.9,49.6,0.16,0.16,0.08
SCHU,2019-11-08 00:55:00 EST,43.11700,-73.57829,103,26.9,29.0,26.9,80.7,21.8,0.000,0.000,0.00,0.000,0.4,2.6,0.7,258,3,0.6,3.2,0.9,253,16,0.6,3.2,0.9,253,16,0,29.97,-0.2,0,0,0,42.4,45.9,49.6,0.16,0.16,0.09
SCHU,2019-11-08 01:00:00 EST,43.11700,-73.57829,103,26.7,28.6,26.7,81.3,21.8,0.000,0.000,0.00,0.000,0.6,1.4,0.4,250,14,0.8,1.7,0.5,247,17,0.8,1.7,0.5,247,17,0,29.97,-0.1,0,0,0,42.4,46.0,49.6,0.16,0.16,0.08
SCHU,2019-11-08 01:05:00 EST,43.11700,-73.57829,103,26.9,28.3,26.9,82.3,22.3,0.000,0.000,0.00,0.000,1.2,3.7,1.0,275,17,1.5,4.6,1.2,275,22,1.5,4.6,1.2,275,22,0,29.97,-0.0,0,0,0,42.4,46.0,49.6,0.17,0.16,0.09
SCHU,2019-11-08 01:10:00 EST,43.11700,-73.57829,103,27.4,28.2,27.4,80.6,22.2,0.000,0.000,0.00,0.000,1.8,4.1,0.8,296,24,1.9,4.3,0.8,298,26,1.9,4.3,0.8,298,26,0,29.97,0.0,0,0,0,42.3,46.0,49.6,0.16,0.16,0.09
SCHU,2019-11-08 01:15:00 EST,43.11700,-73.57829,103,27.8,28.2,27.8,77.7,21.7,0.000,0.000,0.00,0.000,1.8,4.4,0.9,288,24,2.1,4.9,1.1,289,22,2.1,4.9,1.1,289,22,0,29.97,-0.0,0,0,0,42.3,46.0,49.5,0.16,0.16,0.08
SCHU,2019-11-08 01:20:00 EST,43.11700,-73.57829,103,27.6,28.1,27.6,76.2,21.1,0.000,0.000,0.00,0.000,1.4,3.0,0.8,287,35,1.8,4.1,0.9,290,35,1.8,4.1,0.9,290,35,0,29.97,-0.2,0,0,0,42.4,45.9,49.6,0.16,0.16,0.09
SCHU,2019-11-08 01:25:00 EST,43.11700,-73.57829,103,27.2,27.9,27.2,76.6,20.9,0.000,0.000,0.00,0.000,1.5,3.4,0.7,288,23,1.8,3.6,0.8,288,21,1.8,3.6,0.8,288,21,0,29.97,-0.1,0,0,0,42.4,45.9,49.6,0.16,0.16,0.09
SCHU,2019-11-08 01:30:00 EST,43.11700,-73.57829,103,27.1,28.1,27.1,77.5,21.0,0.000,0.000,0.00,0.000,2.5,6.2,1.2,289,25,3.0,8.1,1.5,292,26,3.0,8.1,1.5,292,26,0,29.97,-0.0,0,0,0,42.3,45.9,49.5,0.16,0.16,0.09
SCHU,2019-11-08 01:35:00 EST,43.11700,-73.57829,103,27.1,27.9,23.7,77.9,21.1,0.000,0.000,0.00,0.000,2.6,6.0,1.0,281,23,3.1,7.0,1.3,285,22,3.1,7.0,1.3,285,22,0,29.97,-0.1,0,0,0,42.4,45.9,49.5,0.16,0.16,0.09
SCHU,2019-11-08 01:40:00 EST,43.11700,-73.57829,103,27.0,27.5,27.0,77.3,20.9,0.000,0.000,0.00,0.000,1.8,3.4,0.6,281,29,2.2,4.7,0.7,282,29,2.2,4.7,0.7,282,29,0,29.97,-0.0,0,0,0,42.4,45.9,49.5,0.16,0.16,0.09
SCHU,2019-11-08 01:45:00 EST,43.11700,-73.57829,103,27.0,27.4,27.0,77.2,20.8,0.000,0.000,0.00,0.000,2.4,4.6,1.2,279,19,2.8,5.3,1.4,281,19,2.8,5.3,1.4,281,19,0,29.97,-0.2,0,0,0,42.3,45.9,49.5,0.16,0.16,0.09
SCHU,2019-11-08 01:50:00 EST,43.11700,-73.57829,103,26.8,27.4,26.8,77.5,20.7,0.000,0.000,0.00,0.000,1.6,3.3,0.5,291,25,2.0,4.2,0.8,293,26,2.0,4.2,0.8,293,26,0,29.97,-0.1,0,0,0,42.2,45.9,49.5,0.16,0.16,0.09
SCHU,2019-11-08 01:55:00 EST,43.11700,-73.57829,103,26.8,27.4,26.8,78.0,20.9,0.000,0.000,0.00,0.000,0.6,2.1,0.6,339,29,0.9,2.9,0.8,332,37,0.9,2.9,0.8,332,37,0,29.97,-0.1,0,0,0,42.2,45.9,49.5,0.16,0.16,0.08
SCHU,2019-11-08 02:00:00 EST,43.11700,-73.57829,103,26.8,27.6,23.3,78.2,20.9,0.000,0.000,0.00,0.000,2.7,6.7,1.6,336,24,3.1,8.4,1.7,341,25,3.1,8.4,1.7,341,25,0,29.96,-0.0,0,0,0,42.1,45.9,49.5,0.16,0.16,0.09
SCHU,2019-11-08 02:05:00 EST,43.11700,-73.57829,103,27.1,27.6,27.1,78.7,21.4,0.000,0.000,0.00,0.000,1.1,3.6,1.1,339,20,1.6,4.8,1.2,350,30,1.6,4.8,1.2,350,30,0,29.96,-0.0,0,0,0,42.2,45.9,49.5,0.16,0.16,0.09
SCHU,2019-11-08 02:10:00 EST,43.11700,-73.57829,103,26.4,27.3,26.4,78.8,20.8,0.000,0.000,0.00,0.000,0.0,0.4,0.1,171,1,0.4,1.3,0.4,174,14,0.4,1.3,0.4,174,14,0,29.96,-0.3,0,0,0,42.2,45.9,49.5,0.16,0.16,0.09
SCHU,2019-11-08 02:15:00 EST,43.11700,-73.57829,103,25.6,26.7,25.6,80.9,20.5,0.000,0.000,0.00,0.000,0.1,0.7,0.2,138,7,0.7,1.4,0.4,144,14,0.7,1.4,0.4,144,14,0,29.96,-0.1,0,0,0,42.1,45.9,49.5,0.16,0.16,0.09
SCHU,2019-11-08 02:20:00 EST,43.11700,-73.57829,103,25.6,26.6,25.6,83.5,21.3,0.000,0.000,0.00,0.000,0.3,1.2,0.4,125,15,0.9,1.7,0.4,130,25,0.9,1.7,0.4,130,25,0,29.96,-0.1,0,0,0,42.1,45.8,49.5,0.16,0.16,0.09
SCHU,2019-11-08 02:25:00 EST,43.11700,-73.57829,103,25.7,26.6,25.7,86.7,22.3,0.000,0.000,0.00,0.000,1.1,1.6,0.2,78,10,1.5,2.2,0.3,81,14,1.5,2.2,0.3,81,14,0,29.96,-0.1,0,0,0,42.0,45.8,49.5,0.16,0.16,0.09
SCHU,2019-11-08 02:30:00 EST,43.11700,-73.57829,103,24.4,26.5,24.4,85.0,20.5,0.000,0.000,0.00,0.000,1.0,1.9,0.4,89,15,1.4,2.4,0.4,92,15,1.4,2.4,0.4,92,15,0,29.96,-0.1,0,0,0,42.0,45.7,49.5,0.16,0.16,0.09
SCHU,2019-11-08 02:35:00 EST,43.11700,-73.57829,103,24.5,26.4,24.5,88.9,21.8,0.000,0.000,0.00,0.000,1.6,2.7,0.7,71,8,2.0,3.3,0.7,70,10,2.0,3.3,0.7,70,10,0,29.96,-0.1,0,0,0,41.9,45.8,49.5,0.16,0.17,0.09
SCHU,2019-11-08 02:40:00 EST,43.11700,-73.57829,103,24.8,26.4,24.8,88.9,22.0,0.000,0.000,0.00,0.000,0.0,0.4,0.1,67,0,0.1,1.0,0.2,65,8,0.1,1.0,0.2,65,8,0,29.95,-0.1,0,0,0,41.9,45.8,49.5,0.16,0.17,0.09
SCHU,2019-11-08 02:45:00 EST,43.11700,-73.57829,103,24.5,26.1,24.5,88.1,21.5,0.000,0.000,0.00,0.000,0.0,0.4,0.1,167,1,0.5,1.1,0.4,168,13,0.5,1.1,0.4,168,13,0,29.95,-0.1,0,0,0,41.8,45.8,49.5,0.16,0.17,0.09
SCHU,2019-11-08 02:50:00 EST,43.11700,-73.57829,103,24.6,25.8,24.6,89.5,21.9,0.000,0.000,0.00,0.000,0.4,2.5,0.7,257,2,0.7,3.2,0.8,234,34,0.7,3.2,0.8,234,34,0,29.95,-0.2,0,0,0,41.9,45.7,49.5,0.16,0.16,0.09
SCHU,2019-11-08 02:55:00 EST,43.11700,-73.57829,103,24.7,25.7,20.3,90.5,22.3,0.000,0.000,0.00,0.000,3.1,4.1,0.7,253,4,3.6,4.8,0.8,258,4,3.6,4.8,0.8,258,4,0,29.96,-0.1,0,0,0,41.7,45.7,49.5,0.16,0.16,0.09
SCHU,2019-11-08 03:00:00 EST,43.11700,-73.57829,103,24.7,25.4,24.7,89.8,22.1,0.000,0.000,0.00,0.000,2.9,3.7,0.3,245,5,3.0,4.0,0.5,249,5,3.0,4.0,0.5,249,5,0,29.96,-0.1,0,0,0,41.8,45.7,49.5,0.16,0.16,0.08
SCHU,2019-11-08 03:05:00 EST,43.11700,-73.57829,103,24.7,25.4,24.7,89.5,22.1,0.000,0.000,0.00,0.000,1.7,3.1,0.6,246,12,1.8,3.9,0.7,245,13,1.8,3.9,0.7,245,13,0,29.96,-0.0,0,0,0,41.7,45.7,49.5,0.16,0.17,0.09
SCHU,2019-11-08 03:10:00 EST,43.11700,-73.57829,103,24.6,25.0,24.6,89.6,22.0,0.000,0.000,0.00,0.000,0.0,0.8,0.2,227,1,0.3,1.1,0.4,158,19,0.3,1.1,0.4,158,19,0,29.96,-0.1,0,0,0,41.7,45.7,49.5,0.16,0.16,0.09
SCHU,2019-11-08 03:15:00 EST,43.11700,-73.57829,103,24.5,25.3,24.5,89.4,21.9,0.000,0.000,0.00,0.000,0.3,1.5,0.5,2,2,0.8,2.2,0.6,29,37,0.8,2.2,0.6,29,37,0,29.96,-0.1,0,0,0,41.7,45.7,49.5,0.16,0.16,0.09
SCHU,2019-11-08 03:20:00 EST,43.11700,-73.57829,103,24.8,25.6,24.8,87.9,21.7,0.000,0.000,0.00,0.000,0.2,1.1,0.3,286,18,0.4,1.3,0.4,276,22,0.4,1.3,0.4,276,22,0,29.96,-0.2,0,0,0,41.7,45.7,49.5,0.16,0.17,0.09
SCHU,2019-11-08 03:25:00 EST,43.11700,-73.57829,103,24.3,25.6,24.3,89.0,21.5,0.000,0.000,0.00,0.000,0.7,1.8,0.6,273,19,0.9,2.2,0.6,267,24,0.9,2.2,0.6,267,24,0,29.96,-0.1,0,0,0,41.7,45.7,49.5,0.16,0.17,0.09
SCHU,2019-11-08 03:30:00 EST,43.11700,-73.57829,103,24.4,25.4,24.4,89.2,21.7,0.000,0.000,0.00,0.000,0.2,0.6,0.2,167,3,0.5,1.2,0.5,174,11,0.5,1.2,0.5,174,11,0,29.96,-0.2,0,0,0,41.6,45.7,49.5,0.16,0.17,0.08
SCHU,2019-11-08 03:35:00 EST,43.11700,-73.57829,103,23.5,25.5,23.5,87.4,20.3,0.000,0.000,0.00,0.000,0.1,1.0,0.3,205,15,0.6,1.5,0.5,198,20,0.6,1.5,0.5,198,20,0,29.96,-0.1,0,0,0,41.5,45.7,49.5,0.16,0.17,0.09
SCHU,2019-11-08 03:40:00 EST,43.11700,-73.57829,103,23.4,25.3,23.4,90.2,20.9,0.000,0.000,0.00,0.000,0.5,1.1,0.4,209,11,0.8,1.7,0.5,202,13,0.8,1.7,0.5,202,13,0,29.96,-0.1,0,0,0,41.5,45.6,49.5,0.16,0.17,0.09
SCHU,2019-11-08 03:45:00 EST,43.11700,-73.57829,103,23.8,25.4,23.8,89.6,21.2,0.000,0.000,0.00,0.000,0.3,1.0,0.3,216,15,0.7,1.7,0.5,203,21,0.7,1.7,0.5,203,21,0,29.96,-0.1,0,0,0,41.5,45.6,49.5,0.16,0.16,0.08
SCHU,2019-11-08 03:50:00 EST,43.11700,-73.57829,103,23.7,25.4,23.7,90.3,21.3,0.000,0.000,0.00,0.000,0.6,1.4,0.4,240,16,0.8,2.0,0.5,233,22,0.8,2.0,0.5,233,22,0,29.96,-0.1,0,0,0,41.4,45.6,49.5,0.16,0.17,0.09
SCHU,2019-11-08 03:55:00 EST,43.11700,-73.57829,103,23.4,25.6,23.4,90.6,21.1,0.000,0.000,0.00,0.000,0.2,1.2,0.3,248,16,0.4,1.7,0.5,249,20,0.4,1.7,0.5,249,20,0,29.96,-0.1,0,0,0,41.5,45.5,49.5,0.16,0.17,0.09
SCHU,2019-11-08 04:00:00 EST,43.11700,-73.57829,103,24.0,25.3,24.0,88.5,21.1,0.000,0.000,0.00,0.000,0.3,1.1,0.4,238,17,0.5,1.4,0.5,231,20,0.5,1.4,0.5,231,20,0,29.96,-0.1,0,0,0,41.4,45.5,49.5,0.16,0.17,0.09
SCHU,2019-11-08 04:05:00 EST,43.11700,-73.57829,103,23.9,25.3,23.9,87.8,20.8,0.000,0.000,0.00,0.000,0.1,1.2,0.3,277,15,0.4,1.7,0.5,263,25,0.4,1.7,0.5,263,25,0,29.96,-0.0,0,0,0,41.4,45.4,49.5,0.16,0.17,0.09
SCHU,2019-11-08 04:10:00 EST,43.11700,-73.57829,103,24.1,25.5,24.1,88.3,21.1,0.000,0.000,0.00,0.000,1.0,2.3,0.6,324,25,1.2,3.0,0.7,328,22,1.2,3.0,0.7,328,22,0,29.96,-0.1,0,0,0,41.4,45.6,49.5,0.16,0.17,0.09
SCHU,2019-11-08 04:15:00 EST,43.11700,-73.57829,103,23.7,25.7,23.7,87.6,20.5,0.000,0.000,0.00,0.000,0.7,2.7,0.9,342,7,1.0,3.4,1.2,341,15,1.0,3.4,1.2,341,15,0,29.96,-0.2,0,0,0,41.3,45.5,49.5,0.16,0.17,0.09
SCHU,2019-11-08 04:20:00 EST,43.11700,-73.57829,103,23.4,25.2,23.4,87.6,20.3,0.000,0.000,0.00,0.000,0.3,1.8,0.5,144,23,0.8,2.0,0.6,129,45,0.8,2.0,0.6,129,45,0,29.96,-0.1,0,0,0,41.3,45.5,49.5,0.16,0.17,0.09
SCHU,2019-11-08 04:25:00 EST,43.11700,-73.57829,103,23.5,25.0,23.5,87.8,20.4,0.000,0.000,0.00,0.000,0.3,1.2,0.3,153,24,0.8,1.5,0.4,163,29,0.8,1.5,0.4,163,29,0,29.96,-0.2,0,0,0,41.2,45.4,49.5,0.16,0.17,0.08
SCHU,2019-11-08 04:30:00 EST,43.11700,-73.57829,103,22.6,24.8,22.6,88.9,19.8,0.000,0.000,0.00,0.000,0.6,1.2,0.4,160,17,1.0,1.8,0.6,158,21,1.0,1.8,0.6,158,21,0,29.96,-0.1,0,0,0,41.1,45.5,49.5,0.16,0.17,0.09
SCHU,2019-11-08 04:35:00 EST,43.11700,-73.57829,103,23.7,24.8,23.7,90.5,21.3,0.000,0.000,0.00,0.000,1.1,1.8,0.3,166,12,1.5,2.0,0.3,170,13,1.5,2.0,0.3,170,13,0,29.96,-0.3,0,0,0,41.1,45.5,49.5,0.16,0.17,0.09
SCHU,2019-11-08 04:40:00 EST,43.11700,-73.57829,103,24.0,25.0,24.0,88.7,21.2,0.000,0.000,0.00,0.000,1.0,2.7,0.6,281,53,1.4,3.5,0.8,289,56,1.4,3.5,0.8,289,56,0,29.96,-0.0,0,0,0,41.1,45.6,49.5,0.16,0.17,0.09
SCHU,2019-11-08 04:45:00 EST,43.11700,-73.57829,103,24.1,25.3,24.1,86.3,20.6,0.000,0.000,0.00,0.000,0.3,2.3,0.6,346,23,0.5,2.7,0.7,352,31,0.5,2.7,0.7,352,31,0,29.96,-0.1,0,0,0,41.1,45.5,49.5,0.16,0.17,0.09
SCHU,2019-11-08 04:50:00 EST,43.11700,-73.57829,103,23.7,25.6,23.7,87.4,20.5,0.000,0.000,0.00,0.000,1.2,2.0,0.4,50,19,1.7,2.8,0.5,51,20,1.7,2.8,0.5,51,20,0,29.96,-0.1,0,0,0,41.0,45.5,49.4,0.16,0.17,0.09
SCHU,2019-11-08 04:55:00 EST,43.11700,-73.57829,103,23.3,25.5,23.3,86.2,19.8,0.000,0.000,0.00,0.000,0.6,1.8,0.5,189,25,1.0,2.5,0.7,184,31,1.0,2.5,0.7,184,31,0,29.97,-0.2,0,0,0,41.0,45.4,49.4,0.16,0.17,0.09
SCHU,2019-11-08 05:00:00 EST,43.11700,-73.57829,103,23.5,25.5,23.5,87.5,20.3,0.000,0.000,0.00,0.000,1.2,3.0,0.6,222,23,1.5,4.5,0.7,225,23,1.5,4.5,0.7,225,23,0,29.97,-0.1,0,0,0,41.0,45.4,49.4,0.16,0.17,0.09
SCHU,2019-11-08 05:05:00 EST,43.11700,-73.57829,103,24.0,25.3,24.0,83.7,19.8,0.000,0.000,0.00,0.000,2.0,3.9,1.0,282,28,2.5,4.2,0.8,281,31,2.5,4.2,0.8,281,31,0,29.97,0.0,0,0,0,41.0,45.4,49.4,0.16,0.16,0.09
SCHU,2019-11-08 05:10:00 EST,43.11700,-73.57829,103,24.0,25.1,24.0,81.5,19.1,0.000,0.000,0.00,0.000,1.6,2.6,0.6,241,27,1.9,3.6,0.7,243,28,1.9,3.6,0.7,243,28,0,29.97,-0.1,0,0,0,41.0,45.4,49.4,0.16,0.17,0.09
SCHU,2019-11-08 05:15:00 EST,43.11700,-73.57829,103,24.6,25.1,24.6,79.3,19.1,0.000,0.000,0.00,0.000,1.8,3.4,0.6,240,22,2.1,4.0,0.7,243,23,2.1,4.0,0.7,243,23,0,29.97,-0.0,0,0,0,40.9,45.4,49.4,0.16,0.17,0.09
SCHU,2019-11-08 05:20:00 EST,43.11700,-73.57829,103,24.0,25.0,24.0,79.3,18.5,0.000,0.000,0.00,0.000,1.0,2.0,0.5,251,32,1.3,3.0,0.6,244,34,1.3,3.0,0.6,244,34,0,29.97,-0.1,0,0,0,40.8,45.5,49.4,0.16,0.17,0.09
SCHU,2019-11-08 05:25:00 EST,43.11700,-73.57829,103,23.3,24.8,23.3,84.4,19.3,0.000,0.000,0.00,0.000,0.8,1.7,0.4,225,18,1.1,1.8,0.4,220,21,1.1,1.8,0.4,220,21,0,29.97,-0.2,0,0,0,40.7,45.4,49.4,0.16,0.17,0.09
SCHU,2019-11-08 05:30:00 EST,43.11700,-73.57829,103,23.5,24.6,23.5,84.3,19.5,0.000,0.000,0.00,0.000,1.2,2.0,0.3,224,20,1.5,2.0,0.3,221,21,1.5,2.0,0.3,221,21,0,29.97,-0.1,0,0,0,40.7,45.4,49.4,0.16,0.17,0.09
SCHU,2019-11-08 05:35:00 EST,43.11700,-73.57829,103,23.5,24.2,23.5,85.4,19.8,0.000,0.000,0.00,0.000,2.0,3.5,0.7,242,14,2.3,4.8,0.9,244,16,2.3,4.8,0.9,244,16,0,29.97,-0.1,0,0,0,40.7,45.4,49.4,0.16,0.17,0.09
SCHU,2019-11-08 05:40:00 EST,43.11700,-73.57829,103,23.4,23.9,23.4,84.6,19.4,0.000,0.000,0.00,0.000,1.6,2.7,0.6,248,18,1.9,3.3,0.6,250,17,1.9,3.3,0.6,250,17,0,29.97,-0.1,0,0,0,40.7,45.4,49.4,0.16,0.17,0.09
SCHU,2019-11-08 05:45:00 EST,43.11700,-73.57829,103,23.4,23.9,23.4,85.1,19.6,0.000,0.000,0.00,0.000,1.1,2.6,0.7,304,20,1.3,3.2,0.8,310,22,1.3,3.2,0.8,310,22,0,29.97,-0.1,0,0,0,40.6,45.4,49.4,0.16,0.17,0.09
SCHU,2019-11-08 05:50:00 EST,43.11700,-73.57829,103,23.5,24.3,23.5,84.3,19.5,0.000,0.000,0.00,0.000,0.5,1.8,0.4,326,24,0.9,1.8,0.5,339,31,0.9,1.8,0.5,339,31,0,29.97,-0.1,0,0,0,40.6,45.4,49.4,0.16,0.17,0.09
SCHU,2019-11-08 05:55:00 EST,43.11700,-73.57829,103,23.2,24.3,23.2,84.2,19.1,0.000,0.000,0.00,0.000,0.8,1.6,0.5,316,17,1.0,2.0,0.6,321,17,1.0,2.0,0.6,321,17,0,29.97,-0.1,0,0,0,40.6,45.3,49.4,0.16,0.17,0.09
SCHU,2019-11-08 06:00:00 EST,43.11700,-73.57829,103,22.6,24.1,22.6,85.3,18.9,0.000,0.000,0.00,0.000,0.0,0.6,0.1,268,0,0.3,1.0,0.4,271,38,0.3,1.0,0.4,271,38,0,29.98,-0.1,0,0,0,40.5,45.3,49.4,0.16,0.17,0.09
SCHU,2019-11-08 06:05:00 EST,43.11700,-73.57829,103,22.8,23.9,22.8,86.7,19.4,0.000,0.000,0.00,0.000,0.1,1.0,0.2,305,9,0.3,2.2,0.5,283,27,0.3,2.2,0.5,283,27,0,29.98,-0.1,0,0,0,40.5,45.3,49.4,0.16,0.17,0.09
SCHU,2019-11-08 06:10:00 EST,43.11700,-73.57829,103,22.7,23.9,22.7,87.8,19.7,0.000,0.000,0.00,0.000,1.3,4.5,1.3,283,19,1.5,5.9,1.4,286,22,1.5,5.9,1.4,286,22,0,29.98,-0.2,0,0,0,40.4,45.2,49.3,0.16,0.17,0.09
SCHU,2019-11-08 06:15:00 EST,43.11700,-73.57829,103,22.7,23.8,22.7,87.1,19.5,0.000,0.000,0.00,0.000,1.8,3.9,0.7,275,18,2.2,5.4,0.8,278,19,2.2,5.4,0.8,278,19,0,29.98,-0.0,0,0,0,40.3,45.3,49.4,0.16,0.17,0.09
SCHU,2019-11-08 06:20:00 EST,43.11700,-73.57829,103,23.4,23.9,23.4,86.1,19.8,0.000,0.000,0.00,0.000,1.4,3.1,0.6,313,27,1.8,3.9,0.8,320,28,1.8,3.9,0.8,320,28,0,29.98,-0.1,0,0,0,40.4,45.2,49.3,0.16,0.17,0.09
SCHU,2019-11-08 06:25:00 EST,43.11700,-73.57829,103,23.6,24.1,23.6,83.1,19.2,0.000,0.000,0.00,0.000,1.5,3.5,1.0,303,17,1.7,4.3,1.0,309,17,1.7,4.3,1.0,309,17,0,29.99,-0.2,0,0,0,40.3,45.2,49.4,0.16,0.17,0.09
SCHU,2019-11-08 06:30:00 EST,43.11700,-73.57829,103,23.1,24.0,23.1,83.8,19.0,0.000,0.000,0.00,0.000,1.4,2.2,0.4,264,17,1.7,2.8,0.4,266,18,1.7,2.8,0.4,266,18,1,29.99,-0.1,0,0,0,40.3,45.2,49.3,0.16,0.17,0.09
SCHU,2019-11-08 06:35:00 EST,43.11700,-73.57829,103,22.8,23.5,22.8,86.0,19.3,0.000,0.000,0.00,0.000,1.9,3.7,0.8,249,16,2.2,4.8,1.0,250,18,2.2,4.8,1.0,250,18,4,29.99,-0.1,0,0,0,40.3,45.2,49.3,0.16,0.17,0.09
SCHU,2019-11-08 06:40:00 EST,43.11700,-73.57829,103,22.6,22.9,22.6,86.8,19.2,0.000,0.000,0.00,0.000,1.0,2.3,0.7,244,13,1.1,2.7,0.7,247,19,1.1,2.7,0.7,247,19,7,29.99,-0.1,0,0,0,40.2,45.2,49.4,0.16,0.17,0.09
SCHU,2019-11-08 06:45:00 EST,43.11700,-73.57829,103,22.7,23.3,22.7,87.4,19.5,0.000,0.000,0.00,0.000,1.4,2.6,0.8,47,34,1.8,3.3,0.9,42,32,1.8,3.3,0.9,42,32,9,29.99,-0.0,0,0,0,40.2,45.2,49.4,0.16,0.17,0.09
SCHU,2019-11-08 06:50:00 EST,43.11700,-73.57829,103,22.7,23.5,22.7,90.6,20.3,0.000,0.000,0.00,0.000,1.9,2.6,0.3,68,8,2.3,3.2,0.3,67,10,2.3,3.2,0.3,67,10,12,30.00,-0.0,0,0,0,40.2,45.2,49.3,0.16,0.17,0.09
SCHU,2019-11-08 06:55:00 EST,43.11700,-73.57829,103,22.5,23.2,22.5,89.6,20.0,0.000,0.000,0.00,0.000,1.8,3.9,0.7,71,8,2.3,4.6,0.8,70,10,2.3,4.6,0.8,70,10,14,30.00,-0.0,0,0,0,40.1,45.1,49.4,0.16,0.17,0.09
SCHU,2019-11-08 07:00:00 EST,43.11700,-73.57829,103,22.4,23.2,22.4,87.8,19.3,0.000,0.000,0.00,0.000,0.3,1.8,0.5,100,17,0.6,2.4,0.7,110,23,0.6,2.4,0.7,110,23,17,30.00,-0.1,0,0,0,40.1,45.2,49.3,0.16,0.17,0.09
SCHU,2019-11-08 07:05:00 EST,43.11700,-73.57829,103,22.1,23.3,22.1,89.0,19.3,0.000,0.000,0.00,0.000,0.3,0.9,0.3,192,9,0.9,1.6,0.4,190,15,0.9,1.6,0.4,190,15,19,30.00,-0.0,0,0,0,40.1,45.1,49.3,0.16,0.17,0.09
SCHU,2019-11-08 07:10:00 EST,43.11700,-73.57829,103,22.3,23.5,22.3,90.1,19.8,0.000,0.000,0.00,0.000,0.2,0.7,0.2,212,12,0.5,1.3,0.4,205,13,0.5,1.3,0.4,205,13,24,30.01,-0.0,0,0,0,40.0,45.1,49.4,0.16,0.17,0.09
SCHU,2019-11-08 07:15:00 EST,43.11700,-73.57829,103,22.9,23.6,22.9,90.4,20.5,0.000,0.000,0.00,0.000,0.2,0.9,0.3,206,8,0.7,1.3,0.5,200,12,0.7,1.3,0.5,200,12,29,30.01,-0.0,0,0,0,40.0,45.1,49.4,0.16,0.17,0.09
SCHU,2019-11-08 07:20:00 EST,43.11700,-73.57829,103,23.4,23.8,23.4,89.5,20.8,0.000,0.000,0.00,0.000,1.4,1.7,0.2,242,6,1.5,1.9,0.2,240,8,1.5,1.9,0.2,240,8,36,30.01,-0.0,0,0,0,40.0,45.1,49.4,0.16,0.17,0.09
SCHU,2019-11-08 07:25:00 EST,43.11700,-73.57829,103,23.7,23.9,23.7,88.3,20.7,0.000,0.000,0.00,0.000,1.0,1.9,0.5,245,10,1.3,1.9,0.4,249,15,1.3,1.9,0.4,249,15,45,30.02,-0.1,0,0,0,40.0,45.1,49.4,0.16,0.17,0.09
SCHU,2019-11-08 07:30:00 EST,43.11700,-73.57829,103,23.7,24.2,23.7,87.7,20.6,0.000,0.000,0.00,0.000,0.8,1.8,0.6,30,32,1.1,2.3,0.7,35,41,1.1,2.3,0.7,35,41,52,30.02,-0.0,0,0,0,39.9,45.0,49.3,0.16,0.17,0.09
SCHU,2019-11-08 07:35:00 EST,43.11700,-73.57829,103,24.1,24.5,24.1,86.9,20.8,0.000,0.000,0.00,0.000,1.2,2.2,0.7,240,27,1.6,2.7,0.6,239,28,1.6,2.7,0.6,239,28,78,30.02,0.0,0,0,0,39.9,45.0,49.3,0.16,0.17,0.09
SCHU,2019-11-08 07:40:00 EST,43.11700,-73.57829,103,24.5,24.7,24.5,85.7,20.9,0.000,0.000,0.00,0.000,1.8,4.0,0.6,278,19,2.1,5.0,0.7,281,18,2.1,5.0,0.7,281,18,69,30.02,-0.1,0,0,0,39.8,45.0,49.3,0.16,0.17,0.09
SCHU,2019-11-08 07:45:00 EST,43.11700,-73.57829,103,24.5,24.8,20.8,81.6,19.7,0.000,0.000,0.00,0.000,2.5,6.1,1.0,286,26,3.0,6.3,1.1,290,25,3.0,6.3,1.1,290,25,91,30.02,-0.0,0,0,0,39.8,45.0,49.3,0.16,0.17,0.08
SCHU,2019-11-08 07:50:00 EST,43.11700,-73.57829,103,25.2,25.3,20.6,76.6,18.9,0.000,0.000,0.00,0.000,3.0,7.0,1.5,289,26,3.7,9.8,1.7,292,30,3.7,9.8,1.7,292,30,152,30.03,0.0,0,0,0,39.7,45.0,49.3,0.16,0.17,0.09
SCHU,2019-11-08 07:55:00 EST,43.11700,-73.57829,103,25.8,25.8,21.1,71.4,17.8,0.000,0.000,0.00,0.000,3.3,9.6,1.6,295,30,3.9,9.6,1.6,301,29,3.9,9.6,1.6,301,29,169,30.03,0.0,0,0,0,39.7,45.0,49.3,0.16,0.17,0.08
SCHU,2019-11-08 08:00:00 EST,43.11700,-73.57829,103,25.9,26.0,20.5,69.3,17.3,0.000,0.000,0.00,0.000,3.9,7.7,1.6,297,28,4.5,8.8,1.8,300,27,4.5,8.8,1.8,300,27,131,30.03,-0.0,0,0,0,39.7,44.9,49.3,0.16,0.17,0.09
SCHU,2019-11-08 08:05:00 EST,43.11700,-73.57829,103,26.2,26.2,21.3,66.3,16.5,0.000,0.000,0.00,0.000,3.6,8.9,1.9,301,25,4.1,11.6,2.1,306,25,4.1,11.6,2.1,306,25,189,30.03,-0.0,0,0,0,39.7,44.9,49.3,0.16,0.17,0.09
SCHU,2019-11-08 08:10:00 EST,43.11700,-73.57829,103,26.5,26.5,22.5,66.0,16.7,0.000,0.000,0.00,0.000,2.7,6.1,1.6,285,27,3.4,8.4,2.0,291,27,3.4,8.4,2.0,291,27,203,30.03,-0.0,0,0,0,39.6,45.0,49.4,0.16,0.17,0.08
SCHU,2019-11-08 08:15:00 EST,43.11700,-73.57829,103,26.7,26.6,21.7,64.9,16.4,0.000,0.000,0.00,0.000,3.6,8.5,1.7,313,25,4.2,8.5,1.9,319,24,4.2,8.5,1.9,319,24,214,30.03,0.0,0,0,0,39.6,44.9,49.3,0.16,0.17,0.09
SCHU,2019-11-08 08:20:00 EST,43.11700,-73.57829,103,26.9,26.7,26.9,66.0,17.0,0.000,0.000,0.00,0.000,2.3,6.6,1.6,322,38,2.9,8.1,1.7,322,39,2.9,8.1,1.7,322,39,224,30.03,0.0,0,0,0,39.5,44.9,49.3,0.16,0.17,0.09
SCHU,2019-11-08 08:25:00 EST,43.11700,-73.57829,103,27.1,26.8,23.6,64.1,16.6,0.000,0.000,0.00,0.000,2.3,6.9,1.6,307,47,3.2,9.3,2.0,309,49,3.2,9.3,2.0,309,49,228,30.03,-0.0,0,0,0,39.5,44.9,49.3,0.16,0.17,0.09
SCHU,2019-11-08 08:30:00 EST,43.11700,-73.57829,103,27.2,26.9,22.2,64.4,16.8,0.000,0.000,0.00,0.000,3.7,9.7,2.4,330,33,4.3,11.7,2.8,330,33,4.3,11.7,2.8,330,33,244,30.04,0.0,0,0,0,39.5,44.9,49.3,0.16,0.17,0.09
SCHU,2019-11-08 08:35:00 EST,43.11700,-73.57829,103,27.1,26.8,20.9,62.7,16.1,0.000,0.000,0.00,0.000,5.1,10.1,2.0,306,23,5.5,9.8,2.0,312,24,5.5,9.8,2.0,312,24,258,30.04,-0.0,0,0,0,39.5,44.9,49.3,0.16,0.17,0.08
SCHU,2019-11-08 08:40:00 EST,43.11700,-73.57829,103,27.3,27.0,22.2,62.7,16.2,0.000,0.000,0.00,0.000,3.7,7.0,1.8,305,24,4.3,9.0,2.1,308,26,4.3,9.0,2.1,308,26,268,30.04,-0.0,0,0,0,39.5,44.8,49.3,0.16,0.17,0.09
SCHU,2019-11-08 08:45:00 EST,43.11700,-73.57829,103,27.4,27.1,22.2,62.4,16.3,0.000,0.000,0.00,0.000,4.0,8.3,2.1,306,25,4.5,8.8,2.2,310,24,4.5,8.8,2.2,310,24,282,30.04,0.0,0,0,0,39.5,44.8,49.3,0.16,0.17,0.09
SCHU,2019-11-08 08:50:00 EST,43.11700,-73.57829,103,27.9,27.5,23.3,63.4,17.1,0.000,0.000,0.00,0.000,3.1,7.7,1.7,279,42,4.0,8.5,1.9,281,44,4.0,8.5,1.9,281,44,314,30.04,-0.0,0,0,0,39.4,44.8,49.3,0.16,0.17,0.09
SCHU,2019-11-08 08:55:00 EST,43.11700,-73.57829,103,28.3,27.8,28.3,64.4,17.8,0.000,0.000,0.00,0.000,1.8,5.3,1.1,339,38,2.3,7.1,1.2,341,40,2.3,7.1,1.2,341,40,278,30.04,0.0,0,0,0,39.5,44.7,49.3,0.16,0.17,0.09
SCHU,2019-11-08 09:00:00 EST,43.11700,-73.57829,103,28.3,27.8,24.3,62.4,17.0,0.000,0.000,0.00,0.000,2.9,7.2,2.0,335,34,3.6,9.6,2.2,338,33,3.6,9.6,2.2,338,33,319,30.05,0.0,0,0,0,39.4,44.8,49.3,0.16,0.17,0.09
SCHU,2019-11-08 09:05:00 EST,43.11700,-73.57829,103,28.2,27.9,22.8,62.5,17.1,0.000,0.000,0.00,0.000,4.1,8.9,1.8,312,25,4.8,9.5,1.9,317,24,4.8,9.5,1.9,317,24,309,30.05,-0.0,0,0,0,39.3,44.8,49.3,0.16,0.17,0.09
SCHU,2019-11-08 09:10:00 EST,43.11700,-73.57829,103,28.0,27.7,22.0,61.8,16.5,0.000,0.000,0.00,0.000,4.5,9.7,2.0,286,27,5.4,11.0,2.2,291,24,5.4,11.0,2.2,291,24,244,30.05,0.0,0,0,0,39.3,44.7,49.3,0.16,0.17,0.09
SCHU,2019-11-08 09:15:00 EST,43.11700,-73.57829,103,28.1,27.8,23.0,62.8,17.1,0.000,0.000,0.00,0.000,4.1,8.0,1.3,324,21,4.5,8.0,1.5,329,19,4.5,8.0,1.5,329,19,203,30.05,-0.0,0,0,0,39.4,44.6,49.3,0.16,0.17,0.09
SCHU,2019-11-08 09:20:00 EST,43.11700,-73.57829,103,28.3,28.1,23.2,63.5,17.5,0.000,0.000,0.00,0.000,4.0,9.7,2.0,300,32,4.5,12.3,2.3,306,30,4.5,12.3,2.3,306,30,204,30.05,-0.0,0,0,0,39.2,44.7,49.3,0.16,0.17,0.09
SCHU,2019-11-08 09:25:00 EST,43.11700,-73.57829,103,28.2,28.0,21.7,62.7,17.1,0.000,0.000,0.00,0.000,5.4,11.9,2.3,308,24,5.9,14.1,2.5,312,24,5.9,14.1,2.5,312,24,166,30.05,-0.0,0,0,0,39.2,44.6,49.3,0.15,0.17,0.09
SCHU,2019-11-08 09:30:00 EST,43.11700,-73.57829,103,28.0,27.8,21.7,62.3,16.7,0.000,0.000,0.00,0.000,5.0,10.7,2.5,292,23,5.6,13.9,2.8,292,22,5.6,13.9,2.8,292,22,149,30.05,0.0,0,0,0,39.2,44.6,49.3,0.16,0.17,0.09
SCHU,2019-11-08 09:35:00 EST,43.11700,-73.57829,103,28.0,27.8,22.1,62.3,16.8,0.000,0.000,0.00,0.000,4.6,11.0,2.3,306,23,5.3,12.0,2.4,311,23,5.3,12.0,2.4,311,23,221,30.05,0.0,0,0,0,39.2,44.6,49.3,0.16,0.17,0.09
SCHU,2019-11-08 09:40:00 EST,43.11700,-73.57829,103,28.6,28.2,23.1,61.7,17.1,0.000,0.000,0.00,0.000,4.2,7.2,1.6,284,26,5.0,8.5,1.8,288,25,5.0,8.5,1.8,288,25,395,30.05,0.0,0,0,0,39.2,44.6,49.3,0.16,0.17,0.09
SCHU,2019-11-08 09:45:00 EST,43.11700,-73.57829,103,29.2,28.7,23.7,61.1,17.4,0.000,0.000,0.00,0.000,4.4,8.9,1.9,300,25,5.0,10.6,2.0,305,26,5.0,10.6,2.0,305,26,439,30.05,0.0,0,0,0,39.2,44.6,49.3,0.16,0.17,0.08
SCHU,2019-11-08 09:50:00 EST,43.11700,-73.57829,103,29.3,28.7,23.6,59.5,16.9,0.000,0.000,0.00,0.000,4.7,8.5,1.5,307,20,5.4,9.0,1.5,311,19,5.4,9.0,1.5,311,19,434,30.05,-0.0,0,0,0,39.2,44.5,49.3,0.15,0.17,0.09
SCHU,2019-11-08 09:55:00 EST,43.11700,-73.57829,103,29.1,28.5,23.7,58.2,16.2,0.000,0.000,0.00,0.000,4.4,8.0,1.4,290,25,4.9,10.0,1.8,293,24,4.9,10.0,1.8,293,24,467,30.05,-0.0,0,0,0,39.2,44.5,49.3,0.16,0.17,0.09
SCHU,2019-11-08 10:00:00 EST,43.11700,-73.57829,103,29.7,29.0,24.6,59.8,17.4,0.000,0.000,0.00,0.000,3.8,10.0,2.2,292,35,4.7,11.6,2.8,297,34,4.7,11.6,2.8,297,34,450,30.05,-0.1,0,0,0,39.2,44.5,49.2,0.16,0.17,0.08
SCHU,2019-11-08 10:05:00 EST,43.11700,-73.57829,103,29.6,28.9,24.1,57.5,16.4,0.000,0.000,0.00,0.000,4.6,8.3,1.6,301,19,5.1,8.5,1.6,305,19,5.1,8.5,1.6,305,19,424,30.05,0.1,0,0,0,39.2,44.6,49.2,0.16,0.17,0.09
SCHU,2019-11-08 10:10:00 EST,43.11700,-73.57829,103,29.8,29.0,25.5,60.3,17.7,0.000,0.000,0.00,0.000,3.5,5.9,1.5,299,44,4.1,7.5,1.9,307,43,4.1,7.5,1.9,307,43,471,30.05,0.1,0,0,0,39.2,44.5,49.3,0.15,0.17,0.09
SCHU,2019-11-08 10:15:00 EST,43.11700,-73.57829,103,30.2,29.4,24.7,59.8,17.9,0.000,0.000,0.00,0.000,4.4,8.3,1.7,315,38,5.2,11.5,1.9,319,38,5.2,11.5,1.9,319,38,394,30.05,-0.1,0,0,0,39.2,44.4,49.2,0.15,0.17,0.09
SCHU,2019-11-08 10:20:00 EST,43.11700,-73.57829,103,30.4,29.8,27.3,60.0,18.2,0.000,0.000,0.00,0.000,2.6,5.4,1.4,284,33,3.2,6.6,1.6,288,35,3.2,6.6,1.6,288,35,387,30.05,-0.0,0,0,0,39.2,44.4,49.2,0.15,0.17,0.09
SCHU,2019-11-08 10:25:00 EST,43.11700,-73.57829,103,31.2,30.5,26.5,59.2,18.6,0.000,0.000,0.00,0.000,3.7,12.5,2.6,299,36,4.6,13.8,2.6,302,36,4.6,13.8,2.6,302,36,385,30.05,-0.0,0,0,0,39.2,44.5,49.2,0.16,0.17,0.09
SCHU,2019-11-08 10:30:00 EST,43.11700,-73.57829,103,31.2,30.6,26.8,58.2,18.2,0.000,0.000,0.00,0.000,3.7,10.4,2.7,302,28,4.3,10.5,2.5,307,28,4.3,10.5,2.5,307,28,431,30.05,0.1,0,0,0,39.2,44.4,49.2,0.16,0.17,0.09
SCHU,2019-11-08 10:35:00 EST,43.11700,-73.57829,103,31.8,31.0,27.2,58.9,19.0,0.000,0.000,0.00,0.000,3.9,10.2,2.2,297,31,4.5,13.1,2.5,303,31,4.5,13.1,2.5,303,31,396,30.05,-0.1,0,0,0,39.2,44.5,49.2,0.16,0.17,0.09
SCHU,2019-11-08 10:40:00 EST,43.11700,-73.57829,103,31.9,31.2,28.5,59.7,19.5,0.000,0.000,0.00,0.000,3.1,7.9,1.3,334,33,3.5,8.1,1.6,338,30,3.5,8.1,1.6,338,30,272,30.05,-0.1,0,0,0,39.2,44.4,49.2,0.16,0.17,0.08
SCHU,2019-11-08 10:45:00 EST,43.11700,-73.57829,103,32.1,31.4,26.2,56.9,18.5,0.000,0.000,0.00,0.000,5.3,10.5,2.4,335,28,6.1,14.7,2.8,341,26,6.1,14.7,2.8,341,26,433,30.05,-0.0,0,0,0,39.2,44.3,49.2,0.16,0.16,0.09
SCHU,2019-11-08 10:50:00 EST,43.11700,-73.57829,103,32.2,31.5,24.8,51.4,16.3,0.000,0.000,0.00,0.000,7.6,14.3,2.6,332,20,8.5,18.0,2.9,339,20,8.5,18.0,2.9,339,20,488,30.05,-0.1,0,0,0,39.2,44.1,49.2,0.16,0.17,0.09
SCHU,2019-11-08 10:55:00 EST,43.11700,-73.57829,103,32.3,31.7,25.6,52.6,16.9,0.000,0.000,0.00,0.000,6.2,11.5,2.5,304,31,7.4,15.5,3.1,310,32,7.4,15.5,3.1,310,32,457,30.05,-0.0,0,0,0,39.2,44.3,49.2,0.16,0.17,0.09
SCHU,2019-11-08 11:00:00 EST,43.11700,-73.57829,103,32.3,31.5,25.5,51.4,16.3,0.000,0.000,0.00,0.000,6.5,13.3,2.4,301,28,7.5,15.2,2.5,304,29,7.5,15.2,2.5,304,29,530,30.05,0.1,0,0,0,39.2,44.2,49.2,0.16,0.17,0.09
SCHU,2019-11-08 11:05:00 EST,43.11700,-73.57829,103,32.6,31.7,25.5,50.7,16.3,0.000,0.000,0.00,0.000,7.3,22.8,4.2,317,25,8.1,22.8,4.3,321,26,8.1,22.8,4.3,321,26,503,30.05,-0.0,0,0,0,39.2,44.2,49.1,0.16,0.17,0.09
SCHU,2019-11-08 11:10:00 EST,43.11700,-73.57829,103,32.3,31.5,24.6,45.9,13.8,0.000,0.000,0.00,0.000,8.3,15.9,3.3,308,26,9.1,17.8,3.2,314,25,9.1,17.8,3.2,314,25,550,30.05,-0.1,0,0,0,39.2,44.1,49.2,0.16,0.17,0.09
SCHU,2019-11-08 11:15:00 EST,43.11700,-73.57829,103,32.8,31.9,26.2,47.3,14.9,0.000,0.000,0.00,0.000,6.2,14.8,3.1,314,31,7.4,15.8,3.3,319,31,7.4,15.8,3.3,319,31,562,30.05,-0.1,0,0,0,39.2,44.1,49.1,0.16,0.17,0.09
SCHU,2019-11-08 11:20:00 EST,43.11700,-73.57829,103,32.7,31.9,26.3,46.5,14.4,0.000,0.000,0.00,0.000,6.2,13.8,2.6,320,34,7.0,15.6,2.8,327,35,7.0,15.6,2.8,327,35,368,30.05,-0.0,0,0,0,39.2,44.1,49.1,0.16,0.17,0.09
SCHU,2019-11-08 11:25:00 EST,43.11700,-73.57829,103,32.4,31.9,26.3,47.5,14.7,0.000,0.000,0.00,0.000,5.7,11.8,2.8,306,28,6.6,13.3,2.9,312,27,6.6,13.3,2.9,312,27,469,30.05,-0.0,0,0,0,39.2,44.1,49.1,0.16,0.16,0.09
SCHU,2019-11-08 11:30:00 EST,43.11700,-73.57829,103,32.7,32.0,24.2,44.3,13.3,0.000,0.000,0.00,0.000,9.8,21.0,3.5,313,23,10.7,22.4,3.3,319,20,10.7,22.4,3.3,319,20,567,30.04,0.1,0,0,0,39.2,44.1,49.1,0.15,0.17,0.09
SCHU,2019-11-08 11:35:00 EST,43.11700,-73.57829,103,33.1,32.3,26.2,45.3,14.2,0.000,0.000,0.00,0.000,6.8,15.0,3.0,311,32,8.0,17.8,3.4,314,31,8.0,17.8,3.4,314,31,600,30.04,0.0,0,0,0,39.2,44.0,49.2,0.16,0.17,0.09
SCHU,2019-11-08 11:40:00 EST,43.11700,-73.57829,103,33.5,32.7,26.6,45.3,14.6,0.000,0.000,0.00,0.000,6.9,17.8,4.2,298,30,8.1,18.1,4.0,302,28,8.1,18.1,4.0,302,28,544,30.04,0.0,0,0,0,39.3,44.0,49.1,0.16,0.17,0.09
SCHU,2019-11-08 11:45:00 EST,43.11700,-73.57829,103,33.9,32.6,28.0,45.3,14.9,0.000,0.000,0.00,0.000,5.7,15.3,2.8,298,28,6.7,16.6,2.9,303,31,6.7,16.6,2.9,303,31,536,30.04,-0.1,0,0,0,39.3,43.9,49.1,0.16,0.17,0.09
SCHU,2019-11-08 11:50:00 EST,43.11700,-73.57829,103,33.9,32.8,28.4,45.2,14.9,0.000,0.000,0.00,0.000,5.2,14.6,2.9,312,35,6.2,14.2,2.8,315,35,6.2,14.2,2.8,315,35,573,30.04,-0.1,0,0,0,39.5,43.9,49.1,0.16,0.17,0.09
SCHU,2019-11-08 11:55:00 EST,43.11700,-73.57829,103,33.9,33.0,27.0,43.6,14.1,0.000,0.000,0.00,0.000,7.5,18.0,3.8,319,24,8.4,18.9,3.7,320,24,8.4,18.9,3.7,320,24,595,30.04,-0.2,0,0,0,39.5,44.0,49.1,0.16,0.17,0.09
SCHU,2019-11-08 12:00:00 EST,43.11700,-73.57829,103,33.2,32.5,26.1,43.1,13.1,0.000,0.000,0.00,0.000,7.1,18.3,3.0,300,27,8.3,23.7,3.4,302,26,8.3,23.7,3.4,302,26,400,30.04,-0.2,0,0,0,39.6,43.8,49.1,0.16,0.17,0.09
SCHU,2019-11-08 12:05:00 EST,43.11700,-73.57829,103,33.3,32.5,25.9,43.9,13.7,0.000,0.000,0.00,0.000,8.1,17.5,2.7,304,30,8.9,16.7,2.7,308,30,8.9,16.7,2.7,308,30,472,30.04,-0.1,0,0,0,39.6,44.0,49.1,0.15,0.17,0.09
SCHU,2019-11-08 12:10:00 EST,43.11700,-73.57829,103,33.8,32.8,28.5,43.8,14.1,0.000,0.000,0.00,0.000,4.8,9.7,2.4,319,31,5.9,11.0,2.7,325,28,5.9,11.0,2.7,325,28,419,30.03,-0.1,0,0,0,39.7,44.0,49.1,0.16,0.17,0.09
SCHU,2019-11-08 12:15:00 EST,43.11700,-73.57829,103,33.7,32.9,28.2,45.6,14.9,0.000,0.000,0.00,0.000,5.2,12.9,2.7,306,40,6.1,13.7,2.9,308,40,6.1,13.7,2.9,308,40,428,30.03,-0.1,0,0,0,39.7,43.9,49.1,0.16,0.17,0.09
SCHU,2019-11-08 12:20:00 EST,43.11700,-73.57829,103,33.0,32.5,25.8,45.2,14.1,0.000,0.000,0.00,0.000,7.3,19.8,3.4,291,32,8.4,19.6,3.4,296,30,8.4,19.6,3.4,296,30,377,30.03,0.1,0,0,0,39.9,43.9,49.1,0.16,0.17,0.09
SCHU,2019-11-08 12:25:00 EST,43.11700,-73.57829,103,33.9,33.1,27.1,42.3,13.3,0.000,0.000,0.00,0.000,7.3,14.2,3.2,316,23,8.0,15.4,3.2,321,25,8.0,15.4,3.2,321,25,518,30.03,-0.1,0,0,0,40.0,43.9,49.1,0.15,0.17,0.09
SCHU,2019-11-08 12:30:00 EST,43.11700,-73.57829,103,35.0,34.0,29.9,43.8,15.2,0.000,0.000,0.00,0.000,4.8,12.3,3.0,314,34,5.9,15.0,3.2,318,36,5.9,15.0,3.2,318,36,521,30.03,-0.2,0,0,0,40.0,43.9,49.1,0.16,0.17,0.09
SCHU,2019-11-08 12:35:00 EST,43.11700,-73.57829,103,34.2,33.2,27.7,42.9,13.9,0.000,0.000,0.00,0.000,6.5,14.8,3.4,318,31,7.7,17.5,3.5,324,32,7.7,17.5,3.5,324,32,530,30.03,-0.2,0,0,0,40.1,43.9,49.1,0.16,0.17,0.09
SCHU,2019-11-08 12:40:00 EST,43.11700,-73.57829,103,34.5,33.7,28.4,44.2,14.9,0.000,0.000,0.00,0.000,6.2,13.4,2.8,308,27,7.3,16.9,3.0,313,29,7.3,16.9,3.0,313,29,547,30.03,-0.1,0,0,0,40.1,43.8,49.1,0.15,0.17,0.09
SCHU,2019-11-08 12:45:00 EST,43.11700,-73.57829,103,33.9,33.1,26.6,41.4,12.9,0.000,0.000,0.00,0.000,7.9,18.6,3.6,327,23,9.0,19.2,3.6,332,23,9.0,19.2,3.6,332,23,502,30.03,-0.0,0,0,0,40.3,43.9,49.1,0.15,0.17,0.09
SCHU,2019-11-08 12:50:00 EST,43.11700,-73.57829,103,33.8,33.2,27.1,42.1,13.2,0.000,0.000,0.00,0.000,6.9,16.4,2.8,306,29,7.9,17.1,3.0,310,27,7.9,17.1,3.0,310,27,300,30.03,0.0,0,0,0,40.3,43.9,49.1,0.15,0.17,0.09
SCHU,2019-11-08 12:55:00 EST,43.11700,-73.57829,103,33.4,32.9,26.2,39.5,11.4,0.000,0.000,0.00,0.000,7.9,21.1,3.8,307,25,8.7,20.3,3.7,312,24,8.7,20.3,3.7,312,24,300,30.03,-0.2,0,0,0,40.4,43.9,49.0,0.15,0.17,0.09
SCHU,2019-11-08 13:00:00 EST,43.11700,-73.57829,103,32.3,32.1,24.8,41.1,11.3,0.000,0.000,0.00,0.000,7.8,17.0,3.1,326,33,8.7,18.3,3.6,329,30,8.7,18.3,3.6,329,30,146,30.04,-0.0,0,0,0,40.5,43.9,49.0,0.15,0.17,0.09
SCHU,2019-11-08 13:05:00 EST,43.11700,-73.57829,103,32.0,31.8,25.2,42.5,11.7,0.000,0.000,0.00,0.000,6.3,14.0,2.7,332,23,7.4,15.3,3.0,339,20,7.4,15.3,3.0,339,20,105,30.04,-0.1,0,0,0,40.6,43.9,49.0,0.16,0.16,0.09
SCHU,2019-11-08 13:10:00 EST,43.11700,-73.57829,103,32.5,32.2,26.7,45.1,13.6,0.000,0.000,0.00,0.000,5.0,11.7,2.6,325,35,6.2,11.5,2.8,332,33,6.2,11.5,2.8,332,33,384,30.04,0.0,0,0,0,40.7,43.8,49.0,0.15,0.17,0.09
SCHU,2019-11-08 13:15:00 EST,43.11700,-73.57829,103,33.8,33.1,28.7,44.1,14.2,0.000,0.000,0.00,0.000,4.6,10.0,2.2,327,34,5.5,11.5,2.3,330,33,5.5,11.5,2.3,330,33,327,30.04,-0.0,0,0,0,40.6,43.9,49.0,0.16,0.17,0.09
SCHU,2019-11-08 13:20:00 EST,43.11700,-73.57829,103,33.1,32.8,27.0,44.0,13.5,0.000,0.000,0.00,0.000,5.8,13.1,2.9,299,30,6.7,14.6,3.2,306,30,6.7,14.6,3.2,306,30,185,30.04,-0.1,0,0,0,40.8,43.9,49.0,0.16,0.17,0.09
SCHU,2019-11-08 13:25:00 EST,43.11700,-73.57829,103,32.5,32.2,25.7,43.0,12.5,0.000,0.000,0.00,0.000,6.5,13.1,3.0,293,31,7.6,15.9,3.4,299,29,7.6,15.9,3.4,299,29,147,30.04,-0.1,0,0,0,41.0,43.8,48.9,0.16,0.17,0.08
SCHU,2019-11-08 13:30:00 EST,43.11700,-73.57829,103,32.5,32.3,27.3,45.0,13.5,0.000,0.000,0.00,0.000,4.7,10.7,2.2,297,26,5.4,12.3,2.5,301,26,5.4,12.3,2.5,301,26,207,30.04,0.0,0,0,0,41.0,43.8,48.7,0.16,0.17,0.09
SCHU,2019-11-08 13:35:00 EST,43.11700,-73.57829,103,33.4,32.8,26.8,44.8,14.2,0.000,0.000,0.00,0.000,6.4,12.9,2.9,299,26,7.6,14.9,2.9,307,26,7.6,14.9,2.9,307,26,424,30.04,-0.0,0,0,0,41.0,43.9,49.0,0.16,0.17,0.09
SCHU,2019-11-08 13:40:00 EST,43.11700,-73.57829,103,33.8,33.3,28.2,43.3,13.9,0.000,0.000,0.00,0.000,5.4,13.2,3.1,304,31,6.2,14.7,3.1,310,28,6.2,14.7,3.1,310,28,340,30.04,-0.1,0,0,0,41.0,43.8,48.9,0.16,0.17,0.09
SCHU,2019-11-08 13:45:00 EST,43.11700,-73.57829,103,33.3,33.0,28.9,44.2,13.8,0.000,0.000,0.00,0.000,3.9,10.2,2.4,300,28,4.7,12.2,2.4,303,28,4.7,12.2,2.4,303,28,169,30.04,-0.1,0,0,0,41.1,43.8,48.9,0.16,0.17,0.09
SCHU,2019-11-08 13:50:00 EST,43.11700,-73.57829,103,32.8,32.4,25.8,43.9,13.2,0.000,0.000,0.00,0.000,7.0,15.1,2.7,305,28,8.1,19.4,3.0,312,27,8.1,19.4,3.0,312,27,208,30.04,0.1,0,0,0,41.2,43.8,48.7,0.16,0.17,0.09
SCHU,2019-11-08 13:55:00 EST,43.11700,-73.57829,103,33.5,32.8,27.4,41.4,12.5,0.000,0.000,0.00,0.000,5.7,18.5,2.9,307,30,6.8,17.9,3.0,316,28,6.8,17.9,3.0,316,28,310,30.05,0.0,0,0,0,41.2,43.8,48.9,0.15,0.17,0.09
SCHU,2019-11-08 14:00:00 EST,43.11700,-73.57829,103,32.7,32.2,25.6,40.3,11.2,0.000,0.000,0.00,0.000,7.2,14.9,3.3,305,31,8.2,16.6,3.5,314,32,8.2,16.6,3.5,314,32,156,30.05,-0.1,0,0,0,41.3,43.8,49.0,0.15,0.17,0.09
SCHU,2019-11-08 14:05:00 EST,43.11700,-73.57829,103,32.6,32.2,26.3,42.7,12.4,0.000,0.000,0.00,0.000,5.7,12.4,2.6,339,24,6.8,14.7,3.0,345,23,6.8,14.7,3.0,345,23,151,30.05,-0.1,0,0,0,41.4,43.8,48.8,0.16,0.17,0.09
SCHU,2019-11-08 14:10:00 EST,43.11700,-73.57829,103,32.4,32.1,27.0,42.3,11.9,0.000,0.000,0.00,0.000,5.1,9.4,2.1,306,29,5.6,9.8,2.1,310,28,5.6,9.8,2.1,310,28,124,30.05,-0.0,0,0,0,41.4,43.8,48.9,0.16,0.17,0.09
SCHU,2019-11-08 14:15:00 EST,43.11700,-73.57829,103,32.3,32.2,26.1,43.2,12.4,0.000,0.000,0.00,0.000,6.0,13.7,3.0,318,27,6.7,14.5,3.1,322,26,6.7,14.5,3.1,322,26,118,30.05,0.0,0,0,0,41.4,43.9,48.8,0.15,0.17,0.09
SCHU,2019-11-08 14:20:00 EST,43.11700,-73.57829,103,32.4,32.2,25.6,42.9,12.4,0.000,0.000,0.00,0.000,6.4,14.2,3.0,349,27,7.7,17.8,3.6,353,23,7.7,17.8,3.6,353,23,125,30.05,-0.1,0,0,0,41.5,43.8,49.0,0.15,0.17,0.09
SCHU,2019-11-08 14:25:00 EST,43.11700,-73.57829,103,32.9,32.5,25.6,41.9,12.3,0.000,0.000,0.00,0.000,7.4,15.1,2.4,356,23,8.5,19.3,3.0,359,18,8.5,19.3,3.0,359,18,249,30.05,-0.1,0,0,0,41.4,43.8,49.0,0.16,0.17,0.09
SCHU,2019-11-08 14:30:00 EST,43.11700,-73.57829,103,32.7,32.4,25.3,40.0,11.0,0.000,0.000,0.00,0.000,7.7,16.4,3.1,334,21,8.6,17.5,3.6,341,19,8.6,17.5,3.6,341,19,128,30.05,-0.1,0,0,0,41.5,43.8,48.8,0.16,0.17,0.09
SCHU,2019-11-08 14:35:00 EST,43.11700,-73.57829,103,32.3,32.3,26.6,41.0,11.3,0.000,0.000,0.00,0.000,5.4,14.3,2.5,329,25,6.1,14.3,2.6,333,24,6.1,14.3,2.6,333,24,120,30.05,0.0,0,0,0,41.5,43.8,48.7,0.15,0.17,0.09
SCHU,2019-11-08 14:40:00 EST,43.11700,-73.57829,103,33.4,32.9,27.8,41.8,12.6,0.000,0.000,0.00,0.000,5.2,13.0,2.9,330,32,6.1,13.9,3.2,335,32,6.1,13.9,3.2,335,32,288,30.05,-0.1,0,0,0,41.6,43.8,48.8,0.16,0.17,0.09
SCHU,2019-11-08 14:45:00 EST,43.11700,-73.57829,103,33.0,32.7,26.9,39.7,11.2,0.000,0.000,0.00,0.000,5.5,12.9,3.0,299,34,6.8,14.7,3.5,305,34,6.8,14.7,3.5,305,34,134,30.05,-0.1,0,0,0,41.6,43.9,48.7,0.16,0.17,0.09
SCHU,2019-11-08 14:50:00 EST,43.11700,-73.57829,103,32.4,32.2,26.1,39.4,10.5,0.000,0.000,0.00,0.000,6.0,11.9,2.7,308,26,6.9,14.3,2.8,310,27,6.9,14.3,2.8,310,27,110,30.05,-0.1,0,0,0,41.6,43.8,48.7,0.15,0.17,0.09
SCHU,2019-11-08 14:55:00 EST,43.11700,-73.57829,103,32.1,32.0,25.2,39.3,10.0,0.000,0.000,0.00,0.000,6.8,15.6,3.9,309,25,7.6,18.6,4.2,314,27,7.6,18.6,4.2,314,27,94,30.05,-0.1,0,0,0,41.7,43.8,48.7,0.15,0.17,0.09
SCHU,2019-11-08 15:00:00 EST,43.11700,-73.57829,103,32.5,32.2,28.9,42.3,12.1,0.000,0.000,0.00,0.000,3.0,12.0,2.6,305,33,3.7,11.9,2.6,308,31,3.7,11.9,2.6,308,31,202,30.06,-0.0,0,0,0,41.7,43.8,48.8,0.15,0.17,0.09
SCHU,2019-11-08 15:05:00 EST,43.11700,-73.57829,103,33.2,32.7,27.6,40.6,11.8,0.000,0.000,0.00,0.000,5.1,10.4,2.5,306,30,6.1,13.3,2.9,314,28,6.1,13.3,2.9,314,28,232,30.06,-0.1,0,0,0,41.7,43.9,48.8,0.16,0.17,0.09
SCHU,2019-11-08 15:10:00 EST,43.11700,-73.57829,103,33.1,32.7,28.2,40.6,11.7,0.000,0.000,0.00,0.000,4.1,8.1,1.8,305,37,5.1,11.1,2.0,310,35,5.1,11.1,2.0,310,35,151,30.06,-0.1,0,0,0,41.7,43.9,48.7,0.15,0.17,0.09
SCHU,2019-11-08 15:15:00 EST,43.11700,-73.57829,103,32.4,32.4,26.7,40.9,11.3,0.000,0.000,0.00,0.000,5.2,10.9,2.6,309,38,6.1,12.1,2.7,314,32,6.1,12.1,2.7,314,32,116,30.06,-0.1,0,0,0,41.7,43.9,48.8,0.16,0.17,0.09
SCHU,2019-11-08 15:20:00 EST,43.11700,-73.57829,103,32.5,32.4,25.0,40.3,11.1,0.000,0.000,0.00,0.000,7.8,17.0,3.4,306,25,8.9,16.2,3.5,309,25,8.9,16.2,3.5,309,25,180,30.06,-0.0,0,0,0,41.7,43.8,48.6,0.16,0.17,0.09
SCHU,2019-11-08 15:25:00 EST,43.11700,-73.57829,103,32.9,32.7,27.6,41.2,11.9,0.000,0.000,0.00,0.000,5.0,11.3,2.4,318,25,5.7,12.1,2.6,321,24,5.7,12.1,2.6,321,24,166,30.07,-0.1,0,0,0,41.7,43.8,48.8,0.16,0.17,0.09
SCHU,2019-11-08 15:30:00 EST,43.11700,-73.57829,103,32.7,32.6,26.0,40.6,11.3,0.000,0.000,0.00,0.000,6.7,12.9,2.8,306,23,7.6,14.8,2.8,311,23,7.6,14.8,2.8,311,23,128,30.07,-0.1,0,0,0,41.8,43.8,48.7,0.16,0.17,0.09
SCHU,2019-11-08 15:35:00 EST,43.11700,-73.57829,103,32.6,32.5,26.3,40.5,11.2,0.000,0.000,0.00,0.000,6.1,17.1,3.5,309,28,6.9,18.8,3.5,314,27,6.9,18.8,3.5,314,27,123,30.07,-0.1,0,0,0,41.7,43.8,48.7,0.16,0.16,0.08
SCHU,2019-11-08 15:40:00 EST,43.11700,-73.57829,103,32.3,32.4,26.4,40.8,11.1,0.000,0.000,0.00,0.000,5.5,11.9,2.4,296,24,6.2,14.6,2.6,297,23,6.2,14.6,2.6,297,23,110,30.07,-0.1,0,0,0,41.7,43.9,48.7,0.16,0.17,0.09
SCHU,2019-11-08 15:45:00 EST,43.11700,-73.57829,103,32.1,32.3,26.0,41.1,11.1,0.000,0.000,0.00,0.000,5.5,13.0,2.7,307,25,6.5,14.8,2.8,310,24,6.5,14.8,2.8,310,24,69,30.07,-0.1,0,0,0,41.8,43.8,48.7,0.16,0.17,0.09
SCHU,2019-11-08 15:50:00 EST,43.11700,-73.57829,103,32.0,32.2,26.5,41.6,11.3,0.000,0.000,0.00,0.000,4.8,10.7,1.9,285,23,5.7,11.7,2.3,289,22,5.7,11.7,2.3,289,22,85,30.07,-0.1,0,0,0,41.7,43.9,48.7,0.15,0.17,0.09
SCHU,2019-11-08 15:55:00 EST,43.11700,-73.57829,103,32.0,32.1,26.9,42.1,11.6,0.000,0.000,0.00,0.000,4.7,8.9,1.8,308,27,5.2,9.6,1.8,311,27,5.2,9.6,1.8,311,27,68,30.07,-0.1,0,0,0,41.8,44.0,48.6,0.15,0.17,0.09
SCHU,2019-11-08 16:00:00 EST,43.11700,-73.57829,103,31.9,32.0,31.9,44.7,12.8,0.000,0.000,0.00,0.000,2.2,8.3,2.1,308,37,2.8,9.2,2.2,314,45,2.8,9.2,2.2,314,45,47,30.08,-0.1,0,0,0,41.7,43.9,48.7,0.15,0.17,0.09
SCHU,2019-11-08 16:05:00 EST,43.11700,-73.57829,103,31.9,32.1,26.3,44.5,12.7,0.000,0.000,0.00,0.000,5.0,10.0,2.5,341,25,5.7,12.5,2.9,346,21,5.7,12.5,2.9,346,21,37,30.08,-0.1,0,0,0,41.8,43.9,48.7,0.15,0.17,0.09
SCHU,2019-11-08 16:10:00 EST,43.11700,-73.57829,103,31.7,31.9,26.2,44.4,12.4,0.000,0.000,0.00,0.000,4.9,12.0,3.0,331,25,5.6,14.3,3.3,336,25,5.6,14.3,3.3,336,25,32,30.08,-0.1,0,0,0,41.8,43.9,48.6,0.15,0.16,0.09
SCHU,2019-11-08 16:15:00 EST,43.11700,-73.57829,103,31.4,31.7,28.4,45.4,12.7,0.000,0.000,0.00,0.000,2.6,7.1,1.4,331,37,3.2,8.2,1.5,330,37,3.2,8.2,1.5,330,37,26,30.08,-0.0,0,0,0,41.8,43.8,48.7,0.15,0.16,0.09
SCHU,2019-11-08 16:20:00 EST,43.11700,-73.57829,103,31.4,31.7,28.5,46.4,13.2,0.000,0.000,0.00,0.000,2.7,5.5,1.2,332,37,3.2,6.3,1.5,336,35,3.2,6.3,1.5,336,35,23,30.08,-0.1,0,0,0,41.7,43.8,48.7,0.15,0.16,0.09
SCHU,2019-11-08 16:25:00 EST,43.11700,-73.57829,103,31.2,31.5,28.3,46.9,13.2,0.000,0.000,0.00,0.000,2.6,8.6,1.9,339,30,3.1,11.1,2.1,334,31,3.1,11.1,2.1,334,31,16,30.09,-0.2,0,0,0,41.8,43.9,48.6,0.15,0.17,0.09
SCHU,2019-11-08 16:30:00 EST,43.11700,-73.57829,103,30.9,31.3,30.9,48.6,13.8,0.000,0.000,0.00,0.000,2.1,5.0,1.2,340,39,2.6,5.4,1.4,345,37,2.6,5.4,1.4,345,37,12,30.09,-0.0,0,0,0,41.7,43.9,48.7,0.15,0.17,0.09
SCHU,2019-11-08 16:35:00 EST,43.11700,-73.57829,103,30.8,31.2,23.3,45.8,12.4,0.000,0.000,0.00,0.000,7.2,14.7,3.2,338,30,8.2,17.8,3.7,344,23,8.2,17.8,3.7,344,23,9,30.09,-0.1,0,0,0,41.7,43.9,48.7,0.15,0.17,0.09
SCHU,2019-11-08 16:40:00 EST,43.11700,-73.57829,103,30.8,31.1,23.2,44.3,11.6,0.000,0.000,0.00,0.000,7.2,12.8,2.9,333,21,8.3,15.9,3.3,340,20,8.3,15.9,3.3,340,20,6,30.09,-0.1,0,0,0,41.7,43.9,48.6,0.15,0.17,0.09
SCHU,2019-11-08 16:45:00 EST,43.11700,-73.57829,103,30.6,30.9,25.3,45.1,11.8,0.000,0.000,0.00,0.000,4.1,13.8,3.1,329,34,5.1,16.3,3.4,338,33,5.1,16.3,3.4,338,33,4,30.09,-0.0,0,0,0,41.7,43.8,48.7,0.15,0.17,0.09
SCHU,2019-11-08 16:50:00 EST,43.11700,-73.57829,103,30.5,30.9,24.3,46.8,12.5,0.000,0.000,0.00,0.000,5.4,12.8,3.0,316,32,6.2,15.0,3.2,323,34,6.2,15.0,3.2,323,34,2,30.10,-0.1,0,0,0,41.6,43.8,48.6,0.15,0.16,0.09
SCHU,2019-11-08 16:55:00 EST,43.11700,-73.57829,103,30.4,30.7,25.9,46.3,12.2,0.000,0.000,0.00,0.000,3.4,10.7,2.1,309,40,4.3,10.3,2.2,314,41,4.3,10.3,2.2,314,41,1,30.10,-0.2,0,0,0,41.6,43.9,48.6,0.15,0.16,0.09
SCHU,2019-11-08 17:00:00 EST,43.11700,-73.57829,103,30.4,30.7,24.8,45.8,11.9,0.000,0.000,0.00,0.000,4.2,10.1,1.8,340,40,5.4,11.2,2.1,341,37,5.4,11.2,2.1,341,37,0,30.10,-0.0,0,0,0,41.6,43.9,48.6,0.15,0.17,0.09
SCHU,2019-11-08 17:05:00 EST,43.11700,-73.57829,103,30.5,30.8,25.1,46.1,12.2,0.000,0.000,0.00,0.000,4.4,10.8,2.6,335,22,5.1,13.0,2.9,340,23,5.1,13.0,2.9,340,23,0,30.10,-0.1,0,0,0,41.5,44.0,48.7,0.15,0.17,0.09
SCHU,2019-11-08 17:10:00 EST,43.11700,-73.57829,103,30.1,30.5,25.4,46.2,11.9,0.000,0.000,0.00,0.000,3.5,11.0,3.1,349,33,4.5,13.1,3.5,350,39,4.5,13.1,3.5,350,39,0,30.10,-0.0,0,0,0,41.5,43.9,48.7,0.15,0.17,0.09
SCHU,2019-11-08 17:15:00 EST,43.11700,-73.57829,103,30.2,30.6,25.3,46.5,12.2,0.000,0.000,0.00,0.000,4.0,10.8,2.1,327,42,4.7,12.6,2.3,334,40,4.7,12.6,2.3,334,40,0,30.11,-0.0,0,0,0,41.5,43.9,48.7,0.15,0.17,0.09
SCHU,2019-11-08 17:20:00 EST,43.11700,-73.57829,103,30.2,30.5,25.5,46.5,12.2,0.000,0.000,0.00,0.000,3.6,9.9,2.4,345,30,4.5,12.2,2.9,351,27,4.5,12.2,2.9,351,27,0,30.11,-0.1,0,0,0,41.5,44.0,48.6,0.15,0.17,0.09
SCHU,2019-11-08 17:25:00 EST,43.11700,-73.57829,103,30.3,30.5,26.1,48.4,13.1,0.000,0.000,0.00,0.000,3.3,10.7,2.0,346,40,4.0,12.0,2.1,349,38,4.0,12.0,2.1,349,38,0,30.11,-0.1,0,0,0,41.5,44.0,48.7,0.15,0.17,0.09
SCHU,2019-11-08 17:30:00 EST,43.11700,-73.57829,103,30.0,30.4,30.0,48.4,12.9,0.000,0.000,0.00,0.000,2.3,5.5,1.6,356,32,2.9,7.4,1.7,356,33,2.9,7.4,1.7,356,33,0,30.11,-0.1,0,0,0,41.4,44.0,48.6,0.15,0.16,0.09
SCHU,2019-11-08 17:35:00 EST,43.11700,-73.57829,103,29.9,30.4,24.5,49.8,13.5,0.000,0.000,0.00,0.000,4.3,9.6,2.2,360,24,5.1,12.3,2.4,2,21,5.1,12.3,2.4,2,21,0,30.12,-0.1,0,0,0,41.4,44.0,48.6,0.15,0.16,0.09
SCHU,2019-11-08 17:40:00 EST,43.11700,-73.57829,103,30.0,30.3,24.8,48.0,12.7,0.000,0.000,0.00,0.000,4.2,9.1,1.8,328,34,4.9,10.0,2.0,333,31,4.9,10.0,2.0,333,31,0,30.12,-0.1,0,0,0,41.4,44.0,48.7,0.15,0.17,0.09
SCHU,2019-11-08 17:45:00 EST,43.11700,-73.57829,103,30.0,30.3,26.7,49.6,13.4,0.000,0.000,0.00,0.000,2.5,7.6,2.2,327,32,3.2,9.8,2.7,329,32,3.2,9.8,2.7,329,32,0,30.12,-0.1,0,0,0,41.4,44.0,48.6,0.15,0.17,0.09
SCHU,2019-11-08 17:50:00 EST,43.11700,-73.57829,103,29.6,30.0,29.6,48.5,12.5,0.000,0.000,0.00,0.000,2.2,6.1,1.4,299,42,2.8,9.0,1.7,300,43,2.8,9.0,1.7,300,43,0,30.13,-0.1,0,0,0,41.4,43.9,48.6,0.15,0.17,0.08
SCHU,2019-11-08 17:55:00 EST,43.11700,-73.57829,103,29.4,29.8,25.8,48.4,12.3,0.000,0.000,0.00,0.000,2.7,7.5,1.3,293,33,3.4,7.8,1.5,294,33,3.4,7.8,1.5,294,33,0,30.13,-0.0,0,0,0,41.4,44.0,48.6,0.15,0.16,0.09
SCHU,2019-11-08 18:00:00 EST,43.11700,-73.57829,103,29.1,29.6,25.7,49.6,12.6,0.000,0.000,0.00,0.000,2.8,5.2,1.0,274,21,3.2,5.9,1.2,280,18,3.2,5.9,1.2,280,18,0,30.13,-0.1,0,0,0,41.4,44.1,48.6,0.15,0.16,0.09
SCHU,2019-11-08 18:05:00 EST,43.11700,-73.57829,103,29.0,29.5,24.5,48.9,12.1,0.000,0.000,0.00,0.000,3.5,8.0,1.8,300,23,4.1,8.5,1.7,302,24,4.1,8.5,1.7,302,24,0,30.14,-0.1,0,0,0,41.3,44.0,48.7,0.15,0.17,0.09
SCHU,2019-11-08 18:10:00 EST,43.11700,-73.57829,103,28.5,29.2,25.1,50.2,12.3,0.000,0.000,0.00,0.000,2.8,5.3,0.9,285,34,3.2,6.1,1.1,289,33,3.2,6.1,1.1,289,33,0,30.14,-0.1,0,0,0,41.2,43.9,48.6,0.15,0.17,0.09
SCHU,2019-11-08 18:15:00 EST,43.11700,-73.57829,103,28.7,29.2,25.1,50.4,12.5,0.000,0.000,0.00,0.000,2.8,8.2,1.5,292,33,3.3,8.5,1.6,299,33,3.3,8.5,1.6,299,33,0,30.14,-0.0,0,0,0,41.2,44.0,48.7,0.15,0.16,0.08
SCHU,2019-11-08 18:20:00 EST,43.11700,-73.57829,103,28.7,29.2,24.5,50.3,12.5,0.000,0.000,0.00,0.000,3.3,5.8,0.9,286,26,3.8,7.6,1.1,290,24,3.8,7.6,1.1,290,24,0,30.14,-0.1,0,0,0,41.1,44.0,48.6,0.15,0.17,0.09
SCHU,2019-11-08 18:25:00 EST,43.11700,-73.57829,103,28.0,29.0,24.4,52.3,12.8,0.000,0.000,0.00,0.000,2.9,7.2,1.2,289,32,3.3,6.7,1.3,293,31,3.3,6.7,1.3,293,31,0,30.14,-0.2,0,0,0,41.1,44.0,48.6,0.15,0.17,0.09
SCHU,2019-11-08 18:30:00 EST,43.11700,-73.57829,103,28.1,29.0,24.1,52.2,12.8,0.000,0.000,0.00,0.000,3.1,5.9,1.4,295,26,3.6,7.4,1.6,299,24,3.6,7.4,1.6,299,24,0,30.15,0.0,0,0,0,41.0,44.0,48.6,0.15,0.17,0.09
SCHU,2019-11-08 18:35:00 EST,43.11700,-73.57829,103,28.1,29.0,24.4,51.4,12.5,0.000,0.000,0.00,0.000,2.9,11.0,2.4,286,28,3.4,13.5,2.8,288,27,3.4,13.5,2.8,288,27,0,30.15,-0.1,0,0,0,41.0,44.1,48.5,0.15,0.17,0.08
SCHU,2019-11-08 18:40:00 EST,43.11700,-73.57829,103,28.2,28.9,23.6,51.7,12.7,0.000,0.000,0.00,0.000,3.6,7.1,1.6,290,18,4.1,9.0,1.8,293,18,4.1,9.0,1.8,293,18,0,30.15,-0.0,0,0,0,40.9,44.0,48.5,0.15,0.17,0.09
SCHU,2019-11-08 18:45:00 EST,43.11700,-73.57829,103,28.0,28.9,23.6,52.6,12.9,0.000,0.000,0.00,0.000,3.4,9.7,1.7,298,21,3.9,10.5,1.9,302,21,3.9,10.5,1.9,302,21,0,30.15,-0.1,0,0,0,41.0,44.0,48.5,0.15,0.17,0.09
SCHU,2019-11-08 18:50:00 EST,43.11700,-73.57829,103,27.9,28.7,24.6,53.7,13.3,0.000,0.000,0.00,0.000,2.4,5.6,1.4,301,29,3.1,6.5,1.5,306,33,3.1,6.5,1.5,306,33,0,30.15,0.1,0,0,0,41.0,44.0,48.6,0.15,0.17,0.09
SCHU,2019-11-08 18:55:00 EST,43.11700,-73.57829,103,28.2,28.9,24.2,52.2,12.9,0.000,0.000,0.00,0.000,3.0,6.1,1.6,313,26,3.6,8.4,1.8,313,27,3.6,8.4,1.8,313,27,0,30.15,-0.2,0,0,0,41.0,44.0,48.6,0.15,0.17,0.09
SCHU,2019-11-08 19:00:00 EST,43.11700,-73.57829,103,27.5,28.6,27.5,53.2,12.7,0.000,0.000,0.00,0.000,2.2,6.0,1.2,297,31,2.7,8.9,1.5,300,27,2.7,8.9,1.5,300,27,0,30.15,-0.2,0,0,0,41.0,44.0,48.5,0.15,0.17,0.09
SCHU,2019-11-08 19:05:00 EST,43.11700,-73.57829,103,27.6,28.6,23.3,53.6,13.0,0.000,0.000,0.00,0.000,3.3,8.5,1.8,295,28,3.8,9.4,1.9,299,29,3.8,9.4,1.9,299,29,0,30.15,-0.0,0,0,0,40.9,44.0,48.5,0.15,0.16,0.09
SCHU,2019-11-08 19:10:00 EST,43.11700,-73.57829,103,27.9,28.5,23.6,52.7,12.8,0.000,0.000,0.00,0.000,3.1,7.9,1.8,294,28,3.7,9.7,1.8,297,25,3.7,9.7,1.8,297,25,0,30.15,-0.1,0,0,0,40.8,44.1,48.5,0.15,0.17,0.09
SCHU,2019-11-08 19:15:00 EST,43.11700,-73.57829,103,27.5,28.5,23.6,53.8,13.0,0.000,0.000,0.00,0.000,2.8,7.6,1.6,301,31,3.5,8.2,1.6,304,29,3.5,8.2,1.6,304,29,0,30.15,0.0,0,0,0,40.8,43.9,48.5,0.15,0.17,0.09
SCHU,2019-11-08 19:20:00 EST,43.11700,-73.57829,103,27.4,28.5,22.6,54.4,13.1,0.000,0.000,0.00,0.000,3.5,8.5,2.2,294,24,4.2,9.6,2.4,298,24,4.2,9.6,2.4,298,24,0,30.15,0.0,0,0,0,40.7,44.0,48.5,0.15,0.17,0.09
SCHU,2019-11-08 19:25:00 EST,43.11700,-73.57829,103,27.9,28.6,23.2,53.4,13.2,0.000,0.000,0.00,0.000,3.7,7.6,1.5,297,26,4.2,10.3,1.7,301,22,4.2,10.3,1.7,301,22,0,30.16,-0.0,0,0,0,40.7,44.0,48.5,0.15,0.17,0.09
SCHU,2019-11-08 19:30:00 EST,43.11700,-73.57829,103,27.8,28.4,23.3,53.5,13.2,0.000,0.000,0.00,0.000,3.3,7.3,1.4,289,29,4.0,8.8,1.6,295,26,4.0,8.8,1.6,295,26,0,30.16,-0.0,0,0,0,40.7,44.0,48.5,0.15,0.17,0.09
SCHU,2019-11-08 19:35:00 EST,43.11700,-73.57829,103,27.7,28.3,23.8,54.8,13.5,0.000,0.000,0.00,0.000,3.2,6.6,1.3,294,25,3.5,7.8,1.4,299,23,3.5,7.8,1.4,299,23,0,30.16,-0.0,0,0,0,40.7,44.0,48.4,0.15,0.17,0.09
SCHU,2019-11-08 19:40:00 EST,43.11700,-73.57829,103,27.7,28.4,23.7,54.2,13.3,0.000,0.000,0.00,0.000,2.9,8.0,1.3,281,27,3.5,8.1,1.5,286,26,3.5,8.1,1.5,286,26,0,30.16,-0.2,0,0,0,40.6,44.0,48.5,0.15,0.17,0.09
SCHU,2019-11-08 19:45:00 EST,43.11700,-73.57829,103,27.3,28.3,22.9,56.0,13.7,0.000,0.000,0.00,0.000,3.2,6.8,1.3,282,29,3.8,8.1,1.3,284,25,3.8,8.1,1.3,284,25,0,30.16,-0.1,0,0,0,40.6,44.0,48.5,0.15,0.17,0.09
SCHU,2019-11-08 19:50:00 EST,43.11700,-73.57829,103,27.0,27.8,21.9,56.6,13.6,0.000,0.000,0.00,0.000,3.6,9.9,2.1,273,20,4.3,11.6,2.5,278,19,4.3,11.6,2.5,278,19,0,30.16,-0.0,0,0,0,40.6,43.9,48.5,0.15,0.17,0.09
SCHU,2019-11-08 19:55:00 EST,43.11700,-73.57829,103,27.2,27.8,27.2,55.5,13.4,0.000,0.000,0.00,0.000,1.7,3.9,1.2,269,27,2.3,5.5,1.2,276,37,2.3,5.5,1.2,276,37,0,30.16,-0.1,0,0,0,40.5,44.0,48.4,0.15,0.17,0.09
SCHU,2019-11-08 20:00:00 EST,43.11700,-73.57829,103,27.1,27.8,27.1,55.7,13.3,0.000,0.000,0.00,0.000,1.7,5.1,1.4,276,34,2.3,7.3,1.6,275,33,2.3,7.3,1.6,275,33,0,30.16,-0.1,0,0,0,40.5,44.0,48.5,0.15,0.17,0.09
SCHU,2019-11-08 20:05:00 EST,43.11700,-73.57829,103,27.3,27.9,27.3,54.9,13.3,0.000,0.000,0.00,0.000,2.2,6.2,1.5,286,39,2.8,8.4,1.7,294,40,2.8,8.4,1.7,294,40,0,30.17,-0.0,0,0,0,40.4,44.0,48.5,0.15,0.17,0.09
SCHU,2019-11-08 20:10:00 EST,43.11700,-73.57829,103,27.3,28.0,27.3,54.6,13.1,0.000,0.000,0.00,0.000,1.3,5.2,1.1,267,26,1.8,7.0,1.4,269,26,1.8,7.0,1.4,269,26,0,30.17,0.0,0,0,0,40.4,43.8,48.4,0.15,0.17,0.09
SCHU,2019-11-08 20:15:00 EST,43.11700,-73.57829,103,27.7,28.2,23.1,54.6,13.5,0.000,0.000,0.00,0.000,3.6,9.1,1.7,325,20,4.0,9.0,1.9,329,17,4.0,9.0,1.9,329,17,0,30.17,-0.1,0,0,0,40.3,43.9,48.5,0.15,0.17,0.09
SCHU,2019-11-08 20:20:00 EST,43.11700,-73.57829,103,27.1,27.9,27.1,54.3,12.7,0.000,0.000,0.00,0.000,1.2,3.1,0.8,21,62,1.4,3.7,0.9,44,64,1.4,3.7,0.9,44,64,0,30.17,-0.1,0,0,0,40.3,43.9,48.5,0.15,0.17,0.09
SCHU,2019-11-08 20:25:00 EST,43.11700,-73.57829,103,27.0,28.1,27.0,55.9,13.4,0.000,0.000,0.00,0.000,1.8,3.4,0.8,314,44,2.1,3.8,0.8,314,44,2.1,3.8,0.8,314,44,0,30.17,-0.0,0,0,0,40.4,44.0,48.4,0.15,0.17,0.09
SCHU,2019-11-08 20:30:00 EST,43.11700,-73.57829,103,27.5,28.0,27.5,55.7,13.7,0.000,0.000,0.00,0.000,2.4,4.0,0.6,324,30,2.8,5.1,0.9,330,30,2.8,5.1,0.9,330,30,0,30.17,-0.1,0,0,0,40.3,44.0,48.5,0.15,0.17,0.09
SCHU,2019-11-08 20:35:00 EST,43.11700,-73.57829,103,27.0,28.0,23.1,56.2,13.5,0.000,0.000,0.00,0.000,3.0,6.0,1.3,339,23,3.4,7.7,1.5,342,22,3.4,7.7,1.5,342,22,0,30.17,-0.3,0,0,0,40.3,44.0,48.4,0.15,0.17,0.09
SCHU,2019-11-08 20:40:00 EST,43.11700,-73.57829,103,27.1,28.1,21.6,57.9,14.2,0.000,0.000,0.00,0.000,4.1,6.9,1.2,334,20,4.6,8.2,1.5,339,18,4.6,8.2,1.5,339,18,0,30.17,-0.0,0,0,0,40.3,43.8,48.4,0.15,0.17,0.09
SCHU,2019-11-08 20:45:00 EST,43.11700,-73.57829,103,26.4,27.8,22.4,58.4,13.8,0.000,0.000,0.00,0.000,2.9,7.1,1.5,330,21,3.3,8.7,1.6,336,21,3.3,8.7,1.6,336,21,0,30.17,0.1,0,0,0,40.1,43.9,48.4,0.15,0.16,0.09
SCHU,2019-11-08 20:50:00 EST,43.11700,-73.57829,103,27.0,27.9,21.0,57.2,13.8,0.000,0.000,0.00,0.000,4.7,9.3,2.0,333,25,5.2,10.6,2.2,337,22,5.2,10.6,2.2,337,22,0,30.17,-0.2,0,0,0,40.1,43.8,48.4,0.15,0.17,0.09
SCHU,2019-11-08 20:55:00 EST,43.11700,-73.57829,103,26.4,27.4,22.2,60.2,14.5,0.000,0.000,0.00,0.000,3.1,6.5,1.4,289,28,3.5,8.6,1.5,290,27,3.5,8.6,1.5,290,27,0,30.17,-0.2,0,0,0,40.1,43.9,48.4,0.15,0.17,0.09
SCHU,2019-11-08 21:00:00 EST,43.11700,-73.57829,103,26.7,27.4,22.8,58.3,14.0,0.000,0.000,0.00,0.000,2.7,6.0,1.3,288,27,3.3,8.3,1.5,296,27,3.3,8.3,1.5,296,27,0,30.18,0.0,0,0,0,39.9,43.8,48.5,0.15,0.16,0.09
SCHU,2019-11-08 21:05:00 EST,43.11700,-73.57829,103,26.9,27.3,26.9,56.2,13.4,0.000,0.000,0.00,0.000,1.0,3.4,0.9,294,33,1.4,4.7,1.0,287,35,1.4,4.7,1.0,287,35,0,30.18,-0.1,0,0,0,40.0,44.0,48.4,0.15,0.17,0.09
SCHU,2019-11-08 21:10:00 EST,43.11700,-73.57829,103,26.4,27.2,26.4,57.5,13.4,0.000,0.000,0.00,0.000,1.2,2.1,0.5,279,41,1.5,3.1,0.6,284,42,1.5,3.1,0.6,284,42,0,30.18,-0.1,0,0,0,40.0,43.9,48.5,0.15,0.17,0.09
SCHU,2019-11-08 21:15:00 EST,43.11700,-73.57829,103,25.3,26.9,25.3,59.6,13.2,0.000,0.000,0.00,0.000,1.6,2.6,0.4,259,19,1.8,3.3,0.5,260,20,1.8,3.3,0.5,260,20,0,30.18,-0.1,0,0,0,40.0,43.9,48.5,0.15,0.17,0.09
SCHU,2019-11-08 21:20:00 EST,43.11700,-73.57829,103,25.0,26.7,25.0,62.2,13.9,0.000,0.000,0.00,0.000,1.2,2.3,0.6,262,23,1.5,2.9,0.7,260,24,1.5,2.9,0.7,260,24,0,30.18,0.0,0,0,0,40.0,43.9,48.4,0.15,0.16,0.09
SCHU,2019-11-08 21:25:00 EST,43.11700,-73.57829,103,25.3,26.7,25.3,60.8,13.7,0.000,0.000,0.00,0.000,1.9,3.4,0.6,266,24,2.2,3.8,0.7,270,23,2.2,3.8,0.7,270,23,0,30.18,-0.3,0,0,0,39.9,43.9,48.4,0.15,0.16,0.09
SCHU,2019-11-08 21:30:00 EST,43.11700,-73.57829,103,23.9,26.4,23.9,63.6,13.4,0.000,0.000,0.00,0.000,1.1,2.7,0.6,246,32,1.5,3.2,0.7,243,34,1.5,3.2,0.7,243,34,0,30.18,-0.2,0,0,0,39.8,43.9,48.4,0.15,0.16,0.09
SCHU,2019-11-08 21:35:00 EST,43.11700,-73.57829,103,24.5,26.6,24.5,63.0,13.7,0.000,0.000,0.00,0.000,1.2,3.7,0.9,259,32,1.7,5.6,1.1,264,40,1.7,5.6,1.1,264,40,0,30.18,0.1,0,0,0,39.8,43.9,48.4,0.15,0.17,0.09
SCHU,2019-11-08 21:40:00 EST,43.11700,-73.57829,103,25.3,26.6,25.3,60.2,13.5,0.000,0.000,0.00,0.000,1.3,3.2,0.8,233,23,1.7,3.9,0.7,228,31,1.7,3.9,0.7,228,31,0,30.18,-0.1,0,0,0,39.8,43.8,48.4,0.15,0.16,0.09
SCHU,2019-11-08 21:45:00 EST,43.11700,-73.57829,103,25.1,26.5,25.1,62.2,14.0,0.000,0.000,0.00,0.000,1.6,2.8,0.7,215,18,1.8,3.6,0.7,216,19,1.8,3.6,0.7,216,19,0,30.18,-0.2,0,0,0,39.7,43.8,48.4,0.15,0.16,0.09
SCHU,2019-11-08 21:50:00 EST,43.11700,-73.57829,103,24.7,26.0,24.7,67.0,15.3,0.000,0.000,0.00,0.000,1.8,2.4,0.3,197,12,2.1,2.7,0.3,202,15,2.1,2.7,0.3,202,15,0,30.19,-0.2,0,0,0,39.7,43.8,48.4,0.15,0.16,0.09
SCHU,2019-11-08 21:55:00 EST,43.11700,-73.57829,103,24.6,25.6,24.6,66.3,15.0,0.000,0.000,0.00,0.000,1.5,2.3,0.3,172,10,1.8,2.8,0.3,173,11,1.8,2.8,0.3,173,11,0,30.19,-0.3,0,0,0,39.7,43.8,48.4,0.15,0.16,0.09
SCHU,2019-11-08 22:00:00 EST,43.11700,-73.57829,103,23.8,25.2,23.8,72.2,16.2,0.000,0.000,0.00,0.000,1.9,2.8,0.3,186,7,2.2,3.1,0.3,190,8,2.2,3.1,0.3,190,8,0,30.19,-0.2,0,0,0,39.6,43.8,48.5,0.15,0.16,0.09
SCHU,2019-11-08 22:05:00 EST,43.11700,-73.57829,103,23.6,24.7,23.6,73.1,16.2,0.000,0.000,0.00,0.000,1.1,1.8,0.5,201,14,1.4,2.1,0.5,205,14,1.4,2.1,0.5,205,14,0,30.19,-0.2,0,0,0,39.6,43.9,48.5,0.15,0.16,0.09
SCHU,2019-11-08 22:10:00 EST,43.11700,-73.57829,103,23.2,24.3,23.2,72.7,15.7,0.000,0.000,0.00,0.000,0.6,2.0,0.6,249,15,0.8,1.9,0.7,249,13,0.8,1.9,0.7,249,13,0,30.19,-0.1,0,0,0,39.6,43.8,48.4,0.15,0.16,0.09
SCHU,2019-11-08 22:15:00 EST,43.11700,-73.57829,103,22.1,24.2,22.1,74.8,15.4,0.000,0.000,0.00,0.000,1.5,2.4,0.6,221,11,1.6,2.7,0.6,224,13,1.6,2.7,0.6,224,13,0,30.19,-0.0,0,0,0,39.5,43.8,48.4,0.15,0.16,0.09
SCHU,2019-11-08 22:20:00 EST,43.11700,-73.57829,103,22.6,24.0,22.6,76.6,16.4,0.000,0.000,0.00,0.000,0.1,0.6,0.1,217,12,0.3,1.2,0.4,176,11,0.3,1.2,0.4,176,11,0,30.19,-0.1,0,0,0,39.6,43.8,48.4,0.15,0.16,0.09
SCHU,2019-11-08 22:25:00 EST,43.11700,-73.57829,103,22.4,24.1,22.4,75.5,15.8,0.000,0.000,0.00,0.000,0.4,0.9,0.3,169,21,1.0,1.4,0.2,159,30,1.0,1.4,0.2,159,30,0,30.19,-0.1,0,0,0,39.5,43.8,48.4,0.15,0.16,0.09
SCHU,2019-11-08 22:30:00 EST,43.11700,-73.57829,103,21.9,23.9,21.9,78.1,16.1,0.000,0.000,0.00,0.000,1.0,1.5,0.3,131,15,1.3,1.8,0.2,135,17,1.3,1.8,0.2,135,17,0,30.19,-0.2,0,0,0,39.5,43.8,48.4,0.15,0.16,0.09
SCHU,2019-11-08 22:35:00 EST,43.11700,-73.57829,103,21.9,24.0,21.9,76.5,15.7,0.000,0.000,0.00,0.000,1.3,2.0,0.3,158,10,1.6,2.2,0.2,157,11,1.6,2.2,0.2,157,11,0,30.19,-0.1,0,0,0,39.5,43.8,48.3,0.15,0.16,0.09
SCHU,2019-11-08 22:40:00 EST,43.11700,-73.57829,103,22.1,24.0,22.1,79.3,16.6,0.000,0.000,0.00,0.000,1.4,1.8,0.2,176,18,1.7,2.2,0.2,179,21,1.7,2.2,0.2,179,21,0,30.19,-0.2,0,0,0,39.4,43.8,48.4,0.15,0.16,0.09
SCHU,2019-11-08 22:45:00 EST,43.11700,-73.57829,103,21.9,23.8,21.9,80.6,16.8,0.000,0.000,0.00,0.000,0.9,1.4,0.2,217,10,1.1,1.7,0.3,215,10,1.1,1.7,0.3,215,10,0,30.19,-0.1,0,0,0,39.4,43.8,48.4,0.15,0.16,0.09
SCHU,2019-11-08 22:50:00 EST,43.11700,-73.57829,103,21.1,23.7,21.1,80.2,16.0,0.000,0.000,0.00,0.000,0.2,0.9,0.3,214,0,0.3,1.2,0.4,217,3,0.3,1.2,0.4,217,3,0,30.19,-0.0,0,0,0,39.3,43.8,48.4,0.15,0.16,0.09
SCHU,2019-11-08 22:55:00 EST,43.11700,-73.57829,103,21.4,23.7,21.4,80.7,16.4,0.000,0.000,0.00,0.000,0.0,0.0,0.0,0,0,0.1,0.9,0.2,209,6,0.1,0.9,0.2,209,6,0,30.19,-0.1,0,0,0,39.3,43.7,48.4,0.15,0.16,0.09
SCHU,2019-11-08 23:00:00 EST,43.11700,-73.57829,103,21.2,23.6,21.2,80.5,16.2,0.000,0.000,0.00,0.000,0.2,0.9,0.3,188,6,0.6,1.3,0.5,177,11,0.6,1.3,0.5,177,11,0,30.19,-0.2,0,0,0,39.2,43.7,48.4,0.15,0.16,0.09
SCHU,2019-11-08 23:05:00 EST,43.11700,-73.57829,103,20.9,23.3,20.9,85.2,17.2,0.000,0.000,0.00,0.000,1.0,1.4,0.2,202,25,1.4,1.7,0.2,199,26,1.4,1.7,0.2,199,26,0,30.20,-0.0,0,0,0,39.2,43.7,48.3,0.15,0.16,0.09
SCHU,2019-11-08 23:10:00 EST,43.11700,-73.57829,103,21.6,23.5,21.6,83.3,17.3,0.000,0.000,0.00,0.000,1.2,1.6,0.2,157,8,1.5,1.7,0.2,158,12,1.5,1.7,0.2,158,12,0,30.20,-0.2,0,0,0,39.2,43.7,48.4,0.15,0.16,0.09
SCHU,2019-11-08 23:15:00 EST,43.11700,-73.57829,103,21.4,23.0,21.4,83.0,17.1,0.000,0.000,0.00,0.000,1.0,1.2,0.1,210,11,1.3,1.6,0.2,212,10,1.3,1.6,0.2,212,10,0,30.20,-0.1,0,0,0,39.2,43.6,48.4,0.15,0.16,0.08
SCHU,2019-11-08 23:20:00 EST,43.11700,-73.57829,103,21.2,23.0,21.2,84.5,17.3,0.000,0.000,0.00,0.000,0.8,1.5,0.3,199,23,1.1,1.9,0.4,190,18,1.1,1.9,0.4,190,18,0,30.20,-0.1,0,0,0,39.2,43.6,48.3,0.15,0.16,0.09
SCHU,2019-11-08 23:25:00 EST,43.11700,-73.57829,103,21.0,23.0,21.0,83.0,16.6,0.000,0.000,0.00,0.000,1.1,2.0,0.3,173,14,1.5,2.3,0.3,176,17,1.5,2.3,0.3,176,17,0,30.20,-0.0,0,0,0,39.2,43.6,48.3,0.15,0.16,0.09
SCHU,2019-11-08 23:30:00 EST,43.11700,-73.57829,103,20.9,23.0,20.9,85.1,17.1,0.000,0.000,0.00,0.000,1.3,2.0,0.3,184,13,1.6,2.3,0.3,186,16,1.6,2.3,0.3,186,16,0,30.20,-0.1,0,0,0,39.2,43.6,48.3,0.15,0.16,0.08
SCHU,2019-11-08 23:35:00 EST,43.11700,-73.57829,103,21.3,23.2,21.3,86.1,17.8,0.000,0.000,0.00,0.000,1.0,1.6,0.2,164,16,1.4,1.9,0.2,163,15,1.4,1.9,0.2,163,15,0,30.20,-0.1,0,0,0,39.2,43.6,48.2,0.15,0.16,0.09
SCHU,2019-11-08 23:40:00 EST,43.11700,-73.57829,103,21.8,23.2,21.8,86.7,18.5,0.000,0.000,0.00,0.000,1.7,3.5,0.8,150,15,1.9,4.1,0.8,151,18,1.9,4.1,0.8,151,18,0,30.20,-0.1,0,0,0,39.2,43.6,48.3,0.15,0.16,0.09
SCHU,2019-11-08 23:45:00 EST,43.11700,-73.57829,103,21.5,23.2,21.5,85.8,17.9,0.000,0.000,0.00,0.000,1.1,1.9,0.4,154,14,1.4,2.8,0.4,153,17,1.4,2.8,0.4,153,17,0,30.20,-0.2,0,0,0,39.1,43.6,48.3,0.15,0.16,0.09
SCHU,2019-11-08 23:50:00 EST,43.11700,-73.57829,103,20.8,22.9,20.8,86.8,17.5,0.000,0.000,0.00,0.000,0.3,1.5,0.5,191,13,0.8,2.0,0.6,177,30,0.8,2.0,0.6,177,30,0,30.20,-0.1,0,0,0,39.1,43.6,48.3,0.15,0.16,0.09
SCHU,2019-11-08 23:55:00 EST,43.11700,-73.57829,103,20.6,22.8,20.6,88.8,17.9,0.000,0.000,0.00,0.000,1.3,1.7,0.2,209,8,1.6,2.1,0.2,213,7,1.6,2.1,0.2,213,7,0,30.20,-0.2,0,0,0,39.1,43.6,48.3,0.15,0.16,0.09
SCIP,2019-11-08 00:00:00 EST,42.75621,-76.53403,1297,26.7,26.6,21.2,96.8,25.9,0.000,0.141,0.00,0.000,4.3,5.5,0.7,276,10,4.7,6.4,0.8,279,10,4.7,6.4,0.8,279,10,0,28.69,,0,0,0,39.0,45.1,48.1,0.34,0.31,0.31
SCIP,2019-11-08 00:05:00 EST,42.75621,-76.53403,1297,26.8,26.6,20.8,96.8,26.0,0.000,0.000,0.00,0.000,4.7,5.8,0.6,285,10,5.1,6.5,0.8,287,9,5.1,6.5,0.8,287,9,0,28.69,,0,0,0,39.0,45.1,48.1,0.34,0.31,0.31
SCIP,2019-11-08 00:10:00 EST,42.75621,-76.53403,1297,26.8,26.7,20.2,96.9,26.1,0.003,0.003,0.00,0.003,5.4,8.3,1.2,287,9,5.9,9.9,1.4,288,8,5.9,9.9,1.4,288,8,0,28.69,,0,0,0,39.0,45.1,48.1,0.34,0.31,0.31
SCIP,2019-11-08 00:15:00 EST,42.75621,-76.53403,1297,26.9,26.8,18.8,97.0,26.2,0.006,0.009,0.00,0.009,7.3,11.1,1.5,303,15,7.8,12.1,1.8,305,16,7.8,12.1,1.8,305,16,0,28.69,,0,0,0,39.0,45.1,48.1,0.34,0.31,0.31
SCIP,2019-11-08 00:20:00 EST,42.75621,-76.53403,1297,26.7,26.5,16.6,96.7,25.9,0.002,0.011,0.00,0.011,10.6,14.4,1.6,309,11,11.0,16.3,1.9,312,11,11.0,16.3,1.9,312,11,0,28.69,,0,0,0,39.0,45.1,48.1,0.34,0.31,0.31
SCIP,2019-11-08 00:25:00 EST,42.75621,-76.53403,1297,26.5,26.3,17.1,96.6,25.6,0.000,0.011,0.00,0.011,9.1,13.5,1.8,301,11,9.7,14.4,2.0,303,12,9.7,14.4,2.0,303,12,0,28.69,,0,0,0,39.0,45.1,48.1,0.34,0.31,0.31
SCIP,2019-11-08 00:30:00 EST,42.75621,-76.53403,1297,26.3,26.1,17.0,96.6,25.4,0.002,0.013,0.00,0.013,9.0,12.2,1.9,302,9,9.5,14.5,2.1,302,10,9.5,14.5,2.1,302,10,0,28.69,,0,0,0,39.0,45.1,48.0,0.34,0.31,0.31
SCIP,2019-11-08 00:35:00 EST,42.75621,-76.53403,1297,26.2,26.0,17.1,96.7,25.4,0.000,0.013,0.00,0.013,8.7,12.1,1.6,302,10,9.1,14.2,1.7,302,10,9.1,14.2,1.7,302,10,0,28.69,,0,0,0,39.0,45.0,48.0,0.34,0.31,0.31
SCIP,2019-11-08 00:40:00 EST,42.75621,-76.53403,1297,26.2,26.0,17.5,96.9,25.4,0.002,0.015,0.00,0.015,8.1,12.7,1.7,302,11,8.5,13.0,1.9,303,11,8.5,13.0,1.9,303,11,0,28.69,,0,0,0,39.0,45.0,48.0,0.34,0.31,0.31
SCIP,2019-11-08 00:45:00 EST,42.75621,-76.53403,1297,26.2,26.0,17.2,97.1,25.5,0.002,0.018,0.00,0.018,8.2,11.0,1.5,292,10,9.0,12.5,1.7,292,9,9.0,12.5,1.7,292,9,0,28.68,,0,0,0,39.0,45.0,48.0,0.34,0.31,0.31
SCIP,2019-11-08 00:50:00 EST,42.75621,-76.53403,1297,26.3,26.0,16.9,97.2,25.6,0.002,0.020,0.00,0.020,8.7,11.9,1.4,289,8,9.5,13.1,1.6,290,7,9.5,13.1,1.6,290,7,0,28.68,,0,0,0,39.0,45.0,48.0,0.34,0.31,0.31
SCIP,2019-11-08 00:55:00 EST,42.75621,-76.53403,1297,26.3,26.1,16.5,97.3,25.6,0.002,0.022,0.00,0.022,9.2,13.3,1.7,289,10,10.1,14.7,2.0,289,8,10.1,14.7,2.0,289,8,0,28.68,,0,0,0,39.0,45.0,48.0,0.34,0.31,0.31
SCIP,2019-11-08 01:00:00 EST,42.75621,-76.53403,1297,26.2,26.1,16.5,97.2,25.6,0.002,0.024,0.00,0.024,9.4,12.2,1.8,293,9,10.3,14.4,2.0,293,7,10.3,14.4,2.0,293,7,0,28.68,,0,0,0,39.0,45.0,48.0,0.34,0.31,0.31
SCIP,2019-11-08 01:05:00 EST,42.75621,-76.53403,1297,26.3,26.1,17.1,97.2,25.6,0.002,0.026,0.00,0.026,8.8,11.8,1.5,298,10,9.2,12.3,1.6,298,10,9.2,12.3,1.6,298,10,0,28.68,,0,0,0,39.0,45.0,48.0,0.34,0.31,0.31
SCIP,2019-11-08 01:10:00 EST,42.75621,-76.53403,1297,26.3,26.1,16.6,97.3,25.6,0.004,0.030,0.00,0.027,9.4,12.3,1.3,296,7,9.9,12.7,1.4,296,7,9.9,12.7,1.4,296,7,0,28.68,,0,0,0,39.1,45.0,48.0,0.34,0.31,0.31
SCIP,2019-11-08 01:15:00 EST,42.75621,-76.53403,1297,26.3,26.1,17.0,97.3,25.6,0.002,0.032,0.00,0.023,8.9,12.7,1.6,301,11,9.4,13.7,1.7,302,10,9.4,13.7,1.7,302,10,0,28.68,,0,0,0,39.0,45.0,48.0,0.34,0.31,0.31
SCIP,2019-11-08 01:20:00 EST,42.75621,-76.53403,1297,26.3,26.1,17.6,97.4,25.6,0.004,0.037,0.00,0.026,7.7,11.3,1.5,290,11,8.5,12.6,1.9,289,8,8.5,12.6,1.9,289,8,0,28.68,,0,0,0,39.0,45.0,48.0,0.34,0.31,0.31
SCIP,2019-11-08 01:25:00 EST,42.75621,-76.53403,1297,26.2,26.0,17.1,97.4,25.5,0.006,0.043,0.00,0.032,8.5,13.2,2.0,295,9,9.1,14.0,2.1,294,7,9.1,14.0,2.1,294,7,0,28.68,,0,0,0,39.2,45.0,48.0,0.34,0.31,0.31
SCIP,2019-11-08 01:30:00 EST,42.75621,-76.53403,1297,26.1,26.0,16.4,97.3,25.5,0.002,0.045,0.00,0.032,9.5,12.2,1.3,295,8,10.1,13.4,1.6,294,7,10.1,13.4,1.6,294,7,0,28.68,,0,0,0,39.2,45.0,48.0,0.34,0.31,0.31
SCIP,2019-11-08 01:35:00 EST,42.75621,-76.53403,1297,26.1,26.0,16.9,97.4,25.5,0.004,0.049,0.00,0.036,8.7,12.5,1.6,295,11,9.3,14.1,1.7,295,10,9.3,14.1,1.7,295,10,0,28.68,,0,0,0,39.2,45.0,48.0,0.34,0.31,0.31
SCIP,2019-11-08 01:40:00 EST,42.75621,-76.53403,1297,26.1,25.9,16.5,97.4,25.5,0.002,0.051,0.00,0.036,9.2,13.5,1.8,297,9,9.9,13.5,1.9,296,7,9.9,13.5,1.9,296,7,0,28.68,,0,0,0,39.2,45.0,48.0,0.34,0.31,0.31
SCIP,2019-11-08 01:45:00 EST,42.75621,-76.53403,1297,26.1,25.9,15.9,97.3,25.4,0.002,0.053,0.00,0.035,10.3,14.0,2.1,302,9,10.8,15.5,2.1,302,8,10.8,15.5,2.1,302,8,0,28.68,,0,0,0,39.2,45.0,48.0,0.34,0.31,0.31
SCIP,2019-11-08 01:50:00 EST,42.75621,-76.53403,1297,26.1,25.9,16.4,97.3,25.4,0.002,0.055,0.00,0.035,9.7,13.4,1.5,302,8,10.1,13.6,1.6,302,7,10.1,13.6,1.6,302,7,0,28.68,,0,0,0,39.2,45.0,48.0,0.34,0.31,0.31
SCIP,2019-11-08 01:55:00 EST,42.75621,-76.53403,1297,26.1,25.9,15.8,97.3,25.4,0.002,0.057,0.00,0.035,10.7,13.6,1.5,303,9,11.1,15.3,1.6,302,9,11.1,15.3,1.6,302,9,0,28.68,,0,0,0,39.2,45.0,48.0,0.34,0.31,0.31
SCIP,2019-11-08 02:00:00 EST,42.75621,-76.53403,1297,26.1,26.0,16.5,97.3,25.4,0.002,0.059,0.00,0.036,9.4,12.7,1.5,309,10,9.9,13.3,1.7,310,9,9.9,13.3,1.7,310,9,0,28.68,,0,0,0,39.2,44.9,48.0,0.34,0.31,0.31
SCIP,2019-11-08 02:05:00 EST,42.75621,-76.53403,1297,26.2,26.0,16.6,97.4,25.5,0.004,0.063,0.00,0.038,9.3,13.5,1.7,318,8,9.8,14.5,1.9,320,8,9.8,14.5,1.9,320,8,0,28.68,,0,0,0,39.2,44.9,48.0,0.34,0.31,0.31
SCIP,2019-11-08 02:10:00 EST,42.75621,-76.53403,1297,26.1,25.9,16.3,97.3,25.5,0.004,0.068,0.00,0.038,9.8,13.4,1.5,314,11,10.3,14.3,1.5,315,10,10.3,14.3,1.5,315,10,0,28.68,,0,0,0,39.2,44.9,48.0,0.34,0.31,0.31
SCIP,2019-11-08 02:15:00 EST,42.75621,-76.53403,1297,26.1,25.9,17.2,97.3,25.4,0.002,0.070,0.00,0.037,8.2,12.5,1.4,304,11,8.6,13.3,1.5,304,11,8.6,13.3,1.5,304,11,0,28.68,,0,0,0,39.2,44.9,48.0,0.34,0.31,0.31
SCIP,2019-11-08 02:20:00 EST,42.75621,-76.53403,1297,26.0,25.9,17.7,97.3,25.4,0.000,0.070,0.00,0.033,7.2,11.6,2.0,289,9,7.9,12.8,2.2,289,9,7.9,12.8,2.2,289,9,0,28.68,,0,0,0,39.2,44.8,48.0,0.34,0.31,0.31
SCIP,2019-11-08 02:25:00 EST,42.75621,-76.53403,1297,25.9,25.7,16.4,97.3,25.3,0.000,0.070,0.00,0.027,8.8,11.6,1.8,290,11,9.6,14.2,2.1,290,9,9.6,14.2,2.1,290,9,0,28.68,,0,0,0,39.2,44.8,48.0,0.34,0.31,0.31
SCIP,2019-11-08 02:30:00 EST,42.75621,-76.53403,1297,25.8,25.7,16.2,97.3,25.2,0.002,0.072,0.00,0.027,9.1,14.2,2.2,297,10,9.8,15.6,2.5,297,10,9.8,15.6,2.5,297,10,0,28.68,,0,0,0,39.2,44.8,48.0,0.34,0.31,0.31
SCIP,2019-11-08 02:35:00 EST,42.75621,-76.53403,1297,25.8,25.7,16.4,97.3,25.2,0.002,0.074,0.00,0.025,8.8,12.1,1.6,300,8,9.4,13.6,1.7,299,9,9.4,13.6,1.7,299,9,0,28.68,,0,0,0,39.2,44.8,48.0,0.34,0.31,0.31
SCIP,2019-11-08 02:40:00 EST,42.75621,-76.53403,1297,25.9,25.7,16.8,97.3,25.2,0.000,0.074,0.00,0.023,8.4,14.0,2.1,305,10,8.8,14.3,2.2,306,10,8.8,14.3,2.2,306,10,0,28.68,,0,0,0,39.2,44.8,48.0,0.34,0.31,0.31
SCIP,2019-11-08 02:45:00 EST,42.75621,-76.53403,1297,25.8,25.7,16.2,97.3,25.2,0.002,0.076,0.00,0.023,9.2,12.6,1.5,295,11,9.9,14.2,1.7,296,11,9.9,14.2,1.7,296,11,0,28.68,,0,0,0,39.2,44.8,48.0,0.34,0.31,0.31
SCIP,2019-11-08 02:50:00 EST,42.75621,-76.53403,1297,25.6,25.5,16.3,97.2,25.0,0.000,0.076,0.00,0.021,8.6,13.1,1.9,294,10,9.2,14.3,2.1,293,8,9.2,14.3,2.1,293,8,0,28.68,,0,0,0,39.2,44.8,48.0,0.34,0.31,0.31
SCIP,2019-11-08 02:55:00 EST,42.75621,-76.53403,1297,25.5,25.4,15.5,97.1,24.8,0.000,0.076,0.00,0.019,9.6,12.7,1.6,296,10,10.3,14.4,1.8,295,8,10.3,14.4,1.8,295,8,0,28.68,,0,0,0,39.2,44.8,48.0,0.34,0.31,0.31
SCIP,2019-11-08 03:00:00 EST,42.75621,-76.53403,1297,25.5,25.4,14.9,97.1,24.8,0.000,0.076,0.00,0.017,10.4,14.0,1.7,292,9,11.3,15.5,2.0,291,7,11.3,15.5,2.0,291,7,0,28.68,,0,0,0,39.2,44.8,48.0,0.34,0.31,0.31
SCIP,2019-11-08 03:05:00 EST,42.75621,-76.53403,1297,25.5,25.3,15.4,97.1,24.8,0.000,0.076,0.00,0.013,9.5,13.7,2.0,292,9,10.5,14.9,2.1,291,9,10.5,14.9,2.1,291,9,0,28.68,,0,0,0,39.2,44.8,48.0,0.34,0.31,0.31
SCIP,2019-11-08 03:10:00 EST,42.75621,-76.53403,1297,25.5,25.3,15.8,97.3,24.8,0.000,0.076,0.00,0.008,9.1,14.6,2.0,287,11,9.9,16.3,2.3,286,10,9.9,16.3,2.3,286,10,0,28.68,,0,0,0,39.2,44.8,48.0,0.34,0.31,0.31
SCIP,2019-11-08 03:15:00 EST,42.75621,-76.53403,1297,25.4,25.3,14.8,97.2,24.8,0.000,0.076,0.00,0.006,10.4,13.6,1.8,285,10,11.5,15.3,2.2,285,8,11.5,15.3,2.2,285,8,0,28.68,,0,0,0,39.2,44.8,48.0,0.34,0.31,0.31
SCIP,2019-11-08 03:20:00 EST,42.75621,-76.53403,1297,25.3,25.2,15.1,97.1,24.6,0.000,0.076,0.00,0.006,9.5,13.9,2.0,287,9,10.5,15.3,2.4,287,7,10.5,15.3,2.4,287,7,0,28.68,,0,0,0,39.2,44.8,48.0,0.33,0.31,0.31
SCIP,2019-11-08 03:25:00 EST,42.75621,-76.53403,1297,25.0,25.0,14.3,96.8,24.3,0.000,0.076,0.00,0.006,10.7,15.2,1.9,293,10,11.4,17.3,2.2,293,8,11.4,17.3,2.2,293,8,0,28.69,,0,0,0,39.2,44.8,48.0,0.34,0.31,0.31
SCIP,2019-11-08 03:30:00 EST,42.75621,-76.53403,1297,24.9,25.0,14.3,96.7,24.1,0.000,0.076,0.00,0.004,10.3,14.5,1.9,297,8,11.2,16.5,2.2,296,8,11.2,16.5,2.2,296,8,0,28.69,,0,0,0,39.2,44.8,48.0,0.34,0.31,0.31
SCIP,2019-11-08 03:35:00 EST,42.75621,-76.53403,1297,25.2,25.1,14.4,96.8,24.4,0.000,0.076,0.00,0.002,11.3,15.5,1.5,303,8,11.7,15.9,1.7,302,8,11.7,15.9,1.7,302,8,0,28.69,,0,0,0,39.2,44.8,48.0,0.34,0.31,0.31
SCIP,2019-11-08 03:40:00 EST,42.75621,-76.53403,1297,25.3,25.2,13.7,96.7,24.5,0.000,0.076,0.00,0.002,12.9,16.4,1.8,300,8,13.6,17.4,1.9,300,8,13.6,17.4,1.9,300,8,0,28.69,,0,0,0,39.2,44.8,48.0,0.34,0.31,0.31
SCIP,2019-11-08 03:45:00 EST,42.75621,-76.53403,1297,25.3,25.2,14.1,96.6,24.5,0.000,0.076,0.00,0.000,12.1,17.4,2.1,301,9,12.6,17.8,2.2,301,9,12.6,17.8,2.2,301,9,0,28.69,,0,0,0,39.2,44.8,48.0,0.34,0.31,0.31
SCIP,2019-11-08 03:50:00 EST,42.75621,-76.53403,1297,25.3,25.2,14.8,96.6,24.5,0.000,0.076,0.00,0.000,10.7,14.1,1.5,305,9,11.2,14.2,1.5,306,9,11.2,14.2,1.5,306,9,0,28.69,,0,0,0,39.2,44.8,48.0,0.34,0.31,0.31
SCIP,2019-11-08 03:55:00 EST,42.75621,-76.53403,1297,25.4,25.2,15.0,96.8,24.6,0.002,0.078,0.00,0.002,10.5,15.3,1.7,305,8,11.0,16.6,1.9,306,9,11.0,16.6,1.9,306,9,0,28.69,,0,0,0,39.2,44.8,48.0,0.34,0.31,0.31
SCIP,2019-11-08 04:00:00 EST,42.75621,-76.53403,1297,25.4,25.2,14.8,96.9,24.7,0.002,0.080,0.00,0.004,10.9,15.3,1.5,311,8,11.4,16.1,1.6,312,7,11.4,16.1,1.6,312,7,0,28.69,,0,0,0,39.2,44.8,48.0,0.34,0.31,0.31
SCIP,2019-11-08 04:05:00 EST,42.75621,-76.53403,1297,25.4,25.3,15.6,97.0,24.7,0.000,0.080,0.00,0.004,9.6,13.6,1.5,315,9,9.9,14.3,1.6,317,9,9.9,14.3,1.6,317,9,0,28.69,,0,0,0,39.2,44.8,48.0,0.34,0.31,0.31
SCIP,2019-11-08 04:10:00 EST,42.75621,-76.53403,1297,25.4,25.2,15.3,97.0,24.6,0.000,0.080,0.00,0.004,9.9,13.2,1.8,316,8,10.4,13.8,1.7,317,6,10.4,13.8,1.7,317,6,0,28.70,,0,0,0,39.3,44.7,48.0,0.34,0.31,0.31
SCIP,2019-11-08 04:15:00 EST,42.75621,-76.53403,1297,25.2,25.0,14.2,97.0,24.4,0.002,0.082,0.00,0.006,11.4,14.7,1.8,315,7,12.0,15.4,1.8,317,8,12.0,15.4,1.8,317,8,0,28.70,,0,0,0,39.3,44.7,48.0,0.34,0.31,0.31
SCIP,2019-11-08 04:20:00 EST,42.75621,-76.53403,1297,25.2,25.0,14.1,97.0,24.4,0.000,0.082,0.00,0.006,11.5,16.4,2.3,318,7,12.2,16.8,2.4,320,6,12.2,16.8,2.4,320,6,0,28.70,,0,0,0,39.4,44.7,48.0,0.34,0.31,0.31
SCIP,2019-11-08 04:25:00 EST,42.75621,-76.53403,1297,25.1,25.0,13.9,96.9,24.4,0.000,0.082,0.00,0.006,11.4,15.2,1.8,326,8,12.5,17.3,2.1,329,7,12.5,17.3,2.1,329,7,0,28.70,,0,0,0,39.3,44.7,48.0,0.34,0.31,0.31
SCIP,2019-11-08 04:30:00 EST,42.75621,-76.53403,1297,25.0,24.9,13.7,96.4,24.1,0.000,0.082,0.00,0.006,11.3,14.8,1.4,336,9,12.6,16.4,1.7,339,9,12.6,16.4,1.7,339,9,0,28.70,,0,0,0,39.4,44.6,48.0,0.34,0.31,0.31
SCIP,2019-11-08 04:35:00 EST,42.75621,-76.53403,1297,24.9,24.7,12.8,96.2,23.9,0.000,0.082,0.00,0.006,12.1,15.7,1.5,345,7,14.2,18.3,1.8,348,5,14.2,18.3,1.8,348,5,0,28.70,,0,0,0,39.4,44.6,48.0,0.34,0.31,0.31
SCIP,2019-11-08 04:40:00 EST,42.75621,-76.53403,1297,24.5,24.3,12.5,95.9,23.5,0.000,0.082,0.00,0.006,11.6,14.9,1.3,351,9,13.9,18.0,1.7,352,5,13.9,18.0,1.7,352,5,0,28.70,,0,0,0,39.4,44.6,48.0,0.34,0.31,0.31
SCIP,2019-11-08 04:45:00 EST,42.75621,-76.53403,1297,24.3,24.1,13.0,96.1,23.4,0.000,0.082,0.00,0.006,10.3,13.7,1.8,355,13,12.2,16.9,2.2,354,5,12.2,16.9,2.2,354,5,0,28.71,,0,0,0,39.4,44.6,48.0,0.33,0.31,0.31
SCIP,2019-11-08 04:50:00 EST,42.75621,-76.53403,1297,24.0,23.8,12.6,95.9,23.0,0.000,0.082,0.00,0.006,10.2,12.6,0.8,349,7,12.1,14.8,1.1,351,4,12.1,14.8,1.1,351,4,0,28.71,0.7,0,0,0,39.4,44.6,48.0,0.33,0.31,0.31
SCIP,2019-11-08 04:55:00 EST,42.75621,-76.53403,1297,23.5,23.5,12.2,95.7,22.5,0.000,0.082,0.00,0.004,10.1,12.4,1.2,346,5,11.9,15.4,1.5,349,3,11.9,15.4,1.5,349,3,0,28.71,0.7,0,0,0,39.3,44.6,48.0,0.34,0.31,0.31
SCIP,2019-11-08 05:00:00 EST,42.75621,-76.53403,1297,23.4,23.5,12.5,95.9,22.4,0.000,0.082,0.00,0.002,9.6,14.2,1.6,343,9,11.0,17.2,2.1,346,7,11.0,17.2,2.1,346,7,0,28.71,,0,0,0,39.3,44.6,48.0,0.34,0.31,0.31
SCIP,2019-11-08 05:05:00 EST,42.75621,-76.53403,1297,23.5,23.6,13.6,96.0,22.5,0.000,0.082,0.00,0.002,8.5,11.8,1.7,332,8,9.3,12.5,1.7,336,7,9.3,12.5,1.7,336,7,0,28.71,,0,0,0,39.3,44.6,47.9,0.34,0.31,0.31
SCIP,2019-11-08 05:10:00 EST,42.75621,-76.53403,1297,23.8,23.8,14.6,96.0,22.8,0.000,0.082,0.00,0.002,7.6,10.7,1.3,327,10,8.4,13.4,1.5,330,10,8.4,13.4,1.5,330,10,0,28.71,,0,0,0,39.3,44.6,47.9,0.33,0.31,0.31
SCIP,2019-11-08 05:15:00 EST,42.75621,-76.53403,1297,24.0,23.8,14.2,96.2,23.1,0.006,0.088,0.00,0.006,8.7,14.2,2.6,328,6,9.4,15.6,2.7,332,7,9.4,15.6,2.7,332,7,0,28.72,,0,0,0,39.2,44.6,47.8,0.34,0.31,0.31
SCIP,2019-11-08 05:20:00 EST,42.75621,-76.53403,1297,24.1,23.9,13.5,96.0,23.1,0.000,0.088,0.00,0.006,9.8,14.6,1.9,329,11,10.7,19.0,2.6,333,10,10.7,19.0,2.6,333,10,0,28.72,,0,0,0,39.2,44.6,47.8,0.34,0.31,0.31
SCIP,2019-11-08 05:25:00 EST,42.75621,-76.53403,1297,24.0,23.8,13.9,95.8,23.0,0.000,0.088,0.00,0.006,8.8,13.3,1.8,334,10,9.8,15.1,2.1,337,9,9.8,15.1,2.1,337,9,0,28.72,0.6,0,0,0,39.2,44.6,47.9,0.34,0.31,0.31
SCIP,2019-11-08 05:30:00 EST,42.75621,-76.53403,1297,23.8,23.7,12.9,95.6,22.7,0.000,0.088,0.00,0.006,10.4,14.8,1.9,324,8,11.1,15.4,1.9,327,9,11.1,15.4,1.9,327,9,0,28.72,0.8,0,0,0,39.2,44.6,47.8,0.34,0.31,0.31
SCIP,2019-11-08 05:35:00 EST,42.75621,-76.53403,1297,23.5,23.5,12.1,95.4,22.4,0.000,0.088,0.00,0.006,11.7,14.8,1.5,318,7,12.2,15.7,1.7,320,6,12.2,15.7,1.7,320,6,0,28.72,0.7,0,0,0,39.2,44.6,47.8,0.33,0.31,0.31
SCIP,2019-11-08 05:40:00 EST,42.75621,-76.53403,1297,23.2,23.3,13.2,95.4,22.1,0.000,0.088,0.00,0.006,9.1,12.3,1.6,314,8,9.5,12.6,1.7,317,7,9.5,12.6,1.7,317,7,0,28.72,0.6,0,0,0,39.2,44.6,47.8,0.34,0.31,0.31
SCIP,2019-11-08 05:45:00 EST,42.75621,-76.53403,1297,23.0,23.1,13.0,95.5,21.9,0.000,0.088,0.00,0.006,9.2,14.1,1.6,309,8,9.4,14.9,1.7,311,8,9.4,14.9,1.7,311,8,0,28.72,0.4,0,0,0,39.2,44.6,47.8,0.33,0.31,0.31
SCIP,2019-11-08 05:50:00 EST,42.75621,-76.53403,1297,23.0,23.0,12.2,95.6,21.9,0.000,0.088,0.00,0.006,10.2,14.9,1.6,305,10,10.5,15.7,1.7,304,9,10.5,15.7,1.7,304,9,0,28.73,,0,0,0,39.2,44.6,47.8,0.34,0.31,0.31
SCIP,2019-11-08 05:55:00 EST,42.75621,-76.53403,1297,23.0,23.1,11.2,95.3,21.9,0.000,0.088,0.00,0.006,12.0,18.0,2.3,302,9,12.6,17.9,2.4,301,9,12.6,17.9,2.4,301,9,0,28.73,0.6,0,0,0,39.2,44.6,47.8,0.33,0.31,0.31
SCIP,2019-11-08 06:00:00 EST,42.75621,-76.53403,1297,22.9,23.0,11.0,94.8,21.6,0.000,0.088,0.00,0.006,11.8,15.9,2.0,300,8,12.6,16.3,2.1,298,8,12.6,16.3,2.1,298,8,0,28.73,0.8,0,0,0,39.2,44.6,47.8,0.33,0.31,0.31
SCIP,2019-11-08 06:05:00 EST,42.75621,-76.53403,1297,22.7,22.8,11.3,94.3,21.3,0.000,0.088,0.00,0.006,11.0,16.1,2.0,300,7,11.4,16.9,2.1,299,6,11.4,16.9,2.1,299,6,0,28.73,0.8,0,0,0,39.2,44.6,47.8,0.34,0.31,0.31
SCIP,2019-11-08 06:10:00 EST,42.75621,-76.53403,1297,22.6,22.7,11.2,94.1,21.2,0.000,0.088,0.00,0.006,11.1,16.4,1.9,300,10,11.5,16.8,2.0,300,8,11.5,16.8,2.0,300,8,0,28.73,0.8,0,0,0,39.2,44.6,47.8,0.33,0.31,0.31
SCIP,2019-11-08 06:15:00 EST,42.75621,-76.53403,1297,22.6,22.7,11.7,94.1,21.2,0.000,0.088,0.00,0.000,10.1,15.7,1.7,303,11,10.7,17.6,1.8,302,9,10.7,17.6,1.8,302,9,0,28.74,0.8,0,0,0,39.2,44.6,47.8,0.33,0.31,0.31
SCIP,2019-11-08 06:20:00 EST,42.75621,-76.53403,1297,22.7,22.7,11.7,94.3,21.3,0.000,0.088,0.00,0.000,10.5,13.7,1.6,305,10,10.9,15.1,1.8,305,9,10.9,15.1,1.8,305,9,0,28.74,0.9,0,0,0,39.2,44.6,47.8,0.33,0.31,0.31
SCIP,2019-11-08 06:25:00 EST,42.75621,-76.53403,1297,22.9,22.9,11.1,94.5,21.6,0.000,0.088,0.00,0.000,12.1,17.3,1.8,303,9,12.5,18.3,2.1,301,8,12.5,18.3,2.1,301,8,0,28.74,0.9,0,0,0,39.2,44.6,47.8,0.33,0.31,0.31
SCIP,2019-11-08 06:30:00 EST,42.75621,-76.53403,1297,23.0,22.9,11.7,94.8,21.7,0.000,0.088,0.00,0.000,11.0,15.1,2.0,301,8,11.5,15.8,2.0,300,9,11.5,15.8,2.0,300,9,0,28.74,0.7,0,0,0,39.2,44.6,47.8,0.33,0.31,0.31
SCIP,2019-11-08 06:35:00 EST,42.75621,-76.53403,1297,23.0,22.9,11.4,94.9,21.8,0.000,0.088,0.00,0.000,11.7,16.5,2.3,300,9,12.1,17.4,2.5,298,8,12.1,17.4,2.5,298,8,0,28.75,0.8,0,0,0,39.2,44.6,47.8,0.33,0.31,0.31
SCIP,2019-11-08 06:40:00 EST,42.75621,-76.53403,1297,23.0,22.9,11.2,95.1,21.8,0.000,0.088,0.00,0.000,12.1,17.8,2.3,298,11,12.7,20.4,2.7,296,10,12.7,20.4,2.7,296,10,1,28.75,,0,0,0,39.2,44.6,47.8,0.34,0.31,0.31
SCIP,2019-11-08 06:45:00 EST,42.75621,-76.53403,1297,23.0,22.8,10.7,94.9,21.7,0.000,0.088,0.00,0.000,12.9,17.9,2.1,301,10,13.4,18.0,2.3,298,8,13.4,18.0,2.3,298,8,2,28.75,0.2,0,0,0,39.2,44.6,47.8,0.34,0.31,0.31
SCIP,2019-11-08 06:50:00 EST,42.75621,-76.53403,1297,22.9,22.8,10.4,95.0,21.7,0.000,0.088,0.00,0.000,13.2,16.9,2.1,298,10,13.9,19.9,2.3,296,9,13.9,19.9,2.3,296,9,4,28.76,-0.3,0,0,0,39.2,44.5,47.8,0.34,0.31,0.31
SCIP,2019-11-08 06:55:00 EST,42.75621,-76.53403,1297,22.9,22.8,11.1,95.0,21.7,0.000,0.088,0.00,0.000,12.1,16.1,2.3,301,10,12.6,18.9,2.4,299,8,12.6,18.9,2.4,299,8,5,28.76,-0.8,0,0,0,39.2,44.5,47.8,0.34,0.31,0.31
SCIP,2019-11-08 07:00:00 EST,42.75621,-76.53403,1297,22.9,22.7,11.4,95.1,21.7,0.000,0.088,0.00,0.000,11.4,16.0,2.2,301,9,11.8,16.6,2.2,299,8,11.8,16.6,2.2,299,8,7,28.76,-0.6,0,0,0,39.2,44.5,47.8,0.34,0.31,0.31
SCIP,2019-11-08 07:05:00 EST,42.75621,-76.53403,1297,22.8,22.7,10.3,94.8,21.5,0.000,0.088,0.00,0.000,13.6,18.0,2.2,305,8,13.9,18.4,2.3,303,9,13.9,18.4,2.3,303,9,11,28.76,,0,0,0,39.2,44.5,47.8,0.34,0.31,0.31
SCIP,2019-11-08 07:10:00 EST,42.75621,-76.53403,1297,22.7,22.6,10.6,94.5,21.4,0.000,0.088,0.00,0.000,12.8,18.4,2.2,304,8,13.1,18.8,2.3,304,7,13.1,18.8,2.3,304,7,16,28.76,-0.0,0,0,0,39.2,44.4,47.8,0.34,0.31,0.31
SCIP,2019-11-08 07:15:00 EST,42.75621,-76.53403,1297,22.8,22.7,10.7,94.7,21.5,0.000,0.088,0.00,0.000,12.4,19.1,2.5,302,11,13.0,20.3,2.5,301,10,13.0,20.3,2.5,301,10,21,28.76,0.7,0,0,0,39.2,44.5,47.8,0.34,0.31,0.31
SCIP,2019-11-08 07:20:00 EST,42.75621,-76.53403,1297,22.8,22.7,10.5,94.2,21.4,0.000,0.088,0.00,0.000,13.2,17.2,1.9,312,10,13.5,19.3,2.0,311,9,13.5,19.3,2.0,311,9,26,28.76,1.1,0,0,0,39.2,44.4,47.8,0.33,0.31,0.31
SCIP,2019-11-08 07:25:00 EST,42.75621,-76.53403,1297,22.8,22.7,9.7,94.0,21.4,0.000,0.088,0.00,0.000,14.9,20.6,2.7,312,9,15.4,21.5,2.8,312,9,15.4,21.5,2.8,312,9,27,28.77,1.2,0,0,0,39.2,44.4,47.8,0.34,0.31,0.31
SCIP,2019-11-08 07:30:00 EST,42.75621,-76.53403,1297,22.8,22.6,10.4,93.9,21.3,0.000,0.088,0.00,0.000,13.7,20.0,2.4,317,7,13.7,20.8,2.5,317,7,13.7,20.8,2.5,317,7,32,28.77,1.4,0,0,0,39.2,44.4,47.8,0.34,0.31,0.31
SCIP,2019-11-08 07:35:00 EST,42.75621,-76.53403,1297,22.7,22.5,10.3,93.6,21.2,0.000,0.088,0.00,0.000,13.4,18.0,2.3,318,8,13.6,19.1,2.5,317,7,13.6,19.1,2.5,317,7,32,28.77,1.4,0,0,0,39.2,44.4,47.8,0.34,0.31,0.31
SCIP,2019-11-08 07:40:00 EST,42.75621,-76.53403,1297,22.7,22.5,9.8,93.7,21.1,0.000,0.088,0.00,0.000,14.4,19.9,2.6,316,7,14.7,19.5,2.9,315,7,14.7,19.5,2.9,315,7,34,28.77,1.4,0,0,0,39.2,44.4,47.8,0.34,0.31,0.31
SCIP,2019-11-08 07:45:00 EST,42.75621,-76.53403,1297,22.7,22.5,11.0,94.1,21.3,0.000,0.088,0.00,0.000,11.9,16.9,2.1,312,10,12.2,17.4,2.1,312,9,12.2,17.4,2.1,312,9,42,28.78,1.4,0,0,0,39.2,44.4,47.8,0.34,0.31,0.31
SCIP,2019-11-08 07:50:00 EST,42.75621,-76.53403,1297,22.6,22.4,9.4,93.7,21.1,0.002,0.091,0.00,0.002,15.2,20.9,2.3,315,9,15.6,20.9,2.5,315,9,15.6,20.9,2.5,315,9,53,28.78,1.5,0,0,0,39.2,44.4,47.8,0.34,0.31,0.31
SCIP,2019-11-08 07:55:00 EST,42.75621,-76.53403,1297,22.5,22.3,9.5,93.8,21.0,0.000,0.091,0.00,0.002,14.5,17.9,1.7,318,8,14.8,19.6,1.8,318,7,14.8,19.6,1.8,318,7,48,28.78,1.5,0,0,0,39.2,44.4,47.8,0.34,0.31,0.31
SCIP,2019-11-08 08:00:00 EST,42.75621,-76.53403,1297,22.3,22.0,9.3,94.0,20.8,0.000,0.091,0.00,0.002,14.6,19.9,2.2,315,8,14.8,21.3,2.2,316,7,14.8,21.3,2.2,316,7,46,28.79,1.3,0,0,0,39.2,44.4,47.8,0.34,0.31,0.31
SCIP,2019-11-08 08:05:00 EST,42.75621,-76.53403,1297,22.1,21.8,8.7,93.9,20.6,0.000,0.091,0.00,0.002,15.1,20.2,2.4,320,8,15.3,21.4,2.4,320,6,15.3,21.4,2.4,320,6,55,28.79,1.5,0,0,0,39.2,44.4,47.8,0.34,0.31,0.31
SCIP,2019-11-08 08:10:00 EST,42.75621,-76.53403,1297,22.1,21.8,10.3,93.9,20.6,0.000,0.091,0.00,0.002,11.9,16.4,2.1,322,7,12.0,17.2,2.2,323,7,12.0,17.2,2.2,323,7,84,28.79,1.2,0,0,0,39.2,44.4,47.8,0.34,0.31,0.31
SCIP,2019-11-08 08:15:00 EST,42.75621,-76.53403,1297,22.1,21.9,10.4,93.9,20.6,0.000,0.091,0.00,0.002,11.6,16.0,2.1,322,9,11.8,17.2,2.1,323,9,11.8,17.2,2.1,323,9,87,28.79,1.3,0,0,0,39.2,44.4,47.8,0.34,0.31,0.31
SCIP,2019-11-08 08:20:00 EST,42.75621,-76.53403,1297,22.1,21.9,10.7,93.5,20.5,0.000,0.091,0.00,0.002,11.2,14.5,1.4,320,7,11.3,16.4,1.5,322,7,11.3,16.4,1.5,322,7,92,28.79,1.3,0,0,0,39.2,44.4,47.8,0.34,0.31,0.31
SCIP,2019-11-08 08:25:00 EST,42.75621,-76.53403,1297,22.2,22.0,11.3,93.4,20.6,0.000,0.091,0.00,0.002,9.9,15.4,2.3,320,8,10.4,16.3,2.1,319,8,10.4,16.3,2.1,319,8,117,28.80,1.3,0,0,0,39.2,44.4,47.8,0.34,0.31,0.31
SCIP,2019-11-08 08:30:00 EST,42.75621,-76.53403,1297,22.4,22.2,10.6,93.4,20.8,0.000,0.091,0.00,0.002,11.9,15.7,2.1,316,7,12.2,17.2,2.0,317,7,12.2,17.2,2.0,317,7,132,28.80,1.3,0,0,0,39.2,44.4,47.8,0.34,0.31,0.31
SCIP,2019-11-08 08:35:00 EST,42.75621,-76.53403,1297,22.4,22.2,11.3,93.2,20.8,0.000,0.091,0.00,0.002,10.8,14.7,1.7,318,8,11.0,14.9,1.7,318,8,11.0,14.9,1.7,318,8,102,28.80,1.3,0,0,0,39.2,44.4,47.6,0.34,0.31,0.31
SCIP,2019-11-08 08:40:00 EST,42.75621,-76.53403,1297,22.5,22.3,11.5,92.9,20.7,0.000,0.091,0.00,0.002,10.7,15.8,2.0,319,9,10.7,16.3,2.1,319,10,10.7,16.3,2.1,319,10,122,28.80,1.3,0,0,0,39.2,44.4,47.7,0.34,0.31,0.31
SCIP,2019-11-08 08:45:00 EST,42.75621,-76.53403,1297,22.6,22.4,11.9,93.1,20.9,0.000,0.091,0.00,0.002,10.0,12.9,1.6,318,8,10.2,13.1,1.6,319,7,10.2,13.1,1.6,319,7,126,28.80,1.2,0,0,0,39.2,44.4,47.6,0.34,0.31,0.31
SCIP,2019-11-08 08:50:00 EST,42.75621,-76.53403,1297,22.6,22.3,11.4,93.0,20.9,0.000,0.091,0.00,0.000,11.1,14.0,1.7,320,9,11.2,14.5,1.8,321,8,11.2,14.5,1.8,321,8,149,28.80,1.2,0,0,0,39.2,44.4,47.6,0.34,0.31,0.31
SCIP,2019-11-08 08:55:00 EST,42.75621,-76.53403,1297,22.7,22.4,11.2,92.7,20.9,0.000,0.091,0.00,0.000,11.3,18.0,2.8,315,8,11.6,18.0,2.9,316,8,11.6,18.0,2.9,316,8,165,28.80,1.2,0,0,0,39.2,44.4,47.5,0.34,0.31,0.31
SCIP,2019-11-08 09:00:00 EST,42.75621,-76.53403,1297,22.8,22.4,11.6,92.6,20.9,0.000,0.091,0.00,0.000,10.8,16.8,2.2,321,9,11.2,16.9,2.2,322,9,11.2,16.9,2.2,322,9,179,28.80,1.2,0,0,0,39.2,44.4,47.5,0.34,0.31,0.31
SCIP,2019-11-08 09:05:00 EST,42.75621,-76.53403,1297,22.6,22.3,9.9,91.2,20.4,0.000,0.091,0.00,0.000,13.9,18.3,1.9,328,9,14.2,18.5,2.0,329,11,14.2,18.5,2.0,329,11,188,28.80,0.9,0,0,0,39.2,44.4,47.5,0.34,0.31,0.31
SCIP,2019-11-08 09:10:00 EST,42.75621,-76.53403,1297,22.3,22.0,8.2,91.6,20.3,0.000,0.091,0.00,0.000,16.6,24.5,3.8,336,8,17.6,26.6,4.1,338,8,17.6,26.6,4.1,338,8,144,28.80,1.2,0,0,0,39.2,44.4,47.6,0.34,0.31,0.31
SCIP,2019-11-08 09:15:00 EST,42.75621,-76.53403,1297,22.1,21.8,8.3,91.1,19.9,0.000,0.091,0.00,0.000,15.8,22.7,2.3,329,10,16.2,24.1,2.4,331,10,16.2,24.1,2.4,331,10,138,28.81,1.3,0,0,0,39.2,44.4,47.5,0.34,0.31,0.31
SCIP,2019-11-08 09:20:00 EST,42.75621,-76.53403,1297,22.1,21.8,9.0,90.8,19.8,0.000,0.091,0.00,0.000,14.5,19.4,2.2,319,8,14.7,20.2,2.3,320,7,14.7,20.2,2.3,320,7,185,28.81,1.3,0,0,0,39.2,44.4,47.5,0.34,0.31,0.31
SCIP,2019-11-08 09:25:00 EST,42.75621,-76.53403,1297,22.3,22.0,9.0,90.4,19.9,0.000,0.091,0.00,0.000,14.9,18.9,2.4,317,7,15.2,19.6,2.5,316,7,15.2,19.6,2.5,316,7,198,28.81,1.3,0,0,0,39.2,44.4,47.5,0.34,0.31,0.31
SCIP,2019-11-08 09:30:00 EST,42.75621,-76.53403,1297,22.2,22.0,10.3,90.8,19.9,0.000,0.091,0.00,0.000,12.1,17.8,2.2,312,9,12.3,18.4,2.2,311,8,12.3,18.4,2.2,311,8,231,28.81,1.2,0,0,0,39.2,44.4,47.5,0.34,0.31,0.31
SCIP,2019-11-08 09:35:00 EST,42.75621,-76.53403,1297,22.1,21.9,10.1,90.6,19.7,0.000,0.091,0.00,0.000,12.2,17.9,2.0,318,7,12.3,17.4,2.1,318,7,12.3,17.4,2.1,318,7,205,28.81,1.2,0,0,0,39.2,44.4,47.5,0.34,0.31,0.31
SCIP,2019-11-08 09:40:00 EST,42.75621,-76.53403,1297,22.0,21.8,11.2,90.8,19.7,0.000,0.091,0.00,0.000,10.1,13.1,1.3,315,8,10.3,13.6,1.4,314,8,10.3,13.6,1.4,314,8,283,28.81,1.5,0,0,0,39.2,44.4,47.5,0.34,0.31,0.31
SCIP,2019-11-08 09:45:00 EST,42.75621,-76.53403,1297,22.8,22.5,12.2,90.4,20.4,0.000,0.091,0.00,0.000,9.9,13.2,1.5,317,9,10.2,14.7,1.6,316,10,10.2,14.7,1.6,316,10,440,28.82,1.4,0,0,0,39.2,44.4,47.5,0.34,0.31,0.31
SCIP,2019-11-08 09:50:00 EST,42.75621,-76.53403,1297,23.3,22.8,12.1,89.5,20.6,0.000,0.091,0.00,0.000,11.2,15.1,1.8,317,8,11.4,16.3,1.8,317,8,11.4,16.3,1.8,317,8,343,28.82,1.4,0,0,0,39.2,44.4,47.5,0.34,0.31,0.31
SCIP,2019-11-08 09:55:00 EST,42.75621,-76.53403,1297,23.0,22.7,11.2,88.9,20.3,0.000,0.091,0.00,0.000,12.3,17.0,2.0,312,11,12.7,18.0,2.2,311,12,12.7,18.0,2.2,311,12,298,28.82,,0,0,0,39.2,44.4,47.5,0.34,0.31,0.31
SCIP,2019-11-08 10:00:00 EST,42.75621,-76.53403,1297,23.3,22.9,11.1,88.5,20.4,0.000,0.091,0.00,0.000,13.1,17.7,2.0,307,9,13.4,18.3,2.1,306,8,13.4,18.3,2.1,306,8,381,28.82,,0,0,0,39.2,44.4,47.5,0.34,0.31,0.31
SCIP,2019-11-08 10:05:00 EST,42.75621,-76.53403,1297,23.2,22.8,11.3,88.3,20.3,0.000,0.091,0.00,0.000,12.4,17.7,2.7,315,9,12.9,17.7,2.8,314,8,12.9,17.7,2.8,314,8,365,28.82,0.7,0,0,0,39.2,44.4,47.5,0.34,0.31,0.31
SCIP,2019-11-08 10:10:00 EST,42.75621,-76.53403,1297,23.5,23.1,11.6,87.9,20.5,0.000,0.091,0.00,0.000,12.7,20.1,3.2,313,9,13.0,19.7,3.2,313,9,13.0,19.7,3.2,313,9,480,28.82,1.0,0,0,0,39.2,44.3,47.5,0.34,0.31,0.31
SCIP,2019-11-08 10:15:00 EST,42.75621,-76.53403,1297,23.5,23.0,11.0,88.0,20.4,0.000,0.091,0.00,0.000,13.8,19.6,2.3,309,10,14.3,21.0,2.2,308,9,14.3,21.0,2.2,308,9,348,28.82,1.0,0,0,0,39.2,44.4,47.5,0.34,0.31,0.31
SCIP,2019-11-08 10:20:00 EST,42.75621,-76.53403,1297,23.6,23.2,11.8,88.5,20.7,0.000,0.091,0.00,0.000,12.3,17.6,2.5,308,9,12.8,18.6,2.4,307,8,12.8,18.6,2.4,307,8,450,28.82,1.1,0,0,0,39.2,44.3,47.5,0.34,0.31,0.31
SCIP,2019-11-08 10:25:00 EST,42.75621,-76.53403,1297,24.1,23.5,12.5,87.8,21.0,0.000,0.091,0.00,0.000,12.4,18.9,2.3,310,7,12.7,19.3,2.3,309,7,12.7,19.3,2.3,309,7,510,28.82,1.1,0,0,0,39.2,44.3,47.5,0.34,0.31,0.31
SCIP,2019-11-08 10:30:00 EST,42.75621,-76.53403,1297,23.9,23.4,12.4,88.3,20.9,0.000,0.091,0.00,0.000,12.1,16.7,2.4,310,9,12.4,17.6,2.5,309,8,12.4,17.6,2.5,309,8,281,28.83,1.1,0,0,0,39.2,44.2,47.5,0.34,0.31,0.31
SCIP,2019-11-08 10:35:00 EST,42.75621,-76.53403,1297,22.8,22.3,10.7,89.9,20.3,0.007,0.098,0.00,0.007,12.8,16.1,1.7,320,8,13.0,16.4,1.7,321,7,13.0,16.4,1.7,321,7,123,28.83,0.4,0,0,0,39.2,44.1,47.5,0.34,0.31,0.31
SCIP,2019-11-08 10:40:00 EST,42.75621,-76.53403,1297,22.5,22.1,11.6,92.3,20.6,0.002,0.100,0.00,0.009,10.4,15.3,2.6,326,11,10.6,15.6,2.6,328,10,10.6,15.6,2.6,328,10,116,28.83,1.2,0,0,0,39.2,44.1,47.5,0.33,0.31,0.31
SCIP,2019-11-08 10:45:00 EST,42.75621,-76.53403,1297,22.6,22.4,10.2,89.2,19.9,0.000,0.100,0.00,0.009,13.1,18.4,2.4,323,8,13.5,18.3,2.3,324,9,13.5,18.3,2.3,324,9,149,28.83,1.1,0,0,0,39.2,44.1,47.5,0.34,0.31,0.31
SCIP,2019-11-08 10:50:00 EST,42.75621,-76.53403,1297,22.9,22.7,10.5,86.0,19.3,0.000,0.100,0.00,0.009,13.4,17.9,1.9,323,9,13.7,17.8,2.0,323,8,13.7,17.8,2.0,323,8,247,28.83,1.1,0,0,0,39.2,44.1,47.5,0.34,0.31,0.31
SCIP,2019-11-08 10:55:00 EST,42.75621,-76.53403,1297,23.7,23.3,12.9,84.2,19.6,0.000,0.100,0.00,0.009,10.7,15.3,1.7,325,8,10.9,16.7,1.9,326,8,10.9,16.7,1.9,326,8,501,28.83,0.9,0,0,0,39.2,44.1,47.5,0.34,0.31,0.31
SCIP,2019-11-08 11:00:00 EST,42.75621,-76.53403,1297,24.1,23.6,13.1,81.9,19.4,0.000,0.100,0.00,0.009,11.4,16.1,2.1,322,10,11.6,17.2,2.1,324,10,11.6,17.2,2.1,324,10,552,28.83,0.8,0,0,0,39.2,44.1,47.5,0.34,0.31,0.31
SCIP,2019-11-08 11:05:00 EST,42.75621,-76.53403,1297,24.4,23.8,13.9,83.0,20.0,0.000,0.100,0.00,0.009,10.5,16.7,1.8,322,10,10.8,18.3,2.1,322,11,10.8,18.3,2.1,322,11,508,28.83,0.7,0,0,0,39.2,44.1,47.5,0.34,0.31,0.31
SCIP,2019-11-08 11:10:00 EST,42.75621,-76.53403,1297,24.5,23.9,14.1,83.1,20.1,0.000,0.100,0.00,0.009,10.2,14.5,1.7,320,10,10.6,16.0,1.8,321,10,10.6,16.0,1.8,321,10,546,28.83,0.8,0,0,0,39.2,44.1,47.5,0.34,0.31,0.31
SCIP,2019-11-08 11:15:00 EST,42.75621,-76.53403,1297,24.4,23.8,12.1,83.1,20.0,0.000,0.100,0.00,0.009,13.8,18.1,1.6,334,10,14.5,19.8,1.9,336,10,14.5,19.8,1.9,336,10,414,28.83,0.8,0,0,0,39.2,44.1,47.5,0.34,0.31,0.31
SCIP,2019-11-08 11:20:00 EST,42.75621,-76.53403,1297,23.8,23.4,11.9,83.6,19.6,0.000,0.100,0.00,0.009,12.9,16.7,2.0,332,9,13.3,17.7,2.2,334,8,13.3,17.7,2.2,334,8,266,28.83,0.2,0,0,0,39.2,44.1,47.5,0.34,0.31,0.31
SCIP,2019-11-08 11:25:00 EST,42.75621,-76.53403,1297,23.6,23.3,12.2,83.4,19.3,0.000,0.100,0.00,0.009,11.7,16.8,1.6,318,7,12.1,17.8,1.6,319,8,12.1,17.8,1.6,319,8,387,28.83,0.6,0,0,0,39.2,44.1,47.5,0.34,0.31,0.31
SCIP,2019-11-08 11:30:00 EST,42.75621,-76.53403,1297,24.6,24.0,13.4,81.3,19.7,0.000,0.100,0.00,0.009,11.8,18.1,2.7,330,10,12.2,18.4,2.9,332,10,12.2,18.4,2.9,332,10,495,28.83,0.9,0,0,0,39.2,44.1,47.5,0.34,0.31,0.31
SCIP,2019-11-08 11:35:00 EST,42.75621,-76.53403,1297,23.7,23.3,12.0,82.1,19.1,0.000,0.100,0.00,0.002,12.4,15.6,1.6,329,8,12.8,16.8,1.7,332,9,12.8,16.8,1.7,332,9,242,28.82,0.9,0,0,0,39.2,44.1,47.5,0.34,0.31,0.31
SCIP,2019-11-08 11:40:00 EST,42.75621,-76.53403,1297,23.5,23.2,11.9,82.2,18.9,0.000,0.100,0.00,0.000,12.1,17.5,1.6,330,7,12.5,16.5,1.7,331,8,12.5,16.5,1.7,331,8,183,28.82,0.9,0,0,0,39.3,44.1,47.5,0.34,0.31,0.31
SCIP,2019-11-08 11:45:00 EST,42.75621,-76.53403,1297,23.2,22.9,12.1,83.0,18.8,0.000,0.100,0.00,0.000,10.9,16.0,2.0,317,8,11.2,16.4,2.2,317,9,11.2,16.4,2.2,317,9,228,28.82,0.9,0,0,0,39.3,44.1,47.5,0.34,0.31,0.31
SCIP,2019-11-08 11:50:00 EST,42.75621,-76.53403,1297,23.9,23.5,12.3,82.8,19.4,0.000,0.100,0.00,0.000,12.2,17.0,2.2,319,9,12.6,18.0,2.3,317,9,12.6,18.0,2.3,317,9,385,28.82,0.9,0,0,0,39.3,44.1,47.5,0.34,0.31,0.31
SCIP,2019-11-08 11:55:00 EST,42.75621,-76.53403,1297,24.2,23.8,12.6,80.1,19.0,0.000,0.100,0.00,0.000,12.7,18.0,2.3,311,10,13.0,18.8,2.3,310,11,13.0,18.8,2.3,310,11,518,28.82,0.9,0,0,0,39.4,44.1,47.5,0.34,0.31,0.31
SCIP,2019-11-08 12:00:00 EST,42.75621,-76.53403,1297,25.0,24.4,14.3,79.2,19.5,0.000,0.100,0.00,0.000,11.1,16.1,2.3,306,10,11.6,15.8,2.3,304,10,11.6,15.8,2.3,304,10,699,28.82,1.0,0,0,0,39.3,44.1,47.5,0.34,0.31,0.31
SCIP,2019-11-08 12:05:00 EST,42.75621,-76.53403,1297,25.7,24.9,14.7,76.1,19.2,0.000,0.100,0.00,0.000,11.9,15.9,1.9,302,10,12.3,17.4,2.2,300,11,12.3,17.4,2.2,300,11,786,28.82,0.9,0,0,0,39.4,44.1,47.5,0.34,0.31,0.31
SCIP,2019-11-08 12:10:00 EST,42.75621,-76.53403,1297,24.8,24.1,12.3,77.6,18.8,0.000,0.100,0.00,0.000,14.6,20.2,3.0,300,11,15.2,20.9,3.0,298,9,15.2,20.9,3.0,298,9,331,28.82,0.8,0,0,0,39.4,44.1,47.5,0.34,0.31,0.31
SCIP,2019-11-08 12:15:00 EST,42.75621,-76.53403,1297,23.5,23.0,11.3,85.4,19.7,0.000,0.100,0.00,0.000,13.2,17.7,2.2,315,8,13.6,18.3,2.2,315,8,13.6,18.3,2.2,315,8,196,28.82,1.2,0,0,0,39.4,44.1,47.5,0.34,0.31,0.31
SCIP,2019-11-08 12:20:00 EST,42.75621,-76.53403,1297,23.1,22.7,11.3,87.9,20.0,0.000,0.100,0.00,0.000,12.2,16.6,1.9,330,9,12.4,18.3,1.9,333,9,12.4,18.3,1.9,333,9,187,28.82,1.1,0,0,0,39.4,44.1,47.5,0.34,0.31,0.31
SCIP,2019-11-08 12:25:00 EST,42.75621,-76.53403,1297,23.1,22.7,11.1,86.7,19.7,0.000,0.100,0.00,0.000,12.6,16.7,2.1,332,7,13.0,17.6,2.2,335,7,13.0,17.6,2.2,335,7,289,28.82,1.3,0,0,0,39.4,44.1,47.5,0.34,0.31,0.31
SCIP,2019-11-08 12:30:00 EST,42.75621,-76.53403,1297,23.6,23.2,11.4,85.5,19.9,0.000,0.100,0.00,0.000,13.5,19.6,3.1,326,7,13.8,20.2,3.1,328,8,13.8,20.2,3.1,328,8,350,28.82,1.4,0,0,0,39.4,44.1,47.5,0.34,0.31,0.31
SCIP,2019-11-08 12:35:00 EST,42.75621,-76.53403,1297,23.0,22.7,9.8,79.0,17.5,0.009,0.109,0.00,0.009,15.4,19.9,2.2,331,9,15.8,21.0,2.5,333,9,15.8,21.0,2.5,333,9,278,28.82,1.2,0,0,0,39.4,44.1,47.5,0.34,0.31,0.31
SCIP,2019-11-08 12:40:00 EST,42.75621,-76.53403,1297,22.9,22.5,11.4,82.1,18.3,0.000,0.109,0.00,0.009,11.8,16.6,2.6,329,7,11.9,16.8,2.7,331,7,11.9,16.8,2.7,331,7,283,28.82,1.4,0,0,0,39.4,44.1,47.5,0.34,0.31,0.31
SCIP,2019-11-08 12:45:00 EST,42.75621,-76.53403,1297,23.5,23.2,12.7,80.6,18.4,0.000,0.109,0.00,0.009,10.3,15.3,2.1,324,10,10.7,16.6,2.1,326,9,10.7,16.6,2.1,326,9,262,28.82,1.0,0,0,0,39.4,44.1,47.5,0.34,0.31,0.31
SCIP,2019-11-08 12:50:00 EST,42.75621,-76.53403,1297,23.8,23.5,11.0,77.4,17.8,0.000,0.109,0.00,0.009,14.7,20.8,3.3,316,9,15.1,21.6,3.2,315,10,15.1,21.6,3.2,315,10,233,28.82,1.3,0,0,0,39.4,44.1,47.5,0.33,0.31,0.31
SCIP,2019-11-08 12:55:00 EST,42.75621,-76.53403,1297,23.1,22.8,10.5,78.7,17.5,0.000,0.109,0.00,0.009,14.0,19.4,3.1,309,8,14.4,20.7,3.2,309,7,14.4,20.7,3.2,309,7,203,28.82,1.3,0,0,0,39.4,44.1,47.4,0.34,0.31,0.31
SCIP,2019-11-08 13:00:00 EST,42.75621,-76.53403,1297,23.2,22.9,12.7,83.0,18.8,0.000,0.109,0.00,0.009,9.8,13.7,1.8,304,8,10.2,14.0,1.7,303,9,10.2,14.0,1.7,303,9,232,28.82,1.4,0,0,0,39.4,44.1,47.4,0.34,0.31,0.31
SCIP,2019-11-08 13:05:00 EST,42.75621,-76.53403,1297,23.6,23.3,12.0,80.3,18.4,0.000,0.109,0.00,0.009,12.0,16.7,2.0,307,10,12.4,16.8,2.1,306,11,12.4,16.8,2.1,306,11,231,28.82,1.3,0,0,0,39.4,44.1,47.5,0.33,0.31,0.31
SCIP,2019-11-08 13:10:00 EST,42.75621,-76.53403,1297,23.7,23.5,12.4,79.2,18.2,0.000,0.109,0.00,0.009,11.7,16.1,1.8,309,9,12.0,16.3,2.0,308,9,12.0,16.3,2.0,308,9,187,28.82,1.4,0,0,0,39.4,44.1,47.4,0.34,0.31,0.31
SCIP,2019-11-08 13:15:00 EST,42.75621,-76.53403,1297,23.6,23.4,12.5,77.0,17.4,0.000,0.109,0.00,0.009,11.1,16.1,1.9,318,9,11.5,16.5,2.1,318,8,11.5,16.5,2.1,318,8,159,28.82,1.4,0,0,0,39.4,44.1,47.4,0.34,0.31,0.31
SCIP,2019-11-08 13:20:00 EST,42.75621,-76.53403,1297,24.1,23.8,13.2,76.1,17.7,0.000,0.109,0.00,0.009,11.1,16.4,2.3,320,8,11.4,17.1,2.5,321,6,11.4,17.1,2.5,321,6,430,28.82,1.5,0,0,0,39.4,44.1,47.4,0.34,0.31,0.31
SCIP,2019-11-08 13:25:00 EST,42.75621,-76.53403,1297,24.1,23.6,11.6,77.4,18.1,0.000,0.109,0.00,0.009,14.3,17.5,2.1,316,8,14.7,18.0,2.1,316,8,14.7,18.0,2.1,316,8,229,28.82,1.3,0,0,0,39.4,44.1,47.4,0.34,0.31,0.31
SCIP,2019-11-08 13:30:00 EST,42.75621,-76.53403,1297,24.0,23.6,11.9,79.7,18.6,0.000,0.109,0.00,0.009,13.2,16.7,1.8,311,9,13.6,17.5,1.9,311,9,13.6,17.5,1.9,311,9,313,28.82,1.4,0,0,0,39.4,44.1,47.4,0.34,0.31,0.31
SCIP,2019-11-08 13:35:00 EST,42.75621,-76.53403,1297,23.9,23.6,10.8,79.0,18.3,0.000,0.109,0.00,0.000,15.5,20.2,2.6,313,7,15.8,21.9,2.9,314,7,15.8,21.9,2.9,314,7,176,28.82,1.3,0,0,0,39.4,44.0,47.3,0.33,0.31,0.31
SCIP,2019-11-08 13:40:00 EST,42.75621,-76.53403,1297,23.5,23.2,10.5,78.4,17.8,0.000,0.109,0.00,0.000,15.0,19.9,2.2,308,7,15.5,21.6,2.1,308,6,15.5,21.6,2.1,308,6,162,28.83,1.3,0,0,0,39.4,44.0,47.3,0.34,0.31,0.31
SCIP,2019-11-08 13:45:00 EST,42.75621,-76.53403,1297,23.4,23.0,10.7,82.5,18.8,0.000,0.109,0.00,0.000,14.1,18.5,2.2,305,11,14.6,19.8,2.4,304,10,14.6,19.8,2.4,304,10,181,28.83,1.4,0,0,0,39.4,44.0,47.3,0.33,0.31,0.31
SCIP,2019-11-08 13:50:00 EST,42.75621,-76.53403,1297,23.4,23.1,11.9,81.3,18.5,0.000,0.109,0.00,0.000,11.8,15.7,2.1,300,7,12.2,16.3,2.2,298,6,12.2,16.3,2.2,298,6,215,28.82,1.4,0,0,0,39.5,44.0,47.3,0.33,0.31,0.31
SCIP,2019-11-08 13:55:00 EST,42.75621,-76.53403,1297,24.0,23.6,12.3,80.4,18.9,0.000,0.109,0.00,0.000,12.7,16.6,2.1,300,8,12.9,17.3,2.2,298,8,12.9,17.3,2.2,298,8,402,28.82,1.3,0,0,0,39.5,43.9,47.3,0.34,0.31,0.31
SCIP,2019-11-08 14:00:00 EST,42.75621,-76.53403,1297,24.8,24.2,14.0,78.2,19.0,0.000,0.109,0.00,0.000,11.5,15.6,1.9,307,8,11.6,15.6,1.8,306,8,11.6,15.6,1.8,306,8,496,28.82,1.3,0,0,0,39.5,43.9,47.3,0.34,0.31,0.31
SCIP,2019-11-08 14:05:00 EST,42.75621,-76.53403,1297,24.7,24.1,13.9,77.4,18.6,0.000,0.109,0.00,0.000,10.9,14.4,1.9,297,9,11.3,16.0,2.0,295,8,11.3,16.0,2.0,295,8,228,28.82,1.2,0,0,0,39.6,43.9,47.3,0.34,0.31,0.31
SCIP,2019-11-08 14:10:00 EST,42.75621,-76.53403,1297,24.2,23.9,12.5,77.3,18.2,0.000,0.109,0.00,0.000,12.4,16.8,2.6,292,9,13.1,19.2,3.0,291,8,13.1,19.2,3.0,291,8,108,28.82,1.2,0,0,0,39.6,43.9,47.3,0.34,0.31,0.31
SCIP,2019-11-08 14:15:00 EST,42.75621,-76.53403,1297,24.2,23.9,12.2,79.4,18.8,0.000,0.109,0.00,0.000,13.0,18.0,2.2,296,10,13.6,19.0,2.4,294,8,13.6,19.0,2.4,294,8,112,28.82,1.3,0,0,0,39.6,43.9,47.3,0.33,0.31,0.31
SCIP,2019-11-08 14:20:00 EST,42.75621,-76.53403,1297,24.3,24.1,12.5,81.1,19.4,0.000,0.109,0.00,0.000,13.2,18.3,2.2,304,8,13.4,19.5,2.4,304,8,13.4,19.5,2.4,304,8,153,28.82,1.6,0,0,0,39.6,43.9,47.3,0.34,0.31,0.31
SCIP,2019-11-08 14:25:00 EST,42.75621,-76.53403,1297,24.2,23.9,12.2,78.4,18.5,0.000,0.109,0.00,0.000,13.1,17.8,2.3,303,11,13.6,19.0,2.4,302,11,13.6,19.0,2.4,302,11,194,28.82,1.5,0,0,0,39.6,43.9,47.3,0.34,0.31,0.31
SCIP,2019-11-08 14:30:00 EST,42.75621,-76.53403,1297,24.1,23.7,12.3,78.4,18.3,0.000,0.109,0.00,0.000,12.7,17.5,2.0,312,8,13.0,18.0,2.0,313,8,13.0,18.0,2.0,313,8,166,28.82,,0,0,0,39.6,43.9,47.3,0.34,0.31,0.31
SCIP,2019-11-08 14:35:00 EST,42.75621,-76.53403,1297,23.7,23.4,12.3,80.4,18.5,0.000,0.109,0.00,0.000,11.8,16.7,1.9,318,8,12.0,17.0,1.8,318,9,12.0,17.0,1.8,318,9,137,28.82,1.3,0,0,0,39.6,43.9,47.3,0.33,0.31,0.31
SCIP,2019-11-08 14:40:00 EST,42.75621,-76.53403,1297,23.9,23.7,12.3,79.6,18.5,0.000,0.109,0.00,0.000,12.4,17.7,2.3,321,10,12.6,17.2,2.3,322,9,12.6,17.2,2.3,322,9,110,28.83,1.2,0,0,0,39.6,43.9,47.3,0.34,0.31,0.31
SCIP,2019-11-08 14:45:00 EST,42.75621,-76.53403,1297,23.9,23.7,11.1,77.8,18.0,0.000,0.109,0.00,0.000,15.0,19.9,2.2,313,6,15.1,20.4,2.2,313,6,15.1,20.4,2.2,313,6,108,28.83,1.2,0,0,0,39.6,43.9,47.3,0.34,0.31,0.31
SCIP,2019-11-08 14:50:00 EST,42.75621,-76.53403,1297,23.6,23.3,10.7,77.7,17.6,0.000,0.109,0.00,0.000,15.0,20.0,2.4,320,9,15.3,20.7,2.5,321,8,15.3,20.7,2.5,321,8,99,28.83,1.2,0,0,0,39.6,43.9,47.3,0.34,0.31,0.31
SCIP,2019-11-08 14:55:00 EST,42.75621,-76.53403,1297,23.3,23.0,10.1,81.1,18.3,0.000,0.109,0.00,0.000,15.8,19.9,1.8,328,7,15.8,20.0,1.9,329,7,15.8,20.0,1.9,329,7,103,28.83,1.2,0,0,0,39.6,43.9,47.3,0.33,0.31,0.31
SCIP,2019-11-08 15:00:00 EST,42.75621,-76.53403,1297,23.3,23.1,11.2,82.9,18.9,0.000,0.109,0.00,0.000,13.1,18.6,2.8,329,9,13.3,19.8,3.0,331,10,13.3,19.8,3.0,331,10,142,28.83,1.2,0,0,0,39.6,43.9,47.3,0.34,0.31,0.31
SCIP,2019-11-08 15:05:00 EST,42.75621,-76.53403,1297,23.4,23.2,12.0,82.8,18.9,0.000,0.109,0.00,0.000,11.6,14.7,1.4,323,9,11.8,15.4,1.6,324,8,11.8,15.4,1.6,324,8,158,28.83,1.2,0,0,0,39.6,43.9,47.3,0.34,0.31,0.31
SCIP,2019-11-08 15:10:00 EST,42.75621,-76.53403,1297,23.8,23.6,12.5,79.8,18.5,0.000,0.109,0.00,0.000,11.7,18.0,2.4,313,11,12.0,17.3,2.4,313,11,12.0,17.3,2.4,313,11,257,28.83,1.2,0,0,0,39.6,43.9,47.3,0.34,0.31,0.31
SCIP,2019-11-08 15:15:00 EST,42.75621,-76.53403,1297,24.2,23.9,12.6,75.6,17.6,0.000,0.109,0.00,0.000,12.1,18.6,2.5,301,9,12.6,20.2,2.7,299,9,12.6,20.2,2.7,299,9,257,28.83,1.2,0,0,0,39.6,43.9,47.3,0.33,0.31,0.31
SCIP,2019-11-08 15:20:00 EST,42.75621,-76.53403,1297,24.3,24.0,12.6,74.5,17.4,0.000,0.109,0.00,0.000,12.5,15.9,1.9,296,8,13.1,17.9,2.1,294,7,13.1,17.9,2.1,294,7,271,28.83,1.2,0,0,0,39.6,43.9,47.3,0.33,0.31,0.31
SCIP,2019-11-08 15:25:00 EST,42.75621,-76.53403,1297,24.1,23.8,13.2,74.7,17.3,0.000,0.109,0.00,0.000,10.7,14.4,2.0,297,9,11.3,15.8,2.1,296,8,11.3,15.8,2.1,296,8,173,28.83,1.2,0,0,0,39.6,43.9,47.3,0.33,0.31,0.31
SCIP,2019-11-08 15:30:00 EST,42.75621,-76.53403,1297,23.7,23.5,12.3,77.4,17.7,0.000,0.109,0.00,0.000,11.7,16.1,2.0,299,9,12.1,16.6,2.1,298,8,12.1,16.6,2.1,298,8,88,28.83,1.2,0,0,0,39.6,43.9,47.3,0.34,0.31,0.31
SCIP,2019-11-08 15:35:00 EST,42.75621,-76.53403,1297,23.8,23.6,12.7,77.5,17.8,0.000,0.109,0.00,0.000,11.0,14.0,1.7,296,10,11.6,15.3,1.8,294,9,11.6,15.3,1.8,294,9,96,28.84,1.1,0,0,0,39.6,43.9,47.3,0.33,0.31,0.31
SCIP,2019-11-08 15:40:00 EST,42.75621,-76.53403,1297,23.6,23.4,13.2,78.2,17.8,0.000,0.109,0.00,0.000,10.2,14.0,1.8,312,8,10.3,14.2,1.8,313,8,10.3,14.2,1.8,313,8,84,28.84,1.1,0,0,0,39.6,43.9,47.3,0.34,0.31,0.31
SCIP,2019-11-08 15:45:00 EST,42.75621,-76.53403,1297,23.7,23.5,13.8,78.1,17.9,0.000,0.109,0.00,0.000,9.1,13.8,1.8,308,10,9.3,13.2,1.6,309,9,9.3,13.2,1.6,309,9,77,28.84,1.0,0,0,0,39.6,43.9,47.3,0.34,0.31,0.31
SCIP,2019-11-08 15:50:00 EST,42.75621,-76.53403,1297,23.5,23.4,13.3,78.4,17.8,0.000,0.109,0.00,0.000,9.6,12.7,1.5,308,8,9.9,12.9,1.5,307,8,9.9,12.9,1.5,307,8,64,28.84,1.0,0,0,0,39.6,43.9,47.3,0.33,0.31,0.31
SCIP,2019-11-08 15:55:00 EST,42.75621,-76.53403,1297,23.5,23.4,14.1,80.1,18.3,0.000,0.109,0.00,0.000,8.3,10.5,1.1,320,9,8.5,11.0,1.2,321,8,8.5,11.0,1.2,321,8,49,28.84,1.0,0,0,0,39.6,43.9,47.3,0.34,0.31,0.31
SCIP,2019-11-08 16:00:00 EST,42.75621,-76.53403,1297,23.2,23.2,13.9,81.0,18.3,0.000,0.109,0.00,0.000,8.3,11.8,1.5,322,8,8.5,11.7,1.6,324,8,8.5,11.7,1.6,324,8,28,28.84,1.0,0,0,0,39.6,43.9,47.3,0.34,0.31,0.31
SCIP,2019-11-08 16:05:00 EST,42.75621,-76.53403,1297,22.9,23.0,13.7,80.7,17.9,0.000,0.109,0.00,0.000,8.0,11.9,1.1,320,6,8.1,12.4,1.2,321,5,8.1,12.4,1.2,321,5,25,28.84,0.9,0,0,0,39.6,43.9,47.3,0.33,0.31,0.31
SCIP,2019-11-08 16:10:00 EST,42.75621,-76.53403,1297,22.8,23.0,14.3,80.9,17.8,0.000,0.109,0.00,0.000,6.8,9.2,1.1,321,7,7.1,9.5,1.1,322,6,7.1,9.5,1.1,322,6,34,28.84,1.0,0,0,0,39.6,43.9,47.3,0.33,0.31,0.31
SCIP,2019-11-08 16:15:00 EST,42.75621,-76.53403,1297,23.0,23.1,13.9,79.4,17.5,0.000,0.109,0.00,0.000,7.9,11.0,1.1,326,7,8.0,11.2,1.2,328,6,8.0,11.2,1.2,328,6,28,28.84,0.9,0,0,0,39.6,43.9,47.3,0.33,0.31,0.31
SCIP,2019-11-08 16:20:00 EST,42.75621,-76.53403,1297,23.0,23.2,14.9,75.6,16.5,0.000,0.109,0.00,0.000,6.7,9.9,1.3,322,7,6.7,10.1,1.3,323,6,6.7,10.1,1.3,323,6,28,28.85,1.0,0,0,0,39.6,43.9,47.3,0.34,0.31,0.31
SCIP,2019-11-08 16:25:00 EST,42.75621,-76.53403,1297,23.1,23.3,13.4,73.3,15.9,0.000,0.109,0.00,0.000,8.7,12.7,1.7,318,10,8.9,12.3,1.7,319,9,8.9,12.3,1.7,319,9,25,28.85,0.8,0,0,0,39.6,43.9,47.3,0.34,0.31,0.31
SCIP,2019-11-08 16:30:00 EST,42.75621,-76.53403,1297,23.2,23.3,13.0,71.4,15.4,0.000,0.109,0.00,0.000,9.5,13.0,1.6,319,7,9.7,13.4,1.6,319,6,9.7,13.4,1.6,319,6,20,28.85,0.8,0,0,0,39.7,43.9,47.3,0.33,0.31,0.31
SCIP,2019-11-08 16:35:00 EST,42.75621,-76.53403,1297,23.4,23.4,14.0,70.7,15.3,0.000,0.109,0.00,0.000,8.4,11.1,1.0,325,7,8.5,11.1,1.0,325,7,8.5,11.1,1.0,325,7,15,28.85,0.7,0,0,0,39.7,43.9,47.3,0.33,0.31,0.31
SCIP,2019-11-08 16:40:00 EST,42.75621,-76.53403,1297,23.4,23.5,15.1,70.6,15.2,0.000,0.109,0.00,0.000,7.0,9.1,1.1,326,7,7.1,9.4,1.2,327,6,7.1,9.4,1.2,327,6,9,28.85,0.2,0,0,0,39.7,43.9,47.3,0.33,0.31,0.31
SCIP,2019-11-08 16:45:00 EST,42.75621,-76.53403,1297,23.2,23.3,15.7,72.2,15.6,0.000,0.109,0.00,0.000,5.8,9.3,1.2,323,10,6.0,9.2,1.2,324,9,6.0,9.2,1.2,324,9,7,28.85,,0,0,0,39.7,43.9,47.3,0.33,0.31,0.31
SCIP,2019-11-08 16:50:00 EST,42.75621,-76.53403,1297,23.1,23.3,14.8,70.9,15.0,0.000,0.109,0.00,0.000,6.8,9.2,1.1,322,7,6.9,9.8,1.1,323,7,6.9,9.8,1.1,323,7,5,28.85,,0,0,0,39.7,43.9,47.3,0.33,0.31,0.31
SCIP,2019-11-08 16:55:00 EST,42.75621,-76.53403,1297,23.0,23.3,14.3,69.8,14.6,0.000,0.109,0.00,0.000,7.3,10.2,1.2,318,7,7.4,10.3,1.4,319,6,7.4,10.3,1.4,319,6,4,28.85,,0,0,0,39.7,43.9,47.3,0.33,0.31,0.31
SCIP,2019-11-08 17:00:00 EST,42.75621,-76.53403,1297,23.0,23.2,13.7,70.9,15.0,0.000,0.109,0.00,0.000,8.0,11.1,1.1,310,8,8.2,10.8,1.1,311,8,8.2,10.8,1.1,311,8,2,28.86,0.3,0,0,0,39.7,43.9,47.3,0.33,0.31,0.31
SCIP,2019-11-08 17:05:00 EST,42.75621,-76.53403,1297,23.0,23.3,14.8,71.2,15.1,0.000,0.109,0.00,0.000,6.7,8.9,0.9,310,8,6.9,9.2,1.0,311,8,6.9,9.2,1.0,311,8,1,28.86,,0,0,0,39.7,43.9,47.3,0.33,0.31,0.31
SCIP,2019-11-08 17:10:00 EST,42.75621,-76.53403,1297,22.9,23.2,15.8,73.1,15.6,0.000,0.109,0.00,0.000,5.4,7.4,0.7,316,7,5.5,8.3,0.8,317,5,5.5,8.3,0.8,317,5,0,28.86,0.8,0,0,0,39.7,43.9,47.2,0.33,0.31,0.31
SCIP,2019-11-08 17:15:00 EST,42.75621,-76.53403,1297,23.1,23.2,16.3,74.1,16.1,0.000,0.109,0.00,0.000,5.1,8.5,1.1,315,10,5.3,8.0,1.0,315,11,5.3,8.0,1.0,315,11,0,28.86,0.8,0,0,0,39.7,43.9,47.2,0.33,0.31,0.31
SCIP,2019-11-08 17:20:00 EST,42.75621,-76.53403,1297,23.1,23.3,16.6,73.4,15.9,0.000,0.109,0.00,0.000,5.0,7.6,0.9,319,9,5.0,7.9,0.9,319,8,5.0,7.9,0.9,319,8,0,28.86,0.6,0,0,0,39.7,43.9,47.3,0.33,0.31,0.31
SCIP,2019-11-08 17:25:00 EST,42.75621,-76.53403,1297,23.2,23.4,15.0,73.4,15.9,0.000,0.109,0.00,0.000,6.7,9.2,1.1,312,8,6.9,9.5,1.1,313,8,6.9,9.5,1.1,313,8,0,28.86,0.6,0,0,0,39.7,43.9,47.2,0.33,0.31,0.31
SCIP,2019-11-08 17:30:00 EST,42.75621,-76.53403,1297,23.2,23.5,15.8,71.9,15.5,0.000,0.109,0.00,0.000,5.8,8.5,1.4,309,11,5.9,8.6,1.4,310,10,5.9,8.6,1.4,310,10,0,28.86,0.6,0,0,0,39.7,43.9,47.2,0.33,0.31,0.31
SCIP,2019-11-08 17:35:00 EST,42.75621,-76.53403,1297,23.2,23.4,16.9,74.2,16.2,0.000,0.109,0.00,0.000,4.8,6.7,1.0,313,6,4.9,6.9,1.0,313,6,4.9,6.9,1.0,313,6,0,28.87,0.5,0,0,0,39.7,43.9,47.2,0.33,0.31,0.31
SCIP,2019-11-08 17:40:00 EST,42.75621,-76.53403,1297,23.2,23.4,17.0,75.6,16.7,0.000,0.109,0.00,0.000,4.5,6.1,0.7,307,7,4.8,6.8,0.8,308,7,4.8,6.8,0.8,308,7,0,28.87,0.5,0,0,0,39.7,43.9,47.2,0.33,0.31,0.31
SCIP,2019-11-08 17:45:00 EST,42.75621,-76.53403,1297,23.3,23.4,17.2,75.7,16.7,0.000,0.109,0.00,0.000,4.5,6.9,0.9,299,9,4.7,7.5,1.0,300,9,4.7,7.5,1.0,300,9,0,28.87,0.5,0,0,0,39.7,43.9,47.2,0.34,0.31,0.31
SCIP,2019-11-08 17:50:00 EST,42.75621,-76.53403,1297,23.1,23.4,15.9,75.9,16.7,0.000,0.109,0.00,0.000,5.6,7.2,0.8,295,8,5.7,7.5,0.9,294,7,5.7,7.5,0.9,294,7,0,28.87,0.4,0,0,0,39.7,43.9,47.2,0.34,0.31,0.31
SCIP,2019-11-08 17:55:00 EST,42.75621,-76.53403,1297,23.1,23.3,16.3,77.9,17.2,0.000,0.109,0.00,0.000,5.1,6.8,0.9,294,8,5.3,7.2,1.0,293,8,5.3,7.2,1.0,293,8,0,28.87,0.4,0,0,0,39.7,43.9,47.1,0.34,0.31,0.31
SCIP,2019-11-08 18:00:00 EST,42.75621,-76.53403,1297,23.2,23.4,16.8,79.4,17.8,0.000,0.109,0.00,0.000,4.7,8.4,0.9,297,10,4.9,8.1,0.9,296,10,4.9,8.1,0.9,296,10,0,28.87,0.4,0,0,0,39.7,43.9,47.1,0.34,0.31,0.31
SCIP,2019-11-08 18:05:00 EST,42.75621,-76.53403,1297,23.1,23.4,16.2,77.3,17.1,0.000,0.109,0.00,0.000,5.3,7.9,1.2,299,8,5.5,8.3,1.3,300,8,5.5,8.3,1.3,300,8,0,28.87,0.2,0,0,0,39.7,43.9,47.1,0.34,0.31,0.31
SCIP,2019-11-08 18:10:00 EST,42.75621,-76.53403,1297,23.1,23.4,15.7,78.0,17.3,0.000,0.109,0.00,0.000,5.8,8.2,1.1,299,10,5.9,8.4,1.1,299,10,5.9,8.4,1.1,299,10,0,28.88,0.3,0,0,0,39.7,43.9,47.1,0.34,0.31,0.31
SCIP,2019-11-08 18:15:00 EST,42.75621,-76.53403,1297,23.3,23.5,16.0,78.1,17.5,0.000,0.109,0.00,0.000,5.6,7.7,1.1,291,9,5.9,8.1,1.1,290,8,5.9,8.1,1.1,290,8,0,28.88,-0.0,0,0,0,39.7,43.9,47.1,0.33,0.31,0.31
SCIP,2019-11-08 18:20:00 EST,42.75621,-76.53403,1297,23.3,23.4,15.2,78.5,17.6,0.000,0.109,0.00,0.000,6.5,8.7,1.1,289,8,6.8,9.0,1.2,288,7,6.8,9.0,1.2,288,7,0,28.88,-0.3,0,0,0,39.7,43.9,47.1,0.34,0.31,0.31
SCIP,2019-11-08 18:25:00 EST,42.75621,-76.53403,1297,23.1,23.3,15.8,78.9,17.5,0.000,0.109,0.00,0.000,5.6,7.2,0.9,283,8,5.8,7.3,0.9,284,6,5.8,7.3,0.9,284,6,0,28.88,-0.3,0,0,0,39.7,43.9,47.1,0.34,0.31,0.31
SCIP,2019-11-08 18:30:00 EST,42.75621,-76.53403,1297,23.0,23.3,15.5,79.3,17.5,0.000,0.109,0.00,0.000,5.7,7.7,0.8,288,9,6.0,8.5,1.0,287,7,6.0,8.5,1.0,287,7,0,28.88,-0.0,0,0,0,39.7,43.9,47.1,0.34,0.31,0.31
SCIP,2019-11-08 18:35:00 EST,42.75621,-76.53403,1297,23.1,23.3,16.3,79.1,17.6,0.000,0.109,0.00,0.000,5.0,7.2,0.9,286,10,5.3,7.8,1.0,286,9,5.3,7.8,1.0,286,9,0,28.88,0.0,0,0,0,39.7,43.9,47.1,0.33,0.31,0.31
SCIP,2019-11-08 18:40:00 EST,42.75621,-76.53403,1297,22.7,23.1,15.5,79.8,17.4,0.000,0.109,0.00,0.000,5.4,6.8,0.6,277,6,5.7,7.5,0.7,278,7,5.7,7.5,0.7,278,7,0,28.88,0.3,0,0,0,39.7,43.9,47.1,0.34,0.31,0.31
SCIP,2019-11-08 18:45:00 EST,42.75621,-76.53403,1297,22.3,22.8,15.2,80.7,17.2,0.000,0.109,0.00,0.000,5.0,7.5,0.9,268,10,5.4,7.9,1.0,267,8,5.4,7.9,1.0,267,8,0,28.88,0.2,0,0,0,39.7,43.9,47.1,0.34,0.31,0.31
SCIP,2019-11-08 18:50:00 EST,42.75621,-76.53403,1297,21.9,22.6,14.4,81.1,17.0,0.000,0.109,0.00,0.000,5.5,6.9,0.7,275,7,5.8,7.6,0.8,275,7,5.8,7.6,0.8,275,7,0,28.88,0.4,0,0,0,39.7,43.9,47.1,0.34,0.31,0.31
SCIP,2019-11-08 18:55:00 EST,42.75621,-76.53403,1297,21.7,22.5,14.1,81.6,16.9,0.000,0.109,0.00,0.000,5.4,6.9,0.7,275,8,5.8,7.6,0.8,274,7,5.8,7.6,0.8,274,7,0,28.88,0.4,0,0,0,39.7,43.9,47.1,0.33,0.31,0.31
SCIP,2019-11-08 19:00:00 EST,42.75621,-76.53403,1297,21.6,22.3,14.3,81.6,16.9,0.000,0.109,0.00,0.000,5.2,6.5,0.6,272,7,5.5,7.6,0.7,271,7,5.5,7.6,0.7,271,7,0,28.88,0.4,0,0,0,39.7,43.9,47.1,0.33,0.31,0.31
SCIP,2019-11-08 19:05:00 EST,42.75621,-76.53403,1297,21.5,22.2,14.3,80.7,16.5,0.000,0.109,0.00,0.000,5.1,6.8,0.7,277,8,5.5,8.0,0.9,277,7,5.5,8.0,0.9,277,7,0,28.88,0.4,0,0,0,39.7,43.9,47.1,0.34,0.31,0.31
SCIP,2019-11-08 19:10:00 EST,42.75621,-76.53403,1297,21.2,22.1,14.2,81.2,16.3,0.000,0.109,0.00,0.000,4.9,5.7,0.4,277,5,5.2,6.0,0.4,277,5,5.2,6.0,0.4,277,5,0,28.88,0.5,0,0,0,39.7,43.9,47.1,0.34,0.31,0.31
SCIP,2019-11-08 19:15:00 EST,42.75621,-76.53403,1297,21.0,22.2,14.1,82.3,16.4,0.000,0.109,0.00,0.000,4.8,5.3,0.2,268,5,5.0,5.6,0.2,268,5,5.0,5.6,0.2,268,5,0,28.88,0.5,0,0,0,39.7,43.9,47.1,0.34,0.31,0.31
SCIP,2019-11-08 19:20:00 EST,42.75621,-76.53403,1297,21.1,22.2,13.9,81.8,16.4,0.000,0.109,0.00,0.000,5.1,6.4,0.7,265,7,5.4,7.0,0.8,265,6,5.4,7.0,0.8,265,6,0,28.88,0.5,0,0,0,39.7,43.9,47.1,0.34,0.31,0.31
SCIP,2019-11-08 19:25:00 EST,42.75621,-76.53403,1297,21.4,22.3,14.1,80.7,16.4,0.000,0.109,0.00,0.000,5.2,6.4,0.5,265,5,5.5,7.1,0.5,265,5,5.5,7.1,0.5,265,5,0,28.88,0.4,0,0,0,39.7,43.9,47.1,0.33,0.31,0.31
SCIP,2019-11-08 19:30:00 EST,42.75621,-76.53403,1297,21.3,22.2,14.1,80.3,16.1,0.000,0.109,0.00,0.000,5.1,5.9,0.4,267,4,5.3,6.4,0.4,266,4,5.3,6.4,0.4,266,4,0,28.88,0.4,0,0,0,39.7,43.9,47.1,0.33,0.31,0.31
SCIP,2019-11-08 19:35:00 EST,42.75621,-76.53403,1297,20.8,22.0,13.9,80.9,15.8,0.000,0.109,0.00,0.000,4.7,5.8,0.5,272,5,5.0,6.4,0.5,272,5,5.0,6.4,0.5,272,5,0,28.88,0.4,0,0,0,39.7,43.9,47.1,0.34,0.31,0.31
SCIP,2019-11-08 19:40:00 EST,42.75621,-76.53403,1297,21.1,22.2,13.7,81.6,16.3,0.000,0.109,0.00,0.000,5.2,7.6,0.8,260,7,5.6,8.5,0.9,261,6,5.6,8.5,0.9,261,6,0,28.88,0.3,0,0,0,39.7,43.9,47.1,0.34,0.31,0.31
SCIP,2019-11-08 19:45:00 EST,42.75621,-76.53403,1297,21.5,22.2,14.2,79.6,16.1,0.000,0.109,0.00,0.000,5.2,7.6,0.8,263,7,5.5,8.8,0.8,263,6,5.5,8.8,0.8,263,6,0,28.88,0.3,0,0,0,39.7,43.9,47.1,0.33,0.31,0.31
SCIP,2019-11-08 19:50:00 EST,42.75621,-76.53403,1297,21.3,22.1,13.8,79.3,15.8,0.000,0.109,0.00,0.000,5.3,6.7,0.6,262,7,5.6,7.1,0.6,263,6,5.6,7.1,0.6,263,6,0,28.88,0.4,0,0,0,39.7,43.9,47.1,0.34,0.31,0.31
SCIP,2019-11-08 19:55:00 EST,42.75621,-76.53403,1297,21.3,22.0,13.9,79.6,16.0,0.000,0.109,0.00,0.000,5.3,6.9,0.6,259,8,5.6,7.8,0.7,260,7,5.6,7.8,0.7,260,7,0,28.88,0.3,0,0,0,39.7,43.9,47.1,0.33,0.31,0.31
SCIP,2019-11-08 20:00:00 EST,42.75621,-76.53403,1297,21.3,22.2,13.8,79.9,16.1,0.000,0.109,0.00,0.000,5.4,7.5,0.8,257,6,5.7,7.9,0.9,258,5,5.7,7.9,0.9,258,5,0,28.88,-0.0,0,0,0,39.7,43.9,47.1,0.33,0.31,0.31
SCIP,2019-11-08 20:05:00 EST,42.75621,-76.53403,1297,21.1,22.2,14.2,80.7,16.1,0.000,0.109,0.00,0.000,4.7,5.8,0.4,258,6,5.1,6.2,0.4,258,5,5.1,6.2,0.4,258,5,0,28.88,0.2,0,0,0,39.8,43.9,47.1,0.33,0.31,0.31
SCIP,2019-11-08 20:10:00 EST,42.75621,-76.53403,1297,21.0,22.0,14.0,80.7,16.0,0.000,0.109,0.00,0.000,4.8,6.6,0.7,260,6,5.2,6.9,0.7,259,5,5.2,6.9,0.7,259,5,0,28.88,-0.3,0,0,0,39.8,43.9,47.1,0.33,0.31,0.31
SCIP,2019-11-08 20:15:00 EST,42.75621,-76.53403,1297,21.1,22.2,13.5,80.5,16.0,0.000,0.109,0.00,0.000,5.4,6.9,0.6,259,6,5.7,7.3,0.7,259,5,5.7,7.3,0.7,259,5,0,28.88,-0.2,0,0,0,39.8,43.9,47.1,0.33,0.31,0.31
SCIP,2019-11-08 20:20:00 EST,42.75621,-76.53403,1297,21.3,22.2,13.5,80.1,16.1,0.000,0.109,0.00,0.000,5.6,7.5,0.7,261,5,6.0,8.0,0.8,261,4,6.0,8.0,0.8,261,4,0,28.88,-0.2,0,0,0,39.8,43.8,47.1,0.34,0.31,0.31
SCIP,2019-11-08 20:25:00 EST,42.75621,-76.53403,1297,21.4,22.3,14.0,79.2,16.0,0.000,0.109,0.00,0.000,5.3,7.2,0.7,258,6,5.7,8.1,0.9,257,5,5.7,8.1,0.9,257,5,0,28.89,0.0,0,0,0,39.7,43.9,47.1,0.33,0.31,0.31
SCIP,2019-11-08 20:30:00 EST,42.75621,-76.53403,1297,21.3,22.2,13.5,79.3,15.9,0.000,0.109,0.00,0.000,5.7,7.6,0.9,258,8,6.0,8.7,1.0,258,7,6.0,8.7,1.0,258,7,0,28.89,0.2,0,0,0,39.8,43.9,47.1,0.33,0.31,0.31
SCIP,2019-11-08 20:35:00 EST,42.75621,-76.53403,1297,21.4,22.1,13.7,78.8,15.9,0.000,0.109,0.00,0.000,5.5,7.4,0.7,257,8,5.9,8.7,0.8,257,7,5.9,8.7,0.8,257,7,0,28.89,0.4,0,0,0,39.8,43.9,47.1,0.33,0.31,0.31
SCIP,2019-11-08 20:40:00 EST,42.75621,-76.53403,1297,21.3,21.9,13.8,79.8,16.1,0.000,0.109,0.00,0.000,5.4,6.9,0.6,255,5,5.8,7.5,0.6,255,5,5.8,7.5,0.6,255,5,0,28.89,0.4,0,0,0,39.8,43.9,47.1,0.33,0.31,0.31
SCIP,2019-11-08 20:45:00 EST,42.75621,-76.53403,1297,21.2,21.9,13.5,80.0,16.0,0.000,0.109,0.00,0.000,5.5,6.9,0.6,256,7,5.8,7.9,0.7,256,6,5.8,7.9,0.7,256,6,0,28.89,0.9,0,0,0,39.9,43.9,47.1,0.34,0.31,0.31
SCIP,2019-11-08 20:50:00 EST,42.75621,-76.53403,1297,21.2,22.0,13.3,79.5,15.8,0.000,0.109,0.00,0.000,5.7,8.0,0.6,255,6,6.1,9.7,0.7,255,5,6.1,9.7,0.7,255,5,0,28.89,0.8,0,0,0,39.8,43.9,47.1,0.33,0.31,0.31
SCIP,2019-11-08 20:55:00 EST,42.75621,-76.53403,1297,21.4,22.1,13.1,78.4,15.7,0.000,0.109,0.00,0.000,6.1,8.3,0.9,257,6,6.5,8.8,0.9,258,5,6.5,8.8,0.9,258,5,0,28.89,0.6,0,0,0,39.9,43.9,47.1,0.34,0.31,0.31
SCIP,2019-11-08 21:00:00 EST,42.75621,-76.53403,1297,21.6,22.2,13.0,77.2,15.6,0.000,0.109,0.00,0.000,6.6,9.4,1.1,260,7,7.0,10.3,1.2,260,6,7.0,10.3,1.2,260,6,0,28.89,0.9,0,0,0,39.9,43.9,47.1,0.33,0.31,0.31
SCIP,2019-11-08 21:05:00 EST,42.75621,-76.53403,1297,21.4,22.1,13.7,77.1,15.4,0.000,0.109,0.00,0.000,5.6,7.7,0.8,264,9,6.0,8.1,0.9,264,7,6.0,8.1,0.9,264,7,0,28.89,0.7,0,0,0,39.9,43.9,47.1,0.33,0.31,0.31
SCIP,2019-11-08 21:10:00 EST,42.75621,-76.53403,1297,20.7,21.6,13.1,78.4,15.1,0.000,0.109,0.00,0.000,5.3,7.4,0.7,268,7,5.6,8.3,0.9,268,6,5.6,8.3,0.9,268,6,0,28.89,0.7,0,0,0,39.9,43.9,47.1,0.33,0.31,0.31
SCIP,2019-11-08 21:15:00 EST,42.75621,-76.53403,1297,20.5,21.8,12.7,80.0,15.3,0.000,0.109,0.00,0.000,5.6,7.4,0.5,268,6,5.9,7.9,0.6,268,5,5.9,7.9,0.6,268,5,0,28.89,0.7,0,0,0,39.9,43.8,47.1,0.33,0.31,0.31
SCIP,2019-11-08 21:20:00 EST,42.75621,-76.53403,1297,20.4,21.7,12.5,80.3,15.3,0.000,0.109,0.00,0.000,5.6,7.6,0.6,271,7,5.9,8.5,0.7,271,6,5.9,8.5,0.7,271,6,0,28.89,0.6,0,0,0,39.9,43.8,47.1,0.33,0.31,0.31
SCIP,2019-11-08 21:25:00 EST,42.75621,-76.53403,1297,20.5,21.6,12.7,80.9,15.5,0.000,0.109,0.00,0.000,5.5,6.6,0.5,273,5,5.8,7.5,0.6,272,5,5.8,7.5,0.6,272,5,0,28.89,0.6,0,0,0,39.9,43.9,47.1,0.33,0.31,0.31
SCIP,2019-11-08 21:30:00 EST,42.75621,-76.53403,1297,20.2,21.5,12.9,81.4,15.4,0.000,0.109,0.00,0.000,5.0,6.6,0.4,274,4,5.3,7.1,0.5,273,4,5.3,7.1,0.5,273,4,0,28.89,0.6,0,0,0,39.9,43.8,47.1,0.33,0.31,0.31
SCIP,2019-11-08 21:35:00 EST,42.75621,-76.53403,1297,20.2,21.5,13.2,82.3,15.6,0.000,0.109,0.00,0.000,4.7,5.7,0.4,270,5,4.9,6.2,0.4,269,5,4.9,6.2,0.4,269,5,0,28.89,0.6,0,0,0,39.9,43.8,47.1,0.33,0.31,0.31
SCIP,2019-11-08 21:40:00 EST,42.75621,-76.53403,1297,20.4,21.8,13.3,82.1,15.8,0.000,0.109,0.00,0.000,4.9,6.4,0.5,264,5,5.1,6.8,0.6,264,5,5.1,6.8,0.6,264,5,0,28.89,0.6,0,0,0,39.9,43.9,47.1,0.33,0.31,0.31
SCIP,2019-11-08 21:45:00 EST,42.75621,-76.53403,1297,20.6,22.0,13.2,81.3,15.7,0.000,0.109,0.00,0.000,5.2,6.0,0.4,268,4,5.4,6.5,0.5,267,4,5.4,6.5,0.5,267,4,0,28.89,0.6,0,0,0,39.9,43.8,47.1,0.33,0.31,0.31
SCIP,2019-11-08 21:50:00 EST,42.75621,-76.53403,1297,20.6,22.0,13.2,81.3,15.8,0.000,0.109,0.00,0.000,5.2,6.0,0.4,263,4,5.5,6.6,0.4,263,3,5.5,6.6,0.4,263,3,0,28.88,0.7,0,0,0,39.9,43.8,47.1,0.33,0.31,0.31
SCIP,2019-11-08 21:55:00 EST,42.75621,-76.53403,1297,20.9,22.0,14.3,81.1,16.1,0.000,0.109,0.00,0.000,4.5,6.2,0.7,252,8,4.8,6.7,0.7,252,8,4.8,6.7,0.7,252,8,0,28.88,0.5,0,0,0,39.9,43.8,47.1,0.33,0.31,0.31
SCIP,2019-11-08 22:00:00 EST,42.75621,-76.53403,1297,20.3,21.6,15.0,80.8,15.4,0.000,0.109,0.00,0.000,3.5,4.5,0.4,241,5,3.7,5.1,0.5,241,6,3.7,5.1,0.5,241,6,0,28.88,0.5,0,0,0,39.9,43.8,47.1,0.33,0.31,0.30
SCIP,2019-11-08 22:05:00 EST,42.75621,-76.53403,1297,19.5,21.4,14.3,81.7,14.8,0.000,0.109,0.00,0.000,3.4,4.2,0.3,241,4,3.6,4.7,0.4,241,5,3.6,4.7,0.4,241,5,0,28.88,0.5,0,0,0,39.9,43.7,47.1,0.33,0.31,0.30
SCIP,2019-11-08 22:10:00 EST,42.75621,-76.53403,1297,19.5,21.4,14.1,83.4,15.3,0.000,0.109,0.00,0.000,3.5,4.2,0.3,240,4,3.7,4.5,0.4,239,4,3.7,4.5,0.4,239,4,0,28.88,0.5,0,0,0,39.9,43.7,47.1,0.33,0.31,0.30
SCIP,2019-11-08 22:15:00 EST,42.75621,-76.53403,1297,19.4,21.6,13.1,83.5,15.3,0.000,0.109,0.00,0.000,4.0,5.4,0.4,247,5,4.4,5.9,0.5,247,6,4.4,5.9,0.5,247,6,0,28.88,0.5,0,0,0,39.9,43.8,47.1,0.33,0.31,0.30
SCIP,2019-11-08 22:20:00 EST,42.75621,-76.53403,1297,21.0,21.8,14.3,84.3,17.0,0.000,0.109,0.00,0.000,4.5,5.4,0.3,248,3,4.9,6.0,0.4,249,3,4.9,6.0,0.4,249,3,0,28.88,0.5,0,0,0,39.9,43.7,47.1,0.33,0.31,0.30
SCIP,2019-11-08 22:25:00 EST,42.75621,-76.53403,1297,21.3,21.8,14.8,81.8,16.6,0.000,0.109,0.00,0.000,4.3,5.3,0.4,245,5,4.7,5.7,0.5,246,5,4.7,5.7,0.5,246,5,0,28.88,0.4,0,0,0,39.9,43.7,47.1,0.33,0.31,0.31
SCIP,2019-11-08 22:30:00 EST,42.75621,-76.53403,1297,21.1,21.9,15.4,81.0,16.2,0.000,0.109,0.00,0.000,3.8,5.3,0.5,250,7,4.1,6.0,0.7,250,6,4.1,6.0,0.7,250,6,0,28.88,0.4,0,0,0,39.9,43.8,47.1,0.33,0.31,0.30
SCIP,2019-11-08 22:35:00 EST,42.75621,-76.53403,1297,21.0,22.0,15.0,81.8,16.3,0.000,0.109,0.00,0.000,3.9,5.0,0.4,249,5,4.3,5.8,0.5,250,6,4.3,5.8,0.5,250,6,0,28.87,0.4,0,0,0,39.9,43.7,47.1,0.33,0.31,0.31
SCIP,2019-11-08 22:40:00 EST,42.75621,-76.53403,1297,20.7,21.8,15.2,81.5,16.0,0.000,0.109,0.00,0.000,3.7,5.2,0.5,250,6,3.9,5.6,0.6,251,6,3.9,5.6,0.6,251,6,0,28.87,0.5,0,0,0,39.9,43.7,47.1,0.33,0.31,0.30
SCIP,2019-11-08 22:45:00 EST,42.75621,-76.53403,1297,20.5,21.7,15.0,83.0,16.1,0.000,0.109,0.00,0.000,3.5,4.2,0.3,249,5,3.8,4.9,0.4,248,6,3.8,4.9,0.4,248,6,0,28.87,0.4,0,0,0,39.9,43.7,47.1,0.33,0.31,0.31
SCIP,2019-11-08 22:50:00 EST,42.75621,-76.53403,1297,20.1,21.5,15.2,81.9,15.4,0.000,0.109,0.00,0.000,3.3,4.3,0.4,238,4,3.4,4.8,0.5,237,5,3.4,4.8,0.5,237,5,0,28.87,0.5,0,0,0,39.9,43.7,47.1,0.33,0.31,0.30
SCIP,2019-11-08 22:55:00 EST,42.75621,-76.53403,1297,20.2,21.3,15.3,81.8,15.5,0.000,0.109,0.00,0.000,3.4,4.0,0.3,227,6,3.4,4.3,0.4,226,6,3.4,4.3,0.4,226,6,0,28.87,0.5,0,0,0,39.9,43.7,47.1,0.33,0.31,0.31
SCIP,2019-11-08 23:00:00 EST,42.75621,-76.53403,1297,20.1,20.9,15.4,83.0,15.8,0.000,0.109,0.00,0.000,3.2,4.0,0.6,221,8,3.3,4.6,0.7,220,8,3.3,4.6,0.7,220,8,0,28.87,0.5,0,0,0,39.9,43.7,47.1,0.33,0.31,0.30
SCIP,2019-11-08 23:05:00 EST,42.75621,-76.53403,1297,20.0,21.1,14.8,83.6,15.8,0.000,0.109,0.00,0.000,3.4,4.4,0.3,233,3,3.6,4.7,0.4,231,5,3.6,4.7,0.4,231,5,0,28.87,0.5,0,0,0,39.9,43.7,47.1,0.33,0.31,0.30
SCIP,2019-11-08 23:10:00 EST,42.75621,-76.53403,1297,20.0,21.1,14.0,83.0,15.7,0.000,0.109,0.00,0.000,4.0,4.9,0.4,228,4,4.2,5.4,0.5,226,5,4.2,5.4,0.5,226,5,0,28.87,0.4,0,0,0,39.9,43.7,47.1,0.33,0.31,0.30
SCIP,2019-11-08 23:15:00 EST,42.75621,-76.53403,1297,19.8,21.1,13.2,81.7,15.1,0.000,0.109,0.00,0.000,4.5,4.8,0.2,223,3,4.6,5.3,0.3,221,3,4.6,5.3,0.3,221,3,0,28.87,0.4,0,0,0,39.9,43.7,47.1,0.33,0.31,0.30
SCIP,2019-11-08 23:20:00 EST,42.75621,-76.53403,1297,19.6,21.0,13.2,82.2,15.0,0.000,0.109,0.00,0.000,4.2,5.3,0.3,229,4,4.4,5.3,0.4,227,4,4.4,5.3,0.4,227,4,0,28.87,0.5,0,0,0,39.9,43.7,47.1,0.33,0.31,0.30
SCIP,2019-11-08 23:25:00 EST,42.75621,-76.53403,1297,19.6,21.2,12.9,82.0,15.0,0.000,0.109,0.00,0.000,4.4,5.1,0.4,234,5,4.7,5.6,0.5,233,6,4.7,5.6,0.5,233,6,0,28.87,0.4,0,0,0,39.9,43.7,47.1,0.33,0.31,0.31
SCIP,2019-11-08 23:30:00 EST,42.75621,-76.53403,1297,19.9,21.5,13.6,82.9,15.6,0.000,0.109,0.00,0.000,4.1,5.0,0.5,237,4,4.4,5.5,0.5,236,4,4.4,5.5,0.5,236,4,0,28.87,0.4,0,0,0,39.9,43.7,47.1,0.33,0.31,0.30
SCIP,2019-11-08 23:35:00 EST,42.75621,-76.53403,1297,19.7,21.7,12.7,81.4,15.0,0.000,0.109,0.00,0.000,4.7,5.8,0.5,231,5,4.9,6.3,0.6,229,6,4.9,6.3,0.6,229,6,0,28.87,0.4,0,0,0,39.9,43.7,47.1,0.33,0.31,0.31
SCIP,2019-11-08 23:40:00 EST,42.75621,-76.53403,1297,19.6,21.4,12.7,81.0,14.7,0.000,0.109,0.00,0.000,4.7,5.8,0.4,216,5,4.9,5.9,0.5,213,4,4.9,5.9,0.5,213,4,0,28.87,0.4,0,0,0,39.9,43.7,47.0,0.33,0.31,0.30
SCIP,2019-11-08 23:45:00 EST,42.75621,-76.53403,1297,19.4,20.9,13.0,82.1,14.9,0.000,0.109,0.00,0.000,4.1,5.3,0.4,188,12,4.4,5.5,0.4,187,12,4.4,5.5,0.4,187,12,0,28.87,0.4,0,0,0,39.9,43.7,47.1,0.33,0.31,0.30
SCIP,2019-11-08 23:50:00 EST,42.75621,-76.53403,1297,19.0,20.5,11.7,84.0,15.0,0.000,0.109,0.00,0.000,4.9,5.3,0.3,177,3,5.2,5.7,0.3,176,4,5.2,5.7,0.3,176,4,0,28.87,0.3,0,0,0,39.9,43.7,47.0,0.33,0.31,0.31
SCIP,2019-11-08 23:55:00 EST,42.75621,-76.53403,1297,18.9,20.5,11.7,85.7,15.4,0.000,0.109,0.00,0.000,4.7,5.4,0.3,175,3,5.0,5.8,0.3,174,3,5.0,5.8,0.3,174,3,0,28.87,0.5,0,0,0,39.9,43.7,47.1,0.33,0.31,0.30
SHER,2019-11-08 00:00:00 EST,42.64026,-75.48370,1157,26.0,26.6,26.0,88.4,23.0,0.000,0.202,0.00,0.000,1.7,2.6,0.4,27,11,2.0,3.3,0.4,27,12,2.0,3.3,0.4,27,12,0,28.83,-0.1,0,0,0,41.5,46.0,48.9,0.28,0.38,0.43
SHER,2019-11-08 00:05:00 EST,42.64026,-75.48370,1157,25.9,26.6,25.9,87.5,22.8,0.000,0.000,0.00,0.000,0.4,1.5,0.4,43,9,1.2,2.1,0.3,35,20,1.2,2.1,0.3,35,20,0,28.83,-0.1,0,0,0,41.5,46.0,48.7,0.28,0.38,0.43
SHER,2019-11-08 00:10:00 EST,42.64026,-75.48370,1157,25.9,26.5,25.9,87.9,22.8,0.000,0.000,0.00,0.000,1.4,2.3,0.4,53,17,1.7,2.7,0.4,50,17,1.7,2.7,0.4,50,17,0,28.83,-0.1,0,0,0,41.5,46.0,48.8,0.28,0.38,0.43
SHER,2019-11-08 00:15:00 EST,42.64026,-75.48370,1157,25.8,26.5,25.8,86.3,22.3,0.000,0.000,0.00,0.000,1.8,3.4,0.6,76,18,2.2,3.9,0.6,75,21,2.2,3.9,0.6,75,21,0,28.82,-0.1,0,0,0,41.5,46.0,48.7,0.28,0.37,0.43
SHER,2019-11-08 00:20:00 EST,42.64026,-75.48370,1157,25.4,26.4,21.2,87.3,22.2,0.000,0.000,0.00,0.000,2.9,3.8,0.3,79,7,3.4,4.4,0.4,77,7,3.4,4.4,0.4,77,7,0,28.82,-0.1,0,0,0,41.5,46.0,48.8,0.28,0.37,0.43
SHER,2019-11-08 00:25:00 EST,42.64026,-75.48370,1157,25.0,26.3,20.5,88.3,22.0,0.000,0.000,0.00,0.000,3.2,3.9,0.4,76,11,3.6,4.7,0.6,74,13,3.6,4.7,0.6,74,13,0,28.82,-0.1,0,0,0,41.5,46.0,48.7,0.28,0.37,0.43
SHER,2019-11-08 00:30:00 EST,42.64026,-75.48370,1157,24.8,26.2,24.8,87.2,21.5,0.000,0.000,0.00,0.000,1.7,2.4,0.3,54,5,1.8,2.6,0.3,50,6,1.8,2.6,0.3,50,6,0,28.82,-0.1,0,0,0,41.5,46.0,48.7,0.28,0.37,0.43
SHER,2019-11-08 00:35:00 EST,42.64026,-75.48370,1157,25.1,26.2,25.1,87.5,21.9,0.000,0.000,0.00,0.000,2.3,3.0,0.5,64,4,2.5,3.4,0.6,61,6,2.5,3.4,0.6,61,6,0,28.82,-0.1,0,0,0,41.5,46.0,48.7,0.28,0.37,0.43
SHER,2019-11-08 00:40:00 EST,42.64026,-75.48370,1157,25.2,26.3,25.2,87.6,22.1,0.000,0.000,0.00,0.000,1.1,1.5,0.3,63,20,1.6,2.3,0.3,63,24,1.6,2.3,0.3,63,24,0,28.82,-0.1,0,0,0,41.5,46.0,48.7,0.28,0.37,0.43
SHER,2019-11-08 00:45:00 EST,42.64026,-75.48370,1157,25.5,26.3,25.5,88.0,22.5,0.000,0.000,0.00,0.000,0.1,1.7,0.4,334,26,0.3,1.9,0.6,351,31,0.3,1.9,0.6,351,31,0,28.82,-0.1,0,0,0,41.5,46.0,48.7,0.29,0.37,0.43
SHER,2019-11-08 00:50:00 EST,42.64026,-75.48370,1157,25.5,26.1,25.5,90.4,23.1,0.000,0.000,0.00,0.000,0.4,1.7,0.5,303,0,0.7,1.9,0.6,357,44,0.7,1.9,0.6,357,44,0,28.82,-0.1,0,0,0,41.5,46.0,48.7,0.28,0.37,0.43
SHER,2019-11-08 00:55:00 EST,42.64026,-75.48370,1157,25.5,26.1,25.5,91.0,23.2,0.000,0.000,0.00,0.000,0.5,1.5,0.5,65,29,1.2,2.1,0.4,51,36,1.2,2.1,0.4,51,36,0,28.81,-0.1,0,0,0,41.5,46.0,48.7,0.28,0.37,0.43
SHER,2019-11-08 01:00:00 EST,42.64026,-75.48370,1157,25.6,26.1,25.6,90.5,23.2,0.000,0.000,0.00,0.000,0.5,1.5,0.5,282,10,1.1,1.9,0.4,292,13,1.1,1.9,0.4,292,13,0,28.82,-0.1,0,0,0,41.5,45.9,48.7,0.28,0.37,0.43
SHER,2019-11-08 01:05:00 EST,42.64026,-75.48370,1157,25.7,26.2,25.7,91.8,23.7,0.000,0.000,0.00,0.000,0.4,1.6,0.5,307,10,0.9,1.8,0.4,306,12,0.9,1.8,0.4,306,12,0,28.82,-0.1,0,0,0,41.5,45.9,48.7,0.29,0.37,0.43
SHER,2019-11-08 01:10:00 EST,42.64026,-75.48370,1157,25.7,26.3,25.7,91.1,23.5,0.000,0.000,0.00,0.000,0.7,1.8,0.5,3,10,1.3,2.5,0.6,6,16,1.3,2.5,0.6,6,16,0,28.82,-0.1,0,0,0,41.4,45.9,48.7,0.28,0.37,0.43
SHER,2019-11-08 01:15:00 EST,42.64026,-75.48370,1157,25.8,26.2,25.8,89.4,23.1,0.000,0.000,0.00,0.000,2.0,3.4,0.6,279,40,2.3,3.7,0.6,283,39,2.3,3.7,0.6,283,39,0,28.82,-0.1,0,0,0,41.4,45.9,48.7,0.28,0.37,0.43
SHER,2019-11-08 01:20:00 EST,42.64026,-75.48370,1157,25.7,26.1,25.7,92.4,23.8,0.000,0.000,0.00,0.000,2.5,3.4,0.4,214,9,2.8,3.8,0.5,216,10,2.8,3.8,0.5,216,10,0,28.82,-0.0,0,0,0,41.4,45.9,48.7,0.28,0.37,0.43
SHER,2019-11-08 01:25:00 EST,42.64026,-75.48370,1157,25.7,26.1,25.7,93.5,24.1,0.000,0.000,0.00,0.000,1.5,2.8,0.6,205,7,2.0,3.2,0.6,210,10,2.0,3.2,0.6,210,10,0,28.82,-0.0,0,0,0,41.4,45.9,48.7,0.28,0.37,0.43
SHER,2019-11-08 01:30:00 EST,42.64026,-75.48370,1157,25.7,26.1,25.7,93.2,24.0,0.000,0.000,0.00,0.000,1.2,2.0,0.3,208,13,1.6,2.4,0.3,210,14,1.6,2.4,0.3,210,14,0,28.82,-0.1,0,0,0,41.4,45.9,48.7,0.28,0.37,0.43
SHER,2019-11-08 01:35:00 EST,42.64026,-75.48370,1157,25.6,26.0,25.6,92.7,23.8,0.000,0.000,0.00,0.000,2.1,2.8,0.3,200,5,2.4,3.4,0.4,204,7,2.4,3.4,0.4,204,7,0,28.82,-0.1,0,0,0,41.4,45.9,48.7,0.28,0.37,0.43
SHER,2019-11-08 01:40:00 EST,42.64026,-75.48370,1157,25.7,26.1,25.7,92.5,23.8,0.000,0.000,0.00,0.000,1.3,2.2,0.4,188,8,1.7,3.0,0.4,189,11,1.7,3.0,0.4,189,11,0,28.82,-0.1,0,0,0,41.4,45.9,48.7,0.28,0.37,0.43
SHER,2019-11-08 01:45:00 EST,42.64026,-75.48370,1157,25.8,26.2,25.8,91.5,23.7,0.000,0.000,0.00,0.000,0.8,1.5,0.4,205,10,1.4,2.1,0.2,209,13,1.4,2.1,0.2,209,13,0,28.82,-0.1,0,0,0,41.4,45.9,48.7,0.28,0.36,0.43
SHER,2019-11-08 01:50:00 EST,42.64026,-75.48370,1157,25.9,26.3,25.9,87.9,22.8,0.000,0.000,0.00,0.000,1.0,1.8,0.4,205,6,1.5,2.3,0.3,212,11,1.5,2.3,0.3,212,11,0,28.82,-0.1,0,0,0,41.4,45.9,48.7,0.28,0.36,0.43
SHER,2019-11-08 01:55:00 EST,42.64026,-75.48370,1157,25.9,26.2,25.9,88.9,23.1,0.000,0.000,0.00,0.000,1.8,2.5,0.3,221,6,2.1,2.9,0.3,225,7,2.1,2.9,0.3,225,7,0,28.82,-0.1,0,0,0,41.4,45.9,48.7,0.28,0.36,0.43
SHER,2019-11-08 02:00:00 EST,42.64026,-75.48370,1157,25.8,26.2,25.8,89.0,23.0,0.000,0.000,0.00,0.000,2.5,3.3,0.4,227,8,2.8,3.9,0.5,228,7,2.8,3.9,0.5,228,7,0,28.81,-0.1,0,0,0,41.4,45.9,48.7,0.28,0.36,0.43
SHER,2019-11-08 02:05:00 EST,42.64026,-75.48370,1157,25.7,26.1,25.7,89.1,23.0,0.000,0.000,0.00,0.000,1.9,3.2,0.6,238,13,2.2,3.3,0.5,241,15,2.2,3.3,0.5,241,15,0,28.81,-0.1,0,0,0,41.4,45.9,48.7,0.28,0.36,0.43
SHER,2019-11-08 02:10:00 EST,42.64026,-75.48370,1157,25.7,26.1,22.0,91.1,23.5,0.000,0.000,0.00,0.000,2.8,4.6,0.7,260,6,3.2,5.3,0.8,263,7,3.2,5.3,0.8,263,7,0,28.81,-0.1,0,0,0,41.4,45.9,48.7,0.28,0.36,0.43
SHER,2019-11-08 02:15:00 EST,42.64026,-75.48370,1157,25.7,26.0,20.8,90.6,23.3,0.000,0.000,0.00,0.000,3.5,4.8,0.8,264,22,4.0,5.6,0.9,268,23,4.0,5.6,0.9,268,23,0,28.81,-0.1,0,0,0,41.4,45.9,48.7,0.28,0.36,0.43
SHER,2019-11-08 02:20:00 EST,42.64026,-75.48370,1157,25.6,26.0,25.6,91.2,23.4,0.000,0.000,0.00,0.000,2.0,3.9,0.7,282,16,2.4,4.3,0.6,288,17,2.4,4.3,0.6,288,17,0,28.81,-0.1,0,0,0,41.4,45.9,48.7,0.28,0.36,0.43
SHER,2019-11-08 02:25:00 EST,42.64026,-75.48370,1157,25.6,26.0,25.6,89.7,23.0,0.000,0.000,0.00,0.000,2.1,3.2,0.5,253,9,2.4,3.6,0.5,256,10,2.4,3.6,0.5,256,10,0,28.81,-0.1,0,0,0,41.4,45.9,48.7,0.28,0.36,0.43
SHER,2019-11-08 02:30:00 EST,42.64026,-75.48370,1157,25.7,26.0,25.7,91.9,23.6,0.000,0.000,0.00,0.000,1.2,2.3,0.7,220,13,1.6,2.6,0.7,224,14,1.6,2.6,0.7,224,14,0,28.81,-0.1,0,0,0,41.4,45.8,48.7,0.28,0.36,0.43
SHER,2019-11-08 02:35:00 EST,42.64026,-75.48370,1157,25.5,25.9,25.5,93.3,23.9,0.000,0.000,0.00,0.000,1.0,1.8,0.5,185,11,1.6,2.6,0.4,188,13,1.6,2.6,0.4,188,13,0,28.81,-0.1,0,0,0,41.4,45.8,48.7,0.28,0.36,0.43
SHER,2019-11-08 02:40:00 EST,42.64026,-75.48370,1157,25.6,26.0,25.6,94.1,24.1,0.000,0.000,0.00,0.000,0.8,1.9,0.5,210,14,1.2,2.0,0.5,209,14,1.2,2.0,0.5,209,14,0,28.81,-0.1,0,0,0,41.4,45.8,48.7,0.28,0.36,0.43
SHER,2019-11-08 02:45:00 EST,42.64026,-75.48370,1157,25.5,25.9,25.5,92.9,23.7,0.000,0.000,0.00,0.000,0.6,1.4,0.3,202,12,1.0,2.1,0.4,200,16,1.0,2.1,0.4,200,16,0,28.81,-0.1,0,0,0,41.4,45.8,48.7,0.28,0.36,0.43
SHER,2019-11-08 02:50:00 EST,42.64026,-75.48370,1157,25.5,26.0,25.5,92.4,23.7,0.000,0.000,0.00,0.000,0.4,0.9,0.4,200,6,0.7,1.4,0.5,208,12,0.7,1.4,0.5,208,12,0,28.81,-0.1,0,0,0,41.4,45.7,48.7,0.28,0.36,0.43
SHER,2019-11-08 02:55:00 EST,42.64026,-75.48370,1157,25.6,26.1,25.6,92.9,23.9,0.000,0.000,0.00,0.000,0.2,1.5,0.4,240,11,0.8,2.3,0.5,244,18,0.8,2.3,0.5,244,18,0,28.81,-0.1,0,0,0,41.4,45.7,48.7,0.28,0.36,0.43
SHER,2019-11-08 03:00:00 EST,42.64026,-75.48370,1157,25.8,26.1,25.8,94.0,24.3,0.000,0.000,0.00,0.000,2.1,3.1,0.5,263,18,2.5,4.1,0.5,268,19,2.5,4.1,0.5,268,19,0,28.81,-0.1,0,0,0,41.4,45.7,48.7,0.28,0.35,0.43
SHER,2019-11-08 03:05:00 EST,42.64026,-75.48370,1157,25.7,26.0,25.7,94.2,24.2,0.000,0.000,0.00,0.000,2.3,3.1,0.4,253,11,2.6,3.6,0.4,257,12,2.6,3.6,0.4,257,12,0,28.81,-0.1,0,0,0,41.4,45.7,48.7,0.28,0.35,0.43
SHER,2019-11-08 03:10:00 EST,42.64026,-75.48370,1157,25.6,26.0,25.6,94.5,24.2,0.000,0.000,0.00,0.000,1.3,2.3,0.5,240,14,1.5,2.6,0.5,241,20,1.5,2.6,0.5,241,20,0,28.81,-0.1,0,0,0,41.4,45.7,48.7,0.28,0.35,0.43
SHER,2019-11-08 03:15:00 EST,42.64026,-75.48370,1157,25.5,26.0,25.5,94.0,24.0,0.000,0.000,0.00,0.000,1.7,4.6,1.2,202,14,2.3,5.0,1.3,204,16,2.3,5.0,1.3,204,16,0,28.81,-0.1,0,0,0,41.4,45.7,48.7,0.28,0.35,0.43
SHER,2019-11-08 03:20:00 EST,42.64026,-75.48370,1157,25.6,26.0,21.3,94.2,24.2,0.000,0.000,0.00,0.000,3.2,4.3,0.6,215,12,3.6,4.9,0.6,215,12,3.6,4.9,0.6,215,12,0,28.81,-0.1,0,0,0,41.4,45.7,48.7,0.28,0.35,0.43
SHER,2019-11-08 03:25:00 EST,42.64026,-75.48370,1157,25.7,26.1,21.3,93.5,24.1,0.002,0.002,0.00,0.002,3.3,5.2,0.9,225,8,3.6,5.9,1.1,226,10,3.6,5.9,1.1,226,10,0,28.81,-0.1,0,0,0,41.4,45.7,48.7,0.28,0.35,0.43
SHER,2019-11-08 03:30:00 EST,42.64026,-75.48370,1157,25.8,26.1,22.3,93.2,24.1,0.000,0.002,0.00,0.002,2.6,4.5,0.8,204,12,3.0,4.9,0.9,206,12,3.0,4.9,0.9,206,12,0,28.80,-0.1,0,0,0,41.4,45.7,48.7,0.28,0.35,0.43
SHER,2019-11-08 03:35:00 EST,42.64026,-75.48370,1157,25.6,26.1,25.6,92.2,23.7,0.000,0.002,0.00,0.002,2.4,3.7,0.6,198,15,2.7,4.7,0.8,201,16,2.7,4.7,0.8,201,16,0,28.80,-0.1,0,0,0,41.4,45.7,48.7,0.28,0.35,0.43
SHER,2019-11-08 03:40:00 EST,42.64026,-75.48370,1157,25.6,26.0,20.8,92.2,23.6,0.000,0.002,0.00,0.002,3.4,4.4,0.5,223,13,3.9,5.1,0.6,225,14,3.9,5.1,0.6,225,14,0,28.80,-0.1,0,0,0,41.3,45.7,48.7,0.28,0.35,0.43
SHER,2019-11-08 03:45:00 EST,42.64026,-75.48370,1157,25.6,26.0,19.7,93.3,24.0,0.002,0.004,0.00,0.004,4.5,7.0,1.0,294,27,4.9,6.9,1.0,297,27,4.9,6.9,1.0,297,27,0,28.80,-0.1,0,0,0,41.3,45.7,48.7,0.28,0.35,0.43
SHER,2019-11-08 03:50:00 EST,42.64026,-75.48370,1157,25.1,25.4,17.3,93.7,23.5,0.000,0.004,0.00,0.004,6.2,8.6,1.1,328,11,6.8,10.1,1.4,333,11,6.8,10.1,1.4,333,11,0,28.81,-0.1,0,0,0,41.2,45.7,48.7,0.28,0.35,0.43
SHER,2019-11-08 03:55:00 EST,42.64026,-75.48370,1157,25.0,25.3,17.8,93.3,23.3,0.000,0.004,0.00,0.004,5.0,7.1,0.9,345,11,6.0,8.9,1.1,349,9,6.0,8.9,1.1,349,9,0,28.81,-0.1,0,0,0,41.2,45.7,48.7,0.28,0.35,0.43
SHER,2019-11-08 04:00:00 EST,42.64026,-75.48370,1157,24.9,25.2,18.8,93.4,23.3,0.000,0.004,0.00,0.004,4.3,6.6,1.0,332,11,4.9,7.5,1.0,337,11,4.9,7.5,1.0,337,11,0,28.80,-0.1,0,0,0,41.2,45.7,48.7,0.28,0.35,0.43
SHER,2019-11-08 04:05:00 EST,42.64026,-75.48370,1157,24.8,25.2,20.7,93.4,23.2,0.000,0.004,0.00,0.004,2.6,3.8,0.5,346,11,3.3,4.7,0.7,349,11,3.3,4.7,0.7,349,11,0,28.80,-0.1,0,0,0,41.2,45.6,48.7,0.28,0.35,0.43
SHER,2019-11-08 04:10:00 EST,42.64026,-75.48370,1157,24.9,25.2,20.5,93.2,23.2,0.000,0.004,0.00,0.004,3.0,3.9,0.5,331,8,3.5,4.9,0.6,334,9,3.5,4.9,0.6,334,9,0,28.80,-0.1,0,0,0,41.2,45.7,48.7,0.28,0.35,0.43
SHER,2019-11-08 04:15:00 EST,42.64026,-75.48370,1157,25.0,25.3,20.0,93.6,23.4,0.000,0.004,0.00,0.004,3.5,5.3,0.8,331,7,4.0,6.0,0.9,335,9,4.0,6.0,0.9,335,9,0,28.81,-0.1,0,0,0,41.2,45.6,48.7,0.28,0.35,0.43
SHER,2019-11-08 04:20:00 EST,42.64026,-75.48370,1157,25.0,25.3,19.1,93.2,23.3,0.000,0.004,0.00,0.004,4.3,6.4,0.8,325,8,4.7,6.4,0.7,328,8,4.7,6.4,0.7,328,8,0,28.81,-0.1,0,0,0,41.2,45.6,48.7,0.28,0.35,0.43
SHER,2019-11-08 04:25:00 EST,42.64026,-75.48370,1157,25.0,25.3,20.2,93.3,23.3,0.000,0.004,0.00,0.002,3.5,4.8,0.6,321,8,3.9,5.5,0.8,323,8,3.9,5.5,0.8,323,8,0,28.81,-0.1,0,0,0,41.2,45.5,48.7,0.28,0.35,0.43
SHER,2019-11-08 04:30:00 EST,42.64026,-75.48370,1157,25.1,25.3,16.9,94.2,23.6,0.004,0.007,0.00,0.006,6.8,11.5,2.2,320,7,7.3,12.5,2.4,323,7,7.3,12.5,2.4,323,7,0,28.81,-0.1,0,0,0,41.2,45.5,48.6,0.28,0.35,0.43
SHER,2019-11-08 04:35:00 EST,42.64026,-75.48370,1157,24.9,25.2,14.7,94.3,23.5,0.009,0.016,0.00,0.014,9.8,14.8,1.8,312,8,10.5,15.0,1.7,314,7,10.5,15.0,1.7,314,7,0,28.81,-0.1,0,0,0,41.2,45.5,48.6,0.28,0.35,0.43
SHER,2019-11-08 04:40:00 EST,42.64026,-75.48370,1157,24.7,25.0,13.3,95.1,23.6,0.006,0.022,0.00,0.020,12.0,17.8,2.9,321,10,12.8,19.2,2.7,325,9,12.8,19.2,2.7,325,9,0,28.82,-0.2,0,0,0,41.2,45.5,48.6,0.28,0.35,0.43
SHER,2019-11-08 04:45:00 EST,42.64026,-75.48370,1157,24.0,24.4,12.6,93.3,22.4,0.004,0.026,0.00,0.022,11.2,17.8,2.5,338,13,12.3,20.0,3.0,343,10,12.3,20.0,3.0,343,10,0,28.82,-0.1,0,0,0,41.2,45.5,48.6,0.28,0.35,0.43
SHER,2019-11-08 04:50:00 EST,42.64026,-75.48370,1157,23.3,23.7,14.9,92.4,21.5,0.004,0.030,0.00,0.026,6.3,11.5,2.2,339,11,7.2,13.6,2.6,343,9,7.2,13.6,2.6,343,9,0,28.82,-0.2,0,0,0,41.2,45.5,48.6,0.28,0.35,0.43
SHER,2019-11-08 04:55:00 EST,42.64026,-75.48370,1157,23.0,23.5,15.6,93.9,21.5,0.000,0.030,0.00,0.026,5.3,8.0,1.0,331,14,5.9,8.2,1.1,335,12,5.9,8.2,1.1,335,12,0,28.82,-0.1,0,0,0,41.2,45.5,48.6,0.28,0.35,0.43
SHER,2019-11-08 05:00:00 EST,42.64026,-75.48370,1157,22.8,23.4,14.2,94.1,21.3,0.000,0.030,0.00,0.026,6.6,9.9,1.6,324,11,7.3,10.4,1.6,329,10,7.3,10.4,1.6,329,10,0,28.82,-0.2,0,0,0,41.2,45.5,48.6,0.28,0.35,0.43
SHER,2019-11-08 05:05:00 EST,42.64026,-75.48370,1157,22.6,23.2,13.4,93.8,21.1,0.000,0.030,0.00,0.026,7.5,10.8,1.2,322,10,8.0,10.3,1.2,326,10,8.0,10.3,1.2,326,10,0,28.83,-0.1,0,0,0,41.2,45.5,48.6,0.28,0.35,0.43
SHER,2019-11-08 05:10:00 EST,42.64026,-75.48370,1157,22.6,23.2,12.1,92.8,20.8,0.000,0.030,0.00,0.026,9.1,13.4,2.1,326,11,9.8,15.7,2.2,332,11,9.8,15.7,2.2,332,11,0,28.83,-0.1,0,0,0,41.2,45.5,48.6,0.28,0.35,0.43
SHER,2019-11-08 05:15:00 EST,42.64026,-75.48370,1157,22.4,23.0,13.3,91.7,20.4,0.000,0.030,0.00,0.026,7.0,11.2,1.8,329,11,7.8,12.0,1.8,333,10,7.8,12.0,1.8,333,10,0,28.83,-0.1,0,0,0,41.2,45.5,48.6,0.28,0.35,0.43
SHER,2019-11-08 05:20:00 EST,42.64026,-75.48370,1157,22.4,23.0,14.2,92.2,20.5,0.000,0.030,0.00,0.026,6.1,10.5,2.0,337,14,6.7,13.0,2.3,342,12,6.7,13.0,2.3,342,12,0,28.83,-0.1,0,0,0,41.2,45.5,48.6,0.28,0.35,0.43
SHER,2019-11-08 05:25:00 EST,42.64026,-75.48370,1157,22.6,23.1,14.0,91.8,20.6,0.000,0.030,0.00,0.026,6.4,10.5,2.1,331,14,7.2,12.3,2.2,336,13,7.2,12.3,2.2,336,13,0,28.84,-0.1,0,0,0,41.2,45.5,48.6,0.28,0.35,0.43
SHER,2019-11-08 05:30:00 EST,42.64026,-75.48370,1157,22.6,23.0,12.7,90.4,20.2,0.000,0.030,0.00,0.023,8.0,12.8,1.7,341,15,9.0,15.0,2.1,346,11,9.0,15.0,2.1,346,11,0,28.84,-0.1,0,0,0,41.2,45.5,48.6,0.28,0.35,0.43
SHER,2019-11-08 05:35:00 EST,42.64026,-75.48370,1157,22.3,22.8,14.1,87.4,19.1,0.000,0.030,0.00,0.014,6.0,8.8,1.2,334,13,6.7,10.2,1.4,339,13,6.7,10.2,1.4,339,13,0,28.84,-0.1,0,0,0,41.2,45.5,48.6,0.28,0.35,0.43
SHER,2019-11-08 05:40:00 EST,42.64026,-75.48370,1157,22.2,22.7,13.8,88.3,19.2,0.000,0.030,0.00,0.008,6.1,9.5,1.6,323,11,6.8,10.5,1.6,327,9,6.8,10.5,1.6,327,9,0,28.84,-0.1,0,0,0,41.2,45.5,48.6,0.28,0.35,0.43
SHER,2019-11-08 05:45:00 EST,42.64026,-75.48370,1157,21.8,22.4,12.6,90.4,19.4,0.000,0.030,0.00,0.004,7.1,9.3,1.0,310,7,7.8,9.9,1.1,314,7,7.8,9.9,1.1,314,7,0,28.84,-0.1,0,0,0,41.2,45.5,48.6,0.28,0.35,0.43
SHER,2019-11-08 05:50:00 EST,42.64026,-75.48370,1157,21.3,22.1,11.9,89.4,18.6,0.000,0.030,0.00,0.000,7.3,10.3,1.3,307,10,7.8,11.0,1.4,312,9,7.8,11.0,1.4,312,9,0,28.84,-0.0,0,0,0,41.2,45.5,48.6,0.28,0.35,0.43
SHER,2019-11-08 05:55:00 EST,42.64026,-75.48370,1157,21.0,21.9,11.9,89.2,18.3,0.000,0.030,0.00,0.000,6.8,9.8,1.2,305,9,7.3,10.7,1.3,310,9,7.3,10.7,1.3,310,9,0,28.85,-0.0,0,0,0,41.2,45.5,48.6,0.28,0.35,0.43
SHER,2019-11-08 06:00:00 EST,42.64026,-75.48370,1157,21.0,21.8,13.5,90.1,18.6,0.000,0.030,0.00,0.000,5.2,7.6,1.4,309,11,5.7,8.4,1.6,313,10,5.7,8.4,1.6,313,10,0,28.85,0.0,0,0,0,41.1,45.5,48.6,0.28,0.35,0.43
SHER,2019-11-08 06:05:00 EST,42.64026,-75.48370,1157,20.9,21.7,13.6,90.2,18.5,0.000,0.030,0.00,0.000,4.9,7.6,1.1,310,8,5.4,8.3,1.2,314,7,5.4,8.3,1.2,314,7,0,28.85,0.0,0,0,0,41.2,45.5,48.6,0.28,0.34,0.43
SHER,2019-11-08 06:10:00 EST,42.64026,-75.48370,1157,20.8,21.7,12.3,90.1,18.4,0.000,0.030,0.00,0.000,6.1,9.1,1.2,316,8,6.7,9.9,1.3,320,8,6.7,9.9,1.3,320,8,0,28.85,0.1,0,0,0,41.2,45.5,48.6,0.28,0.34,0.43
SHER,2019-11-08 06:15:00 EST,42.64026,-75.48370,1157,21.0,21.7,13.7,90.7,18.7,0.000,0.030,0.00,0.000,4.8,6.8,0.9,309,10,5.4,8.1,1.1,313,8,5.4,8.1,1.1,313,8,0,28.85,0.1,0,0,0,41.2,45.5,48.6,0.28,0.34,0.43
SHER,2019-11-08 06:20:00 EST,42.64026,-75.48370,1157,21.2,21.8,14.7,91.5,19.2,0.000,0.030,0.00,0.000,4.6,6.6,0.9,320,7,4.8,6.7,1.0,323,8,4.8,6.7,1.0,323,8,0,28.86,0.0,0,0,0,41.2,45.5,48.6,0.28,0.34,0.43
SHER,2019-11-08 06:25:00 EST,42.64026,-75.48370,1157,21.2,21.8,14.8,91.4,19.1,0.000,0.030,0.00,0.000,4.4,7.0,1.2,318,11,4.7,7.4,1.4,322,11,4.7,7.4,1.4,322,11,0,28.86,0.0,0,0,0,41.2,45.4,48.6,0.28,0.34,0.43
SHER,2019-11-08 06:30:00 EST,42.64026,-75.48370,1157,21.0,21.8,15.7,91.1,18.8,0.000,0.030,0.00,0.000,3.5,5.6,1.0,312,11,3.8,6.0,1.2,316,10,3.8,6.0,1.2,316,10,0,28.86,0.0,0,0,0,41.2,45.3,48.6,0.28,0.34,0.43
SHER,2019-11-08 06:35:00 EST,42.64026,-75.48370,1157,21.0,21.7,15.5,91.4,18.9,0.000,0.030,0.00,0.000,3.6,5.0,0.6,303,7,3.9,5.8,0.8,308,6,3.9,5.8,0.8,308,6,1,28.86,0.0,0,0,0,41.2,45.3,48.6,0.28,0.34,0.43
SHER,2019-11-08 06:40:00 EST,42.64026,-75.48370,1157,21.3,21.9,15.7,92.4,19.5,0.000,0.030,0.00,0.000,3.7,5.3,0.9,310,11,4.0,6.4,1.1,314,9,4.0,6.4,1.1,314,9,2,28.86,-0.0,0,0,0,41.2,45.4,48.6,0.28,0.34,0.43
SHER,2019-11-08 06:45:00 EST,42.64026,-75.48370,1157,21.5,22.0,16.5,92.3,19.6,0.000,0.030,0.00,0.000,3.3,4.9,0.6,289,9,3.6,5.5,0.7,295,9,3.6,5.5,0.7,295,9,3,28.87,-0.1,0,0,0,41.2,45.3,48.6,0.28,0.34,0.43
SHER,2019-11-08 06:50:00 EST,42.64026,-75.48370,1157,21.6,22.1,14.3,91.3,19.4,0.000,0.030,0.00,0.000,5.1,6.8,0.8,304,6,5.5,8.1,0.9,309,6,5.5,8.1,0.9,309,6,5,28.87,-0.1,0,0,0,41.2,45.3,48.6,0.28,0.34,0.43
SHER,2019-11-08 06:55:00 EST,42.64026,-75.48370,1157,21.7,22.2,15.4,90.9,19.5,0.000,0.030,0.00,0.000,4.3,5.5,0.5,299,12,4.7,6.0,0.5,303,12,4.7,6.0,0.5,303,12,7,28.87,-0.1,0,0,0,41.2,45.3,48.6,0.28,0.34,0.43
SHER,2019-11-08 07:00:00 EST,42.64026,-75.48370,1157,21.9,22.3,16.3,91.6,19.8,0.000,0.030,0.00,0.000,3.7,6.2,1.1,308,11,4.1,7.2,1.2,312,10,4.1,7.2,1.2,312,10,9,28.87,-0.1,0,0,0,41.2,45.3,48.6,0.28,0.34,0.43
SHER,2019-11-08 07:05:00 EST,42.64026,-75.48370,1157,21.9,22.5,17.3,90.5,19.6,0.000,0.030,0.00,0.000,3.1,4.8,0.7,298,17,3.4,5.5,0.9,302,16,3.4,5.5,0.9,302,16,13,28.87,-0.1,0,0,0,41.2,45.3,48.6,0.28,0.34,0.43
SHER,2019-11-08 07:10:00 EST,42.64026,-75.48370,1157,22.1,22.5,16.4,91.0,19.9,0.000,0.030,0.00,0.000,3.8,6.7,0.9,317,14,4.2,8.3,1.0,321,14,4.2,8.3,1.0,321,14,21,28.88,-0.0,0,0,0,41.2,45.3,48.6,0.28,0.34,0.43
SHER,2019-11-08 07:15:00 EST,42.64026,-75.48370,1157,22.2,22.6,14.6,90.7,19.9,0.000,0.030,0.00,0.000,5.4,7.7,0.9,316,18,5.9,8.3,0.9,321,18,5.9,8.3,0.9,321,18,23,28.88,0.0,0,0,0,41.2,45.3,48.6,0.28,0.34,0.43
SHER,2019-11-08 07:20:00 EST,42.64026,-75.48370,1157,22.5,22.9,14.7,90.7,20.2,0.000,0.030,0.00,0.000,5.6,8.8,1.3,307,17,6.1,9.7,1.4,312,17,6.1,9.7,1.4,312,17,19,28.88,0.0,0,0,0,41.2,45.3,48.6,0.28,0.34,0.43
SHER,2019-11-08 07:25:00 EST,42.64026,-75.48370,1157,22.3,22.7,14.1,91.0,20.1,0.000,0.030,0.00,0.000,6.3,8.2,0.8,320,10,6.7,8.8,0.9,325,10,6.7,8.8,0.9,325,10,29,28.89,0.0,0,0,0,41.2,45.3,48.6,0.28,0.34,0.43
SHER,2019-11-08 07:30:00 EST,42.64026,-75.48370,1157,22.2,22.5,13.7,91.3,20.0,0.000,0.030,0.00,0.000,6.2,9.2,1.7,340,18,7.0,10.6,1.9,345,12,7.0,10.6,1.9,345,12,23,28.89,-0.1,0,0,0,41.2,45.3,48.6,0.28,0.34,0.43
SHER,2019-11-08 07:35:00 EST,42.64026,-75.48370,1157,22.1,22.5,14.5,90.9,19.9,0.000,0.030,0.00,0.000,5.1,8.4,1.4,338,11,6.0,10.1,1.7,342,10,6.0,10.1,1.7,342,10,30,28.89,-0.1,0,0,0,41.2,45.3,48.6,0.28,0.34,0.43
SHER,2019-11-08 07:40:00 EST,42.64026,-75.48370,1157,22.2,22.5,15.9,91.6,20.2,0.000,0.030,0.00,0.000,4.3,5.7,0.8,330,16,4.8,6.9,1.0,333,15,4.8,6.9,1.0,333,15,50,28.90,-0.1,0,0,0,41.2,45.3,48.5,0.28,0.34,0.43
SHER,2019-11-08 07:45:00 EST,42.64026,-75.48370,1157,22.5,22.8,13.2,91.9,20.5,0.000,0.030,0.00,0.000,7.5,13.4,3.0,319,14,8.1,14.9,3.1,320,14,8.1,14.9,3.1,320,14,49,28.90,0.0,0,0,0,41.2,45.3,48.6,0.28,0.34,0.43
SHER,2019-11-08 07:50:00 EST,42.64026,-75.48370,1157,22.6,22.9,12.7,90.1,20.1,0.000,0.030,0.00,0.000,8.3,15.4,2.4,318,11,9.1,15.3,2.3,323,10,9.1,15.3,2.3,323,10,64,28.90,0.1,0,0,0,41.2,45.3,48.6,0.28,0.34,0.43
SHER,2019-11-08 07:55:00 EST,42.64026,-75.48370,1157,22.7,23.0,13.7,90.6,20.4,0.000,0.030,0.00,0.000,7.2,12.2,2.0,321,11,7.9,12.9,2.1,326,12,7.9,12.9,2.1,326,12,92,28.91,0.1,0,0,0,41.2,45.3,48.5,0.28,0.34,0.43
SHER,2019-11-08 08:00:00 EST,42.64026,-75.48370,1157,22.7,22.9,13.6,89.7,20.1,0.000,0.030,0.00,0.000,7.4,10.3,1.3,323,10,7.8,11.4,1.4,328,9,7.8,11.4,1.4,328,9,69,28.91,0.0,0,0,0,41.2,45.2,48.5,0.28,0.34,0.43
SHER,2019-11-08 08:05:00 EST,42.64026,-75.48370,1157,22.9,23.0,14.9,90.0,20.4,0.000,0.030,0.00,0.000,5.9,9.8,1.7,321,11,6.5,10.2,1.6,325,10,6.5,10.2,1.6,325,10,107,28.91,0.0,0,0,0,41.2,45.3,48.5,0.28,0.34,0.43
SHER,2019-11-08 08:10:00 EST,42.64026,-75.48370,1157,23.0,23.1,14.5,89.5,20.3,0.000,0.030,0.00,0.000,6.2,9.9,1.8,328,20,7.1,11.1,1.9,333,20,7.1,11.1,1.9,333,20,66,28.91,-0.0,0,0,0,41.2,45.3,48.4,0.28,0.34,0.43
SHER,2019-11-08 08:15:00 EST,42.64026,-75.48370,1157,22.7,23.1,13.3,87.9,19.7,0.000,0.030,0.00,0.000,7.6,12.6,2.5,335,18,8.4,14.6,2.7,341,17,8.4,14.6,2.7,341,17,70,28.91,-0.1,0,0,0,41.2,45.2,48.4,0.28,0.34,0.43
SHER,2019-11-08 08:20:00 EST,42.64026,-75.48370,1157,22.9,23.2,12.4,86.4,19.5,0.000,0.030,0.00,0.000,9.6,14.2,1.8,318,12,10.3,15.0,2.0,321,12,10.3,15.0,2.0,321,12,98,28.92,-0.1,0,0,0,41.2,45.2,48.5,0.28,0.34,0.43
SHER,2019-11-08 08:25:00 EST,42.64026,-75.48370,1157,23.0,23.3,11.9,86.0,19.5,0.000,0.030,0.00,0.000,10.6,14.5,1.7,324,10,11.2,15.2,1.7,327,10,11.2,15.2,1.7,327,10,75,28.92,-0.0,0,0,0,41.2,45.1,48.4,0.28,0.34,0.43
SHER,2019-11-08 08:30:00 EST,42.64026,-75.48370,1157,23.0,23.3,12.8,86.9,19.6,0.000,0.030,0.00,0.000,8.9,15.0,2.0,310,14,9.6,16.2,2.1,314,12,9.6,16.2,2.1,314,12,83,28.92,-0.1,0,0,0,41.2,45.1,48.4,0.28,0.34,0.43
SHER,2019-11-08 08:35:00 EST,42.64026,-75.48370,1157,23.2,23.4,11.3,84.7,19.2,0.000,0.030,0.00,0.000,12.0,18.1,2.7,307,11,12.7,19.8,2.7,311,12,12.7,19.8,2.7,311,12,101,28.92,-0.1,0,0,0,41.2,45.1,48.4,0.28,0.34,0.43
SHER,2019-11-08 08:40:00 EST,42.64026,-75.48370,1157,22.8,23.3,11.4,83.3,18.5,0.000,0.030,0.00,0.000,10.8,15.7,2.2,307,15,11.6,16.4,2.1,310,16,11.6,16.4,2.1,310,16,76,28.92,-0.1,0,0,0,41.2,45.1,48.4,0.28,0.34,0.43
SHER,2019-11-08 08:45:00 EST,42.64026,-75.48370,1157,22.9,23.3,10.9,81.0,17.9,0.000,0.030,0.00,0.000,12.1,15.7,1.8,318,11,13.0,17.4,1.9,322,10,13.0,17.4,1.9,322,10,149,28.92,-0.1,0,0,0,41.2,45.1,48.4,0.28,0.33,0.43
SHER,2019-11-08 08:50:00 EST,42.64026,-75.48370,1157,23.2,23.4,9.9,79.0,17.6,0.000,0.030,0.00,0.000,15.1,21.9,3.1,316,12,15.8,22.8,3.3,320,11,15.8,22.8,3.3,320,11,229,28.92,-0.1,0,0,0,41.2,45.1,48.4,0.28,0.33,0.43
SHER,2019-11-08 08:55:00 EST,42.64026,-75.48370,1157,23.6,23.7,10.2,78.0,17.8,0.000,0.030,0.00,0.000,15.9,22.9,2.7,314,9,16.7,23.5,2.7,318,8,16.7,23.5,2.7,318,8,278,28.92,-0.1,0,0,0,41.2,45.1,48.4,0.28,0.33,0.43
SHER,2019-11-08 09:00:00 EST,42.64026,-75.48370,1157,23.7,23.7,11.3,78.3,18.0,0.000,0.030,0.00,0.000,13.7,21.8,2.9,313,8,14.3,22.0,3.0,318,9,14.3,22.0,3.0,318,9,242,28.92,-0.1,0,0,0,41.2,45.1,48.4,0.28,0.33,0.43
SHER,2019-11-08 09:05:00 EST,42.64026,-75.48370,1157,23.6,23.7,10.7,79.1,18.1,0.000,0.030,0.00,0.000,14.7,20.5,2.7,319,9,15.6,21.2,2.8,321,8,15.6,21.2,2.8,321,8,208,28.92,-0.1,0,0,0,41.3,45.1,48.4,0.28,0.33,0.43
SHER,2019-11-08 09:10:00 EST,42.64026,-75.48370,1157,23.3,23.4,11.2,80.5,18.2,0.000,0.030,0.00,0.000,12.9,18.1,2.0,325,9,13.5,18.4,2.0,329,9,13.5,18.4,2.0,329,9,186,28.92,-0.2,0,0,0,41.3,45.1,48.4,0.28,0.33,0.43
SHER,2019-11-08 09:15:00 EST,42.64026,-75.48370,1157,23.2,23.2,11.0,83.6,18.9,0.000,0.030,0.00,0.000,12.9,17.5,2.1,321,9,13.4,20.2,2.3,327,8,13.4,20.2,2.3,327,8,152,28.92,-0.1,0,0,0,41.4,45.1,48.4,0.28,0.33,0.43
SHER,2019-11-08 09:20:00 EST,42.64026,-75.48370,1157,23.2,23.2,11.0,85.3,19.4,0.000,0.030,0.00,0.000,12.7,17.3,2.2,306,13,13.5,18.3,2.3,309,13,13.5,18.3,2.3,309,13,148,28.92,-0.1,0,0,0,41.4,45.1,48.4,0.28,0.33,0.43
SHER,2019-11-08 09:25:00 EST,42.64026,-75.48370,1157,23.2,23.2,11.2,84.3,19.2,0.003,0.033,0.00,0.003,12.4,17.6,1.8,306,12,13.2,17.6,1.7,308,10,13.2,17.6,1.7,308,10,199,28.93,-0.1,0,0,0,41.4,45.1,48.4,0.28,0.33,0.43
SHER,2019-11-08 09:30:00 EST,42.64026,-75.48370,1157,23.6,23.4,12.0,83.9,19.4,0.000,0.033,0.00,0.003,11.6,15.9,1.9,318,11,12.3,17.7,2.1,322,12,12.3,17.7,2.1,322,12,276,28.93,-0.1,0,0,0,41.4,45.1,48.4,0.28,0.33,0.43
SHER,2019-11-08 09:35:00 EST,42.64026,-75.48370,1157,23.8,23.7,11.0,80.0,18.6,0.000,0.033,0.00,0.003,14.5,20.2,2.4,307,10,15.3,21.6,2.7,311,10,15.3,21.6,2.7,311,10,301,28.93,-0.0,0,0,0,41.4,45.1,48.4,0.28,0.33,0.43
SHER,2019-11-08 09:40:00 EST,42.64026,-75.48370,1157,23.9,23.8,12.1,81.9,19.2,0.000,0.033,0.00,0.003,12.7,17.3,1.8,320,10,13.0,17.2,1.9,324,9,13.0,17.2,1.9,324,9,230,28.93,-0.1,0,0,0,41.4,45.1,48.4,0.28,0.33,0.43
SHER,2019-11-08 09:45:00 EST,42.64026,-75.48370,1157,23.9,23.8,12.0,82.8,19.5,0.000,0.033,0.00,0.003,12.7,19.1,2.1,318,10,13.4,19.8,2.2,322,10,13.4,19.8,2.2,322,10,201,28.93,-0.1,0,0,0,41.4,45.1,48.4,0.28,0.33,0.43
SHER,2019-11-08 09:50:00 EST,42.64026,-75.48370,1157,23.6,23.6,10.2,82.3,19.0,0.000,0.033,0.00,0.003,15.6,21.1,3.0,317,9,16.4,22.4,3.1,320,7,16.4,22.4,3.1,320,7,165,28.93,-0.1,0,0,0,41.4,45.1,48.4,0.28,0.33,0.43
SHER,2019-11-08 09:55:00 EST,42.64026,-75.48370,1157,23.6,23.6,11.0,82.2,18.9,0.000,0.033,0.00,0.003,14.0,18.3,2.0,323,9,14.5,19.0,2.2,328,8,14.5,19.0,2.2,328,8,269,28.93,-0.0,0,0,0,41.4,45.1,48.4,0.28,0.33,0.43
SHER,2019-11-08 10:00:00 EST,42.64026,-75.48370,1157,24.3,23.9,12.3,83.4,19.9,0.000,0.033,0.00,0.003,12.9,19.1,2.2,316,10,13.6,19.0,2.1,319,9,13.6,19.0,2.1,319,9,311,28.93,-0.1,0,0,0,41.4,45.1,48.4,0.28,0.33,0.43
SHER,2019-11-08 10:05:00 EST,42.64026,-75.48370,1157,24.4,24.0,12.7,83.7,20.2,0.000,0.033,0.00,0.003,12.7,18.9,2.4,316,10,13.2,18.7,2.5,319,10,13.2,18.7,2.5,319,10,333,28.94,-0.1,0,0,0,41.4,45.1,48.4,0.28,0.33,0.43
SHER,2019-11-08 10:10:00 EST,42.64026,-75.48370,1157,24.3,23.9,11.6,83.3,19.9,0.000,0.033,0.00,0.003,14.7,19.7,2.4,313,10,15.2,20.8,2.5,316,9,15.2,20.8,2.5,316,9,295,28.94,0.0,0,0,0,41.5,45.1,48.4,0.28,0.33,0.43
SHER,2019-11-08 10:15:00 EST,42.64026,-75.48370,1157,24.9,24.4,15.0,85.9,21.3,0.000,0.033,0.00,0.003,9.3,13.4,2.0,312,12,10.0,14.9,2.0,316,12,10.0,14.9,2.0,316,12,464,28.94,-0.1,0,0,0,41.5,45.1,48.4,0.28,0.33,0.43
SHER,2019-11-08 10:20:00 EST,42.64026,-75.48370,1157,25.1,24.4,14.5,82.5,20.5,0.000,0.033,0.00,0.003,10.7,14.2,1.8,314,18,11.2,14.8,1.8,318,19,11.2,14.8,1.8,318,19,407,28.94,-0.0,0,0,0,41.5,45.1,48.4,0.28,0.33,0.43
SHER,2019-11-08 10:25:00 EST,42.64026,-75.48370,1157,24.9,24.3,14.8,85.4,21.1,0.000,0.033,0.00,0.000,9.6,13.1,1.8,320,12,10.1,13.4,1.7,323,13,10.1,13.4,1.7,323,13,293,28.94,-0.1,0,0,0,41.5,45.1,48.4,0.28,0.33,0.43
SHER,2019-11-08 10:30:00 EST,42.64026,-75.48370,1157,24.6,24.2,13.5,83.2,20.2,0.000,0.033,0.00,0.000,11.5,16.5,2.3,303,11,12.0,17.5,2.4,306,10,12.0,17.5,2.4,306,10,235,28.94,-0.1,0,0,0,41.5,45.1,48.4,0.28,0.33,0.43
SHER,2019-11-08 10:35:00 EST,42.64026,-75.48370,1157,24.4,24.2,13.1,82.9,20.0,0.000,0.033,0.00,0.000,11.7,16.7,2.2,307,9,12.3,17.6,2.4,311,9,12.3,17.6,2.4,311,9,158,28.94,-0.1,0,0,0,41.5,45.1,48.4,0.28,0.33,0.43
SHER,2019-11-08 10:40:00 EST,42.64026,-75.48370,1157,24.0,23.8,11.9,85.0,20.1,0.006,0.039,0.00,0.006,13.1,18.0,1.9,313,12,13.7,18.3,2.0,317,11,13.7,18.3,2.0,317,11,173,28.94,-0.1,0,0,0,41.5,45.1,48.4,0.28,0.33,0.43
SHER,2019-11-08 10:45:00 EST,42.64026,-75.48370,1157,23.7,23.5,11.8,86.8,20.4,0.000,0.039,0.00,0.006,12.7,17.5,2.2,320,11,13.3,17.6,2.2,324,8,13.3,17.6,2.2,324,8,224,28.94,-0.1,0,0,0,41.7,45.0,48.4,0.28,0.33,0.43
SHER,2019-11-08 10:50:00 EST,42.64026,-75.48370,1157,24.3,23.8,14.1,87.3,21.1,0.000,0.039,0.00,0.006,9.8,14.3,1.7,323,10,10.1,14.8,1.6,327,8,10.1,14.8,1.6,327,8,301,28.94,-0.1,0,0,0,41.7,45.1,48.4,0.28,0.33,0.43
SHER,2019-11-08 10:55:00 EST,42.64026,-75.48370,1157,24.3,24.0,13.6,85.2,20.5,0.000,0.039,0.00,0.006,10.6,14.8,1.8,321,10,11.1,15.5,1.8,325,9,11.1,15.5,1.8,325,9,276,28.94,-0.1,0,0,0,41.7,45.0,48.4,0.28,0.33,0.43
SHER,2019-11-08 11:00:00 EST,42.64026,-75.48370,1157,23.9,23.9,12.6,86.8,20.6,0.000,0.039,0.00,0.006,11.5,18.6,2.6,328,11,12.2,20.4,2.9,332,12,12.2,20.4,2.9,332,12,155,28.94,-0.0,0,0,0,41.7,45.0,48.4,0.28,0.33,0.43
SHER,2019-11-08 11:05:00 EST,42.64026,-75.48370,1157,23.4,23.4,11.9,89.1,20.6,0.007,0.047,0.00,0.013,11.2,17.8,2.5,329,9,12.0,20.3,2.7,332,10,12.0,20.3,2.7,332,10,98,28.94,-0.0,0,0,0,41.7,45.0,48.4,0.28,0.33,0.43
SHER,2019-11-08 11:10:00 EST,42.64026,-75.48370,1157,23.4,23.3,14.1,91.9,21.4,0.002,0.049,0.00,0.015,7.8,10.9,1.2,325,13,8.4,11.8,1.2,330,11,8.4,11.8,1.2,330,11,177,28.94,-0.1,0,0,0,41.7,45.0,48.4,0.28,0.33,0.43
SHER,2019-11-08 11:15:00 EST,42.64026,-75.48370,1157,24.1,23.7,15.9,92.1,22.1,0.000,0.049,0.00,0.015,6.4,10.2,1.5,320,11,7.1,10.8,1.5,324,11,7.1,10.8,1.5,324,11,216,28.95,-0.2,0,0,0,41.7,45.0,48.4,0.28,0.33,0.43
SHER,2019-11-08 11:20:00 EST,42.64026,-75.48370,1157,24.2,24.0,15.1,89.5,21.6,0.000,0.049,0.00,0.015,7.8,12.4,1.6,321,11,8.3,13.5,1.7,325,11,8.3,13.5,1.7,325,11,199,28.95,-0.0,0,0,0,41.7,45.0,48.3,0.28,0.33,0.43
SHER,2019-11-08 11:25:00 EST,42.64026,-75.48370,1157,24.7,24.3,14.5,86.5,21.2,0.000,0.049,0.00,0.015,9.4,15.0,2.4,316,10,10.2,16.1,2.4,320,10,10.2,16.1,2.4,320,10,277,28.95,-0.1,0,0,0,41.7,45.0,48.4,0.28,0.33,0.43
SHER,2019-11-08 11:30:00 EST,42.64026,-75.48370,1157,25.2,24.6,14.1,82.7,20.6,0.000,0.049,0.00,0.015,11.5,17.4,2.6,322,10,12.1,17.9,2.6,327,9,12.1,17.9,2.6,327,9,507,28.94,-0.0,0,0,0,41.8,45.0,48.3,0.28,0.33,0.43
SHER,2019-11-08 11:35:00 EST,42.64026,-75.48370,1157,25.2,24.7,14.8,81.9,20.5,0.000,0.049,0.00,0.015,10.4,15.7,2.0,322,13,11.0,16.8,2.2,326,13,11.0,16.8,2.2,326,13,400,28.94,0.0,0,0,0,41.9,45.0,48.3,0.28,0.33,0.43
SHER,2019-11-08 11:40:00 EST,42.64026,-75.48370,1157,25.7,25.0,15.5,81.0,20.7,0.000,0.049,0.00,0.009,10.3,14.8,2.0,323,10,10.8,16.1,2.1,328,10,10.8,16.1,2.1,328,10,450,28.94,0.0,0,0,0,41.9,45.0,48.3,0.28,0.33,0.43
SHER,2019-11-08 11:45:00 EST,42.64026,-75.48370,1157,25.6,24.9,14.1,79.4,20.1,0.000,0.049,0.00,0.009,12.5,17.9,2.0,323,10,13.2,18.6,2.1,326,9,13.2,18.6,2.1,326,9,356,28.94,0.1,0,0,0,41.9,45.0,48.4,0.28,0.33,0.43
SHER,2019-11-08 11:50:00 EST,42.64026,-75.48370,1157,24.7,24.6,13.5,77.4,18.6,0.000,0.049,0.00,0.009,11.7,18.3,2.5,325,10,12.3,19.3,2.6,328,9,12.3,19.3,2.6,328,9,153,28.94,0.2,0,0,0,41.9,45.0,48.3,0.28,0.33,0.43
SHER,2019-11-08 11:55:00 EST,42.64026,-75.48370,1157,25.1,25.0,11.9,76.7,18.8,0.000,0.049,0.00,0.009,16.6,22.9,2.7,319,10,17.2,22.8,2.7,322,8,17.2,22.8,2.7,322,8,343,28.94,0.2,0,0,0,41.9,45.0,48.3,0.28,0.33,0.43
SHER,2019-11-08 12:00:00 EST,42.64026,-75.48370,1157,25.7,25.3,12.6,72.3,18.1,0.000,0.049,0.00,0.009,16.6,24.6,3.3,302,11,17.6,24.5,3.1,306,11,17.6,24.5,3.1,306,11,537,28.94,-0.0,0,0,0,41.9,45.0,48.2,0.28,0.33,0.43
SHER,2019-11-08 12:05:00 EST,42.64026,-75.48370,1157,26.5,25.8,15.0,71.2,18.4,0.000,0.049,0.00,0.002,13.5,19.1,2.4,318,11,13.9,19.4,2.6,322,10,13.9,19.4,2.6,322,10,557,28.94,0.2,0,0,0,42.0,45.0,48.3,0.28,0.33,0.43
SHER,2019-11-08 12:10:00 EST,42.64026,-75.48370,1157,26.8,26.1,15.0,73.3,19.4,0.000,0.049,0.00,0.000,14.1,21.1,3.0,313,13,14.7,23.9,3.2,315,13,14.7,23.9,3.2,315,13,488,28.94,0.0,0,0,0,42.1,45.0,48.3,0.28,0.33,0.43
SHER,2019-11-08 12:15:00 EST,42.64026,-75.48370,1157,25.5,25.2,12.7,71.4,17.5,0.000,0.049,0.00,0.000,15.5,22.6,2.9,324,10,16.3,24.0,3.1,327,9,16.3,24.0,3.1,327,9,211,28.94,-0.0,0,0,0,42.1,45.0,48.2,0.29,0.33,0.43
SHER,2019-11-08 12:20:00 EST,42.64026,-75.48370,1157,25.7,25.3,13.7,73.7,18.5,0.000,0.049,0.00,0.000,13.9,19.8,2.3,324,12,14.5,20.9,2.5,327,11,14.5,20.9,2.5,327,11,482,28.94,0.1,0,0,0,42.1,45.0,48.2,0.29,0.34,0.43
SHER,2019-11-08 12:25:00 EST,42.64026,-75.48370,1157,25.7,25.1,13.7,73.2,18.3,0.000,0.049,0.00,0.000,14.0,18.0,2.0,326,11,14.6,20.3,2.1,331,10,14.6,20.3,2.1,331,10,453,28.94,0.0,0,0,0,42.1,45.0,48.2,0.28,0.34,0.43
SHER,2019-11-08 12:30:00 EST,42.64026,-75.48370,1157,26.1,25.3,14.8,73.3,18.7,0.000,0.049,0.00,0.000,12.6,18.7,1.9,323,13,13.1,19.8,2.3,327,11,13.1,19.8,2.3,327,11,589,28.94,0.0,0,0,0,42.3,45.0,48.2,0.29,0.34,0.43
SHER,2019-11-08 12:35:00 EST,42.64026,-75.48370,1157,26.8,25.7,15.7,70.8,18.6,0.000,0.049,0.00,0.000,12.9,18.3,2.5,310,13,13.3,20.2,2.6,314,13,13.3,20.2,2.6,314,13,625,28.94,-0.1,0,0,0,42.3,45.0,48.2,0.29,0.34,0.43
SHER,2019-11-08 12:40:00 EST,42.64026,-75.48370,1157,27.2,26.2,16.3,67.9,18.0,0.000,0.049,0.00,0.000,12.4,20.1,2.6,300,12,13.1,20.0,2.7,303,11,13.1,20.0,2.7,303,11,583,28.93,-0.2,0,0,0,42.3,45.0,48.2,0.29,0.34,0.43
SHER,2019-11-08 12:45:00 EST,42.64026,-75.48370,1157,27.7,26.5,17.4,68.1,18.5,0.000,0.049,0.00,0.000,11.3,19.7,2.4,305,14,11.9,21.6,2.5,309,14,11.9,21.6,2.5,309,14,533,28.93,-0.2,0,0,0,42.4,45.0,48.2,0.29,0.34,0.43
SHER,2019-11-08 12:50:00 EST,42.64026,-75.48370,1157,27.0,26.1,14.3,66.3,17.2,0.000,0.049,0.00,0.000,16.7,21.6,2.2,305,9,17.3,23.0,2.4,309,8,17.3,23.0,2.4,309,8,542,28.93,-0.2,0,0,0,42.4,45.0,48.2,0.29,0.34,0.43
SHER,2019-11-08 12:55:00 EST,42.64026,-75.48370,1157,25.7,25.2,12.1,72.9,18.2,0.000,0.049,0.00,0.000,18.2,26.0,3.1,310,11,18.8,27.4,3.3,314,10,18.8,27.4,3.3,314,10,180,28.93,-0.1,0,0,0,42.6,45.0,48.2,0.29,0.34,0.43
SHER,2019-11-08 13:00:00 EST,42.64026,-75.48370,1157,24.6,24.4,11.9,73.6,17.4,0.000,0.049,0.00,0.000,14.9,21.1,2.9,312,13,15.6,23.1,3.1,315,13,15.6,23.1,3.1,315,13,145,28.94,-0.1,0,0,0,42.7,45.0,48.2,0.29,0.35,0.43
SHER,2019-11-08 13:05:00 EST,42.64026,-75.48370,1157,24.6,24.6,13.0,73.9,17.4,0.000,0.049,0.00,0.000,12.3,18.6,2.6,309,13,12.8,18.8,2.7,313,12,12.8,18.8,2.7,313,12,125,28.94,-0.1,0,0,0,42.8,45.0,48.2,0.29,0.35,0.43
SHER,2019-11-08 13:10:00 EST,42.64026,-75.48370,1157,25.3,24.9,13.8,72.2,17.6,0.000,0.049,0.00,0.000,12.6,18.0,2.6,308,13,13.2,18.5,2.5,311,12,13.2,18.5,2.5,311,12,407,28.94,0.0,0,0,0,43.0,45.0,48.2,0.29,0.35,0.43
SHER,2019-11-08 13:15:00 EST,42.64026,-75.48370,1157,26.5,25.5,15.4,69.5,17.8,0.000,0.049,0.00,0.000,12.4,18.7,2.7,308,14,12.9,19.7,2.7,310,14,12.9,19.7,2.7,310,14,508,28.94,-0.0,0,0,0,43.0,45.0,48.2,0.29,0.35,0.43
SHER,2019-11-08 13:20:00 EST,42.64026,-75.48370,1157,27.2,26.0,15.9,68.2,18.1,0.000,0.049,0.00,0.000,13.3,17.4,1.8,299,12,13.9,19.0,2.0,302,10,13.9,19.0,2.0,302,10,507,28.94,-0.1,0,0,0,43.2,45.0,48.2,0.29,0.35,0.43
SHER,2019-11-08 13:25:00 EST,42.64026,-75.48370,1157,26.5,25.9,14.9,68.4,17.5,0.000,0.049,0.00,0.000,13.4,19.1,2.3,305,15,14.0,20.3,2.4,309,16,14.0,20.3,2.4,309,16,245,28.94,-0.1,0,0,0,43.2,45.0,48.2,0.29,0.35,0.43
SHER,2019-11-08 13:30:00 EST,42.64026,-75.48370,1157,25.8,25.6,12.2,70.0,17.4,0.000,0.049,0.00,0.000,18.0,26.8,3.9,303,9,18.9,27.8,3.9,307,8,18.9,27.8,3.9,307,8,172,28.94,-0.1,0,0,0,43.2,45.0,48.2,0.28,0.35,0.43
SHER,2019-11-08 13:35:00 EST,42.64026,-75.48370,1157,25.0,24.9,11.9,75.4,18.3,0.000,0.049,0.00,0.000,16.3,22.1,2.5,305,8,17.0,22.0,2.5,309,7,17.0,22.0,2.5,309,7,139,28.94,-0.1,0,0,0,43.3,45.0,48.2,0.28,0.36,0.43
SHER,2019-11-08 13:40:00 EST,42.64026,-75.48370,1157,24.8,24.7,12.5,69.4,16.2,0.000,0.049,0.00,0.000,14.1,19.3,2.5,310,12,14.7,20.8,2.6,314,12,14.7,20.8,2.6,314,12,247,28.95,0.0,0,0,0,43.3,45.0,48.2,0.29,0.36,0.43
SHER,2019-11-08 13:45:00 EST,42.64026,-75.48370,1157,26.1,25.3,16.0,68.9,17.3,0.000,0.049,0.00,0.000,10.0,15.5,2.0,295,15,10.9,16.7,2.1,300,12,10.9,16.7,2.1,300,12,433,28.94,-0.0,0,0,0,43.5,45.0,48.2,0.29,0.36,0.43
SHER,2019-11-08 13:50:00 EST,42.64026,-75.48370,1157,26.3,25.5,15.8,67.0,16.8,0.000,0.049,0.00,0.000,10.8,17.1,2.8,300,16,11.7,17.8,3.1,303,15,11.7,17.8,3.1,303,15,404,28.94,-0.1,0,0,0,43.5,45.0,48.2,0.28,0.36,0.43
SHER,2019-11-08 13:55:00 EST,42.64026,-75.48370,1157,26.5,25.7,16.2,66.7,16.9,0.000,0.049,0.00,0.000,10.4,14.8,1.8,306,11,11.2,15.6,1.7,310,10,11.2,15.6,1.7,310,10,394,28.94,-0.0,0,0,0,43.5,45.0,48.2,0.29,0.36,0.43
SHER,2019-11-08 14:00:00 EST,42.64026,-75.48370,1157,26.7,26.0,15.1,66.0,16.8,0.000,0.049,0.00,0.000,13.6,20.8,3.2,322,16,14.2,21.3,3.5,325,16,14.2,21.3,3.5,325,16,385,28.94,-0.1,0,0,0,43.5,45.0,48.2,0.28,0.36,0.43
SHER,2019-11-08 14:05:00 EST,42.64026,-75.48370,1157,25.9,25.7,13.6,66.7,16.4,0.000,0.049,0.00,0.000,14.7,20.1,2.1,318,15,15.5,20.7,2.3,321,13,15.5,20.7,2.3,321,13,192,28.94,-0.2,0,0,0,43.5,45.0,48.2,0.28,0.36,0.43
SHER,2019-11-08 14:10:00 EST,42.64026,-75.48370,1157,25.2,25.3,11.9,67.5,16.0,0.000,0.049,0.00,0.000,17.0,26.7,3.4,308,9,17.7,25.0,3.2,312,9,17.7,25.0,3.2,312,9,125,28.94,-0.1,0,0,0,43.7,45.0,48.2,0.28,0.36,0.43
SHER,2019-11-08 14:15:00 EST,42.64026,-75.48370,1157,25.0,25.1,11.8,71.3,17.0,0.000,0.049,0.00,0.000,16.9,24.0,3.0,308,7,17.2,24.5,2.9,312,6,17.2,24.5,2.9,312,6,120,28.94,-0.1,0,0,0,43.7,45.0,48.2,0.28,0.36,0.43
SHER,2019-11-08 14:20:00 EST,42.64026,-75.48370,1157,24.6,24.8,12.4,74.5,17.7,0.000,0.049,0.00,0.000,13.7,18.4,2.3,311,10,14.3,20.5,2.5,314,8,14.3,20.5,2.5,314,8,89,28.94,-0.1,0,0,0,43.7,45.0,48.2,0.28,0.35,0.43
SHER,2019-11-08 14:25:00 EST,42.64026,-75.48370,1157,24.5,24.7,13.6,74.4,17.5,0.000,0.049,0.00,0.000,10.9,15.8,2.0,312,11,11.5,17.0,2.1,316,10,11.5,17.0,2.1,316,10,103,28.94,-0.1,0,0,0,43.8,45.0,48.2,0.28,0.35,0.43
SHER,2019-11-08 14:30:00 EST,42.64026,-75.48370,1157,24.9,25.0,13.9,74.0,17.8,0.000,0.049,0.00,0.000,11.6,17.9,2.9,320,11,12.0,18.2,2.9,324,12,12.0,18.2,2.9,324,12,180,28.94,-0.1,0,0,0,43.7,45.0,48.2,0.28,0.35,0.43
SHER,2019-11-08 14:35:00 EST,42.64026,-75.48370,1157,25.5,25.3,13.7,66.2,15.8,0.000,0.049,0.00,0.000,13.5,17.0,1.7,314,10,13.8,20.8,1.9,317,10,13.8,20.8,1.9,317,10,297,28.94,-0.1,0,0,0,43.7,45.0,48.2,0.28,0.35,0.43
SHER,2019-11-08 14:40:00 EST,42.64026,-75.48370,1157,25.3,25.4,13.8,65.6,15.4,0.000,0.049,0.00,0.000,12.8,18.4,2.3,322,8,13.2,19.3,2.3,327,8,13.2,19.3,2.3,327,8,112,28.95,-0.1,0,0,0,43.7,45.0,48.2,0.28,0.35,0.43
SHER,2019-11-08 14:45:00 EST,42.64026,-75.48370,1157,25.4,25.5,14.4,67.2,16.0,0.000,0.049,0.00,0.000,11.7,16.4,2.3,307,14,12.1,17.3,2.3,311,14,12.1,17.3,2.3,311,14,241,28.95,-0.0,0,0,0,43.7,45.0,48.2,0.28,0.35,0.43
SHER,2019-11-08 14:50:00 EST,42.64026,-75.48370,1157,26.4,25.9,15.6,66.3,16.7,0.000,0.049,0.00,0.000,11.8,19.3,2.4,289,8,12.2,20.6,2.5,293,7,12.2,20.6,2.5,293,7,299,28.95,-0.0,0,0,0,43.7,45.0,48.2,0.28,0.35,0.43
SHER,2019-11-08 14:55:00 EST,42.64026,-75.48370,1157,26.3,25.6,14.5,66.0,16.5,0.000,0.049,0.00,0.000,13.7,18.5,2.4,286,9,14.5,20.2,2.6,290,8,14.5,20.2,2.6,290,8,339,28.95,-0.0,0,0,0,43.7,45.0,48.2,0.28,0.35,0.43
SHER,2019-11-08 15:00:00 EST,42.64026,-75.48370,1157,26.5,25.9,14.8,66.3,16.7,0.000,0.049,0.00,0.000,13.8,22.3,2.9,312,16,14.2,23.6,2.8,317,16,14.2,23.6,2.8,317,16,333,28.95,-0.1,0,0,0,43.7,45.0,48.1,0.28,0.35,0.43
SHER,2019-11-08 15:05:00 EST,42.64026,-75.48370,1157,26.0,25.7,14.0,67.5,16.7,0.000,0.049,0.00,0.000,14.3,19.7,2.5,322,8,14.7,19.9,2.2,325,7,14.7,19.9,2.2,325,7,265,28.95,-0.1,0,0,0,43.6,45.0,48.2,0.28,0.35,0.43
SHER,2019-11-08 15:10:00 EST,42.64026,-75.48370,1157,26.0,25.7,14.9,68.5,17.1,0.000,0.049,0.00,0.000,12.3,17.2,1.9,323,10,12.8,17.0,1.9,327,8,12.8,17.0,1.9,327,8,268,28.95,-0.0,0,0,0,43.5,45.0,48.2,0.28,0.35,0.43
SHER,2019-11-08 15:15:00 EST,42.64026,-75.48370,1157,26.3,25.9,15.3,68.9,17.4,0.000,0.049,0.00,0.000,12.1,17.2,1.7,319,10,12.6,17.1,1.7,322,8,12.6,17.1,1.7,322,8,277,28.95,-0.0,0,0,0,43.5,45.0,48.2,0.28,0.35,0.43
SHER,2019-11-08 15:20:00 EST,42.64026,-75.48370,1157,26.4,26.0,14.8,67.7,17.2,0.000,0.049,0.00,0.000,13.5,19.4,2.4,311,11,14.0,19.1,2.3,315,10,14.0,19.1,2.3,315,10,267,28.96,-0.1,0,0,0,43.6,45.0,48.1,0.28,0.35,0.43
SHER,2019-11-08 15:25:00 EST,42.64026,-75.48370,1157,26.1,25.9,14.2,65.4,16.1,0.000,0.049,0.00,0.000,14.1,18.9,2.2,317,10,14.7,19.4,2.3,321,10,14.7,19.4,2.3,321,10,212,28.96,-0.1,0,0,0,43.7,45.0,48.1,0.28,0.35,0.43
SHER,2019-11-08 15:30:00 EST,42.64026,-75.48370,1157,25.9,25.8,14.3,65.3,15.8,0.000,0.049,0.00,0.000,13.1,18.0,2.1,308,13,13.7,19.1,2.0,312,12,13.7,19.1,2.0,312,12,206,28.96,-0.1,0,0,0,43.7,45.0,48.0,0.28,0.35,0.43
SHER,2019-11-08 15:35:00 EST,42.64026,-75.48370,1157,26.0,25.9,14.2,65.4,16.0,0.000,0.049,0.00,0.000,13.7,20.2,2.9,312,12,14.2,20.4,2.9,318,11,14.2,20.4,2.9,318,11,190,28.96,-0.1,0,0,0,43.7,45.0,48.1,0.28,0.35,0.43
SHER,2019-11-08 15:40:00 EST,42.64026,-75.48370,1157,25.7,25.7,14.6,65.0,15.6,0.000,0.049,0.00,0.000,12.0,17.2,2.1,306,12,12.5,17.5,2.0,311,11,12.5,17.5,2.0,311,11,166,28.96,-0.1,0,0,0,43.7,45.0,48.0,0.28,0.35,0.43
SHER,2019-11-08 15:45:00 EST,42.64026,-75.48370,1157,25.5,25.6,13.8,64.3,15.1,0.000,0.049,0.00,0.000,13.3,19.4,2.2,301,11,13.8,20.3,2.1,304,10,13.8,20.3,2.1,304,10,151,28.96,-0.1,0,0,0,43.7,45.1,48.0,0.28,0.35,0.43
SHER,2019-11-08 15:50:00 EST,42.64026,-75.48370,1157,25.3,25.5,14.2,65.2,15.3,0.000,0.049,0.00,0.000,12.0,16.7,2.2,309,9,12.5,17.4,2.0,313,7,12.5,17.4,2.0,313,7,143,28.96,-0.1,0,0,0,43.7,45.0,48.1,0.28,0.35,0.43
SHER,2019-11-08 15:55:00 EST,42.64026,-75.48370,1157,25.3,25.5,13.6,65.9,15.5,0.000,0.049,0.00,0.000,13.1,17.9,2.0,310,11,13.5,17.4,2.0,314,11,13.5,17.4,2.0,314,11,132,28.96,-0.1,0,0,0,43.7,45.1,48.0,0.28,0.35,0.43
SHER,2019-11-08 16:00:00 EST,42.64026,-75.48370,1157,25.2,25.4,13.9,66.1,15.5,0.000,0.049,0.00,0.000,12.2,20.2,2.8,301,10,12.7,21.2,2.9,305,9,12.7,21.2,2.9,305,9,114,28.96,-0.2,0,0,0,43.6,45.1,48.0,0.28,0.34,0.43
SHER,2019-11-08 16:05:00 EST,42.64026,-75.48370,1157,24.8,25.2,13.8,68.0,15.7,0.000,0.049,0.00,0.000,11.2,14.8,1.5,307,11,11.9,14.7,1.5,311,9,11.9,14.7,1.5,311,9,75,28.96,-0.1,0,0,0,43.5,45.1,48.0,0.28,0.34,0.43
SHER,2019-11-08 16:10:00 EST,42.64026,-75.48370,1157,24.8,25.1,12.5,69.5,16.3,0.000,0.049,0.00,0.000,14.1,19.7,2.5,300,11,14.7,20.4,2.4,302,9,14.7,20.4,2.4,302,9,76,28.96,-0.1,0,0,0,43.5,45.1,48.0,0.28,0.34,0.43
SHER,2019-11-08 16:15:00 EST,42.64026,-75.48370,1157,24.9,25.1,13.2,68.0,15.8,0.000,0.049,0.00,0.000,12.7,20.9,2.7,299,16,13.3,22.4,2.8,302,15,13.3,22.4,2.8,302,15,73,28.97,-0.1,0,0,0,43.3,45.1,48.0,0.28,0.34,0.43
SHER,2019-11-08 16:20:00 EST,42.64026,-75.48370,1157,24.5,24.9,12.9,68.2,15.5,0.000,0.049,0.00,0.000,12.3,17.2,2.0,299,10,12.9,17.9,2.0,304,9,12.9,17.9,2.0,304,9,61,28.97,-0.1,0,0,0,43.3,45.1,48.0,0.28,0.34,0.43
SHER,2019-11-08 16:25:00 EST,42.64026,-75.48370,1157,24.1,24.7,12.9,68.8,15.4,0.000,0.049,0.00,0.000,11.5,15.4,1.9,303,10,12.1,15.7,1.9,306,10,12.1,15.7,1.9,306,10,38,28.97,-0.1,0,0,0,43.2,45.1,48.0,0.28,0.34,0.43
SHER,2019-11-08 16:30:00 EST,42.64026,-75.48370,1157,23.7,24.5,12.3,69.8,15.3,0.000,0.049,0.00,0.000,11.8,17.6,3.0,313,10,12.2,18.1,2.9,317,9,12.2,18.1,2.9,317,9,20,28.97,-0.1,0,0,0,43.2,45.1,48.0,0.28,0.34,0.43
SHER,2019-11-08 16:35:00 EST,42.64026,-75.48370,1157,23.6,24.4,12.8,70.9,15.6,0.000,0.049,0.00,0.000,10.4,14.7,1.8,307,10,11.0,15.1,1.8,311,10,11.0,15.1,1.8,311,10,14,28.97,-0.1,0,0,0,43.2,45.1,48.0,0.28,0.34,0.43
SHER,2019-11-08 16:40:00 EST,42.64026,-75.48370,1157,23.7,24.4,12.9,69.9,15.3,0.000,0.049,0.00,0.000,10.6,15.2,2.3,303,16,11.0,16.1,2.5,307,16,11.0,16.1,2.5,307,16,12,28.98,-0.1,0,0,0,43.0,45.1,48.0,0.28,0.34,0.43
SHER,2019-11-08 16:45:00 EST,42.64026,-75.48370,1157,23.6,24.4,13.9,69.4,15.1,0.000,0.049,0.00,0.000,8.8,14.8,2.1,300,11,9.2,15.7,2.1,304,10,9.2,15.7,2.1,304,10,8,28.98,-0.1,0,0,0,43.0,45.1,48.0,0.28,0.34,0.43
SHER,2019-11-08 16:50:00 EST,42.64026,-75.48370,1157,23.6,24.3,15.2,70.1,15.3,0.000,0.049,0.00,0.000,6.5,9.3,1.4,291,15,7.1,10.0,1.4,295,15,7.1,10.0,1.4,295,15,6,28.98,-0.1,0,0,0,42.8,45.1,48.0,0.28,0.34,0.43
SHER,2019-11-08 16:55:00 EST,42.64026,-75.48370,1157,23.4,24.2,14.2,70.3,15.2,0.000,0.049,0.00,0.000,7.6,16.6,2.7,300,14,8.3,17.1,2.8,306,13,8.3,17.1,2.8,306,13,4,28.98,-0.1,0,0,0,42.8,45.1,48.0,0.28,0.34,0.43
SHER,2019-11-08 17:00:00 EST,42.64026,-75.48370,1157,23.5,24.3,13.0,68.1,14.5,0.000,0.049,0.00,0.000,10.0,14.2,1.9,305,14,10.3,15.4,2.0,310,14,10.3,15.4,2.0,310,14,1,28.98,-0.1,0,0,0,42.7,45.1,48.0,0.28,0.34,0.43
SHER,2019-11-08 17:05:00 EST,42.64026,-75.48370,1157,23.0,24.1,13.5,69.5,14.5,0.000,0.049,0.00,0.000,8.1,11.8,1.9,318,13,8.6,12.6,1.9,322,11,8.6,12.6,1.9,322,11,0,28.98,-0.1,0,0,0,42.6,45.1,48.0,0.28,0.34,0.43
SHER,2019-11-08 17:10:00 EST,42.64026,-75.48370,1157,23.0,24.0,12.6,70.1,14.7,0.000,0.049,0.00,0.000,9.3,14.7,2.3,312,16,9.9,15.7,2.2,316,17,9.9,15.7,2.2,316,17,0,28.99,-0.1,0,0,0,42.5,45.1,48.0,0.28,0.34,0.43
SHER,2019-11-08 17:15:00 EST,42.64026,-75.48370,1157,22.8,23.9,14.4,71.1,14.8,0.000,0.049,0.00,0.000,6.5,11.8,1.9,305,17,7.1,12.0,1.9,309,17,7.1,12.0,1.9,309,17,0,28.99,-0.1,0,0,0,42.4,45.1,48.0,0.28,0.34,0.43
SHER,2019-11-08 17:20:00 EST,42.64026,-75.48370,1157,22.7,23.8,14.1,71.0,14.7,0.000,0.049,0.00,0.000,6.6,10.6,1.5,323,14,7.2,12.2,2.0,328,13,7.2,12.2,2.0,328,13,0,28.99,-0.1,0,0,0,42.4,45.1,48.0,0.28,0.34,0.43
SHER,2019-11-08 17:25:00 EST,42.64026,-75.48370,1157,22.7,23.8,14.6,70.0,14.3,0.000,0.049,0.00,0.000,6.0,9.6,1.4,328,16,6.5,11.3,1.5,333,12,6.5,11.3,1.5,333,12,0,28.99,-0.1,0,0,0,42.3,45.1,48.0,0.28,0.34,0.43
SHER,2019-11-08 17:30:00 EST,42.64026,-75.48370,1157,22.4,23.7,13.7,70.9,14.4,0.000,0.049,0.00,0.000,6.7,10.9,1.6,324,13,7.2,11.5,1.7,328,12,7.2,11.5,1.7,328,12,0,28.99,-0.1,0,0,0,42.2,45.1,48.0,0.28,0.34,0.43
SHER,2019-11-08 17:35:00 EST,42.64026,-75.48370,1157,22.7,23.7,13.7,70.8,14.6,0.000,0.049,0.00,0.000,7.3,10.1,1.2,317,18,7.6,10.4,1.3,322,14,7.6,10.4,1.3,322,14,0,28.99,-0.1,0,0,0,42.1,45.1,48.0,0.28,0.34,0.43
SHER,2019-11-08 17:40:00 EST,42.64026,-75.48370,1157,22.5,23.5,14.2,72.2,14.9,0.000,0.049,0.00,0.000,6.5,9.1,1.2,310,9,6.8,9.3,1.2,315,8,6.8,9.3,1.2,315,8,0,29.00,-0.1,0,0,0,42.0,45.1,48.0,0.28,0.34,0.43
SHER,2019-11-08 17:45:00 EST,42.64026,-75.48370,1157,22.3,23.4,15.0,73.4,15.1,0.000,0.049,0.00,0.000,5.4,7.2,0.9,315,8,5.7,8.0,1.1,319,7,5.7,8.0,1.1,319,7,0,29.00,-0.1,0,0,0,41.9,45.1,48.0,0.28,0.34,0.43
SHER,2019-11-08 17:50:00 EST,42.64026,-75.48370,1157,21.9,23.3,15.4,74.2,15.0,0.000,0.049,0.00,0.000,4.6,6.4,0.8,312,9,4.8,7.1,0.9,317,7,4.8,7.1,0.9,317,7,0,29.00,-0.1,0,0,0,41.9,45.1,48.0,0.28,0.34,0.43
SHER,2019-11-08 17:55:00 EST,42.64026,-75.48370,1157,21.4,23.2,15.1,75.1,14.7,0.000,0.049,0.00,0.000,4.2,5.6,0.6,312,6,4.6,5.9,0.7,316,6,4.6,5.9,0.7,316,6,0,29.00,-0.1,0,0,0,41.7,45.1,48.0,0.28,0.33,0.43
SHER,2019-11-08 18:00:00 EST,42.64026,-75.48370,1157,21.4,22.9,16.2,77.2,15.3,0.000,0.049,0.00,0.000,3.5,5.0,0.7,298,7,3.7,5.4,0.7,303,7,3.7,5.4,0.7,303,7,0,29.00,-0.1,0,0,0,41.7,45.1,48.0,0.28,0.33,0.43
SHER,2019-11-08 18:05:00 EST,42.64026,-75.48370,1157,21.5,22.9,16.9,76.0,15.1,0.000,0.049,0.00,0.000,3.1,4.0,0.6,288,7,3.3,4.4,0.6,293,7,3.3,4.4,0.6,293,7,0,29.00,-0.1,0,0,0,41.6,45.1,48.0,0.28,0.33,0.43
SHER,2019-11-08 18:10:00 EST,42.64026,-75.48370,1157,21.1,22.9,13.9,77.9,15.3,0.000,0.049,0.00,0.000,5.0,8.1,1.4,276,16,5.4,8.6,1.6,281,16,5.4,8.6,1.6,281,16,0,29.01,-0.0,0,0,0,41.5,45.1,48.0,0.28,0.33,0.43
SHER,2019-11-08 18:15:00 EST,42.64026,-75.48370,1157,22.0,22.7,14.3,82.3,17.4,0.000,0.049,0.00,0.000,5.4,7.4,0.6,248,8,6.0,8.3,0.7,253,8,6.0,8.3,0.7,253,8,0,29.01,-0.1,0,0,0,41.5,45.1,48.0,0.28,0.33,0.43
SHER,2019-11-08 18:20:00 EST,42.64026,-75.48370,1157,21.8,22.5,15.2,83.2,17.5,0.000,0.049,0.00,0.000,4.5,5.6,0.6,266,17,4.9,6.7,0.7,271,17,4.9,6.7,0.7,271,17,0,29.01,-0.2,0,0,0,41.4,45.1,48.0,0.28,0.33,0.43
SHER,2019-11-08 18:25:00 EST,42.64026,-75.48370,1157,21.3,22.3,15.9,85.1,17.5,0.000,0.049,0.00,0.000,3.5,5.9,0.8,270,18,3.8,6.4,0.9,276,18,3.8,6.4,0.9,276,18,0,29.01,-0.0,0,0,0,41.4,45.1,48.0,0.28,0.33,0.43
SHER,2019-11-08 18:30:00 EST,42.64026,-75.48370,1157,21.7,22.6,15.9,83.8,17.6,0.000,0.049,0.00,0.000,3.8,5.6,0.7,255,13,4.2,6.1,0.8,260,13,4.2,6.1,0.8,260,13,0,29.02,-0.1,0,0,0,41.2,45.1,48.0,0.28,0.33,0.43
SHER,2019-11-08 18:35:00 EST,42.64026,-75.48370,1157,21.9,22.6,15.4,83.6,17.7,0.000,0.049,0.00,0.000,4.3,7.0,0.9,241,10,4.9,8.0,1.0,245,10,4.9,8.0,1.0,245,10,0,29.02,-0.1,0,0,0,41.2,45.1,48.0,0.28,0.33,0.43
SHER,2019-11-08 18:40:00 EST,42.64026,-75.48370,1157,21.6,22.3,16.2,83.6,17.4,0.000,0.049,0.00,0.000,3.6,5.0,0.6,242,7,3.9,5.3,0.7,245,8,3.9,5.3,0.7,245,8,0,29.02,-0.1,0,0,0,41.1,45.1,48.0,0.28,0.33,0.43
SHER,2019-11-08 18:45:00 EST,42.64026,-75.48370,1157,21.4,22.2,16.4,84.9,17.6,0.000,0.049,0.00,0.000,3.3,4.9,0.7,237,7,3.6,5.5,0.7,240,8,3.6,5.5,0.7,240,8,0,29.02,-0.1,0,0,0,41.0,45.1,48.0,0.28,0.33,0.43
SHER,2019-11-08 18:50:00 EST,42.64026,-75.48370,1157,21.3,22.1,21.3,85.8,17.7,0.000,0.049,0.00,0.000,2.2,3.4,0.5,251,13,2.5,3.9,0.6,254,15,2.5,3.9,0.6,254,15,0,29.02,-0.1,0,0,0,41.0,45.1,48.0,0.28,0.33,0.43
SHER,2019-11-08 18:55:00 EST,42.64026,-75.48370,1157,21.5,22.3,21.5,83.8,17.4,0.000,0.049,0.00,0.000,2.8,3.7,0.6,231,12,3.0,3.9,0.5,235,13,3.0,3.9,0.5,235,13,0,29.02,-0.1,0,0,0,40.9,45.0,48.0,0.28,0.33,0.43
SHER,2019-11-08 19:00:00 EST,42.64026,-75.48370,1157,21.5,22.3,21.5,82.5,17.0,0.000,0.049,0.00,0.000,1.1,2.2,0.6,245,12,1.5,2.6,0.5,247,16,1.5,2.6,0.5,247,16,0,29.02,-0.1,0,0,0,40.8,45.1,48.0,0.28,0.33,0.43
SHER,2019-11-08 19:05:00 EST,42.64026,-75.48370,1157,21.1,21.9,21.1,82.9,16.7,0.000,0.049,0.00,0.000,1.0,2.3,0.6,227,10,1.4,2.7,0.6,230,15,1.4,2.7,0.6,230,15,0,29.02,-0.1,0,0,0,40.8,45.0,48.0,0.28,0.33,0.43
SHER,2019-11-08 19:10:00 EST,42.64026,-75.48370,1157,20.6,21.6,20.6,84.5,16.7,0.000,0.049,0.00,0.000,1.6,2.8,0.5,274,24,1.9,3.5,0.5,281,25,1.9,3.5,0.5,281,25,0,29.02,-0.0,0,0,0,40.6,45.0,48.0,0.28,0.33,0.43
SHER,2019-11-08 19:15:00 EST,42.64026,-75.48370,1157,21.0,22.0,16.6,84.9,17.2,0.000,0.049,0.00,0.000,2.7,4.4,0.6,260,12,3.2,5.3,0.7,265,13,3.2,5.3,0.7,265,13,0,29.02,-0.1,0,0,0,40.6,45.0,48.0,0.28,0.33,0.43
SHER,2019-11-08 19:20:00 EST,42.64026,-75.48370,1157,20.3,21.4,20.3,87.1,17.1,0.000,0.049,0.00,0.000,2.2,3.3,0.5,278,15,2.5,3.4,0.5,283,16,2.5,3.4,0.5,283,16,0,29.02,-0.2,0,0,0,40.6,45.0,48.0,0.28,0.33,0.43
SHER,2019-11-08 19:25:00 EST,42.64026,-75.48370,1157,19.7,21.1,19.7,87.9,16.7,0.000,0.049,0.00,0.000,1.2,2.0,0.4,288,16,1.6,2.6,0.4,293,20,1.6,2.6,0.4,293,20,0,29.02,-0.1,0,0,0,40.5,45.0,48.0,0.28,0.33,0.43
SHER,2019-11-08 19:30:00 EST,42.64026,-75.48370,1157,20.1,21.2,20.1,89.0,17.4,0.000,0.049,0.00,0.000,0.3,1.4,0.4,266,29,0.8,2.0,0.6,304,44,0.8,2.0,0.6,304,44,0,29.02,-0.1,0,0,0,40.5,45.0,48.0,0.28,0.33,0.43
SHER,2019-11-08 19:35:00 EST,42.64026,-75.48370,1157,19.9,21.2,19.9,87.9,16.9,0.000,0.049,0.00,0.000,0.4,1.5,0.5,328,17,0.6,1.7,0.6,328,22,0.6,1.7,0.6,328,22,0,29.02,-0.2,0,0,0,40.4,45.0,48.0,0.28,0.33,0.43
SHER,2019-11-08 19:40:00 EST,42.64026,-75.48370,1157,19.2,21.2,19.2,87.4,16.1,0.000,0.049,0.00,0.000,0.1,1.2,0.3,101,2,0.4,1.5,0.5,110,18,0.4,1.5,0.5,110,18,0,29.02,-0.2,0,0,0,40.3,45.0,48.0,0.28,0.33,0.43
SHER,2019-11-08 19:45:00 EST,42.64026,-75.48370,1157,18.7,20.5,18.7,87.6,15.6,0.000,0.049,0.00,0.000,1.3,2.0,0.4,117,6,1.5,2.3,0.5,117,8,1.5,2.3,0.5,117,8,0,29.02,-0.2,0,0,0,40.3,45.0,48.0,0.28,0.33,0.43
SHER,2019-11-08 19:50:00 EST,42.64026,-75.48370,1157,18.0,20.4,18.0,88.5,15.2,0.000,0.049,0.00,0.000,1.9,3.1,0.6,112,12,2.2,3.5,0.5,113,14,2.2,3.5,0.5,113,14,0,29.02,-0.2,0,0,0,40.3,45.0,48.0,0.28,0.33,0.43
SHER,2019-11-08 19:55:00 EST,42.64026,-75.48370,1157,18.3,20.1,18.3,89.2,15.6,0.000,0.049,0.00,0.000,1.9,3.3,0.6,85,11,2.3,3.9,0.6,82,14,2.3,3.9,0.6,82,14,0,29.02,-0.1,0,0,0,40.1,45.0,48.0,0.28,0.33,0.43
SHER,2019-11-08 20:00:00 EST,42.64026,-75.48370,1157,19.2,20.5,19.2,87.5,16.1,0.000,0.049,0.00,0.000,1.0,2.0,0.4,99,21,1.4,2.2,0.3,100,27,1.4,2.2,0.3,100,27,0,29.02,-0.3,0,0,0,40.1,45.0,48.0,0.28,0.33,0.43
SHER,2019-11-08 20:05:00 EST,42.64026,-75.48370,1157,18.0,19.8,18.0,86.8,14.7,0.000,0.049,0.00,0.000,2.3,3.9,0.7,110,14,2.7,4.3,0.8,113,15,2.7,4.3,0.8,113,15,0,29.02,-0.1,0,0,0,40.1,45.0,48.0,0.28,0.33,0.43
SHER,2019-11-08 20:10:00 EST,42.64026,-75.48370,1157,17.2,19.1,11.1,89.4,14.6,0.000,0.049,0.00,0.000,3.6,4.7,0.8,99,6,3.9,5.3,0.9,99,7,3.9,5.3,0.9,99,7,0,29.02,-0.2,0,0,0,39.9,45.0,48.0,0.28,0.33,0.43
SHER,2019-11-08 20:15:00 EST,42.64026,-75.48370,1157,16.8,19.2,10.3,91.4,14.7,0.000,0.049,0.00,0.000,3.8,6.1,0.8,106,12,4.1,6.3,0.9,106,12,4.1,6.3,0.9,106,12,0,29.03,-0.1,0,0,0,39.9,45.0,48.0,0.28,0.33,0.43
SHER,2019-11-08 20:20:00 EST,42.64026,-75.48370,1157,17.3,19.5,11.3,92.1,15.4,0.000,0.049,0.00,0.000,3.5,5.3,0.8,99,9,3.8,6.3,0.9,99,10,3.8,6.3,0.9,99,10,0,29.03,-0.1,0,0,0,39.9,45.0,48.0,0.28,0.33,0.43
SHER,2019-11-08 20:25:00 EST,42.64026,-75.48370,1157,17.8,20.1,17.8,90.5,15.5,0.000,0.049,0.00,0.000,2.4,4.7,0.7,105,14,2.8,5.2,0.8,105,14,2.8,5.2,0.8,105,14,0,29.03,-0.2,0,0,0,39.8,45.0,48.0,0.28,0.33,0.43
SHER,2019-11-08 20:30:00 EST,42.64026,-75.48370,1157,17.0,19.2,11.1,89.0,14.3,0.000,0.049,0.00,0.000,3.4,4.7,0.8,100,6,3.8,5.3,0.8,101,6,3.8,5.3,0.8,101,6,0,29.03,-0.1,0,0,0,39.7,45.0,48.0,0.28,0.33,0.43
SHER,2019-11-08 20:35:00 EST,42.64026,-75.48370,1157,16.7,18.0,9.7,91.4,14.6,0.000,0.049,0.00,0.000,4.1,5.3,0.7,103,7,4.5,5.7,0.7,103,7,4.5,5.7,0.7,103,7,0,29.03,-0.1,0,0,0,39.7,44.9,48.0,0.28,0.33,0.43
SHER,2019-11-08 20:40:00 EST,42.64026,-75.48370,1157,16.4,18.3,7.6,91.8,14.4,0.000,0.049,0.00,0.000,5.7,6.4,0.3,95,5,6.1,7.2,0.4,95,5,6.1,7.2,0.4,95,5,0,29.03,-0.1,0,0,0,39.6,44.8,48.0,0.28,0.33,0.43
SHER,2019-11-08 20:45:00 EST,42.64026,-75.48370,1157,16.5,18.5,8.4,92.4,14.7,0.000,0.049,0.00,0.000,5.0,6.2,0.7,97,7,5.4,6.4,0.7,98,6,5.4,6.4,0.7,98,6,0,29.03,-0.1,0,0,0,39.6,44.8,48.0,0.28,0.33,0.43
SHER,2019-11-08 20:50:00 EST,42.64026,-75.48370,1157,16.6,18.5,7.7,92.4,14.8,0.000,0.049,0.00,0.000,5.9,7.5,0.8,96,6,6.3,7.9,0.8,97,5,6.3,7.9,0.8,97,5,0,29.03,-0.1,0,0,0,39.6,44.8,48.0,0.28,0.33,0.43
SHER,2019-11-08 20:55:00 EST,42.64026,-75.48370,1157,16.8,18.1,9.1,92.1,14.9,0.000,0.049,0.00,0.000,4.8,6.9,0.8,104,9,5.2,6.9,0.9,104,8,5.2,6.9,0.9,104,8,0,29.03,-0.1,0,0,0,39.6,44.8,48.0,0.28,0.33,0.43
SHER,2019-11-08 21:00:00 EST,42.64026,-75.48370,1157,17.3,19.1,9.4,92.1,15.4,0.000,0.049,0.00,0.000,5.0,7.1,1.1,96,5,5.3,7.3,1.1,96,5,5.3,7.3,1.1,96,5,0,29.03,-0.1,0,0,0,39.5,44.8,48.0,0.28,0.33,0.43
SHER,2019-11-08 21:05:00 EST,42.64026,-75.48370,1157,17.2,18.9,10.8,89.9,14.8,0.000,0.049,0.00,0.000,3.8,5.1,0.9,103,8,4.2,6.0,1.1,103,8,4.2,6.0,1.1,103,8,0,29.03,-0.2,0,0,0,39.4,44.8,48.0,0.28,0.33,0.43
SHER,2019-11-08 21:10:00 EST,42.64026,-75.48370,1157,17.2,19.0,17.2,91.1,15.0,0.000,0.049,0.00,0.000,1.9,4.7,1.7,66,37,2.3,5.1,1.7,58,43,2.3,5.1,1.7,58,43,0,29.03,-0.1,0,0,0,39.4,44.8,48.0,0.28,0.33,0.43
SHER,2019-11-08 21:15:00 EST,42.64026,-75.48370,1157,17.0,18.1,12.0,91.7,15.0,0.000,0.049,0.00,0.000,2.8,5.0,1.3,109,16,3.2,5.5,1.3,110,17,3.2,5.5,1.3,110,17,0,29.03,-0.2,0,0,0,39.4,44.8,48.0,0.28,0.33,0.43
SHER,2019-11-08 21:20:00 EST,42.64026,-75.48370,1157,16.6,19.0,10.2,90.9,14.4,0.000,0.049,0.00,0.000,3.7,6.1,0.7,102,8,4.0,6.4,0.8,102,8,4.0,6.4,0.8,102,8,0,29.03,-0.1,0,0,0,39.3,44.8,48.0,0.28,0.33,0.43
SHER,2019-11-08 21:25:00 EST,42.64026,-75.48370,1157,16.5,18.9,10.7,90.6,14.2,0.000,0.049,0.00,0.000,3.3,6.4,1.2,98,12,3.6,6.5,1.3,99,14,3.6,6.5,1.3,99,14,0,29.03,-0.1,0,0,0,39.2,44.8,48.0,0.28,0.33,0.43
SHER,2019-11-08 21:30:00 EST,42.64026,-75.48370,1157,16.9,18.6,11.2,90.4,14.5,0.000,0.049,0.00,0.000,3.2,4.5,0.6,98,15,3.6,5.4,0.8,97,15,3.6,5.4,0.8,97,15,0,29.03,-0.1,0,0,0,39.2,44.8,48.0,0.28,0.33,0.43
SHER,2019-11-08 21:35:00 EST,42.64026,-75.48370,1157,16.5,18.5,10.5,89.8,14.0,0.000,0.049,0.00,0.000,3.3,4.1,0.4,99,6,3.7,4.8,0.5,99,6,3.7,4.8,0.5,99,6,0,29.03,-0.1,0,0,0,39.2,44.8,48.0,0.28,0.32,0.43
SHER,2019-11-08 21:40:00 EST,42.64026,-75.48370,1157,16.7,19.3,11.7,90.3,14.4,0.000,0.049,0.00,0.000,2.8,4.7,0.6,97,13,3.2,5.3,0.7,96,14,3.2,5.3,0.7,96,14,0,29.03,-0.2,0,0,0,39.2,44.8,48.0,0.28,0.32,0.43
SHER,2019-11-08 21:45:00 EST,42.64026,-75.48370,1157,16.6,19.2,11.5,90.3,14.3,0.000,0.049,0.00,0.000,2.9,5.0,1.1,100,23,3.3,6.1,1.0,100,23,3.3,6.1,1.0,100,23,0,29.04,-0.1,0,0,0,39.2,44.8,48.0,0.28,0.32,0.43
SHER,2019-11-08 21:50:00 EST,42.64026,-75.48370,1157,16.5,18.6,11.6,89.9,14.1,0.000,0.049,0.00,0.000,2.6,5.2,1.7,98,17,3.1,5.8,1.5,96,25,3.1,5.8,1.5,96,25,0,29.04,-0.2,0,0,0,39.2,44.8,47.9,0.28,0.32,0.43
SHER,2019-11-08 21:55:00 EST,42.64026,-75.48370,1157,16.4,19.0,10.6,89.9,13.9,0.000,0.049,0.00,0.000,3.3,5.8,1.1,99,15,3.6,6.1,1.1,99,15,3.6,6.1,1.1,99,15,0,29.04,-0.1,0,0,0,39.2,44.7,47.9,0.28,0.32,0.43
SHER,2019-11-08 22:00:00 EST,42.64026,-75.48370,1157,16.3,18.4,9.5,90.5,14.0,0.000,0.049,0.00,0.000,3.9,5.8,1.0,105,21,4.3,6.4,1.0,104,21,4.3,6.4,1.0,104,21,0,29.04,-0.1,0,0,0,39.1,44.7,47.9,0.28,0.32,0.43
SHER,2019-11-08 22:05:00 EST,42.64026,-75.48370,1157,16.1,17.5,8.3,90.5,13.8,0.000,0.049,0.00,0.000,4.7,5.8,0.8,103,8,5.1,6.2,0.9,104,8,5.1,6.2,0.9,104,8,0,29.03,-0.1,0,0,0,39.0,44.6,48.0,0.28,0.32,0.43
SHER,2019-11-08 22:10:00 EST,42.64026,-75.48370,1157,16.4,18.5,10.1,91.2,14.3,0.000,0.049,0.00,0.000,3.5,5.7,1.3,89,10,4.0,6.2,1.3,88,10,4.0,6.2,1.3,88,10,0,29.03,0.1,0,0,0,39.0,44.6,47.9,0.28,0.32,0.43
SHER,2019-11-08 22:15:00 EST,42.64026,-75.48370,1157,18.3,20.2,18.3,90.2,15.9,0.000,0.049,0.00,0.000,0.9,3.9,1.1,112,19,1.2,4.4,1.2,112,33,1.2,4.4,1.2,112,33,0,29.03,-0.2,0,0,0,39.0,44.6,47.9,0.28,0.32,0.43
SHER,2019-11-08 22:20:00 EST,42.64026,-75.48370,1157,16.9,18.1,11.9,88.1,14.0,0.000,0.049,0.00,0.000,2.9,5.4,0.9,112,12,3.2,6.1,1.0,113,12,3.2,6.1,1.0,113,12,0,29.03,-0.1,0,0,0,39.0,44.6,47.9,0.28,0.32,0.43
SHER,2019-11-08 22:25:00 EST,42.64026,-75.48370,1157,16.4,17.3,7.4,90.2,14.0,0.000,0.049,0.00,0.000,5.8,6.8,0.5,100,4,6.2,7.3,0.6,101,3,6.2,7.3,0.6,101,3,0,29.03,-0.1,0,0,0,38.8,44.6,47.9,0.28,0.32,0.43
SHER,2019-11-08 22:30:00 EST,42.64026,-75.48370,1157,16.2,18.0,6.6,91.2,14.1,0.000,0.049,0.00,0.000,6.3,7.0,0.4,94,6,6.8,7.7,0.4,94,6,6.8,7.7,0.4,94,6,0,29.03,-0.1,0,0,0,38.8,44.6,47.9,0.28,0.32,0.43
SHER,2019-11-08 22:35:00 EST,42.64026,-75.48370,1157,16.4,18.5,8.6,91.5,14.3,0.000,0.049,0.00,0.000,4.7,6.1,0.8,94,7,5.1,6.4,0.7,95,6,5.1,6.4,0.7,95,6,0,29.03,-0.1,0,0,0,38.8,44.6,47.9,0.28,0.32,0.43
SHER,2019-11-08 22:40:00 EST,42.64026,-75.48370,1157,16.9,17.9,16.9,92.0,14.9,0.000,0.049,0.00,0.000,2.4,4.5,1.2,68,29,2.8,4.9,1.1,66,30,2.8,4.9,1.1,66,30,0,29.03,-0.1,0,0,0,38.8,44.6,47.9,0.28,0.32,0.43
SHER,2019-11-08 22:45:00 EST,42.64026,-75.48370,1157,16.9,18.4,8.6,91.7,14.9,0.000,0.049,0.00,0.000,5.4,6.9,1.2,93,5,5.7,7.6,1.2,93,6,5.7,7.6,1.2,93,6,0,29.03,-0.1,0,0,0,38.8,44.6,47.9,0.28,0.32,0.43
SHER,2019-11-08 22:50:00 EST,42.64026,-75.48370,1157,17.9,19.6,9.3,91.0,15.7,0.000,0.049,0.00,0.000,5.7,7.0,0.9,88,6,6.0,7.6,1.0,89,6,6.0,7.6,1.0,89,6,0,29.03,-0.1,0,0,0,38.7,44.6,47.9,0.27,0.32,0.43
SHER,2019-11-08 22:55:00 EST,42.64026,-75.48370,1157,17.6,18.9,12.0,88.4,14.8,0.000,0.049,0.00,0.000,3.3,4.2,0.6,107,8,3.6,4.9,0.6,109,9,3.6,4.9,0.6,109,9,0,29.03,-0.1,0,0,0,38.7,44.6,47.8,0.27,0.32,0.43
SHER,2019-11-08 23:00:00 EST,42.64026,-75.48370,1157,16.7,18.2,10.3,89.6,14.2,0.000,0.049,0.00,0.000,3.8,4.8,0.5,95,10,4.1,5.5,0.6,96,10,4.1,5.5,0.6,96,10,0,29.03,-0.1,0,0,0,38.7,44.5,47.8,0.27,0.32,0.43
SHER,2019-11-08 23:05:00 EST,42.64026,-75.48370,1157,16.4,17.6,8.5,90.9,14.2,0.000,0.049,0.00,0.000,4.8,5.8,0.5,102,3,5.3,6.3,0.6,102,2,5.3,6.3,0.6,102,2,0,29.03,-0.1,0,0,0,38.7,44.4,47.8,0.28,0.32,0.43
SHER,2019-11-08 23:10:00 EST,42.64026,-75.48370,1157,16.1,17.7,7.0,91.2,14.0,0.000,0.049,0.00,0.000,5.9,6.3,0.2,95,7,6.3,6.9,0.3,96,7,6.3,6.9,0.3,96,7,0,29.03,-0.1,0,0,0,38.7,44.4,47.9,0.28,0.32,0.43
SHER,2019-11-08 23:15:00 EST,42.64026,-75.48370,1157,16.4,18.4,8.1,92.1,14.5,0.000,0.049,0.00,0.000,5.2,6.1,0.4,93,4,5.5,6.8,0.5,93,4,5.5,6.8,0.5,93,4,0,29.03,-0.1,0,0,0,38.6,44.4,47.8,0.28,0.32,0.43
SHER,2019-11-08 23:20:00 EST,42.64026,-75.48370,1157,16.0,17.7,8.1,91.3,13.9,0.000,0.049,0.00,0.000,4.6,5.3,0.3,100,3,5.1,6.0,0.4,100,3,5.1,6.0,0.4,100,3,0,29.03,-0.1,0,0,0,38.5,44.4,47.8,0.28,0.32,0.43
SHER,2019-11-08 23:25:00 EST,42.64026,-75.48370,1157,16.1,17.4,16.1,91.8,14.1,0.000,0.049,0.00,0.000,2.3,4.7,1.7,73,19,2.6,5.3,1.5,76,28,2.6,5.3,1.5,76,28,0,29.03,-0.1,0,0,0,38.5,44.4,47.8,0.28,0.32,0.43
SHER,2019-11-08 23:30:00 EST,42.64026,-75.48370,1157,16.4,17.2,16.4,92.2,14.5,0.000,0.049,0.00,0.000,0.8,2.1,0.7,126,18,1.1,2.2,0.7,126,26,1.1,2.2,0.7,126,26,0,29.03,-0.1,0,0,0,38.5,44.4,47.8,0.27,0.32,0.43
SHER,2019-11-08 23:35:00 EST,42.64026,-75.48370,1157,15.9,17.0,15.9,91.6,13.9,0.000,0.049,0.00,0.000,2.4,5.2,0.8,121,10,2.5,5.3,0.9,122,10,2.5,5.3,0.9,122,10,0,29.03,-0.2,0,0,0,38.5,44.4,47.8,0.28,0.32,0.43
SHER,2019-11-08 23:40:00 EST,42.64026,-75.48370,1157,15.5,17.0,6.7,91.0,13.3,0.000,0.049,0.00,0.000,5.4,6.7,0.5,103,5,5.9,7.1,0.5,103,5,5.9,7.1,0.5,103,5,0,29.03,-0.1,0,0,0,38.4,44.4,47.8,0.28,0.32,0.43
SHER,2019-11-08 23:45:00 EST,42.64026,-75.48370,1157,15.8,18.0,9.5,91.8,13.9,0.000,0.049,0.00,0.000,3.6,5.4,1.0,110,18,3.9,5.9,1.2,110,18,3.9,5.9,1.2,110,18,0,29.03,-0.1,0,0,0,38.3,44.4,47.8,0.28,0.32,0.43
SHER,2019-11-08 23:50:00 EST,42.64026,-75.48370,1157,15.1,16.5,9.0,90.8,12.9,0.000,0.049,0.00,0.000,3.4,4.9,0.5,148,10,3.7,5.1,0.6,148,11,3.7,5.1,0.6,148,11,0,29.03,-0.1,0,0,0,38.3,44.4,47.8,0.27,0.32,0.43
SHER,2019-11-08 23:55:00 EST,42.64026,-75.48370,1157,15.0,16.5,8.8,91.3,12.9,0.000,0.049,0.00,0.000,3.5,5.8,1.0,133,18,3.8,6.1,1.0,136,18,3.8,6.1,1.0,136,18,0,29.03,-0.1,0,0,0,38.3,44.4,47.8,0.28,0.32,0.43
SOME,2019-11-08 00:00:00 EST,41.31037,-73.76711,607,34.5,34.4,29.6,91.3,32.3,0.000,0.354,0.00,0.000,5.1,10.9,2.1,326,21,5.5,12.1,2.1,328,19,5.5,12.1,2.1,328,19,0,29.35,-0.0,0,0,0,49.3,55.9,58.7,0.31,0.31,0.23
SOME,2019-11-08 00:05:00 EST,41.31037,-73.76711,607,34.5,34.4,30.3,91.3,32.2,0.000,0.000,0.00,0.000,4.0,7.9,1.9,337,25,4.7,10.8,2.0,339,24,4.7,10.8,2.0,339,24,0,29.35,0.0,0,0,0,49.3,55.9,58.6,0.31,0.31,0.23
SOME,2019-11-08 00:10:00 EST,41.31037,-73.76711,607,34.5,34.3,30.5,91.5,32.2,0.000,0.000,0.00,0.000,4.0,10.1,2.3,325,21,4.4,10.1,2.3,326,19,4.4,10.1,2.3,326,19,0,29.35,0.0,0,0,0,49.3,55.9,58.6,0.31,0.31,0.23
SOME,2019-11-08 00:15:00 EST,41.31037,-73.76711,607,34.5,34.4,29.6,91.8,32.3,0.000,0.000,0.00,0.000,5.1,10.0,1.6,339,20,5.4,11.1,2.0,340,18,5.4,11.1,2.0,340,18,0,29.35,0.0,0,0,0,49.3,55.9,58.6,0.31,0.31,0.23
SOME,2019-11-08 00:20:00 EST,41.31037,-73.76711,607,34.5,34.3,29.8,91.9,32.3,0.000,0.000,0.00,0.000,4.8,8.7,1.7,330,19,5.2,9.3,1.7,333,18,5.2,9.3,1.7,333,18,0,29.35,0.0,0,0,0,49.2,55.9,58.5,0.31,0.31,0.24
SOME,2019-11-08 00:25:00 EST,41.31037,-73.76711,607,34.4,34.3,29.3,91.7,32.3,0.000,0.000,0.00,0.000,5.4,10.3,2.0,330,22,5.8,11.1,2.2,332,19,5.8,11.1,2.2,332,19,0,29.35,0.0,0,0,0,49.1,55.9,58.5,0.31,0.31,0.23
SOME,2019-11-08 00:30:00 EST,41.31037,-73.76711,607,34.4,34.2,30.1,92.0,32.3,0.000,0.000,0.00,0.000,3.9,9.2,1.5,328,20,4.7,10.7,1.8,331,19,4.7,10.7,1.8,331,19,0,29.35,0.0,0,0,0,49.1,55.9,58.6,0.31,0.31,0.23
SOME,2019-11-08 00:35:00 EST,41.31037,-73.76711,607,34.3,34.1,28.6,91.8,32.2,0.000,0.000,0.00,0.000,5.9,10.2,1.9,330,15,6.4,10.7,1.8,333,15,6.4,10.7,1.8,333,15,0,29.35,0.0,0,0,0,49.1,55.9,58.6,0.31,0.31,0.23
SOME,2019-11-08 00:40:00 EST,41.31037,-73.76711,607,34.3,34.1,30.5,92.3,32.3,0.000,0.000,0.00,0.000,3.8,7.2,1.4,335,18,4.2,7.5,1.4,337,18,4.2,7.5,1.4,337,18,0,29.35,0.0,0,0,0,49.1,55.9,58.5,0.31,0.31,0.24
SOME,2019-11-08 00:45:00 EST,41.31037,-73.76711,607,34.3,34.2,29.4,92.0,32.2,0.000,0.000,0.00,0.000,5.0,10.6,1.8,327,18,5.4,10.9,1.8,329,19,5.4,10.9,1.8,329,19,0,29.35,0.0,0,0,0,49.1,55.9,58.5,0.31,0.31,0.23
SOME,2019-11-08 00:50:00 EST,41.31037,-73.76711,607,34.3,34.1,28.8,91.3,32.0,0.000,0.000,0.00,0.000,5.4,9.0,2.0,336,24,6.2,11.9,2.3,338,20,6.2,11.9,2.3,338,20,0,29.35,0.0,0,0,0,49.1,55.9,58.5,0.31,0.31,0.24
SOME,2019-11-08 00:55:00 EST,41.31037,-73.76711,607,34.2,34.0,28.8,90.7,31.7,0.000,0.000,0.00,0.000,5.5,10.7,2.4,335,22,6.1,12.6,2.5,338,18,6.1,12.6,2.5,338,18,0,29.35,-0.0,0,0,0,49.1,55.9,58.5,0.31,0.31,0.24
SOME,2019-11-08 01:00:00 EST,41.31037,-73.76711,607,34.0,33.9,28.3,89.8,31.3,0.000,0.000,0.00,0.000,5.7,10.2,2.0,336,19,6.5,14.6,2.2,338,18,6.5,14.6,2.2,338,18,0,29.35,0.0,0,0,0,49.1,55.9,58.5,0.31,0.31,0.24
SOME,2019-11-08 01:05:00 EST,41.31037,-73.76711,607,33.7,33.5,28.4,90.3,31.1,0.000,0.000,0.00,0.000,5.1,10.3,2.6,349,20,5.7,12.0,2.9,348,17,5.7,12.0,2.9,348,17,0,29.35,-0.0,0,0,0,49.1,55.9,58.5,0.31,0.31,0.24
SOME,2019-11-08 01:10:00 EST,41.31037,-73.76711,607,33.3,33.2,27.6,91.7,31.1,0.003,0.003,0.00,0.003,5.4,11.9,2.2,344,19,6.2,13.6,2.4,347,15,6.2,13.6,2.4,347,15,0,29.35,-0.0,0,0,0,49.1,55.9,58.5,0.31,0.31,0.23
SOME,2019-11-08 01:15:00 EST,41.31037,-73.76711,607,33.1,33.0,27.7,91.6,30.9,0.001,0.004,0.00,0.004,5.0,10.0,2.2,346,27,5.8,12.2,2.3,346,21,5.8,12.2,2.3,346,21,0,29.35,-0.0,0,0,0,49.1,55.9,58.5,0.30,0.31,0.23
SOME,2019-11-08 01:20:00 EST,41.31037,-73.76711,607,33.0,32.9,27.9,91.5,30.8,0.001,0.005,0.00,0.005,4.9,11.0,2.2,354,21,5.5,13.8,2.6,355,16,5.5,13.8,2.6,355,16,0,29.35,0.0,0,0,0,49.0,55.9,58.5,0.30,0.31,0.23
SOME,2019-11-08 01:25:00 EST,41.31037,-73.76711,607,33.0,32.9,27.2,91.1,30.7,0.000,0.005,0.00,0.005,5.6,10.8,1.8,348,19,6.3,13.4,2.5,351,16,6.3,13.4,2.5,351,16,0,29.35,0.0,0,0,0,48.9,55.9,58.5,0.30,0.31,0.23
SOME,2019-11-08 01:30:00 EST,41.31037,-73.76711,607,33.0,32.9,28.4,91.3,30.8,0.000,0.005,0.00,0.005,4.1,7.4,1.4,347,17,4.9,10.3,1.6,349,14,4.9,10.3,1.6,349,14,0,29.36,0.0,0,0,0,48.8,55.9,58.5,0.30,0.31,0.23
SOME,2019-11-08 01:35:00 EST,41.31037,-73.76711,607,33.1,33.0,28.8,91.4,30.9,0.000,0.005,0.00,0.005,3.9,9.1,1.8,340,25,4.6,12.6,2.1,342,25,4.6,12.6,2.1,342,25,0,29.36,0.0,0,0,0,48.7,55.9,58.5,0.30,0.31,0.23
SOME,2019-11-08 01:40:00 EST,41.31037,-73.76711,607,33.3,33.2,27.5,89.8,30.6,0.000,0.005,0.00,0.005,5.8,13.0,2.1,319,24,6.4,14.2,2.3,321,22,6.4,14.2,2.3,321,22,0,29.36,0.0,0,0,0,48.7,55.9,58.5,0.30,0.31,0.23
SOME,2019-11-08 01:45:00 EST,41.31037,-73.76711,607,33.3,33.2,28.0,88.7,30.3,0.000,0.005,0.00,0.005,4.9,9.1,2.0,335,20,5.7,12.2,2.3,337,16,5.7,12.2,2.3,337,16,0,29.36,-0.0,0,0,0,48.7,55.9,58.5,0.30,0.31,0.23
SOME,2019-11-08 01:50:00 EST,41.31037,-73.76711,607,33.2,33.1,27.7,87.8,30.0,0.000,0.005,0.00,0.005,5.4,9.6,1.7,335,17,6.0,10.5,1.7,336,16,6.0,10.5,1.7,336,16,0,29.35,0.0,0,0,0,48.7,55.9,58.5,0.30,0.31,0.23
SOME,2019-11-08 01:55:00 EST,41.31037,-73.76711,607,33.2,33.2,26.9,87.1,29.7,0.000,0.005,0.00,0.005,6.3,12.7,2.5,332,20,7.0,13.0,2.3,334,16,7.0,13.0,2.3,334,16,0,29.35,0.0,0,0,0,48.7,55.9,58.5,0.30,0.31,0.23
SOME,2019-11-08 02:00:00 EST,41.31037,-73.76711,607,33.2,33.2,25.8,83.0,28.6,0.000,0.005,0.00,0.005,8.7,16.5,2.6,327,13,8.9,18.6,2.8,328,13,8.9,18.6,2.8,328,13,0,29.36,-0.0,0,0,0,48.7,55.9,58.5,0.30,0.31,0.23
SOME,2019-11-08 02:05:00 EST,41.31037,-73.76711,607,33.1,33.1,26.1,79.8,27.6,0.000,0.005,0.00,0.005,7.7,14.2,2.9,327,23,8.1,15.5,3.0,329,19,8.1,15.5,3.0,329,19,0,29.36,-0.0,0,0,0,48.7,55.9,58.5,0.30,0.31,0.23
SOME,2019-11-08 02:10:00 EST,41.31037,-73.76711,607,32.9,33.0,24.6,75.9,26.2,0.000,0.005,0.00,0.002,10.0,18.5,2.9,327,17,10.5,19.7,2.8,329,16,10.5,19.7,2.8,329,16,0,29.36,-0.0,0,0,0,48.7,55.9,58.5,0.30,0.31,0.23
SOME,2019-11-08 02:15:00 EST,41.31037,-73.76711,607,32.5,32.7,25.6,74.3,25.3,0.000,0.005,0.00,0.001,7.2,14.0,2.3,332,18,7.8,16.1,2.3,335,17,7.8,16.1,2.3,335,17,0,29.37,-0.0,0,0,0,48.7,55.9,58.5,0.30,0.31,0.23
SOME,2019-11-08 02:20:00 EST,41.31037,-73.76711,607,32.1,32.2,24.3,73.7,24.7,0.000,0.005,0.00,0.000,8.8,13.9,2.3,326,15,9.2,14.4,2.2,328,15,9.2,14.4,2.2,328,15,0,29.37,-0.0,0,0,0,48.7,55.9,58.5,0.30,0.31,0.23
SOME,2019-11-08 02:25:00 EST,41.31037,-73.76711,607,31.9,32.0,24.0,70.6,23.4,0.000,0.005,0.00,0.000,8.8,16.5,3.0,325,19,9.2,17.6,2.9,327,20,9.2,17.6,2.9,327,20,0,29.37,-0.1,0,0,0,48.7,55.9,58.5,0.30,0.31,0.23
SOME,2019-11-08 02:30:00 EST,41.31037,-73.76711,607,31.6,31.8,24.3,69.3,22.7,0.000,0.005,0.00,0.000,7.5,14.4,2.8,327,18,8.1,18.5,2.7,332,17,8.1,18.5,2.7,332,17,0,29.36,-0.0,0,0,0,48.6,55.9,58.5,0.30,0.31,0.23
SOME,2019-11-08 02:35:00 EST,41.31037,-73.76711,607,31.4,31.5,23.8,69.1,22.4,0.000,0.005,0.00,0.000,8.0,14.1,2.2,330,22,8.5,15.5,2.4,334,18,8.5,15.5,2.4,334,18,0,29.36,-0.1,0,0,0,48.6,55.9,58.5,0.30,0.31,0.23
SOME,2019-11-08 02:40:00 EST,41.31037,-73.76711,607,31.1,31.4,23.4,69.1,22.2,0.000,0.005,0.00,0.000,8.1,16.1,2.9,330,17,8.6,16.4,2.9,331,16,8.6,16.4,2.9,331,16,0,29.36,-0.0,0,0,0,48.6,55.9,58.5,0.30,0.31,0.23
SOME,2019-11-08 02:45:00 EST,41.31037,-73.76711,607,30.9,31.1,23.9,70.0,22.3,0.000,0.005,0.00,0.000,6.8,14.0,2.4,326,18,7.4,16.2,2.5,328,17,7.4,16.2,2.5,328,17,0,29.37,-0.0,0,0,0,48.6,55.9,58.5,0.30,0.31,0.24
SOME,2019-11-08 02:50:00 EST,41.31037,-73.76711,607,30.8,31.0,23.3,70.1,22.2,0.000,0.005,0.00,0.000,7.3,14.0,2.4,332,21,8.0,13.8,2.4,335,18,8.0,13.8,2.4,335,18,0,29.37,-0.0,0,0,0,48.6,55.9,58.5,0.30,0.31,0.23
SOME,2019-11-08 02:55:00 EST,41.31037,-73.76711,607,30.7,31.0,23.9,69.2,21.8,0.000,0.005,0.00,0.000,6.5,13.5,2.2,329,21,7.0,13.2,2.1,332,19,7.0,13.2,2.1,332,19,0,29.37,0.0,0,0,0,48.6,55.9,58.5,0.30,0.31,0.23
SOME,2019-11-08 03:00:00 EST,41.31037,-73.76711,607,30.6,30.9,23.1,69.1,21.6,0.000,0.005,0.00,0.000,7.4,13.7,2.4,323,20,8.0,14.8,2.4,323,18,8.0,14.8,2.4,323,18,0,29.37,0.0,0,0,0,48.6,55.9,58.5,0.30,0.31,0.24
SOME,2019-11-08 03:05:00 EST,41.31037,-73.76711,607,30.6,30.8,22.9,67.8,21.3,0.000,0.005,0.00,0.000,8.0,15.4,2.6,324,21,8.4,13.3,2.5,325,20,8.4,13.3,2.5,325,20,0,29.37,-0.0,0,0,0,48.6,55.9,58.5,0.30,0.31,0.24
SOME,2019-11-08 03:10:00 EST,41.31037,-73.76711,607,30.2,30.5,23.1,69.6,21.5,0.000,0.005,0.00,0.000,6.9,12.9,2.2,331,20,7.4,13.0,2.0,333,17,7.4,13.0,2.0,333,17,0,29.37,-0.0,0,0,0,48.6,55.9,58.5,0.30,0.31,0.24
SOME,2019-11-08 03:15:00 EST,41.31037,-73.76711,607,30.1,30.4,23.7,69.7,21.4,0.000,0.005,0.00,0.000,5.5,12.3,1.8,332,19,6.3,11.6,1.9,332,18,6.3,11.6,1.9,332,18,0,29.37,0.0,0,0,0,48.5,55.9,58.5,0.30,0.31,0.24
SOME,2019-11-08 03:20:00 EST,41.31037,-73.76711,607,30.0,30.4,23.7,69.2,21.2,0.000,0.005,0.00,0.000,5.8,12.8,2.5,335,15,6.3,13.1,2.5,337,15,6.3,13.1,2.5,337,15,0,29.37,-0.1,0,0,0,48.4,55.9,58.5,0.30,0.31,0.24
SOME,2019-11-08 03:25:00 EST,41.31037,-73.76711,607,29.7,30.1,24.0,71.1,21.5,0.000,0.005,0.00,0.000,4.8,9.1,1.7,339,25,5.4,10.3,2.1,342,23,5.4,10.3,2.1,342,23,0,29.37,-0.1,0,0,0,48.4,55.9,58.5,0.30,0.31,0.24
SOME,2019-11-08 03:30:00 EST,41.31037,-73.76711,607,29.6,29.9,23.8,71.5,21.5,0.000,0.005,0.00,0.000,4.8,8.9,1.5,339,20,5.4,10.7,1.6,340,17,5.4,10.7,1.6,340,17,0,29.37,0.1,0,0,0,48.4,55.9,58.5,0.30,0.31,0.24
SOME,2019-11-08 03:35:00 EST,41.31037,-73.76711,607,29.6,29.9,22.9,71.2,21.4,0.000,0.005,0.00,0.000,5.9,11.2,2.3,335,18,6.6,13.6,2.4,338,18,6.6,13.6,2.4,338,18,0,29.37,-0.0,0,0,0,48.4,55.9,58.5,0.30,0.31,0.24
SOME,2019-11-08 03:40:00 EST,41.31037,-73.76711,607,29.6,30.0,23.3,70.1,21.0,0.000,0.005,0.00,0.000,5.6,10.3,1.7,334,21,6.1,10.8,1.7,337,16,6.1,10.8,1.7,337,16,0,29.37,-0.0,0,0,0,48.4,55.9,58.5,0.30,0.31,0.24
SOME,2019-11-08 03:45:00 EST,41.31037,-73.76711,607,29.5,29.8,24.2,69.7,20.8,0.000,0.005,0.00,0.000,4.5,9.5,1.9,330,23,4.9,9.5,1.9,330,18,4.9,9.5,1.9,330,18,0,29.37,0.0,0,0,0,48.4,55.9,58.5,0.30,0.31,0.24
SOME,2019-11-08 03:50:00 EST,41.31037,-73.76711,607,29.4,29.8,22.4,69.1,20.5,0.000,0.005,0.00,0.000,6.5,14.3,2.4,331,18,7.0,13.4,2.3,332,16,7.0,13.4,2.3,332,16,0,29.37,0.1,0,0,0,48.4,55.9,58.5,0.30,0.31,0.24
SOME,2019-11-08 03:55:00 EST,41.31037,-73.76711,607,29.2,29.6,24.0,70.2,20.7,0.000,0.005,0.00,0.000,4.4,8.9,2.0,332,17,4.7,10.5,1.9,333,15,4.7,10.5,1.9,333,15,0,29.37,-0.0,0,0,0,48.3,55.8,58.5,0.30,0.31,0.24
SOME,2019-11-08 04:00:00 EST,41.31037,-73.76711,607,28.8,29.3,24.9,71.5,20.8,0.000,0.005,0.00,0.000,3.2,6.0,1.1,347,21,3.6,7.1,1.3,347,19,3.6,7.1,1.3,347,19,0,29.37,0.1,0,0,0,48.2,55.9,58.5,0.30,0.31,0.24
SOME,2019-11-08 04:05:00 EST,41.31037,-73.76711,607,28.5,29.1,28.5,73.1,21.0,0.000,0.005,0.00,0.000,2.4,5.3,1.0,355,17,2.9,6.6,1.0,356,16,2.9,6.6,1.0,356,16,0,29.37,-0.1,0,0,0,48.2,55.8,58.5,0.30,0.31,0.24
SOME,2019-11-08 04:10:00 EST,41.31037,-73.76711,607,28.3,29.0,24.2,73.3,20.9,0.000,0.005,0.00,0.000,2.9,7.7,1.4,2,19,3.7,11.5,1.9,2,17,3.7,11.5,1.9,2,17,0,29.37,0.1,0,0,0,48.2,55.9,58.5,0.30,0.31,0.24
SOME,2019-11-08 04:15:00 EST,41.31037,-73.76711,607,28.4,29.1,28.4,72.8,20.8,0.000,0.005,0.00,0.000,2.5,4.5,1.0,16,17,2.8,5.1,1.1,17,15,2.8,5.1,1.1,17,15,0,29.36,-0.1,0,0,0,48.2,55.9,58.5,0.30,0.31,0.24
SOME,2019-11-08 04:20:00 EST,41.31037,-73.76711,607,27.9,28.8,24.0,74.6,20.9,0.000,0.005,0.00,0.000,2.9,7.5,1.6,9,27,3.5,9.8,1.8,9,20,3.5,9.8,1.8,9,20,0,29.37,-0.0,0,0,0,48.2,55.9,58.5,0.30,0.31,0.24
SOME,2019-11-08 04:25:00 EST,41.31037,-73.76711,607,28.2,28.9,23.2,73.9,21.0,0.000,0.005,0.00,0.000,4.0,10.4,1.9,357,22,4.5,10.9,2.0,356,17,4.5,10.9,2.0,356,17,0,29.37,-0.1,0,0,0,48.1,55.9,58.5,0.30,0.31,0.24
SOME,2019-11-08 04:30:00 EST,41.31037,-73.76711,607,28.3,28.8,23.1,72.0,20.4,0.000,0.005,0.00,0.000,3.9,9.3,1.7,357,19,4.6,10.9,2.1,358,18,4.6,10.9,2.1,358,18,0,29.37,-0.0,0,0,0,48.0,55.7,58.5,0.30,0.31,0.24
SOME,2019-11-08 04:35:00 EST,41.31037,-73.76711,607,28.2,28.6,23.6,72.0,20.3,0.000,0.005,0.00,0.000,3.4,7.0,1.4,356,22,4.1,8.0,1.5,354,20,4.1,8.0,1.5,354,20,0,29.37,0.0,0,0,0,48.0,55.8,58.5,0.30,0.31,0.24
SOME,2019-11-08 04:40:00 EST,41.31037,-73.76711,607,27.8,28.3,24.5,73.5,20.5,0.000,0.005,0.00,0.000,2.6,6.4,1.5,354,19,3.1,7.9,1.6,356,18,3.1,7.9,1.6,356,18,0,29.37,-0.0,0,0,0,48.0,55.8,58.5,0.30,0.31,0.24
SOME,2019-11-08 04:45:00 EST,41.31037,-73.76711,607,27.8,28.3,24.0,73.2,20.4,0.000,0.005,0.00,0.000,2.8,5.0,1.0,346,17,3.4,6.2,1.0,347,15,3.4,6.2,1.0,347,15,0,29.38,-0.1,0,0,0,48.0,55.8,58.5,0.30,0.31,0.24
SOME,2019-11-08 04:50:00 EST,41.31037,-73.76711,607,27.9,28.5,22.5,73.4,20.5,0.000,0.005,0.00,0.000,4.3,8.8,1.9,345,24,4.8,10.9,1.9,347,22,4.8,10.9,1.9,347,22,0,29.38,-0.1,0,0,0,48.0,55.7,58.5,0.30,0.31,0.24
SOME,2019-11-08 04:55:00 EST,41.31037,-73.76711,607,27.7,28.1,27.7,73.5,20.3,0.000,0.005,0.00,0.000,2.0,4.9,1.1,354,23,2.6,7.2,1.2,353,24,2.6,7.2,1.2,353,24,0,29.38,-0.1,0,0,0,48.0,55.7,58.5,0.30,0.31,0.24
SOME,2019-11-08 05:00:00 EST,41.31037,-73.76711,607,27.4,28.0,27.4,75.3,20.6,0.000,0.005,0.00,0.000,1.3,3.6,0.8,356,21,1.9,5.1,1.1,357,22,1.9,5.1,1.1,357,22,0,29.38,-0.0,0,0,0,47.8,55.6,58.5,0.30,0.31,0.24
SOME,2019-11-08 05:05:00 EST,41.31037,-73.76711,607,27.4,27.8,27.4,75.1,20.6,0.000,0.005,0.00,0.000,2.0,4.7,0.9,1,26,2.6,5.4,1.1,3,23,2.6,5.4,1.1,3,23,0,29.38,-0.1,0,0,0,47.8,55.6,58.5,0.30,0.31,0.24
SOME,2019-11-08 05:10:00 EST,41.31037,-73.76711,607,27.3,27.7,27.3,75.4,20.5,0.000,0.005,0.00,0.000,1.4,3.9,0.9,356,23,2.0,4.7,0.9,356,25,2.0,4.7,0.9,356,25,0,29.39,-0.1,0,0,0,47.8,55.6,58.5,0.30,0.31,0.24
SOME,2019-11-08 05:15:00 EST,41.31037,-73.76711,607,27.1,27.7,27.1,76.1,20.6,0.000,0.005,0.00,0.000,1.9,4.3,0.8,16,16,2.3,5.0,0.9,15,16,2.3,5.0,0.9,15,16,0,29.39,-0.1,0,0,0,47.8,55.7,58.5,0.30,0.31,0.24
SOME,2019-11-08 05:20:00 EST,41.31037,-73.76711,607,26.8,27.5,26.8,77.8,20.8,0.000,0.005,0.00,0.000,1.4,3.9,1.0,4,19,1.7,4.1,0.8,360,24,1.7,4.1,0.8,360,24,0,29.39,-0.2,0,0,0,47.8,55.6,58.5,0.30,0.31,0.24
SOME,2019-11-08 05:25:00 EST,41.31037,-73.76711,607,26.9,27.4,26.9,76.8,20.6,0.000,0.005,0.00,0.000,1.1,3.7,0.7,356,12,1.8,5.3,0.8,356,16,1.8,5.3,0.8,356,16,0,29.39,-0.1,0,0,0,47.6,55.7,58.5,0.30,0.31,0.24
SOME,2019-11-08 05:30:00 EST,41.31037,-73.76711,607,26.8,27.5,26.8,77.7,20.8,0.000,0.005,0.00,0.000,2.3,5.0,1.2,2,21,2.7,6.0,1.3,3,20,2.7,6.0,1.3,3,20,0,29.39,-0.1,0,0,0,47.5,55.6,58.5,0.30,0.31,0.24
SOME,2019-11-08 05:35:00 EST,41.31037,-73.76711,607,26.4,27.4,22.6,77.8,20.4,0.000,0.005,0.00,0.000,2.6,6.3,1.2,343,26,3.3,7.3,1.3,346,24,3.3,7.3,1.3,346,24,0,29.39,-0.2,0,0,0,47.5,55.6,58.5,0.30,0.31,0.24
SOME,2019-11-08 05:40:00 EST,41.31037,-73.76711,607,26.9,27.5,21.5,74.4,19.9,0.000,0.005,0.00,0.000,4.2,8.0,1.5,333,16,4.6,9.7,1.6,334,17,4.6,9.7,1.6,334,17,0,29.40,-0.0,0,0,0,47.5,55.6,58.5,0.30,0.31,0.24
SOME,2019-11-08 05:45:00 EST,41.31037,-73.76711,607,26.9,27.5,22.6,73.1,19.4,0.000,0.005,0.00,0.000,3.5,6.4,1.0,331,16,3.7,7.6,1.1,333,16,3.7,7.6,1.1,333,16,0,29.40,-0.1,0,0,0,47.5,55.6,58.5,0.30,0.31,0.24
SOME,2019-11-08 05:50:00 EST,41.31037,-73.76711,607,26.8,27.4,22.3,72.3,19.1,0.000,0.005,0.00,0.000,3.6,6.0,0.9,333,19,3.9,7.4,1.1,334,18,3.9,7.4,1.1,334,18,0,29.40,-0.0,0,0,0,47.5,55.6,58.5,0.30,0.31,0.24
SOME,2019-11-08 05:55:00 EST,41.31037,-73.76711,607,26.9,27.5,22.1,71.9,19.1,0.000,0.005,0.00,0.000,3.6,6.4,1.1,332,14,4.1,6.7,1.0,334,14,4.1,6.7,1.0,334,14,0,29.40,-0.1,0,0,0,47.4,55.6,58.5,0.29,0.31,0.24
SOME,2019-11-08 06:00:00 EST,41.31037,-73.76711,607,26.5,27.2,26.5,73.2,19.1,0.000,0.005,0.00,0.000,2.1,3.6,0.7,331,15,2.6,4.7,0.7,333,16,2.6,4.7,0.7,333,16,0,29.41,-0.1,0,0,0,47.3,55.6,58.5,0.29,0.31,0.24
SOME,2019-11-08 06:05:00 EST,41.31037,-73.76711,607,26.3,27.2,26.3,74.3,19.3,0.000,0.005,0.00,0.000,2.2,4.0,0.7,330,13,2.4,4.2,0.7,330,15,2.4,4.2,0.7,330,15,0,29.41,-0.1,0,0,0,47.3,55.6,58.5,0.29,0.31,0.24
SOME,2019-11-08 06:10:00 EST,41.31037,-73.76711,607,26.1,26.9,26.1,76.6,19.8,0.000,0.005,0.00,0.000,1.6,2.8,0.6,320,16,1.8,3.4,0.5,320,17,1.8,3.4,0.5,320,17,0,29.41,-0.1,0,0,0,47.3,55.6,58.5,0.29,0.31,0.24
SOME,2019-11-08 06:15:00 EST,41.31037,-73.76711,607,26.4,27.0,26.4,75.2,19.6,0.000,0.005,0.00,0.000,1.7,5.8,1.0,308,16,2.0,5.6,1.0,308,16,2.0,5.6,1.0,308,16,0,29.41,-0.3,0,0,0,47.3,55.6,58.5,0.29,0.31,0.24
SOME,2019-11-08 06:20:00 EST,41.31037,-73.76711,607,26.3,27.0,22.5,76.6,20.0,0.000,0.005,0.00,0.000,2.9,6.1,1.3,301,18,3.3,6.7,1.3,300,16,3.3,6.7,1.3,300,16,0,29.41,0.0,0,0,0,47.2,55.6,58.5,0.29,0.31,0.24
SOME,2019-11-08 06:25:00 EST,41.31037,-73.76711,607,26.4,27.0,22.5,77.6,20.4,0.000,0.005,0.00,0.000,2.7,7.1,1.9,292,24,3.3,8.6,2.1,290,25,3.3,8.6,2.1,290,25,1,29.41,-0.1,0,0,0,47.1,55.6,58.5,0.29,0.31,0.24
SOME,2019-11-08 06:30:00 EST,41.31037,-73.76711,607,26.4,27.0,26.4,77.9,20.4,0.000,0.005,0.00,0.000,2.4,5.8,1.5,298,20,2.8,6.7,1.7,298,19,2.8,6.7,1.7,298,19,2,29.41,-0.1,0,0,0,47.1,55.6,58.5,0.29,0.31,0.24
SOME,2019-11-08 06:35:00 EST,41.31037,-73.76711,607,26.7,27.2,22.5,77.8,20.7,0.000,0.005,0.00,0.000,3.1,6.1,1.2,292,18,3.6,7.5,1.3,292,19,3.6,7.5,1.3,292,19,3,29.41,-0.1,0,0,0,47.1,55.6,58.5,0.29,0.31,0.24
SOME,2019-11-08 06:40:00 EST,41.31037,-73.76711,607,26.7,27.2,22.7,77.3,20.5,0.000,0.005,0.00,0.000,2.9,5.7,1.3,298,26,3.4,6.4,1.4,299,25,3.4,6.4,1.4,299,25,5,29.41,-0.1,0,0,0,47.1,55.6,58.5,0.29,0.31,0.24
SOME,2019-11-08 06:45:00 EST,41.31037,-73.76711,607,26.5,27.2,26.5,78.4,20.7,0.000,0.005,0.00,0.000,2.1,5.0,1.4,321,26,2.5,6.8,1.5,320,28,2.5,6.8,1.5,320,28,7,29.41,-0.0,0,0,0,47.1,55.6,58.5,0.29,0.31,0.24
SOME,2019-11-08 06:50:00 EST,41.31037,-73.76711,607,26.4,27.0,26.4,79.6,20.9,0.000,0.005,0.00,0.000,0.9,2.9,0.7,334,23,1.5,3.8,0.7,333,28,1.5,3.8,0.7,333,28,10,29.41,-0.2,0,0,0,47.0,55.6,58.5,0.29,0.31,0.24
SOME,2019-11-08 06:55:00 EST,41.31037,-73.76711,607,26.3,27.0,26.3,79.7,20.9,0.000,0.005,0.00,0.000,1.1,2.2,0.4,314,24,1.5,2.9,0.5,320,25,1.5,2.9,0.5,320,25,32,29.42,-0.0,0,0,0,46.9,55.6,58.5,0.29,0.31,0.24
SOME,2019-11-08 07:00:00 EST,41.31037,-73.76711,607,26.5,27.2,26.5,80.0,21.1,0.000,0.005,0.00,0.000,1.9,3.8,0.8,315,16,2.1,4.7,0.8,317,17,2.1,4.7,0.8,317,17,51,29.42,0.0,0,0,0,46.9,55.6,58.5,0.29,0.31,0.24
SOME,2019-11-08 07:05:00 EST,41.31037,-73.76711,607,27.1,27.4,23.3,79.9,21.7,0.000,0.005,0.00,0.000,3.0,4.8,0.7,291,12,3.3,6.1,0.9,291,12,3.3,6.1,0.9,291,12,64,29.42,-0.0,0,0,0,46.9,55.6,58.5,0.29,0.31,0.24
SOME,2019-11-08 07:10:00 EST,41.31037,-73.76711,607,27.1,27.3,23.4,80.1,21.8,0.000,0.005,0.00,0.000,2.9,5.4,0.8,291,13,3.2,6.7,1.0,293,13,3.2,6.7,1.0,293,13,76,29.43,0.0,0,0,0,46.9,55.6,58.5,0.29,0.31,0.24
SOME,2019-11-08 07:15:00 EST,41.31037,-73.76711,607,27.5,27.6,22.3,77.2,21.3,0.000,0.005,0.00,0.000,4.0,7.9,1.6,307,22,4.5,8.6,1.8,309,20,4.5,8.6,1.8,309,20,89,29.43,-0.0,0,0,0,46.8,55.6,58.5,0.29,0.31,0.24
SOME,2019-11-08 07:20:00 EST,41.31037,-73.76711,607,28.1,28.1,22.0,73.5,20.7,0.000,0.005,0.00,0.000,5.3,9.3,1.7,314,18,5.5,10.1,1.7,315,17,5.5,10.1,1.7,315,17,100,29.43,-0.0,0,0,0,46.8,55.6,58.5,0.29,0.31,0.24
SOME,2019-11-08 07:25:00 EST,41.31037,-73.76711,607,28.3,28.2,22.3,72.5,20.6,0.000,0.005,0.00,0.000,5.1,11.5,2.0,323,20,5.4,10.6,2.0,324,15,5.4,10.6,2.0,324,15,113,29.43,-0.0,0,0,0,46.8,55.6,58.5,0.29,0.31,0.24
SOME,2019-11-08 07:30:00 EST,41.31037,-73.76711,607,28.6,28.5,22.4,71.2,20.5,0.000,0.005,0.00,0.000,5.4,10.5,2.0,315,17,5.8,11.2,2.1,316,15,5.8,11.2,2.1,316,15,128,29.44,0.0,0,0,0,46.8,55.6,58.5,0.29,0.31,0.24
SOME,2019-11-08 07:35:00 EST,41.31037,-73.76711,607,28.8,28.6,22.6,70.2,20.3,0.000,0.005,0.00,0.000,5.3,9.1,1.8,317,20,5.7,9.2,1.6,320,19,5.7,9.2,1.6,320,19,138,29.44,0.0,0,0,0,46.8,55.6,58.5,0.29,0.31,0.24
SOME,2019-11-08 07:40:00 EST,41.31037,-73.76711,607,29.0,28.7,23.7,70.8,20.7,0.000,0.005,0.00,0.000,4.4,9.5,2.1,319,25,4.9,9.7,2.0,321,25,4.9,9.7,2.0,321,25,164,29.44,0.0,0,0,0,46.8,55.6,58.5,0.29,0.31,0.24
SOME,2019-11-08 07:45:00 EST,41.31037,-73.76711,607,29.4,29.0,24.4,69.3,20.6,0.000,0.005,0.00,0.000,4.3,10.3,1.8,312,22,4.7,13.2,2.1,313,21,4.7,13.2,2.1,313,21,210,29.44,0.0,0,0,0,46.8,55.6,58.5,0.29,0.31,0.24
SOME,2019-11-08 07:50:00 EST,41.31037,-73.76711,607,30.0,29.5,26.0,69.3,21.1,0.000,0.005,0.00,0.000,3.3,6.8,1.2,321,36,3.8,8.6,1.2,324,34,3.8,8.6,1.2,324,34,218,29.44,0.0,0,0,0,46.6,55.6,58.5,0.29,0.31,0.24
SOME,2019-11-08 07:55:00 EST,41.31037,-73.76711,607,30.1,29.5,26.7,68.8,21.1,0.000,0.005,0.00,0.000,3.1,5.8,1.0,316,24,3.4,6.6,1.0,316,24,3.4,6.6,1.0,316,24,141,29.44,0.1,0,0,0,46.6,55.6,58.5,0.29,0.31,0.24
SOME,2019-11-08 08:00:00 EST,41.31037,-73.76711,607,29.9,29.5,26.5,69.1,21.0,0.000,0.005,0.00,0.000,3.1,6.3,1.1,315,18,3.3,6.3,1.2,317,19,3.3,6.3,1.2,317,19,76,29.44,-0.0,0,0,0,46.6,55.6,58.5,0.29,0.31,0.24
SOME,2019-11-08 08:05:00 EST,41.31037,-73.76711,607,29.7,29.4,26.6,69.5,20.9,0.000,0.005,0.00,0.000,2.7,5.7,1.0,289,30,3.1,6.5,1.1,292,31,3.1,6.5,1.1,292,31,91,29.44,0.0,0,0,0,46.6,55.6,58.5,0.29,0.31,0.24
SOME,2019-11-08 08:10:00 EST,41.31037,-73.76711,607,30.3,29.9,30.3,68.5,21.1,0.000,0.005,0.00,0.000,1.9,4.1,1.2,311,28,2.3,4.7,0.9,314,30,2.3,4.7,0.9,314,30,200,29.44,0.0,0,0,0,46.5,55.6,58.5,0.29,0.31,0.24
SOME,2019-11-08 08:15:00 EST,41.31037,-73.76711,607,30.6,30.2,26.1,67.5,21.2,0.000,0.005,0.00,0.000,3.9,6.7,1.2,285,26,4.4,8.3,1.5,287,26,4.4,8.3,1.5,287,26,209,29.44,-0.0,0,0,0,46.4,55.6,58.5,0.29,0.31,0.24
SOME,2019-11-08 08:20:00 EST,41.31037,-73.76711,607,30.8,30.3,25.5,66.1,20.8,0.000,0.005,0.00,0.000,4.4,8.9,2.1,313,33,5.1,9.8,2.2,314,35,5.1,9.8,2.2,314,35,220,29.44,-0.0,0,0,0,46.4,55.6,58.5,0.29,0.31,0.24
SOME,2019-11-08 08:25:00 EST,41.31037,-73.76711,607,31.0,30.5,25.6,65.2,20.7,0.000,0.005,0.00,0.000,4.6,10.9,2.3,283,22,5.2,11.4,2.4,284,22,5.2,11.4,2.4,284,22,233,29.44,0.1,0,0,0,46.4,55.6,58.5,0.29,0.31,0.24
SOME,2019-11-08 08:30:00 EST,41.31037,-73.76711,607,30.9,30.5,25.9,65.0,20.6,0.000,0.005,0.00,0.000,4.5,8.6,2.0,296,24,4.9,9.5,2.0,295,23,4.9,9.5,2.0,295,23,157,29.44,-0.0,0,0,0,46.4,55.6,58.5,0.29,0.31,0.24
SOME,2019-11-08 08:35:00 EST,41.31037,-73.76711,607,31.3,30.7,25.4,65.0,20.9,0.000,0.005,0.00,0.000,5.3,11.1,2.3,298,28,6.0,13.5,2.5,297,27,6.0,13.5,2.5,297,27,243,29.44,-0.0,0,0,0,46.4,55.6,58.5,0.29,0.31,0.24
SOME,2019-11-08 08:40:00 EST,41.31037,-73.76711,607,31.4,31.0,24.0,65.3,21.1,0.000,0.005,0.00,0.000,7.8,19.4,3.6,299,31,8.3,21.9,3.9,300,33,8.3,21.9,3.9,300,33,232,29.44,0.1,0,0,0,46.4,55.6,58.5,0.29,0.31,0.24
SOME,2019-11-08 08:45:00 EST,41.31037,-73.76711,607,31.9,31.3,26.2,65.4,21.6,0.000,0.005,0.00,0.000,5.5,11.8,2.6,310,18,5.8,11.7,2.4,311,18,5.8,11.7,2.4,311,18,295,29.44,0.0,0,0,0,46.3,55.6,58.5,0.29,0.31,0.24
SOME,2019-11-08 08:50:00 EST,41.31037,-73.76711,607,32.4,31.7,26.9,65.2,22.0,0.000,0.005,0.00,0.000,5.5,11.6,2.3,310,20,5.8,15.2,2.5,311,21,5.8,15.2,2.5,311,21,368,29.44,0.0,0,0,0,46.0,55.6,58.5,0.29,0.31,0.24
SOME,2019-11-08 08:55:00 EST,41.31037,-73.76711,607,32.0,31.5,25.1,64.8,21.5,0.000,0.005,0.00,0.000,7.5,16.9,3.1,317,22,7.7,13.6,2.6,319,23,7.7,13.6,2.6,319,23,252,29.44,-0.0,0,0,0,46.0,55.6,58.5,0.29,0.31,0.24
SOME,2019-11-08 09:00:00 EST,41.31037,-73.76711,607,31.9,31.4,24.9,64.8,21.4,0.000,0.005,0.00,0.000,7.2,12.4,2.2,316,27,7.6,14.8,2.5,317,25,7.6,14.8,2.5,317,25,231,29.44,-0.0,0,0,0,46.0,55.6,58.5,0.29,0.31,0.24
SOME,2019-11-08 09:05:00 EST,41.31037,-73.76711,607,32.0,31.5,23.8,65.1,21.6,0.000,0.005,0.00,0.000,9.4,18.7,3.2,316,25,9.9,19.7,3.2,317,25,9.9,19.7,3.2,317,25,334,29.44,0.0,0,0,0,46.0,55.6,58.5,0.29,0.31,0.24
SOME,2019-11-08 09:10:00 EST,41.31037,-73.76711,607,32.6,32.0,25.4,64.3,21.9,0.000,0.005,0.00,0.000,7.6,14.9,2.7,301,22,8.3,16.5,2.9,300,22,8.3,16.5,2.9,300,22,324,29.44,-0.1,0,0,0,46.0,55.6,58.5,0.29,0.31,0.24
SOME,2019-11-08 09:15:00 EST,41.31037,-73.76711,607,32.4,31.9,25.9,63.0,21.2,0.000,0.005,0.00,0.000,6.7,12.8,2.2,319,27,7.2,15.2,2.4,321,25,7.2,15.2,2.4,321,25,336,29.44,0.1,0,0,0,46.0,55.6,58.5,0.29,0.31,0.24
SOME,2019-11-08 09:20:00 EST,41.31037,-73.76711,607,32.9,32.3,25.6,61.2,21.0,0.000,0.005,0.00,0.000,8.0,15.6,3.1,318,25,8.5,16.8,3.2,322,25,8.5,16.8,3.2,322,25,362,29.44,-0.0,0,0,0,46.0,55.6,58.5,0.29,0.31,0.24
SOME,2019-11-08 09:25:00 EST,41.31037,-73.76711,607,32.8,32.3,25.9,60.5,20.6,0.000,0.005,0.00,0.000,6.9,17.0,3.6,310,25,7.9,17.8,3.6,312,26,7.9,17.8,3.6,312,26,351,29.44,0.0,0,0,0,46.0,55.6,58.5,0.29,0.31,0.24
SOME,2019-11-08 09:30:00 EST,41.31037,-73.76711,607,33.0,32.4,26.4,61.0,21.0,0.000,0.005,0.00,0.000,6.9,14.8,2.5,328,25,7.4,14.6,2.5,328,24,7.4,14.6,2.5,328,24,260,29.44,-0.1,0,0,0,45.9,55.6,58.5,0.29,0.31,0.24
SOME,2019-11-08 09:35:00 EST,41.31037,-73.76711,607,32.4,32.0,24.3,59.3,19.7,0.000,0.005,0.00,0.000,9.1,18.2,3.7,320,25,9.8,18.8,4.1,321,23,9.8,18.8,4.1,321,23,132,29.44,-0.1,0,0,0,45.9,55.6,58.5,0.29,0.31,0.24
SOME,2019-11-08 09:40:00 EST,41.31037,-73.76711,607,31.9,31.6,23.6,60.4,19.7,0.000,0.005,0.00,0.000,9.1,16.0,3.3,315,24,9.9,17.6,3.4,317,22,9.9,17.6,3.4,317,22,114,29.44,0.0,0,0,0,45.9,55.6,58.5,0.29,0.31,0.24
SOME,2019-11-08 09:45:00 EST,41.31037,-73.76711,607,31.8,31.6,23.3,62.5,20.4,0.000,0.005,0.00,0.000,9.8,20.8,4.2,320,24,10.3,20.4,4.0,321,23,10.3,20.4,4.0,321,23,105,29.44,-0.0,0,0,0,45.9,55.6,58.5,0.29,0.31,0.24
SOME,2019-11-08 09:50:00 EST,41.31037,-73.76711,607,31.7,31.5,23.3,61.0,19.8,0.000,0.005,0.00,0.000,9.3,20.5,3.8,329,22,10.0,21.4,3.7,331,21,10.0,21.4,3.7,331,21,112,29.44,-0.0,0,0,0,45.9,55.6,58.5,0.29,0.31,0.24
SOME,2019-11-08 09:55:00 EST,41.31037,-73.76711,607,31.5,31.3,22.3,59.3,18.9,0.000,0.005,0.00,0.000,11.5,19.6,3.5,321,21,11.8,21.1,3.5,323,17,11.8,21.1,3.5,323,17,100,29.44,0.0,0,0,0,45.9,55.6,58.5,0.29,0.31,0.24
SOME,2019-11-08 10:00:00 EST,41.31037,-73.76711,607,31.7,31.4,23.3,59.1,19.0,0.000,0.005,0.00,0.000,9.4,22.6,5.1,308,24,10.1,22.7,5.0,310,24,10.1,22.7,5.0,310,24,174,29.45,0.1,0,0,0,45.9,55.6,58.5,0.29,0.31,0.24
SOME,2019-11-08 10:05:00 EST,41.31037,-73.76711,607,32.7,32.1,23.8,58.2,19.6,0.000,0.005,0.00,0.000,11.4,22.1,4.6,312,21,11.5,23.4,4.3,312,20,11.5,23.4,4.3,312,20,441,29.45,0.1,0,0,0,45.9,55.6,58.5,0.29,0.31,0.24
SOME,2019-11-08 10:10:00 EST,41.31037,-73.76711,607,33.5,32.6,24.0,54.1,18.6,0.000,0.005,0.00,0.000,13.3,24.8,4.3,316,23,13.6,23.9,4.0,318,20,13.6,23.9,4.0,318,20,500,29.45,0.0,0,0,0,45.9,55.6,58.5,0.29,0.31,0.24
SOME,2019-11-08 10:15:00 EST,41.31037,-73.76711,607,33.3,32.5,23.7,52.0,17.5,0.000,0.005,0.00,0.000,13.1,23.3,4.6,307,24,13.7,24.0,4.3,307,23,13.7,24.0,4.3,307,23,417,29.45,0.1,0,0,0,45.9,55.6,58.5,0.29,0.31,0.24
SOME,2019-11-08 10:20:00 EST,41.31037,-73.76711,607,33.1,32.5,23.9,49.8,16.4,0.000,0.005,0.00,0.000,12.3,21.0,4.2,311,20,12.7,20.7,4.0,313,20,12.7,20.7,4.0,313,20,400,29.45,0.1,0,0,0,45.9,55.6,58.5,0.29,0.31,0.24
SOME,2019-11-08 10:25:00 EST,41.31037,-73.76711,607,33.6,32.8,25.2,50.2,17.0,0.000,0.005,0.00,0.000,10.6,24.9,4.1,308,27,11.0,25.3,4.0,310,22,11.0,25.3,4.0,310,22,537,29.46,0.2,0,0,0,45.9,55.6,58.5,0.29,0.31,0.24
SOME,2019-11-08 10:30:00 EST,41.31037,-73.76711,607,34.0,33.0,25.3,48.8,16.8,0.000,0.005,0.00,0.000,11.1,29.4,5.6,322,22,12.1,33.3,5.9,317,21,12.1,33.3,5.9,317,21,552,29.46,0.2,0,0,0,45.8,55.5,58.5,0.29,0.31,0.24
SOME,2019-11-08 10:35:00 EST,41.31037,-73.76711,607,34.1,33.0,24.5,47.5,16.2,0.000,0.005,0.00,0.000,13.4,27.1,5.7,303,27,14.2,28.6,5.6,302,21,14.2,28.6,5.6,302,21,567,29.46,-0.1,0,0,0,45.7,55.5,58.5,0.29,0.31,0.24
SOME,2019-11-08 10:40:00 EST,41.31037,-73.76711,607,33.8,32.9,24.8,47.0,15.7,0.000,0.005,0.00,0.000,12.4,22.6,4.3,310,22,12.6,21.4,4.2,311,22,12.6,21.4,4.2,311,22,561,29.46,0.2,0,0,0,45.8,55.5,58.5,0.29,0.31,0.24
SOME,2019-11-08 10:45:00 EST,41.31037,-73.76711,607,34.1,33.1,25.3,47.2,16.0,0.000,0.005,0.00,0.000,11.5,26.3,4.4,314,22,12.1,27.4,4.4,311,19,12.1,27.4,4.4,311,19,544,29.46,0.0,0,0,0,45.7,55.4,58.5,0.29,0.31,0.24
SOME,2019-11-08 10:50:00 EST,41.31037,-73.76711,607,33.8,32.9,24.6,46.6,15.5,0.000,0.005,0.00,0.000,13.0,31.1,4.6,314,20,13.1,36.2,4.7,315,16,13.1,36.2,4.7,315,16,548,29.46,0.1,0,0,0,45.8,55.4,58.5,0.29,0.31,0.24
SOME,2019-11-08 10:55:00 EST,41.31037,-73.76711,607,34.2,33.2,25.5,48.0,16.5,0.000,0.005,0.00,0.000,11.3,26.8,5.0,309,22,11.9,27.5,5.0,313,20,11.9,27.5,5.0,313,20,525,29.46,-0.1,0,0,0,45.8,55.4,58.5,0.29,0.31,0.24
SOME,2019-11-08 11:00:00 EST,41.31037,-73.76711,607,33.4,32.7,23.2,46.2,14.9,0.000,0.005,0.00,0.000,15.5,26.3,4.7,320,17,15.6,28.8,4.6,319,17,15.6,28.8,4.6,319,17,354,29.46,0.0,0,0,0,45.8,55.4,58.5,0.29,0.31,0.24
SOME,2019-11-08 11:05:00 EST,41.31037,-73.76711,607,33.4,32.7,23.5,46.8,15.2,0.000,0.005,0.00,0.000,14.0,27.7,5.0,324,22,14.5,28.9,4.9,325,21,14.5,28.9,4.9,325,21,445,29.45,0.2,0,0,0,45.9,55.4,58.5,0.29,0.31,0.24
SOME,2019-11-08 11:10:00 EST,41.31037,-73.76711,607,33.6,32.8,24.2,45.5,14.8,0.000,0.005,0.00,0.000,13.1,21.8,3.9,315,22,13.6,23.6,4.1,317,21,13.6,23.6,4.1,317,21,470,29.46,0.2,0,0,0,45.9,55.4,58.5,0.29,0.31,0.24
SOME,2019-11-08 11:15:00 EST,41.31037,-73.76711,607,34.5,33.3,26.8,45.8,15.7,0.000,0.005,0.00,0.000,9.9,17.9,3.9,326,24,10.1,21.2,3.8,328,19,10.1,21.2,3.8,328,19,640,29.46,0.4,0,0,0,45.9,55.4,58.5,0.29,0.31,0.24
SOME,2019-11-08 11:20:00 EST,41.31037,-73.76711,607,34.5,33.4,27.3,48.5,17.1,0.000,0.005,0.00,0.000,8.4,16.5,3.4,347,25,9.0,17.6,3.7,348,22,9.0,17.6,3.7,348,22,482,29.46,0.2,0,0,0,45.9,55.4,58.5,0.29,0.31,0.24
SOME,2019-11-08 11:25:00 EST,41.31037,-73.76711,607,34.2,33.1,26.7,49.3,17.2,0.000,0.005,0.00,0.000,8.6,15.9,3.4,324,22,9.6,16.2,3.2,327,20,9.6,16.2,3.2,327,20,360,29.46,0.1,0,0,0,45.9,55.4,58.5,0.29,0.31,0.24
SOME,2019-11-08 11:30:00 EST,41.31037,-73.76711,607,33.3,32.6,25.4,49.2,16.3,0.000,0.005,0.00,0.000,9.0,15.8,3.2,331,22,9.9,17.7,3.2,333,18,9.9,17.7,3.2,333,18,214,29.46,-0.0,0,0,0,45.9,55.4,58.5,0.29,0.31,0.24
SOME,2019-11-08 11:35:00 EST,41.31037,-73.76711,607,32.9,32.2,24.7,49.6,16.1,0.000,0.005,0.00,0.000,9.5,21.6,3.8,329,23,10.2,21.7,3.5,331,21,10.2,21.7,3.5,331,21,286,29.46,0.0,0,0,0,45.9,55.4,58.5,0.29,0.31,0.24
SOME,2019-11-08 11:40:00 EST,41.31037,-73.76711,607,33.5,32.6,24.0,48.4,16.1,0.000,0.005,0.00,0.000,13.6,19.5,3.1,317,20,13.5,24.9,3.3,318,18,13.5,24.9,3.3,318,18,577,29.45,0.2,0,0,0,45.9,55.4,58.5,0.29,0.31,0.24
SOME,2019-11-08 11:45:00 EST,41.31037,-73.76711,607,33.9,32.8,25.7,47.7,16.1,0.000,0.005,0.00,0.000,10.2,20.5,4.4,316,24,10.9,19.2,4.1,314,23,10.9,19.2,4.1,314,23,569,29.46,0.4,0,0,0,46.0,55.4,58.5,0.29,0.31,0.24
SOME,2019-11-08 11:50:00 EST,41.31037,-73.76711,607,34.4,33.4,26.2,46.3,15.9,0.000,0.005,0.00,0.000,10.5,20.8,3.7,318,22,11.2,20.1,3.6,319,22,11.2,20.1,3.6,319,22,570,29.45,0.2,0,0,0,46.0,55.4,58.5,0.29,0.31,0.24
SOME,2019-11-08 11:55:00 EST,41.31037,-73.76711,607,34.7,33.6,25.9,44.0,15.0,0.000,0.005,0.00,0.000,11.5,22.8,5.2,316,23,12.5,25.1,4.8,314,24,12.5,25.1,4.8,314,24,576,29.45,0.0,0,0,0,46.0,55.4,58.5,0.29,0.31,0.24
SOME,2019-11-08 12:00:00 EST,41.31037,-73.76711,607,34.4,33.3,24.9,40.6,12.9,0.000,0.005,0.00,0.000,14.0,27.7,5.3,310,20,14.4,31.1,5.0,310,17,14.4,31.1,5.0,310,17,581,29.45,0.1,0,0,0,46.0,55.4,58.5,0.29,0.31,0.24
SOME,2019-11-08 12:05:00 EST,41.31037,-73.76711,607,34.6,33.4,25.7,41.2,13.4,0.000,0.005,0.00,0.000,12.2,20.5,3.8,322,22,12.7,20.8,3.7,321,22,12.7,20.8,3.7,321,22,586,29.45,0.1,0,0,0,46.0,55.4,58.5,0.29,0.31,0.24
SOME,2019-11-08 12:10:00 EST,41.31037,-73.76711,607,34.9,33.7,27.1,41.5,13.8,0.000,0.005,0.00,0.000,10.1,21.6,4.5,313,23,10.5,20.0,4.5,313,23,10.5,20.0,4.5,313,23,609,29.45,0.3,0,0,0,46.2,55.4,58.5,0.29,0.31,0.24
SOME,2019-11-08 12:15:00 EST,41.31037,-73.76711,607,35.4,34.1,26.9,40.7,13.8,0.000,0.005,0.00,0.000,11.8,23.4,3.8,318,22,12.3,25.2,3.9,317,22,12.3,25.2,3.9,317,22,575,29.45,0.4,0,0,0,46.4,55.4,58.5,0.29,0.31,0.24
SOME,2019-11-08 12:20:00 EST,41.31037,-73.76711,607,35.5,34.0,27.5,43.9,15.6,0.000,0.005,0.00,0.000,10.3,17.2,3.3,337,24,11.1,19.8,3.6,339,24,11.1,19.8,3.6,339,24,487,29.45,0.1,0,0,0,46.4,55.4,58.5,0.29,0.31,0.24
SOME,2019-11-08 12:25:00 EST,41.31037,-73.76711,607,34.8,33.5,26.8,44.0,15.1,0.000,0.005,0.00,0.000,10.1,23.1,4.3,333,29,10.8,22.4,4.2,334,23,10.8,22.4,4.2,334,23,558,29.45,0.1,0,0,0,46.4,55.4,58.5,0.29,0.31,0.24
SOME,2019-11-08 12:30:00 EST,41.31037,-73.76711,607,34.0,33.1,24.8,42.5,13.6,0.000,0.005,0.00,0.000,13.1,21.4,3.8,329,19,13.3,22.2,3.4,330,18,13.3,22.2,3.4,330,18,370,29.45,-0.1,0,0,0,46.4,55.4,58.5,0.29,0.31,0.24
SOME,2019-11-08 12:35:00 EST,41.31037,-73.76711,607,33.4,32.6,24.6,43.5,13.6,0.000,0.005,0.00,0.000,11.5,21.0,4.6,326,20,12.0,23.3,4.4,328,20,12.0,23.3,4.4,328,20,465,29.45,0.1,0,0,0,46.5,55.4,58.5,0.29,0.31,0.24
SOME,2019-11-08 12:40:00 EST,41.31037,-73.76711,607,34.3,33.3,27.1,42.6,13.9,0.000,0.005,0.00,0.000,8.7,16.7,3.2,323,21,9.1,18.6,3.1,325,19,9.1,18.6,3.1,325,19,539,29.45,0.0,0,0,0,46.6,55.4,58.5,0.29,0.31,0.24
SOME,2019-11-08 12:45:00 EST,41.31037,-73.76711,607,34.9,33.6,28.2,42.6,14.4,0.000,0.005,0.00,0.000,7.9,15.5,2.8,326,25,8.3,15.0,2.9,328,22,8.3,15.0,2.9,328,22,536,29.45,0.2,0,0,0,46.6,55.4,58.5,0.29,0.31,0.24
SOME,2019-11-08 12:50:00 EST,41.31037,-73.76711,607,35.1,33.8,28.2,41.5,14.0,0.000,0.005,0.00,0.000,8.2,21.1,3.7,323,22,8.6,23.1,3.4,325,22,8.6,23.1,3.4,325,22,558,29.45,-0.0,0,0,0,46.6,55.4,58.5,0.29,0.31,0.24
SOME,2019-11-08 12:55:00 EST,41.31037,-73.76711,607,34.6,33.5,27.1,40.3,12.9,0.000,0.005,0.00,0.000,9.5,16.2,3.2,332,22,9.8,16.7,2.9,333,19,9.8,16.7,2.9,333,19,576,29.45,0.3,0,0,0,46.7,55.4,58.5,0.29,0.31,0.25
SOME,2019-11-08 13:00:00 EST,41.31037,-73.76711,607,35.0,33.8,26.7,40.4,13.3,0.000,0.005,0.00,0.000,10.7,20.2,3.5,338,23,11.6,21.2,3.6,340,22,11.6,21.2,3.6,340,22,525,29.45,0.0,0,0,0,46.8,55.4,58.5,0.29,0.31,0.24
SOME,2019-11-08 13:05:00 EST,41.31037,-73.76711,607,34.0,32.9,26.9,41.1,12.8,0.000,0.005,0.00,0.000,7.8,14.5,3.2,333,29,8.6,16.9,3.3,335,27,8.6,16.9,3.3,335,27,318,29.46,0.2,0,0,0,46.8,55.4,58.5,0.29,0.31,0.25
SOME,2019-11-08 13:10:00 EST,41.31037,-73.76711,607,33.9,33.0,26.1,40.0,12.1,0.000,0.005,0.00,0.000,9.3,22.7,4.5,335,25,10.1,21.6,4.5,336,19,10.1,21.6,4.5,336,19,326,29.46,0.1,0,0,0,46.8,55.4,58.5,0.29,0.31,0.25
SOME,2019-11-08 13:15:00 EST,41.31037,-73.76711,607,34.1,33.0,25.7,40.3,12.4,0.000,0.005,0.00,0.000,10.7,23.7,5.1,328,26,11.4,23.6,4.7,330,23,11.4,23.6,4.7,330,23,395,29.46,-0.1,0,0,0,46.8,55.4,58.5,0.29,0.31,0.24
SOME,2019-11-08 13:20:00 EST,41.31037,-73.76711,607,34.1,32.8,26.4,40.5,12.5,0.000,0.005,0.00,0.000,8.9,17.9,2.6,341,28,9.7,20.8,3.0,345,23,9.7,20.8,3.0,345,23,477,29.46,0.0,0,0,0,46.9,55.4,58.5,0.29,0.31,0.24
SOME,2019-11-08 13:25:00 EST,41.31037,-73.76711,607,35.0,33.5,27.3,39.9,13.0,0.000,0.005,0.00,0.000,9.2,18.9,4.1,339,23,10.1,21.3,3.9,338,18,10.1,21.3,3.9,338,18,499,29.46,0.0,0,0,0,46.9,55.4,58.4,0.29,0.31,0.24
SOME,2019-11-08 13:30:00 EST,41.31037,-73.76711,607,34.9,33.6,27.1,37.6,11.6,0.000,0.005,0.00,0.000,9.8,21.3,4.2,327,28,10.5,21.4,3.9,331,22,10.5,21.4,3.9,331,22,517,29.46,0.0,0,0,0,46.9,55.4,58.5,0.29,0.31,0.25
SOME,2019-11-08 13:35:00 EST,41.31037,-73.76711,607,34.2,33.2,24.9,36.6,10.4,0.000,0.005,0.00,0.000,12.9,22.7,3.7,326,21,13.7,23.3,3.8,329,20,13.7,23.3,3.8,329,20,303,29.46,-0.0,0,0,0,46.9,55.4,58.4,0.29,0.31,0.24
SOME,2019-11-08 13:40:00 EST,41.31037,-73.76711,607,33.9,32.9,25.9,36.9,10.3,0.000,0.005,0.00,0.000,10.1,17.8,3.0,326,20,10.6,18.2,3.0,326,17,10.6,18.2,3.0,326,17,391,29.46,0.1,0,0,0,47.1,55.4,58.5,0.29,0.31,0.24
SOME,2019-11-08 13:45:00 EST,41.31037,-73.76711,607,35.0,33.5,29.2,38.0,11.9,0.000,0.005,0.00,0.000,5.9,13.4,2.5,339,25,6.9,13.4,2.5,340,25,6.9,13.4,2.5,340,25,464,29.46,-0.0,0,0,0,47.1,55.4,58.5,0.28,0.31,0.24
SOME,2019-11-08 13:50:00 EST,41.31037,-73.76711,607,34.8,33.4,27.2,36.3,10.7,0.000,0.005,0.00,0.000,9.1,21.7,3.9,329,24,9.8,20.2,3.6,330,24,9.8,20.2,3.6,330,24,456,29.46,0.1,0,0,0,47.1,55.4,58.5,0.28,0.31,0.24
SOME,2019-11-08 13:55:00 EST,41.31037,-73.76711,607,34.9,33.6,28.1,36.7,11.0,0.000,0.005,0.00,0.000,7.6,16.4,3.3,337,28,8.5,19.4,3.6,338,27,8.5,19.4,3.6,338,27,454,29.46,0.2,0,0,0,47.1,55.4,58.5,0.28,0.31,0.25
SOME,2019-11-08 14:00:00 EST,41.31037,-73.76711,607,35.2,33.9,28.2,37.4,11.8,0.000,0.005,0.00,0.000,8.0,15.1,3.5,327,31,8.9,18.1,3.5,331,29,8.9,18.1,3.5,331,29,404,29.46,-0.1,0,0,0,47.1,55.4,58.5,0.28,0.31,0.24
SOME,2019-11-08 14:05:00 EST,41.31037,-73.76711,607,34.0,33.1,26.1,36.6,10.2,0.000,0.005,0.00,0.000,9.7,21.5,4.8,333,28,10.2,23.3,4.6,333,25,10.2,23.3,4.6,333,25,316,29.46,0.2,0,0,0,47.2,55.4,58.5,0.29,0.31,0.24
SOME,2019-11-08 14:10:00 EST,41.31037,-73.76711,607,34.6,33.4,27.6,37.8,11.4,0.000,0.005,0.00,0.000,7.7,16.3,3.5,336,21,8.6,16.5,3.7,337,18,8.6,16.5,3.7,337,18,249,29.47,-0.1,0,0,0,47.3,55.4,58.4,0.29,0.31,0.24
SOME,2019-11-08 14:15:00 EST,41.31037,-73.76711,607,33.7,32.7,26.8,38.1,10.8,0.000,0.005,0.00,0.000,7.5,14.2,3.0,338,28,8.1,15.5,3.0,341,27,8.1,15.5,3.0,341,27,337,29.47,0.2,0,0,0,47.3,55.4,58.4,0.29,0.31,0.24
SOME,2019-11-08 14:20:00 EST,41.31037,-73.76711,607,34.4,33.3,28.2,36.9,10.7,0.000,0.005,0.00,0.000,7.0,13.2,2.5,325,20,7.3,16.7,2.6,328,18,7.3,16.7,2.6,328,18,383,29.47,0.1,0,0,0,47.3,55.4,58.5,0.29,0.31,0.24
SOME,2019-11-08 14:25:00 EST,41.31037,-73.76711,607,35.1,33.9,28.9,37.5,11.8,0.000,0.005,0.00,0.000,7.0,12.9,2.4,324,24,7.6,12.3,2.4,325,22,7.6,12.3,2.4,325,22,359,29.47,0.1,0,0,0,47.3,55.4,58.4,0.29,0.31,0.24
SOME,2019-11-08 14:30:00 EST,41.31037,-73.76711,607,34.2,33.5,27.3,37.9,11.1,0.000,0.005,0.00,0.000,7.6,15.7,3.3,338,21,8.4,17.7,3.4,338,17,8.4,17.7,3.4,338,17,214,29.47,0.0,0,0,0,47.3,55.4,58.5,0.29,0.31,0.24
SOME,2019-11-08 14:35:00 EST,41.31037,-73.76711,607,33.5,32.9,24.4,37.4,10.2,0.000,0.005,0.00,0.000,12.1,23.9,4.1,336,19,12.7,22.1,4.3,337,17,12.7,22.1,4.3,337,17,177,29.47,0.0,0,0,0,47.3,55.4,58.4,0.29,0.31,0.24
SOME,2019-11-08 14:40:00 EST,41.31037,-73.76711,607,33.3,32.8,26.3,38.9,11.0,0.000,0.005,0.00,0.000,7.2,15.7,3.8,329,24,8.2,15.3,3.5,330,23,8.2,15.3,3.5,330,23,249,29.47,0.0,0,0,0,47.5,55.4,58.4,0.28,0.31,0.24
SOME,2019-11-08 14:45:00 EST,41.31037,-73.76711,607,33.7,33.1,26.8,37.5,10.5,0.000,0.005,0.00,0.000,7.6,15.9,3.4,327,24,8.2,15.4,3.2,326,21,8.2,15.4,3.2,326,21,232,29.47,0.1,0,0,0,47.5,55.4,58.3,0.28,0.31,0.24
SOME,2019-11-08 14:50:00 EST,41.31037,-73.76711,607,33.5,32.9,25.5,38.0,10.6,0.000,0.005,0.00,0.000,9.3,20.5,4.2,318,27,10.1,25.0,4.3,317,25,10.1,25.0,4.3,317,25,190,29.48,0.0,0,0,0,47.5,55.4,58.4,0.28,0.31,0.24
SOME,2019-11-08 14:55:00 EST,41.31037,-73.76711,607,32.6,32.3,24.0,38.2,9.8,0.000,0.005,0.00,0.000,10.3,22.2,3.9,323,21,10.8,20.9,3.7,324,20,10.8,20.9,3.7,324,20,68,29.48,-0.0,0,0,0,47.5,55.4,58.3,0.28,0.31,0.24
SOME,2019-11-08 15:00:00 EST,41.31037,-73.76711,607,32.4,32.1,24.3,38.6,9.9,0.000,0.005,0.00,0.000,9.5,16.4,2.9,320,18,9.7,17.4,3.0,320,16,9.7,17.4,3.0,320,16,152,29.48,0.1,0,0,0,47.5,55.4,58.4,0.28,0.31,0.24
SOME,2019-11-08 15:05:00 EST,41.31037,-73.76711,607,32.6,32.2,24.9,39.1,10.4,0.000,0.005,0.00,0.000,8.8,16.1,2.7,315,22,9.2,15.2,2.5,316,17,9.2,15.2,2.5,316,17,158,29.48,0.1,0,0,0,47.5,55.4,58.3,0.28,0.31,0.24
SOME,2019-11-08 15:10:00 EST,41.31037,-73.76711,607,32.9,32.5,26.4,39.1,10.7,0.000,0.005,0.00,0.000,7.0,15.3,3.0,320,20,7.3,15.2,3.0,320,18,7.3,15.2,3.0,320,18,174,29.49,0.1,0,0,0,47.5,55.4,58.3,0.28,0.31,0.24
SOME,2019-11-08 15:15:00 EST,41.31037,-73.76711,607,32.9,32.5,25.3,39.2,10.7,0.000,0.005,0.00,0.000,8.9,19.7,3.8,319,21,9.0,19.5,3.5,320,21,9.0,19.5,3.5,320,21,190,29.49,0.2,0,0,0,47.5,55.4,58.3,0.28,0.31,0.24
SOME,2019-11-08 15:20:00 EST,41.31037,-73.76711,607,33.5,33.0,28.2,39.7,11.6,0.000,0.005,0.00,0.000,5.5,12.9,2.9,325,24,5.8,14.0,2.9,326,25,5.8,14.0,2.9,326,25,216,29.49,0.1,0,0,0,47.5,55.4,58.3,0.28,0.31,0.24
SOME,2019-11-08 15:25:00 EST,41.31037,-73.76711,607,33.3,32.8,25.6,38.5,10.7,0.000,0.005,0.00,0.000,8.7,17.0,3.2,340,28,9.5,16.9,3.2,343,22,9.5,16.9,3.2,343,22,212,29.49,0.1,0,0,0,47.5,55.3,58.3,0.28,0.31,0.24
SOME,2019-11-08 15:30:00 EST,41.31037,-73.76711,607,32.7,32.5,27.1,39.4,10.7,0.000,0.005,0.00,0.000,5.2,11.0,2.0,330,20,6.0,10.9,2.0,332,17,6.0,10.9,2.0,332,17,80,29.49,0.1,0,0,0,47.5,55.4,58.3,0.28,0.31,0.24
SOME,2019-11-08 15:35:00 EST,41.31037,-73.76711,607,32.3,32.2,24.4,40.0,10.7,0.000,0.005,0.00,0.000,8.9,18.8,3.2,330,22,9.5,19.8,3.6,331,19,9.5,19.8,3.6,331,19,42,29.49,0.0,0,0,0,47.5,55.2,58.3,0.28,0.31,0.24
SOME,2019-11-08 15:40:00 EST,41.31037,-73.76711,607,31.9,31.9,24.7,40.5,10.6,0.000,0.005,0.00,0.000,7.8,17.4,3.3,317,25,8.2,17.4,3.4,321,20,8.2,17.4,3.4,321,20,48,29.49,0.0,0,0,0,47.5,55.4,58.3,0.28,0.31,0.24
SOME,2019-11-08 15:45:00 EST,41.31037,-73.76711,607,31.8,31.9,24.6,41.0,10.8,0.000,0.005,0.00,0.000,8.0,17.2,3.0,324,18,8.2,16.0,2.8,326,17,8.2,16.0,2.8,326,17,40,29.50,0.1,0,0,0,47.5,55.1,58.3,0.28,0.31,0.24
SOME,2019-11-08 15:50:00 EST,41.31037,-73.76711,607,31.7,31.8,24.5,41.2,10.8,0.000,0.005,0.00,0.000,7.6,16.9,3.5,321,23,8.1,20.8,3.7,323,24,8.1,20.8,3.7,323,24,43,29.50,0.1,0,0,0,47.5,55.2,58.3,0.28,0.31,0.24
SOME,2019-11-08 15:55:00 EST,41.31037,-73.76711,607,31.7,31.7,23.8,42.3,11.3,0.000,0.005,0.00,0.000,8.3,17.6,3.0,321,27,9.1,18.9,3.0,323,25,9.1,18.9,3.0,323,25,43,29.50,0.0,0,0,0,47.5,55.1,58.3,0.28,0.31,0.24
SOME,2019-11-08 16:00:00 EST,41.31037,-73.76711,607,31.6,31.7,25.4,42.3,11.3,0.000,0.005,0.00,0.000,6.2,12.6,2.7,327,22,6.6,16.1,2.9,329,21,6.6,16.1,2.9,329,21,44,29.50,0.1,0,0,0,47.5,55.3,58.3,0.28,0.31,0.24
SOME,2019-11-08 16:05:00 EST,41.31037,-73.76711,607,31.7,31.8,24.3,41.7,11.1,0.000,0.005,0.00,0.000,7.5,15.6,2.6,332,21,8.3,16.1,2.6,333,20,8.3,16.1,2.6,333,20,44,29.50,0.0,0,0,0,47.5,55.2,58.3,0.28,0.31,0.24
SOME,2019-11-08 16:10:00 EST,41.31037,-73.76711,607,31.7,31.8,24.6,41.1,10.7,0.000,0.005,0.00,0.000,7.4,14.0,2.6,328,19,7.9,15.9,2.7,327,18,7.9,15.9,2.7,327,18,44,29.50,0.0,0,0,0,47.5,55.0,58.3,0.28,0.31,0.24
SOME,2019-11-08 16:15:00 EST,41.31037,-73.76711,607,31.6,31.6,24.2,41.2,10.7,0.000,0.005,0.00,0.000,7.8,15.6,3.4,331,18,8.2,14.9,3.0,334,16,8.2,14.9,3.0,334,16,27,29.51,0.0,0,0,0,47.4,55.1,58.3,0.28,0.31,0.24
SOME,2019-11-08 16:20:00 EST,41.31037,-73.76711,607,31.3,31.5,25.2,42.4,11.1,0.000,0.005,0.00,0.000,5.8,11.3,2.3,331,27,6.3,11.9,2.1,334,24,6.3,11.9,2.1,334,24,27,29.51,0.0,0,0,0,47.3,55.0,58.3,0.28,0.31,0.24
SOME,2019-11-08 16:25:00 EST,41.31037,-73.76711,607,31.3,31.4,24.2,42.6,11.1,0.000,0.005,0.00,0.000,7.0,16.9,3.2,323,20,7.6,16.2,3.0,323,21,7.6,16.2,3.0,323,21,21,29.51,0.1,0,0,0,47.3,55.1,58.3,0.28,0.31,0.24
SOME,2019-11-08 16:30:00 EST,41.31037,-73.76711,607,31.3,31.4,23.8,43.1,11.4,0.000,0.005,0.00,0.000,7.8,15.4,3.0,307,23,8.3,17.4,3.4,308,21,8.3,17.4,3.4,308,21,19,29.51,-0.0,0,0,0,47.3,55.0,58.3,0.28,0.31,0.24
SOME,2019-11-08 16:35:00 EST,41.31037,-73.76711,607,31.1,31.2,23.1,43.4,11.4,0.000,0.005,0.00,0.000,8.7,14.3,3.0,320,21,9.1,15.9,2.8,323,21,9.1,15.9,2.8,323,21,17,29.51,0.0,0,0,0,47.3,55.0,58.3,0.28,0.31,0.24
SOME,2019-11-08 16:40:00 EST,41.31037,-73.76711,607,30.9,31.0,23.7,44.5,11.8,0.000,0.005,0.00,0.000,7.1,12.8,2.2,316,24,7.5,13.9,2.3,317,23,7.5,13.9,2.3,317,23,11,29.52,0.1,0,0,0,47.3,55.0,58.3,0.28,0.31,0.25
SOME,2019-11-08 16:45:00 EST,41.31037,-73.76711,607,30.7,30.9,23.6,45.6,12.1,0.000,0.005,0.00,0.000,6.8,14.4,2.6,328,24,7.5,13.9,2.7,330,23,7.5,13.9,2.7,330,23,7,29.52,0.1,0,0,0,47.3,55.0,58.3,0.28,0.31,0.24
SOME,2019-11-08 16:50:00 EST,41.31037,-73.76711,607,30.5,30.7,25.3,44.9,11.6,0.000,0.005,0.00,0.000,5.0,9.1,1.9,317,18,5.0,9.7,1.9,319,19,5.0,9.7,1.9,319,19,4,29.52,-0.1,0,0,0,47.3,55.0,58.3,0.28,0.31,0.25
SOME,2019-11-08 16:55:00 EST,41.31037,-73.76711,607,30.2,30.7,23.9,45.7,11.8,0.000,0.005,0.00,0.000,5.9,10.0,1.7,312,18,6.3,11.0,1.7,312,19,6.3,11.0,1.7,312,19,2,29.52,0.1,0,0,0,47.3,55.0,58.3,0.28,0.31,0.24
SOME,2019-11-08 17:00:00 EST,41.31037,-73.76711,607,30.1,30.5,23.6,45.2,11.4,0.000,0.005,0.00,0.000,6.0,13.5,2.7,322,17,6.4,14.4,2.8,322,16,6.4,14.4,2.8,322,16,1,29.53,0.1,0,0,0,47.2,55.0,58.3,0.28,0.31,0.25
SOME,2019-11-08 17:05:00 EST,41.31037,-73.76711,607,30.2,30.4,24.0,43.7,10.7,0.000,0.005,0.00,0.000,5.6,10.9,2.4,322,19,6.1,11.7,2.3,323,18,6.1,11.7,2.3,323,18,0,29.53,0.0,0,0,0,47.1,55.0,58.3,0.28,0.31,0.24
SOME,2019-11-08 17:10:00 EST,41.31037,-73.76711,607,30.1,30.4,22.9,43.2,10.4,0.000,0.005,0.00,0.000,7.3,15.1,2.8,321,19,7.6,14.2,2.7,321,19,7.6,14.2,2.7,321,19,0,29.53,0.0,0,0,0,47.1,55.0,58.3,0.28,0.31,0.25
SOME,2019-11-08 17:15:00 EST,41.31037,-73.76711,607,30.1,30.4,21.6,43.8,10.7,0.000,0.005,0.00,0.000,8.8,16.3,2.7,312,25,9.5,21.3,3.0,311,24,9.5,21.3,3.0,311,24,0,29.53,0.1,0,0,0,47.1,55.0,58.3,0.28,0.31,0.24
SOME,2019-11-08 17:20:00 EST,41.31037,-73.76711,607,30.1,30.4,21.7,42.0,9.8,0.000,0.005,0.00,0.000,8.9,15.6,2.4,321,21,9.4,15.5,2.5,325,22,9.4,15.5,2.5,325,22,0,29.53,0.0,0,0,0,47.1,55.0,58.3,0.28,0.31,0.25
SOME,2019-11-08 17:25:00 EST,41.31037,-73.76711,607,30.0,30.3,21.2,41.8,9.6,0.000,0.005,0.00,0.000,10.0,19.7,3.3,324,22,10.1,18.4,3.4,327,18,10.1,18.4,3.4,327,18,0,29.53,0.0,0,0,0,47.1,55.0,58.3,0.28,0.31,0.25
SOME,2019-11-08 17:30:00 EST,41.31037,-73.76711,607,29.9,30.1,22.2,42.8,10.0,0.000,0.005,0.00,0.000,7.8,16.5,3.5,321,19,8.2,16.9,3.1,322,19,8.2,16.9,3.1,322,19,0,29.54,0.0,0,0,0,47.1,55.0,58.3,0.28,0.31,0.25
SOME,2019-11-08 17:35:00 EST,41.31037,-73.76711,607,29.8,30.1,22.6,42.8,9.9,0.000,0.005,0.00,0.000,6.9,13.5,2.2,327,19,7.4,12.9,2.4,328,18,7.4,12.9,2.4,328,18,0,29.54,0.0,0,0,0,47.1,55.0,58.3,0.28,0.31,0.25
SOME,2019-11-08 17:40:00 EST,41.31037,-73.76711,607,29.7,30.0,22.6,43.3,10.1,0.000,0.005,0.00,0.000,7.0,13.2,2.7,324,16,7.2,12.7,2.5,326,16,7.2,12.7,2.5,326,16,0,29.54,0.0,0,0,0,46.9,55.0,58.3,0.28,0.31,0.25
SOME,2019-11-08 17:45:00 EST,41.31037,-73.76711,607,29.7,30.0,24.0,43.1,10.0,0.000,0.005,0.00,0.000,5.3,11.1,2.2,322,21,5.4,11.6,2.2,323,19,5.4,11.6,2.2,323,19,0,29.55,-0.1,0,0,0,46.9,55.0,58.3,0.28,0.31,0.25
SOME,2019-11-08 17:50:00 EST,41.31037,-73.76711,607,29.4,29.7,24.0,44.9,10.6,0.000,0.005,0.00,0.000,4.7,9.1,2.0,315,21,5.0,9.5,1.8,316,22,5.0,9.5,1.8,316,22,0,29.55,-0.0,0,0,0,46.9,55.0,58.3,0.28,0.31,0.25
SOME,2019-11-08 17:55:00 EST,41.31037,-73.76711,607,29.4,29.7,23.7,45.2,10.7,0.000,0.005,0.00,0.000,5.0,8.0,1.3,316,19,5.3,10.3,1.5,319,19,5.3,10.3,1.5,319,19,0,29.55,0.1,0,0,0,46.9,55.0,58.3,0.28,0.31,0.25
SOME,2019-11-08 18:00:00 EST,41.31037,-73.76711,607,29.2,29.6,23.4,46.5,11.2,0.000,0.005,0.00,0.000,5.1,10.2,2.2,318,21,5.3,9.4,2.1,319,20,5.3,9.4,2.1,319,20,0,29.56,0.1,0,0,0,46.9,55.0,58.3,0.28,0.31,0.25
SOME,2019-11-08 18:05:00 EST,41.31037,-73.76711,607,29.0,29.4,24.2,47.5,11.5,0.000,0.005,0.00,0.000,4.0,8.0,1.6,316,22,4.4,7.8,1.5,316,20,4.4,7.8,1.5,316,20,0,29.56,0.0,0,0,0,46.9,55.0,58.3,0.28,0.31,0.25
SOME,2019-11-08 18:10:00 EST,41.31037,-73.76711,607,29.0,29.4,22.9,48.5,11.9,0.000,0.005,0.00,0.000,5.1,13.1,2.8,308,18,5.7,14.0,2.9,309,22,5.7,14.0,2.9,309,22,0,29.56,-0.1,0,0,0,46.8,55.0,58.3,0.28,0.31,0.25
SOME,2019-11-08 18:15:00 EST,41.31037,-73.76711,607,28.8,29.2,23.6,49.2,12.1,0.000,0.005,0.00,0.000,4.5,9.8,1.4,325,20,4.7,9.7,1.5,326,18,4.7,9.7,1.5,326,18,0,29.57,-0.1,0,0,0,46.8,55.0,58.3,0.28,0.31,0.25
SOME,2019-11-08 18:20:00 EST,41.31037,-73.76711,607,28.7,29.2,23.2,48.8,11.8,0.000,0.005,0.00,0.000,4.5,9.2,1.7,316,22,5.0,10.4,1.7,319,23,5.0,10.4,1.7,319,23,0,29.57,-0.0,0,0,0,46.8,55.0,58.3,0.28,0.31,0.25
SOME,2019-11-08 18:25:00 EST,41.31037,-73.76711,607,28.7,29.2,22.2,49.3,12.1,0.000,0.005,0.00,0.000,5.6,10.8,1.8,304,25,6.2,12.7,2.2,304,24,6.2,12.7,2.2,304,24,0,29.57,0.1,0,0,0,46.8,55.0,58.3,0.28,0.31,0.25
SOME,2019-11-08 18:30:00 EST,41.31037,-73.76711,607,28.7,29.1,22.6,49.7,12.2,0.000,0.005,0.00,0.000,4.9,10.6,1.8,311,23,5.6,9.6,1.8,309,21,5.6,9.6,1.8,309,21,0,29.57,-0.0,0,0,0,46.8,55.0,58.3,0.28,0.31,0.25
SOME,2019-11-08 18:35:00 EST,41.31037,-73.76711,607,28.5,28.9,22.8,50.6,12.4,0.000,0.005,0.00,0.000,4.7,9.2,2.1,319,19,5.1,9.6,2.1,320,21,5.1,9.6,2.1,320,21,0,29.57,0.1,0,0,0,46.6,55.0,58.3,0.28,0.31,0.25
SOME,2019-11-08 18:40:00 EST,41.31037,-73.76711,607,28.8,29.0,22.3,49.1,12.1,0.000,0.005,0.00,0.000,5.9,11.4,2.1,315,17,6.2,11.1,2.0,314,17,6.2,11.1,2.0,314,17,0,29.58,0.0,0,0,0,46.6,55.0,58.3,0.28,0.31,0.25
SOME,2019-11-08 18:45:00 EST,41.31037,-73.76711,607,28.5,28.9,22.0,50.0,12.2,0.000,0.005,0.00,0.000,5.6,11.7,1.8,312,18,6.1,12.2,2.0,313,18,6.1,12.2,2.0,313,18,0,29.58,0.1,0,0,0,46.6,55.0,58.3,0.28,0.31,0.25
SOME,2019-11-08 18:50:00 EST,41.31037,-73.76711,607,28.6,28.9,21.5,50.2,12.4,0.000,0.005,0.00,0.000,6.5,11.9,2.0,313,20,6.8,13.6,2.0,313,19,6.8,13.6,2.0,313,19,0,29.58,0.0,0,0,0,46.6,55.0,58.3,0.28,0.31,0.25
SOME,2019-11-08 18:55:00 EST,41.31037,-73.76711,607,28.4,28.8,21.8,50.5,12.4,0.000,0.005,0.00,0.000,6.1,13.1,2.4,320,19,6.2,12.6,2.2,320,15,6.2,12.6,2.2,320,15,0,29.58,0.0,0,0,0,46.6,55.0,58.3,0.28,0.31,0.25
SOME,2019-11-08 19:00:00 EST,41.31037,-73.76711,607,28.4,28.7,21.8,50.8,12.4,0.000,0.005,0.00,0.000,5.7,9.8,1.7,318,25,6.2,9.7,1.9,317,23,6.2,9.7,1.9,317,23,0,29.58,-0.0,0,0,0,46.6,55.0,58.3,0.28,0.31,0.25
SOME,2019-11-08 19:05:00 EST,41.31037,-73.76711,607,28.2,28.5,21.5,51.5,12.6,0.000,0.005,0.00,0.000,5.7,12.4,2.7,327,20,6.2,13.3,2.4,328,21,6.2,13.3,2.4,328,21,0,29.58,0.1,0,0,0,46.4,55.0,58.3,0.28,0.31,0.25
SOME,2019-11-08 19:10:00 EST,41.31037,-73.76711,607,28.1,28.5,21.6,52.0,12.7,0.000,0.005,0.00,0.000,5.7,9.5,2.1,318,17,5.9,9.8,2.1,318,16,5.9,9.8,2.1,318,16,0,29.58,0.0,0,0,0,46.4,55.0,58.3,0.28,0.31,0.25
SOME,2019-11-08 19:15:00 EST,41.31037,-73.76711,607,27.8,28.3,21.9,52.3,12.6,0.000,0.005,0.00,0.000,4.8,10.7,1.6,311,19,5.4,10.5,1.8,310,20,5.4,10.5,1.8,310,20,0,29.58,-0.0,0,0,0,46.4,55.0,58.3,0.28,0.31,0.25
SOME,2019-11-08 19:20:00 EST,41.31037,-73.76711,607,27.8,28.3,21.7,52.3,12.6,0.000,0.005,0.00,0.000,5.1,9.8,1.8,312,21,5.5,9.7,1.8,314,21,5.5,9.7,1.8,314,21,0,29.58,0.0,0,0,0,46.4,55.0,58.3,0.28,0.31,0.25
SOME,2019-11-08 19:25:00 EST,41.31037,-73.76711,607,27.8,28.3,22.4,52.0,12.5,0.000,0.005,0.00,0.000,4.2,9.6,2.0,315,23,4.8,10.4,2.1,313,21,4.8,10.4,2.1,313,21,0,29.59,-0.0,0,0,0,46.4,55.0,58.3,0.28,0.31,0.25
SOME,2019-11-08 19:30:00 EST,41.31037,-73.76711,607,27.9,28.2,27.9,52.4,12.7,0.000,0.005,0.00,0.000,2.6,5.9,1.6,328,33,2.9,6.6,1.6,329,34,2.9,6.6,1.6,329,34,0,29.59,-0.1,0,0,0,46.1,55.0,58.3,0.28,0.31,0.25
SOME,2019-11-08 19:35:00 EST,41.31037,-73.76711,607,27.6,28.1,27.6,52.8,12.6,0.000,0.005,0.00,0.000,2.4,5.7,1.1,305,15,2.7,5.6,1.1,306,14,2.7,5.6,1.1,306,14,0,29.59,-0.1,0,0,0,46.0,55.0,58.3,0.28,0.31,0.25
SOME,2019-11-08 19:40:00 EST,41.31037,-73.76711,607,27.5,28.1,22.8,53.8,13.0,0.000,0.005,0.00,0.000,3.9,7.2,1.4,300,18,4.1,7.8,1.4,303,18,4.1,7.8,1.4,303,18,0,29.60,-0.0,0,0,0,46.0,55.0,58.3,0.28,0.31,0.25
SOME,2019-11-08 19:45:00 EST,41.31037,-73.76711,607,27.3,27.9,22.3,54.6,13.1,0.000,0.005,0.00,0.000,4.1,10.0,1.6,303,18,4.2,9.4,1.7,304,16,4.2,9.4,1.7,304,16,0,29.60,0.0,0,0,0,46.0,55.0,58.3,0.28,0.31,0.25
SOME,2019-11-08 19:50:00 EST,41.31037,-73.76711,607,27.4,27.8,21.1,54.7,13.2,0.000,0.005,0.00,0.000,5.3,11.5,2.5,299,18,5.7,13.1,2.8,300,18,5.7,13.1,2.8,300,18,0,29.60,0.1,0,0,0,46.0,55.0,58.3,0.28,0.31,0.25
SOME,2019-11-08 19:55:00 EST,41.31037,-73.76711,607,27.6,27.9,20.0,54.0,13.1,0.000,0.005,0.00,0.000,6.6,11.4,2.0,302,18,7.2,11.8,2.0,301,19,7.2,11.8,2.0,301,19,0,29.60,0.1,0,0,0,46.0,55.0,58.3,0.28,0.31,0.25
SOME,2019-11-08 20:00:00 EST,41.31037,-73.76711,607,27.5,27.8,20.9,54.0,13.0,0.000,0.005,0.00,0.000,5.6,10.7,1.6,313,16,5.9,10.0,1.5,313,16,5.9,10.0,1.5,313,16,0,29.60,0.0,0,0,0,45.9,55.0,58.3,0.28,0.31,0.25
SOME,2019-11-08 20:05:00 EST,41.31037,-73.76711,607,27.4,27.8,19.3,54.0,13.0,0.000,0.005,0.00,0.000,7.8,11.0,1.5,314,18,8.0,12.7,1.7,315,17,8.0,12.7,1.7,315,17,0,29.60,0.1,0,0,0,45.9,55.0,58.3,0.28,0.31,0.25
SOME,2019-11-08 20:10:00 EST,41.31037,-73.76711,607,27.3,27.6,19.7,54.5,13.0,0.000,0.005,0.00,0.000,7.0,12.9,2.4,313,20,7.1,13.8,2.2,314,17,7.1,13.8,2.2,314,17,0,29.60,0.0,0,0,0,45.9,55.0,58.3,0.28,0.31,0.25
SOME,2019-11-08 20:15:00 EST,41.31037,-73.76711,607,27.0,27.5,19.9,55.4,13.2,0.000,0.005,0.00,0.000,6.1,12.7,2.0,314,17,6.5,12.1,2.0,315,19,6.5,12.1,2.0,315,19,0,29.60,0.0,0,0,0,45.9,55.0,58.3,0.28,0.31,0.25
SOME,2019-11-08 20:20:00 EST,41.31037,-73.76711,607,27.2,27.5,19.5,55.2,13.2,0.000,0.005,0.00,0.000,6.8,11.2,2.2,313,21,7.2,13.5,2.3,311,18,7.2,13.5,2.3,311,18,0,29.60,0.1,0,0,0,45.9,55.0,58.3,0.28,0.31,0.25
SOME,2019-11-08 20:25:00 EST,41.31037,-73.76711,607,27.1,27.4,20.8,55.1,13.1,0.000,0.005,0.00,0.000,4.9,9.5,1.6,313,21,5.5,11.3,1.6,313,17,5.5,11.3,1.6,313,17,0,29.61,0.1,0,0,0,45.9,55.0,58.3,0.28,0.31,0.25
SOME,2019-11-08 20:30:00 EST,41.31037,-73.76711,607,27.1,27.4,20.3,55.2,13.1,0.000,0.005,0.00,0.000,5.6,9.5,1.4,311,19,6.0,10.4,1.6,312,19,6.0,10.4,1.6,312,19,0,29.61,-0.1,0,0,0,45.8,55.0,58.3,0.28,0.31,0.25
SOME,2019-11-08 20:35:00 EST,41.31037,-73.76711,607,26.9,27.3,20.4,55.9,13.2,0.000,0.005,0.00,0.000,5.5,12.6,2.2,308,19,5.7,11.9,2.1,309,18,5.7,11.9,2.1,309,18,0,29.61,-0.0,0,0,0,45.7,55.0,58.3,0.28,0.31,0.24
SOME,2019-11-08 20:40:00 EST,41.31037,-73.76711,607,26.7,27.1,21.4,56.4,13.3,0.000,0.005,0.00,0.000,4.4,11.0,2.2,318,22,4.6,10.7,2.2,320,20,4.6,10.7,2.2,320,20,0,29.61,-0.0,0,0,0,45.7,55.0,58.3,0.28,0.31,0.25
SOME,2019-11-08 20:45:00 EST,41.31037,-73.76711,607,26.7,27.1,20.8,56.6,13.3,0.000,0.005,0.00,0.000,4.7,7.8,1.2,313,21,5.0,8.5,1.4,316,21,5.0,8.5,1.4,316,21,0,29.61,-0.1,0,0,0,45.7,55.0,58.3,0.28,0.31,0.25
SOME,2019-11-08 20:50:00 EST,41.31037,-73.76711,607,26.4,27.0,21.9,57.0,13.3,0.000,0.005,0.00,0.000,3.6,6.4,1.0,319,20,3.8,7.3,1.2,318,19,3.8,7.3,1.2,318,19,0,29.62,-0.2,0,0,0,45.7,55.0,58.3,0.28,0.31,0.25
SOME,2019-11-08 20:55:00 EST,41.31037,-73.76711,607,26.4,26.9,21.1,57.3,13.4,0.000,0.005,0.00,0.000,4.3,9.0,1.4,306,17,4.5,9.6,1.4,306,17,4.5,9.6,1.4,306,17,0,29.62,0.0,0,0,0,45.7,55.0,58.3,0.28,0.31,0.24
SOME,2019-11-08 21:00:00 EST,41.31037,-73.76711,607,26.1,26.7,22.2,57.9,13.3,0.000,0.005,0.00,0.000,3.0,6.4,1.0,303,21,3.3,6.7,1.2,302,20,3.3,6.7,1.2,302,20,0,29.62,-0.0,0,0,0,45.5,55.0,58.3,0.28,0.31,0.25
SOME,2019-11-08 21:05:00 EST,41.31037,-73.76711,607,25.9,26.6,21.3,58.8,13.5,0.000,0.005,0.00,0.000,3.5,6.5,1.1,308,18,3.8,7.2,1.4,307,17,3.8,7.2,1.4,307,17,0,29.62,-0.0,0,0,0,45.5,55.0,58.3,0.28,0.31,0.25
SOME,2019-11-08 21:10:00 EST,41.31037,-73.76711,607,26.0,26.5,20.8,58.6,13.5,0.000,0.005,0.00,0.000,3.9,8.0,1.5,297,20,4.3,9.0,1.7,299,19,4.3,9.0,1.7,299,19,0,29.62,0.1,0,0,0,45.5,55.0,58.3,0.28,0.31,0.24
SOME,2019-11-08 21:15:00 EST,41.31037,-73.76711,607,26.1,26.6,19.9,58.2,13.4,0.000,0.005,0.00,0.000,5.0,9.3,1.6,313,18,5.2,9.5,1.7,314,17,5.2,9.5,1.7,314,17,0,29.62,-0.0,0,0,0,45.5,55.0,58.3,0.28,0.31,0.24
SOME,2019-11-08 21:20:00 EST,41.31037,-73.76711,607,26.2,26.6,20.6,57.5,13.3,0.000,0.005,0.00,0.000,4.4,8.8,1.8,314,19,4.8,8.9,1.8,316,20,4.8,8.9,1.8,316,20,0,29.62,0.0,0,0,0,45.5,55.0,58.3,0.28,0.31,0.24
SOME,2019-11-08 21:25:00 EST,41.31037,-73.76711,607,26.0,26.4,21.0,58.4,13.4,0.000,0.005,0.00,0.000,3.7,7.1,1.5,310,25,4.1,8.4,1.5,310,24,4.1,8.4,1.5,310,24,0,29.63,-0.1,0,0,0,45.5,55.0,58.3,0.28,0.31,0.24
SOME,2019-11-08 21:30:00 EST,41.31037,-73.76711,607,25.8,26.4,20.8,59.3,13.5,0.000,0.005,0.00,0.000,3.6,6.6,1.1,305,26,4.1,7.9,1.3,304,23,4.1,7.9,1.3,304,23,0,29.63,-0.0,0,0,0,45.5,55.0,58.3,0.28,0.31,0.25
SOME,2019-11-08 21:35:00 EST,41.31037,-73.76711,607,25.9,26.2,20.5,59.1,13.5,0.000,0.005,0.00,0.000,4.2,10.2,2.2,304,20,4.4,11.7,2.3,302,18,4.4,11.7,2.3,302,18,0,29.63,0.0,0,0,0,45.3,55.0,58.3,0.28,0.31,0.25
SOME,2019-11-08 21:40:00 EST,41.31037,-73.76711,607,25.9,26.3,19.9,59.0,13.5,0.000,0.005,0.00,0.000,4.6,8.7,1.9,306,21,5.0,9.0,1.8,306,22,5.0,9.0,1.8,306,22,0,29.62,0.1,0,0,0,45.3,55.0,58.3,0.28,0.31,0.25
SOME,2019-11-08 21:45:00 EST,41.31037,-73.76711,607,25.9,26.2,19.7,58.7,13.4,0.000,0.005,0.00,0.000,4.9,11.2,2.1,303,18,5.2,12.4,2.3,302,18,5.2,12.4,2.3,302,18,0,29.63,0.0,0,0,0,45.3,55.0,58.3,0.28,0.31,0.24
SOME,2019-11-08 21:50:00 EST,41.31037,-73.76711,607,25.9,26.2,20.1,58.7,13.4,0.000,0.005,0.00,0.000,4.1,8.4,1.6,303,21,4.7,9.0,1.7,304,21,4.7,9.0,1.7,304,21,0,29.63,0.0,0,0,0,45.3,55.0,58.3,0.28,0.31,0.24
SOME,2019-11-08 21:55:00 EST,41.31037,-73.76711,607,25.7,26.2,20.4,58.8,13.3,0.000,0.005,0.00,0.000,4.0,9.6,1.9,300,19,4.4,8.5,1.9,300,20,4.4,8.5,1.9,300,20,0,29.63,-0.1,0,0,0,45.3,55.0,58.3,0.28,0.31,0.25
SOME,2019-11-08 22:00:00 EST,41.31037,-73.76711,607,25.5,26.0,20.3,60.2,13.7,0.000,0.005,0.00,0.000,3.7,9.4,2.2,313,28,4.2,10.3,2.2,314,25,4.2,10.3,2.2,314,25,0,29.63,0.1,0,0,0,45.3,55.0,58.3,0.28,0.31,0.25
SOME,2019-11-08 22:05:00 EST,41.31037,-73.76711,607,25.9,26.2,19.4,58.8,13.4,0.000,0.005,0.00,0.000,5.1,8.9,1.6,308,16,5.4,9.7,1.5,308,15,5.4,9.7,1.5,308,15,0,29.64,-0.0,0,0,0,45.2,55.0,58.3,0.28,0.31,0.25
SOME,2019-11-08 22:10:00 EST,41.31037,-73.76711,607,25.5,26.0,21.3,59.5,13.4,0.000,0.005,0.00,0.000,3.3,6.1,1.1,308,21,3.5,7.3,1.2,309,21,3.5,7.3,1.2,309,21,0,29.64,-0.1,0,0,0,45.1,54.9,58.3,0.28,0.31,0.24
SOME,2019-11-08 22:15:00 EST,41.31037,-73.76711,607,25.3,25.9,19.7,60.8,13.7,0.000,0.005,0.00,0.000,4.4,7.5,1.3,306,17,4.6,8.2,1.3,306,16,4.6,8.2,1.3,306,16,0,29.64,0.0,0,0,0,45.1,54.9,58.3,0.28,0.31,0.24
SOME,2019-11-08 22:20:00 EST,41.31037,-73.76711,607,25.2,25.8,20.4,61.0,13.6,0.000,0.005,0.00,0.000,3.6,6.2,1.1,313,20,3.8,6.8,1.3,315,21,3.8,6.8,1.3,315,21,0,29.64,0.1,0,0,0,45.1,54.9,58.3,0.28,0.31,0.25
SOME,2019-11-08 22:25:00 EST,41.31037,-73.76711,607,25.0,25.6,20.4,63.1,14.2,0.000,0.005,0.00,0.000,3.3,7.5,1.3,296,19,3.7,8.1,1.4,296,18,3.7,8.1,1.4,296,18,0,29.64,-0.0,0,0,0,45.1,54.9,58.3,0.28,0.31,0.25
SOME,2019-11-08 22:30:00 EST,41.31037,-73.76711,607,24.6,25.3,24.6,64.1,14.2,0.000,0.005,0.00,0.000,1.3,4.3,0.9,287,28,1.7,5.8,1.0,286,32,1.7,5.8,1.0,286,32,0,29.64,-0.0,0,0,0,45.1,54.9,58.3,0.28,0.31,0.24
SOME,2019-11-08 22:35:00 EST,41.31037,-73.76711,607,24.8,25.3,24.8,63.4,14.1,0.000,0.005,0.00,0.000,1.8,4.0,0.8,277,21,2.2,4.8,0.8,276,22,2.2,4.8,0.8,276,22,0,29.64,-0.1,0,0,0,45.1,54.9,58.3,0.28,0.31,0.24
SOME,2019-11-08 22:40:00 EST,41.31037,-73.76711,607,24.4,24.9,24.4,65.1,14.3,0.000,0.005,0.00,0.000,2.1,4.8,1.1,283,21,2.4,5.1,1.1,285,23,2.4,5.1,1.1,285,23,0,29.64,-0.0,0,0,0,45.0,54.9,58.3,0.28,0.31,0.25
SOME,2019-11-08 22:45:00 EST,41.31037,-73.76711,607,24.0,24.9,24.0,66.3,14.4,0.000,0.005,0.00,0.000,1.8,6.1,1.5,304,25,2.4,5.9,1.5,303,27,2.4,5.9,1.5,303,27,0,29.64,0.1,0,0,0,45.0,54.9,58.3,0.28,0.31,0.24
SOME,2019-11-08 22:50:00 EST,41.31037,-73.76711,607,24.4,24.8,24.4,65.7,14.5,0.000,0.005,0.00,0.000,1.7,4.5,1.0,290,27,2.0,5.1,1.2,288,30,2.0,5.1,1.2,288,30,0,29.64,-0.0,0,0,0,45.0,54.9,58.3,0.28,0.31,0.24
SOME,2019-11-08 22:55:00 EST,41.31037,-73.76711,607,24.0,24.9,24.0,65.7,14.2,0.000,0.005,0.00,0.000,2.5,4.9,1.3,279,22,2.9,6.3,1.3,281,24,2.9,6.3,1.3,281,24,0,29.64,-0.1,0,0,0,45.0,54.9,58.3,0.28,0.31,0.24
SOME,2019-11-08 23:00:00 EST,41.31037,-73.76711,607,23.9,24.8,19.3,69.6,15.4,0.000,0.005,0.00,0.000,3.2,6.1,0.9,279,12,3.6,7.3,1.0,277,12,3.6,7.3,1.0,277,12,0,29.64,0.0,0,0,0,45.0,54.9,58.3,0.28,0.31,0.24
SOME,2019-11-08 23:05:00 EST,41.31037,-73.76711,607,24.0,24.8,18.7,68.2,15.0,0.000,0.005,0.00,0.000,3.6,7.1,1.3,281,21,4.1,7.7,1.6,279,22,4.1,7.7,1.6,279,22,0,29.64,-0.2,0,0,0,45.0,54.9,58.3,0.28,0.31,0.25
SOME,2019-11-08 23:10:00 EST,41.31037,-73.76711,607,24.1,24.7,19.1,67.3,14.8,0.000,0.005,0.00,0.000,3.6,8.2,1.7,293,19,3.9,8.8,1.7,293,17,3.9,8.8,1.7,293,17,0,29.64,-0.0,0,0,0,45.0,54.9,58.3,0.28,0.31,0.25
SOME,2019-11-08 23:15:00 EST,41.31037,-73.76711,607,24.1,24.6,20.0,67.3,14.8,0.000,0.005,0.00,0.000,2.7,5.7,1.3,288,21,3.2,6.7,1.3,291,22,3.2,6.7,1.3,291,22,0,29.64,0.1,0,0,0,44.9,54.9,58.3,0.28,0.31,0.24
SOME,2019-11-08 23:20:00 EST,41.31037,-73.76711,607,24.2,24.8,19.5,66.8,14.8,0.000,0.005,0.00,0.000,3.4,6.6,1.1,287,19,3.7,7.0,1.2,288,18,3.7,7.0,1.2,288,18,0,29.64,-0.1,0,0,0,44.8,54.9,58.3,0.28,0.31,0.24
SOME,2019-11-08 23:25:00 EST,41.31037,-73.76711,607,24.1,24.6,24.1,65.8,14.3,0.000,0.005,0.00,0.000,2.6,4.6,1.1,300,23,2.9,5.2,1.1,301,23,2.9,5.2,1.1,301,23,0,29.64,0.0,0,0,0,44.8,54.9,58.3,0.28,0.31,0.25
SOME,2019-11-08 23:30:00 EST,41.31037,-73.76711,607,24.0,24.5,24.0,66.8,14.5,0.000,0.005,0.00,0.000,2.3,5.5,1.0,276,23,2.6,5.7,1.1,279,25,2.6,5.7,1.1,279,25,0,29.64,-0.5,0,0,0,44.8,54.9,58.3,0.28,0.31,0.24
SOME,2019-11-08 23:35:00 EST,41.31037,-73.76711,607,23.1,24.0,23.1,67.8,14.0,0.000,0.005,0.00,0.000,0.7,3.0,0.8,210,27,1.0,3.6,0.9,200,29,1.0,3.6,0.9,200,29,0,29.64,-0.1,0,0,0,44.8,54.9,58.3,0.28,0.31,0.24
SOME,2019-11-08 23:40:00 EST,41.31037,-73.76711,607,22.6,23.8,22.6,69.5,14.1,0.000,0.005,0.00,0.000,1.4,2.2,0.4,169,16,1.8,2.5,0.4,168,17,1.8,2.5,0.4,168,17,0,29.65,0.0,0,0,0,44.8,54.9,58.3,0.28,0.31,0.24
SOME,2019-11-08 23:45:00 EST,41.31037,-73.76711,607,22.8,23.8,22.8,70.2,14.5,0.000,0.005,0.00,0.000,0.8,1.6,0.5,199,26,1.1,2.0,0.5,205,33,1.1,2.0,0.5,205,33,0,29.65,-0.2,0,0,0,44.8,54.9,58.3,0.28,0.31,0.25
SOME,2019-11-08 23:50:00 EST,41.31037,-73.76711,607,23.1,24.1,23.1,70.0,14.8,0.000,0.005,0.00,0.000,0.8,2.3,0.6,285,18,1.3,3.2,0.6,283,23,1.3,3.2,0.6,283,23,0,29.65,-0.1,0,0,0,44.8,54.9,58.3,0.28,0.31,0.24
SOME,2019-11-08 23:55:00 EST,41.31037,-73.76711,607,23.5,24.2,23.5,69.9,15.1,0.000,0.005,0.00,0.000,2.2,4.5,0.9,293,17,2.4,5.0,0.9,295,18,2.4,5.0,0.9,295,18,0,29.65,-0.2,0,0,0,44.6,54.9,58.3,0.28,0.31,0.25
SOUT,2019-11-08 00:00:00 EST,41.04008,-72.46587,29,41.1,41.2,32.0,79.4,35.2,0.000,,0.00,0.000,17.4,24.8,4.3,349,14,19.8,29.4,4.6,354,6,19.8,29.4,4.6,354,6,0,29.93,,0,0,0,51.1,53.8,54.9,0.31,0.17,0.18
SOUT,2019-11-08 00:05:00 EST,41.04008,-72.46587,29,41.1,41.2,32.7,78.6,35.0,0.000,0.000,0.00,0.000,15.4,22.4,3.2,348,12,17.0,26.3,3.6,356,9,17.0,26.3,3.6,356,9,0,29.93,,0,0,0,51.1,53.8,54.9,0.31,0.17,0.18
SOUT,2019-11-08 00:10:00 EST,41.04008,-72.46587,29,41.1,41.2,32.7,78.2,34.8,0.000,0.000,0.00,0.000,15.6,24.0,3.5,349,18,17.1,27.1,3.8,356,8,17.1,27.1,3.8,356,8,0,29.94,,0,0,0,50.9,53.8,54.9,0.31,0.17,0.18
SOUT,2019-11-08 00:15:00 EST,41.04008,-72.46587,29,41.2,41.3,32.6,77.7,34.8,0.000,0.000,0.00,0.000,16.3,23.3,2.7,342,15,17.8,24.5,3.0,350,8,17.8,24.5,3.0,350,8,0,29.93,,0,0,0,50.7,53.8,54.9,0.31,0.17,0.18
SOUT,2019-11-08 00:20:00 EST,41.04008,-72.46587,29,41.2,41.2,32.8,76.5,34.4,0.000,0.000,0.00,0.000,15.7,21.8,3.0,346,11,17.1,24.2,3.3,353,8,17.1,24.2,3.3,353,8,0,29.93,,0,0,0,50.7,53.8,54.9,0.31,0.17,0.18
SOUT,2019-11-08 00:25:00 EST,41.04008,-72.46587,29,41.0,41.0,32.3,74.8,33.6,0.000,0.000,0.00,0.000,16.4,24.2,3.5,346,11,18.2,26.2,3.7,354,8,18.2,26.2,3.7,354,8,0,29.93,,0,0,0,50.7,53.8,54.9,0.31,0.17,0.18
SOUT,2019-11-08 00:30:00 EST,41.04008,-72.46587,29,41.0,41.0,31.8,74.4,33.5,0.000,0.000,0.00,0.000,18.0,26.7,3.5,345,14,19.8,32.6,4.1,352,9,19.8,32.6,4.1,352,9,0,29.93,,0,0,0,50.6,53.8,54.9,0.31,0.17,0.18
SOUT,2019-11-08 00:35:00 EST,41.04008,-72.46587,29,40.8,40.8,31.7,74.1,33.2,0.000,0.000,0.00,0.000,17.6,26.1,4.1,341,10,19.2,28.8,4.2,349,9,19.2,28.8,4.2,349,9,0,29.93,,0,0,0,50.5,53.8,54.9,0.31,0.17,0.18
SOUT,2019-11-08 00:40:00 EST,41.04008,-72.46587,29,40.8,40.8,32.1,75.2,33.5,0.000,0.000,0.00,0.000,16.1,25.4,3.6,343,11,17.7,26.1,4.0,350,9,17.7,26.1,4.0,350,9,0,29.93,,0,0,0,50.5,53.8,54.9,0.31,0.17,0.18
SOUT,2019-11-08 00:45:00 EST,41.04008,-72.46587,29,40.7,40.7,31.7,74.9,33.3,0.000,0.000,0.00,0.000,16.7,24.6,3.6,347,15,18.8,30.3,4.1,354,8,18.8,30.3,4.1,354,8,0,29.93,,0,0,0,50.5,53.8,54.9,0.31,0.17,0.18
SOUT,2019-11-08 00:50:00 EST,41.04008,-72.46587,29,40.6,40.6,32.1,75.7,33.5,0.000,0.000,0.00,0.000,15.3,24.8,3.4,343,16,16.8,24.6,3.6,350,10,16.8,24.6,3.6,350,10,0,29.93,,0,0,0,50.5,53.8,54.9,0.31,0.17,0.18
SOUT,2019-11-08 00:55:00 EST,41.04008,-72.46587,29,40.4,40.5,31.0,74.9,33.1,0.000,0.000,0.00,0.000,18.0,25.6,3.6,343,15,20.0,28.9,3.7,350,10,20.0,28.9,3.7,350,10,0,29.93,,0,0,0,50.5,53.8,54.9,0.31,0.17,0.18
SOUT,2019-11-08 01:00:00 EST,41.04008,-72.46587,29,40.3,40.4,31.5,75.3,33.1,0.000,0.000,0.00,0.000,16.1,25.6,3.7,341,18,17.5,26.8,3.9,350,11,17.5,26.8,3.9,350,11,0,29.93,,0,0,0,50.4,53.8,54.9,0.31,0.17,0.18
SOUT,2019-11-08 01:05:00 EST,41.04008,-72.46587,29,40.2,40.2,30.9,74.4,32.7,0.000,0.000,0.00,0.000,17.6,25.0,3.9,337,16,19.2,27.9,4.1,345,9,19.2,27.9,4.1,345,9,0,29.93,,0,0,0,50.4,53.8,54.9,0.31,0.17,0.18
SOUT,2019-11-08 01:10:00 EST,41.04008,-72.46587,29,40.2,40.3,31.4,74.6,32.8,0.000,0.000,0.00,0.000,16.0,22.8,3.1,339,19,17.4,26.0,3.6,349,9,17.4,26.0,3.6,349,9,0,29.93,,0,0,0,50.4,53.8,54.9,0.31,0.17,0.18
SOUT,2019-11-08 01:15:00 EST,41.04008,-72.46587,29,40.1,40.2,30.4,72.8,32.1,0.000,0.000,0.00,0.000,19.6,28.2,3.6,342,16,21.1,30.4,4.0,350,9,21.1,30.4,4.0,350,9,0,29.93,,0,0,0,50.3,53.8,54.9,0.31,0.17,0.18
SOUT,2019-11-08 01:20:00 EST,41.04008,-72.46587,29,40.2,40.2,31.7,74.3,32.6,0.000,0.000,0.00,0.000,15.0,26.2,3.2,337,19,16.2,25.5,3.7,346,8,16.2,25.5,3.7,346,8,0,29.94,,0,0,0,50.2,53.8,54.9,0.31,0.17,0.18
SOUT,2019-11-08 01:25:00 EST,41.04008,-72.46587,29,40.1,40.1,31.1,73.7,32.3,0.000,0.000,0.00,0.000,16.3,24.2,3.9,340,16,17.7,25.3,4.2,347,9,17.7,25.3,4.2,347,9,0,29.94,,0,0,0,50.2,53.8,54.9,0.31,0.17,0.18
SOUT,2019-11-08 01:30:00 EST,41.04008,-72.46587,29,40.0,40.0,31.5,73.5,32.2,0.000,0.000,0.00,0.000,14.8,22.5,3.1,342,16,16.3,27.3,3.7,350,9,16.3,27.3,3.7,350,9,0,29.94,,0,0,0,50.2,53.8,54.9,0.31,0.17,0.18
SOUT,2019-11-08 01:35:00 EST,41.04008,-72.46587,29,40.0,40.0,31.0,72.8,32.0,0.000,0.000,0.00,0.000,16.4,26.0,3.3,341,17,17.7,29.7,3.8,350,10,17.7,29.7,3.8,350,10,0,29.94,,0,0,0,50.2,53.8,54.9,0.31,0.17,0.18
SOUT,2019-11-08 01:40:00 EST,41.04008,-72.46587,29,40.0,40.0,30.8,72.5,31.8,0.000,0.000,0.00,0.000,17.7,25.2,3.4,331,11,18.8,26.6,3.3,339,9,18.8,26.6,3.3,339,9,0,29.94,,0,0,0,49.9,53.7,54.9,0.31,0.17,0.18
SOUT,2019-11-08 01:45:00 EST,41.04008,-72.46587,29,39.7,39.8,30.7,70.7,31.0,0.000,0.000,0.00,0.000,16.5,23.2,3.4,336,11,17.7,26.9,3.8,344,9,17.7,26.9,3.8,344,9,0,29.94,,0,0,0,49.8,53.7,54.9,0.31,0.17,0.18
SOUT,2019-11-08 01:50:00 EST,41.04008,-72.46587,29,39.7,39.8,30.2,69.6,30.6,0.000,0.000,0.00,0.000,18.3,25.6,3.1,336,10,19.5,29.0,3.5,344,9,19.5,29.0,3.5,344,9,0,29.95,,0,0,0,49.8,53.7,54.9,0.31,0.17,0.18
SOUT,2019-11-08 01:55:00 EST,41.04008,-72.46587,29,39.6,39.7,31.0,69.7,30.5,0.000,0.000,0.00,0.000,15.1,23.0,3.3,329,16,16.0,24.1,3.5,338,11,16.0,24.1,3.5,338,11,0,29.95,,0,0,0,49.8,53.7,54.9,0.31,0.17,0.18
SOUT,2019-11-08 02:00:00 EST,41.04008,-72.46587,29,39.5,39.6,30.5,68.3,29.9,0.000,0.000,0.00,0.000,16.2,25.8,3.9,330,12,17.2,26.3,4.1,338,10,17.2,26.3,4.1,338,10,0,29.95,,0,0,0,49.8,53.7,54.9,0.31,0.17,0.18
SOUT,2019-11-08 02:05:00 EST,41.04008,-72.46587,29,39.3,39.5,30.7,67.7,29.5,0.000,0.000,0.00,0.000,15.0,22.7,4.0,335,12,15.8,27.9,4.3,342,11,15.8,27.9,4.3,342,11,0,29.94,,0,0,0,49.7,53.7,54.9,0.31,0.17,0.18
SOUT,2019-11-08 02:10:00 EST,41.04008,-72.46587,29,39.0,39.1,30.7,66.9,28.9,0.000,0.000,0.00,0.000,13.7,21.5,2.8,329,12,14.4,23.4,3.1,337,10,14.4,23.4,3.1,337,10,0,29.95,,0,0,0,49.6,53.6,54.9,0.31,0.17,0.18
SOUT,2019-11-08 02:15:00 EST,41.04008,-72.46587,29,38.8,38.9,29.1,66.0,28.4,0.000,0.000,0.00,0.000,18.1,25.9,4.0,326,16,18.9,27.4,4.0,334,11,18.9,27.4,4.0,334,11,0,29.95,,0,0,0,49.6,53.7,54.9,0.31,0.17,0.18
SOUT,2019-11-08 02:20:00 EST,41.04008,-72.46587,29,38.5,38.7,29.8,65.9,28.1,0.000,0.000,0.00,0.000,14.7,23.1,3.8,328,13,15.6,24.8,3.8,338,11,15.6,24.8,3.8,338,11,0,29.95,,0,0,0,49.6,53.6,54.9,0.31,0.17,0.18
SOUT,2019-11-08 02:25:00 EST,41.04008,-72.46587,29,38.4,38.6,28.9,65.9,28.0,0.000,0.000,0.00,0.000,17.2,24.0,3.2,330,11,18.0,27.6,3.2,338,10,18.0,27.6,3.2,338,10,0,29.96,,0,0,0,49.6,53.6,54.9,0.31,0.17,0.18
SOUT,2019-11-08 02:30:00 EST,41.04008,-72.46587,29,38.2,38.4,29.8,66.3,28.0,0.000,0.000,0.00,0.000,13.7,18.3,2.1,326,11,14.5,19.8,2.4,334,11,14.5,19.8,2.4,334,11,0,29.96,,0,0,0,49.5,53.6,54.9,0.31,0.17,0.18
SOUT,2019-11-08 02:35:00 EST,41.04008,-72.46587,29,38.0,38.2,29.8,67.2,28.1,0.000,0.000,0.00,0.000,12.9,19.4,3.0,327,13,13.6,20.5,3.2,335,12,13.6,20.5,3.2,335,12,0,29.96,,0,0,0,49.5,53.6,54.9,0.31,0.17,0.18
SOUT,2019-11-08 02:40:00 EST,41.04008,-72.46587,29,37.9,38.1,28.7,66.9,27.9,0.000,0.000,0.00,0.000,15.7,24.8,3.5,328,11,16.5,27.4,3.7,337,9,16.5,27.4,3.7,337,9,0,29.96,,0,0,0,49.5,53.6,54.9,0.31,0.17,0.18
SOUT,2019-11-08 02:45:00 EST,41.04008,-72.46587,29,37.7,37.9,28.7,66.3,27.4,0.000,0.000,0.00,0.000,14.7,25.4,4.2,332,14,15.4,26.9,4.7,339,12,15.4,26.9,4.7,339,12,0,29.96,,0,0,0,49.5,53.6,54.9,0.31,0.17,0.18
SOUT,2019-11-08 02:50:00 EST,41.04008,-72.46587,29,37.3,37.6,27.5,64.4,26.4,0.000,0.000,0.00,0.000,17.2,25.0,3.5,330,13,18.0,25.0,3.8,337,12,18.0,25.0,3.8,337,12,0,29.96,,0,0,0,49.3,53.6,54.9,0.31,0.17,0.18
SOUT,2019-11-08 02:55:00 EST,41.04008,-72.46587,29,37.1,37.3,27.8,63.4,25.8,0.000,0.000,0.00,0.000,15.6,21.8,2.9,322,11,15.9,21.6,2.9,329,11,15.9,21.6,2.9,329,11,0,29.96,,0,0,0,49.3,53.6,54.9,0.31,0.17,0.18
SOUT,2019-11-08 03:00:00 EST,41.04008,-72.46587,29,36.9,37.1,27.3,64.2,25.9,0.000,0.000,0.00,0.000,15.6,25.9,3.7,327,19,16.5,26.5,3.8,335,12,16.5,26.5,3.8,335,12,0,29.96,,0,0,0,49.3,53.6,54.9,0.31,0.17,0.18
SOUT,2019-11-08 03:05:00 EST,41.04008,-72.46587,29,36.7,37.0,26.6,64.8,26.0,0.000,0.000,0.00,0.000,17.3,24.7,3.1,334,13,18.4,26.8,3.1,343,10,18.4,26.8,3.1,343,10,0,29.96,,0,0,0,49.3,53.6,54.9,0.31,0.17,0.18
SOUT,2019-11-08 03:10:00 EST,41.04008,-72.46587,29,36.8,37.1,27.2,65.4,26.3,0.000,0.000,0.00,0.000,15.8,23.7,3.0,329,12,16.8,24.0,3.1,338,9,16.8,24.0,3.1,338,9,0,29.96,,0,0,0,49.2,53.6,54.9,0.31,0.17,0.18
SOUT,2019-11-08 03:15:00 EST,41.04008,-72.46587,29,36.6,36.8,26.7,64.0,25.6,0.000,0.000,0.00,0.000,16.5,22.8,3.1,333,11,17.7,25.4,3.5,342,10,17.7,25.4,3.5,342,10,0,29.96,,0,0,0,49.1,53.6,54.9,0.31,0.17,0.18
SOUT,2019-11-08 03:20:00 EST,41.04008,-72.46587,29,36.5,36.7,26.8,64.2,25.5,0.000,0.000,0.00,0.000,15.3,22.4,3.2,336,14,16.6,25.9,3.7,345,9,16.6,25.9,3.7,345,9,0,29.96,,0,0,0,49.1,53.6,54.9,0.31,0.17,0.18
SOUT,2019-11-08 03:25:00 EST,41.04008,-72.46587,29,36.4,36.7,27.0,65.2,25.9,0.000,0.000,0.00,0.000,14.8,21.5,3.1,332,14,15.9,23.8,3.5,340,12,15.9,23.8,3.5,340,12,0,29.96,,0,0,0,49.1,53.6,54.9,0.31,0.17,0.18
SOUT,2019-11-08 03:30:00 EST,41.04008,-72.46587,29,36.4,36.6,26.4,63.7,25.2,0.000,0.000,0.00,0.000,17.1,26.3,3.9,328,12,17.6,28.8,4.4,337,10,17.6,28.8,4.4,337,10,0,29.96,,0,0,0,48.9,53.6,54.9,0.31,0.17,0.18
SOUT,2019-11-08 03:35:00 EST,41.04008,-72.46587,29,36.3,36.5,26.4,63.0,24.9,0.000,0.000,0.00,0.000,16.4,24.3,3.8,329,11,17.2,26.5,3.7,338,11,17.2,26.5,3.7,338,11,0,29.97,,0,0,0,48.7,53.6,54.9,0.31,0.17,0.18
SOUT,2019-11-08 03:40:00 EST,41.04008,-72.46587,29,36.0,36.3,26.1,62.0,24.2,0.000,0.000,0.00,0.000,16.1,25.7,3.5,329,15,17.0,26.8,3.6,336,11,17.0,26.8,3.6,336,11,0,29.97,,0,0,0,48.7,53.6,54.9,0.31,0.17,0.18
SOUT,2019-11-08 03:45:00 EST,41.04008,-72.46587,29,35.8,36.0,26.1,61.5,23.8,0.000,0.000,0.00,0.000,15.0,26.1,4.6,326,16,15.9,26.7,4.7,333,12,15.9,26.7,4.7,333,12,0,29.97,,0,0,0,48.7,53.6,54.9,0.31,0.17,0.18
SOUT,2019-11-08 03:50:00 EST,41.04008,-72.46587,29,35.8,36.0,25.8,63.0,24.4,0.000,0.000,0.00,0.000,15.6,27.0,3.8,332,12,16.8,27.8,3.8,339,11,16.8,27.8,3.8,339,11,0,29.97,,0,0,0,48.7,53.6,54.9,0.31,0.17,0.18
SOUT,2019-11-08 03:55:00 EST,41.04008,-72.46587,29,35.7,35.9,25.3,60.1,23.2,0.000,0.000,0.00,0.000,16.9,24.2,3.4,333,12,18.0,27.9,3.4,341,11,18.0,27.9,3.4,341,11,0,29.97,,0,0,0,48.6,53.6,54.9,0.31,0.17,0.18
SOUT,2019-11-08 04:00:00 EST,41.04008,-72.46587,29,35.5,35.8,26.0,60.7,23.3,0.000,0.000,0.00,0.000,14.4,20.8,3.2,331,12,15.4,24.6,3.2,339,10,15.4,24.6,3.2,339,10,0,29.97,,0,0,0,48.6,53.6,54.9,0.31,0.17,0.18
SOUT,2019-11-08 04:05:00 EST,41.04008,-72.46587,29,35.5,35.7,25.4,59.9,22.9,0.000,0.000,0.00,0.000,15.9,26.2,4.7,328,14,16.9,27.9,5.0,336,11,16.9,27.9,5.0,336,11,0,29.97,,0,0,0,48.6,53.6,54.9,0.31,0.17,0.18
SOUT,2019-11-08 04:10:00 EST,41.04008,-72.46587,29,35.6,35.8,25.3,57.1,21.9,0.000,0.000,0.00,0.000,16.4,21.8,2.5,335,13,17.7,23.6,2.7,343,11,17.7,23.6,2.7,343,11,0,29.97,,0,0,0,48.4,53.6,54.9,0.31,0.17,0.18
SOUT,2019-11-08 04:15:00 EST,41.04008,-72.46587,29,35.9,36.1,25.6,56.4,21.9,0.000,0.000,0.00,0.000,17.2,24.9,3.2,330,14,18.1,25.9,3.2,338,10,18.1,25.9,3.2,338,10,0,29.97,,0,0,0,48.4,53.6,54.9,0.31,0.17,0.18
SOUT,2019-11-08 04:20:00 EST,41.04008,-72.46587,29,35.6,35.9,25.0,55.3,21.2,0.000,0.000,0.00,0.000,18.5,27.3,3.5,327,11,19.2,30.8,3.6,334,10,19.2,30.8,3.6,334,10,0,29.97,,0,0,0,48.4,53.6,54.9,0.31,0.17,0.18
SOUT,2019-11-08 04:25:00 EST,41.04008,-72.46587,29,35.4,35.7,24.9,55.5,21.1,0.000,0.000,0.00,0.000,17.2,26.3,4.5,335,12,18.4,28.0,4.7,344,10,18.4,28.0,4.7,344,10,0,29.97,,0,0,0,48.4,53.5,54.9,0.31,0.17,0.18
SOUT,2019-11-08 04:30:00 EST,41.04008,-72.46587,29,35.3,35.6,25.5,57.6,21.8,0.000,0.000,0.00,0.000,15.0,22.1,2.8,333,13,16.1,23.3,2.9,340,11,16.1,23.3,2.9,340,11,0,29.97,,0,0,0,48.2,53.5,54.9,0.31,0.17,0.18
SOUT,2019-11-08 04:35:00 EST,41.04008,-72.46587,29,35.2,35.5,25.5,58.1,21.9,0.000,0.000,0.00,0.000,14.4,25.5,3.5,332,14,15.7,25.0,4.0,341,11,15.7,25.0,4.0,341,11,0,29.98,,0,0,0,48.2,53.4,54.9,0.31,0.17,0.18
SOUT,2019-11-08 04:40:00 EST,41.04008,-72.46587,29,35.0,35.2,24.1,58.3,21.8,0.000,0.000,0.00,0.000,18.2,25.6,3.2,336,11,19.4,28.1,3.3,344,10,19.4,28.1,3.3,344,10,0,29.98,,0,0,0,48.2,53.5,54.9,0.31,0.17,0.18
SOUT,2019-11-08 04:45:00 EST,41.04008,-72.46587,29,34.7,34.9,23.4,59.3,22.0,0.000,0.000,0.00,0.000,19.6,30.7,3.6,334,15,20.6,32.1,3.6,342,9,20.6,32.1,3.6,342,9,0,29.98,,0,0,0,48.1,53.5,54.9,0.31,0.17,0.18
SOUT,2019-11-08 04:50:00 EST,41.04008,-72.46587,29,34.5,34.8,23.7,61.7,22.7,0.000,0.000,0.00,0.000,17.6,25.6,3.4,330,11,18.8,27.6,3.7,339,10,18.8,27.6,3.7,339,10,0,29.98,,0,0,0,48.0,53.5,54.9,0.31,0.17,0.18
SOUT,2019-11-08 04:55:00 EST,41.04008,-72.46587,29,34.5,34.7,23.7,61.8,22.7,0.000,0.000,0.00,0.000,16.7,25.6,3.9,338,17,18.2,28.6,4.1,346,10,18.2,28.6,4.1,346,10,0,29.98,,0,0,0,48.0,53.4,54.9,0.31,0.17,0.18
SOUT,2019-11-08 05:00:00 EST,41.04008,-72.46587,29,34.4,34.7,24.7,62.9,23.1,0.000,0.000,0.00,0.000,13.7,20.2,3.1,337,11,15.1,23.1,3.5,346,9,15.1,23.1,3.5,346,9,0,29.98,,0,0,0,48.0,53.4,54.9,0.31,0.17,0.18
SOUT,2019-11-08 05:05:00 EST,41.04008,-72.46587,29,34.6,34.8,23.6,61.2,22.6,0.000,0.000,0.00,0.000,17.9,30.5,4.3,339,13,19.3,32.0,4.6,346,9,19.3,32.0,4.6,346,9,0,29.98,,0,0,0,47.9,53.4,54.9,0.31,0.17,0.18
SOUT,2019-11-08 05:10:00 EST,41.04008,-72.46587,29,34.7,34.9,23.4,61.4,22.7,0.000,0.000,0.00,0.000,18.6,26.4,3.3,338,11,20.2,30.6,3.9,348,8,20.2,30.6,3.9,348,8,0,29.98,,0,0,0,47.8,53.4,54.9,0.31,0.17,0.18
SOUT,2019-11-08 05:15:00 EST,41.04008,-72.46587,29,34.5,34.7,23.2,60.3,22.2,0.000,0.000,0.00,0.000,18.3,27.5,3.5,343,18,20.3,30.7,4.0,351,8,20.3,30.7,4.0,351,8,0,29.98,,0,0,0,47.8,53.4,54.9,0.31,0.17,0.18
SOUT,2019-11-08 05:20:00 EST,41.04008,-72.46587,29,34.3,34.6,23.8,57.1,20.7,0.000,0.000,0.00,0.000,15.7,23.5,3.1,340,18,17.2,25.8,3.7,346,12,17.2,25.8,3.7,346,12,0,29.98,,0,0,0,47.7,53.4,54.9,0.31,0.17,0.18
SOUT,2019-11-08 05:25:00 EST,41.04008,-72.46587,29,34.5,34.8,22.7,48.6,17.1,0.000,0.000,0.00,0.000,19.9,32.7,4.8,352,11,22.1,36.4,5.2,358,8,22.1,36.4,5.2,358,8,0,29.99,,0,0,0,47.5,53.4,54.9,0.31,0.17,0.18
SOUT,2019-11-08 05:30:00 EST,41.04008,-72.46587,29,34.3,34.5,23.6,54.1,19.4,0.000,0.000,0.00,0.000,16.6,23.9,2.9,334,15,17.8,26.0,3.3,343,8,17.8,26.0,3.3,343,8,0,29.99,,0,0,0,47.5,53.4,54.9,0.31,0.17,0.18
SOUT,2019-11-08 05:35:00 EST,41.04008,-72.46587,29,34.0,34.3,23.6,56.2,20.1,0.000,0.000,0.00,0.000,15.6,23.6,3.4,337,16,16.9,27.7,3.9,346,8,16.9,27.7,3.9,346,8,0,29.99,,0,0,0,47.5,53.4,54.9,0.31,0.17,0.18
SOUT,2019-11-08 05:40:00 EST,41.04008,-72.46587,29,34.0,34.3,22.5,53.8,19.0,0.000,0.000,0.00,0.000,19.0,26.5,3.6,341,21,20.6,29.7,4.3,348,8,20.6,29.7,4.3,348,8,0,29.99,,0,0,0,47.4,53.4,54.9,0.31,0.17,0.18
SOUT,2019-11-08 05:45:00 EST,41.04008,-72.46587,29,34.2,34.5,23.8,54.9,19.7,0.000,0.000,0.00,0.000,15.7,21.1,3.0,336,12,16.9,24.9,3.4,344,10,16.9,24.9,3.4,344,10,0,29.99,,0,0,0,47.3,53.4,54.9,0.31,0.17,0.18
SOUT,2019-11-08 05:50:00 EST,41.04008,-72.46587,29,34.1,34.4,24.0,55.1,19.7,0.000,0.000,0.00,0.000,14.8,20.7,3.0,336,10,16.1,23.2,3.2,344,9,16.1,23.2,3.2,344,9,0,30.00,,0,0,0,47.3,53.4,54.9,0.31,0.17,0.18
SOUT,2019-11-08 05:55:00 EST,41.04008,-72.46587,29,34.0,34.3,23.5,55.4,19.7,0.000,0.000,0.00,0.000,15.2,22.4,3.3,340,13,16.9,24.3,3.5,349,11,16.9,24.3,3.5,349,11,0,30.00,,0,0,0,47.3,53.4,54.9,0.31,0.17,0.18
SOUT,2019-11-08 06:00:00 EST,41.04008,-72.46587,29,33.8,34.0,22.7,55.0,19.3,0.000,0.000,0.00,0.000,17.1,24.3,3.3,341,11,18.5,27.2,3.7,349,9,18.5,27.2,3.7,349,9,0,30.00,,0,0,0,47.2,53.4,54.9,0.31,0.17,0.18
SOUT,2019-11-08 06:05:00 EST,41.04008,-72.46587,29,33.6,33.9,23.3,57.2,20.1,0.000,0.000,0.00,0.000,15.0,24.0,3.0,334,9,16.1,24.8,3.3,343,8,16.1,24.8,3.3,343,8,0,30.00,,0,0,0,47.1,53.4,54.9,0.31,0.17,0.18
SOUT,2019-11-08 06:10:00 EST,41.04008,-72.46587,29,33.4,33.7,22.9,56.7,19.7,0.000,0.000,0.00,0.000,15.3,23.5,3.8,335,9,16.4,25.4,3.9,343,9,16.4,25.4,3.9,343,9,0,30.00,,0,0,0,47.1,53.4,54.9,0.31,0.17,0.18
SOUT,2019-11-08 06:15:00 EST,41.04008,-72.46587,29,33.4,33.7,23.2,59.5,20.8,0.000,0.000,0.00,0.000,14.3,23.2,3.1,334,10,15.4,25.0,3.4,343,9,15.4,25.0,3.4,343,9,0,30.01,,0,0,0,47.1,53.4,54.9,0.31,0.17,0.18
SOUT,2019-11-08 06:20:00 EST,41.04008,-72.46587,29,33.2,33.4,22.9,59.1,20.4,0.000,0.000,0.00,0.000,14.7,20.7,2.7,333,12,15.7,21.9,3.2,342,10,15.7,21.9,3.2,342,10,1,30.01,,0,0,0,47.1,53.4,54.9,0.31,0.17,0.18
SOUT,2019-11-08 06:25:00 EST,41.04008,-72.46587,29,33.1,33.4,22.4,58.7,20.2,0.000,0.000,0.00,0.000,15.7,22.1,3.3,331,11,16.7,24.8,3.4,339,10,16.7,24.8,3.4,339,10,2,30.01,,0,0,0,47.0,53.2,54.9,0.31,0.17,0.18
SOUT,2019-11-08 06:30:00 EST,41.04008,-72.46587,29,33.1,33.3,23.0,58.2,20.0,0.000,0.000,0.00,0.000,14.1,21.7,3.2,329,13,15.1,23.3,3.4,338,12,15.1,23.3,3.4,338,12,3,30.02,,0,0,0,46.9,53.2,54.9,0.31,0.17,0.18
SOUT,2019-11-08 06:35:00 EST,41.04008,-72.46587,29,33.2,33.5,22.2,58.5,20.2,0.000,0.000,0.00,0.000,16.9,24.3,3.3,331,12,17.8,26.2,3.8,340,11,17.8,26.2,3.8,340,11,5,30.02,,0,0,0,46.9,53.1,54.9,0.31,0.17,0.18
SOUT,2019-11-08 06:40:00 EST,41.04008,-72.46587,29,33.0,33.3,22.1,58.8,20.2,0.000,0.000,0.00,0.000,16.7,23.4,3.1,325,13,17.3,25.6,3.4,334,12,17.3,25.6,3.4,334,12,7,30.03,,0,0,0,46.9,53.1,54.9,0.31,0.17,0.18
SOUT,2019-11-08 06:45:00 EST,41.04008,-72.46587,29,33.0,33.2,23.1,58.6,20.0,0.000,0.000,0.00,0.000,13.2,21.6,2.7,334,14,14.3,21.0,3.2,342,12,14.3,21.0,3.2,342,12,8,30.03,,0,0,0,46.8,53.1,54.9,0.31,0.17,0.18
SOUT,2019-11-08 06:50:00 EST,41.04008,-72.46587,29,33.0,33.3,22.7,59.0,20.2,0.000,0.000,0.00,0.000,14.5,22.4,3.4,327,14,15.5,24.8,3.7,335,12,15.5,24.8,3.7,335,12,10,30.03,,0,0,0,46.8,53.1,54.9,0.31,0.17,0.18
SOUT,2019-11-08 06:55:00 EST,41.04008,-72.46587,29,33.0,33.2,22.4,58.2,19.9,0.000,0.000,0.00,0.000,15.0,23.4,3.2,336,13,16.1,24.7,3.5,345,8,16.1,24.7,3.5,345,8,12,30.03,,0,0,0,46.8,53.1,54.9,0.31,0.17,0.18
SOUT,2019-11-08 07:00:00 EST,41.04008,-72.46587,29,32.9,33.1,22.9,59.7,20.4,0.000,0.000,0.00,0.000,14.1,21.0,3.2,329,11,14.6,21.4,3.6,337,9,14.6,21.4,3.6,337,9,14,30.03,,0,0,0,46.8,53.1,54.9,0.31,0.17,0.18
SOUT,2019-11-08 07:05:00 EST,41.04008,-72.46587,29,32.9,33.1,22.2,58.3,19.9,0.000,0.000,0.00,0.000,16.3,24.7,3.6,333,12,16.8,25.5,3.7,341,11,16.8,25.5,3.7,341,11,16,30.04,,0,0,0,46.8,53.1,54.9,0.31,0.17,0.18
SOUT,2019-11-08 07:10:00 EST,41.04008,-72.46587,29,32.9,33.1,22.6,59.7,20.5,0.000,0.000,0.00,0.000,14.5,23.4,3.1,334,12,15.6,24.1,3.3,343,11,15.6,24.1,3.3,343,11,19,30.04,,0,0,0,46.8,53.1,54.9,0.31,0.17,0.18
SOUT,2019-11-08 07:15:00 EST,41.04008,-72.46587,29,33.0,33.2,22.8,58.8,20.1,0.000,0.000,0.00,0.000,14.3,22.9,3.0,333,16,15.3,22.5,3.2,341,11,15.3,22.5,3.2,341,11,28,30.04,,0,0,0,46.6,53.1,54.9,0.31,0.17,0.18
SOUT,2019-11-08 07:20:00 EST,41.04008,-72.46587,29,33.0,33.2,23.0,58.5,20.1,0.000,0.000,0.00,0.000,13.9,24.0,4.1,335,11,14.6,24.9,4.3,343,10,14.6,24.9,4.3,343,10,76,30.05,,0,0,0,46.6,53.1,54.9,0.31,0.17,0.18
SOUT,2019-11-08 07:25:00 EST,41.04008,-72.46587,29,33.3,33.4,22.8,56.5,19.5,0.000,0.000,0.00,0.000,15.4,22.7,3.8,334,11,16.3,25.7,4.2,343,9,16.3,25.7,4.2,343,9,124,30.05,,0,0,0,46.6,53.1,54.9,0.31,0.17,0.18
SOUT,2019-11-08 07:30:00 EST,41.04008,-72.46587,29,33.4,33.4,22.7,55.2,19.1,0.000,0.000,0.00,0.000,15.9,25.6,4.4,341,11,17.1,30.5,5.2,349,8,17.1,30.5,5.2,349,8,137,30.05,,0,0,0,46.6,53.1,54.9,0.31,0.17,0.18
SOUT,2019-11-08 07:35:00 EST,41.04008,-72.46587,29,33.5,33.4,22.2,55.8,19.3,0.000,0.000,0.00,0.000,17.9,27.5,4.1,336,11,18.9,29.0,4.4,344,10,18.9,29.0,4.4,344,10,153,30.05,,0,0,0,46.5,53.1,54.9,0.31,0.17,0.18
SOUT,2019-11-08 07:40:00 EST,41.04008,-72.46587,29,33.4,33.3,22.9,56.0,19.4,0.000,0.000,0.00,0.000,15.2,23.2,3.3,332,18,16.7,24.4,3.5,341,10,16.7,24.4,3.5,341,10,166,30.06,,0,0,0,46.4,53.1,54.9,0.31,0.17,0.18
SOUT,2019-11-08 07:45:00 EST,41.04008,-72.46587,29,33.4,33.2,22.3,55.4,19.1,0.000,0.000,0.00,0.000,16.7,24.3,3.7,337,21,18.2,27.0,4.2,347,13,18.2,27.0,4.2,347,13,180,30.06,,0,0,0,46.4,53.1,54.9,0.31,0.17,0.18
SOUT,2019-11-08 07:50:00 EST,41.04008,-72.46587,29,33.4,33.2,22.8,57.5,20.0,0.000,0.000,0.00,0.000,15.1,22.6,3.4,343,17,16.8,25.2,3.8,351,11,16.8,25.2,3.8,351,11,193,30.06,,0,0,0,46.4,53.1,54.9,0.31,0.17,0.18
SOUT,2019-11-08 07:55:00 EST,41.04008,-72.46587,29,33.4,33.2,22.8,59.7,20.9,0.000,0.000,0.33,0.000,15.8,24.6,4.1,334,16,17.0,26.3,4.4,342,10,17.0,26.3,4.4,342,10,206,30.06,,0,0,0,46.4,53.1,54.9,0.31,0.17,0.18
SOUT,2019-11-08 08:00:00 EST,41.04008,-72.46587,29,33.6,33.3,23.8,60.5,21.3,0.000,0.000,0.00,0.000,13.3,19.9,3.6,335,15,14.3,22.8,3.8,342,11,14.3,22.8,3.8,342,11,220,30.06,,0,0,0,46.4,53.0,54.9,0.31,0.17,0.18
SOUT,2019-11-08 08:05:00 EST,41.04008,-72.46587,29,33.7,33.4,23.1,59.9,21.2,0.000,0.000,0.00,0.000,15.9,26.2,3.8,334,15,17.0,28.5,4.3,343,11,17.0,28.5,4.3,343,11,232,30.06,,0,0,0,46.4,52.9,54.9,0.31,0.17,0.18
SOUT,2019-11-08 08:10:00 EST,41.04008,-72.46587,29,33.5,33.2,23.3,58.8,20.6,0.000,0.000,0.00,0.000,14.4,22.6,3.5,331,12,15.4,24.5,3.7,340,11,15.4,24.5,3.7,340,11,245,30.06,,0,0,0,46.3,52.9,54.9,0.31,0.17,0.18
SOUT,2019-11-08 08:15:00 EST,41.04008,-72.46587,29,33.8,33.5,23.8,59.8,21.3,0.000,0.000,0.00,0.000,14.0,22.4,2.7,337,14,15.5,25.7,3.0,344,11,15.5,25.7,3.0,344,11,258,30.06,,0,0,0,46.1,52.9,54.9,0.31,0.17,0.18
SOUT,2019-11-08 08:20:00 EST,41.04008,-72.46587,29,33.6,33.2,22.3,58.4,20.5,0.000,0.000,0.00,0.000,17.9,24.6,3.5,336,18,19.3,27.4,3.7,343,10,19.3,27.4,3.7,343,10,271,30.06,,0,0,0,46.0,52.9,54.9,0.31,0.17,0.18
SOUT,2019-11-08 08:25:00 EST,41.04008,-72.46587,29,33.9,33.5,23.8,61.1,21.9,0.000,0.000,0.00,0.000,14.8,21.6,2.8,332,12,15.7,21.3,2.8,341,10,15.7,21.3,2.8,341,10,286,30.06,,0,0,0,46.0,52.9,54.9,0.31,0.17,0.18
SOUT,2019-11-08 08:30:00 EST,41.04008,-72.46587,29,34.0,33.6,23.6,59.8,21.5,0.000,0.000,0.00,0.000,15.7,23.7,3.0,332,11,16.7,24.8,3.2,341,10,16.7,24.8,3.2,341,10,297,30.06,,0,0,0,46.0,52.9,54.9,0.31,0.17,0.18
SOUT,2019-11-08 08:35:00 EST,41.04008,-72.46587,29,34.1,33.6,23.6,58.8,21.1,0.000,0.000,0.00,0.000,15.8,25.1,3.3,338,14,16.9,28.0,3.9,345,9,16.9,28.0,3.9,345,9,309,30.06,,0,0,0,46.0,52.9,54.9,0.31,0.17,0.18
SOUT,2019-11-08 08:40:00 EST,41.04008,-72.46587,29,34.0,33.6,23.2,58.0,20.8,0.000,0.000,0.00,0.000,17.1,25.4,3.5,333,14,18.3,30.4,3.7,342,11,18.3,30.4,3.7,342,11,321,30.06,,0,0,0,46.0,52.9,54.9,0.31,0.17,0.18
SOUT,2019-11-08 08:45:00 EST,41.04008,-72.46587,29,34.3,33.8,23.9,58.1,21.1,0.000,0.000,0.00,0.000,16.0,24.6,3.2,333,15,17.1,29.8,3.4,341,13,17.1,29.8,3.4,341,13,336,30.06,,0,0,0,46.0,52.9,54.9,0.31,0.17,0.18
SOUT,2019-11-08 08:50:00 EST,41.04008,-72.46587,29,34.5,34.0,24.3,58.9,21.6,0.000,0.000,0.00,0.000,15.5,22.8,3.5,333,12,16.5,25.0,3.9,340,10,16.5,25.0,3.9,340,10,354,30.06,,0,0,0,46.0,52.9,54.9,0.31,0.17,0.18
SOUT,2019-11-08 08:55:00 EST,41.04008,-72.46587,29,34.6,34.1,24.3,58.4,21.5,0.000,0.000,0.00,0.000,15.9,23.7,3.7,326,19,16.8,25.4,3.9,334,12,16.8,25.4,3.9,334,12,331,30.06,,0,0,0,46.0,52.9,54.9,0.31,0.17,0.18
SOUT,2019-11-08 09:00:00 EST,41.04008,-72.46587,29,34.5,34.1,24.7,57.1,20.9,0.000,0.000,0.00,0.000,14.3,21.3,2.9,330,14,15.4,21.9,3.2,338,12,15.4,21.9,3.2,338,12,325,30.06,,0,0,0,46.0,52.9,54.9,0.31,0.17,0.18
SOUT,2019-11-08 09:05:00 EST,41.04008,-72.46587,29,35.1,34.4,24.7,57.7,21.6,0.000,0.000,0.00,0.000,16.3,25.9,4.1,333,17,17.6,27.3,4.1,341,11,17.6,27.3,4.1,341,11,378,30.06,,0,0,0,46.0,52.9,54.9,0.31,0.17,0.18
SOUT,2019-11-08 09:10:00 EST,41.04008,-72.46587,29,35.0,34.4,23.5,54.9,20.5,0.000,0.000,0.00,0.000,20.9,31.1,4.4,335,17,21.9,31.1,4.5,344,10,21.9,31.1,4.5,344,10,397,30.06,,0,0,0,46.0,52.9,54.9,0.31,0.17,0.18
SOUT,2019-11-08 09:15:00 EST,41.04008,-72.46587,29,35.1,34.6,23.7,55.5,20.8,0.000,0.000,0.00,0.000,20.2,30.5,4.1,336,13,21.7,34.5,4.4,343,10,21.7,34.5,4.4,343,10,395,30.06,,0,0,0,46.0,52.9,54.9,0.31,0.17,0.18
SOUT,2019-11-08 09:20:00 EST,41.04008,-72.46587,29,35.1,34.6,24.5,55.8,20.9,0.005,0.005,0.00,0.005,17.2,29.7,4.8,331,14,18.3,34.2,5.1,339,13,18.3,34.2,5.1,339,13,299,30.06,,0,0,0,46.0,52.8,54.9,0.31,0.17,0.18
SOUT,2019-11-08 09:25:00 EST,41.04008,-72.46587,29,34.9,34.3,22.7,52.3,19.2,0.000,0.005,0.00,0.005,23.4,34.5,4.3,331,12,24.1,38.2,4.9,338,11,24.1,38.2,4.9,338,11,361,30.06,,0,0,0,46.0,52.7,54.9,0.31,0.17,0.18
SOUT,2019-11-08 09:30:00 EST,41.04008,-72.46587,29,34.9,34.4,23.6,53.2,19.6,0.000,0.005,0.00,0.005,20.0,31.3,4.7,330,13,20.8,33.6,4.8,336,12,20.8,33.6,4.8,336,12,434,30.06,,0,0,0,46.0,52.7,54.9,0.31,0.17,0.18
SOUT,2019-11-08 09:35:00 EST,41.04008,-72.46587,29,35.4,34.7,23.8,53.3,20.1,0.005,0.010,0.00,0.010,21.8,39.5,3.9,333,12,22.8,42.4,4.7,340,10,22.8,42.4,4.7,340,10,426,30.06,,0,0,0,46.0,52.7,54.9,0.31,0.17,0.18
SOUT,2019-11-08 09:40:00 EST,41.04008,-72.46587,29,35.2,34.6,23.9,52.1,19.4,0.000,0.010,0.00,0.010,20.0,32.8,4.5,336,14,21.2,34.7,4.9,345,10,21.2,34.7,4.9,345,10,414,30.07,,0,0,0,46.0,52.7,54.9,0.31,0.17,0.18
SOUT,2019-11-08 09:45:00 EST,41.04008,-72.46587,29,35.9,35.2,26.6,53.9,20.9,0.000,0.010,0.00,0.010,14.4,22.2,3.5,322,13,15.0,25.0,3.8,330,12,15.0,25.0,3.8,330,12,441,30.07,,0,0,0,46.0,52.7,54.9,0.31,0.17,0.18
SOUT,2019-11-08 09:50:00 EST,41.04008,-72.46587,29,36.0,35.1,25.3,50.1,19.2,0.000,0.010,0.00,0.010,19.3,34.8,4.8,323,13,19.8,33.5,5.0,329,11,19.8,33.5,5.0,329,11,495,30.07,,0,0,0,46.0,52.7,54.9,0.31,0.17,0.18
SOUT,2019-11-08 09:55:00 EST,41.04008,-72.46587,29,35.8,34.9,24.6,50.2,19.1,0.000,0.010,0.00,0.010,21.1,34.1,5.2,326,13,21.6,32.1,5.2,334,12,21.6,32.1,5.2,334,12,519,30.07,,0,0,0,46.0,52.7,54.9,0.31,0.17,0.18
SOUT,2019-11-08 10:00:00 EST,41.04008,-72.46587,29,35.6,34.8,23.8,50.7,19.1,0.000,0.010,0.00,0.010,22.8,30.0,3.5,334,19,23.9,32.6,4.1,342,10,23.9,32.6,4.1,342,10,338,30.07,,0,0,0,46.1,52.7,54.9,0.31,0.17,0.18
SOUT,2019-11-08 10:05:00 EST,41.04008,-72.46587,29,35.6,34.8,24.3,52.4,19.9,0.000,0.010,0.00,0.010,20.7,32.4,4.4,328,14,21.3,32.3,4.2,336,12,21.3,32.3,4.2,336,12,366,30.07,,0,0,0,46.4,52.7,54.9,0.31,0.17,0.18
SOUT,2019-11-08 10:10:00 EST,41.04008,-72.46587,29,35.2,34.5,24.0,51.6,19.1,0.000,0.010,0.00,0.010,19.8,31.1,5.2,329,12,20.5,31.8,5.3,337,12,20.5,31.8,5.3,337,12,351,30.08,,0,0,0,46.4,52.7,54.9,0.31,0.17,0.18
SOUT,2019-11-08 10:15:00 EST,41.04008,-72.46587,29,34.8,34.3,23.4,52.5,19.2,0.000,0.010,0.00,0.010,20.4,29.8,3.6,332,14,21.3,33.4,4.0,339,12,21.3,33.4,4.0,339,12,291,30.08,,0,0,0,46.4,52.7,54.9,0.31,0.17,0.18
SOUT,2019-11-08 10:20:00 EST,41.04008,-72.46587,29,34.8,34.3,24.7,52.9,19.3,0.000,0.010,0.00,0.005,16.2,26.2,4.9,322,11,16.5,27.7,4.9,329,11,16.5,27.7,4.9,329,11,216,30.07,,0,0,0,46.4,52.7,54.8,0.31,0.17,0.18
SOUT,2019-11-08 10:25:00 EST,41.04008,-72.46587,29,35.3,34.7,25.3,54.0,20.4,0.000,0.010,0.00,0.005,15.8,23.9,3.8,330,14,16.7,24.1,3.9,339,11,16.7,24.1,3.9,339,11,331,30.07,,0,0,0,46.4,52.7,54.8,0.31,0.17,0.18
SOUT,2019-11-08 10:30:00 EST,41.04008,-72.46587,29,35.3,34.8,24.5,51.4,19.1,0.000,0.010,0.00,0.005,18.1,29.9,4.6,323,15,19.1,34.1,4.9,332,16,19.1,34.1,4.9,332,16,249,30.07,,0,0,0,46.4,52.6,54.8,0.31,0.17,0.18
SOUT,2019-11-08 10:35:00 EST,41.04008,-72.46587,29,35.2,34.7,24.6,51.3,19.0,0.000,0.010,0.00,0.000,17.4,26.1,4.4,332,17,18.4,30.0,4.7,339,14,18.4,30.0,4.7,339,14,222,30.07,,0,0,0,46.6,52.6,54.8,0.31,0.17,0.18
SOUT,2019-11-08 10:40:00 EST,41.04008,-72.46587,29,35.9,35.1,25.3,52.0,20.0,0.000,0.010,0.00,0.000,18.0,28.9,5.0,332,12,19.0,31.4,5.1,340,10,19.0,31.4,5.1,340,10,512,30.07,,0,0,0,46.6,52.5,54.7,0.31,0.17,0.18
SOUT,2019-11-08 10:45:00 EST,41.04008,-72.46587,29,36.1,35.2,26.3,50.8,19.7,0.000,0.010,0.00,0.000,16.1,24.4,3.6,324,15,16.8,24.1,3.4,332,13,16.8,24.1,3.4,332,13,348,30.07,,0,0,0,46.6,52.3,54.7,0.31,0.17,0.18
SOUT,2019-11-08 10:50:00 EST,41.04008,-72.46587,29,36.0,35.1,26.2,51.7,19.9,0.000,0.010,0.00,0.000,16.2,25.6,3.2,325,12,16.7,26.5,3.2,333,12,16.7,26.5,3.2,333,12,517,30.07,,0,0,0,46.6,52.3,54.7,0.31,0.17,0.18
SOUT,2019-11-08 10:55:00 EST,41.04008,-72.46587,29,36.4,35.6,26.7,51.2,20.1,0.000,0.010,0.00,0.000,16.4,29.8,4.8,317,14,16.8,33.0,4.8,326,13,16.8,33.0,4.8,326,13,316,30.07,,0,0,0,46.7,52.3,54.7,0.31,0.17,0.18
SOUT,2019-11-08 11:00:00 EST,41.04008,-72.46587,29,35.8,35.3,25.8,51.0,19.4,0.000,0.010,0.00,0.000,16.3,28.3,4.2,316,16,17.1,29.7,3.9,323,16,17.1,29.7,3.9,323,16,325,30.07,,0,0,0,46.8,52.3,54.7,0.31,0.17,0.18
SOUT,2019-11-08 11:05:00 EST,41.04008,-72.46587,29,37.1,36.0,27.8,51.9,21.1,0.000,0.010,0.00,0.000,15.6,28.9,4.9,318,16,16.0,30.7,4.9,327,14,16.0,30.7,4.9,327,14,650,30.07,,0,0,0,46.8,52.3,54.7,0.31,0.17,0.18
SOUT,2019-11-08 11:10:00 EST,41.04008,-72.46587,29,36.7,35.8,27.6,51.5,20.5,0.003,0.013,0.00,0.003,14.2,30.0,4.6,327,15,15.0,31.0,4.8,334,15,15.0,31.0,4.8,334,15,309,30.07,,0,0,0,46.8,52.3,54.7,0.31,0.17,0.18
SOUT,2019-11-08 11:15:00 EST,41.04008,-72.46587,29,35.9,35.2,25.2,49.6,18.8,0.000,0.013,0.00,0.003,19.5,28.1,4.0,323,9,19.7,30.9,4.1,331,8,19.7,30.9,4.1,331,8,253,30.07,,0,0,0,46.8,52.3,54.7,0.31,0.17,0.18
SOUT,2019-11-08 11:20:00 EST,41.04008,-72.46587,29,34.9,34.5,24.4,50.7,18.4,0.000,0.013,0.00,0.003,17.0,25.2,3.9,334,15,17.8,27.7,4.2,341,11,17.8,27.7,4.2,341,11,155,30.07,,0,0,0,46.9,52.3,54.7,0.31,0.17,0.18
SOUT,2019-11-08 11:25:00 EST,41.04008,-72.46587,29,34.8,34.5,24.8,51.4,18.7,0.000,0.013,0.00,0.003,16.0,25.4,3.3,318,12,16.3,25.1,3.4,325,12,16.3,25.1,3.4,325,12,181,30.06,,0,0,0,46.9,52.3,54.7,0.31,0.17,0.18
SOUT,2019-11-08 11:30:00 EST,41.04008,-72.46587,29,35.6,35.1,25.5,51.2,19.3,0.000,0.013,0.00,0.003,16.3,28.2,4.5,320,15,17.0,29.3,4.5,326,14,17.0,29.3,4.5,326,14,297,30.07,,0,0,0,46.9,52.3,54.7,0.31,0.17,0.18
SOUT,2019-11-08 11:35:00 EST,41.04008,-72.46587,29,36.2,35.5,26.0,48.5,18.6,0.000,0.013,0.00,0.003,17.2,29.9,4.6,329,18,18.1,30.2,4.8,337,16,18.1,30.2,4.8,337,16,448,30.07,,0,0,0,47.1,52.3,54.7,0.31,0.17,0.18
SOUT,2019-11-08 11:40:00 EST,41.04008,-72.46587,29,35.4,34.9,24.2,48.1,17.7,0.000,0.013,0.00,0.003,20.3,30.2,4.1,323,13,20.8,30.9,4.1,329,13,20.8,30.9,4.1,329,13,121,30.07,,0,0,0,47.1,52.3,54.7,0.31,0.17,0.18
SOUT,2019-11-08 11:45:00 EST,41.04008,-72.46587,29,35.4,35.0,24.3,46.0,16.7,0.000,0.013,0.00,0.003,20.5,31.3,4.6,319,12,20.9,29.9,4.3,324,10,20.9,29.9,4.3,324,10,342,30.06,,0,0,0,47.1,52.3,54.7,0.31,0.17,0.18
SOUT,2019-11-08 11:50:00 EST,41.04008,-72.46587,29,35.7,35.3,24.8,45.7,16.8,0.000,0.013,0.00,0.003,19.9,33.1,5.3,312,12,20.3,35.2,5.0,318,12,20.3,35.2,5.0,318,12,231,30.06,,0,0,0,47.1,52.3,54.7,0.31,0.17,0.18
SOUT,2019-11-08 11:55:00 EST,41.04008,-72.46587,29,35.6,35.2,25.3,44.1,15.8,0.000,0.013,0.00,0.003,17.3,27.1,4.0,324,13,17.7,28.0,4.1,331,10,17.7,28.0,4.1,331,10,272,30.06,,0,0,0,47.1,52.3,54.7,0.31,0.17,0.18
SOUT,2019-11-08 12:00:00 EST,41.04008,-72.46587,29,35.6,35.1,24.6,43.3,15.4,0.000,0.013,0.00,0.003,19.6,31.9,4.4,327,13,20.1,31.5,4.8,335,13,20.1,31.5,4.8,335,13,265,30.06,,0,0,0,47.1,52.3,54.7,0.31,0.17,0.18
SOUT,2019-11-08 12:05:00 EST,41.04008,-72.46587,29,35.6,35.0,24.4,41.8,14.6,0.000,0.013,0.00,0.003,20.4,29.2,3.9,329,14,21.2,30.9,4.2,334,13,21.2,30.9,4.2,334,13,428,30.06,,0,0,0,47.1,52.3,54.7,0.31,0.17,0.18
SOUT,2019-11-08 12:10:00 EST,41.04008,-72.46587,29,36.7,35.7,26.8,42.6,16.1,0.000,0.013,0.00,0.000,17.3,27.2,4.4,317,12,17.6,25.9,4.3,324,10,17.6,25.9,4.3,324,10,631,30.06,,0,0,0,47.1,52.3,54.7,0.31,0.17,0.18
SOUT,2019-11-08 12:15:00 EST,41.04008,-72.46587,29,37.6,36.5,28.3,44.9,18.1,0.000,0.013,0.00,0.000,15.6,24.3,3.6,319,18,16.4,27.3,3.8,326,16,16.4,27.3,3.8,326,16,508,30.06,,0,0,0,47.1,52.3,54.7,0.31,0.17,0.18
SOUT,2019-11-08 12:20:00 EST,41.04008,-72.46587,29,36.5,35.7,26.1,42.4,15.8,0.004,0.017,0.00,0.004,18.1,29.5,4.2,331,14,19.5,32.4,4.6,339,14,19.5,32.4,4.6,339,14,538,30.06,,0,0,0,47.1,52.3,54.7,0.31,0.17,0.18
SOUT,2019-11-08 12:25:00 EST,41.04008,-72.46587,29,36.4,35.5,25.8,41.6,15.2,0.000,0.017,0.00,0.004,18.8,27.7,4.2,327,11,19.8,30.6,4.2,336,10,19.8,30.6,4.2,336,10,447,30.06,,0,0,0,47.2,52.2,54.7,0.31,0.17,0.18
SOUT,2019-11-08 12:30:00 EST,41.04008,-72.46587,29,36.1,35.4,26.1,42.9,15.7,0.000,0.017,0.00,0.004,16.4,28.9,4.4,327,15,17.4,30.5,4.5,335,12,17.4,30.5,4.5,335,12,364,30.06,,0,0,0,47.3,52.2,54.7,0.31,0.17,0.18
SOUT,2019-11-08 12:35:00 EST,41.04008,-72.46587,29,36.2,35.3,25.5,40.4,14.4,0.000,0.017,0.00,0.004,19.1,30.3,4.3,323,11,19.8,33.7,4.1,331,11,19.8,33.7,4.1,331,11,553,30.06,,0,0,0,47.3,52.2,54.7,0.31,0.17,0.18
SOUT,2019-11-08 12:40:00 EST,41.04008,-72.46587,29,37.0,35.9,27.9,43.5,16.8,0.000,0.017,0.00,0.004,14.7,29.1,3.5,317,17,15.4,26.9,3.4,324,15,15.4,26.9,3.4,324,15,568,30.06,,0,0,0,47.3,52.2,54.7,0.30,0.17,0.18
SOUT,2019-11-08 12:45:00 EST,41.04008,-72.46587,29,37.0,35.9,27.4,42.4,16.3,0.000,0.017,0.00,0.004,16.5,29.7,5.4,322,16,17.0,30.6,5.0,330,15,17.0,30.6,5.0,330,15,581,30.06,,0,0,0,47.4,52.2,54.7,0.30,0.17,0.18
SOUT,2019-11-08 12:50:00 EST,41.04008,-72.46587,29,36.7,35.8,26.9,43.2,16.4,0.000,0.017,0.00,0.004,15.6,23.4,3.4,339,16,17.0,28.6,4.1,346,10,17.0,28.6,4.1,346,10,357,30.06,,0,0,0,47.5,52.2,54.7,0.31,0.17,0.18
SOUT,2019-11-08 12:55:00 EST,41.04008,-72.46587,29,36.2,35.4,26.5,43.8,16.2,0.000,0.017,0.00,0.004,15.3,25.1,4.6,333,19,16.4,29.5,4.8,341,14,16.4,29.5,4.8,341,14,340,30.06,,0,0,0,47.5,52.2,54.7,0.30,0.17,0.18
SOUT,2019-11-08 13:00:00 EST,41.04008,-72.46587,29,35.9,35.2,26.0,43.8,16.0,0.000,0.017,0.00,0.004,15.8,22.7,3.1,337,17,16.8,23.8,3.4,345,12,16.8,23.8,3.4,345,12,389,30.06,,0,0,0,47.5,52.2,54.7,0.31,0.17,0.18
SOUT,2019-11-08 13:05:00 EST,41.04008,-72.46587,29,36.8,35.8,26.6,44.2,17.0,0.000,0.017,0.00,0.004,17.5,27.0,4.0,333,13,18.6,31.2,4.5,340,11,18.6,31.2,4.5,340,11,493,30.06,,0,0,0,47.8,52.2,54.7,0.31,0.17,0.18
SOUT,2019-11-08 13:10:00 EST,41.04008,-72.46587,29,36.0,35.3,25.6,42.5,15.4,0.000,0.017,0.00,0.004,17.8,26.5,3.7,332,17,18.7,28.7,4.0,341,10,18.7,28.7,4.0,341,10,214,30.06,,0,0,0,47.8,52.2,54.7,0.30,0.17,0.18
SOUT,2019-11-08 13:15:00 EST,41.04008,-72.46587,29,35.6,35.1,24.5,43.2,15.4,0.000,0.017,0.00,0.004,19.2,28.4,4.0,335,18,20.8,29.5,4.1,343,11,20.8,29.5,4.1,343,11,396,30.06,,0,0,0,47.8,52.2,54.7,0.30,0.17,0.18
SOUT,2019-11-08 13:20:00 EST,41.04008,-72.46587,29,36.2,35.4,25.5,41.8,15.2,0.000,0.017,0.00,0.000,18.6,27.8,4.1,338,12,20.0,33.3,4.8,345,10,20.0,33.3,4.8,345,10,416,30.06,,0,0,0,47.8,52.2,54.7,0.30,0.17,0.18
SOUT,2019-11-08 13:25:00 EST,41.04008,-72.46587,29,36.1,35.3,25.1,40.5,14.4,0.000,0.017,0.00,0.000,20.6,27.3,3.6,328,14,21.2,29.0,4.0,336,11,21.2,29.0,4.0,336,11,486,30.06,,0,0,0,47.8,52.2,54.7,0.30,0.17,0.18
SOUT,2019-11-08 13:30:00 EST,41.04008,-72.46587,29,36.1,35.3,25.4,39.4,13.8,0.000,0.017,0.00,0.000,19.5,26.7,3.4,328,10,20.1,27.4,3.6,336,10,20.1,27.4,3.6,336,10,464,30.07,,0,0,0,47.8,52.2,54.7,0.30,0.17,0.18
SOUT,2019-11-08 13:35:00 EST,41.04008,-72.46587,29,36.5,35.5,26.1,40.3,14.6,0.000,0.017,0.00,0.000,17.7,27.3,4.2,342,16,19.1,30.8,4.4,350,10,19.1,30.8,4.4,350,10,528,30.07,,0,0,0,47.9,52.2,54.7,0.30,0.17,0.18
SOUT,2019-11-08 13:40:00 EST,41.04008,-72.46587,29,37.2,36.1,28.3,41.4,15.9,0.000,0.017,0.00,0.000,13.7,22.1,3.1,329,22,14.9,24.9,3.3,338,19,14.9,24.9,3.3,338,19,558,30.07,,0,0,0,47.9,52.2,54.6,0.30,0.17,0.18
SOUT,2019-11-08 13:45:00 EST,41.04008,-72.46587,29,36.8,35.8,27.5,42.1,15.9,0.000,0.017,0.00,0.000,15.1,20.8,3.0,321,16,15.9,22.0,3.0,329,15,15.9,22.0,3.0,329,15,386,30.06,,0,0,0,48.0,52.2,54.5,0.30,0.17,0.18
SOUT,2019-11-08 13:50:00 EST,41.04008,-72.46587,29,37.0,36.1,26.8,42.2,16.1,0.003,0.020,0.00,0.003,17.7,26.1,3.0,338,17,19.2,26.2,3.3,346,11,19.2,26.2,3.3,346,11,485,30.07,,0,0,0,48.0,52.2,54.5,0.30,0.17,0.18
SOUT,2019-11-08 13:55:00 EST,41.04008,-72.46587,29,36.5,35.6,25.8,39.6,14.2,0.002,0.022,0.00,0.005,19.2,30.3,3.5,343,11,20.7,32.0,4.1,351,9,20.7,32.0,4.1,351,9,439,30.07,,0,0,0,48.0,52.2,54.6,0.30,0.17,0.18
SOUT,2019-11-08 14:00:00 EST,41.04008,-72.46587,29,35.7,35.1,25.4,40.2,13.8,0.000,0.022,0.00,0.005,16.9,24.8,3.4,334,12,18.0,25.9,4.0,343,12,18.0,25.9,4.0,343,12,308,30.07,,0,0,0,48.0,52.2,54.4,0.30,0.17,0.18
SOUT,2019-11-08 14:05:00 EST,41.04008,-72.46587,29,35.8,35.1,24.9,41.7,14.7,0.000,0.022,0.00,0.005,19.2,28.0,3.7,336,19,20.3,29.7,3.9,343,10,20.3,29.7,3.9,343,10,315,30.07,,0,0,0,48.0,52.2,54.3,0.30,0.17,0.18
SOUT,2019-11-08 14:10:00 EST,41.04008,-72.46587,29,36.2,35.5,26.5,43.7,16.1,0.000,0.022,0.00,0.005,14.9,24.6,3.8,339,14,16.1,26.8,3.9,346,12,16.1,26.8,3.9,346,12,317,30.07,,0,0,0,48.0,52.2,54.3,0.30,0.17,0.18
SOUT,2019-11-08 14:15:00 EST,41.04008,-72.46587,29,34.9,34.6,23.7,41.2,13.6,0.000,0.022,0.00,0.005,18.2,25.9,3.5,347,11,20.0,32.3,4.1,354,6,20.0,32.3,4.1,354,6,106,30.08,,0,0,0,48.0,52.2,54.3,0.30,0.17,0.18
SOUT,2019-11-08 14:20:00 EST,41.04008,-72.46587,29,35.2,34.8,25.6,42.6,14.7,0.000,0.022,0.00,0.005,14.1,23.7,3.4,340,15,15.4,24.0,3.8,348,13,15.4,24.0,3.8,348,13,328,30.08,,0,0,0,48.0,52.2,54.3,0.30,0.17,0.18
SOUT,2019-11-08 14:25:00 EST,41.04008,-72.46587,29,35.8,35.2,25.2,41.3,14.5,0.000,0.022,0.00,0.005,17.4,25.8,3.5,345,16,18.8,28.2,3.8,353,9,18.8,28.2,3.8,353,9,281,30.08,,0,0,0,48.0,52.2,54.3,0.30,0.17,0.18
SOUT,2019-11-08 14:30:00 EST,41.04008,-72.46587,29,34.9,34.6,25.0,41.8,14.0,0.000,0.022,0.00,0.005,14.3,21.8,3.5,340,16,15.8,26.6,3.9,347,12,15.8,26.6,3.9,347,12,81,30.08,,0,0,0,48.0,52.2,54.3,0.30,0.17,0.18
SOUT,2019-11-08 14:35:00 EST,41.04008,-72.46587,29,35.0,34.7,24.7,41.8,14.1,0.000,0.022,0.00,0.005,15.8,27.1,4.1,334,17,17.1,29.2,4.5,342,13,17.1,29.2,4.5,342,13,193,30.09,,0,0,0,48.0,52.2,54.3,0.30,0.17,0.18
SOUT,2019-11-08 14:40:00 EST,41.04008,-72.46587,29,35.2,34.9,25.0,41.7,14.2,0.000,0.022,0.00,0.005,16.0,25.6,3.6,331,14,16.9,26.2,3.8,339,12,16.9,26.2,3.8,339,12,108,30.09,,0,0,0,47.9,52.1,54.3,0.30,0.17,0.18
SOUT,2019-11-08 14:45:00 EST,41.04008,-72.46587,29,34.9,34.7,25.7,42.6,14.4,0.000,0.022,0.00,0.005,12.7,19.4,3.1,335,16,13.9,20.1,3.1,343,16,13.9,20.1,3.1,343,16,106,30.09,,0,0,0,47.9,52.1,54.3,0.30,0.17,0.18
SOUT,2019-11-08 14:50:00 EST,41.04008,-72.46587,29,34.7,34.6,24.1,41.7,13.8,0.000,0.022,0.00,0.002,16.3,23.2,2.8,341,10,18.1,25.3,3.0,349,9,18.1,25.3,3.0,349,9,88,30.09,,0,0,0,47.8,52.1,54.3,0.30,0.17,0.18
SOUT,2019-11-08 14:55:00 EST,41.04008,-72.46587,29,34.6,34.6,25.6,42.5,14.2,0.000,0.022,0.00,0.000,12.0,23.1,3.6,344,15,13.2,26.4,4.0,351,11,13.2,26.4,4.0,351,11,89,30.09,,0,0,0,47.8,52.1,54.3,0.30,0.17,0.18
SOUT,2019-11-08 15:00:00 EST,41.04008,-72.46587,29,35.1,34.8,25.6,42.4,14.5,0.000,0.022,0.00,0.000,13.4,19.7,2.8,346,19,14.9,22.0,3.3,355,9,14.9,22.0,3.3,355,9,174,30.09,,0,0,0,47.8,52.0,54.3,0.30,0.17,0.18
SOUT,2019-11-08 15:05:00 EST,41.04008,-72.46587,29,35.0,34.8,25.5,42.0,14.2,0.000,0.022,0.00,0.000,13.3,20.2,3.1,342,15,14.8,23.0,3.4,350,12,14.8,23.0,3.4,350,12,89,30.09,,0,0,0,47.8,52.0,54.3,0.30,0.17,0.18
SOUT,2019-11-08 15:10:00 EST,41.04008,-72.46587,29,35.0,34.9,25.0,42.8,14.6,0.000,0.022,0.00,0.000,15.5,22.2,2.9,331,11,16.3,24.5,3.2,339,10,16.3,24.5,3.2,339,10,88,30.09,,0,0,0,47.6,52.0,54.3,0.30,0.17,0.18
SOUT,2019-11-08 15:15:00 EST,41.04008,-72.46587,29,35.1,35.0,25.8,44.1,15.4,0.000,0.022,0.00,0.000,13.0,20.3,2.9,340,12,14.4,22.5,3.2,349,10,14.4,22.5,3.2,349,10,89,30.09,,0,0,0,47.5,52.0,54.3,0.30,0.17,0.18
SOUT,2019-11-08 15:20:00 EST,41.04008,-72.46587,29,35.1,34.9,25.1,43.2,14.9,0.000,0.022,0.00,0.000,15.1,24.7,3.8,338,16,16.2,27.8,4.4,347,9,16.2,27.8,4.4,347,9,89,30.09,,0,0,0,47.5,52.0,54.3,0.30,0.17,0.18
SOUT,2019-11-08 15:25:00 EST,41.04008,-72.46587,29,35.3,35.2,26.5,43.8,15.5,0.000,0.022,0.00,0.000,12.0,17.7,2.8,341,16,13.1,20.1,3.2,348,13,13.1,20.1,3.2,348,13,91,30.10,,0,0,0,47.5,52.0,54.3,0.30,0.17,0.18
SOUT,2019-11-08 15:30:00 EST,41.04008,-72.46587,29,35.6,35.5,25.7,45.1,16.4,0.000,0.022,0.00,0.000,15.6,21.9,3.4,329,11,16.4,24.0,4.1,339,11,16.4,24.0,4.1,339,11,87,30.10,,0,0,0,47.5,52.0,54.3,0.30,0.17,0.18
SOUT,2019-11-08 15:35:00 EST,41.04008,-72.46587,29,35.1,35.1,25.1,42.4,14.5,0.000,0.022,0.00,0.000,14.9,22.2,3.3,343,19,16.5,25.0,3.7,352,9,16.5,25.0,3.7,352,9,65,30.10,,0,0,0,47.5,52.0,54.3,0.30,0.17,0.18
SOUT,2019-11-08 15:40:00 EST,41.04008,-72.46587,29,35.2,35.2,25.4,43.1,15.0,0.000,0.022,0.00,0.000,15.3,21.9,2.8,331,12,16.0,23.7,3.2,338,11,16.0,23.7,3.2,338,11,77,30.10,,0,0,0,47.5,52.0,54.3,0.30,0.17,0.18
SOUT,2019-11-08 15:45:00 EST,41.04008,-72.46587,29,35.2,35.2,25.6,42.7,14.8,0.000,0.022,0.00,0.000,14.9,22.3,3.1,322,12,15.3,23.5,3.2,329,11,15.3,23.5,3.2,329,11,64,30.10,,0,0,0,47.4,52.0,54.3,0.30,0.17,0.18
SOUT,2019-11-08 15:50:00 EST,41.04008,-72.46587,29,35.1,35.1,25.2,41.8,14.2,0.000,0.022,0.00,0.000,15.3,27.3,3.4,322,17,16.0,28.8,3.7,330,15,16.0,28.8,3.7,330,15,65,30.10,,0,0,0,47.3,52.0,54.3,0.30,0.17,0.18
SOUT,2019-11-08 15:55:00 EST,41.04008,-72.46587,29,35.4,35.4,26.6,44.6,16.0,0.000,0.022,0.00,0.000,12.7,23.0,3.9,324,12,13.2,23.3,3.9,332,11,13.2,23.3,3.9,332,11,78,30.10,,0,0,0,47.3,52.0,54.3,0.30,0.17,0.18
SOUT,2019-11-08 16:00:00 EST,41.04008,-72.46587,29,35.4,35.4,26.1,43.9,15.5,0.000,0.022,0.00,0.000,14.0,24.0,3.4,325,12,14.4,23.8,3.2,333,11,14.4,23.8,3.2,333,11,57,30.11,,0,0,0,47.3,52.0,54.3,0.30,0.17,0.18
SOUT,2019-11-08 16:05:00 EST,41.04008,-72.46587,29,35.2,35.3,25.6,44.3,15.6,0.000,0.022,0.00,0.000,14.1,24.7,3.9,343,18,15.4,28.0,4.2,349,11,15.4,28.0,4.2,349,11,36,30.11,,0,0,0,47.3,52.0,54.3,0.30,0.17,0.18
SOUT,2019-11-08 16:10:00 EST,41.04008,-72.46587,29,35.2,35.2,24.2,44.1,15.5,0.000,0.022,0.00,0.000,18.4,27.6,4.3,343,24,19.8,30.4,4.4,351,11,19.8,30.4,4.4,351,11,29,30.11,,0,0,0,47.2,52.0,54.3,0.30,0.17,0.18
SOUT,2019-11-08 16:15:00 EST,41.04008,-72.46587,29,34.8,34.9,24.3,42.5,14.3,0.000,0.022,0.00,0.000,16.7,26.0,3.6,335,13,17.9,26.9,4.0,342,10,17.9,26.9,4.0,342,10,24,30.11,,0,0,0,47.1,52.0,54.3,0.30,0.17,0.18
SOUT,2019-11-08 16:20:00 EST,41.04008,-72.46587,29,34.7,34.9,23.9,42.2,14.0,0.000,0.022,0.00,0.000,17.8,24.5,3.0,333,11,18.8,26.6,3.4,341,10,18.8,26.6,3.4,341,10,18,30.11,,0,0,0,47.1,52.0,54.3,0.30,0.17,0.18
SOUT,2019-11-08 16:25:00 EST,41.04008,-72.46587,29,34.5,34.7,23.8,42.5,14.1,0.000,0.022,0.00,0.000,16.5,23.7,3.2,344,19,18.1,28.5,3.7,351,10,18.1,28.5,3.7,351,10,17,30.12,,0,0,0,47.1,52.0,54.3,0.30,0.17,0.18
SOUT,2019-11-08 16:30:00 EST,41.04008,-72.46587,29,34.4,34.6,24.9,43.2,14.4,0.000,0.022,0.00,0.000,13.7,21.4,3.4,317,12,14.4,23.6,3.3,327,12,14.4,23.6,3.3,327,12,12,30.12,,0,0,0,47.1,52.0,54.3,0.30,0.17,0.18
SOUT,2019-11-08 16:35:00 EST,41.04008,-72.46587,29,34.4,34.7,24.7,45.5,15.5,0.000,0.022,0.00,0.000,13.7,21.9,3.4,338,17,15.1,25.3,4.0,346,12,15.1,25.3,4.0,346,12,7,30.12,,0,0,0,47.0,52.0,54.3,0.30,0.17,0.18
SOUT,2019-11-08 16:40:00 EST,41.04008,-72.46587,29,34.6,34.7,23.9,44.5,15.1,0.000,0.022,0.00,0.000,16.8,25.0,3.8,335,10,17.9,29.0,4.3,343,9,17.9,29.0,4.3,343,9,5,30.12,,0,0,0,46.9,52.0,54.3,0.30,0.17,0.18
SOUT,2019-11-08 16:45:00 EST,41.04008,-72.46587,29,34.4,34.6,23.5,43.0,14.2,0.000,0.022,0.00,0.000,18.2,25.8,3.2,331,11,18.9,28.4,3.5,338,9,18.9,28.4,3.5,338,9,3,30.13,,0,0,0,46.9,52.0,54.3,0.30,0.17,0.18
SOUT,2019-11-08 16:50:00 EST,41.04008,-72.46587,29,34.5,34.7,23.7,44.9,15.3,0.000,0.022,0.00,0.000,16.4,24.5,3.9,348,12,18.3,28.7,4.6,354,10,18.3,28.7,4.6,354,10,1,30.13,,0,0,0,46.9,52.0,54.3,0.30,0.17,0.18
SOUT,2019-11-08 16:55:00 EST,41.04008,-72.46587,29,34.4,34.6,23.5,43.9,14.6,0.000,0.022,0.00,0.000,16.8,25.4,3.7,348,16,18.5,27.7,4.2,358,8,18.5,27.7,4.2,358,8,1,30.13,,0,0,0,46.8,52.0,54.3,0.30,0.17,0.18
SOUT,2019-11-08 17:00:00 EST,41.04008,-72.46587,29,34.2,34.4,23.6,43.9,14.5,0.000,0.022,0.00,0.000,15.8,24.7,3.8,344,11,17.6,27.1,4.4,352,8,17.6,27.1,4.4,352,8,0,30.13,,0,0,0,46.8,52.0,54.3,0.30,0.17,0.18
SOUT,2019-11-08 17:05:00 EST,41.04008,-72.46587,29,34.1,34.3,22.7,42.6,13.7,0.000,0.022,0.00,0.000,18.4,27.3,3.8,343,11,20.2,30.5,4.2,351,9,20.2,30.5,4.2,351,9,0,30.14,,0,0,0,46.8,52.0,54.3,0.30,0.17,0.18
SOUT,2019-11-08 17:10:00 EST,41.04008,-72.46587,29,34.0,34.2,23.1,43.0,13.8,0.000,0.022,0.00,0.000,16.4,25.2,3.3,350,18,18.4,27.1,3.5,356,10,18.4,27.1,3.5,356,10,0,30.14,,0,0,0,46.7,52.0,54.3,0.30,0.17,0.18
SOUT,2019-11-08 17:15:00 EST,41.04008,-72.46587,29,34.1,34.3,23.0,43.4,14.1,0.000,0.022,0.00,0.000,17.6,29.0,3.7,333,13,18.8,29.3,3.8,342,11,18.8,29.3,3.8,342,11,0,30.14,,0,0,0,46.6,52.0,54.3,0.30,0.17,0.18
SOUT,2019-11-08 17:20:00 EST,41.04008,-72.46587,29,34.1,34.3,23.7,43.4,14.1,0.000,0.022,0.00,0.000,15.8,25.2,3.5,334,15,16.9,27.3,3.9,342,12,16.9,27.3,3.9,342,12,0,30.15,,0,0,0,46.6,52.0,54.3,0.30,0.17,0.18
SOUT,2019-11-08 17:25:00 EST,41.04008,-72.46587,29,34.1,34.3,24.6,44.4,14.7,0.000,0.022,0.00,0.000,13.5,21.3,3.2,336,14,14.1,24.0,3.8,344,13,14.1,24.0,3.8,344,13,0,30.15,,0,0,0,46.5,52.0,54.3,0.30,0.17,0.18
SOUT,2019-11-08 17:30:00 EST,41.04008,-72.46587,29,34.1,34.3,24.8,45.0,14.9,0.000,0.022,0.00,0.000,12.6,19.0,3.4,337,15,13.4,19.9,3.8,345,9,13.4,19.9,3.8,345,9,0,30.15,,0,0,0,46.4,52.0,54.3,0.30,0.17,0.18
SOUT,2019-11-08 17:35:00 EST,41.04008,-72.46587,29,34.2,34.3,24.3,44.8,14.9,0.000,0.022,0.00,0.000,14.2,20.5,2.8,331,13,15.2,22.4,3.0,339,10,15.2,22.4,3.0,339,10,0,30.16,,0,0,0,46.4,52.0,54.3,0.30,0.17,0.18
SOUT,2019-11-08 17:40:00 EST,41.04008,-72.46587,29,34.0,34.2,23.7,43.6,14.1,0.000,0.022,0.00,0.000,14.8,22.9,3.4,343,17,16.2,25.6,4.1,350,10,16.2,25.6,4.1,350,10,0,30.16,,0,0,0,46.3,52.0,54.3,0.30,0.17,0.18
SOUT,2019-11-08 17:45:00 EST,41.04008,-72.46587,29,34.1,34.3,24.1,44.7,14.8,0.000,0.022,0.00,0.000,14.2,22.9,2.8,328,19,15.3,24.1,3.4,336,18,15.3,24.1,3.4,336,18,0,30.16,,0,0,0,46.0,52.0,54.3,0.30,0.17,0.18
SOUT,2019-11-08 17:50:00 EST,41.04008,-72.46587,29,33.8,34.1,23.8,43.8,14.1,0.000,0.022,0.00,0.000,13.7,19.6,3.3,350,17,15.4,23.5,3.6,356,9,15.4,23.5,3.6,356,9,0,30.17,,0,0,0,46.0,52.0,54.3,0.30,0.17,0.18
SOUT,2019-11-08 17:55:00 EST,41.04008,-72.46587,29,33.8,34.0,24.5,44.7,14.5,0.000,0.022,0.00,0.000,12.2,22.6,4.0,339,14,13.1,24.8,4.2,346,12,13.1,24.8,4.2,346,12,0,30.17,,0,0,0,46.0,52.0,54.2,0.30,0.17,0.18
SOUT,2019-11-08 18:00:00 EST,41.04008,-72.46587,29,33.8,34.0,23.7,43.4,13.8,0.000,0.022,0.00,0.000,14.8,25.8,4.7,334,16,15.6,26.0,4.7,342,13,15.6,26.0,4.7,342,13,0,30.17,,0,0,0,45.9,52.0,54.2,0.30,0.17,0.18
SOUT,2019-11-08 18:05:00 EST,41.04008,-72.46587,29,33.7,33.9,23.3,44.0,14.0,0.000,0.022,0.00,0.000,15.1,23.2,3.7,335,14,16.1,25.3,4.1,342,13,16.1,25.3,4.1,342,13,0,30.18,,0,0,0,45.9,52.0,54.2,0.30,0.17,0.18
SOUT,2019-11-08 18:10:00 EST,41.04008,-72.46587,29,33.8,33.9,22.6,42.9,13.6,0.000,0.022,0.00,0.000,17.0,28.6,4.0,344,16,18.9,30.1,4.5,353,9,18.9,30.1,4.5,353,9,0,30.18,,0,0,0,45.9,52.0,54.2,0.30,0.17,0.18
SOUT,2019-11-08 18:15:00 EST,41.04008,-72.46587,29,33.4,33.6,22.0,41.5,12.5,0.000,0.022,0.00,0.000,17.9,28.4,3.5,345,12,19.5,29.2,4.1,352,9,19.5,29.2,4.1,352,9,0,30.19,,0,0,0,45.9,51.9,54.1,0.30,0.17,0.18
SOUT,2019-11-08 18:20:00 EST,41.04008,-72.46587,29,33.2,33.5,22.8,43.4,13.3,0.000,0.022,0.00,0.000,14.7,23.3,3.2,335,13,16.1,25.8,3.4,345,10,16.1,25.8,3.4,345,10,0,30.18,,0,0,0,45.8,51.8,54.1,0.30,0.17,0.18
SOUT,2019-11-08 18:25:00 EST,41.04008,-72.46587,29,33.2,33.4,22.5,42.3,12.8,0.000,0.022,0.00,0.000,15.9,22.9,3.5,331,14,16.9,24.5,3.7,340,10,16.9,24.5,3.7,340,10,0,30.19,,0,0,0,45.7,51.9,54.1,0.30,0.17,0.18
SOUT,2019-11-08 18:30:00 EST,41.04008,-72.46587,29,33.2,33.4,21.8,43.4,13.3,0.000,0.022,0.00,0.000,17.8,25.4,2.9,335,13,19.1,27.4,3.4,343,11,19.1,27.4,3.4,343,11,0,30.19,,0,0,0,45.7,51.9,54.1,0.30,0.17,0.18
SOUT,2019-11-08 18:35:00 EST,41.04008,-72.46587,29,33.1,33.3,21.7,41.6,12.3,0.000,0.022,0.00,0.000,18.0,28.6,3.7,334,11,19.1,29.5,4.0,343,10,19.1,29.5,4.0,343,10,0,30.19,,0,0,0,45.6,51.8,54.1,0.30,0.17,0.18
SOUT,2019-11-08 18:40:00 EST,41.04008,-72.46587,29,33.1,33.3,21.5,41.6,12.2,0.000,0.022,0.00,0.000,18.6,26.2,3.7,328,11,19.6,30.0,4.0,336,10,19.6,30.0,4.0,336,10,0,30.19,,0,0,0,45.5,51.8,54.1,0.30,0.17,0.18
SOUT,2019-11-08 18:45:00 EST,41.04008,-72.46587,29,33.0,33.3,22.0,44.1,13.5,0.000,0.022,0.00,0.000,17.0,24.4,3.9,325,12,17.7,26.9,4.0,332,11,17.7,26.9,4.0,332,11,0,30.19,,0,0,0,45.5,51.8,54.1,0.30,0.17,0.18
SOUT,2019-11-08 18:50:00 EST,41.04008,-72.46587,29,32.9,33.1,21.4,43.6,13.1,0.000,0.022,0.00,0.000,17.9,27.8,4.6,331,20,19.0,32.5,4.8,340,13,19.0,32.5,4.8,340,13,0,30.19,,0,0,0,45.5,51.8,54.1,0.30,0.17,0.18
SOUT,2019-11-08 18:55:00 EST,41.04008,-72.46587,29,32.8,33.1,22.1,44.4,13.5,0.000,0.022,0.00,0.000,15.5,21.1,2.9,334,18,16.6,24.5,3.2,342,13,16.6,24.5,3.2,342,13,0,30.20,,0,0,0,45.5,51.8,54.1,0.30,0.17,0.18
SOUT,2019-11-08 19:00:00 EST,41.04008,-72.46587,29,32.8,33.0,21.9,44.6,13.5,0.000,0.022,0.00,0.000,15.5,24.9,3.2,341,12,17.1,26.3,3.4,349,11,17.1,26.3,3.4,349,11,0,30.20,,0,0,0,45.4,51.8,54.1,0.30,0.17,0.18
SOUT,2019-11-08 19:05:00 EST,41.04008,-72.46587,29,32.7,32.9,21.8,44.4,13.4,,,,,16.0,28.1,3.9,333,14,17.1,29.9,4.4,341,13,17.1,29.9,4.4,341,13,0,30.20,,0,0,0,45.3,51.8,54.1,0.30,0.17,0.18
SOUT,2019-11-08 19:10:00 EST,41.04008,-72.46587,29,32.5,32.8,21.8,44.9,13.5,,,,,15.4,21.9,3.1,336,12,16.5,24.8,3.2,344,10,16.5,24.8,3.2,344,10,0,30.21,,0,0,0,45.3,51.8,54.1,0.30,0.17,0.18
SOUT,2019-11-08 19:15:00 EST,41.04008,-72.46587,29,32.6,32.9,21.9,46.3,14.2,,,,,15.0,25.4,3.7,340,15,16.4,27.7,3.9,349,10,16.4,27.7,3.9,349,10,0,30.21,,0,0,0,45.3,51.8,54.1,0.30,0.17,0.18
SOUT,2019-11-08 19:20:00 EST,41.04008,-72.46587,29,32.4,32.7,21.4,43.4,12.6,,,,,15.5,26.4,3.9,340,16,16.9,29.4,4.4,349,12,16.9,29.4,4.4,349,12,0,30.21,,0,0,0,45.1,51.8,54.1,0.30,0.17,0.18
SOUT,2019-11-08 19:25:00 EST,41.04008,-72.46587,29,32.5,32.7,22.7,46.6,14.3,,,,,12.6,19.4,3.1,340,20,13.6,21.9,3.3,345,13,13.6,21.9,3.3,345,13,0,30.21,,0,0,0,45.1,51.8,54.1,0.30,0.17,0.18
SOUT,2019-11-08 19:30:00 EST,41.04008,-72.46587,29,32.4,32.6,21.4,44.7,13.3,,,,,15.4,24.6,3.3,344,17,16.9,26.5,3.5,351,10,16.9,26.5,3.5,351,10,0,30.21,,0,0,0,45.1,51.8,54.1,0.30,0.17,0.18
SOUT,2019-11-08 19:35:00 EST,41.04008,-72.46587,29,32.7,32.9,21.7,47.0,14.6,,,,,15.8,24.2,3.6,341,15,17.3,27.8,3.9,347,10,17.3,27.8,3.9,347,10,0,30.22,,0,0,0,45.1,51.8,54.1,0.30,0.17,0.18
SOUT,2019-11-08 19:40:00 EST,41.04008,-72.46587,29,32.5,32.7,21.4,45.4,13.7,,,,,15.9,22.7,3.2,341,23,17.4,25.0,3.5,347,12,17.4,25.0,3.5,347,12,0,30.22,,0,0,0,45.1,51.8,54.1,0.30,0.17,0.18
SOUT,2019-11-08 19:45:00 EST,41.04008,-72.46587,29,32.5,32.7,22.4,46.4,14.2,,,,,13.6,20.4,2.4,334,12,14.6,21.2,2.8,343,10,14.6,21.2,2.8,343,10,0,30.21,,0,0,0,45.0,51.8,54.1,0.30,0.17,0.18
SOUT,2019-11-08 19:50:00 EST,41.04008,-72.46587,29,32.5,32.7,22.7,47.5,14.7,,,,,12.2,18.6,2.3,342,17,13.7,20.8,2.8,349,10,13.7,20.8,2.8,349,10,0,30.22,,0,0,0,45.0,51.8,54.1,0.30,0.17,0.18
SOUT,2019-11-08 19:55:00 EST,41.04008,-72.46587,29,32.4,32.7,22.2,47.2,14.5,,,,,13.7,19.9,2.8,337,11,14.8,20.8,3.2,346,10,14.8,20.8,3.2,346,10,0,30.22,,0,0,0,45.0,51.8,54.1,0.30,0.17,0.18
SOUT,2019-11-08 20:00:00 EST,41.04008,-72.46587,29,32.3,32.5,22.2,46.4,14.0,,,,,13.2,20.8,3.4,338,15,14.4,23.3,3.9,347,14,14.4,23.3,3.9,347,14,0,30.22,,0,0,0,45.0,51.8,54.1,0.30,0.17,0.18
SOUT,2019-11-08 20:05:00 EST,41.04008,-72.46587,29,32.4,32.6,21.9,45.6,13.7,,,,,14.4,20.5,2.6,337,15,15.6,22.3,2.9,346,10,15.6,22.3,2.9,346,10,0,30.22,,0,0,0,44.8,51.6,54.1,0.30,0.17,0.18
SOUT,2019-11-08 20:10:00 EST,41.04008,-72.46587,29,32.3,32.6,21.5,46.7,14.2,,,,,15.5,25.1,3.5,330,9,16.5,26.6,3.5,339,8,16.5,26.6,3.5,339,8,0,30.22,,0,0,0,44.8,51.6,54.1,0.30,0.17,0.18
SOUT,2019-11-08 20:15:00 EST,41.04008,-72.46587,29,32.2,32.4,21.7,44.7,13.1,,,,,14.1,22.3,2.9,334,12,15.5,24.2,3.5,343,9,15.5,24.2,3.5,343,9,0,30.22,,0,0,0,44.8,51.4,54.1,0.30,0.17,0.18
SOUT,2019-11-08 20:20:00 EST,41.04008,-72.46587,29,32.1,32.4,22.1,45.1,13.2,,,,,13.1,20.6,3.7,332,19,14.2,23.9,3.9,340,14,14.2,23.9,3.9,340,14,0,30.23,,0,0,0,44.8,51.4,54.1,0.30,0.17,0.18
SOUT,2019-11-08 20:25:00 EST,41.04008,-72.46587,29,32.2,32.4,21.1,43.8,12.7,,,,,15.9,21.6,2.7,344,13,17.4,25.1,3.3,350,10,17.4,25.1,3.3,350,10,0,30.23,,0,0,0,44.8,51.4,54.1,0.30,0.17,0.18
SOUT,2019-11-08 20:30:00 EST,41.04008,-72.46587,29,32.1,32.3,22.9,44.7,13.0,,,,,10.7,20.5,2.9,336,16,12.0,22.4,3.2,342,11,12.0,22.4,3.2,342,11,0,30.23,,0,0,0,44.8,51.4,54.1,0.30,0.17,0.18
SOUT,2019-11-08 20:35:00 EST,41.04008,-72.46587,29,32.2,32.4,21.1,44.8,13.1,,,,,15.6,25.7,3.5,343,16,17.3,29.8,4.0,352,8,17.3,29.8,4.0,352,8,0,30.24,,0,0,0,44.7,51.4,54.1,0.30,0.17,0.18
SOUT,2019-11-08 20:40:00 EST,41.04008,-72.46587,29,32.2,32.4,21.8,45.9,13.7,,,,,14.0,22.5,3.5,337,24,15.1,28.5,4.3,348,14,15.1,28.5,4.3,348,14,0,30.24,,0,0,0,44.6,51.4,54.1,0.30,0.17,0.18
SOUT,2019-11-08 20:45:00 EST,41.04008,-72.46587,29,32.1,32.3,22.0,46.5,13.9,,,,,13.3,19.3,2.7,334,14,14.2,20.8,2.9,342,11,14.2,20.8,2.9,342,11,0,30.23,,0,0,0,44.6,51.4,54.1,0.30,0.17,0.18
SOUT,2019-11-08 20:50:00 EST,41.04008,-72.46587,29,32.1,32.3,20.8,45.3,13.2,,,,,16.9,25.7,3.8,329,12,17.6,26.7,4.1,337,12,17.6,26.7,4.1,337,12,0,30.24,,0,0,0,44.6,51.4,54.1,0.30,0.17,0.18
SOUT,2019-11-08 20:55:00 EST,41.04008,-72.46587,29,31.9,32.1,21.4,44.9,12.9,,,,,14.4,22.0,3.1,324,12,15.2,22.1,3.2,333,11,15.2,22.1,3.2,333,11,0,30.24,,0,0,0,44.6,51.4,54.1,0.30,0.17,0.18
SOUT,2019-11-08 21:00:00 EST,41.04008,-72.46587,29,32.0,32.2,21.1,44.4,12.7,,,,,15.4,22.9,3.0,331,16,16.3,26.6,3.1,339,10,16.3,26.6,3.1,339,10,0,30.24,,0,0,0,44.6,51.4,54.0,0.30,0.17,0.18
SOUT,2019-11-08 21:05:00 EST,41.04008,-72.46587,29,31.9,32.2,22.2,46.6,13.8,,,,,11.9,17.7,2.9,338,19,13.1,19.4,3.3,346,11,13.1,19.4,3.3,346,11,0,30.25,,0,0,0,44.5,51.4,54.1,0.30,0.17,0.18
SOUT,2019-11-08 21:10:00 EST,41.04008,-72.46587,29,32.0,32.2,20.6,45.1,13.1,,,,,16.7,25.9,3.5,338,15,18.1,27.9,3.9,346,12,18.1,27.9,3.9,346,12,0,30.25,,0,0,0,44.4,51.4,53.9,0.30,0.17,0.18
SOUT,2019-11-08 21:15:00 EST,41.04008,-72.46587,29,32.0,32.2,20.6,45.2,13.2,,,,,16.6,23.8,3.8,337,11,17.9,26.4,4.1,346,9,17.9,26.4,4.1,346,9,0,30.25,,0,0,0,44.4,51.4,53.9,0.30,0.17,0.18
SOUT,2019-11-08 21:20:00 EST,41.04008,-72.46587,29,31.9,32.1,20.5,44.0,12.4,,,,,15.8,24.0,3.0,345,13,17.6,27.6,3.4,354,8,17.6,27.6,3.4,354,8,0,30.25,,0,0,0,44.4,51.4,53.9,0.30,0.17,0.18
SOUT,2019-11-08 21:25:00 EST,41.04008,-72.46587,29,31.8,32.0,20.9,44.9,12.8,,,,,14.6,22.5,2.9,334,18,16.0,24.7,2.9,343,11,16.0,24.7,2.9,343,11,0,30.25,,0,0,0,44.4,51.4,53.9,0.30,0.17,0.18
SOUT,2019-11-08 21:30:00 EST,41.04008,-72.46587,29,31.8,32.0,20.4,45.9,13.3,,,,,16.8,27.8,3.5,341,21,18.0,29.4,3.6,348,12,18.0,29.4,3.6,348,12,0,30.26,,0,0,0,44.4,51.4,53.8,0.30,0.17,0.18
SOUT,2019-11-08 21:35:00 EST,41.04008,-72.46587,29,31.7,31.9,20.2,45.6,13.0,,,,,16.3,23.8,3.6,346,13,17.9,27.8,4.1,353,8,17.9,27.8,4.1,353,8,0,30.26,,0,0,0,44.4,51.4,53.9,0.30,0.17,0.18
SOUT,2019-11-08 21:40:00 EST,41.04008,-72.46587,29,31.6,31.8,20.3,45.5,12.9,,,,,16.4,25.5,3.4,330,13,17.3,29.3,3.7,338,13,17.3,29.3,3.7,338,13,0,30.26,,0,0,0,44.2,51.4,53.8,0.30,0.17,0.18
SOUT,2019-11-08 21:45:00 EST,41.04008,-72.46587,29,31.5,31.8,20.9,46.3,13.3,,,,,14.3,23.4,3.1,334,14,15.2,26.1,3.4,342,11,15.2,26.1,3.4,342,11,0,30.26,,0,0,0,44.1,51.4,53.8,0.30,0.17,0.18
SOUT,2019-11-08 21:50:00 EST,41.04008,-72.46587,29,31.5,31.7,20.7,46.9,13.5,,,,,14.3,20.5,3.2,334,13,15.6,24.1,3.4,343,11,15.6,24.1,3.4,343,11,0,30.26,,0,0,0,44.1,51.3,53.8,0.30,0.17,0.18
SOUT,2019-11-08 21:55:00 EST,41.04008,-72.46587,29,31.4,31.6,20.1,46.0,13.0,,,,,15.6,25.1,4.0,343,13,16.9,27.0,3.9,351,12,16.9,27.0,3.9,351,12,0,30.26,,0,0,0,44.1,51.3,53.8,0.30,0.17,0.18
SOUT,2019-11-08 22:00:00 EST,41.04008,-72.46587,29,31.4,31.7,20.1,47.4,13.7,,,,,15.9,23.2,3.0,342,12,17.3,24.9,3.4,348,10,17.3,24.9,3.4,348,10,0,30.26,,0,0,0,44.1,51.3,53.8,0.30,0.17,0.18
SOUT,2019-11-08 22:05:00 EST,41.04008,-72.46587,29,31.4,31.6,19.5,46.3,13.1,,,,,16.9,26.1,3.1,348,22,18.8,29.6,3.5,356,9,18.8,29.6,3.5,356,9,0,30.27,,0,0,0,44.0,51.3,53.8,0.30,0.17,0.18
SOUT,2019-11-08 22:10:00 EST,41.04008,-72.46587,29,31.3,31.6,20.6,46.8,13.3,,,,,14.0,22.9,3.5,337,11,15.2,23.8,3.8,347,9,15.2,23.8,3.8,347,9,0,30.26,,0,0,0,43.9,51.3,53.8,0.30,0.17,0.18
SOUT,2019-11-08 22:15:00 EST,41.04008,-72.46587,29,31.2,31.5,21.6,47.9,13.7,,,,,11.6,19.7,2.7,322,13,12.4,20.0,2.7,331,13,12.4,20.0,2.7,331,13,0,30.26,,0,0,0,43.9,51.3,53.8,0.30,0.17,0.18
SOUT,2019-11-08 22:20:00 EST,41.04008,-72.46587,29,31.2,31.5,20.5,47.2,13.4,,,,,13.8,22.1,2.9,338,14,15.2,22.3,3.1,345,12,15.2,22.3,3.1,345,12,0,30.27,,0,0,0,43.9,51.3,53.8,0.30,0.17,0.18
SOUT,2019-11-08 22:25:00 EST,41.04008,-72.46587,29,31.1,31.4,20.4,47.9,13.7,,,,,14.0,22.1,2.8,339,20,15.1,26.9,3.2,346,15,15.1,26.9,3.2,346,15,0,30.27,,0,0,0,43.9,51.3,53.8,0.30,0.17,0.18
SOUT,2019-11-08 22:30:00 EST,41.04008,-72.46587,29,31.0,31.3,19.9,46.2,12.8,,,,,14.7,20.9,2.6,345,19,16.5,24.7,3.0,353,11,16.5,24.7,3.0,353,11,0,30.27,,0,0,0,43.9,51.3,53.8,0.30,0.17,0.18
SOUT,2019-11-08 22:35:00 EST,41.04008,-72.46587,29,31.1,31.3,21.0,48.1,13.7,,,,,12.1,18.6,2.8,343,10,13.4,23.7,3.3,350,7,13.4,23.7,3.3,350,7,0,30.27,,0,0,0,43.9,51.3,53.8,0.30,0.17,0.18
SOUT,2019-11-08 22:40:00 EST,41.04008,-72.46587,29,31.0,31.3,20.8,49.3,14.2,,,,,12.6,19.1,2.7,333,14,13.8,22.2,3.0,342,13,13.8,22.2,3.0,342,13,0,30.27,,0,0,0,43.8,51.3,53.8,0.30,0.17,0.18
SOUT,2019-11-08 22:45:00 EST,41.04008,-72.46587,29,31.0,31.3,20.7,49.2,14.2,,,,,12.7,19.4,3.1,333,17,14.0,22.0,3.5,343,14,14.0,22.0,3.5,343,14,0,30.27,,0,0,0,43.7,51.3,53.8,0.30,0.17,0.18
SOUT,2019-11-08 22:50:00 EST,41.04008,-72.46587,29,31.1,31.4,19.8,46.6,13.0,,,,,14.8,22.7,3.2,347,19,16.9,25.5,3.7,354,11,16.9,25.5,3.7,354,11,0,30.27,,0,0,0,43.7,51.3,53.8,0.30,0.17,0.18
SOUT,2019-11-08 22:55:00 EST,41.04008,-72.46587,29,31.0,31.2,20.6,46.9,13.0,,,,,12.9,19.4,2.8,334,14,14.0,21.9,3.2,344,13,14.0,21.9,3.2,344,13,0,30.28,,0,0,0,43.7,51.3,53.8,0.30,0.17,0.18
SOUT,2019-11-08 23:00:00 EST,41.04008,-72.46587,29,30.8,31.1,21.2,47.8,13.3,,,,,11.3,21.3,2.9,333,10,12.2,23.1,3.0,341,8,12.2,23.1,3.0,341,8,0,30.28,,0,0,0,43.7,51.3,53.8,0.30,0.17,0.18
SOUT,2019-11-08 23:05:00 EST,41.04008,-72.46587,29,30.9,31.1,21.0,47.5,13.2,,,,,11.9,18.6,2.6,333,15,12.9,20.3,2.6,342,14,12.9,20.3,2.6,342,14,0,30.28,,0,0,0,43.7,51.3,53.8,0.30,0.17,0.18
SOUT,2019-11-08 23:10:00 EST,41.04008,-72.46587,29,30.8,31.2,20.6,49.7,14.2,,,,,12.3,18.9,2.4,341,17,13.6,21.6,2.9,351,12,13.6,21.6,2.9,351,12,0,30.28,,0,0,0,43.7,51.2,53.8,0.30,0.17,0.18
SOUT,2019-11-08 23:15:00 EST,41.04008,-72.46587,29,30.8,31.1,20.4,48.0,13.5,,,,,12.7,18.0,2.1,350,20,14.3,21.3,2.5,356,11,14.3,21.3,2.5,356,11,0,30.28,,0,0,0,43.5,51.2,53.8,0.30,0.17,0.18
SOUT,2019-11-08 23:20:00 EST,41.04008,-72.46587,29,30.8,31.1,20.3,47.8,13.3,,,,,12.9,19.8,3.3,345,16,14.5,23.7,3.7,351,11,14.5,23.7,3.7,351,11,0,30.28,,0,0,0,43.5,51.1,53.8,0.30,0.17,0.18
SOUT,2019-11-08 23:25:00 EST,41.04008,-72.46587,29,30.8,31.0,19.7,48.2,13.5,,,,,14.2,21.6,2.9,343,16,15.9,22.1,3.0,351,8,15.9,22.1,3.0,351,8,0,30.28,,0,0,0,43.5,51.1,53.8,0.30,0.17,0.18
SOUT,2019-11-08 23:30:00 EST,41.04008,-72.46587,29,30.8,31.1,20.3,50.0,14.4,,,,,13.1,19.3,2.7,340,11,14.5,21.7,2.9,349,9,14.5,21.7,2.9,349,9,0,30.28,,0,0,0,43.5,51.1,53.8,0.30,0.17,0.18
SOUT,2019-11-08 23:35:00 EST,41.04008,-72.46587,29,30.7,31.0,20.8,51.2,14.8,,,,,11.6,19.2,3.0,347,16,12.9,22.4,3.4,353,12,12.9,22.4,3.4,353,12,0,30.28,,0,0,0,43.5,51.1,53.8,0.30,0.17,0.18
SOUT,2019-11-08 23:40:00 EST,41.04008,-72.46587,29,30.7,31.0,20.2,52.4,15.4,,,,,13.1,20.8,3.2,343,18,14.3,21.2,3.6,351,11,14.3,21.2,3.6,351,11,0,30.29,,0,0,0,43.5,51.1,53.8,0.30,0.17,0.18
SOUT,2019-11-08 23:45:00 EST,41.04008,-72.46587,29,30.6,30.9,20.3,51.3,14.8,,,,,12.3,19.9,3.5,343,16,13.8,22.4,3.9,351,13,13.8,22.4,3.9,351,13,0,30.29,,0,0,0,43.5,51.1,53.8,0.30,0.17,0.18
SOUT,2019-11-08 23:50:00 EST,41.04008,-72.46587,29,30.5,30.8,21.2,52.2,15.1,,,,,10.3,16.1,2.4,338,11,11.3,18.2,2.7,346,10,11.3,18.2,2.7,346,10,0,30.29,,0,0,0,43.5,51.1,53.8,0.30,0.17,0.18
SOUT,2019-11-08 23:55:00 EST,41.04008,-72.46587,29,30.6,30.9,20.2,52.9,15.4,,,,,12.3,18.1,2.2,348,13,13.8,21.0,2.7,355,10,13.8,21.0,2.7,355,10,0,30.29,,0,0,0,43.5,51.1,53.8,0.30,0.17,0.18
SPRA,2019-11-08 00:00:00 EST,42.87427,-74.50859,656,25.5,25.7,20.1,84.8,21.5,0.000,0.192,0.00,0.000,3.9,6.1,1.0,290,14,4.3,7.2,1.2,294,13,4.3,7.2,1.2,294,13,0,29.37,0.1,0,0,0,39.0,45.0,48.7,0.44,0.48,0.55
SPRA,2019-11-08 00:05:00 EST,42.87427,-74.50859,656,25.4,25.6,20.3,85.5,21.6,0.000,0.000,0.00,0.000,3.7,6.5,1.0,290,13,4.1,8.0,1.3,294,12,4.1,8.0,1.3,294,12,0,29.37,0.2,0,0,0,39.0,45.0,48.7,0.44,0.48,0.56
SPRA,2019-11-08 00:10:00 EST,42.87427,-74.50859,656,25.3,25.6,19.8,85.3,21.6,0.000,0.000,0.00,0.000,4.1,6.2,0.9,286,12,4.5,7.5,1.1,289,11,4.5,7.5,1.1,289,11,0,29.37,0.1,0,0,0,39.0,44.9,48.7,0.43,0.48,0.56
SPRA,2019-11-08 00:15:00 EST,42.87427,-74.50859,656,25.2,25.5,19.8,85.5,21.5,0.000,0.000,0.00,0.000,3.8,5.7,0.7,279,12,4.3,6.2,0.8,284,10,4.3,6.2,0.8,284,10,0,29.37,0.1,0,0,0,39.0,44.9,48.7,0.44,0.48,0.55
SPRA,2019-11-08 00:20:00 EST,42.87427,-74.50859,656,25.2,25.4,19.8,85.7,21.5,0.000,0.000,0.00,0.000,3.8,6.8,1.1,278,10,4.3,7.4,1.3,282,9,4.3,7.4,1.3,282,9,0,29.37,0.2,0,0,0,38.9,44.8,48.7,0.44,0.48,0.56
SPRA,2019-11-08 00:25:00 EST,42.87427,-74.50859,656,25.3,25.5,19.6,85.5,21.6,0.000,0.000,0.00,0.000,4.1,5.9,0.8,280,12,4.6,7.1,1.0,285,11,4.6,7.1,1.0,285,11,0,29.37,0.1,0,0,0,38.8,44.8,48.7,0.43,0.48,0.56
SPRA,2019-11-08 00:30:00 EST,42.87427,-74.50859,656,25.1,25.3,19.3,85.6,21.4,0.000,0.000,0.00,0.000,4.2,6.4,1.0,282,11,4.7,7.7,1.2,287,9,4.7,7.7,1.2,287,9,0,29.37,0.2,0,0,0,38.8,44.8,48.7,0.44,0.48,0.56
SPRA,2019-11-08 00:35:00 EST,42.87427,-74.50859,656,25.2,25.4,19.9,85.3,21.4,0.000,0.000,0.00,0.000,3.7,6.2,0.8,276,10,4.3,7.3,0.9,280,9,4.3,7.3,0.9,280,9,0,29.37,0.2,0,0,0,38.8,44.8,48.7,0.44,0.48,0.56
SPRA,2019-11-08 00:40:00 EST,42.87427,-74.50859,656,25.2,25.4,19.3,85.1,21.4,0.000,0.000,0.00,0.000,4.2,6.1,0.7,271,9,4.9,8.5,0.9,276,8,4.9,8.5,0.9,276,8,0,29.37,0.1,0,0,0,38.8,44.8,48.7,0.44,0.48,0.56
SPRA,2019-11-08 00:45:00 EST,42.87427,-74.50859,656,25.0,25.4,19.3,85.0,21.1,0.000,0.000,0.00,0.000,4.0,5.6,0.7,271,10,4.5,6.6,0.9,276,10,4.5,6.6,0.9,276,10,0,29.37,0.1,0,0,0,38.7,44.8,48.7,0.43,0.48,0.55
SPRA,2019-11-08 00:50:00 EST,42.87427,-74.50859,656,25.0,25.4,18.8,85.2,21.2,0.000,0.000,0.00,0.000,4.5,6.2,0.8,285,13,5.1,6.9,0.9,287,11,5.1,6.9,0.9,287,11,0,29.37,0.1,0,0,0,38.7,44.8,48.7,0.44,0.48,0.55
SPRA,2019-11-08 00:55:00 EST,42.87427,-74.50859,656,25.1,25.4,20.3,85.3,21.3,0.000,0.000,0.00,0.000,3.6,5.7,0.7,287,13,3.9,7.2,0.9,291,13,3.9,7.2,0.9,291,13,0,29.37,0.1,0,0,0,38.7,44.8,48.7,0.44,0.48,0.56
SPRA,2019-11-08 01:00:00 EST,42.87427,-74.50859,656,24.9,25.2,21.2,85.4,21.1,0.000,0.000,0.00,0.000,2.7,4.2,0.5,283,11,3.0,5.1,0.7,287,11,3.0,5.1,0.7,287,11,0,29.36,0.1,0,0,0,38.7,44.8,48.7,0.44,0.48,0.55
SPRA,2019-11-08 01:05:00 EST,42.87427,-74.50859,656,25.0,25.2,25.0,86.0,21.4,0.000,0.000,0.00,0.000,2.3,4.0,0.6,283,14,2.5,4.2,0.6,288,13,2.5,4.2,0.6,288,13,0,29.36,0.1,0,0,0,38.7,44.8,48.7,0.44,0.48,0.56
SPRA,2019-11-08 01:10:00 EST,42.87427,-74.50859,656,25.0,25.1,25.0,86.2,21.4,0.000,0.000,0.00,0.000,1.7,3.2,0.5,286,11,1.9,3.9,0.5,293,13,1.9,3.9,0.5,293,13,0,29.36,0.1,0,0,0,38.5,44.8,48.7,0.44,0.48,0.56
SPRA,2019-11-08 01:15:00 EST,42.87427,-74.50859,656,24.7,25.1,24.7,86.4,21.2,0.000,0.000,0.00,0.000,2.3,3.6,0.6,295,11,2.3,3.8,0.6,300,11,2.3,3.8,0.6,300,11,0,29.36,0.1,0,0,0,38.5,44.8,48.7,0.44,0.48,0.56
SPRA,2019-11-08 01:20:00 EST,42.87427,-74.50859,656,24.7,24.9,24.7,87.0,21.4,0.000,0.000,0.00,0.000,1.8,3.8,0.7,281,22,2.1,4.7,0.7,287,22,2.1,4.7,0.7,287,22,0,29.36,0.1,0,0,0,38.5,44.8,48.7,0.44,0.48,0.56
SPRA,2019-11-08 01:25:00 EST,42.87427,-74.50859,656,24.6,24.9,20.9,87.5,21.4,0.000,0.000,0.00,0.000,2.6,4.3,0.7,273,13,3.0,4.6,0.8,278,13,3.0,4.6,0.8,278,13,0,29.36,0.1,0,0,0,38.5,44.8,48.7,0.44,0.48,0.56
SPRA,2019-11-08 01:30:00 EST,42.87427,-74.50859,656,24.3,24.8,19.7,87.5,21.1,0.000,0.000,0.00,0.000,3.0,4.2,0.6,272,8,3.6,5.0,0.7,277,8,3.6,5.0,0.7,277,8,0,29.36,0.2,0,0,0,38.4,44.8,48.7,0.44,0.48,0.56
SPRA,2019-11-08 01:35:00 EST,42.87427,-74.50859,656,24.4,24.7,19.2,88.3,21.4,0.000,0.000,0.00,0.000,3.4,4.8,0.5,271,8,4.0,5.6,0.6,276,7,4.0,5.6,0.6,276,7,0,29.36,0.1,0,0,0,38.3,44.7,48.7,0.44,0.48,0.56
SPRA,2019-11-08 01:40:00 EST,42.87427,-74.50859,656,24.4,24.7,20.4,88.3,21.4,0.000,0.000,0.00,0.000,2.9,4.2,0.5,283,12,3.2,4.8,0.6,288,11,3.2,4.8,0.6,288,11,0,29.36,0.2,0,0,0,38.3,44.7,48.7,0.44,0.48,0.56
SPRA,2019-11-08 01:45:00 EST,42.87427,-74.50859,656,24.4,24.6,24.4,88.2,21.4,0.000,0.000,0.00,0.000,1.5,2.3,0.4,282,14,1.7,2.9,0.5,288,15,1.7,2.9,0.5,288,15,0,29.36,0.1,0,0,0,38.3,44.6,48.7,0.44,0.48,0.55
SPRA,2019-11-08 01:50:00 EST,42.87427,-74.50859,656,24.0,24.4,24.0,88.3,21.0,0.000,0.000,0.00,0.000,2.2,3.0,0.4,284,13,2.5,3.7,0.6,290,12,2.5,3.7,0.6,290,12,0,29.36,0.1,0,0,0,38.3,44.6,48.7,0.44,0.48,0.56
SPRA,2019-11-08 01:55:00 EST,42.87427,-74.50859,656,24.0,24.5,19.5,89.2,21.2,0.000,0.000,0.00,0.000,3.1,4.3,0.6,278,8,3.5,5.0,0.7,284,8,3.5,5.0,0.7,284,8,0,29.36,0.1,0,0,0,38.3,44.6,48.7,0.44,0.48,0.56
SPRA,2019-11-08 02:00:00 EST,42.87427,-74.50859,656,23.8,24.4,19.5,89.6,21.2,0.000,0.000,0.00,0.000,2.9,3.9,0.4,271,8,3.3,4.7,0.5,277,8,3.3,4.7,0.5,277,8,0,29.36,0.2,0,0,0,38.3,44.6,48.7,0.44,0.48,0.56
SPRA,2019-11-08 02:05:00 EST,42.87427,-74.50859,656,23.6,24.2,23.6,89.6,21.0,0.000,0.000,0.00,0.000,2.3,3.3,0.3,268,9,2.7,4.1,0.4,274,10,2.7,4.1,0.4,274,10,0,29.35,0.2,0,0,0,38.3,44.6,48.7,0.44,0.48,0.56
SPRA,2019-11-08 02:10:00 EST,42.87427,-74.50859,656,23.1,24.2,18.6,89.4,20.4,0.000,0.000,0.00,0.000,3.0,3.7,0.3,277,7,3.4,4.4,0.4,283,8,3.4,4.4,0.4,283,8,0,29.36,0.2,0,0,0,38.1,44.6,48.7,0.44,0.48,0.56
SPRA,2019-11-08 02:15:00 EST,42.87427,-74.50859,656,23.2,24.1,18.9,90.5,20.8,0.000,0.000,0.00,0.000,2.9,4.2,0.4,277,8,3.3,4.7,0.5,283,8,3.3,4.7,0.5,283,8,0,29.36,0.2,0,0,0,38.1,44.6,48.7,0.44,0.48,0.56
SPRA,2019-11-08 02:20:00 EST,42.87427,-74.50859,656,23.3,24.0,19.3,90.6,21.0,0.000,0.000,0.00,0.000,2.8,4.4,0.5,283,15,3.2,4.5,0.6,288,13,3.2,4.5,0.6,288,13,0,29.36,0.1,0,0,0,38.1,44.6,48.7,0.44,0.48,0.55
SPRA,2019-11-08 02:25:00 EST,42.87427,-74.50859,656,23.5,24.0,19.4,90.5,21.1,0.000,0.000,0.00,0.000,2.7,4.2,0.6,276,9,3.2,4.9,0.7,282,10,3.2,4.9,0.7,282,10,0,29.36,0.1,0,0,0,38.1,44.6,48.7,0.44,0.48,0.56
SPRA,2019-11-08 02:30:00 EST,42.87427,-74.50859,656,23.6,24.0,23.6,90.3,21.2,0.000,0.000,0.00,0.000,2.5,3.8,0.7,282,11,2.7,4.7,0.7,288,11,2.7,4.7,0.7,288,11,0,29.36,0.2,0,0,0,38.0,44.6,48.7,0.44,0.48,0.56
SPRA,2019-11-08 02:35:00 EST,42.87427,-74.50859,656,23.3,23.9,23.3,89.9,20.8,0.000,0.000,0.00,0.000,2.2,3.7,0.6,293,16,2.3,3.6,0.6,299,16,2.3,3.6,0.6,299,16,0,29.36,0.2,0,0,0,37.9,44.6,48.7,0.44,0.48,0.56
SPRA,2019-11-08 02:40:00 EST,42.87427,-74.50859,656,23.3,23.8,23.3,90.1,20.8,0.000,0.000,0.00,0.000,1.9,2.8,0.4,301,11,2.0,3.2,0.4,309,10,2.0,3.2,0.4,309,10,0,29.36,0.2,0,0,0,37.9,44.6,48.7,0.44,0.48,0.56
SPRA,2019-11-08 02:45:00 EST,42.87427,-74.50859,656,23.3,23.8,23.3,90.6,21.0,0.000,0.000,0.00,0.000,1.5,2.3,0.3,303,12,1.6,2.9,0.4,312,13,1.6,2.9,0.4,312,13,0,29.36,0.2,0,0,0,37.9,44.6,48.7,0.44,0.48,0.56
SPRA,2019-11-08 02:50:00 EST,42.87427,-74.50859,656,23.1,23.7,23.1,90.4,20.7,0.000,0.000,0.00,0.000,1.5,2.7,0.6,305,12,1.6,2.8,0.6,311,12,1.6,2.8,0.6,311,12,0,29.36,0.2,0,0,0,37.9,44.6,48.7,0.44,0.48,0.56
SPRA,2019-11-08 02:55:00 EST,42.87427,-74.50859,656,22.9,23.6,22.9,90.6,20.5,0.000,0.000,0.00,0.000,1.6,2.1,0.3,303,9,1.6,2.5,0.3,310,9,1.6,2.5,0.3,310,9,0,29.36,0.2,0,0,0,37.9,44.6,48.7,0.44,0.48,0.56
SPRA,2019-11-08 03:00:00 EST,42.87427,-74.50859,656,22.8,23.5,22.8,91.2,20.6,0.000,0.000,0.00,0.000,1.6,3.0,0.5,298,12,1.8,3.1,0.5,304,12,1.8,3.1,0.5,304,12,0,29.35,0.2,0,0,0,37.9,44.5,48.7,0.44,0.48,0.56
SPRA,2019-11-08 03:05:00 EST,42.87427,-74.50859,656,23.1,23.5,23.1,91.6,21.0,0.000,0.000,0.00,0.000,1.8,3.4,0.6,286,16,2.1,4.1,0.7,293,17,2.1,4.1,0.7,293,17,0,29.35,0.2,0,0,0,37.8,44.4,48.7,0.44,0.48,0.55
SPRA,2019-11-08 03:10:00 EST,42.87427,-74.50859,656,22.6,23.3,22.6,90.8,20.4,0.000,0.000,0.00,0.000,1.9,3.7,0.6,295,15,2.1,4.2,0.6,300,15,2.1,4.2,0.6,300,15,0,29.35,0.3,0,0,0,37.8,44.4,48.7,0.44,0.48,0.56
SPRA,2019-11-08 03:15:00 EST,42.87427,-74.50859,656,22.7,23.2,22.7,91.0,20.4,0.000,0.000,0.00,0.000,1.7,3.5,0.7,290,18,1.9,4.7,0.8,295,18,1.9,4.7,0.8,295,18,0,29.35,0.2,0,0,0,37.8,44.4,48.7,0.44,0.48,0.55
SPRA,2019-11-08 03:20:00 EST,42.87427,-74.50859,656,22.8,23.3,22.8,91.0,20.6,0.000,0.000,0.00,0.000,2.5,4.1,0.8,298,14,2.6,5.3,0.9,303,16,2.6,5.3,0.9,303,16,0,29.35,0.2,0,0,0,37.8,44.4,48.7,0.44,0.48,0.56
SPRA,2019-11-08 03:25:00 EST,42.87427,-74.50859,656,23.0,23.3,23.0,90.9,20.7,0.000,0.000,0.00,0.000,2.2,5.0,0.8,297,12,2.3,6.5,0.9,303,13,2.3,6.5,0.9,303,13,0,29.35,0.2,0,0,0,37.8,44.4,48.7,0.44,0.48,0.56
SPRA,2019-11-08 03:30:00 EST,42.87427,-74.50859,656,23.0,23.3,23.0,90.1,20.5,0.000,0.000,0.00,0.000,2.6,4.2,0.7,289,16,2.9,4.8,0.8,294,14,2.9,4.8,0.8,294,14,0,29.35,0.2,0,0,0,37.8,44.4,48.7,0.44,0.48,0.56
SPRA,2019-11-08 03:35:00 EST,42.87427,-74.50859,656,22.8,23.2,22.8,89.6,20.2,0.000,0.000,0.00,0.000,2.5,4.4,0.7,287,12,2.7,4.8,0.7,294,11,2.7,4.8,0.7,294,11,0,29.35,0.2,0,0,0,37.7,44.4,48.7,0.44,0.48,0.55
SPRA,2019-11-08 03:40:00 EST,42.87427,-74.50859,656,22.8,23.1,22.8,89.7,20.2,0.000,0.000,0.00,0.000,2.4,4.8,0.8,294,15,2.6,5.1,0.8,298,14,2.6,5.1,0.8,298,14,0,29.35,0.2,0,0,0,37.6,44.4,48.7,0.44,0.48,0.56
SPRA,2019-11-08 03:45:00 EST,42.87427,-74.50859,656,22.9,23.2,18.2,90.3,20.5,0.000,0.000,0.00,0.000,3.5,5.5,0.7,297,11,3.6,5.9,0.8,303,10,3.6,5.9,0.8,303,10,0,29.36,0.3,0,0,0,37.6,44.4,48.7,0.44,0.48,0.56
SPRA,2019-11-08 03:50:00 EST,42.87427,-74.50859,656,23.0,23.2,18.9,89.9,20.5,0.000,0.000,0.00,0.000,2.8,5.3,0.6,286,13,3.1,5.9,0.8,290,12,3.1,5.9,0.8,290,12,0,29.36,0.3,0,0,0,37.6,44.4,48.7,0.44,0.48,0.55
SPRA,2019-11-08 03:55:00 EST,42.87427,-74.50859,656,23.0,23.2,17.1,89.7,20.4,0.000,0.000,0.00,0.000,4.0,5.9,0.9,284,13,4.4,6.8,0.9,288,12,4.4,6.8,0.9,288,12,0,29.36,0.2,0,0,0,37.6,44.4,48.7,0.44,0.48,0.55
SPRA,2019-11-08 04:00:00 EST,42.87427,-74.50859,656,23.0,23.1,18.3,89.8,20.4,0.000,0.000,0.00,0.000,3.2,5.8,1.0,286,12,3.5,5.8,1.0,290,11,3.5,5.8,1.0,290,11,0,29.36,0.2,0,0,0,37.6,44.4,48.7,0.44,0.48,0.56
SPRA,2019-11-08 04:05:00 EST,42.87427,-74.50859,656,22.6,23.0,17.6,89.7,20.1,0.000,0.000,0.00,0.000,3.4,6.3,0.9,294,18,3.7,7.0,1.1,299,17,3.7,7.0,1.1,299,17,0,29.36,0.3,0,0,0,37.6,44.4,48.7,0.44,0.48,0.56
SPRA,2019-11-08 04:10:00 EST,42.87427,-74.50859,656,22.9,23.1,17.0,90.3,20.5,0.000,0.000,0.00,0.000,4.1,6.3,1.0,292,16,4.4,6.9,1.2,297,15,4.4,6.9,1.2,297,15,0,29.36,0.3,0,0,0,37.5,44.3,48.7,0.44,0.48,0.55
SPRA,2019-11-08 04:15:00 EST,42.87427,-74.50859,656,22.9,23.1,17.6,89.7,20.4,0.000,0.000,0.00,0.000,3.7,6.0,0.8,290,15,4.0,6.2,0.9,295,14,4.0,6.2,0.9,295,14,0,29.36,0.2,0,0,0,37.4,44.3,48.7,0.44,0.48,0.56
SPRA,2019-11-08 04:20:00 EST,42.87427,-74.50859,656,22.8,23.0,17.2,89.4,20.2,0.000,0.000,0.00,0.000,3.9,6.1,0.8,292,14,4.2,6.7,0.9,295,13,4.2,6.7,0.9,295,13,0,29.36,0.3,0,0,0,37.4,44.2,48.7,0.44,0.48,0.56
SPRA,2019-11-08 04:25:00 EST,42.87427,-74.50859,656,22.8,23.0,17.2,89.5,20.2,0.000,0.000,0.00,0.000,4.0,6.6,1.2,300,13,4.2,7.2,1.3,304,12,4.2,7.2,1.3,304,12,0,29.36,0.3,0,0,0,37.4,44.1,48.7,0.44,0.48,0.56
SPRA,2019-11-08 04:30:00 EST,42.87427,-74.50859,656,22.8,22.9,18.1,89.6,20.2,0.000,0.000,0.00,0.000,3.4,5.6,0.8,300,14,3.5,5.5,1.0,305,14,3.5,5.5,1.0,305,14,0,29.36,0.3,0,0,0,37.4,44.1,48.7,0.44,0.48,0.56
SPRA,2019-11-08 04:35:00 EST,42.87427,-74.50859,656,22.7,22.9,17.6,90.1,20.2,0.000,0.000,0.00,0.000,3.8,6.1,0.7,304,12,3.8,6.7,0.9,308,12,3.8,6.7,0.9,308,12,0,29.36,0.2,0,0,0,37.4,44.1,48.7,0.44,0.48,0.55
SPRA,2019-11-08 04:40:00 EST,42.87427,-74.50859,656,22.7,22.8,17.4,90.4,20.3,0.000,0.000,0.00,0.000,3.7,6.2,1.0,297,14,3.9,6.7,1.1,302,14,3.9,6.7,1.1,302,14,0,29.36,0.2,0,0,0,37.4,44.1,48.7,0.44,0.48,0.56
SPRA,2019-11-08 04:45:00 EST,42.87427,-74.50859,656,22.5,22.7,16.2,90.5,20.2,0.000,0.000,0.00,0.000,4.3,6.9,1.0,290,15,4.8,8.7,1.3,292,13,4.8,8.7,1.3,292,13,0,29.36,0.3,0,0,0,37.4,44.1,48.7,0.44,0.48,0.56
SPRA,2019-11-08 04:50:00 EST,42.87427,-74.50859,656,22.6,22.7,15.4,90.3,20.2,0.000,0.000,0.00,0.000,5.1,7.7,1.1,291,14,5.7,8.9,1.2,295,13,5.7,8.9,1.2,295,13,0,29.37,0.3,0,0,0,37.3,44.1,48.7,0.44,0.48,0.55
SPRA,2019-11-08 04:55:00 EST,42.87427,-74.50859,656,22.9,22.9,15.2,89.3,20.2,0.000,0.000,0.00,0.000,5.7,9.3,1.4,292,15,6.2,9.9,1.5,294,13,6.2,9.9,1.5,294,13,0,29.37,0.3,0,0,0,37.2,44.1,48.7,0.44,0.48,0.56
SPRA,2019-11-08 05:00:00 EST,42.87427,-74.50859,656,22.9,23.0,15.1,88.3,20.0,0.000,0.000,0.00,0.000,5.6,7.7,1.2,286,15,6.3,9.5,1.5,290,13,6.3,9.5,1.5,290,13,0,29.37,0.3,0,0,0,37.2,44.1,48.7,0.44,0.48,0.56
SPRA,2019-11-08 05:05:00 EST,42.87427,-74.50859,656,23.0,23.0,15.4,87.3,19.8,0.000,0.000,0.00,0.000,5.5,8.5,1.5,293,14,6.1,10.3,1.5,297,13,6.1,10.3,1.5,297,13,0,29.37,0.3,0,0,0,37.2,44.1,48.7,0.44,0.48,0.56
SPRA,2019-11-08 05:10:00 EST,42.87427,-74.50859,656,23.0,23.0,15.6,86.2,19.5,0.000,0.000,0.00,0.000,5.2,8.3,1.2,288,15,5.9,10.1,1.5,290,14,5.9,10.1,1.5,290,14,0,29.36,0.3,0,0,0,37.2,44.1,48.7,0.43,0.48,0.56
SPRA,2019-11-08 05:15:00 EST,42.87427,-74.50859,656,23.0,23.1,15.2,85.0,19.1,0.000,0.000,0.00,0.000,5.7,8.2,1.1,292,14,6.3,9.7,1.3,293,11,6.3,9.7,1.3,293,11,0,29.36,0.2,0,0,0,37.2,44.0,48.7,0.43,0.48,0.56
SPRA,2019-11-08 05:20:00 EST,42.87427,-74.50859,656,22.9,23.0,15.7,84.1,18.8,0.000,0.000,0.00,0.000,5.1,7.9,1.1,284,14,5.7,9.9,1.4,287,13,5.7,9.9,1.4,287,13,0,29.36,0.3,0,0,0,37.2,44.0,48.7,0.43,0.48,0.56
SPRA,2019-11-08 05:25:00 EST,42.87427,-74.50859,656,22.8,23.0,14.6,82.9,18.4,0.000,0.000,0.00,0.000,5.9,9.4,1.5,277,13,6.7,10.9,1.8,281,12,6.7,10.9,1.8,281,12,0,29.36,0.3,0,0,0,37.2,43.9,48.7,0.43,0.48,0.55
SPRA,2019-11-08 05:30:00 EST,42.87427,-74.50859,656,22.8,23.0,14.7,81.4,18.0,0.000,0.000,0.00,0.000,5.8,9.9,1.5,276,11,6.7,11.7,1.9,279,10,6.7,11.7,1.9,279,10,0,29.36,0.3,0,0,0,37.2,43.9,48.7,0.43,0.48,0.56
SPRA,2019-11-08 05:35:00 EST,42.87427,-74.50859,656,22.5,22.8,14.9,81.4,17.7,0.000,0.000,0.00,0.000,5.3,8.7,1.2,270,12,6.1,9.9,1.4,273,11,6.1,9.9,1.4,273,11,0,29.36,0.3,0,0,0,37.2,43.9,48.7,0.43,0.48,0.56
SPRA,2019-11-08 05:40:00 EST,42.87427,-74.50859,656,22.6,22.8,14.6,80.6,17.6,0.000,0.000,0.00,0.000,5.7,8.0,1.1,272,13,6.5,9.7,1.3,277,9,6.5,9.7,1.3,277,9,0,29.36,0.2,0,0,0,37.2,43.9,48.7,0.43,0.48,0.56
SPRA,2019-11-08 05:45:00 EST,42.87427,-74.50859,656,22.3,22.6,14.7,81.0,17.4,0.000,0.000,0.00,0.000,5.3,7.2,1.0,273,14,6.0,8.7,1.2,277,11,6.0,8.7,1.2,277,11,0,29.37,0.3,0,0,0,37.2,43.9,48.7,0.43,0.48,0.56
SPRA,2019-11-08 05:50:00 EST,42.87427,-74.50859,656,22.2,22.6,13.9,81.3,17.4,0.000,0.000,0.00,0.000,5.9,9.8,1.3,271,11,6.8,11.6,1.6,275,10,6.8,11.6,1.6,275,10,0,29.37,0.3,0,0,0,37.2,43.9,48.7,0.43,0.48,0.56
SPRA,2019-11-08 05:55:00 EST,42.87427,-74.50859,656,22.3,22.6,13.5,80.8,17.3,0.000,0.000,0.00,0.000,6.4,9.1,1.1,273,10,7.5,10.3,1.4,278,9,7.5,10.3,1.4,278,9,0,29.37,0.3,0,0,0,37.2,43.9,48.6,0.43,0.48,0.55
SPRA,2019-11-08 06:00:00 EST,42.87427,-74.50859,656,22.4,22.6,13.9,80.5,17.3,0.000,0.000,0.00,0.000,6.0,11.8,1.8,273,12,7.0,14.0,2.0,276,10,7.0,14.0,2.0,276,10,0,29.37,0.3,0,0,0,37.2,43.9,48.6,0.43,0.48,0.56
SPRA,2019-11-08 06:05:00 EST,42.87427,-74.50859,656,22.6,22.7,14.0,79.5,17.2,0.000,0.000,0.00,0.000,6.1,9.9,1.6,272,12,7.2,12.2,2.0,276,9,7.2,12.2,2.0,276,9,0,29.38,0.3,0,0,0,37.2,43.9,48.6,0.43,0.48,0.55
SPRA,2019-11-08 06:10:00 EST,42.87427,-74.50859,656,22.5,22.7,14.0,80.0,17.3,0.000,0.000,0.00,0.000,6.2,10.4,1.6,262,13,7.1,13.2,1.9,268,9,7.1,13.2,1.9,268,9,0,29.38,0.3,0,0,0,37.2,43.9,48.6,0.43,0.48,0.56
SPRA,2019-11-08 06:15:00 EST,42.87427,-74.50859,656,22.4,22.6,14.7,80.5,17.3,0.000,0.000,0.00,0.000,5.4,7.8,0.9,264,14,6.2,10.2,1.2,270,13,6.2,10.2,1.2,270,13,0,29.38,0.3,0,0,0,37.1,43.9,48.6,0.43,0.48,0.56
SPRA,2019-11-08 06:20:00 EST,42.87427,-74.50859,656,22.4,22.5,13.4,80.4,17.3,0.000,0.000,0.00,0.000,6.6,10.5,1.4,259,11,7.6,12.5,1.7,265,10,7.6,12.5,1.7,265,10,0,29.38,0.3,0,0,0,37.1,43.9,48.6,0.43,0.48,0.56
SPRA,2019-11-08 06:25:00 EST,42.87427,-74.50859,656,22.2,22.4,13.7,80.7,17.2,0.000,0.000,0.00,0.000,6.0,8.5,1.1,259,12,7.0,10.6,1.4,263,11,7.0,10.6,1.4,263,11,0,29.38,0.2,0,0,0,37.0,43.9,48.6,0.43,0.48,0.56
SPRA,2019-11-08 06:30:00 EST,42.87427,-74.50859,656,22.1,22.3,13.3,80.9,17.1,0.000,0.000,0.00,0.000,6.4,12.9,1.6,262,10,7.4,15.0,1.8,268,8,7.4,15.0,1.8,268,8,1,29.39,0.3,0,0,0,37.0,43.9,48.6,0.43,0.48,0.56
SPRA,2019-11-08 06:35:00 EST,42.87427,-74.50859,656,22.2,22.3,12.4,80.6,17.2,0.000,0.000,0.00,0.000,7.7,13.1,1.6,261,11,8.8,15.0,1.9,268,10,8.8,15.0,1.9,268,10,2,29.39,0.3,0,0,0,37.0,43.9,48.6,0.43,0.48,0.56
SPRA,2019-11-08 06:40:00 EST,42.87427,-74.50859,656,22.1,22.2,12.5,80.8,17.2,0.000,0.000,0.00,0.000,7.4,11.5,1.8,267,13,8.5,13.3,2.0,272,11,8.5,13.3,2.0,272,11,4,29.39,0.3,0,0,0,37.0,43.9,48.6,0.43,0.48,0.56
SPRA,2019-11-08 06:45:00 EST,42.87427,-74.50859,656,22.2,22.3,12.7,80.8,17.2,0.000,0.000,0.00,0.000,7.2,10.5,1.3,265,12,8.3,12.3,1.7,269,9,8.3,12.3,1.7,269,9,7,29.39,0.3,0,0,0,37.0,43.9,48.6,0.43,0.48,0.56
SPRA,2019-11-08 06:50:00 EST,42.87427,-74.50859,656,22.3,22.3,12.5,80.8,17.3,0.000,0.000,0.00,0.000,7.5,12.2,1.5,269,11,8.8,14.4,2.0,273,8,8.8,14.4,2.0,273,8,10,29.40,0.4,0,0,0,37.0,43.7,48.6,0.43,0.48,0.56
SPRA,2019-11-08 06:55:00 EST,42.87427,-74.50859,656,22.4,22.4,12.0,80.5,17.3,0.000,0.000,0.00,0.000,8.3,12.2,1.9,271,15,9.6,14.4,2.2,276,11,9.6,14.4,2.2,276,11,13,29.40,0.3,0,0,0,37.0,43.7,48.6,0.43,0.48,0.56
SPRA,2019-11-08 07:00:00 EST,42.87427,-74.50859,656,22.4,22.4,11.6,80.3,17.2,0.000,0.000,0.00,0.000,9.0,13.3,1.7,271,14,10.4,16.1,2.3,275,10,10.4,16.1,2.3,275,10,16,29.40,0.4,0,0,0,37.0,43.7,48.6,0.43,0.48,0.56
SPRA,2019-11-08 07:05:00 EST,42.87427,-74.50859,656,22.5,22.5,11.6,79.9,17.2,0.000,0.000,0.00,0.000,9.2,13.8,2.0,279,12,10.6,16.0,2.3,283,8,10.6,16.0,2.3,283,8,18,29.40,0.3,0,0,0,37.0,43.7,48.6,0.43,0.48,0.56
SPRA,2019-11-08 07:10:00 EST,42.87427,-74.50859,656,22.6,22.6,11.0,79.2,17.1,0.000,0.000,0.00,0.000,10.5,15.9,2.2,285,13,11.9,18.3,2.6,287,10,11.9,18.3,2.6,287,10,20,29.40,0.3,0,0,0,37.0,43.7,48.6,0.43,0.48,0.56
SPRA,2019-11-08 07:15:00 EST,42.87427,-74.50859,656,22.6,22.7,10.9,78.9,17.1,0.000,0.000,0.00,0.000,10.8,15.7,2.3,282,12,12.2,18.4,2.5,284,8,12.2,18.4,2.5,284,8,26,29.41,0.4,0,0,0,36.9,43.7,48.6,0.43,0.48,0.56
SPRA,2019-11-08 07:20:00 EST,42.87427,-74.50859,656,22.7,22.7,11.3,78.9,17.1,0.000,0.000,0.00,0.000,10.1,17.8,2.8,287,16,11.5,20.5,3.1,288,14,11.5,20.5,3.1,288,14,34,29.41,0.3,0,0,0,36.9,43.7,48.6,0.43,0.48,0.55
SPRA,2019-11-08 07:25:00 EST,42.87427,-74.50859,656,22.7,22.8,13.1,78.4,17.0,0.000,0.000,0.00,0.000,8.0,16.1,2.3,296,15,8.7,18.6,2.6,298,14,8.7,18.6,2.6,298,14,58,29.42,0.3,0,0,0,36.9,43.7,48.6,0.43,0.48,0.56
SPRA,2019-11-08 07:30:00 EST,42.87427,-74.50859,656,22.9,22.8,12.3,78.0,17.0,0.000,0.000,0.00,0.000,9.1,17.1,3.1,292,17,10.2,21.0,3.5,296,17,10.2,21.0,3.5,296,17,85,29.42,0.4,0,0,0,36.9,43.7,48.6,0.43,0.48,0.56
SPRA,2019-11-08 07:35:00 EST,42.87427,-74.50859,656,22.9,22.8,10.3,76.7,16.6,0.000,0.000,0.00,0.000,13.4,19.6,2.7,309,15,14.0,19.5,2.8,312,16,14.0,19.5,2.8,312,16,94,29.43,0.4,0,0,0,36.9,43.7,48.6,0.43,0.48,0.56
SPRA,2019-11-08 07:40:00 EST,42.87427,-74.50859,656,22.9,22.8,11.7,76.5,16.6,0.000,0.000,0.00,0.000,10.8,20.5,2.9,305,16,11.3,21.2,2.6,310,16,11.3,21.2,2.6,310,16,113,29.43,0.3,0,0,0,36.9,43.7,48.6,0.43,0.48,0.56
SPRA,2019-11-08 07:45:00 EST,42.87427,-74.50859,656,22.9,22.8,11.0,76.3,16.5,0.000,0.000,0.00,0.000,12.0,21.8,3.6,306,17,12.7,20.7,3.4,308,17,12.7,20.7,3.4,308,17,78,29.44,0.3,0,0,0,36.9,43.7,48.6,0.43,0.48,0.56
SPRA,2019-11-08 07:50:00 EST,42.87427,-74.50859,656,22.8,22.7,11.8,76.6,16.6,0.000,0.000,0.00,0.000,10.5,19.3,3.5,308,14,10.9,19.5,3.2,314,14,10.9,19.5,3.2,314,14,96,29.44,0.4,0,0,0,36.7,43.7,48.6,0.43,0.48,0.55
SPRA,2019-11-08 07:55:00 EST,42.87427,-74.50859,656,22.9,22.8,12.5,76.7,16.7,0.000,0.000,0.00,0.000,9.4,17.1,2.6,305,21,10.0,17.1,2.5,308,19,10.0,17.1,2.5,308,19,126,29.44,0.3,0,0,0,36.7,43.6,48.6,0.43,0.48,0.55
SPRA,2019-11-08 08:00:00 EST,42.87427,-74.50859,656,23.0,22.8,12.5,76.3,16.6,0.000,0.000,0.00,0.000,9.2,14.7,2.4,296,16,10.1,16.0,2.3,299,18,10.1,16.0,2.3,299,18,128,29.44,0.4,0,0,0,36.7,43.6,48.6,0.43,0.48,0.55
SPRA,2019-11-08 08:05:00 EST,42.87427,-74.50859,656,23.1,22.9,13.4,76.4,16.7,0.000,0.000,0.00,0.000,8.2,13.1,2.2,298,19,8.8,14.9,2.1,303,16,8.8,14.9,2.1,303,16,136,29.45,0.4,0,0,0,36.7,43.5,48.6,0.43,0.48,0.56
SPRA,2019-11-08 08:10:00 EST,42.87427,-74.50859,656,23.2,22.9,12.1,75.3,16.5,0.000,0.000,0.00,0.000,10.3,16.8,2.6,294,15,11.2,16.9,2.8,297,14,11.2,16.9,2.8,297,14,144,29.45,0.4,0,0,0,36.7,43.5,48.6,0.43,0.48,0.56
SPRA,2019-11-08 08:15:00 EST,42.87427,-74.50859,656,23.3,23.0,12.9,75.3,16.6,0.000,0.000,0.00,0.000,9.4,17.2,2.7,294,14,10.1,17.8,2.5,297,13,10.1,17.8,2.5,297,13,150,29.45,0.4,0,0,0,36.7,43.5,48.6,0.43,0.48,0.56
SPRA,2019-11-08 08:20:00 EST,42.87427,-74.50859,656,23.4,23.1,12.0,74.7,16.5,0.000,0.000,0.00,0.000,10.8,19.5,3.1,286,14,11.9,22.0,3.5,291,14,11.9,22.0,3.5,291,14,158,29.45,0.4,0,0,0,36.7,43.5,48.6,0.43,0.48,0.56
SPRA,2019-11-08 08:25:00 EST,42.87427,-74.50859,656,23.5,23.2,12.4,74.6,16.6,0.000,0.000,0.00,0.000,10.6,21.5,3.6,296,15,11.4,22.4,3.6,298,13,11.4,22.4,3.6,298,13,166,29.45,0.3,0,0,0,36.7,43.5,48.6,0.43,0.48,0.56
SPRA,2019-11-08 08:30:00 EST,42.87427,-74.50859,656,23.6,23.3,13.3,75.2,16.9,0.000,0.000,0.00,0.000,9.0,13.8,2.2,288,15,10.0,15.4,2.3,292,14,10.0,15.4,2.3,292,14,172,29.45,0.4,0,0,0,36.7,43.5,48.6,0.43,0.48,0.56
SPRA,2019-11-08 08:35:00 EST,42.87427,-74.50859,656,23.8,23.5,13.0,74.6,16.9,0.000,0.000,0.00,0.000,10.0,17.1,2.6,291,16,10.9,19.2,2.7,294,12,10.9,19.2,2.7,294,12,179,29.45,0.4,0,0,0,36.7,43.5,48.6,0.43,0.48,0.56
SPRA,2019-11-08 08:40:00 EST,42.87427,-74.50859,656,24.0,23.6,13.4,75.9,17.5,0.000,0.000,0.00,0.000,9.4,16.7,2.3,290,16,10.7,18.3,2.7,291,14,10.7,18.3,2.7,291,14,185,29.45,0.4,0,0,0,36.7,43.5,48.6,0.43,0.48,0.56
SPRA,2019-11-08 08:45:00 EST,42.87427,-74.50859,656,24.0,23.7,13.4,74.5,17.1,0.000,0.000,0.00,0.000,10.2,15.9,2.6,292,12,10.8,17.4,2.7,297,10,10.8,17.4,2.7,297,10,191,29.45,0.4,0,0,0,36.7,43.5,48.6,0.43,0.48,0.56
SPRA,2019-11-08 08:50:00 EST,42.87427,-74.50859,656,24.3,23.9,13.8,75.6,17.7,0.000,0.000,0.00,0.000,9.3,15.9,3.1,282,16,10.7,18.0,3.5,287,12,10.7,18.0,3.5,287,12,199,29.45,0.3,0,0,0,36.7,43.5,48.6,0.43,0.48,0.56
SPRA,2019-11-08 08:55:00 EST,42.87427,-74.50859,656,24.3,23.9,12.6,73.6,17.1,0.000,0.000,0.00,0.000,11.3,19.2,2.7,280,14,13.1,21.9,3.3,282,11,13.1,21.9,3.3,282,11,207,29.45,0.4,0,0,0,36.7,43.5,48.6,0.43,0.48,0.56
SPRA,2019-11-08 09:00:00 EST,42.87427,-74.50859,656,24.3,24.0,13.1,72.7,16.8,0.000,0.000,0.00,0.000,11.1,17.5,2.7,294,17,12.0,18.6,2.8,296,16,12.0,18.6,2.8,296,16,215,29.45,0.3,0,0,0,36.6,43.5,48.6,0.43,0.48,0.55
SPRA,2019-11-08 09:05:00 EST,42.87427,-74.50859,656,24.6,24.2,13.5,73.2,17.2,0.000,0.000,0.00,0.000,10.6,16.0,2.6,288,16,12.0,17.5,2.8,290,14,12.0,17.5,2.8,290,14,224,29.45,0.4,0,0,0,36.6,43.5,48.6,0.43,0.48,0.56
SPRA,2019-11-08 09:10:00 EST,42.87427,-74.50859,656,24.7,24.2,13.8,73.0,17.3,0.000,0.000,0.00,0.000,10.7,18.3,2.5,295,16,11.6,18.8,2.7,298,15,11.6,18.8,2.7,298,15,234,29.45,0.4,0,0,0,36.5,43.5,48.6,0.43,0.48,0.55
SPRA,2019-11-08 09:15:00 EST,42.87427,-74.50859,656,25.0,24.5,15.0,72.9,17.5,0.000,0.000,0.00,0.000,9.3,14.2,1.9,299,16,10.0,16.2,2.1,302,15,10.0,16.2,2.1,302,15,243,29.46,0.4,0,0,0,36.5,43.4,48.6,0.43,0.48,0.56
SPRA,2019-11-08 09:20:00 EST,42.87427,-74.50859,656,24.9,24.5,13.2,70.4,16.7,0.000,0.000,0.00,0.000,12.3,20.5,3.0,293,16,13.3,22.7,3.2,297,14,13.3,22.7,3.2,297,14,252,29.46,0.3,0,0,0,36.5,43.3,48.6,0.43,0.48,0.56
SPRA,2019-11-08 09:25:00 EST,42.87427,-74.50859,656,25.1,24.6,13.7,70.3,16.8,0.000,0.000,0.00,0.000,11.7,19.5,3.3,292,14,12.8,20.9,3.2,296,12,12.8,20.9,3.2,296,12,264,29.46,0.4,0,0,0,36.5,43.3,48.6,0.43,0.48,0.56
SPRA,2019-11-08 09:30:00 EST,42.87427,-74.50859,656,25.2,24.7,13.8,69.9,16.8,0.000,0.000,0.00,0.000,12.1,18.7,2.7,295,12,12.8,20.6,2.6,300,11,12.8,20.6,2.6,300,11,278,29.46,0.4,0,0,0,36.5,43.3,48.6,0.43,0.48,0.55
SPRA,2019-11-08 09:35:00 EST,42.87427,-74.50859,656,25.5,25.0,15.6,71.4,17.5,0.000,0.000,0.00,0.000,9.4,13.7,1.7,303,19,10.1,14.8,1.9,306,20,10.1,14.8,1.9,306,20,291,29.46,0.4,0,0,0,36.5,43.3,48.6,0.43,0.48,0.56
SPRA,2019-11-08 09:40:00 EST,42.87427,-74.50859,656,25.9,25.4,16.2,71.6,18.0,0.000,0.000,0.00,0.000,8.9,15.1,2.2,293,16,9.8,16.2,2.4,295,14,9.8,16.2,2.4,295,14,308,29.46,0.5,0,0,0,36.5,43.3,48.6,0.43,0.48,0.55
SPRA,2019-11-08 09:45:00 EST,42.87427,-74.50859,656,26.1,25.5,15.2,71.2,18.1,0.000,0.000,0.00,0.000,10.8,17.4,2.6,287,17,12.3,18.8,2.6,290,14,12.3,18.8,2.6,290,14,333,29.46,0.3,0,0,0,36.5,43.3,48.6,0.43,0.48,0.56
SPRA,2019-11-08 09:50:00 EST,42.87427,-74.50859,656,26.2,25.7,16.3,69.7,17.6,0.000,0.000,0.00,0.000,9.4,15.1,2.1,297,21,10.3,15.2,1.9,299,18,10.3,15.2,1.9,299,18,324,29.46,0.4,0,0,0,36.5,43.3,48.6,0.43,0.48,0.56
SPRA,2019-11-08 09:55:00 EST,42.87427,-74.50859,656,26.4,25.8,16.3,68.9,17.6,0.000,0.000,0.00,0.000,10.2,16.7,2.6,292,15,11.0,18.2,2.7,294,13,11.0,18.2,2.7,294,13,409,29.47,0.4,0,0,0,36.5,43.3,48.6,0.43,0.48,0.55
SPRA,2019-11-08 10:00:00 EST,42.87427,-74.50859,656,26.3,25.7,15.3,68.4,17.3,0.000,0.000,0.00,0.000,12.2,17.4,2.4,316,12,12.6,18.1,2.4,321,12,12.6,18.1,2.4,321,12,359,29.47,0.5,0,0,0,36.5,43.3,48.6,0.43,0.48,0.56
SPRA,2019-11-08 10:05:00 EST,42.87427,-74.50859,656,26.8,26.2,16.9,70.7,18.5,0.000,0.000,0.00,0.000,9.8,16.6,2.5,296,19,10.7,17.8,2.6,298,19,10.7,17.8,2.6,298,19,238,29.47,0.3,0,0,0,36.5,43.3,48.5,0.43,0.48,0.56
SPRA,2019-11-08 10:10:00 EST,42.87427,-74.50859,656,26.5,26.1,17.1,69.8,18.0,0.000,0.000,0.00,0.000,8.9,17.1,2.3,296,16,9.7,17.0,2.5,300,17,9.7,17.0,2.5,300,17,186,29.47,0.4,0,0,0,36.5,43.3,48.5,0.43,0.48,0.56
SPRA,2019-11-08 10:15:00 EST,42.87427,-74.50859,656,26.5,26.0,15.8,69.2,17.8,0.000,0.000,0.00,0.000,11.4,18.3,2.8,290,15,12.3,20.3,3.0,293,14,12.3,20.3,3.0,293,14,344,29.47,0.4,0,0,0,36.5,43.3,48.5,0.43,0.48,0.56
SPRA,2019-11-08 10:20:00 EST,42.87427,-74.50859,656,26.6,26.1,16.0,70.8,18.4,0.000,0.000,0.00,0.000,10.7,16.3,2.4,280,16,12.0,18.1,2.7,285,14,12.0,18.1,2.7,285,14,314,29.47,0.5,0,0,0,36.5,43.3,48.5,0.43,0.48,0.55
SPRA,2019-11-08 10:25:00 EST,42.87427,-74.50859,656,26.4,26.0,15.1,71.1,18.3,0.000,0.000,0.00,0.000,12.2,19.9,3.3,285,17,13.6,22.0,3.8,288,14,13.6,22.0,3.8,288,14,222,29.47,0.3,0,0,0,36.5,43.3,48.4,0.43,0.48,0.56
SPRA,2019-11-08 10:30:00 EST,42.87427,-74.50859,656,26.0,25.6,17.1,75.7,19.4,0.000,0.000,0.00,0.000,8.0,16.1,2.3,303,17,8.7,16.4,2.3,306,15,8.7,16.4,2.3,306,15,266,29.47,0.4,0,0,0,36.5,43.2,48.4,0.43,0.48,0.56
SPRA,2019-11-08 10:35:00 EST,42.87427,-74.50859,656,26.6,26.0,17.1,73.4,19.2,0.000,0.000,0.00,0.000,9.3,14.2,2.0,317,14,9.9,15.0,1.8,320,15,9.9,15.0,1.8,320,15,409,29.47,0.5,0,0,0,36.5,43.2,48.4,0.43,0.48,0.56
SPRA,2019-11-08 10:40:00 EST,42.87427,-74.50859,656,27.0,26.5,18.0,72.7,19.4,0.000,0.000,0.00,0.000,8.5,13.1,1.8,300,18,9.3,16.0,2.0,303,18,9.3,16.0,2.0,303,18,251,29.47,0.4,0,0,0,36.5,43.2,48.4,0.43,0.48,0.56
SPRA,2019-11-08 10:45:00 EST,42.87427,-74.50859,656,27.0,26.6,16.4,67.9,17.8,0.000,0.000,0.00,0.000,11.5,19.0,2.8,299,16,12.1,20.2,2.9,303,15,12.1,20.2,2.9,303,15,531,29.47,0.4,0,0,0,36.5,43.2,48.4,0.43,0.48,0.56
SPRA,2019-11-08 10:50:00 EST,42.87427,-74.50859,656,27.2,26.7,15.9,68.6,18.3,0.000,0.000,0.00,0.000,12.7,21.0,3.7,287,17,13.9,23.8,4.1,292,16,13.9,23.8,4.1,292,16,361,29.47,0.5,0,0,0,36.5,43.2,48.4,0.43,0.48,0.56
SPRA,2019-11-08 10:55:00 EST,42.87427,-74.50859,656,27.3,26.7,16.1,65.6,17.3,0.000,0.000,0.00,0.000,12.9,19.1,2.6,302,17,13.7,21.1,2.8,304,15,13.7,21.1,2.8,304,15,487,29.47,0.4,0,0,0,36.5,43.2,48.4,0.43,0.48,0.56
SPRA,2019-11-08 11:00:00 EST,42.87427,-74.50859,656,27.2,26.6,15.8,63.9,16.6,0.000,0.000,0.00,0.000,13.6,20.8,3.7,311,13,14.2,21.8,3.6,315,13,14.2,21.8,3.6,315,13,491,29.47,0.4,0,0,0,36.5,43.2,48.4,0.43,0.48,0.56
SPRA,2019-11-08 11:05:00 EST,42.87427,-74.50859,656,27.6,27.0,16.9,66.4,17.9,0.000,0.000,0.00,0.000,11.8,16.4,2.3,295,19,12.8,18.9,2.5,298,17,12.8,18.9,2.5,298,17,516,29.46,0.4,0,0,0,36.6,43.2,48.4,0.43,0.48,0.56
SPRA,2019-11-08 11:10:00 EST,42.87427,-74.50859,656,28.2,27.5,19.6,67.3,18.7,0.000,0.000,0.00,0.000,7.8,13.2,2.3,286,20,9.0,16.1,2.8,289,19,9.0,16.1,2.8,289,19,487,29.46,0.5,0,0,0,36.6,43.2,48.4,0.43,0.48,0.55
SPRA,2019-11-08 11:15:00 EST,42.87427,-74.50859,656,27.6,27.0,16.0,65.0,17.3,0.000,0.000,0.00,0.000,13.5,19.3,3.0,280,13,15.0,22.5,3.4,282,11,15.0,22.5,3.4,282,11,438,29.46,0.4,0,0,0,36.7,43.2,48.4,0.43,0.48,0.55
SPRA,2019-11-08 11:20:00 EST,42.87427,-74.50859,656,27.7,27.2,18.6,66.0,17.9,0.000,0.000,0.00,0.000,8.5,17.2,3.0,287,18,9.6,18.9,3.5,290,17,9.6,18.9,3.5,290,17,391,29.46,0.5,0,0,0,36.7,43.2,48.4,0.43,0.48,0.56
SPRA,2019-11-08 11:25:00 EST,42.87427,-74.50859,656,28.2,27.7,18.2,65.5,18.1,0.000,0.000,0.00,0.000,11.0,18.7,3.7,299,17,11.6,20.6,3.8,302,15,11.6,20.6,3.8,302,15,464,29.46,0.4,0,0,0,36.7,43.2,48.4,0.43,0.48,0.56
SPRA,2019-11-08 11:30:00 EST,42.87427,-74.50859,656,28.4,27.8,19.4,64.4,17.9,0.000,0.000,0.00,0.000,8.9,14.8,2.0,297,20,9.8,15.4,2.3,299,19,9.8,15.4,2.3,299,19,391,29.47,0.4,0,0,0,36.7,43.2,48.4,0.43,0.48,0.55
SPRA,2019-11-08 11:35:00 EST,42.87427,-74.50859,656,28.0,27.4,17.7,64.1,17.4,0.000,0.000,0.00,0.000,11.3,18.7,3.1,306,21,12.1,18.8,2.9,310,20,12.1,18.8,2.9,310,20,214,29.47,0.4,0,0,0,36.7,43.2,48.4,0.43,0.48,0.56
SPRA,2019-11-08 11:40:00 EST,42.87427,-74.50859,656,27.7,27.2,17.3,63.9,17.0,0.000,0.000,0.00,0.000,11.7,18.9,3.0,305,15,12.2,19.8,2.9,310,14,12.2,19.8,2.9,310,14,219,29.47,0.4,0,0,0,36.7,43.1,48.4,0.43,0.48,0.55
SPRA,2019-11-08 11:45:00 EST,42.87427,-74.50859,656,27.5,27.1,17.5,63.7,16.8,0.000,0.000,0.00,0.000,10.7,18.0,3.2,305,14,11.2,18.8,3.2,309,13,11.2,18.8,3.2,309,13,171,29.47,0.4,0,0,0,36.7,43.0,48.4,0.43,0.48,0.55
SPRA,2019-11-08 11:50:00 EST,42.87427,-74.50859,656,27.5,27.2,18.3,64.9,17.3,0.000,0.000,0.00,0.000,9.1,14.5,2.2,311,15,9.8,16.2,2.4,316,16,9.8,16.2,2.4,316,16,147,29.46,0.4,0,0,0,36.8,43.0,48.4,0.43,0.48,0.55
SPRA,2019-11-08 11:55:00 EST,42.87427,-74.50859,656,27.3,27.0,17.6,65.1,17.1,0.000,0.000,0.00,0.000,10.0,18.5,2.8,310,15,10.6,20.4,3.0,314,14,10.6,20.4,3.0,314,14,111,29.46,0.4,0,0,0,36.9,43.0,48.4,0.43,0.48,0.56
SPRA,2019-11-08 12:00:00 EST,42.87427,-74.50859,656,27.1,26.8,16.2,66.9,17.6,0.000,0.000,0.00,0.000,12.4,17.8,2.1,318,10,12.9,17.8,2.1,322,11,12.9,17.8,2.1,322,11,224,29.46,0.4,0,0,0,36.9,43.0,48.4,0.43,0.48,0.56
SPRA,2019-11-08 12:05:00 EST,42.87427,-74.50859,656,27.6,27.0,16.6,64.3,17.1,0.000,0.000,0.00,0.000,12.9,19.1,2.5,319,17,13.3,19.5,2.6,326,17,13.3,19.5,2.6,326,17,497,29.46,0.4,0,0,0,36.9,43.0,48.4,0.43,0.48,0.56
SPRA,2019-11-08 12:10:00 EST,42.87427,-74.50859,656,27.7,27.2,16.5,61.2,16.1,0.000,0.000,0.00,0.000,13.4,20.8,3.5,305,15,14.0,21.8,3.5,309,16,14.0,21.8,3.5,309,16,239,29.46,0.4,0,0,0,36.9,43.0,48.4,0.43,0.48,0.55
SPRA,2019-11-08 12:15:00 EST,42.87427,-74.50859,656,28.2,27.6,19.1,60.7,16.4,0.000,0.000,0.00,0.000,9.1,15.7,2.1,297,17,9.9,16.1,2.3,302,17,9.9,16.1,2.3,302,17,551,29.46,0.4,0,0,0,36.9,43.0,48.4,0.43,0.48,0.56
SPRA,2019-11-08 12:20:00 EST,42.87427,-74.50859,656,28.9,28.2,18.4,58.6,16.2,0.000,0.000,0.00,0.000,12.1,21.6,3.7,299,21,13.1,22.6,3.8,301,20,13.1,22.6,3.8,301,20,556,29.46,0.3,0,0,0,36.9,43.0,48.4,0.43,0.48,0.55
SPRA,2019-11-08 12:25:00 EST,42.87427,-74.50859,656,28.9,28.3,18.8,56.4,15.4,0.000,0.000,0.00,0.000,11.8,20.2,3.0,311,15,12.4,20.6,3.0,315,16,12.4,20.6,3.0,315,16,491,29.45,0.6,0,0,0,37.0,43.0,48.4,0.43,0.48,0.56
SPRA,2019-11-08 12:30:00 EST,42.87427,-74.50859,656,29.0,28.5,17.5,54.8,14.7,0.000,0.000,0.00,0.000,15.3,23.5,3.6,314,16,15.7,24.2,3.4,318,14,15.7,24.2,3.4,318,14,434,29.46,0.5,0,0,0,37.0,43.0,48.4,0.43,0.48,0.55
SPRA,2019-11-08 12:35:00 EST,42.87427,-74.50859,656,28.6,28.1,17.7,55.3,14.6,0.000,0.000,0.00,0.000,13.3,20.0,4.0,305,17,13.9,21.4,3.9,309,16,13.9,21.4,3.9,309,16,290,29.46,0.5,0,0,0,37.0,43.0,48.4,0.43,0.48,0.55
SPRA,2019-11-08 12:40:00 EST,42.87427,-74.50859,656,29.0,28.5,18.4,56.5,15.4,0.000,0.000,0.00,0.000,12.6,21.0,3.9,318,15,13.4,22.3,3.8,322,15,13.4,22.3,3.8,322,15,584,29.46,0.5,0,0,0,37.0,43.0,48.4,0.43,0.48,0.56
SPRA,2019-11-08 12:45:00 EST,42.87427,-74.50859,656,29.5,28.9,19.1,55.5,15.5,0.000,0.000,0.00,0.000,12.5,27.0,4.6,308,19,13.2,24.9,4.4,313,20,13.2,24.9,4.4,313,20,532,29.45,0.4,0,0,0,37.0,43.0,48.4,0.43,0.48,0.56
SPRA,2019-11-08 12:50:00 EST,42.87427,-74.50859,656,29.2,28.6,18.8,53.8,14.6,0.000,0.000,0.00,0.000,12.7,20.2,3.8,310,15,13.2,20.8,3.8,314,13,13.2,20.8,3.8,314,13,449,29.46,0.4,0,0,0,37.0,43.0,48.4,0.43,0.48,0.56
SPRA,2019-11-08 12:55:00 EST,42.87427,-74.50859,656,29.0,28.5,18.1,54.7,14.7,0.000,0.000,0.00,0.000,13.2,21.0,3.5,301,18,14.2,21.9,3.5,306,17,14.2,21.9,3.5,306,17,347,29.46,0.4,0,0,0,37.1,43.0,48.4,0.43,0.48,0.56
SPRA,2019-11-08 13:00:00 EST,42.87427,-74.50859,656,29.0,28.4,18.3,54.4,14.6,0.000,0.000,0.00,0.000,12.9,20.3,3.2,302,17,13.6,21.2,3.3,307,16,13.6,21.2,3.3,307,16,467,29.46,0.5,0,0,0,37.2,43.0,48.4,0.43,0.48,0.56
SPRA,2019-11-08 13:05:00 EST,42.87427,-74.50859,656,29.1,28.6,17.7,55.1,14.9,0.000,0.000,0.00,0.000,14.6,25.9,5.7,312,15,15.3,27.1,5.6,317,14,15.3,27.1,5.6,317,14,221,29.45,0.3,0,0,0,37.2,43.0,48.4,0.43,0.48,0.55
SPRA,2019-11-08 13:10:00 EST,42.87427,-74.50859,656,28.2,27.9,15.9,53.7,13.5,0.000,0.000,0.00,0.000,16.9,25.0,3.8,320,13,17.3,24.2,3.5,325,13,17.3,24.2,3.5,325,13,168,29.46,0.4,0,0,0,37.2,42.9,48.4,0.43,0.48,0.56
SPRA,2019-11-08 13:15:00 EST,42.87427,-74.50859,656,28.0,27.7,16.5,55.0,13.9,0.000,0.000,0.00,0.000,13.9,20.5,3.5,329,12,14.8,22.4,3.6,334,10,14.8,22.4,3.6,334,10,125,29.46,0.4,0,0,0,37.2,42.8,48.4,0.43,0.48,0.56
SPRA,2019-11-08 13:20:00 EST,42.87427,-74.50859,656,27.9,27.6,16.7,56.7,14.5,0.000,0.000,0.00,0.000,13.3,24.1,3.8,328,14,13.9,26.0,3.7,334,12,13.9,26.0,3.7,334,12,163,29.46,0.4,0,0,0,37.2,42.8,48.4,0.43,0.48,0.56
SPRA,2019-11-08 13:25:00 EST,42.87427,-74.50859,656,28.2,27.9,17.7,55.6,14.4,0.000,0.000,0.00,0.000,12.2,19.2,4.1,317,14,12.7,20.5,3.9,321,15,12.7,20.5,3.9,321,15,292,29.46,0.5,0,0,0,37.2,42.8,48.4,0.43,0.48,0.55
SPRA,2019-11-08 13:30:00 EST,42.87427,-74.50859,656,28.9,28.5,19.3,54.8,14.7,0.000,0.000,0.00,0.000,10.4,17.8,2.9,309,22,11.2,18.5,2.7,311,22,11.2,18.5,2.7,311,22,364,29.46,0.4,0,0,0,37.2,42.8,48.4,0.43,0.48,0.56
SPRA,2019-11-08 13:35:00 EST,42.87427,-74.50859,656,29.5,28.9,19.7,53.3,14.6,0.000,0.000,0.00,0.000,11.3,21.4,3.9,314,14,11.8,20.7,3.9,318,14,11.8,20.7,3.9,318,14,467,29.46,0.3,0,0,0,37.2,42.8,48.4,0.43,0.48,0.56
SPRA,2019-11-08 13:40:00 EST,42.87427,-74.50859,656,29.7,29.1,19.5,53.3,14.8,0.000,0.000,0.00,0.000,11.9,21.5,3.7,308,22,12.9,23.0,3.6,310,23,12.9,23.0,3.6,310,23,514,29.46,0.3,0,0,0,37.2,42.8,48.4,0.43,0.48,0.56
SPRA,2019-11-08 13:45:00 EST,42.87427,-74.50859,656,29.8,29.2,18.9,52.8,14.7,0.000,0.000,0.00,0.000,13.8,24.2,3.7,299,16,14.8,24.6,3.6,302,14,14.8,24.6,3.6,302,14,510,29.46,0.4,0,0,0,37.2,42.8,48.4,0.43,0.48,0.55
SPRA,2019-11-08 13:50:00 EST,42.87427,-74.50859,656,29.8,29.2,19.2,53.2,14.9,0.000,0.000,0.00,0.000,13.2,21.5,3.6,324,20,14.0,22.4,3.6,326,16,14.0,22.4,3.6,326,16,384,29.46,0.4,0,0,0,37.2,42.8,48.4,0.43,0.48,0.56
SPRA,2019-11-08 13:55:00 EST,42.87427,-74.50859,656,29.4,28.9,18.4,54.8,15.1,0.000,0.000,0.00,0.000,14.1,19.0,2.2,334,11,14.7,20.5,2.4,341,11,14.7,20.5,2.4,341,11,193,29.46,0.3,0,0,0,37.2,42.8,48.4,0.43,0.48,0.55
SPRA,2019-11-08 14:00:00 EST,42.87427,-74.50859,656,28.8,28.5,17.5,55.0,14.7,0.000,0.000,0.00,0.000,14.5,21.9,3.2,325,14,15.1,22.2,3.1,331,14,15.1,22.2,3.1,331,14,206,29.46,0.4,0,0,0,37.2,42.8,48.4,0.43,0.48,0.56
SPRA,2019-11-08 14:05:00 EST,42.87427,-74.50859,656,29.2,28.7,19.3,54.3,14.7,0.000,0.000,0.00,0.000,11.1,17.2,2.4,323,11,11.7,18.9,2.3,327,11,11.7,18.9,2.3,327,11,334,29.46,0.4,0,0,0,37.2,42.8,48.4,0.43,0.48,0.56
SPRA,2019-11-08 14:10:00 EST,42.87427,-74.50859,656,29.3,28.8,18.7,53.0,14.2,0.000,0.000,0.00,0.000,12.6,18.0,2.2,333,14,13.6,19.6,2.7,339,13,13.6,19.6,2.7,339,13,273,29.46,0.4,0,0,0,37.2,42.8,48.3,0.43,0.48,0.56
SPRA,2019-11-08 14:15:00 EST,42.87427,-74.50859,656,29.1,28.7,18.7,53.9,14.4,0.000,0.000,0.00,0.000,12.1,17.6,2.5,332,15,13.0,18.7,2.7,338,13,13.0,18.7,2.7,338,13,161,29.45,0.4,0,0,0,37.2,42.8,48.3,0.43,0.48,0.55
SPRA,2019-11-08 14:20:00 EST,42.87427,-74.50859,656,29.0,28.7,18.3,53.7,14.2,0.000,0.000,0.00,0.000,12.9,18.3,2.1,328,12,13.5,20.3,2.2,334,11,13.5,20.3,2.2,334,11,145,29.46,0.4,0,0,0,37.2,42.8,48.3,0.43,0.48,0.56
SPRA,2019-11-08 14:25:00 EST,42.87427,-74.50859,656,29.1,28.7,18.0,53.2,14.1,0.000,0.000,0.00,0.000,13.8,21.6,3.0,330,13,14.5,22.4,2.9,336,11,14.5,22.4,2.9,336,11,251,29.46,0.4,0,0,0,37.2,42.8,48.3,0.43,0.48,0.55
SPRA,2019-11-08 14:30:00 EST,42.87427,-74.50859,656,29.3,28.9,18.0,51.1,13.5,0.000,0.000,0.00,0.000,14.8,21.7,3.4,326,19,15.5,22.8,3.4,330,17,15.5,22.8,3.4,330,17,268,29.46,0.4,0,0,0,37.2,42.8,48.2,0.43,0.48,0.55
SPRA,2019-11-08 14:35:00 EST,42.87427,-74.50859,656,29.4,29.1,19.9,51.4,13.6,0.000,0.000,0.00,0.000,10.4,16.4,2.5,318,18,11.1,17.1,2.4,322,18,11.1,17.1,2.4,322,18,150,29.46,0.4,0,0,0,37.2,42.8,48.2,0.43,0.48,0.55
SPRA,2019-11-08 14:40:00 EST,42.87427,-74.50859,656,29.3,29.0,20.1,51.6,13.6,0.000,0.000,0.00,0.000,9.7,17.2,3.1,316,15,10.5,17.6,3.0,320,15,10.5,17.6,3.0,320,15,122,29.46,0.3,0,0,0,37.2,42.8,48.2,0.43,0.48,0.55
SPRA,2019-11-08 14:45:00 EST,42.87427,-74.50859,656,29.1,28.9,20.1,50.8,13.1,0.000,0.000,0.00,0.000,9.4,15.5,2.8,304,17,10.1,17.4,2.9,308,16,10.1,17.4,2.9,308,16,108,29.46,0.4,0,0,0,37.2,42.8,48.2,0.43,0.48,0.56
SPRA,2019-11-08 14:50:00 EST,42.87427,-74.50859,656,29.1,28.9,20.0,49.7,12.6,0.000,0.000,0.00,0.000,9.2,19.4,2.8,289,17,10.3,19.5,2.8,294,15,10.3,19.5,2.8,294,15,62,29.46,0.3,0,0,0,37.2,42.8,48.2,0.43,0.48,0.55
SPRA,2019-11-08 14:55:00 EST,42.87427,-74.50859,656,28.9,28.8,18.5,48.1,11.7,0.000,0.000,0.00,0.000,12.0,17.6,2.7,296,15,12.9,20.1,2.7,298,13,12.9,20.1,2.7,298,13,67,29.46,0.3,0,0,0,37.2,42.8,48.2,0.43,0.48,0.56
SPRA,2019-11-08 15:00:00 EST,42.87427,-74.50859,656,29.0,28.8,18.6,48.8,12.1,0.000,0.000,0.00,0.000,12.3,19.2,2.6,321,15,12.8,19.3,2.8,326,15,12.8,19.3,2.8,326,15,127,29.46,0.4,0,0,0,37.2,42.8,48.2,0.43,0.48,0.55
SPRA,2019-11-08 15:05:00 EST,42.87427,-74.50859,656,29.1,29.0,19.2,49.0,12.3,0.000,0.000,0.00,0.000,11.1,16.1,2.1,318,18,12.0,17.2,2.4,323,17,12.0,17.2,2.4,323,17,124,29.46,0.3,0,0,0,37.2,42.8,48.2,0.43,0.48,0.56
SPRA,2019-11-08 15:10:00 EST,42.87427,-74.50859,656,29.3,29.1,18.6,48.2,12.1,0.000,0.000,0.00,0.000,13.3,21.0,3.0,318,15,13.9,23.9,3.1,323,14,13.9,23.9,3.1,323,14,106,29.46,0.3,0,0,0,37.2,42.8,48.2,0.43,0.48,0.56
SPRA,2019-11-08 15:15:00 EST,42.87427,-74.50859,656,29.1,29.0,18.3,47.0,11.4,0.000,0.000,0.00,0.000,13.3,21.0,2.9,318,12,13.9,21.6,3.0,324,13,13.9,21.6,3.0,324,13,103,29.47,0.4,0,0,0,37.2,42.8,48.2,0.43,0.48,0.56
SPRA,2019-11-08 15:20:00 EST,42.87427,-74.50859,656,29.1,29.0,18.2,47.0,11.4,0.000,0.000,0.00,0.000,13.3,19.4,3.0,315,14,14.1,20.5,3.0,320,13,14.1,20.5,3.0,320,13,109,29.47,0.4,0,0,0,37.2,42.8,48.2,0.43,0.48,0.55
SPRA,2019-11-08 15:25:00 EST,42.87427,-74.50859,656,29.2,29.1,19.4,46.6,11.3,0.000,0.000,0.00,0.000,10.9,16.7,2.6,303,19,11.8,17.2,2.6,307,16,11.8,17.2,2.6,307,16,121,29.47,0.3,0,0,0,37.2,42.8,48.2,0.43,0.48,0.55
SPRA,2019-11-08 15:30:00 EST,42.87427,-74.50859,656,29.0,29.0,20.0,48.0,11.8,0.000,0.000,0.00,0.000,9.4,16.4,2.8,305,16,10.1,18.7,2.9,308,17,10.1,18.7,2.9,308,17,64,29.47,0.3,0,0,0,37.2,42.8,48.2,0.43,0.48,0.55
SPRA,2019-11-08 15:35:00 EST,42.87427,-74.50859,656,28.9,28.9,19.6,47.8,11.6,0.000,0.000,0.00,0.000,9.8,17.0,2.9,301,17,10.7,17.9,3.0,304,15,10.7,17.9,3.0,304,15,66,29.47,0.3,0,0,0,37.2,42.8,48.2,0.43,0.48,0.56
SPRA,2019-11-08 15:40:00 EST,42.87427,-74.50859,656,28.8,28.8,18.7,48.5,11.8,0.000,0.000,0.00,0.000,11.4,19.3,3.1,315,21,12.1,19.3,3.0,321,18,12.1,19.3,3.0,321,18,55,29.47,0.3,0,0,0,37.2,42.8,48.2,0.43,0.48,0.56
SPRA,2019-11-08 15:45:00 EST,42.87427,-74.50859,656,28.7,28.7,18.7,48.4,11.7,0.000,0.000,0.00,0.000,11.3,18.1,2.7,315,17,11.7,19.9,2.7,320,17,11.7,19.9,2.7,320,17,40,29.48,0.3,0,0,0,37.2,42.8,48.2,0.43,0.48,0.56
SPRA,2019-11-08 15:50:00 EST,42.87427,-74.50859,656,28.5,28.6,18.1,48.4,11.5,0.000,0.000,0.00,0.000,12.0,17.0,1.9,308,15,12.8,17.2,2.1,311,15,12.8,17.2,2.1,311,15,31,29.48,0.3,0,0,0,37.2,42.8,48.2,0.43,0.48,0.56
SPRA,2019-11-08 15:55:00 EST,42.87427,-74.50859,656,28.3,28.4,18.9,49.6,11.9,0.000,0.000,0.00,0.000,10.0,16.4,2.4,318,13,10.6,16.8,2.4,323,13,10.6,16.8,2.4,323,13,30,29.48,0.4,0,0,0,37.2,42.8,48.2,0.43,0.48,0.56
SPRA,2019-11-08 16:00:00 EST,42.87427,-74.50859,656,28.0,28.1,18.0,51.7,12.5,0.000,0.000,0.00,0.000,10.8,16.8,2.7,316,13,11.4,17.4,2.6,321,14,11.4,17.4,2.6,321,14,26,29.48,0.3,0,0,0,37.2,42.8,48.2,0.43,0.48,0.56
SPRA,2019-11-08 16:05:00 EST,42.87427,-74.50859,656,27.9,28.0,18.5,51.7,12.4,0.000,0.000,0.00,0.000,9.8,14.5,2.0,319,13,10.3,15.5,2.1,324,12,10.3,15.5,2.1,324,12,24,29.48,0.4,0,0,0,37.2,42.8,48.2,0.43,0.48,0.56
SPRA,2019-11-08 16:10:00 EST,42.87427,-74.50859,656,27.7,27.8,18.8,52.3,12.5,0.000,0.000,0.00,0.000,8.9,14.0,2.3,315,15,9.3,14.4,2.2,320,13,9.3,14.4,2.2,320,13,23,29.48,0.3,0,0,0,37.2,42.8,48.2,0.43,0.48,0.55
SPRA,2019-11-08 16:15:00 EST,42.87427,-74.50859,656,27.6,27.8,18.5,52.4,12.5,0.000,0.000,0.00,0.000,9.2,16.1,2.6,315,14,9.7,16.8,2.7,320,13,9.7,16.8,2.7,320,13,22,29.49,0.4,0,0,0,37.2,42.8,48.2,0.43,0.48,0.56
SPRA,2019-11-08 16:20:00 EST,42.87427,-74.50859,656,27.4,27.7,18.1,53.8,12.8,0.000,0.000,0.00,0.000,9.4,15.1,3.0,320,14,9.9,16.3,3.1,326,13,9.9,16.3,3.1,326,13,18,29.49,0.3,0,0,0,37.2,42.8,48.2,0.43,0.48,0.56
SPRA,2019-11-08 16:25:00 EST,42.87427,-74.50859,656,27.6,27.7,18.7,52.9,12.6,0.000,0.000,0.00,0.000,8.6,14.7,2.7,314,13,9.2,15.8,2.8,318,12,9.2,15.8,2.8,318,12,16,29.49,0.3,0,0,0,37.2,42.8,48.2,0.43,0.48,0.56
SPRA,2019-11-08 16:30:00 EST,42.87427,-74.50859,656,27.3,27.5,19.2,54.2,12.9,0.000,0.000,0.00,0.000,7.5,15.4,2.7,314,15,7.9,15.0,2.7,317,15,7.9,15.0,2.7,317,15,13,29.49,0.4,0,0,0,37.0,42.8,48.2,0.43,0.48,0.55
SPRA,2019-11-08 16:35:00 EST,42.87427,-74.50859,656,27.5,27.6,18.2,53.2,12.6,0.000,0.000,0.00,0.000,9.2,14.7,2.8,309,15,9.8,15.3,2.8,313,13,9.8,15.3,2.8,313,13,11,29.49,0.4,0,0,0,37.0,42.8,48.2,0.43,0.48,0.55
SPRA,2019-11-08 16:40:00 EST,42.87427,-74.50859,656,27.4,27.5,19.0,53.6,12.7,0.000,0.000,0.00,0.000,7.8,14.8,2.2,309,18,8.3,15.6,2.1,312,16,8.3,15.6,2.1,312,16,8,29.49,0.3,0,0,0,37.0,42.8,48.2,0.43,0.48,0.55
SPRA,2019-11-08 16:45:00 EST,42.87427,-74.50859,656,27.0,27.3,19.1,55.5,13.2,0.000,0.000,0.00,0.000,7.1,13.2,2.5,314,16,7.6,13.0,2.3,318,16,7.6,13.0,2.3,318,16,6,29.50,0.3,0,0,0,37.0,42.8,48.2,0.43,0.48,0.56
SPRA,2019-11-08 16:50:00 EST,42.87427,-74.50859,656,27.0,27.2,18.2,55.4,13.1,0.000,0.000,0.00,0.000,8.4,15.2,2.5,310,14,8.9,15.5,2.3,312,14,8.9,15.5,2.3,312,14,4,29.50,0.3,0,0,0,37.0,42.8,48.2,0.43,0.48,0.55
SPRA,2019-11-08 16:55:00 EST,42.87427,-74.50859,656,26.8,27.0,18.3,55.8,13.1,0.000,0.000,0.00,0.000,7.9,11.9,1.8,314,14,8.4,13.7,2.0,319,13,8.4,13.7,2.0,319,13,2,29.50,0.3,0,0,0,37.0,42.8,48.2,0.43,0.48,0.56
SPRA,2019-11-08 17:00:00 EST,42.87427,-74.50859,656,26.7,26.9,18.4,55.7,12.9,0.000,0.000,0.00,0.000,7.4,11.8,2.2,312,21,7.9,12.3,2.3,317,20,7.9,12.3,2.3,317,20,1,29.50,0.4,0,0,0,37.0,42.8,48.2,0.43,0.48,0.56
SPRA,2019-11-08 17:05:00 EST,42.87427,-74.50859,656,26.8,27.0,17.9,54.7,12.6,0.000,0.000,0.00,0.000,8.4,15.9,2.4,311,16,9.0,15.1,2.3,314,15,9.0,15.1,2.3,314,15,0,29.50,0.3,0,0,0,37.0,42.8,48.2,0.43,0.48,0.56
SPRA,2019-11-08 17:10:00 EST,42.87427,-74.50859,656,26.6,26.8,18.7,54.7,12.5,0.000,0.000,0.00,0.000,7.0,11.3,1.6,308,14,7.4,11.9,1.6,313,13,7.4,11.9,1.6,313,13,0,29.51,0.4,0,0,0,37.0,42.8,48.2,0.43,0.48,0.56
SPRA,2019-11-08 17:15:00 EST,42.87427,-74.50859,656,26.5,26.7,18.9,54.9,12.5,0.000,0.000,0.00,0.000,6.5,11.8,2.3,315,17,7.1,12.6,2.4,319,18,7.1,12.6,2.4,319,18,0,29.51,0.4,0,0,0,36.9,42.8,48.1,0.43,0.48,0.56
SPRA,2019-11-08 17:20:00 EST,42.87427,-74.50859,656,26.4,26.7,19.4,55.1,12.5,0.000,0.000,0.00,0.000,5.6,9.9,2.0,313,20,6.3,10.4,2.1,318,20,6.3,10.4,2.1,318,20,0,29.51,0.4,0,0,0,36.9,42.8,48.2,0.43,0.48,0.56
SPRA,2019-11-08 17:25:00 EST,42.87427,-74.50859,656,26.4,26.5,19.0,54.6,12.2,0.000,0.000,0.00,0.000,6.3,10.3,1.9,299,13,6.6,10.8,2.0,303,12,6.6,10.8,2.0,303,12,0,29.51,0.3,0,0,0,36.9,42.7,48.2,0.43,0.48,0.56
SPRA,2019-11-08 17:30:00 EST,42.87427,-74.50859,656,26.1,26.5,19.8,55.2,12.3,0.000,0.000,0.00,0.000,5.0,8.6,1.2,309,16,5.4,8.7,1.3,312,16,5.4,8.7,1.3,312,16,0,29.52,0.3,0,0,0,36.9,42.6,48.1,0.43,0.48,0.56
SPRA,2019-11-08 17:35:00 EST,42.87427,-74.50859,656,26.0,26.3,21.5,55.7,12.3,0.000,0.000,0.00,0.000,3.4,8.1,2.1,310,17,3.7,9.1,2.3,315,17,3.7,9.1,2.3,315,17,0,29.52,0.4,0,0,0,36.8,42.7,48.1,0.43,0.48,0.56
SPRA,2019-11-08 17:40:00 EST,42.87427,-74.50859,656,26.0,26.3,20.0,56.2,12.5,0.000,0.000,0.00,0.000,4.9,8.0,1.0,312,12,5.0,8.6,1.0,317,10,5.0,8.6,1.0,317,10,0,29.53,0.2,0,0,0,36.7,42.6,48.1,0.43,0.48,0.55
SPRA,2019-11-08 17:45:00 EST,42.87427,-74.50859,656,25.9,26.1,22.1,56.2,12.4,0.000,0.000,0.00,0.000,3.1,5.3,0.7,303,13,3.2,6.0,0.8,306,12,3.2,6.0,0.8,306,12,0,29.53,0.3,0,0,0,36.7,42.6,48.1,0.43,0.48,0.55
SPRA,2019-11-08 17:50:00 EST,42.87427,-74.50859,656,25.8,26.0,22.0,56.9,12.6,0.000,0.000,0.00,0.000,3.1,4.6,0.6,301,11,3.2,4.9,0.7,305,10,3.2,4.9,0.7,305,10,0,29.53,0.3,0,0,0,36.7,42.6,48.0,0.43,0.48,0.55
SPRA,2019-11-08 17:55:00 EST,42.87427,-74.50859,656,25.7,25.9,21.5,57.6,12.8,0.000,0.000,0.00,0.000,3.3,4.5,0.5,292,12,3.5,4.8,0.6,297,11,3.5,4.8,0.6,297,11,0,29.54,0.4,0,0,0,36.7,42.6,48.0,0.43,0.48,0.55
SPRA,2019-11-08 18:00:00 EST,42.87427,-74.50859,656,25.4,25.8,21.1,58.8,12.9,0.000,0.000,0.00,0.000,3.3,5.7,0.9,294,14,3.5,6.3,1.0,297,14,3.5,6.3,1.0,297,14,0,29.54,0.4,0,0,0,36.7,42.6,48.0,0.43,0.48,0.55
SPRA,2019-11-08 18:05:00 EST,42.87427,-74.50859,656,25.1,25.6,19.2,60.0,13.2,0.000,0.000,0.00,0.000,4.4,7.4,1.1,288,15,4.8,7.6,1.1,291,13,4.8,7.6,1.1,291,13,0,29.54,0.3,0,0,0,36.7,42.6,48.0,0.43,0.48,0.55
SPRA,2019-11-08 18:10:00 EST,42.87427,-74.50859,656,25.0,25.5,18.6,60.8,13.4,0.000,0.000,0.00,0.000,4.7,8.0,1.2,301,16,5.2,9.8,1.3,305,15,5.2,9.8,1.3,305,15,0,29.54,0.3,0,0,0,36.7,42.6,48.0,0.43,0.48,0.55
SPRA,2019-11-08 18:15:00 EST,42.87427,-74.50859,656,25.3,25.6,19.0,59.9,13.3,0.000,0.000,0.00,0.000,4.9,6.8,1.0,302,13,5.2,7.6,1.0,305,13,5.2,7.6,1.0,305,13,0,29.54,0.3,0,0,0,36.7,42.6,48.0,0.43,0.48,0.55
SPRA,2019-11-08 18:20:00 EST,42.87427,-74.50859,656,25.1,25.5,19.0,60.5,13.3,0.000,0.000,0.00,0.000,4.7,6.6,0.8,312,14,4.9,6.9,1.0,316,14,4.9,6.9,1.0,316,14,0,29.54,0.4,0,0,0,36.6,42.6,48.0,0.43,0.48,0.55
SPRA,2019-11-08 18:25:00 EST,42.87427,-74.50859,656,24.8,25.3,19.7,61.6,13.4,0.000,0.000,0.00,0.000,3.6,5.9,0.9,318,19,4.0,6.5,1.1,323,19,4.0,6.5,1.1,323,19,0,29.55,0.4,0,0,0,36.5,42.6,48.0,0.43,0.48,0.55
SPRA,2019-11-08 18:30:00 EST,42.87427,-74.50859,656,24.6,25.2,19.9,62.7,13.7,0.000,0.000,0.00,0.000,3.4,5.2,0.9,320,18,3.7,6.4,1.0,325,18,3.7,6.4,1.0,325,18,0,29.55,0.4,0,0,0,36.5,42.6,48.0,0.43,0.48,0.55
SPRA,2019-11-08 18:35:00 EST,42.87427,-74.50859,656,24.8,25.2,19.6,62.5,13.8,0.000,0.000,0.00,0.000,3.8,5.8,0.9,318,15,4.1,6.6,1.1,323,15,4.1,6.6,1.1,323,15,0,29.55,0.3,0,0,0,36.5,42.6,48.0,0.43,0.48,0.55
SPRA,2019-11-08 18:40:00 EST,42.87427,-74.50859,656,24.8,25.1,21.1,62.5,13.8,0.000,0.000,0.00,0.000,3.0,5.6,1.2,304,13,3.1,5.7,1.2,308,13,3.1,5.7,1.2,308,13,0,29.55,0.3,0,0,0,36.5,42.6,48.0,0.43,0.48,0.55
SPRA,2019-11-08 18:45:00 EST,42.87427,-74.50859,656,24.7,25.0,19.5,62.8,13.9,0.000,0.000,0.00,0.000,3.8,8.0,1.4,299,13,4.2,8.2,1.4,303,12,4.2,8.2,1.4,303,12,0,29.55,0.2,0,0,0,36.5,42.6,48.0,0.43,0.48,0.55
SPRA,2019-11-08 18:50:00 EST,42.87427,-74.50859,656,24.3,24.8,20.1,63.8,13.8,0.000,0.000,0.00,0.000,3.2,4.9,0.8,305,19,3.3,5.4,0.9,309,15,3.3,5.4,0.9,309,15,0,29.55,0.4,0,0,0,36.5,42.6,48.0,0.43,0.48,0.55
SPRA,2019-11-08 18:55:00 EST,42.87427,-74.50859,656,24.6,24.8,20.7,63.6,14.1,0.000,0.000,0.00,0.000,3.1,4.5,0.6,296,15,3.2,4.8,0.7,301,13,3.2,4.8,0.7,301,13,0,29.55,0.4,0,0,0,36.5,42.6,48.0,0.43,0.48,0.55
SPRA,2019-11-08 19:00:00 EST,42.87427,-74.50859,656,24.3,24.7,24.3,64.3,13.9,0.000,0.000,0.00,0.000,2.6,4.5,0.9,306,16,2.8,5.3,0.9,309,16,2.8,5.3,0.9,309,16,0,29.55,0.4,0,0,0,36.3,42.6,48.0,0.42,0.48,0.55
SPRA,2019-11-08 19:05:00 EST,42.87427,-74.50859,656,24.3,24.7,24.3,64.9,14.2,0.000,0.000,0.00,0.000,2.6,4.4,0.6,308,13,2.6,5.0,0.7,312,11,2.6,5.0,0.7,312,11,0,29.55,0.4,0,0,0,36.3,42.6,48.0,0.42,0.48,0.55
SPRA,2019-11-08 19:10:00 EST,42.87427,-74.50859,656,24.3,24.6,24.3,64.9,14.2,0.000,0.000,0.00,0.000,2.4,3.2,0.4,298,13,2.5,3.8,0.5,303,12,2.5,3.8,0.5,303,12,0,29.55,0.4,0,0,0,36.3,42.6,48.0,0.42,0.48,0.55
SPRA,2019-11-08 19:15:00 EST,42.87427,-74.50859,656,24.3,24.5,24.3,65.6,14.4,0.000,0.000,0.00,0.000,1.8,2.9,0.4,297,12,1.9,2.9,0.4,303,11,1.9,2.9,0.4,303,11,0,29.56,0.4,0,0,0,36.3,42.6,48.0,0.42,0.48,0.55
SPRA,2019-11-08 19:20:00 EST,42.87427,-74.50859,656,24.0,24.5,24.0,66.2,14.4,0.000,0.000,0.00,0.000,2.0,2.9,0.4,297,12,2.1,3.2,0.4,303,11,2.1,3.2,0.4,303,11,0,29.56,0.4,0,0,0,36.3,42.6,48.0,0.42,0.48,0.55
SPRA,2019-11-08 19:25:00 EST,42.87427,-74.50859,656,24.2,24.4,24.2,66.5,14.6,0.000,0.000,0.00,0.000,2.2,3.4,0.6,295,11,2.2,3.9,0.6,299,11,2.2,3.9,0.6,299,11,0,29.56,0.4,0,0,0,36.3,42.6,48.0,0.42,0.48,0.55
SPRA,2019-11-08 19:30:00 EST,42.87427,-74.50859,656,24.1,24.4,24.1,66.7,14.7,0.000,0.000,0.00,0.000,2.3,3.5,0.6,294,10,2.4,4.2,0.6,299,10,2.4,4.2,0.6,299,10,0,29.56,0.4,0,0,0,36.3,42.6,48.0,0.42,0.48,0.55
SPRA,2019-11-08 19:35:00 EST,42.87427,-74.50859,656,23.6,24.3,23.6,66.9,14.2,0.000,0.000,0.00,0.000,2.5,3.7,0.6,294,10,2.6,4.5,0.6,300,9,2.6,4.5,0.6,300,9,0,29.56,0.4,0,0,0,36.3,42.6,48.0,0.42,0.48,0.55
SPRA,2019-11-08 19:40:00 EST,42.87427,-74.50859,656,23.2,24.1,18.9,68.3,14.3,0.000,0.000,0.00,0.000,2.9,4.5,0.6,280,6,3.3,4.8,0.7,285,7,3.3,4.8,0.7,285,7,0,29.56,0.4,0,0,0,36.2,42.6,48.0,0.42,0.48,0.55
SPRA,2019-11-08 19:45:00 EST,42.87427,-74.50859,656,23.5,24.0,18.0,67.7,14.3,0.000,0.000,0.00,0.000,3.8,4.8,0.4,280,8,4.1,5.1,0.5,284,8,4.1,5.1,0.5,284,8,0,29.56,0.3,0,0,0,36.1,42.6,48.0,0.42,0.48,0.55
SPRA,2019-11-08 19:50:00 EST,42.87427,-74.50859,656,22.9,23.7,18.4,67.6,13.8,0.000,0.000,0.00,0.000,3.1,4.2,0.4,279,10,3.4,4.9,0.5,284,8,3.4,4.9,0.5,284,8,0,29.56,0.4,0,0,0,36.1,42.6,48.0,0.42,0.48,0.55
SPRA,2019-11-08 19:55:00 EST,42.87427,-74.50859,656,22.6,23.6,17.8,69.7,14.2,0.000,0.000,0.00,0.000,3.1,4.2,0.5,277,7,3.5,4.9,0.5,282,7,3.5,4.9,0.5,282,7,0,29.56,0.3,0,0,0,36.1,42.5,48.0,0.42,0.48,0.55
SPRA,2019-11-08 20:00:00 EST,42.87427,-74.50859,656,22.3,23.5,17.7,70.7,14.2,0.000,0.000,0.00,0.000,3.2,4.2,0.3,287,8,3.4,4.7,0.4,292,7,3.4,4.7,0.4,292,7,0,29.56,0.4,0,0,0,36.1,42.5,48.0,0.42,0.48,0.55
SPRA,2019-11-08 20:05:00 EST,42.87427,-74.50859,656,22.3,23.4,17.3,71.2,14.4,0.000,0.000,0.00,0.000,3.3,4.4,0.5,278,10,3.7,4.9,0.5,282,10,3.7,4.9,0.5,282,10,0,29.56,0.3,0,0,0,36.1,42.5,48.0,0.42,0.48,0.55
SPRA,2019-11-08 20:10:00 EST,42.87427,-74.50859,656,21.8,23.2,16.3,71.7,14.0,0.000,0.000,0.00,0.000,3.5,4.6,0.5,272,8,4.0,5.3,0.6,276,7,4.0,5.3,0.6,276,7,0,29.56,0.4,0,0,0,36.1,42.5,48.0,0.42,0.48,0.55
SPRA,2019-11-08 20:15:00 EST,42.87427,-74.50859,656,21.9,23.1,17.0,72.1,14.3,0.000,0.000,0.00,0.000,3.2,5.0,0.6,265,11,3.5,5.6,0.7,271,9,3.5,5.6,0.7,271,9,0,29.56,0.4,0,0,0,36.1,42.5,48.0,0.42,0.48,0.55
SPRA,2019-11-08 20:20:00 EST,42.87427,-74.50859,656,21.8,23.0,17.3,72.0,14.2,0.000,0.000,0.00,0.000,2.9,5.3,0.8,266,13,3.3,5.9,0.8,271,11,3.3,5.9,0.8,271,11,0,29.56,0.4,0,0,0,36.1,42.4,48.0,0.42,0.48,0.55
SPRA,2019-11-08 20:25:00 EST,42.87427,-74.50859,656,22.0,23.0,22.0,71.8,14.3,0.000,0.000,0.00,0.000,2.2,3.8,0.5,255,15,2.4,4.0,0.6,260,16,2.4,4.0,0.6,260,16,0,29.56,0.4,0,0,0,36.0,42.4,48.0,0.42,0.48,0.55
SPRA,2019-11-08 20:30:00 EST,42.87427,-74.50859,656,21.4,22.8,21.4,72.8,14.0,0.000,0.000,0.00,0.000,1.0,1.9,0.3,241,13,1.1,2.2,0.5,244,16,1.1,2.2,0.5,244,16,0,29.56,0.4,0,0,0,36.0,42.4,48.0,0.42,0.48,0.55
SPRA,2019-11-08 20:35:00 EST,42.87427,-74.50859,656,20.8,22.8,20.8,76.1,14.4,0.000,0.000,0.00,0.000,1.1,2.3,0.5,209,22,1.4,3.0,0.5,216,26,1.4,3.0,0.5,216,26,0,29.57,0.3,0,0,0,36.0,42.4,48.0,0.42,0.48,0.55
SPRA,2019-11-08 20:40:00 EST,42.87427,-74.50859,656,20.3,22.7,20.3,77.9,14.5,0.000,0.000,0.00,0.000,0.7,1.4,0.5,196,16,1.0,1.8,0.5,200,21,1.0,1.8,0.5,200,21,0,29.57,0.4,0,0,0,36.0,42.4,48.0,0.42,0.48,0.55
SPRA,2019-11-08 20:45:00 EST,42.87427,-74.50859,656,20.4,22.8,20.4,77.9,14.6,0.000,0.000,0.00,0.000,1.3,2.0,0.4,198,13,1.5,2.4,0.4,200,15,1.5,2.4,0.4,200,15,0,29.57,0.4,0,0,0,36.0,42.4,48.0,0.42,0.48,0.55
SPRA,2019-11-08 20:50:00 EST,42.87427,-74.50859,656,20.8,22.9,20.8,77.3,14.8,0.000,0.000,0.00,0.000,1.6,2.0,0.2,231,10,1.7,2.2,0.2,233,11,1.7,2.2,0.2,233,11,0,29.57,0.5,0,0,0,36.0,42.4,48.0,0.42,0.48,0.55
SPRA,2019-11-08 20:55:00 EST,42.87427,-74.50859,656,21.9,23.0,21.9,77.8,16.0,0.000,0.000,0.00,0.000,2.4,3.7,0.4,240,11,2.5,4.0,0.5,244,13,2.5,4.0,0.5,244,13,0,29.57,0.4,0,0,0,36.0,42.4,48.0,0.42,0.48,0.55
SPRA,2019-11-08 21:00:00 EST,42.87427,-74.50859,656,21.8,23.0,21.8,75.6,15.3,0.000,0.000,0.00,0.000,2.7,3.7,0.4,241,8,2.8,3.9,0.5,245,9,2.8,3.9,0.5,245,9,0,29.57,0.3,0,0,0,36.0,42.4,48.0,0.42,0.48,0.55
SPRA,2019-11-08 21:05:00 EST,42.87427,-74.50859,656,22.0,22.9,22.0,75.5,15.4,0.000,0.000,0.00,0.000,2.6,3.3,0.4,230,8,2.7,3.5,0.5,233,9,2.7,3.5,0.5,233,9,0,29.57,0.4,0,0,0,36.0,42.4,48.0,0.42,0.48,0.55
SPRA,2019-11-08 21:10:00 EST,42.87427,-74.50859,656,21.7,22.8,17.0,75.9,15.3,0.000,0.000,0.00,0.000,3.3,4.2,0.3,232,5,3.4,4.7,0.3,235,5,3.4,4.7,0.3,235,5,0,29.57,0.3,0,0,0,36.0,42.4,48.0,0.42,0.48,0.55
SPRA,2019-11-08 21:15:00 EST,42.87427,-74.50859,656,21.3,22.6,15.1,77.0,15.2,0.000,0.000,0.00,0.000,4.3,5.2,0.4,230,7,4.6,5.8,0.5,232,7,4.6,5.8,0.5,232,7,0,29.57,0.3,0,0,0,36.0,42.4,47.9,0.42,0.48,0.55
SPRA,2019-11-08 21:20:00 EST,42.87427,-74.50859,656,21.2,22.5,15.7,77.3,15.2,0.000,0.000,0.00,0.000,3.8,4.9,0.5,230,6,3.9,5.4,0.7,233,5,3.9,5.4,0.7,233,5,0,29.57,0.3,0,0,0,36.0,42.4,47.9,0.42,0.48,0.55
SPRA,2019-11-08 21:25:00 EST,42.87427,-74.50859,656,21.0,22.4,15.5,77.5,15.0,0.000,0.000,0.00,0.000,3.7,4.9,0.4,229,7,3.9,5.4,0.5,232,7,3.9,5.4,0.5,232,7,0,29.57,0.3,0,0,0,36.0,42.4,47.8,0.42,0.48,0.55
SPRA,2019-11-08 21:30:00 EST,42.87427,-74.50859,656,21.0,22.5,15.2,78.4,15.3,0.000,0.000,0.00,0.000,3.9,5.0,0.4,221,15,4.1,5.4,0.6,225,14,4.1,5.4,0.6,225,14,0,29.57,0.3,0,0,0,36.0,42.4,47.8,0.42,0.48,0.55
SPRA,2019-11-08 21:35:00 EST,42.87427,-74.50859,656,21.2,22.6,15.3,77.4,15.2,0.000,0.000,0.00,0.000,3.9,5.9,0.9,217,16,4.2,6.5,1.1,220,15,4.2,6.5,1.1,220,15,0,29.57,0.3,0,0,0,36.0,42.4,47.8,0.42,0.48,0.55
SPRA,2019-11-08 21:40:00 EST,42.87427,-74.50859,656,20.2,22.1,13.2,77.2,14.2,0.000,0.000,0.00,0.000,4.8,6.9,1.3,198,17,5.1,7.4,1.3,202,16,5.1,7.4,1.3,202,16,0,29.57,0.5,0,0,0,36.0,42.4,47.8,0.42,0.48,0.55
SPRA,2019-11-08 21:45:00 EST,42.87427,-74.50859,656,19.7,21.4,12.0,78.7,14.1,0.000,0.000,0.00,0.000,5.2,7.5,1.1,188,11,5.6,8.3,1.2,192,10,5.6,8.3,1.2,192,10,0,29.57,0.4,0,0,0,36.0,42.4,47.8,0.42,0.48,0.55
SPRA,2019-11-08 21:50:00 EST,42.87427,-74.50859,656,19.0,21.8,10.5,81.8,14.3,0.000,0.000,0.00,0.000,6.0,6.6,0.4,186,3,6.2,7.0,0.4,190,3,6.2,7.0,0.4,190,3,0,29.58,0.5,0,0,0,36.0,42.4,47.8,0.42,0.48,0.55
SPRA,2019-11-08 21:55:00 EST,42.87427,-74.50859,656,19.3,21.9,11.9,84.4,15.4,0.000,0.000,0.00,0.000,5.0,6.0,0.5,189,7,5.2,6.2,0.5,194,6,5.2,6.2,0.5,194,6,0,29.57,0.5,0,0,0,36.0,42.4,47.8,0.42,0.48,0.55
SPRA,2019-11-08 22:00:00 EST,42.87427,-74.50859,656,20.0,21.8,13.8,84.6,16.1,0.000,0.000,0.00,0.000,4.1,5.0,0.3,209,10,4.4,5.3,0.4,214,8,4.4,5.3,0.4,214,8,0,29.57,0.4,0,0,0,36.0,42.4,47.8,0.42,0.48,0.55
SPRA,2019-11-08 22:05:00 EST,42.87427,-74.50859,656,20.2,21.9,13.9,83.0,15.8,0.000,0.000,0.00,0.000,4.2,4.9,0.4,220,6,4.4,5.4,0.5,223,5,4.4,5.4,0.5,223,5,0,29.57,0.5,0,0,0,35.8,42.4,47.8,0.42,0.48,0.55
SPRA,2019-11-08 22:10:00 EST,42.87427,-74.50859,656,20.2,21.9,14.0,80.5,15.1,0.000,0.000,0.00,0.000,4.1,5.6,0.6,222,6,4.3,6.1,0.7,224,5,4.3,6.1,0.7,224,5,0,29.57,0.4,0,0,0,35.8,42.4,47.8,0.42,0.48,0.55
SPRA,2019-11-08 22:15:00 EST,42.87427,-74.50859,656,20.2,21.8,13.6,81.6,15.4,0.000,0.000,0.00,0.000,4.4,5.6,0.3,221,7,4.6,6.4,0.5,224,6,4.6,6.4,0.5,224,6,0,29.57,0.5,0,0,0,35.8,42.4,47.8,0.42,0.48,0.55
SPRA,2019-11-08 22:20:00 EST,42.87427,-74.50859,656,20.5,21.8,13.9,81.6,15.7,0.000,0.000,0.00,0.000,4.4,5.8,0.5,213,9,4.7,5.9,0.5,218,8,4.7,5.9,0.5,218,8,0,29.57,0.4,0,0,0,35.8,42.4,47.8,0.42,0.48,0.55
SPRA,2019-11-08 22:25:00 EST,42.87427,-74.50859,656,20.5,21.6,14.4,82.4,15.9,0.000,0.000,0.00,0.000,4.0,5.8,0.5,207,7,4.2,5.8,0.6,212,7,4.2,5.8,0.6,212,7,0,29.57,0.5,0,0,0,35.8,42.4,47.8,0.42,0.48,0.55
SPRA,2019-11-08 22:30:00 EST,42.87427,-74.50859,656,19.9,21.4,13.5,83.8,15.8,0.000,0.000,0.00,0.000,4.2,5.5,0.6,218,7,4.5,5.8,0.7,221,6,4.5,5.8,0.7,221,6,0,29.57,0.5,0,0,0,35.8,42.4,47.8,0.42,0.48,0.55
SPRA,2019-11-08 22:35:00 EST,42.87427,-74.50859,656,20.4,21.2,14.7,84.9,16.6,0.000,0.000,0.00,0.000,3.9,5.0,0.5,227,5,4.0,5.1,0.6,230,5,4.0,5.1,0.6,230,5,0,29.57,0.6,0,0,0,35.8,42.4,47.8,0.42,0.48,0.55
SPRA,2019-11-08 22:40:00 EST,42.87427,-74.50859,656,21.0,21.4,14.9,85.6,17.4,0.000,0.000,0.00,0.000,4.2,5.3,0.5,229,6,4.4,5.6,0.5,232,6,4.4,5.6,0.5,232,6,0,29.58,0.5,0,0,0,35.8,42.3,47.8,0.42,0.48,0.55
SPRA,2019-11-08 22:45:00 EST,42.87427,-74.50859,656,21.5,21.6,16.3,86.1,18.0,0.000,0.000,0.00,0.000,3.6,4.7,0.5,236,7,3.8,5.1,0.6,239,8,3.8,5.1,0.6,239,8,0,29.58,0.5,0,0,0,35.8,42.3,47.8,0.42,0.48,0.55
SPRA,2019-11-08 22:50:00 EST,42.87427,-74.50859,656,21.9,21.9,17.8,86.1,18.4,0.000,0.000,0.00,0.000,3.0,4.5,0.5,231,8,3.1,4.6,0.7,233,8,3.1,4.6,0.7,233,8,0,29.58,0.5,0,0,0,35.8,42.3,47.8,0.42,0.48,0.55
SPRA,2019-11-08 22:55:00 EST,42.87427,-74.50859,656,21.6,21.8,16.9,86.0,18.1,0.000,0.000,0.00,0.000,3.4,4.2,0.5,219,5,3.4,4.4,0.6,223,4,3.4,4.4,0.6,223,4,0,29.58,0.5,0,0,0,35.8,42.3,47.8,0.42,0.48,0.55
SPRA,2019-11-08 23:00:00 EST,42.87427,-74.50859,656,21.6,21.9,16.3,86.2,18.1,0.000,0.000,0.00,0.000,3.6,4.5,0.5,212,6,3.8,5.0,0.6,217,5,3.8,5.0,0.6,217,5,0,29.58,0.5,0,0,0,35.8,42.3,47.8,0.42,0.48,0.55
SPRA,2019-11-08 23:05:00 EST,42.87427,-74.50859,656,21.7,22.2,16.2,86.6,18.4,0.000,0.000,0.00,0.000,3.7,5.0,0.6,215,7,4.0,5.4,0.7,220,4,4.0,5.4,0.7,220,4,0,29.58,0.5,0,0,0,35.8,42.3,47.8,0.42,0.48,0.55
SPRA,2019-11-08 23:10:00 EST,42.87427,-74.50859,656,21.7,22.2,16.7,86.5,18.3,0.000,0.000,0.00,0.000,3.5,4.4,0.4,210,6,3.7,4.9,0.5,216,4,3.7,4.9,0.5,216,4,0,29.58,0.5,0,0,0,35.8,42.3,47.8,0.42,0.48,0.55
SPRA,2019-11-08 23:15:00 EST,42.87427,-74.50859,656,21.7,22.3,17.1,86.4,18.2,0.000,0.000,0.00,0.000,3.2,4.1,0.4,216,5,3.4,4.6,0.5,220,3,3.4,4.6,0.5,220,3,0,29.58,0.4,0,0,0,35.7,42.3,47.8,0.42,0.48,0.55
SPRA,2019-11-08 23:20:00 EST,42.87427,-74.50859,656,21.4,22.2,21.4,86.4,18.0,0.000,0.000,0.00,0.000,2.6,4.3,0.6,231,8,2.6,4.8,0.6,233,8,2.6,4.8,0.6,233,8,0,29.58,0.5,0,0,0,35.7,42.3,47.8,0.42,0.48,0.55
SPRA,2019-11-08 23:25:00 EST,42.87427,-74.50859,656,21.8,22.4,21.8,87.1,18.6,0.000,0.000,0.00,0.000,1.9,3.2,0.4,259,9,2.1,3.8,0.5,264,10,2.1,3.8,0.5,264,10,0,29.58,0.5,0,0,0,35.7,42.3,47.8,0.42,0.48,0.55
SPRA,2019-11-08 23:30:00 EST,42.87427,-74.50859,656,22.0,22.6,22.0,86.9,18.7,0.000,0.000,0.00,0.000,2.5,3.4,0.5,250,5,2.8,3.8,0.5,254,6,2.8,3.8,0.5,254,6,0,29.58,0.4,0,0,0,35.6,42.3,47.8,0.42,0.48,0.55
SPRA,2019-11-08 23:35:00 EST,42.87427,-74.50859,656,21.9,22.5,17.4,86.2,18.4,0.000,0.000,0.00,0.000,3.0,3.6,0.3,247,4,3.3,4.2,0.4,251,5,3.3,4.2,0.4,251,5,0,29.58,0.4,0,0,0,35.6,42.3,47.8,0.42,0.48,0.55
SPRA,2019-11-08 23:40:00 EST,42.87427,-74.50859,656,21.7,22.4,16.7,86.4,18.3,0.000,0.000,0.00,0.000,3.3,3.9,0.2,250,3,3.6,4.4,0.3,254,4,3.6,4.4,0.3,254,4,0,29.58,0.4,0,0,0,35.6,42.3,47.8,0.42,0.48,0.55
SPRA,2019-11-08 23:45:00 EST,42.87427,-74.50859,656,21.6,22.4,16.8,87.3,18.4,0.000,0.000,0.00,0.000,3.1,3.9,0.3,262,5,3.5,4.3,0.4,266,4,3.5,4.3,0.4,266,4,0,29.58,0.4,0,0,0,35.6,42.3,47.8,0.42,0.48,0.55
SPRA,2019-11-08 23:50:00 EST,42.87427,-74.50859,656,21.3,22.4,16.4,87.5,18.1,0.000,0.000,0.00,0.000,3.1,3.9,0.3,260,5,3.5,4.4,0.4,265,4,3.5,4.4,0.4,265,4,0,29.58,0.5,0,0,0,35.6,42.3,47.8,0.42,0.48,0.55
SPRA,2019-11-08 23:55:00 EST,42.87427,-74.50859,656,21.3,22.4,16.2,87.7,18.2,0.000,0.000,0.00,0.000,3.3,3.9,0.3,252,4,3.6,4.6,0.4,256,4,3.6,4.6,0.4,256,4,0,29.58,0.5,0,0,0,35.6,42.3,47.8,0.42,0.48,0.55
SPRI,2019-11-08 00:00:00 EST,42.84315,-74.88961,1478,22.5,23.0,22.5,93.3,20.8,0.000,0.209,0.00,0.000,0.9,2.1,0.7,305,30,1.1,2.6,0.6,305,35,1.1,2.6,0.6,305,35,0,28.47,0.3,0,0,0,41.4,46.9,49.6,0.41,0.39,0.40
SPRI,2019-11-08 00:05:00 EST,42.84315,-74.88961,1478,22.5,22.9,22.5,93.6,21.0,0.000,0.000,0.00,0.000,0.5,2.0,0.5,278,8,0.9,2.7,0.6,265,25,0.9,2.7,0.6,265,25,0,28.47,0.3,0,0,0,41.4,46.9,49.6,0.41,0.39,0.40
SPRI,2019-11-08 00:10:00 EST,42.84315,-74.88961,1478,22.4,22.7,22.4,93.9,20.9,0.000,0.000,0.00,0.000,0.7,2.0,0.5,289,20,1.0,2.8,0.6,303,32,1.0,2.8,0.6,303,32,0,28.47,0.3,0,0,0,41.4,46.9,49.6,0.41,0.39,0.40
SPRI,2019-11-08 00:15:00 EST,42.84315,-74.88961,1478,22.4,22.7,22.4,94.3,21.0,0.000,0.000,0.00,0.000,1.0,4.2,0.9,307,27,1.3,4.8,1.0,315,31,1.3,4.8,1.0,315,31,0,28.47,0.3,0,0,0,41.4,46.9,49.6,0.41,0.39,0.40
SPRI,2019-11-08 00:20:00 EST,42.84315,-74.88961,1478,22.6,22.9,22.6,94.8,21.4,0.000,0.000,0.00,0.000,2.3,4.4,1.0,324,16,2.3,5.5,1.0,325,20,2.3,5.5,1.0,325,20,0,28.47,0.3,0,0,0,41.4,46.9,49.6,0.41,0.39,0.40
SPRI,2019-11-08 00:25:00 EST,42.84315,-74.88961,1478,22.8,23.0,22.8,95.1,21.6,0.000,0.000,0.00,0.000,1.9,3.9,1.2,311,14,2.0,4.1,0.9,310,22,2.0,4.1,0.9,310,22,0,28.47,0.2,0,0,0,41.3,46.9,49.6,0.41,0.39,0.40
SPRI,2019-11-08 00:30:00 EST,42.84315,-74.88961,1478,22.6,22.9,22.6,95.2,21.5,0.000,0.000,0.00,0.000,1.1,2.7,0.6,294,24,1.4,2.9,0.7,297,27,1.4,2.9,0.7,297,27,0,28.47,0.3,0,0,0,41.2,46.9,49.6,0.41,0.39,0.40
SPRI,2019-11-08 00:35:00 EST,42.84315,-74.88961,1478,22.5,22.8,22.5,95.0,21.3,0.000,0.000,0.00,0.000,0.5,1.5,0.5,300,22,0.8,2.1,0.6,310,31,0.8,2.1,0.6,310,31,0,28.46,0.2,0,0,0,41.2,46.9,49.6,0.41,0.39,0.40
SPRI,2019-11-08 00:40:00 EST,42.84315,-74.88961,1478,22.3,22.6,22.3,94.7,21.0,0.000,0.000,0.00,0.000,0.6,2.0,0.5,304,16,0.9,2.0,0.6,305,23,0.9,2.0,0.6,305,23,0,28.46,0.3,0,0,0,41.2,46.9,49.6,0.41,0.39,0.40
SPRI,2019-11-08 00:45:00 EST,42.84315,-74.88961,1478,22.1,22.5,22.1,94.8,20.9,0.000,0.000,0.00,0.000,0.3,2.2,0.6,312,6,0.6,3.1,0.7,292,30,0.6,3.1,0.7,292,30,0,28.46,0.2,0,0,0,41.2,46.9,49.6,0.41,0.39,0.40
SPRI,2019-11-08 00:50:00 EST,42.84315,-74.88961,1478,22.1,22.4,22.1,94.7,20.8,0.000,0.000,0.00,0.000,0.0,0.2,0.0,246,0,0.2,1.0,0.3,278,7,0.2,1.0,0.3,278,7,0,28.46,0.2,0,0,0,41.2,46.9,49.6,0.41,0.39,0.40
SPRI,2019-11-08 00:55:00 EST,42.84315,-74.88961,1478,22.0,22.3,22.0,94.6,20.7,0.000,0.000,0.00,0.000,0.0,0.4,0.1,264,0,0.3,1.2,0.4,253,12,0.3,1.2,0.4,253,12,0,28.46,0.3,0,0,0,41.2,46.9,49.6,0.41,0.39,0.40
SPRI,2019-11-08 01:00:00 EST,42.84315,-74.88961,1478,21.9,22.2,21.9,95.2,20.7,0.000,0.000,0.00,0.000,0.2,1.2,0.4,287,6,0.7,1.9,0.5,262,24,0.7,1.9,0.5,262,24,0,28.46,0.3,0,0,0,41.2,46.9,49.6,0.41,0.39,0.40
SPRI,2019-11-08 01:05:00 EST,42.84315,-74.88961,1478,21.6,22.0,21.6,95.3,20.5,0.000,0.000,0.00,0.000,0.6,1.0,0.3,272,0,1.0,1.4,0.3,266,19,1.0,1.4,0.3,266,19,0,28.46,0.3,0,0,0,41.1,46.9,49.6,0.41,0.39,0.40
SPRI,2019-11-08 01:10:00 EST,42.84315,-74.88961,1478,21.4,21.9,21.4,95.1,20.2,0.000,0.000,0.00,0.000,0.4,1.9,0.5,298,6,0.6,2.2,0.5,313,15,0.6,2.2,0.5,313,15,0,28.45,0.3,0,0,0,41.0,46.9,49.6,0.41,0.39,0.40
SPRI,2019-11-08 01:15:00 EST,42.84315,-74.88961,1478,21.4,22.0,21.4,95.4,20.3,0.000,0.000,0.00,0.000,0.9,2.0,0.5,306,11,1.0,2.0,0.4,316,21,1.0,2.0,0.4,316,21,0,28.45,0.3,0,0,0,41.0,46.8,49.6,0.41,0.39,0.40
SPRI,2019-11-08 01:20:00 EST,42.84315,-74.88961,1478,21.2,21.8,21.2,95.3,20.1,0.000,0.000,0.00,0.000,1.1,2.0,0.4,312,12,1.0,1.8,0.4,314,20,1.0,1.8,0.4,314,20,0,28.45,0.3,0,0,0,41.0,46.8,49.6,0.41,0.39,0.40
SPRI,2019-11-08 01:25:00 EST,42.84315,-74.88961,1478,21.3,22.0,21.3,95.6,20.2,0.000,0.000,0.00,0.000,0.1,0.9,0.2,288,8,0.4,1.4,0.5,311,27,0.4,1.4,0.5,311,27,0,28.45,0.3,0,0,0,41.0,46.8,49.6,0.41,0.39,0.40
SPRI,2019-11-08 01:30:00 EST,42.84315,-74.88961,1478,21.0,21.9,21.0,95.7,20.0,0.000,0.000,0.00,0.000,1.0,1.7,0.4,333,12,1.5,2.4,0.4,347,13,1.5,2.4,0.4,347,13,0,28.45,0.2,0,0,0,41.0,46.8,49.6,0.41,0.39,0.40
SPRI,2019-11-08 01:35:00 EST,42.84315,-74.88961,1478,21.2,21.7,21.2,95.7,20.2,0.000,0.000,0.00,0.000,0.9,2.0,0.4,305,19,1.2,3.0,0.4,290,26,1.2,3.0,0.4,290,26,0,28.45,0.3,0,0,0,41.0,46.8,49.6,0.41,0.39,0.40
SPRI,2019-11-08 01:40:00 EST,42.84315,-74.88961,1478,21.3,21.7,21.3,95.8,20.3,0.000,0.000,0.00,0.000,0.6,1.1,0.3,237,23,0.8,1.6,0.5,233,28,0.8,1.6,0.5,233,28,0,28.45,0.3,0,0,0,40.9,46.8,49.6,0.41,0.38,0.40
SPRI,2019-11-08 01:45:00 EST,42.84315,-74.88961,1478,21.3,21.7,21.3,95.8,20.3,0.000,0.000,0.00,0.000,0.1,0.9,0.3,212,7,0.4,1.3,0.5,224,12,0.4,1.3,0.5,224,12,0,28.45,0.3,0,0,0,40.8,46.8,49.6,0.41,0.38,0.40
SPRI,2019-11-08 01:50:00 EST,42.84315,-74.88961,1478,21.3,21.7,21.3,95.9,20.4,0.000,0.000,0.00,0.000,0.2,2.1,0.4,236,2,0.5,2.8,0.6,228,12,0.5,2.8,0.6,228,12,0,28.46,0.3,0,0,0,40.8,46.8,49.6,0.41,0.39,0.40
SPRI,2019-11-08 01:55:00 EST,42.84315,-74.88961,1478,21.7,21.9,21.7,96.1,20.8,0.000,0.000,0.00,0.000,0.6,3.1,1.0,256,16,0.8,4.0,1.0,261,28,0.8,4.0,1.0,261,28,0,28.46,0.3,0,0,0,40.8,46.8,49.6,0.41,0.39,0.40
SPRI,2019-11-08 02:00:00 EST,42.84315,-74.88961,1478,21.6,21.9,21.6,95.9,20.6,0.000,0.000,0.00,0.000,1.0,4.4,1.2,301,13,1.3,4.6,1.1,295,26,1.3,4.6,1.1,295,26,0,28.46,0.3,0,0,0,40.8,46.8,49.6,0.41,0.39,0.40
SPRI,2019-11-08 02:05:00 EST,42.84315,-74.88961,1478,21.4,21.7,21.4,95.6,20.3,0.000,0.000,0.00,0.000,1.7,3.7,0.9,294,24,1.8,4.7,0.9,300,30,1.8,4.7,0.9,300,30,0,28.46,0.3,0,0,0,40.8,46.8,49.6,0.41,0.38,0.40
SPRI,2019-11-08 02:10:00 EST,42.84315,-74.88961,1478,21.2,21.5,21.2,95.4,20.1,0.000,0.000,0.00,0.000,0.2,1.3,0.3,323,16,0.5,2.4,0.6,319,31,0.5,2.4,0.6,319,31,0,28.45,0.3,0,0,0,40.8,46.8,49.6,0.41,0.39,0.40
SPRI,2019-11-08 02:15:00 EST,42.84315,-74.88961,1478,21.0,21.3,21.0,95.3,19.8,0.000,0.000,0.00,0.000,1.1,2.6,0.7,270,26,1.5,4.0,0.7,271,28,1.5,4.0,0.7,271,28,0,28.45,0.4,0,0,0,40.7,46.8,49.5,0.40,0.39,0.40
SPRI,2019-11-08 02:20:00 EST,42.84315,-74.88961,1478,20.9,21.1,20.9,95.4,19.8,0.000,0.000,0.00,0.000,0.8,3.4,1.0,262,13,1.0,4.0,1.1,265,32,1.0,4.0,1.1,265,32,0,28.45,0.3,0,0,0,40.6,46.8,49.5,0.41,0.39,0.40
SPRI,2019-11-08 02:25:00 EST,42.84315,-74.88961,1478,20.6,21.0,20.6,95.2,19.5,0.000,0.000,0.00,0.000,0.8,2.7,0.7,280,19,1.0,4.1,0.9,277,24,1.0,4.1,0.9,277,24,0,28.45,0.3,0,0,0,40.6,46.8,49.6,0.40,0.39,0.40
SPRI,2019-11-08 02:30:00 EST,42.84315,-74.88961,1478,20.6,21.0,20.6,95.0,19.4,0.000,0.000,0.00,0.000,0.5,2.0,0.6,260,20,0.8,2.6,0.7,263,31,0.8,2.6,0.7,263,31,0,28.45,0.3,0,0,0,40.6,46.8,49.6,0.40,0.38,0.40
SPRI,2019-11-08 02:35:00 EST,42.84315,-74.88961,1478,20.4,20.8,20.4,95.0,19.2,0.000,0.000,0.00,0.000,0.7,2.2,0.8,326,16,1.0,3.2,0.8,330,25,1.0,3.2,0.8,330,25,0,28.45,0.2,0,0,0,40.6,46.8,49.6,0.40,0.39,0.40
SPRI,2019-11-08 02:40:00 EST,42.84315,-74.88961,1478,19.8,20.6,19.8,95.0,18.6,0.000,0.000,0.00,0.000,1.1,3.1,0.7,321,22,1.4,3.1,0.6,330,25,1.4,3.1,0.6,330,25,0,28.45,0.3,0,0,0,40.6,46.8,49.5,0.40,0.39,0.40
SPRI,2019-11-08 02:45:00 EST,42.84315,-74.88961,1478,19.9,20.6,19.9,94.8,18.6,0.000,0.000,0.00,0.000,1.5,3.4,0.6,320,25,1.5,3.0,0.6,317,27,1.5,3.0,0.6,317,27,0,28.45,0.3,0,0,0,40.6,46.8,49.6,0.40,0.39,0.40
SPRI,2019-11-08 02:50:00 EST,42.84315,-74.88961,1478,19.8,20.5,19.8,95.0,18.6,0.000,0.000,0.00,0.000,2.0,3.6,0.7,320,14,1.8,4.8,0.7,322,18,1.8,4.8,0.7,322,18,0,28.45,0.4,0,0,0,40.6,46.8,49.5,0.40,0.39,0.40
SPRI,2019-11-08 02:55:00 EST,42.84315,-74.88961,1478,19.7,20.4,19.7,95.0,18.5,0.000,0.000,0.00,0.000,1.7,4.6,0.9,312,17,1.8,3.8,0.6,314,23,1.8,3.8,0.6,314,23,0,28.45,0.3,0,0,0,40.5,46.8,49.5,0.40,0.39,0.40
SPRI,2019-11-08 03:00:00 EST,42.84315,-74.88961,1478,20.1,20.5,20.1,95.2,19.0,0.000,0.000,0.00,0.000,1.4,4.6,0.8,304,23,1.5,3.5,0.7,308,28,1.5,3.5,0.7,308,28,0,28.45,0.4,0,0,0,40.5,46.8,49.5,0.40,0.39,0.40
SPRI,2019-11-08 03:05:00 EST,42.84315,-74.88961,1478,20.3,20.6,20.3,95.4,19.2,0.000,0.000,0.00,0.000,1.2,3.1,0.7,307,32,1.4,3.7,0.7,308,34,1.4,3.7,0.7,308,34,0,28.45,0.3,0,0,0,40.5,46.8,49.5,0.40,0.39,0.40
SPRI,2019-11-08 03:10:00 EST,42.84315,-74.88961,1478,20.3,20.7,20.3,95.4,19.2,0.000,0.000,0.00,0.000,2.3,5.0,1.2,311,23,2.4,5.1,1.2,313,26,2.4,5.1,1.2,313,26,0,28.45,0.4,0,0,0,40.5,46.8,49.5,0.40,0.39,0.40
SPRI,2019-11-08 03:15:00 EST,42.84315,-74.88961,1478,20.4,20.7,20.4,95.5,19.4,0.000,0.000,0.00,0.000,2.3,5.6,1.6,300,22,2.5,6.9,1.6,298,26,2.5,6.9,1.6,298,26,0,28.45,0.3,0,0,0,40.5,46.8,49.5,0.40,0.39,0.40
SPRI,2019-11-08 03:20:00 EST,42.84315,-74.88961,1478,20.5,20.8,20.5,95.4,19.4,0.000,0.000,0.00,0.000,3.0,5.9,1.1,308,19,2.9,6.1,1.1,310,22,2.9,6.1,1.1,310,22,0,28.45,0.4,0,0,0,40.5,46.8,49.5,0.40,0.39,0.40
SPRI,2019-11-08 03:25:00 EST,42.84315,-74.88961,1478,20.6,20.8,20.6,95.3,19.5,0.000,0.000,0.00,0.000,2.8,5.0,1.0,306,25,2.9,5.8,1.1,308,27,2.9,5.8,1.1,308,27,0,28.45,0.4,0,0,0,40.5,46.8,49.5,0.40,0.39,0.40
SPRI,2019-11-08 03:30:00 EST,42.84315,-74.88961,1478,20.6,20.8,15.2,95.2,19.5,0.000,0.000,0.00,0.000,4.0,7.1,1.4,307,20,3.8,8.5,1.5,308,19,3.8,8.5,1.5,308,19,0,28.45,0.3,0,0,0,40.4,46.8,49.5,0.40,0.39,0.40
SPRI,2019-11-08 03:35:00 EST,42.84315,-74.88961,1478,20.5,20.7,20.5,94.9,19.3,0.000,0.000,0.00,0.000,2.7,6.0,1.1,311,28,2.8,5.5,1.1,314,31,2.8,5.5,1.1,314,31,0,28.45,0.2,0,0,0,40.4,46.8,49.5,0.40,0.38,0.40
SPRI,2019-11-08 03:40:00 EST,42.84315,-74.88961,1478,20.4,20.6,20.4,94.5,19.1,0.000,0.000,0.00,0.000,2.2,4.2,1.0,310,26,2.3,5.4,1.0,310,28,2.3,5.4,1.0,310,28,0,28.45,0.2,0,0,0,40.3,46.8,49.5,0.40,0.39,0.40
SPRI,2019-11-08 03:45:00 EST,42.84315,-74.88961,1478,20.2,20.5,20.2,94.3,18.8,0.000,0.000,0.00,0.000,2.2,4.7,1.1,315,20,2.3,4.7,0.9,321,24,2.3,4.7,0.9,321,24,0,28.45,0.3,0,0,0,40.3,46.8,49.5,0.40,0.39,0.40
SPRI,2019-11-08 03:50:00 EST,42.84315,-74.88961,1478,20.3,20.6,15.3,94.0,18.9,0.000,0.000,0.00,0.000,3.5,6.2,1.2,314,18,3.5,6.9,1.2,317,21,3.5,6.9,1.2,317,21,0,28.45,0.2,0,0,0,40.3,46.7,49.5,0.40,0.39,0.40
SPRI,2019-11-08 03:55:00 EST,42.84315,-74.88961,1478,20.3,20.5,15.0,93.7,18.7,0.000,0.000,0.00,0.000,3.8,7.5,1.6,309,19,3.7,8.6,1.5,310,22,3.7,8.6,1.5,310,22,0,28.45,0.2,0,0,0,40.3,46.7,49.5,0.40,0.38,0.40
SPRI,2019-11-08 04:00:00 EST,42.84315,-74.88961,1478,20.1,20.4,20.1,93.4,18.5,0.000,0.000,0.00,0.000,2.8,5.4,1.3,312,26,2.9,5.6,1.1,317,30,2.9,5.6,1.1,317,30,0,28.45,0.2,0,0,0,40.3,46.6,49.5,0.40,0.39,0.40
SPRI,2019-11-08 04:05:00 EST,42.84315,-74.88961,1478,19.9,20.3,19.9,93.0,18.2,0.000,0.000,0.00,0.000,2.2,4.5,1.1,296,24,2.4,5.2,1.2,295,26,2.4,5.2,1.2,295,26,0,28.45,0.2,0,0,0,40.3,46.6,49.5,0.40,0.39,0.40
SPRI,2019-11-08 04:10:00 EST,42.84315,-74.88961,1478,19.9,20.2,19.9,92.7,18.1,0.000,0.000,0.00,0.000,2.4,4.0,0.9,318,24,2.4,5.4,1.0,324,23,2.4,5.4,1.0,324,23,0,28.45,0.2,0,0,0,40.3,46.6,49.5,0.40,0.38,0.40
SPRI,2019-11-08 04:15:00 EST,42.84315,-74.88961,1478,19.9,20.2,15.4,92.8,18.2,0.000,0.000,0.00,0.000,3.1,6.1,1.0,328,17,3.2,6.2,1.2,331,17,3.2,6.2,1.2,331,17,0,28.45,0.3,0,0,0,40.3,46.6,49.5,0.40,0.39,0.40
SPRI,2019-11-08 04:20:00 EST,42.84315,-74.88961,1478,20.2,20.3,20.2,92.9,18.5,0.000,0.000,0.00,0.000,1.4,4.1,1.0,306,20,1.6,4.1,1.0,312,27,1.6,4.1,1.0,312,27,0,28.46,0.3,0,0,0,40.3,46.6,49.5,0.40,0.39,0.40
SPRI,2019-11-08 04:25:00 EST,42.84315,-74.88961,1478,20.3,20.4,20.3,92.8,18.6,0.000,0.000,0.00,0.000,1.7,3.3,0.8,330,25,2.1,4.4,1.0,336,30,2.1,4.4,1.0,336,30,0,28.46,0.3,0,0,0,40.2,46.6,49.5,0.40,0.39,0.40
SPRI,2019-11-08 04:30:00 EST,42.84315,-74.88961,1478,20.4,20.5,20.4,92.5,18.5,0.000,0.000,0.00,0.000,0.8,3.9,1.2,310,38,1.1,4.1,1.1,297,53,1.1,4.1,1.1,297,53,0,28.46,0.3,0,0,0,40.2,46.6,49.5,0.40,0.38,0.40
SPRI,2019-11-08 04:35:00 EST,42.84315,-74.88961,1478,20.3,20.5,20.3,91.5,18.2,0.000,0.000,0.00,0.000,1.0,3.0,0.9,305,23,1.3,3.8,0.9,292,34,1.3,3.8,0.9,292,34,0,28.46,0.2,0,0,0,40.1,46.6,49.5,0.40,0.38,0.40
SPRI,2019-11-08 04:40:00 EST,42.84315,-74.88961,1478,20.2,20.3,20.2,90.9,18.0,0.000,0.000,0.00,0.000,1.4,3.7,0.9,279,32,1.7,4.2,0.8,279,36,1.7,4.2,0.8,279,36,0,28.46,0.2,0,0,0,40.1,46.6,49.5,0.40,0.38,0.40
SPRI,2019-11-08 04:45:00 EST,42.84315,-74.88961,1478,20.0,20.2,20.0,90.4,17.6,0.000,0.000,0.00,0.000,1.6,3.9,1.1,301,18,1.8,4.2,1.0,299,23,1.8,4.2,1.0,299,23,0,28.46,0.2,0,0,0,40.1,46.6,49.5,0.40,0.39,0.40
SPRI,2019-11-08 04:50:00 EST,42.84315,-74.88961,1478,20.0,20.2,20.0,90.2,17.6,0.000,0.000,0.00,0.000,2.0,7.7,2.0,345,15,2.4,9.8,2.3,350,20,2.4,9.8,2.3,350,20,0,28.46,0.2,0,0,0,40.1,46.6,49.5,0.40,0.38,0.40
SPRI,2019-11-08 04:55:00 EST,42.84315,-74.88961,1478,20.0,20.2,14.6,89.6,17.5,0.000,0.000,0.00,0.000,3.3,10.9,2.5,322,31,3.7,11.1,2.5,324,33,3.7,11.1,2.5,324,33,0,28.46,0.2,0,0,0,40.1,46.6,49.5,0.40,0.38,0.40
SPRI,2019-11-08 05:00:00 EST,42.84315,-74.88961,1478,19.8,20.0,14.6,88.9,17.0,0.000,0.000,0.00,0.000,3.0,6.8,2.0,338,31,3.5,9.0,2.2,339,32,3.5,9.0,2.2,339,32,0,28.46,0.2,0,0,0,40.1,46.6,49.5,0.40,0.38,0.40
SPRI,2019-11-08 05:05:00 EST,42.84315,-74.88961,1478,19.6,19.8,13.5,88.6,16.7,0.000,0.000,0.00,0.000,3.8,7.5,1.5,294,26,4.1,9.0,1.7,296,27,4.1,9.0,1.7,296,27,0,28.46,0.2,0,0,0,40.1,46.6,49.5,0.40,0.38,0.40
SPRI,2019-11-08 05:10:00 EST,42.84315,-74.88961,1478,19.3,19.6,14.7,88.5,16.5,0.000,0.000,0.00,0.000,3.0,6.9,1.5,299,25,3.2,8.6,1.8,302,27,3.2,8.6,1.8,302,27,0,28.46,0.3,0,0,0,40.1,46.6,49.5,0.40,0.38,0.40
SPRI,2019-11-08 05:15:00 EST,42.84315,-74.88961,1478,19.1,19.5,19.1,88.8,16.3,0.000,0.000,0.00,0.000,2.6,5.8,1.7,310,19,2.7,7.7,1.4,309,26,2.7,7.7,1.4,309,26,0,28.46,0.2,0,0,0,40.1,46.6,49.5,0.40,0.38,0.40
SPRI,2019-11-08 05:20:00 EST,42.84315,-74.88961,1478,18.9,19.2,18.9,89.4,16.3,0.000,0.000,0.00,0.000,1.7,3.9,1.2,296,28,1.8,4.3,1.2,296,28,1.8,4.3,1.2,296,28,0,28.46,0.2,0,0,0,40.1,46.6,49.5,0.40,0.39,0.40
SPRI,2019-11-08 05:25:00 EST,42.84315,-74.88961,1478,18.8,19.1,18.8,89.7,16.3,0.000,0.000,0.00,0.000,1.1,2.6,0.9,264,35,1.3,4.7,1.0,269,31,1.3,4.7,1.0,269,31,0,28.46,0.2,0,0,0,40.1,46.6,49.5,0.40,0.39,0.40
SPRI,2019-11-08 05:30:00 EST,42.84315,-74.88961,1478,18.6,18.9,18.6,89.8,16.2,0.000,0.000,0.00,0.000,0.8,2.7,0.7,231,47,1.4,3.9,0.8,232,48,1.4,3.9,0.8,232,48,0,28.46,0.1,0,0,0,40.1,46.6,49.5,0.40,0.38,0.40
SPRI,2019-11-08 05:35:00 EST,42.84315,-74.88961,1478,18.5,18.9,18.5,89.6,15.9,0.000,0.000,0.00,0.000,1.6,4.6,1.3,301,19,1.9,6.9,1.6,300,23,1.9,6.9,1.6,300,23,0,28.46,0.2,0,0,0,40.0,46.6,49.5,0.40,0.39,0.40
SPRI,2019-11-08 05:40:00 EST,42.84315,-74.88961,1478,18.4,18.8,18.4,89.5,15.9,0.000,0.000,0.00,0.000,1.9,4.9,1.1,277,31,2.2,5.5,1.1,280,36,2.2,5.5,1.1,280,36,0,28.46,0.2,0,0,0,39.9,46.6,49.5,0.40,0.38,0.40
SPRI,2019-11-08 05:45:00 EST,42.84315,-74.88961,1478,18.2,18.8,18.2,89.9,15.7,0.000,0.000,0.00,0.000,1.5,4.7,1.1,290,32,2.1,5.6,1.2,288,39,2.1,5.6,1.2,288,39,0,28.47,0.2,0,0,0,39.9,46.6,49.5,0.40,0.38,0.40
SPRI,2019-11-08 05:50:00 EST,42.84315,-74.88961,1478,18.4,18.8,18.4,90.4,16.0,0.000,0.000,0.00,0.000,1.7,4.2,0.8,260,39,2.0,6.0,1.0,254,41,2.0,6.0,1.0,254,41,0,28.47,0.2,0,0,0,39.9,46.6,49.5,0.40,0.38,0.40
SPRI,2019-11-08 05:55:00 EST,42.84315,-74.88961,1478,18.5,18.8,18.5,90.8,16.3,0.000,0.000,0.00,0.000,1.5,4.9,0.9,236,39,1.8,6.4,1.0,233,40,1.8,6.4,1.0,233,40,0,28.47,0.2,0,0,0,39.9,46.6,49.5,0.40,0.39,0.40
SPRI,2019-11-08 06:00:00 EST,42.84315,-74.88961,1478,18.3,18.8,18.3,90.7,16.1,0.000,0.000,0.00,0.000,1.0,3.6,1.0,286,49,1.4,4.3,0.9,285,53,1.4,4.3,0.9,285,53,0,28.47,0.2,0,0,0,39.9,46.5,49.5,0.40,0.39,0.40
SPRI,2019-11-08 06:05:00 EST,42.84315,-74.88961,1478,18.6,19.0,18.6,91.3,16.5,0.000,0.000,0.00,0.000,0.9,3.8,0.8,272,53,1.4,4.3,1.0,273,64,1.4,4.3,1.0,273,64,0,28.47,0.2,0,0,0,39.9,46.5,49.5,0.40,0.38,0.40
SPRI,2019-11-08 06:10:00 EST,42.84315,-74.88961,1478,18.8,19.0,18.8,91.3,16.7,0.000,0.000,0.00,0.000,1.1,5.6,1.0,273,27,1.5,6.6,1.2,271,43,1.5,6.6,1.2,271,43,0,28.47,0.2,0,0,0,39.9,46.5,49.5,0.40,0.38,0.40
SPRI,2019-11-08 06:15:00 EST,42.84315,-74.88961,1478,18.7,19.0,18.7,91.0,16.6,0.000,0.000,0.00,0.000,2.3,4.9,1.2,273,32,2.8,6.5,1.3,283,36,2.8,6.5,1.3,283,36,0,28.47,0.2,0,0,0,39.9,46.5,49.5,0.40,0.38,0.40
SPRI,2019-11-08 06:20:00 EST,42.84315,-74.88961,1478,18.7,18.9,13.8,90.7,16.4,0.000,0.000,0.00,0.000,3.0,5.3,1.3,277,29,3.3,6.8,1.5,276,32,3.3,6.8,1.5,276,32,0,28.48,0.2,0,0,0,39.9,46.4,49.5,0.40,0.38,0.40
SPRI,2019-11-08 06:25:00 EST,42.84315,-74.88961,1478,18.5,18.8,18.5,90.1,16.1,0.000,0.000,0.00,0.000,2.3,7.9,1.6,296,31,2.6,9.3,1.7,292,38,2.6,9.3,1.7,292,38,0,28.48,0.2,0,0,0,39.9,46.4,49.5,0.40,0.38,0.40
SPRI,2019-11-08 06:30:00 EST,42.84315,-74.88961,1478,18.5,18.8,18.5,89.7,16.0,0.000,0.000,0.00,0.000,2.2,4.5,0.8,277,43,2.7,7.1,1.1,281,50,2.7,7.1,1.1,281,50,0,28.48,0.2,0,0,0,39.9,46.4,49.5,0.40,0.38,0.40
SPRI,2019-11-08 06:35:00 EST,42.84315,-74.88961,1478,18.4,18.7,18.4,89.5,15.8,0.000,0.000,0.00,0.000,2.3,7.5,1.7,277,38,2.6,8.0,1.6,284,42,2.6,8.0,1.6,284,42,1,28.48,0.2,0,0,0,39.9,46.4,49.5,0.40,0.39,0.40
SPRI,2019-11-08 06:40:00 EST,42.84315,-74.88961,1478,18.6,18.9,13.7,89.3,16.0,0.000,0.000,0.00,0.000,2.9,8.5,1.8,295,30,3.3,7.4,1.7,294,32,3.3,7.4,1.7,294,32,2,28.49,0.2,0,0,0,39.8,46.4,49.5,0.40,0.38,0.40
SPRI,2019-11-08 06:45:00 EST,42.84315,-74.88961,1478,19.0,19.1,10.9,89.4,16.4,0.000,0.000,0.00,0.000,5.2,13.2,2.5,291,29,5.8,16.1,2.8,290,30,5.8,16.1,2.8,290,30,3,28.49,0.1,0,0,0,39.7,46.4,49.5,0.40,0.38,0.40
SPRI,2019-11-08 06:50:00 EST,42.84315,-74.88961,1478,19.1,19.1,10.1,89.2,16.4,0.000,0.000,0.00,0.000,6.5,13.0,2.7,298,29,6.8,14.9,2.7,300,31,6.8,14.9,2.7,300,31,4,28.49,0.2,0,0,0,39.7,46.4,49.5,0.40,0.38,0.40
SPRI,2019-11-08 06:55:00 EST,42.84315,-74.88961,1478,19.1,19.1,13.0,89.8,16.6,0.000,0.000,0.00,0.000,3.7,6.9,1.7,293,30,4.1,7.9,1.8,291,30,4.1,7.9,1.8,291,30,6,28.49,0.2,0,0,0,39.7,46.4,49.5,0.40,0.38,0.40
SPRI,2019-11-08 07:00:00 EST,42.84315,-74.88961,1478,19.1,19.2,19.1,90.4,16.8,0.000,0.000,0.00,0.000,2.2,8.8,1.9,287,43,2.8,9.9,1.9,283,50,2.8,9.9,1.9,283,50,8,28.49,0.2,0,0,0,39.7,46.4,49.5,0.40,0.38,0.40
SPRI,2019-11-08 07:05:00 EST,42.84315,-74.88961,1478,19.2,19.2,14.2,90.5,16.9,0.000,0.000,0.00,0.000,2.6,9.3,1.9,286,38,3.4,11.5,2.1,282,41,3.4,11.5,2.1,282,41,11,28.50,0.2,0,0,0,39.7,46.4,49.5,0.40,0.38,0.40
SPRI,2019-11-08 07:10:00 EST,42.84315,-74.88961,1478,19.3,19.4,12.7,90.2,16.9,0.000,0.000,0.00,0.000,3.8,9.2,2.0,276,40,4.6,10.8,1.9,274,43,4.6,10.8,1.9,274,43,14,28.50,0.2,0,0,0,39.7,46.4,49.5,0.40,0.38,0.40
SPRI,2019-11-08 07:15:00 EST,42.84315,-74.88961,1478,19.4,19.5,14.5,90.1,17.0,0.000,0.000,0.00,0.000,2.9,7.0,1.7,272,38,3.3,9.5,1.7,270,42,3.3,9.5,1.7,270,42,13,28.50,0.2,0,0,0,39.7,46.4,49.5,0.40,0.39,0.40
SPRI,2019-11-08 07:20:00 EST,42.84315,-74.88961,1478,19.4,19.5,12.5,89.6,16.9,0.000,0.000,0.00,0.000,4.3,10.4,2.4,305,35,4.8,12.3,2.5,305,35,4.8,12.3,2.5,305,35,14,28.51,0.2,0,0,0,39.7,46.4,49.5,0.40,0.38,0.40
SPRI,2019-11-08 07:25:00 EST,42.84315,-74.88961,1478,19.4,19.5,13.4,89.2,16.8,0.000,0.000,0.00,0.000,3.6,10.6,1.8,320,37,4.1,10.5,2.0,323,36,4.1,10.5,2.0,323,36,22,28.51,0.2,0,0,0,39.7,46.4,49.5,0.40,0.38,0.40
SPRI,2019-11-08 07:30:00 EST,42.84315,-74.88961,1478,19.4,19.5,13.2,88.6,16.6,0.000,0.000,0.00,0.000,3.9,12.6,2.4,289,29,4.3,14.6,2.6,296,28,4.3,14.6,2.6,296,28,28,28.51,0.2,0,0,0,39.7,46.4,49.5,0.40,0.38,0.40
SPRI,2019-11-08 07:35:00 EST,42.84315,-74.88961,1478,19.4,19.5,11.6,87.9,16.4,0.000,0.000,0.00,0.000,5.2,12.6,2.7,299,31,5.7,15.7,2.7,303,32,5.7,15.7,2.7,303,32,39,28.52,0.2,0,0,0,39.7,46.4,49.5,0.40,0.38,0.40
SPRI,2019-11-08 07:40:00 EST,42.84315,-74.88961,1478,19.5,19.6,12.6,87.2,16.3,0.000,0.000,0.00,0.000,4.3,8.8,2.3,313,30,4.8,10.3,2.3,311,33,4.8,10.3,2.3,311,33,42,28.52,0.2,0,0,0,39.6,46.4,49.5,0.40,0.38,0.40
SPRI,2019-11-08 07:45:00 EST,42.84315,-74.88961,1478,19.5,19.6,12.7,86.9,16.3,0.000,0.000,0.00,0.000,4.4,11.8,2.9,308,31,4.7,11.0,2.7,311,34,4.7,11.0,2.7,311,34,36,28.52,0.2,0,0,0,39.6,46.4,49.5,0.40,0.38,0.40
SPRI,2019-11-08 07:50:00 EST,42.84315,-74.88961,1478,19.6,19.7,13.0,86.7,16.3,0.000,0.000,0.00,0.000,4.4,11.3,2.2,306,30,4.7,13.5,2.5,307,31,4.7,13.5,2.5,307,31,39,28.53,0.2,0,0,0,39.6,46.4,49.5,0.40,0.38,0.40
SPRI,2019-11-08 07:55:00 EST,42.84315,-74.88961,1478,19.6,19.7,12.3,86.5,16.3,0.000,0.000,0.00,0.000,4.6,8.9,2.0,303,26,5.2,10.5,1.9,302,26,5.2,10.5,1.9,302,26,42,28.53,0.2,0,0,0,39.6,46.4,49.5,0.40,0.38,0.40
SPRI,2019-11-08 08:00:00 EST,42.84315,-74.88961,1478,19.7,19.8,13.2,85.9,16.2,0.000,0.000,0.00,0.000,4.1,9.2,2.1,306,33,4.5,11.3,2.2,308,35,4.5,11.3,2.2,308,35,68,28.53,0.1,0,0,0,39.6,46.4,49.5,0.40,0.38,0.40
SPRI,2019-11-08 08:05:00 EST,42.84315,-74.88961,1478,19.7,19.7,11.4,84.6,15.8,0.000,0.000,0.00,0.000,5.5,11.6,2.3,308,34,6.2,12.2,2.4,306,35,6.2,12.2,2.4,306,35,37,28.53,0.2,0,0,0,39.6,46.4,49.5,0.40,0.38,0.40
SPRI,2019-11-08 08:10:00 EST,42.84315,-74.88961,1478,19.5,19.6,10.3,84.3,15.5,0.000,0.000,0.00,0.000,6.4,15.3,3.5,313,30,7.1,16.5,3.3,315,30,7.1,16.5,3.3,315,30,36,28.53,0.2,0,0,0,39.6,46.3,49.5,0.40,0.38,0.40
SPRI,2019-11-08 08:15:00 EST,42.84315,-74.88961,1478,19.3,19.4,9.4,83.8,15.1,0.000,0.000,0.00,0.000,7.6,18.6,3.3,319,26,7.9,18.0,3.5,322,26,7.9,18.0,3.5,322,26,52,28.53,0.2,0,0,0,39.6,46.4,49.5,0.40,0.38,0.40
SPRI,2019-11-08 08:20:00 EST,42.84315,-74.88961,1478,19.5,19.5,12.1,82.6,15.0,0.000,0.000,0.00,0.000,4.4,11.0,2.4,330,33,5.2,13.1,2.8,334,31,5.2,13.1,2.8,334,31,91,28.54,0.2,0,0,0,39.6,46.3,49.5,0.40,0.38,0.40
SPRI,2019-11-08 08:25:00 EST,42.84315,-74.88961,1478,19.9,19.9,12.6,81.2,15.1,0.000,0.000,0.00,0.000,4.8,12.9,3.8,325,26,5.2,17.2,3.6,330,25,5.2,17.2,3.6,330,25,145,28.54,0.1,0,0,0,39.6,46.2,49.5,0.40,0.38,0.40
SPRI,2019-11-08 08:30:00 EST,42.84315,-74.88961,1478,20.1,20.1,12.0,80.8,15.2,0.000,0.000,0.00,0.000,5.5,11.5,2.5,323,33,6.0,15.1,2.6,324,32,6.0,15.1,2.6,324,32,142,28.54,0.1,0,0,0,39.6,46.1,49.5,0.40,0.38,0.40
SPRI,2019-11-08 08:35:00 EST,42.84315,-74.88961,1478,20.3,20.3,12.9,80.2,15.1,0.000,0.000,0.00,0.000,4.8,10.6,2.2,309,31,5.4,12.0,2.5,306,33,5.4,12.0,2.5,306,33,154,28.54,0.2,0,0,0,39.6,46.0,49.5,0.40,0.38,0.40
SPRI,2019-11-08 08:40:00 EST,42.84315,-74.88961,1478,20.6,20.5,14.5,78.7,15.0,0.000,0.000,0.00,0.000,3.8,13.4,3.1,330,38,4.3,14.7,3.2,331,40,4.3,14.7,3.2,331,40,159,28.55,0.2,0,0,0,39.6,46.1,49.5,0.40,0.38,0.40
SPRI,2019-11-08 08:45:00 EST,42.84315,-74.88961,1478,20.6,20.5,14.5,79.0,15.1,0.000,0.000,0.00,0.000,3.8,9.8,2.0,317,24,4.3,9.9,1.9,322,23,4.3,9.9,1.9,322,23,163,28.55,0.2,0,0,0,39.6,46.0,49.5,0.40,0.38,0.40
SPRI,2019-11-08 08:50:00 EST,42.84315,-74.88961,1478,20.6,20.5,11.8,78.2,14.9,0.000,0.000,0.00,0.000,6.5,14.4,3.3,309,26,7.0,15.3,3.1,312,28,7.0,15.3,3.1,312,28,166,28.55,0.2,0,0,0,39.6,46.0,49.5,0.40,0.38,0.40
SPRI,2019-11-08 08:55:00 EST,42.84315,-74.88961,1478,20.7,20.5,12.9,79.6,15.4,0.000,0.000,0.00,0.000,5.4,11.4,1.8,315,25,5.8,13.6,2.2,317,25,5.8,13.6,2.2,317,25,152,28.55,0.1,0,0,0,39.6,46.0,49.5,0.40,0.38,0.40
SPRI,2019-11-08 09:00:00 EST,42.84315,-74.88961,1478,20.6,20.5,12.8,79.6,15.3,0.000,0.000,0.00,0.000,5.2,10.4,2.3,308,29,5.9,13.9,2.6,309,30,5.9,13.9,2.6,309,30,136,28.55,0.2,0,0,0,39.6,46.0,49.5,0.40,0.38,0.40
SPRI,2019-11-08 09:05:00 EST,42.84315,-74.88961,1478,20.8,20.6,13.5,79.0,15.3,0.000,0.000,0.00,0.000,5.1,11.1,2.3,309,26,5.4,10.2,2.2,308,27,5.4,10.2,2.2,308,27,171,28.55,0.1,0,0,0,39.6,46.0,49.5,0.40,0.38,0.40
SPRI,2019-11-08 09:10:00 EST,42.84315,-74.88961,1478,21.4,21.0,14.3,79.1,15.9,0.000,0.000,0.00,0.000,4.4,8.8,2.0,354,30,5.3,11.6,2.2,357,29,5.3,11.6,2.2,357,29,179,28.55,0.1,0,0,0,39.6,46.0,49.5,0.40,0.38,0.40
SPRI,2019-11-08 09:15:00 EST,42.84315,-74.88961,1478,21.2,21.0,14.5,78.4,15.5,0.000,0.000,0.00,0.000,4.5,11.0,2.3,318,23,4.9,12.7,2.3,324,26,4.9,12.7,2.3,324,26,172,28.55,0.1,0,0,0,39.6,46.0,49.5,0.40,0.38,0.40
SPRI,2019-11-08 09:20:00 EST,42.84315,-74.88961,1478,21.4,21.1,14.3,78.7,15.8,0.000,0.000,0.00,0.000,4.5,12.9,2.3,333,40,5.3,14.5,2.8,337,40,5.3,14.5,2.8,337,40,168,28.55,0.1,0,0,0,39.6,46.0,49.5,0.40,0.38,0.40
SPRI,2019-11-08 09:25:00 EST,42.84315,-74.88961,1478,21.5,21.3,13.3,77.5,15.6,0.000,0.000,0.00,0.000,6.2,11.5,2.2,317,24,6.4,13.9,2.4,320,26,6.4,13.9,2.4,320,26,201,28.55,0.2,0,0,0,39.5,46.0,49.4,0.40,0.38,0.40
SPRI,2019-11-08 09:30:00 EST,42.84315,-74.88961,1478,21.7,21.4,14.5,79.0,16.2,0.000,0.000,0.00,0.000,5.5,11.3,2.0,313,24,5.5,10.2,1.9,313,25,5.5,10.2,1.9,313,25,199,28.55,0.1,0,0,0,39.6,46.0,49.5,0.40,0.38,0.40
SPRI,2019-11-08 09:35:00 EST,42.84315,-74.88961,1478,21.8,21.4,13.0,77.7,15.9,0.000,0.000,0.00,0.000,7.1,11.7,2.0,311,21,7.3,12.8,2.0,313,22,7.3,12.8,2.0,313,22,212,28.55,0.1,0,0,0,39.6,46.0,49.4,0.40,0.38,0.40
SPRI,2019-11-08 09:40:00 EST,42.84315,-74.88961,1478,22.0,21.7,14.3,78.1,16.2,0.000,0.000,0.00,0.000,5.7,10.9,2.5,305,22,5.9,12.2,2.5,304,23,5.9,12.2,2.5,304,23,198,28.55,0.1,0,0,0,39.6,46.0,49.5,0.40,0.38,0.40
SPRI,2019-11-08 09:45:00 EST,42.84315,-74.88961,1478,22.4,22.0,15.4,78.1,16.6,0.000,0.000,0.00,0.000,5.1,12.2,2.1,321,29,5.4,12.9,2.4,323,31,5.4,12.9,2.4,323,31,213,28.55,0.3,0,0,0,39.6,46.0,49.4,0.40,0.38,0.40
SPRI,2019-11-08 09:50:00 EST,42.84315,-74.88961,1478,22.7,22.4,16.7,77.3,16.7,0.000,0.000,0.00,0.000,4.4,10.7,2.3,306,26,4.6,10.6,2.1,309,26,4.6,10.6,2.1,309,26,226,28.56,0.2,0,0,0,39.6,46.0,49.5,0.40,0.38,0.40
SPRI,2019-11-08 09:55:00 EST,42.84315,-74.88961,1478,22.8,22.5,15.0,76.4,16.5,0.000,0.000,0.00,0.000,6.2,13.4,2.9,316,28,6.3,14.2,2.6,318,28,6.3,14.2,2.6,318,28,200,28.56,0.2,0,0,0,39.6,46.0,49.4,0.40,0.38,0.40
SPRI,2019-11-08 10:00:00 EST,42.84315,-74.88961,1478,23.0,22.7,16.5,76.6,16.7,0.000,0.000,0.00,0.000,4.6,9.5,2.1,308,26,4.9,10.0,2.1,309,27,4.9,10.0,2.1,309,27,214,28.56,0.2,0,0,0,39.6,46.0,49.4,0.40,0.38,0.40
SPRI,2019-11-08 10:05:00 EST,42.84315,-74.88961,1478,23.0,22.8,18.0,76.4,16.7,0.000,0.000,0.00,0.000,3.1,7.1,1.7,326,34,3.8,9.3,1.8,329,33,3.8,9.3,1.8,329,33,97,28.56,0.3,0,0,0,39.6,46.0,49.4,0.40,0.38,0.40
SPRI,2019-11-08 10:10:00 EST,42.84315,-74.88961,1478,22.5,22.4,14.6,76.1,16.2,0.000,0.000,0.00,0.000,6.2,12.9,2.2,304,22,6.5,13.3,2.5,302,24,6.5,13.3,2.5,302,24,102,28.56,0.3,0,0,0,39.6,46.0,49.3,0.40,0.38,0.40
SPRI,2019-11-08 10:15:00 EST,42.84315,-74.88961,1478,22.3,22.1,14.6,77.2,16.3,0.000,0.000,0.00,0.000,5.6,11.8,2.1,328,29,6.1,11.9,2.3,332,29,6.1,11.9,2.3,332,29,104,28.56,0.3,0,0,0,39.6,46.0,49.3,0.40,0.38,0.40
SPRI,2019-11-08 10:20:00 EST,42.84315,-74.88961,1478,22.3,22.1,14.4,77.7,16.4,0.000,0.000,0.00,0.000,5.8,16.3,3.4,321,24,6.3,18.4,3.2,323,25,6.3,18.4,3.2,323,25,105,28.56,0.3,0,0,0,39.6,46.0,49.4,0.40,0.38,0.40
SPRI,2019-11-08 10:25:00 EST,42.84315,-74.88961,1478,22.3,22.1,14.1,76.9,16.1,0.000,0.000,0.00,0.000,6.2,14.8,3.1,310,29,6.6,14.2,2.8,314,29,6.6,14.2,2.8,314,29,117,28.57,0.3,0,0,0,39.6,46.0,49.3,0.40,0.38,0.40
SPRI,2019-11-08 10:30:00 EST,42.84315,-74.88961,1478,22.3,22.2,15.9,76.9,16.2,0.000,0.000,0.00,0.000,4.2,7.8,1.5,323,37,4.8,8.6,1.7,324,34,4.8,8.6,1.7,324,34,90,28.57,0.4,0,0,0,39.6,46.0,49.3,0.40,0.38,0.40
SPRI,2019-11-08 10:35:00 EST,42.84315,-74.88961,1478,22.4,22.2,15.2,76.5,16.1,0.000,0.000,0.00,0.000,5.0,15.6,2.3,318,30,5.5,16.7,2.6,321,31,5.5,16.7,2.6,321,31,93,28.57,0.4,0,0,0,39.6,46.0,49.3,0.40,0.38,0.40
SPRI,2019-11-08 10:40:00 EST,42.84315,-74.88961,1478,22.3,22.2,15.2,76.7,16.1,0.000,0.000,0.00,0.000,5.1,11.6,2.3,301,24,5.4,12.6,2.3,297,24,5.4,12.6,2.3,297,24,98,28.57,0.3,0,0,0,39.6,45.9,49.3,0.40,0.38,0.40
SPRI,2019-11-08 10:45:00 EST,42.84315,-74.88961,1478,22.4,22.2,14.3,76.7,16.1,0.000,0.000,0.00,0.000,6.5,14.4,3.5,309,25,6.5,12.5,2.9,307,27,6.5,12.5,2.9,307,27,151,28.57,0.3,0,0,0,39.6,45.9,49.3,0.40,0.38,0.40
SPRI,2019-11-08 10:50:00 EST,42.84315,-74.88961,1478,22.7,22.5,15.8,75.9,16.3,0.000,0.000,0.00,0.000,5.2,11.3,2.5,305,27,5.4,12.8,2.5,306,27,5.4,12.8,2.5,306,27,183,28.57,0.4,0,0,0,39.6,45.9,49.3,0.40,0.38,0.40
SPRI,2019-11-08 10:55:00 EST,42.84315,-74.88961,1478,23.0,22.7,15.6,75.6,16.4,0.000,0.000,0.00,0.000,5.4,9.7,1.9,319,30,5.9,11.3,2.3,324,30,5.9,11.3,2.3,324,30,142,28.57,0.4,0,0,0,39.7,45.9,49.3,0.40,0.38,0.40
SPRI,2019-11-08 11:00:00 EST,42.84315,-74.88961,1478,23.1,22.9,15.3,75.7,16.6,0.000,0.000,0.00,0.000,6.1,11.6,2.3,304,22,6.4,13.9,2.4,304,22,6.4,13.9,2.4,304,22,148,28.57,0.4,0,0,0,39.7,45.9,49.3,0.40,0.38,0.40
SPRI,2019-11-08 11:05:00 EST,42.84315,-74.88961,1478,23.3,23.0,17.7,76.0,16.9,0.000,0.000,0.00,0.000,3.6,9.7,2.2,299,38,4.2,9.1,2.2,299,40,4.2,9.1,2.2,299,40,154,28.57,0.4,0,0,0,39.7,45.9,49.3,0.40,0.38,0.40
SPRI,2019-11-08 11:10:00 EST,42.84315,-74.88961,1478,22.9,22.6,15.3,74.9,16.1,0.000,0.000,0.00,0.000,5.6,11.8,2.9,307,33,6.1,12.4,2.6,308,36,6.1,12.4,2.6,308,36,107,28.57,0.4,0,0,0,39.7,45.9,49.3,0.40,0.38,0.40
SPRI,2019-11-08 11:15:00 EST,42.84315,-74.88961,1478,22.6,22.5,15.1,73.4,15.4,0.000,0.000,0.00,0.000,5.4,13.4,3.2,299,34,6.0,16.3,3.3,297,34,6.0,16.3,3.3,297,34,96,28.56,0.4,0,0,0,39.7,45.9,49.3,0.40,0.38,0.40
SPRI,2019-11-08 11:20:00 EST,42.84315,-74.88961,1478,22.9,22.7,15.7,75.0,16.1,0.000,0.000,0.00,0.000,5.0,10.0,2.3,301,36,5.7,11.7,2.6,302,37,5.7,11.7,2.6,302,37,186,28.56,0.3,0,0,0,39.7,45.9,49.3,0.40,0.38,0.40
SPRI,2019-11-08 11:25:00 EST,42.84315,-74.88961,1478,23.8,23.6,15.8,74.1,16.8,0.000,0.000,0.00,0.000,6.3,15.3,3.7,295,27,6.8,17.4,3.6,294,28,6.8,17.4,3.6,294,28,304,28.56,0.4,0,0,0,39.7,45.9,49.3,0.40,0.38,0.40
SPRI,2019-11-08 11:30:00 EST,42.84315,-74.88961,1478,23.9,23.7,15.8,71.4,16.0,0.000,0.000,0.00,0.000,5.9,14.6,3.3,286,34,6.9,17.9,3.5,286,33,6.9,17.9,3.5,286,33,247,28.56,0.4,0,0,0,39.7,45.9,49.3,0.40,0.38,0.40
SPRI,2019-11-08 11:35:00 EST,42.84315,-74.88961,1478,23.9,23.6,16.7,72.4,16.3,0.000,0.000,0.00,0.000,6.0,11.8,3.0,311,19,6.0,13.9,2.9,311,19,6.0,13.9,2.9,311,19,232,28.56,0.3,0,0,0,39.8,45.9,49.3,0.40,0.38,0.40
SPRI,2019-11-08 11:40:00 EST,42.84315,-74.88961,1478,24.5,24.1,18.1,74.4,17.5,0.000,0.000,0.00,0.000,4.4,11.6,2.9,299,34,5.1,14.0,3.2,303,38,5.1,14.0,3.2,303,38,250,28.56,0.5,0,0,0,39.8,45.9,49.3,0.40,0.38,0.40
SPRI,2019-11-08 11:45:00 EST,42.84315,-74.88961,1478,23.9,23.6,16.7,74.5,17.0,0.000,0.000,0.00,0.000,5.4,11.8,2.8,304,36,5.9,11.6,2.5,300,38,5.9,11.6,2.5,300,38,149,28.56,0.4,0,0,0,39.9,45.9,49.3,0.40,0.38,0.40
SPRI,2019-11-08 11:50:00 EST,42.84315,-74.88961,1478,23.8,23.5,16.6,79.9,18.5,0.000,0.000,0.00,0.000,5.3,11.8,2.7,293,30,5.8,13.9,2.5,291,32,5.8,13.9,2.5,291,32,161,28.56,0.3,0,0,0,39.9,45.9,49.3,0.40,0.38,0.40
SPRI,2019-11-08 11:55:00 EST,42.84315,-74.88961,1478,23.1,22.9,17.1,81.3,18.3,0.000,0.000,0.00,0.000,4.2,8.5,2.0,304,34,4.6,12.2,2.3,302,36,4.6,12.2,2.3,302,36,100,28.56,0.3,0,0,0,39.9,45.9,49.3,0.40,0.38,0.40
SPRI,2019-11-08 12:00:00 EST,42.84315,-74.88961,1478,23.0,22.8,16.2,81.0,18.0,0.000,0.000,0.00,0.000,5.1,9.6,2.1,303,24,5.3,9.7,2.0,303,25,5.3,9.7,2.0,303,25,58,28.56,0.3,0,0,0,39.9,45.9,49.3,0.40,0.38,0.40
SPRI,2019-11-08 12:05:00 EST,42.84315,-74.88961,1478,22.4,22.2,15.9,85.7,18.8,0.000,0.000,0.00,0.000,4.7,9.3,1.9,326,25,4.9,9.8,1.9,328,24,4.9,9.8,1.9,328,24,41,28.56,0.3,0,0,0,39.9,45.9,49.3,0.40,0.38,0.40
SPRI,2019-11-08 12:10:00 EST,42.84315,-74.88961,1478,22.2,22.0,17.3,89.6,19.6,0.015,0.015,0.00,0.015,3.1,7.5,1.3,320,31,3.6,7.7,1.4,325,31,3.6,7.7,1.4,325,31,44,28.56,0.3,0,0,0,40.0,45.9,49.3,0.40,0.38,0.40
SPRI,2019-11-08 12:15:00 EST,42.84315,-74.88961,1478,21.9,21.7,15.3,91.3,19.7,0.008,0.023,0.00,0.023,4.5,10.9,2.7,323,27,4.9,11.0,2.5,328,27,4.9,11.0,2.5,328,27,46,28.56,0.3,0,0,0,40.1,45.9,49.3,0.40,0.38,0.40
SPRI,2019-11-08 12:20:00 EST,42.84315,-74.88961,1478,22.0,21.8,15.8,92.6,20.2,0.004,0.027,0.00,0.027,4.1,8.5,1.6,334,29,4.6,9.1,1.9,338,28,4.6,9.1,1.9,338,28,62,28.55,0.4,0,0,0,40.1,45.9,49.3,0.40,0.38,0.40
SPRI,2019-11-08 12:25:00 EST,42.84315,-74.88961,1478,22.2,22.1,22.2,92.4,20.3,0.000,0.027,0.00,0.027,2.3,6.6,1.4,324,41,2.6,6.4,1.4,333,43,2.6,6.4,1.4,333,43,67,28.55,-0.1,0,0,0,40.1,45.9,49.3,0.40,0.38,0.40
SPRI,2019-11-08 12:30:00 EST,42.84315,-74.88961,1478,22.3,22.1,18.2,91.6,20.2,0.000,0.027,0.00,0.027,2.6,6.4,1.3,327,39,3.1,7.1,1.3,330,40,3.1,7.1,1.3,330,40,73,28.55,-0.0,0,0,0,40.1,45.9,49.3,0.40,0.38,0.40
SPRI,2019-11-08 12:35:00 EST,42.84315,-74.88961,1478,22.3,22.1,15.1,91.0,20.0,0.000,0.027,0.00,0.027,5.2,10.0,2.2,328,24,5.5,10.2,2.2,330,23,5.5,10.2,2.2,330,23,75,28.56,0.2,0,0,0,40.1,45.9,49.3,0.40,0.38,0.40
SPRI,2019-11-08 12:40:00 EST,42.84315,-74.88961,1478,22.3,22.2,14.1,91.0,20.1,0.007,0.035,0.00,0.035,6.5,11.5,1.7,319,26,6.6,9.9,1.6,323,27,6.6,9.9,1.6,323,27,134,28.56,0.3,0,0,0,40.1,45.9,49.3,0.40,0.38,0.40
SPRI,2019-11-08 12:45:00 EST,42.84315,-74.88961,1478,22.9,22.7,17.1,90.5,20.5,0.000,0.035,0.00,0.035,3.8,5.9,1.1,344,30,4.4,8.0,1.2,348,28,4.4,8.0,1.2,348,28,86,28.55,0.3,0,0,0,40.1,45.9,49.3,0.40,0.38,0.40
SPRI,2019-11-08 12:50:00 EST,42.84315,-74.88961,1478,23.1,22.9,16.3,88.6,20.2,0.000,0.035,0.00,0.035,5.0,11.2,2.1,336,25,5.4,12.6,2.3,341,25,5.4,12.6,2.3,341,25,104,28.55,-0.4,0,0,0,40.1,45.9,49.3,0.40,0.38,0.40
SPRI,2019-11-08 12:55:00 EST,42.84315,-74.88961,1478,23.6,23.4,16.7,85.6,19.9,0.000,0.035,0.00,0.035,4.8,11.5,3.1,342,25,5.5,13.4,3.5,345,26,5.5,13.4,3.5,345,26,88,28.55,-0.4,0,0,0,40.1,45.8,49.3,0.40,0.38,0.40
SPRI,2019-11-08 13:00:00 EST,42.84315,-74.88961,1478,23.3,23.2,15.1,80.9,18.3,0.000,0.035,0.00,0.035,6.2,13.9,2.4,316,31,6.8,14.8,2.5,320,31,6.8,14.8,2.5,320,31,102,28.55,-0.4,0,0,0,40.2,45.8,49.3,0.40,0.38,0.40
SPRI,2019-11-08 13:05:00 EST,42.84315,-74.88961,1478,23.7,23.6,15.8,79.3,18.2,0.000,0.035,0.00,0.035,6.0,15.0,3.3,322,23,6.6,14.7,3.1,324,27,6.6,14.7,3.1,324,27,150,28.55,-0.3,0,0,0,40.2,45.8,49.3,0.40,0.38,0.40
SPRI,2019-11-08 13:10:00 EST,42.84315,-74.88961,1478,24.1,24.1,17.2,75.1,17.4,0.000,0.035,0.00,0.020,5.2,11.0,2.3,313,31,5.7,12.9,2.6,315,28,5.7,12.9,2.6,315,28,108,28.55,-0.3,0,0,0,40.3,45.8,49.3,0.40,0.38,0.40
SPRI,2019-11-08 13:15:00 EST,42.84315,-74.88961,1478,24.1,24.1,14.8,72.2,16.5,0.000,0.035,0.00,0.012,8.8,18.0,3.1,318,21,8.6,15.0,2.6,319,21,8.6,15.0,2.6,319,21,137,28.55,-0.1,0,0,0,40.3,45.7,49.3,0.40,0.38,0.40
SPRI,2019-11-08 13:20:00 EST,42.84315,-74.88961,1478,24.4,24.4,16.0,72.3,16.8,0.000,0.035,0.00,0.007,7.3,13.7,2.9,325,28,7.5,15.8,2.8,326,26,7.5,15.8,2.8,326,26,160,28.55,-0.4,0,0,0,40.3,45.8,49.3,0.40,0.38,0.40
SPRI,2019-11-08 13:25:00 EST,42.84315,-74.88961,1478,24.9,24.8,16.7,67.1,15.5,0.000,0.035,0.00,0.007,6.8,14.2,3.1,311,31,7.3,12.5,2.8,314,33,7.3,12.5,2.8,314,33,253,28.55,0.1,0,0,0,40.3,45.8,49.3,0.40,0.38,0.40
SPRI,2019-11-08 13:30:00 EST,42.84315,-74.88961,1478,25.8,25.5,19.0,67.2,16.4,0.000,0.035,0.00,0.007,5.3,14.0,2.5,323,30,5.8,12.1,2.5,324,30,5.8,12.1,2.5,324,30,320,28.55,0.1,0,0,0,40.3,45.8,49.3,0.40,0.38,0.40
SPRI,2019-11-08 13:35:00 EST,42.84315,-74.88961,1478,25.7,25.5,18.3,69.7,17.2,0.000,0.035,0.00,0.007,6.5,12.4,2.9,301,25,6.6,14.6,2.9,300,24,6.6,14.6,2.9,300,24,281,28.55,0.7,0,0,0,40.3,45.7,49.3,0.40,0.38,0.40
SPRI,2019-11-08 13:40:00 EST,42.84315,-74.88961,1478,25.6,25.4,17.4,73.7,18.4,0.000,0.035,0.00,0.000,6.5,16.1,2.7,280,30,7.5,16.2,2.9,280,32,7.5,16.2,2.9,280,32,312,28.55,0.8,0,0,0,40.3,45.7,49.3,0.40,0.38,0.40
SPRI,2019-11-08 13:45:00 EST,42.84315,-74.88961,1478,25.3,25.1,17.4,76.5,18.9,0.000,0.035,0.00,0.000,6.1,12.8,3.3,285,31,7.0,17.4,3.7,281,30,7.0,17.4,3.7,281,30,357,28.56,1.1,0,0,0,40.3,45.7,49.3,0.40,0.38,0.40
SPRI,2019-11-08 13:50:00 EST,42.84315,-74.88961,1478,25.5,25.3,17.9,75.9,18.9,0.000,0.035,0.00,0.000,6.1,12.3,3.1,301,37,6.6,13.8,2.7,301,37,6.6,13.8,2.7,301,37,286,28.55,1.1,0,0,0,40.3,45.7,49.3,0.40,0.38,0.40
SPRI,2019-11-08 13:55:00 EST,42.84315,-74.88961,1478,25.0,24.8,17.9,75.1,18.2,0.000,0.035,0.00,0.000,5.3,15.6,3.1,304,35,5.9,18.6,3.2,300,34,5.9,18.6,3.2,300,34,78,28.56,0.9,0,0,0,40.3,45.7,49.3,0.40,0.38,0.40
SPRI,2019-11-08 14:00:00 EST,42.84315,-74.88961,1478,23.8,23.7,14.4,76.8,17.6,0.000,0.035,0.00,0.000,8.1,13.9,2.4,299,26,8.7,16.2,2.8,296,25,8.7,16.2,2.8,296,25,123,28.56,0.7,0,0,0,40.3,45.7,49.3,0.40,0.38,0.40
SPRI,2019-11-08 14:05:00 EST,42.84315,-74.88961,1478,24.5,24.4,16.2,74.1,17.4,0.000,0.035,0.00,0.000,7.5,13.3,3.0,312,24,7.4,13.9,2.6,315,22,7.4,13.9,2.6,315,22,178,28.56,0.9,0,0,0,40.4,45.7,49.3,0.40,0.38,0.40
SPRI,2019-11-08 14:10:00 EST,42.84315,-74.88961,1478,24.6,24.6,16.1,72.2,16.9,0.000,0.035,0.00,0.000,7.0,18.6,3.6,300,30,7.6,16.4,3.4,299,33,7.6,16.4,3.4,299,33,103,28.56,0.9,0,0,0,40.5,45.7,49.3,0.40,0.38,0.40
SPRI,2019-11-08 14:15:00 EST,42.84315,-74.88961,1478,24.7,24.7,15.9,71.0,16.7,0.000,0.035,0.00,0.000,8.1,14.8,3.3,301,27,8.2,16.4,3.0,302,23,8.2,16.4,3.0,302,23,177,28.56,0.9,0,0,0,40.5,45.7,49.3,0.40,0.38,0.40
SPRI,2019-11-08 14:20:00 EST,42.84315,-74.88961,1478,24.3,24.3,17.2,71.8,16.5,0.000,0.035,0.00,0.000,5.5,10.6,2.1,294,31,5.9,14.0,2.2,296,30,5.9,14.0,2.2,296,30,84,28.56,0.9,0,0,0,40.5,45.7,49.3,0.40,0.38,0.40
SPRI,2019-11-08 14:25:00 EST,42.84315,-74.88961,1478,23.8,23.8,16.1,73.9,16.7,0.000,0.035,0.00,0.000,5.9,12.9,2.4,308,23,6.4,14.4,2.4,308,24,6.4,14.4,2.4,308,24,49,28.56,1.0,0,0,0,40.5,45.7,49.3,0.40,0.38,0.40
SPRI,2019-11-08 14:30:00 EST,42.84315,-74.88961,1478,23.8,23.8,16.2,74.4,16.9,0.000,0.035,0.00,0.000,5.5,14.5,3.2,302,34,6.4,13.9,3.1,307,34,6.4,13.9,3.1,307,34,116,28.56,1.0,0,0,0,40.5,45.7,49.3,0.40,0.38,0.40
SPRI,2019-11-08 14:35:00 EST,42.84315,-74.88961,1478,24.0,24.0,15.7,74.8,17.2,0.000,0.035,0.00,0.000,6.9,15.6,3.2,303,27,7.2,15.5,3.3,303,28,7.2,15.5,3.3,303,28,153,28.56,1.0,0,0,0,40.5,45.7,49.3,0.40,0.38,0.40
SPRI,2019-11-08 14:40:00 EST,42.84315,-74.88961,1478,24.1,24.0,17.2,74.1,17.0,0.000,0.035,0.00,0.000,4.8,14.4,3.5,300,31,5.6,16.7,3.4,303,36,5.6,16.7,3.4,303,36,230,28.56,0.9,0,0,0,40.5,45.7,49.3,0.40,0.38,0.40
SPRI,2019-11-08 14:45:00 EST,42.84315,-74.88961,1478,24.5,24.4,17.1,71.0,16.4,0.000,0.035,0.00,0.000,6.0,15.6,2.6,301,32,6.2,16.3,2.6,304,34,6.2,16.3,2.6,304,34,266,28.56,1.0,0,0,0,40.5,45.7,49.3,0.40,0.38,0.40
SPRI,2019-11-08 14:50:00 EST,42.84315,-74.88961,1478,24.6,24.5,16.6,65.9,14.8,0.000,0.035,0.00,0.000,6.3,14.3,3.3,295,36,7.0,16.0,3.3,297,35,7.0,16.0,3.3,297,35,263,28.56,0.9,0,0,0,40.5,45.7,49.3,0.40,0.38,0.40
SPRI,2019-11-08 14:55:00 EST,42.84315,-74.88961,1478,24.6,24.6,17.5,66.0,14.9,0.000,0.035,0.00,0.000,5.4,14.0,3.1,292,36,5.9,14.0,2.7,289,37,5.9,14.0,2.7,289,37,262,28.57,0.9,0,0,0,40.6,45.7,49.3,0.40,0.38,0.40
SPRI,2019-11-08 15:00:00 EST,42.84315,-74.88961,1478,24.7,24.6,18.2,66.9,15.3,0.000,0.035,0.00,0.000,5.2,14.1,2.8,304,28,5.3,12.0,2.7,307,29,5.3,12.0,2.7,307,29,268,28.57,0.9,0,0,0,40.6,45.7,49.3,0.40,0.38,0.40
SPRI,2019-11-08 15:05:00 EST,42.84315,-74.88961,1478,24.8,24.7,16.4,68.2,15.8,0.000,0.035,0.00,0.000,6.9,13.2,2.5,286,31,7.5,14.7,2.6,285,30,7.5,14.7,2.6,285,30,247,28.57,0.9,0,0,0,40.6,45.7,49.3,0.40,0.38,0.40
SPRI,2019-11-08 15:10:00 EST,42.84315,-74.88961,1478,24.3,24.3,18.5,69.1,15.6,0.000,0.035,0.00,0.000,4.1,10.2,2.4,299,37,4.6,11.2,2.5,299,40,4.6,11.2,2.5,299,40,78,28.57,0.9,0,0,0,40.6,45.7,49.3,0.40,0.38,0.40
SPRI,2019-11-08 15:15:00 EST,42.84315,-74.88961,1478,23.8,23.8,17.7,72.7,16.3,0.000,0.035,0.00,0.000,4.3,10.3,2.6,286,40,4.8,12.3,2.7,285,41,4.8,12.3,2.7,285,41,92,28.57,0.9,0,0,0,40.6,45.7,49.3,0.40,0.38,0.40
SPRI,2019-11-08 15:20:00 EST,42.84315,-74.88961,1478,23.4,23.5,16.8,74.4,16.5,0.000,0.035,0.00,0.000,4.2,9.6,2.4,286,28,5.1,12.7,2.6,284,32,5.1,12.7,2.6,284,32,69,28.57,0.9,0,0,0,40.6,45.7,49.3,0.40,0.38,0.40
SPRI,2019-11-08 15:25:00 EST,42.84315,-74.88961,1478,23.5,23.5,16.3,74.8,16.6,0.000,0.035,0.00,0.000,5.3,13.4,2.8,300,31,5.8,15.0,2.7,304,32,5.8,15.0,2.7,304,32,107,28.57,0.9,0,0,0,40.6,45.7,49.3,0.40,0.38,0.40
SPRI,2019-11-08 15:30:00 EST,42.84315,-74.88961,1478,24.1,24.1,18.0,72.7,16.6,0.000,0.035,0.00,0.000,4.1,10.5,2.3,277,43,4.8,11.2,2.3,277,44,4.8,11.2,2.3,277,44,174,28.57,0.8,0,0,0,40.6,45.7,49.3,0.40,0.38,0.40
SPRI,2019-11-08 15:35:00 EST,42.84315,-74.88961,1478,24.3,24.3,18.5,70.8,16.2,0.000,0.035,0.00,0.000,3.8,10.5,2.1,307,41,4.6,12.9,2.4,309,43,4.6,12.9,2.4,309,43,157,28.57,0.8,0,0,0,40.6,45.7,49.3,0.40,0.38,0.40
SPRI,2019-11-08 15:40:00 EST,42.84315,-74.88961,1478,24.2,24.3,17.2,69.4,15.7,0.000,0.035,0.00,0.000,5.2,10.6,2.3,285,30,5.7,11.8,2.5,283,30,5.7,11.8,2.5,283,30,86,28.58,0.7,0,0,0,40.6,45.7,49.3,0.40,0.38,0.40
SPRI,2019-11-08 15:45:00 EST,42.84315,-74.88961,1478,24.1,24.1,19.3,71.0,16.1,0.000,0.035,0.00,0.000,3.3,9.4,2.5,311,44,3.7,10.0,2.5,311,49,3.7,10.0,2.5,311,49,72,28.58,0.7,0,0,0,40.6,45.7,49.3,0.40,0.38,0.40
SPRI,2019-11-08 15:50:00 EST,42.84315,-74.88961,1478,23.9,23.9,18.1,71.7,16.0,0.000,0.035,0.00,0.000,4.0,14.7,2.6,281,37,4.5,12.6,2.8,285,40,4.5,12.6,2.8,285,40,51,28.58,0.8,0,0,0,40.6,45.7,49.3,0.40,0.38,0.40
SPRI,2019-11-08 15:55:00 EST,42.84315,-74.88961,1478,23.7,23.8,16.9,72.4,16.1,0.000,0.035,0.00,0.000,5.0,11.2,2.4,293,33,5.5,12.4,2.6,293,33,5.5,12.4,2.6,293,33,57,28.58,0.7,0,0,0,40.6,45.7,49.3,0.40,0.38,0.40
SPRI,2019-11-08 16:00:00 EST,42.84315,-74.88961,1478,23.9,23.9,17.3,71.4,15.9,0.000,0.035,0.00,0.000,4.6,13.6,2.8,289,36,5.2,14.7,3.1,286,34,5.2,14.7,3.1,286,34,82,28.58,0.6,0,0,0,40.6,45.7,49.2,0.40,0.38,0.40
SPRI,2019-11-08 16:05:00 EST,42.84315,-74.88961,1478,23.8,23.8,15.3,69.5,15.3,0.000,0.035,0.00,0.000,6.8,13.1,3.1,292,33,7.5,17.8,3.7,293,31,7.5,17.8,3.7,293,31,66,28.58,0.7,0,0,0,40.6,45.6,49.2,0.40,0.38,0.40
SPRI,2019-11-08 16:10:00 EST,42.84315,-74.88961,1478,23.2,23.2,14.9,73.7,16.1,0.000,0.035,0.00,0.000,6.6,16.0,3.7,305,24,7.0,14.7,3.3,307,26,7.0,14.7,3.3,307,26,40,28.58,0.6,0,0,0,40.6,45.7,49.2,0.40,0.38,0.40
SPRI,2019-11-08 16:15:00 EST,42.84315,-74.88961,1478,23.4,23.5,14.9,74.3,16.4,0.000,0.035,0.00,0.000,7.2,13.4,2.9,299,24,7.3,13.5,2.9,301,22,7.3,13.5,2.9,301,22,52,28.58,0.5,0,0,0,40.6,45.7,49.2,0.40,0.38,0.40
SPRI,2019-11-08 16:20:00 EST,42.84315,-74.88961,1478,23.6,23.7,17.6,74.0,16.5,0.000,0.035,0.00,0.000,4.1,9.0,2.0,307,32,4.7,12.5,2.5,310,34,4.7,12.5,2.5,310,34,53,28.58,0.4,0,0,0,40.6,45.6,49.1,0.40,0.38,0.40
SPRI,2019-11-08 16:25:00 EST,42.84315,-74.88961,1478,23.6,23.6,14.6,73.8,16.4,0.000,0.035,0.00,0.000,7.7,18.6,4.0,303,29,7.9,18.5,3.7,304,30,7.9,18.5,3.7,304,30,38,28.59,0.2,0,0,0,40.6,45.6,49.1,0.40,0.38,0.40
SPRI,2019-11-08 16:30:00 EST,42.84315,-74.88961,1478,23.4,23.4,15.7,74.0,16.3,0.000,0.035,0.00,0.000,6.0,12.6,2.4,301,28,6.4,14.6,2.5,304,29,6.4,14.6,2.5,304,29,14,28.59,0.2,0,0,0,40.6,45.6,49.1,0.40,0.38,0.40
SPRI,2019-11-08 16:35:00 EST,42.84315,-74.88961,1478,22.7,22.7,15.2,78.6,17.0,0.000,0.035,0.00,0.000,5.6,11.8,2.0,303,26,5.9,14.7,2.4,301,25,5.9,14.7,2.4,301,25,9,28.59,0.4,0,0,0,40.6,45.6,49.2,0.40,0.38,0.40
SPRI,2019-11-08 16:40:00 EST,42.84315,-74.88961,1478,22.2,22.2,15.5,83.8,18.0,0.000,0.035,0.00,0.000,5.0,12.3,2.8,308,26,5.0,10.7,2.6,311,29,5.0,10.7,2.6,311,29,6,28.59,0.5,0,0,0,40.6,45.6,49.1,0.40,0.38,0.40
SPRI,2019-11-08 16:45:00 EST,42.84315,-74.88961,1478,22.1,22.2,15.4,86.4,18.7,0.000,0.035,0.00,0.000,4.6,10.2,2.2,307,26,5.0,10.4,2.1,311,24,5.0,10.4,2.1,311,24,4,28.59,0.5,0,0,0,40.6,45.6,49.1,0.40,0.38,0.40
SPRI,2019-11-08 16:50:00 EST,42.84315,-74.88961,1478,22.2,22.3,16.3,85.5,18.5,0.000,0.035,0.00,0.000,3.9,8.8,1.9,303,34,4.4,11.4,2.0,303,36,4.4,11.4,2.0,303,36,3,28.60,0.5,0,0,0,40.6,45.6,49.1,0.40,0.38,0.40
SPRI,2019-11-08 16:55:00 EST,42.84315,-74.88961,1478,22.3,22.5,16.3,83.7,18.1,0.000,0.035,0.00,0.000,4.2,10.9,2.0,303,24,4.4,10.9,2.0,305,24,4.4,10.9,2.0,305,24,1,28.60,0.5,0,0,0,40.6,45.6,49.1,0.40,0.38,0.40
SPRI,2019-11-08 17:00:00 EST,42.84315,-74.88961,1478,22.4,22.5,14.8,81.6,17.6,0.000,0.035,0.00,0.000,5.6,11.5,2.6,298,31,6.0,14.7,2.5,298,32,6.0,14.7,2.5,298,32,1,28.60,0.6,0,0,0,40.6,45.5,49.1,0.40,0.38,0.40
SPRI,2019-11-08 17:05:00 EST,42.84315,-74.88961,1478,22.5,22.7,16.9,78.7,16.9,0.000,0.035,0.00,0.000,3.9,9.1,2.3,292,39,4.1,8.8,2.0,288,40,4.1,8.8,2.0,288,40,0,28.60,0.6,0,0,0,40.6,45.6,49.1,0.40,0.38,0.40
SPRI,2019-11-08 17:10:00 EST,42.84315,-74.88961,1478,22.6,22.7,17.3,77.6,16.7,0.000,0.035,0.00,0.000,3.4,13.2,2.3,295,36,4.0,13.4,2.4,295,36,4.0,13.4,2.4,295,36,0,28.60,0.7,0,0,0,40.6,45.5,49.1,0.40,0.38,0.40
SPRI,2019-11-08 17:15:00 EST,42.84315,-74.88961,1478,22.6,22.7,16.0,77.2,16.6,0.000,0.035,0.00,0.000,4.8,10.4,2.1,297,20,5.1,10.7,2.3,297,19,5.1,10.7,2.3,297,19,0,28.60,0.7,0,0,0,40.6,45.5,49.1,0.40,0.38,0.40
SPRI,2019-11-08 17:20:00 EST,42.84315,-74.88961,1478,22.4,22.5,16.9,77.6,16.4,0.000,0.035,0.00,0.000,3.6,6.9,1.7,273,33,4.1,8.1,1.9,274,35,4.1,8.1,1.9,274,35,0,28.61,0.7,0,0,0,40.6,45.5,49.1,0.40,0.38,0.40
SPRI,2019-11-08 17:25:00 EST,42.84315,-74.88961,1478,22.0,22.2,16.8,79.4,16.6,0.000,0.035,0.00,0.000,3.3,8.6,2.1,278,36,3.8,10.4,2.3,278,36,3.8,10.4,2.3,278,36,0,28.61,0.7,0,0,0,40.6,45.5,49.1,0.40,0.38,0.40
SPRI,2019-11-08 17:30:00 EST,42.84315,-74.88961,1478,21.8,22.0,15.6,81.3,17.0,0.000,0.035,0.00,0.000,4.0,9.1,2.0,280,29,4.5,10.2,2.3,282,28,4.5,10.2,2.3,282,28,0,28.61,0.8,0,0,0,40.6,45.5,49.1,0.40,0.38,0.40
SPRI,2019-11-08 17:35:00 EST,42.84315,-74.88961,1478,21.5,21.8,21.5,82.3,17.0,0.000,0.035,0.00,0.000,2.5,8.0,1.9,292,42,2.9,8.0,1.9,294,45,2.9,8.0,1.9,294,45,0,28.61,0.8,0,0,0,40.6,45.6,49.1,0.40,0.38,0.40
SPRI,2019-11-08 17:40:00 EST,42.84315,-74.88961,1478,21.7,22.0,16.6,82.1,17.1,0.000,0.035,0.00,0.000,3.0,7.5,1.8,274,26,3.7,9.0,2.0,274,28,3.7,9.0,2.0,274,28,0,28.61,0.7,0,0,0,40.6,45.5,49.1,0.40,0.38,0.40
SPRI,2019-11-08 17:45:00 EST,42.84315,-74.88961,1478,21.7,22.0,16.7,80.9,16.7,0.000,0.035,0.00,0.000,3.1,7.2,1.6,281,30,3.6,8.0,1.9,279,30,3.6,8.0,1.9,279,30,0,28.62,0.7,0,0,0,40.6,45.5,49.1,0.40,0.38,0.40
SPRI,2019-11-08 17:50:00 EST,42.84315,-74.88961,1478,21.5,21.9,21.5,80.6,16.5,0.000,0.035,0.00,0.000,2.5,5.5,1.3,301,35,3.0,6.7,1.3,298,35,3.0,6.7,1.3,298,35,0,28.62,0.6,0,0,0,40.6,45.5,49.1,0.40,0.38,0.40
SPRI,2019-11-08 17:55:00 EST,42.84315,-74.88961,1478,21.3,21.7,16.9,80.4,16.2,0.000,0.035,0.00,0.000,3.0,5.6,1.3,303,26,3.2,7.2,1.4,302,25,3.2,7.2,1.4,302,25,0,28.62,0.7,0,0,0,40.6,45.5,49.1,0.40,0.38,0.40
SPRI,2019-11-08 18:00:00 EST,42.84315,-74.88961,1478,21.1,21.6,21.1,80.4,16.1,0.000,0.035,0.00,0.000,2.2,5.3,1.1,294,26,2.5,6.3,1.2,294,29,2.5,6.3,1.2,294,29,0,28.62,0.5,0,0,0,40.6,45.5,49.1,0.40,0.38,0.40
SPRI,2019-11-08 18:05:00 EST,42.84315,-74.88961,1478,21.0,21.6,21.0,80.1,15.8,0.000,0.035,0.00,0.000,2.7,7.5,1.7,312,27,2.8,7.3,1.8,307,28,2.8,7.3,1.8,307,28,0,28.63,0.6,0,0,0,40.6,45.5,49.1,0.40,0.38,0.40
SPRI,2019-11-08 18:10:00 EST,42.84315,-74.88961,1478,20.9,21.4,20.9,79.9,15.7,0.000,0.035,0.00,0.000,2.6,6.9,1.5,303,32,2.9,7.4,1.5,303,32,2.9,7.4,1.5,303,32,0,28.63,0.6,0,0,0,40.6,45.5,49.1,0.40,0.38,0.40
SPRI,2019-11-08 18:15:00 EST,42.84315,-74.88961,1478,21.0,21.5,15.7,80.1,15.8,0.000,0.035,0.00,0.000,3.7,6.7,1.3,304,24,3.8,9.2,1.5,305,24,3.8,9.2,1.5,305,24,0,28.63,0.6,0,0,0,40.6,45.5,49.1,0.40,0.38,0.40
SPRI,2019-11-08 18:20:00 EST,42.84315,-74.88961,1478,20.8,21.4,15.9,79.8,15.6,0.000,0.035,0.00,0.000,3.2,6.3,1.3,292,31,3.5,7.3,1.3,294,33,3.5,7.3,1.3,294,33,0,28.63,0.6,0,0,0,40.6,45.5,49.1,0.40,0.38,0.40
SPRI,2019-11-08 18:25:00 EST,42.84315,-74.88961,1478,20.7,21.2,20.7,80.4,15.6,0.000,0.035,0.00,0.000,2.3,5.6,1.2,285,39,2.7,7.3,1.4,289,43,2.7,7.3,1.4,289,43,0,28.63,0.5,0,0,0,40.6,45.5,49.1,0.40,0.38,0.40
SPRI,2019-11-08 18:30:00 EST,42.84315,-74.88961,1478,20.7,21.2,16.2,81.0,15.8,0.000,0.035,0.00,0.000,3.0,9.0,1.6,305,25,3.2,9.5,1.7,303,23,3.2,9.5,1.7,303,23,0,28.64,0.5,0,0,0,40.6,45.5,49.1,0.40,0.38,0.40
SPRI,2019-11-08 18:35:00 EST,42.84315,-74.88961,1478,20.7,21.1,14.5,81.5,15.9,0.000,0.035,0.00,0.000,4.1,9.9,1.8,294,29,4.4,10.9,1.8,295,29,4.4,10.9,1.8,295,29,0,28.64,0.6,0,0,0,40.6,45.5,49.1,0.40,0.38,0.40
SPRI,2019-11-08 18:40:00 EST,42.84315,-74.88961,1478,20.5,20.9,20.5,81.7,15.8,0.000,0.035,0.00,0.000,2.4,5.0,1.0,297,29,2.5,5.2,1.0,297,31,2.5,5.2,1.0,297,31,0,28.64,0.6,0,0,0,40.6,45.5,49.1,0.40,0.38,0.40
SPRI,2019-11-08 18:45:00 EST,42.84315,-74.88961,1478,20.3,20.7,20.3,82.2,15.7,0.000,0.035,0.00,0.000,2.6,6.2,1.5,287,36,2.9,6.6,1.5,286,42,2.9,6.6,1.5,286,42,0,28.64,0.6,0,0,0,40.6,45.5,49.1,0.40,0.38,0.40
SPRI,2019-11-08 18:50:00 EST,42.84315,-74.88961,1478,20.0,20.5,20.0,83.1,15.7,0.000,0.035,0.00,0.000,1.8,5.1,1.2,276,37,2.2,7.3,1.3,275,44,2.2,7.3,1.3,275,44,0,28.64,0.6,0,0,0,40.6,45.5,49.1,0.40,0.38,0.40
SPRI,2019-11-08 18:55:00 EST,42.84315,-74.88961,1478,19.9,20.3,19.9,83.9,15.8,0.000,0.035,0.00,0.000,2.0,6.9,1.6,275,47,2.5,8.2,1.8,268,52,2.5,8.2,1.8,268,52,0,28.64,0.6,0,0,0,40.6,45.5,49.1,0.40,0.38,0.40
SPRI,2019-11-08 19:00:00 EST,42.84315,-74.88961,1478,19.9,20.3,19.9,84.5,16.0,0.000,0.035,0.00,0.000,2.1,5.0,1.3,272,37,2.4,6.8,1.3,273,38,2.4,6.8,1.3,273,38,0,28.64,0.5,0,0,0,40.6,45.5,49.1,0.40,0.38,0.40
SPRI,2019-11-08 19:05:00 EST,42.84315,-74.88961,1478,19.6,20.2,19.6,84.9,15.8,0.000,0.035,0.00,0.000,1.4,3.7,0.9,247,58,1.8,5.1,1.1,256,62,1.8,5.1,1.1,256,62,0,28.64,0.6,0,0,0,40.6,45.5,49.1,0.40,0.38,0.40
SPRI,2019-11-08 19:10:00 EST,42.84315,-74.88961,1478,19.6,20.0,19.6,85.6,15.9,0.000,0.035,0.00,0.000,1.7,6.4,1.5,297,38,2.2,6.8,1.4,290,43,2.2,6.8,1.4,290,43,0,28.64,0.6,0,0,0,40.6,45.5,49.1,0.40,0.38,0.40
SPRI,2019-11-08 19:15:00 EST,42.84315,-74.88961,1478,19.5,19.9,19.5,86.3,16.1,0.000,0.035,0.00,0.000,1.3,4.2,0.9,238,59,1.8,4.8,1.1,239,61,1.8,4.8,1.1,239,61,0,28.64,0.5,0,0,0,40.6,45.5,49.1,0.40,0.38,0.40
SPRI,2019-11-08 19:20:00 EST,42.84315,-74.88961,1478,19.4,19.9,19.4,86.8,16.1,0.000,0.035,0.00,0.000,1.6,4.8,1.0,260,49,2.2,7.2,1.3,253,48,2.2,7.2,1.3,253,48,0,28.64,0.6,0,0,0,40.6,45.5,49.1,0.40,0.38,0.40
SPRI,2019-11-08 19:25:00 EST,42.84315,-74.88961,1478,19.5,19.7,19.5,87.4,16.4,0.000,0.035,0.00,0.000,1.1,5.6,1.5,256,28,1.6,7.6,1.8,266,37,1.6,7.6,1.8,266,37,0,28.64,0.6,0,0,0,40.6,45.5,49.1,0.40,0.38,0.40
SPRI,2019-11-08 19:30:00 EST,42.84315,-74.88961,1478,19.2,19.7,19.2,87.5,16.1,0.000,0.035,0.00,0.000,1.1,5.6,1.1,294,30,1.5,9.3,1.4,281,40,1.5,9.3,1.4,281,40,0,28.65,0.5,0,0,0,40.6,45.5,49.1,0.40,0.38,0.40
SPRI,2019-11-08 19:35:00 EST,42.84315,-74.88961,1478,18.9,19.5,18.9,88.4,16.1,0.000,0.035,0.00,0.000,0.6,4.5,0.8,291,37,1.0,4.3,0.9,287,50,1.0,4.3,0.9,287,50,0,28.65,0.6,0,0,0,40.6,45.5,49.1,0.40,0.38,0.40
SPRI,2019-11-08 19:40:00 EST,42.84315,-74.88961,1478,19.0,19.5,19.0,89.3,16.4,0.000,0.035,0.00,0.000,1.6,3.7,1.0,284,26,1.8,4.3,1.0,286,30,1.8,4.3,1.0,286,30,0,28.65,0.6,0,0,0,40.6,45.5,49.1,0.40,0.38,0.40
SPRI,2019-11-08 19:45:00 EST,42.84315,-74.88961,1478,18.9,19.4,18.9,89.5,16.4,0.000,0.035,0.00,0.000,1.3,3.0,0.7,286,24,1.7,4.4,0.9,288,25,1.7,4.4,0.9,288,25,0,28.65,0.6,0,0,0,40.6,45.5,49.1,0.40,0.38,0.40
SPRI,2019-11-08 19:50:00 EST,42.84315,-74.88961,1478,18.6,19.4,18.6,89.8,16.1,0.000,0.035,0.00,0.000,0.3,2.0,0.5,263,18,0.5,3.1,0.8,269,28,0.5,3.1,0.8,269,28,0,28.65,0.7,0,0,0,40.6,45.5,49.1,0.40,0.38,0.40
SPRI,2019-11-08 19:55:00 EST,42.84315,-74.88961,1478,18.7,19.2,18.7,90.2,16.3,0.000,0.035,0.00,0.000,0.3,1.2,0.4,173,22,0.6,2.0,0.6,185,42,0.6,2.0,0.6,185,42,0,28.65,0.5,0,0,0,40.5,45.5,49.1,0.40,0.38,0.40
SPRI,2019-11-08 20:00:00 EST,42.84315,-74.88961,1478,18.5,19.0,18.5,90.9,16.3,0.000,0.035,0.00,0.000,0.8,2.3,0.7,328,41,1.1,3.1,0.7,329,53,1.1,3.1,0.7,329,53,0,28.65,0.6,0,0,0,40.5,45.5,49.1,0.40,0.38,0.40
SPRI,2019-11-08 20:05:00 EST,42.84315,-74.88961,1478,18.0,18.9,18.0,91.1,15.9,0.000,0.035,0.00,0.000,0.3,1.5,0.5,336,17,0.6,2.5,0.7,336,22,0.6,2.5,0.7,336,22,0,28.65,0.7,0,0,0,40.5,45.5,49.1,0.40,0.38,0.40
SPRI,2019-11-08 20:10:00 EST,42.84315,-74.88961,1478,18.1,18.9,18.1,91.3,16.0,0.000,0.035,0.00,0.000,0.5,2.3,0.6,278,20,0.9,3.3,0.8,293,36,0.9,3.3,0.8,293,36,0,28.65,0.6,0,0,0,40.5,45.5,49.1,0.40,0.38,0.40
SPRI,2019-11-08 20:15:00 EST,42.84315,-74.88961,1478,18.0,18.9,18.0,91.8,16.0,0.000,0.035,0.00,0.000,0.6,2.0,0.5,285,15,0.8,2.6,0.7,291,21,0.8,2.6,0.7,291,21,0,28.65,0.5,0,0,0,40.5,45.5,49.1,0.40,0.38,0.40
SPRI,2019-11-08 20:20:00 EST,42.84315,-74.88961,1478,17.6,18.6,17.6,91.9,15.7,0.000,0.035,0.00,0.000,0.2,1.9,0.4,308,9,0.5,2.1,0.6,319,20,0.5,2.1,0.6,319,20,0,28.65,0.5,0,0,0,40.5,45.5,49.1,0.40,0.38,0.40
SPRI,2019-11-08 20:25:00 EST,42.84315,-74.88961,1478,17.3,18.6,17.3,92.1,15.4,0.000,0.035,0.00,0.000,1.0,2.3,0.6,308,36,1.3,3.0,0.7,310,34,1.3,3.0,0.7,310,34,0,28.65,0.7,0,0,0,40.5,45.5,49.1,0.40,0.38,0.40
SPRI,2019-11-08 20:30:00 EST,42.84315,-74.88961,1478,17.6,18.7,17.6,92.5,15.8,0.000,0.035,0.00,0.000,0.5,1.8,0.5,287,24,0.9,2.7,0.6,288,37,0.9,2.7,0.6,288,37,0,28.65,0.7,0,0,0,40.5,45.5,49.1,0.40,0.38,0.40
SPRI,2019-11-08 20:35:00 EST,42.84315,-74.88961,1478,17.8,18.6,17.8,93.3,16.2,0.000,0.035,0.00,0.000,0.4,2.1,0.6,293,12,0.8,3.1,0.7,284,21,0.8,3.1,0.7,284,21,0,28.65,0.6,0,0,0,40.5,45.5,49.1,0.40,0.38,0.40
SPRI,2019-11-08 20:40:00 EST,42.84315,-74.88961,1478,17.8,18.6,17.8,93.5,16.3,0.000,0.035,0.00,0.000,1.3,2.6,0.7,290,17,1.5,3.0,0.6,288,20,1.5,3.0,0.6,288,20,0,28.65,0.6,0,0,0,40.5,45.5,49.1,0.40,0.38,0.40
SPRI,2019-11-08 20:45:00 EST,42.84315,-74.88961,1478,17.5,18.5,17.5,93.6,16.0,0.000,0.035,0.00,0.000,1.0,2.7,0.5,281,21,1.3,3.1,0.6,286,22,1.3,3.1,0.6,286,22,0,28.65,0.6,0,0,0,40.5,45.5,49.1,0.40,0.38,0.40
SPRI,2019-11-08 20:50:00 EST,42.84315,-74.88961,1478,17.5,18.6,17.5,93.9,16.0,0.000,0.035,0.00,0.000,1.3,4.5,1.1,285,21,1.5,4.8,1.2,289,22,1.5,4.8,1.2,289,22,0,28.65,0.7,0,0,0,40.5,45.5,49.1,0.40,0.38,0.40
SPRI,2019-11-08 20:55:00 EST,42.84315,-74.88961,1478,17.7,18.6,17.7,94.2,16.3,0.000,0.035,0.00,0.000,1.2,4.5,1.2,297,25,1.4,4.5,1.2,299,22,1.4,4.5,1.2,299,22,0,28.65,0.7,0,0,0,40.5,45.5,49.1,0.40,0.38,0.40
SPRI,2019-11-08 21:00:00 EST,42.84315,-74.88961,1478,18.2,18.8,18.2,94.5,16.9,0.000,0.035,0.00,0.000,0.6,2.2,0.6,307,47,1.1,3.0,0.7,282,57,1.1,3.0,0.7,282,57,0,28.65,0.6,0,0,0,40.3,45.5,49.1,0.40,0.38,0.40
SPRI,2019-11-08 21:05:00 EST,42.84315,-74.88961,1478,18.0,18.8,18.0,94.6,16.7,0.000,0.035,0.00,0.000,1.3,4.0,0.8,248,22,1.6,5.0,1.0,246,26,1.6,5.0,1.0,246,26,0,28.66,0.8,0,0,0,40.3,45.5,49.1,0.40,0.38,0.40
SPRI,2019-11-08 21:10:00 EST,42.84315,-74.88961,1478,18.4,19.0,18.4,94.6,17.1,0.000,0.035,0.00,0.000,1.4,4.2,1.0,235,22,1.6,6.1,1.0,233,25,1.6,6.1,1.0,233,25,0,28.66,0.7,0,0,0,40.3,45.5,49.1,0.40,0.38,0.40
SPRI,2019-11-08 21:15:00 EST,42.84315,-74.88961,1478,18.1,19.0,18.1,94.4,16.8,0.000,0.035,0.00,0.000,2.0,3.5,0.6,245,16,2.2,4.1,0.7,244,18,2.2,4.1,0.7,244,18,0,28.66,0.6,0,0,0,40.3,45.5,49.1,0.40,0.38,0.40
SPRI,2019-11-08 21:20:00 EST,42.84315,-74.88961,1478,18.6,19.5,18.6,94.5,17.3,0.000,0.035,0.00,0.000,2.3,3.5,0.6,251,25,2.3,3.7,0.7,249,26,2.3,3.7,0.7,249,26,0,28.66,0.6,0,0,0,40.3,45.5,49.0,0.40,0.38,0.40
SPRI,2019-11-08 21:25:00 EST,42.84315,-74.88961,1478,18.8,19.6,18.8,94.4,17.5,0.000,0.035,0.00,0.000,2.1,4.7,0.9,264,28,2.3,4.7,0.9,268,28,2.3,4.7,0.9,268,28,0,28.66,0.7,0,0,0,40.3,45.5,48.8,0.40,0.38,0.40
SPRI,2019-11-08 21:30:00 EST,42.84315,-74.88961,1478,19.2,19.7,14.0,94.4,17.8,0.000,0.035,0.00,0.000,3.2,5.9,1.0,267,37,3.5,7.4,1.3,267,37,3.5,7.4,1.3,267,37,0,28.66,0.7,0,0,0,40.3,45.5,48.8,0.40,0.38,0.40
SPRI,2019-11-08 21:35:00 EST,42.84315,-74.88961,1478,19.4,20.0,19.4,93.8,17.9,0.000,0.035,0.00,0.000,2.5,5.9,1.1,253,29,2.7,6.8,1.0,254,32,2.7,6.8,1.0,254,32,0,28.66,0.7,0,0,0,40.3,45.5,49.0,0.40,0.38,0.40
SPRI,2019-11-08 21:40:00 EST,42.84315,-74.88961,1478,19.3,19.7,19.3,93.2,17.6,0.000,0.035,0.00,0.000,1.2,3.2,0.9,254,40,1.5,3.6,0.9,253,40,1.5,3.6,0.9,253,40,0,28.66,0.7,0,0,0,40.3,45.5,48.7,0.40,0.38,0.40
SPRI,2019-11-08 21:45:00 EST,42.84315,-74.88961,1478,19.2,19.7,19.2,93.0,17.5,0.000,0.035,0.00,0.000,1.7,4.2,1.0,246,23,2.0,5.0,1.2,247,26,2.0,5.0,1.2,247,26,0,28.66,0.7,0,0,0,40.2,45.5,48.9,0.40,0.38,0.40
SPRI,2019-11-08 21:50:00 EST,42.84315,-74.88961,1478,18.6,19.4,18.6,92.4,16.7,0.000,0.035,0.00,0.000,2.0,5.3,1.1,238,27,2.3,6.5,1.2,235,30,2.3,6.5,1.2,235,30,0,28.66,0.7,0,0,0,40.1,45.5,48.7,0.40,0.38,0.40
SPRI,2019-11-08 21:55:00 EST,42.84315,-74.88961,1478,19.0,19.7,19.0,92.9,17.3,0.000,0.035,0.00,0.000,2.5,4.5,0.8,249,21,2.7,5.0,0.8,250,23,2.7,5.0,0.8,250,23,0,28.66,0.6,0,0,0,40.1,45.5,48.7,0.40,0.38,0.40
SPRI,2019-11-08 22:00:00 EST,42.84315,-74.88961,1478,18.8,19.7,18.8,92.6,17.0,0.000,0.035,0.00,0.000,2.6,5.3,1.4,254,34,3.0,6.5,1.4,257,38,3.0,6.5,1.4,257,38,0,28.66,0.6,0,0,0,40.1,45.5,48.7,0.40,0.38,0.40
SPRI,2019-11-08 22:05:00 EST,42.84315,-74.88961,1478,18.9,19.9,14.0,92.6,17.1,0.000,0.035,0.00,0.000,3.0,6.6,1.3,250,19,3.3,6.9,1.4,248,20,3.3,6.9,1.4,248,20,0,28.66,0.6,0,0,0,40.1,45.5,48.7,0.40,0.38,0.40
SPRI,2019-11-08 22:10:00 EST,42.84315,-74.88961,1478,18.7,19.4,18.7,92.1,16.8,0.000,0.035,0.00,0.000,2.5,4.6,0.8,252,21,2.8,5.4,1.0,249,21,2.8,5.4,1.0,249,21,0,28.66,0.6,0,0,0,40.1,45.5,48.7,0.40,0.38,0.40
SPRI,2019-11-08 22:15:00 EST,42.84315,-74.88961,1478,19.0,19.8,14.4,92.4,17.2,0.000,0.035,0.00,0.000,2.9,4.8,0.7,266,15,3.1,5.7,0.8,264,15,3.1,5.7,0.8,264,15,0,28.66,0.6,0,0,0,40.1,45.5,48.7,0.40,0.38,0.40
SPRI,2019-11-08 22:20:00 EST,42.84315,-74.88961,1478,19.0,19.9,14.5,92.2,17.1,0.000,0.035,0.00,0.000,2.9,6.1,1.3,271,17,3.0,6.6,1.4,270,17,3.0,6.6,1.4,270,17,0,28.66,0.6,0,0,0,40.1,45.5,48.7,0.40,0.38,0.40
SPRI,2019-11-08 22:25:00 EST,42.84315,-74.88961,1478,19.0,19.9,19.0,92.2,17.1,0.000,0.035,0.00,0.000,2.3,3.9,0.6,263,20,2.5,4.9,0.7,261,21,2.5,4.9,0.7,261,21,0,28.66,0.6,0,0,0,40.1,45.5,48.7,0.40,0.38,0.40
SPRI,2019-11-08 22:30:00 EST,42.84315,-74.88961,1478,18.9,20.0,14.1,92.2,17.0,0.000,0.035,0.00,0.000,3.0,6.4,1.2,262,22,3.3,7.4,1.4,262,22,3.3,7.4,1.4,262,22,0,28.66,0.6,0,0,0,40.1,45.5,48.7,0.40,0.38,0.40
SPRI,2019-11-08 22:35:00 EST,42.84315,-74.88961,1478,18.7,19.8,18.7,92.0,16.7,0.000,0.035,0.00,0.000,2.2,5.4,0.9,269,28,2.6,6.3,1.0,270,29,2.6,6.3,1.0,270,29,0,28.66,0.7,0,0,0,40.1,45.5,48.7,0.40,0.38,0.40
SPRI,2019-11-08 22:40:00 EST,42.84315,-74.88961,1478,18.9,19.9,18.9,92.3,17.1,0.000,0.035,0.00,0.000,2.4,5.0,1.0,262,20,2.8,6.7,1.2,263,22,2.8,6.7,1.2,263,22,0,28.66,0.6,0,0,0,39.9,45.5,48.7,0.40,0.38,0.40
SPRI,2019-11-08 22:45:00 EST,42.84315,-74.88961,1478,19.0,19.8,19.0,92.3,17.1,0.000,0.035,0.00,0.000,1.7,3.9,1.1,277,29,2.3,4.8,1.2,270,36,2.3,4.8,1.2,270,36,0,28.66,0.6,0,0,0,39.9,45.5,48.7,0.40,0.38,0.40
SPRI,2019-11-08 22:50:00 EST,42.84315,-74.88961,1478,19.2,19.8,19.2,92.6,17.4,0.000,0.035,0.00,0.000,2.6,5.9,1.6,276,27,2.9,6.2,1.5,275,26,2.9,6.2,1.5,275,26,0,28.66,0.6,0,0,0,39.9,45.5,48.7,0.40,0.38,0.40
SPRI,2019-11-08 22:55:00 EST,42.84315,-74.88961,1478,19.2,19.8,19.2,92.3,17.3,0.000,0.035,0.00,0.000,2.2,5.6,1.4,269,29,2.6,8.1,1.6,267,31,2.6,8.1,1.6,267,31,0,28.65,0.6,0,0,0,39.9,45.5,48.7,0.40,0.38,0.40
SPRI,2019-11-08 23:00:00 EST,42.84315,-74.88961,1478,19.1,19.8,14.7,92.1,17.2,0.000,0.035,0.00,0.000,2.6,5.9,1.3,273,30,3.0,7.7,1.6,275,32,3.0,7.7,1.6,275,32,0,28.66,0.7,0,0,0,39.9,45.5,48.7,0.40,0.38,0.40
SPRI,2019-11-08 23:05:00 EST,42.84315,-74.88961,1478,19.0,19.8,19.0,91.6,17.0,0.000,0.035,0.00,0.000,2.2,6.5,1.4,275,29,2.5,6.9,1.4,272,31,2.5,6.9,1.4,272,31,0,28.65,0.6,0,0,0,39.9,45.5,48.7,0.40,0.38,0.40
SPRI,2019-11-08 23:10:00 EST,42.84315,-74.88961,1478,19.4,19.9,19.4,91.8,17.4,0.000,0.035,0.00,0.000,2.0,6.0,1.1,279,34,2.5,7.1,1.1,278,37,2.5,7.1,1.1,278,37,0,28.65,0.6,0,0,0,39.9,45.5,48.7,0.40,0.38,0.40
SPRI,2019-11-08 23:15:00 EST,42.84315,-74.88961,1478,19.3,20.0,14.9,91.4,17.3,0.000,0.035,0.00,0.000,2.7,6.1,1.2,266,25,3.1,7.4,1.2,268,26,3.1,7.4,1.2,268,26,0,28.65,0.6,0,0,0,39.9,45.5,48.7,0.40,0.38,0.40
SPRI,2019-11-08 23:20:00 EST,42.84315,-74.88961,1478,19.2,19.8,19.2,91.3,17.1,0.000,0.035,0.00,0.000,2.3,4.6,1.0,279,26,2.6,6.4,1.2,278,26,2.6,6.4,1.2,278,26,0,28.65,0.6,0,0,0,39.9,45.5,48.7,0.40,0.38,0.40
SPRI,2019-11-08 23:25:00 EST,42.84315,-74.88961,1478,19.1,19.7,19.1,91.4,17.0,0.000,0.035,0.00,0.000,2.3,5.5,1.1,273,26,2.7,6.6,1.4,275,27,2.7,6.6,1.4,275,27,0,28.65,0.5,0,0,0,39.9,45.5,48.7,0.40,0.38,0.40
SPRI,2019-11-08 23:30:00 EST,42.84315,-74.88961,1478,19.0,19.7,13.5,91.9,17.1,0.000,0.035,0.00,0.000,3.4,6.9,1.3,276,22,3.7,9.1,1.4,276,23,3.7,9.1,1.4,276,23,0,28.66,0.6,0,0,0,39.9,45.5,48.7,0.40,0.38,0.40
SPRI,2019-11-08 23:35:00 EST,42.84315,-74.88961,1478,18.7,19.5,18.7,91.6,16.7,0.000,0.035,0.00,0.000,1.9,4.4,0.7,273,14,2.1,5.7,0.9,275,17,2.1,5.7,0.9,275,17,0,28.66,0.6,0,0,0,39.9,45.5,48.7,0.40,0.38,0.40
SPRI,2019-11-08 23:40:00 EST,42.84315,-74.88961,1478,18.6,19.4,18.6,91.8,16.6,0.000,0.035,0.00,0.000,1.9,3.8,0.7,280,22,2.1,4.7,0.8,279,24,2.1,4.7,0.8,279,24,0,28.66,0.6,0,0,0,39.8,45.5,48.7,0.40,0.38,0.40
SPRI,2019-11-08 23:45:00 EST,42.84315,-74.88961,1478,18.3,19.2,18.3,92.1,16.4,0.000,0.035,0.00,0.000,2.5,5.8,1.3,269,24,3.0,6.8,1.5,268,24,3.0,6.8,1.5,268,24,0,28.66,0.6,0,0,0,39.7,45.5,48.7,0.40,0.38,0.40
SPRI,2019-11-08 23:50:00 EST,42.84315,-74.88961,1478,18.5,19.3,18.5,92.2,16.6,0.000,0.035,0.00,0.000,1.9,6.3,1.3,266,16,2.3,8.1,1.5,269,24,2.3,8.1,1.5,269,24,0,28.66,0.6,0,0,0,39.7,45.5,48.7,0.40,0.38,0.40
SPRI,2019-11-08 23:55:00 EST,42.84315,-74.88961,1478,18.3,19.0,18.3,92.0,16.4,0.000,0.035,0.00,0.000,1.6,3.7,0.9,265,18,1.8,4.1,0.9,262,20,1.8,4.1,0.9,262,20,0,28.66,0.6,0,0,0,39.7,45.5,48.7,0.40,0.38,0.40
STAT,2019-11-08 00:00:00 EST,40.60402,-74.14850,109,40.7,40.7,33.2,68.2,31.0,0.000,0.089,0.00,0.000,12.4,19.8,3.3,334,19,13.5,21.6,3.3,335,16,13.5,21.6,3.3,335,16,0,29.90,-0.0,,,,,,,,,
STAT,2019-11-08 00:05:00 EST,40.60402,-74.14850,109,40.5,40.5,32.5,67.4,30.6,0.000,0.000,0.00,0.000,13.4,21.0,2.8,331,22,14.9,23.9,3.3,333,17,14.9,23.9,3.3,333,17,0,29.90,-0.0,,,,,,,,,
STAT,2019-11-08 00:10:00 EST,40.60402,-74.14850,109,40.4,40.4,32.6,67.8,30.6,0.000,0.000,0.00,0.000,13.0,22.3,3.7,333,21,14.1,26.0,4.1,335,17,14.1,26.0,4.1,335,17,0,29.90,-0.0,,,,,,,,,
STAT,2019-11-08 00:15:00 EST,40.60402,-74.14850,109,40.3,40.2,31.9,68.1,30.6,0.000,0.000,0.00,0.000,15.2,24.4,4.1,326,15,16.0,24.5,4.1,326,12,16.0,24.5,4.1,326,12,0,29.90,-0.0,,,,,,,,,
STAT,2019-11-08 00:20:00 EST,40.60402,-74.14850,109,40.2,40.1,32.3,68.6,30.7,0.000,0.000,0.00,0.000,12.9,22.5,4.4,344,17,14.3,24.8,4.7,345,14,14.3,24.8,4.7,345,14,0,29.90,-0.0,,,,,,,,,
STAT,2019-11-08 00:25:00 EST,40.60402,-74.14850,109,40.1,40.0,32.2,68.9,30.7,0.000,0.000,0.00,0.000,12.8,18.6,2.4,347,16,14.2,19.9,2.7,348,14,14.2,19.9,2.7,348,14,0,29.90,-0.1,,,,,,,,,
STAT,2019-11-08 00:30:00 EST,40.60402,-74.14850,109,40.0,40.0,33.2,69.8,30.9,0.000,0.000,0.00,0.000,9.9,15.1,2.6,340,23,11.0,18.2,3.0,344,15,11.0,18.2,3.0,344,15,0,29.90,-0.1,,,,,,,,,
STAT,2019-11-08 00:35:00 EST,40.60402,-74.14850,109,40.0,39.9,32.6,70.1,31.0,0.000,0.000,0.00,0.000,11.9,17.5,2.6,327,17,12.7,19.2,2.5,329,16,12.7,19.2,2.5,329,16,0,29.90,-0.0,,,,,,,,,
STAT,2019-11-08 00:40:00 EST,40.60402,-74.14850,109,39.9,39.8,32.9,69.7,30.7,0.000,0.000,0.00,0.000,10.4,17.9,3.1,340,18,11.5,21.0,3.3,342,14,11.5,21.0,3.3,342,14,0,29.91,-0.0,,,,,,,,,
STAT,2019-11-08 00:45:00 EST,40.60402,-74.14850,109,39.7,39.6,31.5,68.5,30.2,0.000,0.000,0.00,0.000,13.8,20.8,2.7,324,19,14.6,21.5,2.8,326,13,14.6,21.5,2.8,326,13,0,29.90,-0.0,,,,,,,,,
STAT,2019-11-08 00:50:00 EST,40.60402,-74.14850,109,39.5,39.5,31.6,65.2,28.8,0.000,0.000,0.00,0.000,13.0,21.0,3.5,323,16,13.8,22.3,3.7,325,15,13.8,22.3,3.7,325,15,0,29.91,-0.1,,,,,,,,,
STAT,2019-11-08 00:55:00 EST,40.60402,-74.14850,109,39.3,39.3,31.6,61.5,27.2,0.000,0.000,0.00,0.000,12.3,19.6,3.6,328,16,13.2,23.6,3.9,329,14,13.2,23.6,3.9,329,14,0,29.91,-0.1,,,,,,,,,
STAT,2019-11-08 01:00:00 EST,40.60402,-74.14850,109,39.2,39.2,30.4,56.5,25.0,0.000,0.000,0.00,0.000,15.4,23.8,3.5,330,16,16.4,26.1,3.8,332,15,16.4,26.1,3.8,332,15,0,29.91,-0.2,,,,,,,,,
STAT,2019-11-08 01:05:00 EST,40.60402,-74.14850,109,39.1,39.0,31.0,56.1,24.7,0.000,0.000,0.00,0.000,12.9,22.3,3.3,339,15,13.9,24.2,3.5,341,13,13.9,24.2,3.5,341,13,0,29.91,-0.2,,,,,,,,,
STAT,2019-11-08 01:10:00 EST,40.60402,-74.14850,109,38.9,38.9,31.6,57.2,25.0,0.000,0.000,0.00,0.000,10.4,16.1,2.4,333,14,11.5,18.2,2.5,334,14,11.5,18.2,2.5,334,14,0,29.92,-0.2,,,,,,,,,
STAT,2019-11-08 01:15:00 EST,40.60402,-74.14850,109,38.7,38.7,30.2,56.9,24.7,0.000,0.000,0.00,0.000,14.0,23.2,3.5,326,16,14.7,24.9,3.8,326,12,14.7,24.9,3.8,326,12,0,29.92,-0.1,,,,,,,,,
STAT,2019-11-08 01:20:00 EST,40.60402,-74.14850,109,38.5,38.5,29.8,53.5,23.0,0.000,0.000,0.00,0.000,14.7,22.3,3.8,319,15,15.3,24.4,4.0,320,11,15.3,24.4,4.0,320,11,0,29.92,-0.2,,,,,,,,,
STAT,2019-11-08 01:25:00 EST,40.60402,-74.14850,109,38.3,38.3,30.1,52.9,22.6,0.000,0.000,0.00,0.000,13.1,19.4,2.8,324,10,13.8,22.5,3.1,325,12,13.8,22.5,3.1,325,12,0,29.92,-0.3,,,,,,,,,
STAT,2019-11-08 01:30:00 EST,40.60402,-74.14850,109,38.2,38.2,31.4,54.3,23.1,0.000,0.000,0.00,0.000,9.3,15.6,2.7,323,21,10.0,15.8,2.5,323,17,10.0,15.8,2.5,323,17,0,29.92,-0.2,,,,,,,,,
STAT,2019-11-08 01:35:00 EST,40.60402,-74.14850,109,38.1,38.1,30.5,55.3,23.5,0.000,0.000,0.00,0.000,10.7,18.1,3.6,320,17,11.7,18.8,3.5,320,17,11.7,18.8,3.5,320,17,0,29.92,-0.3,,,,,,,,,
STAT,2019-11-08 01:40:00 EST,40.60402,-74.14850,109,38.0,38.0,30.2,55.6,23.5,0.000,0.000,0.00,0.000,11.6,21.6,3.4,325,14,12.2,21.4,3.5,328,12,12.2,21.4,3.5,328,12,0,29.93,-0.3,,,,,,,,,
STAT,2019-11-08 01:45:00 EST,40.60402,-74.14850,109,37.9,37.9,29.7,55.3,23.2,0.000,0.000,0.00,0.000,12.6,23.3,3.7,324,13,13.2,23.5,3.7,324,12,13.2,23.5,3.7,324,12,0,29.93,-0.1,,,,,,,,,
STAT,2019-11-08 01:50:00 EST,40.60402,-74.14850,109,37.7,37.7,30.1,55.8,23.3,0.000,0.000,0.00,0.000,10.7,20.3,3.7,326,16,11.5,21.7,3.9,325,15,11.5,21.7,3.9,325,15,0,29.93,-0.2,,,,,,,,,
STAT,2019-11-08 01:55:00 EST,40.60402,-74.14850,109,37.6,37.6,29.1,55.9,23.2,0.000,0.000,0.00,0.000,13.4,21.0,3.0,326,10,14.0,22.5,3.1,327,11,14.0,22.5,3.1,327,11,0,29.93,-0.2,,,,,,,,,
STAT,2019-11-08 02:00:00 EST,40.60402,-74.14850,109,37.5,37.5,30.1,56.5,23.4,0.000,0.000,0.00,0.000,9.8,15.3,2.7,330,18,10.8,17.7,2.8,330,17,10.8,17.7,2.8,330,17,0,29.93,-0.0,,,,,,,,,
STAT,2019-11-08 02:05:00 EST,40.60402,-74.14850,109,37.3,37.3,29.8,57.3,23.6,0.000,0.000,0.00,0.000,10.6,20.5,3.5,321,12,11.0,20.5,3.5,323,11,11.0,20.5,3.5,323,11,0,29.93,-0.2,,,,,,,,,
STAT,2019-11-08 02:10:00 EST,40.60402,-74.14850,109,37.2,37.2,29.3,57.3,23.5,0.000,0.000,0.00,0.000,11.3,20.6,2.7,326,16,12.0,21.9,3.2,328,15,12.0,21.9,3.2,328,15,0,29.93,-0.2,,,,,,,,,
STAT,2019-11-08 02:15:00 EST,40.60402,-74.14850,109,37.1,37.1,29.2,56.6,23.1,0.000,0.000,0.00,0.000,11.4,20.3,3.7,328,17,12.0,22.0,4.1,331,11,12.0,22.0,4.1,331,11,0,29.93,-0.2,,,,,,,,,
STAT,2019-11-08 02:20:00 EST,40.60402,-74.14850,109,36.9,36.9,30.2,58.1,23.5,0.000,0.000,0.00,0.000,8.7,14.0,2.0,326,17,9.2,14.2,2.2,328,16,9.2,14.2,2.2,328,16,0,29.93,-0.1,,,,,,,,,
STAT,2019-11-08 02:25:00 EST,40.60402,-74.14850,109,36.8,36.8,29.0,58.2,23.5,0.000,0.000,0.00,0.000,10.9,16.2,2.5,330,11,11.7,17.6,3.0,332,11,11.7,17.6,3.0,332,11,0,29.93,-0.2,,,,,,,,,
STAT,2019-11-08 02:30:00 EST,40.60402,-74.14850,109,36.6,36.6,28.9,58.3,23.4,0.000,0.000,0.00,0.000,10.9,15.7,1.8,330,13,11.5,17.5,2.0,332,12,11.5,17.5,2.0,332,12,0,29.93,-0.2,,,,,,,,,
STAT,2019-11-08 02:35:00 EST,40.60402,-74.14850,109,36.5,36.5,28.8,57.9,23.1,0.000,0.000,0.00,0.000,10.7,20.5,4.3,323,13,11.2,21.0,4.1,325,14,11.2,21.0,4.1,325,14,0,29.93,-0.3,,,,,,,,,
STAT,2019-11-08 02:40:00 EST,40.60402,-74.14850,109,36.4,36.4,28.0,57.1,22.7,0.000,0.000,0.00,0.000,11.9,18.8,2.6,324,13,12.8,22.3,2.8,327,12,12.8,22.3,2.8,327,12,0,29.93,-0.1,,,,,,,,,
STAT,2019-11-08 02:45:00 EST,40.60402,-74.14850,109,36.3,36.3,28.5,57.2,22.6,0.000,0.000,0.00,0.000,10.8,15.6,2.1,326,15,11.3,17.4,2.2,328,13,11.3,17.4,2.2,328,13,0,29.93,-0.3,,,,,,,,,
STAT,2019-11-08 02:50:00 EST,40.60402,-74.14850,109,36.2,36.2,28.7,58.1,22.9,0.000,0.000,0.00,0.000,10.1,15.8,2.0,322,10,10.6,16.3,2.1,324,10,10.6,16.3,2.1,324,10,0,29.93,-0.3,,,,,,,,,
STAT,2019-11-08 02:55:00 EST,40.60402,-74.14850,109,36.0,36.0,29.4,58.9,23.1,0.000,0.000,0.00,0.000,8.2,13.7,2.5,329,14,8.7,15.5,2.7,331,14,8.7,15.5,2.7,331,14,0,29.93,-0.2,,,,,,,,,
STAT,2019-11-08 03:00:00 EST,40.60402,-74.14850,109,35.9,35.9,28.8,59.3,23.1,0.000,0.000,0.00,0.000,8.9,13.4,1.7,322,14,9.6,13.3,1.8,325,14,9.6,13.3,1.8,325,14,0,29.93,-0.4,,,,,,,,,
STAT,2019-11-08 03:05:00 EST,40.60402,-74.14850,109,35.8,35.8,28.5,58.7,22.8,0.000,0.000,0.00,0.000,9.4,14.8,2.1,325,12,9.8,15.1,2.1,328,12,9.8,15.1,2.1,328,12,0,29.93,-0.2,,,,,,,,,
STAT,2019-11-08 03:10:00 EST,40.60402,-74.14850,109,35.8,35.8,28.4,58.1,22.4,0.000,0.000,0.00,0.000,9.4,13.5,2.4,327,13,10.0,16.4,2.5,328,13,10.0,16.4,2.5,328,13,0,29.93,-0.2,,,,,,,,,
STAT,2019-11-08 03:15:00 EST,40.60402,-74.14850,109,35.7,35.7,28.1,57.5,22.1,0.000,0.000,0.00,0.000,9.7,17.3,2.8,321,14,10.4,18.8,2.7,323,13,10.4,18.8,2.7,323,13,0,29.93,-0.2,,,,,,,,,
STAT,2019-11-08 03:20:00 EST,40.60402,-74.14850,109,35.7,35.7,27.9,55.8,21.4,0.000,0.000,0.00,0.000,10.3,15.4,2.1,324,14,10.7,18.0,2.3,326,13,10.7,18.0,2.3,326,13,0,29.92,-0.2,,,,,,,,,
STAT,2019-11-08 03:25:00 EST,40.60402,-74.14850,109,35.7,35.7,28.0,54.9,21.0,0.000,0.000,0.00,0.000,9.9,15.1,1.9,334,16,10.5,16.1,2.2,334,14,10.5,16.1,2.2,334,14,0,29.92,-0.2,,,,,,,,,
STAT,2019-11-08 03:30:00 EST,40.60402,-74.14850,109,35.6,35.6,27.6,54.7,20.9,0.000,0.000,0.00,0.000,10.6,15.8,2.6,338,16,11.3,17.7,2.7,339,13,11.3,17.7,2.7,339,13,0,29.92,-0.2,,,,,,,,,
STAT,2019-11-08 03:35:00 EST,40.60402,-74.14850,109,35.6,35.6,28.5,54.3,20.7,0.000,0.000,0.00,0.000,8.5,16.0,3.0,334,15,9.3,17.7,3.4,336,14,9.3,17.7,3.4,336,14,0,29.92,-0.2,,,,,,,,,
STAT,2019-11-08 03:40:00 EST,40.60402,-74.14850,109,35.4,35.5,27.4,54.8,20.8,0.000,0.000,0.00,0.000,10.7,19.1,3.1,332,11,11.3,20.5,3.3,334,10,11.3,20.5,3.3,334,10,0,29.92,-0.2,,,,,,,,,
STAT,2019-11-08 03:45:00 EST,40.60402,-74.14850,109,35.3,35.3,28.3,55.0,20.7,0.000,0.000,0.00,0.000,8.4,15.3,2.3,326,11,8.9,16.7,2.3,328,12,8.9,16.7,2.3,328,12,0,29.92,-0.2,,,,,,,,,
STAT,2019-11-08 03:50:00 EST,40.60402,-74.14850,109,35.4,35.4,27.2,53.0,19.9,0.000,0.000,0.00,0.000,10.5,18.0,3.3,348,23,11.6,20.1,3.5,349,16,11.6,20.1,3.5,349,16,0,29.92,-0.2,,,,,,,,,
STAT,2019-11-08 03:55:00 EST,40.60402,-74.14850,109,35.4,35.4,27.5,50.5,18.8,0.000,0.000,0.00,0.000,9.7,16.6,3.1,348,22,10.9,20.3,3.4,351,14,10.9,20.3,3.4,351,14,0,29.92,-0.2,,,,,,,,,
STAT,2019-11-08 04:00:00 EST,40.60402,-74.14850,109,35.3,35.3,26.1,48.2,17.6,0.000,0.000,0.00,0.000,12.6,21.4,3.6,347,18,14.1,23.1,4.1,348,14,14.1,23.1,4.1,348,14,0,29.93,-0.2,,,,,,,,,
STAT,2019-11-08 04:05:00 EST,40.60402,-74.14850,109,35.1,35.1,28.1,47.3,17.0,0.000,0.000,0.00,0.000,7.9,12.3,2.2,344,22,8.8,15.6,2.4,342,16,8.8,15.6,2.4,342,16,0,29.93,-0.2,,,,,,,,,
STAT,2019-11-08 04:10:00 EST,40.60402,-74.14850,109,34.9,34.9,26.3,47.7,17.0,0.000,0.000,0.00,0.000,11.3,19.8,3.3,336,18,12.4,20.7,3.5,338,15,12.4,20.7,3.5,338,15,0,29.93,-0.2,,,,,,,,,
STAT,2019-11-08 04:15:00 EST,40.60402,-74.14850,109,34.8,34.8,26.6,47.4,16.8,0.000,0.000,0.00,0.000,10.5,17.2,2.7,334,24,11.4,18.2,2.9,336,19,11.4,18.2,2.9,336,19,0,29.94,-0.2,,,,,,,,,
STAT,2019-11-08 04:20:00 EST,40.60402,-74.14850,109,34.7,34.7,26.3,48.4,17.2,0.000,0.000,0.00,0.000,10.8,17.9,2.6,330,21,11.7,22.3,3.0,333,18,11.7,22.3,3.0,333,18,0,29.94,-0.2,,,,,,,,,
STAT,2019-11-08 04:25:00 EST,40.60402,-74.14850,109,34.6,34.6,26.4,48.9,17.3,0.000,0.000,0.00,0.000,10.6,15.5,2.1,326,15,11.1,17.9,2.2,327,14,11.1,17.9,2.2,327,14,0,29.94,-0.4,,,,,,,,,
STAT,2019-11-08 04:30:00 EST,40.60402,-74.14850,109,34.5,34.5,26.1,49.3,17.5,0.000,0.000,0.00,0.000,11.0,15.6,2.1,332,18,11.7,16.7,2.4,333,14,11.7,16.7,2.4,333,14,0,29.95,-0.2,,,,,,,,,
STAT,2019-11-08 04:35:00 EST,40.60402,-74.14850,109,34.4,34.4,26.9,50.3,17.8,0.000,0.000,0.00,0.000,9.2,12.3,1.7,324,10,9.5,13.1,1.7,325,9,9.5,13.1,1.7,325,9,0,29.96,-0.2,,,,,,,,,
STAT,2019-11-08 04:40:00 EST,40.60402,-74.14850,109,34.3,34.4,28.1,51.7,18.4,0.000,0.000,0.00,0.000,6.9,12.7,3.2,315,16,7.4,13.3,3.2,315,17,7.4,13.3,3.2,315,17,0,29.96,-0.3,,,,,,,,,
STAT,2019-11-08 04:45:00 EST,40.60402,-74.14850,109,34.1,34.2,28.1,54.4,19.3,0.000,0.000,0.00,0.000,6.1,11.0,2.3,320,19,6.8,11.7,2.3,319,18,6.8,11.7,2.3,319,18,0,29.96,-0.3,,,,,,,,,
STAT,2019-11-08 04:50:00 EST,40.60402,-74.14850,109,33.9,33.9,28.5,56.6,20.1,0.000,0.000,0.00,0.000,5.7,11.8,2.5,320,19,6.0,11.9,2.6,322,16,6.0,11.9,2.6,322,16,0,29.96,-0.2,,,,,,,,,
STAT,2019-11-08 04:55:00 EST,40.60402,-74.14850,109,33.7,33.8,28.2,57.4,20.3,0.000,0.000,0.00,0.000,5.3,9.9,2.0,312,25,6.1,10.5,2.1,310,22,6.1,10.5,2.1,310,22,0,29.96,-0.3,,,,,,,,,
STAT,2019-11-08 05:00:00 EST,40.60402,-74.14850,109,33.7,33.8,27.8,57.0,20.1,0.000,0.000,0.00,0.000,6.1,11.2,2.1,324,14,6.6,12.1,2.2,323,15,6.6,12.1,2.2,323,15,0,29.96,-0.2,,,,,,,,,
STAT,2019-11-08 05:05:00 EST,40.60402,-74.14850,109,33.5,33.6,28.4,57.6,20.1,0.000,0.000,0.00,0.000,4.6,7.6,1.5,311,18,5.5,9.3,1.7,309,17,5.5,9.3,1.7,309,17,0,29.96,-0.2,,,,,,,,,
STAT,2019-11-08 05:10:00 EST,40.60402,-74.14850,109,33.3,33.4,28.0,59.2,20.6,0.000,0.000,0.00,0.000,4.9,8.0,1.6,305,18,5.7,8.7,1.8,303,15,5.7,8.7,1.8,303,15,0,29.96,-0.2,,,,,,,,,
STAT,2019-11-08 05:15:00 EST,40.60402,-74.14850,109,33.3,33.4,28.3,57.9,20.1,0.000,0.000,0.00,0.000,4.7,9.8,2.0,318,18,5.4,10.9,2.1,319,21,5.4,10.9,2.1,319,21,0,29.96,-0.2,,,,,,,,,
STAT,2019-11-08 05:20:00 EST,40.60402,-74.14850,109,33.1,33.3,27.4,57.8,19.9,0.000,0.000,0.00,0.000,5.6,10.8,2.3,305,17,6.3,11.0,2.4,307,16,6.3,11.0,2.4,307,16,0,29.97,-0.2,,,,,,,,,
STAT,2019-11-08 05:25:00 EST,40.60402,-74.14850,109,33.2,33.4,27.5,57.1,19.7,0.000,0.000,0.00,0.000,5.6,10.4,2.2,320,16,6.2,11.8,2.3,320,15,6.2,11.8,2.3,320,15,0,29.97,-0.2,,,,,,,,,
STAT,2019-11-08 05:30:00 EST,40.60402,-74.14850,109,32.9,33.1,27.5,58.9,20.1,0.000,0.000,0.00,0.000,5.1,8.2,1.7,297,13,5.7,8.9,1.7,297,12,5.7,8.9,1.7,297,12,0,29.97,-0.4,,,,,,,,,
STAT,2019-11-08 05:35:00 EST,40.60402,-74.14850,109,32.9,33.1,26.4,60.0,20.5,0.000,0.000,0.00,0.000,6.5,10.1,1.6,308,14,7.2,11.6,1.7,307,14,7.2,11.6,1.7,307,14,0,29.97,-0.1,,,,,,,,,
STAT,2019-11-08 05:40:00 EST,40.60402,-74.14850,109,32.9,33.0,26.5,59.0,20.1,0.000,0.000,0.00,0.000,6.5,10.0,1.6,321,18,7.1,11.9,1.9,322,19,7.1,11.9,1.9,322,19,0,29.97,-0.2,,,,,,,,,
STAT,2019-11-08 05:45:00 EST,40.60402,-74.14850,109,32.9,33.0,26.8,58.5,19.9,0.000,0.000,0.00,0.000,6.0,12.1,2.2,320,17,6.6,10.8,2.2,318,18,6.6,10.8,2.2,318,18,0,29.97,-0.5,,,,,,,,,
STAT,2019-11-08 05:50:00 EST,40.60402,-74.14850,109,32.9,33.0,27.3,58.3,19.8,0.000,0.000,0.00,0.000,5.5,10.9,2.2,319,18,6.0,12.0,2.3,321,17,6.0,12.0,2.3,321,17,0,29.98,-0.3,,,,,,,,,
STAT,2019-11-08 05:55:00 EST,40.60402,-74.14850,109,32.6,32.8,26.1,59.8,20.2,0.000,0.000,0.00,0.000,6.7,10.9,2.1,299,13,7.3,11.0,2.1,300,13,7.3,11.0,2.1,300,13,0,29.98,-0.3,,,,,,,,,
STAT,2019-11-08 06:00:00 EST,40.60402,-74.14850,109,32.4,32.6,25.6,61.5,20.7,0.000,0.000,0.00,0.000,7.0,12.3,2.2,308,15,7.7,13.1,2.2,307,16,7.7,13.1,2.2,307,16,0,29.98,-0.2,,,,,,,,,
STAT,2019-11-08 06:05:00 EST,40.60402,-74.14850,109,32.4,32.6,25.9,61.8,20.8,0.000,0.000,0.00,0.000,6.3,14.8,2.6,314,19,7.2,16.7,2.7,312,19,7.2,16.7,2.7,312,19,0,29.98,-0.5,,,,,,,,,
STAT,2019-11-08 06:10:00 EST,40.60402,-74.14850,109,32.5,32.6,26.0,61.4,20.7,0.000,0.000,0.00,0.000,6.2,10.5,2.0,316,20,7.1,11.6,2.2,316,20,7.1,11.6,2.2,316,20,0,29.98,-0.2,,,,,,,,,
STAT,2019-11-08 06:15:00 EST,40.60402,-74.14850,109,32.5,32.6,26.1,61.6,20.7,0.000,0.000,0.00,0.000,6.1,10.9,2.2,320,20,6.9,12.0,2.5,319,20,6.9,12.0,2.5,319,20,0,29.99,-0.3,,,,,,,,,
STAT,2019-11-08 06:20:00 EST,40.60402,-74.14850,109,32.5,32.6,25.8,61.2,20.6,0.000,0.000,0.00,0.000,6.5,11.8,2.7,309,19,7.4,13.5,2.7,311,19,7.4,13.5,2.7,311,19,0,29.99,-0.1,,,,,,,,,
STAT,2019-11-08 06:25:00 EST,40.60402,-74.14850,109,32.4,32.6,26.2,61.3,20.6,0.000,0.000,0.00,0.000,6.0,12.8,2.6,307,18,6.7,13.7,2.6,307,17,6.7,13.7,2.6,307,17,1,29.99,-0.2,,,,,,,,,
STAT,2019-11-08 06:30:00 EST,40.60402,-74.14850,109,32.3,32.5,25.5,62.8,21.1,0.000,0.000,0.00,0.000,6.7,11.9,2.2,307,14,7.6,12.5,2.0,306,12,7.6,12.5,2.0,306,12,2,30.00,-0.3,,,,,,,,,
STAT,2019-11-08 06:35:00 EST,40.60402,-74.14850,109,32.2,32.4,25.1,63.2,21.1,0.000,0.000,0.00,0.000,7.5,13.0,2.3,305,14,8.1,14.7,2.5,304,13,8.1,14.7,2.5,304,13,3,30.00,-0.3,,,,,,,,,
STAT,2019-11-08 06:40:00 EST,40.60402,-74.14850,109,32.2,32.3,24.9,63.9,21.4,0.000,0.000,0.00,0.000,7.5,12.5,2.2,309,21,8.3,13.8,2.5,308,18,8.3,13.8,2.5,308,18,5,30.00,-0.4,,,,,,,,,
STAT,2019-11-08 06:45:00 EST,40.60402,-74.14850,109,32.2,32.3,25.0,64.0,21.4,0.000,0.000,0.00,0.000,7.0,14.3,3.0,315,21,8.2,15.4,3.2,313,21,8.2,15.4,3.2,313,21,6,30.01,-0.2,,,,,,,,,
STAT,2019-11-08 06:50:00 EST,40.60402,-74.14850,109,32.2,32.3,25.0,64.2,21.5,0.000,0.000,0.00,0.000,7.3,12.9,2.3,311,22,8.1,14.1,2.3,311,20,8.1,14.1,2.3,311,20,8,30.01,-0.2,,,,,,,,,
STAT,2019-11-08 06:55:00 EST,40.60402,-74.14850,109,32.2,32.2,25.2,64.8,21.6,0.000,0.000,0.00,0.000,7.0,10.3,2.2,305,19,7.8,11.9,2.3,303,17,7.8,11.9,2.3,303,17,11,30.01,-0.2,,,,,,,,,
STAT,2019-11-08 07:00:00 EST,40.60402,-74.14850,109,32.1,32.2,24.8,64.7,21.6,0.000,0.000,0.00,0.000,7.6,14.5,2.2,308,17,8.4,14.4,2.3,309,17,8.4,14.4,2.3,309,17,18,30.01,-0.2,,,,,,,,,
STAT,2019-11-08 07:05:00 EST,40.60402,-74.14850,109,32.1,32.2,24.5,64.6,21.6,0.000,0.000,0.00,0.000,8.1,12.0,1.7,302,13,8.8,13.7,1.8,301,14,8.8,13.7,1.8,301,14,45,30.01,-0.2,,,,,,,,,
STAT,2019-11-08 07:10:00 EST,40.60402,-74.14850,109,32.1,32.2,25.4,64.6,21.6,0.000,0.000,0.00,0.000,6.8,13.1,2.6,313,23,7.3,12.4,2.7,313,23,7.3,12.4,2.7,313,23,58,30.01,-0.3,,,,,,,,,
STAT,2019-11-08 07:15:00 EST,40.60402,-74.14850,109,32.3,32.3,24.7,64.3,21.6,0.000,0.000,0.00,0.000,8.2,12.7,1.8,313,17,8.8,13.4,2.0,314,17,8.8,13.4,2.0,314,17,71,30.02,-0.3,,,,,,,,,
STAT,2019-11-08 07:20:00 EST,40.60402,-74.14850,109,32.4,32.4,25.5,63.5,21.3,0.000,0.000,0.00,0.000,7.3,12.4,1.6,323,12,7.7,13.5,1.7,325,13,7.7,13.5,1.7,325,13,85,30.02,-0.2,,,,,,,,,
STAT,2019-11-08 07:25:00 EST,40.60402,-74.14850,109,32.4,32.4,26.3,63.6,21.4,0.000,0.000,0.00,0.000,5.9,10.4,2.4,302,23,6.5,11.2,2.4,302,21,6.5,11.2,2.4,302,21,97,30.02,-0.1,,,,,,,,,
STAT,2019-11-08 07:30:00 EST,40.60402,-74.14850,109,32.4,32.4,26.3,64.0,21.6,0.000,0.000,0.00,0.000,5.9,9.6,1.5,308,23,6.6,11.4,1.7,307,23,6.6,11.4,1.7,307,23,109,30.02,-0.3,,,,,,,,,
STAT,2019-11-08 07:35:00 EST,40.60402,-74.14850,109,32.5,32.5,26.6,64.0,21.7,0.000,0.000,0.00,0.000,5.7,10.7,2.7,304,18,6.3,11.5,2.7,305,18,6.3,11.5,2.7,305,18,121,30.02,-0.2,,,,,,,,,
STAT,2019-11-08 07:40:00 EST,40.60402,-74.14850,109,32.6,32.6,26.6,63.6,21.6,0.000,0.000,0.00,0.000,5.7,9.6,2.1,321,19,6.5,10.4,2.1,320,20,6.5,10.4,2.1,320,20,134,30.03,-0.2,,,,,,,,,
STAT,2019-11-08 07:45:00 EST,40.60402,-74.14850,109,32.8,32.7,25.0,63.1,21.6,0.000,0.000,0.00,0.000,8.7,13.8,2.8,305,17,9.5,15.5,3.0,305,18,9.5,15.5,3.0,305,18,156,30.03,-0.3,,,,,,,,,
STAT,2019-11-08 07:50:00 EST,40.60402,-74.14850,109,32.9,32.8,25.3,62.7,21.6,0.000,0.000,0.00,0.000,8.1,14.0,3.3,306,20,9.0,15.3,3.2,306,18,9.0,15.3,3.2,306,18,170,30.03,-0.2,,,,,,,,,
STAT,2019-11-08 07:55:00 EST,40.60402,-74.14850,109,32.9,32.8,25.6,62.5,21.5,0.000,0.000,0.00,0.000,8.0,12.9,3.2,317,18,8.6,15.4,3.2,318,17,8.6,15.4,3.2,318,17,173,30.03,-0.1,,,,,,,,,
STAT,2019-11-08 08:00:00 EST,40.60402,-74.14850,109,32.9,32.8,25.4,62.2,21.4,0.000,0.000,0.00,0.000,7.9,11.0,1.9,323,21,8.9,12.5,2.0,323,22,8.9,12.5,2.0,323,22,188,30.03,-0.2,,,,,,,,,
STAT,2019-11-08 08:05:00 EST,40.60402,-74.14850,109,33.1,32.9,25.8,62.4,21.6,0.000,0.000,0.00,0.000,7.7,14.5,2.7,324,20,8.6,14.8,2.5,322,18,8.6,14.8,2.5,322,18,179,30.03,-0.2,,,,,,,,,
STAT,2019-11-08 08:10:00 EST,40.60402,-74.14850,109,33.2,33.1,25.8,62.8,21.9,0.000,0.000,0.00,0.000,8.4,13.6,2.2,310,16,9.0,15.1,2.3,310,18,9.0,15.1,2.3,310,18,213,30.03,-0.2,,,,,,,,,
STAT,2019-11-08 08:15:00 EST,40.60402,-74.14850,109,33.4,33.2,24.1,62.6,22.0,0.000,0.000,0.00,0.000,12.2,15.6,1.8,296,16,13.0,17.0,2.0,296,16,13.0,17.0,2.0,296,16,186,30.03,-0.2,,,,,,,,,
STAT,2019-11-08 08:20:00 EST,40.60402,-74.14850,109,33.6,33.4,24.9,62.1,22.0,0.000,0.000,0.00,0.000,10.9,17.6,3.3,301,14,11.7,19.4,3.6,300,15,11.7,19.4,3.6,300,15,250,30.03,-0.2,,,,,,,,,
STAT,2019-11-08 08:25:00 EST,40.60402,-74.14850,109,33.8,33.6,27.0,61.8,22.1,0.000,0.000,0.00,0.000,7.4,11.5,2.3,315,19,8.1,13.2,2.3,317,20,8.1,13.2,2.3,317,20,226,30.03,-0.2,,,,,,,,,
STAT,2019-11-08 08:30:00 EST,40.60402,-74.14850,109,33.9,33.7,24.9,62.0,22.3,0.000,0.000,0.00,0.000,11.8,19.7,3.8,302,21,12.6,20.4,3.7,303,18,12.6,20.4,3.7,303,18,137,30.03,-0.2,,,,,,,,,
STAT,2019-11-08 08:35:00 EST,40.60402,-74.14850,109,33.6,33.4,24.1,62.4,22.2,0.000,0.000,0.00,0.000,13.0,19.4,4.1,295,15,13.8,21.8,4.6,294,14,13.8,21.8,4.6,294,14,108,30.03,-0.2,,,,,,,,,
STAT,2019-11-08 08:40:00 EST,40.60402,-74.14850,109,33.9,33.7,25.5,61.8,22.1,0.000,0.000,0.00,0.000,10.3,16.9,4.5,302,17,11.2,19.3,4.4,302,15,11.2,19.3,4.4,302,15,287,30.03,-0.1,,,,,,,,,
STAT,2019-11-08 08:45:00 EST,40.60402,-74.14850,109,34.3,34.0,24.9,60.5,22.0,0.000,0.000,0.00,0.000,12.8,18.1,3.2,294,14,13.8,21.8,3.4,295,13,13.8,21.8,3.4,295,13,299,30.03,-0.3,,,,,,,,,
STAT,2019-11-08 08:50:00 EST,40.60402,-74.14850,109,34.7,34.4,26.4,59.5,22.0,0.000,0.000,0.00,0.000,10.3,16.0,3.1,310,18,11.5,18.5,3.2,310,19,11.5,18.5,3.2,310,19,311,30.02,-0.1,,,,,,,,,
STAT,2019-11-08 08:55:00 EST,40.60402,-74.14850,109,35.1,34.9,24.9,57.3,21.5,0.000,0.000,0.00,0.000,15.9,29.2,6.4,322,24,16.9,29.6,6.3,322,20,16.9,29.6,6.3,322,20,322,30.02,-0.1,,,,,,,,,
STAT,2019-11-08 09:00:00 EST,40.60402,-74.14850,109,35.0,34.8,25.1,56.3,21.0,0.000,0.000,0.00,0.000,15.4,24.0,4.0,320,23,16.1,25.7,4.4,322,18,16.1,25.7,4.4,322,18,297,30.03,-0.1,,,,,,,,,
STAT,2019-11-08 09:05:00 EST,40.60402,-74.14850,109,35.0,34.8,25.2,55.7,20.7,0.000,0.000,0.00,0.000,15.0,25.9,3.7,321,13,15.4,24.8,3.8,321,12,15.4,24.8,3.8,321,12,328,30.02,-0.1,,,,,,,,,
STAT,2019-11-08 09:10:00 EST,40.60402,-74.14850,109,35.4,35.2,25.5,54.7,20.7,0.000,0.000,0.00,0.000,15.2,26.2,4.4,328,19,16.4,26.3,4.5,330,14,16.4,26.3,4.5,330,14,324,30.02,-0.1,,,,,,,,,
STAT,2019-11-08 09:15:00 EST,40.60402,-74.14850,109,35.7,35.4,26.5,53.1,20.3,0.000,0.000,0.00,0.000,13.4,20.6,3.5,318,20,14.3,23.3,3.8,319,18,14.3,23.3,3.8,319,18,358,30.03,-0.0,,,,,,,,,
STAT,2019-11-08 09:20:00 EST,40.60402,-74.14850,109,36.1,35.8,28.1,52.1,20.2,0.000,0.000,0.00,0.000,10.6,16.4,3.2,317,19,11.4,19.0,3.7,319,17,11.4,19.0,3.7,319,17,341,30.03,-0.1,,,,,,,,,
STAT,2019-11-08 09:25:00 EST,40.60402,-74.14850,109,36.3,36.0,27.6,51.7,20.2,0.000,0.000,0.00,0.000,12.4,22.1,3.7,316,18,13.4,24.2,3.9,317,18,13.4,24.2,3.9,317,18,356,30.03,-0.1,,,,,,,,,
STAT,2019-11-08 09:30:00 EST,40.60402,-74.14850,109,36.3,36.0,27.0,50.8,19.8,0.000,0.000,0.00,0.000,14.7,24.3,3.6,322,14,15.3,26.0,3.7,324,12,15.3,26.0,3.7,324,12,428,30.03,-0.2,,,,,,,,,
STAT,2019-11-08 09:35:00 EST,40.60402,-74.14850,109,36.5,36.2,27.8,50.2,19.7,0.000,0.000,0.00,0.000,12.5,21.8,3.8,315,21,13.6,23.5,3.7,317,18,13.6,23.5,3.7,317,18,404,30.03,-0.1,,,,,,,,,
STAT,2019-11-08 09:40:00 EST,40.60402,-74.14850,109,36.7,36.3,27.8,49.4,19.5,0.000,0.000,0.00,0.000,13.3,23.0,3.8,321,16,14.4,23.6,3.7,318,19,14.4,23.6,3.7,318,19,469,30.03,-0.0,,,,,,,,,
STAT,2019-11-08 09:45:00 EST,40.60402,-74.14850,109,36.4,36.1,26.4,48.2,18.6,0.000,0.000,0.00,0.000,16.4,28.9,6.5,331,16,17.6,30.6,6.6,332,13,17.6,30.6,6.6,332,13,203,30.03,-0.2,,,,,,,,,
STAT,2019-11-08 09:50:00 EST,40.60402,-74.14850,109,36.5,36.3,27.1,46.7,18.1,0.000,0.000,0.00,0.000,15.0,27.3,4.4,325,12,16.0,28.7,4.6,327,10,16.0,28.7,4.6,327,10,407,30.03,-0.1,,,,,,,,,
STAT,2019-11-08 09:55:00 EST,40.60402,-74.14850,109,37.0,36.7,27.2,44.3,17.2,0.000,0.000,0.00,0.000,16.1,32.2,7.3,326,18,17.3,32.9,7.0,326,16,17.3,32.9,7.0,326,16,426,30.03,-0.1,,,,,,,,,
STAT,2019-11-08 10:00:00 EST,40.60402,-74.14850,109,36.9,36.6,26.9,42.0,15.9,0.000,0.000,0.00,0.000,17.6,27.5,4.5,323,22,18.3,31.0,4.6,322,21,18.3,31.0,4.6,322,21,450,30.03,0.1,,,,,,,,,
STAT,2019-11-08 10:05:00 EST,40.60402,-74.14850,109,37.3,36.9,27.0,40.8,15.7,0.000,0.000,0.00,0.000,18.6,29.2,5.4,310,19,19.9,31.5,5.4,310,18,19.9,31.5,5.4,310,18,462,30.03,-0.1,,,,,,,,,
STAT,2019-11-08 10:10:00 EST,40.60402,-74.14850,109,37.4,37.2,27.2,39.8,15.2,0.000,0.000,0.00,0.000,18.5,29.1,4.9,329,18,19.5,31.5,5.3,331,15,19.5,31.5,5.3,331,15,465,30.03,-0.0,,,,,,,,,
STAT,2019-11-08 10:15:00 EST,40.60402,-74.14850,109,37.2,36.9,27.1,38.8,14.4,0.000,0.000,0.00,0.000,18.5,31.6,5.9,322,15,19.2,31.2,5.9,323,13,19.2,31.2,5.9,323,13,458,30.03,-0.0,,,,,,,,,
STAT,2019-11-08 10:20:00 EST,40.60402,-74.14850,109,37.6,37.2,28.5,39.4,15.1,0.000,0.000,0.00,0.000,14.7,27.9,5.3,313,20,15.6,27.8,5.2,312,16,15.6,27.8,5.2,312,16,490,30.03,-0.0,,,,,,,,,
STAT,2019-11-08 10:25:00 EST,40.60402,-74.14850,109,37.8,37.5,28.4,38.9,14.9,0.000,0.000,0.00,0.000,15.8,32.6,6.3,334,22,17.0,34.2,6.5,334,17,17.0,34.2,6.5,334,17,490,30.03,-0.1,,,,,,,,,
STAT,2019-11-08 10:30:00 EST,40.60402,-74.14850,109,37.6,37.3,28.3,39.8,15.3,0.000,0.000,0.00,0.000,15.1,24.8,3.5,336,21,16.5,26.1,3.9,336,16,16.5,26.1,3.9,336,16,457,30.03,0.0,,,,,,,,,
STAT,2019-11-08 10:35:00 EST,40.60402,-74.14850,109,37.4,37.2,27.8,40.0,15.3,0.000,0.000,0.00,0.000,17.0,26.8,4.7,328,19,17.7,27.0,4.9,328,13,17.7,27.0,4.9,328,13,455,30.03,-0.2,,,,,,,,,
STAT,2019-11-08 10:40:00 EST,40.60402,-74.14850,109,37.5,37.2,27.1,39.2,14.9,0.000,0.000,0.00,0.000,19.7,30.7,3.1,326,13,20.7,31.1,3.3,327,11,20.7,31.1,3.3,327,11,462,30.03,-0.0,,,,,,,,,
STAT,2019-11-08 10:45:00 EST,40.60402,-74.14850,109,37.4,37.1,28.3,40.8,15.7,0.000,0.000,0.00,0.000,14.9,23.7,4.7,318,20,15.9,26.1,5.0,318,19,15.9,26.1,5.0,318,19,370,30.04,0.0,,,,,,,,,
STAT,2019-11-08 10:50:00 EST,40.60402,-74.14850,109,37.7,37.4,28.7,41.1,16.2,0.000,0.000,0.00,0.000,14.5,23.8,5.0,320,18,15.7,25.4,4.9,321,17,15.7,25.4,4.9,321,17,352,30.04,-0.0,,,,,,,,,
STAT,2019-11-08 10:55:00 EST,40.60402,-74.14850,109,37.7,37.4,28.8,41.5,16.4,0.000,0.000,0.00,0.000,14.3,21.6,3.3,332,15,15.4,22.5,3.6,334,14,15.4,22.5,3.6,334,14,316,30.03,-0.0,,,,,,,,,
STAT,2019-11-08 11:00:00 EST,40.60402,-74.14850,109,38.3,37.9,30.0,41.5,16.9,0.000,0.000,0.00,0.000,12.8,23.2,4.7,321,18,13.9,25.5,4.9,323,19,13.9,25.5,4.9,323,19,542,30.03,-0.1,,,,,,,,,
STAT,2019-11-08 11:05:00 EST,40.60402,-74.14850,109,38.2,37.9,30.2,40.1,16.1,0.000,0.000,0.00,0.000,12.1,20.9,3.0,333,24,13.3,24.5,3.5,335,18,13.3,24.5,3.5,335,18,420,30.04,-0.0,,,,,,,,,
STAT,2019-11-08 11:10:00 EST,40.60402,-74.14850,109,38.6,38.3,30.9,40.3,16.6,0.000,0.000,0.00,0.000,11.6,19.9,3.2,321,20,12.7,20.5,3.3,320,20,12.7,20.5,3.3,320,20,493,30.03,-0.1,,,,,,,,,
STAT,2019-11-08 11:15:00 EST,40.60402,-74.14850,109,37.8,37.5,27.8,40.1,15.7,0.000,0.000,0.00,0.000,18.3,28.2,4.7,328,15,19.1,29.2,4.8,328,13,19.1,29.2,4.8,328,13,179,30.03,-0.1,,,,,,,,,
STAT,2019-11-08 11:20:00 EST,40.60402,-74.14850,109,37.0,36.8,27.3,41.1,15.6,0.000,0.000,0.00,0.000,16.2,22.9,3.6,322,20,17.4,24.9,3.6,320,15,17.4,24.9,3.6,320,15,183,30.03,0.0,,,,,,,,,
STAT,2019-11-08 11:25:00 EST,40.60402,-74.14850,109,37.5,37.1,28.2,40.9,15.8,0.000,0.000,0.00,0.000,15.1,26.9,4.4,317,19,16.4,27.2,4.8,316,17,16.4,27.2,4.8,316,17,546,30.04,-0.0,,,,,,,,,
STAT,2019-11-08 11:30:00 EST,40.60402,-74.14850,109,37.8,37.5,27.5,37.1,13.9,0.000,0.000,0.00,0.000,19.8,30.9,5.9,326,18,20.4,29.7,6.0,329,15,20.4,29.7,6.0,329,15,528,30.03,-0.1,,,,,,,,,
STAT,2019-11-08 11:35:00 EST,40.60402,-74.14850,109,37.6,37.2,27.9,36.8,13.5,0.000,0.000,0.00,0.000,16.5,28.9,7.1,326,21,17.8,31.6,7.0,327,20,17.8,31.6,7.0,327,20,528,30.04,0.0,,,,,,,,,
STAT,2019-11-08 11:40:00 EST,40.60402,-74.14850,109,38.0,37.5,28.5,37.9,14.5,0.000,0.000,0.00,0.000,16.1,26.2,4.7,311,21,17.6,30.4,4.9,313,20,17.6,30.4,4.9,313,20,531,30.04,-0.1,,,,,,,,,
STAT,2019-11-08 11:45:00 EST,40.60402,-74.14850,109,37.9,37.4,28.7,37.8,14.4,0.000,0.000,0.00,0.000,15.0,25.5,3.7,324,18,16.3,24.8,3.8,325,16,16.3,24.8,3.8,325,16,534,30.03,-0.1,,,,,,,,,
STAT,2019-11-08 11:50:00 EST,40.60402,-74.14850,109,38.0,37.6,28.6,38.2,14.7,0.000,0.000,0.00,0.000,15.8,24.5,3.9,333,19,17.0,26.3,3.8,336,16,17.0,26.3,3.8,336,16,574,30.03,0.1,,,,,,,,,
STAT,2019-11-08 11:55:00 EST,40.60402,-74.14850,109,39.1,38.5,30.9,38.5,15.9,0.000,0.000,0.00,0.000,13.3,26.5,4.9,309,17,14.4,29.0,4.9,309,17,14.4,29.0,4.9,309,17,585,30.03,-0.2,,,,,,,,,
STAT,2019-11-08 12:00:00 EST,40.60402,-74.14850,109,38.5,38.0,28.3,36.5,14.2,0.000,0.000,0.00,0.000,19.8,29.2,4.2,331,12,20.9,34.4,4.6,332,12,20.9,34.4,4.6,332,12,590,30.02,-0.1,,,,,,,,,
STAT,2019-11-08 12:05:00 EST,40.60402,-74.14850,109,37.9,37.5,27.6,36.6,13.7,0.002,0.002,0.00,0.002,19.4,28.5,4.1,326,10,20.2,30.9,4.3,328,11,20.2,30.9,4.3,328,11,464,30.02,-0.0,,,,,,,,,
STAT,2019-11-08 12:10:00 EST,40.60402,-74.14850,109,37.6,37.3,27.1,36.7,13.4,0.000,0.002,0.00,0.002,19.3,30.6,5.0,335,16,20.9,35.7,5.6,335,14,20.9,35.7,5.6,335,14,357,30.02,-0.1,,,,,,,,,
STAT,2019-11-08 12:15:00 EST,40.60402,-74.14850,109,37.4,37.1,27.5,36.0,12.9,0.000,0.002,0.00,0.002,17.7,26.5,4.0,322,15,18.5,27.9,4.0,324,14,18.5,27.9,4.0,324,14,218,30.02,-0.1,,,,,,,,,
STAT,2019-11-08 12:20:00 EST,40.60402,-74.14850,109,37.4,37.1,28.0,36.3,13.0,0.000,0.002,0.00,0.002,16.1,24.6,4.0,322,14,16.6,27.6,4.1,324,14,16.6,27.6,4.1,324,14,273,30.02,-0.0,,,,,,,,,
STAT,2019-11-08 12:25:00 EST,40.60402,-74.14850,109,37.5,37.1,28.3,36.2,13.1,0.000,0.002,0.00,0.002,14.8,23.5,4.4,310,19,15.9,25.5,4.5,310,17,15.9,25.5,4.5,310,17,309,30.02,-0.1,,,,,,,,,
STAT,2019-11-08 12:30:00 EST,40.60402,-74.14850,109,37.8,37.4,28.9,35.0,12.6,0.000,0.002,0.00,0.002,14.5,24.1,4.8,310,21,15.7,24.9,5.0,311,18,15.7,24.9,5.0,311,18,508,30.02,-0.1,,,,,,,,,
STAT,2019-11-08 12:35:00 EST,40.60402,-74.14850,109,38.2,37.7,29.0,33.9,12.2,0.000,0.002,0.00,0.002,15.3,30.1,5.1,308,21,16.7,28.9,5.5,308,20,16.7,28.9,5.5,308,20,517,30.02,-0.1,,,,,,,,,
STAT,2019-11-08 12:40:00 EST,40.60402,-74.14850,109,38.7,38.2,30.0,34.4,13.0,0.000,0.002,0.00,0.002,14.2,25.4,5.4,300,16,15.8,26.4,5.6,301,16,15.8,26.4,5.6,301,16,504,30.02,0.0,,,,,,,,,
STAT,2019-11-08 12:45:00 EST,40.60402,-74.14850,109,38.9,38.3,30.1,34.6,13.3,0.000,0.002,0.00,0.002,14.3,26.3,5.1,301,17,15.9,28.2,5.0,301,14,15.9,28.2,5.0,301,14,502,30.02,-0.1,,,,,,,,,
STAT,2019-11-08 12:50:00 EST,40.60402,-74.14850,109,38.5,38.0,29.4,35.1,13.3,0.000,0.002,0.00,0.002,15.8,25.2,5.2,304,18,17.0,27.7,5.4,304,15,17.0,27.7,5.4,304,15,493,30.02,0.0,,,,,,,,,
STAT,2019-11-08 12:55:00 EST,40.60402,-74.14850,109,38.5,37.8,29.8,36.6,14.2,0.000,0.002,0.00,0.002,14.1,23.8,5.1,300,17,15.3,25.8,5.1,299,14,15.3,25.8,5.1,299,14,399,30.02,-0.0,,,,,,,,,
STAT,2019-11-08 13:00:00 EST,40.60402,-74.14850,109,38.3,37.7,28.7,34.3,12.6,0.000,0.002,0.00,0.002,17.0,25.8,4.6,304,18,18.3,27.0,4.8,301,15,18.3,27.0,4.8,301,15,484,30.02,-0.0,,,,,,,,,
STAT,2019-11-08 13:05:00 EST,40.60402,-74.14850,109,38.4,37.7,29.1,33.4,12.0,0.000,0.002,0.00,0.000,16.0,26.3,5.3,298,16,17.3,26.5,4.6,298,13,17.3,26.5,4.6,298,13,473,30.02,-0.0,,,,,,,,,
STAT,2019-11-08 13:10:00 EST,40.60402,-74.14850,109,38.5,37.8,29.1,33.9,12.5,0.000,0.002,0.00,0.000,16.6,24.5,4.6,297,15,17.9,24.7,4.8,296,11,17.9,24.7,4.8,296,11,462,30.02,-0.1,,,,,,,,,
STAT,2019-11-08 13:15:00 EST,40.60402,-74.14850,109,38.5,37.9,29.2,34.8,13.1,0.000,0.002,0.00,0.000,16.0,24.4,4.3,300,18,17.3,28.2,4.5,299,13,17.3,28.2,4.5,299,13,455,30.02,-0.0,,,,,,,,,
STAT,2019-11-08 13:20:00 EST,40.60402,-74.14850,109,38.8,38.2,30.5,34.5,13.1,0.000,0.002,0.00,0.000,12.8,25.2,5.7,301,17,14.4,27.6,5.6,301,15,14.4,27.6,5.6,301,15,450,30.02,-0.0,,,,,,,,,
STAT,2019-11-08 13:25:00 EST,40.60402,-74.14850,109,38.8,38.2,31.0,34.8,13.4,0.000,0.002,0.00,0.000,12.0,19.9,3.7,300,15,12.9,21.7,4.0,300,12,12.9,21.7,4.0,300,12,447,30.02,0.1,,,,,,,,,
STAT,2019-11-08 13:30:00 EST,40.60402,-74.14850,109,38.9,38.3,30.0,35.4,13.8,0.000,0.002,0.00,0.000,15.3,28.4,6.1,303,17,16.5,30.2,6.1,303,17,16.5,30.2,6.1,303,17,441,30.02,-0.0,,,,,,,,,
STAT,2019-11-08 13:35:00 EST,40.60402,-74.14850,109,38.6,38.0,30.7,36.4,14.2,0.000,0.002,0.00,0.000,12.0,21.0,4.1,309,20,13.1,21.9,4.1,309,18,13.1,21.9,4.1,309,18,425,30.03,0.1,,,,,,,,,
STAT,2019-11-08 13:40:00 EST,40.60402,-74.14850,109,38.8,38.1,29.5,35.5,13.7,0.000,0.002,0.00,0.000,16.1,25.6,5.2,295,13,17.5,28.5,5.2,296,10,17.5,28.5,5.2,296,10,429,30.03,-0.0,,,,,,,,,
STAT,2019-11-08 13:45:00 EST,40.60402,-74.14850,109,38.5,37.8,29.4,36.0,13.8,0.000,0.002,0.00,0.000,15.3,26.4,5.4,304,18,16.6,28.1,5.3,304,15,16.6,28.1,5.3,304,15,414,30.03,0.0,,,,,,,,,
STAT,2019-11-08 13:50:00 EST,40.60402,-74.14850,109,38.6,37.9,30.3,36.3,14.1,0.000,0.002,0.00,0.000,12.8,21.7,4.6,295,15,14.1,25.9,4.8,295,15,14.1,25.9,4.8,295,15,400,30.03,0.1,,,,,,,,,
STAT,2019-11-08 13:55:00 EST,40.60402,-74.14850,109,38.8,38.4,30.9,35.2,13.6,0.000,0.002,0.00,0.000,12.0,21.4,4.5,322,21,13.4,22.3,4.4,321,20,13.4,22.3,4.4,321,20,355,30.03,-0.0,,,,,,,,,
STAT,2019-11-08 14:00:00 EST,40.60402,-74.14850,109,38.4,38.0,29.3,32.8,11.6,0.000,0.002,0.00,0.000,15.4,27.7,4.5,322,20,16.6,30.4,5.0,322,18,16.6,30.4,5.0,322,18,252,30.03,-0.0,,,,,,,,,
STAT,2019-11-08 14:05:00 EST,40.60402,-74.14850,109,38.1,37.8,28.3,33.3,11.7,0.000,0.002,0.00,0.000,17.7,26.5,4.2,333,16,18.9,30.3,4.6,333,13,18.9,30.3,4.6,333,13,382,30.03,-0.1,,,,,,,,,
STAT,2019-11-08 14:10:00 EST,40.60402,-74.14850,109,38.2,37.8,29.3,33.9,12.2,0.000,0.002,0.00,0.000,14.5,24.7,4.3,338,19,15.8,25.4,4.7,340,17,15.8,25.4,4.7,340,17,374,30.03,-0.0,,,,,,,,,
STAT,2019-11-08 14:15:00 EST,40.60402,-74.14850,109,38.1,37.7,28.9,33.3,11.7,0.000,0.002,0.00,0.000,15.4,26.5,4.5,335,16,16.6,27.2,4.7,336,15,16.6,27.2,4.7,336,15,358,30.03,0.0,,,,,,,,,
STAT,2019-11-08 14:20:00 EST,40.60402,-74.14850,109,38.4,37.9,29.3,34.2,12.6,0.000,0.002,0.00,0.000,15.6,30.2,6.3,307,19,16.9,33.5,6.9,307,18,16.9,33.5,6.9,307,18,336,30.04,-0.1,,,,,,,,,
STAT,2019-11-08 14:25:00 EST,40.60402,-74.14850,109,38.1,37.5,27.9,34.6,12.6,0.000,0.002,0.00,0.000,18.9,28.0,4.5,296,11,20.1,28.8,4.4,296,9,20.1,28.8,4.4,296,9,324,30.04,-0.0,,,,,,,,,
STAT,2019-11-08 14:30:00 EST,40.60402,-74.14850,109,38.2,37.7,29.9,34.5,12.6,0.000,0.002,0.00,0.000,12.5,22.7,4.3,304,19,13.8,25.7,4.7,305,15,13.8,25.7,4.7,305,15,315,30.04,0.0,,,,,,,,,
STAT,2019-11-08 14:35:00 EST,40.60402,-74.14850,109,38.1,37.6,29.9,34.2,12.3,0.000,0.002,0.00,0.000,12.2,21.0,3.5,313,22,13.6,23.0,3.8,312,21,13.6,23.0,3.8,312,21,309,30.04,-0.0,,,,,,,,,
STAT,2019-11-08 14:40:00 EST,40.60402,-74.14850,109,38.3,37.8,29.2,34.9,13.0,0.000,0.002,0.00,0.000,14.8,24.2,5.7,299,21,16.4,26.3,5.9,300,18,16.4,26.3,5.9,300,18,295,30.04,0.0,,,,,,,,,
STAT,2019-11-08 14:45:00 EST,40.60402,-74.14850,109,38.0,37.5,28.8,35.5,13.1,0.000,0.002,0.00,0.000,15.6,25.3,4.3,299,14,16.7,27.7,4.5,299,11,16.7,27.7,4.5,299,11,283,30.04,0.0,,,,,,,,,
STAT,2019-11-08 14:50:00 EST,40.60402,-74.14850,109,38.1,37.6,29.3,34.0,12.2,0.000,0.002,0.00,0.000,14.2,30.4,5.8,310,20,15.4,30.6,5.8,311,18,15.4,30.6,5.8,311,18,228,30.04,-0.0,,,,,,,,,
STAT,2019-11-08 14:55:00 EST,40.60402,-74.14850,109,37.8,37.3,29.0,34.1,12.0,0.000,0.002,0.00,0.000,13.9,25.0,4.3,313,19,15.0,25.7,4.5,313,18,15.0,25.7,4.5,313,18,251,30.05,-0.0,,,,,,,,,
STAT,2019-11-08 15:00:00 EST,40.60402,-74.14850,109,37.7,37.3,29.0,34.3,12.1,0.000,0.002,0.00,0.000,14.0,30.1,5.3,321,17,15.0,28.9,5.3,322,17,15.0,28.9,5.3,322,17,174,30.05,-0.0,,,,,,,,,
STAT,2019-11-08 15:05:00 EST,40.60402,-74.14850,109,37.3,36.9,27.6,32.2,10.2,0.000,0.002,0.00,0.000,16.7,26.7,4.7,327,14,17.6,26.4,4.7,328,12,17.6,26.4,4.7,328,12,219,30.05,-0.1,,,,,,,,,
STAT,2019-11-08 15:10:00 EST,40.60402,-74.14850,109,37.2,36.9,27.9,31.5,9.7,0.000,0.002,0.00,0.000,15.5,26.7,4.1,324,16,16.4,26.0,3.8,325,15,16.4,26.0,3.8,325,15,215,30.05,-0.0,,,,,,,,,
STAT,2019-11-08 15:15:00 EST,40.60402,-74.14850,109,37.5,37.0,29.1,32.5,10.7,0.000,0.002,0.00,0.000,12.6,21.3,4.6,304,19,13.6,21.9,4.4,306,19,13.6,21.9,4.4,306,19,200,30.05,-0.1,,,,,,,,,
STAT,2019-11-08 15:20:00 EST,40.60402,-74.14850,109,37.3,36.9,28.1,31.8,10.0,0.000,0.002,0.00,0.000,15.1,24.8,5.2,323,16,16.1,26.5,5.1,322,16,16.1,26.5,5.1,322,16,187,30.06,-0.0,,,,,,,,,
STAT,2019-11-08 15:25:00 EST,40.60402,-74.14850,109,37.2,36.8,27.8,32.1,10.1,0.000,0.002,0.00,0.000,15.7,25.8,4.2,323,16,16.5,26.8,4.3,324,16,16.5,26.8,4.3,324,16,172,30.06,-0.1,,,,,,,,,
STAT,2019-11-08 15:30:00 EST,40.60402,-74.14850,109,37.0,36.6,27.9,33.1,10.6,0.000,0.002,0.00,0.000,14.6,21.8,3.8,319,16,15.3,22.5,3.6,321,14,15.3,22.5,3.6,321,14,163,30.06,-0.1,,,,,,,,,
STAT,2019-11-08 15:35:00 EST,40.60402,-74.14850,109,37.1,36.7,28.7,33.1,10.7,0.000,0.002,0.00,0.000,12.3,17.8,2.8,314,18,13.2,20.5,2.9,315,17,13.2,20.5,2.9,315,17,151,30.06,0.0,,,,,,,,,
STAT,2019-11-08 15:40:00 EST,40.60402,-74.14850,109,37.2,36.8,29.4,32.7,10.5,0.000,0.002,0.00,0.000,11.1,17.8,2.9,323,14,11.8,19.4,3.1,326,14,11.8,19.4,3.1,326,14,138,30.06,0.0,,,,,,,,,
STAT,2019-11-08 15:45:00 EST,40.60402,-74.14850,109,37.1,36.7,28.4,33.0,10.6,0.000,0.002,0.00,0.000,13.2,24.3,4.1,303,21,14.3,25.2,4.2,303,21,14.3,25.2,4.2,303,21,126,30.06,0.0,,,,,,,,,
STAT,2019-11-08 15:50:00 EST,40.60402,-74.14850,109,37.1,36.8,29.9,32.9,10.6,0.000,0.002,0.00,0.000,9.4,15.1,2.1,326,16,10.2,17.0,2.3,328,17,10.2,17.0,2.3,328,17,114,30.07,0.0,,,,,,,,,
STAT,2019-11-08 15:55:00 EST,40.60402,-74.14850,109,37.1,36.8,28.1,31.3,9.4,0.000,0.002,0.00,0.000,13.9,24.7,3.4,333,14,14.8,24.4,3.6,335,13,14.8,24.4,3.6,335,13,103,30.07,-0.0,,,,,,,,,
STAT,2019-11-08 16:00:00 EST,40.60402,-74.14850,109,36.8,36.5,27.7,30.8,8.8,0.000,0.002,0.00,0.000,14.6,23.7,3.8,329,17,15.2,24.2,4.0,331,15,15.2,24.2,4.0,331,15,91,30.07,-0.1,,,,,,,,,
STAT,2019-11-08 16:05:00 EST,40.60402,-74.14850,109,36.6,36.4,27.5,30.9,8.7,0.000,0.002,0.00,0.000,13.7,22.5,3.3,342,21,14.9,24.5,3.7,343,17,14.9,24.5,3.7,343,17,77,30.07,0.0,,,,,,,,,
STAT,2019-11-08 16:10:00 EST,40.60402,-74.14850,109,36.5,36.3,27.9,30.8,8.5,0.000,0.002,0.00,0.000,12.2,19.9,3.6,332,17,13.4,21.8,3.7,334,14,13.4,21.8,3.7,334,14,63,30.07,-0.0,,,,,,,,,
STAT,2019-11-08 16:15:00 EST,40.60402,-74.14850,109,36.5,36.3,28.0,31.5,9.0,0.000,0.002,0.00,0.000,12.1,24.3,4.1,327,20,13.0,26.6,4.4,328,17,13.0,26.6,4.4,328,17,51,30.08,-0.0,,,,,,,,,
STAT,2019-11-08 16:20:00 EST,40.60402,-74.14850,109,36.2,36.1,27.1,31.7,8.9,0.000,0.002,0.00,0.000,13.8,25.9,3.5,336,17,14.7,25.0,3.8,336,13,14.7,25.0,3.8,336,13,39,30.08,-0.0,,,,,,,,,
STAT,2019-11-08 16:25:00 EST,40.60402,-74.14850,109,36.1,36.0,27.4,32.1,9.1,0.000,0.002,0.00,0.000,12.5,19.8,3.3,330,22,13.3,22.0,3.4,331,15,13.3,22.0,3.4,331,15,29,30.08,0.0,,,,,,,,,
STAT,2019-11-08 16:30:00 EST,40.60402,-74.14850,109,35.9,35.8,27.3,33.0,9.6,0.000,0.002,0.00,0.000,11.9,20.5,3.2,338,19,13.0,20.4,3.4,338,16,13.0,20.4,3.4,338,16,21,30.08,-0.0,,,,,,,,,
STAT,2019-11-08 16:35:00 EST,40.60402,-74.14850,109,35.7,35.6,26.1,32.6,9.1,0.000,0.002,0.00,0.000,14.8,20.0,2.8,331,18,15.7,21.1,2.9,332,14,15.7,21.1,2.9,332,14,14,30.08,-0.0,,,,,,,,,
STAT,2019-11-08 16:40:00 EST,40.60402,-74.14850,109,35.6,35.5,27.2,33.2,9.4,0.000,0.002,0.00,0.000,11.4,23.5,3.5,324,15,12.1,24.3,3.7,326,15,12.1,24.3,3.7,326,15,10,30.09,-0.0,,,,,,,,,
STAT,2019-11-08 16:45:00 EST,40.60402,-74.14850,109,35.3,35.3,25.3,33.6,9.5,0.000,0.002,0.00,0.000,16.3,24.0,3.5,324,11,16.8,24.3,3.7,325,10,16.8,24.3,3.7,325,10,7,30.09,0.0,,,,,,,,,
STAT,2019-11-08 16:50:00 EST,40.60402,-74.14850,109,35.2,35.2,27.0,34.1,9.7,0.000,0.002,0.00,0.000,11.0,17.6,2.7,321,15,11.5,18.2,2.8,323,13,11.5,18.2,2.8,323,13,4,30.09,0.0,,,,,,,,,
STAT,2019-11-08 16:55:00 EST,40.60402,-74.14850,109,35.1,35.1,25.9,34.4,9.8,0.000,0.002,0.00,0.000,13.7,21.9,3.3,323,12,14.1,22.5,3.3,326,10,14.1,22.5,3.3,326,10,2,30.10,0.0,,,,,,,,,
STAT,2019-11-08 17:00:00 EST,40.60402,-74.14850,109,35.0,34.9,26.2,34.9,10.0,0.000,0.002,0.00,0.000,12.3,17.8,3.2,327,15,12.8,18.9,3.1,327,14,12.8,18.9,3.1,327,14,1,30.10,0.0,,,,,,,,,
STAT,2019-11-08 17:05:00 EST,40.60402,-74.14850,109,34.9,34.9,27.2,35.7,10.4,0.000,0.002,0.00,0.000,9.4,17.3,3.9,322,18,10.2,20.0,4.0,323,17,10.2,20.0,4.0,323,17,0,30.10,0.0,,,,,,,,,
STAT,2019-11-08 17:10:00 EST,40.60402,-74.14850,109,34.8,34.8,26.5,36.2,10.7,0.000,0.002,0.00,0.000,11.1,18.6,3.5,321,15,11.6,20.5,3.4,321,12,11.6,20.5,3.4,321,12,0,30.11,0.0,,,,,,,,,
STAT,2019-11-08 17:15:00 EST,40.60402,-74.14850,109,34.7,34.7,26.0,35.9,10.4,0.000,0.002,0.00,0.000,11.9,21.8,3.3,326,14,12.6,21.2,3.3,328,12,12.6,21.2,3.3,328,12,0,30.11,-0.1,,,,,,,,,
STAT,2019-11-08 17:20:00 EST,40.60402,-74.14850,109,34.7,34.7,26.2,35.9,10.4,0.000,0.002,0.00,0.000,11.5,19.9,3.5,324,15,12.1,20.2,3.6,325,14,12.1,20.2,3.6,325,14,0,30.11,-0.0,,,,,,,,,
STAT,2019-11-08 17:25:00 EST,40.60402,-74.14850,109,34.6,34.6,26.5,36.9,10.9,0.000,0.002,0.00,0.000,10.0,19.4,3.4,309,19,10.9,21.1,3.5,308,17,10.9,21.1,3.5,308,17,0,30.11,-0.0,,,,,,,,,
STAT,2019-11-08 17:30:00 EST,40.60402,-74.14850,109,34.6,34.6,26.1,37.0,10.9,0.000,0.002,0.00,0.000,11.1,18.6,3.8,325,14,11.9,19.9,3.8,327,14,11.9,19.9,3.8,327,14,0,30.12,0.0,,,,,,,,,
STAT,2019-11-08 17:35:00 EST,40.60402,-74.14850,109,34.5,34.5,27.2,37.3,11.0,0.000,0.002,0.00,0.000,8.6,13.4,2.5,321,17,9.3,15.7,2.7,321,16,9.3,15.7,2.7,321,16,0,30.12,0.0,,,,,,,,,
STAT,2019-11-08 17:40:00 EST,40.60402,-74.14850,109,34.4,34.4,26.3,37.6,11.2,0.000,0.002,0.00,0.000,9.9,18.6,3.2,320,14,10.7,21.4,3.3,321,15,10.7,21.4,3.3,321,15,0,30.12,0.0,,,,,,,,,
STAT,2019-11-08 17:45:00 EST,40.60402,-74.14850,109,34.3,34.3,25.4,37.4,11.0,0.000,0.002,0.00,0.000,12.3,22.4,3.3,326,15,12.9,26.6,3.7,327,14,12.9,26.6,3.7,327,14,0,30.13,-0.1,,,,,,,,,
STAT,2019-11-08 17:50:00 EST,40.60402,-74.14850,109,34.2,34.2,26.1,37.9,11.2,0.000,0.002,0.00,0.000,10.3,18.3,3.4,320,17,10.9,19.6,3.5,322,14,10.9,19.6,3.5,322,14,0,30.13,-0.0,,,,,,,,,
STAT,2019-11-08 17:55:00 EST,40.60402,-74.14850,109,34.1,34.2,26.0,38.2,11.3,0.000,0.002,0.00,0.000,9.5,16.9,3.0,322,18,10.7,18.1,3.0,321,17,10.7,18.1,3.0,321,17,0,30.13,-0.0,,,,,,,,,
STAT,2019-11-08 18:00:00 EST,40.60402,-74.14850,109,34.0,34.0,25.9,38.5,11.3,0.000,0.002,0.00,0.000,10.0,17.3,3.5,324,19,10.7,17.4,3.2,325,17,10.7,17.4,3.2,325,17,0,30.14,0.0,,,,,,,,,
STAT,2019-11-08 18:05:00 EST,40.60402,-74.14850,109,34.0,34.0,25.8,38.5,11.3,0.000,0.002,0.00,0.000,10.2,14.8,2.5,326,13,10.8,16.8,2.6,327,11,10.8,16.8,2.6,327,11,0,30.14,0.0,,,,,,,,,
STAT,2019-11-08 18:10:00 EST,40.60402,-74.14850,109,33.9,33.9,24.8,38.3,11.2,0.000,0.002,0.00,0.000,12.5,21.8,3.7,325,13,13.1,22.4,3.7,326,11,13.1,22.4,3.7,326,11,0,30.14,0.0,,,,,,,,,
STAT,2019-11-08 18:15:00 EST,40.60402,-74.14850,109,33.9,33.9,25.2,38.0,10.9,0.000,0.002,0.00,0.000,11.4,18.5,2.8,323,13,12.0,19.6,2.8,325,13,12.0,19.6,2.8,325,13,0,30.14,0.0,,,,,,,,,
STAT,2019-11-08 18:20:00 EST,40.60402,-74.14850,109,33.8,33.8,24.9,38.6,11.2,0.000,0.002,0.00,0.000,11.5,18.9,3.7,324,15,12.2,20.5,3.8,324,14,12.2,20.5,3.8,324,14,0,30.14,-0.0,,,,,,,,,
STAT,2019-11-08 18:25:00 EST,40.60402,-74.14850,109,33.7,33.7,25.9,39.1,11.4,0.000,0.002,0.00,0.000,9.1,16.7,2.9,319,21,10.0,18.5,2.9,321,18,10.0,18.5,2.9,321,18,0,30.14,-0.0,,,,,,,,,
STAT,2019-11-08 18:30:00 EST,40.60402,-74.14850,109,33.7,33.7,24.2,38.6,11.1,0.000,0.002,0.00,0.000,13.2,18.6,2.7,325,12,13.8,20.0,2.9,324,13,13.8,20.0,2.9,324,13,0,30.14,0.0,,,,,,,,,
STAT,2019-11-08 18:35:00 EST,40.60402,-74.14850,109,33.6,33.6,23.5,38.6,11.0,0.000,0.002,0.00,0.000,14.4,22.0,3.1,322,12,15.2,24.4,3.3,323,13,15.2,24.4,3.3,323,13,0,30.15,-0.0,,,,,,,,,
STAT,2019-11-08 18:40:00 EST,40.60402,-74.14850,109,33.5,33.5,25.0,39.2,11.3,0.000,0.002,0.00,0.000,10.3,16.9,2.3,326,13,11.1,20.9,2.4,327,13,11.1,20.9,2.4,327,13,0,30.15,-0.0,,,,,,,,,
STAT,2019-11-08 18:45:00 EST,40.60402,-74.14850,109,33.4,33.4,24.7,39.3,11.2,0.000,0.002,0.00,0.000,11.2,17.1,2.1,321,14,11.7,18.9,2.3,324,14,11.7,18.9,2.3,324,14,0,30.15,0.0,,,,,,,,,
STAT,2019-11-08 18:50:00 EST,40.60402,-74.14850,109,33.3,33.3,23.7,38.7,10.8,0.000,0.002,0.00,0.000,13.4,21.0,3.3,323,11,13.8,21.1,3.5,324,12,13.8,21.1,3.5,324,12,0,30.15,-0.0,,,,,,,,,
STAT,2019-11-08 18:55:00 EST,40.60402,-74.14850,109,33.2,33.2,24.3,39.0,10.9,0.000,0.002,0.00,0.000,11.4,19.2,3.5,323,15,12.1,20.8,3.8,324,12,12.1,20.8,3.8,324,12,0,30.15,-0.0,,,,,,,,,
STAT,2019-11-08 19:00:00 EST,40.60402,-74.14850,109,33.2,33.2,24.3,39.1,10.9,0.000,0.002,0.00,0.000,11.0,18.9,3.0,325,16,11.9,20.0,3.1,326,15,11.9,20.0,3.1,326,15,0,30.16,-0.0,,,,,,,,,
STAT,2019-11-08 19:05:00 EST,40.60402,-74.14850,109,33.1,33.1,24.6,39.3,10.9,0.000,0.002,0.00,0.000,10.3,16.8,3.0,317,19,10.9,18.1,2.9,318,17,10.9,18.1,2.9,318,17,0,30.16,-0.0,,,,,,,,,
STAT,2019-11-08 19:10:00 EST,40.60402,-74.14850,109,33.0,33.0,24.2,39.2,10.8,0.000,0.002,0.00,0.000,11.0,18.8,3.1,321,18,11.7,20.4,3.0,323,15,11.7,20.4,3.0,323,15,0,30.16,0.0,,,,,,,,,
STAT,2019-11-08 19:15:00 EST,40.60402,-74.14850,109,32.9,33.0,24.0,39.2,10.8,0.000,0.002,0.00,0.000,11.3,18.5,3.0,326,14,12.0,19.8,3.0,327,14,12.0,19.8,3.0,327,14,0,30.16,0.0,,,,,,,,,
STAT,2019-11-08 19:20:00 EST,40.60402,-74.14850,109,32.8,32.8,25.2,39.8,11.0,0.000,0.002,0.00,0.000,8.4,16.8,3.4,325,22,9.1,17.2,3.3,326,18,9.1,17.2,3.3,326,18,0,30.16,0.0,,,,,,,,,
STAT,2019-11-08 19:25:00 EST,40.60402,-74.14850,109,32.8,32.8,24.4,39.6,10.9,0.000,0.002,0.00,0.000,10.0,16.6,3.6,321,16,10.6,19.2,3.6,321,15,10.6,19.2,3.6,321,15,0,30.17,0.0,,,,,,,,,
STAT,2019-11-08 19:30:00 EST,40.60402,-74.14850,109,32.7,32.7,25.7,39.9,11.0,0.000,0.002,0.00,0.000,7.2,12.1,2.6,327,16,8.0,14.0,2.6,329,18,8.0,14.0,2.6,329,18,0,30.17,0.0,,,,,,,,,
STAT,2019-11-08 19:35:00 EST,40.60402,-74.14850,109,32.5,32.6,27.3,41.4,11.6,0.000,0.002,0.00,0.000,4.9,11.2,2.3,311,25,5.5,12.0,2.4,309,24,5.5,12.0,2.4,309,24,0,30.17,0.0,,,,,,,,,
STAT,2019-11-08 19:40:00 EST,40.60402,-74.14850,109,32.5,32.5,25.3,41.9,11.9,0.000,0.002,0.00,0.000,7.8,14.0,2.5,308,17,8.3,14.7,2.6,308,17,8.3,14.7,2.6,308,17,0,30.17,0.0,,,,,,,,,
STAT,2019-11-08 19:45:00 EST,40.60402,-74.14850,109,32.4,32.5,24.3,41.9,11.8,0.000,0.002,0.00,0.000,9.2,18.1,3.1,318,19,9.9,18.4,3.6,319,18,9.9,18.4,3.6,319,18,0,30.18,0.0,,,,,,,,,
STAT,2019-11-08 19:50:00 EST,40.60402,-74.14850,109,32.3,32.4,24.9,41.6,11.5,0.000,0.002,0.00,0.000,7.9,15.0,3.3,322,23,8.6,14.6,3.3,324,23,8.6,14.6,3.3,324,23,0,30.18,-0.1,,,,,,,,,
STAT,2019-11-08 19:55:00 EST,40.60402,-74.14850,109,32.3,32.3,24.2,41.8,11.6,0.000,0.002,0.00,0.000,9.2,15.4,2.4,325,11,9.7,15.9,2.4,326,11,9.7,15.9,2.4,326,11,0,30.18,-0.0,,,,,,,,,
STAT,2019-11-08 20:00:00 EST,40.60402,-74.14850,109,32.2,32.2,25.2,42.1,11.7,0.000,0.002,0.00,0.000,7.4,16.2,3.0,326,15,7.9,16.8,3.0,326,14,7.9,16.8,3.0,326,14,0,30.18,-0.0,,,,,,,,,
STAT,2019-11-08 20:05:00 EST,40.60402,-74.14850,109,32.1,32.1,23.9,42.7,11.9,0.000,0.002,0.00,0.000,9.3,13.8,2.6,315,18,9.8,14.3,2.4,316,18,9.8,14.3,2.4,316,18,0,30.18,0.0,,,,,,,,,
STAT,2019-11-08 20:10:00 EST,40.60402,-74.14850,109,32.0,32.0,22.0,42.8,11.9,0.000,0.002,0.00,0.000,13.1,21.8,4.2,324,14,13.8,22.9,4.0,324,14,13.8,22.9,4.0,324,14,0,30.18,0.0,,,,,,,,,
STAT,2019-11-08 20:15:00 EST,40.60402,-74.14850,109,32.0,32.0,22.6,42.8,11.9,0.000,0.002,0.00,0.000,11.4,18.6,3.3,325,18,12.2,19.6,3.3,325,18,12.2,19.6,3.3,325,18,0,30.18,0.0,,,,,,,,,
STAT,2019-11-08 20:20:00 EST,40.60402,-74.14850,109,31.9,31.9,22.2,42.8,11.9,0.000,0.002,0.00,0.000,12.5,19.4,2.5,329,18,13.1,20.1,2.5,330,10,13.1,20.1,2.5,330,10,0,30.18,-0.0,,,,,,,,,
STAT,2019-11-08 20:25:00 EST,40.60402,-74.14850,109,31.8,31.8,23.1,43.5,12.1,0.000,0.002,0.00,0.000,10.3,16.0,3.5,324,12,10.9,16.2,3.3,325,12,10.9,16.2,3.3,325,12,0,30.18,0.0,,,,,,,,,
STAT,2019-11-08 20:30:00 EST,40.60402,-74.14850,109,31.8,31.8,24.6,44.2,12.4,0.000,0.002,0.00,0.000,7.2,12.8,2.4,326,16,7.9,14.1,2.5,328,17,7.9,14.1,2.5,328,17,0,30.19,-0.0,,,,,,,,,
STAT,2019-11-08 20:35:00 EST,40.60402,-74.14850,109,31.7,31.7,24.9,45.0,12.7,0.000,0.002,0.00,0.000,6.8,11.0,2.1,323,14,7.3,11.8,2.2,324,14,7.3,11.8,2.2,324,14,0,30.19,-0.0,,,,,,,,,
STAT,2019-11-08 20:40:00 EST,40.60402,-74.14850,109,31.6,31.6,23.5,45.3,12.8,0.000,0.002,0.00,0.000,8.7,18.9,3.7,327,16,9.5,19.4,3.7,329,15,9.5,19.4,3.7,329,15,0,30.19,-0.0,,,,,,,,,
STAT,2019-11-08 20:45:00 EST,40.60402,-74.14850,109,31.5,31.5,24.0,45.1,12.7,0.000,0.002,0.00,0.000,8.0,12.1,2.0,327,13,8.4,12.1,2.0,329,13,8.4,12.1,2.0,329,13,0,30.19,-0.0,,,,,,,,,
STAT,2019-11-08 20:50:00 EST,40.60402,-74.14850,109,31.5,31.5,22.6,45.7,12.9,0.000,0.002,0.00,0.000,10.2,18.2,3.2,331,15,11.0,20.3,3.7,333,13,11.0,20.3,3.7,333,13,0,30.19,-0.1,,,,,,,,,
STAT,2019-11-08 20:55:00 EST,40.60402,-74.14850,109,31.4,31.4,21.8,45.2,12.6,0.000,0.002,0.00,0.000,11.6,19.5,3.1,334,18,12.6,22.4,3.6,334,16,12.6,22.4,3.6,334,16,0,30.19,0.0,,,,,,,,,
STAT,2019-11-08 21:00:00 EST,40.60402,-74.14850,109,31.4,31.4,23.9,45.9,12.9,0.000,0.002,0.00,0.000,7.7,12.8,2.4,341,18,8.3,13.5,2.5,342,17,8.3,13.5,2.5,342,17,0,30.20,0.0,,,,,,,,,
STAT,2019-11-08 21:05:00 EST,40.60402,-74.14850,109,31.3,31.3,24.3,46.5,13.2,0.000,0.002,0.00,0.000,6.6,13.0,1.9,338,18,7.5,14.7,2.3,339,17,7.5,14.7,2.3,339,17,0,30.20,0.0,,,,,,,,,
STAT,2019-11-08 21:10:00 EST,40.60402,-74.14850,109,31.3,31.3,23.6,47.2,13.4,0.000,0.002,0.00,0.000,7.8,12.4,2.4,326,14,8.5,12.3,2.3,327,16,8.5,12.3,2.3,327,16,0,30.20,-0.0,,,,,,,,,
STAT,2019-11-08 21:15:00 EST,40.60402,-74.14850,109,31.1,31.1,23.1,47.2,13.3,0.000,0.002,0.00,0.000,8.2,15.7,2.4,341,24,9.1,17.4,2.7,341,19,9.1,17.4,2.7,341,19,0,30.20,-0.0,,,,,,,,,
STAT,2019-11-08 21:20:00 EST,40.60402,-74.14850,109,31.1,31.1,21.6,47.2,13.3,0.000,0.002,0.00,0.000,11.7,15.6,2.0,330,9,12.3,17.1,2.2,332,9,12.3,17.1,2.2,332,9,0,30.20,-0.0,,,,,,,,,
STAT,2019-11-08 21:25:00 EST,40.60402,-74.14850,109,31.0,31.0,22.9,48.2,13.7,0.000,0.002,0.00,0.000,8.9,12.2,1.5,322,12,9.3,12.9,1.7,324,11,9.3,12.9,1.7,324,11,0,30.20,0.0,,,,,,,,,
STAT,2019-11-08 21:30:00 EST,40.60402,-74.14850,109,30.9,30.9,22.4,48.6,13.8,0.000,0.002,0.00,0.000,9.2,13.2,2.2,329,13,9.9,14.2,2.3,331,12,9.9,14.2,2.3,331,12,0,30.20,-0.0,,,,,,,,,
STAT,2019-11-08 21:35:00 EST,40.60402,-74.14850,109,30.8,30.8,22.7,49.0,13.9,0.000,0.002,0.00,0.000,8.6,12.8,1.6,329,13,9.1,13.5,1.8,331,13,9.1,13.5,1.8,331,13,0,30.21,-0.1,,,,,,,,,
STAT,2019-11-08 21:40:00 EST,40.60402,-74.14850,109,30.7,30.7,22.9,49.5,14.0,0.000,0.002,0.00,0.000,8.1,12.5,1.7,328,13,8.7,13.5,1.8,329,12,8.7,13.5,1.8,329,12,0,30.21,-0.0,,,,,,,,,
STAT,2019-11-08 21:45:00 EST,40.60402,-74.14850,109,30.6,30.6,22.1,49.4,13.9,0.000,0.002,0.00,0.000,8.9,15.6,2.9,333,20,9.7,18.5,3.3,334,16,9.7,18.5,3.3,334,16,0,30.21,-0.0,,,,,,,,,
STAT,2019-11-08 21:50:00 EST,40.60402,-74.14850,109,30.5,30.5,21.5,49.7,13.9,0.000,0.002,0.00,0.000,10.4,18.6,2.5,326,10,10.8,19.8,2.6,327,10,10.8,19.8,2.6,327,10,0,30.21,-0.0,,,,,,,,,
STAT,2019-11-08 21:55:00 EST,40.60402,-74.14850,109,30.5,30.5,22.0,50.4,14.2,0.000,0.002,0.00,0.000,9.0,14.0,1.8,322,12,9.6,16.7,2.1,324,12,9.6,16.7,2.1,324,12,0,30.21,0.0,,,,,,,,,
STAT,2019-11-08 22:00:00 EST,40.60402,-74.14850,109,30.3,30.3,21.8,50.4,14.1,0.000,0.002,0.00,0.000,9.0,15.5,2.8,331,11,9.7,17.4,2.8,333,11,9.7,17.4,2.8,333,11,0,30.21,-0.0,,,,,,,,,
STAT,2019-11-08 22:05:00 EST,40.60402,-74.14850,109,30.3,30.2,23.0,50.9,14.2,0.000,0.002,0.00,0.000,6.8,13.2,2.2,330,20,7.6,14.2,2.4,332,17,7.6,14.2,2.4,332,17,0,30.22,-0.0,,,,,,,,,
STAT,2019-11-08 22:10:00 EST,40.60402,-74.14850,109,30.2,30.2,21.5,51.1,14.2,0.000,0.002,0.00,0.000,9.4,15.0,2.4,326,19,10.0,15.9,2.5,328,15,10.0,15.9,2.5,328,15,0,30.22,0.0,,,,,,,,,
STAT,2019-11-08 22:15:00 EST,40.60402,-74.14850,109,30.1,30.1,22.1,51.3,14.3,0.000,0.002,0.00,0.000,8.0,13.3,2.3,336,20,8.8,15.5,2.3,339,15,8.8,15.5,2.3,339,15,0,30.22,-0.0,,,,,,,,,
STAT,2019-11-08 22:20:00 EST,40.60402,-74.14850,109,30.0,30.0,21.1,51.7,14.4,0.000,0.002,0.00,0.000,9.7,15.8,2.6,327,17,10.4,16.8,2.6,327,16,10.4,16.8,2.6,327,16,0,30.23,0.0,,,,,,,,,
STAT,2019-11-08 22:25:00 EST,40.60402,-74.14850,109,30.0,30.0,21.8,52.3,14.6,0.000,0.002,0.00,0.000,8.6,13.4,2.4,323,13,9.0,13.7,2.4,324,13,9.0,13.7,2.4,324,13,0,30.22,-0.0,,,,,,,,,
STAT,2019-11-08 22:30:00 EST,40.60402,-74.14850,109,29.9,29.9,22.8,53.2,14.9,0.000,0.002,0.00,0.000,6.5,12.2,3.1,318,21,7.2,13.7,3.2,319,19,7.2,13.7,3.2,319,19,0,30.22,0.0,,,,,,,,,
STAT,2019-11-08 22:35:00 EST,40.60402,-74.14850,109,29.9,29.9,22.0,52.5,14.6,0.000,0.002,0.00,0.000,7.7,12.0,1.9,341,22,8.4,13.4,2.3,342,17,8.4,13.4,2.3,342,17,0,30.23,-0.0,,,,,,,,,
STAT,2019-11-08 22:40:00 EST,40.60402,-74.14850,109,29.8,29.8,23.1,52.2,14.4,0.000,0.002,0.00,0.000,5.9,10.2,2.1,349,25,6.7,12.7,2.4,347,25,6.7,12.7,2.4,347,25,0,30.23,-0.0,,,,,,,,,
STAT,2019-11-08 22:45:00 EST,40.60402,-74.14850,109,29.8,29.8,23.0,52.5,14.5,0.000,0.002,0.00,0.000,6.2,10.5,2.5,340,20,6.8,12.4,2.8,343,17,6.8,12.4,2.8,343,17,0,30.23,-0.0,,,,,,,,,
STAT,2019-11-08 22:50:00 EST,40.60402,-74.14850,109,29.7,29.7,21.3,52.4,14.4,0.000,0.002,0.00,0.000,8.9,12.9,1.8,322,14,9.3,13.9,2.0,323,13,9.3,13.9,2.0,323,13,0,30.23,-0.0,,,,,,,,,
STAT,2019-11-08 22:55:00 EST,40.60402,-74.14850,109,29.6,29.7,21.6,53.2,14.7,0.000,0.002,0.00,0.000,8.1,15.3,3.4,323,12,8.5,16.8,3.4,323,15,8.5,16.8,3.4,323,15,0,30.23,-0.0,,,,,,,,,
STAT,2019-11-08 23:00:00 EST,40.60402,-74.14850,109,29.7,29.6,20.8,52.7,14.5,0.000,0.002,0.00,0.000,9.3,16.2,2.7,327,21,10.1,17.0,2.8,329,18,10.1,17.0,2.8,329,18,0,30.23,-0.1,,,,,,,,,
STAT,2019-11-08 23:05:00 EST,40.60402,-74.14850,109,29.5,29.6,22.2,52.5,14.3,0.000,0.002,0.00,0.000,6.7,12.9,2.7,337,21,7.5,17.0,2.9,340,17,7.5,17.0,2.9,340,17,0,30.23,-0.0,,,,,,,,,
STAT,2019-11-08 23:10:00 EST,40.60402,-74.14850,109,29.5,29.5,22.9,52.7,14.4,0.000,0.002,0.00,0.000,6.1,11.6,2.5,350,22,6.5,13.0,2.8,350,21,6.5,13.0,2.8,350,21,0,30.23,-0.0,,,,,,,,,
STAT,2019-11-08 23:15:00 EST,40.60402,-74.14850,109,29.5,29.5,22.5,53.0,14.4,0.000,0.002,0.00,0.000,6.3,10.8,2.3,330,20,6.9,11.8,2.4,330,19,6.9,11.8,2.4,330,19,0,30.23,-0.0,,,,,,,,,
STAT,2019-11-08 23:20:00 EST,40.60402,-74.14850,109,29.5,29.4,20.4,52.9,14.4,0.000,0.002,0.00,0.000,9.6,13.8,1.9,343,23,10.3,15.4,2.1,343,14,10.3,15.4,2.1,343,14,0,30.23,-0.0,,,,,,,,,
STAT,2019-11-08 23:25:00 EST,40.60402,-74.14850,109,29.4,29.4,20.8,53.1,14.4,0.000,0.002,0.00,0.000,8.7,14.1,2.5,326,16,9.4,14.5,2.6,325,14,9.4,14.5,2.6,325,14,0,30.23,-0.0,,,,,,,,,
STAT,2019-11-08 23:30:00 EST,40.60402,-74.14850,109,29.3,29.3,20.3,53.3,14.4,0.000,0.002,0.00,0.000,9.6,14.8,1.9,325,16,10.1,18.9,2.2,325,12,10.1,18.9,2.2,325,12,0,30.23,0.0,,,,,,,,,
STAT,2019-11-08 23:35:00 EST,40.60402,-74.14850,109,29.3,29.2,22.9,53.7,14.6,0.000,0.002,0.00,0.000,5.4,9.8,1.7,339,17,6.1,10.6,1.9,337,16,6.1,10.6,1.9,337,16,0,30.23,-0.0,,,,,,,,,
STAT,2019-11-08 23:40:00 EST,40.60402,-74.14850,109,29.3,29.2,23.4,54.0,14.7,0.000,0.002,0.00,0.000,4.9,7.3,1.3,338,21,5.5,8.7,1.5,339,19,5.5,8.7,1.5,339,19,0,30.23,0.0,,,,,,,,,
STAT,2019-11-08 23:45:00 EST,40.60402,-74.14850,109,29.2,29.2,21.4,54.2,14.7,0.000,0.002,0.00,0.000,7.6,13.1,2.1,329,16,8.2,13.9,2.2,330,16,8.2,13.9,2.2,330,16,0,30.23,-0.0,,,,,,,,,
STAT,2019-11-08 23:50:00 EST,40.60402,-74.14850,109,29.2,29.2,19.8,53.7,14.5,0.000,0.002,0.00,0.000,10.3,15.5,1.9,331,11,10.9,15.9,2.0,335,10,10.9,15.9,2.0,335,10,0,30.23,-0.0,,,,,,,,,
STAT,2019-11-08 23:55:00 EST,40.60402,-74.14850,109,29.1,29.1,21.0,54.3,14.7,0.000,0.002,0.00,0.000,8.1,10.9,1.5,325,10,8.4,12.7,1.7,326,10,8.4,12.7,1.7,326,10,0,30.23,-0.0,,,,,,,,,
STEP,2019-11-08 00:00:00 EST,42.52620,-73.35906,951,30.4,30.3,24.5,89.5,27.7,0.000,0.454,0.00,0.017,5.5,10.8,2.2,308,25,5.8,13.9,2.6,311,29,5.8,13.9,2.6,311,29,0,28.98,-0.0,0,0,0,43.6,46.4,48.9,0.30,0.28,0.34
STEP,2019-11-08 00:05:00 EST,42.52620,-73.35906,951,30.3,30.2,23.4,90.3,27.8,0.000,0.000,0.00,0.017,6.5,14.7,2.1,301,20,7.1,12.0,1.9,300,21,7.1,12.0,1.9,300,21,0,28.98,-0.1,0,0,0,43.6,46.4,48.9,0.30,0.28,0.34
STEP,2019-11-08 00:10:00 EST,42.52620,-73.35906,951,30.2,30.0,24.9,91.3,27.9,0.000,0.000,0.00,0.017,4.4,7.2,1.3,301,28,5.0,9.2,1.5,303,27,5.0,9.2,1.5,303,27,0,28.98,-0.1,0,0,0,43.6,46.4,49.0,0.30,0.28,0.34
STEP,2019-11-08 00:15:00 EST,42.52620,-73.35906,951,30.0,29.9,25.7,92.2,28.0,0.000,0.000,0.00,0.017,3.3,6.6,1.5,294,28,4.0,9.1,1.7,296,26,4.0,9.1,1.7,296,26,0,28.98,-0.1,0,0,0,43.6,46.3,49.0,0.30,0.28,0.34
STEP,2019-11-08 00:20:00 EST,42.52620,-73.35906,951,29.8,29.7,24.1,93.1,28.0,0.004,0.004,0.00,0.018,5.2,9.7,1.6,303,17,5.5,10.3,1.7,307,17,5.5,10.3,1.7,307,17,0,28.98,-0.1,0,0,0,43.6,46.4,49.1,0.30,0.28,0.34
STEP,2019-11-08 00:25:00 EST,42.52620,-73.35906,951,29.8,29.6,23.6,94.6,28.4,0.001,0.005,0.00,0.012,5.5,9.0,1.2,313,22,6.0,9.1,1.4,316,21,6.0,9.1,1.4,316,21,0,28.98,-0.1,0,0,0,43.6,46.4,49.0,0.30,0.28,0.34
STEP,2019-11-08 00:30:00 EST,42.52620,-73.35906,951,30.0,29.9,24.0,93.8,28.5,0.000,0.005,0.00,0.008,5.3,10.2,1.9,332,19,5.9,12.2,2.4,336,19,5.9,12.2,2.4,336,19,0,28.98,-0.0,0,0,0,43.5,46.4,49.0,0.30,0.28,0.34
STEP,2019-11-08 00:35:00 EST,42.52620,-73.35906,951,30.1,29.9,21.8,91.7,28.0,0.000,0.005,0.00,0.008,8.0,12.9,2.6,347,16,9.1,14.7,3.0,349,14,9.1,14.7,3.0,349,14,0,28.98,-0.0,0,0,0,43.6,46.4,48.9,0.30,0.28,0.34
STEP,2019-11-08 00:40:00 EST,42.52620,-73.35906,951,29.8,29.6,19.4,88.1,26.7,0.000,0.005,0.00,0.008,11.3,15.3,1.6,0,14,13.5,18.6,2.1,1,9,13.5,18.6,2.1,1,9,0,28.98,-0.0,0,0,0,43.6,46.4,49.0,0.30,0.28,0.34
STEP,2019-11-08 00:45:00 EST,42.52620,-73.35906,951,29.6,29.4,19.1,87.0,26.2,0.000,0.005,0.00,0.005,11.2,16.5,2.4,358,12,13.3,19.6,2.7,359,9,13.3,19.6,2.7,359,9,0,28.98,-0.0,0,0,0,43.6,46.4,49.0,0.30,0.28,0.34
STEP,2019-11-08 00:50:00 EST,42.52620,-73.35906,951,29.4,29.2,18.8,85.2,25.5,0.000,0.005,0.00,0.005,12.0,15.7,1.9,340,18,13.4,18.6,2.3,343,14,13.4,18.6,2.3,343,14,0,28.99,-0.1,0,0,0,43.5,46.4,49.0,0.30,0.28,0.34
STEP,2019-11-08 00:55:00 EST,42.52620,-73.35906,951,29.1,29.0,19.5,82.2,24.3,0.000,0.005,0.00,0.005,10.3,17.0,2.8,332,14,11.2,20.0,3.3,336,14,11.2,20.0,3.3,336,14,0,28.99,-0.1,0,0,0,43.5,46.4,49.0,0.30,0.28,0.34
STEP,2019-11-08 01:00:00 EST,42.52620,-73.35906,951,28.7,28.5,18.4,79.2,23.1,0.000,0.005,0.00,0.005,11.4,18.6,2.6,334,11,12.5,20.8,2.7,337,11,12.5,20.8,2.7,337,11,0,28.99,-0.1,0,0,0,43.4,46.3,49.0,0.30,0.28,0.34
STEP,2019-11-08 01:05:00 EST,42.52620,-73.35906,951,28.4,28.2,18.7,79.8,22.9,0.000,0.005,0.00,0.005,10.3,14.3,1.8,332,14,11.1,16.2,2.0,335,13,11.1,16.2,2.0,335,13,0,28.99,-0.1,0,0,0,43.4,46.4,49.0,0.30,0.28,0.34
STEP,2019-11-08 01:10:00 EST,42.52620,-73.35906,951,28.2,28.0,18.0,80.7,23.0,0.000,0.005,0.00,0.005,11.0,17.0,2.4,331,9,11.8,18.8,2.7,336,8,11.8,18.8,2.7,336,8,0,28.99,-0.1,0,0,0,43.4,46.3,48.9,0.30,0.28,0.34
STEP,2019-11-08 01:15:00 EST,42.52620,-73.35906,951,27.8,27.7,17.9,80.6,22.6,0.000,0.005,0.00,0.005,10.2,15.5,2.8,337,12,11.1,17.7,3.1,341,10,11.1,17.7,3.1,341,10,0,28.99,-0.1,0,0,0,43.4,46.4,49.0,0.30,0.28,0.34
STEP,2019-11-08 01:20:00 EST,42.52620,-73.35906,951,27.6,27.5,17.3,78.6,21.8,0.000,0.005,0.00,0.001,11.0,18.9,2.4,325,13,11.8,20.4,2.6,329,12,11.8,20.4,2.6,329,12,0,28.99,-0.2,0,0,0,43.4,46.4,48.9,0.30,0.28,0.34
STEP,2019-11-08 01:25:00 EST,42.52620,-73.35906,951,27.4,27.3,18.8,78.1,21.5,0.000,0.005,0.00,0.000,8.1,13.4,2.1,322,17,8.6,14.8,2.2,325,18,8.6,14.8,2.2,325,18,0,28.99,-0.1,0,0,0,43.4,46.4,49.0,0.30,0.28,0.34
STEP,2019-11-08 01:30:00 EST,42.52620,-73.35906,951,27.3,27.2,17.1,78.6,21.5,0.000,0.005,0.00,0.000,10.4,20.0,3.4,327,17,11.5,23.2,4.1,329,18,11.5,23.2,4.1,329,18,0,28.99,-0.2,0,0,0,43.4,46.3,48.8,0.30,0.28,0.34
STEP,2019-11-08 01:35:00 EST,42.52620,-73.35906,951,27.1,27.0,16.1,75.6,20.5,0.000,0.005,0.00,0.000,12.0,17.9,2.7,333,12,13.1,19.3,3.1,337,13,13.1,19.3,3.1,337,13,0,29.00,-0.1,0,0,0,43.3,46.3,48.6,0.30,0.28,0.34
STEP,2019-11-08 01:40:00 EST,42.52620,-73.35906,951,27.0,26.9,18.3,77.6,21.0,0.000,0.005,0.00,0.000,8.5,15.5,2.8,324,13,8.8,15.3,2.7,328,12,8.8,15.3,2.7,328,12,0,29.00,-0.1,0,0,0,43.3,46.4,48.8,0.30,0.28,0.34
STEP,2019-11-08 01:45:00 EST,42.52620,-73.35906,951,26.8,26.7,17.8,79.9,21.4,0.000,0.005,0.00,0.000,7.9,12.6,2.3,350,17,9.1,14.3,2.6,352,14,9.1,14.3,2.6,352,14,0,29.00,-0.1,0,0,0,43.3,46.4,49.0,0.30,0.28,0.34
STEP,2019-11-08 01:50:00 EST,42.52620,-73.35906,951,26.4,26.5,18.0,79.1,20.8,0.000,0.005,0.00,0.000,7.2,10.1,1.1,341,15,8.2,11.7,1.2,344,11,8.2,11.7,1.2,344,11,0,28.99,-0.1,0,0,0,43.3,46.3,48.9,0.30,0.28,0.34
STEP,2019-11-08 01:55:00 EST,42.52620,-73.35906,951,26.2,26.4,16.7,77.7,20.1,0.000,0.005,0.00,0.000,8.1,10.4,1.0,348,11,9.7,13.5,1.2,351,9,9.7,13.5,1.2,351,9,0,28.99,-0.1,0,0,0,43.3,46.3,48.9,0.30,0.28,0.34
STEP,2019-11-08 02:00:00 EST,42.52620,-73.35906,951,26.0,26.2,18.0,78.9,20.4,0.000,0.005,0.00,0.000,6.7,9.4,1.3,339,15,7.4,11.0,1.6,344,9,7.4,11.0,1.6,344,9,0,28.99,-0.1,0,0,0,43.3,46.3,48.7,0.29,0.28,0.34
STEP,2019-11-08 02:05:00 EST,42.52620,-73.35906,951,25.7,25.9,18.7,81.8,20.9,0.000,0.005,0.00,0.000,5.5,7.6,1.2,333,9,6.0,8.5,1.3,337,9,6.0,8.5,1.3,337,9,0,28.99,-0.1,0,0,0,43.3,46.4,49.0,0.30,0.28,0.34
STEP,2019-11-08 02:10:00 EST,42.52620,-73.35906,951,25.8,26.0,17.1,79.2,20.3,0.000,0.005,0.00,0.000,7.6,11.5,2.3,332,12,8.3,13.8,2.7,337,12,8.3,13.8,2.7,337,12,0,28.99,-0.1,0,0,0,43.3,46.4,48.8,0.30,0.28,0.34
STEP,2019-11-08 02:15:00 EST,42.52620,-73.35906,951,25.6,25.8,17.8,78.5,19.9,0.000,0.005,0.00,0.000,6.6,9.6,1.0,336,9,7.1,10.4,1.2,340,8,7.1,10.4,1.2,340,8,0,28.99,-0.1,0,0,0,43.3,46.4,48.9,0.30,0.28,0.34
STEP,2019-11-08 02:20:00 EST,42.52620,-73.35906,951,25.6,25.6,17.2,77.2,19.4,0.000,0.005,0.00,0.000,7.4,11.3,1.4,326,13,7.8,11.7,1.5,329,12,7.8,11.7,1.5,329,12,0,28.99,-0.0,0,0,0,43.2,46.3,48.8,0.30,0.28,0.34
STEP,2019-11-08 02:25:00 EST,42.52620,-73.35906,951,25.3,25.4,18.9,77.7,19.4,0.000,0.005,0.00,0.000,5.1,8.3,1.1,325,12,5.4,9.0,1.2,329,12,5.4,9.0,1.2,329,12,0,28.99,-0.1,0,0,0,43.3,46.3,48.8,0.30,0.28,0.34
STEP,2019-11-08 02:30:00 EST,42.52620,-73.35906,951,25.0,25.1,18.9,78.7,19.3,0.000,0.005,0.00,0.000,4.4,8.3,1.5,331,18,5.0,10.1,1.7,335,16,5.0,10.1,1.7,335,16,0,28.99,-0.1,0,0,0,43.2,46.4,48.9,0.30,0.28,0.34
STEP,2019-11-08 02:35:00 EST,42.52620,-73.35906,951,24.9,25.1,16.6,77.6,18.9,0.000,0.005,0.00,0.000,6.9,9.6,1.4,334,15,7.5,11.7,1.7,338,16,7.5,11.7,1.7,338,16,0,28.99,-0.0,0,0,0,43.2,46.3,48.8,0.30,0.28,0.34
STEP,2019-11-08 02:40:00 EST,42.52620,-73.35906,951,24.9,25.0,15.8,75.5,18.2,0.000,0.005,0.00,0.000,7.6,11.9,1.7,336,14,8.5,13.8,1.9,338,16,8.5,13.8,1.9,338,16,0,28.99,-0.1,0,0,0,43.2,46.2,49.0,0.29,0.28,0.34
STEP,2019-11-08 02:45:00 EST,42.52620,-73.35906,951,24.6,24.8,16.2,75.5,17.9,0.000,0.005,0.00,0.000,6.6,10.0,1.4,342,12,7.4,12.1,1.6,346,10,7.4,12.1,1.6,346,10,0,28.99,-0.0,0,0,0,43.2,46.0,48.7,0.29,0.28,0.34
STEP,2019-11-08 02:50:00 EST,42.52620,-73.35906,951,24.5,24.7,16.8,74.8,17.6,0.000,0.005,0.00,0.000,5.9,8.9,1.3,342,16,6.5,10.2,1.4,347,14,6.5,10.2,1.4,347,14,0,28.99,-0.1,0,0,0,43.2,46.1,49.0,0.29,0.28,0.34
STEP,2019-11-08 02:55:00 EST,42.52620,-73.35906,951,24.2,24.6,16.0,75.9,17.7,0.000,0.005,0.00,0.000,6.0,8.5,1.1,1,12,7.2,10.5,1.4,2,9,7.2,10.5,1.4,2,9,0,28.99,-0.0,0,0,0,43.2,46.0,49.0,0.29,0.28,0.34
STEP,2019-11-08 03:00:00 EST,42.52620,-73.35906,951,24.1,24.4,19.4,75.7,17.6,0.000,0.005,0.00,0.000,3.0,5.9,1.5,20,18,3.6,8.6,1.7,19,16,3.6,8.6,1.7,19,16,0,28.98,-0.1,0,0,0,43.2,46.0,48.9,0.29,0.28,0.34
STEP,2019-11-08 03:05:00 EST,42.52620,-73.35906,951,23.9,24.2,19.1,77.2,17.8,0.000,0.005,0.00,0.000,3.2,5.1,0.8,333,27,3.7,6.2,1.0,338,27,3.7,6.2,1.0,338,27,0,28.99,-0.1,0,0,0,43.1,46.0,48.9,0.29,0.28,0.34
STEP,2019-11-08 03:10:00 EST,42.52620,-73.35906,951,23.7,24.0,23.7,81.1,18.7,0.000,0.005,0.00,0.000,2.0,4.3,1.0,322,16,2.4,5.0,1.1,329,20,2.4,5.0,1.1,329,20,0,28.99,-0.1,0,0,0,43.1,46.0,49.0,0.29,0.28,0.34
STEP,2019-11-08 03:15:00 EST,42.52620,-73.35906,951,23.5,24.0,17.6,80.6,18.4,0.000,0.005,0.00,0.000,3.9,5.6,0.9,340,11,4.5,6.5,0.9,345,9,4.5,6.5,0.9,345,9,0,28.99,-0.1,0,0,0,43.0,46.0,48.8,0.30,0.28,0.34
STEP,2019-11-08 03:20:00 EST,42.52620,-73.35906,951,23.5,23.8,23.5,80.6,18.4,0.000,0.005,0.00,0.000,2.6,4.3,1.0,315,23,2.8,5.8,1.1,321,24,2.8,5.8,1.1,321,24,0,28.99,-0.0,0,0,0,43.0,46.0,48.7,0.29,0.28,0.34
STEP,2019-11-08 03:25:00 EST,42.52620,-73.35906,951,23.5,23.8,19.5,80.0,18.3,0.000,0.005,0.00,0.000,2.8,4.8,1.1,325,25,3.1,6.8,1.3,330,18,3.1,6.8,1.3,330,18,0,28.99,-0.0,0,0,0,43.0,46.0,48.9,0.29,0.28,0.34
STEP,2019-11-08 03:30:00 EST,42.52620,-73.35906,951,23.6,23.8,19.3,78.7,18.0,0.000,0.005,0.00,0.000,2.7,4.2,0.7,355,23,3.3,6.2,1.0,359,21,3.3,6.2,1.0,359,21,0,28.98,-0.1,0,0,0,43.0,46.0,48.9,0.29,0.28,0.34
STEP,2019-11-08 03:35:00 EST,42.52620,-73.35906,951,22.6,23.4,22.6,80.0,17.4,0.000,0.005,0.00,0.000,2.3,3.7,0.9,33,18,2.6,4.5,0.9,33,16,2.6,4.5,0.9,33,16,0,28.98,-0.1,0,0,0,43.0,46.0,48.7,0.29,0.28,0.34
STEP,2019-11-08 03:40:00 EST,42.52620,-73.35906,951,22.6,23.3,17.0,82.2,18.0,0.000,0.005,0.00,0.000,3.6,5.3,0.9,16,10,4.2,6.4,1.1,16,10,4.2,6.4,1.1,16,10,0,28.98,-0.1,0,0,0,42.9,46.0,48.7,0.29,0.28,0.34
STEP,2019-11-08 03:45:00 EST,42.52620,-73.35906,951,22.7,23.3,15.6,83.3,18.4,0.000,0.005,0.00,0.000,4.7,6.4,0.7,7,11,5.5,8.5,1.1,7,9,5.5,8.5,1.1,7,9,0,28.98,-0.0,0,0,0,42.9,46.0,48.8,0.29,0.28,0.34
STEP,2019-11-08 03:50:00 EST,42.52620,-73.35906,951,23.0,23.5,15.5,81.6,18.2,0.000,0.005,0.00,0.000,5.1,7.0,0.8,12,8,6.0,8.1,1.0,12,7,6.0,8.1,1.0,12,7,0,28.98,-0.0,0,0,0,42.9,46.0,49.0,0.29,0.28,0.34
STEP,2019-11-08 03:55:00 EST,42.52620,-73.35906,951,23.0,23.4,16.2,80.9,18.0,0.000,0.005,0.00,0.000,4.5,6.1,0.9,7,12,5.2,8.0,1.1,7,9,5.2,8.0,1.1,7,9,0,28.98,-0.1,0,0,0,42.8,46.0,48.8,0.29,0.28,0.34
STEP,2019-11-08 04:00:00 EST,42.52620,-73.35906,951,22.8,23.3,17.2,81.4,18.0,0.000,0.005,0.00,0.000,3.6,4.7,0.5,9,12,4.2,6.2,0.7,9,10,4.2,6.2,0.7,9,10,0,28.98,-0.1,0,0,0,42.8,46.0,48.7,0.29,0.28,0.34
STEP,2019-11-08 04:05:00 EST,42.52620,-73.35906,951,22.6,23.2,17.7,81.6,17.8,0.000,0.005,0.00,0.000,3.1,5.0,0.7,20,10,3.7,6.2,0.9,20,9,3.7,6.2,0.9,20,9,0,28.98,-0.1,0,0,0,42.9,46.0,48.9,0.29,0.28,0.34
STEP,2019-11-08 04:10:00 EST,42.52620,-73.35906,951,22.5,23.1,17.9,82.2,17.9,0.000,0.005,0.00,0.000,3.1,4.0,0.4,28,8,3.4,4.8,0.6,28,9,3.4,4.8,0.6,28,9,0,28.98,-0.1,0,0,0,42.9,46.0,49.0,0.29,0.28,0.34
STEP,2019-11-08 04:15:00 EST,42.52620,-73.35906,951,22.4,22.8,22.4,84.0,18.3,0.000,0.005,0.00,0.000,1.1,3.1,1.1,36,13,1.2,3.6,1.1,34,22,1.2,3.6,1.1,34,22,0,28.99,-0.1,0,0,0,42.9,46.0,48.8,0.29,0.28,0.34
STEP,2019-11-08 04:20:00 EST,42.52620,-73.35906,951,22.1,22.5,22.1,85.1,18.3,0.000,0.005,0.00,0.000,0.5,1.5,0.5,34,19,0.8,1.8,0.6,43,21,0.8,1.8,0.6,43,21,0,28.99,-0.0,0,0,0,42.8,46.0,48.8,0.29,0.28,0.34
STEP,2019-11-08 04:25:00 EST,42.52620,-73.35906,951,21.9,22.3,21.9,86.0,18.4,0.000,0.005,0.00,0.000,0.2,1.2,0.4,82,10,0.5,1.9,0.6,103,26,0.5,1.9,0.6,103,26,0,28.99,-0.1,0,0,0,42.8,46.0,48.7,0.29,0.28,0.34
STEP,2019-11-08 04:30:00 EST,42.52620,-73.35906,951,21.0,22.5,21.0,88.8,18.3,0.000,0.005,0.00,0.000,0.9,2.2,0.7,133,24,1.4,2.7,0.6,128,30,1.4,2.7,0.6,128,30,0,28.99,-0.0,0,0,0,42.8,45.9,48.7,0.29,0.28,0.34
STEP,2019-11-08 04:35:00 EST,42.52620,-73.35906,951,21.3,22.5,21.3,88.1,18.3,0.000,0.005,0.00,0.000,0.7,1.7,0.5,171,34,1.2,2.7,0.6,170,41,1.2,2.7,0.6,170,41,0,28.99,-0.1,0,0,0,42.8,45.9,48.7,0.29,0.28,0.34
STEP,2019-11-08 04:40:00 EST,42.52620,-73.35906,951,20.6,21.9,20.6,89.5,18.0,0.000,0.005,0.00,0.000,0.9,1.5,0.4,153,25,1.2,2.1,0.5,144,28,1.2,2.1,0.5,144,28,0,28.99,-0.0,0,0,0,42.7,45.9,48.7,0.29,0.28,0.34
STEP,2019-11-08 04:45:00 EST,42.52620,-73.35906,951,21.0,22.1,21.0,90.9,18.8,0.000,0.005,0.00,0.000,0.6,1.9,0.5,208,28,1.0,2.5,0.7,204,35,1.0,2.5,0.7,204,35,0,28.99,-0.0,0,0,0,42.7,45.9,48.7,0.29,0.28,0.34
STEP,2019-11-08 04:50:00 EST,42.52620,-73.35906,951,21.0,22.1,21.0,90.6,18.6,0.000,0.005,0.00,0.000,0.7,3.0,0.6,217,35,1.1,3.0,0.6,214,38,1.1,3.0,0.6,214,38,0,28.99,0.0,0,0,0,42.7,45.9,48.7,0.29,0.28,0.34
STEP,2019-11-08 04:55:00 EST,42.52620,-73.35906,951,21.5,22.4,21.5,91.6,19.5,0.000,0.005,0.00,0.000,2.1,5.0,1.2,271,25,2.5,6.1,1.4,272,25,2.5,6.1,1.4,272,25,0,28.99,0.1,0,0,0,42.7,45.9,48.6,0.29,0.28,0.34
STEP,2019-11-08 05:00:00 EST,42.52620,-73.35906,951,22.2,22.5,22.2,90.0,19.7,0.000,0.005,0.00,0.000,2.1,5.2,1.0,280,21,2.5,6.3,1.2,284,20,2.5,6.3,1.2,284,20,0,29.00,0.0,0,0,0,42.7,45.9,48.8,0.29,0.28,0.34
STEP,2019-11-08 05:05:00 EST,42.52620,-73.35906,951,22.5,22.7,17.3,87.2,19.3,0.000,0.005,0.00,0.000,3.5,8.2,1.6,291,24,3.9,8.8,1.6,291,24,3.9,8.8,1.6,291,24,0,29.00,0.0,0,0,0,42.6,45.9,48.7,0.29,0.28,0.34
STEP,2019-11-08 05:10:00 EST,42.52620,-73.35906,951,22.7,22.8,18.6,86.0,19.1,0.000,0.005,0.00,0.000,2.8,7.9,1.3,288,22,3.1,7.3,1.3,291,20,3.1,7.3,1.3,291,20,0,29.00,-0.0,0,0,0,42.6,45.9,48.7,0.29,0.28,0.34
STEP,2019-11-08 05:15:00 EST,42.52620,-73.35906,951,22.5,22.6,18.2,86.5,19.1,0.000,0.005,0.00,0.000,2.7,4.9,0.9,277,23,3.2,6.2,1.1,279,22,3.2,6.2,1.1,279,22,0,29.00,-0.0,0,0,0,42.5,45.9,48.7,0.29,0.28,0.34
STEP,2019-11-08 05:20:00 EST,42.52620,-73.35906,951,22.5,22.6,17.5,86.3,19.0,0.000,0.005,0.00,0.000,3.3,6.0,1.0,284,16,3.7,6.8,1.2,286,16,3.7,6.8,1.2,286,16,0,29.00,0.0,0,0,0,42.5,45.9,48.7,0.29,0.28,0.34
STEP,2019-11-08 05:25:00 EST,42.52620,-73.35906,951,22.5,22.6,18.6,85.5,18.9,0.000,0.005,0.00,0.000,2.6,4.6,0.9,294,22,3.0,5.5,1.0,297,23,3.0,5.5,1.0,297,23,0,29.00,-0.0,0,0,0,42.5,45.9,48.7,0.29,0.28,0.34
STEP,2019-11-08 05:30:00 EST,42.52620,-73.35906,951,22.6,22.6,17.5,84.9,18.7,0.000,0.005,0.00,0.000,3.4,6.0,1.1,297,22,3.7,7.4,1.2,301,22,3.7,7.4,1.2,301,22,0,29.00,0.0,0,0,0,42.5,45.9,48.7,0.29,0.28,0.34
STEP,2019-11-08 05:35:00 EST,42.52620,-73.35906,951,22.5,22.6,17.9,84.6,18.6,0.000,0.005,0.00,0.000,3.0,6.0,1.0,287,21,3.4,7.4,1.3,291,20,3.4,7.4,1.3,291,20,0,29.00,-0.0,0,0,0,42.5,45.9,48.7,0.29,0.28,0.34
STEP,2019-11-08 05:40:00 EST,42.52620,-73.35906,951,22.5,22.6,22.5,84.4,18.5,0.000,0.005,0.00,0.000,2.7,6.4,1.0,307,19,2.9,6.5,1.0,310,18,2.9,6.5,1.0,310,18,0,29.01,0.0,0,0,0,42.5,45.9,48.8,0.29,0.28,0.34
STEP,2019-11-08 05:45:00 EST,42.52620,-73.35906,951,22.5,22.6,16.7,83.5,18.3,0.000,0.005,0.00,0.000,3.9,6.5,1.2,295,25,4.3,8.0,1.3,296,26,4.3,8.0,1.3,296,26,0,29.01,-0.1,0,0,0,42.4,45.9,48.7,0.29,0.28,0.34
STEP,2019-11-08 05:50:00 EST,42.52620,-73.35906,951,22.4,22.4,18.3,84.1,18.3,0.000,0.005,0.00,0.000,2.7,5.6,1.0,303,22,3.0,6.2,1.1,306,24,3.0,6.2,1.1,306,24,0,29.01,0.0,0,0,0,42.5,45.9,48.7,0.29,0.28,0.34
STEP,2019-11-08 05:55:00 EST,42.52620,-73.35906,951,22.4,22.5,22.4,83.7,18.2,0.000,0.005,0.00,0.000,2.6,4.3,0.7,309,17,2.6,5.3,0.8,312,18,2.6,5.3,0.8,312,18,0,29.01,0.0,0,0,0,42.4,45.9,48.7,0.29,0.28,0.34
STEP,2019-11-08 06:00:00 EST,42.52620,-73.35906,951,22.2,22.3,22.2,84.1,18.2,0.000,0.005,0.00,0.000,2.2,4.9,0.9,315,24,2.7,5.6,0.9,321,26,2.7,5.6,0.9,321,26,0,29.01,-0.1,0,0,0,42.4,45.9,48.7,0.29,0.28,0.34
STEP,2019-11-08 06:05:00 EST,42.52620,-73.35906,951,22.1,22.3,18.0,84.3,18.1,0.000,0.005,0.00,0.000,2.9,4.2,0.7,315,17,3.1,5.2,0.9,320,17,3.1,5.2,0.9,320,17,0,29.01,-0.0,0,0,0,42.3,45.9,48.7,0.29,0.28,0.34
STEP,2019-11-08 06:10:00 EST,42.52620,-73.35906,951,22.2,22.2,17.7,84.4,18.2,0.000,0.005,0.00,0.000,3.0,5.2,1.1,314,15,3.3,5.2,1.1,318,16,3.3,5.2,1.1,318,16,0,29.02,0.0,0,0,0,42.4,45.9,48.7,0.29,0.28,0.34
STEP,2019-11-08 06:15:00 EST,42.52620,-73.35906,951,22.2,22.3,16.1,83.8,18.1,0.000,0.005,0.00,0.000,4.2,7.9,1.2,328,19,4.5,9.0,1.6,334,19,4.5,9.0,1.6,334,19,0,29.02,0.0,0,0,0,42.4,45.8,48.7,0.29,0.28,0.34
STEP,2019-11-08 06:20:00 EST,42.52620,-73.35906,951,22.2,22.2,22.2,84.0,18.1,0.000,0.005,0.00,0.000,2.4,5.3,1.1,309,20,2.8,5.8,1.2,314,21,2.8,5.8,1.2,314,21,0,29.02,0.0,0,0,0,42.4,45.9,48.7,0.29,0.28,0.34
STEP,2019-11-08 06:25:00 EST,42.52620,-73.35906,951,22.2,22.2,17.7,83.7,18.0,0.000,0.005,0.00,0.000,3.2,6.0,1.3,313,13,3.3,5.9,1.3,317,14,3.3,5.9,1.3,317,14,0,29.02,-0.0,0,0,0,42.3,45.8,48.7,0.29,0.28,0.34
STEP,2019-11-08 06:30:00 EST,42.52620,-73.35906,951,22.0,22.1,22.0,83.4,17.7,0.000,0.005,0.00,0.000,1.9,6.4,1.5,299,20,2.2,7.5,1.6,301,29,2.2,7.5,1.6,301,29,1,29.02,0.0,0,0,0,42.2,45.8,48.7,0.29,0.28,0.34
STEP,2019-11-08 06:35:00 EST,42.52620,-73.35906,951,21.9,22.0,17.7,83.6,17.8,0.000,0.005,0.00,0.000,2.8,6.9,1.4,302,19,3.1,6.5,1.3,304,20,3.1,6.5,1.3,304,20,2,29.02,0.0,0,0,0,42.3,45.8,48.6,0.29,0.28,0.34
STEP,2019-11-08 06:40:00 EST,42.52620,-73.35906,951,22.0,22.0,22.0,83.1,17.6,0.000,0.005,0.00,0.000,2.7,4.6,1.0,304,18,2.8,5.2,0.9,308,20,2.8,5.2,0.9,308,20,4,29.02,0.0,0,0,0,42.1,45.7,48.7,0.29,0.28,0.34
STEP,2019-11-08 06:45:00 EST,42.52620,-73.35906,951,21.9,22.0,21.9,82.6,17.4,0.000,0.005,0.00,0.000,2.4,4.7,0.9,302,23,2.7,5.1,1.0,306,23,2.7,5.1,1.0,306,23,6,29.02,0.0,0,0,0,42.1,45.7,48.7,0.29,0.28,0.34
STEP,2019-11-08 06:50:00 EST,42.52620,-73.35906,951,21.8,21.9,21.8,82.7,17.4,0.000,0.005,0.00,0.000,2.4,4.4,0.8,299,19,2.6,5.8,0.8,303,20,2.6,5.8,0.8,303,20,8,29.02,-0.0,0,0,0,42.1,45.7,48.7,0.29,0.28,0.34
STEP,2019-11-08 06:55:00 EST,42.52620,-73.35906,951,21.7,21.8,21.7,83.5,17.5,0.000,0.005,0.00,0.000,1.4,3.7,0.9,292,22,1.7,4.5,0.9,300,22,1.7,4.5,0.9,300,22,10,29.03,0.0,0,0,0,42.1,45.7,48.7,0.29,0.28,0.34
STEP,2019-11-08 07:00:00 EST,42.52620,-73.35906,951,21.7,21.8,21.7,83.7,17.6,0.000,0.005,0.00,0.000,2.1,4.5,0.8,293,19,2.3,5.1,0.8,298,18,2.3,5.1,0.8,298,18,11,29.03,0.0,0,0,0,42.1,45.7,48.7,0.29,0.28,0.34
STEP,2019-11-08 07:05:00 EST,42.52620,-73.35906,951,21.7,21.7,21.7,83.7,17.5,0.000,0.005,0.00,0.000,2.1,4.2,0.8,292,19,2.3,5.4,0.9,297,21,2.3,5.4,0.9,297,21,13,29.03,0.0,0,0,0,42.1,45.7,48.7,0.29,0.28,0.34
STEP,2019-11-08 07:10:00 EST,42.52620,-73.35906,951,21.7,21.7,17.6,83.6,17.5,0.000,0.005,0.00,0.000,2.9,5.2,1.0,304,19,3.0,5.6,1.2,307,20,3.0,5.6,1.2,307,20,15,29.03,0.1,0,0,0,42.2,45.7,48.7,0.29,0.28,0.34
STEP,2019-11-08 07:15:00 EST,42.52620,-73.35906,951,21.7,21.7,21.7,83.2,17.4,0.000,0.005,0.00,0.000,2.1,3.9,0.7,310,15,2.1,4.6,0.7,315,13,2.1,4.6,0.7,315,13,19,29.04,0.1,0,0,0,42.1,45.7,48.7,0.29,0.28,0.34
STEP,2019-11-08 07:20:00 EST,42.52620,-73.35906,951,21.8,21.8,21.8,83.8,17.7,0.000,0.005,0.00,0.000,1.6,3.1,0.7,289,19,1.9,4.2,0.7,299,21,1.9,4.2,0.7,299,21,31,29.04,0.1,0,0,0,42.0,45.7,48.7,0.29,0.28,0.34
STEP,2019-11-08 07:25:00 EST,42.52620,-73.35906,951,22.1,22.0,22.1,84.3,18.1,0.000,0.005,0.00,0.000,1.7,4.2,1.0,287,35,2.2,4.9,1.0,296,39,2.2,4.9,1.0,296,39,36,29.04,0.1,0,0,0,42.0,45.7,48.7,0.29,0.28,0.34
STEP,2019-11-08 07:30:00 EST,42.52620,-73.35906,951,22.5,22.3,17.7,83.8,18.3,0.000,0.005,0.00,0.000,3.2,6.9,1.5,297,19,3.5,7.3,1.5,302,21,3.5,7.3,1.5,302,21,44,29.04,0.1,0,0,0,42.0,45.7,48.6,0.29,0.28,0.34
STEP,2019-11-08 07:35:00 EST,42.52620,-73.35906,951,22.7,22.5,22.7,83.6,18.5,0.000,0.005,0.00,0.000,2.5,5.1,1.3,295,30,2.9,6.1,1.4,300,31,2.9,6.1,1.4,300,31,39,29.04,0.1,0,0,0,41.9,45.7,48.7,0.29,0.28,0.34
STEP,2019-11-08 07:40:00 EST,42.52620,-73.35906,951,22.8,22.6,17.1,84.0,18.7,0.000,0.005,0.00,0.000,3.8,7.3,1.2,290,22,4.2,7.7,1.3,290,22,4.2,7.7,1.3,290,22,43,29.05,0.1,0,0,0,41.9,45.7,48.7,0.29,0.28,0.34
STEP,2019-11-08 07:45:00 EST,42.52620,-73.35906,951,22.9,22.7,22.9,85.2,19.1,0.000,0.005,0.00,0.000,2.1,4.9,1.1,279,21,2.7,5.9,1.1,281,24,2.7,5.9,1.1,281,24,49,29.04,0.0,0,0,0,41.9,45.7,48.6,0.29,0.28,0.34
STEP,2019-11-08 07:50:00 EST,42.52620,-73.35906,951,23.0,22.7,18.0,84.4,19.0,0.000,0.005,0.00,0.000,3.4,5.4,0.8,290,29,3.7,6.5,1.1,292,30,3.7,6.5,1.1,292,30,56,29.04,0.1,0,0,0,41.9,45.7,48.7,0.29,0.28,0.34
STEP,2019-11-08 07:55:00 EST,42.52620,-73.35906,951,23.2,22.9,17.0,84.0,19.1,0.000,0.005,0.00,0.000,4.1,9.9,2.1,301,23,4.7,12.0,2.2,307,24,4.7,12.0,2.2,307,24,68,29.05,0.0,0,0,0,41.9,45.6,48.7,0.29,0.28,0.34
STEP,2019-11-08 08:00:00 EST,42.52620,-73.35906,951,23.1,22.9,15.8,82.7,18.6,0.000,0.005,0.00,0.000,5.2,10.7,1.6,289,21,5.9,12.6,1.9,290,20,5.9,12.6,1.9,290,20,53,29.05,0.0,0,0,0,41.9,45.5,48.7,0.29,0.27,0.34
STEP,2019-11-08 08:05:00 EST,42.52620,-73.35906,951,23.1,22.9,14.1,81.7,18.3,0.000,0.005,0.00,0.000,7.0,12.3,2.1,292,20,7.8,13.4,2.3,293,20,7.8,13.4,2.3,293,20,61,29.05,0.1,0,0,0,41.8,45.5,48.7,0.29,0.28,0.34
STEP,2019-11-08 08:10:00 EST,42.52620,-73.35906,951,23.2,23.0,16.1,82.1,18.6,0.000,0.005,0.00,0.000,5.3,9.0,1.7,293,21,5.7,9.5,1.8,296,21,5.7,9.5,1.8,296,21,81,29.05,0.1,0,0,0,41.8,45.5,48.7,0.29,0.27,0.34
STEP,2019-11-08 08:15:00 EST,42.52620,-73.35906,951,23.3,23.0,16.2,82.4,18.7,0.000,0.005,0.00,0.000,5.0,9.6,1.6,293,23,5.6,10.2,2.0,296,23,5.6,10.2,2.0,296,23,70,29.05,0.1,0,0,0,41.8,45.5,48.7,0.29,0.27,0.34
STEP,2019-11-08 08:20:00 EST,42.52620,-73.35906,951,23.3,23.0,16.5,83.5,19.0,0.000,0.005,0.00,0.000,5.1,7.8,1.1,302,14,5.3,9.5,1.3,305,15,5.3,9.5,1.3,305,15,74,29.05,0.1,0,0,0,41.8,45.5,48.7,0.29,0.28,0.34
STEP,2019-11-08 08:25:00 EST,42.52620,-73.35906,951,23.3,23.1,15.1,83.1,19.0,0.000,0.005,0.00,0.000,6.6,13.3,2.7,308,22,7.0,14.0,2.7,312,19,7.0,14.0,2.7,312,19,69,29.06,0.1,0,0,0,41.8,45.5,48.7,0.29,0.27,0.34
STEP,2019-11-08 08:30:00 EST,42.52620,-73.35906,951,23.4,23.1,13.2,81.7,18.6,0.000,0.005,0.00,0.000,8.7,13.8,2.7,285,23,9.8,17.3,3.1,285,22,9.8,17.3,3.1,285,22,101,29.06,0.0,0,0,0,41.8,45.5,48.7,0.29,0.27,0.34
STEP,2019-11-08 08:35:00 EST,42.52620,-73.35906,951,23.5,23.3,13.5,79.7,18.2,0.000,0.005,0.00,0.000,8.8,15.6,2.8,306,22,9.6,18.1,3.1,307,22,9.6,18.1,3.1,307,22,90,29.06,0.1,0,0,0,41.8,45.5,48.7,0.29,0.27,0.34
STEP,2019-11-08 08:40:00 EST,42.52620,-73.35906,951,23.5,23.2,12.2,77.2,17.4,0.000,0.005,0.00,0.000,11.3,18.4,3.2,314,17,11.6,22.3,3.2,317,17,11.6,22.3,3.2,317,17,71,29.06,0.0,0,0,0,41.8,45.5,48.7,0.29,0.27,0.34
STEP,2019-11-08 08:45:00 EST,42.52620,-73.35906,951,23.5,23.2,11.8,76.2,17.1,0.000,0.005,0.00,0.000,11.6,18.6,2.5,320,22,12.4,21.4,3.0,323,22,12.4,21.4,3.0,323,22,82,29.06,0.0,0,0,0,41.8,45.4,48.7,0.29,0.27,0.34
STEP,2019-11-08 08:50:00 EST,42.52620,-73.35906,951,23.5,23.2,11.7,74.3,16.5,0.000,0.005,0.00,0.000,12.1,18.1,2.5,318,17,12.7,20.0,2.7,320,17,12.7,20.0,2.7,320,17,119,29.06,0.1,0,0,0,41.7,45.5,48.6,0.29,0.27,0.34
STEP,2019-11-08 08:55:00 EST,42.52620,-73.35906,951,23.7,23.4,13.1,74.6,16.9,0.000,0.005,0.00,0.000,10.2,14.2,1.8,310,19,10.8,16.5,2.0,313,18,10.8,16.5,2.0,313,18,151,29.06,0.1,0,0,0,41.7,45.5,48.7,0.29,0.27,0.34
STEP,2019-11-08 09:00:00 EST,42.52620,-73.35906,951,23.6,23.4,14.3,74.6,16.8,0.000,0.005,0.00,0.000,7.5,14.0,2.3,298,23,8.5,17.9,2.9,300,23,8.5,17.9,2.9,300,23,128,29.06,0.1,0,0,0,41.7,45.5,48.7,0.29,0.27,0.34
STEP,2019-11-08 09:05:00 EST,42.52620,-73.35906,951,23.7,23.3,13.8,75.4,17.1,0.000,0.005,0.00,0.000,8.6,16.0,2.2,308,24,9.4,17.6,2.6,309,26,9.4,17.6,2.6,309,26,131,29.07,0.1,0,0,0,41.7,45.5,48.7,0.29,0.27,0.34
STEP,2019-11-08 09:10:00 EST,42.52620,-73.35906,951,23.6,23.3,12.5,73.7,16.4,0.000,0.005,0.00,0.000,10.8,17.8,3.2,327,14,11.4,19.7,3.5,330,16,11.4,19.7,3.5,330,16,142,29.07,0.1,0,0,0,41.6,45.5,48.7,0.29,0.27,0.34
STEP,2019-11-08 09:15:00 EST,42.52620,-73.35906,951,23.7,23.4,15.0,74.2,16.7,0.000,0.005,0.00,0.000,7.2,10.4,1.5,313,19,7.6,11.4,1.6,318,20,7.6,11.4,1.6,318,20,145,29.07,0.1,0,0,0,41.7,45.4,48.6,0.29,0.27,0.34
STEP,2019-11-08 09:20:00 EST,42.52620,-73.35906,951,23.9,23.5,13.7,73.3,16.6,0.000,0.005,0.00,0.000,9.2,17.7,3.1,319,19,9.9,17.6,3.2,321,20,9.9,17.6,3.2,321,20,146,29.07,0.1,0,0,0,41.6,45.5,48.7,0.29,0.27,0.34
STEP,2019-11-08 09:25:00 EST,42.52620,-73.35906,951,23.9,23.5,13.0,72.4,16.3,0.000,0.005,0.00,0.000,10.4,18.0,3.1,326,23,11.3,19.2,3.3,329,21,11.3,19.2,3.3,329,21,158,29.07,0.0,0,0,0,41.6,45.5,48.6,0.29,0.27,0.34
STEP,2019-11-08 09:30:00 EST,42.52620,-73.35906,951,24.1,23.7,14.4,72.2,16.5,0.000,0.005,0.00,0.000,8.6,14.1,2.1,316,20,9.2,16.4,2.3,320,21,9.2,16.4,2.3,320,21,198,29.07,0.0,0,0,0,41.5,45.5,48.6,0.29,0.27,0.34
STEP,2019-11-08 09:35:00 EST,42.52620,-73.35906,951,24.3,23.8,13.8,71.6,16.5,0.000,0.005,0.00,0.000,9.9,17.0,2.4,326,15,10.8,17.6,2.6,331,15,10.8,17.6,2.6,331,15,210,29.07,0.1,0,0,0,41.5,45.5,48.5,0.29,0.27,0.34
STEP,2019-11-08 09:40:00 EST,42.52620,-73.35906,951,24.2,23.8,13.8,71.0,16.2,0.000,0.005,0.00,0.000,10.0,14.8,2.3,319,17,10.5,16.4,2.4,321,15,10.5,16.4,2.4,321,15,150,29.07,0.1,0,0,0,41.5,45.4,48.6,0.29,0.27,0.34
STEP,2019-11-08 09:45:00 EST,42.52620,-73.35906,951,24.0,23.7,13.1,71.1,16.0,0.000,0.005,0.00,0.000,10.5,16.6,2.2,329,11,11.4,17.6,2.5,334,10,11.4,17.6,2.5,334,10,119,29.07,0.1,0,0,0,41.5,45.4,48.6,0.29,0.28,0.34
STEP,2019-11-08 09:50:00 EST,42.52620,-73.35906,951,23.9,23.7,12.8,71.0,15.9,0.000,0.005,0.00,0.000,10.9,23.2,3.5,334,13,11.7,26.1,4.0,338,12,11.7,26.1,4.0,338,12,120,29.08,0.0,0,0,0,41.5,45.4,48.6,0.29,0.27,0.34
STEP,2019-11-08 09:55:00 EST,42.52620,-73.35906,951,23.9,23.6,12.7,68.4,15.0,0.000,0.005,0.00,0.000,11.4,17.9,3.1,313,18,12.0,20.8,3.1,314,18,12.0,20.8,3.1,314,18,251,29.08,0.1,0,0,0,41.5,45.4,48.6,0.29,0.27,0.34
STEP,2019-11-08 10:00:00 EST,42.52620,-73.35906,951,24.2,23.8,11.6,69.6,15.7,0.000,0.005,0.00,0.000,13.8,20.6,3.6,332,16,15.1,23.8,3.7,336,13,15.1,23.8,3.7,336,13,224,29.08,0.1,0,0,0,41.5,45.4,48.6,0.29,0.27,0.34
STEP,2019-11-08 10:05:00 EST,42.52620,-73.35906,951,24.2,23.8,12.2,69.2,15.6,0.000,0.005,0.00,0.000,13.1,19.0,2.1,328,10,13.7,19.7,2.5,331,10,13.7,19.7,2.5,331,10,260,29.08,0.1,0,0,0,41.5,45.4,48.6,0.29,0.27,0.34
STEP,2019-11-08 10:10:00 EST,42.52620,-73.35906,951,24.6,24.1,14.8,71.6,16.7,0.000,0.005,0.00,0.000,8.5,15.0,2.9,327,24,9.5,15.5,3.0,330,24,9.5,15.5,3.0,330,24,216,29.08,0.1,0,0,0,41.4,45.3,48.7,0.29,0.28,0.34
STEP,2019-11-08 10:15:00 EST,42.52620,-73.35906,951,24.3,23.9,12.8,68.2,15.3,0.000,0.005,0.00,0.000,12.1,19.7,2.9,317,17,12.6,21.7,3.1,319,16,12.6,21.7,3.1,319,16,273,29.08,0.1,0,0,0,41.5,45.3,48.6,0.29,0.27,0.34
STEP,2019-11-08 10:20:00 EST,42.52620,-73.35906,951,24.5,24.1,13.7,69.6,16.0,0.000,0.005,0.00,0.000,10.8,19.1,3.4,316,17,11.3,19.8,3.5,320,16,11.3,19.8,3.5,320,16,254,29.08,0.1,0,0,0,41.5,45.3,48.6,0.29,0.28,0.34
STEP,2019-11-08 10:25:00 EST,42.52620,-73.35906,951,24.8,24.3,12.3,69.3,16.2,0.000,0.005,0.00,0.000,13.9,19.7,2.8,341,12,15.1,20.9,3.0,343,10,15.1,20.9,3.0,343,10,264,29.08,0.1,0,0,0,41.4,45.3,48.6,0.29,0.27,0.34
STEP,2019-11-08 10:30:00 EST,42.52620,-73.35906,951,24.8,24.3,11.4,66.6,15.3,0.000,0.005,0.00,0.000,16.1,23.7,3.6,340,12,17.6,26.4,4.0,343,10,17.6,26.4,4.0,343,10,233,29.09,0.0,0,0,0,41.4,45.3,48.6,0.29,0.27,0.34
STEP,2019-11-08 10:35:00 EST,42.52620,-73.35906,951,24.9,24.4,13.3,66.0,15.1,0.000,0.005,0.00,0.000,12.3,19.4,3.5,330,20,13.1,19.9,3.7,334,19,13.1,19.9,3.7,334,19,402,29.09,0.1,0,0,0,41.5,45.3,48.6,0.29,0.27,0.34
STEP,2019-11-08 10:40:00 EST,42.52620,-73.35906,951,25.2,24.7,14.6,65.7,15.4,0.000,0.005,0.00,0.000,10.8,17.9,3.7,327,14,11.4,18.9,4.0,331,13,11.4,18.9,4.0,331,13,452,29.09,0.1,0,0,0,41.4,45.3,48.5,0.29,0.27,0.34
STEP,2019-11-08 10:45:00 EST,42.52620,-73.35906,951,25.7,25.0,15.3,66.1,15.9,0.000,0.005,0.00,0.000,10.0,16.6,3.6,335,23,11.0,18.8,3.9,337,23,11.0,18.8,3.9,337,23,463,29.09,0.1,0,0,0,41.5,45.3,48.6,0.29,0.27,0.34
STEP,2019-11-08 10:50:00 EST,42.52620,-73.35906,951,26.0,25.2,15.2,68.9,17.2,0.000,0.005,0.00,0.000,11.0,19.1,3.5,341,19,12.1,20.5,3.9,342,18,12.1,20.5,3.9,342,18,306,29.09,0.0,0,0,0,41.4,45.3,48.5,0.29,0.27,0.34
STEP,2019-11-08 10:55:00 EST,42.52620,-73.35906,951,25.3,24.8,13.2,66.1,15.6,0.000,0.005,0.00,0.000,13.3,21.3,2.7,347,13,14.7,23.0,2.8,350,10,14.7,23.0,2.8,350,10,134,29.08,0.0,0,0,0,41.5,45.3,48.6,0.29,0.27,0.34
STEP,2019-11-08 11:00:00 EST,42.52620,-73.35906,951,25.1,24.6,12.7,64.9,14.9,0.000,0.005,0.00,0.000,14.1,18.0,1.9,339,16,15.2,19.4,2.0,344,10,15.2,19.4,2.0,344,10,274,29.08,0.1,0,0,0,41.5,45.2,48.5,0.29,0.27,0.34
STEP,2019-11-08 11:05:00 EST,42.52620,-73.35906,951,25.4,24.8,15.5,66.8,15.9,0.000,0.005,0.00,0.000,9.2,15.3,2.4,328,17,10.1,17.1,2.3,332,18,10.1,17.1,2.3,332,18,245,29.09,0.1,0,0,0,41.4,45.2,48.5,0.29,0.27,0.34
STEP,2019-11-08 11:10:00 EST,42.52620,-73.35906,951,25.6,25.2,14.9,64.9,15.4,0.000,0.005,0.00,0.000,11.1,17.6,3.4,317,15,11.7,20.5,3.4,321,14,11.7,20.5,3.4,321,14,292,29.09,0.0,0,0,0,41.4,45.1,48.6,0.29,0.27,0.34
STEP,2019-11-08 11:15:00 EST,42.52620,-73.35906,951,25.4,25.1,14.9,64.1,15.0,0.000,0.005,0.00,0.000,10.7,16.0,2.5,328,14,11.2,17.1,2.6,330,13,11.2,17.1,2.6,330,13,222,29.09,0.0,0,0,0,41.4,45.1,48.6,0.29,0.27,0.34
STEP,2019-11-08 11:20:00 EST,42.52620,-73.35906,951,26.1,25.5,16.8,64.8,15.8,0.000,0.005,0.00,0.000,8.5,15.1,2.3,326,19,9.2,15.3,2.2,328,17,9.2,15.3,2.2,328,17,412,29.08,0.0,0,0,0,41.5,45.1,48.5,0.29,0.27,0.34
STEP,2019-11-08 11:25:00 EST,42.52620,-73.35906,951,26.1,25.6,16.2,64.9,15.8,0.000,0.005,0.00,0.000,9.8,14.8,2.0,314,18,10.3,15.2,2.1,318,17,10.3,15.2,2.1,318,17,260,29.08,0.1,0,0,0,41.4,45.1,48.5,0.29,0.27,0.34
STEP,2019-11-08 11:30:00 EST,42.52620,-73.35906,951,26.1,25.7,17.8,64.3,15.7,0.000,0.005,0.00,0.000,7.1,15.9,3.3,305,22,7.8,18.2,3.5,305,22,7.8,18.2,3.5,305,22,239,29.08,0.1,0,0,0,41.4,45.1,48.6,0.29,0.27,0.34
STEP,2019-11-08 11:35:00 EST,42.52620,-73.35906,951,26.8,26.1,17.1,67.1,17.3,0.000,0.005,0.00,0.000,9.6,15.7,3.2,337,15,10.3,17.2,3.4,341,12,10.3,17.2,3.4,341,12,359,29.08,0.1,0,0,0,41.4,45.1,48.5,0.29,0.27,0.34
STEP,2019-11-08 11:40:00 EST,42.52620,-73.35906,951,26.3,25.9,16.0,66.7,16.7,0.000,0.005,0.00,0.000,10.7,15.1,2.4,317,21,11.2,16.5,2.7,320,20,11.2,16.5,2.7,320,20,202,29.08,-0.0,0,0,0,41.4,45.1,48.6,0.29,0.27,0.34
STEP,2019-11-08 11:45:00 EST,42.52620,-73.35906,951,26.0,25.7,16.2,68.1,16.9,0.000,0.005,0.00,0.000,9.7,14.5,2.2,327,14,10.2,15.8,2.4,330,13,10.2,15.8,2.4,330,13,113,29.08,0.0,0,0,0,41.4,45.1,48.5,0.29,0.27,0.33
STEP,2019-11-08 11:50:00 EST,42.52620,-73.35906,951,25.8,25.5,18.7,70.8,17.6,0.000,0.005,0.00,0.000,5.7,9.7,1.5,315,18,6.1,11.8,1.6,319,17,6.1,11.8,1.6,319,17,126,29.08,0.0,0,0,0,41.4,45.1,48.5,0.29,0.27,0.34
STEP,2019-11-08 11:55:00 EST,42.52620,-73.35906,951,25.9,25.6,18.5,71.7,18.1,0.000,0.005,0.00,0.000,6.1,10.1,2.1,325,23,6.7,11.3,2.2,327,23,6.7,11.3,2.2,327,23,243,29.07,0.0,0,0,0,41.4,45.1,48.5,0.29,0.27,0.34
STEP,2019-11-08 12:00:00 EST,42.52620,-73.35906,951,26.4,26.0,20.0,70.2,18.0,0.000,0.005,0.00,0.000,5.1,15.3,2.8,286,30,5.5,16.2,3.0,288,31,5.5,16.2,3.0,288,31,216,29.07,0.0,0,0,0,41.4,45.1,48.5,0.29,0.27,0.34
STEP,2019-11-08 12:05:00 EST,42.52620,-73.35906,951,26.5,26.0,17.4,67.6,17.2,0.000,0.005,0.00,0.000,8.4,17.5,3.1,324,20,9.0,19.3,3.2,328,19,9.0,19.3,3.2,328,19,147,29.07,0.0,0,0,0,41.4,45.1,48.5,0.29,0.27,0.34
STEP,2019-11-08 12:10:00 EST,42.52620,-73.35906,951,26.2,25.9,17.1,66.6,16.6,0.000,0.005,0.00,0.000,8.3,15.1,2.3,323,20,9.1,15.5,2.3,326,20,9.1,15.5,2.3,326,20,194,29.07,0.1,0,0,0,41.4,45.1,48.5,0.29,0.27,0.34
STEP,2019-11-08 12:15:00 EST,42.52620,-73.35906,951,27.0,26.4,18.8,65.8,17.1,0.000,0.005,0.00,0.000,7.3,14.3,2.7,326,27,8.0,16.7,2.8,330,25,8.0,16.7,2.8,330,25,420,29.07,0.0,0,0,0,41.4,45.1,48.4,0.29,0.27,0.34
STEP,2019-11-08 12:20:00 EST,42.52620,-73.35906,951,27.2,26.9,17.8,59.0,14.7,0.000,0.005,0.00,0.000,9.3,13.7,2.0,309,17,9.9,15.5,2.2,311,20,9.9,15.5,2.2,311,20,263,29.07,-0.0,0,0,0,41.4,45.1,48.5,0.29,0.27,0.34
STEP,2019-11-08 12:25:00 EST,42.52620,-73.35906,951,27.3,26.9,16.7,57.9,14.4,0.000,0.005,0.00,0.000,11.3,21.0,3.5,311,28,12.1,21.8,3.6,312,26,12.1,21.8,3.6,312,26,232,29.07,0.0,0,0,0,41.4,45.1,48.5,0.29,0.27,0.34
STEP,2019-11-08 12:30:00 EST,42.52620,-73.35906,951,27.3,27.0,18.8,58.3,14.6,0.000,0.005,0.00,0.000,8.0,15.6,3.0,322,21,8.5,17.9,3.0,326,21,8.5,17.9,3.0,326,21,194,29.07,-0.0,0,0,0,41.4,45.1,48.5,0.29,0.27,0.34
STEP,2019-11-08 12:35:00 EST,42.52620,-73.35906,951,27.5,27.1,18.5,58.8,14.9,0.000,0.005,0.00,0.000,9.0,15.7,2.6,312,18,9.3,14.7,2.6,315,17,9.3,14.7,2.6,315,17,258,29.07,0.0,0,0,0,41.4,45.1,48.5,0.29,0.27,0.34
STEP,2019-11-08 12:40:00 EST,42.52620,-73.35906,951,27.5,27.2,18.5,60.6,15.7,0.000,0.005,0.00,0.000,8.5,17.0,3.3,301,22,9.3,17.2,3.5,303,24,9.3,17.2,3.5,303,24,269,29.07,-0.0,0,0,0,41.4,45.1,48.5,0.29,0.27,0.34
STEP,2019-11-08 12:45:00 EST,42.52620,-73.35906,951,27.4,27.1,19.2,62.0,16.1,0.000,0.005,0.00,0.000,7.5,14.2,3.0,310,23,8.0,17.3,3.2,314,22,8.0,17.3,3.2,314,22,271,29.07,0.0,0,0,0,41.4,45.1,48.5,0.29,0.27,0.34
STEP,2019-11-08 12:50:00 EST,42.52620,-73.35906,951,28.0,27.4,19.8,63.0,17.0,0.000,0.005,0.00,0.000,7.4,13.4,2.2,302,26,8.2,17.1,2.7,304,26,8.2,17.1,2.7,304,26,433,29.07,0.0,0,0,0,41.4,45.0,48.5,0.29,0.27,0.34
STEP,2019-11-08 12:55:00 EST,42.52620,-73.35906,951,27.5,27.1,16.5,60.5,15.7,0.000,0.005,0.00,0.000,12.7,19.7,2.8,328,17,13.5,19.4,2.7,332,15,13.5,19.4,2.7,332,15,192,29.07,-0.0,0,0,0,41.4,45.1,48.5,0.29,0.27,0.34
STEP,2019-11-08 13:00:00 EST,42.52620,-73.35906,951,27.4,27.1,17.5,59.5,15.1,0.000,0.005,0.00,0.000,10.8,17.7,2.7,314,14,11.0,18.0,2.8,317,14,11.0,18.0,2.8,317,14,167,29.06,0.0,0,0,0,41.4,45.0,48.5,0.29,0.27,0.34
STEP,2019-11-08 13:05:00 EST,42.52620,-73.35906,951,27.4,27.2,16.9,59.6,15.2,0.000,0.005,0.00,0.000,11.5,22.5,3.6,312,16,12.2,23.7,3.6,315,16,12.2,23.7,3.6,315,16,122,29.07,-0.0,0,0,0,41.4,45.0,48.4,0.29,0.27,0.34
STEP,2019-11-08 13:10:00 EST,42.52620,-73.35906,951,27.4,27.1,17.1,63.7,16.7,0.000,0.005,0.00,0.000,10.6,17.9,3.3,331,22,11.7,20.1,3.6,333,20,11.7,20.1,3.6,333,20,113,29.07,-0.0,0,0,0,41.4,45.0,48.4,0.29,0.27,0.33
STEP,2019-11-08 13:15:00 EST,42.52620,-73.35906,951,27.3,27.0,18.7,63.3,16.5,0.000,0.005,0.00,0.000,8.1,13.3,2.1,328,13,8.6,16.0,2.2,331,11,8.6,16.0,2.2,331,11,167,29.07,-0.0,0,0,0,41.4,45.0,48.5,0.29,0.27,0.33
STEP,2019-11-08 13:20:00 EST,42.52620,-73.35906,951,27.7,27.2,18.9,64.8,17.4,0.000,0.005,0.00,0.000,8.6,16.7,2.9,321,20,9.1,15.7,2.8,326,20,9.1,15.7,2.8,326,20,377,29.07,-0.0,0,0,0,41.4,45.0,48.5,0.29,0.27,0.34
STEP,2019-11-08 13:25:00 EST,42.52620,-73.35906,951,27.6,27.2,18.2,63.3,16.8,0.000,0.005,0.00,0.000,9.2,15.3,2.6,334,19,10.1,16.5,2.7,337,17,10.1,16.5,2.7,337,17,156,29.07,0.0,0,0,0,41.4,45.0,48.5,0.29,0.27,0.34
STEP,2019-11-08 13:30:00 EST,42.52620,-73.35906,951,27.6,27.3,16.7,62.8,16.6,0.000,0.005,0.00,0.000,12.0,19.9,3.7,332,27,13.2,21.9,4.0,335,28,13.2,21.9,4.0,335,28,119,29.07,-0.0,0,0,0,41.4,45.0,48.4,0.29,0.27,0.34
STEP,2019-11-08 13:35:00 EST,42.52620,-73.35906,951,27.5,27.3,16.6,61.4,16.0,0.000,0.005,0.00,0.000,11.7,19.5,3.2,353,21,13.3,21.5,3.4,355,10,13.3,21.5,3.4,355,10,106,29.07,-0.0,0,0,0,41.5,45.0,48.4,0.29,0.27,0.34
STEP,2019-11-08 13:40:00 EST,42.52620,-73.35906,951,27.4,27.1,16.7,60.6,15.6,0.000,0.005,0.00,0.000,11.9,17.5,2.3,336,16,12.7,18.5,2.4,339,10,12.7,18.5,2.4,339,10,97,29.07,0.0,0,0,0,41.4,45.0,48.4,0.29,0.27,0.33
STEP,2019-11-08 13:45:00 EST,42.52620,-73.35906,951,27.3,27.0,18.0,60.1,15.2,0.000,0.005,0.00,0.000,9.1,15.2,1.9,328,15,9.7,16.9,2.1,332,14,9.7,16.9,2.1,332,14,85,29.07,0.1,0,0,0,41.5,45.0,48.4,0.29,0.27,0.34
STEP,2019-11-08 13:50:00 EST,42.52620,-73.35906,951,27.3,27.0,16.9,62.5,16.2,0.000,0.005,0.00,0.000,10.9,17.5,2.4,344,16,12.0,19.3,2.5,346,10,12.0,19.3,2.5,346,10,85,29.07,0.1,0,0,0,41.4,45.0,48.4,0.29,0.27,0.33
STEP,2019-11-08 13:55:00 EST,42.52620,-73.35906,951,27.4,27.2,17.3,62.6,16.3,0.000,0.005,0.00,0.000,10.5,17.4,2.8,332,17,11.4,18.8,2.9,336,14,11.4,18.8,2.9,336,14,99,29.07,0.0,0,0,0,41.4,45.0,48.4,0.29,0.27,0.34
STEP,2019-11-08 14:00:00 EST,42.52620,-73.35906,951,27.7,27.4,17.2,58.9,15.2,0.000,0.005,0.00,0.000,11.8,20.0,4.0,322,22,12.4,22.4,4.2,325,21,12.4,22.4,4.2,325,21,307,29.07,0.1,0,0,0,41.4,45.0,48.4,0.29,0.27,0.34
STEP,2019-11-08 14:05:00 EST,42.52620,-73.35906,951,28.4,28.0,19.1,58.1,15.6,0.000,0.005,0.00,0.000,9.5,15.9,3.1,308,27,10.5,20.7,3.5,310,27,10.5,20.7,3.5,310,27,328,29.07,0.0,0,0,0,41.4,45.0,48.4,0.29,0.27,0.33
STEP,2019-11-08 14:10:00 EST,42.52620,-73.35906,951,28.1,27.8,17.3,55.0,14.0,0.000,0.005,0.00,0.000,12.5,21.3,3.4,313,24,13.3,22.7,3.3,316,21,13.3,22.7,3.3,316,21,193,29.07,-0.0,0,0,0,41.4,44.9,48.4,0.29,0.27,0.34
STEP,2019-11-08 14:15:00 EST,42.52620,-73.35906,951,28.0,27.7,16.7,57.4,14.9,0.000,0.005,0.00,0.000,13.6,20.1,3.6,325,17,14.2,21.0,3.7,328,15,14.2,21.0,3.7,328,15,163,29.07,0.1,0,0,0,41.4,45.0,48.3,0.29,0.27,0.33
STEP,2019-11-08 14:20:00 EST,42.52620,-73.35906,951,27.9,27.6,18.2,57.8,14.9,0.000,0.005,0.00,0.000,9.9,18.3,3.6,304,19,10.7,19.8,3.7,307,19,10.7,19.8,3.7,307,19,143,29.08,0.0,0,0,0,41.4,44.9,48.4,0.28,0.27,0.33
STEP,2019-11-08 14:25:00 EST,42.52620,-73.35906,951,27.8,27.6,17.6,56.8,14.5,0.000,0.005,0.00,0.000,11.1,19.4,3.6,315,21,11.9,22.1,3.6,319,19,11.9,22.1,3.6,319,19,147,29.08,0.1,0,0,0,41.5,44.9,48.5,0.29,0.27,0.33
STEP,2019-11-08 14:30:00 EST,42.52620,-73.35906,951,27.9,27.6,19.4,57.3,14.7,0.000,0.005,0.00,0.000,7.9,12.7,2.5,323,23,8.6,14.5,2.6,326,24,8.6,14.5,2.6,326,24,120,29.08,0.1,0,0,0,41.5,44.9,48.3,0.29,0.27,0.33
STEP,2019-11-08 14:35:00 EST,42.52620,-73.35906,951,27.7,27.5,17.4,54.5,13.4,0.000,0.005,0.00,0.000,11.4,17.6,3.2,328,13,11.9,17.8,3.4,331,12,11.9,17.8,3.4,331,12,84,29.08,0.1,0,0,0,41.4,44.8,48.3,0.29,0.27,0.33
STEP,2019-11-08 14:40:00 EST,42.52620,-73.35906,951,27.5,27.4,16.4,53.5,12.8,0.000,0.005,0.00,0.000,12.8,17.7,2.0,335,13,13.7,20.0,2.4,339,11,13.7,20.0,2.4,339,11,87,29.08,0.0,0,0,0,41.4,44.8,48.4,0.29,0.27,0.33
STEP,2019-11-08 14:45:00 EST,42.52620,-73.35906,951,27.3,27.2,15.7,54.4,13.0,0.000,0.005,0.00,0.000,13.9,22.6,3.5,331,17,14.7,22.5,3.6,334,15,14.7,22.5,3.6,334,15,76,29.08,0.0,0,0,0,41.4,44.8,48.3,0.28,0.27,0.34
STEP,2019-11-08 14:50:00 EST,42.52620,-73.35906,951,27.1,27.0,17.1,54.5,12.9,0.000,0.005,0.00,0.000,10.4,16.6,2.3,310,14,11.0,17.1,2.3,313,12,11.0,17.1,2.3,313,12,56,29.09,0.1,0,0,0,41.4,44.8,48.3,0.28,0.27,0.33
STEP,2019-11-08 14:55:00 EST,42.52620,-73.35906,951,27.0,26.9,19.2,56.7,13.7,0.000,0.005,0.00,0.000,7.0,12.9,2.0,312,19,7.4,13.5,2.1,315,19,7.4,13.5,2.1,315,19,52,29.09,0.1,0,0,0,41.4,44.9,48.3,0.28,0.27,0.34
STEP,2019-11-08 15:00:00 EST,42.52620,-73.35906,951,27.0,26.9,18.3,53.8,12.4,0.000,0.005,0.00,0.000,8.0,16.5,2.8,307,18,8.6,16.7,2.8,310,18,8.6,16.7,2.8,310,18,65,29.09,0.1,0,0,0,41.4,44.7,48.3,0.28,0.27,0.33
STEP,2019-11-08 15:05:00 EST,42.52620,-73.35906,951,27.1,26.9,17.4,53.3,12.3,0.000,0.005,0.00,0.000,9.5,18.3,3.2,335,19,10.4,19.9,3.7,339,17,10.4,19.9,3.7,339,17,113,29.09,0.0,0,0,0,41.4,44.8,48.3,0.28,0.27,0.33
STEP,2019-11-08 15:10:00 EST,42.52620,-73.35906,951,27.0,26.8,16.7,54.4,12.7,0.000,0.005,0.00,0.000,10.7,18.1,3.3,336,22,11.5,18.7,3.3,339,19,11.5,18.7,3.3,339,19,75,29.09,0.1,0,0,0,41.5,44.8,48.3,0.28,0.27,0.33
STEP,2019-11-08 15:15:00 EST,42.52620,-73.35906,951,27.0,26.9,18.6,54.6,12.8,0.000,0.005,0.00,0.000,7.8,16.3,2.8,320,17,8.3,16.8,3.0,322,17,8.3,16.8,3.0,322,17,106,29.09,0.1,0,0,0,41.4,44.8,48.4,0.28,0.27,0.33
STEP,2019-11-08 15:20:00 EST,42.52620,-73.35906,951,27.3,27.1,18.9,53.1,12.5,0.000,0.005,0.00,0.000,7.9,13.4,1.9,316,21,8.3,15.1,2.2,319,19,8.3,15.1,2.2,319,19,171,29.09,0.1,0,0,0,41.4,44.8,48.3,0.28,0.27,0.34
STEP,2019-11-08 15:25:00 EST,42.52620,-73.35906,951,27.5,27.2,18.5,52.3,12.3,0.000,0.005,0.00,0.000,8.9,14.7,2.4,328,21,9.4,14.6,2.2,330,19,9.4,14.6,2.2,330,19,154,29.09,0.0,0,0,0,41.4,44.8,48.3,0.28,0.27,0.33
STEP,2019-11-08 15:30:00 EST,42.52620,-73.35906,951,27.4,27.2,18.4,52.7,12.3,0.000,0.005,0.00,0.000,8.6,15.6,2.7,318,20,9.3,15.1,2.6,321,20,9.3,15.1,2.6,321,20,89,29.10,0.0,0,0,0,41.3,44.8,48.3,0.29,0.27,0.33
STEP,2019-11-08 15:35:00 EST,42.52620,-73.35906,951,27.4,27.3,17.4,51.1,11.7,0.000,0.005,0.00,0.000,10.6,17.0,2.7,318,24,11.3,18.0,2.9,321,23,11.3,18.0,2.9,321,23,102,29.10,0.1,0,0,0,41.3,44.8,48.3,0.28,0.27,0.33
STEP,2019-11-08 15:40:00 EST,42.52620,-73.35906,951,27.5,27.3,17.8,49.6,11.1,0.000,0.005,0.00,0.000,9.8,18.4,3.8,320,18,10.6,22.5,3.8,324,17,10.6,22.5,3.8,324,17,98,29.10,0.1,0,0,0,41.4,44.8,48.2,0.28,0.27,0.33
STEP,2019-11-08 15:45:00 EST,42.52620,-73.35906,951,27.5,27.4,18.1,50.0,11.3,0.000,0.005,0.00,0.000,9.5,16.1,2.8,318,20,10.2,17.4,3.0,321,20,10.2,17.4,3.0,321,20,99,29.10,0.0,0,0,0,41.4,44.8,48.2,0.29,0.27,0.33
STEP,2019-11-08 15:50:00 EST,42.52620,-73.35906,951,27.4,27.3,19.3,50.6,11.4,0.000,0.005,0.00,0.000,7.1,12.6,2.5,313,23,7.9,16.1,2.7,318,19,7.9,16.1,2.7,318,19,82,29.11,0.0,0,0,0,41.3,44.8,48.3,0.29,0.27,0.34
STEP,2019-11-08 15:55:00 EST,42.52620,-73.35906,951,27.3,27.2,18.6,51.4,11.7,0.000,0.005,0.00,0.000,8.3,15.4,2.9,325,17,8.8,17.0,3.0,326,17,8.8,17.0,3.0,326,17,56,29.11,0.1,0,0,0,41.3,44.7,48.2,0.29,0.27,0.33
STEP,2019-11-08 16:00:00 EST,42.52620,-73.35906,951,27.2,27.1,19.1,51.6,11.7,0.000,0.005,0.00,0.000,7.2,15.9,3.0,315,20,7.9,18.7,3.2,316,19,7.9,18.7,3.2,316,19,57,29.11,0.1,0,0,0,41.2,44.8,48.2,0.29,0.27,0.33
STEP,2019-11-08 16:05:00 EST,42.52620,-73.35906,951,27.2,27.1,20.0,52.7,12.2,0.000,0.005,0.00,0.000,6.1,12.9,2.8,330,21,6.6,12.9,2.8,333,21,6.6,12.9,2.8,333,21,50,29.11,0.1,0,0,0,41.3,44.8,48.2,0.29,0.27,0.33
STEP,2019-11-08 16:10:00 EST,42.52620,-73.35906,951,27.1,27.1,18.4,53.2,12.3,0.000,0.005,0.00,0.000,8.1,12.3,2.0,322,14,8.7,13.4,1.9,325,12,8.7,13.4,1.9,325,12,42,29.11,0.1,0,0,0,41.2,44.7,48.2,0.29,0.27,0.33
STEP,2019-11-08 16:15:00 EST,42.52620,-73.35906,951,27.0,27.0,20.2,53.0,12.1,0.000,0.005,0.00,0.000,5.5,8.9,1.6,323,16,6.0,9.7,1.5,326,16,6.0,9.7,1.5,326,16,30,29.11,0.0,0,0,0,41.2,44.8,48.2,0.29,0.27,0.33
STEP,2019-11-08 16:20:00 EST,42.52620,-73.35906,951,26.8,26.9,19.7,54.9,12.7,0.000,0.005,0.00,0.000,5.7,9.2,1.2,333,13,6.3,9.2,1.3,336,13,6.3,9.2,1.3,336,13,24,29.11,0.1,0,0,0,41.3,44.8,48.2,0.29,0.27,0.34
STEP,2019-11-08 16:25:00 EST,42.52620,-73.35906,951,26.6,26.8,19.5,55.8,12.9,0.000,0.005,0.00,0.000,5.8,9.9,1.7,337,15,6.3,11.5,1.8,342,12,6.3,11.5,1.8,342,12,17,29.11,0.1,0,0,0,41.3,44.8,48.2,0.28,0.27,0.33
STEP,2019-11-08 16:30:00 EST,42.52620,-73.35906,951,26.3,26.5,21.5,58.3,13.6,0.000,0.005,0.00,0.000,3.5,8.0,1.5,332,18,4.0,8.6,1.5,334,20,4.0,8.6,1.5,334,20,12,29.12,0.1,0,0,0,41.2,44.8,48.2,0.28,0.27,0.34
STEP,2019-11-08 16:35:00 EST,42.52620,-73.35906,951,25.9,26.3,21.5,59.1,13.6,0.000,0.005,0.00,0.000,3.2,5.9,1.5,340,16,3.6,7.2,1.6,342,17,3.6,7.2,1.6,342,17,9,29.12,0.1,0,0,0,41.2,44.8,48.2,0.28,0.27,0.33
STEP,2019-11-08 16:40:00 EST,42.52620,-73.35906,951,26.0,26.3,21.2,58.8,13.5,0.000,0.005,0.00,0.000,3.5,7.1,1.5,326,18,4.0,7.7,1.6,330,19,4.0,7.7,1.6,330,19,6,29.12,0.1,0,0,0,41.2,44.8,48.2,0.28,0.27,0.33
STEP,2019-11-08 16:45:00 EST,42.52620,-73.35906,951,26.1,26.3,18.7,55.8,12.5,0.000,0.005,0.00,0.000,5.9,10.8,2.0,327,25,6.6,10.9,2.0,329,25,6.6,10.9,2.0,329,25,4,29.12,-0.0,0,0,0,41.3,44.7,48.2,0.29,0.27,0.33
STEP,2019-11-08 16:50:00 EST,42.52620,-73.35906,951,25.9,26.1,20.0,55.4,12.1,0.000,0.005,0.00,0.000,4.4,9.3,2.2,314,27,4.9,10.4,2.2,316,29,4.9,10.4,2.2,316,29,2,29.12,0.1,0,0,0,41.2,44.7,48.2,0.28,0.27,0.34
STEP,2019-11-08 16:55:00 EST,42.52620,-73.35906,951,26.0,26.1,19.2,53.3,11.3,0.000,0.005,0.00,0.000,5.2,8.6,1.7,333,22,5.9,10.1,1.8,338,19,5.9,10.1,1.8,338,19,1,29.12,0.1,0,0,0,41.1,44.8,48.2,0.28,0.27,0.34
STEP,2019-11-08 17:00:00 EST,42.52620,-73.35906,951,25.8,26.0,20.6,53.1,11.1,0.000,0.005,0.00,0.000,3.7,6.9,1.0,323,28,4.3,7.7,1.2,327,28,4.3,7.7,1.2,327,28,0,29.13,0.1,0,0,0,41.2,44.7,48.2,0.28,0.27,0.34
STEP,2019-11-08 17:05:00 EST,42.52620,-73.35906,951,25.6,25.9,18.7,54.2,11.3,0.000,0.005,0.00,0.000,5.5,8.8,1.3,333,14,5.9,9.1,1.4,336,13,5.9,9.1,1.4,336,13,0,29.13,0.1,0,0,0,41.2,44.8,48.1,0.28,0.27,0.34
STEP,2019-11-08 17:10:00 EST,42.52620,-73.35906,951,25.4,25.7,18.7,55.1,11.6,0.000,0.005,0.00,0.000,5.0,8.0,0.9,335,20,5.6,9.0,1.2,339,17,5.6,9.0,1.2,339,17,0,29.13,0.0,0,0,0,41.1,44.8,48.2,0.28,0.27,0.34
STEP,2019-11-08 17:15:00 EST,42.52620,-73.35906,951,25.3,25.6,20.5,55.4,11.6,0.000,0.005,0.00,0.000,3.6,8.1,1.5,324,19,3.9,8.3,1.5,328,18,3.9,8.3,1.5,328,18,0,29.13,0.1,0,0,0,41.1,44.7,48.2,0.29,0.27,0.33
STEP,2019-11-08 17:20:00 EST,42.52620,-73.35906,951,24.8,25.4,19.6,57.0,11.7,0.000,0.005,0.00,0.000,3.7,6.2,1.0,339,11,4.1,7.0,1.0,341,11,4.1,7.0,1.0,341,11,0,29.14,0.1,0,0,0,41.1,44.7,48.2,0.28,0.27,0.34
STEP,2019-11-08 17:25:00 EST,42.52620,-73.35906,951,24.8,25.3,19.1,58.5,12.3,0.000,0.005,0.00,0.000,4.1,7.2,1.1,336,12,4.6,8.3,1.3,339,12,4.6,8.3,1.3,339,12,0,29.14,0.1,0,0,0,41.1,44.7,48.2,0.28,0.27,0.34
STEP,2019-11-08 17:30:00 EST,42.52620,-73.35906,951,24.6,25.3,18.6,58.3,12.0,0.000,0.005,0.00,0.000,4.3,7.4,1.1,336,14,4.8,7.7,1.3,340,14,4.8,7.7,1.3,340,14,0,29.14,0.0,0,0,0,41.2,44.8,48.2,0.28,0.27,0.34
STEP,2019-11-08 17:35:00 EST,42.52620,-73.35906,951,24.8,25.2,18.2,58.3,12.2,0.000,0.005,0.00,0.000,5.0,8.5,1.4,315,16,5.4,8.9,1.4,319,17,5.4,8.9,1.4,319,17,0,29.14,0.1,0,0,0,41.1,44.8,48.2,0.28,0.27,0.34
STEP,2019-11-08 17:40:00 EST,42.52620,-73.35906,951,25.1,25.2,17.9,56.2,11.6,0.000,0.005,0.00,0.000,5.6,9.0,1.4,317,16,6.0,9.0,1.3,320,16,6.0,9.0,1.3,320,16,0,29.15,0.1,0,0,0,41.0,44.8,48.2,0.28,0.27,0.34
STEP,2019-11-08 17:45:00 EST,42.52620,-73.35906,951,24.9,25.1,18.1,57.2,11.9,0.000,0.005,0.00,0.000,5.2,8.3,1.1,329,14,5.7,8.9,1.2,334,15,5.7,8.9,1.2,334,15,0,29.15,0.0,0,0,0,41.1,44.7,48.2,0.28,0.27,0.34
STEP,2019-11-08 17:50:00 EST,42.52620,-73.35906,951,24.7,25.1,17.5,57.7,11.9,0.000,0.005,0.00,0.000,5.4,10.0,1.8,332,15,6.1,11.8,1.8,337,14,6.1,11.8,1.8,337,14,0,29.15,0.1,0,0,0,41.1,44.7,48.2,0.28,0.27,0.34
STEP,2019-11-08 17:55:00 EST,42.52620,-73.35906,951,24.7,25.0,18.9,58.4,12.2,0.000,0.005,0.00,0.000,4.2,7.0,1.3,317,12,4.6,7.4,1.3,320,11,4.6,7.4,1.3,320,11,0,29.16,0.1,0,0,0,41.0,44.7,48.2,0.28,0.27,0.34
STEP,2019-11-08 18:00:00 EST,42.52620,-73.35906,951,24.6,24.9,19.6,58.2,12.0,0.000,0.005,0.00,0.000,3.7,7.1,1.3,326,18,4.0,8.0,1.5,329,18,4.0,8.0,1.5,329,18,0,29.16,0.1,0,0,0,41.0,44.7,48.1,0.28,0.27,0.34
STEP,2019-11-08 18:05:00 EST,42.52620,-73.35906,951,24.6,24.8,19.9,58.2,12.0,0.000,0.005,0.00,0.000,3.3,6.0,1.2,309,25,3.7,6.4,1.2,312,25,3.7,6.4,1.2,312,25,0,29.16,0.0,0,0,0,41.0,44.6,48.2,0.28,0.27,0.34
STEP,2019-11-08 18:10:00 EST,42.52620,-73.35906,951,24.7,24.8,18.6,57.3,11.7,0.000,0.005,0.00,0.000,4.5,7.2,1.1,301,18,4.9,8.0,1.2,304,17,4.9,8.0,1.2,304,17,0,29.16,0.1,0,0,0,41.0,44.6,48.2,0.28,0.27,0.34
STEP,2019-11-08 18:15:00 EST,42.52620,-73.35906,951,24.8,24.9,17.8,56.5,11.5,0.000,0.005,0.00,0.000,5.3,9.4,1.4,324,15,5.8,10.2,1.5,328,13,5.8,10.2,1.5,328,13,0,29.16,0.1,0,0,0,41.0,44.6,48.2,0.28,0.27,0.34
STEP,2019-11-08 18:20:00 EST,42.52620,-73.35906,951,24.7,24.8,17.8,57.0,11.6,0.000,0.005,0.00,0.000,5.1,10.5,2.4,311,17,5.7,10.9,2.3,313,18,5.7,10.9,2.3,313,18,0,29.17,0.1,0,0,0,41.1,44.6,48.2,0.28,0.27,0.34
STEP,2019-11-08 18:25:00 EST,42.52620,-73.35906,951,24.6,24.8,17.5,57.4,11.7,0.000,0.005,0.00,0.000,5.4,10.3,1.8,318,17,5.9,10.3,1.8,320,17,5.9,10.3,1.8,320,17,0,29.17,0.1,0,0,0,41.0,44.6,48.2,0.28,0.27,0.33
STEP,2019-11-08 18:30:00 EST,42.52620,-73.35906,951,24.5,24.8,16.8,57.5,11.7,0.000,0.005,0.00,0.000,6.1,10.1,1.6,324,20,6.7,10.4,1.7,327,20,6.7,10.4,1.7,327,20,0,29.17,0.1,0,0,0,40.9,44.6,48.2,0.28,0.27,0.33
STEP,2019-11-08 18:35:00 EST,42.52620,-73.35906,951,24.3,24.6,17.5,58.8,12.0,0.000,0.005,0.00,0.000,5.1,10.0,1.8,328,14,5.5,11.1,2.0,331,11,5.5,11.1,2.0,331,11,0,29.17,0.1,0,0,0,41.0,44.6,48.1,0.28,0.27,0.34
STEP,2019-11-08 18:40:00 EST,42.52620,-73.35906,951,24.0,24.5,16.7,60.2,12.2,0.000,0.005,0.00,0.000,5.5,8.3,1.1,337,10,6.0,9.7,1.3,341,10,6.0,9.7,1.3,341,10,0,29.17,0.1,0,0,0,40.9,44.6,48.2,0.28,0.27,0.34
STEP,2019-11-08 18:45:00 EST,42.52620,-73.35906,951,23.7,24.2,18.2,61.5,12.4,0.000,0.005,0.00,0.000,3.7,5.9,0.9,327,16,4.3,7.4,0.9,330,17,4.3,7.4,0.9,330,17,0,29.17,0.2,0,0,0,41.0,44.6,48.1,0.28,0.27,0.33
STEP,2019-11-08 18:50:00 EST,42.52620,-73.35906,951,23.9,24.2,18.5,60.2,12.1,0.000,0.005,0.00,0.000,3.6,5.5,0.7,343,19,4.2,6.5,0.9,346,13,4.2,6.5,0.9,346,13,0,29.18,0.1,0,0,0,40.9,44.6,48.2,0.28,0.27,0.34
STEP,2019-11-08 18:55:00 EST,42.52620,-73.35906,951,23.8,24.2,17.9,61.4,12.5,0.000,0.005,0.00,0.000,4.1,6.3,0.9,332,22,4.6,7.2,1.1,336,18,4.6,7.2,1.1,336,18,0,29.17,0.1,0,0,0,40.8,44.6,48.2,0.28,0.27,0.33
STEP,2019-11-08 19:00:00 EST,42.52620,-73.35906,951,23.9,24.1,17.9,60.7,12.3,0.000,0.005,0.00,0.000,4.3,7.9,1.8,320,25,4.7,8.4,1.8,320,25,4.7,8.4,1.8,320,25,0,29.17,0.1,0,0,0,40.8,44.6,48.1,0.28,0.27,0.34
STEP,2019-11-08 19:05:00 EST,42.52620,-73.35906,951,23.9,24.0,19.0,59.5,11.8,0.000,0.005,0.00,0.000,3.3,6.2,1.4,308,23,3.7,7.3,1.5,309,23,3.7,7.3,1.5,309,23,0,29.18,0.1,0,0,0,40.8,44.6,48.1,0.28,0.27,0.34
STEP,2019-11-08 19:10:00 EST,42.52620,-73.35906,951,23.6,23.9,17.7,61.1,12.1,0.000,0.005,0.00,0.000,4.1,7.6,1.2,331,17,4.5,8.1,1.2,333,17,4.5,8.1,1.2,333,17,0,29.18,0.1,0,0,0,40.7,44.5,48.1,0.28,0.27,0.34
STEP,2019-11-08 19:15:00 EST,42.52620,-73.35906,951,23.6,23.8,17.1,62.0,12.4,0.000,0.005,0.00,0.000,4.6,7.2,1.1,328,12,5.0,8.7,1.3,331,11,5.0,8.7,1.3,331,11,0,29.18,0.2,0,0,0,40.7,44.6,48.2,0.28,0.27,0.34
STEP,2019-11-08 19:20:00 EST,42.52620,-73.35906,951,23.5,23.8,19.4,61.3,12.2,0.000,0.005,0.00,0.000,2.8,6.6,1.6,322,20,3.2,7.8,1.7,323,21,3.2,7.8,1.7,323,21,0,29.18,0.1,0,0,0,40.7,44.6,48.2,0.28,0.27,0.34
STEP,2019-11-08 19:25:00 EST,42.52620,-73.35906,951,23.3,23.6,23.3,62.2,12.3,0.000,0.005,0.00,0.000,2.1,5.2,1.2,330,27,2.5,5.8,1.3,333,31,2.5,5.8,1.3,333,31,0,29.18,0.1,0,0,0,40.8,44.6,48.1,0.28,0.27,0.33
STEP,2019-11-08 19:30:00 EST,42.52620,-73.35906,951,22.4,23.0,22.4,63.7,12.0,0.000,0.005,0.00,0.000,1.2,2.8,0.8,11,41,1.7,4.2,1.0,13,44,1.7,4.2,1.0,13,44,0,29.18,0.0,0,0,0,40.7,44.5,48.1,0.28,0.27,0.34
STEP,2019-11-08 19:35:00 EST,42.52620,-73.35906,951,21.8,22.9,21.8,67.8,12.8,0.000,0.005,0.00,0.000,1.5,2.9,0.6,101,17,1.8,3.6,0.6,100,19,1.8,3.6,0.6,100,19,0,29.19,0.1,0,0,0,40.7,44.5,48.1,0.28,0.27,0.34
STEP,2019-11-08 19:40:00 EST,42.52620,-73.35906,951,21.2,22.7,21.2,71.3,13.4,0.000,0.005,0.00,0.000,2.4,3.8,0.6,98,10,2.6,4.7,0.6,98,12,2.6,4.7,0.6,98,12,0,29.19,0.1,0,0,0,40.7,44.6,48.1,0.28,0.27,0.34
STEP,2019-11-08 19:45:00 EST,42.52620,-73.35906,951,20.7,22.2,20.7,72.8,13.4,0.000,0.005,0.00,0.000,1.1,3.8,1.2,100,7,1.3,4.7,1.3,99,15,1.3,4.7,1.3,99,15,0,29.19,0.1,0,0,0,40.7,44.5,48.1,0.28,0.27,0.34
STEP,2019-11-08 19:50:00 EST,42.52620,-73.35906,951,20.6,21.5,20.6,75.8,14.2,0.000,0.005,0.00,0.000,0.1,0.7,0.2,306,9,0.3,1.3,0.5,305,20,0.3,1.3,0.5,305,20,0,29.19,0.1,0,0,0,40.6,44.5,48.1,0.28,0.27,0.34
STEP,2019-11-08 19:55:00 EST,42.52620,-73.35906,951,20.9,21.8,20.9,76.1,14.6,0.000,0.005,0.00,0.000,0.9,2.2,0.6,9,21,1.5,3.2,0.6,10,21,1.5,3.2,0.6,10,21,0,29.19,0.0,0,0,0,40.7,44.4,48.0,0.28,0.27,0.34
STEP,2019-11-08 20:00:00 EST,42.52620,-73.35906,951,20.3,21.4,20.3,78.7,14.8,0.000,0.005,0.00,0.000,1.0,2.5,0.8,332,24,1.3,2.6,0.7,322,34,1.3,2.6,0.7,322,34,0,29.19,0.2,0,0,0,40.7,44.4,48.1,0.28,0.27,0.34
STEP,2019-11-08 20:05:00 EST,42.52620,-73.35906,951,20.4,21.4,20.4,77.3,14.4,0.000,0.005,0.00,0.000,0.6,1.8,0.6,358,13,1.1,2.8,0.7,356,12,1.1,2.8,0.7,356,12,0,29.19,0.1,0,0,0,40.6,44.4,48.1,0.28,0.27,0.33
STEP,2019-11-08 20:10:00 EST,42.52620,-73.35906,951,19.7,20.7,19.7,77.5,13.8,0.000,0.005,0.00,0.000,0.6,1.9,0.6,28,19,1.0,2.5,0.7,28,21,1.0,2.5,0.7,28,21,0,29.20,0.1,0,0,0,40.6,44.4,48.1,0.28,0.27,0.34
STEP,2019-11-08 20:15:00 EST,42.52620,-73.35906,951,19.5,21.0,19.5,79.6,14.2,0.000,0.005,0.00,0.000,1.9,2.7,0.5,23,17,2.1,3.1,0.4,24,16,2.1,3.1,0.4,24,16,0,29.20,0.1,0,0,0,40.5,44.4,48.0,0.28,0.27,0.34
STEP,2019-11-08 20:20:00 EST,42.52620,-73.35906,951,19.5,20.8,19.5,79.6,14.2,0.000,0.005,0.00,0.000,2.3,2.7,0.3,37,13,2.5,3.3,0.3,38,13,2.5,3.3,0.3,38,13,0,29.20,0.1,0,0,0,40.6,44.4,48.1,0.28,0.27,0.33
STEP,2019-11-08 20:25:00 EST,42.52620,-73.35906,951,18.9,20.3,18.9,79.5,13.6,0.000,0.005,0.00,0.000,2.1,2.8,0.6,65,11,2.2,3.0,0.5,62,13,2.2,3.0,0.5,62,13,0,29.20,0.1,0,0,0,40.5,44.3,48.1,0.28,0.27,0.34
STEP,2019-11-08 20:30:00 EST,42.52620,-73.35906,951,18.8,19.5,18.8,84.2,14.8,0.000,0.005,0.00,0.000,0.9,1.6,0.5,179,60,1.3,2.2,0.4,178,63,1.3,2.2,0.4,178,63,0,29.20,0.1,0,0,0,40.5,44.4,48.0,0.28,0.27,0.34
STEP,2019-11-08 20:35:00 EST,42.52620,-73.35906,951,18.9,20.0,18.9,84.8,15.1,0.000,0.005,0.00,0.000,0.4,2.0,0.6,253,18,0.8,2.3,0.7,250,33,0.8,2.3,0.7,250,33,0,29.20,0.1,0,0,0,40.4,44.4,48.1,0.28,0.27,0.33
STEP,2019-11-08 20:40:00 EST,42.52620,-73.35906,951,18.5,20.1,18.5,86.0,15.0,0.000,0.005,0.00,0.000,0.2,1.4,0.4,72,7,0.4,1.9,0.5,65,17,0.4,1.9,0.5,65,17,0,29.21,0.2,0,0,0,40.5,44.3,48.1,0.28,0.27,0.33
STEP,2019-11-08 20:45:00 EST,42.52620,-73.35906,951,18.9,20.5,18.9,84.3,15.0,0.000,0.005,0.00,0.000,1.3,2.4,0.7,34,15,1.6,2.8,0.7,30,18,1.6,2.8,0.7,30,18,0,29.21,0.1,0,0,0,40.4,44.4,48.1,0.28,0.27,0.34
STEP,2019-11-08 20:50:00 EST,42.52620,-73.35906,951,18.6,19.6,18.6,84.8,14.8,0.000,0.005,0.00,0.000,1.2,3.4,1.2,315,21,1.7,4.2,0.9,331,42,1.7,4.2,0.9,331,42,0,29.21,0.2,0,0,0,40.4,44.3,48.0,0.28,0.27,0.34
STEP,2019-11-08 20:55:00 EST,42.52620,-73.35906,951,19.0,20.4,19.0,82.9,14.6,0.000,0.005,0.00,0.000,2.1,3.9,0.6,1,13,2.8,4.8,0.7,4,13,2.8,4.8,0.7,4,13,0,29.21,0.0,0,0,0,40.4,44.4,47.9,0.28,0.27,0.34
STEP,2019-11-08 21:00:00 EST,42.52620,-73.35906,951,18.1,19.6,13.4,84.6,14.3,0.000,0.005,0.00,0.000,2.6,4.0,0.4,358,14,3.1,4.5,0.5,1,14,3.1,4.5,0.5,1,14,0,29.21,0.2,0,0,0,40.4,44.4,48.0,0.28,0.27,0.34
STEP,2019-11-08 21:05:00 EST,42.52620,-73.35906,951,18.1,19.8,18.1,86.6,14.8,0.000,0.005,0.00,0.000,1.4,3.0,0.8,12,16,1.8,4.1,0.9,14,19,1.8,4.1,0.9,14,19,0,29.21,0.1,0,0,0,40.3,44.4,48.0,0.28,0.27,0.33
STEP,2019-11-08 21:10:00 EST,42.52620,-73.35906,951,17.7,19.6,17.7,86.8,14.4,0.000,0.005,0.00,0.000,0.5,2.0,0.5,322,51,1.0,2.3,0.6,26,61,1.0,2.3,0.6,26,61,0,29.21,0.1,0,0,0,40.3,44.4,48.0,0.28,0.27,0.34
STEP,2019-11-08 21:15:00 EST,42.52620,-73.35906,951,17.9,19.1,17.9,85.7,14.3,0.000,0.005,0.00,0.000,0.1,1.1,0.3,3,5,0.5,1.9,0.6,37,28,0.5,1.9,0.6,37,28,0,29.21,0.1,0,0,0,40.3,44.4,48.1,0.28,0.27,0.33
STEP,2019-11-08 21:20:00 EST,42.52620,-73.35906,951,17.7,19.0,17.7,86.7,14.4,0.000,0.005,0.00,0.000,1.7,2.9,0.8,138,8,1.8,2.8,0.6,135,8,1.8,2.8,0.6,135,8,0,29.21,0.1,0,0,0,40.4,44.4,48.0,0.28,0.27,0.34
STEP,2019-11-08 21:25:00 EST,42.52620,-73.35906,951,17.4,18.3,17.4,86.9,14.2,0.000,0.005,0.00,0.000,1.0,2.2,0.7,177,24,1.4,2.4,0.6,183,37,1.4,2.4,0.6,183,37,0,29.21,0.2,0,0,0,40.3,44.3,47.9,0.28,0.27,0.33
STEP,2019-11-08 21:30:00 EST,42.52620,-73.35906,951,17.4,18.3,17.4,89.2,14.8,0.000,0.005,0.00,0.000,0.9,2.1,0.6,169,17,1.3,2.1,0.4,168,18,1.3,2.1,0.4,168,18,0,29.22,0.1,0,0,0,40.3,44.4,48.0,0.29,0.27,0.33
STEP,2019-11-08 21:35:00 EST,42.52620,-73.35906,951,16.9,18.6,16.9,89.1,14.2,0.000,0.005,0.00,0.000,0.9,2.5,0.9,122,5,1.1,2.5,0.8,126,13,1.1,2.5,0.8,126,13,0,29.22,0.2,0,0,0,40.2,44.3,48.0,0.29,0.27,0.33
STEP,2019-11-08 21:40:00 EST,42.52620,-73.35906,951,17.2,17.9,17.2,88.8,14.5,0.000,0.005,0.00,0.000,0.2,1.2,0.3,328,26,0.4,1.6,0.5,317,28,0.4,1.6,0.5,317,28,0,29.22,0.2,0,0,0,40.2,44.3,47.9,0.28,0.27,0.33
STEP,2019-11-08 21:45:00 EST,42.52620,-73.35906,951,17.8,18.5,17.8,89.3,15.2,0.000,0.005,0.00,0.000,0.1,1.0,0.3,322,5,0.4,1.5,0.5,302,15,0.4,1.5,0.5,302,15,0,29.22,0.1,0,0,0,40.1,44.3,47.9,0.29,0.27,0.33
STEP,2019-11-08 21:50:00 EST,42.52620,-73.35906,951,17.4,18.5,17.4,89.4,14.9,0.000,0.005,0.00,0.000,1.1,2.8,1.0,333,28,1.5,3.0,1.0,336,34,1.5,3.0,1.0,336,34,0,29.22,0.1,0,0,0,40.1,44.3,48.0,0.28,0.27,0.33
STEP,2019-11-08 21:55:00 EST,42.52620,-73.35906,951,17.4,18.0,17.4,89.7,14.9,0.000,0.005,0.00,0.000,1.2,2.7,0.8,255,36,1.4,2.9,0.7,253,33,1.4,2.9,0.7,253,33,0,29.23,0.2,0,0,0,40.1,44.2,48.0,0.28,0.27,0.33
STEP,2019-11-08 22:00:00 EST,42.52620,-73.35906,951,17.2,18.0,17.2,89.4,14.7,0.000,0.005,0.00,0.000,0.9,2.3,0.7,238,33,1.3,2.8,0.8,239,29,1.3,2.8,0.8,239,29,0,29.22,0.2,0,0,0,40.1,44.1,47.9,0.28,0.27,0.33
STEP,2019-11-08 22:05:00 EST,42.52620,-73.35906,951,17.1,17.9,17.1,90.4,14.8,0.000,0.005,0.00,0.000,1.4,2.2,0.4,216,27,1.7,2.5,0.4,214,27,1.7,2.5,0.4,214,27,0,29.23,0.1,0,0,0,40.1,44.1,47.9,0.28,0.27,0.33
STEP,2019-11-08 22:10:00 EST,42.52620,-73.35906,951,16.0,17.2,16.0,90.3,13.6,0.000,0.005,0.00,0.000,1.6,2.1,0.2,155,11,1.8,2.2,0.2,152,13,1.8,2.2,0.2,152,13,0,29.23,0.2,0,0,0,40.0,44.1,48.0,0.28,0.27,0.33
STEP,2019-11-08 22:15:00 EST,42.52620,-73.35906,951,16.3,17.1,16.3,92.4,14.5,0.000,0.005,0.00,0.000,0.7,1.8,0.5,151,15,1.0,2.1,0.4,156,20,1.0,2.1,0.4,156,20,0,29.23,0.1,0,0,0,40.0,44.1,48.0,0.28,0.27,0.33
STEP,2019-11-08 22:20:00 EST,42.52620,-73.35906,951,16.2,17.3,16.2,93.0,14.5,0.000,0.005,0.00,0.000,1.1,2.0,0.5,162,11,1.4,2.2,0.4,156,13,1.4,2.2,0.4,156,13,0,29.23,0.2,0,0,0,40.0,44.1,47.9,0.28,0.27,0.33
STEP,2019-11-08 22:25:00 EST,42.52620,-73.35906,951,16.3,17.0,16.3,92.7,14.6,0.000,0.005,0.00,0.000,1.5,1.9,0.3,187,14,1.7,2.4,0.3,189,15,1.7,2.4,0.3,189,15,0,29.23,0.2,0,0,0,40.1,44.1,47.9,0.28,0.27,0.33
STEP,2019-11-08 22:30:00 EST,42.52620,-73.35906,951,16.2,16.8,16.2,93.1,14.5,0.000,0.005,0.00,0.000,1.0,1.5,0.2,178,2,1.4,1.9,0.2,173,9,1.4,1.9,0.2,173,9,0,29.23,0.2,0,0,0,40.0,44.0,47.9,0.28,0.27,0.33
STEP,2019-11-08 22:35:00 EST,42.52620,-73.35906,951,15.9,16.5,15.9,92.5,14.1,0.000,0.005,0.00,0.000,0.9,1.8,0.5,228,39,1.3,2.2,0.4,230,40,1.3,2.2,0.4,230,40,0,29.23,0.3,0,0,0,40.0,44.0,48.0,0.28,0.27,0.33
STEP,2019-11-08 22:40:00 EST,42.52620,-73.35906,951,16.5,17.0,16.5,93.9,15.1,0.000,0.005,0.00,0.000,1.8,3.4,0.8,205,18,1.9,4.0,0.8,204,17,1.9,4.0,0.8,204,17,0,29.23,0.2,0,0,0,40.0,44.1,47.9,0.28,0.27,0.33
STEP,2019-11-08 22:45:00 EST,42.52620,-73.35906,951,16.0,16.8,16.0,92.8,14.3,0.000,0.005,0.00,0.000,1.9,2.8,0.4,190,12,2.2,3.0,0.4,190,13,2.2,3.0,0.4,190,13,0,29.24,0.2,0,0,0,40.0,44.1,47.9,0.28,0.27,0.33
STEP,2019-11-08 22:50:00 EST,42.52620,-73.35906,951,16.1,16.6,16.1,92.9,14.4,0.000,0.005,0.00,0.000,1.3,2.6,0.5,249,61,1.7,3.5,0.5,274,63,1.7,3.5,0.5,274,63,0,29.24,0.2,0,0,0,39.8,44.0,47.8,0.28,0.27,0.33
STEP,2019-11-08 22:55:00 EST,42.52620,-73.35906,951,16.1,17.0,16.1,92.4,14.3,0.000,0.005,0.00,0.000,2.6,3.4,0.5,116,35,2.7,3.8,0.6,116,33,2.7,3.8,0.6,116,33,0,29.24,0.2,0,0,0,39.9,44.0,47.8,0.28,0.27,0.33
STEP,2019-11-08 23:00:00 EST,42.52620,-73.35906,951,15.9,16.7,10.9,91.0,13.7,0.000,0.005,0.00,0.000,2.9,3.7,0.4,156,9,3.1,4.1,0.5,151,10,3.1,4.1,0.5,151,10,0,29.24,0.2,0,0,0,39.8,44.0,47.9,0.28,0.27,0.33
STEP,2019-11-08 23:05:00 EST,42.52620,-73.35906,951,15.9,16.5,15.9,91.5,13.9,0.000,0.005,0.00,0.000,1.3,2.6,0.9,129,8,1.4,2.7,0.8,132,16,1.4,2.7,0.8,132,16,0,29.24,0.2,0,0,0,39.8,43.9,47.9,0.28,0.27,0.33
STEP,2019-11-08 23:10:00 EST,42.52620,-73.35906,951,15.8,16.4,15.8,91.3,13.7,0.000,0.005,0.00,0.000,1.7,2.3,0.4,211,21,1.8,2.7,0.3,212,20,1.8,2.7,0.3,212,20,0,29.24,0.2,0,0,0,39.8,43.8,47.9,0.28,0.27,0.33
STEP,2019-11-08 23:15:00 EST,42.52620,-73.35906,951,16.0,16.6,16.0,92.1,14.1,0.000,0.005,0.00,0.000,1.6,2.6,0.5,248,10,1.9,3.0,0.5,249,13,1.9,3.0,0.5,249,13,0,29.24,0.2,0,0,0,39.7,43.8,47.8,0.28,0.27,0.33
STEP,2019-11-08 23:20:00 EST,42.52620,-73.35906,951,15.9,16.5,15.9,91.6,13.8,0.000,0.005,0.00,0.000,0.2,0.9,0.3,280,1,0.4,1.3,0.5,298,10,0.4,1.3,0.5,298,10,0,29.24,0.1,0,0,0,39.8,43.9,47.9,0.28,0.27,0.33
STEP,2019-11-08 23:25:00 EST,42.52620,-73.35906,951,15.7,16.2,15.7,91.5,13.6,0.000,0.005,0.00,0.000,1.0,1.7,0.6,12,14,1.4,2.4,0.5,6,18,1.4,2.4,0.5,6,18,0,29.24,0.2,0,0,0,39.7,43.9,47.8,0.28,0.27,0.33
STEP,2019-11-08 23:30:00 EST,42.52620,-73.35906,951,15.7,16.1,15.7,91.4,13.6,0.000,0.005,0.00,0.000,0.0,0.0,0.0,0,0,0.0,0.8,0.1,346,0,0.0,0.8,0.1,346,0,0,29.24,0.3,0,0,0,39.6,43.9,47.8,0.28,0.27,0.33
STEP,2019-11-08 23:35:00 EST,42.52620,-73.35906,951,15.4,15.9,15.4,91.3,13.4,0.000,0.005,0.00,0.000,0.9,1.8,0.6,191,61,1.3,2.1,0.7,178,6,1.3,2.1,0.7,178,6,0,29.24,0.2,0,0,0,39.6,43.9,47.8,0.28,0.27,0.33
STEP,2019-11-08 23:40:00 EST,42.52620,-73.35906,951,15.0,15.6,15.0,91.9,13.1,0.000,0.005,0.00,0.000,1.1,1.5,0.2,160,13,1.4,1.9,0.3,146,15,1.4,1.9,0.3,146,15,0,29.24,0.2,0,0,0,39.7,43.9,47.8,0.28,0.27,0.33
STEP,2019-11-08 23:45:00 EST,42.52620,-73.35906,951,14.7,15.5,14.7,92.4,12.9,0.000,0.005,0.00,0.000,0.7,1.0,0.2,141,0,0.9,1.3,0.3,130,4,0.9,1.3,0.3,130,4,0,29.25,0.2,0,0,0,39.6,43.8,47.8,0.28,0.27,0.33
STEP,2019-11-08 23:50:00 EST,42.52620,-73.35906,951,15.1,15.6,15.1,92.9,13.4,0.000,0.005,0.00,0.000,0.0,0.0,0.0,0,0,0.2,1.0,0.3,337,5,0.2,1.0,0.3,337,5,0,29.25,0.3,0,0,0,39.6,43.9,47.8,0.28,0.27,0.33
STEP,2019-11-08 23:55:00 EST,42.52620,-73.35906,951,15.4,15.7,15.4,93.6,13.9,0.000,0.005,0.00,0.000,0.1,0.5,0.1,142,0,0.5,1.2,0.4,297,12,0.5,1.2,0.4,297,12,0,29.25,0.2,0,0,0,39.7,43.9,47.8,0.28,0.27,0.33
STON,2019-11-08 00:00:00 EST,40.91912,-73.13168,144,40.2,40.0,33.2,73.7,32.4,0.000,0.081,0.00,0.000,9.4,15.7,2.9,341,21,11.5,19.8,3.4,354,16,11.5,19.8,3.4,354,16,0,29.83,-0.0,0,0,0,52.3,54.9,56.3,0.14,0.07,0.04
STON,2019-11-08 00:05:00 EST,40.91912,-73.13168,144,40.0,39.9,33.5,72.5,31.9,0.000,0.000,0.00,0.000,8.8,17.2,2.7,346,18,10.3,18.6,3.5,356,16,10.3,18.6,3.5,356,16,0,29.84,-0.0,0,0,0,52.3,54.9,56.3,0.14,0.07,0.04
STON,2019-11-08 00:10:00 EST,40.91912,-73.13168,144,39.9,39.8,33.2,72.6,31.8,0.000,0.000,0.00,0.000,9.6,16.4,2.7,338,21,10.9,19.5,3.1,350,15,10.9,19.5,3.1,350,15,0,29.84,0.0,0,0,0,52.3,54.9,56.3,0.14,0.07,0.04
STON,2019-11-08 00:15:00 EST,40.91912,-73.13168,144,39.9,39.8,33.6,72.5,31.8,0.000,0.000,0.00,0.000,8.4,15.7,2.3,338,18,9.8,17.3,2.7,348,15,9.8,17.3,2.7,348,15,0,29.84,0.0,0,0,0,52.3,54.9,56.3,0.14,0.07,0.04
STON,2019-11-08 00:20:00 EST,40.91912,-73.13168,144,39.7,39.6,34.5,73.2,31.9,0.000,0.000,0.00,0.000,6.3,13.4,2.5,342,19,7.6,16.9,3.0,353,17,7.6,16.9,3.0,353,17,0,29.84,0.0,0,0,0,52.2,54.9,56.3,0.14,0.07,0.04
STON,2019-11-08 00:25:00 EST,40.91912,-73.13168,144,39.7,39.6,33.2,71.6,31.3,0.000,0.000,0.00,0.000,8.7,20.3,4.6,340,19,10.2,22.3,5.1,350,15,10.2,22.3,5.1,350,15,0,29.84,-0.0,0,0,0,52.2,54.9,56.3,0.14,0.07,0.04
STON,2019-11-08 00:30:00 EST,40.91912,-73.13168,144,39.6,39.5,33.6,70.8,30.9,0.000,0.000,0.00,0.000,7.5,14.0,3.1,343,22,8.9,17.0,3.3,354,16,8.9,17.0,3.3,354,16,0,29.84,-0.0,0,0,0,52.2,54.9,56.3,0.14,0.07,0.04
STON,2019-11-08 00:35:00 EST,40.91912,-73.13168,144,39.5,39.4,33.9,71.2,30.9,0.000,0.000,0.00,0.000,6.8,18.4,3.2,334,22,8.1,20.6,3.4,347,20,8.1,20.6,3.4,347,20,0,29.84,-0.0,0,0,0,52.2,54.9,56.3,0.14,0.07,0.03
STON,2019-11-08 00:40:00 EST,40.91912,-73.13168,144,39.5,39.4,32.4,70.7,30.7,0.000,0.000,0.00,0.000,9.8,17.9,3.6,338,17,11.5,23.2,4.2,350,16,11.5,23.2,4.2,350,16,0,29.84,-0.0,0,0,0,52.2,54.9,56.3,0.14,0.07,0.04
STON,2019-11-08 00:45:00 EST,40.91912,-73.13168,144,39.3,39.3,32.7,70.0,30.4,0.000,0.000,0.00,0.000,8.8,22.3,3.9,336,19,10.4,24.1,4.3,347,17,10.4,24.1,4.3,347,17,0,29.84,0.0,0,0,0,52.1,54.9,56.3,0.14,0.07,0.04
STON,2019-11-08 00:50:00 EST,40.91912,-73.13168,144,39.2,39.1,32.7,70.4,30.3,0.000,0.000,0.00,0.000,8.4,16.8,2.9,340,21,9.8,19.4,3.4,353,17,9.8,19.4,3.4,353,17,0,29.84,-0.0,0,0,0,52.0,54.9,56.3,0.14,0.07,0.04
STON,2019-11-08 00:55:00 EST,40.91912,-73.13168,144,39.1,39.0,32.3,70.3,30.2,0.000,0.000,0.00,0.000,8.8,15.7,3.1,344,16,10.5,18.3,3.4,353,14,10.5,18.3,3.4,353,14,0,29.84,-0.0,0,0,0,52.0,54.9,56.3,0.14,0.07,0.04
STON,2019-11-08 01:00:00 EST,40.91912,-73.13168,144,39.0,39.0,31.8,69.2,29.8,0.000,0.000,0.00,0.000,10.0,17.6,2.8,339,18,11.5,19.1,3.2,349,15,11.5,19.1,3.2,349,15,0,29.84,-0.0,0,0,0,52.0,54.9,56.3,0.14,0.07,0.03
STON,2019-11-08 01:05:00 EST,40.91912,-73.13168,144,38.9,38.8,32.6,70.1,29.9,0.000,0.000,0.00,0.000,7.9,14.0,3.0,353,22,9.2,17.4,3.6,1,19,9.2,17.4,3.6,1,19,0,29.84,-0.0,0,0,0,52.0,54.9,56.3,0.14,0.07,0.03
STON,2019-11-08 01:10:00 EST,40.91912,-73.13168,144,38.8,38.7,31.6,69.1,29.5,0.000,0.000,0.00,0.000,9.5,16.7,2.6,336,22,11.3,18.9,3.0,349,14,11.3,18.9,3.0,349,14,0,29.84,0.0,0,0,0,52.0,54.8,56.3,0.14,0.07,0.03
STON,2019-11-08 01:15:00 EST,40.91912,-73.13168,144,38.7,38.6,31.5,68.4,29.2,0.000,0.000,0.00,0.000,9.5,15.9,2.8,339,16,11.1,18.8,3.3,351,14,11.1,18.8,3.3,351,14,0,29.84,0.0,0,0,0,52.0,54.8,56.3,0.14,0.07,0.04
STON,2019-11-08 01:20:00 EST,40.91912,-73.13168,144,38.6,38.5,31.0,68.1,29.0,0.000,0.000,0.00,0.000,10.3,17.2,3.1,344,20,12.1,20.6,3.4,354,16,12.1,20.6,3.4,354,16,0,29.84,-0.0,0,0,0,51.8,54.8,56.3,0.14,0.07,0.03
STON,2019-11-08 01:25:00 EST,40.91912,-73.13168,144,38.5,38.5,31.5,68.2,28.9,0.000,0.000,0.00,0.000,9.2,17.7,3.5,339,19,10.6,21.7,3.9,349,17,10.6,21.7,3.9,349,17,0,29.84,-0.0,0,0,0,51.8,54.8,56.3,0.14,0.07,0.03
STON,2019-11-08 01:30:00 EST,40.91912,-73.13168,144,38.4,38.4,31.7,68.4,28.9,0.000,0.000,0.00,0.000,8.4,15.9,3.0,340,19,9.9,18.3,3.2,352,16,9.9,18.3,3.2,352,16,0,29.85,-0.0,0,0,0,51.8,54.8,56.3,0.14,0.07,0.03
STON,2019-11-08 01:35:00 EST,40.91912,-73.13168,144,38.3,38.2,32.4,69.5,29.2,0.000,0.000,0.00,0.000,7.1,14.0,2.4,339,20,8.2,17.6,2.8,350,17,8.2,17.6,2.8,350,17,0,29.85,-0.0,0,0,0,51.8,54.7,56.3,0.14,0.07,0.03
STON,2019-11-08 01:40:00 EST,40.91912,-73.13168,144,38.3,38.2,31.6,71.1,29.8,0.000,0.000,0.00,0.000,8.7,13.8,2.5,344,22,10.0,17.6,2.8,354,16,10.0,17.6,2.8,354,16,0,29.85,-0.0,0,0,0,51.7,54.7,56.3,0.14,0.07,0.04
STON,2019-11-08 01:45:00 EST,40.91912,-73.13168,144,38.2,38.1,31.3,72.0,30.0,0.000,0.000,0.00,0.000,8.7,15.3,2.8,339,22,10.3,18.7,2.9,349,15,10.3,18.7,2.9,349,15,0,29.85,-0.0,0,0,0,51.5,54.7,56.3,0.14,0.07,0.04
STON,2019-11-08 01:50:00 EST,40.91912,-73.13168,144,38.1,38.0,30.5,72.1,29.9,0.000,0.000,0.00,0.000,10.2,17.0,2.7,344,21,11.8,20.0,2.9,355,17,11.8,20.0,2.9,355,17,0,29.85,0.0,0,0,0,51.4,54.7,56.3,0.14,0.07,0.03
STON,2019-11-08 01:55:00 EST,40.91912,-73.13168,144,37.9,37.8,31.4,72.5,29.9,0.000,0.000,0.00,0.000,7.9,14.8,3.3,348,24,9.3,17.4,3.8,355,18,9.3,17.4,3.8,355,18,0,29.85,0.0,0,0,0,51.4,54.7,56.3,0.14,0.07,0.03
STON,2019-11-08 02:00:00 EST,40.91912,-73.13168,144,37.8,37.7,32.1,73.1,30.0,0.000,0.000,0.00,0.000,6.6,10.4,1.8,342,18,7.7,14.3,2.4,354,14,7.7,14.3,2.4,354,14,0,29.86,-0.0,0,0,0,51.4,54.7,56.3,0.14,0.07,0.04
STON,2019-11-08 02:05:00 EST,40.91912,-73.13168,144,37.7,37.6,31.4,73.4,29.9,0.000,0.000,0.00,0.000,7.2,13.9,2.3,340,19,8.6,15.4,2.5,352,16,8.6,15.4,2.5,352,16,0,29.86,-0.0,0,0,0,51.4,54.7,56.3,0.14,0.07,0.04
STON,2019-11-08 02:10:00 EST,40.91912,-73.13168,144,37.6,37.5,32.1,73.6,30.0,0.000,0.000,0.00,0.000,5.9,14.2,3.2,348,21,7.3,18.4,3.7,358,17,7.3,18.4,3.7,358,17,0,29.86,0.0,0,0,0,51.3,54.7,56.3,0.14,0.07,0.03
STON,2019-11-08 02:15:00 EST,40.91912,-73.13168,144,37.6,37.4,31.2,72.8,29.7,0.000,0.000,0.00,0.000,7.8,14.9,3.2,337,17,8.9,18.0,3.7,348,17,8.9,18.0,3.7,348,17,0,29.86,0.0,0,0,0,51.3,54.7,56.3,0.14,0.07,0.03
STON,2019-11-08 02:20:00 EST,40.91912,-73.13168,144,37.6,37.4,29.9,70.5,28.8,0.000,0.000,0.00,0.000,10.1,16.8,3.0,342,16,11.7,20.7,3.7,352,14,11.7,20.7,3.7,352,14,0,29.86,0.0,0,0,0,51.3,54.7,56.3,0.14,0.07,0.04
STON,2019-11-08 02:25:00 EST,40.91912,-73.13168,144,37.5,37.4,30.7,69.3,28.3,0.000,0.000,0.00,0.000,7.9,14.8,3.4,344,23,9.7,19.4,4.0,355,18,9.7,19.4,4.0,355,18,0,29.86,-0.0,0,0,0,51.3,54.7,56.3,0.14,0.07,0.03
STON,2019-11-08 02:30:00 EST,40.91912,-73.13168,144,37.5,37.4,31.4,68.4,28.0,0.000,0.000,0.00,0.000,6.8,11.3,1.9,343,22,8.2,14.0,2.3,354,19,8.2,14.0,2.3,354,19,0,29.86,-0.0,0,0,0,51.3,54.7,56.3,0.14,0.07,0.03
STON,2019-11-08 02:35:00 EST,40.91912,-73.13168,144,37.4,37.3,30.6,67.3,27.5,0.000,0.000,0.00,0.000,8.1,13.4,2.4,340,21,9.6,16.5,2.9,350,18,9.6,16.5,2.9,350,18,0,29.86,-0.0,0,0,0,51.2,54.7,56.3,0.14,0.07,0.03
STON,2019-11-08 02:40:00 EST,40.91912,-73.13168,144,37.3,37.2,31.1,66.7,27.3,0.000,0.000,0.00,0.000,7.0,12.4,2.1,344,20,8.4,14.3,2.6,352,16,8.4,14.3,2.6,352,16,0,29.86,-0.0,0,0,0,51.2,54.6,56.3,0.14,0.07,0.03
STON,2019-11-08 02:45:00 EST,40.91912,-73.13168,144,37.2,37.1,30.9,65.8,26.9,0.000,0.000,0.00,0.000,7.2,12.1,2.6,345,26,8.5,16.3,2.9,354,17,8.5,16.3,2.9,354,17,0,29.86,-0.0,0,0,0,51.1,54.5,56.3,0.14,0.07,0.03
STON,2019-11-08 02:50:00 EST,40.91912,-73.13168,144,37.1,37.0,32.8,65.2,26.5,0.000,0.000,0.00,0.000,4.2,10.2,1.8,351,29,5.3,11.2,2.3,358,26,5.3,11.2,2.3,358,26,0,29.86,-0.0,0,0,0,51.1,54.3,56.3,0.14,0.07,0.03
STON,2019-11-08 02:55:00 EST,40.91912,-73.13168,144,37.0,36.9,32.4,65.0,26.3,0.000,0.000,0.00,0.000,4.8,14.5,2.9,341,25,5.8,16.5,3.1,354,18,5.8,16.5,3.1,354,18,0,29.86,-0.0,0,0,0,51.1,54.3,56.3,0.14,0.07,0.03
STON,2019-11-08 03:00:00 EST,40.91912,-73.13168,144,36.7,36.6,31.1,62.9,25.3,0.000,0.000,0.00,0.000,5.5,10.7,2.2,359,30,7.2,16.2,2.6,7,22,7.2,16.2,2.6,7,22,0,29.86,-0.1,0,0,0,51.1,54.3,56.3,0.14,0.07,0.03
STON,2019-11-08 03:05:00 EST,40.91912,-73.13168,144,36.5,36.4,30.5,60.4,24.1,0.000,0.000,0.00,0.000,6.3,13.0,2.9,351,25,7.7,16.0,3.5,358,22,7.7,16.0,3.5,358,22,0,29.86,-0.0,0,0,0,51.1,54.3,56.3,0.14,0.07,0.03
STON,2019-11-08 03:10:00 EST,40.91912,-73.13168,144,36.2,36.2,29.6,58.8,23.2,0.000,0.000,0.00,0.000,7.3,15.9,3.8,349,25,8.8,19.4,4.3,357,20,8.8,19.4,4.3,357,20,0,29.86,-0.1,0,0,0,50.9,54.3,56.3,0.14,0.07,0.03
STON,2019-11-08 03:15:00 EST,40.91912,-73.13168,144,35.9,35.8,28.2,57.2,22.2,0.000,0.000,0.00,0.000,9.1,16.7,3.1,345,25,10.8,26.6,4.0,357,19,10.8,26.6,4.0,357,19,0,29.86,-0.0,0,0,0,50.7,54.3,56.3,0.14,0.07,0.03
STON,2019-11-08 03:20:00 EST,40.91912,-73.13168,144,35.8,35.7,29.7,57.0,22.0,0.000,0.000,0.00,0.000,6.3,13.9,2.6,358,26,7.7,17.7,3.1,5,20,7.7,17.7,3.1,5,20,0,29.86,-0.0,0,0,0,50.7,54.3,56.3,0.14,0.07,0.03
STON,2019-11-08 03:25:00 EST,40.91912,-73.13168,144,35.7,35.6,29.5,57.3,22.1,0.000,0.000,0.00,0.000,6.3,16.3,3.4,1,33,7.7,17.8,3.7,8,24,7.7,17.8,3.7,8,24,0,29.86,-0.0,0,0,0,50.7,54.3,56.3,0.14,0.07,0.03
STON,2019-11-08 03:30:00 EST,40.91912,-73.13168,144,35.7,35.5,27.5,57.0,21.9,0.000,0.000,0.00,0.000,9.9,16.5,2.9,345,19,11.6,21.2,3.4,355,16,11.6,21.2,3.4,355,16,0,29.87,-0.0,0,0,0,50.7,54.3,56.3,0.14,0.07,0.03
STON,2019-11-08 03:35:00 EST,40.91912,-73.13168,144,35.5,35.4,28.2,56.5,21.6,0.000,0.000,0.00,0.000,8.3,16.7,3.1,343,26,9.8,17.9,3.6,354,18,9.8,17.9,3.6,354,18,0,29.87,-0.0,0,0,0,50.7,54.3,56.3,0.14,0.07,0.03
STON,2019-11-08 03:40:00 EST,40.91912,-73.13168,144,35.4,35.3,27.0,56.3,21.4,0.000,0.000,0.00,0.000,10.2,17.1,3.0,340,17,11.9,19.5,3.6,350,15,11.9,19.5,3.6,350,15,0,29.87,-0.0,0,0,0,50.5,54.3,56.3,0.14,0.07,0.03
STON,2019-11-08 03:45:00 EST,40.91912,-73.13168,144,35.2,35.1,27.0,56.1,21.1,0.000,0.000,0.00,0.000,10.3,22.7,4.5,336,17,11.5,23.1,4.8,346,15,11.5,23.1,4.8,346,15,0,29.87,-0.0,0,0,0,50.5,54.3,56.3,0.14,0.07,0.03
STON,2019-11-08 03:50:00 EST,40.91912,-73.13168,144,35.0,34.9,26.5,55.9,20.9,0.000,0.000,0.00,0.000,10.4,22.0,4.1,341,20,12.2,22.6,4.3,351,17,12.2,22.6,4.3,351,17,0,29.87,-0.1,0,0,0,50.5,54.3,56.3,0.14,0.07,0.03
STON,2019-11-08 03:55:00 EST,40.91912,-73.13168,144,34.6,34.6,26.3,55.3,20.2,0.000,0.000,0.00,0.000,9.9,17.8,3.3,342,27,11.5,19.9,4.0,353,18,11.5,19.9,4.0,353,18,0,29.87,-0.0,0,0,0,50.5,54.3,56.3,0.14,0.07,0.03
STON,2019-11-08 04:00:00 EST,40.91912,-73.13168,144,34.6,34.5,25.6,53.9,19.6,0.000,0.000,0.00,0.000,11.3,21.0,3.9,336,19,13.1,22.4,4.2,348,13,13.1,22.4,4.2,348,13,0,29.87,-0.0,0,0,0,50.5,54.3,56.3,0.14,0.07,0.03
STON,2019-11-08 04:05:00 EST,40.91912,-73.13168,144,34.5,34.4,26.0,53.1,19.2,0.000,0.000,0.00,0.000,10.2,18.6,3.0,340,21,11.9,23.6,3.6,350,17,11.9,23.6,3.6,350,17,0,29.87,-0.0,0,0,0,50.4,54.3,56.3,0.14,0.07,0.03
STON,2019-11-08 04:10:00 EST,40.91912,-73.13168,144,34.3,34.3,26.8,52.0,18.5,0.000,0.000,0.00,0.000,8.1,19.4,4.4,345,21,9.6,22.6,5.0,354,17,9.6,22.6,5.0,354,17,0,29.88,-0.0,0,0,0,50.4,54.3,56.3,0.14,0.07,0.03
STON,2019-11-08 04:15:00 EST,40.91912,-73.13168,144,34.2,34.2,25.5,51.2,18.1,0.000,0.000,0.00,0.000,10.5,17.5,3.2,349,26,12.2,20.9,3.7,359,18,12.2,20.9,3.7,359,18,0,29.88,-0.0,0,0,0,50.4,54.2,56.3,0.14,0.07,0.03
STON,2019-11-08 04:20:00 EST,40.91912,-73.13168,144,34.1,34.1,26.0,50.6,17.7,0.000,0.000,0.00,0.000,9.2,17.6,3.1,350,26,10.7,19.7,3.7,359,16,10.7,19.7,3.7,359,16,0,29.88,-0.0,0,0,0,50.4,54.1,56.3,0.14,0.07,0.03
STON,2019-11-08 04:25:00 EST,40.91912,-73.13168,144,34.1,34.0,26.0,50.8,17.7,0.000,0.000,0.00,0.000,9.0,16.8,3.0,345,22,10.6,21.0,3.5,353,16,10.6,21.0,3.5,353,16,0,29.88,-0.0,0,0,0,50.2,54.1,56.3,0.14,0.07,0.03
STON,2019-11-08 04:30:00 EST,40.91912,-73.13168,144,34.0,33.9,26.3,51.1,17.8,0.000,0.000,0.00,0.000,8.3,18.0,2.7,341,21,9.7,20.0,3.3,353,15,9.7,20.0,3.3,353,15,0,29.88,-0.0,0,0,0,50.2,54.1,56.3,0.14,0.07,0.03
STON,2019-11-08 04:35:00 EST,40.91912,-73.13168,144,34.0,34.0,26.3,51.3,17.9,0.000,0.000,0.00,0.000,8.5,19.8,2.9,343,25,9.9,21.8,3.3,351,21,9.9,21.8,3.3,351,21,0,29.88,-0.0,0,0,0,50.2,54.1,56.3,0.14,0.07,0.03
STON,2019-11-08 04:40:00 EST,40.91912,-73.13168,144,34.1,34.1,26.4,48.9,16.9,0.000,0.000,0.00,0.000,8.0,17.1,2.8,342,22,9.9,18.0,3.2,352,16,9.9,18.0,3.2,352,16,0,29.88,-0.0,0,0,0,50.2,54.1,56.3,0.14,0.07,0.03
STON,2019-11-08 04:45:00 EST,40.91912,-73.13168,144,34.1,34.1,26.2,47.8,16.4,0.000,0.000,0.00,0.000,8.7,15.5,2.7,340,21,10.2,18.2,3.2,352,14,10.2,18.2,3.2,352,14,0,29.88,-0.1,0,0,0,49.8,54.1,56.3,0.14,0.07,0.03
STON,2019-11-08 04:50:00 EST,40.91912,-73.13168,144,33.9,33.9,27.3,48.2,16.3,0.000,0.000,0.00,0.000,6.6,13.3,3.3,340,21,7.7,13.6,3.2,353,17,7.7,13.6,3.2,353,17,0,29.88,-0.0,0,0,0,49.8,54.1,56.3,0.14,0.07,0.03
STON,2019-11-08 04:55:00 EST,40.91912,-73.13168,144,33.9,33.9,26.8,47.7,16.1,0.000,0.000,0.00,0.000,7.2,18.0,2.7,355,19,8.6,19.6,3.1,5,16,8.6,19.6,3.1,5,16,0,29.88,-0.1,0,0,0,49.8,54.1,56.3,0.14,0.07,0.03
STON,2019-11-08 05:00:00 EST,40.91912,-73.13168,144,33.8,33.7,27.0,49.7,16.9,0.000,0.000,0.00,0.000,6.5,12.8,3.0,355,23,7.9,16.9,3.5,4,18,7.9,16.9,3.5,4,18,0,29.88,-0.0,0,0,0,49.7,54.1,56.3,0.14,0.07,0.03
STON,2019-11-08 05:05:00 EST,40.91912,-73.13168,144,33.6,33.6,28.6,51.7,17.7,0.000,0.000,0.00,0.000,4.4,9.8,2.1,354,24,5.5,11.7,2.4,0,21,5.5,11.7,2.4,0,21,0,29.89,-0.1,0,0,0,49.6,54.1,56.3,0.14,0.07,0.03
STON,2019-11-08 05:10:00 EST,40.91912,-73.13168,144,33.6,33.6,26.7,53.1,18.4,0.000,0.000,0.00,0.000,7.0,15.4,3.5,342,17,8.2,17.9,3.7,352,14,8.2,17.9,3.7,352,14,0,29.89,0.0,0,0,0,49.6,54.1,56.3,0.14,0.07,0.03
STON,2019-11-08 05:15:00 EST,40.91912,-73.13168,144,33.8,33.8,26.6,52.5,18.2,0.000,0.000,0.00,0.000,7.4,14.1,2.4,341,18,8.8,16.5,2.8,350,15,8.8,16.5,2.8,350,15,0,29.89,-0.1,0,0,0,49.6,53.9,56.3,0.14,0.07,0.03
STON,2019-11-08 05:20:00 EST,40.91912,-73.13168,144,33.7,33.6,26.3,53.5,18.6,0.000,0.000,0.00,0.000,7.4,14.6,3.4,350,20,9.1,20.3,3.6,359,15,9.1,20.3,3.6,359,15,0,29.89,-0.1,0,0,0,49.5,53.8,56.3,0.14,0.07,0.03
STON,2019-11-08 05:25:00 EST,40.91912,-73.13168,144,33.2,33.2,27.0,52.4,17.6,0.000,0.000,0.00,0.000,5.9,12.3,2.5,358,28,6.8,15.6,3.0,5,23,6.8,15.6,3.0,5,23,0,29.89,-0.0,0,0,0,49.5,53.8,56.2,0.14,0.07,0.03
STON,2019-11-08 05:30:00 EST,40.91912,-73.13168,144,33.1,33.0,25.5,50.6,16.7,0.000,0.000,0.00,0.000,7.5,15.6,2.5,351,23,9.2,19.7,3.1,1,17,9.2,19.7,3.1,1,17,0,29.89,-0.0,0,0,0,49.5,53.8,56.3,0.14,0.07,0.03
STON,2019-11-08 05:35:00 EST,40.91912,-73.13168,144,32.9,32.9,26.0,51.3,16.9,0.000,0.000,0.00,0.000,6.1,13.4,2.9,352,21,8.0,15.5,3.2,1,18,8.0,15.5,3.2,1,18,0,29.90,-0.0,0,0,0,49.4,53.8,56.2,0.14,0.07,0.03
STON,2019-11-08 05:40:00 EST,40.91912,-73.13168,144,32.5,32.6,26.3,53.2,17.4,0.000,0.000,0.00,0.000,5.3,12.5,2.2,355,22,6.7,14.7,2.6,2,20,6.7,14.7,2.6,2,20,0,29.90,-0.0,0,0,0,49.3,53.8,56.2,0.14,0.07,0.03
STON,2019-11-08 05:45:00 EST,40.91912,-73.13168,144,32.6,32.6,25.4,53.0,17.4,0.000,0.000,0.00,0.000,6.7,18.5,3.7,349,24,8.3,23.6,4.1,356,18,8.3,23.6,4.1,356,18,0,29.90,-0.1,0,0,0,49.3,53.8,56.2,0.14,0.07,0.03
STON,2019-11-08 05:50:00 EST,40.91912,-73.13168,144,32.4,32.5,24.7,53.1,17.3,0.000,0.000,0.00,0.000,7.9,15.6,2.7,355,30,9.2,18.0,3.0,5,18,9.2,18.0,3.0,5,18,0,29.90,-0.0,0,0,0,49.3,53.8,56.2,0.14,0.07,0.03
STON,2019-11-08 05:55:00 EST,40.91912,-73.13168,144,32.5,32.5,25.5,54.2,17.8,0.000,0.000,0.00,0.000,6.5,14.8,3.0,347,28,7.9,17.9,3.3,355,18,7.9,17.9,3.3,355,18,0,29.90,0.0,0,0,0,49.3,53.8,56.1,0.14,0.07,0.03
STON,2019-11-08 06:00:00 EST,40.91912,-73.13168,144,32.4,32.4,25.3,54.8,17.9,0.000,0.000,0.00,0.000,6.9,16.6,3.3,349,24,8.0,19.3,3.8,0,20,8.0,19.3,3.8,0,20,0,29.90,-0.0,0,0,0,49.1,53.8,56.1,0.14,0.07,0.03
STON,2019-11-08 06:05:00 EST,40.91912,-73.13168,144,32.4,32.4,24.9,56.0,18.4,0.000,0.000,0.00,0.000,7.4,16.6,3.3,344,24,8.8,19.6,3.7,352,20,8.8,19.6,3.7,352,20,0,29.91,-0.1,0,0,0,49.1,53.8,56.1,0.14,0.07,0.03
STON,2019-11-08 06:10:00 EST,40.91912,-73.13168,144,32.3,32.3,25.4,56.3,18.5,0.000,0.000,0.00,0.000,6.2,11.8,2.5,345,24,7.6,16.3,2.8,356,16,7.6,16.3,2.8,356,16,0,29.91,-0.0,0,0,0,49.1,53.7,56.1,0.14,0.07,0.03
STON,2019-11-08 06:15:00 EST,40.91912,-73.13168,144,32.4,32.4,24.7,55.0,18.1,0.000,0.000,0.00,0.000,7.5,13.9,2.2,347,23,9.1,16.6,2.8,357,18,9.1,16.6,2.8,357,18,0,29.91,-0.0,0,0,0,49.0,53.6,56.1,0.14,0.07,0.03
STON,2019-11-08 06:20:00 EST,40.91912,-73.13168,144,32.3,32.3,25.3,55.9,18.3,0.000,0.000,0.00,0.000,6.5,14.0,3.0,343,27,8.0,16.6,3.3,353,22,8.0,16.6,3.3,353,22,0,29.91,-0.1,0,0,0,48.8,53.6,56.1,0.14,0.07,0.03
STON,2019-11-08 06:25:00 EST,40.91912,-73.13168,144,32.2,32.1,24.7,56.4,18.4,0.000,0.000,0.00,0.000,7.1,14.5,2.8,349,21,8.5,18.5,3.8,357,16,8.5,18.5,3.8,357,16,1,29.91,-0.0,0,0,0,48.7,53.6,56.1,0.14,0.07,0.03
STON,2019-11-08 06:30:00 EST,40.91912,-73.13168,144,32.2,32.1,23.6,56.0,18.2,0.000,0.000,0.00,0.000,9.3,16.1,2.7,350,25,10.8,18.1,3.4,0,16,10.8,18.1,3.4,0,16,3,29.91,-0.0,0,0,0,48.7,53.6,56.1,0.14,0.07,0.03
STON,2019-11-08 06:35:00 EST,40.91912,-73.13168,144,32.3,32.2,24.7,57.0,18.7,0.000,0.000,0.00,0.000,7.6,14.3,2.4,341,21,8.8,18.0,3.1,349,14,8.8,18.0,3.1,349,14,4,29.92,-0.0,0,0,0,48.7,53.6,56.1,0.14,0.07,0.03
STON,2019-11-08 06:40:00 EST,40.91912,-73.13168,144,32.3,32.3,24.9,58.6,19.4,0.000,0.000,0.00,0.000,7.3,15.3,3.0,333,20,8.6,18.1,3.3,344,20,8.6,18.1,3.3,344,20,6,29.92,-0.0,0,0,0,48.6,53.6,56.1,0.14,0.07,0.03
STON,2019-11-08 06:45:00 EST,40.91912,-73.13168,144,32.5,32.4,24.3,57.5,19.1,0.000,0.000,0.00,0.000,8.8,15.8,2.4,332,20,10.0,19.4,2.9,344,15,10.0,19.4,2.9,344,15,8,29.93,-0.0,0,0,0,48.6,53.6,56.1,0.14,0.07,0.03
STON,2019-11-08 06:50:00 EST,40.91912,-73.13168,144,32.5,32.5,25.1,57.9,19.4,0.000,0.000,0.00,0.000,7.5,13.4,1.9,339,21,8.7,15.0,2.2,348,15,8.7,15.0,2.2,348,15,9,29.93,-0.0,0,0,0,48.6,53.6,56.1,0.14,0.07,0.03
STON,2019-11-08 06:55:00 EST,40.91912,-73.13168,144,32.5,32.5,25.4,59.0,19.8,0.000,0.000,0.00,0.000,7.0,12.9,2.9,339,18,8.2,16.0,3.2,350,16,8.2,16.0,3.2,350,16,12,29.93,-0.0,0,0,0,48.6,53.6,56.1,0.14,0.07,0.03
STON,2019-11-08 07:00:00 EST,40.91912,-73.13168,144,32.5,32.5,25.9,60.3,20.3,0.000,0.000,0.00,0.000,6.6,12.3,2.5,328,20,7.4,15.2,2.7,340,19,7.4,15.2,2.7,340,19,15,29.93,0.0,0,0,0,48.5,53.6,56.1,0.14,0.07,0.03
STON,2019-11-08 07:05:00 EST,40.91912,-73.13168,144,32.6,32.6,25.0,58.7,19.7,0.000,0.000,0.00,0.000,7.9,14.8,3.2,328,18,9.1,17.0,3.4,341,17,9.1,17.0,3.4,341,17,21,29.94,-0.0,0,0,0,48.4,53.5,56.1,0.14,0.07,0.03
STON,2019-11-08 07:10:00 EST,40.91912,-73.13168,144,32.7,32.6,26.1,58.6,19.8,0.000,0.000,0.00,0.000,6.2,11.0,2.1,333,23,7.3,13.8,2.2,343,17,7.3,13.8,2.2,343,17,47,29.94,-0.0,0,0,0,48.4,53.4,56.1,0.14,0.07,0.03
STON,2019-11-08 07:15:00 EST,40.91912,-73.13168,144,32.7,32.7,25.4,58.3,19.7,0.000,0.000,0.00,0.000,7.8,13.9,2.4,332,19,8.6,15.8,2.8,344,17,8.6,15.8,2.8,344,17,69,29.94,-0.0,0,0,0,48.4,53.4,56.1,0.14,0.07,0.03
STON,2019-11-08 07:20:00 EST,40.91912,-73.13168,144,33.1,33.0,25.1,59.2,20.4,0.000,0.000,0.00,0.000,8.5,17.0,2.5,327,20,9.9,18.7,2.9,337,18,9.9,18.7,2.9,337,18,100,29.94,-0.0,0,0,0,48.4,53.4,56.1,0.14,0.07,0.03
STON,2019-11-08 07:25:00 EST,40.91912,-73.13168,144,33.1,33.0,24.8,57.1,19.6,0.000,0.000,0.00,0.000,9.6,17.8,3.5,322,19,10.7,21.2,3.9,334,17,10.7,21.2,3.9,334,17,116,29.94,-0.0,0,0,0,48.2,53.4,56.1,0.14,0.07,0.03
STON,2019-11-08 07:30:00 EST,40.91912,-73.13168,144,33.2,33.1,25.0,57.4,19.8,0.000,0.000,0.00,0.000,9.3,17.7,3.1,330,19,10.3,20.1,3.4,342,17,10.3,20.1,3.4,342,17,130,29.95,-0.0,0,0,0,48.2,53.4,56.1,0.14,0.07,0.03
STON,2019-11-08 07:35:00 EST,40.91912,-73.13168,144,33.3,33.2,25.2,58.0,20.1,0.000,0.000,0.00,0.000,9.1,17.0,3.3,331,20,10.3,17.7,3.5,343,17,10.3,17.7,3.5,343,17,144,29.95,-0.0,0,0,0,48.2,53.4,56.1,0.14,0.07,0.03
STON,2019-11-08 07:40:00 EST,40.91912,-73.13168,144,33.5,33.4,24.9,57.6,20.1,0.000,0.000,0.00,0.000,10.1,19.9,2.8,330,19,11.4,22.4,3.2,343,17,11.4,22.4,3.2,343,17,158,29.95,-0.0,0,0,0,48.2,53.4,56.1,0.14,0.07,0.03
STON,2019-11-08 07:45:00 EST,40.91912,-73.13168,144,33.7,33.5,26.7,57.2,20.1,0.000,0.000,0.00,0.000,7.6,15.2,2.7,326,23,8.3,15.2,2.8,334,21,8.3,15.2,2.8,334,21,172,29.95,0.0,0,0,0,48.2,53.4,56.0,0.14,0.07,0.03
STON,2019-11-08 07:50:00 EST,40.91912,-73.13168,144,33.8,33.7,25.3,56.9,20.1,0.000,0.000,0.00,0.000,10.3,18.1,2.8,324,16,11.5,19.9,2.9,336,16,11.5,19.9,2.9,336,16,186,29.95,-0.0,0,0,0,48.1,53.1,56.0,0.14,0.07,0.03
STON,2019-11-08 07:55:00 EST,40.91912,-73.13168,144,33.8,33.7,25.7,56.9,20.1,0.000,0.000,0.00,0.000,9.2,15.8,2.5,330,18,10.4,17.9,2.8,341,15,10.4,17.9,2.8,341,15,200,29.95,0.0,0,0,0,48.0,53.1,56.0,0.14,0.07,0.03
STON,2019-11-08 08:00:00 EST,40.91912,-73.13168,144,33.9,33.8,25.6,57.7,20.6,0.000,0.000,0.00,0.000,10.2,19.9,2.9,329,16,11.2,21.6,3.2,342,14,11.2,21.6,3.2,342,14,214,29.95,0.0,0,0,0,48.0,53.1,56.0,0.14,0.07,0.03
STON,2019-11-08 08:05:00 EST,40.91912,-73.13168,144,34.1,33.9,25.8,56.6,20.2,0.000,0.000,0.00,0.000,9.7,16.4,2.8,333,21,11.1,19.9,3.1,343,18,11.1,19.9,3.1,343,18,228,29.95,-0.0,0,0,0,48.0,53.1,56.0,0.14,0.07,0.03
STON,2019-11-08 08:10:00 EST,40.91912,-73.13168,144,34.0,33.8,25.7,56.3,20.1,0.000,0.000,0.00,0.000,9.7,18.3,2.6,336,18,11.0,23.3,3.0,346,17,11.0,23.3,3.0,346,17,243,29.95,-0.0,0,0,0,48.0,53.1,55.9,0.13,0.07,0.03
STON,2019-11-08 08:15:00 EST,40.91912,-73.13168,144,34.2,34.0,26.1,56.7,20.4,0.000,0.000,0.00,0.000,9.6,17.5,2.9,331,18,10.7,19.9,3.2,344,15,10.7,19.9,3.2,344,15,256,29.95,-0.0,0,0,0,48.0,53.1,55.9,0.14,0.07,0.03
STON,2019-11-08 08:20:00 EST,40.91912,-73.13168,144,34.2,34.0,26.3,56.6,20.4,0.000,0.000,0.00,0.000,9.2,17.0,2.7,329,22,10.4,17.2,2.7,340,16,10.4,17.2,2.7,340,16,269,29.95,0.0,0,0,0,48.0,53.1,55.9,0.13,0.06,0.03
STON,2019-11-08 08:25:00 EST,40.91912,-73.13168,144,34.3,34.1,27.0,57.5,20.8,0.000,0.000,0.00,0.000,7.9,15.6,2.8,331,24,9.2,17.2,2.9,342,20,9.2,17.2,2.9,342,20,283,29.96,-0.0,0,0,0,48.0,53.1,55.9,0.13,0.07,0.03
STON,2019-11-08 08:30:00 EST,40.91912,-73.13168,144,34.4,34.1,26.1,57.5,20.9,0.000,0.000,0.00,0.000,9.9,15.8,2.5,331,17,11.1,18.2,2.8,342,15,11.1,18.2,2.8,342,15,297,29.96,0.0,0,0,0,48.0,53.1,55.9,0.13,0.07,0.03
STON,2019-11-08 08:35:00 EST,40.91912,-73.13168,144,34.4,34.1,26.4,57.1,20.8,0.000,0.000,0.00,0.000,9.6,17.5,3.3,329,19,10.9,20.9,3.7,338,17,10.9,20.9,3.7,338,17,312,29.96,-0.1,0,0,0,48.0,53.1,55.9,0.14,0.07,0.03
STON,2019-11-08 08:40:00 EST,40.91912,-73.13168,144,34.5,34.2,26.3,57.1,20.9,0.000,0.000,0.00,0.000,10.1,19.1,3.4,324,20,11.2,20.5,3.7,334,18,11.2,20.5,3.7,334,18,331,29.96,0.0,0,0,0,48.0,53.0,55.9,0.13,0.07,0.03
STON,2019-11-08 08:45:00 EST,40.91912,-73.13168,144,34.6,34.3,26.4,57.5,21.1,0.000,0.000,0.00,0.000,10.1,15.1,2.2,329,18,11.1,18.0,2.6,340,17,11.1,18.0,2.6,340,17,312,29.96,-0.1,0,0,0,48.0,52.9,55.9,0.13,0.07,0.03
STON,2019-11-08 08:50:00 EST,40.91912,-73.13168,144,34.4,34.2,26.7,57.9,21.2,0.000,0.000,0.00,0.000,9.0,15.8,2.9,326,18,10.1,18.8,3.3,337,15,10.1,18.8,3.3,337,15,332,29.96,-0.0,0,0,0,48.0,52.9,55.9,0.13,0.07,0.03
STON,2019-11-08 08:55:00 EST,40.91912,-73.13168,144,34.6,34.3,26.5,56.6,20.8,0.000,0.000,0.00,0.000,9.5,19.4,3.3,328,14,10.9,20.5,3.6,337,13,10.9,20.5,3.6,337,13,330,29.96,-0.0,0,0,0,48.0,52.9,55.9,0.13,0.07,0.03
STON,2019-11-08 09:00:00 EST,40.91912,-73.13168,144,34.4,34.0,26.2,57.4,20.8,0.000,0.000,0.00,0.000,9.9,17.3,3.2,326,19,10.8,18.6,3.7,336,18,10.8,18.6,3.7,336,18,320,29.96,-0.0,0,0,0,48.0,52.9,55.9,0.13,0.07,0.03
STON,2019-11-08 09:05:00 EST,40.91912,-73.13168,144,34.7,34.4,28.1,57.5,21.3,0.000,0.000,0.00,0.000,7.3,13.9,2.7,319,22,8.2,14.6,3.1,328,20,8.2,14.6,3.1,328,20,391,29.95,0.1,0,0,0,48.0,52.9,55.9,0.13,0.07,0.03
STON,2019-11-08 09:10:00 EST,40.91912,-73.13168,144,35.2,34.8,28.9,57.3,21.6,0.000,0.000,0.00,0.000,7.0,14.2,2.3,307,18,7.7,16.7,2.4,317,18,7.7,16.7,2.4,317,18,402,29.95,0.0,0,0,0,48.0,52.9,55.9,0.13,0.07,0.03
STON,2019-11-08 09:15:00 EST,40.91912,-73.13168,144,35.4,35.0,28.5,56.4,21.4,0.000,0.000,0.00,0.000,7.7,13.7,2.7,328,17,8.8,17.3,2.9,338,17,8.8,17.3,2.9,338,17,389,29.96,-0.0,0,0,0,48.0,52.9,55.9,0.13,0.07,0.03
STON,2019-11-08 09:20:00 EST,40.91912,-73.13168,144,35.6,35.1,29.0,56.1,21.5,0.000,0.000,0.00,0.000,7.4,12.8,2.7,319,22,8.5,14.1,2.6,329,26,8.5,14.1,2.6,329,26,425,29.96,0.0,0,0,0,48.0,52.9,55.9,0.13,0.07,0.03
STON,2019-11-08 09:25:00 EST,40.91912,-73.13168,144,35.6,35.1,28.5,54.0,20.5,0.000,0.000,0.00,0.000,8.2,14.2,2.8,323,26,9.3,18.3,2.8,333,27,9.3,18.3,2.8,333,27,352,29.96,0.0,0,0,0,48.0,52.9,55.9,0.13,0.07,0.03
STON,2019-11-08 09:30:00 EST,40.91912,-73.13168,144,35.3,34.9,28.3,53.9,20.2,0.000,0.000,0.00,0.000,8.0,17.8,3.8,323,20,9.0,20.1,3.9,334,20,9.0,20.1,3.9,334,20,394,29.96,0.0,0,0,0,48.0,52.8,55.9,0.13,0.07,0.03
STON,2019-11-08 09:35:00 EST,40.91912,-73.13168,144,35.8,35.3,29.3,53.0,20.3,0.000,0.000,0.00,0.000,7.2,12.7,2.8,328,21,8.4,17.5,3.1,341,16,8.4,17.5,3.1,341,16,488,29.96,0.0,0,0,0,48.0,52.7,55.9,0.13,0.07,0.03
STON,2019-11-08 09:40:00 EST,40.91912,-73.13168,144,35.5,35.1,28.2,51.8,19.5,0.000,0.000,0.00,0.000,8.7,17.2,3.0,312,21,9.6,17.5,3.0,322,20,9.6,17.5,3.0,322,20,363,29.96,-0.0,0,0,0,48.0,52.7,55.9,0.13,0.07,0.03
STON,2019-11-08 09:45:00 EST,40.91912,-73.13168,144,35.6,35.2,28.1,52.2,19.7,0.000,0.000,0.00,0.000,9.2,16.1,2.5,321,18,10.1,17.7,2.6,330,18,10.1,17.7,2.6,330,18,271,29.96,-0.0,0,0,0,48.0,52.7,55.9,0.13,0.07,0.03
STON,2019-11-08 09:50:00 EST,40.91912,-73.13168,144,35.1,34.7,27.6,54.3,20.2,0.000,0.000,0.00,0.000,8.9,14.8,2.5,328,21,9.8,17.1,3.1,340,17,9.8,17.1,3.1,340,17,282,29.96,-0.0,0,0,0,48.1,52.7,55.9,0.14,0.07,0.03
STON,2019-11-08 09:55:00 EST,40.91912,-73.13168,144,35.3,34.8,27.6,54.1,20.4,0.000,0.000,0.00,0.000,9.4,12.9,2.1,325,20,10.5,16.3,2.5,338,19,10.5,16.3,2.5,338,19,376,29.96,0.0,0,0,0,48.2,52.7,55.9,0.14,0.07,0.03
STON,2019-11-08 10:00:00 EST,40.91912,-73.13168,144,35.3,34.9,28.5,54.5,20.5,0.000,0.000,0.00,0.000,7.6,15.2,2.8,333,24,8.7,16.1,3.2,346,20,8.7,16.1,3.2,346,20,160,29.96,0.0,0,0,0,48.2,52.7,55.9,0.13,0.07,0.03
STON,2019-11-08 10:05:00 EST,40.91912,-73.13168,144,34.9,34.6,26.6,53.0,19.5,0.000,0.000,0.00,0.000,10.1,20.7,3.8,334,19,11.5,19.9,4.0,344,16,11.5,19.9,4.0,344,16,151,29.96,0.0,0,0,0,48.2,52.7,55.9,0.13,0.07,0.03
STON,2019-11-08 10:10:00 EST,40.91912,-73.13168,144,35.3,34.9,27.3,52.9,19.8,0.000,0.000,0.00,0.000,10.0,18.4,3.2,333,24,11.3,20.4,3.6,344,20,11.3,20.4,3.6,344,20,328,29.96,-0.1,0,0,0,48.2,52.7,55.9,0.13,0.07,0.03
STON,2019-11-08 10:15:00 EST,40.91912,-73.13168,144,35.4,35.0,26.6,52.6,19.7,0.000,0.000,0.00,0.000,11.5,21.5,4.4,332,18,13.1,25.3,4.8,344,16,13.1,25.3,4.8,344,16,372,29.96,0.1,0,0,0,48.3,52.7,55.9,0.14,0.07,0.03
STON,2019-11-08 10:20:00 EST,40.91912,-73.13168,144,35.7,35.2,28.6,52.8,20.2,0.000,0.000,0.00,0.000,8.4,14.1,3.2,323,18,9.4,16.9,3.3,334,17,9.4,16.9,3.3,334,17,322,29.96,0.1,0,0,0,48.4,52.7,55.7,0.14,0.07,0.03
STON,2019-11-08 10:25:00 EST,40.91912,-73.13168,144,35.6,35.3,28.8,53.3,20.3,0.000,0.000,0.00,0.000,7.6,15.7,2.6,329,22,8.8,19.1,3.1,340,20,8.8,19.1,3.1,340,20,179,29.96,-0.0,0,0,0,48.4,52.7,55.6,0.14,0.07,0.03
STON,2019-11-08 10:30:00 EST,40.91912,-73.13168,144,35.4,35.1,28.7,53.9,20.4,0.000,0.000,0.00,0.000,7.1,12.9,2.4,344,19,8.5,16.1,2.8,354,16,8.5,16.1,2.8,354,16,182,29.96,-0.0,0,0,0,48.4,52.6,55.7,0.13,0.07,0.03
STON,2019-11-08 10:35:00 EST,40.91912,-73.13168,144,35.3,35.0,26.9,52.8,19.7,0.000,0.000,0.00,0.000,10.5,18.2,2.9,341,17,12.1,20.7,3.5,351,15,12.1,20.7,3.5,351,15,184,29.96,-0.0,0,0,0,48.4,52.4,55.6,0.14,0.07,0.03
STON,2019-11-08 10:40:00 EST,40.91912,-73.13168,144,35.3,34.9,28.2,53.3,20.0,0.000,0.000,0.00,0.000,8.0,17.1,3.0,335,21,9.3,21.4,3.5,345,19,9.3,21.4,3.5,345,19,263,29.96,0.0,0,0,0,48.4,52.3,55.6,0.14,0.07,0.03
STON,2019-11-08 10:45:00 EST,40.91912,-73.13168,144,35.8,35.4,28.2,54.1,20.8,0.000,0.000,0.00,0.000,9.1,17.5,2.4,330,21,10.5,18.9,3.1,340,18,10.5,18.9,3.1,340,18,283,29.96,-0.0,0,0,0,48.4,52.3,55.6,0.13,0.07,0.03
STON,2019-11-08 10:50:00 EST,40.91912,-73.13168,144,35.8,35.4,27.8,52.9,20.3,0.000,0.000,0.00,0.000,9.9,17.6,3.5,335,26,11.4,21.5,3.7,343,21,11.4,21.5,3.7,343,21,230,29.96,0.0,0,0,0,48.5,52.3,55.6,0.14,0.07,0.03
STON,2019-11-08 10:55:00 EST,40.91912,-73.13168,144,35.8,35.5,27.6,55.2,21.3,0.000,0.000,0.00,0.000,10.5,20.8,4.3,331,21,11.9,24.0,4.3,342,18,11.9,24.0,4.3,342,18,168,29.96,0.0,0,0,0,48.6,52.3,55.6,0.14,0.07,0.03
STON,2019-11-08 11:00:00 EST,40.91912,-73.13168,144,35.2,35.0,26.5,56.5,21.3,0.000,0.000,0.00,0.000,10.9,23.5,4.6,342,20,12.8,28.0,5.1,352,17,12.8,28.0,5.1,352,17,145,29.96,-0.1,0,0,0,48.6,52.3,55.6,0.14,0.07,0.03
STON,2019-11-08 11:05:00 EST,40.91912,-73.13168,144,35.3,34.9,26.1,56.2,21.2,0.000,0.000,0.00,0.000,12.6,23.3,4.6,338,21,14.0,27.1,5.4,348,17,14.0,27.1,5.4,348,17,310,29.96,0.0,0,0,0,48.6,52.3,55.6,0.14,0.07,0.03
STON,2019-11-08 11:10:00 EST,40.91912,-73.13168,144,35.7,35.3,25.7,50.5,19.1,0.000,0.000,0.00,0.000,14.9,23.7,3.5,338,20,17.0,26.5,4.2,351,13,17.0,26.5,4.2,351,13,387,29.96,-0.1,0,0,0,48.6,52.3,55.6,0.14,0.07,0.03
STON,2019-11-08 11:15:00 EST,40.91912,-73.13168,144,36.2,35.7,28.1,52.2,20.3,0.000,0.000,0.00,0.000,10.4,16.7,2.9,328,20,12.0,19.8,3.4,339,20,12.0,19.8,3.4,339,20,480,29.96,0.1,0,0,0,48.6,52.3,55.6,0.14,0.07,0.03
STON,2019-11-08 11:20:00 EST,40.91912,-73.13168,144,36.8,36.2,27.4,49.8,19.7,0.000,0.000,0.00,0.000,14.2,23.6,3.4,335,21,15.9,23.3,3.6,348,17,15.9,23.3,3.6,348,17,554,29.96,-0.0,0,0,0,48.6,52.3,55.6,0.14,0.07,0.03
STON,2019-11-08 11:25:00 EST,40.91912,-73.13168,144,37.2,36.6,29.3,48.5,19.5,0.000,0.000,0.00,0.000,10.7,19.9,3.0,328,24,12.1,23.3,3.2,340,18,12.1,23.3,3.2,340,18,667,29.96,0.1,0,0,0,48.6,52.3,55.6,0.14,0.07,0.03
STON,2019-11-08 11:30:00 EST,40.91912,-73.13168,144,37.7,36.9,28.9,47.0,19.3,0.000,0.000,0.00,0.000,13.2,24.0,4.0,336,25,15.0,26.9,4.6,343,17,15.0,26.9,4.6,343,17,675,29.95,-0.0,0,0,0,48.6,52.3,55.6,0.14,0.07,0.03
STON,2019-11-08 11:35:00 EST,40.91912,-73.13168,144,37.5,36.8,29.4,47.2,19.2,0.000,0.000,0.00,0.000,11.1,20.6,3.9,329,26,12.7,22.6,4.1,341,23,12.7,22.6,4.1,341,23,651,29.95,0.0,0,0,0,48.6,52.3,55.6,0.14,0.07,0.03
STON,2019-11-08 11:40:00 EST,40.91912,-73.13168,144,37.3,36.7,28.6,48.6,19.7,0.000,0.000,0.00,0.000,12.9,22.5,3.9,329,24,14.2,25.8,4.6,340,17,14.2,25.8,4.6,340,17,455,29.95,-0.0,0,0,0,48.6,52.3,55.6,0.14,0.07,0.03
STON,2019-11-08 11:45:00 EST,40.91912,-73.13168,144,37.1,36.5,27.6,47.8,19.1,0.000,0.000,0.00,0.000,15.0,25.8,4.5,333,24,16.7,31.4,5.2,345,17,16.7,31.4,5.2,345,17,577,29.95,0.0,0,0,0,48.7,52.3,55.6,0.14,0.07,0.03
STON,2019-11-08 11:50:00 EST,40.91912,-73.13168,144,36.9,36.3,27.7,45.4,17.7,0.000,0.000,0.00,0.000,13.7,26.9,3.3,336,17,15.4,29.0,4.0,347,15,15.4,29.0,4.0,347,15,496,29.95,-0.1,0,0,0,48.7,52.3,55.6,0.14,0.07,0.03
STON,2019-11-08 11:55:00 EST,40.91912,-73.13168,144,37.3,36.6,28.6,43.4,17.0,0.000,0.000,0.00,0.000,12.7,23.4,4.4,328,23,14.2,26.8,4.7,340,17,14.2,26.8,4.7,340,17,637,29.95,0.1,0,0,0,48.7,52.3,55.6,0.14,0.07,0.03
STON,2019-11-08 12:00:00 EST,40.91912,-73.13168,144,37.5,36.8,29.1,44.6,17.8,0.000,0.000,0.00,0.000,12.6,25.4,4.2,331,18,13.6,27.8,4.6,341,17,13.6,27.8,4.6,341,17,644,29.95,-0.1,0,0,0,48.7,52.3,55.5,0.14,0.07,0.03
STON,2019-11-08 12:05:00 EST,40.91912,-73.13168,144,37.6,36.8,29.2,45.8,18.5,0.000,0.000,0.00,0.000,12.1,24.3,4.8,333,26,13.5,27.9,5.1,342,24,13.5,27.9,5.1,342,24,691,29.95,0.1,0,0,0,48.7,52.3,55.5,0.14,0.07,0.03
STON,2019-11-08 12:10:00 EST,40.91912,-73.13168,144,37.6,36.8,29.6,50.5,20.8,0.000,0.000,0.00,0.000,11.1,24.3,4.0,337,18,12.5,27.0,4.7,348,17,12.5,27.0,4.7,348,17,707,29.95,0.0,0,0,0,48.7,52.3,55.4,0.14,0.07,0.03
STON,2019-11-08 12:15:00 EST,40.91912,-73.13168,144,37.0,36.3,29.1,50.6,20.4,0.000,0.000,0.00,0.000,10.1,20.5,3.8,346,24,12.0,22.0,4.1,352,19,12.0,22.0,4.1,352,19,524,29.95,0.0,0,0,0,49.1,52.3,55.4,0.14,0.07,0.03
STON,2019-11-08 12:20:00 EST,40.91912,-73.13168,144,36.8,36.2,28.4,50.3,20.0,0.000,0.000,0.00,0.000,11.9,19.4,3.4,331,16,13.2,20.8,3.5,343,16,13.2,20.8,3.5,343,16,613,29.95,0.0,0,0,0,49.1,52.3,55.4,0.14,0.07,0.03
STON,2019-11-08 12:25:00 EST,40.91912,-73.13168,144,36.9,36.2,28.5,49.0,19.5,0.000,0.000,0.00,0.000,11.8,22.2,3.4,332,23,13.3,25.7,4.0,343,19,13.3,25.7,4.0,343,19,565,29.95,0.0,0,0,0,49.1,52.3,55.4,0.14,0.07,0.03
STON,2019-11-08 12:30:00 EST,40.91912,-73.13168,144,36.9,36.3,28.0,46.4,18.3,0.000,0.000,0.00,0.000,13.0,21.7,4.8,332,18,14.7,26.4,5.0,346,17,14.7,26.4,5.0,346,17,523,29.95,-0.1,0,0,0,49.1,52.3,55.4,0.13,0.07,0.03
STON,2019-11-08 12:35:00 EST,40.91912,-73.13168,144,37.1,36.4,29.1,45.3,17.9,0.000,0.000,0.00,0.000,11.3,19.7,3.4,325,19,12.5,21.6,3.5,335,16,12.5,21.6,3.5,335,16,632,29.95,-0.0,0,0,0,49.3,52.3,55.4,0.14,0.07,0.03
STON,2019-11-08 12:40:00 EST,40.91912,-73.13168,144,37.9,37.0,29.9,42.9,17.3,0.000,0.000,0.00,0.000,11.0,22.7,4.4,322,20,12.6,22.8,4.5,333,20,12.6,22.8,4.5,333,20,616,29.95,0.0,0,0,0,49.3,52.3,55.4,0.14,0.07,0.03
STON,2019-11-08 12:45:00 EST,40.91912,-73.13168,144,37.7,36.9,29.1,39.0,14.9,0.000,0.000,0.00,0.000,13.0,27.5,4.6,328,21,14.6,34.1,5.3,341,18,14.6,34.1,5.3,341,18,624,29.95,-0.1,0,0,0,49.3,52.3,55.4,0.14,0.07,0.03
STON,2019-11-08 12:50:00 EST,40.91912,-73.13168,144,37.2,36.6,29.0,39.2,14.6,0.000,0.000,0.00,0.000,11.4,18.8,3.4,323,23,12.8,22.7,3.5,334,19,12.8,22.7,3.5,334,19,423,29.95,0.1,0,0,0,49.3,52.3,55.4,0.14,0.07,0.03
STON,2019-11-08 12:55:00 EST,40.91912,-73.13168,144,37.3,36.6,28.9,38.9,14.5,0.000,0.000,0.00,0.000,12.2,20.0,3.9,321,21,13.5,25.7,4.3,334,20,13.5,25.7,4.3,334,20,460,29.95,-0.0,0,0,0,49.4,52.3,55.4,0.14,0.07,0.03
STON,2019-11-08 13:00:00 EST,40.91912,-73.13168,144,37.5,36.8,30.7,39.7,15.2,0.000,0.000,0.00,0.000,8.4,15.3,3.7,320,22,9.8,17.8,3.9,330,22,9.8,17.8,3.9,330,22,653,29.95,0.0,0,0,0,49.5,52.3,55.4,0.14,0.07,0.03
STON,2019-11-08 13:05:00 EST,40.91912,-73.13168,144,37.9,37.1,30.0,39.1,15.2,0.000,0.000,0.00,0.000,11.5,27.0,4.5,331,22,12.7,28.1,4.6,342,18,12.7,28.1,4.6,342,18,643,29.95,-0.1,0,0,0,49.5,52.3,55.4,0.14,0.07,0.03
STON,2019-11-08 13:10:00 EST,40.91912,-73.13168,144,37.9,37.1,30.2,38.6,14.9,0.000,0.000,0.00,0.000,10.3,16.7,3.3,326,22,11.9,20.7,3.5,336,19,11.9,20.7,3.5,336,19,564,29.95,-0.0,0,0,0,49.5,52.3,55.4,0.14,0.07,0.03
STON,2019-11-08 13:15:00 EST,40.91912,-73.13168,144,37.8,37.2,30.1,39.7,15.4,0.000,0.000,0.00,0.000,10.6,21.4,3.4,333,29,12.1,22.9,3.9,345,23,12.1,22.9,3.9,345,23,494,29.95,0.0,0,0,0,49.5,52.3,55.4,0.13,0.07,0.03
STON,2019-11-08 13:20:00 EST,40.91912,-73.13168,144,37.7,37.2,29.6,38.0,14.4,0.000,0.000,0.00,0.000,11.4,22.9,3.7,331,24,13.0,21.3,3.9,342,17,13.0,21.3,3.9,342,17,591,29.95,0.0,0,0,0,49.5,52.3,55.4,0.13,0.07,0.03
STON,2019-11-08 13:25:00 EST,40.91912,-73.13168,144,37.6,37.0,28.8,36.0,13.0,0.000,0.000,0.00,0.000,13.6,24.3,3.8,331,18,15.0,25.9,4.3,339,16,15.0,25.9,4.3,339,16,502,29.95,-0.0,0,0,0,49.6,52.3,55.4,0.13,0.07,0.03
STON,2019-11-08 13:30:00 EST,40.91912,-73.13168,144,36.9,36.5,29.4,36.8,12.9,0.000,0.000,0.00,0.000,9.6,19.8,3.3,331,19,11.0,22.7,3.6,343,16,11.0,22.7,3.6,343,16,366,29.95,-0.0,0,0,0,49.6,52.3,55.4,0.13,0.07,0.03
STON,2019-11-08 13:35:00 EST,40.91912,-73.13168,144,37.1,36.5,28.2,38.2,13.9,0.000,0.000,0.00,0.000,13.2,22.0,3.6,336,21,14.7,25.0,4.1,346,14,14.7,25.0,4.1,346,14,412,29.95,-0.0,0,0,0,49.6,52.3,55.4,0.13,0.07,0.03
STON,2019-11-08 13:40:00 EST,40.91912,-73.13168,144,37.0,36.6,28.8,38.0,13.7,0.000,0.000,0.00,0.000,11.0,17.3,3.4,335,22,12.8,21.3,3.8,346,17,12.8,21.3,3.8,346,17,405,29.95,0.0,0,0,0,49.6,52.3,55.4,0.13,0.07,0.03
STON,2019-11-08 13:45:00 EST,40.91912,-73.13168,144,37.1,36.5,28.2,36.6,12.9,0.000,0.000,0.00,0.000,13.4,22.2,3.7,332,19,14.6,24.3,3.7,343,18,14.6,24.3,3.7,343,18,401,29.95,-0.0,0,0,0,49.6,52.3,55.4,0.13,0.07,0.03
STON,2019-11-08 13:50:00 EST,40.91912,-73.13168,144,36.5,36.1,27.0,34.9,11.3,0.000,0.000,0.00,0.000,14.9,26.7,4.3,332,16,16.1,28.5,4.7,342,13,16.1,28.5,4.7,342,13,325,29.95,-0.0,0,0,0,49.6,52.3,55.4,0.13,0.07,0.03
STON,2019-11-08 13:55:00 EST,40.91912,-73.13168,144,36.5,36.1,28.4,34.2,10.9,0.000,0.000,0.00,0.000,11.1,22.7,3.7,325,23,12.3,25.5,4.3,335,20,12.3,25.5,4.3,335,20,464,29.96,-0.0,0,0,0,49.6,52.3,55.4,0.13,0.07,0.03
STON,2019-11-08 14:00:00 EST,40.91912,-73.13168,144,37.0,36.5,29.0,35.3,12.0,0.000,0.000,0.00,0.000,10.7,19.1,3.3,324,23,12.2,20.9,3.6,335,19,12.2,20.9,3.6,335,19,432,29.96,0.0,0,0,0,49.6,52.3,55.4,0.13,0.07,0.03
STON,2019-11-08 14:05:00 EST,40.91912,-73.13168,144,36.9,36.4,29.0,35.4,12.1,0.000,0.000,0.00,0.000,10.8,21.5,3.7,325,26,11.9,26.1,4.0,335,19,11.9,26.1,4.0,335,19,442,29.96,-0.1,0,0,0,49.6,52.3,55.4,0.13,0.07,0.03
STON,2019-11-08 14:10:00 EST,40.91912,-73.13168,144,36.9,36.5,28.2,36.4,12.7,0.000,0.000,0.00,0.000,12.7,22.1,4.2,323,18,14.1,25.3,4.5,331,17,14.1,25.3,4.5,331,17,346,29.96,-0.0,0,0,0,49.6,52.3,55.4,0.13,0.07,0.03
STON,2019-11-08 14:15:00 EST,40.91912,-73.13168,144,37.0,36.6,28.9,35.8,12.4,0.000,0.000,0.00,0.000,11.0,21.8,4.1,326,19,12.4,22.0,4.2,337,18,12.4,22.0,4.2,337,18,399,29.96,-0.0,0,0,0,49.6,52.3,55.4,0.13,0.07,0.03
STON,2019-11-08 14:20:00 EST,40.91912,-73.13168,144,37.0,36.7,29.6,36.1,12.6,0.000,0.000,0.00,0.000,9.5,17.9,3.2,326,22,10.9,21.4,3.6,336,22,10.9,21.4,3.6,336,22,298,29.96,-0.0,0,0,0,49.6,52.3,55.4,0.13,0.07,0.03
STON,2019-11-08 14:25:00 EST,40.91912,-73.13168,144,37.2,36.8,28.9,36.8,13.2,0.000,0.000,0.00,0.000,11.5,23.2,3.3,332,23,12.9,30.2,3.9,343,16,12.9,30.2,3.9,343,16,346,29.97,-0.0,0,0,0,49.6,52.3,55.3,0.13,0.07,0.03
STON,2019-11-08 14:30:00 EST,40.91912,-73.13168,144,36.6,36.3,27.4,34.9,11.5,0.000,0.000,0.00,0.000,13.7,24.2,4.0,329,18,15.3,24.6,3.9,341,19,15.3,24.6,3.9,341,19,240,29.97,-0.0,0,0,0,49.6,52.3,55.2,0.13,0.07,0.03
STON,2019-11-08 14:35:00 EST,40.91912,-73.13168,144,36.6,36.3,28.0,35.3,11.7,0.000,0.000,0.00,0.000,12.2,19.5,3.1,327,22,13.5,21.7,3.3,337,17,13.5,21.7,3.3,337,17,240,29.97,-0.0,0,0,0,49.6,52.3,55.2,0.13,0.07,0.03
STON,2019-11-08 14:40:00 EST,40.91912,-73.13168,144,36.6,36.3,28.5,36.0,12.1,0.000,0.000,0.00,0.000,10.8,19.8,3.2,332,21,12.3,23.4,3.8,344,17,12.3,23.4,3.8,344,17,212,29.97,0.0,0,0,0,49.6,52.3,55.2,0.13,0.07,0.03
STON,2019-11-08 14:45:00 EST,40.91912,-73.13168,144,36.7,36.4,27.6,34.9,11.5,0.000,0.000,0.00,0.000,13.9,24.2,3.7,336,18,15.2,26.1,4.0,347,18,15.2,26.1,4.0,347,18,322,29.97,-0.1,0,0,0,49.6,52.3,55.0,0.13,0.07,0.03
STON,2019-11-08 14:50:00 EST,40.91912,-73.13168,144,36.6,36.3,28.0,35.5,11.8,0.000,0.000,0.00,0.000,12.2,22.1,3.6,333,20,13.5,25.0,4.2,342,16,13.5,25.0,4.2,342,16,245,29.97,-0.1,0,0,0,49.6,52.3,55.0,0.13,0.07,0.03
STON,2019-11-08 14:55:00 EST,40.91912,-73.13168,144,36.3,36.0,27.7,34.3,10.8,0.000,0.000,0.00,0.000,11.6,24.8,4.2,334,23,13.2,24.9,4.3,344,16,13.2,24.9,4.3,344,16,236,29.98,-0.1,0,0,0,49.5,52.3,55.0,0.13,0.07,0.03
STON,2019-11-08 15:00:00 EST,40.91912,-73.13168,144,36.6,36.3,28.6,35.6,11.9,0.000,0.000,0.00,0.000,10.4,20.9,3.1,330,24,12.1,24.6,3.8,341,20,12.1,24.6,3.8,341,20,291,29.98,0.0,0,0,0,49.5,52.3,55.0,0.13,0.06,0.03
STON,2019-11-08 15:05:00 EST,40.91912,-73.13168,144,36.8,36.4,28.9,36.9,12.9,0.000,0.000,0.00,0.000,10.5,18.8,3.2,331,17,11.8,21.0,3.6,344,14,11.8,21.0,3.6,344,14,276,29.98,-0.1,0,0,0,49.5,52.3,55.0,0.13,0.07,0.03
STON,2019-11-08 15:10:00 EST,40.91912,-73.13168,144,36.7,36.4,28.4,37.2,13.0,0.000,0.000,0.00,0.000,11.4,21.4,4.1,334,20,12.8,23.4,4.7,347,17,12.8,23.4,4.7,347,17,257,29.98,-0.0,0,0,0,49.5,52.3,55.0,0.14,0.07,0.03
STON,2019-11-08 15:15:00 EST,40.91912,-73.13168,144,36.5,36.2,28.4,35.1,11.5,0.000,0.000,0.00,0.000,10.2,21.6,3.5,348,23,12.1,24.0,4.0,359,16,12.1,24.0,4.0,359,16,247,29.98,-0.1,0,0,0,49.5,52.3,55.0,0.13,0.07,0.03
STON,2019-11-08 15:20:00 EST,40.91912,-73.13168,144,36.4,36.3,28.3,35.9,11.9,0.000,0.000,0.00,0.000,10.5,19.5,3.4,332,22,12.1,20.9,3.5,342,17,12.1,20.9,3.5,342,17,245,29.98,0.0,0,0,0,49.5,52.3,55.0,0.13,0.07,0.03
STON,2019-11-08 15:25:00 EST,40.91912,-73.13168,144,36.5,36.5,28.5,37.0,12.7,0.000,0.000,0.00,0.000,10.3,21.8,3.6,342,22,11.8,21.7,4.1,350,14,11.8,21.7,4.1,350,14,168,29.99,-0.0,0,0,0,49.4,52.3,55.0,0.13,0.07,0.03
STON,2019-11-08 15:30:00 EST,40.91912,-73.13168,144,36.5,36.5,29.3,37.2,12.8,0.000,0.000,0.00,0.000,8.6,20.3,4.4,334,23,10.1,21.6,4.6,346,16,10.1,21.6,4.6,346,16,49,29.99,-0.0,0,0,0,49.3,52.3,55.0,0.13,0.07,0.03
STON,2019-11-08 15:35:00 EST,40.91912,-73.13168,144,36.4,36.4,28.0,37.6,12.9,0.000,0.000,0.00,0.000,10.7,21.3,4.5,334,21,12.7,24.0,4.8,344,16,12.7,24.0,4.8,344,16,43,29.99,-0.0,0,0,0,49.3,52.3,55.0,0.13,0.07,0.03
STON,2019-11-08 15:40:00 EST,40.91912,-73.13168,144,36.0,36.0,26.9,34.6,10.7,0.000,0.000,0.00,0.000,13.0,22.1,3.9,324,18,14.3,23.3,4.2,336,20,14.3,23.3,4.2,336,20,47,29.99,-0.0,0,0,0,49.3,52.3,55.0,0.13,0.07,0.03
STON,2019-11-08 15:45:00 EST,40.91912,-73.13168,144,35.9,35.9,27.1,35.1,10.9,0.000,0.000,0.00,0.000,12.2,20.8,3.1,334,25,13.6,24.3,3.8,344,19,13.6,24.3,3.8,344,19,39,29.99,-0.0,0,0,0,49.3,52.3,55.0,0.13,0.07,0.03
STON,2019-11-08 15:50:00 EST,40.91912,-73.13168,144,35.9,35.9,28.1,36.4,11.7,0.000,0.000,0.00,0.000,9.6,19.1,3.3,336,24,10.8,20.5,3.4,344,21,10.8,20.5,3.4,344,21,34,30.00,-0.0,0,0,0,49.3,52.3,55.0,0.13,0.07,0.03
STON,2019-11-08 15:55:00 EST,40.91912,-73.13168,144,35.6,35.6,27.6,36.6,11.7,0.000,0.000,0.00,0.000,10.3,24.3,4.5,331,24,11.5,25.9,4.7,341,19,11.5,25.9,4.7,341,19,34,30.00,-0.0,0,0,0,49.2,52.3,55.0,0.14,0.07,0.03
STON,2019-11-08 16:00:00 EST,40.91912,-73.13168,144,35.7,35.6,27.6,36.9,11.9,0.000,0.000,0.00,0.000,10.3,19.0,2.9,322,22,11.6,23.3,3.2,334,17,11.6,23.3,3.2,334,17,34,30.00,-0.0,0,0,0,49.1,52.3,55.0,0.13,0.07,0.03
STON,2019-11-08 16:05:00 EST,40.91912,-73.13168,144,35.6,35.5,27.9,35.6,10.9,0.000,0.000,0.00,0.000,9.4,15.9,3.2,329,21,10.6,19.7,3.8,338,19,10.6,19.7,3.8,338,19,36,30.00,-0.0,0,0,0,49.1,52.3,55.0,0.14,0.07,0.03
STON,2019-11-08 16:10:00 EST,40.91912,-73.13168,144,35.7,35.6,27.9,38.2,12.7,0.000,0.000,0.00,0.000,10.0,18.6,3.1,327,18,11.0,22.4,3.6,337,17,11.0,22.4,3.6,337,17,26,30.00,-0.1,0,0,0,49.1,52.3,55.0,0.14,0.06,0.03
STON,2019-11-08 16:15:00 EST,40.91912,-73.13168,144,35.4,35.3,26.2,37.3,11.9,0.000,0.000,0.00,0.000,12.7,20.9,3.3,332,16,14.4,22.3,3.4,344,14,14.4,22.3,3.4,344,14,20,30.00,-0.0,0,0,0,49.0,52.3,55.0,0.14,0.07,0.03
STON,2019-11-08 16:20:00 EST,40.91912,-73.13168,144,35.3,35.2,25.7,36.6,11.4,0.000,0.000,0.00,0.000,14.3,25.0,4.0,328,18,15.7,30.6,4.4,341,16,15.7,30.6,4.4,341,16,18,30.00,-0.0,0,0,0,48.8,52.3,55.0,0.14,0.07,0.03
STON,2019-11-08 16:25:00 EST,40.91912,-73.13168,144,35.3,35.2,26.1,35.8,10.8,0.000,0.000,0.00,0.000,12.7,24.7,4.4,316,20,14.1,30.9,4.7,326,18,14.1,30.9,4.7,326,18,15,30.00,-0.0,0,0,0,48.7,52.3,55.0,0.14,0.07,0.03
STON,2019-11-08 16:30:00 EST,40.91912,-73.13168,144,35.1,35.0,26.9,36.4,11.1,0.000,0.000,0.00,0.000,10.0,17.5,3.5,322,23,11.6,21.8,4.1,332,21,11.6,21.8,4.1,332,21,12,30.00,-0.0,0,0,0,48.7,52.3,55.0,0.14,0.07,0.03
STON,2019-11-08 16:35:00 EST,40.91912,-73.13168,144,35.1,35.0,27.0,36.9,11.3,0.000,0.000,0.00,0.000,9.8,19.1,3.7,334,23,11.0,23.5,4.0,345,15,11.0,23.5,4.0,345,15,9,30.01,-0.0,0,0,0,48.7,52.3,55.0,0.14,0.07,0.03
STON,2019-11-08 16:40:00 EST,40.91912,-73.13168,144,34.9,34.9,26.8,37.4,11.5,0.000,0.000,0.00,0.000,9.9,19.8,3.7,332,23,11.2,21.8,4.3,341,17,11.2,21.8,4.3,341,17,7,30.01,-0.0,0,0,0,48.7,52.3,55.0,0.14,0.07,0.03
STON,2019-11-08 16:45:00 EST,40.91912,-73.13168,144,34.9,34.8,25.6,36.2,10.8,0.000,0.000,0.00,0.000,12.9,21.5,3.3,326,18,14.2,23.1,3.5,336,17,14.2,23.1,3.5,336,17,5,30.01,-0.0,0,0,0,48.6,52.3,55.0,0.14,0.07,0.03
STON,2019-11-08 16:50:00 EST,40.91912,-73.13168,144,34.9,34.8,25.7,36.4,10.9,0.000,0.000,0.00,0.000,12.4,24.2,4.8,330,21,13.8,26.6,4.9,339,17,13.8,26.6,4.9,339,17,3,30.02,-0.0,0,0,0,48.6,52.3,55.0,0.14,0.07,0.03
STON,2019-11-08 16:55:00 EST,40.91912,-73.13168,144,34.7,34.7,26.4,36.6,10.8,0.000,0.000,0.00,0.000,10.1,16.4,2.8,333,22,11.5,21.8,3.3,343,19,11.5,21.8,3.3,343,19,1,30.02,-0.0,0,0,0,48.6,52.3,55.0,0.14,0.07,0.03
STON,2019-11-08 17:00:00 EST,40.91912,-73.13168,144,34.6,34.6,27.0,37.8,11.5,0.000,0.000,0.00,0.000,8.9,18.6,3.3,332,19,10.0,24.4,3.8,344,18,10.0,24.4,3.8,344,18,0,30.02,-0.0,0,0,0,48.5,52.3,55.0,0.14,0.07,0.03
STON,2019-11-08 17:05:00 EST,40.91912,-73.13168,144,34.6,34.5,26.0,37.2,11.0,0.000,0.000,0.00,0.000,10.7,18.2,3.3,339,20,12.1,20.9,3.8,351,17,12.1,20.9,3.8,351,17,0,30.03,-0.0,0,0,0,48.4,52.3,55.0,0.14,0.07,0.03
STON,2019-11-08 17:10:00 EST,40.91912,-73.13168,144,34.6,34.6,25.8,37.5,11.3,0.000,0.000,0.00,0.000,11.5,22.2,3.6,321,19,12.8,23.7,3.6,332,18,12.8,23.7,3.6,332,18,0,30.03,-0.0,0,0,0,48.4,52.3,55.0,0.14,0.07,0.03
STON,2019-11-08 17:15:00 EST,40.91912,-73.13168,144,34.7,34.6,25.9,38.4,11.9,0.000,0.000,0.00,0.000,11.1,22.4,3.9,336,16,12.5,25.0,4.3,346,18,12.5,25.0,4.3,346,18,0,30.03,-0.0,0,0,0,48.4,52.3,55.0,0.14,0.07,0.03
STON,2019-11-08 17:20:00 EST,40.91912,-73.13168,144,34.5,34.5,26.7,38.1,11.6,0.000,0.000,0.00,0.000,9.1,14.8,2.3,335,23,10.4,16.6,2.6,347,20,10.4,16.6,2.6,347,20,0,30.04,-0.0,0,0,0,48.3,52.3,55.0,0.14,0.07,0.03
STON,2019-11-08 17:25:00 EST,40.91912,-73.13168,144,34.3,34.3,27.9,39.3,12.1,0.000,0.000,0.00,0.000,6.5,11.6,2.3,335,22,7.6,14.8,2.8,346,19,7.6,14.8,2.8,346,19,0,30.04,-0.0,0,0,0,48.2,52.3,55.0,0.14,0.07,0.03
STON,2019-11-08 17:30:00 EST,40.91912,-73.13168,144,34.4,34.4,26.5,39.7,12.4,0.000,0.000,0.00,0.000,9.5,15.9,2.6,324,15,10.3,16.7,2.7,334,15,10.3,16.7,2.7,334,15,0,30.04,-0.0,0,0,0,48.2,52.2,55.0,0.14,0.07,0.03
STON,2019-11-08 17:35:00 EST,40.91912,-73.13168,144,34.3,34.3,26.5,39.5,12.2,0.000,0.000,0.00,0.000,8.7,23.3,3.3,327,23,10.2,26.4,3.7,338,18,10.2,26.4,3.7,338,18,0,30.04,-0.0,0,0,0,48.2,52.2,55.0,0.14,0.07,0.03
STON,2019-11-08 17:40:00 EST,40.91912,-73.13168,144,34.3,34.3,26.9,40.6,12.8,0.000,0.000,0.00,0.000,8.2,16.0,2.8,329,20,9.4,19.3,3.1,342,20,9.4,19.3,3.1,342,20,0,30.05,-0.0,0,0,0,48.1,52.2,55.0,0.14,0.07,0.03
STON,2019-11-08 17:45:00 EST,40.91912,-73.13168,144,34.4,34.4,26.4,40.4,12.8,0.000,0.000,0.00,0.000,9.2,16.7,3.2,330,19,10.6,20.5,3.5,339,18,10.6,20.5,3.5,339,18,0,30.05,-0.0,0,0,0,48.0,52.2,55.0,0.14,0.07,0.03
STON,2019-11-08 17:50:00 EST,40.91912,-73.13168,144,34.5,34.5,26.4,40.7,13.1,0.000,0.000,0.00,0.000,10.1,18.5,2.7,326,17,11.1,21.1,3.1,338,15,11.1,21.1,3.1,338,15,0,30.05,-0.1,0,0,0,48.0,52.2,55.0,0.14,0.07,0.03
STON,2019-11-08 17:55:00 EST,40.91912,-73.13168,144,34.4,34.3,27.4,41.9,13.6,0.000,0.000,0.00,0.000,7.2,14.0,2.3,345,22,8.5,17.2,2.9,353,15,8.5,17.2,2.9,353,15,0,30.06,-0.0,0,0,0,48.0,52.2,55.0,0.14,0.06,0.03
STON,2019-11-08 18:00:00 EST,40.91912,-73.13168,144,34.1,34.1,26.2,41.2,13.0,0.000,0.000,0.00,0.000,9.1,15.4,2.5,334,16,10.3,18.8,3.0,347,15,10.3,18.8,3.0,347,15,0,30.06,-0.0,0,0,0,48.0,52.2,55.0,0.14,0.07,0.03
STON,2019-11-08 18:05:00 EST,40.91912,-73.13168,144,34.0,33.9,26.2,39.2,11.7,0.000,0.000,0.00,0.000,8.4,17.2,3.2,338,23,9.9,20.2,3.7,348,18,9.9,20.2,3.7,348,18,0,30.06,-0.0,0,0,0,47.8,52.2,54.9,0.14,0.06,0.03
STON,2019-11-08 18:10:00 EST,40.91912,-73.13168,144,34.0,33.9,25.0,38.4,11.2,0.000,0.000,0.00,0.000,11.1,19.5,3.0,332,14,12.6,21.7,3.5,342,13,12.6,21.7,3.5,342,13,0,30.07,-0.1,0,0,0,47.8,52.2,55.0,0.14,0.07,0.03
STON,2019-11-08 18:15:00 EST,40.91912,-73.13168,144,33.9,33.9,26.3,40.3,12.2,0.000,0.000,0.00,0.000,8.3,19.3,3.7,335,26,9.6,20.8,3.8,346,23,9.6,20.8,3.8,346,23,0,30.07,-0.1,0,0,0,47.8,52.2,54.9,0.14,0.07,0.03
STON,2019-11-08 18:20:00 EST,40.91912,-73.13168,144,33.8,33.7,25.8,40.0,12.0,0.000,0.000,0.00,0.000,9.0,18.3,4.0,333,24,10.4,22.4,4.4,342,22,10.4,22.4,4.4,342,22,0,30.07,-0.0,0,0,0,47.8,52.2,54.9,0.14,0.06,0.03
STON,2019-11-08 18:25:00 EST,40.91912,-73.13168,144,33.9,33.8,26.6,41.6,13.0,0.000,0.000,0.00,0.000,7.7,13.7,2.9,340,19,9.0,17.1,3.3,350,14,9.0,17.1,3.3,350,14,0,30.07,-0.1,0,0,0,47.7,52.2,54.9,0.14,0.07,0.03
STON,2019-11-08 18:30:00 EST,40.91912,-73.13168,144,33.6,33.6,26.9,42.8,13.4,0.000,0.000,0.00,0.000,6.6,14.0,2.2,342,23,7.8,14.7,2.6,353,16,7.8,14.7,2.6,353,16,0,30.07,-0.0,0,0,0,47.5,52.2,54.9,0.14,0.07,0.03
STON,2019-11-08 18:35:00 EST,40.91912,-73.13168,144,33.4,33.3,26.0,42.5,13.0,0.000,0.000,0.00,0.000,7.5,12.3,1.8,343,19,8.9,15.0,2.3,353,12,8.9,15.0,2.3,353,12,0,30.08,-0.0,0,0,0,47.5,52.2,54.9,0.14,0.07,0.03
STON,2019-11-08 18:40:00 EST,40.91912,-73.13168,144,33.3,33.3,26.1,43.6,13.5,0.000,0.000,0.00,0.000,7.4,14.5,2.8,335,20,8.5,18.0,3.2,346,19,8.5,18.0,3.2,346,19,0,30.08,-0.1,0,0,0,47.5,52.2,54.9,0.14,0.07,0.03
STON,2019-11-08 18:45:00 EST,40.91912,-73.13168,144,33.1,33.1,27.4,45.1,14.1,0.000,0.000,0.00,0.000,5.1,11.0,2.3,344,23,6.3,12.0,2.6,353,21,6.3,12.0,2.6,353,21,0,30.08,-0.1,0,0,0,47.5,52.2,54.9,0.13,0.07,0.03
STON,2019-11-08 18:50:00 EST,40.91912,-73.13168,144,33.2,33.1,25.3,44.6,13.9,0.000,0.000,0.00,0.000,8.3,16.7,2.5,342,21,9.7,19.1,2.8,351,17,9.7,19.1,2.8,351,17,0,30.08,-0.0,0,0,0,47.4,52.2,54.9,0.14,0.07,0.03
STON,2019-11-08 18:55:00 EST,40.91912,-73.13168,144,33.0,33.0,25.1,45.1,14.0,0.000,0.000,0.00,0.000,8.2,17.2,2.2,351,24,9.9,20.4,2.6,0,21,9.9,20.4,2.6,0,21,0,30.09,-0.0,0,0,0,47.3,52.1,54.9,0.14,0.07,0.03
STON,2019-11-08 19:00:00 EST,40.91912,-73.13168,144,33.0,32.9,26.6,45.5,14.2,0.000,0.000,0.00,0.000,5.9,10.2,2.1,335,22,7.1,12.8,2.5,345,19,7.1,12.8,2.5,345,19,0,30.09,-0.0,0,0,0,47.3,52.0,54.9,0.14,0.06,0.03
STON,2019-11-08 19:05:00 EST,40.91912,-73.13168,144,33.1,33.0,24.7,45.9,14.5,0.000,0.000,0.00,0.000,9.4,19.6,3.9,335,15,10.8,21.5,4.3,347,13,10.8,21.5,4.3,347,13,0,30.09,-0.0,0,0,0,47.3,52.0,54.9,0.14,0.06,0.03
STON,2019-11-08 19:10:00 EST,40.91912,-73.13168,144,33.1,33.1,26.1,47.0,15.0,0.000,0.000,0.00,0.000,7.1,14.0,2.8,331,21,8.2,15.9,3.2,344,18,8.2,15.9,3.2,344,18,0,30.09,-0.0,0,0,0,47.3,52.0,54.9,0.14,0.06,0.03
STON,2019-11-08 19:15:00 EST,40.91912,-73.13168,144,33.1,33.1,25.8,46.9,15.0,0.000,0.000,0.00,0.000,7.5,16.1,2.5,332,27,8.7,16.0,2.5,343,20,8.7,16.0,2.5,343,20,0,30.10,-0.0,0,0,0,47.2,52.0,54.9,0.13,0.07,0.03
STON,2019-11-08 19:20:00 EST,40.91912,-73.13168,144,33.0,33.0,25.9,45.9,14.5,0.000,0.000,0.00,0.000,6.8,15.4,3.3,338,22,8.3,17.0,3.3,348,20,8.3,17.0,3.3,348,20,0,30.10,-0.0,0,0,0,47.1,52.0,54.9,0.14,0.07,0.03
STON,2019-11-08 19:25:00 EST,40.91912,-73.13168,144,32.9,32.8,24.9,45.9,14.3,0.000,0.000,0.00,0.000,8.1,14.7,2.8,343,26,9.9,20.0,3.5,357,16,9.9,20.0,3.5,357,16,0,30.10,-0.0,0,0,0,47.1,52.0,54.9,0.13,0.06,0.03
STON,2019-11-08 19:30:00 EST,40.91912,-73.13168,144,32.9,32.8,24.9,46.0,14.3,0.000,0.000,0.00,0.000,8.5,20.8,3.2,339,19,9.8,20.9,3.5,350,17,9.8,20.9,3.5,350,17,0,30.10,-0.1,0,0,0,47.1,52.0,54.9,0.13,0.07,0.03
STON,2019-11-08 19:35:00 EST,40.91912,-73.13168,144,32.6,32.6,23.8,44.8,13.5,0.000,0.000,0.00,0.000,9.8,22.4,4.2,343,19,11.5,26.3,4.7,352,17,11.5,26.3,4.7,352,17,0,30.10,-0.0,0,0,0,47.1,52.0,54.9,0.14,0.07,0.03
STON,2019-11-08 19:40:00 EST,40.91912,-73.13168,144,32.6,32.5,23.6,45.3,13.7,0.000,0.000,0.00,0.000,10.2,19.9,3.5,341,21,11.7,20.4,3.7,349,13,11.7,20.4,3.7,349,13,0,30.10,-0.0,0,0,0,47.1,52.0,54.9,0.14,0.07,0.03
STON,2019-11-08 19:45:00 EST,40.91912,-73.13168,144,32.5,32.4,23.8,44.8,13.4,0.000,0.000,0.00,0.000,9.6,17.5,3.2,340,23,11.2,19.9,3.6,350,19,11.2,19.9,3.6,350,19,0,30.10,-0.0,0,0,0,47.0,52.0,54.9,0.14,0.06,0.03
STON,2019-11-08 19:50:00 EST,40.91912,-73.13168,144,32.4,32.4,25.7,44.3,13.0,0.000,0.000,0.00,0.000,6.3,15.3,3.0,333,24,7.3,17.1,3.4,344,20,7.3,17.1,3.4,344,20,0,30.10,-0.0,0,0,0,46.9,52.0,54.9,0.14,0.06,0.03
STON,2019-11-08 19:55:00 EST,40.91912,-73.13168,144,32.4,32.4,24.9,45.6,13.7,0.000,0.000,0.00,0.000,7.2,18.4,4.1,331,25,8.8,17.4,4.1,344,25,8.8,17.4,4.1,344,25,0,30.11,-0.0,0,0,0,46.9,52.0,54.9,0.14,0.06,0.03
STON,2019-11-08 20:00:00 EST,40.91912,-73.13168,144,32.4,32.4,23.9,43.7,12.8,0.000,0.000,0.00,0.000,9.3,17.5,3.3,345,23,10.8,21.2,3.5,353,22,10.8,21.2,3.5,353,22,0,30.11,-0.0,0,0,0,46.9,52.0,54.9,0.13,0.07,0.03
STON,2019-11-08 20:05:00 EST,40.91912,-73.13168,144,32.3,32.3,23.9,44.2,13.0,0.000,0.000,0.00,0.000,9.0,15.4,3.4,349,21,10.4,18.9,4.1,359,18,10.4,18.9,4.1,359,18,0,30.12,-0.1,0,0,0,46.9,52.0,54.9,0.13,0.06,0.03
STON,2019-11-08 20:10:00 EST,40.91912,-73.13168,144,32.2,32.1,23.9,44.1,12.8,0.000,0.000,0.00,0.000,8.5,20.5,4.3,344,25,10.2,21.6,4.6,354,20,10.2,21.6,4.6,354,20,0,30.12,-0.1,0,0,0,46.9,51.9,54.9,0.13,0.07,0.03
STON,2019-11-08 20:15:00 EST,40.91912,-73.13168,144,32.2,32.1,23.5,44.0,12.7,0.000,0.000,0.00,0.000,9.8,17.4,3.0,335,23,11.0,20.0,3.1,349,21,11.0,20.0,3.1,349,21,0,30.12,-0.1,0,0,0,46.8,51.8,54.9,0.14,0.06,0.03
STON,2019-11-08 20:20:00 EST,40.91912,-73.13168,144,32.1,32.0,24.1,43.6,12.4,0.000,0.000,0.00,0.000,7.8,15.0,2.7,346,22,9.5,18.9,3.0,356,18,9.5,18.9,3.0,356,18,0,30.12,-0.0,0,0,0,46.8,51.8,54.9,0.13,0.06,0.03
STON,2019-11-08 20:25:00 EST,40.91912,-73.13168,144,32.0,32.0,23.3,44.2,12.7,0.000,0.000,0.00,0.000,9.2,18.8,4.3,347,19,10.9,20.8,4.8,357,16,10.9,20.8,4.8,357,16,0,30.12,-0.0,0,0,0,46.8,51.8,54.9,0.14,0.07,0.03
STON,2019-11-08 20:30:00 EST,40.91912,-73.13168,144,32.0,32.0,23.6,43.9,12.5,0.000,0.000,0.00,0.000,8.9,17.9,3.3,340,25,10.4,20.6,4.1,351,18,10.4,20.6,4.1,351,18,0,30.13,-0.0,0,0,0,46.8,51.8,54.9,0.13,0.06,0.03
STON,2019-11-08 20:35:00 EST,40.91912,-73.13168,144,32.1,32.0,23.3,45.9,13.6,0.000,0.000,0.00,0.000,9.6,15.8,2.8,337,21,11.1,19.9,3.1,347,17,11.1,19.9,3.1,347,17,0,30.13,-0.0,0,0,0,46.8,51.8,54.9,0.13,0.06,0.03
STON,2019-11-08 20:40:00 EST,40.91912,-73.13168,144,31.9,31.8,24.1,44.1,12.5,0.000,0.000,0.00,0.000,8.0,19.3,3.9,337,19,9.0,18.6,4.2,346,16,9.0,18.6,4.2,346,16,0,30.13,-0.0,0,0,0,46.7,51.8,54.9,0.13,0.06,0.03
STON,2019-11-08 20:45:00 EST,40.91912,-73.13168,144,32.0,31.9,22.4,43.5,12.3,0.000,0.000,0.00,0.000,11.4,21.2,3.2,332,20,12.9,25.6,3.3,344,13,12.9,25.6,3.3,344,13,0,30.13,-0.0,0,0,0,46.6,51.8,54.9,0.13,0.07,0.03
STON,2019-11-08 20:50:00 EST,40.91912,-73.13168,144,31.8,31.8,23.1,43.5,12.1,0.000,0.000,0.00,0.000,9.4,19.7,3.1,342,23,10.8,21.2,3.5,351,21,10.8,21.2,3.5,351,21,0,30.13,-0.0,0,0,0,46.6,51.8,54.9,0.13,0.07,0.03
STON,2019-11-08 20:55:00 EST,40.91912,-73.13168,144,31.6,31.6,23.7,44.1,12.3,0.000,0.000,0.00,0.000,7.7,15.2,2.8,336,26,9.1,16.9,3.2,352,19,9.1,16.9,3.2,352,19,0,30.13,-0.1,0,0,0,46.6,51.8,54.9,0.13,0.06,0.03
STON,2019-11-08 21:00:00 EST,40.91912,-73.13168,144,31.6,31.6,22.7,44.9,12.6,0.000,0.000,0.00,0.000,9.4,20.1,3.9,343,22,11.0,21.5,4.2,354,17,11.0,21.5,4.2,354,17,0,30.13,-0.0,0,0,0,46.6,51.8,54.9,0.13,0.07,0.03
STON,2019-11-08 21:05:00 EST,40.91912,-73.13168,144,31.6,31.5,22.0,45.5,13.0,0.000,0.000,0.00,0.000,10.8,19.7,3.6,341,19,12.7,20.0,3.8,352,15,12.7,20.0,3.8,352,15,0,30.14,-0.0,0,0,0,46.5,51.7,54.9,0.13,0.07,0.03
STON,2019-11-08 21:10:00 EST,40.91912,-73.13168,144,31.7,31.6,22.1,46.4,13.4,0.000,0.000,0.00,0.000,10.9,19.9,3.2,337,20,12.7,25.5,3.5,348,15,12.7,25.5,3.5,348,15,0,30.14,-0.0,0,0,0,46.4,51.4,54.9,0.13,0.07,0.03
STON,2019-11-08 21:15:00 EST,40.91912,-73.13168,144,31.6,31.5,22.6,46.6,13.4,0.000,0.000,0.00,0.000,9.6,17.2,2.7,337,19,11.1,20.0,3.0,347,13,11.1,20.0,3.0,347,13,0,30.14,-0.0,0,0,0,46.4,51.4,54.9,0.13,0.07,0.03
STON,2019-11-08 21:20:00 EST,40.91912,-73.13168,144,31.5,31.5,22.3,47.5,13.8,0.000,0.000,0.00,0.000,10.0,18.3,3.5,346,21,11.8,22.5,4.0,355,16,11.8,22.5,4.0,355,16,0,30.14,-0.0,0,0,0,46.4,51.4,54.9,0.13,0.07,0.03
STON,2019-11-08 21:25:00 EST,40.91912,-73.13168,144,31.5,31.4,21.6,46.1,13.1,0.000,0.000,0.00,0.000,11.9,19.9,3.8,333,20,13.2,21.6,3.9,344,15,13.2,21.6,3.9,344,15,0,30.14,-0.0,0,0,0,46.4,51.4,54.9,0.14,0.06,0.03
STON,2019-11-08 21:30:00 EST,40.91912,-73.13168,144,31.4,31.4,22.2,45.1,12.6,0.000,0.000,0.00,0.000,10.1,18.0,3.4,341,27,11.8,19.2,3.9,353,20,11.8,19.2,3.9,353,20,0,30.14,-0.0,0,0,0,46.4,51.4,54.9,0.14,0.06,0.03
STON,2019-11-08 21:35:00 EST,40.91912,-73.13168,144,31.2,31.2,23.5,45.9,12.7,0.000,0.000,0.00,0.000,7.3,12.7,2.3,349,24,8.6,15.7,2.7,360,19,8.6,15.7,2.7,360,19,0,30.14,-0.0,0,0,0,46.3,51.4,54.9,0.13,0.06,0.03
STON,2019-11-08 21:40:00 EST,40.91912,-73.13168,144,31.2,31.2,23.3,46.0,12.8,0.000,0.000,0.00,0.000,7.7,14.6,2.2,345,28,9.1,15.4,2.5,354,17,9.1,15.4,2.5,354,17,0,30.14,-0.0,0,0,0,46.0,51.4,54.9,0.13,0.06,0.03
STON,2019-11-08 21:45:00 EST,40.91912,-73.13168,144,31.4,31.3,24.7,47.9,13.9,0.000,0.000,0.00,0.000,6.0,11.4,2.2,343,21,7.1,12.5,2.4,353,20,7.1,12.5,2.4,353,20,0,30.15,-0.1,0,0,0,46.0,51.4,54.9,0.13,0.07,0.03
STON,2019-11-08 21:50:00 EST,40.91912,-73.13168,144,31.3,31.3,23.3,48.6,14.2,0.000,0.000,0.00,0.000,7.6,13.4,2.9,341,21,9.2,17.6,3.3,353,17,9.2,17.6,3.3,353,17,0,30.15,-0.1,0,0,0,46.0,51.4,54.9,0.13,0.07,0.03
STON,2019-11-08 21:55:00 EST,40.91912,-73.13168,144,31.3,31.2,23.0,47.9,13.8,0.000,0.000,0.00,0.000,8.6,15.0,2.5,335,20,9.8,16.8,3.0,345,19,9.8,16.8,3.0,345,19,0,30.15,-0.0,0,0,0,46.0,51.4,54.8,0.13,0.07,0.03
STON,2019-11-08 22:00:00 EST,40.91912,-73.13168,144,31.0,31.0,23.7,47.8,13.5,0.000,0.000,0.00,0.000,6.4,12.7,2.6,358,28,7.9,16.1,3.2,6,20,7.9,16.1,3.2,6,20,0,30.15,-0.0,0,0,0,46.0,51.4,54.8,0.13,0.07,0.03
STON,2019-11-08 22:05:00 EST,40.91912,-73.13168,144,30.9,30.9,21.4,46.0,12.6,0.000,0.000,0.00,0.000,10.6,20.5,4.2,342,22,12.1,21.3,4.3,352,17,12.1,21.3,4.3,352,17,0,30.15,-0.0,0,0,0,45.9,51.4,54.7,0.13,0.06,0.03
STON,2019-11-08 22:10:00 EST,40.91912,-73.13168,144,31.0,31.0,23.0,47.1,13.2,0.000,0.000,0.00,0.000,7.7,13.5,2.4,348,22,9.2,20.9,3.0,357,16,9.2,20.9,3.0,357,16,0,30.15,-0.1,0,0,0,45.9,51.3,54.7,0.13,0.06,0.03
STON,2019-11-08 22:15:00 EST,40.91912,-73.13168,144,30.9,30.8,23.4,47.7,13.4,0.000,0.000,0.00,0.000,6.8,13.4,2.8,349,23,8.2,15.4,3.1,359,19,8.2,15.4,3.1,359,19,0,30.15,-0.0,0,0,0,45.9,51.3,54.7,0.13,0.07,0.03
STON,2019-11-08 22:20:00 EST,40.91912,-73.13168,144,30.9,30.9,22.6,47.6,13.3,0.000,0.000,0.00,0.000,8.2,13.5,2.4,346,19,9.6,18.7,3.0,355,15,9.6,18.7,3.0,355,15,0,30.16,-0.0,0,0,0,45.9,51.3,54.7,0.13,0.07,0.03
STON,2019-11-08 22:25:00 EST,40.91912,-73.13168,144,30.9,30.8,22.6,46.1,12.5,0.000,0.000,0.00,0.000,7.7,17.3,3.8,349,24,9.4,21.8,4.6,0,15,9.4,21.8,4.6,0,15,0,30.16,-0.0,0,0,0,45.9,51.3,54.7,0.13,0.06,0.03
STON,2019-11-08 22:30:00 EST,40.91912,-73.13168,144,30.7,30.7,23.1,46.9,12.8,0.000,0.000,0.00,0.000,7.1,14.3,3.1,338,25,8.3,16.0,3.6,350,21,8.3,16.0,3.6,350,21,0,30.16,-0.0,0,0,0,45.9,51.3,54.7,0.13,0.07,0.03
STON,2019-11-08 22:35:00 EST,40.91912,-73.13168,144,30.8,30.8,22.1,47.9,13.4,0.000,0.000,0.00,0.000,8.9,18.7,3.1,339,21,10.3,21.8,3.5,352,15,10.3,21.8,3.5,352,15,0,30.16,-0.0,0,0,0,45.8,51.3,54.7,0.13,0.07,0.03
STON,2019-11-08 22:40:00 EST,40.91912,-73.13168,144,30.8,30.8,22.6,46.8,12.9,0.000,0.000,0.00,0.000,7.9,16.8,2.7,342,16,9.4,20.3,3.3,352,13,9.4,20.3,3.3,352,13,0,30.16,-0.0,0,0,0,45.7,51.3,54.7,0.13,0.06,0.03
STON,2019-11-08 22:45:00 EST,40.91912,-73.13168,144,30.8,30.7,22.5,47.5,13.1,0.000,0.000,0.00,0.000,8.0,14.0,2.3,341,19,9.5,17.2,2.7,351,17,9.5,17.2,2.7,351,17,0,30.16,-0.0,0,0,0,45.7,51.3,54.7,0.13,0.06,0.03
STON,2019-11-08 22:50:00 EST,40.91912,-73.13168,144,30.7,30.6,21.9,48.2,13.4,0.000,0.000,0.00,0.000,8.9,14.6,2.2,345,21,10.5,16.9,2.7,355,14,10.5,16.9,2.7,355,14,0,30.17,-0.0,0,0,0,45.7,51.3,54.7,0.13,0.06,0.03
STON,2019-11-08 22:55:00 EST,40.91912,-73.13168,144,30.7,30.6,23.2,47.8,13.2,0.000,0.000,0.00,0.000,6.7,12.6,2.5,340,24,8.1,15.8,3.0,352,21,8.1,15.8,3.0,352,21,0,30.17,-0.1,0,0,0,45.7,51.3,54.7,0.13,0.06,0.03
STON,2019-11-08 23:00:00 EST,40.91912,-73.13168,144,30.6,30.6,23.9,49.2,13.8,0.000,0.000,0.00,0.000,5.6,10.2,1.9,346,20,6.9,12.5,2.1,356,17,6.9,12.5,2.1,356,17,0,30.17,-0.1,0,0,0,45.7,51.2,54.7,0.13,0.06,0.03
STON,2019-11-08 23:05:00 EST,40.91912,-73.13168,144,30.5,30.5,23.6,49.1,13.7,0.000,0.000,0.00,0.000,5.9,11.0,2.2,341,22,7.2,13.2,2.6,351,19,7.2,13.2,2.6,351,19,0,30.17,-0.0,0,0,0,45.6,51.1,54.7,0.13,0.07,0.03
STON,2019-11-08 23:10:00 EST,40.91912,-73.13168,144,30.5,30.5,22.3,48.5,13.4,0.000,0.000,0.00,0.000,8.0,14.6,2.3,333,24,9.2,18.1,2.6,345,21,9.2,18.1,2.6,345,21,0,30.17,-0.0,0,0,0,45.5,51.1,54.7,0.13,0.06,0.03
STON,2019-11-08 23:15:00 EST,40.91912,-73.13168,144,30.5,30.4,22.2,48.9,13.6,0.000,0.000,0.00,0.000,7.8,12.8,2.1,337,21,9.4,15.7,2.5,348,16,9.4,15.7,2.5,348,16,0,30.17,-0.1,0,0,0,45.5,51.1,54.7,0.13,0.06,0.03
STON,2019-11-08 23:20:00 EST,40.91912,-73.13168,144,30.4,30.4,24.6,49.8,13.9,0.000,0.000,0.00,0.000,4.7,7.6,1.3,339,21,5.8,9.3,1.4,348,16,5.8,9.3,1.4,348,16,0,30.17,-0.0,0,0,0,45.5,51.1,54.7,0.13,0.06,0.03
STON,2019-11-08 23:25:00 EST,40.91912,-73.13168,144,30.4,30.3,23.8,50.9,14.3,0.000,0.000,0.00,0.000,5.4,13.0,2.3,348,23,6.5,15.7,2.7,356,17,6.5,15.7,2.7,356,17,0,30.17,-0.0,0,0,0,45.5,51.1,54.7,0.13,0.06,0.03
STON,2019-11-08 23:30:00 EST,40.91912,-73.13168,144,30.4,30.3,22.0,50.2,14.0,0.000,0.000,0.00,0.000,8.1,13.5,2.4,345,21,9.5,16.0,2.9,355,13,9.5,16.0,2.9,355,13,0,30.17,-0.0,0,0,0,45.5,51.1,54.7,0.13,0.06,0.03
STON,2019-11-08 23:35:00 EST,40.91912,-73.13168,144,30.4,30.3,21.4,51.0,14.4,0.000,0.000,0.00,0.000,8.9,14.8,3.1,345,19,10.5,18.4,3.5,355,18,10.5,18.4,3.5,355,18,0,30.17,-0.0,0,0,0,45.5,51.1,54.7,0.13,0.06,0.03
STON,2019-11-08 23:40:00 EST,40.91912,-73.13168,144,30.2,30.1,23.4,50.9,14.2,0.000,0.000,0.00,0.000,5.7,9.6,1.7,350,27,6.8,12.0,2.2,356,22,6.8,12.0,2.2,356,22,0,30.17,-0.0,0,0,0,45.5,51.1,54.7,0.13,0.06,0.03
STON,2019-11-08 23:45:00 EST,40.91912,-73.13168,144,30.0,30.0,24.4,51.7,14.3,0.000,0.000,0.00,0.000,4.5,7.8,1.5,351,22,5.4,10.4,1.8,359,19,5.4,10.4,1.8,359,19,0,30.17,-0.0,0,0,0,45.4,51.1,54.6,0.13,0.07,0.03
STON,2019-11-08 23:50:00 EST,40.91912,-73.13168,144,30.0,30.0,23.3,52.1,14.5,0.000,0.000,0.00,0.000,5.3,9.9,1.6,349,18,6.6,11.8,2.1,358,15,6.6,11.8,2.1,358,15,0,30.17,-0.1,0,0,0,45.3,51.1,54.7,0.13,0.07,0.03
STON,2019-11-08 23:55:00 EST,40.91912,-73.13168,144,30.1,30.1,22.7,51.0,14.2,0.000,0.000,0.00,0.000,6.7,10.9,1.7,350,21,7.9,13.8,2.0,359,13,7.9,13.8,2.0,359,13,0,30.17,-0.0,0,0,0,45.3,51.1,54.6,0.13,0.06,0.03
SUFF,2019-11-08 00:00:00 EST,41.13038,-74.08987,584,35.7,35.6,29.7,77.3,29.3,0.000,0.140,0.00,0.000,6.2,13.4,2.1,304,22,7.4,17.5,2.5,305,23,7.4,17.5,2.5,305,23,0,29.38,-0.1,0,0,0,48.0,49.5,51.1,0.29,0.22,0.17
SUFF,2019-11-08 00:05:00 EST,41.13038,-74.08987,584,35.7,35.5,29.0,76.8,29.1,0.000,0.000,0.00,0.000,7.8,17.0,3.4,318,25,8.7,17.7,3.4,322,21,8.7,17.7,3.4,322,21,0,29.38,-0.1,0,0,0,48.0,49.5,51.1,0.29,0.22,0.17
SUFF,2019-11-08 00:10:00 EST,41.13038,-74.08987,584,35.5,35.3,29.0,77.3,29.1,0.000,0.000,0.00,0.000,7.6,17.2,3.4,320,17,8.2,17.1,3.1,322,19,8.2,17.1,3.1,322,19,0,29.38,-0.1,0,0,0,48.0,49.5,51.1,0.29,0.22,0.17
SUFF,2019-11-08 00:15:00 EST,41.13038,-74.08987,584,35.5,35.3,27.9,76.2,28.8,0.000,0.000,0.00,0.000,9.4,15.6,2.4,322,20,10.4,17.2,2.6,326,21,10.4,17.2,2.6,326,21,0,29.38,-0.0,0,0,0,48.0,49.5,51.1,0.29,0.22,0.17
SUFF,2019-11-08 00:20:00 EST,41.13038,-74.08987,584,35.4,35.1,28.2,75.7,28.5,0.000,0.000,0.00,0.000,8.8,15.9,3.2,325,22,9.4,15.7,3.2,328,21,9.4,15.7,3.2,328,21,0,29.38,-0.1,0,0,0,48.0,49.5,51.1,0.29,0.22,0.17
SUFF,2019-11-08 00:25:00 EST,41.13038,-74.08987,584,35.3,35.0,28.5,75.7,28.3,0.000,0.000,0.00,0.000,7.7,12.6,2.0,321,21,8.6,13.5,2.1,323,21,8.6,13.5,2.1,323,21,0,29.38,-0.0,0,0,0,47.9,49.5,51.1,0.29,0.22,0.17
SUFF,2019-11-08 00:30:00 EST,41.13038,-74.08987,584,35.0,34.7,28.4,76.5,28.4,0.000,0.000,0.00,0.000,7.2,11.7,1.7,311,22,8.2,12.7,1.7,312,21,8.2,12.7,1.7,312,21,0,29.38,-0.1,0,0,0,47.8,49.5,51.1,0.29,0.22,0.17
SUFF,2019-11-08 00:35:00 EST,41.13038,-74.08987,584,34.8,34.6,27.5,77.0,28.4,0.000,0.000,0.00,0.000,8.4,15.2,2.9,330,25,9.4,16.9,3.0,333,26,9.4,16.9,3.0,333,26,0,29.38,-0.1,0,0,0,47.8,49.5,51.1,0.29,0.22,0.17
SUFF,2019-11-08 00:40:00 EST,41.13038,-74.08987,584,34.8,34.6,27.8,76.5,28.2,0.000,0.000,0.00,0.000,7.9,16.1,3.1,332,22,8.9,20.8,3.3,336,23,8.9,20.8,3.3,336,23,0,29.38,-0.1,0,0,0,47.8,49.5,51.1,0.29,0.22,0.17
SUFF,2019-11-08 00:45:00 EST,41.13038,-74.08987,584,34.7,34.5,27.5,76.8,28.2,0.000,0.000,0.00,0.000,8.1,13.1,2.1,324,25,9.1,15.9,2.5,328,26,9.1,15.9,2.5,328,26,0,29.38,-0.0,0,0,0,47.8,49.5,51.1,0.29,0.22,0.17
SUFF,2019-11-08 00:50:00 EST,41.13038,-74.08987,584,34.8,34.5,27.4,76.5,28.1,0.000,0.000,0.00,0.000,8.5,17.2,3.0,326,21,9.5,17.3,3.1,329,22,9.5,17.3,3.1,329,22,0,29.38,-0.0,0,0,0,47.8,49.5,51.1,0.29,0.22,0.17
SUFF,2019-11-08 00:55:00 EST,41.13038,-74.08987,584,34.7,34.4,28.7,76.7,28.1,0.000,0.000,0.00,0.000,6.1,13.5,2.7,315,25,7.1,15.4,2.6,319,24,7.1,15.4,2.6,319,24,0,29.38,-0.0,0,0,0,47.8,49.5,51.1,0.29,0.22,0.17
SUFF,2019-11-08 01:00:00 EST,41.13038,-74.08987,584,34.5,34.3,28.5,77.6,28.3,0.000,0.000,0.00,0.000,6.2,10.2,1.9,333,23,7.0,12.9,2.1,338,21,7.0,12.9,2.1,338,21,0,29.39,-0.0,0,0,0,47.8,49.5,51.1,0.29,0.22,0.17
SUFF,2019-11-08 01:05:00 EST,41.13038,-74.08987,584,34.4,34.3,28.1,77.3,28.1,0.000,0.000,0.00,0.000,6.6,13.3,2.5,322,23,7.6,16.3,2.5,324,24,7.6,16.3,2.5,324,24,0,29.39,-0.1,0,0,0,47.5,49.5,51.1,0.29,0.22,0.17
SUFF,2019-11-08 01:10:00 EST,41.13038,-74.08987,584,34.3,34.1,27.6,76.7,27.8,0.000,0.000,0.00,0.000,7.3,14.4,2.3,332,20,8.2,17.0,2.7,335,20,8.2,17.0,2.7,335,20,0,29.39,-0.1,0,0,0,47.5,49.5,51.1,0.29,0.22,0.17
SUFF,2019-11-08 01:15:00 EST,41.13038,-74.08987,584,34.2,34.0,28.8,76.2,27.5,0.000,0.000,0.00,0.000,5.4,12.9,2.2,330,28,6.1,13.8,2.4,333,27,6.1,13.8,2.4,333,27,0,29.39,-0.0,0,0,0,47.5,49.5,51.1,0.29,0.22,0.17
SUFF,2019-11-08 01:20:00 EST,41.13038,-74.08987,584,34.2,34.0,27.0,73.3,26.5,0.000,0.000,0.00,0.000,8.3,13.1,1.9,338,16,8.9,13.6,2.2,341,16,8.9,13.6,2.2,341,16,0,29.39,-0.0,0,0,0,47.5,49.5,51.1,0.29,0.22,0.17
SUFF,2019-11-08 01:25:00 EST,41.13038,-74.08987,584,34.0,33.8,26.4,72.9,26.2,0.000,0.000,0.00,0.000,8.7,15.6,2.2,334,18,9.6,16.6,2.3,336,17,9.6,16.6,2.3,336,17,0,29.40,-0.1,0,0,0,47.5,49.5,51.1,0.29,0.22,0.17
SUFF,2019-11-08 01:30:00 EST,41.13038,-74.08987,584,33.9,33.6,26.0,72.0,25.8,0.000,0.000,0.00,0.000,9.3,13.9,2.1,321,19,10.1,16.5,2.4,325,20,10.1,16.5,2.4,325,20,0,29.40,-0.1,0,0,0,47.5,49.5,51.1,0.29,0.22,0.17
SUFF,2019-11-08 01:35:00 EST,41.13038,-74.08987,584,33.7,33.5,26.3,68.9,24.6,0.000,0.000,0.00,0.000,8.2,12.7,1.9,338,18,9.2,14.6,2.0,344,17,9.2,14.6,2.0,344,17,0,29.39,-0.0,0,0,0,47.4,49.5,51.1,0.29,0.22,0.17
SUFF,2019-11-08 01:40:00 EST,41.13038,-74.08987,584,33.4,33.2,26.4,67.7,23.9,0.000,0.000,0.00,0.000,7.3,17.5,3.2,327,19,8.3,19.2,3.2,328,20,8.3,19.2,3.2,328,20,0,29.39,-0.0,0,0,0,47.4,49.5,51.1,0.29,0.22,0.17
SUFF,2019-11-08 01:45:00 EST,41.13038,-74.08987,584,33.3,33.1,25.2,65.5,23.0,0.000,0.000,0.00,0.000,9.5,16.3,3.0,327,24,10.4,16.2,2.9,330,23,10.4,16.2,2.9,330,23,0,29.39,-0.1,0,0,0,47.3,49.5,51.1,0.29,0.22,0.17
SUFF,2019-11-08 01:50:00 EST,41.13038,-74.08987,584,33.2,32.9,26.4,64.0,22.3,0.000,0.000,0.00,0.000,6.8,12.6,2.6,328,22,7.8,14.4,3.2,331,22,7.8,14.4,3.2,331,22,0,29.39,-0.0,0,0,0,47.3,49.5,51.1,0.29,0.22,0.17
SUFF,2019-11-08 01:55:00 EST,41.13038,-74.08987,584,33.0,32.9,26.6,62.9,21.8,0.000,0.000,0.00,0.000,6.4,12.1,2.1,320,21,7.2,16.5,2.5,323,23,7.2,16.5,2.5,323,23,0,29.39,-0.1,0,0,0,47.3,49.5,51.1,0.29,0.22,0.17
SUFF,2019-11-08 02:00:00 EST,41.13038,-74.08987,584,32.7,32.6,26.3,64.2,21.9,0.000,0.000,0.00,0.000,6.0,12.7,2.4,321,24,6.9,13.8,2.4,325,25,6.9,13.8,2.4,325,25,0,29.40,-0.0,0,0,0,47.3,49.5,51.1,0.29,0.22,0.17
SUFF,2019-11-08 02:05:00 EST,41.13038,-74.08987,584,32.7,32.5,25.9,63.4,21.6,0.000,0.000,0.00,0.000,6.9,11.5,2.1,298,26,7.6,12.7,2.2,300,25,7.6,12.7,2.2,300,25,0,29.40,-0.0,0,0,0,47.3,49.5,51.1,0.29,0.22,0.17
SUFF,2019-11-08 02:10:00 EST,41.13038,-74.08987,584,32.9,32.6,26.2,62.3,21.4,0.000,0.000,0.00,0.000,6.7,12.1,2.2,323,29,7.5,15.1,2.3,325,29,7.5,15.1,2.3,325,29,0,29.40,-0.1,0,0,0,47.2,49.5,51.1,0.29,0.22,0.17
SUFF,2019-11-08 02:15:00 EST,41.13038,-74.08987,584,32.3,32.2,25.8,64.8,21.8,0.000,0.000,0.00,0.000,6.2,13.1,2.5,360,26,7.0,15.0,2.7,2,23,7.0,15.0,2.7,2,23,0,29.40,-0.0,0,0,0,47.1,49.5,51.1,0.29,0.22,0.17
SUFF,2019-11-08 02:20:00 EST,41.13038,-74.08987,584,32.2,32.1,24.0,65.0,21.8,0.000,0.000,0.00,0.000,9.5,20.6,3.1,325,20,10.1,18.1,3.1,329,20,10.1,18.1,3.1,329,20,0,29.40,-0.1,0,0,0,47.1,49.5,51.1,0.29,0.22,0.17
SUFF,2019-11-08 02:25:00 EST,41.13038,-74.08987,584,32.3,32.1,23.6,59.2,19.7,0.000,0.000,0.00,0.000,10.5,19.0,3.6,321,16,11.2,21.1,3.7,325,16,11.2,21.1,3.7,325,16,0,29.40,-0.1,0,0,0,47.1,49.5,51.1,0.29,0.22,0.17
SUFF,2019-11-08 02:30:00 EST,41.13038,-74.08987,584,32.0,31.8,23.0,58.7,19.2,0.000,0.000,0.00,0.000,10.3,20.2,4.0,317,26,11.6,21.8,4.3,319,26,11.6,21.8,4.3,319,26,0,29.40,-0.1,0,0,0,47.1,49.5,51.1,0.29,0.22,0.17
SUFF,2019-11-08 02:35:00 EST,41.13038,-74.08987,584,31.9,31.6,23.6,57.9,18.7,0.000,0.000,0.00,0.000,9.0,14.4,2.2,330,27,10.0,17.4,2.5,333,25,10.0,17.4,2.5,333,25,0,29.40,-0.1,0,0,0,47.1,49.4,51.1,0.29,0.22,0.17
SUFF,2019-11-08 02:40:00 EST,41.13038,-74.08987,584,31.8,31.5,24.6,57.4,18.4,0.000,0.000,0.00,0.000,7.1,12.6,2.3,336,23,7.9,14.9,2.7,338,21,7.9,14.9,2.7,338,21,0,29.40,-0.0,0,0,0,47.1,49.4,51.1,0.29,0.22,0.17
SUFF,2019-11-08 02:45:00 EST,41.13038,-74.08987,584,31.5,31.4,24.3,58.0,18.4,0.000,0.000,0.00,0.000,7.1,13.4,2.1,343,27,8.0,16.5,2.5,346,26,8.0,16.5,2.5,346,26,0,29.40,-0.0,0,0,0,47.1,49.3,51.1,0.29,0.22,0.17
SUFF,2019-11-08 02:50:00 EST,41.13038,-74.08987,584,31.5,31.3,25.5,57.9,18.4,0.000,0.000,0.00,0.000,5.2,8.7,1.4,326,24,6.1,11.8,1.9,329,23,6.1,11.8,1.9,329,23,0,29.40,-0.1,0,0,0,47.1,49.3,51.1,0.29,0.22,0.17
SUFF,2019-11-08 02:55:00 EST,41.13038,-74.08987,584,31.4,31.2,23.3,58.0,18.3,0.000,0.000,0.00,0.000,8.0,13.4,2.9,346,23,9.3,15.8,3.1,350,23,9.3,15.8,3.1,350,23,0,29.40,-0.1,0,0,0,47.0,49.3,51.1,0.29,0.22,0.17
SUFF,2019-11-08 03:00:00 EST,41.13038,-74.08987,584,31.2,31.1,24.7,58.6,18.4,0.000,0.000,0.00,0.000,5.8,9.1,1.7,347,18,6.7,11.0,1.9,350,16,6.7,11.0,1.9,350,16,0,29.40,-0.1,0,0,0,46.9,49.3,51.1,0.29,0.22,0.17
SUFF,2019-11-08 03:05:00 EST,41.13038,-74.08987,584,31.0,30.9,25.3,60.0,18.7,0.000,0.000,0.00,0.000,4.9,8.1,1.6,13,26,5.6,9.6,1.7,15,24,5.6,9.6,1.7,15,24,0,29.40,-0.1,0,0,0,46.9,49.3,51.1,0.29,0.22,0.17
SUFF,2019-11-08 03:10:00 EST,41.13038,-74.08987,584,30.9,30.8,23.5,59.5,18.5,0.000,0.000,0.00,0.000,7.2,11.8,1.8,340,25,8.1,14.6,2.0,343,22,8.1,14.6,2.0,343,22,0,29.40,-0.1,0,0,0,46.9,49.3,51.1,0.29,0.22,0.17
SUFF,2019-11-08 03:15:00 EST,41.13038,-74.08987,584,30.9,30.7,24.5,59.6,18.4,0.000,0.000,0.00,0.000,5.5,10.9,2.1,4,22,6.5,13.7,2.3,6,21,6.5,13.7,2.3,6,21,0,29.40,-0.1,0,0,0,46.9,49.3,51.1,0.29,0.22,0.17
SUFF,2019-11-08 03:20:00 EST,41.13038,-74.08987,584,30.3,30.4,26.1,62.2,18.9,0.000,0.000,0.00,0.000,3.4,5.7,1.2,6,19,4.0,6.6,1.4,9,15,4.0,6.6,1.4,9,15,0,29.40,-0.1,0,0,0,46.8,49.3,51.1,0.29,0.22,0.17
SUFF,2019-11-08 03:25:00 EST,41.13038,-74.08987,584,30.4,30.4,25.4,61.7,18.9,0.000,0.000,0.00,0.000,4.3,6.9,1.2,12,17,4.9,8.1,1.4,13,15,4.9,8.1,1.4,13,15,0,29.40,-0.0,0,0,0,46.8,49.3,51.1,0.29,0.22,0.17
SUFF,2019-11-08 03:30:00 EST,41.13038,-74.08987,584,30.4,30.3,23.4,61.7,18.8,0.000,0.000,0.00,0.000,6.2,12.0,2.5,358,17,7.2,13.7,2.9,1,13,7.2,13.7,2.9,1,13,0,29.40,-0.0,0,0,0,46.8,49.3,51.1,0.29,0.22,0.17
SUFF,2019-11-08 03:35:00 EST,41.13038,-74.08987,584,30.1,30.1,24.7,62.2,18.8,0.000,0.000,0.00,0.000,4.3,8.2,1.6,7,19,5.2,11.5,2.0,9,16,5.2,11.5,2.0,9,16,0,29.40,-0.1,0,0,0,46.8,49.3,51.1,0.29,0.22,0.17
SUFF,2019-11-08 03:40:00 EST,41.13038,-74.08987,584,30.3,30.1,23.9,61.3,18.6,0.000,0.000,0.00,0.000,5.4,9.3,1.1,357,22,6.4,11.2,1.3,358,19,6.4,11.2,1.3,358,19,0,29.40,-0.0,0,0,0,46.8,49.3,51.1,0.29,0.22,0.17
SUFF,2019-11-08 03:45:00 EST,41.13038,-74.08987,584,30.2,30.1,23.7,61.9,18.7,0.000,0.000,0.00,0.000,5.7,9.2,1.8,4,21,6.5,11.5,1.9,6,19,6.5,11.5,1.9,6,19,0,29.39,0.0,0,0,0,46.8,49.3,51.1,0.29,0.22,0.17
SUFF,2019-11-08 03:50:00 EST,41.13038,-74.08987,584,30.2,30.0,24.5,61.7,18.6,0.000,0.000,0.00,0.000,4.5,10.0,2.0,348,22,5.5,13.6,2.4,350,16,5.5,13.6,2.4,350,16,0,29.39,-0.1,0,0,0,46.8,49.3,51.1,0.29,0.22,0.17
SUFF,2019-11-08 03:55:00 EST,41.13038,-74.08987,584,30.0,29.9,24.1,62.7,18.8,0.000,0.000,0.00,0.000,4.8,9.8,2.0,348,22,5.8,11.0,2.2,351,14,5.8,11.0,2.2,351,14,0,29.40,-0.1,0,0,0,46.6,49.3,51.1,0.29,0.22,0.17
SUFF,2019-11-08 04:00:00 EST,41.13038,-74.08987,584,29.8,29.7,25.2,62.9,18.7,0.000,0.000,0.00,0.000,3.7,6.2,1.1,356,14,4.3,7.6,1.3,358,12,4.3,7.6,1.3,358,12,0,29.40,-0.2,0,0,0,46.6,49.3,51.1,0.29,0.22,0.17
SUFF,2019-11-08 04:05:00 EST,41.13038,-74.08987,584,29.6,29.7,23.8,63.9,18.9,0.000,0.000,0.00,0.000,4.7,8.3,1.7,338,11,5.5,9.6,1.8,343,9,5.5,9.6,1.8,343,9,0,29.40,-0.1,0,0,0,46.6,49.3,51.1,0.29,0.22,0.17
SUFF,2019-11-08 04:10:00 EST,41.13038,-74.08987,584,29.7,29.7,25.0,63.7,18.9,0.000,0.000,0.00,0.000,3.6,6.4,1.2,357,16,4.4,7.3,1.3,359,13,4.4,7.3,1.3,359,13,0,29.40,-0.1,0,0,0,46.6,49.3,51.1,0.29,0.22,0.17
SUFF,2019-11-08 04:15:00 EST,41.13038,-74.08987,584,29.4,29.5,29.4,64.5,18.9,0.000,0.000,0.00,0.000,2.6,5.0,0.8,310,14,2.9,5.2,0.8,312,12,2.9,5.2,0.8,312,12,0,29.40,-0.1,0,0,0,46.6,49.3,51.1,0.29,0.22,0.17
SUFF,2019-11-08 04:20:00 EST,41.13038,-74.08987,584,29.1,29.4,29.1,66.3,19.3,0.000,0.000,0.00,0.000,2.3,3.5,0.6,312,15,2.6,5.9,0.8,313,16,2.6,5.9,0.8,313,16,0,29.40,-0.2,0,0,0,46.6,49.3,51.1,0.29,0.22,0.17
SUFF,2019-11-08 04:25:00 EST,41.13038,-74.08987,584,29.3,29.2,24.6,65.6,19.2,0.000,0.000,0.00,0.000,3.7,8.5,1.6,331,24,4.3,11.1,2.0,335,24,4.3,11.1,2.0,335,24,0,29.41,-0.1,0,0,0,46.4,49.3,51.1,0.29,0.22,0.17
SUFF,2019-11-08 04:30:00 EST,41.13038,-74.08987,584,29.2,29.3,23.9,65.2,18.9,0.000,0.000,0.00,0.000,4.2,8.5,1.8,322,21,4.9,9.3,2.0,326,22,4.9,9.3,2.0,326,22,0,29.41,-0.1,0,0,0,46.4,49.3,51.1,0.29,0.22,0.17
SUFF,2019-11-08 04:35:00 EST,41.13038,-74.08987,584,29.3,29.3,22.8,64.9,18.9,0.000,0.000,0.00,0.000,5.5,9.6,1.5,316,25,6.3,12.1,1.7,319,24,6.3,12.1,1.7,319,24,0,29.41,-0.2,0,0,0,46.4,49.3,51.1,0.29,0.22,0.17
SUFF,2019-11-08 04:40:00 EST,41.13038,-74.08987,584,29.5,29.3,21.9,64.0,18.8,0.000,0.000,0.00,0.000,7.1,11.5,1.7,312,18,7.9,12.3,1.9,316,18,7.9,12.3,1.9,316,18,0,29.41,-0.0,0,0,0,46.4,49.3,51.1,0.29,0.22,0.17
SUFF,2019-11-08 04:45:00 EST,41.13038,-74.08987,584,29.5,29.4,22.6,63.4,18.6,0.000,0.000,0.00,0.000,6.3,13.2,2.0,315,15,6.9,13.4,2.0,317,15,6.9,13.4,2.0,317,15,0,29.42,-0.0,0,0,0,46.4,49.2,51.1,0.29,0.22,0.17
SUFF,2019-11-08 04:50:00 EST,41.13038,-74.08987,584,29.4,29.3,23.2,63.8,18.6,0.000,0.000,0.00,0.000,5.3,8.6,1.7,320,23,5.8,9.7,1.9,323,23,5.8,9.7,1.9,323,23,0,29.42,-0.0,0,0,0,46.4,49.2,51.1,0.29,0.22,0.17
SUFF,2019-11-08 04:55:00 EST,41.13038,-74.08987,584,29.3,29.1,23.3,64.9,18.9,0.000,0.000,0.00,0.000,5.2,11.2,2.3,302,18,5.7,11.5,2.3,303,18,5.7,11.5,2.3,303,18,0,29.42,-0.0,0,0,0,46.3,49.2,51.1,0.29,0.22,0.17
SUFF,2019-11-08 05:00:00 EST,41.13038,-74.08987,584,29.0,29.0,23.9,65.8,19.0,0.000,0.000,0.00,0.000,4.3,8.4,1.7,308,16,4.7,8.5,1.8,309,16,4.7,8.5,1.8,309,16,0,29.42,-0.0,0,0,0,46.0,49.1,51.1,0.29,0.22,0.17
SUFF,2019-11-08 05:05:00 EST,41.13038,-74.08987,584,29.0,28.9,23.3,66.2,19.2,0.000,0.000,0.00,0.000,4.6,8.3,1.7,310,22,5.3,11.5,2.0,310,22,5.3,11.5,2.0,310,22,0,29.43,-0.0,0,0,0,46.0,49.1,51.1,0.29,0.22,0.17
SUFF,2019-11-08 05:10:00 EST,41.13038,-74.08987,584,29.2,29.1,22.9,66.6,19.4,0.000,0.000,0.00,0.000,5.3,10.0,1.8,309,21,5.9,10.0,1.8,312,21,5.9,10.0,1.8,312,21,0,29.43,0.0,0,0,0,46.0,49.1,51.1,0.29,0.22,0.17
SUFF,2019-11-08 05:15:00 EST,41.13038,-74.08987,584,29.3,29.1,22.8,66.1,19.3,0.000,0.000,0.00,0.000,5.5,10.4,1.6,316,20,6.2,10.7,1.7,320,19,6.2,10.7,1.7,320,19,0,29.43,-0.1,0,0,0,46.0,49.1,51.1,0.29,0.22,0.17
SUFF,2019-11-08 05:20:00 EST,41.13038,-74.08987,584,29.1,29.0,24.2,66.7,19.4,0.000,0.000,0.00,0.000,4.0,7.5,1.5,316,23,4.5,8.9,1.6,319,23,4.5,8.9,1.6,319,23,0,29.43,-0.1,0,0,0,46.0,49.1,51.0,0.29,0.22,0.17
SUFF,2019-11-08 05:25:00 EST,41.13038,-74.08987,584,28.8,28.8,23.5,67.3,19.4,0.000,0.000,0.00,0.000,4.2,7.6,1.6,299,23,4.9,8.9,1.8,299,21,4.9,8.9,1.8,299,21,0,29.43,-0.0,0,0,0,46.0,49.1,50.9,0.29,0.22,0.17
SUFF,2019-11-08 05:30:00 EST,41.13038,-74.08987,584,28.8,28.7,23.8,68.2,19.6,0.000,0.000,0.00,0.000,3.9,9.4,1.8,319,25,4.5,10.0,1.9,323,25,4.5,10.0,1.9,323,25,0,29.43,-0.0,0,0,0,45.9,49.1,51.1,0.29,0.22,0.17
SUFF,2019-11-08 05:35:00 EST,41.13038,-74.08987,584,28.7,28.7,23.5,68.4,19.6,0.000,0.000,0.00,0.000,4.2,8.5,1.7,327,28,4.7,10.2,1.9,329,28,4.7,10.2,1.9,329,28,0,29.43,-0.1,0,0,0,45.9,49.1,51.0,0.29,0.22,0.17
SUFF,2019-11-08 05:40:00 EST,41.13038,-74.08987,584,28.8,28.6,23.4,68.9,19.8,0.000,0.000,0.00,0.000,4.2,8.4,1.6,322,17,4.9,9.4,1.7,326,19,4.9,9.4,1.7,326,19,0,29.43,-0.1,0,0,0,45.9,49.1,51.1,0.29,0.22,0.17
SUFF,2019-11-08 05:45:00 EST,41.13038,-74.08987,584,28.2,28.4,24.6,70.3,19.8,0.000,0.000,0.00,0.000,3.0,6.2,1.1,318,22,3.3,6.7,1.2,319,24,3.3,6.7,1.2,319,24,0,29.43,0.0,0,0,0,45.9,49.1,51.1,0.29,0.22,0.17
SUFF,2019-11-08 05:50:00 EST,41.13038,-74.08987,584,28.7,28.6,21.7,69.8,20.1,0.000,0.000,0.00,0.000,6.1,10.7,2.0,312,19,6.8,11.4,2.0,313,20,6.8,11.4,2.0,313,20,0,29.44,-0.1,0,0,0,45.9,49.1,51.1,0.29,0.22,0.17
SUFF,2019-11-08 05:55:00 EST,41.13038,-74.08987,584,28.8,28.6,22.1,69.1,20.0,0.000,0.000,0.00,0.000,5.6,11.0,1.8,316,23,6.4,12.8,2.1,320,21,6.4,12.8,2.1,320,21,0,29.44,-0.0,0,0,0,45.9,49.1,51.0,0.29,0.22,0.17
SUFF,2019-11-08 06:00:00 EST,41.13038,-74.08987,584,28.8,28.7,22.2,68.5,19.7,0.000,0.000,0.00,0.000,5.7,10.1,1.4,318,19,6.3,10.4,1.6,320,19,6.3,10.4,1.6,320,19,0,29.44,-0.1,0,0,0,45.8,49.1,51.0,0.29,0.22,0.17
SUFF,2019-11-08 06:05:00 EST,41.13038,-74.08987,584,28.7,28.5,22.6,68.8,19.8,0.000,0.000,0.00,0.000,5.1,11.5,2.2,315,19,5.7,13.0,2.6,317,19,5.7,13.0,2.6,317,19,0,29.44,0.0,0,0,0,45.7,49.0,50.9,0.29,0.22,0.17
SUFF,2019-11-08 06:10:00 EST,41.13038,-74.08987,584,28.8,28.6,21.4,68.5,19.7,0.000,0.000,0.00,0.000,6.7,9.9,1.8,300,22,7.3,11.9,2.1,301,23,7.3,11.9,2.1,301,23,0,29.45,0.0,0,0,0,45.7,49.0,50.9,0.29,0.22,0.17
SUFF,2019-11-08 06:15:00 EST,41.13038,-74.08987,584,28.9,28.6,22.5,68.6,19.9,0.000,0.000,0.00,0.000,5.5,9.6,1.9,295,18,6.1,9.7,2.0,298,15,6.1,9.7,2.0,298,15,0,29.45,-0.0,0,0,0,45.7,49.0,50.8,0.29,0.22,0.17
SUFF,2019-11-08 06:20:00 EST,41.13038,-74.08987,584,28.9,28.6,22.5,69.4,20.1,0.000,0.000,0.00,0.000,5.4,8.8,1.7,306,22,6.1,9.8,1.7,306,22,6.1,9.8,1.7,306,22,0,29.45,-0.0,0,0,0,45.7,49.0,50.8,0.29,0.22,0.17
SUFF,2019-11-08 06:25:00 EST,41.13038,-74.08987,584,28.8,28.6,22.9,70.6,20.5,0.000,0.000,0.00,0.000,5.0,9.4,2.0,298,19,5.4,9.8,2.1,298,17,5.4,9.8,2.1,298,17,0,29.45,-0.0,0,0,0,45.7,48.7,50.7,0.29,0.22,0.17
SUFF,2019-11-08 06:30:00 EST,41.13038,-74.08987,584,28.8,28.5,23.1,71.0,20.6,0.000,0.000,0.00,0.000,4.7,10.4,2.1,309,22,5.2,11.4,2.1,310,20,5.2,11.4,2.1,310,20,1,29.45,-0.0,0,0,0,45.7,48.7,50.8,0.29,0.22,0.17
SUFF,2019-11-08 06:35:00 EST,41.13038,-74.08987,584,28.7,28.5,22.6,72.3,20.9,0.000,0.000,0.00,0.000,5.0,9.9,1.8,300,17,5.6,10.1,1.9,301,16,5.6,10.1,1.9,301,16,2,29.45,0.0,0,0,0,45.6,48.7,50.8,0.29,0.22,0.17
SUFF,2019-11-08 06:40:00 EST,41.13038,-74.08987,584,28.7,28.4,21.9,72.4,21.0,0.000,0.000,0.00,0.000,5.9,10.0,1.8,311,18,6.5,12.0,1.8,313,19,6.5,12.0,1.8,313,19,3,29.45,0.0,0,0,0,45.5,48.7,50.7,0.29,0.22,0.17
SUFF,2019-11-08 06:45:00 EST,41.13038,-74.08987,584,28.6,28.4,23.1,73.2,21.1,0.000,0.000,0.00,0.000,4.5,7.4,1.4,314,16,5.0,7.7,1.3,315,17,5.0,7.7,1.3,315,17,5,29.45,-0.0,0,0,0,45.5,48.7,50.8,0.29,0.22,0.17
SUFF,2019-11-08 06:50:00 EST,41.13038,-74.08987,584,28.5,28.3,24.0,73.0,21.0,0.000,0.000,0.00,0.000,3.5,5.4,1.3,295,23,4.1,6.1,1.3,297,22,4.1,6.1,1.3,297,22,8,29.45,-0.0,0,0,0,45.5,48.7,50.7,0.29,0.22,0.17
SUFF,2019-11-08 06:55:00 EST,41.13038,-74.08987,584,28.5,28.4,23.4,73.0,21.0,0.000,0.000,0.00,0.000,4.2,8.8,1.6,289,19,4.6,10.2,1.8,291,17,4.6,10.2,1.8,291,17,11,29.45,-0.1,0,0,0,45.5,48.7,50.7,0.29,0.22,0.17
SUFF,2019-11-08 07:00:00 EST,41.13038,-74.08987,584,28.4,28.3,24.2,73.7,21.0,0.000,0.000,0.00,0.000,3.2,6.9,1.0,296,25,3.7,7.7,1.2,298,25,3.7,7.7,1.2,298,25,13,29.45,-0.0,0,0,0,45.5,48.7,50.7,0.29,0.22,0.17
SUFF,2019-11-08 07:05:00 EST,41.13038,-74.08987,584,28.4,28.3,22.9,74.1,21.2,0.000,0.000,0.00,0.000,4.4,8.3,1.5,284,21,4.9,9.0,1.6,285,20,4.9,9.0,1.6,285,20,15,29.46,0.0,0,0,0,45.5,48.7,50.7,0.29,0.22,0.17
SUFF,2019-11-08 07:10:00 EST,41.13038,-74.08987,584,28.7,28.5,21.5,74.0,21.5,0.000,0.000,0.00,0.000,6.3,9.9,1.6,296,22,7.1,11.6,1.7,296,21,7.1,11.6,1.7,296,21,17,29.46,-0.0,0,0,0,45.5,48.7,50.7,0.29,0.22,0.17
SUFF,2019-11-08 07:15:00 EST,41.13038,-74.08987,584,28.9,28.7,20.6,73.5,21.5,0.000,0.000,0.00,0.000,8.2,14.1,2.7,300,17,8.9,15.4,2.6,301,15,8.9,15.4,2.6,301,15,18,29.46,-0.0,0,0,0,45.5,48.7,50.7,0.29,0.22,0.17
SUFF,2019-11-08 07:20:00 EST,41.13038,-74.08987,584,29.0,28.8,20.6,73.8,21.7,0.000,0.000,0.00,0.000,8.2,16.4,3.3,300,21,9.0,18.6,3.4,300,19,9.0,18.6,3.4,300,19,20,29.47,-0.0,0,0,0,45.5,48.7,50.7,0.29,0.22,0.17
SUFF,2019-11-08 07:25:00 EST,41.13038,-74.08987,584,29.2,28.9,20.4,74.1,21.9,0.000,0.000,0.00,0.000,9.0,17.0,2.6,305,17,9.6,16.9,2.5,307,17,9.6,16.9,2.5,307,17,21,29.47,0.0,0,0,0,45.4,48.7,50.7,0.29,0.22,0.17
SUFF,2019-11-08 07:30:00 EST,41.13038,-74.08987,584,29.3,29.0,19.5,74.1,22.1,0.000,0.000,0.00,0.000,10.8,16.8,3.0,299,16,11.8,17.7,3.0,298,14,11.8,17.7,3.0,298,14,24,29.47,-0.0,0,0,0,45.3,48.7,50.7,0.29,0.22,0.17
SUFF,2019-11-08 07:35:00 EST,41.13038,-74.08987,584,29.2,29.0,20.9,74.8,22.2,0.000,0.000,0.00,0.000,8.1,14.3,2.4,304,22,8.9,15.5,2.4,306,23,8.9,15.5,2.4,306,23,25,29.47,-0.0,0,0,0,45.3,48.7,50.7,0.29,0.22,0.17
SUFF,2019-11-08 07:40:00 EST,41.13038,-74.08987,584,29.3,29.1,21.7,74.9,22.3,0.000,0.000,0.00,0.000,6.9,11.9,2.2,303,29,7.7,14.0,2.5,304,28,7.7,14.0,2.5,304,28,30,29.47,-0.0,0,0,0,45.3,48.7,50.7,0.29,0.22,0.17
SUFF,2019-11-08 07:45:00 EST,41.13038,-74.08987,584,29.4,29.2,22.0,74.9,22.4,0.000,0.000,0.00,0.000,6.8,10.6,1.9,295,20,7.6,12.3,2.0,296,19,7.6,12.3,2.0,296,19,35,29.47,-0.0,0,0,0,45.3,48.7,50.7,0.29,0.22,0.17
SUFF,2019-11-08 07:50:00 EST,41.13038,-74.08987,584,29.5,29.3,22.3,74.7,22.5,0.000,0.000,0.00,0.000,6.6,10.5,1.5,300,24,7.3,10.5,1.7,302,23,7.3,10.5,1.7,302,23,37,29.48,0.0,0,0,0,45.3,48.7,50.7,0.29,0.22,0.17
SUFF,2019-11-08 07:55:00 EST,41.13038,-74.08987,584,29.8,29.5,21.6,74.3,22.6,0.000,0.000,0.00,0.000,8.2,13.6,2.5,307,16,8.9,14.1,2.4,307,17,8.9,14.1,2.4,307,17,51,29.48,0.0,0,0,0,45.3,48.7,50.7,0.29,0.22,0.17
SUFF,2019-11-08 08:00:00 EST,41.13038,-74.08987,584,29.8,29.5,21.3,74.2,22.6,0.000,0.000,0.00,0.000,8.4,17.3,3.6,294,23,9.5,18.5,3.7,294,21,9.5,18.5,3.7,294,21,40,29.48,-0.0,0,0,0,45.2,48.6,50.7,0.29,0.22,0.17
SUFF,2019-11-08 08:05:00 EST,41.13038,-74.08987,584,29.9,29.6,20.5,73.7,22.5,0.000,0.000,0.00,0.000,10.3,18.7,3.9,294,16,11.1,20.1,4.0,294,16,11.1,20.1,4.0,294,16,125,29.48,-0.0,0,0,0,45.2,48.6,50.7,0.29,0.22,0.17
SUFF,2019-11-08 08:10:00 EST,41.13038,-74.08987,584,30.2,29.9,21.9,73.1,22.6,0.000,0.000,0.00,0.000,8.3,15.6,3.1,296,22,9.2,15.8,3.2,298,22,9.2,15.8,3.2,298,22,178,29.48,-0.0,0,0,0,45.1,48.6,50.7,0.29,0.22,0.17
SUFF,2019-11-08 08:15:00 EST,41.13038,-74.08987,584,30.4,30.1,21.5,73.0,22.8,0.000,0.000,0.00,0.000,9.9,17.5,2.7,304,17,10.6,17.2,2.7,306,17,10.6,17.2,2.7,306,17,184,29.48,-0.0,0,0,0,45.1,48.6,50.7,0.29,0.22,0.17
SUFF,2019-11-08 08:20:00 EST,41.13038,-74.08987,584,30.6,30.2,21.0,72.2,22.7,0.000,0.000,0.00,0.000,11.1,15.1,2.3,301,21,12.0,17.9,2.5,303,21,12.0,17.9,2.5,303,21,151,29.48,-0.0,0,0,0,45.1,48.6,50.7,0.29,0.22,0.17
SUFF,2019-11-08 08:25:00 EST,41.13038,-74.08987,584,30.7,30.3,21.0,71.3,22.5,0.000,0.000,0.00,0.000,11.2,17.8,3.5,302,20,12.3,21.0,3.5,303,19,12.3,21.0,3.5,303,19,89,29.48,0.0,0,0,0,45.1,48.6,50.7,0.29,0.22,0.17
SUFF,2019-11-08 08:30:00 EST,41.13038,-74.08987,584,30.8,30.5,20.8,71.4,22.7,0.000,0.000,0.00,0.000,12.1,19.2,3.7,292,20,13.3,23.0,3.8,293,18,13.3,23.0,3.8,293,18,144,29.48,0.0,0,0,0,45.1,48.6,50.7,0.29,0.22,0.17
SUFF,2019-11-08 08:35:00 EST,41.13038,-74.08987,584,30.9,30.5,20.9,71.4,22.7,0.000,0.000,0.00,0.000,11.9,20.2,3.2,294,19,13.2,24.0,3.3,294,18,13.2,24.0,3.3,294,18,80,29.48,0.0,0,0,0,45.1,48.6,50.7,0.29,0.22,0.17
SUFF,2019-11-08 08:40:00 EST,41.13038,-74.08987,584,31.1,30.7,21.8,70.6,22.6,0.000,0.000,0.00,0.000,10.5,18.9,2.8,310,18,11.5,21.5,3.1,309,18,11.5,21.5,3.1,309,18,50,29.48,-0.0,0,0,0,45.1,48.6,50.7,0.29,0.22,0.17
SUFF,2019-11-08 08:45:00 EST,41.13038,-74.08987,584,31.3,31.0,21.9,69.8,22.6,0.000,0.000,0.00,0.000,11.0,21.3,4.5,298,18,12.1,22.9,4.5,300,17,12.1,22.9,4.5,300,17,72,29.48,0.0,0,0,0,45.1,48.6,50.7,0.29,0.22,0.17
SUFF,2019-11-08 08:50:00 EST,41.13038,-74.08987,584,31.3,30.9,21.1,68.6,22.2,0.000,0.000,0.00,0.000,12.6,22.1,4.1,298,20,13.9,24.0,3.9,298,20,13.9,24.0,3.9,298,20,111,29.48,0.0,0,0,0,45.1,48.6,50.7,0.29,0.22,0.17
SUFF,2019-11-08 08:55:00 EST,41.13038,-74.08987,584,31.6,31.1,22.3,68.7,22.5,0.000,0.000,0.00,0.000,11.0,19.1,3.0,300,20,12.0,19.2,3.1,301,20,12.0,19.2,3.1,301,20,250,29.48,-0.0,0,0,0,45.0,48.5,50.7,0.29,0.22,0.17
SUFF,2019-11-08 09:00:00 EST,41.13038,-74.08987,584,31.6,31.1,21.2,68.1,22.3,0.000,0.000,0.00,0.000,13.8,22.5,3.5,314,22,14.8,24.8,3.4,317,23,14.8,24.8,3.4,317,23,300,29.48,-0.0,0,0,0,45.0,48.5,50.7,0.29,0.22,0.17
SUFF,2019-11-08 09:05:00 EST,41.13038,-74.08987,584,31.8,31.3,22.6,66.8,22.0,0.000,0.000,0.00,0.000,10.9,18.5,3.3,303,18,11.8,22.0,3.5,304,18,11.8,22.0,3.5,304,18,295,29.48,0.0,0,0,0,45.0,48.4,50.7,0.29,0.22,0.17
SUFF,2019-11-08 09:10:00 EST,41.13038,-74.08987,584,32.2,31.6,22.2,66.0,22.1,0.000,0.000,0.00,0.000,12.8,24.3,4.3,294,18,14.0,24.8,4.4,296,16,14.0,24.8,4.4,296,16,358,29.48,-0.0,0,0,0,45.0,48.4,50.7,0.29,0.22,0.17
SUFF,2019-11-08 09:15:00 EST,41.13038,-74.08987,584,32.4,31.7,22.6,64.6,21.8,0.000,0.000,0.00,0.000,12.5,19.8,3.0,306,16,13.5,20.1,2.9,307,15,13.5,20.1,2.9,307,15,384,29.48,-0.0,0,0,0,45.0,48.4,50.7,0.29,0.22,0.17
SUFF,2019-11-08 09:20:00 EST,41.13038,-74.08987,584,32.5,31.9,23.3,64.8,21.9,0.000,0.000,0.00,0.000,11.0,16.7,3.0,314,26,12.2,18.8,3.0,317,28,12.2,18.8,3.0,317,28,346,29.48,-0.0,0,0,0,45.0,48.4,50.7,0.29,0.22,0.17
SUFF,2019-11-08 09:25:00 EST,41.13038,-74.08987,584,32.7,32.0,23.9,63.7,21.7,0.000,0.000,0.00,0.000,10.1,16.7,2.8,293,22,11.4,20.1,3.1,294,20,11.4,20.1,3.1,294,20,386,29.48,0.1,0,0,0,45.0,48.4,50.7,0.29,0.22,0.17
SUFF,2019-11-08 09:30:00 EST,41.13038,-74.08987,584,32.7,32.0,23.5,63.2,21.5,0.000,0.000,0.00,0.000,11.1,19.5,3.0,300,21,12.4,21.0,3.0,302,22,12.4,21.0,3.0,302,22,287,29.48,-0.0,0,0,0,45.0,48.4,50.7,0.29,0.22,0.17
SUFF,2019-11-08 09:35:00 EST,41.13038,-74.08987,584,32.9,32.3,24.3,62.7,21.6,0.000,0.000,0.00,0.000,9.9,21.2,3.8,312,21,11.2,23.1,4.0,311,23,11.2,23.1,4.0,311,23,319,29.49,-0.1,0,0,0,45.0,48.4,50.7,0.29,0.22,0.17
SUFF,2019-11-08 09:40:00 EST,41.13038,-74.08987,584,32.7,32.0,22.6,57.7,19.4,0.000,0.000,0.00,0.000,13.3,25.3,4.1,310,20,14.6,27.4,4.0,309,20,14.6,27.4,4.0,309,20,451,29.49,0.0,0,0,0,45.0,48.4,50.7,0.29,0.22,0.17
SUFF,2019-11-08 09:45:00 EST,41.13038,-74.08987,584,32.9,32.2,22.7,55.8,18.8,0.000,0.000,0.00,0.000,13.8,22.1,3.4,313,26,15.0,24.8,3.5,318,22,15.0,24.8,3.5,318,22,448,29.49,-0.0,0,0,0,45.0,48.4,50.7,0.29,0.22,0.17
SUFF,2019-11-08 09:50:00 EST,41.13038,-74.08987,584,32.9,32.2,22.3,53.6,17.9,0.000,0.000,0.00,0.000,15.4,25.8,3.5,303,17,16.3,28.3,3.7,303,16,16.3,28.3,3.7,303,16,454,29.49,0.0,0,0,0,45.0,48.4,50.7,0.29,0.22,0.17
SUFF,2019-11-08 09:55:00 EST,41.13038,-74.08987,584,32.9,32.2,22.0,51.9,17.1,0.000,0.000,0.00,0.000,15.9,27.1,4.6,312,18,17.0,28.5,4.8,311,18,17.0,28.5,4.8,311,18,416,29.49,-0.0,0,0,0,44.9,48.4,50.7,0.29,0.22,0.17
SUFF,2019-11-08 10:00:00 EST,41.13038,-74.08987,584,33.2,32.5,24.5,52.3,17.6,0.000,0.000,0.00,0.000,10.3,21.3,3.7,336,22,11.5,23.3,3.7,337,24,11.5,23.3,3.7,337,24,452,29.49,0.0,0,0,0,44.8,48.4,50.7,0.29,0.22,0.17
SUFF,2019-11-08 10:05:00 EST,41.13038,-74.08987,584,33.4,32.8,23.7,52.2,17.8,0.000,0.000,0.00,0.000,13.1,25.7,5.4,315,26,14.3,28.1,5.5,317,25,14.3,28.1,5.5,317,25,351,29.49,-0.0,0,0,0,44.8,48.4,50.7,0.29,0.22,0.17
SUFF,2019-11-08 10:10:00 EST,41.13038,-74.08987,584,33.3,32.5,23.9,50.7,16.9,0.000,0.000,0.00,0.000,11.9,24.7,4.0,299,24,13.2,26.0,3.9,300,21,13.2,26.0,3.9,300,21,462,29.50,0.1,0,0,0,44.9,48.3,50.7,0.29,0.22,0.17
SUFF,2019-11-08 10:15:00 EST,41.13038,-74.08987,584,33.9,33.1,23.9,51.0,17.6,0.000,0.000,0.00,0.000,14.0,22.7,4.2,311,28,15.3,24.2,4.2,314,26,15.3,24.2,4.2,314,26,454,29.50,-0.0,0,0,0,44.8,48.3,50.6,0.29,0.22,0.17
SUFF,2019-11-08 10:20:00 EST,41.13038,-74.08987,584,33.5,32.9,24.4,51.2,17.4,0.000,0.000,0.00,0.000,11.8,23.2,4.8,311,22,12.7,23.9,4.7,314,21,12.7,23.9,4.7,314,21,228,29.50,-0.1,0,0,0,44.8,48.2,50.6,0.29,0.22,0.17
SUFF,2019-11-08 10:25:00 EST,41.13038,-74.08987,584,33.5,32.8,24.2,52.2,17.8,0.000,0.000,0.00,0.000,11.9,22.5,4.1,310,27,13.1,24.6,4.5,313,26,13.1,24.6,4.5,313,26,293,29.50,-0.0,0,0,0,44.8,48.2,50.6,0.29,0.22,0.17
SUFF,2019-11-08 10:30:00 EST,41.13038,-74.08987,584,33.1,32.5,23.2,52.4,17.6,0.000,0.000,0.00,0.000,13.3,21.1,3.4,331,26,14.3,23.6,3.7,332,25,14.3,23.6,3.7,332,25,203,29.51,-0.0,0,0,0,44.8,48.2,50.6,0.29,0.22,0.17
SUFF,2019-11-08 10:35:00 EST,41.13038,-74.08987,584,32.6,32.1,22.8,51.6,16.7,0.000,0.000,0.00,0.000,12.6,23.0,3.9,322,25,13.7,26.3,3.9,325,25,13.7,26.3,3.9,325,25,260,29.51,0.0,0,0,0,44.9,48.2,50.6,0.29,0.22,0.17
SUFF,2019-11-08 10:40:00 EST,41.13038,-74.08987,584,32.6,31.9,22.1,49.3,15.7,0.000,0.000,0.00,0.000,14.3,23.8,4.1,306,21,15.6,26.9,4.5,307,21,15.6,26.9,4.5,307,21,388,29.51,0.0,0,0,0,45.0,48.2,50.5,0.29,0.22,0.17
SUFF,2019-11-08 10:45:00 EST,41.13038,-74.08987,584,33.0,32.3,22.2,48.2,15.5,0.000,0.000,0.00,0.000,15.8,23.2,4.2,313,20,16.9,24.7,4.3,315,22,16.9,24.7,4.3,315,22,533,29.50,0.0,0,0,0,45.0,48.2,50.5,0.29,0.22,0.17
SUFF,2019-11-08 10:50:00 EST,41.13038,-74.08987,584,33.5,32.8,23.9,48.7,16.2,0.000,0.000,0.00,0.000,12.6,22.6,4.4,319,21,13.9,23.4,4.6,320,24,13.9,23.4,4.6,320,24,498,29.50,0.0,0,0,0,45.0,48.2,50.5,0.29,0.22,0.17
SUFF,2019-11-08 10:55:00 EST,41.13038,-74.08987,584,33.9,33.1,24.1,48.7,16.6,0.000,0.000,0.00,0.000,13.5,22.4,3.3,328,24,14.8,23.1,3.3,332,24,14.8,23.1,3.3,332,24,543,29.50,0.1,0,0,0,45.0,48.2,50.5,0.29,0.22,0.17
SUFF,2019-11-08 11:00:00 EST,41.13038,-74.08987,584,33.5,32.9,23.3,49.2,16.4,0.000,0.000,0.00,0.000,14.3,30.5,5.8,311,23,15.5,30.6,5.4,315,23,15.5,30.6,5.4,315,23,282,29.50,0.0,0,0,0,45.0,48.2,50.5,0.29,0.22,0.17
SUFF,2019-11-08 11:05:00 EST,41.13038,-74.08987,584,33.2,32.6,23.2,48.7,15.9,0.000,0.000,0.00,0.000,13.9,23.4,3.5,318,18,14.9,24.1,3.7,320,19,14.9,24.1,3.7,320,19,401,29.51,0.0,0,0,0,45.0,48.2,50.5,0.29,0.22,0.17
SUFF,2019-11-08 11:10:00 EST,41.13038,-74.08987,584,33.8,33.1,24.0,47.4,15.8,0.000,0.000,0.00,0.000,13.5,23.5,4.4,310,21,14.7,24.3,4.3,312,21,14.7,24.3,4.3,312,21,540,29.51,0.1,0,0,0,45.0,48.2,50.5,0.29,0.22,0.17
SUFF,2019-11-08 11:15:00 EST,41.13038,-74.08987,584,33.9,33.2,25.0,47.5,16.0,0.000,0.000,0.00,0.000,11.0,18.6,2.5,321,24,12.3,20.2,2.5,325,23,12.3,20.2,2.5,325,23,478,29.50,-0.0,0,0,0,45.0,48.2,50.5,0.29,0.22,0.17
SUFF,2019-11-08 11:20:00 EST,41.13038,-74.08987,584,34.3,33.5,25.9,48.6,16.9,0.000,0.000,0.00,0.000,10.3,20.9,3.3,343,19,11.6,22.4,3.6,348,17,11.6,22.4,3.6,348,17,386,29.50,-0.1,0,0,0,45.0,48.2,50.5,0.29,0.22,0.17
SUFF,2019-11-08 11:25:00 EST,41.13038,-74.08987,584,33.7,32.9,24.5,50.4,17.2,0.000,0.000,0.00,0.000,11.6,20.9,3.8,336,21,12.8,21.6,4.1,342,17,12.8,21.6,4.1,342,17,363,29.50,-0.0,0,0,0,45.0,48.2,50.5,0.29,0.22,0.17
SUFF,2019-11-08 11:30:00 EST,41.13038,-74.08987,584,33.3,32.6,24.0,51.9,17.5,0.000,0.000,0.00,0.000,11.6,19.4,3.1,340,24,13.1,22.2,3.3,343,17,13.1,22.2,3.3,343,17,312,29.50,-0.1,0,0,0,45.0,48.2,50.5,0.29,0.22,0.17
SUFF,2019-11-08 11:35:00 EST,41.13038,-74.08987,584,32.7,32.2,23.2,52.1,17.1,0.000,0.000,0.00,0.000,11.8,24.5,4.4,331,23,13.2,25.6,4.6,333,22,13.2,25.6,4.6,333,22,286,29.50,-0.1,0,0,0,45.1,48.2,50.5,0.29,0.22,0.17
SUFF,2019-11-08 11:40:00 EST,41.13038,-74.08987,584,32.8,32.1,23.1,51.5,16.9,0.000,0.000,0.00,0.000,12.6,19.1,3.3,324,26,13.8,22.3,3.4,328,20,13.8,22.3,3.4,328,20,470,29.50,0.1,0,0,0,45.1,48.0,50.5,0.29,0.22,0.17
SUFF,2019-11-08 11:45:00 EST,41.13038,-74.08987,584,33.8,32.9,25.1,52.2,18.1,0.000,0.000,0.00,0.000,10.9,20.2,3.3,317,21,11.9,19.9,3.1,318,21,11.9,19.9,3.1,318,21,561,29.50,0.1,0,0,0,45.1,48.0,50.5,0.29,0.22,0.17
SUFF,2019-11-08 11:50:00 EST,41.13038,-74.08987,584,34.2,33.3,24.9,50.9,17.9,0.000,0.000,0.00,0.000,12.2,21.0,3.6,319,27,13.7,23.5,3.6,321,24,13.7,23.5,3.6,321,24,573,29.50,-0.2,0,0,0,45.1,48.0,50.5,0.29,0.22,0.17
SUFF,2019-11-08 11:55:00 EST,41.13038,-74.08987,584,33.7,32.9,23.0,47.2,15.7,0.000,0.000,0.00,0.000,16.1,26.7,4.7,315,17,17.2,31.2,5.1,317,17,17.2,31.2,5.1,317,17,582,29.50,-0.0,0,0,0,45.1,48.0,50.5,0.28,0.22,0.17
SUFF,2019-11-08 12:00:00 EST,41.13038,-74.08987,584,34.0,33.1,25.3,47.7,16.2,0.000,0.000,0.00,0.000,10.7,20.4,3.3,305,33,11.9,21.7,3.8,306,33,11.9,21.7,3.8,306,33,464,29.49,-0.1,0,0,0,45.1,48.0,50.5,0.28,0.22,0.17
SUFF,2019-11-08 12:05:00 EST,41.13038,-74.08987,584,34.1,33.2,24.3,47.0,16.0,0.000,0.000,0.00,0.000,13.8,25.4,4.8,305,17,14.9,25.9,4.7,306,17,14.9,25.9,4.7,306,17,526,29.49,0.0,0,0,0,45.1,48.0,50.5,0.28,0.22,0.17
SUFF,2019-11-08 12:10:00 EST,41.13038,-74.08987,584,34.2,33.3,24.9,47.5,16.3,0.000,0.000,0.00,0.000,12.1,25.1,4.9,301,19,13.5,24.9,4.9,302,18,13.5,24.9,4.9,302,18,541,29.49,-0.1,0,0,0,45.1,48.0,50.5,0.28,0.22,0.17
SUFF,2019-11-08 12:15:00 EST,41.13038,-74.08987,584,33.9,33.1,24.3,47.7,16.1,0.000,0.000,0.00,0.000,12.9,22.2,3.6,303,21,14.1,22.7,3.5,302,19,14.1,22.7,3.5,302,19,376,29.49,0.0,0,0,0,45.2,48.0,50.5,0.28,0.22,0.17
SUFF,2019-11-08 12:20:00 EST,41.13038,-74.08987,584,34.2,33.3,25.3,48.8,16.9,0.000,0.000,0.00,0.000,11.4,22.5,4.3,324,17,12.5,23.6,4.3,327,19,12.5,23.6,4.3,327,19,266,29.49,-0.1,0,0,0,45.3,48.0,50.5,0.28,0.22,0.17
SUFF,2019-11-08 12:25:00 EST,41.13038,-74.08987,584,33.0,32.4,22.4,48.4,15.6,0.000,0.000,0.00,0.000,15.1,24.2,3.3,332,21,16.5,24.8,3.4,336,19,16.5,24.8,3.4,336,19,243,29.49,-0.1,0,0,0,45.3,48.0,50.5,0.28,0.22,0.17
SUFF,2019-11-08 12:30:00 EST,41.13038,-74.08987,584,32.7,32.2,23.5,49.8,16.1,0.000,0.000,0.00,0.000,11.2,15.9,2.5,326,23,12.6,18.5,2.5,328,21,12.6,18.5,2.5,328,21,347,29.49,0.1,0,0,0,45.3,48.0,50.5,0.28,0.22,0.17
SUFF,2019-11-08 12:35:00 EST,41.13038,-74.08987,584,33.6,32.7,24.7,48.9,16.4,0.000,0.000,0.00,0.000,10.6,22.2,3.0,332,27,12.0,25.2,3.5,335,27,12.0,25.2,3.5,335,27,451,29.49,0.0,0,0,0,45.3,48.0,50.5,0.28,0.22,0.17
SUFF,2019-11-08 12:40:00 EST,41.13038,-74.08987,584,33.6,32.9,23.9,46.7,15.4,0.000,0.000,0.00,0.000,12.9,22.7,5.1,338,21,14.5,24.8,5.1,342,21,14.5,24.8,5.1,342,21,275,29.49,-0.1,0,0,0,45.3,48.0,50.5,0.28,0.22,0.17
SUFF,2019-11-08 12:45:00 EST,41.13038,-74.08987,584,33.2,32.6,24.1,45.3,14.3,0.000,0.000,0.00,0.000,11.4,21.3,3.9,324,17,12.4,22.2,4.0,326,17,12.4,22.2,4.0,326,17,289,29.49,-0.0,0,0,0,45.4,48.0,50.5,0.28,0.22,0.17
SUFF,2019-11-08 12:50:00 EST,41.13038,-74.08987,584,33.4,32.8,24.7,43.5,13.6,0.000,0.000,0.00,0.000,10.4,19.1,4.0,312,23,11.8,20.9,4.1,315,24,11.8,20.9,4.1,315,24,304,29.49,-0.1,0,0,0,45.5,48.0,50.5,0.28,0.22,0.17
SUFF,2019-11-08 12:55:00 EST,41.13038,-74.08987,584,33.4,32.6,24.1,43.6,13.6,0.000,0.000,0.00,0.000,11.9,21.0,3.8,304,22,13.1,22.0,3.8,305,23,13.1,22.0,3.8,305,23,467,29.49,-0.1,0,0,0,45.5,48.0,50.5,0.28,0.22,0.17
SUFF,2019-11-08 13:00:00 EST,41.13038,-74.08987,584,33.6,32.9,25.7,43.3,13.6,0.000,0.000,0.00,0.000,9.1,15.9,2.5,308,37,10.1,20.4,3.1,310,34,10.1,20.4,3.1,310,34,266,29.49,-0.0,0,0,0,45.5,48.0,50.5,0.28,0.22,0.17
SUFF,2019-11-08 13:05:00 EST,41.13038,-74.08987,584,33.3,32.8,22.7,40.4,11.8,0.000,0.000,0.00,0.000,14.9,29.5,4.3,339,21,16.5,33.2,5.0,344,18,16.5,33.2,5.0,344,18,101,29.49,-0.1,0,0,0,45.5,48.0,50.5,0.28,0.22,0.17
SUFF,2019-11-08 13:10:00 EST,41.13038,-74.08987,584,32.6,32.2,23.0,41.9,12.0,0.000,0.000,0.00,0.000,11.7,20.4,3.8,332,21,13.2,22.9,4.5,333,21,13.2,22.9,4.5,333,21,103,29.49,-0.0,0,0,0,45.5,48.0,50.5,0.29,0.22,0.17
SUFF,2019-11-08 13:15:00 EST,41.13038,-74.08987,584,33.4,32.7,24.6,41.2,12.3,0.000,0.000,0.00,0.000,10.5,18.9,3.0,320,27,11.9,20.2,3.0,322,23,11.9,20.2,3.0,322,23,486,29.49,0.1,0,0,0,45.5,48.0,50.5,0.29,0.22,0.17
SUFF,2019-11-08 13:20:00 EST,41.13038,-74.08987,584,34.2,33.4,24.4,40.0,12.4,0.000,0.000,0.00,0.000,13.5,30.2,5.1,349,27,15.2,31.6,5.0,350,24,15.2,31.6,5.0,350,24,506,29.49,0.1,0,0,0,45.5,48.0,50.5,0.28,0.22,0.17
SUFF,2019-11-08 13:25:00 EST,41.13038,-74.08987,584,34.6,33.8,26.3,40.6,13.1,0.000,0.000,0.00,0.000,9.9,16.5,2.6,321,23,11.4,19.0,2.6,324,24,11.4,19.0,2.6,324,24,483,29.49,0.0,0,0,0,45.5,48.0,50.5,0.29,0.22,0.17
SUFF,2019-11-08 13:30:00 EST,41.13038,-74.08987,584,34.4,33.6,25.5,39.2,12.1,0.000,0.000,0.00,0.000,11.7,24.8,4.7,293,19,12.8,24.6,4.9,294,18,12.8,24.6,4.9,294,18,478,29.49,-0.0,0,0,0,45.5,48.0,50.5,0.28,0.22,0.17
SUFF,2019-11-08 13:35:00 EST,41.13038,-74.08987,584,34.5,33.7,25.1,38.6,11.8,0.000,0.000,0.00,0.000,12.8,20.8,3.8,294,22,14.1,22.7,3.7,297,22,14.1,22.7,3.7,297,22,532,29.49,0.0,0,0,0,45.5,48.0,50.5,0.28,0.22,0.17
SUFF,2019-11-08 13:40:00 EST,41.13038,-74.08987,584,34.6,33.7,25.6,38.6,11.9,0.000,0.000,0.00,0.000,12.2,21.3,3.5,312,22,13.2,22.2,3.7,316,22,13.2,22.2,3.7,316,22,520,29.49,-0.1,0,0,0,45.5,48.0,50.5,0.29,0.22,0.17
SUFF,2019-11-08 13:45:00 EST,41.13038,-74.08987,584,34.7,33.9,25.5,39.4,12.5,0.000,0.000,0.00,0.000,12.9,20.0,2.9,296,17,13.8,22.1,3.2,297,16,13.8,22.1,3.2,297,16,515,29.50,0.0,0,0,0,45.5,48.0,50.5,0.29,0.22,0.17
SUFF,2019-11-08 13:50:00 EST,41.13038,-74.08987,584,35.0,34.1,28.4,39.9,13.0,0.000,0.000,0.00,0.000,7.3,12.5,2.9,305,27,8.2,15.1,3.0,307,26,8.2,15.1,3.0,307,26,515,29.49,0.1,0,0,0,45.5,48.0,50.5,0.29,0.22,0.17
SUFF,2019-11-08 13:55:00 EST,41.13038,-74.08987,584,35.6,34.5,28.2,40.4,13.8,0.000,0.000,0.00,0.000,8.4,14.2,2.6,316,22,9.8,16.4,2.9,317,23,9.8,16.4,2.9,317,23,501,29.49,-0.1,0,0,0,45.5,48.0,50.5,0.29,0.22,0.17
SUFF,2019-11-08 14:00:00 EST,41.13038,-74.08987,584,35.4,34.6,28.4,40.5,13.8,0.000,0.000,0.00,0.000,8.1,20.5,3.9,336,22,9.1,22.2,4.3,339,22,9.1,22.2,4.3,339,22,433,29.50,-0.1,0,0,0,45.5,48.0,50.5,0.29,0.22,0.17
SUFF,2019-11-08 14:05:00 EST,41.13038,-74.08987,584,34.4,33.6,25.0,40.0,12.6,0.000,0.000,0.00,0.000,12.7,21.9,3.5,354,20,14.2,23.5,3.7,356,17,14.2,23.5,3.7,356,17,458,29.50,0.0,0,0,0,45.5,48.0,50.5,0.29,0.22,0.17
SUFF,2019-11-08 14:10:00 EST,41.13038,-74.08987,584,34.7,33.8,26.2,40.3,13.0,0.000,0.000,0.00,0.000,10.7,18.4,3.4,360,17,12.0,21.6,3.8,2,15,12.0,21.6,3.8,2,15,399,29.50,-0.1,0,0,0,45.5,48.0,50.4,0.28,0.22,0.17
SUFF,2019-11-08 14:15:00 EST,41.13038,-74.08987,584,34.2,33.5,26.7,40.4,12.6,0.000,0.000,0.00,0.000,8.2,16.1,2.4,349,22,9.4,18.5,2.7,351,19,9.4,18.5,2.7,351,19,209,29.50,-0.0,0,0,0,45.5,48.0,50.4,0.28,0.22,0.17
SUFF,2019-11-08 14:20:00 EST,41.13038,-74.08987,584,33.8,33.2,25.3,41.4,12.8,0.000,0.000,0.00,0.000,10.0,21.0,3.6,346,16,11.4,24.3,4.0,349,16,11.4,24.3,4.0,349,16,241,29.50,0.0,0,0,0,45.5,48.0,50.4,0.28,0.22,0.17
SUFF,2019-11-08 14:25:00 EST,41.13038,-74.08987,584,33.9,33.2,25.6,42.1,13.3,0.000,0.000,0.00,0.000,9.7,20.8,4.2,353,22,11.2,21.8,4.7,356,18,11.2,21.8,4.7,356,18,214,29.51,-0.1,0,0,0,45.5,48.0,50.4,0.28,0.22,0.17
SUFF,2019-11-08 14:30:00 EST,41.13038,-74.08987,584,33.5,32.9,23.7,42.3,13.0,0.000,0.000,0.00,0.000,12.9,23.0,2.9,348,24,14.4,24.1,3.1,353,20,14.4,24.1,3.1,353,20,199,29.51,-0.1,0,0,0,45.6,48.0,50.4,0.28,0.22,0.17
SUFF,2019-11-08 14:35:00 EST,41.13038,-74.08987,584,33.3,32.8,24.1,41.9,12.6,0.000,0.000,0.00,0.000,11.4,18.8,3.3,341,15,12.7,22.4,3.7,345,13,12.7,22.4,3.7,345,13,166,29.51,-0.0,0,0,0,45.6,48.0,50.4,0.28,0.22,0.17
SUFF,2019-11-08 14:40:00 EST,41.13038,-74.08987,584,33.3,32.8,23.4,41.8,12.6,0.000,0.000,0.00,0.000,13.2,22.4,3.8,348,17,14.7,25.5,4.0,352,16,14.7,25.5,4.0,352,16,141,29.51,0.0,0,0,0,45.7,48.0,50.4,0.28,0.22,0.17
SUFF,2019-11-08 14:45:00 EST,41.13038,-74.08987,584,33.6,33.0,24.8,42.0,12.9,0.000,0.000,0.00,0.000,10.6,19.3,4.5,338,22,12.1,19.6,4.7,340,21,12.1,19.6,4.7,340,21,325,29.51,-0.0,0,0,0,45.7,48.0,50.4,0.28,0.22,0.17
SUFF,2019-11-08 14:50:00 EST,41.13038,-74.08987,584,33.8,33.2,24.8,41.3,12.8,0.000,0.000,0.00,0.000,11.3,17.3,2.8,343,23,12.7,20.2,3.3,350,15,12.7,20.2,3.3,350,15,345,29.51,0.0,0,0,0,45.7,48.0,50.4,0.28,0.22,0.17
SUFF,2019-11-08 14:55:00 EST,41.13038,-74.08987,584,34.3,33.5,25.8,41.1,13.1,0.000,0.000,0.00,0.000,10.5,21.1,3.8,350,25,11.7,24.1,4.5,353,17,11.7,24.1,4.5,353,17,350,29.52,-0.0,0,0,0,45.7,48.0,50.4,0.28,0.22,0.17
SUFF,2019-11-08 15:00:00 EST,41.13038,-74.08987,584,34.7,33.9,27.4,41.2,13.4,0.000,0.000,0.00,0.000,8.0,20.6,3.4,311,26,9.2,20.0,3.5,315,26,9.2,20.0,3.5,315,26,337,29.52,-0.1,0,0,0,45.7,48.0,50.4,0.28,0.22,0.17
SUFF,2019-11-08 15:05:00 EST,41.13038,-74.08987,584,34.1,33.5,24.9,39.5,12.0,0.000,0.000,0.00,0.000,12.2,21.2,3.7,333,27,13.4,21.5,4.1,338,20,13.4,21.5,4.1,338,20,290,29.52,-0.1,0,0,0,45.7,48.0,50.4,0.28,0.22,0.17
SUFF,2019-11-08 15:10:00 EST,41.13038,-74.08987,584,33.6,33.0,24.3,40.2,11.9,0.000,0.000,0.00,0.000,12.0,19.1,3.4,325,19,13.2,21.4,3.5,329,19,13.2,21.4,3.5,329,19,249,29.52,0.0,0,0,0,45.7,48.0,50.4,0.28,0.22,0.17
SUFF,2019-11-08 15:15:00 EST,41.13038,-74.08987,584,33.5,33.0,25.1,41.3,12.5,0.000,0.000,0.00,0.000,9.8,15.5,3.1,348,24,11.2,18.9,3.4,351,18,11.2,18.9,3.4,351,18,189,29.52,-0.1,0,0,0,45.7,48.0,50.4,0.28,0.22,0.17
SUFF,2019-11-08 15:20:00 EST,41.13038,-74.08987,584,33.1,32.6,24.6,42.8,12.9,0.000,0.000,0.00,0.000,9.6,17.1,3.3,351,26,10.9,21.2,3.4,353,20,10.9,21.2,3.4,353,20,104,29.52,-0.1,0,0,0,45.7,48.0,50.4,0.28,0.22,0.17
SUFF,2019-11-08 15:25:00 EST,41.13038,-74.08987,584,32.9,32.5,24.9,43.7,13.2,0.000,0.000,0.00,0.000,8.9,19.7,4.8,327,23,10.0,22.7,5.4,330,22,10.0,22.7,5.4,330,22,53,29.53,-0.1,0,0,0,45.7,48.0,50.4,0.28,0.22,0.17
SUFF,2019-11-08 15:30:00 EST,41.13038,-74.08987,584,32.6,32.2,23.8,43.9,13.0,0.000,0.000,0.00,0.000,10.3,18.3,3.7,326,25,11.4,21.7,4.0,330,23,11.4,21.7,4.0,330,23,44,29.53,-0.0,0,0,0,45.7,48.0,50.4,0.28,0.22,0.17
SUFF,2019-11-08 15:35:00 EST,41.13038,-74.08987,584,32.3,32.0,25.9,44.6,13.1,0.000,0.000,0.00,0.000,6.2,11.0,1.8,336,21,7.0,13.1,2.0,342,18,7.0,13.1,2.0,342,18,39,29.53,-0.1,0,0,0,45.7,48.0,50.4,0.28,0.22,0.17
SUFF,2019-11-08 15:40:00 EST,41.13038,-74.08987,584,32.2,32.0,27.8,45.7,13.6,0.000,0.000,0.00,0.000,4.0,8.8,1.6,328,23,4.5,11.2,1.9,331,23,4.5,11.2,1.9,331,23,46,29.53,-0.1,0,0,0,45.7,48.0,50.4,0.28,0.22,0.17
SUFF,2019-11-08 15:45:00 EST,41.13038,-74.08987,584,32.2,32.0,24.6,45.9,13.7,0.000,0.000,0.00,0.000,8.1,14.2,3.2,312,21,8.8,14.8,3.2,313,21,8.8,14.8,3.2,313,21,56,29.53,-0.0,0,0,0,45.7,48.0,50.4,0.28,0.22,0.17
SUFF,2019-11-08 15:50:00 EST,41.13038,-74.08987,584,32.3,32.0,24.1,45.7,13.7,0.000,0.000,0.00,0.000,9.1,16.4,2.7,311,27,10.0,17.1,2.9,314,26,10.0,17.1,2.9,314,26,83,29.54,-0.1,0,0,0,45.6,48.0,50.4,0.28,0.22,0.17
SUFF,2019-11-08 15:55:00 EST,41.13038,-74.08987,584,32.4,32.1,24.8,45.9,13.9,0.000,0.000,0.00,0.000,7.9,14.8,3.0,337,32,9.0,15.7,3.2,340,30,9.0,15.7,3.2,340,30,92,29.54,-0.0,0,0,0,45.5,48.0,50.4,0.28,0.22,0.17
SUFF,2019-11-08 16:00:00 EST,41.13038,-74.08987,584,32.3,32.0,24.5,47.1,14.3,0.000,0.000,0.00,0.000,8.1,17.2,3.4,343,25,9.1,17.5,3.8,345,25,9.1,17.5,3.8,345,25,43,29.54,-0.1,0,0,0,45.5,48.0,50.4,0.28,0.22,0.17
SUFF,2019-11-08 16:05:00 EST,41.13038,-74.08987,584,31.9,31.6,22.5,47.7,14.3,0.000,0.000,0.00,0.000,11.6,21.7,3.6,332,19,12.6,22.3,3.7,335,17,12.6,22.3,3.7,335,17,28,29.54,-0.1,0,0,0,45.5,48.0,50.4,0.28,0.22,0.16
SUFF,2019-11-08 16:10:00 EST,41.13038,-74.08987,584,31.8,31.5,25.1,48.4,14.5,0.000,0.000,0.00,0.000,6.5,13.6,2.5,332,23,7.2,15.0,2.8,336,24,7.2,15.0,2.8,336,24,22,29.54,-0.0,0,0,0,45.5,48.0,50.4,0.28,0.22,0.17
SUFF,2019-11-08 16:15:00 EST,41.13038,-74.08987,584,31.7,31.4,23.5,46.8,13.7,0.000,0.000,0.00,0.000,8.7,17.5,3.5,320,30,9.7,20.0,3.9,323,30,9.7,20.0,3.9,323,30,22,29.54,-0.1,0,0,0,45.5,48.0,50.4,0.28,0.22,0.17
SUFF,2019-11-08 16:20:00 EST,41.13038,-74.08987,584,31.5,31.3,23.1,44.7,12.5,0.000,0.000,0.00,0.000,9.2,15.6,2.8,325,29,10.1,16.5,3.0,326,28,10.1,16.5,3.0,326,28,20,29.54,-0.0,0,0,0,45.5,48.0,50.4,0.28,0.22,0.17
SUFF,2019-11-08 16:25:00 EST,41.13038,-74.08987,584,31.5,31.2,23.3,42.4,11.2,0.000,0.000,0.00,0.000,8.4,17.1,3.5,329,18,9.7,18.5,3.3,335,19,9.7,18.5,3.3,335,19,17,29.55,-0.1,0,0,0,45.5,48.0,50.4,0.28,0.22,0.16
SUFF,2019-11-08 16:30:00 EST,41.13038,-74.08987,584,31.3,31.1,22.7,43.1,11.4,0.000,0.000,0.00,0.000,9.1,19.3,2.8,321,21,10.3,19.9,3.0,324,21,10.3,19.9,3.0,324,21,14,29.55,-0.1,0,0,0,45.5,48.0,50.4,0.28,0.22,0.17
SUFF,2019-11-08 16:35:00 EST,41.13038,-74.08987,584,31.3,31.1,22.7,43.1,11.4,0.000,0.000,0.00,0.000,9.1,18.3,3.0,314,28,10.4,20.5,3.6,317,26,10.4,20.5,3.6,317,26,11,29.55,-0.1,0,0,0,45.5,48.0,50.4,0.28,0.22,0.16
SUFF,2019-11-08 16:40:00 EST,41.13038,-74.08987,584,31.1,30.9,22.8,43.5,11.5,0.000,0.000,0.00,0.000,8.9,16.4,2.7,301,23,9.8,17.1,2.8,306,21,9.8,17.1,2.8,306,21,9,29.55,-0.1,0,0,0,45.3,48.0,50.4,0.28,0.22,0.17
SUFF,2019-11-08 16:45:00 EST,41.13038,-74.08987,584,31.1,30.8,24.4,43.7,11.5,0.000,0.000,0.00,0.000,6.0,11.1,2.2,327,21,6.9,13.8,2.4,329,21,6.9,13.8,2.4,329,21,6,29.56,-0.0,0,0,0,45.3,48.0,50.4,0.28,0.22,0.16
SUFF,2019-11-08 16:50:00 EST,41.13038,-74.08987,584,30.9,30.7,24.3,43.5,11.2,0.000,0.000,0.00,0.000,6.0,14.3,3.0,327,28,6.9,14.3,3.2,331,27,6.9,14.3,3.2,331,27,4,29.56,-0.1,0,0,0,45.3,48.0,50.4,0.28,0.22,0.16
SUFF,2019-11-08 16:55:00 EST,41.13038,-74.08987,584,30.9,30.7,22.7,42.5,10.7,0.000,0.000,0.00,0.000,8.3,13.9,2.0,317,24,9.3,15.6,2.3,319,23,9.3,15.6,2.3,319,23,2,29.56,-0.1,0,0,0,45.3,48.0,50.4,0.28,0.22,0.16
SUFF,2019-11-08 17:00:00 EST,41.13038,-74.08987,584,30.7,30.5,24.1,43.8,11.2,0.000,0.000,0.00,0.000,6.0,14.1,2.3,315,25,6.8,15.5,2.3,318,21,6.8,15.5,2.3,318,21,1,29.56,-0.1,0,0,0,45.3,48.0,50.4,0.28,0.22,0.16
SUFF,2019-11-08 17:05:00 EST,41.13038,-74.08987,584,30.8,30.5,23.0,43.4,11.1,0.000,0.000,0.00,0.000,7.7,12.2,1.8,329,28,8.6,13.5,2.1,333,26,8.6,13.5,2.1,333,26,0,29.57,-0.0,0,0,0,45.3,48.0,50.4,0.28,0.22,0.16
SUFF,2019-11-08 17:10:00 EST,41.13038,-74.08987,584,30.5,30.4,23.3,44.6,11.5,0.000,0.000,0.00,0.000,7.1,12.2,2.4,330,25,7.7,13.1,2.5,332,26,7.7,13.1,2.5,332,26,0,29.57,-0.1,0,0,0,45.2,48.0,50.3,0.28,0.22,0.16
SUFF,2019-11-08 17:15:00 EST,41.13038,-74.08987,584,30.5,30.3,23.1,45.0,11.6,0.000,0.000,0.00,0.000,7.1,12.3,2.4,328,17,7.7,12.9,2.6,331,18,7.7,12.9,2.6,331,18,0,29.57,-0.0,0,0,0,45.1,48.0,50.3,0.28,0.22,0.17
SUFF,2019-11-08 17:20:00 EST,41.13038,-74.08987,584,30.6,30.3,21.8,45.1,11.8,0.000,0.000,0.00,0.000,9.5,15.9,3.0,335,20,10.4,18.9,3.5,339,18,10.4,18.9,3.5,339,18,0,29.57,-0.0,0,0,0,45.1,48.0,50.3,0.28,0.22,0.16
SUFF,2019-11-08 17:25:00 EST,41.13038,-74.08987,584,30.6,30.3,21.6,45.5,12.0,0.000,0.000,0.00,0.000,9.7,15.1,2.6,311,18,10.6,16.2,2.8,314,18,10.6,16.2,2.8,314,18,0,29.58,-0.1,0,0,0,45.1,48.0,50.3,0.28,0.22,0.16
SUFF,2019-11-08 17:30:00 EST,41.13038,-74.08987,584,30.4,30.1,21.2,46.6,12.3,0.000,0.000,0.00,0.000,10.1,17.4,2.5,313,24,11.0,19.6,2.6,317,21,11.0,19.6,2.6,317,21,0,29.58,-0.1,0,0,0,45.1,48.0,50.3,0.28,0.22,0.17
SUFF,2019-11-08 17:35:00 EST,41.13038,-74.08987,584,30.3,30.0,21.1,47.7,12.8,0.000,0.000,0.00,0.000,10.2,16.1,2.2,304,20,11.0,17.2,2.4,306,21,11.0,17.2,2.4,306,21,0,29.58,-0.0,0,0,0,45.1,48.0,50.3,0.28,0.22,0.16
SUFF,2019-11-08 17:40:00 EST,41.13038,-74.08987,584,30.0,29.9,23.0,48.7,13.0,0.000,0.000,0.00,0.000,6.4,14.1,2.2,305,20,7.2,13.8,2.4,304,18,7.2,13.8,2.4,304,18,0,29.58,-0.0,0,0,0,45.0,48.0,50.3,0.28,0.22,0.16
SUFF,2019-11-08 17:45:00 EST,41.13038,-74.08987,584,29.8,29.7,22.3,49.7,13.3,0.000,0.000,0.00,0.000,6.9,15.1,2.9,305,21,7.8,17.7,3.0,306,22,7.8,17.7,3.0,306,22,0,29.58,-0.1,0,0,0,45.0,48.0,50.2,0.28,0.22,0.16
SUFF,2019-11-08 17:50:00 EST,41.13038,-74.08987,584,30.0,29.8,21.9,50.0,13.6,0.000,0.000,0.00,0.000,8.3,12.2,1.6,307,15,8.9,13.1,1.8,307,15,8.9,13.1,1.8,307,15,0,29.59,-0.1,0,0,0,45.0,48.0,50.2,0.28,0.22,0.16
SUFF,2019-11-08 17:55:00 EST,41.13038,-74.08987,584,29.9,29.7,22.0,50.2,13.6,0.000,0.000,0.00,0.000,7.5,15.1,2.3,316,20,8.5,18.1,2.6,318,21,8.5,18.1,2.6,318,21,0,29.59,-0.0,0,0,0,45.0,48.0,50.2,0.28,0.22,0.17
SUFF,2019-11-08 18:00:00 EST,41.13038,-74.08987,584,29.9,29.7,23.0,50.5,13.7,0.000,0.000,0.00,0.000,6.2,13.8,2.3,297,22,6.9,13.6,2.2,296,20,6.9,13.6,2.2,296,20,0,29.60,-0.1,0,0,0,45.0,47.9,50.2,0.28,0.22,0.16
SUFF,2019-11-08 18:05:00 EST,41.13038,-74.08987,584,29.7,29.6,22.9,51.1,13.8,0.000,0.000,0.00,0.000,5.9,10.0,1.9,332,21,6.8,11.2,2.1,336,22,6.8,11.2,2.1,336,22,0,29.60,-0.1,0,0,0,44.8,47.9,50.2,0.28,0.22,0.16
SUFF,2019-11-08 18:10:00 EST,41.13038,-74.08987,584,29.5,29.5,23.3,51.7,13.9,0.000,0.000,0.00,0.000,5.3,12.0,2.8,313,26,6.0,13.0,3.0,316,26,6.0,13.0,3.0,316,26,0,29.60,-0.1,0,0,0,44.8,47.9,50.2,0.28,0.22,0.16
SUFF,2019-11-08 18:15:00 EST,41.13038,-74.08987,584,29.7,29.4,21.6,51.4,13.9,0.000,0.000,0.00,0.000,7.9,15.9,3.1,316,18,8.6,16.8,3.1,318,19,8.6,16.8,3.1,318,19,0,29.61,-0.1,0,0,0,44.8,47.9,50.2,0.28,0.22,0.17
SUFF,2019-11-08 18:20:00 EST,41.13038,-74.08987,584,29.6,29.4,21.6,50.9,13.6,0.000,0.000,0.00,0.000,7.8,13.9,2.6,313,27,8.6,15.4,2.9,316,27,8.6,15.4,2.9,316,27,0,29.61,-0.1,0,0,0,44.8,47.9,50.2,0.28,0.22,0.17
SUFF,2019-11-08 18:25:00 EST,41.13038,-74.08987,584,29.6,29.3,21.0,50.7,13.5,0.000,0.000,0.00,0.000,8.8,12.2,2.0,326,20,9.5,14.3,2.1,328,21,9.5,14.3,2.1,328,21,0,29.61,-0.0,0,0,0,44.8,47.8,50.2,0.28,0.22,0.17
SUFF,2019-11-08 18:30:00 EST,41.13038,-74.08987,584,29.4,29.2,21.5,51.0,13.5,0.000,0.000,0.00,0.000,7.5,14.1,2.8,310,18,8.2,14.1,2.7,312,20,8.2,14.1,2.7,312,20,0,29.61,-0.0,0,0,0,44.8,47.8,50.2,0.28,0.22,0.17
SUFF,2019-11-08 18:35:00 EST,41.13038,-74.08987,584,29.3,29.1,22.0,50.7,13.2,0.000,0.000,0.00,0.000,6.5,12.6,1.9,324,20,7.3,14.0,1.9,327,19,7.3,14.0,1.9,327,19,0,29.61,-0.1,0,0,0,44.7,47.8,50.2,0.28,0.22,0.17
SUFF,2019-11-08 18:40:00 EST,41.13038,-74.08987,584,29.2,29.1,20.8,51.1,13.4,0.000,0.000,0.00,0.000,8.2,13.0,2.4,321,18,9.1,14.7,2.6,323,18,9.1,14.7,2.6,323,18,0,29.62,0.0,0,0,0,44.6,47.8,50.2,0.28,0.22,0.17
SUFF,2019-11-08 18:45:00 EST,41.13038,-74.08987,584,29.3,29.0,21.8,50.9,13.3,0.000,0.000,0.00,0.000,7.1,10.7,1.7,314,20,7.6,10.7,1.6,316,17,7.6,10.7,1.6,316,17,0,29.62,-0.0,0,0,0,44.6,47.8,50.2,0.28,0.22,0.17
SUFF,2019-11-08 18:50:00 EST,41.13038,-74.08987,584,29.0,28.8,21.9,51.7,13.4,0.000,0.000,0.00,0.000,6.3,11.5,2.1,315,19,7.0,13.0,2.2,317,19,7.0,13.0,2.2,317,19,0,29.62,0.0,0,0,0,44.6,47.8,50.2,0.28,0.22,0.17
SUFF,2019-11-08 18:55:00 EST,41.13038,-74.08987,584,29.0,28.8,20.8,52.1,13.6,0.000,0.000,0.00,0.000,7.8,12.9,1.9,325,17,8.6,13.5,2.0,328,18,8.6,13.5,2.0,328,18,0,29.62,-0.1,0,0,0,44.6,47.8,50.2,0.28,0.22,0.17
SUFF,2019-11-08 19:00:00 EST,41.13038,-74.08987,584,29.1,28.8,20.2,52.0,13.6,0.000,0.000,0.00,0.000,9.1,14.4,2.4,312,15,9.8,15.6,2.4,315,16,9.8,15.6,2.4,315,16,0,29.62,-0.0,0,0,0,44.6,47.8,50.2,0.28,0.22,0.17
SUFF,2019-11-08 19:05:00 EST,41.13038,-74.08987,584,28.7,28.6,22.3,53.0,13.7,0.000,0.000,0.00,0.000,5.4,8.7,1.4,324,17,6.1,9.9,1.5,326,18,6.1,9.9,1.5,326,18,0,29.62,-0.0,0,0,0,44.6,47.8,50.2,0.28,0.22,0.17
SUFF,2019-11-08 19:10:00 EST,41.13038,-74.08987,584,28.5,28.4,22.5,53.5,13.7,0.000,0.000,0.00,0.000,4.9,10.4,1.8,318,20,5.5,12.5,2.0,320,21,5.5,12.5,2.0,320,21,0,29.62,0.0,0,0,0,44.4,47.8,50.2,0.28,0.22,0.17
SUFF,2019-11-08 19:15:00 EST,41.13038,-74.08987,584,28.5,28.3,21.0,53.8,13.9,0.000,0.000,0.00,0.000,6.7,11.4,2.4,318,25,7.5,13.4,2.4,321,24,7.5,13.4,2.4,321,24,0,29.62,-0.0,0,0,0,44.4,47.8,50.2,0.28,0.22,0.17
SUFF,2019-11-08 19:20:00 EST,41.13038,-74.08987,584,28.5,28.2,20.0,54.1,14.0,0.000,0.000,0.00,0.000,7.9,16.1,2.7,323,19,8.9,14.5,2.6,326,19,8.9,14.5,2.6,326,19,0,29.63,-0.0,0,0,0,44.4,47.8,50.2,0.28,0.22,0.17
SUFF,2019-11-08 19:25:00 EST,41.13038,-74.08987,584,28.5,28.3,20.0,53.7,13.8,0.000,0.000,0.00,0.000,8.2,13.2,2.1,316,19,9.0,16.0,2.3,317,17,9.0,16.0,2.3,317,17,0,29.63,-0.0,0,0,0,44.4,47.8,50.2,0.28,0.22,0.17
SUFF,2019-11-08 19:30:00 EST,41.13038,-74.08987,584,28.3,28.1,21.3,54.1,13.8,0.000,0.000,0.00,0.000,5.6,11.5,2.1,330,28,6.6,13.4,2.3,332,24,6.6,13.4,2.3,332,24,0,29.63,-0.1,0,0,0,44.4,47.8,50.2,0.28,0.22,0.17
SUFF,2019-11-08 19:35:00 EST,41.13038,-74.08987,584,28.1,28.0,21.9,54.5,13.8,0.000,0.000,0.00,0.000,5.2,10.6,1.3,325,22,5.7,10.7,1.5,329,20,5.7,10.7,1.5,329,20,0,29.63,-0.1,0,0,0,44.4,47.8,50.2,0.28,0.22,0.17
SUFF,2019-11-08 19:40:00 EST,41.13038,-74.08987,584,28.0,27.9,20.0,54.9,13.9,0.000,0.000,0.00,0.000,7.2,14.0,2.5,311,19,8.0,15.2,2.6,313,19,8.0,15.2,2.6,313,19,0,29.63,0.1,0,0,0,44.3,47.8,50.2,0.28,0.22,0.17
SUFF,2019-11-08 19:45:00 EST,41.13038,-74.08987,584,28.3,28.0,18.9,54.0,13.8,0.000,0.000,0.00,0.000,9.7,14.9,2.3,315,19,10.5,16.9,2.6,316,20,10.5,16.9,2.6,316,20,0,29.63,-0.0,0,0,0,44.1,47.8,50.2,0.28,0.22,0.17
SUFF,2019-11-08 19:50:00 EST,41.13038,-74.08987,584,28.2,27.9,18.9,54.3,13.8,0.000,0.000,0.00,0.000,9.3,15.9,2.6,324,20,10.2,17.3,2.8,328,18,10.2,17.3,2.8,328,18,0,29.63,0.0,0,0,0,44.1,47.8,50.2,0.28,0.22,0.17
SUFF,2019-11-08 19:55:00 EST,41.13038,-74.08987,584,28.1,27.8,20.9,54.4,13.7,0.000,0.000,0.00,0.000,6.0,12.2,2.1,310,24,6.8,14.7,2.6,312,22,6.8,14.7,2.6,312,22,0,29.63,-0.0,0,0,0,44.1,47.8,50.2,0.28,0.22,0.17
SUFF,2019-11-08 20:00:00 EST,41.13038,-74.08987,584,28.0,27.7,19.9,54.8,13.8,0.000,0.000,0.00,0.000,7.2,17.3,3.5,319,19,8.0,18.9,3.6,324,21,8.0,18.9,3.6,324,21,0,29.63,0.0,0,0,0,44.1,47.8,50.2,0.28,0.22,0.17
SUFF,2019-11-08 20:05:00 EST,41.13038,-74.08987,584,27.9,27.7,19.9,55.2,13.9,0.000,0.000,0.00,0.000,7.2,12.6,2.0,307,20,7.9,14.5,2.2,310,20,7.9,14.5,2.2,310,20,0,29.63,-0.1,0,0,0,44.1,47.8,50.2,0.28,0.22,0.17
SUFF,2019-11-08 20:10:00 EST,41.13038,-74.08987,584,27.8,27.6,20.5,56.1,14.1,0.000,0.000,0.00,0.000,6.0,12.8,2.4,311,23,6.8,13.9,2.4,312,22,6.8,13.9,2.4,312,22,0,29.64,-0.0,0,0,0,43.9,47.8,50.2,0.28,0.22,0.17
SUFF,2019-11-08 20:15:00 EST,41.13038,-74.08987,584,27.6,27.4,20.9,56.9,14.3,0.000,0.000,0.00,0.000,5.4,12.7,2.3,300,19,6.1,14.2,2.5,303,18,6.1,14.2,2.5,303,18,0,29.64,0.0,0,0,0,43.9,47.6,50.2,0.28,0.22,0.17
SUFF,2019-11-08 20:20:00 EST,41.13038,-74.08987,584,27.4,27.3,21.2,57.4,14.3,0.000,0.000,0.00,0.000,4.8,10.0,2.0,304,28,5.5,10.5,1.9,306,26,5.5,10.5,1.9,306,26,0,29.64,-0.1,0,0,0,43.9,47.5,50.2,0.28,0.22,0.17
SUFF,2019-11-08 20:25:00 EST,41.13038,-74.08987,584,27.3,27.2,20.5,57.6,14.3,0.000,0.000,0.00,0.000,5.5,11.8,1.9,307,22,6.2,10.5,2.1,309,23,6.2,10.5,2.1,309,23,0,29.64,-0.1,0,0,0,43.9,47.5,50.2,0.28,0.22,0.17
SUFF,2019-11-08 20:30:00 EST,41.13038,-74.08987,584,27.4,27.2,20.0,57.2,14.2,0.000,0.000,0.00,0.000,6.2,13.8,2.6,310,25,7.0,13.9,2.5,312,27,7.0,13.9,2.5,312,27,0,29.65,-0.0,0,0,0,43.9,47.5,50.2,0.28,0.22,0.17
SUFF,2019-11-08 20:35:00 EST,41.13038,-74.08987,584,27.4,27.2,20.8,56.9,14.1,0.000,0.000,0.00,0.000,5.0,11.8,2.2,330,21,6.0,13.5,2.4,334,21,6.0,13.5,2.4,334,21,0,29.65,-0.0,0,0,0,43.9,47.5,50.2,0.28,0.22,0.17
SUFF,2019-11-08 20:40:00 EST,41.13038,-74.08987,584,27.3,27.1,19.2,57.1,14.1,0.000,0.000,0.00,0.000,6.8,13.3,2.0,327,30,7.9,16.6,2.3,330,29,7.9,16.6,2.3,330,29,0,29.65,-0.0,0,0,0,43.9,47.5,50.2,0.28,0.22,0.17
SUFF,2019-11-08 20:45:00 EST,41.13038,-74.08987,584,27.1,27.1,19.0,57.2,14.0,0.000,0.000,0.00,0.000,7.1,11.5,2.1,307,15,7.8,13.4,2.2,308,14,7.8,13.4,2.2,308,14,0,29.65,0.0,0,0,0,43.8,47.5,50.2,0.28,0.22,0.17
SUFF,2019-11-08 20:50:00 EST,41.13038,-74.08987,584,27.2,27.0,18.8,57.5,14.1,0.000,0.000,0.00,0.000,7.3,11.7,1.6,316,20,8.3,12.9,1.8,319,21,8.3,12.9,1.8,319,21,0,29.65,-0.0,0,0,0,43.8,47.5,50.2,0.28,0.22,0.17
SUFF,2019-11-08 20:55:00 EST,41.13038,-74.08987,584,27.1,26.9,19.8,57.8,14.2,0.000,0.000,0.00,0.000,6.2,10.4,1.5,313,20,6.7,11.5,1.8,314,19,6.7,11.5,1.8,314,19,0,29.65,-0.1,0,0,0,43.7,47.5,50.2,0.28,0.22,0.17
SUFF,2019-11-08 21:00:00 EST,41.13038,-74.08987,584,27.0,26.9,18.8,58.2,14.3,0.000,0.000,0.00,0.000,7.3,13.3,2.2,322,20,8.0,14.5,2.3,325,21,8.0,14.5,2.3,325,21,0,29.65,-0.0,0,0,0,43.7,47.5,50.2,0.28,0.22,0.17
SUFF,2019-11-08 21:05:00 EST,41.13038,-74.08987,584,27.0,26.8,20.1,58.3,14.3,0.000,0.000,0.00,0.000,5.6,8.9,1.4,319,11,6.1,9.1,1.4,321,11,6.1,9.1,1.4,321,11,0,29.66,-0.1,0,0,0,43.7,47.5,50.2,0.28,0.22,0.17
SUFF,2019-11-08 21:10:00 EST,41.13038,-74.08987,584,26.9,26.8,18.2,58.9,14.4,0.000,0.000,0.00,0.000,8.0,11.7,1.6,322,17,8.7,13.6,1.8,325,19,8.7,13.6,1.8,325,19,0,29.66,0.0,0,0,0,43.7,47.5,50.2,0.28,0.22,0.17
SUFF,2019-11-08 21:15:00 EST,41.13038,-74.08987,584,26.9,26.7,17.8,59.3,14.6,0.000,0.000,0.00,0.000,8.7,14.2,1.7,309,15,9.3,15.0,1.8,311,15,9.3,15.0,1.8,311,15,0,29.66,-0.0,0,0,0,43.7,47.5,50.2,0.28,0.22,0.17
SUFF,2019-11-08 21:20:00 EST,41.13038,-74.08987,584,26.7,26.6,18.4,60.4,14.8,0.000,0.000,0.00,0.000,7.1,12.4,2.4,301,19,8.0,13.3,2.5,302,19,8.0,13.3,2.5,302,19,0,29.66,-0.0,0,0,0,43.6,47.5,50.2,0.28,0.22,0.17
SUFF,2019-11-08 21:25:00 EST,41.13038,-74.08987,584,26.9,26.7,18.3,59.3,14.6,0.000,0.000,0.00,0.000,8.0,17.5,4.4,313,26,8.5,20.1,4.3,317,27,8.5,20.1,4.3,317,27,0,29.66,0.0,0,0,0,43.6,47.5,50.2,0.28,0.22,0.17
SUFF,2019-11-08 21:30:00 EST,41.13038,-74.08987,584,26.9,26.6,18.8,59.3,14.6,0.000,0.000,0.00,0.000,7.3,14.0,2.9,313,18,7.7,13.9,3.0,316,17,7.7,13.9,3.0,316,17,0,29.66,-0.1,0,0,0,43.5,47.5,50.2,0.28,0.22,0.17
SUFF,2019-11-08 21:35:00 EST,41.13038,-74.08987,584,26.6,26.4,20.4,59.7,14.4,0.000,0.000,0.00,0.000,4.7,9.3,2.1,305,23,5.3,11.9,2.5,306,23,5.3,11.9,2.5,306,23,0,29.66,0.0,0,0,0,43.5,47.4,50.2,0.28,0.22,0.17
SUFF,2019-11-08 21:40:00 EST,41.13038,-74.08987,584,26.5,26.2,18.8,60.3,14.6,0.000,0.000,0.00,0.000,6.4,12.2,2.1,317,20,7.1,12.4,2.2,321,20,7.1,12.4,2.2,321,20,0,29.67,-0.0,0,0,0,43.5,47.3,50.2,0.28,0.22,0.17
SUFF,2019-11-08 21:45:00 EST,41.13038,-74.08987,584,26.3,26.2,18.4,60.7,14.6,0.000,0.000,0.00,0.000,6.6,11.2,1.9,311,24,7.3,13.2,2.2,314,22,7.3,13.2,2.2,314,22,0,29.67,-0.0,0,0,0,43.5,47.3,50.2,0.28,0.22,0.17
SUFF,2019-11-08 21:50:00 EST,41.13038,-74.08987,584,26.3,26.2,18.2,61.0,14.7,0.000,0.000,0.00,0.000,7.1,12.3,1.9,299,16,7.6,13.8,2.1,301,15,7.6,13.8,2.1,301,15,0,29.67,-0.0,0,0,0,43.5,47.3,50.2,0.28,0.22,0.17
SUFF,2019-11-08 21:55:00 EST,41.13038,-74.08987,584,26.1,26.0,19.7,61.6,14.7,0.000,0.000,0.00,0.000,4.7,9.3,1.7,311,24,5.4,10.2,1.8,313,24,5.4,10.2,1.8,313,24,0,29.67,0.0,0,0,0,43.5,47.3,50.2,0.28,0.22,0.17
SUFF,2019-11-08 22:00:00 EST,41.13038,-74.08987,584,26.1,26.0,18.0,61.6,14.7,0.000,0.000,0.00,0.000,6.7,15.6,2.8,310,22,7.5,14.6,2.7,313,21,7.5,14.6,2.7,313,21,0,29.67,0.1,0,0,0,43.4,47.3,50.2,0.28,0.22,0.17
SUFF,2019-11-08 22:05:00 EST,41.13038,-74.08987,584,26.2,26.0,17.8,61.3,14.7,0.000,0.000,0.00,0.000,7.2,14.8,2.9,301,17,8.0,15.2,3.0,303,16,8.0,15.2,3.0,303,16,0,29.67,-0.0,0,0,0,43.3,47.3,50.1,0.28,0.22,0.17
SUFF,2019-11-08 22:10:00 EST,41.13038,-74.08987,584,26.3,26.0,18.0,60.8,14.5,0.000,0.000,0.00,0.000,7.1,14.8,2.9,325,21,7.8,14.8,3.3,328,16,7.8,14.8,3.3,328,16,0,29.67,-0.1,0,0,0,43.3,47.3,50.2,0.28,0.22,0.16
SUFF,2019-11-08 22:15:00 EST,41.13038,-74.08987,584,26.1,25.9,18.3,61.1,14.5,0.000,0.000,0.00,0.000,6.3,11.8,2.4,312,16,7.1,14.1,2.5,314,15,7.1,14.1,2.5,314,15,0,29.67,0.0,0,0,0,43.3,47.3,50.2,0.28,0.22,0.17
SUFF,2019-11-08 22:20:00 EST,41.13038,-74.08987,584,26.1,25.9,17.3,61.0,14.5,0.000,0.000,0.00,0.000,7.7,14.6,2.8,311,21,8.5,16.0,3.1,313,21,8.5,16.0,3.1,313,21,0,29.67,0.0,0,0,0,43.3,47.3,50.2,0.28,0.22,0.17
SUFF,2019-11-08 22:25:00 EST,41.13038,-74.08987,584,26.2,25.9,17.3,60.7,14.4,0.000,0.000,0.00,0.000,8.1,13.4,2.3,313,14,8.7,14.8,2.4,315,15,8.7,14.8,2.4,315,15,0,29.67,0.0,0,0,0,43.3,47.3,50.2,0.28,0.22,0.17
SUFF,2019-11-08 22:30:00 EST,41.13038,-74.08987,584,25.9,25.8,19.0,61.2,14.4,0.000,0.000,0.00,0.000,5.4,13.8,2.4,305,19,6.1,13.8,2.4,307,18,6.1,13.8,2.4,307,18,0,29.67,0.0,0,0,0,43.3,47.3,50.1,0.28,0.22,0.17
SUFF,2019-11-08 22:35:00 EST,41.13038,-74.08987,584,25.9,25.7,18.3,61.6,14.5,0.000,0.000,0.00,0.000,6.1,13.0,2.7,312,27,6.8,14.0,2.7,314,26,6.8,14.0,2.7,314,26,0,29.67,0.0,0,0,0,43.2,47.3,50.0,0.28,0.22,0.17
SUFF,2019-11-08 22:40:00 EST,41.13038,-74.08987,584,26.0,25.8,17.9,61.3,14.4,0.000,0.000,0.00,0.000,6.8,11.3,2.1,308,19,7.4,12.0,2.2,309,21,7.4,12.0,2.2,309,21,0,29.68,-0.0,0,0,0,43.2,47.3,50.0,0.28,0.22,0.17
SUFF,2019-11-08 22:45:00 EST,41.13038,-74.08987,584,25.7,25.6,19.6,61.8,14.4,0.000,0.000,0.00,0.000,4.6,7.4,1.0,297,18,5.1,7.7,1.1,298,18,5.1,7.7,1.1,298,18,0,29.68,-0.0,0,0,0,43.2,47.3,50.0,0.28,0.22,0.16
SUFF,2019-11-08 22:50:00 EST,41.13038,-74.08987,584,25.6,25.5,18.8,62.3,14.5,0.000,0.000,0.00,0.000,5.2,8.2,1.5,287,20,5.7,10.6,1.7,288,18,5.7,10.6,1.7,288,18,0,29.68,0.0,0,0,0,43.2,47.3,49.9,0.28,0.22,0.16
SUFF,2019-11-08 22:55:00 EST,41.13038,-74.08987,584,25.4,25.4,20.1,62.6,14.4,0.000,0.000,0.00,0.000,3.8,7.5,1.3,315,25,4.3,8.8,1.6,319,24,4.3,8.8,1.6,319,24,0,29.68,0.1,0,0,0,43.2,47.2,49.8,0.28,0.22,0.16
SUFF,2019-11-08 23:00:00 EST,41.13038,-74.08987,584,25.6,25.4,18.3,62.5,14.6,0.000,0.000,0.00,0.000,5.8,9.9,1.6,309,22,6.4,10.6,1.7,311,21,6.4,10.6,1.7,311,21,0,29.68,0.0,0,0,0,43.2,47.1,49.8,0.28,0.22,0.17
SUFF,2019-11-08 23:05:00 EST,41.13038,-74.08987,584,25.5,25.3,20.2,62.9,14.6,0.000,0.000,0.00,0.000,3.9,8.0,1.6,319,22,4.3,9.0,1.8,323,21,4.3,9.0,1.8,323,21,0,29.68,0.0,0,0,0,43.2,47.1,49.8,0.28,0.22,0.16
SUFF,2019-11-08 23:10:00 EST,41.13038,-74.08987,584,25.2,25.2,19.5,63.4,14.5,0.000,0.000,0.00,0.000,4.0,7.7,1.7,320,22,4.6,8.0,1.7,323,23,4.6,8.0,1.7,323,23,0,29.68,0.0,0,0,0,43.2,47.1,49.8,0.28,0.22,0.16
SUFF,2019-11-08 23:15:00 EST,41.13038,-74.08987,584,25.4,25.3,18.5,63.4,14.7,0.000,0.000,0.00,0.000,5.3,8.5,1.2,312,16,5.8,8.2,1.2,315,16,5.8,8.2,1.2,315,16,0,29.68,-0.0,0,0,0,43.0,47.1,49.8,0.28,0.22,0.16
SUFF,2019-11-08 23:20:00 EST,41.13038,-74.08987,584,25.1,25.1,18.0,63.7,14.5,0.000,0.000,0.00,0.000,5.4,9.9,1.7,304,18,6.0,10.3,1.7,307,16,6.0,10.3,1.7,307,16,0,29.68,0.0,0,0,0,43.0,47.1,49.8,0.28,0.22,0.16
SUFF,2019-11-08 23:25:00 EST,41.13038,-74.08987,584,25.0,25.0,19.6,64.7,14.8,0.000,0.000,0.00,0.000,3.8,7.8,1.6,297,22,4.4,9.5,1.7,302,23,4.4,9.5,1.7,302,23,0,29.68,0.1,0,0,0,43.0,47.1,49.8,0.28,0.22,0.16
SUFF,2019-11-08 23:30:00 EST,41.13038,-74.08987,584,25.0,25.0,20.1,64.5,14.7,0.000,0.000,0.00,0.000,3.5,6.3,1.2,302,17,4.0,7.8,1.2,303,18,4.0,7.8,1.2,303,18,0,29.68,-0.1,0,0,0,43.0,47.1,49.8,0.28,0.22,0.16
SUFF,2019-11-08 23:35:00 EST,41.13038,-74.08987,584,24.9,24.9,18.4,64.9,14.8,0.000,0.000,0.00,0.000,5.0,8.8,1.3,302,17,5.3,8.7,1.2,303,17,5.3,8.7,1.2,303,17,0,29.68,-0.1,0,0,0,43.0,47.1,49.8,0.28,0.22,0.16
SUFF,2019-11-08 23:40:00 EST,41.13038,-74.08987,584,24.9,24.8,18.8,65.1,14.8,0.000,0.000,0.00,0.000,4.6,8.0,1.6,302,23,4.9,8.6,1.5,305,23,4.9,8.6,1.5,305,23,0,29.68,0.1,0,0,0,43.0,47.1,49.8,0.28,0.22,0.16
SUFF,2019-11-08 23:45:00 EST,41.13038,-74.08987,584,24.9,24.7,20.0,65.5,14.9,0.000,0.000,0.00,0.000,3.6,7.5,1.5,314,19,3.9,8.6,1.6,317,18,3.9,8.6,1.6,317,18,0,29.68,0.0,0,0,0,43.0,47.1,49.8,0.28,0.22,0.16
SUFF,2019-11-08 23:50:00 EST,41.13038,-74.08987,584,24.9,24.7,18.6,65.5,14.9,0.000,0.000,0.00,0.000,4.8,8.0,1.5,305,13,5.1,8.3,1.5,307,14,5.1,8.3,1.5,307,14,0,29.68,-0.0,0,0,0,42.9,47.1,49.8,0.28,0.22,0.16
SUFF,2019-11-08 23:55:00 EST,41.13038,-74.08987,584,24.5,24.6,20.7,66.2,14.8,0.000,0.000,0.00,0.000,2.5,5.9,1.4,293,24,3.1,6.4,1.2,298,23,3.1,6.4,1.2,298,23,0,29.68,-0.0,0,0,0,42.8,47.1,49.8,0.28,0.22,0.16
TANN,2019-11-08 00:00:00 EST,42.17071,-74.11343,2334,22.2,22.4,14.6,86.8,18.8,0.000,0.297,0.00,0.000,5.3,15.1,3.2,308,36,5.9,14.9,3.5,309,32,5.9,14.9,3.5,309,32,0,27.51,-0.1,0,0,0,44.8,47.1,48.7,0.54,0.49,0.42
TANN,2019-11-08 00:05:00 EST,42.17071,-74.11343,2334,22.0,22.2,13.9,87.7,18.9,0.000,0.000,0.00,0.000,5.8,12.7,2.7,318,25,6.5,15.7,2.9,321,27,6.5,15.7,2.9,321,27,0,27.51,-0.1,0,0,0,44.8,47.1,48.7,0.54,0.49,0.42
TANN,2019-11-08 00:10:00 EST,42.17071,-74.11343,2334,21.9,22.1,12.4,88.7,19.1,0.000,0.000,0.00,0.000,7.4,16.7,3.5,323,31,8.3,18.3,3.8,326,27,8.3,18.3,3.8,326,27,0,27.51,-0.0,0,0,0,44.7,47.1,48.7,0.54,0.49,0.42
TANN,2019-11-08 00:15:00 EST,42.17071,-74.11343,2334,22.0,22.2,13.0,88.8,19.2,0.000,0.000,0.00,0.000,6.8,15.9,2.8,320,24,7.6,19.5,3.2,324,23,7.6,19.5,3.2,324,23,0,27.51,-0.0,0,0,0,44.7,47.1,48.7,0.54,0.49,0.42
TANN,2019-11-08 00:20:00 EST,42.17071,-74.11343,2334,22.0,22.1,13.8,89.5,19.4,0.000,0.000,0.00,0.000,5.9,14.0,3.1,310,26,6.6,14.7,3.1,312,25,6.6,14.7,3.1,312,25,0,27.50,-0.0,0,0,0,44.7,47.1,48.7,0.54,0.49,0.42
TANN,2019-11-08 00:25:00 EST,42.17071,-74.11343,2334,22.0,22.0,16.1,89.8,19.4,0.000,0.000,0.00,0.000,3.6,10.4,1.9,308,35,4.3,13.1,2.0,306,31,4.3,13.1,2.0,306,31,0,27.50,-0.0,0,0,0,44.6,47.1,48.7,0.54,0.49,0.42
TANN,2019-11-08 00:30:00 EST,42.17071,-74.11343,2334,21.9,21.9,15.7,90.1,19.4,0.000,0.000,0.00,0.000,3.6,9.7,2.5,297,34,4.5,13.1,2.7,302,33,4.5,13.1,2.7,302,33,0,27.50,0.0,0,0,0,44.6,47.1,48.7,0.54,0.49,0.42
TANN,2019-11-08 00:35:00 EST,42.17071,-74.11343,2334,21.8,21.8,14.8,89.9,19.3,0.000,0.000,0.00,0.000,4.7,9.8,2.3,309,27,5.3,11.6,2.3,311,26,5.3,11.6,2.3,311,26,0,27.50,0.0,0,0,0,44.6,47.1,48.7,0.54,0.49,0.42
TANN,2019-11-08 00:40:00 EST,42.17071,-74.11343,2334,21.7,21.7,15.4,89.5,19.1,0.000,0.000,0.00,0.000,4.0,8.5,2.0,315,31,4.6,10.7,2.2,321,33,4.6,10.7,2.2,321,33,0,27.50,0.0,0,0,0,44.6,47.1,48.8,0.54,0.49,0.42
TANN,2019-11-08 00:45:00 EST,42.17071,-74.11343,2334,21.7,21.7,17.5,90.0,19.2,0.000,0.000,0.00,0.000,2.4,8.5,2.0,312,38,3.1,11.0,2.0,309,37,3.1,11.0,2.0,309,37,0,27.50,0.0,0,0,0,44.6,47.1,48.7,0.54,0.49,0.42
TANN,2019-11-08 00:50:00 EST,42.17071,-74.11343,2334,21.6,21.7,15.1,89.1,18.9,0.000,0.000,0.00,0.000,4.1,10.0,2.4,338,22,4.8,12.6,2.7,337,22,4.8,12.6,2.7,337,22,0,27.50,-0.0,0,0,0,44.6,47.1,48.7,0.54,0.49,0.42
TANN,2019-11-08 00:55:00 EST,42.17071,-74.11343,2334,21.3,21.4,14.5,86.6,17.9,0.000,0.000,0.00,0.000,4.1,11.1,2.4,326,33,5.0,15.0,2.5,333,29,5.0,15.0,2.5,333,29,0,27.50,0.0,0,0,0,44.6,47.1,48.7,0.54,0.49,0.42
TANN,2019-11-08 01:00:00 EST,42.17071,-74.11343,2334,21.0,21.1,13.3,84.9,17.2,0.000,0.000,0.00,0.000,4.9,10.9,3.0,328,30,5.8,13.5,3.0,331,27,5.8,13.5,3.0,331,27,0,27.50,0.0,0,0,0,44.6,47.1,48.7,0.54,0.49,0.42
TANN,2019-11-08 01:05:00 EST,42.17071,-74.11343,2334,20.7,21.0,14.2,84.7,16.8,0.000,0.000,0.00,0.000,4.1,12.6,2.5,337,32,4.7,13.3,2.6,341,30,4.7,13.3,2.6,341,30,0,27.50,-0.0,0,0,0,44.6,47.1,48.7,0.54,0.49,0.42
TANN,2019-11-08 01:10:00 EST,42.17071,-74.11343,2334,20.5,20.8,13.1,82.6,16.0,0.000,0.000,0.00,0.000,4.7,10.0,2.0,355,37,5.4,11.5,2.5,356,33,5.4,11.5,2.5,356,33,0,27.49,0.0,0,0,0,44.6,47.1,48.7,0.54,0.49,0.42
TANN,2019-11-08 01:15:00 EST,42.17071,-74.11343,2334,20.3,20.6,12.3,81.4,15.5,0.000,0.000,0.00,0.000,5.1,13.8,2.5,346,26,6.0,15.2,2.8,348,20,6.0,15.2,2.8,348,20,0,27.49,0.1,0,0,0,44.6,47.1,48.7,0.54,0.49,0.42
TANN,2019-11-08 01:20:00 EST,42.17071,-74.11343,2334,20.1,20.4,12.8,80.8,15.1,0.000,0.000,0.00,0.000,4.0,11.3,3.1,324,44,5.2,13.7,3.2,332,41,5.2,13.7,3.2,332,41,0,27.49,0.1,0,0,0,44.5,47.1,48.7,0.54,0.49,0.42
TANN,2019-11-08 01:25:00 EST,42.17071,-74.11343,2334,20.0,20.2,11.2,80.1,14.8,0.000,0.000,0.00,0.000,5.8,14.8,2.9,343,26,6.8,16.1,3.1,346,21,6.8,16.1,3.1,346,21,0,27.49,0.1,0,0,0,44.5,47.1,48.7,0.54,0.49,0.42
TANN,2019-11-08 01:30:00 EST,42.17071,-74.11343,2334,19.8,20.1,12.2,80.1,14.7,0.000,0.000,0.00,0.000,4.7,14.3,2.9,343,32,5.5,17.7,3.5,348,30,5.5,17.7,3.5,348,30,0,27.49,0.1,0,0,0,44.4,47.1,48.7,0.54,0.49,0.42
TANN,2019-11-08 01:35:00 EST,42.17071,-74.11343,2334,19.7,20.0,10.4,80.6,14.7,0.000,0.000,0.00,0.000,6.2,18.0,4.3,343,31,7.4,22.7,4.7,347,27,7.4,22.7,4.7,347,27,0,27.49,0.1,0,0,0,44.4,47.1,48.7,0.54,0.49,0.42
TANN,2019-11-08 01:40:00 EST,42.17071,-74.11343,2334,19.7,20.0,10.1,80.2,14.6,0.000,0.000,0.00,0.000,6.6,12.8,2.4,334,29,7.7,15.3,2.9,339,28,7.7,15.3,2.9,339,28,0,27.49,0.1,0,0,0,44.4,47.1,48.7,0.54,0.49,0.42
TANN,2019-11-08 01:45:00 EST,42.17071,-74.11343,2334,19.6,19.8,10.6,81.5,14.8,0.000,0.000,0.00,0.000,5.8,14.5,3.3,336,25,6.9,16.5,3.8,341,21,6.9,16.5,3.8,341,21,0,27.49,0.1,0,0,0,44.4,47.1,48.7,0.54,0.49,0.42
TANN,2019-11-08 01:50:00 EST,42.17071,-74.11343,2334,19.6,19.8,9.3,81.0,14.7,0.000,0.000,0.00,0.000,7.6,14.8,2.8,333,24,8.6,16.8,3.0,333,19,8.6,16.8,3.0,333,19,0,27.49,0.1,0,0,0,44.4,47.1,48.7,0.54,0.49,0.42
TANN,2019-11-08 01:55:00 EST,42.17071,-74.11343,2334,19.4,19.6,10.8,81.7,14.7,0.000,0.000,0.00,0.000,5.6,12.3,2.6,338,26,6.4,15.5,2.6,340,24,6.4,15.5,2.6,340,24,0,27.49,0.1,0,0,0,44.4,47.1,48.7,0.54,0.49,0.42
TANN,2019-11-08 02:00:00 EST,42.17071,-74.11343,2334,19.3,19.6,9.6,82.5,14.8,0.000,0.000,0.00,0.000,6.7,14.2,2.7,338,26,7.7,18.0,3.0,342,20,7.7,18.0,3.0,342,20,0,27.49,0.1,0,0,0,44.4,47.1,48.7,0.54,0.49,0.42
TANN,2019-11-08 02:05:00 EST,42.17071,-74.11343,2334,19.3,19.6,11.5,82.5,14.9,0.000,0.000,0.00,0.000,4.7,12.9,2.7,345,28,5.6,14.8,3.0,346,24,5.6,14.8,3.0,346,24,0,27.49,0.1,0,0,0,44.4,47.1,48.7,0.54,0.49,0.42
TANN,2019-11-08 02:10:00 EST,42.17071,-74.11343,2334,19.2,19.5,10.2,82.7,14.8,0.000,0.000,0.00,0.000,5.8,11.5,2.4,339,25,6.9,14.7,2.6,344,22,6.9,14.7,2.6,344,22,0,27.49,0.1,0,0,0,44.4,47.1,48.7,0.54,0.49,0.42
TANN,2019-11-08 02:15:00 EST,42.17071,-74.11343,2334,19.1,19.4,10.7,83.1,14.8,0.000,0.000,0.00,0.000,5.5,9.6,2.0,335,27,6.2,11.1,2.2,340,21,6.2,11.1,2.2,340,21,0,27.49,0.1,0,0,0,44.4,47.1,48.7,0.54,0.49,0.42
TANN,2019-11-08 02:20:00 EST,42.17071,-74.11343,2334,19.0,19.4,12.0,83.5,14.8,0.000,0.000,0.00,0.000,4.1,9.8,2.1,339,24,4.8,12.2,2.3,342,24,4.8,12.2,2.3,342,24,0,27.49,0.1,0,0,0,44.4,47.1,48.7,0.54,0.49,0.42
TANN,2019-11-08 02:25:00 EST,42.17071,-74.11343,2334,18.9,19.2,10.9,84.4,15.0,0.000,0.000,0.00,0.000,5.2,12.8,2.5,338,29,5.7,13.5,2.5,344,26,5.7,13.5,2.5,344,26,0,27.49,0.2,0,0,0,44.2,47.1,48.7,0.54,0.49,0.42
TANN,2019-11-08 02:30:00 EST,42.17071,-74.11343,2334,18.8,19.2,10.5,84.3,14.9,0.000,0.000,0.00,0.000,5.1,8.4,1.7,333,26,6.0,11.0,2.1,337,23,6.0,11.0,2.1,337,23,0,27.49,0.2,0,0,0,44.1,47.1,48.7,0.54,0.49,0.42
TANN,2019-11-08 02:35:00 EST,42.17071,-74.11343,2334,18.7,19.1,12.3,85.1,14.9,0.000,0.000,0.00,0.000,3.4,8.3,1.8,342,27,4.3,9.0,1.8,345,25,4.3,9.0,1.8,345,25,0,27.49,0.2,0,0,0,44.1,47.1,48.7,0.54,0.49,0.42
TANN,2019-11-08 02:40:00 EST,42.17071,-74.11343,2334,18.7,19.0,12.3,85.4,15.0,0.000,0.000,0.00,0.000,3.7,9.9,2.1,338,24,4.3,12.5,2.4,343,19,4.3,12.5,2.4,343,19,0,27.49,0.1,0,0,0,44.1,47.1,48.7,0.54,0.49,0.42
TANN,2019-11-08 02:45:00 EST,42.17071,-74.11343,2334,18.6,19.0,11.7,85.8,15.1,0.000,0.000,0.00,0.000,4.2,8.4,2.0,330,24,4.7,10.4,2.2,335,22,4.7,10.4,2.2,335,22,0,27.49,0.2,0,0,0,44.1,47.1,48.7,0.54,0.49,0.42
TANN,2019-11-08 02:50:00 EST,42.17071,-74.11343,2334,18.6,18.9,11.9,85.8,15.0,0.000,0.000,0.00,0.000,4.1,9.1,1.6,336,23,4.5,9.5,1.7,338,19,4.5,9.5,1.7,338,19,0,27.49,0.1,0,0,0,44.1,47.1,48.7,0.54,0.49,0.42
TANN,2019-11-08 02:55:00 EST,42.17071,-74.11343,2334,18.4,18.9,12.2,85.9,14.9,0.000,0.000,0.00,0.000,3.5,6.9,1.4,330,24,4.2,10.0,1.7,333,21,4.2,10.0,1.7,333,21,0,27.49,0.2,0,0,0,44.1,47.1,48.7,0.54,0.49,0.42
TANN,2019-11-08 03:00:00 EST,42.17071,-74.11343,2334,18.4,18.8,12.5,86.2,15.0,0.000,0.000,0.00,0.000,3.3,6.2,1.5,318,30,3.9,8.4,1.7,322,29,3.9,8.4,1.7,322,29,0,27.49,0.1,0,0,0,44.1,47.1,48.7,0.54,0.49,0.42
TANN,2019-11-08 03:05:00 EST,42.17071,-74.11343,2334,18.2,18.6,18.2,87.1,15.0,0.000,0.000,0.00,0.000,1.9,4.7,1.4,317,26,2.4,5.7,1.5,319,26,2.4,5.7,1.5,319,26,0,27.49,0.1,0,0,0,44.1,47.1,48.7,0.54,0.49,0.42
TANN,2019-11-08 03:10:00 EST,42.17071,-74.11343,2334,18.0,18.4,18.0,87.7,14.9,0.000,0.000,0.00,0.000,1.8,6.3,1.2,307,28,2.4,7.8,1.3,311,27,2.4,7.8,1.3,311,27,0,27.49,0.1,0,0,0,44.1,47.1,48.7,0.54,0.49,0.42
TANN,2019-11-08 03:15:00 EST,42.17071,-74.11343,2334,18.0,18.3,18.0,88.7,15.2,0.000,0.000,0.00,0.000,2.1,5.6,1.0,316,25,2.4,6.0,1.2,318,25,2.4,6.0,1.2,318,25,0,27.49,0.2,0,0,0,44.0,47.1,48.7,0.54,0.49,0.42
TANN,2019-11-08 03:20:00 EST,42.17071,-74.11343,2334,17.9,18.3,17.9,88.9,15.2,0.000,0.000,0.00,0.000,2.3,5.4,1.4,319,27,2.7,6.5,1.5,324,28,2.7,6.5,1.5,324,28,0,27.49,0.2,0,0,0,43.9,47.1,48.7,0.54,0.49,0.42
TANN,2019-11-08 03:25:00 EST,42.17071,-74.11343,2334,17.9,18.3,17.9,89.4,15.3,0.000,0.000,0.00,0.000,2.2,4.2,1.1,323,19,2.5,4.9,1.1,326,21,2.5,4.9,1.1,326,21,0,27.49,0.2,0,0,0,43.9,47.1,48.7,0.54,0.49,0.42
TANN,2019-11-08 03:30:00 EST,42.17071,-74.11343,2334,17.9,18.2,17.9,89.3,15.3,0.000,0.000,0.00,0.000,2.5,5.3,1.1,319,26,3.0,7.9,1.3,322,26,3.0,7.9,1.3,322,26,0,27.49,0.2,0,0,0,43.9,47.1,48.7,0.54,0.49,0.42
TANN,2019-11-08 03:35:00 EST,42.17071,-74.11343,2334,17.7,18.1,17.7,89.6,15.2,0.000,0.000,0.00,0.000,1.4,3.6,1.0,332,22,1.9,4.9,1.1,335,21,1.9,4.9,1.1,335,21,0,27.49,0.2,0,0,0,43.9,47.1,48.7,0.54,0.49,0.42
TANN,2019-11-08 03:40:00 EST,42.17071,-74.11343,2334,17.8,18.1,17.8,90.1,15.4,0.000,0.000,0.00,0.000,2.3,4.7,0.9,325,28,2.8,6.3,1.0,331,26,2.8,6.3,1.0,331,26,0,27.49,0.1,0,0,0,43.9,47.1,48.7,0.54,0.49,0.42
TANN,2019-11-08 03:45:00 EST,42.17071,-74.11343,2334,17.7,18.1,17.7,89.9,15.2,0.000,0.000,0.00,0.000,1.1,2.2,0.6,332,18,1.9,5.2,0.7,338,17,1.9,5.2,0.7,338,17,0,27.49,0.2,0,0,0,43.9,47.1,48.7,0.54,0.49,0.42
TANN,2019-11-08 03:50:00 EST,42.17071,-74.11343,2334,17.7,18.1,17.7,89.9,15.3,0.000,0.000,0.00,0.000,1.5,3.8,0.9,340,22,2.0,4.3,0.9,343,22,2.0,4.3,0.9,343,22,0,27.49,0.2,0,0,0,43.9,47.1,48.7,0.54,0.49,0.42
TANN,2019-11-08 03:55:00 EST,42.17071,-74.11343,2334,17.5,18.0,17.5,89.6,15.0,0.000,0.000,0.00,0.000,1.2,4.5,1.0,332,17,1.8,5.6,1.1,339,22,1.8,5.6,1.1,339,22,0,27.49,0.2,0,0,0,43.9,47.1,48.7,0.54,0.49,0.42
TANN,2019-11-08 04:00:00 EST,42.17071,-74.11343,2334,17.6,18.1,17.6,90.0,15.2,0.000,0.000,0.00,0.000,1.5,4.7,1.1,323,27,2.0,6.0,1.2,329,27,2.0,6.0,1.2,329,27,0,27.49,0.2,0,0,0,43.9,47.1,48.7,0.54,0.49,0.42
TANN,2019-11-08 04:05:00 EST,42.17071,-74.11343,2334,17.5,17.9,17.5,89.9,15.0,0.000,0.000,0.00,0.000,0.1,0.7,0.2,343,6,0.5,2.0,0.6,346,25,0.5,2.0,0.6,346,25,0,27.49,0.2,0,0,0,43.9,47.1,48.7,0.54,0.49,0.42
TANN,2019-11-08 04:10:00 EST,42.17071,-74.11343,2334,17.5,18.0,17.5,90.7,15.3,0.000,0.000,0.00,0.000,0.5,2.5,0.6,285,15,0.9,2.8,0.8,292,21,0.9,2.8,0.8,292,21,0,27.49,0.2,0,0,0,43.7,47.1,48.7,0.54,0.49,0.42
TANN,2019-11-08 04:15:00 EST,42.17071,-74.11343,2334,17.6,18.0,17.6,91.2,15.4,0.000,0.000,0.00,0.000,0.5,2.8,0.9,6,14,0.9,3.4,1.0,353,31,0.9,3.4,1.0,353,31,0,27.49,0.2,0,0,0,43.7,47.1,48.7,0.54,0.49,0.42
TANN,2019-11-08 04:20:00 EST,42.17071,-74.11343,2334,17.8,18.0,17.8,91.2,15.7,0.000,0.000,0.00,0.000,0.9,2.8,0.8,318,25,1.5,3.5,0.8,320,32,1.5,3.5,0.8,320,32,0,27.49,0.2,0,0,0,43.7,47.1,48.7,0.54,0.49,0.42
TANN,2019-11-08 04:25:00 EST,42.17071,-74.11343,2334,18.0,18.3,18.0,90.9,15.8,0.000,0.000,0.00,0.000,1.3,3.1,0.8,313,30,1.8,4.2,0.9,314,29,1.8,4.2,0.9,314,29,0,27.49,0.2,0,0,0,43.7,47.1,48.7,0.54,0.49,0.42
TANN,2019-11-08 04:30:00 EST,42.17071,-74.11343,2334,18.0,18.2,18.0,90.6,15.7,0.000,0.000,0.00,0.000,1.9,5.8,1.4,341,37,2.7,6.5,1.4,341,36,2.7,6.5,1.4,341,36,0,27.49,0.2,0,0,0,43.7,47.1,48.7,0.54,0.49,0.42
TANN,2019-11-08 04:35:00 EST,42.17071,-74.11343,2334,18.2,18.3,18.2,90.0,15.7,0.000,0.000,0.00,0.000,2.6,5.8,1.3,319,25,2.8,7.6,1.6,324,27,2.8,7.6,1.6,324,27,0,27.49,0.2,0,0,0,43.7,47.1,48.7,0.54,0.49,0.42
TANN,2019-11-08 04:40:00 EST,42.17071,-74.11343,2334,18.2,18.4,13.3,89.2,15.5,0.000,0.000,0.00,0.000,2.7,6.4,1.8,329,29,3.2,7.5,2.0,333,30,3.2,7.5,2.0,333,30,0,27.49,0.2,0,0,0,43.7,47.1,48.7,0.54,0.49,0.42
TANN,2019-11-08 04:45:00 EST,42.17071,-74.11343,2334,18.0,18.4,18.0,89.0,15.3,0.000,0.000,0.00,0.000,2.0,6.9,1.9,10,26,2.7,7.9,1.9,8,25,2.7,7.9,1.9,8,25,0,27.49,0.2,0,0,0,43.7,47.1,48.7,0.54,0.49,0.42
TANN,2019-11-08 04:50:00 EST,42.17071,-74.11343,2334,18.0,18.3,18.0,89.1,15.4,0.000,0.000,0.00,0.000,0.9,2.7,0.7,359,32,1.4,5.8,1.1,358,28,1.4,5.8,1.1,358,28,0,27.49,0.2,0,0,0,43.7,47.1,48.7,0.54,0.49,0.42
TANN,2019-11-08 04:55:00 EST,42.17071,-74.11343,2334,17.7,18.1,17.7,89.4,15.1,0.000,0.000,0.00,0.000,1.4,6.0,1.4,329,41,2.0,6.7,1.5,338,44,2.0,6.7,1.5,338,44,0,27.49,0.2,0,0,0,43.5,47.1,48.7,0.54,0.49,0.42
TANN,2019-11-08 05:00:00 EST,42.17071,-74.11343,2334,17.7,18.1,17.7,90.2,15.4,0.000,0.000,0.00,0.000,2.2,4.7,1.3,345,33,2.8,6.1,1.4,344,35,2.8,6.1,1.4,344,35,0,27.49,0.2,0,0,0,43.6,47.0,48.7,0.54,0.49,0.42
TANN,2019-11-08 05:05:00 EST,42.17071,-74.11343,2334,18.0,18.3,10.7,90.7,15.8,0.000,0.000,0.00,0.000,4.4,9.7,2.0,312,27,5.0,11.3,2.0,314,26,5.0,11.3,2.0,314,26,0,27.49,0.2,0,0,0,43.5,47.0,48.7,0.54,0.49,0.42
TANN,2019-11-08 05:10:00 EST,42.17071,-74.11343,2334,18.0,18.3,13.0,90.3,15.6,0.000,0.000,0.00,0.000,2.6,7.2,1.6,327,29,3.3,6.4,1.4,328,31,3.3,6.4,1.4,328,31,0,27.49,0.2,0,0,0,43.5,47.0,48.7,0.54,0.49,0.42
TANN,2019-11-08 05:15:00 EST,42.17071,-74.11343,2334,18.0,18.3,12.9,90.2,15.6,0.000,0.000,0.00,0.000,2.9,8.2,1.4,325,38,3.3,10.0,1.6,326,36,3.3,10.0,1.6,326,36,0,27.49,0.2,0,0,0,43.5,47.0,48.7,0.54,0.49,0.42
TANN,2019-11-08 05:20:00 EST,42.17071,-74.11343,2334,17.9,18.3,12.8,90.0,15.5,0.000,0.000,0.00,0.000,2.6,9.7,2.0,331,35,3.3,9.2,1.9,329,38,3.3,9.2,1.9,329,38,0,27.49,0.2,0,0,0,43.5,46.9,48.7,0.54,0.49,0.42
TANN,2019-11-08 05:25:00 EST,42.17071,-74.11343,2334,18.0,18.4,18.0,90.0,15.5,0.000,0.000,0.00,0.000,2.1,8.0,1.5,317,32,2.7,7.5,1.6,320,35,2.7,7.5,1.6,320,35,0,27.49,0.2,0,0,0,43.5,47.0,48.7,0.54,0.49,0.42
TANN,2019-11-08 05:30:00 EST,42.17071,-74.11343,2334,18.3,18.6,18.3,89.9,15.9,0.000,0.000,0.00,0.000,2.4,7.5,1.8,322,33,2.9,7.0,1.7,330,38,2.9,7.0,1.7,330,38,0,27.50,0.2,0,0,0,43.5,46.9,48.7,0.54,0.49,0.42
TANN,2019-11-08 05:35:00 EST,42.17071,-74.11343,2334,18.5,18.8,14.0,89.3,15.9,0.000,0.000,0.00,0.000,2.8,6.9,1.7,308,31,3.1,8.4,1.7,312,30,3.1,8.4,1.7,312,30,0,27.50,0.2,0,0,0,43.5,46.9,48.7,0.54,0.49,0.42
TANN,2019-11-08 05:40:00 EST,42.17071,-74.11343,2334,18.5,18.8,13.4,89.0,15.8,0.000,0.000,0.00,0.000,3.3,7.9,1.3,313,19,3.4,10.0,1.3,316,20,3.4,10.0,1.3,316,20,0,27.50,0.3,0,0,0,43.5,46.9,48.7,0.54,0.49,0.42
TANN,2019-11-08 05:45:00 EST,42.17071,-74.11343,2334,18.9,19.1,11.7,88.8,16.2,0.000,0.000,0.00,0.000,4.6,8.4,1.6,316,29,5.0,10.0,2.0,319,28,5.0,10.0,2.0,319,28,0,27.50,0.2,0,0,0,43.5,46.9,48.7,0.54,0.49,0.42
TANN,2019-11-08 05:50:00 EST,42.17071,-74.11343,2334,19.2,19.2,12.9,88.5,16.3,0.000,0.000,0.00,0.000,3.4,9.3,2.2,324,28,4.3,9.1,2.0,325,29,4.3,9.1,2.0,325,29,0,27.50,0.3,0,0,0,43.3,46.9,48.7,0.54,0.49,0.42
TANN,2019-11-08 05:55:00 EST,42.17071,-74.11343,2334,19.3,19.3,12.6,88.4,16.4,0.000,0.000,0.00,0.000,4.4,10.4,2.0,313,21,4.6,12.3,2.0,317,21,4.6,12.3,2.0,317,21,0,27.50,0.2,0,0,0,43.3,46.9,48.7,0.54,0.49,0.42
TANN,2019-11-08 06:00:00 EST,42.17071,-74.11343,2334,19.4,19.4,14.4,89.1,16.7,0.000,0.000,0.00,0.000,2.6,10.1,2.3,326,34,3.4,14.9,2.5,329,38,3.4,14.9,2.5,329,38,0,27.50,0.3,0,0,0,43.3,46.9,48.7,0.54,0.49,0.42
TANN,2019-11-08 06:05:00 EST,42.17071,-74.11343,2334,19.5,19.4,13.2,89.6,16.9,0.000,0.000,0.00,0.000,3.7,9.6,1.9,326,28,4.3,10.2,1.9,330,26,4.3,10.2,1.9,330,26,0,27.50,0.3,0,0,0,43.3,46.9,48.7,0.54,0.49,0.42
TANN,2019-11-08 06:10:00 EST,42.17071,-74.11343,2334,19.5,19.5,14.7,89.5,16.9,0.000,0.000,0.00,0.000,2.5,9.1,2.0,312,30,3.2,10.6,2.3,316,30,3.2,10.6,2.3,316,30,0,27.51,0.3,0,0,0,43.3,46.9,48.7,0.54,0.49,0.42
TANN,2019-11-08 06:15:00 EST,42.17071,-74.11343,2334,19.6,19.6,13.6,89.3,16.9,0.000,0.000,0.00,0.000,3.3,10.7,2.7,326,28,4.1,11.7,2.5,323,31,4.1,11.7,2.5,323,31,0,27.51,0.3,0,0,0,43.3,46.9,48.7,0.54,0.49,0.42
TANN,2019-11-08 06:20:00 EST,42.17071,-74.11343,2334,19.6,19.6,12.5,89.2,17.0,0.000,0.000,0.00,0.000,4.3,9.1,2.3,314,27,5.0,11.3,2.7,316,29,5.0,11.3,2.7,316,29,0,27.51,0.3,0,0,0,43.3,46.9,48.7,0.54,0.49,0.42
TANN,2019-11-08 06:25:00 EST,42.17071,-74.11343,2334,19.6,19.5,13.7,89.8,17.1,0.000,0.000,0.00,0.000,3.1,9.1,1.8,322,33,4.0,11.2,1.9,325,32,4.0,11.2,1.9,325,32,0,27.51,0.3,0,0,0,43.3,46.9,48.7,0.54,0.49,0.42
TANN,2019-11-08 06:30:00 EST,42.17071,-74.11343,2334,19.6,19.5,13.1,89.8,17.1,0.000,0.000,0.00,0.000,3.8,10.7,2.8,307,34,4.5,15.8,2.9,308,35,4.5,15.8,2.9,308,35,0,27.51,0.3,0,0,0,43.3,46.9,48.7,0.54,0.49,0.42
TANN,2019-11-08 06:35:00 EST,42.17071,-74.11343,2334,19.5,19.5,14.2,90.1,17.1,0.000,0.000,0.00,0.000,3.4,9.9,2.4,319,26,3.7,10.0,2.5,326,26,3.7,10.0,2.5,326,26,1,27.51,0.2,0,0,0,43.2,46.9,48.7,0.54,0.49,0.42
TANN,2019-11-08 06:40:00 EST,42.17071,-74.11343,2334,19.4,19.4,12.0,88.6,16.5,0.000,0.000,0.00,0.000,4.5,13.6,3.6,318,27,5.2,15.9,3.6,321,30,5.2,15.9,3.6,321,30,1,27.51,0.3,0,0,0,43.2,46.9,48.7,0.54,0.49,0.42
TANN,2019-11-08 06:45:00 EST,42.17071,-74.11343,2334,19.4,19.5,13.0,88.3,16.5,0.000,0.000,0.00,0.000,3.8,10.9,2.6,307,31,4.4,14.4,2.9,309,31,4.4,14.4,2.9,309,31,2,27.51,0.2,0,0,0,43.2,46.9,48.7,0.54,0.49,0.42
TANN,2019-11-08 06:50:00 EST,42.17071,-74.11343,2334,19.3,19.4,11.3,87.3,16.2,0.000,0.000,0.00,0.000,5.1,13.8,3.2,315,30,5.8,13.2,3.3,320,31,5.8,13.2,3.3,320,31,3,27.52,0.2,0,0,0,43.2,46.9,48.7,0.54,0.49,0.42
TANN,2019-11-08 06:55:00 EST,42.17071,-74.11343,2334,19.0,19.1,10.1,86.4,15.6,0.000,0.000,0.00,0.000,5.8,15.6,3.4,316,33,6.7,17.3,3.4,316,33,6.7,17.3,3.4,316,33,4,27.52,0.3,0,0,0,43.2,46.9,48.7,0.54,0.49,0.42
TANN,2019-11-08 07:00:00 EST,42.17071,-74.11343,2334,18.8,19.0,10.3,87.2,15.6,0.000,0.000,0.00,0.000,5.2,12.5,2.8,306,38,6.2,13.6,3.1,310,38,6.2,13.6,3.1,310,38,5,27.52,0.2,0,0,0,43.2,46.9,48.7,0.54,0.49,0.42
TANN,2019-11-08 07:05:00 EST,42.17071,-74.11343,2334,18.9,19.0,11.3,87.8,15.9,0.000,0.000,0.00,0.000,4.9,11.3,2.4,316,26,5.3,11.1,2.3,321,26,5.3,11.1,2.3,321,26,11,27.52,0.3,0,0,0,43.2,46.9,48.7,0.54,0.49,0.42
TANN,2019-11-08 07:10:00 EST,42.17071,-74.11343,2334,19.2,19.2,11.6,88.0,16.2,0.000,0.000,0.00,0.000,4.8,12.6,3.4,314,27,5.4,16.7,3.6,314,24,5.4,16.7,3.6,314,24,11,27.53,0.3,0,0,0,43.2,46.9,48.7,0.54,0.49,0.42
TANN,2019-11-08 07:15:00 EST,42.17071,-74.11343,2334,19.3,19.3,10.6,88.1,16.3,0.000,0.000,0.00,0.000,5.7,17.6,3.2,319,35,6.6,17.9,3.3,319,33,6.6,17.9,3.3,319,33,10,27.53,0.3,0,0,0,43.2,46.9,48.7,0.54,0.49,0.42
TANN,2019-11-08 07:20:00 EST,42.17071,-74.11343,2334,19.5,19.4,11.8,87.6,16.4,0.000,0.000,0.00,0.000,4.9,13.0,2.6,313,31,5.5,13.2,2.8,318,32,5.5,13.2,2.8,318,32,16,27.53,0.3,0,0,0,43.2,46.9,48.7,0.54,0.49,0.42
TANN,2019-11-08 07:25:00 EST,42.17071,-74.11343,2334,19.4,19.4,12.8,87.8,16.3,0.000,0.000,0.00,0.000,3.8,9.4,2.2,297,35,4.5,12.1,2.3,302,36,4.5,12.1,2.3,302,36,14,27.53,0.2,0,0,0,43.2,46.9,48.7,0.54,0.49,0.42
TANN,2019-11-08 07:30:00 EST,42.17071,-74.11343,2334,19.3,19.3,10.6,88.4,16.5,0.000,0.000,0.00,0.000,5.8,15.3,3.3,316,34,6.6,15.9,3.2,318,34,6.6,15.9,3.2,318,34,21,27.53,0.3,0,0,0,43.0,46.9,48.7,0.54,0.49,0.42
TANN,2019-11-08 07:35:00 EST,42.17071,-74.11343,2334,19.4,19.4,12.6,86.7,16.1,0.000,0.000,0.00,0.000,4.1,12.4,3.0,299,31,4.7,14.4,3.3,298,29,4.7,14.4,3.3,298,29,24,27.54,0.3,0,0,0,43.0,46.9,48.7,0.54,0.49,0.42
TANN,2019-11-08 07:40:00 EST,42.17071,-74.11343,2334,19.5,19.5,12.3,87.5,16.4,0.000,0.000,0.00,0.000,4.1,9.9,2.3,297,33,5.2,11.6,2.6,296,32,5.2,11.6,2.6,296,32,26,27.54,0.3,0,0,0,43.0,46.9,48.7,0.54,0.49,0.42
TANN,2019-11-08 07:45:00 EST,42.17071,-74.11343,2334,19.7,19.6,12.3,87.5,16.6,0.000,0.000,0.00,0.000,4.7,16.4,3.7,315,30,5.3,16.6,3.6,316,30,5.3,16.6,3.6,316,30,27,27.54,0.3,0,0,0,43.0,46.9,48.7,0.54,0.49,0.42
TANN,2019-11-08 07:50:00 EST,42.17071,-74.11343,2334,19.8,19.6,10.9,85.5,16.1,0.000,0.000,0.00,0.000,6.0,14.1,3.3,301,30,6.8,18.5,3.8,305,31,6.8,18.5,3.8,305,31,26,27.54,0.3,0,0,0,43.0,46.9,48.7,0.54,0.49,0.42
TANN,2019-11-08 07:55:00 EST,42.17071,-74.11343,2334,19.8,19.6,11.6,84.5,15.9,0.000,0.000,0.00,0.000,5.2,17.4,3.5,319,32,6.0,16.4,3.7,320,34,6.0,16.4,3.7,320,34,26,27.54,0.3,0,0,0,43.0,46.9,48.7,0.54,0.49,0.42
TANN,2019-11-08 08:00:00 EST,42.17071,-74.11343,2334,19.7,19.6,11.4,84.2,15.7,0.000,0.000,0.00,0.000,5.3,15.9,3.6,313,35,6.2,18.1,3.7,314,37,6.2,18.1,3.7,314,37,31,27.54,0.3,0,0,0,43.0,46.9,48.7,0.54,0.49,0.42
TANN,2019-11-08 08:05:00 EST,42.17071,-74.11343,2334,19.6,19.5,10.9,84.7,15.8,0.000,0.000,0.00,0.000,5.7,16.3,3.8,311,36,6.6,20.1,4.1,315,33,6.6,20.1,4.1,315,33,30,27.54,0.3,0,0,0,43.0,46.9,48.7,0.54,0.49,0.42
TANN,2019-11-08 08:10:00 EST,42.17071,-74.11343,2334,19.5,19.4,11.1,84.5,15.6,0.000,0.000,0.00,0.000,5.5,13.5,3.0,305,34,6.2,13.2,2.8,304,35,6.2,13.2,2.8,304,35,36,27.55,0.3,0,0,0,43.0,46.8,48.7,0.54,0.49,0.42
TANN,2019-11-08 08:15:00 EST,42.17071,-74.11343,2334,19.5,19.3,11.4,85.1,15.7,0.000,0.000,0.00,0.000,4.7,12.6,2.9,302,35,5.9,13.8,3.1,301,34,5.9,13.8,3.1,301,34,34,27.55,0.3,0,0,0,43.0,46.8,48.7,0.54,0.49,0.42
TANN,2019-11-08 08:20:00 EST,42.17071,-74.11343,2334,19.4,19.2,9.8,83.0,15.1,0.000,0.000,0.00,0.000,6.6,16.3,3.6,309,31,7.5,17.0,3.3,315,30,7.5,17.0,3.3,315,30,58,27.55,0.3,0,0,0,43.0,46.8,48.7,0.54,0.49,0.42
TANN,2019-11-08 08:25:00 EST,42.17071,-74.11343,2334,19.6,19.4,9.8,83.2,15.4,0.000,0.000,0.00,0.000,7.2,18.5,3.8,299,36,8.0,21.8,4.2,299,33,8.0,21.8,4.2,299,33,46,27.55,0.3,0,0,0,43.0,46.8,48.7,0.54,0.49,0.42
TANN,2019-11-08 08:30:00 EST,42.17071,-74.11343,2334,19.5,19.3,9.6,81.7,14.8,0.000,0.000,0.00,0.000,7.0,15.2,3.7,313,41,8.1,23.8,4.0,318,39,8.1,23.8,4.0,318,39,35,27.55,0.2,0,0,0,43.0,46.8,48.7,0.54,0.49,0.42
TANN,2019-11-08 08:35:00 EST,42.17071,-74.11343,2334,19.3,19.2,10.2,82.5,14.8,0.000,0.000,0.00,0.000,6.1,15.4,3.9,319,30,7.1,14.1,3.5,324,27,7.1,14.1,3.5,324,27,37,27.55,0.3,0,0,0,43.0,46.8,48.7,0.54,0.49,0.42
TANN,2019-11-08 08:40:00 EST,42.17071,-74.11343,2334,19.2,19.1,9.8,82.4,14.7,0.000,0.000,0.00,0.000,6.5,23.2,4.7,304,31,7.3,25.0,4.7,308,32,7.3,25.0,4.7,308,32,40,27.56,0.2,0,0,0,43.0,46.8,48.7,0.54,0.49,0.42
TANN,2019-11-08 08:45:00 EST,42.17071,-74.11343,2334,19.2,18.9,8.2,81.0,14.3,0.000,0.000,0.00,0.000,8.8,16.1,3.5,313,32,9.5,19.0,3.6,313,30,9.5,19.0,3.6,313,30,63,27.56,0.2,0,0,0,42.9,46.8,48.7,0.54,0.49,0.42
TANN,2019-11-08 08:50:00 EST,42.17071,-74.11343,2334,19.1,18.9,11.9,83.4,14.9,0.000,0.000,0.00,0.000,4.4,17.0,3.0,302,40,5.0,17.9,3.3,300,36,5.0,17.9,3.3,300,36,59,27.56,0.3,0,0,0,42.8,46.8,48.7,0.54,0.49,0.42
TANN,2019-11-08 08:55:00 EST,42.17071,-74.11343,2334,19.2,18.9,10.2,82.3,14.7,0.000,0.000,0.00,0.000,6.1,20.2,4.7,314,31,6.9,22.1,4.6,317,30,6.9,22.1,4.6,317,30,69,27.56,0.3,0,0,0,42.8,46.8,48.7,0.54,0.49,0.42
TANN,2019-11-08 09:00:00 EST,42.17071,-74.11343,2334,19.1,18.9,11.0,82.8,14.7,0.000,0.000,0.00,0.000,4.8,13.0,2.8,286,41,5.9,19.6,3.3,290,38,5.9,19.6,3.3,290,38,83,27.56,0.3,0,0,0,42.8,46.8,48.7,0.54,0.49,0.42
TANN,2019-11-08 09:05:00 EST,42.17071,-74.11343,2334,18.9,18.6,7.3,81.1,14.1,0.000,0.000,0.00,0.000,9.5,20.5,4.5,306,34,10.4,23.2,4.4,310,30,10.4,23.2,4.4,310,30,81,27.56,0.3,0,0,0,42.8,46.8,48.7,0.54,0.49,0.42
TANN,2019-11-08 09:10:00 EST,42.17071,-74.11343,2334,19.2,18.8,10.1,81.4,14.5,0.000,0.000,0.00,0.000,6.1,15.1,3.4,302,33,6.9,16.8,3.5,300,30,6.9,16.8,3.5,300,30,93,27.56,0.3,0,0,0,42.8,46.8,48.7,0.54,0.49,0.42
TANN,2019-11-08 09:15:00 EST,42.17071,-74.11343,2334,19.6,19.1,9.4,81.5,14.9,0.000,0.000,0.00,0.000,7.5,16.7,3.8,302,37,8.5,19.8,3.9,301,35,8.5,19.8,3.9,301,35,107,27.56,0.3,0,0,0,42.8,46.8,48.7,0.53,0.49,0.42
TANN,2019-11-08 09:20:00 EST,42.17071,-74.11343,2334,19.4,19.0,9.3,80.1,14.3,0.000,0.000,0.00,0.000,7.3,19.6,4.0,293,37,8.3,21.8,4.2,296,31,8.3,21.8,4.2,296,31,100,27.56,0.3,0,0,0,42.8,46.8,48.7,0.54,0.49,0.42
TANN,2019-11-08 09:25:00 EST,42.17071,-74.11343,2334,19.4,19.0,9.5,79.7,14.2,0.000,0.000,0.00,0.000,6.9,19.9,3.8,294,38,8.0,22.8,4.3,297,35,8.0,22.8,4.3,297,35,117,27.56,0.3,0,0,0,42.8,46.8,48.7,0.54,0.49,0.42
TANN,2019-11-08 09:30:00 EST,42.17071,-74.11343,2334,19.3,19.0,10.0,79.7,14.0,0.000,0.000,0.00,0.000,6.6,16.1,3.8,301,33,7.2,15.9,3.6,307,30,7.2,15.9,3.6,307,30,81,27.56,0.2,0,0,0,42.8,46.8,48.7,0.53,0.49,0.42
TANN,2019-11-08 09:35:00 EST,42.17071,-74.11343,2334,19.4,19.2,10.9,78.8,13.9,0.000,0.000,0.00,0.000,5.8,17.0,3.7,313,34,6.4,16.7,3.5,315,35,6.4,16.7,3.5,315,35,88,27.56,0.3,0,0,0,42.8,46.8,48.7,0.54,0.49,0.42
TANN,2019-11-08 09:40:00 EST,42.17071,-74.11343,2334,19.8,19.4,10.2,79.4,14.5,0.000,0.000,0.00,0.000,6.8,15.6,3.8,305,36,7.8,20.1,3.9,306,33,7.8,20.1,3.9,306,33,122,27.56,0.3,0,0,0,42.8,46.8,48.7,0.53,0.49,0.42
TANN,2019-11-08 09:45:00 EST,42.17071,-74.11343,2334,20.4,19.8,12.8,79.4,15.0,0.000,0.000,0.00,0.000,4.5,13.7,2.8,299,32,5.6,16.5,3.2,300,31,5.6,16.5,3.2,300,31,102,27.57,0.2,0,0,0,42.8,46.8,48.7,0.54,0.49,0.42
TANN,2019-11-08 09:50:00 EST,42.17071,-74.11343,2334,20.1,19.7,10.0,75.7,13.7,0.000,0.000,0.00,0.000,7.6,17.8,3.7,327,30,8.5,18.1,3.8,330,28,8.5,18.1,3.8,330,28,112,27.57,0.2,0,0,0,42.8,46.8,48.7,0.54,0.49,0.42
TANN,2019-11-08 09:55:00 EST,42.17071,-74.11343,2334,19.9,19.5,10.6,73.7,12.8,0.000,0.000,0.00,0.000,7.2,17.9,3.8,317,27,7.4,17.9,3.7,321,27,7.4,17.9,3.7,321,27,121,27.57,0.2,0,0,0,42.8,46.8,48.7,0.53,0.49,0.42
TANN,2019-11-08 10:00:00 EST,42.17071,-74.11343,2334,20.0,19.5,9.7,74.2,13.1,0.000,0.000,0.00,0.000,7.7,21.0,4.6,303,29,8.7,24.7,4.9,308,27,8.7,24.7,4.9,308,27,86,27.57,0.2,0,0,0,42.8,46.8,48.7,0.53,0.49,0.42
TANN,2019-11-08 10:05:00 EST,42.17071,-74.11343,2334,20.0,19.4,9.9,72.7,12.6,0.000,0.000,0.00,0.000,7.6,22.4,4.8,309,29,8.4,23.9,4.7,311,29,8.4,23.9,4.7,311,29,110,27.57,0.3,0,0,0,42.8,46.8,48.7,0.53,0.49,0.42
TANN,2019-11-08 10:10:00 EST,42.17071,-74.11343,2334,20.0,19.5,11.2,72.6,12.7,0.000,0.000,0.00,0.000,5.8,13.7,3.2,314,41,6.9,14.3,3.2,318,41,6.9,14.3,3.2,318,41,130,27.58,0.3,0,0,0,42.8,46.8,48.7,0.53,0.49,0.42
TANN,2019-11-08 10:15:00 EST,42.17071,-74.11343,2334,19.9,19.4,10.0,72.1,12.4,0.000,0.000,0.00,0.000,7.8,20.2,3.5,305,28,8.2,18.2,3.4,306,27,8.2,18.2,3.4,306,27,97,27.58,0.3,0,0,0,42.8,46.8,48.7,0.53,0.49,0.42
TANN,2019-11-08 10:20:00 EST,42.17071,-74.11343,2334,19.9,19.5,11.9,73.3,12.8,0.000,0.000,0.00,0.000,5.0,14.5,3.1,318,33,5.9,14.5,3.5,324,31,5.9,14.5,3.5,324,31,126,27.58,0.5,0,0,0,42.8,46.8,48.7,0.53,0.49,0.42
TANN,2019-11-08 10:25:00 EST,42.17071,-74.11343,2334,20.4,20.0,10.3,71.4,12.7,0.000,0.000,0.00,0.000,8.1,20.2,3.8,311,26,8.6,17.9,3.7,312,24,8.6,17.9,3.7,312,24,165,27.58,0.3,0,0,0,42.8,46.8,48.7,0.53,0.49,0.42
TANN,2019-11-08 10:30:00 EST,42.17071,-74.11343,2334,20.1,19.7,9.5,69.2,11.7,0.000,0.000,0.00,0.000,8.2,20.8,3.8,313,34,9.2,20.3,4.2,317,34,9.2,20.3,4.2,317,34,87,27.58,0.3,0,0,0,42.8,46.8,48.7,0.53,0.49,0.42
TANN,2019-11-08 10:35:00 EST,42.17071,-74.11343,2334,19.9,19.5,10.5,69.9,11.7,0.000,0.000,0.00,0.000,6.6,17.5,4.0,317,33,7.5,16.9,4.1,319,32,7.5,16.9,4.1,319,32,117,27.58,0.3,0,0,0,42.8,46.8,48.7,0.53,0.49,0.42
TANN,2019-11-08 10:40:00 EST,42.17071,-74.11343,2334,20.1,19.5,10.9,70.2,11.9,0.000,0.000,0.00,0.000,6.4,13.4,2.8,320,31,7.3,19.0,3.0,320,31,7.3,19.0,3.0,320,31,116,27.58,0.3,0,0,0,42.8,46.8,48.7,0.53,0.49,0.42
TANN,2019-11-08 10:45:00 EST,42.17071,-74.11343,2334,20.2,19.6,10.9,70.8,12.2,0.000,0.000,0.00,0.000,6.3,14.5,3.2,320,32,7.4,17.3,3.3,324,32,7.4,17.3,3.3,324,32,92,27.58,0.3,0,0,0,42.8,46.8,48.7,0.53,0.49,0.42
TANN,2019-11-08 10:50:00 EST,42.17071,-74.11343,2334,19.8,19.5,9.7,71.8,12.2,0.000,0.000,0.00,0.000,7.7,19.3,3.3,325,28,8.3,19.4,3.3,327,27,8.3,19.4,3.3,327,27,82,27.58,0.2,0,0,0,42.8,46.8,48.7,0.53,0.49,0.42
TANN,2019-11-08 10:55:00 EST,42.17071,-74.11343,2334,19.6,19.4,10.6,75.5,13.1,0.000,0.000,0.00,0.000,6.0,12.7,3.1,306,40,7.0,13.2,3.1,311,34,7.0,13.2,3.1,311,34,78,27.58,0.3,0,0,0,42.8,46.8,48.7,0.53,0.49,0.42
TANN,2019-11-08 11:00:00 EST,42.17071,-74.11343,2334,19.8,19.4,11.7,78.0,14.1,0.000,0.000,0.00,0.000,5.7,11.7,2.5,316,25,6.0,13.2,2.8,319,25,6.0,13.2,2.8,319,25,63,27.58,0.3,0,0,0,42.8,46.7,48.7,0.53,0.49,0.42
TANN,2019-11-08 11:05:00 EST,42.17071,-74.11343,2334,19.7,19.3,11.3,77.1,13.7,0.000,0.000,0.00,0.000,5.2,15.9,3.1,311,41,6.3,14.9,3.1,309,38,6.3,14.9,3.1,309,38,69,27.58,0.3,0,0,0,42.8,46.8,48.7,0.53,0.49,0.42
TANN,2019-11-08 11:10:00 EST,42.17071,-74.11343,2334,19.9,19.6,11.2,76.2,13.6,0.000,0.000,0.00,0.000,6.2,14.0,2.6,325,32,6.7,14.9,2.7,327,28,6.7,14.9,2.7,327,28,73,27.58,0.3,0,0,0,42.8,46.8,48.7,0.53,0.49,0.42
TANN,2019-11-08 11:15:00 EST,42.17071,-74.11343,2334,19.8,19.5,9.2,73.3,12.6,0.000,0.000,0.00,0.000,8.1,18.5,3.2,321,24,9.1,19.6,3.5,326,24,9.1,19.6,3.5,326,24,65,27.58,0.3,0,0,0,42.8,46.7,48.6,0.53,0.49,0.42
TANN,2019-11-08 11:20:00 EST,42.17071,-74.11343,2334,20.0,19.7,10.9,71.2,12.1,0.000,0.000,0.00,0.000,6.1,16.4,3.2,313,38,7.1,14.4,3.1,313,32,7.1,14.4,3.1,313,32,98,27.58,0.3,0,0,0,42.8,46.6,48.6,0.53,0.49,0.42
TANN,2019-11-08 11:25:00 EST,42.17071,-74.11343,2334,20.8,20.3,11.5,69.3,12.3,0.000,0.000,0.00,0.000,6.8,15.8,3.3,305,32,7.7,19.4,3.5,304,28,7.7,19.4,3.5,304,28,155,27.58,0.4,0,0,0,42.8,46.7,48.7,0.53,0.49,0.42
TANN,2019-11-08 11:30:00 EST,42.17071,-74.11343,2334,21.2,20.7,14.2,68.6,12.5,0.000,0.000,0.00,0.000,4.5,18.3,3.6,322,41,5.2,22.1,4.2,323,30,5.2,22.1,4.2,323,30,140,27.58,0.3,0,0,0,42.8,46.6,48.6,0.53,0.49,0.42
TANN,2019-11-08 11:35:00 EST,42.17071,-74.11343,2334,21.0,20.6,10.7,67.5,12.0,0.000,0.000,0.00,0.000,8.1,20.3,4.8,317,29,9.1,20.6,4.9,319,29,9.1,20.6,4.9,319,29,134,27.58,0.3,0,0,0,42.8,46.6,48.6,0.53,0.49,0.42
TANN,2019-11-08 11:40:00 EST,42.17071,-74.11343,2334,21.3,20.8,11.8,67.3,12.1,0.000,0.000,0.00,0.000,6.8,17.5,3.6,318,34,7.9,18.0,3.5,319,34,7.9,18.0,3.5,319,34,122,27.58,0.2,0,0,0,42.8,46.6,48.6,0.54,0.49,0.42
TANN,2019-11-08 11:45:00 EST,42.17071,-74.11343,2334,21.2,20.8,14.1,67.8,12.3,0.000,0.000,0.00,0.000,4.7,15.3,3.8,321,31,5.3,15.7,3.9,326,31,5.3,15.7,3.9,326,31,93,27.58,0.3,0,0,0,42.8,46.6,48.6,0.53,0.49,0.42
TANN,2019-11-08 11:50:00 EST,42.17071,-74.11343,2334,21.1,20.7,13.1,67.6,12.0,0.000,0.000,0.00,0.000,5.3,12.6,2.8,325,31,6.1,15.6,2.9,325,29,6.1,15.6,2.9,325,29,119,27.58,0.3,0,0,0,42.8,46.6,48.6,0.53,0.49,0.42
TANN,2019-11-08 11:55:00 EST,42.17071,-74.11343,2334,21.4,20.8,12.5,68.8,12.7,0.000,0.000,0.00,0.000,6.3,20.6,4.0,306,32,7.3,16.8,3.8,313,34,7.3,16.8,3.8,313,34,107,27.58,0.3,0,0,0,42.8,46.6,48.6,0.53,0.49,0.42
TANN,2019-11-08 12:00:00 EST,42.17071,-74.11343,2334,20.8,20.5,9.7,67.8,11.8,0.000,0.000,0.00,0.000,8.8,20.4,4.4,316,30,10.1,23.1,4.7,320,26,10.1,23.1,4.7,320,26,104,27.58,0.3,0,0,0,42.8,46.6,48.6,0.53,0.49,0.42
TANN,2019-11-08 12:05:00 EST,42.17071,-74.11343,2334,21.3,20.9,11.3,66.5,11.9,0.000,0.000,0.00,0.000,8.3,19.4,4.3,328,27,8.7,21.1,4.2,331,27,8.7,21.1,4.2,331,27,141,27.58,0.2,0,0,0,42.8,46.6,48.6,0.53,0.49,0.42
TANN,2019-11-08 12:10:00 EST,42.17071,-74.11343,2334,22.0,21.4,13.8,68.2,13.1,0.000,0.000,0.00,0.000,5.7,15.0,2.9,318,31,6.6,18.1,3.4,320,34,6.6,18.1,3.4,320,34,184,27.57,0.4,0,0,0,42.8,46.6,48.6,0.54,0.49,0.42
TANN,2019-11-08 12:15:00 EST,42.17071,-74.11343,2334,22.2,21.6,12.9,66.3,12.7,0.000,0.000,0.00,0.000,7.1,15.7,3.4,315,34,8.0,16.2,3.4,319,35,8.0,16.2,3.4,319,35,156,27.57,0.2,0,0,0,42.9,46.6,48.6,0.53,0.49,0.42
TANN,2019-11-08 12:20:00 EST,42.17071,-74.11343,2334,22.6,21.9,14.9,66.0,13.0,0.000,0.000,0.00,0.000,5.4,12.9,2.9,324,36,6.2,15.2,3.3,328,33,6.2,15.2,3.3,328,33,221,27.57,0.3,0,0,0,42.9,46.6,48.6,0.53,0.49,0.42
TANN,2019-11-08 12:25:00 EST,42.17071,-74.11343,2334,22.7,22.1,13.7,67.2,13.5,0.000,0.000,0.00,0.000,6.7,13.7,2.9,287,34,7.8,16.5,3.3,293,33,7.8,16.5,3.3,293,33,188,27.57,0.4,0,0,0,43.0,46.6,48.6,0.53,0.49,0.42
TANN,2019-11-08 12:30:00 EST,42.17071,-74.11343,2334,22.4,21.7,13.8,69.4,13.9,0.000,0.000,0.00,0.000,6.2,17.5,3.3,298,32,7.1,21.2,3.6,299,30,7.1,21.2,3.6,299,30,175,27.57,0.3,0,0,0,43.0,46.6,48.6,0.53,0.49,0.42
TANN,2019-11-08 12:35:00 EST,42.17071,-74.11343,2334,22.5,21.9,14.9,70.5,14.3,0.000,0.000,0.00,0.000,5.0,13.5,3.2,313,35,5.9,15.2,3.2,313,38,5.9,15.2,3.2,313,38,193,27.57,0.3,0,0,0,43.0,46.6,48.6,0.53,0.49,0.42
TANN,2019-11-08 12:40:00 EST,42.17071,-74.11343,2334,22.4,21.8,12.8,67.9,13.4,0.000,0.000,0.00,0.000,7.6,17.6,3.8,302,32,8.5,18.0,3.8,302,29,8.5,18.0,3.8,302,29,123,27.57,0.3,0,0,0,43.0,46.6,48.6,0.53,0.49,0.42
TANN,2019-11-08 12:45:00 EST,42.17071,-74.11343,2334,21.6,21.2,12.9,69.5,13.2,0.000,0.000,0.00,0.000,6.4,13.0,3.0,318,29,7.0,15.5,3.0,318,28,7.0,15.5,3.0,318,28,89,27.57,0.3,0,0,0,43.0,46.6,48.6,0.53,0.49,0.42
TANN,2019-11-08 12:50:00 EST,42.17071,-74.11343,2334,20.9,20.5,11.0,73.3,13.7,0.000,0.000,0.00,0.000,7.8,15.3,3.5,331,25,8.4,18.0,3.8,334,27,8.4,18.0,3.8,334,27,98,27.57,0.3,0,0,0,43.0,46.6,48.6,0.53,0.49,0.42
TANN,2019-11-08 12:55:00 EST,42.17071,-74.11343,2334,21.0,20.7,13.3,75.4,14.4,0.000,0.000,0.00,0.000,5.2,12.6,2.6,317,28,5.8,13.3,2.8,323,28,5.8,13.3,2.8,323,28,111,27.57,0.2,0,0,0,43.0,46.6,48.6,0.53,0.49,0.42
TANN,2019-11-08 13:00:00 EST,42.17071,-74.11343,2334,21.1,20.7,11.6,74.8,14.3,0.000,0.000,0.00,0.000,7.0,16.4,3.9,327,30,8.0,19.9,4.4,334,28,8.0,19.9,4.4,334,28,146,27.57,0.2,0,0,0,43.0,46.6,48.6,0.53,0.49,0.42
TANN,2019-11-08 13:05:00 EST,42.17071,-74.11343,2334,21.4,20.9,14.5,76.5,15.1,0.000,0.000,0.00,0.000,4.2,11.5,2.8,324,33,5.1,13.8,3.0,329,33,5.1,13.8,3.0,329,33,145,27.57,0.3,0,0,0,43.1,46.6,48.6,0.53,0.49,0.42
TANN,2019-11-08 13:10:00 EST,42.17071,-74.11343,2334,22.2,21.6,14.1,74.2,15.2,0.000,0.000,0.00,0.000,5.5,14.4,3.1,309,32,6.5,17.9,3.2,312,32,6.5,17.9,3.2,312,32,252,27.57,0.3,0,0,0,43.1,46.6,48.6,0.53,0.49,0.42
TANN,2019-11-08 13:15:00 EST,42.17071,-74.11343,2334,22.4,21.7,13.9,71.6,14.6,0.000,0.000,0.00,0.000,6.3,11.8,2.7,315,30,7.1,15.2,3.2,317,27,7.1,15.2,3.2,317,27,128,27.57,0.2,0,0,0,43.2,46.6,48.6,0.53,0.49,0.42
TANN,2019-11-08 13:20:00 EST,42.17071,-74.11343,2334,21.9,21.5,13.5,70.1,13.7,0.000,0.000,0.00,0.000,5.7,15.5,3.8,319,34,6.8,20.9,4.2,321,33,6.8,20.9,4.2,321,33,126,27.57,0.3,0,0,0,43.2,46.6,48.6,0.53,0.49,0.42
TANN,2019-11-08 13:25:00 EST,42.17071,-74.11343,2334,21.6,21.2,12.4,67.5,12.5,0.000,0.000,0.00,0.000,6.4,12.8,2.3,310,33,7.7,14.6,2.9,314,26,7.7,14.6,2.9,314,26,125,27.57,0.3,0,0,0,43.2,46.6,48.6,0.54,0.49,0.42
TANN,2019-11-08 13:30:00 EST,42.17071,-74.11343,2334,21.4,21.0,12.4,68.6,12.7,0.000,0.000,0.00,0.000,6.6,13.8,3.4,315,29,7.4,18.2,3.6,316,27,7.4,18.2,3.6,316,27,127,27.57,0.3,0,0,0,43.2,46.6,48.6,0.54,0.49,0.42
TANN,2019-11-08 13:35:00 EST,42.17071,-74.11343,2334,21.5,21.2,12.8,67.8,12.5,0.000,0.000,0.00,0.000,6.5,14.8,3.4,314,29,7.1,16.5,3.6,315,27,7.1,16.5,3.6,315,27,140,27.57,0.3,0,0,0,43.2,46.6,48.6,0.53,0.49,0.42
TANN,2019-11-08 13:40:00 EST,42.17071,-74.11343,2334,21.6,21.3,12.4,66.1,12.0,0.000,0.000,0.00,0.000,6.6,15.3,3.5,315,31,7.7,18.4,4.0,314,32,7.7,18.4,4.0,314,32,100,27.58,0.3,0,0,0,43.2,46.6,48.6,0.53,0.49,0.42
TANN,2019-11-08 13:45:00 EST,42.17071,-74.11343,2334,21.6,21.3,12.2,64.0,11.3,0.000,0.000,0.00,0.000,7.0,14.7,3.4,324,29,8.1,17.0,3.4,328,26,8.1,17.0,3.4,328,26,197,27.58,0.4,0,0,0,43.2,46.6,48.6,0.53,0.49,0.42
TANN,2019-11-08 13:50:00 EST,42.17071,-74.11343,2334,22.1,21.6,14.7,64.4,12.0,0.000,0.000,0.00,0.000,5.2,14.3,3.0,320,35,5.8,14.6,3.1,323,27,5.8,14.6,3.1,323,27,152,27.58,0.3,0,0,0,43.2,46.6,48.6,0.53,0.49,0.42
TANN,2019-11-08 13:55:00 EST,42.17071,-74.11343,2334,22.4,21.9,14.2,63.4,11.8,0.000,0.000,0.00,0.000,6.0,15.3,3.3,312,27,6.7,21.9,3.5,315,27,6.7,21.9,3.5,315,27,173,27.58,0.3,0,0,0,43.2,46.6,48.6,0.53,0.49,0.42
TANN,2019-11-08 14:00:00 EST,42.17071,-74.11343,2334,22.2,21.8,12.2,62.5,11.4,0.000,0.000,0.00,0.000,7.8,16.1,3.6,329,31,9.0,20.2,3.8,332,29,9.0,20.2,3.8,332,29,174,27.57,0.3,0,0,0,43.3,46.6,48.6,0.53,0.49,0.42
TANN,2019-11-08 14:05:00 EST,42.17071,-74.11343,2334,22.2,21.8,14.8,65.1,12.3,0.000,0.000,0.00,0.000,4.8,12.9,2.8,328,32,5.7,13.1,3.0,329,28,5.7,13.1,3.0,329,28,152,27.57,0.3,0,0,0,43.3,46.6,48.6,0.53,0.49,0.42
TANN,2019-11-08 14:10:00 EST,42.17071,-74.11343,2334,22.9,22.4,15.4,65.3,13.0,0.000,0.000,0.00,0.000,5.0,15.1,2.9,312,37,6.0,17.2,3.1,312,33,6.0,17.2,3.1,312,33,242,27.57,0.2,0,0,0,43.3,46.6,48.6,0.53,0.49,0.42
TANN,2019-11-08 14:15:00 EST,42.17071,-74.11343,2334,22.3,21.9,13.2,65.4,12.5,0.000,0.000,0.00,0.000,6.8,15.9,3.0,308,33,7.9,16.6,3.3,313,33,7.9,16.6,3.3,313,33,197,27.58,0.3,0,0,0,43.3,46.6,48.6,0.53,0.49,0.42
TANN,2019-11-08 14:20:00 EST,42.17071,-74.11343,2334,22.3,21.9,13.2,66.3,12.7,0.000,0.000,0.00,0.000,6.6,19.6,3.5,320,32,7.7,19.3,3.8,320,30,7.7,19.3,3.8,320,30,186,27.58,0.3,0,0,0,43.3,46.5,48.6,0.53,0.49,0.42
TANN,2019-11-08 14:25:00 EST,42.17071,-74.11343,2334,22.2,21.9,14.4,67.4,13.0,0.000,0.000,0.00,0.000,5.4,13.7,3.2,304,36,6.2,14.9,3.3,306,36,6.2,14.9,3.3,306,36,143,27.58,0.3,0,0,0,43.3,46.5,48.6,0.53,0.49,0.42
TANN,2019-11-08 14:30:00 EST,42.17071,-74.11343,2334,22.1,21.6,14.8,70.5,13.9,0.000,0.000,0.00,0.000,4.3,13.0,2.6,291,42,5.5,14.8,2.9,295,39,5.5,14.8,2.9,295,39,209,27.58,0.3,0,0,0,43.3,46.4,48.6,0.53,0.49,0.42
TANN,2019-11-08 14:35:00 EST,42.17071,-74.11343,2334,22.5,22.0,14.1,69.9,14.1,0.000,0.000,0.00,0.000,6.0,13.5,2.5,307,32,6.8,16.2,3.1,308,36,6.8,16.2,3.1,308,36,227,27.58,0.3,0,0,0,43.3,46.4,48.6,0.53,0.49,0.42
TANN,2019-11-08 14:40:00 EST,42.17071,-74.11343,2334,22.1,21.8,14.6,68.1,13.1,0.000,0.000,0.00,0.000,5.2,13.2,2.9,319,26,5.8,14.8,2.8,318,25,5.8,14.8,2.8,318,25,102,27.58,0.3,0,0,0,43.3,46.4,48.6,0.53,0.49,0.42
TANN,2019-11-08 14:45:00 EST,42.17071,-74.11343,2334,21.6,21.4,12.7,69.5,13.1,0.000,0.000,0.00,0.000,6.1,16.7,4.0,324,42,7.3,23.4,4.4,330,33,7.3,23.4,4.4,330,33,84,27.59,0.3,0,0,0,43.3,46.4,48.6,0.53,0.49,0.42
TANN,2019-11-08 14:50:00 EST,42.17071,-74.11343,2334,21.2,21.0,11.8,68.9,12.6,0.000,0.000,0.00,0.000,7.0,16.8,4.0,312,30,7.9,17.2,3.7,317,31,7.9,17.2,3.7,317,31,98,27.59,0.2,0,0,0,43.3,46.4,48.6,0.53,0.49,0.42
TANN,2019-11-08 14:55:00 EST,42.17071,-74.11343,2334,21.4,21.1,12.8,70.6,13.3,0.000,0.000,0.00,0.000,6.0,13.7,3.4,316,29,6.9,18.9,3.6,314,29,6.9,18.9,3.6,314,29,126,27.59,0.3,0,0,0,43.4,46.4,48.6,0.53,0.49,0.42
TANN,2019-11-08 15:00:00 EST,42.17071,-74.11343,2334,21.2,21.0,14.0,70.8,13.2,0.000,0.000,0.00,0.000,4.8,15.1,3.4,306,26,5.4,15.2,3.4,306,33,5.4,15.2,3.4,306,33,91,27.59,0.2,0,0,0,43.4,46.4,48.6,0.53,0.49,0.42
TANN,2019-11-08 15:05:00 EST,42.17071,-74.11343,2334,21.5,21.2,13.5,71.6,13.7,0.000,0.000,0.00,0.000,5.2,13.4,2.9,312,34,6.2,16.2,3.3,315,33,6.2,16.2,3.3,315,33,155,27.59,0.3,0,0,0,43.5,46.4,48.6,0.53,0.49,0.42
TANN,2019-11-08 15:10:00 EST,42.17071,-74.11343,2334,21.1,20.9,11.7,71.5,13.3,0.000,0.000,0.00,0.000,7.2,16.6,4.2,318,31,7.8,23.6,4.2,321,31,7.8,23.6,4.2,321,31,44,27.59,0.3,0,0,0,43.5,46.4,48.6,0.53,0.49,0.42
TANN,2019-11-08 15:15:00 EST,42.17071,-74.11343,2334,20.8,20.7,14.7,72.9,13.5,0.000,0.000,0.00,0.000,3.4,7.7,1.8,313,41,4.4,11.0,2.2,311,38,4.4,11.0,2.2,311,38,65,27.60,0.3,0,0,0,43.5,46.4,48.6,0.53,0.49,0.42
TANN,2019-11-08 15:20:00 EST,42.17071,-74.11343,2334,20.7,20.6,12.7,73.4,13.6,0.000,0.000,0.00,0.000,5.0,10.6,2.7,320,36,6.1,14.1,3.1,323,35,6.1,14.1,3.1,323,35,27,27.60,0.3,0,0,0,43.5,46.4,48.6,0.53,0.49,0.42
TANN,2019-11-08 15:25:00 EST,42.17071,-74.11343,2334,20.6,20.5,11.1,72.8,13.3,0.000,0.000,0.00,0.000,7.0,11.9,2.5,325,28,7.8,15.0,2.7,331,27,7.8,15.0,2.7,331,27,28,27.60,0.3,0,0,0,43.5,46.4,48.6,0.53,0.49,0.42
TANN,2019-11-08 15:30:00 EST,42.17071,-74.11343,2334,20.5,20.4,12.8,74.5,13.7,0.000,0.000,0.00,0.000,4.8,11.5,2.4,318,36,5.7,13.2,2.6,316,36,5.7,13.2,2.6,316,36,24,27.60,0.3,0,0,0,43.5,46.4,48.6,0.53,0.49,0.42
TANN,2019-11-08 15:35:00 EST,42.17071,-74.11343,2334,20.3,20.2,12.4,77.7,14.4,0.000,0.000,0.00,0.000,4.9,15.4,3.4,323,39,5.8,16.0,3.7,325,37,5.8,16.0,3.7,325,37,22,27.60,0.3,0,0,0,43.5,46.4,48.6,0.53,0.49,0.42
TANN,2019-11-08 15:40:00 EST,42.17071,-74.11343,2334,19.9,19.8,14.0,82.7,15.5,0.000,0.000,0.00,0.000,3.1,10.9,2.3,311,37,4.0,12.6,2.7,313,37,4.0,12.6,2.7,313,37,21,27.61,0.2,0,0,0,43.5,46.4,48.6,0.53,0.49,0.42
TANN,2019-11-08 15:45:00 EST,42.17071,-74.11343,2334,19.5,19.6,11.1,83.0,15.2,0.000,0.000,0.00,0.000,5.7,16.0,3.4,315,33,6.3,16.9,3.4,315,34,6.3,16.9,3.4,315,34,22,27.61,0.3,0,0,0,43.5,46.4,48.6,0.53,0.49,0.42
TANN,2019-11-08 15:50:00 EST,42.17071,-74.11343,2334,19.8,19.8,12.2,80.3,14.7,0.000,0.000,0.00,0.000,5.0,12.6,2.5,314,31,5.5,14.2,2.7,314,31,5.5,14.2,2.7,314,31,37,27.61,0.3,0,0,0,43.5,46.4,48.6,0.53,0.49,0.42
TANN,2019-11-08 15:55:00 EST,42.17071,-74.11343,2334,20.3,20.2,13.8,77.8,14.4,0.000,0.000,0.00,0.000,4.1,11.6,2.9,306,31,4.6,10.4,2.7,311,34,4.6,10.4,2.7,311,34,46,27.61,0.3,0,0,0,43.5,46.4,48.6,0.53,0.49,0.42
TANN,2019-11-08 16:00:00 EST,42.17071,-74.11343,2334,20.4,20.3,12.0,75.3,13.8,0.000,0.000,0.00,0.000,5.6,15.0,3.3,309,32,6.4,14.7,3.1,311,33,6.4,14.7,3.1,311,33,73,27.61,0.2,0,0,0,43.5,46.4,48.6,0.53,0.49,0.42
TANN,2019-11-08 16:05:00 EST,42.17071,-74.11343,2334,20.4,20.4,12.9,73.4,13.3,0.000,0.000,0.00,0.000,5.0,18.4,3.3,298,35,5.6,19.8,3.3,302,37,5.6,19.8,3.3,302,37,84,27.61,0.3,0,0,0,43.5,46.4,48.6,0.53,0.49,0.42
TANN,2019-11-08 16:10:00 EST,42.17071,-74.11343,2334,20.3,20.3,12.5,73.2,13.1,0.000,0.000,0.00,0.000,5.3,20.5,4.2,297,31,5.8,23.3,4.5,299,30,5.8,23.3,4.5,299,30,58,27.61,0.3,0,0,0,43.5,46.4,48.6,0.53,0.49,0.42
TANN,2019-11-08 16:15:00 EST,42.17071,-74.11343,2334,20.3,20.3,13.5,74.0,13.3,0.000,0.000,0.00,0.000,4.0,11.9,2.8,302,32,4.8,13.5,2.6,302,35,4.8,13.5,2.6,302,35,54,27.61,0.3,0,0,0,43.5,46.4,48.6,0.53,0.49,0.42
TANN,2019-11-08 16:20:00 EST,42.17071,-74.11343,2334,20.1,20.1,12.9,72.4,12.6,0.000,0.000,0.00,0.000,3.9,17.2,3.4,292,40,5.1,20.1,3.7,291,38,5.1,20.1,3.7,291,38,23,27.62,0.3,0,0,0,43.5,46.4,48.6,0.53,0.49,0.42
TANN,2019-11-08 16:25:00 EST,42.17071,-74.11343,2334,19.7,19.9,13.4,72.6,12.4,0.000,0.000,0.00,0.000,3.5,11.0,2.2,301,44,4.4,12.7,2.4,304,41,4.4,12.7,2.4,304,41,11,27.62,0.2,0,0,0,43.5,46.4,48.6,0.53,0.49,0.42
TANN,2019-11-08 16:30:00 EST,42.17071,-74.11343,2334,19.6,19.8,11.4,71.6,11.9,0.000,0.000,0.00,0.000,5.2,14.0,3.5,308,39,6.1,17.2,3.6,313,38,6.1,17.2,3.6,313,38,7,27.62,0.3,0,0,0,43.5,46.4,48.6,0.53,0.49,0.42
TANN,2019-11-08 16:35:00 EST,42.17071,-74.11343,2334,19.6,19.8,12.5,70.6,11.6,0.000,0.000,0.00,0.000,4.2,16.7,3.7,310,32,5.0,17.9,3.7,308,29,5.0,17.9,3.7,308,29,6,27.62,0.3,0,0,0,43.5,46.4,48.6,0.53,0.49,0.42
TANN,2019-11-08 16:40:00 EST,42.17071,-74.11343,2334,19.5,19.7,13.2,73.2,12.3,0.000,0.000,0.00,0.000,3.7,11.7,2.4,292,27,4.4,14.4,2.7,295,28,4.4,14.4,2.7,295,28,4,27.62,0.3,0,0,0,43.5,46.4,48.6,0.53,0.49,0.42
TANN,2019-11-08 16:45:00 EST,42.17071,-74.11343,2334,19.3,19.5,13.4,76.7,13.2,0.000,0.000,0.00,0.000,3.3,9.1,1.8,301,35,4.0,10.0,1.9,304,37,4.0,10.0,1.9,304,37,3,27.62,0.3,0,0,0,43.5,46.4,48.6,0.53,0.49,0.42
TANN,2019-11-08 16:50:00 EST,42.17071,-74.11343,2334,19.2,19.3,12.0,79.7,14.0,0.000,0.000,0.00,0.000,4.3,11.5,2.3,300,35,5.1,12.7,2.5,303,35,5.1,12.7,2.5,303,35,2,27.62,0.3,0,0,0,43.5,46.4,48.5,0.53,0.49,0.42
TANN,2019-11-08 16:55:00 EST,42.17071,-74.11343,2334,19.1,19.1,11.5,83.6,14.9,0.000,0.000,0.00,0.000,4.4,11.2,2.8,300,36,5.3,12.5,2.9,302,37,5.3,12.5,2.9,302,37,1,27.63,0.3,0,0,0,43.4,46.4,48.6,0.53,0.49,0.42
TANN,2019-11-08 17:00:00 EST,42.17071,-74.11343,2334,18.8,19.0,11.0,83.9,14.8,0.000,0.000,0.00,0.000,5.1,10.4,2.3,309,28,5.6,13.3,2.4,311,29,5.6,13.3,2.4,311,29,0,27.63,0.3,0,0,0,43.3,46.4,48.6,0.53,0.49,0.42
TANN,2019-11-08 17:05:00 EST,42.17071,-74.11343,2334,18.8,18.9,11.6,82.5,14.3,0.000,0.000,0.00,0.000,4.2,9.9,2.4,311,37,4.9,11.6,2.6,314,36,4.9,11.6,2.6,314,36,0,27.63,0.3,0,0,0,43.3,46.4,48.5,0.53,0.49,0.42
TANN,2019-11-08 17:10:00 EST,42.17071,-74.11343,2334,18.8,18.9,9.8,80.6,13.8,0.000,0.000,0.00,0.000,5.8,12.4,3.2,315,26,6.8,15.2,3.6,317,25,6.8,15.2,3.6,317,25,0,27.63,0.3,0,0,0,43.3,46.4,48.5,0.53,0.49,0.42
TANN,2019-11-08 17:15:00 EST,42.17071,-74.11343,2334,18.8,19.0,12.1,79.9,13.7,0.000,0.000,0.00,0.000,4.0,9.7,1.8,325,29,4.6,11.9,2.1,326,28,4.6,11.9,2.1,326,28,0,27.64,0.3,0,0,0,43.3,46.4,48.5,0.53,0.49,0.42
TANN,2019-11-08 17:20:00 EST,42.17071,-74.11343,2334,18.8,19.0,10.6,79.0,13.4,0.000,0.000,0.00,0.000,5.2,13.4,2.4,312,35,5.9,14.6,2.8,317,32,5.9,14.6,2.8,317,32,0,27.64,0.3,0,0,0,43.3,46.4,48.5,0.53,0.49,0.42
TANN,2019-11-08 17:25:00 EST,42.17071,-74.11343,2334,19.0,19.1,10.2,76.6,12.8,0.000,0.000,0.00,0.000,5.9,13.0,2.4,311,28,6.5,13.8,2.4,314,28,6.5,13.8,2.4,314,28,0,27.64,0.3,0,0,0,43.3,46.4,48.5,0.53,0.49,0.42
TANN,2019-11-08 17:30:00 EST,42.17071,-74.11343,2334,19.0,19.1,14.2,78.1,13.3,0.000,0.000,0.00,0.000,2.6,8.8,2.0,336,27,3.2,11.1,2.0,330,38,3.2,11.1,2.0,330,38,0,27.64,0.3,0,0,0,43.3,46.4,48.5,0.53,0.49,0.42
TANN,2019-11-08 17:35:00 EST,42.17071,-74.11343,2334,18.9,19.0,18.9,79.4,13.6,0.000,0.000,0.00,0.000,1.8,8.5,1.5,299,40,2.7,8.8,1.6,298,42,2.7,8.8,1.6,298,42,0,27.64,0.3,0,0,0,43.3,46.4,48.4,0.53,0.49,0.42
TANN,2019-11-08 17:40:00 EST,42.17071,-74.11343,2334,18.8,18.9,12.4,79.5,13.5,0.000,0.000,0.00,0.000,3.3,9.8,2.1,314,47,4.4,10.5,2.2,318,45,4.4,10.5,2.2,318,45,0,27.65,0.3,0,0,0,43.3,46.4,48.4,0.53,0.49,0.42
TANN,2019-11-08 17:45:00 EST,42.17071,-74.11343,2334,18.8,18.9,12.6,79.8,13.6,0.000,0.000,0.00,0.000,3.6,9.4,2.5,304,32,4.2,11.7,2.3,303,40,4.2,11.7,2.3,303,40,0,27.65,0.3,0,0,0,43.3,46.4,48.4,0.53,0.49,0.42
TANN,2019-11-08 17:50:00 EST,42.17071,-74.11343,2334,18.7,18.8,12.3,79.3,13.3,0.000,0.000,0.00,0.000,3.9,9.5,2.3,304,24,4.3,10.5,2.2,302,24,4.3,10.5,2.2,302,24,0,27.65,0.3,0,0,0,43.3,46.4,48.4,0.53,0.49,0.42
TANN,2019-11-08 17:55:00 EST,42.17071,-74.11343,2334,18.7,18.8,10.5,79.3,13.3,0.000,0.000,0.00,0.000,4.9,14.5,3.5,317,42,5.9,15.9,3.6,317,42,5.9,15.9,3.6,317,42,0,27.65,0.3,0,0,0,43.3,46.4,48.4,0.53,0.49,0.42
TANN,2019-11-08 18:00:00 EST,42.17071,-74.11343,2334,18.6,18.7,18.6,78.5,13.0,0.000,0.000,0.00,0.000,2.5,11.8,2.4,326,36,2.8,12.3,2.5,327,34,2.8,12.3,2.5,327,34,0,27.65,0.3,0,0,0,43.3,46.4,48.4,0.53,0.49,0.42
TANN,2019-11-08 18:05:00 EST,42.17071,-74.11343,2334,18.6,18.7,11.7,79.2,13.2,0.000,0.000,0.00,0.000,3.7,11.3,2.5,309,41,4.7,12.2,2.6,310,40,4.7,12.2,2.6,310,40,0,27.66,0.3,0,0,0,43.2,46.4,48.4,0.53,0.49,0.42
TANN,2019-11-08 18:10:00 EST,42.17071,-74.11343,2334,18.6,18.6,11.8,79.6,13.3,0.000,0.000,0.00,0.000,4.1,9.3,1.8,309,29,4.6,9.1,2.1,311,27,4.6,9.1,2.1,311,27,0,27.66,0.3,0,0,0,43.2,46.4,48.4,0.53,0.49,0.42
TANN,2019-11-08 18:15:00 EST,42.17071,-74.11343,2334,18.6,18.6,12.9,80.1,13.4,0.000,0.000,0.00,0.000,3.1,9.2,2.0,298,35,3.7,10.7,2.1,298,35,3.7,10.7,2.1,298,35,0,27.66,0.3,0,0,0,43.2,46.4,48.4,0.53,0.49,0.42
TANN,2019-11-08 18:20:00 EST,42.17071,-74.11343,2334,18.6,18.6,11.6,80.9,13.7,0.000,0.000,0.00,0.000,4.3,12.9,3.3,302,31,4.7,13.0,3.3,306,33,4.7,13.0,3.3,306,33,0,27.66,0.3,0,0,0,43.2,46.4,48.4,0.53,0.49,0.42
TANN,2019-11-08 18:25:00 EST,42.17071,-74.11343,2334,18.6,18.6,11.6,81.2,13.8,0.000,0.000,0.00,0.000,4.1,9.1,2.2,305,29,4.8,11.3,2.2,305,27,4.8,11.3,2.2,305,27,0,27.66,0.3,0,0,0,43.2,46.4,48.4,0.53,0.49,0.42
TANN,2019-11-08 18:30:00 EST,42.17071,-74.11343,2334,18.6,18.6,12.6,81.6,13.9,0.000,0.000,0.00,0.000,3.1,9.6,2.3,288,44,4.0,13.5,2.6,286,43,4.0,13.5,2.6,286,43,0,27.67,0.3,0,0,0,43.2,46.4,48.4,0.53,0.49,0.42
TANN,2019-11-08 18:35:00 EST,42.17071,-74.11343,2334,18.5,18.6,12.3,80.6,13.6,0.000,0.000,0.00,0.000,3.5,8.9,2.0,291,29,4.1,11.3,2.2,293,29,4.1,11.3,2.2,293,29,0,27.67,0.3,0,0,0,43.2,46.4,48.4,0.53,0.49,0.42
TANN,2019-11-08 18:40:00 EST,42.17071,-74.11343,2334,18.5,18.5,12.8,80.8,13.6,0.000,0.000,0.00,0.000,3.2,8.2,1.7,310,35,3.8,9.0,1.8,311,37,3.8,9.0,1.8,311,37,0,27.67,0.3,0,0,0,43.2,46.4,48.4,0.53,0.49,0.42
TANN,2019-11-08 18:45:00 EST,42.17071,-74.11343,2334,18.6,18.6,11.7,79.7,13.4,0.000,0.000,0.00,0.000,4.1,10.0,2.4,306,37,4.7,11.4,2.5,309,36,4.7,11.4,2.5,309,36,0,27.67,0.3,0,0,0,43.2,46.4,48.4,0.53,0.49,0.42
TANN,2019-11-08 18:50:00 EST,42.17071,-74.11343,2334,18.6,18.7,13.4,79.7,13.4,0.000,0.000,0.00,0.000,2.7,7.6,1.9,297,44,3.5,8.8,2.0,301,49,3.5,8.8,2.0,301,49,0,27.67,0.3,0,0,0,43.2,46.4,48.4,0.53,0.49,0.42
TANN,2019-11-08 18:55:00 EST,42.17071,-74.11343,2334,18.6,18.7,13.5,80.4,13.6,0.000,0.000,0.00,0.000,2.8,8.9,2.1,298,39,3.4,10.3,2.1,299,43,3.4,10.3,2.1,299,43,0,27.68,0.3,0,0,0,43.2,46.4,48.4,0.53,0.49,0.42
TANN,2019-11-08 19:00:00 EST,42.17071,-74.11343,2334,18.8,18.8,13.1,79.3,13.4,0.000,0.000,0.00,0.000,3.2,11.0,2.4,306,34,3.8,11.6,2.4,302,34,3.8,11.6,2.4,302,34,0,27.68,0.3,0,0,0,43.2,46.4,48.4,0.53,0.49,0.42
TANN,2019-11-08 19:05:00 EST,42.17071,-74.11343,2334,18.8,18.8,13.5,79.8,13.6,0.000,0.000,0.00,0.000,2.6,7.5,1.7,290,42,3.5,8.0,1.9,287,41,3.5,8.0,1.9,287,41,0,27.68,0.3,0,0,0,43.2,46.4,48.4,0.53,0.49,0.42
TANN,2019-11-08 19:10:00 EST,42.17071,-74.11343,2334,18.7,18.8,11.9,78.4,13.1,0.000,0.000,0.00,0.000,3.9,11.3,2.6,300,37,4.6,12.3,2.7,302,36,4.6,12.3,2.7,302,36,0,27.68,0.3,0,0,0,43.1,46.4,48.4,0.53,0.49,0.42
TANN,2019-11-08 19:15:00 EST,42.17071,-74.11343,2334,18.7,18.7,11.4,78.1,13.0,0.000,0.000,0.00,0.000,4.5,11.5,1.9,290,30,5.1,12.3,1.9,290,29,5.1,12.3,1.9,290,29,0,27.68,0.3,0,0,0,43.0,46.4,48.4,0.53,0.49,0.42
TANN,2019-11-08 19:20:00 EST,42.17071,-74.11343,2334,18.7,18.7,10.4,77.6,12.8,0.000,0.000,0.00,0.000,5.4,12.6,2.7,325,25,6.0,15.6,3.1,327,23,6.0,15.6,3.1,327,23,0,27.68,0.3,0,0,0,43.0,46.4,48.4,0.53,0.49,0.42
TANN,2019-11-08 19:25:00 EST,42.17071,-74.11343,2334,18.7,18.7,10.8,78.4,13.1,0.000,0.000,0.00,0.000,5.1,12.1,2.8,305,32,5.6,13.6,3.2,306,31,5.6,13.6,3.2,306,31,0,27.68,0.3,0,0,0,43.0,46.4,48.4,0.53,0.49,0.42
TANN,2019-11-08 19:30:00 EST,42.17071,-74.11343,2334,18.6,18.7,11.5,78.7,13.1,0.000,0.000,0.00,0.000,4.3,11.3,2.4,317,35,4.9,11.1,2.5,321,33,4.9,11.1,2.5,321,33,0,27.68,0.3,0,0,0,43.0,46.4,48.4,0.53,0.49,0.42
TANN,2019-11-08 19:35:00 EST,42.17071,-74.11343,2334,18.7,18.7,12.9,80.3,13.6,0.000,0.000,0.00,0.000,3.4,7.7,1.6,296,39,3.8,8.4,1.7,296,36,3.8,8.4,1.7,296,36,0,27.68,0.3,0,0,0,43.0,46.4,48.4,0.53,0.49,0.42
TANN,2019-11-08 19:40:00 EST,42.17071,-74.11343,2334,18.4,18.5,10.7,79.9,13.3,0.000,0.000,0.00,0.000,4.4,13.4,3.0,313,37,5.4,15.9,3.5,317,34,5.4,15.9,3.5,317,34,0,27.68,0.3,0,0,0,43.0,46.4,48.4,0.53,0.49,0.42
TANN,2019-11-08 19:45:00 EST,42.17071,-74.11343,2334,18.5,18.6,10.1,77.8,12.7,0.000,0.000,0.00,0.000,5.2,12.7,2.8,319,30,6.0,13.6,3.0,321,31,6.0,13.6,3.0,321,31,0,27.68,0.3,0,0,0,43.0,46.4,48.4,0.53,0.49,0.42
TANN,2019-11-08 19:50:00 EST,42.17071,-74.11343,2334,18.4,18.5,11.6,78.7,12.9,0.000,0.000,0.00,0.000,4.1,9.4,1.9,325,33,4.6,11.2,2.3,326,33,4.6,11.2,2.3,326,33,0,27.69,0.3,0,0,0,43.0,46.4,48.4,0.53,0.49,0.42
TANN,2019-11-08 19:55:00 EST,42.17071,-74.11343,2334,18.5,18.5,11.6,79.5,13.2,0.000,0.000,0.00,0.000,3.6,9.0,1.8,333,34,4.7,9.0,1.9,336,29,4.7,9.0,1.9,336,29,0,27.69,0.3,0,0,0,43.0,46.4,48.4,0.53,0.49,0.42
TANN,2019-11-08 20:00:00 EST,42.17071,-74.11343,2334,18.5,18.5,12.1,78.9,13.0,0.000,0.000,0.00,0.000,3.3,9.4,1.8,316,30,4.2,11.9,1.9,316,31,4.2,11.9,1.9,316,31,0,27.69,0.3,0,0,0,43.0,46.4,48.4,0.53,0.49,0.42
TANN,2019-11-08 20:05:00 EST,42.17071,-74.11343,2334,18.4,18.4,9.7,78.2,12.7,0.000,0.000,0.00,0.000,5.8,21.5,3.7,295,24,6.3,22.8,4.0,297,21,6.3,22.8,4.0,297,21,0,27.69,0.4,0,0,0,43.0,46.4,48.4,0.53,0.49,0.42
TANN,2019-11-08 20:10:00 EST,42.17071,-74.11343,2334,18.4,18.5,9.0,77.0,12.4,0.000,0.000,0.00,0.000,6.2,13.6,2.9,318,30,7.1,16.5,3.0,322,30,7.1,16.5,3.0,322,30,0,27.69,0.3,0,0,0,43.0,46.4,48.4,0.53,0.49,0.42
TANN,2019-11-08 20:15:00 EST,42.17071,-74.11343,2334,18.4,18.4,11.6,78.4,12.8,0.000,0.000,0.00,0.000,3.8,8.6,1.8,329,32,4.6,10.7,1.9,331,29,4.6,10.7,1.9,331,29,0,27.69,0.3,0,0,0,42.9,46.4,48.4,0.53,0.49,0.42
TANN,2019-11-08 20:20:00 EST,42.17071,-74.11343,2334,18.4,18.4,10.7,77.7,12.5,0.000,0.000,0.00,0.000,5.1,11.8,2.2,318,21,5.3,11.4,2.0,321,19,5.3,11.4,2.0,321,19,0,27.69,0.3,0,0,0,42.9,46.4,48.4,0.53,0.49,0.42
TANN,2019-11-08 20:25:00 EST,42.17071,-74.11343,2334,18.3,18.3,10.8,77.8,12.5,0.000,0.000,0.00,0.000,4.5,8.6,1.9,321,30,5.2,12.5,2.2,320,27,5.2,12.5,2.2,320,27,0,27.69,0.3,0,0,0,42.9,46.4,48.4,0.53,0.49,0.42
TANN,2019-11-08 20:30:00 EST,42.17071,-74.11343,2334,18.2,18.3,9.8,78.0,12.5,0.000,0.000,0.00,0.000,4.9,16.7,3.1,306,31,6.0,18.0,3.4,306,32,6.0,18.0,3.4,306,32,0,27.69,0.3,0,0,0,42.8,46.4,48.4,0.53,0.49,0.42
TANN,2019-11-08 20:35:00 EST,42.17071,-74.11343,2334,18.1,18.2,9.7,77.0,12.1,0.000,0.000,0.00,0.000,5.3,13.0,2.5,316,29,6.0,13.3,2.4,319,26,6.0,13.3,2.4,319,26,0,27.69,0.3,0,0,0,42.8,46.4,48.4,0.53,0.49,0.42
TANN,2019-11-08 20:40:00 EST,42.17071,-74.11343,2334,17.9,18.1,8.4,76.8,11.9,0.000,0.000,0.00,0.000,6.3,15.6,3.1,305,25,7.1,18.4,3.5,309,24,7.1,18.4,3.5,309,24,0,27.69,0.3,0,0,0,42.8,46.4,48.4,0.53,0.49,0.42
TANN,2019-11-08 20:45:00 EST,42.17071,-74.11343,2334,17.7,17.9,10.2,78.4,12.2,0.000,0.000,0.00,0.000,4.5,9.1,2.0,312,26,5.1,10.0,2.0,311,25,5.1,10.0,2.0,311,25,0,27.69,0.3,0,0,0,42.8,46.4,48.4,0.53,0.49,0.42
TANN,2019-11-08 20:50:00 EST,42.17071,-74.11343,2334,17.7,17.9,8.6,77.6,11.9,0.000,0.000,0.00,0.000,5.9,15.9,2.9,324,22,6.6,14.6,2.8,328,20,6.6,14.6,2.8,328,20,0,27.69,0.4,0,0,0,42.8,46.4,48.4,0.53,0.49,0.42
TANN,2019-11-08 20:55:00 EST,42.17071,-74.11343,2334,17.5,17.7,11.1,77.8,11.7,0.000,0.000,0.00,0.000,3.9,12.4,2.4,305,29,4.1,12.1,2.5,305,29,4.1,12.1,2.5,305,29,0,27.69,0.3,0,0,0,42.8,46.4,48.4,0.53,0.49,0.42
TANN,2019-11-08 21:00:00 EST,42.17071,-74.11343,2334,17.3,17.6,10.0,79.6,12.0,0.000,0.000,0.00,0.000,4.2,12.3,2.4,314,27,4.8,12.8,2.5,315,30,4.8,12.8,2.5,315,30,0,27.70,0.3,0,0,0,42.8,46.4,48.4,0.53,0.49,0.42
TANN,2019-11-08 21:05:00 EST,42.17071,-74.11343,2334,17.3,17.6,9.1,78.8,11.8,0.000,0.000,0.00,0.000,4.5,10.8,2.5,310,31,5.6,12.8,2.8,313,30,5.6,12.8,2.8,313,30,0,27.70,0.3,0,0,0,42.8,46.4,48.4,0.53,0.49,0.42
TANN,2019-11-08 21:10:00 EST,42.17071,-74.11343,2334,16.9,17.3,16.9,80.6,12.0,0.000,0.000,0.00,0.000,2.3,5.9,1.4,304,33,2.9,8.1,1.4,299,33,2.9,8.1,1.4,299,33,0,27.70,0.3,0,0,0,42.8,46.4,48.4,0.53,0.49,0.42
TANN,2019-11-08 21:15:00 EST,42.17071,-74.11343,2334,16.7,17.1,10.4,83.0,12.5,0.000,0.000,0.00,0.000,3.5,9.1,1.9,307,28,4.1,8.5,1.9,308,27,4.1,8.5,1.9,308,27,0,27.70,0.3,0,0,0,42.8,46.4,48.4,0.53,0.49,0.42
TANN,2019-11-08 21:20:00 EST,42.17071,-74.11343,2334,16.6,16.9,16.6,83.9,12.6,0.000,0.000,0.00,0.000,1.9,6.2,1.7,314,33,2.5,8.0,1.8,316,37,2.5,8.0,1.8,316,37,0,27.70,0.3,0,0,0,42.8,46.4,48.4,0.53,0.49,0.42
TANN,2019-11-08 21:25:00 EST,42.17071,-74.11343,2334,16.4,16.8,9.9,85.1,12.7,0.000,0.000,0.00,0.000,3.3,12.8,2.5,308,32,4.2,15.9,2.6,308,40,4.2,15.9,2.6,308,40,0,27.70,0.3,0,0,0,42.8,46.4,48.4,0.53,0.49,0.42
TANN,2019-11-08 21:30:00 EST,42.17071,-74.11343,2334,16.4,16.7,10.9,85.7,12.9,0.000,0.000,0.00,0.000,2.9,8.2,2.2,311,27,3.5,9.7,2.1,313,31,3.5,9.7,2.1,313,31,0,27.71,0.3,0,0,0,42.8,46.3,48.4,0.53,0.49,0.42
TANN,2019-11-08 21:35:00 EST,42.17071,-74.11343,2334,16.2,16.5,10.2,86.4,12.9,0.000,0.000,0.00,0.000,3.4,10.8,2.2,316,37,3.8,9.3,2.3,316,35,3.8,9.3,2.3,316,35,0,27.71,0.3,0,0,0,42.8,46.4,48.4,0.53,0.49,0.42
TANN,2019-11-08 21:40:00 EST,42.17071,-74.11343,2334,16.3,16.6,9.8,86.5,13.0,0.000,0.000,0.00,0.000,3.4,11.0,2.2,319,31,4.1,11.2,2.2,320,32,4.1,11.2,2.2,320,32,0,27.71,0.3,0,0,0,42.7,46.3,48.4,0.53,0.49,0.42
TANN,2019-11-08 21:45:00 EST,42.17071,-74.11343,2334,16.2,16.5,10.3,86.6,12.9,0.000,0.000,0.00,0.000,3.4,8.4,1.9,310,23,3.7,9.6,2.1,313,24,3.7,9.6,2.1,313,24,0,27.71,0.3,0,0,0,42.7,46.3,48.4,0.53,0.49,0.42
TANN,2019-11-08 21:50:00 EST,42.17071,-74.11343,2334,16.1,16.4,10.4,86.6,12.8,0.000,0.000,0.00,0.000,2.8,7.4,1.7,316,37,3.5,8.0,1.7,317,39,3.5,8.0,1.7,317,39,0,27.71,0.3,0,0,0,42.6,46.3,48.4,0.53,0.49,0.42
TANN,2019-11-08 21:55:00 EST,42.17071,-74.11343,2334,16.0,16.4,9.4,87.0,12.8,0.000,0.000,0.00,0.000,3.6,6.7,1.4,313,36,4.1,7.7,1.6,314,34,4.1,7.7,1.6,314,34,0,27.72,0.3,0,0,0,42.7,46.2,48.4,0.53,0.49,0.42
TANN,2019-11-08 22:00:00 EST,42.17071,-74.11343,2334,16.0,16.3,11.0,87.3,12.9,0.000,0.000,0.00,0.000,2.7,5.2,1.2,313,29,3.2,7.5,1.3,316,29,3.2,7.5,1.3,316,29,0,27.72,0.3,0,0,0,42.6,46.1,48.4,0.53,0.49,0.42
TANN,2019-11-08 22:05:00 EST,42.17071,-74.11343,2334,15.6,16.2,10.1,87.5,12.6,0.000,0.000,0.00,0.000,2.8,7.7,2.0,315,30,3.4,8.3,2.1,318,32,3.4,8.3,2.1,318,32,0,27.72,0.3,0,0,0,42.6,46.1,48.4,0.53,0.49,0.42
TANN,2019-11-08 22:10:00 EST,42.17071,-74.11343,2334,15.7,16.2,15.7,88.3,12.8,0.000,0.000,0.00,0.000,2.3,8.3,1.6,336,33,2.9,10.0,1.8,340,31,2.9,10.0,1.8,340,31,0,27.72,0.3,0,0,0,42.6,46.0,48.4,0.53,0.49,0.42
TANN,2019-11-08 22:15:00 EST,42.17071,-74.11343,2334,15.8,16.1,9.4,88.6,13.0,0.000,0.000,0.00,0.000,3.2,7.7,1.8,336,21,3.9,8.2,1.9,339,21,3.9,8.2,1.9,339,21,0,27.72,0.3,0,0,0,42.6,46.0,48.4,0.53,0.49,0.42
TANN,2019-11-08 22:20:00 EST,42.17071,-74.11343,2334,15.8,16.0,9.4,88.7,13.0,0.000,0.000,0.00,0.000,3.5,8.5,1.9,317,25,3.9,8.4,1.8,320,24,3.9,8.4,1.8,320,24,0,27.72,0.3,0,0,0,42.6,46.0,48.4,0.53,0.49,0.42
TANN,2019-11-08 22:25:00 EST,42.17071,-74.11343,2334,15.8,16.0,7.7,88.7,13.0,0.000,0.000,0.00,0.000,4.7,11.0,1.8,335,24,5.2,11.4,2.0,337,22,5.2,11.4,2.0,337,22,0,27.72,0.3,0,0,0,42.6,46.1,48.4,0.53,0.49,0.42
TANN,2019-11-08 22:30:00 EST,42.17071,-74.11343,2334,15.8,16.1,8.9,88.7,13.1,0.000,0.000,0.00,0.000,3.9,11.7,2.4,330,27,4.4,11.9,2.3,334,26,4.4,11.9,2.3,334,26,0,27.72,0.3,0,0,0,42.6,46.0,48.4,0.53,0.49,0.42
TANN,2019-11-08 22:35:00 EST,42.17071,-74.11343,2334,15.7,16.1,8.7,88.4,12.9,0.000,0.000,0.00,0.000,3.8,8.8,2.0,330,26,4.4,13.2,2.1,331,29,4.4,13.2,2.1,331,29,0,27.72,0.3,0,0,0,42.6,46.0,48.4,0.53,0.49,0.42
TANN,2019-11-08 22:40:00 EST,42.17071,-74.11343,2334,15.8,16.1,10.7,88.2,12.9,0.000,0.000,0.00,0.000,2.5,8.4,1.7,327,35,3.2,8.6,1.9,329,32,3.2,8.6,1.9,329,32,0,27.72,0.3,0,0,0,42.6,46.0,48.4,0.53,0.49,0.42
TANN,2019-11-08 22:45:00 EST,42.17071,-74.11343,2334,15.6,16.0,10.0,88.2,12.8,0.000,0.000,0.00,0.000,3.0,6.3,1.4,333,37,3.4,7.2,1.4,334,36,3.4,7.2,1.4,334,36,0,27.72,0.3,0,0,0,42.5,46.0,48.4,0.53,0.49,0.42
TANN,2019-11-08 22:50:00 EST,42.17071,-74.11343,2334,15.7,16.1,10.8,87.8,12.7,0.000,0.000,0.00,0.000,2.6,6.4,1.5,315,32,3.0,7.1,1.5,317,35,3.0,7.1,1.5,317,35,0,27.72,0.3,0,0,0,42.4,46.0,48.4,0.53,0.49,0.42
TANN,2019-11-08 22:55:00 EST,42.17071,-74.11343,2334,15.5,15.9,15.5,87.5,12.4,0.000,0.000,0.00,0.000,2.4,7.5,1.5,304,39,2.9,7.6,1.5,310,36,2.9,7.6,1.5,310,36,0,27.72,0.3,0,0,0,42.4,46.0,48.4,0.53,0.49,0.42
TANN,2019-11-08 23:00:00 EST,42.17071,-74.11343,2334,15.5,15.8,15.5,87.7,12.5,0.000,0.000,0.00,0.000,1.2,4.2,1.1,330,34,1.8,5.1,1.1,332,51,1.8,5.1,1.1,332,51,0,27.72,0.3,0,0,0,42.4,46.0,48.4,0.53,0.49,0.42
TANN,2019-11-08 23:05:00 EST,42.17071,-74.11343,2334,15.4,15.8,15.4,87.7,12.4,0.000,0.000,0.00,0.000,2.4,6.9,1.8,333,34,2.8,7.2,1.5,342,35,2.8,7.2,1.5,342,35,0,27.73,0.3,0,0,0,42.4,46.0,48.4,0.53,0.49,0.42
TANN,2019-11-08 23:10:00 EST,42.17071,-74.11343,2334,15.4,15.8,10.0,88.0,12.5,0.000,0.000,0.00,0.000,2.7,7.4,1.2,343,26,3.3,8.1,1.4,344,22,3.3,8.1,1.4,344,22,0,27.72,0.4,0,0,0,42.4,46.0,48.4,0.53,0.49,0.42
TANN,2019-11-08 23:15:00 EST,42.17071,-74.11343,2334,15.5,15.8,10.0,87.7,12.4,0.000,0.000,0.00,0.000,2.9,8.0,1.9,321,26,3.3,8.3,1.8,325,28,3.3,8.3,1.8,325,28,0,27.73,0.3,0,0,0,42.4,46.0,48.4,0.53,0.49,0.42
TANN,2019-11-08 23:20:00 EST,42.17071,-74.11343,2334,15.3,15.8,10.4,87.5,12.3,0.000,0.000,0.00,0.000,2.4,5.9,1.2,341,27,3.0,7.5,1.6,346,26,3.0,7.5,1.6,346,26,0,27.73,0.3,0,0,0,42.4,46.0,48.4,0.53,0.49,0.42
TANN,2019-11-08 23:25:00 EST,42.17071,-74.11343,2334,15.4,15.7,9.7,87.8,12.4,0.000,0.000,0.00,0.000,2.8,5.7,1.2,343,28,3.5,8.1,1.4,346,23,3.5,8.1,1.4,346,23,0,27.73,0.3,0,0,0,42.4,46.0,48.4,0.53,0.49,0.42
TANN,2019-11-08 23:30:00 EST,42.17071,-74.11343,2334,15.4,15.7,9.0,87.8,12.4,0.000,0.000,0.00,0.000,3.4,9.1,1.4,352,29,4.0,11.6,1.7,355,25,4.0,11.6,1.7,355,25,0,27.73,0.3,0,0,0,42.4,46.0,48.4,0.53,0.49,0.42
TANN,2019-11-08 23:35:00 EST,42.17071,-74.11343,2334,15.4,15.8,7.8,87.7,12.4,0.000,0.000,0.00,0.000,4.0,9.1,1.8,350,25,4.8,11.2,2.2,353,21,4.8,11.2,2.2,353,21,0,27.73,0.3,0,0,0,42.4,46.0,48.4,0.53,0.49,0.42
TANN,2019-11-08 23:40:00 EST,42.17071,-74.11343,2334,15.4,15.7,9.5,87.7,12.4,0.000,0.000,0.00,0.000,2.9,7.7,1.6,359,27,3.6,8.8,1.7,356,30,3.6,8.8,1.7,356,30,0,27.73,0.3,0,0,0,42.4,46.0,48.4,0.53,0.49,0.42
TANN,2019-11-08 23:45:00 EST,42.17071,-74.11343,2334,15.2,15.7,15.2,87.8,12.3,0.000,0.000,0.00,0.000,2.0,4.7,1.0,27,42,2.6,7.0,1.3,22,40,2.6,7.0,1.3,22,40,0,27.73,0.3,0,0,0,42.4,46.0,48.4,0.53,0.49,0.42
TANN,2019-11-08 23:50:00 EST,42.17071,-74.11343,2334,15.1,15.6,15.1,88.4,12.3,0.000,0.000,0.00,0.000,1.5,4.2,0.9,105,70,1.9,5.7,1.0,96,73,1.9,5.7,1.0,96,73,0,27.73,0.3,0,0,0,42.3,46.0,48.4,0.53,0.49,0.42
TANN,2019-11-08 23:55:00 EST,42.17071,-74.11343,2334,15.3,15.8,15.3,88.5,12.5,0.000,0.000,0.00,0.000,0.9,2.7,0.6,37,23,1.5,3.9,0.7,34,28,1.5,3.9,0.7,34,28,0,27.73,0.3,0,0,0,42.3,46.0,48.4,0.53,0.49,0.42
TICO,2019-11-08 00:00:00 EST,43.87469,-73.41879,274,28.4,28.5,22.4,82.6,23.8,0.000,0.239,0.00,0.000,4.7,7.5,0.8,336,7,5.4,9.5,1.0,340,8,5.4,9.5,1.0,340,8,0,29.78,0.2,0,0,0,40.5,46.6,48.7,0.48,0.53,0.50
TICO,2019-11-08 00:05:00 EST,43.87469,-73.41879,274,28.2,28.3,23.2,82.9,23.6,0.000,0.000,0.00,0.000,4.1,5.7,0.8,328,9,4.4,6.8,0.9,329,11,4.4,6.8,0.9,329,11,0,29.78,0.1,0,0,0,40.5,46.6,48.7,0.48,0.53,0.50
TICO,2019-11-08 00:10:00 EST,43.87469,-73.41879,274,27.8,28.0,23.8,83.2,23.4,0.000,0.000,0.00,0.000,3.5,5.2,0.6,322,9,3.5,5.9,0.8,321,11,3.5,5.9,0.8,321,11,0,29.78,0.1,0,0,0,40.5,46.6,48.7,0.48,0.53,0.50
TICO,2019-11-08 00:15:00 EST,43.87469,-73.41879,274,27.6,27.8,27.6,83.3,23.2,0.000,0.000,0.00,0.000,2.1,3.1,0.6,313,14,2.1,3.6,0.5,312,14,2.1,3.6,0.5,312,14,0,29.78,0.1,0,0,0,40.4,46.6,48.7,0.48,0.53,0.49
TICO,2019-11-08 00:20:00 EST,43.87469,-73.41879,274,27.5,27.6,27.5,83.5,23.1,0.000,0.000,0.00,0.000,1.8,2.6,0.4,306,16,1.8,2.9,0.4,305,16,1.8,2.9,0.4,305,16,0,29.77,0.1,0,0,0,40.5,46.6,48.7,0.48,0.53,0.50
TICO,2019-11-08 00:25:00 EST,43.87469,-73.41879,274,27.5,27.6,27.5,83.2,23.1,0.000,0.000,0.00,0.000,1.7,2.6,0.6,295,15,1.8,3.0,0.5,295,13,1.8,3.0,0.5,295,13,0,29.77,0.1,0,0,0,40.4,46.6,48.7,0.48,0.53,0.50
TICO,2019-11-08 00:30:00 EST,43.87469,-73.41879,274,27.5,27.7,27.5,81.0,22.4,0.000,0.000,0.00,0.000,2.6,3.7,0.5,311,10,2.4,3.8,0.5,310,11,2.4,3.8,0.5,310,11,0,29.77,0.1,0,0,0,40.3,46.6,48.7,0.48,0.53,0.50
TICO,2019-11-08 00:35:00 EST,43.87469,-73.41879,274,27.3,27.6,27.3,80.5,22.1,0.000,0.000,0.00,0.000,2.8,3.7,0.6,297,8,2.8,4.1,0.7,296,7,2.8,4.1,0.7,296,7,0,29.77,0.1,0,0,0,40.3,46.5,48.7,0.48,0.53,0.49
TICO,2019-11-08 00:40:00 EST,43.87469,-73.41879,274,26.9,27.4,23.3,80.6,21.7,0.000,0.000,0.00,0.000,2.8,3.9,0.6,288,9,3.2,4.9,0.8,287,8,3.2,4.9,0.8,287,8,0,29.77,0.1,0,0,0,40.3,46.5,48.7,0.48,0.53,0.50
TICO,2019-11-08 00:45:00 EST,43.87469,-73.41879,274,26.4,27.1,26.4,82.9,21.9,0.000,0.000,0.00,0.000,1.9,3.4,0.6,282,13,2.3,3.9,0.7,284,12,2.3,3.9,0.7,284,12,0,29.77,0.1,0,0,0,40.3,46.4,48.7,0.48,0.53,0.50
TICO,2019-11-08 00:50:00 EST,43.87469,-73.41879,274,26.5,27.1,26.5,81.4,21.6,0.000,0.000,0.00,0.000,2.8,5.1,0.9,311,16,2.9,4.8,0.8,312,17,2.9,4.8,0.8,312,17,0,29.77,0.1,0,0,0,40.3,46.5,48.7,0.48,0.53,0.49
TICO,2019-11-08 00:55:00 EST,43.87469,-73.41879,274,26.6,27.3,21.8,77.4,20.5,0.000,0.000,0.00,0.000,3.8,5.0,0.5,311,19,4.0,6.1,0.8,311,21,4.0,6.1,0.8,311,21,0,29.77,0.1,0,0,0,40.3,46.4,48.7,0.48,0.53,0.50
TICO,2019-11-08 01:00:00 EST,43.87469,-73.41879,274,25.8,26.7,21.7,79.5,20.4,0.000,0.000,0.00,0.000,2.9,4.7,0.7,270,10,3.4,5.5,0.8,273,10,3.4,5.5,0.8,273,10,0,29.77,0.2,0,0,0,40.3,46.4,48.7,0.48,0.53,0.50
TICO,2019-11-08 01:05:00 EST,43.87469,-73.41879,274,25.9,26.6,21.8,81.1,20.9,0.000,0.000,0.00,0.000,3.0,4.1,0.5,273,13,3.4,4.8,0.6,275,11,3.4,4.8,0.6,275,11,0,29.76,0.1,0,0,0,40.3,46.4,48.7,0.48,0.53,0.50
TICO,2019-11-08 01:10:00 EST,43.87469,-73.41879,274,25.6,26.3,20.0,80.9,20.6,0.000,0.000,0.00,0.000,4.0,7.9,1.4,276,16,4.6,10.6,1.8,278,15,4.6,10.6,1.8,278,15,0,29.76,0.1,0,0,0,40.3,46.4,48.7,0.48,0.53,0.50
TICO,2019-11-08 01:15:00 EST,43.87469,-73.41879,274,25.6,26.2,19.6,78.2,19.8,0.000,0.000,0.00,0.000,4.6,8.8,1.1,291,11,5.0,9.6,1.2,289,10,5.0,9.6,1.2,289,10,0,29.76,0.1,0,0,0,40.2,46.4,48.7,0.48,0.53,0.50
TICO,2019-11-08 01:20:00 EST,43.87469,-73.41879,274,25.7,26.2,21.2,76.9,19.4,0.000,0.000,0.00,0.000,3.7,5.6,1.0,312,12,3.7,5.4,1.0,310,12,3.7,5.4,1.0,310,12,0,29.76,0.1,0,0,0,40.1,46.4,48.7,0.48,0.53,0.50
TICO,2019-11-08 01:25:00 EST,43.87469,-73.41879,274,25.7,26.5,20.6,75.9,19.2,0.000,0.000,0.00,0.000,4.2,6.0,0.8,309,9,4.2,6.6,0.9,307,9,4.2,6.6,0.9,307,9,0,29.76,0.1,0,0,0,40.1,46.4,48.7,0.48,0.53,0.50
TICO,2019-11-08 01:30:00 EST,43.87469,-73.41879,274,25.5,26.5,19.1,76.1,19.1,0.000,0.000,0.00,0.000,5.3,7.8,1.0,322,10,5.4,7.9,1.1,320,10,5.4,7.9,1.1,320,10,0,29.76,0.2,0,0,0,40.1,46.4,48.7,0.48,0.53,0.50
TICO,2019-11-08 01:35:00 EST,43.87469,-73.41879,274,25.6,26.4,17.5,76.8,19.4,0.000,0.000,0.00,0.000,7.5,9.6,0.8,323,6,7.4,9.4,0.8,322,7,7.4,9.4,0.8,322,7,0,29.76,0.1,0,0,0,40.1,46.4,48.7,0.48,0.53,0.49
TICO,2019-11-08 01:40:00 EST,43.87469,-73.41879,274,25.6,26.3,17.8,76.9,19.4,0.000,0.000,0.00,0.000,7.0,10.1,0.9,323,6,7.0,10.6,1.0,323,7,7.0,10.6,1.0,323,7,0,29.76,0.1,0,0,0,40.1,46.4,48.7,0.48,0.54,0.50
TICO,2019-11-08 01:45:00 EST,43.87469,-73.41879,274,25.3,26.1,18.5,77.4,19.3,0.000,0.000,0.00,0.000,5.8,7.6,0.7,322,6,5.8,8.6,0.8,321,7,5.8,8.6,0.8,321,7,0,29.76,0.1,0,0,0,40.1,46.4,48.7,0.48,0.53,0.49
TICO,2019-11-08 01:50:00 EST,43.87469,-73.41879,274,25.0,26.0,17.9,78.5,19.3,0.000,0.000,0.00,0.000,6.0,7.4,0.6,322,6,6.0,7.7,0.7,320,7,6.0,7.7,0.7,320,7,0,29.76,0.1,0,0,0,40.0,46.4,48.7,0.48,0.53,0.49
TICO,2019-11-08 01:55:00 EST,43.87469,-73.41879,274,24.9,25.8,17.8,78.8,19.3,0.000,0.000,0.00,0.000,6.0,7.5,0.7,326,6,6.1,8.2,0.8,325,7,6.1,8.2,0.8,325,7,0,29.76,0.2,0,0,0,39.9,46.4,48.7,0.48,0.53,0.50
TICO,2019-11-08 02:00:00 EST,43.87469,-73.41879,274,24.8,25.7,19.0,79.0,19.2,0.000,0.000,0.00,0.000,4.5,5.8,0.6,321,10,4.7,6.4,0.8,322,11,4.7,6.4,0.8,322,11,0,29.76,0.1,0,0,0,39.9,46.4,48.7,0.48,0.53,0.50
TICO,2019-11-08 02:05:00 EST,43.87469,-73.41879,274,24.8,25.5,20.9,78.8,19.1,0.000,0.000,0.00,0.000,3.2,4.9,0.9,310,11,3.2,4.9,0.9,307,10,3.2,4.9,0.9,307,10,0,29.76,0.0,0,0,0,39.9,46.4,48.7,0.48,0.53,0.50
TICO,2019-11-08 02:10:00 EST,43.87469,-73.41879,274,23.0,24.5,18.4,80.9,18.1,0.000,0.000,0.00,0.000,3.2,4.7,0.8,240,11,3.5,5.3,0.9,243,12,3.5,5.3,0.9,243,12,0,29.76,0.1,0,0,0,39.9,46.4,48.7,0.48,0.53,0.50
TICO,2019-11-08 02:15:00 EST,43.87469,-73.41879,274,22.6,24.4,16.7,84.3,18.6,0.000,0.000,0.00,0.000,4.1,5.2,0.4,236,8,4.4,5.7,0.5,238,9,4.4,5.7,0.5,238,9,0,29.76,0.1,0,0,0,39.9,46.4,48.7,0.48,0.53,0.50
TICO,2019-11-08 02:20:00 EST,43.87469,-73.41879,274,22.9,24.3,17.9,84.0,18.8,0.000,0.000,0.00,0.000,3.6,4.5,0.5,236,10,3.8,5.0,0.6,237,10,3.8,5.0,0.6,237,10,0,29.76,0.1,0,0,0,39.9,46.4,48.7,0.48,0.53,0.50
TICO,2019-11-08 02:25:00 EST,43.87469,-73.41879,274,23.3,24.1,19.3,82.9,18.9,0.000,0.000,0.00,0.000,2.9,5.1,1.0,233,15,3.1,6.6,1.1,235,17,3.1,6.6,1.1,235,17,0,29.76,0.1,0,0,0,39.9,46.4,48.7,0.48,0.53,0.50
TICO,2019-11-08 02:30:00 EST,43.87469,-73.41879,274,23.6,24.8,18.4,81.1,18.7,0.000,0.000,0.00,0.000,3.6,6.1,1.1,229,15,4.0,9.2,1.3,230,12,4.0,9.2,1.3,230,12,0,29.76,0.1,0,0,0,39.7,46.4,48.7,0.48,0.53,0.50
TICO,2019-11-08 02:35:00 EST,43.87469,-73.41879,274,23.1,24.7,18.1,81.7,18.3,0.000,0.000,0.00,0.000,3.5,4.5,0.6,236,18,3.8,5.5,0.8,238,16,3.8,5.5,0.8,238,16,0,29.75,0.2,0,0,0,39.7,46.4,48.7,0.48,0.53,0.50
TICO,2019-11-08 02:40:00 EST,43.87469,-73.41879,274,23.5,24.4,18.2,82.3,18.9,0.000,0.000,0.00,0.000,3.7,6.8,1.2,253,21,4.0,8.4,1.4,255,20,4.0,8.4,1.4,255,20,0,29.75,0.1,0,0,0,39.7,46.4,48.7,0.48,0.53,0.50
TICO,2019-11-08 02:45:00 EST,43.87469,-73.41879,274,23.8,24.8,18.6,79.6,18.4,0.000,0.000,0.00,0.000,3.6,5.5,0.6,282,19,4.0,7.3,0.8,282,15,4.0,7.3,0.8,282,15,0,29.75,0.1,0,0,0,39.7,46.4,48.7,0.48,0.53,0.50
TICO,2019-11-08 02:50:00 EST,43.87469,-73.41879,274,23.1,24.3,23.1,82.2,18.5,0.000,0.000,0.00,0.000,2.3,4.2,0.5,300,11,2.4,4.1,0.6,300,10,2.4,4.1,0.6,300,10,0,29.75,0.1,0,0,0,39.7,46.4,48.7,0.48,0.53,0.49
TICO,2019-11-08 02:55:00 EST,43.87469,-73.41879,274,22.8,23.9,18.5,84.1,18.7,0.000,0.000,0.00,0.000,3.0,3.9,0.5,290,9,3.3,4.7,0.6,290,7,3.3,4.7,0.6,290,7,0,29.75,0.1,0,0,0,39.7,46.4,48.7,0.48,0.53,0.50
TICO,2019-11-08 03:00:00 EST,43.87469,-73.41879,274,21.9,23.6,14.6,85.2,18.1,0.000,0.000,0.00,0.000,4.8,6.7,0.8,281,9,5.6,7.6,1.0,282,7,5.6,7.6,1.0,282,7,0,29.75,0.1,0,0,0,39.6,46.4,48.7,0.48,0.53,0.50
TICO,2019-11-08 03:05:00 EST,43.87469,-73.41879,274,22.5,23.9,15.2,84.7,18.6,0.000,0.000,0.00,0.000,5.2,8.3,1.0,289,10,5.8,8.4,1.0,288,8,5.8,8.4,1.0,288,8,0,29.75,0.1,0,0,0,39.6,46.4,48.7,0.48,0.53,0.50
TICO,2019-11-08 03:10:00 EST,43.87469,-73.41879,274,22.3,24.0,16.7,84.5,18.3,0.000,0.000,0.00,0.000,4.0,5.6,0.7,299,11,4.1,6.6,0.9,297,10,4.1,6.6,0.9,297,10,0,29.75,0.2,0,0,0,39.6,46.4,48.7,0.49,0.53,0.50
TICO,2019-11-08 03:15:00 EST,43.87469,-73.41879,274,22.7,24.2,22.7,83.5,18.4,0.000,0.000,0.00,0.000,2.9,4.2,0.5,314,9,2.8,4.4,0.6,313,10,2.8,4.4,0.6,313,10,0,29.75,0.0,0,0,0,39.6,46.4,48.7,0.49,0.53,0.49
TICO,2019-11-08 03:20:00 EST,43.87469,-73.41879,274,22.1,23.9,22.1,82.4,17.5,0.000,0.000,0.00,0.000,2.0,3.2,0.4,282,26,2.2,4.2,0.6,280,26,2.2,4.2,0.6,280,26,0,29.74,0.1,0,0,0,39.6,46.4,48.7,0.49,0.53,0.50
TICO,2019-11-08 03:25:00 EST,43.87469,-73.41879,274,20.4,22.5,14.9,85.3,16.7,0.000,0.000,0.00,0.000,3.6,5.0,0.7,231,9,3.8,5.6,0.8,232,9,3.8,5.6,0.8,232,9,0,29.74,0.1,0,0,0,39.6,46.4,48.7,0.49,0.53,0.50
TICO,2019-11-08 03:30:00 EST,43.87469,-73.41879,274,20.2,22.5,13.3,89.3,17.5,0.000,0.000,0.00,0.000,4.3,6.3,0.5,259,11,4.9,8.0,0.7,262,11,4.9,8.0,0.7,262,11,0,29.74,0.2,0,0,0,39.6,46.4,48.7,0.48,0.53,0.50
TICO,2019-11-08 03:35:00 EST,43.87469,-73.41879,274,20.6,22.6,12.8,89.5,18.0,0.000,0.000,0.00,0.000,5.1,7.5,0.7,272,12,5.8,10.0,1.0,273,10,5.8,10.0,1.0,273,10,0,29.74,0.1,0,0,0,39.4,46.4,48.7,0.48,0.53,0.50
TICO,2019-11-08 03:40:00 EST,43.87469,-73.41879,274,22.1,23.8,13.0,85.1,18.3,0.000,0.000,0.00,0.000,7.2,10.0,1.4,301,11,7.7,10.9,1.5,299,10,7.7,10.9,1.5,299,10,0,29.74,0.2,0,0,0,39.4,46.4,48.7,0.48,0.53,0.50
TICO,2019-11-08 03:45:00 EST,43.87469,-73.41879,274,23.9,24.7,15.4,76.3,17.5,0.000,0.000,0.00,0.000,7.1,10.2,1.2,310,10,7.3,11.8,1.3,307,10,7.3,11.8,1.3,307,10,0,29.74,0.2,0,0,0,39.4,46.4,48.7,0.48,0.53,0.50
TICO,2019-11-08 03:50:00 EST,43.87469,-73.41879,274,24.3,24.8,15.0,73.7,17.1,0.000,0.000,0.00,0.000,8.3,11.3,1.6,309,9,8.6,12.2,1.5,308,9,8.6,12.2,1.5,308,9,0,29.74,0.1,0,0,0,39.4,46.4,48.7,0.48,0.53,0.50
TICO,2019-11-08 03:55:00 EST,43.87469,-73.41879,274,24.4,24.9,15.0,72.2,16.7,0.000,0.000,0.00,0.000,8.8,12.3,1.6,310,8,8.9,12.8,1.5,308,8,8.9,12.8,1.5,308,8,0,29.74,0.1,0,0,0,39.4,46.4,48.7,0.48,0.53,0.50
TICO,2019-11-08 04:00:00 EST,43.87469,-73.41879,274,24.2,24.8,15.3,72.2,16.6,0.000,0.000,0.00,0.000,7.8,10.0,1.0,303,7,8.2,10.8,1.0,301,7,8.2,10.8,1.0,301,7,0,29.74,0.1,0,0,0,39.4,46.3,48.7,0.48,0.53,0.50
TICO,2019-11-08 04:05:00 EST,43.87469,-73.41879,274,24.1,24.7,15.4,72.9,16.6,0.000,0.000,0.00,0.000,7.4,9.5,1.0,309,7,7.6,10.3,1.0,307,7,7.6,10.3,1.0,307,7,0,29.74,0.1,0,0,0,39.4,46.4,48.7,0.48,0.53,0.50
TICO,2019-11-08 04:10:00 EST,43.87469,-73.41879,274,23.8,24.5,15.8,73.9,16.7,0.000,0.000,0.00,0.000,6.6,9.1,1.0,313,8,6.7,9.1,0.9,310,8,6.7,9.1,0.9,310,8,0,29.74,0.1,0,0,0,39.4,46.4,48.6,0.48,0.53,0.50
TICO,2019-11-08 04:15:00 EST,43.87469,-73.41879,274,23.5,24.2,16.0,75.3,16.8,0.000,0.000,0.00,0.000,5.8,8.4,0.9,313,8,6.1,8.5,0.9,311,8,6.1,8.5,0.9,311,8,0,29.75,0.1,0,0,0,39.2,46.3,48.7,0.48,0.53,0.50
TICO,2019-11-08 04:20:00 EST,43.87469,-73.41879,274,23.4,24.2,15.5,75.6,16.8,0.000,0.000,0.00,0.000,6.3,8.6,1.1,308,7,6.6,9.1,1.1,306,6,6.6,9.1,1.1,306,6,0,29.75,0.1,0,0,0,39.2,46.2,48.6,0.48,0.53,0.50
TICO,2019-11-08 04:25:00 EST,43.87469,-73.41879,274,23.5,24.4,15.6,74.1,16.5,0.000,0.000,0.00,0.000,6.3,8.0,0.8,302,7,6.6,8.3,0.8,300,6,6.6,8.3,0.8,300,6,0,29.75,0.1,0,0,0,39.2,46.1,48.6,0.49,0.53,0.50
TICO,2019-11-08 04:30:00 EST,43.87469,-73.41879,274,23.7,24.7,15.6,72.3,16.1,0.000,0.000,0.00,0.000,6.6,8.8,1.1,306,11,6.8,9.1,1.1,304,11,6.8,9.1,1.1,304,11,0,29.75,0.1,0,0,0,39.2,46.0,48.6,0.48,0.53,0.50
TICO,2019-11-08 04:35:00 EST,43.87469,-73.41879,274,23.2,24.4,16.5,71.7,15.4,0.000,0.000,0.00,0.000,4.9,8.0,1.4,297,20,5.2,8.1,1.4,295,20,5.2,8.1,1.4,295,20,0,29.75,-0.1,0,0,0,39.2,46.1,48.6,0.48,0.53,0.50
TICO,2019-11-08 04:40:00 EST,43.87469,-73.41879,274,20.1,22.2,13.5,79.8,14.9,0.000,0.000,0.00,0.000,4.3,5.5,0.5,241,6,4.7,5.8,0.5,243,6,4.7,5.8,0.5,243,6,0,29.75,0.1,0,0,0,39.2,46.0,48.6,0.48,0.53,0.50
TICO,2019-11-08 04:45:00 EST,43.87469,-73.41879,274,20.4,22.3,15.7,83.9,16.3,0.000,0.000,0.00,0.000,2.9,3.9,0.5,249,9,3.3,4.8,0.6,250,8,3.3,4.8,0.6,250,8,0,29.75,0.1,0,0,0,39.2,46.0,48.6,0.48,0.53,0.50
TICO,2019-11-08 04:50:00 EST,43.87469,-73.41879,274,21.0,22.2,21.0,82.9,16.6,0.000,0.000,0.00,0.000,2.4,3.3,0.4,228,20,2.6,3.5,0.4,231,20,2.6,3.5,0.4,231,20,0,29.75,0.1,0,0,0,39.2,46.0,48.6,0.48,0.53,0.50
TICO,2019-11-08 04:55:00 EST,43.87469,-73.41879,274,20.4,21.7,14.6,82.9,16.0,0.000,0.000,0.00,0.000,3.8,4.7,0.5,207,5,4.0,4.9,0.6,208,6,4.0,4.9,0.6,208,6,0,29.74,0.1,0,0,0,39.2,46.0,48.6,0.48,0.53,0.50
TICO,2019-11-08 05:00:00 EST,43.87469,-73.41879,274,20.1,21.6,15.1,84.4,16.2,0.000,0.000,0.00,0.000,3.2,3.9,0.4,219,13,3.5,4.6,0.5,220,12,3.5,4.6,0.5,220,12,0,29.75,0.2,0,0,0,39.2,46.0,48.6,0.48,0.53,0.50
TICO,2019-11-08 05:05:00 EST,43.87469,-73.41879,274,20.1,21.3,15.2,84.5,16.2,0.000,0.000,0.00,0.000,3.3,4.7,0.8,213,10,3.4,6.3,0.9,215,11,3.4,6.3,0.9,215,11,0,29.75,0.1,0,0,0,39.2,46.0,48.6,0.49,0.53,0.50
TICO,2019-11-08 05:10:00 EST,43.87469,-73.41879,274,20.2,21.1,15.1,85.6,16.5,0.000,0.000,0.00,0.000,3.3,4.4,0.5,229,9,3.5,4.9,0.6,229,10,3.5,4.9,0.6,229,10,0,29.75,0.2,0,0,0,39.2,46.0,48.6,0.48,0.53,0.50
TICO,2019-11-08 05:15:00 EST,43.87469,-73.41879,274,20.6,21.1,20.6,85.1,16.8,0.000,0.000,0.00,0.000,2.6,4.0,0.6,249,10,2.9,5.2,0.7,251,12,2.9,5.2,0.7,251,12,0,29.75,0.2,0,0,0,39.2,46.0,48.6,0.48,0.53,0.49
TICO,2019-11-08 05:20:00 EST,43.87469,-73.41879,274,20.7,21.4,15.9,85.0,16.9,0.000,0.000,0.00,0.000,3.0,3.9,0.5,264,7,3.4,4.5,0.5,266,8,3.4,4.5,0.5,266,8,0,29.75,0.1,0,0,0,39.2,46.0,48.6,0.49,0.53,0.50
TICO,2019-11-08 05:25:00 EST,43.87469,-73.41879,274,20.7,21.8,14.0,85.9,17.1,0.000,0.000,0.00,0.000,4.3,5.5,0.6,256,13,4.8,6.7,0.7,258,12,4.8,6.7,0.7,258,12,0,29.75,0.2,0,0,0,39.2,46.0,48.6,0.49,0.53,0.50
TICO,2019-11-08 05:30:00 EST,43.87469,-73.41879,274,20.9,22.0,13.1,86.1,17.4,0.000,0.000,0.00,0.000,5.3,8.6,0.8,251,8,6.0,11.0,1.1,253,7,6.0,11.0,1.1,253,7,0,29.75,0.1,0,0,0,39.2,46.0,48.6,0.49,0.53,0.50
TICO,2019-11-08 05:35:00 EST,43.87469,-73.41879,274,20.5,21.7,12.5,85.1,16.8,0.000,0.000,0.00,0.000,5.4,7.9,0.8,253,8,6.1,9.0,0.9,255,7,6.1,9.0,0.9,255,7,0,29.75,0.1,0,0,0,39.1,46.0,48.6,0.48,0.53,0.50
TICO,2019-11-08 05:40:00 EST,43.87469,-73.41879,274,20.4,21.8,14.9,86.9,17.2,0.000,0.000,0.00,0.000,3.4,5.3,0.8,276,9,3.9,6.8,0.9,277,8,3.9,6.8,0.9,277,8,0,29.75,0.1,0,0,0,39.1,46.0,48.6,0.48,0.53,0.50
TICO,2019-11-08 05:45:00 EST,43.87469,-73.41879,274,20.8,21.7,20.8,86.8,17.5,0.000,0.000,0.00,0.000,2.2,3.3,0.4,263,6,2.6,3.6,0.4,266,8,2.6,3.6,0.4,266,8,0,29.75,0.1,0,0,0,39.0,46.0,48.6,0.48,0.53,0.49
TICO,2019-11-08 05:50:00 EST,43.87469,-73.41879,274,20.9,21.8,20.9,86.7,17.5,0.000,0.000,0.00,0.000,1.9,2.6,0.4,257,15,2.2,3.3,0.5,259,17,2.2,3.3,0.5,259,17,0,29.75,0.1,0,0,0,39.0,46.0,48.6,0.49,0.53,0.50
TICO,2019-11-08 05:55:00 EST,43.87469,-73.41879,274,20.2,21.8,20.2,87.1,16.9,0.000,0.000,0.00,0.000,1.0,2.6,0.6,251,18,1.4,3.5,0.6,256,21,1.4,3.5,0.6,256,21,0,29.75,0.2,0,0,0,39.0,46.0,48.6,0.49,0.53,0.50
TICO,2019-11-08 06:00:00 EST,43.87469,-73.41879,274,21.1,21.9,16.9,85.2,17.4,0.000,0.000,0.00,0.000,2.5,5.3,1.0,276,17,3.1,7.0,1.3,277,15,3.1,7.0,1.3,277,15,0,29.76,0.1,0,0,0,39.0,46.0,48.6,0.49,0.53,0.49
TICO,2019-11-08 06:05:00 EST,43.87469,-73.41879,274,21.0,21.7,15.8,78.7,15.5,0.000,0.000,0.00,0.000,3.2,5.5,1.0,261,18,3.7,6.5,1.2,264,18,3.7,6.5,1.2,264,18,0,29.76,0.1,0,0,0,39.0,46.0,48.6,0.48,0.53,0.50
TICO,2019-11-08 06:10:00 EST,43.87469,-73.41879,274,21.0,21.6,21.0,79.1,15.5,0.000,0.000,0.00,0.000,1.2,3.4,0.7,250,33,1.5,3.7,0.9,259,34,1.5,3.7,0.9,259,34,0,29.76,0.1,0,0,0,39.0,46.0,48.6,0.48,0.53,0.50
TICO,2019-11-08 06:15:00 EST,43.87469,-73.41879,274,21.1,21.5,21.1,79.6,15.7,0.000,0.000,0.00,0.000,1.2,2.1,0.6,193,19,1.4,2.7,0.6,190,18,1.4,2.7,0.6,190,18,0,29.76,0.2,0,0,0,39.0,46.0,48.6,0.48,0.53,0.50
TICO,2019-11-08 06:20:00 EST,43.87469,-73.41879,274,21.2,21.5,21.2,79.1,15.7,0.000,0.000,0.00,0.000,1.9,3.4,0.5,242,17,2.1,4.6,0.7,243,20,2.1,4.6,0.7,243,20,0,29.77,0.1,0,0,0,39.0,46.0,48.6,0.48,0.53,0.50
TICO,2019-11-08 06:25:00 EST,43.87469,-73.41879,274,21.7,21.9,15.3,77.8,15.8,0.000,0.000,0.00,0.000,4.1,7.7,1.1,272,18,4.7,9.1,1.4,274,17,4.7,9.1,1.4,274,17,0,29.77,0.2,0,0,0,38.8,46.0,48.6,0.48,0.53,0.50
TICO,2019-11-08 06:30:00 EST,43.87469,-73.41879,274,22.2,22.4,14.8,77.1,16.1,0.000,0.000,0.00,0.000,4.9,7.4,1.3,284,16,5.7,8.7,1.5,284,13,5.7,8.7,1.5,284,13,1,29.77,0.2,0,0,0,38.8,46.0,48.6,0.48,0.53,0.50
TICO,2019-11-08 06:35:00 EST,43.87469,-73.41879,274,22.7,22.8,15.1,76.3,16.4,0.000,0.000,0.00,0.000,5.5,8.8,1.1,296,11,6.0,9.6,1.3,294,10,6.0,9.6,1.3,294,10,1,29.77,0.2,0,0,0,38.8,46.0,48.6,0.49,0.53,0.50
TICO,2019-11-08 06:40:00 EST,43.87469,-73.41879,274,22.8,22.9,15.6,76.5,16.5,0.000,0.000,0.00,0.000,5.0,9.1,1.3,289,12,5.6,10.6,1.6,289,10,5.6,10.6,1.6,289,10,2,29.77,0.2,0,0,0,38.8,46.0,48.6,0.48,0.53,0.50
TICO,2019-11-08 06:45:00 EST,43.87469,-73.41879,274,23.2,23.2,14.6,75.4,16.5,0.000,0.000,0.00,0.000,6.9,10.4,1.6,302,15,7.3,12.0,1.5,301,14,7.3,12.0,1.5,301,14,3,29.77,0.2,0,0,0,38.8,46.0,48.6,0.49,0.53,0.50
TICO,2019-11-08 06:50:00 EST,43.87469,-73.41879,274,23.4,23.4,15.7,76.2,17.0,0.000,0.000,0.00,0.000,6.1,8.6,1.0,317,13,6.3,9.0,1.1,316,13,6.3,9.0,1.1,316,13,5,29.77,0.2,0,0,0,38.8,46.0,48.6,0.48,0.53,0.50
TICO,2019-11-08 06:55:00 EST,43.87469,-73.41879,274,23.6,23.7,16.4,74.9,16.8,0.000,0.000,0.00,0.000,5.3,8.9,1.4,331,13,5.9,11.0,1.6,331,13,5.9,11.0,1.6,331,13,6,29.78,0.2,0,0,0,38.8,46.0,48.6,0.48,0.53,0.50
TICO,2019-11-08 07:00:00 EST,43.87469,-73.41879,274,23.7,23.8,16.7,75.0,17.0,0.000,0.000,0.00,0.000,5.5,8.0,0.9,322,11,5.6,7.6,0.9,323,11,5.6,7.6,0.9,323,11,8,29.78,0.2,0,0,0,38.8,46.0,48.6,0.48,0.53,0.50
TICO,2019-11-08 07:05:00 EST,43.87469,-73.41879,274,23.8,23.8,17.1,74.5,16.8,0.000,0.000,0.00,0.000,5.2,7.5,0.9,317,10,5.3,8.4,1.1,317,9,5.3,8.4,1.1,317,9,9,29.78,0.2,0,0,0,38.8,46.0,48.6,0.48,0.53,0.50
TICO,2019-11-08 07:10:00 EST,43.87469,-73.41879,274,23.8,24.0,16.1,76.0,17.4,0.000,0.000,0.00,0.000,5.8,8.7,1.5,335,10,6.5,10.1,1.8,339,11,6.5,10.1,1.8,339,11,11,29.79,0.2,0,0,0,38.8,46.0,48.6,0.48,0.53,0.50
TICO,2019-11-08 07:15:00 EST,43.87469,-73.41879,274,24.2,24.2,16.3,71.6,16.3,0.000,0.000,0.00,0.000,6.7,8.9,1.1,320,7,6.7,8.9,1.0,319,7,6.7,8.9,1.0,319,7,13,29.79,0.2,0,0,0,38.8,46.0,48.6,0.48,0.53,0.50
TICO,2019-11-08 07:20:00 EST,43.87469,-73.41879,274,24.2,24.2,16.4,72.7,16.7,0.000,0.000,0.00,0.000,6.0,8.1,0.7,332,12,6.5,8.6,0.7,334,13,6.5,8.6,0.7,334,13,16,29.79,0.2,0,0,0,38.8,46.0,48.6,0.49,0.53,0.50
TICO,2019-11-08 07:25:00 EST,43.87469,-73.41879,274,24.1,24.1,16.6,75.3,17.4,0.000,0.000,0.00,0.000,5.6,8.0,0.8,337,10,6.2,9.2,0.8,340,10,6.2,9.2,0.8,340,10,20,29.80,0.3,0,0,0,38.7,46.0,48.6,0.49,0.53,0.50
TICO,2019-11-08 07:30:00 EST,43.87469,-73.41879,274,24.0,24.1,17.3,76.2,17.6,0.000,0.000,0.00,0.000,5.3,6.4,0.5,326,7,5.4,7.0,0.5,327,9,5.4,7.0,0.5,327,9,24,29.80,0.2,0,0,0,38.7,46.0,48.6,0.48,0.53,0.50
TICO,2019-11-08 07:35:00 EST,43.87469,-73.41879,274,24.0,24.1,19.0,77.5,18.0,0.000,0.000,0.00,0.000,4.0,5.3,0.6,320,7,3.9,5.5,0.7,319,6,3.9,5.5,0.7,319,6,26,29.80,0.3,0,0,0,38.7,45.9,48.6,0.48,0.53,0.50
TICO,2019-11-08 07:40:00 EST,43.87469,-73.41879,274,24.2,24.2,19.0,77.1,18.0,0.000,0.000,0.00,0.000,4.0,6.2,0.9,313,7,4.0,6.8,1.0,313,6,4.0,6.8,1.0,313,6,29,29.81,0.2,0,0,0,38.7,45.9,48.6,0.48,0.53,0.49
TICO,2019-11-08 07:45:00 EST,43.87469,-73.41879,274,24.4,24.4,18.3,74.6,17.5,0.000,0.000,0.00,0.000,4.7,6.4,0.7,298,8,4.9,6.7,0.8,297,8,4.9,6.7,0.8,297,8,35,29.81,0.3,0,0,0,38.7,45.9,48.6,0.48,0.53,0.50
TICO,2019-11-08 07:50:00 EST,43.87469,-73.41879,274,24.5,24.6,19.1,74.1,17.5,0.000,0.000,0.00,0.000,4.1,5.2,0.5,293,11,4.3,5.8,0.6,293,11,4.3,5.8,0.6,293,11,41,29.81,0.3,0,0,0,38.7,45.9,48.6,0.48,0.53,0.50
TICO,2019-11-08 07:55:00 EST,43.87469,-73.41879,274,24.6,24.7,19.0,71.8,16.8,0.000,0.000,0.00,0.000,4.2,5.1,0.5,295,13,4.4,5.5,0.6,294,12,4.4,5.5,0.6,294,12,47,29.81,0.3,0,0,0,38.7,45.9,48.6,0.49,0.53,0.50
TICO,2019-11-08 08:00:00 EST,43.87469,-73.41879,274,24.7,24.8,18.9,70.8,16.6,0.000,0.000,0.00,0.000,4.3,6.1,0.6,290,9,4.7,6.7,0.8,290,8,4.7,6.7,0.8,290,8,51,29.81,0.2,0,0,0,38.7,45.9,48.6,0.49,0.53,0.50
TICO,2019-11-08 08:05:00 EST,43.87469,-73.41879,274,24.7,24.7,18.5,71.7,16.8,0.000,0.000,0.00,0.000,4.4,6.1,0.8,279,8,4.9,7.6,0.9,280,7,4.9,7.6,0.9,280,7,43,29.81,0.2,0,0,0,38.7,45.9,48.6,0.49,0.53,0.50
TICO,2019-11-08 08:10:00 EST,43.87469,-73.41879,274,24.4,24.5,19.2,73.0,17.0,0.000,0.000,0.00,0.000,3.5,4.7,0.5,273,7,4.0,5.4,0.6,274,6,4.0,5.4,0.6,274,6,49,29.82,0.1,0,0,0,38.7,45.9,48.6,0.49,0.53,0.50
TICO,2019-11-08 08:15:00 EST,43.87469,-73.41879,274,24.1,24.5,19.0,74.0,17.1,0.000,0.000,0.00,0.000,3.6,4.7,0.5,265,6,4.0,5.6,0.6,267,6,4.0,5.6,0.6,267,6,99,29.82,0.2,0,0,0,38.7,45.9,48.6,0.48,0.53,0.50
TICO,2019-11-08 08:20:00 EST,43.87469,-73.41879,274,24.6,24.8,24.6,75.2,17.9,0.000,0.000,0.00,0.000,2.6,3.7,0.7,272,15,2.9,4.2,0.8,273,15,2.9,4.2,0.8,273,15,143,29.82,0.2,0,0,0,38.7,45.9,48.6,0.48,0.53,0.50
TICO,2019-11-08 08:25:00 EST,43.87469,-73.41879,274,25.1,25.0,21.3,69.7,16.6,0.000,0.000,0.00,0.000,2.7,4.0,0.8,280,11,3.1,4.8,0.9,282,10,3.1,4.8,0.9,282,10,77,29.82,0.2,0,0,0,38.7,45.9,48.6,0.48,0.53,0.50
TICO,2019-11-08 08:30:00 EST,43.87469,-73.41879,274,25.0,24.9,20.0,70.5,16.7,0.000,0.000,0.00,0.000,3.5,4.6,0.5,280,8,3.9,5.7,0.6,281,7,3.9,5.7,0.6,281,7,82,29.82,0.2,0,0,0,38.6,45.9,48.6,0.49,0.53,0.50
TICO,2019-11-08 08:35:00 EST,43.87469,-73.41879,274,25.3,25.1,18.9,72.6,17.7,0.000,0.000,0.00,0.000,4.7,6.9,0.8,269,9,5.3,8.4,0.9,271,8,5.3,8.4,0.9,271,8,156,29.82,0.2,0,0,0,38.7,45.9,48.6,0.48,0.53,0.50
TICO,2019-11-08 08:40:00 EST,43.87469,-73.41879,274,25.4,25.2,18.8,72.8,17.9,0.000,0.000,0.00,0.000,4.9,6.5,0.7,272,7,5.6,7.4,0.8,273,7,5.6,7.4,0.8,273,7,127,29.82,0.2,0,0,0,38.7,45.9,48.6,0.49,0.53,0.50
TICO,2019-11-08 08:45:00 EST,43.87469,-73.41879,274,25.6,25.4,18.5,71.9,17.8,0.000,0.000,0.00,0.000,5.5,8.3,1.1,279,10,6.1,9.7,1.3,280,8,6.1,9.7,1.3,280,8,147,29.82,0.3,0,0,0,38.7,45.9,48.6,0.49,0.53,0.50
TICO,2019-11-08 08:50:00 EST,43.87469,-73.41879,274,26.0,25.7,19.4,70.8,17.8,0.000,0.000,0.00,0.000,5.2,8.8,1.6,282,8,5.7,9.4,1.6,282,8,5.7,9.4,1.6,282,8,160,29.82,0.2,0,0,0,38.7,45.9,48.6,0.48,0.53,0.50
TICO,2019-11-08 08:55:00 EST,43.87469,-73.41879,274,26.3,26.0,21.0,71.7,18.4,0.000,0.000,0.00,0.000,4.0,5.8,0.8,297,24,4.4,6.4,0.9,297,23,4.4,6.4,0.9,297,23,161,29.82,0.2,0,0,0,38.6,45.9,48.6,0.49,0.53,0.50
TICO,2019-11-08 09:00:00 EST,43.87469,-73.41879,274,26.6,26.4,18.5,70.3,18.2,0.000,0.000,0.00,0.000,6.9,9.5,1.4,336,11,7.6,11.3,1.5,337,12,7.6,11.3,1.5,337,12,165,29.82,0.2,0,0,0,38.5,45.9,48.6,0.48,0.53,0.50
TICO,2019-11-08 09:05:00 EST,43.87469,-73.41879,274,26.6,26.4,18.5,70.0,18.2,0.000,0.000,0.00,0.000,6.9,9.8,1.2,336,13,7.7,12.3,1.5,339,13,7.7,12.3,1.5,339,13,145,29.82,0.2,0,0,0,38.5,45.9,48.6,0.49,0.53,0.50
TICO,2019-11-08 09:10:00 EST,43.87469,-73.41879,274,26.7,26.5,18.5,70.3,18.3,0.000,0.000,0.00,0.000,7.0,10.4,1.8,336,7,7.8,11.4,1.9,339,8,7.8,11.4,1.9,339,8,155,29.82,0.2,0,0,0,38.6,45.9,48.6,0.49,0.53,0.50
TICO,2019-11-08 09:15:00 EST,43.87469,-73.41879,274,26.8,26.6,18.2,69.4,18.1,0.000,0.000,0.00,0.000,7.4,10.5,1.1,343,9,8.5,11.7,1.4,346,8,8.5,11.7,1.4,346,8,166,29.82,0.2,0,0,0,38.5,45.9,48.5,0.49,0.53,0.50
TICO,2019-11-08 09:20:00 EST,43.87469,-73.41879,274,27.0,26.7,19.1,69.9,18.5,0.000,0.000,0.00,0.000,6.7,10.6,1.6,339,17,7.5,11.9,1.9,341,13,7.5,11.9,1.9,341,13,191,29.82,0.3,0,0,0,38.5,45.9,48.6,0.49,0.53,0.50
TICO,2019-11-08 09:25:00 EST,43.87469,-73.41879,274,27.4,27.1,19.0,69.7,18.8,0.000,0.000,0.00,0.000,7.7,13.4,1.9,327,10,8.4,13.8,2.0,328,11,8.4,13.8,2.0,328,11,218,29.82,0.3,0,0,0,38.5,45.9,48.5,0.48,0.53,0.50
TICO,2019-11-08 09:30:00 EST,43.87469,-73.41879,274,27.6,27.3,19.9,68.1,18.5,0.000,0.000,0.00,0.000,7.0,12.2,2.0,325,20,7.4,13.0,2.0,327,17,7.4,13.0,2.0,327,17,223,29.82,0.3,0,0,0,38.5,45.9,48.5,0.49,0.53,0.50
TICO,2019-11-08 09:35:00 EST,43.87469,-73.41879,274,27.9,27.6,18.6,65.2,17.7,0.000,0.000,0.00,0.000,9.6,15.5,2.2,326,11,10.0,15.4,2.2,328,12,10.0,15.4,2.2,328,12,227,29.82,0.2,0,0,0,38.5,45.9,48.4,0.49,0.53,0.50
TICO,2019-11-08 09:40:00 EST,43.87469,-73.41879,274,27.9,27.6,17.8,62.7,16.8,0.000,0.000,0.00,0.000,11.4,15.6,1.8,322,10,11.6,15.3,1.7,322,9,11.6,15.3,1.7,322,9,242,29.82,0.2,0,0,0,38.5,45.9,48.5,0.48,0.53,0.50
TICO,2019-11-08 09:45:00 EST,43.87469,-73.41879,274,28.0,27.8,16.9,59.8,15.8,0.000,0.000,0.00,0.000,13.9,18.8,2.4,315,9,14.0,19.1,2.5,317,9,14.0,19.1,2.5,317,9,253,29.82,0.2,0,0,0,38.5,45.9,48.5,0.48,0.53,0.50
TICO,2019-11-08 09:50:00 EST,43.87469,-73.41879,274,28.1,27.9,16.6,61.6,16.7,0.000,0.000,0.00,0.000,14.2,22.1,3.1,331,11,15.1,24.1,3.4,333,11,15.1,24.1,3.4,333,11,264,29.82,0.2,0,0,0,38.5,45.9,48.4,0.48,0.53,0.50
TICO,2019-11-08 09:55:00 EST,43.87469,-73.41879,274,28.4,28.1,17.8,60.8,16.6,0.000,0.000,0.00,0.000,12.5,17.0,2.2,315,14,12.9,18.1,2.5,315,13,12.9,18.1,2.5,315,13,278,29.82,0.2,0,0,0,38.5,45.9,48.5,0.48,0.53,0.50
TICO,2019-11-08 10:00:00 EST,43.87469,-73.41879,274,28.6,28.2,19.0,61.1,16.9,0.000,0.000,0.00,0.000,10.4,15.1,2.1,322,11,10.8,16.8,2.2,323,11,10.8,16.8,2.2,323,11,296,29.82,0.2,0,0,0,38.5,45.9,48.4,0.48,0.53,0.50
TICO,2019-11-08 10:05:00 EST,43.87469,-73.41879,274,28.8,28.4,18.4,59.8,16.6,0.000,0.000,0.00,0.000,12.3,18.9,3.3,312,14,12.7,19.6,3.3,313,14,12.7,19.6,3.3,313,14,307,29.82,0.2,0,0,0,38.5,45.9,48.5,0.49,0.53,0.50
TICO,2019-11-08 10:10:00 EST,43.87469,-73.41879,274,28.9,28.5,18.1,57.5,15.7,0.000,0.000,0.00,0.000,13.2,19.4,2.3,299,11,13.8,20.0,2.3,300,10,13.8,20.0,2.3,300,10,316,29.82,0.2,0,0,0,38.5,45.9,48.4,0.48,0.53,0.50
TICO,2019-11-08 10:15:00 EST,43.87469,-73.41879,274,29.0,28.6,18.3,58.2,16.1,0.000,0.000,0.00,0.000,12.9,20.9,2.7,300,13,13.5,22.3,2.7,301,12,13.5,22.3,2.7,301,12,325,29.82,0.3,0,0,0,38.5,45.9,48.4,0.49,0.53,0.49
TICO,2019-11-08 10:20:00 EST,43.87469,-73.41879,274,29.0,28.7,17.6,56.1,15.3,0.000,0.000,0.00,0.000,14.9,21.9,3.2,292,12,15.6,24.5,3.3,294,10,15.6,24.5,3.3,294,10,326,29.82,0.2,0,0,0,38.5,45.8,48.4,0.49,0.53,0.50
TICO,2019-11-08 10:25:00 EST,43.87469,-73.41879,274,29.2,28.9,18.7,56.1,15.5,0.000,0.000,0.00,0.000,13.1,20.8,3.0,306,11,13.4,21.7,3.1,309,10,13.4,21.7,3.1,309,10,351,29.82,0.3,0,0,0,38.5,45.9,48.4,0.48,0.53,0.50
TICO,2019-11-08 10:30:00 EST,43.87469,-73.41879,274,29.2,28.9,18.0,54.4,14.8,0.000,0.000,0.00,0.000,15.3,22.4,2.8,310,10,15.2,24.1,2.9,311,9,15.2,24.1,2.9,311,9,363,29.82,0.2,0,0,0,38.5,45.8,48.4,0.49,0.53,0.50
TICO,2019-11-08 10:35:00 EST,43.87469,-73.41879,274,29.3,29.0,18.0,55.4,15.3,0.000,0.000,0.00,0.000,15.0,21.1,3.0,305,12,15.3,22.2,3.0,306,11,15.3,22.2,3.0,306,11,379,29.82,0.3,0,0,0,38.5,45.7,48.4,0.49,0.53,0.50
TICO,2019-11-08 10:40:00 EST,43.87469,-73.41879,274,29.5,29.1,18.3,56.1,15.7,0.000,0.000,0.00,0.000,14.7,20.8,2.5,298,9,15.3,21.1,2.5,299,8,15.3,21.1,2.5,299,8,391,29.82,0.3,0,0,0,38.5,45.7,48.4,0.49,0.53,0.50
TICO,2019-11-08 10:45:00 EST,43.87469,-73.41879,274,29.7,29.3,19.5,57.5,16.5,0.000,0.000,0.00,0.000,12.2,17.1,2.5,299,13,12.8,19.5,2.6,300,12,12.8,19.5,2.6,300,12,401,29.82,0.3,0,0,0,38.5,45.7,48.4,0.49,0.53,0.50
TICO,2019-11-08 10:50:00 EST,43.87469,-73.41879,274,29.8,29.5,19.3,58.1,16.9,0.000,0.000,0.00,0.000,13.3,20.4,2.9,298,14,13.9,23.6,3.3,298,12,13.9,23.6,3.3,298,12,436,29.83,0.2,0,0,0,38.5,45.7,48.4,0.49,0.53,0.50
TICO,2019-11-08 10:55:00 EST,43.87469,-73.41879,274,29.9,29.6,19.6,55.0,15.7,0.000,0.000,0.00,0.000,13.0,21.8,3.6,303,10,13.3,23.0,3.5,305,9,13.3,23.0,3.5,305,9,453,29.83,0.2,0,0,0,38.5,45.7,48.4,0.49,0.53,0.50
TICO,2019-11-08 11:00:00 EST,43.87469,-73.41879,274,29.8,29.5,19.2,53.2,14.8,0.000,0.000,0.00,0.000,13.7,21.5,3.0,301,10,14.1,22.8,3.1,302,10,14.1,22.8,3.1,302,10,465,29.83,0.2,0,0,0,38.5,45.7,48.4,0.49,0.53,0.49
TICO,2019-11-08 11:05:00 EST,43.87469,-73.41879,274,30.2,29.8,20.9,56.7,16.6,0.000,0.000,0.00,0.000,10.9,16.9,2.5,307,11,11.1,16.8,2.5,308,11,11.1,16.8,2.5,308,11,471,29.83,0.2,0,0,0,38.6,45.7,48.4,0.49,0.53,0.50
TICO,2019-11-08 11:10:00 EST,43.87469,-73.41879,274,30.2,29.8,19.8,52.4,14.8,0.000,0.000,0.00,0.000,13.5,17.5,2.4,311,13,13.7,18.0,2.3,313,12,13.7,18.0,2.3,313,12,479,29.83,0.2,0,0,0,38.7,45.7,48.4,0.49,0.53,0.50
TICO,2019-11-08 11:15:00 EST,43.87469,-73.41879,274,30.3,29.9,20.0,53.7,15.5,0.000,0.000,0.00,0.000,13.3,18.0,2.0,311,8,13.5,18.1,2.0,312,7,13.5,18.1,2.0,312,7,486,29.83,0.2,0,0,0,38.7,45.7,48.4,0.49,0.53,0.50
TICO,2019-11-08 11:20:00 EST,43.87469,-73.41879,274,30.3,30.0,21.3,52.9,15.2,0.000,0.000,0.00,0.000,10.4,17.0,2.5,300,11,10.7,18.1,2.8,301,10,10.7,18.1,2.8,301,10,486,29.82,0.2,0,0,0,38.7,45.7,48.4,0.49,0.53,0.50
TICO,2019-11-08 11:25:00 EST,43.87469,-73.41879,274,30.3,29.9,19.0,50.8,14.2,0.000,0.000,0.00,0.000,15.7,21.8,2.7,303,10,16.0,21.2,2.7,305,9,16.0,21.2,2.7,305,9,492,29.82,0.2,0,0,0,38.7,45.7,48.4,0.49,0.53,0.50
TICO,2019-11-08 11:30:00 EST,43.87469,-73.41879,274,30.3,29.9,19.9,51.7,14.6,0.000,0.000,0.00,0.000,13.4,21.0,3.0,299,11,13.7,21.3,3.0,300,10,13.7,21.3,3.0,300,10,494,29.82,0.3,0,0,0,38.7,45.7,48.4,0.49,0.53,0.50
TICO,2019-11-08 11:35:00 EST,43.87469,-73.41879,274,30.5,30.1,20.6,53.6,15.6,0.000,0.000,0.00,0.000,12.3,16.8,1.8,319,10,12.5,19.1,1.8,320,10,12.5,19.1,1.8,320,10,499,29.82,0.3,0,0,0,38.7,45.7,48.4,0.49,0.53,0.50
TICO,2019-11-08 11:40:00 EST,43.87469,-73.41879,274,30.5,30.1,20.8,53.1,15.5,0.000,0.000,0.00,0.000,12.0,17.3,2.5,318,11,12.3,19.5,2.5,319,10,12.3,19.5,2.5,319,10,503,29.82,0.2,0,0,0,38.7,45.7,48.4,0.49,0.53,0.50
TICO,2019-11-08 11:45:00 EST,43.87469,-73.41879,274,30.3,29.9,19.0,52.2,14.9,0.000,0.000,0.00,0.000,15.9,21.8,2.9,330,8,16.2,23.0,3.1,332,8,16.2,23.0,3.1,332,8,513,29.82,0.2,0,0,0,38.7,45.7,48.4,0.49,0.53,0.50
TICO,2019-11-08 11:50:00 EST,43.87469,-73.41879,274,30.3,29.9,18.9,53.9,15.6,0.000,0.000,0.00,0.000,15.8,22.2,2.6,323,16,16.2,23.5,2.7,326,11,16.2,23.5,2.7,326,11,407,29.83,0.2,0,0,0,38.8,45.7,48.4,0.49,0.53,0.50
TICO,2019-11-08 11:55:00 EST,43.87469,-73.41879,274,30.1,29.7,19.0,54.1,15.5,0.000,0.000,0.00,0.000,14.9,26.0,4.5,324,12,15.4,27.2,4.6,327,11,15.4,27.2,4.6,327,11,360,29.83,0.2,0,0,0,38.8,45.7,48.4,0.49,0.53,0.50
TICO,2019-11-08 12:00:00 EST,43.87469,-73.41879,274,29.8,29.5,18.3,52.9,14.7,0.000,0.000,0.00,0.000,15.7,21.7,2.2,329,9,16.1,23.9,2.3,330,9,16.1,23.9,2.3,330,9,338,29.83,0.2,0,0,0,38.8,45.7,48.4,0.49,0.53,0.50
TICO,2019-11-08 12:05:00 EST,43.87469,-73.41879,274,29.5,29.3,18.6,55.1,15.3,0.000,0.000,0.00,0.000,13.6,21.0,2.9,331,16,14.3,20.7,3.0,334,13,14.3,20.7,3.0,334,13,236,29.82,0.3,0,0,0,38.8,45.7,48.4,0.49,0.53,0.50
TICO,2019-11-08 12:10:00 EST,43.87469,-73.41879,274,29.7,29.5,18.9,54.2,15.1,0.000,0.000,0.00,0.000,13.6,20.9,2.4,325,11,14.2,21.9,2.4,327,11,14.2,21.9,2.4,327,11,235,29.82,0.3,0,0,0,38.8,45.7,48.4,0.49,0.53,0.50
TICO,2019-11-08 12:15:00 EST,43.87469,-73.41879,274,30.2,29.9,18.7,55.5,16.2,0.000,0.000,0.00,0.000,16.3,27.0,3.4,328,8,16.6,27.6,3.4,331,8,16.6,27.6,3.4,331,8,511,29.82,0.3,0,0,0,38.8,45.7,48.4,0.49,0.53,0.50
TICO,2019-11-08 12:20:00 EST,43.87469,-73.41879,274,30.3,29.9,18.7,52.7,15.1,0.000,0.000,0.00,0.000,16.5,21.6,2.5,312,9,17.1,22.7,2.5,314,9,17.1,22.7,2.5,314,9,444,29.82,0.2,0,0,0,39.0,45.7,48.4,0.49,0.53,0.50
TICO,2019-11-08 12:25:00 EST,43.87469,-73.41879,274,30.3,29.9,18.9,51.1,14.4,0.000,0.000,0.00,0.000,16.2,23.3,2.8,314,12,16.5,24.6,3.0,316,12,16.5,24.6,3.0,316,12,482,29.82,0.2,0,0,0,39.0,45.7,48.4,0.49,0.53,0.50
TICO,2019-11-08 12:30:00 EST,43.87469,-73.41879,274,30.5,30.0,19.1,50.8,14.4,0.000,0.000,0.00,0.000,15.9,21.9,2.6,328,8,16.4,22.7,2.8,332,8,16.4,22.7,2.8,332,8,510,29.82,0.2,0,0,0,39.0,45.7,48.4,0.49,0.53,0.50
TICO,2019-11-08 12:35:00 EST,43.87469,-73.41879,274,30.3,29.8,18.5,50.7,14.2,0.000,0.000,0.00,0.000,16.7,25.1,2.4,332,16,17.4,26.6,2.6,335,11,17.4,26.6,2.6,335,11,473,29.82,0.2,0,0,0,39.0,45.7,48.4,0.49,0.53,0.50
TICO,2019-11-08 12:40:00 EST,43.87469,-73.41879,274,30.4,30.0,18.6,52.1,14.9,0.000,0.000,0.00,0.000,17.4,23.7,2.5,328,7,17.9,25.1,2.6,332,8,17.9,25.1,2.6,332,8,494,29.82,0.2,0,0,0,39.0,45.7,48.4,0.49,0.53,0.50
TICO,2019-11-08 12:45:00 EST,43.87469,-73.41879,274,30.2,29.8,18.4,53.8,15.5,0.000,0.000,0.00,0.000,16.8,22.1,2.6,323,9,17.3,22.6,2.7,326,9,17.3,22.6,2.7,326,9,340,29.82,0.2,0,0,0,39.0,45.6,48.4,0.49,0.53,0.50
TICO,2019-11-08 12:50:00 EST,43.87469,-73.41879,274,29.2,29.0,16.9,55.3,15.1,0.000,0.000,0.00,0.000,17.5,22.3,2.1,330,11,18.1,22.0,2.2,334,10,18.1,22.0,2.2,334,10,232,29.82,0.2,0,0,0,39.0,45.6,48.4,0.49,0.53,0.50
TICO,2019-11-08 12:55:00 EST,43.87469,-73.41879,274,29.3,29.0,17.6,57.0,15.9,0.000,0.000,0.00,0.000,15.9,19.5,1.9,330,9,16.4,19.7,1.9,333,9,16.4,19.7,1.9,333,9,390,29.82,0.2,0,0,0,39.2,45.6,48.4,0.49,0.53,0.50
TICO,2019-11-08 13:00:00 EST,43.87469,-73.41879,274,29.6,29.3,19.1,57.3,16.4,0.000,0.000,0.00,0.000,13.0,18.5,1.9,332,12,13.8,18.9,2.0,335,11,13.8,18.9,2.0,335,11,388,29.82,0.3,0,0,0,39.2,45.6,48.4,0.49,0.53,0.50
TICO,2019-11-08 13:05:00 EST,43.87469,-73.41879,274,29.9,29.5,18.2,56.8,16.4,0.000,0.000,0.00,0.000,16.1,21.7,2.6,331,11,16.7,22.7,2.6,334,11,16.7,22.7,2.6,334,11,416,29.82,0.2,0,0,0,39.2,45.5,48.4,0.49,0.53,0.50
TICO,2019-11-08 13:10:00 EST,43.87469,-73.41879,274,29.7,29.4,17.5,53.8,15.0,0.000,0.000,0.00,0.000,17.4,22.7,2.4,332,12,18.2,24.0,2.6,334,12,18.2,24.0,2.6,334,12,355,29.82,0.3,0,0,0,39.2,45.5,48.4,0.49,0.53,0.50
TICO,2019-11-08 13:15:00 EST,43.87469,-73.41879,274,29.5,29.3,18.5,54.4,15.1,0.000,0.000,0.00,0.000,14.3,19.4,2.5,325,10,14.7,19.7,2.4,329,10,14.7,19.7,2.4,329,10,220,29.82,0.3,0,0,0,39.2,45.5,48.4,0.49,0.53,0.50
TICO,2019-11-08 13:20:00 EST,43.87469,-73.41879,274,30.0,29.6,18.9,54.7,15.6,0.000,0.000,0.00,0.000,14.6,19.9,2.8,330,9,15.2,21.5,2.7,334,9,15.2,21.5,2.7,334,9,475,29.82,0.2,0,0,0,39.2,45.5,48.4,0.49,0.53,0.50
TICO,2019-11-08 13:25:00 EST,43.87469,-73.41879,274,30.3,30.0,19.3,54.3,15.8,0.000,0.000,0.00,0.000,14.8,20.1,2.6,327,9,15.4,22.0,2.6,330,9,15.4,22.0,2.6,330,9,376,29.82,0.2,0,0,0,39.2,45.5,48.4,0.49,0.53,0.50
TICO,2019-11-08 13:30:00 EST,43.87469,-73.41879,274,30.5,30.2,20.6,52.9,15.4,0.000,0.000,0.00,0.000,12.0,17.3,2.1,325,12,12.7,18.9,2.2,328,11,12.7,18.9,2.2,328,11,413,29.82,0.2,0,0,0,39.2,45.5,48.4,0.49,0.53,0.50
TICO,2019-11-08 13:35:00 EST,43.87469,-73.41879,274,30.5,30.2,19.4,51.6,14.8,0.000,0.000,0.00,0.000,15.4,20.8,2.9,325,9,15.9,22.5,3.0,328,9,15.9,22.5,3.0,328,9,398,29.83,0.3,0,0,0,39.2,45.5,48.4,0.49,0.53,0.50
TICO,2019-11-08 13:40:00 EST,43.87469,-73.41879,274,30.5,30.2,19.5,52.0,15.0,0.000,0.000,0.00,0.000,14.9,18.0,1.7,331,10,15.4,20.0,2.0,336,10,15.4,20.0,2.0,336,10,392,29.83,0.2,0,0,0,39.2,45.5,48.4,0.49,0.53,0.50
TICO,2019-11-08 13:45:00 EST,43.87469,-73.41879,274,30.7,30.4,19.3,51.4,14.9,0.000,0.000,0.00,0.000,15.6,25.1,3.2,329,11,16.5,26.0,3.3,332,11,16.5,26.0,3.3,332,11,384,29.83,0.2,0,0,0,39.2,45.5,48.4,0.49,0.53,0.50
TICO,2019-11-08 13:50:00 EST,43.87469,-73.41879,274,30.6,30.3,18.8,49.5,13.9,0.000,0.000,0.00,0.000,17.2,24.7,3.0,320,13,17.8,25.1,3.1,321,13,17.8,25.1,3.1,321,13,362,29.83,0.2,0,0,0,39.2,45.5,48.4,0.49,0.53,0.50
TICO,2019-11-08 13:55:00 EST,43.87469,-73.41879,274,30.7,30.4,18.7,49.0,13.8,0.000,0.000,0.00,0.000,17.5,26.7,3.2,324,12,18.3,27.8,3.4,326,12,18.3,27.8,3.4,326,12,404,29.83,0.2,0,0,0,39.2,45.5,48.4,0.49,0.53,0.50
TICO,2019-11-08 14:00:00 EST,43.87469,-73.41879,274,30.8,30.5,19.2,50.1,14.3,0.000,0.000,0.00,0.000,16.5,22.8,2.3,326,10,17.2,23.3,2.4,329,10,17.2,23.3,2.4,329,10,403,29.83,0.3,0,0,0,39.2,45.5,48.4,0.49,0.53,0.50
TICO,2019-11-08 14:05:00 EST,43.87469,-73.41879,274,30.9,30.6,19.7,48.6,13.8,0.000,0.000,0.00,0.000,15.6,20.4,2.2,323,10,16.3,21.3,2.2,326,9,16.3,21.3,2.2,326,9,374,29.83,0.2,0,0,0,39.2,45.5,48.4,0.49,0.53,0.50
TICO,2019-11-08 14:10:00 EST,43.87469,-73.41879,274,30.7,30.5,18.6,48.7,13.6,0.000,0.000,0.00,0.000,18.1,25.7,3.1,327,11,18.8,27.8,3.3,330,11,18.8,27.8,3.3,330,11,326,29.83,0.2,0,0,0,39.2,45.5,48.4,0.49,0.53,0.50
TICO,2019-11-08 14:15:00 EST,43.87469,-73.41879,274,30.4,30.3,18.3,49.8,13.9,0.000,0.000,0.00,0.000,18.2,24.6,2.9,328,12,18.7,25.8,3.1,330,7,18.7,25.8,3.1,330,7,314,29.83,0.2,0,0,0,39.2,45.5,48.4,0.49,0.53,0.50
TICO,2019-11-08 14:20:00 EST,43.87469,-73.41879,274,30.3,30.2,18.2,49.2,13.5,0.000,0.000,0.00,0.000,18.3,25.2,2.6,330,10,18.8,26.5,2.7,332,10,18.8,26.5,2.7,332,10,297,29.83,0.2,0,0,0,39.2,45.5,48.4,0.49,0.53,0.50
TICO,2019-11-08 14:25:00 EST,43.87469,-73.41879,274,30.2,30.1,18.3,48.7,13.2,0.000,0.000,0.00,0.000,17.3,25.1,2.9,327,9,17.9,24.2,2.9,330,8,17.9,24.2,2.9,330,8,279,29.83,0.2,0,0,0,39.2,45.5,48.4,0.49,0.53,0.50
TICO,2019-11-08 14:30:00 EST,43.87469,-73.41879,274,30.1,30.1,18.1,49.3,13.4,0.000,0.000,0.00,0.000,17.5,22.9,2.4,327,9,18.2,23.3,2.4,329,8,18.2,23.3,2.4,329,8,267,29.83,0.2,0,0,0,39.2,45.5,48.4,0.49,0.53,0.50
TICO,2019-11-08 14:35:00 EST,43.87469,-73.41879,274,30.1,30.0,18.8,49.1,13.2,0.000,0.000,0.00,0.000,15.1,19.7,2.2,328,8,15.8,22.0,2.3,331,8,15.8,22.0,2.3,331,8,256,29.83,0.2,0,0,0,39.2,45.5,48.4,0.49,0.53,0.50
TICO,2019-11-08 14:40:00 EST,43.87469,-73.41879,274,30.0,30.0,17.7,50.6,13.8,0.000,0.000,0.00,0.000,18.3,26.5,3.0,332,8,18.9,27.1,3.2,335,8,18.9,27.1,3.2,335,8,247,29.83,0.2,0,0,0,39.2,45.5,48.4,0.49,0.53,0.50
TICO,2019-11-08 14:45:00 EST,43.87469,-73.41879,274,30.0,30.0,18.2,49.0,13.2,0.000,0.000,0.00,0.000,17.3,23.7,2.0,323,9,17.5,22.8,2.1,327,10,17.5,22.8,2.1,327,10,235,29.84,0.2,0,0,0,39.2,45.5,48.4,0.49,0.53,0.49
TICO,2019-11-08 14:50:00 EST,43.87469,-73.41879,274,29.7,29.8,17.5,49.0,12.9,0.000,0.000,0.00,0.000,17.9,26.0,3.4,322,10,18.3,27.3,3.4,325,11,18.3,27.3,3.4,325,11,143,29.84,0.1,0,0,0,39.2,45.5,48.4,0.49,0.53,0.50
TICO,2019-11-08 14:55:00 EST,43.87469,-73.41879,274,29.3,29.4,18.5,50.1,13.0,0.000,0.000,0.00,0.000,13.3,19.3,2.3,323,12,14.0,19.5,2.4,326,12,14.0,19.5,2.4,326,12,111,29.84,0.2,0,0,0,39.2,45.5,48.4,0.49,0.53,0.50
TICO,2019-11-08 15:00:00 EST,43.87469,-73.41879,274,29.1,29.3,16.5,51.0,13.2,0.000,0.000,0.00,0.000,18.4,25.4,3.4,326,10,18.9,26.9,3.5,328,9,18.9,26.9,3.5,328,9,95,29.84,0.2,0,0,0,39.2,45.5,48.4,0.49,0.53,0.50
TICO,2019-11-08 15:05:00 EST,43.87469,-73.41879,274,28.8,29.1,17.0,50.3,12.6,0.000,0.000,0.00,0.000,16.1,22.2,2.8,319,12,16.5,22.6,2.9,322,12,16.5,22.6,2.9,322,12,89,29.85,0.2,0,0,0,39.2,45.5,48.4,0.49,0.53,0.50
TICO,2019-11-08 15:10:00 EST,43.87469,-73.41879,274,28.6,28.9,16.8,52.4,13.3,0.000,0.000,0.00,0.000,15.5,24.8,3.7,324,10,16.0,25.0,3.7,327,10,16.0,25.0,3.7,327,10,80,29.85,0.2,0,0,0,39.2,45.5,48.4,0.49,0.53,0.50
TICO,2019-11-08 15:15:00 EST,43.87469,-73.41879,274,28.7,29.1,16.0,50.1,12.5,0.000,0.000,0.00,0.000,18.4,25.6,3.2,324,8,18.9,26.0,3.1,327,8,18.9,26.0,3.1,327,8,94,29.85,0.2,0,0,0,39.2,45.5,48.4,0.49,0.53,0.50
TICO,2019-11-08 15:20:00 EST,43.87469,-73.41879,274,28.8,29.1,16.0,50.7,12.9,0.000,0.000,0.00,0.000,19.2,27.1,4.1,325,7,19.6,27.6,4.0,328,7,19.6,27.6,4.0,328,7,138,29.85,0.2,0,0,0,39.2,45.5,48.4,0.49,0.53,0.50
TICO,2019-11-08 15:25:00 EST,43.87469,-73.41879,274,28.9,29.1,15.6,50.7,12.9,0.000,0.000,0.00,0.000,20.5,25.9,2.4,330,9,21.0,26.7,2.5,332,8,21.0,26.7,2.5,332,8,139,29.85,0.2,0,0,0,39.2,45.5,48.4,0.49,0.53,0.50
TICO,2019-11-08 15:30:00 EST,43.87469,-73.41879,274,28.7,29.0,15.8,52.9,13.7,0.000,0.000,0.00,0.000,18.8,27.5,3.6,320,9,19.4,29.9,3.9,323,8,19.4,29.9,3.9,323,8,129,29.86,0.2,0,0,0,39.2,45.5,48.4,0.49,0.53,0.50
TICO,2019-11-08 15:35:00 EST,43.87469,-73.41879,274,28.6,28.9,16.1,52.8,13.5,0.000,0.000,0.00,0.000,17.5,24.6,2.9,325,10,18.1,25.1,3.0,327,10,18.1,25.1,3.0,327,10,118,29.86,0.2,0,0,0,39.2,45.5,48.4,0.49,0.53,0.50
TICO,2019-11-08 15:40:00 EST,43.87469,-73.41879,274,28.5,28.8,15.7,54.1,14.0,0.000,0.000,0.00,0.000,18.5,27.3,2.5,320,11,18.9,29.8,2.9,322,11,18.9,29.8,2.9,322,11,105,29.86,0.2,0,0,0,39.2,45.4,48.3,0.49,0.53,0.50
TICO,2019-11-08 15:45:00 EST,43.87469,-73.41879,274,28.4,28.7,15.8,52.8,13.3,0.000,0.000,0.00,0.000,17.6,27.8,3.9,320,13,18.1,28.8,4.1,324,13,18.1,28.8,4.1,324,13,62,29.86,0.2,0,0,0,39.2,45.4,48.3,0.49,0.53,0.50
TICO,2019-11-08 15:50:00 EST,43.87469,-73.41879,274,28.1,28.4,16.7,54.1,13.6,0.000,0.000,0.00,0.000,14.2,23.7,4.0,310,13,14.8,26.0,3.9,311,13,14.8,26.0,3.9,311,13,47,29.86,0.1,0,0,0,39.2,45.4,48.3,0.49,0.53,0.50
TICO,2019-11-08 15:55:00 EST,43.87469,-73.41879,274,27.9,28.3,17.9,54.5,13.6,0.000,0.000,0.00,0.000,10.6,15.9,1.8,299,13,11.3,16.2,1.8,300,13,11.3,16.2,1.8,300,13,28,29.86,0.2,0,0,0,39.2,45.3,48.3,0.49,0.53,0.50
TICO,2019-11-08 16:00:00 EST,43.87469,-73.41879,274,27.9,28.2,16.8,53.0,13.0,0.000,0.000,0.00,0.000,12.9,20.7,2.8,296,10,13.7,21.6,3.1,296,9,13.7,21.6,3.1,296,9,26,29.86,0.2,0,0,0,39.2,45.3,48.3,0.49,0.53,0.50
TICO,2019-11-08 16:05:00 EST,43.87469,-73.41879,274,27.6,27.9,17.8,54.9,13.5,0.000,0.000,0.00,0.000,10.3,14.8,2.2,301,14,10.8,16.8,2.2,302,14,10.8,16.8,2.2,302,14,23,29.86,0.3,0,0,0,39.2,45.3,48.3,0.49,0.53,0.50
TICO,2019-11-08 16:10:00 EST,43.87469,-73.41879,274,27.6,27.9,17.3,54.1,13.2,0.000,0.000,0.00,0.000,11.4,16.5,1.8,299,10,11.8,17.1,1.9,301,9,11.8,17.1,1.9,301,9,20,29.86,0.2,0,0,0,39.2,45.3,48.2,0.49,0.53,0.50
TICO,2019-11-08 16:15:00 EST,43.87469,-73.41879,274,27.5,27.8,18.2,53.6,12.9,0.000,0.000,0.00,0.000,9.7,14.1,1.8,299,7,10.1,14.7,1.9,300,7,10.1,14.7,1.9,300,7,18,29.87,0.2,0,0,0,39.0,45.3,48.2,0.49,0.53,0.50
TICO,2019-11-08 16:20:00 EST,43.87469,-73.41879,274,27.4,27.8,17.0,53.9,12.9,0.000,0.000,0.00,0.000,11.6,15.9,2.0,300,11,12.2,17.6,2.2,301,10,12.2,17.6,2.2,301,10,15,29.87,0.2,0,0,0,39.0,45.3,48.2,0.49,0.53,0.50
TICO,2019-11-08 16:25:00 EST,43.87469,-73.41879,274,27.3,27.7,18.5,54.9,13.2,0.000,0.000,0.00,0.000,8.3,15.4,2.6,294,13,9.0,17.1,2.9,295,13,9.0,17.1,2.9,295,13,12,29.87,0.2,0,0,0,39.0,45.3,48.2,0.49,0.53,0.50
TICO,2019-11-08 16:30:00 EST,43.87469,-73.41879,274,27.0,27.5,18.9,55.7,13.3,0.000,0.000,0.00,0.000,7.5,10.6,1.3,306,11,7.8,11.3,1.3,308,10,7.8,11.3,1.3,308,10,10,29.87,0.2,0,0,0,39.0,45.3,48.2,0.49,0.53,0.50
TICO,2019-11-08 16:35:00 EST,43.87469,-73.41879,274,26.9,27.5,19.4,56.4,13.5,0.000,0.000,0.00,0.000,6.7,9.9,1.1,305,9,7.0,11.5,1.2,307,9,7.0,11.5,1.2,307,9,7,29.88,0.2,0,0,0,39.0,45.3,48.2,0.49,0.53,0.50
TICO,2019-11-08 16:40:00 EST,43.87469,-73.41879,274,26.7,27.6,18.6,56.9,13.5,0.000,0.000,0.00,0.000,7.4,14.4,2.6,305,10,7.8,14.6,2.6,306,9,7.8,14.6,2.6,306,9,4,29.88,0.2,0,0,0,39.0,45.3,48.2,0.49,0.53,0.50
TICO,2019-11-08 16:45:00 EST,43.87469,-73.41879,274,27.1,27.7,19.4,54.4,12.8,0.000,0.000,0.00,0.000,6.8,10.4,1.7,309,17,7.3,12.4,1.8,310,17,7.3,12.4,1.8,310,17,3,29.88,0.1,0,0,0,39.0,45.3,48.2,0.49,0.53,0.50
TICO,2019-11-08 16:50:00 EST,43.87469,-73.41879,274,26.5,27.5,19.7,55.5,12.7,0.000,0.000,0.00,0.000,5.6,8.3,0.9,320,16,6.0,9.2,1.1,322,16,6.0,9.2,1.1,322,16,2,29.88,0.1,0,0,0,38.8,45.3,48.2,0.49,0.53,0.50
TICO,2019-11-08 16:55:00 EST,43.87469,-73.41879,274,26.2,27.5,19.8,57.3,13.2,0.000,0.000,0.00,0.000,5.1,9.6,1.5,329,15,5.5,10.1,1.6,331,14,5.5,10.1,1.6,331,14,1,29.88,0.3,0,0,0,38.8,45.3,48.2,0.49,0.53,0.50
TICO,2019-11-08 17:00:00 EST,43.87469,-73.41879,274,26.9,27.9,18.2,54.1,12.5,0.000,0.000,0.00,0.000,8.2,13.7,1.8,321,13,8.7,14.3,2.0,323,12,8.7,14.3,2.0,323,12,0,29.88,0.3,0,0,0,38.8,45.3,48.2,0.49,0.53,0.50
TICO,2019-11-08 17:05:00 EST,43.87469,-73.41879,274,26.6,27.6,20.9,55.2,12.7,0.000,0.000,0.00,0.000,4.6,7.1,0.9,318,8,4.8,7.1,0.8,319,8,4.8,7.1,0.8,319,8,0,29.89,0.1,0,0,0,38.8,45.3,48.2,0.49,0.53,0.50
TICO,2019-11-08 17:10:00 EST,43.87469,-73.41879,274,26.7,27.7,20.7,54.9,12.7,0.000,0.000,0.00,0.000,4.9,8.1,1.6,304,13,5.2,9.4,1.8,304,12,5.2,9.4,1.8,304,12,0,29.89,0.1,0,0,0,38.8,45.3,48.2,0.49,0.53,0.50
TICO,2019-11-08 17:15:00 EST,43.87469,-73.41879,274,26.5,27.6,21.7,55.0,12.5,0.000,0.000,0.00,0.000,3.7,6.3,1.0,319,26,4.0,7.2,1.2,320,25,4.0,7.2,1.2,320,25,0,29.89,0.2,0,0,0,38.8,45.3,48.2,0.49,0.53,0.50
TICO,2019-11-08 17:20:00 EST,43.87469,-73.41879,274,27.1,27.5,23.6,53.1,12.3,0.000,0.000,0.00,0.000,3.1,5.5,1.0,315,12,3.1,5.6,1.1,317,11,3.1,5.6,1.1,317,11,0,29.89,0.1,0,0,0,38.7,45.3,48.2,0.49,0.53,0.50
TICO,2019-11-08 17:25:00 EST,43.87469,-73.41879,274,26.3,27.1,26.3,54.6,12.2,0.000,0.000,0.00,0.000,2.1,3.4,0.5,347,20,2.6,3.8,0.7,349,20,2.6,3.8,0.7,349,20,0,29.90,0.2,0,0,0,38.7,45.3,48.2,0.49,0.53,0.50
TICO,2019-11-08 17:30:00 EST,43.87469,-73.41879,274,26.6,27.4,26.6,54.8,12.5,0.000,0.000,0.00,0.000,2.2,3.4,0.5,349,29,2.7,3.8,0.5,350,27,2.7,3.8,0.5,350,27,0,29.90,0.2,0,0,0,38.7,45.3,48.2,0.49,0.53,0.50
TICO,2019-11-08 17:35:00 EST,43.87469,-73.41879,274,26.3,27.3,26.3,54.6,12.2,0.000,0.000,0.00,0.000,1.7,3.1,0.6,308,27,1.9,3.7,0.6,308,27,1.9,3.7,0.6,308,27,0,29.90,0.2,0,0,0,38.7,45.3,48.2,0.49,0.53,0.50
TICO,2019-11-08 17:40:00 EST,43.87469,-73.41879,274,26.6,27.3,26.6,55.2,12.6,0.000,0.000,0.00,0.000,1.1,3.3,0.7,259,53,1.6,4.4,0.9,267,58,1.6,4.4,0.9,267,58,0,29.90,0.3,0,0,0,38.7,45.3,48.2,0.49,0.53,0.50
TICO,2019-11-08 17:45:00 EST,43.87469,-73.41879,274,27.4,27.6,27.4,52.3,12.2,0.000,0.000,0.00,0.000,1.6,4.3,0.9,284,48,2.0,4.5,0.9,286,47,2.0,4.5,0.9,286,47,0,29.90,0.2,0,0,0,38.7,45.3,48.2,0.49,0.53,0.50
TICO,2019-11-08 17:50:00 EST,43.87469,-73.41879,274,26.2,27.3,22.4,55.5,12.4,0.000,0.000,0.00,0.000,2.7,5.3,1.2,243,36,3.2,6.6,1.3,244,36,3.2,6.6,1.3,244,36,0,29.91,0.1,0,0,0,38.7,45.3,48.2,0.49,0.53,0.50
TICO,2019-11-08 17:55:00 EST,43.87469,-73.41879,274,26.8,27.5,26.8,54.0,12.4,0.000,0.000,0.00,0.000,1.5,4.5,1.3,292,21,1.7,5.0,1.2,290,29,1.7,5.0,1.2,290,29,0,29.91,0.2,0,0,0,38.6,45.3,48.2,0.50,0.53,0.50
TICO,2019-11-08 18:00:00 EST,43.87469,-73.41879,274,25.6,26.9,25.6,55.6,12.0,0.000,0.000,0.00,0.000,2.3,3.1,0.4,173,14,2.5,3.5,0.4,172,17,2.5,3.5,0.4,172,17,0,29.91,0.1,0,0,0,38.5,45.3,48.2,0.49,0.53,0.50
TICO,2019-11-08 18:05:00 EST,43.87469,-73.41879,274,24.0,26.5,19.1,60.3,12.3,0.000,0.000,0.00,0.000,3.6,4.8,0.7,203,15,3.9,4.9,0.7,204,15,3.9,4.9,0.7,204,15,0,29.91,0.1,0,0,0,38.5,45.3,48.2,0.49,0.53,0.50
TICO,2019-11-08 18:10:00 EST,43.87469,-73.41879,274,23.3,26.4,17.4,65.8,13.5,0.000,0.000,0.00,0.000,4.1,5.7,0.8,188,6,4.5,6.2,0.9,189,6,4.5,6.2,0.9,189,6,0,29.92,0.1,0,0,0,38.5,45.3,48.2,0.49,0.53,0.50
TICO,2019-11-08 18:15:00 EST,43.87469,-73.41879,274,23.3,26.6,19.2,68.5,14.5,0.000,0.000,0.00,0.000,3.0,4.0,0.4,206,19,3.2,4.5,0.5,207,18,3.2,4.5,0.5,207,18,0,29.92,0.2,0,0,0,38.5,45.3,48.2,0.49,0.53,0.50
TICO,2019-11-08 18:20:00 EST,43.87469,-73.41879,274,24.1,26.0,18.4,66.3,14.4,0.000,0.000,0.00,0.000,3.9,5.8,1.1,206,15,4.4,6.8,1.1,206,14,4.4,6.8,1.1,206,14,0,29.92,0.2,0,0,0,38.5,45.3,48.2,0.49,0.53,0.50
TICO,2019-11-08 18:25:00 EST,43.87469,-73.41879,274,23.4,25.8,15.4,64.5,13.1,0.000,0.000,0.00,0.000,6.4,8.2,1.1,215,6,6.6,8.6,1.1,215,5,6.6,8.6,1.1,215,5,0,29.92,0.1,0,0,0,38.5,45.3,48.2,0.49,0.53,0.50
TICO,2019-11-08 18:30:00 EST,43.87469,-73.41879,274,23.3,26.1,15.0,67.7,14.2,0.000,0.000,0.00,0.000,6.8,8.9,1.2,216,12,7.0,9.2,1.3,216,13,7.0,9.2,1.3,216,13,0,29.92,0.3,0,0,0,38.4,45.3,48.2,0.50,0.53,0.50
TICO,2019-11-08 18:35:00 EST,43.87469,-73.41879,274,23.6,25.5,17.4,66.1,13.9,0.000,0.000,0.00,0.000,4.5,7.8,1.1,226,16,4.8,9.2,1.3,227,16,4.8,9.2,1.3,227,16,0,29.92,0.4,0,0,0,38.3,45.3,48.2,0.49,0.53,0.50
TICO,2019-11-08 18:40:00 EST,43.87469,-73.41879,274,25.3,26.1,21.2,60.8,13.7,0.000,0.000,0.00,0.000,3.3,4.4,0.5,238,11,3.4,4.9,0.7,237,11,3.4,4.9,0.7,237,11,0,29.92,0.1,0,0,0,38.3,45.3,48.2,0.50,0.53,0.50
TICO,2019-11-08 18:45:00 EST,43.87469,-73.41879,274,25.5,26.6,25.5,58.9,13.1,0.000,0.000,0.00,0.000,2.1,3.4,0.6,303,40,2.4,3.9,0.7,308,40,2.4,3.9,0.7,308,40,0,29.92,0.1,0,0,0,38.3,45.3,48.2,0.49,0.53,0.50
TICO,2019-11-08 18:50:00 EST,43.87469,-73.41879,274,24.7,26.7,24.7,60.1,12.8,0.000,0.000,0.00,0.000,1.7,3.2,0.9,334,57,1.9,3.8,0.9,339,57,1.9,3.8,0.9,339,57,0,29.93,0.2,0,0,0,38.3,45.3,48.2,0.49,0.53,0.50
TICO,2019-11-08 18:55:00 EST,43.87469,-73.41879,274,24.5,25.8,24.5,62.6,13.5,0.000,0.000,0.00,0.000,0.9,2.0,0.6,222,12,0.9,2.0,0.6,218,13,0.9,2.0,0.6,218,13,0,29.93,0.2,0,0,0,38.3,45.3,48.2,0.50,0.53,0.50
TICO,2019-11-08 19:00:00 EST,43.87469,-73.41879,274,25.2,27.0,25.2,61.1,13.6,0.000,0.000,0.00,0.000,0.2,0.8,0.3,10,38,0.5,1.4,0.5,355,45,0.5,1.4,0.5,355,45,0,29.93,0.2,0,0,0,38.3,45.2,48.2,0.49,0.53,0.50
TICO,2019-11-08 19:05:00 EST,43.87469,-73.41879,274,26.6,27.5,26.6,56.9,13.4,0.000,0.000,0.00,0.000,0.6,2.7,0.7,248,24,0.8,3.6,1.0,247,22,0.8,3.6,1.0,247,22,0,29.93,0.2,0,0,0,38.3,45.1,48.2,0.49,0.53,0.50
TICO,2019-11-08 19:10:00 EST,43.87469,-73.41879,274,26.7,27.4,22.3,54.9,12.7,0.000,0.000,0.00,0.000,3.3,7.1,1.9,281,15,3.7,7.7,2.0,282,16,3.7,7.7,2.0,282,16,0,29.93,0.3,0,0,0,38.3,45.2,48.2,0.49,0.53,0.50
TICO,2019-11-08 19:15:00 EST,43.87469,-73.41879,274,26.2,27.1,20.9,55.5,12.5,0.000,0.000,0.00,0.000,4.1,5.7,0.7,287,8,4.5,6.5,0.8,288,7,4.5,6.5,0.8,288,7,0,29.93,0.1,0,0,0,38.3,45.1,48.2,0.50,0.53,0.50
TICO,2019-11-08 19:20:00 EST,43.87469,-73.41879,274,25.0,26.9,18.9,58.7,12.6,0.000,0.000,0.00,0.000,4.5,5.8,0.6,263,12,5.0,6.3,0.6,265,12,5.0,6.3,0.6,265,12,0,29.93,0.1,0,0,0,38.2,45.1,48.2,0.49,0.53,0.50
TICO,2019-11-08 19:25:00 EST,43.87469,-73.41879,274,24.5,27.2,15.7,59.8,12.5,0.000,0.000,0.00,0.000,7.4,9.5,1.3,257,7,8.0,10.2,1.4,258,6,8.0,10.2,1.4,258,6,0,29.93,0.2,0,0,0,38.1,45.1,48.2,0.49,0.53,0.50
TICO,2019-11-08 19:30:00 EST,43.87469,-73.41879,274,25.2,26.6,19.2,60.2,13.3,0.000,0.000,0.00,0.000,4.4,7.2,1.3,277,14,4.9,8.1,1.4,279,13,4.9,8.1,1.4,279,13,0,29.94,0.2,0,0,0,38.1,45.1,48.2,0.49,0.53,0.50
TICO,2019-11-08 19:35:00 EST,43.87469,-73.41879,274,25.3,26.8,18.3,58.5,12.8,0.000,0.000,0.00,0.000,5.4,6.9,0.8,271,13,5.9,7.3,0.8,272,12,5.9,7.3,0.8,272,12,0,29.94,0.2,0,0,0,38.1,45.1,48.2,0.49,0.53,0.50
TICO,2019-11-08 19:40:00 EST,43.87469,-73.41879,274,25.2,26.8,17.6,59.8,13.1,0.000,0.000,0.00,0.000,6.1,7.9,1.1,285,8,6.6,8.7,1.1,286,7,6.6,8.7,1.1,286,7,0,29.94,0.2,0,0,0,38.1,45.1,48.2,0.49,0.53,0.50
TICO,2019-11-08 19:45:00 EST,43.87469,-73.41879,274,25.7,27.3,19.1,58.0,13.0,0.000,0.000,0.00,0.000,5.2,7.2,0.8,315,14,5.6,8.2,0.9,317,14,5.6,8.2,0.9,317,14,0,29.94,0.1,0,0,0,38.1,45.1,48.2,0.49,0.53,0.50
TICO,2019-11-08 19:50:00 EST,43.87469,-73.41879,274,25.8,27.1,20.2,57.8,12.9,0.000,0.000,0.00,0.000,4.3,5.3,0.5,315,9,4.6,5.9,0.5,316,8,4.6,5.9,0.5,316,8,0,29.94,0.2,0,0,0,38.1,45.1,48.2,0.49,0.53,0.50
TICO,2019-11-08 19:55:00 EST,43.87469,-73.41879,274,25.5,26.6,20.3,56.9,12.3,0.000,0.000,0.00,0.000,4.0,5.3,0.5,325,7,4.2,5.9,0.6,326,7,4.2,5.9,0.6,326,7,0,29.94,0.2,0,0,0,38.1,45.1,48.2,0.49,0.53,0.50
TICO,2019-11-08 20:00:00 EST,43.87469,-73.41879,274,25.2,26.9,20.2,57.7,12.4,0.000,0.000,0.00,0.000,3.8,4.7,0.4,323,8,4.0,5.8,0.5,324,8,4.0,5.8,0.5,324,8,0,29.94,0.2,0,0,0,38.0,45.1,48.2,0.49,0.53,0.50
TICO,2019-11-08 20:05:00 EST,43.87469,-73.41879,274,25.1,26.6,20.2,57.3,12.1,0.000,0.000,0.00,0.000,3.5,4.3,0.4,318,32,3.9,4.7,0.4,317,32,3.9,4.7,0.4,317,32,0,29.94,-0.1,0,0,0,37.9,45.1,48.2,0.49,0.53,0.50
TICO,2019-11-08 20:10:00 EST,43.87469,-73.41879,274,22.7,25.1,22.7,64.9,12.6,0.000,0.000,0.00,0.000,2.0,3.8,0.9,272,17,2.2,4.4,1.0,272,19,2.2,4.4,1.0,272,19,0,29.94,0.1,0,0,0,37.9,45.1,48.2,0.49,0.53,0.50
TICO,2019-11-08 20:15:00 EST,43.87469,-73.41879,274,21.6,24.5,21.6,70.1,13.3,0.000,0.000,0.00,0.000,2.6,3.4,0.6,225,13,2.7,3.6,0.5,226,13,2.7,3.6,0.5,226,13,0,29.94,0.1,0,0,0,37.9,45.1,48.2,0.49,0.53,0.50
TICO,2019-11-08 20:20:00 EST,43.87469,-73.41879,274,21.6,25.0,16.6,70.5,13.5,0.000,0.000,0.00,0.000,3.5,4.2,0.4,214,4,3.6,4.5,0.4,216,3,3.6,4.5,0.4,216,3,0,29.94,0.1,0,0,0,37.9,45.1,48.1,0.49,0.53,0.50
TICO,2019-11-08 20:25:00 EST,43.87469,-73.41879,274,19.7,23.7,13.0,74.6,13.0,0.000,0.000,0.00,0.000,4.6,5.6,0.6,223,10,4.7,6.0,0.7,223,10,4.7,6.0,0.7,223,10,0,29.94,0.1,0,0,0,37.9,45.1,48.2,0.49,0.53,0.50
TICO,2019-11-08 20:30:00 EST,43.87469,-73.41879,274,18.7,22.8,12.8,79.8,13.5,0.000,0.000,0.00,0.000,3.7,4.3,0.3,204,7,3.9,4.7,0.4,205,8,3.9,4.7,0.4,205,8,0,29.94,0.2,0,0,0,37.9,45.1,48.2,0.49,0.53,0.50
TICO,2019-11-08 20:35:00 EST,43.87469,-73.41879,274,19.2,22.5,14.3,81.1,14.4,0.000,0.000,0.00,0.000,3.3,3.9,0.4,216,12,3.3,4.3,0.5,218,11,3.3,4.3,0.5,218,11,0,29.95,0.2,0,0,0,37.9,45.1,48.1,0.49,0.53,0.50
TICO,2019-11-08 20:40:00 EST,43.87469,-73.41879,274,19.8,24.3,14.1,81.2,15.0,0.000,0.000,0.00,0.000,3.7,4.2,0.3,196,7,3.9,4.6,0.3,197,7,3.9,4.6,0.3,197,7,0,29.95,0.2,0,0,0,37.9,45.1,48.1,0.49,0.53,0.50
TICO,2019-11-08 20:45:00 EST,43.87469,-73.41879,274,20.2,25.2,14.0,77.9,14.4,0.000,0.000,0.00,0.000,4.1,7.2,1.0,218,13,4.3,7.7,1.1,219,12,4.3,7.7,1.1,219,12,0,29.95,0.1,0,0,0,37.9,45.1,48.0,0.49,0.53,0.50
TICO,2019-11-08 20:50:00 EST,43.87469,-73.41879,274,18.7,22.3,11.3,79.8,13.4,0.000,0.000,0.00,0.000,4.8,7.2,0.7,245,12,5.1,7.9,0.7,245,11,5.1,7.9,0.7,245,11,0,29.95,0.2,0,0,0,37.9,45.1,48.0,0.49,0.53,0.50
TICO,2019-11-08 20:55:00 EST,43.87469,-73.41879,274,19.2,24.1,10.9,81.5,14.5,0.000,0.000,0.00,0.000,5.6,7.1,0.8,244,9,6.1,7.6,0.9,245,9,6.1,7.6,0.9,245,9,0,29.95,0.2,0,0,0,37.8,45.1,48.0,0.49,0.53,0.50
TICO,2019-11-08 21:00:00 EST,43.87469,-73.41879,274,18.9,22.6,9.3,81.7,14.2,0.000,0.000,0.00,0.000,6.9,8.3,0.7,256,4,7.4,8.9,0.7,257,4,7.4,8.9,0.7,257,4,0,29.95,0.1,0,0,0,37.8,45.1,48.0,0.49,0.53,0.50
TICO,2019-11-08 21:05:00 EST,43.87469,-73.41879,274,18.7,21.7,9.1,83.3,14.4,0.000,0.000,0.00,0.000,6.9,8.7,0.6,262,3,7.4,9.3,0.6,263,3,7.4,9.3,0.6,263,3,0,29.95,0.2,0,0,0,37.8,45.1,48.0,0.49,0.53,0.50
TICO,2019-11-08 21:10:00 EST,43.87469,-73.41879,274,18.6,22.9,9.4,84.2,14.7,0.000,0.000,0.00,0.000,6.6,8.2,0.5,259,3,7.0,8.5,0.5,260,3,7.0,8.5,0.5,260,3,0,29.95,0.2,0,0,0,37.8,45.1,48.0,0.49,0.53,0.50
TICO,2019-11-08 21:15:00 EST,43.87469,-73.41879,274,18.5,23.4,9.8,83.4,14.3,0.000,0.000,0.00,0.000,6.0,7.1,0.4,259,4,6.5,7.6,0.4,260,4,6.5,7.6,0.4,260,4,0,29.95,0.2,0,0,0,37.8,45.1,48.0,0.49,0.53,0.50
TICO,2019-11-08 21:20:00 EST,43.87469,-73.41879,274,18.5,22.7,9.8,83.9,14.5,0.000,0.000,0.00,0.000,5.9,7.6,0.5,262,4,6.4,8.2,0.6,263,4,6.4,8.2,0.6,263,4,0,29.95,0.2,0,0,0,37.8,45.1,48.0,0.49,0.53,0.50
TICO,2019-11-08 21:25:00 EST,43.87469,-73.41879,274,18.5,22.2,11.0,84.1,14.5,0.000,0.000,0.00,0.000,4.8,6.0,0.5,252,8,5.1,6.4,0.6,253,8,5.1,6.4,0.6,253,8,0,29.95,0.2,0,0,0,37.8,45.1,48.0,0.49,0.53,0.50
TICO,2019-11-08 21:30:00 EST,43.87469,-73.41879,274,19.2,23.0,13.0,83.7,15.1,0.000,0.000,0.00,0.000,4.0,5.0,0.4,239,6,4.3,5.2,0.5,239,6,4.3,5.2,0.5,239,6,0,29.95,0.2,0,0,0,37.8,45.1,48.0,0.49,0.53,0.50
TICO,2019-11-08 21:35:00 EST,43.87469,-73.41879,274,19.9,24.8,14.1,79.3,14.5,0.000,0.000,0.00,0.000,3.9,6.3,0.8,232,12,4.0,6.6,1.0,233,12,4.0,6.6,1.0,233,12,0,29.96,0.3,0,0,0,37.8,45.1,48.0,0.49,0.53,0.50
TICO,2019-11-08 21:40:00 EST,43.87469,-73.41879,274,22.1,23.6,15.6,73.8,15.1,0.000,0.000,0.00,0.000,4.8,6.1,0.7,221,12,5.0,6.5,0.7,222,12,5.0,6.5,0.7,222,12,0,29.96,0.1,0,0,0,37.7,45.1,48.0,0.49,0.53,0.50
TICO,2019-11-08 21:45:00 EST,43.87469,-73.41879,274,21.6,23.3,14.6,72.5,14.1,0.000,0.000,0.00,0.000,5.1,6.4,0.9,218,8,5.2,6.8,1.0,218,7,5.2,6.8,1.0,218,7,0,29.96,0.1,0,0,0,37.7,45.1,48.0,0.49,0.53,0.50
TICO,2019-11-08 21:50:00 EST,43.87469,-73.41879,274,20.7,23.6,14.4,72.9,13.4,0.000,0.000,0.00,0.000,4.5,6.6,0.7,215,4,4.6,6.9,0.8,216,3,4.6,6.9,0.8,216,3,0,29.96,0.2,0,0,0,37.6,45.1,48.0,0.49,0.53,0.50
TICO,2019-11-08 21:55:00 EST,43.87469,-73.41879,274,22.1,23.9,15.4,72.4,14.6,0.000,0.000,0.00,0.000,4.8,5.7,0.7,204,9,5.1,6.1,0.7,204,10,5.1,6.1,0.7,204,10,0,29.96,0.3,0,0,0,37.6,45.1,48.0,0.49,0.53,0.50
TICO,2019-11-08 22:00:00 EST,43.87469,-73.41879,274,23.3,24.5,23.3,69.3,14.8,0.000,0.000,0.00,0.000,2.8,4.9,1.0,213,26,2.9,6.4,1.1,214,26,2.9,6.4,1.1,214,26,0,29.96,0.1,0,0,0,37.6,45.1,48.0,0.49,0.53,0.50
TICO,2019-11-08 22:05:00 EST,43.87469,-73.41879,274,22.4,24.1,17.3,70.0,14.1,0.000,0.000,0.00,0.000,3.7,4.7,0.7,214,9,3.8,4.8,0.8,214,8,3.8,4.8,0.8,214,8,0,29.96,0.1,0,0,0,37.6,45.1,48.0,0.49,0.53,0.50
TICO,2019-11-08 22:10:00 EST,43.87469,-73.41879,274,23.0,24.9,18.6,69.5,14.6,0.000,0.000,0.00,0.000,3.3,4.7,0.7,216,9,3.4,4.7,0.9,216,7,3.4,4.7,0.9,216,7,0,29.95,0.1,0,0,0,37.6,45.1,48.0,0.49,0.53,0.50
TICO,2019-11-08 22:15:00 EST,43.87469,-73.41879,274,22.9,25.0,22.9,69.9,14.5,0.000,0.000,0.00,0.000,2.2,4.1,0.9,220,14,2.2,4.5,0.9,219,14,2.2,4.5,0.9,219,14,0,29.96,0.2,0,0,0,37.6,45.1,48.0,0.49,0.53,0.50
TICO,2019-11-08 22:20:00 EST,43.87469,-73.41879,274,22.2,25.3,22.2,70.6,14.1,0.000,0.000,0.00,0.000,0.1,0.8,0.2,177,35,0.4,1.3,0.5,138,38,0.4,1.3,0.5,138,38,0,29.96,0.2,0,0,0,37.6,45.1,48.0,0.49,0.53,0.50
TICO,2019-11-08 22:25:00 EST,43.87469,-73.41879,274,23.7,25.4,23.7,69.6,15.2,0.000,0.000,0.00,0.000,1.3,3.7,1.1,276,24,1.6,4.1,1.2,280,27,1.6,4.1,1.2,280,27,0,29.95,0.4,0,0,0,37.6,45.1,48.0,0.49,0.53,0.50
TICO,2019-11-08 22:30:00 EST,43.87469,-73.41879,274,25.2,25.7,21.5,63.6,14.6,0.000,0.000,0.00,0.000,2.8,4.9,0.8,293,21,3.1,6.9,1.1,295,20,3.1,6.9,1.1,295,20,0,29.95,0.0,0,0,0,37.6,45.1,48.0,0.49,0.53,0.50
TICO,2019-11-08 22:35:00 EST,43.87469,-73.41879,274,24.6,25.5,24.6,63.2,13.8,0.000,0.000,0.00,0.000,0.7,1.8,0.5,7,25,1.1,2.6,0.6,6,30,1.1,2.6,0.6,6,30,0,29.95,0.3,0,0,0,37.5,45.0,48.0,0.49,0.53,0.50
TICO,2019-11-08 22:40:00 EST,43.87469,-73.41879,274,24.9,25.8,24.9,63.2,14.2,0.000,0.000,0.00,0.000,1.5,3.1,0.7,96,64,1.9,4.2,0.7,101,65,1.9,4.2,0.7,101,65,0,29.96,0.2,0,0,0,37.5,45.0,48.0,0.49,0.53,0.50
TICO,2019-11-08 22:45:00 EST,43.87469,-73.41879,274,25.3,25.9,21.2,61.6,13.9,0.000,0.000,0.00,0.000,2.8,5.9,1.5,98,36,3.3,6.9,1.6,98,36,3.3,6.9,1.6,98,36,0,29.96,0.0,0,0,0,37.4,45.0,48.0,0.49,0.53,0.50
TICO,2019-11-08 22:50:00 EST,43.87469,-73.41879,274,25.3,26.6,19.9,60.7,13.6,0.000,0.000,0.00,0.000,3.9,7.2,1.6,58,24,4.3,9.8,1.6,54,29,4.3,9.8,1.6,54,29,0,29.96,0.2,0,0,0,37.4,45.0,48.0,0.49,0.53,0.50
TICO,2019-11-08 22:55:00 EST,43.87469,-73.41879,274,24.5,25.9,18.7,61.8,13.2,0.000,0.000,0.00,0.000,4.1,6.9,1.4,255,16,4.6,7.9,1.6,256,15,4.6,7.9,1.6,256,15,0,29.96,0.3,0,0,0,37.4,45.0,48.0,0.49,0.53,0.50
TICO,2019-11-08 23:00:00 EST,43.87469,-73.41879,274,25.6,26.4,19.1,60.8,13.9,0.000,0.000,0.00,0.000,4.7,10.4,1.8,258,15,5.4,11.9,2.0,259,14,5.4,11.9,2.0,259,14,0,29.96,0.3,0,0,0,37.4,45.0,48.0,0.49,0.53,0.50
TICO,2019-11-08 23:05:00 EST,43.87469,-73.41879,274,25.8,26.5,20.3,59.8,13.8,0.000,0.000,0.00,0.000,4.0,6.2,1.2,336,33,4.5,7.3,1.2,340,31,4.5,7.3,1.2,340,31,0,29.96,0.3,0,0,0,37.4,45.0,48.0,0.49,0.53,0.50
TICO,2019-11-08 23:10:00 EST,43.87469,-73.41879,274,25.7,26.2,25.7,58.7,13.2,0.000,0.000,0.00,0.000,2.0,4.0,0.8,1,23,2.6,5.1,1.0,3,19,2.6,5.1,1.0,3,19,0,29.96,0.1,0,0,0,37.4,45.0,48.0,0.49,0.53,0.50
TICO,2019-11-08 23:15:00 EST,43.87469,-73.41879,274,25.3,26.2,21.6,60.3,13.4,0.000,0.000,0.00,0.000,2.6,4.3,0.8,345,38,3.1,5.3,0.9,342,38,3.1,5.3,0.9,342,38,0,29.96,0.0,0,0,0,37.4,45.0,48.0,0.49,0.53,0.50
TICO,2019-11-08 23:20:00 EST,43.87469,-73.41879,274,24.7,26.0,24.7,61.8,13.4,0.000,0.000,0.00,0.000,1.4,3.1,0.7,272,29,1.7,3.6,0.9,273,29,1.7,3.6,0.9,273,29,0,29.96,0.2,0,0,0,37.4,45.0,48.0,0.49,0.53,0.50
TICO,2019-11-08 23:25:00 EST,43.87469,-73.41879,274,25.2,26.0,25.2,61.9,14.0,0.000,0.000,0.00,0.000,1.4,3.2,0.7,294,26,1.6,3.7,0.7,293,28,1.6,3.7,0.7,293,28,0,29.96,-0.0,0,0,0,37.4,45.0,48.0,0.49,0.53,0.50
TICO,2019-11-08 23:30:00 EST,43.87469,-73.41879,274,23.1,25.5,23.1,63.9,12.7,0.000,0.000,0.00,0.000,1.7,2.5,0.4,231,24,1.9,2.6,0.4,228,25,1.9,2.6,0.4,228,25,0,29.96,0.2,0,0,0,37.4,45.0,48.0,0.49,0.53,0.50
TICO,2019-11-08 23:35:00 EST,43.87469,-73.41879,274,22.9,25.1,22.9,67.3,13.7,0.000,0.000,0.00,0.000,2.6,4.1,1.0,151,11,2.9,4.7,1.1,148,11,2.9,4.7,1.1,148,11,0,29.96,0.3,0,0,0,37.4,45.0,48.0,0.49,0.53,0.50
TICO,2019-11-08 23:40:00 EST,43.87469,-73.41879,274,21.5,25.1,21.5,67.2,12.3,0.000,0.000,0.00,0.000,2.8,4.3,0.6,134,12,2.9,4.9,0.7,134,12,2.9,4.9,0.7,134,12,0,29.96,0.2,0,0,0,37.3,45.0,48.0,0.49,0.53,0.50
TICO,2019-11-08 23:45:00 EST,43.87469,-73.41879,274,20.9,24.2,15.7,72.0,13.3,0.000,0.000,0.00,0.000,3.6,4.3,0.3,147,9,3.7,4.7,0.5,144,8,3.7,4.7,0.5,144,8,0,29.96,0.3,0,0,0,37.4,45.0,48.0,0.49,0.53,0.50
TICO,2019-11-08 23:50:00 EST,43.87469,-73.41879,274,24.1,25.7,24.1,67.4,14.9,0.000,0.000,0.00,0.000,2.8,4.5,1.1,142,15,2.9,5.5,1.2,142,17,2.9,5.5,1.2,142,17,0,29.96,0.1,0,0,0,37.3,45.0,48.0,0.49,0.53,0.50
TICO,2019-11-08 23:55:00 EST,43.87469,-73.41879,274,23.4,24.5,19.5,63.9,13.0,0.000,0.000,0.00,0.000,2.8,4.5,0.8,166,22,3.0,5.2,0.9,165,23,3.0,5.2,0.9,165,23,0,29.97,-0.0,0,0,0,37.3,45.0,48.0,0.49,0.53,0.50
TULL,2019-11-08 00:00:00 EST,42.79463,-76.11555,1241,25.8,26.3,25.8,94.4,24.4,0.000,0.169,0.00,0.000,2.1,2.6,0.3,256,5,2.3,3.0,0.3,258,7,2.3,3.0,0.3,258,7,0,28.74,0.5,0,0,0,41.0,45.0,48.2,0.33,0.31,0.20
TULL,2019-11-08 00:05:00 EST,42.79463,-76.11555,1241,25.9,26.3,25.9,94.5,24.6,0.000,0.000,0.00,0.000,2.0,2.8,0.3,253,11,2.2,3.4,0.4,256,13,2.2,3.4,0.4,256,13,0,28.74,0.5,0,0,0,41.0,45.0,48.2,0.33,0.31,0.20
TULL,2019-11-08 00:10:00 EST,42.79463,-76.11555,1241,26.1,26.2,26.1,94.2,24.7,0.000,0.000,0.00,0.000,2.4,3.2,0.4,276,8,2.8,3.9,0.5,279,8,2.8,3.9,0.5,279,8,0,28.74,0.5,0,0,0,41.0,45.0,48.2,0.33,0.31,0.20
TULL,2019-11-08 00:15:00 EST,42.79463,-76.11555,1241,26.1,26.2,26.1,94.3,24.7,0.000,0.000,0.00,0.000,1.9,3.4,0.7,256,9,2.2,3.8,0.7,259,12,2.2,3.8,0.7,259,12,0,28.74,0.4,0,0,0,41.0,45.0,48.2,0.33,0.31,0.20
TULL,2019-11-08 00:20:00 EST,42.79463,-76.11555,1241,26.2,26.2,26.2,94.3,24.8,0.000,0.000,0.00,0.000,1.5,2.3,0.4,283,17,1.7,2.8,0.5,286,17,1.7,2.8,0.5,286,17,0,28.74,0.4,0,0,0,41.0,45.0,48.2,0.33,0.31,0.20
TULL,2019-11-08 00:25:00 EST,42.79463,-76.11555,1241,26.2,26.1,22.7,94.2,24.7,0.000,0.000,0.00,0.000,2.7,4.7,1.0,285,14,3.0,6.1,1.3,285,13,3.0,6.1,1.3,285,13,0,28.74,0.4,0,0,0,41.0,45.0,48.2,0.33,0.31,0.20
TULL,2019-11-08 00:30:00 EST,42.79463,-76.11555,1241,26.0,26.0,19.7,94.1,24.6,0.004,0.004,0.00,0.004,4.5,6.4,0.8,272,10,5.4,8.0,1.1,274,9,5.4,8.0,1.1,274,9,0,28.74,0.4,0,0,0,41.0,45.0,48.2,0.33,0.31,0.20
TULL,2019-11-08 00:35:00 EST,42.79463,-76.11555,1241,25.9,25.9,21.2,94.1,24.4,0.004,0.007,0.00,0.007,3.3,5.9,0.9,278,14,3.9,7.5,1.2,280,12,3.9,7.5,1.2,280,12,0,28.74,0.3,0,0,0,40.9,45.0,48.2,0.33,0.31,0.20
TULL,2019-11-08 00:40:00 EST,42.79463,-76.11555,1241,25.8,25.8,21.3,94.3,24.4,0.000,0.007,0.00,0.007,3.4,4.9,0.8,297,22,3.7,5.9,1.0,298,23,3.7,5.9,1.0,298,23,0,28.74,0.4,0,0,0,40.9,45.0,48.2,0.33,0.31,0.20
TULL,2019-11-08 00:45:00 EST,42.79463,-76.11555,1241,25.8,25.7,20.6,94.5,24.4,0.002,0.010,0.00,0.010,4.1,7.2,1.2,306,13,4.3,7.2,1.3,306,14,4.3,7.2,1.3,306,14,0,28.73,0.4,0,0,0,40.8,45.0,48.2,0.34,0.31,0.20
TULL,2019-11-08 00:50:00 EST,42.79463,-76.11555,1241,25.7,25.6,19.3,94.7,24.4,0.004,0.013,0.00,0.013,5.2,7.7,1.4,304,10,5.4,8.6,1.3,305,11,5.4,8.6,1.3,305,11,0,28.73,0.3,0,0,0,40.8,45.0,48.2,0.33,0.31,0.20
TULL,2019-11-08 00:55:00 EST,42.79463,-76.11555,1241,25.6,25.5,19.4,94.8,24.3,0.004,0.018,0.00,0.018,4.9,8.2,1.5,303,12,5.2,8.8,1.6,303,14,5.2,8.8,1.6,303,14,0,28.74,0.3,0,0,0,40.8,45.0,48.2,0.33,0.31,0.20
TULL,2019-11-08 01:00:00 EST,42.79463,-76.11555,1241,25.4,25.4,19.8,95.0,24.2,0.004,0.022,0.00,0.022,4.3,5.9,0.9,307,10,4.6,7.2,1.1,310,11,4.6,7.2,1.1,310,11,0,28.74,0.3,0,0,0,40.8,45.0,48.2,0.33,0.31,0.20
TULL,2019-11-08 01:05:00 EST,42.79463,-76.11555,1241,25.4,25.4,21.4,95.2,24.2,0.002,0.024,0.00,0.024,3.3,4.6,0.6,311,11,3.3,4.5,0.6,314,12,3.3,4.5,0.6,314,12,0,28.73,0.1,0,0,0,40.8,45.0,48.2,0.33,0.31,0.20
TULL,2019-11-08 01:10:00 EST,42.79463,-76.11555,1241,25.4,25.4,25.4,95.4,24.3,0.002,0.026,0.00,0.026,2.9,4.3,0.6,310,10,3.0,5.0,0.8,311,11,3.0,5.0,0.8,311,11,0,28.73,0.8,0,0,0,40.8,45.0,48.2,0.33,0.31,0.20
TULL,2019-11-08 01:15:00 EST,42.79463,-76.11555,1241,25.5,25.5,19.8,95.4,24.4,0.000,0.026,0.00,0.026,4.1,7.2,1.2,325,16,4.7,9.3,1.5,331,17,4.7,9.3,1.5,331,17,0,28.73,1.1,0,0,0,40.8,45.0,48.2,0.33,0.31,0.20
TULL,2019-11-08 01:20:00 EST,42.79463,-76.11555,1241,25.5,25.5,19.2,95.5,24.4,0.002,0.027,0.00,0.027,4.9,6.9,0.8,311,13,5.2,7.8,0.8,312,14,5.2,7.8,0.8,312,14,0,28.73,1.1,0,0,0,40.8,45.0,48.2,0.33,0.31,0.20
TULL,2019-11-08 01:25:00 EST,42.79463,-76.11555,1241,25.5,25.4,19.9,95.6,24.4,0.002,0.030,0.00,0.030,4.1,6.2,0.8,322,11,4.5,7.4,0.9,326,13,4.5,7.4,0.9,326,13,0,28.73,0.7,0,0,0,40.8,45.0,48.2,0.33,0.31,0.20
TULL,2019-11-08 01:30:00 EST,42.79463,-76.11555,1241,25.4,25.4,19.1,95.6,24.3,0.002,0.031,0.00,0.028,4.8,6.3,0.9,325,12,5.3,7.6,1.0,331,13,5.3,7.6,1.0,331,13,0,28.73,0.8,0,0,0,40.8,45.0,48.2,0.33,0.31,0.20
TULL,2019-11-08 01:35:00 EST,42.79463,-76.11555,1241,25.4,25.3,19.5,95.6,24.3,0.004,0.035,0.00,0.028,4.5,6.2,0.7,326,11,4.8,7.5,0.9,331,13,4.8,7.5,0.9,331,13,0,28.73,-0.0,0,0,0,40.8,44.9,48.2,0.33,0.31,0.20
TULL,2019-11-08 01:40:00 EST,42.79463,-76.11555,1241,25.3,25.2,18.6,95.6,24.2,0.004,0.039,0.00,0.032,5.5,7.3,0.8,320,8,5.6,8.2,0.8,323,10,5.6,8.2,0.8,323,10,0,28.73,1.1,0,0,0,40.8,45.0,48.2,0.33,0.31,0.20
TULL,2019-11-08 01:45:00 EST,42.79463,-76.11555,1241,25.2,25.1,19.1,95.6,24.1,0.004,0.043,0.00,0.033,4.9,7.7,1.1,322,8,5.0,8.4,1.2,325,10,5.0,8.4,1.2,325,10,0,28.73,1.2,0,0,0,40.8,44.9,48.2,0.33,0.31,0.20
TULL,2019-11-08 01:50:00 EST,42.79463,-76.11555,1241,25.2,25.2,20.4,95.7,24.1,0.000,0.043,0.00,0.030,3.4,5.0,0.7,328,13,3.8,5.9,0.8,333,14,3.8,5.9,0.8,333,14,0,28.73,1.2,0,0,0,40.8,44.9,48.2,0.33,0.31,0.20
TULL,2019-11-08 01:55:00 EST,42.79463,-76.11555,1241,25.2,25.2,19.6,95.7,24.2,0.002,0.045,0.00,0.028,3.7,5.8,0.9,341,15,4.5,8.2,1.4,348,13,4.5,8.2,1.4,348,13,0,28.73,1.5,0,0,0,40.8,44.9,48.2,0.33,0.31,0.20
TULL,2019-11-08 02:00:00 EST,42.79463,-76.11555,1241,25.2,25.1,25.2,95.8,24.1,0.004,0.049,0.00,0.028,2.6,4.4,0.8,332,13,2.9,5.5,1.1,339,15,2.9,5.5,1.1,339,15,0,28.73,1.2,0,0,0,40.8,44.8,48.2,0.33,0.31,0.20
TULL,2019-11-08 02:05:00 EST,42.79463,-76.11555,1241,25.2,25.2,25.2,95.8,24.2,0.000,0.049,0.00,0.026,2.8,4.0,0.6,326,13,2.9,5.5,0.9,332,15,2.9,5.5,0.9,332,15,0,28.73,1.5,0,0,0,40.8,44.8,48.2,0.33,0.31,0.20
TULL,2019-11-08 02:10:00 EST,42.79463,-76.11555,1241,25.2,25.1,25.2,95.9,24.2,0.004,0.053,0.00,0.028,2.7,4.2,0.7,320,11,2.2,4.0,0.5,325,13,2.2,4.0,0.5,325,13,0,28.73,1.6,0,0,0,40.8,44.8,48.2,0.33,0.31,0.20
TULL,2019-11-08 02:15:00 EST,42.79463,-76.11555,1241,25.2,25.1,25.2,95.9,24.2,0.002,0.055,0.00,0.030,2.0,3.1,0.5,321,12,1.5,3.6,0.6,324,14,1.5,3.6,0.6,324,14,0,28.73,1.6,0,0,0,40.8,44.8,48.2,0.33,0.31,0.20
TULL,2019-11-08 02:20:00 EST,42.79463,-76.11555,1241,25.2,25.1,25.2,95.9,24.2,0.002,0.057,0.00,0.030,1.1,1.8,0.3,333,14,1.0,2.7,0.6,348,17,1.0,2.7,0.6,348,17,0,28.73,1.3,0,0,0,40.8,44.8,48.2,0.33,0.31,0.20
TULL,2019-11-08 02:25:00 EST,42.79463,-76.11555,1241,25.2,25.2,25.2,95.9,24.1,0.002,0.059,0.00,0.030,0.4,1.5,0.4,340,26,0.5,1.4,0.5,356,22,0.5,1.4,0.5,356,22,0,28.73,1.6,0,0,0,40.8,44.8,48.2,0.33,0.31,0.20
TULL,2019-11-08 02:30:00 EST,42.79463,-76.11555,1241,25.2,25.2,25.2,95.9,24.2,0.000,0.059,0.00,0.028,1.0,2.1,0.5,313,21,0.9,2.7,0.6,323,27,0.9,2.7,0.6,323,27,0,28.73,1.9,0,0,0,40.8,44.8,48.2,0.33,0.31,0.20
TULL,2019-11-08 02:35:00 EST,42.79463,-76.11555,1241,25.2,25.2,25.2,95.8,24.1,0.000,0.059,0.00,0.024,0.7,3.0,0.9,302,24,0.8,2.8,0.7,295,32,0.8,2.8,0.7,295,32,0,28.73,2.1,0,0,0,40.8,44.8,48.2,0.33,0.31,0.20
TULL,2019-11-08 02:40:00 EST,42.79463,-76.11555,1241,25.3,25.3,25.3,95.7,24.2,0.000,0.059,0.00,0.020,0.8,2.1,0.7,312,12,0.5,1.9,0.6,327,16,0.5,1.9,0.6,327,16,0,28.73,2.1,0,0,0,40.8,44.8,48.2,0.33,0.31,0.20
TULL,2019-11-08 02:45:00 EST,42.79463,-76.11555,1241,25.1,25.2,25.1,95.6,24.0,0.000,0.059,0.00,0.016,0.0,0.9,0.1,292,0,0.1,1.0,0.2,198,3,0.1,1.0,0.2,198,3,0,28.73,2.2,0,0,0,40.8,44.8,48.2,0.33,0.31,0.20
TULL,2019-11-08 02:50:00 EST,42.79463,-76.11555,1241,24.8,25.1,24.8,95.5,23.7,0.000,0.059,0.00,0.016,0.0,0.0,0.0,0,0,0.1,1.2,0.2,253,7,0.1,1.2,0.2,253,7,0,28.73,,0,0,0,40.8,44.8,48.2,0.33,0.31,0.20
TULL,2019-11-08 02:55:00 EST,42.79463,-76.11555,1241,24.8,25.2,24.8,95.4,23.7,0.000,0.059,0.00,0.014,0.0,0.0,0.0,0,0,0.1,1.1,0.3,273,17,0.1,1.1,0.3,273,17,0,28.73,,0,0,0,40.8,44.8,48.2,0.33,0.31,0.20
TULL,2019-11-08 03:00:00 EST,42.79463,-76.11555,1241,24.7,25.2,24.7,95.4,23.6,0.000,0.059,0.00,0.010,0.0,0.0,0.0,0,0,0.0,0.9,0.2,194,5,0.0,0.9,0.2,194,5,0,28.73,,0,0,0,40.8,44.8,48.2,0.33,0.31,0.20
TULL,2019-11-08 03:05:00 EST,42.79463,-76.11555,1241,24.7,25.2,24.7,95.3,23.6,0.000,0.059,0.00,0.010,0.0,0.4,0.1,124,0,0.3,1.0,0.4,146,24,0.3,1.0,0.4,146,24,0,28.73,,0,0,0,40.8,44.8,48.2,0.33,0.31,0.20
TULL,2019-11-08 03:10:00 EST,42.79463,-76.11555,1241,24.9,25.3,24.9,95.4,23.8,0.000,0.059,0.00,0.006,0.4,1.8,0.5,309,25,0.7,2.9,0.7,318,43,0.7,2.9,0.7,318,43,0,28.73,1.2,0,0,0,40.8,44.8,48.2,0.33,0.31,0.20
TULL,2019-11-08 03:15:00 EST,42.79463,-76.11555,1241,25.2,25.3,25.2,95.4,24.0,0.000,0.059,0.00,0.004,0.8,2.3,0.7,294,29,0.9,2.9,0.7,292,33,0.9,2.9,0.7,292,33,0,28.73,1.3,0,0,0,40.8,44.8,48.2,0.33,0.31,0.20
TULL,2019-11-08 03:20:00 EST,42.79463,-76.11555,1241,25.2,25.3,25.2,95.3,24.1,0.000,0.059,0.00,0.002,2.3,7.3,1.6,285,16,2.2,6.9,1.7,287,15,2.2,6.9,1.7,287,15,0,28.73,1.3,0,0,0,40.8,44.8,48.2,0.33,0.31,0.20
TULL,2019-11-08 03:25:00 EST,42.79463,-76.11555,1241,25.4,25.5,25.4,95.3,24.3,0.000,0.059,0.00,0.000,3.2,5.1,0.6,287,17,2.7,6.2,1.3,288,16,2.7,6.2,1.3,288,16,0,28.73,1.3,0,0,0,40.8,44.8,48.2,0.33,0.31,0.20
TULL,2019-11-08 03:30:00 EST,42.79463,-76.11555,1241,25.6,25.6,25.6,95.3,24.4,0.000,0.059,0.00,0.000,2.8,4.7,0.9,288,14,2.2,5.0,1.0,290,16,2.2,5.0,1.0,290,16,0,28.73,2.1,0,0,0,40.8,44.8,48.2,0.33,0.31,0.20
TULL,2019-11-08 03:35:00 EST,42.79463,-76.11555,1241,25.7,25.7,20.8,95.4,24.5,0.000,0.059,0.00,0.000,4.0,6.1,1.0,283,13,3.9,7.6,1.6,284,11,3.9,7.6,1.6,284,11,0,28.73,2.0,0,0,0,40.7,44.8,48.2,0.33,0.31,0.20
TULL,2019-11-08 03:40:00 EST,42.79463,-76.11555,1241,25.7,25.7,22.1,95.4,24.6,0.004,0.063,0.00,0.004,6.0,10.7,1.8,312,14,3.1,8.2,1.4,314,17,3.1,8.2,1.4,314,17,0,28.73,2.1,0,0,0,40.7,44.8,48.1,0.33,0.31,0.20
TULL,2019-11-08 03:45:00 EST,42.79463,-76.11555,1241,25.6,25.6,18.7,95.5,24.5,0.009,0.072,0.00,0.013,7.7,12.4,2.2,303,15,5.9,11.5,1.8,299,15,5.9,11.5,1.8,299,15,0,28.73,,0,0,0,40.7,44.8,48.1,0.33,0.31,0.20
TULL,2019-11-08 03:50:00 EST,42.79463,-76.11555,1241,25.5,25.5,15.8,95.6,24.4,0.014,0.086,0.31,0.027,8.6,13.9,1.9,338,20,9.7,16.1,2.6,345,20,9.7,16.1,2.6,345,20,0,28.74,2.3,0,0,0,40.7,44.8,48.1,0.33,0.31,0.20
TULL,2019-11-08 03:55:00 EST,42.79463,-76.11555,1241,24.9,24.9,15.1,95.2,23.7,0.004,0.090,0.00,0.031,8.6,14.3,2.2,333,15,9.7,15.9,2.6,339,12,9.7,15.9,2.6,339,12,0,28.74,2.5,0,0,0,40.7,44.8,48.2,0.33,0.31,0.20
TULL,2019-11-08 04:00:00 EST,42.79463,-76.11555,1241,24.6,24.6,15.2,95.2,23.5,0.002,0.092,0.00,0.033,8.2,12.6,1.5,329,13,9.0,14.0,1.9,334,13,9.0,14.0,1.9,334,13,0,28.74,2.8,0,0,0,40.7,44.8,48.2,0.33,0.31,0.20
TULL,2019-11-08 04:05:00 EST,42.79463,-76.11555,1241,24.4,24.4,16.0,95.4,23.3,0.000,0.092,0.00,0.033,6.5,9.2,1.3,342,17,7.5,11.6,1.7,346,12,7.5,11.6,1.7,346,12,0,28.74,2.9,0,0,0,40.7,44.8,48.1,0.33,0.31,0.20
TULL,2019-11-08 04:10:00 EST,42.79463,-76.11555,1241,24.3,24.3,16.4,95.4,23.1,0.002,0.094,0.00,0.035,5.9,9.4,1.3,335,12,6.8,11.4,1.7,341,11,6.8,11.4,1.7,341,11,0,28.74,2.9,0,0,0,40.6,44.8,48.2,0.33,0.31,0.20
TULL,2019-11-08 04:15:00 EST,42.79463,-76.11555,1241,24.1,24.1,17.3,95.4,22.9,0.000,0.094,0.00,0.035,4.8,9.0,1.2,337,18,5.5,10.0,1.4,342,17,5.5,10.0,1.4,342,17,0,28.75,2.9,0,0,0,40.7,44.8,48.1,0.33,0.31,0.20
TULL,2019-11-08 04:20:00 EST,42.79463,-76.11555,1241,24.1,24.1,16.4,95.6,23.0,0.000,0.094,0.00,0.035,5.6,11.3,1.7,337,20,6.5,11.8,1.9,341,14,6.5,11.8,1.9,341,14,0,28.75,2.9,0,0,0,40.6,44.8,48.0,0.33,0.31,0.20
TULL,2019-11-08 04:25:00 EST,42.79463,-76.11555,1241,24.1,24.1,15.8,95.7,23.0,0.000,0.094,0.00,0.035,6.1,9.2,1.3,340,19,7.1,11.1,1.6,345,12,7.1,11.1,1.6,345,12,0,28.75,2.9,0,0,0,40.6,44.8,48.0,0.33,0.31,0.20
TULL,2019-11-08 04:30:00 EST,42.79463,-76.11555,1241,24.1,24.1,16.0,95.8,23.1,0.000,0.094,0.00,0.035,5.9,9.1,1.3,341,14,7.0,11.7,1.6,345,12,7.0,11.7,1.6,345,12,0,28.75,2.9,0,0,0,40.6,44.8,48.0,0.33,0.31,0.20
TULL,2019-11-08 04:35:00 EST,42.79463,-76.11555,1241,24.1,24.1,16.0,95.7,23.1,0.000,0.094,0.00,0.035,5.9,8.4,1.0,344,19,7.0,10.6,1.3,348,15,7.0,10.6,1.3,348,15,0,28.75,2.8,0,0,0,40.6,44.8,48.0,0.33,0.31,0.20
TULL,2019-11-08 04:40:00 EST,42.79463,-76.11555,1241,24.0,23.9,15.0,95.7,22.9,0.000,0.094,0.00,0.031,6.9,11.8,2.2,343,16,8.1,13.3,2.6,346,15,8.1,13.3,2.6,346,15,0,28.75,2.9,0,0,0,40.6,44.7,48.0,0.33,0.31,0.20
TULL,2019-11-08 04:45:00 EST,42.79463,-76.11555,1241,23.9,23.9,14.7,95.6,22.8,0.000,0.094,0.00,0.022,7.3,10.2,1.4,340,13,8.4,13.3,1.8,345,11,8.4,13.3,1.8,345,11,0,28.75,2.9,0,0,0,40.6,44.6,48.0,0.33,0.31,0.20
TULL,2019-11-08 04:50:00 EST,42.79463,-76.11555,1241,23.7,23.7,15.1,95.5,22.6,0.000,0.094,0.00,0.008,6.6,10.3,1.8,338,15,7.6,13.5,2.2,344,13,7.6,13.5,2.2,344,13,0,28.76,2.8,0,0,0,40.6,44.7,48.0,0.33,0.31,0.20
TULL,2019-11-08 04:55:00 EST,42.79463,-76.11555,1241,23.6,23.6,15.8,95.4,22.4,0.000,0.094,0.00,0.004,5.8,8.5,1.2,325,14,6.5,11.1,1.8,329,15,6.5,11.1,1.8,329,15,0,28.76,2.9,0,0,0,40.6,44.6,48.0,0.33,0.31,0.20
TULL,2019-11-08 05:00:00 EST,42.79463,-76.11555,1241,23.3,23.3,16.7,95.4,22.2,0.000,0.094,0.00,0.002,4.6,7.6,1.3,335,16,5.2,9.2,1.3,338,15,5.2,9.2,1.3,338,15,0,28.76,2.8,0,0,0,40.6,44.6,48.0,0.33,0.31,0.20
TULL,2019-11-08 05:05:00 EST,42.79463,-76.11555,1241,23.1,23.2,15.6,95.3,22.0,0.000,0.094,0.00,0.002,5.3,8.3,1.2,342,22,6.1,8.6,1.3,345,17,6.1,8.6,1.3,345,17,0,28.76,2.8,0,0,0,40.6,44.6,48.0,0.33,0.31,0.20
TULL,2019-11-08 05:10:00 EST,42.79463,-76.11555,1241,22.9,22.9,16.5,95.0,21.7,0.000,0.094,0.00,0.000,4.2,7.0,1.0,340,18,4.9,8.8,1.2,343,16,4.9,8.8,1.2,343,16,0,28.76,2.7,0,0,0,40.6,44.6,48.0,0.33,0.31,0.20
TULL,2019-11-08 05:15:00 EST,42.79463,-76.11555,1241,22.7,22.7,15.6,94.7,21.4,0.003,0.097,0.00,0.003,5.0,7.7,1.0,329,16,5.5,8.8,1.1,331,16,5.5,8.8,1.1,331,16,0,28.76,2.7,0,0,0,40.6,44.6,48.0,0.33,0.31,0.20
TULL,2019-11-08 05:20:00 EST,42.79463,-76.11555,1241,22.6,22.6,15.8,94.7,21.3,0.002,0.099,0.00,0.005,4.5,7.1,1.3,335,13,5.2,8.3,1.5,339,13,5.2,8.3,1.5,339,13,0,28.76,2.6,0,0,0,40.6,44.6,48.0,0.33,0.31,0.20
TULL,2019-11-08 05:25:00 EST,42.79463,-76.11555,1241,22.4,22.5,16.5,94.6,21.1,0.000,0.099,0.00,0.005,3.9,7.9,1.1,348,17,4.4,10.1,1.4,351,15,4.4,10.1,1.4,351,15,0,28.76,2.7,0,0,0,40.6,44.6,48.0,0.33,0.31,0.20
TULL,2019-11-08 05:30:00 EST,42.79463,-76.11555,1241,22.4,22.4,15.7,94.5,21.1,0.000,0.099,0.00,0.005,4.3,7.5,1.6,340,14,5.1,10.2,1.9,345,12,5.1,10.2,1.9,345,12,0,28.76,2.7,0,0,0,40.6,44.6,48.0,0.33,0.31,0.20
TULL,2019-11-08 05:35:00 EST,42.79463,-76.11555,1241,22.2,22.2,15.4,94.4,20.8,0.002,0.101,0.00,0.007,4.7,7.2,1.0,320,19,5.1,8.6,1.1,323,20,5.1,8.6,1.1,323,20,0,28.77,2.6,0,0,0,40.6,44.6,48.0,0.33,0.31,0.20
TULL,2019-11-08 05:40:00 EST,42.79463,-76.11555,1241,21.8,21.9,14.9,94.3,20.5,0.000,0.101,0.00,0.007,5.1,7.2,0.7,314,12,5.2,7.8,0.9,316,13,5.2,7.8,0.9,316,13,0,28.77,2.5,0,0,0,40.6,44.6,48.0,0.33,0.31,0.20
TULL,2019-11-08 05:45:00 EST,42.79463,-76.11555,1241,21.5,21.6,15.7,94.2,20.1,0.000,0.101,0.00,0.007,4.2,7.7,1.2,320,13,4.2,6.8,1.2,323,13,4.2,6.8,1.2,323,13,0,28.77,2.5,0,0,0,40.6,44.6,48.0,0.33,0.31,0.20
TULL,2019-11-08 05:50:00 EST,42.79463,-76.11555,1241,21.2,21.4,17.0,94.1,19.7,0.000,0.101,0.00,0.007,2.9,5.3,0.9,321,14,3.0,5.5,0.9,324,18,3.0,5.5,0.9,324,18,0,28.77,2.5,0,0,0,40.6,44.6,48.0,0.33,0.31,0.20
TULL,2019-11-08 05:55:00 EST,42.79463,-76.11555,1241,21.1,21.2,21.1,94.1,19.7,0.000,0.101,0.00,0.007,1.7,4.6,1.5,299,15,1.9,5.3,1.3,296,23,1.9,5.3,1.3,296,23,0,28.77,2.4,0,0,0,40.6,44.6,48.0,0.33,0.31,0.20
TULL,2019-11-08 06:00:00 EST,42.79463,-76.11555,1241,21.0,21.1,21.0,94.2,19.6,0.000,0.101,0.00,0.007,2.1,3.9,0.7,297,32,2.5,5.6,0.9,298,33,2.5,5.6,0.9,298,33,0,28.78,2.4,0,0,0,40.6,44.6,48.0,0.34,0.31,0.20
TULL,2019-11-08 06:05:00 EST,42.79463,-76.11555,1241,20.9,21.0,20.9,94.1,19.5,0.000,0.101,0.00,0.007,2.6,3.8,0.7,308,8,2.4,4.2,0.6,310,10,2.4,4.2,0.6,310,10,0,28.78,2.4,0,0,0,40.6,44.6,48.0,0.33,0.31,0.20
TULL,2019-11-08 06:10:00 EST,42.79463,-76.11555,1241,20.7,21.0,20.7,94.0,19.2,0.000,0.101,0.00,0.007,1.6,3.2,0.7,309,20,1.8,4.0,0.7,311,24,1.8,4.0,0.7,311,24,0,28.78,2.4,0,0,0,40.6,44.6,48.0,0.33,0.31,0.20
TULL,2019-11-08 06:15:00 EST,42.79463,-76.11555,1241,20.8,21.0,20.8,94.1,19.3,0.000,0.101,0.00,0.004,0.6,1.5,0.6,290,43,0.8,2.0,0.7,284,52,0.8,2.0,0.7,284,52,0,28.78,2.4,0,0,0,40.6,44.6,48.0,0.33,0.31,0.20
TULL,2019-11-08 06:20:00 EST,42.79463,-76.11555,1241,20.2,20.9,20.2,94.3,18.9,0.000,0.101,0.00,0.002,0.5,1.8,0.5,169,19,0.9,2.7,0.7,169,32,0.9,2.7,0.7,169,32,0,28.78,2.4,0,0,0,40.6,44.6,48.0,0.33,0.31,0.20
TULL,2019-11-08 06:25:00 EST,42.79463,-76.11555,1241,21.0,21.5,21.0,94.4,19.6,0.000,0.101,0.00,0.002,1.3,2.8,0.6,255,20,1.7,3.3,0.7,260,19,1.7,3.3,0.7,260,19,0,28.79,2.5,0,0,0,40.6,44.6,48.0,0.33,0.31,0.20
TULL,2019-11-08 06:30:00 EST,42.79463,-76.11555,1241,21.6,21.9,21.6,94.8,20.4,0.000,0.101,0.00,0.002,1.8,4.3,1.1,316,26,2.1,4.6,1.1,319,26,2.1,4.6,1.1,319,26,0,28.79,2.4,0,0,0,40.6,44.6,48.0,0.33,0.31,0.20
TULL,2019-11-08 06:35:00 EST,42.79463,-76.11555,1241,22.2,22.4,15.7,95.0,21.0,0.000,0.101,0.00,0.000,4.6,8.0,1.2,318,16,4.9,7.6,1.2,322,19,4.9,7.6,1.2,322,19,0,28.79,2.3,0,0,0,40.6,44.6,48.0,0.33,0.31,0.20
TULL,2019-11-08 06:40:00 EST,42.79463,-76.11555,1241,22.7,22.7,14.9,95.2,21.5,0.004,0.105,0.00,0.004,5.9,10.4,1.9,303,15,6.2,10.4,2.0,303,16,6.2,10.4,2.0,303,16,1,28.79,2.3,0,0,0,40.6,44.6,48.0,0.33,0.31,0.20
TULL,2019-11-08 06:45:00 EST,42.79463,-76.11555,1241,22.8,22.8,15.4,95.0,21.5,0.002,0.107,0.00,0.006,5.5,10.4,1.6,294,19,5.8,10.8,2.0,297,19,5.8,10.8,2.0,297,19,1,28.79,2.2,0,0,0,40.6,44.6,48.0,0.33,0.31,0.20
TULL,2019-11-08 06:50:00 EST,42.79463,-76.11555,1241,22.8,22.8,14.8,94.7,21.5,0.000,0.107,0.00,0.006,6.1,11.4,1.7,317,19,6.5,10.5,1.8,319,21,6.5,10.5,1.8,319,21,2,28.79,2.3,0,0,0,40.6,44.6,48.0,0.33,0.31,0.20
TULL,2019-11-08 06:55:00 EST,42.79463,-76.11555,1241,22.5,22.6,14.7,94.5,21.2,0.000,0.107,0.00,0.006,6.1,12.7,2.8,313,15,6.3,13.4,2.8,316,16,6.3,13.4,2.8,316,16,3,28.80,2.1,0,0,0,40.6,44.6,48.0,0.33,0.31,0.20
TULL,2019-11-08 07:00:00 EST,42.79463,-76.11555,1241,22.5,22.6,13.5,94.1,21.1,0.000,0.107,0.00,0.006,7.3,14.2,1.9,317,15,7.8,14.6,1.9,321,17,7.8,14.6,1.9,321,17,5,28.80,2.0,0,0,0,40.6,44.6,48.0,0.33,0.31,0.20
TULL,2019-11-08 07:05:00 EST,42.79463,-76.11555,1241,22.5,22.5,12.0,94.1,21.1,0.000,0.107,0.00,0.006,9.5,14.8,2.3,327,10,9.9,16.9,2.5,331,12,9.9,16.9,2.5,331,12,5,28.80,1.8,0,0,0,40.6,44.6,48.0,0.33,0.31,0.20
TULL,2019-11-08 07:10:00 EST,42.79463,-76.11555,1241,22.5,22.5,11.8,94.1,21.0,0.000,0.107,0.00,0.006,9.7,17.2,2.7,324,14,10.2,19.4,2.8,330,14,10.2,19.4,2.8,330,14,5,28.81,,0,0,0,40.6,44.6,48.0,0.33,0.31,0.20
TULL,2019-11-08 07:15:00 EST,42.79463,-76.11555,1241,22.4,22.4,11.4,93.8,20.9,0.005,0.111,0.00,0.011,10.1,16.3,2.5,327,13,10.8,15.8,2.4,331,13,10.8,15.8,2.4,331,13,7,28.81,3.0,0,0,0,40.6,44.6,48.0,0.33,0.31,0.20
TULL,2019-11-08 07:20:00 EST,42.79463,-76.11555,1241,22.3,22.3,12.3,93.5,20.7,0.000,0.111,0.00,0.011,8.1,14.3,2.4,333,18,9.1,16.7,3.0,339,16,9.1,16.7,3.0,339,16,8,28.81,2.2,0,0,0,40.6,44.6,48.0,0.33,0.31,0.20
TULL,2019-11-08 07:25:00 EST,42.79463,-76.11555,1241,22.2,22.2,12.5,93.4,20.6,0.000,0.111,0.00,0.011,7.8,12.6,2.0,333,18,8.7,13.2,2.0,337,14,8.7,13.2,2.0,337,14,9,28.81,2.2,0,0,0,40.6,44.6,48.0,0.33,0.31,0.20
TULL,2019-11-08 07:30:00 EST,42.79463,-76.11555,1241,22.2,22.2,11.8,93.3,20.6,0.000,0.111,0.00,0.011,8.7,14.0,1.7,335,14,9.7,15.2,2.1,341,14,9.7,15.2,2.1,341,14,13,28.82,2.9,0,0,0,40.6,44.6,48.0,0.33,0.31,0.20
TULL,2019-11-08 07:35:00 EST,42.79463,-76.11555,1241,22.2,22.2,13.4,93.3,20.6,0.000,0.111,0.00,0.011,6.9,12.6,1.7,327,19,7.4,11.5,1.6,332,18,7.4,11.5,1.6,332,18,17,28.82,3.3,0,0,0,40.6,44.5,48.0,0.33,0.31,0.20
TULL,2019-11-08 07:40:00 EST,42.79463,-76.11555,1241,22.2,22.2,13.2,93.2,20.6,0.000,0.111,0.00,0.007,7.1,12.6,2.1,322,16,7.7,13.1,2.0,327,15,7.7,13.1,2.0,327,15,20,28.82,3.0,0,0,0,40.6,44.5,48.0,0.33,0.31,0.20
TULL,2019-11-08 07:45:00 EST,42.79463,-76.11555,1241,22.3,22.3,13.4,93.1,20.6,0.003,0.115,0.00,0.008,6.7,10.9,1.7,331,14,7.4,11.5,1.6,335,14,7.4,11.5,1.6,335,14,22,28.83,3.0,0,0,0,40.6,44.5,48.0,0.33,0.31,0.20
TULL,2019-11-08 07:50:00 EST,42.79463,-76.11555,1241,22.3,22.3,12.4,92.8,20.5,0.000,0.115,0.00,0.008,8.1,11.7,1.9,335,17,8.9,14.5,2.5,341,16,8.9,14.5,2.5,341,16,27,28.83,3.0,0,0,0,40.6,44.5,48.0,0.33,0.31,0.20
TULL,2019-11-08 07:55:00 EST,42.79463,-76.11555,1241,22.3,22.3,14.6,92.9,20.5,0.000,0.115,0.00,0.008,5.6,8.8,1.3,326,13,6.1,8.8,1.4,329,14,6.1,8.8,1.4,329,14,30,28.83,3.0,0,0,0,40.6,44.5,48.0,0.33,0.31,0.20
TULL,2019-11-08 08:00:00 EST,42.79463,-76.11555,1241,22.2,22.2,14.1,92.7,20.4,0.000,0.115,0.00,0.008,5.9,9.5,1.4,333,18,6.6,12.3,1.9,338,17,6.6,12.3,1.9,338,17,48,28.83,3.0,0,0,0,40.6,44.5,48.0,0.33,0.31,0.20
TULL,2019-11-08 08:05:00 EST,42.79463,-76.11555,1241,22.2,22.2,13.0,92.3,20.3,0.000,0.115,0.00,0.008,7.3,11.8,2.2,325,16,7.9,15.7,2.6,329,17,7.9,15.7,2.6,329,17,54,28.83,3.0,0,0,0,40.6,44.4,48.0,0.33,0.31,0.20
TULL,2019-11-08 08:10:00 EST,42.79463,-76.11555,1241,22.0,22.2,12.2,91.6,19.9,0.000,0.115,0.00,0.008,8.6,12.5,1.6,320,11,8.6,11.9,1.6,323,13,8.6,11.9,1.6,323,13,73,28.83,3.0,0,0,0,40.6,44.4,48.0,0.33,0.31,0.20
TULL,2019-11-08 08:15:00 EST,42.79463,-76.11555,1241,22.0,22.1,12.7,90.6,19.6,0.000,0.115,0.00,0.003,7.8,12.2,2.4,318,11,7.8,14.9,2.5,321,11,7.8,14.9,2.5,321,11,79,28.84,2.8,0,0,0,40.6,44.4,48.0,0.33,0.31,0.20
TULL,2019-11-08 08:20:00 EST,42.79463,-76.11555,1241,22.1,22.2,14.0,90.8,19.8,0.000,0.115,0.00,0.003,6.2,10.7,1.4,321,14,6.4,13.5,1.6,325,14,6.4,13.5,1.6,325,14,95,28.84,2.8,0,0,0,40.6,44.4,48.0,0.33,0.31,0.20
TULL,2019-11-08 08:25:00 EST,42.79463,-76.11555,1241,21.8,22.1,13.8,89.8,19.3,0.000,0.115,0.00,0.003,5.8,8.0,1.0,322,18,6.3,8.9,1.1,326,19,6.3,8.9,1.1,326,19,61,28.84,2.7,0,0,0,40.6,44.4,48.0,0.33,0.31,0.20
TULL,2019-11-08 08:30:00 EST,42.79463,-76.11555,1241,22.0,22.2,15.3,90.3,19.6,0.000,0.115,0.00,0.003,4.8,7.7,1.2,319,16,5.0,9.5,1.4,321,17,5.0,9.5,1.4,321,17,142,28.84,2.8,0,0,0,40.6,44.4,48.0,0.33,0.31,0.20
TULL,2019-11-08 08:35:00 EST,42.79463,-76.11555,1241,21.9,22.2,14.3,88.1,18.9,0.000,0.115,0.00,0.003,5.6,9.1,1.8,327,13,5.9,9.7,1.7,331,15,5.9,9.7,1.7,331,15,103,28.84,2.8,0,0,0,40.6,44.4,48.0,0.33,0.31,0.20
TULL,2019-11-08 08:40:00 EST,42.79463,-76.11555,1241,21.8,22.2,14.5,88.2,18.9,0.000,0.115,0.00,0.003,5.3,8.8,1.5,320,18,5.6,9.2,1.4,322,18,5.6,9.2,1.4,322,18,123,28.85,2.7,0,0,0,40.6,44.4,48.0,0.33,0.31,0.20
TULL,2019-11-08 08:45:00 EST,42.79463,-76.11555,1241,22.0,22.3,13.5,87.6,18.9,0.000,0.115,0.00,0.000,6.5,11.0,1.7,327,18,7.0,10.7,1.7,331,18,7.0,10.7,1.7,331,18,124,28.85,2.5,0,0,0,40.6,44.4,48.0,0.33,0.31,0.20
TULL,2019-11-08 08:50:00 EST,42.79463,-76.11555,1241,22.3,22.5,12.6,87.3,19.1,0.000,0.115,0.00,0.000,8.5,15.3,2.4,315,15,8.6,14.2,2.0,319,16,8.6,14.2,2.0,319,16,142,28.85,2.6,0,0,0,40.6,44.4,47.9,0.33,0.31,0.20
TULL,2019-11-08 08:55:00 EST,42.79463,-76.11555,1241,22.3,22.5,13.3,87.1,19.1,0.000,0.115,0.00,0.000,7.1,10.4,1.8,325,15,7.6,13.2,2.1,329,15,7.6,13.2,2.1,329,15,127,28.85,2.4,0,0,0,40.6,44.4,47.9,0.33,0.31,0.20
TULL,2019-11-08 09:00:00 EST,42.79463,-76.11555,1241,22.0,22.3,14.7,86.7,18.6,0.000,0.115,0.00,0.000,5.1,8.3,1.4,327,17,5.6,9.5,1.6,333,17,5.6,9.5,1.6,333,17,99,28.85,2.3,0,0,0,40.6,44.4,47.9,0.33,0.31,0.20
TULL,2019-11-08 09:05:00 EST,42.79463,-76.11555,1241,22.1,22.4,14.1,87.3,18.9,0.000,0.115,0.00,0.000,5.8,12.3,2.9,334,16,6.4,16.0,3.4,338,17,6.4,16.0,3.4,338,17,125,28.85,2.3,0,0,0,40.6,44.4,47.9,0.33,0.31,0.20
TULL,2019-11-08 09:10:00 EST,42.79463,-76.11555,1241,22.3,22.4,13.5,86.7,18.9,0.000,0.115,0.00,0.000,7.0,10.5,1.6,325,15,7.4,11.7,1.8,330,14,7.4,11.7,1.8,330,14,143,28.85,2.2,0,0,0,40.6,44.4,48.0,0.33,0.31,0.20
TULL,2019-11-08 09:15:00 EST,42.79463,-76.11555,1241,22.7,22.7,15.8,87.3,19.5,0.000,0.115,0.00,0.000,4.8,9.7,1.6,331,17,5.3,10.2,1.6,335,16,5.3,10.2,1.6,335,16,144,28.85,2.2,0,0,0,40.6,44.4,47.9,0.33,0.31,0.20
TULL,2019-11-08 09:20:00 EST,42.79463,-76.11555,1241,22.7,22.7,13.7,86.9,19.4,0.000,0.115,0.00,0.000,7.6,11.2,2.1,320,12,7.8,12.3,2.2,323,12,7.8,12.3,2.2,323,12,143,28.86,2.1,0,0,0,40.6,44.4,47.9,0.33,0.31,0.20
TULL,2019-11-08 09:25:00 EST,42.79463,-76.11555,1241,22.9,22.9,14.8,87.1,19.7,0.000,0.115,0.00,0.000,6.4,11.8,1.8,319,18,6.8,11.6,1.8,323,16,6.8,11.6,1.8,323,16,140,28.86,2.2,0,0,0,40.6,44.4,47.9,0.33,0.31,0.20
TULL,2019-11-08 09:30:00 EST,42.79463,-76.11555,1241,22.7,22.7,12.8,86.1,19.2,0.000,0.115,0.00,0.000,8.3,12.0,1.7,337,15,9.2,13.6,2.1,342,12,9.2,13.6,2.1,342,12,126,28.86,2.2,0,0,0,40.6,44.4,47.9,0.33,0.31,0.20
TULL,2019-11-08 09:35:00 EST,42.79463,-76.11555,1241,22.8,22.8,14.0,87.0,19.5,0.000,0.115,0.00,0.000,7.5,11.3,1.6,320,13,7.4,11.9,1.6,324,13,7.4,11.9,1.6,324,13,117,28.86,2.2,0,0,0,40.6,44.4,47.8,0.33,0.31,0.20
TULL,2019-11-08 09:40:00 EST,42.79463,-76.11555,1241,22.8,22.8,14.0,87.7,19.7,0.000,0.115,0.00,0.000,7.2,12.9,1.9,320,13,7.5,14.8,2.0,324,15,7.5,14.8,2.0,324,15,116,28.86,2.3,0,0,0,40.6,44.4,47.8,0.33,0.31,0.20
TULL,2019-11-08 09:45:00 EST,42.79463,-76.11555,1241,22.9,22.9,13.9,87.8,19.8,0.000,0.115,0.00,0.000,7.6,12.4,2.1,314,15,7.8,12.9,2.1,316,17,7.8,12.9,2.1,316,17,118,28.86,2.3,0,0,0,40.6,44.4,47.8,0.33,0.31,0.20
TULL,2019-11-08 09:50:00 EST,42.79463,-76.11555,1241,23.1,23.1,12.6,86.3,19.6,0.000,0.115,0.00,0.000,10.0,14.8,2.0,301,15,10.3,16.9,2.2,302,14,10.3,16.9,2.2,302,14,176,28.86,2.4,0,0,0,40.6,44.4,47.9,0.33,0.31,0.20
TULL,2019-11-08 09:55:00 EST,42.79463,-76.11555,1241,23.2,23.1,11.5,84.4,19.2,0.000,0.115,0.00,0.000,12.6,19.1,2.9,304,12,12.4,19.2,3.1,306,12,12.4,19.2,3.1,306,12,185,28.86,2.4,0,0,0,40.6,44.4,47.8,0.33,0.31,0.20
TULL,2019-11-08 10:00:00 EST,42.79463,-76.11555,1241,23.4,23.3,14.1,83.9,19.2,0.000,0.115,0.00,0.000,8.3,13.7,2.5,309,14,8.4,14.9,2.4,311,12,8.4,14.9,2.4,311,12,253,28.86,2.5,0,0,0,40.6,44.4,47.8,0.33,0.31,0.20
TULL,2019-11-08 10:05:00 EST,42.79463,-76.11555,1241,23.7,23.6,13.9,83.2,19.4,0.000,0.115,0.00,0.000,9.4,18.3,2.9,310,11,9.3,17.1,2.6,313,12,9.3,17.1,2.6,313,12,237,28.87,2.4,0,0,0,40.6,44.4,47.8,0.33,0.31,0.20
TULL,2019-11-08 10:10:00 EST,42.79463,-76.11555,1241,23.5,23.4,13.0,82.8,19.1,0.000,0.115,0.00,0.000,10.0,20.5,4.0,304,14,10.3,21.2,3.8,305,14,10.3,21.2,3.8,305,14,145,28.86,2.3,0,0,0,40.6,44.4,47.8,0.33,0.31,0.20
TULL,2019-11-08 10:15:00 EST,42.79463,-76.11555,1241,23.4,23.3,11.6,81.4,18.6,0.000,0.115,0.00,0.000,12.7,19.4,2.2,303,11,12.8,19.7,2.4,306,11,12.8,19.7,2.4,306,11,206,28.86,2.3,0,0,0,40.6,44.4,47.8,0.33,0.31,0.20
TULL,2019-11-08 10:20:00 EST,42.79463,-76.11555,1241,23.5,23.4,12.3,81.3,18.6,0.000,0.115,0.00,0.000,11.5,19.2,3.2,305,15,11.6,19.3,3.2,306,15,11.6,19.3,3.2,306,15,155,28.87,2.4,0,0,0,40.6,44.4,47.8,0.33,0.31,0.20
TULL,2019-11-08 10:25:00 EST,42.79463,-76.11555,1241,23.5,23.5,13.6,81.9,18.8,0.000,0.115,0.00,0.000,9.0,15.6,2.0,302,16,9.4,16.2,2.1,304,16,9.4,16.2,2.1,304,16,200,28.87,2.4,0,0,0,40.6,44.4,47.8,0.33,0.31,0.20
TULL,2019-11-08 10:30:00 EST,42.79463,-76.11555,1241,23.8,23.6,12.8,80.7,18.7,0.000,0.115,0.00,0.000,11.2,17.6,2.8,304,15,11.3,18.8,3.3,306,14,11.3,18.8,3.3,306,14,174,28.87,2.4,0,0,0,40.6,44.4,47.8,0.33,0.31,0.20
TULL,2019-11-08 10:35:00 EST,42.79463,-76.11555,1241,23.7,23.5,12.1,80.7,18.6,0.000,0.115,0.00,0.000,12.1,28.2,4.2,311,16,12.4,27.8,4.2,313,16,12.4,27.8,4.2,313,16,259,28.87,2.4,0,0,0,40.6,44.4,47.8,0.33,0.31,0.20
TULL,2019-11-08 10:40:00 EST,42.79463,-76.11555,1241,22.8,22.6,10.2,84.0,18.7,0.003,0.117,0.00,0.003,13.7,23.3,3.8,306,18,14.0,22.5,3.4,308,15,14.0,22.5,3.4,308,15,255,28.87,2.5,0,0,0,40.6,44.4,47.8,0.33,0.31,0.20
TULL,2019-11-08 10:45:00 EST,42.79463,-76.11555,1241,22.8,22.7,11.6,83.5,18.6,0.000,0.117,0.00,0.003,10.9,17.0,2.8,295,15,11.5,16.6,2.8,296,13,11.5,16.6,2.8,296,13,229,28.87,2.5,0,0,0,40.6,44.4,47.8,0.33,0.31,0.20
TULL,2019-11-08 10:50:00 EST,42.79463,-76.11555,1241,23.4,23.3,13.9,81.5,18.6,0.000,0.117,0.00,0.003,8.7,15.6,2.1,303,12,8.6,15.4,2.0,305,12,8.6,15.4,2.0,305,12,342,28.87,2.5,0,0,0,40.6,44.4,47.8,0.33,0.31,0.20
TULL,2019-11-08 10:55:00 EST,42.79463,-76.11555,1241,23.9,23.7,13.3,78.9,18.3,0.000,0.117,0.00,0.003,10.4,15.9,2.4,315,16,10.6,16.7,2.5,319,16,10.6,16.7,2.5,319,16,349,28.87,2.4,0,0,0,40.6,44.4,47.8,0.33,0.31,0.20
TULL,2019-11-08 11:00:00 EST,42.79463,-76.11555,1241,24.0,23.9,13.9,77.3,18.0,0.000,0.117,0.00,0.003,9.7,15.6,2.1,316,14,10.0,17.6,2.2,319,15,10.0,17.6,2.2,319,15,406,28.87,2.4,0,0,0,40.6,44.4,47.8,0.33,0.31,0.20
TULL,2019-11-08 11:05:00 EST,42.79463,-76.11555,1241,24.3,24.1,13.3,76.7,18.0,0.000,0.117,0.00,0.003,11.6,16.9,2.4,318,11,11.6,16.6,2.3,323,11,11.6,16.6,2.3,323,11,410,28.87,2.4,0,0,0,40.6,44.4,47.8,0.33,0.31,0.20
TULL,2019-11-08 11:10:00 EST,42.79463,-76.11555,1241,24.6,24.4,14.8,76.6,18.3,0.000,0.117,0.00,0.003,9.0,14.8,2.4,325,15,9.5,16.1,2.7,328,15,9.5,16.1,2.7,328,15,397,28.87,2.5,0,0,0,40.6,44.4,47.8,0.33,0.31,0.20
TULL,2019-11-08 11:15:00 EST,42.79463,-76.11555,1241,24.7,24.5,13.5,76.9,18.5,0.000,0.117,0.00,0.003,12.0,18.8,2.8,309,16,12.2,18.2,2.6,311,16,12.2,18.2,2.6,311,16,224,28.87,2.4,0,0,0,40.6,44.3,47.8,0.33,0.31,0.20
TULL,2019-11-08 11:20:00 EST,42.79463,-76.11555,1241,24.4,24.3,14.0,76.6,18.1,0.000,0.117,0.00,0.003,10.0,16.4,2.9,299,14,10.5,16.6,2.7,300,14,10.5,16.6,2.7,300,14,369,28.87,2.4,0,0,0,40.6,44.3,47.8,0.33,0.31,0.20
TULL,2019-11-08 11:25:00 EST,42.79463,-76.11555,1241,24.7,24.5,14.0,75.3,18.0,0.000,0.117,0.00,0.003,10.6,16.1,2.5,307,17,11.2,16.8,2.4,308,16,11.2,16.8,2.4,308,16,442,28.87,2.3,0,0,0,40.6,44.3,47.8,0.33,0.31,0.20
TULL,2019-11-08 11:30:00 EST,42.79463,-76.11555,1241,24.0,23.7,12.2,79.8,18.6,0.000,0.117,0.00,0.003,12.5,20.9,4.3,299,13,13.0,21.7,4.2,300,13,13.0,21.7,4.2,300,13,202,28.87,2.2,0,0,0,40.6,44.4,47.8,0.33,0.31,0.20
TULL,2019-11-08 11:35:00 EST,42.79463,-76.11555,1241,23.0,22.9,12.7,83.2,18.7,0.000,0.117,0.00,0.003,9.4,16.4,2.9,317,13,9.7,18.2,2.8,321,14,9.7,18.2,2.8,321,14,114,28.87,2.3,0,0,0,40.6,44.3,47.8,0.33,0.31,0.20
TULL,2019-11-08 11:40:00 EST,42.79463,-76.11555,1241,23.0,22.9,13.5,82.0,18.3,0.000,0.117,0.00,0.000,8.5,16.9,3.0,299,12,8.5,16.6,2.9,302,12,8.5,16.6,2.9,302,12,144,28.87,2.3,0,0,0,40.6,44.2,47.8,0.33,0.31,0.20
TULL,2019-11-08 11:45:00 EST,42.79463,-76.11555,1241,23.2,23.1,13.7,82.1,18.5,0.000,0.117,0.00,0.000,8.5,12.6,1.8,313,14,8.6,13.3,1.8,317,13,8.6,13.3,1.8,317,13,302,28.87,2.2,0,0,0,40.6,44.1,47.8,0.33,0.31,0.20
TULL,2019-11-08 11:50:00 EST,42.79463,-76.11555,1241,23.7,23.6,13.3,80.4,18.6,0.000,0.117,0.00,0.000,10.2,15.9,2.8,309,14,10.3,17.3,2.7,312,14,10.3,17.3,2.7,312,14,397,28.87,2.1,0,0,0,40.6,44.1,47.8,0.33,0.31,0.20
TULL,2019-11-08 11:55:00 EST,42.79463,-76.11555,1241,24.1,24.0,14.4,74.0,17.0,0.000,0.117,0.00,0.000,9.3,14.8,1.9,312,12,9.3,14.4,1.9,315,12,9.3,14.4,1.9,315,12,458,28.87,1.9,0,0,0,40.6,44.2,47.8,0.34,0.31,0.20
TULL,2019-11-08 12:00:00 EST,42.79463,-76.11555,1241,24.5,24.3,15.8,73.7,17.3,0.000,0.117,0.00,0.000,7.4,13.2,2.2,306,18,7.8,14.6,2.5,308,18,7.8,14.6,2.5,308,18,470,28.87,1.9,0,0,0,40.6,44.1,47.8,0.33,0.31,0.20
TULL,2019-11-08 12:05:00 EST,42.79463,-76.11555,1241,24.8,24.6,14.3,70.9,16.7,0.000,0.117,0.00,0.000,11.0,19.3,3.3,306,12,10.9,18.9,3.3,308,12,10.9,18.9,3.3,308,12,515,28.87,2.1,0,0,0,40.6,44.1,47.8,0.33,0.31,0.20
TULL,2019-11-08 12:10:00 EST,42.79463,-76.11555,1241,24.8,24.7,13.8,70.0,16.4,0.000,0.117,0.00,0.000,11.6,19.7,4.1,314,16,12.0,20.5,3.9,318,17,12.0,20.5,3.9,318,17,337,28.87,2.0,0,0,0,40.6,44.1,47.8,0.33,0.31,0.20
TULL,2019-11-08 12:15:00 EST,42.79463,-76.11555,1241,24.4,24.3,12.5,71.1,16.4,0.000,0.117,0.00,0.000,12.7,21.0,3.4,300,19,13.5,23.9,3.9,300,19,13.5,23.9,3.9,300,19,255,28.87,1.8,0,0,0,40.6,44.1,47.8,0.33,0.31,0.20
TULL,2019-11-08 12:20:00 EST,42.79463,-76.11555,1241,23.7,23.6,12.3,74.5,16.7,0.000,0.117,0.00,0.000,11.8,19.4,2.8,312,14,11.9,20.5,2.6,315,14,11.9,20.5,2.6,315,14,235,28.87,1.9,0,0,0,40.6,44.1,47.8,0.33,0.31,0.20
TULL,2019-11-08 12:25:00 EST,42.79463,-76.11555,1241,24.0,23.9,13.0,72.9,16.6,0.000,0.117,0.00,0.000,11.3,18.5,2.7,318,14,11.4,17.7,2.7,322,14,11.4,17.7,2.7,322,14,498,28.87,1.8,0,0,0,40.6,44.1,47.8,0.33,0.31,0.20
TULL,2019-11-08 12:30:00 EST,42.79463,-76.11555,1241,24.4,24.2,14.8,73.6,17.1,0.000,0.117,0.00,0.000,8.7,13.5,1.6,318,12,9.2,12.5,1.4,321,12,9.2,12.5,1.4,321,12,429,28.87,1.8,0,0,0,40.6,44.1,47.8,0.33,0.31,0.20
TULL,2019-11-08 12:35:00 EST,42.79463,-76.11555,1241,24.7,24.6,15.0,73.7,17.5,0.000,0.117,0.00,0.000,9.0,14.1,1.9,324,17,9.5,16.3,1.9,329,17,9.5,16.3,1.9,329,17,464,28.87,1.9,0,0,0,40.6,44.1,47.8,0.33,0.31,0.20
TULL,2019-11-08 12:40:00 EST,42.79463,-76.11555,1241,25.1,24.9,14.3,66.1,15.4,0.000,0.117,0.00,0.000,11.2,18.3,2.5,302,17,11.5,18.3,2.8,305,17,11.5,18.3,2.8,305,17,465,28.87,1.8,0,0,0,40.6,44.1,47.8,0.33,0.31,0.20
TULL,2019-11-08 12:45:00 EST,42.79463,-76.11555,1241,25.4,25.0,14.1,65.1,15.3,0.000,0.117,0.00,0.000,11.9,19.7,3.3,296,18,12.8,20.4,3.5,297,15,12.8,20.4,3.5,297,15,581,28.87,1.7,0,0,0,40.6,44.1,47.8,0.33,0.31,0.20
TULL,2019-11-08 12:50:00 EST,42.79463,-76.11555,1241,25.2,24.9,13.9,65.5,15.3,0.000,0.117,0.00,0.000,12.7,20.0,2.9,303,14,12.9,20.9,3.0,305,13,12.9,20.9,3.0,305,13,416,28.87,1.5,0,0,0,40.6,44.1,47.8,0.33,0.31,0.20
TULL,2019-11-08 12:55:00 EST,42.79463,-76.11555,1241,24.3,24.1,12.3,70.8,16.1,0.000,0.117,0.00,0.000,13.3,20.5,3.1,306,13,13.5,21.0,3.0,309,13,13.5,21.0,3.0,309,13,207,28.87,1.5,0,0,0,40.6,44.1,47.8,0.33,0.31,0.20
TULL,2019-11-08 13:00:00 EST,42.79463,-76.11555,1241,24.1,24.0,13.2,74.4,17.1,0.000,0.117,0.00,0.000,11.2,17.2,2.5,315,13,11.4,18.8,2.4,316,12,11.4,18.8,2.4,316,12,422,28.87,1.3,0,0,0,40.6,44.1,47.8,0.33,0.31,0.20
TULL,2019-11-08 13:05:00 EST,42.79463,-76.11555,1241,24.9,24.7,15.7,74.0,17.8,0.000,0.117,0.00,0.000,8.2,12.6,2.3,302,17,8.7,14.1,2.4,303,16,8.7,14.1,2.4,303,16,465,28.87,1.5,0,0,0,40.6,44.1,47.8,0.33,0.31,0.20
TULL,2019-11-08 13:10:00 EST,42.79463,-76.11555,1241,25.3,24.9,15.3,71.0,17.2,0.000,0.117,0.00,0.000,9.4,16.7,2.6,296,18,10.1,20.9,3.1,297,17,10.1,20.9,3.1,297,17,520,28.87,1.3,0,0,0,40.6,44.1,47.8,0.34,0.31,0.20
TULL,2019-11-08 13:15:00 EST,42.79463,-76.11555,1241,24.9,24.6,14.0,70.2,16.6,0.000,0.117,0.00,0.000,11.3,16.7,2.3,306,14,11.8,17.5,2.5,308,14,11.8,17.5,2.5,308,14,579,28.87,1.5,0,0,0,40.6,44.1,47.8,0.34,0.31,0.20
TULL,2019-11-08 13:20:00 EST,42.79463,-76.11555,1241,24.8,24.6,14.0,71.5,16.9,0.000,0.117,0.00,0.000,11.0,15.5,1.9,327,15,11.4,15.5,2.0,332,15,11.4,15.5,2.0,332,15,448,28.87,1.3,0,0,0,40.6,44.1,47.8,0.34,0.31,0.20
TULL,2019-11-08 13:25:00 EST,42.79463,-76.11555,1241,24.2,24.1,15.7,79.7,18.8,0.000,0.117,0.00,0.000,6.7,10.9,1.7,337,18,7.4,12.1,1.9,341,17,7.4,12.1,1.9,341,17,436,28.87,1.4,0,0,0,40.6,44.1,47.8,0.34,0.31,0.20
TULL,2019-11-08 13:30:00 EST,42.79463,-76.11555,1241,24.5,24.3,13.9,75.8,18.0,0.000,0.117,0.00,0.000,9.9,15.5,2.6,339,24,11.0,18.2,3.0,343,22,11.0,18.2,3.0,343,22,364,28.87,1.3,0,0,0,40.6,44.1,47.8,0.33,0.31,0.20
TULL,2019-11-08 13:35:00 EST,42.79463,-76.11555,1241,23.4,23.3,12.0,79.3,17.9,0.000,0.117,0.00,0.000,11.1,18.8,2.8,340,19,12.1,23.3,3.3,344,15,12.1,23.3,3.3,344,15,246,28.87,1.3,0,0,0,40.6,44.1,47.8,0.33,0.31,0.20
TULL,2019-11-08 13:40:00 EST,42.79463,-76.11555,1241,23.7,23.6,14.1,79.0,18.2,0.000,0.117,0.00,0.000,7.9,14.9,2.8,342,22,9.0,17.5,3.2,345,13,9.0,17.5,3.2,345,13,432,28.87,1.4,0,0,0,40.6,44.1,47.8,0.33,0.31,0.20
TULL,2019-11-08 13:45:00 EST,42.79463,-76.11555,1241,24.2,24.0,14.1,77.8,18.3,0.000,0.117,0.00,0.000,8.8,15.3,2.3,345,15,9.9,17.7,2.6,349,12,9.9,17.7,2.6,349,12,463,28.87,1.3,0,0,0,40.6,44.1,47.6,0.34,0.31,0.20
TULL,2019-11-08 13:50:00 EST,42.79463,-76.11555,1241,23.7,23.6,15.0,80.7,18.7,0.000,0.117,0.00,0.000,7.0,11.5,1.4,333,16,7.7,12.1,1.7,337,16,7.7,12.1,1.7,337,16,239,28.87,1.3,0,0,0,40.6,44.1,47.5,0.33,0.31,0.20
TULL,2019-11-08 13:55:00 EST,42.79463,-76.11555,1241,23.4,23.3,13.7,82.3,18.8,0.000,0.117,0.00,0.000,8.0,11.5,1.3,338,15,8.9,14.0,1.7,341,14,8.9,14.0,1.7,341,14,236,28.87,1.3,0,0,0,40.6,44.1,47.5,0.33,0.31,0.20
TULL,2019-11-08 14:00:00 EST,42.79463,-76.11555,1241,23.3,23.2,13.5,84.6,19.3,0.000,0.117,0.00,0.000,8.3,13.4,1.8,328,18,9.2,14.5,1.9,330,15,9.2,14.5,1.9,330,15,218,28.87,1.3,0,0,0,40.6,44.1,47.5,0.33,0.31,0.20
TULL,2019-11-08 14:05:00 EST,42.79463,-76.11555,1241,23.3,23.2,12.7,85.1,19.4,0.000,0.117,0.00,0.000,9.2,14.5,1.9,341,15,10.3,16.8,2.4,346,13,10.3,16.8,2.4,346,13,193,28.87,1.2,0,0,0,40.6,44.1,47.6,0.34,0.31,0.20
TULL,2019-11-08 14:10:00 EST,42.79463,-76.11555,1241,22.9,22.8,11.8,85.9,19.3,0.000,0.117,0.00,0.000,9.8,15.1,2.1,340,18,11.1,17.8,2.5,346,12,11.1,17.8,2.5,346,12,141,28.87,1.2,0,0,0,40.6,44.1,47.5,0.33,0.31,0.20
TULL,2019-11-08 14:15:00 EST,42.79463,-76.11555,1241,22.7,22.6,11.8,88.2,19.7,0.000,0.117,0.00,0.000,10.0,15.0,2.2,330,15,10.7,15.9,2.4,336,14,10.7,15.9,2.4,336,14,116,28.87,1.2,0,0,0,40.6,44.1,47.6,0.34,0.31,0.20
TULL,2019-11-08 14:20:00 EST,42.79463,-76.11555,1241,22.8,22.8,12.8,88.7,20.0,0.000,0.117,0.00,0.000,9.2,13.4,1.8,323,11,9.3,13.3,1.7,326,11,9.3,13.3,1.7,326,11,194,28.87,1.1,0,0,0,40.6,44.1,47.5,0.34,0.31,0.20
TULL,2019-11-08 14:25:00 EST,42.79463,-76.11555,1241,23.2,23.1,12.4,86.2,19.7,0.006,0.123,0.00,0.006,10.6,15.0,2.0,320,12,10.7,16.8,2.0,323,13,10.7,16.8,2.0,323,13,352,28.87,1.1,0,0,0,40.6,44.1,47.5,0.34,0.31,0.20
TULL,2019-11-08 14:30:00 EST,42.79463,-76.11555,1241,23.6,23.6,13.4,82.4,19.1,0.000,0.123,0.00,0.006,9.7,14.2,2.4,320,12,9.9,16.9,2.5,324,12,9.9,16.9,2.5,324,12,257,28.87,1.0,0,0,0,40.6,44.1,47.5,0.34,0.31,0.20
TULL,2019-11-08 14:35:00 EST,42.79463,-76.11555,1241,23.4,23.6,13.7,81.2,18.5,0.000,0.123,0.00,0.006,8.8,13.5,1.7,318,14,9.0,13.6,1.8,320,16,9.0,13.6,1.8,320,16,149,28.87,1.1,0,0,0,40.6,44.1,47.6,0.34,0.31,0.20
TULL,2019-11-08 14:40:00 EST,42.79463,-76.11555,1241,23.7,23.9,14.8,81.2,18.8,0.000,0.123,0.00,0.006,7.3,10.3,1.4,334,14,8.0,11.2,1.6,339,14,8.0,11.2,1.6,339,14,223,28.87,0.8,0,0,0,40.6,44.1,47.5,0.34,0.31,0.20
TULL,2019-11-08 14:45:00 EST,42.79463,-76.11555,1241,23.9,23.9,15.4,81.3,19.0,0.000,0.123,0.00,0.006,6.9,10.4,1.6,325,20,7.4,11.1,1.7,327,20,7.4,11.1,1.7,327,20,146,28.88,0.9,0,0,0,40.6,44.1,47.5,0.34,0.31,0.20
TULL,2019-11-08 14:50:00 EST,42.79463,-76.11555,1241,23.8,23.7,13.8,82.5,19.2,0.000,0.123,0.00,0.006,8.6,13.2,2.0,342,19,9.6,15.8,2.4,344,19,9.6,15.8,2.4,344,19,100,28.88,0.8,0,0,0,40.6,44.1,47.5,0.34,0.31,0.20
TULL,2019-11-08 14:55:00 EST,42.79463,-76.11555,1241,23.5,23.4,14.4,84.2,19.4,0.000,0.123,0.00,0.006,7.6,12.8,2.4,322,17,8.1,13.7,2.3,324,18,8.1,13.7,2.3,324,18,141,28.88,0.8,0,0,0,40.6,44.1,47.5,0.33,0.31,0.20
TULL,2019-11-08 15:00:00 EST,42.79463,-76.11555,1241,23.7,23.6,14.5,83.6,19.4,0.000,0.123,0.00,0.006,7.3,14.1,2.0,339,11,8.3,16.8,2.4,342,10,8.3,16.8,2.4,342,10,259,28.88,0.8,0,0,0,40.6,44.1,47.5,0.34,0.31,0.20
TULL,2019-11-08 15:05:00 EST,42.79463,-76.11555,1241,23.6,23.5,12.9,84.2,19.5,0.000,0.123,0.00,0.006,9.7,16.6,2.6,335,11,10.8,17.8,2.8,339,10,10.8,17.8,2.8,339,10,164,28.88,0.8,0,0,0,40.6,44.1,47.5,0.34,0.31,0.20
TULL,2019-11-08 15:10:00 EST,42.79463,-76.11555,1241,23.2,23.2,13.9,85.3,19.4,0.000,0.123,0.00,0.006,7.5,12.0,1.7,335,19,8.3,15.6,2.4,338,16,8.3,15.6,2.4,338,16,85,28.88,0.4,0,0,0,40.6,44.1,47.5,0.34,0.31,0.20
TULL,2019-11-08 15:15:00 EST,42.79463,-76.11555,1241,22.9,23.0,14.1,85.5,19.2,0.000,0.123,0.00,0.006,6.7,10.1,1.3,338,15,7.5,11.2,1.4,341,15,7.5,11.2,1.4,341,15,61,28.88,0.6,0,0,0,40.6,44.1,47.5,0.34,0.31,0.20
TULL,2019-11-08 15:20:00 EST,42.79463,-76.11555,1241,22.8,23.0,14.2,85.1,19.0,0.000,0.123,0.00,0.006,6.8,11.4,1.6,335,14,7.3,12.8,1.8,339,14,7.3,12.8,1.8,339,14,79,28.88,0.2,0,0,0,40.6,44.1,47.5,0.34,0.31,0.20
TULL,2019-11-08 15:25:00 EST,42.79463,-76.11555,1241,23.1,23.1,15.0,85.2,19.4,0.000,0.123,0.00,0.000,6.0,9.9,1.7,337,17,6.8,10.8,1.9,339,17,6.8,10.8,1.9,339,17,79,28.88,0.6,0,0,0,40.6,44.1,47.5,0.34,0.31,0.20
TULL,2019-11-08 15:30:00 EST,42.79463,-76.11555,1241,23.1,23.1,13.5,85.3,19.3,0.000,0.123,0.00,0.000,8.1,12.3,1.6,332,12,8.7,13.4,1.9,336,12,8.7,13.4,1.9,336,12,73,28.88,0.3,0,0,0,40.6,44.1,47.5,0.34,0.31,0.20
TULL,2019-11-08 15:35:00 EST,42.79463,-76.11555,1241,23.1,23.1,14.6,85.6,19.4,0.000,0.123,0.00,0.000,6.8,9.7,1.2,324,15,7.2,11.9,1.4,327,15,7.2,11.9,1.4,327,15,104,28.88,0.8,0,0,0,40.6,44.1,47.5,0.34,0.31,0.20
TULL,2019-11-08 15:40:00 EST,42.79463,-76.11555,1241,23.1,23.1,14.5,86.1,19.6,0.000,0.123,0.00,0.000,6.9,11.3,1.4,324,12,7.3,13.6,1.5,329,13,7.3,13.6,1.5,329,13,67,28.88,0.9,0,0,0,40.6,44.1,47.5,0.33,0.31,0.20
TULL,2019-11-08 15:45:00 EST,42.79463,-76.11555,1241,23.2,23.2,14.9,86.5,19.7,0.000,0.123,0.00,0.000,6.9,10.7,1.8,315,8,6.9,10.2,1.7,316,8,6.9,10.2,1.7,316,8,44,28.88,0.9,0,0,0,40.6,44.1,47.5,0.34,0.31,0.20
TULL,2019-11-08 15:50:00 EST,42.79463,-76.11555,1241,23.0,23.1,14.6,86.3,19.6,0.000,0.123,0.00,0.000,6.9,9.6,1.3,312,13,7.1,10.5,1.4,314,13,7.1,10.5,1.4,314,13,42,28.89,0.8,0,0,0,40.6,44.1,47.5,0.34,0.31,0.20
TULL,2019-11-08 15:55:00 EST,42.79463,-76.11555,1241,23.1,23.3,15.8,84.5,19.2,0.000,0.123,0.00,0.000,5.6,8.3,1.1,304,14,5.9,10.3,1.2,305,14,5.9,10.3,1.2,305,14,77,28.89,0.8,0,0,0,40.6,44.1,47.5,0.34,0.31,0.20
TULL,2019-11-08 16:00:00 EST,42.79463,-76.11555,1241,23.2,23.4,15.5,80.8,18.1,0.000,0.123,0.00,0.000,6.0,10.4,1.8,310,13,6.3,11.3,1.7,312,12,6.3,11.3,1.7,312,12,40,28.89,0.8,0,0,0,40.6,44.1,47.5,0.34,0.31,0.20
TULL,2019-11-08 16:05:00 EST,42.79463,-76.11555,1241,23.2,23.4,15.7,80.5,18.1,0.000,0.123,0.00,0.000,5.8,8.2,1.4,313,14,6.0,8.6,1.4,315,14,6.0,8.6,1.4,315,14,30,28.89,0.8,0,0,0,40.6,44.1,47.5,0.33,0.31,0.20
TULL,2019-11-08 16:10:00 EST,42.79463,-76.11555,1241,23.0,23.3,15.7,82.1,18.4,0.000,0.123,0.00,0.000,5.6,8.8,1.3,309,18,5.8,9.9,1.3,311,19,5.8,9.9,1.3,311,19,21,28.89,0.9,0,0,0,40.6,44.1,47.5,0.34,0.31,0.20
TULL,2019-11-08 16:15:00 EST,42.79463,-76.11555,1241,22.9,23.2,15.6,80.7,17.9,0.000,0.123,0.00,0.000,5.5,8.3,1.4,308,15,5.8,9.1,1.5,310,16,5.8,9.1,1.5,310,16,22,28.89,0.6,0,0,0,40.6,44.1,47.5,0.34,0.31,0.20
TULL,2019-11-08 16:20:00 EST,42.79463,-76.11555,1241,22.5,23.0,17.3,82.1,17.8,0.000,0.123,0.00,0.000,3.6,5.5,0.9,328,13,3.8,6.6,1.2,332,14,3.8,6.6,1.2,332,14,17,28.89,0.9,0,0,0,40.6,44.1,47.5,0.34,0.31,0.20
TULL,2019-11-08 16:25:00 EST,42.79463,-76.11555,1241,22.3,22.8,22.3,82.9,17.9,0.000,0.123,0.00,0.000,1.8,3.9,0.7,325,17,2.0,5.0,0.9,329,20,2.0,5.0,0.9,329,20,14,28.90,0.7,0,0,0,40.6,44.1,47.5,0.34,0.31,0.20
TULL,2019-11-08 16:30:00 EST,42.79463,-76.11555,1241,22.2,22.6,22.2,83.9,18.1,0.000,0.123,0.00,0.000,0.9,2.1,0.4,300,13,1.1,2.2,0.4,303,19,1.1,2.2,0.4,303,19,13,28.90,0.8,0,0,0,40.6,44.1,47.5,0.34,0.31,0.20
TULL,2019-11-08 16:35:00 EST,42.79463,-76.11555,1241,22.1,22.5,22.1,84.9,18.2,0.000,0.123,0.00,0.000,1.9,3.7,1.0,300,15,2.0,3.9,0.8,300,16,2.0,3.9,0.8,300,16,13,28.90,0.7,0,0,0,40.6,44.1,47.5,0.34,0.31,0.20
TULL,2019-11-08 16:40:00 EST,42.79463,-76.11555,1241,22.0,22.6,22.0,85.2,18.2,0.000,0.123,0.00,0.000,1.6,4.1,1.1,284,14,1.8,4.9,1.1,285,14,1.8,4.9,1.1,285,14,10,28.90,0.5,0,0,0,40.6,44.1,47.5,0.34,0.31,0.20
TULL,2019-11-08 16:45:00 EST,42.79463,-76.11555,1241,21.7,22.5,21.7,84.5,17.7,0.000,0.123,0.00,0.000,1.8,3.0,0.5,312,14,1.8,3.5,0.4,311,16,1.8,3.5,0.4,311,16,8,28.90,0.7,0,0,0,40.5,44.1,47.5,0.34,0.31,0.20
TULL,2019-11-08 16:50:00 EST,42.79463,-76.11555,1241,21.5,22.3,21.5,84.7,17.6,0.000,0.123,0.00,0.000,0.6,2.0,0.6,296,17,0.8,2.6,0.6,303,18,0.8,2.6,0.6,303,18,5,28.90,0.9,0,0,0,40.5,44.1,47.5,0.34,0.31,0.20
TULL,2019-11-08 16:55:00 EST,42.79463,-76.11555,1241,21.6,22.4,21.6,85.0,17.7,0.000,0.123,0.00,0.000,2.5,5.2,1.3,279,17,2.8,6.1,1.4,280,17,2.8,6.1,1.4,280,17,4,28.90,0.9,0,0,0,40.5,44.0,47.5,0.34,0.32,0.20
TULL,2019-11-08 17:00:00 EST,42.79463,-76.11555,1241,21.6,22.5,21.6,83.2,17.3,0.000,0.123,0.00,0.000,2.6,4.0,0.5,278,14,2.9,4.8,0.6,280,13,2.9,4.8,0.6,280,13,2,28.91,0.8,0,0,0,40.5,44.1,47.5,0.34,0.32,0.20
TULL,2019-11-08 17:05:00 EST,42.79463,-76.11555,1241,21.2,22.4,21.2,81.5,16.4,0.000,0.123,0.00,0.000,2.2,4.8,0.9,281,20,2.4,5.0,1.0,282,19,2.4,5.0,1.0,282,19,1,28.91,0.6,0,0,0,40.5,44.0,47.5,0.34,0.31,0.20
TULL,2019-11-08 17:10:00 EST,42.79463,-76.11555,1241,21.4,22.4,17.4,81.7,16.7,0.000,0.123,0.00,0.000,2.7,4.3,0.7,278,18,3.0,4.6,0.7,279,15,3.0,4.6,0.7,279,15,0,28.91,0.9,0,0,0,40.5,44.0,47.5,0.34,0.31,0.20
TULL,2019-11-08 17:15:00 EST,42.79463,-76.11555,1241,21.3,22.4,16.7,81.4,16.5,0.000,0.123,0.00,0.000,3.0,4.3,0.6,268,12,3.3,4.8,0.7,270,11,3.3,4.8,0.7,270,11,0,28.91,0.7,0,0,0,40.5,44.1,47.5,0.34,0.32,0.20
TULL,2019-11-08 17:20:00 EST,42.79463,-76.11555,1241,21.3,22.4,15.6,80.5,16.3,0.000,0.123,0.00,0.000,3.8,5.0,0.4,266,7,4.1,6.0,0.6,268,7,4.1,6.0,0.6,268,7,0,28.91,0.6,0,0,0,40.5,44.0,47.5,0.34,0.32,0.20
TULL,2019-11-08 17:25:00 EST,42.79463,-76.11555,1241,21.3,22.2,16.8,79.9,16.0,0.000,0.123,0.00,0.000,3.0,4.1,0.5,271,7,3.2,5.1,0.6,273,7,3.2,5.1,0.6,273,7,0,28.91,0.6,0,0,0,40.5,44.0,47.5,0.34,0.31,0.20
TULL,2019-11-08 17:30:00 EST,42.79463,-76.11555,1241,21.1,22.2,21.1,80.5,16.0,0.000,0.123,0.00,0.000,2.5,3.4,0.4,261,7,2.8,3.7,0.5,265,8,2.8,3.7,0.5,265,8,0,28.91,0.1,0,0,0,40.5,43.9,47.5,0.34,0.32,0.20
TULL,2019-11-08 17:35:00 EST,42.79463,-76.11555,1241,19.8,21.9,19.8,81.4,15.0,0.000,0.123,0.00,0.000,1.3,2.3,0.3,267,6,1.5,2.5,0.3,272,9,1.5,2.5,0.3,272,9,0,28.91,0.4,0,0,0,40.5,43.9,47.5,0.34,0.31,0.20
TULL,2019-11-08 17:40:00 EST,42.79463,-76.11555,1241,18.4,21.7,18.4,82.9,14.1,0.000,0.123,0.00,0.000,0.7,1.5,0.6,261,1,0.9,1.9,0.7,265,8,0.9,1.9,0.7,265,8,0,28.92,0.4,0,0,0,40.5,43.9,47.5,0.34,0.31,0.20
TULL,2019-11-08 17:45:00 EST,42.79463,-76.11555,1241,17.9,20.9,17.9,87.5,14.9,0.000,0.123,0.00,0.000,0.6,1.2,0.5,134,35,0.8,1.7,0.6,104,14,0.8,1.7,0.6,104,14,0,28.92,0.5,0,0,0,40.5,43.9,47.5,0.34,0.32,0.20
TULL,2019-11-08 17:50:00 EST,42.79463,-76.11555,1241,18.1,20.8,18.1,90.3,15.7,0.000,0.123,0.00,0.000,1.0,1.4,0.2,81,16,1.4,2.2,0.2,81,14,1.4,2.2,0.2,81,14,0,28.92,0.4,0,0,0,40.5,43.9,47.5,0.34,0.32,0.20
TULL,2019-11-08 17:55:00 EST,42.79463,-76.11555,1241,18.0,20.3,18.0,90.1,15.6,0.000,0.123,0.00,0.000,1.2,1.8,0.2,83,1,1.6,2.2,0.2,99,3,1.6,2.2,0.2,99,3,0,28.92,0.5,0,0,0,40.5,43.9,47.5,0.34,0.31,0.20
TULL,2019-11-08 18:00:00 EST,42.79463,-76.11555,1241,18.3,19.7,18.3,90.4,15.9,0.000,0.123,0.00,0.000,2.0,2.3,0.2,87,8,2.2,2.7,0.2,89,9,2.2,2.7,0.2,89,9,0,28.92,0.2,0,0,0,40.5,44.0,47.5,0.34,0.31,0.20
TULL,2019-11-08 18:05:00 EST,42.79463,-76.11555,1241,18.4,19.7,18.4,90.3,16.1,0.000,0.123,0.00,0.000,2.4,3.1,0.2,79,4,2.8,3.6,0.3,81,6,2.8,3.6,0.3,81,6,0,28.93,0.2,0,0,0,40.5,43.9,47.5,0.34,0.31,0.20
TULL,2019-11-08 18:10:00 EST,42.79463,-76.11555,1241,18.6,20.0,18.6,90.8,16.4,0.000,0.123,0.00,0.000,2.5,2.9,0.2,64,5,2.6,3.4,0.3,64,8,2.6,3.4,0.3,64,8,0,28.93,0.1,0,0,0,40.5,43.9,47.5,0.34,0.31,0.20
TULL,2019-11-08 18:15:00 EST,42.79463,-76.11555,1241,19.3,20.3,19.3,90.2,16.9,0.000,0.123,0.00,0.000,2.5,2.9,0.2,60,5,2.4,3.1,0.3,60,7,2.4,3.1,0.3,60,7,0,28.93,0.4,0,0,0,40.5,43.9,47.4,0.34,0.32,0.20
TULL,2019-11-08 18:20:00 EST,42.79463,-76.11555,1241,18.6,20.3,18.6,88.0,15.7,0.000,0.123,0.00,0.000,1.8,2.4,0.3,63,5,1.9,2.9,0.3,65,8,1.9,2.9,0.3,65,8,0,28.93,0.1,0,0,0,40.5,43.9,47.5,0.34,0.31,0.20
TULL,2019-11-08 18:25:00 EST,42.79463,-76.11555,1241,19.0,20.3,19.0,89.6,16.4,0.000,0.123,0.00,0.000,1.6,2.2,0.3,73,5,2.0,2.6,0.4,76,7,2.0,2.6,0.4,76,7,0,28.93,0.0,0,0,0,40.5,43.9,47.5,0.34,0.31,0.20
TULL,2019-11-08 18:30:00 EST,42.79463,-76.11555,1241,18.3,20.0,18.3,90.0,15.9,0.000,0.123,0.00,0.000,2.0,2.6,0.2,79,8,2.3,3.0,0.3,81,10,2.3,3.0,0.3,81,10,0,28.93,0.0,0,0,0,40.5,43.9,47.5,0.34,0.31,0.20
TULL,2019-11-08 18:35:00 EST,42.79463,-76.11555,1241,17.2,20.4,17.2,90.4,14.9,0.000,0.123,0.00,0.000,1.7,2.1,0.2,72,10,1.9,2.6,0.3,73,12,1.9,2.6,0.3,73,12,0,28.93,-0.3,0,0,0,40.5,43.9,47.5,0.34,0.31,0.20
TULL,2019-11-08 18:40:00 EST,42.79463,-76.11555,1241,17.3,20.1,17.3,89.4,14.7,0.000,0.123,0.00,0.000,1.6,2.0,0.2,54,8,1.7,2.2,0.2,54,10,1.7,2.2,0.2,54,10,0,28.93,-0.3,0,0,0,40.5,43.9,47.5,0.33,0.31,0.20
TULL,2019-11-08 18:45:00 EST,42.79463,-76.11555,1241,17.3,20.3,17.3,89.6,14.8,0.000,0.123,0.00,0.000,1.0,1.8,0.4,57,5,1.2,2.1,0.4,61,12,1.2,2.1,0.4,61,12,0,28.93,0.4,0,0,0,40.5,43.9,47.5,0.35,0.32,0.20
TULL,2019-11-08 18:50:00 EST,42.79463,-76.11555,1241,17.7,20.2,17.7,89.7,15.2,0.000,0.123,0.00,0.000,0.7,1.7,0.4,63,11,1.0,2.0,0.5,77,14,1.0,2.0,0.5,77,14,0,28.93,0.7,0,0,0,40.5,43.9,47.5,0.34,0.31,0.20
TULL,2019-11-08 18:55:00 EST,42.79463,-76.11555,1241,16.5,19.6,16.5,89.6,13.9,0.000,0.123,0.00,0.000,1.3,1.7,0.2,87,0,1.6,2.3,0.3,78,9,1.6,2.3,0.3,78,9,0,28.93,0.7,0,0,0,40.5,43.9,47.5,0.34,0.31,0.20
TULL,2019-11-08 19:00:00 EST,42.79463,-76.11555,1241,16.8,19.3,16.8,91.4,14.7,0.000,0.123,0.00,0.000,0.9,1.3,0.2,84,3,1.2,1.8,0.3,73,14,1.2,1.8,0.3,73,14,0,28.93,0.7,0,0,0,40.5,43.9,47.4,0.34,0.31,0.20
TULL,2019-11-08 19:05:00 EST,42.79463,-76.11555,1241,16.2,19.2,16.2,92.2,14.3,0.000,0.123,0.00,0.000,0.8,1.4,0.3,92,7,1.1,1.9,0.4,91,14,1.1,1.9,0.4,91,14,0,28.93,0.8,0,0,0,40.5,43.9,47.5,0.33,0.31,0.20
TULL,2019-11-08 19:10:00 EST,42.79463,-76.11555,1241,16.5,19.0,16.5,93.3,14.9,0.000,0.123,0.00,0.000,1.0,1.9,0.4,109,15,1.3,1.9,0.3,99,28,1.3,1.9,0.3,99,28,0,28.93,0.9,0,0,0,40.5,43.9,47.5,0.33,0.31,0.20
TULL,2019-11-08 19:15:00 EST,42.79463,-76.11555,1241,16.4,19.6,16.4,93.7,14.9,0.000,0.123,0.00,0.000,1.7,2.3,0.3,115,11,1.8,2.6,0.3,114,13,1.8,2.6,0.3,114,13,0,28.93,0.4,0,0,0,40.5,43.9,47.5,0.33,0.32,0.20
TULL,2019-11-08 19:20:00 EST,42.79463,-76.11555,1241,15.9,19.3,15.9,93.2,14.3,0.000,0.123,0.00,0.000,1.2,3.0,0.6,130,32,1.4,3.2,0.7,126,34,1.4,3.2,0.7,126,34,0,28.93,0.6,0,0,0,40.5,43.9,47.4,0.33,0.31,0.20
TULL,2019-11-08 19:25:00 EST,42.79463,-76.11555,1241,17.2,19.2,17.2,94.2,15.8,0.000,0.123,0.00,0.000,0.8,1.9,0.7,167,31,0.9,2.9,0.7,159,37,0.9,2.9,0.7,159,37,0,28.93,0.7,0,0,0,40.5,43.9,47.4,0.34,0.31,0.20
TULL,2019-11-08 19:30:00 EST,42.79463,-76.11555,1241,15.9,19.3,15.9,93.0,14.2,0.000,0.123,0.00,0.000,0.9,1.5,0.4,111,10,1.2,1.7,0.3,97,18,1.2,1.7,0.3,97,18,0,28.93,0.7,0,0,0,40.5,43.9,47.4,0.34,0.31,0.20
TULL,2019-11-08 19:35:00 EST,42.79463,-76.11555,1241,16.2,19.6,16.2,92.5,14.4,0.000,0.123,0.00,0.000,0.8,2.0,0.5,98,27,1.3,2.4,0.5,84,38,1.3,2.4,0.5,84,38,0,28.93,0.6,0,0,0,40.5,43.9,47.3,0.34,0.32,0.20
TULL,2019-11-08 19:40:00 EST,42.79463,-76.11555,1241,16.7,19.6,16.7,92.8,15.0,0.000,0.123,0.00,0.000,0.3,1.4,0.4,353,49,0.6,1.9,0.6,65,45,0.6,1.9,0.6,65,45,0,28.93,1.0,0,0,0,40.5,43.9,47.3,0.34,0.32,0.20
TULL,2019-11-08 19:45:00 EST,42.79463,-76.11555,1241,16.2,19.3,16.2,92.0,14.3,0.000,0.123,0.00,0.000,1.0,2.3,0.7,63,11,1.5,3.0,0.7,64,18,1.5,3.0,0.7,64,18,0,28.93,0.9,0,0,0,40.5,43.9,47.3,0.34,0.32,0.20
TULL,2019-11-08 19:50:00 EST,42.79463,-76.11555,1241,15.8,19.7,15.8,91.7,13.8,0.000,0.123,0.00,0.000,1.2,1.8,0.4,97,7,1.5,2.3,0.4,99,11,1.5,2.3,0.4,99,11,0,28.93,1.0,0,0,0,40.4,43.9,47.3,0.34,0.31,0.20
TULL,2019-11-08 19:55:00 EST,42.79463,-76.11555,1241,15.7,19.0,15.7,92.9,14.0,0.000,0.123,0.00,0.000,1.7,2.6,0.5,64,12,1.9,3.0,0.5,62,12,1.9,3.0,0.5,62,12,0,28.94,0.9,0,0,0,40.4,43.9,47.3,0.34,0.31,0.20
TULL,2019-11-08 20:00:00 EST,42.79463,-76.11555,1241,16.1,19.1,16.1,92.0,14.2,0.000,0.123,0.00,0.000,1.1,2.3,0.9,57,6,1.4,3.0,0.8,69,23,1.4,3.0,0.8,69,23,0,28.94,0.9,0,0,0,40.4,43.9,47.3,0.33,0.31,0.20
TULL,2019-11-08 20:05:00 EST,42.79463,-76.11555,1241,15.9,19.4,15.9,92.6,14.1,0.000,0.123,0.00,0.000,0.6,1.2,0.4,89,5,1.0,1.7,0.5,88,17,1.0,1.7,0.5,88,17,0,28.94,0.8,0,0,0,40.4,43.9,47.3,0.33,0.32,0.20
TULL,2019-11-08 20:10:00 EST,42.79463,-76.11555,1241,16.1,18.8,16.1,92.1,14.2,0.000,0.123,0.00,0.000,1.2,1.9,0.4,90,6,1.5,2.3,0.4,91,14,1.5,2.3,0.4,91,14,0,28.94,0.9,0,0,0,40.4,43.9,47.3,0.33,0.31,0.20
TULL,2019-11-08 20:15:00 EST,42.79463,-76.11555,1241,16.0,18.8,16.0,92.5,14.2,0.000,0.123,0.00,0.000,1.4,2.3,0.7,78,20,1.6,2.5,0.6,73,29,1.6,2.5,0.6,73,29,0,28.94,0.5,0,0,0,40.4,43.9,47.3,0.33,0.31,0.20
TULL,2019-11-08 20:20:00 EST,42.79463,-76.11555,1241,16.3,19.1,16.3,91.8,14.3,0.000,0.123,0.00,0.000,0.5,1.9,0.7,298,10,0.8,2.2,0.8,311,30,0.8,2.2,0.8,311,30,0,28.94,1.5,0,0,0,40.3,43.9,47.3,0.34,0.32,0.20
TULL,2019-11-08 20:25:00 EST,42.79463,-76.11555,1241,17.0,20.1,17.0,92.4,15.2,0.000,0.123,0.00,0.000,0.1,1.5,0.4,234,3,0.4,1.8,0.5,211,38,0.4,1.8,0.5,211,38,0,28.94,0.8,0,0,0,40.4,43.9,47.3,0.34,0.32,0.20
TULL,2019-11-08 20:30:00 EST,42.79463,-76.11555,1241,18.1,19.7,18.1,92.2,16.2,0.000,0.123,0.00,0.000,1.1,1.8,0.6,181,21,1.3,2.1,0.6,177,24,1.3,2.1,0.6,177,24,0,28.94,0.5,0,0,0,40.4,43.9,47.3,0.33,0.32,0.20
TULL,2019-11-08 20:35:00 EST,42.79463,-76.11555,1241,16.7,19.0,16.7,89.8,14.3,0.000,0.123,0.00,0.000,0.5,1.4,0.5,72,37,1.1,2.1,0.5,26,46,1.1,2.1,0.5,26,46,0,28.94,0.6,0,0,0,40.3,43.9,47.3,0.34,0.32,0.20
TULL,2019-11-08 20:40:00 EST,42.79463,-76.11555,1241,17.4,19.3,17.4,90.8,15.2,0.000,0.123,0.00,0.000,1.0,2.5,0.6,74,60,1.4,3.0,0.5,66,61,1.4,3.0,0.5,66,61,0,28.94,0.2,0,0,0,40.3,43.9,47.3,0.33,0.32,0.20
TULL,2019-11-08 20:45:00 EST,42.79463,-76.11555,1241,16.8,19.7,16.8,90.3,14.5,0.000,0.123,0.00,0.000,0.3,1.1,0.4,93,7,0.6,1.5,0.5,103,18,0.6,1.5,0.5,103,18,0,28.94,0.4,0,0,0,40.3,43.9,47.3,0.34,0.32,0.20
TULL,2019-11-08 20:50:00 EST,42.79463,-76.11555,1241,16.4,19.3,16.4,89.6,13.9,0.000,0.123,0.00,0.000,0.7,1.3,0.5,122,12,1.0,1.6,0.3,103,30,1.0,1.6,0.3,103,30,0,28.94,0.6,0,0,0,40.3,43.9,47.3,0.33,0.32,0.20
TULL,2019-11-08 20:55:00 EST,42.79463,-76.11555,1241,15.8,19.5,15.8,89.9,13.3,0.000,0.123,0.00,0.000,0.6,1.7,0.7,34,5,0.9,1.9,0.7,31,19,0.9,1.9,0.7,31,19,0,28.94,0.7,0,0,0,40.3,43.9,47.3,0.33,0.32,0.20
TULL,2019-11-08 21:00:00 EST,42.79463,-76.11555,1241,15.5,19.2,15.5,91.4,13.5,0.000,0.123,0.00,0.000,0.5,1.5,0.6,26,0,1.0,1.9,0.6,24,21,1.0,1.9,0.6,24,21,0,28.94,0.6,0,0,0,40.3,43.9,47.3,0.34,0.32,0.20
TULL,2019-11-08 21:05:00 EST,42.79463,-76.11555,1241,16.6,19.3,16.6,92.6,14.8,0.000,0.123,0.00,0.000,0.7,1.8,0.5,23,17,1.2,2.1,0.4,27,25,1.2,2.1,0.4,27,25,0,28.94,0.6,0,0,0,40.3,43.9,47.3,0.34,0.32,0.20
TULL,2019-11-08 21:10:00 EST,42.79463,-76.11555,1241,16.4,19.6,16.4,93.3,14.8,0.000,0.123,0.00,0.000,1.5,2.0,0.2,322,21,1.8,2.8,0.4,326,24,1.8,2.8,0.4,326,24,0,28.94,0.6,0,0,0,40.3,43.9,47.3,0.33,0.32,0.20
TULL,2019-11-08 21:15:00 EST,42.79463,-76.11555,1241,16.8,20.2,16.8,92.7,15.0,0.000,0.123,0.00,0.000,0.2,1.2,0.4,272,0,0.3,1.8,0.5,259,9,0.3,1.8,0.5,259,9,0,28.94,0.6,0,0,0,40.3,43.9,47.3,0.33,0.32,0.20
TULL,2019-11-08 21:20:00 EST,42.79463,-76.11555,1241,17.5,20.1,17.5,92.6,15.7,0.000,0.123,0.00,0.000,0.7,2.0,0.8,326,4,0.9,2.5,0.8,333,9,0.9,2.5,0.8,333,9,0,28.94,0.5,0,0,0,40.3,43.9,47.3,0.33,0.32,0.20
TULL,2019-11-08 21:25:00 EST,42.79463,-76.11555,1241,18.3,20.1,18.3,91.7,16.2,0.000,0.123,0.00,0.000,0.2,1.1,0.3,328,0,0.6,1.3,0.4,25,42,0.6,1.3,0.4,25,42,0,28.94,0.3,0,0,0,40.3,43.9,47.3,0.33,0.32,0.20
TULL,2019-11-08 21:30:00 EST,42.79463,-76.11555,1241,18.1,19.7,18.1,90.2,15.7,0.000,0.123,0.00,0.000,0.9,1.8,0.6,10,39,1.2,2.1,0.5,25,47,1.2,2.1,0.5,25,47,0,28.94,0.6,0,0,0,40.3,43.9,47.3,0.34,0.32,0.20
TULL,2019-11-08 21:35:00 EST,42.79463,-76.11555,1241,17.8,20.1,17.8,90.0,15.3,0.000,0.123,0.00,0.000,0.5,1.9,0.6,129,19,0.7,2.0,0.7,120,22,0.7,2.0,0.7,120,22,0,28.94,0.6,0,0,0,40.3,43.9,47.3,0.34,0.32,0.20
TULL,2019-11-08 21:40:00 EST,42.79463,-76.11555,1241,17.5,19.0,17.5,88.5,14.7,0.000,0.123,0.00,0.000,0.6,1.5,0.4,100,10,1.0,1.7,0.4,101,18,1.0,1.7,0.4,101,18,0,28.94,0.7,0,0,0,40.3,43.9,47.3,0.33,0.32,0.20
TULL,2019-11-08 21:45:00 EST,42.79463,-76.11555,1241,16.5,19.9,16.5,90.0,14.1,0.000,0.123,0.00,0.000,1.0,2.6,0.8,124,11,1.2,2.6,0.7,121,15,1.2,2.6,0.7,121,15,0,28.94,0.6,0,0,0,40.3,43.9,47.3,0.33,0.32,0.20
TULL,2019-11-08 21:50:00 EST,42.79463,-76.11555,1241,16.7,19.1,16.7,90.7,14.4,0.000,0.123,0.00,0.000,1.9,2.8,0.3,39,29,2.1,3.2,0.4,38,28,2.1,3.2,0.4,38,28,0,28.94,0.0,0,0,0,40.3,43.9,47.3,0.33,0.32,0.20
TULL,2019-11-08 21:55:00 EST,42.79463,-76.11555,1241,16.3,19.7,16.3,91.0,14.1,0.000,0.123,0.00,0.000,2.0,2.8,0.4,25,20,2.2,3.2,0.5,27,21,2.2,3.2,0.5,27,21,0,28.94,0.5,0,0,0,40.3,43.9,47.3,0.33,0.32,0.20
TULL,2019-11-08 22:00:00 EST,42.79463,-76.11555,1241,17.0,19.3,17.0,92.0,15.1,0.000,0.123,0.00,0.000,0.9,2.3,0.8,312,28,1.1,2.6,0.9,315,30,1.1,2.6,0.9,315,30,0,28.94,0.6,0,0,0,40.3,43.9,47.3,0.33,0.32,0.20
TULL,2019-11-08 22:05:00 EST,42.79463,-76.11555,1241,16.4,19.3,16.4,91.3,14.3,0.000,0.123,0.00,0.000,1.1,2.2,0.5,291,24,1.4,2.5,0.3,294,23,1.4,2.5,0.3,294,23,0,28.94,0.4,0,0,0,40.3,43.9,47.3,0.33,0.32,0.20
TULL,2019-11-08 22:10:00 EST,42.79463,-76.11555,1241,16.4,19.9,16.4,90.9,14.3,0.000,0.123,0.00,0.000,0.4,1.7,0.5,270,11,0.7,2.1,0.7,275,22,0.7,2.1,0.7,275,22,0,28.94,0.7,0,0,0,40.3,43.9,47.3,0.33,0.32,0.20
TULL,2019-11-08 22:15:00 EST,42.79463,-76.11555,1241,16.4,19.3,16.4,91.2,14.3,0.000,0.123,0.00,0.000,0.1,0.9,0.2,239,1,0.4,1.3,0.5,141,38,0.4,1.3,0.5,141,38,0,28.94,0.5,0,0,0,40.3,43.9,47.3,0.33,0.32,0.20
TULL,2019-11-08 22:20:00 EST,42.79463,-76.11555,1241,15.9,18.8,15.9,91.7,13.9,0.000,0.123,0.00,0.000,0.1,0.4,0.1,286,10,0.6,1.3,0.5,25,53,0.6,1.3,0.5,25,53,0,28.94,0.1,0,0,0,40.3,43.9,47.3,0.33,0.32,0.20
TULL,2019-11-08 22:25:00 EST,42.79463,-76.11555,1241,15.7,18.7,15.7,91.5,13.7,0.000,0.123,0.00,0.000,0.9,1.7,0.5,54,20,1.2,2.0,0.5,56,24,1.2,2.0,0.5,56,24,0,28.93,0.4,0,0,0,40.3,43.9,47.3,0.33,0.32,0.20
TULL,2019-11-08 22:30:00 EST,42.79463,-76.11555,1241,14.7,18.7,14.7,89.5,12.2,0.000,0.123,0.00,0.000,1.1,2.6,0.4,346,34,1.5,2.9,0.5,357,35,1.5,2.9,0.5,357,35,0,28.93,0.5,0,0,0,40.3,43.9,47.3,0.33,0.32,0.20
TULL,2019-11-08 22:35:00 EST,42.79463,-76.11555,1241,16.1,19.4,16.1,91.5,14.1,0.000,0.123,0.00,0.000,2.3,5.0,1.3,209,35,2.6,5.3,1.4,211,33,2.6,5.3,1.4,211,33,0,28.93,0.4,0,0,0,40.3,43.8,47.3,0.34,0.32,0.20
TULL,2019-11-08 22:40:00 EST,42.79463,-76.11555,1241,16.0,18.2,10.7,88.5,13.2,0.000,0.123,0.00,0.000,3.0,4.6,0.9,224,32,3.3,5.1,0.9,226,33,3.3,5.1,0.9,226,33,0,28.93,0.7,0,0,0,40.3,43.9,47.3,0.33,0.32,0.20
TULL,2019-11-08 22:45:00 EST,42.79463,-76.11555,1241,15.9,18.0,15.9,87.4,12.8,0.000,0.123,0.00,0.000,2.7,4.5,0.9,206,12,2.9,4.7,0.9,208,11,2.9,4.7,0.9,208,11,0,28.93,0.7,0,0,0,40.3,43.8,47.3,0.33,0.32,0.20
TULL,2019-11-08 22:50:00 EST,42.79463,-76.11555,1241,16.2,17.4,9.8,88.1,13.3,0.000,0.123,0.00,0.000,3.7,5.0,0.7,188,10,4.0,5.4,0.7,190,9,4.0,5.4,0.7,190,9,0,28.93,0.7,0,0,0,40.3,43.9,47.3,0.33,0.32,0.20
TULL,2019-11-08 22:55:00 EST,42.79463,-76.11555,1241,15.7,17.0,15.7,88.0,12.8,0.000,0.123,0.00,0.000,2.5,3.8,0.7,176,11,2.7,4.3,0.8,180,13,2.7,4.3,0.8,180,13,0,28.93,0.7,0,0,0,40.3,43.8,47.3,0.33,0.32,0.20
TULL,2019-11-08 23:00:00 EST,42.79463,-76.11555,1241,15.7,16.7,15.7,88.5,12.9,0.000,0.123,0.00,0.000,2.0,3.1,0.6,177,9,2.2,3.4,0.6,181,12,2.2,3.4,0.6,181,12,0,28.93,0.7,0,0,0,40.3,43.8,47.3,0.33,0.32,0.20
TULL,2019-11-08 23:05:00 EST,42.79463,-76.11555,1241,15.3,16.6,15.3,88.9,12.6,0.000,0.123,0.00,0.000,1.8,2.9,0.4,206,14,2.0,3.3,0.5,208,16,2.0,3.3,0.5,208,16,0,28.93,0.8,0,0,0,40.3,43.8,47.3,0.33,0.32,0.20
TULL,2019-11-08 23:10:00 EST,42.79463,-76.11555,1241,15.2,16.9,15.2,89.9,12.8,0.000,0.123,0.00,0.000,1.4,3.4,0.9,251,39,1.6,3.7,0.9,253,38,1.6,3.7,0.9,253,38,0,28.93,0.8,0,0,0,40.3,43.7,47.3,0.33,0.32,0.20
TULL,2019-11-08 23:15:00 EST,42.79463,-76.11555,1241,15.5,16.9,15.5,91.0,13.4,0.000,0.123,0.00,0.000,0.6,1.6,0.5,173,20,0.8,2.0,0.6,168,44,0.8,2.0,0.6,168,44,0,28.93,0.4,0,0,0,40.3,43.8,47.3,0.33,0.32,0.20
TULL,2019-11-08 23:20:00 EST,42.79463,-76.11555,1241,15.2,16.9,15.2,90.3,12.9,0.000,0.123,0.00,0.000,0.2,0.9,0.3,339,2,1.0,1.8,0.4,2,21,1.0,1.8,0.4,2,21,0,28.93,0.5,0,0,0,40.3,43.7,47.3,0.33,0.32,0.20
TULL,2019-11-08 23:25:00 EST,42.79463,-76.11555,1241,14.9,17.4,14.9,90.0,12.5,0.000,0.123,0.00,0.000,1.4,2.3,0.6,6,20,1.8,3.1,0.8,11,20,1.8,3.1,0.8,11,20,0,28.93,0.8,0,0,0,40.3,43.7,47.3,0.33,0.32,0.20
TULL,2019-11-08 23:30:00 EST,42.79463,-76.11555,1241,14.7,17.3,14.7,90.5,12.4,0.000,0.123,0.00,0.000,0.6,2.0,0.6,260,53,1.1,2.8,0.7,289,59,1.1,2.8,0.7,289,59,0,28.93,0.7,0,0,0,40.3,43.7,47.3,0.33,0.32,0.20
TULL,2019-11-08 23:35:00 EST,42.79463,-76.11555,1241,14.9,16.6,14.9,90.3,12.6,0.000,0.123,0.00,0.000,2.2,4.1,0.6,198,14,2.3,4.4,0.7,202,15,2.3,4.4,0.7,202,15,0,28.93,0.5,0,0,0,40.3,43.8,47.3,0.33,0.32,0.20
TULL,2019-11-08 23:40:00 EST,42.79463,-76.11555,1241,13.9,16.5,13.9,88.9,11.3,0.000,0.123,0.00,0.000,2.3,3.8,0.6,183,11,2.7,4.3,0.7,186,11,2.7,4.3,0.7,186,11,0,28.93,0.4,0,0,0,40.3,43.7,47.3,0.33,0.32,0.20
TULL,2019-11-08 23:45:00 EST,42.79463,-76.11555,1241,15.1,17.1,10.0,90.5,12.8,0.000,0.123,0.00,0.000,2.9,5.3,0.9,191,12,3.1,5.6,1.0,192,12,3.1,5.6,1.0,192,12,0,28.93,0.7,0,0,0,40.3,43.7,47.3,0.33,0.32,0.20
TULL,2019-11-08 23:50:00 EST,42.79463,-76.11555,1241,15.8,16.7,9.7,90.1,13.4,0.000,0.123,0.00,0.000,3.6,5.0,0.7,200,8,3.8,5.2,0.7,202,9,3.8,5.2,0.7,202,9,0,28.93,0.7,0,0,0,40.3,43.7,47.3,0.33,0.32,0.20
TULL,2019-11-08 23:55:00 EST,42.79463,-76.11555,1241,15.7,16.4,8.8,88.8,13.0,0.000,0.123,0.00,0.000,4.0,5.6,0.8,196,9,4.3,6.3,0.9,198,9,4.3,6.3,0.9,198,9,0,28.93,0.8,0,0,0,40.3,43.7,47.2,0.33,0.32,0.20
TUPP,2019-11-08 00:00:00 EST,44.22128,-74.43826,1650,18.6,18.8,13.9,89.2,15.9,0.000,0.134,0.00,0.000,2.8,5.8,1.1,300,15,3.1,6.0,1.2,297,16,3.1,6.0,1.2,297,16,0,28.27,0.2,0,0,0,40.3,44.1,47.3,0.27,0.33,0.24
TUPP,2019-11-08 00:05:00 EST,44.22128,-74.43826,1650,18.6,18.8,18.6,89.2,15.9,0.000,0.000,0.00,0.000,2.4,4.3,0.8,293,16,2.7,4.8,0.8,294,16,2.7,4.8,0.8,294,16,0,28.27,0.1,0,0,0,40.3,44.1,47.3,0.27,0.33,0.24
TUPP,2019-11-08 00:10:00 EST,44.22128,-74.43826,1650,18.4,18.7,13.9,89.4,15.8,0.000,0.000,0.00,0.000,2.7,5.1,1.2,297,20,3.0,6.1,1.2,298,20,3.0,6.1,1.2,298,20,0,28.27,0.2,0,0,0,40.3,44.1,47.3,0.27,0.33,0.24
TUPP,2019-11-08 00:15:00 EST,44.22128,-74.43826,1650,18.5,18.8,13.9,89.7,16.0,0.000,0.000,0.00,0.000,2.7,4.2,0.8,290,21,3.0,5.1,0.9,291,19,3.0,5.1,0.9,291,19,0,28.27,0.2,0,0,0,40.3,44.1,47.3,0.27,0.33,0.24
TUPP,2019-11-08 00:20:00 EST,44.22128,-74.43826,1650,18.4,18.6,18.4,89.5,15.8,0.000,0.000,0.00,0.000,2.3,4.5,0.8,284,18,2.7,5.8,0.9,284,18,2.7,5.8,0.9,284,18,0,28.27,0.1,0,0,0,40.3,44.1,47.3,0.26,0.33,0.24
TUPP,2019-11-08 00:25:00 EST,44.22128,-74.43826,1650,18.2,18.5,13.7,89.1,15.5,0.000,0.000,0.00,0.000,2.7,4.8,0.9,292,17,3.0,5.9,1.1,291,16,3.0,5.9,1.1,291,16,0,28.27,0.1,0,0,0,40.2,44.1,47.3,0.26,0.33,0.24
TUPP,2019-11-08 00:30:00 EST,44.22128,-74.43826,1650,18.2,18.5,18.2,89.0,15.5,0.000,0.000,0.00,0.000,2.3,4.0,0.6,295,14,2.6,4.5,0.7,295,13,2.6,4.5,0.7,295,13,0,28.27,0.1,0,0,0,40.1,44.1,47.3,0.26,0.33,0.24
TUPP,2019-11-08 00:35:00 EST,44.22128,-74.43826,1650,18.0,18.4,18.0,89.2,15.4,0.000,0.000,0.00,0.000,2.1,4.7,0.8,279,18,2.4,6.1,0.9,279,18,2.4,6.1,0.9,279,18,0,28.27,0.2,0,0,0,40.1,44.1,47.3,0.27,0.33,0.24
TUPP,2019-11-08 00:40:00 EST,44.22128,-74.43826,1650,17.2,18.4,17.2,89.6,14.7,0.000,0.000,0.00,0.000,1.8,3.1,0.5,245,16,2.0,3.4,0.5,245,18,2.0,3.4,0.5,245,18,0,28.27,-0.0,0,0,0,40.1,44.1,47.3,0.26,0.33,0.24
TUPP,2019-11-08 00:45:00 EST,44.22128,-74.43826,1650,16.9,18.2,16.9,91.0,14.7,0.000,0.000,0.00,0.000,1.8,3.0,0.5,248,18,2.0,3.3,0.5,247,20,2.0,3.3,0.5,247,20,0,28.27,0.1,0,0,0,40.1,44.1,47.3,0.26,0.33,0.24
TUPP,2019-11-08 00:50:00 EST,44.22128,-74.43826,1650,17.7,18.2,17.7,93.0,16.0,0.000,0.000,0.00,0.000,1.7,2.7,0.4,253,11,2.0,3.6,0.5,252,14,2.0,3.6,0.5,252,14,0,28.26,-0.0,0,0,0,40.1,44.0,47.3,0.26,0.33,0.24
TUPP,2019-11-08 00:55:00 EST,44.22128,-74.43826,1650,17.8,18.1,17.8,92.7,16.1,0.000,0.000,0.00,0.000,2.0,3.4,0.5,243,10,2.3,4.0,0.6,243,12,2.3,4.0,0.6,243,12,0,28.26,0.1,0,0,0,40.1,44.0,47.3,0.26,0.33,0.24
TUPP,2019-11-08 01:00:00 EST,44.22128,-74.43826,1650,17.7,18.0,17.7,91.9,15.8,0.000,0.000,0.00,0.000,2.6,4.5,0.9,244,14,2.9,5.6,1.0,243,13,2.9,5.6,1.0,243,13,0,28.26,0.2,0,0,0,39.9,44.1,47.3,0.26,0.33,0.24
TUPP,2019-11-08 01:05:00 EST,44.22128,-74.43826,1650,17.7,17.9,17.7,91.7,15.7,0.000,0.000,0.00,0.000,2.6,4.5,0.7,243,15,2.9,5.4,0.8,243,14,2.9,5.4,0.8,243,14,0,28.26,0.1,0,0,0,39.9,44.1,47.3,0.26,0.33,0.24
TUPP,2019-11-08 01:10:00 EST,44.22128,-74.43826,1650,17.5,17.8,17.5,91.4,15.5,0.000,0.000,0.00,0.000,1.8,3.2,0.5,244,12,2.1,3.7,0.5,240,13,2.1,3.7,0.5,240,13,0,28.26,0.0,0,0,0,39.9,43.9,47.3,0.26,0.33,0.24
TUPP,2019-11-08 01:15:00 EST,44.22128,-74.43826,1650,17.0,17.7,17.0,91.3,14.9,0.000,0.000,0.00,0.000,1.2,2.5,0.6,245,11,1.4,3.5,0.7,245,17,1.4,3.5,0.7,245,17,0,28.26,0.1,0,0,0,39.9,43.9,47.3,0.26,0.33,0.24
TUPP,2019-11-08 01:20:00 EST,44.22128,-74.43826,1650,17.0,17.6,17.0,91.9,15.0,0.000,0.000,0.00,0.000,1.4,2.1,0.4,233,10,1.6,2.9,0.4,233,12,1.6,2.9,0.4,233,12,0,28.25,0.1,0,0,0,39.9,43.9,47.3,0.26,0.33,0.24
TUPP,2019-11-08 01:25:00 EST,44.22128,-74.43826,1650,16.4,17.3,16.4,92.3,14.6,0.000,0.000,0.00,0.000,1.3,2.0,0.5,273,12,1.6,2.5,0.5,276,13,1.6,2.5,0.5,276,13,0,28.25,-0.1,0,0,0,39.9,43.9,47.3,0.26,0.33,0.24
TUPP,2019-11-08 01:30:00 EST,44.22128,-74.43826,1650,16.0,17.6,16.0,93.0,14.3,0.000,0.000,0.00,0.000,2.4,3.3,0.4,262,7,2.8,4.0,0.4,262,9,2.8,4.0,0.4,262,9,0,28.25,-0.1,0,0,0,39.9,43.9,47.3,0.26,0.33,0.24
TUPP,2019-11-08 01:35:00 EST,44.22128,-74.43826,1650,16.2,17.5,16.2,93.6,14.7,0.000,0.000,0.00,0.000,2.6,4.3,0.7,275,15,3.0,5.6,0.9,276,16,3.0,5.6,0.9,276,16,0,28.26,0.1,0,0,0,39.9,43.9,47.3,0.26,0.33,0.24
TUPP,2019-11-08 01:40:00 EST,44.22128,-74.43826,1650,17.0,17.5,17.0,92.6,15.2,0.000,0.000,0.00,0.000,2.0,5.1,1.0,282,29,2.2,5.9,1.1,285,29,2.2,5.9,1.1,285,29,0,28.26,0.2,0,0,0,39.8,43.9,47.3,0.26,0.33,0.24
TUPP,2019-11-08 01:45:00 EST,44.22128,-74.43826,1650,17.3,17.7,12.3,90.3,15.0,0.000,0.000,0.00,0.000,3.0,5.0,0.7,295,20,3.2,5.8,0.9,295,20,3.2,5.8,0.9,295,20,0,28.26,0.1,0,0,0,39.7,43.9,47.3,0.26,0.33,0.24
TUPP,2019-11-08 01:50:00 EST,44.22128,-74.43826,1650,17.4,17.8,10.9,86.4,14.1,0.000,0.000,0.00,0.000,3.7,8.0,1.3,302,23,4.3,8.0,1.5,301,24,4.3,8.0,1.5,301,24,0,28.25,0.2,0,0,0,39.7,43.9,47.3,0.26,0.33,0.24
TUPP,2019-11-08 01:55:00 EST,44.22128,-74.43826,1650,17.5,17.7,12.2,83.7,13.4,0.000,0.000,0.00,0.000,3.1,6.5,1.1,292,21,3.4,7.3,1.2,292,21,3.4,7.3,1.2,292,21,0,28.25,0.1,0,0,0,39.7,43.9,47.3,0.26,0.33,0.24
TUPP,2019-11-08 02:00:00 EST,44.22128,-74.43826,1650,17.3,17.5,10.9,83.5,13.1,0.000,0.000,0.00,0.000,3.8,6.2,1.1,295,13,4.1,7.3,1.2,295,11,4.1,7.3,1.2,295,11,0,28.25,0.1,0,0,0,39.7,43.9,47.3,0.26,0.33,0.24
TUPP,2019-11-08 02:05:00 EST,44.22128,-74.43826,1650,17.2,17.4,11.3,83.7,13.1,0.000,0.000,0.00,0.000,3.4,6.4,1.2,297,15,3.8,7.7,1.4,297,14,3.8,7.7,1.4,297,14,0,28.25,0.1,0,0,0,39.7,43.9,47.3,0.26,0.33,0.24
TUPP,2019-11-08 02:10:00 EST,44.22128,-74.43826,1650,16.9,17.2,16.9,84.1,13.0,0.000,0.000,0.00,0.000,2.4,5.0,0.9,295,18,2.6,5.8,1.0,295,16,2.6,5.8,1.0,295,16,0,28.25,0.1,0,0,0,39.7,43.9,47.3,0.26,0.33,0.24
TUPP,2019-11-08 02:15:00 EST,44.22128,-74.43826,1650,17.0,17.2,12.2,84.6,13.1,0.000,0.000,0.00,0.000,2.7,4.6,0.8,295,20,3.1,5.6,1.0,297,20,3.1,5.6,1.0,297,20,0,28.25,0.2,0,0,0,39.6,43.9,47.3,0.26,0.33,0.24
TUPP,2019-11-08 02:20:00 EST,44.22128,-74.43826,1650,16.6,17.1,16.6,83.9,12.6,0.000,0.000,0.00,0.000,2.6,5.7,1.2,288,19,2.9,6.5,1.3,288,18,2.9,6.5,1.3,288,18,0,28.25,0.1,0,0,0,39.6,43.9,47.3,0.26,0.33,0.24
TUPP,2019-11-08 02:25:00 EST,44.22128,-74.43826,1650,16.7,17.0,16.7,84.2,12.7,0.000,0.000,0.00,0.000,2.4,6.0,0.9,290,27,2.7,7.3,1.1,289,25,2.7,7.3,1.1,289,25,0,28.25,0.2,0,0,0,39.6,43.9,47.3,0.26,0.33,0.24
TUPP,2019-11-08 02:30:00 EST,44.22128,-74.43826,1650,16.8,17.1,9.8,83.3,12.6,0.000,0.000,0.00,0.000,4.2,8.0,1.1,297,20,4.5,8.8,1.4,298,17,4.5,8.8,1.4,298,17,0,28.25,0.2,0,0,0,39.6,43.9,47.3,0.26,0.33,0.24
TUPP,2019-11-08 02:35:00 EST,44.22128,-74.43826,1650,16.8,17.0,10.4,82.9,12.5,0.000,0.000,0.00,0.000,3.9,8.5,1.9,299,20,4.1,8.4,2.0,301,18,4.1,8.4,2.0,301,18,0,28.25,0.2,0,0,0,39.6,43.9,47.3,0.26,0.33,0.24
TUPP,2019-11-08 02:40:00 EST,44.22128,-74.43826,1650,16.6,16.8,11.1,83.8,12.5,0.000,0.000,0.00,0.000,3.2,8.0,1.5,304,19,3.4,8.6,1.6,304,20,3.4,8.6,1.6,304,20,0,28.25,0.1,0,0,0,39.6,43.9,47.3,0.26,0.33,0.24
TUPP,2019-11-08 02:45:00 EST,44.22128,-74.43826,1650,16.6,16.8,10.3,84.6,12.8,0.000,0.000,0.00,0.000,3.4,7.2,1.2,293,21,4.0,8.6,1.4,294,21,4.0,8.6,1.4,294,21,0,28.25,0.2,0,0,0,39.6,43.9,47.3,0.26,0.33,0.24
TUPP,2019-11-08 02:50:00 EST,44.22128,-74.43826,1650,16.6,16.7,9.8,85.0,12.8,0.000,0.000,0.00,0.000,3.9,9.2,1.8,297,18,4.3,12.0,2.2,296,17,4.3,12.0,2.2,296,17,0,28.25,0.2,0,0,0,39.6,43.9,47.3,0.26,0.33,0.24
TUPP,2019-11-08 02:55:00 EST,44.22128,-74.43826,1650,16.4,16.7,10.1,85.5,12.8,0.000,0.000,0.00,0.000,3.5,7.0,1.2,285,16,4.0,7.8,1.5,286,15,4.0,7.8,1.5,286,15,0,28.25,0.2,0,0,0,39.6,43.9,47.3,0.26,0.33,0.24
TUPP,2019-11-08 03:00:00 EST,44.22128,-74.43826,1650,16.4,16.5,9.3,85.9,12.9,0.000,0.000,0.00,0.000,4.3,7.9,1.5,297,22,4.6,8.9,1.7,298,20,4.6,8.9,1.7,298,20,0,28.25,0.1,0,0,0,39.5,43.9,47.3,0.26,0.33,0.24
TUPP,2019-11-08 03:05:00 EST,44.22128,-74.43826,1650,16.2,16.3,9.7,85.8,12.7,0.000,0.000,0.00,0.000,3.8,6.4,1.2,296,16,4.1,8.1,1.4,296,16,4.1,8.1,1.4,296,16,0,28.25,0.1,0,0,0,39.4,43.9,47.3,0.26,0.33,0.24
TUPP,2019-11-08 03:10:00 EST,44.22128,-74.43826,1650,16.2,16.2,8.4,86.2,12.8,0.000,0.000,0.00,0.000,4.4,7.0,1.3,292,17,5.0,9.0,1.6,291,15,5.0,9.0,1.6,291,15,0,28.25,0.2,0,0,0,39.4,43.9,47.3,0.26,0.33,0.24
TUPP,2019-11-08 03:15:00 EST,44.22128,-74.43826,1650,15.9,16.0,10.2,86.6,12.6,0.000,0.000,0.00,0.000,3.2,5.6,0.9,297,18,3.5,7.6,1.1,298,17,3.5,7.6,1.1,298,17,0,28.25,0.1,0,0,0,39.4,43.9,47.3,0.26,0.33,0.24
TUPP,2019-11-08 03:20:00 EST,44.22128,-74.43826,1650,15.8,15.9,8.6,86.9,12.6,0.000,0.000,0.00,0.000,3.9,7.3,1.3,294,18,4.5,8.5,1.6,293,17,4.5,8.5,1.6,293,17,0,28.25,0.2,0,0,0,39.4,43.9,47.3,0.26,0.33,0.24
TUPP,2019-11-08 03:25:00 EST,44.22128,-74.43826,1650,15.6,15.7,9.7,87.1,12.5,0.000,0.000,0.00,0.000,3.3,6.1,0.9,294,19,3.7,6.8,1.2,295,18,3.7,6.8,1.2,295,18,0,28.25,0.1,0,0,0,39.4,43.9,47.3,0.26,0.33,0.24
TUPP,2019-11-08 03:30:00 EST,44.22128,-74.43826,1650,15.5,15.6,8.5,87.8,12.5,0.000,0.000,0.00,0.000,3.9,6.9,1.3,298,20,4.3,7.9,1.4,299,18,4.3,7.9,1.4,299,18,0,28.25,0.1,0,0,0,39.4,43.8,47.3,0.26,0.33,0.24
TUPP,2019-11-08 03:35:00 EST,44.22128,-74.43826,1650,15.4,15.5,9.8,88.1,12.5,0.000,0.000,0.00,0.000,3.0,5.0,0.9,299,23,3.4,6.7,1.2,299,20,3.4,6.7,1.2,299,20,0,28.25,0.2,0,0,0,39.4,43.7,47.3,0.26,0.33,0.24
TUPP,2019-11-08 03:40:00 EST,44.22128,-74.43826,1650,15.4,15.5,9.1,88.3,12.6,0.000,0.000,0.00,0.000,3.5,7.0,1.4,302,18,3.9,7.3,1.5,302,17,3.9,7.3,1.5,302,17,0,28.25,0.2,0,0,0,39.3,43.7,47.3,0.26,0.33,0.24
TUPP,2019-11-08 03:45:00 EST,44.22128,-74.43826,1650,15.4,15.5,9.0,88.3,12.5,0.000,0.000,0.00,0.000,3.5,7.1,1.5,299,17,3.9,8.6,1.6,299,17,3.9,8.6,1.6,299,17,0,28.25,0.2,0,0,0,39.3,43.7,47.3,0.26,0.33,0.24
TUPP,2019-11-08 03:50:00 EST,44.22128,-74.43826,1650,15.3,15.4,8.9,88.4,12.5,0.000,0.000,0.00,0.000,3.8,7.1,1.2,300,17,3.9,8.7,1.4,300,16,3.9,8.7,1.4,300,16,0,28.25,0.3,0,0,0,39.2,43.7,47.3,0.26,0.33,0.24
TUPP,2019-11-08 03:55:00 EST,44.22128,-74.43826,1650,15.2,15.4,10.3,88.4,12.4,0.000,0.000,0.00,0.000,2.8,5.4,1.0,296,17,3.0,6.3,1.1,296,17,3.0,6.3,1.1,296,17,0,28.25,0.2,0,0,0,39.2,43.7,47.3,0.26,0.33,0.24
TUPP,2019-11-08 04:00:00 EST,44.22128,-74.43826,1650,15.3,15.5,9.4,89.3,12.8,0.000,0.000,0.00,0.000,3.3,5.4,0.9,298,16,3.6,6.7,1.2,296,16,3.6,6.7,1.2,296,16,0,28.25,0.3,0,0,0,39.2,43.7,47.3,0.26,0.33,0.24
TUPP,2019-11-08 04:05:00 EST,44.22128,-74.43826,1650,15.6,15.6,10.5,89.5,13.0,0.000,0.000,0.00,0.000,2.7,5.4,0.9,293,17,3.1,6.2,1.0,293,14,3.1,6.2,1.0,293,14,0,28.25,0.2,0,0,0,39.2,43.7,47.3,0.26,0.33,0.24
TUPP,2019-11-08 04:10:00 EST,44.22128,-74.43826,1650,15.4,15.6,15.4,89.4,12.8,0.000,0.000,0.00,0.000,1.8,3.1,0.5,275,16,2.2,3.6,0.5,277,14,2.2,3.6,0.5,277,14,0,28.25,0.3,0,0,0,39.2,43.7,47.3,0.26,0.33,0.24
TUPP,2019-11-08 04:15:00 EST,44.22128,-74.43826,1650,15.6,15.6,15.6,90.4,13.2,0.000,0.000,0.00,0.000,2.1,4.2,0.5,264,14,2.6,4.6,0.6,266,14,2.6,4.6,0.6,266,14,0,28.25,0.2,0,0,0,39.2,43.7,47.3,0.26,0.33,0.24
TUPP,2019-11-08 04:20:00 EST,44.22128,-74.43826,1650,15.6,15.6,15.6,90.8,13.4,0.000,0.000,0.00,0.000,2.4,3.7,0.6,268,17,3.0,4.8,0.7,269,16,3.0,4.8,0.7,269,16,0,28.25,0.2,0,0,0,39.2,43.7,47.3,0.26,0.33,0.24
TUPP,2019-11-08 04:25:00 EST,44.22128,-74.43826,1650,15.7,15.6,15.7,90.7,13.4,0.000,0.000,0.00,0.000,2.2,4.3,0.7,272,18,2.7,5.6,0.9,273,16,2.7,5.6,0.9,273,16,0,28.25,0.2,0,0,0,39.2,43.7,47.3,0.26,0.33,0.24
TUPP,2019-11-08 04:30:00 EST,44.22128,-74.43826,1650,15.6,15.6,9.6,90.6,13.3,0.000,0.000,0.00,0.000,3.2,6.4,1.2,262,18,3.7,7.9,1.4,262,16,3.7,7.9,1.4,262,16,0,28.25,0.2,0,0,0,39.2,43.7,47.2,0.26,0.33,0.24
TUPP,2019-11-08 04:35:00 EST,44.22128,-74.43826,1650,15.4,15.4,8.2,90.6,13.2,0.000,0.000,0.00,0.000,3.9,6.6,0.9,263,18,4.6,7.3,1.2,263,17,4.6,7.3,1.2,263,17,0,28.26,0.2,0,0,0,39.2,43.7,47.2,0.26,0.33,0.24
TUPP,2019-11-08 04:40:00 EST,44.22128,-74.43826,1650,15.4,15.3,9.9,90.9,13.2,0.000,0.000,0.00,0.000,2.8,6.1,1.0,278,20,3.3,8.0,1.2,280,19,3.3,8.0,1.2,280,19,0,28.26,0.3,0,0,0,39.2,43.7,47.2,0.26,0.33,0.24
TUPP,2019-11-08 04:45:00 EST,44.22128,-74.43826,1650,15.5,15.4,7.2,91.4,13.4,0.000,0.000,0.00,0.000,4.7,9.2,1.4,287,23,5.5,9.6,1.8,288,22,5.5,9.6,1.8,288,22,0,28.26,0.2,0,0,0,39.2,43.7,47.1,0.26,0.33,0.24
TUPP,2019-11-08 04:50:00 EST,44.22128,-74.43826,1650,15.5,15.3,8.6,91.2,13.4,0.000,0.000,0.00,0.000,3.7,7.8,1.2,299,22,4.3,7.3,1.3,297,21,4.3,7.3,1.3,297,21,0,28.26,0.2,0,0,0,39.2,43.7,47.1,0.26,0.33,0.24
TUPP,2019-11-08 04:55:00 EST,44.22128,-74.43826,1650,15.4,15.2,8.4,91.3,13.4,0.000,0.000,0.00,0.000,3.8,7.4,1.4,286,23,4.4,9.0,1.6,287,21,4.4,9.0,1.6,287,21,0,28.26,0.2,0,0,0,39.2,43.7,47.1,0.26,0.33,0.24
TUPP,2019-11-08 05:00:00 EST,44.22128,-74.43826,1650,15.3,15.1,7.2,91.4,13.3,0.000,0.000,0.00,0.000,4.7,10.6,1.9,300,20,5.2,11.2,2.0,298,18,5.2,11.2,2.0,298,18,0,28.26,0.3,0,0,0,39.2,43.7,47.1,0.26,0.33,0.24
TUPP,2019-11-08 05:05:00 EST,44.22128,-74.43826,1650,15.3,15.0,7.7,91.3,13.2,0.000,0.000,0.00,0.000,4.3,6.7,1.1,303,18,4.8,8.6,1.3,303,17,4.8,8.6,1.3,303,17,0,28.26,0.3,0,0,0,39.2,43.7,47.1,0.26,0.33,0.24
TUPP,2019-11-08 05:10:00 EST,44.22128,-74.43826,1650,15.3,15.0,6.6,91.5,13.3,0.000,0.000,0.00,0.000,5.2,10.5,1.8,314,22,5.8,11.4,2.0,315,22,5.8,11.4,2.0,315,22,0,28.26,0.3,0,0,0,39.2,43.7,47.1,0.26,0.33,0.24
TUPP,2019-11-08 05:15:00 EST,44.22128,-74.43826,1650,15.3,15.1,7.7,91.5,13.3,0.000,0.000,0.00,0.000,4.6,9.4,1.5,307,19,4.8,9.4,1.6,306,20,4.8,9.4,1.6,306,20,0,28.26,0.3,0,0,0,39.2,43.7,47.1,0.26,0.33,0.24
TUPP,2019-11-08 05:20:00 EST,44.22128,-74.43826,1650,15.4,15.1,8.0,91.6,13.4,0.000,0.000,0.00,0.000,4.0,7.2,1.7,289,27,4.7,8.2,1.8,287,27,4.7,8.2,1.8,287,27,0,28.26,0.3,0,0,0,39.2,43.6,47.1,0.26,0.33,0.24
TUPP,2019-11-08 05:25:00 EST,44.22128,-74.43826,1650,15.4,15.2,8.2,91.6,13.4,0.000,0.000,0.00,0.000,4.1,6.4,1.2,288,22,4.6,7.5,1.4,288,22,4.6,7.5,1.4,288,22,0,28.26,0.3,0,0,0,39.2,43.5,47.1,0.26,0.33,0.24
TUPP,2019-11-08 05:30:00 EST,44.22128,-74.43826,1650,15.6,15.3,8.0,91.9,13.6,0.000,0.000,0.00,0.000,4.4,9.6,1.6,299,23,4.8,9.4,1.8,300,21,4.8,9.4,1.8,300,21,0,28.26,0.2,0,0,0,39.2,43.5,47.1,0.26,0.33,0.24
TUPP,2019-11-08 05:35:00 EST,44.22128,-74.43826,1650,15.7,15.4,8.3,91.9,13.7,0.000,0.000,0.00,0.000,4.2,7.8,1.5,306,24,4.7,8.2,1.6,305,24,4.7,8.2,1.6,305,24,0,28.27,0.3,0,0,0,39.2,43.5,47.1,0.26,0.33,0.24
TUPP,2019-11-08 05:40:00 EST,44.22128,-74.43826,1650,15.7,15.5,6.4,91.8,13.7,0.000,0.000,0.00,0.000,5.6,10.2,1.9,291,20,6.4,11.8,2.2,292,18,6.4,11.8,2.2,292,18,0,28.27,0.2,0,0,0,39.1,43.5,47.1,0.26,0.33,0.24
TUPP,2019-11-08 05:45:00 EST,44.22128,-74.43826,1650,15.7,15.5,7.6,91.7,13.7,0.000,0.000,0.00,0.000,4.6,8.1,1.7,279,18,5.3,9.3,2.0,280,17,5.3,9.3,2.0,280,17,0,28.27,0.2,0,0,0,39.0,43.5,47.1,0.26,0.33,0.24
TUPP,2019-11-08 05:50:00 EST,44.22128,-74.43826,1650,15.8,15.6,8.5,91.8,13.8,0.000,0.000,0.00,0.000,4.2,7.6,1.5,297,20,4.7,8.4,1.7,296,20,4.7,8.4,1.7,296,20,0,28.27,0.1,0,0,0,39.0,43.5,47.1,0.26,0.33,0.24
TUPP,2019-11-08 05:55:00 EST,44.22128,-74.43826,1650,15.9,15.7,9.0,91.9,14.0,0.002,0.002,0.00,0.002,4.1,8.2,1.5,299,23,4.4,9.6,1.6,301,20,4.4,9.6,1.6,301,20,0,28.27,-0.0,0,0,0,39.0,43.5,47.1,0.26,0.33,0.24
TUPP,2019-11-08 06:00:00 EST,44.22128,-74.43826,1650,16.0,15.8,10.0,92.1,14.1,0.000,0.002,0.00,0.002,3.0,6.6,1.5,268,21,3.8,8.5,1.8,269,20,3.8,8.5,1.8,269,20,0,28.27,0.1,0,0,0,39.0,43.5,47.1,0.26,0.33,0.24
TUPP,2019-11-08 06:05:00 EST,44.22128,-74.43826,1650,16.1,16.0,9.8,91.9,14.2,0.000,0.002,0.00,0.002,3.5,6.9,1.1,270,19,4.0,7.3,1.3,270,18,4.0,7.3,1.3,270,18,0,28.27,0.3,0,0,0,39.0,43.5,47.1,0.26,0.33,0.24
TUPP,2019-11-08 06:10:00 EST,44.22128,-74.43826,1650,16.2,16.1,10.5,91.7,14.2,0.000,0.002,0.00,0.002,3.1,5.7,1.4,268,24,3.6,6.3,1.5,267,24,3.6,6.3,1.5,267,24,0,28.27,0.2,0,0,0,39.0,43.5,47.1,0.26,0.33,0.24
TUPP,2019-11-08 06:15:00 EST,44.22128,-74.43826,1650,16.2,16.1,16.2,91.7,14.2,0.000,0.002,0.00,0.002,2.2,5.2,0.9,284,23,2.8,6.5,1.0,284,21,2.8,6.5,1.0,284,21,0,28.27,0.4,0,0,0,39.0,43.5,47.1,0.26,0.33,0.24
TUPP,2019-11-08 06:20:00 EST,44.22128,-74.43826,1650,16.3,16.2,16.3,91.5,14.3,0.000,0.002,0.00,0.002,2.2,4.9,1.2,276,18,2.7,6.0,1.3,278,16,2.7,6.0,1.3,278,16,0,28.27,0.2,0,0,0,39.0,43.5,47.1,0.26,0.33,0.24
TUPP,2019-11-08 06:25:00 EST,44.22128,-74.43826,1650,16.3,16.3,16.3,91.4,14.3,0.000,0.002,0.00,0.002,2.4,4.8,1.1,271,19,2.9,5.9,1.2,272,19,2.9,5.9,1.2,272,19,0,28.27,0.4,0,0,0,39.0,43.5,47.1,0.26,0.33,0.24
TUPP,2019-11-08 06:30:00 EST,44.22128,-74.43826,1650,16.6,16.5,9.2,91.6,14.6,0.000,0.002,0.00,0.002,4.3,8.7,1.7,299,20,4.8,10.1,1.7,299,21,4.8,10.1,1.7,299,21,0,28.27,0.3,0,0,0,39.0,43.5,47.1,0.26,0.33,0.24
TUPP,2019-11-08 06:35:00 EST,44.22128,-74.43826,1650,16.8,16.6,9.3,91.5,14.8,0.000,0.002,0.00,0.002,4.4,7.7,1.4,293,18,5.0,10.9,1.7,293,16,5.0,10.9,1.7,293,16,0,28.27,0.3,0,0,0,39.0,43.5,47.1,0.26,0.33,0.24
TUPP,2019-11-08 06:40:00 EST,44.22128,-74.43826,1650,16.9,16.7,8.4,91.3,14.8,0.000,0.002,0.00,0.002,5.1,9.4,1.9,287,22,5.8,10.7,2.2,286,21,5.8,10.7,2.2,286,21,1,28.28,0.4,0,0,0,39.0,43.5,47.1,0.26,0.33,0.24
TUPP,2019-11-08 06:45:00 EST,44.22128,-74.43826,1650,16.9,16.7,9.6,91.5,14.8,0.000,0.002,0.00,0.002,4.3,8.2,1.7,296,23,4.8,10.5,2.1,296,21,4.8,10.5,2.1,296,21,2,28.28,0.4,0,0,0,39.0,43.5,47.1,0.26,0.33,0.24
TUPP,2019-11-08 06:50:00 EST,44.22128,-74.43826,1650,17.0,16.8,8.9,91.6,14.9,0.000,0.002,0.00,0.002,4.7,10.4,1.9,290,21,5.4,11.9,2.1,290,21,5.4,11.9,2.1,290,21,3,28.28,0.4,0,0,0,39.0,43.5,47.1,0.26,0.33,0.24
TUPP,2019-11-08 06:55:00 EST,44.22128,-74.43826,1650,17.1,16.9,10.0,91.6,15.1,0.000,0.002,0.00,0.000,4.1,7.7,1.2,296,19,4.6,8.1,1.3,295,17,4.6,8.1,1.3,295,17,5,28.28,-0.2,0,0,0,39.0,43.5,47.1,0.26,0.33,0.24
TUPP,2019-11-08 07:00:00 EST,44.22128,-74.43826,1650,17.3,17.1,9.3,91.6,15.3,0.005,0.007,0.00,0.005,4.7,8.0,1.5,294,23,5.5,10.9,1.9,292,22,5.5,10.9,1.9,292,22,4,28.28,-0.2,0,0,0,39.0,43.5,47.1,0.26,0.33,0.24
TUPP,2019-11-08 07:05:00 EST,44.22128,-74.43826,1650,17.4,17.2,10.0,91.8,15.4,0.002,0.009,0.00,0.007,4.4,7.5,1.4,301,21,5.0,8.8,1.6,300,19,5.0,8.8,1.6,300,19,5,28.28,-0.2,0,0,0,38.9,43.4,47.1,0.26,0.33,0.24
TUPP,2019-11-08 07:10:00 EST,44.22128,-74.43826,1650,17.4,17.3,10.6,92.2,15.6,0.001,0.010,0.00,0.008,4.0,7.8,1.4,298,22,4.5,8.9,1.6,296,20,4.5,8.9,1.6,296,20,5,28.29,0.5,0,0,0,38.8,43.5,47.1,0.26,0.33,0.24
TUPP,2019-11-08 07:15:00 EST,44.22128,-74.43826,1650,17.5,17.4,12.2,92.4,15.7,0.000,0.010,0.00,0.008,3.0,6.1,1.1,296,20,3.4,6.6,1.3,296,18,3.4,6.6,1.3,296,18,7,28.29,0.6,0,0,0,38.8,43.4,47.1,0.26,0.33,0.24
TUPP,2019-11-08 07:20:00 EST,44.22128,-74.43826,1650,17.7,17.5,11.2,92.1,15.7,0.000,0.010,0.00,0.008,3.9,6.9,1.4,300,20,4.2,8.5,1.5,299,22,4.2,8.5,1.5,299,22,10,28.29,0.7,0,0,0,38.8,43.3,47.1,0.26,0.33,0.24
TUPP,2019-11-08 07:25:00 EST,44.22128,-74.43826,1650,17.8,17.6,11.4,91.8,15.9,0.000,0.010,0.00,0.008,3.9,8.4,1.9,315,24,4.3,8.1,1.7,314,23,4.3,8.1,1.7,314,23,12,28.30,0.6,0,0,0,38.8,43.3,47.1,0.26,0.33,0.24
TUPP,2019-11-08 07:30:00 EST,44.22128,-74.43826,1650,18.0,17.8,13.3,91.9,16.0,0.000,0.010,0.00,0.008,2.7,5.8,1.1,308,21,3.1,7.6,1.3,309,20,3.1,7.6,1.3,309,20,13,28.30,0.6,0,0,0,38.8,43.3,47.1,0.26,0.33,0.24
TUPP,2019-11-08 07:35:00 EST,44.22128,-74.43826,1650,18.1,17.9,11.7,91.9,16.2,0.000,0.010,0.00,0.008,3.7,8.6,2.0,303,22,4.2,11.1,2.2,304,22,4.2,11.1,2.2,304,22,19,28.30,0.4,0,0,0,38.8,43.3,47.1,0.26,0.33,0.24
TUPP,2019-11-08 07:40:00 EST,44.22128,-74.43826,1650,18.2,18.0,10.9,91.7,16.2,0.000,0.010,0.00,0.008,4.6,8.8,1.5,316,22,5.0,9.3,1.6,319,20,5.0,9.3,1.6,319,20,21,28.30,0.5,0,0,0,38.8,43.3,47.1,0.26,0.33,0.24
TUPP,2019-11-08 07:45:00 EST,44.22128,-74.43826,1650,18.3,18.1,11.4,91.8,16.3,0.000,0.010,0.00,0.008,4.4,8.7,1.4,309,18,4.6,8.8,1.5,310,18,4.6,8.8,1.5,310,18,12,28.31,0.5,0,0,0,38.8,43.3,47.1,0.26,0.33,0.24
TUPP,2019-11-08 07:50:00 EST,44.22128,-74.43826,1650,18.4,18.2,10.1,91.1,16.2,0.000,0.010,0.00,0.008,5.4,12.1,2.2,304,26,6.0,16.0,2.6,302,23,6.0,16.0,2.6,302,23,15,28.31,0.6,0,0,0,38.8,43.3,47.1,0.26,0.33,0.24
TUPP,2019-11-08 07:55:00 EST,44.22128,-74.43826,1650,18.4,18.2,9.1,90.5,16.1,0.000,0.010,0.00,0.008,6.1,13.3,2.8,306,27,7.1,14.3,3.0,308,26,7.1,14.3,3.0,308,26,18,28.31,0.6,0,0,0,38.8,43.3,47.1,0.26,0.33,0.24
TUPP,2019-11-08 08:00:00 EST,44.22128,-74.43826,1650,18.4,18.2,10.6,89.9,16.0,0.000,0.010,0.00,0.003,4.9,12.3,2.4,328,22,5.5,13.4,2.5,327,16,5.5,13.4,2.5,327,16,15,28.31,0.5,0,0,0,38.8,43.3,47.1,0.26,0.33,0.24
TUPP,2019-11-08 08:05:00 EST,44.22128,-74.43826,1650,18.5,18.2,11.4,90.6,16.2,0.000,0.010,0.00,0.001,4.1,11.5,2.9,327,21,4.8,14.5,2.9,331,21,4.8,14.5,2.9,331,21,17,28.32,0.6,0,0,0,38.8,43.3,47.1,0.26,0.33,0.24
TUPP,2019-11-08 08:10:00 EST,44.22128,-74.43826,1650,18.2,18.0,7.7,89.0,15.5,0.000,0.010,0.00,0.000,8.0,17.2,3.6,324,21,8.6,18.0,3.5,326,17,8.6,18.0,3.5,326,17,22,28.32,0.6,0,0,0,38.8,43.3,47.1,0.26,0.33,0.24
TUPP,2019-11-08 08:15:00 EST,44.22128,-74.43826,1650,18.2,17.9,9.5,89.4,15.6,0.000,0.010,0.00,0.000,5.2,14.1,2.7,330,26,6.3,12.5,2.5,328,25,6.3,12.5,2.5,328,25,29,28.32,0.7,0,0,0,38.8,43.3,47.1,0.26,0.33,0.24
TUPP,2019-11-08 08:20:00 EST,44.22128,-74.43826,1650,18.3,18.0,9.9,89.2,15.6,0.000,0.010,0.00,0.000,5.3,13.5,2.5,320,28,6.0,13.9,2.5,324,22,6.0,13.9,2.5,324,22,41,28.32,0.7,0,0,0,38.8,43.3,47.1,0.26,0.33,0.24
TUPP,2019-11-08 08:25:00 EST,44.22128,-74.43826,1650,18.4,18.1,10.4,89.7,15.9,0.000,0.010,0.00,0.000,4.7,9.9,2.3,325,25,5.6,10.8,2.4,326,23,5.6,10.8,2.4,326,23,29,28.32,0.7,0,0,0,38.8,43.3,47.1,0.26,0.33,0.24
TUPP,2019-11-08 08:30:00 EST,44.22128,-74.43826,1650,18.3,18.0,11.9,89.9,15.9,0.000,0.010,0.00,0.000,3.6,8.2,1.8,312,22,4.2,9.6,1.9,314,20,4.2,9.6,1.9,314,20,29,28.32,0.7,0,0,0,38.8,43.3,47.1,0.26,0.33,0.24
TUPP,2019-11-08 08:35:00 EST,44.22128,-74.43826,1650,18.3,18.1,9.6,89.6,15.8,0.000,0.010,0.00,0.000,5.7,10.7,2.2,322,22,6.3,10.9,2.2,322,18,6.3,10.9,2.2,322,18,35,28.33,0.7,0,0,0,38.8,43.3,47.1,0.26,0.33,0.24
TUPP,2019-11-08 08:40:00 EST,44.22128,-74.43826,1650,18.4,18.1,10.1,89.8,15.9,0.000,0.010,0.00,0.000,5.4,10.1,2.1,312,24,5.9,11.0,2.2,313,24,5.9,11.0,2.2,313,24,31,28.33,0.6,0,0,0,38.8,43.3,47.0,0.26,0.33,0.24
TUPP,2019-11-08 08:45:00 EST,44.22128,-74.43826,1650,18.4,18.2,10.4,89.5,15.8,0.000,0.010,0.00,0.000,4.9,10.2,1.9,317,22,5.6,10.9,2.0,321,21,5.6,10.9,2.0,321,21,33,28.33,0.6,0,0,0,38.7,43.3,47.0,0.26,0.33,0.24
TUPP,2019-11-08 08:50:00 EST,44.22128,-74.43826,1650,18.3,18.1,9.1,88.5,15.5,0.000,0.010,0.00,0.000,6.2,13.4,2.5,321,20,6.9,13.8,2.2,324,18,6.9,13.8,2.2,324,18,41,28.33,0.6,0,0,0,38.7,43.3,47.1,0.26,0.33,0.24
TUPP,2019-11-08 08:55:00 EST,44.22128,-74.43826,1650,18.4,18.2,10.8,87.6,15.3,0.000,0.010,0.00,0.000,4.6,10.3,2.2,317,22,5.2,9.8,2.1,317,18,5.2,9.8,2.1,317,18,40,28.33,0.6,0,0,0,38.8,43.2,47.0,0.26,0.33,0.24
TUPP,2019-11-08 09:00:00 EST,44.22128,-74.43826,1650,18.5,18.2,11.4,87.7,15.4,0.003,0.013,0.00,0.003,4.0,10.2,2.4,323,24,4.8,13.0,2.5,326,21,4.8,13.0,2.5,326,21,54,28.33,0.5,0,0,0,38.7,43.2,47.0,0.26,0.33,0.24
TUPP,2019-11-08 09:05:00 EST,44.22128,-74.43826,1650,18.6,18.3,9.4,86.2,15.2,0.000,0.013,0.00,0.003,6.2,12.6,2.9,319,28,6.9,14.0,2.6,323,26,6.9,14.0,2.6,323,26,81,28.33,0.5,0,0,0,38.7,43.2,46.9,0.26,0.33,0.24
TUPP,2019-11-08 09:10:00 EST,44.22128,-74.43826,1650,18.6,18.3,9.2,86.2,15.1,0.000,0.013,0.00,0.003,6.3,11.6,2.2,323,23,7.1,13.5,2.1,326,20,7.1,13.5,2.1,326,20,56,28.33,0.5,0,0,0,38.7,43.2,46.9,0.26,0.33,0.24
TUPP,2019-11-08 09:15:00 EST,44.22128,-74.43826,1650,18.7,18.4,11.9,87.1,15.5,0.000,0.013,0.00,0.003,3.9,8.7,1.6,328,24,4.6,9.1,1.6,327,22,4.6,9.1,1.6,327,22,75,28.33,0.4,0,0,0,38.7,43.2,46.9,0.26,0.33,0.24
TUPP,2019-11-08 09:20:00 EST,44.22128,-74.43826,1650,18.7,18.4,10.3,85.4,15.0,0.000,0.013,0.00,0.003,5.5,12.8,2.2,315,21,6.1,14.0,2.2,317,19,6.1,14.0,2.2,317,19,61,28.33,0.4,0,0,0,38.7,43.2,46.9,0.26,0.33,0.24
TUPP,2019-11-08 09:25:00 EST,44.22128,-74.43826,1650,18.6,18.4,10.1,83.2,14.3,0.000,0.013,0.00,0.003,5.2,11.3,2.4,303,24,6.1,14.1,2.5,304,24,6.1,14.1,2.5,304,24,130,28.33,0.4,0,0,0,38.7,43.2,46.9,0.26,0.33,0.24
TUPP,2019-11-08 09:30:00 EST,44.22128,-74.43826,1650,19.0,18.8,9.0,80.3,13.9,0.000,0.013,0.00,0.003,7.2,14.5,2.9,299,18,7.9,14.7,3.1,299,18,7.9,14.7,3.1,299,18,125,28.33,0.4,0,0,0,38.7,43.2,46.9,0.26,0.33,0.24
TUPP,2019-11-08 09:35:00 EST,44.22128,-74.43826,1650,19.0,18.7,10.1,80.5,14.0,0.000,0.013,0.00,0.003,6.0,13.6,2.4,312,22,6.7,12.2,2.1,313,22,6.7,12.2,2.1,313,22,128,28.34,0.4,0,0,0,38.7,43.2,46.9,0.26,0.33,0.24
TUPP,2019-11-08 09:40:00 EST,44.22128,-74.43826,1650,19.2,18.8,10.7,81.8,14.5,0.000,0.013,0.00,0.003,5.3,11.8,2.2,306,26,6.3,14.5,2.4,305,25,6.3,14.5,2.4,305,25,79,28.34,0.5,0,0,0,38.7,43.2,46.9,0.26,0.33,0.24
TUPP,2019-11-08 09:45:00 EST,44.22128,-74.43826,1650,19.3,19.0,10.9,82.5,14.8,0.000,0.013,0.00,0.003,5.9,9.9,1.8,308,20,6.2,11.4,2.0,309,19,6.2,11.4,2.0,309,19,65,28.34,0.4,0,0,0,38.7,43.2,46.9,0.26,0.33,0.24
TUPP,2019-11-08 09:50:00 EST,44.22128,-74.43826,1650,19.0,18.8,10.2,82.9,14.7,0.000,0.013,0.00,0.003,5.9,10.4,1.8,292,21,6.6,12.6,1.9,292,21,6.6,12.6,1.9,292,21,64,28.34,0.4,0,0,0,38.7,43.2,46.9,0.26,0.33,0.24
TUPP,2019-11-08 09:55:00 EST,44.22128,-74.43826,1650,19.2,19.0,10.8,83.7,15.1,0.000,0.013,0.00,0.003,5.6,12.9,2.3,309,19,6.1,12.8,2.4,311,19,6.1,12.8,2.4,311,19,92,28.34,0.4,0,0,0,38.7,43.2,46.9,0.26,0.33,0.24
TUPP,2019-11-08 10:00:00 EST,44.22128,-74.43826,1650,19.5,19.3,12.6,81.4,14.7,0.000,0.013,0.00,0.000,4.3,9.6,1.8,292,26,4.9,12.7,2.1,293,25,4.9,12.7,2.1,293,25,94,28.34,0.4,0,0,0,38.7,43.2,46.9,0.26,0.33,0.24
TUPP,2019-11-08 10:05:00 EST,44.22128,-74.43826,1650,19.6,19.3,11.7,79.6,14.3,0.000,0.013,0.00,0.000,5.5,10.8,1.8,315,18,5.7,12.6,1.9,315,18,5.7,12.6,1.9,315,18,87,28.34,0.4,0,0,0,38.7,43.2,46.9,0.26,0.33,0.24
TUPP,2019-11-08 10:10:00 EST,44.22128,-74.43826,1650,19.8,19.4,12.3,80.2,14.7,0.000,0.013,0.00,0.000,4.9,9.8,1.7,308,27,5.4,10.8,1.9,309,26,5.4,10.8,1.9,309,26,96,28.34,0.4,0,0,0,38.7,43.2,46.9,0.26,0.33,0.24
TUPP,2019-11-08 10:15:00 EST,44.22128,-74.43826,1650,19.5,19.2,9.7,77.8,13.7,0.000,0.013,0.00,0.000,7.2,12.9,2.6,297,29,7.9,14.1,2.7,297,29,7.9,14.1,2.7,297,29,96,28.34,0.4,0,0,0,38.7,43.2,46.9,0.26,0.33,0.24
TUPP,2019-11-08 10:20:00 EST,44.22128,-74.43826,1650,19.3,19.1,9.0,75.1,12.7,0.000,0.013,0.00,0.000,7.3,14.2,2.3,297,24,8.4,18.6,2.6,299,24,8.4,18.6,2.6,299,24,101,28.35,0.4,0,0,0,38.7,43.2,46.9,0.26,0.33,0.24
TUPP,2019-11-08 10:25:00 EST,44.22128,-74.43826,1650,19.0,18.8,10.0,74.0,12.1,0.000,0.013,0.00,0.000,5.9,12.4,2.4,312,22,6.8,14.4,2.3,314,20,6.8,14.4,2.3,314,20,77,28.35,0.4,0,0,0,38.7,43.2,46.9,0.26,0.33,0.24
TUPP,2019-11-08 10:30:00 EST,44.22128,-74.43826,1650,19.1,19.0,9.6,72.5,11.8,0.000,0.013,0.00,0.000,7.0,13.4,2.4,308,26,7.5,16.1,2.4,308,26,7.5,16.1,2.4,308,26,98,28.35,0.3,0,0,0,38.7,43.2,46.9,0.26,0.33,0.24
TUPP,2019-11-08 10:35:00 EST,44.22128,-74.43826,1650,19.8,19.4,12.1,73.5,12.7,0.000,0.013,0.00,0.000,4.9,9.9,2.0,311,25,5.5,11.1,2.2,311,25,5.5,11.1,2.2,311,25,141,28.35,0.5,0,0,0,38.7,43.2,46.9,0.26,0.33,0.24
TUPP,2019-11-08 10:40:00 EST,44.22128,-74.43826,1650,19.8,19.5,11.2,74.4,13.0,0.000,0.013,0.00,0.000,5.8,11.3,2.5,326,23,6.5,11.9,2.4,329,20,6.5,11.9,2.4,329,20,83,28.35,0.4,0,0,0,38.7,43.1,46.9,0.26,0.33,0.24
TUPP,2019-11-08 10:45:00 EST,44.22128,-74.43826,1650,19.5,19.2,9.0,74.8,12.8,0.000,0.013,0.00,0.000,8.2,12.3,1.9,296,22,8.8,13.6,2.2,297,22,8.8,13.6,2.2,297,22,82,28.35,0.5,0,0,0,38.7,43.2,46.9,0.26,0.33,0.24
TUPP,2019-11-08 10:50:00 EST,44.22128,-74.43826,1650,19.4,19.2,9.7,75.3,12.9,0.000,0.013,0.00,0.000,6.9,11.6,1.9,290,22,7.8,14.9,2.0,290,22,7.8,14.9,2.0,290,22,74,28.35,0.5,0,0,0,38.7,43.1,46.9,0.26,0.33,0.24
TUPP,2019-11-08 10:55:00 EST,44.22128,-74.43826,1650,19.8,19.5,10.8,74.3,12.9,0.000,0.013,0.00,0.000,6.3,11.5,2.3,309,20,7.0,14.6,2.3,309,20,7.0,14.6,2.3,309,20,128,28.35,0.5,0,0,0,38.7,43.1,46.9,0.26,0.33,0.24
TUPP,2019-11-08 11:00:00 EST,44.22128,-74.43826,1650,20.1,19.8,10.3,74.2,13.2,0.000,0.013,0.00,0.000,6.9,13.6,2.4,284,29,8.0,16.4,2.8,285,27,8.0,16.4,2.8,285,27,126,28.35,0.4,0,0,0,38.7,43.0,46.9,0.26,0.33,0.24
TUPP,2019-11-08 11:05:00 EST,44.22128,-74.43826,1650,20.3,20.1,10.9,74.1,13.4,0.000,0.013,0.00,0.000,6.8,14.8,2.4,291,22,7.7,15.2,2.7,291,19,7.7,15.2,2.7,291,19,139,28.35,0.4,0,0,0,38.7,43.0,46.9,0.26,0.33,0.24
TUPP,2019-11-08 11:10:00 EST,44.22128,-74.43826,1650,20.4,20.1,12.2,74.7,13.6,0.000,0.013,0.00,0.000,5.5,10.5,1.8,296,24,6.2,11.1,1.9,297,25,6.2,11.1,1.9,297,25,115,28.35,0.5,0,0,0,38.7,43.0,46.9,0.26,0.33,0.24
TUPP,2019-11-08 11:15:00 EST,44.22128,-74.43826,1650,20.6,20.3,12.5,74.4,13.7,0.000,0.013,0.00,0.000,5.4,12.6,2.5,302,28,6.2,14.3,2.7,304,25,6.2,14.3,2.7,304,25,126,28.35,0.6,0,0,0,38.7,43.0,46.9,0.26,0.33,0.24
TUPP,2019-11-08 11:20:00 EST,44.22128,-74.43826,1650,20.6,20.4,12.8,75.3,14.0,0.000,0.013,0.00,0.000,5.0,10.1,2.0,289,22,5.8,11.0,2.2,291,22,5.8,11.0,2.2,291,22,72,28.35,0.5,0,0,0,38.7,43.0,46.9,0.26,0.33,0.24
TUPP,2019-11-08 11:25:00 EST,44.22128,-74.43826,1650,19.9,19.6,10.7,76.7,13.8,0.000,0.013,0.00,0.000,6.2,14.0,1.9,302,24,7.3,18.2,2.4,303,24,7.3,18.2,2.4,303,24,61,28.35,0.6,0,0,0,38.7,43.0,46.9,0.26,0.33,0.24
TUPP,2019-11-08 11:30:00 EST,44.22128,-74.43826,1650,20.0,19.7,11.6,77.5,14.1,0.000,0.013,0.00,0.000,5.7,12.1,2.2,306,28,6.3,14.3,2.5,310,28,6.3,14.3,2.5,310,28,92,28.34,0.7,0,0,0,38.7,43.0,46.9,0.26,0.33,0.24
TUPP,2019-11-08 11:35:00 EST,44.22128,-74.43826,1650,20.2,20.0,10.0,76.0,13.8,0.000,0.013,0.00,0.000,7.3,13.5,2.6,287,23,8.6,16.0,3.1,286,21,8.6,16.0,3.1,286,21,66,28.34,0.7,0,0,0,38.7,43.0,46.9,0.26,0.33,0.24
TUPP,2019-11-08 11:40:00 EST,44.22128,-74.43826,1650,20.0,19.7,10.4,76.7,13.8,0.000,0.013,0.00,0.000,7.0,12.6,2.3,304,22,7.7,14.2,2.4,303,21,7.7,14.2,2.4,303,21,60,28.34,0.8,0,0,0,38.7,43.0,46.9,0.26,0.33,0.24
TUPP,2019-11-08 11:45:00 EST,44.22128,-74.43826,1650,20.0,19.8,12.2,77.6,14.1,0.000,0.013,0.00,0.000,5.3,10.8,2.0,308,19,5.7,10.5,2.0,308,19,5.7,10.5,2.0,308,19,53,28.34,0.9,0,0,0,38.7,43.0,46.9,0.26,0.33,0.24
TUPP,2019-11-08 11:50:00 EST,44.22128,-74.43826,1650,20.2,20.0,11.2,77.4,14.2,0.000,0.013,0.00,0.000,6.5,11.5,2.2,304,24,7.1,12.0,2.1,304,24,7.1,12.0,2.1,304,24,55,28.34,0.7,0,0,0,38.7,43.0,46.9,0.26,0.33,0.24
TUPP,2019-11-08 11:55:00 EST,44.22128,-74.43826,1650,20.3,20.0,11.3,76.3,14.0,0.000,0.013,0.00,0.000,6.1,13.7,2.8,301,27,7.0,13.3,2.9,300,25,7.0,13.3,2.9,300,25,55,28.34,0.8,0,0,0,38.7,43.0,46.9,0.26,0.33,0.24
TUPP,2019-11-08 12:00:00 EST,44.22128,-74.43826,1650,20.2,20.0,10.9,76.3,14.0,0.000,0.013,0.00,0.000,6.8,11.7,2.2,302,23,7.5,13.0,2.5,304,21,7.5,13.0,2.5,304,21,63,28.34,0.2,0,0,0,38.7,43.0,46.9,0.26,0.33,0.24
TUPP,2019-11-08 12:05:00 EST,44.22128,-74.43826,1650,20.3,20.1,11.7,77.6,14.5,0.000,0.013,0.00,0.000,6.1,11.5,2.5,288,22,6.7,12.9,2.8,287,21,6.7,12.9,2.8,287,21,113,28.34,0.5,0,0,0,38.7,43.0,46.9,0.26,0.33,0.24
TUPP,2019-11-08 12:10:00 EST,44.22128,-74.43826,1650,20.7,20.5,13.1,77.3,14.7,0.000,0.013,0.00,0.000,4.9,10.2,1.9,282,27,5.7,11.9,2.2,282,26,5.7,11.9,2.2,282,26,78,28.34,0.5,0,0,0,38.7,43.0,46.9,0.26,0.33,0.24
TUPP,2019-11-08 12:15:00 EST,44.22128,-74.43826,1650,20.7,20.4,13.5,75.8,14.2,0.000,0.013,0.00,0.000,4.5,10.2,2.0,309,29,5.3,9.9,2.0,307,27,5.3,9.9,2.0,307,27,78,28.34,0.5,0,0,0,38.7,43.0,46.9,0.26,0.33,0.24
TUPP,2019-11-08 12:20:00 EST,44.22128,-74.43826,1650,20.8,20.5,13.9,75.0,14.1,0.000,0.013,0.00,0.000,4.3,9.8,1.9,297,24,5.0,12.5,2.4,298,25,5.0,12.5,2.4,298,25,59,28.34,0.6,0,0,0,38.7,43.0,46.9,0.26,0.33,0.24
TUPP,2019-11-08 12:25:00 EST,44.22128,-74.43826,1650,20.6,20.4,14.9,74.9,13.9,0.000,0.013,0.00,0.000,3.5,6.9,1.3,305,28,4.0,7.8,1.5,307,27,4.0,7.8,1.5,307,27,48,28.34,0.6,0,0,0,38.7,43.0,46.9,0.26,0.33,0.24
TUPP,2019-11-08 12:30:00 EST,44.22128,-74.43826,1650,20.5,20.3,12.0,75.2,13.9,0.000,0.013,0.00,0.000,5.9,11.8,1.9,303,22,6.7,13.4,2.1,303,22,6.7,13.4,2.1,303,22,43,28.34,0.7,0,0,0,38.7,43.0,46.9,0.26,0.33,0.24
TUPP,2019-11-08 12:35:00 EST,44.22128,-74.43826,1650,20.5,20.3,11.2,76.3,14.2,0.000,0.013,0.00,0.000,6.7,14.5,2.8,305,24,7.5,19.6,3.3,306,23,7.5,19.6,3.3,306,23,48,28.34,0.9,0,0,0,38.7,43.0,46.8,0.26,0.33,0.24
TUPP,2019-11-08 12:40:00 EST,44.22128,-74.43826,1650,20.5,20.3,9.9,74.5,13.6,0.000,0.013,0.00,0.000,7.9,14.1,2.2,290,19,9.3,19.1,2.6,290,15,9.3,19.1,2.6,290,15,61,28.34,0.7,0,0,0,38.7,43.0,46.8,0.26,0.33,0.24
TUPP,2019-11-08 12:45:00 EST,44.22128,-74.43826,1650,20.5,20.2,12.6,77.1,14.4,0.000,0.013,0.00,0.000,5.3,13.4,2.0,317,23,5.9,14.4,2.2,319,20,5.9,14.4,2.2,319,20,50,28.34,0.8,0,0,0,38.7,43.0,46.8,0.26,0.33,0.24
TUPP,2019-11-08 12:50:00 EST,44.22128,-74.43826,1650,20.7,20.4,12.1,77.3,14.7,0.000,0.013,0.00,0.000,6.1,11.0,2.0,308,20,6.6,11.9,2.1,309,20,6.6,11.9,2.1,309,20,77,28.34,0.8,0,0,0,38.7,43.0,46.8,0.26,0.33,0.24
TUPP,2019-11-08 12:55:00 EST,44.22128,-74.43826,1650,20.7,20.5,13.1,74.4,13.9,0.000,0.013,0.00,0.000,5.0,12.2,2.4,314,23,5.7,11.8,2.3,315,25,5.7,11.8,2.3,315,25,77,28.34,0.8,0,0,0,38.7,42.9,46.8,0.26,0.33,0.24
TUPP,2019-11-08 13:00:00 EST,44.22128,-74.43826,1650,20.7,20.5,13.4,74.9,14.0,0.000,0.013,0.00,0.000,4.7,9.7,2.3,312,20,5.4,10.0,2.2,312,18,5.4,10.0,2.2,312,18,56,28.34,0.8,0,0,0,38.7,42.9,46.8,0.26,0.33,0.24
TUPP,2019-11-08 13:05:00 EST,44.22128,-74.43826,1650,20.6,20.4,10.9,75.7,14.2,0.000,0.013,0.00,0.000,7.3,14.6,3.2,311,21,8.1,16.1,3.2,312,23,8.1,16.1,3.2,312,23,61,28.34,0.8,0,0,0,38.7,42.8,46.8,0.26,0.33,0.24
TUPP,2019-11-08 13:10:00 EST,44.22128,-74.43826,1650,20.6,20.4,9.9,75.5,14.1,0.000,0.013,0.00,0.000,8.9,17.3,2.7,300,19,9.5,18.1,2.9,302,19,9.5,18.1,2.9,302,19,65,28.34,0.9,0,0,0,38.7,42.8,46.8,0.26,0.33,0.24
TUPP,2019-11-08 13:15:00 EST,44.22128,-74.43826,1650,20.5,20.3,11.5,75.5,14.0,0.000,0.013,0.00,0.000,6.3,14.4,2.9,301,23,7.2,15.5,3.0,303,23,7.2,15.5,3.0,303,23,66,28.34,0.8,0,0,0,38.7,42.8,46.8,0.26,0.33,0.24
TUPP,2019-11-08 13:20:00 EST,44.22128,-74.43826,1650,20.5,20.3,11.3,76.2,14.2,0.000,0.013,0.00,0.000,6.8,14.4,3.2,309,19,7.5,15.4,3.0,308,19,7.5,15.4,3.0,308,19,61,28.34,0.9,0,0,0,38.7,42.8,46.8,0.26,0.33,0.24
TUPP,2019-11-08 13:25:00 EST,44.22128,-74.43826,1650,20.5,20.3,11.7,76.3,14.2,0.000,0.013,0.00,0.000,6.0,13.1,2.1,310,24,6.9,12.7,2.2,308,22,6.9,12.7,2.2,308,22,67,28.35,0.9,0,0,0,38.7,42.8,46.8,0.26,0.33,0.24
TUPP,2019-11-08 13:30:00 EST,44.22128,-74.43826,1650,20.8,20.6,11.9,76.0,14.5,0.000,0.013,0.00,0.000,6.6,14.9,2.3,307,24,7.1,15.9,2.5,308,24,7.1,15.9,2.5,308,24,100,28.35,0.8,0,0,0,38.7,42.8,46.8,0.26,0.33,0.24
TUPP,2019-11-08 13:35:00 EST,44.22128,-74.43826,1650,21.0,20.8,12.6,74.6,14.2,0.000,0.013,0.00,0.000,5.6,9.9,1.8,309,24,6.6,11.4,2.0,309,23,6.6,11.4,2.0,309,23,66,28.35,0.8,0,0,0,38.7,42.8,46.8,0.26,0.33,0.24
TUPP,2019-11-08 13:40:00 EST,44.22128,-74.43826,1650,20.9,20.6,12.7,74.9,14.2,0.000,0.013,0.00,0.000,5.6,11.9,2.4,302,26,6.3,11.7,2.3,304,24,6.3,11.7,2.3,304,24,57,28.35,0.8,0,0,0,38.7,42.8,46.8,0.26,0.33,0.24
TUPP,2019-11-08 13:45:00 EST,44.22128,-74.43826,1650,20.8,20.6,11.2,75.9,14.5,0.000,0.013,0.00,0.000,6.8,12.9,2.4,290,27,8.0,15.6,2.7,290,25,8.0,15.6,2.7,290,25,74,28.35,0.8,0,0,0,38.7,42.8,46.8,0.26,0.33,0.24
TUPP,2019-11-08 13:50:00 EST,44.22128,-74.43826,1650,20.8,20.6,12.1,75.5,14.3,0.000,0.013,0.00,0.000,6.2,11.9,2.0,307,23,6.9,13.4,2.4,307,19,6.9,13.4,2.4,307,19,73,28.35,0.8,0,0,0,38.7,42.8,46.8,0.26,0.33,0.24
TUPP,2019-11-08 13:55:00 EST,44.22128,-74.43826,1650,21.0,20.8,12.2,75.5,14.5,0.000,0.013,0.00,0.000,6.1,14.2,2.3,289,26,7.0,15.5,2.6,290,23,7.0,15.5,2.6,290,23,89,28.35,0.8,0,0,0,38.7,42.8,46.8,0.26,0.33,0.24
TUPP,2019-11-08 14:00:00 EST,44.22128,-74.43826,1650,21.1,20.9,13.0,76.0,14.7,0.000,0.013,0.00,0.000,5.5,15.6,3.2,293,19,6.3,17.5,3.6,295,20,6.3,17.5,3.6,295,20,62,28.35,0.7,0,0,0,38.7,42.8,46.8,0.26,0.33,0.24
TUPP,2019-11-08 14:05:00 EST,44.22128,-74.43826,1650,20.9,20.7,11.5,75.8,14.4,0.000,0.013,0.00,0.000,7.0,13.4,2.4,301,23,7.7,15.1,2.6,301,21,7.7,15.1,2.6,301,21,66,28.35,0.8,0,0,0,38.7,42.8,46.8,0.26,0.33,0.24
TUPP,2019-11-08 14:10:00 EST,44.22128,-74.43826,1650,21.0,20.8,11.7,75.7,14.5,0.000,0.013,0.00,0.000,6.6,12.1,2.4,292,18,7.6,14.5,2.7,292,17,7.6,14.5,2.7,292,17,77,28.35,0.8,0,0,0,38.7,42.8,46.8,0.26,0.33,0.24
TUPP,2019-11-08 14:15:00 EST,44.22128,-74.43826,1650,21.1,20.9,13.2,75.6,14.6,0.000,0.013,0.00,0.000,5.4,9.6,1.8,304,25,6.0,11.5,1.9,307,24,6.0,11.5,1.9,307,24,67,28.35,0.8,0,0,0,38.7,42.8,46.8,0.26,0.33,0.24
TUPP,2019-11-08 14:20:00 EST,44.22128,-74.43826,1650,21.1,20.9,13.1,74.6,14.3,0.000,0.013,0.00,0.000,5.3,10.1,2.0,298,25,6.1,11.6,2.3,294,24,6.1,11.6,2.3,294,24,52,28.35,0.8,0,0,0,38.7,42.8,46.8,0.26,0.33,0.24
TUPP,2019-11-08 14:25:00 EST,44.22128,-74.43826,1650,20.9,20.7,11.9,75.2,14.3,0.000,0.013,0.00,0.000,6.4,12.1,2.6,287,19,7.3,15.3,3.1,288,18,7.3,15.3,3.1,288,18,42,28.35,0.7,0,0,0,38.7,42.8,46.8,0.26,0.33,0.24
TUPP,2019-11-08 14:30:00 EST,44.22128,-74.43826,1650,20.6,20.5,12.4,77.9,14.8,0.000,0.013,0.00,0.000,5.5,12.3,1.9,294,22,6.3,13.2,2.0,295,20,6.3,13.2,2.0,295,20,59,28.36,0.8,0,0,0,38.7,42.8,46.8,0.26,0.33,0.24
TUPP,2019-11-08 14:35:00 EST,44.22128,-74.43826,1650,20.7,20.5,11.6,76.9,14.6,0.000,0.013,0.00,0.000,6.4,13.1,2.5,311,21,7.2,15.4,2.6,313,20,7.2,15.4,2.6,313,20,71,28.36,0.9,0,0,0,38.7,42.8,46.8,0.26,0.33,0.24
TUPP,2019-11-08 14:40:00 EST,44.22128,-74.43826,1650,20.9,20.7,13.1,78.0,15.1,0.000,0.013,0.00,0.000,5.0,13.2,2.7,302,28,5.9,13.8,2.9,301,29,5.9,13.8,2.9,301,29,72,28.36,0.8,0,0,0,38.7,42.8,46.8,0.26,0.33,0.24
TUPP,2019-11-08 14:45:00 EST,44.22128,-74.43826,1650,21.0,20.8,13.3,75.4,14.5,0.000,0.013,0.00,0.000,5.3,11.0,2.1,305,21,5.9,11.0,2.1,305,20,5.9,11.0,2.1,305,20,52,28.36,0.8,0,0,0,38.7,42.8,46.8,0.26,0.33,0.24
TUPP,2019-11-08 14:50:00 EST,44.22128,-74.43826,1650,20.9,20.7,12.8,75.0,14.3,0.000,0.013,0.00,0.000,5.6,11.0,2.3,300,25,6.3,13.9,2.6,300,23,6.3,13.9,2.6,300,23,35,28.36,0.7,0,0,0,38.7,42.8,46.8,0.26,0.33,0.24
TUPP,2019-11-08 14:55:00 EST,44.22128,-74.43826,1650,20.6,20.4,11.6,77.2,14.6,0.000,0.013,0.00,0.000,6.6,11.9,2.1,304,21,7.3,13.4,2.2,305,19,7.3,13.4,2.2,305,19,26,28.36,0.7,0,0,0,38.7,42.8,46.8,0.26,0.33,0.24
TUPP,2019-11-08 15:00:00 EST,44.22128,-74.43826,1650,20.6,20.4,12.2,78.9,15.1,0.000,0.013,0.00,0.000,5.8,11.5,2.4,299,26,6.5,13.2,2.5,299,27,6.5,13.2,2.5,299,27,41,28.36,0.7,0,0,0,38.7,42.8,46.8,0.26,0.33,0.24
TUPP,2019-11-08 15:05:00 EST,44.22128,-74.43826,1650,20.7,20.5,11.9,78.8,15.1,0.000,0.013,0.00,0.000,6.3,15.6,2.9,296,22,6.9,17.8,3.1,298,20,6.9,17.8,3.1,298,20,56,28.36,0.7,0,0,0,38.7,42.8,46.8,0.26,0.33,0.24
TUPP,2019-11-08 15:10:00 EST,44.22128,-74.43826,1650,20.8,20.6,13.5,77.2,14.8,0.000,0.013,0.00,0.000,4.5,7.1,1.4,303,22,5.4,9.4,1.6,305,21,5.4,9.4,1.6,305,21,56,28.37,0.7,0,0,0,38.7,42.8,46.8,0.26,0.33,0.24
TUPP,2019-11-08 15:15:00 EST,44.22128,-74.43826,1650,21.0,20.8,12.1,73.4,13.8,0.000,0.013,0.00,0.000,6.2,11.4,2.1,300,26,7.1,14.1,2.3,301,25,7.1,14.1,2.3,301,25,52,28.37,0.8,0,0,0,38.7,42.8,46.8,0.26,0.33,0.24
TUPP,2019-11-08 15:20:00 EST,44.22128,-74.43826,1650,20.9,20.7,12.6,72.9,13.6,0.000,0.013,0.00,0.000,5.9,10.4,1.9,302,20,6.4,13.3,2.0,302,18,6.4,13.3,2.0,302,18,36,28.37,0.8,0,0,0,38.7,42.8,46.8,0.26,0.33,0.24
TUPP,2019-11-08 15:25:00 EST,44.22128,-74.43826,1650,20.8,20.7,11.8,74.0,13.9,0.000,0.013,0.00,0.000,6.7,12.7,2.1,309,19,7.3,13.4,2.2,309,18,7.3,13.4,2.2,309,18,40,28.37,0.8,0,0,0,38.7,42.8,46.8,0.26,0.33,0.24
TUPP,2019-11-08 15:30:00 EST,44.22128,-74.43826,1650,20.8,20.7,13.1,74.7,14.1,0.000,0.013,0.00,0.000,5.1,9.4,1.7,322,19,5.9,12.1,1.8,325,19,5.9,12.1,1.8,325,19,30,28.37,0.8,0,0,0,38.7,42.8,46.8,0.26,0.33,0.24
TUPP,2019-11-08 15:35:00 EST,44.22128,-74.43826,1650,20.8,20.6,12.8,73.5,13.6,0.000,0.013,0.00,0.000,5.2,9.6,1.8,307,25,6.1,11.4,2.1,307,27,6.1,11.4,2.1,307,27,18,28.37,0.8,0,0,0,38.7,42.8,46.8,0.26,0.33,0.24
TUPP,2019-11-08 15:40:00 EST,44.22128,-74.43826,1650,20.7,20.6,12.7,75.2,14.1,0.000,0.013,0.00,0.000,5.6,11.3,2.3,300,19,6.1,12.8,2.5,301,19,6.1,12.8,2.5,301,19,25,28.37,0.7,0,0,0,38.7,42.8,46.8,0.26,0.33,0.24
TUPP,2019-11-08 15:45:00 EST,44.22128,-74.43826,1650,20.6,20.5,11.7,75.8,14.1,0.000,0.013,0.00,0.000,6.3,10.8,2.0,291,22,7.0,12.0,2.3,292,21,7.0,12.0,2.3,292,21,29,28.37,0.7,0,0,0,38.7,42.8,46.8,0.26,0.33,0.24
TUPP,2019-11-08 15:50:00 EST,44.22128,-74.43826,1650,20.6,20.4,14.4,76.7,14.4,0.000,0.013,0.00,0.000,3.9,7.7,1.6,296,19,4.4,8.5,1.7,298,17,4.4,8.5,1.7,298,17,26,28.37,0.8,0,0,0,38.7,42.8,46.8,0.26,0.33,0.24
TUPP,2019-11-08 15:55:00 EST,44.22128,-74.43826,1650,20.7,20.5,12.0,76.7,14.5,0.000,0.013,0.00,0.000,5.9,11.0,2.1,293,24,6.8,12.3,2.2,293,23,6.8,12.3,2.2,293,23,25,28.37,0.7,0,0,0,38.7,42.7,46.8,0.26,0.33,0.24
TUPP,2019-11-08 16:00:00 EST,44.22128,-74.43826,1650,20.7,20.5,12.1,76.9,14.6,0.000,0.013,0.00,0.000,5.8,12.6,2.3,291,25,6.7,13.9,2.6,291,24,6.7,13.9,2.6,291,24,21,28.37,0.7,0,0,0,38.7,42.7,46.8,0.26,0.33,0.24
TUPP,2019-11-08 16:05:00 EST,44.22128,-74.43826,1650,20.6,20.5,12.3,78.1,14.9,0.000,0.013,0.00,0.000,5.5,11.6,2.4,281,19,6.5,13.7,3.0,281,16,6.5,13.7,3.0,281,16,19,28.37,0.7,0,0,0,38.7,42.7,46.8,0.26,0.33,0.24
TUPP,2019-11-08 16:10:00 EST,44.22128,-74.43826,1650,20.6,20.4,11.6,78.6,15.0,0.000,0.013,0.00,0.000,6.2,10.2,2.1,290,18,7.1,13.8,2.5,293,15,7.1,13.8,2.5,293,15,21,28.37,0.7,0,0,0,38.7,42.6,46.8,0.26,0.33,0.24
TUPP,2019-11-08 16:15:00 EST,44.22128,-74.43826,1650,20.6,20.4,13.3,79.2,15.1,0.000,0.013,0.00,0.000,4.5,7.5,1.2,282,22,5.3,8.3,1.3,283,22,5.3,8.3,1.3,283,22,20,28.37,0.7,0,0,0,38.7,42.6,46.8,0.26,0.33,0.24
TUPP,2019-11-08 16:20:00 EST,44.22128,-74.43826,1650,20.6,20.5,11.6,79.7,15.3,0.000,0.013,0.00,0.000,6.5,15.3,2.7,292,19,7.3,17.7,3.0,292,18,7.3,17.7,3.0,292,18,13,28.38,0.7,0,0,0,38.7,42.6,46.8,0.26,0.33,0.24
TUPP,2019-11-08 16:25:00 EST,44.22128,-74.43826,1650,20.7,20.5,12.5,79.7,15.4,0.000,0.013,0.00,0.000,5.6,10.3,1.5,296,17,6.3,13.1,1.9,296,16,6.3,13.1,1.9,296,16,9,28.38,0.7,0,0,0,38.7,42.6,46.8,0.26,0.33,0.24
TUPP,2019-11-08 16:30:00 EST,44.22128,-74.43826,1650,20.7,20.6,13.4,80.7,15.7,0.000,0.013,0.00,0.000,4.5,9.7,2.0,272,22,5.4,9.9,2.2,272,22,5.4,9.9,2.2,272,22,7,28.38,0.7,0,0,0,38.7,42.6,46.7,0.26,0.33,0.24
TUPP,2019-11-08 16:35:00 EST,44.22128,-74.43826,1650,20.7,20.5,11.2,81.4,15.9,0.000,0.013,0.00,0.000,6.7,11.7,2.0,281,24,7.8,15.2,2.4,280,22,7.8,15.2,2.4,280,22,7,28.38,0.7,0,0,0,38.7,42.6,46.6,0.26,0.33,0.24
TUPP,2019-11-08 16:40:00 EST,44.22128,-74.43826,1650,20.6,20.5,13.2,81.1,15.8,0.000,0.013,0.00,0.000,4.8,8.0,1.6,286,25,5.5,9.4,1.8,287,23,5.5,9.4,1.8,287,23,4,28.38,0.8,0,0,0,38.7,42.6,46.7,0.26,0.33,0.24
TUPP,2019-11-08 16:45:00 EST,44.22128,-74.43826,1650,20.6,20.5,11.1,81.2,15.8,0.000,0.013,0.00,0.000,7.0,13.1,2.6,299,22,7.9,14.8,2.7,299,21,7.9,14.8,2.7,299,21,1,28.38,0.8,0,0,0,38.7,42.6,46.6,0.26,0.33,0.24
TUPP,2019-11-08 16:50:00 EST,44.22128,-74.43826,1650,20.6,20.5,12.9,82.1,16.0,0.000,0.013,0.00,0.000,5.1,9.9,1.6,284,26,5.7,11.6,1.9,286,25,5.7,11.6,1.9,286,25,1,28.39,0.7,0,0,0,38.7,42.6,46.6,0.26,0.33,0.24
TUPP,2019-11-08 16:55:00 EST,44.22128,-74.43826,1650,20.6,20.4,13.6,82.2,16.0,0.000,0.013,0.00,0.000,4.4,7.7,1.4,299,22,5.0,10.1,1.6,301,20,5.0,10.1,1.6,301,20,1,28.39,0.7,0,0,0,38.7,42.6,46.6,0.26,0.33,0.24
TUPP,2019-11-08 17:00:00 EST,44.22128,-74.43826,1650,20.4,20.3,12.6,82.1,15.8,0.000,0.013,0.00,0.000,5.3,8.5,1.8,299,17,5.8,10.3,1.8,300,19,5.8,10.3,1.8,300,19,0,28.39,0.8,0,0,0,38.7,42.6,46.6,0.26,0.33,0.24
TUPP,2019-11-08 17:05:00 EST,44.22128,-74.43826,1650,20.2,20.2,13.3,82.4,15.7,0.000,0.013,0.00,0.000,4.4,8.6,1.7,292,23,4.9,9.3,1.8,292,21,4.9,9.3,1.8,292,21,0,28.39,0.7,0,0,0,38.7,42.6,46.6,0.26,0.33,0.24
TUPP,2019-11-08 17:10:00 EST,44.22128,-74.43826,1650,20.3,20.2,12.2,82.1,15.7,0.000,0.013,0.00,0.000,5.6,10.7,1.9,290,19,6.2,11.8,2.2,292,18,6.2,11.8,2.2,292,18,0,28.39,0.8,0,0,0,38.7,42.6,46.6,0.26,0.33,0.24
TUPP,2019-11-08 17:15:00 EST,44.22128,-74.43826,1650,20.4,20.3,13.5,82.4,15.9,0.000,0.013,0.00,0.000,4.5,10.2,1.7,301,19,5.0,10.4,1.9,303,20,5.0,10.4,1.9,303,20,0,28.39,0.7,0,0,0,38.7,42.6,46.6,0.26,0.33,0.24
TUPP,2019-11-08 17:20:00 EST,44.22128,-74.43826,1650,20.3,20.2,11.9,82.0,15.7,0.000,0.013,0.00,0.000,5.8,9.7,1.7,293,20,6.4,10.5,1.8,293,19,6.4,10.5,1.8,293,19,0,28.40,0.8,0,0,0,38.7,42.6,46.6,0.26,0.33,0.24
TUPP,2019-11-08 17:25:00 EST,44.22128,-74.43826,1650,20.1,20.1,11.8,82.6,15.7,0.000,0.013,0.00,0.000,5.7,10.3,2.1,301,21,6.3,11.1,2.2,300,21,6.3,11.1,2.2,300,21,0,28.40,0.8,0,0,0,38.7,42.6,46.6,0.26,0.33,0.24
TUPP,2019-11-08 17:30:00 EST,44.22128,-74.43826,1650,20.2,20.1,12.7,82.0,15.6,0.000,0.013,0.00,0.000,4.9,10.6,1.7,293,21,5.5,10.4,1.8,292,19,5.5,10.4,1.8,292,19,0,28.40,0.8,0,0,0,38.7,42.6,46.6,0.26,0.33,0.24
TUPP,2019-11-08 17:35:00 EST,44.22128,-74.43826,1650,20.2,20.1,11.6,82.0,15.6,0.000,0.013,0.00,0.000,5.7,11.5,2.1,291,23,6.6,15.5,2.6,289,20,6.6,15.5,2.6,289,20,0,28.40,0.8,0,0,0,38.7,42.6,46.6,0.26,0.33,0.24
TUPP,2019-11-08 17:40:00 EST,44.22128,-74.43826,1650,20.3,20.2,13.1,81.0,15.4,0.000,0.013,0.00,0.000,4.4,9.2,1.4,301,25,5.2,11.0,1.7,302,24,5.2,11.0,1.7,302,24,0,28.40,0.8,0,0,0,38.7,42.6,46.6,0.26,0.33,0.24
TUPP,2019-11-08 17:45:00 EST,44.22128,-74.43826,1650,20.3,20.2,12.5,81.2,15.5,0.000,0.013,0.00,0.000,5.1,9.4,1.8,293,18,5.8,9.8,1.8,293,17,5.8,9.8,1.8,293,17,0,28.41,0.8,0,0,0,38.7,42.6,46.6,0.26,0.33,0.24
TUPP,2019-11-08 17:50:00 EST,44.22128,-74.43826,1650,20.2,20.1,12.1,81.1,15.4,0.000,0.013,0.00,0.000,5.5,9.6,1.8,303,21,6.1,10.5,1.8,301,21,6.1,10.5,1.8,301,21,0,28.41,0.8,0,0,0,38.7,42.6,46.6,0.26,0.33,0.24
TUPP,2019-11-08 17:55:00 EST,44.22128,-74.43826,1650,20.2,20.0,13.6,81.6,15.4,0.000,0.013,0.00,0.000,4.1,6.9,1.2,289,20,4.7,7.8,1.5,290,19,4.7,7.8,1.5,290,19,0,28.41,0.8,0,0,0,38.7,42.6,46.6,0.26,0.33,0.24
TUPP,2019-11-08 18:00:00 EST,44.22128,-74.43826,1650,20.2,20.0,13.3,81.9,15.5,0.000,0.013,0.00,0.000,4.3,8.5,1.6,295,20,4.9,8.8,1.7,296,20,4.9,8.8,1.7,296,20,0,28.41,0.8,0,0,0,38.7,42.6,46.6,0.26,0.33,0.24
TUPP,2019-11-08 18:05:00 EST,44.22128,-74.43826,1650,20.2,20.1,14.6,82.4,15.7,0.000,0.013,0.00,0.000,3.4,5.7,1.1,297,23,3.9,7.5,1.5,297,21,3.9,7.5,1.5,297,21,0,28.41,0.8,0,0,0,38.7,42.6,46.6,0.26,0.33,0.24
TUPP,2019-11-08 18:10:00 EST,44.22128,-74.43826,1650,20.3,20.1,13.5,82.1,15.7,0.000,0.013,0.00,0.000,4.4,8.9,1.6,309,20,4.9,8.9,1.7,310,21,4.9,8.9,1.7,310,21,0,28.41,0.8,0,0,0,38.7,42.6,46.6,0.26,0.33,0.24
TUPP,2019-11-08 18:15:00 EST,44.22128,-74.43826,1650,20.3,20.1,14.4,82.3,15.7,0.000,0.013,0.00,0.000,3.4,6.9,1.5,293,26,4.1,8.0,1.6,292,26,4.1,8.0,1.6,292,26,0,28.41,0.8,0,0,0,38.7,42.6,46.6,0.26,0.33,0.24
TUPP,2019-11-08 18:20:00 EST,44.22128,-74.43826,1650,20.3,20.1,12.6,82.2,15.7,0.000,0.013,0.00,0.000,4.8,11.3,2.3,282,22,5.7,13.5,2.5,283,19,5.7,13.5,2.5,283,19,0,28.42,0.8,0,0,0,38.7,42.6,46.6,0.26,0.33,0.24
TUPP,2019-11-08 18:25:00 EST,44.22128,-74.43826,1650,20.3,20.1,13.8,82.1,15.7,0.000,0.013,0.00,0.000,3.9,8.3,1.7,283,23,4.5,10.2,1.9,282,21,4.5,10.2,1.9,282,21,0,28.42,0.8,0,0,0,38.7,42.6,46.6,0.26,0.33,0.24
TUPP,2019-11-08 18:30:00 EST,44.22128,-74.43826,1650,20.2,20.0,12.7,82.9,15.8,0.000,0.013,0.00,0.000,4.8,9.9,1.7,280,24,5.5,11.1,1.9,280,23,5.5,11.1,1.9,280,23,0,28.42,0.8,0,0,0,38.7,42.6,46.6,0.26,0.33,0.24
TUPP,2019-11-08 18:35:00 EST,44.22128,-74.43826,1650,20.2,20.0,13.0,83.7,16.0,0.000,0.013,0.00,0.000,4.5,8.0,1.7,282,20,5.2,9.6,1.9,282,19,5.2,9.6,1.9,282,19,0,28.42,0.8,0,0,0,38.7,42.6,46.6,0.26,0.33,0.24
TUPP,2019-11-08 18:40:00 EST,44.22128,-74.43826,1650,20.2,20.0,13.4,83.9,16.1,0.000,0.013,0.00,0.000,4.2,7.5,1.3,281,18,4.8,9.3,1.6,281,17,4.8,9.3,1.6,281,17,0,28.42,0.8,0,0,0,38.7,42.6,46.6,0.26,0.33,0.24
TUPP,2019-11-08 18:45:00 EST,44.22128,-74.43826,1650,20.1,20.0,14.0,84.1,16.1,0.000,0.013,0.00,0.000,3.7,7.8,1.5,276,25,4.3,9.4,1.7,277,22,4.3,9.4,1.7,277,22,0,28.42,0.8,0,0,0,38.7,42.6,46.6,0.26,0.33,0.24
TUPP,2019-11-08 18:50:00 EST,44.22128,-74.43826,1650,20.1,20.0,13.5,84.4,16.1,0.000,0.013,0.00,0.000,4.0,8.7,2.1,262,24,4.7,10.2,2.2,262,22,4.7,10.2,2.2,262,22,0,28.42,0.8,0,0,0,38.7,42.6,46.6,0.26,0.33,0.24
TUPP,2019-11-08 18:55:00 EST,44.22128,-74.43826,1650,20.0,19.9,13.1,84.0,15.9,0.000,0.013,0.00,0.000,4.1,8.5,1.9,269,23,4.9,10.5,2.1,270,23,4.9,10.5,2.1,270,23,0,28.42,0.8,0,0,0,38.7,42.6,46.6,0.26,0.33,0.24
TUPP,2019-11-08 19:00:00 EST,44.22128,-74.43826,1650,20.0,19.9,12.0,83.9,15.9,0.000,0.013,0.00,0.000,4.9,9.8,1.6,279,23,5.9,12.4,1.8,280,22,5.9,12.4,1.8,280,22,0,28.42,0.8,0,0,0,38.7,42.5,46.6,0.26,0.33,0.24
TUPP,2019-11-08 19:05:00 EST,44.22128,-74.43826,1650,20.0,19.9,13.7,84.1,16.0,0.000,0.013,0.00,0.000,3.7,7.5,1.5,267,23,4.4,9.5,1.8,269,22,4.4,9.5,1.8,269,22,0,28.42,0.8,0,0,0,38.7,42.6,46.6,0.26,0.33,0.24
TUPP,2019-11-08 19:10:00 EST,44.22128,-74.43826,1650,19.9,19.8,14.1,84.5,16.0,0.000,0.013,0.00,0.000,3.5,6.5,1.3,256,25,4.0,7.5,1.5,256,23,4.0,7.5,1.5,256,23,0,28.42,0.8,0,0,0,38.7,42.5,46.6,0.26,0.33,0.24
TUPP,2019-11-08 19:15:00 EST,44.22128,-74.43826,1650,19.9,19.8,14.0,84.4,15.9,0.000,0.013,0.00,0.000,3.6,7.3,1.5,251,22,4.0,8.3,1.6,254,21,4.0,8.3,1.6,254,21,0,28.42,0.7,0,0,0,38.7,42.5,46.6,0.26,0.33,0.24
TUPP,2019-11-08 19:20:00 EST,44.22128,-74.43826,1650,19.6,19.6,13.0,84.4,15.7,0.000,0.013,0.00,0.000,4.1,9.6,1.7,250,23,4.6,10.8,1.9,252,22,4.6,10.8,1.9,252,22,0,28.42,0.8,0,0,0,38.7,42.5,46.6,0.26,0.33,0.24
TUPP,2019-11-08 19:25:00 EST,44.22128,-74.43826,1650,19.5,19.5,12.5,83.8,15.4,0.000,0.013,0.00,0.000,4.2,9.0,1.7,259,21,5.0,10.6,1.8,260,19,5.0,10.6,1.8,260,19,0,28.42,0.7,0,0,0,38.7,42.5,46.6,0.26,0.33,0.24
TUPP,2019-11-08 19:30:00 EST,44.22128,-74.43826,1650,19.4,19.4,12.7,83.8,15.3,0.000,0.013,0.00,0.000,3.8,5.9,0.9,256,21,4.7,7.9,1.1,257,20,4.7,7.9,1.1,257,20,0,28.42,0.7,0,0,0,38.7,42.5,46.6,0.26,0.33,0.24
TUPP,2019-11-08 19:35:00 EST,44.22128,-74.43826,1650,19.2,19.3,12.7,84.1,15.2,0.000,0.013,0.00,0.000,3.8,7.3,1.3,260,22,4.5,8.3,1.4,261,21,4.5,8.3,1.4,261,21,0,28.42,0.8,0,0,0,38.7,42.4,46.6,0.26,0.33,0.24
TUPP,2019-11-08 19:40:00 EST,44.22128,-74.43826,1650,19.0,19.2,14.1,84.2,15.1,0.000,0.013,0.00,0.000,2.8,5.1,1.2,257,21,3.3,6.6,1.5,258,18,3.3,6.6,1.5,258,18,0,28.42,0.7,0,0,0,38.7,42.4,46.6,0.26,0.33,0.24
TUPP,2019-11-08 19:45:00 EST,44.22128,-74.43826,1650,18.8,19.0,13.2,85.0,15.0,0.000,0.013,0.00,0.000,3.2,6.6,1.1,254,22,3.7,7.0,1.3,256,21,3.7,7.0,1.3,256,21,0,28.42,0.8,0,0,0,38.7,42.4,46.6,0.26,0.33,0.24
TUPP,2019-11-08 19:50:00 EST,44.22128,-74.43826,1650,18.5,18.9,14.0,85.5,14.9,0.000,0.013,0.00,0.000,2.5,8.0,1.6,265,26,3.0,8.2,1.7,269,27,3.0,8.2,1.7,269,27,0,28.42,0.7,0,0,0,38.7,42.4,46.6,0.26,0.33,0.24
TUPP,2019-11-08 19:55:00 EST,44.22128,-74.43826,1650,18.6,18.9,12.7,86.0,15.1,0.000,0.013,0.00,0.000,3.4,6.9,1.3,255,21,4.0,7.3,1.4,256,19,4.0,7.3,1.4,256,19,0,28.42,0.7,0,0,0,38.7,42.4,46.6,0.26,0.33,0.24
TUPP,2019-11-08 20:00:00 EST,44.22128,-74.43826,1650,18.3,18.7,18.3,86.2,14.9,0.000,0.013,0.00,0.000,2.3,4.3,0.8,254,21,2.9,5.6,0.9,254,22,2.9,5.6,0.9,254,22,0,28.42,0.7,0,0,0,38.7,42.4,46.5,0.26,0.33,0.24
TUPP,2019-11-08 20:05:00 EST,44.22128,-74.43826,1650,18.3,18.6,13.3,86.7,15.0,0.000,0.013,0.00,0.000,2.8,6.9,1.5,255,19,3.3,8.5,1.6,258,19,3.3,8.5,1.6,258,19,0,28.42,0.8,0,0,0,38.7,42.4,46.5,0.26,0.33,0.24
TUPP,2019-11-08 20:10:00 EST,44.22128,-74.43826,1650,18.5,18.7,14.0,86.4,15.2,0.000,0.013,0.00,0.000,2.6,5.0,1.0,248,18,3.0,6.2,1.2,248,16,3.0,6.2,1.2,248,16,0,28.42,0.7,0,0,0,38.7,42.4,46.5,0.26,0.33,0.24
TUPP,2019-11-08 20:15:00 EST,44.22128,-74.43826,1650,18.4,18.7,13.2,86.2,15.0,0.000,0.013,0.00,0.000,2.7,6.6,1.2,258,22,3.4,6.5,1.2,261,20,3.4,6.5,1.2,261,20,0,28.42,0.7,0,0,0,38.7,42.4,46.5,0.26,0.33,0.24
TUPP,2019-11-08 20:20:00 EST,44.22128,-74.43826,1650,18.3,18.6,18.3,86.4,15.0,0.000,0.013,0.00,0.000,2.0,3.5,0.7,248,22,2.4,3.6,0.7,247,24,2.4,3.6,0.7,247,24,0,28.42,0.7,0,0,0,38.6,42.4,46.5,0.26,0.33,0.24
TUPP,2019-11-08 20:25:00 EST,44.22128,-74.43826,1650,18.2,18.6,13.6,86.9,15.0,0.000,0.013,0.00,0.000,2.7,4.6,0.8,245,19,3.1,5.6,1.1,246,19,3.1,5.6,1.1,246,19,0,28.43,0.7,0,0,0,38.6,42.4,46.5,0.26,0.33,0.24
TUPP,2019-11-08 20:30:00 EST,44.22128,-74.43826,1650,18.2,18.5,18.2,86.5,14.8,0.000,0.013,0.00,0.000,2.4,5.3,1.3,251,20,2.9,6.1,1.3,251,21,2.9,6.1,1.3,251,21,0,28.43,0.8,0,0,0,38.6,42.4,46.4,0.26,0.33,0.24
TUPP,2019-11-08 20:35:00 EST,44.22128,-74.43826,1650,18.4,18.6,13.7,86.1,14.9,0.000,0.013,0.00,0.000,2.7,5.5,1.3,252,18,3.1,6.2,1.6,253,17,3.1,6.2,1.6,253,17,0,28.43,0.6,0,0,0,38.5,42.4,46.4,0.26,0.33,0.24
TUPP,2019-11-08 20:40:00 EST,44.22128,-74.43826,1650,18.0,18.5,18.0,85.7,14.4,0.000,0.013,0.00,0.000,2.2,4.3,1.0,262,22,2.7,5.8,1.2,265,21,2.7,5.8,1.2,265,21,0,28.43,0.7,0,0,0,38.5,42.4,46.4,0.26,0.33,0.24
TUPP,2019-11-08 20:45:00 EST,44.22128,-74.43826,1650,18.1,18.5,13.1,86.3,14.7,0.000,0.013,0.00,0.000,2.8,4.4,0.8,263,25,3.2,5.4,1.0,262,23,3.2,5.4,1.0,262,23,0,28.43,0.7,0,0,0,38.5,42.4,46.4,0.26,0.33,0.24
TUPP,2019-11-08 20:50:00 EST,44.22128,-74.43826,1650,18.1,18.6,13.4,86.2,14.7,0.000,0.013,0.00,0.000,2.7,5.8,1.0,266,23,3.1,6.9,1.2,269,23,3.1,6.9,1.2,269,23,0,28.43,0.8,0,0,0,38.5,42.4,46.4,0.26,0.33,0.24
TUPP,2019-11-08 20:55:00 EST,44.22128,-74.43826,1650,18.0,18.5,18.0,85.5,14.4,0.000,0.013,0.00,0.000,1.5,4.7,0.9,267,29,1.9,6.3,1.1,272,30,1.9,6.3,1.1,272,30,0,28.43,0.7,0,0,0,38.5,42.4,46.4,0.26,0.33,0.24
TUPP,2019-11-08 21:00:00 EST,44.22128,-74.43826,1650,18.0,18.5,18.0,86.1,14.5,0.000,0.013,0.00,0.000,1.9,3.9,0.8,260,30,2.3,5.1,0.9,262,26,2.3,5.1,0.9,262,26,0,28.43,0.7,0,0,0,38.5,42.4,46.4,0.26,0.33,0.24
TUPP,2019-11-08 21:05:00 EST,44.22128,-74.43826,1650,18.2,18.6,13.7,85.7,14.7,0.000,0.013,0.00,0.000,2.7,5.0,1.0,258,20,3.0,6.2,1.2,257,19,3.0,6.2,1.2,257,19,0,28.43,0.8,0,0,0,38.5,42.4,46.4,0.26,0.33,0.24
TUPP,2019-11-08 21:10:00 EST,44.22128,-74.43826,1650,18.3,18.7,18.3,85.2,14.6,0.000,0.013,0.00,0.000,2.3,4.6,1.0,261,21,2.8,6.3,1.3,261,20,2.8,6.3,1.3,261,20,0,28.43,0.8,0,0,0,38.5,42.4,46.4,0.26,0.33,0.24
TUPP,2019-11-08 21:15:00 EST,44.22128,-74.43826,1650,18.1,18.6,18.1,85.2,14.4,0.000,0.013,0.00,0.000,2.2,4.2,0.9,265,18,2.7,5.9,1.1,266,18,2.7,5.9,1.1,266,18,0,28.43,0.8,0,0,0,38.5,42.4,46.4,0.26,0.33,0.24
TUPP,2019-11-08 21:20:00 EST,44.22128,-74.43826,1650,18.2,18.6,13.2,85.6,14.6,0.000,0.013,0.00,0.000,2.8,5.4,0.9,260,17,3.3,7.2,1.0,260,16,3.3,7.2,1.0,260,16,0,28.43,0.5,0,0,0,38.5,42.4,46.4,0.26,0.33,0.24
TUPP,2019-11-08 21:25:00 EST,44.22128,-74.43826,1650,17.9,18.5,17.9,86.1,14.5,0.000,0.013,0.00,0.000,2.2,4.2,0.9,255,26,2.7,4.9,1.1,256,26,2.7,4.9,1.1,256,26,0,28.43,0.7,0,0,0,38.5,42.4,46.4,0.26,0.33,0.24
TUPP,2019-11-08 21:30:00 EST,44.22128,-74.43826,1650,17.8,18.4,17.8,86.0,14.3,0.000,0.013,0.00,0.000,2.1,4.2,1.0,275,23,2.5,5.5,1.2,274,22,2.5,5.5,1.2,274,22,0,28.43,0.8,0,0,0,38.5,42.4,46.4,0.26,0.33,0.24
TUPP,2019-11-08 21:35:00 EST,44.22128,-74.43826,1650,18.0,18.4,18.0,86.0,14.5,0.000,0.013,0.00,0.000,2.5,5.4,1.1,276,16,2.9,6.4,1.2,277,16,2.9,6.4,1.2,277,16,0,28.43,0.8,0,0,0,38.5,42.4,46.4,0.26,0.33,0.24
TUPP,2019-11-08 21:40:00 EST,44.22128,-74.43826,1650,17.9,18.4,17.9,86.0,14.4,0.000,0.013,0.00,0.000,1.9,4.2,1.0,277,20,2.4,6.2,1.1,279,19,2.4,6.2,1.1,279,19,0,28.43,0.7,0,0,0,38.5,42.4,46.4,0.26,0.33,0.24
TUPP,2019-11-08 21:45:00 EST,44.22128,-74.43826,1650,17.8,18.3,17.8,86.3,14.4,0.000,0.013,0.00,0.000,2.4,5.0,0.9,279,18,2.8,5.8,1.0,280,17,2.8,5.8,1.0,280,17,0,28.43,0.7,0,0,0,38.5,42.4,46.4,0.26,0.33,0.24
TUPP,2019-11-08 21:50:00 EST,44.22128,-74.43826,1650,17.6,18.1,17.6,86.8,14.3,0.000,0.013,0.00,0.000,2.0,3.7,0.7,274,19,2.4,5.1,0.8,274,18,2.4,5.1,0.8,274,18,0,28.43,0.5,0,0,0,38.5,42.4,46.4,0.26,0.33,0.24
TUPP,2019-11-08 21:55:00 EST,44.22128,-74.43826,1650,17.2,18.0,17.2,86.9,14.0,0.000,0.013,0.00,0.000,1.9,4.4,1.0,265,19,2.3,5.1,1.0,267,19,2.3,5.1,1.0,267,19,0,28.43,0.8,0,0,0,38.5,42.4,46.4,0.26,0.33,0.24
TUPP,2019-11-08 22:00:00 EST,44.22128,-74.43826,1650,17.5,18.1,12.6,87.0,14.3,0.000,0.013,0.00,0.000,2.8,5.3,1.1,267,21,3.2,6.0,1.3,269,20,3.2,6.0,1.3,269,20,0,28.43,0.7,0,0,0,38.5,42.4,46.4,0.26,0.33,0.24
TUPP,2019-11-08 22:05:00 EST,44.22128,-74.43826,1650,17.5,18.0,17.5,86.8,14.2,0.000,0.013,0.00,0.000,2.2,4.3,0.8,269,17,2.6,5.7,1.0,270,18,2.6,5.7,1.0,270,18,0,28.43,0.8,0,0,0,38.4,42.4,46.4,0.26,0.33,0.24
TUPP,2019-11-08 22:10:00 EST,44.22128,-74.43826,1650,17.4,18.0,17.4,86.5,14.1,0.000,0.013,0.00,0.000,2.6,4.7,0.8,267,18,3.0,6.0,0.9,268,18,3.0,6.0,0.9,268,18,0,28.43,0.6,0,0,0,38.3,42.4,46.4,0.26,0.33,0.24
TUPP,2019-11-08 22:15:00 EST,44.22128,-74.43826,1650,17.3,18.0,17.3,86.5,14.0,0.000,0.013,0.00,0.000,2.5,4.2,0.6,271,21,2.8,4.8,0.8,272,21,2.8,4.8,0.8,272,21,0,28.43,0.6,0,0,0,38.3,42.4,46.4,0.26,0.33,0.24
TUPP,2019-11-08 22:20:00 EST,44.22128,-74.43826,1650,17.6,18.1,12.6,86.5,14.2,0.000,0.013,0.00,0.000,2.7,5.6,1.1,274,20,3.2,7.4,1.2,277,20,3.2,7.4,1.2,277,20,0,28.43,0.8,0,0,0,38.3,42.4,46.4,0.26,0.33,0.24
TUPP,2019-11-08 22:25:00 EST,44.22128,-74.43826,1650,17.5,18.0,12.5,85.8,13.9,0.000,0.013,0.00,0.000,2.8,6.3,1.2,264,21,3.2,6.8,1.3,262,21,3.2,6.8,1.3,262,21,0,28.43,0.7,0,0,0,38.3,42.4,46.4,0.26,0.33,0.24
TUPP,2019-11-08 22:30:00 EST,44.22128,-74.43826,1650,17.7,18.2,12.3,85.5,14.1,0.000,0.013,0.00,0.000,3.1,6.4,1.0,265,16,3.5,7.3,1.2,267,16,3.5,7.3,1.2,267,16,0,28.43,0.7,0,0,0,38.3,42.4,46.4,0.26,0.33,0.24
TUPP,2019-11-08 22:35:00 EST,44.22128,-74.43826,1650,17.4,18.2,17.4,85.6,13.8,0.000,0.013,0.00,0.000,2.5,5.3,1.1,252,21,2.9,5.4,1.3,251,19,2.9,5.4,1.3,251,19,0,28.43,0.8,0,0,0,38.3,42.4,46.4,0.26,0.33,0.24
TUPP,2019-11-08 22:40:00 EST,44.22128,-74.43826,1650,17.1,18.1,17.1,86.6,13.8,0.000,0.013,0.00,0.000,2.1,3.9,0.7,269,32,2.2,3.9,0.7,268,34,2.2,3.9,0.7,268,34,0,28.43,0.6,0,0,0,38.3,42.4,46.4,0.26,0.33,0.24
TUPP,2019-11-08 22:45:00 EST,44.22128,-74.43826,1650,17.0,18.2,17.0,88.4,14.1,0.000,0.013,0.00,0.000,2.5,4.4,0.9,260,23,2.8,5.0,0.9,260,24,2.8,5.0,0.9,260,24,0,28.43,0.6,0,0,0,38.3,42.4,46.4,0.26,0.33,0.24
TUPP,2019-11-08 22:50:00 EST,44.22128,-74.43826,1650,17.0,18.3,12.2,88.9,14.4,0.000,0.013,0.00,0.000,2.7,4.7,0.8,249,15,3.1,5.5,0.8,250,14,3.1,5.5,0.8,250,14,0,28.43,0.6,0,0,0,38.3,42.4,46.4,0.26,0.33,0.24
TUPP,2019-11-08 22:55:00 EST,44.22128,-74.43826,1650,16.5,18.1,16.5,88.3,13.7,0.000,0.013,0.00,0.000,1.2,3.4,0.9,252,18,1.5,4.0,0.9,254,23,1.5,4.0,0.9,254,23,0,28.43,0.5,0,0,0,38.3,42.4,46.4,0.26,0.33,0.24
TUPP,2019-11-08 23:00:00 EST,44.22128,-74.43826,1650,15.3,17.9,15.3,88.6,12.5,0.000,0.013,0.00,0.000,1.7,3.1,0.8,265,22,2.1,3.8,0.8,268,22,2.1,3.8,0.8,268,22,0,28.43,0.8,0,0,0,38.3,42.4,46.4,0.26,0.33,0.24
TUPP,2019-11-08 23:05:00 EST,44.22128,-74.43826,1650,16.9,18.1,16.9,90.7,14.6,0.000,0.013,0.00,0.000,2.0,4.7,0.8,242,21,2.3,5.7,0.9,243,23,2.3,5.7,0.9,243,23,0,28.43,0.5,0,0,0,38.3,42.4,46.4,0.26,0.33,0.24
TUPP,2019-11-08 23:10:00 EST,44.22128,-74.43826,1650,15.5,18.0,15.5,88.3,12.7,0.000,0.013,0.00,0.000,1.1,2.6,0.5,242,16,1.4,2.9,0.6,244,19,1.4,2.9,0.6,244,19,0,28.43,0.7,0,0,0,38.3,42.4,46.4,0.26,0.33,0.24
TUPP,2019-11-08 23:15:00 EST,44.22128,-74.43826,1650,13.7,17.1,13.7,88.8,11.0,0.000,0.013,0.00,0.000,0.1,1.0,0.2,271,3,0.2,1.7,0.4,262,25,0.2,1.7,0.4,262,25,0,28.42,0.7,0,0,0,38.3,42.4,46.4,0.26,0.33,0.24
TUPP,2019-11-08 23:20:00 EST,44.22128,-74.43826,1650,13.3,15.6,13.3,90.3,11.0,0.000,0.013,0.00,0.000,0.1,1.0,0.2,259,22,0.3,1.5,0.5,282,31,0.3,1.5,0.5,282,31,0,28.43,0.7,0,0,0,38.3,42.4,46.4,0.26,0.33,0.24
TUPP,2019-11-08 23:25:00 EST,44.22128,-74.43826,1650,13.2,16.3,13.2,91.3,11.2,0.000,0.013,0.00,0.000,0.7,1.5,0.5,259,31,1.0,2.8,0.7,259,33,1.0,2.8,0.7,259,33,0,28.43,0.7,0,0,0,38.3,42.4,46.4,0.26,0.33,0.24
TUPP,2019-11-08 23:30:00 EST,44.22128,-74.43826,1650,13.0,16.2,13.0,91.9,11.1,0.000,0.013,0.00,0.000,1.5,2.8,0.6,259,16,1.8,3.6,0.7,261,20,1.8,3.6,0.7,261,20,0,28.43,0.9,0,0,0,38.2,42.4,46.4,0.26,0.33,0.24
TUPP,2019-11-08 23:35:00 EST,44.22128,-74.43826,1650,15.0,17.2,15.0,94.6,13.8,0.000,0.013,0.00,0.000,2.6,4.7,0.9,241,17,2.8,5.5,1.0,242,17,2.8,5.5,1.0,242,17,0,28.43,0.6,0,0,0,38.1,42.4,46.4,0.26,0.33,0.24
TUPP,2019-11-08 23:40:00 EST,44.22128,-74.43826,1650,15.3,17.6,15.3,93.6,13.7,0.000,0.013,0.00,0.000,2.1,4.7,0.9,246,13,2.4,5.3,0.9,247,14,2.4,5.3,0.9,247,14,0,28.43,0.7,0,0,0,38.1,42.4,46.4,0.26,0.33,0.24
TUPP,2019-11-08 23:45:00 EST,44.22128,-74.43826,1650,15.1,17.6,15.1,91.3,13.0,0.000,0.013,0.00,0.000,1.9,3.3,0.5,242,16,2.3,4.0,0.6,242,18,2.3,4.0,0.6,242,18,0,28.43,0.8,0,0,0,38.1,42.4,46.4,0.26,0.33,0.24
TUPP,2019-11-08 23:50:00 EST,44.22128,-74.43826,1650,16.2,17.7,16.2,92.1,14.3,0.000,0.013,0.00,0.000,2.6,4.9,1.0,240,15,2.9,5.5,1.2,240,16,2.9,5.5,1.2,240,16,0,28.43,0.8,0,0,0,38.1,42.3,46.4,0.26,0.33,0.24
TUPP,2019-11-08 23:55:00 EST,44.22128,-74.43826,1650,16.3,17.6,16.3,90.0,13.9,0.000,0.013,0.00,0.000,2.3,4.6,0.8,231,15,2.4,4.8,0.8,231,14,2.4,4.8,0.8,231,14,0,28.43,0.6,0,0,0,38.1,42.3,46.4,0.26,0.33,0.24
TYRO,2019-11-08 00:00:00 EST,42.40611,-77.05390,1204,27.1,27.2,27.1,91.2,24.9,0.000,0.174,0.00,0.000,2.6,3.6,0.6,199,8,2.8,4.1,0.5,201,8,2.8,4.1,0.5,201,8,0,28.81,,0,0,0,43.0,46.0,48.5,0.40,0.37,0.36
TYRO,2019-11-08 00:05:00 EST,42.40611,-77.05390,1204,27.2,27.2,27.2,90.8,24.8,0.000,0.000,0.00,0.000,2.8,3.7,0.3,199,7,3.0,4.3,0.4,202,6,3.0,4.3,0.4,202,6,0,28.81,,0,0,0,43.0,46.0,48.5,0.40,0.37,0.36
TYRO,2019-11-08 00:10:00 EST,42.40611,-77.05390,1204,27.2,27.3,23.8,90.6,24.8,0.000,0.000,0.00,0.000,3.0,3.9,0.5,209,7,3.1,4.0,0.4,213,8,3.1,4.0,0.4,213,8,0,28.81,,0,0,0,43.0,46.0,48.4,0.40,0.37,0.36
TYRO,2019-11-08 00:15:00 EST,42.40611,-77.05390,1204,27.3,27.3,23.8,90.0,24.7,0.000,0.000,0.00,0.000,3.0,3.9,0.4,202,8,3.1,4.6,0.6,205,9,3.1,4.6,0.6,205,9,0,28.81,,0,0,0,42.9,46.0,48.5,0.40,0.37,0.36
TYRO,2019-11-08 00:20:00 EST,42.40611,-77.05390,1204,27.3,27.3,27.3,90.1,24.8,0.000,0.000,0.00,0.000,2.5,3.7,0.6,226,18,2.7,4.0,0.6,232,19,2.7,4.0,0.6,232,19,0,28.81,,0,0,0,42.8,46.0,48.4,0.40,0.37,0.36
TYRO,2019-11-08 00:25:00 EST,42.40611,-77.05390,1204,27.2,27.3,27.2,89.8,24.7,0.000,0.000,0.00,0.000,2.2,3.7,0.8,246,12,2.3,4.1,1.0,251,14,2.3,4.1,1.0,251,14,0,28.81,,0,0,0,42.8,46.0,48.5,0.40,0.37,0.35
TYRO,2019-11-08 00:30:00 EST,42.40611,-77.05390,1204,27.4,27.4,21.8,88.5,24.4,0.000,0.000,0.00,0.000,4.6,9.5,2.0,248,15,4.9,10.9,2.1,251,14,4.9,10.9,2.1,251,14,0,28.81,,0,0,0,42.8,46.0,48.6,0.40,0.37,0.36
TYRO,2019-11-08 00:35:00 EST,42.40611,-77.05390,1204,27.5,27.5,20.9,85.9,23.9,0.000,0.000,0.00,0.000,5.7,7.8,1.2,240,9,6.0,8.3,1.3,242,9,6.0,8.3,1.3,242,9,0,28.81,,0,0,0,42.8,46.0,48.5,0.40,0.37,0.36
TYRO,2019-11-08 00:40:00 EST,42.40611,-77.05390,1204,27.5,27.5,21.6,85.5,23.7,0.000,0.000,0.00,0.000,5.0,7.7,1.6,242,9,5.2,8.5,1.8,244,9,5.2,8.5,1.8,244,9,0,28.81,,0,0,0,42.8,46.0,48.5,0.40,0.37,0.36
TYRO,2019-11-08 00:45:00 EST,42.40611,-77.05390,1204,27.5,27.5,27.5,85.7,23.7,0.000,0.000,0.00,0.000,2.9,4.6,0.9,231,11,2.9,4.9,0.8,234,11,2.9,4.9,0.8,234,11,0,28.81,,0,0,0,42.8,46.0,48.6,0.40,0.37,0.35
TYRO,2019-11-08 00:50:00 EST,42.40611,-77.05390,1204,27.4,27.4,27.4,87.2,24.1,0.000,0.000,0.00,0.000,1.8,4.0,0.7,236,14,1.9,4.2,0.7,237,15,1.9,4.2,0.7,237,15,0,28.81,,0,0,0,42.8,46.0,48.5,0.40,0.37,0.35
TYRO,2019-11-08 00:55:00 EST,42.40611,-77.05390,1204,27.4,27.4,27.4,87.7,24.3,0.000,0.000,0.00,0.000,2.3,3.5,0.4,236,11,2.3,4.2,0.5,240,12,2.3,4.2,0.5,240,12,0,28.81,,0,0,0,42.8,46.0,48.5,0.40,0.37,0.35
TYRO,2019-11-08 01:00:00 EST,42.40611,-77.05390,1204,27.4,27.4,24.1,88.8,24.5,0.000,0.000,0.00,0.000,2.9,3.5,0.5,201,19,3.0,4.0,0.6,202,18,3.0,4.0,0.6,202,18,0,28.81,,0,0,0,42.8,46.0,48.5,0.40,0.37,0.35
TYRO,2019-11-08 01:05:00 EST,42.40611,-77.05390,1204,27.3,27.3,27.3,90.0,24.8,0.000,0.000,0.00,0.000,2.0,3.1,0.5,201,10,2.1,3.3,0.5,204,11,2.1,3.3,0.5,204,11,0,28.80,,0,0,0,42.8,46.0,48.5,0.40,0.37,0.36
TYRO,2019-11-08 01:10:00 EST,42.40611,-77.05390,1204,27.3,27.3,27.3,90.8,24.9,0.000,0.000,0.00,0.000,1.7,3.2,0.9,189,11,2.0,3.6,0.9,192,13,2.0,3.6,0.9,192,13,0,28.80,,0,0,0,42.8,46.0,48.5,0.40,0.37,0.36
TYRO,2019-11-08 01:15:00 EST,42.40611,-77.05390,1204,27.3,27.3,27.3,90.8,25.0,0.000,0.000,0.00,0.000,1.4,4.2,1.0,231,16,1.7,4.2,0.9,236,16,1.7,4.2,0.9,236,16,0,28.80,,0,0,0,42.8,45.9,48.5,0.40,0.37,0.35
TYRO,2019-11-08 01:20:00 EST,42.40611,-77.05390,1204,27.4,27.5,22.9,88.7,24.5,0.000,0.000,0.00,0.000,3.7,8.0,1.6,240,13,3.9,8.9,1.7,242,14,3.9,8.9,1.7,242,14,0,28.80,,0,0,0,42.8,45.9,48.4,0.40,0.37,0.36
TYRO,2019-11-08 01:25:00 EST,42.40611,-77.05390,1204,27.4,27.5,23.0,87.5,24.2,0.000,0.000,0.00,0.000,3.4,6.4,1.5,244,19,3.8,7.6,1.6,247,20,3.8,7.6,1.6,247,20,0,28.80,,0,0,0,42.8,45.9,48.5,0.40,0.37,0.36
TYRO,2019-11-08 01:30:00 EST,42.40611,-77.05390,1204,27.3,27.4,27.3,88.4,24.4,0.000,0.000,0.00,0.000,1.9,3.5,0.6,225,21,2.0,4.7,0.6,228,24,2.0,4.7,0.6,228,24,0,28.80,,0,0,0,42.8,45.9,48.5,0.40,0.37,0.36
TYRO,2019-11-08 01:35:00 EST,42.40611,-77.05390,1204,27.2,27.3,27.2,88.3,24.3,0.000,0.000,0.00,0.000,2.5,5.4,1.0,225,29,2.8,6.0,1.2,228,31,2.8,6.0,1.2,228,31,0,28.80,,0,0,0,42.8,46.0,48.5,0.40,0.37,0.36
TYRO,2019-11-08 01:40:00 EST,42.40611,-77.05390,1204,26.8,27.1,26.8,88.6,23.9,0.000,0.000,0.00,0.000,1.7,3.3,0.6,179,22,2.0,3.7,0.6,182,22,2.0,3.7,0.6,182,22,0,28.80,,0,0,0,42.8,45.9,48.5,0.40,0.37,0.36
TYRO,2019-11-08 01:45:00 EST,42.40611,-77.05390,1204,26.5,27.0,26.5,89.5,23.9,0.000,0.000,0.00,0.000,1.3,2.3,0.4,184,17,1.4,2.5,0.4,187,17,1.4,2.5,0.4,187,17,0,28.80,,0,0,0,42.7,45.9,48.5,0.40,0.37,0.35
TYRO,2019-11-08 01:50:00 EST,42.40611,-77.05390,1204,26.7,26.9,26.7,90.4,24.3,0.000,0.000,0.00,0.000,1.4,2.3,0.5,195,16,1.7,2.7,0.5,196,17,1.7,2.7,0.5,196,17,0,28.80,,0,0,0,42.7,45.9,48.5,0.40,0.37,0.36
TYRO,2019-11-08 01:55:00 EST,42.40611,-77.05390,1204,26.9,27.0,26.9,91.1,24.6,0.000,0.000,0.00,0.000,2.0,3.7,0.6,209,16,2.1,3.9,0.5,210,17,2.1,3.9,0.5,210,17,0,28.81,,0,0,0,42.6,45.9,48.5,0.40,0.37,0.36
TYRO,2019-11-08 02:00:00 EST,42.40611,-77.05390,1204,26.9,27.0,26.9,91.2,24.7,0.000,0.000,0.00,0.000,2.0,3.0,0.4,221,16,2.0,3.1,0.4,221,18,2.0,3.1,0.4,221,18,0,28.80,,0,0,0,42.6,45.9,48.5,0.40,0.37,0.36
TYRO,2019-11-08 02:05:00 EST,42.40611,-77.05390,1204,27.0,27.1,27.0,90.2,24.5,0.000,0.000,0.00,0.000,2.7,4.6,0.6,246,15,2.8,5.0,0.7,251,16,2.8,5.0,0.7,251,16,0,28.80,,0,0,0,42.6,46.0,48.5,0.40,0.37,0.36
TYRO,2019-11-08 02:10:00 EST,42.40611,-77.05390,1204,27.0,27.0,21.2,90.2,24.5,0.002,0.002,0.00,0.002,4.6,7.4,1.0,257,14,5.0,8.1,1.1,258,14,5.0,8.1,1.1,258,14,0,28.81,,0,0,0,42.6,45.9,48.5,0.40,0.37,0.36
TYRO,2019-11-08 02:15:00 EST,42.40611,-77.05390,1204,26.7,26.7,21.7,91.6,24.6,0.000,0.002,0.00,0.002,3.9,5.4,0.7,258,14,4.2,5.7,0.8,262,14,4.2,5.7,0.8,262,14,0,28.81,,0,0,0,42.6,45.9,48.5,0.40,0.37,0.36
TYRO,2019-11-08 02:20:00 EST,42.40611,-77.05390,1204,26.7,26.6,22.6,92.3,24.7,0.000,0.002,0.00,0.002,3.2,5.1,0.8,253,8,3.5,5.8,0.8,257,9,3.5,5.8,0.8,257,9,0,28.81,,0,0,0,42.6,45.9,48.5,0.40,0.37,0.36
TYRO,2019-11-08 02:25:00 EST,42.40611,-77.05390,1204,26.7,26.6,22.9,92.8,24.9,0.000,0.002,0.00,0.002,3.0,5.0,1.0,262,16,3.3,5.6,1.0,266,16,3.3,5.6,1.0,266,16,0,28.81,,0,0,0,42.6,45.9,48.5,0.40,0.37,0.36
TYRO,2019-11-08 02:30:00 EST,42.40611,-77.05390,1204,26.8,26.7,22.9,92.5,24.9,0.000,0.002,0.00,0.002,3.2,4.5,0.4,278,25,3.4,4.7,0.6,280,25,3.4,4.7,0.6,280,25,0,28.81,,0,0,0,42.6,45.9,48.5,0.40,0.37,0.36
TYRO,2019-11-08 02:35:00 EST,42.40611,-77.05390,1204,26.7,26.6,26.7,92.8,24.9,0.000,0.002,0.00,0.002,3.0,4.8,0.8,318,20,2.9,5.6,0.9,319,21,2.9,5.6,0.9,319,21,0,28.81,,0,0,0,42.6,46.0,48.5,0.40,0.37,0.36
TYRO,2019-11-08 02:40:00 EST,42.40611,-77.05390,1204,26.7,26.7,26.7,93.1,25.0,0.000,0.002,0.00,0.002,2.6,4.5,0.9,281,17,2.8,5.6,0.9,283,17,2.8,5.6,0.9,283,17,0,28.81,,0,0,0,42.6,45.9,48.6,0.40,0.37,0.36
TYRO,2019-11-08 02:45:00 EST,42.40611,-77.05390,1204,26.8,26.8,22.5,93.1,25.1,0.000,0.002,0.00,0.002,3.3,6.5,1.3,280,14,3.7,7.3,1.4,281,12,3.7,7.3,1.4,281,12,0,28.81,,0,0,0,42.6,45.9,48.5,0.40,0.37,0.36
TYRO,2019-11-08 02:50:00 EST,42.40611,-77.05390,1204,26.9,26.9,22.5,92.8,25.1,0.000,0.002,0.00,0.002,3.6,5.9,1.2,297,15,3.7,6.4,1.1,298,15,3.7,6.4,1.1,298,15,0,28.81,,0,0,0,42.5,45.9,48.5,0.40,0.37,0.36
TYRO,2019-11-08 02:55:00 EST,42.40611,-77.05390,1204,27.1,27.0,22.0,92.7,25.2,0.000,0.002,0.00,0.002,4.2,7.3,1.3,300,17,4.3,7.5,1.4,300,17,4.3,7.5,1.4,300,17,0,28.81,,0,0,0,42.5,45.9,48.5,0.40,0.37,0.36
TYRO,2019-11-08 03:00:00 EST,42.40611,-77.05390,1204,27.0,26.9,22.5,93.3,25.3,0.003,0.005,0.00,0.005,3.6,6.0,1.0,293,14,3.8,6.4,1.1,292,13,3.8,6.4,1.1,292,13,0,28.81,,0,0,0,42.5,45.9,48.5,0.40,0.37,0.36
TYRO,2019-11-08 03:05:00 EST,42.40611,-77.05390,1204,26.9,26.9,23.5,93.6,25.3,0.000,0.005,0.00,0.005,2.8,6.5,1.3,304,31,3.0,7.2,1.2,304,32,3.0,7.2,1.2,304,32,0,28.81,,0,0,0,42.4,45.9,48.5,0.40,0.37,0.36
TYRO,2019-11-08 03:10:00 EST,42.40611,-77.05390,1204,26.9,27.0,22.1,93.1,25.2,0.000,0.005,0.00,0.003,3.6,6.6,1.3,326,38,4.1,8.6,1.5,330,37,4.1,8.6,1.5,330,37,0,28.81,,0,0,0,42.4,45.9,48.5,0.40,0.37,0.36
TYRO,2019-11-08 03:15:00 EST,42.40611,-77.05390,1204,26.9,27.0,21.7,92.8,25.1,0.000,0.005,0.00,0.003,4.1,8.0,1.4,329,19,4.4,10.0,1.5,334,18,4.4,10.0,1.5,334,18,0,28.81,,0,0,0,42.4,45.9,48.4,0.40,0.36,0.36
TYRO,2019-11-08 03:20:00 EST,42.40611,-77.05390,1204,27.0,27.1,20.7,91.7,24.9,0.000,0.005,0.00,0.003,5.3,8.4,1.3,311,15,5.5,9.2,1.4,312,16,5.5,9.2,1.4,312,16,0,28.81,,0,0,0,42.4,45.9,48.4,0.40,0.37,0.36
TYRO,2019-11-08 03:25:00 EST,42.40611,-77.05390,1204,26.9,27.0,21.0,90.7,24.6,0.000,0.005,0.00,0.003,4.7,8.3,1.8,333,13,5.1,9.6,1.8,334,13,5.1,9.6,1.8,334,13,0,28.81,,0,0,0,42.4,45.9,48.5,0.40,0.37,0.35
TYRO,2019-11-08 03:30:00 EST,42.40611,-77.05390,1204,26.9,26.9,21.3,90.5,24.5,0.000,0.005,0.00,0.003,4.2,6.0,0.9,343,18,4.8,7.4,1.1,345,18,4.8,7.4,1.1,345,18,0,28.82,,0,0,0,42.4,45.9,48.4,0.40,0.37,0.36
TYRO,2019-11-08 03:35:00 EST,42.40611,-77.05390,1204,26.9,26.9,23.2,90.5,24.5,0.000,0.005,0.00,0.003,3.0,5.6,1.1,334,23,3.2,7.6,1.2,335,24,3.2,7.6,1.2,335,24,0,28.82,,0,0,0,42.4,45.9,48.5,0.40,0.37,0.35
TYRO,2019-11-08 03:40:00 EST,42.40611,-77.05390,1204,26.9,26.9,20.3,89.9,24.3,0.000,0.005,0.00,0.003,5.1,9.1,1.7,340,20,5.9,11.3,2.1,343,19,5.9,11.3,2.1,343,19,0,28.82,,0,0,0,42.4,45.9,48.5,0.40,0.37,0.36
TYRO,2019-11-08 03:45:00 EST,42.40611,-77.05390,1204,26.9,26.9,21.3,88.4,23.9,0.000,0.005,0.00,0.003,4.3,10.0,2.0,341,28,4.8,9.5,1.9,344,24,4.8,9.5,1.9,344,24,0,28.82,,0,0,0,42.4,45.9,48.4,0.40,0.37,0.36
TYRO,2019-11-08 03:50:00 EST,42.40611,-77.05390,1204,26.8,26.9,19.6,87.8,23.7,0.000,0.005,0.00,0.003,6.0,12.1,2.5,344,23,6.6,14.9,2.9,347,23,6.6,14.9,2.9,347,23,0,28.82,,0,0,0,42.4,45.8,48.5,0.40,0.37,0.35
TYRO,2019-11-08 03:55:00 EST,42.40611,-77.05390,1204,26.8,26.8,20.5,87.3,23.5,0.000,0.005,0.00,0.003,4.6,9.9,1.6,349,30,5.4,12.3,2.0,353,21,5.4,12.3,2.0,353,21,0,28.82,,0,0,0,42.4,45.8,48.5,0.40,0.37,0.36
TYRO,2019-11-08 04:00:00 EST,42.40611,-77.05390,1204,26.7,26.8,21.5,87.1,23.4,0.000,0.005,0.00,0.000,4.0,7.4,1.3,333,22,4.5,7.9,1.4,333,24,4.5,7.9,1.4,333,24,0,28.82,,0,0,0,42.4,45.8,48.5,0.40,0.37,0.36
TYRO,2019-11-08 04:05:00 EST,42.40611,-77.05390,1204,26.6,26.7,19.9,87.5,23.4,0.000,0.005,0.00,0.000,5.2,9.2,1.5,349,17,5.9,10.8,1.9,351,14,5.9,10.8,1.9,351,14,0,28.82,,0,0,0,42.4,45.8,48.5,0.40,0.37,0.36
TYRO,2019-11-08 04:10:00 EST,42.40611,-77.05390,1204,26.6,26.7,18.8,87.4,23.4,0.000,0.005,0.00,0.000,7.0,11.4,1.9,328,19,7.3,11.6,1.8,330,18,7.3,11.6,1.8,330,18,0,28.82,,0,0,0,42.4,45.8,48.4,0.40,0.37,0.36
TYRO,2019-11-08 04:15:00 EST,42.40611,-77.05390,1204,26.6,26.6,20.0,87.5,23.4,0.000,0.005,0.00,0.000,5.1,7.5,1.2,335,14,5.8,9.4,1.5,336,15,5.8,9.4,1.5,336,15,0,28.82,,0,0,0,42.4,45.7,48.4,0.40,0.37,0.36
TYRO,2019-11-08 04:20:00 EST,42.40611,-77.05390,1204,26.5,26.6,19.6,87.8,23.4,0.000,0.005,0.00,0.000,5.6,11.3,1.7,341,17,6.2,12.8,2.0,344,15,6.2,12.8,2.0,344,15,0,28.83,,0,0,0,42.4,45.8,48.4,0.40,0.37,0.36
TYRO,2019-11-08 04:25:00 EST,42.40611,-77.05390,1204,26.5,26.6,19.8,87.2,23.2,0.000,0.005,0.00,0.000,5.3,12.1,1.6,347,29,5.9,12.8,2.0,348,25,5.9,12.8,2.0,348,25,0,28.83,,0,0,0,42.4,45.8,48.5,0.40,0.37,0.35
TYRO,2019-11-08 04:30:00 EST,42.40611,-77.05390,1204,26.5,26.5,18.6,85.8,22.8,0.000,0.005,0.00,0.000,6.6,13.4,2.3,331,25,7.4,16.8,2.7,333,25,7.4,16.8,2.7,333,25,0,28.83,,0,0,0,42.4,45.7,48.4,0.40,0.37,0.36
TYRO,2019-11-08 04:35:00 EST,42.40611,-77.05390,1204,26.4,26.5,19.1,85.9,22.8,0.000,0.005,0.00,0.000,6.0,13.5,2.1,345,24,6.5,15.7,2.6,346,23,6.5,15.7,2.6,346,23,0,28.83,,0,0,0,42.4,45.7,48.4,0.40,0.37,0.36
TYRO,2019-11-08 04:40:00 EST,42.40611,-77.05390,1204,26.4,26.4,18.9,85.3,22.6,0.000,0.005,0.00,0.000,6.2,12.1,2.1,336,20,6.7,12.1,2.1,338,18,6.7,12.1,2.1,338,18,0,28.83,,0,0,0,42.4,45.8,48.5,0.40,0.37,0.36
TYRO,2019-11-08 04:45:00 EST,42.40611,-77.05390,1204,26.3,26.3,18.7,85.6,22.6,0.000,0.005,0.00,0.000,6.5,11.8,1.9,321,17,6.9,13.1,2.0,321,16,6.9,13.1,2.0,321,16,0,28.83,,0,0,0,42.4,45.8,48.5,0.40,0.37,0.36
TYRO,2019-11-08 04:50:00 EST,42.40611,-77.05390,1204,26.2,26.2,21.3,85.8,22.5,0.000,0.005,0.00,0.000,3.5,6.6,1.2,332,21,4.1,7.8,1.5,333,21,4.1,7.8,1.5,333,21,0,28.83,,0,0,0,42.4,45.7,48.4,0.40,0.37,0.36
TYRO,2019-11-08 04:55:00 EST,42.40611,-77.05390,1204,26.1,26.2,19.0,86.3,22.6,0.000,0.005,0.00,0.000,5.8,10.1,1.8,343,25,6.2,12.0,1.9,343,24,6.2,12.0,1.9,343,24,0,28.83,,0,0,0,42.4,45.7,48.5,0.40,0.37,0.36
TYRO,2019-11-08 05:00:00 EST,42.40611,-77.05390,1204,26.1,26.1,18.1,85.0,22.2,0.000,0.005,0.00,0.000,6.4,16.0,2.5,336,19,7.3,17.9,2.7,339,21,7.3,17.9,2.7,339,21,0,28.84,,0,0,0,42.4,45.7,48.5,0.40,0.37,0.36
TYRO,2019-11-08 05:05:00 EST,42.40611,-77.05390,1204,26.0,26.0,18.8,84.1,21.8,0.000,0.005,0.00,0.000,5.8,11.0,1.9,319,21,6.3,10.8,2.0,320,20,6.3,10.8,2.0,320,20,0,28.84,,0,0,0,42.4,45.7,48.5,0.40,0.37,0.36
TYRO,2019-11-08 05:10:00 EST,42.40611,-77.05390,1204,25.9,26.0,17.2,84.6,21.9,0.000,0.005,0.00,0.000,8.0,14.3,2.7,323,22,8.4,15.7,2.7,323,21,8.4,15.7,2.7,323,21,0,28.84,,0,0,0,42.4,45.7,48.4,0.40,0.37,0.36
TYRO,2019-11-08 05:15:00 EST,42.40611,-77.05390,1204,25.8,25.9,19.1,85.3,22.0,0.000,0.005,0.00,0.000,5.0,9.7,2.0,329,22,5.7,10.7,2.3,333,20,5.7,10.7,2.3,333,20,0,28.84,,0,0,0,42.4,45.8,48.5,0.40,0.37,0.36
TYRO,2019-11-08 05:20:00 EST,42.40611,-77.05390,1204,25.8,25.8,19.1,87.1,22.5,0.000,0.005,0.00,0.000,5.1,8.2,1.9,355,24,5.6,10.6,2.2,357,17,5.6,10.6,2.2,357,17,0,28.84,,0,0,0,42.4,45.7,48.5,0.40,0.37,0.36
TYRO,2019-11-08 05:25:00 EST,42.40611,-77.05390,1204,25.7,25.7,20.4,87.8,22.6,0.000,0.005,0.00,0.000,4.1,12.9,2.3,330,23,4.4,12.7,2.6,331,23,4.4,12.7,2.6,331,23,0,28.85,,0,0,0,42.4,45.7,48.5,0.40,0.37,0.35
TYRO,2019-11-08 05:30:00 EST,42.40611,-77.05390,1204,25.7,25.6,16.3,85.8,22.0,0.000,0.005,0.00,0.000,8.9,13.0,2.0,323,21,9.2,14.0,2.4,325,22,9.2,14.0,2.4,325,22,0,28.85,,0,0,0,42.4,45.7,48.4,0.40,0.37,0.36
TYRO,2019-11-08 05:35:00 EST,42.40611,-77.05390,1204,25.5,25.5,17.2,86.2,22.0,0.000,0.005,0.00,0.000,7.0,12.8,2.4,340,20,7.6,14.4,2.6,342,18,7.6,14.4,2.6,342,18,0,28.85,,0,0,0,42.4,45.7,48.5,0.40,0.37,0.36
TYRO,2019-11-08 05:40:00 EST,42.40611,-77.05390,1204,25.4,25.4,19.3,87.2,22.1,0.000,0.005,0.00,0.000,4.6,9.6,1.9,331,21,5.0,10.7,2.1,333,19,5.0,10.7,2.1,333,19,0,28.85,,0,0,0,42.4,45.6,48.4,0.40,0.37,0.36
TYRO,2019-11-08 05:45:00 EST,42.40611,-77.05390,1204,25.3,25.3,19.2,87.9,22.2,0.000,0.005,0.00,0.000,4.6,7.5,1.5,330,25,5.0,8.8,1.7,335,22,5.0,8.8,1.7,335,22,0,28.86,,0,0,0,42.4,45.6,48.5,0.40,0.37,0.36
TYRO,2019-11-08 05:50:00 EST,42.40611,-77.05390,1204,25.3,25.2,19.8,88.6,22.4,0.000,0.005,0.00,0.000,4.1,6.2,1.3,325,18,4.4,7.3,1.4,323,19,4.4,7.3,1.4,323,19,0,28.86,,0,0,0,42.4,45.7,48.4,0.40,0.37,0.36
TYRO,2019-11-08 05:55:00 EST,42.40611,-77.05390,1204,25.1,25.1,19.7,88.6,22.2,0.000,0.005,0.00,0.000,3.8,8.4,1.8,343,22,4.3,10.9,1.9,345,21,4.3,10.9,1.9,345,21,0,28.86,,0,0,0,42.5,45.6,48.4,0.40,0.37,0.36
TYRO,2019-11-08 06:00:00 EST,42.40611,-77.05390,1204,25.0,25.0,17.6,88.0,21.9,0.000,0.005,0.00,0.000,6.0,11.8,2.3,313,18,6.3,13.0,2.4,312,18,6.3,13.0,2.4,312,18,0,28.86,,0,0,0,42.5,45.6,48.5,0.40,0.36,0.36
TYRO,2019-11-08 06:05:00 EST,42.40611,-77.05390,1204,24.8,24.9,17.3,86.3,21.3,0.000,0.005,0.00,0.000,5.8,11.0,2.1,326,19,6.4,12.3,2.4,326,20,6.4,12.3,2.4,326,20,0,28.87,,0,0,0,42.6,45.6,48.4,0.40,0.36,0.36
TYRO,2019-11-08 06:10:00 EST,42.40611,-77.05390,1204,24.7,24.8,16.7,84.4,20.7,0.000,0.005,0.00,0.000,6.7,13.2,2.3,321,17,7.1,14.1,2.4,322,17,7.1,14.1,2.4,322,17,0,28.87,,0,0,0,42.5,45.7,48.4,0.40,0.37,0.35
TYRO,2019-11-08 06:15:00 EST,42.40611,-77.05390,1204,24.5,24.7,16.6,83.9,20.4,0.000,0.005,0.00,0.000,6.4,11.8,2.3,320,20,6.8,12.5,2.5,321,22,6.8,12.5,2.5,321,22,0,28.87,,0,0,0,42.5,45.6,48.4,0.40,0.37,0.36
TYRO,2019-11-08 06:20:00 EST,42.40611,-77.05390,1204,24.5,24.7,17.0,83.6,20.3,0.000,0.005,0.00,0.000,6.1,10.1,1.7,324,16,6.4,10.8,1.7,324,18,6.4,10.8,1.7,324,18,0,28.87,,0,0,0,42.5,45.6,48.5,0.40,0.36,0.36
TYRO,2019-11-08 06:25:00 EST,42.40611,-77.05390,1204,24.5,24.6,17.4,85.3,20.7,0.000,0.005,0.00,0.000,5.7,10.6,1.3,334,20,5.9,11.9,1.6,336,18,5.9,11.9,1.6,336,18,0,28.87,,0,0,0,42.5,45.6,48.4,0.40,0.37,0.36
TYRO,2019-11-08 06:30:00 EST,42.40611,-77.05390,1204,24.5,24.5,18.7,86.5,21.0,0.000,0.005,0.00,0.000,4.3,6.1,1.1,329,20,4.6,7.7,1.1,329,18,4.6,7.7,1.1,329,18,0,28.87,,0,0,0,42.6,45.5,48.5,0.40,0.37,0.36
TYRO,2019-11-08 06:35:00 EST,42.40611,-77.05390,1204,24.4,24.5,18.5,88.2,21.5,0.000,0.005,0.00,0.000,4.4,6.6,1.0,339,25,4.7,7.7,1.1,341,22,4.7,7.7,1.1,341,22,0,28.87,,0,0,0,42.5,45.5,48.4,0.40,0.37,0.36
TYRO,2019-11-08 06:40:00 EST,42.40611,-77.05390,1204,24.4,24.4,17.8,89.1,21.6,0.000,0.005,0.00,0.000,5.0,9.1,1.5,326,19,5.3,8.9,1.6,330,19,5.3,8.9,1.6,330,19,0,28.88,,0,0,0,42.6,45.5,48.5,0.40,0.37,0.36
TYRO,2019-11-08 06:45:00 EST,42.40611,-77.05390,1204,24.4,24.5,17.6,88.6,21.5,0.000,0.005,0.00,0.000,5.3,10.2,2.0,328,22,5.6,10.4,2.1,330,21,5.6,10.4,2.1,330,21,1,28.88,,0,0,0,42.6,45.5,48.5,0.40,0.36,0.36
TYRO,2019-11-08 06:50:00 EST,42.40611,-77.05390,1204,24.4,24.5,17.7,88.5,21.5,0.000,0.005,0.00,0.000,5.2,8.6,1.6,316,23,5.4,10.2,1.9,317,22,5.4,10.2,1.9,317,22,2,28.88,,0,0,0,42.6,45.6,48.4,0.40,0.37,0.35
TYRO,2019-11-08 06:55:00 EST,42.40611,-77.05390,1204,24.3,24.4,16.7,87.2,21.1,0.000,0.005,0.00,0.000,6.3,12.2,2.1,308,22,6.5,11.5,2.1,308,20,6.5,11.5,2.1,308,20,3,28.88,,0,0,0,42.6,45.5,48.4,0.40,0.37,0.36
TYRO,2019-11-08 07:00:00 EST,42.40611,-77.05390,1204,24.3,24.4,15.5,85.0,20.4,0.000,0.005,0.00,0.000,7.8,13.0,1.8,316,15,7.9,12.2,1.9,317,14,7.9,12.2,1.9,317,14,4,28.88,,0,0,0,42.6,45.5,48.5,0.40,0.37,0.35
TYRO,2019-11-08 07:05:00 EST,42.40611,-77.05390,1204,24.2,24.3,14.5,82.0,19.5,0.000,0.005,0.00,0.000,9.0,16.1,3.0,310,15,9.3,17.2,2.7,310,13,9.3,17.2,2.7,310,13,6,28.89,,0,0,0,42.6,45.5,48.4,0.40,0.37,0.36
TYRO,2019-11-08 07:10:00 EST,42.40611,-77.05390,1204,24.0,24.2,14.2,80.1,18.7,0.000,0.005,0.00,0.000,8.8,14.9,3.1,304,21,9.3,15.2,3.2,303,20,9.3,15.2,3.2,303,20,8,28.89,,0,0,0,42.5,45.6,48.5,0.40,0.36,0.36
TYRO,2019-11-08 07:15:00 EST,42.40611,-77.05390,1204,23.9,24.1,14.8,78.7,18.2,0.000,0.005,0.00,0.000,8.1,15.9,2.3,314,19,8.3,16.5,2.3,315,18,8.3,16.5,2.3,315,18,10,28.90,,0,0,0,42.6,45.5,48.4,0.40,0.36,0.36
TYRO,2019-11-08 07:20:00 EST,42.40611,-77.05390,1204,23.7,23.9,14.9,78.8,18.1,0.000,0.005,0.00,0.000,7.6,13.0,2.5,317,18,7.8,12.8,2.4,318,18,7.8,12.8,2.4,318,18,12,28.90,,0,0,0,42.6,45.5,48.4,0.40,0.36,0.36
TYRO,2019-11-08 07:25:00 EST,42.40611,-77.05390,1204,23.7,23.9,14.8,78.7,18.0,0.000,0.005,0.00,0.000,7.6,17.0,2.5,315,21,7.8,17.0,2.7,314,21,7.8,17.0,2.7,314,21,16,28.90,,0,0,0,42.6,45.6,48.3,0.40,0.36,0.36
TYRO,2019-11-08 07:30:00 EST,42.40611,-77.05390,1204,23.7,23.8,14.0,78.5,17.9,0.000,0.005,0.00,0.000,8.6,16.2,2.6,314,19,9.0,15.2,2.4,315,19,9.0,15.2,2.4,315,19,17,28.90,,0,0,0,42.6,45.5,48.5,0.40,0.37,0.36
TYRO,2019-11-08 07:35:00 EST,42.40611,-77.05390,1204,23.6,23.8,13.8,78.2,17.8,0.000,0.005,0.00,0.000,9.1,16.4,2.4,302,14,9.4,16.0,2.5,301,13,9.4,16.0,2.5,301,13,20,28.90,,0,0,0,42.6,45.5,48.3,0.40,0.37,0.36
TYRO,2019-11-08 07:40:00 EST,42.40611,-77.05390,1204,23.6,23.8,15.3,78.1,17.8,0.000,0.005,0.00,0.000,6.8,13.6,2.5,300,17,7.1,15.5,2.7,300,16,7.1,15.5,2.7,300,16,27,28.91,,0,0,0,42.6,45.5,48.4,0.40,0.37,0.35
TYRO,2019-11-08 07:45:00 EST,42.40611,-77.05390,1204,23.5,23.7,16.3,79.0,18.0,0.000,0.005,0.00,0.000,5.5,9.9,1.9,308,22,5.8,10.3,1.9,307,22,5.8,10.3,1.9,307,22,32,28.91,,0,0,0,42.5,45.5,48.4,0.40,0.37,0.36
TYRO,2019-11-08 07:50:00 EST,42.40611,-77.05390,1204,23.7,23.8,15.1,79.1,18.2,0.000,0.005,0.00,0.000,7.2,12.2,2.1,304,15,7.4,12.1,2.0,304,15,7.4,12.1,2.0,304,15,40,28.91,,0,0,0,42.5,45.4,48.5,0.40,0.37,0.36
TYRO,2019-11-08 07:55:00 EST,42.40611,-77.05390,1204,23.7,23.9,15.1,78.6,18.1,0.000,0.005,0.00,0.000,7.3,13.3,2.2,301,17,7.6,13.0,2.2,301,17,7.6,13.0,2.2,301,17,36,28.91,,0,0,0,42.5,45.5,48.4,0.40,0.36,0.36
TYRO,2019-11-08 08:00:00 EST,42.40611,-77.05390,1204,23.8,23.8,16.1,79.4,18.3,0.000,0.005,0.00,0.000,5.8,12.1,2.0,301,20,6.3,13.7,2.1,300,18,6.3,13.7,2.1,300,18,39,28.92,,0,0,0,42.5,45.6,48.3,0.40,0.37,0.36
TYRO,2019-11-08 08:05:00 EST,42.40611,-77.05390,1204,23.9,23.9,14.3,78.2,18.1,0.000,0.005,0.00,0.000,8.6,14.0,2.6,297,16,9.0,14.6,2.5,297,14,9.0,14.6,2.5,297,14,43,28.92,,0,0,0,42.5,45.5,48.4,0.40,0.37,0.36
TYRO,2019-11-08 08:10:00 EST,42.40611,-77.05390,1204,23.9,23.9,14.2,77.4,17.9,0.000,0.005,0.00,0.000,8.5,15.4,2.3,294,17,9.1,18.5,2.5,293,15,9.1,18.5,2.5,293,15,38,28.92,,0,0,0,42.5,45.4,48.5,0.40,0.37,0.36
TYRO,2019-11-08 08:15:00 EST,42.40611,-77.05390,1204,23.9,23.9,14.7,77.8,18.0,0.000,0.005,0.00,0.000,8.2,12.9,2.1,302,15,8.4,12.1,1.9,303,15,8.4,12.1,1.9,303,15,40,28.92,,0,0,0,42.4,45.6,48.4,0.40,0.37,0.36
TYRO,2019-11-08 08:20:00 EST,42.40611,-77.05390,1204,23.8,23.9,15.1,77.4,17.8,0.000,0.005,0.00,0.000,7.2,12.2,2.3,308,23,7.7,14.0,2.4,308,22,7.7,14.0,2.4,308,22,43,28.92,,0,0,0,42.5,45.5,48.5,0.40,0.37,0.36
TYRO,2019-11-08 08:25:00 EST,42.40611,-77.05390,1204,23.9,23.9,15.9,76.9,17.7,0.000,0.005,0.00,0.000,6.5,14.2,2.6,319,23,6.8,16.8,2.7,321,23,6.8,16.8,2.7,321,23,43,28.93,,0,0,0,42.4,45.6,48.3,0.40,0.36,0.36
TYRO,2019-11-08 08:30:00 EST,42.40611,-77.05390,1204,24.0,24.0,14.8,76.0,17.5,0.000,0.005,0.00,0.000,8.0,12.0,2.2,304,16,8.3,12.3,2.4,304,15,8.3,12.3,2.4,304,15,45,28.93,,0,0,0,42.4,45.6,48.3,0.40,0.36,0.36
TYRO,2019-11-08 08:35:00 EST,42.40611,-77.05390,1204,24.0,24.0,14.8,75.3,17.3,0.000,0.005,0.00,0.000,7.9,15.0,3.2,294,20,8.4,16.3,3.1,294,19,8.4,16.3,3.1,294,19,47,28.93,,0,0,0,42.4,45.4,48.5,0.40,0.36,0.36
TYRO,2019-11-08 08:40:00 EST,42.40611,-77.05390,1204,23.9,23.9,14.2,74.4,16.9,0.000,0.005,0.00,0.000,9.0,14.9,2.4,304,20,9.2,15.5,2.4,304,20,9.2,15.5,2.4,304,20,55,28.93,,0,0,0,42.4,45.5,48.3,0.40,0.36,0.36
TYRO,2019-11-08 08:45:00 EST,42.40611,-77.05390,1204,23.9,23.9,14.5,74.2,16.9,0.000,0.005,0.00,0.000,8.4,16.9,3.2,305,17,8.6,17.0,3.1,307,17,8.6,17.0,3.1,307,17,60,28.93,,0,0,0,42.4,45.5,48.3,0.40,0.36,0.36
TYRO,2019-11-08 08:50:00 EST,42.40611,-77.05390,1204,23.9,23.9,16.1,74.7,17.1,0.000,0.005,0.00,0.000,6.4,13.3,3.0,309,16,6.6,15.1,2.9,308,16,6.6,15.1,2.9,308,16,62,28.93,,0,0,0,42.4,45.5,48.3,0.40,0.36,0.36
TYRO,2019-11-08 08:55:00 EST,42.40611,-77.05390,1204,24.0,24.0,16.6,74.8,17.2,0.000,0.005,0.00,0.000,5.7,11.5,2.7,296,16,6.1,12.9,2.8,295,15,6.1,12.9,2.8,295,15,69,28.93,,0,0,0,42.4,45.5,48.3,0.40,0.36,0.36
TYRO,2019-11-08 09:00:00 EST,42.40611,-77.05390,1204,24.0,24.0,15.4,75.4,17.4,0.000,0.005,0.00,0.000,7.4,13.5,2.5,314,20,7.6,13.1,2.5,315,20,7.6,13.1,2.5,315,20,68,28.93,,0,0,0,42.4,45.5,48.3,0.40,0.36,0.36
TYRO,2019-11-08 09:05:00 EST,42.40611,-77.05390,1204,24.1,24.0,13.6,74.4,17.1,0.000,0.005,0.00,0.000,10.5,17.1,2.4,314,13,10.6,17.1,2.5,314,13,10.6,17.1,2.5,314,13,82,28.93,,0,0,0,42.4,45.4,48.3,0.40,0.37,0.36
TYRO,2019-11-08 09:10:00 EST,42.40611,-77.05390,1204,24.1,24.0,15.3,74.1,17.0,0.000,0.005,0.00,0.000,7.0,11.7,2.1,344,26,7.9,13.7,2.3,343,21,7.9,13.7,2.3,343,21,85,28.93,,0,0,0,42.4,45.5,48.3,0.40,0.37,0.36
TYRO,2019-11-08 09:15:00 EST,42.40611,-77.05390,1204,24.1,24.1,15.1,75.2,17.4,0.000,0.005,0.00,0.000,8.1,13.9,2.4,328,18,8.3,13.8,2.6,330,16,8.3,13.8,2.6,330,16,80,28.93,,0,0,0,42.4,45.4,48.3,0.40,0.37,0.36
TYRO,2019-11-08 09:20:00 EST,42.40611,-77.05390,1204,24.2,24.1,17.2,75.6,17.6,0.000,0.005,0.00,0.000,5.3,14.9,3.0,339,32,5.7,15.8,3.2,342,32,5.7,15.8,3.2,342,32,86,28.94,,0,0,0,42.4,45.5,48.4,0.40,0.37,0.36
TYRO,2019-11-08 09:25:00 EST,42.40611,-77.05390,1204,24.2,24.1,15.2,75.0,17.4,0.000,0.005,0.00,0.000,7.3,12.7,1.9,347,25,8.2,15.4,2.5,349,18,8.2,15.4,2.5,349,18,88,28.94,,0,0,0,42.4,45.4,48.3,0.40,0.36,0.36
TYRO,2019-11-08 09:30:00 EST,42.40611,-77.05390,1204,24.2,24.1,15.4,74.3,17.2,0.000,0.005,0.00,0.000,7.2,12.1,2.1,330,24,7.9,13.7,2.3,331,24,7.9,13.7,2.3,331,24,82,28.94,,0,0,0,42.4,45.5,48.3,0.40,0.36,0.35
TYRO,2019-11-08 09:35:00 EST,42.40611,-77.05390,1204,24.2,24.1,15.6,73.9,17.1,0.000,0.005,0.00,0.000,7.5,14.6,2.8,320,19,7.7,14.2,2.5,322,19,7.7,14.2,2.5,322,19,93,28.94,,0,0,0,42.4,45.5,48.3,0.40,0.37,0.36
TYRO,2019-11-08 09:40:00 EST,42.40611,-77.05390,1204,24.3,24.2,16.2,73.6,17.1,0.000,0.005,0.00,0.000,6.7,12.1,2.4,316,19,7.0,12.7,2.4,317,21,7.0,12.7,2.4,317,21,103,28.94,,0,0,0,42.4,45.6,48.3,0.40,0.37,0.35
TYRO,2019-11-08 09:45:00 EST,42.40611,-77.05390,1204,24.4,24.3,16.8,74.0,17.3,0.000,0.005,0.00,0.000,6.3,10.7,1.9,313,15,6.4,10.0,1.8,314,16,6.4,10.0,1.8,314,16,89,28.94,,0,0,0,42.4,45.5,48.3,0.40,0.36,0.35
TYRO,2019-11-08 09:50:00 EST,42.40611,-77.05390,1204,24.3,24.3,16.1,73.5,17.1,0.000,0.005,0.00,0.000,6.4,16.4,2.8,333,18,7.2,16.4,3.0,337,16,7.2,16.4,3.0,337,16,110,28.94,,0,0,0,42.4,45.5,48.2,0.40,0.37,0.36
TYRO,2019-11-08 09:55:00 EST,42.40611,-77.05390,1204,24.2,24.2,14.8,70.0,15.9,0.000,0.005,0.00,0.000,8.4,13.4,2.7,323,27,8.9,14.6,2.6,325,25,8.9,14.6,2.6,325,25,86,28.94,,0,0,0,42.4,45.5,48.3,0.40,0.37,0.36
TYRO,2019-11-08 10:00:00 EST,42.40611,-77.05390,1204,24.2,24.2,13.6,69.1,15.5,0.000,0.005,0.00,0.000,10.3,18.6,3.5,327,20,10.7,18.6,3.3,330,17,10.7,18.6,3.3,330,17,103,28.95,,0,0,0,42.4,45.5,48.3,0.40,0.37,0.36
TYRO,2019-11-08 10:05:00 EST,42.40611,-77.05390,1204,24.5,24.4,14.8,67.5,15.3,0.000,0.005,0.00,0.000,9.2,18.9,2.8,322,30,9.4,19.6,2.9,325,25,9.4,19.6,2.9,325,25,176,28.94,,0,0,0,42.4,45.5,48.3,0.40,0.37,0.36
TYRO,2019-11-08 10:10:00 EST,42.40611,-77.05390,1204,24.5,24.4,13.0,65.9,14.7,0.000,0.005,0.00,0.000,12.8,19.8,3.1,306,13,12.8,19.6,3.2,305,13,12.8,19.6,3.2,305,13,113,28.95,,0,0,0,42.4,45.5,48.2,0.40,0.37,0.36
TYRO,2019-11-08 10:15:00 EST,42.40611,-77.05390,1204,24.4,24.4,14.4,66.3,14.8,0.000,0.005,0.00,0.000,9.7,15.1,2.3,328,25,10.0,15.5,2.3,330,24,10.0,15.5,2.3,330,24,161,28.95,,0,0,0,42.4,45.4,48.3,0.40,0.36,0.36
TYRO,2019-11-08 10:20:00 EST,42.40611,-77.05390,1204,24.7,24.5,15.4,67.3,15.4,0.000,0.005,0.00,0.000,8.4,13.1,2.2,317,18,8.8,13.9,2.3,317,17,8.8,13.9,2.3,317,17,168,28.95,,0,0,0,42.4,45.4,48.3,0.40,0.37,0.36
TYRO,2019-11-08 10:25:00 EST,42.40611,-77.05390,1204,24.8,24.6,15.2,66.3,15.2,0.000,0.005,0.00,0.000,8.8,17.1,3.0,320,28,9.3,18.1,3.2,322,27,9.3,18.1,3.2,322,27,221,28.95,,0,0,0,42.4,45.5,48.3,0.40,0.37,0.36
TYRO,2019-11-08 10:30:00 EST,42.40611,-77.05390,1204,25.3,25.0,15.0,65.7,15.4,0.000,0.005,0.00,0.000,10.4,17.6,3.0,296,18,10.8,18.3,2.9,295,17,10.8,18.3,2.9,295,17,269,28.95,,0,0,0,42.4,45.4,48.2,0.40,0.36,0.36
TYRO,2019-11-08 10:35:00 EST,42.40611,-77.05390,1204,25.2,25.0,14.6,64.1,14.8,0.000,0.005,0.00,0.000,10.9,17.5,2.9,300,17,11.4,18.3,3.2,300,15,11.4,18.3,3.2,300,15,284,28.95,,0,0,0,42.4,45.4,48.2,0.40,0.37,0.36
TYRO,2019-11-08 10:40:00 EST,42.40611,-77.05390,1204,25.7,25.4,17.7,64.9,15.6,0.000,0.005,0.00,0.000,7.1,17.9,3.5,320,19,7.4,18.6,3.6,320,19,7.4,18.6,3.6,320,19,329,28.95,,0,0,0,42.4,45.4,48.3,0.40,0.37,0.36
TYRO,2019-11-08 10:45:00 EST,42.40611,-77.05390,1204,25.7,25.3,15.1,63.7,15.1,0.000,0.005,0.00,0.000,11.3,17.2,2.5,306,14,11.4,18.0,2.5,305,14,11.4,18.0,2.5,305,14,271,28.95,,0,0,0,42.4,45.4,48.3,0.40,0.37,0.36
TYRO,2019-11-08 10:50:00 EST,42.40611,-77.05390,1204,26.1,25.7,19.0,66.2,16.4,0.000,0.005,0.00,0.000,5.8,9.4,1.6,335,23,6.3,11.0,2.0,335,23,6.3,11.0,2.0,335,23,282,28.95,,0,0,0,42.4,45.4,48.3,0.40,0.37,0.36
TYRO,2019-11-08 10:55:00 EST,42.40611,-77.05390,1204,25.5,25.3,16.2,63.3,14.8,0.000,0.005,0.00,0.000,8.7,16.1,2.8,298,20,9.1,18.0,2.9,296,19,9.1,18.0,2.9,296,19,278,28.95,,0,0,0,42.4,45.5,48.3,0.40,0.36,0.36
TYRO,2019-11-08 11:00:00 EST,42.40611,-77.05390,1204,25.8,25.4,16.9,61.0,14.2,0.000,0.005,0.00,0.000,8.2,14.2,2.9,296,16,8.6,14.3,2.8,295,15,8.6,14.3,2.8,295,15,419,28.95,,0,0,0,42.4,45.5,48.3,0.40,0.36,0.36
TYRO,2019-11-08 11:05:00 EST,42.40611,-77.05390,1204,26.3,25.7,17.6,62.7,15.3,0.000,0.005,0.00,0.000,7.9,13.1,2.6,329,24,8.5,15.1,2.8,331,25,8.5,15.1,2.8,331,25,395,28.96,,0,0,0,42.4,45.4,48.3,0.40,0.37,0.36
TYRO,2019-11-08 11:10:00 EST,42.40611,-77.05390,1204,26.5,26.0,17.9,62.4,15.4,0.000,0.005,0.00,0.000,7.9,12.1,2.0,303,25,8.5,13.3,2.2,304,25,8.5,13.3,2.2,304,25,452,28.96,,0,0,0,42.4,45.4,48.3,0.40,0.37,0.36
TYRO,2019-11-08 11:15:00 EST,42.40611,-77.05390,1204,26.7,26.1,17.0,59.4,14.4,0.000,0.005,0.00,0.000,9.5,15.3,2.4,291,16,10.2,16.7,2.5,290,15,10.2,16.7,2.5,290,15,517,28.96,,0,0,0,42.4,45.4,48.2,0.40,0.36,0.36
TYRO,2019-11-08 11:20:00 EST,42.40611,-77.05390,1204,26.8,26.3,18.3,59.0,14.4,0.000,0.005,0.00,0.000,7.8,13.4,2.5,297,16,8.3,15.8,2.7,297,15,8.3,15.8,2.7,297,15,412,28.96,,0,0,0,42.4,45.4,48.2,0.40,0.37,0.36
TYRO,2019-11-08 11:25:00 EST,42.40611,-77.05390,1204,26.5,25.9,17.2,59.1,14.1,0.000,0.005,0.00,0.000,9.1,15.8,2.5,298,19,9.3,16.9,2.6,299,17,9.3,16.9,2.6,299,17,351,28.96,,0,0,0,42.4,45.4,48.3,0.40,0.36,0.36
TYRO,2019-11-08 11:30:00 EST,42.40611,-77.05390,1204,25.8,25.5,16.7,59.0,13.4,0.000,0.005,0.00,0.000,8.2,12.6,2.1,288,17,8.9,14.4,2.2,288,16,8.9,14.4,2.2,288,16,288,28.96,,0,0,0,42.4,45.4,48.3,0.40,0.37,0.36
TYRO,2019-11-08 11:35:00 EST,42.40611,-77.05390,1204,26.0,25.6,16.7,60.7,14.3,0.000,0.005,0.00,0.000,8.9,13.8,2.2,295,18,9.3,15.8,2.6,295,16,9.3,15.8,2.6,295,16,311,28.96,,0,0,0,42.4,45.4,48.3,0.40,0.36,0.36
TYRO,2019-11-08 11:40:00 EST,42.40611,-77.05390,1204,26.4,25.9,19.3,62.2,15.3,0.000,0.005,0.00,0.000,6.3,17.4,2.6,321,20,6.4,16.3,2.6,323,20,6.4,16.3,2.6,323,20,310,28.95,,0,0,0,42.4,45.4,48.3,0.40,0.36,0.36
TYRO,2019-11-08 11:45:00 EST,42.40611,-77.05390,1204,26.1,25.7,16.9,62.5,15.0,0.000,0.005,0.00,0.000,8.9,13.3,2.0,326,20,9.2,14.4,2.1,328,17,9.2,14.4,2.1,328,17,256,28.95,,0,0,0,42.4,45.3,48.3,0.40,0.37,0.36
TYRO,2019-11-08 11:50:00 EST,42.40611,-77.05390,1204,25.6,25.3,15.7,61.6,14.3,0.000,0.005,0.00,0.000,9.9,13.4,2.8,329,18,10.2,15.6,3.2,331,18,10.2,15.6,3.2,331,18,143,28.96,,0,0,0,42.4,45.3,48.2,0.40,0.37,0.36
TYRO,2019-11-08 11:55:00 EST,42.40611,-77.05390,1204,25.7,25.5,17.7,63.0,14.9,0.000,0.005,0.00,0.000,6.8,12.4,2.4,327,29,7.3,13.1,2.5,327,28,7.3,13.1,2.5,327,28,199,28.95,,0,0,0,42.4,45.3,48.2,0.40,0.36,0.36
TYRO,2019-11-08 12:00:00 EST,42.40611,-77.05390,1204,25.9,25.5,17.1,61.8,14.6,0.000,0.005,0.00,0.000,8.2,14.3,2.5,315,17,8.5,14.2,2.3,318,17,8.5,14.2,2.3,318,17,281,28.95,,0,0,0,42.4,45.3,48.2,0.40,0.36,0.36
TYRO,2019-11-08 12:05:00 EST,42.40611,-77.05390,1204,26.2,25.9,17.8,61.3,14.7,0.000,0.005,0.00,0.000,7.5,12.8,2.6,316,20,8.0,13.3,2.6,318,21,8.0,13.3,2.6,318,21,316,28.95,,0,0,0,42.4,45.2,48.2,0.40,0.36,0.36
TYRO,2019-11-08 12:10:00 EST,42.40611,-77.05390,1204,26.3,25.8,17.2,58.6,13.7,0.000,0.005,0.00,0.000,8.4,14.8,2.4,291,19,8.9,15.7,2.5,291,18,8.9,15.7,2.5,291,18,454,28.95,,0,0,0,42.4,45.3,48.2,0.41,0.36,0.36
TYRO,2019-11-08 12:15:00 EST,42.40611,-77.05390,1204,26.6,26.0,17.6,59.2,14.3,0.000,0.005,0.00,0.000,8.9,12.5,1.7,295,20,9.1,13.3,1.8,294,19,9.1,13.3,1.8,294,19,560,28.94,,0,0,0,42.4,45.3,48.3,0.41,0.37,0.36
TYRO,2019-11-08 12:20:00 EST,42.40611,-77.05390,1204,26.9,26.4,17.5,58.8,14.4,0.000,0.005,0.00,0.000,9.2,14.9,2.7,282,19,9.8,16.3,2.9,282,18,9.8,16.3,2.9,282,18,481,28.94,,0,0,0,42.4,45.3,48.2,0.41,0.37,0.36
TYRO,2019-11-08 12:25:00 EST,42.40611,-77.05390,1204,26.7,26.2,15.8,60.6,14.9,0.000,0.005,0.00,0.000,12.7,17.5,2.2,304,15,12.7,18.1,2.2,305,13,12.7,18.1,2.2,305,13,445,28.94,,0,0,0,42.4,45.2,48.3,0.41,0.37,0.36
TYRO,2019-11-08 12:30:00 EST,42.40611,-77.05390,1204,26.8,26.1,17.7,59.7,14.7,0.000,0.005,0.00,0.000,9.5,15.6,2.4,302,15,9.4,15.9,2.3,303,15,9.4,15.9,2.3,303,15,573,28.94,,0,0,0,42.4,45.3,48.2,0.41,0.36,0.36
TYRO,2019-11-08 12:35:00 EST,42.40611,-77.05390,1204,26.8,26.3,17.4,59.7,14.7,0.000,0.005,0.00,0.000,9.5,14.6,2.0,298,16,9.9,16.1,2.3,298,15,9.9,16.1,2.3,298,15,359,28.94,,0,0,0,42.4,45.3,48.2,0.41,0.37,0.36
TYRO,2019-11-08 12:40:00 EST,42.40611,-77.05390,1204,26.5,26.1,17.1,62.4,15.4,0.000,0.005,0.00,0.000,9.5,17.1,2.8,322,21,9.8,17.5,2.7,323,20,9.8,17.5,2.7,323,20,248,28.94,,0,0,0,42.4,45.3,48.3,0.41,0.36,0.35
TYRO,2019-11-08 12:45:00 EST,42.40611,-77.05390,1204,26.9,26.4,17.4,60.7,15.2,0.000,0.005,0.00,0.000,9.5,14.7,2.9,293,16,10.1,17.5,3.1,290,15,10.1,17.5,3.1,290,15,460,28.94,,0,0,0,42.4,45.2,48.2,0.41,0.37,0.35
TYRO,2019-11-08 12:50:00 EST,42.40611,-77.05390,1204,27.3,26.7,17.1,60.7,15.5,0.000,0.005,0.00,0.000,10.7,16.0,2.4,286,17,11.3,18.3,2.8,285,15,11.3,18.3,2.8,285,15,567,28.94,,0,0,0,42.4,45.2,48.2,0.41,0.36,0.36
TYRO,2019-11-08 12:55:00 EST,42.40611,-77.05390,1204,27.0,26.5,17.6,61.2,15.4,0.000,0.005,0.00,0.000,9.6,18.0,3.3,299,21,9.9,17.6,3.4,299,19,9.9,17.6,3.4,299,19,331,28.94,,0,0,0,42.4,45.2,48.2,0.41,0.36,0.36
TYRO,2019-11-08 13:00:00 EST,42.40611,-77.05390,1204,26.6,26.2,16.6,58.5,14.0,0.000,0.005,0.00,0.000,10.3,15.8,2.3,295,15,10.8,18.5,2.6,296,14,10.8,18.5,2.6,296,14,200,28.94,,0,0,0,42.4,45.2,48.2,0.41,0.36,0.36
TYRO,2019-11-08 13:05:00 EST,42.40611,-77.05390,1204,26.4,26.1,18.0,60.2,14.4,0.000,0.005,0.00,0.000,7.8,11.9,1.9,307,23,8.0,11.4,1.8,308,23,8.0,11.4,1.8,308,23,162,28.94,,0,0,0,42.4,45.2,48.1,0.41,0.37,0.36
TYRO,2019-11-08 13:10:00 EST,42.40611,-77.05390,1204,26.1,25.8,19.0,62.0,14.8,0.000,0.005,0.00,0.000,5.5,10.9,2.0,332,25,6.1,13.8,2.4,335,26,6.1,13.8,2.4,335,26,111,28.94,,0,0,0,42.4,45.2,48.2,0.41,0.37,0.36
TYRO,2019-11-08 13:15:00 EST,42.40611,-77.05390,1204,26.2,26.0,18.8,63.4,15.5,0.000,0.005,0.00,0.000,6.5,10.7,1.6,302,17,6.6,12.0,1.7,303,18,6.6,12.0,1.7,303,18,164,28.94,,0,0,0,42.4,45.3,48.2,0.41,0.36,0.36
TYRO,2019-11-08 13:20:00 EST,42.40611,-77.05390,1204,26.3,26.1,18.4,64.1,15.8,0.000,0.005,0.00,0.000,6.8,12.6,1.9,305,30,7.4,12.7,2.0,307,29,7.4,12.7,2.0,307,29,143,28.94,,0,0,0,42.4,45.2,48.1,0.41,0.37,0.36
TYRO,2019-11-08 13:25:00 EST,42.40611,-77.05390,1204,26.1,25.9,17.7,63.0,15.2,0.000,0.005,0.00,0.000,7.7,13.3,2.1,311,21,8.0,13.5,2.3,311,20,8.0,13.5,2.3,311,20,135,28.95,,0,0,0,42.4,45.2,48.2,0.41,0.37,0.36
TYRO,2019-11-08 13:30:00 EST,42.40611,-77.05390,1204,26.1,25.9,20.0,63.6,15.5,0.000,0.005,0.00,0.000,4.8,10.2,1.9,293,23,5.2,10.9,2.0,293,21,5.2,10.9,2.0,293,21,156,28.95,,0,0,0,42.4,45.2,48.3,0.41,0.37,0.36
TYRO,2019-11-08 13:35:00 EST,42.40611,-77.05390,1204,26.3,26.1,18.6,61.6,14.9,0.000,0.005,0.00,0.000,6.8,10.8,2.2,312,25,7.1,11.8,2.3,314,22,7.1,11.8,2.3,314,22,203,28.94,,0,0,0,42.4,45.2,48.1,0.41,0.37,0.36
TYRO,2019-11-08 13:40:00 EST,42.40611,-77.05390,1204,26.8,26.4,17.2,60.4,15.0,0.000,0.005,0.00,0.000,9.8,14.6,1.7,314,15,10.2,14.8,1.9,316,16,10.2,14.8,1.9,316,16,368,28.95,,0,0,0,42.4,45.3,48.2,0.41,0.37,0.36
TYRO,2019-11-08 13:45:00 EST,42.40611,-77.05390,1204,26.8,26.3,18.5,61.3,15.3,0.000,0.005,0.00,0.000,7.7,12.0,1.8,301,19,8.1,13.5,1.9,303,21,8.1,13.5,1.9,303,21,238,28.95,,0,0,0,42.4,45.2,48.2,0.41,0.37,0.36
TYRO,2019-11-08 13:50:00 EST,42.40611,-77.05390,1204,26.5,26.2,18.2,62.2,15.3,0.000,0.005,0.00,0.000,7.5,12.7,2.3,286,18,7.9,14.5,2.5,288,17,7.9,14.5,2.5,288,17,147,28.95,,0,0,0,42.4,45.2,48.1,0.41,0.37,0.36
TYRO,2019-11-08 13:55:00 EST,42.40611,-77.05390,1204,26.4,26.2,18.6,64.3,16.0,0.000,0.005,0.00,0.000,6.7,12.9,2.4,297,20,7.2,13.5,2.4,298,18,7.2,13.5,2.4,298,18,131,28.95,,0,0,0,42.4,45.2,48.2,0.41,0.36,0.36
TYRO,2019-11-08 14:00:00 EST,42.40611,-77.05390,1204,25.8,25.7,17.2,65.4,15.8,0.000,0.005,0.00,0.000,8.0,13.5,2.9,305,17,8.2,14.0,2.7,306,16,8.2,14.0,2.7,306,16,93,28.95,,0,0,0,42.4,45.3,48.1,0.41,0.37,0.36
TYRO,2019-11-08 14:05:00 EST,42.40611,-77.05390,1204,26.1,25.8,18.7,65.2,16.0,0.000,0.005,0.00,0.000,5.9,11.3,2.1,318,24,6.5,11.8,2.2,321,23,6.5,11.8,2.2,321,23,146,28.95,,0,0,0,42.4,45.2,48.2,0.41,0.37,0.36
TYRO,2019-11-08 14:10:00 EST,42.40611,-77.05390,1204,26.0,25.8,17.4,61.9,14.7,0.000,0.005,0.00,0.000,7.9,12.3,2.4,299,16,8.2,13.1,2.4,299,16,8.2,13.1,2.4,299,16,128,28.95,,0,0,0,42.4,45.2,48.1,0.41,0.36,0.36
TYRO,2019-11-08 14:15:00 EST,42.40611,-77.05390,1204,26.1,26.0,17.8,62.3,15.0,0.000,0.005,0.00,0.000,7.5,11.9,2.1,314,19,7.8,12.3,2.1,316,20,7.8,12.3,2.1,316,20,117,28.95,,0,0,0,42.4,45.2,48.1,0.41,0.37,0.36
TYRO,2019-11-08 14:20:00 EST,42.40611,-77.05390,1204,26.3,26.1,19.3,60.8,14.6,0.000,0.005,0.00,0.000,5.9,11.0,2.2,298,23,6.2,12.1,2.4,299,23,6.2,12.1,2.4,299,23,220,28.94,,0,0,0,42.4,45.2,48.1,0.41,0.37,0.36
TYRO,2019-11-08 14:25:00 EST,42.40611,-77.05390,1204,26.8,26.5,20.2,61.3,15.3,0.000,0.005,0.00,0.000,5.7,9.6,2.0,304,19,5.8,9.7,2.2,305,18,5.8,9.7,2.2,305,18,346,28.94,,0,0,0,42.4,45.2,48.2,0.41,0.36,0.36
TYRO,2019-11-08 14:30:00 EST,42.40611,-77.05390,1204,27.5,27.0,19.6,60.3,15.6,0.000,0.005,0.00,0.000,7.0,12.4,2.7,288,24,7.7,13.6,2.8,290,23,7.7,13.6,2.8,290,23,384,28.95,,0,0,0,42.4,45.2,48.2,0.41,0.36,0.36
TYRO,2019-11-08 14:35:00 EST,42.40611,-77.05390,1204,27.7,27.1,19.9,62.1,16.4,0.000,0.005,0.00,0.000,7.0,12.8,2.8,294,15,7.5,13.5,2.7,295,15,7.5,13.5,2.7,295,15,379,28.94,,0,0,0,42.4,45.2,48.2,0.40,0.37,0.36
TYRO,2019-11-08 14:40:00 EST,42.40611,-77.05390,1204,27.5,26.9,18.7,61.9,16.2,0.000,0.005,0.00,0.000,8.3,12.9,2.3,261,17,9.0,15.0,2.6,264,15,9.0,15.0,2.6,264,15,400,28.94,,0,0,0,42.4,45.2,48.2,0.41,0.36,0.36
TYRO,2019-11-08 14:45:00 EST,42.40611,-77.05390,1204,27.1,26.8,18.3,60.4,15.2,0.000,0.005,0.00,0.000,8.4,12.0,1.6,286,14,9.0,13.0,1.8,287,13,9.0,13.0,1.8,287,13,222,28.95,,0,0,0,42.4,45.2,48.1,0.40,0.37,0.36
TYRO,2019-11-08 14:50:00 EST,42.40611,-77.05390,1204,27.3,26.9,17.8,60.4,15.4,0.000,0.005,0.00,0.000,9.3,14.9,2.3,269,16,10.1,15.1,2.5,271,14,10.1,15.1,2.5,271,14,339,28.95,,0,0,0,42.4,45.2,48.1,0.40,0.36,0.35
TYRO,2019-11-08 14:55:00 EST,42.40611,-77.05390,1204,27.7,27.1,19.9,60.7,15.9,0.000,0.005,0.00,0.000,6.8,10.3,1.7,273,16,7.5,11.2,1.8,275,14,7.5,11.2,1.8,275,14,321,28.95,,0,0,0,42.4,45.2,48.0,0.40,0.37,0.36
TYRO,2019-11-08 15:00:00 EST,42.40611,-77.05390,1204,27.3,26.9,18.7,60.3,15.3,0.000,0.005,0.00,0.000,8.1,15.7,3.2,292,17,8.7,17.0,3.1,292,17,8.7,17.0,3.1,292,17,223,28.95,,0,0,0,42.4,45.1,48.1,0.40,0.36,0.36
TYRO,2019-11-08 15:05:00 EST,42.40611,-77.05390,1204,27.1,26.9,18.4,60.3,15.2,0.000,0.005,0.00,0.000,8.4,12.9,1.7,292,18,8.8,15.2,2.0,293,17,8.8,15.2,2.0,293,17,186,28.95,,0,0,0,42.4,45.2,48.1,0.40,0.37,0.36
TYRO,2019-11-08 15:10:00 EST,42.40611,-77.05390,1204,27.5,27.2,21.9,61.2,15.9,0.000,0.005,0.00,0.000,4.6,12.3,1.8,335,23,5.0,13.6,1.8,334,21,5.0,13.6,1.8,334,21,253,28.95,,0,0,0,42.4,45.1,48.1,0.40,0.37,0.36
TYRO,2019-11-08 15:15:00 EST,42.40611,-77.05390,1204,27.4,27.0,19.8,58.8,14.8,0.000,0.005,0.00,0.000,6.5,13.3,2.6,333,20,7.2,13.6,2.4,334,20,7.2,13.6,2.4,334,20,277,28.95,,0,0,0,42.4,45.2,48.1,0.40,0.36,0.36
TYRO,2019-11-08 15:20:00 EST,42.40611,-77.05390,1204,27.5,26.9,19.9,59.5,15.2,0.000,0.005,0.00,0.000,6.7,10.6,1.5,327,26,7.2,11.8,1.9,330,24,7.2,11.8,1.9,330,24,268,28.95,,0,0,0,42.4,45.1,48.1,0.40,0.37,0.36
TYRO,2019-11-08 15:25:00 EST,42.40611,-77.05390,1204,27.2,26.9,18.2,59.2,14.9,0.000,0.005,0.00,0.000,8.7,14.9,2.5,302,25,9.4,16.7,2.8,303,25,9.4,16.7,2.8,303,25,241,28.95,,0,0,0,42.4,45.2,48.1,0.40,0.36,0.36
TYRO,2019-11-08 15:30:00 EST,42.40611,-77.05390,1204,27.3,27.0,19.4,59.6,15.1,0.000,0.005,0.00,0.000,7.2,11.5,1.7,284,15,7.7,13.4,2.0,285,13,7.7,13.4,2.0,285,13,231,28.95,,0,0,0,42.4,45.2,48.1,0.40,0.36,0.36
TYRO,2019-11-08 15:35:00 EST,42.40611,-77.05390,1204,27.6,27.4,20.8,60.3,15.7,0.000,0.005,0.00,0.000,5.9,9.6,2.0,311,22,6.3,11.4,2.1,311,20,6.3,11.4,2.1,311,20,205,28.95,,0,0,0,42.4,45.2,48.1,0.40,0.36,0.36
TYRO,2019-11-08 15:40:00 EST,42.40611,-77.05390,1204,27.2,27.0,19.1,60.1,15.2,0.000,0.005,0.00,0.000,7.2,11.8,2.4,276,13,7.9,12.9,2.3,277,12,7.9,12.9,2.3,277,12,155,28.95,,0,0,0,42.4,45.2,48.1,0.40,0.36,0.36
TYRO,2019-11-08 15:45:00 EST,42.40611,-77.05390,1204,26.8,26.6,17.6,60.5,15.0,0.000,0.005,0.00,0.000,9.1,13.9,2.3,302,19,9.4,15.1,2.3,302,18,9.4,15.1,2.3,302,18,110,28.96,,0,0,0,42.3,45.2,48.1,0.40,0.36,0.36
TYRO,2019-11-08 15:50:00 EST,42.40611,-77.05390,1204,26.6,26.5,17.2,61.4,15.1,0.000,0.005,0.00,0.000,9.4,15.1,2.5,297,15,9.7,15.6,2.5,298,15,9.7,15.6,2.5,298,15,110,28.96,,0,0,0,42.3,45.1,48.2,0.40,0.37,0.36
TYRO,2019-11-08 15:55:00 EST,42.40611,-77.05390,1204,26.6,26.4,16.9,60.9,14.9,0.000,0.005,0.00,0.000,9.4,14.0,2.7,285,14,10.2,16.0,2.9,285,13,10.2,16.0,2.9,285,13,73,28.96,,0,0,0,42.3,45.2,48.1,0.40,0.37,0.36
TYRO,2019-11-08 16:00:00 EST,42.40611,-77.05390,1204,26.4,26.3,17.3,60.6,14.6,0.000,0.005,0.00,0.000,8.6,13.2,1.8,298,16,9.1,13.5,2.0,299,15,9.1,13.5,2.0,299,15,69,28.96,,0,0,0,42.3,45.2,48.1,0.40,0.37,0.36
TYRO,2019-11-08 16:05:00 EST,42.40611,-77.05390,1204,26.3,26.3,17.2,61.4,14.8,0.000,0.005,0.00,0.000,8.9,12.9,2.2,299,14,9.1,14.2,2.2,301,13,9.1,14.2,2.2,301,13,46,28.95,,0,0,0,42.3,45.1,48.1,0.40,0.36,0.36
TYRO,2019-11-08 16:10:00 EST,42.40611,-77.05390,1204,26.2,26.3,19.3,61.3,14.7,0.000,0.005,0.00,0.000,5.7,9.6,2.0,313,18,6.1,10.0,2.0,314,18,6.1,10.0,2.0,314,18,69,28.96,,0,0,0,42.3,45.2,48.2,0.40,0.37,0.36
TYRO,2019-11-08 16:15:00 EST,42.40611,-77.05390,1204,26.3,26.3,18.2,60.1,14.4,0.000,0.005,0.00,0.000,7.2,11.8,1.6,324,14,7.7,13.2,1.8,324,14,7.7,13.2,1.8,324,14,98,28.96,,0,0,0,42.3,45.1,48.2,0.40,0.37,0.36
TYRO,2019-11-08 16:20:00 EST,42.40611,-77.05390,1204,26.2,26.2,17.8,59.4,14.0,0.000,0.005,0.00,0.000,7.5,13.2,2.4,325,16,8.0,13.3,2.3,326,15,8.0,13.3,2.3,326,15,83,28.96,,0,0,0,42.3,45.2,48.1,0.40,0.37,0.36
TYRO,2019-11-08 16:25:00 EST,42.40611,-77.05390,1204,26.2,26.3,18.5,60.1,14.2,0.000,0.005,0.00,0.000,6.8,10.1,1.3,317,14,7.1,11.4,1.5,319,14,7.1,11.4,1.5,319,14,75,28.96,,0,0,0,42.3,45.1,48.1,0.40,0.37,0.36
TYRO,2019-11-08 16:30:00 EST,42.40611,-77.05390,1204,26.3,26.3,19.2,61.9,15.0,0.000,0.005,0.00,0.000,5.7,9.6,2.2,290,16,6.3,10.5,2.2,290,14,6.3,10.5,2.2,290,14,61,28.96,,0,0,0,42.3,45.2,48.1,0.40,0.37,0.36
TYRO,2019-11-08 16:35:00 EST,42.40611,-77.05390,1204,26.0,26.1,18.8,62.4,14.9,0.000,0.005,0.00,0.000,6.0,9.6,1.8,298,14,6.3,10.0,1.9,298,13,6.3,10.0,1.9,298,13,37,28.96,,0,0,0,42.3,45.2,48.0,0.40,0.36,0.36
TYRO,2019-11-08 16:40:00 EST,42.40611,-77.05390,1204,25.8,26.0,19.2,62.3,14.7,0.000,0.005,0.00,0.000,5.2,10.3,2.1,319,21,5.6,10.4,2.3,321,21,5.6,10.4,2.3,321,21,28,28.97,,0,0,0,42.3,45.1,48.1,0.40,0.36,0.36
TYRO,2019-11-08 16:45:00 EST,42.40611,-77.05390,1204,25.5,25.7,17.4,60.1,13.6,0.000,0.005,0.00,0.000,7.1,9.8,1.4,324,19,7.4,12.2,1.7,324,19,7.4,12.2,1.7,324,19,14,28.97,,0,0,0,42.3,45.1,48.1,0.40,0.37,0.36
TYRO,2019-11-08 16:50:00 EST,42.40611,-77.05390,1204,25.1,25.5,18.7,61.1,13.6,0.000,0.005,0.00,0.000,4.9,8.4,1.6,321,20,5.4,9.4,1.6,321,20,5.4,9.4,1.6,321,20,9,28.97,,0,0,0,42.3,45.1,48.1,0.40,0.37,0.36
TYRO,2019-11-08 16:55:00 EST,42.40611,-77.05390,1204,25.1,25.4,18.2,60.5,13.3,0.000,0.005,0.00,0.000,5.4,9.1,1.4,309,18,5.7,9.8,1.4,309,17,5.7,9.8,1.4,309,17,6,28.97,,0,0,0,42.3,45.1,48.1,0.40,0.36,0.36
TYRO,2019-11-08 17:00:00 EST,42.40611,-77.05390,1204,24.8,25.2,18.2,61.9,13.6,0.000,0.005,0.00,0.000,5.1,10.2,2.3,292,11,5.4,11.6,2.4,293,11,5.4,11.6,2.4,293,11,4,28.97,,0,0,0,42.3,45.1,48.1,0.40,0.37,0.36
TYRO,2019-11-08 17:05:00 EST,42.40611,-77.05390,1204,24.8,25.2,17.6,61.9,13.6,0.000,0.005,0.00,0.000,5.9,9.6,1.6,316,11,6.1,10.7,1.8,317,10,6.1,10.7,1.8,317,10,2,28.97,,0,0,0,42.3,45.2,48.1,0.40,0.37,0.36
TYRO,2019-11-08 17:10:00 EST,42.40611,-77.05390,1204,24.5,25.0,19.0,63.2,13.8,0.000,0.005,0.00,0.000,4.3,7.0,1.0,303,14,4.3,7.2,1.1,305,14,4.3,7.2,1.1,305,14,1,28.97,,0,0,0,42.3,45.1,48.1,0.40,0.37,0.36
TYRO,2019-11-08 17:15:00 EST,42.40611,-77.05390,1204,24.4,24.9,19.1,64.3,14.1,0.000,0.005,0.00,0.000,4.0,6.1,0.8,305,13,4.2,6.5,0.9,306,13,4.2,6.5,0.9,306,13,0,28.97,,0,0,0,42.3,45.0,48.0,0.40,0.37,0.36
TYRO,2019-11-08 17:20:00 EST,42.40611,-77.05390,1204,24.1,24.7,19.4,65.4,14.1,0.000,0.005,0.00,0.000,3.3,6.2,1.0,302,15,3.6,7.3,1.1,301,14,3.6,7.3,1.1,301,14,0,28.98,,0,0,0,42.3,45.1,48.1,0.40,0.36,0.36
TYRO,2019-11-08 17:25:00 EST,42.40611,-77.05390,1204,24.3,24.8,18.7,65.8,14.5,0.000,0.005,0.00,0.000,4.1,6.5,1.0,291,13,4.4,6.6,1.1,292,12,4.4,6.6,1.1,292,12,0,28.98,,0,0,0,42.3,45.1,48.1,0.40,0.36,0.36
TYRO,2019-11-08 17:30:00 EST,42.40611,-77.05390,1204,24.1,24.7,20.3,66.2,14.5,0.000,0.005,0.00,0.000,3.0,4.5,0.7,299,11,3.1,5.2,0.8,301,11,3.1,5.2,0.8,301,11,0,28.98,,0,0,0,42.3,45.1,48.1,0.40,0.36,0.36
TYRO,2019-11-08 17:35:00 EST,42.40611,-77.05390,1204,23.9,24.5,23.9,67.2,14.6,0.000,0.005,0.00,0.000,2.5,4.5,0.6,293,12,2.6,4.9,0.7,295,10,2.6,4.9,0.7,295,10,0,28.98,,0,0,0,42.2,45.1,48.1,0.40,0.37,0.36
TYRO,2019-11-08 17:40:00 EST,42.40611,-77.05390,1204,23.7,24.3,19.8,68.4,14.9,0.000,0.005,0.00,0.000,2.9,6.1,1.2,291,15,3.1,6.6,1.3,293,14,3.1,6.6,1.3,293,14,0,28.98,,0,0,0,42.2,45.1,48.1,0.40,0.36,0.36
TYRO,2019-11-08 17:45:00 EST,42.40611,-77.05390,1204,23.7,24.3,19.0,68.2,14.7,0.000,0.005,0.00,0.000,3.5,6.4,1.0,303,17,3.6,6.9,1.2,303,16,3.6,6.9,1.2,303,16,0,28.98,,0,0,0,42.2,45.1,48.1,0.40,0.36,0.36
TYRO,2019-11-08 17:50:00 EST,42.40611,-77.05390,1204,23.1,24.0,23.1,68.8,14.4,0.000,0.005,0.00,0.000,2.4,4.7,0.9,308,16,2.5,5.3,0.9,307,14,2.5,5.3,0.9,307,14,0,28.99,,0,0,0,42.1,45.0,48.0,0.40,0.36,0.36
TYRO,2019-11-08 17:55:00 EST,42.40611,-77.05390,1204,23.2,23.9,18.9,68.9,14.5,0.000,0.005,0.00,0.000,3.3,4.9,0.7,315,13,3.3,5.2,0.9,316,13,3.3,5.2,0.9,316,13,0,28.99,,0,0,0,42.1,45.0,48.1,0.40,0.37,0.36
TYRO,2019-11-08 18:00:00 EST,42.40611,-77.05390,1204,23.1,23.8,19.2,68.9,14.4,0.000,0.005,0.00,0.000,3.0,5.7,0.9,302,14,3.0,6.5,1.1,304,13,3.0,6.5,1.1,304,13,0,28.99,,0,0,0,42.1,45.0,48.1,0.40,0.37,0.36
TYRO,2019-11-08 18:05:00 EST,42.40611,-77.05390,1204,23.1,23.8,18.0,69.2,14.5,0.000,0.005,0.00,0.000,3.6,5.8,1.0,308,10,3.8,6.8,1.1,310,9,3.8,6.8,1.1,310,9,0,28.99,,0,0,0,42.1,45.1,48.0,0.40,0.36,0.36
TYRO,2019-11-08 18:10:00 EST,42.40611,-77.05390,1204,22.9,23.6,22.9,69.7,14.5,0.000,0.005,0.00,0.000,2.0,4.1,1.0,299,17,2.2,4.8,1.0,300,19,2.2,4.8,1.0,300,19,0,28.99,,0,0,0,42.1,45.0,48.1,0.40,0.36,0.36
TYRO,2019-11-08 18:15:00 EST,42.40611,-77.05390,1204,22.8,23.5,22.8,70.1,14.5,0.000,0.005,0.00,0.000,2.1,4.1,0.7,298,18,2.2,4.7,0.8,300,17,2.2,4.7,0.8,300,17,0,28.99,,0,0,0,42.1,45.0,48.1,0.40,0.36,0.36
TYRO,2019-11-08 18:20:00 EST,42.40611,-77.05390,1204,23.0,23.5,23.0,69.2,14.4,0.000,0.005,0.00,0.000,2.0,3.4,0.7,294,19,2.3,4.4,0.8,295,18,2.3,4.4,0.8,295,18,0,28.99,,0,0,0,42.0,45.1,48.1,0.40,0.37,0.36
TYRO,2019-11-08 18:25:00 EST,42.40611,-77.05390,1204,22.7,23.4,22.7,69.0,14.0,0.000,0.005,0.00,0.000,0.6,2.6,0.7,298,11,0.7,2.7,0.8,302,24,0.7,2.7,0.8,302,24,0,28.99,,0,0,0,41.9,45.1,48.1,0.40,0.36,0.36
TYRO,2019-11-08 18:30:00 EST,42.40611,-77.05390,1204,21.7,23.2,21.7,71.2,13.9,0.000,0.005,0.00,0.000,0.7,2.8,0.9,112,13,1.0,2.9,0.9,112,17,1.0,2.9,0.9,112,17,0,29.00,,0,0,0,41.9,45.1,48.0,0.40,0.36,0.36
TYRO,2019-11-08 18:35:00 EST,42.40611,-77.05390,1204,20.8,22.3,16.1,77.8,15.0,0.000,0.005,0.00,0.000,3.5,4.6,0.5,124,4,3.3,4.5,0.6,127,4,3.3,4.5,0.6,127,4,0,29.00,,0,0,0,41.9,45.0,48.1,0.40,0.36,0.36
TYRO,2019-11-08 18:40:00 EST,42.40611,-77.05390,1204,20.4,22.3,15.4,80.2,15.3,0.000,0.005,0.00,0.000,3.6,4.6,0.5,123,6,3.5,4.7,0.6,125,6,3.5,4.7,0.6,125,6,0,29.00,,0,0,0,41.9,45.0,48.1,0.40,0.37,0.36
TYRO,2019-11-08 18:45:00 EST,42.40611,-77.05390,1204,20.4,21.8,14.9,81.5,15.7,0.000,0.005,0.00,0.000,3.7,4.7,0.4,111,8,3.9,4.7,0.5,111,8,3.9,4.7,0.5,111,8,0,29.00,,0,0,0,41.8,45.0,48.1,0.40,0.36,0.36
TYRO,2019-11-08 18:50:00 EST,42.40611,-77.05390,1204,20.8,22.3,20.8,79.5,15.5,0.000,0.005,0.00,0.000,2.5,4.2,0.7,94,11,2.9,4.6,0.8,94,10,2.9,4.6,0.8,94,10,0,29.00,,0,0,0,41.7,45.0,48.1,0.40,0.36,0.36
TYRO,2019-11-08 18:55:00 EST,42.40611,-77.05390,1204,21.0,22.4,21.0,77.4,15.0,0.000,0.005,0.00,0.000,2.1,4.4,0.7,98,12,2.4,4.7,0.7,98,13,2.4,4.7,0.7,98,13,0,29.00,,0,0,0,41.7,45.0,48.1,0.40,0.36,0.36
TYRO,2019-11-08 19:00:00 EST,42.40611,-77.05390,1204,20.9,22.2,20.9,78.1,15.1,0.000,0.005,0.00,0.000,2.0,3.1,0.6,102,16,2.2,3.4,0.6,100,16,2.2,3.4,0.6,100,16,0,29.00,,0,0,0,41.7,45.1,48.1,0.40,0.37,0.36
TYRO,2019-11-08 19:05:00 EST,42.40611,-77.05390,1204,19.9,21.8,19.9,79.7,14.6,0.000,0.005,0.00,0.000,2.2,3.2,0.5,110,11,2.3,3.5,0.4,110,12,2.3,3.5,0.4,110,12,0,29.00,,0,0,0,41.7,45.0,48.0,0.40,0.36,0.36
TYRO,2019-11-08 19:10:00 EST,42.40611,-77.05390,1204,19.5,21.4,19.5,83.7,15.4,0.000,0.005,0.00,0.000,1.9,2.5,0.3,102,3,2.1,2.9,0.4,102,5,2.1,2.9,0.4,102,5,0,29.00,,0,0,0,41.6,45.0,48.0,0.40,0.36,0.36
TYRO,2019-11-08 19:15:00 EST,42.40611,-77.05390,1204,19.1,21.2,19.1,84.4,15.2,0.000,0.005,0.00,0.000,1.9,2.3,0.2,90,6,2.1,2.7,0.3,90,8,2.1,2.7,0.3,90,8,0,29.00,,0,0,0,41.5,45.0,48.0,0.40,0.36,0.36
TYRO,2019-11-08 19:20:00 EST,42.40611,-77.05390,1204,18.9,20.4,18.9,85.9,15.4,0.000,0.005,0.00,0.000,1.5,2.4,0.3,75,16,1.7,3.0,0.4,73,18,1.7,3.0,0.4,73,18,0,29.00,,0,0,0,41.5,45.0,48.0,0.40,0.36,0.36
TYRO,2019-11-08 19:25:00 EST,42.40611,-77.05390,1204,18.8,20.1,18.8,87.9,15.8,0.000,0.005,0.00,0.000,1.5,1.8,0.2,54,6,1.6,2.0,0.1,55,9,1.6,2.0,0.1,55,9,0,29.00,,0,0,0,41.5,45.0,48.0,0.40,0.36,0.36
TYRO,2019-11-08 19:30:00 EST,42.40611,-77.05390,1204,19.0,19.9,19.0,88.8,16.2,0.000,0.005,0.00,0.000,2.1,2.8,0.4,107,9,2.4,3.2,0.4,107,9,2.4,3.2,0.4,107,9,0,29.00,,0,0,0,41.4,45.0,48.0,0.40,0.36,0.36
TYRO,2019-11-08 19:35:00 EST,42.40611,-77.05390,1204,18.5,19.8,18.5,87.4,15.4,0.000,0.005,0.00,0.000,2.5,3.1,0.3,100,17,2.6,3.7,0.4,98,17,2.6,3.7,0.4,98,17,0,29.00,,0,0,0,41.4,45.0,48.0,0.40,0.37,0.36
TYRO,2019-11-08 19:40:00 EST,42.40611,-77.05390,1204,18.6,19.5,18.6,88.0,15.7,0.000,0.005,0.00,0.000,2.4,3.5,0.3,84,14,2.8,3.7,0.3,81,14,2.8,3.7,0.3,81,14,0,29.00,,0,0,0,41.4,45.0,48.0,0.40,0.37,0.35
TYRO,2019-11-08 19:45:00 EST,42.40611,-77.05390,1204,18.7,20.2,18.7,86.8,15.4,0.000,0.005,0.00,0.000,2.0,2.3,0.1,79,5,2.4,2.8,0.2,79,7,2.4,2.8,0.2,79,7,0,29.00,,0,0,0,41.4,45.0,48.0,0.40,0.36,0.36
TYRO,2019-11-08 19:50:00 EST,42.40611,-77.05390,1204,18.3,19.9,18.3,86.5,15.0,0.000,0.005,0.00,0.000,2.4,3.0,0.3,106,8,2.6,3.3,0.4,107,9,2.6,3.3,0.4,107,9,0,29.00,,0,0,0,41.3,45.0,48.1,0.40,0.36,0.36
TYRO,2019-11-08 19:55:00 EST,42.40611,-77.05390,1204,18.8,20.1,18.8,87.9,15.8,0.000,0.005,0.00,0.000,2.2,3.1,0.3,72,8,2.5,3.5,0.3,71,9,2.5,3.5,0.3,71,9,0,29.00,,0,0,0,41.2,45.0,47.9,0.40,0.36,0.36
TYRO,2019-11-08 20:00:00 EST,42.40611,-77.05390,1204,18.1,20.5,13.5,87.1,14.9,0.000,0.005,0.00,0.000,2.7,3.4,0.5,73,5,3.1,3.8,0.5,71,5,3.1,3.8,0.5,71,5,0,29.00,,0,0,0,41.2,44.9,48.0,0.40,0.36,0.36
TYRO,2019-11-08 20:05:00 EST,42.40611,-77.05390,1204,17.6,19.0,17.6,88.7,14.8,0.000,0.005,0.00,0.000,0.5,1.7,0.5,72,3,1.0,2.2,0.5,69,10,1.0,2.2,0.5,69,10,0,29.00,,0,0,0,41.2,44.9,47.9,0.40,0.37,0.36
TYRO,2019-11-08 20:10:00 EST,42.40611,-77.05390,1204,17.7,18.7,17.7,89.9,15.2,0.000,0.005,0.00,0.000,1.2,2.3,0.7,131,44,1.5,2.7,0.6,133,45,1.5,2.7,0.6,133,45,0,29.01,,0,0,0,41.0,44.9,47.9,0.40,0.36,0.36
TYRO,2019-11-08 20:15:00 EST,42.40611,-77.05390,1204,17.5,19.1,17.5,90.9,15.3,0.000,0.005,0.00,0.000,1.6,2.3,0.3,94,20,1.9,3.0,0.4,93,20,1.9,3.0,0.4,93,20,0,29.01,,0,0,0,41.0,44.9,47.9,0.40,0.36,0.36
TYRO,2019-11-08 20:20:00 EST,42.40611,-77.05390,1204,17.5,19.3,17.5,90.6,15.3,0.000,0.005,0.00,0.000,2.4,3.0,0.4,78,6,2.7,3.6,0.5,77,8,2.7,3.6,0.5,77,8,0,29.01,,0,0,0,41.0,44.9,47.9,0.40,0.36,0.36
TYRO,2019-11-08 20:25:00 EST,42.40611,-77.05390,1204,17.2,19.0,17.2,89.9,14.7,0.000,0.005,0.00,0.000,2.7,3.3,0.2,86,8,3.0,3.7,0.3,86,9,3.0,3.7,0.3,86,9,0,29.01,,0,0,0,41.0,44.9,48.0,0.40,0.36,0.36
TYRO,2019-11-08 20:30:00 EST,42.40611,-77.05390,1204,17.3,18.7,17.3,91.3,15.2,0.000,0.005,0.00,0.000,2.0,3.1,0.7,76,12,2.2,3.5,0.8,75,14,2.2,3.5,0.8,75,14,0,29.01,,0,0,0,41.0,44.9,47.9,0.40,0.37,0.36
TYRO,2019-11-08 20:35:00 EST,42.40611,-77.05390,1204,17.3,18.4,17.3,92.0,15.3,0.000,0.005,0.00,0.000,1.9,2.8,0.4,69,9,2.2,3.4,0.4,67,10,2.2,3.4,0.4,67,10,0,29.01,,0,0,0,40.9,44.9,47.9,0.40,0.36,0.36
TYRO,2019-11-08 20:40:00 EST,42.40611,-77.05390,1204,17.0,18.6,17.0,91.5,14.9,0.000,0.005,0.00,0.000,2.6,3.3,0.3,76,7,2.9,3.9,0.4,75,9,2.9,3.9,0.4,75,9,0,29.00,,0,0,0,40.8,44.9,47.9,0.40,0.36,0.36
TYRO,2019-11-08 20:45:00 EST,42.40611,-77.05390,1204,17.3,18.5,17.3,91.3,15.2,0.000,0.005,0.00,0.000,2.2,3.4,0.3,78,10,2.5,4.1,0.4,78,12,2.5,4.1,0.4,78,12,0,29.00,,0,0,0,40.8,44.9,47.9,0.40,0.36,0.36
TYRO,2019-11-08 20:50:00 EST,42.40611,-77.05390,1204,17.3,18.5,17.3,91.0,15.1,0.000,0.005,0.00,0.000,2.4,3.4,0.4,85,11,2.7,3.8,0.5,85,12,2.7,3.8,0.5,85,12,0,29.01,,0,0,0,40.7,44.9,47.9,0.40,0.36,0.36
TYRO,2019-11-08 20:55:00 EST,42.40611,-77.05390,1204,16.6,17.9,16.6,90.8,14.4,0.000,0.005,0.00,0.000,2.2,3.1,0.3,112,8,2.3,3.6,0.3,112,9,2.3,3.6,0.3,112,9,0,29.01,,0,0,0,40.6,44.8,47.9,0.40,0.36,0.36
TYRO,2019-11-08 21:00:00 EST,42.40611,-77.05390,1204,16.8,18.1,16.8,90.9,14.6,0.000,0.005,0.00,0.000,2.3,2.8,0.2,102,6,2.6,3.3,0.3,102,6,2.6,3.3,0.3,102,6,0,29.01,,0,0,0,40.6,44.9,47.9,0.40,0.36,0.36
TYRO,2019-11-08 21:05:00 EST,42.40611,-77.05390,1204,16.8,17.7,16.8,91.0,14.6,0.000,0.005,0.00,0.000,2.4,2.6,0.1,102,5,2.7,3.0,0.1,103,5,2.7,3.0,0.1,103,5,0,29.01,,0,0,0,40.6,44.8,47.9,0.40,0.37,0.36
TYRO,2019-11-08 21:10:00 EST,42.40611,-77.05390,1204,16.6,17.6,16.6,91.1,14.4,0.000,0.005,0.00,0.000,2.0,2.4,0.2,97,4,2.4,2.9,0.3,97,6,2.4,2.9,0.3,97,6,0,29.01,,0,0,0,40.6,44.9,47.8,0.40,0.36,0.36
TYRO,2019-11-08 21:15:00 EST,42.40611,-77.05390,1204,16.7,17.6,16.7,91.9,14.8,0.000,0.005,0.00,0.000,1.9,2.8,0.4,81,10,2.3,3.3,0.4,81,12,2.3,3.3,0.4,81,12,0,29.00,,0,0,0,40.5,44.9,47.9,0.40,0.36,0.36
TYRO,2019-11-08 21:20:00 EST,42.40611,-77.05390,1204,16.6,17.7,16.6,91.7,14.6,0.000,0.005,0.00,0.000,2.2,2.9,0.6,67,12,2.3,3.4,0.6,65,14,2.3,3.4,0.6,65,14,0,29.00,,0,0,0,40.5,44.8,47.9,0.40,0.36,0.36
TYRO,2019-11-08 21:25:00 EST,42.40611,-77.05390,1204,16.5,17.7,16.5,92.1,14.6,0.000,0.005,0.00,0.000,1.9,2.7,0.4,78,10,2.2,3.2,0.5,75,12,2.2,3.2,0.5,75,12,0,29.00,,0,0,0,40.5,44.8,47.9,0.40,0.36,0.36
TYRO,2019-11-08 21:30:00 EST,42.40611,-77.05390,1204,16.5,17.6,16.5,92.4,14.7,0.000,0.005,0.00,0.000,2.0,2.6,0.2,81,9,2.3,3.1,0.3,81,11,2.3,3.1,0.3,81,11,0,29.00,,0,0,0,40.4,44.9,47.9,0.40,0.36,0.36
TYRO,2019-11-08 21:35:00 EST,42.40611,-77.05390,1204,16.4,17.4,16.4,92.1,14.5,0.000,0.005,0.00,0.000,1.6,2.0,0.2,82,9,1.9,2.4,0.3,81,13,1.9,2.4,0.3,81,13,0,29.00,,0,0,0,40.3,44.9,47.9,0.40,0.36,0.36
TYRO,2019-11-08 21:40:00 EST,42.40611,-77.05390,1204,16.4,17.4,16.4,92.0,14.5,0.000,0.005,0.00,0.000,2.0,2.3,0.1,108,7,2.2,2.5,0.2,107,8,2.2,2.5,0.2,107,8,0,29.00,,0,0,0,40.3,44.8,47.8,0.40,0.36,0.36
TYRO,2019-11-08 21:45:00 EST,42.40611,-77.05390,1204,16.0,17.3,16.0,91.9,14.1,0.000,0.005,0.00,0.000,1.7,2.3,0.4,76,11,2.0,2.9,0.4,75,12,2.0,2.9,0.4,75,12,0,29.00,,0,0,0,40.3,44.8,47.9,0.40,0.36,0.36
TYRO,2019-11-08 21:50:00 EST,42.40611,-77.05390,1204,16.1,17.3,16.1,92.2,14.2,0.000,0.005,0.00,0.000,2.0,2.6,0.2,80,4,2.3,3.2,0.2,80,6,2.3,3.2,0.2,80,6,0,29.00,,0,0,0,40.3,44.8,47.9,0.40,0.37,0.36
TYRO,2019-11-08 21:55:00 EST,42.40611,-77.05390,1204,15.9,17.2,15.9,92.4,14.1,0.000,0.005,0.00,0.000,2.3,3.1,0.3,77,7,2.6,3.6,0.4,76,9,2.6,3.6,0.4,76,9,0,29.00,,0,0,0,40.1,44.9,47.9,0.40,0.36,0.36
TYRO,2019-11-08 22:00:00 EST,42.40611,-77.05390,1204,15.9,17.0,15.9,92.0,14.0,0.000,0.005,0.00,0.000,2.2,3.1,0.3,87,12,2.5,3.7,0.4,87,14,2.5,3.7,0.4,87,14,0,29.00,,0,0,0,40.1,44.8,47.8,0.40,0.36,0.36
TYRO,2019-11-08 22:05:00 EST,42.40611,-77.05390,1204,15.3,16.6,15.3,91.9,13.4,0.000,0.005,0.00,0.000,1.7,2.3,0.4,128,14,1.7,2.7,0.4,129,15,1.7,2.7,0.4,129,15,0,29.00,,0,0,0,40.1,44.9,47.8,0.40,0.36,0.36
TYRO,2019-11-08 22:10:00 EST,42.40611,-77.05390,1204,15.3,16.8,15.3,91.9,13.3,0.000,0.005,0.00,0.000,1.6,2.4,0.4,103,13,1.9,2.9,0.5,102,13,1.9,2.9,0.5,102,13,0,29.00,,0,0,0,40.1,44.8,47.9,0.40,0.36,0.36
TYRO,2019-11-08 22:15:00 EST,42.40611,-77.05390,1204,15.5,16.8,15.5,92.2,13.7,0.000,0.005,0.00,0.000,2.6,3.1,0.2,77,5,3.0,3.5,0.3,75,6,3.0,3.5,0.3,75,6,0,29.00,,0,0,0,40.0,44.9,47.9,0.40,0.37,0.36
TYRO,2019-11-08 22:20:00 EST,42.40611,-77.05390,1204,15.8,16.7,15.8,92.9,14.1,0.000,0.005,0.00,0.000,2.2,2.8,0.2,83,5,2.4,3.2,0.3,82,8,2.4,3.2,0.3,82,8,0,29.00,,0,0,0,39.9,44.8,47.9,0.40,0.36,0.36
TYRO,2019-11-08 22:25:00 EST,42.40611,-77.05390,1204,15.5,16.7,15.5,92.4,13.7,0.000,0.005,0.00,0.000,1.7,2.1,0.3,93,15,1.9,2.7,0.3,93,16,1.9,2.7,0.3,93,16,0,29.00,,0,0,0,39.9,44.8,47.9,0.40,0.37,0.36
TYRO,2019-11-08 22:30:00 EST,42.40611,-77.05390,1204,15.3,16.5,15.3,92.4,13.5,0.000,0.005,0.00,0.000,1.3,1.8,0.2,110,7,1.6,2.0,0.2,109,9,1.6,2.0,0.2,109,9,0,29.00,,0,0,0,39.9,44.8,47.8,0.40,0.36,0.36
TYRO,2019-11-08 22:35:00 EST,42.40611,-77.05390,1204,15.4,17.0,15.4,92.6,13.6,0.000,0.005,0.00,0.000,1.8,2.5,0.3,134,11,1.8,2.6,0.3,132,12,1.8,2.6,0.3,132,12,0,29.00,,0,0,0,39.9,44.8,47.8,0.40,0.36,0.36
TYRO,2019-11-08 22:40:00 EST,42.40611,-77.05390,1204,15.5,17.2,15.5,92.4,13.7,0.000,0.005,0.00,0.000,2.3,3.9,0.5,146,14,2.2,4.4,0.6,146,16,2.2,4.4,0.6,146,16,0,29.00,,0,0,0,39.7,44.8,47.9,0.40,0.37,0.36
TYRO,2019-11-08 22:45:00 EST,42.40611,-77.05390,1204,15.4,17.5,15.4,91.4,13.3,0.000,0.005,0.00,0.000,2.0,2.9,0.5,137,16,2.1,3.4,0.5,137,19,2.1,3.4,0.5,137,19,0,29.00,,0,0,0,39.7,44.7,47.8,0.40,0.36,0.36
TYRO,2019-11-08 22:50:00 EST,42.40611,-77.05390,1204,15.5,17.4,15.5,91.5,13.5,0.000,0.005,0.00,0.000,2.0,3.5,0.5,152,16,2.0,3.8,0.5,150,18,2.0,3.8,0.5,150,18,0,29.00,,0,0,0,39.7,44.7,47.9,0.40,0.36,0.36
TYRO,2019-11-08 22:55:00 EST,42.40611,-77.05390,1204,15.2,17.3,15.2,90.9,13.0,0.000,0.005,0.00,0.000,1.9,3.4,0.5,156,13,2.0,3.5,0.6,157,16,2.0,3.5,0.6,157,16,0,29.00,,0,0,0,39.7,44.8,47.8,0.40,0.36,0.36
TYRO,2019-11-08 23:00:00 EST,42.40611,-77.05390,1204,15.3,17.3,15.3,90.9,13.1,0.000,0.005,0.00,0.000,1.6,2.6,0.4,157,14,1.7,3.3,0.4,157,17,1.7,3.3,0.4,157,17,0,29.00,,0,0,0,39.7,44.8,47.8,0.40,0.36,0.36
TYRO,2019-11-08 23:05:00 EST,42.40611,-77.05390,1204,15.2,17.0,15.2,90.8,13.0,0.000,0.005,0.00,0.000,1.1,2.1,0.4,123,24,1.4,1.9,0.3,113,25,1.4,1.9,0.3,113,25,0,28.99,,0,0,0,39.6,44.7,47.7,0.40,0.36,0.36
TYRO,2019-11-08 23:10:00 EST,42.40611,-77.05390,1204,14.7,16.0,14.7,90.4,12.5,0.000,0.005,0.00,0.000,1.1,1.5,0.2,80,13,1.4,2.1,0.3,80,18,1.4,2.1,0.3,80,18,0,28.99,,0,0,0,39.6,44.7,47.8,0.40,0.36,0.36
TYRO,2019-11-08 23:15:00 EST,42.40611,-77.05390,1204,15.3,16.2,15.3,92.0,13.4,0.000,0.005,0.00,0.000,0.6,1.2,0.3,96,0,1.0,1.6,0.4,103,7,1.0,1.6,0.4,103,7,0,28.99,,0,0,0,39.6,44.7,47.8,0.40,0.36,0.36
TYRO,2019-11-08 23:20:00 EST,42.40611,-77.05390,1204,14.6,16.2,14.6,91.3,12.5,0.000,0.005,0.00,0.000,0.0,0.0,0.0,0,0,0.1,0.9,0.3,123,3,0.1,0.9,0.3,123,3,0,29.00,,0,0,0,39.6,44.7,47.8,0.40,0.36,0.36
TYRO,2019-11-08 23:25:00 EST,42.40611,-77.05390,1204,14.6,16.1,14.6,91.5,12.6,0.000,0.005,0.00,0.000,0.1,1.1,0.3,178,2,0.4,1.8,0.5,152,15,0.4,1.8,0.5,152,15,0,28.99,,0,0,0,39.6,44.6,47.7,0.40,0.36,0.36
TYRO,2019-11-08 23:30:00 EST,42.40611,-77.05390,1204,14.9,16.6,14.9,92.8,13.2,0.000,0.005,0.00,0.000,0.5,1.5,0.5,133,17,1.1,1.8,0.3,124,19,1.1,1.8,0.3,124,19,0,28.99,,0,0,0,39.5,44.6,47.8,0.40,0.36,0.36
TYRO,2019-11-08 23:35:00 EST,42.40611,-77.05390,1204,14.6,16.4,14.6,92.0,12.7,0.000,0.005,0.00,0.000,0.6,1.3,0.4,134,13,0.9,1.8,0.4,115,21,0.9,1.8,0.4,115,21,0,28.99,,0,0,0,39.4,44.6,47.7,0.40,0.36,0.36
TYRO,2019-11-08 23:40:00 EST,42.40611,-77.05390,1204,14.9,15.9,14.9,92.5,13.2,0.000,0.005,0.00,0.000,1.4,2.3,0.8,92,5,1.8,2.6,0.6,90,10,1.8,2.6,0.6,90,10,0,28.99,,0,0,0,39.4,44.6,47.7,0.40,0.36,0.36
TYRO,2019-11-08 23:45:00 EST,42.40611,-77.05390,1204,15.1,16.1,15.1,92.7,13.3,0.000,0.005,0.00,0.000,2.3,2.7,0.2,89,3,2.5,3.1,0.3,88,5,2.5,3.1,0.3,88,5,0,28.99,,0,0,0,39.4,44.6,47.8,0.40,0.36,0.36
TYRO,2019-11-08 23:50:00 EST,42.40611,-77.05390,1204,14.9,16.6,14.9,92.2,13.0,0.000,0.005,0.00,0.000,1.3,2.3,0.4,81,8,1.6,2.5,0.4,76,12,1.6,2.5,0.4,76,12,0,28.99,,0,0,0,39.4,44.6,47.7,0.40,0.36,0.36
TYRO,2019-11-08 23:55:00 EST,42.40611,-77.05390,1204,14.8,15.9,14.8,91.7,12.8,0.000,0.005,0.00,0.000,1.0,1.7,0.3,59,4,1.3,2.0,0.3,52,8,1.3,2.0,0.3,52,8,0,28.99,,0,0,0,39.3,44.5,47.7,0.40,0.36,0.36
VOOR,2019-11-08 00:00:00 EST,42.65242,-73.97562,378,28.9,29.1,21.0,76.6,22.5,0.000,0.106,0.00,0.000,7.3,12.6,2.2,290,18,8.2,14.6,2.5,292,15,8.2,14.6,2.5,292,15,0,29.67,-0.1,0,0,0,43.5,48.0,50.5,0.26,0.23,0.18
VOOR,2019-11-08 00:05:00 EST,42.65242,-73.97562,378,28.8,28.9,20.5,76.8,22.5,0.000,0.000,0.00,0.000,8.3,13.2,2.1,288,14,8.8,14.4,2.4,292,13,8.8,14.4,2.4,292,13,0,29.67,-0.1,0,0,0,43.4,48.0,50.5,0.26,0.23,0.18
VOOR,2019-11-08 00:10:00 EST,42.65242,-73.97562,378,28.7,28.8,21.1,76.7,22.3,0.000,0.000,0.00,0.000,7.3,11.8,1.9,299,19,7.6,12.2,1.9,302,18,7.6,12.2,1.9,302,18,0,29.67,-0.0,0,0,0,43.3,48.0,50.5,0.26,0.23,0.18
VOOR,2019-11-08 00:15:00 EST,42.65242,-73.97562,378,28.6,28.7,21.7,76.8,22.2,0.000,0.000,0.00,0.000,6.0,10.1,1.7,302,20,6.6,11.3,1.9,305,20,6.6,11.3,1.9,305,20,0,29.67,-0.0,0,0,0,43.3,48.0,50.5,0.26,0.23,0.18
VOOR,2019-11-08 00:20:00 EST,42.65242,-73.97562,378,28.5,28.6,21.8,76.3,22.0,0.000,0.000,0.00,0.000,5.7,11.3,1.7,300,17,6.3,11.1,1.8,303,15,6.3,11.1,1.8,303,15,0,29.67,-0.1,0,0,0,43.3,48.0,50.5,0.26,0.23,0.18
VOOR,2019-11-08 00:25:00 EST,42.65242,-73.97562,378,28.4,28.5,20.7,76.6,21.9,0.000,0.000,0.00,0.000,7.1,12.7,1.9,298,15,7.5,14.6,2.0,301,15,7.5,14.6,2.0,301,15,0,29.67,-0.0,0,0,0,43.2,48.0,50.5,0.26,0.23,0.18
VOOR,2019-11-08 00:30:00 EST,42.65242,-73.97562,378,28.3,28.4,20.7,76.2,21.8,0.000,0.000,0.00,0.000,7.1,12.9,1.9,295,18,7.4,14.5,2.1,299,16,7.4,14.5,2.1,299,16,0,29.67,-0.0,0,0,0,43.2,48.0,50.5,0.26,0.23,0.18
VOOR,2019-11-08 00:35:00 EST,42.65242,-73.97562,378,28.2,28.3,21.1,76.0,21.6,0.000,0.000,0.00,0.000,6.3,10.6,1.9,295,15,6.7,12.8,2.1,298,14,6.7,12.8,2.1,298,14,0,29.67,-0.1,0,0,0,43.2,48.0,50.5,0.26,0.23,0.18
VOOR,2019-11-08 00:40:00 EST,42.65242,-73.97562,378,28.0,28.2,20.5,76.3,21.5,0.000,0.000,0.00,0.000,6.6,10.7,1.8,285,16,7.3,12.5,2.0,289,14,7.3,12.5,2.0,289,14,0,29.67,-0.1,0,0,0,43.2,48.0,50.4,0.26,0.23,0.18
VOOR,2019-11-08 00:45:00 EST,42.65242,-73.97562,378,28.0,28.1,20.7,76.2,21.4,0.000,0.000,0.00,0.000,6.5,11.5,1.6,299,17,7.0,12.4,1.7,299,15,7.0,12.4,1.7,299,15,0,29.67,-0.1,0,0,0,43.0,47.9,50.4,0.26,0.23,0.18
VOOR,2019-11-08 00:50:00 EST,42.65242,-73.97562,378,27.8,28.0,20.8,76.3,21.3,0.000,0.000,0.00,0.000,6.1,9.9,1.6,294,18,6.5,10.5,1.7,297,16,6.5,10.5,1.7,297,16,0,29.67,-0.1,0,0,0,43.0,47.8,50.4,0.26,0.23,0.18
VOOR,2019-11-08 00:55:00 EST,42.65242,-73.97562,378,27.8,28.0,20.9,75.7,21.2,0.000,0.000,0.00,0.000,6.1,9.4,1.4,304,16,6.4,10.9,1.5,308,15,6.4,10.9,1.5,308,15,0,29.66,-0.1,0,0,0,43.0,47.8,50.4,0.26,0.23,0.18
VOOR,2019-11-08 01:00:00 EST,42.65242,-73.97562,378,27.8,27.9,20.4,75.4,21.0,0.000,0.000,0.00,0.000,6.6,11.8,1.9,294,15,7.1,12.4,2.1,297,14,7.1,12.4,2.1,297,14,0,29.66,-0.1,0,0,0,43.0,47.8,50.5,0.26,0.23,0.18
VOOR,2019-11-08 01:05:00 EST,42.65242,-73.97562,378,27.8,28.0,20.3,74.6,20.8,0.000,0.000,0.00,0.000,7.0,12.0,2.4,309,14,7.2,12.2,2.4,314,12,7.2,12.2,2.4,314,12,0,29.66,-0.1,0,0,0,42.8,47.8,50.4,0.26,0.23,0.18
VOOR,2019-11-08 01:10:00 EST,42.65242,-73.97562,378,27.4,27.7,22.5,75.5,20.7,0.000,0.000,0.00,0.000,3.8,7.4,1.4,312,22,4.3,7.8,1.4,316,21,4.3,7.8,1.4,316,21,0,29.66,-0.0,0,0,0,42.8,47.8,50.4,0.26,0.23,0.18
VOOR,2019-11-08 01:15:00 EST,42.65242,-73.97562,378,27.5,27.7,21.1,75.0,20.6,0.000,0.000,0.00,0.000,5.5,9.6,1.6,301,15,5.8,9.5,1.7,306,15,5.8,9.5,1.7,306,15,0,29.66,-0.1,0,0,0,42.8,47.8,50.4,0.26,0.23,0.18
VOOR,2019-11-08 01:20:00 EST,42.65242,-73.97562,378,27.3,27.6,21.1,75.2,20.5,0.000,0.000,0.00,0.000,5.2,8.3,1.7,304,15,5.5,8.6,1.7,308,15,5.5,8.6,1.7,308,15,0,29.66,-0.1,0,0,0,42.8,47.8,50.4,0.26,0.23,0.18
VOOR,2019-11-08 01:25:00 EST,42.65242,-73.97562,378,27.2,27.5,21.3,75.5,20.5,0.000,0.000,0.00,0.000,4.8,7.7,1.3,310,19,5.1,8.9,1.4,314,16,5.1,8.9,1.4,314,16,0,29.66,-0.0,0,0,0,42.7,47.8,50.4,0.26,0.23,0.18
VOOR,2019-11-08 01:30:00 EST,42.65242,-73.97562,378,27.3,27.5,20.2,74.8,20.4,0.000,0.000,0.00,0.000,6.1,10.2,1.9,303,18,6.5,10.6,1.9,307,17,6.5,10.6,1.9,307,17,0,29.66,-0.1,0,0,0,42.6,47.8,50.4,0.26,0.23,0.18
VOOR,2019-11-08 01:35:00 EST,42.65242,-73.97562,378,27.2,27.4,19.9,74.9,20.3,0.000,0.000,0.00,0.000,6.5,10.2,2.0,304,18,6.9,12.0,2.0,306,16,6.9,12.0,2.0,306,16,0,29.66,-0.1,0,0,0,42.6,47.8,50.4,0.26,0.23,0.18
VOOR,2019-11-08 01:40:00 EST,42.65242,-73.97562,378,27.2,27.4,20.8,74.2,20.1,0.000,0.000,0.00,0.000,5.3,11.5,2.1,307,20,5.8,12.6,2.0,312,19,5.8,12.6,2.0,312,19,0,29.66,-0.1,0,0,0,42.6,47.8,50.4,0.26,0.23,0.18
VOOR,2019-11-08 01:45:00 EST,42.65242,-73.97562,378,27.2,27.4,20.8,74.0,20.0,0.000,0.000,0.00,0.000,5.2,9.9,2.3,301,18,5.7,10.4,2.0,304,15,5.7,10.4,2.0,304,15,0,29.66,-0.1,0,0,0,42.5,47.8,50.4,0.26,0.23,0.18
VOOR,2019-11-08 01:50:00 EST,42.65242,-73.97562,378,27.1,27.4,22.1,73.9,19.9,0.000,0.000,0.00,0.000,4.0,8.0,1.2,311,18,4.3,8.8,1.4,316,17,4.3,8.8,1.4,316,17,0,29.66,-0.0,0,0,0,42.4,47.8,50.4,0.26,0.23,0.18
VOOR,2019-11-08 01:55:00 EST,42.65242,-73.97562,378,27.2,27.4,20.6,73.4,19.8,0.000,0.000,0.00,0.000,5.6,9.7,1.8,306,17,5.9,11.0,1.8,309,16,5.9,11.0,1.8,309,16,0,29.66,-0.0,0,0,0,42.4,47.8,50.4,0.26,0.23,0.18
VOOR,2019-11-08 02:00:00 EST,42.65242,-73.97562,378,27.1,27.3,20.8,73.2,19.7,0.000,0.000,0.00,0.000,5.3,9.1,1.5,300,16,5.6,9.6,1.6,303,15,5.6,9.6,1.6,303,15,0,29.66,-0.1,0,0,0,42.4,47.8,50.4,0.26,0.23,0.18
VOOR,2019-11-08 02:05:00 EST,42.65242,-73.97562,378,26.9,27.2,20.0,73.9,19.7,0.000,0.000,0.00,0.000,5.8,9.6,1.7,303,13,6.2,11.2,1.7,306,11,6.2,11.2,1.7,306,11,0,29.65,-0.0,0,0,0,42.4,47.7,50.4,0.26,0.23,0.18
VOOR,2019-11-08 02:10:00 EST,42.65242,-73.97562,378,27.1,27.2,20.1,73.0,19.6,0.000,0.000,0.00,0.000,6.0,9.9,1.8,302,15,6.2,11.0,1.8,306,15,6.2,11.0,1.8,306,15,0,29.65,-0.1,0,0,0,42.3,47.5,50.4,0.26,0.23,0.18
VOOR,2019-11-08 02:15:00 EST,42.65242,-73.97562,378,27.0,27.1,20.4,73.3,19.5,0.000,0.000,0.00,0.000,5.6,7.8,1.2,305,14,5.8,8.3,1.2,308,14,5.8,8.3,1.2,308,14,0,29.65,-0.1,0,0,0,42.3,47.5,50.4,0.26,0.23,0.18
VOOR,2019-11-08 02:20:00 EST,42.65242,-73.97562,378,26.8,27.1,20.4,73.6,19.5,0.000,0.000,0.00,0.000,5.2,8.5,1.6,305,17,5.6,9.5,1.6,308,15,5.6,9.5,1.6,308,15,0,29.65,-0.0,0,0,0,42.3,47.5,50.4,0.26,0.23,0.18
VOOR,2019-11-08 02:25:00 EST,42.65242,-73.97562,378,27.0,27.1,20.6,73.0,19.5,0.000,0.000,0.00,0.000,5.1,9.6,1.7,304,17,5.5,11.9,1.8,308,16,5.5,11.9,1.8,308,16,0,29.65,-0.1,0,0,0,42.3,47.5,50.4,0.26,0.23,0.18
VOOR,2019-11-08 02:30:00 EST,42.65242,-73.97562,378,26.9,27.2,20.8,72.5,19.2,0.000,0.000,0.00,0.000,5.1,7.7,1.3,309,17,5.3,8.0,1.4,313,16,5.3,8.0,1.4,313,16,0,29.65,-0.0,0,0,0,42.1,47.5,50.4,0.26,0.23,0.18
VOOR,2019-11-08 02:35:00 EST,42.65242,-73.97562,378,26.9,27.2,21.0,72.3,19.2,0.000,0.000,0.00,0.000,4.8,9.9,1.4,300,18,5.1,10.0,1.6,304,17,5.1,10.0,1.6,304,17,0,29.65,-0.0,0,0,0,42.1,47.5,50.4,0.26,0.23,0.18
VOOR,2019-11-08 02:40:00 EST,42.65242,-73.97562,378,26.9,27.2,20.2,72.2,19.1,0.000,0.000,0.00,0.000,5.7,9.5,1.5,302,16,5.9,10.5,1.6,307,15,5.9,10.5,1.6,307,15,0,29.65,-0.1,0,0,0,42.1,47.5,50.4,0.26,0.23,0.18
VOOR,2019-11-08 02:45:00 EST,42.65242,-73.97562,378,26.9,27.1,20.1,71.7,19.0,0.000,0.000,0.00,0.000,5.7,9.9,1.4,300,14,6.0,11.5,1.5,304,13,6.0,11.5,1.5,304,13,0,29.65,-0.1,0,0,0,42.0,47.5,50.4,0.26,0.23,0.18
VOOR,2019-11-08 02:50:00 EST,42.65242,-73.97562,378,26.9,27.2,19.2,71.5,18.9,0.000,0.000,0.00,0.000,6.8,13.2,2.3,301,17,7.2,14.0,2.3,305,15,7.2,14.0,2.3,305,15,0,29.65,-0.0,0,0,0,41.9,47.5,50.4,0.26,0.23,0.18
VOOR,2019-11-08 02:55:00 EST,42.65242,-73.97562,378,27.0,27.2,18.5,71.9,19.1,0.000,0.000,0.00,0.000,7.9,14.6,2.1,297,16,8.3,16.9,2.4,300,14,8.3,16.9,2.4,300,14,0,29.65,-0.0,0,0,0,41.9,47.5,50.4,0.26,0.23,0.18
VOOR,2019-11-08 03:00:00 EST,42.65242,-73.97562,378,27.0,27.1,18.8,72.4,19.3,0.000,0.000,0.00,0.000,7.6,11.7,1.4,295,16,8.0,12.3,1.6,298,14,8.0,12.3,1.6,298,14,0,29.65,-0.1,0,0,0,41.9,47.5,50.4,0.26,0.23,0.18
VOOR,2019-11-08 03:05:00 EST,42.65242,-73.97562,378,26.9,27.1,18.7,73.1,19.5,0.000,0.000,0.00,0.000,7.8,12.9,2.1,309,19,8.0,12.8,2.2,313,17,8.0,12.8,2.2,313,17,0,29.65,-0.0,0,0,0,41.9,47.5,50.4,0.26,0.23,0.18
VOOR,2019-11-08 03:10:00 EST,42.65242,-73.97562,378,26.8,27.0,19.7,73.6,19.5,0.000,0.000,0.00,0.000,5.8,10.6,2.1,325,18,6.4,12.0,2.1,330,16,6.4,12.0,2.1,330,16,0,29.65,-0.1,0,0,0,41.7,47.5,50.4,0.26,0.23,0.18
VOOR,2019-11-08 03:15:00 EST,42.65242,-73.97562,378,26.6,26.8,20.8,74.2,19.5,0.000,0.000,0.00,0.000,4.6,7.2,1.3,311,23,4.9,8.2,1.4,316,24,4.9,8.2,1.4,316,24,0,29.65,-0.0,0,0,0,41.7,47.5,50.4,0.26,0.23,0.18
VOOR,2019-11-08 03:20:00 EST,42.65242,-73.97562,378,26.6,26.8,19.7,75.1,19.8,0.000,0.000,0.00,0.000,5.7,9.2,1.4,308,21,6.1,10.2,1.4,312,21,6.1,10.2,1.4,312,21,0,29.64,-0.1,0,0,0,41.7,47.4,50.4,0.26,0.23,0.18
VOOR,2019-11-08 03:25:00 EST,42.65242,-73.97562,378,26.5,26.7,19.3,75.6,19.8,0.000,0.000,0.00,0.000,6.1,11.8,2.0,302,19,6.4,11.9,2.0,307,20,6.4,11.9,2.0,307,20,0,29.64,-0.1,0,0,0,41.7,47.3,50.4,0.26,0.23,0.18
VOOR,2019-11-08 03:30:00 EST,42.65242,-73.97562,378,26.5,26.7,19.6,75.7,19.8,0.000,0.000,0.00,0.000,5.7,8.8,1.6,307,22,6.1,11.6,1.7,312,21,6.1,11.6,1.7,312,21,0,29.64,0.0,0,0,0,41.6,47.3,50.4,0.26,0.23,0.18
VOOR,2019-11-08 03:35:00 EST,42.65242,-73.97562,378,26.5,26.7,20.5,74.8,19.6,0.000,0.000,0.00,0.000,4.6,7.9,1.3,310,21,5.1,8.4,1.5,313,18,5.1,8.4,1.5,313,18,0,29.64,-0.0,0,0,0,41.5,47.3,50.4,0.26,0.23,0.18
VOOR,2019-11-08 03:40:00 EST,42.65242,-73.97562,378,26.5,26.7,19.9,74.3,19.5,0.000,0.000,0.00,0.000,5.5,11.8,2.0,309,17,5.8,12.4,2.1,314,17,5.8,12.4,2.1,314,17,0,29.64,-0.0,0,0,0,41.5,47.3,50.4,0.26,0.23,0.18
VOOR,2019-11-08 03:45:00 EST,42.65242,-73.97562,378,26.5,26.7,19.6,73.6,19.2,0.000,0.000,0.00,0.000,5.9,10.6,1.6,308,16,6.1,11.2,1.6,312,16,6.1,11.2,1.6,312,16,0,29.64,-0.1,0,0,0,41.5,47.3,50.4,0.26,0.23,0.18
VOOR,2019-11-08 03:50:00 EST,42.65242,-73.97562,378,26.4,26.7,19.0,74.1,19.3,0.000,0.000,0.00,0.000,6.4,13.3,2.1,301,18,6.8,13.8,2.1,304,17,6.8,13.8,2.1,304,17,0,29.64,-0.0,0,0,0,41.5,47.3,50.4,0.26,0.23,0.18
VOOR,2019-11-08 03:55:00 EST,42.65242,-73.97562,378,26.5,26.7,18.5,73.8,19.3,0.000,0.000,0.00,0.000,6.9,12.7,2.6,308,19,7.5,14.7,2.6,313,18,7.5,14.7,2.6,313,18,0,29.64,-0.0,0,0,0,41.4,47.3,50.4,0.26,0.23,0.18
VOOR,2019-11-08 04:00:00 EST,42.65242,-73.97562,378,26.3,26.5,21.2,74.0,19.1,0.000,0.000,0.00,0.000,3.8,7.2,1.5,316,22,4.2,8.4,1.4,320,20,4.2,8.4,1.4,320,20,0,29.64,0.0,0,0,0,41.4,47.3,50.4,0.26,0.23,0.18
VOOR,2019-11-08 04:05:00 EST,42.65242,-73.97562,378,26.2,26.5,20.6,73.6,18.9,0.000,0.000,0.00,0.000,4.2,9.2,1.8,313,24,4.7,11.5,2.0,317,23,4.7,11.5,2.0,317,23,0,29.64,0.0,0,0,0,41.4,47.3,50.4,0.26,0.23,0.18
VOOR,2019-11-08 04:10:00 EST,42.65242,-73.97562,378,26.3,26.5,21.1,72.8,18.8,0.000,0.000,0.00,0.000,4.0,6.9,1.3,313,20,4.4,7.2,1.3,317,19,4.4,7.2,1.3,317,19,0,29.64,-0.1,0,0,0,41.4,47.3,50.4,0.26,0.23,0.18
VOOR,2019-11-08 04:15:00 EST,42.65242,-73.97562,378,26.2,26.4,20.1,73.0,18.7,0.000,0.000,0.00,0.000,4.8,8.0,1.3,312,20,5.2,10.0,1.5,315,19,5.2,10.0,1.5,315,19,0,29.65,-0.0,0,0,0,41.4,47.3,50.4,0.26,0.23,0.18
VOOR,2019-11-08 04:20:00 EST,42.65242,-73.97562,378,26.1,26.3,20.2,73.4,18.7,0.000,0.000,0.00,0.000,4.6,7.7,1.3,315,19,4.9,8.1,1.3,320,18,4.9,8.1,1.3,320,18,0,29.65,-0.0,0,0,0,41.3,47.2,50.4,0.26,0.23,0.18
VOOR,2019-11-08 04:25:00 EST,42.65242,-73.97562,378,26.3,26.4,18.3,73.1,18.8,0.000,0.000,0.00,0.000,7.0,12.6,2.1,303,21,7.5,13.6,2.3,308,19,7.5,13.6,2.3,308,19,0,29.65,-0.1,0,0,0,41.2,47.1,50.4,0.26,0.23,0.18
VOOR,2019-11-08 04:30:00 EST,42.65242,-73.97562,378,26.3,26.4,18.0,73.5,18.9,0.000,0.000,0.00,0.000,7.4,12.9,2.6,300,19,7.7,16.0,2.6,304,18,7.7,16.0,2.6,304,18,0,29.65,-0.0,0,0,0,41.2,47.1,50.4,0.26,0.23,0.18
VOOR,2019-11-08 04:35:00 EST,42.65242,-73.97562,378,26.3,26.4,17.7,73.8,19.1,0.000,0.000,0.00,0.000,8.1,13.2,2.2,299,13,8.4,14.6,2.2,302,11,8.4,14.6,2.2,302,11,0,29.65,-0.0,0,0,0,41.2,47.1,50.4,0.26,0.23,0.18
VOOR,2019-11-08 04:40:00 EST,42.65242,-73.97562,378,26.0,26.2,19.8,75.0,19.1,0.000,0.000,0.00,0.000,4.7,9.4,1.8,307,23,5.3,9.4,1.8,314,22,5.3,9.4,1.8,314,22,0,29.66,-0.0,0,0,0,41.2,47.1,50.4,0.26,0.23,0.18
VOOR,2019-11-08 04:45:00 EST,42.65242,-73.97562,378,25.9,26.2,18.3,76.2,19.5,0.000,0.000,0.00,0.000,6.4,12.6,2.0,304,20,6.9,12.5,2.1,307,19,6.9,12.5,2.1,307,19,0,29.66,-0.0,0,0,0,41.0,47.1,50.4,0.26,0.23,0.18
VOOR,2019-11-08 04:50:00 EST,42.65242,-73.97562,378,26.0,26.1,17.5,76.7,19.7,0.000,0.000,0.00,0.000,7.7,17.0,3.9,300,16,8.1,19.8,4.0,305,15,8.1,19.8,4.0,305,15,0,29.66,-0.0,0,0,0,41.0,47.1,50.4,0.26,0.23,0.18
VOOR,2019-11-08 04:55:00 EST,42.65242,-73.97562,378,26.0,26.1,17.1,77.4,19.9,0.000,0.000,0.00,0.000,8.0,13.5,2.0,293,19,8.5,17.0,2.2,296,16,8.5,17.0,2.2,296,16,0,29.66,-0.0,0,0,0,41.0,47.1,50.4,0.26,0.23,0.18
VOOR,2019-11-08 05:00:00 EST,42.65242,-73.97562,378,25.9,26.1,17.1,77.5,19.8,0.000,0.000,0.00,0.000,7.9,13.5,2.2,295,18,8.5,14.6,2.4,299,15,8.5,14.6,2.4,299,15,0,29.66,0.0,0,0,0,41.0,47.1,50.4,0.26,0.23,0.18
VOOR,2019-11-08 05:05:00 EST,42.65242,-73.97562,378,25.9,26.0,18.6,77.6,19.9,0.000,0.000,0.00,0.000,6.0,11.5,2.0,296,19,6.5,12.0,2.1,297,17,6.5,12.0,2.1,297,17,0,29.66,-0.0,0,0,0,41.0,47.1,50.4,0.26,0.23,0.18
VOOR,2019-11-08 05:10:00 EST,42.65242,-73.97562,378,25.9,26.0,18.3,77.5,19.9,0.000,0.000,0.00,0.000,6.6,12.4,2.4,305,14,6.9,13.9,2.4,309,12,6.9,13.9,2.4,309,12,0,29.66,0.0,0,0,0,40.9,47.1,50.3,0.26,0.23,0.18
VOOR,2019-11-08 05:15:00 EST,42.65242,-73.97562,378,26.0,26.0,17.7,76.9,19.7,0.000,0.000,0.00,0.000,7.4,12.3,2.1,305,16,7.8,12.8,2.1,307,16,7.8,12.8,2.1,307,16,0,29.66,-0.0,0,0,0,40.8,47.1,50.4,0.26,0.23,0.18
VOOR,2019-11-08 05:20:00 EST,42.65242,-73.97562,378,25.9,26.0,17.3,76.8,19.6,0.000,0.000,0.00,0.000,8.0,14.8,2.2,305,15,8.3,14.4,2.3,310,13,8.3,14.4,2.3,310,13,0,29.66,0.0,0,0,0,40.8,47.1,50.3,0.26,0.23,0.18
VOOR,2019-11-08 05:25:00 EST,42.65242,-73.97562,378,25.9,25.9,16.7,77.2,19.7,0.000,0.000,0.00,0.000,8.9,13.5,2.4,303,13,9.0,13.2,2.3,308,13,9.0,13.2,2.3,308,13,0,29.67,-0.0,0,0,0,40.8,47.1,50.3,0.26,0.23,0.18
VOOR,2019-11-08 05:30:00 EST,42.65242,-73.97562,378,25.6,25.8,18.1,78.1,19.7,0.000,0.000,0.00,0.000,6.2,10.8,1.8,310,19,6.6,10.0,1.8,314,17,6.6,10.0,1.8,314,17,0,29.67,-0.0,0,0,0,40.8,47.1,50.3,0.26,0.23,0.18
VOOR,2019-11-08 05:35:00 EST,42.65242,-73.97562,378,25.6,25.7,18.9,78.0,19.7,0.000,0.000,0.00,0.000,5.6,10.9,1.8,313,16,5.8,11.7,1.8,317,15,5.8,11.7,1.8,317,15,0,29.67,-0.1,0,0,0,40.7,47.0,50.3,0.26,0.23,0.17
VOOR,2019-11-08 05:40:00 EST,42.65242,-73.97562,378,25.5,25.6,17.7,78.4,19.7,0.000,0.000,0.00,0.000,6.5,10.1,2.0,313,14,6.9,11.1,1.9,318,13,6.9,11.1,1.9,318,13,0,29.67,-0.0,0,0,0,40.6,46.9,50.3,0.26,0.23,0.18
VOOR,2019-11-08 05:45:00 EST,42.65242,-73.97562,378,25.3,25.5,18.2,79.0,19.7,0.000,0.000,0.00,0.000,5.6,9.4,1.5,315,17,6.0,9.8,1.5,320,15,6.0,9.8,1.5,320,15,0,29.67,0.0,0,0,0,40.6,46.9,50.3,0.26,0.23,0.18
VOOR,2019-11-08 05:50:00 EST,42.65242,-73.97562,378,25.4,25.6,17.3,78.7,19.7,0.000,0.000,0.00,0.000,6.9,10.8,1.6,308,14,7.3,11.6,1.7,313,13,7.3,11.6,1.7,313,13,0,29.67,0.0,0,0,0,40.6,46.9,50.2,0.26,0.23,0.18
VOOR,2019-11-08 05:55:00 EST,42.65242,-73.97562,378,25.4,25.5,17.4,78.1,19.5,0.000,0.000,0.00,0.000,6.9,11.5,1.6,310,16,7.2,12.5,1.6,316,13,7.2,12.5,1.6,316,13,0,29.67,-0.0,0,0,0,40.6,46.9,50.2,0.26,0.23,0.18
VOOR,2019-11-08 06:00:00 EST,42.65242,-73.97562,378,25.2,25.4,17.8,78.1,19.4,0.000,0.000,0.00,0.000,6.1,9.6,1.4,297,14,6.4,11.5,1.5,302,13,6.4,11.5,1.5,302,13,0,29.67,-0.0,0,0,0,40.6,46.9,50.2,0.26,0.23,0.18
VOOR,2019-11-08 06:05:00 EST,42.65242,-73.97562,378,25.2,25.4,17.2,77.8,19.2,0.000,0.000,0.00,0.000,6.8,10.1,1.8,299,12,7.1,10.9,1.7,305,12,7.1,10.9,1.7,305,12,0,29.67,0.0,0,0,0,40.5,46.9,50.2,0.26,0.23,0.18
VOOR,2019-11-08 06:10:00 EST,42.65242,-73.97562,378,25.1,25.3,18.4,77.4,19.1,0.000,0.000,0.00,0.000,5.5,10.5,1.4,299,14,5.6,11.2,1.6,303,13,5.6,11.2,1.6,303,13,0,29.67,-0.1,0,0,0,40.5,46.9,50.2,0.26,0.23,0.18
VOOR,2019-11-08 06:15:00 EST,42.65242,-73.97562,378,24.9,25.2,18.9,77.7,18.9,0.000,0.000,0.00,0.000,4.7,8.3,1.4,309,14,4.8,8.6,1.4,315,14,4.8,8.6,1.4,315,14,0,29.68,-0.0,0,0,0,40.5,46.9,50.2,0.26,0.23,0.18
VOOR,2019-11-08 06:20:00 EST,42.65242,-73.97562,378,24.7,25.0,19.1,78.3,18.9,0.000,0.000,0.00,0.000,4.3,7.3,1.2,309,12,4.4,7.9,1.3,314,9,4.4,7.9,1.3,314,9,0,29.68,-0.0,0,0,0,40.5,46.9,50.2,0.26,0.23,0.17
VOOR,2019-11-08 06:25:00 EST,42.65242,-73.97562,378,24.6,24.9,18.4,78.2,18.7,0.000,0.000,0.00,0.000,4.7,6.8,0.9,309,12,4.9,7.3,1.0,313,11,4.9,7.3,1.0,313,11,0,29.68,-0.0,0,0,0,40.5,46.8,50.2,0.26,0.23,0.18
VOOR,2019-11-08 06:30:00 EST,42.65242,-73.97562,378,24.7,25.0,17.7,77.1,18.6,0.000,0.000,0.00,0.000,5.7,9.3,1.3,308,13,5.9,9.7,1.4,312,12,5.9,9.7,1.4,312,12,1,29.68,-0.0,0,0,0,40.3,46.8,50.2,0.26,0.23,0.18
VOOR,2019-11-08 06:35:00 EST,42.65242,-73.97562,378,24.7,24.9,17.6,76.0,18.2,0.000,0.000,0.00,0.000,5.8,8.9,1.5,309,14,6.0,9.5,1.6,313,13,6.0,9.5,1.6,313,13,3,29.69,-0.0,0,0,0,40.3,46.8,50.2,0.26,0.23,0.18
VOOR,2019-11-08 06:40:00 EST,42.65242,-73.97562,378,24.4,24.6,19.8,77.0,18.3,0.000,0.000,0.00,0.000,3.5,5.8,0.9,316,14,3.7,7.1,1.0,320,12,3.7,7.1,1.0,320,12,6,29.69,-0.0,0,0,0,40.3,46.8,50.2,0.26,0.23,0.18
VOOR,2019-11-08 06:45:00 EST,42.65242,-73.97562,378,24.5,24.7,17.8,74.7,17.6,0.000,0.000,0.00,0.000,5.1,8.0,1.4,314,16,5.5,9.1,1.7,318,15,5.5,9.1,1.7,318,15,10,29.69,-0.0,0,0,0,40.3,46.8,50.2,0.26,0.23,0.17
VOOR,2019-11-08 06:50:00 EST,42.65242,-73.97562,378,24.7,24.9,17.0,70.4,16.5,0.000,0.000,0.00,0.000,6.5,11.8,2.5,305,16,6.7,12.9,2.5,311,16,6.7,12.9,2.5,311,16,15,29.69,0.0,0,0,0,40.3,46.8,50.2,0.26,0.23,0.18
VOOR,2019-11-08 06:55:00 EST,42.65242,-73.97562,378,25.1,25.1,15.6,67.3,15.8,0.000,0.000,0.00,0.000,8.7,18.3,3.2,302,19,9.2,17.9,3.1,307,18,9.2,17.9,3.1,307,18,20,29.70,-0.0,0,0,0,40.2,46.8,50.2,0.26,0.23,0.18
VOOR,2019-11-08 07:00:00 EST,42.65242,-73.97562,378,25.1,25.1,15.1,66.8,15.6,0.000,0.000,0.00,0.000,9.7,17.8,3.0,312,15,10.1,17.7,2.9,315,15,10.1,17.7,2.9,315,15,19,29.70,0.0,0,0,0,40.1,46.8,50.2,0.26,0.23,0.18
VOOR,2019-11-08 07:05:00 EST,42.65242,-73.97562,378,25.0,25.0,17.1,67.3,15.7,0.000,0.000,0.00,0.000,6.5,12.6,2.2,305,19,6.9,12.9,2.1,309,20,6.9,12.9,2.1,309,20,22,29.70,-0.0,0,0,0,40.1,46.8,50.2,0.26,0.23,0.18
VOOR,2019-11-08 07:10:00 EST,42.65242,-73.97562,378,24.9,25.0,17.4,67.7,15.7,0.000,0.000,0.00,0.000,5.9,11.2,2.0,316,19,6.3,13.2,2.1,320,16,6.3,13.2,2.1,320,16,28,29.70,0.0,0,0,0,40.1,46.8,50.2,0.26,0.23,0.18
VOOR,2019-11-08 07:15:00 EST,42.65242,-73.97562,378,25.0,25.1,16.7,66.8,15.5,0.000,0.000,0.00,0.000,7.3,12.5,2.7,314,18,7.5,14.2,2.5,319,18,7.5,14.2,2.5,319,18,38,29.70,-0.0,0,0,0,40.1,46.8,50.2,0.26,0.23,0.18
VOOR,2019-11-08 07:20:00 EST,42.65242,-73.97562,378,25.0,25.0,17.3,67.3,15.7,0.000,0.000,0.00,0.000,6.2,12.6,2.7,314,22,6.7,14.0,3.0,317,19,6.7,14.0,3.0,317,19,36,29.71,-0.0,0,0,0,40.1,46.8,50.2,0.26,0.23,0.18
VOOR,2019-11-08 07:25:00 EST,42.65242,-73.97562,378,25.1,25.1,15.4,66.6,15.5,0.000,0.000,0.00,0.000,9.0,13.8,2.3,312,16,9.5,13.9,2.0,317,15,9.5,13.9,2.0,317,15,34,29.71,-0.0,0,0,0,40.0,46.7,50.2,0.26,0.23,0.18
VOOR,2019-11-08 07:30:00 EST,42.65242,-73.97562,378,25.2,25.2,14.2,65.9,15.4,0.000,0.000,0.00,0.000,11.5,18.9,3.5,301,14,12.1,22.1,3.5,307,12,12.1,22.1,3.5,307,12,32,29.71,0.0,0,0,0,39.9,46.7,50.2,0.26,0.23,0.18
VOOR,2019-11-08 07:35:00 EST,42.65242,-73.97562,378,25.2,25.2,16.2,66.1,15.5,0.000,0.000,0.00,0.000,7.9,16.0,2.2,304,21,8.5,18.1,2.5,309,20,8.5,18.1,2.5,309,20,45,29.71,-0.0,0,0,0,39.9,46.6,50.2,0.26,0.23,0.18
VOOR,2019-11-08 07:40:00 EST,42.65242,-73.97562,378,25.4,25.3,15.1,66.1,15.6,0.000,0.000,0.00,0.000,10.3,20.1,3.0,305,19,10.8,17.9,3.1,309,16,10.8,17.9,3.1,309,16,105,29.71,0.0,0,0,0,39.9,46.6,50.2,0.26,0.23,0.18
VOOR,2019-11-08 07:45:00 EST,42.65242,-73.97562,378,25.7,25.6,15.1,64.9,15.5,0.000,0.000,0.00,0.000,11.3,18.3,2.7,307,16,11.6,21.5,2.8,311,14,11.6,21.5,2.8,311,14,130,29.72,-0.0,0,0,0,39.9,46.6,50.2,0.26,0.23,0.17
VOOR,2019-11-08 07:50:00 EST,42.65242,-73.97562,378,25.9,25.7,15.1,64.4,15.5,0.000,0.000,0.00,0.000,11.6,20.2,2.7,296,19,12.0,19.4,3.1,300,18,12.0,19.4,3.1,300,18,141,29.72,0.0,0,0,0,39.9,46.6,50.2,0.26,0.23,0.17
VOOR,2019-11-08 07:55:00 EST,42.65242,-73.97562,378,26.1,25.8,15.3,64.3,15.6,0.000,0.000,0.00,0.000,11.3,22.2,3.6,304,18,12.0,23.5,4.0,305,14,12.0,23.5,4.0,305,14,153,29.72,-0.0,0,0,0,39.9,46.6,50.2,0.26,0.23,0.18
VOOR,2019-11-08 08:00:00 EST,42.65242,-73.97562,378,26.1,25.9,14.4,63.9,15.5,0.000,0.000,0.00,0.000,13.7,24.8,4.0,307,15,14.2,25.0,3.9,309,16,14.2,25.0,3.9,309,16,166,29.72,-0.1,0,0,0,39.9,46.6,50.2,0.26,0.23,0.17
VOOR,2019-11-08 08:05:00 EST,42.65242,-73.97562,378,26.1,25.8,14.0,63.6,15.4,0.000,0.000,0.00,0.000,14.7,22.7,3.6,305,14,15.1,22.8,3.7,307,14,15.1,22.8,3.7,307,14,179,29.72,-0.0,0,0,0,39.9,46.6,50.2,0.26,0.23,0.18
VOOR,2019-11-08 08:10:00 EST,42.65242,-73.97562,378,26.3,26.0,16.1,64.2,15.8,0.000,0.000,0.00,0.000,10.4,20.8,3.3,298,20,11.1,23.2,3.5,302,17,11.1,23.2,3.5,302,17,190,29.72,-0.0,0,0,0,39.9,46.6,50.2,0.26,0.23,0.18
VOOR,2019-11-08 08:15:00 EST,42.65242,-73.97562,378,26.4,26.1,15.8,64.5,16.0,0.000,0.000,0.00,0.000,11.3,21.6,4.1,304,16,11.9,23.2,4.2,307,14,11.9,23.2,4.2,307,14,202,29.73,-0.0,0,0,0,39.9,46.6,50.2,0.26,0.23,0.17
VOOR,2019-11-08 08:20:00 EST,42.65242,-73.97562,378,26.3,26.0,14.4,63.9,15.8,0.000,0.000,0.00,0.000,14.0,24.0,3.5,305,16,14.7,24.8,3.5,308,15,14.7,24.8,3.5,308,15,215,29.73,-0.0,0,0,0,39.9,46.5,50.2,0.26,0.23,0.18
VOOR,2019-11-08 08:25:00 EST,42.65242,-73.97562,378,26.3,26.0,14.7,64.7,16.0,0.000,0.000,0.00,0.000,13.4,23.4,4.1,305,16,14.1,26.1,4.1,309,15,14.1,26.1,4.1,309,15,227,29.74,-0.0,0,0,0,39.9,46.4,50.2,0.26,0.23,0.18
VOOR,2019-11-08 08:30:00 EST,42.65242,-73.97562,378,26.5,26.1,16.6,64.5,16.2,0.000,0.000,0.00,0.000,10.2,18.7,2.8,304,16,10.6,19.0,3.0,308,14,10.6,19.0,3.0,308,14,239,29.74,-0.0,0,0,0,40.0,46.4,50.2,0.26,0.23,0.17
VOOR,2019-11-08 08:35:00 EST,42.65242,-73.97562,378,26.6,26.2,15.6,64.1,16.0,0.000,0.000,0.00,0.000,12.4,21.4,3.7,305,12,12.8,23.0,3.4,310,11,12.8,23.0,3.4,310,11,251,29.74,-0.0,0,0,0,40.1,46.4,50.2,0.26,0.23,0.17
VOOR,2019-11-08 08:40:00 EST,42.65242,-73.97562,378,26.8,26.4,16.9,63.9,16.2,0.000,0.000,0.00,0.000,10.2,15.9,2.4,302,16,10.7,17.5,2.5,305,15,10.7,17.5,2.5,305,15,263,29.74,-0.0,0,0,0,40.1,46.4,50.2,0.26,0.23,0.17
VOOR,2019-11-08 08:45:00 EST,42.65242,-73.97562,378,26.9,26.4,16.4,63.3,16.1,0.000,0.000,0.00,0.000,11.2,24.3,3.7,303,20,11.8,22.3,3.4,306,18,11.8,22.3,3.4,306,18,275,29.75,0.0,0,0,0,40.1,46.4,50.2,0.26,0.23,0.17
VOOR,2019-11-08 08:50:00 EST,42.65242,-73.97562,378,26.9,26.4,16.6,63.6,16.2,0.000,0.000,0.00,0.000,11.1,18.0,3.1,303,18,11.6,18.4,3.3,306,17,11.6,18.4,3.3,306,17,286,29.75,0.0,0,0,0,40.1,46.4,50.2,0.26,0.23,0.17
VOOR,2019-11-08 08:55:00 EST,42.65242,-73.97562,378,26.9,26.4,15.5,63.3,16.1,0.000,0.000,0.00,0.000,12.7,21.9,3.6,300,20,13.7,25.1,3.8,304,20,13.7,25.1,3.8,304,20,299,29.75,-0.0,0,0,0,40.1,46.4,50.2,0.26,0.23,0.17
VOOR,2019-11-08 09:00:00 EST,42.65242,-73.97562,378,26.9,26.4,15.1,62.4,15.8,0.000,0.000,0.00,0.000,14.0,22.3,3.1,294,17,15.0,22.1,3.4,296,16,15.0,22.1,3.4,296,16,310,29.75,0.0,0,0,0,40.2,46.4,50.1,0.26,0.23,0.17
VOOR,2019-11-08 09:05:00 EST,42.65242,-73.97562,378,26.8,26.3,15.0,61.7,15.5,0.000,0.000,0.00,0.000,14.7,23.5,3.9,295,16,15.0,25.9,3.9,299,14,15.0,25.9,3.9,299,14,319,29.75,0.0,0,0,0,40.3,46.4,50.2,0.26,0.23,0.18
VOOR,2019-11-08 09:10:00 EST,42.65242,-73.97562,378,27.0,26.5,15.6,61.9,15.6,0.000,0.000,0.00,0.000,13.3,23.0,3.5,306,18,13.8,21.6,3.7,310,17,13.8,21.6,3.7,310,17,330,29.75,0.0,0,0,0,40.4,46.4,50.2,0.26,0.23,0.18
VOOR,2019-11-08 09:15:00 EST,42.65242,-73.97562,378,27.2,26.6,16.2,61.5,15.7,0.000,0.000,0.00,0.000,12.3,18.8,3.5,315,17,13.1,21.8,3.6,320,16,13.1,21.8,3.6,320,16,339,29.75,0.0,0,0,0,40.5,46.4,50.2,0.26,0.23,0.17
VOOR,2019-11-08 09:20:00 EST,42.65242,-73.97562,378,27.2,26.7,15.7,60.6,15.4,0.000,0.000,0.00,0.000,14.0,22.1,3.5,309,14,14.4,24.5,3.8,313,12,14.4,24.5,3.8,313,12,349,29.75,0.0,0,0,0,40.5,46.4,50.0,0.26,0.24,0.17
VOOR,2019-11-08 09:25:00 EST,42.65242,-73.97562,378,27.4,26.8,16.1,60.2,15.4,0.000,0.000,0.00,0.000,13.5,21.8,3.1,300,14,13.9,25.2,3.5,302,14,13.9,25.2,3.5,302,14,359,29.74,0.0,0,0,0,40.6,46.2,50.0,0.26,0.24,0.17
VOOR,2019-11-08 09:30:00 EST,42.65242,-73.97562,378,27.6,27.1,16.7,59.5,15.4,0.000,0.000,0.00,0.000,12.7,19.7,2.8,310,18,13.2,24.1,2.9,314,17,13.2,24.1,2.9,314,17,370,29.75,-0.0,0,0,0,40.6,46.0,49.8,0.26,0.23,0.18
VOOR,2019-11-08 09:35:00 EST,42.65242,-73.97562,378,28.0,27.3,17.2,58.7,15.4,0.000,0.000,0.00,0.000,12.6,19.4,2.7,311,18,13.1,21.1,3.0,315,15,13.1,21.1,3.0,315,15,380,29.75,0.1,0,0,0,40.6,46.0,49.8,0.26,0.24,0.17
VOOR,2019-11-08 09:40:00 EST,42.65242,-73.97562,378,28.3,27.7,18.3,58.3,15.6,0.000,0.000,0.00,0.000,11.1,18.2,2.8,300,19,11.7,18.0,2.7,302,17,11.7,18.0,2.7,302,17,389,29.75,0.0,0,0,0,40.8,46.0,49.8,0.26,0.24,0.17
VOOR,2019-11-08 09:45:00 EST,42.65242,-73.97562,378,28.4,27.8,17.7,57.7,15.4,0.000,0.000,0.00,0.000,12.1,23.2,4.0,295,23,13.2,24.7,4.3,299,21,13.2,24.7,4.3,299,21,398,29.75,-0.1,0,0,0,40.9,46.0,49.8,0.26,0.24,0.17
VOOR,2019-11-08 09:50:00 EST,42.65242,-73.97562,378,28.4,27.7,17.2,57.5,15.2,0.000,0.000,0.00,0.000,13.7,21.8,3.4,308,18,14.3,23.9,3.4,312,17,14.3,23.9,3.4,312,17,407,29.75,0.0,0,0,0,41.0,46.0,49.8,0.26,0.24,0.18
VOOR,2019-11-08 09:55:00 EST,42.65242,-73.97562,378,28.5,27.8,17.8,57.9,15.6,0.000,0.000,0.00,0.000,12.6,21.6,3.5,295,17,13.4,23.5,3.7,298,14,13.4,23.5,3.7,298,14,415,29.75,0.1,0,0,0,41.2,46.0,49.8,0.26,0.24,0.17
VOOR,2019-11-08 10:00:00 EST,42.65242,-73.97562,378,28.9,28.1,19.5,58.3,16.1,0.000,0.000,0.00,0.000,10.1,19.9,3.6,299,20,10.9,23.5,3.7,302,19,10.9,23.5,3.7,302,19,423,29.75,0.1,0,0,0,41.4,46.0,49.8,0.26,0.24,0.17
VOOR,2019-11-08 10:05:00 EST,42.65242,-73.97562,378,28.9,28.1,17.9,57.7,15.8,0.000,0.000,0.00,0.000,13.3,25.4,3.9,310,20,14.2,30.5,4.1,313,18,14.2,30.5,4.1,313,18,431,29.75,-0.0,0,0,0,41.5,46.0,49.8,0.26,0.24,0.17
VOOR,2019-11-08 10:10:00 EST,42.65242,-73.97562,378,28.7,28.0,17.8,57.7,15.7,0.000,0.000,0.00,0.000,13.6,21.0,3.1,302,16,14.1,21.0,3.3,305,15,14.1,21.0,3.3,305,15,438,29.75,-0.0,0,0,0,41.7,46.0,49.8,0.26,0.24,0.17
VOOR,2019-11-08 10:15:00 EST,42.65242,-73.97562,378,29.1,28.3,19.0,57.6,15.9,0.000,0.000,0.00,0.000,11.7,24.0,4.2,301,18,12.3,24.4,4.4,304,16,12.3,24.4,4.4,304,16,446,29.75,0.0,0,0,0,41.9,46.0,49.8,0.26,0.23,0.18
VOOR,2019-11-08 10:20:00 EST,42.65242,-73.97562,378,29.1,28.4,18.0,56.0,15.3,0.000,0.000,0.00,0.000,14.0,25.4,4.6,295,13,14.5,24.6,4.6,297,12,14.5,24.6,4.6,297,12,452,29.75,0.0,0,0,0,42.1,46.0,49.8,0.26,0.24,0.17
VOOR,2019-11-08 10:25:00 EST,42.65242,-73.97562,378,29.4,28.7,19.2,57.2,16.1,0.000,0.000,0.00,0.000,12.3,18.3,3.4,308,22,12.8,20.7,3.5,312,21,12.8,20.7,3.5,312,21,459,29.75,0.1,0,0,0,42.2,46.0,49.8,0.26,0.24,0.18
VOOR,2019-11-08 10:30:00 EST,42.65242,-73.97562,378,29.5,28.7,18.7,56.1,15.8,0.000,0.000,0.00,0.000,13.8,22.3,3.7,307,19,14.4,22.2,3.4,312,16,14.4,22.2,3.4,312,16,467,29.75,0.0,0,0,0,42.4,46.0,49.8,0.26,0.24,0.17
VOOR,2019-11-08 10:35:00 EST,42.65242,-73.97562,378,30.3,29.3,21.7,57.3,17.0,0.000,0.000,0.00,0.000,9.0,20.9,3.8,296,22,9.9,22.1,3.8,300,21,9.9,22.1,3.8,300,21,469,29.75,0.1,0,0,0,42.5,45.9,49.8,0.26,0.24,0.18
VOOR,2019-11-08 10:40:00 EST,42.65242,-73.97562,378,30.3,29.4,20.6,54.9,16.1,0.000,0.000,0.00,0.000,11.3,22.1,4.2,302,23,12.1,22.7,4.2,306,24,12.1,22.7,4.2,306,24,429,29.75,-0.1,0,0,0,42.7,45.9,49.8,0.26,0.24,0.17
VOOR,2019-11-08 10:45:00 EST,42.65242,-73.97562,378,30.4,29.4,20.1,55.8,16.4,0.000,0.000,0.00,0.000,12.7,23.3,3.9,298,23,13.4,22.1,4.1,301,20,13.4,22.1,4.1,301,20,492,29.75,-0.0,0,0,0,42.8,45.9,49.8,0.26,0.24,0.18
VOOR,2019-11-08 10:50:00 EST,42.65242,-73.97562,378,30.1,29.5,20.3,55.1,15.9,0.000,0.000,0.00,0.000,11.9,21.4,4.4,306,21,12.4,22.5,4.4,310,22,12.4,22.5,4.4,310,22,494,29.76,0.1,0,0,0,43.0,45.9,49.8,0.26,0.24,0.18
VOOR,2019-11-08 10:55:00 EST,42.65242,-73.97562,378,31.1,30.0,22.9,55.1,16.8,0.000,0.000,0.00,0.000,8.4,22.1,4.2,308,26,9.3,22.8,4.2,311,23,9.3,22.8,4.2,311,23,499,29.76,-0.1,0,0,0,43.2,45.9,49.8,0.26,0.24,0.18
VOOR,2019-11-08 11:00:00 EST,42.65242,-73.97562,378,30.7,30.0,20.9,51.8,15.1,0.000,0.000,0.00,0.000,11.6,23.5,4.0,308,23,12.7,23.5,4.0,313,19,12.7,23.5,4.0,313,19,503,29.76,0.1,0,0,0,43.4,45.9,49.8,0.26,0.24,0.18
VOOR,2019-11-08 11:05:00 EST,42.65242,-73.97562,378,30.5,29.8,19.3,53.1,15.4,0.000,0.000,0.00,0.000,14.9,20.8,3.0,294,16,15.8,23.6,3.3,296,14,15.8,23.6,3.3,296,14,461,29.76,-0.1,0,0,0,43.5,45.9,49.8,0.26,0.24,0.18
VOOR,2019-11-08 11:10:00 EST,42.65242,-73.97562,378,30.8,30.1,20.9,52.8,15.6,0.000,0.000,0.00,0.000,12.1,19.0,3.2,306,23,12.7,18.8,2.9,310,19,12.7,18.8,2.9,310,19,523,29.76,0.0,0,0,0,43.7,45.9,49.8,0.26,0.24,0.18
VOOR,2019-11-08 11:15:00 EST,42.65242,-73.97562,378,31.2,30.4,20.9,52.2,15.6,0.000,0.000,0.00,0.000,13.2,22.8,4.2,317,20,14.0,25.1,4.2,319,17,14.0,25.1,4.2,319,17,552,29.76,0.0,0,0,0,43.9,45.9,49.8,0.26,0.24,0.18
VOOR,2019-11-08 11:20:00 EST,42.65242,-73.97562,378,31.4,30.5,22.4,51.0,15.3,0.000,0.000,0.00,0.000,10.7,18.9,4.1,309,18,11.2,18.8,4.0,313,16,11.2,18.8,4.0,313,16,551,29.76,0.0,0,0,0,44.1,45.9,49.8,0.26,0.24,0.18
VOOR,2019-11-08 11:25:00 EST,42.65242,-73.97562,378,31.5,30.4,21.6,52.1,15.9,0.000,0.000,0.00,0.000,12.6,19.3,3.4,306,20,13.3,19.7,3.4,310,18,13.3,19.7,3.4,310,18,503,29.75,-0.0,0,0,0,44.4,45.9,49.8,0.26,0.24,0.18
VOOR,2019-11-08 11:30:00 EST,42.65242,-73.97562,378,31.4,30.4,21.9,52.2,15.9,0.000,0.000,0.00,0.000,11.5,20.2,4.2,310,19,12.2,20.4,4.0,314,20,12.2,20.4,4.0,314,20,467,29.75,0.0,0,0,0,44.6,45.9,49.8,0.26,0.23,0.18
VOOR,2019-11-08 11:35:00 EST,42.65242,-73.97562,378,32.2,31.2,23.4,51.0,16.1,0.000,0.000,0.00,0.000,9.9,18.3,3.4,292,21,11.2,22.9,3.8,292,20,11.2,22.9,3.8,292,20,536,29.75,-0.1,0,0,0,44.7,45.9,49.8,0.26,0.23,0.18
VOOR,2019-11-08 11:40:00 EST,42.65242,-73.97562,378,32.2,31.3,23.8,49.7,15.5,0.000,0.000,0.00,0.000,9.6,15.7,2.8,308,21,10.4,16.9,2.7,309,20,10.4,16.9,2.7,309,20,477,29.75,-0.1,0,0,0,44.9,45.9,49.8,0.26,0.23,0.18
VOOR,2019-11-08 11:45:00 EST,42.65242,-73.97562,378,31.9,30.9,22.9,50.3,15.5,0.000,0.000,0.00,0.000,10.7,17.2,2.7,302,21,11.5,19.9,3.1,306,21,11.5,19.9,3.1,306,21,551,29.75,0.0,0,0,0,45.0,45.9,49.8,0.26,0.24,0.18
VOOR,2019-11-08 11:50:00 EST,42.65242,-73.97562,378,32.3,31.1,22.6,51.5,16.4,0.000,0.000,0.00,0.000,12.5,21.3,4.1,294,18,13.3,22.9,4.3,296,17,13.3,22.9,4.3,296,17,575,29.75,-0.2,0,0,0,45.1,45.9,49.8,0.26,0.23,0.18
VOOR,2019-11-08 11:55:00 EST,42.65242,-73.97562,378,31.2,30.4,21.3,53.4,16.2,0.000,0.000,0.00,0.000,12.3,22.0,3.4,302,20,13.0,23.1,3.6,304,18,13.0,23.1,3.6,304,18,253,29.75,-0.2,0,0,0,45.3,45.9,49.7,0.26,0.24,0.18
VOOR,2019-11-08 12:00:00 EST,42.65242,-73.97562,378,30.2,29.5,20.5,54.9,15.9,0.000,0.000,0.00,0.000,11.3,17.0,3.0,298,20,12.0,19.6,3.0,300,19,12.0,19.6,3.0,300,19,335,29.75,0.0,0,0,0,45.4,45.9,49.6,0.26,0.23,0.18
VOOR,2019-11-08 12:05:00 EST,42.65242,-73.97562,378,31.2,30.2,22.4,53.8,16.4,0.000,0.000,0.00,0.000,9.9,17.8,3.4,305,21,10.6,20.7,3.3,308,20,10.6,20.7,3.3,308,20,508,29.74,-0.1,0,0,0,45.5,45.9,49.6,0.26,0.23,0.18
VOOR,2019-11-08 12:10:00 EST,42.65242,-73.97562,378,32.3,31.1,23.1,52.2,16.7,0.000,0.000,0.00,0.000,11.6,21.6,3.2,295,19,12.1,23.0,3.2,300,18,12.1,23.0,3.2,300,18,520,29.74,-0.2,0,0,0,45.5,45.9,49.7,0.26,0.23,0.18
VOOR,2019-11-08 12:15:00 EST,42.65242,-73.97562,378,31.9,30.6,21.2,49.9,15.3,0.000,0.000,0.00,0.000,14.9,22.6,3.2,283,16,15.9,24.3,3.5,286,13,15.9,24.3,3.5,286,13,594,29.74,-0.1,0,0,0,45.7,45.9,49.6,0.26,0.23,0.18
VOOR,2019-11-08 12:20:00 EST,42.65242,-73.97562,378,32.0,30.9,22.1,50.7,15.7,0.000,0.000,0.00,0.000,12.4,20.0,3.4,303,22,13.6,21.9,3.3,306,21,13.6,21.9,3.3,306,21,504,29.74,0.0,0,0,0,45.8,45.9,49.6,0.26,0.23,0.18
VOOR,2019-11-08 12:25:00 EST,42.65242,-73.97562,378,32.0,31.1,23.1,51.3,16.0,0.000,0.000,0.00,0.000,10.3,18.3,2.9,293,20,11.1,17.8,2.9,297,17,11.1,17.8,2.9,297,17,370,29.74,-0.2,0,0,0,45.9,45.9,49.6,0.26,0.23,0.18
VOOR,2019-11-08 12:30:00 EST,42.65242,-73.97562,378,31.1,30.4,20.5,52.0,15.5,0.000,0.000,0.00,0.000,13.6,22.7,3.7,293,18,14.6,24.3,4.1,295,18,14.6,24.3,4.1,295,18,216,29.74,-0.1,0,0,0,45.9,45.9,49.6,0.26,0.23,0.18
VOOR,2019-11-08 12:35:00 EST,42.65242,-73.97562,378,30.3,29.8,19.6,55.4,16.2,0.000,0.000,0.00,0.000,14.2,23.2,4.1,305,15,14.6,26.9,4.1,309,13,14.6,26.9,4.1,309,13,226,29.74,-0.0,0,0,0,46.0,45.9,49.6,0.26,0.23,0.18
VOOR,2019-11-08 12:40:00 EST,42.65242,-73.97562,378,30.5,29.9,21.0,56.6,16.9,0.000,0.000,0.00,0.000,10.9,20.1,4.1,305,21,11.8,21.2,4.1,308,19,11.8,21.2,4.1,308,19,277,29.74,-0.1,0,0,0,46.0,45.9,49.6,0.26,0.23,0.18
VOOR,2019-11-08 12:45:00 EST,42.65242,-73.97562,378,30.2,29.7,19.8,54.8,15.9,0.000,0.000,0.00,0.000,13.0,23.2,3.0,302,15,13.6,21.2,3.0,305,14,13.6,21.2,3.0,305,14,281,29.74,-0.1,0,0,0,46.0,45.9,49.6,0.26,0.23,0.18
VOOR,2019-11-08 12:50:00 EST,42.65242,-73.97562,378,31.3,30.5,22.6,54.4,16.7,0.000,0.000,0.00,0.000,9.8,16.1,3.2,297,18,10.4,18.7,3.3,302,16,10.4,18.7,3.3,302,16,459,29.74,0.1,0,0,0,46.0,45.9,49.6,0.26,0.23,0.18
VOOR,2019-11-08 12:55:00 EST,42.65242,-73.97562,378,32.2,31.4,23.5,51.7,16.4,0.000,0.000,0.00,0.000,10.2,18.1,4.1,303,18,11.1,20.6,4.3,304,17,11.1,20.6,4.3,304,17,357,29.74,-0.1,0,0,0,46.0,45.9,49.6,0.26,0.23,0.18
VOOR,2019-11-08 13:00:00 EST,42.65242,-73.97562,378,31.0,30.6,20.5,50.0,14.5,0.000,0.000,0.00,0.000,13.6,23.5,3.9,296,19,14.4,24.2,4.1,300,16,14.4,24.2,4.1,300,16,105,29.74,-0.1,0,0,0,46.0,45.9,49.6,0.26,0.23,0.18
VOOR,2019-11-08 13:05:00 EST,42.65242,-73.97562,378,30.6,30.4,21.4,50.0,14.2,0.000,0.000,0.00,0.000,10.7,21.0,3.5,310,20,11.3,22.0,3.6,316,23,11.3,22.0,3.6,316,23,117,29.74,-0.1,0,0,0,46.0,45.9,49.6,0.26,0.23,0.18
VOOR,2019-11-08 13:10:00 EST,42.65242,-73.97562,378,31.2,30.8,22.8,48.5,14.0,0.000,0.000,0.00,0.000,9.1,18.6,3.4,311,21,9.8,21.2,3.2,315,19,9.8,21.2,3.2,315,19,320,29.74,0.1,0,0,0,46.0,45.9,49.6,0.26,0.23,0.18
VOOR,2019-11-08 13:15:00 EST,42.65242,-73.97562,378,31.8,31.1,22.1,48.2,14.5,0.000,0.000,0.00,0.000,12.6,23.7,4.2,304,17,13.1,23.2,4.1,306,16,13.1,23.2,4.1,306,16,357,29.74,-0.1,0,0,0,46.0,45.9,49.6,0.26,0.23,0.18
VOOR,2019-11-08 13:20:00 EST,42.65242,-73.97562,378,32.0,31.2,22.2,50.2,15.5,0.000,0.000,0.00,0.000,12.6,20.1,3.3,295,19,13.4,23.4,3.4,298,17,13.4,23.4,3.4,298,17,579,29.75,-0.0,0,0,0,45.9,45.9,49.6,0.26,0.23,0.18
VOOR,2019-11-08 13:25:00 EST,42.65242,-73.97562,378,32.2,31.3,22.7,49.6,15.5,0.000,0.000,0.00,0.000,12.6,21.8,3.3,304,14,12.8,22.7,3.3,307,14,12.8,22.7,3.3,307,14,537,29.74,-0.1,0,0,0,45.9,45.9,49.6,0.26,0.23,0.18
VOOR,2019-11-08 13:30:00 EST,42.65242,-73.97562,378,32.4,31.6,22.6,47.7,14.7,0.000,0.000,0.00,0.000,12.8,23.3,3.6,299,19,13.6,23.9,3.6,303,16,13.6,23.9,3.6,303,16,470,29.74,-0.1,0,0,0,45.9,46.0,49.6,0.26,0.23,0.18
VOOR,2019-11-08 13:35:00 EST,42.65242,-73.97562,378,32.3,31.5,22.0,46.3,14.0,0.000,0.000,0.00,0.000,14.0,24.9,4.8,288,21,15.1,26.5,4.9,291,19,15.1,26.5,4.9,291,19,384,29.74,-0.0,0,0,0,45.9,46.0,49.6,0.26,0.23,0.18
VOOR,2019-11-08 13:40:00 EST,42.65242,-73.97562,378,31.6,31.1,21.0,46.1,13.3,0.000,0.000,0.00,0.000,14.7,24.0,4.2,305,17,15.4,23.7,4.0,309,17,15.4,23.7,4.0,309,17,195,29.74,-0.1,0,0,0,46.0,46.0,49.6,0.26,0.23,0.18
VOOR,2019-11-08 13:45:00 EST,42.65242,-73.97562,378,30.6,30.4,20.3,47.2,12.8,0.000,0.000,0.00,0.000,13.6,23.0,3.5,313,15,13.8,23.2,3.3,316,13,13.8,23.2,3.3,316,13,123,29.75,-0.1,0,0,0,46.0,46.0,49.6,0.26,0.23,0.18
VOOR,2019-11-08 13:50:00 EST,42.65242,-73.97562,378,30.8,30.4,20.9,47.4,13.1,0.000,0.000,0.00,0.000,12.2,21.3,3.5,307,20,12.8,24.2,3.8,313,20,12.8,24.2,3.8,313,20,182,29.75,-0.1,0,0,0,45.9,46.0,49.6,0.26,0.23,0.18
VOOR,2019-11-08 13:55:00 EST,42.65242,-73.97562,378,30.2,30.0,20.5,47.3,12.6,0.000,0.000,0.00,0.000,11.6,20.0,3.4,310,21,12.3,21.3,3.7,313,19,12.3,21.3,3.7,313,19,140,29.75,-0.0,0,0,0,45.9,46.0,49.6,0.26,0.23,0.18
VOOR,2019-11-08 14:00:00 EST,42.65242,-73.97562,378,30.7,30.3,21.1,47.9,13.2,0.000,0.000,0.00,0.000,11.7,20.8,3.9,311,15,12.1,21.2,3.7,317,14,12.1,21.2,3.7,317,14,228,29.75,-0.1,0,0,0,45.9,46.0,49.6,0.26,0.23,0.18
VOOR,2019-11-08 14:05:00 EST,42.65242,-73.97562,378,30.6,30.2,20.3,46.9,12.6,0.000,0.000,0.00,0.000,13.0,24.7,4.6,313,18,13.6,25.7,4.5,316,15,13.6,25.7,4.5,316,15,188,29.75,-0.1,0,0,0,45.8,46.0,49.6,0.26,0.23,0.18
VOOR,2019-11-08 14:10:00 EST,42.65242,-73.97562,378,30.9,30.5,22.2,47.7,13.3,0.000,0.000,0.00,0.000,9.5,19.9,3.5,315,19,10.3,19.4,3.8,319,18,10.3,19.4,3.8,319,18,284,29.75,-0.1,0,0,0,45.7,46.0,49.6,0.25,0.23,0.18
VOOR,2019-11-08 14:15:00 EST,42.65242,-73.97562,378,30.5,30.3,21.1,46.6,12.5,0.000,0.000,0.00,0.000,11.5,19.0,3.3,311,15,11.6,20.7,3.3,315,13,11.6,20.7,3.3,315,13,102,29.75,-0.1,0,0,0,45.7,46.0,49.6,0.25,0.23,0.18
VOOR,2019-11-08 14:20:00 EST,42.65242,-73.97562,378,30.0,29.9,20.7,46.4,11.9,0.000,0.000,0.00,0.000,10.4,18.9,3.5,312,23,11.2,21.8,3.5,317,22,11.2,21.8,3.5,317,22,69,29.75,-0.1,0,0,0,45.5,46.0,49.6,0.25,0.23,0.18
VOOR,2019-11-08 14:25:00 EST,42.65242,-73.97562,378,29.9,29.8,20.1,45.5,11.4,0.000,0.000,0.00,0.000,11.8,22.9,4.5,312,18,12.3,23.6,4.4,316,17,12.3,23.6,4.4,316,17,88,29.75,-0.1,0,0,0,45.5,46.0,49.6,0.25,0.23,0.18
VOOR,2019-11-08 14:30:00 EST,42.65242,-73.97562,378,29.9,29.8,20.5,43.9,10.6,0.000,0.000,0.00,0.000,10.6,21.8,4.3,317,18,11.3,22.9,4.1,321,17,11.3,22.9,4.1,321,17,82,29.75,-0.0,0,0,0,45.4,46.0,49.6,0.25,0.23,0.18
VOOR,2019-11-08 14:35:00 EST,42.65242,-73.97562,378,30.2,30.0,20.3,42.8,10.2,0.000,0.000,0.00,0.000,11.9,22.1,4.4,309,19,12.5,21.8,4.4,314,19,12.5,21.8,4.4,314,19,122,29.75,-0.1,0,0,0,45.3,46.0,49.6,0.25,0.23,0.18
VOOR,2019-11-08 14:40:00 EST,42.65242,-73.97562,378,30.5,30.2,21.4,41.8,10.0,0.000,0.000,0.00,0.000,10.3,20.5,3.3,297,19,10.8,21.5,3.7,300,17,10.8,21.5,3.7,300,17,143,29.76,-0.1,0,0,0,45.2,46.0,49.6,0.25,0.23,0.18
VOOR,2019-11-08 14:45:00 EST,42.65242,-73.97562,378,30.5,30.2,20.5,41.5,9.8,0.000,0.000,0.00,0.000,12.2,20.4,3.0,309,22,12.8,20.0,2.9,313,18,12.8,20.0,2.9,313,18,156,29.76,-0.1,0,0,0,45.1,46.0,49.5,0.25,0.23,0.18
VOOR,2019-11-08 14:50:00 EST,42.65242,-73.97562,378,30.7,30.4,21.2,42.0,10.3,0.000,0.000,0.00,0.000,11.4,20.8,3.9,303,21,12.0,20.1,3.7,306,19,12.0,20.1,3.7,306,19,162,29.76,-0.1,0,0,0,45.0,46.0,49.5,0.25,0.23,0.18
VOOR,2019-11-08 14:55:00 EST,42.65242,-73.97562,378,30.6,30.3,21.0,41.6,10.0,0.000,0.000,0.00,0.000,11.3,17.7,2.8,292,19,11.9,19.7,3.1,295,17,11.9,19.7,3.1,295,17,100,29.76,-0.1,0,0,0,44.9,46.1,49.5,0.25,0.23,0.18
VOOR,2019-11-08 15:00:00 EST,42.65242,-73.97562,378,30.4,30.2,20.9,41.8,9.9,0.000,0.000,0.00,0.000,10.9,17.2,3.2,300,19,11.7,17.6,3.3,303,16,11.7,17.6,3.3,303,16,85,29.76,-0.1,0,0,0,44.8,46.0,49.5,0.26,0.23,0.18
VOOR,2019-11-08 15:05:00 EST,42.65242,-73.97562,378,30.3,30.2,20.0,40.8,9.3,0.000,0.000,0.00,0.000,13.0,19.0,2.9,300,17,13.7,21.3,3.1,303,15,13.7,21.3,3.1,303,15,78,29.76,-0.1,0,0,0,44.8,46.1,49.5,0.26,0.23,0.18
VOOR,2019-11-08 15:10:00 EST,42.65242,-73.97562,378,30.3,30.2,20.3,40.2,8.9,0.000,0.000,0.00,0.000,12.5,23.1,4.2,301,13,12.8,24.5,4.2,304,12,12.8,24.5,4.2,304,12,64,29.76,-0.1,0,0,0,44.7,46.0,49.5,0.26,0.23,0.18
VOOR,2019-11-08 15:15:00 EST,42.65242,-73.97562,378,30.2,30.2,19.9,39.5,8.5,0.000,0.000,0.00,0.000,13.0,22.9,3.3,303,13,13.6,22.4,3.3,305,13,13.6,22.4,3.3,305,13,68,29.76,-0.1,0,0,0,44.6,46.3,49.5,0.26,0.23,0.18
VOOR,2019-11-08 15:20:00 EST,42.65242,-73.97562,378,30.2,30.2,19.7,39.5,8.5,0.000,0.000,0.00,0.000,13.4,20.4,2.8,300,16,14.0,23.7,3.0,303,14,14.0,23.7,3.0,303,14,87,29.76,-0.1,0,0,0,44.6,46.2,49.5,0.26,0.23,0.18
VOOR,2019-11-08 15:25:00 EST,42.65242,-73.97562,378,30.3,30.3,21.0,39.9,8.8,0.000,0.000,0.00,0.000,10.9,20.2,3.5,309,17,11.3,20.9,3.7,314,15,11.3,20.9,3.7,314,15,82,29.77,-0.1,0,0,0,44.4,46.3,49.5,0.26,0.23,0.18
VOOR,2019-11-08 15:30:00 EST,42.65242,-73.97562,378,30.3,30.3,20.0,39.2,8.4,0.000,0.000,0.00,0.000,12.9,22.7,3.5,306,15,13.5,22.3,3.7,309,12,13.5,22.3,3.7,309,12,75,29.77,-0.1,0,0,0,44.3,46.4,49.5,0.26,0.23,0.18
VOOR,2019-11-08 15:35:00 EST,42.65242,-73.97562,378,30.4,30.3,20.5,39.4,8.6,0.000,0.000,0.00,0.000,12.0,22.1,4.1,308,18,12.6,21.6,3.9,310,15,12.6,21.6,3.9,310,15,95,29.77,-0.1,0,0,0,44.1,46.4,49.5,0.26,0.23,0.18
VOOR,2019-11-08 15:40:00 EST,42.65242,-73.97562,378,30.6,30.5,21.5,39.5,8.8,0.000,0.000,0.00,0.000,10.2,17.5,3.5,309,19,11.0,19.4,3.5,312,18,11.0,19.4,3.5,312,18,121,29.77,-0.1,0,0,0,44.0,46.4,49.5,0.26,0.23,0.18
VOOR,2019-11-08 15:45:00 EST,42.65242,-73.97562,378,30.4,30.4,21.7,40.0,8.9,0.000,0.000,0.00,0.000,9.1,22.2,3.7,312,22,10.0,22.7,3.7,315,20,10.0,22.7,3.7,315,20,59,29.77,-0.1,0,0,0,43.9,46.4,49.5,0.26,0.23,0.18
VOOR,2019-11-08 15:50:00 EST,42.65242,-73.97562,378,30.2,30.2,20.5,40.0,8.7,0.000,0.000,0.00,0.000,11.4,20.2,3.6,309,19,11.9,24.0,3.6,312,17,11.9,24.0,3.6,312,17,36,29.77,-0.1,0,0,0,43.9,46.4,49.5,0.26,0.23,0.18
VOOR,2019-11-08 15:55:00 EST,42.65242,-73.97562,378,30.1,30.1,21.7,40.5,8.9,0.000,0.000,0.00,0.000,8.7,17.2,3.4,312,18,9.3,20.0,3.3,316,17,9.3,20.0,3.3,316,17,34,29.77,-0.1,0,0,0,43.7,46.4,49.5,0.26,0.23,0.18
VOOR,2019-11-08 16:00:00 EST,42.65242,-73.97562,378,30.0,30.1,22.3,40.9,9.1,0.000,0.000,0.00,0.000,7.6,14.4,2.5,313,20,8.2,14.1,2.4,316,18,8.2,14.1,2.4,316,18,31,29.78,-0.1,0,0,0,43.6,46.4,49.5,0.26,0.23,0.18
VOOR,2019-11-08 16:05:00 EST,42.65242,-73.97562,378,29.9,30.0,21.7,41.8,9.4,0.000,0.000,0.00,0.000,8.3,17.4,2.7,310,23,9.0,18.0,2.8,314,21,9.0,18.0,2.8,314,21,27,29.78,-0.1,0,0,0,43.5,46.4,49.5,0.25,0.23,0.18
VOOR,2019-11-08 16:10:00 EST,42.65242,-73.97562,378,29.9,30.0,21.5,41.9,9.5,0.000,0.000,0.00,0.000,8.6,15.6,2.7,307,19,9.3,14.6,2.5,314,16,9.3,14.6,2.5,314,16,23,29.78,-0.1,0,0,0,43.5,46.4,49.5,0.25,0.23,0.18
VOOR,2019-11-08 16:15:00 EST,42.65242,-73.97562,378,29.9,29.9,20.9,41.9,9.5,0.000,0.000,0.00,0.000,10.0,19.1,3.1,307,16,10.4,20.2,3.2,310,14,10.4,20.2,3.2,310,14,20,29.78,-0.0,0,0,0,43.3,46.4,49.5,0.25,0.23,0.18
VOOR,2019-11-08 16:20:00 EST,42.65242,-73.97562,378,29.7,29.8,21.1,42.6,9.7,0.000,0.000,0.00,0.000,9.0,15.3,3.1,305,20,9.6,16.0,3.1,308,18,9.6,16.0,3.1,308,18,18,29.78,-0.1,0,0,0,43.3,46.4,49.5,0.25,0.23,0.18
VOOR,2019-11-08 16:25:00 EST,42.65242,-73.97562,378,29.6,29.7,22.1,42.7,9.6,0.000,0.000,0.00,0.000,7.1,16.0,3.0,306,20,7.6,15.0,3.0,312,20,7.6,15.0,3.0,312,20,15,29.79,-0.1,0,0,0,43.2,46.4,49.5,0.25,0.23,0.18
VOOR,2019-11-08 16:30:00 EST,42.65242,-73.97562,378,29.5,29.6,21.7,43.1,9.8,0.000,0.000,0.00,0.000,7.7,14.5,2.4,315,20,8.2,15.8,2.4,321,17,8.2,15.8,2.4,321,17,12,29.79,-0.1,0,0,0,43.2,46.4,49.5,0.25,0.23,0.18
VOOR,2019-11-08 16:35:00 EST,42.65242,-73.97562,378,29.4,29.6,21.3,43.4,9.8,0.000,0.000,0.00,0.000,8.2,14.1,2.3,301,17,8.6,14.7,2.4,305,16,8.6,14.7,2.4,305,16,9,29.79,-0.1,0,0,0,43.0,46.3,49.5,0.25,0.23,0.18
VOOR,2019-11-08 16:40:00 EST,42.65242,-73.97562,378,29.3,29.5,21.0,44.0,10.1,0.000,0.000,0.00,0.000,8.3,14.5,2.7,312,17,8.8,15.0,2.7,315,16,8.8,15.0,2.7,315,16,7,29.79,-0.0,0,0,0,43.0,46.4,49.5,0.25,0.23,0.18
VOOR,2019-11-08 16:45:00 EST,42.65242,-73.97562,378,29.3,29.5,21.5,44.2,10.2,0.000,0.000,0.00,0.000,7.9,14.3,3.1,312,17,8.2,15.3,2.9,317,15,8.2,15.3,2.9,317,15,5,29.79,-0.1,0,0,0,42.8,46.3,49.5,0.25,0.23,0.18
VOOR,2019-11-08 16:50:00 EST,42.65242,-73.97562,378,29.2,29.4,21.3,44.5,10.2,0.000,0.000,0.00,0.000,7.8,12.9,2.1,301,17,8.2,13.6,2.1,306,16,8.2,13.6,2.1,306,16,3,29.79,-0.1,0,0,0,42.8,46.2,49.5,0.25,0.23,0.18
VOOR,2019-11-08 16:55:00 EST,42.65242,-73.97562,378,29.1,29.3,21.6,44.8,10.3,0.000,0.000,0.00,0.000,7.0,12.8,2.2,298,16,7.5,14.1,2.2,302,15,7.5,14.1,2.2,302,15,1,29.79,-0.1,0,0,0,42.8,46.3,49.5,0.25,0.23,0.18
VOOR,2019-11-08 17:00:00 EST,42.65242,-73.97562,378,28.7,29.1,22.3,45.8,10.4,0.000,0.000,0.00,0.000,5.7,10.2,1.9,310,19,6.1,11.6,2.0,314,16,6.1,11.6,2.0,314,16,0,29.80,-0.0,0,0,0,42.6,46.3,49.5,0.25,0.23,0.18
VOOR,2019-11-08 17:05:00 EST,42.65242,-73.97562,378,28.8,29.1,22.0,46.1,10.6,0.000,0.000,0.00,0.000,6.2,9.8,1.7,306,14,6.5,12.3,1.7,310,14,6.5,12.3,1.7,310,14,0,29.80,-0.0,0,0,0,42.5,46.3,49.5,0.25,0.23,0.18
VOOR,2019-11-08 17:10:00 EST,42.65242,-73.97562,378,28.7,29.0,22.2,46.3,10.7,0.000,0.000,0.00,0.000,5.7,10.2,2.0,310,15,6.1,10.4,1.8,314,14,6.1,10.4,1.8,314,14,0,29.80,-0.0,0,0,0,42.4,46.2,49.5,0.25,0.23,0.18
VOOR,2019-11-08 17:15:00 EST,42.65242,-73.97562,378,28.5,28.8,23.1,47.0,10.8,0.000,0.000,0.00,0.000,4.5,7.7,1.2,305,18,4.8,9.2,1.3,309,17,4.8,9.2,1.3,309,17,0,29.80,-0.1,0,0,0,42.4,46.1,49.5,0.25,0.23,0.18
VOOR,2019-11-08 17:20:00 EST,42.65242,-73.97562,378,28.3,28.7,22.0,47.8,11.0,0.000,0.000,0.00,0.000,5.3,8.1,1.4,310,18,5.8,8.5,1.3,314,16,5.8,8.5,1.3,314,16,0,29.81,-0.1,0,0,0,42.4,46.0,49.5,0.25,0.23,0.18
VOOR,2019-11-08 17:25:00 EST,42.65242,-73.97562,378,28.4,28.6,22.2,47.8,11.1,0.000,0.000,0.00,0.000,5.4,9.9,1.5,313,15,5.7,10.3,1.4,318,13,5.7,10.3,1.4,318,13,0,29.81,-0.1,0,0,0,42.3,46.0,49.5,0.25,0.23,0.18
VOOR,2019-11-08 17:30:00 EST,42.65242,-73.97562,378,28.4,28.6,22.6,47.5,11.0,0.000,0.000,0.00,0.000,4.9,8.5,2.0,316,16,5.3,8.8,1.8,323,14,5.3,8.8,1.8,323,14,0,29.81,-0.1,0,0,0,42.3,46.0,49.4,0.25,0.23,0.18
VOOR,2019-11-08 17:35:00 EST,42.65242,-73.97562,378,28.3,28.5,22.5,47.7,10.9,0.000,0.000,0.00,0.000,4.7,10.4,1.7,315,21,5.2,10.1,1.8,321,21,5.2,10.1,1.8,321,21,0,29.82,-0.1,0,0,0,42.1,46.0,49.4,0.25,0.23,0.18
VOOR,2019-11-08 17:40:00 EST,42.65242,-73.97562,378,27.9,28.3,22.1,49.1,11.2,0.000,0.000,0.00,0.000,4.5,8.8,1.9,320,24,5.1,11.7,2.2,323,21,5.1,11.7,2.2,323,21,0,29.82,-0.1,0,0,0,42.1,46.0,49.4,0.25,0.23,0.18
VOOR,2019-11-08 17:45:00 EST,42.65242,-73.97562,378,27.8,28.3,21.1,49.2,11.3,0.000,0.000,0.00,0.000,5.7,12.9,3.1,327,19,6.2,12.8,3.0,330,16,6.2,12.8,3.0,330,16,0,29.82,-0.0,0,0,0,42.0,46.0,49.4,0.25,0.23,0.18
VOOR,2019-11-08 17:50:00 EST,42.65242,-73.97562,378,28.0,28.3,20.7,48.4,11.0,0.000,0.000,0.00,0.000,6.5,11.1,1.8,315,19,6.9,11.5,1.8,321,17,6.9,11.5,1.8,321,17,0,29.83,-0.0,0,0,0,41.9,46.0,49.4,0.25,0.23,0.18
VOOR,2019-11-08 17:55:00 EST,42.65242,-73.97562,378,28.0,28.3,20.3,48.4,11.0,0.000,0.000,0.00,0.000,7.5,12.6,1.9,309,13,7.6,12.8,1.9,315,12,7.6,12.8,1.9,315,12,0,29.83,-0.1,0,0,0,41.9,46.0,49.4,0.25,0.23,0.18
VOOR,2019-11-08 18:00:00 EST,42.65242,-73.97562,378,28.0,28.2,19.5,48.5,11.1,0.000,0.000,0.00,0.000,8.5,14.0,1.8,310,14,8.8,14.5,1.9,314,13,8.8,14.5,1.9,314,13,0,29.83,-0.0,0,0,0,41.8,46.0,49.3,0.25,0.23,0.18
VOOR,2019-11-08 18:05:00 EST,42.65242,-73.97562,378,27.8,28.1,19.7,49.1,11.2,0.000,0.000,0.00,0.000,7.7,14.0,2.3,305,18,8.1,13.6,2.2,307,15,8.1,13.6,2.2,307,15,0,29.83,-0.1,0,0,0,41.7,46.0,49.3,0.25,0.23,0.18
VOOR,2019-11-08 18:10:00 EST,42.65242,-73.97562,378,27.9,28.1,19.7,49.3,11.3,0.000,0.000,0.00,0.000,8.0,13.0,2.1,307,12,8.1,13.5,2.0,311,11,8.1,13.5,2.0,311,11,0,29.83,-0.1,0,0,0,41.7,46.0,49.3,0.25,0.23,0.18
VOOR,2019-11-08 18:15:00 EST,42.65242,-73.97562,378,27.8,28.0,20.4,49.6,11.4,0.000,0.000,0.00,0.000,6.6,12.0,1.8,308,13,7.0,12.9,1.9,313,13,7.0,12.9,1.9,313,13,0,29.83,-0.1,0,0,0,41.6,46.0,49.3,0.25,0.23,0.18
VOOR,2019-11-08 18:20:00 EST,42.65242,-73.97562,378,27.6,27.9,20.4,50.0,11.4,0.000,0.000,0.00,0.000,6.5,14.4,2.6,312,16,6.8,15.1,2.5,315,15,6.8,15.1,2.5,315,15,0,29.83,-0.0,0,0,0,41.5,46.0,49.3,0.25,0.23,0.18
VOOR,2019-11-08 18:25:00 EST,42.65242,-73.97562,378,27.7,27.9,19.8,50.6,11.7,0.000,0.000,0.00,0.000,7.4,13.0,2.5,307,15,7.6,13.1,2.3,312,15,7.6,13.1,2.3,312,15,0,29.84,-0.0,0,0,0,41.5,46.0,49.3,0.25,0.23,0.18
VOOR,2019-11-08 18:30:00 EST,42.65242,-73.97562,378,27.6,27.7,20.3,51.2,11.9,0.000,0.000,0.00,0.000,6.2,14.9,2.5,311,19,6.8,14.3,2.4,314,17,6.8,14.3,2.4,314,17,0,29.84,-0.1,0,0,0,41.4,46.0,49.3,0.25,0.23,0.18
VOOR,2019-11-08 18:35:00 EST,42.65242,-73.97562,378,27.5,27.8,19.1,51.8,12.1,0.000,0.000,0.00,0.000,8.1,12.9,2.8,304,15,8.4,14.5,2.6,310,15,8.4,14.5,2.6,310,15,0,29.84,0.0,0,0,0,41.4,46.0,49.3,0.25,0.23,0.18
VOOR,2019-11-08 18:40:00 EST,42.65242,-73.97562,378,27.5,27.7,19.0,51.7,12.0,0.000,0.000,0.00,0.000,8.1,16.0,3.9,308,16,8.5,15.9,3.6,314,15,8.5,15.9,3.6,314,15,0,29.84,-0.0,0,0,0,41.4,46.0,49.3,0.26,0.23,0.18
VOOR,2019-11-08 18:45:00 EST,42.65242,-73.97562,378,27.6,27.7,18.7,51.6,12.1,0.000,0.000,0.00,0.000,8.6,14.0,2.5,306,18,9.1,14.2,2.5,309,18,9.1,14.2,2.5,309,18,0,29.84,-0.0,0,0,0,41.3,46.0,49.3,0.25,0.23,0.18
VOOR,2019-11-08 18:50:00 EST,42.65242,-73.97562,378,27.5,27.7,19.0,52.0,12.1,0.000,0.000,0.00,0.000,8.1,12.7,2.1,311,15,8.6,13.7,2.2,314,13,8.6,13.7,2.2,314,13,0,29.84,-0.1,0,0,0,41.2,46.0,49.3,0.25,0.23,0.18
VOOR,2019-11-08 18:55:00 EST,42.65242,-73.97562,378,27.4,27.6,19.2,51.9,12.1,0.000,0.000,0.00,0.000,7.8,13.5,2.1,305,14,8.1,15.8,2.1,310,13,8.1,15.8,2.1,310,13,0,29.85,-0.1,0,0,0,41.2,46.0,49.3,0.25,0.23,0.18
VOOR,2019-11-08 19:00:00 EST,42.65242,-73.97562,378,27.3,27.5,18.2,52.4,12.1,0.000,0.000,0.00,0.000,9.2,15.5,2.2,305,16,9.5,16.2,2.4,310,15,9.5,16.2,2.4,310,15,0,29.85,-0.1,0,0,0,41.1,45.9,49.3,0.25,0.23,0.18
VOOR,2019-11-08 19:05:00 EST,42.65242,-73.97562,378,27.2,27.4,18.5,52.5,12.1,0.000,0.000,0.00,0.000,8.4,12.9,1.8,299,17,8.8,13.0,1.9,305,14,8.8,13.0,1.9,305,14,0,29.85,-0.0,0,0,0,41.0,45.9,49.3,0.25,0.23,0.18
VOOR,2019-11-08 19:10:00 EST,42.65242,-73.97562,378,27.2,27.4,17.5,52.5,12.1,0.000,0.000,0.00,0.000,9.9,18.8,2.7,305,15,10.5,19.3,2.8,308,15,10.5,19.3,2.8,308,15,0,29.85,-0.1,0,0,0,41.0,45.9,49.3,0.25,0.23,0.18
VOOR,2019-11-08 19:15:00 EST,42.65242,-73.97562,378,27.2,27.4,18.3,52.1,11.9,0.000,0.000,0.00,0.000,8.4,14.0,1.9,304,16,9.0,15.7,2.1,306,14,9.0,15.7,2.1,306,14,0,29.85,-0.1,0,0,0,40.9,45.9,49.3,0.25,0.23,0.18
VOOR,2019-11-08 19:20:00 EST,42.65242,-73.97562,378,27.2,27.4,17.3,52.1,12.0,0.000,0.000,0.00,0.000,10.4,19.1,2.7,301,15,11.0,19.3,2.8,304,13,11.0,19.3,2.8,304,13,0,29.85,-0.0,0,0,0,40.9,45.9,49.3,0.25,0.23,0.18
VOOR,2019-11-08 19:25:00 EST,42.65242,-73.97562,378,27.1,27.3,18.1,52.5,12.0,0.000,0.000,0.00,0.000,8.9,15.3,2.2,302,15,9.1,15.3,2.4,306,14,9.1,15.3,2.4,306,14,0,29.85,-0.0,0,0,0,40.8,45.9,49.3,0.25,0.23,0.18
VOOR,2019-11-08 19:30:00 EST,42.65242,-73.97562,378,27.1,27.3,17.6,52.3,11.9,0.000,0.000,0.00,0.000,9.5,17.2,3.0,298,15,10.0,18.1,3.1,303,15,10.0,18.1,3.1,303,15,0,29.85,-0.0,0,0,0,40.8,45.9,49.3,0.25,0.23,0.18
VOOR,2019-11-08 19:35:00 EST,42.65242,-73.97562,378,27.0,27.2,18.7,52.5,11.9,0.000,0.000,0.00,0.000,7.6,14.0,2.0,308,17,8.1,13.5,2.1,312,16,8.1,13.5,2.1,312,16,0,29.85,-0.0,0,0,0,40.6,45.9,49.3,0.25,0.23,0.18
VOOR,2019-11-08 19:40:00 EST,42.65242,-73.97562,378,27.0,27.2,17.8,52.5,11.9,0.000,0.000,0.00,0.000,8.7,16.2,2.2,307,16,9.5,16.9,2.5,311,15,9.5,16.9,2.5,311,15,0,29.85,-0.0,0,0,0,40.6,45.9,49.3,0.25,0.23,0.18
VOOR,2019-11-08 19:45:00 EST,42.65242,-73.97562,378,26.8,27.0,18.8,53.2,12.0,0.000,0.000,0.00,0.000,7.1,13.2,2.6,312,22,7.6,14.6,2.6,314,21,7.6,14.6,2.6,314,21,0,29.85,-0.0,0,0,0,40.6,45.9,49.3,0.25,0.23,0.18
VOOR,2019-11-08 19:50:00 EST,42.65242,-73.97562,378,26.7,27.0,17.7,53.6,12.1,0.000,0.000,0.00,0.000,8.7,13.5,2.2,314,17,9.2,16.8,2.4,321,16,9.2,16.8,2.4,321,16,0,29.86,-0.0,0,0,0,40.6,45.9,49.3,0.25,0.23,0.18
VOOR,2019-11-08 19:55:00 EST,42.65242,-73.97562,378,26.7,27.0,17.5,53.9,12.3,0.000,0.000,0.00,0.000,9.0,16.8,2.8,312,17,9.5,16.9,2.6,316,15,9.5,16.9,2.6,316,15,0,29.86,-0.0,0,0,0,40.5,45.9,49.3,0.25,0.23,0.18
VOOR,2019-11-08 20:00:00 EST,42.65242,-73.97562,378,26.6,26.8,19.2,54.4,12.4,0.000,0.000,0.00,0.000,6.0,12.2,2.4,320,20,6.7,12.5,2.2,325,19,6.7,12.5,2.2,325,19,0,29.85,-0.0,0,0,0,40.5,45.9,49.3,0.25,0.23,0.18
VOOR,2019-11-08 20:05:00 EST,42.65242,-73.97562,378,26.4,26.6,18.7,55.4,12.5,0.000,0.000,0.00,0.000,6.6,15.2,2.8,313,22,7.1,15.0,2.8,318,20,7.1,15.0,2.8,318,20,0,29.85,0.0,0,0,0,40.5,45.9,49.3,0.25,0.23,0.18
VOOR,2019-11-08 20:10:00 EST,42.65242,-73.97562,378,26.4,26.6,18.8,55.6,12.6,0.000,0.000,0.00,0.000,6.4,12.5,2.0,312,19,6.9,12.6,2.0,315,16,6.9,12.6,2.0,315,16,0,29.86,-0.0,0,0,0,40.3,45.9,49.3,0.25,0.23,0.18
VOOR,2019-11-08 20:15:00 EST,42.65242,-73.97562,378,26.5,26.7,18.2,55.8,12.9,0.000,0.000,0.00,0.000,7.9,13.9,2.8,314,16,8.1,13.4,2.7,318,14,8.1,13.4,2.7,318,14,0,29.86,-0.0,0,0,0,40.3,45.9,49.3,0.25,0.23,0.18
VOOR,2019-11-08 20:20:00 EST,42.65242,-73.97562,378,26.6,26.8,17.6,55.8,12.9,0.000,0.000,0.00,0.000,8.8,15.1,2.7,301,15,9.1,16.8,2.7,307,14,9.1,16.8,2.7,307,14,0,29.86,-0.0,0,0,0,40.3,45.9,49.3,0.25,0.23,0.18
VOOR,2019-11-08 20:25:00 EST,42.65242,-73.97562,378,26.7,26.8,17.6,55.9,13.1,0.000,0.000,0.00,0.000,8.7,14.6,2.7,309,17,9.2,16.5,2.7,311,14,9.2,16.5,2.7,311,14,0,29.86,-0.1,0,0,0,40.2,45.8,49.3,0.25,0.23,0.18
VOOR,2019-11-08 20:30:00 EST,42.65242,-73.97562,378,26.7,26.8,17.4,56.8,13.4,0.000,0.000,0.00,0.000,8.7,16.8,3.9,303,22,9.5,18.7,4.0,308,18,9.5,18.7,4.0,308,18,0,29.86,-0.1,0,0,0,40.1,45.7,49.3,0.25,0.23,0.18
VOOR,2019-11-08 20:35:00 EST,42.65242,-73.97562,378,26.7,26.8,18.0,57.5,13.7,0.000,0.000,0.00,0.000,8.3,16.1,2.6,306,16,8.6,15.8,2.4,311,14,8.6,15.8,2.4,311,14,0,29.86,-0.1,0,0,0,40.1,45.7,49.3,0.25,0.23,0.18
VOOR,2019-11-08 20:40:00 EST,42.65242,-73.97562,378,26.6,26.8,17.5,58.2,13.8,0.000,0.000,0.00,0.000,8.5,18.0,3.8,317,21,9.0,18.1,3.6,321,20,9.0,18.1,3.6,321,20,0,29.86,-0.0,0,0,0,40.1,45.7,49.3,0.25,0.23,0.18
VOOR,2019-11-08 20:45:00 EST,42.65242,-73.97562,378,26.5,26.7,19.7,58.8,14.0,0.000,0.000,0.00,0.000,5.5,10.2,1.8,315,25,6.0,10.6,1.8,319,23,6.0,10.6,1.8,319,23,0,29.86,-0.0,0,0,0,40.0,45.7,49.3,0.25,0.23,0.18
VOOR,2019-11-08 20:50:00 EST,42.65242,-73.97562,378,26.5,26.7,17.2,59.4,14.2,0.000,0.000,0.00,0.000,8.6,18.8,3.6,313,27,9.5,19.7,3.6,317,23,9.5,19.7,3.6,317,23,0,29.86,0.0,0,0,0,39.9,45.7,49.3,0.25,0.23,0.18
VOOR,2019-11-08 20:55:00 EST,42.65242,-73.97562,378,26.4,26.6,19.0,59.5,14.2,0.000,0.000,0.00,0.000,6.0,10.9,2.2,317,22,6.6,11.6,2.2,323,19,6.6,11.6,2.2,323,19,0,29.86,-0.0,0,0,0,39.9,45.7,49.3,0.25,0.23,0.18
VOOR,2019-11-08 21:00:00 EST,42.65242,-73.97562,378,26.2,26.4,19.4,60.4,14.3,0.000,0.000,0.00,0.000,5.2,15.7,2.6,325,31,5.9,17.2,2.7,329,24,5.9,17.2,2.7,329,24,0,29.87,0.0,0,0,0,39.9,45.7,49.3,0.25,0.23,0.18
VOOR,2019-11-08 21:05:00 EST,42.65242,-73.97562,378,26.1,26.4,19.2,60.2,14.2,0.000,0.000,0.00,0.000,5.5,17.0,3.6,330,22,6.1,17.9,3.7,332,21,6.1,17.9,3.7,332,21,0,29.87,0.0,0,0,0,39.9,45.7,49.3,0.25,0.23,0.18
VOOR,2019-11-08 21:10:00 EST,42.65242,-73.97562,378,26.3,26.4,18.5,60.1,14.3,0.000,0.000,0.00,0.000,6.5,16.5,3.2,314,25,7.1,17.8,3.2,320,24,7.1,17.8,3.2,320,24,0,29.87,-0.0,0,0,0,39.8,45.7,49.3,0.25,0.23,0.18
VOOR,2019-11-08 21:15:00 EST,42.65242,-73.97562,378,25.8,26.1,19.9,61.1,14.3,0.000,0.000,0.00,0.000,4.1,7.5,1.6,344,26,4.9,8.6,1.7,346,24,4.9,8.6,1.7,346,24,0,29.87,-0.1,0,0,0,39.7,45.7,49.3,0.25,0.23,0.18
VOOR,2019-11-08 21:20:00 EST,42.65242,-73.97562,378,25.9,26.1,19.0,61.5,14.5,0.000,0.000,0.00,0.000,5.5,9.8,1.9,311,18,6.0,13.1,2.2,316,18,6.0,13.1,2.2,316,18,0,29.87,0.0,0,0,0,39.7,45.7,49.3,0.25,0.23,0.18
VOOR,2019-11-08 21:25:00 EST,42.65242,-73.97562,378,25.8,26.1,18.9,61.9,14.5,0.000,0.000,0.00,0.000,5.4,15.0,3.0,319,38,5.9,15.8,3.3,322,37,5.9,15.8,3.3,322,37,0,29.88,-0.0,0,0,0,39.7,45.6,49.3,0.25,0.23,0.18
VOOR,2019-11-08 21:30:00 EST,42.65242,-73.97562,378,25.6,25.9,20.6,62.8,14.7,0.000,0.000,0.00,0.000,3.7,7.9,2.1,336,30,4.1,9.0,2.2,342,29,4.1,9.0,2.2,342,29,0,29.88,0.0,0,0,0,39.7,45.6,49.3,0.25,0.23,0.18
VOOR,2019-11-08 21:35:00 EST,42.65242,-73.97562,378,25.5,25.9,25.5,62.8,14.6,0.000,0.000,0.00,0.000,0.8,2.6,0.7,256,23,1.1,3.1,0.8,262,23,1.1,3.1,0.8,262,23,0,29.88,-0.1,0,0,0,39.6,45.6,49.3,0.25,0.23,0.18
VOOR,2019-11-08 21:40:00 EST,42.65242,-73.97562,378,25.2,25.9,25.2,63.7,14.7,0.000,0.000,0.00,0.000,1.5,3.5,1.1,268,22,1.9,4.4,1.0,274,27,1.9,4.4,1.0,274,27,0,29.88,0.0,0,0,0,39.6,45.5,49.3,0.25,0.23,0.18
VOOR,2019-11-08 21:45:00 EST,42.65242,-73.97562,378,24.9,25.7,24.9,64.0,14.5,0.000,0.000,0.00,0.000,1.1,3.1,0.9,207,27,1.4,3.4,1.0,203,30,1.4,3.4,1.0,203,30,0,29.88,-0.1,0,0,0,39.6,45.5,49.3,0.25,0.23,0.18
VOOR,2019-11-08 21:50:00 EST,42.65242,-73.97562,378,25.2,25.7,25.2,64.0,14.7,0.000,0.000,0.00,0.000,0.9,3.1,0.8,242,35,1.4,3.4,0.8,242,39,1.4,3.4,0.8,242,39,0,29.88,0.1,0,0,0,39.6,45.5,49.3,0.25,0.23,0.18
VOOR,2019-11-08 21:55:00 EST,42.65242,-73.97562,378,24.7,25.2,24.7,65.0,14.6,0.000,0.000,0.00,0.000,1.5,3.1,0.6,5,64,1.9,4.0,0.8,11,64,1.9,4.0,0.8,11,64,0,29.88,-0.1,0,0,0,39.5,45.5,49.3,0.25,0.23,0.18
VOOR,2019-11-08 22:00:00 EST,42.65242,-73.97562,378,23.5,25.1,23.5,68.4,14.6,0.000,0.000,0.00,0.000,1.5,3.5,0.9,4,33,1.8,4.0,0.8,8,35,1.8,4.0,0.8,8,35,0,29.89,-0.1,0,0,0,39.4,45.5,49.3,0.25,0.23,0.18
VOOR,2019-11-08 22:05:00 EST,42.65242,-73.97562,378,24.2,25.3,18.3,68.9,15.5,0.000,0.000,0.00,0.000,4.0,11.5,3.1,294,21,4.6,12.2,3.2,301,25,4.6,12.2,3.2,301,25,0,29.89,0.1,0,0,0,39.4,45.5,49.3,0.25,0.23,0.18
VOOR,2019-11-08 22:10:00 EST,42.65242,-73.97562,378,25.3,25.7,19.4,64.6,15.0,0.000,0.000,0.00,0.000,4.8,10.6,2.2,309,12,4.8,10.2,2.2,315,11,4.8,10.2,2.2,315,11,0,29.89,-0.1,0,0,0,39.4,45.5,49.2,0.25,0.23,0.18
VOOR,2019-11-08 22:15:00 EST,42.65242,-73.97562,378,24.8,25.3,18.2,64.4,14.5,0.000,0.000,0.00,0.000,5.1,8.5,1.3,293,13,5.4,9.0,1.3,298,13,5.4,9.0,1.3,298,13,0,29.89,0.0,0,0,0,39.4,45.5,49.2,0.25,0.23,0.18
VOOR,2019-11-08 22:20:00 EST,42.65242,-73.97562,378,24.9,25.3,19.6,63.9,14.4,0.000,0.000,0.00,0.000,4.3,6.5,1.0,296,13,4.3,7.2,1.1,301,13,4.3,7.2,1.1,301,13,0,29.89,-0.0,0,0,0,39.3,45.5,49.2,0.25,0.23,0.18
VOOR,2019-11-08 22:25:00 EST,42.65242,-73.97562,378,24.4,25.2,18.8,65.7,14.6,0.000,0.000,0.00,0.000,4.2,6.5,1.0,298,19,4.5,8.7,1.2,305,20,4.5,8.7,1.2,305,20,0,29.89,0.0,0,0,0,39.2,45.5,49.2,0.25,0.23,0.18
VOOR,2019-11-08 22:30:00 EST,42.65242,-73.97562,378,24.8,25.2,18.0,66.9,15.4,0.000,0.000,0.00,0.000,5.3,8.5,1.4,307,19,5.6,10.1,1.6,313,18,5.6,10.1,1.6,313,18,0,29.89,-0.0,0,0,0,39.2,45.5,49.1,0.25,0.23,0.18
VOOR,2019-11-08 22:35:00 EST,42.65242,-73.97562,378,24.8,25.1,18.5,67.6,15.6,0.000,0.000,0.00,0.000,4.6,7.5,1.1,323,20,5.1,7.9,1.2,329,19,5.1,7.9,1.2,329,19,0,29.89,-0.0,0,0,0,39.2,45.4,49.1,0.25,0.23,0.18
VOOR,2019-11-08 22:40:00 EST,42.65242,-73.97562,378,24.4,24.8,19.6,68.9,15.6,0.000,0.000,0.00,0.000,3.1,8.9,1.8,324,28,3.7,11.3,1.9,327,28,3.7,11.3,1.9,327,28,0,29.89,-0.0,0,0,0,39.2,45.4,49.1,0.25,0.23,0.18
VOOR,2019-11-08 22:45:00 EST,42.65242,-73.97562,378,24.3,24.8,18.3,69.7,15.9,0.000,0.000,0.00,0.000,4.1,8.3,1.8,344,21,4.8,9.4,1.9,346,20,4.8,9.4,1.9,346,20,0,29.89,-0.0,0,0,0,39.2,45.4,49.1,0.25,0.23,0.18
VOOR,2019-11-08 22:50:00 EST,42.65242,-73.97562,378,24.6,24.9,18.3,69.7,16.1,0.000,0.000,0.00,0.000,4.5,7.5,1.3,334,29,5.0,11.5,1.6,339,25,5.0,11.5,1.6,339,25,0,29.89,-0.1,0,0,0,39.2,45.4,49.1,0.25,0.23,0.18
VOOR,2019-11-08 22:55:00 EST,42.65242,-73.97562,378,24.6,25.0,17.7,69.5,16.1,0.000,0.000,0.00,0.000,5.0,8.5,1.7,317,33,5.7,10.6,1.9,320,30,5.7,10.6,1.9,320,30,0,29.89,-0.0,0,0,0,39.2,45.3,49.1,0.25,0.23,0.18
VOOR,2019-11-08 23:00:00 EST,42.65242,-73.97562,378,24.8,25.0,18.4,68.6,16.0,0.000,0.000,0.00,0.000,5.0,7.8,1.0,315,21,5.3,10.0,1.3,320,20,5.3,10.0,1.3,320,20,0,29.89,-0.0,0,0,0,39.2,45.3,49.1,0.25,0.23,0.18
VOOR,2019-11-08 23:05:00 EST,42.65242,-73.97562,378,24.8,25.3,18.2,68.6,15.9,0.000,0.000,0.00,0.000,5.0,8.5,1.3,316,24,5.4,9.8,1.6,318,24,5.4,9.8,1.6,318,24,0,29.89,-0.0,0,0,0,39.2,45.3,49.1,0.25,0.23,0.18
VOOR,2019-11-08 23:10:00 EST,42.65242,-73.97562,378,24.7,25.3,17.8,68.8,16.0,0.000,0.000,0.00,0.000,5.3,10.3,2.0,297,18,5.7,12.1,2.1,299,17,5.7,12.1,2.1,299,17,0,29.89,0.0,0,0,0,39.1,45.3,49.1,0.25,0.23,0.18
VOOR,2019-11-08 23:15:00 EST,42.65242,-73.97562,378,25.2,25.5,17.5,68.5,16.3,0.000,0.000,0.00,0.000,6.0,11.8,2.2,285,21,6.7,14.2,2.5,288,19,6.7,14.2,2.5,288,19,0,29.89,-0.0,0,0,0,39.0,45.3,49.1,0.25,0.23,0.18
VOOR,2019-11-08 23:20:00 EST,42.65242,-73.97562,378,25.4,25.7,16.7,67.5,16.2,0.000,0.000,0.00,0.000,7.2,14.6,2.6,271,18,8.1,17.4,2.8,275,17,8.1,17.4,2.8,275,17,0,29.88,-0.0,0,0,0,39.0,45.3,49.1,0.25,0.23,0.18
VOOR,2019-11-08 23:25:00 EST,42.65242,-73.97562,378,25.7,25.9,16.1,67.3,16.3,0.000,0.000,0.00,0.000,8.6,14.0,2.5,275,16,9.6,15.7,2.9,278,14,9.6,15.7,2.9,278,14,0,29.88,0.0,0,0,0,39.0,45.3,49.1,0.25,0.23,0.18
VOOR,2019-11-08 23:30:00 EST,42.65242,-73.97562,378,25.8,26.0,16.5,66.7,16.3,0.000,0.000,0.00,0.000,8.4,15.6,2.7,275,16,9.2,16.8,3.0,279,16,9.2,16.8,3.0,279,16,0,29.89,0.0,0,0,0,39.0,45.3,49.1,0.25,0.23,0.18
VOOR,2019-11-08 23:35:00 EST,42.65242,-73.97562,378,25.7,25.9,17.0,67.5,16.5,0.000,0.000,0.00,0.000,7.5,14.5,3.1,273,18,8.3,17.0,3.5,276,16,8.3,17.0,3.5,276,16,0,29.89,-0.0,0,0,0,39.0,45.3,49.1,0.25,0.23,0.18
VOOR,2019-11-08 23:40:00 EST,42.65242,-73.97562,378,25.8,26.0,17.5,67.8,16.6,0.000,0.000,0.00,0.000,7.0,13.3,2.3,277,19,7.7,15.1,2.6,281,19,7.7,15.1,2.6,281,19,0,29.89,0.0,0,0,0,38.9,45.2,49.1,0.25,0.23,0.18
VOOR,2019-11-08 23:45:00 EST,42.65242,-73.97562,378,25.8,25.9,15.3,68.0,16.7,0.000,0.000,0.00,0.000,10.0,16.8,3.0,266,14,11.3,19.3,3.4,270,12,11.3,19.3,3.4,270,12,0,29.89,0.0,0,0,0,38.8,45.2,49.1,0.25,0.23,0.17
VOOR,2019-11-08 23:50:00 EST,42.65242,-73.97562,378,25.6,25.7,16.2,68.7,16.7,0.000,0.000,0.00,0.000,8.5,14.3,2.1,270,17,9.2,16.1,2.4,275,13,9.2,16.1,2.4,275,13,0,29.89,-0.0,0,0,0,38.8,45.1,49.1,0.25,0.23,0.18
VOOR,2019-11-08 23:55:00 EST,42.65242,-73.97562,378,25.4,25.6,16.3,69.2,16.7,0.000,0.000,0.00,0.000,8.0,14.0,2.7,274,13,8.8,15.9,3.1,278,13,8.8,15.9,3.1,278,13,0,29.89,-0.0,0,0,0,38.8,45.1,49.1,0.25,0.23,0.18
WALL,2019-11-08 00:00:00 EST,41.63409,-74.15370,354,35.5,35.7,32.8,,,0.000,0.419,0.00,0.000,2.9,5.8,1.1,17,17,3.3,7.3,1.4,8,11,3.3,7.3,1.4,8,11,0,29.66,0.1,0,0,0,47.8,50.0,51.8,0.47,0.36,0.40
WALL,2019-11-08 00:05:00 EST,41.63409,-74.15370,354,35.4,35.6,33.1,,,0.000,0.000,0.00,0.000,2.4,5.1,1.1,350,24,3.0,6.8,1.4,346,22,3.0,6.8,1.4,346,22,0,29.66,0.1,0,0,0,47.8,50.0,51.8,0.47,0.36,0.40
WALL,2019-11-08 00:10:00 EST,41.63409,-74.15370,354,35.5,35.7,31.9,,,0.000,0.000,0.00,0.000,4.0,7.3,1.5,317,14,4.2,7.8,1.5,315,15,4.2,7.8,1.5,315,15,0,29.66,0.1,0,0,0,47.8,50.0,51.8,0.47,0.36,0.40
WALL,2019-11-08 00:15:00 EST,41.63409,-74.15370,354,35.6,36.0,30.8,,,0.000,0.000,0.00,0.000,5.0,8.4,1.0,323,12,5.5,8.9,1.1,320,12,5.5,8.9,1.1,320,12,0,29.66,0.1,0,0,0,47.8,49.8,51.8,0.47,0.36,0.40
WALL,2019-11-08 00:20:00 EST,41.63409,-74.15370,354,35.3,35.9,30.6,,,0.000,0.000,0.00,0.000,4.7,6.5,1.0,301,15,5.4,7.8,1.2,297,14,5.4,7.8,1.2,297,14,0,29.66,0.1,0,0,0,47.8,49.9,51.8,0.47,0.36,0.40
WALL,2019-11-08 00:25:00 EST,41.63409,-74.15370,354,35.1,35.7,27.8,,,0.000,0.000,0.00,0.000,8.2,11.4,1.8,288,12,9.4,14.1,2.2,284,9,9.4,14.1,2.2,284,9,0,29.66,0.1,0,0,0,47.8,50.0,51.8,0.47,0.36,0.40
WALL,2019-11-08 00:30:00 EST,41.63409,-74.15370,354,34.3,34.9,27.2,,,0.000,0.000,0.00,0.000,7.6,10.7,1.4,286,9,8.8,13.9,1.8,282,8,8.8,13.9,1.8,282,8,0,29.66,0.1,0,0,0,47.8,49.9,51.8,0.47,0.36,0.40
WALL,2019-11-08 00:35:00 EST,41.63409,-74.15370,354,33.7,34.4,26.0,,,0.000,0.000,0.00,0.000,8.3,12.1,1.4,286,9,9.6,14.3,1.7,281,6,9.6,14.3,1.7,281,6,0,29.66,0.0,0,0,0,47.8,50.0,51.8,0.47,0.36,0.40
WALL,2019-11-08 00:40:00 EST,41.63409,-74.15370,354,33.0,34.0,25.6,,,0.000,0.000,0.00,0.000,7.7,11.5,1.4,287,11,8.9,14.0,1.7,283,9,8.9,14.0,1.7,283,9,0,29.66,0.2,0,0,0,47.8,49.9,51.8,0.47,0.36,0.40
WALL,2019-11-08 00:45:00 EST,41.63409,-74.15370,354,32.7,33.6,24.2,,,0.000,0.000,0.00,0.000,9.3,13.0,1.8,281,8,11.0,16.5,2.1,277,7,11.0,16.5,2.1,277,7,0,29.66,0.1,0,0,0,47.8,49.9,51.8,0.47,0.36,0.40
WALL,2019-11-08 00:50:00 EST,41.63409,-74.15370,354,32.5,33.3,24.5,,,0.000,0.000,0.00,0.000,8.4,11.6,1.3,284,9,9.7,13.1,1.6,279,7,9.7,13.1,1.6,279,7,0,29.66,0.1,0,0,0,47.8,49.9,51.8,0.47,0.36,0.40
WALL,2019-11-08 00:55:00 EST,41.63409,-74.15370,354,32.3,33.1,25.1,,,0.000,0.000,0.00,0.000,7.1,11.4,2.0,292,11,8.1,12.8,2.4,287,11,8.1,12.8,2.4,287,11,0,29.66,0.1,0,0,0,47.8,49.8,51.8,0.47,0.36,0.40
WALL,2019-11-08 01:00:00 EST,41.63409,-74.15370,354,31.8,32.6,25.7,,,0.000,0.000,0.00,0.000,5.9,11.1,1.2,310,10,6.3,11.0,1.3,307,10,6.3,11.0,1.3,307,10,0,29.66,0.1,0,0,0,47.8,49.9,51.8,0.47,0.36,0.40
WALL,2019-11-08 01:05:00 EST,41.63409,-74.15370,354,32.3,33.1,25.7,,,0.000,0.000,0.00,0.000,6.7,10.3,1.7,320,14,7.3,12.1,1.8,317,13,7.3,12.1,1.8,317,13,0,29.66,0.1,0,0,0,47.8,49.8,51.8,0.47,0.36,0.40
WALL,2019-11-08 01:10:00 EST,41.63409,-74.15370,354,32.5,33.2,26.2,,,0.000,0.000,0.00,0.000,6.3,10.6,1.9,328,18,6.8,11.9,2.0,325,11,6.8,11.9,2.0,325,11,0,29.66,0.0,0,0,0,47.8,49.8,51.8,0.47,0.36,0.40
WALL,2019-11-08 01:15:00 EST,41.63409,-74.15370,354,31.8,32.7,26.9,,,0.000,0.000,0.00,0.000,4.5,8.6,1.4,336,20,5.0,8.4,1.5,331,15,5.0,8.4,1.5,331,15,0,29.66,0.1,0,0,0,47.8,49.8,51.8,0.47,0.36,0.40
WALL,2019-11-08 01:20:00 EST,41.63409,-74.15370,354,31.6,32.3,27.0,,,0.000,0.000,0.00,0.000,3.8,6.7,1.2,346,21,4.6,8.4,1.4,343,17,4.6,8.4,1.4,343,17,0,29.66,0.1,0,0,0,47.8,49.9,51.8,0.47,0.36,0.40
WALL,2019-11-08 01:25:00 EST,41.63409,-74.15370,354,31.4,32.1,26.3,,,0.000,0.000,0.00,0.000,4.4,6.6,1.2,343,17,5.1,8.1,1.3,340,14,5.1,8.1,1.3,340,14,0,29.66,0.2,0,0,0,47.8,49.8,51.8,0.47,0.36,0.40
WALL,2019-11-08 01:30:00 EST,41.63409,-74.15370,354,31.2,31.9,27.0,,,0.000,0.000,0.00,0.000,3.4,7.1,1.3,351,11,4.2,8.5,1.4,348,11,4.2,8.5,1.4,348,11,0,29.66,-0.0,0,0,0,47.8,49.8,51.8,0.47,0.36,0.40
WALL,2019-11-08 01:35:00 EST,41.63409,-74.15370,354,30.8,31.6,27.1,,,0.000,0.000,0.00,0.000,3.0,4.5,0.6,9,16,3.6,6.8,0.9,3,14,3.6,6.8,0.9,3,14,0,29.67,0.1,0,0,0,47.8,49.8,51.8,0.47,0.36,0.40
WALL,2019-11-08 01:40:00 EST,41.63409,-74.15370,354,30.8,31.6,27.9,,,0.000,0.000,0.00,0.000,2.7,5.8,0.9,351,25,3.1,6.9,1.1,347,19,3.1,6.9,1.1,347,19,0,29.67,0.1,0,0,0,47.5,49.8,51.8,0.47,0.36,0.40
WALL,2019-11-08 01:45:00 EST,41.63409,-74.15370,354,30.4,31.5,30.4,,,0.000,0.000,0.00,0.000,2.6,3.9,0.6,330,16,2.9,5.1,0.7,326,15,2.9,5.1,0.7,326,15,0,29.67,0.0,0,0,0,47.5,49.8,51.8,0.47,0.36,0.40
WALL,2019-11-08 01:50:00 EST,41.63409,-74.15370,354,30.4,31.3,27.3,,,0.000,0.000,0.00,0.000,2.6,3.9,0.6,0,18,3.2,5.1,0.9,354,16,3.2,5.1,0.9,354,16,0,29.67,0.0,0,0,0,47.5,49.8,51.8,0.47,0.36,0.40
WALL,2019-11-08 01:55:00 EST,41.63409,-74.15370,354,30.0,31.1,26.8,,,0.000,0.000,0.00,0.000,2.7,4.6,0.8,5,17,3.2,6.2,1.1,359,15,3.2,6.2,1.1,359,15,0,29.67,-0.0,0,0,0,47.5,49.8,51.8,0.47,0.36,0.40
WALL,2019-11-08 02:00:00 EST,41.63409,-74.15370,354,30.0,30.9,30.0,,,0.000,0.000,0.00,0.000,2.2,4.8,1.0,351,22,2.7,5.7,1.3,348,16,2.7,5.7,1.3,348,16,0,29.68,-0.0,0,0,0,47.5,49.8,51.8,0.48,0.36,0.40
WALL,2019-11-08 02:05:00 EST,41.63409,-74.15370,354,29.9,30.9,29.9,,,0.000,0.000,0.00,0.000,2.3,5.8,0.9,344,12,2.8,6.7,1.2,338,12,2.8,6.7,1.2,338,12,0,29.68,0.0,0,0,0,47.5,49.8,51.8,0.48,0.36,0.40
WALL,2019-11-08 02:10:00 EST,41.63409,-74.15370,354,30.1,31.0,26.8,,,0.000,0.000,0.00,0.000,2.8,5.1,0.9,348,16,3.2,5.7,1.2,344,15,3.2,5.7,1.2,344,15,0,29.68,0.0,0,0,0,47.5,49.8,51.8,0.48,0.36,0.40
WALL,2019-11-08 02:15:00 EST,41.63409,-74.15370,354,30.1,31.0,26.4,,,0.000,0.000,0.00,0.000,2.9,4.9,0.8,355,15,3.6,7.0,1.1,348,14,3.6,7.0,1.1,348,14,0,29.68,-0.0,0,0,0,47.5,49.8,51.8,0.48,0.36,0.40
WALL,2019-11-08 02:20:00 EST,41.63409,-74.15370,354,30.0,30.9,30.0,,,0.000,0.000,0.00,0.000,2.5,4.0,0.7,20,15,2.9,5.5,0.9,13,15,2.9,5.5,0.9,13,15,0,29.68,0.0,0,0,0,47.5,49.8,51.8,0.48,0.36,0.40
WALL,2019-11-08 02:25:00 EST,41.63409,-74.15370,354,29.7,30.8,29.7,,,0.000,0.000,0.00,0.000,2.6,4.2,0.7,30,11,2.8,5.2,0.9,23,12,2.8,5.2,0.9,23,12,0,29.68,-0.0,0,0,0,47.5,49.8,51.8,0.48,0.36,0.40
WALL,2019-11-08 02:30:00 EST,41.63409,-74.15370,354,29.3,30.6,29.3,,,0.000,0.000,0.00,0.000,1.7,2.6,0.4,29,11,1.9,3.3,0.6,21,13,1.9,3.3,0.6,21,13,0,29.67,-0.1,0,0,0,47.5,49.8,51.8,0.48,0.36,0.40
WALL,2019-11-08 02:35:00 EST,41.63409,-74.15370,354,28.4,30.4,28.4,,,0.000,0.000,0.00,0.000,1.3,1.8,0.3,31,4,1.5,2.5,0.3,24,9,1.5,2.5,0.3,24,9,0,29.68,-0.1,0,0,0,47.5,49.8,51.8,0.48,0.36,0.40
WALL,2019-11-08 02:40:00 EST,41.63409,-74.15370,354,27.9,30.0,27.9,,,0.000,0.000,0.00,0.000,1.3,2.0,0.2,42,12,1.5,2.4,0.3,37,14,1.5,2.4,0.3,37,14,0,29.68,0.0,0,0,0,47.5,49.8,51.8,0.48,0.36,0.40
WALL,2019-11-08 02:45:00 EST,41.63409,-74.15370,354,27.7,29.4,27.7,,,0.000,0.000,0.00,0.000,1.2,1.5,0.2,71,8,1.6,2.3,0.3,64,10,1.6,2.3,0.3,64,10,0,29.68,0.0,0,0,0,47.3,49.8,51.8,0.48,0.36,0.40
WALL,2019-11-08 02:50:00 EST,41.63409,-74.15370,354,27.3,29.4,27.3,,,0.000,0.000,0.00,0.000,0.8,1.2,0.2,71,7,1.2,1.8,0.3,63,13,1.2,1.8,0.3,63,13,0,29.68,-0.0,0,0,0,47.3,49.8,51.8,0.48,0.36,0.40
WALL,2019-11-08 02:55:00 EST,41.63409,-74.15370,354,26.8,29.0,26.8,,,0.000,0.000,0.00,0.000,0.0,0.7,0.1,50,2,0.2,1.1,0.4,14,9,0.2,1.1,0.4,14,9,0,29.67,-0.1,0,0,0,47.3,49.8,51.8,0.48,0.36,0.40
WALL,2019-11-08 03:00:00 EST,41.63409,-74.15370,354,26.5,28.6,26.5,,,0.000,0.000,0.00,0.000,0.0,0.0,0.0,0,0,0.4,1.6,0.5,343,9,0.4,1.6,0.5,343,9,0,29.67,0.0,0,0,0,47.3,49.8,51.8,0.48,0.36,0.40
WALL,2019-11-08 03:05:00 EST,41.63409,-74.15370,354,26.9,28.3,26.9,,,0.000,0.000,0.00,0.000,0.7,1.4,0.5,65,16,1.2,2.0,0.4,55,24,1.2,2.0,0.4,55,24,0,29.67,0.0,0,0,0,47.3,49.8,51.8,0.48,0.36,0.40
WALL,2019-11-08 03:10:00 EST,41.63409,-74.15370,354,26.4,28.9,26.4,,,0.000,0.000,0.00,0.000,1.0,1.4,0.2,70,13,1.2,1.6,0.2,67,17,1.2,1.6,0.2,67,17,0,29.67,-0.0,0,0,0,47.3,49.8,51.8,0.48,0.36,0.40
WALL,2019-11-08 03:15:00 EST,41.63409,-74.15370,354,26.2,29.5,26.2,,,0.000,0.000,0.00,0.000,1.1,1.6,0.2,105,12,1.4,2.0,0.2,101,13,1.4,2.0,0.2,101,13,0,29.66,0.0,0,0,0,47.3,49.8,51.8,0.48,0.36,0.40
WALL,2019-11-08 03:20:00 EST,41.63409,-74.15370,354,25.9,29.7,25.9,,,0.000,0.000,0.00,0.000,1.2,1.7,0.3,92,6,1.4,2.0,0.3,88,9,1.4,2.0,0.3,88,9,0,29.66,-0.1,0,0,0,47.3,49.8,51.8,0.48,0.36,0.40
WALL,2019-11-08 03:25:00 EST,41.63409,-74.15370,354,25.9,28.7,25.9,,,0.000,0.000,0.00,0.000,0.2,0.9,0.3,95,0,0.5,1.2,0.4,117,20,0.5,1.2,0.4,117,20,0,29.66,0.1,0,0,0,47.3,49.8,51.8,0.48,0.36,0.40
WALL,2019-11-08 03:30:00 EST,41.63409,-74.15370,354,25.4,27.4,25.4,,,0.000,0.000,0.00,0.000,0.2,1.0,0.4,95,0,0.6,1.4,0.5,137,53,0.6,1.4,0.5,137,53,0,29.66,-0.0,0,0,0,47.2,49.8,51.8,0.48,0.36,0.40
WALL,2019-11-08 03:35:00 EST,41.63409,-74.15370,354,24.5,26.9,24.5,,,0.000,0.000,0.00,0.000,1.8,3.1,0.7,230,7,2.0,3.4,0.5,224,8,2.0,3.4,0.5,224,8,0,29.67,-0.0,0,0,0,47.1,49.8,51.8,0.48,0.36,0.40
WALL,2019-11-08 03:40:00 EST,41.63409,-74.15370,354,24.2,27.2,24.2,,,0.000,0.000,0.00,0.000,1.5,2.1,0.4,155,26,1.7,2.4,0.3,149,26,1.7,2.4,0.3,149,26,0,29.67,0.1,0,0,0,47.1,49.8,51.8,0.48,0.36,0.40
WALL,2019-11-08 03:45:00 EST,41.63409,-74.15370,354,24.8,27.7,24.8,,,0.000,0.000,0.00,0.000,2.5,3.4,0.6,96,12,2.7,3.7,0.7,88,14,2.7,3.7,0.7,88,14,0,29.67,0.0,0,0,0,47.1,49.8,51.8,0.48,0.36,0.40
WALL,2019-11-08 03:50:00 EST,41.63409,-74.15370,354,25.3,27.2,25.3,,,0.000,0.000,0.00,0.000,2.1,2.9,0.4,67,8,2.4,3.4,0.5,58,10,2.4,3.4,0.5,58,10,0,29.67,0.0,0,0,0,47.1,49.8,51.8,0.48,0.36,0.40
WALL,2019-11-08 03:55:00 EST,41.63409,-74.15370,354,25.0,27.2,21.2,,,0.000,0.000,0.00,0.000,2.6,3.4,0.3,71,9,3.1,4.0,0.4,62,8,3.1,4.0,0.4,62,8,0,29.67,-0.0,0,0,0,47.1,49.8,51.8,0.48,0.36,0.40
WALL,2019-11-08 04:00:00 EST,41.63409,-74.15370,354,25.4,27.3,25.4,,,0.000,0.000,0.00,0.000,1.8,2.1,0.2,40,6,1.8,2.3,0.2,36,9,1.8,2.3,0.2,36,9,0,29.67,0.0,0,0,0,47.1,49.8,51.8,0.48,0.36,0.40
WALL,2019-11-08 04:05:00 EST,41.63409,-74.15370,354,24.2,27.1,24.2,,,0.000,0.000,0.00,0.000,2.3,3.1,0.5,45,4,2.4,3.2,0.4,40,6,2.4,3.2,0.4,40,6,0,29.67,0.1,0,0,0,47.1,49.8,51.8,0.48,0.36,0.40
WALL,2019-11-08 04:10:00 EST,41.63409,-74.15370,354,23.7,26.5,23.7,,,0.000,0.000,0.00,0.000,1.4,2.8,0.5,34,21,1.6,3.0,0.5,25,22,1.6,3.0,0.5,25,22,0,29.67,0.1,0,0,0,47.1,49.8,51.8,0.48,0.36,0.40
WALL,2019-11-08 04:15:00 EST,41.63409,-74.15370,354,24.1,26.3,24.1,,,0.000,0.000,0.00,0.000,0.6,1.3,0.5,23,4,0.9,1.6,0.5,6,27,0.9,1.6,0.5,6,27,0,29.67,-0.0,0,0,0,47.1,49.8,51.8,0.48,0.36,0.40
WALL,2019-11-08 04:20:00 EST,41.63409,-74.15370,354,23.9,25.8,23.9,,,0.000,0.000,0.00,0.000,0.0,0.4,0.1,26,0,0.6,1.6,0.6,82,16,0.6,1.6,0.6,82,16,0,29.67,-0.0,0,0,0,46.9,49.8,51.8,0.48,0.36,0.40
WALL,2019-11-08 04:25:00 EST,41.63409,-74.15370,354,23.2,26.1,23.2,,,0.000,0.000,0.00,0.000,0.0,0.0,0.0,0,0,0.7,1.7,0.5,95,11,0.7,1.7,0.5,95,11,0,29.68,-0.1,0,0,0,47.0,49.8,51.8,0.48,0.36,0.40
WALL,2019-11-08 04:30:00 EST,41.63409,-74.15370,354,24.0,26.1,24.0,,,0.000,0.000,0.00,0.000,0.8,2.0,0.6,77,4,1.3,2.6,0.6,71,13,1.3,2.6,0.6,71,13,0,29.68,-0.1,0,0,0,46.9,49.8,51.8,0.48,0.36,0.40
WALL,2019-11-08 04:35:00 EST,41.63409,-74.15370,354,23.1,26.0,23.1,,,0.000,0.000,0.00,0.000,0.0,0.0,0.0,0,0,0.1,0.8,0.2,217,1,0.1,0.8,0.2,217,1,0,29.68,-0.1,0,0,0,46.9,49.8,51.8,0.48,0.36,0.40
WALL,2019-11-08 04:40:00 EST,41.63409,-74.15370,354,22.5,25.9,22.5,,,0.000,0.000,0.00,0.000,0.0,0.0,0.0,0,0,0.4,1.1,0.4,190,6,0.4,1.1,0.4,190,6,0,29.68,-0.0,0,0,0,46.9,49.8,51.8,0.48,0.36,0.40
WALL,2019-11-08 04:45:00 EST,41.63409,-74.15370,354,23.1,26.0,23.1,,,0.000,0.000,0.00,0.000,0.0,0.6,0.1,257,1,0.3,1.4,0.4,247,19,0.3,1.4,0.4,247,19,0,29.68,-0.2,0,0,0,46.9,49.8,51.8,0.48,0.36,0.40
WALL,2019-11-08 04:50:00 EST,41.63409,-74.15370,354,22.9,26.3,22.9,,,0.000,0.000,0.00,0.000,0.2,0.9,0.3,47,20,0.5,1.3,0.5,58,13,0.5,1.3,0.5,58,13,0,29.68,0.0,0,0,0,46.9,49.8,51.8,0.48,0.36,0.40
WALL,2019-11-08 04:55:00 EST,41.63409,-74.15370,354,22.5,26.5,22.5,,,0.000,0.000,0.00,0.000,0.3,1.0,0.4,80,3,0.9,1.4,0.3,164,56,0.9,1.4,0.3,164,56,0,29.68,-0.1,0,0,0,46.8,49.8,51.8,0.48,0.36,0.40
WALL,2019-11-08 05:00:00 EST,41.63409,-74.15370,354,22.2,25.9,22.2,,,0.000,0.000,0.00,0.000,0.6,1.5,0.5,286,31,1.0,2.0,0.6,287,25,1.0,2.0,0.6,287,25,0,29.68,0.0,0,0,0,46.8,49.8,51.8,0.48,0.36,0.40
WALL,2019-11-08 05:05:00 EST,41.63409,-74.15370,354,21.9,26.2,21.9,,,0.000,0.000,0.00,0.000,1.6,2.8,0.5,276,12,2.0,3.8,0.6,273,13,2.0,3.8,0.6,273,13,0,29.69,-0.0,0,0,0,46.8,49.8,51.8,0.48,0.36,0.40
WALL,2019-11-08 05:10:00 EST,41.63409,-74.15370,354,22.5,26.4,22.5,,,0.000,0.000,0.00,0.000,1.9,3.1,0.6,275,12,2.2,3.9,0.7,274,14,2.2,3.9,0.7,274,14,0,29.69,-0.1,0,0,0,46.8,49.8,51.8,0.48,0.36,0.40
WALL,2019-11-08 05:15:00 EST,41.63409,-74.15370,354,23.7,26.8,23.7,,,0.000,0.000,0.00,0.000,2.5,4.1,0.7,287,13,2.8,5.1,0.8,286,13,2.8,5.1,0.8,286,13,0,29.69,0.0,0,0,0,46.8,49.8,51.8,0.48,0.36,0.40
WALL,2019-11-08 05:20:00 EST,41.63409,-74.15370,354,24.2,26.8,24.2,,,0.000,0.000,0.00,0.000,2.5,5.3,1.0,302,18,2.7,6.3,1.2,299,16,2.7,6.3,1.2,299,16,0,29.69,0.1,0,0,0,46.8,49.8,51.8,0.48,0.36,0.40
WALL,2019-11-08 05:25:00 EST,41.63409,-74.15370,354,24.2,27.6,19.0,,,0.000,0.000,0.00,0.000,3.7,5.4,0.8,298,9,4.1,5.9,0.9,295,9,4.1,5.9,0.9,295,9,0,29.69,0.1,0,0,0,46.8,49.8,51.8,0.48,0.36,0.40
WALL,2019-11-08 05:30:00 EST,41.63409,-74.15370,354,24.4,27.8,19.4,,,0.000,0.000,0.00,0.000,3.5,4.5,0.4,284,10,3.9,5.6,0.5,281,10,3.9,5.6,0.5,281,10,0,29.69,0.1,0,0,0,46.8,49.8,51.8,0.48,0.36,0.40
WALL,2019-11-08 05:35:00 EST,41.63409,-74.15370,354,23.9,28.1,20.0,,,0.000,0.000,0.00,0.000,2.8,4.3,0.7,254,19,3.1,5.4,0.9,252,20,3.1,5.4,0.9,252,20,0,29.69,-0.0,0,0,0,46.7,49.8,51.8,0.48,0.36,0.40
WALL,2019-11-08 05:40:00 EST,41.63409,-74.15370,354,23.7,27.5,23.7,,,0.000,0.000,0.00,0.000,1.1,2.6,0.9,233,5,1.3,2.8,0.8,224,16,1.3,2.8,0.8,224,16,0,29.69,0.2,0,0,0,46.6,49.8,51.8,0.48,0.36,0.40
WALL,2019-11-08 05:45:00 EST,41.63409,-74.15370,354,23.9,27.4,23.9,,,0.000,0.000,0.00,0.000,0.9,1.5,0.4,207,20,1.3,2.0,0.2,197,27,1.3,2.0,0.2,197,27,0,29.69,-0.0,0,0,0,46.6,49.8,51.7,0.48,0.36,0.40
WALL,2019-11-08 05:50:00 EST,41.63409,-74.15370,354,22.9,27.2,22.9,,,0.000,0.000,0.00,0.000,2.6,4.9,0.7,240,11,2.8,5.5,0.9,238,11,2.8,5.5,0.9,238,11,0,29.69,-0.0,0,0,0,46.6,49.8,51.8,0.48,0.36,0.40
WALL,2019-11-08 05:55:00 EST,41.63409,-74.15370,354,22.7,27.5,17.6,,,0.000,0.000,0.00,0.000,3.5,5.6,1.0,250,4,3.8,6.6,1.1,247,5,3.8,6.6,1.1,247,5,0,29.69,-0.1,0,0,0,46.6,49.8,51.8,0.48,0.36,0.40
WALL,2019-11-08 06:00:00 EST,41.63409,-74.15370,354,22.8,27.5,22.8,,,0.000,0.000,0.00,0.000,2.7,3.7,0.4,252,7,2.9,4.0,0.6,249,7,2.9,4.0,0.6,249,7,0,29.69,0.0,0,0,0,46.6,49.8,51.8,0.48,0.36,0.40
WALL,2019-11-08 06:05:00 EST,41.63409,-74.15370,354,23.3,27.3,23.3,,,0.000,0.000,0.00,0.000,2.3,2.8,0.3,253,8,2.5,3.5,0.4,249,8,2.5,3.5,0.4,249,8,0,29.69,-0.1,0,0,0,46.6,49.8,51.8,0.48,0.36,0.40
WALL,2019-11-08 06:10:00 EST,41.63409,-74.15370,354,23.3,26.9,23.3,,,0.000,0.000,0.00,0.000,2.1,3.2,0.3,273,7,2.5,3.7,0.4,271,8,2.5,3.7,0.4,271,8,0,29.70,-0.0,0,0,0,46.5,49.8,51.8,0.48,0.36,0.40
WALL,2019-11-08 06:15:00 EST,41.63409,-74.15370,354,22.9,26.7,22.9,,,0.000,0.000,0.00,0.000,2.3,3.9,0.7,269,7,2.7,4.8,0.8,266,9,2.7,4.8,0.8,266,9,0,29.70,0.0,0,0,0,46.4,49.8,51.8,0.48,0.36,0.40
WALL,2019-11-08 06:20:00 EST,41.63409,-74.15370,354,23.5,27.9,18.8,,,0.000,0.000,0.00,0.000,3.2,4.7,0.6,264,12,3.6,5.9,0.7,262,12,3.6,5.9,0.7,262,12,0,29.70,0.1,0,0,0,46.4,49.8,51.8,0.48,0.36,0.40
WALL,2019-11-08 06:25:00 EST,41.63409,-74.15370,354,24.0,27.5,24.0,,,0.000,0.000,0.00,0.000,2.1,3.8,0.7,286,16,2.4,4.4,0.8,285,17,2.4,4.4,0.8,285,17,0,29.71,0.0,0,0,0,46.4,49.8,51.8,0.48,0.36,0.40
WALL,2019-11-08 06:30:00 EST,41.63409,-74.15370,354,24.3,27.1,24.3,,,0.000,0.000,0.00,0.000,2.8,4.2,0.5,320,18,3.0,4.7,0.6,318,19,3.0,4.7,0.6,318,19,1,29.71,0.0,0,0,0,46.4,49.8,51.8,0.48,0.36,0.40
WALL,2019-11-08 06:35:00 EST,41.63409,-74.15370,354,24.4,27.7,24.4,,,0.000,0.000,0.00,0.000,2.8,6.1,1.0,318,20,3.0,6.7,1.2,315,18,3.0,6.7,1.2,315,18,3,29.71,0.3,0,0,0,46.4,49.7,51.8,0.48,0.36,0.40
WALL,2019-11-08 06:40:00 EST,41.63409,-74.15370,354,24.5,27.3,20.1,,,0.000,0.000,0.00,0.000,3.1,5.0,0.9,287,9,3.5,6.0,1.0,286,9,3.5,6.0,1.0,286,9,4,29.71,0.1,0,0,0,46.4,49.8,51.8,0.48,0.36,0.40
WALL,2019-11-08 06:45:00 EST,41.63409,-74.15370,354,24.8,26.9,24.8,,,0.000,0.000,0.00,0.000,1.5,2.6,0.4,349,24,1.8,3.2,0.6,343,24,1.8,3.2,0.6,343,24,7,29.72,0.0,0,0,0,46.3,49.8,51.7,0.48,0.36,0.40
WALL,2019-11-08 06:50:00 EST,41.63409,-74.15370,354,24.6,27.4,24.6,,,0.000,0.000,0.00,0.000,1.0,2.4,0.6,321,37,1.5,3.8,0.7,315,40,1.5,3.8,0.7,315,40,10,29.72,0.3,0,0,0,46.2,49.7,51.8,0.48,0.36,0.40
WALL,2019-11-08 06:55:00 EST,41.63409,-74.15370,354,26.0,27.6,26.0,,,0.000,0.000,0.00,0.000,1.2,2.3,0.4,284,22,1.5,2.3,0.4,275,26,1.5,2.3,0.4,275,26,12,29.72,0.1,0,0,0,46.0,49.7,51.8,0.48,0.36,0.40
WALL,2019-11-08 07:00:00 EST,41.63409,-74.15370,354,26.6,27.7,26.6,,,0.000,0.000,0.00,0.000,1.4,2.0,0.2,220,20,1.6,2.5,0.3,216,20,1.6,2.5,0.3,216,20,14,29.72,0.1,0,0,0,46.0,49.6,51.7,0.48,0.36,0.40
WALL,2019-11-08 07:05:00 EST,41.63409,-74.15370,354,26.2,27.6,26.2,,,0.000,0.000,0.00,0.000,1.4,2.0,0.3,211,14,1.6,2.2,0.3,208,14,1.6,2.2,0.3,208,14,13,29.72,0.3,0,0,0,46.0,49.7,51.7,0.48,0.36,0.40
WALL,2019-11-08 07:10:00 EST,41.63409,-74.15370,354,26.9,27.9,26.9,,,0.000,0.000,0.00,0.000,1.8,2.4,0.3,222,10,1.9,2.7,0.3,219,10,1.9,2.7,0.3,219,10,15,29.72,0.2,0,0,0,46.0,49.6,51.8,0.48,0.36,0.40
WALL,2019-11-08 07:15:00 EST,41.63409,-74.15370,354,27.1,28.0,27.1,,,0.000,0.000,0.00,0.000,1.9,2.6,0.3,209,10,2.1,2.8,0.3,208,11,2.1,2.8,0.3,208,11,19,29.72,0.2,0,0,0,46.0,49.6,51.7,0.48,0.36,0.40
WALL,2019-11-08 07:20:00 EST,41.63409,-74.15370,354,26.6,27.9,26.6,,,0.000,0.000,0.00,0.000,2.3,3.3,0.4,179,7,2.6,3.8,0.4,174,10,2.6,3.8,0.4,174,10,18,29.72,0.2,0,0,0,46.0,49.6,51.8,0.48,0.36,0.40
WALL,2019-11-08 07:25:00 EST,41.63409,-74.15370,354,26.2,27.6,26.2,,,0.000,0.000,0.00,0.000,2.6,3.4,0.3,193,13,2.8,4.1,0.4,191,14,2.8,4.1,0.4,191,14,22,29.72,0.2,0,0,0,46.0,49.6,51.7,0.48,0.36,0.40
WALL,2019-11-08 07:30:00 EST,41.63409,-74.15370,354,26.2,27.9,26.2,,,0.000,0.000,0.00,0.000,2.6,4.1,0.6,205,11,2.7,4.2,0.6,202,12,2.7,4.2,0.6,202,12,69,29.73,0.2,0,0,0,45.9,49.6,51.7,0.48,0.36,0.40
WALL,2019-11-08 07:35:00 EST,41.63409,-74.15370,354,26.9,28.2,26.9,,,0.000,0.000,0.00,0.000,2.2,3.2,0.4,205,6,2.4,3.5,0.4,204,8,2.4,3.5,0.4,204,8,118,29.73,0.2,0,0,0,45.9,49.6,51.6,0.48,0.36,0.40
WALL,2019-11-08 07:40:00 EST,41.63409,-74.15370,354,27.7,28.5,24.0,,,0.000,0.000,0.00,0.000,3.2,5.0,0.7,216,8,3.3,5.4,0.8,214,8,3.3,5.4,0.8,214,8,123,29.73,0.3,0,0,0,45.9,49.6,51.7,0.48,0.36,0.40
WALL,2019-11-08 07:45:00 EST,41.63409,-74.15370,354,28.2,28.7,24.7,,,0.000,0.000,0.00,0.000,3.0,4.5,0.6,222,8,3.2,5.0,0.7,219,7,3.2,5.0,0.7,219,7,48,29.73,0.2,0,0,0,45.9,49.6,51.7,0.48,0.36,0.40
WALL,2019-11-08 07:50:00 EST,41.63409,-74.15370,354,27.8,28.6,27.8,,,0.000,0.000,0.00,0.000,2.4,3.7,0.6,227,9,2.5,4.1,0.6,224,7,2.5,4.1,0.6,224,7,39,29.74,0.2,0,0,0,45.9,49.6,51.8,0.48,0.36,0.40
WALL,2019-11-08 07:55:00 EST,41.63409,-74.15370,354,27.7,28.6,27.7,,,0.000,0.000,0.00,0.000,1.8,3.2,0.5,231,9,2.1,3.9,0.5,227,8,2.1,3.9,0.5,227,8,162,29.74,0.2,0,0,0,45.9,49.6,51.7,0.48,0.36,0.40
WALL,2019-11-08 08:00:00 EST,41.63409,-74.15370,354,29.0,29.1,29.0,,,0.000,0.000,0.00,0.000,1.7,3.2,0.5,227,19,2.0,3.4,0.5,222,22,2.0,3.4,0.5,222,22,179,29.74,0.3,0,0,0,45.9,49.6,51.6,0.48,0.36,0.40
WALL,2019-11-08 08:05:00 EST,41.63409,-74.15370,354,30.0,29.8,24.7,,,0.000,0.000,0.00,0.000,4.4,6.2,0.9,248,13,4.9,7.5,1.0,245,13,4.9,7.5,1.0,245,13,185,29.74,0.2,0,0,0,45.9,49.6,51.5,0.48,0.36,0.40
WALL,2019-11-08 08:10:00 EST,41.63409,-74.15370,354,30.7,30.6,25.3,,,0.000,0.000,0.00,0.000,4.7,8.5,1.6,262,24,5.2,10.8,2.0,257,22,5.2,10.8,2.0,257,22,217,29.74,0.3,0,0,0,45.9,49.6,51.6,0.48,0.36,0.40
WALL,2019-11-08 08:15:00 EST,41.63409,-74.15370,354,31.2,31.1,26.3,,,0.000,0.000,0.00,0.000,4.3,7.2,1.3,280,15,4.9,9.0,1.5,276,14,4.9,9.0,1.5,276,14,186,29.74,0.2,0,0,0,45.9,49.6,51.5,0.48,0.36,0.40
WALL,2019-11-08 08:20:00 EST,41.63409,-74.15370,354,31.1,31.2,23.7,,,0.000,0.000,0.00,0.000,7.3,11.9,2.1,299,14,8.0,13.3,2.1,295,13,8.0,13.3,2.1,295,13,121,29.74,0.2,0,0,0,45.9,49.6,51.5,0.48,0.36,0.40
WALL,2019-11-08 08:25:00 EST,41.63409,-74.15370,354,31.0,31.3,23.8,,,0.000,0.000,0.00,0.000,7.1,10.8,1.9,303,13,7.7,11.5,1.9,299,13,7.7,11.5,1.9,299,13,111,29.74,0.2,0,0,0,45.9,49.6,51.5,0.48,0.36,0.40
WALL,2019-11-08 08:30:00 EST,41.63409,-74.15370,354,31.2,31.4,24.4,,,0.000,0.000,0.00,0.000,6.6,12.3,2.5,315,14,7.1,12.4,2.5,311,14,7.1,12.4,2.5,311,14,132,29.75,0.2,0,0,0,45.7,49.6,51.4,0.48,0.36,0.40
WALL,2019-11-08 08:35:00 EST,41.63409,-74.15370,354,31.4,31.5,25.6,,,0.000,0.000,0.00,0.000,5.5,10.7,1.8,312,17,5.9,11.6,1.9,309,16,5.9,11.6,1.9,309,16,183,29.75,0.2,0,0,0,45.7,49.6,51.6,0.48,0.36,0.40
WALL,2019-11-08 08:40:00 EST,41.63409,-74.15370,354,31.8,31.9,24.9,,,0.000,0.000,0.00,0.000,6.9,11.1,1.8,317,20,7.6,11.7,1.9,312,19,7.6,11.7,1.9,312,19,217,29.75,0.2,0,0,0,45.7,49.6,51.5,0.48,0.36,0.40
WALL,2019-11-08 08:45:00 EST,41.63409,-74.15370,354,31.9,32.0,24.9,,,0.000,0.000,0.00,0.000,7.0,11.7,1.9,319,19,7.8,12.8,2.1,315,19,7.8,12.8,2.1,315,19,133,29.75,0.2,0,0,0,45.7,49.6,51.4,0.48,0.36,0.40
WALL,2019-11-08 08:50:00 EST,41.63409,-74.15370,354,31.9,32.0,23.8,,,0.000,0.000,0.00,0.000,8.6,17.9,2.8,312,21,9.6,18.9,2.9,309,19,9.6,18.9,2.9,309,19,160,29.75,0.2,0,0,0,45.7,49.6,51.6,0.48,0.36,0.40
WALL,2019-11-08 08:55:00 EST,41.63409,-74.15370,354,31.7,32.0,21.3,,,0.000,0.000,0.00,0.000,14.3,21.3,2.6,308,12,14.9,24.3,2.8,303,11,14.9,24.3,2.8,303,11,236,29.75,0.2,0,0,0,45.7,49.6,51.6,0.48,0.36,0.40
WALL,2019-11-08 09:00:00 EST,41.63409,-74.15370,354,32.4,32.4,24.3,,,0.000,0.000,0.00,0.000,9.1,22.1,4.1,320,16,9.9,22.7,4.2,316,17,9.9,22.7,4.2,316,17,263,29.75,0.1,0,0,0,45.7,49.6,51.5,0.48,0.36,0.40
WALL,2019-11-08 09:05:00 EST,41.63409,-74.15370,354,32.1,32.2,22.4,,,0.000,0.000,0.00,0.000,12.2,19.9,2.9,327,21,13.4,21.7,3.2,323,17,13.4,21.7,3.2,323,17,244,29.75,0.1,0,0,0,45.7,49.6,51.4,0.48,0.36,0.40
WALL,2019-11-08 09:10:00 EST,41.63409,-74.15370,354,32.4,32.2,24.8,,,0.000,0.000,0.00,0.000,7.8,18.2,2.9,333,18,8.9,17.5,3.2,328,14,8.9,17.5,3.2,328,14,333,29.75,0.1,0,0,0,45.7,49.6,51.4,0.48,0.36,0.40
WALL,2019-11-08 09:15:00 EST,41.63409,-74.15370,354,32.6,32.4,24.4,,,0.000,0.000,0.00,0.000,9.3,16.6,2.9,327,15,10.1,17.2,3.1,324,14,10.1,17.2,3.1,324,14,297,29.75,0.1,0,0,0,45.7,49.6,51.4,0.48,0.36,0.40
WALL,2019-11-08 09:20:00 EST,41.63409,-74.15370,354,32.6,32.4,24.2,,,0.000,0.000,0.00,0.000,9.7,16.7,3.0,325,22,10.5,16.4,3.0,324,21,10.5,16.4,3.0,324,21,297,29.75,0.2,0,0,0,45.7,49.6,51.4,0.48,0.36,0.40
WALL,2019-11-08 09:25:00 EST,41.63409,-74.15370,354,,,,,,,,,,,,,,,,,,,,,,,,,,,,,,,,,,,,
WALL,2019-11-08 09:30:00 EST,41.63409,-74.15370,354,,,,,,,,,,,,,,,,,,,,,,,,,,,,,,,,,,,,
WALL,2019-11-08 09:35:00 EST,41.63409,-74.15370,354,,,,,,,,,,,,,,,,,,,,,,,,,,,,,,,,,,,,
WALL,2019-11-08 09:40:00 EST,41.63409,-74.15370,354,32.6,32.1,22.0,,,,0.000,0.00,0.000,15.1,21.4,2.8,307,14,16.0,23.7,3.1,304,14,16.0,23.7,3.1,304,14,434,29.76,0.1,0,0,0,45.6,49.6,51.4,0.48,0.36,0.40
WALL,2019-11-08 09:45:00 EST,41.63409,-74.15370,354,33.0,32.4,22.5,,,0.000,0.000,0.00,0.000,15.5,25.3,4.1,300,12,16.3,27.9,4.3,295,11,16.3,27.9,4.3,295,11,441,29.76,0.1,0,0,0,45.5,49.6,51.4,0.48,0.36,0.40
WALL,2019-11-08 09:50:00 EST,41.63409,-74.15370,354,33.2,32.4,22.8,,,0.000,0.000,0.00,0.000,15.0,22.9,3.2,299,12,15.9,23.4,3.4,294,11,15.9,23.4,3.4,294,11,451,29.76,0.1,0,0,0,45.5,49.6,51.4,0.48,0.36,0.40
WALL,2019-11-08 09:55:00 EST,41.63409,-74.15370,354,33.3,32.6,24.2,,,0.000,0.000,0.00,0.000,11.8,18.6,3.0,310,15,12.5,20.5,3.0,306,15,12.5,20.5,3.0,306,15,350,29.76,0.1,0,0,0,45.5,49.6,51.4,0.48,0.36,0.40
WALL,2019-11-08 10:00:00 EST,41.63409,-74.15370,354,33.3,32.5,24.3,49.4,16.4,0.000,0.000,0.00,0.000,11.6,20.3,3.2,307,13,12.4,21.1,3.4,301,12,12.4,21.1,3.4,301,12,403,29.77,0.1,0,0,0,45.5,49.6,51.4,0.48,0.36,0.40
WALL,2019-11-08 10:05:00 EST,41.63409,-74.15370,354,33.1,32.6,26.0,49.2,16.1,0.000,0.000,0.00,0.000,7.7,14.4,3.5,319,20,8.4,15.8,3.5,318,19,8.4,15.8,3.5,318,19,338,29.77,0.2,0,0,0,45.5,49.6,51.4,0.48,0.36,0.40
WALL,2019-11-08 10:10:00 EST,41.63409,-74.15370,354,32.8,32.4,24.7,48.8,15.7,0.000,0.000,0.00,0.000,9.6,17.7,3.4,320,14,10.2,19.3,3.6,316,13,10.2,19.3,3.6,316,13,190,29.77,0.1,0,0,0,45.5,49.6,51.4,0.48,0.36,0.40
WALL,2019-11-08 10:15:00 EST,41.63409,-74.15370,354,32.7,32.4,25.1,49.7,15.9,0.000,0.000,0.00,0.000,8.0,19.5,4.0,316,28,9.0,19.7,4.0,311,24,9.0,19.7,4.0,311,24,234,29.77,0.1,0,0,0,45.5,49.6,51.4,0.48,0.36,0.40
WALL,2019-11-08 10:20:00 EST,41.63409,-74.15370,354,33.1,32.5,22.7,47.7,15.4,0.000,0.000,0.00,0.000,15.2,28.3,4.3,308,16,15.9,28.0,4.1,304,16,15.9,28.0,4.1,304,16,382,29.77,0.2,0,0,0,45.5,49.6,51.4,0.48,0.36,0.40
WALL,2019-11-08 10:25:00 EST,41.63409,-74.15370,354,34.2,33.3,25.7,48.1,16.6,0.000,0.000,0.00,,10.7,19.4,3.9,321,31,11.8,21.1,4.1,317,26,11.8,21.1,4.1,317,26,430,29.78,0.2,0,0,0,45.5,49.6,51.4,0.48,0.36,0.40
WALL,2019-11-08 10:30:00 EST,41.63409,-74.15370,354,34.3,33.4,26.1,45.3,15.4,0.000,0.000,0.00,,10.0,21.0,4.3,318,21,11.2,22.4,4.3,313,20,11.2,22.4,4.3,313,20,409,29.78,0.1,0,0,0,45.5,49.6,51.4,0.48,0.36,0.40
WALL,2019-11-08 10:35:00 EST,41.63409,-74.15370,354,34.3,33.3,26.1,43.8,14.5,0.000,0.000,0.00,,10.1,20.3,3.1,325,20,11.1,19.7,3.2,319,19,11.1,19.7,3.2,319,19,496,29.78,0.3,0,0,0,45.5,49.5,51.4,0.48,0.36,0.40
WALL,2019-11-08 10:40:00 EST,41.63409,-74.15370,354,34.4,33.3,26.3,42.3,13.8,0.000,0.000,0.00,0.000,9.6,20.0,4.5,326,20,10.9,21.8,4.3,324,19,10.9,21.8,4.3,324,19,493,29.78,0.1,0,0,0,45.5,49.5,51.4,0.48,0.36,0.40
WALL,2019-11-08 10:45:00 EST,41.63409,-74.15370,354,34.7,33.6,27.4,42.3,14.1,0.000,0.000,0.00,0.000,8.3,17.2,3.0,333,22,9.2,19.3,3.1,329,18,9.2,19.3,3.1,329,18,494,29.78,0.1,0,0,0,45.5,49.5,51.4,0.48,0.36,0.40
WALL,2019-11-08 10:50:00 EST,41.63409,-74.15370,354,34.5,33.3,26.0,40.9,13.2,0.000,0.000,0.00,0.000,11.2,19.5,2.9,320,18,12.0,24.2,3.0,316,18,12.0,24.2,3.0,316,18,493,29.78,0.1,0,0,0,45.5,49.5,51.4,0.48,0.36,0.40
WALL,2019-11-08 10:55:00 EST,41.63409,-74.15370,354,34.3,33.2,24.7,40.5,12.7,0.000,0.000,0.00,0.000,13.2,21.5,3.4,318,18,14.4,20.3,3.3,314,20,14.4,20.3,3.3,314,20,505,29.78,0.0,0,0,0,45.5,49.5,51.4,0.48,0.36,0.40
WALL,2019-11-08 11:00:00 EST,41.63409,-74.15370,354,34.0,32.8,24.0,40.1,12.2,0.000,0.000,0.00,0.000,14.9,25.7,3.9,317,13,15.3,25.3,4.1,312,13,15.3,25.3,4.1,312,13,503,29.78,0.2,0,0,0,45.5,49.5,51.4,0.48,0.36,0.40
WALL,2019-11-08 11:05:00 EST,41.63409,-74.15370,354,35.0,33.4,28.0,42.3,14.3,0.000,0.000,0.00,0.000,8.0,15.6,2.6,321,20,8.9,15.9,2.7,316,18,8.9,15.9,2.7,316,18,495,29.78,0.2,0,0,0,45.5,49.5,51.4,0.48,0.36,0.40
WALL,2019-11-08 11:10:00 EST,41.63409,-74.15370,354,34.5,33.3,25.4,41.4,13.4,0.000,0.000,0.00,0.000,11.7,22.6,3.6,341,18,13.3,22.9,4.0,337,17,13.3,22.9,4.0,337,17,416,29.78,0.1,0,0,0,45.5,49.5,51.4,0.48,0.36,0.40
WALL,2019-11-08 11:15:00 EST,41.63409,-74.15370,354,33.7,33.0,25.5,41.2,12.6,0.000,0.000,0.00,0.000,9.5,18.8,3.1,352,20,10.7,21.3,3.5,348,15,10.7,21.3,3.5,348,15,316,29.78,0.1,0,0,0,45.5,49.5,51.4,0.48,0.36,0.40
WALL,2019-11-08 11:20:00 EST,41.63409,-74.15370,354,33.5,32.9,24.4,41.1,12.3,0.000,0.000,0.00,0.000,11.2,18.0,3.2,340,26,12.4,21.2,3.6,337,18,12.4,21.2,3.6,337,18,240,29.78,0.0,0,0,0,45.5,49.5,51.4,0.48,0.36,0.40
WALL,2019-11-08 11:25:00 EST,41.63409,-74.15370,354,33.6,32.9,25.6,42.2,13.0,0.000,0.000,0.00,0.000,9.2,14.4,2.2,327,18,10.1,16.0,2.3,324,16,10.1,16.0,2.3,324,16,449,29.78,0.2,0,0,0,45.5,49.5,51.4,0.48,0.36,0.40
WALL,2019-11-08 11:30:00 EST,41.63409,-74.15370,354,34.5,33.5,25.5,39.7,12.4,0.000,0.000,0.00,0.000,11.6,19.0,3.6,341,20,13.0,21.6,3.9,340,16,13.0,21.6,3.9,340,16,379,29.78,-0.0,0,0,0,45.5,49.5,51.4,0.48,0.36,0.40
WALL,2019-11-08 11:35:00 EST,41.63409,-74.15370,354,33.4,32.7,24.4,39.7,11.5,0.000,0.000,0.00,0.000,10.9,18.2,2.8,355,19,12.3,20.3,3.2,350,16,12.3,20.3,3.2,350,16,396,29.78,0.4,0,0,0,45.5,49.5,51.4,0.48,0.36,0.40
WALL,2019-11-08 11:40:00 EST,41.63409,-74.15370,354,34.5,33.4,26.4,40.6,12.9,0.000,0.000,0.00,0.000,9.8,17.1,3.5,339,25,10.8,19.8,3.8,334,21,10.8,19.8,3.8,334,21,480,29.78,0.0,0,0,0,45.6,49.5,51.4,0.48,0.36,0.40
WALL,2019-11-08 11:45:00 EST,41.63409,-74.15370,354,34.4,33.4,26.5,40.2,12.6,0.000,0.000,0.00,0.000,9.0,15.8,3.1,335,22,10.3,19.9,3.3,332,21,10.3,19.9,3.3,332,21,365,29.78,-0.0,0,0,0,45.6,49.5,51.4,0.48,0.36,0.40
WALL,2019-11-08 11:50:00 EST,41.63409,-74.15370,354,34.4,33.5,25.5,38.4,11.7,0.000,0.000,0.00,0.000,11.5,20.8,3.7,341,25,12.8,23.2,4.0,338,19,12.8,23.2,4.0,338,19,398,29.77,-0.0,0,0,0,45.7,49.5,51.4,0.48,0.36,0.40
WALL,2019-11-08 11:55:00 EST,41.63409,-74.15370,354,33.6,33.0,24.7,39.5,11.6,0.000,0.000,0.00,0.000,11.2,21.3,3.6,342,23,12.3,22.6,4.0,338,22,12.3,22.6,4.0,338,22,327,29.78,0.1,0,0,0,45.7,49.5,51.4,0.48,0.36,0.40
WALL,2019-11-08 12:00:00 EST,41.63409,-74.15370,354,34.7,33.5,26.3,38.1,11.7,0.000,0.000,0.00,0.000,10.9,22.1,2.8,320,19,11.8,20.8,2.8,316,17,11.8,20.8,2.8,316,17,473,29.77,0.2,0,0,0,45.7,49.5,51.4,0.48,0.36,0.40
WALL,2019-11-08 12:05:00 EST,41.63409,-74.15370,354,35.4,34.0,26.0,37.6,12.1,0.000,0.000,0.00,0.000,14.2,21.2,3.6,308,15,14.9,23.0,3.7,304,14,14.9,23.0,3.7,304,14,540,29.77,0.2,0,0,0,45.7,49.5,51.4,0.48,0.36,0.40
WALL,2019-11-08 12:10:00 EST,41.63409,-74.15370,354,35.1,33.7,25.4,36.6,11.2,0.000,0.000,0.00,0.000,15.1,22.7,3.3,303,11,15.6,25.0,3.5,299,10,15.6,25.0,3.5,299,10,531,29.77,0.2,0,0,0,45.7,49.5,51.4,0.48,0.36,0.40
WALL,2019-11-08 12:15:00 EST,41.63409,-74.15370,354,35.5,33.9,26.0,37.7,12.2,0.000,0.000,0.00,0.000,14.5,21.0,2.6,308,10,15.2,22.1,2.8,302,10,15.2,22.1,2.8,302,10,555,29.77,0.1,0,0,0,45.7,49.5,51.4,0.48,0.36,0.40
WALL,2019-11-08 12:20:00 EST,41.63409,-74.15370,354,35.6,34.2,27.7,36.3,11.5,0.000,0.000,0.00,0.000,10.0,18.3,3.0,334,18,11.1,21.4,3.3,330,15,11.1,21.4,3.3,330,15,539,29.77,0.2,0,0,0,45.7,49.5,51.4,0.48,0.36,0.40
WALL,2019-11-08 12:25:00 EST,41.63409,-74.15370,354,36.1,34.6,29.3,35.4,11.3,0.000,0.000,0.00,0.000,8.2,15.3,2.8,6,30,9.0,15.6,3.1,0,26,9.0,15.6,3.1,0,26,524,29.76,0.3,0,0,0,45.7,49.5,51.4,0.48,0.36,0.40
WALL,2019-11-08 12:30:00 EST,41.63409,-74.15370,354,36.1,34.8,29.0,35.6,11.5,0.000,0.000,0.00,0.000,8.5,17.5,3.5,336,28,9.7,18.9,3.8,333,27,9.7,18.9,3.8,333,27,428,29.76,0.1,0,0,0,45.7,49.5,51.4,0.48,0.36,0.40
WALL,2019-11-08 12:35:00 EST,41.63409,-74.15370,354,35.5,34.2,26.5,32.6,8.9,0.000,0.000,0.00,0.000,12.5,21.7,3.4,323,20,13.7,22.1,3.7,319,17,13.7,22.1,3.7,319,17,427,29.76,-0.0,0,0,0,45.7,49.5,51.4,0.48,0.36,0.40
WALL,2019-11-08 12:40:00 EST,41.63409,-74.15370,354,35.0,34.0,26.8,32.7,8.6,0.000,0.000,0.00,0.000,10.6,17.3,3.0,330,23,11.5,18.6,3.1,325,21,11.5,18.6,3.1,325,21,447,29.76,0.2,0,0,0,45.7,49.5,51.4,0.48,0.36,0.40
WALL,2019-11-08 12:45:00 EST,41.63409,-74.15370,354,35.5,34.5,27.8,32.1,8.6,0.000,0.000,0.00,0.000,9.0,18.9,3.7,341,22,10.6,21.7,4.2,338,21,10.6,21.7,4.2,338,21,424,29.76,0.1,0,0,0,45.8,49.5,51.4,0.48,0.36,0.40
WALL,2019-11-08 12:50:00 EST,41.63409,-74.15370,354,36.3,35.1,29.2,32.7,9.7,0.000,0.000,0.00,0.000,8.6,16.7,3.4,337,26,9.7,20.1,3.7,333,26,9.7,20.1,3.7,333,26,454,29.76,0.1,0,0,0,45.9,49.5,51.4,0.48,0.36,0.40
WALL,2019-11-08 12:55:00 EST,41.63409,-74.15370,354,35.9,34.8,28.3,32.7,9.3,0.000,0.000,0.00,0.000,9.8,18.1,2.8,328,23,10.6,18.7,2.9,325,20,10.6,18.7,2.9,325,20,477,29.76,0.1,0,0,0,45.9,49.5,51.4,0.48,0.36,0.40
WALL,2019-11-08 13:00:00 EST,41.63409,-74.15370,354,35.4,34.2,26.7,31.8,8.3,0.000,0.000,0.00,0.000,11.7,23.4,3.6,336,20,12.8,26.9,4.2,333,19,12.8,26.9,4.2,333,19,471,29.76,0.1,0,0,0,45.9,49.5,51.4,0.48,0.36,0.40
WALL,2019-11-08 13:05:00 EST,41.63409,-74.15370,354,35.4,34.1,26.5,32.3,8.7,0.000,0.000,0.00,0.000,12.7,21.1,3.4,318,18,13.6,22.5,3.6,315,18,13.6,22.5,3.6,315,18,472,29.76,0.3,0,0,0,45.9,49.5,51.4,0.48,0.36,0.40
WALL,2019-11-08 13:10:00 EST,41.63409,-74.15370,354,35.6,34.3,26.7,32.7,9.0,0.000,0.000,0.00,0.000,12.6,23.2,4.7,318,19,13.5,23.6,4.5,315,17,13.5,23.6,4.5,315,17,459,29.76,0.1,0,0,0,45.9,49.4,51.4,0.48,0.36,0.40
WALL,2019-11-08 13:15:00 EST,41.63409,-74.15370,354,35.0,33.9,26.8,33.1,8.9,0.000,0.000,0.00,0.000,10.7,17.2,2.6,329,18,11.5,18.0,2.8,325,17,11.5,18.0,2.8,325,17,452,29.77,0.2,0,0,0,45.9,49.4,51.4,0.48,0.36,0.40
WALL,2019-11-08 13:20:00 EST,41.63409,-74.15370,354,35.9,34.4,27.6,34.0,10.2,0.000,0.000,0.00,0.000,10.9,17.4,3.0,319,20,12.1,18.0,2.7,316,18,12.1,18.0,2.7,316,18,451,29.77,0.1,0,0,0,45.9,49.4,51.4,0.48,0.36,0.40
WALL,2019-11-08 13:25:00 EST,41.63409,-74.15370,354,35.5,34.2,28.2,33.5,9.6,0.000,0.000,0.00,0.000,8.7,14.0,2.9,353,19,9.8,15.5,3.2,347,15,9.8,15.5,3.2,347,15,443,29.77,0.2,0,0,0,45.9,49.3,51.4,0.48,0.36,0.40
WALL,2019-11-08 13:30:00 EST,41.63409,-74.15370,354,35.8,34.2,26.5,34.7,10.6,0.000,0.000,0.00,0.000,14.2,20.9,3.4,306,14,15.1,22.8,3.6,301,13,15.1,22.8,3.6,301,13,445,29.77,0.2,0,0,0,45.9,49.3,51.4,0.48,0.36,0.40
WALL,2019-11-08 13:35:00 EST,41.63409,-74.15370,354,35.8,34.3,26.7,35.3,10.9,0.000,0.000,0.00,0.000,13.7,20.5,3.4,312,13,14.1,22.6,3.6,308,12,14.1,22.6,3.6,308,12,466,29.77,0.3,0,0,0,46.0,49.3,51.4,0.48,0.36,0.40
WALL,2019-11-08 13:40:00 EST,41.63409,-74.15370,354,36.3,34.9,28.1,35.1,11.3,0.000,0.000,0.00,0.000,11.3,18.9,3.4,312,21,12.3,21.4,3.4,307,20,12.3,21.4,3.4,307,20,436,29.77,0.2,0,0,0,46.0,49.3,51.4,0.48,0.36,0.40
WALL,2019-11-08 13:45:00 EST,41.63409,-74.15370,354,36.5,35.2,29.9,34.9,11.3,0.000,0.000,0.00,0.000,7.7,14.2,2.9,323,22,8.7,16.2,3.1,320,22,8.7,16.2,3.1,320,22,426,29.77,0.1,0,0,0,46.0,49.3,51.4,0.48,0.36,0.40
WALL,2019-11-08 13:50:00 EST,41.63409,-74.15370,354,35.9,34.7,27.7,33.7,10.0,0.000,0.000,0.00,0.000,10.6,22.4,4.3,345,20,11.9,26.0,4.7,342,14,11.9,26.0,4.7,342,14,434,29.77,0.0,0,0,0,46.0,49.3,51.4,0.48,0.36,0.40
WALL,2019-11-08 13:55:00 EST,41.63409,-74.15370,354,35.9,34.7,28.2,33.4,9.8,0.000,0.000,0.00,0.000,9.6,16.4,3.0,329,22,10.7,19.1,2.9,326,20,10.7,19.1,2.9,326,20,436,29.77,0.1,0,0,0,46.0,49.3,51.4,0.48,0.36,0.40
WALL,2019-11-08 14:00:00 EST,41.63409,-74.15370,354,35.6,34.5,27.2,33.5,9.6,0.000,0.000,0.00,0.000,10.7,18.1,3.3,353,20,12.4,22.2,3.9,350,16,12.4,22.2,3.9,350,16,409,29.77,0.2,0,0,0,46.0,49.3,51.4,0.48,0.36,0.40
WALL,2019-11-08 14:05:00 EST,41.63409,-74.15370,354,35.9,34.6,28.2,34.3,10.4,0.000,0.000,0.00,0.000,9.4,15.4,3.1,348,32,10.8,20.2,3.6,343,19,10.8,20.2,3.6,343,19,425,29.77,-0.1,0,0,0,46.0,49.3,51.4,0.48,0.36,0.40
WALL,2019-11-08 14:10:00 EST,41.63409,-74.15370,354,35.8,34.7,27.9,34.5,10.5,0.000,0.000,0.00,0.000,9.9,19.9,3.6,356,27,11.3,23.5,4.2,350,16,11.3,23.5,4.2,350,16,418,29.77,0.1,0,0,0,46.0,49.3,51.4,0.48,0.36,0.40
WALL,2019-11-08 14:15:00 EST,41.63409,-74.15370,354,35.5,34.4,27.1,34.3,10.0,0.000,0.000,0.00,0.000,10.8,20.5,3.3,346,20,12.0,22.2,3.6,343,15,12.0,22.2,3.6,343,15,395,29.78,0.1,0,0,0,46.0,49.3,51.4,0.48,0.36,0.40
WALL,2019-11-08 14:20:00 EST,41.63409,-74.15370,354,36.0,34.8,29.0,34.9,10.9,0.000,0.000,0.00,0.000,8.3,13.6,2.3,320,16,9.3,14.4,2.3,317,12,9.3,14.4,2.3,317,12,338,29.78,0.0,0,0,0,46.0,49.3,51.4,0.48,0.36,0.40
WALL,2019-11-08 14:25:00 EST,41.63409,-74.15370,354,34.3,33.8,26.2,35.7,9.9,0.000,0.000,0.00,0.000,9.8,18.3,3.9,352,25,10.8,20.4,4.3,347,20,10.8,20.4,4.3,347,20,119,29.78,0.1,0,0,0,46.0,49.3,51.4,0.48,0.36,0.40
WALL,2019-11-08 14:30:00 EST,41.63409,-74.15370,354,33.9,33.5,25.9,37.6,10.7,0.000,0.000,0.00,0.000,9.7,19.7,3.0,320,18,10.4,22.5,3.1,316,18,10.4,22.5,3.1,316,18,179,29.78,0.1,0,0,0,46.0,49.3,51.4,0.48,0.36,0.40
WALL,2019-11-08 14:35:00 EST,41.63409,-74.15370,354,33.7,33.3,26.8,36.5,9.8,0.000,0.000,0.00,0.000,7.2,12.6,2.5,336,21,8.1,16.5,2.9,332,19,8.1,16.5,2.9,332,19,101,29.78,0.1,0,0,0,46.0,49.3,51.4,0.48,0.36,0.40
WALL,2019-11-08 14:40:00 EST,41.63409,-74.15370,354,33.3,33.0,24.3,38.5,10.7,0.000,0.000,0.00,0.000,11.3,17.0,2.6,319,18,12.2,18.2,2.7,317,16,12.2,18.2,2.7,317,16,145,29.78,0.1,0,0,0,46.1,49.3,51.4,0.48,0.36,0.40
WALL,2019-11-08 14:45:00 EST,41.63409,-74.15370,354,34.0,33.4,25.6,39.5,12.0,0.000,0.000,0.00,0.000,10.9,17.5,2.9,316,14,11.4,18.4,3.1,311,13,11.4,18.4,3.1,311,13,245,29.78,0.2,0,0,0,46.3,49.3,51.4,0.48,0.36,0.40
WALL,2019-11-08 14:50:00 EST,41.63409,-74.15370,354,35.0,34.3,29.2,39.5,12.8,0.000,0.000,0.00,0.000,6.2,12.2,2.7,327,22,6.9,13.2,2.7,323,19,6.9,13.2,2.7,323,19,215,29.78,0.1,0,0,0,46.2,49.3,51.4,0.48,0.36,0.40
WALL,2019-11-08 14:55:00 EST,41.63409,-74.15370,354,33.7,33.4,25.9,40.2,12.0,0.000,0.000,0.00,0.000,9.1,14.3,2.7,313,17,9.8,15.2,2.9,311,16,9.8,15.2,2.9,311,16,63,29.79,-0.0,0,0,0,46.4,49.3,51.4,0.48,0.36,0.40
WALL,2019-11-08 15:00:00 EST,41.63409,-74.15370,354,32.6,32.6,24.5,42.3,12.2,0.000,0.000,0.00,0.000,9.4,15.9,3.4,307,13,10.0,16.1,3.5,303,11,10.0,16.1,3.5,303,11,55,29.79,0.1,0,0,0,46.4,49.3,51.4,0.48,0.36,0.40
WALL,2019-11-08 15:05:00 EST,41.63409,-74.15370,354,32.4,32.5,25.2,43.9,12.8,0.000,0.000,0.00,0.000,7.4,11.5,1.6,311,12,8.1,12.0,1.5,307,12,8.1,12.0,1.5,307,12,61,29.79,0.1,0,0,0,46.3,49.3,51.4,0.48,0.36,0.40
WALL,2019-11-08 15:10:00 EST,41.63409,-74.15370,354,32.7,32.6,23.4,43.7,13.0,0.000,0.000,0.00,0.000,11.6,24.1,4.6,325,23,12.5,27.3,4.9,320,24,12.5,27.3,4.9,320,24,107,29.79,0.1,0,0,0,46.4,49.3,51.4,0.48,0.36,0.40
WALL,2019-11-08 15:15:00 EST,41.63409,-74.15370,354,32.7,32.5,23.1,39.5,10.8,0.000,0.000,0.00,0.000,12.8,22.4,3.4,315,15,13.5,22.1,3.5,312,13,13.5,22.1,3.5,312,13,168,29.79,0.2,0,0,0,46.3,49.3,51.4,0.48,0.36,0.40
WALL,2019-11-08 15:20:00 EST,41.63409,-74.15370,354,33.6,33.0,25.2,39.0,11.2,0.000,0.000,0.00,0.000,10.1,17.4,2.7,318,17,11.0,18.1,2.8,313,18,11.0,18.1,2.8,313,18,191,29.79,0.1,0,0,0,46.3,49.3,51.4,0.48,0.36,0.40
WALL,2019-11-08 15:25:00 EST,41.63409,-74.15370,354,33.6,33.1,24.5,38.6,11.0,0.000,0.000,0.00,0.000,11.6,19.8,2.5,314,15,12.6,21.3,2.8,311,14,12.6,21.3,2.8,311,14,180,29.80,0.0,0,0,0,46.3,49.3,51.4,0.48,0.36,0.40
WALL,2019-11-08 15:30:00 EST,41.63409,-74.15370,354,33.4,32.9,24.1,38.4,10.7,0.000,0.000,0.00,0.000,12.5,17.9,2.2,310,13,13.1,17.3,2.0,306,12,13.1,17.3,2.0,306,12,167,29.80,0.1,0,0,0,46.3,49.3,51.4,0.48,0.36,0.40
WALL,2019-11-08 15:35:00 EST,41.63409,-74.15370,354,33.5,33.0,25.1,38.9,11.1,0.000,0.000,0.00,0.000,10.1,16.9,3.2,308,12,10.9,19.2,3.1,303,11,10.9,19.2,3.1,303,11,155,29.80,0.1,0,0,0,46.1,49.3,51.4,0.48,0.36,0.40
WALL,2019-11-08 15:40:00 EST,41.63409,-74.15370,354,33.4,33.0,25.3,38.2,10.7,0.000,0.000,0.00,0.000,9.5,15.6,2.5,314,17,10.4,17.0,2.7,309,16,10.4,17.0,2.7,309,16,146,29.80,0.0,0,0,0,46.1,49.3,51.4,0.48,0.36,0.40
WALL,2019-11-08 15:45:00 EST,41.63409,-74.15370,354,33.3,33.0,25.5,37.5,10.1,0.000,0.000,0.00,0.000,9.1,15.5,2.6,316,15,9.8,17.0,2.5,313,14,9.8,17.0,2.5,313,14,133,29.80,0.1,0,0,0,46.1,49.3,51.4,0.48,0.36,0.40
WALL,2019-11-08 15:50:00 EST,41.63409,-74.15370,354,33.1,32.9,24.6,38.1,10.3,0.000,0.000,0.00,0.000,10.3,16.6,2.5,309,11,10.9,16.8,2.4,304,12,10.9,16.8,2.4,304,12,120,29.80,0.1,0,0,0,46.0,49.3,51.4,0.48,0.36,0.40
WALL,2019-11-08 15:55:00 EST,41.63409,-74.15370,354,32.8,32.7,23.4,37.9,9.9,0.000,0.000,0.00,0.000,12.3,21.8,3.3,313,13,12.9,24.0,3.4,309,12,12.9,24.0,3.4,309,12,97,29.81,0.1,0,0,0,46.0,49.3,51.4,0.48,0.36,0.40
WALL,2019-11-08 16:00:00 EST,41.63409,-74.15370,354,32.6,32.6,23.4,37.7,9.7,0.000,0.000,0.00,0.000,11.9,18.9,2.8,313,12,12.6,20.4,2.7,308,13,12.6,20.4,2.7,308,13,87,29.81,0.0,0,0,0,46.0,49.3,51.4,0.48,0.36,0.40
WALL,2019-11-08 16:05:00 EST,41.63409,-74.15370,354,32.2,32.3,25.1,39.0,10.0,0.000,0.000,0.00,0.000,7.5,13.6,3.0,314,16,8.0,13.9,3.0,310,14,8.0,13.9,3.0,310,14,56,29.81,0.1,0,0,0,46.0,49.3,51.4,0.48,0.36,0.40
WALL,2019-11-08 16:10:00 EST,41.63409,-74.15370,354,32.1,32.2,24.9,39.7,10.3,0.000,0.000,0.00,0.000,7.4,12.2,1.9,312,14,8.1,13.9,2.0,308,13,8.1,13.9,2.0,308,13,43,29.81,0.0,0,0,0,46.0,49.3,51.4,0.48,0.36,0.40
WALL,2019-11-08 16:15:00 EST,41.63409,-74.15370,354,31.8,32.0,22.0,39.7,10.0,0.000,0.000,0.00,0.000,12.3,16.4,2.6,310,15,13.1,17.8,2.5,305,15,13.1,17.8,2.5,305,15,42,29.81,0.1,0,0,0,46.0,49.3,51.4,0.48,0.36,0.40
WALL,2019-11-08 16:20:00 EST,41.63409,-74.15370,354,31.9,32.1,23.0,38.7,9.5,0.000,0.000,0.00,0.000,10.6,16.3,2.4,322,12,11.1,19.0,2.7,319,12,11.1,19.0,2.7,319,12,35,29.82,0.0,0,0,0,46.0,49.3,51.4,0.48,0.36,0.40
WALL,2019-11-08 16:25:00 EST,41.63409,-74.15370,354,31.6,31.8,22.8,38.4,9.1,0.000,0.000,0.00,0.000,10.2,15.6,3.2,316,17,10.8,17.1,3.3,312,16,10.8,17.1,3.3,312,16,21,29.82,-0.0,0,0,0,46.0,49.3,51.3,0.48,0.36,0.40
WALL,2019-11-08 16:30:00 EST,41.63409,-74.15370,354,30.8,31.3,22.4,41.0,9.9,0.000,0.000,0.00,0.000,9.1,15.3,2.5,311,13,9.8,16.9,2.4,308,12,9.8,16.9,2.4,308,12,15,29.82,0.1,0,0,0,46.0,49.3,51.4,0.48,0.36,0.40
WALL,2019-11-08 16:35:00 EST,41.63409,-74.15370,354,30.7,31.1,22.4,41.0,9.7,0.000,0.000,0.00,0.000,8.7,15.1,3.3,318,14,9.4,16.2,3.3,314,13,9.4,16.2,3.3,314,13,11,29.82,0.1,0,0,0,46.0,49.3,51.4,0.48,0.36,0.40
WALL,2019-11-08 16:40:00 EST,41.63409,-74.15370,354,30.5,31.0,22.1,41.4,9.8,0.000,0.000,0.00,0.000,9.0,20.2,3.4,322,15,9.6,22.6,3.5,319,13,9.6,22.6,3.5,319,13,8,29.82,0.1,0,0,0,46.0,49.3,51.3,0.48,0.36,0.40
WALL,2019-11-08 16:45:00 EST,41.63409,-74.15370,354,30.5,30.9,21.6,41.4,9.8,0.000,0.000,0.00,0.000,10.0,15.7,2.3,322,14,10.6,16.5,2.5,318,14,10.6,16.5,2.5,318,14,6,29.82,0.0,0,0,0,46.0,49.3,51.3,0.48,0.36,0.40
WALL,2019-11-08 16:50:00 EST,41.63409,-74.15370,354,30.2,30.6,21.2,42.6,10.1,0.000,0.000,0.00,0.000,9.6,18.3,3.1,317,16,10.4,19.3,3.2,313,16,10.4,19.3,3.2,313,16,3,29.83,0.1,0,0,0,46.0,49.3,51.3,0.48,0.36,0.40
WALL,2019-11-08 16:55:00 EST,41.63409,-74.15370,354,30.1,30.5,20.2,43.4,10.5,0.000,0.000,0.00,0.000,11.3,24.0,4.2,318,18,12.2,24.2,4.0,313,16,12.2,24.2,4.0,313,16,2,29.83,0.1,0,0,0,46.0,49.3,51.3,0.48,0.36,0.40
WALL,2019-11-08 17:00:00 EST,41.63409,-74.15370,354,30.4,30.6,20.8,42.4,10.2,0.000,0.000,0.00,0.000,11.0,20.6,3.7,320,18,11.8,22.0,3.7,317,12,11.8,22.0,3.7,317,12,1,29.83,0.0,0,0,0,46.0,49.2,51.3,0.48,0.36,0.40
WALL,2019-11-08 17:05:00 EST,41.63409,-74.15370,354,30.1,30.5,20.3,43.2,10.4,0.000,0.000,0.00,0.000,11.6,18.3,3.2,320,15,12.2,20.0,3.2,315,14,12.2,20.0,3.2,315,14,0,29.83,0.1,0,0,0,46.0,49.3,51.3,0.48,0.36,0.40
WALL,2019-11-08 17:10:00 EST,41.63409,-74.15370,354,30.0,30.3,21.4,43.1,10.2,0.000,0.000,0.00,0.000,9.1,15.9,2.9,313,14,9.7,16.4,2.8,309,15,9.7,16.4,2.8,309,15,0,29.83,-0.0,0,0,0,45.9,49.3,51.3,0.48,0.36,0.40
WALL,2019-11-08 17:15:00 EST,41.63409,-74.15370,354,29.8,30.3,20.1,43.9,10.4,0.000,0.000,0.00,0.000,10.9,16.7,3.2,318,15,11.9,19.0,3.1,315,14,11.9,19.0,3.1,315,14,0,29.84,0.1,0,0,0,45.9,49.3,51.3,0.48,0.36,0.40
WALL,2019-11-08 17:20:00 EST,41.63409,-74.15370,354,29.7,30.2,21.4,43.5,10.2,0.000,0.000,0.00,0.000,8.3,15.2,2.7,312,15,9.1,16.6,2.7,309,14,9.1,16.6,2.7,309,14,0,29.84,0.1,0,0,0,45.9,49.3,51.3,0.44,0.36,0.40
WALL,2019-11-08 17:25:00 EST,41.63409,-74.15370,354,29.7,30.1,20.5,44.2,10.5,0.000,0.000,0.00,0.000,10.0,15.1,2.2,321,12,10.6,16.1,2.2,316,11,10.6,16.1,2.2,316,11,0,29.84,0.1,0,0,0,45.9,49.3,51.3,0.44,0.36,0.40
WALL,2019-11-08 17:30:00 EST,41.63409,-74.15370,354,29.7,30.2,20.7,44.0,10.4,0.000,0.000,0.00,0.000,9.7,15.1,2.1,315,13,10.3,15.9,2.3,312,13,10.3,15.9,2.3,312,13,0,29.84,0.1,0,0,0,45.9,49.3,51.3,0.44,0.36,0.40
WALL,2019-11-08 17:35:00 EST,41.63409,-74.15370,354,29.6,30.1,20.5,44.3,10.5,0.000,0.000,0.00,0.000,9.9,13.6,2.1,315,14,10.5,14.9,2.0,311,13,10.5,14.9,2.0,311,13,0,29.85,0.1,0,0,0,45.9,49.2,51.3,0.44,0.36,0.40
WALL,2019-11-08 17:40:00 EST,41.63409,-74.15370,354,29.4,29.8,21.4,44.8,10.6,0.000,0.000,0.00,0.000,7.8,13.5,2.2,314,14,8.4,15.3,2.3,312,14,8.4,15.3,2.3,312,14,0,29.85,0.0,0,0,0,45.9,49.2,51.3,0.44,0.36,0.40
WALL,2019-11-08 17:45:00 EST,41.63409,-74.15370,354,29.4,29.9,21.4,45.1,10.7,0.000,0.000,0.00,0.000,7.9,13.2,2.3,315,17,8.5,14.7,2.4,313,15,8.5,14.7,2.4,313,15,0,29.85,0.1,0,0,0,45.9,49.2,51.3,0.44,0.36,0.40
WALL,2019-11-08 17:50:00 EST,41.63409,-74.15370,354,29.3,29.9,20.7,45.1,10.6,0.000,0.000,0.00,0.000,8.9,15.4,2.8,317,15,9.5,15.8,2.9,315,15,9.5,15.8,2.9,315,15,0,29.86,0.0,0,0,0,45.9,49.2,51.3,0.44,0.36,0.40
WALL,2019-11-08 17:55:00 EST,41.63409,-74.15370,354,29.5,30.0,20.3,44.7,10.6,0.000,0.000,0.00,0.000,9.8,15.6,2.5,324,16,10.6,16.6,2.7,320,16,10.6,16.6,2.7,320,16,0,29.86,0.1,0,0,0,45.9,49.2,51.3,0.44,0.36,0.40
WALL,2019-11-08 18:00:00 EST,41.63409,-74.15370,354,29.4,29.8,21.6,44.8,10.6,0.000,0.000,0.00,0.000,7.5,12.6,1.7,311,14,8.1,12.7,1.8,306,13,8.1,12.7,1.8,306,13,0,29.86,0.1,0,0,0,45.9,49.2,51.3,0.44,0.36,0.40
WALL,2019-11-08 18:05:00 EST,41.63409,-74.15370,354,29.0,29.6,20.3,46.0,10.8,0.000,0.000,0.00,0.000,8.7,14.4,2.2,305,14,9.5,16.5,2.4,302,13,9.5,16.5,2.4,302,13,0,29.87,0.1,0,0,0,45.8,49.1,51.3,0.44,0.36,0.40
WALL,2019-11-08 18:10:00 EST,41.63409,-74.15370,354,28.9,29.5,20.5,47.4,11.4,0.000,0.000,0.00,0.000,8.5,15.1,3.8,307,11,9.0,17.1,3.9,304,9,9.0,17.1,3.9,304,9,0,29.87,0.0,0,0,0,45.8,49.1,51.3,0.44,0.36,0.40
WALL,2019-11-08 18:15:00 EST,41.63409,-74.15370,354,28.4,29.2,20.4,48.8,11.6,0.000,0.000,0.00,0.000,7.7,11.1,1.8,304,12,8.2,12.1,1.8,301,10,8.2,12.1,1.8,301,10,0,29.87,-0.0,0,0,0,45.7,49.2,51.3,0.44,0.36,0.40
WALL,2019-11-08 18:20:00 EST,41.63409,-74.15370,354,28.6,29.3,19.9,48.8,11.8,0.000,0.000,0.00,0.000,8.5,13.4,1.9,310,13,9.4,14.3,1.9,305,12,9.4,14.3,1.9,305,12,0,29.87,0.1,0,0,0,45.7,49.1,51.3,0.44,0.36,0.40
WALL,2019-11-08 18:25:00 EST,41.63409,-74.15370,354,28.4,29.0,20.7,48.8,11.6,0.000,0.000,0.00,0.000,6.8,10.9,1.8,309,19,7.6,13.5,1.9,307,16,7.6,13.5,1.9,307,16,0,29.87,0.1,0,0,0,45.7,49.1,51.3,0.44,0.36,0.40
WALL,2019-11-08 18:30:00 EST,41.63409,-74.15370,354,28.6,29.2,20.3,48.2,11.4,0.000,0.000,0.00,0.000,7.9,12.1,1.7,307,11,8.6,13.2,1.8,302,10,8.6,13.2,1.8,302,10,0,29.87,0.1,0,0,0,45.7,49.1,51.3,0.44,0.36,0.40
WALL,2019-11-08 18:35:00 EST,41.63409,-74.15370,354,28.1,28.8,20.1,49.8,11.7,0.000,0.000,0.00,0.000,7.4,10.4,1.5,306,13,7.9,11.5,1.6,303,12,7.9,11.5,1.6,303,12,0,29.88,0.1,0,0,0,45.7,49.1,51.3,0.44,0.36,0.40
WALL,2019-11-08 18:40:00 EST,41.63409,-74.15370,354,28.0,28.8,20.6,50.3,11.9,0.000,0.000,0.00,0.000,6.5,10.1,1.8,311,17,7.1,11.7,1.9,308,17,7.1,11.7,1.9,308,17,0,29.88,0.1,0,0,0,45.7,49.1,51.3,0.44,0.36,0.40
WALL,2019-11-08 18:45:00 EST,41.63409,-74.15370,354,27.8,28.6,22.5,50.2,11.6,0.000,0.000,0.00,0.000,4.1,7.1,1.2,305,16,4.6,8.0,1.2,301,16,4.6,8.0,1.2,301,16,0,29.88,0.0,0,0,0,45.7,49.1,51.3,0.44,0.36,0.40
WALL,2019-11-08 18:50:00 EST,41.63409,-74.15370,354,27.3,28.3,22.1,52.1,12.1,0.000,0.000,0.00,0.000,4.0,7.6,1.7,303,21,4.5,8.8,1.8,299,19,4.5,8.8,1.8,299,19,0,29.89,0.0,0,0,0,45.7,49.1,51.3,0.44,0.36,0.40
WALL,2019-11-08 18:55:00 EST,41.63409,-74.15370,354,27.2,28.3,21.1,52.0,11.9,0.000,0.000,0.00,0.000,4.8,7.5,1.2,309,18,5.3,8.1,1.3,304,17,5.3,8.1,1.3,304,17,0,29.89,0.1,0,0,0,45.7,49.1,51.3,0.44,0.36,0.40
WALL,2019-11-08 19:00:00 EST,41.63409,-74.15370,354,27.3,28.2,21.5,52.2,12.0,0.000,0.000,0.00,0.000,4.5,7.0,1.0,291,13,5.1,7.8,1.1,288,12,5.1,7.8,1.1,288,12,0,29.89,0.0,0,0,0,45.5,49.1,51.3,0.44,0.36,0.40
WALL,2019-11-08 19:05:00 EST,41.63409,-74.15370,354,26.9,28.1,19.7,53.2,12.1,0.000,0.000,0.00,0.000,6.0,10.7,1.8,295,9,6.6,11.4,1.9,290,8,6.6,11.4,1.9,290,8,0,29.89,0.1,0,0,0,45.5,49.1,51.3,0.44,0.36,0.40
WALL,2019-11-08 19:10:00 EST,41.63409,-74.15370,354,27.1,28.1,19.1,53.3,12.3,0.000,0.000,0.00,0.000,6.8,10.2,1.5,286,10,7.6,11.8,1.7,283,8,7.6,11.8,1.7,283,8,0,29.89,0.1,0,0,0,45.5,49.1,51.3,0.44,0.36,0.40
WALL,2019-11-08 19:15:00 EST,41.63409,-74.15370,354,27.0,28.0,19.0,53.4,12.3,0.000,0.000,0.00,0.000,7.0,10.4,1.2,296,7,7.6,11.2,1.3,293,7,7.6,11.2,1.3,293,7,0,29.89,0.1,0,0,0,45.5,49.1,51.3,0.44,0.36,0.40
WALL,2019-11-08 19:20:00 EST,41.63409,-74.15370,354,26.5,27.6,18.9,54.7,12.4,0.000,0.000,0.00,0.000,6.4,9.6,1.1,302,10,6.9,10.8,1.2,298,9,6.9,10.8,1.2,298,9,0,29.89,0.1,0,0,0,45.5,49.1,51.3,0.44,0.36,0.40
WALL,2019-11-08 19:25:00 EST,41.63409,-74.15370,354,26.4,27.6,20.3,55.8,12.7,0.000,0.000,0.00,0.000,4.8,10.3,1.7,310,17,5.2,10.9,1.8,306,15,5.2,10.9,1.8,306,15,0,29.89,0.2,0,0,0,45.5,49.1,51.3,0.44,0.36,0.40
WALL,2019-11-08 19:30:00 EST,41.63409,-74.15370,354,26.9,27.7,21.3,54.3,12.6,0.000,0.000,0.00,0.000,4.3,9.7,1.7,317,17,4.8,9.9,1.7,314,16,4.8,9.9,1.7,314,16,0,29.89,0.1,0,0,0,45.5,49.1,51.3,0.44,0.36,0.40
WALL,2019-11-08 19:35:00 EST,41.63409,-74.15370,354,26.8,27.7,21.1,54.0,12.4,0.000,0.000,0.00,0.000,4.2,8.8,1.2,330,23,4.9,10.4,1.4,325,18,4.9,10.4,1.4,325,18,0,29.90,0.1,0,0,0,45.5,49.1,51.3,0.44,0.36,0.40
WALL,2019-11-08 19:40:00 EST,41.63409,-74.15370,354,27.1,27.8,21.5,52.7,12.1,0.000,0.000,0.00,0.000,4.2,6.9,1.1,314,15,4.8,8.4,1.4,312,14,4.8,8.4,1.4,312,14,0,29.90,0.1,0,0,0,45.5,49.1,51.3,0.44,0.36,0.40
WALL,2019-11-08 19:45:00 EST,41.63409,-74.15370,354,27.1,27.9,20.6,52.3,12.0,0.000,0.000,0.00,0.000,5.3,9.0,1.4,309,18,5.8,10.5,1.6,307,16,5.8,10.5,1.6,307,16,0,29.90,0.2,0,0,0,45.5,49.1,51.3,0.44,0.36,0.40
WALL,2019-11-08 19:50:00 EST,41.63409,-74.15370,354,26.8,27.6,20.4,52.7,11.8,0.000,0.000,0.00,0.000,5.2,9.7,1.7,316,21,5.6,10.8,1.8,313,20,5.6,10.8,1.8,313,20,0,29.90,0.1,0,0,0,45.5,49.1,51.3,0.44,0.36,0.40
WALL,2019-11-08 19:55:00 EST,41.63409,-74.15370,354,26.3,27.5,21.6,53.9,11.9,0.000,0.000,0.00,0.000,3.4,6.1,1.0,304,15,3.9,7.4,1.2,302,14,3.9,7.4,1.2,302,14,0,29.90,0.0,0,0,0,45.5,49.1,51.3,0.44,0.36,0.40
WALL,2019-11-08 20:00:00 EST,41.63409,-74.15370,354,26.2,27.3,22.2,54.6,12.0,0.000,0.000,0.00,0.000,3.0,7.1,1.4,300,18,3.4,7.2,1.4,298,18,3.4,7.2,1.4,298,18,0,29.90,0.1,0,0,0,45.5,49.1,51.3,0.44,0.36,0.40
WALL,2019-11-08 20:05:00 EST,41.63409,-74.15370,354,25.8,27.2,25.8,55.3,12.0,0.000,0.000,0.00,0.000,0.8,2.8,0.9,264,14,1.5,4.2,0.9,247,30,1.5,4.2,0.9,247,30,0,29.90,0.0,0,0,0,45.5,49.1,51.3,0.44,0.36,0.40
WALL,2019-11-08 20:10:00 EST,41.63409,-74.15370,354,24.8,27.1,24.8,57.3,11.8,0.000,0.000,0.00,0.000,0.3,2.2,0.5,288,9,0.9,3.3,0.8,286,21,0.9,3.3,0.8,286,21,0,29.90,-0.0,0,0,0,45.4,49.1,51.3,0.44,0.36,0.40
WALL,2019-11-08 20:15:00 EST,41.63409,-74.15370,354,24.3,27.0,24.3,60.0,12.4,0.000,0.000,0.00,0.000,1.5,4.2,1.1,237,29,2.1,5.1,1.1,235,34,2.1,5.1,1.1,235,34,0,29.90,0.1,0,0,0,45.3,49.1,51.3,0.44,0.36,0.40
WALL,2019-11-08 20:20:00 EST,41.63409,-74.15370,354,25.0,26.8,25.0,58.9,12.7,0.000,0.000,0.00,0.000,2.1,4.2,0.7,239,22,2.4,5.2,0.8,236,23,2.4,5.2,0.8,236,23,0,29.91,0.1,0,0,0,45.3,49.1,51.3,0.44,0.36,0.40
WALL,2019-11-08 20:25:00 EST,41.63409,-74.15370,354,23.6,26.7,23.6,63.0,12.8,0.000,0.000,0.00,0.000,2.6,3.5,0.4,207,14,2.8,3.7,0.4,205,15,2.8,3.7,0.4,205,15,0,29.91,-0.0,0,0,0,45.3,49.1,51.3,0.44,0.36,0.40
WALL,2019-11-08 20:30:00 EST,41.63409,-74.15370,354,23.1,26.6,23.1,66.0,13.4,0.000,0.000,0.00,0.000,2.4,3.7,0.6,146,18,2.6,4.0,0.6,141,18,2.6,4.0,0.6,141,18,0,29.91,0.0,0,0,0,45.3,49.1,51.3,0.44,0.36,0.40
WALL,2019-11-08 20:35:00 EST,41.63409,-74.15370,354,22.8,26.6,18.8,66.9,13.4,0.000,0.000,0.00,0.000,2.8,3.9,0.5,144,11,3.1,4.6,0.6,138,11,3.1,4.6,0.6,138,11,0,29.91,0.1,0,0,0,45.3,49.1,51.3,0.44,0.36,0.40
WALL,2019-11-08 20:40:00 EST,41.63409,-74.15370,354,22.6,26.3,22.6,67.6,13.5,0.000,0.000,0.00,0.000,1.8,2.6,0.4,201,27,2.1,3.1,0.4,197,29,2.1,3.1,0.4,197,29,0,29.91,-0.1,0,0,0,45.3,49.1,51.3,0.44,0.36,0.40
WALL,2019-11-08 20:45:00 EST,41.63409,-74.15370,354,22.6,26.1,17.6,68.5,13.8,0.000,0.000,0.00,0.000,3.4,4.8,0.6,237,4,3.7,5.4,0.6,233,4,3.7,5.4,0.6,233,4,0,29.91,-0.1,0,0,0,45.3,49.1,51.3,0.44,0.36,0.40
WALL,2019-11-08 20:50:00 EST,41.63409,-74.15370,354,22.1,26.2,17.6,68.0,13.1,0.000,0.000,0.00,0.000,3.0,4.9,0.7,238,7,3.3,5.4,0.9,234,7,3.3,5.4,0.9,234,7,0,29.91,0.1,0,0,0,45.3,49.1,51.3,0.44,0.36,0.40
WALL,2019-11-08 20:55:00 EST,41.63409,-74.15370,354,22.6,25.6,22.6,70.2,14.3,0.000,0.000,0.00,0.000,2.5,3.8,0.7,223,14,2.8,4.3,0.7,219,13,2.8,4.3,0.7,219,13,0,29.92,-0.0,0,0,0,45.2,49.1,51.3,0.44,0.36,0.40
WALL,2019-11-08 21:00:00 EST,41.63409,-74.15370,354,22.0,26.1,22.0,71.2,14.1,0.000,0.000,0.00,0.000,2.6,4.2,0.5,243,7,2.9,5.1,0.6,239,7,2.9,5.1,0.6,239,7,0,29.92,-0.1,0,0,0,45.1,49.1,51.3,0.44,0.36,0.40
WALL,2019-11-08 21:05:00 EST,41.63409,-74.15370,354,21.9,24.9,21.9,70.6,13.8,0.000,0.000,0.00,0.000,2.3,3.7,0.5,251,10,2.5,4.1,0.5,247,12,2.5,4.1,0.5,247,12,0,29.92,-0.2,0,0,0,45.1,49.1,51.3,0.44,0.36,0.40
WALL,2019-11-08 21:10:00 EST,41.63409,-74.15370,354,21.6,25.4,17.1,71.8,13.9,0.000,0.000,0.00,0.000,2.9,4.2,0.5,259,10,3.3,5.1,0.6,256,11,3.3,5.1,0.6,256,11,0,29.92,0.1,0,0,0,45.1,49.1,51.3,0.44,0.36,0.40
WALL,2019-11-08 21:15:00 EST,41.63409,-74.15370,354,21.2,25.5,21.2,74.2,14.3,0.000,0.000,0.00,0.000,2.0,3.7,0.8,229,18,2.3,4.6,0.7,224,20,2.3,4.6,0.7,224,20,0,29.92,0.1,0,0,0,45.1,49.1,51.3,0.44,0.36,0.40
WALL,2019-11-08 21:20:00 EST,41.63409,-74.15370,354,22.9,25.8,22.9,71.6,15.1,0.000,0.000,0.00,0.000,2.4,4.2,0.7,217,13,2.6,4.6,0.7,214,13,2.6,4.6,0.7,214,13,0,29.92,0.2,0,0,0,45.1,49.1,51.3,0.44,0.36,0.40
WALL,2019-11-08 21:25:00 EST,41.63409,-74.15370,354,23.6,25.9,23.6,68.7,14.8,0.000,0.000,0.00,0.000,2.5,3.8,0.5,223,10,2.7,4.2,0.6,220,10,2.7,4.2,0.6,220,10,0,29.92,0.2,0,0,0,45.1,49.1,51.3,0.44,0.36,0.40
WALL,2019-11-08 21:30:00 EST,41.63409,-74.15370,354,22.7,25.9,22.7,69.0,14.0,0.000,0.000,0.00,0.000,2.3,3.9,0.7,240,12,2.5,4.4,0.7,237,12,2.5,4.4,0.7,237,12,0,29.93,0.0,0,0,0,45.1,49.1,51.3,0.44,0.36,0.40
WALL,2019-11-08 21:35:00 EST,41.63409,-74.15370,354,22.7,25.9,22.7,69.3,14.1,0.000,0.000,0.00,0.000,2.1,3.2,0.4,231,15,2.3,4.1,0.5,229,13,2.3,4.1,0.5,229,13,0,29.93,-0.1,0,0,0,45.1,49.1,51.3,0.44,0.36,0.40
WALL,2019-11-08 21:40:00 EST,41.63409,-74.15370,354,21.7,25.4,21.7,70.5,13.6,0.000,0.000,0.00,0.000,1.5,3.8,0.5,210,16,1.9,4.4,0.5,207,19,1.9,4.4,0.5,207,19,0,29.93,0.0,0,0,0,45.1,49.1,51.3,0.44,0.36,0.40
WALL,2019-11-08 21:45:00 EST,41.63409,-74.15370,354,21.4,25.7,21.4,70.1,13.2,0.000,0.000,0.00,0.000,2.1,4.0,0.5,207,19,2.4,4.7,0.6,203,20,2.4,4.7,0.6,203,20,0,29.93,-0.0,0,0,0,45.0,49.1,51.3,0.44,0.36,0.40
WALL,2019-11-08 21:50:00 EST,41.63409,-74.15370,354,21.4,25.6,16.6,72.8,14.0,0.000,0.000,0.00,0.000,3.1,4.0,0.4,210,17,3.4,4.7,0.5,207,17,3.4,4.7,0.5,207,17,0,29.93,0.3,0,0,0,45.0,49.1,51.3,0.44,0.36,0.40
WALL,2019-11-08 21:55:00 EST,41.63409,-74.15370,354,22.7,25.7,18.3,72.2,15.0,0.000,0.000,0.00,0.000,3.1,4.0,0.4,226,8,3.3,4.6,0.5,222,8,3.3,4.6,0.5,222,8,0,29.94,0.1,0,0,0,45.0,49.1,51.3,0.44,0.36,0.40
WALL,2019-11-08 22:00:00 EST,41.63409,-74.15370,354,22.1,25.8,17.8,71.6,14.4,0.000,0.000,0.00,0.000,3.0,4.2,0.4,226,10,3.2,4.9,0.5,223,8,3.2,4.9,0.5,223,8,0,29.94,0.1,0,0,0,45.0,49.1,51.3,0.44,0.36,0.40
WALL,2019-11-08 22:05:00 EST,41.63409,-74.15370,354,22.2,26.3,17.0,72.6,14.7,0.000,0.000,0.00,0.000,3.5,4.6,0.4,236,7,3.8,5.3,0.6,232,7,3.8,5.3,0.6,232,7,0,29.94,0.1,0,0,0,45.0,49.1,51.3,0.44,0.36,0.40
WALL,2019-11-08 22:10:00 EST,41.63409,-74.15370,354,22.2,25.9,22.2,71.0,14.2,0.000,0.000,0.00,0.000,2.4,3.7,0.7,236,12,2.6,4.0,0.7,232,12,2.6,4.0,0.7,232,12,0,29.94,-0.0,0,0,0,45.0,49.1,51.3,0.44,0.36,0.40
WALL,2019-11-08 22:15:00 EST,41.63409,-74.15370,354,21.7,25.3,21.7,71.7,14.0,0.000,0.000,0.00,0.000,1.6,2.6,0.3,231,7,1.8,3.1,0.4,227,7,1.8,3.1,0.4,227,7,0,29.94,0.1,0,0,0,45.0,49.1,51.2,0.44,0.36,0.40
WALL,2019-11-08 22:20:00 EST,41.63409,-74.15370,354,21.8,25.3,21.8,72.4,14.3,0.000,0.000,0.00,0.000,2.4,3.7,0.7,241,8,2.7,4.3,0.7,236,9,2.7,4.3,0.7,236,9,0,29.94,-0.0,0,0,0,45.0,49.1,51.3,0.44,0.36,0.40
WALL,2019-11-08 22:25:00 EST,41.63409,-74.15370,354,22.1,25.4,16.5,71.9,14.4,0.000,0.000,0.00,0.000,3.6,4.9,0.8,253,6,4.1,5.5,0.9,250,5,4.1,5.5,0.9,250,5,0,29.94,-0.1,0,0,0,44.8,49.1,51.3,0.44,0.36,0.40
WALL,2019-11-08 22:30:00 EST,41.63409,-74.15370,354,21.4,25.5,15.0,71.3,13.6,0.000,0.000,0.00,0.000,4.3,5.6,0.6,255,7,4.7,6.3,0.7,252,7,4.7,6.3,0.7,252,7,0,29.94,-0.0,0,0,0,44.8,49.1,51.2,0.44,0.36,0.40
WALL,2019-11-08 22:35:00 EST,41.63409,-74.15370,354,22.1,26.0,16.5,72.0,14.5,0.000,0.000,0.00,0.000,3.7,5.0,0.7,261,8,4.1,5.9,0.8,257,8,4.1,5.9,0.8,257,8,0,29.94,-0.1,0,0,0,44.8,49.1,51.3,0.44,0.36,0.40
WALL,2019-11-08 22:40:00 EST,41.63409,-74.15370,354,22.3,25.6,22.3,70.3,14.1,0.000,0.000,0.00,0.000,1.9,3.0,0.5,259,9,2.2,4.0,0.6,256,12,2.2,4.0,0.6,256,12,0,29.94,0.0,0,0,0,44.8,49.0,51.2,0.44,0.36,0.40
WALL,2019-11-08 22:45:00 EST,41.63409,-74.15370,354,22.1,25.6,22.1,69.8,13.7,0.000,0.000,0.00,0.000,2.4,3.8,0.7,257,8,2.7,4.4,0.8,254,10,2.7,4.4,0.8,254,10,0,29.94,-0.1,0,0,0,44.8,48.9,51.2,0.44,0.36,0.40
WALL,2019-11-08 22:50:00 EST,41.63409,-74.15370,354,22.0,25.2,22.0,69.9,13.7,0.000,0.000,0.00,0.000,1.8,3.5,0.8,291,29,2.2,4.0,0.8,291,29,2.2,4.0,0.8,291,29,0,29.94,-0.1,0,0,0,44.8,49.0,51.2,0.44,0.36,0.40
WALL,2019-11-08 22:55:00 EST,41.63409,-74.15370,354,20.7,25.6,20.7,72.5,13.2,0.000,0.000,0.00,0.000,2.7,4.1,0.6,316,7,3.0,4.8,0.6,313,6,3.0,4.8,0.6,313,6,0,29.94,-0.0,0,0,0,44.8,48.9,51.2,0.44,0.36,0.40
WALL,2019-11-08 23:00:00 EST,41.63409,-74.15370,354,18.6,25.7,12.1,77.1,12.6,0.000,0.000,0.00,0.000,3.8,5.4,0.6,330,19,4.4,6.1,0.7,326,19,4.4,6.1,0.7,326,19,0,29.94,0.3,0,0,0,44.8,48.7,51.1,0.44,0.36,0.40
WALL,2019-11-08 23:05:00 EST,41.63409,-74.15370,354,21.0,26.4,14.5,78.3,15.3,0.000,0.000,0.00,0.000,4.3,6.3,0.8,332,9,4.7,7.6,0.9,328,8,4.7,7.6,0.9,328,8,0,29.94,0.2,0,0,0,44.6,48.7,51.2,0.44,0.36,0.40
WALL,2019-11-08 23:10:00 EST,41.63409,-74.15370,354,21.9,26.2,16.1,70.2,13.7,0.000,0.000,0.00,0.000,3.9,6.1,1.2,329,15,4.3,6.9,1.3,325,11,4.3,6.9,1.3,325,11,0,29.94,0.1,0,0,0,44.6,48.7,51.2,0.44,0.36,0.40
WALL,2019-11-08 23:15:00 EST,41.63409,-74.15370,354,22.4,26.1,16.9,70.9,14.4,0.000,0.000,0.00,0.000,3.6,5.9,1.1,330,16,4.1,6.6,1.2,328,16,4.1,6.6,1.2,328,16,0,29.94,0.0,0,0,0,44.6,48.7,51.1,0.44,0.36,0.40
WALL,2019-11-08 23:20:00 EST,41.63409,-74.15370,354,21.3,25.6,21.3,67.9,12.3,0.000,0.000,0.00,0.000,1.5,3.4,0.9,345,18,2.0,3.7,0.9,344,27,2.0,3.7,0.9,344,27,0,29.94,0.2,0,0,0,44.6,48.7,51.1,0.44,0.36,0.40
WALL,2019-11-08 23:25:00 EST,41.63409,-74.15370,354,20.3,24.2,15.7,69.9,12.1,0.000,0.000,0.00,0.000,2.8,4.0,0.8,143,6,3.3,4.9,0.8,137,6,3.3,4.9,0.8,137,6,0,29.94,0.1,0,0,0,44.6,48.7,51.1,0.44,0.36,0.40
WALL,2019-11-08 23:30:00 EST,41.63409,-74.15370,354,19.7,24.6,15.0,76.0,13.3,0.000,0.000,0.00,0.000,3.0,4.9,0.6,151,7,3.2,5.0,0.6,144,7,3.2,5.0,0.6,144,7,0,29.94,0.2,0,0,0,44.6,48.7,51.1,0.44,0.36,0.40
WALL,2019-11-08 23:35:00 EST,41.63409,-74.15370,354,19.8,24.9,19.8,77.4,13.9,0.000,0.000,0.00,0.000,2.6,3.8,0.5,139,13,2.7,4.5,0.6,134,13,2.7,4.5,0.6,134,13,0,29.94,0.2,0,0,0,44.6,48.7,51.1,0.44,0.36,0.40
WALL,2019-11-08 23:40:00 EST,41.63409,-74.15370,354,19.6,24.2,19.6,77.0,13.6,0.000,0.000,0.00,0.000,1.4,2.8,0.6,141,8,1.7,2.7,0.5,138,10,1.7,2.7,0.5,138,10,0,29.95,0.2,0,0,0,44.6,48.7,51.1,0.44,0.36,0.40
WALL,2019-11-08 23:45:00 EST,41.63409,-74.15370,354,19.7,24.0,19.7,77.0,13.7,0.000,0.000,0.00,0.000,0.1,0.7,0.2,140,1,0.3,1.6,0.5,241,41,0.3,1.6,0.5,241,41,0,29.95,-0.1,0,0,0,44.4,48.7,51.1,0.44,0.36,0.40
WALL,2019-11-08 23:50:00 EST,41.63409,-74.15370,354,18.1,22.5,18.1,78.2,12.5,0.000,0.000,0.00,0.000,0.8,3.3,1.2,203,13,1.5,3.5,0.9,230,53,1.5,3.5,0.9,230,53,0,29.95,0.3,0,0,0,44.4,48.7,51.1,0.44,0.36,0.40
WALL,2019-11-08 23:55:00 EST,41.63409,-74.15370,354,18.5,24.2,11.6,81.8,13.8,0.000,0.000,0.00,0.000,4.2,5.2,0.5,173,4,4.6,5.8,0.6,166,5,4.6,5.8,0.6,166,5,0,29.95,0.5,0,0,0,44.4,48.7,51.1,0.44,0.36,0.40
WALT,2019-11-08 00:00:00 EST,42.23950,-75.17879,1837,23.5,23.4,16.4,90.2,21.0,0.000,0.352,0.00,0.000,4.4,7.7,1.2,339,14,5.6,10.7,1.4,348,10,5.6,10.7,1.4,348,10,0,28.09,0.5,0,0,0,44.9,46.8,48.0,0.54,0.54,0.40
WALT,2019-11-08 00:05:00 EST,42.23950,-75.17879,1837,23.7,23.7,15.6,90.2,21.3,0.000,0.000,0.00,0.000,5.7,9.9,1.6,331,17,6.9,11.4,1.9,340,15,6.9,11.4,1.9,340,15,0,28.08,0.5,0,0,0,44.8,46.8,48.0,0.54,0.54,0.40
WALT,2019-11-08 00:10:00 EST,42.23950,-75.17879,1837,23.8,23.7,15.6,89.4,21.1,0.000,0.000,0.00,0.000,5.9,10.1,1.6,321,14,7.0,12.6,2.0,332,12,7.0,12.6,2.0,332,12,0,28.08,0.5,0,0,0,45.0,46.8,48.0,0.54,0.54,0.40
WALT,2019-11-08 00:15:00 EST,42.23950,-75.17879,1837,23.7,23.7,14.8,89.0,20.9,0.000,0.000,0.00,0.000,6.6,10.2,1.6,324,13,8.0,12.5,1.9,333,11,8.0,12.5,1.9,333,11,0,28.08,0.5,0,0,0,44.9,46.8,48.0,0.54,0.54,0.40
WALT,2019-11-08 00:20:00 EST,42.23950,-75.17879,1837,23.5,23.6,15.9,89.3,20.9,0.000,0.000,0.00,0.000,5.0,10.5,1.5,336,17,6.3,12.6,1.9,347,10,6.3,12.6,1.9,347,10,0,28.08,0.5,0,0,0,44.9,46.8,48.0,0.54,0.54,0.40
WALT,2019-11-08 00:25:00 EST,42.23950,-75.17879,1837,23.3,23.4,17.2,89.8,20.7,0.000,0.000,0.00,0.000,3.7,5.8,1.0,335,18,4.6,7.1,1.2,343,15,4.6,7.1,1.2,343,15,0,28.08,0.5,0,0,0,44.9,46.8,48.0,0.55,0.54,0.40
WALT,2019-11-08 00:30:00 EST,42.23950,-75.17879,1837,23.3,23.4,15.4,90.0,20.8,0.000,0.000,0.00,0.000,5.7,9.0,1.3,314,13,6.6,10.4,1.5,323,13,6.6,10.4,1.5,323,13,0,28.08,0.5,0,0,0,44.9,46.8,48.0,0.55,0.54,0.40
WALT,2019-11-08 00:35:00 EST,42.23950,-75.17879,1837,23.2,23.3,15.9,89.7,20.6,0.000,0.000,0.00,0.000,4.7,6.6,0.9,343,16,5.8,9.4,1.3,351,14,5.8,9.4,1.3,351,14,0,28.07,0.4,0,0,0,45.0,46.8,48.0,0.55,0.54,0.40
WALT,2019-11-08 00:40:00 EST,42.23950,-75.17879,1837,22.7,23.0,16.7,90.2,20.3,0.000,0.000,0.00,0.000,3.5,5.8,0.9,336,14,4.5,7.5,1.1,345,13,4.5,7.5,1.1,345,13,0,28.07,0.5,0,0,0,44.9,46.8,48.0,0.55,0.54,0.40
WALT,2019-11-08 00:45:00 EST,42.23950,-75.17879,1837,22.7,22.9,16.7,91.1,20.5,0.000,0.000,0.00,0.000,3.5,5.8,0.9,348,12,4.4,7.4,1.2,354,10,4.4,7.4,1.2,354,10,0,28.07,0.5,0,0,0,44.9,46.8,48.0,0.55,0.54,0.40
WALT,2019-11-08 00:50:00 EST,42.23950,-75.17879,1837,22.8,23.0,16.5,91.0,20.6,0.000,0.000,0.00,0.000,3.9,5.3,0.6,0,20,4.9,6.8,0.9,3,10,4.9,6.8,0.9,3,10,0,28.07,0.5,0,0,0,44.9,46.8,48.0,0.55,0.54,0.40
WALT,2019-11-08 00:55:00 EST,42.23950,-75.17879,1837,22.8,23.0,16.7,91.5,20.7,0.000,0.000,0.00,0.000,3.6,5.5,0.8,354,25,4.6,7.1,1.0,0,13,4.6,7.1,1.0,0,13,0,28.06,0.5,0,0,0,44.9,46.8,48.0,0.55,0.54,0.40
WALT,2019-11-08 01:00:00 EST,42.23950,-75.17879,1837,22.8,23.0,17.4,91.9,20.8,0.000,0.000,0.00,0.000,3.1,5.6,0.9,341,15,4.1,7.2,1.1,348,11,4.1,7.2,1.1,348,11,0,28.06,0.5,0,0,0,45.0,46.8,48.0,0.54,0.54,0.40
WALT,2019-11-08 01:05:00 EST,42.23950,-75.17879,1837,22.6,22.8,22.6,92.3,20.7,0.000,0.000,0.00,0.000,2.0,3.4,0.5,321,11,2.6,4.3,0.6,328,12,2.6,4.3,0.6,328,12,0,28.06,0.5,0,0,0,44.8,46.8,48.0,0.53,0.54,0.40
WALT,2019-11-08 01:10:00 EST,42.23950,-75.17879,1837,22.7,22.9,18.0,93.1,21.0,0.000,0.000,0.00,0.000,2.8,3.7,0.6,322,13,3.5,4.9,0.7,331,14,3.5,4.9,0.7,331,14,0,28.06,0.5,0,0,0,44.9,46.8,48.0,0.53,0.54,0.40
WALT,2019-11-08 01:15:00 EST,42.23950,-75.17879,1837,22.8,22.8,18.5,93.7,21.2,0.000,0.000,0.00,0.000,2.7,4.2,0.6,318,12,3.3,5.8,0.8,326,12,3.3,5.8,0.8,326,12,0,28.06,0.5,0,0,0,44.9,46.8,48.0,0.53,0.54,0.40
WALT,2019-11-08 01:20:00 EST,42.23950,-75.17879,1837,23.1,22.9,16.9,94.0,21.6,0.000,0.000,0.00,0.000,3.9,5.9,0.8,320,12,4.8,8.1,0.9,330,13,4.8,8.1,0.9,330,13,0,28.07,0.5,0,0,0,44.9,46.8,48.0,0.53,0.54,0.40
WALT,2019-11-08 01:25:00 EST,42.23950,-75.17879,1837,23.2,23.1,16.8,93.6,21.6,0.000,0.000,0.00,0.000,3.9,6.4,1.0,340,20,4.9,8.4,1.2,346,16,4.9,8.4,1.2,346,16,0,28.07,0.5,0,0,0,44.8,46.8,48.0,0.53,0.54,0.40
WALT,2019-11-08 01:30:00 EST,42.23950,-75.17879,1837,23.3,23.2,15.6,92.8,21.5,0.000,0.000,0.00,0.000,5.0,7.4,1.1,339,16,6.2,9.4,1.2,348,14,6.2,9.4,1.2,348,14,0,28.07,0.5,0,0,0,44.8,46.8,48.0,0.54,0.54,0.40
WALT,2019-11-08 01:35:00 EST,42.23950,-75.17879,1837,23.2,23.1,17.2,91.7,21.2,0.000,0.000,0.00,0.000,3.8,6.9,1.6,335,17,4.7,9.0,2.0,345,16,4.7,9.0,2.0,345,16,0,28.07,0.5,0,0,0,44.9,46.8,48.0,0.54,0.54,0.40
WALT,2019-11-08 01:40:00 EST,42.23950,-75.17879,1837,23.3,23.1,16.5,92.3,21.4,0.000,0.000,0.00,0.000,4.6,6.8,0.9,306,16,5.3,7.2,1.0,315,17,5.3,7.2,1.0,315,17,0,28.07,0.5,0,0,0,44.8,46.7,48.0,0.54,0.54,0.40
WALT,2019-11-08 01:45:00 EST,42.23950,-75.17879,1837,23.3,23.0,17.6,92.9,21.5,0.000,0.000,0.00,0.000,3.8,5.7,0.8,290,15,4.3,6.4,1.0,298,14,4.3,6.4,1.0,298,14,0,28.07,0.5,0,0,0,44.7,46.7,48.0,0.54,0.54,0.40
WALT,2019-11-08 01:50:00 EST,42.23950,-75.17879,1837,23.3,23.1,17.0,92.9,21.5,0.000,0.000,0.00,0.000,4.1,6.1,1.1,315,22,4.9,7.5,1.3,325,21,4.9,7.5,1.3,325,21,0,28.07,0.5,0,0,0,44.8,46.7,48.0,0.54,0.54,0.40
WALT,2019-11-08 01:55:00 EST,42.23950,-75.17879,1837,23.3,23.3,16.6,90.0,20.9,0.000,0.000,0.00,0.000,4.1,6.4,1.1,328,16,5.3,8.3,1.2,337,14,5.3,8.3,1.2,337,14,0,28.07,0.5,0,0,0,44.8,46.7,48.0,0.54,0.54,0.40
WALT,2019-11-08 02:00:00 EST,42.23950,-75.17879,1837,23.3,23.1,15.6,91.1,21.1,0.000,0.000,0.00,0.000,5.4,7.7,1.2,313,14,6.3,9.6,1.3,322,14,6.3,9.6,1.3,322,14,0,28.07,0.5,0,0,0,44.9,46.7,48.0,0.54,0.54,0.40
WALT,2019-11-08 02:05:00 EST,42.23950,-75.17879,1837,23.2,23.0,15.7,92.7,21.4,0.000,0.000,0.00,0.000,5.0,7.7,1.1,325,19,5.9,9.3,1.4,334,18,5.9,9.3,1.4,334,18,0,28.07,0.5,0,0,0,44.7,46.6,48.0,0.54,0.54,0.40
WALT,2019-11-08 02:10:00 EST,42.23950,-75.17879,1837,23.1,23.0,15.2,92.3,21.2,0.000,0.000,0.00,0.000,5.4,8.8,1.7,318,16,6.5,9.9,1.8,326,15,6.5,9.9,1.8,326,15,0,28.06,0.5,0,0,0,44.8,46.6,48.0,0.54,0.54,0.40
WALT,2019-11-08 02:15:00 EST,42.23950,-75.17879,1837,23.0,22.9,16.1,92.5,21.2,0.000,0.000,0.00,0.000,4.8,7.5,1.4,304,10,5.5,9.0,1.6,311,11,5.5,9.0,1.6,311,11,0,28.06,0.5,0,0,0,44.8,46.7,48.0,0.54,0.54,0.40
WALT,2019-11-08 02:20:00 EST,42.23950,-75.17879,1837,23.0,22.9,14.4,91.9,20.9,0.000,0.000,0.00,0.000,6.1,8.5,1.1,314,10,7.2,9.8,1.2,323,9,7.2,9.8,1.2,323,9,0,28.06,0.5,0,0,0,44.7,46.6,48.0,0.54,0.54,0.40
WALT,2019-11-08 02:25:00 EST,42.23950,-75.17879,1837,22.8,22.8,14.5,90.2,20.4,0.000,0.000,0.00,0.000,5.7,9.7,1.5,334,21,6.9,12.0,2.0,342,18,6.9,12.0,2.0,342,18,0,28.06,0.5,0,0,0,44.8,46.6,48.0,0.54,0.54,0.40
WALT,2019-11-08 02:30:00 EST,42.23950,-75.17879,1837,22.5,22.6,14.0,90.4,20.2,0.000,0.000,0.00,0.000,6.0,8.7,1.0,358,10,7.2,12.4,1.4,2,8,7.2,12.4,1.4,2,8,0,28.06,0.5,0,0,0,44.7,46.6,48.0,0.54,0.54,0.40
WALT,2019-11-08 02:35:00 EST,42.23950,-75.17879,1837,22.5,22.6,12.6,90.5,20.2,0.000,0.000,0.00,0.000,7.2,9.6,1.0,347,12,9.0,11.4,1.3,353,8,9.0,11.4,1.3,353,8,0,28.06,0.5,0,0,0,44.7,46.6,48.0,0.53,0.54,0.40
WALT,2019-11-08 02:40:00 EST,42.23950,-75.17879,1837,22.2,22.5,15.0,90.8,19.9,0.000,0.000,0.00,0.000,4.6,6.9,0.9,348,14,5.6,8.4,1.1,355,11,5.6,8.4,1.1,355,11,0,28.06,0.4,0,0,0,44.8,46.6,48.0,0.54,0.54,0.40
WALT,2019-11-08 02:45:00 EST,42.23950,-75.17879,1837,22.0,22.3,15.5,91.7,19.9,0.000,0.000,0.00,0.000,3.8,6.1,1.1,346,11,4.9,8.3,1.3,353,8,4.9,8.3,1.3,353,8,0,28.06,0.4,0,0,0,44.7,46.6,48.0,0.54,0.54,0.40
WALT,2019-11-08 02:50:00 EST,42.23950,-75.17879,1837,21.7,22.1,21.7,92.2,19.8,0.000,0.000,0.00,0.000,2.0,3.4,0.8,340,14,2.6,4.6,0.9,348,15,2.6,4.6,0.9,348,15,0,28.06,0.4,0,0,0,44.7,46.6,48.0,0.54,0.54,0.40
WALT,2019-11-08 02:55:00 EST,42.23950,-75.17879,1837,21.6,21.9,21.6,92.8,19.8,0.000,0.000,0.00,0.000,0.9,2.7,0.6,303,28,1.5,3.2,0.8,312,29,1.5,3.2,0.8,312,29,0,28.06,0.4,0,0,0,44.6,46.6,48.0,0.53,0.54,0.40
WALT,2019-11-08 03:00:00 EST,42.23950,-75.17879,1837,21.8,21.9,21.8,93.6,20.2,0.000,0.000,0.00,0.000,2.4,6.4,1.5,312,22,3.0,7.2,1.8,322,22,3.0,7.2,1.8,322,22,0,28.06,0.5,0,0,0,44.6,46.6,48.0,0.53,0.54,0.40
WALT,2019-11-08 03:05:00 EST,42.23950,-75.17879,1837,22.0,21.9,15.3,95.0,20.8,0.000,0.000,0.00,0.000,4.3,7.8,1.5,312,9,5.0,9.8,1.7,320,11,5.0,9.8,1.7,320,11,0,28.06,0.5,0,0,0,44.7,46.6,48.0,0.54,0.54,0.40
WALT,2019-11-08 03:10:00 EST,42.23950,-75.17879,1837,22.0,21.9,16.6,95.0,20.8,0.000,0.000,0.00,0.000,3.2,5.5,1.2,358,18,3.9,6.9,1.5,2,17,3.9,6.9,1.5,2,17,0,28.06,0.5,0,0,0,44.6,46.6,48.0,0.53,0.54,0.40
WALT,2019-11-08 03:15:00 EST,42.23950,-75.17879,1837,22.1,21.9,16.3,95.0,20.9,0.000,0.000,0.00,0.000,3.4,4.5,0.6,345,14,4.2,6.2,0.7,353,12,4.2,6.2,0.7,353,12,0,28.06,0.5,0,0,0,44.6,46.6,48.0,0.53,0.54,0.40
WALT,2019-11-08 03:20:00 EST,42.23950,-75.17879,1837,22.2,22.0,17.2,95.3,21.1,0.000,0.000,0.00,0.000,2.8,4.0,0.6,339,14,3.7,5.5,0.7,347,13,3.7,5.5,0.7,347,13,0,28.06,0.5,0,0,0,44.6,46.6,48.0,0.53,0.54,0.40
WALT,2019-11-08 03:25:00 EST,42.23950,-75.17879,1837,22.4,22.2,16.3,95.5,21.3,0.000,0.000,0.00,0.000,3.6,4.9,0.8,326,12,4.5,6.9,1.0,335,12,4.5,6.9,1.0,335,12,0,28.06,0.5,0,0,0,44.6,46.6,48.0,0.53,0.54,0.40
WALT,2019-11-08 03:30:00 EST,42.23950,-75.17879,1837,22.4,22.3,18.4,95.5,21.4,0.000,0.000,0.00,0.000,2.7,3.9,0.4,320,10,3.1,4.5,0.6,329,11,3.1,4.5,0.6,329,11,0,28.06,0.5,0,0,0,44.6,46.6,48.0,0.53,0.54,0.40
WALT,2019-11-08 03:35:00 EST,42.23950,-75.17879,1837,22.5,22.4,15.2,94.9,21.3,0.000,0.000,0.00,0.000,5.1,7.4,1.0,298,18,5.7,8.3,1.1,306,17,5.7,8.3,1.1,306,17,0,28.06,0.5,0,0,0,44.6,46.6,48.0,0.54,0.54,0.40
WALT,2019-11-08 03:40:00 EST,42.23950,-75.17879,1837,22.5,22.5,15.2,93.5,21.0,0.000,0.000,0.00,0.000,5.0,7.6,1.0,308,13,5.7,8.9,1.2,318,13,5.7,8.9,1.2,318,13,0,28.06,0.5,0,0,0,44.6,46.6,48.0,0.54,0.54,0.40
WALT,2019-11-08 03:45:00 EST,42.23950,-75.17879,1837,22.6,22.5,15.8,93.0,20.8,0.000,0.000,0.00,0.000,4.3,7.3,1.0,316,15,5.1,8.2,1.1,325,15,5.1,8.2,1.1,325,15,0,28.06,0.4,0,0,0,44.6,46.6,48.0,0.54,0.54,0.40
WALT,2019-11-08 03:50:00 EST,42.23950,-75.17879,1837,22.6,22.5,16.0,93.0,20.9,0.000,0.000,0.00,0.000,4.5,8.8,1.7,304,12,5.0,9.4,1.8,312,12,5.0,9.4,1.8,312,12,0,28.06,0.5,0,0,0,44.6,46.6,48.0,0.54,0.54,0.40
WALT,2019-11-08 03:55:00 EST,42.23950,-75.17879,1837,22.7,22.6,14.6,93.1,21.0,0.003,0.003,0.00,0.003,5.9,8.5,1.2,307,9,6.6,9.8,1.4,314,9,6.6,9.8,1.4,314,9,0,28.06,0.4,0,0,0,44.6,46.6,48.0,0.54,0.54,0.40
WALT,2019-11-08 04:00:00 EST,42.23950,-75.17879,1837,22.8,22.6,15.5,93.6,21.2,0.000,0.003,0.00,0.003,4.9,6.3,0.7,315,10,5.7,7.4,0.9,324,11,5.7,7.4,0.9,324,11,0,28.06,0.4,0,0,0,44.6,46.6,48.0,0.54,0.54,0.40
WALT,2019-11-08 04:05:00 EST,42.23950,-75.17879,1837,22.8,22.6,15.6,93.7,21.2,0.000,0.003,0.00,0.003,4.8,6.4,0.7,324,12,5.6,7.1,0.7,334,11,5.6,7.1,0.7,334,11,0,28.06,0.4,0,0,0,44.5,46.6,48.0,0.54,0.54,0.40
WALT,2019-11-08 04:10:00 EST,42.23950,-75.17879,1837,22.8,22.6,14.2,93.9,21.3,0.003,0.006,0.00,0.006,6.0,8.1,0.9,326,8,7.3,9.5,1.2,337,8,7.3,9.5,1.2,337,8,0,28.06,0.5,0,0,0,44.6,46.6,48.0,0.54,0.54,0.40
WALT,2019-11-08 04:15:00 EST,42.23950,-75.17879,1837,22.8,22.6,14.9,94.1,21.3,0.000,0.006,0.00,0.006,5.4,6.9,0.8,317,17,6.4,8.6,1.0,327,17,6.4,8.6,1.0,327,17,0,28.06,0.5,0,0,0,44.6,46.6,48.0,0.54,0.54,0.40
WALT,2019-11-08 04:20:00 EST,42.23950,-75.17879,1837,22.8,22.7,15.7,93.8,21.3,0.000,0.006,0.00,0.006,4.9,7.3,1.1,312,15,5.6,7.8,1.2,320,15,5.6,7.8,1.2,320,15,0,28.06,0.4,0,0,0,44.6,46.6,48.0,0.54,0.54,0.40
WALT,2019-11-08 04:25:00 EST,42.23950,-75.17879,1837,22.7,22.6,15.6,92.9,21.0,0.000,0.006,0.00,0.006,5.0,8.0,1.4,306,12,5.5,8.9,1.5,314,12,5.5,8.9,1.5,314,12,0,28.06,0.4,0,0,0,44.6,46.6,48.0,0.54,0.54,0.40
WALT,2019-11-08 04:30:00 EST,42.23950,-75.17879,1837,22.4,22.5,16.9,92.9,20.7,0.000,0.006,0.00,0.006,3.7,5.3,0.5,289,13,4.1,6.8,0.6,296,12,4.1,6.8,0.6,296,12,0,28.06,0.4,0,0,0,44.6,46.6,48.0,0.54,0.54,0.40
WALT,2019-11-08 04:35:00 EST,42.23950,-75.17879,1837,22.3,22.4,16.6,92.6,20.5,0.000,0.006,0.00,0.006,3.6,6.6,1.4,285,22,4.2,6.8,1.4,292,22,4.2,6.8,1.4,292,22,0,28.05,0.4,0,0,0,44.5,46.6,48.0,0.54,0.54,0.40
WALT,2019-11-08 04:40:00 EST,42.23950,-75.17879,1837,22.3,22.4,15.3,92.5,20.5,0.000,0.006,0.00,0.006,4.7,7.2,1.2,293,16,5.4,8.0,1.3,300,15,5.4,8.0,1.3,300,15,0,28.06,0.4,0,0,0,44.5,46.6,48.0,0.54,0.54,0.40
WALT,2019-11-08 04:45:00 EST,42.23950,-75.17879,1837,22.2,22.4,16.2,92.3,20.3,0.000,0.006,0.00,0.006,3.9,8.3,0.9,290,13,4.4,9.2,1.1,296,12,4.4,9.2,1.1,296,12,0,28.06,0.4,0,0,0,44.5,46.6,48.0,0.54,0.54,0.40
WALT,2019-11-08 04:50:00 EST,42.23950,-75.17879,1837,22.2,22.4,15.8,92.1,20.3,0.000,0.006,0.00,0.006,4.4,6.4,0.9,293,12,4.9,7.2,0.9,298,11,4.9,7.2,0.9,298,11,0,28.06,0.4,0,0,0,44.5,46.6,48.0,0.54,0.54,0.40
WALT,2019-11-08 04:55:00 EST,42.23950,-75.17879,1837,22.3,22.4,15.1,91.5,20.2,0.000,0.006,0.00,0.003,4.9,8.9,1.3,301,14,5.5,10.4,1.6,307,16,5.5,10.4,1.6,307,16,0,28.06,0.4,0,0,0,44.5,46.6,48.0,0.54,0.54,0.40
WALT,2019-11-08 05:00:00 EST,42.23950,-75.17879,1837,22.5,22.6,13.3,90.9,20.3,0.000,0.006,0.00,0.003,7.1,10.9,1.4,313,18,8.0,12.0,1.5,321,18,8.0,12.0,1.5,321,18,0,28.06,0.4,0,0,0,44.5,46.6,48.0,0.53,0.54,0.40
WALT,2019-11-08 05:05:00 EST,42.23950,-75.17879,1837,22.5,22.5,15.0,91.2,20.3,0.000,0.006,0.00,0.003,5.0,8.8,1.4,313,14,5.9,10.3,1.7,321,17,5.9,10.3,1.7,321,17,0,28.06,0.5,0,0,0,44.5,46.6,48.0,0.53,0.54,0.40
WALT,2019-11-08 05:10:00 EST,42.23950,-75.17879,1837,22.7,22.6,13.7,91.7,20.7,0.000,0.006,0.00,0.000,6.7,9.7,1.3,306,22,7.7,11.7,1.6,315,22,7.7,11.7,1.6,315,22,0,28.06,0.4,0,0,0,44.5,46.6,48.0,0.53,0.54,0.40
WALT,2019-11-08 05:15:00 EST,42.23950,-75.17879,1837,22.8,22.7,13.2,91.5,20.7,0.000,0.006,0.00,0.000,7.7,12.4,1.9,310,15,8.7,14.4,2.2,320,16,8.7,14.4,2.2,320,16,0,28.06,0.4,0,0,0,44.5,46.6,48.0,0.53,0.54,0.40
WALT,2019-11-08 05:20:00 EST,42.23950,-75.17879,1837,22.8,22.8,15.0,91.5,20.7,0.000,0.006,0.00,0.000,5.4,12.1,2.3,298,24,6.3,13.3,2.4,305,24,6.3,13.3,2.4,305,24,0,28.06,0.4,0,0,0,44.5,46.6,48.0,0.54,0.54,0.40
WALT,2019-11-08 05:25:00 EST,42.23950,-75.17879,1837,23.0,22.9,13.6,91.4,20.8,0.000,0.006,0.00,0.000,7.5,11.3,2.1,287,15,8.3,12.7,2.3,292,12,8.3,12.7,2.3,292,12,0,28.06,0.4,0,0,0,44.5,46.6,48.0,0.53,0.54,0.40
WALT,2019-11-08 05:30:00 EST,42.23950,-75.17879,1837,23.0,22.9,14.1,91.7,21.0,0.000,0.006,0.00,0.000,6.7,11.0,2.1,300,13,7.7,12.6,2.2,307,14,7.7,12.6,2.2,307,14,0,28.06,0.5,0,0,0,44.4,46.6,48.0,0.53,0.54,0.40
WALT,2019-11-08 05:35:00 EST,42.23950,-75.17879,1837,23.1,23.0,14.4,92.0,21.2,0.000,0.006,0.00,0.000,6.6,10.7,1.6,306,18,7.6,12.1,1.7,313,18,7.6,12.1,1.7,313,18,0,28.06,0.4,0,0,0,44.5,46.6,48.0,0.53,0.54,0.40
WALT,2019-11-08 05:40:00 EST,42.23950,-75.17879,1837,23.2,23.1,14.1,91.5,21.1,0.000,0.006,0.00,0.000,7.1,12.7,1.9,276,17,8.1,14.3,2.2,282,15,8.1,14.3,2.2,282,15,0,28.06,0.5,0,0,0,44.5,46.6,48.0,0.53,0.54,0.40
WALT,2019-11-08 05:45:00 EST,42.23950,-75.17879,1837,23.5,23.4,11.6,89.2,20.8,0.000,0.006,0.00,0.000,11.5,17.9,2.4,293,22,13.0,20.2,2.7,297,22,13.0,20.2,2.7,297,22,0,28.07,0.5,0,0,0,44.4,46.6,48.0,0.53,0.54,0.40
WALT,2019-11-08 05:50:00 EST,42.23950,-75.17879,1837,23.4,23.3,12.1,89.3,20.7,0.000,0.006,0.00,0.000,10.5,21.4,3.0,294,18,11.8,23.8,3.5,301,18,11.8,23.8,3.5,301,18,0,28.07,0.5,0,0,0,44.4,46.6,48.0,0.53,0.54,0.40
WALT,2019-11-08 05:55:00 EST,42.23950,-75.17879,1837,23.3,23.2,11.4,89.4,20.7,0.000,0.006,0.00,0.000,11.6,17.6,2.5,303,15,12.9,20.2,2.9,309,15,12.9,20.2,2.9,309,15,0,28.08,0.5,0,0,0,44.4,46.6,48.0,0.53,0.54,0.40
WALT,2019-11-08 06:00:00 EST,42.23950,-75.17879,1837,23.2,23.1,12.5,90.6,20.9,0.000,0.006,0.00,0.000,9.6,16.8,2.4,306,15,10.6,19.8,2.6,313,15,10.6,19.8,2.6,313,15,0,28.08,0.5,0,0,0,44.4,46.6,48.0,0.53,0.54,0.40
WALT,2019-11-08 06:05:00 EST,42.23950,-75.17879,1837,23.1,23.0,12.7,91.4,21.0,0.000,0.006,0.00,0.000,9.0,14.7,2.4,309,13,10.1,16.7,2.5,316,14,10.1,16.7,2.5,316,14,0,28.08,0.5,0,0,0,44.3,46.6,48.0,0.53,0.54,0.40
WALT,2019-11-08 06:10:00 EST,42.23950,-75.17879,1837,23.1,22.9,12.4,91.6,21.0,0.000,0.006,0.00,0.000,9.1,16.1,2.5,316,16,10.5,18.1,2.6,323,16,10.5,18.1,2.6,323,16,0,28.08,0.5,0,0,0,44.4,46.6,48.0,0.53,0.54,0.40
WALT,2019-11-08 06:15:00 EST,42.23950,-75.17879,1837,23.1,22.9,11.9,90.8,20.8,0.000,0.006,0.00,0.000,10.1,17.5,2.4,304,13,11.3,18.8,2.7,311,13,11.3,18.8,2.7,311,13,0,28.08,0.5,0,0,0,44.4,46.6,48.0,0.53,0.54,0.40
WALT,2019-11-08 06:20:00 EST,42.23950,-75.17879,1837,23.1,23.0,11.7,89.0,20.3,0.000,0.006,0.00,0.000,10.4,20.8,3.6,312,19,11.8,23.0,3.8,319,17,11.8,23.0,3.8,319,17,0,28.09,0.5,0,0,0,44.4,46.6,48.0,0.52,0.54,0.40
WALT,2019-11-08 06:25:00 EST,42.23950,-75.17879,1837,23.0,22.9,10.9,87.7,19.9,0.000,0.006,0.00,0.000,12.0,20.0,3.9,318,16,13.3,21.1,3.8,325,16,13.3,21.1,3.8,325,16,0,28.10,0.5,0,0,0,44.3,46.6,48.0,0.52,0.54,0.40
WALT,2019-11-08 06:30:00 EST,42.23950,-75.17879,1837,23.0,22.9,11.4,86.2,19.4,0.000,0.006,0.00,0.000,10.8,19.6,2.9,310,18,11.9,23.4,3.1,318,18,11.9,23.4,3.1,318,18,0,28.10,0.5,0,0,0,44.3,46.6,48.0,0.52,0.54,0.40
WALT,2019-11-08 06:35:00 EST,42.23950,-75.17879,1837,22.7,22.7,9.8,84.0,18.6,0.000,0.006,0.00,0.000,13.2,24.0,3.3,316,18,14.6,26.7,3.8,325,17,14.6,26.7,3.8,325,17,1,28.10,0.5,0,0,0,44.3,46.6,48.0,0.53,0.54,0.40
WALT,2019-11-08 06:40:00 EST,42.23950,-75.17879,1837,22.3,22.4,9.3,82.5,17.8,0.000,0.006,0.00,0.000,12.7,20.2,3.0,333,14,14.8,23.0,3.5,342,12,14.8,23.0,3.5,342,12,2,28.11,0.5,0,0,0,44.3,46.6,48.0,0.53,0.54,0.40
WALT,2019-11-08 06:45:00 EST,42.23950,-75.17879,1837,22.0,22.0,9.6,81.5,17.2,0.000,0.006,0.00,0.000,11.6,20.4,3.6,328,16,13.4,23.9,3.8,338,13,13.4,23.9,3.8,338,13,5,28.11,0.5,0,0,0,44.2,46.6,48.0,0.53,0.54,0.40
WALT,2019-11-08 06:50:00 EST,42.23950,-75.17879,1837,21.8,21.8,8.0,82.0,17.2,0.000,0.006,0.00,0.000,14.8,24.8,3.3,318,13,16.3,28.0,3.8,326,13,16.3,28.0,3.8,326,13,5,28.11,0.5,0,0,0,44.1,46.6,48.0,0.53,0.54,0.40
WALT,2019-11-08 06:55:00 EST,42.23950,-75.17879,1837,21.6,21.5,9.4,83.3,17.3,0.000,0.006,0.00,0.000,10.8,20.6,3.6,322,23,12.7,22.3,3.5,331,20,12.7,22.3,3.5,331,20,7,28.11,0.6,0,0,0,44.2,46.6,48.0,0.53,0.54,0.40
WALT,2019-11-08 07:00:00 EST,42.23950,-75.17879,1837,21.5,21.4,11.0,84.2,17.5,0.000,0.006,0.00,0.000,7.6,12.5,1.9,338,16,9.6,15.4,2.2,346,13,9.6,15.4,2.2,346,13,9,28.11,0.6,0,0,0,44.1,46.6,48.0,0.52,0.54,0.40
WALT,2019-11-08 07:05:00 EST,42.23950,-75.17879,1837,21.4,21.4,9.3,84.6,17.5,0.000,0.006,0.00,0.000,10.7,16.8,2.5,326,17,12.4,21.6,3.0,336,17,12.4,21.6,3.0,336,17,13,28.12,0.6,0,0,0,44.1,46.6,48.0,0.52,0.54,0.40
WALT,2019-11-08 07:10:00 EST,42.23950,-75.17879,1837,21.4,21.3,8.8,84.6,17.5,0.000,0.006,0.00,0.000,11.3,19.1,3.1,332,19,13.4,22.0,3.5,340,17,13.4,22.0,3.5,340,17,21,28.12,0.5,0,0,0,44.2,46.5,48.0,0.52,0.54,0.40
WALT,2019-11-08 07:15:00 EST,42.23950,-75.17879,1837,21.4,21.3,9.5,85.1,17.6,0.000,0.006,0.00,0.000,10.3,15.5,2.8,324,18,12.0,19.1,3.3,333,18,12.0,19.1,3.3,333,18,31,28.12,0.5,0,0,0,44.1,46.6,48.0,0.52,0.54,0.40
WALT,2019-11-08 07:20:00 EST,42.23950,-75.17879,1837,21.4,21.3,9.8,84.8,17.5,0.000,0.006,0.00,0.000,9.6,13.7,2.0,316,18,11.3,18.4,2.3,325,19,11.3,18.4,2.3,325,19,41,28.12,0.6,0,0,0,44.1,46.6,48.0,0.52,0.54,0.40
WALT,2019-11-08 07:25:00 EST,42.23950,-75.17879,1837,21.4,21.3,9.3,84.6,17.5,0.000,0.006,0.00,0.000,10.4,16.7,2.5,318,16,12.3,19.8,2.7,328,16,12.3,19.8,2.7,328,16,47,28.13,0.6,0,0,0,44.1,46.6,48.0,0.52,0.54,0.40
WALT,2019-11-08 07:30:00 EST,42.23950,-75.17879,1837,21.4,21.3,10.2,84.9,17.6,0.000,0.006,0.00,0.000,9.2,16.6,2.8,316,14,10.7,19.3,3.2,327,16,10.7,19.3,3.2,327,16,30,28.13,0.5,0,0,0,44.1,46.5,48.0,0.52,0.54,0.40
WALT,2019-11-08 07:35:00 EST,42.23950,-75.17879,1837,21.4,21.2,10.7,86.0,17.8,0.000,0.006,0.00,0.000,8.1,11.9,1.7,324,12,9.7,14.2,1.9,334,13,9.7,14.2,1.9,334,13,43,28.13,0.6,0,0,0,44.1,46.6,48.0,0.52,0.54,0.40
WALT,2019-11-08 07:40:00 EST,42.23950,-75.17879,1837,21.4,21.2,10.1,86.0,17.9,0.000,0.006,0.00,0.000,9.2,15.6,2.4,324,15,10.8,16.9,2.7,334,13,10.8,16.9,2.7,334,13,52,28.13,0.6,0,0,0,44.1,46.5,48.0,0.52,0.54,0.40
WALT,2019-11-08 07:45:00 EST,42.23950,-75.17879,1837,21.4,21.2,10.3,87.0,18.2,0.000,0.006,0.00,0.000,8.5,14.4,2.2,327,16,10.6,16.4,2.6,337,15,10.6,16.4,2.6,337,15,51,28.13,0.5,0,0,0,44.1,46.5,48.0,0.52,0.54,0.40
WALT,2019-11-08 07:50:00 EST,42.23950,-75.17879,1837,21.3,21.2,9.8,86.4,17.9,0.000,0.006,0.00,0.000,9.4,14.1,1.8,314,13,11.2,15.8,2.0,323,12,11.2,15.8,2.0,323,12,65,28.13,0.6,0,0,0,44.1,46.5,48.0,0.52,0.54,0.40
WALT,2019-11-08 07:55:00 EST,42.23950,-75.17879,1837,21.5,21.2,10.0,86.8,18.1,0.000,0.006,0.00,0.000,9.7,14.9,2.1,317,12,11.2,16.2,2.2,327,13,11.2,16.2,2.2,327,13,73,28.14,0.6,0,0,0,44.1,46.5,48.0,0.52,0.54,0.40
WALT,2019-11-08 08:00:00 EST,42.23950,-75.17879,1837,21.6,21.3,10.8,87.1,18.3,0.000,0.006,0.00,0.000,8.4,15.2,2.2,316,18,10.0,17.2,2.2,324,17,10.0,17.2,2.2,324,17,62,28.14,0.6,0,0,0,44.1,46.5,48.0,0.52,0.54,0.40
WALT,2019-11-08 08:05:00 EST,42.23950,-75.17879,1837,21.7,21.4,11.2,86.9,18.4,0.000,0.006,0.00,0.000,8.5,13.4,1.8,309,17,9.6,14.8,2.0,319,17,9.6,14.8,2.0,319,17,72,28.14,0.6,0,0,0,44.1,46.5,48.0,0.52,0.54,0.40
WALT,2019-11-08 08:10:00 EST,42.23950,-75.17879,1837,21.7,21.4,10.0,86.4,18.2,0.000,0.006,0.00,0.000,10.2,15.9,2.1,305,19,11.5,19.5,2.3,314,19,11.5,19.5,2.3,314,19,93,28.14,0.6,0,0,0,44.1,46.4,48.0,0.52,0.54,0.40
WALT,2019-11-08 08:15:00 EST,42.23950,-75.17879,1837,21.8,21.4,9.9,86.0,18.2,0.000,0.006,0.00,0.000,10.8,15.9,2.5,300,12,11.9,17.7,2.7,306,11,11.9,17.7,2.7,306,11,141,28.14,0.6,0,0,0,44.1,46.4,48.0,0.52,0.54,0.40
WALT,2019-11-08 08:20:00 EST,42.23950,-75.17879,1837,21.8,21.4,9.0,85.9,18.2,0.000,0.006,0.00,0.000,12.2,20.5,3.2,309,20,13.8,25.1,3.7,319,21,13.8,25.1,3.7,319,21,90,28.14,0.6,0,0,0,44.1,46.4,47.9,0.52,0.54,0.40
WALT,2019-11-08 08:25:00 EST,42.23950,-75.17879,1837,21.7,21.4,9.9,85.4,18.0,0.000,0.006,0.00,0.000,10.7,15.8,2.3,305,18,11.9,17.7,2.3,313,16,11.9,17.7,2.3,313,16,105,28.14,0.6,0,0,0,44.1,46.4,47.9,0.52,0.54,0.40
WALT,2019-11-08 08:30:00 EST,42.23950,-75.17879,1837,21.7,21.4,9.5,84.4,17.7,0.000,0.006,0.00,0.000,11.5,17.7,2.1,307,13,12.7,18.3,2.4,311,14,12.7,18.3,2.4,311,14,130,28.15,0.6,0,0,0,44.1,46.4,47.9,0.52,0.54,0.40
WALT,2019-11-08 08:35:00 EST,42.23950,-75.17879,1837,21.9,21.5,11.2,85.7,18.2,0.000,0.006,0.00,0.000,8.8,17.0,2.4,310,16,9.9,19.8,2.9,318,16,9.9,19.8,2.9,318,16,134,28.15,0.5,0,0,0,44.1,46.4,47.9,0.52,0.54,0.40
WALT,2019-11-08 08:40:00 EST,42.23950,-75.17879,1837,21.9,21.5,10.1,85.6,18.2,0.000,0.006,0.00,0.000,10.0,16.9,3.0,327,18,11.8,19.8,3.1,337,15,11.8,19.8,3.1,337,15,115,28.15,0.6,0,0,0,44.1,46.4,47.9,0.52,0.54,0.40
WALT,2019-11-08 08:45:00 EST,42.23950,-75.17879,1837,21.9,21.5,11.3,86.8,18.6,0.000,0.006,0.00,0.000,8.7,13.3,2.0,306,14,9.9,14.6,2.0,312,15,9.9,14.6,2.0,312,15,127,28.15,0.5,0,0,0,44.1,46.4,47.9,0.52,0.54,0.40
WALT,2019-11-08 08:50:00 EST,42.23950,-75.17879,1837,21.9,21.5,9.2,85.2,18.1,0.000,0.006,0.00,0.000,11.5,18.8,2.8,340,22,13.6,23.4,3.7,348,17,13.6,23.4,3.7,348,17,110,28.15,0.5,0,0,0,44.1,46.4,48.0,0.52,0.54,0.40
WALT,2019-11-08 08:55:00 EST,42.23950,-75.17879,1837,21.7,21.4,8.5,84.0,17.7,0.000,0.006,0.00,0.000,13.2,21.0,3.4,312,15,14.8,22.5,3.4,321,15,14.8,22.5,3.4,321,15,138,28.15,0.5,0,0,0,44.1,46.4,47.9,0.52,0.54,0.40
WALT,2019-11-08 09:00:00 EST,42.23950,-75.17879,1837,22.1,21.6,10.1,84.1,18.0,0.000,0.006,0.00,0.000,10.8,16.7,2.7,326,17,12.4,18.4,2.9,334,16,12.4,18.4,2.9,334,16,159,28.15,0.5,0,0,0,44.0,46.4,47.8,0.52,0.54,0.40
WALT,2019-11-08 09:05:00 EST,42.23950,-75.17879,1837,21.6,21.3,9.0,85.9,18.0,0.002,0.008,0.00,0.002,11.4,17.8,3.2,333,23,13.3,19.4,3.4,343,16,13.3,19.4,3.4,343,16,73,28.16,0.5,0,0,0,44.1,46.4,47.9,0.52,0.54,0.40
WALT,2019-11-08 09:10:00 EST,42.23950,-75.17879,1837,21.4,21.1,7.9,84.8,17.5,0.000,0.008,0.00,0.002,12.9,18.7,3.0,349,17,15.4,22.9,3.5,355,15,15.4,22.9,3.5,355,15,91,28.16,0.5,0,0,0,44.0,46.4,47.8,0.52,0.54,0.40
WALT,2019-11-08 09:15:00 EST,42.23950,-75.17879,1837,21.3,21.0,8.9,81.1,16.4,0.000,0.008,0.00,0.002,11.0,19.9,3.7,335,19,12.7,21.1,4.0,343,16,12.7,21.1,4.0,343,16,119,28.16,0.5,0,0,0,44.1,46.4,47.8,0.52,0.54,0.40
WALT,2019-11-08 09:20:00 EST,42.23950,-75.17879,1837,21.6,21.2,10.7,81.5,16.8,0.000,0.008,0.00,0.002,8.2,13.5,2.0,346,23,10.2,17.7,2.2,351,15,10.2,17.7,2.2,351,15,222,28.16,0.6,0,0,0,44.1,46.4,47.8,0.52,0.54,0.40
WALT,2019-11-08 09:25:00 EST,42.23950,-75.17879,1837,21.8,21.4,9.8,78.9,16.2,0.000,0.008,0.00,0.002,10.6,15.4,2.5,326,14,12.2,19.0,3.0,335,16,12.2,19.0,3.0,335,16,392,28.17,0.5,0,0,0,44.1,46.4,47.9,0.52,0.54,0.40
WALT,2019-11-08 09:30:00 EST,42.23950,-75.17879,1837,22.1,21.5,9.5,76.3,15.8,0.000,0.008,0.00,0.002,12.4,21.3,3.7,316,14,13.6,22.8,4.0,324,15,13.6,22.8,4.0,324,15,452,28.17,0.6,0,0,0,44.1,46.4,47.8,0.52,0.54,0.40
WALT,2019-11-08 09:35:00 EST,42.23950,-75.17879,1837,22.3,21.7,9.4,75.4,15.7,0.000,0.008,0.00,0.002,12.8,20.8,3.0,318,23,14.3,22.6,3.0,325,22,14.3,22.6,3.0,325,22,372,28.17,0.6,0,0,0,44.1,46.4,47.8,0.52,0.54,0.40
WALT,2019-11-08 09:40:00 EST,42.23950,-75.17879,1837,21.9,21.5,8.6,77.4,15.9,0.000,0.008,0.00,0.002,12.7,18.4,2.5,350,17,15.0,20.5,2.9,357,7,15.0,20.5,2.9,357,7,164,28.17,0.6,0,0,0,44.1,46.4,47.8,0.52,0.54,0.40
WALT,2019-11-08 09:45:00 EST,42.23950,-75.17879,1837,21.6,21.3,9.5,79.3,16.2,0.000,0.008,0.00,0.002,11.2,16.6,1.9,327,15,12.5,17.6,2.3,337,14,12.5,17.6,2.3,337,14,102,28.17,0.6,0,0,0,44.0,46.4,47.8,0.52,0.54,0.40
WALT,2019-11-08 09:50:00 EST,42.23950,-75.17879,1837,21.5,21.3,10.7,79.5,16.2,0.000,0.008,0.00,0.002,8.9,14.4,2.0,331,13,10.1,15.8,2.1,338,10,10.1,15.8,2.1,338,10,121,28.17,0.6,0,0,0,44.1,46.4,47.8,0.52,0.54,0.40
WALT,2019-11-08 09:55:00 EST,42.23950,-75.17879,1837,21.9,21.4,9.8,78.7,16.3,0.000,0.008,0.00,0.002,10.9,17.0,3.1,332,18,12.4,20.5,3.3,340,17,12.4,20.5,3.3,340,17,270,28.17,0.6,0,0,0,44.0,46.4,47.8,0.52,0.54,0.40
WALT,2019-11-08 10:00:00 EST,42.23950,-75.17879,1837,21.8,21.4,9.0,78.7,16.2,0.000,0.008,0.00,0.002,12.2,18.3,3.3,336,15,14.0,21.7,3.5,343,12,14.0,21.7,3.5,343,12,268,28.17,0.6,0,0,0,44.1,46.4,47.8,0.52,0.54,0.40
WALT,2019-11-08 10:05:00 EST,42.23950,-75.17879,1837,21.6,21.2,8.4,77.0,15.5,0.000,0.008,0.00,0.000,13.1,18.8,2.7,339,18,14.9,21.2,3.1,348,13,14.9,21.2,3.1,348,13,247,28.17,0.6,0,0,0,44.1,46.4,47.8,0.52,0.54,0.40
WALT,2019-11-08 10:10:00 EST,42.23950,-75.17879,1837,22.3,21.6,10.1,77.4,16.3,0.000,0.008,0.00,0.000,11.8,18.7,2.9,312,15,12.9,19.0,2.8,320,16,12.9,19.0,2.8,320,16,523,28.17,0.7,0,0,0,44.0,46.4,47.8,0.52,0.54,0.40
WALT,2019-11-08 10:15:00 EST,42.23950,-75.17879,1837,22.9,22.0,10.5,76.6,16.6,0.000,0.008,0.00,0.000,12.7,20.3,3.1,302,15,13.6,20.4,2.9,308,14,13.6,20.4,2.9,308,14,503,28.17,0.6,0,0,0,44.0,46.4,47.8,0.52,0.54,0.40
WALT,2019-11-08 10:20:00 EST,42.23950,-75.17879,1837,22.5,21.8,10.5,77.2,16.5,0.000,0.008,0.00,0.000,11.6,19.1,3.0,320,13,12.8,22.2,3.0,327,14,12.8,22.2,3.0,327,14,372,28.17,0.7,0,0,0,44.0,46.4,47.8,0.52,0.54,0.40
WALT,2019-11-08 10:25:00 EST,42.23950,-75.17879,1837,22.3,21.6,10.8,77.7,16.4,0.000,0.008,0.00,0.000,10.6,15.7,2.8,293,15,11.5,17.1,2.9,297,14,11.5,17.1,2.9,297,14,208,28.17,0.7,0,0,0,44.1,46.4,47.8,0.52,0.54,0.40
WALT,2019-11-08 10:30:00 EST,42.23950,-75.17879,1837,22.1,21.7,9.1,76.7,15.9,0.000,0.008,0.00,0.000,13.0,20.0,3.3,332,24,14.5,23.2,3.7,338,24,14.5,23.2,3.7,338,24,153,28.18,0.7,0,0,0,44.0,46.4,47.8,0.52,0.54,0.40
WALT,2019-11-08 10:35:00 EST,42.23950,-75.17879,1837,22.0,21.6,9.3,73.7,14.9,0.000,0.008,0.00,0.000,12.5,19.1,3.5,332,14,13.9,21.0,3.4,339,13,13.9,21.0,3.4,339,13,316,28.18,0.7,0,0,0,44.0,46.4,47.8,0.52,0.54,0.40
WALT,2019-11-08 10:40:00 EST,42.23950,-75.17879,1837,22.4,21.9,10.2,74.6,15.6,0.000,0.008,0.00,0.000,11.8,24.0,3.5,340,20,13.1,23.1,3.6,349,17,13.1,23.1,3.6,349,17,255,28.18,0.6,0,0,0,44.1,46.4,47.8,0.52,0.54,0.40
WALT,2019-11-08 10:45:00 EST,42.23950,-75.17879,1837,22.1,21.7,10.7,76.0,15.7,0.000,0.008,0.00,0.000,10.1,16.8,2.4,331,16,11.2,18.7,2.7,339,15,11.2,18.7,2.7,339,15,146,28.18,0.6,0,0,0,44.0,46.4,47.8,0.52,0.54,0.40
WALT,2019-11-08 10:50:00 EST,42.23950,-75.17879,1837,21.9,21.4,9.8,78.3,16.2,0.000,0.008,0.00,0.000,11.5,15.4,1.9,319,13,12.4,16.7,1.9,326,13,12.4,16.7,1.9,326,13,169,28.18,0.5,0,0,0,44.1,46.4,47.8,0.52,0.54,0.40
WALT,2019-11-08 10:55:00 EST,42.23950,-75.17879,1837,21.4,20.8,9.9,84.5,17.4,0.004,0.013,0.00,0.004,10.0,15.5,2.5,314,16,11.1,16.3,2.6,320,17,11.1,16.3,2.6,320,17,129,28.18,0.5,0,0,0,44.0,46.4,47.8,0.52,0.54,0.40
WALT,2019-11-08 11:00:00 EST,42.23950,-75.17879,1837,21.0,20.6,9.2,88.2,18.1,0.000,0.013,0.00,0.004,10.7,18.7,3.2,313,10,11.6,19.2,3.2,319,11,11.6,19.2,3.2,319,11,168,28.18,0.4,0,0,0,44.0,46.4,47.8,0.52,0.54,0.40
WALT,2019-11-08 11:05:00 EST,42.23950,-75.17879,1837,22.4,21.5,12.6,87.6,19.3,0.000,0.013,0.00,0.004,7.8,13.6,2.0,308,12,8.8,14.7,2.0,311,13,8.8,14.7,2.0,311,13,490,28.18,0.2,0,0,0,44.0,46.4,47.8,0.52,0.54,0.40
WALT,2019-11-08 11:10:00 EST,42.23950,-75.17879,1837,23.0,22.0,13.1,83.1,18.6,0.000,0.013,0.00,0.004,8.4,14.0,1.8,307,21,9.1,15.0,1.9,312,21,9.1,15.0,1.9,312,21,565,28.18,0.4,0,0,0,44.0,46.4,47.8,0.52,0.54,0.40
WALT,2019-11-08 11:15:00 EST,42.23950,-75.17879,1837,23.3,22.4,11.4,78.4,17.6,0.000,0.013,0.00,0.004,11.9,19.7,3.9,311,13,12.8,20.9,3.8,317,14,12.8,20.9,3.8,317,14,487,28.18,0.4,0,0,0,44.0,46.4,47.8,0.52,0.54,0.40
WALT,2019-11-08 11:20:00 EST,42.23950,-75.17879,1837,23.0,22.3,10.9,77.8,17.1,0.000,0.013,0.00,0.004,12.3,17.4,2.4,326,13,13.3,18.2,2.5,333,12,13.3,18.2,2.5,333,12,319,28.18,0.4,0,0,0,44.0,46.4,47.8,0.52,0.54,0.40
WALT,2019-11-08 11:25:00 EST,42.23950,-75.17879,1837,22.2,21.6,9.9,80.3,17.1,0.000,0.013,0.00,0.004,12.1,20.5,3.2,328,14,13.2,20.1,3.3,335,13,13.2,20.1,3.3,335,13,217,28.18,0.4,0,0,0,44.0,46.4,47.8,0.52,0.54,0.40
WALT,2019-11-08 11:30:00 EST,42.23950,-75.17879,1837,22.5,21.8,11.2,84.0,18.4,0.000,0.013,0.00,0.004,10.5,15.8,2.3,309,13,11.3,16.6,2.3,314,15,11.3,16.6,2.3,314,15,417,28.18,0.5,0,0,0,44.0,46.4,47.8,0.52,0.54,0.40
WALT,2019-11-08 11:35:00 EST,42.23950,-75.17879,1837,23.4,22.3,12.4,82.0,18.7,0.000,0.013,0.00,0.004,10.1,15.2,2.3,304,23,11.1,16.6,2.3,309,23,11.1,16.6,2.3,309,23,497,28.18,0.4,0,0,0,44.0,46.4,47.8,0.52,0.54,0.40
WALT,2019-11-08 11:40:00 EST,42.23950,-75.17879,1837,24.3,23.2,13.8,78.9,18.7,0.000,0.013,0.00,0.004,9.5,16.7,2.9,316,15,10.5,17.8,2.8,324,14,10.5,17.8,2.8,324,14,600,28.18,0.4,0,0,0,44.0,46.4,47.8,0.52,0.54,0.40
WALT,2019-11-08 11:45:00 EST,42.23950,-75.17879,1837,23.5,22.7,13.6,74.5,16.6,0.000,0.013,0.00,0.004,8.5,13.7,2.4,312,16,9.4,14.7,2.4,318,16,9.4,14.7,2.4,318,16,293,28.17,0.4,0,0,0,44.0,46.4,47.8,0.52,0.54,0.40
WALT,2019-11-08 11:50:00 EST,42.23950,-75.17879,1837,22.9,22.2,11.8,76.5,16.6,0.000,0.013,0.00,0.004,10.1,16.1,2.6,306,14,11.0,16.8,2.7,310,15,11.0,16.8,2.7,310,15,186,28.17,0.4,0,0,0,44.0,46.4,47.8,0.52,0.54,0.40
WALT,2019-11-08 11:55:00 EST,42.23950,-75.17879,1837,22.7,22.1,12.0,81.0,17.8,0.000,0.013,0.00,0.000,9.4,15.5,1.9,318,15,10.5,19.6,2.2,324,16,10.5,19.6,2.2,324,16,243,28.17,0.6,0,0,0,44.0,46.4,47.8,0.52,0.54,0.40
WALT,2019-11-08 12:00:00 EST,42.23950,-75.17879,1837,22.8,22.0,11.2,82.1,18.2,0.000,0.013,0.00,0.000,11.2,15.1,2.1,313,13,12.0,16.2,2.0,319,14,12.0,16.2,2.0,319,14,363,28.17,0.5,0,0,0,44.0,46.4,47.8,0.52,0.54,0.40
WALT,2019-11-08 12:05:00 EST,42.23950,-75.17879,1837,23.5,22.6,13.4,83.2,19.1,0.000,0.013,0.00,0.000,8.6,13.7,2.1,325,22,9.6,15.7,2.3,331,18,9.6,15.7,2.3,331,18,396,28.17,0.6,0,0,0,44.1,46.4,47.8,0.51,0.54,0.40
WALT,2019-11-08 12:10:00 EST,42.23950,-75.17879,1837,23.4,22.6,12.2,78.6,17.7,0.000,0.013,0.00,0.000,10.6,17.5,2.7,329,14,11.6,18.4,2.7,335,14,11.6,18.4,2.7,335,14,402,28.17,0.6,0,0,0,44.0,46.4,47.8,0.51,0.54,0.40
WALT,2019-11-08 12:15:00 EST,42.23950,-75.17879,1837,23.0,22.3,12.2,78.5,17.3,0.000,0.013,0.00,0.000,9.7,14.7,2.4,317,15,10.5,15.5,2.5,322,17,10.5,15.5,2.5,322,17,213,28.17,0.6,0,0,0,44.0,46.3,47.8,0.51,0.54,0.40
WALT,2019-11-08 12:20:00 EST,42.23950,-75.17879,1837,23.3,22.6,14.6,80.0,18.0,0.000,0.013,0.00,0.000,6.8,10.4,1.7,317,22,7.5,12.2,1.7,322,21,7.5,12.2,1.7,322,21,256,28.17,0.6,0,0,0,44.0,46.4,47.8,0.51,0.54,0.40
WALT,2019-11-08 12:25:00 EST,42.23950,-75.17879,1837,23.4,22.6,12.8,80.1,18.2,0.000,0.013,0.00,0.000,9.7,15.3,2.5,309,17,10.4,15.0,2.4,315,17,10.4,15.0,2.4,315,17,221,28.17,0.3,0,0,0,44.1,46.3,47.8,0.52,0.54,0.40
WALT,2019-11-08 12:30:00 EST,42.23950,-75.17879,1837,23.1,22.5,12.4,79.2,17.6,0.000,0.013,0.00,0.000,9.7,15.2,2.1,310,18,10.7,16.8,2.2,316,18,10.7,16.8,2.2,316,18,186,28.17,0.4,0,0,0,44.0,46.3,47.8,0.52,0.54,0.40
WALT,2019-11-08 12:35:00 EST,42.23950,-75.17879,1837,22.8,22.3,11.2,80.6,17.7,0.000,0.013,0.00,0.000,11.2,15.9,2.5,312,12,11.9,16.1,2.6,319,11,11.9,16.1,2.6,319,11,133,28.17,0.3,0,0,0,44.0,46.2,47.8,0.52,0.54,0.40
WALT,2019-11-08 12:40:00 EST,42.23950,-75.17879,1837,22.6,22.1,11.2,85.1,18.8,0.000,0.013,0.00,0.000,10.5,21.0,3.3,316,19,11.5,21.1,3.1,322,18,11.5,21.1,3.1,322,18,115,28.18,0.3,0,0,0,44.0,46.0,47.8,0.52,0.54,0.40
WALT,2019-11-08 12:45:00 EST,42.23950,-75.17879,1837,22.0,21.5,9.9,85.5,18.3,0.000,0.013,0.00,0.000,11.6,17.5,2.2,316,17,12.7,19.3,2.3,323,15,12.7,19.3,2.3,323,15,158,28.18,0.5,0,0,0,44.0,46.2,47.8,0.52,0.54,0.40
WALT,2019-11-08 12:50:00 EST,42.23950,-75.17879,1837,22.3,21.6,10.9,84.8,18.4,0.000,0.013,0.00,0.000,10.3,16.9,2.8,317,19,11.2,18.9,3.1,324,19,11.2,18.9,3.1,324,19,334,28.17,0.6,0,0,0,44.0,46.1,47.8,0.52,0.54,0.40
WALT,2019-11-08 12:55:00 EST,42.23950,-75.17879,1837,23.2,22.3,12.2,81.9,18.5,0.000,0.013,0.00,0.000,10.5,17.3,2.3,304,15,11.2,18.4,2.4,308,15,11.2,18.4,2.4,308,15,509,28.17,0.4,0,0,0,44.0,46.0,47.8,0.52,0.54,0.40
WALT,2019-11-08 13:00:00 EST,42.23950,-75.17879,1837,23.8,22.8,13.6,78.1,17.9,0.000,0.013,0.00,0.000,9.3,13.9,2.4,300,17,9.8,14.6,2.5,306,16,9.8,14.6,2.5,306,16,568,28.17,0.4,0,0,0,44.0,46.1,47.8,0.52,0.54,0.40
WALT,2019-11-08 13:05:00 EST,42.23950,-75.17879,1837,23.6,22.8,12.4,77.0,17.4,0.000,0.013,0.00,0.000,10.8,18.5,2.5,311,24,11.7,19.3,2.7,318,23,11.7,19.3,2.7,318,23,274,28.17,0.3,0,0,0,44.0,46.0,47.8,0.52,0.54,0.40
WALT,2019-11-08 13:10:00 EST,42.23950,-75.17879,1837,23.0,22.4,12.5,79.5,17.7,0.000,0.013,0.00,0.000,9.3,14.7,2.5,320,13,10.1,15.2,2.5,326,13,10.1,15.2,2.5,326,13,145,28.17,0.3,0,0,0,44.0,46.0,47.8,0.52,0.54,0.40
WALT,2019-11-08 13:15:00 EST,42.23950,-75.17879,1837,22.3,21.7,11.1,84.3,18.3,0.000,0.013,0.00,0.000,10.0,16.9,2.9,304,16,11.0,17.7,2.9,309,15,11.0,17.7,2.9,309,15,126,28.17,0.0,0,0,0,43.9,46.2,47.8,0.52,0.54,0.40
WALT,2019-11-08 13:20:00 EST,42.23950,-75.17879,1837,22.1,21.7,12.1,84.6,18.2,0.000,0.013,0.00,0.000,8.3,13.4,2.2,305,13,9.1,13.8,2.3,309,13,9.1,13.8,2.3,309,13,134,28.17,0.4,0,0,0,44.0,46.0,47.8,0.52,0.54,0.40
WALT,2019-11-08 13:25:00 EST,42.23950,-75.17879,1837,22.7,22.2,12.4,82.5,18.2,0.000,0.013,0.00,0.000,8.8,12.0,1.7,324,21,9.6,13.3,1.8,332,18,9.6,13.3,1.8,332,18,168,28.18,0.1,0,0,0,44.0,46.0,47.8,0.52,0.54,0.40
WALT,2019-11-08 13:30:00 EST,42.23950,-75.17879,1837,22.5,22.1,12.1,81.2,17.7,0.000,0.013,0.00,0.000,9.0,13.7,1.9,317,13,9.8,15.5,1.9,324,13,9.8,15.5,1.9,324,13,112,28.17,0.5,0,0,0,44.1,46.0,47.8,0.52,0.54,0.40
WALT,2019-11-08 13:35:00 EST,42.23950,-75.17879,1837,22.5,22.0,13.5,83.5,18.2,0.000,0.013,0.00,0.000,6.7,11.1,1.6,316,15,7.7,15.0,1.9,322,13,7.7,15.0,1.9,322,13,117,28.17,0.1,0,0,0,44.0,46.0,47.8,0.52,0.54,0.40
WALT,2019-11-08 13:40:00 EST,42.23950,-75.17879,1837,22.7,22.2,11.9,80.7,17.6,0.000,0.013,0.00,0.000,9.6,13.1,2.0,320,16,10.4,14.3,1.9,327,16,10.4,14.3,1.9,327,16,179,28.17,0.1,0,0,0,44.0,46.0,47.8,0.52,0.54,0.40
WALT,2019-11-08 13:45:00 EST,42.23950,-75.17879,1837,22.7,22.3,11.1,77.7,16.8,0.000,0.013,0.00,0.000,11.0,16.6,2.0,332,14,11.9,18.6,2.3,341,13,11.9,18.6,2.3,341,13,141,28.18,0.1,0,0,0,44.0,46.0,47.8,0.52,0.54,0.40
WALT,2019-11-08 13:50:00 EST,42.23950,-75.17879,1837,22.6,22.3,10.2,76.2,16.3,0.000,0.013,0.00,0.000,12.3,17.8,2.5,347,15,13.7,20.7,3.0,354,11,13.7,20.7,3.0,354,11,171,28.18,0.1,0,0,0,44.0,46.0,47.8,0.52,0.54,0.40
WALT,2019-11-08 13:55:00 EST,42.23950,-75.17879,1837,22.8,22.4,13.4,77.8,16.9,0.000,0.013,0.00,0.000,7.4,10.6,1.4,324,22,8.3,12.1,1.7,329,22,8.3,12.1,1.7,329,22,147,28.17,0.0,0,0,0,44.0,46.0,47.8,0.52,0.54,0.40
WALT,2019-11-08 14:00:00 EST,42.23950,-75.17879,1837,23.3,22.6,13.4,75.2,16.6,0.000,0.013,0.00,0.000,8.3,13.6,2.2,333,12,9.3,16.9,2.4,340,12,9.3,16.9,2.4,340,12,297,28.17,0.0,0,0,0,44.1,46.0,47.8,0.52,0.54,0.40
WALT,2019-11-08 14:05:00 EST,42.23950,-75.17879,1837,23.3,22.7,14.4,73.0,16.0,0.000,0.013,0.00,0.000,7.2,12.1,2.2,305,21,7.9,12.4,2.1,311,21,7.9,12.4,2.1,311,21,209,28.17,0.2,0,0,0,44.0,46.0,47.8,0.52,0.54,0.40
WALT,2019-11-08 14:10:00 EST,42.23950,-75.17879,1837,23.4,23.0,14.5,73.9,16.3,0.000,0.013,0.00,0.000,7.1,12.8,2.2,342,21,7.8,14.6,2.5,349,19,7.8,14.6,2.5,349,19,147,28.18,0.2,0,0,0,44.0,46.0,47.8,0.52,0.54,0.40
WALT,2019-11-08 14:15:00 EST,42.23950,-75.17879,1837,23.1,22.6,11.6,75.0,16.3,0.000,0.013,0.00,0.000,10.9,18.9,3.2,334,14,12.1,21.5,3.6,341,13,12.1,21.5,3.6,341,13,145,28.18,0.2,0,0,0,44.0,46.0,47.8,0.52,0.54,0.40
WALT,2019-11-08 14:20:00 EST,42.23950,-75.17879,1837,22.4,22.1,12.2,81.2,17.5,0.000,0.013,0.00,0.000,8.7,12.7,1.5,325,20,9.5,14.7,1.8,333,14,9.5,14.7,1.8,333,14,86,28.18,0.1,0,0,0,44.0,46.0,47.8,0.52,0.54,0.40
WALT,2019-11-08 14:25:00 EST,42.23950,-75.17879,1837,22.3,21.9,10.3,82.8,17.9,0.000,0.013,0.00,0.000,11.4,17.0,2.8,342,21,12.6,21.3,3.2,350,15,12.6,21.3,3.2,350,15,95,28.18,0.2,0,0,0,44.0,46.0,47.8,0.52,0.54,0.40
WALT,2019-11-08 14:30:00 EST,42.23950,-75.17879,1837,22.6,22.1,11.0,76.6,16.4,0.000,0.013,0.00,0.000,10.7,15.7,2.3,344,13,12.0,17.7,2.6,353,10,12.0,17.7,2.6,353,10,241,28.18,0.4,0,0,0,44.0,46.0,47.8,0.52,0.54,0.40
WALT,2019-11-08 14:35:00 EST,42.23950,-75.17879,1837,22.8,22.4,13.6,75.3,16.2,0.000,0.013,0.00,0.000,7.4,11.7,1.9,321,15,8.1,12.5,2.0,328,15,8.1,12.5,2.0,328,15,106,28.18,0.4,0,0,0,44.0,46.0,47.8,0.52,0.54,0.40
WALT,2019-11-08 14:40:00 EST,42.23950,-75.17879,1837,22.5,22.3,14.4,75.2,15.8,0.000,0.013,0.00,0.000,5.9,9.7,1.3,323,23,6.6,9.7,1.4,330,19,6.6,9.7,1.4,330,19,101,28.18,0.4,0,0,0,43.9,46.0,47.8,0.52,0.54,0.40
WALT,2019-11-08 14:45:00 EST,42.23950,-75.17879,1837,22.8,22.4,12.8,73.4,15.5,0.000,0.013,0.00,0.000,8.3,13.7,2.4,327,15,9.1,15.3,2.5,335,14,9.1,15.3,2.5,335,14,126,28.19,0.4,0,0,0,44.0,46.0,47.8,0.52,0.54,0.40
WALT,2019-11-08 14:50:00 EST,42.23950,-75.17879,1837,23.3,22.8,13.5,73.1,16.0,0.000,0.013,0.00,0.000,8.5,13.7,2.4,321,16,9.1,14.3,2.4,328,16,9.1,14.3,2.4,328,16,258,28.19,0.4,0,0,0,44.0,46.0,47.8,0.52,0.54,0.40
WALT,2019-11-08 14:55:00 EST,42.23950,-75.17879,1837,23.5,23.0,13.6,71.6,15.6,0.000,0.013,0.00,0.000,8.6,16.2,2.9,316,16,9.3,16.7,3.0,325,15,9.3,16.7,3.0,325,15,207,28.19,0.3,0,0,0,44.0,46.0,47.8,0.52,0.54,0.40
WALT,2019-11-08 15:00:00 EST,42.23950,-75.17879,1837,23.2,22.8,11.9,71.8,15.4,0.000,0.013,0.00,0.000,10.8,16.4,2.7,309,14,11.7,17.7,2.9,314,14,11.7,17.7,2.9,314,14,155,28.19,0.3,0,0,0,44.0,46.0,47.8,0.52,0.54,0.40
WALT,2019-11-08 15:05:00 EST,42.23950,-75.17879,1837,23.1,22.8,12.5,71.7,15.3,0.000,0.013,0.00,0.000,9.8,15.8,2.0,311,12,10.5,15.6,1.8,316,11,10.5,15.6,1.8,316,11,152,28.19,0.3,0,0,0,44.0,46.0,47.8,0.52,0.54,0.40
WALT,2019-11-08 15:10:00 EST,42.23950,-75.17879,1837,23.0,22.7,12.7,74.8,16.2,0.000,0.013,0.00,0.000,8.9,15.1,1.9,326,13,9.8,15.7,2.0,333,13,9.8,15.7,2.0,333,13,75,28.19,0.2,0,0,0,44.0,46.0,47.8,0.52,0.54,0.40
WALT,2019-11-08 15:15:00 EST,42.23950,-75.17879,1837,22.5,22.3,12.0,79.7,17.2,0.000,0.013,0.00,0.000,9.0,14.1,2.0,351,23,9.9,16.5,2.2,357,12,9.9,16.5,2.2,357,12,47,28.19,0.3,0,0,0,44.0,46.0,47.8,0.52,0.54,0.40
WALT,2019-11-08 15:20:00 EST,42.23950,-75.17879,1837,22.3,22.1,12.1,78.3,16.6,0.000,0.013,0.00,0.000,8.5,12.6,2.1,333,25,9.3,14.3,2.3,343,17,9.3,14.3,2.3,343,17,37,28.20,0.2,0,0,0,44.0,46.0,47.8,0.52,0.54,0.40
WALT,2019-11-08 15:25:00 EST,42.23950,-75.17879,1837,22.5,22.3,10.7,74.9,15.7,0.000,0.013,0.00,0.000,11.3,15.5,2.3,333,18,12.2,18.9,2.4,341,16,12.2,18.9,2.4,341,16,96,28.20,0.4,0,0,0,43.9,46.0,47.8,0.52,0.54,0.40
WALT,2019-11-08 15:30:00 EST,42.23950,-75.17879,1837,22.3,22.2,10.3,70.8,14.3,0.000,0.013,0.00,0.000,11.4,18.7,2.2,331,21,12.5,19.3,2.3,339,18,12.5,19.3,2.3,339,18,62,28.20,0.5,0,0,0,44.0,46.0,47.8,0.52,0.54,0.40
WALT,2019-11-08 15:35:00 EST,42.23950,-75.17879,1837,22.2,22.0,10.3,69.3,13.7,0.000,0.013,0.00,0.000,11.4,20.2,3.2,338,20,12.2,21.8,3.5,345,12,12.2,21.8,3.5,345,12,80,28.20,0.7,0,0,0,43.9,46.0,47.8,0.52,0.54,0.40
WALT,2019-11-08 15:40:00 EST,42.23950,-75.17879,1837,22.3,22.1,12.5,71.3,14.4,0.000,0.013,0.00,0.000,7.9,11.1,1.5,323,15,8.8,12.8,1.4,330,14,8.8,12.8,1.4,330,14,74,28.20,0.7,0,0,0,44.0,46.0,47.8,0.52,0.54,0.40
WALT,2019-11-08 15:45:00 EST,42.23950,-75.17879,1837,22.1,22.1,11.9,71.0,14.2,0.000,0.013,0.00,0.000,8.5,13.7,2.3,316,14,9.4,14.1,2.3,321,12,9.4,14.1,2.3,321,12,58,28.20,0.8,0,0,0,43.9,46.0,47.7,0.52,0.54,0.40
WALT,2019-11-08 15:50:00 EST,42.23950,-75.17879,1837,22.0,22.0,11.2,71.5,14.2,0.000,0.013,0.00,0.000,9.3,19.7,4.3,317,17,10.1,20.4,4.3,323,17,10.1,20.4,4.3,323,17,49,28.20,0.8,0,0,0,44.0,46.0,47.8,0.52,0.54,0.40
WALT,2019-11-08 15:55:00 EST,42.23950,-75.17879,1837,21.9,21.9,11.0,69.8,13.5,0.000,0.013,0.00,0.000,9.6,15.0,1.8,315,15,10.4,15.1,1.8,322,13,10.4,15.1,1.8,322,13,50,28.20,0.8,0,0,0,44.0,46.0,47.7,0.51,0.54,0.40
WALT,2019-11-08 16:00:00 EST,42.23950,-75.17879,1837,22.0,21.9,10.3,68.9,13.3,0.000,0.013,0.00,0.000,10.7,18.2,2.9,331,17,11.8,18.8,2.8,337,17,11.8,18.8,2.8,337,17,67,28.20,0.9,0,0,0,43.9,46.0,47.8,0.51,0.54,0.40
WALT,2019-11-08 16:05:00 EST,42.23950,-75.17879,1837,22.1,21.9,12.0,69.9,13.8,0.000,0.013,0.00,0.000,8.1,14.3,3.2,335,18,9.1,15.2,3.1,342,16,9.1,15.2,3.1,342,16,80,28.21,0.8,0,0,0,44.0,46.0,47.7,0.51,0.54,0.40
WALT,2019-11-08 16:10:00 EST,42.23950,-75.17879,1837,22.0,21.8,11.4,73.0,14.7,0.000,0.013,0.00,0.000,9.0,13.8,1.9,342,21,9.9,16.9,2.2,349,13,9.9,16.9,2.2,349,13,74,28.21,0.9,0,0,0,43.9,46.0,47.7,0.51,0.54,0.40
WALT,2019-11-08 16:15:00 EST,42.23950,-75.17879,1837,21.8,21.6,10.5,73.8,14.7,0.000,0.013,0.00,0.000,10.0,15.5,2.5,339,13,11.0,17.6,2.7,347,11,11.0,17.6,2.7,347,11,63,28.21,0.9,0,0,0,43.8,46.0,47.8,0.51,0.54,0.40
WALT,2019-11-08 16:20:00 EST,42.23950,-75.17879,1837,21.6,21.5,10.8,74.4,14.7,0.000,0.013,0.00,0.000,9.2,14.5,2.5,338,13,10.0,17.1,2.7,346,11,10.0,17.1,2.7,346,11,37,28.21,0.9,0,0,0,43.9,46.0,47.7,0.51,0.54,0.40
WALT,2019-11-08 16:25:00 EST,42.23950,-75.17879,1837,21.3,21.3,10.9,74.9,14.6,0.000,0.013,0.00,0.000,8.4,14.0,2.2,336,22,9.2,16.1,2.4,342,21,9.2,16.1,2.4,342,21,19,28.21,1.0,0,0,0,44.0,46.0,47.8,0.51,0.54,0.40
WALT,2019-11-08 16:30:00 EST,42.23950,-75.17879,1837,21.2,21.3,11.8,76.1,14.9,0.000,0.013,0.00,0.000,7.1,14.4,3.1,324,17,7.8,16.1,3.2,331,16,7.8,16.1,3.2,331,16,18,28.21,1.1,0,0,0,44.0,46.0,47.5,0.51,0.54,0.40
WALT,2019-11-08 16:35:00 EST,42.23950,-75.17879,1837,21.3,21.3,10.2,75.4,14.7,0.000,0.013,0.00,0.000,9.5,16.0,2.6,311,14,10.4,17.0,2.6,317,15,10.4,17.0,2.6,317,15,23,28.21,1.0,0,0,0,44.0,46.0,47.6,0.51,0.54,0.40
WALT,2019-11-08 16:40:00 EST,42.23950,-75.17879,1837,21.1,21.1,12.2,77.6,15.2,0.000,0.013,0.00,0.000,6.3,10.1,2.0,317,17,7.2,11.2,2.0,325,17,7.2,11.2,2.0,325,17,13,28.22,1.0,0,0,0,43.8,46.0,47.5,0.51,0.54,0.40
WALT,2019-11-08 16:45:00 EST,42.23950,-75.17879,1837,20.8,21.0,10.9,77.6,14.9,0.000,0.013,0.00,0.000,7.7,11.5,1.4,329,16,8.5,13.2,1.6,336,15,8.5,13.2,1.6,336,15,7,28.22,1.1,0,0,0,43.9,46.0,47.5,0.51,0.54,0.40
WALT,2019-11-08 16:50:00 EST,42.23950,-75.17879,1837,20.8,20.9,10.8,77.0,14.8,0.000,0.013,0.00,0.000,7.8,12.6,1.8,308,12,8.6,13.3,1.9,314,12,8.6,13.3,1.9,314,12,4,28.22,1.1,0,0,0,44.0,46.0,47.5,0.51,0.54,0.40
WALT,2019-11-08 16:55:00 EST,42.23950,-75.17879,1837,20.7,20.8,12.5,76.9,14.6,0.000,0.013,0.00,0.000,5.6,9.5,1.7,330,15,6.3,10.5,1.6,336,14,6.3,10.5,1.6,336,14,2,28.22,1.1,0,0,0,44.0,46.0,47.5,0.51,0.54,0.40
WALT,2019-11-08 17:00:00 EST,42.23950,-75.17879,1837,20.4,20.7,10.8,77.4,14.5,0.000,0.013,0.00,0.000,7.3,12.6,1.9,322,21,8.0,13.9,2.0,330,19,8.0,13.9,2.0,330,19,1,28.22,,0,0,0,43.9,46.0,47.5,0.51,0.54,0.40
WALT,2019-11-08 17:05:00 EST,42.23950,-75.17879,1837,20.5,20.7,9.6,76.1,14.2,0.000,0.013,0.00,0.000,9.1,14.8,2.3,324,10,9.9,15.8,2.2,331,11,9.9,15.8,2.2,331,11,1,28.22,,0,0,0,44.0,46.0,47.5,0.51,0.54,0.40
WALT,2019-11-08 17:10:00 EST,42.23950,-75.17879,1837,20.2,20.4,10.9,77.7,14.4,0.000,0.013,0.00,0.000,7.0,11.0,1.5,322,15,7.6,12.6,1.6,331,14,7.6,12.6,1.6,331,14,0,28.22,1.4,0,0,0,43.9,46.0,47.5,0.51,0.54,0.40
WALT,2019-11-08 17:15:00 EST,42.23950,-75.17879,1837,20.0,20.3,10.4,77.9,14.3,0.000,0.013,0.00,0.000,7.4,10.2,1.3,323,13,7.8,11.1,1.4,329,14,7.8,11.1,1.4,329,14,0,28.23,1.1,0,0,0,43.9,46.0,47.5,0.51,0.54,0.40
WALT,2019-11-08 17:20:00 EST,42.23950,-75.17879,1837,19.8,20.1,11.4,79.3,14.4,0.000,0.013,0.00,0.000,5.5,8.5,1.5,328,14,6.3,9.4,1.5,335,13,6.3,9.4,1.5,335,13,0,28.23,1.1,0,0,0,43.9,46.0,47.5,0.51,0.54,0.40
WALT,2019-11-08 17:25:00 EST,42.23950,-75.17879,1837,20.0,20.2,11.0,79.2,14.6,0.000,0.013,0.00,0.000,6.6,9.6,1.2,322,12,7.1,10.4,1.5,328,11,7.1,10.4,1.5,328,11,0,28.23,1.0,0,0,0,43.9,46.0,47.5,0.51,0.54,0.40
WALT,2019-11-08 17:30:00 EST,42.23950,-75.17879,1837,20.0,20.2,10.5,78.7,14.5,0.000,0.013,0.00,0.000,7.0,10.2,1.5,315,12,7.7,11.4,1.5,322,13,7.7,11.4,1.5,322,13,0,28.23,1.0,0,0,0,43.9,46.0,47.5,0.51,0.54,0.40
WALT,2019-11-08 17:35:00 EST,42.23950,-75.17879,1837,19.9,20.1,10.4,78.7,14.4,0.000,0.013,0.00,0.000,6.9,12.9,2.1,317,14,7.6,12.9,2.1,324,14,7.6,12.9,2.1,324,14,0,28.23,1.0,0,0,0,43.9,46.0,47.5,0.51,0.54,0.40
WALT,2019-11-08 17:40:00 EST,42.23950,-75.17879,1837,20.0,20.2,10.6,77.8,14.2,0.000,0.013,0.00,0.000,6.9,12.4,1.9,317,13,7.5,13.2,1.8,323,14,7.5,13.2,1.8,323,14,0,28.23,1.0,0,0,0,43.9,46.0,47.5,0.51,0.54,0.40
WALT,2019-11-08 17:45:00 EST,42.23950,-75.17879,1837,20.0,20.1,10.1,78.6,14.4,0.000,0.013,0.00,0.000,7.5,14.9,2.1,314,20,8.2,15.1,2.0,321,17,8.2,15.1,2.0,321,17,0,28.24,1.0,0,0,0,43.9,46.0,47.5,0.51,0.54,0.40
WALT,2019-11-08 17:50:00 EST,42.23950,-75.17879,1837,19.9,20.1,10.5,78.5,14.3,0.000,0.013,0.00,0.000,6.9,12.5,1.9,310,14,7.5,13.0,1.9,315,13,7.5,13.0,1.9,315,13,0,28.24,1.0,0,0,0,43.8,46.0,47.5,0.51,0.54,0.40
WALT,2019-11-08 17:55:00 EST,42.23950,-75.17879,1837,19.7,20.0,8.6,79.4,14.4,0.000,0.013,0.00,0.000,9.1,15.3,2.6,318,12,9.9,17.1,2.8,326,11,9.9,17.1,2.8,326,11,0,28.24,1.0,0,0,0,43.8,46.0,47.5,0.51,0.54,0.40
WALT,2019-11-08 18:00:00 EST,42.23950,-75.17879,1837,19.8,20.0,8.5,78.7,14.2,0.000,0.013,0.00,0.000,9.0,13.4,1.9,319,12,10.0,14.2,1.7,326,11,10.0,14.2,1.7,326,11,0,28.24,1.0,0,0,0,43.9,46.0,47.5,0.51,0.54,0.40
WALT,2019-11-08 18:05:00 EST,42.23950,-75.17879,1837,19.6,19.8,9.3,79.3,14.2,0.000,0.013,0.00,0.000,8.0,12.2,1.9,322,13,8.6,12.8,1.9,330,13,8.6,12.8,1.9,330,13,0,28.24,1.0,0,0,0,43.9,46.0,47.5,0.51,0.54,0.40
WALT,2019-11-08 18:10:00 EST,42.23950,-75.17879,1837,19.3,19.5,10.1,80.3,14.2,0.000,0.013,0.00,0.000,6.4,11.8,1.7,329,14,7.1,12.8,1.7,337,13,7.1,12.8,1.7,337,13,0,28.24,1.0,0,0,0,43.9,46.0,47.5,0.51,0.54,0.40
WALT,2019-11-08 18:15:00 EST,42.23950,-75.17879,1837,19.2,19.5,10.4,80.8,14.3,0.000,0.013,0.00,0.000,6.0,10.8,2.0,331,17,6.6,11.7,2.1,338,15,6.6,11.7,2.1,338,15,0,28.25,0.9,0,0,0,43.8,46.0,47.5,0.51,0.54,0.40
WALT,2019-11-08 18:20:00 EST,42.23950,-75.17879,1837,19.1,19.4,10.2,81.1,14.3,0.000,0.013,0.00,0.000,6.2,10.7,1.7,325,12,6.7,10.9,1.8,331,13,6.7,10.9,1.8,331,13,0,28.25,1.1,0,0,0,43.8,46.0,47.5,0.51,0.54,0.40
WALT,2019-11-08 18:25:00 EST,42.23950,-75.17879,1837,19.1,19.4,11.1,81.1,14.2,0.000,0.013,0.00,0.000,5.2,7.7,1.1,320,13,5.8,7.9,1.2,327,13,5.8,7.9,1.2,327,13,0,28.25,1.1,0,0,0,43.8,46.0,47.5,0.51,0.54,0.40
WALT,2019-11-08 18:30:00 EST,42.23950,-75.17879,1837,18.8,19.1,12.2,81.8,14.1,0.000,0.013,0.00,0.000,4.0,5.8,0.8,308,15,4.4,6.5,0.9,315,14,4.4,6.5,0.9,315,14,0,28.25,1.0,0,0,0,43.8,46.0,47.5,0.51,0.54,0.40
WALT,2019-11-08 18:35:00 EST,42.23950,-75.17879,1837,18.6,19.0,11.8,82.7,14.2,0.000,0.013,0.00,0.000,4.3,7.6,1.1,313,15,4.6,7.3,1.1,320,15,4.6,7.3,1.1,320,15,0,28.26,1.0,0,0,0,43.9,46.0,47.5,0.51,0.53,0.40
WALT,2019-11-08 18:40:00 EST,42.23950,-75.17879,1837,18.6,19.0,10.9,82.4,14.2,0.000,0.013,0.00,0.000,4.8,8.5,1.5,311,16,5.4,9.1,1.5,317,16,5.4,9.1,1.5,317,16,0,28.26,1.0,0,0,0,43.8,46.0,47.5,0.51,0.53,0.40
WALT,2019-11-08 18:45:00 EST,42.23950,-75.17879,1837,18.4,18.8,11.3,82.8,14.0,0.000,0.013,0.00,0.000,4.2,6.7,1.0,314,13,4.8,7.9,1.1,321,12,4.8,7.9,1.1,321,12,0,28.26,1.0,0,0,0,43.8,46.0,47.5,0.51,0.53,0.40
WALT,2019-11-08 18:50:00 EST,42.23950,-75.17879,1837,18.4,18.7,10.7,83.7,14.3,0.000,0.013,0.00,0.000,4.7,8.1,1.0,319,14,5.3,8.9,1.1,326,16,5.3,8.9,1.1,326,16,0,28.26,1.1,0,0,0,43.8,46.0,47.5,0.50,0.54,0.40
WALT,2019-11-08 18:55:00 EST,42.23950,-75.17879,1837,18.5,18.7,10.9,83.4,14.3,0.000,0.013,0.00,0.000,4.6,8.3,1.3,323,15,5.3,9.0,1.3,331,15,5.3,9.0,1.3,331,15,0,28.26,1.0,0,0,0,43.9,46.0,47.5,0.50,0.54,0.40
WALT,2019-11-08 19:00:00 EST,42.23950,-75.17879,1837,18.4,18.7,11.3,82.8,14.0,0.000,0.013,0.00,0.000,4.1,6.5,1.1,338,20,4.8,7.6,1.1,344,18,4.8,7.6,1.1,344,18,0,28.26,1.0,0,0,0,43.7,46.0,47.5,0.50,0.54,0.40
WALT,2019-11-08 19:05:00 EST,42.23950,-75.17879,1837,18.2,18.6,11.0,83.1,14.0,0.000,0.013,0.00,0.000,4.3,6.4,0.8,342,18,4.9,7.4,0.9,349,15,4.9,7.4,0.9,349,15,0,28.26,1.0,0,0,0,43.8,46.0,47.5,0.50,0.54,0.40
WALT,2019-11-08 19:10:00 EST,42.23950,-75.17879,1837,17.8,18.4,10.4,83.4,13.6,0.000,0.013,0.00,0.000,4.4,6.6,0.7,329,15,5.0,7.2,0.9,336,13,5.0,7.2,0.9,336,13,0,28.26,1.0,0,0,0,43.7,46.0,47.5,0.50,0.54,0.40
WALT,2019-11-08 19:15:00 EST,42.23950,-75.17879,1837,17.9,18.4,10.2,85.0,14.1,0.000,0.013,0.00,0.000,4.7,7.9,1.1,323,11,5.3,8.1,1.1,329,12,5.3,8.1,1.1,329,12,0,28.26,1.1,0,0,0,43.6,46.0,47.5,0.50,0.54,0.40
WALT,2019-11-08 19:20:00 EST,42.23950,-75.17879,1837,17.8,18.2,10.6,84.9,14.1,0.000,0.013,0.00,0.000,4.4,5.9,0.7,311,8,4.9,6.7,0.7,317,8,4.9,6.7,0.7,317,8,0,28.26,1.0,0,0,0,43.7,46.0,47.5,0.50,0.54,0.40
WALT,2019-11-08 19:25:00 EST,42.23950,-75.17879,1837,17.5,18.0,10.4,86.1,14.1,0.000,0.013,0.00,0.000,4.3,6.5,0.8,310,10,4.8,7.2,0.9,314,10,4.8,7.2,0.9,314,10,0,28.26,1.0,0,0,0,43.6,46.0,47.5,0.50,0.54,0.40
WALT,2019-11-08 19:30:00 EST,42.23950,-75.17879,1837,17.3,17.8,10.2,86.6,14.0,0.000,0.013,0.00,0.000,4.1,5.8,0.6,309,12,4.6,6.6,0.7,314,11,4.6,6.6,0.7,314,11,0,28.26,1.0,0,0,0,43.7,46.0,47.5,0.50,0.54,0.40
WALT,2019-11-08 19:35:00 EST,42.23950,-75.17879,1837,17.3,17.8,11.4,87.3,14.2,0.000,0.013,0.00,0.000,3.5,6.6,0.9,311,10,3.8,7.1,1.1,317,10,3.8,7.1,1.1,317,10,0,28.26,1.0,0,0,0,43.7,46.0,47.5,0.50,0.54,0.40
WALT,2019-11-08 19:40:00 EST,42.23950,-75.17879,1837,17.0,17.6,17.0,87.8,14.0,0.000,0.013,0.00,0.000,2.4,3.4,0.5,312,12,2.7,4.0,0.5,317,11,2.7,4.0,0.5,317,11,0,28.26,0.9,0,0,0,43.7,46.0,47.5,0.50,0.54,0.40
WALT,2019-11-08 19:45:00 EST,42.23950,-75.17879,1837,17.0,17.4,17.0,89.2,14.3,0.000,0.013,0.00,0.000,2.4,4.0,0.6,339,11,3.0,4.1,0.6,346,11,3.0,4.1,0.6,346,11,0,28.26,0.9,0,0,0,43.7,46.0,47.5,0.50,0.54,0.40
WALT,2019-11-08 19:50:00 EST,42.23950,-75.17879,1837,17.0,17.4,11.7,89.0,14.3,0.000,0.013,0.00,0.000,2.9,4.4,0.7,330,13,3.4,5.0,0.7,336,14,3.4,5.0,0.7,336,14,0,28.26,1.0,0,0,0,43.7,46.0,47.5,0.50,0.54,0.40
WALT,2019-11-08 19:55:00 EST,42.23950,-75.17879,1837,17.1,17.4,17.1,89.0,14.4,0.000,0.013,0.00,0.000,2.5,4.5,0.8,333,17,3.0,4.9,0.8,342,16,3.0,4.9,0.8,342,16,0,28.26,0.9,0,0,0,43.6,46.0,47.5,0.50,0.54,0.40
WALT,2019-11-08 20:00:00 EST,42.23950,-75.17879,1837,17.0,17.3,17.0,89.0,14.4,0.000,0.013,0.00,0.000,1.8,3.2,0.6,336,23,2.2,4.5,0.7,343,22,2.2,4.5,0.7,343,22,0,28.26,0.9,0,0,0,43.6,46.0,47.5,0.50,0.54,0.40
WALT,2019-11-08 20:05:00 EST,42.23950,-75.17879,1837,17.0,17.3,17.0,89.5,14.4,0.000,0.013,0.00,0.000,1.6,3.2,0.6,343,19,2.2,4.1,0.8,350,18,2.2,4.1,0.8,350,18,0,28.26,0.9,0,0,0,43.6,46.0,47.5,0.50,0.53,0.40
WALT,2019-11-08 20:10:00 EST,42.23950,-75.17879,1837,16.8,17.2,16.8,89.6,14.2,0.000,0.013,0.00,0.000,0.5,2.0,0.5,329,15,0.9,2.2,0.6,339,24,0.9,2.2,0.6,339,24,0,28.26,0.9,0,0,0,43.6,46.0,47.5,0.50,0.54,0.40
WALT,2019-11-08 20:15:00 EST,42.23950,-75.17879,1837,16.5,17.2,16.5,89.8,14.0,0.000,0.013,0.00,0.000,0.4,1.4,0.4,337,11,0.7,1.7,0.6,346,18,0.7,1.7,0.6,346,18,0,28.27,0.9,0,0,0,43.6,46.0,47.5,0.50,0.54,0.40
WALT,2019-11-08 20:20:00 EST,42.23950,-75.17879,1837,16.7,17.3,16.7,90.9,14.5,0.000,0.013,0.00,0.000,1.5,3.0,0.8,6,43,2.0,3.6,0.8,8,47,2.0,3.6,0.8,8,47,0,28.27,1.0,0,0,0,43.5,46.0,47.5,0.50,0.54,0.40
WALT,2019-11-08 20:25:00 EST,42.23950,-75.17879,1837,16.6,17.3,16.6,90.1,14.2,0.000,0.013,0.00,0.000,1.6,3.5,0.8,26,29,2.0,4.0,0.8,29,28,2.0,4.0,0.8,29,28,0,28.27,1.0,0,0,0,43.5,46.0,47.5,0.50,0.54,0.40
WALT,2019-11-08 20:30:00 EST,42.23950,-75.17879,1837,16.7,17.3,11.9,90.0,14.2,0.000,0.013,0.00,0.000,2.7,5.3,1.0,27,26,3.1,6.9,1.1,33,25,3.1,6.9,1.1,33,25,0,28.27,1.0,0,0,0,43.5,46.0,47.5,0.50,0.54,0.40
WALT,2019-11-08 20:35:00 EST,42.23950,-75.17879,1837,16.6,17.3,11.2,90.0,14.2,0.000,0.013,0.00,0.000,3.2,5.0,0.7,25,14,3.4,5.7,0.9,32,14,3.4,5.7,0.9,32,14,0,28.27,0.9,0,0,0,43.5,46.0,47.5,0.50,0.54,0.40
WALT,2019-11-08 20:40:00 EST,42.23950,-75.17879,1837,16.5,17.2,11.5,90.1,14.1,0.000,0.013,0.00,0.000,2.9,4.2,0.6,29,13,3.1,4.7,0.7,35,11,3.1,4.7,0.7,35,11,0,28.27,0.9,0,0,0,43.4,45.9,47.5,0.50,0.54,0.40
WALT,2019-11-08 20:45:00 EST,42.23950,-75.17879,1837,16.6,17.2,11.7,90.2,14.2,0.000,0.013,0.00,0.000,2.8,4.2,0.6,25,14,3.1,4.9,0.8,32,13,3.1,4.9,0.8,32,13,0,28.27,0.9,0,0,0,43.4,46.0,47.5,0.50,0.54,0.40
WALT,2019-11-08 20:50:00 EST,42.23950,-75.17879,1837,16.6,17.1,11.9,90.3,14.3,0.000,0.013,0.00,0.000,2.9,4.7,0.6,25,16,3.0,5.3,0.7,31,15,3.0,5.3,0.7,31,15,0,28.27,1.0,0,0,0,43.3,45.9,47.5,0.50,0.54,0.40
WALT,2019-11-08 20:55:00 EST,42.23950,-75.17879,1837,16.6,17.2,11.2,90.2,14.2,0.000,0.013,0.00,0.000,3.1,4.2,0.5,16,14,3.4,5.5,0.7,23,15,3.4,5.5,0.7,23,15,0,28.28,0.9,0,0,0,43.4,45.9,47.5,0.50,0.54,0.40
WALT,2019-11-08 21:00:00 EST,42.23950,-75.17879,1837,16.2,17.0,10.2,90.1,13.8,0.000,0.013,0.00,0.000,3.3,4.2,0.4,5,12,3.8,4.8,0.5,10,11,3.8,4.8,0.5,10,11,0,28.28,0.9,0,0,0,43.3,46.0,47.5,0.50,0.54,0.40
WALT,2019-11-08 21:05:00 EST,42.23950,-75.17879,1837,16.3,17.0,9.8,90.8,14.1,0.000,0.013,0.00,0.000,3.7,5.5,0.5,13,13,4.1,5.9,0.6,18,10,4.1,5.9,0.6,18,10,0,28.28,1.1,0,0,0,43.3,46.0,47.5,0.50,0.54,0.40
WALT,2019-11-08 21:10:00 EST,42.23950,-75.17879,1837,16.5,17.1,9.6,91.3,14.4,0.000,0.013,0.00,0.000,4.0,5.2,0.5,12,9,4.4,6.1,0.7,18,10,4.4,6.1,0.7,18,10,0,28.28,1.0,0,0,0,43.3,46.0,47.5,0.50,0.54,0.40
WALT,2019-11-08 21:15:00 EST,42.23950,-75.17879,1837,16.6,17.1,9.4,91.1,14.4,0.000,0.013,0.00,0.000,4.3,6.1,0.7,9,9,4.7,6.6,0.8,14,10,4.7,6.6,0.8,14,10,0,28.28,0.8,0,0,0,43.3,45.9,47.5,0.50,0.54,0.40
WALT,2019-11-08 21:20:00 EST,42.23950,-75.17879,1837,16.5,17.1,8.8,90.7,14.3,0.000,0.013,0.00,0.000,4.7,6.1,0.6,360,11,5.1,6.9,0.7,5,10,5.1,6.9,0.7,5,10,0,28.28,1.0,0,0,0,43.3,46.0,47.5,0.50,0.54,0.40
WALT,2019-11-08 21:25:00 EST,42.23950,-75.17879,1837,16.4,17.0,9.0,90.7,14.2,0.000,0.013,0.00,0.000,4.4,5.5,0.5,4,8,4.8,6.0,0.6,8,7,4.8,6.0,0.6,8,7,0,28.28,0.9,0,0,0,43.2,45.9,47.5,0.50,0.54,0.40
WALT,2019-11-08 21:30:00 EST,42.23950,-75.17879,1837,16.5,16.8,9.4,90.7,14.2,0.000,0.013,0.00,0.000,4.0,5.5,0.6,354,14,4.5,6.4,0.7,358,10,4.5,6.4,0.7,358,10,0,28.28,0.9,0,0,0,43.2,45.9,47.5,0.50,0.54,0.40
WALT,2019-11-08 21:35:00 EST,42.23950,-75.17879,1837,16.4,16.9,9.0,90.6,14.2,0.000,0.013,0.00,0.000,4.2,6.4,0.6,348,14,4.8,7.0,0.8,353,12,4.8,7.0,0.8,353,12,0,28.28,0.9,0,0,0,43.3,46.0,47.5,0.50,0.54,0.40
WALT,2019-11-08 21:40:00 EST,42.23950,-75.17879,1837,16.5,16.9,8.8,90.4,14.2,0.000,0.013,0.00,0.000,4.6,6.6,0.6,355,14,5.0,7.5,0.8,1,11,5.0,7.5,0.8,1,11,0,28.28,0.9,0,0,0,43.2,45.9,47.5,0.50,0.53,0.40
WALT,2019-11-08 21:45:00 EST,42.23950,-75.17879,1837,16.5,16.9,9.1,90.0,14.1,0.000,0.013,0.00,0.000,4.3,6.5,0.7,357,13,4.8,7.1,0.8,2,12,4.8,7.1,0.8,2,12,0,28.28,,0,0,0,43.2,45.9,47.5,0.50,0.54,0.40
WALT,2019-11-08 21:50:00 EST,42.23950,-75.17879,1837,16.4,16.9,9.1,89.8,14.0,0.000,0.013,0.00,0.000,4.2,6.4,0.9,350,16,4.7,7.1,1.0,356,13,4.7,7.1,1.0,356,13,0,28.28,0.9,0,0,0,43.2,45.9,47.5,0.50,0.54,0.40
WALT,2019-11-08 21:55:00 EST,42.23950,-75.17879,1837,16.3,16.8,9.0,89.7,13.8,0.000,0.013,0.00,0.000,4.2,6.6,0.8,353,13,4.7,7.4,1.0,359,11,4.7,7.4,1.0,359,11,0,28.28,0.9,0,0,0,43.2,45.9,47.5,0.50,0.53,0.40
WALT,2019-11-08 22:00:00 EST,42.23950,-75.17879,1837,16.4,16.8,9.6,89.8,13.9,0.000,0.013,0.00,0.000,3.7,6.1,0.9,352,14,4.3,6.9,1.1,358,12,4.3,6.9,1.1,358,12,0,28.28,0.9,0,0,0,43.1,45.9,47.5,0.50,0.54,0.40
WALT,2019-11-08 22:05:00 EST,42.23950,-75.17879,1837,16.5,16.8,9.9,89.6,14.0,0.000,0.013,0.00,0.000,3.7,5.0,0.7,1,15,4.2,6.1,0.9,6,12,4.2,6.1,0.9,6,12,0,28.28,,0,0,0,43.1,45.9,47.5,0.50,0.54,0.40
WALT,2019-11-08 22:10:00 EST,42.23950,-75.17879,1837,16.5,16.8,9.2,89.2,13.8,0.000,0.013,0.00,0.000,4.1,6.7,0.9,355,17,4.7,8.4,1.1,3,13,4.7,8.4,1.1,3,13,0,28.28,0.9,0,0,0,43.1,45.9,47.5,0.50,0.53,0.40
WALT,2019-11-08 22:15:00 EST,42.23950,-75.17879,1837,16.5,16.8,9.6,89.1,13.8,0.000,0.013,0.00,0.000,4.0,7.2,0.9,2,15,4.4,7.7,1.1,7,14,4.4,7.7,1.1,7,14,0,28.28,0.7,0,0,0,43.0,45.9,47.5,0.50,0.54,0.40
WALT,2019-11-08 22:20:00 EST,42.23950,-75.17879,1837,16.3,16.7,9.9,88.9,13.6,0.000,0.013,0.00,0.000,3.7,5.7,0.8,2,17,4.0,5.9,0.8,9,15,4.0,5.9,0.8,9,15,0,28.28,0.8,0,0,0,43.0,45.9,47.5,0.50,0.54,0.40
WALT,2019-11-08 22:25:00 EST,42.23950,-75.17879,1837,16.5,16.9,9.8,89.2,13.9,0.000,0.013,0.00,0.000,3.8,6.3,0.9,359,18,4.2,6.5,1.0,6,15,4.2,6.5,1.0,6,15,0,28.28,0.8,0,0,0,43.0,45.9,47.5,0.50,0.54,0.40
WALT,2019-11-08 22:30:00 EST,42.23950,-75.17879,1837,16.3,16.7,11.1,88.9,13.6,0.000,0.013,0.00,0.000,2.8,4.2,0.5,8,21,3.2,5.1,0.7,12,17,3.2,5.1,0.7,12,17,0,28.28,0.7,0,0,0,42.9,45.9,47.5,0.50,0.54,0.40
WALT,2019-11-08 22:35:00 EST,42.23950,-75.17879,1837,16.3,16.7,16.3,89.1,13.7,0.000,0.013,0.00,0.000,2.0,3.9,0.6,14,24,2.4,4.3,0.7,16,21,2.4,4.3,0.7,16,21,0,28.28,0.7,0,0,0,42.9,45.9,47.5,0.50,0.53,0.40
WALT,2019-11-08 22:40:00 EST,42.23950,-75.17879,1837,16.2,16.8,16.2,89.3,13.6,0.000,0.013,0.00,0.000,2.0,3.9,0.7,20,19,2.3,4.4,0.8,25,18,2.3,4.4,0.8,25,18,0,28.28,0.7,0,0,0,42.9,45.9,47.5,0.50,0.54,0.40
WALT,2019-11-08 22:45:00 EST,42.23950,-75.17879,1837,16.1,16.8,16.1,89.1,13.5,0.000,0.013,0.00,0.000,2.2,3.4,0.5,25,19,2.3,4.3,0.6,33,15,2.3,4.3,0.6,33,15,0,28.28,0.7,0,0,0,42.9,45.9,47.5,0.50,0.54,0.40
WALT,2019-11-08 22:50:00 EST,42.23950,-75.17879,1837,16.2,16.9,16.2,89.4,13.6,0.000,0.013,0.00,0.000,1.6,2.8,0.4,26,23,1.9,3.5,0.5,28,23,1.9,3.5,0.5,28,23,0,28.28,0.6,0,0,0,42.9,45.9,47.5,0.50,0.54,0.40
WALT,2019-11-08 22:55:00 EST,42.23950,-75.17879,1837,15.4,16.2,15.4,88.6,12.6,0.000,0.013,0.00,0.000,0.9,2.0,0.5,325,67,1.2,2.8,0.6,334,65,1.2,2.8,0.6,334,65,0,28.28,0.5,0,0,0,42.9,45.9,47.5,0.50,0.54,0.40
WALT,2019-11-08 23:00:00 EST,42.23950,-75.17879,1837,14.3,15.3,14.3,88.9,11.7,0.000,0.013,0.00,0.000,0.4,1.5,0.5,224,0,0.5,1.4,0.6,227,7,0.5,1.4,0.6,227,7,0,28.29,0.6,0,0,0,42.8,45.9,47.5,0.50,0.54,0.40
WALT,2019-11-08 23:05:00 EST,42.23950,-75.17879,1837,14.1,15.2,14.1,90.3,11.8,0.000,0.013,0.00,0.000,0.1,0.9,0.2,224,0,0.3,1.3,0.5,53,15,0.3,1.3,0.5,53,15,0,28.28,0.6,0,0,0,42.9,45.9,47.5,0.50,0.54,0.40
WALT,2019-11-08 23:10:00 EST,42.23950,-75.17879,1837,14.2,15.7,14.2,91.8,12.3,0.000,0.013,0.00,0.000,0.8,1.4,0.4,40,52,1.2,1.9,0.2,29,28,1.2,1.9,0.2,29,28,0,28.28,0.6,0,0,0,42.8,45.9,47.5,0.50,0.54,0.40
WALT,2019-11-08 23:15:00 EST,42.23950,-75.17879,1837,13.9,14.8,13.9,91.4,11.9,0.000,0.013,0.00,0.000,0.3,0.9,0.3,290,32,0.6,1.5,0.5,274,36,0.6,1.5,0.5,274,36,0,28.28,0.6,0,0,0,42.8,45.9,47.5,0.50,0.53,0.40
WALT,2019-11-08 23:20:00 EST,42.23950,-75.17879,1837,13.7,14.1,13.7,92.0,11.8,0.000,0.013,0.00,0.000,0.7,1.2,0.4,234,9,1.0,1.5,0.4,237,12,1.0,1.5,0.4,237,12,0,28.28,0.6,0,0,0,42.8,45.9,47.5,0.50,0.54,0.40
WALT,2019-11-08 23:25:00 EST,42.23950,-75.17879,1837,13.3,13.8,13.3,93.0,11.7,0.000,0.013,0.00,0.000,0.5,0.8,0.1,237,5,0.8,1.1,0.2,229,13,0.8,1.1,0.2,229,13,0,28.28,0.6,0,0,0,42.8,45.9,47.5,0.50,0.54,0.40
WALT,2019-11-08 23:30:00 EST,42.23950,-75.17879,1837,13.2,13.8,13.2,93.1,11.6,0.000,0.013,0.00,0.000,0.6,0.9,0.1,220,6,0.9,1.2,0.1,216,5,0.9,1.2,0.1,216,5,0,28.28,0.5,0,0,0,42.8,45.9,47.5,0.50,0.53,0.40
WALT,2019-11-08 23:35:00 EST,42.23950,-75.17879,1837,13.3,13.9,13.3,94.0,11.9,0.000,0.013,0.00,0.000,0.0,0.5,0.1,217,0,0.0,0.7,0.1,220,0,0.0,0.7,0.1,220,0,0,28.28,0.6,0,0,0,42.7,45.9,47.5,0.50,0.54,0.40
WALT,2019-11-08 23:40:00 EST,42.23950,-75.17879,1837,13.4,13.9,13.4,94.6,12.1,0.000,0.013,0.00,0.000,0.0,0.0,0.0,0,0,0.1,1.2,0.3,44,3,0.1,1.2,0.3,44,3,0,28.28,0.5,0,0,0,42.7,45.9,47.5,0.50,0.54,0.40
WALT,2019-11-08 23:45:00 EST,42.23950,-75.17879,1837,13.0,13.6,13.0,94.0,11.6,0.000,0.013,0.00,0.000,0.0,0.0,0.0,0,0,0.3,1.1,0.4,11,16,0.3,1.1,0.4,11,16,0,28.28,0.6,0,0,0,42.7,45.9,47.5,0.50,0.54,0.40
WALT,2019-11-08 23:50:00 EST,42.23950,-75.17879,1837,13.0,13.6,13.0,93.8,11.6,0.000,0.013,0.00,0.000,0.0,0.0,0.0,0,0,0.4,1.1,0.4,297,7,0.4,1.1,0.4,297,7,0,28.28,0.7,0,0,0,42.6,45.9,47.5,0.50,0.54,0.40
WALT,2019-11-08 23:55:00 EST,42.23950,-75.17879,1837,13.1,13.5,13.1,94.3,11.8,0.000,0.013,0.00,0.000,0.1,0.7,0.2,50,0,0.2,1.2,0.4,42,10,0.2,1.2,0.4,42,10,0,28.28,0.7,0,0,0,42.6,45.9,47.5,0.50,0.54,0.40
WANT,2019-11-08 00:00:00 EST,40.65510,-73.50616,28,40.3,40.1,34.5,85.8,36.4,0.000,0.057,0.00,0.000,8.2,14.5,2.0,328,16,9.1,15.2,2.3,335,14,9.1,15.2,2.3,335,14,0,29.97,0.0,0,0,0,48.2,53.6,54.3,0.14,0.05,0.00
WANT,2019-11-08 00:05:00 EST,40.65510,-73.50616,28,40.3,40.1,34.6,86.0,36.4,0.000,0.000,0.00,0.000,7.7,14.3,2.4,328,18,8.6,14.8,2.4,336,16,8.6,14.8,2.4,336,16,0,29.97,0.0,0,0,0,48.2,53.6,54.2,0.14,0.05,0.00
WANT,2019-11-08 00:10:00 EST,40.65510,-73.50616,28,40.2,40.1,33.8,86.1,36.4,0.000,0.000,0.00,0.000,9.4,15.0,2.6,328,18,10.3,16.8,2.8,335,13,10.3,16.8,2.8,335,13,0,29.97,0.0,0,0,0,48.1,53.6,54.4,0.14,0.05,0.00
WANT,2019-11-08 00:15:00 EST,40.65510,-73.50616,28,40.3,40.1,33.4,85.9,36.4,0.000,0.000,0.00,0.000,10.4,18.8,3.1,324,16,11.5,19.1,3.2,332,16,11.5,19.1,3.2,332,16,0,29.97,0.0,0,0,0,48.0,53.6,54.3,0.14,0.05,0.00
WANT,2019-11-08 00:20:00 EST,40.65510,-73.50616,28,40.3,40.1,34.6,85.4,36.3,0.000,0.000,0.00,0.000,7.9,14.4,2.6,331,18,8.7,18.6,3.0,337,17,8.7,18.6,3.0,337,17,0,29.97,0.0,0,0,0,48.0,53.6,54.4,0.14,0.05,0.00
WANT,2019-11-08 00:25:00 EST,40.65510,-73.50616,28,40.2,40.1,33.8,85.0,36.1,0.000,0.000,0.00,0.000,9.6,16.3,2.9,328,17,10.4,17.2,3.1,337,13,10.4,17.2,3.1,337,13,0,29.97,0.0,0,0,0,47.9,53.6,54.4,0.14,0.05,0.00
WANT,2019-11-08 00:30:00 EST,40.65510,-73.50616,28,40.2,40.0,33.7,84.3,35.8,0.000,0.000,0.00,0.000,9.4,16.8,3.0,329,19,10.4,20.6,3.2,336,18,10.4,20.6,3.2,336,18,0,29.97,0.0,0,0,0,47.8,53.6,54.5,0.14,0.05,0.00
WANT,2019-11-08 00:35:00 EST,40.65510,-73.50616,28,40.1,40.0,33.7,84.4,35.8,0.000,0.000,0.00,0.000,9.4,16.4,3.2,321,22,10.2,19.0,3.3,329,16,10.2,19.0,3.3,329,16,0,29.97,-0.0,0,0,0,47.8,53.6,54.4,0.14,0.05,0.00
WANT,2019-11-08 00:40:00 EST,40.65510,-73.50616,28,40.1,39.9,33.2,83.9,35.6,0.000,0.000,0.00,0.000,10.6,16.0,2.7,328,16,11.4,18.2,2.8,334,13,11.4,18.2,2.8,334,13,0,29.97,-0.0,0,0,0,47.7,53.6,54.3,0.14,0.05,0.00
WANT,2019-11-08 00:45:00 EST,40.65510,-73.50616,28,40.0,39.8,33.1,84.2,35.6,0.000,0.000,0.00,0.000,10.3,15.9,2.2,336,18,11.3,16.9,2.5,342,13,11.3,16.9,2.5,342,13,0,29.97,0.0,0,0,0,47.5,53.6,54.3,0.14,0.05,0.00
WANT,2019-11-08 00:50:00 EST,40.65510,-73.50616,28,39.9,39.7,33.2,84.6,35.6,0.000,0.000,0.00,0.000,9.7,17.4,3.2,341,13,10.8,20.7,3.7,347,12,10.8,20.7,3.7,347,12,0,29.97,0.0,0,0,0,47.5,53.6,54.3,0.14,0.05,0.00
WANT,2019-11-08 00:55:00 EST,40.65510,-73.50616,28,39.8,39.7,33.3,84.9,35.7,0.000,0.000,0.00,0.000,9.4,13.8,2.4,333,16,10.3,15.6,2.7,340,14,10.3,15.6,2.7,340,14,0,29.97,0.0,0,0,0,47.5,53.6,54.3,0.14,0.05,0.00
WANT,2019-11-08 01:00:00 EST,40.65510,-73.50616,28,39.8,39.7,33.6,84.3,35.5,0.000,0.000,0.00,0.000,9.0,16.9,3.1,337,18,9.6,19.3,3.6,344,16,9.6,19.3,3.6,344,16,0,29.97,0.0,0,0,0,47.3,53.6,54.3,0.14,0.05,0.00
WANT,2019-11-08 01:05:00 EST,40.65510,-73.50616,28,39.9,39.7,34.0,83.4,35.2,0.000,0.000,0.00,0.000,8.1,16.1,2.9,323,18,8.8,17.9,2.9,333,15,8.8,17.9,2.9,333,15,0,29.98,0.0,0,0,0,47.3,53.6,54.3,0.14,0.05,0.00
WANT,2019-11-08 01:10:00 EST,40.65510,-73.50616,28,39.9,39.7,34.2,81.8,34.8,0.000,0.000,0.00,0.000,8.0,16.8,3.1,318,14,8.5,16.0,2.8,325,15,8.5,16.0,2.8,325,15,0,29.98,0.0,0,0,0,47.3,53.6,54.3,0.14,0.05,0.00
WANT,2019-11-08 01:15:00 EST,40.65510,-73.50616,28,39.8,39.7,34.0,81.4,34.6,0.000,0.000,0.00,0.000,8.3,11.5,1.5,320,13,8.7,12.5,1.6,328,12,8.7,12.5,1.6,328,12,0,29.98,0.0,0,0,0,47.1,53.6,54.3,0.14,0.05,0.00
WANT,2019-11-08 01:20:00 EST,40.65510,-73.50616,28,39.7,39.6,33.3,80.7,34.2,0.000,0.000,0.00,0.000,9.1,16.8,2.8,325,20,9.9,17.1,2.8,332,13,9.9,17.1,2.8,332,13,0,29.98,-0.0,0,0,0,47.1,53.6,54.3,0.14,0.05,0.00
WANT,2019-11-08 01:25:00 EST,40.65510,-73.50616,28,39.6,39.5,32.7,80.3,34.0,0.000,0.000,0.00,0.000,10.4,16.1,2.6,320,15,11.0,17.3,2.5,328,13,11.0,17.3,2.5,328,13,0,29.98,0.0,0,0,0,47.1,53.6,54.4,0.14,0.05,0.00
WANT,2019-11-08 01:30:00 EST,40.65510,-73.50616,28,39.5,39.4,34.3,80.3,34.0,0.000,0.000,0.00,0.000,6.8,11.7,2.0,319,16,7.5,12.8,1.9,323,14,7.5,12.8,1.9,323,14,0,29.98,0.0,0,0,0,46.9,53.6,54.3,0.14,0.05,0.00
WANT,2019-11-08 01:35:00 EST,40.65510,-73.50616,28,39.5,39.4,32.8,80.2,33.9,0.000,0.000,0.00,0.000,10.1,15.5,2.3,323,16,10.6,16.3,2.4,331,14,10.6,16.3,2.4,331,14,0,29.99,0.0,0,0,0,46.9,53.6,54.4,0.14,0.05,0.00
WANT,2019-11-08 01:40:00 EST,40.65510,-73.50616,28,39.5,39.3,34.5,80.3,33.9,0.000,0.000,0.00,0.000,6.3,13.4,2.3,325,20,7.0,15.5,2.3,331,18,7.0,15.5,2.3,331,18,0,29.99,0.0,0,0,0,46.8,53.6,54.4,0.14,0.05,0.00
WANT,2019-11-08 01:45:00 EST,40.65510,-73.50616,28,39.3,39.2,33.7,80.3,33.8,0.000,0.000,0.00,0.000,7.3,14.0,2.2,322,20,8.1,16.3,2.4,330,18,8.1,16.3,2.4,330,18,0,29.99,0.0,0,0,0,46.8,53.5,54.3,0.14,0.05,0.00
WANT,2019-11-08 01:50:00 EST,40.65510,-73.50616,28,39.3,39.2,32.1,79.0,33.3,0.000,0.000,0.00,0.000,10.9,17.8,2.9,321,14,11.5,19.5,3.2,329,13,11.5,19.5,3.2,329,13,0,29.99,-0.0,0,0,0,46.7,53.5,54.4,0.14,0.05,0.00
WANT,2019-11-08 01:55:00 EST,40.65510,-73.50616,28,39.3,39.2,32.1,78.0,33.0,0.000,0.000,0.00,0.000,11.0,17.4,2.8,326,13,11.9,17.6,2.9,332,11,11.9,17.6,2.9,332,11,0,29.99,0.0,0,0,0,46.6,53.4,54.3,0.14,0.05,0.00
WANT,2019-11-08 02:00:00 EST,40.65510,-73.50616,28,39.4,39.2,33.1,77.5,32.9,0.000,0.000,0.00,0.000,8.5,18.1,2.6,324,15,9.4,17.5,2.7,330,14,9.4,17.5,2.7,330,14,0,29.99,0.0,0,0,0,46.5,53.5,54.4,0.14,0.05,0.00
WANT,2019-11-08 02:05:00 EST,40.65510,-73.50616,28,39.4,39.3,31.8,77.0,32.8,0.000,0.000,0.00,0.000,12.3,18.0,2.9,324,12,12.8,19.4,3.2,333,11,12.8,19.4,3.2,333,11,0,29.99,0.0,0,0,0,46.4,53.4,54.4,0.14,0.05,0.00
WANT,2019-11-08 02:10:00 EST,40.65510,-73.50616,28,39.3,39.2,33.3,76.9,32.7,0.000,0.000,0.00,0.000,8.2,17.8,3.6,322,16,8.9,20.0,3.5,328,16,8.9,20.0,3.5,328,16,0,29.99,0.0,0,0,0,46.4,53.4,54.3,0.14,0.05,0.00
WANT,2019-11-08 02:15:00 EST,40.65510,-73.50616,28,39.3,39.2,33.5,76.1,32.4,0.000,0.000,0.00,0.000,8.2,13.3,1.8,317,15,8.6,13.8,1.8,325,14,8.6,13.8,1.8,325,14,0,29.99,0.0,0,0,0,46.3,53.4,54.3,0.14,0.05,0.00
WANT,2019-11-08 02:20:00 EST,40.65510,-73.50616,28,39.2,39.1,32.2,76.3,32.4,0.000,0.000,0.00,0.000,10.5,15.9,2.0,312,15,11.2,16.4,2.1,320,14,11.2,16.4,2.1,320,14,0,29.99,-0.0,0,0,0,46.0,53.4,54.3,0.14,0.05,0.00
WANT,2019-11-08 02:25:00 EST,40.65510,-73.50616,28,39.0,39.0,32.3,75.6,31.9,0.000,0.000,0.00,0.000,9.2,16.3,3.2,314,18,10.1,18.0,3.3,324,19,10.1,18.0,3.3,324,19,0,29.99,-0.0,0,0,0,46.0,53.4,54.4,0.14,0.05,0.00
WANT,2019-11-08 02:30:00 EST,40.65510,-73.50616,28,38.8,38.8,32.2,74.5,31.4,0.000,0.000,0.00,0.000,9.5,16.4,3.2,305,14,10.0,16.4,3.0,315,12,10.0,16.4,3.0,315,12,0,29.99,-0.0,0,0,0,46.0,53.4,54.4,0.14,0.05,0.00
WANT,2019-11-08 02:35:00 EST,40.65510,-73.50616,28,38.6,38.7,32.3,72.2,30.5,0.000,0.000,0.00,0.000,8.6,16.4,3.0,315,19,9.2,19.6,2.7,323,15,9.2,19.6,2.7,323,15,0,29.99,0.0,0,0,0,45.9,53.4,54.4,0.14,0.05,0.00
WANT,2019-11-08 02:40:00 EST,40.65510,-73.50616,28,38.5,38.5,31.2,68.0,28.8,0.000,0.000,0.00,0.000,10.5,17.8,2.9,307,16,11.4,17.8,2.9,314,15,11.4,17.8,2.9,314,15,0,29.99,0.0,0,0,0,45.8,53.4,54.3,0.14,0.05,0.00
WANT,2019-11-08 02:45:00 EST,40.65510,-73.50616,28,38.4,38.5,30.2,60.5,26.0,0.000,0.000,0.00,0.000,13.4,22.4,3.3,310,13,13.9,21.9,3.3,318,12,13.9,21.9,3.3,318,12,0,29.99,-0.0,0,0,0,45.6,53.4,54.4,0.14,0.05,0.00
WANT,2019-11-08 02:50:00 EST,40.65510,-73.50616,28,38.1,38.2,31.0,57.1,24.2,0.000,0.000,0.00,0.000,10.0,20.9,4.1,309,16,10.6,21.6,4.2,316,16,10.6,21.6,4.2,316,16,0,30.00,-0.0,0,0,0,45.5,53.4,54.3,0.14,0.05,0.00
WANT,2019-11-08 02:55:00 EST,40.65510,-73.50616,28,38.0,38.0,30.6,51.4,21.6,0.000,0.000,0.00,0.000,10.3,21.6,3.8,310,17,11.1,23.0,3.7,314,14,11.1,23.0,3.7,314,14,0,29.99,-0.0,0,0,0,45.3,53.4,54.3,0.14,0.05,0.01
WANT,2019-11-08 03:00:00 EST,40.65510,-73.50616,28,37.7,37.8,29.5,49.5,20.5,0.000,0.000,0.00,0.000,12.5,21.3,3.6,312,19,13.2,21.9,3.5,317,15,13.2,21.9,3.5,317,15,0,29.99,-0.0,0,0,0,45.1,53.4,54.4,0.14,0.05,0.00
WANT,2019-11-08 03:05:00 EST,40.65510,-73.50616,28,37.6,37.7,29.0,48.3,19.8,0.000,0.000,0.00,0.000,13.3,25.6,4.0,307,19,14.4,27.7,4.2,312,16,14.4,27.7,4.2,312,16,0,29.99,-0.1,0,0,0,45.0,53.4,54.2,0.14,0.05,0.00
WANT,2019-11-08 03:10:00 EST,40.65510,-73.50616,28,37.5,37.6,29.1,45.8,18.5,0.000,0.000,0.00,0.000,13.2,23.2,4.0,309,17,13.8,23.7,3.9,316,15,13.8,23.7,3.9,316,15,0,29.99,-0.1,0,0,0,44.8,53.4,54.3,0.14,0.05,0.00
WANT,2019-11-08 03:15:00 EST,40.65510,-73.50616,28,37.2,37.3,30.2,47.0,18.8,0.000,0.000,0.00,0.000,9.5,13.7,2.2,314,15,10.0,14.9,2.2,321,14,10.0,14.9,2.2,321,14,0,29.99,0.0,0,0,0,44.6,53.4,54.2,0.14,0.05,0.00
WANT,2019-11-08 03:20:00 EST,40.65510,-73.50616,28,36.9,37.0,29.7,48.6,19.3,0.000,0.000,0.00,0.000,9.6,17.4,3.3,308,20,10.1,17.7,3.3,315,16,10.1,17.7,3.3,315,16,0,29.99,0.0,0,0,0,44.5,53.4,54.4,0.14,0.05,0.00
WANT,2019-11-08 03:25:00 EST,40.65510,-73.50616,28,36.9,37.0,28.9,46.8,18.4,0.000,0.000,0.00,0.000,11.4,20.3,3.5,307,16,12.3,22.6,3.7,313,16,12.3,22.6,3.7,313,16,0,29.99,-0.1,0,0,0,44.2,53.4,54.5,0.14,0.05,0.00
WANT,2019-11-08 03:30:00 EST,40.65510,-73.50616,28,36.8,36.8,28.6,44.8,17.3,0.000,0.000,0.00,0.000,12.3,20.1,2.8,308,15,12.7,20.5,3.0,316,15,12.7,20.5,3.0,316,15,0,30.00,0.0,0,0,0,44.0,53.4,54.3,0.14,0.05,0.00
WANT,2019-11-08 03:35:00 EST,40.65510,-73.50616,28,36.6,36.7,29.3,46.0,17.8,0.000,0.000,0.00,0.000,9.9,16.7,2.8,305,18,10.3,17.1,2.8,311,16,10.3,17.1,2.8,311,16,0,30.00,-0.1,0,0,0,43.9,53.3,54.5,0.14,0.05,0.00
WANT,2019-11-08 03:40:00 EST,40.65510,-73.50616,28,36.4,36.5,28.7,47.6,18.3,0.000,0.000,0.00,0.000,10.5,17.0,3.4,307,14,11.0,20.8,3.6,315,13,11.0,20.8,3.6,315,13,0,30.00,-0.0,0,0,0,43.7,53.1,54.3,0.14,0.05,0.00
WANT,2019-11-08 03:45:00 EST,40.65510,-73.50616,28,36.1,36.3,29.8,49.1,18.8,0.000,0.000,0.00,0.000,7.7,14.7,2.3,307,15,8.1,15.4,2.4,314,15,8.1,15.4,2.4,314,15,0,30.00,-0.0,0,0,0,43.5,53.1,54.3,0.14,0.05,0.00
WANT,2019-11-08 03:50:00 EST,40.65510,-73.50616,28,35.9,36.1,29.7,50.6,19.3,0.000,0.000,0.00,0.000,7.5,12.0,1.6,310,15,7.9,12.9,1.6,317,13,7.9,12.9,1.6,317,13,0,30.00,-0.1,0,0,0,43.4,53.1,54.2,0.14,0.05,0.00
WANT,2019-11-08 03:55:00 EST,40.65510,-73.50616,28,35.7,35.9,29.3,51.5,19.6,0.000,0.000,0.00,0.000,7.6,13.4,2.7,308,16,8.1,14.0,2.6,314,15,8.1,14.0,2.6,314,15,0,30.00,-0.0,0,0,0,43.3,53.1,54.3,0.14,0.05,0.00
WANT,2019-11-08 04:00:00 EST,40.65510,-73.50616,28,35.7,35.8,28.5,52.2,19.9,0.000,0.000,0.00,0.000,9.2,14.4,2.8,311,14,9.8,15.0,2.8,316,12,9.8,15.0,2.8,316,12,0,30.00,-0.0,0,0,0,43.2,53.1,54.3,0.14,0.05,0.00
WANT,2019-11-08 04:05:00 EST,40.65510,-73.50616,28,35.8,35.8,27.4,52.5,20.1,0.000,0.000,0.00,0.000,11.6,19.3,2.5,317,15,12.3,19.3,2.4,323,13,12.3,19.3,2.4,323,13,0,30.00,-0.1,0,0,0,43.0,53.1,54.3,0.14,0.05,0.00
WANT,2019-11-08 04:10:00 EST,40.65510,-73.50616,28,35.8,35.8,26.8,53.8,20.6,0.000,0.000,0.00,0.000,13.6,20.5,3.3,315,13,13.9,23.9,3.4,323,12,13.9,23.9,3.4,323,12,0,30.01,-0.1,0,0,0,42.9,53.1,54.3,0.14,0.05,0.00
WANT,2019-11-08 04:15:00 EST,40.65510,-73.50616,28,35.7,35.7,27.1,56.2,21.6,0.000,0.000,0.00,0.000,12.3,18.7,2.8,319,12,12.8,19.8,2.7,327,13,12.8,19.8,2.7,327,13,0,30.01,-0.0,0,0,0,42.8,53.1,54.4,0.14,0.05,0.00
WANT,2019-11-08 04:20:00 EST,40.65510,-73.50616,28,35.4,35.4,28.2,58.2,22.2,0.000,0.000,0.00,0.000,8.9,17.2,2.4,322,15,9.6,21.2,2.6,332,14,9.6,21.2,2.6,332,14,0,30.01,-0.0,0,0,0,42.7,53.1,54.5,0.14,0.05,0.00
WANT,2019-11-08 04:25:00 EST,40.65510,-73.50616,28,35.3,35.4,27.4,58.7,22.3,0.000,0.000,0.00,0.000,9.9,16.5,2.7,336,17,11.0,18.4,2.8,344,12,11.0,18.4,2.8,344,12,0,30.01,-0.1,0,0,0,42.6,53.1,54.3,0.14,0.05,0.00
WANT,2019-11-08 04:30:00 EST,40.65510,-73.50616,28,35.0,35.2,27.9,59.2,22.1,0.000,0.000,0.00,0.000,8.2,14.8,2.4,344,19,9.1,16.8,2.6,352,11,9.1,16.8,2.6,352,11,0,30.02,0.0,0,0,0,42.4,53.1,54.3,0.14,0.05,0.00
WANT,2019-11-08 04:35:00 EST,40.65510,-73.50616,28,35.0,35.1,26.4,58.0,21.7,0.000,0.000,0.00,0.000,11.3,17.9,2.4,343,17,12.4,21.2,3.0,349,13,12.4,21.2,3.0,349,13,0,30.02,-0.1,0,0,0,42.4,53.1,54.3,0.14,0.05,0.00
WANT,2019-11-08 04:40:00 EST,40.65510,-73.50616,28,34.8,34.9,26.8,58.3,21.6,0.000,0.000,0.00,0.000,9.7,19.7,3.6,335,18,10.7,23.2,4.0,344,12,10.7,23.2,4.0,344,12,0,30.02,-0.1,0,0,0,42.4,53.1,54.3,0.14,0.05,0.00
WANT,2019-11-08 04:45:00 EST,40.65510,-73.50616,28,34.7,34.8,26.3,58.2,21.4,0.000,0.000,0.00,0.000,10.3,15.8,2.4,341,20,11.5,17.9,2.8,348,12,11.5,17.9,2.8,348,12,0,30.02,-0.0,0,0,0,42.3,53.0,54.5,0.14,0.05,0.00
WANT,2019-11-08 04:50:00 EST,40.65510,-73.50616,28,34.5,34.6,28.1,58.4,21.4,0.000,0.000,0.00,0.000,7.0,12.6,2.4,330,19,7.6,12.2,2.5,337,14,7.6,12.2,2.5,337,14,0,30.02,-0.1,0,0,0,42.1,52.9,54.3,0.14,0.05,0.00
WANT,2019-11-08 04:55:00 EST,40.65510,-73.50616,28,34.4,34.5,27.5,58.5,21.3,0.000,0.000,0.00,0.000,7.8,14.8,2.5,327,14,8.4,15.5,2.6,335,12,8.4,15.5,2.6,335,12,0,30.02,-0.0,0,0,0,42.1,52.9,54.3,0.14,0.05,0.00
WANT,2019-11-08 05:00:00 EST,40.65510,-73.50616,28,34.1,34.2,27.8,59.0,21.3,0.000,0.000,0.00,0.000,6.8,10.4,1.7,317,15,7.4,12.2,1.7,324,14,7.4,12.2,1.7,324,14,0,30.02,0.0,0,0,0,41.9,52.9,54.3,0.14,0.05,0.00
WANT,2019-11-08 05:05:00 EST,40.65510,-73.50616,28,34.0,34.2,27.3,58.9,21.2,0.000,0.000,0.00,0.000,7.5,11.9,1.9,314,16,8.1,12.8,2.1,320,14,8.1,12.8,2.1,320,14,0,30.02,-0.0,0,0,0,41.9,52.9,54.2,0.14,0.05,0.00
WANT,2019-11-08 05:10:00 EST,40.65510,-73.50616,28,34.0,34.0,27.5,58.7,21.0,0.000,0.000,0.00,0.000,7.0,13.2,2.0,319,14,7.5,13.4,1.8,325,12,7.5,13.4,1.8,325,12,0,30.03,0.0,0,0,0,41.8,52.9,54.3,0.14,0.05,0.00
WANT,2019-11-08 05:15:00 EST,40.65510,-73.50616,28,33.9,34.0,27.2,58.3,20.8,0.000,0.000,0.00,0.000,7.5,11.4,1.6,315,14,8.0,12.5,1.8,321,13,8.0,12.5,1.8,321,13,0,30.03,0.0,0,0,0,41.7,52.9,54.2,0.14,0.05,0.00
WANT,2019-11-08 05:20:00 EST,40.65510,-73.50616,28,33.9,33.9,27.3,58.1,20.7,0.000,0.000,0.00,0.000,7.5,12.6,2.2,314,14,7.8,13.0,2.2,321,13,7.8,13.0,2.2,321,13,0,30.03,-0.0,0,0,0,41.6,52.9,54.3,0.14,0.05,0.00
WANT,2019-11-08 05:25:00 EST,40.65510,-73.50616,28,33.8,33.8,27.1,58.4,20.7,0.000,0.000,0.00,0.000,7.5,12.6,2.0,314,13,7.8,12.8,2.0,321,12,7.8,12.8,2.0,321,12,0,30.03,-0.1,0,0,0,41.5,52.9,54.3,0.14,0.05,0.00
WANT,2019-11-08 05:30:00 EST,40.65510,-73.50616,28,33.5,33.6,27.4,59.3,20.8,0.000,0.000,0.00,0.000,6.3,10.2,1.9,317,15,6.7,10.4,1.8,323,12,6.7,10.4,1.8,323,12,0,30.04,-0.0,0,0,0,41.5,52.9,54.3,0.14,0.05,0.00
WANT,2019-11-08 05:35:00 EST,40.65510,-73.50616,28,33.4,33.6,27.1,59.5,20.8,0.000,0.000,0.00,0.000,6.7,10.0,1.9,321,12,7.2,10.2,1.7,327,12,7.2,10.2,1.7,327,12,0,30.04,-0.0,0,0,0,41.4,52.8,54.3,0.14,0.05,0.00
WANT,2019-11-08 05:40:00 EST,40.65510,-73.50616,28,33.3,33.5,26.7,59.5,20.8,0.000,0.000,0.00,0.000,7.2,11.4,1.7,323,13,7.5,12.0,1.9,329,13,7.5,12.0,1.9,329,13,0,30.04,-0.0,0,0,0,41.4,52.8,54.4,0.14,0.05,0.00
WANT,2019-11-08 05:45:00 EST,40.65510,-73.50616,28,33.3,33.5,26.7,59.4,20.7,0.000,0.000,0.00,0.000,7.0,11.3,1.7,328,16,7.6,12.4,1.8,335,13,7.6,12.4,1.8,335,13,0,30.04,-0.0,0,0,0,41.2,52.7,54.3,0.14,0.05,0.00
WANT,2019-11-08 05:50:00 EST,40.65510,-73.50616,28,33.3,33.4,26.6,59.7,20.7,0.000,0.000,0.00,0.000,7.1,12.5,2.3,327,16,7.7,14.2,2.4,333,14,7.7,14.2,2.4,333,14,0,30.04,0.0,0,0,0,41.2,52.7,54.3,0.14,0.05,0.00
WANT,2019-11-08 05:55:00 EST,40.65510,-73.50616,28,33.3,33.4,26.9,59.4,20.7,0.000,0.000,0.00,0.000,6.6,12.6,2.0,326,15,7.4,15.0,2.3,333,12,7.4,15.0,2.3,333,12,0,30.05,-0.0,0,0,0,41.0,52.7,54.2,0.14,0.05,0.00
WANT,2019-11-08 06:00:00 EST,40.65510,-73.50616,28,33.2,33.3,27.2,59.0,20.4,0.000,0.000,0.00,0.000,6.3,9.6,1.5,321,16,6.7,10.4,1.5,329,14,6.7,10.4,1.5,329,14,0,30.05,-0.0,0,0,0,41.0,52.7,54.3,0.14,0.05,0.00
WANT,2019-11-08 06:05:00 EST,40.65510,-73.50616,28,33.1,33.2,26.8,58.9,20.3,0.000,0.000,0.00,0.000,6.5,12.1,1.8,318,15,7.1,12.9,1.8,325,14,7.1,12.9,1.8,325,14,0,30.05,-0.1,0,0,0,41.0,52.7,54.3,0.14,0.05,0.00
WANT,2019-11-08 06:10:00 EST,40.65510,-73.50616,28,33.1,33.2,26.3,59.0,20.3,0.000,0.000,0.00,0.000,7.5,11.1,1.5,316,13,7.8,12.0,1.6,323,12,7.8,12.0,1.6,323,12,0,30.05,-0.0,0,0,0,40.9,52.7,54.3,0.14,0.05,0.00
WANT,2019-11-08 06:15:00 EST,40.65510,-73.50616,28,32.9,33.0,26.9,59.2,20.3,0.000,0.000,0.00,0.000,6.2,10.5,1.6,320,15,6.6,11.5,1.6,326,14,6.6,11.5,1.6,326,14,1,30.05,-0.0,0,0,0,40.8,52.7,54.3,0.14,0.05,0.00
WANT,2019-11-08 06:20:00 EST,40.65510,-73.50616,28,32.8,32.9,27.4,59.6,20.3,0.000,0.000,0.00,0.000,5.3,9.9,1.7,321,12,5.7,11.4,1.7,327,11,5.7,11.4,1.7,327,11,1,30.05,-0.1,0,0,0,40.8,52.7,54.3,0.14,0.05,0.00
WANT,2019-11-08 06:25:00 EST,40.65510,-73.50616,28,32.5,32.8,27.5,60.6,20.4,0.000,0.000,0.00,0.000,4.9,7.3,1.2,321,14,5.3,9.1,1.4,328,13,5.3,9.1,1.4,328,13,1,30.06,-0.1,0,0,0,40.6,52.6,54.3,0.14,0.05,0.00
WANT,2019-11-08 06:30:00 EST,40.65510,-73.50616,28,32.3,32.6,28.1,61.5,20.5,0.000,0.000,0.00,0.000,4.1,6.5,1.1,316,11,4.3,7.5,1.3,323,10,4.3,7.5,1.3,323,10,3,30.06,0.1,0,0,0,40.6,52.4,54.3,0.14,0.05,0.00
WANT,2019-11-08 06:35:00 EST,40.65510,-73.50616,28,32.5,32.6,27.2,61.8,20.8,0.000,0.000,0.00,0.000,5.2,7.7,1.3,306,12,5.5,9.0,1.3,314,10,5.5,9.0,1.3,314,10,4,30.06,-0.0,0,0,0,40.6,52.4,54.3,0.14,0.05,0.00
WANT,2019-11-08 06:40:00 EST,40.65510,-73.50616,28,32.4,32.6,26.8,62.1,20.9,0.000,0.000,0.00,0.000,5.6,8.7,1.0,299,11,5.9,8.9,1.0,307,10,5.9,8.9,1.0,307,10,6,30.07,0.0,0,0,0,40.5,52.3,54.2,0.14,0.05,0.00
WANT,2019-11-08 06:45:00 EST,40.65510,-73.50616,28,32.3,32.6,27.7,62.7,21.0,0.000,0.000,0.00,0.000,4.5,6.5,1.0,301,10,4.8,6.6,0.9,309,10,4.8,6.6,0.9,309,10,8,30.07,-0.0,0,0,0,40.5,52.3,54.3,0.14,0.05,0.00
WANT,2019-11-08 06:50:00 EST,40.65510,-73.50616,28,32.2,32.5,27.9,63.5,21.2,0.000,0.000,0.00,0.000,4.1,6.8,0.9,301,13,4.4,7.2,1.0,309,11,4.4,7.2,1.0,309,11,10,30.07,0.0,0,0,0,40.5,52.3,54.2,0.14,0.05,0.00
WANT,2019-11-08 06:55:00 EST,40.65510,-73.50616,28,32.0,32.3,29.0,64.2,21.3,0.000,0.000,0.00,0.000,3.0,4.8,0.8,301,14,3.2,5.9,0.9,309,11,3.2,5.9,0.9,309,11,12,30.08,0.0,0,0,0,40.3,52.3,54.3,0.14,0.05,0.00
WANT,2019-11-08 07:00:00 EST,40.65510,-73.50616,28,32.0,32.4,27.8,65.2,21.6,0.000,0.000,0.00,0.000,3.9,9.4,1.7,302,13,4.2,9.1,1.8,310,11,4.2,9.1,1.8,310,11,14,30.08,0.0,0,0,0,40.3,52.3,54.3,0.14,0.05,0.00
WANT,2019-11-08 07:05:00 EST,40.65510,-73.50616,28,32.2,32.4,28.3,65.0,21.7,0.000,0.000,0.00,0.000,3.7,6.5,1.1,301,16,4.0,7.2,1.2,309,15,4.0,7.2,1.2,309,15,19,30.08,-0.1,0,0,0,40.3,52.3,54.2,0.14,0.05,0.00
WANT,2019-11-08 07:10:00 EST,40.65510,-73.50616,28,32.5,32.6,25.7,64.1,21.7,0.000,0.000,0.00,0.000,6.9,13.1,2.4,299,18,7.6,14.1,2.6,306,17,7.6,14.1,2.6,306,17,56,30.09,0.0,0,0,0,40.3,52.3,54.2,0.14,0.05,0.00
WANT,2019-11-08 07:15:00 EST,40.65510,-73.50616,28,33.1,33.0,26.5,60.5,20.9,0.000,0.000,0.00,0.000,7.1,10.7,1.5,296,14,7.6,10.7,1.5,303,12,7.6,10.7,1.5,303,12,80,30.09,-0.0,0,0,0,40.3,52.3,54.2,0.14,0.05,0.00
WANT,2019-11-08 07:20:00 EST,40.65510,-73.50616,28,33.3,33.2,25.4,59.2,20.6,0.000,0.000,0.00,0.000,9.5,14.5,2.4,300,14,10.0,14.9,2.3,307,13,10.0,14.9,2.3,307,13,96,30.09,-0.0,0,0,0,40.2,52.2,54.2,0.14,0.05,0.00
WANT,2019-11-08 07:25:00 EST,40.65510,-73.50616,28,33.5,33.3,26.0,58.6,20.5,0.000,0.000,0.00,0.000,8.5,12.6,2.1,297,14,9.1,13.5,2.2,304,12,9.1,13.5,2.2,304,12,112,30.09,-0.1,0,0,0,40.1,52.2,54.2,0.14,0.05,0.00
WANT,2019-11-08 07:30:00 EST,40.65510,-73.50616,28,33.7,33.5,26.7,58.1,20.5,0.000,0.000,0.00,0.000,7.8,12.2,1.7,309,16,8.4,13.9,2.1,317,14,8.4,13.9,2.1,317,14,127,30.09,-0.0,0,0,0,40.1,52.2,54.2,0.14,0.05,0.00
WANT,2019-11-08 07:35:00 EST,40.65510,-73.50616,28,33.8,33.7,27.4,57.5,20.4,0.000,0.000,0.00,0.000,6.9,11.0,1.7,307,18,7.6,12.2,1.8,315,17,7.6,12.2,1.8,315,17,141,30.09,-0.0,0,0,0,40.1,52.2,54.2,0.14,0.05,0.00
WANT,2019-11-08 07:40:00 EST,40.65510,-73.50616,28,34.1,33.9,27.2,57.4,20.6,0.000,0.000,0.00,0.000,7.7,12.4,1.9,296,15,8.4,13.0,1.9,302,15,8.4,13.0,1.9,302,15,154,30.09,-0.0,0,0,0,40.1,52.2,54.2,0.14,0.05,0.00
WANT,2019-11-08 07:45:00 EST,40.65510,-73.50616,28,34.2,34.0,26.5,56.0,20.2,0.000,0.000,0.00,0.000,9.6,19.1,3.1,300,18,9.9,19.0,3.1,307,15,9.9,19.0,3.1,307,15,167,30.09,-0.0,0,0,0,40.1,52.2,54.1,0.14,0.05,0.00
WANT,2019-11-08 07:50:00 EST,40.65510,-73.50616,28,34.4,34.2,28.2,55.7,20.3,0.000,0.000,0.00,0.000,6.6,11.3,2.1,295,21,7.4,13.0,2.1,301,17,7.4,13.0,2.1,301,17,180,30.09,-0.0,0,0,0,40.1,52.2,54.2,0.14,0.05,0.00
WANT,2019-11-08 07:55:00 EST,40.65510,-73.50616,28,34.6,34.3,27.0,55.5,20.3,0.000,0.000,0.00,0.000,9.1,19.4,3.4,291,13,9.8,19.8,3.4,297,13,9.8,19.8,3.4,297,13,194,30.09,-0.0,0,0,0,40.1,52.1,54.1,0.14,0.05,0.00
WANT,2019-11-08 08:00:00 EST,40.65510,-73.50616,28,34.8,34.4,28.0,55.3,20.3,0.000,0.000,0.00,0.000,7.8,12.6,1.8,289,14,8.3,13.2,1.8,298,11,8.3,13.2,1.8,298,11,207,30.09,-0.0,0,0,0,40.1,52.1,54.1,0.14,0.05,0.01
WANT,2019-11-08 08:05:00 EST,40.65510,-73.50616,28,35.1,34.7,27.6,55.1,20.6,0.000,0.000,0.00,0.000,9.4,14.9,2.8,295,14,9.9,16.6,3.0,301,14,9.9,16.6,3.0,301,14,221,30.09,-0.0,0,0,0,40.1,52.0,54.1,0.14,0.05,0.00
WANT,2019-11-08 08:10:00 EST,40.65510,-73.50616,28,35.3,34.9,27.4,54.2,20.4,0.000,0.000,0.00,0.000,10.0,16.4,2.3,293,15,10.8,17.3,2.4,300,14,10.8,17.3,2.4,300,14,234,30.09,-0.0,0,0,0,40.1,52.0,54.1,0.14,0.05,0.00
WANT,2019-11-08 08:15:00 EST,40.65510,-73.50616,28,35.5,35.1,27.0,53.4,20.2,0.000,0.000,0.00,0.000,11.8,21.5,3.6,297,15,12.4,21.8,3.6,303,15,12.4,21.8,3.6,303,15,248,30.09,-0.0,0,0,0,40.1,52.0,54.1,0.14,0.05,0.00
WANT,2019-11-08 08:20:00 EST,40.65510,-73.50616,28,35.6,35.2,26.8,53.0,20.1,0.000,0.000,0.00,0.000,12.3,20.4,3.1,296,15,13.1,23.1,3.1,301,13,13.1,23.1,3.1,301,13,262,30.09,-0.0,0,0,0,40.1,52.0,54.1,0.14,0.05,0.00
WANT,2019-11-08 08:25:00 EST,40.65510,-73.50616,28,35.7,35.4,26.4,52.7,20.1,0.000,0.000,0.00,0.000,14.0,19.8,2.8,295,18,14.9,22.2,2.9,301,15,14.9,22.2,2.9,301,15,275,30.09,-0.0,0,0,0,40.2,52.0,54.1,0.14,0.05,0.00
WANT,2019-11-08 08:30:00 EST,40.65510,-73.50616,28,35.9,35.5,27.1,52.0,19.9,0.000,0.000,0.00,0.000,12.7,23.7,3.5,311,17,13.5,24.4,3.6,316,18,13.5,24.4,3.6,316,18,291,30.09,-0.0,0,0,0,40.3,52.0,54.0,0.14,0.05,0.00
WANT,2019-11-08 08:35:00 EST,40.65510,-73.50616,28,36.2,35.8,28.2,52.3,20.3,0.000,0.000,0.00,0.000,11.1,19.4,3.5,301,16,11.6,20.8,3.6,310,16,11.6,20.8,3.6,310,16,320,30.09,-0.1,0,0,0,40.3,51.9,54.0,0.14,0.05,0.00
WANT,2019-11-08 08:40:00 EST,40.65510,-73.50616,28,36.3,35.8,26.9,51.9,20.3,0.000,0.000,0.00,0.000,14.1,24.5,4.6,299,16,15.6,29.7,4.8,305,15,15.6,29.7,4.8,305,15,342,30.10,-0.0,0,0,0,40.3,51.8,54.0,0.14,0.05,0.00
WANT,2019-11-08 08:45:00 EST,40.65510,-73.50616,28,36.1,35.6,26.7,51.8,20.1,0.000,0.000,0.00,0.000,14.9,22.6,3.2,299,16,15.6,23.4,3.3,306,15,15.6,23.4,3.3,306,15,395,30.10,-0.0,0,0,0,40.3,51.8,53.9,0.14,0.05,0.00
WANT,2019-11-08 08:50:00 EST,40.65510,-73.50616,28,36.4,35.8,27.6,52.9,20.8,0.000,0.000,0.00,0.000,13.5,20.8,2.9,319,15,13.9,21.6,3.0,326,14,13.9,21.6,3.0,326,14,295,30.10,0.1,0,0,0,40.3,51.8,53.9,0.14,0.05,0.00
WANT,2019-11-08 08:55:00 EST,40.65510,-73.50616,28,36.5,35.9,28.3,52.4,20.7,0.000,0.000,0.00,0.000,11.5,25.0,4.2,306,16,12.3,24.8,4.2,311,15,12.3,24.8,4.2,311,15,315,30.10,-0.1,0,0,0,40.5,51.8,53.9,0.13,0.05,0.00
WANT,2019-11-08 09:00:00 EST,40.65510,-73.50616,28,35.8,35.3,27.0,53.4,20.5,0.000,0.000,0.00,0.000,12.4,25.6,4.7,305,22,13.3,27.7,4.9,311,22,13.3,27.7,4.9,311,22,226,30.10,-0.1,0,0,0,40.6,51.8,53.9,0.14,0.05,0.00
WANT,2019-11-08 09:05:00 EST,40.65510,-73.50616,28,36.0,35.4,26.9,53.4,20.7,0.000,0.000,0.00,0.000,13.5,25.2,4.5,313,16,14.2,25.3,4.4,322,16,14.2,25.3,4.4,322,16,415,30.10,0.0,0,0,0,40.7,51.8,53.8,0.13,0.05,0.00
WANT,2019-11-08 09:10:00 EST,40.65510,-73.50616,28,35.8,35.3,26.4,53.5,20.5,0.000,0.000,0.00,0.000,14.6,21.8,3.1,316,15,14.9,22.8,2.9,322,14,14.9,22.8,2.9,322,14,240,30.10,-0.1,0,0,0,40.9,51.8,53.9,0.14,0.05,0.00
WANT,2019-11-08 09:15:00 EST,40.65510,-73.50616,28,35.5,35.0,25.6,54.4,20.6,0.000,0.000,0.00,0.000,15.8,25.4,4.2,313,14,16.3,24.4,4.0,320,13,16.3,24.4,4.0,320,13,169,30.10,0.0,0,0,0,41.0,51.8,53.9,0.14,0.05,0.00
WANT,2019-11-08 09:20:00 EST,40.65510,-73.50616,28,35.5,35.1,27.4,55.3,21.0,0.000,0.000,0.00,0.000,10.7,18.8,3.2,318,17,11.4,20.0,3.1,324,17,11.4,20.0,3.1,324,17,175,30.10,0.0,0,0,0,41.1,51.7,53.9,0.14,0.05,0.00
WANT,2019-11-08 09:25:00 EST,40.65510,-73.50616,28,35.8,35.4,28.6,55.8,21.6,0.000,0.000,0.00,0.000,9.2,13.7,2.2,313,15,9.8,15.6,2.5,319,14,9.8,15.6,2.5,319,14,191,30.10,-0.0,0,0,0,41.3,51.5,53.8,0.14,0.05,0.00
WANT,2019-11-08 09:30:00 EST,40.65510,-73.50616,28,35.7,35.2,25.9,54.5,20.9,0.000,0.000,0.00,0.000,15.6,26.4,4.4,320,17,16.3,28.8,4.3,328,16,16.3,28.8,4.3,328,16,179,30.10,-0.0,0,0,0,41.4,51.4,53.9,0.14,0.05,0.00
WANT,2019-11-08 09:35:00 EST,40.65510,-73.50616,28,35.9,35.4,26.8,54.9,21.2,0.000,0.000,0.00,0.000,13.7,21.8,3.4,326,20,14.2,21.9,3.5,332,16,14.2,21.9,3.5,332,16,333,30.10,0.1,0,0,0,41.5,51.4,53.9,0.14,0.05,0.00
WANT,2019-11-08 09:40:00 EST,40.65510,-73.50616,28,36.5,35.9,28.1,53.9,21.4,0.000,0.000,0.00,0.000,11.9,20.4,3.6,300,18,12.8,23.0,3.6,306,16,12.8,23.0,3.6,306,16,345,30.10,-0.0,0,0,0,41.6,51.4,53.8,0.14,0.05,0.00
WANT,2019-11-08 09:45:00 EST,40.65510,-73.50616,28,37.1,36.4,29.4,52.5,21.3,0.000,0.000,0.00,0.000,10.4,18.1,3.1,300,16,11.3,20.0,3.4,305,15,11.3,20.0,3.4,305,15,478,30.10,0.1,0,0,0,41.7,51.4,53.8,0.14,0.05,0.00
WANT,2019-11-08 09:50:00 EST,40.65510,-73.50616,28,37.4,36.7,28.3,50.9,20.9,0.000,0.000,0.00,0.000,15.0,24.3,4.6,307,17,15.9,27.3,4.6,313,17,15.9,27.3,4.6,313,17,543,30.10,-0.0,0,0,0,41.7,51.4,53.8,0.14,0.05,0.00
WANT,2019-11-08 09:55:00 EST,40.65510,-73.50616,28,37.0,36.2,27.5,49.8,19.9,0.000,0.000,0.00,0.000,15.7,24.6,4.5,324,17,16.4,27.4,4.8,330,15,16.4,27.4,4.8,330,15,412,30.10,-0.1,0,0,0,41.8,51.4,53.8,0.14,0.05,0.00
WANT,2019-11-08 10:00:00 EST,40.65510,-73.50616,28,36.9,36.3,28.2,50.5,20.2,0.000,0.000,0.00,0.000,13.3,25.8,4.0,312,18,13.9,25.1,3.8,320,16,13.9,25.1,3.8,320,16,260,30.10,0.0,0,0,0,41.9,51.4,53.8,0.13,0.05,0.00
WANT,2019-11-08 10:05:00 EST,40.65510,-73.50616,28,37.0,36.4,29.9,51.6,20.8,0.000,0.000,0.00,0.000,9.5,17.9,3.2,306,17,10.0,18.0,3.0,310,16,10.0,18.0,3.0,310,16,337,30.10,0.2,0,0,0,42.1,51.4,53.8,0.14,0.05,0.00
WANT,2019-11-08 10:10:00 EST,40.65510,-73.50616,28,37.7,36.9,29.7,50.6,21.0,0.000,0.000,0.00,0.000,11.5,21.8,4.7,309,17,12.4,22.7,4.5,318,16,12.4,22.7,4.5,318,16,420,30.10,-0.1,0,0,0,42.2,51.4,53.9,0.14,0.05,0.00
WANT,2019-11-08 10:15:00 EST,40.65510,-73.50616,28,37.4,36.8,29.4,49.5,20.2,0.000,0.000,0.00,0.000,11.7,18.5,3.1,328,16,12.5,19.9,3.3,336,14,12.5,19.9,3.3,336,14,255,30.10,-0.0,0,0,0,42.4,51.3,53.8,0.14,0.05,0.00
WANT,2019-11-08 10:20:00 EST,40.65510,-73.50616,28,37.0,36.4,28.6,49.8,20.0,0.000,0.000,0.00,0.000,12.7,20.8,4.4,322,13,13.4,20.7,4.3,329,14,13.4,20.7,4.3,329,14,325,30.10,0.1,0,0,0,42.5,51.3,53.8,0.14,0.05,0.00
WANT,2019-11-08 10:25:00 EST,40.65510,-73.50616,28,37.6,36.9,28.5,48.2,19.7,0.000,0.000,0.00,0.000,15.0,25.2,4.9,297,20,15.9,28.2,5.3,304,18,15.9,28.2,5.3,304,18,354,30.10,-0.0,0,0,0,42.7,51.3,53.8,0.14,0.05,0.00
WANT,2019-11-08 10:30:00 EST,40.65510,-73.50616,28,38.1,37.2,29.3,46.8,19.5,0.000,0.000,0.00,0.000,14.2,24.2,4.3,296,19,15.2,25.6,4.5,302,16,15.2,25.6,4.5,302,16,501,30.10,0.1,0,0,0,42.9,51.3,53.8,0.14,0.05,0.00
WANT,2019-11-08 10:35:00 EST,40.65510,-73.50616,28,37.9,37.2,28.0,45.7,18.8,0.000,0.000,0.00,0.000,17.9,30.8,3.9,292,13,19.2,31.1,4.5,298,12,19.2,31.1,4.5,298,12,435,30.10,0.0,0,0,0,43.0,51.3,53.7,0.14,0.05,0.00
WANT,2019-11-08 10:40:00 EST,40.65510,-73.50616,28,38.2,37.4,28.3,44.0,18.2,0.000,0.000,0.00,0.000,18.6,27.3,4.0,297,13,19.5,29.7,4.3,304,12,19.5,29.7,4.3,304,12,570,30.10,0.0,0,0,0,43.2,51.3,53.7,0.14,0.05,0.00
WANT,2019-11-08 10:45:00 EST,40.65510,-73.50616,28,38.5,37.5,30.0,44.6,18.7,0.000,0.000,0.00,0.000,13.5,25.2,4.4,300,15,14.7,27.7,4.4,307,15,14.7,27.7,4.4,307,15,615,30.10,0.0,0,0,0,43.3,51.3,53.7,0.14,0.05,0.00
WANT,2019-11-08 10:50:00 EST,40.65510,-73.50616,28,38.5,37.8,29.9,44.0,18.5,0.000,0.000,0.00,0.000,14.3,23.1,4.7,304,17,15.1,26.3,4.6,311,15,15.1,26.3,4.6,311,15,292,30.10,0.1,0,0,0,43.4,51.3,53.6,0.14,0.05,0.00
WANT,2019-11-08 10:55:00 EST,40.65510,-73.50616,28,39.0,38.1,32.0,44.3,19.1,0.000,0.000,0.00,0.000,10.3,18.1,2.8,319,25,11.1,19.7,2.9,326,19,11.1,19.7,2.9,326,19,473,30.10,-0.1,0,0,0,43.5,51.3,53.6,0.14,0.05,0.00
WANT,2019-11-08 11:00:00 EST,40.65510,-73.50616,28,39.4,38.6,32.8,43.5,19.0,0.000,0.000,0.00,0.000,9.7,19.9,3.2,306,18,10.3,20.1,3.2,314,16,10.3,20.1,3.2,314,16,637,30.10,0.1,0,0,0,43.7,51.3,53.6,0.14,0.05,0.00
WANT,2019-11-08 11:05:00 EST,40.65510,-73.50616,28,39.6,38.7,32.3,43.0,18.9,0.000,0.000,0.00,0.000,11.4,21.7,3.8,317,16,12.0,21.9,3.8,326,14,12.0,21.9,3.8,326,14,448,30.10,-0.1,0,0,0,43.8,51.2,53.6,0.14,0.05,0.00
WANT,2019-11-08 11:10:00 EST,40.65510,-73.50616,28,38.4,37.6,29.9,42.5,17.6,0.000,0.000,0.00,0.000,13.6,24.7,3.7,332,20,14.6,29.8,4.1,340,17,14.6,29.8,4.1,340,17,305,30.10,-0.1,0,0,0,44.0,51.2,53.6,0.14,0.05,0.00
WANT,2019-11-08 11:15:00 EST,40.65510,-73.50616,28,38.4,37.6,28.9,40.9,16.7,0.000,0.000,0.00,0.000,17.5,26.5,4.2,323,16,18.3,29.2,4.3,329,14,18.3,29.2,4.3,329,14,574,30.10,0.0,0,0,0,44.3,51.1,53.6,0.14,0.05,0.00
WANT,2019-11-08 11:20:00 EST,40.65510,-73.50616,28,39.1,38.2,29.8,38.0,15.6,0.000,0.000,0.00,0.000,17.1,27.5,4.7,313,16,18.1,30.6,4.5,320,15,18.1,30.6,4.5,320,15,550,30.10,-0.2,0,0,0,44.4,51.1,53.6,0.14,0.05,0.00
WANT,2019-11-08 11:25:00 EST,40.65510,-73.50616,28,38.7,38.0,30.4,38.0,15.3,0.000,0.000,0.00,0.000,13.4,24.4,4.0,307,19,14.4,25.7,4.3,313,16,14.4,25.7,4.3,313,16,521,30.10,-0.0,0,0,0,44.5,51.1,53.6,0.14,0.05,0.00
WANT,2019-11-08 11:30:00 EST,40.65510,-73.50616,28,38.8,38.1,29.4,38.6,15.7,0.000,0.000,0.00,0.000,17.1,28.6,4.5,307,17,18.2,29.3,4.4,314,15,18.2,29.3,4.4,314,15,551,30.09,0.0,0,0,0,44.6,51.1,53.6,0.14,0.05,0.00
WANT,2019-11-08 11:35:00 EST,40.65510,-73.50616,28,39.5,38.4,30.4,38.4,16.2,0.000,0.000,0.00,0.000,16.3,26.2,4.1,290,17,17.4,29.3,4.2,298,15,17.4,29.3,4.2,298,15,622,30.09,-0.1,0,0,0,44.6,51.1,53.6,0.14,0.05,0.00
WANT,2019-11-08 11:40:00 EST,40.65510,-73.50616,28,38.6,37.9,29.2,38.4,15.4,0.000,0.000,0.00,0.000,17.1,30.0,4.9,318,17,17.8,32.1,5.1,323,16,17.8,32.1,5.1,323,16,374,30.09,-0.0,0,0,0,44.8,51.1,53.6,0.14,0.05,0.00
WANT,2019-11-08 11:45:00 EST,40.65510,-73.50616,28,38.4,37.7,28.9,39.9,16.1,0.000,0.000,0.00,0.000,17.0,25.4,4.0,321,15,17.7,25.8,4.1,330,15,17.7,25.8,4.1,330,15,498,30.09,0.2,0,0,0,44.8,51.1,53.6,0.13,0.05,0.00
WANT,2019-11-08 11:50:00 EST,40.65510,-73.50616,28,39.1,38.2,29.8,39.6,16.6,0.000,0.000,0.00,0.000,17.1,28.6,5.1,316,21,18.1,34.5,5.2,323,21,18.1,34.5,5.2,323,21,583,30.09,0.1,0,0,0,44.8,51.1,53.6,0.13,0.05,0.00
WANT,2019-11-08 11:55:00 EST,40.65510,-73.50616,28,39.2,38.4,29.7,37.6,15.5,0.000,0.000,0.00,0.000,17.8,26.4,4.9,301,21,19.3,30.8,5.0,309,20,19.3,30.8,5.0,309,20,566,30.09,-0.0,0,0,0,44.9,51.1,53.6,0.13,0.05,0.00
WANT,2019-11-08 12:00:00 EST,40.65510,-73.50616,28,38.8,38.0,29.2,36.9,14.7,0.000,0.000,0.00,0.000,18.2,29.5,4.7,302,17,19.0,29.7,4.6,308,16,19.0,29.7,4.6,308,16,573,30.09,0.0,0,0,0,45.0,51.1,53.6,0.13,0.05,0.00
WANT,2019-11-08 12:05:00 EST,40.65510,-73.50616,28,39.4,38.5,30.6,36.6,15.0,0.000,0.000,0.00,0.000,15.5,36.0,5.3,302,17,16.5,36.5,5.3,308,16,16.5,36.5,5.3,308,16,594,30.09,-0.0,0,0,0,45.0,51.1,53.5,0.13,0.05,0.00
WANT,2019-11-08 12:10:00 EST,40.65510,-73.50616,28,38.8,37.9,29.7,37.1,14.8,0.000,0.000,0.00,0.000,16.2,31.1,4.5,301,16,17.0,31.8,4.6,309,14,17.0,31.8,4.6,309,14,592,30.09,-0.1,0,0,0,45.1,51.1,53.5,0.13,0.05,0.00
WANT,2019-11-08 12:15:00 EST,40.65510,-73.50616,28,39.4,38.4,32.0,37.9,15.8,0.000,0.000,0.00,0.000,11.1,18.1,3.2,301,17,12.1,19.7,3.0,307,15,12.1,19.7,3.0,307,15,597,30.09,0.0,0,0,0,45.1,51.1,53.4,0.13,0.05,0.00
WANT,2019-11-08 12:20:00 EST,40.65510,-73.50616,28,38.8,38.0,29.5,37.1,14.8,0.000,0.000,0.00,0.000,17.2,28.3,4.1,307,14,17.8,30.1,4.5,314,12,17.8,30.1,4.5,314,12,569,30.09,-0.0,0,0,0,45.2,51.1,53.5,0.13,0.05,0.00
WANT,2019-11-08 12:25:00 EST,40.65510,-73.50616,28,38.9,38.1,30.1,36.8,14.7,0.000,0.000,0.00,0.000,15.5,27.5,3.6,297,15,16.4,26.9,3.5,303,14,16.4,26.9,3.5,303,14,548,30.08,-0.0,0,0,0,45.3,51.1,53.5,0.13,0.05,0.00
WANT,2019-11-08 12:30:00 EST,40.65510,-73.50616,28,39.3,38.3,30.2,36.4,14.8,0.000,0.000,0.00,0.000,16.2,25.7,4.0,304,13,17.3,28.6,3.9,312,12,17.3,28.6,3.9,312,12,612,30.09,0.1,0,0,0,45.4,51.1,53.5,0.14,0.05,0.00
WANT,2019-11-08 12:35:00 EST,40.65510,-73.50616,28,39.1,38.2,30.2,36.4,14.6,0.000,0.000,0.00,0.000,16.1,24.3,4.0,312,15,16.7,25.3,4.2,319,14,16.7,25.3,4.2,319,14,508,30.09,-0.1,0,0,0,45.5,51.1,53.5,0.14,0.05,0.00
WANT,2019-11-08 12:40:00 EST,40.65510,-73.50616,28,39.1,38.3,31.3,37.1,15.1,0.000,0.000,0.00,0.000,12.5,21.3,3.8,308,17,13.3,21.8,3.6,316,16,13.3,21.8,3.6,316,16,542,30.09,0.1,0,0,0,45.6,51.1,53.5,0.14,0.05,0.00
WANT,2019-11-08 12:45:00 EST,40.65510,-73.50616,28,39.2,38.3,30.3,36.4,14.7,0.000,0.000,0.00,0.000,15.7,25.5,4.3,324,15,16.4,24.4,4.2,332,13,16.4,24.4,4.2,332,13,480,30.09,-0.0,0,0,0,45.7,51.1,53.4,0.14,0.05,0.00
WANT,2019-11-08 12:50:00 EST,40.65510,-73.50616,28,39.5,38.4,31.9,37.4,15.6,0.000,0.000,0.00,0.000,12.2,20.5,3.7,324,17,13.1,22.3,4.1,333,16,13.1,22.3,4.1,333,16,571,30.08,-0.0,0,0,0,45.9,51.1,53.5,0.14,0.05,0.00
WANT,2019-11-08 12:55:00 EST,40.65510,-73.50616,28,39.9,38.9,31.8,35.4,14.7,0.000,0.000,0.00,0.000,14.0,24.3,4.9,295,21,14.9,26.3,4.9,302,18,14.9,26.3,4.9,302,18,595,30.08,-0.1,0,0,0,45.9,51.1,53.5,0.14,0.05,0.00
WANT,2019-11-08 13:00:00 EST,40.65510,-73.50616,28,39.6,38.6,30.5,34.1,13.6,0.000,0.000,0.00,0.000,16.8,26.6,3.8,302,14,17.7,29.1,4.0,309,12,17.7,29.1,4.0,309,12,575,30.08,-0.0,0,0,0,46.0,51.1,53.4,0.14,0.05,0.00
WANT,2019-11-08 13:05:00 EST,40.65510,-73.50616,28,39.2,38.2,30.7,34.6,13.5,0.000,0.000,0.00,0.000,14.5,24.6,4.7,304,17,15.4,26.0,4.8,312,15,15.4,26.0,4.8,312,15,559,30.08,-0.0,0,0,0,46.1,51.1,53.4,0.14,0.05,0.00
WANT,2019-11-08 13:10:00 EST,40.65510,-73.50616,28,39.3,38.4,29.9,33.4,12.9,0.000,0.000,0.00,0.000,17.4,27.0,4.5,293,15,18.7,29.8,4.8,299,14,18.7,29.8,4.8,299,14,569,30.08,0.0,0,0,0,46.4,51.1,53.4,0.13,0.05,0.00
WANT,2019-11-08 13:15:00 EST,40.65510,-73.50616,28,39.3,38.3,30.2,35.2,14.0,0.000,0.000,0.00,0.000,16.5,25.6,4.8,291,14,17.5,29.9,4.9,297,12,17.5,29.9,4.9,297,12,570,30.08,0.1,0,0,0,46.4,51.1,53.5,0.13,0.05,0.00
WANT,2019-11-08 13:20:00 EST,40.65510,-73.50616,28,39.3,38.3,30.4,35.7,14.3,0.000,0.000,0.00,0.000,15.6,23.0,3.8,284,14,16.7,24.4,4.0,290,10,16.7,24.4,4.0,290,10,575,30.08,0.0,0,0,0,46.4,51.1,53.4,0.13,0.05,0.00
WANT,2019-11-08 13:25:00 EST,40.65510,-73.50616,28,39.7,38.6,32.0,35.9,14.8,0.000,0.000,0.00,0.000,12.4,20.8,3.1,298,16,13.4,22.8,3.4,304,15,13.4,22.8,3.4,304,15,540,30.09,-0.1,0,0,0,46.5,51.1,53.3,0.13,0.05,0.00
WANT,2019-11-08 13:30:00 EST,40.65510,-73.50616,28,40.0,38.8,33.4,36.0,15.2,0.000,0.000,0.00,0.000,10.2,17.4,2.9,319,18,10.8,20.0,3.0,328,19,10.8,20.0,3.0,328,19,492,30.09,0.0,0,0,0,46.6,51.1,53.4,0.13,0.05,0.00
WANT,2019-11-08 13:35:00 EST,40.65510,-73.50616,28,40.1,38.8,32.0,37.2,16.0,0.000,0.000,0.00,0.000,13.4,22.5,3.5,338,15,14.9,24.7,4.0,349,14,14.9,24.7,4.0,349,14,454,30.09,-0.2,0,0,0,46.6,51.1,53.5,0.13,0.05,0.00
WANT,2019-11-08 13:40:00 EST,40.65510,-73.50616,28,39.5,38.3,31.3,36.8,15.3,0.000,0.000,0.00,0.000,13.5,23.2,4.3,345,21,14.7,27.3,4.7,351,13,14.7,27.3,4.7,351,13,495,30.09,-0.1,0,0,0,46.7,51.1,53.4,0.13,0.05,0.00
WANT,2019-11-08 13:45:00 EST,40.65510,-73.50616,28,39.5,38.4,31.1,35.3,14.2,0.000,0.000,0.00,0.000,14.7,24.7,4.3,324,12,15.4,25.0,4.4,332,11,15.4,25.0,4.4,332,11,501,30.09,-0.1,0,0,0,46.8,51.1,53.4,0.13,0.05,0.00
WANT,2019-11-08 13:50:00 EST,40.65510,-73.50616,28,38.7,37.9,29.1,32.3,11.6,0.000,0.000,0.00,0.000,17.8,27.5,4.4,321,17,18.8,28.0,4.2,329,11,18.8,28.0,4.2,329,11,352,30.10,-0.1,0,0,0,46.8,51.1,53.3,0.13,0.05,0.00
WANT,2019-11-08 13:55:00 EST,40.65510,-73.50616,28,38.4,37.8,29.0,32.9,11.7,0.000,0.000,0.00,0.000,16.7,26.2,3.6,312,18,17.7,27.7,3.6,319,17,17.7,27.7,3.6,319,17,408,30.10,-0.0,0,0,0,46.8,51.1,53.3,0.13,0.05,0.00
WANT,2019-11-08 14:00:00 EST,40.65510,-73.50616,28,39.0,38.2,31.0,34.5,13.3,0.000,0.000,0.00,0.000,13.0,23.7,4.0,307,19,13.7,23.1,4.0,313,19,13.7,23.1,4.0,313,19,431,30.10,0.1,0,0,0,46.6,51.1,53.2,0.13,0.05,0.00
WANT,2019-11-08 14:05:00 EST,40.65510,-73.50616,28,39.1,38.2,30.8,33.8,12.9,0.000,0.000,0.00,0.000,13.4,22.8,3.3,305,20,14.4,23.4,3.6,310,19,14.4,23.4,3.6,310,19,421,30.10,-0.1,0,0,0,46.5,51.1,53.3,0.13,0.05,0.00
WANT,2019-11-08 14:10:00 EST,40.65510,-73.50616,28,38.9,38.0,30.9,34.2,13.0,0.000,0.000,0.00,0.000,12.5,19.7,3.1,298,14,13.5,22.2,3.4,304,13,13.5,22.2,3.4,304,13,423,30.10,-0.0,0,0,0,46.4,51.1,53.3,0.13,0.05,0.00
WANT,2019-11-08 14:15:00 EST,40.65510,-73.50616,28,39.1,38.4,30.2,33.3,12.6,0.000,0.000,0.00,0.000,16.3,24.8,4.2,308,14,16.8,25.6,4.0,315,14,16.8,25.6,4.0,315,14,392,30.10,-0.0,0,0,0,46.4,51.1,53.4,0.13,0.05,0.00
WANT,2019-11-08 14:20:00 EST,40.65510,-73.50616,28,38.4,37.7,30.2,33.7,12.2,0.000,0.000,0.00,0.000,12.6,21.4,3.9,306,20,13.4,24.4,4.2,314,19,13.4,24.4,4.2,314,19,258,30.11,-0.1,0,0,0,46.4,51.1,53.3,0.13,0.05,0.00
WANT,2019-11-08 14:25:00 EST,40.65510,-73.50616,28,38.0,37.5,28.3,32.5,11.0,0.000,0.000,0.00,0.000,17.1,25.5,3.9,300,15,18.3,29.0,4.0,306,12,18.3,29.0,4.0,306,12,229,30.11,0.0,0,0,0,46.0,51.1,53.4,0.13,0.05,0.00
WANT,2019-11-08 14:30:00 EST,40.65510,-73.50616,28,38.5,37.9,29.5,32.2,11.3,0.000,0.000,0.00,0.000,15.2,24.3,4.0,308,18,16.1,25.3,3.8,316,14,16.1,25.3,3.8,316,14,330,30.11,0.0,0,0,0,46.0,51.1,53.1,0.13,0.05,0.00
WANT,2019-11-08 14:35:00 EST,40.65510,-73.50616,28,38.5,37.9,28.8,30.9,10.4,0.000,0.000,0.00,0.000,18.0,29.0,4.7,317,15,19.0,28.4,4.6,322,15,19.0,28.4,4.6,322,15,337,30.11,-0.0,0,0,0,45.9,51.1,53.3,0.13,0.05,0.00
WANT,2019-11-08 14:40:00 EST,40.65510,-73.50616,28,38.4,37.7,29.3,31.1,10.4,0.000,0.000,0.00,0.000,16.0,27.4,4.1,320,18,16.4,27.7,4.2,328,14,16.4,27.7,4.2,328,14,321,30.12,0.0,0,0,0,45.8,51.1,53.2,0.14,0.05,0.00
WANT,2019-11-08 14:45:00 EST,40.65510,-73.50616,28,38.4,37.6,29.8,31.6,10.8,0.000,0.000,0.00,0.000,14.0,24.4,4.6,316,14,14.6,24.1,4.4,324,15,14.6,24.1,4.4,324,15,309,30.12,-0.0,0,0,0,45.7,51.1,53.2,0.14,0.05,0.00
WANT,2019-11-08 14:50:00 EST,40.65510,-73.50616,28,38.1,37.5,28.6,31.5,10.4,0.000,0.000,0.00,0.000,16.8,25.9,4.1,317,15,17.6,26.5,4.1,324,14,17.6,26.5,4.1,324,14,295,30.12,-0.0,0,0,0,45.5,51.1,53.3,0.14,0.05,0.00
WANT,2019-11-08 14:55:00 EST,40.65510,-73.50616,28,38.2,37.5,29.3,32.0,10.9,0.000,0.000,0.00,0.000,15.1,26.2,4.6,322,20,15.8,28.1,4.8,331,15,15.8,28.1,4.8,331,15,282,30.12,-0.0,0,0,0,45.5,51.2,53.2,0.14,0.05,0.00
WANT,2019-11-08 15:00:00 EST,40.65510,-73.50616,28,38.3,37.7,30.0,32.8,11.5,0.000,0.000,0.00,0.000,12.8,25.0,3.8,300,13,13.7,26.7,3.9,307,11,13.7,26.7,3.9,307,11,266,30.12,-0.0,0,0,0,45.4,51.2,53.2,0.13,0.05,0.00
WANT,2019-11-08 15:05:00 EST,40.65510,-73.50616,28,38.1,37.6,30.2,33.7,12.0,0.000,0.000,0.00,0.000,11.9,20.2,3.8,312,16,12.8,19.6,3.7,317,15,12.8,19.6,3.7,317,15,254,30.12,0.0,0,0,0,45.3,51.3,53.1,0.14,0.05,0.00
WANT,2019-11-08 15:10:00 EST,40.65510,-73.50616,28,38.3,37.7,30.7,33.2,11.8,0.000,0.000,0.00,0.000,11.2,17.3,3.4,312,18,12.0,20.9,3.6,319,16,12.0,20.9,3.6,319,16,241,30.12,-0.0,0,0,0,45.1,51.3,53.1,0.13,0.05,0.00
WANT,2019-11-08 15:15:00 EST,40.65510,-73.50616,28,38.4,37.9,30.8,32.8,11.7,0.000,0.000,0.00,0.000,11.5,19.7,3.2,310,19,12.4,21.8,3.4,317,18,12.4,21.8,3.4,317,18,220,30.12,-0.1,0,0,0,45.1,51.3,53.1,0.13,0.05,0.00
WANT,2019-11-08 15:20:00 EST,40.65510,-73.50616,28,38.2,37.7,30.7,33.9,12.2,0.000,0.000,0.00,0.000,10.6,18.6,3.4,313,17,11.5,20.3,3.6,320,16,11.5,20.3,3.6,320,16,213,30.12,0.0,0,0,0,45.1,51.3,53.1,0.13,0.05,0.00
WANT,2019-11-08 15:25:00 EST,40.65510,-73.50616,28,38.1,37.6,30.4,33.6,11.9,0.000,0.000,0.00,0.000,11.3,18.6,3.6,327,14,12.1,20.4,4.0,335,13,12.1,20.4,4.0,335,13,200,30.13,0.0,0,0,0,45.0,51.3,53.1,0.13,0.05,0.00
WANT,2019-11-08 15:30:00 EST,40.65510,-73.50616,28,38.3,37.8,31.5,33.3,11.9,0.000,0.000,0.00,0.000,9.2,16.2,3.3,315,16,9.9,17.4,3.3,320,15,9.9,17.4,3.3,320,15,187,30.13,-0.0,0,0,0,44.9,51.3,53.1,0.13,0.05,0.00
WANT,2019-11-08 15:35:00 EST,40.65510,-73.50616,28,38.2,37.7,31.6,32.9,11.5,0.000,0.000,0.00,0.000,9.1,18.3,3.0,322,17,9.5,19.1,3.2,329,17,9.5,19.1,3.2,329,17,175,30.13,-0.1,0,0,0,44.8,51.3,53.1,0.13,0.05,0.00
WANT,2019-11-08 15:40:00 EST,40.65510,-73.50616,28,37.8,37.4,30.1,34.1,12.0,0.000,0.000,0.00,0.000,11.0,17.9,3.7,323,18,12.0,20.6,3.9,332,16,12.0,20.6,3.9,332,16,153,30.13,-0.0,0,0,0,44.8,51.3,53.1,0.13,0.05,0.00
WANT,2019-11-08 15:45:00 EST,40.65510,-73.50616,28,37.8,37.4,30.7,34.9,12.5,0.000,0.000,0.00,0.000,9.6,16.7,3.7,310,17,10.4,18.9,3.5,318,19,10.4,18.9,3.5,318,19,151,30.13,0.0,0,0,0,44.7,51.3,53.1,0.13,0.05,0.00
WANT,2019-11-08 15:50:00 EST,40.65510,-73.50616,28,37.8,37.4,30.4,34.7,12.4,0.000,0.000,0.00,0.000,10.6,22.1,4.2,318,18,11.2,23.5,4.1,321,18,11.2,23.5,4.1,321,18,116,30.14,-0.1,0,0,0,44.6,51.3,53.1,0.13,0.05,0.00
WANT,2019-11-08 15:55:00 EST,40.65510,-73.50616,28,37.1,36.9,28.6,35.3,12.1,0.000,0.000,0.00,0.000,12.9,20.2,3.3,306,15,13.6,22.7,3.7,311,15,13.6,22.7,3.7,311,15,85,30.14,-0.1,0,0,0,44.4,51.3,53.1,0.13,0.05,0.00
WANT,2019-11-08 16:00:00 EST,40.65510,-73.50616,28,36.8,36.6,28.0,35.1,11.8,0.000,0.000,0.00,0.000,13.4,25.7,5.1,321,14,14.3,25.4,4.9,329,12,14.3,25.4,4.9,329,12,45,30.14,-0.1,0,0,0,44.4,51.3,53.1,0.13,0.05,0.00
WANT,2019-11-08 16:05:00 EST,40.65510,-73.50616,28,36.6,36.4,27.5,35.1,11.6,0.000,0.000,0.00,0.000,14.6,20.8,3.0,314,14,15.1,22.9,3.1,320,12,15.1,22.9,3.1,320,12,64,30.14,-0.0,0,0,0,44.1,51.3,53.1,0.13,0.05,0.00
WANT,2019-11-08 16:10:00 EST,40.65510,-73.50616,28,36.7,36.5,29.8,35.3,11.7,0.000,0.000,0.00,0.000,8.6,15.1,2.5,317,24,9.3,17.0,2.7,324,19,9.3,17.0,2.7,324,19,63,30.15,-0.1,0,0,0,44.0,51.3,53.1,0.13,0.05,0.00
WANT,2019-11-08 16:15:00 EST,40.65510,-73.50616,28,36.6,36.4,28.2,34.8,11.3,0.000,0.000,0.00,0.000,12.2,18.6,2.9,321,15,12.9,20.8,3.0,328,15,12.9,20.8,3.0,328,15,55,30.15,-0.1,0,0,0,43.9,51.3,53.1,0.13,0.05,0.00
WANT,2019-11-08 16:20:00 EST,40.65510,-73.50616,28,36.5,36.3,28.0,35.0,11.4,0.000,0.000,0.00,0.000,12.6,24.8,4.1,322,15,13.0,24.1,4.1,327,13,13.0,24.1,4.1,327,13,43,30.15,-0.0,0,0,0,43.7,51.3,53.0,0.13,0.05,0.00
WANT,2019-11-08 16:25:00 EST,40.65510,-73.50616,28,36.3,36.2,27.4,35.8,11.8,0.000,0.000,0.00,0.000,13.6,21.8,4.2,324,18,14.2,24.0,4.3,332,15,14.2,24.0,4.3,332,15,29,30.15,-0.1,0,0,0,43.6,51.3,53.1,0.13,0.05,0.00
WANT,2019-11-08 16:30:00 EST,40.65510,-73.50616,28,36.2,36.1,27.9,36.5,12.1,0.000,0.000,0.00,0.000,11.6,19.1,3.0,305,15,12.5,21.0,3.1,312,13,12.5,21.0,3.1,312,13,23,30.15,-0.0,0,0,0,43.4,51.3,53.1,0.13,0.05,0.00
WANT,2019-11-08 16:35:00 EST,40.65510,-73.50616,28,36.2,36.1,27.5,36.4,12.0,0.000,0.000,0.00,0.000,12.9,21.6,3.4,311,13,13.3,22.0,3.4,317,12,13.3,22.0,3.4,317,12,16,30.15,-0.0,0,0,0,43.3,51.4,53.1,0.13,0.05,0.00
WANT,2019-11-08 16:40:00 EST,40.65510,-73.50616,28,36.0,36.0,28.1,36.2,11.7,0.000,0.000,0.00,0.000,10.6,17.5,3.0,321,17,11.4,19.6,3.2,328,14,11.4,19.6,3.2,328,14,10,30.16,-0.1,0,0,0,43.2,51.4,53.1,0.13,0.05,0.00
WANT,2019-11-08 16:45:00 EST,40.65510,-73.50616,28,35.9,35.8,27.0,36.0,11.5,0.000,0.000,0.00,0.000,13.1,20.6,3.9,316,15,13.7,20.8,3.8,325,15,13.7,20.8,3.8,325,15,7,30.16,-0.1,0,0,0,43.0,51.4,53.1,0.13,0.05,0.00
WANT,2019-11-08 16:50:00 EST,40.65510,-73.50616,28,35.7,35.7,27.6,36.9,11.9,0.000,0.000,0.00,0.000,11.2,19.8,3.2,310,16,11.8,19.6,3.2,318,14,11.8,19.6,3.2,318,14,4,30.16,-0.0,0,0,0,42.8,51.4,53.1,0.13,0.05,0.00
WANT,2019-11-08 16:55:00 EST,40.65510,-73.50616,28,35.7,35.7,28.4,37.4,12.1,0.000,0.000,0.00,0.000,9.5,17.0,2.5,305,15,9.7,17.0,2.3,312,14,9.7,17.0,2.3,312,14,2,30.17,-0.0,0,0,0,42.7,51.4,53.1,0.13,0.05,0.00
WANT,2019-11-08 17:00:00 EST,40.65510,-73.50616,28,35.5,35.5,29.1,38.4,12.6,0.000,0.000,0.00,0.000,7.4,14.8,2.6,309,17,8.0,15.9,2.6,316,15,8.0,15.9,2.6,316,15,1,30.17,0.0,0,0,0,42.6,51.4,53.1,0.13,0.05,0.00
WANT,2019-11-08 17:05:00 EST,40.65510,-73.50616,28,35.4,35.5,28.7,38.9,12.9,0.000,0.000,0.00,0.000,8.4,13.4,2.1,311,14,8.7,14.0,2.1,317,14,8.7,14.0,2.1,317,14,1,30.17,-0.0,0,0,0,42.4,51.4,53.0,0.13,0.05,0.00
WANT,2019-11-08 17:10:00 EST,40.65510,-73.50616,28,35.3,35.4,28.2,39.4,13.0,0.000,0.000,0.00,0.000,8.5,16.8,2.8,308,14,9.2,17.1,2.8,313,11,9.2,17.1,2.8,313,11,1,30.18,-0.0,0,0,0,42.3,51.4,53.0,0.13,0.05,0.00
WANT,2019-11-08 17:15:00 EST,40.65510,-73.50616,28,35.5,35.5,28.2,39.1,13.0,0.000,0.000,0.00,0.000,9.4,14.8,2.2,303,13,9.7,16.1,2.2,311,12,9.7,16.1,2.2,311,12,1,30.18,-0.0,0,0,0,42.2,51.4,53.1,0.13,0.05,0.00
WANT,2019-11-08 17:20:00 EST,40.65510,-73.50616,28,35.3,35.3,27.4,39.6,13.2,0.000,0.000,0.00,0.000,10.4,15.3,2.1,297,10,11.1,15.8,2.0,304,10,11.1,15.8,2.0,304,10,1,30.18,-0.0,0,0,0,42.1,51.4,53.0,0.13,0.05,0.00
WANT,2019-11-08 17:25:00 EST,40.65510,-73.50616,28,35.2,35.2,28.5,40.7,13.6,0.000,0.000,0.00,0.000,7.9,14.0,2.3,307,19,8.3,16.1,2.4,314,18,8.3,16.1,2.4,314,18,1,30.18,-0.0,0,0,0,42.0,51.4,53.0,0.13,0.05,0.00
WANT,2019-11-08 17:30:00 EST,40.65510,-73.50616,28,35.2,35.2,27.0,40.9,13.8,0.000,0.000,0.00,0.000,11.1,20.6,3.4,311,18,11.6,20.8,3.7,317,16,11.6,20.8,3.7,317,16,1,30.19,-0.0,0,0,0,41.9,51.4,53.1,0.13,0.05,0.00
WANT,2019-11-08 17:35:00 EST,40.65510,-73.50616,28,35.2,35.2,27.0,40.6,13.7,0.000,0.000,0.00,0.000,11.1,16.2,2.6,308,17,11.7,17.1,2.5,316,14,11.7,17.1,2.5,316,14,1,30.19,-0.0,0,0,0,41.7,51.4,53.1,0.13,0.05,0.00
WANT,2019-11-08 17:40:00 EST,40.65510,-73.50616,28,35.2,35.1,26.6,40.0,13.3,0.000,0.000,0.00,0.000,11.7,19.7,3.5,293,13,12.5,20.8,3.6,300,12,12.5,20.8,3.6,300,12,1,30.19,-0.0,0,0,0,41.7,51.4,52.9,0.13,0.05,0.00
WANT,2019-11-08 17:45:00 EST,40.65510,-73.50616,28,35.0,35.0,27.9,40.2,13.1,0.000,0.000,0.00,0.000,8.5,12.5,1.7,302,14,9.0,14.0,2.0,309,13,9.0,14.0,2.0,309,13,1,30.19,-0.0,0,0,0,41.5,51.4,53.0,0.13,0.05,0.00
WANT,2019-11-08 17:50:00 EST,40.65510,-73.50616,28,34.8,34.9,26.5,39.8,12.8,0.000,0.000,0.00,0.000,11.0,19.8,3.0,302,20,11.8,20.7,3.4,308,16,11.8,20.7,3.4,308,16,1,30.20,-0.1,0,0,0,41.4,51.4,52.9,0.13,0.05,0.00
WANT,2019-11-08 17:55:00 EST,40.65510,-73.50616,28,34.9,34.9,26.4,39.4,12.7,0.000,0.000,0.00,0.000,11.6,19.1,3.7,302,15,12.1,20.0,3.8,311,13,12.1,20.0,3.8,311,13,1,30.20,-0.1,0,0,0,41.4,51.4,52.9,0.13,0.05,0.00
WANT,2019-11-08 18:00:00 EST,40.65510,-73.50616,28,34.6,34.7,27.0,40.5,13.1,0.000,0.000,0.00,0.000,9.4,15.9,2.6,307,13,10.0,18.3,2.6,314,13,10.0,18.3,2.6,314,13,1,30.20,-0.1,0,0,0,41.2,51.4,53.0,0.13,0.05,0.00
WANT,2019-11-08 18:05:00 EST,40.65510,-73.50616,28,34.5,34.6,26.7,41.3,13.4,0.000,0.000,0.00,0.000,10.0,16.3,2.7,310,15,10.3,18.2,2.5,318,13,10.3,18.2,2.5,318,13,1,30.20,-0.1,0,0,0,41.2,51.4,53.0,0.13,0.05,0.00
WANT,2019-11-08 18:10:00 EST,40.65510,-73.50616,28,34.5,34.5,26.3,41.5,13.5,0.000,0.000,0.00,0.000,10.6,16.4,2.7,307,14,11.1,17.3,2.8,313,13,11.1,17.3,2.8,313,13,1,30.20,-0.0,0,0,0,41.0,51.4,53.0,0.13,0.05,0.00
WANT,2019-11-08 18:15:00 EST,40.65510,-73.50616,28,34.4,34.4,25.9,41.6,13.4,0.000,0.000,0.00,0.000,11.3,19.0,3.5,313,15,11.9,19.0,3.4,318,12,11.9,19.0,3.4,318,12,1,30.21,-0.0,0,0,0,41.0,51.4,53.0,0.13,0.05,0.00
WANT,2019-11-08 18:20:00 EST,40.65510,-73.50616,28,34.3,34.3,25.8,41.5,13.3,0.000,0.000,0.00,0.000,10.7,19.3,4.1,310,16,11.7,20.8,3.9,314,15,11.7,20.8,3.9,314,15,1,30.21,-0.0,0,0,0,40.9,51.3,53.0,0.13,0.05,0.00
WANT,2019-11-08 18:25:00 EST,40.65510,-73.50616,28,34.4,34.3,25.3,40.9,13.1,0.000,0.000,0.00,0.000,12.6,22.4,3.8,307,15,13.2,22.7,3.8,314,14,13.2,22.7,3.8,314,14,1,30.21,-0.1,0,0,0,40.7,51.3,52.9,0.13,0.05,0.00
WANT,2019-11-08 18:30:00 EST,40.65510,-73.50616,28,34.1,34.1,26.6,41.5,13.2,0.000,0.000,0.00,0.000,9.1,14.5,2.7,315,16,9.5,16.8,2.9,323,14,9.5,16.8,2.9,323,14,0,30.21,-0.0,0,0,0,40.6,51.3,52.9,0.13,0.05,0.00
WANT,2019-11-08 18:35:00 EST,40.65510,-73.50616,28,34.0,34.0,27.5,42.1,13.3,0.000,0.000,0.00,0.000,7.0,13.5,1.9,315,16,7.5,12.7,1.9,321,15,7.5,12.7,1.9,321,15,0,30.22,-0.1,0,0,0,40.5,51.3,52.9,0.13,0.05,0.00
WANT,2019-11-08 18:40:00 EST,40.65510,-73.50616,28,33.9,33.9,26.4,42.4,13.4,0.000,0.000,0.00,0.000,8.9,15.3,2.8,321,15,9.3,16.8,3.0,327,14,9.3,16.8,3.0,327,14,1,30.22,-0.0,0,0,0,40.5,51.3,52.9,0.13,0.05,0.00
WANT,2019-11-08 18:45:00 EST,40.65510,-73.50616,28,33.7,33.8,26.5,43.0,13.5,0.000,0.000,0.00,0.000,8.1,15.6,2.8,318,14,8.7,17.6,3.0,324,14,8.7,17.6,3.0,324,14,1,30.23,-0.1,0,0,0,40.3,51.3,53.0,0.13,0.05,0.00
WANT,2019-11-08 18:50:00 EST,40.65510,-73.50616,28,33.5,33.6,27.9,43.4,13.6,0.000,0.000,0.00,0.000,5.5,10.7,2.0,318,21,6.1,14.4,2.3,325,18,6.1,14.4,2.3,325,18,1,30.23,-0.0,0,0,0,40.3,51.3,52.9,0.13,0.05,0.00
WANT,2019-11-08 18:55:00 EST,40.65510,-73.50616,28,33.6,33.7,25.7,43.0,13.5,0.000,0.000,0.00,0.000,9.6,17.4,2.8,314,17,10.1,19.5,3.0,319,16,10.1,19.5,3.0,319,16,1,30.23,-0.1,0,0,0,40.2,51.3,53.0,0.13,0.05,0.00
WANT,2019-11-08 19:00:00 EST,40.65510,-73.50616,28,33.6,33.7,26.0,42.7,13.3,0.000,0.000,0.00,0.000,9.0,15.2,2.9,317,13,9.5,16.2,3.0,324,11,9.5,16.2,3.0,324,11,1,30.23,-0.0,0,0,0,40.1,51.3,52.9,0.13,0.05,0.00
WANT,2019-11-08 19:05:00 EST,40.65510,-73.50616,28,33.5,33.6,25.9,42.6,13.2,0.000,0.000,0.00,0.000,9.0,16.7,2.6,314,12,9.4,17.0,2.6,320,11,9.4,17.0,2.6,320,11,1,30.23,-0.1,0,0,0,40.1,51.3,52.9,0.13,0.05,0.00
WANT,2019-11-08 19:10:00 EST,40.65510,-73.50616,28,33.5,33.5,25.5,42.6,13.2,0.000,0.000,0.00,0.000,9.6,14.8,2.5,314,14,10.2,17.1,2.3,322,13,10.2,17.1,2.3,322,13,1,30.23,-0.0,0,0,0,39.9,51.3,52.9,0.13,0.05,0.00
WANT,2019-11-08 19:15:00 EST,40.65510,-73.50616,28,33.5,33.5,24.7,42.4,13.0,0.000,0.000,0.00,0.000,11.3,20.6,3.9,307,16,11.9,23.6,4.0,314,13,11.9,23.6,4.0,314,13,1,30.23,-0.1,0,0,0,39.9,51.3,53.0,0.13,0.05,0.00
WANT,2019-11-08 19:20:00 EST,40.65510,-73.50616,28,33.3,33.3,24.9,43.1,13.2,0.000,0.000,0.00,0.000,10.4,15.5,2.6,305,15,10.8,17.6,2.8,312,15,10.8,17.6,2.8,312,15,0,30.23,0.0,0,0,0,39.8,51.3,53.0,0.13,0.05,0.00
WANT,2019-11-08 19:25:00 EST,40.65510,-73.50616,28,33.2,33.2,25.5,43.5,13.3,0.000,0.000,0.00,0.000,8.6,16.0,3.1,309,17,9.3,16.2,3.0,315,14,9.3,16.2,3.0,315,14,0,30.23,-0.0,0,0,0,39.7,51.3,52.9,0.13,0.05,0.00
WANT,2019-11-08 19:30:00 EST,40.65510,-73.50616,28,33.1,33.2,25.9,43.7,13.4,0.000,0.000,0.00,0.000,8.0,16.4,2.5,308,15,8.5,15.3,2.6,314,14,8.5,15.3,2.6,314,14,0,30.24,-0.1,0,0,0,39.6,51.3,52.9,0.13,0.05,0.00
WANT,2019-11-08 19:35:00 EST,40.65510,-73.50616,28,33.0,33.1,24.5,43.9,13.4,0.000,0.000,0.00,0.000,10.4,15.4,2.5,303,16,11.0,16.4,2.5,310,15,11.0,16.4,2.5,310,15,0,30.24,-0.0,0,0,0,39.6,51.3,52.9,0.13,0.05,0.00
WANT,2019-11-08 19:40:00 EST,40.65510,-73.50616,28,33.1,33.0,25.3,43.7,13.3,0.000,0.000,0.00,0.000,8.9,14.4,2.6,308,14,9.5,14.4,2.6,315,12,9.5,14.4,2.6,315,12,0,30.24,-0.1,0,0,0,39.6,51.3,52.9,0.13,0.05,0.00
WANT,2019-11-08 19:45:00 EST,40.65510,-73.50616,28,32.8,32.9,25.0,44.7,13.6,0.000,0.000,0.00,0.000,8.7,15.6,2.2,314,16,9.3,14.8,2.1,321,15,9.3,14.8,2.1,321,15,0,30.24,-0.0,0,0,0,39.4,51.2,52.9,0.13,0.05,0.00
WANT,2019-11-08 19:50:00 EST,40.65510,-73.50616,28,32.9,32.9,24.5,44.4,13.5,0.000,0.000,0.00,0.000,10.3,15.5,2.2,319,17,10.6,16.7,2.2,326,14,10.6,16.7,2.2,326,14,0,30.25,-0.0,0,0,0,39.4,51.1,53.0,0.13,0.05,0.00
WANT,2019-11-08 19:55:00 EST,40.65510,-73.50616,28,32.8,32.8,25.2,44.8,13.6,0.000,0.000,0.00,0.000,8.6,12.6,2.0,314,13,8.9,13.6,2.0,322,12,8.9,13.6,2.0,322,12,0,30.25,-0.1,0,0,0,39.3,51.1,52.9,0.13,0.05,0.00
WANT,2019-11-08 20:00:00 EST,40.65510,-73.50616,28,32.5,32.6,25.4,45.1,13.6,0.000,0.000,0.00,0.000,7.6,12.7,2.1,310,14,8.1,12.9,2.1,317,13,8.1,12.9,2.1,317,13,0,30.25,-0.0,0,0,0,39.2,51.1,52.9,0.13,0.05,0.00
WANT,2019-11-08 20:05:00 EST,40.65510,-73.50616,28,32.6,32.6,24.7,44.9,13.5,0.000,0.000,0.00,0.000,9.1,15.1,2.7,315,21,9.6,16.0,2.7,322,15,9.6,16.0,2.7,322,15,0,30.25,-0.0,0,0,0,39.2,51.1,53.0,0.13,0.05,0.00
WANT,2019-11-08 20:10:00 EST,40.65510,-73.50616,28,32.5,32.6,24.9,45.0,13.5,0.000,0.000,0.00,0.000,8.3,16.6,2.9,319,18,8.9,18.7,2.9,326,15,8.9,18.7,2.9,326,15,0,30.26,-0.0,0,0,0,39.2,51.1,52.9,0.13,0.05,0.00
WANT,2019-11-08 20:15:00 EST,40.65510,-73.50616,28,32.4,32.5,25.0,45.2,13.5,0.000,0.000,0.00,0.000,8.4,14.4,1.9,315,15,8.6,15.2,2.1,322,15,8.6,15.2,2.1,322,15,0,30.26,-0.0,0,0,0,39.2,51.1,52.9,0.13,0.05,0.00
WANT,2019-11-08 20:20:00 EST,40.65510,-73.50616,28,32.4,32.5,25.0,45.6,13.7,0.000,0.000,0.00,0.000,8.4,14.0,2.2,316,14,8.4,14.2,2.2,322,12,8.4,14.2,2.2,322,12,0,30.26,-0.1,0,0,0,39.2,51.1,52.9,0.13,0.05,0.00
WANT,2019-11-08 20:25:00 EST,40.65510,-73.50616,28,32.2,32.3,26.0,46.1,13.8,0.000,0.000,0.00,0.000,6.3,11.2,2.2,318,16,6.6,11.3,2.1,325,14,6.6,11.3,2.1,325,14,0,30.26,-0.1,0,0,0,39.1,51.1,52.9,0.13,0.05,0.00
WANT,2019-11-08 20:30:00 EST,40.65510,-73.50616,28,32.1,32.3,25.3,46.8,14.0,0.000,0.000,0.00,0.000,7.4,11.0,1.6,317,13,7.6,11.0,1.7,323,11,7.6,11.0,1.7,323,11,0,30.27,-0.0,0,0,0,39.0,51.1,52.9,0.13,0.05,0.00
WANT,2019-11-08 20:35:00 EST,40.65510,-73.50616,28,32.0,32.1,25.1,47.1,14.1,0.000,0.000,0.00,0.000,7.3,12.1,1.9,313,12,7.7,12.4,1.9,321,9,7.7,12.4,1.9,321,9,0,30.27,-0.0,0,0,0,39.0,51.1,53.0,0.13,0.05,0.00
WANT,2019-11-08 20:40:00 EST,40.65510,-73.50616,28,32.0,32.1,24.6,47.3,14.2,0.000,0.000,0.00,0.000,8.1,11.5,1.8,311,14,8.4,14.1,1.8,319,13,8.4,14.1,1.8,319,13,0,30.27,-0.0,0,0,0,39.0,51.1,52.9,0.13,0.05,0.00
WANT,2019-11-08 20:45:00 EST,40.65510,-73.50616,28,31.8,31.9,25.9,48.0,14.4,0.000,0.000,0.00,0.000,5.6,9.1,1.4,314,16,6.2,11.2,1.5,322,15,6.2,11.2,1.5,322,15,0,30.27,-0.0,0,0,0,38.8,50.8,52.9,0.13,0.05,0.00
WANT,2019-11-08 20:50:00 EST,40.65510,-73.50616,28,31.9,32.0,24.7,48.0,14.4,0.000,0.000,0.00,0.000,7.9,14.4,2.7,314,13,8.1,14.2,2.7,321,11,8.1,14.2,2.7,321,11,0,30.27,-0.0,0,0,0,38.8,50.7,53.0,0.13,0.05,0.00
WANT,2019-11-08 20:55:00 EST,40.65510,-73.50616,28,31.7,31.8,26.2,48.2,14.3,0.000,0.000,0.00,0.000,5.3,9.7,1.9,317,16,5.6,10.0,1.9,324,14,5.6,10.0,1.9,324,14,0,30.28,-0.1,0,0,0,38.8,50.7,53.0,0.13,0.05,0.00
WANT,2019-11-08 21:00:00 EST,40.65510,-73.50616,28,31.2,31.5,26.3,49.2,14.4,0.000,0.000,0.00,0.000,4.5,11.3,1.5,312,16,4.9,12.8,2.0,319,15,4.9,12.8,2.0,319,15,0,30.28,-0.0,0,0,0,38.7,50.7,52.9,0.13,0.05,0.00
WANT,2019-11-08 21:05:00 EST,40.65510,-73.50616,28,31.5,31.6,24.7,49.0,14.5,0.000,0.000,0.00,0.000,6.6,12.5,1.9,309,16,7.1,13.5,1.9,316,15,7.1,13.5,1.9,316,15,0,30.28,0.0,0,0,0,38.7,50.7,53.0,0.13,0.05,0.00
WANT,2019-11-08 21:10:00 EST,40.65510,-73.50616,28,31.5,31.6,24.2,48.8,14.4,0.000,0.000,0.00,0.000,7.8,11.8,2.0,312,15,8.1,13.4,2.0,321,14,8.1,13.4,2.0,321,14,0,30.28,-0.1,0,0,0,38.7,50.7,52.9,0.13,0.05,0.00
WANT,2019-11-08 21:15:00 EST,40.65510,-73.50616,28,31.4,31.6,25.1,48.8,14.4,0.000,0.000,0.00,0.000,6.0,9.6,1.7,312,14,6.6,11.9,1.9,320,13,6.6,11.9,1.9,320,13,0,30.28,-0.1,0,0,0,38.7,50.7,52.9,0.13,0.05,0.00
WANT,2019-11-08 21:20:00 EST,40.65510,-73.50616,28,31.1,31.4,25.3,49.6,14.4,0.000,0.000,0.00,0.000,5.4,8.2,1.3,307,15,5.8,9.6,1.3,314,15,5.8,9.6,1.3,314,15,0,30.28,-0.0,0,0,0,38.5,50.7,52.9,0.13,0.05,0.00
WANT,2019-11-08 21:25:00 EST,40.65510,-73.50616,28,31.1,31.3,25.7,50.1,14.7,0.000,0.000,0.00,0.000,5.1,7.3,1.2,309,15,5.4,7.8,1.1,317,11,5.4,7.8,1.1,317,11,0,30.29,-0.0,0,0,0,38.5,50.7,52.9,0.13,0.05,0.00
WANT,2019-11-08 21:30:00 EST,40.65510,-73.50616,28,31.1,31.2,25.4,50.4,14.7,0.000,0.000,0.00,0.000,5.4,8.3,1.3,313,12,5.7,9.0,1.4,321,11,5.7,9.0,1.4,321,11,0,30.29,-0.0,0,0,0,38.5,50.7,52.9,0.13,0.05,0.00
WANT,2019-11-08 21:35:00 EST,40.65510,-73.50616,28,31.0,31.2,24.9,50.6,14.8,0.000,0.000,0.00,0.000,6.0,10.3,1.9,312,12,6.2,10.5,1.7,319,11,6.2,10.5,1.7,319,11,0,30.29,-0.0,0,0,0,38.5,50.7,52.9,0.13,0.05,0.00
WANT,2019-11-08 21:40:00 EST,40.65510,-73.50616,28,30.8,31.1,24.4,51.2,14.9,0.000,0.000,0.00,0.000,6.2,9.9,1.7,305,12,6.6,10.1,1.7,313,10,6.6,10.1,1.7,313,10,0,30.29,-0.1,0,0,0,38.5,50.5,52.9,0.13,0.05,0.00
WANT,2019-11-08 21:45:00 EST,40.65510,-73.50616,28,30.8,31.0,24.8,51.6,15.1,0.000,0.000,0.00,0.000,5.9,9.1,1.6,311,15,6.1,9.5,1.4,318,13,6.1,9.5,1.4,318,13,0,30.29,-0.0,0,0,0,38.4,50.5,52.9,0.13,0.05,0.00
WANT,2019-11-08 21:50:00 EST,40.65510,-73.50616,28,30.7,30.9,26.1,51.9,15.1,0.000,0.000,0.00,0.000,4.2,7.0,1.4,304,13,4.5,7.6,1.5,311,12,4.5,7.6,1.5,311,12,0,30.29,-0.0,0,0,0,38.3,50.5,52.9,0.13,0.05,0.00
WANT,2019-11-08 21:55:00 EST,40.65510,-73.50616,28,30.3,30.7,26.3,52.7,15.1,0.000,0.000,0.00,0.000,3.6,6.4,1.3,313,16,3.9,6.7,1.4,321,15,3.9,6.7,1.4,321,15,0,30.29,-0.0,0,0,0,38.3,50.5,52.9,0.13,0.05,0.00
WANT,2019-11-08 22:00:00 EST,40.65510,-73.50616,28,30.5,30.8,25.5,53.0,15.3,0.000,0.000,0.00,0.000,4.5,6.9,1.0,314,10,4.7,7.3,1.0,320,9,4.7,7.3,1.0,320,9,0,30.30,-0.1,0,0,0,38.3,50.5,52.9,0.13,0.05,0.00
WANT,2019-11-08 22:05:00 EST,40.65510,-73.50616,28,30.1,30.5,25.0,53.8,15.4,0.000,0.000,0.00,0.000,4.7,6.4,1.0,315,11,4.8,6.5,1.1,322,10,4.8,6.5,1.1,322,10,0,30.30,-0.1,0,0,0,38.3,50.5,52.9,0.13,0.05,0.00
WANT,2019-11-08 22:10:00 EST,40.65510,-73.50616,28,30.0,30.4,24.0,54.5,15.6,0.000,0.000,0.00,0.000,5.5,7.5,0.8,305,11,5.8,8.3,1.0,313,10,5.8,8.3,1.0,313,10,1,30.30,-0.1,0,0,0,38.3,50.5,52.9,0.13,0.05,0.00
WANT,2019-11-08 22:15:00 EST,40.65510,-73.50616,28,30.2,30.5,24.1,54.6,15.8,0.000,0.000,0.00,0.000,5.6,9.6,1.3,309,14,5.9,9.1,1.3,316,12,5.9,9.1,1.3,316,12,0,30.29,-0.0,0,0,0,38.3,50.5,52.8,0.13,0.05,0.00
WANT,2019-11-08 22:20:00 EST,40.65510,-73.50616,28,30.4,30.5,24.8,54.1,15.7,0.000,0.000,0.00,0.000,4.9,7.8,0.9,309,13,5.3,8.2,1.1,317,11,5.3,8.2,1.1,317,11,0,30.30,-0.0,0,0,0,38.2,50.5,52.8,0.13,0.05,0.00
WANT,2019-11-08 22:25:00 EST,40.65510,-73.50616,28,30.4,30.5,24.9,53.8,15.6,0.000,0.000,0.00,0.000,4.9,7.7,1.5,306,11,5.3,8.5,1.6,314,11,5.3,8.5,1.6,314,11,0,30.30,-0.1,0,0,0,38.1,50.4,52.9,0.13,0.05,0.00
WANT,2019-11-08 22:30:00 EST,40.65510,-73.50616,28,30.2,30.4,24.3,54.2,15.6,0.000,0.000,0.00,0.000,5.5,9.6,1.6,312,10,5.7,10.0,1.7,319,9,5.7,10.0,1.7,319,9,0,30.30,-0.1,0,0,0,38.1,50.4,52.8,0.13,0.05,0.00
WANT,2019-11-08 22:35:00 EST,40.65510,-73.50616,28,30.0,30.3,24.0,54.4,15.6,0.000,0.000,0.00,0.000,5.6,8.0,1.3,315,13,5.9,9.3,1.4,322,11,5.9,9.3,1.4,322,11,0,30.30,-0.1,0,0,0,38.1,50.4,52.8,0.13,0.05,0.00
WANT,2019-11-08 22:40:00 EST,40.65510,-73.50616,28,30.0,30.2,23.6,54.9,15.7,0.000,0.000,0.00,0.000,5.8,9.9,1.4,312,13,6.2,9.3,1.4,320,12,6.2,9.3,1.4,320,12,0,30.30,-0.1,0,0,0,38.1,50.4,52.8,0.13,0.05,0.00
WANT,2019-11-08 22:45:00 EST,40.65510,-73.50616,28,29.9,30.1,23.8,55.1,15.8,0.000,0.000,0.00,0.000,5.7,9.9,1.6,318,13,5.9,9.7,1.6,327,11,5.9,9.7,1.6,327,11,0,30.30,-0.1,0,0,0,38.0,50.4,52.8,0.13,0.05,0.00
WANT,2019-11-08 22:50:00 EST,40.65510,-73.50616,28,29.9,30.1,23.6,55.2,15.8,0.000,0.000,0.00,0.000,6.0,8.6,1.4,315,13,6.2,10.0,1.4,323,11,6.2,10.0,1.4,323,11,0,30.31,-0.1,0,0,0,37.9,50.4,52.7,0.13,0.05,0.00
WANT,2019-11-08 22:55:00 EST,40.65510,-73.50616,28,29.9,30.1,23.1,55.5,15.8,0.000,0.000,0.00,0.000,6.4,8.8,1.4,309,12,6.8,10.1,1.5,317,10,6.8,10.1,1.5,317,10,0,30.31,-0.0,0,0,0,37.9,50.4,52.7,0.13,0.05,0.00
WANT,2019-11-08 23:00:00 EST,40.65510,-73.50616,28,29.8,30.0,23.4,55.6,15.8,0.000,0.000,0.00,0.000,5.9,9.6,1.8,315,13,6.1,10.4,1.9,323,11,6.1,10.4,1.9,323,11,0,30.31,-0.0,0,0,0,37.9,50.4,52.7,0.13,0.05,0.00
WANT,2019-11-08 23:05:00 EST,40.65510,-73.50616,28,29.8,30.0,23.9,55.6,15.9,0.000,0.000,0.00,0.000,5.5,9.2,1.6,318,15,5.8,9.6,1.6,326,12,5.8,9.6,1.6,326,12,0,30.31,-0.0,0,0,0,37.9,50.3,52.7,0.13,0.05,0.01
WANT,2019-11-08 23:10:00 EST,40.65510,-73.50616,28,29.7,29.9,24.1,55.9,15.9,0.000,0.000,0.00,0.000,5.0,8.8,1.8,318,14,5.2,9.2,1.8,325,13,5.2,9.2,1.8,325,13,0,30.31,0.0,0,0,0,37.9,50.2,52.7,0.13,0.05,0.00
WANT,2019-11-08 23:15:00 EST,40.65510,-73.50616,28,29.6,29.8,23.2,56.3,15.9,0.000,0.000,0.00,0.000,5.9,8.8,1.1,312,13,6.2,9.8,1.1,319,11,6.2,9.8,1.1,319,11,0,30.31,-0.1,0,0,0,37.9,50.2,52.7,0.13,0.05,0.00
WANT,2019-11-08 23:20:00 EST,40.65510,-73.50616,28,29.6,29.8,22.7,56.6,16.1,0.000,0.000,0.00,0.000,6.4,10.2,1.4,311,12,6.9,11.0,1.4,318,10,6.9,11.0,1.4,318,10,0,30.31,-0.0,0,0,0,37.8,50.2,52.7,0.13,0.05,0.00
WANT,2019-11-08 23:25:00 EST,40.65510,-73.50616,28,29.6,29.7,23.8,56.6,16.0,0.000,0.000,0.00,0.000,5.1,8.6,1.3,315,15,5.5,9.9,1.4,321,14,5.5,9.9,1.4,321,14,0,30.31,-0.1,0,0,0,37.8,50.2,52.7,0.13,0.05,0.00
WANT,2019-11-08 23:30:00 EST,40.65510,-73.50616,28,29.6,29.7,23.3,56.8,16.1,0.000,0.000,0.00,0.000,5.9,9.9,1.7,313,16,6.0,10.4,1.8,321,14,6.0,10.4,1.8,321,14,0,30.31,-0.1,0,0,0,37.8,50.2,52.7,0.13,0.05,0.00
WANT,2019-11-08 23:35:00 EST,40.65510,-73.50616,28,29.2,29.5,23.2,57.5,16.0,0.000,0.000,0.00,0.000,5.1,8.5,1.5,318,14,5.6,9.3,1.8,326,12,5.6,9.3,1.8,326,12,0,30.31,0.0,0,0,0,37.8,50.2,52.7,0.13,0.05,0.00
WANT,2019-11-08 23:40:00 EST,40.65510,-73.50616,28,29.3,29.5,22.9,57.7,16.2,0.000,0.000,0.00,0.000,5.9,8.5,1.3,314,12,6.1,9.4,1.3,319,11,6.1,9.4,1.3,319,11,0,30.31,-0.0,0,0,0,37.7,50.2,52.7,0.13,0.05,0.00
WANT,2019-11-08 23:45:00 EST,40.65510,-73.50616,28,29.3,29.4,24.5,57.6,16.2,0.000,0.000,0.00,0.000,4.2,7.1,1.3,306,12,4.4,7.4,1.3,313,11,4.4,7.4,1.3,313,11,0,30.31,0.0,0,0,0,37.6,50.2,52.7,0.13,0.05,0.00
WANT,2019-11-08 23:50:00 EST,40.65510,-73.50616,28,29.2,29.4,25.2,58.1,16.2,0.000,0.000,0.00,0.000,3.4,6.1,0.9,316,15,3.7,6.3,1.1,322,14,3.7,6.3,1.1,322,14,0,30.31,-0.1,0,0,0,37.6,49.9,52.5,0.13,0.05,0.00
WANT,2019-11-08 23:55:00 EST,40.65510,-73.50616,28,29.1,29.4,23.9,58.3,16.3,0.000,0.000,0.00,0.000,4.4,7.2,1.4,301,14,4.7,8.0,1.3,309,12,4.7,8.0,1.3,309,12,0,30.31,-0.1,0,0,0,37.6,49.8,52.6,0.13,0.05,0.00
WARS,2019-11-08 00:00:00 EST,42.77993,-78.20889,1774,25.4,25.3,19.8,95.7,24.4,0.000,0.111,0.00,0.000,3.8,8.1,1.7,308,27,4.6,9.8,2.0,318,27,4.6,9.8,2.0,318,27,0,28.20,-0.0,0,0,0,41.0,45.3,48.0,0.62,0.49,0.36
WARS,2019-11-08 00:05:00 EST,42.77993,-78.20889,1774,25.4,25.2,18.2,95.9,24.4,0.002,0.002,0.00,0.002,5.4,11.5,2.2,316,22,6.2,12.0,2.4,324,19,6.2,12.0,2.4,324,19,0,28.20,-0.1,0,0,0,41.0,45.3,48.0,0.62,0.49,0.36
WARS,2019-11-08 00:10:00 EST,42.77993,-78.20889,1774,25.3,25.1,18.1,95.9,24.3,0.000,0.002,0.00,0.002,5.6,11.6,1.8,319,18,6.2,11.8,2.0,329,17,6.2,11.8,2.0,329,17,0,28.20,-0.5,0,0,0,41.0,45.3,48.0,0.62,0.49,0.36
WARS,2019-11-08 00:15:00 EST,42.77993,-78.20889,1774,25.4,25.1,20.1,96.2,24.4,0.002,0.004,0.00,0.004,3.7,7.7,1.4,308,24,4.3,7.5,1.4,314,24,4.3,7.5,1.4,314,24,0,28.20,0.0,0,0,0,41.0,45.3,48.0,0.62,0.49,0.36
WARS,2019-11-08 00:20:00 EST,42.77993,-78.20889,1774,25.2,25.0,17.5,96.1,24.3,0.002,0.006,0.00,0.006,5.9,12.5,2.1,316,20,6.8,14.9,2.3,324,21,6.8,14.9,2.3,324,21,0,28.20,0.0,0,0,0,41.0,45.3,48.0,0.62,0.49,0.36
WARS,2019-11-08 00:25:00 EST,42.77993,-78.20889,1774,25.0,24.8,17.6,95.7,23.9,0.000,0.006,0.00,0.006,5.6,11.1,1.7,321,20,6.2,11.9,1.8,329,19,6.2,11.9,1.8,329,19,0,28.20,0.1,0,0,0,41.0,45.3,48.0,0.62,0.49,0.36
WARS,2019-11-08 00:30:00 EST,42.77993,-78.20889,1774,24.8,24.7,19.1,95.2,23.6,0.000,0.006,0.00,0.006,4.0,8.2,1.4,319,22,4.6,9.2,1.7,328,22,4.6,9.2,1.7,328,22,0,28.20,0.1,0,0,0,41.0,45.3,48.0,0.62,0.49,0.36
WARS,2019-11-08 00:35:00 EST,42.77993,-78.20889,1774,24.7,24.6,18.6,95.3,23.6,0.000,0.006,0.00,0.006,4.1,8.3,1.6,307,26,5.0,10.6,1.9,314,25,5.0,10.6,1.9,314,25,0,28.20,0.1,0,0,0,41.0,45.3,48.0,0.62,0.49,0.36
WARS,2019-11-08 00:40:00 EST,42.77993,-78.20889,1774,24.7,24.5,18.0,95.3,23.5,0.000,0.006,0.00,0.006,4.5,9.8,1.8,315,23,5.4,11.5,2.1,321,23,5.4,11.5,2.1,321,23,0,28.20,0.1,0,0,0,41.0,45.3,48.0,0.62,0.49,0.36
WARS,2019-11-08 00:45:00 EST,42.77993,-78.20889,1774,24.5,24.4,17.5,95.2,23.4,0.000,0.006,0.00,0.006,4.9,9.0,1.7,324,25,5.8,11.2,2.1,330,26,5.8,11.2,2.1,330,26,0,28.20,0.1,0,0,0,41.0,45.3,48.0,0.62,0.49,0.36
WARS,2019-11-08 00:50:00 EST,42.77993,-78.20889,1774,24.5,24.4,19.6,95.3,23.4,0.000,0.006,0.00,0.006,3.3,8.9,1.8,306,20,3.8,9.7,1.8,315,20,3.8,9.7,1.8,315,20,0,28.20,0.1,0,0,0,41.0,45.3,48.0,0.62,0.49,0.36
WARS,2019-11-08 00:55:00 EST,42.77993,-78.20889,1774,24.4,24.3,18.9,95.5,23.4,0.000,0.006,0.00,0.006,3.7,7.2,1.5,314,18,4.4,9.2,1.8,320,21,4.4,9.2,1.8,320,21,0,28.21,0.0,0,0,0,41.0,45.2,48.0,0.62,0.49,0.36
WARS,2019-11-08 01:00:00 EST,42.77993,-78.20889,1774,24.3,24.2,19.6,95.6,23.3,0.000,0.006,0.00,0.006,3.0,6.0,1.3,319,23,3.7,7.8,1.7,328,24,3.7,7.8,1.7,328,24,0,28.21,0.0,0,0,0,41.0,45.2,48.0,0.62,0.49,0.36
WARS,2019-11-08 01:05:00 EST,42.77993,-78.20889,1774,24.3,24.2,18.9,95.6,23.2,0.000,0.006,0.00,0.004,3.6,5.8,1.0,302,20,4.2,7.5,1.3,308,21,4.2,7.5,1.3,308,21,0,28.21,0.1,0,0,0,41.0,45.2,48.0,0.62,0.49,0.36
WARS,2019-11-08 01:10:00 EST,42.77993,-78.20889,1774,24.2,24.2,18.7,95.7,23.2,0.000,0.006,0.00,0.004,3.7,6.9,1.3,308,19,4.3,9.8,1.6,317,21,4.3,9.8,1.6,317,21,0,28.21,0.0,0,0,0,41.0,45.2,48.0,0.62,0.49,0.36
WARS,2019-11-08 01:15:00 EST,42.77993,-78.20889,1774,24.3,24.2,18.2,95.9,23.3,0.000,0.006,0.00,0.002,4.3,7.3,1.6,313,24,4.9,8.4,1.7,319,21,4.9,8.4,1.7,319,21,0,28.21,0.1,0,0,0,41.0,45.1,48.0,0.62,0.49,0.36
WARS,2019-11-08 01:20:00 EST,42.77993,-78.20889,1774,24.5,24.3,19.1,96.2,23.5,0.000,0.006,0.00,0.000,3.6,7.6,1.6,300,23,4.2,8.7,1.8,308,22,4.2,8.7,1.8,308,22,0,28.21,0.0,0,0,0,41.0,45.1,48.0,0.62,0.49,0.36
WARS,2019-11-08 01:25:00 EST,42.77993,-78.20889,1774,24.5,24.3,18.1,96.2,23.6,0.000,0.006,0.00,0.000,4.5,7.7,1.5,299,23,5.2,9.6,1.7,303,22,5.2,9.6,1.7,303,22,0,28.21,0.0,0,0,0,41.0,45.1,48.0,0.62,0.49,0.36
WARS,2019-11-08 01:30:00 EST,42.77993,-78.20889,1774,24.6,24.4,17.6,96.1,23.7,0.003,0.009,0.00,0.003,5.1,10.4,2.0,304,20,5.8,12.6,2.2,311,19,5.8,12.6,2.2,311,19,0,28.21,-0.3,0,0,0,41.0,45.1,48.0,0.62,0.49,0.36
WARS,2019-11-08 01:35:00 EST,42.77993,-78.20889,1774,24.5,24.3,17.3,95.6,23.4,0.000,0.009,0.00,0.003,5.3,10.6,2.2,314,19,5.9,11.8,2.4,321,19,5.9,11.8,2.4,321,19,0,28.21,-0.3,0,0,0,41.0,45.1,48.0,0.62,0.49,0.36
WARS,2019-11-08 01:40:00 EST,42.77993,-78.20889,1774,24.4,24.3,17.1,95.0,23.2,0.000,0.009,0.00,0.003,5.2,10.0,1.8,317,23,6.0,11.0,1.9,324,21,6.0,11.0,1.9,324,21,0,28.21,-0.3,0,0,0,41.0,45.1,48.0,0.62,0.49,0.36
WARS,2019-11-08 01:45:00 EST,42.77993,-78.20889,1774,24.4,24.3,18.5,95.1,23.2,0.000,0.009,0.00,0.003,4.0,7.8,1.6,304,22,4.7,9.0,1.6,312,21,4.7,9.0,1.6,312,21,0,28.21,-0.3,0,0,0,41.0,45.1,48.0,0.62,0.49,0.36
WARS,2019-11-08 01:50:00 EST,42.77993,-78.20889,1774,24.5,24.3,17.3,95.3,23.3,0.000,0.009,0.00,0.003,5.4,10.8,2.3,309,22,6.0,11.6,2.2,318,21,6.0,11.6,2.2,318,21,0,28.21,-0.4,0,0,0,41.0,45.1,48.0,0.62,0.49,0.36
WARS,2019-11-08 01:55:00 EST,42.77993,-78.20889,1774,24.5,24.3,16.7,95.4,23.4,0.000,0.009,0.00,0.003,5.7,11.8,2.3,294,19,6.7,15.6,2.8,299,19,6.7,15.6,2.8,299,19,0,28.21,-0.4,0,0,0,41.0,45.1,48.0,0.62,0.49,0.36
WARS,2019-11-08 02:00:00 EST,42.77993,-78.20889,1774,24.4,24.2,15.2,95.1,23.2,0.000,0.009,0.00,0.003,7.4,13.2,2.4,305,22,8.6,17.8,2.8,312,23,8.6,17.8,2.8,312,23,0,28.21,-0.4,0,0,0,41.0,45.1,48.0,0.62,0.49,0.36
WARS,2019-11-08 02:05:00 EST,42.77993,-78.20889,1774,24.4,24.2,16.6,94.8,23.1,0.000,0.009,0.00,0.003,5.5,10.1,1.8,321,26,6.6,12.2,2.2,329,25,6.6,12.2,2.2,329,25,0,28.21,-0.4,0,0,0,41.0,45.1,48.0,0.62,0.49,0.36
WARS,2019-11-08 02:10:00 EST,42.77993,-78.20889,1774,24.2,24.1,16.2,94.4,22.8,0.000,0.009,0.00,0.003,6.0,12.5,2.4,304,21,6.9,14.4,2.5,310,18,6.9,14.4,2.5,310,18,0,28.21,-0.4,0,0,0,41.0,45.1,47.9,0.62,0.49,0.36
WARS,2019-11-08 02:15:00 EST,42.77993,-78.20889,1774,24.0,23.9,15.4,92.7,22.2,0.000,0.009,0.00,0.003,6.3,12.5,3.0,324,23,7.5,15.1,3.4,333,24,7.5,15.1,3.4,333,24,0,28.21,-0.4,0,0,0,41.0,45.1,48.0,0.62,0.49,0.36
WARS,2019-11-08 02:20:00 EST,42.77993,-78.20889,1774,23.7,23.7,18.2,91.7,21.6,0.000,0.009,0.00,0.003,3.7,6.9,1.2,325,20,4.2,7.9,1.3,331,19,4.2,7.9,1.3,331,19,0,28.21,-0.4,0,0,0,41.0,45.1,48.0,0.62,0.49,0.36
WARS,2019-11-08 02:25:00 EST,42.77993,-78.20889,1774,23.7,23.7,18.1,92.9,22.0,0.000,0.009,0.00,0.003,3.6,7.4,1.2,326,24,4.3,8.2,1.6,336,23,4.3,8.2,1.6,336,23,0,28.21,-0.4,0,0,0,40.9,45.1,47.9,0.62,0.49,0.36
WARS,2019-11-08 02:30:00 EST,42.77993,-78.20889,1774,23.8,23.7,16.5,93.9,22.3,0.000,0.009,0.00,0.000,5.0,12.4,2.7,326,25,6.0,14.7,3.2,333,25,6.0,14.7,3.2,333,25,0,28.21,-0.3,0,0,0,40.9,45.1,47.9,0.62,0.49,0.36
WARS,2019-11-08 02:35:00 EST,42.77993,-78.20889,1774,23.8,23.6,16.6,93.4,22.2,0.000,0.009,0.00,0.000,4.9,9.7,1.7,322,27,5.8,12.2,2.1,328,23,5.8,12.2,2.1,328,23,0,28.21,-0.3,0,0,0,40.9,45.1,47.9,0.62,0.49,0.36
WARS,2019-11-08 02:40:00 EST,42.77993,-78.20889,1774,23.8,23.6,17.1,93.9,22.3,0.000,0.009,0.00,0.000,4.7,11.3,2.0,315,26,5.4,13.5,2.3,325,27,5.4,13.5,2.3,325,27,0,28.21,-0.3,0,0,0,40.8,45.1,48.0,0.62,0.49,0.36
WARS,2019-11-08 02:45:00 EST,42.77993,-78.20889,1774,23.8,23.6,16.8,93.6,22.2,0.000,0.009,0.00,0.000,4.8,9.5,1.8,320,20,5.6,12.1,2.0,332,20,5.6,12.1,2.0,332,20,0,28.21,-0.3,0,0,0,40.8,45.1,47.9,0.62,0.49,0.36
WARS,2019-11-08 02:50:00 EST,42.77993,-78.20889,1774,23.6,23.5,16.3,93.8,22.1,0.000,0.009,0.00,0.000,5.2,9.4,1.7,320,18,6.0,10.1,1.9,329,18,6.0,10.1,1.9,329,18,0,28.21,-0.3,0,0,0,40.8,45.1,47.9,0.62,0.49,0.36
WARS,2019-11-08 02:55:00 EST,42.77993,-78.20889,1774,23.5,23.3,16.5,93.7,21.9,0.000,0.009,0.00,0.000,4.9,9.4,1.9,310,22,5.6,10.4,2.1,318,21,5.6,10.4,2.1,318,21,0,28.22,-0.3,0,0,0,40.8,45.1,47.9,0.62,0.49,0.36
WARS,2019-11-08 03:00:00 EST,42.77993,-78.20889,1774,23.4,23.2,15.5,93.7,21.9,0.000,0.009,0.00,0.000,5.5,9.9,1.9,334,21,6.5,11.4,2.3,343,19,6.5,11.4,2.3,343,19,0,28.22,-0.3,0,0,0,40.8,45.1,47.8,0.62,0.49,0.36
WARS,2019-11-08 03:05:00 EST,42.77993,-78.20889,1774,23.4,23.2,16.5,93.7,21.8,0.000,0.009,0.00,0.000,4.8,9.0,1.8,314,28,5.5,10.6,2.0,322,26,5.5,10.6,2.0,322,26,0,28.22,-0.3,0,0,0,40.8,45.1,47.9,0.62,0.49,0.36
WARS,2019-11-08 03:10:00 EST,42.77993,-78.20889,1774,23.4,23.2,17.8,94.0,21.9,0.000,0.009,0.00,0.000,3.5,6.3,1.3,309,28,4.3,8.1,1.7,316,28,4.3,8.1,1.7,316,28,0,28.22,-0.2,0,0,0,40.8,45.1,47.8,0.62,0.49,0.36
WARS,2019-11-08 03:15:00 EST,42.77993,-78.20889,1774,23.4,23.2,16.6,94.0,21.9,0.000,0.009,0.00,0.000,4.5,7.9,1.6,306,28,5.4,10.7,1.8,314,27,5.4,10.7,1.8,314,27,0,28.22,-0.2,0,0,0,40.8,45.1,47.8,0.62,0.49,0.36
WARS,2019-11-08 03:20:00 EST,42.77993,-78.20889,1774,23.4,23.2,17.0,94.2,22.0,0.000,0.009,0.00,0.000,4.1,6.6,1.3,319,20,4.9,8.4,1.5,326,20,4.9,8.4,1.5,326,20,0,28.22,-0.2,0,0,0,40.8,45.1,47.8,0.62,0.49,0.36
WARS,2019-11-08 03:25:00 EST,42.77993,-78.20889,1774,23.3,23.1,17.4,93.9,21.8,0.000,0.009,0.00,0.000,4.0,9.0,1.8,316,21,4.5,8.9,1.8,325,22,4.5,8.9,1.8,325,22,0,28.22,-0.2,0,0,0,40.8,45.1,47.9,0.62,0.49,0.36
WARS,2019-11-08 03:30:00 EST,42.77993,-78.20889,1774,23.2,23.0,18.2,93.8,21.7,0.000,0.009,0.00,0.000,3.1,6.8,1.2,318,23,3.8,8.7,1.5,325,22,3.8,8.7,1.5,325,22,0,28.22,-0.2,0,0,0,40.8,45.1,47.8,0.62,0.49,0.36
WARS,2019-11-08 03:35:00 EST,42.77993,-78.20889,1774,23.1,23.0,16.9,93.4,21.5,0.000,0.009,0.00,0.000,3.9,7.2,1.4,315,30,4.8,8.8,1.5,325,29,4.8,8.8,1.5,325,29,0,28.22,-0.2,0,0,0,40.8,45.1,47.8,0.62,0.49,0.36
WARS,2019-11-08 03:40:00 EST,42.77993,-78.20889,1774,23.1,22.9,16.4,93.4,21.5,0.000,0.009,0.00,0.000,4.4,7.8,1.6,308,23,5.2,9.4,1.6,317,21,5.2,9.4,1.6,317,21,0,28.22,-0.2,0,0,0,40.8,45.1,47.8,0.62,0.49,0.36
WARS,2019-11-08 03:45:00 EST,42.77993,-78.20889,1774,23.0,22.9,16.8,93.1,21.3,0.000,0.009,0.00,0.000,4.2,8.0,1.5,315,23,4.8,8.7,1.6,322,20,4.8,8.7,1.6,322,20,0,28.22,-0.2,0,0,0,40.8,45.1,47.8,0.62,0.49,0.36
WARS,2019-11-08 03:50:00 EST,42.77993,-78.20889,1774,22.9,22.8,16.8,93.1,21.2,0.000,0.009,0.00,0.000,4.0,7.9,1.4,323,26,4.6,7.8,1.6,330,23,4.6,7.8,1.6,330,23,0,28.23,-0.2,0,0,0,40.8,45.1,47.8,0.62,0.49,0.36
WARS,2019-11-08 03:55:00 EST,42.77993,-78.20889,1774,23.0,22.8,17.8,93.2,21.3,0.000,0.009,0.00,0.000,3.3,6.9,1.4,332,24,3.9,8.1,1.6,338,24,3.9,8.1,1.6,338,24,0,28.23,-0.2,0,0,0,40.8,45.1,47.8,0.62,0.49,0.36
WARS,2019-11-08 04:00:00 EST,42.77993,-78.20889,1774,22.8,22.6,14.7,93.2,21.2,0.000,0.009,0.00,0.000,5.8,10.2,1.8,324,22,6.7,14.4,2.3,332,23,6.7,14.4,2.3,332,23,0,28.23,-0.1,0,0,0,40.8,45.1,47.8,0.62,0.49,0.36
WARS,2019-11-08 04:05:00 EST,42.77993,-78.20889,1774,22.7,22.5,16.7,92.1,20.7,0.000,0.009,0.00,0.000,3.7,9.0,1.6,324,21,4.5,10.7,2.1,332,22,4.5,10.7,2.1,332,22,0,28.23,-0.1,0,0,0,40.8,45.1,47.8,0.62,0.49,0.36
WARS,2019-11-08 04:10:00 EST,42.77993,-78.20889,1774,22.7,22.5,16.4,92.7,20.9,0.000,0.009,0.00,0.000,4.2,8.5,1.7,313,26,4.8,9.9,2.1,322,25,4.8,9.9,2.1,322,25,0,28.23,-0.1,0,0,0,40.8,45.1,47.8,0.62,0.49,0.36
WARS,2019-11-08 04:15:00 EST,42.77993,-78.20889,1774,22.5,22.4,14.0,92.1,20.6,0.000,0.009,0.00,0.000,6.1,11.0,1.9,321,25,7.1,13.1,2.1,329,26,7.1,13.1,2.1,329,26,0,28.23,-0.1,0,0,0,40.8,45.1,47.8,0.62,0.49,0.36
WARS,2019-11-08 04:20:00 EST,42.77993,-78.20889,1774,22.5,22.3,14.1,92.2,20.6,0.000,0.009,0.00,0.000,5.7,8.4,1.4,340,20,6.9,10.3,1.7,349,15,6.9,10.3,1.7,349,15,0,28.23,-0.2,0,0,0,40.8,45.1,47.8,0.62,0.49,0.36
WARS,2019-11-08 04:25:00 EST,42.77993,-78.20889,1774,22.4,22.2,15.0,92.4,20.5,0.000,0.009,0.00,0.000,4.9,10.2,1.9,324,24,5.7,12.4,2.3,333,24,5.7,12.4,2.3,333,24,0,28.23,-0.3,0,0,0,40.8,45.1,47.8,0.62,0.49,0.36
WARS,2019-11-08 04:30:00 EST,42.77993,-78.20889,1774,22.3,22.1,13.2,92.3,20.4,0.000,0.009,0.00,0.000,6.4,9.7,1.7,333,16,7.7,12.6,2.1,343,15,7.7,12.6,2.1,343,15,0,28.23,-0.3,0,0,0,40.8,45.1,47.8,0.62,0.49,0.36
WARS,2019-11-08 04:35:00 EST,42.77993,-78.20889,1774,22.3,22.1,14.7,92.8,20.5,0.000,0.009,0.00,0.000,4.9,10.1,1.8,320,27,6.0,13.5,2.1,330,29,6.0,13.5,2.1,330,29,0,28.24,-0.3,0,0,0,40.8,45.1,47.8,0.62,0.49,0.36
WARS,2019-11-08 04:40:00 EST,42.77993,-78.20889,1774,22.2,22.0,13.5,92.9,20.5,0.000,0.009,0.00,0.000,5.9,12.2,2.3,329,24,7.2,14.5,2.8,338,23,7.2,14.5,2.8,338,23,0,28.24,-0.4,0,0,0,40.8,45.1,47.8,0.62,0.49,0.36
WARS,2019-11-08 04:45:00 EST,42.77993,-78.20889,1774,22.1,21.8,12.1,92.9,20.3,0.000,0.009,0.00,0.000,7.6,14.7,2.6,331,24,8.9,17.7,3.3,343,20,8.9,17.7,3.3,343,20,0,28.24,-0.3,0,0,0,40.8,45.1,47.8,0.62,0.49,0.36
WARS,2019-11-08 04:50:00 EST,42.77993,-78.20889,1774,22.0,21.8,13.7,92.8,20.2,0.000,0.009,0.00,0.000,5.3,10.7,1.9,344,21,6.7,14.4,2.2,352,17,6.7,14.4,2.2,352,17,0,28.24,-0.3,0,0,0,40.6,45.1,47.8,0.62,0.49,0.36
WARS,2019-11-08 04:55:00 EST,42.77993,-78.20889,1774,21.9,21.7,13.3,93.1,20.2,0.002,0.011,0.00,0.002,6.1,14.2,2.8,343,21,7.1,15.8,3.3,352,20,7.1,15.8,3.3,352,20,0,28.24,-0.3,0,0,0,40.6,45.1,47.8,0.62,0.49,0.36
WARS,2019-11-08 05:00:00 EST,42.77993,-78.20889,1774,21.7,21.5,12.0,92.9,20.0,0.000,0.011,0.00,0.002,7.2,10.7,1.8,340,20,8.5,13.7,2.3,349,12,8.5,13.7,2.3,349,12,0,28.24,-0.3,0,0,0,40.6,45.1,47.8,0.62,0.49,0.36
WARS,2019-11-08 05:05:00 EST,42.77993,-78.20889,1774,21.5,21.3,12.1,92.4,19.7,0.000,0.011,0.00,0.002,6.8,12.8,2.2,336,18,7.9,15.4,2.7,344,16,7.9,15.4,2.7,344,16,0,28.25,-0.3,0,0,0,40.6,45.1,47.8,0.62,0.49,0.36
WARS,2019-11-08 05:10:00 EST,42.77993,-78.20889,1774,21.5,21.3,12.6,92.4,19.6,0.000,0.011,0.00,0.002,6.0,10.4,2.1,335,17,7.2,13.2,2.5,344,15,7.2,13.2,2.5,344,15,0,28.25,-0.3,0,0,0,40.6,45.1,47.8,0.62,0.49,0.36
WARS,2019-11-08 05:15:00 EST,42.77993,-78.20889,1774,21.5,21.3,13.1,92.5,19.6,0.000,0.011,0.00,0.002,5.5,11.4,2.0,349,23,6.7,14.0,2.5,357,17,6.7,14.0,2.5,357,17,0,28.25,-0.4,0,0,0,40.6,45.1,47.8,0.62,0.49,0.36
WARS,2019-11-08 05:20:00 EST,42.77993,-78.20889,1774,21.4,21.2,15.0,92.3,19.5,0.000,0.011,0.00,0.002,3.9,8.5,1.6,315,27,4.7,10.3,1.8,325,24,4.7,10.3,1.8,325,24,0,28.25,-0.3,0,0,0,40.6,45.1,47.8,0.62,0.49,0.36
WARS,2019-11-08 05:25:00 EST,42.77993,-78.20889,1774,21.2,21.0,13.3,91.7,19.1,0.000,0.011,0.00,0.002,5.4,10.1,1.7,324,19,6.0,11.0,2.0,332,18,6.0,11.0,2.0,332,18,0,28.26,-0.4,0,0,0,40.6,45.1,47.8,0.62,0.49,0.36
WARS,2019-11-08 05:30:00 EST,42.77993,-78.20889,1774,21.1,20.9,12.8,91.6,19.1,0.000,0.011,0.00,0.002,5.4,11.6,2.3,338,22,6.5,13.9,2.7,347,18,6.5,13.9,2.7,347,18,0,28.26,-0.4,0,0,0,40.6,45.1,47.8,0.62,0.49,0.36
WARS,2019-11-08 05:35:00 EST,42.77993,-78.20889,1774,21.1,20.9,13.3,91.4,19.0,0.000,0.011,0.00,0.002,5.0,10.5,1.8,334,23,6.0,12.7,2.1,344,23,6.0,12.7,2.1,344,23,0,28.26,-0.5,0,0,0,40.6,45.1,47.8,0.62,0.49,0.36
WARS,2019-11-08 05:40:00 EST,42.77993,-78.20889,1774,21.0,20.8,11.2,90.8,18.7,0.000,0.011,0.00,0.002,7.0,11.0,1.5,334,20,8.3,14.6,2.1,344,16,8.3,14.6,2.1,344,16,0,28.26,-0.4,0,0,0,40.6,45.1,47.8,0.62,0.49,0.36
WARS,2019-11-08 05:45:00 EST,42.77993,-78.20889,1774,20.9,20.8,13.6,90.1,18.5,0.000,0.011,0.00,0.002,4.7,9.6,1.6,335,21,5.5,9.6,1.9,345,19,5.5,9.6,1.9,345,19,0,28.26,-0.5,0,0,0,40.6,45.1,47.8,0.62,0.49,0.36
WARS,2019-11-08 05:50:00 EST,42.77993,-78.20889,1774,21.0,20.8,13.2,91.1,18.8,0.000,0.011,0.00,0.002,5.2,11.2,1.8,335,20,5.9,16.0,2.3,345,18,5.9,16.0,2.3,345,18,0,28.26,-0.5,0,0,0,40.6,45.1,47.8,0.62,0.49,0.36
WARS,2019-11-08 05:55:00 EST,42.77993,-78.20889,1774,20.9,20.8,12.7,91.6,18.9,0.000,0.011,0.00,0.000,5.6,9.9,1.6,331,25,6.3,12.9,2.2,340,18,6.3,12.9,2.2,340,18,0,28.27,-0.5,0,0,0,40.6,45.1,47.8,0.62,0.49,0.36
WARS,2019-11-08 06:00:00 EST,42.77993,-78.20889,1774,20.8,20.7,11.3,90.3,18.4,0.000,0.011,0.00,0.000,6.8,14.7,2.6,325,22,7.8,17.2,3.0,334,19,7.8,17.2,3.0,334,19,0,28.27,-0.5,0,0,0,40.6,45.1,47.8,0.62,0.49,0.36
WARS,2019-11-08 06:05:00 EST,42.77993,-78.20889,1774,20.8,20.6,12.1,90.1,18.3,0.000,0.011,0.00,0.000,5.5,11.8,2.0,331,27,6.8,14.3,2.5,339,23,6.8,14.3,2.5,339,23,0,28.27,-0.5,0,0,0,40.6,45.1,47.8,0.62,0.49,0.36
WARS,2019-11-08 06:10:00 EST,42.77993,-78.20889,1774,20.5,20.4,11.9,89.3,17.9,0.000,0.011,0.00,0.000,5.8,10.2,2.0,336,20,6.7,13.3,2.6,346,17,6.7,13.3,2.6,346,17,0,28.27,-0.4,0,0,0,40.6,45.1,47.8,0.62,0.49,0.36
WARS,2019-11-08 06:15:00 EST,42.77993,-78.20889,1774,20.4,20.3,11.3,88.7,17.6,0.000,0.011,0.00,0.000,6.1,12.3,2.2,337,20,7.2,13.5,2.6,346,17,7.2,13.5,2.6,346,17,0,28.27,-0.4,0,0,0,40.6,45.0,47.8,0.62,0.49,0.36
WARS,2019-11-08 06:20:00 EST,42.77993,-78.20889,1774,20.4,20.3,14.1,89.3,17.8,0.000,0.011,0.00,0.000,3.6,11.3,2.4,326,25,4.5,12.1,2.5,334,24,4.5,12.1,2.5,334,24,0,28.27,-0.4,0,0,0,40.6,45.0,47.8,0.62,0.49,0.36
WARS,2019-11-08 06:25:00 EST,42.77993,-78.20889,1774,20.4,20.2,12.6,89.8,17.8,0.000,0.011,0.00,0.000,5.0,8.8,1.3,324,23,5.8,9.7,1.6,331,22,5.8,9.7,1.6,331,22,0,28.28,-0.4,0,0,0,40.6,45.0,47.8,0.62,0.49,0.36
WARS,2019-11-08 06:30:00 EST,42.77993,-78.20889,1774,20.3,20.2,11.4,89.3,17.6,0.000,0.011,0.00,0.000,5.9,12.0,2.6,328,26,7.0,15.3,2.9,338,20,7.0,15.3,2.9,338,20,0,28.28,-0.4,0,0,0,40.6,45.0,47.8,0.62,0.49,0.36
WARS,2019-11-08 06:35:00 EST,42.77993,-78.20889,1774,20.2,20.1,11.9,88.3,17.3,0.000,0.011,0.00,0.000,5.5,11.8,2.1,330,19,6.3,14.8,2.4,339,18,6.3,14.8,2.4,339,18,0,28.28,-0.4,0,0,0,40.6,45.0,47.8,0.62,0.49,0.36
WARS,2019-11-08 06:40:00 EST,42.77993,-78.20889,1774,20.2,20.1,12.2,89.3,17.6,0.000,0.011,0.00,0.000,5.3,10.7,1.8,310,18,6.0,12.7,1.9,318,20,6.0,12.7,1.9,318,20,0,28.28,-0.3,0,0,0,40.6,45.0,47.8,0.62,0.49,0.36
WARS,2019-11-08 06:45:00 EST,42.77993,-78.20889,1774,20.1,20.0,10.9,88.1,17.2,0.000,0.011,0.00,0.000,6.3,13.3,2.3,338,16,7.4,16.3,2.6,347,14,7.4,16.3,2.6,347,14,0,28.28,-0.3,0,0,0,40.6,45.0,47.8,0.62,0.49,0.36
WARS,2019-11-08 06:50:00 EST,42.77993,-78.20889,1774,20.1,20.0,12.7,88.5,17.3,0.000,0.011,0.00,0.000,4.6,8.0,1.4,327,24,5.4,10.5,1.6,336,22,5.4,10.5,1.6,336,22,1,28.28,-0.3,0,0,0,40.6,45.0,47.8,0.62,0.49,0.36
WARS,2019-11-08 06:55:00 EST,42.77993,-78.20889,1774,20.1,20.0,13.6,88.6,17.3,0.000,0.011,0.00,0.000,3.9,8.8,1.9,320,23,4.6,10.9,2.0,326,24,4.6,10.9,2.0,326,24,2,28.28,-0.3,0,0,0,40.6,45.0,47.8,0.62,0.49,0.36
WARS,2019-11-08 07:00:00 EST,42.77993,-78.20889,1774,20.0,19.9,11.5,88.6,17.2,0.000,0.011,0.00,0.000,5.5,10.7,1.7,331,17,6.5,12.1,1.8,341,15,6.5,12.1,1.8,341,15,3,28.29,-0.3,0,0,0,40.6,45.0,47.8,0.62,0.49,0.36
WARS,2019-11-08 07:05:00 EST,42.77993,-78.20889,1774,20.0,19.9,14.7,89.2,17.3,0.000,0.011,0.00,0.000,3.0,5.7,1.0,319,27,3.7,8.0,1.6,328,26,3.7,8.0,1.6,328,26,5,28.29,-0.3,0,0,0,40.5,45.0,47.8,0.62,0.49,0.36
WARS,2019-11-08 07:10:00 EST,42.77993,-78.20889,1774,19.9,19.9,11.3,88.2,17.0,0.000,0.011,0.00,0.000,5.8,10.4,2.1,319,28,6.6,12.3,2.3,329,26,6.6,12.3,2.3,329,26,8,28.29,-0.3,0,0,0,40.5,45.0,47.8,0.62,0.49,0.36
WARS,2019-11-08 07:15:00 EST,42.77993,-78.20889,1774,19.9,19.8,13.5,88.0,16.9,0.000,0.011,0.00,0.000,3.7,9.4,1.7,326,25,4.4,9.9,1.8,334,22,4.4,9.9,1.8,334,22,12,28.29,-0.3,0,0,0,40.5,45.0,47.8,0.62,0.49,0.36
WARS,2019-11-08 07:20:00 EST,42.77993,-78.20889,1774,19.9,19.8,12.5,88.3,17.0,0.000,0.011,0.00,0.000,4.6,8.6,1.9,328,24,5.4,9.9,2.2,337,20,5.4,9.9,2.2,337,20,15,28.30,-0.3,0,0,0,40.5,45.0,47.8,0.62,0.49,0.36
WARS,2019-11-08 07:25:00 EST,42.77993,-78.20889,1774,19.9,19.8,12.6,88.5,17.1,0.000,0.011,0.00,0.000,4.3,9.0,2.2,326,20,5.2,9.9,2.3,336,21,5.2,9.9,2.3,336,21,18,28.30,-0.3,0,0,0,40.5,45.0,47.8,0.62,0.49,0.36
WARS,2019-11-08 07:30:00 EST,42.77993,-78.20889,1774,19.9,19.8,11.3,88.2,17.0,0.000,0.011,0.00,0.000,5.6,11.3,2.2,337,23,6.7,14.0,2.7,347,19,6.7,14.0,2.7,347,19,24,28.30,-0.2,0,0,0,40.5,45.0,47.8,0.62,0.49,0.36
WARS,2019-11-08 07:35:00 EST,42.77993,-78.20889,1774,19.9,19.8,10.0,86.2,16.4,0.000,0.011,0.00,0.000,7.3,15.9,2.7,328,18,8.1,19.4,2.8,334,18,8.1,19.4,2.8,334,18,29,28.30,-0.3,0,0,0,40.5,45.0,47.8,0.62,0.49,0.36
WARS,2019-11-08 07:40:00 EST,42.77993,-78.20889,1774,19.9,19.8,13.2,86.9,16.6,0.000,0.011,0.00,0.000,4.0,8.0,2.1,335,19,4.7,10.7,2.3,344,24,4.7,10.7,2.3,344,24,32,28.30,-0.2,0,0,0,40.5,45.0,47.8,0.62,0.49,0.36
WARS,2019-11-08 07:45:00 EST,42.77993,-78.20889,1774,20.0,19.8,11.8,87.4,16.8,0.000,0.011,0.00,0.000,5.4,11.1,2.3,330,24,6.1,12.0,2.6,338,18,6.1,12.0,2.6,338,18,38,28.30,-0.2,0,0,0,40.5,45.0,47.8,0.62,0.49,0.36
WARS,2019-11-08 07:50:00 EST,42.77993,-78.20889,1774,20.0,19.9,12.1,87.6,16.9,0.000,0.011,0.00,0.000,5.0,11.3,2.7,322,28,5.9,12.7,3.0,332,26,5.9,12.7,3.0,332,26,40,28.31,-0.2,0,0,0,40.5,45.0,47.8,0.62,0.49,0.36
WARS,2019-11-08 07:55:00 EST,42.77993,-78.20889,1774,19.9,19.8,12.4,86.5,16.5,0.000,0.011,0.00,0.000,4.9,9.8,1.7,330,21,5.4,10.9,1.9,339,20,5.4,10.9,1.9,339,20,45,28.31,-0.2,0,0,0,40.5,45.0,47.8,0.62,0.49,0.36
WARS,2019-11-08 08:00:00 EST,42.77993,-78.20889,1774,20.1,19.9,11.8,87.0,16.8,0.000,0.011,0.00,0.000,5.5,11.8,2.5,326,24,6.2,12.8,2.8,335,24,6.2,12.8,2.8,335,24,54,28.31,-0.2,0,0,0,40.5,45.0,47.8,0.62,0.49,0.36
WARS,2019-11-08 08:05:00 EST,42.77993,-78.20889,1774,20.1,19.9,12.3,87.4,17.0,0.000,0.011,0.00,0.000,4.8,10.4,1.7,315,23,5.7,12.4,1.9,323,22,5.7,12.4,1.9,323,22,51,28.31,-0.2,0,0,0,40.5,45.0,47.8,0.62,0.49,0.36
WARS,2019-11-08 08:10:00 EST,42.77993,-78.20889,1774,20.0,19.9,11.7,86.1,16.5,0.000,0.011,0.00,0.000,5.4,10.7,2.0,326,23,6.3,11.5,2.2,335,20,6.3,11.5,2.2,335,20,67,28.32,-0.2,0,0,0,40.5,45.0,47.8,0.62,0.49,0.36
WARS,2019-11-08 08:15:00 EST,42.77993,-78.20889,1774,20.2,20.1,12.2,84.7,16.4,0.000,0.011,0.00,0.000,5.2,8.8,1.5,321,26,6.0,12.7,1.7,332,25,6.0,12.7,1.7,332,25,118,28.32,-0.2,0,0,0,40.5,45.0,47.8,0.62,0.49,0.36
WARS,2019-11-08 08:20:00 EST,42.77993,-78.20889,1774,20.3,20.2,11.5,82.8,15.9,0.000,0.011,0.00,0.000,6.0,10.8,2.2,320,24,6.9,13.8,2.5,328,21,6.9,13.8,2.5,328,21,115,28.32,-0.2,0,0,0,40.5,45.0,47.8,0.62,0.49,0.36
WARS,2019-11-08 08:25:00 EST,42.77993,-78.20889,1774,20.6,20.3,14.2,82.6,16.2,0.000,0.011,0.00,0.000,4.2,7.0,1.3,318,21,4.5,7.7,1.6,326,21,4.5,7.7,1.6,326,21,134,28.32,-0.2,0,0,0,40.5,45.0,47.8,0.62,0.49,0.36
WARS,2019-11-08 08:30:00 EST,42.77993,-78.20889,1774,20.9,20.6,13.6,82.8,16.5,0.000,0.011,0.00,0.000,4.5,10.0,2.8,333,19,5.4,12.8,3.1,342,18,5.4,12.8,3.1,342,18,139,28.32,-0.2,0,0,0,40.5,45.0,47.8,0.62,0.49,0.36
WARS,2019-11-08 08:35:00 EST,42.77993,-78.20889,1774,20.9,20.6,12.5,82.0,16.3,0.000,0.011,0.00,0.000,5.8,12.9,2.5,323,24,6.5,15.7,3.2,329,25,6.5,15.7,3.2,329,25,139,28.32,-0.2,0,0,0,40.5,45.0,47.8,0.62,0.49,0.36
WARS,2019-11-08 08:40:00 EST,42.77993,-78.20889,1774,21.2,20.7,13.4,82.1,16.6,0.000,0.011,0.00,0.000,5.1,8.8,1.4,335,25,5.9,11.4,1.7,345,21,5.9,11.4,1.7,345,21,153,28.32,-0.1,0,0,0,40.5,45.0,47.8,0.62,0.49,0.36
WARS,2019-11-08 08:45:00 EST,42.77993,-78.20889,1774,21.2,20.8,11.6,80.8,16.2,0.000,0.011,0.00,0.000,6.8,12.6,2.7,327,27,8.1,16.7,3.3,335,26,8.1,16.7,3.3,335,26,145,28.32,-0.2,0,0,0,40.4,45.0,47.8,0.62,0.49,0.36
WARS,2019-11-08 08:50:00 EST,42.77993,-78.20889,1774,21.2,20.8,11.5,79.4,15.9,0.000,0.011,0.00,0.000,7.5,13.4,3.0,331,23,8.3,16.5,3.4,340,21,8.3,16.5,3.4,340,21,177,28.32,-0.2,0,0,0,40.3,45.0,47.8,0.62,0.49,0.36
WARS,2019-11-08 08:55:00 EST,42.77993,-78.20889,1774,21.7,21.2,13.8,81.1,16.7,0.000,0.011,0.00,0.000,5.4,9.1,1.9,334,24,6.1,11.6,2.5,343,21,6.1,11.6,2.5,343,21,165,28.33,-0.1,0,0,0,40.3,45.0,47.8,0.62,0.49,0.36
WARS,2019-11-08 09:00:00 EST,42.77993,-78.20889,1774,21.8,21.2,12.8,78.9,16.2,0.000,0.011,0.00,0.000,6.5,15.4,2.8,325,19,7.5,17.4,3.0,334,21,7.5,17.4,3.0,334,21,185,28.33,-0.1,0,0,0,40.3,45.0,47.8,0.62,0.49,0.36
WARS,2019-11-08 09:05:00 EST,42.77993,-78.20889,1774,21.6,21.1,13.3,79.1,16.1,0.000,0.011,0.00,0.000,5.6,11.4,2.2,322,26,6.6,13.0,2.6,332,27,6.6,13.0,2.6,332,27,134,28.33,-0.1,0,0,0,40.3,45.0,47.8,0.62,0.49,0.36
WARS,2019-11-08 09:10:00 EST,42.77993,-78.20889,1774,21.6,21.1,13.8,78.7,16.0,0.000,0.011,0.00,0.000,5.0,9.8,2.1,328,21,6.0,11.3,2.3,338,21,6.0,11.3,2.3,338,21,155,28.33,-0.2,0,0,0,40.3,45.0,47.8,0.62,0.49,0.36
WARS,2019-11-08 09:15:00 EST,42.77993,-78.20889,1774,21.6,21.1,13.4,78.7,16.0,0.000,0.011,0.00,0.000,5.8,8.9,1.7,323,17,6.4,9.9,1.8,332,16,6.4,9.9,1.8,332,16,168,28.33,-0.2,0,0,0,40.3,45.0,47.8,0.62,0.49,0.36
WARS,2019-11-08 09:20:00 EST,42.77993,-78.20889,1774,22.0,21.4,14.0,79.7,16.6,0.000,0.011,0.00,0.000,5.3,10.6,1.9,335,26,6.2,12.4,2.2,342,21,6.2,12.4,2.2,342,21,130,28.33,-0.2,0,0,0,40.3,45.0,47.8,0.62,0.49,0.36
WARS,2019-11-08 09:25:00 EST,42.77993,-78.20889,1774,21.4,21.0,10.7,78.3,15.7,0.000,0.011,0.00,0.000,8.6,16.0,2.9,339,20,9.7,18.1,3.4,350,17,9.7,18.1,3.4,350,17,89,28.33,-0.2,0,0,0,40.3,45.0,47.8,0.62,0.49,0.36
WARS,2019-11-08 09:30:00 EST,42.77993,-78.20889,1774,21.2,20.8,12.6,78.7,15.6,0.000,0.011,0.00,0.000,5.9,12.9,2.6,333,22,6.9,16.5,2.9,342,20,6.9,16.5,2.9,342,20,128,28.33,-0.1,0,0,0,40.3,45.0,47.8,0.62,0.49,0.36
WARS,2019-11-08 09:35:00 EST,42.77993,-78.20889,1774,21.8,21.2,12.3,79.0,16.3,0.000,0.011,0.00,0.000,6.8,14.2,2.4,338,20,8.1,16.5,2.6,349,19,8.1,16.5,2.6,349,19,184,28.33,-0.1,0,0,0,40.3,45.0,47.8,0.62,0.49,0.36
WARS,2019-11-08 09:40:00 EST,42.77993,-78.20889,1774,21.9,21.3,13.6,78.0,16.1,0.000,0.011,0.00,0.000,5.9,11.3,1.7,315,24,6.7,12.9,2.1,323,26,6.7,12.9,2.1,323,26,178,28.33,-0.2,0,0,0,40.3,45.0,47.8,0.62,0.49,0.36
WARS,2019-11-08 09:45:00 EST,42.77993,-78.20889,1774,21.8,21.2,11.3,76.3,15.5,0.000,0.011,0.00,0.000,8.7,14.8,2.7,319,31,9.7,17.6,3.1,327,31,9.7,17.6,3.1,327,31,230,28.33,-0.1,0,0,0,40.3,45.0,47.8,0.62,0.49,0.36
WARS,2019-11-08 09:50:00 EST,42.77993,-78.20889,1774,22.2,21.5,13.4,77.2,16.1,0.000,0.011,0.00,0.000,6.3,13.4,2.7,329,28,7.3,16.2,3.1,337,27,7.3,16.2,3.1,337,27,182,28.34,-0.2,0,0,0,40.3,45.0,47.8,0.62,0.49,0.36
WARS,2019-11-08 09:55:00 EST,42.77993,-78.20889,1774,21.9,21.3,12.5,75.6,15.3,0.000,0.011,0.00,0.000,7.1,13.7,2.8,309,27,8.1,17.3,3.0,317,25,8.1,17.3,3.0,317,25,180,28.34,-0.1,0,0,0,40.3,45.0,47.7,0.62,0.49,0.36
WARS,2019-11-08 10:00:00 EST,42.77993,-78.20889,1774,22.1,21.4,13.5,73.8,15.0,0.000,0.011,0.00,0.000,6.5,15.9,2.8,316,22,7.1,17.5,3.1,322,22,7.1,17.5,3.1,322,22,263,28.34,-0.1,0,0,0,40.3,45.0,47.8,0.62,0.49,0.36
WARS,2019-11-08 10:05:00 EST,42.77993,-78.20889,1774,22.8,21.8,14.7,75.1,16.1,0.000,0.011,0.00,0.000,5.7,13.3,3.1,295,26,6.6,14.6,3.5,301,25,6.6,14.6,3.5,301,25,276,28.34,-0.1,0,0,0,40.3,45.0,47.7,0.62,0.49,0.36
WARS,2019-11-08 10:10:00 EST,42.77993,-78.20889,1774,23.0,22.0,13.9,73.0,15.6,0.000,0.011,0.00,0.000,7.0,15.0,2.8,329,33,7.9,16.5,3.3,338,29,7.9,16.5,3.3,338,29,278,28.34,-0.2,0,0,0,40.3,45.0,47.7,0.62,0.49,0.36
WARS,2019-11-08 10:15:00 EST,42.77993,-78.20889,1774,22.9,22.1,13.7,72.8,15.5,0.000,0.011,0.00,0.000,7.2,15.7,3.0,325,24,8.1,17.4,3.3,334,23,8.1,17.4,3.3,334,23,312,28.34,-0.2,0,0,0,40.3,44.9,47.6,0.62,0.49,0.36
WARS,2019-11-08 10:20:00 EST,42.77993,-78.20889,1774,22.7,22.0,13.7,73.8,15.6,0.000,0.011,0.00,0.000,6.8,14.4,3.2,326,23,7.8,17.4,3.6,334,23,7.8,17.4,3.6,334,23,219,28.34,-0.1,0,0,0,40.3,44.9,47.6,0.62,0.49,0.36
WARS,2019-11-08 10:25:00 EST,42.77993,-78.20889,1774,23.0,22.1,12.7,74.0,15.9,0.000,0.011,0.00,0.000,8.5,13.7,2.9,333,30,9.7,17.0,3.4,342,27,9.7,17.0,3.4,342,27,220,28.34,-0.2,0,0,0,40.3,44.9,47.6,0.62,0.49,0.36
WARS,2019-11-08 10:30:00 EST,42.77993,-78.20889,1774,22.4,21.8,13.2,74.2,15.4,0.000,0.011,0.00,0.000,7.1,15.2,3.5,338,19,7.9,16.6,3.9,347,17,7.9,16.6,3.9,347,17,115,28.34,-0.1,0,0,0,40.3,44.8,47.6,0.62,0.49,0.36
WARS,2019-11-08 10:35:00 EST,42.77993,-78.20889,1774,22.4,21.8,13.4,74.6,15.6,0.000,0.011,0.00,0.000,6.5,14.2,2.4,324,28,7.7,16.4,2.7,330,28,7.7,16.4,2.7,330,28,168,28.35,-0.1,0,0,0,40.3,44.8,47.5,0.62,0.49,0.36
WARS,2019-11-08 10:40:00 EST,42.77993,-78.20889,1774,22.5,21.9,12.6,72.3,15.0,0.000,0.011,0.00,0.000,8.3,15.8,2.7,313,26,9.0,17.9,3.0,320,24,9.0,17.9,3.0,320,24,247,28.35,-0.2,0,0,0,40.3,44.8,47.6,0.62,0.49,0.36
WARS,2019-11-08 10:45:00 EST,42.77993,-78.20889,1774,22.6,22.0,13.6,72.0,14.9,0.000,0.011,0.00,0.000,7.0,12.6,2.4,305,23,7.8,13.5,2.5,312,22,7.8,13.5,2.5,312,22,218,28.34,-0.1,0,0,0,40.3,44.8,47.5,0.62,0.49,0.36
WARS,2019-11-08 10:50:00 EST,42.77993,-78.20889,1774,22.5,21.9,11.6,72.1,14.9,0.000,0.011,0.00,0.000,9.9,15.6,2.4,299,18,10.7,17.4,2.6,307,17,10.7,17.4,2.6,307,17,167,28.34,-0.2,0,0,0,40.2,44.8,47.5,0.62,0.49,0.36
WARS,2019-11-08 10:55:00 EST,42.77993,-78.20889,1774,22.4,21.9,12.8,71.8,14.7,0.000,0.011,0.00,0.000,7.9,16.2,2.9,312,22,8.5,15.3,2.8,319,20,8.5,15.3,2.8,319,20,151,28.35,-0.3,0,0,0,40.2,44.8,47.5,0.62,0.49,0.36
WARS,2019-11-08 11:00:00 EST,42.77993,-78.20889,1774,22.4,21.9,13.6,72.6,15.0,0.000,0.011,0.00,0.000,6.9,12.1,2.3,305,22,7.5,14.2,2.5,311,23,7.5,14.2,2.5,311,23,215,28.35,-0.2,0,0,0,40.3,44.8,47.6,0.62,0.49,0.36
WARS,2019-11-08 11:05:00 EST,42.77993,-78.20889,1774,23.0,22.2,13.8,71.9,15.2,0.000,0.011,0.00,0.000,7.6,16.0,2.6,309,22,8.1,16.1,2.7,315,23,8.1,16.1,2.7,315,23,253,28.35,-0.2,0,0,0,40.2,44.8,47.5,0.62,0.49,0.36
WARS,2019-11-08 11:10:00 EST,42.77993,-78.20889,1774,23.0,22.3,13.5,70.8,14.9,0.000,0.011,0.00,0.000,7.9,13.4,2.8,304,21,8.5,16.6,2.9,310,23,8.5,16.6,2.9,310,23,238,28.35,-0.3,0,0,0,40.2,44.8,47.5,0.62,0.49,0.36
WARS,2019-11-08 11:15:00 EST,42.77993,-78.20889,1774,22.8,22.2,14.1,71.6,15.0,0.000,0.011,0.00,0.000,6.8,13.0,2.8,302,25,7.3,13.4,2.7,310,23,7.3,13.4,2.7,310,23,151,28.35,-0.3,0,0,0,40.2,44.8,47.6,0.62,0.49,0.36
WARS,2019-11-08 11:20:00 EST,42.77993,-78.20889,1774,22.6,22.1,13.4,71.1,14.6,0.000,0.011,0.00,0.000,6.9,13.1,2.4,312,25,7.9,13.1,2.5,319,25,7.9,13.1,2.5,319,25,187,28.35,-0.3,0,0,0,40.3,44.8,47.5,0.62,0.49,0.36
WARS,2019-11-08 11:25:00 EST,42.77993,-78.20889,1774,22.9,22.3,14.3,71.0,14.9,0.000,0.011,0.00,0.000,6.7,10.6,2.3,319,27,7.3,12.9,2.6,331,25,7.3,12.9,2.6,331,25,220,28.35,-0.3,0,0,0,40.2,44.8,47.5,0.62,0.49,0.36
WARS,2019-11-08 11:30:00 EST,42.77993,-78.20889,1774,22.7,22.2,13.4,71.7,15.0,0.000,0.011,0.00,0.000,7.3,16.5,3.0,334,24,8.3,18.9,3.5,345,22,8.3,18.9,3.5,345,22,146,28.34,-0.3,0,0,0,40.2,44.8,47.5,0.62,0.49,0.36
WARS,2019-11-08 11:35:00 EST,42.77993,-78.20889,1774,22.8,22.3,12.6,70.4,14.6,0.000,0.011,0.00,0.000,9.2,16.4,3.1,301,19,9.6,18.0,3.1,306,19,9.6,18.0,3.1,306,19,234,28.34,-0.3,0,0,0,40.2,44.8,47.5,0.62,0.49,0.36
WARS,2019-11-08 11:40:00 EST,42.77993,-78.20889,1774,22.7,22.2,13.1,68.8,14.0,0.000,0.011,0.00,0.000,7.8,14.0,2.8,303,22,8.6,15.1,3.1,308,21,8.6,15.1,3.1,308,21,183,28.34,-0.3,0,0,0,40.2,44.8,47.5,0.62,0.49,0.36
WARS,2019-11-08 11:45:00 EST,42.77993,-78.20889,1774,22.6,22.1,13.7,68.7,13.8,0.000,0.011,0.00,0.000,7.0,11.9,2.4,309,22,7.5,12.9,2.5,315,23,7.5,12.9,2.5,315,23,220,28.34,-0.3,0,0,0,40.1,44.8,47.5,0.62,0.49,0.36
WARS,2019-11-08 11:50:00 EST,42.77993,-78.20889,1774,23.0,22.3,13.6,69.8,14.6,0.000,0.011,0.00,0.000,7.6,17.6,3.4,318,29,8.4,20.8,3.8,324,29,8.4,20.8,3.8,324,29,238,28.34,-0.3,0,0,0,40.2,44.8,47.5,0.62,0.49,0.36
WARS,2019-11-08 11:55:00 EST,42.77993,-78.20889,1774,22.7,22.2,13.2,69.7,14.3,0.000,0.011,0.00,0.000,7.7,11.9,2.3,331,25,8.5,14.0,2.6,339,24,8.5,14.0,2.6,339,24,336,28.34,-0.2,0,0,0,40.3,44.8,47.5,0.62,0.49,0.36
WARS,2019-11-08 12:00:00 EST,42.77993,-78.20889,1774,23.6,22.7,14.1,67.3,14.4,0.000,0.011,0.00,0.000,8.0,13.7,2.6,322,25,8.8,14.7,2.7,329,25,8.8,14.7,2.7,329,25,465,28.34,-0.3,0,0,0,40.3,44.8,47.5,0.62,0.49,0.36
WARS,2019-11-08 12:05:00 EST,42.77993,-78.20889,1774,24.0,23.1,16.4,66.8,14.5,0.000,0.011,0.00,0.000,5.7,9.1,1.9,314,30,6.3,11.2,2.0,321,32,6.3,11.2,2.0,321,32,481,28.34,-0.0,0,0,0,40.2,44.8,47.5,0.62,0.49,0.36
WARS,2019-11-08 12:10:00 EST,42.77993,-78.20889,1774,24.3,23.2,15.6,67.4,15.1,0.000,0.011,0.00,0.000,7.3,14.8,2.8,311,22,7.9,17.0,3.0,319,22,7.9,17.0,3.0,319,22,587,28.34,-0.2,0,0,0,40.2,44.8,47.5,0.62,0.49,0.36
WARS,2019-11-08 12:15:00 EST,42.77993,-78.20889,1774,24.2,23.2,14.3,66.6,14.7,0.000,0.011,0.00,0.000,9.0,17.3,3.3,294,20,9.7,18.1,3.4,300,20,9.7,18.1,3.4,300,20,615,28.34,-0.0,0,0,0,40.2,44.8,47.5,0.62,0.49,0.36
WARS,2019-11-08 12:20:00 EST,42.77993,-78.20889,1774,24.3,23.4,15.5,67.4,15.1,0.000,0.011,0.00,0.000,7.3,14.0,2.9,315,22,8.0,15.5,3.1,324,23,8.0,15.5,3.1,324,23,416,28.33,-0.0,0,0,0,40.3,44.8,47.5,0.62,0.49,0.36
WARS,2019-11-08 12:25:00 EST,42.77993,-78.20889,1774,23.6,22.8,13.9,68.1,14.6,0.000,0.011,0.00,0.000,7.9,14.9,2.5,349,20,9.0,18.5,3.2,356,17,9.0,18.5,3.2,356,17,235,28.34,-0.1,0,0,0,40.3,44.8,47.5,0.62,0.49,0.36
WARS,2019-11-08 12:30:00 EST,42.77993,-78.20889,1774,23.5,22.5,14.3,69.4,14.9,0.000,0.011,0.00,0.000,7.2,13.2,2.6,344,21,8.2,16.4,3.1,352,19,8.2,16.4,3.1,352,19,359,28.33,-0.0,0,0,0,40.3,44.8,47.5,0.62,0.49,0.36
WARS,2019-11-08 12:35:00 EST,42.77993,-78.20889,1774,23.8,22.8,14.8,67.5,14.7,0.000,0.011,0.00,0.000,7.5,14.2,2.6,314,24,8.1,16.4,2.4,322,23,8.1,16.4,2.4,322,23,444,28.33,-0.1,0,0,0,40.3,44.8,47.5,0.62,0.49,0.36
WARS,2019-11-08 12:40:00 EST,42.77993,-78.20889,1774,24.7,23.4,16.6,68.3,15.7,0.000,0.011,0.00,0.000,6.1,12.3,2.6,312,26,7.1,15.1,2.7,322,27,7.1,15.1,2.7,322,27,538,28.33,-0.2,0,0,0,40.3,44.8,47.5,0.62,0.49,0.36
WARS,2019-11-08 12:45:00 EST,42.77993,-78.20889,1774,24.7,23.5,15.4,66.0,15.0,0.000,0.011,0.00,0.000,8.0,14.2,2.2,293,22,8.9,16.7,2.4,300,21,8.9,16.7,2.4,300,21,522,28.33,-0.3,0,0,0,40.3,44.8,47.5,0.62,0.49,0.36
WARS,2019-11-08 12:50:00 EST,42.77993,-78.20889,1774,24.3,23.4,15.9,67.7,15.2,0.000,0.011,0.00,0.000,6.6,16.5,2.0,310,27,7.4,14.6,2.1,319,26,7.4,14.6,2.1,319,26,230,28.33,-0.6,0,0,0,40.3,44.8,47.5,0.62,0.49,0.36
WARS,2019-11-08 12:55:00 EST,42.77993,-78.20889,1774,24.1,23.1,16.1,67.7,15.0,0.000,0.011,0.00,0.000,6.3,12.4,2.6,311,28,6.9,14.5,2.6,319,26,6.9,14.5,2.6,319,26,462,28.34,-0.4,0,0,0,40.3,44.8,47.5,0.62,0.49,0.36
WARS,2019-11-08 13:00:00 EST,42.77993,-78.20889,1774,24.6,23.4,16.1,66.8,15.1,0.000,0.011,0.00,0.000,7.0,13.0,2.3,315,23,7.6,14.5,2.5,323,25,7.6,14.5,2.5,323,25,475,28.33,-0.4,0,0,0,40.3,44.8,47.5,0.62,0.49,0.36
WARS,2019-11-08 13:05:00 EST,42.77993,-78.20889,1774,24.2,23.1,15.3,65.4,14.3,0.000,0.011,0.00,0.000,7.6,12.7,2.8,318,19,8.1,13.7,2.8,327,16,8.1,13.7,2.8,327,16,360,28.33,-0.4,0,0,0,40.3,44.8,47.5,0.62,0.49,0.36
WARS,2019-11-08 13:10:00 EST,42.77993,-78.20889,1774,24.3,23.3,15.5,66.0,14.6,0.000,0.011,0.00,0.000,7.2,12.8,2.5,295,23,7.9,15.3,2.8,299,18,7.9,15.3,2.8,299,18,496,28.33,-0.3,0,0,0,40.3,44.8,47.5,0.62,0.49,0.36
WARS,2019-11-08 13:15:00 EST,42.77993,-78.20889,1774,24.7,23.8,15.1,66.8,15.3,0.000,0.011,0.00,0.000,8.5,16.0,3.0,300,23,9.3,18.9,3.3,307,25,9.3,18.9,3.3,307,25,469,28.33,-0.3,0,0,0,40.3,44.8,47.5,0.62,0.49,0.36
WARS,2019-11-08 13:20:00 EST,42.77993,-78.20889,1774,24.8,23.8,15.6,65.4,14.8,0.000,0.011,0.00,0.000,8.1,12.3,1.9,298,21,8.7,13.6,2.2,305,21,8.7,13.6,2.2,305,21,470,28.33,-0.3,0,0,0,40.3,44.8,47.5,0.62,0.49,0.36
WARS,2019-11-08 13:25:00 EST,42.77993,-78.20889,1774,24.7,23.8,16.7,64.0,14.3,0.000,0.011,0.00,0.000,6.5,13.4,2.7,321,19,7.1,13.9,2.7,329,21,7.1,13.9,2.7,329,21,434,28.33,-0.4,0,0,0,40.3,44.8,47.5,0.62,0.49,0.36
WARS,2019-11-08 13:30:00 EST,42.77993,-78.20889,1774,24.6,23.7,17.3,64.3,14.3,0.000,0.011,0.00,0.000,5.4,11.1,2.2,315,27,6.2,11.6,2.1,325,25,6.2,11.6,2.1,325,25,443,28.33,-0.3,0,0,0,40.3,44.8,47.5,0.62,0.49,0.36
WARS,2019-11-08 13:35:00 EST,42.77993,-78.20889,1774,25.1,24.0,18.3,65.2,15.1,0.000,0.011,0.00,0.000,5.0,13.8,3.2,306,27,5.7,14.4,3.4,313,27,5.7,14.4,3.4,313,27,426,28.33,-0.4,0,0,0,40.3,44.8,47.5,0.62,0.49,0.36
WARS,2019-11-08 13:40:00 EST,42.77993,-78.20889,1774,25.3,24.3,17.3,63.1,14.5,0.000,0.011,0.00,0.000,6.6,11.6,1.9,308,24,7.1,12.5,2.1,315,23,7.1,12.5,2.1,315,23,417,28.33,-0.5,0,0,0,40.3,44.8,47.5,0.62,0.49,0.36
WARS,2019-11-08 13:45:00 EST,42.77993,-78.20889,1774,24.7,23.6,16.0,64.1,14.3,0.000,0.011,0.00,0.000,7.4,14.9,3.1,316,25,8.0,15.9,3.2,324,25,8.0,15.9,3.2,324,25,419,28.33,-0.3,0,0,0,40.3,44.8,47.5,0.62,0.49,0.36
WARS,2019-11-08 13:50:00 EST,42.77993,-78.20889,1774,24.9,24.1,15.0,65.8,15.1,0.000,0.011,0.00,0.000,9.1,14.4,2.4,292,19,9.8,16.5,2.7,298,18,9.8,16.5,2.7,298,18,427,28.33,-0.3,0,0,0,40.4,44.8,47.5,0.62,0.49,0.36
WARS,2019-11-08 13:55:00 EST,42.77993,-78.20889,1774,25.3,24.4,18.1,65.1,15.2,0.000,0.011,0.00,0.000,5.7,11.3,2.4,299,21,6.2,12.6,2.5,307,22,6.2,12.6,2.5,307,22,410,28.33,-0.4,0,0,0,40.4,44.8,47.5,0.62,0.49,0.36
WARS,2019-11-08 14:00:00 EST,42.77993,-78.20889,1774,25.2,24.2,18.2,63.6,14.6,0.000,0.011,0.00,0.000,5.2,11.3,2.4,317,25,5.9,12.0,2.3,324,23,5.9,12.0,2.3,324,23,385,28.33,-0.5,0,0,0,40.5,44.8,47.5,0.62,0.49,0.36
WARS,2019-11-08 14:05:00 EST,42.77993,-78.20889,1774,24.8,23.9,17.8,63.2,14.1,0.000,0.011,0.00,0.000,5.3,11.5,2.6,316,21,5.8,11.1,2.7,323,21,5.8,11.1,2.7,323,21,388,28.33,-0.3,0,0,0,40.5,44.8,47.5,0.62,0.49,0.36
WARS,2019-11-08 14:10:00 EST,42.77993,-78.20889,1774,24.7,23.9,15.8,63.9,14.2,0.000,0.011,0.00,0.000,7.6,12.9,2.6,313,24,8.2,15.6,2.8,320,25,8.2,15.6,2.8,320,25,373,28.33,-0.3,0,0,0,40.5,44.8,47.5,0.62,0.49,0.36
WARS,2019-11-08 14:15:00 EST,42.77993,-78.20889,1774,24.9,24.1,16.7,64.7,14.6,0.000,0.011,0.00,0.000,6.6,10.7,1.7,296,21,7.2,12.6,1.9,302,20,7.2,12.6,1.9,302,20,274,28.33,-0.5,0,0,0,40.5,44.8,47.5,0.62,0.49,0.36
WARS,2019-11-08 14:20:00 EST,42.77993,-78.20889,1774,24.3,23.7,17.1,65.1,14.3,0.000,0.011,0.00,0.000,5.5,11.0,2.5,314,21,5.9,13.6,2.4,325,19,5.9,13.6,2.4,325,19,210,28.33,-0.4,0,0,0,40.5,44.8,47.5,0.62,0.49,0.36
WARS,2019-11-08 14:25:00 EST,42.77993,-78.20889,1774,24.7,24.1,17.1,65.4,14.7,0.000,0.011,0.00,0.000,5.9,10.5,2.6,295,19,6.5,12.9,2.8,302,21,6.5,12.9,2.8,302,21,292,28.33,-0.4,0,0,0,40.5,44.8,47.5,0.62,0.49,0.36
WARS,2019-11-08 14:30:00 EST,42.77993,-78.20889,1774,24.9,24.2,16.9,64.0,14.4,0.000,0.011,0.00,0.000,6.5,11.8,2.1,297,19,7.0,11.8,2.1,303,18,7.0,11.8,2.1,303,18,337,28.33,-0.5,0,0,0,40.5,44.7,47.5,0.62,0.49,0.36
WARS,2019-11-08 14:35:00 EST,42.77993,-78.20889,1774,25.0,24.2,16.8,63.2,14.2,0.000,0.011,0.00,0.000,6.8,11.2,1.7,290,17,7.3,12.4,1.9,295,17,7.3,12.4,1.9,295,17,304,28.33,-0.4,0,0,0,40.5,44.8,47.5,0.62,0.49,0.36
WARS,2019-11-08 14:40:00 EST,42.77993,-78.20889,1774,24.6,23.9,16.1,63.4,14.0,0.000,0.011,0.00,0.000,7.1,11.6,1.9,311,22,7.6,12.7,2.1,318,24,7.6,12.7,2.1,318,24,184,28.33,-0.5,0,0,0,40.5,44.8,47.5,0.62,0.49,0.36
WARS,2019-11-08 14:45:00 EST,42.77993,-78.20889,1774,23.7,23.4,16.5,63.6,13.2,0.000,0.011,0.00,0.000,5.6,11.0,2.1,320,17,5.9,11.3,2.1,330,18,5.9,11.3,2.1,330,18,77,28.33,-0.4,0,0,0,40.5,44.7,47.5,0.62,0.49,0.36
WARS,2019-11-08 14:50:00 EST,42.77993,-78.20889,1774,23.7,23.5,17.0,65.7,13.9,0.000,0.011,0.00,0.000,4.7,9.1,1.5,320,32,5.4,10.7,1.7,326,30,5.4,10.7,1.7,326,30,78,28.33,-0.4,0,0,0,40.5,44.7,47.5,0.62,0.49,0.36
WARS,2019-11-08 14:55:00 EST,42.77993,-78.20889,1774,24.3,23.7,16.1,66.7,14.8,0.000,0.011,0.00,0.000,6.1,11.5,2.0,338,25,7.0,14.8,2.5,348,19,7.0,14.8,2.5,348,19,190,28.33,-0.5,0,0,0,40.5,44.7,47.5,0.62,0.49,0.36
WARS,2019-11-08 15:00:00 EST,42.77993,-78.20889,1774,23.8,23.5,16.7,65.4,13.9,0.000,0.011,0.00,0.000,5.0,9.9,2.6,343,17,5.8,11.7,3.1,351,16,5.8,11.7,3.1,351,16,199,28.33,-0.3,0,0,0,40.6,44.7,47.5,0.62,0.49,0.36
WARS,2019-11-08 15:05:00 EST,42.77993,-78.20889,1774,24.8,24.1,17.4,65.0,14.8,0.000,0.011,0.00,0.000,5.6,9.1,1.5,336,22,6.4,10.5,1.7,345,17,6.4,10.5,1.7,345,17,274,28.33,-0.4,0,0,0,40.6,44.6,47.5,0.62,0.49,0.36
WARS,2019-11-08 15:10:00 EST,42.77993,-78.20889,1774,25.1,24.4,18.7,64.1,14.6,0.000,0.011,0.00,0.000,4.7,8.3,1.5,330,21,5.3,9.7,1.6,339,20,5.3,9.7,1.6,339,20,262,28.33,-0.5,0,0,0,40.6,44.6,47.5,0.62,0.49,0.36
WARS,2019-11-08 15:15:00 EST,42.77993,-78.20889,1774,25.1,24.4,19.3,63.9,14.5,0.000,0.011,0.00,0.000,3.9,9.1,1.8,333,20,4.7,11.8,2.1,340,19,4.7,11.8,2.1,340,19,238,28.33,-0.5,0,0,0,40.6,44.6,47.5,0.62,0.49,0.36
WARS,2019-11-08 15:20:00 EST,42.77993,-78.20889,1774,24.8,24.2,17.1,64.6,14.5,0.000,0.011,0.00,0.000,5.6,10.8,2.3,332,26,6.5,12.6,2.4,339,26,6.5,12.6,2.4,339,26,207,28.33,-0.4,0,0,0,40.6,44.6,47.5,0.62,0.49,0.36
WARS,2019-11-08 15:25:00 EST,42.77993,-78.20889,1774,24.9,24.4,18.3,64.9,14.8,0.000,0.011,0.00,0.000,4.8,8.8,1.7,329,23,5.4,10.1,1.9,339,20,5.4,10.1,1.9,339,20,220,28.33,-0.5,0,0,0,40.6,44.6,47.5,0.62,0.49,0.36
WARS,2019-11-08 15:30:00 EST,42.77993,-78.20889,1774,24.7,24.2,17.2,64.5,14.5,0.000,0.011,0.00,0.000,5.9,9.6,1.7,339,22,6.5,11.0,2.1,349,14,6.5,11.0,2.1,349,14,221,28.33,-0.4,0,0,0,40.6,44.6,47.5,0.62,0.49,0.36
WARS,2019-11-08 15:35:00 EST,42.77993,-78.20889,1774,24.3,23.8,16.3,64.9,14.1,0.000,0.011,0.00,0.000,6.0,11.0,2.0,348,19,6.8,12.1,2.3,357,13,6.8,12.1,2.3,357,13,117,28.33,-0.5,0,0,0,40.6,44.6,47.5,0.62,0.49,0.36
WARS,2019-11-08 15:40:00 EST,42.77993,-78.20889,1774,24.3,24.0,17.3,65.4,14.4,0.000,0.011,0.00,0.000,4.8,8.3,1.5,355,23,5.8,10.7,1.8,3,19,5.8,10.7,1.8,3,19,145,28.33,-0.4,0,0,0,40.6,44.6,47.5,0.62,0.49,0.36
WARS,2019-11-08 15:45:00 EST,42.77993,-78.20889,1774,24.8,24.4,17.5,65.1,14.7,0.000,0.011,0.00,0.000,5.7,11.6,2.1,298,31,6.3,12.7,2.2,304,30,6.3,12.7,2.2,304,30,144,28.33,-0.5,0,0,0,40.6,44.6,47.5,0.62,0.49,0.36
WARS,2019-11-08 15:50:00 EST,42.77993,-78.20889,1774,24.4,24.1,15.7,67.4,15.2,0.000,0.011,0.00,0.000,7.3,10.5,1.5,278,14,7.9,12.2,1.6,283,11,7.9,12.2,1.6,283,11,40,28.33,-0.4,0,0,0,40.6,44.6,47.5,0.62,0.49,0.36
WARS,2019-11-08 15:55:00 EST,42.77993,-78.20889,1774,24.1,23.9,16.8,67.7,15.0,0.000,0.011,0.00,0.000,5.6,10.1,2.1,284,14,6.1,10.7,2.0,290,12,6.1,10.7,2.0,290,12,54,28.33,-0.4,0,0,0,40.6,44.6,47.5,0.62,0.49,0.36
WARS,2019-11-08 16:00:00 EST,42.77993,-78.20889,1774,24.2,24.0,16.0,66.5,14.6,0.000,0.011,0.00,0.000,6.5,11.0,1.7,289,18,7.1,11.7,1.8,296,18,7.1,11.7,1.8,296,18,97,28.34,-0.4,0,0,0,40.6,44.6,47.5,0.62,0.49,0.36
WARS,2019-11-08 16:05:00 EST,42.77993,-78.20889,1774,24.2,24.0,16.0,66.0,14.5,0.000,0.011,0.00,0.000,6.6,9.9,1.8,286,20,7.1,11.2,1.8,292,19,7.1,11.2,1.8,292,19,77,28.34,-0.4,0,0,0,40.6,44.6,47.5,0.62,0.49,0.36
WARS,2019-11-08 16:10:00 EST,42.77993,-78.20889,1774,24.0,23.9,17.8,65.1,14.0,0.000,0.011,0.00,0.000,4.5,7.7,1.4,314,27,4.9,9.2,1.7,323,23,4.9,9.2,1.7,323,23,109,28.34,-0.4,0,0,0,40.6,44.6,47.5,0.62,0.49,0.36
WARS,2019-11-08 16:15:00 EST,42.77993,-78.20889,1774,23.9,23.8,17.7,66.8,14.4,0.000,0.011,0.00,0.000,4.2,8.2,1.5,316,28,4.8,9.9,1.6,324,27,4.8,9.9,1.6,324,27,58,28.34,-0.4,0,0,0,40.6,44.6,47.5,0.62,0.49,0.36
WARS,2019-11-08 16:20:00 EST,42.77993,-78.20889,1774,24.3,24.2,19.8,68.1,15.3,0.000,0.011,0.00,0.000,2.8,5.5,1.4,288,27,3.5,8.4,1.6,294,24,3.5,8.4,1.6,294,24,77,28.34,-0.5,0,0,0,40.6,44.6,47.5,0.62,0.49,0.36
WARS,2019-11-08 16:25:00 EST,42.77993,-78.20889,1774,23.8,23.8,18.6,66.9,14.4,0.000,0.011,0.00,0.000,3.5,6.9,1.5,324,23,4.0,7.9,1.7,334,23,4.0,7.9,1.7,334,23,49,28.34,-0.5,0,0,0,40.6,44.6,47.5,0.62,0.49,0.36
WARS,2019-11-08 16:30:00 EST,42.77993,-78.20889,1774,23.8,23.7,18.8,66.8,14.3,0.000,0.011,0.00,0.000,3.4,6.5,1.3,309,25,3.8,8.3,1.5,318,24,3.8,8.3,1.5,318,24,51,28.34,-0.4,0,0,0,40.5,44.6,47.5,0.62,0.49,0.36
WARS,2019-11-08 16:35:00 EST,42.77993,-78.20889,1774,23.4,23.5,18.0,67.2,14.2,0.000,0.011,0.00,0.000,3.7,6.1,1.2,315,25,4.2,7.1,1.4,323,23,4.2,7.1,1.4,323,23,33,28.34,-0.4,0,0,0,40.5,44.6,47.5,0.62,0.49,0.36
WARS,2019-11-08 16:40:00 EST,42.77993,-78.20889,1774,23.6,23.6,19.3,68.1,14.6,0.000,0.011,0.00,0.000,2.9,5.0,0.9,297,27,3.3,5.9,1.0,305,23,3.3,5.9,1.0,305,23,32,28.34,-0.4,0,0,0,40.5,44.6,47.5,0.62,0.49,0.36
WARS,2019-11-08 16:45:00 EST,42.77993,-78.20889,1774,23.3,23.4,17.7,69.9,14.9,0.000,0.011,0.00,0.000,3.9,8.3,1.9,299,25,4.3,10.3,2.1,307,26,4.3,10.3,2.1,307,26,20,28.34,-0.4,0,0,0,40.5,44.6,47.5,0.62,0.49,0.36
WARS,2019-11-08 16:50:00 EST,42.77993,-78.20889,1774,23.3,23.4,16.6,71.5,15.5,0.000,0.011,0.00,0.000,4.8,7.5,1.1,285,17,5.3,8.3,1.2,291,15,5.3,8.3,1.2,291,15,12,28.34,-0.4,0,0,0,40.5,44.6,47.5,0.62,0.49,0.36
WARS,2019-11-08 16:55:00 EST,42.77993,-78.20889,1774,23.2,23.3,16.7,71.7,15.4,0.000,0.011,0.00,0.000,4.7,7.2,1.2,290,17,5.1,8.1,1.3,297,14,5.1,8.1,1.3,297,14,7,28.35,-0.4,0,0,0,40.5,44.6,47.5,0.62,0.49,0.36
WARS,2019-11-08 17:00:00 EST,42.77993,-78.20889,1774,23.1,23.2,17.5,71.8,15.4,0.000,0.011,0.00,0.000,3.8,7.6,1.5,289,18,4.2,8.4,1.7,296,17,4.2,8.4,1.7,296,17,5,28.35,-0.4,0,0,0,40.5,44.6,47.5,0.62,0.49,0.36
WARS,2019-11-08 17:05:00 EST,42.77993,-78.20889,1774,23.1,23.3,16.1,70.6,15.0,0.000,0.011,0.00,0.000,5.2,7.8,1.1,283,18,5.6,9.6,1.2,289,17,5.6,9.6,1.2,289,17,3,28.35,-0.3,0,0,0,40.5,44.6,47.5,0.62,0.49,0.36
WARS,2019-11-08 17:10:00 EST,42.77993,-78.20889,1774,23.1,23.2,16.3,70.7,15.0,0.000,0.011,0.00,0.000,4.9,7.5,1.2,280,11,5.3,9.9,1.4,286,9,5.3,9.9,1.4,286,9,1,28.35,-0.4,0,0,0,40.5,44.6,47.5,0.62,0.49,0.36
WARS,2019-11-08 17:15:00 EST,42.77993,-78.20889,1774,23.0,23.1,15.9,71.3,15.1,0.000,0.011,0.00,0.000,5.2,6.9,0.9,278,11,5.7,8.1,1.0,284,9,5.7,8.1,1.0,284,9,1,28.35,-0.4,0,0,0,40.5,44.6,47.5,0.62,0.49,0.36
WARS,2019-11-08 17:20:00 EST,42.77993,-78.20889,1774,23.0,23.0,15.5,71.6,15.2,0.000,0.011,0.00,0.000,5.5,7.9,0.8,279,11,6.0,8.5,1.0,286,11,6.0,8.5,1.0,286,11,0,28.35,-0.4,0,0,0,40.5,44.6,47.4,0.62,0.49,0.36
WARS,2019-11-08 17:25:00 EST,42.77993,-78.20889,1774,22.9,23.0,15.8,73.0,15.6,0.000,0.011,0.00,0.000,5.1,7.7,1.0,281,12,5.6,7.9,1.0,286,10,5.6,7.9,1.0,286,10,0,28.35,-0.4,0,0,0,40.5,44.6,47.5,0.62,0.49,0.36
WARS,2019-11-08 17:30:00 EST,42.77993,-78.20889,1774,22.7,22.8,15.7,73.5,15.5,0.000,0.011,0.00,0.000,5.0,7.5,1.0,280,13,5.5,8.5,1.2,287,10,5.5,8.5,1.2,287,10,0,28.35,-0.4,0,0,0,40.4,44.6,47.5,0.62,0.49,0.36
WARS,2019-11-08 17:35:00 EST,42.77993,-78.20889,1774,22.4,22.6,16.7,73.2,15.2,0.000,0.011,0.00,0.000,3.8,6.9,1.2,288,17,4.3,7.6,1.3,295,17,4.3,7.6,1.3,295,17,0,28.35,-0.4,0,0,0,40.3,44.6,47.4,0.62,0.49,0.36
WARS,2019-11-08 17:40:00 EST,42.77993,-78.20889,1774,22.2,22.5,16.2,73.8,15.2,0.000,0.011,0.00,0.000,4.2,7.2,1.2,289,14,4.5,8.1,1.4,295,13,4.5,8.1,1.4,295,13,0,28.35,-0.4,0,0,0,40.3,44.6,47.4,0.62,0.49,0.36
WARS,2019-11-08 17:45:00 EST,42.77993,-78.20889,1774,22.1,22.5,15.7,75.6,15.6,0.000,0.011,0.00,0.000,4.4,7.4,1.1,284,13,4.7,8.2,1.3,292,12,4.7,8.2,1.3,292,12,0,28.35,-0.4,0,0,0,40.3,44.6,47.5,0.62,0.49,0.36
WARS,2019-11-08 17:50:00 EST,42.77993,-78.20889,1774,22.2,22.4,16.5,75.4,15.6,0.000,0.011,0.00,0.000,3.8,6.0,0.9,283,14,4.2,6.7,1.1,291,11,4.2,6.7,1.1,291,11,0,28.35,-0.3,0,0,0,40.3,44.6,47.4,0.62,0.49,0.36
WARS,2019-11-08 17:55:00 EST,42.77993,-78.20889,1774,22.3,22.4,16.0,76.9,16.2,0.000,0.011,0.00,0.000,4.2,6.4,0.8,275,11,4.7,6.9,0.9,282,9,4.7,6.9,0.9,282,9,0,28.35,-0.4,0,0,0,40.3,44.6,47.4,0.62,0.49,0.36
WARS,2019-11-08 18:00:00 EST,42.77993,-78.20889,1774,22.1,22.1,15.5,77.8,16.2,0.000,0.011,0.00,0.000,4.5,6.3,0.7,273,9,4.9,6.8,0.8,280,8,4.9,6.8,0.8,280,8,0,28.35,-0.4,0,0,0,40.3,44.6,47.4,0.62,0.49,0.36
WARS,2019-11-08 18:05:00 EST,42.77993,-78.20889,1774,21.8,22.0,15.2,78.2,16.1,0.000,0.011,0.00,0.000,4.5,6.2,0.8,275,12,5.0,6.7,0.9,282,11,5.0,6.7,0.9,282,11,0,28.35,-0.4,0,0,0,40.3,44.6,47.4,0.62,0.49,0.36
WARS,2019-11-08 18:10:00 EST,42.77993,-78.20889,1774,21.7,21.9,14.4,78.1,16.0,0.000,0.011,0.00,0.000,5.2,6.7,0.6,270,9,5.6,7.2,0.7,277,8,5.6,7.2,0.7,277,8,0,28.35,-0.4,0,0,0,40.3,44.6,47.4,0.62,0.49,0.36
WARS,2019-11-08 18:15:00 EST,42.77993,-78.20889,1774,21.7,21.8,14.1,77.9,15.9,0.000,0.011,0.00,0.000,5.5,6.8,0.6,267,6,5.9,7.9,0.7,274,6,5.9,7.9,0.7,274,6,0,28.36,-0.4,0,0,0,40.3,44.6,47.3,0.62,0.49,0.36
WARS,2019-11-08 18:20:00 EST,42.77993,-78.20889,1774,21.7,21.8,13.9,77.6,15.7,0.000,0.011,0.00,0.000,5.7,7.0,0.6,270,6,6.1,8.5,0.7,277,6,6.1,8.5,0.7,277,6,0,28.36,-0.4,0,0,0,40.3,44.6,47.3,0.62,0.49,0.36
WARS,2019-11-08 18:25:00 EST,42.77993,-78.20889,1774,21.7,21.8,14.0,77.7,15.8,0.000,0.011,0.00,0.000,5.6,7.7,0.6,270,7,6.0,8.5,0.7,277,7,6.0,8.5,0.7,277,7,0,28.36,-0.4,0,0,0,40.1,44.6,47.3,0.62,0.49,0.36
WARS,2019-11-08 18:30:00 EST,42.77993,-78.20889,1774,21.7,21.8,13.8,77.8,15.8,0.000,0.011,0.00,0.000,5.8,7.0,0.6,267,7,6.2,7.7,0.7,274,7,6.2,7.7,0.7,274,7,0,28.36,-0.4,0,0,0,40.1,44.6,47.3,0.62,0.49,0.36
WARS,2019-11-08 18:35:00 EST,42.77993,-78.20889,1774,21.7,21.7,13.2,77.7,15.8,0.000,0.011,0.00,0.000,6.3,7.9,0.7,266,6,6.8,9.0,0.8,272,6,6.8,9.0,0.8,272,6,0,28.36,-0.4,0,0,0,40.1,44.6,47.3,0.62,0.49,0.36
WARS,2019-11-08 18:40:00 EST,42.77993,-78.20889,1774,21.6,21.6,13.1,77.1,15.5,0.000,0.011,0.00,0.000,6.4,8.0,0.6,268,6,6.9,8.8,0.8,275,5,6.9,8.8,0.8,275,5,0,28.36,-0.4,0,0,0,40.1,44.6,47.3,0.62,0.49,0.36
WARS,2019-11-08 18:45:00 EST,42.77993,-78.20889,1774,21.4,21.5,13.5,77.4,15.5,0.000,0.011,0.00,0.000,5.8,7.7,0.6,269,6,6.2,8.1,0.8,276,6,6.2,8.1,0.8,276,6,0,28.36,-0.4,0,0,0,40.1,44.6,47.3,0.62,0.49,0.36
WARS,2019-11-08 18:50:00 EST,42.77993,-78.20889,1774,21.5,21.6,13.7,78.1,15.7,0.000,0.011,0.00,0.000,5.7,7.5,0.7,272,6,6.0,8.0,0.9,279,6,6.0,8.0,0.9,279,6,0,28.36,-0.4,0,0,0,40.1,44.6,47.3,0.62,0.49,0.36
WARS,2019-11-08 18:55:00 EST,42.77993,-78.20889,1774,21.4,21.6,14.4,78.2,15.7,0.000,0.011,0.00,0.000,4.9,6.1,0.5,271,7,5.2,6.8,0.6,279,7,5.2,6.8,0.6,279,7,0,28.36,-0.4,0,0,0,40.1,44.6,47.3,0.62,0.49,0.36
WARS,2019-11-08 19:00:00 EST,42.77993,-78.20889,1774,21.3,21.4,14.0,79.0,15.8,0.000,0.011,0.00,0.000,5.1,6.4,0.6,266,7,5.5,7.3,0.7,272,6,5.5,7.3,0.7,272,6,0,28.36,-0.4,0,0,0,40.1,44.6,47.3,0.62,0.49,0.36
WARS,2019-11-08 19:05:00 EST,42.77993,-78.20889,1774,21.1,21.2,13.5,78.6,15.5,0.000,0.011,0.00,0.000,5.4,6.7,0.5,263,5,5.8,7.5,0.7,269,5,5.8,7.5,0.7,269,5,0,28.36,-0.4,0,0,0,40.1,44.6,47.3,0.62,0.49,0.36
WARS,2019-11-08 19:10:00 EST,42.77993,-78.20889,1774,21.0,21.0,14.0,79.4,15.6,0.000,0.011,0.00,0.000,4.7,5.8,0.5,265,7,5.1,6.8,0.6,272,7,5.1,6.8,0.6,272,7,0,28.36,-0.3,0,0,0,40.0,44.6,47.3,0.62,0.49,0.36
WARS,2019-11-08 19:15:00 EST,42.77993,-78.20889,1774,20.9,21.1,13.4,80.0,15.7,0.000,0.011,0.00,0.000,5.2,6.7,0.7,259,6,5.6,7.7,0.8,266,6,5.6,7.7,0.8,266,6,0,28.36,-0.4,0,0,0,39.9,44.6,47.3,0.62,0.49,0.36
WARS,2019-11-08 19:20:00 EST,42.77993,-78.20889,1774,21.1,21.5,12.3,79.4,15.7,0.000,0.011,0.00,0.000,6.6,8.8,0.8,252,6,7.0,9.8,0.9,259,5,7.0,9.8,0.9,259,5,0,28.36,-0.3,0,0,0,39.9,44.6,47.3,0.62,0.49,0.36
WARS,2019-11-08 19:25:00 EST,42.77993,-78.20889,1774,21.6,21.9,11.8,76.6,15.4,0.000,0.011,0.00,0.000,8.1,9.8,0.8,250,6,8.6,10.8,0.9,257,4,8.6,10.8,0.9,257,4,0,28.36,-0.4,0,0,0,39.9,44.6,47.3,0.62,0.49,0.36
WARS,2019-11-08 19:30:00 EST,42.77993,-78.20889,1774,21.4,21.7,12.8,77.0,15.3,0.000,0.011,0.00,0.000,6.4,9.3,1.0,253,9,7.0,10.4,1.1,260,7,7.0,10.4,1.1,260,7,0,28.37,-0.4,0,0,0,39.9,44.6,47.3,0.62,0.49,0.36
WARS,2019-11-08 19:35:00 EST,42.77993,-78.20889,1774,21.4,21.7,12.8,77.3,15.4,0.000,0.011,0.00,0.000,6.4,8.1,0.8,249,6,6.9,9.0,0.9,257,5,6.9,9.0,0.9,257,5,0,28.37,-0.4,0,0,0,39.9,44.6,47.3,0.62,0.49,0.36
WARS,2019-11-08 19:40:00 EST,42.77993,-78.20889,1774,21.5,21.8,12.9,77.1,15.4,0.000,0.011,0.00,0.000,6.3,8.3,0.8,244,7,6.9,9.1,0.9,252,5,6.9,9.1,0.9,252,5,0,28.37,-0.4,0,0,0,39.9,44.6,47.3,0.62,0.49,0.36
WARS,2019-11-08 19:45:00 EST,42.77993,-78.20889,1774,21.3,21.7,12.5,77.5,15.4,0.000,0.011,0.00,0.000,6.6,8.1,0.7,243,7,7.2,8.8,0.8,251,6,7.2,8.8,0.8,251,6,0,28.37,-0.3,0,0,0,39.9,44.6,47.3,0.62,0.49,0.36
WARS,2019-11-08 19:50:00 EST,42.77993,-78.20889,1774,21.4,21.7,13.1,77.2,15.3,0.000,0.011,0.00,0.000,5.9,8.2,1.1,242,8,6.5,8.8,1.2,250,7,6.5,8.8,1.2,250,7,0,28.37,-0.4,0,0,0,39.9,44.6,47.3,0.62,0.49,0.36
WARS,2019-11-08 19:55:00 EST,42.77993,-78.20889,1774,21.1,21.5,13.9,77.1,15.1,0.000,0.011,0.00,0.000,5.0,6.4,0.6,237,6,5.4,7.1,0.7,244,6,5.4,7.1,0.7,244,6,0,28.36,-0.3,0,0,0,39.9,44.6,47.3,0.62,0.49,0.36
WARS,2019-11-08 20:00:00 EST,42.77993,-78.20889,1774,21.1,21.5,13.8,76.4,14.9,0.000,0.011,0.00,0.000,5.1,6.4,0.5,234,6,5.5,7.6,0.6,241,7,5.5,7.6,0.6,241,7,0,28.36,-0.3,0,0,0,39.8,44.6,47.3,0.62,0.49,0.36
WARS,2019-11-08 20:05:00 EST,42.77993,-78.20889,1774,21.2,21.5,13.9,76.6,15.0,0.000,0.011,0.00,0.000,5.1,6.1,0.5,234,6,5.5,6.9,0.5,242,7,5.5,6.9,0.5,242,7,0,28.36,-0.3,0,0,0,39.7,44.6,47.3,0.62,0.49,0.36
WARS,2019-11-08 20:10:00 EST,42.77993,-78.20889,1774,21.2,21.6,13.7,76.9,15.1,0.000,0.011,0.00,0.000,5.2,6.6,0.6,235,7,5.6,7.1,0.6,242,7,5.6,7.1,0.6,242,7,0,28.36,-0.3,0,0,0,39.7,44.6,47.3,0.62,0.49,0.36
WARS,2019-11-08 20:15:00 EST,42.77993,-78.20889,1774,21.3,21.7,13.8,76.4,15.0,0.000,0.011,0.00,0.000,5.3,6.6,0.6,231,5,5.6,6.9,0.6,238,6,5.6,6.9,0.6,238,6,0,28.36,-0.3,0,0,0,39.7,44.6,47.3,0.62,0.49,0.36
WARS,2019-11-08 20:20:00 EST,42.77993,-78.20889,1774,21.3,21.6,13.1,76.0,14.9,0.000,0.011,0.00,0.000,6.2,7.7,0.5,228,6,6.4,8.2,0.6,234,5,6.4,8.2,0.6,234,5,0,28.36,-0.3,0,0,0,39.7,44.6,47.3,0.62,0.49,0.36
WARS,2019-11-08 20:25:00 EST,42.77993,-78.20889,1774,21.3,21.7,13.5,76.3,15.1,0.000,0.011,0.00,0.000,5.8,8.2,0.9,226,6,6.1,8.1,1.0,232,7,6.1,8.1,1.0,232,7,0,28.36,-0.4,0,0,0,39.7,44.6,47.3,0.62,0.49,0.36
WARS,2019-11-08 20:30:00 EST,42.77993,-78.20889,1774,21.5,21.8,14.0,76.1,15.1,0.000,0.011,0.00,0.000,5.4,7.6,0.7,228,6,5.7,7.7,0.7,235,7,5.7,7.7,0.7,235,7,0,28.36,-0.4,0,0,0,39.7,44.6,47.3,0.62,0.49,0.36
WARS,2019-11-08 20:35:00 EST,42.77993,-78.20889,1774,21.4,21.8,14.0,75.7,15.0,0.000,0.011,0.00,0.000,5.4,6.5,0.6,230,6,5.7,7.1,0.6,236,7,5.7,7.1,0.6,236,7,0,28.36,-0.3,0,0,0,39.7,44.6,47.3,0.62,0.49,0.36
WARS,2019-11-08 20:40:00 EST,42.77993,-78.20889,1774,21.5,21.9,14.2,75.5,15.0,0.000,0.011,0.00,0.000,5.3,6.6,0.6,232,6,5.6,7.1,0.6,239,6,5.6,7.1,0.6,239,6,0,28.35,-0.3,0,0,0,39.7,44.6,47.3,0.62,0.49,0.36
WARS,2019-11-08 20:45:00 EST,42.77993,-78.20889,1774,21.5,22.0,14.2,75.8,15.0,0.000,0.011,0.00,0.000,5.0,6.5,0.6,234,7,5.4,7.1,0.6,240,7,5.4,7.1,0.6,240,7,0,28.35,-0.3,0,0,0,39.7,44.6,47.3,0.62,0.49,0.36
WARS,2019-11-08 20:50:00 EST,42.77993,-78.20889,1774,21.5,21.8,14.4,75.4,14.9,0.000,0.011,0.00,0.000,5.0,6.1,0.5,231,5,5.3,6.8,0.6,237,6,5.3,6.8,0.6,237,6,0,28.35,-0.3,0,0,0,39.6,44.6,47.3,0.62,0.49,0.36
WARS,2019-11-08 20:55:00 EST,42.77993,-78.20889,1774,21.4,21.9,13.8,75.8,14.9,0.000,0.011,0.00,0.000,5.5,6.6,0.6,226,5,5.7,7.0,0.7,231,5,5.7,7.0,0.7,231,5,0,28.35,-0.4,0,0,0,39.6,44.6,47.3,0.62,0.49,0.36
WARS,2019-11-08 21:00:00 EST,42.77993,-78.20889,1774,21.5,22.0,14.4,74.6,14.7,0.000,0.011,0.00,0.000,5.1,6.9,0.7,229,7,5.3,7.1,0.7,235,7,5.3,7.1,0.7,235,7,0,28.35,-0.4,0,0,0,39.6,44.6,47.3,0.62,0.49,0.36
WARS,2019-11-08 21:05:00 EST,42.77993,-78.20889,1774,21.7,22.1,14.1,73.8,14.6,0.000,0.011,0.00,0.000,5.5,6.9,0.6,232,7,5.8,7.5,0.8,239,6,5.8,7.5,0.8,239,6,0,28.35,-0.3,0,0,0,39.6,44.6,47.3,0.62,0.49,0.36
WARS,2019-11-08 21:10:00 EST,42.77993,-78.20889,1774,21.6,22.0,14.5,73.8,14.5,0.000,0.011,0.00,0.000,4.9,6.2,0.5,230,7,5.3,6.9,0.6,236,7,5.3,6.9,0.6,236,7,0,28.35,-0.3,0,0,0,39.6,44.5,47.3,0.62,0.49,0.36
WARS,2019-11-08 21:15:00 EST,42.77993,-78.20889,1774,21.4,21.8,14.0,74.4,14.5,0.000,0.011,0.00,0.000,5.4,7.0,0.7,227,7,5.6,7.3,0.7,233,6,5.6,7.3,0.7,233,6,0,28.35,-0.4,0,0,0,39.6,44.6,47.3,0.62,0.49,0.36
WARS,2019-11-08 21:20:00 EST,42.77993,-78.20889,1774,21.3,21.7,14.3,75.1,14.6,0.000,0.011,0.00,0.000,4.9,6.6,0.6,224,6,5.2,6.7,0.7,230,6,5.2,6.7,0.7,230,6,0,28.35,-0.3,0,0,0,39.6,44.5,47.3,0.62,0.49,0.36
WARS,2019-11-08 21:25:00 EST,42.77993,-78.20889,1774,21.1,21.6,14.2,76.6,14.8,0.000,0.011,0.00,0.000,4.9,6.1,0.5,223,5,5.0,6.9,0.6,228,5,5.0,6.9,0.6,228,5,0,28.35,-0.3,0,0,0,39.6,44.5,47.3,0.62,0.49,0.36
WARS,2019-11-08 21:30:00 EST,42.77993,-78.20889,1774,21.2,21.8,13.4,76.3,14.9,0.000,0.011,0.00,0.000,5.8,7.7,0.9,225,6,6.0,7.4,0.9,231,6,6.0,7.4,0.9,231,6,0,28.35,-0.3,0,0,0,39.6,44.5,47.3,0.62,0.49,0.36
WARS,2019-11-08 21:35:00 EST,42.77993,-78.20889,1774,21.4,21.8,13.3,75.1,14.7,0.000,0.011,0.00,0.000,6.0,8.4,0.8,229,7,6.3,8.3,0.8,235,7,6.3,8.3,0.8,235,7,0,28.35,-0.3,0,0,0,39.6,44.5,47.3,0.62,0.49,0.36
WARS,2019-11-08 21:40:00 EST,42.77993,-78.20889,1774,21.1,21.5,13.2,74.9,14.4,0.000,0.011,0.00,0.000,5.9,7.5,0.7,229,7,6.1,7.9,0.8,235,6,6.1,7.9,0.8,235,6,0,28.35,-0.3,0,0,0,39.5,44.4,47.3,0.62,0.49,0.36
WARS,2019-11-08 21:45:00 EST,42.77993,-78.20889,1774,21.1,21.4,13.4,75.5,14.6,0.000,0.011,0.00,0.000,5.6,7.5,0.7,231,6,5.9,8.0,0.8,238,6,5.9,8.0,0.8,238,6,0,28.35,-0.3,0,0,0,39.4,44.4,47.3,0.62,0.49,0.36
WARS,2019-11-08 21:50:00 EST,42.77993,-78.20889,1774,21.1,21.4,13.2,75.8,14.6,0.000,0.011,0.00,0.000,5.8,7.5,0.8,232,7,6.0,7.8,0.8,238,7,6.0,7.8,0.8,238,7,0,28.35,-0.3,0,0,0,39.4,44.5,47.3,0.62,0.49,0.36
WARS,2019-11-08 21:55:00 EST,42.77993,-78.20889,1774,21.2,21.6,12.8,76.2,14.9,0.000,0.011,0.00,0.000,6.3,9.1,0.9,232,7,6.6,9.3,0.9,239,6,6.6,9.3,0.9,239,6,0,28.35,-0.2,0,0,0,39.4,44.4,47.3,0.62,0.49,0.36
WARS,2019-11-08 22:00:00 EST,42.77993,-78.20889,1774,21.5,21.8,12.5,75.5,14.9,0.000,0.011,0.00,0.000,7.1,9.4,1.0,234,7,7.5,9.8,1.1,240,7,7.5,9.8,1.1,240,7,0,28.35,-0.3,0,0,0,39.4,44.4,47.3,0.62,0.49,0.36
WARS,2019-11-08 22:05:00 EST,42.77993,-78.20889,1774,21.4,21.7,13.0,76.1,15.0,0.000,0.011,0.00,0.000,6.5,8.0,0.7,232,7,6.7,8.8,0.8,238,7,6.7,8.8,0.8,238,7,0,28.35,-0.2,0,0,0,39.4,44.4,47.3,0.62,0.49,0.36
WARS,2019-11-08 22:10:00 EST,42.77993,-78.20889,1774,21.3,21.7,13.9,76.3,15.0,0.000,0.011,0.00,0.000,5.2,7.5,0.8,225,7,5.5,7.7,0.8,231,7,5.5,7.7,0.8,231,7,0,28.34,-0.3,0,0,0,39.4,44.4,47.3,0.62,0.49,0.36
WARS,2019-11-08 22:15:00 EST,42.77993,-78.20889,1774,21.3,21.8,13.6,77.4,15.3,0.000,0.011,0.00,0.000,5.5,7.0,0.7,232,8,5.9,8.0,0.7,239,9,5.9,8.0,0.7,239,9,0,28.34,-0.2,0,0,0,39.4,44.4,47.3,0.62,0.49,0.36
WARS,2019-11-08 22:20:00 EST,42.77993,-78.20889,1774,21.8,22.1,13.2,75.4,15.2,0.000,0.011,0.00,0.000,6.7,8.5,0.9,231,8,7.0,10.2,1.1,238,8,7.0,10.2,1.1,238,8,0,28.34,-0.3,0,0,0,39.4,44.4,47.3,0.62,0.49,0.36
WARS,2019-11-08 22:25:00 EST,42.77993,-78.20889,1774,21.8,22.1,12.6,75.0,15.1,0.000,0.011,0.00,0.000,7.4,9.9,1.0,229,9,7.8,10.4,1.1,235,8,7.8,10.4,1.1,235,8,0,28.34,-0.3,0,0,0,39.4,44.4,47.3,0.62,0.49,0.36
WARS,2019-11-08 22:30:00 EST,42.77993,-78.20889,1774,21.7,22.0,13.2,75.0,15.0,0.000,0.011,0.00,0.000,6.6,9.0,0.9,228,8,6.9,9.5,1.0,234,7,6.9,9.5,1.0,234,7,0,28.34,-0.3,0,0,0,39.3,44.4,47.3,0.62,0.49,0.36
WARS,2019-11-08 22:35:00 EST,42.77993,-78.20889,1774,21.7,22.2,12.9,75.1,15.1,0.000,0.011,0.00,0.000,7.1,9.0,0.9,226,7,7.3,9.3,1.0,231,7,7.3,9.3,1.0,231,7,0,28.34,-0.2,0,0,0,39.2,44.4,47.3,0.62,0.49,0.36
WARS,2019-11-08 22:40:00 EST,42.77993,-78.20889,1774,21.8,22.2,13.4,74.9,15.1,0.000,0.011,0.00,0.000,6.5,9.1,0.9,224,6,6.7,8.8,0.8,229,5,6.7,8.8,0.8,229,5,0,28.34,-0.2,0,0,0,39.2,44.4,47.3,0.62,0.49,0.36
WARS,2019-11-08 22:45:00 EST,42.77993,-78.20889,1774,21.7,22.2,13.9,75.4,15.2,0.000,0.011,0.00,0.000,5.9,8.5,0.7,226,5,6.1,8.8,0.9,231,5,6.1,8.8,0.9,231,5,0,28.34,-0.3,0,0,0,39.2,44.4,47.3,0.62,0.49,0.36
WARS,2019-11-08 22:50:00 EST,42.77993,-78.20889,1774,21.9,22.3,13.0,74.8,15.2,0.000,0.011,0.00,0.000,7.1,10.0,1.0,229,7,7.4,10.0,1.0,235,6,7.4,10.0,1.0,235,6,0,28.33,-0.3,0,0,0,39.2,44.4,47.3,0.62,0.49,0.36
WARS,2019-11-08 22:55:00 EST,42.77993,-78.20889,1774,21.9,22.2,12.6,74.5,15.0,0.000,0.011,0.00,0.000,7.6,9.9,0.9,227,7,7.9,10.7,0.9,233,6,7.9,10.7,0.9,233,6,0,28.33,-0.2,0,0,0,39.2,44.4,47.3,0.62,0.49,0.36
WARS,2019-11-08 23:00:00 EST,42.77993,-78.20889,1774,21.8,22.1,12.5,75.0,15.1,0.000,0.011,0.00,0.000,7.5,10.7,0.9,228,7,7.8,10.3,0.8,234,7,7.8,10.3,0.8,234,7,0,28.33,-0.2,0,0,0,39.2,44.4,47.3,0.62,0.49,0.36
WARS,2019-11-08 23:05:00 EST,42.77993,-78.20889,1774,21.9,22.2,13.0,74.6,15.1,0.000,0.011,0.00,0.000,7.1,9.1,0.9,228,7,7.4,10.0,0.9,234,7,7.4,10.0,0.9,234,7,0,28.33,-0.2,0,0,0,39.2,44.4,47.3,0.62,0.49,0.36
WARS,2019-11-08 23:10:00 EST,42.77993,-78.20889,1774,22.0,22.4,13.2,74.5,15.2,0.000,0.011,0.00,0.000,7.0,9.9,1.0,229,7,7.4,10.2,1.0,234,7,7.4,10.2,1.0,234,7,0,28.33,-0.2,0,0,0,39.2,44.4,47.3,0.62,0.49,0.36
WARS,2019-11-08 23:15:00 EST,42.77993,-78.20889,1774,21.8,22.2,12.8,75.6,15.3,0.000,0.011,0.00,0.000,7.3,9.8,0.8,226,7,7.6,9.7,0.8,231,6,7.6,9.7,0.8,231,6,0,28.33,-0.2,0,0,0,39.2,44.4,47.3,0.62,0.49,0.36
WARS,2019-11-08 23:20:00 EST,42.77993,-78.20889,1774,21.9,22.3,12.7,76.3,15.6,0.000,0.011,0.00,0.000,7.6,9.9,1.0,229,6,7.9,10.4,1.0,234,6,7.9,10.4,1.0,234,6,0,28.33,-0.2,0,0,0,39.2,44.4,47.3,0.62,0.49,0.36
WARS,2019-11-08 23:25:00 EST,42.77993,-78.20889,1774,22.0,22.3,13.0,76.2,15.7,0.000,0.011,0.00,0.000,7.2,8.7,0.7,233,7,7.6,10.1,0.8,240,6,7.6,10.1,0.8,240,6,0,28.33,-0.2,0,0,0,39.2,44.4,47.3,0.62,0.49,0.36
WARS,2019-11-08 23:30:00 EST,42.77993,-78.20889,1774,21.9,22.2,13.4,77.1,15.9,0.000,0.011,0.00,0.000,6.6,8.0,0.7,235,8,6.9,8.5,0.8,242,7,6.9,8.5,0.8,242,7,0,28.33,-0.2,0,0,0,39.2,44.4,47.3,0.62,0.49,0.36
WARS,2019-11-08 23:35:00 EST,42.77993,-78.20889,1774,21.9,22.1,13.2,77.5,15.9,0.000,0.011,0.00,0.000,6.8,9.2,1.0,232,6,7.1,10.1,1.0,239,7,7.1,10.1,1.0,239,7,0,28.32,-0.2,0,0,0,39.2,44.4,47.3,0.62,0.49,0.36
WARS,2019-11-08 23:40:00 EST,42.77993,-78.20889,1774,21.9,22.1,12.8,77.3,15.9,0.000,0.011,0.00,0.000,7.4,9.9,1.3,228,6,7.6,10.6,1.3,234,6,7.6,10.6,1.3,234,6,0,28.32,-0.2,0,0,0,39.2,44.4,47.3,0.62,0.49,0.36
WARS,2019-11-08 23:45:00 EST,42.77993,-78.20889,1774,21.9,22.1,13.2,78.5,16.2,0.000,0.011,0.00,0.000,6.7,9.7,1.0,228,8,7.1,10.0,1.0,234,8,7.1,10.0,1.0,234,8,0,28.32,-0.2,0,0,0,39.2,44.4,47.3,0.62,0.49,0.36
WARS,2019-11-08 23:50:00 EST,42.77993,-78.20889,1774,21.8,22.0,13.6,79.7,16.5,0.000,0.011,0.00,0.000,6.4,8.3,0.8,226,8,6.6,8.7,0.8,232,7,6.6,8.7,0.8,232,7,0,28.32,-0.2,0,0,0,39.2,44.4,47.3,0.62,0.49,0.36
WARS,2019-11-08 23:55:00 EST,42.77993,-78.20889,1774,21.8,22.0,14.2,80.5,16.7,0.000,0.011,0.00,0.000,5.7,7.6,1.0,225,9,5.9,8.4,1.0,231,9,5.9,8.4,1.0,231,9,0,28.32,-0.2,0,0,0,39.2,44.4,47.3,0.62,0.49,0.36
WARW,2019-11-08 00:00:00 EST,41.24036,-74.39056,539,34.6,35.0,27.7,81.2,29.5,0.000,0.397,0.00,0.000,8.1,14.3,1.9,293,15,8.6,15.3,1.9,300,13,8.6,15.3,1.9,300,13,0,29.46,0.1,0,0,0,43.7,48.0,50.8,0.34,0.33,0.26
WARW,2019-11-08 00:05:00 EST,41.24036,-74.39056,539,34.5,34.9,27.4,81.3,29.3,0.000,0.000,0.00,0.000,8.3,13.7,2.0,286,12,8.9,16.2,2.2,294,10,8.9,16.2,2.2,294,10,0,29.46,0.1,0,0,0,43.5,48.0,50.7,0.34,0.33,0.25
WARW,2019-11-08 00:10:00 EST,41.24036,-74.39056,539,34.1,34.6,27.3,83.2,29.5,0.000,0.000,0.00,0.000,7.6,10.7,1.4,282,11,8.1,12.6,1.7,288,10,8.1,12.6,1.7,288,10,0,29.46,0.0,0,0,0,43.5,48.0,50.8,0.34,0.33,0.25
WARW,2019-11-08 00:15:00 EST,41.24036,-74.39056,539,33.9,34.4,27.5,84.2,29.7,0.000,0.000,0.00,0.000,7.2,9.7,1.3,288,10,7.5,10.0,1.3,296,9,7.5,10.0,1.3,296,9,0,29.46,0.1,0,0,0,43.4,48.0,50.7,0.34,0.33,0.25
WARW,2019-11-08 00:20:00 EST,41.24036,-74.39056,539,34.0,34.3,26.6,83.4,29.5,0.000,0.000,0.00,0.000,8.8,15.5,1.9,295,12,9.2,15.9,2.1,302,12,9.2,15.9,2.1,302,12,0,29.45,0.1,0,0,0,43.3,48.0,50.7,0.34,0.33,0.25
WARW,2019-11-08 00:25:00 EST,41.24036,-74.39056,539,33.7,34.1,26.8,83.7,29.3,0.000,0.000,0.00,0.000,7.8,11.3,1.4,298,11,8.3,11.3,1.3,306,9,8.3,11.3,1.3,306,9,0,29.45,0.0,0,0,0,43.2,48.0,50.7,0.34,0.33,0.25
WARW,2019-11-08 00:30:00 EST,41.24036,-74.39056,539,34.0,34.2,25.9,82.3,29.2,0.000,0.000,0.00,0.000,10.3,15.1,2.2,305,10,10.7,15.9,2.2,312,8,10.7,15.9,2.2,312,8,0,29.45,0.0,0,0,0,43.2,48.0,50.8,0.34,0.33,0.26
WARW,2019-11-08 00:35:00 EST,41.24036,-74.39056,539,33.9,34.1,26.8,82.1,29.0,0.000,0.000,0.00,0.000,8.2,13.7,1.9,302,11,8.6,13.6,1.7,311,9,8.6,13.6,1.7,311,9,0,29.45,0.0,0,0,0,43.0,48.0,50.7,0.34,0.33,0.26
WARW,2019-11-08 00:40:00 EST,41.24036,-74.39056,539,33.8,33.9,26.5,83.1,29.2,0.000,0.000,0.00,0.000,8.6,14.8,1.7,304,11,8.9,15.0,1.7,311,10,8.9,15.0,1.7,311,10,0,29.45,0.0,0,0,0,42.9,47.9,50.7,0.34,0.33,0.25
WARW,2019-11-08 00:45:00 EST,41.24036,-74.39056,539,33.7,33.9,26.8,82.6,29.0,0.000,0.000,0.00,0.000,8.0,11.4,1.2,298,10,8.2,12.0,1.2,307,10,8.2,12.0,1.2,307,10,0,29.45,0.0,0,0,0,42.8,47.9,50.7,0.34,0.33,0.25
WARW,2019-11-08 00:50:00 EST,41.24036,-74.39056,539,33.5,33.8,27.1,82.7,28.8,0.000,0.000,0.00,0.000,7.0,10.3,1.3,297,9,7.3,13.1,1.4,305,10,7.3,13.1,1.4,305,10,0,29.45,0.0,0,0,0,42.8,47.9,50.7,0.34,0.33,0.26
WARW,2019-11-08 00:55:00 EST,41.24036,-74.39056,539,33.3,33.6,27.2,83.0,28.7,0.000,0.000,0.00,0.000,6.5,10.6,1.5,299,12,6.8,11.0,1.5,306,11,6.8,11.0,1.5,306,11,0,29.45,0.0,0,0,0,42.6,48.0,50.7,0.34,0.33,0.25
WARW,2019-11-08 01:00:00 EST,41.24036,-74.39056,539,33.2,33.5,26.9,82.7,28.5,0.000,0.000,0.00,0.000,6.5,10.3,1.8,300,19,7.1,12.2,1.8,307,17,7.1,12.2,1.8,307,17,0,29.46,0.1,0,0,0,42.6,47.9,50.7,0.34,0.33,0.25
WARW,2019-11-08 01:05:00 EST,41.24036,-74.39056,539,33.2,33.5,25.9,80.6,27.9,0.000,0.000,0.00,0.000,8.7,17.2,3.0,308,18,8.9,18.2,3.0,317,17,8.9,18.2,3.0,317,17,0,29.46,0.1,0,0,0,42.5,47.9,50.7,0.34,0.33,0.26
WARW,2019-11-08 01:10:00 EST,41.24036,-74.39056,539,33.2,33.3,25.4,75.5,26.3,0.000,0.000,0.00,0.000,9.3,15.2,2.6,310,14,9.6,14.7,2.4,317,13,9.6,14.7,2.4,317,13,0,29.46,0.0,0,0,0,42.4,47.9,50.7,0.34,0.33,0.25
WARW,2019-11-08 01:15:00 EST,41.24036,-74.39056,539,33.1,33.3,25.2,70.5,24.5,0.000,0.000,0.00,0.000,9.4,16.4,2.4,310,15,9.7,15.6,2.3,317,12,9.7,15.6,2.3,317,12,0,29.46,0.0,0,0,0,42.4,47.9,50.8,0.34,0.33,0.25
WARW,2019-11-08 01:20:00 EST,41.24036,-74.39056,539,33.0,33.2,23.7,67.0,23.2,0.000,0.000,0.00,0.000,12.2,19.4,3.0,306,12,12.6,18.9,2.9,314,11,12.6,18.9,2.9,314,11,0,29.46,0.1,0,0,0,42.3,47.8,50.7,0.34,0.33,0.25
WARW,2019-11-08 01:25:00 EST,41.24036,-74.39056,539,32.8,33.0,24.6,64.2,22.0,0.000,0.000,0.00,0.000,10.0,16.0,2.5,315,12,10.3,18.5,2.5,324,13,10.3,18.5,2.5,324,13,0,29.46,0.1,0,0,0,42.2,47.8,50.7,0.34,0.33,0.25
WARW,2019-11-08 01:30:00 EST,41.24036,-74.39056,539,32.8,33.1,24.2,62.5,21.4,0.000,0.000,0.00,0.000,10.8,16.3,2.1,311,12,11.1,16.8,2.1,318,12,11.1,16.8,2.1,318,12,0,29.47,0.1,0,0,0,42.1,47.8,50.7,0.34,0.33,0.25
WARW,2019-11-08 01:35:00 EST,41.24036,-74.39056,539,32.8,33.0,24.2,61.1,20.8,0.000,0.000,0.00,0.000,10.9,15.6,2.0,308,11,11.1,15.3,2.1,316,10,11.1,15.3,2.1,316,10,0,29.47,0.1,0,0,0,42.0,47.8,50.7,0.34,0.33,0.26
WARW,2019-11-08 01:40:00 EST,41.24036,-74.39056,539,32.4,32.7,24.8,62.6,21.0,0.000,0.000,0.00,0.000,8.5,13.3,1.7,309,10,8.9,13.5,1.5,316,10,8.9,13.5,1.5,316,10,0,29.47,0.0,0,0,0,41.9,47.8,50.7,0.34,0.33,0.26
WARW,2019-11-08 01:45:00 EST,41.24036,-74.39056,539,32.0,32.4,25.0,64.3,21.3,0.000,0.000,0.00,0.000,7.4,11.4,1.4,312,12,7.7,11.7,1.5,321,9,7.7,11.7,1.5,321,9,0,29.47,0.0,0,0,0,41.7,47.8,50.7,0.34,0.33,0.25
WARW,2019-11-08 01:50:00 EST,41.24036,-74.39056,539,31.8,32.1,23.8,64.8,21.3,0.000,0.000,0.00,0.000,9.1,14.0,1.9,311,10,9.6,15.4,2.1,318,9,9.6,15.4,2.1,318,9,0,29.47,0.1,0,0,0,41.7,47.8,50.7,0.34,0.33,0.25
WARW,2019-11-08 01:55:00 EST,41.24036,-74.39056,539,31.8,32.2,22.7,62.7,20.6,0.000,0.000,0.00,0.000,11.6,16.4,1.9,307,9,11.8,16.3,1.8,315,9,11.8,16.3,1.8,315,9,0,29.47,0.1,0,0,0,41.6,47.8,50.7,0.34,0.33,0.25
WARW,2019-11-08 02:00:00 EST,41.24036,-74.39056,539,31.8,32.1,22.5,61.7,20.1,0.000,0.000,0.00,0.000,11.6,17.3,2.2,304,14,11.9,17.5,2.4,312,13,11.9,17.5,2.4,312,13,0,29.47,0.0,0,0,0,41.5,47.7,50.7,0.34,0.33,0.25
WARW,2019-11-08 02:05:00 EST,41.24036,-74.39056,539,31.6,31.9,22.8,61.9,20.0,0.000,0.000,0.00,0.000,10.5,15.9,2.4,308,11,10.9,16.3,2.5,315,10,10.9,16.3,2.5,315,10,0,29.47,0.0,0,0,0,41.4,47.7,50.7,0.34,0.33,0.25
WARW,2019-11-08 02:10:00 EST,41.24036,-74.39056,539,31.6,31.8,23.1,61.8,20.0,0.000,0.000,0.00,0.000,10.0,15.3,2.1,311,12,10.2,15.7,2.1,318,10,10.2,15.7,2.1,318,10,0,29.47,0.0,0,0,0,41.4,47.5,50.7,0.34,0.33,0.26
WARW,2019-11-08 02:15:00 EST,41.24036,-74.39056,539,31.3,31.5,24.4,62.6,20.0,0.000,0.000,0.00,0.000,7.1,10.5,1.5,308,11,7.4,10.6,1.5,315,9,7.4,10.6,1.5,315,9,0,29.47,0.0,0,0,0,41.2,47.6,50.7,0.34,0.33,0.26
WARW,2019-11-08 02:20:00 EST,41.24036,-74.39056,539,31.0,31.4,24.1,64.0,20.2,0.000,0.000,0.00,0.000,6.9,10.2,1.4,298,11,7.2,10.5,1.5,306,10,7.2,10.5,1.5,306,10,0,29.47,0.0,0,0,0,41.1,47.6,50.7,0.34,0.33,0.25
WARW,2019-11-08 02:25:00 EST,41.24036,-74.39056,539,30.7,31.2,24.5,65.6,20.5,0.000,0.000,0.00,0.000,6.0,8.3,0.9,303,8,6.2,8.4,0.9,312,7,6.2,8.4,0.9,312,7,0,29.47,-0.1,0,0,0,41.0,47.6,50.7,0.34,0.33,0.26
WARW,2019-11-08 02:30:00 EST,41.24036,-74.39056,539,30.3,30.9,25.8,68.0,21.0,0.000,0.000,0.00,0.000,4.1,6.3,0.7,302,9,4.3,6.8,0.8,310,8,4.3,6.8,0.8,310,8,0,29.47,0.0,0,0,0,41.0,47.5,50.7,0.34,0.33,0.25
WARW,2019-11-08 02:35:00 EST,41.24036,-74.39056,539,30.0,30.8,24.2,69.1,21.1,0.000,0.000,0.00,0.000,5.2,7.0,0.8,300,8,5.5,7.8,0.8,308,8,5.5,7.8,0.8,308,8,0,29.47,-0.1,0,0,0,41.0,47.5,50.7,0.34,0.33,0.26
WARW,2019-11-08 02:40:00 EST,41.24036,-74.39056,539,29.8,30.7,22.9,70.3,21.3,0.000,0.000,0.00,0.000,6.7,9.3,1.3,293,9,6.9,9.7,1.4,302,9,6.9,9.7,1.4,302,9,0,29.47,0.1,0,0,0,40.9,47.5,50.7,0.34,0.33,0.25
WARW,2019-11-08 02:45:00 EST,41.24036,-74.39056,539,29.2,30.5,22.8,70.8,20.9,0.000,0.000,0.00,0.000,5.9,7.5,0.6,288,7,6.2,7.9,0.6,296,7,6.2,7.9,0.6,296,7,0,29.47,-0.1,0,0,0,40.8,47.5,50.7,0.34,0.33,0.26
WARW,2019-11-08 02:50:00 EST,41.24036,-74.39056,539,28.7,30.5,22.2,73.0,21.2,0.000,0.000,0.00,0.000,5.8,6.4,0.3,281,5,6.1,6.9,0.4,290,4,6.1,6.9,0.4,290,4,0,29.47,-0.0,0,0,0,40.6,47.4,50.7,0.34,0.33,0.26
WARW,2019-11-08 02:55:00 EST,41.24036,-74.39056,539,28.9,30.4,22.6,73.1,21.3,0.000,0.000,0.00,0.000,5.6,8.1,0.7,280,8,5.9,8.8,0.7,289,7,5.9,8.8,0.7,289,7,0,29.47,0.0,0,0,0,40.6,47.4,50.7,0.34,0.33,0.26
WARW,2019-11-08 03:00:00 EST,41.24036,-74.39056,539,29.6,30.5,23.3,69.3,20.8,0.000,0.000,0.00,0.000,5.8,8.3,1.0,288,14,6.1,8.4,1.0,296,13,6.1,8.4,1.0,296,13,0,29.47,-0.1,0,0,0,40.6,47.4,50.7,0.34,0.33,0.26
WARW,2019-11-08 03:05:00 EST,41.24036,-74.39056,539,29.3,30.4,23.7,68.8,20.3,0.000,0.000,0.00,0.000,4.9,7.7,1.2,277,9,5.2,8.0,1.2,285,8,5.2,8.0,1.2,285,8,0,29.47,-0.0,0,0,0,40.4,47.5,50.7,0.34,0.33,0.26
WARW,2019-11-08 03:10:00 EST,41.24036,-74.39056,539,29.0,30.2,25.2,70.7,20.6,0.000,0.000,0.00,0.000,3.3,4.6,0.6,273,12,3.5,5.7,0.7,282,12,3.5,5.7,0.7,282,12,0,29.47,-0.1,0,0,0,40.5,47.5,50.7,0.34,0.33,0.26
WARW,2019-11-08 03:15:00 EST,41.24036,-74.39056,539,29.1,30.1,25.3,69.1,20.2,0.000,0.000,0.00,0.000,3.3,4.7,0.7,277,18,3.5,5.1,0.7,286,18,3.5,5.1,0.7,286,18,0,29.47,-0.0,0,0,0,40.3,47.5,50.7,0.34,0.33,0.26
WARW,2019-11-08 03:20:00 EST,41.24036,-74.39056,539,28.8,30.0,28.8,70.3,20.4,0.000,0.000,0.00,0.000,2.7,4.1,0.4,273,11,2.9,4.4,0.5,283,10,2.9,4.4,0.5,283,10,0,29.47,-0.0,0,0,0,40.3,47.4,50.7,0.33,0.33,0.26
WARW,2019-11-08 03:25:00 EST,41.24036,-74.39056,539,29.2,30.1,29.2,69.5,20.5,0.000,0.000,0.00,0.000,2.5,3.7,0.4,277,6,2.7,4.0,0.5,287,7,2.7,4.0,0.5,287,7,0,29.47,-0.0,0,0,0,40.3,47.4,50.7,0.33,0.33,0.26
WARW,2019-11-08 03:30:00 EST,41.24036,-74.39056,539,28.9,29.9,25.5,69.5,20.2,0.000,0.000,0.00,0.000,3.0,3.7,0.4,278,7,3.2,4.1,0.4,288,8,3.2,4.1,0.4,288,8,0,29.46,-0.1,0,0,0,40.2,47.3,50.7,0.33,0.33,0.26
WARW,2019-11-08 03:35:00 EST,41.24036,-74.39056,539,28.4,29.6,24.5,71.1,20.2,0.000,0.000,0.00,0.000,3.3,4.7,0.5,275,6,3.5,5.6,0.6,285,7,3.5,5.6,0.6,285,7,0,29.47,-0.0,0,0,0,40.1,47.3,50.7,0.33,0.33,0.26
WARW,2019-11-08 03:40:00 EST,41.24036,-74.39056,539,27.6,29.0,23.7,75.7,20.9,0.000,0.000,0.00,0.000,3.3,4.2,0.5,276,6,3.4,4.6,0.6,286,6,3.4,4.6,0.6,286,6,0,29.47,-0.0,0,0,0,40.0,47.3,50.7,0.33,0.33,0.26
WARW,2019-11-08 03:45:00 EST,41.24036,-74.39056,539,27.6,28.7,23.2,81.9,22.8,0.000,0.000,0.00,0.000,3.6,4.3,0.4,273,5,3.8,4.6,0.4,283,6,3.8,4.6,0.4,283,6,0,29.47,-0.0,0,0,0,39.9,47.3,50.7,0.33,0.33,0.26
WARW,2019-11-08 03:50:00 EST,41.24036,-74.39056,539,27.4,28.3,23.6,86.9,24.0,0.000,0.000,0.00,0.000,3.2,3.9,0.3,270,6,3.4,4.5,0.4,279,7,3.4,4.5,0.4,279,7,0,29.47,-0.0,0,0,0,39.9,47.3,50.7,0.33,0.33,0.26
WARW,2019-11-08 03:55:00 EST,41.24036,-74.39056,539,27.4,28.7,23.1,83.7,23.1,0.000,0.000,0.00,0.000,3.5,4.0,0.3,274,7,3.7,4.3,0.3,283,7,3.7,4.3,0.3,283,7,0,29.47,-0.0,0,0,0,39.9,47.3,50.7,0.33,0.33,0.26
WARW,2019-11-08 04:00:00 EST,41.24036,-74.39056,539,27.0,28.2,22.2,84.1,22.8,0.000,0.000,0.00,0.000,3.9,6.3,0.8,276,7,4.1,6.5,0.9,285,7,4.1,6.5,0.9,285,7,0,29.47,-0.1,0,0,0,39.9,47.3,50.7,0.33,0.33,0.26
WARW,2019-11-08 04:05:00 EST,41.24036,-74.39056,539,26.7,28.5,20.3,81.5,21.8,0.000,0.000,0.00,0.000,5.2,8.0,1.0,277,8,5.6,9.0,1.1,285,8,5.6,9.0,1.1,285,8,0,29.47,-0.0,0,0,0,39.7,47.2,50.7,0.33,0.33,0.26
WARW,2019-11-08 04:10:00 EST,41.24036,-74.39056,539,26.9,28.4,21.1,79.8,21.5,0.000,0.000,0.00,0.000,4.7,6.9,0.6,284,9,5.0,7.1,0.7,293,8,5.0,7.1,0.7,293,8,0,29.47,-0.0,0,0,0,39.7,47.0,50.7,0.33,0.33,0.26
WARW,2019-11-08 04:15:00 EST,41.24036,-74.39056,539,26.9,28.5,21.0,78.9,21.3,0.000,0.000,0.00,0.000,4.8,6.3,0.6,283,7,5.1,7.0,0.6,292,7,5.1,7.0,0.6,292,7,0,29.47,-0.0,0,0,0,39.7,47.1,50.7,0.33,0.33,0.26
WARW,2019-11-08 04:20:00 EST,41.24036,-74.39056,539,26.7,28.6,19.8,79.3,21.2,0.000,0.000,0.00,0.000,5.8,8.4,0.9,280,7,6.2,8.7,0.9,288,6,6.2,8.7,0.9,288,6,0,29.48,-0.0,0,0,0,39.6,47.1,50.7,0.33,0.33,0.26
WARW,2019-11-08 04:25:00 EST,41.24036,-74.39056,539,27.3,28.5,19.6,79.1,21.6,0.000,0.000,0.00,0.000,6.9,9.1,1.0,279,8,7.2,9.8,1.1,287,7,7.2,9.8,1.1,287,7,0,29.48,0.0,0,0,0,39.6,47.1,50.7,0.33,0.33,0.26
WARW,2019-11-08 04:30:00 EST,41.24036,-74.39056,539,27.7,28.6,19.4,77.6,21.6,0.000,0.000,0.00,0.000,7.9,10.9,1.4,283,8,8.3,11.3,1.3,289,6,8.3,11.3,1.3,289,6,0,29.48,0.0,0,0,0,39.6,47.1,50.7,0.33,0.33,0.26
WARW,2019-11-08 04:35:00 EST,41.24036,-74.39056,539,27.5,28.4,19.4,78.1,21.5,0.000,0.000,0.00,0.000,7.5,10.2,1.0,281,6,7.9,10.7,1.0,289,5,7.9,10.7,1.0,289,5,0,29.48,-0.0,0,0,0,39.5,47.1,50.7,0.33,0.33,0.26
WARW,2019-11-08 04:40:00 EST,41.24036,-74.39056,539,27.4,28.3,19.5,78.4,21.6,0.000,0.000,0.00,0.000,7.2,9.4,0.9,284,7,7.6,9.9,1.0,292,6,7.6,9.9,1.0,292,6,0,29.48,0.1,0,0,0,39.5,47.1,50.7,0.33,0.33,0.26
WARW,2019-11-08 04:45:00 EST,41.24036,-74.39056,539,27.5,28.3,19.3,78.3,21.6,0.000,0.000,0.00,0.000,7.6,9.7,1.0,281,8,8.0,10.4,1.1,290,7,8.0,10.4,1.1,290,7,0,29.49,0.1,0,0,0,39.4,47.1,50.7,0.33,0.33,0.26
WARW,2019-11-08 04:50:00 EST,41.24036,-74.39056,539,27.3,28.2,19.9,78.2,21.4,0.000,0.000,0.00,0.000,6.5,9.8,1.0,283,8,6.9,10.3,1.1,292,7,6.9,10.3,1.1,292,7,0,29.49,0.1,0,0,0,39.4,47.1,50.7,0.33,0.33,0.26
WARW,2019-11-08 04:55:00 EST,41.24036,-74.39056,539,27.3,28.2,20.1,78.8,21.6,0.000,0.000,0.00,0.000,6.5,8.7,0.9,287,9,6.7,9.5,0.9,295,8,6.7,9.5,0.9,295,8,0,29.49,-0.0,0,0,0,39.2,47.0,50.7,0.33,0.33,0.26
WARW,2019-11-08 05:00:00 EST,41.24036,-74.39056,539,27.2,28.1,20.4,78.4,21.4,0.000,0.000,0.00,0.000,5.9,7.8,0.9,289,8,6.2,8.3,0.9,298,7,6.2,8.3,0.9,298,7,0,29.49,0.0,0,0,0,39.2,47.1,50.7,0.33,0.33,0.25
WARW,2019-11-08 05:05:00 EST,41.24036,-74.39056,539,27.0,28.0,20.9,78.8,21.3,0.000,0.000,0.00,0.000,5.1,7.0,0.7,285,9,5.4,7.6,0.8,294,8,5.4,7.6,0.8,294,8,0,29.49,-0.0,0,0,0,39.2,47.0,50.7,0.33,0.33,0.26
WARW,2019-11-08 05:10:00 EST,41.24036,-74.39056,539,26.8,28.0,20.1,79.7,21.3,0.000,0.000,0.00,0.000,5.6,7.1,0.7,281,9,6.0,7.9,0.7,290,8,6.0,7.9,0.7,290,8,0,29.49,0.0,0,0,0,39.2,47.0,50.7,0.33,0.33,0.26
WARW,2019-11-08 05:15:00 EST,41.24036,-74.39056,539,26.7,28.0,19.9,79.8,21.3,0.000,0.000,0.00,0.000,5.7,8.3,1.0,280,8,6.1,9.2,1.1,287,7,6.1,9.2,1.1,287,7,0,29.49,0.2,0,0,0,39.2,47.0,50.7,0.33,0.33,0.26
WARW,2019-11-08 05:20:00 EST,41.24036,-74.39056,539,27.0,27.9,20.0,79.6,21.6,0.000,0.000,0.00,0.000,6.0,8.1,0.8,283,10,6.4,8.6,0.9,291,8,6.4,8.6,0.9,291,8,0,29.49,0.0,0,0,0,39.2,47.0,50.7,0.33,0.33,0.26
WARW,2019-11-08 05:25:00 EST,41.24036,-74.39056,539,26.7,27.8,20.1,80.3,21.5,0.000,0.000,0.00,0.000,5.5,7.7,0.9,283,9,5.8,8.5,1.0,291,7,5.8,8.5,1.0,291,7,0,29.49,0.0,0,0,0,39.2,46.9,50.7,0.33,0.33,0.25
WARW,2019-11-08 05:30:00 EST,41.24036,-74.39056,539,26.6,27.7,19.5,81.0,21.6,0.000,0.000,0.00,0.000,6.0,7.7,0.7,284,6,6.3,8.3,0.7,291,5,6.3,8.3,0.7,291,5,0,29.50,0.0,0,0,0,39.1,46.9,50.7,0.33,0.33,0.26
WARW,2019-11-08 05:35:00 EST,41.24036,-74.39056,539,26.8,27.7,18.9,81.5,21.9,0.000,0.000,0.00,0.000,7.1,9.2,0.9,284,7,7.5,10.1,1.0,292,6,7.5,10.1,1.0,292,6,0,29.50,0.1,0,0,0,39.0,46.9,50.7,0.33,0.33,0.26
WARW,2019-11-08 05:40:00 EST,41.24036,-74.39056,539,27.4,27.8,19.3,81.6,22.5,0.000,0.000,0.00,0.000,7.5,9.9,1.0,282,8,7.9,10.2,1.1,290,7,7.9,10.2,1.1,290,7,0,29.50,0.1,0,0,0,39.0,46.8,50.7,0.33,0.33,0.26
WARW,2019-11-08 05:45:00 EST,41.24036,-74.39056,539,27.6,27.9,19.8,82.1,22.9,0.000,0.000,0.00,0.000,7.2,11.0,1.3,282,8,7.6,10.7,1.3,290,7,7.6,10.7,1.3,290,7,0,29.50,0.1,0,0,0,39.0,46.8,50.7,0.33,0.33,0.26
WARW,2019-11-08 05:50:00 EST,41.24036,-74.39056,539,27.9,28.1,20.9,81.3,23.0,0.000,0.000,0.00,0.000,6.3,9.5,1.2,281,9,6.6,10.0,1.2,289,8,6.6,10.0,1.2,289,8,0,29.50,0.1,0,0,0,39.0,46.7,50.7,0.33,0.33,0.26
WARW,2019-11-08 05:55:00 EST,41.24036,-74.39056,539,28.0,28.2,21.1,81.7,23.1,0.000,0.000,0.00,0.000,6.0,8.6,0.9,276,8,6.3,9.8,1.0,285,7,6.3,9.8,1.0,285,7,0,29.50,0.1,0,0,0,39.0,46.8,50.7,0.33,0.33,0.26
WARW,2019-11-08 06:00:00 EST,41.24036,-74.39056,539,27.9,28.2,20.4,82.1,23.1,0.000,0.000,0.00,0.000,6.7,9.6,1.2,277,8,7.1,10.5,1.3,286,6,7.1,10.5,1.3,286,6,0,29.50,0.1,0,0,0,38.8,46.8,50.7,0.33,0.33,0.26
WARW,2019-11-08 06:05:00 EST,41.24036,-74.39056,539,27.8,28.2,20.0,82.4,23.2,0.000,0.000,0.00,0.000,7.2,9.4,0.9,274,9,7.6,9.9,1.0,282,8,7.6,9.9,1.0,282,8,0,29.51,0.1,0,0,0,38.8,46.7,50.6,0.33,0.33,0.26
WARW,2019-11-08 06:10:00 EST,41.24036,-74.39056,539,28.0,28.2,19.6,83.2,23.6,0.000,0.000,0.00,0.000,8.2,11.6,1.1,280,8,8.6,12.0,1.2,287,7,8.6,12.0,1.2,287,7,0,29.51,0.1,0,0,0,38.8,46.7,50.7,0.33,0.33,0.26
WARW,2019-11-08 06:15:00 EST,41.24036,-74.39056,539,28.1,28.3,20.1,82.9,23.6,0.000,0.000,0.00,0.000,7.6,10.3,1.3,278,8,8.0,11.0,1.4,286,7,8.0,11.0,1.4,286,7,0,29.51,0.1,0,0,0,38.8,46.7,50.6,0.33,0.33,0.25
WARW,2019-11-08 06:20:00 EST,41.24036,-74.39056,539,28.2,28.4,20.7,82.6,23.6,0.000,0.000,0.00,0.000,6.7,10.3,1.4,272,10,7.2,11.5,1.6,280,9,7.2,11.5,1.6,280,9,0,29.51,0.0,0,0,0,38.8,46.8,50.6,0.33,0.33,0.25
WARW,2019-11-08 06:25:00 EST,41.24036,-74.39056,539,28.0,28.4,20.6,81.9,23.2,0.000,0.000,0.00,0.000,6.6,9.6,1.1,271,11,7.1,10.7,1.3,279,11,7.1,10.7,1.3,279,11,0,29.51,0.1,0,0,0,38.7,46.8,50.5,0.33,0.33,0.25
WARW,2019-11-08 06:30:00 EST,41.24036,-74.39056,539,27.7,28.3,20.4,82.1,23.0,0.000,0.000,0.00,0.000,6.6,9.1,1.0,280,9,7.0,9.9,1.0,288,9,7.0,9.9,1.0,288,9,1,29.51,0.0,0,0,0,38.7,46.7,50.6,0.33,0.33,0.26
WARW,2019-11-08 06:35:00 EST,41.24036,-74.39056,539,27.5,28.2,20.0,83.1,23.0,0.000,0.000,0.00,0.000,6.6,8.8,1.1,277,8,7.0,9.3,1.1,286,7,7.0,9.3,1.1,286,7,3,29.52,-0.0,0,0,0,38.7,46.6,50.5,0.33,0.33,0.26
WARW,2019-11-08 06:40:00 EST,41.24036,-74.39056,539,27.0,28.0,20.7,83.4,22.6,0.000,0.000,0.00,0.000,5.1,6.5,0.6,271,7,5.5,6.8,0.6,279,7,5.5,6.8,0.6,279,7,4,29.52,0.1,0,0,0,38.7,46.7,50.6,0.33,0.33,0.25
WARW,2019-11-08 06:45:00 EST,41.24036,-74.39056,539,27.0,27.9,22.0,84.1,22.9,0.000,0.000,0.00,0.000,4.0,5.2,0.7,260,10,4.3,5.9,0.8,268,10,4.3,5.9,0.8,268,10,7,29.52,0.0,0,0,0,38.7,46.6,50.5,0.33,0.33,0.26
WARW,2019-11-08 06:50:00 EST,41.24036,-74.39056,539,27.1,27.9,22.9,84.1,23.0,0.000,0.000,0.00,0.000,3.4,4.5,0.4,249,8,3.6,5.1,0.5,258,8,3.6,5.1,0.5,258,8,10,29.52,0.0,0,0,0,38.7,46.6,50.6,0.33,0.33,0.25
WARW,2019-11-08 06:55:00 EST,41.24036,-74.39056,539,27.1,28.0,21.8,83.4,22.7,0.000,0.000,0.00,0.000,4.2,5.4,0.6,255,8,4.5,6.1,0.6,263,9,4.5,6.1,0.6,263,9,14,29.52,0.0,0,0,0,38.6,46.6,50.5,0.33,0.33,0.26
WARW,2019-11-08 07:00:00 EST,41.24036,-74.39056,539,27.0,28.1,20.6,83.8,22.7,0.000,0.000,0.00,0.000,5.3,11.5,2.4,263,11,5.7,13.0,2.6,272,10,5.7,13.0,2.6,272,10,21,29.53,0.1,0,0,0,38.5,46.3,50.5,0.33,0.33,0.25
WARW,2019-11-08 07:05:00 EST,41.24036,-74.39056,539,27.8,28.2,21.4,82.5,23.2,0.000,0.000,0.00,0.000,5.5,11.4,1.7,284,10,5.8,12.3,1.8,292,10,5.8,12.3,1.8,292,10,53,29.53,0.1,0,0,0,38.5,46.5,50.6,0.32,0.33,0.25
WARW,2019-11-08 07:10:00 EST,41.24036,-74.39056,539,28.1,28.3,22.4,82.4,23.4,0.000,0.000,0.00,0.000,4.7,6.5,0.9,273,10,5.0,7.0,0.9,282,10,5.0,7.0,0.9,282,10,42,29.53,0.1,0,0,0,38.5,46.4,50.5,0.32,0.33,0.26
WARW,2019-11-08 07:15:00 EST,41.24036,-74.39056,539,28.6,28.6,22.8,81.3,23.6,0.000,0.000,0.00,0.000,4.9,10.0,1.8,279,14,5.2,10.5,1.9,288,13,5.2,10.5,1.9,288,13,47,29.53,0.1,0,0,0,38.5,46.3,50.5,0.32,0.33,0.25
WARW,2019-11-08 07:20:00 EST,41.24036,-74.39056,539,28.9,28.9,23.5,80.0,23.5,0.000,0.000,0.00,0.000,4.6,7.7,1.7,292,19,4.9,8.4,1.8,300,19,4.9,8.4,1.8,300,19,21,29.53,0.1,0,0,0,38.5,46.4,50.5,0.32,0.33,0.26
WARW,2019-11-08 07:25:00 EST,41.24036,-74.39056,539,29.0,29.0,23.1,79.9,23.6,0.000,0.000,0.00,0.000,5.1,7.0,1.2,267,24,5.5,7.9,1.3,276,22,5.5,7.9,1.3,276,22,34,29.54,0.1,0,0,0,38.3,46.3,50.5,0.32,0.33,0.26
WARW,2019-11-08 07:30:00 EST,41.24036,-74.39056,539,29.2,29.2,22.2,78.7,23.4,0.000,0.000,0.00,0.000,6.3,10.2,2.2,264,12,6.8,11.8,2.3,272,10,6.8,11.8,2.3,272,10,34,29.54,0.1,0,0,0,38.3,46.4,50.5,0.32,0.33,0.26
WARW,2019-11-08 07:35:00 EST,41.24036,-74.39056,539,29.1,29.2,24.0,78.1,23.1,0.000,0.000,0.00,0.000,4.4,7.7,1.6,250,18,4.7,8.2,1.7,258,16,4.7,8.2,1.7,258,16,40,29.54,0.1,0,0,0,38.3,46.3,50.6,0.32,0.33,0.25
WARW,2019-11-08 07:40:00 EST,41.24036,-74.39056,539,29.0,29.1,22.5,78.5,23.2,0.000,0.000,0.00,0.000,5.8,8.5,1.3,277,12,6.2,8.9,1.3,285,12,6.2,8.9,1.3,285,12,46,29.54,0.1,0,0,0,38.3,46.4,50.5,0.32,0.33,0.26
WARW,2019-11-08 07:45:00 EST,41.24036,-74.39056,539,29.2,29.3,29.2,77.9,23.2,0.000,0.000,0.00,0.000,2.1,3.8,1.0,256,50,2.4,4.9,0.9,268,52,2.4,4.9,0.9,268,52,140,29.54,0.1,0,0,0,38.3,46.3,50.5,0.32,0.33,0.25
WARW,2019-11-08 07:50:00 EST,41.24036,-74.39056,539,29.5,29.4,25.2,77.3,23.3,0.000,0.000,0.00,0.000,3.8,7.9,1.7,278,21,4.1,8.6,1.8,287,20,4.1,8.6,1.8,287,20,80,29.54,0.1,0,0,0,38.3,46.3,50.6,0.32,0.33,0.25
WARW,2019-11-08 07:55:00 EST,41.24036,-74.39056,539,29.4,29.3,29.4,77.4,23.2,0.000,0.000,0.00,0.000,2.7,4.5,1.0,311,20,2.9,4.8,1.0,321,19,2.9,4.8,1.0,321,19,70,29.55,0.1,0,0,0,38.3,46.3,50.5,0.32,0.33,0.26
WARW,2019-11-08 08:00:00 EST,41.24036,-74.39056,539,29.3,29.3,24.0,78.6,23.5,0.000,0.000,0.00,0.000,4.4,6.5,1.2,271,23,4.9,6.9,1.0,282,24,4.9,6.9,1.0,282,24,108,29.55,0.1,0,0,0,38.3,46.3,50.5,0.32,0.33,0.26
WARW,2019-11-08 08:05:00 EST,41.24036,-74.39056,539,30.0,29.6,26.5,78.2,24.0,0.000,0.000,0.00,0.000,3.2,6.0,1.1,274,17,3.4,6.5,1.2,284,18,3.4,6.5,1.2,284,18,244,29.55,0.1,0,0,0,38.3,46.3,50.4,0.32,0.33,0.26
WARW,2019-11-08 08:10:00 EST,41.24036,-74.39056,539,30.4,30.0,26.7,75.4,23.6,0.000,0.000,0.00,0.000,3.2,5.6,1.3,274,15,3.6,6.6,1.4,283,15,3.6,6.6,1.4,283,15,199,29.55,0.1,0,0,0,38.3,46.1,50.5,0.32,0.33,0.26
WARW,2019-11-08 08:15:00 EST,41.24036,-74.39056,539,30.3,30.1,22.4,76.4,23.8,0.000,0.000,0.00,0.000,8.3,12.3,2.4,289,13,8.7,14.5,2.4,296,11,8.7,14.5,2.4,296,11,59,29.55,0.1,0,0,0,38.3,46.0,50.5,0.32,0.33,0.25
WARW,2019-11-08 08:20:00 EST,41.24036,-74.39056,539,30.2,30.1,22.0,77.0,23.9,0.000,0.000,0.00,0.000,8.5,15.0,2.7,285,11,9.0,15.3,3.0,292,11,9.0,15.3,3.0,292,11,52,29.55,0.1,0,0,0,38.3,46.0,50.5,0.32,0.33,0.26
WARW,2019-11-08 08:25:00 EST,41.24036,-74.39056,539,30.1,30.1,23.2,76.7,23.7,0.000,0.000,0.00,0.000,6.8,11.4,1.8,287,15,7.1,12.6,1.9,294,13,7.1,12.6,1.9,294,13,106,29.55,0.1,0,0,0,38.3,46.0,50.5,0.32,0.33,0.26
WARW,2019-11-08 08:30:00 EST,41.24036,-74.39056,539,30.6,30.4,22.3,75.8,23.9,0.000,0.000,0.00,0.000,8.9,16.5,2.6,291,13,9.4,18.0,2.9,297,13,9.4,18.0,2.9,297,13,201,29.55,0.1,0,0,0,38.3,46.0,50.5,0.32,0.33,0.26
WARW,2019-11-08 08:35:00 EST,41.24036,-74.39056,539,30.7,30.5,22.2,75.3,23.8,0.000,0.000,0.00,0.000,9.3,14.5,2.3,291,13,9.8,14.6,2.3,299,12,9.8,14.6,2.3,299,12,106,29.55,0.1,0,0,0,38.2,46.0,50.5,0.32,0.33,0.26
WARW,2019-11-08 08:40:00 EST,41.24036,-74.39056,539,30.9,30.7,21.3,74.9,23.9,0.000,0.000,0.00,0.000,11.8,17.2,2.6,289,10,12.2,17.5,2.6,295,9,12.2,17.5,2.6,295,9,201,29.55,0.1,0,0,0,38.3,45.9,50.5,0.32,0.33,0.26
WARW,2019-11-08 08:45:00 EST,41.24036,-74.39056,539,31.3,31.1,22.3,74.3,24.1,0.000,0.000,0.00,0.000,10.7,16.9,3.1,294,16,11.1,17.7,3.2,300,14,11.1,17.7,3.2,300,14,230,29.55,0.1,0,0,0,38.2,45.9,50.5,0.32,0.33,0.26
WARW,2019-11-08 08:50:00 EST,41.24036,-74.39056,539,31.5,31.2,20.9,71.3,23.3,0.000,0.000,0.00,0.000,14.4,22.4,3.4,285,14,15.1,23.2,3.5,291,12,15.1,23.2,3.5,291,12,216,29.55,0.1,0,0,0,38.1,45.9,50.5,0.32,0.33,0.26
WARW,2019-11-08 08:55:00 EST,41.24036,-74.39056,539,31.4,31.2,20.9,69.4,22.5,0.000,0.000,0.00,0.000,14.5,23.4,3.0,293,12,14.7,22.0,3.0,300,11,14.7,22.0,3.0,300,11,168,29.55,0.1,0,0,0,38.2,45.9,50.6,0.32,0.33,0.25
WARW,2019-11-08 09:00:00 EST,41.24036,-74.39056,539,32.0,31.7,23.1,68.2,22.7,0.000,0.000,0.00,0.000,11.0,17.0,2.3,295,16,11.4,18.3,2.4,303,15,11.4,18.3,2.4,303,15,318,29.55,0.1,0,0,0,38.1,45.9,50.5,0.32,0.33,0.26
WARW,2019-11-08 09:05:00 EST,41.24036,-74.39056,539,32.4,32.0,24.1,66.4,22.4,0.000,0.000,0.00,0.000,9.8,14.2,2.3,297,18,10.2,15.1,2.2,305,17,10.2,15.1,2.2,305,17,292,29.55,0.1,0,0,0,38.1,45.9,50.5,0.32,0.33,0.26
WARW,2019-11-08 09:10:00 EST,41.24036,-74.39056,539,32.7,32.3,24.8,63.8,21.8,0.000,0.000,0.00,0.000,9.1,13.1,1.7,298,19,9.7,13.7,1.7,306,16,9.7,13.7,1.7,306,16,194,29.55,0.1,0,0,0,38.1,45.9,50.5,0.32,0.33,0.26
WARW,2019-11-08 09:15:00 EST,41.24036,-74.39056,539,32.7,32.4,23.3,60.2,20.5,0.000,0.000,0.00,0.000,12.6,23.2,4.3,300,18,13.1,23.8,4.1,309,18,13.1,23.8,4.1,309,18,306,29.55,0.1,0,0,0,38.1,45.9,50.5,0.32,0.33,0.26
WARW,2019-11-08 09:20:00 EST,41.24036,-74.39056,539,32.8,32.5,22.9,56.2,18.9,0.000,0.000,0.00,0.000,13.7,21.0,3.5,309,16,14.2,22.0,3.5,315,16,14.2,22.0,3.5,315,16,297,29.55,0.1,0,0,0,38.1,45.9,50.5,0.32,0.33,0.26
WARW,2019-11-08 09:25:00 EST,41.24036,-74.39056,539,33.0,32.6,23.8,54.8,18.5,0.000,0.000,0.00,0.000,12.0,22.1,3.5,301,13,12.5,24.7,3.6,308,12,12.5,24.7,3.6,308,12,304,29.55,0.1,0,0,0,38.1,45.9,50.5,0.32,0.33,0.26
WARW,2019-11-08 09:30:00 EST,41.24036,-74.39056,539,32.9,32.6,24.2,54.7,18.3,0.000,0.000,0.00,0.000,11.0,15.9,2.1,303,15,11.3,17.5,2.1,310,12,11.3,17.5,2.1,310,12,151,29.56,0.1,0,0,0,38.1,45.8,50.5,0.32,0.33,0.26
WARW,2019-11-08 09:35:00 EST,41.24036,-74.39056,539,32.7,32.5,22.4,53.1,17.5,0.000,0.000,0.00,0.000,14.9,26.9,5.0,303,15,15.3,27.0,4.9,310,15,15.3,27.0,4.9,310,15,230,29.56,0.1,0,0,0,38.1,45.8,50.5,0.32,0.33,0.26
WARW,2019-11-08 09:40:00 EST,41.24036,-74.39056,539,33.1,32.6,23.1,51.7,17.2,0.000,0.000,0.00,0.000,14.3,23.7,4.0,309,18,14.8,23.9,4.0,316,17,14.8,23.9,4.0,316,17,420,29.56,0.2,0,0,0,38.2,45.8,50.5,0.32,0.33,0.26
WARW,2019-11-08 09:45:00 EST,41.24036,-74.39056,539,33.3,32.8,22.5,51.7,17.4,0.000,0.000,0.00,0.000,16.6,26.5,5.3,306,16,16.9,27.8,5.1,315,15,16.9,27.8,5.1,315,15,338,29.56,0.2,0,0,0,38.2,45.8,50.5,0.32,0.33,0.26
WARW,2019-11-08 09:50:00 EST,41.24036,-74.39056,539,33.7,33.1,24.0,52.7,18.3,0.000,0.000,0.00,0.000,13.8,23.1,3.0,297,14,14.4,23.8,2.9,304,14,14.4,23.8,2.9,304,14,327,29.56,0.1,0,0,0,38.3,45.7,50.5,0.32,0.33,0.26
WARW,2019-11-08 09:55:00 EST,41.24036,-74.39056,539,33.4,32.8,22.2,51.5,17.4,0.000,0.000,0.00,0.000,18.5,28.6,4.2,297,12,18.8,29.1,4.2,304,11,18.8,29.1,4.2,304,11,449,29.56,0.1,0,0,0,38.3,45.7,50.5,0.32,0.33,0.26
WARW,2019-11-08 10:00:00 EST,41.24036,-74.39056,539,33.4,32.9,23.2,51.9,17.6,0.000,0.000,0.00,0.000,15.2,24.5,3.2,293,13,15.6,25.2,3.0,300,11,15.6,25.2,3.0,300,11,399,29.56,0.1,0,0,0,38.3,45.7,50.5,0.32,0.33,0.26
WARW,2019-11-08 10:05:00 EST,41.24036,-74.39056,539,33.4,32.8,23.5,52.5,17.8,0.000,0.000,0.00,0.000,14.0,23.4,4.2,295,14,14.5,24.5,4.4,302,12,14.5,24.5,4.4,302,12,296,29.56,0.1,0,0,0,38.3,45.7,50.5,0.32,0.33,0.26
WARW,2019-11-08 10:10:00 EST,41.24036,-74.39056,539,33.4,32.8,23.7,52.3,17.8,0.000,0.000,0.00,0.000,13.5,21.8,3.2,297,20,14.1,22.3,3.5,304,19,14.1,22.3,3.5,304,19,243,29.56,0.1,0,0,0,38.3,45.7,50.4,0.32,0.33,0.26
WARW,2019-11-08 10:15:00 EST,41.24036,-74.39056,539,32.9,32.6,23.4,51.3,16.9,0.000,0.000,0.00,0.000,12.9,20.4,2.9,308,16,13.2,20.9,3.0,315,13,13.2,20.9,3.0,315,13,299,29.57,0.3,0,0,0,38.3,45.7,50.5,0.32,0.33,0.25
WARW,2019-11-08 10:20:00 EST,41.24036,-74.39056,539,33.8,33.0,24.9,52.8,18.4,0.000,0.000,0.00,0.000,12.0,22.0,3.1,305,18,12.5,22.1,2.8,313,17,12.5,22.1,2.8,313,17,305,29.57,0.0,0,0,0,38.4,45.6,50.4,0.32,0.33,0.25
WARW,2019-11-08 10:25:00 EST,41.24036,-74.39056,539,32.7,32.5,21.7,51.4,16.7,0.000,0.000,0.00,0.000,16.7,25.5,4.4,318,15,17.1,28.8,4.3,324,13,17.1,28.8,4.3,324,13,123,29.57,0.0,0,0,0,38.5,45.5,50.5,0.32,0.33,0.26
WARW,2019-11-08 10:30:00 EST,41.24036,-74.39056,539,32.8,32.3,22.2,49.7,16.1,0.000,0.000,0.00,0.000,16.1,25.4,3.2,313,17,16.2,26.0,3.2,321,15,16.2,26.0,3.2,321,15,468,29.57,0.1,0,0,0,38.6,45.5,50.4,0.32,0.33,0.25
WARW,2019-11-08 10:35:00 EST,41.24036,-74.39056,539,33.7,32.9,23.6,50.5,17.2,0.000,0.000,0.00,0.000,14.9,25.3,3.0,300,16,15.4,26.0,3.1,308,14,15.4,26.0,3.1,308,14,466,29.57,0.1,0,0,0,38.7,45.4,50.5,0.32,0.33,0.26
WARW,2019-11-08 10:40:00 EST,41.24036,-74.39056,539,33.4,32.7,22.4,52.2,17.7,0.000,0.000,0.00,0.000,17.2,23.9,2.6,286,12,17.8,26.3,2.7,293,10,17.8,26.3,2.7,293,10,369,29.57,0.1,0,0,0,38.7,45.4,50.5,0.32,0.33,0.26
WARW,2019-11-08 10:45:00 EST,41.24036,-74.39056,539,33.3,32.6,22.5,53.3,18.1,0.000,0.000,0.00,0.000,16.6,23.8,3.4,287,12,17.2,24.1,3.2,293,11,17.2,24.1,3.2,293,11,333,29.57,0.1,0,0,0,38.8,45.4,50.5,0.32,0.33,0.26
WARW,2019-11-08 10:50:00 EST,41.24036,-74.39056,539,33.1,32.5,21.5,52.8,17.7,0.000,0.000,0.00,0.000,19.3,26.1,3.3,288,11,19.8,27.7,3.1,295,10,19.8,27.7,3.1,295,10,347,29.57,0.1,0,0,0,38.8,45.4,50.4,0.32,0.33,0.26
WARW,2019-11-08 10:55:00 EST,41.24036,-74.39056,539,33.1,32.6,22.0,54.1,18.3,0.000,0.000,0.00,0.000,17.4,25.2,3.4,291,13,18.0,26.0,3.7,298,12,18.0,26.0,3.7,298,12,246,29.57,0.0,0,0,0,39.0,45.5,50.5,0.32,0.33,0.26
WARW,2019-11-08 11:00:00 EST,41.24036,-74.39056,539,33.0,32.4,22.2,54.0,18.1,0.000,0.000,0.00,0.000,16.2,23.2,3.1,296,13,16.8,23.8,3.0,302,11,16.8,23.8,3.0,302,11,321,29.58,0.1,0,0,0,39.0,45.5,50.4,0.32,0.33,0.25
WARW,2019-11-08 11:05:00 EST,41.24036,-74.39056,539,33.7,32.9,22.8,53.2,18.4,0.000,0.000,0.00,0.000,17.6,28.1,4.5,294,17,17.9,28.4,4.4,301,16,17.9,28.4,4.4,301,16,468,29.57,0.0,0,0,0,39.1,45.4,50.5,0.32,0.33,0.25
WARW,2019-11-08 11:10:00 EST,41.24036,-74.39056,539,33.8,33.0,23.1,51.3,17.7,0.000,0.000,0.00,0.000,17.2,26.2,3.6,302,12,17.6,25.3,3.5,311,11,17.6,25.3,3.5,311,11,435,29.58,0.1,0,0,0,39.2,45.4,50.5,0.32,0.33,0.26
WARW,2019-11-08 11:15:00 EST,41.24036,-74.39056,539,33.5,32.8,23.6,52.5,17.9,0.000,0.000,0.00,0.000,14.1,25.4,3.7,291,13,14.6,26.7,4.0,298,12,14.6,26.7,4.0,298,12,445,29.57,0.2,0,0,0,39.2,45.4,50.5,0.32,0.33,0.25
WARW,2019-11-08 11:20:00 EST,41.24036,-74.39056,539,34.4,33.4,24.5,54.0,19.4,0.000,0.000,0.00,0.000,14.6,22.5,2.9,303,17,15.2,24.6,2.9,309,16,15.2,24.6,2.9,309,16,522,29.57,-0.0,0,0,0,39.2,45.4,50.4,0.32,0.33,0.26
WARW,2019-11-08 11:25:00 EST,41.24036,-74.39056,539,33.6,32.8,23.2,56.4,19.7,0.000,0.000,0.00,0.000,15.4,25.1,3.2,294,14,16.2,24.4,3.1,302,11,16.2,24.4,3.1,302,11,304,29.57,0.0,0,0,0,39.3,45.4,50.4,0.32,0.33,0.26
WARW,2019-11-08 11:30:00 EST,41.24036,-74.39056,539,32.9,32.3,22.3,58.9,20.1,0.000,0.000,0.00,0.000,15.8,24.2,3.9,323,17,16.4,26.0,3.9,332,17,16.4,26.0,3.9,332,17,427,29.58,0.1,0,0,0,39.4,45.5,50.4,0.32,0.33,0.25
WARW,2019-11-08 11:35:00 EST,41.24036,-74.39056,539,32.9,32.2,22.5,59.3,20.3,0.000,0.000,0.00,0.000,14.9,24.1,3.2,318,21,15.6,26.0,3.2,326,18,15.6,26.0,3.2,326,18,523,29.58,0.2,0,0,0,39.6,45.4,50.4,0.32,0.33,0.26
WARW,2019-11-08 11:40:00 EST,41.24036,-74.39056,539,33.7,32.7,23.5,60.0,21.3,0.000,0.000,0.00,0.000,15.3,27.3,3.8,300,12,15.7,27.3,3.8,306,11,15.7,27.3,3.8,306,11,527,29.58,0.0,0,0,0,39.6,45.4,50.5,0.32,0.33,0.26
WARW,2019-11-08 11:45:00 EST,41.24036,-74.39056,539,33.2,32.3,22.4,56.8,19.5,0.000,0.000,0.00,0.000,16.6,25.2,3.9,308,17,17.2,29.1,4.0,315,15,17.2,29.1,4.0,315,15,527,29.58,0.2,0,0,0,39.8,45.5,50.5,0.32,0.33,0.25
WARW,2019-11-08 11:50:00 EST,41.24036,-74.39056,539,33.5,32.4,23.2,56.0,19.5,0.000,0.000,0.00,0.000,15.5,26.8,3.6,304,17,15.9,26.3,3.4,312,17,15.9,26.3,3.4,312,17,534,29.58,0.0,0,0,0,39.9,45.3,50.4,0.32,0.33,0.25
WARW,2019-11-08 11:55:00 EST,41.24036,-74.39056,539,33.5,32.6,23.5,54.6,18.9,0.000,0.000,0.00,0.000,14.7,21.6,2.7,296,15,15.1,22.4,2.8,302,14,15.1,22.4,2.8,302,14,564,29.57,0.3,0,0,0,40.1,45.4,50.5,0.32,0.33,0.26
WARW,2019-11-08 12:00:00 EST,41.24036,-74.39056,539,34.5,33.2,25.0,53.7,19.4,0.000,0.000,0.00,0.000,13.6,21.2,3.2,291,15,14.2,21.6,3.1,297,14,14.2,21.6,3.1,297,14,541,29.57,0.1,0,0,0,40.2,45.4,50.5,0.32,0.33,0.26
WARW,2019-11-08 12:05:00 EST,41.24036,-74.39056,539,33.8,33.0,24.6,51.9,18.0,0.000,0.000,0.00,0.000,12.8,19.0,2.6,302,14,13.1,19.0,2.4,309,13,13.1,19.0,2.4,309,13,281,29.57,-0.0,0,0,0,40.4,45.5,50.4,0.32,0.33,0.26
WARW,2019-11-08 12:10:00 EST,41.24036,-74.39056,539,32.9,32.6,23.1,53.2,17.8,0.000,0.000,0.00,0.000,13.7,22.7,3.8,304,14,14.3,25.0,3.7,312,13,14.3,25.0,3.7,312,13,107,29.57,0.0,0,0,0,40.6,45.4,50.4,0.32,0.33,0.26
WARW,2019-11-08 12:15:00 EST,41.24036,-74.39056,539,32.3,32.1,23.5,51.0,16.2,0.000,0.000,0.00,0.000,11.0,15.8,2.0,315,12,11.2,16.8,2.1,323,11,11.2,16.8,2.1,323,11,99,29.57,0.1,0,0,0,40.7,45.4,50.5,0.32,0.33,0.26
WARW,2019-11-08 12:20:00 EST,41.24036,-74.39056,539,32.0,31.8,22.6,49.4,15.2,0.000,0.000,0.00,0.000,11.7,20.8,4.0,309,16,12.4,21.2,3.8,316,13,12.4,21.2,3.8,316,13,110,29.57,0.0,0,0,0,40.8,45.4,50.4,0.32,0.33,0.26
WARW,2019-11-08 12:25:00 EST,41.24036,-74.39056,539,32.4,32.0,22.8,47.4,14.6,0.000,0.000,0.00,0.000,13.1,23.2,3.4,313,15,13.4,22.4,3.2,321,14,13.4,22.4,3.2,321,14,278,29.57,0.1,0,0,0,41.0,45.4,50.4,0.32,0.33,0.26
WARW,2019-11-08 12:30:00 EST,41.24036,-74.39056,539,33.2,32.5,23.9,47.5,15.4,0.000,0.000,0.00,0.000,12.3,19.6,2.7,301,19,12.9,18.6,2.7,308,19,12.9,18.6,2.7,308,19,469,29.57,0.1,0,0,0,41.0,45.4,50.4,0.32,0.33,0.26
WARW,2019-11-08 12:35:00 EST,41.24036,-74.39056,539,34.3,33.2,25.6,47.7,16.5,0.000,0.000,0.00,0.000,11.6,20.4,3.0,303,14,12.0,19.9,2.8,310,12,12.0,19.9,2.8,310,12,524,29.56,0.1,0,0,0,41.0,45.4,50.4,0.32,0.33,0.25
WARW,2019-11-08 12:40:00 EST,41.24036,-74.39056,539,34.3,33.4,24.9,46.3,15.9,0.000,0.000,0.00,0.000,13.7,17.9,2.0,291,14,14.2,20.8,2.3,299,13,14.2,20.8,2.3,299,13,522,29.56,0.1,0,0,0,41.0,45.4,50.4,0.32,0.33,0.25
WARW,2019-11-08 12:45:00 EST,41.24036,-74.39056,539,34.8,33.7,24.8,44.2,15.2,0.000,0.000,0.00,0.000,15.2,23.5,3.3,303,13,15.8,24.4,3.3,309,11,15.8,24.4,3.3,309,11,570,29.56,0.0,0,0,0,41.0,45.4,50.4,0.32,0.33,0.26
WARW,2019-11-08 12:50:00 EST,41.24036,-74.39056,539,35.1,34.1,24.9,42.8,14.7,0.000,0.000,0.00,0.000,16.2,24.9,4.4,297,14,16.8,26.1,4.6,304,12,16.8,26.1,4.6,304,12,636,29.56,0.2,0,0,0,41.2,45.4,50.4,0.32,0.33,0.25
WARW,2019-11-08 12:55:00 EST,41.24036,-74.39056,539,35.5,34.2,25.4,42.0,14.6,0.000,0.000,0.00,0.000,16.4,24.3,3.3,295,11,16.9,24.4,3.1,303,11,16.9,24.4,3.1,303,11,616,29.56,0.1,0,0,0,41.3,45.4,50.4,0.32,0.33,0.26
WARW,2019-11-08 13:00:00 EST,41.24036,-74.39056,539,35.3,34.2,25.5,41.3,14.1,0.000,0.000,0.00,0.000,15.4,20.6,3.0,295,16,15.9,21.6,3.0,301,14,15.9,21.6,3.0,301,14,597,29.56,0.1,0,0,0,41.4,45.4,50.4,0.32,0.33,0.26
WARW,2019-11-08 13:05:00 EST,41.24036,-74.39056,539,35.5,34.4,27.3,41.9,14.6,0.000,0.000,0.00,0.000,11.0,22.6,3.9,299,19,11.7,23.7,4.0,308,17,11.7,23.7,4.0,308,17,577,29.56,0.1,0,0,0,41.5,45.4,50.4,0.32,0.33,0.26
WARW,2019-11-08 13:10:00 EST,41.24036,-74.39056,539,35.2,34.1,25.1,41.9,14.3,0.000,0.000,0.00,0.000,16.2,23.9,3.2,292,11,16.7,23.7,3.3,298,9,16.7,23.7,3.3,298,9,581,29.56,0.0,0,0,0,41.7,45.4,50.4,0.32,0.33,0.25
WARW,2019-11-08 13:15:00 EST,41.24036,-74.39056,539,35.5,34.7,27.6,42.4,14.8,0.000,0.000,0.00,0.000,10.5,15.8,2.5,309,18,10.9,15.3,2.6,319,18,10.9,15.3,2.6,319,18,512,29.56,0.2,0,0,0,41.8,45.4,50.4,0.32,0.33,0.26
WARW,2019-11-08 13:20:00 EST,41.24036,-74.39056,539,34.6,34.0,25.0,41.4,13.6,0.000,0.000,0.00,0.000,14.5,21.9,3.1,316,17,15.0,21.5,3.1,324,16,15.0,21.5,3.1,324,16,281,29.56,-0.0,0,0,0,42.0,45.4,50.4,0.32,0.33,0.25
WARW,2019-11-08 13:25:00 EST,41.24036,-74.39056,539,33.7,33.2,24.9,42.8,13.5,0.000,0.000,0.00,0.000,11.4,21.6,3.7,322,17,12.2,24.3,3.6,333,15,12.2,24.3,3.6,333,15,278,29.57,0.1,0,0,0,42.1,45.4,50.4,0.32,0.33,0.26
WARW,2019-11-08 13:30:00 EST,41.24036,-74.39056,539,33.5,33.0,23.6,40.7,12.1,0.000,0.000,0.00,0.000,14.0,23.5,4.1,318,13,14.6,23.7,3.8,327,11,14.6,23.7,3.8,327,11,247,29.57,0.0,0,0,0,42.2,45.5,50.4,0.32,0.33,0.26
WARW,2019-11-08 13:35:00 EST,41.24036,-74.39056,539,33.1,32.8,23.9,42.1,12.5,0.000,0.000,0.00,0.000,11.8,19.7,3.0,325,18,12.6,20.7,3.3,333,17,12.6,20.7,3.3,333,17,137,29.57,0.0,0,0,0,42.2,45.4,50.4,0.32,0.33,0.26
WARW,2019-11-08 13:40:00 EST,41.24036,-74.39056,539,32.9,32.7,23.8,42.2,12.5,0.000,0.000,0.00,0.000,11.5,17.8,3.2,311,17,12.3,19.0,3.1,317,17,12.3,19.0,3.1,317,17,157,29.57,0.0,0,0,0,42.4,45.4,50.4,0.32,0.33,0.26
WARW,2019-11-08 13:45:00 EST,41.24036,-74.39056,539,33.4,33.0,24.7,41.7,12.6,0.000,0.000,0.00,0.000,11.2,16.2,2.7,321,23,11.8,19.3,2.8,329,20,11.8,19.3,2.8,329,20,276,29.57,0.1,0,0,0,42.4,45.4,50.3,0.32,0.33,0.26
WARW,2019-11-08 13:50:00 EST,41.24036,-74.39056,539,34.0,33.4,24.0,42.3,13.5,0.000,0.000,0.00,0.000,15.1,23.4,3.9,310,14,15.6,24.0,3.7,316,14,15.6,24.0,3.7,316,14,310,29.57,0.0,0,0,0,42.4,45.4,50.3,0.32,0.33,0.26
WARW,2019-11-08 13:55:00 EST,41.24036,-74.39056,539,33.2,32.9,23.0,42.4,12.8,0.000,0.000,0.00,0.000,14.5,24.2,5.2,314,16,15.1,24.7,5.1,321,14,15.1,24.7,5.1,321,14,134,29.57,0.0,0,0,0,42.3,45.4,50.3,0.32,0.33,0.25
WARW,2019-11-08 14:00:00 EST,41.24036,-74.39056,539,33.0,32.7,23.0,42.9,12.9,0.000,0.000,0.00,0.000,14.4,21.5,3.2,303,12,14.6,21.3,3.1,309,11,14.6,21.3,3.1,309,11,188,29.57,0.0,0,0,0,42.3,45.4,50.3,0.32,0.33,0.26
WARW,2019-11-08 14:05:00 EST,41.24036,-74.39056,539,33.3,32.8,23.3,42.8,13.1,0.000,0.000,0.00,0.000,14.2,23.3,3.5,296,14,14.8,25.4,3.5,301,14,14.8,25.4,3.5,301,14,323,29.57,0.1,0,0,0,42.3,45.4,50.3,0.31,0.33,0.26
WARW,2019-11-08 14:10:00 EST,41.24036,-74.39056,539,34.0,33.3,24.1,42.9,13.8,0.000,0.000,0.00,0.000,14.8,24.0,3.5,294,14,15.3,25.5,3.6,301,13,15.3,25.5,3.6,301,13,367,29.57,0.0,0,0,0,42.2,45.5,50.3,0.31,0.33,0.26
WARW,2019-11-08 14:15:00 EST,41.24036,-74.39056,539,33.6,33.0,23.2,43.3,13.6,0.000,0.000,0.00,0.000,15.6,24.6,3.2,289,15,16.4,25.2,3.3,295,14,16.4,25.2,3.3,295,14,251,29.57,0.1,0,0,0,42.1,45.4,50.3,0.31,0.33,0.26
WARW,2019-11-08 14:20:00 EST,41.24036,-74.39056,539,33.9,33.2,24.2,42.7,13.6,0.000,0.000,0.00,0.000,13.8,22.1,3.6,288,13,14.6,23.1,3.8,294,13,14.6,23.1,3.8,294,13,322,29.57,-0.0,0,0,0,42.1,45.4,50.2,0.31,0.33,0.26
WARW,2019-11-08 14:25:00 EST,41.24036,-74.39056,539,33.3,33.0,22.7,41.6,12.4,0.000,0.000,0.00,0.000,16.1,25.4,3.7,296,14,16.7,29.2,3.7,302,14,16.7,29.2,3.7,302,14,161,29.57,-0.0,0,0,0,42.1,45.4,50.2,0.32,0.33,0.26
WARW,2019-11-08 14:30:00 EST,41.24036,-74.39056,539,32.7,32.6,22.3,42.7,12.4,0.000,0.000,0.00,0.000,14.9,24.6,4.3,303,14,15.4,25.2,4.4,310,12,15.4,25.2,4.4,310,12,69,29.57,0.0,0,0,0,42.1,45.4,50.2,0.31,0.33,0.26
WARW,2019-11-08 14:35:00 EST,41.24036,-74.39056,539,32.9,32.7,24.4,43.2,13.0,0.000,0.000,0.00,0.000,10.8,15.9,2.2,308,14,11.0,18.0,2.2,315,14,11.0,18.0,2.2,315,14,207,29.58,0.1,0,0,0,42.1,45.5,50.2,0.31,0.33,0.25
WARW,2019-11-08 14:40:00 EST,41.24036,-74.39056,539,33.9,33.3,24.7,42.7,13.5,0.000,0.000,0.00,0.000,12.7,19.6,3.3,305,14,13.0,19.8,3.2,312,13,13.0,19.8,3.2,312,13,302,29.58,0.1,0,0,0,42.0,45.5,50.2,0.31,0.33,0.26
WARW,2019-11-08 14:45:00 EST,41.24036,-74.39056,539,34.2,33.6,26.1,42.9,14.0,0.000,0.000,0.00,0.000,10.1,17.4,3.1,309,18,10.7,19.1,3.1,316,18,10.7,19.1,3.1,316,18,259,29.58,0.1,0,0,0,41.9,45.4,50.2,0.31,0.33,0.26
WARW,2019-11-08 14:50:00 EST,41.24036,-74.39056,539,34.2,33.7,25.4,42.8,13.9,0.000,0.000,0.00,0.000,12.1,19.8,3.1,299,13,12.5,21.0,3.2,305,14,12.5,21.0,3.2,305,14,242,29.58,0.0,0,0,0,41.9,45.4,50.2,0.31,0.33,0.26
WARW,2019-11-08 14:55:00 EST,41.24036,-74.39056,539,34.1,33.6,24.6,43.4,14.1,0.000,0.000,0.00,0.000,13.5,21.5,3.7,311,18,14.0,22.3,3.6,318,16,14.0,22.3,3.6,318,16,206,29.59,0.0,0,0,0,41.8,45.4,50.3,0.31,0.33,0.26
WARW,2019-11-08 15:00:00 EST,41.24036,-74.39056,539,33.5,33.2,24.6,42.7,13.2,0.000,0.000,0.00,0.000,11.9,21.1,3.8,310,15,12.3,21.0,3.7,318,13,12.3,21.0,3.7,318,13,204,29.59,0.0,0,0,0,41.7,45.4,50.2,0.31,0.33,0.26
WARW,2019-11-08 15:05:00 EST,41.24036,-74.39056,539,33.4,33.1,23.7,42.1,12.8,0.000,0.000,0.00,0.000,13.4,19.9,2.9,304,16,13.9,20.3,2.8,311,16,13.9,20.3,2.8,311,16,129,29.59,0.1,0,0,0,41.7,45.4,50.2,0.31,0.33,0.26
WARW,2019-11-08 15:10:00 EST,41.24036,-74.39056,539,33.0,32.9,23.7,42.7,12.8,0.000,0.000,0.00,0.000,12.7,17.8,2.9,314,13,13.0,18.7,3.0,322,13,13.0,18.7,3.0,322,13,62,29.59,0.0,0,0,0,41.7,45.5,50.2,0.31,0.33,0.26
WARW,2019-11-08 15:15:00 EST,41.24036,-74.39056,539,32.6,32.6,22.9,43.8,13.0,0.000,0.000,0.00,0.000,13.3,21.6,3.6,301,14,13.6,22.2,3.5,309,14,13.6,22.2,3.5,309,14,106,29.59,0.1,0,0,0,41.7,45.5,50.3,0.31,0.33,0.26
WARW,2019-11-08 15:20:00 EST,41.24036,-74.39056,539,32.7,32.6,23.2,43.5,12.9,0.000,0.000,0.00,0.000,12.8,18.2,2.7,305,16,13.1,19.6,2.7,314,16,13.1,19.6,2.7,314,16,80,29.59,0.1,0,0,0,41.7,45.5,50.2,0.31,0.33,0.26
WARW,2019-11-08 15:25:00 EST,41.24036,-74.39056,539,32.8,32.7,22.8,43.2,12.8,0.000,0.000,0.00,0.000,13.7,21.6,3.0,296,15,14.4,21.8,2.6,302,13,14.4,21.8,2.6,302,13,110,29.59,0.1,0,0,0,41.6,45.4,50.2,0.31,0.33,0.26
WARW,2019-11-08 15:30:00 EST,41.24036,-74.39056,539,32.7,32.6,22.4,43.2,12.8,0.000,0.000,0.00,0.000,15.1,20.2,2.9,303,14,15.4,22.3,3.0,311,11,15.4,22.3,3.0,311,11,79,29.60,0.0,0,0,0,41.5,45.4,50.3,0.31,0.33,0.26
WARW,2019-11-08 15:35:00 EST,41.24036,-74.39056,539,32.6,32.5,23.3,44.5,13.3,0.000,0.000,0.00,0.000,12.1,16.8,2.8,301,16,12.7,17.7,2.8,309,16,12.7,17.7,2.8,309,16,97,29.60,0.1,0,0,0,41.4,45.5,50.2,0.31,0.33,0.26
WARW,2019-11-08 15:40:00 EST,41.24036,-74.39056,539,33.0,32.7,24.9,44.5,13.7,0.000,0.000,0.00,0.000,9.6,12.9,1.9,304,15,10.0,13.4,1.9,310,14,10.0,13.4,1.9,310,14,102,29.60,0.0,0,0,0,41.4,45.4,50.2,0.31,0.33,0.26
WARW,2019-11-08 15:45:00 EST,41.24036,-74.39056,539,32.2,32.3,23.5,45.5,13.5,0.000,0.000,0.00,0.000,10.6,15.6,2.4,295,15,11.1,17.5,2.5,303,14,11.1,17.5,2.5,303,14,46,29.60,0.0,0,0,0,41.2,45.4,50.2,0.31,0.33,0.26
WARW,2019-11-08 15:50:00 EST,41.24036,-74.39056,539,32.3,32.2,23.2,45.5,13.5,0.000,0.000,0.00,0.000,11.6,18.0,3.0,299,13,11.9,17.8,3.0,306,13,11.9,17.8,3.0,306,13,66,29.60,0.1,0,0,0,41.0,45.4,50.2,0.31,0.33,0.26
WARW,2019-11-08 15:55:00 EST,41.24036,-74.39056,539,32.2,32.2,26.3,46.8,14.1,0.000,0.000,0.00,0.000,5.9,10.6,1.6,306,17,6.3,11.4,1.8,314,14,6.3,11.4,1.8,314,14,55,29.61,0.1,0,0,0,41.0,45.4,50.2,0.31,0.33,0.26
WARW,2019-11-08 16:00:00 EST,41.24036,-74.39056,539,32.5,32.4,24.5,46.3,14.1,0.000,0.000,0.00,0.000,9.2,17.0,2.9,306,12,9.7,17.8,2.9,315,11,9.7,17.8,2.9,315,11,94,29.61,0.0,0,0,0,40.9,45.4,50.2,0.31,0.33,0.26
WARW,2019-11-08 16:05:00 EST,41.24036,-74.39056,539,32.6,32.5,26.0,46.1,14.2,0.000,0.000,0.00,0.000,6.9,12.5,2.1,309,15,7.5,13.8,1.9,315,13,7.5,13.8,1.9,315,13,83,29.61,0.0,0,0,0,40.8,45.5,50.2,0.31,0.33,0.26
WARW,2019-11-08 16:10:00 EST,41.24036,-74.39056,539,32.4,32.3,23.8,44.7,13.2,0.000,0.000,0.00,0.000,10.3,17.0,3.0,313,17,10.9,18.7,3.1,322,17,10.9,18.7,3.1,322,17,69,29.61,0.0,0,0,0,40.7,45.4,50.2,0.31,0.33,0.26
WARW,2019-11-08 16:15:00 EST,41.24036,-74.39056,539,32.1,32.1,24.2,45.0,13.2,0.000,0.000,0.00,0.000,9.1,14.8,2.5,313,15,9.4,15.8,2.6,321,14,9.4,15.8,2.6,321,14,49,29.61,0.0,0,0,0,40.6,45.4,50.2,0.31,0.33,0.26
WARW,2019-11-08 16:20:00 EST,41.24036,-74.39056,539,31.9,31.9,23.1,45.2,13.1,0.000,0.000,0.00,0.000,10.7,14.9,2.3,325,14,11.2,15.3,2.4,332,12,11.2,15.3,2.4,332,12,34,29.61,0.0,0,0,0,40.6,45.5,50.2,0.31,0.33,0.26
WARW,2019-11-08 16:25:00 EST,41.24036,-74.39056,539,31.8,31.8,25.0,46.5,13.6,0.000,0.000,0.00,0.000,6.8,9.9,1.3,314,12,7.2,11.2,1.3,323,11,7.2,11.2,1.3,323,11,32,29.62,-0.0,0,0,0,40.5,45.4,50.2,0.31,0.33,0.26
WARW,2019-11-08 16:30:00 EST,41.24036,-74.39056,539,31.6,31.7,24.3,47.6,13.9,0.000,0.000,0.00,0.000,7.7,11.5,1.8,313,14,8.0,11.7,1.6,323,14,8.0,11.7,1.6,323,14,24,29.62,0.0,0,0,0,40.4,45.5,50.2,0.31,0.33,0.26
WARW,2019-11-08 16:35:00 EST,41.24036,-74.39056,539,31.4,31.5,23.8,48.4,14.1,0.000,0.000,0.00,0.000,8.1,12.1,2.0,303,13,8.5,12.7,2.0,312,13,8.5,12.7,2.0,312,13,16,29.62,0.0,0,0,0,40.3,45.5,50.2,0.31,0.33,0.26
WARW,2019-11-08 16:40:00 EST,41.24036,-74.39056,539,31.1,31.3,23.8,49.7,14.5,0.000,0.000,0.00,0.000,7.5,12.3,1.9,313,13,7.9,12.0,1.9,324,12,7.9,12.0,1.9,324,12,10,29.62,0.0,0,0,0,40.2,45.5,50.2,0.31,0.33,0.26
WARW,2019-11-08 16:45:00 EST,41.24036,-74.39056,539,30.9,31.1,24.1,50.3,14.6,0.000,0.000,0.00,0.000,6.6,11.3,1.5,323,14,7.2,12.1,1.6,331,14,7.2,12.1,1.6,331,14,6,29.62,0.0,0,0,0,40.1,45.5,50.2,0.31,0.33,0.26
WARW,2019-11-08 16:50:00 EST,41.24036,-74.39056,539,30.8,31.0,21.9,50.4,14.5,0.000,0.000,0.00,0.000,10.3,15.8,2.3,315,21,10.7,15.5,2.5,323,19,10.7,15.5,2.5,323,19,4,29.63,0.0,0,0,0,40.0,45.5,50.2,0.31,0.33,0.26
WARW,2019-11-08 16:55:00 EST,41.24036,-74.39056,539,30.8,30.9,22.9,50.3,14.4,0.000,0.000,0.00,0.000,8.5,14.1,2.3,320,14,8.7,15.2,2.4,328,13,8.7,15.2,2.4,328,13,2,29.63,0.1,0,0,0,39.9,45.4,50.2,0.31,0.33,0.26
WARW,2019-11-08 17:00:00 EST,41.24036,-74.39056,539,30.7,30.8,22.0,50.0,14.3,0.000,0.000,0.00,0.000,9.8,14.9,2.2,323,16,10.3,15.7,2.1,332,15,10.3,15.7,2.1,332,15,1,29.63,0.1,0,0,0,39.8,45.5,50.2,0.31,0.33,0.26
WARW,2019-11-08 17:05:00 EST,41.24036,-74.39056,539,30.4,30.6,23.0,51.0,14.4,0.000,0.000,0.00,0.000,7.1,13.4,2.0,322,15,7.8,13.5,2.2,329,14,7.8,13.5,2.2,329,14,0,29.64,0.0,0,0,0,39.7,45.4,50.2,0.31,0.33,0.26
WARW,2019-11-08 17:10:00 EST,41.24036,-74.39056,539,30.3,30.5,21.8,51.4,14.5,0.000,0.000,0.00,0.000,9.3,17.4,3.0,315,12,9.7,17.8,3.0,323,11,9.7,17.8,3.0,323,11,0,29.64,0.0,0,0,0,39.6,45.5,50.1,0.31,0.33,0.26
WARW,2019-11-08 17:15:00 EST,41.24036,-74.39056,539,30.2,30.4,20.7,51.2,14.3,0.000,0.000,0.00,0.000,10.8,21.3,3.8,317,15,11.5,21.0,3.7,323,13,11.5,21.0,3.7,323,13,0,29.64,0.1,0,0,0,39.6,45.5,50.2,0.31,0.33,0.26
WARW,2019-11-08 17:20:00 EST,41.24036,-74.39056,539,30.2,30.3,20.0,49.8,13.7,0.000,0.000,0.00,0.000,12.7,19.8,2.9,309,14,13.2,20.8,2.8,319,12,13.2,20.8,2.8,319,12,0,29.64,0.0,0,0,0,39.5,45.5,50.2,0.31,0.33,0.26
WARW,2019-11-08 17:25:00 EST,41.24036,-74.39056,539,30.1,30.2,20.1,49.7,13.5,0.000,0.000,0.00,0.000,12.3,17.5,2.1,308,12,12.6,17.7,2.0,316,11,12.6,17.7,2.0,316,11,0,29.65,0.1,0,0,0,39.4,45.4,50.2,0.31,0.33,0.26
WARW,2019-11-08 17:30:00 EST,41.24036,-74.39056,539,29.9,30.1,20.1,50.6,13.8,0.000,0.000,0.00,0.000,11.7,18.0,2.6,307,9,12.0,17.9,2.5,314,8,12.0,17.9,2.5,314,8,0,29.65,-0.0,0,0,0,39.3,45.4,50.1,0.31,0.33,0.26
WARW,2019-11-08 17:35:00 EST,41.24036,-74.39056,539,29.7,29.9,20.3,51.4,13.9,0.000,0.000,0.00,0.000,10.7,16.4,2.1,311,12,11.0,17.0,2.2,319,12,11.0,17.0,2.2,319,12,0,29.65,0.0,0,0,0,39.2,45.5,50.0,0.31,0.33,0.26
WARW,2019-11-08 17:40:00 EST,41.24036,-74.39056,539,29.5,29.7,20.9,52.3,14.1,0.000,0.000,0.00,0.000,9.3,14.0,1.7,307,11,9.6,15.4,1.8,313,10,9.6,15.4,1.8,313,10,0,29.65,-0.0,0,0,0,39.2,45.4,50.1,0.31,0.33,0.26
WARW,2019-11-08 17:45:00 EST,41.24036,-74.39056,539,29.3,29.6,20.0,52.9,14.2,0.000,0.000,0.00,0.000,10.3,15.5,2.5,296,12,10.7,15.9,2.4,305,10,10.7,15.9,2.4,305,10,0,29.65,0.1,0,0,0,39.2,45.4,50.0,0.31,0.33,0.26
WARW,2019-11-08 17:50:00 EST,41.24036,-74.39056,539,29.4,29.7,20.2,51.7,13.8,0.000,0.000,0.00,0.000,10.1,13.7,1.7,296,11,10.5,14.5,1.8,304,10,10.5,14.5,1.8,304,10,0,29.66,-0.0,0,0,0,39.2,45.5,50.2,0.31,0.33,0.26
WARW,2019-11-08 17:55:00 EST,41.24036,-74.39056,539,29.3,29.6,19.7,51.6,13.6,0.000,0.000,0.00,0.000,10.8,17.6,2.6,299,12,11.4,18.3,2.6,307,11,11.4,18.3,2.6,307,11,0,29.66,0.0,0,0,0,39.1,45.4,50.1,0.30,0.33,0.26
WARW,2019-11-08 18:00:00 EST,41.24036,-74.39056,539,29.3,29.6,19.5,51.4,13.6,0.000,0.000,0.00,0.000,11.2,18.3,2.8,303,11,11.7,19.5,2.7,309,9,11.7,19.5,2.7,309,9,0,29.66,0.0,0,0,0,39.0,45.4,50.0,0.31,0.33,0.26
WARW,2019-11-08 18:05:00 EST,41.24036,-74.39056,539,29.2,29.5,20.4,51.2,13.4,0.000,0.000,0.00,0.000,9.4,15.2,2.1,303,14,9.8,16.8,2.2,309,13,9.8,16.8,2.2,309,13,0,29.67,0.0,0,0,0,39.0,45.5,49.9,0.30,0.33,0.26
WARW,2019-11-08 18:10:00 EST,41.24036,-74.39056,539,29.1,29.4,20.6,51.0,13.3,0.000,0.000,0.00,0.000,8.9,14.5,2.2,307,12,9.3,14.7,2.2,315,11,9.3,14.7,2.2,315,11,0,29.67,0.1,0,0,0,38.9,45.4,50.0,0.30,0.33,0.26
WARW,2019-11-08 18:15:00 EST,41.24036,-74.39056,539,29.1,29.3,20.8,51.4,13.4,0.000,0.000,0.00,0.000,8.6,14.8,2.1,307,12,8.8,14.7,2.1,314,12,8.8,14.7,2.1,314,12,0,29.67,0.0,0,0,0,38.8,45.4,50.0,0.30,0.33,0.26
WARW,2019-11-08 18:20:00 EST,41.24036,-74.39056,539,29.0,29.3,19.6,51.5,13.3,0.000,0.000,0.00,0.000,10.3,17.0,2.3,305,12,10.7,18.7,2.4,312,10,10.7,18.7,2.4,312,10,0,29.67,0.1,0,0,0,38.7,45.4,49.9,0.30,0.33,0.26
WARW,2019-11-08 18:25:00 EST,41.24036,-74.39056,539,29.0,29.2,20.0,51.1,13.1,0.000,0.000,0.00,0.000,9.4,17.5,2.9,307,16,9.9,17.7,3.0,312,14,9.9,17.7,3.0,312,14,0,29.67,0.0,0,0,0,38.7,45.4,49.8,0.30,0.33,0.26
WARW,2019-11-08 18:30:00 EST,41.24036,-74.39056,539,28.9,29.2,20.0,51.0,13.0,0.000,0.000,0.00,0.000,9.4,13.4,1.8,296,14,9.7,14.4,1.8,303,12,9.7,14.4,1.8,303,12,0,29.68,0.0,0,0,0,38.7,45.4,49.9,0.30,0.33,0.26
WARW,2019-11-08 18:35:00 EST,41.24036,-74.39056,539,28.6,28.9,20.9,51.9,13.2,0.000,0.000,0.00,0.000,7.3,11.3,1.6,297,12,7.7,11.6,1.5,305,10,7.7,11.6,1.5,305,10,0,29.68,0.0,0,0,0,38.6,45.4,49.8,0.30,0.33,0.26
WARW,2019-11-08 18:40:00 EST,41.24036,-74.39056,539,28.4,28.8,20.5,53.1,13.5,0.000,0.000,0.00,0.000,7.5,12.8,1.9,296,11,7.9,12.7,1.8,304,10,7.9,12.7,1.8,304,10,0,29.68,0.0,0,0,0,38.5,45.4,49.9,0.30,0.33,0.25
WARW,2019-11-08 18:45:00 EST,41.24036,-74.39056,539,28.7,29.0,19.3,52.4,13.4,0.000,0.000,0.00,0.000,10.1,18.4,2.8,302,16,10.6,19.7,2.9,308,15,10.6,19.7,2.9,308,15,0,29.68,0.1,0,0,0,38.5,45.5,49.8,0.30,0.33,0.26
WARW,2019-11-08 18:50:00 EST,41.24036,-74.39056,539,28.8,29.0,19.0,51.8,13.3,0.000,0.000,0.00,0.000,10.8,19.0,2.8,304,14,11.3,19.6,2.6,311,14,11.3,19.6,2.6,311,14,0,29.68,0.0,0,0,0,38.3,45.4,49.8,0.30,0.33,0.26
WARW,2019-11-08 18:55:00 EST,41.24036,-74.39056,539,28.6,28.9,19.6,52.3,13.4,0.000,0.000,0.00,0.000,9.8,14.6,2.4,307,13,10.0,15.5,2.4,314,11,10.0,15.5,2.4,314,11,0,29.69,0.0,0,0,0,38.3,45.4,49.8,0.30,0.33,0.26
WARW,2019-11-08 19:00:00 EST,41.24036,-74.39056,539,28.6,28.8,19.7,52.4,13.4,0.000,0.000,0.00,0.000,9.5,15.9,2.3,305,13,9.8,15.5,2.3,313,13,9.8,15.5,2.3,313,13,0,29.69,0.1,0,0,0,38.3,45.4,49.8,0.30,0.33,0.26
WARW,2019-11-08 19:05:00 EST,41.24036,-74.39056,539,28.3,28.7,19.9,53.3,13.5,0.000,0.000,0.00,0.000,8.5,15.4,2.4,300,12,8.9,15.9,2.4,307,11,8.9,15.9,2.4,307,11,0,29.69,0.0,0,0,0,38.3,45.4,49.9,0.30,0.33,0.26
WARW,2019-11-08 19:10:00 EST,41.24036,-74.39056,539,28.3,28.6,19.3,53.3,13.4,0.000,0.000,0.00,0.000,9.5,15.4,2.2,296,13,9.7,15.3,2.2,304,12,9.7,15.3,2.2,304,12,0,29.69,0.1,0,0,0,38.2,45.4,49.8,0.30,0.33,0.26
WARW,2019-11-08 19:15:00 EST,41.24036,-74.39056,539,28.2,28.5,20.1,53.2,13.3,0.000,0.000,0.00,0.000,7.8,12.3,2.1,297,12,8.2,12.8,2.2,306,11,8.2,12.8,2.2,306,11,0,29.69,0.1,0,0,0,38.1,45.4,49.8,0.30,0.33,0.26
WARW,2019-11-08 19:20:00 EST,41.24036,-74.39056,539,28.0,28.4,18.7,53.7,13.4,0.000,0.000,0.00,0.000,9.8,16.7,3.0,303,12,10.3,16.9,2.9,311,11,10.3,16.9,2.9,311,11,0,29.69,0.1,0,0,0,38.1,45.3,49.8,0.30,0.33,0.26
WARW,2019-11-08 19:25:00 EST,41.24036,-74.39056,539,28.2,28.4,19.2,52.7,13.1,0.000,0.000,0.00,0.000,9.2,14.6,2.1,299,13,9.6,14.8,2.1,308,11,9.6,14.8,2.1,308,11,0,29.69,0.0,0,0,0,37.9,45.3,49.8,0.30,0.33,0.26
WARW,2019-11-08 19:30:00 EST,41.24036,-74.39056,539,28.1,28.4,19.4,53.1,13.2,0.000,0.000,0.00,0.000,9.0,12.3,1.4,304,10,9.2,13.0,1.5,312,9,9.2,13.0,1.5,312,9,0,29.70,0.0,0,0,0,37.9,45.3,49.8,0.30,0.33,0.26
WARW,2019-11-08 19:35:00 EST,41.24036,-74.39056,539,28.0,28.3,17.6,53.7,13.4,0.000,0.000,0.00,0.000,12.0,16.8,2.4,306,13,12.3,18.1,2.4,314,12,12.3,18.1,2.4,314,12,0,29.70,0.1,0,0,0,37.9,45.3,49.8,0.30,0.33,0.26
WARW,2019-11-08 19:40:00 EST,41.24036,-74.39056,539,28.0,28.2,17.8,54.1,13.5,0.000,0.000,0.00,0.000,11.6,18.0,2.8,307,11,11.9,17.6,2.5,314,11,11.9,17.6,2.5,314,11,0,29.70,0.0,0,0,0,37.9,45.3,49.8,0.30,0.33,0.26
WARW,2019-11-08 19:45:00 EST,41.24036,-74.39056,539,27.8,28.0,18.6,54.8,13.7,0.000,0.000,0.00,0.000,9.7,16.1,2.3,304,13,9.9,15.9,2.2,310,13,9.9,15.9,2.2,310,13,0,29.70,0.1,0,0,0,37.8,45.2,49.8,0.30,0.33,0.25
WARW,2019-11-08 19:50:00 EST,41.24036,-74.39056,539,27.8,28.0,18.2,55.2,13.8,0.000,0.000,0.00,0.000,10.2,18.9,3.0,307,10,10.6,18.3,3.0,314,8,10.6,18.3,3.0,314,8,0,29.70,0.1,0,0,0,37.8,45.2,49.8,0.30,0.33,0.26
WARW,2019-11-08 19:55:00 EST,41.24036,-74.39056,539,27.5,27.8,19.7,56.1,13.9,0.000,0.000,0.00,0.000,7.1,12.3,2.1,311,19,7.5,13.5,2.4,317,20,7.5,13.5,2.4,317,20,0,29.70,0.1,0,0,0,37.8,45.2,49.8,0.30,0.33,0.26
WARW,2019-11-08 20:00:00 EST,41.24036,-74.39056,539,27.5,27.7,20.4,56.4,14.0,0.000,0.000,0.00,0.000,6.0,12.0,2.5,311,18,6.5,12.7,2.5,317,17,6.5,12.7,2.5,317,17,0,29.70,0.0,0,0,0,37.7,45.1,49.8,0.30,0.33,0.25
WARW,2019-11-08 20:05:00 EST,41.24036,-74.39056,539,27.4,27.7,23.0,56.2,13.8,0.000,0.000,0.00,0.000,3.9,10.4,1.6,311,14,3.8,9.7,1.5,318,12,3.8,9.7,1.5,318,12,0,29.70,-0.0,0,0,0,37.6,45.2,49.8,0.30,0.33,0.26
WARW,2019-11-08 20:10:00 EST,41.24036,-74.39056,539,27.2,27.5,21.8,56.9,13.9,0.000,0.000,0.00,0.000,4.5,8.7,1.3,296,13,4.7,8.7,1.4,304,12,4.7,8.7,1.4,304,12,0,29.70,0.0,0,0,0,37.6,45.1,49.8,0.30,0.33,0.26
WARW,2019-11-08 20:15:00 EST,41.24036,-74.39056,539,26.7,27.4,21.6,57.6,13.8,0.000,0.000,0.00,0.000,4.1,5.3,0.5,288,9,4.4,5.7,0.6,297,8,4.4,5.7,0.6,297,8,0,29.71,-0.0,0,0,0,37.6,45.1,49.8,0.30,0.33,0.26
WARW,2019-11-08 20:20:00 EST,41.24036,-74.39056,539,25.9,27.2,19.2,59.8,13.8,0.000,0.000,0.00,0.000,5.4,7.1,0.6,284,8,5.7,7.6,0.7,292,8,5.7,7.6,0.7,292,8,0,29.71,0.0,0,0,0,37.6,45.1,49.8,0.30,0.33,0.26
WARW,2019-11-08 20:25:00 EST,41.24036,-74.39056,539,25.8,27.1,18.6,62.6,14.8,0.000,0.000,0.00,0.000,6.0,8.5,0.9,288,8,6.3,9.0,0.9,296,8,6.3,9.0,0.9,296,8,0,29.71,0.1,0,0,0,37.5,45.1,49.8,0.30,0.33,0.26
WARW,2019-11-08 20:30:00 EST,41.24036,-74.39056,539,25.8,27.1,18.0,63.3,15.1,0.000,0.000,0.00,0.000,6.8,8.5,0.8,289,7,7.1,8.9,0.8,297,6,7.1,8.9,0.8,297,6,0,29.71,0.1,0,0,0,37.4,45.1,49.8,0.30,0.33,0.26
WARW,2019-11-08 20:35:00 EST,41.24036,-74.39056,539,25.9,26.9,17.7,64.1,15.5,0.000,0.000,0.00,0.000,7.3,9.2,0.8,292,8,7.6,9.6,0.8,300,6,7.6,9.6,0.8,300,6,0,29.71,0.0,0,0,0,37.4,45.1,49.8,0.30,0.33,0.26
WARW,2019-11-08 20:40:00 EST,41.24036,-74.39056,539,25.9,26.7,17.5,63.9,15.3,0.000,0.000,0.00,0.000,7.4,10.5,1.3,285,9,7.8,11.1,1.4,293,7,7.8,11.1,1.4,293,7,0,29.71,0.1,0,0,0,37.4,45.1,49.8,0.30,0.33,0.26
WARW,2019-11-08 20:45:00 EST,41.24036,-74.39056,539,25.9,26.6,18.7,63.6,15.3,0.000,0.000,0.00,0.000,5.9,8.4,1.1,282,10,6.4,9.2,1.3,291,10,6.4,9.2,1.3,291,10,0,29.71,0.2,0,0,0,37.3,45.1,49.7,0.30,0.33,0.26
WARW,2019-11-08 20:50:00 EST,41.24036,-74.39056,539,25.8,26.6,19.6,64.3,15.4,0.000,0.000,0.00,0.000,4.9,6.9,0.9,280,13,5.3,7.6,1.0,287,11,5.3,7.6,1.0,287,11,0,29.72,0.0,0,0,0,37.2,45.1,49.8,0.30,0.33,0.26
WARW,2019-11-08 20:55:00 EST,41.24036,-74.39056,539,25.7,26.3,22.1,65.0,15.5,0.000,0.000,0.00,0.000,2.9,3.9,0.4,300,13,3.0,4.8,0.5,308,11,3.0,4.8,0.5,308,11,0,29.72,0.1,0,0,0,37.2,45.1,49.7,0.30,0.33,0.26
WARW,2019-11-08 21:00:00 EST,41.24036,-74.39056,539,25.8,26.4,20.6,65.0,15.6,0.000,0.000,0.00,0.000,4.0,5.4,0.7,298,9,4.2,6.0,0.8,306,8,4.2,6.0,0.8,306,8,0,29.72,0.0,0,0,0,37.2,45.1,49.7,0.30,0.33,0.26
WARW,2019-11-08 21:05:00 EST,41.24036,-74.39056,539,25.2,26.0,19.1,66.6,15.6,0.000,0.000,0.00,0.000,4.7,7.2,1.0,293,10,5.0,7.7,1.1,301,9,5.0,7.7,1.1,301,9,0,29.72,-0.1,0,0,0,37.2,45.0,49.8,0.30,0.33,0.26
WARW,2019-11-08 21:10:00 EST,41.24036,-74.39056,539,24.7,26.0,16.6,68.7,15.9,0.000,0.000,0.00,0.000,6.8,10.2,1.2,288,7,7.2,10.9,1.2,296,6,7.2,10.9,1.2,296,6,0,29.72,0.1,0,0,0,37.2,45.0,49.7,0.30,0.33,0.26
WARW,2019-11-08 21:15:00 EST,41.24036,-74.39056,539,25.1,26.0,18.1,68.8,16.3,0.000,0.000,0.00,0.000,5.6,8.0,0.9,295,7,5.9,8.8,0.9,303,7,5.9,8.8,0.9,303,7,0,29.73,0.0,0,0,0,37.2,45.0,49.6,0.30,0.33,0.26
WARW,2019-11-08 21:20:00 EST,41.24036,-74.39056,539,25.2,26.0,17.4,68.2,16.2,0.000,0.000,0.00,0.000,6.5,9.0,1.1,294,8,6.8,9.2,1.1,303,7,6.8,9.2,1.1,303,7,0,29.73,0.0,0,0,0,37.2,45.0,49.7,0.30,0.33,0.26
WARW,2019-11-08 21:25:00 EST,41.24036,-74.39056,539,25.0,25.9,16.5,68.5,16.1,0.000,0.000,0.00,0.000,7.6,9.2,0.8,288,7,7.8,9.9,0.9,296,6,7.8,9.9,0.9,296,6,0,29.73,0.0,0,0,0,37.2,45.0,49.7,0.30,0.33,0.26
WARW,2019-11-08 21:30:00 EST,41.24036,-74.39056,539,24.5,25.6,16.8,70.0,16.1,0.000,0.000,0.00,0.000,6.2,8.3,0.7,287,8,6.5,8.2,0.8,295,6,6.5,8.2,0.8,295,6,0,29.73,0.1,0,0,0,37.2,44.9,49.7,0.30,0.33,0.26
WARW,2019-11-08 21:35:00 EST,41.24036,-74.39056,539,24.6,25.8,19.3,69.7,16.1,0.000,0.000,0.00,0.000,3.9,6.1,1.0,289,16,4.2,6.5,1.1,297,15,4.2,6.5,1.1,297,15,0,29.73,-0.0,0,0,0,37.2,45.0,49.6,0.30,0.33,0.26
WARW,2019-11-08 21:40:00 EST,41.24036,-74.39056,539,25.0,25.7,25.0,69.4,16.4,0.000,0.000,0.00,0.000,1.2,2.9,1.0,308,15,1.3,3.8,1.1,318,19,1.3,3.8,1.1,318,19,0,29.74,0.0,0,0,0,37.2,45.0,49.7,0.30,0.33,0.26
WARW,2019-11-08 21:45:00 EST,41.24036,-74.39056,539,25.2,25.7,25.2,69.2,16.5,0.000,0.000,0.00,0.000,2.3,4.2,1.1,285,13,2.6,5.1,1.2,294,14,2.6,5.1,1.2,294,14,0,29.74,-0.0,0,0,0,37.0,44.7,49.7,0.30,0.33,0.25
WARW,2019-11-08 21:50:00 EST,41.24036,-74.39056,539,24.6,25.8,17.8,68.8,15.8,0.000,0.000,0.00,0.000,5.3,7.1,1.2,277,8,5.6,7.6,1.2,286,8,5.6,7.6,1.2,286,8,0,29.74,-0.1,0,0,0,37.0,44.8,49.7,0.29,0.33,0.26
WARW,2019-11-08 21:55:00 EST,41.24036,-74.39056,539,23.7,25.5,16.0,71.7,15.9,0.000,0.000,0.00,0.000,6.0,8.3,0.8,275,7,6.4,9.1,0.8,283,6,6.4,9.1,0.8,283,6,0,29.74,0.1,0,0,0,37.0,44.7,49.6,0.30,0.33,0.26
WARW,2019-11-08 22:00:00 EST,41.24036,-74.39056,539,23.8,25.4,17.1,72.7,16.3,0.000,0.000,0.00,0.000,5.0,6.7,0.7,281,6,5.3,7.0,0.8,290,6,5.3,7.0,0.8,290,6,0,29.74,0.1,0,0,0,36.9,44.8,49.6,0.30,0.33,0.26
WARW,2019-11-08 22:05:00 EST,41.24036,-74.39056,539,23.7,25.2,17.8,72.4,16.1,0.000,0.000,0.00,0.000,4.3,5.6,0.4,274,12,4.6,6.2,0.5,283,11,4.6,6.2,0.5,283,11,0,29.75,0.0,0,0,0,36.9,44.7,49.7,0.30,0.33,0.26
WARW,2019-11-08 22:10:00 EST,41.24036,-74.39056,539,23.8,25.3,16.4,72.7,16.3,0.000,0.000,0.00,0.000,5.7,7.7,0.8,263,6,6.1,8.1,0.8,271,5,6.1,8.1,0.8,271,5,0,29.74,0.1,0,0,0,36.9,44.8,49.6,0.30,0.33,0.26
WARW,2019-11-08 22:15:00 EST,41.24036,-74.39056,539,23.8,25.3,16.6,73.3,16.5,0.000,0.000,0.00,0.000,5.5,6.8,0.5,258,5,5.8,7.6,0.5,266,4,5.8,7.6,0.5,266,4,0,29.74,0.1,0,0,0,36.9,44.7,49.6,0.29,0.33,0.26
WARW,2019-11-08 22:20:00 EST,41.24036,-74.39056,539,23.6,25.0,16.5,73.3,16.3,0.000,0.000,0.00,0.000,5.5,6.9,0.6,260,7,5.7,7.4,0.7,269,5,5.7,7.4,0.7,269,5,0,29.74,0.0,0,0,0,36.9,44.7,49.6,0.29,0.33,0.26
WARW,2019-11-08 22:25:00 EST,41.24036,-74.39056,539,23.3,24.9,16.8,74.6,16.4,0.000,0.000,0.00,0.000,4.8,6.6,0.6,270,8,5.1,7.1,0.7,279,8,5.1,7.1,0.7,279,8,0,29.74,0.0,0,0,0,36.9,44.7,49.7,0.29,0.33,0.26
WARW,2019-11-08 22:30:00 EST,41.24036,-74.39056,539,23.3,25.0,16.6,75.6,16.7,0.000,0.000,0.00,0.000,4.9,6.8,0.7,278,7,5.2,7.5,0.8,287,6,5.2,7.5,0.8,287,6,0,29.74,-0.0,0,0,0,36.9,44.7,49.6,0.29,0.33,0.26
WARW,2019-11-08 22:35:00 EST,41.24036,-74.39056,539,22.9,24.8,14.9,75.4,16.3,0.000,0.000,0.00,0.000,6.2,8.4,0.8,267,6,6.5,10.2,1.0,277,6,6.5,10.2,1.0,277,6,0,29.74,0.1,0,0,0,36.9,44.7,49.6,0.29,0.33,0.26
WARW,2019-11-08 22:40:00 EST,41.24036,-74.39056,539,23.4,24.7,16.3,75.5,16.8,0.000,0.000,0.00,0.000,5.4,7.7,0.9,262,8,5.7,8.3,0.9,271,7,5.7,8.3,0.9,271,7,0,29.74,0.1,0,0,0,36.8,44.7,49.7,0.29,0.33,0.26
WARW,2019-11-08 22:45:00 EST,41.24036,-74.39056,539,23.6,24.8,17.5,74.8,16.8,0.000,0.000,0.00,0.000,4.4,5.8,0.6,253,7,4.7,6.1,0.6,262,7,4.7,6.1,0.6,262,7,0,29.75,0.0,0,0,0,36.8,44.7,49.7,0.29,0.33,0.26
WARW,2019-11-08 22:50:00 EST,41.24036,-74.39056,539,23.7,24.8,16.9,73.5,16.5,0.000,0.000,0.00,0.000,5.1,6.6,0.6,255,7,5.4,7.0,0.6,264,6,5.4,7.0,0.6,264,6,0,29.75,0.0,0,0,0,36.7,44.8,49.6,0.29,0.33,0.26
WARW,2019-11-08 22:55:00 EST,41.24036,-74.39056,539,23.4,24.7,16.8,73.8,16.2,0.000,0.000,0.00,0.000,4.9,6.2,0.4,256,6,5.1,6.4,0.5,265,5,5.1,6.4,0.5,265,5,0,29.75,0.1,0,0,0,36.7,44.6,49.7,0.29,0.33,0.26
WARW,2019-11-08 23:00:00 EST,41.24036,-74.39056,539,23.4,24.7,17.1,74.4,16.5,0.000,0.000,0.00,0.000,4.6,6.1,0.7,257,6,4.9,6.4,0.8,266,5,4.9,6.4,0.8,266,5,0,29.75,0.1,0,0,0,36.7,44.6,49.7,0.29,0.33,0.26
WARW,2019-11-08 23:05:00 EST,41.24036,-74.39056,539,23.8,24.6,18.8,73.8,16.7,0.000,0.000,0.00,0.000,3.6,4.6,0.5,252,6,3.8,5.1,0.6,260,6,3.8,5.1,0.6,260,6,0,29.75,0.0,0,0,0,36.7,44.6,49.6,0.29,0.33,0.26
WARW,2019-11-08 23:10:00 EST,41.24036,-74.39056,539,23.7,24.6,19.2,73.4,16.5,0.000,0.000,0.00,0.000,3.3,5.0,0.5,246,8,3.5,5.5,0.6,254,8,3.5,5.5,0.6,254,8,0,29.75,0.1,0,0,0,36.7,44.6,49.6,0.29,0.33,0.26
WARW,2019-11-08 23:15:00 EST,41.24036,-74.39056,539,23.6,24.5,17.5,73.3,16.3,0.000,0.000,0.00,0.000,4.4,6.0,0.7,248,6,4.7,6.7,0.8,256,6,4.7,6.7,0.8,256,6,0,29.75,0.1,0,0,0,36.7,44.6,49.6,0.29,0.33,0.26
WARW,2019-11-08 23:20:00 EST,41.24036,-74.39056,539,23.0,24.4,15.8,74.2,16.0,0.000,0.000,0.00,0.000,5.4,6.9,0.5,263,7,5.7,7.1,0.6,271,7,5.7,7.1,0.6,271,7,0,29.75,-0.0,0,0,0,36.6,44.6,49.7,0.29,0.33,0.26
WARW,2019-11-08 23:25:00 EST,41.24036,-74.39056,539,21.9,24.3,14.0,77.7,16.1,0.000,0.000,0.00,0.000,5.9,7.9,0.6,270,6,6.3,8.6,0.7,279,5,6.3,8.6,0.7,279,5,0,29.75,0.2,0,0,0,36.5,44.6,49.6,0.29,0.33,0.26
WARW,2019-11-08 23:30:00 EST,41.24036,-74.39056,539,22.7,24.3,16.2,78.5,17.1,0.000,0.000,0.00,0.000,4.7,6.8,0.8,258,9,5.0,7.8,1.0,267,8,5.0,7.8,1.0,267,8,0,29.75,0.1,0,0,0,36.5,44.6,49.6,0.29,0.33,0.26
WARW,2019-11-08 23:35:00 EST,41.24036,-74.39056,539,23.4,24.4,17.1,75.7,16.8,0.000,0.000,0.00,0.000,4.5,6.6,0.8,251,9,4.8,7.2,1.0,259,9,4.8,7.2,1.0,259,9,0,29.75,0.1,0,0,0,36.5,44.5,49.6,0.29,0.33,0.26
WARW,2019-11-08 23:40:00 EST,41.24036,-74.39056,539,23.3,24.4,16.2,74.7,16.4,0.000,0.000,0.00,0.000,5.3,7.7,1.0,259,8,5.6,8.4,1.1,267,6,5.6,8.4,1.1,267,6,0,29.75,0.1,0,0,0,36.5,44.5,49.6,0.29,0.33,0.26
WARW,2019-11-08 23:45:00 EST,41.24036,-74.39056,539,22.6,24.3,14.3,76.0,16.2,0.000,0.000,0.00,0.000,6.5,8.1,0.7,268,5,6.8,8.9,0.8,277,5,6.8,8.9,0.8,277,5,0,29.74,0.0,0,0,0,36.5,44.3,49.6,0.29,0.33,0.26
WARW,2019-11-08 23:50:00 EST,41.24036,-74.39056,539,22.4,24.2,14.8,77.9,16.5,0.000,0.000,0.00,0.000,5.6,7.8,0.8,263,9,6.0,8.2,0.8,272,8,6.0,8.2,0.8,272,8,0,29.75,0.2,0,0,0,36.5,44.3,49.6,0.29,0.33,0.25
WARW,2019-11-08 23:55:00 EST,41.24036,-74.39056,539,22.8,24.2,15.6,77.1,16.7,0.000,0.000,0.00,0.000,5.4,7.0,0.6,256,7,5.7,7.3,0.6,264,6,5.7,7.3,0.6,264,6,0,29.75,0.1,0,0,0,36.5,44.5,49.6,0.29,0.33,0.26
WATE,2019-11-08 00:00:00 EST,42.87966,-76.81255,478,29.4,29.5,23.2,90.2,26.9,0.000,0.098,0.00,0.000,5.4,10.2,1.6,293,16,6.0,11.9,1.6,299,15,6.0,11.9,1.6,299,15,0,29.61,0.1,0,0,0,45.3,48.4,49.7,0.49,0.51,0.45
WATE,2019-11-08 00:05:00 EST,42.87966,-76.81255,478,29.4,29.4,22.5,91.0,27.1,0.000,0.000,0.00,0.000,6.5,9.9,1.6,296,16,6.9,10.4,1.8,299,15,6.9,10.4,1.8,299,15,0,29.61,0.1,0,0,0,45.3,48.4,49.7,0.49,0.51,0.45
WATE,2019-11-08 00:10:00 EST,42.87966,-76.81255,478,29.3,29.3,23.9,92.1,27.3,0.000,0.000,0.00,0.000,4.6,6.3,0.9,297,17,5.0,7.4,1.1,300,15,5.0,7.4,1.1,300,15,0,29.61,0.1,0,0,0,45.3,48.4,49.7,0.49,0.51,0.45
WATE,2019-11-08 00:15:00 EST,42.87966,-76.81255,478,29.3,29.3,22.8,93.2,27.6,0.000,0.000,0.00,0.000,5.7,8.5,1.5,301,15,6.2,9.3,1.6,304,14,6.2,9.3,1.6,304,14,0,29.61,0.1,0,0,0,45.3,48.4,49.6,0.49,0.51,0.45
WATE,2019-11-08 00:20:00 EST,42.87966,-76.81255,478,29.2,29.1,23.0,94.1,27.7,0.003,0.003,0.00,0.003,5.6,8.8,1.4,300,14,5.9,9.1,1.5,303,13,5.9,9.1,1.5,303,13,0,29.61,0.1,0,0,0,45.3,48.4,49.7,0.49,0.51,0.45
WATE,2019-11-08 00:25:00 EST,42.87966,-76.81255,478,29.2,29.1,23.3,94.9,27.9,0.000,0.003,0.00,0.003,5.1,7.7,1.2,292,13,5.5,8.7,1.3,297,13,5.5,8.7,1.3,297,13,0,29.61,0.1,0,0,0,45.3,48.4,49.7,0.49,0.51,0.45
WATE,2019-11-08 00:30:00 EST,42.87966,-76.81255,478,29.2,29.1,22.0,95.3,28.0,0.002,0.005,0.00,0.005,6.6,10.3,2.0,296,15,7.1,11.3,2.2,299,16,7.1,11.3,2.2,299,16,0,29.61,0.1,0,0,0,45.3,48.3,49.7,0.49,0.51,0.45
WATE,2019-11-08 00:35:00 EST,42.87966,-76.81255,478,29.2,29.1,22.6,95.7,28.1,0.002,0.007,0.00,0.007,5.7,9.7,1.6,288,12,6.3,11.0,1.8,291,13,6.3,11.0,1.8,291,13,0,29.61,0.1,0,0,0,45.3,48.4,49.7,0.49,0.51,0.45
WATE,2019-11-08 00:40:00 EST,42.87966,-76.81255,478,29.2,29.1,22.7,96.0,28.2,0.002,0.008,0.00,0.008,5.6,9.7,1.7,285,16,6.2,10.0,1.8,289,14,6.2,10.0,1.8,289,14,0,29.61,0.1,0,0,0,45.3,48.4,49.7,0.49,0.51,0.45
WATE,2019-11-08 00:45:00 EST,42.87966,-76.81255,478,29.2,29.1,22.6,96.3,28.2,0.001,0.009,0.00,0.009,5.5,7.8,1.1,277,13,6.3,9.2,1.4,281,11,6.3,9.2,1.4,281,11,0,29.61,0.1,0,0,0,45.3,48.3,49.7,0.49,0.51,0.45
WATE,2019-11-08 00:50:00 EST,42.87966,-76.81255,478,29.2,29.1,23.5,96.5,28.3,0.002,0.011,0.00,0.011,4.7,8.8,1.3,278,17,5.2,10.2,1.6,282,15,5.2,10.2,1.6,282,15,0,29.61,0.1,0,0,0,45.3,48.3,49.8,0.49,0.51,0.45
WATE,2019-11-08 00:55:00 EST,42.87966,-76.81255,478,29.1,29.1,23.6,96.6,28.3,0.004,0.015,0.00,0.015,4.5,7.5,1.3,272,14,5.1,9.0,1.6,278,13,5.1,9.0,1.6,278,13,0,29.60,0.0,0,0,0,45.2,48.4,49.7,0.49,0.51,0.45
WATE,2019-11-08 01:00:00 EST,42.87966,-76.81255,478,29.1,29.0,23.3,96.8,28.3,0.002,0.017,0.00,0.017,4.7,8.1,1.4,272,14,5.4,9.6,1.7,276,13,5.4,9.6,1.7,276,13,0,29.60,0.1,0,0,0,45.2,48.3,49.7,0.49,0.51,0.45
WATE,2019-11-08 01:05:00 EST,42.87966,-76.81255,478,29.1,29.0,23.3,96.9,28.3,0.004,0.021,0.00,0.021,4.7,9.4,1.5,279,12,5.4,11.2,1.8,283,10,5.4,11.2,1.8,283,10,0,29.60,0.3,0,0,0,45.1,48.3,49.7,0.49,0.51,0.45
WATE,2019-11-08 01:10:00 EST,42.87966,-76.81255,478,29.1,29.0,22.8,97.0,28.3,0.002,0.023,0.00,0.023,5.3,9.4,1.3,289,17,5.9,10.0,1.6,291,17,5.9,10.0,1.6,291,17,0,29.60,0.4,0,0,0,45.1,48.3,49.7,0.49,0.51,0.45
WATE,2019-11-08 01:15:00 EST,42.87966,-76.81255,478,29.0,29.0,23.2,97.0,28.3,0.001,0.024,0.00,0.024,5.0,7.5,1.1,288,14,5.5,8.4,1.3,292,15,5.5,8.4,1.3,292,15,0,29.60,0.3,0,0,0,45.1,48.2,49.6,0.49,0.51,0.45
WATE,2019-11-08 01:20:00 EST,42.87966,-76.81255,478,29.0,28.9,22.5,97.1,28.3,0.005,0.029,0.00,0.026,5.4,8.3,1.3,285,14,6.2,10.4,1.7,288,12,6.2,10.4,1.7,288,12,0,29.61,0.7,0,0,0,45.1,48.2,49.6,0.49,0.51,0.45
WATE,2019-11-08 01:25:00 EST,42.87966,-76.81255,478,29.0,28.9,22.5,97.1,28.2,0.002,0.031,0.00,0.028,5.5,8.0,1.3,288,13,6.1,9.5,1.5,291,11,6.1,9.5,1.5,291,11,0,29.61,0.6,0,0,0,45.1,48.2,49.6,0.49,0.51,0.45
WATE,2019-11-08 01:30:00 EST,42.87966,-76.81255,478,28.9,28.9,22.9,97.1,28.2,0.000,0.031,0.00,0.026,5.0,8.5,1.3,282,16,5.7,9.2,1.4,287,14,5.7,9.2,1.4,287,14,0,29.60,0.1,0,0,0,45.1,48.2,49.6,0.49,0.51,0.45
WATE,2019-11-08 01:35:00 EST,42.87966,-76.81255,478,28.9,28.9,22.4,97.2,28.2,0.003,0.033,0.00,0.027,5.5,8.5,1.3,283,11,6.2,10.6,1.7,286,10,6.2,10.6,1.7,286,10,0,29.61,0.3,0,0,0,45.1,48.2,49.6,0.49,0.51,0.45
WATE,2019-11-08 01:40:00 EST,42.87966,-76.81255,478,28.9,28.9,22.8,97.2,28.2,0.001,0.034,0.00,0.026,5.0,7.6,1.1,281,13,5.7,8.8,1.3,285,13,5.7,8.8,1.3,285,13,0,29.60,0.7,0,0,0,45.1,48.2,49.6,0.49,0.51,0.45
WATE,2019-11-08 01:45:00 EST,42.87966,-76.81255,478,28.9,28.9,22.3,97.2,28.2,0.000,0.034,0.00,0.025,5.7,8.5,1.1,283,16,6.4,10.0,1.4,286,14,6.4,10.0,1.4,286,14,0,29.60,0.7,0,0,0,45.1,48.2,49.7,0.49,0.51,0.45
WATE,2019-11-08 01:50:00 EST,42.87966,-76.81255,478,28.9,28.9,23.6,97.3,28.2,0.000,0.034,0.00,0.023,4.5,6.3,0.8,280,15,4.9,7.4,1.1,285,13,4.9,7.4,1.1,285,13,0,29.60,0.5,0,0,0,45.1,48.2,49.6,0.49,0.51,0.45
WATE,2019-11-08 01:55:00 EST,42.87966,-76.81255,478,28.9,28.9,22.6,97.3,28.2,0.000,0.034,0.00,0.019,5.2,8.0,1.4,277,14,5.9,9.9,1.7,281,12,5.9,9.9,1.7,281,12,0,29.60,0.3,0,0,0,45.1,48.2,49.5,0.49,0.51,0.45
WATE,2019-11-08 02:00:00 EST,42.87966,-76.81255,478,28.9,28.9,21.7,97.3,28.2,0.000,0.034,0.00,0.017,6.1,9.5,1.5,281,12,7.0,11.8,1.8,284,10,7.0,11.8,1.8,284,10,0,29.61,0.2,0,0,0,45.1,48.2,49.7,0.49,0.51,0.45
WATE,2019-11-08 02:05:00 EST,42.87966,-76.81255,478,28.8,28.9,22.8,97.2,28.1,0.000,0.034,0.00,0.013,4.9,9.3,1.4,278,15,5.6,11.2,1.8,282,13,5.6,11.2,1.8,282,13,0,29.61,0.2,0,0,0,45.1,48.2,49.6,0.49,0.51,0.45
WATE,2019-11-08 02:10:00 EST,42.87966,-76.81255,478,28.7,28.8,22.7,97.1,28.0,0.000,0.034,0.00,0.011,4.9,9.1,1.7,280,13,5.6,10.8,2.1,284,12,5.6,10.8,2.1,284,12,0,29.60,0.2,0,0,0,45.1,48.2,49.6,0.49,0.51,0.45
WATE,2019-11-08 02:15:00 EST,42.87966,-76.81255,478,28.5,28.7,23.3,97.0,27.7,0.000,0.034,0.00,0.011,4.0,6.2,0.9,280,14,4.6,7.5,1.1,285,15,4.6,7.5,1.1,285,15,0,29.60,0.2,0,0,0,45.1,48.2,49.5,0.49,0.51,0.45
WATE,2019-11-08 02:20:00 EST,42.87966,-76.81255,478,28.2,28.5,23.0,96.8,27.4,0.000,0.034,0.00,0.006,4.1,6.5,0.9,273,12,4.7,7.9,1.1,279,11,4.7,7.9,1.1,279,11,0,29.60,0.3,0,0,0,45.1,48.2,49.7,0.49,0.51,0.45
WATE,2019-11-08 02:25:00 EST,42.87966,-76.81255,478,28.0,28.3,22.0,96.6,27.1,0.000,0.034,0.00,0.004,4.7,7.7,1.2,277,12,5.3,9.2,1.4,281,12,5.3,9.2,1.4,281,12,0,29.60,0.1,0,0,0,45.1,48.2,49.7,0.49,0.51,0.45
WATE,2019-11-08 02:30:00 EST,42.87966,-76.81255,478,28.0,28.3,22.1,96.6,27.2,0.000,0.034,0.00,0.004,4.7,8.0,1.2,275,13,5.4,9.1,1.5,279,12,5.4,9.1,1.5,279,12,0,29.60,0.1,0,0,0,45.0,48.2,49.6,0.49,0.51,0.45
WATE,2019-11-08 02:35:00 EST,42.87966,-76.81255,478,28.1,28.3,21.8,96.6,27.3,0.000,0.034,0.00,0.001,5.1,9.4,1.3,276,13,5.7,10.7,1.6,280,11,5.7,10.7,1.6,280,11,0,29.61,0.2,0,0,0,45.0,48.2,49.6,0.49,0.51,0.45
WATE,2019-11-08 02:40:00 EST,42.87966,-76.81255,478,28.1,28.3,21.5,96.6,27.3,0.000,0.034,0.00,0.000,5.4,9.3,1.8,271,11,6.2,11.6,2.2,277,11,6.2,11.6,2.2,277,11,0,29.61,-0.1,0,0,0,45.0,48.2,49.6,0.49,0.51,0.45
WATE,2019-11-08 02:45:00 EST,42.87966,-76.81255,478,28.1,28.3,21.5,96.6,27.3,0.000,0.034,0.00,0.000,5.4,9.4,1.5,271,13,6.1,10.4,1.8,275,12,6.1,10.4,1.8,275,12,0,29.61,-0.1,0,0,0,45.0,48.2,49.6,0.49,0.51,0.45
WATE,2019-11-08 02:50:00 EST,42.87966,-76.81255,478,28.1,28.3,20.6,96.5,27.2,0.000,0.034,0.00,0.000,6.3,11.1,1.7,274,12,7.2,13.4,2.2,277,10,7.2,13.4,2.2,277,10,0,29.60,0.1,0,0,0,45.0,48.2,49.6,0.49,0.51,0.45
WATE,2019-11-08 02:55:00 EST,42.87966,-76.81255,478,27.9,28.2,21.1,96.2,27.0,0.000,0.034,0.00,0.000,5.7,9.3,1.7,275,12,6.4,10.9,2.1,279,11,6.4,10.9,2.1,279,11,0,29.60,0.1,0,0,0,45.0,48.2,49.7,0.49,0.51,0.45
WATE,2019-11-08 03:00:00 EST,42.87966,-76.81255,478,27.8,28.2,20.2,96.0,26.8,0.000,0.034,0.00,0.000,6.3,10.7,1.5,273,12,7.3,12.9,2.0,277,10,7.3,12.9,2.0,277,10,0,29.60,0.2,0,0,0,45.0,48.2,49.6,0.49,0.51,0.45
WATE,2019-11-08 03:05:00 EST,42.87966,-76.81255,478,27.9,28.2,21.1,96.0,26.9,0.000,0.034,0.00,0.000,5.5,8.6,1.7,272,14,6.4,11.2,2.1,277,12,6.4,11.2,2.1,277,12,0,29.61,0.4,0,0,0,45.0,48.2,49.5,0.49,0.51,0.45
WATE,2019-11-08 03:10:00 EST,42.87966,-76.81255,478,28.0,28.2,21.2,95.9,26.9,0.000,0.034,0.00,0.000,5.5,8.9,1.5,282,13,6.2,10.6,2.0,285,11,6.2,10.6,2.0,285,11,0,29.61,0.2,0,0,0,45.0,48.2,49.6,0.49,0.51,0.45
WATE,2019-11-08 03:15:00 EST,42.87966,-76.81255,478,28.0,28.2,19.3,95.9,27.0,0.000,0.034,0.00,0.000,8.1,13.8,2.2,278,13,9.1,14.3,2.7,283,11,9.1,14.3,2.7,283,11,0,29.61,0.3,0,0,0,45.0,48.2,49.5,0.49,0.51,0.45
WATE,2019-11-08 03:20:00 EST,42.87966,-76.81255,478,28.1,28.3,20.4,96.0,27.1,0.000,0.034,0.00,0.000,6.8,10.4,1.7,289,14,7.5,12.9,1.8,293,14,7.5,12.9,1.8,293,14,0,29.61,0.3,0,0,0,45.0,48.2,49.7,0.49,0.51,0.45
WATE,2019-11-08 03:25:00 EST,42.87966,-76.81255,478,28.0,28.2,19.7,96.0,27.0,0.000,0.034,0.00,0.000,7.5,11.3,1.9,286,12,8.3,13.6,2.3,290,12,8.3,13.6,2.3,290,12,0,29.61,0.3,0,0,0,45.0,48.2,49.7,0.49,0.51,0.45
WATE,2019-11-08 03:30:00 EST,42.87966,-76.81255,478,27.9,28.2,21.1,95.9,26.9,0.000,0.034,0.00,0.000,5.7,9.5,1.7,298,17,6.3,10.3,2.0,304,17,6.3,10.3,2.0,304,17,0,29.61,0.2,0,0,0,45.0,48.2,49.6,0.49,0.51,0.45
WATE,2019-11-08 03:35:00 EST,42.87966,-76.81255,478,28.0,28.3,20.6,96.0,27.0,0.000,0.034,0.00,0.000,6.8,11.7,1.9,304,16,7.1,13.1,2.0,310,16,7.1,13.1,2.0,310,16,0,29.62,0.5,0,0,0,45.0,48.2,49.5,0.49,0.51,0.45
WATE,2019-11-08 03:40:00 EST,42.87966,-76.81255,478,27.9,28.3,21.3,96.0,26.9,0.000,0.034,0.00,0.000,5.8,8.3,1.4,322,14,6.0,9.9,1.4,330,14,6.0,9.9,1.4,330,14,0,29.62,0.3,0,0,0,45.0,48.2,49.7,0.49,0.51,0.45
WATE,2019-11-08 03:45:00 EST,42.87966,-76.81255,478,27.6,28.0,22.1,95.8,26.5,0.000,0.034,0.00,0.000,4.4,6.4,1.0,323,12,4.7,6.6,0.9,330,11,4.7,6.6,0.9,330,11,0,29.62,0.3,0,0,0,45.0,48.1,49.6,0.49,0.51,0.45
WATE,2019-11-08 03:50:00 EST,42.87966,-76.81255,478,27.4,27.9,21.7,95.7,26.3,0.000,0.034,0.00,0.000,4.7,7.7,0.9,317,14,5.0,8.3,1.1,324,13,5.0,8.3,1.1,324,13,0,29.62,0.3,0,0,0,45.0,48.1,49.5,0.49,0.51,0.45
WATE,2019-11-08 03:55:00 EST,42.87966,-76.81255,478,27.5,28.0,21.0,95.7,26.4,0.000,0.034,0.00,0.000,5.7,8.6,1.1,310,12,5.8,8.8,1.1,316,11,5.8,8.8,1.1,316,11,0,29.62,0.5,0,0,0,45.0,48.1,49.5,0.49,0.51,0.45
WATE,2019-11-08 04:00:00 EST,42.87966,-76.81255,478,27.2,27.7,21.9,95.7,26.2,0.000,0.034,0.00,0.000,4.4,8.6,1.1,311,12,4.6,9.9,1.3,317,11,4.6,9.9,1.3,317,11,0,29.62,0.4,0,0,0,45.0,48.1,49.6,0.49,0.51,0.45
WATE,2019-11-08 04:05:00 EST,42.87966,-76.81255,478,27.1,27.6,21.3,95.5,26.0,0.000,0.034,0.00,0.000,4.6,7.4,1.3,310,17,5.0,8.6,1.3,317,16,5.0,8.6,1.3,317,16,0,29.62,0.5,0,0,0,44.9,48.0,49.7,0.49,0.51,0.45
WATE,2019-11-08 04:10:00 EST,42.87966,-76.81255,478,27.1,27.6,20.2,95.5,26.0,0.000,0.034,0.00,0.000,6.0,11.7,1.7,311,14,6.3,13.4,1.7,317,14,6.3,13.4,1.7,317,14,0,29.63,0.5,0,0,0,44.8,48.0,49.7,0.49,0.51,0.45
WATE,2019-11-08 04:15:00 EST,42.87966,-76.81255,478,27.2,27.7,19.8,95.3,26.1,0.000,0.034,0.00,0.000,6.6,11.7,1.9,312,18,6.9,14.4,1.9,318,17,6.9,14.4,1.9,318,17,0,29.63,0.7,0,0,0,44.9,48.0,49.5,0.49,0.51,0.45
WATE,2019-11-08 04:20:00 EST,42.87966,-76.81255,478,27.2,27.6,20.2,94.8,25.9,0.000,0.034,0.00,0.000,5.9,9.4,1.5,312,16,6.3,9.6,1.4,318,15,6.3,9.6,1.4,318,15,0,29.63,0.5,0,0,0,44.8,48.0,49.5,0.49,0.51,0.45
WATE,2019-11-08 04:25:00 EST,42.87966,-76.81255,478,27.0,27.5,20.0,94.2,25.6,0.000,0.034,0.00,0.000,6.0,9.8,1.5,311,15,6.4,11.6,1.7,317,14,6.4,11.6,1.7,317,14,0,29.63,0.6,0,0,0,44.8,48.0,49.6,0.49,0.51,0.45
WATE,2019-11-08 04:30:00 EST,42.87966,-76.81255,478,26.8,27.4,20.2,93.8,25.3,0.000,0.034,0.00,0.000,5.6,8.4,1.1,317,15,5.8,9.2,1.3,323,13,5.8,9.2,1.3,323,13,0,29.63,0.7,0,0,0,44.8,48.0,49.5,0.49,0.51,0.45
WATE,2019-11-08 04:35:00 EST,42.87966,-76.81255,478,26.9,27.4,18.9,93.5,25.3,0.000,0.034,0.00,0.000,7.1,12.4,2.1,326,13,7.7,13.0,2.1,333,11,7.7,13.0,2.1,333,11,0,29.63,0.7,0,0,0,44.8,48.0,49.5,0.49,0.51,0.45
WATE,2019-11-08 04:40:00 EST,42.87966,-76.81255,478,26.8,27.2,19.7,93.0,25.1,0.000,0.034,0.00,0.000,5.6,9.6,1.4,327,13,6.4,10.3,1.4,333,12,6.4,10.3,1.4,333,12,0,29.63,0.8,0,0,0,44.8,48.0,49.5,0.49,0.51,0.45
WATE,2019-11-08 04:45:00 EST,42.87966,-76.81255,478,26.8,27.2,19.8,92.6,24.9,0.000,0.034,0.00,0.000,5.9,10.4,1.8,321,11,6.2,11.2,1.9,326,10,6.2,11.2,1.9,326,10,0,29.63,0.7,0,0,0,44.8,48.0,49.5,0.49,0.51,0.45
WATE,2019-11-08 04:50:00 EST,42.87966,-76.81255,478,26.8,27.2,19.3,92.5,24.9,0.000,0.034,0.00,0.000,6.8,13.7,2.8,316,13,7.0,14.9,2.7,322,13,7.0,14.9,2.7,322,13,0,29.64,0.7,0,0,0,44.8,48.0,49.6,0.49,0.51,0.45
WATE,2019-11-08 04:55:00 EST,42.87966,-76.81255,478,27.1,27.3,18.7,91.5,24.9,0.000,0.034,0.00,0.000,8.1,12.2,1.9,309,11,8.3,12.8,1.9,314,11,8.3,12.8,1.9,314,11,0,29.64,0.6,0,0,0,44.8,48.0,49.5,0.49,0.51,0.45
WATE,2019-11-08 05:00:00 EST,42.87966,-76.81255,478,26.8,27.1,20.3,91.0,24.5,0.000,0.034,0.00,0.000,5.3,9.2,1.5,315,16,5.7,9.8,1.6,320,15,5.7,9.8,1.6,320,15,0,29.64,0.7,0,0,0,44.8,48.0,49.5,0.49,0.51,0.45
WATE,2019-11-08 05:05:00 EST,42.87966,-76.81255,478,26.8,27.1,19.1,90.8,24.5,0.000,0.034,0.00,0.000,6.9,11.6,1.7,310,12,7.1,11.5,1.7,315,11,7.1,11.5,1.7,315,11,0,29.64,0.6,0,0,0,44.8,48.0,49.5,0.49,0.51,0.45
WATE,2019-11-08 05:10:00 EST,42.87966,-76.81255,478,26.6,27.0,19.5,90.5,24.2,0.000,0.034,0.00,0.000,6.0,9.1,1.6,303,16,6.4,12.1,1.6,308,15,6.4,12.1,1.6,308,15,0,29.64,0.8,0,0,0,44.8,48.0,49.5,0.49,0.51,0.45
WATE,2019-11-08 05:15:00 EST,42.87966,-76.81255,478,26.8,27.0,18.9,90.2,24.3,0.000,0.034,0.00,0.000,7.1,12.1,1.6,302,13,7.5,12.1,1.8,306,13,7.5,12.1,1.8,306,13,0,29.65,0.7,0,0,0,44.8,48.0,49.6,0.49,0.51,0.45
WATE,2019-11-08 05:20:00 EST,42.87966,-76.81255,478,26.7,26.9,18.6,90.0,24.1,0.000,0.034,0.00,0.000,7.2,12.4,2.1,302,15,7.6,12.9,2.1,305,13,7.6,12.9,2.1,305,13,0,29.65,0.7,0,0,0,44.8,48.0,49.5,0.49,0.51,0.45
WATE,2019-11-08 05:25:00 EST,42.87966,-76.81255,478,26.4,26.7,18.8,89.4,23.7,0.000,0.034,0.00,0.000,6.6,12.1,1.9,299,15,6.9,15.2,2.1,303,13,6.9,15.2,2.1,303,13,0,29.65,0.6,0,0,0,44.8,48.0,49.5,0.49,0.51,0.45
WATE,2019-11-08 05:30:00 EST,42.87966,-76.81255,478,26.2,26.5,18.4,89.2,23.4,0.000,0.034,0.00,0.000,6.6,14.2,2.0,303,15,7.0,16.0,2.1,307,15,7.0,16.0,2.1,307,15,0,29.65,0.7,0,0,0,44.8,48.0,49.5,0.49,0.51,0.45
WATE,2019-11-08 05:35:00 EST,42.87966,-76.81255,478,26.1,26.4,17.8,89.0,23.3,0.000,0.034,0.00,0.000,7.3,10.6,1.4,299,12,7.7,12.2,1.6,303,12,7.7,12.2,1.6,303,12,0,29.65,0.6,0,0,0,44.8,48.0,49.5,0.49,0.51,0.45
WATE,2019-11-08 05:40:00 EST,42.87966,-76.81255,478,25.8,26.2,17.9,89.2,23.0,0.000,0.034,0.00,0.000,6.4,9.6,1.6,289,14,7.2,12.0,1.8,292,13,7.2,12.0,1.8,292,13,0,29.65,0.7,0,0,0,44.8,48.0,49.5,0.49,0.51,0.45
WATE,2019-11-08 05:45:00 EST,42.87966,-76.81255,478,25.7,26.1,17.8,89.7,23.1,0.000,0.034,0.00,0.000,6.7,10.1,1.7,294,12,7.2,11.2,1.9,298,12,7.2,11.2,1.9,298,12,0,29.66,0.7,0,0,0,44.8,48.0,49.5,0.49,0.51,0.45
WATE,2019-11-08 05:50:00 EST,42.87966,-76.81255,478,25.8,26.1,17.7,90.1,23.3,0.000,0.034,0.00,0.000,6.8,12.6,1.9,294,13,7.4,13.0,2.1,299,12,7.4,13.0,2.1,299,12,0,29.66,0.7,0,0,0,44.8,48.0,49.5,0.49,0.51,0.45
WATE,2019-11-08 05:55:00 EST,42.87966,-76.81255,478,25.9,26.1,19.0,90.5,23.5,0.000,0.034,0.00,0.000,5.5,9.5,1.5,294,12,6.0,9.8,1.7,296,11,6.0,9.8,1.7,296,11,0,29.66,0.7,0,0,0,44.8,48.0,49.5,0.49,0.51,0.45
WATE,2019-11-08 06:00:00 EST,42.87966,-76.81255,478,25.9,26.1,19.1,90.8,23.6,0.000,0.034,0.00,0.000,5.4,8.0,1.3,294,13,5.9,8.8,1.5,297,12,5.9,8.8,1.5,297,12,0,29.66,0.6,0,0,0,44.8,48.0,49.4,0.49,0.51,0.45
WATE,2019-11-08 06:05:00 EST,42.87966,-76.81255,478,26.0,26.2,18.6,91.0,23.7,0.000,0.034,0.00,0.000,6.2,8.8,1.3,293,13,6.6,10.8,1.4,297,11,6.6,10.8,1.4,297,11,0,29.67,0.6,0,0,0,44.8,48.0,49.5,0.49,0.51,0.45
WATE,2019-11-08 06:10:00 EST,42.87966,-76.81255,478,26.1,26.2,19.3,91.5,24.0,0.000,0.034,0.00,0.000,5.5,9.5,1.8,294,15,5.9,10.2,2.0,298,13,5.9,10.2,2.0,298,13,0,29.67,0.6,0,0,0,44.8,48.0,49.5,0.49,0.51,0.45
WATE,2019-11-08 06:15:00 EST,42.87966,-76.81255,478,26.2,26.3,18.4,91.6,24.1,0.000,0.034,0.00,0.000,6.4,9.9,1.6,290,15,7.3,11.7,1.7,293,14,7.3,11.7,1.7,293,14,0,29.67,0.5,0,0,0,44.8,48.0,49.5,0.49,0.51,0.45
WATE,2019-11-08 06:20:00 EST,42.87966,-76.81255,478,26.3,26.3,18.7,91.9,24.3,0.000,0.034,0.00,0.000,6.4,11.5,2.2,294,15,6.9,11.7,2.4,297,14,6.9,11.7,2.4,297,14,0,29.67,0.4,0,0,0,44.7,48.0,49.5,0.49,0.51,0.45
WATE,2019-11-08 06:25:00 EST,42.87966,-76.81255,478,26.2,26.3,19.0,92.1,24.2,0.002,0.036,0.00,0.002,6.0,12.0,1.8,299,16,6.5,13.2,1.9,302,15,6.5,13.2,1.9,302,15,0,29.68,0.5,0,0,0,44.7,48.0,49.4,0.49,0.51,0.45
WATE,2019-11-08 06:30:00 EST,42.87966,-76.81255,478,26.2,26.3,19.6,92.0,24.2,0.000,0.036,0.00,0.002,5.4,8.7,1.3,301,15,5.7,8.9,1.4,306,14,5.7,8.9,1.4,306,14,0,29.68,0.5,0,0,0,44.6,48.0,49.4,0.49,0.51,0.45
WATE,2019-11-08 06:35:00 EST,42.87966,-76.81255,478,26.3,26.3,19.1,92.1,24.3,0.000,0.036,0.00,0.002,5.9,10.5,1.9,298,14,6.4,12.1,2.1,301,14,6.4,12.1,2.1,301,14,0,29.68,0.3,0,0,0,44.6,48.0,49.3,0.49,0.51,0.45
WATE,2019-11-08 06:40:00 EST,42.87966,-76.81255,478,26.3,26.4,18.6,91.9,24.3,0.000,0.036,0.00,0.002,6.7,9.6,1.3,302,17,7.1,11.1,1.5,307,16,7.1,11.1,1.5,307,16,1,29.68,0.2,0,0,0,44.6,48.0,49.4,0.49,0.51,0.45
WATE,2019-11-08 06:45:00 EST,42.87966,-76.81255,478,26.2,26.3,17.9,91.8,24.2,0.000,0.036,0.00,0.002,7.5,12.6,1.8,296,16,7.9,14.5,1.9,299,14,7.9,14.5,1.9,299,14,1,29.68,0.4,0,0,0,44.6,48.0,49.3,0.49,0.51,0.44
WATE,2019-11-08 06:50:00 EST,42.87966,-76.81255,478,26.3,26.3,17.4,91.5,24.1,0.000,0.036,0.00,0.002,8.3,13.2,2.2,304,15,8.7,13.1,2.3,308,15,8.7,13.1,2.3,308,15,2,29.69,0.3,0,0,0,44.6,48.0,49.3,0.49,0.51,0.45
WATE,2019-11-08 06:55:00 EST,42.87966,-76.81255,478,26.3,26.3,17.3,91.4,24.1,0.000,0.036,0.00,0.002,8.5,12.6,1.7,301,12,8.9,13.7,1.8,304,10,8.9,13.7,1.8,304,10,3,29.69,0.2,0,0,0,44.6,48.0,49.4,0.49,0.51,0.45
WATE,2019-11-08 07:00:00 EST,42.87966,-76.81255,478,26.3,26.2,18.3,92.1,24.3,0.002,0.038,0.00,0.004,6.9,11.2,1.6,303,13,7.3,11.2,1.6,308,12,7.3,11.2,1.6,308,12,4,29.69,0.1,0,0,0,44.6,47.9,49.4,0.49,0.51,0.45
WATE,2019-11-08 07:05:00 EST,42.87966,-76.81255,478,26.3,26.2,17.7,92.5,24.4,0.001,0.039,0.00,0.005,7.9,13.3,1.7,310,13,8.2,14.2,1.7,313,12,8.2,14.2,1.7,313,12,6,29.69,0.2,0,0,0,44.6,47.8,49.4,0.49,0.51,0.45
WATE,2019-11-08 07:10:00 EST,42.87966,-76.81255,478,26.2,26.2,19.3,92.3,24.3,0.000,0.039,0.00,0.005,5.7,10.8,2.3,315,15,6.1,11.9,2.4,318,14,6.1,11.9,2.4,318,14,8,29.70,0.4,0,0,0,44.6,47.9,49.5,0.49,0.51,0.45
WATE,2019-11-08 07:15:00 EST,42.87966,-76.81255,478,26.2,26.2,17.7,92.1,24.2,0.000,0.039,0.00,0.005,7.8,16.5,3.1,320,17,8.1,16.7,3.1,324,16,8.1,16.7,3.1,324,16,11,29.70,0.4,0,0,0,44.6,47.9,49.4,0.49,0.51,0.45
WATE,2019-11-08 07:20:00 EST,42.87966,-76.81255,478,26.0,26.0,16.0,89.9,23.5,0.000,0.039,0.00,0.005,10.2,15.0,2.2,315,15,10.7,16.2,2.5,320,15,10.7,16.2,2.5,320,15,12,29.70,0.4,0,0,0,44.6,47.8,49.4,0.49,0.51,0.45
WATE,2019-11-08 07:25:00 EST,42.87966,-76.81255,478,25.9,25.9,16.1,89.1,23.1,0.000,0.039,0.00,0.003,9.6,15.0,2.3,322,12,10.1,16.1,2.5,327,12,10.1,16.1,2.5,327,12,13,29.70,0.4,0,0,0,44.6,47.8,49.3,0.49,0.51,0.45
WATE,2019-11-08 07:30:00 EST,42.87966,-76.81255,478,25.9,25.9,17.2,89.7,23.3,0.000,0.039,0.00,0.003,7.9,11.8,1.7,322,19,8.4,12.4,1.7,325,13,8.4,12.4,1.7,325,13,13,29.71,0.6,0,0,0,44.6,47.8,49.4,0.49,0.51,0.45
WATE,2019-11-08 07:35:00 EST,42.87966,-76.81255,478,25.8,25.7,17.9,91.1,23.6,0.000,0.039,0.00,0.003,6.9,11.2,1.5,323,11,7.2,10.7,1.5,327,13,7.2,10.7,1.5,327,13,14,29.71,0.6,0,0,0,44.6,47.8,49.3,0.49,0.51,0.45
WATE,2019-11-08 07:40:00 EST,42.87966,-76.81255,478,25.8,25.7,17.2,91.9,23.8,0.002,0.041,0.00,0.005,7.5,15.9,2.7,323,16,8.1,17.4,2.7,327,14,8.1,17.4,2.7,327,14,19,29.71,0.6,0,0,0,44.6,47.8,49.4,0.49,0.51,0.45
WATE,2019-11-08 07:45:00 EST,42.87966,-76.81255,478,25.7,25.6,16.4,91.5,23.6,0.000,0.041,0.00,0.005,8.6,14.2,1.8,322,15,9.1,16.7,2.0,326,14,9.1,16.7,2.0,326,14,20,29.72,0.5,0,0,0,44.6,47.8,49.3,0.49,0.51,0.45
WATE,2019-11-08 07:50:00 EST,42.87966,-76.81255,478,25.6,25.6,17.6,91.4,23.4,0.000,0.041,0.00,0.005,6.8,11.7,2.1,304,17,7.3,13.0,2.0,308,15,7.3,13.0,2.0,308,15,28,29.72,0.4,0,0,0,44.6,47.8,49.4,0.49,0.51,0.45
WATE,2019-11-08 07:55:00 EST,42.87966,-76.81255,478,25.5,25.6,16.7,90.3,23.1,0.000,0.041,0.00,0.005,7.9,12.3,1.8,312,17,8.4,13.3,2.0,315,16,8.4,13.3,2.0,315,16,37,29.72,0.4,0,0,0,44.6,47.8,49.4,0.49,0.51,0.45
WATE,2019-11-08 08:00:00 EST,42.87966,-76.81255,478,25.5,25.6,17.5,88.8,22.7,0.000,0.041,0.00,0.003,6.8,10.2,1.6,297,15,7.2,11.6,1.8,300,14,7.2,11.6,1.8,300,14,76,29.72,0.4,0,0,0,44.6,47.8,49.5,0.49,0.51,0.45
WATE,2019-11-08 08:05:00 EST,42.87966,-76.81255,478,25.7,25.8,17.7,87.9,22.6,0.000,0.041,0.00,0.002,6.8,10.4,1.5,300,14,7.4,11.7,1.7,303,13,7.4,11.7,1.7,303,13,112,29.72,0.5,0,0,0,44.6,47.8,49.5,0.49,0.51,0.45
WATE,2019-11-08 08:10:00 EST,42.87966,-76.81255,478,25.9,25.9,18.6,86.2,22.4,0.000,0.041,0.00,0.002,6.0,9.1,1.5,294,15,6.4,10.6,1.7,298,14,6.4,10.6,1.7,298,14,131,29.73,0.5,0,0,0,44.6,47.8,49.4,0.49,0.51,0.45
WATE,2019-11-08 08:15:00 EST,42.87966,-76.81255,478,26.2,26.1,18.0,84.9,22.3,0.000,0.041,0.00,0.002,7.1,12.9,2.4,291,14,7.7,14.2,2.7,295,11,7.7,14.2,2.7,295,11,145,29.73,0.6,0,0,0,44.6,47.8,49.4,0.49,0.51,0.45
WATE,2019-11-08 08:20:00 EST,42.87966,-76.81255,478,26.1,26.1,17.4,83.7,21.9,0.000,0.041,0.00,0.002,7.9,13.2,2.4,298,15,8.4,13.8,2.4,300,13,8.4,13.8,2.4,300,13,100,29.73,0.5,0,0,0,44.5,47.8,49.4,0.49,0.51,0.45
WATE,2019-11-08 08:25:00 EST,42.87966,-76.81255,478,26.1,26.1,18.2,83.9,21.9,0.000,0.041,0.00,0.002,6.7,13.7,2.1,299,16,7.2,15.1,2.3,302,14,7.2,15.1,2.3,302,14,123,29.73,0.4,0,0,0,44.5,47.8,49.4,0.49,0.51,0.45
WATE,2019-11-08 08:30:00 EST,42.87966,-76.81255,478,26.3,26.3,18.9,83.9,22.1,0.000,0.041,0.00,0.002,6.4,9.9,1.7,308,14,6.8,9.9,1.7,311,12,6.8,9.9,1.7,311,12,170,29.74,0.5,0,0,0,44.5,47.8,49.4,0.49,0.51,0.45
WATE,2019-11-08 08:35:00 EST,42.87966,-76.81255,478,26.6,26.5,18.6,82.8,22.0,0.000,0.041,0.00,0.002,7.1,11.9,2.1,305,15,7.5,12.0,2.1,307,14,7.5,12.0,2.1,307,14,192,29.74,0.4,0,0,0,44.4,47.8,49.4,0.49,0.51,0.45
WATE,2019-11-08 08:40:00 EST,42.87966,-76.81255,478,26.7,26.6,18.3,81.8,21.9,0.000,0.041,0.00,0.000,7.6,12.9,2.0,302,17,8.1,13.4,2.0,306,17,8.1,13.4,2.0,306,17,232,29.74,0.4,0,0,0,44.4,47.8,49.5,0.49,0.51,0.45
WATE,2019-11-08 08:45:00 EST,42.87966,-76.81255,478,26.8,26.7,17.8,80.7,21.7,0.000,0.041,0.00,0.000,9.0,16.0,2.3,310,14,9.2,17.4,2.2,314,14,9.2,17.4,2.2,314,14,247,29.74,0.4,0,0,0,44.4,47.8,49.4,0.49,0.51,0.45
WATE,2019-11-08 08:50:00 EST,42.87966,-76.81255,478,27.0,26.8,18.9,80.5,21.8,0.000,0.041,0.00,0.000,7.2,11.5,1.7,304,12,7.7,11.5,1.9,307,13,7.7,11.5,1.9,307,13,255,29.74,0.3,0,0,0,44.4,47.8,49.4,0.49,0.51,0.45
WATE,2019-11-08 08:55:00 EST,42.87966,-76.81255,478,27.2,27.0,19.1,80.6,22.1,0.000,0.041,0.00,0.000,7.3,12.0,1.7,330,15,7.9,12.7,1.7,333,13,7.9,12.7,1.7,333,13,239,29.74,0.3,0,0,0,44.4,47.8,49.4,0.49,0.51,0.45
WATE,2019-11-08 09:00:00 EST,42.87966,-76.81255,478,27.1,26.8,17.8,79.4,21.6,0.000,0.041,0.00,0.000,9.1,14.7,2.3,321,17,9.7,15.6,2.3,326,15,9.7,15.6,2.3,326,15,155,29.74,0.2,0,0,0,44.4,47.8,49.4,0.49,0.51,0.45
WATE,2019-11-08 09:05:00 EST,42.87966,-76.81255,478,27.0,26.7,18.4,79.9,21.6,0.000,0.041,0.00,0.000,7.7,12.1,1.9,328,16,8.5,13.9,2.0,332,13,8.5,13.9,2.0,332,13,103,29.74,0.3,0,0,0,44.4,47.8,49.4,0.49,0.51,0.45
WATE,2019-11-08 09:10:00 EST,42.87966,-76.81255,478,26.5,26.3,16.6,80.2,21.2,0.000,0.041,0.00,0.000,9.6,14.8,2.5,334,15,10.5,16.8,2.5,338,12,10.5,16.8,2.5,338,12,82,29.74,0.3,0,0,0,44.4,47.8,49.4,0.49,0.51,0.45
WATE,2019-11-08 09:15:00 EST,42.87966,-76.81255,478,26.2,26.1,18.1,79.8,20.8,0.000,0.041,0.00,0.000,7.1,11.3,1.6,311,14,7.6,10.8,1.4,317,14,7.6,10.8,1.4,317,14,158,29.74,0.2,0,0,0,44.4,47.8,49.4,0.49,0.51,0.45
WATE,2019-11-08 09:20:00 EST,42.87966,-76.81255,478,26.3,26.2,17.2,79.2,20.8,0.000,0.041,0.00,0.000,8.7,15.5,2.4,307,14,9.1,16.0,2.5,312,13,9.1,16.0,2.5,312,13,150,29.75,0.2,0,0,0,44.4,47.8,49.5,0.49,0.51,0.45
WATE,2019-11-08 09:25:00 EST,42.87966,-76.81255,478,26.5,26.3,16.6,77.5,20.4,0.000,0.041,0.00,0.000,10.2,15.5,2.3,311,15,10.7,18.1,2.6,316,14,10.7,18.1,2.6,316,14,302,29.75,0.3,0,0,0,44.4,47.8,49.4,0.49,0.51,0.45
WATE,2019-11-08 09:30:00 EST,42.87966,-76.81255,478,26.9,26.6,16.9,77.4,20.8,0.000,0.041,0.00,0.000,10.7,18.0,3.3,310,15,11.0,18.9,3.4,315,14,11.0,18.9,3.4,315,14,309,29.75,0.2,0,0,0,44.4,47.8,49.4,0.49,0.51,0.45
WATE,2019-11-08 09:35:00 EST,42.87966,-76.81255,478,27.2,26.8,17.8,78.1,21.3,0.000,0.041,0.00,0.000,9.6,17.2,2.7,310,18,9.9,17.9,2.8,316,16,9.9,17.9,2.8,316,16,339,29.75,0.1,0,0,0,44.4,47.8,49.4,0.49,0.51,0.45
WATE,2019-11-08 09:40:00 EST,42.87966,-76.81255,478,27.2,26.7,17.3,77.4,21.0,0.000,0.041,0.00,0.000,10.4,17.2,2.6,303,14,10.9,17.0,2.8,307,14,10.9,17.0,2.8,307,14,341,29.75,0.1,0,0,0,44.4,47.8,49.4,0.49,0.51,0.45
WATE,2019-11-08 09:45:00 EST,42.87966,-76.81255,478,27.4,26.9,18.9,77.5,21.3,0.000,0.041,0.00,0.000,7.9,13.3,2.2,305,18,8.5,15.1,2.3,309,15,8.5,15.1,2.3,309,15,395,29.75,0.1,0,0,0,44.4,47.8,49.4,0.49,0.51,0.45
WATE,2019-11-08 09:50:00 EST,42.87966,-76.81255,478,27.4,26.8,17.5,75.4,20.6,0.000,0.041,0.00,0.000,10.6,17.8,3.1,305,13,10.9,17.6,3.0,310,13,10.9,17.6,3.0,310,13,386,29.75,0.1,0,0,0,44.4,47.8,49.4,0.49,0.51,0.45
WATE,2019-11-08 09:55:00 EST,42.87966,-76.81255,478,27.6,27.0,18.9,77.7,21.5,0.000,0.041,0.00,0.000,8.0,13.3,2.1,312,19,8.8,15.5,2.5,315,18,8.8,15.5,2.5,315,18,259,29.75,0.1,0,0,0,44.4,47.8,49.4,0.49,0.51,0.44
WATE,2019-11-08 10:00:00 EST,42.87966,-76.81255,478,27.7,27.2,19.0,76.9,21.3,0.000,0.041,0.00,0.000,8.2,16.7,3.1,321,15,8.8,17.9,3.0,324,16,8.8,17.9,3.0,324,16,333,29.75,0.2,0,0,0,44.4,47.8,49.5,0.49,0.51,0.45
WATE,2019-11-08 10:05:00 EST,42.87966,-76.81255,478,27.7,27.2,17.2,75.5,21.0,0.000,0.041,0.00,0.000,11.8,17.1,2.5,319,14,12.3,18.6,2.5,323,14,12.3,18.6,2.5,323,14,341,29.75,0.2,0,0,0,44.4,47.7,49.4,0.49,0.51,0.45
WATE,2019-11-08 10:10:00 EST,42.87966,-76.81255,478,27.5,27.1,17.9,74.9,20.6,0.000,0.041,0.00,0.000,10.1,16.0,2.2,309,17,10.6,18.1,2.4,312,17,10.6,18.1,2.4,312,17,369,29.75,0.3,0,0,0,44.4,47.8,49.4,0.49,0.51,0.45
WATE,2019-11-08 10:15:00 EST,42.87966,-76.81255,478,28.1,27.5,19.8,76.5,21.7,0.000,0.041,0.00,0.000,7.9,15.4,3.1,309,15,8.6,16.5,2.9,312,14,8.6,16.5,2.9,312,14,428,29.75,0.4,0,0,0,44.4,47.6,49.3,0.49,0.51,0.45
WATE,2019-11-08 10:20:00 EST,42.87966,-76.81255,478,28.3,27.6,18.9,75.0,21.4,0.000,0.041,0.00,0.000,10.0,14.1,2.0,316,14,10.3,17.1,2.1,321,15,10.3,17.1,2.1,321,15,392,29.76,0.4,0,0,0,44.4,47.6,49.4,0.49,0.51,0.45
WATE,2019-11-08 10:25:00 EST,42.87966,-76.81255,478,28.6,27.8,19.4,74.7,21.6,0.000,0.041,0.00,0.000,9.5,15.5,2.3,309,21,10.3,16.9,2.7,313,21,10.3,16.9,2.7,313,21,422,29.76,0.3,0,0,0,44.3,47.5,49.5,0.49,0.51,0.45
WATE,2019-11-08 10:30:00 EST,42.87966,-76.81255,478,27.9,27.3,17.5,76.6,21.5,0.000,0.041,0.00,0.000,11.7,16.5,2.6,327,14,12.3,18.0,2.8,333,12,12.3,18.0,2.8,333,12,283,29.76,0.1,0,0,0,44.3,47.6,49.3,0.49,0.51,0.45
WATE,2019-11-08 10:35:00 EST,42.87966,-76.81255,478,27.3,26.9,17.8,81.8,22.5,0.000,0.041,0.00,0.000,9.7,15.7,2.7,314,14,10.1,15.9,2.6,318,14,10.1,15.9,2.6,318,14,175,29.76,0.3,0,0,0,44.2,47.5,49.4,0.49,0.51,0.45
WATE,2019-11-08 10:40:00 EST,42.87966,-76.81255,478,27.6,27.0,17.3,78.4,21.8,0.000,0.041,0.00,0.000,11.5,16.5,2.3,324,13,12.1,18.4,2.3,329,11,12.1,18.4,2.3,329,11,457,29.76,0.3,0,0,0,44.1,47.5,49.4,0.49,0.51,0.45
WATE,2019-11-08 10:45:00 EST,42.87966,-76.81255,478,28.4,27.6,20.3,75.8,21.7,0.000,0.041,0.00,0.000,7.6,12.6,1.8,321,16,8.3,14.6,2.0,326,15,8.3,14.6,2.0,326,15,472,29.76,0.2,0,0,0,44.1,47.5,49.3,0.49,0.51,0.45
WATE,2019-11-08 10:50:00 EST,42.87966,-76.81255,478,28.5,27.7,19.7,75.4,21.7,0.000,0.041,0.00,0.000,8.6,12.2,1.8,327,14,9.3,15.9,2.2,332,13,9.3,15.9,2.2,332,13,347,29.76,0.3,0,0,0,44.1,47.5,49.4,0.49,0.51,0.45
WATE,2019-11-08 10:55:00 EST,42.87966,-76.81255,478,27.9,27.4,18.7,73.9,20.7,0.000,0.041,0.00,0.000,9.2,13.7,2.3,320,18,10.0,15.9,2.3,325,17,10.0,15.9,2.3,325,17,321,29.76,0.4,0,0,0,44.1,47.5,49.3,0.49,0.51,0.45
WATE,2019-11-08 11:00:00 EST,42.87966,-76.81255,478,28.4,27.7,20.1,75.3,21.6,0.000,0.041,0.00,0.000,7.8,12.4,2.0,324,21,8.4,13.8,2.0,328,20,8.4,13.8,2.0,328,20,407,29.76,0.6,0,0,0,44.1,47.5,49.4,0.49,0.51,0.45
WATE,2019-11-08 11:05:00 EST,42.87966,-76.81255,478,28.5,27.7,18.9,73.2,21.0,0.000,0.041,0.00,0.000,10.2,16.4,2.3,299,12,10.8,17.1,2.3,303,11,10.8,17.1,2.3,303,11,475,29.76,0.6,0,0,0,44.1,47.5,49.4,0.49,0.51,0.45
WATE,2019-11-08 11:10:00 EST,42.87966,-76.81255,478,29.2,28.3,20.0,73.3,21.7,0.000,0.041,0.00,0.000,9.9,16.7,2.9,305,15,10.5,18.1,3.2,308,14,10.5,18.1,3.2,308,14,470,29.76,0.3,0,0,0,44.1,47.5,49.4,0.49,0.51,0.45
WATE,2019-11-08 11:15:00 EST,42.87966,-76.81255,478,28.2,27.8,18.4,71.8,20.3,0.000,0.041,0.00,0.000,11.0,17.1,3.1,320,10,11.3,17.7,3.2,325,9,11.3,17.7,3.2,325,9,296,29.76,0.4,0,0,0,44.1,47.5,49.4,0.49,0.51,0.45
WATE,2019-11-08 11:20:00 EST,42.87966,-76.81255,478,27.8,27.3,17.4,71.4,19.7,0.000,0.041,0.00,0.000,11.3,17.8,2.7,326,13,12.2,19.0,2.8,330,12,12.2,19.0,2.8,330,12,176,29.76,0.4,0,0,0,44.1,47.5,49.4,0.49,0.51,0.45
WATE,2019-11-08 11:25:00 EST,42.87966,-76.81255,478,27.5,27.1,17.8,73.2,20.0,0.000,0.041,0.00,0.000,10.1,17.5,2.8,320,17,10.6,18.1,2.8,325,15,10.6,18.1,2.8,325,15,205,29.76,0.3,0,0,0,44.1,47.5,49.4,0.49,0.51,0.45
WATE,2019-11-08 11:30:00 EST,42.87966,-76.81255,478,27.2,27.0,17.8,72.9,19.7,0.000,0.041,0.00,0.000,9.3,15.0,2.4,300,16,10.0,15.4,2.4,303,15,10.0,15.4,2.4,303,15,208,29.76,0.4,0,0,0,44.1,47.5,49.4,0.49,0.51,0.45
WATE,2019-11-08 11:35:00 EST,42.87966,-76.81255,478,28.7,28.0,20.3,73.1,21.2,0.000,0.041,0.00,0.000,8.4,12.5,1.7,302,18,8.9,14.5,2.0,305,17,8.9,14.5,2.0,305,17,587,29.76,0.3,0,0,0,44.1,47.5,49.4,0.49,0.51,0.45
WATE,2019-11-08 11:40:00 EST,42.87966,-76.81255,478,28.5,28.0,19.3,73.4,21.1,0.000,0.041,0.00,0.000,9.7,15.6,2.8,296,15,10.3,15.9,2.8,300,14,10.3,15.9,2.8,300,14,263,29.76,0.0,0,0,0,44.1,47.5,49.4,0.49,0.51,0.45
WATE,2019-11-08 11:45:00 EST,42.87966,-76.81255,478,27.9,27.4,18.5,77.6,21.8,0.000,0.041,0.00,0.000,9.8,15.0,2.2,297,15,10.2,16.5,2.5,301,13,10.2,16.5,2.5,301,13,385,29.76,0.3,0,0,0,44.1,47.5,49.3,0.49,0.51,0.45
WATE,2019-11-08 11:50:00 EST,42.87966,-76.81255,478,28.7,27.9,20.0,74.1,21.5,0.000,0.041,0.00,0.000,9.1,14.0,2.3,309,14,9.5,14.8,2.3,314,12,9.5,14.8,2.3,314,12,506,29.76,0.3,0,0,0,44.1,47.5,49.4,0.49,0.51,0.45
WATE,2019-11-08 11:55:00 EST,42.87966,-76.81255,478,28.6,28.1,20.8,73.4,21.1,0.000,0.041,0.00,0.000,7.4,14.5,2.3,303,16,7.9,14.1,2.2,307,15,7.9,14.1,2.2,307,15,387,29.76,0.1,0,0,0,44.1,47.5,49.4,0.49,0.51,0.45
WATE,2019-11-08 12:00:00 EST,42.87966,-76.81255,478,28.5,28.1,19.0,69.0,19.7,0.000,0.041,0.00,0.000,10.3,16.3,2.8,311,14,10.8,16.7,2.8,314,12,10.8,16.7,2.8,314,12,261,29.76,0.0,0,0,0,44.1,47.5,49.4,0.49,0.51,0.45
WATE,2019-11-08 12:05:00 EST,42.87966,-76.81255,478,28.4,28.1,19.1,70.2,20.0,0.000,0.041,0.00,0.000,9.7,14.9,2.7,297,18,10.4,18.0,2.9,300,17,10.4,18.0,2.9,300,17,296,29.76,0.1,0,0,0,44.1,47.5,49.3,0.49,0.51,0.45
WATE,2019-11-08 12:10:00 EST,42.87966,-76.81255,478,28.8,28.1,19.8,69.5,20.0,0.000,0.041,0.00,0.000,9.4,15.3,2.3,310,14,9.9,16.9,2.4,315,14,9.9,16.9,2.4,315,14,487,29.75,0.3,0,0,0,44.1,47.5,49.4,0.49,0.51,0.45
WATE,2019-11-08 12:15:00 EST,42.87966,-76.81255,478,29.7,28.6,21.2,69.6,21.0,0.000,0.041,0.00,0.000,8.9,13.3,2.5,289,15,9.6,14.5,2.6,292,14,9.6,14.5,2.6,292,14,590,29.75,0.1,0,0,0,44.1,47.5,49.4,0.49,0.51,0.45
WATE,2019-11-08 12:20:00 EST,42.87966,-76.81255,478,30.1,29.1,21.6,68.5,21.0,0.000,0.041,0.00,0.000,9.1,14.9,2.4,296,15,9.6,15.4,2.4,300,14,9.6,15.4,2.4,300,14,434,29.75,-0.1,0,0,0,44.1,47.5,49.4,0.49,0.51,0.45
WATE,2019-11-08 12:25:00 EST,42.87966,-76.81255,478,29.6,28.8,21.2,69.8,20.9,0.000,0.041,0.00,0.000,8.3,12.1,1.9,277,15,9.1,14.1,2.1,282,15,9.1,14.1,2.1,282,15,524,29.75,0.1,0,0,0,44.1,47.5,49.3,0.49,0.51,0.45
WATE,2019-11-08 12:30:00 EST,42.87966,-76.81255,478,29.9,29.2,21.4,69.2,21.1,0.000,0.041,0.00,0.000,8.9,15.5,2.9,290,14,9.6,16.7,3.1,294,13,9.6,16.7,3.1,294,13,307,29.75,-0.0,0,0,0,44.1,47.5,49.4,0.49,0.51,0.45
WATE,2019-11-08 12:35:00 EST,42.87966,-76.81255,478,28.5,28.0,19.2,71.6,20.5,0.000,0.041,0.00,0.000,10.0,15.3,2.2,304,14,10.5,16.3,2.3,308,13,10.5,16.3,2.3,308,13,129,29.75,-0.0,0,0,0,44.1,47.5,49.4,0.49,0.51,0.45
WATE,2019-11-08 12:40:00 EST,42.87966,-76.81255,478,28.0,27.6,18.4,75.4,21.2,0.000,0.041,0.00,0.000,10.2,15.5,2.2,316,13,10.6,16.1,2.2,321,11,10.6,16.1,2.2,321,11,102,29.75,0.0,0,0,0,44.1,47.5,49.4,0.49,0.51,0.45
WATE,2019-11-08 12:45:00 EST,42.87966,-76.81255,478,27.5,27.1,17.5,78.4,21.7,0.000,0.041,0.00,0.000,10.5,15.6,2.2,328,10,11.3,16.1,2.3,332,10,11.3,16.1,2.3,332,10,108,29.75,0.1,0,0,0,44.1,47.5,49.4,0.49,0.51,0.45
WATE,2019-11-08 12:50:00 EST,42.87966,-76.81255,478,27.0,26.5,17.5,85.0,23.1,0.000,0.041,0.00,0.000,9.6,14.6,2.4,315,13,10.1,14.9,2.2,319,13,10.1,14.9,2.2,319,13,164,29.75,0.0,0,0,0,44.1,47.5,49.2,0.49,0.51,0.45
WATE,2019-11-08 12:55:00 EST,42.87966,-76.81255,478,27.3,26.8,17.8,87.2,24.0,0.000,0.041,0.00,0.000,9.4,14.4,2.1,330,13,10.1,15.5,2.1,335,12,10.1,15.5,2.1,335,12,182,29.75,-0.0,0,0,0,44.1,47.5,49.2,0.49,0.51,0.45
WATE,2019-11-08 13:00:00 EST,42.87966,-76.81255,478,26.9,26.4,16.9,89.0,24.1,0.000,0.041,0.00,0.000,10.6,16.7,3.0,323,14,11.1,18.8,3.1,326,11,11.1,18.8,3.1,326,11,132,29.75,0.0,0,0,0,44.1,47.5,49.3,0.49,0.51,0.45
WATE,2019-11-08 13:05:00 EST,42.87966,-76.81255,478,26.9,26.5,18.2,88.3,23.9,0.000,0.041,0.00,0.000,8.1,15.9,2.9,322,15,8.7,16.3,2.9,326,13,8.7,16.3,2.9,326,13,143,29.75,0.1,0,0,0,44.1,47.5,49.4,0.49,0.51,0.45
WATE,2019-11-08 13:10:00 EST,42.87966,-76.81255,478,27.2,26.9,18.7,85.9,23.5,0.000,0.041,0.00,0.000,8.0,14.0,2.2,318,15,8.4,17.0,2.4,323,15,8.4,17.0,2.4,323,15,106,29.75,0.0,0,0,0,44.1,47.5,49.3,0.49,0.51,0.45
WATE,2019-11-08 13:15:00 EST,42.87966,-76.81255,478,27.5,27.2,18.3,80.9,22.4,0.000,0.041,0.00,0.000,9.4,14.6,2.6,317,15,9.6,15.1,2.6,322,14,9.6,15.1,2.6,322,14,251,29.75,0.1,0,0,0,44.1,47.5,49.3,0.49,0.51,0.44
WATE,2019-11-08 13:20:00 EST,42.87966,-76.81255,478,27.9,27.5,18.5,76.9,21.6,0.000,0.041,0.00,0.000,9.7,16.0,2.4,307,19,10.3,16.3,2.6,311,17,10.3,16.3,2.6,311,17,116,29.75,0.0,0,0,0,44.1,47.5,49.3,0.49,0.51,0.45
WATE,2019-11-08 13:25:00 EST,42.87966,-76.81255,478,28.0,27.6,19.3,75.5,21.2,0.000,0.041,0.00,0.000,8.8,13.5,2.2,318,16,9.0,14.9,2.1,324,15,9.0,14.9,2.1,324,15,174,29.75,0.1,0,0,0,44.1,47.5,49.3,0.49,0.51,0.45
WATE,2019-11-08 13:30:00 EST,42.87966,-76.81255,478,28.5,28.0,19.3,76.6,22.1,0.000,0.041,0.00,0.000,9.3,13.2,2.0,324,16,10.0,15.6,2.1,329,15,10.0,15.6,2.1,329,15,246,29.75,0.1,0,0,0,44.1,47.5,49.2,0.49,0.51,0.45
WATE,2019-11-08 13:35:00 EST,42.87966,-76.81255,478,28.4,28.0,19.2,75.6,21.7,0.000,0.041,0.00,0.000,9.7,16.7,2.5,324,16,10.1,17.1,2.6,328,13,10.1,17.1,2.6,328,13,184,29.75,0.1,0,0,0,44.1,47.5,49.3,0.49,0.51,0.45
WATE,2019-11-08 13:40:00 EST,42.87966,-76.81255,478,28.5,28.1,21.4,76.5,22.0,0.000,0.041,0.00,0.000,6.6,13.4,2.5,321,22,6.7,13.2,2.7,324,19,6.7,13.2,2.7,324,19,212,29.75,0.0,0,0,0,44.1,47.5,49.2,0.49,0.51,0.44
WATE,2019-11-08 13:45:00 EST,42.87966,-76.81255,478,28.9,28.5,21.2,72.7,21.2,0.000,0.041,0.00,0.000,7.2,12.6,2.0,316,19,7.8,13.8,2.2,319,17,7.8,13.8,2.2,319,17,238,29.75,0.1,0,0,0,44.1,47.5,49.4,0.49,0.51,0.45
WATE,2019-11-08 13:50:00 EST,42.87966,-76.81255,478,29.5,29.1,21.3,65.1,19.2,0.000,0.041,0.00,0.000,7.7,15.1,2.8,295,19,8.7,19.1,3.2,300,17,8.7,19.1,3.2,300,17,203,29.75,-0.0,0,0,0,44.1,47.5,49.3,0.49,0.51,0.45
WATE,2019-11-08 13:55:00 EST,42.87966,-76.81255,478,28.7,28.5,18.9,63.4,17.9,0.000,0.041,0.00,0.000,10.9,17.8,2.8,299,14,11.6,17.9,3.0,303,13,11.6,17.9,3.0,303,13,155,29.75,0.0,0,0,0,44.1,47.5,49.1,0.49,0.51,0.45
WATE,2019-11-08 14:00:00 EST,42.87966,-76.81255,478,28.8,28.6,19.3,64.2,18.2,0.000,0.041,0.00,0.000,10.3,17.1,2.2,297,16,10.9,17.6,2.5,301,15,10.9,17.6,2.5,301,15,174,29.75,0.0,0,0,0,44.1,47.5,49.2,0.49,0.51,0.44
WATE,2019-11-08 14:05:00 EST,42.87966,-76.81255,478,28.8,28.6,20.4,64.6,18.4,0.000,0.041,0.00,0.000,8.5,12.9,2.2,298,13,9.0,15.9,2.4,302,11,9.0,15.9,2.4,302,11,142,29.75,0.0,0,0,0,44.1,47.4,49.2,0.49,0.51,0.45
WATE,2019-11-08 14:10:00 EST,42.87966,-76.81255,478,28.5,28.3,18.8,65.7,18.5,0.000,0.041,0.00,0.000,10.6,18.5,3.3,327,15,11.3,19.9,3.3,331,15,11.3,19.9,3.3,331,15,122,29.75,0.0,0,0,0,44.1,47.4,49.4,0.49,0.51,0.45
WATE,2019-11-08 14:15:00 EST,42.87966,-76.81255,478,28.2,28.0,18.3,68.2,19.1,0.000,0.041,0.00,0.000,11.0,17.9,3.4,315,15,11.4,19.2,3.4,319,15,11.4,19.2,3.4,319,15,128,29.75,0.0,0,0,0,44.1,47.5,49.3,0.49,0.51,0.45
WATE,2019-11-08 14:20:00 EST,42.87966,-76.81255,478,28.1,27.8,18.6,70.4,19.7,0.000,0.041,0.00,0.000,10.2,15.2,2.2,315,14,10.5,15.5,2.3,320,13,10.5,15.5,2.3,320,13,118,29.76,-0.0,0,0,0,44.1,47.4,49.4,0.49,0.51,0.45
WATE,2019-11-08 14:25:00 EST,42.87966,-76.81255,478,27.6,27.4,18.0,73.8,20.4,0.000,0.041,0.00,0.000,10.0,14.8,2.2,309,14,10.5,17.6,2.5,314,13,10.5,17.6,2.5,314,13,99,29.76,0.0,0,0,0,44.1,47.4,49.2,0.49,0.51,0.45
WATE,2019-11-08 14:30:00 EST,42.87966,-76.81255,478,27.5,27.3,17.8,74.0,20.3,0.000,0.041,0.00,0.000,10.4,15.1,2.3,320,14,10.7,15.2,2.3,325,12,10.7,15.2,2.3,325,12,143,29.76,0.0,0,0,0,44.1,47.3,49.2,0.49,0.51,0.45
WATE,2019-11-08 14:35:00 EST,42.87966,-76.81255,478,27.8,27.5,18.4,72.8,20.2,0.000,0.041,0.00,0.000,9.6,14.1,2.0,319,13,10.1,16.4,2.1,325,13,10.1,16.4,2.1,325,13,156,29.76,0.0,0,0,0,44.1,47.3,49.3,0.49,0.51,0.45
WATE,2019-11-08 14:40:00 EST,42.87966,-76.81255,478,27.8,27.6,19.8,73.6,20.4,0.000,0.041,0.00,0.000,7.5,11.8,1.7,310,17,7.8,12.4,1.8,315,12,7.8,12.4,1.8,315,12,111,29.76,0.0,0,0,0,44.1,47.3,49.2,0.49,0.51,0.44
WATE,2019-11-08 14:45:00 EST,42.87966,-76.81255,478,27.8,27.6,19.2,74.8,20.9,0.000,0.041,0.00,0.000,8.6,12.8,2.0,304,15,9.0,14.2,2.1,309,15,9.0,14.2,2.1,309,15,129,29.76,-0.0,0,0,0,44.1,47.3,49.2,0.49,0.51,0.45
WATE,2019-11-08 14:50:00 EST,42.87966,-76.81255,478,27.5,27.3,19.5,76.4,21.1,0.000,0.041,0.00,0.000,7.5,13.7,2.2,301,14,7.8,15.5,2.3,307,13,7.8,15.5,2.3,307,13,111,29.76,0.0,0,0,0,44.1,47.3,49.3,0.49,0.51,0.45
WATE,2019-11-08 14:55:00 EST,42.87966,-76.81255,478,28.0,27.7,19.2,72.3,20.2,0.000,0.041,0.00,0.000,8.8,14.2,2.2,311,14,9.2,14.3,2.2,315,13,9.2,14.3,2.2,315,13,206,29.76,0.0,0,0,0,44.1,47.3,49.2,0.49,0.51,0.45
WATE,2019-11-08 15:00:00 EST,42.87966,-76.81255,478,28.2,28.0,20.0,70.0,19.7,0.000,0.041,0.00,0.000,7.8,14.5,2.8,325,18,8.4,14.9,2.9,328,14,8.4,14.9,2.9,328,14,139,29.76,0.0,0,0,0,44.1,47.3,49.2,0.49,0.51,0.45
WATE,2019-11-08 15:05:00 EST,42.87966,-76.81255,478,28.3,28.1,20.4,68.8,19.4,0.000,0.041,0.00,0.000,7.8,12.8,2.3,316,14,8.0,13.3,2.4,321,13,8.0,13.3,2.4,321,13,101,29.76,-0.0,0,0,0,44.0,47.3,49.1,0.49,0.51,0.45
WATE,2019-11-08 15:10:00 EST,42.87966,-76.81255,478,28.3,28.2,19.5,66.7,18.6,0.000,0.041,0.00,0.000,9.0,12.8,1.8,309,17,9.4,13.4,2.0,313,17,9.4,13.4,2.0,313,17,109,29.76,-0.0,0,0,0,44.1,47.3,49.2,0.49,0.51,0.45
WATE,2019-11-08 15:15:00 EST,42.87966,-76.81255,478,28.3,28.2,19.5,65.3,18.1,0.000,0.041,0.00,0.000,8.7,15.5,2.6,296,13,9.2,17.7,2.7,300,13,9.2,17.7,2.7,300,13,88,29.76,0.0,0,0,0,44.1,47.3,49.2,0.49,0.51,0.44
WATE,2019-11-08 15:20:00 EST,42.87966,-76.81255,478,28.1,28.1,20.3,65.2,17.9,0.000,0.041,0.00,0.000,7.4,12.4,2.4,297,16,7.8,13.5,2.2,302,15,7.8,13.5,2.2,302,15,73,29.76,0.0,0,0,0,44.0,47.3,49.2,0.49,0.51,0.45
WATE,2019-11-08 15:25:00 EST,42.87966,-76.81255,478,28.1,28.1,19.8,63.5,17.3,0.000,0.041,0.00,0.000,7.9,12.3,2.0,303,15,8.4,13.9,2.2,306,15,8.4,13.9,2.2,306,15,91,29.76,0.1,0,0,0,44.0,47.3,49.2,0.49,0.51,0.45
WATE,2019-11-08 15:30:00 EST,42.87966,-76.81255,478,28.7,28.5,20.6,62.3,17.4,0.000,0.041,0.00,0.000,7.9,14.4,2.2,324,15,8.4,16.3,2.6,327,13,8.4,16.3,2.6,327,13,144,29.76,0.0,0,0,0,44.0,47.3,49.3,0.49,0.51,0.45
WATE,2019-11-08 15:35:00 EST,42.87966,-76.81255,478,28.6,28.5,20.4,62.1,17.2,0.000,0.041,0.00,0.000,8.1,11.7,1.7,320,18,8.4,12.6,1.8,326,16,8.4,12.6,1.8,326,16,136,29.76,0.1,0,0,0,43.9,47.3,49.4,0.49,0.51,0.45
WATE,2019-11-08 15:40:00 EST,42.87966,-76.81255,478,28.8,28.6,21.2,61.0,17.0,0.000,0.041,0.00,0.000,7.1,12.1,2.3,323,19,7.6,13.3,2.5,327,17,7.6,13.3,2.5,327,17,150,29.76,0.0,0,0,0,44.0,47.3,49.2,0.49,0.51,0.45
WATE,2019-11-08 15:45:00 EST,42.87966,-76.81255,478,28.9,28.7,20.8,60.8,17.0,0.000,0.041,0.00,0.000,8.1,12.0,1.8,308,15,8.4,12.9,1.7,312,14,8.4,12.9,1.7,312,14,150,29.76,0.0,0,0,0,44.0,47.3,49.2,0.49,0.51,0.45
WATE,2019-11-08 15:50:00 EST,42.87966,-76.81255,478,28.7,28.5,21.7,61.0,16.9,0.000,0.041,0.00,0.000,6.3,10.2,1.7,299,17,6.7,11.1,1.7,302,16,6.7,11.1,1.7,302,16,107,29.76,0.1,0,0,0,43.9,47.3,49.3,0.49,0.51,0.45
WATE,2019-11-08 15:55:00 EST,42.87966,-76.81255,478,28.4,28.4,21.8,63.9,17.7,0.000,0.041,0.00,0.000,5.7,10.4,1.7,297,19,6.2,12.2,2.0,300,18,6.2,12.2,2.0,300,18,84,29.76,0.0,0,0,0,43.9,47.3,49.3,0.49,0.51,0.45
WATE,2019-11-08 16:00:00 EST,42.87966,-76.81255,478,28.3,28.3,22.1,64.8,18.0,0.000,0.041,0.00,0.000,5.5,8.6,1.6,305,16,5.8,9.5,1.6,310,14,5.8,9.5,1.6,310,14,68,29.77,0.0,0,0,0,43.9,47.3,49.3,0.49,0.51,0.45
WATE,2019-11-08 16:05:00 EST,42.87966,-76.81255,478,28.3,28.2,20.9,63.0,17.3,0.000,0.041,0.00,0.000,6.6,12.3,2.0,302,15,7.1,12.3,2.1,306,14,7.1,12.3,2.1,306,14,87,29.77,0.0,0,0,0,43.9,47.3,49.2,0.49,0.51,0.45
WATE,2019-11-08 16:10:00 EST,42.87966,-76.81255,478,28.4,28.4,21.9,62.8,17.4,0.000,0.041,0.00,0.000,5.7,10.2,1.7,299,17,6.1,11.9,1.8,303,15,6.1,11.9,1.8,303,15,72,29.77,0.0,0,0,0,43.9,47.3,49.2,0.49,0.51,0.45
WATE,2019-11-08 16:15:00 EST,42.87966,-76.81255,478,28.2,28.2,21.2,63.8,17.5,0.000,0.041,0.00,0.000,6.3,8.7,1.4,305,18,6.7,10.6,1.4,309,17,6.7,10.6,1.4,309,17,50,29.77,0.0,0,0,0,43.9,47.3,49.1,0.49,0.51,0.45
WATE,2019-11-08 16:20:00 EST,42.87966,-76.81255,478,28.1,28.2,21.7,64.3,17.6,0.000,0.041,0.00,0.000,5.6,9.6,1.5,310,15,5.9,10.4,1.8,313,14,5.9,10.4,1.8,313,14,39,29.77,0.0,0,0,0,43.9,47.3,49.2,0.49,0.51,0.45
WATE,2019-11-08 16:25:00 EST,42.87966,-76.81255,478,28.1,28.2,22.3,64.0,17.5,0.000,0.041,0.00,0.000,4.9,8.5,1.2,316,15,5.2,8.5,1.4,320,13,5.2,8.5,1.4,320,13,41,29.77,0.0,0,0,0,43.9,47.3,49.2,0.49,0.51,0.45
WATE,2019-11-08 16:30:00 EST,42.87966,-76.81255,478,28.0,28.2,22.0,63.9,17.3,0.000,0.041,0.00,0.000,5.3,8.0,1.2,304,14,5.4,8.8,1.3,308,12,5.4,8.8,1.3,308,12,30,29.78,0.0,0,0,0,43.9,47.3,49.2,0.49,0.51,0.44
WATE,2019-11-08 16:35:00 EST,42.87966,-76.81255,478,27.8,28.1,21.2,64.5,17.4,0.000,0.041,0.00,0.000,5.7,9.0,1.5,295,12,6.0,9.5,1.6,299,12,6.0,9.5,1.6,299,12,21,29.78,0.0,0,0,0,43.9,47.3,49.2,0.49,0.50,0.45
WATE,2019-11-08 16:40:00 EST,42.87966,-76.81255,478,27.7,28.0,21.9,65.4,17.6,0.000,0.041,0.00,0.000,4.9,8.1,1.4,302,15,5.2,9.0,1.5,307,14,5.2,9.0,1.5,307,14,16,29.78,0.0,0,0,0,43.9,47.3,49.2,0.49,0.51,0.45
WATE,2019-11-08 16:45:00 EST,42.87966,-76.81255,478,27.7,27.9,21.6,66.4,17.9,0.000,0.041,0.00,0.000,5.0,8.6,1.5,308,16,5.4,9.5,1.5,312,15,5.4,9.5,1.5,312,15,11,29.78,0.0,0,0,0,43.9,47.3,49.2,0.49,0.51,0.45
WATE,2019-11-08 16:50:00 EST,42.87966,-76.81255,478,27.5,27.9,21.1,65.6,17.5,0.000,0.041,0.00,0.000,5.4,9.6,1.4,298,13,5.7,9.6,1.5,303,13,5.7,9.6,1.5,303,13,7,29.78,0.0,0,0,0,43.9,47.3,49.2,0.49,0.51,0.45
WATE,2019-11-08 16:55:00 EST,42.87966,-76.81255,478,27.3,27.8,21.2,66.5,17.6,0.000,0.041,0.00,0.000,5.1,9.4,1.8,292,13,5.4,10.0,1.8,297,13,5.4,10.0,1.8,297,13,4,29.78,0.0,0,0,0,43.9,47.3,49.1,0.49,0.51,0.45
WATE,2019-11-08 17:00:00 EST,42.87966,-76.81255,478,27.3,27.7,21.1,66.6,17.7,0.000,0.041,0.00,0.000,5.2,8.0,1.4,292,11,5.5,8.5,1.5,297,11,5.5,8.5,1.5,297,11,2,29.78,-0.0,0,0,0,43.9,47.3,49.1,0.49,0.51,0.45
WATE,2019-11-08 17:05:00 EST,42.87966,-76.81255,478,26.9,27.5,22.0,68.6,18.0,0.000,0.041,0.00,0.000,3.8,5.9,0.9,283,12,4.1,6.6,1.0,288,12,4.1,6.6,1.0,288,12,1,29.78,-0.1,0,0,0,43.9,47.3,49.0,0.49,0.51,0.45
WATE,2019-11-08 17:10:00 EST,42.87966,-76.81255,478,26.3,27.3,22.9,71.3,18.3,0.000,0.041,0.00,0.000,2.8,5.0,0.9,277,12,3.0,5.9,0.9,282,12,3.0,5.9,0.9,282,12,0,29.78,0.1,0,0,0,43.9,47.3,49.2,0.49,0.51,0.45
WATE,2019-11-08 17:15:00 EST,42.87966,-76.81255,478,26.3,27.3,26.3,73.3,18.9,0.000,0.041,0.00,0.000,2.7,3.9,0.5,285,9,2.8,4.1,0.5,292,9,2.8,4.1,0.5,292,9,0,29.78,0.0,0,0,0,43.9,47.3,49.2,0.49,0.51,0.45
WATE,2019-11-08 17:20:00 EST,42.87966,-76.81255,478,26.3,27.3,22.4,73.9,19.1,0.000,0.041,0.00,0.000,3.0,4.5,0.6,278,11,3.2,4.9,0.6,283,11,3.2,4.9,0.6,283,11,0,29.78,-0.0,0,0,0,43.9,47.3,49.1,0.49,0.51,0.45
WATE,2019-11-08 17:25:00 EST,42.87966,-76.81255,478,25.8,27.0,25.8,76.7,19.5,0.000,0.041,0.00,0.000,2.3,4.0,0.6,273,16,2.6,4.4,0.6,277,16,2.6,4.4,0.6,277,16,0,29.79,-0.0,0,0,0,43.9,47.3,49.0,0.49,0.51,0.45
WATE,2019-11-08 17:30:00 EST,42.87966,-76.81255,478,25.8,26.9,25.8,76.2,19.3,0.000,0.041,0.00,0.000,2.7,3.9,0.5,274,15,2.9,4.2,0.6,278,15,2.9,4.2,0.6,278,15,0,29.79,-0.0,0,0,0,43.9,47.3,49.1,0.49,0.51,0.45
WATE,2019-11-08 17:35:00 EST,42.87966,-76.81255,478,25.6,26.9,21.6,74.9,18.8,0.000,0.041,0.00,0.000,3.0,4.7,0.7,264,12,3.3,5.8,0.8,267,12,3.3,5.8,0.8,267,12,0,29.79,0.0,0,0,0,43.9,47.3,49.1,0.49,0.51,0.45
WATE,2019-11-08 17:40:00 EST,42.87966,-76.81255,478,25.2,26.7,25.2,75.1,18.4,0.000,0.041,0.00,0.000,2.6,4.0,0.4,259,9,2.8,4.9,0.5,262,12,2.8,4.9,0.5,262,12,0,29.79,-0.1,0,0,0,43.9,47.3,49.0,0.49,0.51,0.44
WATE,2019-11-08 17:45:00 EST,42.87966,-76.81255,478,24.2,26.7,20.1,78.3,18.4,0.000,0.041,0.00,0.000,3.0,4.0,0.4,256,9,3.2,4.5,0.5,258,12,3.2,4.5,0.5,258,12,0,29.79,-0.0,0,0,0,43.9,47.3,49.0,0.49,0.51,0.45
WATE,2019-11-08 17:50:00 EST,42.87966,-76.81255,478,24.1,26.5,19.9,80.2,18.8,0.000,0.041,0.00,0.000,3.0,4.0,0.5,254,8,3.3,4.5,0.6,257,10,3.3,4.5,0.6,257,10,0,29.80,0.0,0,0,0,43.9,47.3,49.1,0.49,0.51,0.45
WATE,2019-11-08 17:55:00 EST,42.87966,-76.81255,478,23.9,26.5,19.7,79.4,18.4,0.000,0.041,0.00,0.000,3.0,4.4,0.5,242,8,3.2,4.8,0.6,244,9,3.2,4.8,0.6,244,9,0,29.80,-0.1,0,0,0,43.9,47.3,49.2,0.49,0.51,0.45
WATE,2019-11-08 18:00:00 EST,42.87966,-76.81255,478,23.4,26.1,19.4,82.1,18.8,0.000,0.041,0.00,0.000,2.9,4.8,0.5,246,7,3.1,5.6,0.7,246,8,3.1,5.6,0.7,246,8,0,29.80,-0.0,0,0,0,43.9,47.3,49.1,0.49,0.51,0.45
WATE,2019-11-08 18:05:00 EST,42.87966,-76.81255,478,23.4,26.1,23.4,83.8,19.2,0.000,0.041,0.00,0.000,2.8,4.3,0.4,248,7,3.0,5.2,0.5,248,8,3.0,5.2,0.5,248,8,0,29.80,-0.1,0,0,0,43.9,47.3,49.0,0.49,0.51,0.45
WATE,2019-11-08 18:10:00 EST,42.87966,-76.81255,478,23.1,26.0,23.1,85.5,19.4,0.000,0.041,0.00,0.000,2.6,3.1,0.3,246,6,2.8,3.5,0.3,246,7,2.8,3.5,0.3,246,7,0,29.80,-0.1,0,0,0,43.8,47.2,49.2,0.49,0.51,0.45
WATE,2019-11-08 18:15:00 EST,42.87966,-76.81255,478,22.9,26.0,22.9,86.5,19.5,0.000,0.041,0.00,0.000,2.0,2.7,0.3,244,7,2.2,3.1,0.4,244,8,2.2,3.1,0.4,244,8,0,29.80,-0.1,0,0,0,43.8,47.3,49.0,0.49,0.51,0.45
WATE,2019-11-08 18:20:00 EST,42.87966,-76.81255,478,22.7,26.0,22.7,87.4,19.5,0.000,0.041,0.00,0.000,1.8,3.1,0.4,239,10,1.9,3.7,0.5,239,10,1.9,3.7,0.5,239,10,0,29.80,-0.1,0,0,0,43.7,47.3,48.9,0.49,0.51,0.45
WATE,2019-11-08 18:25:00 EST,42.87966,-76.81255,478,22.4,25.7,22.4,88.1,19.4,0.000,0.041,0.00,0.000,1.8,2.7,0.4,235,10,1.8,3.2,0.5,236,11,1.8,3.2,0.5,236,11,0,29.80,-0.1,0,0,0,43.7,47.3,48.9,0.49,0.51,0.45
WATE,2019-11-08 18:30:00 EST,42.87966,-76.81255,478,22.4,25.6,22.4,88.7,19.6,0.000,0.041,0.00,0.000,1.5,2.3,0.3,240,9,1.7,3.0,0.3,243,12,1.7,3.0,0.3,243,12,0,29.80,-0.1,0,0,0,43.7,47.3,49.2,0.49,0.51,0.45
WATE,2019-11-08 18:35:00 EST,42.87966,-76.81255,478,21.9,25.6,21.9,89.2,19.3,0.000,0.041,0.00,0.000,1.8,3.4,0.4,243,8,2.0,3.4,0.4,243,11,2.0,3.4,0.4,243,11,0,29.81,-0.1,0,0,0,43.7,47.3,48.9,0.49,0.51,0.45
WATE,2019-11-08 18:40:00 EST,42.87966,-76.81255,478,21.8,25.6,21.8,89.7,19.2,0.000,0.041,0.00,0.000,2.2,2.8,0.3,240,7,2.4,3.1,0.3,240,7,2.4,3.1,0.3,240,7,0,29.81,-0.1,0,0,0,43.7,47.2,49.2,0.49,0.50,0.45
WATE,2019-11-08 18:45:00 EST,42.87966,-76.81255,478,21.6,25.6,21.6,90.0,19.1,0.000,0.041,0.00,0.000,2.7,3.8,0.4,243,8,2.9,4.5,0.5,244,8,2.9,4.5,0.5,244,8,0,29.81,-0.0,0,0,0,43.7,47.1,48.7,0.49,0.51,0.45
WATE,2019-11-08 18:50:00 EST,42.87966,-76.81255,478,21.5,25.7,17.3,89.6,18.9,0.000,0.041,0.00,0.000,2.9,3.9,0.4,245,8,3.1,5.2,0.6,246,10,3.1,5.2,0.6,246,10,0,29.81,-0.1,0,0,0,43.7,47.2,48.8,0.49,0.50,0.45
WATE,2019-11-08 18:55:00 EST,42.87966,-76.81255,478,21.5,25.6,21.5,89.1,18.8,0.000,0.041,0.00,0.000,2.4,3.4,0.3,246,8,2.5,3.6,0.4,247,9,2.5,3.6,0.4,247,9,0,29.81,-0.1,0,0,0,43.7,47.1,49.1,0.49,0.51,0.45
WATE,2019-11-08 19:00:00 EST,42.87966,-76.81255,478,21.4,25.4,21.4,89.9,18.9,0.000,0.041,0.00,0.000,2.1,3.0,0.3,251,9,2.3,3.4,0.4,253,12,2.3,3.4,0.4,253,12,0,29.81,-0.1,0,0,0,43.7,47.1,49.0,0.49,0.51,0.45
WATE,2019-11-08 19:05:00 EST,42.87966,-76.81255,478,21.2,25.4,21.2,90.9,19.0,0.000,0.041,0.00,0.000,2.4,3.5,0.4,253,6,2.6,3.8,0.4,254,9,2.6,3.8,0.4,254,9,0,29.81,-0.1,0,0,0,43.7,47.1,48.8,0.49,0.50,0.45
WATE,2019-11-08 19:10:00 EST,42.87966,-76.81255,478,21.0,25.3,16.6,91.3,18.9,0.000,0.041,0.00,0.000,3.0,3.9,0.4,245,5,3.2,4.8,0.5,246,6,3.2,4.8,0.5,246,6,0,29.81,-0.0,0,0,0,43.7,47.1,48.9,0.49,0.51,0.45
WATE,2019-11-08 19:15:00 EST,42.87966,-76.81255,478,20.8,25.4,16.3,91.4,18.7,0.000,0.041,0.00,0.000,3.1,4.1,0.4,243,6,3.2,5.1,0.6,243,7,3.2,5.1,0.6,243,7,0,29.81,-0.0,0,0,0,43.6,47.1,49.0,0.49,0.51,0.45
WATE,2019-11-08 19:20:00 EST,42.87966,-76.81255,478,20.8,25.4,16.5,91.8,18.8,0.000,0.041,0.00,0.000,2.9,4.1,0.4,242,7,3.1,4.4,0.5,243,7,3.1,4.4,0.5,243,7,0,29.81,-0.1,0,0,0,43.6,47.1,48.9,0.49,0.50,0.45
WATE,2019-11-08 19:25:00 EST,42.87966,-76.81255,478,20.9,25.1,20.9,91.8,18.9,0.000,0.041,0.00,0.000,2.8,4.5,0.6,243,6,3.0,5.1,0.7,244,7,3.0,5.1,0.7,244,7,0,29.81,-0.0,0,0,0,43.5,47.1,48.8,0.49,0.51,0.45
WATE,2019-11-08 19:30:00 EST,42.87966,-76.81255,478,21.2,25.1,21.2,91.7,19.2,0.000,0.041,0.00,0.000,2.5,3.7,0.3,245,6,2.7,4.1,0.4,245,7,2.7,4.1,0.4,245,7,0,29.81,-0.1,0,0,0,43.5,47.1,49.0,0.49,0.51,0.45
WATE,2019-11-08 19:35:00 EST,42.87966,-76.81255,478,21.0,25.1,16.3,90.6,18.7,0.000,0.041,0.00,0.000,3.1,4.4,0.5,243,7,3.4,5.0,0.6,245,8,3.4,5.0,0.6,245,8,0,29.81,-0.1,0,0,0,43.5,47.1,49.1,0.49,0.50,0.45
WATE,2019-11-08 19:40:00 EST,42.87966,-76.81255,478,20.8,25.2,16.0,89.9,18.3,0.000,0.041,0.00,0.000,3.2,4.5,0.4,242,6,3.4,4.9,0.5,243,6,3.4,4.9,0.5,243,6,0,29.81,-0.1,0,0,0,43.5,47.1,49.1,0.49,0.50,0.45
WATE,2019-11-08 19:45:00 EST,42.87966,-76.81255,478,20.9,25.7,15.1,89.3,18.2,0.000,0.041,0.00,0.000,3.8,5.3,0.5,249,7,4.1,5.7,0.6,251,7,4.1,5.7,0.6,251,7,0,29.81,-0.1,0,0,0,43.5,47.1,49.1,0.49,0.50,0.45
WATE,2019-11-08 19:50:00 EST,42.87966,-76.81255,478,21.5,25.2,17.0,88.7,18.7,0.000,0.041,0.00,0.000,3.0,4.0,0.4,250,7,3.2,4.7,0.5,251,7,3.2,4.7,0.5,251,7,0,29.81,-0.1,0,0,0,43.5,47.1,48.9,0.49,0.50,0.45
WATE,2019-11-08 19:55:00 EST,42.87966,-76.81255,478,21.2,25.1,15.0,87.3,18.0,0.000,0.041,0.00,0.000,4.1,5.8,0.7,247,7,4.5,6.3,0.8,250,7,4.5,6.3,0.8,250,7,0,29.81,-0.1,0,0,0,43.5,47.1,49.0,0.49,0.50,0.45
WATE,2019-11-08 20:00:00 EST,42.87966,-76.81255,478,21.3,25.4,14.5,86.8,18.0,0.000,0.041,0.00,0.000,4.6,6.2,0.5,249,8,5.0,7.2,0.7,252,7,5.0,7.2,0.7,252,7,0,29.81,0.1,0,0,0,43.5,47.1,48.9,0.49,0.50,0.45
WATE,2019-11-08 20:05:00 EST,42.87966,-76.81255,478,22.6,25.4,16.5,84.1,18.6,0.000,0.041,0.00,0.000,4.3,6.6,0.9,253,9,4.6,7.6,1.0,257,9,4.6,7.6,1.0,257,9,0,29.81,-0.1,0,0,0,43.5,47.1,49.1,0.49,0.50,0.45
WATE,2019-11-08 20:10:00 EST,42.87966,-76.81255,478,22.2,25.3,16.3,82.4,17.7,0.000,0.041,0.00,0.000,4.1,6.4,0.8,255,8,4.4,7.0,0.9,257,8,4.4,7.0,0.9,257,8,0,29.81,-0.0,0,0,0,43.5,47.1,49.2,0.49,0.50,0.45
WATE,2019-11-08 20:15:00 EST,42.87966,-76.81255,478,22.2,25.4,16.2,83.1,17.8,0.000,0.041,0.00,0.000,4.0,5.6,0.6,254,9,4.4,6.5,0.8,258,8,4.4,6.5,0.8,258,8,0,29.81,-0.1,0,0,0,43.5,47.1,49.0,0.49,0.50,0.45
WATE,2019-11-08 20:20:00 EST,42.87966,-76.81255,478,22.6,25.3,16.7,81.5,17.8,0.000,0.041,0.00,0.000,4.1,6.0,0.8,256,9,4.4,7.0,1.0,260,8,4.4,7.0,1.0,260,8,0,29.81,-0.0,0,0,0,43.5,47.1,49.1,0.49,0.50,0.45
WATE,2019-11-08 20:25:00 EST,42.87966,-76.81255,478,22.3,25.3,16.8,80.8,17.3,0.000,0.041,0.00,0.000,3.7,5.2,0.6,252,9,4.1,5.9,0.7,255,9,4.1,5.9,0.7,255,9,0,29.81,-0.2,0,0,0,43.3,47.1,49.0,0.49,0.50,0.45
WATE,2019-11-08 20:30:00 EST,42.87966,-76.81255,478,21.6,25.3,16.1,82.9,17.2,0.000,0.041,0.00,0.000,3.7,4.9,0.4,242,9,4.0,5.6,0.5,245,8,4.0,5.6,0.5,245,8,0,29.81,-0.1,0,0,0,43.3,47.1,49.0,0.49,0.50,0.45
WATE,2019-11-08 20:35:00 EST,42.87966,-76.81255,478,21.8,25.3,16.9,83.2,17.5,0.000,0.041,0.00,0.000,3.4,5.5,0.6,238,9,3.6,5.9,0.7,240,9,3.6,5.9,0.7,240,9,0,29.81,-0.1,0,0,0,43.3,47.1,49.0,0.49,0.50,0.44
WATE,2019-11-08 20:40:00 EST,42.87966,-76.81255,478,22.4,25.2,17.9,82.1,17.8,0.000,0.041,0.00,0.000,3.1,4.7,0.6,241,8,3.3,5.5,0.7,242,9,3.3,5.5,0.7,242,9,0,29.81,-0.1,0,0,0,43.3,47.1,49.1,0.49,0.50,0.45
WATE,2019-11-08 20:45:00 EST,42.87966,-76.81255,478,22.5,25.3,17.8,80.7,17.5,0.000,0.041,0.00,0.000,3.3,5.1,0.6,246,10,3.5,6.3,0.7,247,10,3.5,6.3,0.7,247,10,0,29.81,-0.1,0,0,0,43.3,47.1,49.1,0.49,0.50,0.45
WATE,2019-11-08 20:50:00 EST,42.87966,-76.81255,478,22.4,25.2,17.7,80.7,17.4,0.000,0.041,0.00,0.000,3.3,5.3,0.6,242,6,3.5,6.3,0.7,243,6,3.5,6.3,0.7,243,6,0,29.81,-0.1,0,0,0,43.3,47.1,48.9,0.49,0.50,0.44
WATE,2019-11-08 20:55:00 EST,42.87966,-76.81255,478,22.4,25.2,17.9,80.7,17.3,0.000,0.041,0.00,0.000,3.1,4.5,0.4,242,8,3.3,5.1,0.6,243,9,3.3,5.1,0.6,243,9,0,29.81,-0.1,0,0,,43.3,47.1,,0.49,0.50,0.45
WATE,2019-11-08 21:00:00 EST,42.87966,-76.81255,478,22.4,25.2,18.4,81.1,17.5,0.000,0.041,0.00,0.000,2.8,4.5,0.5,240,7,3.0,4.8,0.5,242,6,3.0,4.8,0.5,242,6,0,29.81,-0.2,0,0,0,43.3,47.1,49.1,0.49,0.50,0.45
WATE,2019-11-08 21:05:00 EST,42.87966,-76.81255,478,22.5,25.1,22.5,80.7,17.5,0.000,0.041,0.00,0.000,2.0,2.8,0.3,245,8,2.2,3.1,0.4,246,9,2.2,3.1,0.4,246,9,0,29.81,-0.2,0,0,0,43.3,47.1,49.0,0.49,0.50,0.45
WATE,2019-11-08 21:10:00 EST,42.87966,-76.81255,478,21.4,25.2,21.4,80.8,16.4,0.000,0.041,0.00,0.000,2.3,3.4,0.6,249,10,2.5,4.5,0.7,250,12,2.5,4.5,0.7,250,12,0,29.81,-0.2,0,0,0,43.3,47.1,49.0,0.49,0.50,0.45
WATE,2019-11-08 21:15:00 EST,42.87966,-76.81255,478,20.7,25.2,20.7,81.9,16.1,0.000,0.041,0.00,0.000,2.7,3.4,0.4,245,6,2.9,4.1,0.4,244,7,2.9,4.1,0.4,244,7,0,29.81,-0.1,0,0,0,43.3,47.1,48.8,0.49,0.50,0.45
WATE,2019-11-08 21:20:00 EST,42.87966,-76.81255,478,21.0,25.2,16.7,83.0,16.6,0.000,0.041,0.00,0.000,2.9,4.0,0.5,242,6,3.1,4.5,0.5,242,6,3.1,4.5,0.5,242,6,0,29.81,-0.2,0,0,0,43.2,47.1,48.8,0.49,0.50,0.45
WATE,2019-11-08 21:25:00 EST,42.87966,-76.81255,478,19.9,24.9,19.9,84.3,15.9,0.000,0.041,0.00,0.000,2.8,4.1,0.3,242,4,2.9,4.4,0.4,242,5,2.9,4.4,0.4,242,5,0,29.81,-0.1,0,0,0,43.2,47.1,49.1,0.49,0.50,0.45
WATE,2019-11-08 21:30:00 EST,42.87966,-76.81255,478,19.6,25.1,14.7,88.1,16.6,0.000,0.041,0.00,0.000,3.2,3.9,0.3,241,4,3.3,4.1,0.4,241,4,3.3,4.1,0.4,241,4,0,29.81,-0.1,0,0,0,43.2,47.1,48.9,0.49,0.50,0.45
WATE,2019-11-08 21:35:00 EST,42.87966,-76.81255,478,19.7,25.2,14.3,89.2,17.0,0.000,0.041,0.00,0.000,3.5,4.5,0.3,239,5,3.6,4.9,0.5,240,5,3.6,4.9,0.5,240,5,0,29.81,-0.2,0,0,0,43.2,47.1,49.2,0.49,0.50,0.45
WATE,2019-11-08 21:40:00 EST,42.87966,-76.81255,478,19.7,25.0,14.4,89.5,17.1,0.000,0.041,0.00,0.000,3.4,5.3,0.4,239,5,3.6,5.8,0.5,241,5,3.6,5.8,0.5,241,5,0,29.81,-0.2,0,0,0,43.2,47.1,48.9,0.49,0.50,0.44
WATE,2019-11-08 21:45:00 EST,42.87966,-76.81255,478,20.0,25.1,14.0,89.8,17.5,0.000,0.041,0.00,0.000,3.9,5.9,0.5,239,7,4.2,6.3,0.6,240,8,4.2,6.3,0.6,240,8,0,29.81,-0.1,0,0,0,43.2,47.1,49.0,0.49,0.50,0.45
WATE,2019-11-08 21:50:00 EST,42.87966,-76.81255,478,20.5,24.9,14.7,88.0,17.5,0.000,0.041,0.00,0.000,3.9,5.0,0.4,235,5,4.1,5.7,0.5,237,4,4.1,5.7,0.5,237,4,0,29.80,-0.2,0,0,0,43.2,47.1,48.9,0.49,0.50,0.44
WATE,2019-11-08 21:55:00 EST,42.87966,-76.81255,478,20.7,25.0,15.1,86.9,17.5,0.000,0.041,0.00,0.000,3.8,5.2,0.4,237,6,4.0,5.8,0.6,239,7,4.0,5.8,0.6,239,7,0,29.80,-0.2,0,0,0,43.2,47.1,49.0,0.49,0.50,0.45
WATE,2019-11-08 22:00:00 EST,42.87966,-76.81255,478,20.7,24.9,15.3,86.3,17.3,0.000,0.041,0.00,0.000,3.7,5.0,0.4,235,5,3.9,5.5,0.5,237,6,3.9,5.5,0.5,237,6,0,29.80,-0.2,0,0,0,43.2,47.1,48.8,0.49,0.50,0.44
WATE,2019-11-08 22:05:00 EST,42.87966,-76.81255,478,20.4,24.9,14.5,86.7,17.1,0.000,0.041,0.00,0.000,4.0,5.2,0.5,236,5,4.2,5.6,0.5,238,5,4.2,5.6,0.5,238,5,0,29.80,-0.1,0,0,0,43.2,47.1,48.8,0.49,0.50,0.44
WATE,2019-11-08 22:10:00 EST,42.87966,-76.81255,478,20.4,24.7,15.4,87.1,17.2,0.000,0.041,0.00,0.000,3.3,4.9,0.6,243,6,3.5,5.5,0.7,244,6,3.5,5.5,0.7,244,6,0,29.80,-0.1,0,0,0,43.2,47.1,48.9,0.49,0.50,0.45
WATE,2019-11-08 22:15:00 EST,42.87966,-76.81255,478,20.4,24.4,15.6,87.1,17.2,0.000,0.041,0.00,0.000,3.2,3.9,0.3,239,5,3.4,4.5,0.4,240,6,3.4,4.5,0.4,240,6,0,29.80,-0.3,0,0,0,43.0,47.1,48.9,0.49,0.50,0.45
WATE,2019-11-08 22:20:00 EST,42.87966,-76.81255,478,20.0,24.3,15.3,87.8,17.0,0.000,0.041,0.00,0.000,3.3,4.4,0.4,233,6,3.3,5.0,0.5,234,5,3.3,5.0,0.5,234,5,0,29.80,-0.3,0,0,0,43.0,47.1,48.8,0.49,0.50,0.45
WATE,2019-11-08 22:25:00 EST,42.87966,-76.81255,478,19.6,24.5,14.7,88.4,16.7,0.000,0.041,0.00,0.000,3.4,4.7,0.4,224,5,3.3,4.9,0.5,225,4,3.3,4.9,0.5,225,4,0,29.80,-0.2,0,0,0,43.0,47.1,49.0,0.49,0.50,0.45
WATE,2019-11-08 22:30:00 EST,42.87966,-76.81255,478,19.6,24.5,14.1,89.8,17.1,0.000,0.041,0.00,0.000,3.7,4.8,0.4,221,4,3.7,5.2,0.6,223,4,3.7,5.2,0.6,223,4,0,29.80,-0.2,0,0,0,43.0,47.1,48.8,0.49,0.50,0.45
WATE,2019-11-08 22:35:00 EST,42.87966,-76.81255,478,20.0,24.5,14.5,89.4,17.4,0.000,0.041,0.00,0.000,3.8,5.3,0.6,220,6,3.8,5.3,0.7,222,5,3.8,5.3,0.7,222,5,0,29.79,-0.1,0,0,0,43.0,47.1,48.7,0.49,0.50,0.45
WATE,2019-11-08 22:40:00 EST,42.87966,-76.81255,478,20.5,24.3,13.9,88.3,17.6,0.000,0.041,0.00,0.000,4.5,6.6,0.7,219,8,4.7,6.9,0.8,221,6,4.7,6.9,0.8,221,6,0,29.79,-0.1,0,0,0,43.0,47.1,49.0,0.49,0.50,0.45
WATE,2019-11-08 22:45:00 EST,42.87966,-76.81255,478,21.5,24.6,14.8,86.5,18.1,0.000,0.041,0.00,0.000,4.8,6.4,0.6,221,7,4.9,6.9,0.7,223,5,4.9,6.9,0.7,223,5,0,29.79,-0.1,0,0,0,43.0,47.1,49.0,0.49,0.50,0.45
WATE,2019-11-08 22:50:00 EST,42.87966,-76.81255,478,21.7,24.8,15.3,83.9,17.6,0.000,0.041,0.00,0.000,4.5,6.4,0.6,221,7,4.7,6.3,0.7,223,5,4.7,6.3,0.7,223,5,0,29.79,-0.3,0,0,0,43.0,47.1,48.9,0.49,0.50,0.45
WATE,2019-11-08 22:55:00 EST,42.87966,-76.81255,478,22.3,25.0,15.6,83.9,18.1,0.000,0.041,0.00,0.000,4.8,6.2,0.6,215,7,5.0,6.6,0.7,219,5,5.0,6.6,0.7,219,5,0,29.79,-0.1,0,0,0,43.0,47.1,48.7,0.49,0.50,0.45
WATE,2019-11-08 23:00:00 EST,42.87966,-76.81255,478,22.5,25.1,16.1,82.4,17.9,0.000,0.041,0.00,0.000,4.6,6.5,0.6,213,6,4.8,6.7,0.6,216,5,4.8,6.7,0.6,216,5,0,29.79,-0.3,0,0,0,43.0,47.0,48.9,0.49,0.50,0.45
WATE,2019-11-08 23:05:00 EST,42.87966,-76.81255,478,22.1,25.2,15.8,82.1,17.5,0.000,0.041,0.00,0.000,4.5,6.0,0.6,215,7,4.6,6.1,0.7,218,5,4.6,6.1,0.7,218,5,0,29.79,-0.5,0,0,0,43.0,47.0,49.0,0.49,0.50,0.45
WATE,2019-11-08 23:10:00 EST,42.87966,-76.81255,478,21.8,25.3,15.5,82.9,17.5,0.000,0.041,0.00,0.000,4.6,6.1,0.6,215,6,4.7,6.4,0.6,218,6,4.7,6.4,0.6,218,6,0,29.79,-0.4,0,0,0,42.9,47.1,48.9,0.49,0.50,0.45
WATE,2019-11-08 23:15:00 EST,42.87966,-76.81255,478,21.6,25.2,15.5,82.8,17.2,0.000,0.041,0.00,0.000,4.3,6.1,0.6,220,5,4.4,5.8,0.6,222,4,4.4,5.8,0.6,222,4,0,29.79,-0.5,0,0,0,42.9,47.0,48.9,0.49,0.50,0.45
WATE,2019-11-08 23:20:00 EST,42.87966,-76.81255,478,21.1,25.1,15.6,83.5,16.9,0.000,0.041,0.00,0.000,3.8,5.2,0.5,217,5,3.9,5.0,0.5,220,4,3.9,5.0,0.5,220,4,0,29.79,,0,0,0,42.8,46.9,49.0,0.49,0.50,0.45
WATE,2019-11-08 23:25:00 EST,42.87966,-76.81255,478,20.6,25.1,15.3,84.6,16.7,0.000,0.041,0.00,0.000,3.7,5.2,0.5,215,8,3.8,5.9,0.6,218,7,3.8,5.9,0.6,218,7,0,29.79,,0,0,0,42.8,46.9,48.8,0.49,0.50,0.45
WATE,2019-11-08 23:30:00 EST,42.87966,-76.81255,478,20.4,24.8,15.5,85.2,16.7,0.000,0.041,0.00,0.000,3.5,4.7,0.5,217,5,3.5,5.0,0.6,220,4,3.5,5.0,0.6,220,4,0,29.79,,0,0,0,42.8,47.0,48.8,0.49,0.50,0.45
WATE,2019-11-08 23:35:00 EST,42.87966,-76.81255,478,20.0,24.8,14.3,86.3,16.6,0.000,0.041,0.00,0.000,3.9,6.0,0.7,216,7,3.9,6.4,0.8,219,5,3.9,6.4,0.8,219,5,0,29.79,,0,0,0,42.8,46.9,49.0,0.49,0.50,0.45
WATE,2019-11-08 23:40:00 EST,42.87966,-76.81255,478,20.1,24.4,14.0,86.2,16.7,0.000,0.041,0.00,0.000,4.0,5.6,0.4,205,7,4.3,5.9,0.5,208,7,4.3,5.9,0.5,208,7,0,29.79,,0,0,0,42.8,46.9,48.9,0.49,0.50,0.44
WATE,2019-11-08 23:45:00 EST,42.87966,-76.81255,478,19.7,24.6,13.1,87.3,16.6,0.000,0.041,0.00,0.000,4.3,5.3,0.4,205,5,4.6,5.7,0.5,208,6,4.6,5.7,0.5,208,6,0,29.79,,0,0,0,42.8,46.9,48.8,0.49,0.50,0.45
WATE,2019-11-08 23:50:00 EST,42.87966,-76.81255,478,20.2,24.6,13.8,88.1,17.2,0.000,0.041,0.00,0.000,4.2,5.3,0.4,202,7,4.5,6.1,0.5,206,7,4.5,6.1,0.5,206,7,0,29.79,,0,0,0,42.8,46.9,48.8,0.49,0.50,0.45
WATE,2019-11-08 23:55:00 EST,42.87966,-76.81255,478,20.3,24.5,14.3,86.9,17.1,0.000,0.041,0.00,0.000,3.9,4.8,0.3,190,5,4.2,5.0,0.4,193,6,4.2,5.0,0.4,193,6,0,29.79,,0,0,0,42.8,46.9,49.0,0.49,0.50,0.45
WBOU,2019-11-08 00:00:00 EST,41.74505,-74.58833,1421,28.6,28.4,21.9,69.2,19.8,0.000,0.343,0.00,0.000,4.8,14.4,2.1,313,36,6.3,12.8,2.4,315,33,6.3,12.8,2.4,315,33,0,28.51,-0.4,0,0,0,44.1,47.1,49.1,0.48,0.32,0.34
WBOU,2019-11-08 00:05:00 EST,41.74505,-74.58833,1421,28.3,28.2,22.5,70.0,19.8,0.000,0.000,0.00,0.000,4.0,11.3,2.8,322,42,5.3,13.6,2.8,325,40,5.3,13.6,2.8,325,40,0,28.51,-0.5,0,0,0,44.1,47.1,49.1,0.48,0.32,0.34
WBOU,2019-11-08 00:10:00 EST,41.74505,-74.58833,1421,28.3,28.1,22.5,70.7,20.0,0.000,0.000,0.00,0.000,4.2,11.3,2.0,323,40,5.3,12.9,2.9,320,41,5.3,12.9,2.9,320,41,0,28.51,-0.4,0,0,0,44.1,47.1,49.1,0.48,0.32,0.34
WBOU,2019-11-08 00:15:00 EST,41.74505,-74.58833,1421,28.1,28.0,21.9,71.1,20.0,0.000,0.000,0.00,0.000,4.5,10.5,2.2,324,36,5.7,12.8,2.6,327,33,5.7,12.8,2.6,327,33,0,28.50,-0.4,0,0,0,44.1,47.1,49.1,0.48,0.32,0.34
WBOU,2019-11-08 00:20:00 EST,41.74505,-74.58833,1421,28.0,27.9,21.2,70.3,19.6,0.000,0.000,0.00,0.000,5.3,12.1,2.8,328,39,6.4,13.7,3.1,328,33,6.4,13.7,3.1,328,33,0,28.50,-0.4,0,0,0,44.0,47.1,49.1,0.48,0.32,0.34
WBOU,2019-11-08 00:25:00 EST,41.74505,-74.58833,1421,27.9,27.8,21.4,69.9,19.3,0.000,0.000,0.00,0.000,4.6,9.7,2.6,336,44,5.9,12.9,3.0,336,39,5.9,12.9,3.0,336,39,0,28.50,-0.4,0,0,0,43.9,47.1,49.1,0.48,0.32,0.34
WBOU,2019-11-08 00:30:00 EST,41.74505,-74.58833,1421,27.9,27.7,20.5,69.4,19.1,0.000,0.000,0.00,0.000,5.8,18.3,3.9,331,28,7.1,20.0,4.1,330,30,7.1,20.0,4.1,330,30,0,28.50,-0.4,0,0,0,43.9,47.1,49.1,0.48,0.32,0.34
WBOU,2019-11-08 00:35:00 EST,41.74505,-74.58833,1421,27.7,27.6,21.1,69.1,18.9,0.000,0.000,0.00,0.000,4.9,12.1,2.6,343,39,6.0,14.4,2.8,346,37,6.0,14.4,2.8,346,37,0,28.50,-0.4,0,0,0,43.9,47.1,49.1,0.48,0.32,0.34
WBOU,2019-11-08 00:40:00 EST,41.74505,-74.58833,1421,27.5,27.4,21.5,69.6,18.9,0.000,0.000,0.00,0.000,4.1,12.0,2.7,328,35,5.3,14.0,3.2,330,33,5.3,14.0,3.2,330,33,0,28.50,-0.5,0,0,0,43.9,47.1,49.1,0.48,0.32,0.34
WBOU,2019-11-08 00:45:00 EST,41.74505,-74.58833,1421,27.3,27.2,20.0,68.2,18.2,0.000,0.000,0.00,0.000,5.8,11.9,2.7,328,37,6.8,12.8,2.8,332,36,6.8,12.8,2.8,332,36,0,28.49,-0.4,0,0,0,43.9,47.1,49.1,0.48,0.32,0.34
WBOU,2019-11-08 00:50:00 EST,41.74505,-74.58833,1421,27.1,27.0,21.1,68.3,18.0,0.000,0.000,0.00,0.000,4.3,9.3,2.2,350,31,5.3,14.0,2.5,353,32,5.3,14.0,2.5,353,32,0,28.49,-0.4,0,0,0,43.8,47.1,49.1,0.48,0.32,0.34
WBOU,2019-11-08 00:55:00 EST,41.74505,-74.58833,1421,26.8,26.7,21.7,70.1,18.3,0.000,0.000,0.00,0.000,3.6,10.2,2.3,334,33,4.3,14.0,2.4,339,33,4.3,14.0,2.4,339,33,0,28.49,-0.4,0,0,0,43.7,47.1,49.1,0.48,0.32,0.34
WBOU,2019-11-08 01:00:00 EST,41.74505,-74.58833,1421,26.7,26.6,21.7,70.4,18.3,0.000,0.000,0.00,0.000,3.2,9.1,2.3,329,46,4.2,11.7,2.8,336,41,4.2,11.7,2.8,336,41,0,28.49,-0.4,0,0,0,43.7,47.1,49.1,0.48,0.32,0.34
WBOU,2019-11-08 01:05:00 EST,41.74505,-74.58833,1421,26.7,26.6,19.8,70.4,18.3,0.000,0.000,0.00,0.000,5.2,14.0,2.8,316,33,6.2,16.5,3.0,315,32,6.2,16.5,3.0,315,32,0,28.49,-0.4,0,0,0,43.7,46.9,49.1,0.48,0.32,0.34
WBOU,2019-11-08 01:10:00 EST,41.74505,-74.58833,1421,26.6,26.5,20.6,70.4,18.3,0.000,0.000,0.00,0.000,3.9,12.1,2.4,320,43,5.1,16.8,2.6,326,44,5.1,16.8,2.6,326,44,0,28.49,-0.3,0,0,0,43.7,46.9,49.1,0.48,0.32,0.34
WBOU,2019-11-08 01:15:00 EST,41.74505,-74.58833,1421,26.6,26.5,19.2,70.3,18.3,0.000,0.000,0.00,0.000,5.7,12.1,2.5,316,35,6.7,12.9,2.7,310,34,6.7,12.9,2.7,310,34,0,28.49,-0.4,0,0,0,43.5,46.9,49.1,0.48,0.32,0.34
WBOU,2019-11-08 01:20:00 EST,41.74505,-74.58833,1421,26.5,26.4,20.9,70.7,18.2,0.000,0.000,0.00,0.000,3.7,10.2,2.1,318,39,4.7,11.0,2.3,321,36,4.7,11.0,2.3,321,36,0,28.49,-0.4,0,0,0,43.5,46.9,49.1,0.48,0.32,0.34
WBOU,2019-11-08 01:25:00 EST,41.74505,-74.58833,1421,26.2,26.2,21.2,72.0,18.4,0.000,0.000,0.00,0.000,3.3,8.7,1.7,322,61,4.1,10.6,2.0,325,53,4.1,10.6,2.0,325,53,0,28.49,-0.4,0,0,0,43.5,46.9,49.1,0.48,0.32,0.34
WBOU,2019-11-08 01:30:00 EST,41.74505,-74.58833,1421,26.2,26.2,21.4,71.9,18.4,0.000,0.000,0.00,0.000,2.9,7.6,1.9,311,45,4.0,9.2,2.1,313,47,4.0,9.2,2.1,313,47,0,28.49,-0.4,0,0,0,43.5,46.9,49.1,0.48,0.32,0.34
WBOU,2019-11-08 01:35:00 EST,41.74505,-74.58833,1421,26.0,26.0,26.0,72.5,18.4,0.000,0.000,0.00,0.000,1.8,9.9,2.0,332,52,2.9,13.3,2.3,331,50,2.9,13.3,2.3,331,50,0,28.49,-0.4,0,0,0,43.5,46.9,49.1,0.48,0.32,0.34
WBOU,2019-11-08 01:40:00 EST,41.74505,-74.58833,1421,26.0,25.9,22.0,72.9,18.5,0.000,0.000,0.00,0.000,2.3,5.6,1.2,334,52,3.3,7.1,1.6,333,47,3.3,7.1,1.6,333,47,0,28.49,-0.4,0,0,0,43.3,46.9,49.1,0.48,0.32,0.34
WBOU,2019-11-08 01:45:00 EST,41.74505,-74.58833,1421,25.8,25.8,25.8,72.7,18.3,0.000,0.000,0.00,0.000,1.8,5.1,1.2,350,43,2.7,7.0,1.5,351,46,2.7,7.0,1.5,351,46,0,28.49,-0.4,0,0,0,43.3,46.9,49.1,0.48,0.32,0.34
WBOU,2019-11-08 01:50:00 EST,41.74505,-74.58833,1421,25.6,25.7,21.0,73.5,18.3,0.000,0.000,0.00,0.000,2.9,8.0,2.0,343,30,3.8,9.8,2.3,344,30,3.8,9.8,2.3,344,30,0,28.50,-0.4,0,0,0,43.3,46.9,49.1,0.48,0.32,0.34
WBOU,2019-11-08 01:55:00 EST,41.74505,-74.58833,1421,25.5,25.6,25.5,73.9,18.4,0.000,0.000,0.00,0.000,0.7,3.1,0.7,33,49,1.5,3.7,0.8,7,60,1.5,3.7,0.8,7,60,0,28.50,-0.3,0,0,0,43.3,46.9,49.1,0.48,0.32,0.34
WBOU,2019-11-08 02:00:00 EST,41.74505,-74.58833,1421,25.6,25.6,25.6,74.6,18.6,0.000,0.000,0.00,0.000,1.4,3.3,0.9,331,54,2.1,5.8,1.2,315,50,2.1,5.8,1.2,315,50,0,28.50,-0.4,0,0,0,43.2,46.9,49.1,0.48,0.32,0.34
WBOU,2019-11-08 02:05:00 EST,41.74505,-74.58833,1421,25.4,25.5,25.4,75.6,18.8,0.000,0.000,0.00,0.000,1.9,6.2,1.2,342,39,2.7,6.6,1.3,342,42,2.7,6.6,1.3,342,42,0,28.50,-0.3,0,0,0,43.2,46.9,49.1,0.47,0.32,0.34
WBOU,2019-11-08 02:10:00 EST,41.74505,-74.58833,1421,25.5,25.5,25.5,75.1,18.7,0.000,0.000,0.00,0.000,1.9,6.4,1.5,328,28,2.5,6.4,1.5,330,32,2.5,6.4,1.5,330,32,0,28.50,-0.4,0,0,0,43.2,46.9,49.1,0.47,0.32,0.34
WBOU,2019-11-08 02:15:00 EST,41.74505,-74.58833,1421,25.3,25.5,25.3,75.4,18.6,0.000,0.000,0.00,0.000,1.5,4.8,0.9,336,39,2.1,6.9,1.1,340,40,2.1,6.9,1.1,340,40,0,28.50,-0.4,0,0,0,43.2,46.9,49.1,0.47,0.32,0.34
WBOU,2019-11-08 02:20:00 EST,41.74505,-74.58833,1421,25.0,25.3,25.0,76.8,18.8,0.000,0.000,0.00,0.000,0.7,3.1,0.7,350,42,1.3,4.7,0.8,11,56,1.3,4.7,0.8,11,56,0,28.50,-0.3,0,0,0,43.2,46.9,49.1,0.47,0.32,0.34
WBOU,2019-11-08 02:25:00 EST,41.74505,-74.58833,1421,24.9,25.1,24.9,77.8,18.9,0.000,0.000,0.00,0.000,0.6,2.1,0.7,309,25,1.2,2.8,0.7,305,43,1.2,2.8,0.7,305,43,0,28.50,-0.3,0,0,0,43.1,46.9,49.1,0.47,0.32,0.34
WBOU,2019-11-08 02:30:00 EST,41.74505,-74.58833,1421,24.5,25.0,24.5,78.5,18.8,0.000,0.000,0.00,0.000,0.7,3.0,0.8,356,38,1.1,4.3,0.9,4,50,1.1,4.3,0.9,4,50,0,28.50,-0.3,0,0,0,43.0,46.9,49.1,0.47,0.32,0.34
WBOU,2019-11-08 02:35:00 EST,41.74505,-74.58833,1421,24.9,25.0,24.9,77.6,18.9,0.000,0.000,0.00,0.000,1.2,4.1,1.1,322,54,1.8,5.2,1.2,340,61,1.8,5.2,1.2,340,61,0,28.51,-0.3,0,0,0,43.0,46.9,49.1,0.47,0.32,0.34
WBOU,2019-11-08 02:40:00 EST,41.74505,-74.58833,1421,25.0,25.1,20.8,76.4,18.6,0.000,0.000,0.00,0.000,2.5,7.2,1.9,323,34,3.4,9.5,2.3,323,39,3.4,9.5,2.3,323,39,0,28.50,-0.4,0,0,0,43.0,46.9,49.1,0.45,0.32,0.34
WBOU,2019-11-08 02:45:00 EST,41.74505,-74.58833,1421,25.2,25.2,19.8,74.9,18.4,0.000,0.000,0.00,0.000,3.6,8.1,1.7,325,36,4.4,9.5,2.2,326,32,4.4,9.5,2.2,326,32,0,28.50,-0.3,0,0,0,43.0,46.9,49.1,0.45,0.32,0.34
WBOU,2019-11-08 02:50:00 EST,41.74505,-74.58833,1421,24.7,25.0,24.7,75.2,17.9,0.000,0.000,0.00,0.000,2.2,5.9,1.4,345,49,2.7,6.4,1.6,352,47,2.7,6.4,1.6,352,47,0,28.50,-0.3,0,0,0,42.9,46.9,49.1,0.45,0.32,0.34
WBOU,2019-11-08 02:55:00 EST,41.74505,-74.58833,1421,24.8,25.0,24.8,75.8,18.2,0.000,0.000,0.00,0.000,0.7,2.9,0.8,328,38,1.3,3.9,0.9,326,47,1.3,3.9,0.9,326,47,0,28.49,-0.3,0,0,0,42.8,46.9,49.1,0.43,0.32,0.34
WBOU,2019-11-08 03:00:00 EST,41.74505,-74.58833,1421,24.8,24.9,24.8,75.9,18.2,0.000,0.000,0.00,0.000,1.6,5.8,1.2,10,26,2.3,7.2,1.6,2,33,2.3,7.2,1.6,2,33,0,28.49,-0.3,0,0,0,42.8,46.9,49.1,0.43,0.32,0.34
WBOU,2019-11-08 03:05:00 EST,41.74505,-74.58833,1421,24.4,24.7,24.4,76.3,18.0,0.000,0.000,0.00,0.000,1.8,3.8,0.8,33,39,2.2,4.3,0.9,37,36,2.2,4.3,0.9,37,36,0,28.49,-0.4,0,0,0,42.8,46.8,49.1,0.43,0.32,0.34
WBOU,2019-11-08 03:10:00 EST,41.74505,-74.58833,1421,24.2,24.6,24.2,77.8,18.2,0.000,0.000,0.00,0.000,2.1,4.5,1.0,11,23,2.6,5.8,1.1,9,20,2.6,5.8,1.1,9,20,0,28.49,-0.3,0,0,0,42.8,46.8,49.1,0.43,0.32,0.34
WBOU,2019-11-08 03:15:00 EST,41.74505,-74.58833,1421,24.5,24.7,24.5,77.0,18.3,0.000,0.000,0.00,0.000,1.8,4.8,1.0,320,44,2.4,5.5,1.0,320,44,2.4,5.5,1.0,320,44,0,28.49,-0.3,0,0,0,42.7,46.8,49.1,0.42,0.32,0.34
WBOU,2019-11-08 03:20:00 EST,41.74505,-74.58833,1421,24.5,24.6,24.5,77.0,18.4,0.000,0.000,0.00,0.000,0.7,2.6,0.7,294,38,1.2,4.4,0.8,284,44,1.2,4.4,0.8,284,44,0,28.49,-0.5,0,0,0,42.6,46.8,49.1,0.42,0.32,0.34
WBOU,2019-11-08 03:25:00 EST,41.74505,-74.58833,1421,23.5,24.4,23.5,79.1,18.0,0.000,0.000,0.00,0.000,0.3,1.7,0.5,26,27,0.5,1.8,0.6,50,33,0.5,1.8,0.6,50,33,0,28.49,-0.5,0,0,0,42.6,46.8,49.1,0.42,0.32,0.34
WBOU,2019-11-08 03:30:00 EST,41.74505,-74.58833,1421,23.0,24.1,23.0,81.2,18.1,0.000,0.000,0.00,0.000,0.1,0.9,0.2,20,16,0.5,2.1,0.5,22,29,0.5,2.1,0.5,22,29,0,28.49,-0.3,0,0,0,42.6,46.8,49.1,0.42,0.32,0.34
WBOU,2019-11-08 03:35:00 EST,41.74505,-74.58833,1421,23.6,24.0,23.6,82.3,19.0,0.000,0.000,0.00,0.000,1.3,3.1,0.9,322,32,1.9,4.7,1.1,321,35,1.9,4.7,1.1,321,35,0,28.49,-0.3,0,0,0,42.6,46.8,49.1,0.42,0.32,0.34
WBOU,2019-11-08 03:40:00 EST,41.74505,-74.58833,1421,23.4,23.9,23.4,81.0,18.4,0.000,0.000,0.00,0.000,0.8,2.7,0.6,17,63,1.4,3.7,0.8,4,66,1.4,3.7,0.8,4,66,0,28.49,-0.3,0,0,0,42.6,46.8,49.1,0.42,0.32,0.34
WBOU,2019-11-08 03:45:00 EST,41.74505,-74.58833,1421,23.6,23.9,23.6,81.3,18.7,0.000,0.000,0.00,0.000,1.6,4.0,1.0,294,37,2.1,5.0,1.2,298,37,2.1,5.0,1.2,298,37,0,28.49,-0.3,0,0,0,42.4,46.8,49.1,0.42,0.32,0.34
WBOU,2019-11-08 03:50:00 EST,41.74505,-74.58833,1421,23.9,23.9,23.9,80.5,18.8,0.000,0.000,0.00,0.000,1.0,3.4,1.0,309,34,1.5,4.8,1.2,308,44,1.5,4.8,1.2,308,44,0,28.50,-0.3,0,0,0,42.4,46.8,49.1,0.42,0.32,0.34
WBOU,2019-11-08 03:55:00 EST,41.74505,-74.58833,1421,23.8,23.9,23.8,80.6,18.7,0.000,0.000,0.00,0.000,1.2,3.2,0.9,293,28,1.7,4.2,1.1,292,32,1.7,4.2,1.1,292,32,0,28.50,-0.3,0,0,0,42.4,46.8,49.1,0.42,0.32,0.34
WBOU,2019-11-08 04:00:00 EST,41.74505,-74.58833,1421,23.7,23.8,19.9,79.9,18.4,0.000,0.000,0.00,0.000,2.3,6.1,1.4,309,36,3.0,7.2,1.6,318,41,3.0,7.2,1.6,318,41,0,28.50,-0.3,0,0,0,42.4,46.8,49.1,0.42,0.32,0.34
WBOU,2019-11-08 04:05:00 EST,41.74505,-74.58833,1421,23.6,23.7,19.2,79.2,18.1,0.000,0.000,0.00,0.000,3.0,9.9,2.1,325,35,3.4,10.9,2.1,327,35,3.4,10.9,2.1,327,35,0,28.50,-0.3,0,0,0,42.4,46.8,49.1,0.42,0.32,0.34
WBOU,2019-11-08 04:10:00 EST,41.74505,-74.58833,1421,23.6,23.7,23.6,78.9,18.0,0.000,0.000,0.00,0.000,0.9,4.0,1.2,298,22,1.4,5.1,1.3,295,35,1.4,5.1,1.3,295,35,0,28.50,-0.3,0,0,0,42.3,46.8,49.1,0.42,0.32,0.34
WBOU,2019-11-08 04:15:00 EST,41.74505,-74.58833,1421,23.6,23.6,19.8,79.6,18.2,0.000,0.000,0.00,0.000,2.2,6.5,1.5,323,41,3.0,8.1,1.7,329,46,3.0,8.1,1.7,329,46,0,28.50,-0.3,0,0,0,42.3,46.8,49.1,0.42,0.32,0.34
WBOU,2019-11-08 04:20:00 EST,41.74505,-74.58833,1421,23.6,23.6,23.6,79.3,18.2,0.000,0.000,0.00,0.000,2.2,5.7,1.2,315,51,2.8,8.1,1.4,306,51,2.8,8.1,1.4,306,51,0,28.50,-0.2,0,0,0,42.3,46.8,49.1,0.42,0.32,0.34
WBOU,2019-11-08 04:25:00 EST,41.74505,-74.58833,1421,23.7,23.7,23.7,79.4,18.3,0.000,0.000,0.00,0.000,2.0,5.7,1.5,300,41,2.9,7.2,1.6,290,42,2.9,7.2,1.6,290,42,0,28.50,-0.2,0,0,0,42.3,46.7,49.1,0.42,0.32,0.34
WBOU,2019-11-08 04:30:00 EST,41.74505,-74.58833,1421,24.2,24.0,18.8,79.1,18.6,0.000,0.000,0.00,0.000,3.1,8.6,1.9,289,36,4.2,9.2,2.0,287,36,4.2,9.2,2.0,287,36,0,28.50,-0.2,0,0,0,42.3,46.8,49.1,0.41,0.32,0.34
WBOU,2019-11-08 04:35:00 EST,41.74505,-74.58833,1421,24.5,24.2,20.5,78.7,18.8,0.000,0.000,0.00,0.000,2.4,8.3,2.1,311,34,3.2,8.6,2.0,315,42,3.2,8.6,2.0,315,42,0,28.50,-0.2,0,0,0,42.1,46.7,49.1,0.41,0.32,0.34
WBOU,2019-11-08 04:40:00 EST,41.74505,-74.58833,1421,24.5,24.3,20.0,78.2,18.7,0.000,0.000,0.00,0.000,2.7,7.8,1.9,302,35,3.6,9.4,2.0,307,36,3.6,9.4,2.0,307,36,0,28.50,-0.3,0,0,0,42.1,46.6,49.1,0.41,0.32,0.34
WBOU,2019-11-08 04:45:00 EST,41.74505,-74.58833,1421,24.6,24.3,24.6,78.4,18.8,0.000,0.000,0.00,0.000,2.0,4.9,1.3,302,40,2.5,6.3,1.5,307,40,2.5,6.3,1.5,307,40,0,28.50,-0.3,0,0,0,42.1,46.6,49.1,0.41,0.32,0.34
WBOU,2019-11-08 04:50:00 EST,41.74505,-74.58833,1421,24.6,24.3,24.6,78.2,18.8,0.000,0.000,0.00,0.000,1.8,4.2,1.2,327,30,2.4,5.7,1.3,328,36,2.4,5.7,1.3,328,36,0,28.50,-0.3,0,0,0,42.1,46.6,49.1,0.41,0.32,0.34
WBOU,2019-11-08 04:55:00 EST,41.74505,-74.58833,1421,24.6,24.4,24.6,77.9,18.7,0.000,0.000,0.00,0.000,1.7,4.1,0.9,340,25,2.1,5.1,1.0,340,26,2.1,5.1,1.0,340,26,0,28.50,-0.3,0,0,0,42.1,46.6,49.1,0.41,0.32,0.34
WBOU,2019-11-08 05:00:00 EST,41.74505,-74.58833,1421,24.6,24.4,24.6,78.2,18.8,0.000,0.000,0.00,0.000,1.2,3.8,1.0,344,27,1.8,4.5,1.0,348,33,1.8,4.5,1.0,348,33,0,28.50,-0.3,0,0,0,42.1,46.6,49.1,0.41,0.32,0.34
WBOU,2019-11-08 05:05:00 EST,41.74505,-74.58833,1421,24.7,24.5,24.7,77.3,18.6,0.000,0.000,0.00,0.000,1.6,3.8,1.0,307,23,2.1,4.8,1.0,309,27,2.1,4.8,1.0,309,27,0,28.50,-0.3,0,0,0,42.0,46.6,49.1,0.41,0.32,0.34
WBOU,2019-11-08 05:10:00 EST,41.74505,-74.58833,1421,24.8,24.5,24.8,77.4,18.7,0.000,0.000,0.00,0.000,1.7,4.5,1.3,327,29,2.2,5.6,1.4,324,38,2.2,5.6,1.4,324,38,0,28.50,-0.3,0,0,0,41.9,46.6,49.1,0.41,0.32,0.34
WBOU,2019-11-08 05:15:00 EST,41.74505,-74.58833,1421,24.8,24.5,24.8,78.3,19.0,0.000,0.000,0.00,0.000,1.7,4.5,1.5,302,26,2.2,5.8,1.6,304,35,2.2,5.8,1.6,304,35,0,28.50,-0.3,0,0,0,41.9,46.6,49.1,0.41,0.32,0.34
WBOU,2019-11-08 05:20:00 EST,41.74505,-74.58833,1421,24.9,24.6,24.9,77.6,18.9,0.000,0.000,0.00,0.000,1.2,4.7,1.3,292,27,1.9,6.3,1.3,286,44,1.9,6.3,1.3,286,44,0,28.50,-0.3,0,0,0,41.9,46.6,48.9,0.41,0.32,0.34
WBOU,2019-11-08 05:25:00 EST,41.74505,-74.58833,1421,24.9,24.6,24.9,78.8,19.3,0.000,0.000,0.00,0.000,0.5,3.0,0.7,338,45,1.2,4.0,0.9,293,57,1.2,4.0,0.9,293,57,0,28.50,-0.3,0,0,0,41.9,46.6,49.1,0.41,0.32,0.34
WBOU,2019-11-08 05:30:00 EST,41.74505,-74.58833,1421,25.0,24.6,25.0,78.2,19.1,0.000,0.000,0.00,0.000,1.4,3.7,0.9,283,20,1.7,4.2,0.9,280,26,1.7,4.2,0.9,280,26,0,28.50,-0.3,0,0,0,41.9,46.6,49.0,0.41,0.32,0.34
WBOU,2019-11-08 05:35:00 EST,41.74505,-74.58833,1421,25.0,24.7,25.0,78.8,19.4,0.000,0.000,0.00,0.000,2.4,4.1,0.7,256,16,2.8,4.7,0.8,256,16,2.8,4.7,0.8,256,16,0,28.51,-0.3,0,0,0,41.9,46.6,49.0,0.41,0.32,0.34
WBOU,2019-11-08 05:40:00 EST,41.74505,-74.58833,1421,25.0,24.7,25.0,79.4,19.5,0.000,0.000,0.00,0.000,2.6,4.2,0.7,262,22,3.0,5.0,0.9,263,22,3.0,5.0,0.9,263,22,0,28.50,-0.3,0,0,0,41.9,46.6,49.0,0.41,0.32,0.34
WBOU,2019-11-08 05:45:00 EST,41.74505,-74.58833,1421,25.0,24.7,25.0,80.1,19.7,0.000,0.000,0.00,0.000,2.2,6.2,1.1,272,26,2.7,6.7,1.3,274,22,2.7,6.7,1.3,274,22,0,28.50,-0.3,0,0,0,41.9,46.6,49.0,0.41,0.32,0.34
WBOU,2019-11-08 05:50:00 EST,41.74505,-74.58833,1421,24.9,24.7,21.2,81.7,20.1,0.000,0.000,0.00,0.000,2.5,6.1,1.3,265,19,3.1,7.4,1.5,265,19,3.1,7.4,1.5,265,19,0,28.51,-0.3,0,0,0,41.9,46.6,48.9,0.41,0.32,0.34
WBOU,2019-11-08 05:55:00 EST,41.74505,-74.58833,1421,24.9,24.7,20.0,82.5,20.3,0.000,0.000,0.00,0.000,3.5,5.8,0.7,244,13,3.9,6.8,1.0,245,15,3.9,6.8,1.0,245,15,0,28.51,-0.3,0,0,0,41.9,46.5,49.0,0.41,0.32,0.34
WBOU,2019-11-08 06:00:00 EST,41.74505,-74.58833,1421,24.7,24.4,19.1,84.5,20.7,0.000,0.000,0.00,0.000,3.8,6.1,0.9,253,13,4.4,7.4,1.2,253,13,4.4,7.4,1.2,253,13,0,28.51,-0.3,0,0,0,41.8,46.5,48.8,0.41,0.32,0.34
WBOU,2019-11-08 06:05:00 EST,41.74505,-74.58833,1421,24.5,24.3,19.1,85.6,20.8,0.000,0.000,0.00,0.000,3.7,6.3,1.0,260,16,4.3,8.3,1.3,262,16,4.3,8.3,1.3,262,16,0,28.51,-0.3,0,0,0,41.7,46.4,48.8,0.41,0.32,0.34
WBOU,2019-11-08 06:10:00 EST,41.74505,-74.58833,1421,24.5,24.2,19.9,86.9,21.1,0.000,0.000,0.00,0.000,3.0,6.9,1.3,265,21,3.6,7.4,1.6,266,21,3.6,7.4,1.6,266,21,0,28.52,-0.3,0,0,0,41.7,46.4,48.7,0.41,0.32,0.34
WBOU,2019-11-08 06:15:00 EST,41.74505,-74.58833,1421,24.3,24.1,18.6,87.3,21.1,0.000,0.000,0.00,0.000,3.9,7.5,1.5,263,18,4.5,9.2,1.9,264,17,4.5,9.2,1.9,264,17,0,28.52,-0.3,0,0,0,41.7,46.4,48.7,0.40,0.32,0.34
WBOU,2019-11-08 06:20:00 EST,41.74505,-74.58833,1421,24.2,23.9,18.6,87.7,21.0,0.000,0.000,0.00,0.000,3.6,6.1,1.5,259,16,4.3,7.6,1.7,263,18,4.3,7.6,1.7,263,18,0,28.52,-0.3,0,0,0,41.7,46.4,48.7,0.41,0.32,0.34
WBOU,2019-11-08 06:25:00 EST,41.74505,-74.58833,1421,24.0,23.8,24.0,88.1,21.0,0.000,0.000,0.00,0.000,2.2,4.5,1.0,266,22,2.8,6.3,1.3,268,21,2.8,6.3,1.3,268,21,0,28.52,-0.3,0,0,0,41.7,46.4,48.7,0.40,0.32,0.34
WBOU,2019-11-08 06:30:00 EST,41.74505,-74.58833,1421,24.1,23.9,24.1,87.8,21.0,0.000,0.000,0.00,0.000,2.5,7.1,1.4,264,35,2.9,10.0,1.6,266,32,2.9,10.0,1.6,266,32,1,28.52,-0.3,0,0,0,41.7,46.4,48.7,0.40,0.32,0.34
WBOU,2019-11-08 06:35:00 EST,41.74505,-74.58833,1421,24.3,24.2,19.7,86.4,20.8,0.000,0.000,0.00,0.000,3.1,7.8,1.8,290,28,3.6,10.3,2.0,289,29,3.6,10.3,2.0,289,29,2,28.52,-0.2,0,0,0,41.7,46.4,48.7,0.40,0.32,0.34
WBOU,2019-11-08 06:40:00 EST,41.74505,-74.58833,1421,24.9,24.6,20.0,83.9,20.7,0.000,0.000,0.00,0.000,3.0,8.5,1.8,284,27,3.9,11.7,2.0,283,27,3.9,11.7,2.0,283,27,2,28.52,-0.2,0,0,0,41.7,46.4,48.7,0.40,0.32,0.34
WBOU,2019-11-08 06:45:00 EST,41.74505,-74.58833,1421,25.2,24.9,21.0,82.8,20.7,0.000,0.000,0.00,0.000,2.6,5.8,1.4,266,30,3.4,7.9,1.7,266,29,3.4,7.9,1.7,266,29,4,28.53,-0.3,0,0,0,41.7,46.4,48.7,0.40,0.32,0.34
WBOU,2019-11-08 06:50:00 EST,41.74505,-74.58833,1421,25.4,25.1,18.9,81.3,20.5,0.000,0.000,0.00,0.000,4.5,13.8,2.8,284,30,5.5,16.5,3.1,284,30,5.5,16.5,3.1,284,30,7,28.53,-0.2,0,0,0,41.7,46.4,48.7,0.40,0.32,0.34
WBOU,2019-11-08 06:55:00 EST,41.74505,-74.58833,1421,25.6,25.3,18.6,78.5,19.8,0.000,0.000,0.00,0.000,5.0,10.4,2.3,281,30,6.0,12.1,2.5,285,30,6.0,12.1,2.5,285,30,13,28.53,-0.3,0,0,0,41.7,46.4,48.7,0.40,0.32,0.34
WBOU,2019-11-08 07:00:00 EST,41.74505,-74.58833,1421,25.7,25.5,19.7,77.9,19.8,0.000,0.000,0.00,0.000,3.9,11.3,2.3,283,33,5.0,11.9,2.5,284,33,5.0,11.9,2.5,284,33,22,28.53,-0.3,0,0,0,41.7,46.4,48.7,0.40,0.32,0.34
WBOU,2019-11-08 07:05:00 EST,41.74505,-74.58833,1421,25.9,25.7,18.8,76.7,19.6,0.000,0.000,0.00,0.000,5.4,10.7,2.5,278,24,6.3,13.1,3.0,283,22,6.3,13.1,3.0,283,22,36,28.53,-0.2,0,0,0,41.7,46.4,48.7,0.40,0.32,0.34
WBOU,2019-11-08 07:10:00 EST,41.74505,-74.58833,1421,26.3,26.0,18.4,75.8,19.7,0.000,0.000,0.00,0.000,6.1,12.9,2.4,276,36,7.3,16.7,2.8,277,34,7.3,16.7,2.8,277,34,55,28.53,-0.3,0,0,0,41.6,46.4,48.7,0.40,0.32,0.34
WBOU,2019-11-08 07:15:00 EST,41.74505,-74.58833,1421,26.4,26.1,19.1,74.0,19.3,0.000,0.000,0.00,0.000,5.8,21.2,4.4,296,34,6.7,21.8,4.6,297,34,6.7,21.8,4.6,297,34,60,28.53,-0.3,0,0,0,41.6,46.4,48.7,0.40,0.32,0.34
WBOU,2019-11-08 07:20:00 EST,41.74505,-74.58833,1421,26.5,26.2,19.2,70.7,18.3,0.000,0.000,0.00,0.000,5.3,11.8,3.1,311,47,6.5,13.8,3.5,309,49,6.5,13.8,3.5,309,49,63,28.54,-0.2,0,0,0,41.5,46.3,48.7,0.40,0.32,0.34
WBOU,2019-11-08 07:25:00 EST,41.74505,-74.58833,1421,26.8,26.4,19.3,67.5,17.5,0.000,0.000,0.00,0.000,6.0,16.2,3.9,304,38,6.9,21.0,4.7,300,39,6.9,21.0,4.7,300,39,88,28.54,-0.3,0,0,0,41.5,46.1,48.7,0.40,0.32,0.34
WBOU,2019-11-08 07:30:00 EST,41.74505,-74.58833,1421,26.8,26.4,19.8,67.0,17.3,0.000,0.000,0.00,0.000,5.0,12.5,2.9,319,46,6.3,13.8,3.2,321,46,6.3,13.8,3.2,321,46,78,28.54,-0.3,0,0,0,41.5,46.0,48.7,0.40,0.32,0.34
WBOU,2019-11-08 07:35:00 EST,41.74505,-74.58833,1421,27.0,26.6,19.0,61.6,15.5,0.000,0.000,0.00,0.000,6.2,13.7,3.0,315,38,7.7,14.6,3.3,322,38,7.7,14.6,3.3,322,38,109,28.54,-0.3,0,0,0,41.5,46.0,48.7,0.40,0.32,0.34
WBOU,2019-11-08 07:40:00 EST,41.74505,-74.58833,1421,27.1,26.7,18.9,60.1,15.1,0.000,0.000,0.00,0.000,6.7,16.6,3.4,321,42,8.0,21.1,3.9,323,40,8.0,21.1,3.9,323,40,130,28.55,-0.3,0,0,0,41.5,46.0,48.7,0.40,0.32,0.34
WBOU,2019-11-08 07:45:00 EST,41.74505,-74.58833,1421,27.2,26.8,18.6,59.9,15.1,0.000,0.000,0.00,0.000,7.0,16.7,3.3,316,33,8.6,21.8,3.7,316,31,8.6,21.8,3.7,316,31,137,28.55,-0.3,0,0,0,41.5,46.0,48.7,0.40,0.32,0.34
WBOU,2019-11-08 07:50:00 EST,41.74505,-74.58833,1421,27.2,26.8,18.6,59.9,15.1,0.000,0.000,0.00,0.000,7.2,15.3,3.1,320,33,8.7,18.2,3.6,322,27,8.7,18.2,3.6,322,27,150,28.55,-0.3,0,0,0,41.5,46.0,48.7,0.40,0.32,0.34
WBOU,2019-11-08 07:55:00 EST,41.74505,-74.58833,1421,27.0,26.7,20.0,61.8,15.7,0.000,0.000,0.00,0.000,5.3,12.2,2.7,315,44,6.4,16.0,3.0,314,46,6.4,16.0,3.0,314,46,60,28.56,-0.3,0,0,0,41.5,46.0,48.7,0.40,0.32,0.34
WBOU,2019-11-08 08:00:00 EST,41.74505,-74.58833,1421,26.9,26.5,19.5,62.6,15.8,0.000,0.000,0.00,0.000,5.5,15.4,3.7,313,32,6.7,17.2,3.9,317,36,6.7,17.2,3.9,317,36,150,28.56,-0.3,0,0,0,41.5,46.0,48.7,0.40,0.32,0.34
WBOU,2019-11-08 08:05:00 EST,41.74505,-74.58833,1421,27.3,26.8,21.3,62.2,16.1,0.000,0.000,0.00,0.000,4.1,12.3,3.0,321,45,5.3,16.8,3.2,326,46,5.3,16.8,3.2,326,46,194,28.56,-0.2,0,0,0,41.5,46.0,48.7,0.40,0.32,0.34
WBOU,2019-11-08 08:10:00 EST,41.74505,-74.58833,1421,27.4,26.7,19.2,62.1,16.1,0.000,0.000,0.00,0.000,6.7,15.1,3.7,319,35,8.0,18.9,3.7,321,32,8.0,18.9,3.7,321,32,172,28.56,-0.3,0,0,0,41.4,46.0,48.7,0.40,0.32,0.34
WBOU,2019-11-08 08:15:00 EST,41.74505,-74.58833,1421,26.9,26.5,19.8,63.2,16.1,0.000,0.000,0.00,0.000,5.1,13.9,3.2,313,43,6.5,19.5,3.7,314,43,6.5,19.5,3.7,314,43,74,28.57,-0.3,0,0,0,41.4,46.0,48.7,0.40,0.32,0.34
WBOU,2019-11-08 08:20:00 EST,41.74505,-74.58833,1421,26.4,26.0,17.6,64.2,16.0,0.000,0.000,0.00,0.000,6.9,19.4,3.8,297,39,8.6,20.7,4.4,298,39,8.6,20.7,4.4,298,39,62,28.57,-0.3,0,0,0,41.4,46.0,48.7,0.40,0.32,0.34
WBOU,2019-11-08 08:25:00 EST,41.74505,-74.58833,1421,25.9,25.5,17.8,64.9,15.7,0.000,0.000,0.00,0.000,6.4,15.4,3.4,314,37,7.5,14.4,3.6,316,36,7.5,14.4,3.6,316,36,61,28.57,-0.3,0,0,0,41.4,46.0,48.7,0.40,0.32,0.34
WBOU,2019-11-08 08:30:00 EST,41.74505,-74.58833,1421,25.4,25.0,18.2,69.3,16.7,0.000,0.000,0.00,0.000,5.0,14.1,3.1,336,40,6.1,15.9,3.2,338,40,6.1,15.9,3.2,338,40,69,28.58,-0.2,0,0,0,41.4,46.0,48.7,0.40,0.32,0.34
WBOU,2019-11-08 08:35:00 EST,41.74505,-74.58833,1421,25.9,25.5,17.1,64.8,15.7,0.000,0.000,0.00,0.000,7.1,17.3,3.1,314,35,8.5,17.7,3.4,318,33,8.5,17.7,3.4,318,33,246,28.57,-0.2,0,0,0,41.4,46.0,48.7,0.40,0.32,0.34
WBOU,2019-11-08 08:40:00 EST,41.74505,-74.58833,1421,26.3,25.7,16.9,63.0,15.4,0.000,0.000,0.00,0.000,8.2,16.9,3.3,323,31,9.6,21.2,3.4,326,28,9.6,21.2,3.4,326,28,289,28.57,-0.3,0,0,0,41.4,46.0,48.7,0.39,0.32,0.34
WBOU,2019-11-08 08:45:00 EST,41.74505,-74.58833,1421,26.5,25.9,18.3,61.2,14.9,0.000,0.000,0.00,0.000,6.1,19.7,3.8,320,39,7.8,19.0,4.4,320,37,7.8,19.0,4.4,320,37,295,28.57,-0.2,0,0,0,41.4,45.9,48.7,0.39,0.32,0.34
WBOU,2019-11-08 08:50:00 EST,41.74505,-74.58833,1421,27.0,26.2,20.4,61.9,15.7,0.000,0.000,0.00,0.000,4.4,10.2,2.3,323,48,5.9,15.9,2.8,328,47,5.9,15.9,2.8,328,47,266,28.57,-0.3,0,0,0,41.4,45.9,48.7,0.39,0.32,0.34
WBOU,2019-11-08 08:55:00 EST,41.74505,-74.58833,1421,26.9,26.2,19.1,59.4,14.6,0.000,0.000,0.00,0.000,5.8,15.6,3.5,327,40,7.3,18.5,3.9,327,38,7.3,18.5,3.9,327,38,327,28.57,-0.3,0,0,0,41.4,45.9,48.7,0.39,0.32,0.34
WBOU,2019-11-08 09:00:00 EST,41.74505,-74.58833,1421,27.1,26.4,18.6,59.3,14.8,0.000,0.000,0.00,0.000,6.7,16.1,3.5,324,35,8.4,16.9,3.7,328,34,8.4,16.9,3.7,328,34,316,28.57,-0.3,0,0,0,41.4,45.9,48.7,0.39,0.32,0.34
WBOU,2019-11-08 09:05:00 EST,41.74505,-74.58833,1421,27.0,26.3,19.3,59.4,14.8,0.000,0.000,0.00,0.000,6.2,16.3,2.9,312,33,7.4,16.1,3.3,312,34,7.4,16.1,3.3,312,34,326,28.57,-0.1,0,0,0,41.4,45.9,48.7,0.39,0.32,0.34
WBOU,2019-11-08 09:10:00 EST,41.74505,-74.58833,1421,27.3,26.6,19.1,59.9,15.2,0.000,0.000,0.00,0.000,6.6,16.2,4.2,297,42,8.0,18.6,4.3,301,42,8.0,18.6,4.3,301,42,358,28.57,-0.2,0,0,0,41.4,45.9,48.7,0.39,0.32,0.34
WBOU,2019-11-08 09:15:00 EST,41.74505,-74.58833,1421,26.9,26.2,18.0,61.3,15.4,0.000,0.000,0.00,0.000,7.8,19.5,4.4,298,42,9.1,22.5,5.0,302,39,9.1,22.5,5.0,302,39,230,28.57,-0.2,0,0,0,41.4,45.9,48.7,0.39,0.32,0.34
WBOU,2019-11-08 09:20:00 EST,41.74505,-74.58833,1421,27.1,26.4,18.5,61.8,15.8,0.000,0.000,0.00,0.000,7.1,19.9,4.2,307,38,8.5,23.7,4.2,314,40,8.5,23.7,4.2,314,40,383,28.57,-0.2,0,0,0,41.4,45.9,48.7,0.39,0.32,0.34
WBOU,2019-11-08 09:25:00 EST,41.74505,-74.58833,1421,27.3,26.5,19.1,62.1,16.1,0.000,0.000,0.00,0.000,6.2,15.6,3.4,302,41,8.0,17.5,3.5,304,39,8.0,17.5,3.5,304,39,337,28.57,-0.3,0,0,0,41.3,45.9,48.7,0.39,0.32,0.34
WBOU,2019-11-08 09:30:00 EST,41.74505,-74.58833,1421,27.0,26.4,18.2,62.6,15.9,0.000,0.000,0.00,0.000,7.7,15.1,3.0,337,28,8.8,19.8,3.2,339,27,8.8,19.8,3.2,339,27,238,28.58,-0.4,0,0,0,41.2,45.9,48.7,0.39,0.32,0.34
WBOU,2019-11-08 09:35:00 EST,41.74505,-74.58833,1421,26.4,25.9,17.8,64.7,16.1,0.000,0.000,0.00,0.000,7.0,14.9,3.3,326,33,8.5,18.5,3.9,329,27,8.5,18.5,3.9,329,27,176,28.58,-0.3,0,0,0,41.2,45.9,48.7,0.39,0.32,0.34
WBOU,2019-11-08 09:40:00 EST,41.74505,-74.58833,1421,26.2,25.7,17.1,61.9,14.9,0.000,0.000,0.00,0.000,7.7,20.2,5.0,324,42,9.1,24.3,5.5,326,41,9.1,24.3,5.5,326,41,156,28.58,-0.3,0,0,0,41.2,45.9,48.7,0.39,0.32,0.34
WBOU,2019-11-08 09:45:00 EST,41.74505,-74.58833,1421,26.9,26.2,19.3,61.4,15.4,0.000,0.000,0.00,0.000,6.0,17.5,3.9,314,48,7.0,18.6,4.1,313,49,7.0,18.6,4.1,313,49,268,28.58,-0.3,0,0,0,41.2,45.9,48.7,0.39,0.32,0.34
WBOU,2019-11-08 09:50:00 EST,41.74505,-74.58833,1421,26.9,26.2,17.9,60.5,15.0,0.000,0.000,0.00,0.000,8.0,21.3,4.4,314,36,9.2,28.7,4.6,314,33,9.2,28.7,4.6,314,33,360,28.58,-0.2,0,0,0,41.2,45.9,48.7,0.39,0.32,0.34
WBOU,2019-11-08 09:55:00 EST,41.74505,-74.58833,1421,27.1,26.3,19.2,58.8,14.6,0.000,0.000,0.00,0.000,5.7,19.4,4.0,323,38,7.4,23.4,4.3,320,33,7.4,23.4,4.3,320,33,237,28.58,-0.3,0,0,0,41.2,45.9,48.7,0.39,0.32,0.34
WBOU,2019-11-08 10:00:00 EST,41.74505,-74.58833,1421,27.5,26.7,19.9,58.3,14.8,0.000,0.000,0.00,0.000,5.7,18.1,3.9,297,38,7.2,19.0,4.2,301,36,7.2,19.0,4.2,301,36,456,28.58,-0.2,0,0,0,41.2,45.9,48.7,0.39,0.32,0.34
WBOU,2019-11-08 10:05:00 EST,41.74505,-74.58833,1421,28.3,27.4,20.9,56.0,14.6,0.000,0.000,0.00,0.000,5.8,12.7,3.2,306,37,7.1,17.7,3.3,310,36,7.1,17.7,3.3,310,36,379,28.58,-0.3,0,0,0,41.2,45.9,48.7,0.39,0.32,0.34
WBOU,2019-11-08 10:10:00 EST,41.74505,-74.58833,1421,28.1,27.4,20.5,56.3,14.5,0.000,0.000,0.00,0.000,6.7,15.9,3.5,320,41,7.5,17.3,3.8,327,37,7.5,17.3,3.8,327,37,408,28.58,-0.3,0,0,0,41.2,45.8,48.7,0.39,0.32,0.34
WBOU,2019-11-08 10:15:00 EST,41.74505,-74.58833,1421,26.6,26.0,18.3,65.3,16.6,0.000,0.000,0.00,0.000,6.8,16.1,4.0,346,34,8.1,21.2,4.6,348,27,8.1,21.2,4.6,348,27,161,28.59,-0.4,0,0,0,41.2,45.8,48.7,0.39,0.32,0.34
WBOU,2019-11-08 10:20:00 EST,41.74505,-74.58833,1421,25.6,24.9,18.4,74.0,18.4,0.000,0.000,0.00,0.000,4.9,13.4,3.1,332,44,6.2,16.7,3.5,334,43,6.2,16.7,3.5,334,43,210,28.59,-0.2,0,0,0,41.3,45.8,48.7,0.39,0.32,0.34
WBOU,2019-11-08 10:25:00 EST,41.74505,-74.58833,1421,26.5,25.5,18.7,70.4,18.2,0.000,0.000,0.00,0.000,5.8,14.5,3.1,333,35,7.2,16.4,3.2,337,34,7.2,16.4,3.2,337,34,328,28.60,-0.3,0,0,0,41.4,45.7,48.6,0.39,0.32,0.34
WBOU,2019-11-08 10:30:00 EST,41.74505,-74.58833,1421,26.5,25.7,18.2,65.0,16.4,0.000,0.000,0.00,0.000,6.5,15.2,3.5,315,37,7.9,20.8,3.9,323,33,7.9,20.8,3.9,323,33,375,28.60,-0.3,0,0,0,41.4,45.7,48.6,0.39,0.32,0.34
WBOU,2019-11-08 10:35:00 EST,41.74505,-74.58833,1421,27.0,26.1,18.8,62.1,15.7,0.000,0.000,0.00,0.000,6.6,16.8,3.5,319,42,7.9,17.1,4.0,317,37,7.9,17.1,4.0,317,37,493,28.59,-0.3,0,0,0,41.4,45.7,48.6,0.39,0.32,0.34
WBOU,2019-11-08 10:40:00 EST,41.74505,-74.58833,1421,27.7,26.6,19.9,59.6,15.5,0.000,0.000,0.00,0.000,6.1,17.5,4.4,312,36,7.6,21.1,4.8,310,38,7.6,21.1,4.8,310,38,515,28.59,-0.4,0,0,0,41.4,45.7,48.6,0.39,0.32,0.34
WBOU,2019-11-08 10:45:00 EST,41.74505,-74.58833,1421,28.2,27.0,20.3,57.8,15.3,0.000,0.000,0.00,0.000,6.3,21.8,3.9,326,37,8.0,21.9,3.9,329,37,8.0,21.9,3.9,329,37,495,28.59,-0.3,0,0,0,41.4,45.7,48.6,0.39,0.32,0.34
WBOU,2019-11-08 10:50:00 EST,41.74505,-74.58833,1421,27.5,26.7,18.3,55.2,13.5,0.000,0.000,0.00,0.000,8.4,15.8,3.2,330,30,9.7,19.3,3.3,332,26,9.7,19.3,3.3,332,26,290,28.59,-0.4,0,0,0,41.4,45.7,48.6,0.39,0.32,0.34
WBOU,2019-11-08 10:55:00 EST,41.74505,-74.58833,1421,27.4,26.7,19.4,56.6,14.0,0.000,0.000,0.00,0.000,6.2,15.0,3.0,326,35,7.8,17.5,3.3,330,33,7.8,17.5,3.3,330,33,298,28.60,-0.4,0,0,0,41.4,45.7,48.6,0.39,0.32,0.34
WBOU,2019-11-08 11:00:00 EST,41.74505,-74.58833,1421,27.1,26.5,19.5,56.4,13.7,0.000,0.000,0.00,0.000,5.6,14.7,3.0,351,38,7.2,18.4,3.7,351,31,7.2,18.4,3.7,351,31,225,28.60,-0.3,0,0,0,41.4,45.7,48.6,0.39,0.32,0.34
WBOU,2019-11-08 11:05:00 EST,41.74505,-74.58833,1421,27.7,26.9,21.3,58.0,14.9,0.000,0.000,0.00,0.000,4.8,12.9,2.8,324,40,5.9,15.4,3.3,328,38,5.9,15.4,3.3,328,38,366,28.60,-0.3,0,0,0,41.5,45.7,48.6,0.39,0.32,0.34
WBOU,2019-11-08 11:10:00 EST,41.74505,-74.58833,1421,27.5,26.7,18.9,56.1,13.9,0.000,0.000,0.00,0.000,7.5,15.3,3.9,331,30,8.7,20.4,4.5,335,26,8.7,20.4,4.5,335,26,345,28.60,-0.4,0,0,0,41.5,45.7,48.6,0.39,0.32,0.34
WBOU,2019-11-08 11:15:00 EST,41.74505,-74.58833,1421,27.9,26.9,19.7,58.7,15.3,0.000,0.000,0.00,0.000,6.6,13.8,3.5,309,34,8.2,15.1,3.7,309,34,8.2,15.1,3.7,309,34,550,28.60,-0.4,0,0,0,41.5,45.7,48.6,0.39,0.32,0.34
WBOU,2019-11-08 11:20:00 EST,41.74505,-74.58833,1421,28.1,26.9,20.0,58.8,15.5,0.000,0.000,0.00,0.000,7.1,16.8,3.2,296,29,8.2,15.5,3.2,297,29,8.2,15.5,3.2,297,29,600,28.60,-0.1,0,0,0,41.5,45.7,48.6,0.38,0.32,0.34
WBOU,2019-11-08 11:25:00 EST,41.74505,-74.58833,1421,28.7,27.4,23.2,57.8,15.7,0.000,0.000,0.00,0.000,3.7,12.1,2.9,324,41,5.0,13.6,3.0,325,46,5.0,13.6,3.0,325,46,435,28.60,-0.3,0,0,0,41.5,45.7,48.6,0.38,0.32,0.34
WBOU,2019-11-08 11:30:00 EST,41.74505,-74.58833,1421,28.4,27.2,21.1,57.4,15.3,0.000,0.000,0.00,0.000,5.8,12.3,3.0,332,33,7.1,15.9,3.4,334,35,7.1,15.9,3.4,334,35,402,28.60,-0.5,0,0,0,41.5,45.7,48.6,0.38,0.32,0.34
WBOU,2019-11-08 11:35:00 EST,41.74505,-74.58833,1421,27.1,26.4,18.1,56.7,13.8,0.000,0.000,0.00,0.000,7.8,16.1,3.1,349,29,9.2,19.2,3.7,350,24,9.2,19.2,3.7,350,24,311,28.60,-0.4,0,0,0,41.7,45.7,48.6,0.38,0.32,0.34
WBOU,2019-11-08 11:40:00 EST,41.74505,-74.58833,1421,27.1,26.3,18.4,56.6,13.7,0.000,0.000,0.00,0.000,7.6,15.6,3.7,339,33,8.8,17.8,4.0,344,28,8.8,17.8,4.0,344,28,196,28.60,-0.3,0,0,0,41.7,45.7,48.6,0.38,0.32,0.34
WBOU,2019-11-08 11:45:00 EST,41.74505,-74.58833,1421,27.0,26.4,19.1,59.5,14.8,0.000,0.000,0.00,0.000,6.5,14.7,3.2,329,38,7.5,17.8,3.3,334,34,7.5,17.8,3.3,334,34,180,28.59,-0.4,0,0,0,41.7,45.7,48.6,0.38,0.32,0.34
WBOU,2019-11-08 11:50:00 EST,41.74505,-74.58833,1421,27.0,26.2,19.4,61.8,15.6,0.000,0.000,0.00,0.000,6.3,15.5,3.1,329,32,7.1,17.3,3.7,329,28,7.1,17.3,3.7,329,28,294,28.59,-0.3,0,0,0,41.7,45.7,48.6,0.38,0.32,0.34
WBOU,2019-11-08 11:55:00 EST,41.74505,-74.58833,1421,27.2,26.4,19.7,62.6,16.1,0.000,0.000,0.00,0.000,5.7,13.5,3.4,336,22,7.1,14.5,3.5,341,20,7.1,14.5,3.5,341,20,331,28.59,-0.2,0,0,0,41.8,45.6,48.6,0.38,0.32,0.34
WBOU,2019-11-08 12:00:00 EST,41.74505,-74.58833,1421,27.5,26.5,18.3,63.9,16.8,0.000,0.000,0.00,0.000,8.4,17.8,3.1,332,26,9.6,19.9,3.5,336,22,9.6,19.9,3.5,336,22,350,28.59,-0.4,0,0,0,41.9,45.6,48.6,0.38,0.32,0.34
WBOU,2019-11-08 12:05:00 EST,41.74505,-74.58833,1421,26.6,26.0,18.2,61.8,15.3,0.000,0.000,0.00,0.000,6.7,13.7,3.3,327,33,8.1,15.8,3.4,329,32,8.1,15.8,3.4,329,32,137,28.59,-0.3,0,0,0,41.9,45.5,48.6,0.38,0.32,0.34
WBOU,2019-11-08 12:10:00 EST,41.74505,-74.58833,1421,26.8,25.9,21.0,63.7,16.2,0.000,0.000,0.00,0.000,4.0,10.5,2.7,325,40,5.0,13.0,3.0,329,39,5.0,13.0,3.0,329,39,251,28.59,-0.4,0,0,0,41.9,45.5,48.6,0.38,0.32,0.34
WBOU,2019-11-08 12:15:00 EST,41.74505,-74.58833,1421,27.1,26.3,18.6,60.7,15.3,0.000,0.000,0.00,0.000,7.4,18.2,3.1,317,26,8.6,19.9,3.9,318,26,8.6,19.9,3.9,318,26,354,28.59,-0.5,0,0,0,41.9,45.5,48.6,0.38,0.32,0.34
WBOU,2019-11-08 12:20:00 EST,41.74505,-74.58833,1421,27.3,26.4,18.4,57.6,14.3,0.000,0.000,0.00,0.000,8.0,14.2,3.3,322,36,9.2,17.0,3.8,325,34,9.2,17.0,3.8,325,34,356,28.59,-0.4,0,0,0,41.9,45.5,48.6,0.38,0.32,0.34
WBOU,2019-11-08 12:25:00 EST,41.74505,-74.58833,1421,27.3,26.5,19.4,57.1,14.1,0.000,0.000,0.00,0.000,6.2,16.5,3.4,328,39,7.6,15.6,3.6,333,36,7.6,15.6,3.6,333,36,211,28.59,-0.3,0,0,0,41.9,45.5,48.6,0.38,0.32,0.34
WBOU,2019-11-08 12:30:00 EST,41.74505,-74.58833,1421,27.5,26.8,19.3,56.1,13.9,0.000,0.000,0.00,0.000,6.4,16.6,3.6,344,35,8.0,20.7,4.1,341,32,8.0,20.7,4.1,341,32,308,28.59,-0.4,0,0,0,41.9,45.5,48.6,0.38,0.32,0.34
WBOU,2019-11-08 12:35:00 EST,41.74505,-74.58833,1421,27.4,26.8,20.5,56.6,14.1,0.000,0.000,0.00,0.000,5.3,14.0,3.5,330,30,6.3,16.6,3.7,329,32,6.3,16.6,3.7,329,32,218,28.59,-0.4,0,0,0,41.9,45.5,48.5,0.38,0.32,0.34
WBOU,2019-11-08 12:40:00 EST,41.74505,-74.58833,1421,26.9,26.3,19.0,59.6,14.7,0.000,0.000,0.00,0.000,6.5,14.5,3.1,339,34,7.4,16.0,3.6,341,32,7.4,16.0,3.6,341,32,130,28.59,-0.4,0,0,0,41.9,45.5,48.5,0.38,0.32,0.34
WBOU,2019-11-08 12:45:00 EST,41.74505,-74.58833,1421,26.5,25.9,18.9,60.9,14.8,0.000,0.000,0.00,0.000,5.6,13.4,3.2,347,42,6.9,16.8,3.6,345,40,6.9,16.8,3.6,345,40,135,28.59,-0.4,0,0,0,41.9,45.5,48.6,0.38,0.32,0.34
WBOU,2019-11-08 12:50:00 EST,41.74505,-74.58833,1421,26.3,25.7,18.0,60.8,14.6,0.000,0.000,0.00,0.000,6.9,16.1,3.3,328,36,7.8,18.9,3.6,330,31,7.8,18.9,3.6,330,31,143,28.59,-0.3,0,0,0,41.9,45.5,48.5,0.38,0.32,0.34
WBOU,2019-11-08 12:55:00 EST,41.74505,-74.58833,1421,26.2,25.6,16.8,59.5,14.0,0.000,0.000,0.00,0.000,8.0,16.1,3.5,332,33,9.6,19.7,4.2,330,31,9.6,19.7,4.2,330,31,142,28.59,-0.4,0,0,0,41.9,45.5,48.5,0.38,0.32,0.34
WBOU,2019-11-08 13:00:00 EST,41.74505,-74.58833,1421,26.5,25.8,19.6,59.3,14.2,0.000,0.000,0.00,0.000,4.8,13.1,2.8,313,33,6.1,13.3,2.9,313,31,6.1,13.3,2.9,313,31,314,28.59,-0.3,0,0,0,41.9,45.5,48.4,0.38,0.32,0.34
WBOU,2019-11-08 13:05:00 EST,41.74505,-74.58833,1421,27.5,26.7,19.5,56.7,14.1,0.000,0.000,0.00,0.000,6.8,17.8,3.2,305,30,7.8,21.4,3.5,305,30,7.8,21.4,3.5,305,30,465,28.59,-0.4,0,0,0,41.9,45.5,48.4,0.38,0.32,0.34
WBOU,2019-11-08 13:10:00 EST,41.74505,-74.58833,1421,27.9,26.9,19.5,55.7,14.1,0.000,0.000,0.00,0.000,7.2,17.3,3.9,298,30,8.6,19.9,4.2,300,29,8.6,19.9,4.2,300,29,479,28.59,-0.4,0,0,0,41.9,45.5,48.4,0.38,0.32,0.34
WBOU,2019-11-08 13:15:00 EST,41.74505,-74.58833,1421,28.2,27.4,19.2,54.1,13.7,0.000,0.000,0.00,0.000,8.4,16.0,3.5,304,33,9.5,17.8,3.9,305,31,9.5,17.8,3.9,305,31,457,28.59,-0.3,0,0,0,41.9,45.5,48.4,0.38,0.32,0.34
WBOU,2019-11-08 13:20:00 EST,41.74505,-74.58833,1421,28.0,27.2,19.2,55.9,14.3,0.000,0.000,0.00,0.000,7.9,18.3,3.6,303,34,9.3,20.5,4.2,303,32,9.3,20.5,4.2,303,32,374,28.59,-0.4,0,0,0,41.9,45.5,48.4,0.38,0.32,0.34
WBOU,2019-11-08 13:25:00 EST,41.74505,-74.58833,1421,27.9,26.9,19.3,60.6,16.0,0.000,0.000,0.00,0.000,7.8,18.6,3.3,311,33,8.9,19.4,3.7,311,32,8.9,19.4,3.7,311,32,457,28.59,-0.2,0,0,0,41.9,45.5,48.4,0.38,0.32,0.34
WBOU,2019-11-08 13:30:00 EST,41.74505,-74.58833,1421,28.1,27.1,19.3,61.7,16.7,0.000,0.000,0.00,0.000,7.6,17.8,3.8,319,32,9.3,19.7,3.9,321,28,9.3,19.7,3.9,321,28,462,28.59,-0.4,0,0,0,41.9,45.5,48.4,0.38,0.32,0.34
WBOU,2019-11-08 13:35:00 EST,41.74505,-74.58833,1421,28.1,27.2,19.7,63.1,17.2,0.000,0.000,0.00,0.000,7.3,14.1,3.0,321,29,8.5,18.3,3.2,321,29,8.5,18.3,3.2,321,29,436,28.59,-0.4,0,0,0,41.9,45.5,48.4,0.38,0.32,0.34
WBOU,2019-11-08 13:40:00 EST,41.74505,-74.58833,1421,28.2,27.4,20.2,59.2,15.8,0.000,0.000,0.00,0.000,6.8,13.4,3.1,327,28,8.0,15.6,3.3,329,26,8.0,15.6,3.3,329,26,421,28.59,-0.3,0,0,0,41.9,45.5,48.4,0.38,0.32,0.34
WBOU,2019-11-08 13:45:00 EST,41.74505,-74.58833,1421,28.9,27.9,21.5,57.6,15.8,0.000,0.000,0.00,0.000,5.9,17.1,4.4,325,34,7.4,18.8,4.5,324,29,7.4,18.8,4.5,324,29,463,28.59,-0.5,0,0,0,41.9,45.5,48.4,0.38,0.32,0.34
WBOU,2019-11-08 13:50:00 EST,41.74505,-74.58833,1421,29.6,28.7,23.6,55.9,15.7,0.000,0.000,0.00,0.000,4.7,14.3,3.4,317,38,5.7,17.4,3.8,326,38,5.7,17.4,3.8,326,38,432,28.59,-0.3,0,0,0,41.9,45.5,48.4,0.38,0.32,0.34
WBOU,2019-11-08 13:55:00 EST,41.74505,-74.58833,1421,29.2,28.2,21.7,53.2,14.2,0.000,0.000,0.00,0.000,6.3,15.3,3.7,319,32,7.5,18.6,4.0,322,31,7.5,18.6,4.0,322,31,424,28.59,-0.5,0,0,0,41.9,45.5,48.4,0.38,0.32,0.34
WBOU,2019-11-08 14:00:00 EST,41.74505,-74.58833,1421,28.9,28.1,20.7,54.4,14.5,0.000,0.000,0.00,0.000,7.2,15.4,3.2,324,31,8.5,17.9,3.2,324,30,8.5,17.9,3.2,324,30,382,28.59,-0.4,0,0,0,41.9,45.5,48.4,0.38,0.32,0.34
WBOU,2019-11-08 14:05:00 EST,41.74505,-74.58833,1421,29.0,28.1,20.7,56.4,15.4,0.000,0.000,0.00,0.000,7.1,18.3,3.5,337,38,8.7,19.3,4.1,335,34,8.7,19.3,4.1,335,34,379,28.59,-0.4,0,0,0,41.9,45.5,48.4,0.38,0.32,0.34
WBOU,2019-11-08 14:10:00 EST,41.74505,-74.58833,1421,28.9,28.1,20.5,59.0,16.3,0.000,0.000,0.00,0.000,7.6,17.7,3.8,316,32,8.9,19.7,4.1,316,31,8.9,19.7,4.1,316,31,417,28.59,-0.5,0,0,0,41.9,45.5,48.4,0.38,0.32,0.34
WBOU,2019-11-08 14:15:00 EST,41.74505,-74.58833,1421,28.4,27.8,19.9,59.7,16.2,0.000,0.000,0.00,0.000,7.7,15.3,3.6,320,34,9.0,19.2,3.6,319,32,9.0,19.2,3.6,319,32,340,28.60,-0.4,0,0,0,41.9,45.5,48.4,0.38,0.32,0.34
WBOU,2019-11-08 14:20:00 EST,41.74505,-74.58833,1421,28.6,27.8,21.8,59.5,16.3,0.000,0.000,0.00,0.000,5.5,13.4,2.9,321,34,6.5,14.9,2.8,320,35,6.5,14.9,2.8,320,35,339,28.60,-0.3,0,0,0,41.9,45.5,48.4,0.38,0.32,0.34
WBOU,2019-11-08 14:25:00 EST,41.74505,-74.58833,1421,28.3,27.6,21.1,59.2,15.9,0.000,0.000,0.00,0.000,5.4,13.3,2.6,291,38,6.9,20.2,3.0,291,35,6.9,20.2,3.0,291,35,313,28.60,-0.4,0,0,0,41.9,45.5,48.4,0.38,0.32,0.34
WBOU,2019-11-08 14:30:00 EST,41.74505,-74.58833,1421,27.9,27.2,20.5,57.8,15.0,0.000,0.000,0.00,0.000,5.9,17.1,4.3,300,30,7.1,19.0,4.6,299,30,7.1,19.0,4.6,299,30,329,28.60,-0.2,0,0,0,41.9,45.5,48.4,0.38,0.32,0.34
WBOU,2019-11-08 14:35:00 EST,41.74505,-74.58833,1421,28.5,27.6,21.1,55.0,14.4,0.000,0.000,0.00,0.000,5.9,21.8,4.7,296,42,7.3,26.2,4.6,299,41,7.3,26.2,4.6,299,41,349,28.60,-0.3,0,0,0,41.9,45.5,48.4,0.38,0.32,0.34
WBOU,2019-11-08 14:40:00 EST,41.74505,-74.58833,1421,29.0,28.0,21.0,53.7,14.3,0.000,0.000,0.00,0.000,7.3,16.7,4.9,318,38,8.3,19.3,5.3,318,40,8.3,19.3,5.3,318,40,395,28.60,-0.4,0,0,0,41.9,45.5,48.4,0.38,0.32,0.34
WBOU,2019-11-08 14:45:00 EST,41.74505,-74.58833,1421,29.3,28.3,21.9,53.5,14.5,0.000,0.000,0.00,0.000,6.5,12.9,2.9,319,33,7.6,18.2,3.6,321,32,7.6,18.2,3.6,321,32,393,28.60,-0.5,0,0,0,41.9,45.5,48.4,0.38,0.32,0.34
WBOU,2019-11-08 14:50:00 EST,41.74505,-74.58833,1421,29.4,28.5,23.2,50.1,13.1,0.000,0.000,0.00,0.000,4.6,13.9,3.5,312,45,6.0,19.2,3.8,316,38,6.0,19.2,3.8,316,38,380,28.60,-0.5,0,0,0,41.9,45.5,48.4,0.38,0.32,0.34
WBOU,2019-11-08 14:55:00 EST,41.74505,-74.58833,1421,29.4,28.5,22.7,48.2,12.3,0.000,0.000,0.00,0.000,5.2,14.1,3.7,285,37,6.6,17.0,3.7,286,41,6.6,17.0,3.7,286,41,357,28.60,-0.5,0,0,0,41.9,45.5,48.4,0.38,0.32,0.34
WBOU,2019-11-08 15:00:00 EST,41.74505,-74.58833,1421,29.0,28.2,21.4,47.3,11.5,0.000,0.000,0.00,0.000,6.2,16.4,4.1,290,34,7.8,18.6,4.5,293,34,7.8,18.6,4.5,293,34,338,28.60,-0.4,0,0,0,41.9,45.5,48.4,0.38,0.32,0.34
WBOU,2019-11-08 15:05:00 EST,41.74505,-74.58833,1421,29.1,28.3,20.7,48.7,12.1,0.000,0.000,0.00,0.000,7.1,18.3,3.9,289,39,9.0,23.3,4.6,288,39,9.0,23.3,4.6,288,39,311,28.60,-0.4,0,0,0,41.9,45.5,48.4,0.38,0.32,0.34
WBOU,2019-11-08 15:10:00 EST,41.74505,-74.58833,1421,28.5,27.8,20.1,49.1,11.8,0.000,0.000,0.00,0.000,7.7,19.7,4.0,305,37,8.8,20.1,4.4,304,36,8.8,20.1,4.4,304,36,284,28.61,-0.4,0,0,0,42.1,45.5,48.4,0.38,0.32,0.34
WBOU,2019-11-08 15:15:00 EST,41.74505,-74.58833,1421,28.8,28.0,21.5,49.1,12.1,0.000,0.000,0.00,0.000,5.5,15.7,3.5,309,38,7.2,17.9,3.9,309,35,7.2,17.9,3.9,309,35,284,28.61,-0.5,0,0,0,42.0,45.5,48.4,0.38,0.32,0.34
WBOU,2019-11-08 15:20:00 EST,41.74505,-74.58833,1421,28.7,28.1,19.7,46.8,11.0,0.000,0.000,0.00,0.000,8.5,17.2,3.5,306,32,10.1,20.4,3.8,303,29,10.1,20.4,3.8,303,29,234,28.61,-0.4,0,0,0,42.1,45.5,48.4,0.38,0.32,0.34
WBOU,2019-11-08 15:25:00 EST,41.74505,-74.58833,1421,28.6,28.0,20.7,46.2,10.5,0.000,0.000,0.00,0.000,6.5,15.9,3.6,308,34,8.0,19.3,3.8,305,34,8.0,19.3,3.8,305,34,211,28.61,-0.4,0,0,0,42.1,45.5,48.4,0.38,0.32,0.34
WBOU,2019-11-08 15:30:00 EST,41.74505,-74.58833,1421,27.9,27.3,18.6,46.9,10.2,0.000,0.000,0.00,0.000,8.6,19.0,3.7,302,27,10.0,20.8,4.3,300,27,10.0,20.8,4.3,300,27,209,28.61,-0.4,0,0,0,42.1,45.5,48.4,0.38,0.32,0.34
WBOU,2019-11-08 15:35:00 EST,41.74505,-74.58833,1421,28.0,27.5,19.8,48.4,11.0,0.000,0.000,0.00,0.000,6.7,14.4,3.8,296,27,8.2,17.3,4.1,300,24,8.2,17.3,4.1,300,24,211,28.62,-0.3,0,0,0,42.1,45.5,48.4,0.38,0.32,0.34
WBOU,2019-11-08 15:40:00 EST,41.74505,-74.58833,1421,27.7,27.2,20.7,51.2,11.9,0.000,0.000,0.00,0.000,5.0,14.4,3.4,294,40,6.4,17.2,4.0,294,41,6.4,17.2,4.0,294,41,114,28.62,-0.4,0,0,0,42.1,45.5,48.4,0.38,0.32,0.34
WBOU,2019-11-08 15:45:00 EST,41.74505,-74.58833,1421,27.2,26.7,19.6,53.0,12.3,0.000,0.000,0.00,0.000,6.1,13.1,2.8,293,40,7.1,14.5,3.0,294,37,7.1,14.5,3.0,294,37,98,28.62,-0.4,0,0,0,42.1,45.5,48.4,0.38,0.32,0.34
WBOU,2019-11-08 15:50:00 EST,41.74505,-74.58833,1421,26.9,26.5,18.4,54.5,12.6,0.000,0.000,0.00,0.000,6.8,16.8,3.1,293,36,8.3,17.9,3.7,296,30,8.3,17.9,3.7,296,30,64,28.62,-0.4,0,0,0,42.0,45.5,48.4,0.38,0.32,0.34
WBOU,2019-11-08 15:55:00 EST,41.74505,-74.58833,1421,26.5,26.1,18.4,56.8,13.2,0.000,0.000,0.00,0.000,6.2,16.6,4.0,316,35,7.5,22.4,3.8,314,37,7.5,22.4,3.8,314,37,48,28.62,-0.4,0,0,0,41.9,45.5,48.4,0.38,0.32,0.34
WBOU,2019-11-08 16:00:00 EST,41.74505,-74.58833,1421,26.2,25.9,18.9,57.8,13.4,0.000,0.000,0.00,0.000,5.3,12.5,3.5,319,37,6.5,18.8,3.8,319,37,6.5,18.8,3.8,319,37,46,28.62,-0.4,0,0,0,41.9,45.5,48.3,0.38,0.32,0.34
WBOU,2019-11-08 16:05:00 EST,41.74505,-74.58833,1421,26.3,25.9,17.9,57.3,13.2,0.000,0.000,0.00,0.000,6.7,17.4,3.3,304,36,7.9,20.0,3.6,307,32,7.9,20.0,3.6,307,32,72,28.62,-0.4,0,0,0,41.9,45.5,48.3,0.38,0.32,0.34
WBOU,2019-11-08 16:10:00 EST,41.74505,-74.58833,1421,26.0,25.7,18.3,58.2,13.3,0.000,0.000,0.00,0.000,5.7,13.9,3.1,299,33,7.1,16.8,3.4,300,32,7.1,16.8,3.4,300,32,42,28.62,-0.4,0,0,0,41.9,45.5,48.3,0.38,0.32,0.34
WBOU,2019-11-08 16:15:00 EST,41.74505,-74.58833,1421,25.9,25.6,18.1,58.3,13.3,0.000,0.000,0.00,0.000,5.9,13.5,3.2,318,39,7.2,16.1,3.7,322,38,7.2,16.1,3.7,322,38,44,28.63,-0.4,0,0,0,41.9,45.5,48.2,0.38,0.32,0.34
WBOU,2019-11-08 16:20:00 EST,41.74505,-74.58833,1421,25.9,25.5,17.6,57.3,12.8,0.000,0.000,0.00,0.000,6.2,15.3,3.9,313,42,7.7,18.5,4.5,310,37,7.7,18.5,4.5,310,37,36,28.63,-0.4,0,0,0,41.9,45.5,48.2,0.38,0.32,0.34
WBOU,2019-11-08 16:25:00 EST,41.74505,-74.58833,1421,25.9,25.5,17.8,56.5,12.5,0.000,0.000,0.00,0.000,6.1,17.5,3.7,311,40,7.4,19.2,3.6,307,39,7.4,19.2,3.6,307,39,38,28.63,-0.4,0,0,0,41.8,45.5,48.2,0.38,0.32,0.34
WBOU,2019-11-08 16:30:00 EST,41.74505,-74.58833,1421,25.9,25.6,19.1,56.2,12.4,0.000,0.000,0.00,0.000,4.6,12.4,2.8,323,56,5.9,14.2,3.2,324,58,5.9,14.2,3.2,324,58,33,28.63,-0.4,0,0,0,41.7,45.5,48.2,0.38,0.32,0.34
WBOU,2019-11-08 16:35:00 EST,41.74505,-74.58833,1421,25.9,25.6,19.3,56.3,12.4,0.000,0.000,0.00,0.000,4.4,16.6,3.5,321,44,5.6,19.5,3.8,324,44,5.6,19.5,3.8,324,44,21,28.64,-0.4,0,0,0,41.7,45.5,48.2,0.38,0.32,0.34
WBOU,2019-11-08 16:40:00 EST,41.74505,-74.58833,1421,25.7,25.4,19.7,57.1,12.6,0.000,0.000,0.00,0.000,3.5,11.3,2.2,314,48,5.0,14.1,2.5,312,47,5.0,14.1,2.5,312,47,12,28.64,-0.4,0,0,0,41.7,45.5,48.2,0.37,0.32,0.34
WBOU,2019-11-08 16:45:00 EST,41.74505,-74.58833,1421,25.3,25.0,17.6,60.3,13.5,0.000,0.000,0.00,0.000,5.7,14.9,3.1,301,35,6.9,19.5,3.2,302,34,6.9,19.5,3.2,302,34,6,28.64,-0.4,0,0,0,41.7,45.5,48.2,0.37,0.32,0.34
WBOU,2019-11-08 16:50:00 EST,41.74505,-74.58833,1421,24.9,24.7,21.1,62.9,14.1,0.000,0.000,0.00,0.000,2.2,7.5,1.5,341,53,3.1,9.2,1.9,351,56,3.1,9.2,1.9,351,56,4,28.64,-0.4,0,0,0,41.7,45.5,48.2,0.37,0.32,0.34
WBOU,2019-11-08 16:55:00 EST,41.74505,-74.58833,1421,24.8,24.6,20.0,64.0,14.3,0.000,0.000,0.00,0.000,3.1,7.5,1.5,283,56,3.8,8.3,1.7,295,59,3.8,8.3,1.7,295,59,2,28.65,-0.4,0,0,0,41.7,45.5,48.2,0.37,0.32,0.34
WBOU,2019-11-08 17:00:00 EST,41.74505,-74.58833,1421,24.8,24.6,17.1,61.6,13.4,0.000,0.000,0.00,0.000,5.5,11.2,2.1,300,33,6.6,12.7,2.6,304,32,6.6,12.7,2.6,304,32,1,28.65,-0.4,0,0,0,41.5,45.5,48.2,0.37,0.32,0.34
WBOU,2019-11-08 17:05:00 EST,41.74505,-74.58833,1421,24.5,24.4,18.6,62.1,13.4,0.000,0.000,0.00,0.000,3.8,9.6,2.4,278,33,4.7,11.3,2.8,278,32,4.7,11.3,2.8,278,32,0,28.65,-0.4,0,0,0,41.5,45.5,48.2,0.37,0.32,0.34
WBOU,2019-11-08 17:10:00 EST,41.74505,-74.58833,1421,24.3,24.2,18.4,63.0,13.5,0.000,0.000,0.00,0.000,3.6,14.1,2.8,305,32,4.7,17.5,3.4,300,30,4.7,17.5,3.4,300,30,0,28.65,-0.4,0,0,0,41.5,45.5,48.2,0.37,0.32,0.34
WBOU,2019-11-08 17:15:00 EST,41.74505,-74.58833,1421,24.3,24.1,17.4,61.4,12.9,0.000,0.000,0.00,0.000,4.6,10.9,2.5,307,29,5.6,12.7,2.9,306,31,5.6,12.7,2.9,306,31,0,28.65,-0.3,0,0,0,41.5,45.5,48.2,0.37,0.32,0.34
WBOU,2019-11-08 17:20:00 EST,41.74505,-74.58833,1421,24.0,23.9,19.0,61.6,12.8,0.000,0.000,0.00,0.000,3.0,10.1,2.0,303,47,3.9,9.7,2.2,309,46,3.9,9.7,2.2,309,46,0,28.66,-0.4,0,0,0,41.5,45.5,48.2,0.37,0.32,0.34
WBOU,2019-11-08 17:25:00 EST,41.74505,-74.58833,1421,23.9,23.8,18.4,61.4,12.5,0.000,0.000,0.00,0.000,3.2,11.0,2.7,306,39,4.3,10.7,2.7,306,41,4.3,10.7,2.7,306,41,0,28.66,-0.4,0,0,0,41.5,45.5,48.2,0.37,0.32,0.34
WBOU,2019-11-08 17:30:00 EST,41.74505,-74.58833,1421,23.8,23.7,19.7,62.1,12.7,0.000,0.000,0.00,0.000,2.5,7.5,2.1,302,47,3.2,10.2,2.3,297,47,3.2,10.2,2.3,297,47,0,28.66,-0.3,0,0,0,41.4,45.4,48.2,0.37,0.32,0.34
WBOU,2019-11-08 17:35:00 EST,41.74505,-74.58833,1421,23.6,23.6,17.8,63.1,12.9,0.000,0.000,0.00,0.000,3.4,11.3,2.3,297,31,4.5,12.3,2.5,297,34,4.5,12.3,2.5,297,34,0,28.66,-0.4,0,0,0,41.4,45.5,48.2,0.37,0.32,0.34
WBOU,2019-11-08 17:40:00 EST,41.74505,-74.58833,1421,23.6,23.5,16.9,62.8,12.7,0.000,0.000,0.00,0.000,4.3,8.8,2.0,298,32,5.3,11.4,2.2,297,32,5.3,11.4,2.2,297,32,0,28.66,-0.3,0,0,0,41.4,45.4,48.2,0.37,0.32,0.34
WBOU,2019-11-08 17:45:00 EST,41.74505,-74.58833,1421,23.5,23.4,16.8,63.6,12.9,0.000,0.000,0.00,0.000,4.0,12.9,2.8,303,50,5.3,17.5,3.3,305,50,5.3,17.5,3.3,305,50,0,28.67,-0.3,0,0,0,41.4,45.4,48.2,0.37,0.32,0.34
WBOU,2019-11-08 17:50:00 EST,41.74505,-74.58833,1421,23.3,23.2,19.0,64.4,13.1,0.000,0.000,0.00,0.000,2.1,9.4,2.0,299,54,3.3,11.0,2.1,301,60,3.3,11.0,2.1,301,60,0,28.67,-0.3,0,0,0,41.4,45.3,48.2,0.37,0.32,0.34
WBOU,2019-11-08 17:55:00 EST,41.74505,-74.58833,1421,23.2,23.2,17.2,64.9,13.2,0.000,0.000,0.00,0.000,3.7,10.1,2.1,290,47,4.6,9.1,2.1,288,50,4.6,9.1,2.1,288,50,0,28.67,-0.3,0,0,0,41.3,45.4,48.2,0.37,0.32,0.34
WBOU,2019-11-08 18:00:00 EST,41.74505,-74.58833,1421,23.2,23.1,17.7,65.2,13.2,0.000,0.000,0.00,0.000,3.3,6.7,1.6,299,29,4.2,8.9,1.7,302,32,4.2,8.9,1.7,302,32,0,28.68,-0.3,0,0,0,41.2,45.4,48.2,0.37,0.32,0.34
WBOU,2019-11-08 18:05:00 EST,41.74505,-74.58833,1421,23.1,23.1,17.4,65.2,13.2,0.000,0.000,0.00,0.000,3.4,7.2,1.7,305,49,4.4,9.2,1.8,306,51,4.4,9.2,1.8,306,51,0,28.68,-0.4,0,0,0,41.2,45.3,48.2,0.37,0.32,0.34
WBOU,2019-11-08 18:10:00 EST,41.74505,-74.58833,1421,23.1,23.0,18.3,65.7,13.3,0.000,0.000,0.00,0.000,2.8,8.0,2.2,285,32,3.6,9.7,2.4,287,35,3.6,9.7,2.4,287,35,0,28.68,-0.3,0,0,0,41.2,45.3,48.2,0.37,0.32,0.34
WBOU,2019-11-08 18:15:00 EST,41.74505,-74.58833,1421,23.0,22.9,17.2,66.2,13.4,0.000,0.000,0.00,0.000,3.6,9.4,2.4,312,27,4.4,10.2,2.4,315,31,4.4,10.2,2.4,315,31,0,28.68,-0.3,0,0,0,41.2,45.3,48.2,0.37,0.32,0.34
WBOU,2019-11-08 18:20:00 EST,41.74505,-74.58833,1421,23.0,22.8,23.0,66.6,13.5,0.000,0.000,0.00,0.000,1.7,6.1,1.4,308,50,2.4,9.1,1.7,303,50,2.4,9.1,1.7,303,50,0,28.68,-0.4,0,0,0,41.1,45.3,48.2,0.37,0.32,0.34
WBOU,2019-11-08 18:25:00 EST,41.74505,-74.58833,1421,22.6,22.7,22.6,67.7,13.6,0.000,0.000,0.00,0.000,0.7,2.6,0.7,190,38,1.5,3.2,0.8,198,50,1.5,3.2,0.8,198,50,0,28.69,-0.3,0,0,0,41.0,45.3,48.2,0.37,0.32,0.34
WBOU,2019-11-08 18:30:00 EST,41.74505,-74.58833,1421,22.8,22.7,18.5,67.5,13.6,0.000,0.000,0.00,0.000,2.3,5.8,1.7,281,31,3.2,7.9,2.0,280,38,3.2,7.9,2.0,280,38,0,28.69,-0.4,0,0,0,41.0,45.3,48.2,0.37,0.32,0.34
WBOU,2019-11-08 18:35:00 EST,41.74505,-74.58833,1421,22.7,22.6,16.6,67.5,13.5,0.000,0.000,0.00,0.000,3.6,9.9,2.5,301,40,4.6,11.4,2.8,301,42,4.6,11.4,2.8,301,42,0,28.69,-0.3,0,0,0,41.0,45.3,48.2,0.37,0.32,0.34
WBOU,2019-11-08 18:40:00 EST,41.74505,-74.58833,1421,22.6,22.6,16.4,67.5,13.5,0.000,0.000,0.00,0.000,3.8,8.5,1.9,306,34,4.7,10.3,2.0,307,34,4.7,10.3,2.0,307,34,0,28.69,-0.3,0,0,0,41.0,45.3,48.2,0.37,0.32,0.34
WBOU,2019-11-08 18:45:00 EST,41.74505,-74.58833,1421,22.5,22.6,17.0,67.9,13.5,0.000,0.000,0.00,0.000,3.4,9.5,2.1,311,32,4.1,11.1,2.3,311,31,4.1,11.1,2.3,311,31,0,28.70,-0.3,0,0,0,41.0,45.3,48.2,0.37,0.32,0.34
WBOU,2019-11-08 18:50:00 EST,41.74505,-74.58833,1421,22.5,22.4,16.1,68.3,13.7,0.000,0.000,0.00,0.000,4.2,8.1,1.9,314,28,4.9,10.3,2.1,318,29,4.9,10.3,2.1,318,29,0,28.70,-0.3,0,0,0,40.9,45.3,48.2,0.37,0.32,0.34
WBOU,2019-11-08 18:55:00 EST,41.74505,-74.58833,1421,22.4,22.3,17.2,68.9,13.7,0.000,0.000,0.00,0.000,3.0,8.8,1.9,306,45,3.8,12.0,2.4,311,43,3.8,12.0,2.4,311,43,0,28.69,-0.4,0,0,0,40.8,45.3,48.2,0.37,0.32,0.34
WBOU,2019-11-08 19:00:00 EST,41.74505,-74.58833,1421,22.3,22.3,17.3,69.0,13.7,0.000,0.000,0.00,0.000,2.8,9.8,2.3,322,43,3.7,12.2,2.6,321,39,3.7,12.2,2.6,321,39,0,28.70,-0.3,0,0,0,40.8,45.3,48.2,0.37,0.32,0.34
WBOU,2019-11-08 19:05:00 EST,41.74505,-74.58833,1421,22.1,22.2,22.1,69.7,13.7,0.000,0.000,0.00,0.000,2.2,8.3,1.8,310,41,2.8,9.1,1.9,312,40,2.8,9.1,1.9,312,40,0,28.70,-0.3,0,0,0,40.8,45.3,48.2,0.37,0.32,0.34
WBOU,2019-11-08 19:10:00 EST,41.74505,-74.58833,1421,22.2,22.1,22.2,70.0,13.9,0.000,0.000,0.00,0.000,1.8,6.5,1.8,288,36,2.6,7.4,2.1,290,42,2.6,7.4,2.1,290,42,0,28.70,-0.3,0,0,0,40.8,45.3,48.2,0.37,0.32,0.34
WBOU,2019-11-08 19:15:00 EST,41.74505,-74.58833,1421,21.9,22.0,21.9,70.7,13.9,0.000,0.000,0.00,0.000,2.0,8.1,1.7,321,41,2.7,8.5,1.9,324,47,2.7,8.5,1.9,324,47,0,28.70,-0.3,0,0,0,40.7,45.3,48.2,0.37,0.32,0.34
WBOU,2019-11-08 19:20:00 EST,41.74505,-74.58833,1421,22.1,22.1,17.4,71.1,14.2,0.000,0.000,0.00,0.000,2.4,6.1,1.4,298,43,3.5,7.8,1.7,306,47,3.5,7.8,1.7,306,47,0,28.70,-0.3,0,0,0,40.6,45.3,48.2,0.37,0.32,0.34
WBOU,2019-11-08 19:25:00 EST,41.74505,-74.58833,1421,22.1,22.0,16.1,71.1,14.1,0.000,0.000,0.00,0.000,3.7,9.0,2.5,310,33,4.4,11.2,2.8,312,35,4.4,11.2,2.8,312,35,0,28.70,-0.3,0,0,0,40.6,45.3,48.2,0.37,0.32,0.34
WBOU,2019-11-08 19:30:00 EST,41.74505,-74.58833,1421,21.8,21.8,21.8,71.4,14.0,0.000,0.000,0.00,0.000,1.8,5.5,1.2,342,50,2.5,7.2,1.4,346,53,2.5,7.2,1.4,346,53,0,28.70,-0.3,0,0,0,40.6,45.3,48.2,0.37,0.32,0.34
WBOU,2019-11-08 19:35:00 EST,41.74505,-74.58833,1421,21.9,21.8,21.9,71.9,14.3,0.000,0.000,0.00,0.000,2.2,6.6,1.5,291,44,2.9,7.9,1.8,298,41,2.9,7.9,1.8,298,41,0,28.71,-0.3,0,0,0,40.6,45.3,48.2,0.37,0.32,0.34
WBOU,2019-11-08 19:40:00 EST,41.74505,-74.58833,1421,21.9,21.8,17.5,71.6,14.1,0.000,0.000,0.00,0.000,2.6,6.1,1.3,302,28,3.2,7.1,1.5,303,30,3.2,7.1,1.5,303,30,0,28.71,-0.3,0,0,0,40.6,45.3,48.1,0.37,0.32,0.34
WBOU,2019-11-08 19:45:00 EST,41.74505,-74.58833,1421,21.6,21.6,21.6,72.1,14.0,0.000,0.000,0.00,0.000,1.1,3.8,1.1,273,35,1.6,5.3,1.2,278,53,1.6,5.3,1.2,278,53,0,28.71,-0.3,0,0,0,40.5,45.3,48.1,0.37,0.32,0.34
WBOU,2019-11-08 19:50:00 EST,41.74505,-74.58833,1421,21.4,21.5,21.4,73.2,14.1,0.000,0.000,0.00,0.000,1.1,4.7,1.2,283,35,2.0,6.7,1.4,288,47,2.0,6.7,1.4,288,47,0,28.71,-0.3,0,0,0,40.5,45.3,48.1,0.37,0.32,0.34
WBOU,2019-11-08 19:55:00 EST,41.74505,-74.58833,1421,21.4,21.4,17.1,73.5,14.2,0.000,0.000,0.00,0.000,2.1,6.4,1.6,309,34,3.1,7.7,1.7,311,39,3.1,7.7,1.7,311,39,0,28.71,-0.3,0,0,0,40.5,45.3,48.1,0.37,0.32,0.34
WBOU,2019-11-08 20:00:00 EST,41.74505,-74.58833,1421,21.4,21.5,21.4,73.2,14.2,0.000,0.000,0.00,0.000,1.9,7.5,1.7,303,35,2.7,7.0,1.8,303,34,2.7,7.0,1.8,303,34,0,28.71,-0.2,0,0,0,40.5,45.3,48.0,0.37,0.32,0.34
WBOU,2019-11-08 20:05:00 EST,41.74505,-74.58833,1421,21.2,21.3,21.2,73.1,13.9,0.000,0.000,0.00,0.000,1.3,7.7,1.7,317,38,2.1,8.1,1.8,321,49,2.1,8.1,1.8,321,49,0,28.71,-0.3,0,0,0,40.5,45.3,48.0,0.37,0.32,0.34
WBOU,2019-11-08 20:10:00 EST,41.74505,-74.58833,1421,21.2,21.3,21.2,73.6,14.1,0.000,0.000,0.00,0.000,1.4,6.9,1.7,312,35,2.2,8.5,2.1,305,42,2.2,8.5,2.1,305,42,0,28.71,-0.3,0,0,0,40.4,45.3,48.0,0.37,0.32,0.34
WBOU,2019-11-08 20:15:00 EST,41.74505,-74.58833,1421,21.4,21.3,15.4,73.1,14.2,0.000,0.000,0.00,0.000,3.4,9.4,1.8,284,25,4.3,10.8,2.0,288,24,4.3,10.8,2.0,288,24,0,28.71,-0.2,0,0,0,40.3,45.3,48.0,0.37,0.32,0.34
WBOU,2019-11-08 20:20:00 EST,41.74505,-74.58833,1421,21.5,21.3,16.8,72.7,14.0,0.000,0.000,0.00,0.000,2.5,6.9,1.8,289,40,3.4,8.1,2.0,289,44,3.4,8.1,2.0,289,44,0,28.71,-0.3,0,0,0,40.3,45.3,48.0,0.37,0.32,0.34
WBOU,2019-11-08 20:25:00 EST,41.74505,-74.58833,1421,21.4,21.3,17.2,72.8,14.0,0.000,0.000,0.00,0.000,2.3,7.4,2.0,297,31,3.1,10.5,2.4,293,39,3.1,10.5,2.4,293,39,0,28.71,-0.2,0,0,0,40.3,45.2,48.0,0.37,0.32,0.34
WBOU,2019-11-08 20:30:00 EST,41.74505,-74.58833,1421,21.5,21.4,14.7,72.6,14.1,0.000,0.000,0.00,0.000,4.1,11.5,2.6,292,33,5.0,12.4,2.6,294,33,5.0,12.4,2.6,294,33,0,28.71,-0.2,0,0,0,40.3,45.2,48.0,0.37,0.32,0.34
WBOU,2019-11-08 20:35:00 EST,41.74505,-74.58833,1421,21.4,21.3,21.4,72.8,14.0,0.000,0.000,0.00,0.000,1.9,6.8,1.7,299,35,2.6,8.7,1.8,295,41,2.6,8.7,1.8,295,41,0,28.71,-0.2,0,0,0,40.3,45.1,48.0,0.37,0.31,0.34
WBOU,2019-11-08 20:40:00 EST,41.74505,-74.58833,1421,21.1,21.1,16.5,73.4,14.0,0.000,0.000,0.00,0.000,2.3,6.6,1.3,329,54,3.3,8.0,1.7,336,55,3.3,8.0,1.7,336,55,0,28.72,-0.2,0,0,0,40.2,45.2,48.0,0.37,0.32,0.34
WBOU,2019-11-08 20:45:00 EST,41.74505,-74.58833,1421,20.8,21.0,20.8,73.5,13.7,0.000,0.000,0.00,0.000,1.7,7.2,1.5,30,53,2.3,9.3,1.8,28,56,2.3,9.3,1.8,28,56,0,28.72,-0.2,0,0,0,40.1,45.1,48.0,0.37,0.32,0.34
WBOU,2019-11-08 20:50:00 EST,41.74505,-74.58833,1421,21.2,21.2,21.2,73.0,13.9,0.000,0.000,0.00,0.000,1.7,5.5,1.1,195,61,2.4,6.5,1.2,178,65,2.4,6.5,1.2,178,65,0,28.72,-0.3,0,0,0,40.1,45.1,48.0,0.37,0.31,0.34
WBOU,2019-11-08 20:55:00 EST,41.74505,-74.58833,1421,21.2,21.2,21.2,72.0,13.6,0.000,0.000,0.00,0.000,1.9,6.1,1.1,351,54,2.9,5.5,1.2,355,52,2.9,5.5,1.2,355,52,0,28.72,-0.2,0,0,0,40.1,45.1,48.0,0.37,0.32,0.34
WBOU,2019-11-08 21:00:00 EST,41.74505,-74.58833,1421,21.2,21.3,21.2,72.0,13.6,0.000,0.000,0.00,0.000,2.1,7.2,1.6,285,49,2.8,8.5,1.9,293,49,2.8,8.5,1.9,293,49,0,28.72,-0.2,0,0,0,40.1,45.1,48.0,0.37,0.32,0.34
WBOU,2019-11-08 21:05:00 EST,41.74505,-74.58833,1421,21.1,21.2,21.1,72.4,13.7,0.000,0.000,0.00,0.000,2.4,7.9,1.9,324,34,3.0,8.4,2.1,320,40,3.0,8.4,2.1,320,40,0,28.72,-0.2,0,0,0,40.1,45.1,48.0,0.37,0.32,0.34
WBOU,2019-11-08 21:10:00 EST,41.74505,-74.58833,1421,21.2,21.2,21.2,72.7,13.9,0.000,0.000,0.00,0.000,2.0,8.0,1.8,311,34,2.5,7.3,1.8,304,36,2.5,7.3,1.8,304,36,0,28.73,-0.3,0,0,0,40.1,45.1,48.0,0.37,0.31,0.34
WBOU,2019-11-08 21:15:00 EST,41.74505,-74.58833,1421,21.1,21.2,21.1,73.8,14.0,0.000,0.000,0.00,0.000,1.6,7.8,2.0,309,35,2.3,8.7,2.3,316,44,2.3,8.7,2.3,316,44,0,28.73,-0.2,0,0,0,40.0,45.1,48.0,0.37,0.32,0.34
WBOU,2019-11-08 21:20:00 EST,41.74505,-74.58833,1421,21.3,21.3,16.1,73.4,14.1,0.000,0.000,0.00,0.000,3.1,8.0,1.6,309,41,3.7,10.2,2.0,313,37,3.7,10.2,2.0,313,37,0,28.73,-0.2,0,0,0,40.0,45.1,48.0,0.37,0.32,0.34
WBOU,2019-11-08 21:25:00 EST,41.74505,-74.58833,1421,20.9,21.0,20.9,74.0,13.9,0.000,0.000,0.00,0.000,1.8,5.2,1.2,316,53,2.5,6.5,1.2,320,55,2.5,6.5,1.2,320,55,0,28.73,-0.2,0,0,0,39.9,45.1,48.0,0.37,0.32,0.34
WBOU,2019-11-08 21:30:00 EST,41.74505,-74.58833,1421,20.9,20.8,20.9,75.0,14.2,0.000,0.000,0.00,0.000,2.4,8.0,2.1,290,28,3.0,8.4,2.1,295,36,3.0,8.4,2.1,295,36,0,28.73,-0.2,0,0,0,39.9,45.1,48.0,0.37,0.32,0.34
WBOU,2019-11-08 21:35:00 EST,41.74505,-74.58833,1421,20.8,20.8,15.7,75.4,14.2,0.000,0.000,0.00,0.000,3.0,7.1,1.5,299,23,3.6,7.2,1.6,300,23,3.6,7.2,1.6,300,23,0,28.73,-0.2,0,0,0,39.9,45.1,48.0,0.37,0.32,0.34
WBOU,2019-11-08 21:40:00 EST,41.74505,-74.58833,1421,20.7,20.7,16.2,75.5,14.2,0.000,0.000,0.00,0.000,2.6,8.5,2.2,306,35,3.2,11.6,2.4,302,41,3.2,11.6,2.4,302,41,0,28.73,-0.2,0,0,0,39.9,45.1,48.0,0.37,0.31,0.34
WBOU,2019-11-08 21:45:00 EST,41.74505,-74.58833,1421,21.0,20.9,14.7,75.5,14.5,0.000,0.000,0.00,0.000,3.8,8.9,2.0,297,30,4.5,11.6,2.1,294,28,4.5,11.6,2.1,294,28,0,28.73,-0.2,0,0,0,39.9,45.1,48.0,0.37,0.31,0.34
WBOU,2019-11-08 21:50:00 EST,41.74505,-74.58833,1421,20.9,20.8,20.9,76.1,14.6,0.000,0.000,0.00,0.000,2.0,5.3,1.1,272,24,2.4,6.4,1.3,271,24,2.4,6.4,1.3,271,24,0,28.74,-0.2,0,0,0,39.9,45.1,48.0,0.37,0.31,0.34
WBOU,2019-11-08 21:55:00 EST,41.74505,-74.58833,1421,20.9,20.7,20.9,77.2,14.9,0.000,0.000,0.00,0.000,2.2,6.6,1.6,292,29,2.8,7.5,1.8,288,32,2.8,7.5,1.8,288,32,0,28.74,-0.2,0,0,0,39.8,45.1,48.0,0.37,0.31,0.34
WBOU,2019-11-08 22:00:00 EST,41.74505,-74.58833,1421,20.6,20.6,20.6,77.6,14.7,0.000,0.000,0.00,0.000,1.4,4.0,1.0,281,33,2.0,8.0,1.4,284,36,2.0,8.0,1.4,284,36,0,28.74,-0.2,0,0,0,39.7,45.1,48.0,0.37,0.32,0.34
WBOU,2019-11-08 22:05:00 EST,41.74505,-74.58833,1421,20.7,20.7,20.7,77.8,14.9,0.000,0.000,0.00,0.000,2.2,6.9,1.6,282,28,2.9,8.0,1.7,278,28,2.9,8.0,1.7,278,28,0,28.74,-0.2,0,0,0,39.7,45.1,48.0,0.37,0.32,0.34
WBOU,2019-11-08 22:10:00 EST,41.74505,-74.58833,1421,20.6,20.7,20.6,77.8,14.8,0.000,0.000,0.00,0.000,2.0,5.9,1.4,288,25,2.5,7.0,1.6,288,25,2.5,7.0,1.6,288,25,0,28.74,-0.2,0,0,0,39.7,45.1,48.0,0.37,0.32,0.34
WBOU,2019-11-08 22:15:00 EST,41.74505,-74.58833,1421,20.7,20.6,20.7,78.1,15.0,0.000,0.000,0.00,0.000,2.6,5.8,1.3,304,22,2.9,6.0,1.4,303,22,2.9,6.0,1.4,303,22,0,28.74,-0.2,0,0,0,39.7,45.1,48.0,0.37,0.31,0.34
WBOU,2019-11-08 22:20:00 EST,41.74505,-74.58833,1421,20.6,20.6,16.1,78.3,15.0,0.000,0.000,0.00,0.000,3.0,6.1,1.3,309,20,3.2,7.1,1.4,312,18,3.2,7.1,1.4,312,18,0,28.74,-0.2,0,0,0,39.7,45.0,48.0,0.37,0.31,0.34
WBOU,2019-11-08 22:25:00 EST,41.74505,-74.58833,1421,20.4,20.4,20.4,79.4,15.0,0.000,0.000,0.00,0.000,2.4,4.0,0.8,311,23,2.7,5.4,1.1,314,22,2.7,5.4,1.1,314,22,0,28.74,-0.2,0,0,0,39.7,45.0,48.0,0.37,0.32,0.34
WBOU,2019-11-08 22:30:00 EST,41.74505,-74.58833,1421,20.1,20.3,20.1,80.3,15.0,0.000,0.000,0.00,0.000,1.9,4.7,1.1,311,25,2.4,5.6,1.3,314,26,2.4,5.6,1.3,314,26,0,28.74,-0.3,0,0,0,39.6,45.0,48.0,0.37,0.31,0.34
WBOU,2019-11-08 22:35:00 EST,41.74505,-74.58833,1421,19.9,20.1,19.9,81.0,15.0,0.000,0.000,0.00,0.000,1.4,4.3,1.1,307,40,2.1,6.3,1.1,309,48,2.1,6.3,1.1,309,48,0,28.74,-0.2,0,0,0,39.6,45.0,48.0,0.37,0.31,0.34
WBOU,2019-11-08 22:40:00 EST,41.74505,-74.58833,1421,19.7,20.0,19.7,81.0,14.8,0.000,0.000,0.00,0.000,1.2,3.4,1.0,274,35,1.9,5.0,1.1,278,45,1.9,5.0,1.1,278,45,0,28.74,-0.1,0,0,0,39.6,45.0,48.0,0.37,0.32,0.34
WBOU,2019-11-08 22:45:00 EST,41.74505,-74.58833,1421,19.9,20.1,19.9,81.5,15.2,0.000,0.000,0.00,0.000,1.4,3.5,0.8,237,35,1.8,4.1,0.8,229,35,1.8,4.1,0.8,229,35,0,28.74,-0.2,0,0,0,39.6,45.0,48.0,0.37,0.32,0.34
WBOU,2019-11-08 22:50:00 EST,41.74505,-74.58833,1421,20.2,20.1,20.2,81.7,15.5,0.000,0.000,0.00,0.000,1.2,2.5,0.5,221,38,1.6,3.0,0.6,218,42,1.6,3.0,0.6,218,42,0,28.74,-0.2,0,0,0,39.6,45.0,48.0,0.37,0.31,0.34
WBOU,2019-11-08 22:55:00 EST,41.74505,-74.58833,1421,19.7,20.1,19.7,80.5,14.6,0.000,0.000,0.00,0.000,1.5,5.7,0.8,211,44,2.0,6.6,0.8,203,43,2.0,6.6,0.8,203,43,0,28.74,-0.2,0,0,0,39.6,45.0,48.0,0.37,0.31,0.34
WBOU,2019-11-08 23:00:00 EST,41.74505,-74.58833,1421,19.3,19.8,19.3,81.2,14.5,0.000,0.000,0.00,0.000,0.5,1.2,0.4,155,22,0.9,2.1,0.5,161,30,0.9,2.1,0.5,161,30,0,28.74,-0.2,0,0,0,39.6,45.0,48.0,0.37,0.31,0.34
WBOU,2019-11-08 23:05:00 EST,41.74505,-74.58833,1421,19.4,19.8,19.4,82.0,14.8,0.000,0.000,0.00,0.000,0.5,2.1,0.6,217,16,1.0,2.0,0.5,201,34,1.0,2.0,0.5,201,34,0,28.74,-0.2,0,0,0,39.5,45.0,48.0,0.37,0.31,0.34
WBOU,2019-11-08 23:10:00 EST,41.74505,-74.58833,1421,19.4,19.9,19.4,82.4,14.9,0.000,0.000,0.00,0.000,1.0,2.8,0.8,253,15,1.4,3.4,0.8,247,23,1.4,3.4,0.8,247,23,0,28.74,-0.2,0,0,0,39.4,45.0,48.0,0.37,0.31,0.34
WBOU,2019-11-08 23:15:00 EST,41.74505,-74.58833,1421,19.8,20.1,19.8,82.8,15.4,0.000,0.000,0.00,0.000,2.1,3.4,0.7,261,17,2.4,4.4,0.7,262,17,2.4,4.4,0.7,262,17,0,28.74,-0.2,0,0,0,39.4,45.0,48.0,0.37,0.32,0.34
WBOU,2019-11-08 23:20:00 EST,41.74505,-74.58833,1421,20.0,20.0,20.0,81.0,15.2,0.000,0.000,0.00,0.000,1.7,3.8,1.0,284,24,2.1,5.7,1.1,285,23,2.1,5.7,1.1,285,23,0,28.74,-0.2,0,0,0,39.4,45.0,48.0,0.37,0.31,0.34
WBOU,2019-11-08 23:25:00 EST,41.74505,-74.58833,1421,19.8,19.9,19.8,80.3,14.7,0.000,0.000,0.00,0.000,2.1,4.1,0.9,318,24,2.5,5.2,0.9,319,24,2.5,5.2,0.9,319,24,0,28.74,-0.2,0,0,0,39.4,45.0,48.0,0.37,0.31,0.34
WBOU,2019-11-08 23:30:00 EST,41.74505,-74.58833,1421,19.6,19.7,19.6,81.2,14.7,0.000,0.000,0.00,0.000,1.8,4.0,0.9,318,27,2.3,6.4,0.9,320,28,2.3,6.4,0.9,320,28,0,28.74,-0.3,0,0,0,39.4,45.0,48.0,0.37,0.31,0.34
WBOU,2019-11-08 23:35:00 EST,41.74505,-74.58833,1421,19.1,19.5,19.1,81.8,14.5,0.000,0.000,0.00,0.000,0.7,3.0,0.8,322,25,1.3,4.7,0.9,321,37,1.3,4.7,0.9,321,37,0,28.74,-0.2,0,0,0,39.4,44.9,48.0,0.36,0.31,0.34
WBOU,2019-11-08 23:40:00 EST,41.74505,-74.58833,1421,19.3,19.5,19.3,83.4,15.0,0.000,0.000,0.00,0.000,0.9,2.0,0.4,290,25,1.4,2.4,0.4,290,29,1.4,2.4,0.4,290,29,0,28.74,-0.3,0,0,0,39.4,44.9,48.0,0.37,0.31,0.34
WBOU,2019-11-08 23:45:00 EST,41.74505,-74.58833,1421,19.3,19.4,19.3,83.7,15.1,0.000,0.000,0.00,0.000,2.3,3.7,0.8,256,20,2.7,4.6,0.8,255,22,2.7,4.6,0.8,255,22,0,28.74,-0.3,0,0,0,39.2,44.8,48.0,0.36,0.31,0.34
WBOU,2019-11-08 23:50:00 EST,41.74505,-74.58833,1421,19.2,19.1,19.2,84.1,15.2,0.000,0.000,0.00,0.000,1.8,3.3,0.7,212,20,2.1,3.7,0.7,212,19,2.1,3.7,0.7,212,19,0,28.74,-0.2,0,0,0,39.2,44.8,48.0,0.36,0.31,0.34
WBOU,2019-11-08 23:55:00 EST,41.74505,-74.58833,1421,18.8,19.0,18.8,83.6,14.7,0.000,0.000,0.00,0.000,0.9,1.5,0.3,204,7,1.3,1.9,0.3,202,14,1.3,1.9,0.3,202,14,0,28.74,-0.2,0,0,0,39.2,44.8,48.0,0.36,0.31,0.34
WELL,2019-11-08 00:00:00 EST,44.30782,-76.00858,285,25.7,26.0,18.1,68.6,16.8,0.000,0.329,0.00,0.000,5.8,11.6,2.0,352,23,6.7,13.4,2.5,2,17,6.7,13.4,2.5,2,17,0,29.83,-0.1,0,0,0,39.3,45.0,48.1,0.53,0.53,0.51
WELL,2019-11-08 00:05:00 EST,44.30782,-76.00858,285,25.6,25.8,18.7,68.5,16.7,0.000,0.000,0.00,0.000,5.2,10.4,2.4,348,23,6.0,11.9,2.8,358,19,6.0,11.9,2.8,358,19,0,29.83,-0.1,0,0,0,39.3,45.0,48.2,0.53,0.53,0.51
WELL,2019-11-08 00:10:00 EST,44.30782,-76.00858,285,25.3,25.4,21.2,70.1,16.9,0.000,0.000,0.00,0.000,3.0,5.8,1.2,327,23,3.3,6.4,1.3,337,20,3.3,6.4,1.3,337,20,0,29.83,-0.2,0,0,0,39.3,45.0,48.1,0.53,0.53,0.50
WELL,2019-11-08 00:15:00 EST,44.30782,-76.00858,285,25.1,25.3,25.1,71.3,17.1,0.000,0.000,0.00,0.000,2.3,5.3,1.3,337,29,2.9,5.9,1.2,342,26,2.9,5.9,1.2,342,26,0,29.83,-0.1,0,0,0,39.2,45.0,48.1,0.52,0.52,0.51
WELL,2019-11-08 00:20:00 EST,44.30782,-76.00858,285,25.0,25.3,20.1,71.8,17.2,0.000,0.000,0.00,0.000,3.4,10.2,2.3,340,25,3.9,11.9,2.4,350,18,3.9,11.9,2.4,350,18,0,29.83,-0.1,0,0,0,39.2,45.0,48.1,0.52,0.52,0.51
WELL,2019-11-08 00:25:00 EST,44.30782,-76.00858,285,25.0,25.2,25.0,71.8,17.1,0.000,0.000,0.00,0.000,2.4,5.9,1.3,344,25,2.7,6.2,1.3,350,25,2.7,6.2,1.3,350,25,0,29.83,-0.2,0,0,0,39.3,45.0,48.1,0.52,0.52,0.51
WELL,2019-11-08 00:30:00 EST,44.30782,-76.00858,285,24.8,25.0,19.9,72.4,17.2,0.000,0.000,0.00,0.000,3.4,5.7,1.0,340,33,3.8,6.8,1.3,346,33,3.8,6.8,1.3,346,33,0,29.83,-0.2,0,0,0,39.2,45.0,48.1,0.52,0.52,0.51
WELL,2019-11-08 00:35:00 EST,44.30782,-76.00858,285,24.8,25.0,18.5,72.4,17.1,0.000,0.000,0.00,0.000,4.5,8.0,1.2,351,25,5.1,8.1,1.5,359,20,5.1,8.1,1.5,359,20,0,29.83,-0.1,0,0,0,39.2,45.0,48.1,0.52,0.52,0.51
WELL,2019-11-08 00:40:00 EST,44.30782,-76.00858,285,24.5,24.7,24.5,73.8,17.3,0.000,0.000,0.00,0.000,2.1,8.4,1.5,351,36,2.7,8.5,1.6,355,34,2.7,8.5,1.6,355,34,0,29.83,-0.1,0,0,0,39.2,45.0,48.1,0.52,0.52,0.51
WELL,2019-11-08 00:45:00 EST,44.30782,-76.00858,285,24.4,24.7,24.4,75.0,17.6,0.000,0.000,0.00,0.000,2.1,5.4,1.2,329,30,2.4,6.5,1.2,336,30,2.4,6.5,1.2,336,30,0,29.83,-0.1,0,0,0,39.2,45.0,48.1,0.52,0.52,0.50
WELL,2019-11-08 00:50:00 EST,44.30782,-76.00858,285,24.0,24.3,24.0,75.8,17.4,0.000,0.000,0.00,0.000,1.2,3.9,1.1,329,29,1.7,5.2,1.1,338,36,1.7,5.2,1.1,338,36,0,29.83,-0.1,0,0,0,39.2,45.0,48.0,0.52,0.52,0.51
WELL,2019-11-08 00:55:00 EST,44.30782,-76.00858,285,23.7,24.2,23.7,77.7,17.7,0.000,0.000,0.00,0.000,0.5,2.0,0.5,287,21,1.0,2.7,0.7,297,24,1.0,2.7,0.7,297,24,0,29.83,-0.2,0,0,0,39.2,44.9,48.1,0.53,0.52,0.51
WELL,2019-11-08 01:00:00 EST,44.30782,-76.00858,285,23.4,24.2,23.4,79.8,18.0,0.000,0.000,0.00,0.000,1.3,3.1,0.6,297,41,1.7,3.8,0.6,301,41,1.7,3.8,0.6,301,41,0,29.83,-0.1,0,0,0,39.2,45.0,48.1,0.53,0.52,0.51
WELL,2019-11-08 01:05:00 EST,44.30782,-76.00858,285,23.5,24.0,23.5,79.3,18.0,0.000,0.000,0.00,0.000,0.6,1.8,0.6,310,46,1.1,2.8,0.8,303,48,1.1,2.8,0.8,303,48,0,29.83,-0.1,0,0,0,39.1,44.9,48.1,0.52,0.52,0.51
WELL,2019-11-08 01:10:00 EST,44.30782,-76.00858,285,23.4,23.9,23.4,79.2,17.9,0.000,0.000,0.00,0.000,1.4,2.8,0.8,338,28,1.7,3.1,0.8,346,28,1.7,3.1,0.8,346,28,0,29.83,-0.2,0,0,0,39.2,44.9,48.1,0.53,0.52,0.51
WELL,2019-11-08 01:15:00 EST,44.30782,-76.00858,285,23.3,23.8,23.3,78.4,17.6,0.000,0.000,0.00,0.000,0.6,2.0,0.6,314,12,0.9,2.3,0.8,319,17,0.9,2.3,0.8,319,17,0,29.83,-0.1,0,0,0,39.2,44.8,48.1,0.53,0.52,0.51
WELL,2019-11-08 01:20:00 EST,44.30782,-76.00858,285,23.0,23.7,23.0,79.1,17.5,0.000,0.000,0.00,0.000,0.7,2.6,0.7,314,16,1.0,2.4,0.6,323,21,1.0,2.4,0.6,323,21,0,29.83,-0.1,0,0,0,39.1,44.8,48.1,0.53,0.52,0.51
WELL,2019-11-08 01:25:00 EST,44.30782,-76.00858,285,22.8,23.7,22.8,80.8,17.8,0.000,0.000,0.00,0.000,0.9,3.9,1.0,339,20,1.2,5.0,1.1,333,26,1.2,5.0,1.1,333,26,0,29.83,-0.0,0,0,0,38.9,44.8,48.1,0.53,0.53,0.51
WELL,2019-11-08 01:30:00 EST,44.30782,-76.00858,285,23.2,23.7,23.2,77.7,17.3,0.000,0.000,0.00,0.000,1.7,3.2,0.6,347,25,2.0,3.8,0.8,352,22,2.0,3.8,0.8,352,22,0,29.83,-0.1,0,0,0,38.8,44.8,48.1,0.53,0.53,0.51
WELL,2019-11-08 01:35:00 EST,44.30782,-76.00858,285,23.4,23.7,23.4,75.7,16.8,0.000,0.000,0.00,0.000,1.4,3.4,1.0,324,25,1.8,4.3,1.0,334,36,1.8,4.3,1.0,334,36,0,29.83,-0.1,0,0,0,38.8,44.8,48.0,0.53,0.53,0.51
WELL,2019-11-08 01:40:00 EST,44.30782,-76.00858,285,23.4,23.8,23.4,74.3,16.4,0.000,0.000,0.00,0.000,1.4,3.6,1.1,313,33,1.9,4.4,1.1,320,30,1.9,4.4,1.1,320,30,0,29.83,-0.1,0,0,0,38.8,44.8,48.1,0.53,0.52,0.50
WELL,2019-11-08 01:45:00 EST,44.30782,-76.00858,285,23.3,23.6,23.3,74.0,16.2,0.000,0.000,0.00,0.000,1.8,5.2,1.5,313,32,2.2,5.9,1.6,324,30,2.2,5.9,1.6,324,30,0,29.83,-0.1,0,0,0,38.8,44.8,48.1,0.53,0.52,0.51
WELL,2019-11-08 01:50:00 EST,44.30782,-76.00858,285,23.1,23.4,23.1,74.6,16.3,0.000,0.000,0.00,0.000,0.3,2.6,0.6,352,16,0.8,5.5,1.0,357,37,0.8,5.5,1.0,357,37,0,29.83,-0.2,0,0,0,38.8,44.8,48.1,0.52,0.53,0.51
WELL,2019-11-08 01:55:00 EST,44.30782,-76.00858,285,23.1,23.4,23.1,74.8,16.3,0.000,0.000,0.00,0.000,1.7,4.5,1.1,320,35,2.0,5.3,1.3,327,33,2.0,5.3,1.3,327,33,0,29.83,-0.1,0,0,0,38.8,44.8,48.1,0.53,0.52,0.51
WELL,2019-11-08 02:00:00 EST,44.30782,-76.00858,285,23.1,23.3,23.1,74.4,16.1,0.000,0.000,0.00,0.000,1.5,4.4,1.0,286,38,2.0,5.4,1.3,294,39,2.0,5.4,1.3,294,39,0,29.83,-0.1,0,0,0,38.8,44.7,48.1,0.52,0.52,0.51
WELL,2019-11-08 02:05:00 EST,44.30782,-76.00858,285,23.1,23.3,23.1,74.1,16.1,0.000,0.000,0.00,0.000,1.7,4.7,0.9,309,39,2.4,6.0,1.0,319,40,2.4,6.0,1.0,319,40,0,29.83,-0.2,0,0,0,38.7,44.8,48.1,0.52,0.52,0.51
WELL,2019-11-08 02:10:00 EST,44.30782,-76.00858,285,23.0,23.3,23.0,74.3,16.1,0.000,0.000,0.00,0.000,1.1,4.2,1.0,311,42,1.9,5.3,1.1,311,54,1.9,5.3,1.1,311,54,0,29.83,-0.2,0,0,0,38.6,44.8,48.1,0.52,0.53,0.51
WELL,2019-11-08 02:15:00 EST,44.30782,-76.00858,285,23.0,23.2,23.0,74.5,16.1,0.000,0.000,0.00,0.000,2.1,6.1,1.4,303,46,2.6,6.9,1.5,305,49,2.6,6.9,1.5,305,49,0,29.83,-0.2,0,0,0,38.6,44.7,48.1,0.52,0.52,0.51
WELL,2019-11-08 02:20:00 EST,44.30782,-76.00858,285,23.0,23.2,18.1,74.7,16.1,0.000,0.000,0.00,0.000,3.2,9.1,2.1,319,32,3.7,9.6,2.2,333,29,3.7,9.6,2.2,333,29,0,29.83,-0.1,0,0,0,38.5,44.7,48.2,0.52,0.52,0.50
WELL,2019-11-08 02:25:00 EST,44.30782,-76.00858,285,22.9,23.1,18.0,75.2,16.3,0.000,0.000,0.00,0.000,3.3,7.8,1.9,324,28,3.7,9.8,2.0,330,30,3.7,9.8,2.0,330,30,0,29.83,-0.2,0,0,0,38.4,44.6,48.0,0.52,0.52,0.51
WELL,2019-11-08 02:30:00 EST,44.30782,-76.00858,285,23.0,23.1,18.2,75.4,16.4,0.000,0.000,0.00,0.000,3.3,9.9,1.7,327,33,3.6,10.0,2.0,338,33,3.6,10.0,2.0,338,33,0,29.83,-0.1,0,0,0,38.4,44.6,48.1,0.52,0.52,0.51
WELL,2019-11-08 02:35:00 EST,44.30782,-76.00858,285,22.9,23.1,18.8,76.2,16.6,0.000,0.000,0.00,0.000,2.6,7.5,1.7,306,39,3.2,6.9,1.6,310,38,3.2,6.9,1.6,310,38,0,29.83,-0.1,0,0,0,38.4,44.6,48.0,0.52,0.53,0.51
WELL,2019-11-08 02:40:00 EST,44.30782,-76.00858,285,22.9,23.0,18.6,77.1,16.8,0.000,0.000,0.00,0.000,2.7,6.5,1.3,305,36,3.3,8.0,1.3,317,37,3.3,8.0,1.3,317,37,0,29.83,-0.2,0,0,0,38.3,44.6,48.1,0.52,0.53,0.50
WELL,2019-11-08 02:45:00 EST,44.30782,-76.00858,285,22.9,23.0,18.7,77.6,16.9,0.000,0.000,0.00,0.000,2.7,6.1,1.4,286,25,3.2,6.4,1.4,292,24,3.2,6.4,1.4,292,24,0,29.83,-0.2,0,0,0,38.4,44.6,48.0,0.52,0.53,0.50
WELL,2019-11-08 02:50:00 EST,44.30782,-76.00858,285,22.8,23.0,17.4,77.6,16.9,0.000,0.000,0.00,0.000,3.7,7.6,1.8,305,31,4.0,8.3,1.9,315,32,4.0,8.3,1.9,315,32,0,29.83,-0.1,0,0,0,38.3,44.6,48.1,0.52,0.53,0.51
WELL,2019-11-08 02:55:00 EST,44.30782,-76.00858,285,22.6,22.8,22.6,78.1,16.8,0.000,0.000,0.00,0.000,1.5,6.1,1.6,304,39,2.3,6.8,1.7,315,41,2.3,6.8,1.7,315,41,0,29.83,-0.1,0,0,0,38.3,44.6,48.1,0.52,0.52,0.51
WELL,2019-11-08 03:00:00 EST,44.30782,-76.00858,285,22.7,22.8,16.9,78.9,17.1,0.000,0.000,0.00,0.000,3.8,8.8,2.0,306,29,4.3,9.2,2.0,314,27,4.3,9.2,2.0,314,27,0,29.83,-0.2,0,0,0,38.3,44.6,48.1,0.52,0.53,0.50
WELL,2019-11-08 03:05:00 EST,44.30782,-76.00858,285,22.5,22.7,22.5,79.2,17.1,0.000,0.000,0.00,0.000,1.8,6.1,1.7,301,31,2.1,6.6,1.6,303,36,2.1,6.6,1.6,303,36,0,29.83,-0.1,0,0,0,38.2,44.6,48.1,0.52,0.52,0.51
WELL,2019-11-08 03:10:00 EST,44.30782,-76.00858,285,22.5,22.6,22.5,80.2,17.3,0.000,0.000,0.00,0.000,2.5,7.4,1.5,304,35,3.0,8.8,1.6,315,38,3.0,8.8,1.6,315,38,0,29.83,-0.1,0,0,0,38.2,44.6,48.1,0.52,0.52,0.51
WELL,2019-11-08 03:15:00 EST,44.30782,-76.00858,285,22.5,22.7,18.5,80.2,17.3,0.000,0.000,0.00,0.000,2.5,6.5,1.7,302,41,3.0,6.8,1.7,310,37,3.0,6.8,1.7,310,37,0,29.83,-0.1,0,0,0,38.1,44.6,48.1,0.52,0.52,0.51
WELL,2019-11-08 03:20:00 EST,44.30782,-76.00858,285,22.4,22.6,18.2,81.0,17.4,0.000,0.000,0.00,0.000,2.4,6.6,1.6,262,33,3.1,7.4,1.7,273,29,3.1,7.4,1.7,273,29,0,29.83,-0.2,0,0,0,38.2,44.6,48.1,0.52,0.52,0.50
WELL,2019-11-08 03:25:00 EST,44.30782,-76.00858,285,22.4,22.5,17.9,81.4,17.6,0.000,0.000,0.00,0.000,2.8,5.8,1.2,314,34,3.3,5.6,1.3,324,30,3.3,5.6,1.3,324,30,0,29.83,-0.1,0,0,0,38.1,44.5,48.0,0.52,0.53,0.51
WELL,2019-11-08 03:30:00 EST,44.30782,-76.00858,285,22.4,22.5,22.4,81.5,17.5,0.000,0.000,0.00,0.000,1.6,5.8,1.3,317,37,2.5,7.0,1.6,321,32,2.5,7.0,1.6,321,32,0,29.83,-0.1,0,0,0,38.1,44.5,48.0,0.52,0.53,0.51
WELL,2019-11-08 03:35:00 EST,44.30782,-76.00858,285,22.5,22.6,15.4,81.7,17.7,0.000,0.000,0.00,0.000,5.2,10.2,2.2,304,24,5.5,9.7,2.1,315,22,5.5,9.7,2.1,315,22,0,29.84,-0.1,0,0,0,38.0,44.4,48.1,0.52,0.53,0.51
WELL,2019-11-08 03:40:00 EST,44.30782,-76.00858,285,22.3,22.4,17.6,81.7,17.6,0.000,0.000,0.00,0.000,2.9,8.6,2.0,318,37,3.5,11.9,2.3,331,34,3.5,11.9,2.3,331,34,0,29.84,-0.2,0,0,0,38.0,44.4,48.1,0.53,0.53,0.51
WELL,2019-11-08 03:45:00 EST,44.30782,-76.00858,285,22.1,22.3,22.1,82.5,17.6,0.000,0.000,0.00,0.000,1.7,8.5,1.6,304,45,2.3,8.9,1.7,313,48,2.3,8.9,1.7,313,48,0,29.84,-0.1,0,0,0,38.1,44.4,48.0,0.53,0.53,0.51
WELL,2019-11-08 03:50:00 EST,44.30782,-76.00858,285,22.2,22.4,17.7,82.9,17.8,0.000,0.000,0.00,0.000,2.8,9.4,2.1,313,32,3.3,11.3,2.1,324,32,3.3,11.3,2.1,324,32,0,29.84,-0.1,0,0,0,38.0,44.4,48.0,0.52,0.53,0.51
WELL,2019-11-08 03:55:00 EST,44.30782,-76.00858,285,22.2,22.4,17.7,82.8,17.8,0.000,0.000,0.00,0.000,2.8,6.9,2.1,301,32,3.4,7.9,2.1,313,31,3.4,7.9,2.1,313,31,0,29.84,-0.1,0,0,0,38.1,44.4,48.0,0.52,0.53,0.51
WELL,2019-11-08 04:00:00 EST,44.30782,-76.00858,285,22.4,22.5,18.3,83.0,18.0,0.000,0.000,0.00,0.000,2.5,6.4,1.2,354,47,3.1,6.1,1.3,3,45,3.1,6.1,1.3,3,45,0,29.84,-0.1,0,0,0,37.9,44.4,48.0,0.52,0.53,0.51
WELL,2019-11-08 04:05:00 EST,44.30782,-76.00858,285,22.7,22.7,17.4,83.3,18.4,0.000,0.000,0.00,0.000,3.3,8.7,1.8,343,34,3.9,9.1,1.9,350,29,3.9,9.1,1.9,350,29,0,29.84,-0.1,0,0,0,38.0,44.4,48.1,0.52,0.52,0.51
WELL,2019-11-08 04:10:00 EST,44.30782,-76.00858,285,22.8,22.8,22.8,82.9,18.4,0.000,0.000,0.00,0.000,2.2,5.8,1.4,336,44,2.7,6.2,1.3,344,44,2.7,6.2,1.3,344,44,0,29.84,-0.1,0,0,0,38.0,44.4,48.1,0.52,0.53,0.51
WELL,2019-11-08 04:15:00 EST,44.30782,-76.00858,285,22.9,22.9,17.5,82.5,18.4,0.000,0.000,0.00,0.000,3.4,8.2,1.8,323,31,4.1,10.2,1.9,334,31,4.1,10.2,1.9,334,31,0,29.84,-0.1,0,0,0,37.9,44.3,48.0,0.52,0.53,0.51
WELL,2019-11-08 04:20:00 EST,44.30782,-76.00858,285,22.9,22.9,17.2,82.8,18.5,0.000,0.000,0.00,0.000,3.7,9.6,1.7,333,35,4.3,12.9,1.9,340,35,4.3,12.9,1.9,340,35,0,29.84,-0.1,0,0,0,37.9,44.3,48.0,0.52,0.53,0.51
WELL,2019-11-08 04:25:00 EST,44.30782,-76.00858,285,22.9,22.9,17.2,83.1,18.5,0.000,0.000,0.00,0.000,3.7,10.2,1.8,336,29,4.3,10.6,1.8,346,22,4.3,10.6,1.8,346,22,0,29.84,-0.1,0,0,0,37.9,44.2,48.1,0.53,0.53,0.51
WELL,2019-11-08 04:30:00 EST,44.30782,-76.00858,285,22.9,22.9,16.3,83.2,18.6,0.000,0.000,0.00,0.000,4.3,10.3,2.2,341,20,5.1,12.0,2.6,351,19,5.1,12.0,2.6,351,19,0,29.84,-0.1,0,0,0,37.8,44.1,48.0,0.53,0.53,0.50
WELL,2019-11-08 04:35:00 EST,44.30782,-76.00858,285,23.0,23.0,23.0,83.9,18.9,0.000,0.000,0.00,0.000,2.5,6.0,1.5,331,32,2.9,7.2,1.6,341,30,2.9,7.2,1.6,341,30,0,29.84,-0.1,0,0,0,37.8,44.1,48.0,0.53,0.53,0.51
WELL,2019-11-08 04:40:00 EST,44.30782,-76.00858,285,23.0,23.0,23.0,84.2,19.0,0.000,0.000,0.00,0.000,2.5,6.4,1.6,343,36,2.8,7.4,1.7,352,37,2.8,7.4,1.7,352,37,0,29.85,-0.1,0,0,0,37.8,44.1,48.0,0.53,0.53,0.51
WELL,2019-11-08 04:45:00 EST,44.30782,-76.00858,285,23.0,23.1,18.4,83.8,18.9,0.000,0.000,0.00,0.000,3.1,7.9,1.6,331,36,3.5,8.2,1.8,339,33,3.5,8.2,1.8,339,33,0,29.85,-0.1,0,0,0,37.8,44.1,48.0,0.53,0.53,0.51
WELL,2019-11-08 04:50:00 EST,44.30782,-76.00858,285,23.0,23.1,17.6,83.7,18.9,0.000,0.000,0.00,0.000,3.4,8.1,1.7,320,30,4.1,8.9,1.7,333,31,4.1,8.9,1.7,333,31,0,29.85,-0.1,0,0,0,37.8,44.1,48.0,0.53,0.53,0.51
WELL,2019-11-08 04:55:00 EST,44.30782,-76.00858,285,23.0,23.0,18.1,83.9,18.9,0.000,0.000,0.00,0.000,3.3,7.0,1.5,326,35,3.7,7.5,1.6,334,34,3.7,7.5,1.6,334,34,0,29.85,-0.1,0,0,0,37.8,44.1,48.0,0.53,0.53,0.51
WELL,2019-11-08 05:00:00 EST,44.30782,-76.00858,285,23.0,23.1,23.0,84.3,19.0,0.000,0.000,0.00,0.000,2.5,7.5,1.8,335,29,3.0,8.1,1.8,350,28,3.0,8.1,1.8,350,28,0,29.85,-0.1,0,0,0,37.8,43.9,48.0,0.53,0.53,0.51
WELL,2019-11-08 05:05:00 EST,44.30782,-76.00858,285,23.0,23.1,17.1,83.9,18.9,0.000,0.000,0.00,0.000,4.0,11.3,2.8,322,38,4.5,12.1,2.8,332,38,4.5,12.1,2.8,332,38,0,29.85,-0.1,0,0,0,37.8,43.8,47.9,0.53,0.53,0.51
WELL,2019-11-08 05:10:00 EST,44.30782,-76.00858,285,23.0,23.1,17.1,83.7,18.8,0.000,0.000,0.00,0.000,3.8,10.1,2.1,327,32,4.5,10.2,2.4,335,32,4.5,10.2,2.4,335,32,0,29.86,-0.1,0,0,0,37.8,43.9,47.9,0.53,0.53,0.50
WELL,2019-11-08 05:15:00 EST,44.30782,-76.00858,285,23.0,23.1,18.1,83.6,18.8,0.000,0.000,0.00,0.000,3.0,8.5,2.3,326,30,3.7,10.5,2.3,340,31,3.7,10.5,2.3,340,31,0,29.86,-0.1,0,0,0,37.8,43.9,48.0,0.53,0.53,0.51
WELL,2019-11-08 05:20:00 EST,44.30782,-76.00858,285,22.8,22.9,18.1,84.3,18.8,0.000,0.000,0.00,0.000,2.7,6.6,1.5,350,28,3.5,7.9,1.7,357,26,3.5,7.9,1.7,357,26,0,29.86,-0.1,0,0,0,37.8,43.9,47.9,0.53,0.53,0.51
WELL,2019-11-08 05:25:00 EST,44.30782,-76.00858,285,22.7,22.8,17.8,84.4,18.7,0.000,0.000,0.00,0.000,2.7,5.4,1.2,350,46,3.6,6.6,1.4,357,40,3.6,6.6,1.4,357,40,0,29.86,-0.1,0,0,0,37.8,43.9,48.0,0.53,0.53,0.51
WELL,2019-11-08 05:30:00 EST,44.30782,-76.00858,285,22.6,22.7,17.6,84.5,18.6,0.000,0.000,0.00,0.000,3.2,9.4,1.9,329,39,3.7,9.7,2.0,338,38,3.7,9.7,2.0,338,38,0,29.86,-0.1,0,0,0,37.9,43.9,47.9,0.53,0.53,0.51
WELL,2019-11-08 05:35:00 EST,44.30782,-76.00858,285,22.6,22.7,17.3,84.3,18.6,0.000,0.000,0.00,0.000,3.3,8.0,1.6,328,32,4.0,8.9,1.9,339,29,4.0,8.9,1.9,339,29,0,29.86,-0.1,0,0,0,37.7,43.9,47.9,0.53,0.53,0.51
WELL,2019-11-08 05:40:00 EST,44.30782,-76.00858,285,22.6,22.7,17.5,84.4,18.6,0.000,0.000,0.00,0.000,3.3,8.0,1.5,323,32,3.8,7.9,1.6,335,29,3.8,7.9,1.6,335,29,0,29.86,-0.1,0,0,0,37.8,43.9,48.0,0.53,0.53,0.51
WELL,2019-11-08 05:45:00 EST,44.30782,-76.00858,285,22.6,22.7,15.8,83.9,18.4,0.000,0.000,0.00,0.000,4.8,13.2,3.2,322,26,5.2,14.3,3.2,331,22,5.2,14.3,3.2,331,22,0,29.86,-0.1,0,0,0,37.8,43.7,47.9,0.53,0.53,0.51
WELL,2019-11-08 05:50:00 EST,44.30782,-76.00858,285,22.6,22.7,17.6,83.4,18.3,0.000,0.000,0.00,0.000,3.2,7.0,1.6,345,25,3.7,9.5,1.8,353,22,3.7,9.5,1.8,353,22,0,29.87,-0.1,0,0,0,37.7,43.7,47.9,0.53,0.53,0.51
WELL,2019-11-08 05:55:00 EST,44.30782,-76.00858,285,22.5,22.6,16.5,83.5,18.2,0.000,0.000,0.00,0.000,3.9,8.5,1.9,321,38,4.4,9.7,2.2,328,37,4.4,9.7,2.2,328,37,0,29.87,-0.1,0,0,0,37.7,43.8,47.9,0.53,0.53,0.51
WELL,2019-11-08 06:00:00 EST,44.30782,-76.00858,285,22.4,22.5,17.9,83.5,18.2,0.000,0.000,0.00,0.000,2.7,8.1,1.9,321,35,3.4,8.4,2.1,336,37,3.4,8.4,2.1,336,37,0,29.87,-0.1,0,0,0,37.7,43.7,47.8,0.53,0.53,0.51
WELL,2019-11-08 06:05:00 EST,44.30782,-76.00858,285,22.3,22.4,15.9,83.6,18.1,0.000,0.000,0.00,0.000,3.9,8.3,2.2,326,34,4.8,10.4,2.3,333,35,4.8,10.4,2.3,333,35,0,29.87,-0.1,0,0,0,37.7,43.7,47.9,0.53,0.53,0.51
WELL,2019-11-08 06:10:00 EST,44.30782,-76.00858,285,22.2,22.4,15.9,83.4,18.0,0.000,0.000,0.00,0.000,4.0,8.0,1.7,323,25,4.7,8.7,2.0,333,21,4.7,8.7,2.0,333,21,0,29.87,-0.1,0,0,0,37.7,43.7,47.9,0.53,0.53,0.51
WELL,2019-11-08 06:15:00 EST,44.30782,-76.00858,285,22.1,22.3,15.8,83.5,17.9,0.000,0.000,0.00,0.000,3.9,10.1,2.2,332,34,4.7,11.8,2.4,337,32,4.7,11.8,2.4,337,32,0,29.88,-0.1,0,0,0,37.7,43.7,47.9,0.53,0.53,0.50
WELL,2019-11-08 06:20:00 EST,44.30782,-76.00858,285,22.0,22.2,22.0,83.5,17.8,0.000,0.000,0.00,0.000,2.6,5.7,1.3,319,39,3.0,7.1,1.4,334,40,3.0,7.1,1.4,334,40,0,29.88,-0.1,0,0,0,37.7,43.7,47.9,0.53,0.53,0.51
WELL,2019-11-08 06:25:00 EST,44.30782,-76.00858,285,22.0,22.1,17.0,83.7,17.8,0.000,0.000,0.00,0.000,3.1,10.1,2.3,330,40,3.6,11.0,2.2,338,44,3.6,11.0,2.2,338,44,0,29.88,-0.1,0,0,0,37.7,43.7,47.8,0.53,0.53,0.50
WELL,2019-11-08 06:30:00 EST,44.30782,-76.00858,285,22.1,22.2,15.2,83.1,17.7,0.000,0.000,0.00,0.000,4.7,8.8,1.9,326,29,5.2,10.2,2.1,332,26,5.2,10.2,2.1,332,26,0,29.88,-0.1,0,0,0,37.7,43.6,47.8,0.53,0.53,0.51
WELL,2019-11-08 06:35:00 EST,44.30782,-76.00858,285,22.1,22.1,15.6,81.6,17.3,0.000,0.000,0.00,0.000,4.2,11.3,2.5,337,31,4.9,13.3,3.0,344,29,4.9,13.3,3.0,344,29,1,29.88,-0.1,0,0,0,37.7,43.6,47.8,0.53,0.53,0.51
WELL,2019-11-08 06:40:00 EST,44.30782,-76.00858,285,22.1,22.2,13.5,80.4,17.0,0.000,0.000,0.00,0.000,6.3,14.2,2.9,338,23,7.1,15.2,3.2,348,21,7.1,15.2,3.2,348,21,1,29.89,-0.0,0,0,0,37.7,43.6,47.9,0.53,0.53,0.51
WELL,2019-11-08 06:45:00 EST,44.30782,-76.00858,285,22.1,22.2,13.6,80.1,16.9,0.000,0.000,0.00,0.000,6.3,17.3,3.1,340,25,7.0,17.0,3.1,349,23,7.0,17.0,3.1,349,23,3,29.89,-0.1,0,0,0,37.7,43.5,47.8,0.53,0.53,0.51
WELL,2019-11-08 06:50:00 EST,44.30782,-76.00858,285,22.0,22.1,15.3,80.5,17.0,0.000,0.000,0.00,0.000,4.3,11.5,2.5,348,28,5.1,12.1,2.5,354,23,5.1,12.1,2.5,354,23,4,29.89,-0.1,0,0,0,37.7,43.5,47.8,0.53,0.53,0.51
WELL,2019-11-08 06:55:00 EST,44.30782,-76.00858,285,22.0,22.1,14.4,80.9,17.0,0.000,0.000,0.00,0.000,5.2,14.2,2.9,331,28,5.9,16.9,3.2,342,26,5.9,16.9,3.2,342,26,6,29.89,-0.1,0,0,0,37.7,43.5,47.8,0.53,0.53,0.51
WELL,2019-11-08 07:00:00 EST,44.30782,-76.00858,285,22.0,22.1,15.9,80.7,16.9,0.000,0.000,0.00,0.000,3.8,8.0,1.6,320,38,4.5,8.5,1.7,328,38,4.5,8.5,1.7,328,38,9,29.90,-0.0,0,0,0,37.5,43.5,47.8,0.53,0.53,0.50
WELL,2019-11-08 07:05:00 EST,44.30782,-76.00858,285,21.9,22.0,17.6,80.4,16.8,0.000,0.000,0.00,0.000,2.6,6.9,1.5,337,28,3.2,7.4,1.5,353,27,3.2,7.4,1.5,353,27,13,29.90,-0.1,0,0,0,37.5,43.5,47.8,0.53,0.53,0.51
WELL,2019-11-08 07:10:00 EST,44.30782,-76.00858,285,21.8,22.0,15.0,80.6,16.8,0.000,0.000,0.00,0.000,4.5,12.2,2.9,334,33,5.2,12.9,3.0,343,31,5.2,12.9,3.0,343,31,16,29.90,-0.1,0,0,0,37.4,43.5,47.8,0.53,0.52,0.51
WELL,2019-11-08 07:15:00 EST,44.30782,-76.00858,285,21.9,22.0,15.2,80.2,16.7,0.000,0.000,0.00,0.000,4.5,10.5,2.7,321,27,5.0,11.1,2.8,330,30,5.0,11.1,2.8,330,30,38,29.90,-0.1,0,0,0,37.4,43.5,47.8,0.53,0.53,0.51
WELL,2019-11-08 07:20:00 EST,44.30782,-76.00858,285,22.0,22.1,15.6,79.6,16.7,0.000,0.000,0.00,0.000,4.2,8.4,1.4,339,30,4.7,10.5,1.7,348,27,4.7,10.5,1.7,348,27,39,29.91,-0.1,0,0,0,37.5,43.5,47.8,0.53,0.53,0.51
WELL,2019-11-08 07:25:00 EST,44.30782,-76.00858,285,22.0,22.1,15.4,79.4,16.6,0.000,0.000,0.00,0.000,4.5,10.4,2.9,319,28,4.9,12.0,2.7,329,32,4.9,12.0,2.7,329,32,51,29.91,-0.1,0,0,0,37.5,43.5,47.8,0.53,0.53,0.51
WELL,2019-11-08 07:30:00 EST,44.30782,-76.00858,285,22.1,22.2,16.9,78.6,16.5,0.000,0.000,0.00,0.000,3.1,9.6,2.0,335,33,3.8,8.7,1.9,337,28,3.8,8.7,1.9,337,28,53,29.91,-0.1,0,0,0,37.4,43.5,47.8,0.53,0.53,0.51
WELL,2019-11-08 07:35:00 EST,44.30782,-76.00858,285,22.2,22.2,22.2,78.7,16.6,0.000,0.000,0.00,0.000,2.1,7.2,1.6,321,52,2.6,8.4,1.9,325,52,2.6,8.4,1.9,325,52,77,29.91,-0.1,0,0,0,37.4,43.5,47.8,0.53,0.53,0.51
WELL,2019-11-08 07:40:00 EST,44.30782,-76.00858,285,22.4,22.4,14.4,77.0,16.2,0.000,0.000,0.00,0.000,5.5,11.0,2.0,332,25,6.4,12.8,2.2,345,20,6.4,12.8,2.2,345,20,113,29.91,-0.1,0,0,0,37.4,43.5,47.8,0.53,0.53,0.51
WELL,2019-11-08 07:45:00 EST,44.30782,-76.00858,285,22.6,22.6,16.8,76.6,16.3,0.000,0.000,0.00,0.000,3.8,10.5,2.2,338,25,4.3,9.9,2.0,347,24,4.3,9.9,2.0,347,24,125,29.92,-0.1,0,0,0,37.4,43.5,47.8,0.53,0.53,0.51
WELL,2019-11-08 07:50:00 EST,44.30782,-76.00858,285,22.7,22.7,13.2,75.5,16.1,0.000,0.000,0.00,0.000,7.4,14.0,2.6,333,23,8.4,15.2,2.7,344,22,8.4,15.2,2.7,344,22,137,29.92,-0.0,0,0,0,37.5,43.6,47.8,0.53,0.53,0.51
WELL,2019-11-08 07:55:00 EST,44.30782,-76.00858,285,22.8,22.8,13.8,75.3,16.1,0.000,0.000,0.00,0.000,7.2,13.7,2.8,338,35,7.8,15.0,3.1,348,27,7.8,15.0,3.1,348,27,140,29.92,-0.1,0,0,0,37.4,43.5,47.7,0.53,0.53,0.51
WELL,2019-11-08 08:00:00 EST,44.30782,-76.00858,285,22.7,22.7,15.3,74.7,15.9,0.000,0.000,0.00,0.000,5.1,10.4,2.3,346,30,5.8,13.0,2.3,356,20,5.8,13.0,2.3,356,20,109,29.93,-0.1,0,0,0,37.4,43.6,47.8,0.53,0.53,0.51
WELL,2019-11-08 08:05:00 EST,44.30782,-76.00858,285,22.8,22.8,14.4,75.2,16.1,0.000,0.000,0.00,0.000,6.3,12.9,2.6,340,29,7.1,12.9,2.9,350,24,7.1,12.9,2.9,350,24,96,29.93,-0.0,0,0,0,37.4,43.7,47.6,0.53,0.53,0.51
WELL,2019-11-08 08:10:00 EST,44.30782,-76.00858,285,22.7,22.7,14.0,75.6,16.1,0.000,0.000,0.00,0.000,6.7,14.8,2.6,342,25,7.3,17.0,3.0,351,22,7.3,17.0,3.0,351,22,85,29.93,-0.1,0,0,0,37.3,43.7,47.7,0.53,0.53,0.51
WELL,2019-11-08 08:15:00 EST,44.30782,-76.00858,285,22.6,22.6,15.7,75.9,16.2,0.000,0.000,0.00,0.000,4.7,13.2,3.6,338,25,5.4,14.5,3.5,346,27,5.4,14.5,3.5,346,27,90,29.93,-0.0,0,0,0,37.4,43.7,47.7,0.53,0.53,0.51
WELL,2019-11-08 08:20:00 EST,44.30782,-76.00858,285,22.9,22.8,14.6,75.7,16.3,0.000,0.000,0.00,0.000,6.2,11.8,2.2,337,26,6.9,13.7,2.4,346,24,6.9,13.7,2.4,346,24,192,29.93,-0.1,0,0,0,37.4,43.7,47.7,0.53,0.53,0.51
WELL,2019-11-08 08:25:00 EST,44.30782,-76.00858,285,23.1,23.0,16.1,75.2,16.5,0.000,0.000,0.00,0.000,4.8,9.3,1.9,343,31,5.6,9.9,2.0,350,29,5.6,9.9,2.0,350,29,192,29.93,-0.1,0,0,0,37.4,43.7,47.7,0.53,0.53,0.51
WELL,2019-11-08 08:30:00 EST,44.30782,-76.00858,285,23.4,23.2,17.9,75.3,16.7,0.000,0.000,0.00,0.000,3.7,7.3,1.5,339,35,4.2,8.4,1.8,347,34,4.2,8.4,1.8,347,34,207,29.93,-0.0,0,0,0,37.3,43.7,47.8,0.53,0.53,0.51
WELL,2019-11-08 08:35:00 EST,44.30782,-76.00858,285,23.3,23.1,14.7,74.4,16.3,0.000,0.000,0.00,0.000,6.7,12.7,2.1,352,17,7.4,15.1,2.4,1,14,7.4,15.1,2.4,1,14,173,29.93,-0.0,0,0,0,37.4,43.7,47.6,0.53,0.53,0.50
WELL,2019-11-08 08:40:00 EST,44.30782,-76.00858,285,23.1,23.0,14.0,74.9,16.3,0.000,0.000,0.00,0.000,7.1,12.2,2.4,345,22,7.9,14.6,2.6,356,15,7.9,14.6,2.6,356,15,124,29.93,-0.1,0,0,0,37.4,43.7,47.7,0.53,0.53,0.51
WELL,2019-11-08 08:45:00 EST,44.30782,-76.00858,285,23.2,23.1,15.3,75.1,16.5,0.000,0.000,0.00,0.000,5.6,10.2,2.0,342,22,6.6,11.4,2.3,350,19,6.6,11.4,2.3,350,19,184,29.94,-0.1,0,0,0,37.4,43.7,47.7,0.53,0.53,0.51
WELL,2019-11-08 08:50:00 EST,44.30782,-76.00858,285,23.2,23.1,15.7,74.4,16.3,0.000,0.000,0.00,0.000,5.6,11.3,1.9,336,28,6.1,13.0,2.2,346,27,6.1,13.0,2.2,346,27,159,29.94,-0.1,0,0,0,37.4,43.7,47.7,0.53,0.53,0.51
WELL,2019-11-08 08:55:00 EST,44.30782,-76.00858,285,23.1,23.0,14.3,73.5,15.9,0.000,0.000,0.00,0.000,7.0,12.7,2.3,339,27,7.6,14.4,2.7,349,21,7.6,14.4,2.7,349,21,146,29.94,0.0,0,0,0,37.4,43.7,47.7,0.53,0.53,0.51
WELL,2019-11-08 09:00:00 EST,44.30782,-76.00858,285,23.2,23.1,13.6,73.5,16.0,0.000,0.000,0.00,0.000,8.0,14.9,2.8,344,25,8.9,18.6,3.0,354,21,8.9,18.6,3.0,354,21,142,29.94,-0.1,0,0,0,37.4,43.7,47.7,0.53,0.52,0.51
WELL,2019-11-08 09:05:00 EST,44.30782,-76.00858,285,23.4,23.2,13.8,72.5,15.8,0.000,0.000,0.00,0.000,8.1,16.5,3.3,342,25,8.8,19.0,3.9,354,21,8.8,19.0,3.9,354,21,249,29.94,-0.1,0,0,0,37.3,43.7,47.6,0.53,0.53,0.51
WELL,2019-11-08 09:10:00 EST,44.30782,-76.00858,285,23.4,23.3,14.7,73.7,16.3,0.000,0.000,0.00,0.000,6.6,12.7,2.1,353,25,7.6,14.0,2.4,1,16,7.6,14.0,2.4,1,16,175,29.94,-0.0,0,0,0,37.3,43.7,47.7,0.53,0.53,0.51
WELL,2019-11-08 09:15:00 EST,44.30782,-76.00858,285,23.9,23.6,17.6,73.3,16.6,0.000,0.000,0.00,0.000,4.4,10.1,2.5,333,29,5.0,11.3,2.6,343,25,5.0,11.3,2.6,343,25,295,29.94,-0.0,0,0,0,37.4,43.7,47.6,0.53,0.53,0.51
WELL,2019-11-08 09:20:00 EST,44.30782,-76.00858,285,24.2,23.9,17.6,72.6,16.7,0.000,0.000,0.00,0.000,4.5,11.0,2.8,316,33,5.4,12.2,2.9,329,32,5.4,12.2,2.9,329,32,295,29.94,0.0,0,0,0,37.4,43.7,47.6,0.52,0.53,0.51
WELL,2019-11-08 09:25:00 EST,44.30782,-76.00858,285,24.3,24.0,16.2,71.3,16.3,0.000,0.000,0.00,0.000,6.2,11.6,1.9,349,27,7.0,13.0,2.2,358,17,7.0,13.0,2.2,358,17,291,29.94,-0.1,0,0,0,37.4,43.7,47.7,0.52,0.53,0.51
WELL,2019-11-08 09:30:00 EST,44.30782,-76.00858,285,24.4,24.0,17.6,70.7,16.2,0.000,0.000,0.00,0.000,4.8,10.6,2.7,353,27,5.5,12.6,2.9,1,21,5.5,12.6,2.9,1,21,317,29.94,-0.0,0,0,0,37.4,43.7,47.7,0.52,0.52,0.50
WELL,2019-11-08 09:35:00 EST,44.30782,-76.00858,285,24.6,24.2,17.9,69.8,16.1,0.000,0.000,0.00,0.000,4.8,9.0,2.2,324,29,5.5,10.3,2.4,336,24,5.5,10.3,2.4,336,24,298,29.94,-0.0,0,0,0,37.4,43.7,47.6,0.52,0.53,0.51
WELL,2019-11-08 09:40:00 EST,44.30782,-76.00858,285,24.4,24.0,16.7,69.8,15.9,0.000,0.000,0.00,0.000,5.6,10.7,2.8,334,24,6.5,12.3,3.0,343,21,6.5,12.3,3.0,343,21,281,29.94,-0.0,0,0,0,37.4,43.7,47.6,0.52,0.53,0.51
WELL,2019-11-08 09:45:00 EST,44.30782,-76.00858,285,24.5,24.2,17.4,69.1,15.8,0.000,0.000,0.00,0.000,5.4,10.6,2.6,300,29,5.9,10.4,2.6,307,25,5.9,10.4,2.6,307,25,319,29.94,-0.0,0,0,0,37.4,43.7,47.7,0.52,0.53,0.50
WELL,2019-11-08 09:50:00 EST,44.30782,-76.00858,285,24.8,24.4,20.1,67.7,15.6,0.000,0.000,0.00,0.000,3.3,7.9,2.1,316,27,3.7,8.5,2.1,326,27,3.7,8.5,2.1,326,27,335,29.94,0.0,0,0,0,37.4,43.7,47.5,0.52,0.53,0.51
WELL,2019-11-08 09:55:00 EST,44.30782,-76.00858,285,25.1,24.5,19.8,68.5,16.1,0.000,0.000,0.00,0.000,3.5,7.1,1.6,298,33,4.2,8.7,1.7,310,30,4.2,8.7,1.7,310,30,339,29.94,0.0,0,0,0,37.4,43.7,47.7,0.52,0.53,0.51
WELL,2019-11-08 10:00:00 EST,44.30782,-76.00858,285,25.1,24.6,18.4,68.1,16.1,0.000,0.000,0.00,0.000,5.3,13.5,2.5,323,34,5.6,15.7,2.6,331,34,5.6,15.7,2.6,331,34,347,29.94,0.1,0,0,0,37.4,43.7,47.7,0.52,0.53,0.50
WELL,2019-11-08 10:05:00 EST,44.30782,-76.00858,285,25.2,24.7,19.2,68.0,16.1,0.000,0.000,0.00,0.000,4.4,9.4,2.5,331,27,4.9,10.9,2.6,340,26,4.9,10.9,2.6,340,26,355,29.94,0.0,0,0,0,37.4,43.7,47.6,0.51,0.53,0.51
WELL,2019-11-08 10:10:00 EST,44.30782,-76.00858,285,25.3,24.8,18.5,67.0,15.8,0.000,0.000,0.00,0.000,5.3,9.6,1.6,315,25,5.7,9.8,1.6,325,25,5.7,9.8,1.6,325,25,365,29.95,0.1,0,0,0,37.4,43.7,47.7,0.51,0.53,0.51
WELL,2019-11-08 10:15:00 EST,44.30782,-76.00858,285,25.5,24.9,19.0,67.8,16.3,0.000,0.000,0.00,0.000,5.0,8.4,1.6,348,22,5.5,9.5,1.6,357,21,5.5,9.5,1.6,357,21,373,29.95,0.1,0,0,0,37.4,43.7,47.6,0.51,0.53,0.51
WELL,2019-11-08 10:20:00 EST,44.30782,-76.00858,285,25.6,25.2,18.2,65.7,15.7,0.000,0.000,0.00,0.000,6.1,11.2,2.5,331,26,6.5,12.2,2.7,344,22,6.5,12.2,2.7,344,22,379,29.95,0.1,0,0,0,37.5,43.7,47.6,0.51,0.53,0.50
WELL,2019-11-08 10:25:00 EST,44.30782,-76.00858,285,25.8,25.3,17.4,64.6,15.5,0.000,0.000,0.00,0.000,7.0,10.3,1.8,352,16,7.8,12.2,2.0,359,14,7.8,12.2,2.0,359,14,378,29.95,0.1,0,0,0,37.4,43.7,47.5,0.51,0.53,0.50
WELL,2019-11-08 10:30:00 EST,44.30782,-76.00858,285,26.0,25.4,18.1,66.2,16.2,0.000,0.000,0.00,0.000,6.6,12.1,2.8,344,25,7.1,13.3,2.8,354,20,7.1,13.3,2.8,354,20,394,29.95,0.0,0,0,0,37.4,43.8,47.7,0.51,0.53,0.51
WELL,2019-11-08 10:35:00 EST,44.30782,-76.00858,285,26.2,25.7,17.9,66.0,16.4,0.000,0.000,0.00,0.000,7.2,12.6,2.0,359,17,7.8,13.7,2.3,5,14,7.8,13.7,2.3,5,14,399,29.95,0.1,0,0,0,37.5,43.7,47.7,0.52,0.53,0.51
WELL,2019-11-08 10:40:00 EST,44.30782,-76.00858,285,26.7,26.1,21.2,65.7,16.8,0.000,0.000,0.00,0.000,4.3,8.8,1.7,339,35,4.7,10.1,1.9,347,33,4.7,10.1,1.9,347,33,399,29.95,-0.0,0,0,0,37.6,43.7,47.6,0.51,0.53,0.51
WELL,2019-11-08 10:45:00 EST,44.30782,-76.00858,285,26.3,25.9,19.0,63.6,15.7,0.000,0.000,0.00,0.000,6.1,9.5,1.6,351,19,6.6,10.6,1.8,359,13,6.6,10.6,1.8,359,13,412,29.95,0.1,0,0,0,37.6,43.7,47.6,0.51,0.53,0.51
WELL,2019-11-08 10:50:00 EST,44.30782,-76.00858,285,27.1,26.4,21.1,65.6,17.1,0.000,0.000,0.00,0.000,4.3,9.4,2.5,287,36,5.2,10.1,2.6,296,35,5.2,10.1,2.6,296,35,410,29.95,-0.0,0,0,0,37.7,43.7,47.6,0.51,0.53,0.51
WELL,2019-11-08 10:55:00 EST,44.30782,-76.00858,285,26.6,26.1,20.4,63.7,16.0,0.000,0.000,0.00,0.000,4.9,9.6,1.9,291,37,5.4,9.8,2.0,300,37,5.4,9.8,2.0,300,37,412,29.95,-0.0,0,0,0,37.7,43.7,47.6,0.52,0.53,0.51
WELL,2019-11-08 11:00:00 EST,44.30782,-76.00858,285,26.7,26.2,19.0,64.5,16.3,0.000,0.000,0.00,0.000,6.5,11.6,2.3,315,40,7.2,12.1,2.4,322,41,7.2,12.1,2.4,322,41,295,29.95,-0.0,0,0,0,37.7,43.7,47.8,0.52,0.52,0.51
WELL,2019-11-08 11:05:00 EST,44.30782,-76.00858,285,26.9,26.3,21.3,65.8,17.0,0.000,0.000,0.00,0.000,4.2,9.1,2.1,354,24,4.8,12.1,2.2,4,21,4.8,12.1,2.2,4,21,429,29.95,0.0,0,0,0,37.7,43.7,47.6,0.52,0.53,0.51
WELL,2019-11-08 11:10:00 EST,44.30782,-76.00858,285,26.6,26.3,20.0,64.3,16.2,0.000,0.000,0.00,0.000,5.3,10.7,2.3,331,26,5.8,11.8,2.3,340,24,5.8,11.8,2.3,340,24,195,29.95,-0.0,0,0,0,37.7,43.7,47.7,0.52,0.53,0.50
WELL,2019-11-08 11:15:00 EST,44.30782,-76.00858,285,26.8,26.5,19.8,64.8,16.5,0.000,0.000,0.00,0.000,5.9,9.4,1.4,316,35,6.3,10.4,1.6,328,33,6.3,10.4,1.6,328,33,337,29.95,0.0,0,0,0,37.7,43.7,47.8,0.52,0.53,0.51
WELL,2019-11-08 11:20:00 EST,44.30782,-76.00858,285,27.0,26.6,21.3,65.9,17.1,0.000,0.000,0.00,0.000,4.5,8.2,1.5,285,31,4.8,9.1,1.6,294,30,4.8,9.1,1.6,294,30,292,29.95,0.0,0,0,0,37.7,43.7,47.6,0.52,0.53,0.50
WELL,2019-11-08 11:25:00 EST,44.30782,-76.00858,285,27.4,26.8,22.0,64.0,16.9,0.000,0.000,0.00,0.000,4.0,12.0,2.8,296,35,4.7,12.8,2.9,305,35,4.7,12.8,2.9,305,35,501,29.95,0.0,0,0,0,37.7,43.7,47.6,0.52,0.53,0.51
WELL,2019-11-08 11:30:00 EST,44.30782,-76.00858,285,26.8,26.3,18.5,61.9,15.5,0.000,0.000,0.00,0.000,7.6,10.7,1.9,270,8,8.1,11.8,2.1,278,7,8.1,11.8,2.1,278,7,524,29.95,0.1,0,0,0,37.8,43.7,47.8,0.52,0.53,0.50
WELL,2019-11-08 11:35:00 EST,44.30782,-76.00858,285,27.2,26.8,21.8,64.5,16.8,0.000,0.000,0.00,0.000,4.2,6.7,1.7,286,31,4.6,7.9,1.8,295,30,4.6,7.9,1.8,295,30,223,29.95,-0.0,0,0,0,37.8,43.7,47.7,0.52,0.53,0.51
WELL,2019-11-08 11:40:00 EST,44.30782,-76.00858,285,27.2,26.8,22.0,65.2,17.0,0.000,0.000,0.00,0.000,3.8,7.7,2.0,297,39,4.4,8.6,2.0,306,39,4.4,8.6,2.0,306,39,399,29.95,0.0,0,0,0,37.8,43.7,47.6,0.52,0.53,0.51
WELL,2019-11-08 11:45:00 EST,44.30782,-76.00858,285,27.3,26.9,19.9,63.7,16.6,0.000,0.000,0.00,0.000,6.4,11.5,1.9,293,35,6.9,13.4,2.2,303,34,6.9,13.4,2.2,303,34,374,29.95,0.1,0,0,0,37.8,43.7,47.6,0.52,0.53,0.50
WELL,2019-11-08 11:50:00 EST,44.30782,-76.00858,285,27.1,26.8,22.2,64.3,16.6,0.000,0.000,0.00,0.000,3.6,9.1,2.3,348,26,4.2,10.1,2.4,352,28,4.2,10.1,2.4,352,28,259,29.95,0.1,0,0,0,37.8,43.7,47.6,0.52,0.53,0.50
WELL,2019-11-08 11:55:00 EST,44.30782,-76.00858,285,27.7,27.1,20.9,65.2,17.6,0.000,0.000,0.00,0.000,5.8,11.0,2.4,262,16,6.2,11.3,2.5,272,17,6.2,11.3,2.5,272,17,516,29.94,0.0,0,0,0,37.8,43.7,47.7,0.52,0.53,0.51
WELL,2019-11-08 12:00:00 EST,44.30782,-76.00858,285,27.5,27.1,20.5,64.4,17.1,0.000,0.000,0.00,0.000,6.3,11.2,2.5,277,30,6.6,12.5,2.8,284,29,6.6,12.5,2.8,284,29,410,29.94,0.1,0,0,0,37.8,43.7,47.6,0.52,0.53,0.51
WELL,2019-11-08 12:05:00 EST,44.30782,-76.00858,285,27.8,27.4,23.1,66.6,18.1,0.000,0.000,0.00,0.000,3.5,7.5,2.0,259,19,4.1,7.9,2.1,267,17,4.1,7.9,2.1,267,17,199,29.94,-0.0,0,0,0,37.8,43.7,47.7,0.52,0.53,0.51
WELL,2019-11-08 12:10:00 EST,44.30782,-76.00858,285,27.5,27.3,27.5,64.7,17.2,0.000,0.000,0.00,0.000,2.3,5.1,1.3,298,35,2.8,6.3,1.2,305,36,2.8,6.3,1.2,305,36,220,29.94,0.2,0,0,0,37.9,43.7,47.6,0.52,0.53,0.51
WELL,2019-11-08 12:15:00 EST,44.30782,-76.00858,285,28.3,27.9,24.4,66.7,18.7,0.000,0.000,0.00,0.000,2.9,9.6,2.7,285,27,3.6,10.3,2.7,294,30,3.6,10.3,2.7,294,30,283,29.94,-0.1,0,0,0,37.9,43.7,47.6,0.52,0.52,0.50
WELL,2019-11-08 12:20:00 EST,44.30782,-76.00858,285,27.7,27.5,20.6,64.4,17.3,0.000,0.000,0.00,0.000,6.2,10.0,1.9,272,19,6.6,11.5,2.1,282,17,6.6,11.5,2.1,282,17,190,29.94,-0.0,0,0,0,37.9,43.7,47.6,0.52,0.53,0.51
WELL,2019-11-08 12:25:00 EST,44.30782,-76.00858,285,27.5,27.3,21.0,64.6,17.1,0.000,0.000,0.00,0.000,5.5,8.5,1.3,268,14,5.8,8.8,1.5,277,13,5.8,8.8,1.5,277,13,227,29.94,0.0,0,0,0,37.9,43.7,47.6,0.52,0.53,0.51
WELL,2019-11-08 12:30:00 EST,44.30782,-76.00858,285,28.1,27.7,28.1,67.4,18.7,0.000,0.000,0.00,0.000,2.4,5.5,1.1,254,30,2.9,6.0,1.2,262,31,2.9,6.0,1.2,262,31,216,29.94,0.0,0,0,0,38.0,43.7,47.6,0.52,0.53,0.50
WELL,2019-11-08 12:35:00 EST,44.30782,-76.00858,285,28.3,28.0,24.7,65.2,18.1,0.000,0.000,0.00,0.000,2.8,8.5,2.3,286,39,3.3,9.6,2.3,295,41,3.3,9.6,2.3,295,41,277,29.94,0.0,0,0,0,38.0,43.7,47.6,0.52,0.52,0.51
WELL,2019-11-08 12:40:00 EST,44.30782,-76.00858,285,28.7,28.3,23.7,64.6,18.3,0.000,0.000,0.00,0.000,4.0,8.8,2.1,304,45,4.5,9.2,2.1,317,41,4.5,9.2,2.1,317,41,400,29.93,0.0,0,0,0,38.0,43.7,47.6,0.52,0.52,0.50
WELL,2019-11-08 12:45:00 EST,44.30782,-76.00858,285,29.1,28.6,24.8,64.2,18.5,0.000,0.000,0.00,0.000,3.6,7.6,1.7,282,32,4.0,8.0,1.5,289,32,4.0,8.0,1.5,289,32,356,29.93,0.0,0,0,0,38.1,43.7,47.6,0.52,0.53,0.51
WELL,2019-11-08 12:50:00 EST,44.30782,-76.00858,285,29.2,28.8,22.1,62.6,18.0,0.000,0.000,0.00,0.000,6.6,11.8,2.0,290,34,7.1,12.9,2.1,297,31,7.1,12.9,2.1,297,31,347,29.93,-0.0,0,0,0,38.0,43.7,47.6,0.52,0.53,0.50
WELL,2019-11-08 12:55:00 EST,44.30782,-76.00858,285,28.9,28.6,23.2,62.9,17.9,0.000,0.000,0.00,0.000,4.9,11.5,2.9,311,28,5.2,11.7,2.9,319,29,5.2,11.7,2.9,319,29,328,29.93,-0.0,0,0,0,38.1,43.7,47.6,0.52,0.53,0.50
WELL,2019-11-08 13:00:00 EST,44.30782,-76.00858,285,29.2,28.9,23.8,62.9,18.1,0.000,0.000,0.00,0.000,4.5,9.6,1.8,312,35,4.9,10.1,1.8,318,33,4.9,10.1,1.8,318,33,358,29.93,0.0,0,0,0,38.1,43.7,47.6,0.52,0.53,0.51
WELL,2019-11-08 13:05:00 EST,44.30782,-76.00858,285,29.6,29.3,23.5,62.5,18.4,0.000,0.000,0.00,0.000,5.4,11.3,3.1,318,31,5.9,11.1,2.8,329,27,5.9,11.1,2.8,329,27,434,29.93,0.1,0,0,0,38.0,43.7,47.6,0.52,0.53,0.51
WELL,2019-11-08 13:10:00 EST,44.30782,-76.00858,285,30.2,29.5,24.1,63.9,19.4,0.000,0.000,0.00,0.000,5.3,10.4,2.1,277,27,5.9,11.1,2.0,285,28,5.9,11.1,2.0,285,28,495,29.93,-0.1,0,0,0,38.1,43.7,47.6,0.52,0.53,0.51
WELL,2019-11-08 13:15:00 EST,44.30782,-76.00858,285,30.4,29.9,23.9,61.7,18.8,0.000,0.000,0.00,0.000,6.0,11.4,2.3,283,22,6.5,11.9,2.5,289,22,6.5,11.9,2.5,289,22,412,29.93,-0.1,0,0,0,38.1,43.7,47.6,0.52,0.53,0.51
WELL,2019-11-08 13:20:00 EST,44.30782,-76.00858,285,29.6,29.3,23.5,61.1,17.8,0.000,0.000,0.00,0.000,5.7,9.6,2.1,283,22,5.9,10.3,2.1,293,20,5.9,10.3,2.1,293,20,339,29.93,0.1,0,0,0,38.1,43.7,47.7,0.52,0.53,0.50
WELL,2019-11-08 13:25:00 EST,44.30782,-76.00858,285,29.6,29.3,24.0,61.8,18.1,0.000,0.000,0.00,0.000,4.7,11.8,2.6,302,31,5.2,12.1,2.4,313,32,5.2,12.1,2.4,313,32,227,29.93,-0.1,0,0,0,38.1,43.7,47.6,0.52,0.53,0.51
WELL,2019-11-08 13:30:00 EST,44.30782,-76.00858,285,30.0,29.5,26.3,63.7,19.2,0.000,0.000,0.00,0.000,2.9,6.6,1.6,306,34,3.5,8.0,1.8,313,34,3.5,8.0,1.8,313,34,398,29.93,0.1,0,0,0,38.1,43.7,47.5,0.52,0.52,0.50
WELL,2019-11-08 13:35:00 EST,44.30782,-76.00858,285,31.2,30.6,31.2,63.7,20.3,0.000,0.000,0.00,0.000,1.5,4.0,0.9,301,44,2.4,5.1,1.3,313,44,2.4,5.1,1.3,313,44,309,29.93,-0.1,0,0,0,38.1,43.7,47.6,0.52,0.53,0.51
WELL,2019-11-08 13:40:00 EST,44.30782,-76.00858,285,30.6,30.1,24.0,61.0,18.7,0.000,0.000,0.00,0.000,6.2,11.2,2.7,267,16,6.8,11.7,2.7,275,17,6.8,11.7,2.7,275,17,278,29.93,-0.1,0,0,0,38.2,43.7,47.6,0.52,0.53,0.51
WELL,2019-11-08 13:45:00 EST,44.30782,-76.00858,285,30.4,29.9,24.9,61.3,18.6,0.000,0.000,0.00,0.000,4.9,10.0,2.7,326,39,5.2,10.6,2.6,334,40,5.2,10.6,2.6,334,40,282,29.93,-0.0,0,0,0,38.2,43.7,47.6,0.52,0.52,0.50
WELL,2019-11-08 13:50:00 EST,44.30782,-76.00858,285,29.8,29.5,22.6,60.6,17.8,0.000,0.000,0.00,0.000,6.5,10.2,2.1,350,22,7.3,11.8,2.3,359,18,7.3,11.8,2.3,359,18,171,29.93,-0.1,0,0,0,38.3,43.7,47.6,0.52,0.53,0.51
WELL,2019-11-08 13:55:00 EST,44.30782,-76.00858,285,29.5,29.5,24.2,62.0,18.1,0.000,0.000,0.00,0.000,4.4,8.4,1.6,333,30,4.9,10.2,1.7,344,27,4.9,10.2,1.7,344,27,102,29.93,-0.0,0,0,0,38.3,43.7,47.6,0.52,0.52,0.51
WELL,2019-11-08 14:00:00 EST,44.30782,-76.00858,285,30.0,29.8,24.9,62.5,18.7,0.000,0.000,0.00,0.000,4.3,8.9,1.5,292,40,4.8,9.5,1.6,299,38,4.8,9.5,1.6,299,38,231,29.93,-0.1,0,0,0,38.3,43.7,47.6,0.52,0.53,0.50
WELL,2019-11-08 14:05:00 EST,44.30782,-76.00858,285,29.7,29.6,23.6,59.7,17.4,0.000,0.000,0.00,0.000,5.4,11.8,1.9,322,33,5.9,10.4,2.0,333,31,5.9,10.4,2.0,333,31,106,29.93,-0.1,0,0,0,38.4,43.7,47.6,0.52,0.53,0.50
WELL,2019-11-08 14:10:00 EST,44.30782,-76.00858,285,29.6,29.5,29.6,62.7,18.5,0.000,0.000,0.00,0.000,2.5,6.9,1.7,331,39,3.0,8.5,1.8,345,40,3.0,8.5,1.8,345,40,81,29.93,-0.1,0,0,0,38.3,43.7,47.5,0.52,0.53,0.50
WELL,2019-11-08 14:15:00 EST,44.30782,-76.00858,285,29.6,29.5,23.7,61.0,17.8,0.000,0.000,0.00,0.000,5.3,11.2,1.8,304,29,5.5,11.6,1.9,315,29,5.5,11.6,1.9,315,29,90,29.93,-0.1,0,0,0,38.4,43.7,47.6,0.52,0.53,0.51
WELL,2019-11-08 14:20:00 EST,44.30782,-76.00858,285,29.8,29.7,26.2,60.7,17.8,0.000,0.000,0.00,0.000,3.1,6.4,1.3,315,25,3.5,8.3,1.5,326,23,3.5,8.3,1.5,326,23,129,29.93,-0.0,0,0,0,38.3,43.7,47.6,0.52,0.53,0.51
WELL,2019-11-08 14:25:00 EST,44.30782,-76.00858,285,30.4,30.2,26.3,61.7,18.8,0.000,0.000,0.00,0.000,3.4,9.8,2.3,327,25,3.9,10.6,2.3,335,28,3.9,10.6,2.3,335,28,177,29.93,-0.1,0,0,0,38.4,43.7,47.5,0.52,0.53,0.51
WELL,2019-11-08 14:30:00 EST,44.30782,-76.00858,285,30.6,30.3,25.9,60.3,18.5,0.000,0.000,0.00,0.000,4.0,11.4,2.2,292,38,4.6,13.2,2.3,297,36,4.6,13.2,2.3,297,36,253,29.93,-0.1,0,0,0,38.3,43.7,47.6,0.52,0.53,0.51
WELL,2019-11-08 14:35:00 EST,44.30782,-76.00858,285,30.9,30.6,26.8,58.7,18.1,0.000,0.000,0.00,0.000,3.6,6.9,1.6,328,36,4.0,9.3,1.7,338,35,4.0,9.3,1.7,338,35,255,29.93,-0.1,0,0,0,38.4,43.7,47.5,0.52,0.52,0.51
WELL,2019-11-08 14:40:00 EST,44.30782,-76.00858,285,31.1,30.8,25.5,57.5,17.8,0.000,0.000,0.00,0.000,4.9,9.1,1.8,349,22,5.6,10.7,2.1,359,15,5.6,10.7,2.1,359,15,262,29.93,-0.1,0,0,0,38.4,43.7,47.6,0.52,0.53,0.51
WELL,2019-11-08 14:45:00 EST,44.30782,-76.00858,285,30.9,30.7,24.6,57.6,17.7,0.000,0.000,0.00,0.000,6.0,11.1,1.5,325,25,6.5,12.0,1.8,337,22,6.5,12.0,1.8,337,22,208,29.93,-0.1,0,0,0,38.3,43.7,47.5,0.52,0.52,0.51
WELL,2019-11-08 14:50:00 EST,44.30782,-76.00858,285,30.9,30.7,26.1,57.1,17.5,0.000,0.000,0.00,0.000,4.2,10.6,2.8,297,28,4.7,10.1,2.7,312,33,4.7,10.1,2.7,312,33,176,29.93,-0.1,0,0,0,38.4,43.7,47.5,0.51,0.53,0.51
WELL,2019-11-08 14:55:00 EST,44.30782,-76.00858,285,30.8,30.6,30.8,59.3,18.3,0.000,0.000,0.00,0.000,2.1,9.4,1.8,320,43,2.8,10.9,1.8,334,51,2.8,10.9,1.8,334,51,68,29.93,-0.1,0,0,0,38.4,43.6,47.5,0.52,0.53,0.50
WELL,2019-11-08 15:00:00 EST,44.30782,-76.00858,285,30.3,30.2,25.4,57.8,17.2,0.000,0.000,0.00,0.000,4.2,9.9,2.3,339,33,4.6,11.3,2.5,346,29,4.6,11.3,2.5,346,29,139,29.93,-0.1,0,0,0,38.3,43.5,47.5,0.51,0.53,0.50
WELL,2019-11-08 15:05:00 EST,44.30782,-76.00858,285,30.8,30.5,30.8,59.0,18.1,0.000,0.000,0.00,0.000,2.1,6.4,1.6,311,41,2.6,6.9,1.5,319,41,2.6,6.9,1.5,319,41,195,29.93,-0.1,0,0,0,38.4,43.5,47.5,0.52,0.53,0.51
WELL,2019-11-08 15:10:00 EST,44.30782,-76.00858,285,31.0,30.7,27.0,56.3,17.2,0.000,0.000,0.00,0.000,3.5,9.2,2.3,320,37,3.9,9.8,2.2,335,35,3.9,9.8,2.2,335,35,200,29.93,-0.1,0,0,0,38.4,43.6,47.6,0.52,0.53,0.51
WELL,2019-11-08 15:15:00 EST,44.30782,-76.00858,285,31.0,30.8,25.1,54.4,16.5,0.000,0.000,0.00,0.000,5.5,11.1,2.5,342,26,6.0,12.8,2.9,351,19,6.0,12.8,2.9,351,19,196,29.93,-0.1,0,0,0,38.4,43.5,47.5,0.52,0.53,0.51
WELL,2019-11-08 15:20:00 EST,44.30782,-76.00858,285,30.8,30.7,24.9,53.7,16.0,0.000,0.000,0.00,0.000,5.6,10.4,1.9,341,25,5.9,12.5,2.3,351,18,5.9,12.5,2.3,351,18,133,29.93,-0.1,0,0,0,38.4,43.5,47.6,0.52,0.53,0.50
WELL,2019-11-08 15:25:00 EST,44.30782,-76.00858,285,30.7,30.7,24.0,53.7,15.9,0.000,0.000,0.00,0.000,6.5,11.8,2.3,338,24,7.0,12.2,2.4,348,23,7.0,12.2,2.4,348,23,113,29.93,-0.1,0,0,0,38.4,43.6,47.5,0.52,0.53,0.50
WELL,2019-11-08 15:30:00 EST,44.30782,-76.00858,285,30.5,30.5,27.6,55.4,16.4,0.000,0.000,0.00,0.000,2.7,6.4,1.7,319,47,3.0,7.0,1.7,324,47,3.0,7.0,1.7,324,47,73,29.94,-0.1,0,0,0,38.4,43.5,47.4,0.52,0.53,0.51
WELL,2019-11-08 15:35:00 EST,44.30782,-76.00858,285,30.4,30.4,27.2,55.6,16.4,0.000,0.000,0.00,0.000,2.6,7.3,1.7,339,31,3.2,8.0,1.7,349,23,3.2,8.0,1.7,349,23,91,29.94,-0.1,0,0,0,38.4,43.5,47.4,0.52,0.53,0.51
WELL,2019-11-08 15:40:00 EST,44.30782,-76.00858,285,30.5,30.4,30.5,56.9,17.0,0.000,0.000,0.00,0.000,1.8,4.1,0.9,332,36,2.0,3.7,0.8,344,34,2.0,3.7,0.8,344,34,112,29.94,-0.1,0,0,0,38.4,43.5,47.4,0.52,0.53,0.51
WELL,2019-11-08 15:45:00 EST,44.30782,-76.00858,285,30.6,30.5,26.8,55.1,16.4,0.000,0.000,0.00,0.000,3.2,7.2,1.7,346,22,3.7,8.4,1.8,354,19,3.7,8.4,1.8,354,19,112,29.94,-0.1,0,0,0,38.4,43.5,47.4,0.52,0.53,0.51
WELL,2019-11-08 15:50:00 EST,44.30782,-76.00858,285,30.7,30.6,27.7,55.0,16.4,0.000,0.000,0.00,0.000,2.8,7.2,1.6,342,26,3.1,7.7,1.8,353,19,3.1,7.7,1.8,353,19,119,29.94,-0.1,0,0,0,38.4,43.5,47.4,0.52,0.53,0.51
WELL,2019-11-08 15:55:00 EST,44.30782,-76.00858,285,30.6,30.6,30.6,54.4,16.1,0.000,0.000,0.00,0.000,2.5,5.1,1.1,317,25,2.8,5.6,1.2,324,22,2.8,5.6,1.2,324,22,51,29.94,-0.1,0,0,0,38.4,43.5,47.4,0.52,0.53,0.51
WELL,2019-11-08 16:00:00 EST,44.30782,-76.00858,285,30.3,30.4,30.3,56.3,16.6,0.000,0.000,0.00,0.000,1.5,4.5,1.2,326,22,1.8,4.6,1.2,339,22,1.8,4.6,1.2,339,22,49,29.94,-0.1,0,0,0,38.4,43.5,47.4,0.52,0.53,0.51
WELL,2019-11-08 16:05:00 EST,44.30782,-76.00858,285,30.3,30.3,30.3,56.3,16.6,0.000,0.000,0.00,0.000,0.7,2.0,0.6,348,34,1.1,2.6,0.7,347,44,1.1,2.6,0.7,347,44,69,29.94,-0.1,0,0,0,38.4,43.5,47.4,0.52,0.53,0.51
WELL,2019-11-08 16:10:00 EST,44.30782,-76.00858,285,30.5,30.4,30.5,55.7,16.5,0.000,0.000,0.00,0.000,0.4,2.0,0.5,289,27,0.8,2.7,0.7,276,39,0.8,2.7,0.7,276,39,71,29.94,-0.1,0,0,0,38.5,43.5,47.5,0.52,0.53,0.51
WELL,2019-11-08 16:15:00 EST,44.30782,-76.00858,285,30.6,30.4,30.6,57.1,17.2,0.000,0.000,0.00,0.000,0.0,0.3,0.0,178,14,0.3,2.3,0.5,181,34,0.3,2.3,0.5,181,34,48,29.94,-0.1,0,0,0,38.4,43.5,47.4,0.51,0.53,0.51
WELL,2019-11-08 16:20:00 EST,44.30782,-76.00858,285,30.2,30.2,30.2,56.8,16.7,0.000,0.000,0.00,0.000,1.0,2.4,0.6,302,41,1.4,3.0,0.6,310,41,1.4,3.0,0.6,310,41,35,29.94,-0.1,0,0,0,38.4,43.5,47.4,0.51,0.52,0.51
WELL,2019-11-08 16:25:00 EST,44.30782,-76.00858,285,30.0,30.2,30.0,57.0,16.5,0.000,0.000,0.00,0.000,1.5,3.1,0.6,334,23,1.7,3.3,0.7,344,23,1.7,3.3,0.7,344,23,28,29.94,-0.1,0,0,0,38.4,43.5,47.4,0.51,0.53,0.51
WELL,2019-11-08 16:30:00 EST,44.30782,-76.00858,285,30.0,30.2,30.0,56.6,16.4,0.000,0.000,0.00,0.000,0.6,2.1,0.6,331,10,1.0,2.7,0.8,341,13,1.0,2.7,0.8,341,13,19,29.94,-0.2,0,0,0,38.4,43.5,47.4,0.51,0.52,0.51
WELL,2019-11-08 16:35:00 EST,44.30782,-76.00858,285,29.0,29.9,29.0,64.7,18.5,0.000,0.000,0.00,0.000,0.0,0.6,0.1,312,0,0.4,1.1,0.4,292,16,0.4,1.1,0.4,292,16,13,29.95,-0.2,0,0,0,38.3,43.5,47.4,0.52,0.53,0.51
WELL,2019-11-08 16:40:00 EST,44.30782,-76.00858,285,28.8,29.8,28.8,65.8,18.8,0.000,0.000,0.00,0.000,0.0,0.0,0.0,0,0,0.1,1.0,0.3,334,11,0.1,1.0,0.3,334,11,9,29.95,-0.2,0,0,0,38.1,43.5,47.4,0.52,0.53,0.51
WELL,2019-11-08 16:45:00 EST,44.30782,-76.00858,285,28.2,29.6,28.2,67.7,18.9,0.000,0.000,0.00,0.000,0.0,0.0,0.0,0,0,0.0,0.0,0.0,0,0,0.0,0.0,0.0,0,0,7,29.95,-0.2,0,0,0,38.1,43.5,47.4,0.52,0.53,0.50
WELL,2019-11-08 16:50:00 EST,44.30782,-76.00858,285,28.2,29.5,28.2,65.9,18.3,0.000,0.000,0.00,0.000,0.1,1.1,0.3,33,2,0.4,1.3,0.5,40,4,0.4,1.3,0.5,40,4,4,29.95,-0.2,0,0,0,38.1,43.5,47.3,0.52,0.53,0.51
WELL,2019-11-08 16:55:00 EST,44.30782,-76.00858,285,28.0,29.5,28.0,67.7,18.7,0.000,0.000,0.00,0.000,1.0,1.4,0.2,31,7,1.3,1.6,0.2,38,8,1.3,1.6,0.2,38,8,3,29.95,-0.2,0,0,0,38.1,43.5,47.5,0.52,0.53,0.50
WELL,2019-11-08 17:00:00 EST,44.30782,-76.00858,285,27.5,29.5,27.5,67.7,18.2,0.000,0.000,0.00,0.000,0.9,1.6,0.3,25,8,1.2,2.1,0.2,34,10,1.2,2.1,0.2,34,10,1,29.95,-0.2,0,0,0,38.1,43.5,47.4,0.52,0.53,0.51
WELL,2019-11-08 17:05:00 EST,44.30782,-76.00858,285,26.2,28.2,26.2,74.8,19.3,0.000,0.000,0.00,0.000,0.4,1.2,0.3,14,7,1.0,1.5,0.3,22,15,1.0,1.5,0.3,22,15,0,29.95,-0.1,0,0,0,38.0,43.5,47.3,0.52,0.53,0.51
WELL,2019-11-08 17:10:00 EST,44.30782,-76.00858,285,26.2,27.6,26.2,79.1,20.6,0.000,0.000,0.00,0.000,0.1,1.2,0.3,35,1,0.2,1.5,0.5,39,2,0.2,1.5,0.5,39,2,0,29.95,-0.1,0,0,0,38.0,43.5,47.3,0.52,0.53,0.51
WELL,2019-11-08 17:15:00 EST,44.30782,-76.00858,285,26.1,27.5,26.1,81.0,21.1,0.000,0.000,0.00,0.000,0.6,1.3,0.4,67,8,1.1,2.0,0.5,73,11,1.1,2.0,0.5,73,11,0,29.95,-0.1,0,0,0,38.0,43.5,47.4,0.52,0.53,0.51
WELL,2019-11-08 17:20:00 EST,44.30782,-76.00858,285,25.8,27.4,25.8,81.9,21.0,0.000,0.000,0.00,0.000,0.2,1.2,0.3,67,3,0.7,1.8,0.6,73,6,0.7,1.8,0.6,73,6,0,29.95,-0.1,0,0,0,37.9,43.5,47.4,0.52,0.53,0.51
WELL,2019-11-08 17:25:00 EST,44.30782,-76.00858,285,25.3,27.1,25.3,83.6,21.1,0.000,0.000,0.00,0.000,0.5,1.2,0.4,65,2,1.0,1.9,0.5,68,8,1.0,1.9,0.5,68,8,0,29.96,-0.1,0,0,0,37.8,43.5,47.3,0.52,0.53,0.50
WELL,2019-11-08 17:30:00 EST,44.30782,-76.00858,285,25.5,27.0,25.5,83.2,21.1,0.000,0.000,0.00,0.000,0.0,0.0,0.0,0,0,0.2,1.1,0.4,93,11,0.2,1.1,0.4,93,11,0,29.96,-0.1,0,0,0,37.8,43.5,47.4,0.52,0.53,0.50
WELL,2019-11-08 17:35:00 EST,44.30782,-76.00858,285,24.4,26.3,24.4,86.4,20.9,0.000,0.000,0.00,0.000,0.1,0.5,0.2,70,16,0.7,1.4,0.5,89,18,0.7,1.4,0.5,89,18,0,29.96,-0.1,0,0,0,37.7,43.5,47.4,0.52,0.53,0.50
WELL,2019-11-08 17:40:00 EST,44.30782,-76.00858,285,24.2,26.6,24.2,88.6,21.3,0.000,0.000,0.00,0.000,0.1,2.0,0.4,350,3,0.6,2.9,0.6,350,16,0.6,2.9,0.6,350,16,0,29.96,-0.1,0,0,0,37.7,43.5,47.4,0.52,0.53,0.51
WELL,2019-11-08 17:45:00 EST,44.30782,-76.00858,285,24.2,26.1,24.2,90.1,21.8,0.000,0.000,0.00,0.000,0.0,0.7,0.1,107,1,0.3,1.3,0.5,103,14,0.3,1.3,0.5,103,14,0,29.96,-0.1,0,0,0,37.7,43.5,47.3,0.52,0.53,0.51
WELL,2019-11-08 17:50:00 EST,44.30782,-76.00858,285,24.3,26.3,24.3,90.9,22.1,0.000,0.000,0.00,0.000,0.0,0.0,0.0,0,0,0.0,0.8,0.1,85,1,0.0,0.8,0.1,85,1,0,29.96,-0.1,0,0,0,37.7,43.5,47.3,0.52,0.53,0.50
WELL,2019-11-08 17:55:00 EST,44.30782,-76.00858,285,23.6,26.1,23.6,91.2,21.5,0.000,0.000,0.00,0.000,0.0,0.0,0.0,0,0,0.0,0.7,0.1,118,0,0.0,0.7,0.1,118,0,0,29.96,-0.1,0,0,0,37.6,43.5,47.3,0.52,0.53,0.51
WELL,2019-11-08 18:00:00 EST,44.30782,-76.00858,285,23.8,26.3,23.8,91.9,21.8,0.000,0.000,0.00,0.000,0.0,0.0,0.0,0,0,0.1,0.8,0.2,95,4,0.1,0.8,0.2,95,4,0,29.96,-0.1,0,0,0,37.5,43.5,47.4,0.52,0.52,0.51
WELL,2019-11-08 18:05:00 EST,44.30782,-76.00858,285,23.0,25.3,23.0,92.4,21.1,0.000,0.000,0.00,0.000,0.0,0.0,0.0,0,0,0.0,0.7,0.2,37,20,0.0,0.7,0.2,37,20,0,29.96,-0.1,0,0,0,37.4,43.5,47.4,0.52,0.53,0.50
WELL,2019-11-08 18:10:00 EST,44.30782,-76.00858,285,23.2,25.9,23.2,92.6,21.4,0.000,0.000,0.00,0.000,0.0,0.0,0.0,0,0,0.0,0.0,0.0,0,0,0.0,0.0,0.0,0,0,0,29.96,-0.0,0,0,0,37.4,43.5,47.3,0.52,0.53,0.50
WELL,2019-11-08 18:15:00 EST,44.30782,-76.00858,285,23.2,25.8,23.2,92.4,21.3,0.000,0.000,0.00,0.000,0.0,0.0,0.0,0,0,0.0,0.0,0.0,0,0,0.0,0.0,0.0,0,0,0,29.96,-0.1,0,0,0,37.3,43.5,47.4,0.52,0.53,0.50
WELL,2019-11-08 18:20:00 EST,44.30782,-76.00858,285,22.9,25.6,22.9,92.8,21.1,0.000,0.000,0.00,0.000,0.2,1.0,0.3,40,7,0.8,1.3,0.4,53,18,0.8,1.3,0.4,53,18,0,29.96,-0.1,0,0,0,37.4,43.5,47.4,0.52,0.53,0.50
WELL,2019-11-08 18:25:00 EST,44.30782,-76.00858,285,22.3,25.0,22.3,93.2,20.6,0.000,0.000,0.00,0.000,1.0,4.0,1.6,191,5,1.4,4.3,1.6,201,27,1.4,4.3,1.6,201,27,0,29.96,-0.1,0,0,0,37.3,43.5,47.3,0.52,0.53,0.50
WELL,2019-11-08 18:30:00 EST,44.30782,-76.00858,285,22.3,25.0,22.3,91.7,20.3,0.000,0.000,0.00,0.000,1.3,3.6,0.8,201,14,1.6,4.0,0.8,211,15,1.6,4.0,0.8,211,15,0,29.96,-0.0,0,0,0,37.3,43.5,47.3,0.51,0.53,0.51
WELL,2019-11-08 18:35:00 EST,44.30782,-76.00858,285,22.6,25.0,22.6,89.3,19.9,0.000,0.000,0.00,0.000,0.4,1.3,0.5,229,8,0.6,1.6,0.6,243,9,0.6,1.6,0.6,243,9,0,29.96,-0.1,0,0,0,37.3,43.5,47.3,0.51,0.53,0.51
WELL,2019-11-08 18:40:00 EST,44.30782,-76.00858,285,22.4,25.1,22.4,89.6,19.8,0.000,0.000,0.00,0.000,0.3,1.2,0.4,30,19,0.5,1.8,0.6,41,6,0.5,1.8,0.6,41,6,0,29.96,-0.1,0,0,0,37.2,43.5,47.3,0.51,0.53,0.51
WELL,2019-11-08 18:45:00 EST,44.30782,-76.00858,285,21.8,24.8,21.8,90.1,19.4,0.000,0.000,0.00,0.000,0.0,0.5,0.1,89,2,0.5,1.2,0.4,127,26,0.5,1.2,0.4,127,26,0,29.97,-0.0,0,0,0,37.2,43.5,47.3,0.51,0.53,0.51
WELL,2019-11-08 18:50:00 EST,44.30782,-76.00858,285,21.8,24.6,21.8,90.7,19.5,0.000,0.000,0.00,0.000,0.5,1.5,0.5,92,26,1.0,2.0,0.6,117,38,1.0,2.0,0.6,117,38,0,29.97,0.1,0,0,0,37.2,43.5,47.3,0.52,0.53,0.51
WELL,2019-11-08 18:55:00 EST,44.30782,-76.00858,285,22.4,24.1,22.4,91.1,20.2,0.000,0.000,0.00,0.000,0.2,1.2,0.4,89,19,0.6,1.7,0.5,73,36,0.6,1.7,0.5,73,36,0,29.97,-0.1,0,0,0,37.1,43.5,47.4,0.52,0.52,0.51
WELL,2019-11-08 19:00:00 EST,44.30782,-76.00858,285,22.4,24.1,22.4,90.8,20.2,0.000,0.000,0.00,0.000,0.1,1.2,0.2,160,25,0.3,1.6,0.5,148,32,0.3,1.6,0.5,148,32,0,29.97,-0.1,0,0,0,37.1,43.5,47.3,0.51,0.53,0.50
WELL,2019-11-08 19:05:00 EST,44.30782,-76.00858,285,22.0,24.8,22.0,91.0,19.7,0.000,0.000,0.00,0.000,0.7,2.4,0.6,225,15,1.1,3.5,0.8,230,18,1.1,3.5,0.8,230,18,0,29.97,-0.1,0,0,0,37.1,43.5,47.3,0.51,0.53,0.50
WELL,2019-11-08 19:10:00 EST,44.30782,-76.00858,285,21.4,25.0,21.4,91.3,19.3,0.000,0.000,0.00,0.000,1.3,3.4,0.9,217,37,1.6,4.0,0.8,227,39,1.6,4.0,0.8,227,39,0,29.97,0.0,0,0,0,37.1,43.5,47.3,0.52,0.53,0.50
WELL,2019-11-08 19:15:00 EST,44.30782,-76.00858,285,22.3,26.5,18.0,92.1,20.3,0.000,0.000,0.00,0.000,2.9,5.5,0.9,243,15,3.2,6.1,1.0,253,15,3.2,6.1,1.0,253,15,0,29.97,0.1,0,0,0,37.0,43.5,47.3,0.51,0.53,0.51
WELL,2019-11-08 19:20:00 EST,44.30782,-76.00858,285,25.4,28.6,17.8,87.9,22.3,0.000,0.000,0.00,0.000,6.4,13.3,2.7,239,12,6.6,13.1,2.6,248,11,6.6,13.1,2.6,248,11,0,29.97,0.3,0,0,0,36.8,43.5,47.4,0.51,0.53,0.51
WELL,2019-11-08 19:25:00 EST,44.30782,-76.00858,285,28.9,29.7,20.4,70.4,20.5,0.000,0.000,0.00,0.000,9.2,13.4,1.9,239,13,9.2,14.8,1.8,248,13,9.2,14.8,1.8,248,13,0,29.97,-0.0,0,0,0,36.9,43.5,47.3,0.51,0.53,0.51
WELL,2019-11-08 19:30:00 EST,44.30782,-76.00858,285,29.4,29.9,20.8,67.6,20.0,0.000,0.000,0.00,0.000,9.0,13.6,1.6,243,12,9.3,14.8,1.8,253,11,9.3,14.8,1.8,253,11,0,29.97,-0.1,0,0,0,36.8,43.5,47.3,0.51,0.53,0.50
WELL,2019-11-08 19:35:00 EST,44.30782,-76.00858,285,29.3,29.7,21.0,68.0,20.0,0.000,0.000,0.00,0.000,8.4,13.4,1.9,252,12,8.8,13.6,2.1,261,11,8.8,13.6,2.1,261,11,0,29.97,-0.0,0,0,0,36.8,43.5,47.3,0.51,0.53,0.51
WELL,2019-11-08 19:40:00 EST,44.30782,-76.00858,285,29.3,29.8,21.6,67.6,19.9,0.000,0.000,0.00,0.000,7.6,12.3,1.7,250,12,7.9,12.5,1.8,260,12,7.9,12.5,1.8,260,12,0,29.97,-0.0,0,0,0,36.8,43.5,47.3,0.51,0.53,0.51
WELL,2019-11-08 19:45:00 EST,44.30782,-76.00858,285,29.2,29.7,20.5,67.2,19.7,0.000,0.000,0.00,0.000,9.3,13.9,2.1,246,12,9.6,15.2,2.2,255,11,9.6,15.2,2.2,255,11,0,29.97,-0.0,0,0,0,36.8,43.4,47.3,0.51,0.53,0.51
WELL,2019-11-08 19:50:00 EST,44.30782,-76.00858,285,29.3,29.7,21.0,67.4,19.8,0.000,0.000,0.00,0.000,8.6,11.4,1.3,246,12,8.8,11.9,1.4,255,10,8.8,11.9,1.4,255,10,0,29.97,-0.0,0,0,0,36.8,43.4,47.2,0.51,0.53,0.50
WELL,2019-11-08 19:55:00 EST,44.30782,-76.00858,285,29.1,29.6,21.5,68.1,19.9,0.000,0.000,0.00,0.000,7.5,12.1,1.6,248,11,7.7,12.0,1.6,257,11,7.7,12.0,1.6,257,11,0,29.98,-0.0,0,0,0,36.8,43.4,47.3,0.51,0.53,0.50
WELL,2019-11-08 20:00:00 EST,44.30782,-76.00858,285,28.9,29.5,23.6,69.3,20.1,0.000,0.000,0.00,0.000,4.5,8.5,1.6,261,12,4.8,9.0,1.6,270,12,4.8,9.0,1.6,270,12,0,29.97,-0.1,0,0,0,36.7,43.4,47.3,0.51,0.53,0.50
WELL,2019-11-08 20:05:00 EST,44.30782,-76.00858,285,28.6,29.3,23.3,70.0,20.1,0.000,0.000,0.00,0.000,4.6,9.7,2.0,251,13,4.9,9.8,2.0,260,12,4.9,9.8,2.0,260,12,0,29.97,0.0,0,0,0,36.8,43.4,47.3,0.51,0.53,0.51
WELL,2019-11-08 20:10:00 EST,44.30782,-76.00858,285,28.7,29.2,23.4,70.1,20.2,0.000,0.000,0.00,0.000,4.5,6.2,0.8,246,12,4.8,6.6,0.9,255,11,4.8,6.6,0.9,255,11,0,29.97,-0.1,0,0,0,36.8,43.4,47.3,0.51,0.53,0.51
WELL,2019-11-08 20:15:00 EST,44.30782,-76.00858,285,28.5,29.1,22.9,70.7,20.2,0.000,0.000,0.00,0.000,4.9,9.0,1.4,245,9,5.2,9.7,1.5,253,8,5.2,9.7,1.5,253,8,0,29.97,-0.0,0,0,0,36.8,43.4,47.3,0.51,0.53,0.51
WELL,2019-11-08 20:20:00 EST,44.30782,-76.00858,285,28.4,29.0,23.1,71.1,20.2,0.000,0.000,0.00,0.000,4.4,6.4,0.8,249,10,4.7,6.8,0.8,258,9,4.7,6.8,0.8,258,9,0,29.97,-0.1,0,0,0,36.8,43.4,47.3,0.51,0.53,0.50
WELL,2019-11-08 20:25:00 EST,44.30782,-76.00858,285,28.5,29.0,21.8,71.7,20.5,0.000,0.000,0.00,0.000,6.1,13.0,1.9,249,18,6.3,13.2,1.9,258,17,6.3,13.2,1.9,258,17,0,29.97,-0.0,0,0,0,36.8,43.3,47.3,0.51,0.53,0.51
WELL,2019-11-08 20:30:00 EST,44.30782,-76.00858,285,28.2,28.8,22.0,72.3,20.4,0.000,0.000,0.00,0.000,5.3,8.8,1.4,243,11,5.6,10.0,1.4,253,11,5.6,10.0,1.4,253,11,0,29.98,-0.0,0,0,0,36.8,43.4,47.2,0.51,0.53,0.51
WELL,2019-11-08 20:35:00 EST,44.30782,-76.00858,285,28.2,28.8,21.6,72.7,20.6,0.000,0.000,0.00,0.000,5.9,9.0,1.1,253,11,6.2,9.3,1.1,262,9,6.2,9.3,1.1,262,9,0,29.98,-0.1,0,0,0,36.8,43.3,47.2,0.51,0.53,0.51
WELL,2019-11-08 20:40:00 EST,44.30782,-76.00858,285,28.1,28.7,21.2,72.8,20.5,0.000,0.000,0.00,0.000,6.3,10.5,1.7,240,12,6.5,10.3,1.6,250,12,6.5,10.3,1.6,250,12,0,29.97,-0.0,0,0,0,36.9,43.3,47.2,0.51,0.53,0.50
WELL,2019-11-08 20:45:00 EST,44.30782,-76.00858,285,28.0,28.5,21.7,72.8,20.4,0.000,0.000,0.00,0.000,5.6,8.8,1.2,248,11,5.8,9.4,1.3,256,11,5.8,9.4,1.3,256,11,0,29.97,-0.0,0,0,0,36.7,43.3,47.2,0.51,0.53,0.51
WELL,2019-11-08 20:50:00 EST,44.30782,-76.00858,285,27.9,28.5,21.1,73.6,20.6,0.000,0.000,0.00,0.000,6.1,10.4,1.4,247,12,6.4,10.2,1.5,255,11,6.4,10.2,1.5,255,11,0,29.97,0.0,0,0,0,36.8,43.3,47.3,0.51,0.53,0.50
WELL,2019-11-08 20:55:00 EST,44.30782,-76.00858,285,28.2,28.6,21.8,73.5,20.8,0.000,0.000,0.00,0.000,5.6,8.5,1.2,246,9,5.8,8.6,1.2,255,9,5.8,8.6,1.2,255,9,0,29.97,-0.0,0,0,0,36.8,43.3,47.2,0.51,0.53,0.51
WELL,2019-11-08 21:00:00 EST,44.30782,-76.00858,285,27.7,28.4,21.8,74.5,20.7,0.000,0.000,0.00,0.000,5.0,9.0,1.6,246,13,5.3,9.4,1.5,255,12,5.3,9.4,1.5,255,12,0,29.97,-0.0,0,0,0,36.9,43.3,47.2,0.51,0.52,0.51
WELL,2019-11-08 21:05:00 EST,44.30782,-76.00858,285,28.0,28.5,22.2,75.0,21.1,0.000,0.000,0.00,0.000,5.0,8.1,1.4,250,14,5.2,8.3,1.4,260,13,5.2,8.3,1.4,260,13,0,29.97,-0.0,0,0,0,36.8,43.3,47.2,0.51,0.53,0.50
WELL,2019-11-08 21:10:00 EST,44.30782,-76.00858,285,27.8,28.4,22.8,74.8,20.8,0.000,0.000,0.00,0.000,4.0,10.4,1.5,252,16,4.4,11.3,1.7,262,14,4.4,11.3,1.7,262,14,0,29.97,-0.1,0,0,0,36.8,43.3,47.1,0.51,0.53,0.51
WELL,2019-11-08 21:15:00 EST,44.30782,-76.00858,285,28.2,28.7,20.3,74.3,21.1,0.000,0.000,0.00,0.000,7.4,11.1,1.6,253,15,7.8,11.8,1.7,263,15,7.8,11.8,1.7,263,15,0,29.97,0.0,0,0,0,36.8,43.3,47.2,0.51,0.53,0.50
WELL,2019-11-08 21:20:00 EST,44.30782,-76.00858,285,28.4,28.7,20.4,72.8,20.8,0.000,0.000,0.00,0.000,7.6,12.1,2.0,254,16,8.1,14.0,2.1,265,14,8.1,14.0,2.1,265,14,0,29.98,0.0,0,0,0,36.8,43.3,47.2,0.51,0.53,0.51
WELL,2019-11-08 21:25:00 EST,44.30782,-76.00858,285,28.3,28.7,21.1,72.8,20.7,0.000,0.000,0.00,0.000,6.6,13.0,1.9,258,16,6.9,13.7,2.1,266,15,6.9,13.7,2.1,266,15,0,29.97,0.0,0,0,0,36.8,43.3,47.2,0.51,0.53,0.50
WELL,2019-11-08 21:30:00 EST,44.30782,-76.00858,285,28.4,28.8,20.2,73.1,20.9,0.000,0.000,0.00,0.000,8.1,12.6,1.8,262,18,8.5,13.8,1.9,271,16,8.5,13.8,1.9,271,16,0,29.97,0.0,0,0,0,36.8,43.3,47.2,0.51,0.53,0.50
WELL,2019-11-08 21:35:00 EST,44.30782,-76.00858,285,28.3,28.6,20.4,72.1,20.5,0.000,0.000,0.00,0.000,7.5,11.8,1.9,255,14,7.9,13.4,1.9,264,12,7.9,13.4,1.9,264,12,0,29.97,-0.0,0,0,0,36.8,43.3,47.2,0.51,0.53,0.50
WELL,2019-11-08 21:40:00 EST,44.30782,-76.00858,285,28.1,28.5,21.0,72.7,20.5,0.000,0.000,0.00,0.000,6.3,11.1,1.9,262,12,6.7,11.7,1.9,271,10,6.7,11.7,1.9,271,10,0,29.97,0.0,0,0,0,36.8,43.3,47.2,0.51,0.53,0.51
WELL,2019-11-08 21:45:00 EST,44.30782,-76.00858,285,28.3,28.5,20.2,72.4,20.5,0.000,0.000,0.00,0.000,7.9,12.2,1.8,259,15,8.2,14.0,2.1,270,14,8.2,14.0,2.1,270,14,0,29.97,-0.0,0,0,0,36.8,43.3,47.2,0.51,0.53,0.51
WELL,2019-11-08 21:50:00 EST,44.30782,-76.00858,285,28.0,28.4,20.0,72.8,20.4,0.000,0.000,0.00,0.000,7.6,12.7,2.6,270,17,8.0,14.1,2.8,278,13,8.0,14.1,2.8,278,13,0,29.97,-0.0,0,0,0,36.8,43.3,47.2,0.51,0.53,0.51
WELL,2019-11-08 21:55:00 EST,44.30782,-76.00858,285,28.0,28.3,18.9,72.4,20.2,0.000,0.000,0.00,0.000,9.2,14.5,2.3,260,15,9.6,15.7,2.4,269,13,9.6,15.7,2.4,269,13,0,29.97,0.1,0,0,0,36.9,43.3,47.2,0.51,0.53,0.51
WELL,2019-11-08 22:00:00 EST,44.30782,-76.00858,285,28.0,28.3,19.4,72.4,20.2,0.000,0.000,0.00,0.000,8.5,13.1,1.8,267,12,8.8,14.3,2.0,276,10,8.8,14.3,2.0,276,10,0,29.97,0.0,0,0,0,36.8,43.3,47.3,0.51,0.53,0.51
WELL,2019-11-08 22:05:00 EST,44.30782,-76.00858,285,27.9,28.2,18.4,72.7,20.3,0.000,0.000,0.00,0.000,10.0,14.9,1.9,262,14,10.4,17.1,2.3,270,11,10.4,17.1,2.3,270,11,0,29.97,0.0,0,0,0,36.8,43.3,47.3,0.51,0.53,0.50
WELL,2019-11-08 22:10:00 EST,44.30782,-76.00858,285,27.9,28.2,18.8,72.7,20.3,0.000,0.000,0.00,0.000,9.3,13.9,1.7,265,9,9.7,14.8,2.0,274,8,9.7,14.8,2.0,274,8,0,29.97,0.0,0,0,0,36.8,43.3,47.1,0.51,0.52,0.50
WELL,2019-11-08 22:15:00 EST,44.30782,-76.00858,285,27.9,28.1,18.5,72.9,20.3,0.000,0.000,0.00,0.000,9.6,13.4,2.2,265,12,10.2,15.1,2.5,274,10,10.2,15.1,2.5,274,10,0,29.97,0.0,0,0,0,36.8,43.3,47.2,0.51,0.53,0.51
WELL,2019-11-08 22:20:00 EST,44.30782,-76.00858,285,27.8,28.1,19.5,72.8,20.2,0.000,0.000,0.00,0.000,7.9,10.3,1.1,263,15,8.4,11.8,1.3,271,14,8.4,11.8,1.3,271,14,0,29.97,0.0,0,0,0,36.8,43.3,47.2,0.51,0.53,0.51
WELL,2019-11-08 22:25:00 EST,44.30782,-76.00858,285,27.7,28.0,19.4,72.6,20.1,0.000,0.000,0.00,0.000,8.0,14.5,1.6,265,13,8.4,15.6,1.8,275,13,8.4,15.6,1.8,275,13,0,29.97,-0.0,0,0,0,36.9,43.3,47.3,0.51,0.53,0.50
WELL,2019-11-08 22:30:00 EST,44.30782,-76.00858,285,27.6,27.9,19.4,73.3,20.2,0.000,0.000,0.00,0.000,7.7,10.7,1.4,264,14,8.1,12.1,1.5,274,13,8.1,12.1,1.5,274,13,0,29.97,0.0,0,0,0,36.8,43.3,47.3,0.51,0.53,0.50
WELL,2019-11-08 22:35:00 EST,44.30782,-76.00858,285,27.6,27.8,19.7,73.4,20.2,0.000,0.000,0.00,0.000,7.2,10.8,1.7,266,14,7.6,12.3,1.9,276,12,7.6,12.3,1.9,276,12,0,29.97,0.0,0,0,0,36.8,43.3,47.1,0.51,0.53,0.51
WELL,2019-11-08 22:40:00 EST,44.30782,-76.00858,285,27.3,27.6,20.2,74.1,20.2,0.000,0.000,0.00,0.000,6.2,9.9,1.5,259,14,6.5,10.7,1.6,268,13,6.5,10.7,1.6,268,13,0,29.97,0.0,0,0,0,36.8,43.3,47.2,0.51,0.53,0.51
WELL,2019-11-08 22:45:00 EST,44.30782,-76.00858,285,27.3,27.6,20.4,74.2,20.1,0.000,0.000,0.00,0.000,5.9,8.9,1.2,264,13,6.3,10.6,1.4,273,12,6.3,10.6,1.4,273,12,0,29.97,0.0,0,0,0,36.8,43.3,47.2,0.51,0.53,0.50
WELL,2019-11-08 22:50:00 EST,44.30782,-76.00858,285,27.3,27.6,20.5,74.2,20.2,0.000,0.000,0.00,0.000,5.9,9.5,1.6,267,15,6.1,10.8,1.8,276,13,6.1,10.8,1.8,276,13,0,29.97,0.0,0,0,0,36.7,43.3,47.2,0.51,0.53,0.50
WELL,2019-11-08 22:55:00 EST,44.30782,-76.00858,285,27.2,27.5,21.1,73.7,19.9,0.000,0.000,0.00,0.000,5.0,8.5,1.7,271,15,5.3,8.9,1.8,280,14,5.3,8.9,1.8,280,14,0,29.96,-0.0,0,0,0,36.8,43.3,47.1,0.51,0.53,0.50
WELL,2019-11-08 23:00:00 EST,44.30782,-76.00858,285,27.2,27.5,21.0,73.6,19.9,0.000,0.000,0.00,0.000,5.2,8.1,1.2,273,12,5.4,8.6,1.2,281,13,5.4,8.6,1.2,281,13,0,29.96,0.0,0,0,0,36.8,43.2,47.1,0.51,0.53,0.51
WELL,2019-11-08 23:05:00 EST,44.30782,-76.00858,285,27.1,27.5,20.5,73.9,19.9,0.000,0.000,0.00,0.000,5.6,9.9,1.7,282,14,5.9,10.6,1.8,291,13,5.9,10.6,1.8,291,13,0,29.96,-0.0,0,0,0,36.8,43.2,47.2,0.51,0.53,0.50
WELL,2019-11-08 23:10:00 EST,44.30782,-76.00858,285,26.9,27.2,22.8,74.5,19.8,0.000,0.000,0.00,0.000,3.3,5.7,0.7,272,15,3.5,6.0,0.8,282,14,3.5,6.0,0.8,282,14,0,29.96,0.0,0,0,0,36.8,43.2,47.1,0.51,0.53,0.50
WELL,2019-11-08 23:15:00 EST,44.30782,-76.00858,285,26.9,27.3,21.6,75.2,20.0,0.000,0.000,0.00,0.000,4.2,7.3,1.0,274,17,4.5,7.6,1.1,281,16,4.5,7.6,1.1,281,16,0,29.96,0.0,0,0,0,36.8,43.2,47.2,0.51,0.53,0.50
WELL,2019-11-08 23:20:00 EST,44.30782,-76.00858,285,26.9,27.2,21.5,74.8,20.0,0.000,0.000,0.00,0.000,4.2,8.4,1.1,272,17,4.6,8.3,1.3,281,16,4.6,8.3,1.3,281,16,0,29.96,0.0,0,0,0,36.8,43.2,47.3,0.51,0.53,0.51
WELL,2019-11-08 23:25:00 EST,44.30782,-76.00858,285,26.8,27.2,21.8,75.1,20.0,0.000,0.000,0.00,0.000,4.0,6.1,0.9,262,12,4.2,7.1,1.0,270,11,4.2,7.1,1.0,270,11,0,29.96,0.0,0,0,0,36.8,43.2,47.2,0.51,0.53,0.51
WELL,2019-11-08 23:30:00 EST,44.30782,-76.00858,285,26.6,27.1,20.7,74.8,19.7,0.000,0.000,0.00,0.000,4.8,7.7,1.2,273,15,5.1,7.5,1.2,281,14,5.1,7.5,1.2,281,14,0,29.96,0.1,0,0,0,36.8,43.2,47.2,0.51,0.53,0.50
WELL,2019-11-08 23:35:00 EST,44.30782,-76.00858,285,26.8,27.3,20.5,74.7,19.8,0.000,0.000,0.00,0.000,5.1,8.9,1.2,268,14,5.4,10.2,1.5,277,13,5.4,10.2,1.5,277,13,0,29.96,0.1,0,0,0,36.8,43.2,47.2,0.51,0.53,0.50
WELL,2019-11-08 23:40:00 EST,44.30782,-76.00858,285,26.8,27.2,20.7,74.0,19.6,0.000,0.000,0.00,0.000,4.8,7.7,1.1,263,11,5.2,8.0,1.1,272,11,5.2,8.0,1.1,272,11,0,29.96,0.1,0,0,0,36.7,43.2,47.2,0.51,0.53,0.51
WELL,2019-11-08 23:45:00 EST,44.30782,-76.00858,285,26.5,27.2,20.4,74.9,19.6,0.000,0.000,0.00,0.000,4.8,8.4,1.1,262,13,5.1,8.9,1.0,270,11,5.1,8.9,1.0,270,11,0,29.96,0.0,0,0,0,36.8,43.2,47.2,0.51,0.53,0.50
WELL,2019-11-08 23:50:00 EST,44.30782,-76.00858,285,26.9,27.4,20.3,73.9,19.7,0.000,0.000,0.00,0.000,5.6,8.3,1.1,261,11,5.9,9.1,1.3,271,9,5.9,9.1,1.3,271,9,0,29.96,0.0,0,0,0,36.8,43.2,47.2,0.51,0.53,0.50
WELL,2019-11-08 23:55:00 EST,44.30782,-76.00858,285,26.9,27.3,20.6,73.6,19.6,0.000,0.000,0.00,0.000,5.2,8.0,1.1,267,14,5.5,7.9,1.1,276,13,5.5,7.9,1.1,276,13,0,29.96,0.0,0,0,0,36.8,43.2,47.2,0.51,0.53,0.50
WEST,2019-11-08 00:00:00 EST,43.10647,-75.46146,655,26.4,27.0,26.4,91.4,24.3,0.000,0.073,0.00,0.000,1.7,2.0,0.2,98,8,2.0,2.6,0.3,102,10,2.0,2.6,0.3,102,10,0,29.40,-0.0,0,0,0,39.4,45.5,48.0,0.41,0.29,0.31
WEST,2019-11-08 00:05:00 EST,43.10647,-75.46146,655,26.2,26.9,26.2,92.0,24.2,0.000,0.000,0.00,0.000,2.0,2.4,0.2,99,6,2.4,2.8,0.3,100,8,2.4,2.8,0.3,100,8,0,29.39,0.0,0,0,0,39.4,45.5,47.8,0.41,0.29,0.31
WEST,2019-11-08 00:10:00 EST,43.10647,-75.46146,655,26.3,26.9,26.3,92.3,24.4,0.000,0.000,0.00,0.000,2.2,2.8,0.3,85,6,2.5,3.5,0.4,85,8,2.5,3.5,0.4,85,8,0,29.39,0.0,0,0,0,39.3,45.5,47.8,0.41,0.28,0.31
WEST,2019-11-08 00:15:00 EST,43.10647,-75.46146,655,26.4,26.8,26.4,93.1,24.7,0.000,0.000,0.00,0.000,1.6,2.6,0.4,82,11,2.0,3.2,0.5,82,16,2.0,3.2,0.5,82,16,0,29.39,0.0,0,0,0,39.2,45.5,47.9,0.41,0.28,0.31
WEST,2019-11-08 00:20:00 EST,43.10647,-75.46146,655,26.4,26.8,26.4,93.2,24.7,0.000,0.000,0.00,0.000,2.1,3.1,0.6,96,22,2.3,3.6,0.8,98,24,2.3,3.6,0.8,98,24,0,29.39,-0.0,0,0,0,39.2,45.5,47.8,0.41,0.29,0.31
WEST,2019-11-08 00:25:00 EST,43.10647,-75.46146,655,26.3,27.0,22.9,87.7,23.2,0.000,0.000,0.00,0.000,2.7,3.4,0.3,66,8,3.0,4.0,0.5,67,8,3.0,4.0,0.5,67,8,0,29.39,-0.0,0,0,0,39.2,45.5,47.8,0.41,0.28,0.31
WEST,2019-11-08 00:30:00 EST,43.10647,-75.46146,655,26.2,26.9,26.2,89.2,23.4,0.000,0.000,0.00,0.000,2.6,3.9,0.5,57,13,2.9,4.4,0.6,59,12,2.9,4.4,0.6,59,12,0,29.39,0.1,0,0,0,39.2,45.5,47.8,0.41,0.28,0.31
WEST,2019-11-08 00:35:00 EST,43.10647,-75.46146,655,26.3,26.8,22.8,87.4,23.0,0.000,0.000,0.00,0.000,3.1,4.2,0.4,44,7,3.0,4.4,0.5,47,5,3.0,4.4,0.5,47,5,0,29.39,0.0,0,0,0,39.2,45.5,47.8,0.41,0.29,0.31
WEST,2019-11-08 00:40:00 EST,43.10647,-75.46146,655,26.2,26.7,21.0,86.3,22.6,0.000,0.000,0.00,0.000,4.0,6.2,1.1,43,11,4.3,6.5,1.2,46,9,4.3,6.5,1.2,46,9,0,29.39,0.1,0,0,0,39.2,45.5,47.8,0.41,0.29,0.31
WEST,2019-11-08 00:45:00 EST,43.10647,-75.46146,655,26.0,26.4,21.3,85.2,22.2,0.000,0.000,0.00,0.000,3.5,5.4,1.0,32,16,3.9,6.9,1.1,34,14,3.9,6.9,1.1,34,14,0,29.39,0.1,0,0,0,39.2,45.5,47.8,0.41,0.28,0.31
WEST,2019-11-08 00:50:00 EST,43.10647,-75.46146,655,25.8,26.2,21.5,84.4,21.8,0.000,0.000,0.00,0.000,3.3,4.8,0.6,22,10,3.6,5.5,0.8,26,11,3.6,5.5,0.8,26,11,0,29.39,0.0,0,0,0,39.2,45.5,47.8,0.41,0.28,0.31
WEST,2019-11-08 00:55:00 EST,43.10647,-75.46146,655,25.7,26.0,25.7,85.1,21.9,0.000,0.000,0.00,0.000,2.3,3.4,0.5,32,10,2.4,3.9,0.4,36,8,2.4,3.9,0.4,36,8,0,29.39,0.0,0,0,0,39.2,45.5,47.8,0.41,0.28,0.31
WEST,2019-11-08 01:00:00 EST,43.10647,-75.46146,655,25.7,26.0,25.7,85.8,22.0,0.000,0.000,0.00,0.000,1.6,2.9,0.6,27,10,1.7,3.1,0.5,34,10,1.7,3.1,0.5,34,10,0,29.39,0.1,0,0,0,39.1,45.5,47.8,0.41,0.28,0.31
WEST,2019-11-08 01:05:00 EST,43.10647,-75.46146,655,25.9,26.0,25.9,86.8,22.5,0.000,0.000,0.00,0.000,0.6,1.4,0.4,2,20,0.9,1.8,0.6,4,19,0.9,1.8,0.6,4,19,0,29.39,0.1,0,0,0,39.0,45.5,47.8,0.41,0.28,0.31
WEST,2019-11-08 01:10:00 EST,43.10647,-75.46146,655,25.9,25.9,25.9,88.1,22.8,0.000,0.000,0.00,0.000,0.3,0.9,0.4,306,5,0.7,1.3,0.4,310,14,0.7,1.3,0.4,310,14,0,29.39,0.1,0,0,0,39.0,45.5,47.8,0.41,0.29,0.31
WEST,2019-11-08 01:15:00 EST,43.10647,-75.46146,655,25.9,26.0,25.9,87.9,22.8,0.000,0.000,0.00,0.000,0.2,0.9,0.3,313,0,0.5,1.1,0.4,319,9,0.5,1.1,0.4,319,9,0,29.39,0.1,0,0,0,39.0,45.5,47.8,0.41,0.29,0.31
WEST,2019-11-08 01:20:00 EST,43.10647,-75.46146,655,26.0,26.0,26.0,88.7,23.1,0.000,0.000,0.00,0.000,0.9,2.1,0.5,331,14,1.3,2.3,0.5,335,18,1.3,2.3,0.5,335,18,0,29.39,0.1,0,0,0,39.0,45.5,47.8,0.41,0.28,0.31
WEST,2019-11-08 01:25:00 EST,43.10647,-75.46146,655,25.9,26.0,25.9,88.6,23.0,0.000,0.000,0.00,0.000,1.2,2.6,0.4,3,17,1.7,3.1,0.5,8,15,1.7,3.1,0.5,8,15,0,29.39,0.1,0,0,0,39.0,45.5,47.8,0.41,0.28,0.31
WEST,2019-11-08 01:30:00 EST,43.10647,-75.46146,655,25.8,25.9,25.8,89.1,23.0,0.000,0.000,0.00,0.000,1.3,2.3,0.5,357,9,1.9,3.6,0.7,1,9,1.9,3.6,0.7,1,9,0,29.39,0.1,0,0,0,38.9,45.4,47.8,0.41,0.28,0.31
WEST,2019-11-08 01:35:00 EST,43.10647,-75.46146,655,25.8,25.9,21.8,87.1,22.5,0.000,0.000,0.00,0.000,2.7,3.9,0.6,357,11,3.4,5.6,0.8,3,8,3.4,5.6,0.8,3,8,0,29.39,0.1,0,0,0,38.8,45.3,47.8,0.41,0.29,0.31
WEST,2019-11-08 01:40:00 EST,43.10647,-75.46146,655,25.8,25.8,25.8,86.1,22.2,0.000,0.000,0.00,0.000,2.4,3.9,0.6,348,15,3.0,5.4,0.9,354,14,3.0,5.4,0.9,354,14,0,29.39,0.1,0,0,0,38.8,45.3,47.8,0.41,0.28,0.31
WEST,2019-11-08 01:45:00 EST,43.10647,-75.46146,655,25.8,25.8,25.8,86.2,22.3,0.000,0.000,0.00,0.000,2.2,3.7,0.7,345,16,2.7,5.1,1.0,351,18,2.7,5.1,1.0,351,18,0,29.39,0.1,0,0,0,38.8,45.3,47.8,0.41,0.28,0.31
WEST,2019-11-08 01:50:00 EST,43.10647,-75.46146,655,25.8,25.8,25.8,84.2,21.7,0.000,0.000,0.00,0.000,2.5,3.9,0.7,343,19,3.0,5.0,0.8,350,17,3.0,5.0,0.8,350,17,0,29.39,0.1,0,0,0,38.8,45.3,47.8,0.40,0.28,0.31
WEST,2019-11-08 01:55:00 EST,43.10647,-75.46146,655,25.8,25.8,20.2,85.2,21.9,0.000,0.000,0.00,0.000,3.8,7.1,1.2,347,17,4.6,9.3,1.8,353,15,4.6,9.3,1.8,353,15,0,29.40,0.1,0,0,0,38.8,45.3,47.8,0.41,0.28,0.31
WEST,2019-11-08 02:00:00 EST,43.10647,-75.46146,655,25.7,25.7,18.4,82.7,21.2,0.000,0.000,0.00,0.000,5.4,8.0,1.3,359,14,6.3,10.2,1.7,3,9,6.3,10.2,1.7,3,9,0,29.39,0.1,0,0,0,38.8,45.3,47.8,0.41,0.28,0.31
WEST,2019-11-08 02:05:00 EST,43.10647,-75.46146,655,25.6,25.6,19.6,81.2,20.6,0.000,0.000,0.00,0.000,4.3,8.2,1.6,10,13,5.0,9.3,1.8,13,11,5.0,9.3,1.8,13,11,0,29.39,0.1,0,0,0,38.8,45.3,47.8,0.41,0.28,0.31
WEST,2019-11-08 02:10:00 EST,43.10647,-75.46146,655,25.5,25.5,19.2,81.9,20.7,0.000,0.000,0.00,0.000,4.5,7.4,1.4,9,9,5.3,8.4,1.6,11,9,5.3,8.4,1.6,11,9,0,29.39,0.1,0,0,0,38.8,45.3,47.8,0.41,0.28,0.31
WEST,2019-11-08 02:15:00 EST,43.10647,-75.46146,655,25.4,25.4,21.1,83.2,21.0,0.000,0.000,0.00,0.000,3.0,5.4,0.9,3,16,3.5,6.8,1.1,6,14,3.5,6.8,1.1,6,14,0,29.39,0.1,0,0,0,38.8,45.3,47.8,0.41,0.28,0.31
WEST,2019-11-08 02:20:00 EST,43.10647,-75.46146,655,25.2,25.2,20.0,84.3,21.2,0.000,0.000,0.00,0.000,3.7,5.8,1.1,356,15,4.3,7.1,1.4,1,13,4.3,7.1,1.4,1,13,0,29.39,0.0,0,0,0,38.7,45.3,47.8,0.41,0.28,0.31
WEST,2019-11-08 02:25:00 EST,43.10647,-75.46146,655,25.1,25.1,20.8,85.8,21.4,0.000,0.000,0.00,0.000,2.8,6.1,1.4,353,18,3.5,7.2,1.7,357,15,3.5,7.2,1.7,357,15,0,29.39,0.1,0,0,0,38.7,45.3,47.8,0.41,0.28,0.31
WEST,2019-11-08 02:30:00 EST,43.10647,-75.46146,655,24.9,24.9,20.0,85.6,21.2,0.000,0.000,0.00,0.000,3.3,5.6,1.0,1,14,3.9,7.0,1.2,5,11,3.9,7.0,1.2,5,11,0,29.39,0.1,0,0,0,38.7,45.3,47.8,0.41,0.28,0.31
WEST,2019-11-08 02:35:00 EST,43.10647,-75.46146,655,24.9,24.9,24.9,88.5,22.0,0.000,0.000,0.00,0.000,1.9,3.6,0.8,335,22,2.1,4.3,0.8,341,23,2.1,4.3,0.8,341,23,0,29.39,0.0,0,0,0,38.7,45.3,47.8,0.41,0.28,0.31
WEST,2019-11-08 02:40:00 EST,43.10647,-75.46146,655,24.9,24.9,24.9,89.9,22.4,0.000,0.000,0.00,0.000,1.7,3.2,1.0,334,16,2.0,4.2,1.0,340,18,2.0,4.2,1.0,340,18,0,29.39,0.0,0,0,0,38.7,45.3,47.8,0.41,0.28,0.31
WEST,2019-11-08 02:45:00 EST,43.10647,-75.46146,655,24.8,24.8,24.8,89.4,22.1,0.000,0.000,0.00,0.000,2.4,4.4,0.9,325,15,2.5,5.6,0.9,332,18,2.5,5.6,0.9,332,18,0,29.39,0.0,0,0,0,38.7,45.3,47.7,0.41,0.29,0.31
WEST,2019-11-08 02:50:00 EST,43.10647,-75.46146,655,24.8,24.8,24.8,89.2,22.1,0.000,0.000,0.00,0.000,1.1,2.2,0.6,321,13,1.4,3.2,0.7,327,18,1.4,3.2,0.7,327,18,0,29.39,0.0,0,0,0,38.7,45.3,47.6,0.41,0.28,0.31
WEST,2019-11-08 02:55:00 EST,43.10647,-75.46146,655,24.8,24.8,24.8,89.0,22.0,0.000,0.000,0.00,0.000,1.4,3.1,0.6,322,18,1.7,3.3,0.6,326,21,1.7,3.3,0.6,326,21,0,29.39,0.0,0,0,0,38.7,45.2,47.6,0.41,0.28,0.31
WEST,2019-11-08 03:00:00 EST,43.10647,-75.46146,655,24.8,24.8,24.8,87.3,21.6,0.000,0.000,0.00,0.000,1.7,3.1,0.6,311,16,1.7,2.9,0.7,315,15,1.7,2.9,0.7,315,15,0,29.39,0.0,0,0,0,38.7,45.1,47.5,0.41,0.28,0.31
WEST,2019-11-08 03:05:00 EST,43.10647,-75.46146,655,24.8,24.8,24.8,86.4,21.3,0.000,0.000,0.00,0.000,1.3,2.3,0.5,318,15,1.4,2.6,0.5,322,15,1.4,2.6,0.5,322,15,0,29.39,0.0,0,0,0,38.7,45.1,47.5,0.41,0.28,0.31
WEST,2019-11-08 03:10:00 EST,43.10647,-75.46146,655,24.9,24.9,24.9,87.0,21.6,0.000,0.000,0.00,0.000,0.6,1.2,0.4,327,9,1.1,1.8,0.3,336,17,1.1,1.8,0.3,336,17,0,29.39,0.0,0,0,0,38.7,45.1,47.5,0.41,0.28,0.31
WEST,2019-11-08 03:15:00 EST,43.10647,-75.46146,655,25.0,24.9,25.0,86.8,21.6,0.000,0.000,0.00,0.000,1.0,1.6,0.3,334,15,1.3,2.6,0.4,339,21,1.3,2.6,0.4,339,21,0,29.39,0.0,0,0,0,38.7,45.1,47.5,0.41,0.28,0.31
WEST,2019-11-08 03:20:00 EST,43.10647,-75.46146,655,25.0,25.0,25.0,86.6,21.6,0.000,0.000,0.00,0.000,1.5,2.2,0.4,326,16,1.7,2.9,0.4,332,19,1.7,2.9,0.4,332,19,0,29.39,0.0,0,0,0,38.7,45.1,47.5,0.41,0.28,0.31
WEST,2019-11-08 03:25:00 EST,43.10647,-75.46146,655,25.0,25.0,25.0,86.6,21.6,0.000,0.000,0.00,0.000,2.1,3.0,0.4,312,13,2.1,3.8,0.4,315,13,2.1,3.8,0.4,315,13,0,29.39,0.0,0,0,0,38.7,45.1,47.5,0.41,0.28,0.31
WEST,2019-11-08 03:30:00 EST,43.10647,-75.46146,655,25.2,25.1,25.2,86.9,21.8,0.000,0.000,0.00,0.000,1.4,2.4,0.3,297,10,1.6,2.3,0.3,300,11,1.6,2.3,0.3,300,11,0,29.39,0.0,0,0,0,38.7,45.1,47.5,0.41,0.28,0.31
WEST,2019-11-08 03:35:00 EST,43.10647,-75.46146,655,25.2,25.2,25.2,86.6,21.8,0.000,0.000,0.00,0.000,2.4,4.6,0.8,301,14,2.4,4.9,0.8,306,14,2.4,4.9,0.8,306,14,0,29.39,0.0,0,0,0,38.7,45.1,47.5,0.41,0.28,0.31
WEST,2019-11-08 03:40:00 EST,43.10647,-75.46146,655,25.2,25.2,25.2,85.3,21.4,0.000,0.000,0.00,0.000,1.9,3.6,0.6,309,17,2.0,3.6,0.5,314,18,2.0,3.6,0.5,314,18,0,29.39,0.0,0,0,0,38.7,45.1,47.5,0.41,0.28,0.31
WEST,2019-11-08 03:45:00 EST,43.10647,-75.46146,655,25.1,25.1,21.2,84.9,21.3,0.000,0.000,0.00,0.000,2.8,8.2,1.8,328,16,3.3,9.6,1.9,335,17,3.3,9.6,1.9,335,17,0,29.40,-0.0,0,0,0,38.7,45.1,47.5,0.41,0.28,0.31
WEST,2019-11-08 03:50:00 EST,43.10647,-75.46146,655,24.8,24.8,17.9,80.6,19.6,0.000,0.000,0.00,0.000,5.1,8.0,1.1,323,17,5.7,9.4,1.2,328,16,5.7,9.4,1.2,328,16,0,29.39,-0.0,0,0,0,38.7,45.1,47.5,0.41,0.28,0.31
WEST,2019-11-08 03:55:00 EST,43.10647,-75.46146,655,24.5,24.6,24.5,78.1,18.7,0.000,0.000,0.00,0.000,2.7,5.0,1.1,297,10,2.8,5.9,1.2,302,11,2.8,5.9,1.2,302,11,0,29.39,-0.1,0,0,0,38.7,45.1,47.5,0.41,0.28,0.31
WEST,2019-11-08 04:00:00 EST,43.10647,-75.46146,655,24.2,24.6,19.1,79.7,18.9,0.000,0.000,0.00,0.000,3.8,6.0,0.9,316,13,4.0,6.8,1.1,322,14,4.0,6.8,1.1,322,14,0,29.40,-0.0,0,0,0,38.7,45.1,47.5,0.41,0.28,0.31
WEST,2019-11-08 04:05:00 EST,43.10647,-75.46146,655,24.1,24.4,24.1,79.7,18.7,0.000,0.000,0.00,0.000,2.7,4.3,0.7,301,11,2.7,4.7,0.7,305,10,2.7,4.7,0.7,305,10,0,29.40,-0.0,0,0,0,38.7,45.1,47.5,0.41,0.28,0.31
WEST,2019-11-08 04:10:00 EST,43.10647,-75.46146,655,23.9,24.2,23.9,80.5,18.8,0.000,0.000,0.00,0.000,3.0,4.1,0.5,306,11,2.9,4.6,0.6,310,9,2.9,4.6,0.6,310,9,0,29.40,-0.1,0,0,0,38.6,45.1,47.5,0.41,0.28,0.31
WEST,2019-11-08 04:15:00 EST,43.10647,-75.46146,655,23.6,24.0,23.6,82.7,19.1,0.000,0.000,0.00,0.000,2.0,3.8,0.6,297,18,2.2,4.0,0.6,300,20,2.2,4.0,0.6,300,20,0,29.40,0.0,0,0,0,38.6,45.1,47.5,0.41,0.28,0.31
WEST,2019-11-08 04:20:00 EST,43.10647,-75.46146,655,23.6,24.0,23.6,83.3,19.3,0.000,0.000,0.00,0.000,2.5,4.4,0.7,304,16,2.6,4.6,0.7,308,16,2.6,4.6,0.7,308,16,0,29.40,-0.0,0,0,0,38.6,45.0,47.5,0.41,0.28,0.31
WEST,2019-11-08 04:25:00 EST,43.10647,-75.46146,655,23.6,24.0,19.4,82.5,19.0,0.000,0.000,0.00,0.000,3.0,4.8,0.7,296,13,3.3,5.6,0.8,299,11,3.3,5.6,0.8,299,11,0,29.40,-0.1,0,0,0,38.5,45.0,47.5,0.41,0.28,0.31
WEST,2019-11-08 04:30:00 EST,43.10647,-75.46146,655,23.3,23.8,23.3,83.3,19.0,0.000,0.000,0.00,0.000,2.5,3.8,0.5,304,11,2.4,4.3,0.6,310,11,2.4,4.3,0.6,310,11,0,29.40,-0.0,0,0,0,38.5,45.0,47.5,0.41,0.28,0.31
WEST,2019-11-08 04:35:00 EST,43.10647,-75.46146,655,23.4,23.7,23.4,82.7,18.9,0.000,0.000,0.00,0.000,2.2,3.9,0.5,297,12,2.3,4.0,0.5,302,12,2.3,4.0,0.5,302,12,0,29.40,-0.0,0,0,0,38.5,45.0,47.5,0.41,0.28,0.31
WEST,2019-11-08 04:40:00 EST,43.10647,-75.46146,655,23.2,23.6,23.2,83.7,19.0,0.000,0.000,0.00,0.000,2.5,3.9,0.6,300,13,2.5,4.2,0.6,305,14,2.5,4.2,0.6,305,14,0,29.40,0.0,0,0,0,38.5,45.0,47.5,0.41,0.28,0.31
WEST,2019-11-08 04:45:00 EST,43.10647,-75.46146,655,23.0,23.4,23.0,83.6,18.8,0.000,0.000,0.00,0.000,2.5,4.1,0.7,297,10,2.6,4.7,0.8,301,10,2.6,4.7,0.8,301,10,0,29.40,-0.0,0,0,0,38.5,45.0,47.5,0.41,0.28,0.31
WEST,2019-11-08 04:50:00 EST,43.10647,-75.46146,655,22.9,23.4,17.6,82.1,18.3,0.000,0.000,0.00,0.000,3.6,5.1,0.7,295,10,4.0,6.8,0.9,298,8,4.0,6.8,0.9,298,8,0,29.40,-0.0,0,0,0,38.4,45.0,47.5,0.41,0.28,0.31
WEST,2019-11-08 04:55:00 EST,43.10647,-75.46146,655,22.6,23.1,17.5,82.7,18.1,0.000,0.000,0.00,0.000,3.4,5.7,0.9,295,14,3.8,7.3,1.1,298,11,3.8,7.3,1.1,298,11,0,29.40,-0.0,0,0,0,38.3,45.0,47.5,0.41,0.28,0.31
WEST,2019-11-08 05:00:00 EST,43.10647,-75.46146,655,22.6,23.1,17.4,82.9,18.1,0.000,0.000,0.00,0.000,3.5,5.4,0.7,294,10,3.8,5.7,0.9,298,9,3.8,5.7,0.9,298,9,0,29.41,0.0,0,0,0,38.3,45.0,47.5,0.41,0.28,0.31
WEST,2019-11-08 05:05:00 EST,43.10647,-75.46146,655,22.6,23.1,17.6,81.9,17.9,0.000,0.000,0.00,0.000,3.4,5.0,0.8,295,13,3.8,5.8,0.9,297,11,3.8,5.8,0.9,297,11,0,29.41,0.0,0,0,0,38.3,45.0,47.5,0.41,0.28,0.31
WEST,2019-11-08 05:10:00 EST,43.10647,-75.46146,655,22.4,22.9,17.4,83.1,18.0,0.000,0.000,0.00,0.000,3.2,5.6,0.9,294,11,3.7,5.9,1.0,296,9,3.7,5.9,1.0,296,9,0,29.41,0.0,0,0,0,38.3,45.0,47.5,0.41,0.28,0.31
WEST,2019-11-08 05:15:00 EST,43.10647,-75.46146,655,22.5,23.0,17.0,82.7,18.1,0.000,0.000,0.00,0.000,3.7,5.8,0.9,294,9,4.1,6.6,1.1,295,9,4.1,6.6,1.1,295,9,0,29.41,0.1,0,0,0,38.3,45.0,47.5,0.41,0.28,0.31
WEST,2019-11-08 05:20:00 EST,43.10647,-75.46146,655,22.9,23.1,17.5,82.1,18.2,0.000,0.000,0.00,0.000,3.6,6.5,1.2,289,12,4.1,7.4,1.3,292,10,4.1,7.4,1.3,292,10,0,29.41,0.1,0,0,0,38.3,45.0,47.5,0.41,0.28,0.31
WEST,2019-11-08 05:25:00 EST,43.10647,-75.46146,655,23.2,23.4,17.2,79.3,17.8,0.000,0.000,0.00,0.000,4.2,5.8,0.8,293,11,4.6,6.4,0.9,296,11,4.6,6.4,0.9,296,11,0,29.41,0.1,0,0,0,38.2,45.0,47.5,0.41,0.28,0.31
WEST,2019-11-08 05:30:00 EST,43.10647,-75.46146,655,23.3,23.4,18.3,79.3,17.8,0.000,0.000,0.00,0.000,3.4,6.1,1.0,297,15,3.7,6.8,1.1,301,15,3.7,6.8,1.1,301,15,0,29.41,0.1,0,0,0,38.1,45.0,47.5,0.41,0.28,0.31
WEST,2019-11-08 05:35:00 EST,43.10647,-75.46146,655,23.3,23.4,23.3,81.3,18.4,0.000,0.000,0.00,0.000,2.5,4.5,0.7,297,13,2.7,5.3,0.9,301,11,2.7,5.3,0.9,301,11,0,29.41,0.1,0,0,0,38.1,45.0,47.5,0.41,0.28,0.31
WEST,2019-11-08 05:40:00 EST,43.10647,-75.46146,655,23.4,23.5,18.4,81.1,18.5,0.000,0.000,0.00,0.000,3.5,6.6,1.4,291,14,3.8,8.3,1.6,295,12,3.8,8.3,1.6,295,12,0,29.41,0.1,0,0,0,38.1,44.9,47.5,0.41,0.28,0.31
WEST,2019-11-08 05:45:00 EST,43.10647,-75.46146,655,23.5,23.6,17.9,79.8,18.2,0.000,0.000,0.00,0.000,4.0,8.1,1.3,295,13,4.3,8.8,1.5,298,12,4.3,8.8,1.5,298,12,0,29.42,0.1,0,0,0,38.1,44.9,47.4,0.41,0.28,0.31
WEST,2019-11-08 05:50:00 EST,43.10647,-75.46146,655,23.6,23.6,16.0,78.5,17.9,0.000,0.000,0.00,0.000,5.8,11.8,2.1,306,16,6.2,13.1,2.1,308,16,6.2,13.1,2.1,308,16,0,29.42,0.1,0,0,0,38.1,44.9,47.4,0.41,0.28,0.31
WEST,2019-11-08 05:55:00 EST,43.10647,-75.46146,655,23.5,23.6,16.8,77.1,17.4,0.000,0.000,0.00,0.000,5.0,9.2,1.9,312,15,5.3,9.9,2.0,316,15,5.3,9.9,2.0,316,15,0,29.42,0.1,0,0,0,38.0,44.8,47.4,0.41,0.28,0.31
WEST,2019-11-08 06:00:00 EST,43.10647,-75.46146,655,23.4,23.5,15.2,77.4,17.4,0.000,0.000,0.00,0.000,6.4,12.4,1.9,301,16,7.0,13.6,1.8,304,15,7.0,13.6,1.8,304,15,0,29.42,0.1,0,0,0,38.1,44.8,47.3,0.41,0.28,0.31
WEST,2019-11-08 06:05:00 EST,43.10647,-75.46146,655,23.4,23.4,16.3,75.7,16.8,0.000,0.000,0.00,0.000,5.4,11.2,2.4,314,14,5.6,11.3,2.2,319,14,5.6,11.3,2.2,319,14,0,29.42,0.1,0,0,0,37.9,44.8,47.3,0.41,0.28,0.31
WEST,2019-11-08 06:10:00 EST,43.10647,-75.46146,655,23.4,23.4,16.7,75.2,16.7,0.000,0.000,0.00,0.000,5.0,9.9,2.2,305,15,5.2,10.8,2.2,308,14,5.2,10.8,2.2,308,14,0,29.43,0.0,0,0,0,37.9,44.8,47.3,0.41,0.28,0.31
WEST,2019-11-08 06:15:00 EST,43.10647,-75.46146,655,23.3,23.4,15.5,74.8,16.4,0.000,0.000,0.00,0.000,6.0,10.1,1.3,301,15,6.4,10.1,1.4,303,16,6.4,10.1,1.4,303,16,0,29.43,0.0,0,0,0,37.9,44.8,47.3,0.41,0.28,0.31
WEST,2019-11-08 06:20:00 EST,43.10647,-75.46146,655,23.2,23.3,14.3,74.6,16.3,0.000,0.000,0.00,0.000,7.0,13.1,2.1,297,12,7.8,14.3,2.2,299,12,7.8,14.3,2.2,299,12,0,29.43,0.0,0,0,0,37.9,44.8,47.3,0.41,0.28,0.31
WEST,2019-11-08 06:25:00 EST,43.10647,-75.46146,655,23.1,23.2,14.2,75.3,16.5,0.000,0.000,0.00,0.000,7.1,10.6,1.5,295,13,7.7,12.1,1.6,296,12,7.7,12.1,1.6,296,12,0,29.43,0.1,0,0,0,37.9,44.8,47.3,0.41,0.28,0.31
WEST,2019-11-08 06:30:00 EST,43.10647,-75.46146,655,23.0,23.1,14.0,75.8,16.5,0.000,0.000,0.00,0.000,7.2,12.6,2.0,297,12,7.9,13.9,2.3,300,12,7.9,13.9,2.3,300,12,0,29.43,0.1,0,0,0,37.9,44.8,47.3,0.41,0.28,0.31
WEST,2019-11-08 06:35:00 EST,43.10647,-75.46146,655,22.9,23.0,13.5,76.8,16.7,0.000,0.000,0.00,0.000,7.8,11.9,1.7,294,12,8.4,13.5,2.0,296,11,8.4,13.5,2.0,296,11,1,29.44,0.1,0,0,0,37.9,44.8,47.3,0.41,0.28,0.31
WEST,2019-11-08 06:40:00 EST,43.10647,-75.46146,655,22.8,22.9,13.7,77.3,16.8,0.000,0.000,0.00,0.000,7.3,12.7,1.8,292,12,8.0,13.4,2.0,295,11,8.0,13.4,2.0,295,11,2,29.44,0.1,0,0,0,37.9,44.8,47.3,0.41,0.28,0.31
WEST,2019-11-08 06:45:00 EST,43.10647,-75.46146,655,22.7,22.8,13.3,77.6,16.7,0.000,0.000,0.00,0.000,7.6,10.7,1.7,291,10,8.2,12.0,1.7,295,8,8.2,12.0,1.7,295,8,4,29.44,0.0,0,0,0,37.9,44.8,47.3,0.41,0.28,0.31
WEST,2019-11-08 06:50:00 EST,43.10647,-75.46146,655,22.6,22.7,13.0,78.4,16.8,0.000,0.000,0.00,0.000,7.7,10.4,1.5,285,12,8.5,12.4,1.8,287,11,8.5,12.4,1.8,287,11,6,29.45,0.1,0,0,0,37.9,44.8,47.3,0.41,0.28,0.31
WEST,2019-11-08 06:55:00 EST,43.10647,-75.46146,655,22.4,22.5,12.4,78.8,16.8,0.000,0.000,0.00,0.000,8.3,12.5,1.7,287,14,9.1,15.6,2.0,289,12,9.1,15.6,2.0,289,12,8,29.45,0.1,0,0,0,37.9,44.8,47.3,0.41,0.28,0.31
WEST,2019-11-08 07:00:00 EST,43.10647,-75.46146,655,22.2,22.4,12.1,80.2,17.0,0.000,0.000,0.00,0.000,8.2,11.8,1.3,287,10,9.1,12.8,1.5,288,8,9.1,12.8,1.5,288,8,12,29.45,0.0,0,0,0,37.9,44.8,47.3,0.41,0.28,0.31
WEST,2019-11-08 07:05:00 EST,43.10647,-75.46146,655,22.0,22.2,13.7,81.4,17.2,0.000,0.000,0.00,0.000,6.1,8.7,1.3,291,14,6.7,9.6,1.4,294,11,6.7,9.6,1.4,294,11,17,29.45,0.1,0,0,0,37.8,44.8,47.3,0.41,0.28,0.31
WEST,2019-11-08 07:10:00 EST,43.10647,-75.46146,655,21.9,22.1,14.3,82.9,17.5,0.000,0.000,0.00,0.000,5.3,9.4,1.3,296,16,5.9,11.0,1.5,299,14,5.9,11.0,1.5,299,14,21,29.46,0.1,0,0,0,37.8,44.8,47.3,0.41,0.28,0.31
WEST,2019-11-08 07:15:00 EST,43.10647,-75.46146,655,22.1,22.2,13.9,83.7,17.9,0.000,0.000,0.00,0.000,6.0,9.5,1.6,292,13,6.7,11.4,1.9,293,12,6.7,11.4,1.9,293,12,23,29.46,0.1,0,0,0,37.8,44.8,47.3,0.41,0.28,0.31
WEST,2019-11-08 07:20:00 EST,43.10647,-75.46146,655,22.2,22.2,15.0,84.5,18.3,0.000,0.000,0.00,0.000,5.3,8.3,1.4,299,13,5.6,9.3,1.5,302,12,5.6,9.3,1.5,302,12,23,29.46,0.1,0,0,0,37.8,44.7,47.3,0.41,0.28,0.31
WEST,2019-11-08 07:25:00 EST,43.10647,-75.46146,655,22.3,22.3,15.5,84.8,18.4,0.000,0.000,0.00,0.000,4.8,8.9,1.7,309,16,5.2,9.1,1.6,313,16,5.2,9.1,1.6,313,16,25,29.47,0.1,0,0,0,37.8,44.6,47.3,0.41,0.28,0.31
WEST,2019-11-08 07:30:00 EST,43.10647,-75.46146,655,22.3,22.4,15.1,85.3,18.6,0.000,0.000,0.00,0.000,5.2,9.6,1.6,306,18,5.6,10.9,2.0,310,18,5.6,10.9,2.0,310,18,31,29.47,0.1,0,0,0,37.7,44.6,47.3,0.41,0.28,0.31
WEST,2019-11-08 07:35:00 EST,43.10647,-75.46146,655,22.3,22.4,16.1,85.4,18.6,0.000,0.000,0.00,0.000,4.1,9.0,1.6,310,20,4.7,9.1,1.4,314,20,4.7,9.1,1.4,314,20,38,29.48,0.1,0,0,0,37.6,44.6,47.3,0.41,0.28,0.31
WEST,2019-11-08 07:40:00 EST,43.10647,-75.46146,655,22.4,22.4,15.5,85.7,18.7,0.000,0.000,0.00,0.000,4.9,10.8,1.9,314,22,5.3,10.9,2.0,321,20,5.3,10.9,2.0,321,20,39,29.48,0.1,0,0,0,37.6,44.6,47.3,0.41,0.28,0.31
WEST,2019-11-08 07:45:00 EST,43.10647,-75.46146,655,22.3,22.3,15.4,85.8,18.7,0.000,0.000,0.00,0.000,4.9,9.5,1.7,315,15,5.3,9.7,1.8,322,16,5.3,9.7,1.8,322,16,37,29.48,0.1,0,0,0,37.6,44.6,47.3,0.41,0.28,0.31
WEST,2019-11-08 07:50:00 EST,43.10647,-75.46146,655,22.1,22.2,17.0,86.2,18.6,0.000,0.000,0.00,0.000,3.5,6.9,1.7,315,15,3.7,7.6,1.7,320,17,3.7,7.6,1.7,320,17,41,29.49,0.1,0,0,0,37.6,44.6,47.3,0.41,0.28,0.31
WEST,2019-11-08 07:55:00 EST,43.10647,-75.46146,655,22.4,22.3,17.4,85.6,18.7,0.000,0.000,0.00,0.000,3.4,6.8,1.0,317,19,3.7,7.2,1.2,323,19,3.7,7.2,1.2,323,19,169,29.49,0.2,0,0,0,37.6,44.6,47.3,0.41,0.28,0.31
WEST,2019-11-08 08:00:00 EST,43.10647,-75.46146,655,22.9,22.7,16.5,83.6,18.7,0.000,0.000,0.00,0.000,4.3,7.2,1.1,306,24,4.9,8.6,1.5,309,25,4.9,8.6,1.5,309,25,127,29.49,0.1,0,0,0,37.6,44.6,47.3,0.41,0.28,0.31
WEST,2019-11-08 08:05:00 EST,43.10647,-75.46146,655,22.6,22.6,16.1,82.2,18.0,0.000,0.000,0.00,0.000,4.6,8.1,1.2,301,17,5.0,8.8,1.4,304,16,5.0,8.8,1.4,304,16,96,29.49,0.1,0,0,0,37.6,44.6,47.2,0.41,0.28,0.31
WEST,2019-11-08 08:10:00 EST,43.10647,-75.46146,655,22.6,22.5,14.5,81.0,17.7,0.000,0.000,0.00,0.000,6.0,8.4,1.1,288,12,6.7,10.1,1.4,289,11,6.7,10.1,1.4,289,11,184,29.49,0.1,0,0,0,37.6,44.6,47.2,0.41,0.28,0.31
WEST,2019-11-08 08:15:00 EST,43.10647,-75.46146,655,23.0,22.8,15.9,81.1,18.0,0.000,0.000,0.00,0.000,5.0,8.1,1.6,278,14,5.6,9.0,1.8,281,14,5.6,9.0,1.8,281,14,206,29.49,0.1,0,0,0,37.6,44.6,47.2,0.41,0.28,0.31
WEST,2019-11-08 08:20:00 EST,43.10647,-75.46146,655,22.9,22.7,15.4,79.8,17.6,0.000,0.000,0.00,0.000,5.8,9.4,1.7,296,20,6.1,10.4,1.9,299,21,6.1,10.4,1.9,299,21,204,29.49,0.1,0,0,0,37.6,44.6,47.2,0.41,0.28,0.31
WEST,2019-11-08 08:25:00 EST,43.10647,-75.46146,655,23.3,23.1,18.6,81.0,18.4,0.000,0.000,0.00,0.000,3.3,5.3,0.7,292,23,3.6,5.8,0.9,295,23,3.6,5.8,0.9,295,23,228,29.49,0.1,0,0,0,37.6,44.6,47.2,0.41,0.28,0.31
WEST,2019-11-08 08:30:00 EST,43.10647,-75.46146,655,23.3,23.0,16.1,79.1,17.8,0.000,0.000,0.00,0.000,5.1,7.3,1.4,280,14,5.7,8.4,1.5,282,14,5.7,8.4,1.5,282,14,243,29.50,0.1,0,0,0,37.6,44.6,47.1,0.41,0.28,0.31
WEST,2019-11-08 08:35:00 EST,43.10647,-75.46146,655,23.5,23.2,16.8,78.2,17.7,0.000,0.000,0.00,0.000,4.7,6.7,1.4,301,20,5.3,7.5,1.4,304,21,5.3,7.5,1.4,304,21,289,29.50,0.1,0,0,0,37.7,44.6,47.1,0.41,0.28,0.31
WEST,2019-11-08 08:40:00 EST,43.10647,-75.46146,655,23.5,23.2,16.9,77.9,17.6,0.000,0.000,0.00,0.000,4.7,7.9,1.1,280,22,5.1,8.6,1.2,284,21,5.1,8.6,1.2,284,21,162,29.50,0.1,0,0,0,37.8,44.6,47.1,0.41,0.28,0.31
WEST,2019-11-08 08:45:00 EST,43.10647,-75.46146,655,23.8,23.5,15.8,78.6,18.2,0.000,0.000,0.00,0.000,6.2,9.3,1.6,288,14,6.8,10.4,1.8,292,13,6.8,10.4,1.8,292,13,275,29.50,0.2,0,0,0,37.8,44.6,47.1,0.41,0.28,0.31
WEST,2019-11-08 08:50:00 EST,43.10647,-75.46146,655,24.0,23.6,16.8,77.3,17.9,0.000,0.000,0.00,0.000,5.2,8.7,1.7,290,15,5.9,9.7,1.8,292,13,5.9,9.7,1.8,292,13,286,29.50,0.1,0,0,0,37.8,44.5,47.1,0.41,0.28,0.31
WEST,2019-11-08 08:55:00 EST,43.10647,-75.46146,655,24.5,24.0,17.3,78.3,18.7,0.000,0.000,0.00,0.000,5.2,8.8,1.4,277,16,5.9,9.9,1.6,279,14,5.9,9.9,1.6,279,14,294,29.50,0.2,0,0,0,37.8,44.5,47.1,0.41,0.28,0.31
WEST,2019-11-08 09:00:00 EST,43.10647,-75.46146,655,24.4,24.1,15.5,76.3,18.0,0.000,0.000,0.00,0.000,7.4,9.8,1.2,274,12,8.2,10.9,1.4,277,12,8.2,10.9,1.4,277,12,249,29.50,0.2,0,0,0,37.8,44.4,47.1,0.41,0.28,0.31
WEST,2019-11-08 09:05:00 EST,43.10647,-75.46146,655,24.6,24.2,16.4,76.5,18.3,0.000,0.000,0.00,0.000,6.4,10.0,1.8,277,16,7.2,12.1,2.1,279,14,7.2,12.1,2.1,279,14,313,29.50,0.2,0,0,0,37.8,44.4,47.1,0.41,0.28,0.31
WEST,2019-11-08 09:10:00 EST,43.10647,-75.46146,655,24.8,24.3,16.1,75.0,18.0,0.000,0.000,0.00,0.000,7.1,11.6,2.0,289,14,7.9,12.7,2.2,292,12,7.9,12.7,2.2,292,12,332,29.50,0.2,0,0,0,37.8,44.4,47.1,0.41,0.28,0.31
WEST,2019-11-08 09:15:00 EST,43.10647,-75.46146,655,24.9,24.5,16.3,74.1,17.8,0.000,0.000,0.00,0.000,7.0,11.2,1.9,277,11,7.9,12.4,2.1,280,10,7.9,12.4,2.1,280,10,368,29.50,0.2,0,0,0,37.9,44.4,47.1,0.41,0.28,0.31
WEST,2019-11-08 09:20:00 EST,43.10647,-75.46146,655,25.3,25.0,18.7,75.9,18.8,0.000,0.000,0.00,0.000,5.0,12.3,2.2,301,23,5.6,13.5,2.4,304,22,5.6,13.5,2.4,304,22,181,29.50,0.1,0,0,0,37.9,44.4,47.1,0.41,0.28,0.31
WEST,2019-11-08 09:25:00 EST,43.10647,-75.46146,655,25.1,24.8,17.7,74.2,18.1,0.000,0.000,0.00,0.000,5.7,8.4,1.5,287,16,6.3,9.6,1.6,289,15,6.3,9.6,1.6,289,15,349,29.50,0.3,0,0,0,37.9,44.4,47.1,0.41,0.28,0.31
WEST,2019-11-08 09:30:00 EST,43.10647,-75.46146,655,25.2,24.8,15.7,73.1,17.8,0.000,0.000,0.00,0.000,8.5,11.8,1.7,283,17,9.3,13.0,1.8,285,17,9.3,13.0,1.8,285,17,262,29.50,0.2,0,0,0,37.9,44.4,47.1,0.41,0.28,0.31
WEST,2019-11-08 09:35:00 EST,43.10647,-75.46146,655,25.4,24.9,14.6,72.5,17.8,0.000,0.000,0.00,0.000,10.6,15.3,1.9,282,12,11.8,16.6,2.2,283,10,11.8,16.6,2.2,283,10,399,29.50,0.2,0,0,0,37.9,44.4,47.1,0.41,0.28,0.31
WEST,2019-11-08 09:40:00 EST,43.10647,-75.46146,655,25.7,25.2,17.1,72.9,18.2,0.000,0.000,0.00,0.000,7.6,14.5,1.8,304,16,8.1,16.1,2.0,306,17,8.1,16.1,2.0,306,17,406,29.50,0.1,0,0,0,38.0,44.4,47.1,0.41,0.28,0.31
WEST,2019-11-08 09:45:00 EST,43.10647,-75.46146,655,25.5,25.1,16.4,71.6,17.6,0.000,0.000,0.00,0.000,8.1,12.6,2.3,288,14,8.9,14.3,2.6,291,11,8.9,14.3,2.6,291,11,291,29.51,0.1,0,0,0,38.1,44.4,47.1,0.41,0.28,0.31
WEST,2019-11-08 09:50:00 EST,43.10647,-75.46146,655,25.9,25.3,19.0,72.5,18.2,0.000,0.000,0.00,0.000,5.4,11.3,2.1,291,22,5.9,12.6,2.3,293,22,5.9,12.6,2.3,293,22,440,29.51,0.2,0,0,0,38.1,44.4,47.1,0.41,0.28,0.31
WEST,2019-11-08 09:55:00 EST,43.10647,-75.46146,655,26.6,25.8,17.6,73.1,19.1,0.000,0.000,0.00,0.000,8.1,11.0,1.7,284,16,9.0,12.5,1.8,288,18,9.0,12.5,1.8,288,18,464,29.51,0.1,0,0,0,38.1,44.4,47.1,0.41,0.28,0.31
WEST,2019-11-08 10:00:00 EST,43.10647,-75.46146,655,26.2,25.6,16.8,72.4,18.5,0.000,0.000,0.00,0.000,8.6,14.0,2.2,276,11,9.6,15.9,2.3,278,11,9.6,15.9,2.3,278,11,367,29.51,0.2,0,0,0,38.3,44.4,47.1,0.41,0.28,0.31
WEST,2019-11-08 10:05:00 EST,43.10647,-75.46146,655,26.3,25.8,18.4,71.1,18.2,0.000,0.000,0.00,0.000,6.8,9.4,1.6,299,19,7.3,11.0,1.6,301,19,7.3,11.0,1.6,301,19,246,29.51,0.2,0,0,0,38.3,44.4,47.1,0.41,0.28,0.31
WEST,2019-11-08 10:10:00 EST,43.10647,-75.46146,655,26.1,25.7,16.0,71.8,18.2,0.000,0.000,0.00,0.000,9.8,13.7,2.3,288,11,10.6,15.0,2.5,291,9,10.6,15.0,2.5,291,9,277,29.50,0.2,0,0,0,38.4,44.4,47.1,0.41,0.28,0.31
WEST,2019-11-08 10:15:00 EST,43.10647,-75.46146,655,26.9,26.3,18.3,71.0,18.7,0.000,0.000,0.00,0.000,7.9,13.4,2.5,296,18,8.6,15.2,2.8,299,19,8.6,15.2,2.8,299,19,490,29.50,0.1,0,0,0,38.6,44.4,47.1,0.41,0.28,0.31
WEST,2019-11-08 10:20:00 EST,43.10647,-75.46146,655,26.4,25.9,16.7,71.4,18.4,0.000,0.000,0.00,0.000,9.1,12.5,1.9,279,13,10.1,13.5,2.1,281,12,10.1,13.5,2.1,281,12,189,29.51,0.2,0,0,0,38.7,44.4,47.1,0.41,0.28,0.31
WEST,2019-11-08 10:25:00 EST,43.10647,-75.46146,655,26.3,25.9,15.6,72.1,18.5,0.000,0.000,0.00,0.000,10.8,13.7,1.4,272,10,12.0,15.3,1.6,273,9,12.0,15.3,1.6,273,9,230,29.51,0.2,0,0,0,38.8,44.3,47.1,0.41,0.28,0.31
WEST,2019-11-08 10:30:00 EST,43.10647,-75.46146,655,27.2,26.6,17.5,71.7,19.3,0.000,0.000,0.00,0.000,9.7,15.1,2.1,282,11,10.7,16.0,2.4,285,10,10.7,16.0,2.4,285,10,423,29.51,0.1,0,0,0,38.9,44.3,47.1,0.41,0.28,0.31
WEST,2019-11-08 10:35:00 EST,43.10647,-75.46146,655,26.7,26.4,18.6,68.3,17.7,0.000,0.000,0.00,0.000,7.4,13.2,1.9,317,19,7.7,12.2,1.8,320,19,7.7,12.2,1.8,320,19,254,29.51,0.2,0,0,0,39.0,44.1,47.1,0.41,0.28,0.31
WEST,2019-11-08 10:40:00 EST,43.10647,-75.46146,655,27.4,26.8,18.6,69.0,18.6,0.000,0.000,0.00,0.000,8.4,12.6,1.9,303,14,9.0,13.4,2.0,307,16,9.0,13.4,2.0,307,16,517,29.51,0.2,0,0,0,39.1,44.1,47.1,0.41,0.28,0.31
WEST,2019-11-08 10:45:00 EST,43.10647,-75.46146,655,27.9,27.1,18.0,70.2,19.5,0.000,0.000,0.00,0.000,10.1,14.8,1.8,278,12,11.3,16.9,2.1,279,11,11.3,16.9,2.1,279,11,481,29.51,0.1,0,0,0,39.2,44.1,47.1,0.41,0.28,0.31
WEST,2019-11-08 10:50:00 EST,43.10647,-75.46146,655,27.6,26.8,17.7,67.8,18.3,0.000,0.000,0.00,0.000,10.2,16.0,1.9,283,13,11.1,16.9,2.2,285,11,11.1,16.9,2.2,285,11,399,29.51,0.1,0,0,0,39.2,44.1,47.1,0.41,0.28,0.31
WEST,2019-11-08 10:55:00 EST,43.10647,-75.46146,655,27.6,27.0,18.9,69.7,19.0,0.000,0.000,0.00,0.000,8.4,11.8,1.7,285,16,9.1,13.3,1.9,288,15,9.1,13.3,1.9,288,15,400,29.51,0.2,0,0,0,39.2,44.1,47.1,0.40,0.28,0.31
WEST,2019-11-08 11:00:00 EST,43.10647,-75.46146,655,27.9,27.4,20.3,71.3,19.8,0.000,0.000,0.00,0.000,6.5,12.2,2.3,289,18,7.3,14.2,2.4,290,15,7.3,14.2,2.4,290,15,184,29.51,0.1,0,0,0,39.4,44.1,47.1,0.40,0.28,0.31
WEST,2019-11-08 11:05:00 EST,43.10647,-75.46146,655,27.8,27.3,17.7,66.5,18.0,0.000,0.000,0.00,0.000,10.6,16.4,2.4,289,13,11.6,18.3,2.8,290,12,11.6,18.3,2.8,290,12,478,29.51,0.2,0,0,0,39.5,44.1,47.1,0.40,0.28,0.31
WEST,2019-11-08 11:10:00 EST,43.10647,-75.46146,655,28.1,27.6,19.3,66.5,18.4,0.000,0.000,0.00,0.000,8.8,14.4,2.3,301,15,9.3,15.7,2.4,304,15,9.3,15.7,2.4,304,15,329,29.51,0.1,0,0,0,39.6,44.1,47.0,0.40,0.28,0.31
WEST,2019-11-08 11:15:00 EST,43.10647,-75.46146,655,28.0,27.6,18.7,66.2,18.1,0.000,0.000,0.00,0.000,9.4,16.1,2.7,288,15,10.1,16.2,2.8,292,15,10.1,16.2,2.8,292,15,290,29.51,0.1,0,0,0,39.7,44.1,47.0,0.40,0.28,0.31
WEST,2019-11-08 11:20:00 EST,43.10647,-75.46146,655,28.2,27.7,17.7,64.0,17.6,0.000,0.000,0.00,0.000,11.5,19.1,3.2,289,15,12.6,20.9,3.4,292,13,12.6,20.9,3.4,292,13,368,29.51,0.0,0,0,0,39.8,44.1,47.0,0.40,0.28,0.31
WEST,2019-11-08 11:25:00 EST,43.10647,-75.46146,655,27.8,27.4,16.6,65.0,17.6,0.000,0.000,0.00,0.000,13.1,17.4,2.1,288,13,14.2,19.9,2.3,290,12,14.2,19.9,2.3,290,12,321,29.51,-0.0,0,0,0,39.9,44.1,46.9,0.40,0.28,0.31
WEST,2019-11-08 11:30:00 EST,43.10647,-75.46146,655,28.1,27.8,19.8,64.8,17.8,0.000,0.000,0.00,0.000,7.9,13.7,2.3,303,18,8.5,14.7,2.2,305,19,8.5,14.7,2.2,305,19,298,29.51,-0.1,0,0,0,40.0,44.1,46.9,0.41,0.28,0.31
WEST,2019-11-08 11:35:00 EST,43.10647,-75.46146,655,28.3,27.8,18.5,63.0,17.3,0.000,0.000,0.00,0.000,10.4,17.5,2.9,299,14,11.0,18.7,2.9,301,13,11.0,18.7,2.9,301,13,258,29.51,-0.0,0,0,0,40.1,44.1,46.9,0.41,0.28,0.31
WEST,2019-11-08 11:40:00 EST,43.10647,-75.46146,655,27.8,27.5,18.2,64.5,17.4,0.000,0.000,0.00,0.000,9.9,15.7,2.6,301,17,10.6,17.0,2.8,302,16,10.6,17.0,2.8,302,16,164,29.51,-0.1,0,0,0,40.2,44.1,46.9,0.41,0.28,0.31
WEST,2019-11-08 11:45:00 EST,43.10647,-75.46146,655,27.8,27.5,18.2,64.6,17.4,0.000,0.000,0.00,0.000,9.7,15.9,3.0,294,14,10.6,18.0,3.3,296,13,10.6,18.0,3.3,296,13,187,29.51,0.0,0,0,0,40.3,44.1,46.9,0.41,0.28,0.31
WEST,2019-11-08 11:50:00 EST,43.10647,-75.46146,655,28.1,27.8,18.8,66.4,18.3,0.000,0.000,0.00,0.000,9.2,19.4,3.2,291,17,10.2,20.5,3.4,293,16,10.2,20.5,3.4,293,16,193,29.51,-0.0,0,0,0,40.3,44.1,46.9,0.41,0.28,0.31
WEST,2019-11-08 11:55:00 EST,43.10647,-75.46146,655,28.0,27.7,17.5,64.2,17.5,0.000,0.000,0.00,0.000,11.8,22.1,3.7,286,15,12.6,25.4,4.0,287,14,12.6,25.4,4.0,287,14,267,29.51,-0.0,0,0,0,40.3,44.1,46.9,0.41,0.28,0.31
WEST,2019-11-08 12:00:00 EST,43.10647,-75.46146,655,28.4,27.9,17.5,66.0,18.5,0.000,0.000,0.00,0.000,12.4,19.8,2.7,282,11,13.6,22.2,3.1,283,10,13.6,22.2,3.1,283,10,485,29.50,0.0,0,0,0,40.4,44.1,46.9,0.41,0.28,0.31
WEST,2019-11-08 12:05:00 EST,43.10647,-75.46146,655,28.7,28.1,19.9,65.6,18.6,0.000,0.000,0.00,0.000,8.6,14.2,1.7,280,17,9.5,16.5,1.9,283,15,9.5,16.5,1.9,283,15,330,29.50,-0.0,0,0,0,40.5,44.1,46.9,0.41,0.28,0.31
WEST,2019-11-08 12:10:00 EST,43.10647,-75.46146,655,27.9,27.4,16.8,69.3,19.1,0.000,0.000,0.00,0.000,12.4,19.9,4.1,275,11,13.6,22.1,4.4,279,10,13.6,22.1,4.4,279,10,85,29.51,-0.2,0,0,0,40.5,44.0,46.9,0.40,0.28,0.31
WEST,2019-11-08 12:15:00 EST,43.10647,-75.46146,655,26.4,26.1,15.9,79.5,20.9,0.000,0.000,0.00,0.000,10.8,15.7,2.6,288,14,11.7,16.5,2.6,290,11,11.7,16.5,2.6,290,11,86,29.51,-0.2,0,0,0,40.5,44.0,46.9,0.41,0.28,0.31
WEST,2019-11-08 12:20:00 EST,43.10647,-75.46146,655,26.5,26.1,16.7,83.6,22.2,0.000,0.000,0.00,0.000,9.3,16.1,3.1,284,11,10.3,17.1,3.3,286,10,10.3,17.1,3.3,286,10,135,29.51,-0.1,0,0,0,40.5,44.0,46.9,0.41,0.28,0.31
WEST,2019-11-08 12:25:00 EST,43.10647,-75.46146,655,27.6,27.0,16.7,75.0,20.7,0.000,0.000,0.00,0.000,12.4,19.5,2.8,293,12,13.2,21.5,3.0,295,11,13.2,21.5,3.0,295,11,514,29.50,-0.1,0,0,0,40.5,44.0,46.9,0.41,0.28,0.31
WEST,2019-11-08 12:30:00 EST,43.10647,-75.46146,655,28.2,27.7,17.1,69.4,19.5,0.000,0.000,0.00,0.000,13.3,20.5,3.1,292,13,14.2,22.3,3.3,294,14,14.2,22.3,3.3,294,14,332,29.50,-0.0,0,0,0,40.5,44.0,46.9,0.41,0.28,0.31
WEST,2019-11-08 12:35:00 EST,43.10647,-75.46146,655,27.7,27.4,16.6,68.2,18.5,0.000,0.000,0.00,0.000,12.6,17.9,2.2,289,12,13.6,19.4,2.3,290,10,13.6,19.4,2.3,290,10,169,29.50,0.0,0,0,0,40.5,43.9,46.9,0.41,0.28,0.31
WEST,2019-11-08 12:40:00 EST,43.10647,-75.46146,655,28.3,27.6,17.7,71.7,20.3,0.000,0.000,0.00,0.000,11.8,20.8,3.8,288,12,12.7,22.1,4.0,290,12,12.7,22.1,4.0,290,12,630,29.51,0.0,0,0,0,40.5,44.0,46.9,0.41,0.28,0.31
WEST,2019-11-08 12:45:00 EST,43.10647,-75.46146,655,28.9,28.2,18.5,69.4,20.2,0.000,0.000,0.00,0.000,11.8,17.9,2.3,286,13,13.0,19.9,2.6,289,12,13.0,19.9,2.6,289,12,504,29.50,-0.0,0,0,0,40.5,44.0,46.9,0.41,0.28,0.31
WEST,2019-11-08 12:50:00 EST,43.10647,-75.46146,655,28.6,28.0,18.1,68.1,19.4,0.000,0.000,0.00,0.000,12.4,19.3,2.8,298,13,12.9,19.1,2.8,300,12,12.9,19.1,2.8,300,12,383,29.51,0.0,0,0,0,40.5,43.9,46.9,0.40,0.28,0.31
WEST,2019-11-08 12:55:00 EST,43.10647,-75.46146,655,28.2,27.7,17.9,67.3,18.8,0.000,0.000,0.00,0.000,11.6,19.7,3.2,298,12,12.3,21.0,3.0,301,12,12.3,21.0,3.0,301,12,283,29.50,-0.1,0,0,0,40.6,43.9,46.9,0.40,0.28,0.31
WEST,2019-11-08 13:00:00 EST,43.10647,-75.46146,655,27.5,27.3,18.8,68.5,18.5,0.000,0.000,0.00,0.000,8.4,14.8,2.6,306,19,8.9,15.1,2.6,310,18,8.9,15.1,2.6,310,18,84,29.51,-0.0,0,0,0,40.6,43.9,46.9,0.40,0.28,0.31
WEST,2019-11-08 13:05:00 EST,43.10647,-75.46146,655,27.7,27.4,19.7,69.7,19.1,0.000,0.000,0.00,0.000,7.4,13.3,2.3,312,20,7.8,14.1,2.3,317,18,7.8,14.1,2.3,317,18,212,29.51,0.1,0,0,0,40.6,43.9,46.9,0.41,0.28,0.31
WEST,2019-11-08 13:10:00 EST,43.10647,-75.46146,655,28.2,27.7,18.7,69.5,19.5,0.000,0.000,0.00,0.000,10.1,15.7,3.2,304,16,10.5,17.0,3.1,309,15,10.5,17.0,3.1,309,15,469,29.51,0.1,0,0,0,40.6,43.9,46.9,0.41,0.28,0.31
WEST,2019-11-08 13:15:00 EST,43.10647,-75.46146,655,28.7,28.2,18.9,68.4,19.6,0.000,0.000,0.00,0.000,10.8,18.3,3.1,315,13,11.3,18.3,2.9,319,15,11.3,18.3,2.9,319,15,368,29.51,-0.0,0,0,0,40.7,43.9,46.8,0.41,0.28,0.31
WEST,2019-11-08 13:20:00 EST,43.10647,-75.46146,655,27.5,27.1,17.4,73.1,20.1,0.000,0.000,0.00,0.000,11.2,19.6,2.9,317,15,11.6,21.2,2.6,323,14,11.6,21.2,2.6,323,14,190,29.51,-0.1,0,0,0,40.8,43.9,46.8,0.41,0.28,0.31
WEST,2019-11-08 13:25:00 EST,43.10647,-75.46146,655,26.6,26.3,18.1,82.9,22.1,0.000,0.000,0.00,0.000,7.9,14.6,2.7,316,17,8.2,14.2,2.8,322,14,8.2,14.2,2.8,322,14,161,29.51,0.1,0,0,0,40.8,43.9,46.8,0.41,0.28,0.31
WEST,2019-11-08 13:30:00 EST,43.10647,-75.46146,655,27.0,26.6,18.9,84.1,22.9,0.000,0.000,0.00,0.000,7.4,12.9,2.2,318,15,7.9,12.2,2.1,324,13,7.9,12.2,2.1,324,13,470,29.51,0.1,0,0,0,40.8,43.9,46.8,0.41,0.28,0.31
WEST,2019-11-08 13:35:00 EST,43.10647,-75.46146,655,28.5,27.9,20.9,79.2,22.9,0.000,0.000,0.00,0.000,7.0,11.7,2.2,307,16,7.5,12.2,2.1,310,14,7.5,12.2,2.1,310,14,536,29.51,0.1,0,0,0,40.8,43.9,46.8,0.41,0.28,0.31
WEST,2019-11-08 13:40:00 EST,43.10647,-75.46146,655,29.1,28.4,18.6,69.0,20.2,0.000,0.000,0.00,0.000,12.3,18.9,3.0,288,14,13.3,20.6,3.0,290,14,13.3,20.6,3.0,290,14,445,29.51,-0.1,0,0,0,40.8,43.9,46.8,0.41,0.28,0.31
WEST,2019-11-08 13:45:00 EST,43.10647,-75.46146,655,28.6,27.9,16.8,69.4,19.9,0.000,0.000,0.00,0.000,14.9,22.3,3.4,280,11,16.2,24.9,3.7,283,9,16.2,24.9,3.7,283,9,431,29.51,0.0,0,0,0,41.0,43.9,46.8,0.41,0.28,0.31
WEST,2019-11-08 13:50:00 EST,43.10647,-75.46146,655,28.4,27.7,16.0,69.0,19.5,0.000,0.000,0.00,0.000,16.1,24.1,3.2,279,10,17.6,26.6,3.5,280,8,17.6,26.6,3.5,280,8,408,29.51,-0.0,0,0,0,41.0,43.9,46.8,0.41,0.28,0.31
WEST,2019-11-08 13:55:00 EST,43.10647,-75.46146,655,28.8,27.9,17.5,68.7,19.8,0.000,0.000,0.00,0.000,13.7,20.0,2.9,274,9,15.1,22.2,3.2,277,8,15.1,22.2,3.2,277,8,484,29.51,0.1,0,0,0,41.0,43.9,46.8,0.41,0.28,0.31
WEST,2019-11-08 14:00:00 EST,43.10647,-75.46146,655,29.2,28.3,17.7,68.0,19.9,0.000,0.000,0.00,0.000,14.2,19.9,2.4,270,10,15.7,23.4,2.7,272,9,15.7,23.4,2.7,272,9,465,29.51,0.1,0,0,0,41.0,43.9,46.8,0.41,0.28,0.31
WEST,2019-11-08 14:05:00 EST,43.10647,-75.46146,655,29.3,28.5,18.6,66.5,19.5,0.000,0.000,0.00,0.000,12.7,19.4,3.0,276,18,13.9,21.1,3.3,278,17,13.9,21.1,3.3,278,17,439,29.51,0.0,0,0,0,41.0,43.9,46.8,0.40,0.28,0.31
WEST,2019-11-08 14:10:00 EST,43.10647,-75.46146,655,29.1,28.4,18.1,64.9,18.8,0.000,0.000,0.00,0.000,13.3,21.0,4.1,281,15,14.5,25.0,4.5,284,15,14.5,25.0,4.5,284,15,396,29.51,-0.0,0,0,0,41.2,43.9,46.8,0.40,0.28,0.31
WEST,2019-11-08 14:15:00 EST,43.10647,-75.46146,655,28.8,28.1,17.4,64.8,18.4,0.000,0.000,0.00,0.000,14.1,19.5,2.5,288,15,15.1,21.5,3.0,289,13,15.1,21.5,3.0,289,13,359,29.51,0.0,0,0,0,41.2,43.9,46.8,0.41,0.28,0.31
WEST,2019-11-08 14:20:00 EST,43.10647,-75.46146,655,29.0,28.4,17.6,63.2,18.0,0.000,0.000,0.00,0.000,13.8,20.0,2.9,282,17,15.3,23.0,3.2,284,15,15.3,23.0,3.2,284,15,381,29.51,-0.1,0,0,0,41.2,43.9,46.8,0.41,0.28,0.31
WEST,2019-11-08 14:25:00 EST,43.10647,-75.46146,655,28.8,28.2,17.7,64.3,18.2,0.000,0.000,0.00,0.000,13.1,19.7,2.1,282,12,14.4,24.1,2.6,285,11,14.4,24.1,2.6,285,11,313,29.51,-0.1,0,0,0,41.2,43.9,46.8,0.41,0.28,0.31
WEST,2019-11-08 14:30:00 EST,43.10647,-75.46146,655,28.8,28.2,18.5,61.0,17.0,0.000,0.000,0.00,0.000,11.7,20.8,3.1,291,13,12.4,23.8,3.4,292,11,12.4,23.8,3.4,292,11,317,29.51,-0.1,0,0,0,41.2,43.9,46.8,0.41,0.28,0.31
WEST,2019-11-08 14:35:00 EST,43.10647,-75.46146,655,28.7,28.2,17.5,61.1,17.0,0.000,0.000,0.00,0.000,13.4,21.6,3.0,280,12,14.7,24.3,3.3,282,11,14.7,24.3,3.3,282,11,312,29.51,0.0,0,0,0,41.2,43.9,46.8,0.40,0.28,0.31
WEST,2019-11-08 14:40:00 EST,43.10647,-75.46146,655,28.7,28.3,17.8,64.9,18.4,0.000,0.000,0.00,0.000,12.6,19.2,3.0,283,13,13.9,20.4,3.2,284,12,13.9,20.4,3.2,284,12,260,29.51,0.0,0,0,0,41.2,43.9,46.8,0.40,0.28,0.31
WEST,2019-11-08 14:45:00 EST,43.10647,-75.46146,655,28.9,28.4,18.8,62.3,17.6,0.000,0.000,0.00,0.000,11.2,17.8,2.7,289,12,12.0,19.0,2.8,291,11,12.0,19.0,2.8,291,11,282,29.51,-0.0,0,0,0,41.2,43.9,46.8,0.39,0.28,0.31
WEST,2019-11-08 14:50:00 EST,43.10647,-75.46146,655,28.9,28.5,18.7,61.8,17.4,0.000,0.000,0.00,0.000,11.2,18.2,2.4,276,13,12.4,21.6,2.7,279,11,12.4,21.6,2.7,279,11,273,29.51,-0.1,0,0,0,41.2,43.9,46.8,0.40,0.28,0.31
WEST,2019-11-08 14:55:00 EST,43.10647,-75.46146,655,28.8,28.4,18.6,60.6,16.9,0.000,0.000,0.00,0.000,11.2,18.5,2.4,279,13,12.3,21.6,2.6,280,11,12.3,21.6,2.6,280,11,192,29.51,-0.1,0,0,0,41.2,43.9,46.8,0.40,0.28,0.31
WEST,2019-11-08 15:00:00 EST,43.10647,-75.46146,655,28.1,28.0,18.7,60.7,16.2,0.000,0.000,0.00,0.000,9.9,15.8,2.8,303,14,10.3,16.1,2.5,307,14,10.3,16.1,2.5,307,14,104,29.52,-0.0,0,0,0,41.2,43.9,46.8,0.40,0.28,0.31
WEST,2019-11-08 15:05:00 EST,43.10647,-75.46146,655,28.4,28.1,18.7,60.8,16.6,0.000,0.000,0.00,0.000,10.1,16.4,2.5,290,13,11.0,18.0,2.6,293,13,11.0,18.0,2.6,293,13,188,29.52,0.0,0,0,0,41.1,43.9,46.8,0.40,0.28,0.31
WEST,2019-11-08 15:10:00 EST,43.10647,-75.46146,655,28.2,28.1,17.8,61.9,16.8,0.000,0.000,0.00,0.000,11.4,16.1,1.8,276,13,12.5,17.9,2.1,278,12,12.5,17.9,2.1,278,12,110,29.52,-0.0,0,0,0,41.0,43.9,46.8,0.40,0.28,0.31
WEST,2019-11-08 15:15:00 EST,43.10647,-75.46146,655,28.3,28.2,17.7,60.2,16.3,0.000,0.000,0.00,0.000,12.1,19.9,3.1,291,12,13.0,20.3,3.1,293,12,13.0,20.3,3.1,293,12,144,29.52,-0.0,0,0,0,41.0,43.9,46.8,0.40,0.28,0.31
WEST,2019-11-08 15:20:00 EST,43.10647,-75.46146,655,28.7,28.4,19.4,59.5,16.3,0.000,0.000,0.00,0.000,9.6,16.7,2.3,292,20,10.4,17.0,2.5,295,17,10.4,17.0,2.5,295,17,235,29.52,0.0,0,0,0,41.0,43.9,46.8,0.40,0.28,0.31
WEST,2019-11-08 15:25:00 EST,43.10647,-75.46146,655,28.8,28.4,18.3,60.2,16.7,0.000,0.000,0.00,0.000,12.1,20.5,3.2,288,11,12.9,20.9,3.5,290,11,12.9,20.9,3.5,290,11,243,29.52,-0.0,0,0,0,41.0,43.9,46.8,0.40,0.28,0.31
WEST,2019-11-08 15:30:00 EST,43.10647,-75.46146,655,28.8,28.7,20.2,61.8,17.4,0.000,0.000,0.00,0.000,8.3,12.5,1.5,285,14,9.3,13.1,1.9,287,13,9.3,13.1,1.9,287,13,169,29.52,0.0,0,0,0,40.8,43.9,46.8,0.40,0.28,0.31
WEST,2019-11-08 15:35:00 EST,43.10647,-75.46146,655,29.0,28.7,19.4,61.8,17.5,0.000,0.000,0.00,0.000,10.2,17.5,2.5,287,16,11.2,19.5,2.9,290,15,11.2,19.5,2.9,290,15,198,29.52,-0.0,0,0,0,40.8,43.9,46.8,0.40,0.28,0.31
WEST,2019-11-08 15:40:00 EST,43.10647,-75.46146,655,28.9,28.6,18.4,60.0,16.7,0.000,0.000,0.00,0.000,12.0,19.1,3.3,287,12,12.9,20.7,3.5,288,11,12.9,20.7,3.5,288,11,172,29.52,-0.0,0,0,0,40.8,43.9,46.8,0.40,0.28,0.31
WEST,2019-11-08 15:45:00 EST,43.10647,-75.46146,655,28.2,28.2,18.1,58.6,15.6,0.000,0.000,0.00,0.000,10.8,17.8,2.7,290,13,11.8,19.1,2.9,291,10,11.8,19.1,2.9,291,10,68,29.52,-0.1,0,0,0,40.7,43.9,46.8,0.40,0.28,0.31
WEST,2019-11-08 15:50:00 EST,43.10647,-75.46146,655,27.8,27.9,16.8,59.2,15.4,0.000,0.000,0.00,0.000,12.5,17.2,1.8,286,12,13.7,17.8,2.1,288,11,13.7,17.8,2.1,288,11,41,29.52,-0.0,0,0,0,40.6,43.9,46.8,0.40,0.28,0.31
WEST,2019-11-08 15:55:00 EST,43.10647,-75.46146,655,27.7,27.7,17.7,59.6,15.4,0.000,0.000,0.00,0.000,10.3,17.6,2.6,287,12,11.3,19.1,2.9,288,11,11.3,19.1,2.9,288,11,39,29.53,-0.1,0,0,0,40.6,43.9,46.8,0.39,0.28,0.31
WEST,2019-11-08 16:00:00 EST,43.10647,-75.46146,655,27.6,27.7,18.1,60.5,15.7,0.000,0.000,0.00,0.000,9.5,16.7,2.6,288,14,10.4,20.4,2.9,290,12,10.4,20.4,2.9,290,12,66,29.53,-0.0,0,0,0,40.6,43.9,46.8,0.39,0.28,0.31
WEST,2019-11-08 16:05:00 EST,43.10647,-75.46146,655,27.8,27.8,19.3,60.4,15.8,0.000,0.000,0.00,0.000,7.9,13.0,2.0,294,14,8.6,15.4,2.1,298,14,8.6,15.4,2.1,298,14,71,29.53,-0.0,0,0,0,40.5,43.9,46.8,0.39,0.28,0.31
WEST,2019-11-08 16:10:00 EST,43.10647,-75.46146,655,27.6,27.7,17.7,62.8,16.5,0.000,0.000,0.00,0.000,10.2,16.5,2.5,286,12,11.0,18.8,3.1,289,11,11.0,18.8,3.1,289,11,49,29.53,-0.1,0,0,0,40.5,43.9,46.8,0.40,0.28,0.31
WEST,2019-11-08 16:15:00 EST,43.10647,-75.46146,655,27.3,27.4,18.2,66.3,17.5,0.000,0.000,0.00,0.000,8.5,14.3,1.9,283,12,9.4,15.9,2.2,285,9,9.4,15.9,2.2,285,9,39,29.53,-0.0,0,0,0,40.3,43.9,46.8,0.40,0.28,0.31
WEST,2019-11-08 16:20:00 EST,43.10647,-75.46146,655,27.2,27.3,18.8,69.0,18.4,0.000,0.000,0.00,0.000,7.5,12.9,1.8,290,14,8.3,14.5,1.9,294,15,8.3,14.5,1.9,294,15,43,29.53,-0.0,0,0,0,40.3,44.0,46.8,0.41,0.28,0.31
WEST,2019-11-08 16:25:00 EST,43.10647,-75.46146,655,27.0,27.1,18.2,68.6,18.1,0.000,0.000,0.00,0.000,8.5,12.9,2.0,292,14,9.0,15.0,2.2,294,13,9.0,15.0,2.2,294,13,28,29.53,-0.0,0,0,0,40.2,44.0,46.8,0.41,0.28,0.31
WEST,2019-11-08 16:30:00 EST,43.10647,-75.46146,655,26.8,26.9,17.1,70.0,18.4,0.000,0.000,0.00,0.000,9.6,14.8,2.2,289,12,10.3,17.0,2.4,291,12,10.3,17.0,2.4,291,12,19,29.53,-0.0,0,0,0,40.1,43.9,46.8,0.40,0.28,0.31
WEST,2019-11-08 16:35:00 EST,43.10647,-75.46146,655,26.6,26.8,17.9,71.5,18.6,0.000,0.000,0.00,0.000,7.9,10.7,1.1,286,11,8.6,11.7,1.3,289,10,8.6,11.7,1.3,289,10,14,29.54,-0.0,0,0,0,40.1,44.0,46.8,0.40,0.28,0.31
WEST,2019-11-08 16:40:00 EST,43.10647,-75.46146,655,26.4,26.6,17.6,73.4,19.0,0.000,0.000,0.00,0.000,7.7,12.3,1.6,283,11,8.5,14.3,1.9,285,10,8.5,14.3,1.9,285,10,10,29.54,-0.0,0,0,0,39.9,43.9,46.8,0.40,0.28,0.31
WEST,2019-11-08 16:45:00 EST,43.10647,-75.46146,655,26.2,26.4,17.4,75.5,19.5,0.000,0.000,0.00,0.000,7.7,13.4,1.6,283,13,8.5,15.7,1.7,285,10,8.5,15.7,1.7,285,10,8,29.54,0.0,0,0,0,39.9,43.9,46.8,0.40,0.28,0.31
WEST,2019-11-08 16:50:00 EST,43.10647,-75.46146,655,26.1,26.3,17.3,76.6,19.7,0.000,0.000,0.00,0.000,7.9,11.4,1.3,286,9,8.5,11.7,1.4,288,9,8.5,11.7,1.4,288,9,5,29.55,0.0,0,0,0,39.8,44.0,46.8,0.40,0.28,0.31
WEST,2019-11-08 16:55:00 EST,43.10647,-75.46146,655,26.0,26.2,17.4,78.0,20.1,0.000,0.000,0.00,0.000,7.5,10.3,1.2,278,12,8.2,11.9,1.4,281,10,8.2,11.9,1.4,281,10,3,29.55,-0.0,0,0,0,39.7,44.0,46.8,0.40,0.28,0.31
WEST,2019-11-08 17:00:00 EST,43.10647,-75.46146,655,25.9,26.0,17.5,79.1,20.3,0.000,0.000,0.00,0.000,7.1,10.4,1.3,278,14,7.8,11.3,1.4,282,12,7.8,11.3,1.4,282,12,1,29.55,0.0,0,0,0,39.6,43.9,46.7,0.39,0.28,0.31
WEST,2019-11-08 17:05:00 EST,43.10647,-75.46146,655,25.7,25.9,17.9,80.4,20.5,0.000,0.000,0.00,0.000,6.3,10.2,1.4,276,9,7.0,12.0,1.5,278,8,7.0,12.0,1.5,278,8,0,29.55,0.0,0,0,0,39.6,44.0,46.8,0.39,0.28,0.31
WEST,2019-11-08 17:10:00 EST,43.10647,-75.46146,655,25.3,25.7,18.2,81.6,20.5,0.000,0.000,0.00,0.000,5.5,9.1,1.2,271,12,6.1,9.9,1.3,274,11,6.1,9.9,1.3,274,11,0,29.55,-0.0,0,0,0,39.5,43.9,46.6,0.40,0.28,0.31
WEST,2019-11-08 17:15:00 EST,43.10647,-75.46146,655,25.1,25.6,18.0,83.1,20.7,0.000,0.000,0.00,0.000,5.5,7.5,1.0,270,9,6.0,8.5,1.1,274,9,6.0,8.5,1.1,274,9,0,29.55,0.1,0,0,0,39.4,44.0,46.6,0.39,0.28,0.31
WEST,2019-11-08 17:20:00 EST,43.10647,-75.46146,655,25.0,25.4,17.9,83.7,20.8,0.000,0.000,0.00,0.000,5.3,8.7,1.2,272,10,6.0,10.4,1.3,276,8,6.0,10.4,1.3,276,8,0,29.56,0.1,0,0,0,39.4,44.0,46.6,0.40,0.28,0.31
WEST,2019-11-08 17:25:00 EST,43.10647,-75.46146,655,25.0,25.4,17.0,84.2,20.9,0.000,0.000,0.00,0.000,6.4,8.9,1.2,277,8,7.0,10.3,1.3,279,7,7.0,10.3,1.3,279,7,0,29.56,0.1,0,0,0,39.2,44.0,46.6,0.40,0.28,0.31
WEST,2019-11-08 17:30:00 EST,43.10647,-75.46146,655,24.9,25.4,17.6,84.4,20.9,0.000,0.000,0.00,0.000,5.6,7.6,0.8,275,10,6.2,8.1,0.8,277,9,6.2,8.1,0.8,277,9,0,29.56,0.0,0,0,0,39.2,44.0,46.6,0.40,0.28,0.31
WEST,2019-11-08 17:35:00 EST,43.10647,-75.46146,655,24.8,25.3,17.2,85.0,21.0,0.000,0.000,0.00,0.000,5.9,8.5,1.1,275,10,6.5,9.2,1.1,279,9,6.5,9.2,1.1,279,9,0,29.56,0.0,0,0,0,39.2,44.0,46.6,0.39,0.28,0.31
WEST,2019-11-08 17:40:00 EST,43.10647,-75.46146,655,24.9,25.3,17.1,84.5,20.9,0.000,0.000,0.00,0.000,6.1,8.4,1.1,278,10,6.8,9.7,1.2,281,9,6.8,9.7,1.2,281,9,0,29.56,0.1,0,0,0,39.2,43.9,46.6,0.39,0.28,0.31
WEST,2019-11-08 17:45:00 EST,43.10647,-75.46146,655,24.9,25.3,18.2,84.3,20.9,0.000,0.000,0.00,0.000,5.0,8.0,0.9,282,10,5.6,8.7,1.0,285,8,5.6,8.7,1.0,285,8,0,29.56,0.1,0,0,0,39.1,44.0,46.6,0.39,0.28,0.31
WEST,2019-11-08 17:50:00 EST,43.10647,-75.46146,655,24.6,25.1,18.5,84.6,20.6,0.000,0.000,0.00,0.000,4.3,6.4,0.9,276,10,4.8,7.5,1.0,280,10,4.8,7.5,1.0,280,10,0,29.57,0.0,0,0,0,39.0,44.0,46.6,0.39,0.28,0.31
WEST,2019-11-08 17:55:00 EST,43.10647,-75.46146,655,24.5,25.1,18.2,85.5,20.8,0.000,0.000,0.00,0.000,4.5,6.6,0.9,274,10,5.0,7.6,1.0,278,9,5.0,7.6,1.0,278,9,0,29.57,0.0,0,0,0,38.9,43.9,46.6,0.39,0.28,0.31
WEST,2019-11-08 18:00:00 EST,43.10647,-75.46146,655,24.3,24.9,18.8,85.3,20.6,0.000,0.000,0.00,0.000,3.9,6.1,0.9,278,12,4.3,6.8,0.9,281,11,4.3,6.8,0.9,281,11,0,29.57,0.1,0,0,0,38.8,43.9,46.6,0.39,0.28,0.31
WEST,2019-11-08 18:05:00 EST,43.10647,-75.46146,655,24.1,24.8,18.8,85.8,20.5,0.000,0.000,0.00,0.000,3.6,5.7,0.8,280,8,4.1,6.1,0.9,283,8,4.1,6.1,0.9,283,8,0,29.57,0.1,0,0,0,38.8,43.9,46.6,0.39,0.28,0.31
WEST,2019-11-08 18:10:00 EST,43.10647,-75.46146,655,24.2,24.8,18.9,85.4,20.4,0.000,0.000,0.00,0.000,3.7,6.0,0.9,283,10,4.1,6.4,1.0,287,9,4.1,6.4,1.0,287,9,0,29.57,0.0,0,0,0,38.7,43.9,46.6,0.40,0.28,0.31
WEST,2019-11-08 18:15:00 EST,43.10647,-75.46146,655,24.0,24.7,18.5,85.2,20.2,0.000,0.000,0.00,0.000,3.8,6.3,1.0,280,10,4.3,7.2,1.1,283,10,4.3,7.2,1.1,283,10,0,29.57,0.1,0,0,0,38.7,43.9,46.6,0.40,0.28,0.31
WEST,2019-11-08 18:20:00 EST,43.10647,-75.46146,655,24.0,24.7,18.6,85.4,20.2,0.000,0.000,0.00,0.000,3.7,5.8,0.8,275,12,4.1,6.4,0.9,279,11,4.1,6.4,0.9,279,11,0,29.58,0.1,0,0,0,38.6,43.9,46.6,0.40,0.28,0.31
WEST,2019-11-08 18:25:00 EST,43.10647,-75.46146,655,23.9,24.7,18.1,85.9,20.3,0.000,0.000,0.00,0.000,4.1,5.6,0.5,268,7,4.5,6.6,0.6,271,7,4.5,6.6,0.6,271,7,0,29.58,0.0,0,0,0,38.5,43.9,46.6,0.39,0.28,0.31
WEST,2019-11-08 18:30:00 EST,43.10647,-75.46146,655,23.9,24.7,18.0,85.9,20.3,0.000,0.000,0.00,0.000,4.2,5.4,0.5,268,6,4.6,6.3,0.6,271,6,4.6,6.3,0.6,271,6,0,29.58,0.1,0,0,0,38.4,43.9,46.6,0.40,0.28,0.31
WEST,2019-11-08 18:35:00 EST,43.10647,-75.46146,655,23.9,24.5,18.3,85.7,20.2,0.000,0.000,0.00,0.000,3.9,4.8,0.4,268,6,4.3,5.5,0.5,271,6,4.3,5.5,0.5,271,6,0,29.58,0.1,0,0,0,38.3,43.9,46.6,0.40,0.28,0.31
WEST,2019-11-08 18:40:00 EST,43.10647,-75.46146,655,24.0,24.6,18.4,85.6,20.3,0.000,0.000,0.00,0.000,3.9,4.9,0.4,273,6,4.3,5.4,0.5,276,6,4.3,5.4,0.5,276,6,0,29.58,0.1,0,0,0,38.3,43.9,46.6,0.40,0.28,0.31
WEST,2019-11-08 18:45:00 EST,43.10647,-75.46146,655,23.8,24.5,19.1,85.7,20.1,0.000,0.000,0.00,0.000,3.1,4.4,0.5,274,8,3.6,4.8,0.5,277,7,3.6,4.8,0.5,277,7,0,29.58,0.1,0,0,0,38.3,43.9,46.6,0.40,0.28,0.31
WEST,2019-11-08 18:50:00 EST,43.10647,-75.46146,655,23.9,24.5,18.7,85.8,20.2,0.000,0.000,0.00,0.000,3.6,5.1,0.6,276,7,4.0,5.7,0.7,280,7,4.0,5.7,0.7,280,7,0,29.58,0.1,0,0,0,38.2,43.9,46.6,0.40,0.28,0.31
WEST,2019-11-08 18:55:00 EST,43.10647,-75.46146,655,23.7,24.4,18.4,84.7,19.8,0.000,0.000,0.00,0.000,3.7,5.2,0.7,274,10,4.1,6.0,0.8,277,10,4.1,6.0,0.8,277,10,0,29.58,0.0,0,0,0,38.1,43.9,46.6,0.40,0.28,0.31
WEST,2019-11-08 19:00:00 EST,43.10647,-75.46146,655,23.7,24.3,18.5,85.1,19.9,0.000,0.000,0.00,0.000,3.6,5.6,0.7,277,8,4.0,6.2,0.7,280,8,4.0,6.2,0.7,280,8,0,29.58,0.1,0,0,0,38.1,43.9,46.6,0.40,0.28,0.31
WEST,2019-11-08 19:05:00 EST,43.10647,-75.46146,655,23.5,24.2,19.6,85.0,19.7,0.000,0.000,0.00,0.000,2.8,3.7,0.4,279,8,3.1,4.0,0.5,283,9,3.1,4.0,0.5,283,9,0,29.58,0.1,0,0,0,37.9,43.9,46.6,0.40,0.28,0.31
WEST,2019-11-08 19:10:00 EST,43.10647,-75.46146,655,23.4,24.1,23.4,85.5,19.7,0.000,0.000,0.00,0.000,2.0,3.3,0.4,271,7,2.4,3.7,0.4,273,8,2.4,3.7,0.4,273,8,0,29.58,0.1,0,0,0,37.9,43.9,46.6,0.40,0.28,0.31
WEST,2019-11-08 19:15:00 EST,43.10647,-75.46146,655,23.3,23.9,23.3,86.8,19.9,0.000,0.000,0.00,0.000,1.8,2.5,0.3,270,6,2.2,2.8,0.3,272,6,2.2,2.8,0.3,272,6,0,29.58,0.1,0,0,0,37.9,43.9,46.6,0.40,0.28,0.31
WEST,2019-11-08 19:20:00 EST,43.10647,-75.46146,655,23.3,23.9,19.0,87.5,20.1,0.000,0.000,0.00,0.000,3.0,3.8,0.5,260,4,3.3,4.2,0.5,263,5,3.3,4.2,0.5,263,5,0,29.58,0.1,0,0,0,37.9,43.9,46.6,0.40,0.28,0.31
WEST,2019-11-08 19:25:00 EST,43.10647,-75.46146,655,23.2,23.7,18.8,87.5,20.0,0.000,0.000,0.00,0.000,3.1,4.1,0.4,262,5,3.4,4.3,0.4,264,5,3.4,4.3,0.4,264,5,0,29.58,0.1,0,0,0,37.8,43.9,46.6,0.40,0.28,0.31
WEST,2019-11-08 19:30:00 EST,43.10647,-75.46146,655,23.2,23.8,19.3,88.6,20.3,0.000,0.000,0.00,0.000,2.7,3.6,0.4,269,8,3.0,4.0,0.4,271,9,3.0,4.0,0.4,271,9,0,29.58,0.1,0,0,0,37.8,43.9,46.6,0.40,0.28,0.31
WEST,2019-11-08 19:35:00 EST,43.10647,-75.46146,655,23.3,23.8,19.2,88.9,20.5,0.000,0.000,0.00,0.000,2.8,3.9,0.4,271,8,3.2,4.4,0.5,275,9,3.2,4.4,0.5,275,9,0,29.58,0.1,0,0,0,37.7,43.9,46.6,0.40,0.28,0.31
WEST,2019-11-08 19:40:00 EST,43.10647,-75.46146,655,23.2,23.8,19.3,89.0,20.4,0.000,0.000,0.00,0.000,2.8,3.7,0.3,267,7,3.1,4.3,0.4,269,7,3.1,4.3,0.4,269,7,0,29.59,0.1,0,0,0,37.6,43.9,46.6,0.40,0.28,0.31
WEST,2019-11-08 19:45:00 EST,43.10647,-75.46146,655,23.2,23.8,23.2,89.3,20.5,0.000,0.000,0.00,0.000,2.4,3.0,0.4,267,6,2.7,3.4,0.4,269,6,2.7,3.4,0.4,269,6,0,29.59,0.1,0,0,0,37.6,43.9,46.6,0.39,0.28,0.31
WEST,2019-11-08 19:50:00 EST,43.10647,-75.46146,655,23.1,23.7,23.1,89.9,20.5,0.000,0.000,0.00,0.000,1.9,2.4,0.3,269,7,2.2,2.8,0.3,272,9,2.2,2.8,0.3,272,9,0,29.59,0.0,0,0,0,37.6,43.9,46.6,0.40,0.28,0.31
WEST,2019-11-08 19:55:00 EST,43.10647,-75.46146,655,22.7,23.7,22.7,90.0,20.2,0.000,0.000,0.00,0.000,1.9,2.6,0.2,262,7,2.2,3.0,0.2,264,8,2.2,3.0,0.2,264,8,0,29.58,0.1,0,0,0,37.5,43.9,46.6,0.39,0.28,0.31
WEST,2019-11-08 20:00:00 EST,43.10647,-75.46146,655,22.6,23.5,22.6,90.6,20.2,0.000,0.000,0.00,0.000,2.5,2.8,0.2,261,3,2.8,3.3,0.2,263,4,2.8,3.3,0.2,263,4,0,29.58,0.0,0,0,0,37.4,43.9,46.6,0.40,0.28,0.31
WEST,2019-11-08 20:05:00 EST,43.10647,-75.46146,655,21.7,23.3,21.7,90.7,19.4,0.000,0.000,0.00,0.000,2.0,2.8,0.3,269,3,2.3,3.1,0.3,272,6,2.3,3.1,0.3,272,6,0,29.58,0.1,0,0,0,37.4,43.9,46.6,0.40,0.28,0.31
WEST,2019-11-08 20:10:00 EST,43.10647,-75.46146,655,21.8,23.3,21.8,92.3,19.9,0.000,0.000,0.00,0.000,2.1,2.8,0.3,269,7,2.4,3.0,0.3,272,9,2.4,3.0,0.3,272,9,0,29.58,0.2,0,0,0,37.4,43.9,46.6,0.40,0.28,0.31
WEST,2019-11-08 20:15:00 EST,43.10647,-75.46146,655,22.5,23.5,22.5,93.6,20.9,0.000,0.000,0.00,0.000,2.0,3.2,0.4,263,7,2.3,3.8,0.4,265,9,2.3,3.8,0.4,265,9,0,29.59,0.1,0,0,0,37.4,43.9,46.6,0.40,0.28,0.31
WEST,2019-11-08 20:20:00 EST,43.10647,-75.46146,655,22.6,23.6,22.6,93.9,21.1,0.000,0.000,0.00,0.000,1.9,2.6,0.3,273,9,2.2,3.2,0.3,275,12,2.2,3.2,0.3,275,12,0,29.59,0.2,0,0,0,37.3,43.9,46.6,0.40,0.28,0.31
WEST,2019-11-08 20:25:00 EST,43.10647,-75.46146,655,23.2,23.8,19.3,93.0,21.5,0.000,0.000,0.00,0.000,2.8,3.7,0.3,265,8,3.1,4.2,0.3,268,8,3.1,4.2,0.3,268,8,0,29.59,0.2,0,0,0,37.2,43.9,46.6,0.40,0.28,0.31
WEST,2019-11-08 20:30:00 EST,43.10647,-75.46146,655,23.7,24.0,19.6,91.2,21.5,0.000,0.000,0.00,0.000,2.9,4.2,0.5,267,7,3.2,4.9,0.5,270,7,3.2,4.9,0.5,270,7,0,29.59,0.2,0,0,0,37.2,43.9,46.6,0.40,0.28,0.31
WEST,2019-11-08 20:35:00 EST,43.10647,-75.46146,655,23.9,24.4,18.1,88.8,21.1,0.000,0.000,0.00,0.000,4.0,5.6,0.8,259,8,4.5,6.4,0.9,261,8,4.5,6.4,0.9,261,8,0,29.59,0.1,0,0,0,37.2,43.8,46.6,0.40,0.28,0.31
WEST,2019-11-08 20:40:00 EST,43.10647,-75.46146,655,23.8,24.3,18.2,86.7,20.4,0.000,0.000,0.00,0.000,3.9,5.0,0.5,257,9,4.3,5.7,0.6,260,8,4.3,5.7,0.6,260,8,0,29.59,0.2,0,0,0,37.2,43.7,46.6,0.39,0.28,0.31
WEST,2019-11-08 20:45:00 EST,43.10647,-75.46146,655,23.8,24.4,17.9,86.5,20.4,0.000,0.000,0.00,0.000,4.2,5.8,0.6,253,9,4.6,6.2,0.7,256,8,4.6,6.2,0.7,256,8,0,29.59,0.2,0,0,0,37.2,43.7,46.6,0.40,0.28,0.31
WEST,2019-11-08 20:50:00 EST,43.10647,-75.46146,655,23.6,24.3,18.5,86.5,20.2,0.000,0.000,0.00,0.000,3.6,5.5,0.7,246,9,3.9,6.3,0.8,249,9,3.9,6.3,0.8,249,9,0,29.59,0.2,0,0,0,37.2,43.7,46.6,0.39,0.28,0.31
WEST,2019-11-08 20:55:00 EST,43.10647,-75.46146,655,24.1,24.5,19.4,86.3,20.6,0.000,0.000,0.00,0.000,3.3,5.2,0.7,241,11,3.6,5.8,0.8,242,10,3.6,5.8,0.8,242,10,0,29.59,0.2,0,0,0,37.2,43.7,46.6,0.39,0.28,0.31
WEST,2019-11-08 21:00:00 EST,43.10647,-75.46146,655,24.2,24.5,18.9,85.6,20.5,0.000,0.000,0.00,0.000,3.8,6.2,0.8,248,9,4.2,6.7,0.9,251,9,4.2,6.7,0.9,251,9,0,29.59,0.2,0,0,0,37.2,43.7,46.6,0.39,0.28,0.31
WEST,2019-11-08 21:05:00 EST,43.10647,-75.46146,655,24.3,24.6,17.9,85.7,20.6,0.000,0.000,0.00,0.000,4.8,6.1,0.7,243,9,5.1,6.7,0.8,245,10,5.1,6.7,0.8,245,10,0,29.59,0.2,0,0,0,37.2,43.7,46.6,0.39,0.28,0.31
WEST,2019-11-08 21:10:00 EST,43.10647,-75.46146,655,24.4,24.6,18.3,86.0,20.8,0.000,0.000,0.00,0.000,4.5,6.7,0.9,248,10,4.9,8.0,1.0,251,9,4.9,8.0,1.0,251,9,0,29.59,0.1,0,0,0,37.2,43.7,46.6,0.39,0.28,0.31
WEST,2019-11-08 21:15:00 EST,43.10647,-75.46146,655,24.2,24.5,20.2,87.0,20.9,0.000,0.000,0.00,0.000,2.9,4.6,0.5,249,8,3.2,5.4,0.6,249,8,3.2,5.4,0.6,249,8,0,29.59,0.2,0,0,0,37.2,43.7,46.5,0.39,0.28,0.31
WEST,2019-11-08 21:20:00 EST,43.10647,-75.46146,655,24.1,24.5,18.5,87.4,20.9,0.000,0.000,0.00,0.000,3.9,6.0,0.8,254,9,4.3,6.6,1.0,257,9,4.3,6.6,1.0,257,9,0,29.59,0.2,0,0,0,37.2,43.7,46.6,0.39,0.28,0.31
WEST,2019-11-08 21:25:00 EST,43.10647,-75.46146,655,23.9,24.5,17.7,86.2,20.4,0.000,0.000,0.00,0.000,4.5,9.1,1.4,254,8,4.9,9.6,1.6,257,8,4.9,9.6,1.6,257,8,0,29.59,0.2,0,0,0,37.1,43.7,46.4,0.39,0.28,0.31
WEST,2019-11-08 21:30:00 EST,43.10647,-75.46146,655,23.9,24.6,17.2,84.7,20.0,0.000,0.000,0.00,0.000,4.9,6.4,0.9,258,7,5.3,7.4,1.0,260,7,5.3,7.4,1.0,260,7,0,29.59,0.2,0,0,0,37.0,43.7,46.5,0.39,0.28,0.31
WEST,2019-11-08 21:35:00 EST,43.10647,-75.46146,655,24.0,24.6,16.7,83.1,19.7,0.000,0.000,0.00,0.000,5.5,8.3,1.1,261,9,6.0,9.2,1.2,264,8,6.0,9.2,1.2,264,8,0,29.59,0.1,0,0,0,37.0,43.7,46.5,0.39,0.28,0.31
WEST,2019-11-08 21:40:00 EST,43.10647,-75.46146,655,24.1,24.6,16.2,82.4,19.5,0.000,0.000,0.00,0.000,6.0,8.6,1.2,265,9,6.7,10.2,1.2,268,8,6.7,10.2,1.2,268,8,0,29.59,0.1,0,0,0,37.0,43.7,46.4,0.39,0.28,0.31
WEST,2019-11-08 21:45:00 EST,43.10647,-75.46146,655,23.9,24.4,16.2,82.0,19.2,0.000,0.000,0.00,0.000,5.9,7.9,1.0,255,10,6.4,9.1,1.1,259,9,6.4,9.1,1.1,259,9,0,29.59,0.1,0,0,0,37.0,43.7,46.4,0.39,0.28,0.31
WEST,2019-11-08 21:50:00 EST,43.10647,-75.46146,655,23.5,24.1,17.0,82.9,19.1,0.000,0.000,0.00,0.000,4.6,7.1,1.0,251,9,5.1,7.6,1.1,254,9,5.1,7.6,1.1,254,9,0,29.59,0.2,0,0,0,37.0,43.7,46.4,0.39,0.28,0.31
WEST,2019-11-08 21:55:00 EST,43.10647,-75.46146,655,23.6,24.2,17.2,84.0,19.5,0.000,0.000,0.00,0.000,4.5,8.3,1.2,260,13,5.0,8.2,1.3,263,12,5.0,8.2,1.3,263,12,0,29.59,0.2,0,0,0,37.0,43.7,46.4,0.39,0.28,0.31
WEST,2019-11-08 22:00:00 EST,43.10647,-75.46146,655,24.0,24.3,16.0,83.9,19.8,0.000,0.000,0.00,0.000,6.2,9.0,1.3,253,10,6.7,9.9,1.4,256,9,6.7,9.9,1.4,256,9,0,29.59,0.2,0,0,0,37.0,43.7,46.4,0.39,0.28,0.31
WEST,2019-11-08 22:05:00 EST,43.10647,-75.46146,655,24.1,24.4,16.8,84.5,20.1,0.000,0.000,0.00,0.000,5.4,8.2,1.1,255,11,6.0,9.7,1.2,257,11,6.0,9.7,1.2,257,11,0,29.59,0.2,0,0,0,37.0,43.6,46.4,0.39,0.28,0.31
WEST,2019-11-08 22:10:00 EST,43.10647,-75.46146,655,24.4,24.6,17.0,83.7,20.2,0.000,0.000,0.00,0.000,5.7,8.0,0.9,251,9,6.3,9.3,1.0,255,7,6.3,9.3,1.0,255,7,0,29.59,0.2,0,0,0,37.0,43.6,46.4,0.39,0.28,0.31
WEST,2019-11-08 22:15:00 EST,43.10647,-75.46146,655,24.6,24.9,16.8,82.6,20.0,0.000,0.000,0.00,0.000,6.1,8.3,1.1,256,9,6.7,9.5,1.2,260,9,6.7,9.5,1.2,260,9,0,29.59,0.2,0,0,0,36.9,43.5,46.4,0.39,0.28,0.31
WEST,2019-11-08 22:20:00 EST,43.10647,-75.46146,655,24.5,24.9,17.5,82.0,19.8,0.000,0.000,0.00,0.000,5.3,8.0,1.2,250,10,5.8,8.7,1.2,252,10,5.8,8.7,1.2,252,10,0,29.59,0.1,0,0,0,36.9,43.5,46.4,0.39,0.28,0.31
WEST,2019-11-08 22:25:00 EST,43.10647,-75.46146,655,24.6,24.9,17.2,81.8,19.8,0.000,0.000,0.00,0.000,5.7,10.2,1.4,251,11,6.3,11.2,1.5,254,10,6.3,11.2,1.5,254,10,0,29.59,0.2,0,0,0,36.9,43.5,46.4,0.39,0.28,0.31
WEST,2019-11-08 22:30:00 EST,43.10647,-75.46146,655,24.9,25.1,17.5,81.4,20.0,0.000,0.000,0.00,0.000,5.7,8.3,1.0,253,9,6.3,9.4,1.1,256,8,6.3,9.4,1.1,256,8,0,29.59,0.2,0,0,0,36.9,43.5,46.4,0.39,0.28,0.31
WEST,2019-11-08 22:35:00 EST,43.10647,-75.46146,655,25.0,25.2,18.0,80.9,19.9,0.000,0.000,0.00,0.000,5.3,8.4,1.3,254,9,5.9,10.2,1.4,257,9,5.9,10.2,1.4,257,9,0,29.59,0.2,0,0,0,36.9,43.5,46.4,0.39,0.28,0.31
WEST,2019-11-08 22:40:00 EST,43.10647,-75.46146,655,25.0,25.2,17.8,80.7,19.9,0.000,0.000,0.00,0.000,5.5,9.6,1.8,246,10,6.1,10.5,1.8,249,10,6.1,10.5,1.8,249,10,0,29.59,0.2,0,0,0,36.9,43.5,46.4,0.40,0.28,0.31
WEST,2019-11-08 22:45:00 EST,43.10647,-75.46146,655,25.2,25.4,17.1,78.9,19.6,0.000,0.000,0.00,0.000,6.6,9.4,1.3,246,9,7.2,10.6,1.4,250,9,7.2,10.6,1.4,250,9,0,29.59,0.2,0,0,0,36.9,43.5,46.4,0.40,0.28,0.31
WEST,2019-11-08 22:50:00 EST,43.10647,-75.46146,655,25.2,25.4,18.1,78.4,19.4,0.000,0.000,0.00,0.000,5.5,8.3,1.1,247,8,6.0,8.9,1.3,251,9,6.0,8.9,1.3,251,9,0,29.59,0.2,0,0,0,36.9,43.5,46.4,0.40,0.28,0.31
WEST,2019-11-08 22:55:00 EST,43.10647,-75.46146,655,25.1,25.4,18.7,78.9,19.4,0.000,0.000,0.00,0.000,4.7,7.1,1.1,252,10,5.2,8.3,1.2,255,9,5.2,8.3,1.2,255,9,0,29.59,0.2,0,0,0,36.9,43.5,46.4,0.40,0.28,0.31
WEST,2019-11-08 23:00:00 EST,43.10647,-75.46146,655,25.2,25.5,17.8,77.5,19.2,0.000,0.000,0.00,0.000,5.8,8.8,1.1,254,10,6.4,9.6,1.2,257,9,6.4,9.6,1.2,257,9,0,29.59,0.2,0,0,0,36.8,43.5,46.4,0.40,0.28,0.31
WEST,2019-11-08 23:05:00 EST,43.10647,-75.46146,655,25.2,25.5,19.5,77.7,19.2,0.000,0.000,0.00,0.000,4.1,6.2,1.0,265,9,4.6,7.0,1.1,268,9,4.6,7.0,1.1,268,9,0,29.59,0.2,0,0,0,36.7,43.5,46.4,0.40,0.28,0.31
WEST,2019-11-08 23:10:00 EST,43.10647,-75.46146,655,25.3,25.5,17.9,76.4,18.9,0.000,0.000,0.00,0.000,5.8,9.9,1.7,254,12,6.4,10.5,1.9,257,9,6.4,10.5,1.9,257,9,0,29.59,0.2,0,0,0,36.7,43.5,46.4,0.40,0.28,0.31
WEST,2019-11-08 23:15:00 EST,43.10647,-75.46146,655,25.2,25.5,19.2,75.6,18.6,0.000,0.000,0.00,0.000,4.4,6.6,1.0,261,11,4.9,7.6,1.2,265,9,4.9,7.6,1.2,265,9,0,29.59,0.2,0,0,0,36.7,43.5,46.4,0.40,0.28,0.31
WEST,2019-11-08 23:20:00 EST,43.10647,-75.46146,655,25.2,25.5,18.8,74.6,18.3,0.000,0.000,0.00,0.000,4.8,7.1,0.9,263,10,5.3,8.5,1.1,267,10,5.3,8.5,1.1,267,10,0,29.59,0.2,0,0,0,36.7,43.5,46.4,0.40,0.28,0.31
WEST,2019-11-08 23:25:00 EST,43.10647,-75.46146,655,25.1,25.4,18.3,74.7,18.2,0.000,0.000,0.00,0.000,5.2,8.4,1.4,264,9,5.7,9.5,1.5,267,8,5.7,9.5,1.5,267,8,0,29.59,0.2,0,0,0,36.7,43.5,46.4,0.40,0.28,0.31
WEST,2019-11-08 23:30:00 EST,43.10647,-75.46146,655,25.0,25.3,17.8,75.4,18.3,0.000,0.000,0.00,0.000,5.5,8.5,1.4,264,9,6.0,9.4,1.5,267,8,6.0,9.4,1.5,267,8,0,29.59,0.1,0,0,0,36.7,43.5,46.4,0.40,0.28,0.31
WEST,2019-11-08 23:35:00 EST,43.10647,-75.46146,655,25.1,25.4,17.2,74.1,18.0,0.000,0.000,0.00,0.000,6.3,9.7,1.7,266,11,6.9,11.0,1.9,269,9,6.9,11.0,1.9,269,9,0,29.59,0.2,0,0,0,36.7,43.5,46.4,0.40,0.28,0.31
WEST,2019-11-08 23:40:00 EST,43.10647,-75.46146,655,25.2,25.4,17.5,73.6,17.9,0.000,0.000,0.00,0.000,6.0,9.4,1.3,264,10,6.7,10.4,1.5,267,9,6.7,10.4,1.5,267,9,0,29.59,0.2,0,0,0,36.7,43.5,46.4,0.40,0.29,0.31
WEST,2019-11-08 23:45:00 EST,43.10647,-75.46146,655,25.2,25.4,18.2,74.4,18.2,0.000,0.000,0.00,0.000,5.4,8.0,0.9,258,9,6.0,8.7,1.0,261,9,6.0,8.7,1.0,261,9,0,29.59,0.2,0,0,0,36.7,43.3,46.4,0.40,0.28,0.31
WEST,2019-11-08 23:50:00 EST,43.10647,-75.46146,655,25.3,25.6,18.6,74.7,18.4,0.000,0.000,0.00,0.000,5.0,7.7,1.0,262,12,5.6,8.7,1.0,264,11,5.6,8.7,1.0,264,11,0,29.59,0.2,0,0,0,36.7,43.4,46.4,0.40,0.28,0.31
WEST,2019-11-08 23:55:00 EST,43.10647,-75.46146,655,25.4,25.6,19.9,74.7,18.5,0.000,0.000,0.00,0.000,4.1,6.1,0.9,257,9,4.5,6.6,1.0,260,9,4.5,6.6,1.0,260,9,0,29.59,0.2,0,0,0,36.7,43.3,46.4,0.40,0.28,0.31
WFMB,2019-11-08 00:00:00 EST,44.39323,-73.85883,2016,19.7,19.8,19.7,83.3,15.4,0.000,0.170,0.00,0.000,1.9,7.1,1.3,267,56,2.7,7.7,1.6,267,54,2.7,7.7,1.6,267,54,0,27.86,0.7,0,0,0,39.4,43.3,46.6,0.22,0.27,0.31
WFMB,2019-11-08 00:05:00 EST,44.39323,-73.85883,2016,19.5,19.7,19.5,83.4,15.3,0.000,0.000,0.00,0.000,1.9,7.4,1.5,328,52,2.6,9.4,1.8,334,54,2.6,9.4,1.8,334,54,0,27.85,0.7,0,0,0,39.4,43.3,46.6,0.22,0.27,0.31
WFMB,2019-11-08 00:10:00 EST,44.39323,-73.85883,2016,19.2,19.4,19.2,82.8,14.9,0.000,0.000,0.00,0.000,1.8,6.7,1.6,322,53,2.6,7.9,1.7,329,59,2.6,7.9,1.7,329,59,0,27.85,0.7,0,0,0,39.4,43.3,46.6,0.22,0.27,0.31
WFMB,2019-11-08 00:15:00 EST,44.39323,-73.85883,2016,19.1,19.3,19.1,83.4,14.9,0.000,0.000,0.00,0.000,1.3,5.6,1.1,47,74,2.0,9.4,1.3,221,80,2.0,9.4,1.3,221,80,0,27.85,0.7,0,0,0,39.4,43.3,46.6,0.22,0.27,0.31
WFMB,2019-11-08 00:20:00 EST,44.39323,-73.85883,2016,18.9,19.1,18.9,83.5,14.7,0.000,0.000,0.00,0.000,0.9,3.6,1.0,331,51,1.6,5.1,0.9,322,61,1.6,5.1,0.9,322,61,0,27.84,0.7,0,0,0,39.4,43.3,46.6,0.22,0.27,0.31
WFMB,2019-11-08 00:25:00 EST,44.39323,-73.85883,2016,18.6,18.9,18.6,83.0,14.3,0.000,0.000,0.00,0.000,2.0,5.6,1.4,342,45,2.6,6.7,1.4,349,47,2.6,6.7,1.4,349,47,0,27.84,0.7,0,0,0,39.4,43.3,46.6,0.22,0.27,0.31
WFMB,2019-11-08 00:30:00 EST,44.39323,-73.85883,2016,18.5,18.8,18.5,83.1,14.3,0.000,0.000,0.00,0.000,1.4,9.3,1.4,304,49,2.0,8.7,1.6,306,56,2.0,8.7,1.6,306,56,0,27.84,0.7,0,0,0,39.4,43.3,46.6,0.22,0.27,0.31
WFMB,2019-11-08 00:35:00 EST,44.39323,-73.85883,2016,18.4,18.7,18.4,82.9,14.1,0.000,0.000,0.00,0.000,0.9,3.7,0.8,217,58,1.5,3.7,0.8,196,67,1.5,3.7,0.8,196,67,0,27.84,0.7,0,0,0,39.4,43.3,46.6,0.22,0.27,0.31
WFMB,2019-11-08 00:40:00 EST,44.39323,-73.85883,2016,18.3,18.5,18.3,82.0,13.7,0.000,0.000,0.00,0.000,2.2,5.6,1.3,323,43,2.8,7.9,1.5,324,50,2.8,7.9,1.5,324,50,0,27.84,0.7,0,0,0,39.3,43.3,46.6,0.22,0.27,0.31
WFMB,2019-11-08 00:45:00 EST,44.39323,-73.85883,2016,18.2,18.5,18.2,82.5,13.8,0.000,0.000,0.00,0.000,0.9,2.6,0.7,164,43,1.4,3.3,0.7,156,52,1.4,3.3,0.7,156,52,0,27.84,0.7,0,0,0,39.4,43.3,46.6,0.22,0.27,0.31
WFMB,2019-11-08 00:50:00 EST,44.39323,-73.85883,2016,18.0,18.4,18.0,83.4,13.8,0.000,0.000,0.00,0.000,0.4,2.6,0.6,98,48,1.0,2.4,0.5,152,63,1.0,2.4,0.5,152,63,0,27.84,0.7,0,0,0,39.3,43.3,46.6,0.22,0.27,0.31
WFMB,2019-11-08 00:55:00 EST,44.39323,-73.85883,2016,18.1,18.4,18.1,82.7,13.7,0.000,0.000,0.00,0.000,1.6,6.3,1.4,244,38,2.2,8.3,1.5,244,51,2.2,8.3,1.5,244,51,0,27.84,0.7,0,0,0,39.2,43.3,46.6,0.22,0.27,0.31
WFMB,2019-11-08 01:00:00 EST,44.39323,-73.85883,2016,18.3,18.4,18.3,81.0,13.4,0.000,0.000,0.00,0.000,1.2,3.4,0.8,211,60,1.8,4.8,0.9,196,65,1.8,4.8,0.9,196,65,0,27.84,0.7,0,0,0,39.2,43.3,46.6,0.22,0.27,0.31
WFMB,2019-11-08 01:05:00 EST,44.39323,-73.85883,2016,18.3,18.5,18.3,81.8,13.6,0.000,0.000,0.00,0.000,1.2,4.6,1.0,289,47,1.9,5.0,1.1,305,58,1.9,5.0,1.1,305,58,0,27.83,0.6,0,0,0,39.2,43.3,46.6,0.22,0.27,0.31
WFMB,2019-11-08 01:10:00 EST,44.39323,-73.85883,2016,18.2,18.4,18.2,83.2,14.0,0.000,0.000,0.00,0.000,0.8,4.4,0.9,324,20,1.2,5.4,0.9,321,43,1.2,5.4,0.9,321,43,0,27.83,0.7,0,0,0,39.2,43.3,46.6,0.22,0.27,0.31
WFMB,2019-11-08 01:15:00 EST,44.39323,-73.85883,2016,18.1,18.4,18.1,83.5,13.9,0.000,0.000,0.00,0.000,0.8,2.2,0.7,96,40,1.2,2.5,0.6,91,45,1.2,2.5,0.6,91,45,0,27.83,0.7,0,0,0,39.2,43.3,46.6,0.22,0.27,0.31
WFMB,2019-11-08 01:20:00 EST,44.39323,-73.85883,2016,18.2,18.6,18.2,82.0,13.7,0.000,0.000,0.00,0.000,1.0,2.9,0.7,218,60,1.3,3.9,0.7,175,71,1.3,3.9,0.7,175,71,0,27.83,0.7,0,0,0,39.2,43.3,46.6,0.22,0.27,0.31
WFMB,2019-11-08 01:25:00 EST,44.39323,-73.85883,2016,18.1,18.6,18.1,80.8,13.2,0.000,0.000,0.00,0.000,1.3,4.2,1.0,94,32,1.7,4.9,1.0,95,43,1.7,4.9,1.0,95,43,0,27.83,0.6,0,0,0,39.2,43.3,46.6,0.22,0.27,0.31
WFMB,2019-11-08 01:30:00 EST,44.39323,-73.85883,2016,18.1,18.5,18.1,78.4,12.5,0.000,0.000,0.00,0.000,1.6,4.0,0.9,258,54,1.9,6.8,1.0,258,58,1.9,6.8,1.0,258,58,0,27.83,0.6,0,0,0,39.2,43.3,46.6,0.22,0.27,0.31
WFMB,2019-11-08 01:35:00 EST,44.39323,-73.85883,2016,18.2,18.5,18.2,73.4,11.1,0.000,0.000,0.00,0.000,1.9,6.5,1.1,304,35,2.4,7.7,1.3,304,36,2.4,7.7,1.3,304,36,0,27.83,0.6,0,0,0,39.2,43.3,46.6,0.22,0.27,0.31
WFMB,2019-11-08 01:40:00 EST,44.39323,-73.85883,2016,18.1,18.5,13.3,72.9,10.9,0.000,0.000,0.00,0.000,2.7,7.5,1.4,289,48,3.2,9.8,1.5,290,48,3.2,9.8,1.5,290,48,0,27.83,0.6,0,0,0,39.2,43.2,46.6,0.22,0.27,0.31
WFMB,2019-11-08 01:45:00 EST,44.39323,-73.85883,2016,18.1,18.4,12.9,70.6,10.2,0.000,0.000,0.00,0.000,3.1,6.6,1.5,246,45,3.4,7.0,1.4,247,47,3.4,7.0,1.4,247,47,0,27.83,0.6,0,0,0,39.2,43.2,46.6,0.22,0.27,0.31
WFMB,2019-11-08 01:50:00 EST,44.39323,-73.85883,2016,18.1,18.3,12.2,69.7,9.8,0.000,0.000,0.00,0.000,3.5,6.1,1.3,292,31,3.9,7.3,1.6,296,33,3.9,7.3,1.6,296,33,0,27.83,0.6,0,0,0,39.2,43.2,46.6,0.22,0.27,0.31
WFMB,2019-11-08 01:55:00 EST,44.39323,-73.85883,2016,18.0,18.2,18.0,71.3,10.3,0.000,0.000,0.00,0.000,2.0,6.4,1.4,261,51,2.5,7.5,1.6,259,58,2.5,7.5,1.6,259,58,0,27.83,0.6,0,0,0,39.2,43.2,46.6,0.22,0.27,0.31
WFMB,2019-11-08 02:00:00 EST,44.39323,-73.85883,2016,18.0,18.2,12.7,70.7,10.1,0.000,0.000,0.00,0.000,2.6,5.3,1.4,277,52,3.4,7.6,1.6,281,55,3.4,7.6,1.6,281,55,0,27.83,0.6,0,0,0,39.2,43.2,46.6,0.22,0.27,0.31
WFMB,2019-11-08 02:05:00 EST,44.39323,-73.85883,2016,17.8,18.0,11.8,72.0,10.3,0.000,0.000,0.00,0.000,3.4,7.9,1.8,325,28,3.9,10.7,2.0,327,30,3.9,10.7,2.0,327,30,0,27.83,0.6,0,0,0,39.2,43.2,46.6,0.22,0.27,0.31
WFMB,2019-11-08 02:10:00 EST,44.39323,-73.85883,2016,17.8,18.0,17.8,71.6,10.2,0.000,0.000,0.00,0.000,2.5,6.4,1.6,277,31,2.8,7.6,1.8,273,31,2.8,7.6,1.8,273,31,0,27.83,0.6,0,0,0,39.2,43.2,46.6,0.22,0.27,0.31
WFMB,2019-11-08 02:15:00 EST,44.39323,-73.85883,2016,17.7,17.9,11.9,72.5,10.3,0.000,0.000,0.00,0.000,3.2,6.7,1.3,275,31,3.8,8.1,1.6,272,32,3.8,8.1,1.6,272,32,0,27.83,0.6,0,0,0,39.2,43.2,46.6,0.22,0.27,0.31
WFMB,2019-11-08 02:20:00 EST,44.39323,-73.85883,2016,17.5,17.8,12.7,74.7,10.9,0.000,0.000,0.00,0.000,2.7,7.7,2.1,300,25,3.2,9.4,2.2,300,32,3.2,9.4,2.2,300,32,0,27.83,0.6,0,0,0,39.2,43.2,46.6,0.22,0.27,0.31
WFMB,2019-11-08 02:25:00 EST,44.39323,-73.85883,2016,17.5,17.7,11.0,74.6,10.8,0.000,0.000,0.00,0.000,3.6,7.3,1.4,283,20,4.2,9.2,1.7,284,19,4.2,9.2,1.7,284,19,0,27.83,0.6,0,0,0,39.2,43.2,46.6,0.22,0.27,0.31
WFMB,2019-11-08 02:30:00 EST,44.39323,-73.85883,2016,17.4,17.6,12.4,75.6,11.0,0.000,0.000,0.00,0.000,2.7,8.7,1.8,284,34,3.2,8.5,2.0,283,35,3.2,8.5,2.0,283,35,0,27.83,0.6,0,0,0,39.2,43.2,46.6,0.22,0.27,0.31
WFMB,2019-11-08 02:35:00 EST,44.39323,-73.85883,2016,17.4,17.6,17.4,76.4,11.2,0.000,0.000,0.00,0.000,2.3,6.0,1.1,256,40,2.8,6.7,1.3,254,41,2.8,6.7,1.3,254,41,0,27.83,0.6,0,0,0,39.2,43.2,46.6,0.22,0.27,0.31
WFMB,2019-11-08 02:40:00 EST,44.39323,-73.85883,2016,17.2,17.5,11.4,75.9,10.9,0.000,0.000,0.00,0.000,3.4,6.7,1.3,276,38,3.7,8.9,1.7,276,39,3.7,8.9,1.7,276,39,0,27.82,0.6,0,0,0,39.2,43.2,46.6,0.22,0.27,0.31
WFMB,2019-11-08 02:45:00 EST,44.39323,-73.85883,2016,17.1,17.4,11.6,75.5,10.7,0.000,0.000,0.00,0.000,2.9,6.2,1.7,267,32,3.5,9.5,2.1,262,33,3.5,9.5,2.1,262,33,0,27.82,0.6,0,0,0,39.2,43.2,46.6,0.22,0.27,0.31
WFMB,2019-11-08 02:50:00 EST,44.39323,-73.85883,2016,17.0,17.3,10.7,75.7,10.7,0.000,0.000,0.00,0.000,3.3,9.0,1.5,275,29,4.0,12.4,1.9,275,28,4.0,12.4,1.9,275,28,0,27.82,0.6,0,0,0,39.1,43.2,46.6,0.22,0.27,0.31
WFMB,2019-11-08 02:55:00 EST,44.39323,-73.85883,2016,16.9,17.2,10.9,75.3,10.4,0.000,0.000,0.00,0.000,3.4,10.4,1.6,267,34,3.8,14.2,2.0,268,34,3.8,14.2,2.0,268,34,0,27.82,0.6,0,0,0,39.1,43.2,46.6,0.22,0.27,0.31
WFMB,2019-11-08 03:00:00 EST,44.39323,-73.85883,2016,16.7,17.1,12.0,75.3,10.3,0.000,0.000,0.00,0.000,2.9,9.4,1.6,282,32,3.0,7.7,1.5,282,33,3.0,7.7,1.5,282,33,0,27.82,0.6,0,0,0,39.0,43.2,46.6,0.22,0.27,0.31
WFMB,2019-11-08 03:05:00 EST,44.39323,-73.85883,2016,16.7,17.0,11.0,75.0,10.1,0.000,0.000,0.00,0.000,3.0,8.4,2.0,279,36,3.6,11.5,2.1,274,38,3.6,11.5,2.1,274,38,0,27.82,0.6,0,0,0,39.0,43.2,46.6,0.22,0.27,0.31
WFMB,2019-11-08 03:10:00 EST,44.39323,-73.85883,2016,16.6,17.0,11.7,74.9,10.0,0.000,0.000,0.00,0.000,2.5,9.4,2.3,283,36,3.1,11.8,2.6,280,39,3.1,11.8,2.6,280,39,0,27.82,0.6,0,0,0,39.0,43.2,46.6,0.22,0.27,0.31
WFMB,2019-11-08 03:15:00 EST,44.39323,-73.85883,2016,16.5,16.9,11.1,75.4,10.1,0.000,0.000,0.00,0.000,2.9,9.2,1.9,281,30,3.4,10.2,2.0,281,35,3.4,10.2,2.0,281,35,0,27.82,0.6,0,0,0,39.0,43.2,46.6,0.22,0.27,0.31
WFMB,2019-11-08 03:20:00 EST,44.39323,-73.85883,2016,16.3,16.8,10.6,76.3,10.2,0.000,0.000,0.00,0.000,2.9,9.8,2.4,276,36,3.6,11.5,2.8,282,40,3.6,11.5,2.8,282,40,0,27.82,0.6,0,0,0,39.0,43.2,46.6,0.22,0.27,0.31
WFMB,2019-11-08 03:25:00 EST,44.39323,-73.85883,2016,16.3,16.8,16.3,76.4,10.2,0.000,0.000,0.00,0.000,2.4,9.4,1.5,257,45,2.7,9.7,1.5,253,47,2.7,9.7,1.5,253,47,0,27.82,0.5,0,0,0,39.0,43.2,46.5,0.22,0.27,0.31
WFMB,2019-11-08 03:30:00 EST,44.39323,-73.85883,2016,16.4,16.8,10.0,76.6,10.3,0.000,0.000,0.00,0.000,3.6,7.5,1.7,291,28,4.0,8.7,1.8,290,29,4.0,8.7,1.8,290,29,0,27.82,0.6,0,0,0,39.0,43.2,46.6,0.22,0.27,0.31
WFMB,2019-11-08 03:35:00 EST,44.39323,-73.85883,2016,16.4,16.8,11.0,77.5,10.6,0.000,0.000,0.00,0.000,3.0,7.4,1.5,280,32,3.4,9.4,1.8,279,32,3.4,9.4,1.8,279,32,0,27.82,0.6,0,0,0,39.0,43.2,46.6,0.22,0.27,0.31
WFMB,2019-11-08 03:40:00 EST,44.39323,-73.85883,2016,16.5,16.8,8.7,76.6,10.4,0.000,0.000,0.00,0.000,4.4,11.1,2.0,266,27,5.1,14.2,2.3,267,26,5.1,14.2,2.3,267,26,0,27.82,0.6,0,0,0,39.0,43.2,46.5,0.22,0.27,0.31
WFMB,2019-11-08 03:45:00 EST,44.39323,-73.85883,2016,16.5,16.8,8.9,75.3,10.1,0.000,0.000,0.00,0.000,4.0,11.3,2.3,272,26,5.0,13.7,2.6,275,30,5.0,13.7,2.6,275,30,0,27.82,0.6,0,0,0,39.0,43.2,46.5,0.22,0.27,0.31
WFMB,2019-11-08 03:50:00 EST,44.39323,-73.85883,2016,16.5,16.8,8.6,75.2,10.0,0.000,0.000,0.00,0.000,4.4,8.6,2.3,261,26,5.2,12.7,2.6,262,26,5.2,12.7,2.6,262,26,0,27.82,0.6,0,0,0,39.0,43.2,46.5,0.22,0.27,0.31
WFMB,2019-11-08 03:55:00 EST,44.39323,-73.85883,2016,16.5,16.7,10.0,76.2,10.3,0.000,0.000,0.00,0.000,3.6,8.8,1.8,270,34,4.1,9.6,2.0,266,32,4.1,9.6,2.0,266,32,0,27.82,0.6,0,0,0,39.0,43.2,46.4,0.22,0.27,0.31
WFMB,2019-11-08 04:00:00 EST,44.39323,-73.85883,2016,16.5,16.7,8.7,76.3,10.3,0.000,0.000,0.00,0.000,4.5,9.6,1.4,276,22,5.1,12.2,1.9,274,20,5.1,12.2,1.9,274,20,0,27.82,0.5,0,0,0,38.9,43.2,46.4,0.22,0.27,0.31
WFMB,2019-11-08 04:05:00 EST,44.39323,-73.85883,2016,16.4,16.7,10.9,75.9,10.1,0.000,0.000,0.00,0.000,2.9,7.5,1.7,283,37,3.4,8.4,1.7,283,38,3.4,8.4,1.7,283,38,0,27.82,0.6,0,0,0,38.9,43.2,46.4,0.22,0.27,0.31
WFMB,2019-11-08 04:10:00 EST,44.39323,-73.85883,2016,16.2,16.5,9.2,76.1,10.0,0.000,0.000,0.00,0.000,3.9,8.8,1.5,263,28,4.5,11.1,2.0,261,28,4.5,11.1,2.0,261,28,0,27.82,0.6,0,0,0,38.8,43.2,46.4,0.22,0.27,0.31
WFMB,2019-11-08 04:15:00 EST,44.39323,-73.85883,2016,15.9,16.3,9.2,76.7,9.9,0.000,0.000,0.00,0.000,4.0,8.2,1.7,290,28,4.2,10.0,1.7,291,30,4.2,10.0,1.7,291,30,0,27.81,0.5,0,0,0,38.8,43.2,46.4,0.22,0.27,0.31
WFMB,2019-11-08 04:20:00 EST,44.39323,-73.85883,2016,15.7,16.3,8.9,74.7,9.1,0.000,0.000,0.00,0.000,3.8,6.5,1.5,284,27,4.3,9.8,1.7,284,26,4.3,9.8,1.7,284,26,0,27.82,0.6,0,0,0,38.8,43.2,46.4,0.22,0.27,0.31
WFMB,2019-11-08 04:25:00 EST,44.39323,-73.85883,2016,15.6,16.2,8.3,71.7,8.1,0.000,0.000,0.00,0.000,4.3,11.5,1.9,285,25,4.6,12.5,2.2,284,23,4.6,12.5,2.2,284,23,0,27.82,0.5,0,0,0,38.8,43.2,46.4,0.22,0.27,0.31
WFMB,2019-11-08 04:30:00 EST,44.39323,-73.85883,2016,15.3,15.9,6.3,72.6,8.1,0.000,0.000,0.00,0.000,5.4,10.3,1.9,281,21,6.0,11.9,2.5,280,19,6.0,11.9,2.5,280,19,0,27.82,0.5,0,0,0,38.8,43.2,46.4,0.22,0.27,0.31
WFMB,2019-11-08 04:35:00 EST,44.39323,-73.85883,2016,15.1,15.8,6.0,74.9,8.6,0.000,0.000,0.00,0.000,5.3,10.4,1.6,276,19,6.0,11.0,2.0,278,17,6.0,11.0,2.0,278,17,0,27.82,0.5,0,0,0,38.8,43.2,46.4,0.22,0.27,0.31
WFMB,2019-11-08 04:40:00 EST,44.39323,-73.85883,2016,15.1,15.7,6.2,74.7,8.5,0.000,0.000,0.00,0.000,5.3,9.6,1.9,283,17,5.8,12.6,2.4,282,14,5.8,12.6,2.4,282,14,0,27.82,0.6,0,0,0,38.8,43.2,46.4,0.22,0.27,0.31
WFMB,2019-11-08 04:45:00 EST,44.39323,-73.85883,2016,15.0,15.7,5.5,73.5,8.1,0.000,0.000,0.00,0.000,5.9,9.5,1.5,279,15,6.5,11.4,2.0,281,14,6.5,11.4,2.0,281,14,0,27.82,0.6,0,0,0,38.8,43.2,46.4,0.22,0.27,0.31
WFMB,2019-11-08 04:50:00 EST,44.39323,-73.85883,2016,15.1,15.8,5.3,72.2,7.7,0.000,0.000,0.00,0.000,6.1,9.3,1.5,276,14,6.8,12.0,2.0,278,11,6.8,12.0,2.0,278,11,0,27.82,0.5,0,0,0,38.8,43.2,46.4,0.22,0.27,0.31
WFMB,2019-11-08 04:55:00 EST,44.39323,-73.85883,2016,15.0,15.7,5.5,71.9,7.6,0.000,0.000,0.00,0.000,5.8,12.5,1.6,281,18,6.4,15.2,2.0,280,11,6.4,15.2,2.0,280,11,0,27.82,0.6,0,0,0,38.8,43.2,46.4,0.22,0.27,0.31
WFMB,2019-11-08 05:00:00 EST,44.39323,-73.85883,2016,15.0,15.6,5.3,73.9,8.2,0.000,0.000,0.00,0.000,6.2,12.8,2.0,285,16,6.7,13.8,2.5,286,12,6.7,13.8,2.5,286,12,0,27.82,0.5,0,0,0,38.7,43.1,46.4,0.22,0.27,0.31
WFMB,2019-11-08 05:05:00 EST,44.39323,-73.85883,2016,14.8,15.3,4.1,78.2,9.2,0.000,0.000,0.00,0.000,6.9,15.0,2.3,276,16,7.7,18.5,2.9,275,12,7.7,18.5,2.9,275,12,0,27.82,0.5,0,0,0,38.7,43.2,46.4,0.22,0.27,0.31
WFMB,2019-11-08 05:10:00 EST,44.39323,-73.85883,2016,14.8,15.3,3.9,80.1,9.8,0.000,0.000,0.00,0.000,7.0,12.6,1.8,278,18,7.9,16.3,2.6,278,14,7.9,16.3,2.6,278,14,0,27.82,0.5,0,0,0,38.7,43.2,46.4,0.22,0.27,0.31
WFMB,2019-11-08 05:15:00 EST,44.39323,-73.85883,2016,14.7,15.3,4.0,80.0,9.7,0.000,0.000,0.00,0.000,7.1,13.2,2.0,281,18,7.8,16.3,2.7,280,14,7.8,16.3,2.7,280,14,0,27.82,0.6,0,0,0,38.7,43.2,46.4,0.22,0.26,0.31
WFMB,2019-11-08 05:20:00 EST,44.39323,-73.85883,2016,14.8,15.3,4.0,79.4,9.6,0.000,0.000,0.00,0.000,7.3,13.2,2.4,278,16,7.9,16.4,3.0,278,14,7.9,16.4,3.0,278,14,0,27.82,0.5,0,0,0,38.7,43.1,46.4,0.22,0.27,0.31
WFMB,2019-11-08 05:25:00 EST,44.39323,-73.85883,2016,14.9,15.4,4.7,78.6,9.4,0.000,0.000,0.00,0.000,6.7,11.0,1.8,280,18,7.2,13.3,2.3,280,15,7.2,13.3,2.3,280,15,0,27.82,0.5,0,0,0,38.7,43.0,46.4,0.22,0.26,0.31
WFMB,2019-11-08 05:30:00 EST,44.39323,-73.85883,2016,15.1,15.5,4.9,78.1,9.5,0.000,0.000,0.00,0.000,6.5,11.0,1.7,280,18,7.2,12.9,2.3,281,15,7.2,12.9,2.3,281,15,0,27.82,0.6,0,0,0,38.7,43.1,46.4,0.22,0.26,0.31
WFMB,2019-11-08 05:35:00 EST,44.39323,-73.85883,2016,15.4,15.7,5.2,76.9,9.4,0.000,0.000,0.00,0.000,6.5,12.4,1.8,279,17,7.3,16.2,2.6,278,11,7.3,16.2,2.6,278,11,0,27.82,0.6,0,0,0,38.7,43.0,46.4,0.22,0.26,0.31
WFMB,2019-11-08 05:40:00 EST,44.39323,-73.85883,2016,15.4,15.7,4.9,76.8,9.5,0.000,0.000,0.00,0.000,7.1,13.5,1.9,285,15,7.7,17.5,2.5,283,13,7.7,17.5,2.5,283,13,0,27.82,0.6,0,0,0,38.7,43.0,46.4,0.22,0.27,0.31
WFMB,2019-11-08 05:45:00 EST,44.39323,-73.85883,2016,15.5,15.7,5.8,77.5,9.7,0.000,0.000,0.00,0.000,6.3,11.3,1.7,281,18,6.7,13.9,1.9,284,14,6.7,13.9,1.9,284,14,0,27.82,0.6,0,0,0,38.7,43.0,46.4,0.22,0.27,0.31
WFMB,2019-11-08 05:50:00 EST,44.39323,-73.85883,2016,15.6,15.9,5.4,77.5,9.9,0.000,0.000,0.00,0.000,6.7,14.4,2.0,282,18,7.4,17.6,2.6,281,14,7.4,17.6,2.6,281,14,0,27.82,0.6,0,0,0,38.7,43.0,46.4,0.22,0.26,0.31
WFMB,2019-11-08 05:55:00 EST,44.39323,-73.85883,2016,15.9,16.0,5.8,77.0,9.9,0.000,0.000,0.00,0.000,6.5,10.7,2.1,274,18,7.3,14.1,2.6,274,16,7.3,14.1,2.6,274,16,0,27.83,0.6,0,0,0,38.7,43.0,46.4,0.22,0.26,0.31
WFMB,2019-11-08 06:00:00 EST,44.39323,-73.85883,2016,16.0,16.2,7.9,77.5,10.2,0.000,0.000,0.00,0.000,4.8,9.1,1.5,279,19,5.3,10.6,1.9,279,17,5.3,10.6,1.9,279,17,0,27.83,0.4,0,0,0,38.6,43.0,46.4,0.22,0.26,0.31
WFMB,2019-11-08 06:05:00 EST,44.39323,-73.85883,2016,16.1,16.2,7.4,77.4,10.2,0.000,0.000,0.00,0.000,5.4,10.2,2.0,283,20,5.8,12.3,2.3,281,19,5.8,12.3,2.3,281,19,0,27.83,0.4,0,0,0,38.5,43.0,46.4,0.22,0.26,0.31
WFMB,2019-11-08 06:10:00 EST,44.39323,-73.85883,2016,16.0,16.0,7.2,77.8,10.3,0.000,0.000,0.00,0.000,5.8,10.9,2.2,293,24,6.0,12.8,2.4,295,19,6.0,12.8,2.4,295,19,0,27.83,0.4,0,0,0,38.5,43.0,46.4,0.22,0.26,0.31
WFMB,2019-11-08 06:15:00 EST,44.39323,-73.85883,2016,15.7,15.7,7.8,80.8,10.9,0.000,0.000,0.00,0.000,4.7,10.4,1.6,285,22,5.1,14.7,2.1,282,19,5.1,14.7,2.1,282,19,0,27.83,0.6,0,0,0,38.5,43.0,46.4,0.22,0.26,0.31
WFMB,2019-11-08 06:20:00 EST,44.39323,-73.85883,2016,15.6,15.6,6.7,82.9,11.4,0.000,0.000,0.00,0.000,5.6,14.9,1.9,278,21,6.1,16.1,2.4,277,21,6.1,16.1,2.4,277,21,0,27.83,0.5,0,0,0,38.5,43.0,46.4,0.22,0.26,0.31
WFMB,2019-11-08 06:25:00 EST,44.39323,-73.85883,2016,15.6,15.7,7.4,83.0,11.4,0.000,0.000,0.00,0.000,4.7,9.6,1.6,284,24,5.4,12.7,2.3,286,21,5.4,12.7,2.3,286,21,0,27.84,0.7,0,0,0,38.5,43.0,46.4,0.22,0.26,0.31
WFMB,2019-11-08 06:30:00 EST,44.39323,-73.85883,2016,15.8,15.9,9.0,84.5,12.0,0.005,0.005,0.00,0.005,3.8,7.4,1.2,287,24,4.3,8.5,1.5,291,23,4.3,8.5,1.5,291,23,0,27.84,0.7,0,0,0,38.5,43.0,46.4,0.22,0.26,0.31
WFMB,2019-11-08 06:35:00 EST,44.39323,-73.85883,2016,16.1,16.2,9.3,82.7,11.7,0.000,0.005,0.00,0.005,3.8,7.3,1.8,277,28,4.3,9.5,2.2,276,25,4.3,9.5,2.2,276,25,1,27.84,0.5,0,0,0,38.5,43.0,46.4,0.22,0.26,0.31
WFMB,2019-11-08 06:40:00 EST,44.39323,-73.85883,2016,16.2,16.4,9.5,81.9,11.7,0.000,0.005,0.00,0.005,3.7,8.5,1.7,285,34,4.3,11.7,2.0,282,34,4.3,11.7,2.0,282,34,2,27.84,0.3,0,0,0,38.5,43.0,46.4,0.22,0.26,0.31
WFMB,2019-11-08 06:45:00 EST,44.39323,-73.85883,2016,16.3,16.4,10.3,81.9,11.7,0.000,0.005,0.00,0.005,3.5,7.5,1.7,289,28,3.8,8.6,1.8,291,28,3.8,8.6,1.8,291,28,2,27.84,0.4,0,0,0,38.5,43.0,46.4,0.22,0.26,0.31
WFMB,2019-11-08 06:50:00 EST,44.39323,-73.85883,2016,16.3,16.4,8.1,81.4,11.6,0.000,0.005,0.00,0.005,5.0,10.4,2.2,294,31,5.4,12.6,2.6,294,28,5.4,12.6,2.6,294,28,4,27.85,0.1,0,0,0,38.5,43.0,46.4,0.22,0.26,0.31
WFMB,2019-11-08 06:55:00 EST,44.39323,-73.85883,2016,16.3,16.4,8.2,81.3,11.6,0.000,0.005,0.00,0.005,4.9,9.9,1.6,279,28,5.4,11.6,1.8,280,28,5.4,11.6,1.8,280,28,6,27.85,0.4,0,0,0,38.5,43.0,46.4,0.22,0.26,0.31
WFMB,2019-11-08 07:00:00 EST,44.39323,-73.85883,2016,16.3,16.4,9.4,82.1,11.8,0.004,0.008,0.00,0.008,3.8,8.6,1.8,267,28,4.3,10.5,2.2,269,26,4.3,10.5,2.2,269,26,7,27.85,0.4,0,0,0,38.5,43.0,46.4,0.22,0.26,0.31
WFMB,2019-11-08 07:05:00 EST,44.39323,-73.85883,2016,16.5,16.6,7.7,80.9,11.6,0.000,0.008,0.00,0.008,5.4,12.6,2.5,263,26,6.1,12.5,2.7,264,23,6.1,12.5,2.7,264,23,11,27.85,0.3,0,0,0,38.4,43.0,46.4,0.22,0.26,0.31
WFMB,2019-11-08 07:10:00 EST,44.39323,-73.85883,2016,16.6,16.8,8.4,80.0,11.5,0.000,0.008,0.00,0.008,5.0,12.2,2.8,262,26,5.5,13.9,3.1,263,25,5.5,13.9,3.1,263,25,16,27.85,,0,0,0,38.5,43.0,46.4,0.22,0.26,0.31
WFMB,2019-11-08 07:15:00 EST,44.39323,-73.85883,2016,16.7,16.8,8.5,79.7,11.5,0.000,0.008,0.00,0.008,4.9,11.3,2.2,259,24,5.5,13.9,2.9,259,21,5.5,13.9,2.9,259,21,24,27.86,,0,0,0,38.4,43.0,46.4,0.22,0.26,0.31
WFMB,2019-11-08 07:20:00 EST,44.39323,-73.85883,2016,16.7,16.7,8.3,79.4,11.5,0.000,0.008,0.00,0.008,5.0,17.5,3.1,261,26,5.7,17.5,3.2,260,25,5.7,17.5,3.2,260,25,26,27.86,,0,0,0,38.3,43.0,46.4,0.22,0.26,0.31
WFMB,2019-11-08 07:25:00 EST,44.39323,-73.85883,2016,16.8,16.8,10.4,80.5,11.9,0.000,0.008,0.00,0.008,3.8,11.6,2.3,282,28,4.1,12.7,2.5,280,29,4.1,12.7,2.5,280,29,35,27.86,,0,0,0,38.3,43.0,46.4,0.22,0.26,0.31
WFMB,2019-11-08 07:30:00 EST,44.39323,-73.85883,2016,16.9,16.8,9.9,81.2,12.1,0.000,0.008,0.00,0.004,4.0,11.5,2.6,255,27,4.6,14.9,2.9,256,28,4.6,14.9,2.9,256,28,37,27.86,,0,0,0,38.3,43.0,46.4,0.22,0.26,0.31
WFMB,2019-11-08 07:35:00 EST,44.39323,-73.85883,2016,16.9,16.9,8.6,80.9,12.0,0.000,0.008,0.00,0.004,5.0,11.6,2.4,270,27,5.6,14.2,2.6,270,27,5.6,14.2,2.6,270,27,61,27.87,,0,0,0,38.3,43.0,46.4,0.22,0.26,0.31
WFMB,2019-11-08 07:40:00 EST,44.39323,-73.85883,2016,17.1,17.1,8.7,80.5,12.2,0.000,0.008,0.00,0.004,5.0,13.0,2.1,283,35,5.8,14.3,2.6,281,35,5.8,14.3,2.6,281,35,108,27.87,1.2,0,0,0,38.3,43.0,46.4,0.22,0.26,0.31
WFMB,2019-11-08 07:45:00 EST,44.39323,-73.85883,2016,17.5,17.3,9.3,79.8,12.3,0.000,0.008,0.00,0.004,4.7,10.0,2.0,270,28,5.6,13.2,2.6,271,25,5.6,13.2,2.6,271,25,103,27.87,1.1,0,0,0,38.3,43.0,46.4,0.22,0.26,0.31
WFMB,2019-11-08 07:50:00 EST,44.39323,-73.85883,2016,17.3,17.2,10.7,80.9,12.4,0.000,0.008,0.00,0.004,3.6,9.3,2.1,288,26,4.3,11.0,2.5,289,27,4.3,11.0,2.5,289,27,123,27.87,1.2,0,0,0,38.3,43.0,46.4,0.22,0.26,0.31
WFMB,2019-11-08 07:55:00 EST,44.39323,-73.85883,2016,18.0,17.8,11.2,78.8,12.5,0.000,0.008,0.00,0.004,3.9,10.6,2.5,268,41,4.5,12.5,2.8,273,44,4.5,12.5,2.8,273,44,121,27.88,0.9,0,0,0,38.3,42.9,46.4,0.22,0.26,0.31
WFMB,2019-11-08 08:00:00 EST,44.39323,-73.85883,2016,17.8,17.8,9.8,76.7,11.7,0.000,0.008,0.00,0.000,5.2,10.5,1.8,276,34,5.6,11.4,2.2,278,34,5.6,11.4,2.2,278,34,97,27.88,1.2,0,0,0,38.3,42.9,46.4,0.22,0.26,0.31
WFMB,2019-11-08 08:05:00 EST,44.39323,-73.85883,2016,17.9,17.7,11.7,76.8,11.8,0.000,0.008,0.00,0.000,3.8,18.6,3.4,275,43,4.0,19.0,3.4,275,48,4.0,19.0,3.4,275,48,122,27.88,1.2,0,0,0,38.3,42.9,46.4,0.22,0.26,0.31
WFMB,2019-11-08 08:10:00 EST,44.39323,-73.85883,2016,18.2,17.9,11.9,77.5,12.3,0.000,0.008,0.00,0.000,3.6,10.8,2.3,282,33,4.1,12.3,2.8,279,35,4.1,12.3,2.8,279,35,149,27.88,1.1,0,0,0,38.3,42.8,46.4,0.22,0.26,0.31
WFMB,2019-11-08 08:15:00 EST,44.39323,-73.85883,2016,18.4,18.3,11.5,75.9,12.1,0.000,0.008,0.00,0.000,3.8,10.9,2.3,296,44,4.7,12.7,2.4,292,43,4.7,12.7,2.4,292,43,185,27.88,,0,0,0,38.3,42.8,46.4,0.22,0.26,0.31
WFMB,2019-11-08 08:20:00 EST,44.39323,-73.85883,2016,18.5,18.4,10.5,75.2,11.9,0.000,0.008,0.00,0.000,4.7,10.9,2.3,277,36,5.7,12.7,2.6,275,35,5.7,12.7,2.6,275,35,185,27.88,0.8,0,0,0,38.3,42.8,46.4,0.22,0.26,0.31
WFMB,2019-11-08 08:25:00 EST,44.39323,-73.85883,2016,18.7,18.5,12.5,76.2,12.5,0.000,0.008,0.00,0.000,3.2,10.1,2.6,287,53,4.2,13.0,2.6,271,55,4.2,13.0,2.6,271,55,201,27.88,0.9,0,0,0,38.3,42.8,46.4,0.22,0.26,0.31
WFMB,2019-11-08 08:30:00 EST,44.39323,-73.85883,2016,18.7,18.5,14.0,77.5,12.8,0.000,0.008,0.00,0.000,2.3,7.2,1.6,308,55,3.1,8.1,1.6,304,55,3.1,8.1,1.6,304,55,174,27.88,0.9,0,0,0,38.3,42.8,46.4,0.22,0.26,0.31
WFMB,2019-11-08 08:35:00 EST,44.39323,-73.85883,2016,18.8,18.6,12.0,77.1,12.8,0.000,0.008,0.00,0.000,3.9,13.6,2.8,304,33,4.7,14.0,3.0,301,36,4.7,14.0,3.0,301,36,202,27.88,0.7,0,0,0,38.3,42.8,46.4,0.22,0.26,0.31
WFMB,2019-11-08 08:40:00 EST,44.39323,-73.85883,2016,18.9,18.7,12.5,77.1,12.9,0.000,0.008,0.00,0.000,3.8,10.7,2.5,313,38,4.4,10.9,2.3,314,39,4.4,10.9,2.3,314,39,243,27.88,1.0,0,0,0,38.3,42.8,46.4,0.22,0.26,0.31
WFMB,2019-11-08 08:45:00 EST,44.39323,-73.85883,2016,18.7,18.7,13.3,77.6,12.9,0.000,0.008,0.00,0.000,3.0,11.0,2.3,282,41,3.6,10.8,2.3,288,50,3.6,10.8,2.3,288,50,121,27.89,1.1,0,0,0,38.3,42.8,46.4,0.22,0.26,0.31
WFMB,2019-11-08 08:50:00 EST,44.39323,-73.85883,2016,18.2,18.1,9.8,79.6,12.9,0.000,0.008,0.00,0.000,5.0,10.7,2.2,313,40,6.0,13.7,2.6,313,37,6.0,13.7,2.6,313,37,83,27.89,0.9,0,0,0,38.3,42.8,46.4,0.22,0.26,0.31
WFMB,2019-11-08 08:55:00 EST,44.39323,-73.85883,2016,17.7,17.7,10.7,82.2,13.2,0.000,0.008,0.00,0.000,3.7,9.1,1.9,323,52,4.6,13.3,2.4,330,51,4.6,13.3,2.4,330,51,54,27.89,0.1,0,0,0,38.3,42.8,46.4,0.22,0.26,0.31
WFMB,2019-11-08 09:00:00 EST,44.39323,-73.85883,2016,17.7,17.7,9.7,79.6,12.4,0.000,0.008,0.00,0.000,4.4,15.7,2.6,285,34,5.5,17.2,3.1,284,34,5.5,17.2,3.1,284,34,112,27.89,1.4,0,0,0,38.3,42.8,46.4,0.22,0.26,0.31
WFMB,2019-11-08 09:05:00 EST,44.39323,-73.85883,2016,18.2,18.1,10.4,74.0,11.3,0.000,0.008,0.00,0.000,4.5,10.6,2.3,298,32,5.4,13.3,2.7,295,31,5.4,13.3,2.7,295,31,214,27.89,1.4,0,0,0,38.3,42.8,46.4,0.22,0.26,0.31
WFMB,2019-11-08 09:10:00 EST,44.39323,-73.85883,2016,18.6,18.4,11.7,74.6,11.9,0.000,0.008,0.00,0.000,4.0,9.1,1.9,292,37,4.7,10.4,2.3,295,42,4.7,10.4,2.3,295,42,144,27.89,1.3,0,0,0,38.3,42.8,46.4,0.22,0.26,0.31
WFMB,2019-11-08 09:15:00 EST,44.39323,-73.85883,2016,18.0,17.9,12.5,77.9,12.2,0.000,0.008,0.00,0.000,3.0,7.4,1.6,332,48,3.5,10.8,2.0,333,47,3.5,10.8,2.0,333,47,94,27.89,1.4,0,0,0,38.3,42.8,46.4,0.22,0.26,0.31
WFMB,2019-11-08 09:20:00 EST,44.39323,-73.85883,2016,18.2,18.0,11.6,79.8,13.0,0.000,0.008,0.00,0.000,3.7,8.6,1.7,297,32,4.4,12.3,2.1,301,33,4.4,12.3,2.1,301,33,141,27.89,1.3,0,0,0,38.3,42.8,46.4,0.22,0.26,0.31
WFMB,2019-11-08 09:25:00 EST,44.39323,-73.85883,2016,18.1,18.1,11.0,77.6,12.3,0.000,0.008,0.00,0.000,4.2,12.1,3.0,302,32,4.8,14.4,3.3,298,31,4.8,14.4,3.3,298,31,168,27.89,1.3,0,0,0,38.3,42.8,46.4,0.22,0.26,0.31
WFMB,2019-11-08 09:30:00 EST,44.39323,-73.85883,2016,18.6,18.4,12.5,74.6,11.9,0.000,0.008,0.00,0.000,3.4,10.7,2.1,289,48,4.1,12.4,2.5,286,47,4.1,12.4,2.5,286,47,259,27.89,1.1,0,0,0,38.2,42.8,46.4,0.22,0.26,0.31
WFMB,2019-11-08 09:35:00 EST,44.39323,-73.85883,2016,19.2,18.8,11.2,69.1,10.7,0.000,0.008,0.00,0.000,4.7,12.0,2.2,297,36,5.8,14.3,2.6,297,35,5.8,14.3,2.6,297,35,276,27.89,1.4,0,0,0,38.2,42.8,46.4,0.22,0.26,0.31
WFMB,2019-11-08 09:40:00 EST,44.39323,-73.85883,2016,19.8,19.4,12.5,67.8,10.9,0.000,0.008,0.00,0.000,4.4,13.8,2.9,294,37,5.2,17.3,3.1,293,39,5.2,17.3,3.1,293,39,302,27.89,1.3,0,0,0,38.3,42.8,46.4,0.22,0.26,0.31
WFMB,2019-11-08 09:45:00 EST,44.39323,-73.85883,2016,19.6,19.0,10.6,66.3,10.2,0.000,0.008,0.00,0.000,6.5,14.8,3.1,302,30,7.0,17.5,3.2,301,26,7.0,17.5,3.2,301,26,299,27.89,1.3,0,0,0,38.2,42.8,46.4,0.22,0.26,0.31
WFMB,2019-11-08 09:50:00 EST,44.39323,-73.85883,2016,20.0,19.2,11.6,66.4,10.6,0.000,0.008,0.00,0.000,6.1,12.1,2.2,300,28,6.4,14.5,2.4,303,26,6.4,14.5,2.4,303,26,318,27.89,0.6,0,0,0,38.2,42.8,46.3,0.22,0.26,0.31
WFMB,2019-11-08 09:55:00 EST,44.39323,-73.85883,2016,20.1,19.5,13.6,66.8,10.8,0.000,0.008,0.00,0.000,4.0,11.5,2.5,314,36,4.5,13.5,2.8,316,38,4.5,13.5,2.8,316,38,307,27.89,1.1,0,0,0,38.2,42.8,46.4,0.22,0.26,0.31
WFMB,2019-11-08 10:00:00 EST,44.39323,-73.85883,2016,20.9,20.2,15.0,66.9,11.6,0.000,0.008,0.00,0.000,3.7,11.2,2.6,271,34,4.2,13.8,2.8,269,34,4.2,13.8,2.8,269,34,283,27.89,0.7,0,0,0,38.1,42.8,46.3,0.22,0.26,0.31
WFMB,2019-11-08 10:05:00 EST,44.39323,-73.85883,2016,19.9,19.3,12.0,67.0,10.7,0.000,0.008,0.00,0.000,5.2,12.5,2.8,280,32,5.8,13.2,3.2,278,30,5.8,13.2,3.2,278,30,270,27.90,1.3,0,0,0,38.2,42.8,46.2,0.22,0.26,0.31
WFMB,2019-11-08 10:10:00 EST,44.39323,-73.85883,2016,19.8,19.2,11.7,67.6,10.8,0.000,0.008,0.00,0.000,5.0,12.8,2.5,298,29,5.9,16.0,3.0,302,29,5.9,16.0,3.0,302,29,272,27.90,,0,0,0,38.1,42.8,46.2,0.22,0.26,0.31
WFMB,2019-11-08 10:15:00 EST,44.39323,-73.85883,2016,20.4,19.6,13.6,68.1,11.5,0.000,0.008,0.00,0.000,4.3,10.7,2.1,282,44,4.8,10.0,2.1,284,43,4.8,10.0,2.1,284,43,379,27.90,1.3,0,0,0,38.1,42.8,46.0,0.22,0.26,0.31
WFMB,2019-11-08 10:20:00 EST,44.39323,-73.85883,2016,20.3,19.7,13.3,69.4,11.9,0.000,0.008,0.00,0.000,4.3,10.3,2.0,280,42,5.0,11.1,2.2,282,42,5.0,11.1,2.2,282,42,220,27.90,1.2,0,0,0,38.1,42.8,46.2,0.22,0.26,0.31
WFMB,2019-11-08 10:25:00 EST,44.39323,-73.85883,2016,19.7,19.3,11.8,69.6,11.4,0.000,0.008,0.00,0.000,5.3,12.3,2.5,306,33,5.8,13.7,2.7,305,36,5.8,13.7,2.7,305,36,310,27.89,1.0,0,0,0,38.2,42.8,46.2,0.22,0.26,0.31
WFMB,2019-11-08 10:30:00 EST,44.39323,-73.85883,2016,20.6,20.0,16.2,68.5,11.8,0.000,0.008,0.00,0.000,2.5,7.1,1.6,296,46,3.1,8.3,1.8,302,47,3.1,8.3,1.8,302,47,393,27.90,0.8,0,0,0,38.1,42.8,46.2,0.22,0.26,0.31
WFMB,2019-11-08 10:35:00 EST,44.39323,-73.85883,2016,20.5,20.1,14.3,67.2,11.4,0.000,0.008,0.00,0.000,3.8,12.9,2.4,309,50,4.4,14.8,2.5,310,50,4.4,14.8,2.5,310,50,363,27.90,0.0,0,0,0,38.1,42.8,46.2,0.22,0.26,0.31
WFMB,2019-11-08 10:40:00 EST,44.39323,-73.85883,2016,19.8,19.4,12.4,68.8,11.2,0.000,0.008,0.00,0.000,4.5,9.6,2.3,294,51,5.3,13.9,2.5,298,51,5.3,13.9,2.5,298,51,278,27.90,1.3,0,0,0,38.1,42.8,46.1,0.22,0.26,0.31
WFMB,2019-11-08 10:45:00 EST,44.39323,-73.85883,2016,20.1,19.6,12.0,71.1,12.3,0.000,0.008,0.00,0.000,5.5,14.2,3.3,298,36,6.1,15.8,3.6,299,36,6.1,15.8,3.6,299,36,355,27.90,0.9,0,0,0,38.1,42.8,46.1,0.22,0.26,0.31
WFMB,2019-11-08 10:50:00 EST,44.39323,-73.85883,2016,20.5,20.0,15.0,72.0,12.9,0.000,0.008,0.00,0.000,2.5,11.0,2.2,286,60,3.8,12.7,2.5,276,63,3.8,12.7,2.5,276,63,309,27.90,1.4,0,0,0,38.1,42.7,46.0,0.22,0.26,0.31
WFMB,2019-11-08 10:55:00 EST,44.39323,-73.85883,2016,20.1,19.7,13.4,72.2,12.6,0.000,0.008,0.00,0.000,3.6,12.9,2.2,305,45,4.7,11.3,2.4,303,43,4.7,11.3,2.4,303,43,328,27.90,1.4,0,0,0,38.1,42.7,46.0,0.22,0.26,0.31
WFMB,2019-11-08 11:00:00 EST,44.39323,-73.85883,2016,20.4,19.8,12.7,70.6,12.4,0.000,0.008,0.00,0.000,5.0,12.6,3.2,296,28,5.7,15.3,3.5,300,28,5.7,15.3,3.5,300,28,409,27.90,1.2,0,0,0,38.1,42.8,46.0,0.22,0.26,0.31
WFMB,2019-11-08 11:05:00 EST,44.39323,-73.85883,2016,20.4,20.1,13.9,69.1,11.9,0.000,0.008,0.00,0.000,3.8,11.1,2.7,305,28,4.7,10.8,2.8,309,32,4.7,10.8,2.8,309,32,407,27.90,1.1,0,0,0,38.1,42.7,46.0,0.22,0.26,0.31
WFMB,2019-11-08 11:10:00 EST,44.39323,-73.85883,2016,20.2,19.8,13.5,70.9,12.3,0.000,0.008,0.00,0.000,4.2,8.3,1.6,300,37,4.7,10.6,1.9,298,33,4.7,10.6,1.9,298,33,212,27.90,1.1,0,0,0,38.1,42.7,46.0,0.22,0.26,0.31
WFMB,2019-11-08 11:15:00 EST,44.39323,-73.85883,2016,20.2,19.7,11.3,71.1,12.3,0.000,0.008,0.00,0.000,6.0,14.3,3.3,287,32,7.0,16.6,3.7,285,34,7.0,16.6,3.7,285,34,375,27.90,1.4,0,0,0,38.1,42.6,46.0,0.22,0.26,0.30
WFMB,2019-11-08 11:20:00 EST,44.39323,-73.85883,2016,20.0,19.4,10.5,69.7,11.7,0.000,0.008,0.00,0.000,6.9,15.0,3.2,294,34,7.6,18.5,3.7,291,33,7.6,18.5,3.7,291,33,319,27.90,1.3,0,0,0,38.1,42.6,46.0,0.22,0.26,0.31
WFMB,2019-11-08 11:25:00 EST,44.39323,-73.85883,2016,19.8,19.4,12.5,70.5,11.8,0.000,0.008,0.00,0.000,4.1,10.4,2.3,306,45,5.2,10.8,2.7,314,48,5.2,10.8,2.7,314,48,245,27.90,1.3,0,0,0,38.1,42.6,46.0,0.22,0.26,0.31
WFMB,2019-11-08 11:30:00 EST,44.39323,-73.85883,2016,20.1,19.8,10.9,72.0,12.5,0.000,0.008,0.00,0.000,6.5,11.8,2.4,311,36,7.3,14.2,3.0,314,36,7.3,14.2,3.0,314,36,250,27.90,1.3,0,0,0,38.1,42.6,46.0,0.22,0.26,0.30
WFMB,2019-11-08 11:35:00 EST,44.39323,-73.85883,2016,20.2,19.9,15.0,71.1,12.3,0.000,0.008,0.00,0.000,3.0,7.5,1.7,290,53,3.6,7.9,1.8,288,57,3.6,7.9,1.8,288,57,222,27.90,1.3,0,0,0,38.1,42.6,46.0,0.22,0.26,0.31
WFMB,2019-11-08 11:40:00 EST,44.39323,-73.85883,2016,19.9,19.7,14.1,70.6,11.8,0.000,0.008,0.00,0.000,3.6,10.1,2.2,279,56,3.9,12.5,2.4,287,53,3.9,12.5,2.4,287,53,216,27.90,1.3,0,0,0,38.1,42.6,46.0,0.22,0.26,0.30
WFMB,2019-11-08 11:45:00 EST,44.39323,-73.85883,2016,19.6,19.3,11.0,71.0,11.8,0.000,0.008,0.00,0.000,5.9,15.6,2.6,270,38,6.5,20.0,3.0,268,39,6.5,20.0,3.0,268,39,226,27.90,1.4,0,0,0,38.1,42.6,46.0,0.22,0.26,0.31
WFMB,2019-11-08 11:50:00 EST,44.39323,-73.85883,2016,19.8,19.7,11.9,70.7,11.9,0.000,0.008,0.00,0.000,5.2,14.5,2.6,274,43,5.9,17.4,3.0,279,43,5.9,17.4,3.0,279,43,289,27.90,1.4,0,0,0,38.1,42.6,46.0,0.22,0.26,0.31
WFMB,2019-11-08 11:55:00 EST,44.39323,-73.85883,2016,20.4,19.9,11.5,69.7,12.1,0.000,0.008,0.00,0.000,6.1,12.6,2.8,294,22,7.0,17.9,3.2,293,22,7.0,17.9,3.2,293,22,378,27.90,1.4,0,0,0,38.1,42.6,46.0,0.22,0.26,0.31
WFMB,2019-11-08 12:00:00 EST,44.39323,-73.85883,2016,21.0,20.4,13.6,68.6,12.3,0.000,0.008,0.00,0.000,5.0,10.7,2.5,299,31,5.5,12.4,2.8,301,30,5.5,12.4,2.8,301,30,401,27.90,1.2,0,0,0,38.1,42.6,46.0,0.22,0.26,0.31
WFMB,2019-11-08 12:05:00 EST,44.39323,-73.85883,2016,21.0,20.7,14.8,67.1,11.7,0.000,0.008,0.00,0.000,3.6,8.2,1.6,254,30,4.4,11.7,1.9,254,30,4.4,11.7,1.9,254,30,318,27.90,1.3,0,0,0,38.1,42.6,46.0,0.22,0.26,0.31
WFMB,2019-11-08 12:10:00 EST,44.39323,-73.85883,2016,21.4,20.8,14.6,68.5,12.6,0.000,0.008,0.00,0.000,4.1,9.5,2.0,294,43,5.0,10.1,2.1,291,47,5.0,10.1,2.1,291,47,426,27.90,1.3,0,0,0,38.1,42.6,46.0,0.22,0.26,0.30
WFMB,2019-11-08 12:15:00 EST,44.39323,-73.85883,2016,21.7,20.9,13.9,67.4,12.5,0.000,0.008,0.00,0.000,5.6,16.7,3.2,300,25,6.0,17.2,3.2,304,25,6.0,17.2,3.2,304,25,471,27.90,1.1,0,0,0,38.1,42.6,46.0,0.22,0.26,0.30
WFMB,2019-11-08 12:20:00 EST,44.39323,-73.85883,2016,21.0,20.7,13.4,67.4,11.9,0.000,0.008,0.00,0.000,5.2,13.9,2.3,279,31,5.7,18.6,2.8,278,29,5.7,18.6,2.8,278,29,336,27.90,1.2,0,0,0,38.1,42.6,46.0,0.22,0.26,0.30
WFMB,2019-11-08 12:25:00 EST,44.39323,-73.85883,2016,21.1,20.7,14.8,67.9,12.1,0.000,0.008,0.00,0.000,3.8,10.3,2.3,273,39,4.5,11.9,2.4,281,39,4.5,11.9,2.4,281,39,343,27.89,1.2,0,0,0,38.1,42.6,46.0,0.22,0.26,0.31
WFMB,2019-11-08 12:30:00 EST,44.39323,-73.85883,2016,20.5,20.1,13.0,68.8,11.8,0.000,0.008,0.00,0.000,4.9,10.3,2.4,297,29,5.5,12.1,2.8,296,29,5.5,12.1,2.8,296,29,282,27.89,1.3,0,0,0,38.1,42.6,46.0,0.22,0.26,0.31
WFMB,2019-11-08 12:35:00 EST,44.39323,-73.85883,2016,20.8,20.5,14.0,70.7,12.8,0.000,0.008,0.00,0.000,4.4,11.5,2.6,275,32,5.0,13.7,2.8,274,32,5.0,13.7,2.8,274,32,324,27.90,1.2,0,0,0,38.1,42.6,46.0,0.22,0.26,0.30
WFMB,2019-11-08 12:40:00 EST,44.39323,-73.85883,2016,20.7,20.3,13.8,70.0,12.5,0.000,0.008,0.00,0.000,4.5,11.4,2.5,295,32,5.0,13.9,2.5,295,31,5.0,13.9,2.5,295,31,245,27.90,1.1,0,0,0,38.1,42.6,46.0,0.22,0.26,0.30
WFMB,2019-11-08 12:45:00 EST,44.39323,-73.85883,2016,20.5,20.1,14.8,70.4,12.4,0.000,0.008,0.00,0.000,3.5,9.4,2.1,291,44,4.0,10.7,2.4,292,45,4.0,10.7,2.4,292,45,259,27.90,1.2,0,0,0,38.2,42.6,46.0,0.22,0.26,0.31
WFMB,2019-11-08 12:50:00 EST,44.39323,-73.85883,2016,20.4,20.2,15.9,70.5,12.3,0.000,0.008,0.00,0.000,2.4,7.1,1.5,271,39,3.2,8.2,1.8,271,40,3.2,8.2,1.8,271,40,252,27.90,1.1,0,0,0,38.2,42.6,46.0,0.22,0.26,0.31
WFMB,2019-11-08 12:55:00 EST,44.39323,-73.85883,2016,20.7,20.3,14.4,71.2,12.8,0.000,0.008,0.00,0.000,3.7,14.5,2.6,299,49,4.4,13.8,2.6,294,49,4.4,13.8,2.6,294,49,260,27.90,1.2,0,0,0,38.1,42.6,46.0,0.22,0.26,0.31
WFMB,2019-11-08 13:00:00 EST,44.39323,-73.85883,2016,20.8,20.4,15.2,70.5,12.7,0.000,0.008,0.00,0.000,3.2,10.7,2.3,314,36,3.9,13.0,2.7,313,37,3.9,13.0,2.7,313,37,288,27.90,1.1,0,0,0,38.1,42.6,46.0,0.22,0.26,0.31
WFMB,2019-11-08 13:05:00 EST,44.39323,-73.85883,2016,20.2,20.0,13.1,68.9,11.6,0.000,0.008,0.00,0.000,4.2,17.0,3.4,285,38,5.0,16.6,3.8,286,38,5.0,16.6,3.8,286,38,253,27.90,1.1,0,0,0,38.2,42.6,46.0,0.22,0.26,0.31
WFMB,2019-11-08 13:10:00 EST,44.39323,-73.85883,2016,20.6,20.4,14.6,70.4,12.5,0.000,0.008,0.00,0.000,3.7,8.7,1.7,300,44,4.2,10.1,2.1,297,41,4.2,10.1,2.1,297,41,239,27.90,1.1,0,0,0,38.3,42.6,46.0,0.22,0.26,0.31
WFMB,2019-11-08 13:15:00 EST,44.39323,-73.85883,2016,20.3,20.0,14.9,70.5,12.2,0.000,0.008,0.00,0.000,3.1,8.0,1.8,280,47,3.8,11.5,2.0,276,47,3.8,11.5,2.0,276,47,158,27.90,1.1,0,0,0,38.3,42.6,46.0,0.22,0.26,0.31
WFMB,2019-11-08 13:20:00 EST,44.39323,-73.85883,2016,19.7,19.6,11.3,72.0,12.1,0.000,0.008,0.00,0.000,5.4,13.7,2.8,282,31,6.3,19.2,3.4,280,31,6.3,19.2,3.4,280,31,99,27.90,1.1,0,0,0,38.3,42.6,46.0,0.22,0.26,0.31
WFMB,2019-11-08 13:25:00 EST,44.39323,-73.85883,2016,19.8,19.6,12.2,74.1,12.9,0.000,0.008,0.00,0.000,5.0,17.8,3.6,268,35,5.6,20.5,3.9,268,35,5.6,20.5,3.9,268,35,140,27.90,1.0,0,0,0,38.3,42.6,46.0,0.22,0.26,0.31
WFMB,2019-11-08 13:30:00 EST,44.39323,-73.85883,2016,19.5,19.3,11.1,71.9,11.9,0.000,0.008,0.00,0.000,5.7,15.9,3.0,293,33,6.2,16.7,3.4,294,33,6.2,16.7,3.4,294,33,113,27.90,1.0,0,0,0,38.3,42.5,46.0,0.22,0.26,0.31
WFMB,2019-11-08 13:35:00 EST,44.39323,-73.85883,2016,19.2,19.1,12.3,73.4,12.1,0.000,0.008,0.00,0.000,4.2,11.8,2.6,287,42,4.8,13.1,2.9,289,42,4.8,13.1,2.9,289,42,75,27.91,1.2,0,0,0,38.3,42.5,46.0,0.22,0.26,0.31
WFMB,2019-11-08 13:40:00 EST,44.39323,-73.85883,2016,19.1,18.9,12.8,74.9,12.4,0.000,0.008,0.00,0.000,3.7,11.3,2.7,304,46,4.3,12.5,2.7,303,51,4.3,12.5,2.7,303,51,90,27.91,1.1,0,0,0,38.3,42.5,46.0,0.22,0.26,0.31
WFMB,2019-11-08 13:45:00 EST,44.39323,-73.85883,2016,18.8,18.8,12.3,76.2,12.5,0.000,0.008,0.00,0.000,3.6,9.5,2.3,313,45,4.4,13.2,2.4,314,46,4.4,13.2,2.4,314,46,69,27.91,1.1,0,0,0,38.3,42.5,46.0,0.22,0.26,0.31
WFMB,2019-11-08 13:50:00 EST,44.39323,-73.85883,2016,18.9,18.9,18.9,80.5,13.9,0.000,0.008,0.00,0.000,2.4,7.7,1.4,268,60,2.8,9.6,1.6,261,60,2.8,9.6,1.6,261,60,83,27.91,1.3,0,0,0,38.3,42.4,46.0,0.22,0.26,0.31
WFMB,2019-11-08 13:55:00 EST,44.39323,-73.85883,2016,19.0,18.9,13.9,77.9,13.2,0.000,0.008,0.00,0.000,2.6,7.1,2.0,277,56,3.4,9.2,2.0,272,63,3.4,9.2,2.0,272,63,88,27.91,1.0,0,0,0,38.3,42.4,46.0,0.22,0.26,0.31
WFMB,2019-11-08 14:00:00 EST,44.39323,-73.85883,2016,19.0,19.0,12.4,77.4,13.1,0.000,0.008,0.00,0.000,3.8,10.6,2.4,285,48,4.5,13.8,2.8,286,47,4.5,13.8,2.8,286,47,67,27.91,1.0,0,0,0,38.3,42.4,46.0,0.22,0.26,0.31
WFMB,2019-11-08 14:05:00 EST,44.39323,-73.85883,2016,18.9,18.9,14.5,78.1,13.2,0.000,0.008,0.00,0.000,2.3,8.3,1.6,283,51,3.0,8.8,1.7,276,59,3.0,8.8,1.7,276,59,90,27.91,0.9,0,0,0,38.3,42.4,46.0,0.22,0.26,0.31
WFMB,2019-11-08 14:10:00 EST,44.39323,-73.85883,2016,18.8,18.8,11.6,77.9,13.0,0.000,0.008,0.00,0.000,4.3,9.4,2.4,277,44,5.0,13.5,2.6,272,43,5.0,13.5,2.6,272,43,76,27.91,0.9,0,0,0,38.3,42.4,46.0,0.22,0.26,0.31
WFMB,2019-11-08 14:15:00 EST,44.39323,-73.85883,2016,18.7,18.7,10.5,78.4,13.1,0.000,0.008,0.00,0.000,5.1,12.1,2.3,310,28,5.9,13.7,2.5,309,27,5.9,13.7,2.5,309,27,64,27.91,1.1,0,0,0,38.3,42.4,46.0,0.22,0.26,0.31
WFMB,2019-11-08 14:20:00 EST,44.39323,-73.85883,2016,18.6,18.6,12.1,78.6,13.1,0.000,0.008,0.00,0.000,3.7,9.3,2.1,282,39,4.4,9.3,2.1,288,41,4.4,9.3,2.1,288,41,79,27.91,1.0,0,0,0,38.3,42.4,46.0,0.22,0.26,0.31
WFMB,2019-11-08 14:25:00 EST,44.39323,-73.85883,2016,18.8,18.8,11.9,77.5,12.9,0.000,0.008,0.00,0.000,4.0,9.6,1.9,297,49,4.7,10.3,2.1,303,53,4.7,10.3,2.1,303,53,74,27.91,0.9,0,0,0,38.3,42.4,46.0,0.22,0.26,0.31
WFMB,2019-11-08 14:30:00 EST,44.39323,-73.85883,2016,18.7,18.7,11.1,77.3,12.8,0.000,0.008,0.00,0.000,4.3,9.9,2.1,277,58,5.3,12.6,2.4,286,63,5.3,12.6,2.4,286,63,59,27.91,0.8,0,0,0,38.3,42.4,46.0,0.22,0.26,0.31
WFMB,2019-11-08 14:35:00 EST,44.39323,-73.85883,2016,18.8,18.8,11.2,77.0,12.8,0.000,0.008,0.00,0.000,4.8,13.3,3.7,302,36,5.4,15.0,3.8,303,39,5.4,15.0,3.8,303,39,75,27.91,0.9,0,0,0,38.3,42.4,46.0,0.22,0.26,0.30
WFMB,2019-11-08 14:40:00 EST,44.39323,-73.85883,2016,18.8,18.8,14.2,75.2,12.2,0.000,0.008,0.00,0.000,2.3,6.8,1.8,269,50,3.1,8.7,1.9,278,55,3.1,8.7,1.9,278,55,71,27.91,0.9,0,0,0,38.3,42.4,46.0,0.22,0.26,0.31
WFMB,2019-11-08 14:45:00 EST,44.39323,-73.85883,2016,18.9,19.0,13.6,76.4,12.7,0.000,0.008,0.00,0.000,3.1,6.3,1.6,312,37,3.6,7.9,1.8,312,41,3.6,7.9,1.8,312,41,61,27.91,0.9,0,0,0,38.3,42.4,46.0,0.22,0.26,0.31
WFMB,2019-11-08 14:50:00 EST,44.39323,-73.85883,2016,18.9,19.0,14.4,74.8,12.2,0.000,0.008,0.00,0.000,2.3,11.0,2.2,235,50,3.1,13.2,2.3,232,58,3.1,13.2,2.3,232,58,65,27.91,0.8,0,0,0,38.3,42.4,46.0,0.22,0.26,0.31
WFMB,2019-11-08 14:55:00 EST,44.39323,-73.85883,2016,19.0,19.0,13.9,75.0,12.4,0.000,0.008,0.00,0.000,3.0,9.4,1.6,285,55,3.5,10.4,1.7,285,56,3.5,10.4,1.7,285,56,52,27.92,0.8,0,0,0,38.3,42.4,46.0,0.22,0.26,0.31
WFMB,2019-11-08 15:00:00 EST,44.39323,-73.85883,2016,19.0,19.1,14.0,74.7,12.3,0.000,0.008,0.00,0.000,2.9,6.7,1.3,251,58,3.4,7.4,1.4,250,60,3.4,7.4,1.4,250,60,48,27.92,0.7,0,0,0,38.3,42.4,46.0,0.22,0.26,0.31
WFMB,2019-11-08 15:05:00 EST,44.39323,-73.85883,2016,18.9,18.9,18.9,75.0,12.3,0.000,0.008,0.00,0.000,1.8,5.3,1.4,248,64,2.4,6.8,1.5,249,71,2.4,6.8,1.5,249,71,50,27.92,0.6,0,0,0,38.3,42.4,46.0,0.22,0.26,0.31
WFMB,2019-11-08 15:10:00 EST,44.39323,-73.85883,2016,18.9,18.9,18.9,76.3,12.6,0.000,0.008,0.00,0.000,1.9,7.0,1.5,1,74,2.5,7.4,1.5,10,76,2.5,7.4,1.5,10,76,36,27.92,1.2,0,0,0,38.3,42.4,46.0,0.22,0.26,0.31
WFMB,2019-11-08 15:15:00 EST,44.39323,-73.85883,2016,18.9,18.9,13.7,78.0,13.2,0.000,0.008,0.00,0.000,2.9,7.7,1.8,264,43,3.5,9.1,1.9,264,44,3.5,9.1,1.9,264,44,37,27.92,1.2,0,0,0,38.3,42.4,46.0,0.22,0.26,0.31
WFMB,2019-11-08 15:20:00 EST,44.39323,-73.85883,2016,18.8,18.8,12.3,77.3,12.8,0.000,0.008,0.00,0.000,3.8,8.9,2.1,292,45,4.4,11.5,2.3,294,45,4.4,11.5,2.3,294,45,39,27.92,1.3,0,0,0,38.3,42.4,46.0,0.22,0.26,0.30
WFMB,2019-11-08 15:25:00 EST,44.39323,-73.85883,2016,18.8,18.9,13.9,77.7,13.0,0.000,0.008,0.00,0.000,2.7,7.7,1.8,265,52,3.3,8.5,1.8,265,55,3.3,8.5,1.8,265,55,22,27.92,1.3,0,0,0,38.3,42.4,46.0,0.22,0.26,0.31
WFMB,2019-11-08 15:30:00 EST,44.39323,-73.85883,2016,18.8,18.9,11.2,76.8,12.8,0.000,0.008,0.00,0.000,4.7,16.0,3.9,280,51,5.4,16.3,4.0,281,57,5.4,16.3,4.0,281,57,26,27.92,1.4,0,0,0,38.3,42.4,46.0,0.22,0.26,0.30
WFMB,2019-11-08 15:35:00 EST,44.39323,-73.85883,2016,18.8,18.9,18.8,77.5,12.9,0.000,0.008,0.00,0.000,1.9,8.8,1.9,271,39,2.4,11.7,2.1,278,47,2.4,11.7,2.1,278,47,23,27.92,1.4,0,0,0,38.3,42.4,46.0,0.22,0.26,0.31
WFMB,2019-11-08 15:40:00 EST,44.39323,-73.85883,2016,18.8,18.9,14.0,77.6,12.9,0.000,0.008,0.00,0.000,2.5,5.0,1.3,298,55,3.2,5.8,1.4,309,57,3.2,5.8,1.4,309,57,22,27.92,1.4,0,0,0,38.3,42.4,46.0,0.22,0.26,0.31
WFMB,2019-11-08 15:45:00 EST,44.39323,-73.85883,2016,18.9,19.0,12.6,78.3,13.3,0.000,0.008,0.00,0.000,3.6,11.5,2.2,286,31,4.3,13.4,2.6,284,30,4.3,13.4,2.6,284,30,20,27.92,1.3,0,0,0,38.3,42.4,45.9,0.22,0.26,0.31
WFMB,2019-11-08 15:50:00 EST,44.39323,-73.85883,2016,18.9,19.0,14.4,77.9,13.2,0.000,0.008,0.00,0.000,2.6,6.1,1.3,309,40,3.0,6.1,1.4,315,39,3.0,6.1,1.4,315,39,16,27.92,1.0,0,0,0,38.3,42.4,45.9,0.22,0.26,0.31
WFMB,2019-11-08 15:55:00 EST,44.39323,-73.85883,2016,19.0,19.0,12.2,79.6,13.7,0.000,0.008,0.00,0.000,4.0,10.5,1.8,283,44,4.7,13.0,2.2,282,46,4.7,13.0,2.2,282,46,15,27.93,0.9,0,0,0,38.3,42.4,46.0,0.22,0.26,0.30
WFMB,2019-11-08 16:00:00 EST,44.39323,-73.85883,2016,19.0,19.1,12.5,79.4,13.7,0.000,0.008,0.00,0.000,3.7,9.5,1.9,287,32,4.4,10.5,1.9,288,36,4.4,10.5,1.9,288,36,13,27.93,0.9,0,0,0,38.3,42.4,46.0,0.22,0.26,0.30
WFMB,2019-11-08 16:05:00 EST,44.39323,-73.85883,2016,19.1,19.2,12.9,77.9,13.4,0.000,0.008,0.00,0.000,3.6,8.0,1.8,268,44,4.2,11.8,2.1,276,46,4.2,11.8,2.1,276,46,12,27.93,1.0,0,0,0,38.3,42.4,45.9,0.22,0.26,0.30
WFMB,2019-11-08 16:10:00 EST,44.39323,-73.85883,2016,19.1,19.2,12.9,77.6,13.2,0.000,0.008,0.00,0.000,3.8,10.4,2.1,286,45,4.2,11.1,2.0,286,46,4.2,11.1,2.0,286,46,9,27.93,1.1,0,0,0,38.3,42.4,45.9,0.22,0.26,0.31
WFMB,2019-11-08 16:15:00 EST,44.39323,-73.85883,2016,19.1,19.2,11.7,78.1,13.4,0.000,0.008,0.00,0.000,4.4,13.4,2.0,287,33,5.2,18.7,2.6,286,30,5.2,18.7,2.6,286,30,6,27.94,,0,0,0,38.3,42.4,45.9,0.22,0.26,0.31
WFMB,2019-11-08 16:20:00 EST,44.39323,-73.85883,2016,19.0,19.2,12.2,79.2,13.7,0.000,0.008,0.00,0.000,4.2,9.6,2.5,301,29,4.7,10.7,2.6,304,33,4.7,10.7,2.6,304,33,5,27.94,,0,0,0,38.3,42.4,45.9,0.22,0.26,0.31
WFMB,2019-11-08 16:25:00 EST,44.39323,-73.85883,2016,19.1,19.2,11.4,78.6,13.5,0.000,0.008,0.00,0.000,4.8,8.8,1.7,275,30,5.5,11.7,2.2,276,29,5.5,11.7,2.2,276,29,5,27.94,,0,0,0,38.3,42.4,45.9,0.22,0.26,0.30
WFMB,2019-11-08 16:30:00 EST,44.39323,-73.85883,2016,18.9,19.2,13.0,78.3,13.3,0.000,0.008,0.00,0.000,3.5,9.1,2.1,276,30,4.0,13.0,2.5,279,34,4.0,13.0,2.5,279,34,4,27.94,,0,0,0,38.3,42.4,45.9,0.22,0.26,0.30
WFMB,2019-11-08 16:35:00 EST,44.39323,-73.85883,2016,18.9,19.1,10.9,78.6,13.4,0.000,0.008,0.00,0.000,5.0,14.5,2.9,254,35,5.8,16.3,2.9,254,36,5.8,16.3,2.9,254,36,3,27.94,,0,0,0,38.3,42.4,45.9,0.22,0.26,0.30
WFMB,2019-11-08 16:40:00 EST,44.39323,-73.85883,2016,19.0,19.1,12.2,79.8,13.8,0.000,0.008,0.00,0.000,4.1,11.7,2.4,291,44,4.7,14.1,2.7,297,43,4.7,14.1,2.7,297,43,2,27.94,0.2,0,0,0,38.3,42.4,45.9,0.22,0.26,0.30
WFMB,2019-11-08 16:45:00 EST,44.39323,-73.85883,2016,19.0,19.2,13.4,80.0,13.9,0.000,0.008,0.00,0.000,3.4,9.6,2.5,264,36,3.8,12.0,2.9,267,38,3.8,12.0,2.9,267,38,1,27.94,0.1,0,0,0,38.3,42.4,45.9,0.22,0.26,0.30
WFMB,2019-11-08 16:50:00 EST,44.39323,-73.85883,2016,19.0,19.2,14.5,80.1,13.8,0.000,0.008,0.00,0.000,2.8,6.4,1.4,282,29,3.1,7.0,1.5,285,27,3.1,7.0,1.5,285,27,1,27.94,0.5,0,0,0,38.3,42.4,45.9,0.22,0.26,0.30
WFMB,2019-11-08 16:55:00 EST,44.39323,-73.85883,2016,19.0,19.2,12.1,79.3,13.6,0.000,0.008,0.00,0.000,4.0,10.6,2.2,282,33,4.7,11.9,2.6,281,33,4.7,11.9,2.6,281,33,0,27.95,0.3,0,0,0,38.3,42.4,45.9,0.22,0.26,0.30
WFMB,2019-11-08 17:00:00 EST,44.39323,-73.85883,2016,19.0,19.2,11.6,79.3,13.6,0.000,0.008,0.00,0.000,4.5,10.4,2.2,285,24,5.1,13.3,2.6,282,23,5.1,13.3,2.6,282,23,0,27.95,-0.0,0,0,0,38.3,42.4,45.9,0.22,0.26,0.30
WFMB,2019-11-08 17:05:00 EST,44.39323,-73.85883,2016,19.0,19.2,13.6,79.7,13.7,0.000,0.008,0.00,0.000,3.2,8.4,1.9,260,37,3.6,10.2,2.0,258,36,3.6,10.2,2.0,258,36,0,27.95,0.2,0,0,0,38.3,42.4,45.9,0.22,0.26,0.30
WFMB,2019-11-08 17:10:00 EST,44.39323,-73.85883,2016,18.9,19.2,11.6,79.5,13.6,0.000,0.008,0.00,0.000,4.4,11.9,2.5,298,29,5.1,16.4,2.7,297,31,5.1,16.4,2.7,297,31,0,27.95,1.0,0,0,0,38.3,42.4,45.9,0.22,0.26,0.30
WFMB,2019-11-08 17:15:00 EST,44.39323,-73.85883,2016,18.9,19.2,11.7,78.5,13.3,0.000,0.008,0.00,0.000,4.3,12.4,2.4,281,26,4.9,15.3,3.1,281,27,4.9,15.3,3.1,281,27,0,27.95,,0,0,0,38.3,42.4,45.9,0.22,0.26,0.30
WFMB,2019-11-08 17:20:00 EST,44.39323,-73.85883,2016,18.9,19.2,12.2,78.0,13.1,0.000,0.008,0.00,0.000,4.2,13.4,2.2,274,32,4.6,17.2,2.7,273,31,4.6,17.2,2.7,273,31,0,27.95,1.3,0,0,0,38.3,42.4,45.9,0.22,0.26,0.30
WFMB,2019-11-08 17:25:00 EST,44.39323,-73.85883,2016,18.9,19.3,11.6,78.1,13.3,0.000,0.008,0.00,0.000,4.4,13.9,2.4,281,35,5.1,19.2,3.2,283,31,5.1,19.2,3.2,283,31,0,27.95,1.4,0,0,0,38.3,42.4,45.9,0.22,0.26,0.30
WFMB,2019-11-08 17:30:00 EST,44.39323,-73.85883,2016,19.1,19.4,10.6,77.3,13.2,0.000,0.008,0.00,0.000,5.5,13.2,2.9,272,25,6.3,15.0,3.6,274,25,6.3,15.0,3.6,274,25,0,27.96,1.5,0,0,0,38.3,42.4,45.9,0.22,0.26,0.30
WFMB,2019-11-08 17:35:00 EST,44.39323,-73.85883,2016,19.2,19.4,11.8,77.0,13.1,0.000,0.008,0.00,0.000,4.3,10.0,2.4,273,33,5.2,12.8,3.0,274,33,5.2,12.8,3.0,274,33,0,27.96,1.5,0,0,0,38.3,42.4,45.9,0.22,0.26,0.30
WFMB,2019-11-08 17:40:00 EST,44.39323,-73.85883,2016,19.0,19.4,13.5,77.8,13.2,0.000,0.008,0.00,0.000,3.3,8.9,2.0,277,41,3.7,12.2,2.0,280,43,3.7,12.2,2.0,280,43,0,27.96,1.5,0,0,0,38.3,42.4,45.9,0.22,0.26,0.30
WFMB,2019-11-08 17:45:00 EST,44.39323,-73.85883,2016,19.0,19.4,11.1,78.0,13.3,0.000,0.008,0.00,0.000,5.0,13.4,2.5,281,28,5.7,14.8,2.7,282,27,5.7,14.8,2.7,282,27,0,27.96,1.5,0,0,0,38.4,42.3,45.9,0.22,0.26,0.30
WFMB,2019-11-08 17:50:00 EST,44.39323,-73.85883,2016,19.1,19.4,12.8,78.1,13.4,0.000,0.008,0.00,0.000,3.7,10.2,2.3,274,27,4.2,14.2,2.9,270,29,4.2,14.2,2.9,270,29,0,27.96,1.4,0,0,0,38.3,42.4,45.9,0.22,0.26,0.30
WFMB,2019-11-08 17:55:00 EST,44.39323,-73.85883,2016,19.1,19.4,11.8,78.3,13.4,0.000,0.008,0.00,0.000,4.5,10.6,1.9,277,32,5.1,12.4,2.1,279,33,5.1,12.4,2.1,279,33,0,27.97,1.4,0,0,0,38.3,42.3,45.9,0.22,0.26,0.30
WFMB,2019-11-08 18:00:00 EST,44.39323,-73.85883,2016,19.1,19.4,13.1,79.3,13.8,0.000,0.008,0.00,0.000,3.4,8.1,1.7,275,28,4.1,12.8,2.0,274,24,4.1,12.8,2.0,274,24,0,27.97,1.4,0,0,0,38.3,42.3,45.9,0.22,0.26,0.30
WFMB,2019-11-08 18:05:00 EST,44.39323,-73.85883,2016,19.2,19.5,10.9,79.7,13.9,0.000,0.008,0.00,0.000,5.3,10.7,2.3,277,22,6.1,14.1,2.9,277,21,6.1,14.1,2.9,277,21,0,27.97,1.4,0,0,0,38.3,42.3,45.9,0.22,0.26,0.30
WFMB,2019-11-08 18:10:00 EST,44.39323,-73.85883,2016,19.2,19.6,12.8,78.4,13.6,0.000,0.008,0.00,0.000,3.8,10.3,1.8,270,30,4.4,9.2,2.0,271,26,4.4,9.2,2.0,271,26,0,27.97,1.4,0,0,0,38.3,42.3,45.9,0.22,0.26,0.30
WFMB,2019-11-08 18:15:00 EST,44.39323,-73.85883,2016,19.1,19.5,13.4,78.2,13.4,0.000,0.008,0.00,0.000,3.4,11.5,2.1,282,31,3.8,11.2,2.1,279,32,3.8,11.2,2.1,279,32,0,27.97,1.3,0,0,0,38.3,42.3,45.9,0.22,0.26,0.30
WFMB,2019-11-08 18:20:00 EST,44.39323,-73.85883,2016,19.0,19.4,12.3,78.4,13.4,0.000,0.008,0.00,0.000,4.1,7.7,1.9,267,38,4.6,11.5,2.3,269,38,4.6,11.5,2.3,269,38,0,27.97,1.3,0,0,0,38.3,42.3,45.9,0.22,0.26,0.30
WFMB,2019-11-08 18:25:00 EST,44.39323,-73.85883,2016,19.0,19.5,10.4,79.0,13.6,0.000,0.008,0.00,0.000,5.6,11.9,2.5,284,26,6.4,16.6,3.0,285,26,6.4,16.6,3.0,285,26,0,27.97,1.3,0,0,0,38.3,42.3,45.9,0.22,0.26,0.30
WFMB,2019-11-08 18:30:00 EST,44.39323,-73.85883,2016,19.2,19.6,12.0,79.1,13.8,0.000,0.008,0.00,0.000,4.4,12.8,2.7,276,35,5.0,14.6,3.0,278,32,5.0,14.6,3.0,278,32,0,27.97,1.3,0,0,0,38.3,42.3,45.9,0.22,0.26,0.30
WFMB,2019-11-08 18:35:00 EST,44.39323,-73.85883,2016,19.1,19.5,11.6,79.7,13.9,0.000,0.008,0.00,0.000,4.8,13.4,2.3,278,30,5.3,13.6,2.6,282,27,5.3,13.6,2.6,282,27,0,27.97,1.3,0,0,0,38.3,42.3,45.9,0.22,0.26,0.30
WFMB,2019-11-08 18:40:00 EST,44.39323,-73.85883,2016,19.1,19.6,10.7,79.2,13.7,0.000,0.008,0.00,0.000,5.7,16.1,2.7,264,36,6.2,18.1,3.1,265,37,6.2,18.1,3.1,265,37,0,27.97,1.3,0,0,0,38.3,42.3,45.9,0.22,0.26,0.30
WFMB,2019-11-08 18:45:00 EST,44.39323,-73.85883,2016,19.3,19.7,11.1,79.4,14.0,0.000,0.008,0.00,0.000,5.6,10.9,2.2,271,25,6.1,13.7,2.5,273,25,6.1,13.7,2.5,273,25,0,27.97,1.2,0,0,0,38.3,42.3,45.9,0.22,0.26,0.30
WFMB,2019-11-08 18:50:00 EST,44.39323,-73.85883,2016,19.3,19.7,10.7,79.2,14.0,0.000,0.008,0.00,0.000,5.7,17.2,3.4,269,30,6.5,22.1,4.4,270,27,6.5,22.1,4.4,270,27,0,27.97,1.5,0,0,0,38.3,42.3,45.9,0.22,0.26,0.30
WFMB,2019-11-08 18:55:00 EST,44.39323,-73.85883,2016,19.2,19.7,12.5,78.5,13.7,0.000,0.008,0.00,0.000,4.1,8.2,1.7,272,31,4.6,9.2,1.9,270,30,4.6,9.2,1.9,270,30,0,27.98,1.5,0,0,0,38.3,42.3,45.9,0.22,0.26,0.30
WFMB,2019-11-08 19:00:00 EST,44.39323,-73.85883,2016,19.2,19.7,11.2,78.0,13.4,0.000,0.008,0.00,0.000,5.3,11.0,2.0,280,24,5.8,14.2,2.5,279,23,5.8,14.2,2.5,279,23,0,27.98,1.5,0,0,0,38.3,42.3,45.9,0.22,0.26,0.30
WFMB,2019-11-08 19:05:00 EST,44.39323,-73.85883,2016,19.2,19.7,11.8,78.4,13.6,0.000,0.008,0.00,0.000,4.6,11.0,2.4,274,29,5.1,12.9,2.7,275,29,5.1,12.9,2.7,275,29,0,27.98,1.4,0,0,0,38.3,42.3,45.9,0.22,0.26,0.30
WFMB,2019-11-08 19:10:00 EST,44.39323,-73.85883,2016,19.2,19.6,11.1,79.2,13.8,0.000,0.008,0.00,0.000,5.5,11.4,2.3,282,25,5.9,13.4,2.5,285,24,5.9,13.4,2.5,285,24,0,27.98,1.4,0,0,0,38.3,42.3,45.9,0.22,0.26,0.30
WFMB,2019-11-08 19:15:00 EST,44.39323,-73.85883,2016,19.2,19.6,11.4,79.1,13.8,0.000,0.008,0.00,0.000,5.0,9.6,2.1,274,25,5.6,13.2,2.5,277,24,5.6,13.2,2.5,277,24,0,27.98,1.4,0,0,0,38.3,42.3,45.9,0.22,0.26,0.30
WFMB,2019-11-08 19:20:00 EST,44.39323,-73.85883,2016,19.1,19.6,10.9,78.5,13.5,0.000,0.008,0.00,0.000,5.6,10.2,2.2,285,28,5.9,11.9,2.4,284,28,5.9,11.9,2.4,284,28,0,27.98,1.4,0,0,0,38.3,42.3,45.9,0.22,0.26,0.30
WFMB,2019-11-08 19:25:00 EST,44.39323,-73.85883,2016,19.3,19.7,10.0,77.5,13.4,0.000,0.008,0.00,0.000,6.4,15.5,3.0,273,23,7.2,16.9,3.5,274,22,7.2,16.9,3.5,274,22,0,27.98,1.4,0,0,0,38.3,42.3,45.9,0.22,0.26,0.30
WFMB,2019-11-08 19:30:00 EST,44.39323,-73.85883,2016,19.1,19.6,10.5,77.8,13.4,0.000,0.008,0.00,0.000,5.6,13.6,2.4,272,23,6.4,17.1,3.3,272,21,6.4,17.1,3.3,272,21,0,27.98,1.5,0,0,0,38.4,42.3,45.9,0.22,0.26,0.30
WFMB,2019-11-08 19:35:00 EST,44.39323,-73.85883,2016,19.1,19.6,10.6,77.4,13.2,0.000,0.008,0.00,0.000,5.7,12.0,2.2,277,24,6.3,14.1,2.6,276,20,6.3,14.1,2.6,276,20,0,27.98,1.5,0,0,0,38.3,42.3,45.9,0.22,0.26,0.30
WFMB,2019-11-08 19:40:00 EST,44.39323,-73.85883,2016,19.2,19.6,10.2,77.8,13.4,0.000,0.008,0.00,0.000,6.1,12.9,2.2,280,28,6.8,14.7,2.7,275,23,6.8,14.7,2.7,275,23,0,27.98,1.5,0,0,0,38.3,42.3,45.9,0.22,0.26,0.30
WFMB,2019-11-08 19:45:00 EST,44.39323,-73.85883,2016,19.3,19.7,9.9,77.4,13.4,0.000,0.008,0.00,0.000,6.7,14.0,2.6,276,24,7.3,20.1,3.2,276,23,7.3,20.1,3.2,276,23,0,27.98,1.4,0,0,0,38.3,42.3,45.9,0.22,0.26,0.30
WFMB,2019-11-08 19:50:00 EST,44.39323,-73.85883,2016,19.1,19.5,10.5,77.4,13.2,0.000,0.008,0.00,0.000,5.6,11.0,2.3,268,25,6.3,12.6,2.8,267,22,6.3,12.6,2.8,267,22,0,27.98,1.4,0,0,0,38.3,42.3,45.9,0.22,0.26,0.30
WFMB,2019-11-08 19:55:00 EST,44.39323,-73.85883,2016,18.9,19.5,10.4,78.2,13.2,0.000,0.008,0.00,0.000,5.7,15.5,2.4,274,22,6.3,16.7,2.7,274,20,6.3,16.7,2.7,274,20,0,27.98,1.5,0,0,0,38.3,42.3,45.9,0.22,0.26,0.30
WFMB,2019-11-08 20:00:00 EST,44.39323,-73.85883,2016,18.9,19.4,10.3,77.9,13.2,0.000,0.008,0.00,0.000,5.6,12.3,2.1,279,20,6.3,16.6,2.7,279,18,6.3,16.6,2.7,279,18,0,27.98,1.4,0,0,0,38.3,42.3,45.9,0.22,0.26,0.30
WFMB,2019-11-08 20:05:00 EST,44.39323,-73.85883,2016,18.8,19.4,10.3,78.5,13.2,0.000,0.008,0.00,0.000,5.6,11.2,2.5,283,23,6.2,13.0,3.1,285,22,6.2,13.0,3.1,285,22,0,27.98,1.4,0,0,0,38.3,42.3,45.9,0.22,0.26,0.30
WFMB,2019-11-08 20:10:00 EST,44.39323,-73.85883,2016,18.6,19.2,10.7,79.0,13.2,0.000,0.008,0.00,0.000,5.2,10.4,2.2,279,28,5.6,12.8,2.6,279,26,5.6,12.8,2.6,279,26,0,27.98,1.4,0,0,0,38.3,42.3,45.9,0.22,0.26,0.30
WFMB,2019-11-08 20:15:00 EST,44.39323,-73.85883,2016,18.5,19.1,9.9,80.5,13.5,0.000,0.008,0.00,0.000,5.5,14.2,2.3,282,21,6.3,20.2,3.0,281,21,6.3,20.2,3.0,281,21,0,27.98,1.4,0,0,0,38.3,42.3,45.9,0.22,0.26,0.30
WFMB,2019-11-08 20:20:00 EST,44.39323,-73.85883,2016,18.5,19.1,9.3,80.9,13.7,0.000,0.008,0.00,0.000,6.3,13.7,2.6,291,25,7.0,18.0,3.0,291,22,7.0,18.0,3.0,291,22,0,27.98,1.4,0,0,0,38.3,42.3,45.9,0.22,0.26,0.30
WFMB,2019-11-08 20:25:00 EST,44.39323,-73.85883,2016,18.3,19.0,11.0,81.4,13.5,0.000,0.008,0.00,0.000,4.4,9.8,2.0,288,21,5.0,12.5,2.3,288,19,5.0,12.5,2.3,288,19,0,27.98,1.4,0,0,0,38.3,42.3,45.9,0.22,0.26,0.30
WFMB,2019-11-08 20:30:00 EST,44.39323,-73.85883,2016,18.3,19.0,10.7,81.6,13.6,0.000,0.008,0.00,0.000,4.6,9.4,1.7,283,24,5.3,10.3,2.0,284,23,5.3,10.3,2.0,284,23,0,27.98,1.4,0,0,0,38.3,42.3,45.9,0.22,0.26,0.30
WFMB,2019-11-08 20:35:00 EST,44.39323,-73.85883,2016,18.2,18.9,11.1,81.1,13.4,0.000,0.008,0.00,0.000,4.4,9.4,1.8,288,22,4.8,11.2,2.2,288,21,4.8,11.2,2.2,288,21,0,27.98,1.4,0,0,0,38.3,42.3,45.9,0.22,0.26,0.30
WFMB,2019-11-08 20:40:00 EST,44.39323,-73.85883,2016,18.2,19.0,11.1,81.1,13.4,0.000,0.008,0.00,0.000,4.1,11.0,2.1,278,31,4.9,13.9,2.5,277,27,4.9,13.9,2.5,277,27,0,27.98,1.4,0,0,0,38.3,42.3,45.9,0.22,0.26,0.30
WFMB,2019-11-08 20:45:00 EST,44.39323,-73.85883,2016,18.2,18.9,11.6,80.4,13.2,0.000,0.008,0.00,0.000,3.8,10.7,2.1,263,26,4.4,11.9,2.5,262,24,4.4,11.9,2.5,262,24,0,27.98,1.4,0,0,0,38.3,42.3,45.9,0.22,0.26,0.30
WFMB,2019-11-08 20:50:00 EST,44.39323,-73.85883,2016,18.5,19.1,8.4,79.9,13.3,0.000,0.008,0.00,0.000,6.8,14.8,2.9,269,25,7.9,18.9,3.5,271,22,7.9,18.9,3.5,271,22,0,27.99,1.4,0,0,0,38.3,42.3,45.9,0.22,0.26,0.30
WFMB,2019-11-08 20:55:00 EST,44.39323,-73.85883,2016,18.6,19.2,9.9,78.2,13.0,0.000,0.008,0.00,0.000,5.8,11.5,2.4,267,24,6.5,13.6,2.7,267,24,6.5,13.6,2.7,267,24,0,27.99,1.4,0,0,0,38.3,42.3,45.9,0.22,0.26,0.30
WFMB,2019-11-08 21:00:00 EST,44.39323,-73.85883,2016,18.4,19.2,9.8,77.7,12.6,0.000,0.008,0.00,0.000,5.6,12.1,2.7,269,27,6.3,12.7,2.9,271,25,6.3,12.7,2.9,271,25,0,27.99,1.4,0,0,0,38.3,42.3,45.9,0.22,0.26,0.30
WFMB,2019-11-08 21:05:00 EST,44.39323,-73.85883,2016,18.7,19.3,10.4,77.4,12.8,0.000,0.008,0.00,0.000,5.3,14.0,2.7,270,25,5.9,15.4,3.0,270,23,5.9,15.4,3.0,270,23,0,27.99,1.5,0,0,0,38.3,42.3,45.8,0.22,0.26,0.30
WFMB,2019-11-08 21:10:00 EST,44.39323,-73.85883,2016,18.7,19.3,9.2,77.4,12.8,0.000,0.008,0.00,0.000,6.4,13.8,2.5,276,26,7.2,18.3,3.2,276,22,7.2,18.3,3.2,276,22,0,27.99,1.5,0,0,0,38.3,42.3,45.8,0.22,0.26,0.30
WFMB,2019-11-08 21:15:00 EST,44.39323,-73.85883,2016,18.8,19.3,10.6,77.0,12.8,0.000,0.008,0.00,0.000,5.3,12.1,2.5,272,23,5.8,13.6,2.8,268,23,5.8,13.6,2.8,268,23,0,27.99,1.3,0,0,0,38.3,42.3,45.9,0.22,0.26,0.30
WFMB,2019-11-08 21:20:00 EST,44.39323,-73.85883,2016,18.5,19.2,10.4,77.0,12.5,0.000,0.008,0.00,0.000,5.2,13.4,2.8,275,31,5.7,14.3,3.1,274,29,5.7,14.3,3.1,274,29,0,27.99,1.4,0,0,0,38.3,42.3,45.8,0.22,0.26,0.30
WFMB,2019-11-08 21:25:00 EST,44.39323,-73.85883,2016,18.6,19.3,10.0,76.5,12.5,0.000,0.008,0.00,0.000,5.4,12.4,2.7,275,25,6.3,17.1,3.5,276,19,6.3,17.1,3.5,276,19,0,27.99,1.5,0,0,0,38.3,42.3,45.8,0.22,0.26,0.30
WFMB,2019-11-08 21:30:00 EST,44.39323,-73.85883,2016,18.6,19.3,9.9,75.7,12.2,0.000,0.008,0.00,0.000,5.9,12.8,2.6,279,27,6.5,14.3,3.0,279,26,6.5,14.3,3.0,279,26,0,27.99,1.3,0,0,0,38.3,42.3,45.9,0.22,0.26,0.30
WFMB,2019-11-08 21:35:00 EST,44.39323,-73.85883,2016,18.5,19.2,9.5,76.3,12.3,0.000,0.008,0.00,0.000,6.0,11.7,2.4,275,25,6.7,13.4,2.8,274,22,6.7,13.4,2.8,274,22,0,27.99,1.4,0,0,0,38.3,42.2,45.8,0.22,0.26,0.30
WFMB,2019-11-08 21:40:00 EST,44.39323,-73.85883,2016,18.6,19.3,9.4,75.9,12.3,0.000,0.008,0.00,0.000,6.1,12.3,2.3,271,24,7.0,14.7,2.7,271,23,7.0,14.7,2.7,271,23,0,28.00,1.4,0,0,0,38.3,42.3,45.8,0.22,0.26,0.30
WFMB,2019-11-08 21:45:00 EST,44.39323,-73.85883,2016,18.5,19.2,10.2,76.3,12.2,0.000,0.008,0.00,0.000,5.4,13.2,2.7,282,24,5.9,14.2,3.1,283,19,5.9,14.2,3.1,283,19,0,28.00,1.4,0,0,0,38.3,42.3,45.8,0.22,0.26,0.30
WFMB,2019-11-08 21:50:00 EST,44.39323,-73.85883,2016,18.4,19.2,10.3,76.6,12.3,0.000,0.008,0.00,0.000,5.3,13.1,2.2,264,30,5.7,13.5,2.6,269,28,5.7,13.5,2.6,269,28,0,28.00,1.4,0,0,0,38.3,42.2,45.8,0.22,0.26,0.30
WFMB,2019-11-08 21:55:00 EST,44.39323,-73.85883,2016,18.3,19.1,9.8,77.1,12.3,0.000,0.008,0.00,0.000,5.4,11.0,2.1,286,23,6.1,17.1,2.7,283,20,6.1,17.1,2.7,283,20,0,28.00,1.4,0,0,0,38.3,42.3,45.7,0.22,0.26,0.30
WFMB,2019-11-08 22:00:00 EST,44.39323,-73.85883,2016,18.4,19.2,8.9,77.1,12.4,0.000,0.008,0.00,0.000,6.5,12.9,2.4,279,23,7.2,14.7,3.0,278,18,7.2,14.7,3.0,278,18,0,28.00,1.4,0,0,0,38.3,42.3,45.7,0.22,0.26,0.30
WFMB,2019-11-08 22:05:00 EST,44.39323,-73.85883,2016,18.5,19.2,9.8,76.3,12.3,0.000,0.008,0.00,0.000,5.6,13.2,2.4,279,23,6.4,16.9,3.0,278,21,6.4,16.9,3.0,278,21,0,28.00,1.4,0,0,0,38.3,42.2,45.7,0.22,0.26,0.30
WFMB,2019-11-08 22:10:00 EST,44.39323,-73.85883,2016,18.3,19.2,9.9,75.8,11.9,0.000,0.008,0.00,0.000,5.5,11.0,2.0,269,26,6.0,12.3,2.3,270,24,6.0,12.3,2.3,270,24,0,28.00,1.4,0,0,0,38.3,42.2,45.7,0.22,0.26,0.30
WFMB,2019-11-08 22:15:00 EST,44.39323,-73.85883,2016,18.4,19.2,9.6,75.5,12.0,0.000,0.008,0.00,0.000,5.6,12.6,3.2,275,26,6.5,20.3,3.9,274,24,6.5,20.3,3.9,274,24,0,28.00,1.4,0,0,0,38.3,42.2,45.7,0.22,0.26,0.30
WFMB,2019-11-08 22:20:00 EST,44.39323,-73.85883,2016,18.3,19.2,9.7,75.7,12.0,0.000,0.008,0.00,0.000,5.6,15.8,2.6,283,25,6.2,15.6,2.8,283,24,6.2,15.6,2.8,283,24,0,28.00,1.4,0,0,0,38.3,42.1,45.7,0.22,0.26,0.30
WFMB,2019-11-08 22:25:00 EST,44.39323,-73.85883,2016,18.5,19.3,8.5,75.6,12.1,0.000,0.008,0.00,0.000,7.0,15.5,2.3,274,27,7.9,15.2,2.8,273,24,7.9,15.2,2.8,273,24,0,28.00,1.4,0,0,0,38.3,42.1,45.7,0.22,0.26,0.30
WFMB,2019-11-08 22:30:00 EST,44.39323,-73.85883,2016,18.5,19.2,9.4,75.2,11.9,0.000,0.008,0.00,0.000,6.3,15.4,2.2,285,23,6.8,16.5,2.6,283,19,6.8,16.5,2.6,283,19,0,27.99,1.5,0,0,0,38.3,42.1,45.7,0.22,0.26,0.30
WFMB,2019-11-08 22:35:00 EST,44.39323,-73.85883,2016,18.5,19.3,9.2,75.1,12.0,0.000,0.008,0.00,0.000,6.4,12.3,2.4,273,27,7.2,14.1,3.0,272,22,7.2,14.1,3.0,272,22,0,27.99,1.4,0,0,0,38.3,42.1,45.7,0.22,0.26,0.30
WFMB,2019-11-08 22:40:00 EST,44.39323,-73.85883,2016,18.6,19.2,10.1,74.6,11.8,0.000,0.008,0.00,0.000,5.4,14.7,2.2,276,20,6.1,17.5,2.8,277,17,6.1,17.5,2.8,277,17,0,28.00,1.3,0,0,0,38.3,42.1,45.7,0.22,0.26,0.30
WFMB,2019-11-08 22:45:00 EST,44.39323,-73.85883,2016,18.3,19.2,9.9,74.5,11.6,0.000,0.008,0.00,0.000,5.4,9.6,1.8,273,24,6.1,12.0,2.1,272,21,6.1,12.0,2.1,272,21,0,28.00,1.4,0,0,0,38.3,42.1,45.7,0.22,0.26,0.30
WFMB,2019-11-08 22:50:00 EST,44.39323,-73.85883,2016,18.4,19.1,10.0,74.7,11.7,0.000,0.008,0.00,0.000,5.2,12.3,2.2,277,31,6.0,14.8,2.5,278,33,6.0,14.8,2.5,278,33,0,28.00,1.4,0,0,0,38.3,42.1,45.7,0.22,0.26,0.30
WFMB,2019-11-08 22:55:00 EST,44.39323,-73.85883,2016,18.4,19.1,11.3,74.5,11.6,0.000,0.008,0.00,0.000,4.3,10.7,1.9,264,31,4.8,12.3,2.2,265,25,4.8,12.3,2.2,265,25,0,28.00,1.4,0,0,0,38.3,42.1,45.7,0.22,0.26,0.30
WFMB,2019-11-08 23:00:00 EST,44.39323,-73.85883,2016,18.3,19.1,12.3,74.2,11.5,0.000,0.008,0.00,0.000,3.5,9.5,2.3,277,31,4.0,10.8,2.6,275,29,4.0,10.8,2.6,275,29,0,28.00,1.4,0,0,0,38.3,42.1,45.7,0.22,0.26,0.30
WFMB,2019-11-08 23:05:00 EST,44.39323,-73.85883,2016,18.2,18.9,18.2,74.3,11.4,0.000,0.008,0.00,0.000,2.6,8.9,1.9,254,37,2.9,9.5,1.9,256,39,2.9,9.5,1.9,256,39,0,28.00,1.3,0,0,0,38.3,42.1,45.7,0.22,0.26,0.30
WFMB,2019-11-08 23:10:00 EST,44.39323,-73.85883,2016,18.2,19.0,12.7,74.5,11.5,0.000,0.008,0.00,0.000,3.3,9.6,1.8,248,34,3.6,12.5,2.2,249,35,3.6,12.5,2.2,249,35,0,28.00,1.4,0,0,0,38.3,42.1,45.7,0.22,0.26,0.30
WFMB,2019-11-08 23:15:00 EST,44.39323,-73.85883,2016,17.7,18.8,17.7,75.3,11.2,0.000,0.008,0.00,0.000,1.4,3.7,1.0,289,38,1.7,4.3,1.0,296,48,1.7,4.3,1.0,296,48,0,28.00,1.3,0,0,0,38.2,42.1,45.7,0.22,0.26,0.30
WFMB,2019-11-08 23:20:00 EST,44.39323,-73.85883,2016,17.9,18.8,12.8,76.1,11.6,0.000,0.008,0.00,0.000,2.8,6.9,1.6,249,32,3.3,7.2,1.6,244,33,3.3,7.2,1.6,244,33,0,28.00,1.3,0,0,0,38.2,42.1,45.7,0.22,0.26,0.30
WFMB,2019-11-08 23:25:00 EST,44.39323,-73.85883,2016,18.2,19.1,18.2,75.7,11.8,0.000,0.008,0.00,0.000,1.1,3.0,0.8,203,50,1.6,4.5,0.8,203,57,1.6,4.5,0.8,203,57,0,28.00,1.4,0,0,0,38.2,42.1,45.7,0.22,0.26,0.30
WFMB,2019-11-08 23:30:00 EST,44.39323,-73.85883,2016,17.7,18.9,17.7,74.7,11.1,0.000,0.008,0.00,0.000,0.9,3.0,0.8,273,61,1.5,4.1,0.8,256,75,1.5,4.1,0.8,256,75,0,28.00,1.2,0,0,0,38.1,42.1,45.7,0.22,0.26,0.30
WFMB,2019-11-08 23:35:00 EST,44.39323,-73.85883,2016,17.8,19.0,10.0,75.6,11.4,0.000,0.008,0.00,0.000,4.7,10.6,2.7,273,37,5.3,12.7,3.0,272,36,5.3,12.7,3.0,272,36,0,28.00,1.4,0,0,0,38.2,42.1,45.7,0.22,0.26,0.30
WFMB,2019-11-08 23:40:00 EST,44.39323,-73.85883,2016,18.1,18.9,11.7,74.7,11.4,0.000,0.008,0.00,0.000,3.7,8.2,1.7,283,31,4.2,11.2,2.1,285,32,4.2,11.2,2.1,285,32,0,28.00,1.5,0,0,0,38.1,42.1,45.7,0.22,0.26,0.30
WFMB,2019-11-08 23:45:00 EST,44.39323,-73.85883,2016,17.9,18.9,11.8,75.1,11.3,0.000,0.008,0.00,0.000,3.5,10.2,1.8,268,29,4.0,11.3,2.2,273,24,4.0,11.3,2.2,273,24,0,28.00,1.4,0,0,0,38.1,42.1,45.7,0.22,0.26,0.30
WFMB,2019-11-08 23:50:00 EST,44.39323,-73.85883,2016,17.8,18.9,11.1,74.6,11.1,0.000,0.008,0.00,0.000,4.0,8.1,1.5,272,27,4.5,10.7,1.8,269,27,4.5,10.7,1.8,269,27,0,28.00,1.3,0,0,0,38.1,42.1,45.7,0.22,0.26,0.30
WFMB,2019-11-08 23:55:00 EST,44.39323,-73.85883,2016,17.8,19.0,10.9,74.8,11.1,0.000,0.008,0.00,0.000,4.1,8.3,1.5,271,28,4.6,9.4,1.8,272,25,4.6,9.4,1.8,272,25,0,28.00,1.4,0,0,0,38.1,42.1,45.7,0.22,0.26,0.30
WGAT,2019-11-08 00:00:00 EST,43.53241,-75.15860,1453,20.9,21.0,20.9,88.7,18.1,0.000,0.059,0.00,0.000,1.9,4.9,0.9,332,36,2.3,5.3,0.9,336,34,2.3,5.3,0.9,336,34,0,28.50,0.1,0,0,0,36.4,41.0,44.8,0.20,0.27,0.09
WGAT,2019-11-08 00:05:00 EST,43.53241,-75.15860,1453,20.9,20.9,20.9,87.3,17.7,0.000,0.000,0.00,0.000,1.6,4.7,1.2,358,26,2.0,6.0,1.4,357,32,2.0,6.0,1.4,357,32,0,28.50,0.1,0,0,0,36.4,41.0,44.8,0.20,0.27,0.09
WGAT,2019-11-08 00:10:00 EST,43.53241,-75.15860,1453,20.7,20.7,20.7,86.9,17.4,0.000,0.000,0.00,0.000,1.3,3.2,0.8,345,29,1.8,5.6,1.1,347,32,1.8,5.6,1.1,347,32,0,28.49,0.0,0,0,0,36.3,41.0,44.8,0.20,0.27,0.09
WGAT,2019-11-08 00:15:00 EST,43.53241,-75.15860,1453,20.8,20.8,15.7,86.8,17.5,0.000,0.000,0.00,0.000,2.9,5.3,0.9,334,30,3.6,7.8,1.2,342,28,3.6,7.8,1.2,342,28,0,28.49,-0.0,0,0,0,36.3,41.0,44.8,0.20,0.27,0.09
WGAT,2019-11-08 00:20:00 EST,43.53241,-75.15860,1453,20.7,20.7,20.7,86.2,17.2,0.000,0.000,0.00,0.000,1.6,4.3,0.9,311,48,1.9,4.9,1.0,324,44,1.9,4.9,1.0,324,44,0,28.49,-0.1,0,0,0,36.3,41.0,44.8,0.20,0.27,0.09
WGAT,2019-11-08 00:25:00 EST,43.53241,-75.15860,1453,20.2,20.5,20.2,86.6,16.8,0.000,0.000,0.00,0.000,0.4,1.9,0.5,307,44,0.7,2.6,0.7,302,48,0.7,2.6,0.7,302,48,0,28.49,0.0,0,0,0,36.3,41.0,44.8,0.20,0.27,0.09
WGAT,2019-11-08 00:30:00 EST,43.53241,-75.15860,1453,20.2,20.5,20.2,87.8,17.2,0.000,0.000,0.00,0.000,1.3,2.9,0.7,286,44,1.9,5.1,0.9,290,39,1.9,5.1,0.9,290,39,0,28.49,-0.0,0,0,0,36.3,41.0,44.8,0.20,0.27,0.09
WGAT,2019-11-08 00:35:00 EST,43.53241,-75.15860,1453,20.2,20.3,20.2,88.4,17.3,0.000,0.000,0.00,0.000,1.3,2.8,0.5,276,25,1.6,3.6,0.6,280,30,1.6,3.6,0.6,280,30,0,28.49,-0.0,0,0,0,36.3,41.0,44.8,0.20,0.27,0.09
WGAT,2019-11-08 00:40:00 EST,43.53241,-75.15860,1453,19.8,19.8,19.8,88.6,17.0,0.000,0.000,0.00,0.000,1.2,2.7,0.5,281,16,1.5,3.1,0.6,286,21,1.5,3.1,0.6,286,21,0,28.49,-0.0,0,0,0,36.3,41.0,44.8,0.20,0.27,0.09
WGAT,2019-11-08 00:45:00 EST,43.53241,-75.15860,1453,19.6,19.7,19.6,89.4,17.0,0.000,0.000,0.00,0.000,1.3,2.3,0.4,280,23,1.7,3.4,0.6,285,18,1.7,3.4,0.6,285,18,0,28.49,0.0,0,0,0,36.3,41.0,44.7,0.20,0.27,0.09
WGAT,2019-11-08 00:50:00 EST,43.53241,-75.15860,1453,19.6,19.6,19.6,89.9,17.1,0.000,0.000,0.00,0.000,1.4,2.9,0.5,287,20,1.7,3.9,0.7,293,20,1.7,3.9,0.7,293,20,0,28.49,0.0,0,0,0,36.3,40.9,44.8,0.20,0.27,0.09
WGAT,2019-11-08 00:55:00 EST,43.53241,-75.15860,1453,19.3,19.5,19.3,89.9,16.8,0.000,0.000,0.00,0.000,0.8,2.4,0.5,293,16,1.1,3.3,0.5,299,19,1.1,3.3,0.5,299,19,0,28.49,-0.1,0,0,0,36.2,40.8,44.7,0.19,0.27,0.09
WGAT,2019-11-08 01:00:00 EST,43.53241,-75.15860,1453,18.9,19.3,18.9,90.1,16.4,0.000,0.000,0.00,0.000,0.5,1.2,0.4,281,16,0.9,1.7,0.5,284,14,0.9,1.7,0.5,284,14,0,28.49,-0.0,0,0,0,36.1,40.8,44.7,0.20,0.27,0.09
WGAT,2019-11-08 01:05:00 EST,43.53241,-75.15860,1453,19.0,19.4,19.0,90.7,16.7,0.000,0.000,0.00,0.000,0.8,1.4,0.3,287,18,1.1,1.8,0.5,288,18,1.1,1.8,0.5,288,18,0,28.49,-0.0,0,0,0,36.1,40.8,44.7,0.19,0.27,0.09
WGAT,2019-11-08 01:10:00 EST,43.53241,-75.15860,1453,19.0,19.4,19.0,91.4,17.0,0.000,0.000,0.00,0.000,0.9,1.6,0.4,294,16,1.2,2.5,0.5,295,19,1.2,2.5,0.5,295,19,0,28.49,-0.1,0,0,0,36.1,40.8,44.6,0.19,0.27,0.09
WGAT,2019-11-08 01:15:00 EST,43.53241,-75.15860,1453,19.1,19.4,19.1,91.8,17.1,0.000,0.000,0.00,0.000,0.9,1.8,0.3,282,12,1.3,2.3,0.4,290,14,1.3,2.3,0.4,290,14,0,28.49,0.0,0,0,0,36.1,40.8,44.7,0.20,0.27,0.09
WGAT,2019-11-08 01:20:00 EST,43.53241,-75.15860,1453,19.0,19.3,19.0,91.8,17.0,0.000,0.000,0.00,0.000,0.8,1.4,0.3,305,12,1.0,1.9,0.4,309,18,1.0,1.9,0.4,309,18,0,28.49,-0.1,0,0,0,36.1,40.8,44.6,0.20,0.27,0.09
WGAT,2019-11-08 01:25:00 EST,43.53241,-75.15860,1453,18.8,19.2,18.8,91.9,16.9,0.000,0.000,0.00,0.000,0.9,2.1,0.4,294,16,1.1,2.2,0.5,297,18,1.1,2.2,0.5,297,18,0,28.49,-0.1,0,0,0,36.1,40.8,44.6,0.19,0.27,0.09
WGAT,2019-11-08 01:30:00 EST,43.53241,-75.15860,1453,18.6,19.1,18.6,91.8,16.6,0.000,0.000,0.00,0.000,0.8,1.5,0.4,297,20,1.0,1.7,0.4,300,22,1.0,1.7,0.4,300,22,0,28.49,-0.1,0,0,0,36.1,40.8,44.6,0.20,0.27,0.09
WGAT,2019-11-08 01:35:00 EST,43.53241,-75.15860,1453,18.7,19.0,18.7,92.5,16.8,0.000,0.000,0.00,0.000,0.9,1.8,0.4,342,25,1.1,2.6,0.6,344,24,1.1,2.6,0.6,344,24,0,28.49,-0.1,0,0,0,36.1,40.8,44.6,0.20,0.27,0.09
WGAT,2019-11-08 01:40:00 EST,43.53241,-75.15860,1453,18.7,19.0,18.7,92.4,16.9,0.000,0.000,0.00,0.000,0.9,1.9,0.4,338,18,1.3,2.5,0.7,346,17,1.3,2.5,0.7,346,17,0,28.49,-0.0,0,0,0,36.1,40.8,44.6,0.20,0.27,0.09
WGAT,2019-11-08 01:45:00 EST,43.53241,-75.15860,1453,18.7,19.1,18.7,92.2,16.8,0.000,0.000,0.00,0.000,1.3,3.5,0.7,328,20,1.4,3.9,0.9,335,19,1.4,3.9,0.9,335,19,0,28.49,-0.1,0,0,0,36.1,40.8,44.6,0.20,0.27,0.09
WGAT,2019-11-08 01:50:00 EST,43.53241,-75.15860,1453,18.8,19.0,18.8,91.7,16.7,0.000,0.000,0.00,0.000,1.7,3.9,1.0,335,22,2.1,4.5,1.0,339,27,2.1,4.5,1.0,339,27,0,28.49,-0.0,0,0,0,36.0,40.8,44.6,0.20,0.27,0.09
WGAT,2019-11-08 01:55:00 EST,43.53241,-75.15860,1453,19.1,19.2,19.1,91.8,17.1,0.000,0.000,0.00,0.000,1.0,3.3,0.7,309,20,1.3,3.9,0.8,309,24,1.3,3.9,0.8,309,24,0,28.49,-0.2,0,0,0,36.0,40.8,44.6,0.20,0.27,0.09
WGAT,2019-11-08 02:00:00 EST,43.53241,-75.15860,1453,19.2,19.2,19.2,90.9,17.0,0.000,0.000,0.00,0.000,1.7,3.8,1.0,328,25,2.0,6.2,1.4,337,25,2.0,6.2,1.4,337,25,0,28.49,-0.2,0,0,0,36.0,40.8,44.6,0.20,0.27,0.09
WGAT,2019-11-08 02:05:00 EST,43.53241,-75.15860,1453,19.0,19.2,19.0,90.1,16.6,0.000,0.000,0.00,0.000,0.8,2.6,0.7,306,32,1.2,4.4,0.9,300,41,1.2,4.4,0.9,300,41,0,28.49,-0.1,0,0,0,36.0,40.8,44.6,0.20,0.27,0.09
WGAT,2019-11-08 02:10:00 EST,43.53241,-75.15860,1453,19.2,19.2,19.2,89.9,16.7,0.000,0.000,0.00,0.000,1.2,4.0,0.8,336,25,1.6,4.6,1.1,342,28,1.6,4.6,1.1,342,28,0,28.49,-0.1,0,0,0,36.0,40.7,44.6,0.20,0.27,0.09
WGAT,2019-11-08 02:15:00 EST,43.53241,-75.15860,1453,19.0,19.1,19.0,89.3,16.4,0.000,0.000,0.00,0.000,1.8,4.2,0.9,324,30,2.2,5.2,1.0,331,29,2.2,5.2,1.0,331,29,0,28.49,-0.1,0,0,0,36.0,40.6,44.6,0.19,0.27,0.09
WGAT,2019-11-08 02:20:00 EST,43.53241,-75.15860,1453,18.7,18.9,18.7,88.7,15.9,0.000,0.000,0.00,0.000,1.4,3.9,0.8,314,46,2.0,4.9,0.8,316,43,2.0,4.9,0.8,316,43,0,28.48,-0.1,0,0,0,36.0,40.6,44.6,0.19,0.27,0.09
WGAT,2019-11-08 02:25:00 EST,43.53241,-75.15860,1453,18.8,18.9,18.8,89.1,16.2,0.000,0.000,0.00,0.000,2.1,4.2,0.8,312,30,2.4,5.3,0.9,319,30,2.4,5.3,0.9,319,30,0,28.48,-0.2,0,0,0,36.0,40.6,44.6,0.19,0.27,0.09
WGAT,2019-11-08 02:30:00 EST,43.53241,-75.15860,1453,18.7,18.7,18.7,89.2,16.0,0.000,0.000,0.00,0.000,1.3,3.7,0.9,317,28,1.6,4.6,1.0,320,29,1.6,4.6,1.0,320,29,0,28.48,-0.2,0,0,0,36.0,40.6,44.6,0.19,0.27,0.09
WGAT,2019-11-08 02:35:00 EST,43.53241,-75.15860,1453,18.5,18.5,18.5,89.5,15.9,0.000,0.000,0.00,0.000,1.2,4.0,1.0,327,33,1.5,4.7,1.2,329,32,1.5,4.7,1.2,329,32,0,28.48,-0.2,0,0,0,36.0,40.6,44.6,0.19,0.27,0.09
WGAT,2019-11-08 02:40:00 EST,43.53241,-75.15860,1453,18.2,18.4,18.2,89.5,15.7,0.000,0.000,0.00,0.000,1.0,2.7,0.7,298,37,1.3,3.5,0.8,301,40,1.3,3.5,0.8,301,40,0,28.48,-0.1,0,0,0,36.0,40.6,44.6,0.19,0.27,0.09
WGAT,2019-11-08 02:45:00 EST,43.53241,-75.15860,1453,18.2,18.3,18.2,89.7,15.7,0.000,0.000,0.00,0.000,1.4,3.1,0.8,314,37,1.8,5.0,1.1,316,36,1.8,5.0,1.1,316,36,0,28.48,-0.2,0,0,0,36.0,40.6,44.6,0.19,0.27,0.09
WGAT,2019-11-08 02:50:00 EST,43.53241,-75.15860,1453,18.1,18.1,18.1,89.7,15.6,0.000,0.000,0.00,0.000,1.0,2.8,0.8,309,41,1.4,4.3,0.9,308,37,1.4,4.3,0.9,308,37,0,28.48,-0.1,0,0,0,36.0,40.6,44.6,0.19,0.27,0.09
WGAT,2019-11-08 02:55:00 EST,43.53241,-75.15860,1453,17.8,18.0,17.8,89.5,15.2,0.000,0.000,0.00,0.000,0.9,3.6,0.7,310,30,1.3,4.2,0.8,321,32,1.3,4.2,0.8,321,32,0,28.48,-0.1,0,0,0,36.0,40.6,44.6,0.19,0.27,0.09
WGAT,2019-11-08 03:00:00 EST,43.53241,-75.15860,1453,17.7,17.9,17.7,89.6,15.2,0.000,0.000,0.00,0.000,1.0,3.7,0.8,314,24,1.2,3.8,0.8,321,26,1.2,3.8,0.8,321,26,0,28.48,-0.1,0,0,0,36.0,40.6,44.6,0.19,0.27,0.09
WGAT,2019-11-08 03:05:00 EST,43.53241,-75.15860,1453,17.8,17.9,17.8,90.3,15.4,0.000,0.000,0.00,0.000,1.6,4.7,1.1,325,24,1.9,5.1,1.3,330,26,1.9,5.1,1.3,330,26,0,28.48,-0.1,0,0,0,36.0,40.6,44.6,0.19,0.27,0.09
WGAT,2019-11-08 03:10:00 EST,43.53241,-75.15860,1453,17.9,17.9,17.9,90.1,15.5,0.000,0.000,0.00,0.000,1.3,3.3,0.8,307,22,1.6,3.8,0.8,312,26,1.6,3.8,0.8,312,26,0,28.48,-0.2,0,0,0,36.0,40.6,44.6,0.19,0.27,0.09
WGAT,2019-11-08 03:15:00 EST,43.53241,-75.15860,1453,17.9,17.8,17.9,89.6,15.3,0.000,0.000,0.00,0.000,1.2,2.6,0.5,290,21,1.4,4.1,0.7,293,21,1.4,4.1,0.7,293,21,0,28.48,-0.1,0,0,0,36.0,40.6,44.6,0.19,0.27,0.09
WGAT,2019-11-08 03:20:00 EST,43.53241,-75.15860,1453,17.6,17.7,17.6,89.3,15.0,0.000,0.000,0.00,0.000,0.7,2.0,0.5,291,12,1.0,2.4,0.6,293,12,1.0,2.4,0.6,293,12,0,28.49,-0.2,0,0,0,36.0,40.6,44.6,0.19,0.27,0.09
WGAT,2019-11-08 03:25:00 EST,43.53241,-75.15860,1453,17.3,17.6,17.3,89.5,14.8,0.000,0.000,0.00,0.000,0.5,1.5,0.5,299,11,0.7,2.0,0.6,302,15,0.7,2.0,0.6,302,15,0,28.49,-0.2,0,0,0,36.0,40.6,44.6,0.19,0.27,0.09
WGAT,2019-11-08 03:30:00 EST,43.53241,-75.15860,1453,17.3,17.6,17.3,90.4,15.0,0.000,0.000,0.00,0.000,0.4,1.9,0.5,309,19,0.6,2.7,0.7,316,17,0.6,2.7,0.7,316,17,0,28.49,-0.1,0,0,0,36.0,40.6,44.6,0.19,0.27,0.09
WGAT,2019-11-08 03:35:00 EST,43.53241,-75.15860,1453,17.4,17.7,17.4,91.1,15.3,0.000,0.000,0.00,0.000,0.3,2.1,0.5,291,11,0.6,2.2,0.6,278,32,0.6,2.2,0.6,278,32,0,28.49,0.0,0,0,0,36.0,40.5,44.6,0.19,0.27,0.09
WGAT,2019-11-08 03:40:00 EST,43.53241,-75.15860,1453,17.7,17.9,17.7,91.7,15.7,0.000,0.000,0.00,0.000,0.7,2.1,0.6,275,31,1.1,2.9,0.7,281,24,1.1,2.9,0.7,281,24,0,28.49,-0.1,0,0,0,36.0,40.5,44.6,0.19,0.27,0.09
WGAT,2019-11-08 03:45:00 EST,43.53241,-75.15860,1453,18.0,18.1,18.0,92.0,16.1,0.000,0.000,0.00,0.000,1.0,2.8,0.7,295,20,1.3,3.4,0.6,302,27,1.3,3.4,0.6,302,27,0,28.49,-0.1,0,0,0,36.0,40.5,44.6,0.19,0.27,0.09
WGAT,2019-11-08 03:50:00 EST,43.53241,-75.15860,1453,18.2,18.2,18.2,91.7,16.2,0.000,0.000,0.00,0.000,1.1,3.4,0.8,316,35,1.5,3.5,0.8,319,35,1.5,3.5,0.8,319,35,0,28.49,-0.1,0,0,0,35.9,40.5,44.6,0.19,0.27,0.09
WGAT,2019-11-08 03:55:00 EST,43.53241,-75.15860,1453,18.3,18.2,18.3,90.9,16.0,0.000,0.000,0.00,0.000,1.6,5.8,1.2,334,30,2.0,6.2,1.3,344,29,2.0,6.2,1.3,344,29,0,28.49,-0.1,0,0,0,35.8,40.5,44.6,0.19,0.27,0.09
WGAT,2019-11-08 04:00:00 EST,43.53241,-75.15860,1453,18.3,18.3,18.3,90.2,15.9,0.000,0.000,0.00,0.000,0.9,3.4,0.9,302,27,1.3,4.9,0.9,305,32,1.3,4.9,0.9,305,32,0,28.49,-0.1,0,0,0,35.8,40.5,44.6,0.19,0.27,0.09
WGAT,2019-11-08 04:05:00 EST,43.53241,-75.15860,1453,17.9,18.1,17.9,89.4,15.3,0.000,0.000,0.00,0.000,1.1,2.0,0.4,347,31,1.5,3.2,0.6,356,36,1.5,3.2,0.6,356,36,0,28.49,-0.1,0,0,0,35.8,40.5,44.6,0.19,0.27,0.09
WGAT,2019-11-08 04:10:00 EST,43.53241,-75.15860,1453,17.6,17.9,17.6,89.8,15.1,0.000,0.000,0.00,0.000,1.2,2.8,0.7,354,25,1.8,4.8,1.1,3,22,1.8,4.8,1.1,3,22,0,28.49,-0.1,0,0,0,35.8,40.5,44.6,0.19,0.27,0.09
WGAT,2019-11-08 04:15:00 EST,43.53241,-75.15860,1453,17.5,17.8,17.5,89.9,15.0,0.000,0.000,0.00,0.000,1.4,3.2,0.8,10,17,1.8,3.9,0.8,13,22,1.8,3.9,0.8,13,22,0,28.49,-0.1,0,0,0,35.8,40.5,44.6,0.19,0.27,0.09
WGAT,2019-11-08 04:20:00 EST,43.53241,-75.15860,1453,17.6,17.7,17.6,90.5,15.3,0.000,0.000,0.00,0.000,1.7,3.1,0.6,343,28,2.0,3.7,0.6,351,26,2.0,3.7,0.6,351,26,0,28.49,-0.0,0,0,0,35.8,40.5,44.6,0.19,0.27,0.09
WGAT,2019-11-08 04:25:00 EST,43.53241,-75.15860,1453,17.2,17.5,17.2,90.2,14.9,0.000,0.000,0.00,0.000,0.9,2.0,0.5,358,26,1.2,3.0,0.7,3,22,1.2,3.0,0.7,3,22,0,28.49,-0.1,0,0,0,35.8,40.5,44.6,0.19,0.27,0.09
WGAT,2019-11-08 04:30:00 EST,43.53241,-75.15860,1453,17.2,17.4,17.2,90.4,14.8,0.000,0.000,0.00,0.000,1.3,3.9,0.7,339,18,1.5,6.1,1.0,344,17,1.5,6.1,1.0,344,17,0,28.49,-0.1,0,0,0,35.8,40.5,44.6,0.19,0.27,0.09
WGAT,2019-11-08 04:35:00 EST,43.53241,-75.15860,1453,17.2,17.4,17.2,90.8,14.9,0.000,0.000,0.00,0.000,1.4,3.4,0.8,318,22,1.6,4.3,0.7,328,29,1.6,4.3,0.7,328,29,0,28.49,-0.2,0,0,0,35.8,40.5,44.6,0.19,0.27,0.09
WGAT,2019-11-08 04:40:00 EST,43.53241,-75.15860,1453,17.1,17.3,17.1,90.4,14.8,0.000,0.000,0.00,0.000,1.1,2.1,0.5,311,38,1.4,2.7,0.6,324,38,1.4,2.7,0.6,324,38,0,28.49,-0.1,0,0,0,35.8,40.5,44.6,0.19,0.27,0.09
WGAT,2019-11-08 04:45:00 EST,43.53241,-75.15860,1453,17.2,17.3,17.2,91.1,15.0,0.000,0.000,0.00,0.000,0.8,2.0,0.5,304,24,1.0,3.4,0.8,308,22,1.0,3.4,0.8,308,22,0,28.49,-0.0,0,0,0,35.8,40.5,44.6,0.19,0.27,0.09
WGAT,2019-11-08 04:50:00 EST,43.53241,-75.15860,1453,17.1,17.2,17.1,91.1,14.9,0.000,0.000,0.00,0.000,0.8,2.1,0.6,305,25,1.2,3.2,0.8,306,26,1.2,3.2,0.8,306,26,0,28.49,-0.1,0,0,0,35.8,40.4,44.6,0.19,0.27,0.09
WGAT,2019-11-08 04:55:00 EST,43.53241,-75.15860,1453,17.1,17.2,17.1,91.0,14.9,0.000,0.000,0.00,0.000,1.1,3.4,0.8,298,25,1.5,4.8,0.9,304,25,1.5,4.8,0.9,304,25,0,28.49,-0.2,0,0,0,35.8,40.4,44.6,0.19,0.27,0.09
WGAT,2019-11-08 05:00:00 EST,43.53241,-75.15860,1453,17.1,17.2,17.1,90.8,14.9,0.000,0.000,0.00,0.000,1.2,3.4,0.7,314,25,1.5,6.1,0.8,320,22,1.5,6.1,0.8,320,22,0,28.50,-0.1,0,0,0,35.8,40.3,44.6,0.19,0.27,0.09
WGAT,2019-11-08 05:05:00 EST,43.53241,-75.15860,1453,16.8,17.1,16.8,90.4,14.5,0.000,0.000,0.00,0.000,1.1,3.5,0.7,326,36,1.4,5.5,0.8,332,38,1.4,5.5,0.8,332,38,0,28.50,-0.1,0,0,0,35.8,40.3,44.5,0.19,0.27,0.09
WGAT,2019-11-08 05:10:00 EST,43.53241,-75.15860,1453,16.5,16.9,16.5,90.2,14.2,0.000,0.000,0.00,0.000,0.7,1.9,0.5,319,25,1.1,2.0,0.6,321,30,1.1,2.0,0.6,321,30,0,28.50,-0.2,0,0,0,35.8,40.3,44.5,0.19,0.27,0.09
WGAT,2019-11-08 05:15:00 EST,43.53241,-75.15860,1453,16.5,16.8,16.5,90.8,14.3,0.000,0.000,0.00,0.000,1.0,2.0,0.5,342,16,1.4,2.6,0.6,347,15,1.4,2.6,0.6,347,15,0,28.50,-0.2,0,0,0,35.7,40.3,44.4,0.19,0.27,0.09
WGAT,2019-11-08 05:20:00 EST,43.53241,-75.15860,1453,16.3,16.8,16.3,90.9,14.1,0.000,0.000,0.00,0.000,1.2,2.8,0.6,323,30,1.4,3.9,0.8,328,30,1.4,3.9,0.8,328,30,0,28.50,-0.1,0,0,0,35.7,40.3,44.4,0.19,0.27,0.09
WGAT,2019-11-08 05:25:00 EST,43.53241,-75.15860,1453,16.7,17.0,16.7,91.8,14.8,0.000,0.000,0.00,0.000,1.4,3.1,0.8,335,37,1.8,3.9,0.9,339,37,1.8,3.9,0.9,339,37,0,28.50,-0.0,0,0,0,35.6,40.3,44.5,0.19,0.27,0.09
WGAT,2019-11-08 05:30:00 EST,43.53241,-75.15860,1453,17.2,17.2,17.2,91.9,15.2,0.000,0.000,0.00,0.000,1.2,3.7,0.8,341,32,1.5,4.3,0.9,346,29,1.5,4.3,0.9,346,29,0,28.50,-0.0,0,0,0,35.6,40.3,44.4,0.19,0.27,0.09
WGAT,2019-11-08 05:35:00 EST,43.53241,-75.15860,1453,17.6,17.5,17.6,92.2,15.8,0.000,0.000,0.00,0.000,1.2,5.7,1.3,332,23,1.6,7.0,1.5,340,31,1.6,7.0,1.5,340,31,0,28.50,-0.0,0,0,0,35.6,40.3,44.4,0.19,0.27,0.09
WGAT,2019-11-08 05:40:00 EST,43.53241,-75.15860,1453,17.9,17.7,17.9,91.7,15.9,0.000,0.000,0.00,0.000,2.2,4.5,1.0,348,31,2.5,5.7,1.2,360,30,2.5,5.7,1.2,360,30,0,28.50,-0.1,0,0,0,35.6,40.3,44.4,0.19,0.27,0.09
WGAT,2019-11-08 05:45:00 EST,43.53241,-75.15860,1453,18.2,17.9,18.2,91.1,16.1,0.000,0.000,0.00,0.000,2.2,7.7,1.5,321,35,2.7,9.0,1.6,325,36,2.7,9.0,1.6,325,36,0,28.50,-0.0,0,0,0,35.6,40.3,44.4,0.19,0.27,0.09
WGAT,2019-11-08 05:50:00 EST,43.53241,-75.15860,1453,18.4,18.1,18.4,90.6,16.1,0.000,0.000,0.00,0.000,0.8,2.3,0.5,292,41,1.5,3.9,0.8,308,46,1.5,3.9,0.8,308,46,0,28.51,-0.1,0,0,0,35.6,40.3,44.4,0.19,0.27,0.09
WGAT,2019-11-08 05:55:00 EST,43.53241,-75.15860,1453,18.4,18.2,13.7,90.3,16.1,0.000,0.000,0.00,0.000,2.9,6.4,1.4,330,35,3.2,7.7,1.6,341,35,3.2,7.7,1.6,341,35,0,28.51,-0.1,0,0,0,35.6,40.3,44.4,0.19,0.27,0.09
WGAT,2019-11-08 06:00:00 EST,43.53241,-75.15860,1453,18.5,18.2,18.5,90.1,16.1,0.000,0.000,0.00,0.000,2.4,6.2,1.4,307,50,2.9,7.8,1.6,313,43,2.9,7.8,1.6,313,43,0,28.51,-0.1,0,0,0,35.6,40.3,44.4,0.19,0.27,0.09
WGAT,2019-11-08 06:05:00 EST,43.53241,-75.15860,1453,18.7,18.3,13.8,90.2,16.3,0.000,0.000,0.00,0.000,2.5,7.7,1.7,311,34,3.2,8.4,1.9,315,35,3.2,8.4,1.9,315,35,0,28.51,-0.0,0,0,0,35.6,40.3,44.4,0.19,0.27,0.09
WGAT,2019-11-08 06:10:00 EST,43.53241,-75.15860,1453,18.6,18.3,13.7,89.2,15.9,0.000,0.000,0.00,0.000,2.5,7.1,1.7,334,40,3.3,9.2,1.7,342,35,3.3,9.2,1.7,342,35,0,28.51,0.0,0,0,0,35.6,40.2,44.4,0.19,0.27,0.09
WGAT,2019-11-08 06:15:00 EST,43.53241,-75.15860,1453,18.6,18.3,13.5,89.5,16.0,0.000,0.000,0.00,0.000,3.0,7.9,1.4,308,32,3.4,7.7,1.3,314,30,3.4,7.7,1.3,314,30,0,28.52,-0.0,0,0,0,35.6,40.3,44.4,0.19,0.27,0.09
WGAT,2019-11-08 06:20:00 EST,43.53241,-75.15860,1453,18.7,18.3,14.1,89.7,16.2,0.000,0.000,0.00,0.000,2.8,7.2,1.2,325,39,3.1,9.3,1.7,334,40,3.1,9.3,1.7,334,40,0,28.52,0.0,0,0,0,35.6,40.2,44.4,0.19,0.27,0.09
WGAT,2019-11-08 06:25:00 EST,43.53241,-75.15860,1453,18.7,18.4,14.1,90.3,16.4,0.000,0.000,0.00,0.000,2.6,8.5,2.1,322,38,3.1,11.0,2.4,325,37,3.1,11.0,2.4,325,37,0,28.52,-0.0,0,0,0,35.6,40.2,44.4,0.19,0.27,0.09
WGAT,2019-11-08 06:30:00 EST,43.53241,-75.15860,1453,18.8,18.5,18.8,90.6,16.5,0.000,0.000,0.00,0.000,1.1,3.2,0.6,306,35,1.5,3.4,0.6,312,38,1.5,3.4,0.6,312,38,0,28.52,-0.1,0,0,0,35.6,40.1,44.4,0.19,0.27,0.09
WGAT,2019-11-08 06:35:00 EST,43.53241,-75.15860,1453,18.7,18.4,18.7,90.7,16.5,0.000,0.000,0.00,0.000,1.2,3.0,1.0,322,40,1.5,4.7,1.1,323,46,1.5,4.7,1.1,323,46,0,28.52,-0.0,0,0,0,35.6,40.1,44.4,0.19,0.27,0.09
WGAT,2019-11-08 06:40:00 EST,43.53241,-75.15860,1453,18.8,18.5,18.8,91.3,16.7,0.000,0.000,0.00,0.000,1.7,5.6,1.3,311,29,2.1,6.6,1.5,322,34,2.1,6.6,1.5,322,34,1,28.52,-0.1,0,0,0,35.5,40.1,44.4,0.19,0.27,0.09
WGAT,2019-11-08 06:45:00 EST,43.53241,-75.15860,1453,18.9,18.5,18.9,91.5,16.8,0.000,0.000,0.00,0.000,1.7,4.9,1.0,279,39,2.3,5.9,1.2,286,38,2.3,5.9,1.2,286,38,1,28.53,-0.1,0,0,0,35.4,40.1,44.4,0.19,0.27,0.09
WGAT,2019-11-08 06:50:00 EST,43.53241,-75.15860,1453,18.7,18.4,18.7,91.0,16.6,0.000,0.000,0.00,0.000,1.9,6.6,1.4,301,39,2.4,7.1,1.4,309,36,2.4,7.1,1.4,309,36,2,28.53,0.0,0,0,0,35.5,40.1,44.4,0.19,0.27,0.09
WGAT,2019-11-08 06:55:00 EST,43.53241,-75.15860,1453,18.6,18.3,18.6,91.0,16.5,0.000,0.000,0.00,0.000,1.6,3.8,0.7,311,32,1.8,3.7,0.8,311,31,1.8,3.7,0.8,311,31,3,28.53,0.2,0,0,0,35.4,40.1,44.4,0.19,0.27,0.09
WGAT,2019-11-08 07:00:00 EST,43.53241,-75.15860,1453,18.6,18.3,18.6,91.1,16.5,0.000,0.000,0.00,0.000,1.5,4.7,1.2,319,45,2.2,6.9,1.3,323,45,2.2,6.9,1.3,323,45,4,28.53,0.2,0,0,0,35.4,40.1,44.4,0.19,0.27,0.08
WGAT,2019-11-08 07:05:00 EST,43.53241,-75.15860,1453,18.7,18.4,18.7,91.4,16.6,0.000,0.000,0.00,0.000,1.5,4.5,0.9,301,37,2.0,6.3,1.0,313,39,2.0,6.3,1.0,313,39,5,28.53,0.2,0,0,0,35.4,40.1,44.4,0.19,0.27,0.08
WGAT,2019-11-08 07:10:00 EST,43.53241,-75.15860,1453,18.8,18.6,18.8,91.7,16.8,0.000,0.000,0.00,0.000,1.4,3.6,0.8,310,56,1.8,4.9,1.2,321,50,1.8,4.9,1.2,321,50,6,28.54,0.2,0,0,0,35.4,40.1,44.4,0.19,0.27,0.09
WGAT,2019-11-08 07:15:00 EST,43.53241,-75.15860,1453,18.8,18.5,18.8,91.5,16.8,0.000,0.000,0.00,0.000,1.7,3.8,1.0,323,29,2.0,4.5,0.9,328,36,2.0,4.5,0.9,328,36,7,28.54,0.2,0,0,0,35.4,40.1,44.4,0.19,0.27,0.08
WGAT,2019-11-08 07:20:00 EST,43.53241,-75.15860,1453,19.0,18.7,19.0,91.8,17.0,0.000,0.000,0.00,0.000,1.6,3.9,0.9,318,39,2.0,4.3,0.9,330,38,2.0,4.3,0.9,330,38,7,28.54,0.2,0,0,0,35.4,40.1,44.4,0.19,0.27,0.09
WGAT,2019-11-08 07:25:00 EST,43.53241,-75.15860,1453,19.2,18.8,19.2,91.7,17.1,0.000,0.000,0.00,0.000,1.9,4.5,1.0,301,44,2.3,7.3,1.3,304,46,2.3,7.3,1.3,304,46,10,28.54,0.3,0,0,0,35.4,40.1,44.4,0.19,0.27,0.09
WGAT,2019-11-08 07:30:00 EST,43.53241,-75.15860,1453,19.3,18.9,19.3,91.5,17.2,0.000,0.000,0.00,0.000,2.3,7.4,1.6,318,40,2.8,7.4,1.5,324,40,2.8,7.4,1.5,324,40,23,28.54,0.2,0,0,0,35.4,40.1,44.4,0.19,0.27,0.09
WGAT,2019-11-08 07:35:00 EST,43.53241,-75.15860,1453,19.5,19.1,19.5,91.4,17.4,0.000,0.000,0.00,0.000,1.8,7.7,1.4,306,38,2.1,7.7,1.5,314,43,2.1,7.7,1.5,314,43,14,28.55,0.2,0,0,0,35.4,40.1,44.4,0.19,0.27,0.09
WGAT,2019-11-08 07:40:00 EST,43.53241,-75.15860,1453,19.6,19.2,19.6,91.6,17.6,0.000,0.000,0.00,0.000,2.1,8.8,2.3,327,48,2.9,10.0,2.5,325,47,2.9,10.0,2.5,325,47,22,28.55,0.2,0,0,0,35.4,40.0,44.4,0.19,0.27,0.09
WGAT,2019-11-08 07:45:00 EST,43.53241,-75.15860,1453,19.8,19.3,19.8,91.7,17.7,0.000,0.000,0.00,0.000,1.9,3.9,1.0,314,30,2.1,7.9,1.4,321,26,2.1,7.9,1.4,321,26,14,28.55,0.2,0,0,0,35.4,40.1,44.4,0.19,0.27,0.09
WGAT,2019-11-08 07:50:00 EST,43.53241,-75.15860,1453,19.6,19.3,13.3,90.9,17.4,0.000,0.000,0.00,0.000,3.8,7.0,1.6,319,38,4.4,9.8,1.8,328,37,4.4,9.8,1.8,328,37,10,28.55,0.2,0,0,0,35.4,40.1,44.4,0.19,0.27,0.09
WGAT,2019-11-08 07:55:00 EST,43.53241,-75.15860,1453,19.8,19.4,19.8,91.7,17.7,0.000,0.000,0.00,0.000,2.1,5.7,1.3,325,32,2.6,7.8,1.4,330,31,2.6,7.8,1.4,330,31,10,28.56,0.3,0,0,0,35.4,39.9,44.4,0.19,0.27,0.09
WGAT,2019-11-08 08:00:00 EST,43.53241,-75.15860,1453,19.7,19.4,14.7,91.4,17.6,0.000,0.000,0.00,0.000,3.0,6.1,1.5,317,39,3.4,7.3,1.5,324,38,3.4,7.3,1.5,324,38,14,28.56,0.3,0,0,0,35.4,39.9,44.4,0.19,0.27,0.09
WGAT,2019-11-08 08:05:00 EST,43.53241,-75.15860,1453,19.8,19.5,14.1,91.3,17.7,0.000,0.000,0.00,0.000,3.2,8.4,2.0,340,33,3.9,9.2,2.1,351,28,3.9,9.2,2.1,351,28,14,28.56,0.3,0,0,0,35.4,39.9,44.4,0.19,0.27,0.09
WGAT,2019-11-08 08:10:00 EST,43.53241,-75.15860,1453,19.9,19.6,15.5,91.2,17.8,0.000,0.000,0.00,0.000,2.4,6.1,1.2,309,39,3.1,7.6,1.4,316,39,3.1,7.6,1.4,316,39,16,28.56,0.3,0,0,0,35.4,39.9,44.4,0.19,0.27,0.09
WGAT,2019-11-08 08:15:00 EST,43.53241,-75.15860,1453,20.0,19.6,15.6,90.3,17.6,0.000,0.000,0.00,0.000,2.9,7.0,1.3,326,34,3.1,6.9,1.3,334,33,3.1,6.9,1.3,334,33,22,28.56,0.3,0,0,0,35.4,39.9,44.4,0.19,0.27,0.09
WGAT,2019-11-08 08:20:00 EST,43.53241,-75.15860,1453,20.0,19.6,14.0,89.3,17.3,0.000,0.000,0.00,0.000,3.4,8.9,2.0,328,35,4.1,10.3,2.3,330,35,4.1,10.3,2.3,330,35,20,28.57,0.3,0,0,0,35.4,39.9,44.4,0.19,0.27,0.09
WGAT,2019-11-08 08:25:00 EST,43.53241,-75.15860,1453,20.0,19.6,15.7,88.7,17.1,0.000,0.000,0.00,0.000,2.4,6.6,1.3,333,38,3.0,8.7,1.6,336,36,3.0,8.7,1.6,336,36,20,28.57,0.3,0,0,0,35.4,39.9,44.4,0.19,0.27,0.09
WGAT,2019-11-08 08:30:00 EST,43.53241,-75.15860,1453,19.9,19.6,14.4,88.3,17.0,0.000,0.000,0.00,0.000,3.3,6.5,1.2,349,38,3.8,7.7,1.5,359,35,3.8,7.7,1.5,359,35,18,28.57,0.4,0,0,0,35.4,39.9,44.4,0.19,0.27,0.09
WGAT,2019-11-08 08:35:00 EST,43.53241,-75.15860,1453,20.0,19.6,15.2,88.7,17.2,0.000,0.000,0.00,0.000,2.9,8.7,1.5,323,35,3.3,11.2,1.8,327,37,3.3,11.2,1.8,327,37,16,28.57,0.3,0,0,0,35.4,39.9,44.3,0.19,0.27,0.09
WGAT,2019-11-08 08:40:00 EST,43.53241,-75.15860,1453,19.9,19.5,13.7,87.8,16.9,0.000,0.000,0.00,0.000,3.9,8.5,1.9,310,32,4.3,10.5,2.1,315,31,4.3,10.5,2.1,315,31,19,28.57,0.3,0,0,0,35.4,39.9,44.3,0.19,0.27,0.09
WGAT,2019-11-08 08:45:00 EST,43.53241,-75.15860,1453,20.0,19.6,15.4,88.8,17.3,0.000,0.000,0.00,0.000,2.8,8.1,1.4,303,42,3.2,9.0,1.5,305,44,3.2,9.0,1.5,305,44,24,28.57,0.2,0,0,0,35.4,39.9,44.1,0.19,0.27,0.09
WGAT,2019-11-08 08:50:00 EST,43.53241,-75.15860,1453,20.1,19.7,20.1,87.9,17.1,0.000,0.000,0.00,0.000,2.4,7.2,1.6,343,46,2.9,8.5,1.8,339,42,2.9,8.5,1.8,339,42,29,28.57,0.1,0,0,0,35.3,39.9,44.1,0.19,0.27,0.09
WGAT,2019-11-08 08:55:00 EST,43.53241,-75.15860,1453,20.3,19.9,15.4,88.0,17.3,0.000,0.000,0.00,0.000,2.7,9.7,2.1,338,38,3.4,12.3,2.3,340,35,3.4,12.3,2.3,340,35,36,28.57,0.0,0,0,0,35.2,39.9,44.1,0.19,0.27,0.09
WGAT,2019-11-08 09:00:00 EST,43.53241,-75.15860,1453,20.5,20.1,15.8,86.6,17.1,0.000,0.000,0.00,0.000,2.9,6.3,1.3,325,33,3.3,9.0,1.7,333,34,3.3,9.0,1.7,333,34,49,28.57,0.1,0,0,0,35.2,39.9,44.1,0.19,0.27,0.09
WGAT,2019-11-08 09:05:00 EST,43.53241,-75.15860,1453,20.6,20.2,14.6,85.6,17.0,0.000,0.000,0.00,0.000,3.6,11.0,1.8,325,39,4.3,15.1,2.4,339,38,4.3,15.1,2.4,339,38,48,28.58,-0.0,0,0,0,35.2,39.9,44.1,0.19,0.27,0.09
WGAT,2019-11-08 09:10:00 EST,43.53241,-75.15860,1453,20.5,20.1,15.2,85.2,16.8,0.000,0.000,0.00,0.000,2.9,9.3,1.8,327,47,3.7,10.7,2.1,333,43,3.7,10.7,2.1,333,43,43,28.58,0.1,0,0,0,35.2,39.9,44.1,0.19,0.27,0.09
WGAT,2019-11-08 09:15:00 EST,43.53241,-75.15860,1453,20.4,20.0,13.0,83.1,16.1,0.000,0.000,0.00,0.000,4.7,9.7,2.2,335,35,5.4,12.4,2.3,342,35,5.4,12.4,2.3,342,35,53,28.58,0.1,0,0,0,35.2,39.8,44.1,0.19,0.27,0.09
WGAT,2019-11-08 09:20:00 EST,43.53241,-75.15860,1453,20.5,20.1,13.9,83.5,16.3,0.000,0.000,0.00,0.000,4.0,11.5,2.5,343,42,4.8,13.0,2.7,349,39,4.8,13.0,2.7,349,39,60,28.58,0.1,0,0,0,35.2,39.8,44.1,0.19,0.27,0.09
WGAT,2019-11-08 09:25:00 EST,43.53241,-75.15860,1453,20.4,20.0,13.4,82.9,16.0,0.000,0.000,0.00,0.000,4.4,10.1,2.2,340,33,5.1,12.2,2.6,351,30,5.1,12.2,2.6,351,30,67,28.58,0.1,0,0,0,35.2,39.7,44.1,0.19,0.27,0.09
WGAT,2019-11-08 09:30:00 EST,43.53241,-75.15860,1453,20.6,20.1,13.9,83.6,16.4,0.000,0.000,0.00,0.000,4.3,9.1,2.0,330,34,4.8,11.6,2.2,339,29,4.8,11.6,2.2,339,29,59,28.58,0.2,0,0,0,35.2,39.7,44.1,0.19,0.27,0.09
WGAT,2019-11-08 09:35:00 EST,43.53241,-75.15860,1453,20.3,19.9,13.7,82.7,15.9,0.000,0.000,0.00,0.000,4.1,10.2,2.2,336,30,4.7,11.8,2.4,344,27,4.7,11.8,2.4,344,27,49,28.59,0.2,0,0,0,35.2,39.7,44.1,0.19,0.27,0.09
WGAT,2019-11-08 09:40:00 EST,43.53241,-75.15860,1453,20.5,20.1,16.3,84.4,16.6,0.000,0.000,0.00,0.000,2.4,8.8,2.0,338,27,3.0,12.0,2.4,342,37,3.0,12.0,2.4,342,37,48,28.59,0.3,0,0,0,35.2,39.7,44.1,0.19,0.27,0.09
WGAT,2019-11-08 09:45:00 EST,43.53241,-75.15860,1453,20.6,20.1,15.1,85.3,16.9,0.000,0.000,0.00,0.000,3.2,6.9,1.7,332,37,3.8,9.8,1.9,340,34,3.8,9.8,1.9,340,34,40,28.59,0.2,0,0,0,35.2,39.7,44.1,0.19,0.27,0.09
WGAT,2019-11-08 09:50:00 EST,43.53241,-75.15860,1453,20.7,20.3,20.7,86.7,17.3,0.000,0.000,0.00,0.000,2.1,5.3,1.0,324,35,2.6,6.4,1.2,324,35,2.6,6.4,1.2,324,35,46,28.59,0.5,0,0,0,35.2,39.7,44.1,0.19,0.27,0.09
WGAT,2019-11-08 09:55:00 EST,43.53241,-75.15860,1453,20.8,20.4,20.8,87.7,17.8,0.000,0.000,0.00,0.000,2.2,6.7,1.6,325,34,2.8,8.2,1.7,334,36,2.8,8.2,1.7,334,36,53,28.59,0.4,0,0,0,35.2,39.7,44.1,0.19,0.27,0.09
WGAT,2019-11-08 10:00:00 EST,43.53241,-75.15860,1453,20.9,20.3,15.6,88.0,17.9,0.005,0.005,0.00,0.005,3.1,7.9,2.0,309,39,3.8,10.7,2.2,317,40,3.8,10.7,2.2,317,40,41,28.59,0.2,0,0,0,35.2,39.7,44.1,0.19,0.27,0.09
WGAT,2019-11-08 10:05:00 EST,43.53241,-75.15860,1453,20.6,20.2,20.6,88.1,17.7,0.001,0.006,0.00,0.006,2.0,5.4,1.2,300,35,2.6,6.6,1.4,307,32,2.6,6.6,1.4,307,32,51,28.59,0.1,0,0,0,35.2,39.7,44.1,0.19,0.27,0.09
WGAT,2019-11-08 10:10:00 EST,43.53241,-75.15860,1453,21.0,20.4,21.0,88.6,18.1,0.000,0.006,0.00,0.006,2.2,4.7,1.0,307,38,2.8,6.6,1.2,317,38,2.8,6.6,1.2,317,38,52,28.59,0.1,0,0,0,35.2,39.7,44.1,0.19,0.27,0.09
WGAT,2019-11-08 10:15:00 EST,43.53241,-75.15860,1453,20.9,20.3,15.2,87.7,17.8,0.000,0.006,0.00,0.006,3.6,8.5,2.1,314,31,4.0,10.2,2.0,320,31,4.0,10.2,2.0,320,31,68,28.60,0.1,0,0,0,35.2,39.7,44.1,0.19,0.27,0.09
WGAT,2019-11-08 10:20:00 EST,43.53241,-75.15860,1453,20.8,20.4,15.1,86.6,17.5,0.000,0.006,0.00,0.006,3.3,7.9,1.9,304,40,4.1,10.4,2.0,307,38,4.1,10.4,2.0,307,38,87,28.60,0.1,0,0,0,35.2,39.7,44.1,0.19,0.27,0.09
WGAT,2019-11-08 10:25:00 EST,43.53241,-75.15860,1453,21.4,20.7,17.1,86.9,18.1,0.000,0.006,0.00,0.006,2.4,7.2,1.4,280,44,3.2,9.6,1.8,296,42,3.2,9.6,1.8,296,42,124,28.60,-0.1,0,0,0,35.2,39.7,44.1,0.19,0.27,0.09
WGAT,2019-11-08 10:30:00 EST,43.53241,-75.15860,1453,21.7,21.0,16.6,84.4,17.7,0.000,0.006,0.00,0.006,3.0,9.1,1.6,313,37,3.7,10.1,1.9,317,36,3.7,10.1,1.9,317,36,96,28.60,-0.1,0,0,0,35.2,39.7,44.1,0.19,0.27,0.09
WGAT,2019-11-08 10:35:00 EST,43.53241,-75.15860,1453,21.6,20.9,16.9,84.0,17.5,0.000,0.006,0.00,0.006,2.6,6.4,1.2,296,44,3.4,9.5,1.5,302,44,3.4,9.5,1.5,302,44,122,28.60,-0.1,0,0,0,35.2,39.7,44.1,0.19,0.27,0.09
WGAT,2019-11-08 10:40:00 EST,43.53241,-75.15860,1453,21.8,21.2,17.5,83.4,17.6,0.000,0.006,0.00,0.006,2.8,8.3,1.5,300,33,3.2,9.8,1.9,303,32,3.2,9.8,1.9,303,32,122,28.60,-0.2,0,0,0,35.2,39.7,44.1,0.19,0.27,0.09
WGAT,2019-11-08 10:45:00 EST,43.53241,-75.15860,1453,21.5,20.9,15.7,82.3,17.0,0.000,0.006,0.00,0.006,3.2,7.0,1.5,328,45,4.2,9.6,1.7,333,47,4.2,9.6,1.7,333,47,80,28.60,-0.3,0,0,0,35.2,39.7,44.1,0.19,0.27,0.09
WGAT,2019-11-08 10:50:00 EST,43.53241,-75.15860,1453,21.3,20.7,17.0,82.7,16.9,0.000,0.006,0.00,0.006,2.6,7.8,1.4,308,44,3.2,8.6,1.6,311,45,3.2,8.6,1.6,311,45,94,28.60,-0.1,0,0,0,35.2,39.7,44.1,0.19,0.27,0.09
WGAT,2019-11-08 10:55:00 EST,43.53241,-75.15860,1453,21.4,20.9,16.3,83.5,17.2,0.000,0.006,0.00,0.006,3.0,8.4,1.8,338,41,3.7,8.1,1.9,340,37,3.7,8.1,1.9,340,37,86,28.60,0.3,0,0,0,35.2,39.6,44.1,0.19,0.27,0.09
WGAT,2019-11-08 11:00:00 EST,43.53241,-75.15860,1453,21.6,21.0,14.9,83.4,17.3,0.000,0.006,0.00,0.001,4.1,10.0,2.2,307,37,4.9,13.0,2.5,310,39,4.9,13.0,2.5,310,39,101,28.60,0.1,0,0,0,35.2,39.6,44.1,0.19,0.27,0.09
WGAT,2019-11-08 11:05:00 EST,43.53241,-75.15860,1453,21.8,21.2,17.2,79.6,16.5,0.000,0.006,0.00,0.000,3.0,9.4,1.9,315,34,3.4,8.4,1.9,320,34,3.4,8.4,1.9,320,34,196,28.60,0.2,0,0,0,35.2,39.6,44.1,0.19,0.27,0.09
WGAT,2019-11-08 11:10:00 EST,43.53241,-75.15860,1453,22.2,21.6,17.9,79.2,16.8,0.000,0.006,0.00,0.000,2.4,6.1,1.7,339,39,3.2,7.2,1.5,345,42,3.2,7.2,1.5,345,42,107,28.60,0.2,0,0,0,35.2,39.6,44.1,0.19,0.27,0.09
WGAT,2019-11-08 11:15:00 EST,43.53241,-75.15860,1453,22.4,21.5,16.9,77.0,16.3,0.000,0.006,0.00,0.000,3.5,8.5,1.9,314,63,4.1,9.9,1.8,308,60,4.1,9.9,1.8,308,60,265,28.60,-0.0,0,0,0,35.1,39.6,44.0,0.19,0.27,0.09
WGAT,2019-11-08 11:20:00 EST,43.53241,-75.15860,1453,22.3,21.7,16.2,76.6,16.1,0.000,0.006,0.00,0.000,3.8,8.1,1.4,326,46,4.6,12.3,2.0,332,45,4.6,12.3,2.0,332,45,165,28.60,0.0,0,0,0,35.1,39.6,44.1,0.19,0.27,0.09
WGAT,2019-11-08 11:25:00 EST,43.53241,-75.15860,1453,22.3,21.6,16.7,78.2,16.5,0.000,0.006,0.00,0.000,3.6,8.3,1.9,338,51,4.1,10.2,2.2,353,48,4.1,10.2,2.2,353,48,91,28.60,-0.2,0,0,0,35.1,39.6,44.0,0.19,0.27,0.09
WGAT,2019-11-08 11:30:00 EST,43.53241,-75.15860,1453,21.7,21.1,15.7,77.7,15.9,0.000,0.006,0.00,0.000,3.6,10.1,2.0,322,47,4.4,14.2,2.3,323,44,4.4,14.2,2.3,323,44,148,28.60,-0.1,0,0,0,35.1,39.6,44.0,0.19,0.27,0.09
WGAT,2019-11-08 11:35:00 EST,43.53241,-75.15860,1453,21.6,21.0,16.3,77.2,15.6,0.000,0.006,0.00,0.000,3.4,8.9,1.5,312,37,3.8,11.6,1.8,316,38,3.8,11.6,1.8,316,38,138,28.60,-0.1,0,0,0,35.1,39.6,44.0,0.19,0.27,0.09
WGAT,2019-11-08 11:40:00 EST,43.53241,-75.15860,1453,21.4,20.7,16.0,76.6,15.2,0.000,0.006,0.00,0.000,2.9,8.0,1.8,300,53,3.9,12.4,2.2,309,50,3.9,12.4,2.2,309,50,166,28.60,-0.1,0,0,0,35.1,39.6,43.9,0.19,0.27,0.09
WGAT,2019-11-08 11:45:00 EST,43.53241,-75.15860,1453,21.8,21.0,17.1,75.5,15.3,0.000,0.006,0.00,0.000,2.7,6.4,1.6,278,39,3.5,9.0,1.7,283,39,3.5,9.0,1.7,283,39,306,28.60,-0.1,0,0,0,35.1,39.6,43.9,0.19,0.27,0.09
WGAT,2019-11-08 11:50:00 EST,43.53241,-75.15860,1453,22.4,21.6,17.2,74.6,15.6,0.000,0.006,0.00,0.000,3.1,7.0,1.4,265,42,3.8,7.5,1.6,273,42,3.8,7.5,1.6,273,42,345,28.60,0.1,0,0,0,35.1,39.6,43.9,0.19,0.27,0.09
WGAT,2019-11-08 11:55:00 EST,43.53241,-75.15860,1453,23.0,21.9,17.3,74.9,16.2,0.000,0.006,0.00,0.000,3.6,8.7,1.5,299,41,4.3,12.1,2.1,304,40,4.3,12.1,2.1,304,40,305,28.60,0.1,0,0,0,35.1,39.6,43.9,0.19,0.27,0.09
WGAT,2019-11-08 12:00:00 EST,43.53241,-75.15860,1453,22.6,21.8,16.6,73.3,15.4,0.000,0.006,0.00,0.000,3.8,10.0,2.0,335,42,4.5,12.0,2.4,341,38,4.5,12.0,2.4,341,38,192,28.60,0.3,0,0,0,35.1,39.6,43.9,0.19,0.27,0.09
WGAT,2019-11-08 12:05:00 EST,43.53241,-75.15860,1453,22.3,21.6,17.9,74.3,15.4,0.000,0.006,0.00,0.000,2.5,5.5,1.1,335,44,3.3,7.5,1.4,339,42,3.3,7.5,1.4,339,42,170,28.60,0.3,0,0,0,35.1,39.6,43.9,0.19,0.27,0.09
WGAT,2019-11-08 12:10:00 EST,43.53241,-75.15860,1453,22.0,21.4,14.0,73.7,14.9,0.000,0.006,0.00,0.000,5.4,12.3,2.8,345,42,6.3,15.4,3.3,350,36,6.3,15.4,3.3,350,36,132,28.59,0.2,0,0,0,35.1,39.6,43.9,0.19,0.27,0.09
WGAT,2019-11-08 12:15:00 EST,43.53241,-75.15860,1453,22.1,21.4,15.0,72.5,14.6,0.000,0.006,0.00,0.000,4.2,9.7,2.4,341,38,5.4,14.9,2.8,345,31,5.4,14.9,2.8,345,31,296,28.59,0.3,0,0,0,35.1,39.6,43.9,0.19,0.27,0.09
WGAT,2019-11-08 12:20:00 EST,43.53241,-75.15860,1453,22.3,21.7,16.8,71.3,14.4,0.000,0.006,0.00,0.000,3.1,8.3,1.8,332,35,4.0,12.4,2.3,335,33,4.0,12.4,2.3,335,33,163,28.59,0.2,0,0,0,35.1,39.6,43.9,0.19,0.27,0.09
WGAT,2019-11-08 12:25:00 EST,43.53241,-75.15860,1453,22.7,21.8,22.7,72.4,15.2,0.000,0.006,0.00,0.000,1.9,5.5,1.2,283,48,2.7,8.3,1.5,293,45,2.7,8.3,1.5,293,45,261,28.59,0.2,0,0,0,35.1,39.6,43.9,0.19,0.27,0.09
WGAT,2019-11-08 12:30:00 EST,43.53241,-75.15860,1453,22.8,22.0,16.4,68.4,14.0,0.000,0.006,0.00,0.000,4.0,10.8,2.0,293,33,4.9,11.0,2.4,300,31,4.9,11.0,2.4,300,31,301,28.59,0.2,0,0,0,35.1,39.6,43.9,0.19,0.27,0.09
WGAT,2019-11-08 12:35:00 EST,43.53241,-75.15860,1453,23.1,22.3,16.2,68.3,14.2,0.000,0.006,0.00,0.000,4.3,12.5,2.3,282,42,5.3,14.9,2.7,289,46,5.3,14.9,2.7,289,46,288,28.59,0.3,0,0,0,35.1,39.5,43.9,0.19,0.27,0.09
WGAT,2019-11-08 12:40:00 EST,43.53241,-75.15860,1453,23.6,23.1,17.7,67.5,14.4,0.000,0.006,0.00,0.000,3.5,11.0,2.7,336,49,4.6,12.4,2.7,345,50,4.6,12.4,2.7,345,50,280,28.59,0.6,0,0,0,35.1,39.6,43.9,0.19,0.27,0.09
WGAT,2019-11-08 12:45:00 EST,43.53241,-75.15860,1453,23.7,23.2,18.4,65.7,13.9,0.000,0.006,0.00,0.000,3.4,8.3,2.2,336,41,4.1,10.6,2.5,342,42,4.1,10.6,2.5,342,42,280,28.59,0.6,0,0,0,35.1,39.5,43.9,0.19,0.27,0.09
WGAT,2019-11-08 12:50:00 EST,43.53241,-75.15860,1453,23.4,23.0,16.9,65.5,13.5,0.000,0.006,0.00,0.000,4.4,12.1,2.2,308,42,5.0,11.9,2.6,315,39,5.0,11.9,2.6,315,39,288,28.59,0.5,0,0,0,35.1,39.5,43.9,0.19,0.27,0.09
WGAT,2019-11-08 12:55:00 EST,43.53241,-75.15860,1453,23.3,22.9,17.1,63.4,12.7,0.000,0.006,0.00,0.000,4.0,12.4,2.6,329,40,4.8,13.0,2.8,333,38,4.8,13.0,2.8,333,38,232,28.59,0.6,0,0,0,35.1,39.4,43.9,0.19,0.27,0.09
WGAT,2019-11-08 13:00:00 EST,43.53241,-75.15860,1453,23.4,23.0,18.4,63.6,12.9,0.000,0.006,0.00,0.000,3.1,7.2,1.5,307,46,3.8,7.9,1.6,307,45,3.8,7.9,1.6,307,45,164,28.59,0.5,0,0,0,35.1,39.4,43.9,0.19,0.27,0.09
WGAT,2019-11-08 13:05:00 EST,43.53241,-75.15860,1453,23.6,23.1,17.6,61.4,12.2,0.000,0.006,0.00,0.000,3.8,13.8,2.4,314,39,4.6,16.5,2.6,316,35,4.6,16.5,2.6,316,35,284,28.59,0.6,0,0,0,35.1,39.4,43.9,0.19,0.27,0.09
WGAT,2019-11-08 13:10:00 EST,43.53241,-75.15860,1453,23.9,23.3,17.9,62.4,12.9,0.000,0.006,0.00,0.000,3.8,7.2,1.6,317,40,4.7,9.3,1.7,317,41,4.7,9.3,1.7,317,41,232,28.59,0.5,0,0,0,35.1,39.4,43.9,0.19,0.27,0.08
WGAT,2019-11-08 13:15:00 EST,43.53241,-75.15860,1453,24.2,23.5,19.5,63.5,13.6,0.000,0.006,0.00,0.000,2.9,7.6,1.6,304,59,3.7,9.9,2.0,306,56,3.7,9.9,2.0,306,56,340,28.59,0.4,0,0,0,35.1,39.4,43.9,0.19,0.27,0.08
WGAT,2019-11-08 13:20:00 EST,43.53241,-75.15860,1453,24.4,23.8,18.5,62.2,13.3,0.000,0.006,0.00,0.000,4.0,10.3,2.5,309,30,4.7,12.7,2.6,309,28,4.7,12.7,2.6,309,28,325,28.60,0.4,0,0,0,35.1,39.4,43.9,0.19,0.27,0.09
WGAT,2019-11-08 13:25:00 EST,43.53241,-75.15860,1453,24.6,24.0,19.4,61.5,13.3,0.000,0.006,0.00,0.000,3.3,9.1,1.8,340,43,4.1,10.0,1.9,344,35,4.1,10.0,1.9,344,35,245,28.59,0.5,0,0,0,35.1,39.4,43.9,0.19,0.27,0.08
WGAT,2019-11-08 13:30:00 EST,43.53241,-75.15860,1453,24.5,23.9,19.0,63.1,13.7,0.000,0.006,0.00,0.000,3.8,8.7,1.6,287,37,4.3,11.8,2.1,289,35,4.3,11.8,2.1,289,35,267,28.59,0.3,0,0,0,35.1,39.4,43.9,0.19,0.27,0.08
WGAT,2019-11-08 13:35:00 EST,43.53241,-75.15860,1453,24.4,23.8,19.3,62.3,13.4,0.000,0.006,0.00,0.000,3.1,11.0,2.3,324,42,4.0,13.7,2.7,328,40,4.0,13.7,2.7,328,40,305,28.59,0.4,0,0,0,35.1,39.4,43.9,0.19,0.27,0.08
WGAT,2019-11-08 13:40:00 EST,43.53241,-75.15860,1453,24.7,24.1,20.3,65.4,14.8,0.000,0.006,0.00,0.000,3.0,7.7,1.9,302,38,3.5,9.1,2.0,304,36,3.5,9.1,2.0,304,36,215,28.59,0.4,0,0,0,35.1,39.4,43.9,0.19,0.27,0.08
WGAT,2019-11-08 13:45:00 EST,43.53241,-75.15860,1453,24.2,23.6,19.0,66.3,14.6,0.000,0.006,0.00,0.000,3.4,7.2,1.6,289,37,4.1,9.6,1.9,293,36,4.1,9.6,1.9,293,36,139,28.59,0.4,0,0,0,35.1,39.4,43.9,0.19,0.27,0.08
WGAT,2019-11-08 13:50:00 EST,43.53241,-75.15860,1453,23.8,23.3,17.0,66.4,14.2,0.000,0.006,0.00,0.000,4.3,13.9,2.5,351,36,5.3,13.3,2.7,354,38,5.3,13.3,2.7,354,38,50,28.60,0.4,0,0,0,35.1,39.4,43.9,0.19,0.27,0.08
WGAT,2019-11-08 13:55:00 EST,43.53241,-75.15860,1453,23.5,23.2,19.0,67.7,14.4,0.000,0.006,0.00,0.000,2.8,9.6,1.8,318,48,3.5,12.9,2.0,330,45,3.5,12.9,2.0,330,45,55,28.60,0.4,0,0,0,35.1,39.4,43.9,0.19,0.27,0.08
WGAT,2019-11-08 14:00:00 EST,43.53241,-75.15860,1453,23.2,22.9,16.4,65.9,13.5,0.000,0.006,0.00,0.000,4.4,10.2,2.2,321,35,5.3,11.0,2.5,325,34,5.3,11.0,2.5,325,34,67,28.60,0.4,0,0,0,35.1,39.4,43.9,0.19,0.27,0.08
WGAT,2019-11-08 14:05:00 EST,43.53241,-75.15860,1453,23.5,23.2,18.4,67.0,14.2,0.000,0.006,0.00,0.000,3.2,7.7,1.7,298,33,3.9,9.5,1.9,306,30,3.9,9.5,1.9,306,30,83,28.60,0.4,0,0,0,35.1,39.4,43.9,0.19,0.27,0.08
WGAT,2019-11-08 14:10:00 EST,43.53241,-75.15860,1453,23.2,22.9,17.9,66.4,13.7,0.000,0.006,0.00,0.000,3.4,11.6,2.1,291,43,4.0,14.0,2.3,299,40,4.0,14.0,2.3,299,40,53,28.60,0.4,0,0,0,35.1,39.4,43.9,0.19,0.27,0.08
WGAT,2019-11-08 14:15:00 EST,43.53241,-75.15860,1453,23.2,22.8,17.3,67.8,14.1,0.000,0.006,0.00,0.000,3.7,10.2,2.3,327,42,4.5,13.0,2.5,333,41,4.5,13.0,2.5,333,41,71,28.60,0.4,0,0,0,35.2,39.4,43.9,0.19,0.27,0.08
WGAT,2019-11-08 14:20:00 EST,43.53241,-75.15860,1453,23.4,23.0,16.7,69.2,14.8,0.000,0.006,0.00,0.000,4.1,11.3,2.0,313,40,5.2,11.7,2.2,326,36,5.2,11.7,2.2,326,36,77,28.60,0.4,0,0,0,35.2,39.4,43.9,0.19,0.27,0.08
WGAT,2019-11-08 14:25:00 EST,43.53241,-75.15860,1453,23.6,23.2,16.9,70.5,15.4,0.000,0.006,0.00,0.000,4.3,10.6,2.3,311,37,5.3,12.9,2.6,322,32,5.3,12.9,2.6,322,32,71,28.60,0.4,0,0,0,35.2,39.4,43.9,0.19,0.27,0.08
WGAT,2019-11-08 14:30:00 EST,43.53241,-75.15860,1453,23.3,23.0,17.8,69.9,14.9,0.000,0.006,0.00,0.000,3.5,9.6,2.1,326,38,4.2,13.3,2.5,332,34,4.2,13.3,2.5,332,34,53,28.60,0.4,0,0,0,35.2,39.4,43.8,0.19,0.27,0.08
WGAT,2019-11-08 14:35:00 EST,43.53241,-75.15860,1453,23.7,23.3,23.7,69.4,15.1,0.000,0.006,0.00,0.000,2.0,6.1,1.3,315,34,2.5,6.7,1.4,316,30,2.5,6.7,1.4,316,30,83,28.60,0.4,0,0,0,35.2,39.4,43.8,0.19,0.27,0.08
WGAT,2019-11-08 14:40:00 EST,43.53241,-75.15860,1453,24.0,23.7,19.6,67.5,14.8,0.000,0.006,0.00,0.000,2.8,9.4,1.5,330,44,3.4,13.7,1.9,331,42,3.4,13.7,1.9,331,42,80,28.60,0.4,0,0,0,35.2,39.3,43.9,0.19,0.27,0.08
WGAT,2019-11-08 14:45:00 EST,43.53241,-75.15860,1453,24.3,23.9,20.4,67.1,14.9,0.000,0.006,0.00,0.000,2.4,7.5,1.7,311,41,3.1,9.3,1.7,313,42,3.1,9.3,1.7,313,42,125,28.60,0.4,0,0,0,35.2,39.3,43.8,0.19,0.27,0.08
WGAT,2019-11-08 14:50:00 EST,43.53241,-75.15860,1453,24.5,24.1,20.2,66.5,15.0,0.000,0.006,0.00,0.000,3.0,9.1,2.0,325,45,3.5,9.0,2.0,333,43,3.5,9.0,2.0,333,43,110,28.60,0.4,0,0,0,35.2,39.2,43.7,0.19,0.27,0.08
WGAT,2019-11-08 14:55:00 EST,43.53241,-75.15860,1453,24.3,23.8,19.3,67.5,15.1,0.000,0.006,0.00,0.000,2.9,5.5,1.4,276,49,4.0,7.3,1.4,290,47,4.0,7.3,1.4,290,47,96,28.60,0.4,0,0,0,35.2,39.2,43.7,0.19,0.27,0.08
WGAT,2019-11-08 15:00:00 EST,43.53241,-75.15860,1453,24.1,23.7,19.1,69.1,15.4,0.000,0.006,0.00,0.000,3.1,8.8,1.7,285,28,3.8,10.1,2.0,289,25,3.8,10.1,2.0,289,25,95,28.60,0.5,0,0,0,35.2,39.2,43.7,0.19,0.27,0.08
WGAT,2019-11-08 15:05:00 EST,43.53241,-75.15860,1453,23.7,23.3,17.8,69.7,15.2,0.000,0.006,0.00,0.000,3.9,11.1,2.0,313,39,4.6,11.8,2.3,317,34,4.6,11.8,2.3,317,34,47,28.61,0.4,0,0,0,35.2,39.2,43.7,0.19,0.27,0.08
WGAT,2019-11-08 15:10:00 EST,43.53241,-75.15860,1453,23.3,23.0,16.9,69.0,14.6,0.000,0.006,0.00,0.000,4.1,10.6,2.0,297,36,4.9,12.7,2.3,305,35,4.9,12.7,2.3,305,35,38,28.61,0.4,0,0,0,35.2,39.2,43.7,0.19,0.27,0.08
WGAT,2019-11-08 15:15:00 EST,43.53241,-75.15860,1453,23.1,22.9,17.2,68.2,14.2,0.000,0.006,0.00,0.000,3.9,11.5,2.3,323,34,4.5,15.1,2.5,329,31,4.5,15.1,2.5,329,31,36,28.61,0.4,0,0,0,35.2,39.2,43.7,0.19,0.27,0.08
WGAT,2019-11-08 15:20:00 EST,43.53241,-75.15860,1453,22.8,22.6,15.9,69.1,14.2,0.000,0.006,0.00,0.000,4.5,16.1,2.6,307,45,5.3,18.1,2.6,313,42,5.3,18.1,2.6,313,42,22,28.61,0.4,0,0,0,35.2,39.2,43.7,0.19,0.27,0.08
WGAT,2019-11-08 15:25:00 EST,43.53241,-75.15860,1453,22.4,22.3,16.6,69.6,14.0,0.000,0.006,0.00,0.000,3.4,9.8,1.9,309,31,4.3,10.1,2.1,313,31,4.3,10.1,2.1,313,31,22,28.61,0.5,0,0,0,35.2,39.2,43.7,0.19,0.27,0.08
WGAT,2019-11-08 15:30:00 EST,43.53241,-75.15860,1453,22.4,22.3,16.8,69.9,14.1,0.000,0.006,0.00,0.000,3.4,8.5,1.9,321,36,4.2,9.7,1.9,329,38,4.2,9.7,1.9,329,38,28,28.61,0.5,0,0,0,35.2,39.2,43.7,0.19,0.27,0.08
WGAT,2019-11-08 15:35:00 EST,43.53241,-75.15860,1453,22.6,22.4,18.1,71.0,14.6,0.000,0.006,0.00,0.000,2.7,6.0,1.4,327,30,3.3,8.1,1.4,331,32,3.3,8.1,1.4,331,32,47,28.61,0.5,0,0,0,35.2,39.2,43.7,0.19,0.27,0.08
WGAT,2019-11-08 15:40:00 EST,43.53241,-75.15860,1453,22.9,22.6,22.9,70.7,14.8,0.000,0.006,0.00,0.000,2.1,4.7,1.0,328,37,2.6,5.9,1.3,333,34,2.6,5.9,1.3,333,34,41,28.61,0.4,0,0,0,35.2,39.2,43.7,0.19,0.27,0.08
WGAT,2019-11-08 15:45:00 EST,43.53241,-75.15860,1453,22.8,22.5,18.8,72.4,15.3,0.000,0.006,0.00,0.000,2.6,5.4,1.3,310,40,3.1,7.6,1.6,313,39,3.1,7.6,1.6,313,39,26,28.61,0.4,0,0,0,35.2,39.2,43.7,0.19,0.27,0.08
WGAT,2019-11-08 15:50:00 EST,43.53241,-75.15860,1453,22.6,22.5,18.1,72.4,15.1,0.000,0.006,0.00,0.000,2.7,6.9,1.4,325,43,3.4,9.7,1.6,335,39,3.4,9.7,1.6,335,39,24,28.61,0.4,0,0,0,35.2,39.2,43.7,0.19,0.27,0.08
WGAT,2019-11-08 15:55:00 EST,43.53241,-75.15860,1453,22.8,22.5,22.8,73.3,15.5,0.000,0.006,0.00,0.000,2.4,7.5,1.6,283,41,2.9,9.0,1.7,290,41,2.9,9.0,1.7,290,41,30,28.62,0.4,0,0,0,35.2,39.2,43.7,0.19,0.27,0.08
WGAT,2019-11-08 16:00:00 EST,43.53241,-75.15860,1453,22.6,22.4,18.6,73.7,15.4,0.000,0.006,0.00,0.000,2.5,5.3,1.2,307,44,3.0,6.3,1.4,314,42,3.0,6.3,1.4,314,42,16,28.62,0.4,0,0,0,35.2,39.2,43.7,0.19,0.27,0.08
WGAT,2019-11-08 16:05:00 EST,43.53241,-75.15860,1453,22.3,22.2,17.3,73.0,14.9,0.000,0.006,0.00,0.000,2.8,7.1,1.7,326,29,3.6,8.9,2.0,331,30,3.6,8.9,2.0,331,30,12,28.62,0.4,0,0,0,35.2,39.2,43.7,0.19,0.27,0.08
WGAT,2019-11-08 16:10:00 EST,43.53241,-75.15860,1453,22.0,22.0,22.0,73.2,14.7,0.000,0.006,0.00,0.000,1.8,5.3,1.2,318,38,2.2,6.2,1.3,318,40,2.2,6.2,1.3,318,40,11,28.62,0.2,0,0,0,35.2,39.2,43.7,0.19,0.27,0.08
WGAT,2019-11-08 16:15:00 EST,43.53241,-75.15860,1453,21.8,21.9,21.8,74.2,14.8,0.000,0.006,0.00,0.000,1.8,5.0,1.0,319,35,2.2,7.0,1.2,323,35,2.2,7.0,1.2,323,35,10,28.62,0.4,0,0,0,35.2,39.2,43.7,0.19,0.27,0.08
WGAT,2019-11-08 16:20:00 EST,43.53241,-75.15860,1453,21.6,21.7,21.6,76.1,15.3,0.000,0.006,0.00,0.000,1.3,3.7,0.8,308,29,1.5,4.7,1.0,314,30,1.5,4.7,1.0,314,30,9,28.62,0.4,0,0,0,35.2,39.2,43.7,0.19,0.27,0.08
WGAT,2019-11-08 16:25:00 EST,43.53241,-75.15860,1453,21.4,21.6,21.4,76.0,15.0,0.000,0.006,0.00,0.000,1.1,5.8,1.2,340,28,1.5,6.0,1.3,340,29,1.5,6.0,1.3,340,29,9,28.63,0.2,0,0,0,35.2,39.2,43.7,0.19,0.27,0.08
WGAT,2019-11-08 16:30:00 EST,43.53241,-75.15860,1453,21.3,21.6,21.3,75.6,14.8,0.000,0.006,0.00,0.000,1.8,4.5,1.0,320,28,2.2,5.6,1.2,323,29,2.2,5.6,1.2,323,29,13,28.63,0.3,0,0,0,35.2,39.2,43.7,0.19,0.27,0.08
WGAT,2019-11-08 16:35:00 EST,43.53241,-75.15860,1453,21.8,21.8,17.5,75.3,15.2,0.000,0.006,0.00,0.000,2.8,5.6,1.2,332,37,3.2,6.5,1.3,339,33,3.2,6.5,1.3,339,33,12,28.63,0.4,0,0,0,35.2,39.2,43.7,0.19,0.27,0.08
WGAT,2019-11-08 16:40:00 EST,43.53241,-75.15860,1453,22.0,21.9,22.0,74.0,15.0,0.000,0.006,0.00,0.000,1.7,5.0,1.0,314,42,2.4,7.3,1.2,318,43,2.4,7.3,1.2,318,43,6,28.63,0.4,0,0,0,35.2,39.2,43.7,0.19,0.27,0.08
WGAT,2019-11-08 16:45:00 EST,43.53241,-75.15860,1453,22.0,21.9,22.0,73.7,14.9,0.000,0.006,0.00,0.000,1.9,3.9,1.0,309,37,2.4,5.6,1.2,317,41,2.4,5.6,1.2,317,41,3,28.63,0.3,0,0,0,35.2,39.2,43.7,0.19,0.27,0.08
WGAT,2019-11-08 16:50:00 EST,43.53241,-75.15860,1453,21.9,21.8,21.9,74.9,15.1,0.000,0.006,0.00,0.000,2.4,5.8,1.2,311,35,2.7,6.2,1.4,314,35,2.7,6.2,1.4,314,35,2,28.63,0.4,0,0,0,35.2,39.2,43.7,0.19,0.27,0.08
WGAT,2019-11-08 16:55:00 EST,43.53241,-75.15860,1453,21.9,21.8,21.9,74.4,15.0,0.000,0.006,0.00,0.000,1.6,6.2,1.1,299,32,2.2,6.8,1.2,302,39,2.2,6.8,1.2,302,39,1,28.63,0.3,0,0,0,35.2,39.2,43.7,0.19,0.27,0.08
WGAT,2019-11-08 17:00:00 EST,43.53241,-75.15860,1453,21.9,21.9,21.9,75.0,15.2,0.000,0.006,0.00,0.000,1.4,3.5,0.9,302,25,1.9,4.0,0.8,312,29,1.9,4.0,0.8,312,29,0,28.63,0.3,0,0,0,35.2,39.2,43.7,0.19,0.27,0.08
WGAT,2019-11-08 17:05:00 EST,43.53241,-75.15860,1453,21.9,21.8,21.9,74.8,15.1,0.000,0.006,0.00,0.000,0.9,2.3,0.6,301,39,1.2,2.9,0.7,301,40,1.2,2.9,0.7,301,40,0,28.64,0.4,0,0,0,35.2,39.2,43.7,0.19,0.27,0.08
WGAT,2019-11-08 17:10:00 EST,43.53241,-75.15860,1453,22.0,21.8,22.0,76.2,15.6,0.000,0.006,0.00,0.000,1.3,3.0,0.6,323,39,1.8,3.5,0.7,331,42,1.8,3.5,0.7,331,42,0,28.64,0.4,0,0,0,35.2,39.2,43.7,0.19,0.27,0.08
WGAT,2019-11-08 17:15:00 EST,43.53241,-75.15860,1453,21.8,21.7,21.8,74.9,15.1,0.000,0.006,0.00,0.000,1.0,2.4,0.8,310,39,1.4,3.9,1.1,323,38,1.4,3.9,1.1,323,38,0,28.64,0.3,0,0,0,35.2,39.2,43.7,0.19,0.27,0.08
WGAT,2019-11-08 17:20:00 EST,43.53241,-75.15860,1453,21.6,21.6,21.6,76.7,15.4,0.000,0.006,0.00,0.000,0.6,1.9,0.5,303,19,1.0,2.8,0.7,313,28,1.0,2.8,0.7,313,28,0,28.64,0.3,0,0,0,35.2,39.2,43.6,0.19,0.27,0.08
WGAT,2019-11-08 17:25:00 EST,43.53241,-75.15860,1453,21.4,21.4,21.4,77.7,15.5,0.000,0.006,0.00,0.000,1.5,4.2,0.9,303,32,1.7,4.7,1.0,306,32,1.7,4.7,1.0,306,32,0,28.64,0.3,0,0,0,35.2,39.2,43.6,0.19,0.27,0.08
WGAT,2019-11-08 17:30:00 EST,43.53241,-75.15860,1453,21.2,21.3,21.2,77.5,15.3,0.000,0.006,0.00,0.000,1.4,5.0,1.1,323,23,1.7,5.2,1.1,326,23,1.7,5.2,1.1,326,23,0,28.64,0.3,0,0,0,35.2,39.2,43.6,0.19,0.27,0.08
WGAT,2019-11-08 17:35:00 EST,43.53241,-75.15860,1453,20.9,20.9,20.9,77.9,15.1,0.000,0.006,0.00,0.000,1.2,4.3,1.0,333,29,1.5,4.6,1.2,336,26,1.5,4.6,1.2,336,26,0,28.64,0.3,0,0,0,35.2,39.2,43.6,0.19,0.27,0.08
WGAT,2019-11-08 17:40:00 EST,43.53241,-75.15860,1453,20.3,20.6,20.3,79.6,15.0,0.000,0.006,0.00,0.000,0.4,1.2,0.4,332,26,0.8,2.0,0.6,329,29,0.8,2.0,0.6,329,29,0,28.64,0.3,0,0,0,35.2,39.2,43.5,0.19,0.27,0.08
WGAT,2019-11-08 17:45:00 EST,43.53241,-75.15860,1453,20.0,20.4,20.0,80.8,15.1,0.000,0.006,0.00,0.000,0.2,0.8,0.3,325,18,0.4,1.6,0.5,324,20,0.4,1.6,0.5,324,20,0,28.65,0.3,0,0,0,35.2,39.2,43.5,0.19,0.27,0.08
WGAT,2019-11-08 17:50:00 EST,43.53241,-75.15860,1453,19.7,20.2,19.7,81.2,14.9,0.000,0.006,0.00,0.000,0.6,2.3,0.7,344,35,0.8,3.6,0.9,343,31,0.8,3.6,0.9,343,31,0,28.65,0.2,0,0,0,35.2,39.2,43.5,0.19,0.27,0.08
WGAT,2019-11-08 17:55:00 EST,43.53241,-75.15860,1453,19.5,19.9,19.5,81.8,14.9,0.000,0.006,0.00,0.000,0.2,1.2,0.3,311,9,0.4,1.4,0.5,316,23,0.4,1.4,0.5,316,23,0,28.65,0.2,0,0,0,35.2,39.2,43.6,0.19,0.27,0.08
WGAT,2019-11-08 18:00:00 EST,43.53241,-75.15860,1453,19.2,19.6,19.2,83.6,15.1,0.000,0.006,0.00,0.000,0.7,2.3,0.5,338,28,1.0,3.5,0.6,344,32,1.0,3.5,0.6,344,32,0,28.65,0.3,0,0,0,35.1,39.2,43.5,0.19,0.27,0.08
WGAT,2019-11-08 18:05:00 EST,43.53241,-75.15860,1453,18.9,19.5,18.9,84.1,14.9,0.000,0.006,0.00,0.000,0.3,2.2,0.5,359,12,0.6,2.9,0.7,3,24,0.6,2.9,0.7,3,24,0,28.65,0.2,0,0,0,35.1,39.2,43.5,0.19,0.27,0.08
WGAT,2019-11-08 18:10:00 EST,43.53241,-75.15860,1453,18.8,19.3,18.8,84.8,15.0,0.000,0.006,0.00,0.000,0.1,0.8,0.2,348,5,0.3,1.6,0.5,342,15,0.3,1.6,0.5,342,15,0,28.66,0.2,0,0,0,35.1,39.2,43.5,0.19,0.27,0.08
WGAT,2019-11-08 18:15:00 EST,43.53241,-75.15860,1453,18.7,19.0,18.7,86.0,15.2,0.000,0.006,0.00,0.000,0.0,0.0,0.0,0,0,0.1,0.9,0.3,354,9,0.1,0.9,0.3,354,9,0,28.66,0.3,0,0,0,35.1,39.2,43.5,0.19,0.27,0.08
WGAT,2019-11-08 18:20:00 EST,43.53241,-75.15860,1453,18.4,18.9,18.4,86.8,15.1,0.000,0.006,0.00,0.000,0.0,0.0,0.0,0,0,0.1,1.0,0.3,356,2,0.1,1.0,0.3,356,2,0,28.66,0.3,0,0,0,35.1,39.2,43.5,0.19,0.27,0.08
WGAT,2019-11-08 18:25:00 EST,43.53241,-75.15860,1453,18.1,18.5,18.1,87.4,15.0,0.000,0.006,0.00,0.000,0.0,0.0,0.0,0,0,0.0,0.9,0.1,54,0,0.0,0.9,0.1,54,0,0,28.66,0.3,0,0,0,35.1,39.2,43.5,0.19,0.27,0.08
WGAT,2019-11-08 18:30:00 EST,43.53241,-75.15860,1453,18.0,18.2,18.0,88.5,15.2,0.000,0.006,0.00,0.000,0.0,0.0,0.0,0,0,0.0,0.7,0.1,277,0,0.0,0.7,0.1,277,0,0,28.66,0.3,0,0,0,35.1,39.2,43.5,0.19,0.27,0.08
WGAT,2019-11-08 18:35:00 EST,43.53241,-75.15860,1453,18.0,18.1,18.0,88.9,15.3,0.000,0.006,0.00,0.000,0.0,0.0,0.0,0,0,0.1,1.0,0.3,269,3,0.1,1.0,0.3,269,3,0,28.66,0.2,0,0,0,35.1,39.2,43.5,0.19,0.27,0.08
WGAT,2019-11-08 18:40:00 EST,43.53241,-75.15860,1453,17.5,17.9,17.5,88.7,14.7,0.000,0.006,0.00,0.000,0.0,0.0,0.0,0,0,0.0,0.0,0.0,0,0,0.0,0.0,0.0,0,0,0,28.66,0.2,0,0,0,35.1,39.2,43.5,0.19,0.27,0.08
WGAT,2019-11-08 18:45:00 EST,43.53241,-75.15860,1453,17.2,17.5,17.2,89.2,14.5,0.000,0.006,0.00,0.000,0.0,0.0,0.0,0,0,0.1,0.9,0.2,254,2,0.1,0.9,0.2,254,2,0,28.66,0.2,0,0,0,35.1,39.2,43.5,0.19,0.27,0.08
WGAT,2019-11-08 18:50:00 EST,43.53241,-75.15860,1453,17.0,17.4,17.0,90.4,14.7,0.000,0.006,0.00,0.000,0.0,0.3,0.1,254,0,0.3,1.0,0.4,264,6,0.3,1.0,0.4,264,6,0,28.67,0.2,0,0,0,35.1,39.2,43.5,0.19,0.27,0.08
WGAT,2019-11-08 18:55:00 EST,43.53241,-75.15860,1453,16.9,17.3,16.9,90.8,14.7,0.000,0.006,0.00,0.000,0.0,0.4,0.1,254,0,0.0,0.8,0.2,142,11,0.0,0.8,0.2,142,11,0,28.67,0.2,0,0,0,35.1,39.2,43.5,0.19,0.27,0.08
WGAT,2019-11-08 19:00:00 EST,43.53241,-75.15860,1453,16.8,17.1,16.8,90.9,14.7,0.000,0.006,0.00,0.000,0.0,0.0,0.0,0,0,0.0,0.0,0.0,0,0,0.0,0.0,0.0,0,0,0,28.67,0.3,0,0,0,35.1,39.2,43.5,0.19,0.27,0.08
WGAT,2019-11-08 19:05:00 EST,43.53241,-75.15860,1453,16.8,17.3,16.8,91.3,14.7,0.000,0.006,0.00,0.000,0.1,1.2,0.3,330,7,0.2,2.6,0.5,321,7,0.2,2.6,0.5,321,7,0,28.67,0.2,0,0,0,35.1,39.2,43.5,0.19,0.27,0.08
WGAT,2019-11-08 19:10:00 EST,43.53241,-75.15860,1453,16.7,17.2,16.7,91.8,14.7,0.000,0.006,0.00,0.000,0.1,0.9,0.2,93,0,0.2,1.6,0.4,80,18,0.2,1.6,0.4,80,18,0,28.67,0.3,0,0,0,35.1,39.2,43.5,0.19,0.27,0.08
WGAT,2019-11-08 19:15:00 EST,43.53241,-75.15860,1453,16.8,17.1,16.8,91.9,14.9,0.000,0.006,0.00,0.000,0.0,0.0,0.0,0,0,0.0,0.0,0.0,0,0,0.0,0.0,0.0,0,0,0,28.67,0.2,0,0,0,35.1,39.2,43.5,0.19,0.27,0.09
WGAT,2019-11-08 19:20:00 EST,43.53241,-75.15860,1453,16.8,17.1,16.8,92.1,14.9,0.000,0.006,0.00,0.000,0.0,0.0,0.0,0,0,0.0,0.0,0.0,0,0,0.0,0.0,0.0,0,0,0,28.67,0.2,0,0,0,35.1,39.2,43.5,0.19,0.27,0.08
WGAT,2019-11-08 19:25:00 EST,43.53241,-75.15860,1453,16.6,16.9,16.6,93.0,14.9,0.000,0.006,0.00,0.000,0.0,0.0,0.0,0,0,0.1,0.9,0.2,258,2,0.1,0.9,0.2,258,2,0,28.67,0.2,0,0,0,35.1,39.2,43.5,0.19,0.27,0.08
WGAT,2019-11-08 19:30:00 EST,43.53241,-75.15860,1453,16.3,16.8,16.3,92.5,14.5,0.000,0.006,0.00,0.000,0.0,0.0,0.0,0,0,0.0,0.7,0.1,253,1,0.0,0.7,0.1,253,1,0,28.67,0.2,0,0,0,35.1,39.2,43.5,0.19,0.27,0.08
WGAT,2019-11-08 19:35:00 EST,43.53241,-75.15860,1453,16.1,16.7,16.1,92.5,14.3,0.000,0.006,0.00,0.000,0.0,0.0,0.0,0,0,0.1,1.0,0.3,270,5,0.1,1.0,0.3,270,5,0,28.67,0.3,0,0,0,35.1,39.2,43.5,0.19,0.27,0.08
WGAT,2019-11-08 19:40:00 EST,43.53241,-75.15860,1453,15.7,16.5,15.7,92.4,13.9,0.000,0.006,0.00,0.000,0.0,0.0,0.0,0,0,0.0,0.8,0.1,280,0,0.0,0.8,0.1,280,0,0,28.67,0.3,0,0,0,35.1,39.2,43.5,0.19,0.27,0.08
WGAT,2019-11-08 19:45:00 EST,43.53241,-75.15860,1453,15.7,16.2,15.7,92.5,13.9,0.000,0.006,0.00,0.000,0.0,0.0,0.0,0,0,0.0,0.0,0.0,0,0,0.0,0.0,0.0,0,0,0,28.67,0.2,0,0,0,35.1,39.2,43.5,0.19,0.27,0.09
WGAT,2019-11-08 19:50:00 EST,43.53241,-75.15860,1453,15.5,16.1,15.5,92.8,13.8,0.000,0.006,0.00,0.000,0.0,0.0,0.0,0,0,0.0,0.0,0.0,0,0,0.0,0.0,0.0,0,0,0,28.67,0.2,0,0,0,35.1,39.2,43.5,0.19,0.27,0.08
WGAT,2019-11-08 19:55:00 EST,43.53241,-75.15860,1453,15.3,16.1,15.3,93.6,13.8,0.000,0.006,0.00,0.000,0.0,0.0,0.0,0,0,0.0,0.0,0.0,0,0,0.0,0.0,0.0,0,0,0,28.67,0.2,0,0,0,35.1,39.2,43.5,0.19,0.27,0.09
WGAT,2019-11-08 20:00:00 EST,43.53241,-75.15860,1453,15.3,15.8,15.3,94.2,13.9,0.000,0.006,0.00,0.000,0.0,0.0,0.0,0,0,0.0,0.0,0.0,0,0,0.0,0.0,0.0,0,0,0,28.67,0.2,0,0,0,35.1,39.2,43.5,0.19,0.27,0.08
WGAT,2019-11-08 20:05:00 EST,43.53241,-75.15860,1453,14.9,15.4,14.9,94.0,13.5,0.000,0.006,0.00,0.000,0.0,0.0,0.0,0,0,0.3,1.0,0.4,142,14,0.3,1.0,0.4,142,14,0,28.67,0.2,0,0,0,35.1,39.2,43.5,0.19,0.27,0.09
WGAT,2019-11-08 20:10:00 EST,43.53241,-75.15860,1453,14.8,15.2,14.8,93.2,13.2,0.000,0.006,0.00,0.000,0.5,0.9,0.3,130,12,1.0,1.4,0.3,138,23,1.0,1.4,0.3,138,23,0,28.67,0.2,0,0,0,35.1,39.2,43.5,0.19,0.27,0.09
WGAT,2019-11-08 20:15:00 EST,43.53241,-75.15860,1453,14.4,15.2,14.4,93.0,12.7,0.000,0.006,0.00,0.000,0.4,1.1,0.4,107,2,0.6,1.5,0.6,110,10,0.6,1.5,0.6,110,10,0,28.67,0.3,0,0,0,35.1,39.2,43.5,0.19,0.27,0.09
WGAT,2019-11-08 20:20:00 EST,43.53241,-75.15860,1453,14.1,15.1,14.1,92.6,12.4,0.000,0.006,0.00,0.000,0.0,0.0,0.0,0,0,0.0,0.0,0.0,0,0,0.0,0.0,0.0,0,0,0,28.67,0.3,0,0,0,35.1,39.2,43.5,0.19,0.27,0.08
WGAT,2019-11-08 20:25:00 EST,43.53241,-75.15860,1453,14.0,14.8,14.0,93.8,12.6,0.000,0.006,0.00,0.000,0.0,0.0,0.0,0,0,0.1,0.9,0.2,116,1,0.1,0.9,0.2,116,1,0,28.67,0.3,0,0,0,35.0,39.2,43.5,0.19,0.27,0.09
WGAT,2019-11-08 20:30:00 EST,43.53241,-75.15860,1453,14.0,14.6,14.0,93.7,12.5,0.000,0.006,0.00,0.000,0.0,0.0,0.0,0,0,0.0,0.0,0.0,0,0,0.0,0.0,0.0,0,0,0,28.67,0.2,0,0,0,35.0,39.1,43.5,0.19,0.27,0.08
WGAT,2019-11-08 20:35:00 EST,43.53241,-75.15860,1453,13.7,14.6,13.7,93.4,12.2,0.000,0.006,0.00,0.000,0.0,0.0,0.0,0,0,0.0,0.0,0.0,0,0,0.0,0.0,0.0,0,0,0,28.67,0.2,0,0,0,34.9,39.2,43.4,0.19,0.27,0.09
WGAT,2019-11-08 20:40:00 EST,43.53241,-75.15860,1453,13.4,14.3,13.4,92.6,11.6,0.000,0.006,0.00,0.000,0.0,0.0,0.0,0,0,0.0,0.9,0.1,140,1,0.0,0.9,0.1,140,1,0,28.67,0.2,0,0,0,34.9,39.1,43.4,0.19,0.27,0.08
WGAT,2019-11-08 20:45:00 EST,43.53241,-75.15860,1453,13.2,14.2,13.2,92.5,11.5,0.000,0.006,0.00,0.000,0.0,0.0,0.0,0,0,0.0,0.0,0.0,0,0,0.0,0.0,0.0,0,0,0,28.67,0.2,0,0,0,34.9,39.2,43.4,0.19,0.27,0.09
WGAT,2019-11-08 20:50:00 EST,43.53241,-75.15860,1453,13.1,14.0,13.1,92.2,11.3,0.000,0.006,0.00,0.000,0.0,0.0,0.0,0,0,0.0,0.0,0.0,0,0,0.0,0.0,0.0,0,0,0,28.67,0.2,0,0,0,34.9,39.1,43.3,0.19,0.27,0.09
WGAT,2019-11-08 20:55:00 EST,43.53241,-75.15860,1453,12.7,13.8,12.7,93.2,11.1,0.000,0.006,0.00,0.000,0.0,0.0,0.0,0,0,0.1,0.8,0.3,103,2,0.1,0.8,0.3,103,2,0,28.67,0.2,0,0,0,34.9,39.1,43.4,0.19,0.27,0.09
WGAT,2019-11-08 21:00:00 EST,43.53241,-75.15860,1453,13.0,13.6,13.0,93.2,11.4,0.000,0.006,0.00,0.000,0.0,0.4,0.1,128,1,0.3,1.0,0.4,158,11,0.3,1.0,0.4,158,11,0,28.67,0.3,0,0,0,34.9,39.1,43.3,0.19,0.27,0.08
WGAT,2019-11-08 21:05:00 EST,43.53241,-75.15860,1453,12.9,13.8,12.9,93.1,11.3,0.000,0.006,0.00,0.000,0.1,0.7,0.2,133,3,0.3,1.0,0.4,156,13,0.3,1.0,0.4,156,13,0,28.67,0.2,0,0,0,34.9,39.0,43.3,0.19,0.27,0.09
WGAT,2019-11-08 21:10:00 EST,43.53241,-75.15860,1453,12.4,13.8,12.4,92.4,10.6,0.000,0.006,0.00,0.000,0.0,0.0,0.0,0,0,0.0,0.8,0.1,174,3,0.0,0.8,0.1,174,3,0,28.67,0.2,0,0,0,34.9,39.0,43.3,0.19,0.27,0.09
WGAT,2019-11-08 21:15:00 EST,43.53241,-75.15860,1453,12.0,13.3,12.0,91.4,10.0,0.000,0.006,0.00,0.000,0.0,0.0,0.0,0,0,0.1,0.8,0.2,89,2,0.1,0.8,0.2,89,2,0,28.68,0.2,0,0,0,34.9,39.0,43.3,0.19,0.27,0.09
WGAT,2019-11-08 21:20:00 EST,43.53241,-75.15860,1453,12.1,13.0,12.1,92.2,10.2,0.000,0.006,0.00,0.000,0.0,0.0,0.0,0,0,0.0,0.8,0.1,74,0,0.0,0.8,0.1,74,0,0,28.68,0.3,0,0,0,34.9,39.0,43.3,0.19,0.27,0.09
WGAT,2019-11-08 21:25:00 EST,43.53241,-75.15860,1453,12.0,12.8,12.0,92.6,10.3,0.000,0.006,0.00,0.000,0.0,0.0,0.0,0,0,0.0,0.7,0.1,101,1,0.0,0.7,0.1,101,1,0,28.68,0.3,0,0,0,34.9,39.0,43.3,0.19,0.27,0.09
WGAT,2019-11-08 21:30:00 EST,43.53241,-75.15860,1453,11.9,12.8,11.9,92.1,10.0,0.000,0.006,0.00,0.000,0.0,0.0,0.0,0,0,0.1,0.8,0.3,94,4,0.1,0.8,0.3,94,4,0,28.68,0.2,0,0,0,34.9,39.0,43.3,0.19,0.27,0.09
WGAT,2019-11-08 21:35:00 EST,43.53241,-75.15860,1453,11.8,12.7,11.8,91.6,9.9,0.000,0.006,0.00,0.000,0.0,0.0,0.0,0,0,0.0,0.0,0.0,0,0,0.0,0.0,0.0,0,0,0,28.68,0.2,0,0,0,34.9,39.0,43.3,0.19,0.27,0.09
WGAT,2019-11-08 21:40:00 EST,43.53241,-75.15860,1453,12.0,12.6,12.0,91.6,10.0,0.000,0.006,0.00,0.000,0.0,0.0,0.0,0,0,0.0,0.0,0.0,0,0,0.0,0.0,0.0,0,0,0,28.68,0.3,0,0,0,34.9,39.0,43.3,0.19,0.27,0.09
WGAT,2019-11-08 21:45:00 EST,43.53241,-75.15860,1453,11.6,12.4,11.6,92.1,9.8,0.000,0.006,0.00,0.000,0.0,0.0,0.0,0,0,0.1,1.0,0.2,185,2,0.1,1.0,0.2,185,2,0,28.68,0.3,0,0,0,34.9,39.0,43.3,0.19,0.27,0.09
WGAT,2019-11-08 21:50:00 EST,43.53241,-75.15860,1453,11.4,12.7,11.4,91.3,9.3,0.000,0.006,0.00,0.000,0.2,0.7,0.2,177,4,0.4,1.3,0.5,187,8,0.4,1.3,0.5,187,8,0,28.68,0.3,0,0,0,34.9,39.0,43.3,0.19,0.27,0.09
WGAT,2019-11-08 21:55:00 EST,43.53241,-75.15860,1453,11.0,12.4,11.0,91.1,8.9,0.000,0.006,0.00,0.000,0.0,0.0,0.0,0,0,0.2,0.9,0.4,106,4,0.2,0.9,0.4,106,4,0,28.68,0.3,0,0,0,34.9,39.0,43.3,0.19,0.27,0.09
WGAT,2019-11-08 22:00:00 EST,43.53241,-75.15860,1453,11.1,12.1,11.1,90.7,8.9,0.000,0.006,0.00,0.000,0.0,0.0,0.0,0,0,0.0,0.9,0.2,103,1,0.0,0.9,0.2,103,1,0,28.68,0.3,0,0,0,34.9,39.0,43.3,0.19,0.27,0.09
WGAT,2019-11-08 22:05:00 EST,43.53241,-75.15860,1453,11.1,12.0,11.1,91.6,9.1,0.000,0.006,0.00,0.000,0.0,0.0,0.0,0,0,0.0,0.0,0.0,0,0,0.0,0.0,0.0,0,0,0,28.68,0.3,0,0,0,34.9,39.0,43.3,0.19,0.27,0.09
WGAT,2019-11-08 22:10:00 EST,43.53241,-75.15860,1453,10.8,11.7,10.8,90.8,8.6,0.000,0.006,0.00,0.000,0.0,0.0,0.0,0,0,0.0,0.7,0.1,126,0,0.0,0.7,0.1,126,0,0,28.68,0.3,0,0,0,34.9,39.0,43.3,0.19,0.27,0.09
WGAT,2019-11-08 22:15:00 EST,43.53241,-75.15860,1453,10.7,11.2,10.7,90.8,8.6,0.000,0.006,0.00,0.000,0.0,0.0,0.0,0,0,0.1,0.9,0.3,178,4,0.1,0.9,0.3,178,4,0,28.68,0.3,0,0,0,34.9,39.0,43.3,0.19,0.27,0.09
WGAT,2019-11-08 22:20:00 EST,43.53241,-75.15860,1453,10.8,11.5,10.8,91.5,8.8,0.000,0.006,0.00,0.000,0.0,0.0,0.0,0,0,0.0,0.0,0.0,0,0,0.0,0.0,0.0,0,0,0,28.67,0.3,0,0,0,34.9,39.0,43.3,0.19,0.27,0.09
WGAT,2019-11-08 22:25:00 EST,43.53241,-75.15860,1453,10.7,11.6,10.7,91.6,8.8,0.000,0.006,0.00,0.000,0.0,0.0,0.0,0,0,0.0,0.0,0.0,0,0,0.0,0.0,0.0,0,0,0,28.67,0.2,0,0,0,34.9,39.0,43.3,0.19,0.27,0.09
WGAT,2019-11-08 22:30:00 EST,43.53241,-75.15860,1453,10.8,11.3,10.8,92.3,9.0,0.000,0.006,0.00,0.000,0.0,0.0,0.0,0,0,0.2,0.9,0.4,99,6,0.2,0.9,0.4,99,6,0,28.67,0.3,0,0,0,34.9,39.0,43.3,0.19,0.27,0.09
WGAT,2019-11-08 22:35:00 EST,43.53241,-75.15860,1453,10.9,11.3,10.9,92.2,9.1,0.000,0.006,0.00,0.000,0.0,0.0,0.0,0,0,0.1,0.8,0.3,92,7,0.1,0.8,0.3,92,7,0,28.67,0.3,0,0,0,34.9,39.0,43.3,0.19,0.27,0.09
WGAT,2019-11-08 22:40:00 EST,43.53241,-75.15860,1453,10.9,11.3,10.9,91.8,9.0,0.000,0.006,0.00,0.000,0.3,0.8,0.3,145,9,0.6,1.3,0.4,145,19,0.6,1.3,0.4,145,19,0,28.67,0.3,0,0,0,34.9,39.0,43.3,0.19,0.27,0.09
WGAT,2019-11-08 22:45:00 EST,43.53241,-75.15860,1453,11.1,11.4,11.1,91.3,9.1,0.000,0.006,0.00,0.000,0.6,0.9,0.1,123,8,0.8,1.3,0.3,127,11,0.8,1.3,0.3,127,11,0,28.67,0.3,0,0,0,34.9,39.0,43.3,0.19,0.27,0.09
WGAT,2019-11-08 22:50:00 EST,43.53241,-75.15860,1453,11.0,11.6,11.0,91.2,8.9,0.000,0.006,0.00,0.000,0.5,0.9,0.3,122,7,0.7,1.5,0.4,132,18,0.7,1.5,0.4,132,18,0,28.67,0.3,0,0,0,34.9,39.0,43.3,0.19,0.27,0.09
WGAT,2019-11-08 22:55:00 EST,43.53241,-75.15860,1453,10.8,11.6,10.8,90.8,8.7,0.000,0.006,0.00,0.000,0.1,0.8,0.2,119,0,0.1,1.0,0.3,132,1,0.1,1.0,0.3,132,1,0,28.67,0.3,0,0,0,34.9,39.0,43.3,0.19,0.27,0.09
WGAT,2019-11-08 23:00:00 EST,43.53241,-75.15860,1453,10.7,11.6,10.7,91.1,8.6,0.000,0.006,0.00,0.000,0.0,0.0,0.0,0,0,0.0,0.0,0.0,0,0,0.0,0.0,0.0,0,0,0,28.67,0.3,0,0,0,34.9,39.0,43.3,0.19,0.27,0.09
WGAT,2019-11-08 23:05:00 EST,43.53241,-75.15860,1453,10.8,11.5,10.8,91.6,8.9,0.000,0.006,0.00,0.000,0.0,0.0,0.0,0,0,0.1,1.0,0.3,163,7,0.1,1.0,0.3,163,7,0,28.67,0.3,0,0,0,34.9,39.0,43.3,0.19,0.27,0.09
WGAT,2019-11-08 23:10:00 EST,43.53241,-75.15860,1453,11.2,11.6,11.2,91.5,9.2,0.000,0.006,0.00,0.000,0.0,0.0,0.0,0,0,0.0,0.8,0.1,172,81,0.0,0.8,0.1,172,81,0,28.67,0.4,0,0,0,34.9,39.0,43.3,0.19,0.27,0.09
WGAT,2019-11-08 23:15:00 EST,43.53241,-75.15860,1453,11.3,11.8,11.3,91.3,9.2,0.000,0.006,0.00,0.000,0.0,0.0,0.0,0,0,0.0,0.7,0.1,163,0,0.0,0.7,0.1,163,0,0,28.67,0.3,0,0,0,34.9,39.0,43.3,0.19,0.27,0.09
WGAT,2019-11-08 23:20:00 EST,43.53241,-75.15860,1453,11.4,12.0,11.4,91.1,9.3,0.000,0.006,0.00,0.000,0.0,0.0,0.0,0,0,0.3,0.9,0.4,245,5,0.3,0.9,0.4,245,5,0,28.67,0.3,0,0,0,34.9,39.0,43.3,0.19,0.27,0.09
WGAT,2019-11-08 23:25:00 EST,43.53241,-75.15860,1453,11.4,12.0,11.4,90.7,9.2,0.000,0.006,0.00,0.000,0.0,0.0,0.0,0,0,0.0,0.0,0.0,0,0,0.0,0.0,0.0,0,0,0,28.67,0.4,0,0,0,34.9,39.0,43.3,0.19,0.27,0.09
WGAT,2019-11-08 23:30:00 EST,43.53241,-75.15860,1453,11.9,12.4,11.9,91.7,9.9,0.000,0.006,0.00,0.000,0.0,0.0,0.0,0,0,0.0,0.0,0.0,0,0,0.0,0.0,0.0,0,0,0,28.67,0.4,0,0,0,34.9,38.9,43.3,0.19,0.27,0.09
WGAT,2019-11-08 23:35:00 EST,43.53241,-75.15860,1453,12.2,12.6,12.2,92.0,10.3,0.000,0.006,0.00,0.000,0.7,1.5,0.6,75,4,1.3,2.1,0.7,76,6,1.3,2.1,0.7,76,6,0,28.67,0.4,0,0,0,34.9,39.0,43.3,0.19,0.27,0.09
WGAT,2019-11-08 23:40:00 EST,43.53241,-75.15860,1453,12.8,13.0,12.8,91.8,10.9,0.000,0.006,0.00,0.000,1.1,1.7,0.5,93,16,1.5,2.3,0.6,99,24,1.5,2.3,0.6,99,24,0,28.68,0.3,0,0,0,34.9,38.9,43.3,0.19,0.27,0.09
WGAT,2019-11-08 23:45:00 EST,43.53241,-75.15860,1453,13.2,13.2,13.2,91.8,11.3,0.000,0.006,0.00,0.000,0.1,0.6,0.1,126,15,0.2,1.2,0.4,101,18,0.2,1.2,0.4,101,18,0,28.68,0.4,0,0,0,34.9,38.9,43.3,0.19,0.27,0.09
WGAT,2019-11-08 23:50:00 EST,43.53241,-75.15860,1453,13.6,13.6,13.6,91.9,11.7,0.000,0.006,0.00,0.000,0.1,0.7,0.2,91,7,0.3,1.2,0.4,76,20,0.3,1.2,0.4,76,20,0,28.68,0.4,0,0,0,34.9,38.9,43.2,0.19,0.27,0.08
WGAT,2019-11-08 23:55:00 EST,43.53241,-75.15860,1453,14.2,13.9,14.2,92.6,12.4,0.000,0.006,0.00,0.000,0.7,1.5,0.5,146,23,1.0,2.0,0.6,150,22,1.0,2.0,0.6,150,22,0,28.68,0.4,0,0,0,34.9,38.8,43.2,0.19,0.27,0.09
WHIT,2019-11-08 00:00:00 EST,43.48507,-73.42307,120,29.8,29.7,25.6,77.3,23.6,0.000,0.255,0.00,0.000,3.5,6.5,1.5,329,24,3.9,8.2,1.8,338,21,3.9,8.2,1.8,338,21,0,29.95,0.0,0,0,0,40.4,45.5,50.0,0.55,0.52,0.51
WHIT,2019-11-08 00:05:00 EST,43.48507,-73.42307,120,29.7,29.7,29.7,77.3,23.5,0.000,0.000,0.00,0.000,2.5,5.8,0.9,345,20,3.0,6.4,1.0,351,19,3.0,6.4,1.0,351,19,0,29.95,0.1,0,0,0,40.3,45.5,49.8,0.55,0.52,0.51
WHIT,2019-11-08 00:10:00 EST,43.48507,-73.42307,120,29.7,29.6,25.6,76.4,23.2,0.000,0.000,0.00,0.000,3.2,5.0,1.0,343,20,3.8,6.4,1.2,352,15,3.8,6.4,1.2,352,15,0,29.94,0.1,0,0,0,40.3,45.5,49.9,0.55,0.52,0.52
WHIT,2019-11-08 00:15:00 EST,43.48507,-73.42307,120,29.3,29.4,29.3,77.4,23.1,0.000,0.000,0.00,0.000,1.5,2.9,0.8,9,29,1.9,3.4,0.8,15,29,1.9,3.4,0.8,15,29,0,29.94,-0.0,0,0,0,40.3,45.5,49.8,0.55,0.52,0.51
WHIT,2019-11-08 00:20:00 EST,43.48507,-73.42307,120,29.0,29.2,29.0,79.5,23.5,0.000,0.000,0.00,0.000,0.8,1.7,0.4,39,30,1.0,2.1,0.5,53,23,1.0,2.1,0.5,53,23,0,29.94,-0.0,0,0,0,40.3,45.5,49.8,0.55,0.52,0.51
WHIT,2019-11-08 00:25:00 EST,43.48507,-73.42307,120,28.7,29.1,28.7,80.8,23.5,0.000,0.000,0.00,0.000,1.5,3.4,0.8,33,22,1.9,3.9,0.8,38,21,1.9,3.9,0.8,38,21,0,29.94,0.1,0,0,0,40.3,45.5,49.8,0.55,0.52,0.51
WHIT,2019-11-08 00:30:00 EST,43.48507,-73.42307,120,28.8,29.0,28.8,80.5,23.6,0.000,0.000,0.00,0.000,2.4,4.5,0.9,346,19,2.8,5.4,1.0,353,19,2.8,5.4,1.0,353,19,0,29.94,0.0,0,0,0,40.1,45.5,49.8,0.55,0.52,0.51
WHIT,2019-11-08 00:35:00 EST,43.48507,-73.42307,120,28.7,28.9,28.7,79.7,23.3,0.000,0.000,0.00,0.000,1.1,2.9,0.6,37,14,1.5,2.9,0.5,41,16,1.5,2.9,0.5,41,16,0,29.94,0.0,0,0,0,40.1,45.5,49.8,0.54,0.52,0.51
WHIT,2019-11-08 00:40:00 EST,43.48507,-73.42307,120,28.5,28.8,28.5,81.4,23.5,0.000,0.000,0.00,0.000,2.1,3.9,0.7,45,21,2.5,4.0,0.7,49,20,2.5,4.0,0.7,49,20,0,29.94,0.1,0,0,0,40.1,45.5,49.8,0.54,0.52,0.51
WHIT,2019-11-08 00:45:00 EST,43.48507,-73.42307,120,28.4,28.7,28.4,81.4,23.5,0.000,0.000,0.00,0.000,2.0,3.1,0.4,44,25,2.3,3.1,0.4,49,23,2.3,3.1,0.4,49,23,0,29.94,0.0,0,0,0,40.1,45.5,49.8,0.54,0.52,0.51
WHIT,2019-11-08 00:50:00 EST,43.48507,-73.42307,120,28.3,28.6,28.3,84.6,24.3,0.000,0.000,0.00,0.000,0.4,1.8,0.5,97,25,0.7,2.5,0.7,82,50,0.7,2.5,0.7,82,50,0,29.94,0.0,0,0,0,40.1,45.5,49.8,0.54,0.52,0.51
WHIT,2019-11-08 00:55:00 EST,43.48507,-73.42307,120,28.3,28.6,28.3,83.0,23.8,0.000,0.000,0.00,0.000,0.5,1.5,0.5,101,23,1.0,2.0,0.6,107,47,1.0,2.0,0.6,107,47,0,29.94,0.0,0,0,0,39.9,45.5,49.8,0.54,0.52,0.51
WHIT,2019-11-08 01:00:00 EST,43.48507,-73.42307,120,27.7,28.3,27.7,85.0,23.8,0.000,0.000,0.00,0.000,0.6,1.9,0.7,42,13,0.8,2.3,0.7,51,20,0.8,2.3,0.7,51,20,0,29.94,0.0,0,0,0,39.9,45.5,49.8,0.54,0.52,0.51
WHIT,2019-11-08 01:05:00 EST,43.48507,-73.42307,120,27.5,28.1,27.5,86.1,23.9,0.000,0.000,0.00,0.000,0.3,1.5,0.4,102,7,0.8,2.1,0.6,96,20,0.8,2.1,0.6,96,20,0,29.93,-0.0,0,0,0,39.9,45.5,49.8,0.54,0.52,0.52
WHIT,2019-11-08 01:10:00 EST,43.48507,-73.42307,120,27.5,28.2,27.5,87.6,24.3,0.000,0.000,0.00,0.000,0.5,1.9,0.5,66,38,1.0,2.3,0.5,52,45,1.0,2.3,0.5,52,45,0,29.94,-0.0,0,0,0,39.9,45.4,49.8,0.54,0.52,0.52
WHIT,2019-11-08 01:15:00 EST,43.48507,-73.42307,120,26.9,27.9,26.9,88.8,24.1,0.000,0.000,0.00,0.000,0.9,1.8,0.3,83,20,1.3,2.4,0.3,85,23,1.3,2.4,0.3,85,23,0,29.94,0.0,0,0,0,39.8,45.3,49.8,0.54,0.52,0.51
WHIT,2019-11-08 01:20:00 EST,43.48507,-73.42307,120,27.1,27.6,27.1,89.5,24.4,0.000,0.000,0.00,0.000,0.7,1.6,0.6,77,26,1.2,2.4,0.6,59,43,1.2,2.4,0.6,59,43,0,29.93,0.0,0,0,0,39.7,45.3,49.8,0.54,0.52,0.51
WHIT,2019-11-08 01:25:00 EST,43.48507,-73.42307,120,26.7,27.4,26.7,90.9,24.4,0.000,0.000,0.00,0.000,0.8,1.5,0.3,259,16,1.3,1.9,0.3,268,17,1.3,1.9,0.3,268,17,0,29.94,0.0,0,0,0,39.7,45.3,49.8,0.54,0.52,0.51
WHIT,2019-11-08 01:30:00 EST,43.48507,-73.42307,120,26.5,26.7,26.5,92.6,24.6,0.000,0.000,0.00,0.000,2.7,3.5,0.4,232,10,2.7,3.7,0.4,236,10,2.7,3.7,0.4,236,10,0,29.94,-0.0,0,0,0,39.7,45.3,49.8,0.54,0.53,0.51
WHIT,2019-11-08 01:35:00 EST,43.48507,-73.42307,120,26.3,27.1,26.3,92.7,24.4,0.000,0.000,0.00,0.000,2.5,2.9,0.2,214,17,2.5,3.2,0.3,218,17,2.5,3.2,0.3,218,17,0,29.94,-0.0,0,0,0,39.6,45.3,49.8,0.54,0.52,0.52
WHIT,2019-11-08 01:40:00 EST,43.48507,-73.42307,120,25.5,27.0,25.5,92.6,23.6,0.000,0.000,0.00,0.000,2.6,3.2,0.3,203,9,2.7,3.4,0.3,208,10,2.7,3.4,0.3,208,10,0,29.94,0.0,0,0,0,39.6,45.3,49.8,0.54,0.52,0.51
WHIT,2019-11-08 01:45:00 EST,43.48507,-73.42307,120,25.8,26.7,25.8,93.4,24.2,0.000,0.000,0.00,0.000,2.6,3.2,0.5,211,9,2.6,3.4,0.5,217,10,2.6,3.4,0.5,217,10,0,29.94,0.0,0,0,0,39.6,45.3,49.8,0.54,0.53,0.52
WHIT,2019-11-08 01:50:00 EST,43.48507,-73.42307,120,25.6,26.8,25.6,93.4,24.0,0.000,0.000,0.00,0.000,1.5,3.5,1.1,226,8,1.6,3.9,1.1,234,15,1.6,3.9,1.1,234,15,0,29.94,-0.0,0,0,0,39.5,45.3,49.8,0.54,0.52,0.51
WHIT,2019-11-08 01:55:00 EST,43.48507,-73.42307,120,24.7,25.7,24.7,92.7,22.9,0.000,0.000,0.00,0.000,1.7,3.1,1.2,71,8,2.2,3.7,1.1,69,18,2.2,3.7,1.1,69,18,0,29.94,0.0,0,0,0,39.4,45.3,49.8,0.54,0.52,0.51
WHIT,2019-11-08 02:00:00 EST,43.48507,-73.42307,120,24.5,25.9,24.5,93.8,23.0,0.000,0.000,0.00,0.000,1.0,2.2,0.7,110,15,1.2,2.6,0.8,112,15,1.2,2.6,0.8,112,15,0,29.94,0.1,0,0,0,39.4,45.3,49.8,0.54,0.52,0.51
WHIT,2019-11-08 02:05:00 EST,43.48507,-73.42307,120,24.7,25.8,24.7,94.8,23.4,0.000,0.000,0.00,0.000,2.1,2.6,0.3,133,10,2.2,2.8,0.2,135,10,2.2,2.8,0.2,135,10,0,29.94,0.0,0,0,0,39.4,45.3,49.8,0.54,0.52,0.52
WHIT,2019-11-08 02:10:00 EST,43.48507,-73.42307,120,24.8,26.2,24.8,95.1,23.6,0.000,0.000,0.00,0.000,0.5,1.6,0.4,174,5,0.9,1.9,0.4,195,18,0.9,1.9,0.4,195,18,0,29.94,0.0,0,0,0,39.3,45.3,49.8,0.54,0.52,0.52
WHIT,2019-11-08 02:15:00 EST,43.48507,-73.42307,120,25.0,25.7,25.0,95.2,23.8,0.000,0.000,0.00,0.000,0.4,1.2,0.4,174,8,0.8,1.5,0.5,184,22,0.8,1.5,0.5,184,22,0,29.94,0.1,0,0,0,39.2,45.3,49.8,0.54,0.52,0.52
WHIT,2019-11-08 02:20:00 EST,43.48507,-73.42307,120,25.3,25.8,25.3,95.7,24.2,0.000,0.000,0.00,0.000,1.1,1.9,0.4,207,21,1.4,2.0,0.3,212,21,1.4,2.0,0.3,212,21,0,29.94,0.0,0,0,0,39.2,45.3,49.8,0.54,0.53,0.51
WHIT,2019-11-08 02:25:00 EST,43.48507,-73.42307,120,24.8,25.0,24.8,95.1,23.6,0.000,0.000,0.00,0.000,0.1,0.8,0.2,149,0,0.3,1.1,0.4,147,13,0.3,1.1,0.4,147,13,0,29.93,0.0,0,0,0,39.2,45.3,49.8,0.54,0.52,0.51
WHIT,2019-11-08 02:30:00 EST,43.48507,-73.42307,120,24.1,24.9,24.1,94.9,22.9,0.000,0.000,0.00,0.000,1.5,2.0,0.3,150,3,1.7,2.2,0.2,149,8,1.7,2.2,0.2,149,8,0,29.93,0.0,0,0,0,39.2,45.3,49.8,0.54,0.52,0.51
WHIT,2019-11-08 02:35:00 EST,43.48507,-73.42307,120,23.5,24.7,23.5,94.6,22.2,0.000,0.000,0.00,0.000,1.3,2.0,0.2,128,12,1.6,2.2,0.2,129,12,1.6,2.2,0.2,129,12,0,29.93,0.1,0,0,0,39.2,45.3,49.8,0.53,0.52,0.51
WHIT,2019-11-08 02:40:00 EST,43.48507,-73.42307,120,23.8,25.2,23.8,95.3,22.7,0.000,0.000,0.00,0.000,1.7,2.5,0.4,185,20,2.0,3.1,0.5,193,21,2.0,3.1,0.5,193,21,0,29.93,0.1,0,0,0,39.2,45.3,49.8,0.53,0.52,0.51
WHIT,2019-11-08 02:45:00 EST,43.48507,-73.42307,120,24.2,25.1,24.2,95.9,23.2,0.000,0.000,0.00,0.000,2.0,2.7,0.3,220,10,2.1,2.8,0.3,226,9,2.1,2.8,0.3,226,9,0,29.93,0.1,0,0,0,39.1,45.3,49.8,0.53,0.52,0.51
WHIT,2019-11-08 02:50:00 EST,43.48507,-73.42307,120,24.0,25.0,24.0,96.2,23.1,0.000,0.000,0.00,0.000,1.2,1.9,0.4,218,10,1.4,1.9,0.2,227,12,1.4,1.9,0.2,227,12,0,29.93,0.0,0,0,0,39.0,45.2,49.8,0.53,0.52,0.51
WHIT,2019-11-08 02:55:00 EST,43.48507,-73.42307,120,23.1,24.7,23.1,95.7,22.0,0.000,0.000,0.00,0.000,0.2,1.4,0.3,207,18,0.6,1.6,0.5,192,26,0.6,1.6,0.5,192,26,0,29.92,0.1,0,0,0,39.0,45.2,49.8,0.53,0.52,0.52
WHIT,2019-11-08 03:00:00 EST,43.48507,-73.42307,120,22.8,24.4,22.8,95.8,21.7,0.000,0.000,0.00,0.000,0.8,1.5,0.4,121,11,1.2,1.8,0.3,114,18,1.2,1.8,0.3,114,18,0,29.92,0.1,0,0,0,39.0,45.2,49.8,0.53,0.52,0.51
WHIT,2019-11-08 03:05:00 EST,43.48507,-73.42307,120,22.6,24.4,22.6,95.8,21.6,0.000,0.000,0.00,0.000,0.6,1.2,0.3,104,23,1.2,1.7,0.2,100,29,1.2,1.7,0.2,100,29,0,29.92,0.1,0,0,0,38.9,45.1,49.8,0.53,0.52,0.51
WHIT,2019-11-08 03:10:00 EST,43.48507,-73.42307,120,22.7,23.8,22.7,95.6,21.6,0.000,0.000,0.00,0.000,0.7,1.8,0.6,69,11,1.3,2.3,0.4,45,29,1.3,2.3,0.4,45,29,0,29.92,0.2,0,0,0,38.8,45.1,49.8,0.53,0.53,0.52
WHIT,2019-11-08 03:15:00 EST,43.48507,-73.42307,120,23.3,24.1,23.3,96.3,22.4,0.000,0.000,0.00,0.000,0.2,0.9,0.3,291,6,0.6,1.4,0.5,308,18,0.6,1.4,0.5,308,18,0,29.92,0.1,0,0,0,38.8,45.1,49.8,0.53,0.52,0.52
WHIT,2019-11-08 03:20:00 EST,43.48507,-73.42307,120,22.9,23.8,22.9,96.3,22.0,0.000,0.000,0.00,0.000,0.4,1.2,0.5,174,2,0.8,1.5,0.6,176,25,0.8,1.5,0.6,176,25,0,29.92,0.1,0,0,0,38.8,45.1,49.8,0.53,0.52,0.51
WHIT,2019-11-08 03:25:00 EST,43.48507,-73.42307,120,22.4,23.9,22.4,96.4,21.6,0.000,0.000,0.00,0.000,2.4,3.7,0.9,166,7,2.7,4.5,1.1,168,11,2.7,4.5,1.1,168,11,0,29.92,0.1,0,0,0,38.7,45.1,49.8,0.53,0.53,0.51
WHIT,2019-11-08 03:30:00 EST,43.48507,-73.42307,120,22.3,24.2,17.0,96.2,21.4,0.000,0.000,0.00,0.000,3.5,4.5,0.4,158,11,3.9,5.4,0.7,161,14,3.9,5.4,0.7,161,14,0,29.92,0.1,0,0,0,38.7,45.1,49.8,0.53,0.52,0.51
WHIT,2019-11-08 03:35:00 EST,43.48507,-73.42307,120,22.4,23.5,22.4,96.2,21.5,0.000,0.000,0.00,0.000,1.8,2.7,0.4,188,34,2.0,3.4,0.5,192,35,2.0,3.4,0.5,192,35,0,29.92,0.1,0,0,0,38.7,45.1,49.8,0.53,0.52,0.52
WHIT,2019-11-08 03:40:00 EST,43.48507,-73.42307,120,22.8,24.1,22.8,96.4,22.0,0.000,0.000,0.00,0.000,2.0,2.7,0.3,201,11,2.1,3.0,0.4,208,12,2.1,3.0,0.4,208,12,0,29.93,0.0,0,0,0,38.5,45.1,49.8,0.52,0.52,0.51
WHIT,2019-11-08 03:45:00 EST,43.48507,-73.42307,120,23.0,23.9,23.0,95.9,22.0,0.000,0.000,0.00,0.000,1.4,1.8,0.3,197,17,1.6,2.3,0.4,202,17,1.6,2.3,0.4,202,17,0,29.93,0.1,0,0,0,38.5,45.1,49.8,0.52,0.52,0.52
WHIT,2019-11-08 03:50:00 EST,43.48507,-73.42307,120,22.5,23.8,22.5,95.7,21.4,0.000,0.000,0.00,0.000,1.3,2.7,0.6,195,17,1.6,3.4,0.6,200,23,1.6,3.4,0.6,200,23,0,29.93,0.1,0,0,0,38.4,45.1,49.8,0.52,0.52,0.51
WHIT,2019-11-08 03:55:00 EST,43.48507,-73.42307,120,21.5,23.3,21.5,94.5,20.2,0.000,0.000,0.00,0.000,0.3,1.1,0.4,111,32,0.8,1.7,0.6,114,43,0.8,1.7,0.6,114,43,0,29.93,0.1,0,0,0,38.3,45.1,49.8,0.53,0.52,0.52
WHIT,2019-11-08 04:00:00 EST,43.48507,-73.42307,120,21.1,22.8,21.1,94.0,19.6,0.000,0.000,0.00,0.000,0.5,1.0,0.4,99,8,0.8,1.6,0.6,96,13,0.8,1.6,0.6,96,13,0,29.92,0.2,0,0,0,38.3,45.1,49.8,0.52,0.53,0.51
WHIT,2019-11-08 04:05:00 EST,43.48507,-73.42307,120,21.5,23.0,21.5,94.5,20.1,0.000,0.000,0.00,0.000,0.0,0.0,0.0,0,0,0.1,0.8,0.2,229,8,0.1,0.8,0.2,229,8,0,29.93,0.2,0,0,0,38.3,45.1,49.8,0.52,0.52,0.51
WHIT,2019-11-08 04:10:00 EST,43.48507,-73.42307,120,21.2,23.4,21.2,95.0,20.0,0.000,0.000,0.00,0.000,0.6,1.6,0.4,266,17,1.1,2.2,0.5,277,20,1.1,2.2,0.5,277,20,0,29.93,0.2,0,0,0,38.3,45.1,49.8,0.52,0.53,0.51
WHIT,2019-11-08 04:15:00 EST,43.48507,-73.42307,120,20.8,23.3,20.8,94.5,19.5,0.000,0.000,0.00,0.000,0.5,1.8,0.5,114,50,0.9,2.1,0.6,92,53,0.9,2.1,0.6,92,53,0,29.93,0.2,0,0,0,38.1,45.1,49.8,0.52,0.52,0.51
WHIT,2019-11-08 04:20:00 EST,43.48507,-73.42307,120,20.8,22.7,20.8,94.6,19.5,0.000,0.000,0.00,0.000,0.7,1.4,0.3,129,17,0.9,1.6,0.5,126,14,0.9,1.6,0.5,126,14,0,29.93,0.2,0,0,0,38.1,45.1,49.8,0.52,0.52,0.51
WHIT,2019-11-08 04:25:00 EST,43.48507,-73.42307,120,21.5,22.7,21.5,94.7,20.2,0.000,0.000,0.00,0.000,0.9,3.0,0.5,248,43,1.3,3.9,0.7,256,44,1.3,3.9,0.7,256,44,0,29.93,0.2,0,0,0,38.1,45.1,49.8,0.52,0.52,0.52
WHIT,2019-11-08 04:30:00 EST,43.48507,-73.42307,120,22.9,24.7,17.1,94.5,21.6,0.000,0.000,0.00,0.000,4.0,7.5,1.4,285,12,4.4,8.1,1.5,290,11,4.4,8.1,1.5,290,11,0,29.93,0.2,0,0,0,38.1,45.1,49.8,0.52,0.52,0.51
WHIT,2019-11-08 04:35:00 EST,43.48507,-73.42307,120,24.0,25.3,17.9,87.5,20.9,0.000,0.000,0.00,0.000,4.4,6.1,0.8,280,11,4.8,6.9,0.9,285,10,4.8,6.9,0.9,285,10,0,29.93,0.1,0,0,0,37.9,45.1,49.8,0.52,0.52,0.51
WHIT,2019-11-08 04:40:00 EST,43.48507,-73.42307,120,24.2,25.3,19.0,83.0,19.8,0.000,0.000,0.00,0.000,3.6,6.9,1.4,273,15,4.1,7.4,1.5,279,13,4.1,7.4,1.5,279,13,0,29.93,0.2,0,0,0,37.9,45.1,49.8,0.52,0.52,0.51
WHIT,2019-11-08 04:45:00 EST,43.48507,-73.42307,120,24.4,25.4,19.8,81.9,19.7,0.000,0.000,0.00,0.000,3.2,6.4,1.2,261,20,3.6,7.4,1.4,267,19,3.6,7.4,1.4,267,19,0,29.93,0.3,0,0,0,37.9,45.0,49.8,0.52,0.53,0.51
WHIT,2019-11-08 04:50:00 EST,43.48507,-73.42307,120,24.6,25.4,20.1,76.4,18.2,0.000,0.000,0.00,0.000,3.2,5.3,1.1,274,13,3.5,6.3,1.2,282,13,3.5,6.3,1.2,282,13,0,29.93,0.1,0,0,0,37.9,45.0,49.8,0.52,0.52,0.52
WHIT,2019-11-08 04:55:00 EST,43.48507,-73.42307,120,22.5,24.5,22.5,77.5,16.5,0.000,0.000,0.00,0.000,1.0,2.4,0.7,325,59,1.4,3.1,0.9,348,57,1.4,3.1,0.9,348,57,0,29.93,0.1,0,0,0,37.8,45.0,49.8,0.52,0.52,0.51
WHIT,2019-11-08 05:00:00 EST,43.48507,-73.42307,120,20.6,23.4,20.6,85.3,16.8,0.000,0.000,0.00,0.000,1.4,2.8,0.8,85,17,1.8,3.6,0.8,86,21,1.8,3.6,0.8,86,21,0,29.93,0.2,0,0,0,37.8,45.0,49.8,0.52,0.52,0.51
WHIT,2019-11-08 05:05:00 EST,43.48507,-73.42307,120,20.5,23.7,20.5,89.4,17.8,0.000,0.000,0.00,0.000,1.3,2.3,0.6,182,14,1.7,2.8,0.5,188,13,1.7,2.8,0.5,188,13,0,29.93,0.2,0,0,0,37.8,45.0,49.8,0.52,0.52,0.51
WHIT,2019-11-08 05:10:00 EST,43.48507,-73.42307,120,21.1,23.2,21.1,89.5,18.5,0.000,0.000,0.00,0.000,1.1,1.7,0.4,187,13,1.4,2.0,0.4,191,15,1.4,2.0,0.4,191,15,0,29.93,0.2,0,0,0,37.7,45.0,49.8,0.52,0.52,0.51
WHIT,2019-11-08 05:15:00 EST,43.48507,-73.42307,120,21.6,23.3,21.6,88.7,18.8,0.000,0.000,0.00,0.000,2.4,3.4,0.6,207,18,2.5,3.6,0.6,212,18,2.5,3.6,0.6,212,18,0,29.93,0.2,0,0,0,37.6,45.0,49.8,0.51,0.52,0.52
WHIT,2019-11-08 05:20:00 EST,43.48507,-73.42307,120,21.6,23.1,21.6,89.1,18.9,0.000,0.000,0.00,0.000,1.1,2.5,0.5,238,10,1.5,2.9,0.5,247,15,1.5,2.9,0.5,247,15,0,29.94,0.0,0,0,0,37.6,45.0,49.8,0.51,0.52,0.51
WHIT,2019-11-08 05:25:00 EST,43.48507,-73.42307,120,20.1,22.3,20.1,89.5,17.5,0.000,0.000,0.00,0.000,0.1,0.6,0.2,299,4,0.4,1.2,0.4,306,14,0.4,1.2,0.4,306,14,0,29.94,0.2,0,0,0,37.6,45.0,49.8,0.52,0.52,0.51
WHIT,2019-11-08 05:30:00 EST,43.48507,-73.42307,120,19.7,22.0,19.7,89.8,17.2,0.000,0.000,0.00,0.000,0.3,1.0,0.4,39,3,0.5,1.4,0.5,36,8,0.5,1.4,0.5,36,8,0,29.94,0.2,0,0,0,37.6,45.0,49.8,0.51,0.52,0.51
WHIT,2019-11-08 05:35:00 EST,43.48507,-73.42307,120,19.4,22.4,19.4,92.0,17.4,0.000,0.000,0.00,0.000,0.2,1.1,0.3,108,28,0.7,1.7,0.5,103,35,0.7,1.7,0.5,103,35,0,29.94,0.3,0,0,0,37.4,45.0,49.8,0.51,0.52,0.52
WHIT,2019-11-08 05:40:00 EST,43.48507,-73.42307,120,20.0,22.5,20.0,92.2,18.1,0.000,0.000,0.00,0.000,0.7,2.0,0.6,199,15,0.9,2.2,0.6,202,18,0.9,2.2,0.6,202,18,0,29.94,0.2,0,0,0,37.4,45.0,49.8,0.51,0.52,0.51
WHIT,2019-11-08 05:45:00 EST,43.48507,-73.42307,120,21.2,22.8,21.2,92.5,19.4,0.000,0.000,0.00,0.000,1.7,3.4,0.6,226,12,1.8,3.7,0.7,234,12,1.8,3.7,0.7,234,12,0,29.94,0.4,0,0,0,37.4,45.0,49.8,0.51,0.52,0.51
WHIT,2019-11-08 05:50:00 EST,43.48507,-73.42307,120,22.8,24.1,17.3,86.8,19.5,0.000,0.000,0.00,0.000,3.8,6.3,0.8,242,11,4.1,7.3,1.0,248,12,4.1,7.3,1.0,248,12,0,29.95,0.2,0,0,0,37.4,45.0,49.8,0.51,0.52,0.51
WHIT,2019-11-08 05:55:00 EST,43.48507,-73.42307,120,22.9,24.2,16.6,81.3,18.1,0.000,0.000,0.00,0.000,4.3,7.2,1.2,246,10,4.9,8.2,1.4,252,11,4.9,8.2,1.4,252,11,0,29.95,0.3,0,0,0,37.3,44.9,49.8,0.51,0.52,0.51
WHIT,2019-11-08 06:00:00 EST,43.48507,-73.42307,120,23.3,24.5,16.0,76.9,17.1,0.000,0.000,0.00,0.000,5.4,7.7,0.9,250,9,5.9,8.3,1.2,256,7,5.9,8.3,1.2,256,7,0,29.95,0.3,0,0,0,37.2,44.8,49.8,0.52,0.52,0.51
WHIT,2019-11-08 06:05:00 EST,43.48507,-73.42307,120,23.1,24.0,15.3,77.5,17.1,0.000,0.000,0.00,0.000,5.7,7.3,0.9,250,9,6.4,8.6,1.1,257,8,6.4,8.6,1.1,257,8,0,29.95,0.3,0,0,0,37.2,44.8,49.8,0.51,0.52,0.51
WHIT,2019-11-08 06:10:00 EST,43.48507,-73.42307,120,23.5,24.2,15.7,75.4,16.9,0.000,0.000,0.00,0.000,5.8,10.6,1.6,257,15,6.5,11.6,1.9,264,13,6.5,11.6,1.9,264,13,0,29.95,0.3,0,0,0,37.2,44.8,49.8,0.51,0.52,0.51
WHIT,2019-11-08 06:15:00 EST,43.48507,-73.42307,120,23.6,24.2,17.2,74.1,16.6,0.000,0.000,0.00,0.000,4.5,7.7,1.3,268,12,5.0,8.6,1.5,273,11,5.0,8.6,1.5,273,11,0,29.95,0.3,0,0,0,37.2,44.8,49.8,0.51,0.52,0.51
WHIT,2019-11-08 06:20:00 EST,43.48507,-73.42307,120,23.5,24.2,18.5,73.8,16.4,0.000,0.000,0.00,0.000,3.4,7.5,1.3,261,22,3.9,8.4,1.5,268,23,3.9,8.4,1.5,268,23,0,29.95,0.2,0,0,0,37.2,44.8,49.8,0.51,0.52,0.52
WHIT,2019-11-08 06:25:00 EST,43.48507,-73.42307,120,23.5,24.0,23.5,72.7,16.0,0.000,0.000,0.00,0.000,2.4,4.7,0.9,283,28,2.8,5.5,1.0,290,28,2.8,5.5,1.0,290,28,1,29.95,0.3,0,0,0,37.2,44.8,49.8,0.51,0.52,0.51
WHIT,2019-11-08 06:30:00 EST,43.48507,-73.42307,120,23.0,24.0,23.0,73.4,15.8,0.000,0.000,0.00,0.000,1.1,4.6,1.4,303,21,1.2,5.3,1.4,318,23,1.2,5.3,1.4,318,23,1,29.95,0.2,0,0,0,37.2,44.8,49.8,0.51,0.52,0.51
WHIT,2019-11-08 06:35:00 EST,43.48507,-73.42307,120,21.3,23.3,21.3,76.4,15.1,0.000,0.000,0.00,0.000,0.0,0.3,0.1,160,0,0.3,1.5,0.4,171,28,0.3,1.5,0.4,171,28,3,29.95,0.3,0,0,0,37.2,44.8,49.8,0.51,0.52,0.51
WHIT,2019-11-08 06:40:00 EST,43.48507,-73.42307,120,20.7,22.9,20.7,82.4,16.2,0.000,0.000,0.00,0.000,1.3,4.2,1.1,14,55,1.8,4.7,1.1,19,57,1.8,4.7,1.1,19,57,5,29.96,0.4,0,0,0,37.1,44.8,49.8,0.51,0.52,0.51
WHIT,2019-11-08 06:45:00 EST,43.48507,-73.42307,120,21.8,23.0,21.8,84.8,17.9,0.000,0.000,0.00,0.000,1.3,3.1,0.8,326,25,1.7,4.4,0.9,338,26,1.7,4.4,0.9,338,26,7,29.96,0.2,0,0,0,37.0,44.8,49.8,0.51,0.52,0.51
WHIT,2019-11-08 06:50:00 EST,43.48507,-73.42307,120,22.1,23.2,17.5,84.2,18.1,0.000,0.000,0.00,0.000,3.1,7.2,1.6,286,17,3.4,7.4,1.6,293,17,3.4,7.4,1.6,293,17,9,29.96,0.4,0,0,0,37.0,44.8,49.8,0.51,0.52,0.51
WHIT,2019-11-08 06:55:00 EST,43.48507,-73.42307,120,23.2,23.7,17.2,76.0,16.7,0.000,0.000,0.00,0.000,4.4,6.2,0.9,294,10,4.5,6.7,1.0,300,11,4.5,6.7,1.0,300,11,11,29.96,0.3,0,0,0,37.0,44.8,49.8,0.51,0.52,0.51
WHIT,2019-11-08 07:00:00 EST,43.48507,-73.42307,120,23.3,23.7,17.1,73.8,16.1,0.000,0.000,0.00,0.000,4.5,6.9,0.9,294,14,4.7,8.1,1.2,300,13,4.7,8.1,1.2,300,13,16,29.96,0.3,0,0,0,37.0,44.8,49.8,0.51,0.52,0.51
WHIT,2019-11-08 07:05:00 EST,43.48507,-73.42307,120,23.7,23.9,16.5,72.1,16.1,0.000,0.000,0.00,0.000,5.6,10.8,1.7,299,13,5.9,11.9,1.8,306,14,5.9,11.9,1.8,306,14,19,29.97,0.3,0,0,0,37.0,44.8,49.8,0.51,0.52,0.51
WHIT,2019-11-08 07:10:00 EST,43.48507,-73.42307,120,24.0,24.1,17.5,71.1,16.0,0.000,0.000,0.00,0.000,5.0,8.3,1.4,297,14,5.2,9.0,1.5,303,13,5.2,9.0,1.5,303,13,20,29.97,0.3,0,0,0,36.9,44.8,49.8,0.51,0.52,0.51
WHIT,2019-11-08 07:15:00 EST,43.48507,-73.42307,120,24.1,24.1,18.6,72.3,16.5,0.000,0.000,0.00,0.000,4.1,9.1,1.5,300,15,4.3,9.7,1.6,305,15,4.3,9.7,1.6,305,15,25,29.97,0.4,0,0,0,36.9,44.7,49.8,0.51,0.52,0.52
WHIT,2019-11-08 07:20:00 EST,43.48507,-73.42307,120,24.2,24.2,18.9,72.4,16.6,0.000,0.000,0.00,0.000,4.0,7.1,1.3,301,16,4.2,8.2,1.4,308,16,4.2,8.2,1.4,308,16,29,29.98,0.4,0,0,0,36.9,44.6,49.8,0.51,0.52,0.52
WHIT,2019-11-08 07:25:00 EST,43.48507,-73.42307,120,24.4,24.3,17.4,71.5,16.5,0.000,0.000,0.00,0.000,5.5,10.5,2.8,300,17,5.9,11.7,2.7,305,19,5.9,11.7,2.7,305,19,34,29.98,0.4,0,0,0,36.9,44.6,49.8,0.51,0.52,0.51
WHIT,2019-11-08 07:30:00 EST,43.48507,-73.42307,120,24.7,24.6,17.1,70.8,16.6,0.000,0.000,0.00,0.000,6.1,11.8,1.9,303,17,6.5,11.9,1.8,310,17,6.5,11.9,1.8,310,17,39,29.98,0.4,0,0,0,36.9,44.6,49.8,0.51,0.52,0.52
WHIT,2019-11-08 07:35:00 EST,43.48507,-73.42307,120,24.9,24.6,17.7,70.0,16.5,0.000,0.000,0.00,0.000,5.6,9.1,2.0,300,19,6.1,10.2,2.0,306,18,6.1,10.2,2.0,306,18,39,29.98,0.3,0,0,0,36.9,44.6,49.8,0.51,0.52,0.52
WHIT,2019-11-08 07:40:00 EST,43.48507,-73.42307,120,24.8,24.7,17.9,71.6,16.9,0.000,0.000,0.00,0.000,5.2,11.3,2.0,298,16,5.7,12.6,2.1,306,16,5.7,12.6,2.1,306,16,48,29.98,0.4,0,0,0,36.8,44.6,49.6,0.51,0.52,0.51
WHIT,2019-11-08 07:45:00 EST,43.48507,-73.42307,120,25.0,24.8,17.3,71.2,17.0,0.000,0.000,0.00,0.000,6.4,11.3,2.1,300,14,6.7,11.6,2.0,305,14,6.7,11.6,2.0,305,14,71,29.99,0.4,0,0,0,36.8,44.6,49.7,0.51,0.52,0.52
WHIT,2019-11-08 07:50:00 EST,43.48507,-73.42307,120,25.3,24.9,19.2,71.0,17.2,0.000,0.000,0.00,0.000,4.5,8.2,1.5,299,22,5.0,10.3,1.6,307,21,5.0,10.3,1.6,307,21,107,29.99,0.4,0,0,0,36.7,44.6,49.7,0.51,0.52,0.52
WHIT,2019-11-08 07:55:00 EST,43.48507,-73.42307,120,25.7,25.3,17.9,70.3,17.4,0.000,0.000,0.00,0.000,6.6,12.9,1.9,308,19,7.0,15.5,2.0,315,20,7.0,15.5,2.0,315,20,122,29.99,0.4,0,0,0,36.7,44.6,49.6,0.51,0.52,0.52
WHIT,2019-11-08 08:00:00 EST,43.48507,-73.42307,120,26.0,25.5,18.9,70.3,17.6,0.000,0.000,0.00,0.000,5.7,11.6,2.3,300,16,6.1,12.1,2.2,307,19,6.1,12.1,2.2,307,19,117,29.99,0.4,0,0,0,36.7,44.6,49.7,0.51,0.52,0.52
WHIT,2019-11-08 08:05:00 EST,43.48507,-73.42307,120,26.1,25.6,19.7,70.6,17.8,0.000,0.000,0.00,0.000,5.1,8.8,1.9,320,21,5.4,9.9,1.8,329,20,5.4,9.9,1.8,329,20,99,30.00,0.3,0,0,0,36.7,44.6,49.6,0.51,0.52,0.52
WHIT,2019-11-08 08:10:00 EST,43.48507,-73.42307,120,26.1,25.6,18.4,70.6,17.8,0.000,0.000,0.00,0.000,6.7,11.8,2.2,305,20,7.0,12.5,2.3,310,21,7.0,12.5,2.3,310,21,83,30.00,0.3,0,0,0,36.7,44.6,49.6,0.51,0.52,0.52
WHIT,2019-11-08 08:15:00 EST,43.48507,-73.42307,120,26.1,25.6,19.4,72.1,18.3,0.000,0.000,0.00,0.000,5.4,9.8,1.7,301,19,5.7,10.3,1.8,307,19,5.7,10.3,1.8,307,19,87,30.00,0.3,0,0,0,36.7,44.6,49.6,0.51,0.52,0.52
WHIT,2019-11-08 08:20:00 EST,43.48507,-73.42307,120,26.1,25.6,19.8,72.4,18.4,0.000,0.000,0.00,0.000,4.9,9.9,1.9,313,19,5.3,11.0,2.0,321,17,5.3,11.0,2.0,321,17,112,30.00,0.4,0,0,0,36.7,44.6,49.7,0.51,0.52,0.52
WHIT,2019-11-08 08:25:00 EST,43.48507,-73.42307,120,26.2,25.6,18.6,71.1,18.1,0.000,0.000,0.00,0.000,6.6,11.2,1.8,299,16,6.9,12.3,1.8,306,19,6.9,12.3,1.8,306,19,144,30.00,0.4,0,0,0,36.7,44.5,49.6,0.51,0.52,0.52
WHIT,2019-11-08 08:30:00 EST,43.48507,-73.42307,120,26.5,25.8,20.7,70.6,18.2,0.000,0.000,0.00,0.000,4.4,7.7,1.6,323,33,4.9,8.8,1.7,332,33,4.9,8.8,1.7,332,33,172,30.01,0.4,0,0,0,36.7,44.4,49.6,0.51,0.52,0.51
WHIT,2019-11-08 08:35:00 EST,43.48507,-73.42307,120,26.9,26.2,26.9,70.4,18.5,0.000,0.000,0.00,0.000,2.0,4.2,0.7,338,19,2.2,5.1,0.9,345,20,2.2,5.1,0.9,345,20,197,30.01,0.3,0,0,0,36.7,44.4,49.6,0.51,0.52,0.52
WHIT,2019-11-08 08:40:00 EST,43.48507,-73.42307,120,27.3,26.2,22.6,66.4,17.6,0.000,0.000,0.00,0.000,3.6,6.9,1.7,6,20,4.1,8.5,1.9,13,20,4.1,8.5,1.9,13,20,220,30.01,0.3,0,0,0,36.7,44.4,49.6,0.51,0.52,0.52
WHIT,2019-11-08 08:45:00 EST,43.48507,-73.42307,120,27.4,26.3,27.4,65.0,17.1,0.000,0.000,0.00,0.000,1.9,7.2,1.5,15,50,2.3,8.5,1.7,29,52,2.3,8.5,1.7,29,52,180,30.01,0.3,0,0,0,36.7,44.4,49.6,0.51,0.52,0.52
WHIT,2019-11-08 08:50:00 EST,43.48507,-73.42307,120,27.3,26.8,27.3,65.6,17.3,0.000,0.000,0.00,0.000,0.8,2.0,0.5,127,37,1.2,2.5,0.5,125,41,1.2,2.5,0.5,125,41,211,30.01,0.4,0,0,0,36.7,44.4,49.6,0.51,0.52,0.52
WHIT,2019-11-08 08:55:00 EST,43.48507,-73.42307,120,28.2,26.8,28.2,65.2,18.0,0.000,0.000,0.00,0.000,1.0,2.0,0.5,118,40,1.4,2.8,0.6,124,45,1.4,2.8,0.6,124,45,279,30.01,0.3,0,0,0,36.7,44.4,49.6,0.51,0.52,0.51
WHIT,2019-11-08 09:00:00 EST,43.48507,-73.42307,120,27.8,26.9,27.8,64.6,17.4,0.000,0.000,0.00,0.000,2.1,5.2,1.0,205,51,2.3,6.0,1.2,210,54,2.3,6.0,1.2,210,54,247,30.01,0.4,0,0,0,36.7,44.4,49.6,0.51,0.52,0.52
WHIT,2019-11-08 09:05:00 EST,43.48507,-73.42307,120,28.1,27.3,24.5,66.9,18.5,0.000,0.000,0.00,0.000,2.8,5.0,1.0,253,60,3.2,6.3,1.0,262,59,3.2,6.3,1.0,262,59,280,30.01,0.3,0,0,0,36.7,44.4,49.6,0.51,0.52,0.52
WHIT,2019-11-08 09:10:00 EST,43.48507,-73.42307,120,28.4,27.5,28.4,66.9,18.8,0.000,0.000,0.00,0.000,1.8,5.3,1.3,231,56,2.5,6.1,1.2,224,63,2.5,6.1,1.2,224,63,287,30.01,0.3,0,0,0,36.7,44.4,49.6,0.51,0.52,0.52
WHIT,2019-11-08 09:15:00 EST,43.48507,-73.42307,120,28.5,27.5,28.5,62.0,17.1,0.000,0.000,0.00,0.000,2.0,4.4,1.2,306,38,2.5,5.0,1.2,316,39,2.5,5.0,1.2,316,39,288,30.01,0.3,0,0,0,36.7,44.4,49.6,0.51,0.52,0.52
WHIT,2019-11-08 09:20:00 EST,43.48507,-73.42307,120,28.8,27.7,24.6,62.9,17.7,0.000,0.000,0.00,0.000,3.3,7.7,1.6,295,27,3.8,8.7,1.7,305,28,3.8,8.7,1.7,305,28,255,30.01,0.3,0,0,0,36.8,44.4,49.6,0.51,0.52,0.51
WHIT,2019-11-08 09:25:00 EST,43.48507,-73.42307,120,28.5,27.5,24.1,62.5,17.3,0.000,0.000,0.00,0.000,3.4,6.7,1.4,319,31,4.0,8.2,1.4,328,31,4.0,8.2,1.4,328,31,285,30.01,0.4,0,0,0,36.9,44.4,49.6,0.51,0.52,0.52
WHIT,2019-11-08 09:30:00 EST,43.48507,-73.42307,120,29.7,27.8,25.3,64.2,19.1,0.000,0.000,0.00,0.000,3.5,7.4,1.3,31,36,4.1,9.1,1.5,37,35,4.1,9.1,1.5,37,35,358,30.01,0.2,0,0,0,36.9,44.1,49.6,0.51,0.52,0.52
WHIT,2019-11-08 09:35:00 EST,43.48507,-73.42307,120,29.7,28.3,24.3,62.8,18.6,0.000,0.000,0.00,0.000,4.5,9.3,2.2,325,22,5.0,12.8,2.3,333,23,5.0,12.8,2.3,333,23,362,30.01,0.3,0,0,0,36.9,44.1,49.6,0.51,0.52,0.52
WHIT,2019-11-08 09:40:00 EST,43.48507,-73.42307,120,29.8,28.5,24.0,62.7,18.6,0.000,0.000,0.00,0.000,4.9,8.0,1.6,343,29,5.5,9.6,2.0,349,28,5.5,9.6,2.0,349,28,317,30.01,0.3,0,0,0,36.9,44.1,49.6,0.51,0.52,0.51
WHIT,2019-11-08 09:45:00 EST,43.48507,-73.42307,120,29.9,28.6,24.4,60.7,18.0,0.000,0.000,0.00,0.000,4.8,7.8,1.5,344,27,5.3,9.4,1.7,352,23,5.3,9.4,1.7,352,23,386,30.01,0.3,0,0,0,37.0,44.1,49.6,0.51,0.52,0.52
WHIT,2019-11-08 09:50:00 EST,43.48507,-73.42307,120,29.9,28.6,22.9,59.4,17.5,0.000,0.000,0.00,0.000,6.6,12.2,2.0,333,25,7.2,14.8,2.4,341,23,7.2,14.8,2.4,341,23,401,30.01,0.2,0,0,0,37.0,44.1,49.6,0.51,0.52,0.52
WHIT,2019-11-08 09:55:00 EST,43.48507,-73.42307,120,29.8,28.8,23.1,59.4,17.3,0.000,0.000,0.00,0.000,6.1,10.7,1.8,294,19,6.6,10.7,1.7,301,20,6.6,10.7,1.7,301,20,236,30.01,0.2,0,0,0,37.2,44.1,49.6,0.51,0.52,0.51
WHIT,2019-11-08 10:00:00 EST,43.48507,-73.42307,120,29.0,28.4,20.8,59.4,16.6,0.000,0.000,0.00,0.000,8.1,12.9,1.9,292,18,8.7,14.4,2.1,297,16,8.7,14.4,2.1,297,16,234,30.01,0.3,0,0,0,37.2,44.1,49.6,0.51,0.52,0.52
WHIT,2019-11-08 10:05:00 EST,43.48507,-73.42307,120,30.0,29.1,23.5,60.9,18.2,0.000,0.000,0.00,0.000,5.8,12.0,2.2,324,24,6.5,12.5,2.1,332,23,6.5,12.5,2.1,332,23,376,30.01,0.3,0,0,0,37.3,44.1,49.6,0.52,0.52,0.52
WHIT,2019-11-08 10:10:00 EST,43.48507,-73.42307,120,30.4,29.3,22.4,59.5,18.0,0.000,0.000,0.00,0.000,8.0,14.4,2.2,306,27,8.7,15.3,2.4,314,28,8.7,15.3,2.4,314,28,446,30.01,0.3,0,0,0,37.4,44.1,49.6,0.52,0.52,0.52
WHIT,2019-11-08 10:15:00 EST,43.48507,-73.42307,120,30.4,29.4,22.3,58.1,17.4,0.000,0.000,0.00,0.000,8.5,15.9,2.3,293,15,9.0,16.7,2.7,299,15,9.0,16.7,2.7,299,15,408,30.01,0.2,0,0,0,37.5,44.1,49.6,0.52,0.52,0.51
WHIT,2019-11-08 10:20:00 EST,43.48507,-73.42307,120,30.5,29.6,21.9,57.2,17.1,0.000,0.000,0.00,0.000,9.6,15.2,2.4,296,17,9.9,15.1,2.6,302,17,9.9,15.1,2.6,302,17,288,30.01,0.3,0,0,0,37.7,44.0,49.6,0.52,0.52,0.51
WHIT,2019-11-08 10:25:00 EST,43.48507,-73.42307,120,31.0,29.9,23.7,57.2,17.7,0.000,0.000,0.00,0.000,7.3,11.0,2.4,333,24,7.9,13.6,2.7,342,19,7.9,13.6,2.7,342,19,430,30.02,0.2,0,0,0,37.9,44.0,49.6,0.52,0.52,0.52
WHIT,2019-11-08 10:30:00 EST,43.48507,-73.42307,120,31.4,30.3,24.6,57.0,17.9,0.000,0.000,0.00,0.000,6.7,9.8,2.2,321,28,7.2,11.6,2.3,329,27,7.2,11.6,2.3,329,27,516,30.02,0.2,0,0,0,38.1,43.9,49.6,0.52,0.52,0.52
WHIT,2019-11-08 10:35:00 EST,43.48507,-73.42307,120,31.4,30.2,23.9,53.0,16.3,0.000,0.000,0.00,0.000,7.7,18.3,3.7,314,25,8.4,16.5,3.4,323,23,8.4,16.5,3.4,323,23,524,30.02,0.2,0,0,0,38.3,43.9,49.6,0.52,0.52,0.52
WHIT,2019-11-08 10:40:00 EST,43.48507,-73.42307,120,32.3,30.9,26.8,57.8,19.1,0.000,0.000,0.00,0.000,5.0,11.9,2.7,302,30,5.7,12.4,2.6,306,30,5.7,12.4,2.6,306,30,453,30.02,0.1,0,0,0,38.4,43.9,49.6,0.52,0.52,0.52
WHIT,2019-11-08 10:45:00 EST,43.48507,-73.42307,120,31.8,30.6,24.6,53.7,16.9,0.000,0.000,0.00,0.000,7.4,13.1,2.6,331,25,8.0,15.6,2.8,341,22,8.0,15.6,2.8,341,22,477,30.02,0.2,0,0,0,38.7,43.9,49.6,0.52,0.52,0.51
WHIT,2019-11-08 10:50:00 EST,43.48507,-73.42307,120,31.5,30.4,23.6,52.2,16.0,0.000,0.000,0.00,0.000,8.4,15.5,2.8,328,30,9.2,17.1,3.1,336,24,9.2,17.1,3.1,336,24,452,30.01,0.2,0,0,0,38.9,43.9,49.6,0.51,0.52,0.51
WHIT,2019-11-08 10:55:00 EST,43.48507,-73.42307,120,31.8,30.7,24.1,54.9,17.4,0.000,0.000,0.00,0.000,8.0,13.7,1.9,305,25,8.9,15.0,2.0,314,28,8.9,15.0,2.0,314,28,429,30.02,0.1,0,0,0,39.2,43.9,49.6,0.51,0.52,0.52
WHIT,2019-11-08 11:00:00 EST,43.48507,-73.42307,120,31.3,30.2,22.1,52.0,15.7,0.000,0.000,0.00,0.000,11.1,22.3,3.4,303,16,11.5,24.9,3.5,309,14,11.5,24.9,3.5,309,14,371,30.02,0.2,0,0,0,39.3,43.9,49.6,0.52,0.52,0.51
WHIT,2019-11-08 11:05:00 EST,43.48507,-73.42307,120,31.2,30.2,21.6,52.4,15.8,0.000,0.000,0.00,0.000,11.7,22.1,4.1,305,19,12.5,22.7,4.1,311,18,12.5,22.7,4.1,311,18,337,30.02,0.1,0,0,0,39.5,43.9,49.6,0.52,0.52,0.52
WHIT,2019-11-08 11:10:00 EST,43.48507,-73.42307,120,31.6,30.6,23.2,53.1,16.5,0.000,0.000,0.00,0.000,9.5,18.0,3.2,296,16,10.2,18.5,3.3,301,17,10.2,18.5,3.3,301,17,497,30.01,0.2,0,0,0,39.6,43.9,49.6,0.52,0.52,0.52
WHIT,2019-11-08 11:15:00 EST,43.48507,-73.42307,120,32.2,31.0,24.4,51.9,16.5,0.000,0.000,0.00,0.000,8.8,15.5,2.6,311,20,9.2,15.7,2.5,316,18,9.2,15.7,2.5,316,18,507,30.01,0.1,0,0,0,39.8,43.9,49.6,0.52,0.52,0.52
WHIT,2019-11-08 11:20:00 EST,43.48507,-73.42307,120,31.9,30.7,24.7,51.6,16.0,0.000,0.000,0.00,0.000,7.4,14.5,2.5,298,20,7.9,15.4,2.7,304,20,7.9,15.4,2.7,304,20,404,30.01,0.1,0,0,0,40.0,43.9,49.6,0.52,0.52,0.51
WHIT,2019-11-08 11:25:00 EST,43.48507,-73.42307,120,32.1,30.9,23.2,50.6,15.9,0.000,0.000,0.00,0.000,10.6,18.5,2.7,299,23,11.4,18.3,3.0,306,23,11.4,18.3,3.0,306,23,503,30.01,0.2,0,0,0,40.1,43.9,49.6,0.52,0.52,0.52
WHIT,2019-11-08 11:30:00 EST,43.48507,-73.42307,120,32.2,31.0,23.5,51.0,16.1,0.000,0.000,0.00,0.000,10.4,20.5,3.5,297,19,11.0,22.5,3.6,302,18,11.0,22.5,3.6,302,18,503,30.01,0.1,0,0,0,40.3,43.9,49.6,0.52,0.53,0.52
WHIT,2019-11-08 11:35:00 EST,43.48507,-73.42307,120,32.3,31.2,24.7,50.0,15.7,0.000,0.000,0.00,0.000,8.6,15.3,2.9,306,24,9.0,17.0,2.7,314,22,9.0,17.0,2.7,314,22,497,30.01,0.2,0,0,0,40.5,43.9,49.6,0.52,0.52,0.51
WHIT,2019-11-08 11:40:00 EST,43.48507,-73.42307,120,32.7,31.4,24.6,49.8,16.0,0.000,0.000,0.00,0.000,9.5,16.9,2.9,308,18,10.0,20.7,2.9,315,17,10.0,20.7,2.9,315,17,498,30.01,0.1,0,0,0,40.7,43.9,49.6,0.52,0.52,0.51
WHIT,2019-11-08 11:45:00 EST,43.48507,-73.42307,120,32.4,31.2,23.5,48.7,15.3,0.000,0.000,0.00,0.000,11.1,19.0,3.1,293,17,11.6,21.7,3.1,298,16,11.6,21.7,3.1,298,16,497,30.01,0.1,0,0,0,40.9,43.9,49.6,0.52,0.52,0.52
WHIT,2019-11-08 11:50:00 EST,43.48507,-73.42307,120,32.4,31.3,23.3,47.1,14.5,0.000,0.000,0.00,0.000,11.4,22.3,3.8,290,13,12.0,23.1,4.0,297,12,12.0,23.1,4.0,297,12,497,30.01,0.0,0,0,0,41.1,43.8,49.6,0.52,0.52,0.51
WHIT,2019-11-08 11:55:00 EST,43.48507,-73.42307,120,32.4,31.3,24.2,47.0,14.4,0.000,0.000,0.00,0.000,10.2,17.0,3.1,310,15,10.1,16.4,3.1,316,14,10.1,16.4,3.1,316,14,497,30.01,0.2,0,0,0,41.2,43.8,49.6,0.51,0.52,0.51
WHIT,2019-11-08 12:00:00 EST,43.48507,-73.42307,120,32.6,31.2,23.4,47.1,14.6,0.000,0.000,0.00,0.000,11.6,20.9,4.1,294,18,12.3,22.3,4.1,299,16,12.3,22.3,4.1,299,16,495,30.01,0.1,0,0,0,41.4,43.7,49.6,0.51,0.52,0.52
WHIT,2019-11-08 12:05:00 EST,43.48507,-73.42307,120,32.8,31.4,24.4,46.0,14.2,0.000,0.000,0.00,0.000,9.8,18.3,2.9,297,23,10.6,19.2,3.0,304,24,10.6,19.2,3.0,304,24,494,30.00,0.2,0,0,0,41.6,43.7,49.6,0.52,0.52,0.52
WHIT,2019-11-08 12:10:00 EST,43.48507,-73.42307,120,32.8,31.4,23.4,44.8,13.6,0.000,0.000,0.00,0.000,12.3,21.9,4.1,291,14,12.7,21.2,4.3,297,13,12.7,21.2,4.3,297,13,493,30.00,0.1,0,0,0,41.7,43.7,49.6,0.51,0.52,0.51
WHIT,2019-11-08 12:15:00 EST,43.48507,-73.42307,120,32.8,31.7,24.1,45.9,14.3,0.000,0.000,0.00,0.000,10.7,19.0,3.2,293,17,11.3,20.0,3.4,296,15,11.3,20.0,3.4,296,15,493,30.00,-0.0,0,0,0,41.9,43.7,49.6,0.52,0.52,0.52
WHIT,2019-11-08 12:20:00 EST,43.48507,-73.42307,120,32.9,31.7,24.4,44.6,13.7,0.000,0.000,0.00,0.000,10.6,16.9,2.4,300,18,11.1,17.8,2.7,305,16,11.1,17.8,2.7,305,16,494,30.00,0.1,0,0,0,42.0,43.7,49.6,0.52,0.52,0.51
WHIT,2019-11-08 12:25:00 EST,43.48507,-73.42307,120,33.1,31.9,25.3,45.0,14.1,0.000,0.000,0.00,0.000,8.9,16.7,2.6,303,26,9.6,18.1,2.8,309,27,9.6,18.1,2.8,309,27,493,30.00,0.0,0,0,0,42.2,43.7,49.6,0.52,0.52,0.51
WHIT,2019-11-08 12:30:00 EST,43.48507,-73.42307,120,33.1,31.9,24.9,43.7,13.4,0.000,0.000,0.00,0.000,9.8,16.4,2.7,300,21,10.4,16.8,2.7,307,21,10.4,16.8,2.7,307,21,493,30.00,0.0,0,0,0,42.3,43.7,49.6,0.52,0.52,0.51
WHIT,2019-11-08 12:35:00 EST,43.48507,-73.42307,120,33.0,31.7,24.8,45.1,14.0,0.000,0.000,0.00,0.000,9.9,16.5,2.4,304,23,10.5,17.4,2.5,310,23,10.5,17.4,2.5,310,23,436,30.00,-0.0,0,0,0,42.4,43.7,49.6,0.51,0.52,0.52
WHIT,2019-11-08 12:40:00 EST,43.48507,-73.42307,120,32.8,31.6,24.9,44.3,13.4,0.000,0.000,0.00,0.000,9.4,15.2,2.5,301,21,9.7,17.2,2.7,308,20,9.7,17.2,2.7,308,20,444,30.00,-0.0,0,0,0,42.5,43.7,49.6,0.51,0.52,0.52
WHIT,2019-11-08 12:45:00 EST,43.48507,-73.42307,120,32.1,31.2,23.4,45.1,13.2,0.000,0.000,0.00,0.000,10.4,16.4,2.0,307,15,11.0,15.3,2.1,313,15,11.0,15.3,2.1,313,15,310,30.00,0.1,0,0,0,42.6,43.7,49.6,0.51,0.52,0.52
WHIT,2019-11-08 12:50:00 EST,43.48507,-73.42307,120,32.2,31.3,22.8,44.6,13.0,0.000,0.000,0.00,0.000,11.8,17.0,2.5,285,21,12.5,18.6,3.0,290,20,12.5,18.6,3.0,290,20,327,30.00,0.0,0,0,0,42.7,43.7,49.6,0.51,0.52,0.52
WHIT,2019-11-08 12:55:00 EST,43.48507,-73.42307,120,31.7,31.0,22.7,44.9,12.7,0.000,0.000,0.00,0.000,10.9,21.0,3.7,298,19,11.3,20.1,3.6,304,18,11.3,20.1,3.6,304,18,127,30.00,-0.0,0,0,0,42.8,43.7,49.6,0.51,0.52,0.52
WHIT,2019-11-08 13:00:00 EST,43.48507,-73.42307,120,31.7,31.0,23.0,45.1,12.9,0.000,0.000,0.00,0.000,10.4,17.9,3.0,298,17,10.8,19.2,2.8,303,16,10.8,19.2,2.8,303,16,416,30.00,0.2,0,0,0,42.8,43.7,49.6,0.51,0.52,0.52
WHIT,2019-11-08 13:05:00 EST,43.48507,-73.42307,120,32.5,31.4,23.5,44.3,13.2,0.000,0.000,0.00,0.000,11.4,16.6,2.6,304,17,11.9,16.9,2.6,310,17,11.9,16.9,2.6,310,17,482,30.00,-0.0,0,0,0,42.8,43.7,49.6,0.51,0.52,0.52
WHIT,2019-11-08 13:10:00 EST,43.48507,-73.42307,120,33.2,31.8,25.8,44.7,13.9,0.000,0.000,0.00,0.000,8.2,17.0,2.4,315,22,8.8,18.5,2.7,321,21,8.8,18.5,2.7,321,21,431,30.00,-0.0,0,0,0,42.8,43.7,49.6,0.51,0.52,0.52
WHIT,2019-11-08 13:15:00 EST,43.48507,-73.42307,120,33.0,31.8,25.4,45.4,14.1,0.000,0.000,0.00,0.000,8.3,15.3,3.3,317,23,9.2,17.3,3.2,324,25,9.2,17.3,3.2,324,25,392,30.00,0.2,0,0,0,42.8,43.7,49.6,0.51,0.52,0.52
WHIT,2019-11-08 13:20:00 EST,43.48507,-73.42307,120,33.4,32.1,25.2,44.5,14.1,0.000,0.000,0.00,0.000,10.2,18.6,3.2,299,18,10.6,19.5,3.2,305,18,10.6,19.5,3.2,305,18,399,30.01,-0.1,0,0,0,42.8,43.7,49.6,0.51,0.52,0.51
WHIT,2019-11-08 13:25:00 EST,43.48507,-73.42307,120,32.2,31.2,23.4,44.0,12.7,0.000,0.000,0.00,0.000,10.8,16.1,2.6,303,16,11.0,17.7,2.6,308,16,11.0,17.7,2.6,308,16,234,30.01,-0.1,0,0,0,42.8,43.7,49.6,0.51,0.52,0.51
WHIT,2019-11-08 13:30:00 EST,43.48507,-73.42307,120,31.8,31.1,23.8,45.5,13.1,0.000,0.000,0.00,0.000,8.8,14.9,2.9,307,26,9.4,17.0,3.1,312,25,9.4,17.0,3.1,312,25,208,30.01,0.1,0,0,0,42.9,43.7,49.6,0.51,0.52,0.52
WHIT,2019-11-08 13:35:00 EST,43.48507,-73.42307,120,31.9,31.2,22.4,46.7,13.8,0.000,0.000,0.00,0.000,11.8,20.3,3.3,313,26,12.6,22.4,3.7,322,26,12.6,22.4,3.7,322,26,263,30.01,0.0,0,0,0,43.0,43.7,49.6,0.51,0.52,0.52
WHIT,2019-11-08 13:40:00 EST,43.48507,-73.42307,120,32.0,31.1,24.4,46.4,13.8,0.000,0.000,0.00,0.000,8.4,14.5,2.8,323,15,8.8,16.1,2.8,330,12,8.8,16.1,2.8,330,12,285,30.01,0.1,0,0,0,42.9,43.7,49.6,0.51,0.52,0.52
WHIT,2019-11-08 13:45:00 EST,43.48507,-73.42307,120,32.6,31.5,26.8,45.3,13.8,0.000,0.000,0.00,0.000,5.9,12.2,2.2,319,16,6.2,12.1,2.3,326,16,6.2,12.1,2.3,326,16,274,30.01,-0.0,0,0,0,42.8,43.7,49.6,0.51,0.52,0.52
WHIT,2019-11-08 13:50:00 EST,43.48507,-73.42307,120,32.5,31.5,25.6,45.2,13.6,0.000,0.000,0.00,0.000,7.4,12.2,2.9,312,16,7.7,14.3,2.9,319,16,7.7,14.3,2.9,319,16,345,30.01,0.1,0,0,0,42.8,43.7,49.6,0.51,0.52,0.52
WHIT,2019-11-08 13:55:00 EST,43.48507,-73.42307,120,32.7,31.8,25.1,43.9,13.1,0.000,0.000,0.00,0.000,8.4,12.3,2.0,299,18,8.9,14.7,2.0,304,18,8.9,14.7,2.0,304,18,361,30.01,0.1,0,0,0,42.8,43.7,49.6,0.51,0.52,0.52
WHIT,2019-11-08 14:00:00 EST,43.48507,-73.42307,120,32.6,31.7,23.8,43.6,12.9,0.000,0.000,0.00,0.000,10.8,16.4,2.3,305,17,11.4,17.4,2.5,313,19,11.4,17.4,2.5,313,19,329,30.01,0.0,0,0,0,42.8,43.7,49.6,0.51,0.52,0.51
WHIT,2019-11-08 14:05:00 EST,43.48507,-73.42307,120,32.6,31.8,25.2,43.6,12.9,0.000,0.000,0.00,0.000,8.1,12.6,2.0,299,16,8.7,14.1,2.2,305,15,8.7,14.1,2.2,305,15,344,30.01,0.0,0,0,0,42.8,43.7,49.5,0.51,0.52,0.52
WHIT,2019-11-08 14:10:00 EST,43.48507,-73.42307,120,32.9,31.8,25.5,44.5,13.6,0.000,0.000,0.00,0.000,8.3,17.0,3.6,323,19,8.7,18.6,3.9,331,15,8.7,18.6,3.9,331,15,340,30.01,0.0,0,0,0,42.8,43.7,49.5,0.51,0.52,0.52
WHIT,2019-11-08 14:15:00 EST,43.48507,-73.42307,120,33.0,32.0,24.3,42.7,12.8,0.000,0.000,0.00,0.000,11.0,21.0,3.4,290,15,11.5,20.8,3.6,298,14,11.5,20.8,3.6,298,14,333,30.01,0.0,0,0,0,42.8,43.7,49.5,0.51,0.52,0.52
WHIT,2019-11-08 14:20:00 EST,43.48507,-73.42307,120,32.8,31.9,24.2,42.4,12.4,0.000,0.000,0.00,0.000,10.5,17.4,2.9,299,17,11.1,17.3,3.0,306,18,11.1,17.3,3.0,306,18,317,30.01,0.0,0,0,0,42.8,43.7,49.5,0.51,0.52,0.52
WHIT,2019-11-08 14:25:00 EST,43.48507,-73.42307,120,32.6,31.7,23.7,41.8,11.9,0.000,0.000,0.00,0.000,11.5,19.4,2.8,304,20,11.7,20.8,2.8,309,19,11.7,20.8,2.8,309,19,314,30.01,-0.0,0,0,0,42.8,43.7,49.5,0.51,0.52,0.51
WHIT,2019-11-08 14:30:00 EST,43.48507,-73.42307,120,32.6,31.7,23.6,42.7,12.4,0.000,0.000,0.00,0.000,11.2,17.4,3.1,298,23,11.9,20.5,3.3,306,23,11.9,20.5,3.3,306,23,306,30.01,-0.0,0,0,0,42.8,43.7,49.5,0.51,0.52,0.52
WHIT,2019-11-08 14:35:00 EST,43.48507,-73.42307,120,32.8,31.9,24.9,44.4,13.5,0.000,0.000,0.00,0.000,9.1,15.8,3.3,288,24,9.8,17.2,3.5,294,22,9.8,17.2,3.5,294,22,295,30.02,-0.0,0,0,0,42.6,43.7,49.5,0.51,0.52,0.51
WHIT,2019-11-08 14:40:00 EST,43.48507,-73.42307,120,32.4,31.7,23.5,43.2,12.5,0.000,0.000,0.00,0.000,11.0,18.3,3.4,294,17,11.6,20.2,3.5,299,15,11.6,20.2,3.5,299,15,278,30.02,0.0,0,0,0,42.6,43.7,49.5,0.51,0.52,0.51
WHIT,2019-11-08 14:45:00 EST,43.48507,-73.42307,120,32.5,31.8,24.3,44.6,13.3,0.000,0.000,0.00,0.000,9.8,15.6,2.9,309,20,10.2,17.9,3.1,316,20,10.2,17.9,3.1,316,20,262,30.02,0.0,0,0,0,42.6,43.7,49.5,0.51,0.52,0.51
WHIT,2019-11-08 14:50:00 EST,43.48507,-73.42307,120,32.0,31.4,23.1,44.3,12.7,0.000,0.000,0.00,0.000,11.0,17.3,3.5,301,19,11.4,19.8,3.4,307,21,11.4,19.8,3.4,307,21,157,30.02,-0.0,0,0,0,42.6,43.7,49.5,0.51,0.52,0.52
WHIT,2019-11-08 14:55:00 EST,43.48507,-73.42307,120,32.2,31.5,24.8,44.6,13.0,0.000,0.000,0.00,0.000,8.2,12.9,2.0,306,18,8.4,15.4,2.1,312,18,8.4,15.4,2.1,312,18,195,30.03,-0.0,0,0,0,42.4,43.7,49.5,0.51,0.52,0.52
WHIT,2019-11-08 15:00:00 EST,43.48507,-73.42307,120,31.5,31.1,23.8,44.8,12.4,0.000,0.000,0.00,0.000,8.4,13.9,2.2,305,16,8.8,13.6,2.2,311,16,8.8,13.6,2.2,311,16,94,30.03,0.0,0,0,0,42.4,43.7,49.5,0.51,0.52,0.52
WHIT,2019-11-08 15:05:00 EST,43.48507,-73.42307,120,31.6,31.1,24.9,44.9,12.6,0.000,0.000,0.00,0.000,6.5,13.7,2.6,325,22,7.2,15.7,2.9,334,21,7.2,15.7,2.9,334,21,144,30.03,0.0,0,0,0,42.4,43.7,49.5,0.51,0.52,0.52
WHIT,2019-11-08 15:10:00 EST,43.48507,-73.42307,120,31.2,30.9,24.0,44.4,12.0,0.000,0.000,0.00,0.000,7.3,13.1,2.4,318,19,7.8,14.5,2.3,326,19,7.8,14.5,2.3,326,19,78,30.03,0.0,0,0,0,42.3,43.7,49.5,0.51,0.52,0.52
WHIT,2019-11-08 15:15:00 EST,43.48507,-73.42307,120,31.0,30.7,24.0,46.4,12.9,0.000,0.000,0.00,0.000,7.2,13.6,2.0,325,16,7.6,16.7,2.5,333,17,7.6,16.7,2.5,333,17,133,30.03,0.0,0,0,0,42.3,43.7,49.5,0.51,0.52,0.52
WHIT,2019-11-08 15:20:00 EST,43.48507,-73.42307,120,31.0,30.7,23.1,46.1,12.7,0.000,0.000,0.00,0.000,8.4,15.1,2.6,323,16,8.8,16.4,2.8,332,17,8.8,16.4,2.8,332,17,69,30.03,-0.0,0,0,0,42.1,43.7,49.5,0.51,0.52,0.52
WHIT,2019-11-08 15:25:00 EST,43.48507,-73.42307,120,31.1,30.7,25.0,46.2,12.8,0.000,0.000,0.00,0.000,5.6,12.2,2.4,323,22,6.1,13.1,2.5,332,21,6.1,13.1,2.5,332,21,114,30.04,-0.0,0,0,0,42.1,43.7,49.5,0.51,0.52,0.52
WHIT,2019-11-08 15:30:00 EST,43.48507,-73.42307,120,30.6,30.5,24.5,47.0,12.8,0.000,0.000,0.00,0.000,5.8,10.4,1.9,317,16,6.2,11.2,1.9,325,16,6.2,11.2,1.9,325,16,50,30.04,-0.0,0,0,0,41.9,43.7,49.5,0.51,0.52,0.52
WHIT,2019-11-08 15:35:00 EST,43.48507,-73.42307,120,30.6,30.4,24.1,47.7,13.0,0.000,0.000,0.00,0.000,5.9,12.8,2.2,334,22,6.5,15.5,2.4,341,20,6.5,15.5,2.4,341,20,80,30.04,0.0,0,0,0,41.9,43.7,49.5,0.51,0.52,0.51
WHIT,2019-11-08 15:40:00 EST,43.48507,-73.42307,120,31.1,30.7,25.9,47.3,13.3,0.000,0.000,0.00,0.000,4.6,8.5,1.4,327,25,5.1,11.4,1.7,336,21,5.1,11.4,1.7,336,21,119,30.04,0.0,0,0,0,41.7,43.7,49.5,0.51,0.52,0.52
WHIT,2019-11-08 15:45:00 EST,43.48507,-73.42307,120,31.0,30.7,26.2,47.3,13.2,0.000,0.000,0.00,0.000,4.2,7.0,1.2,316,21,4.6,8.7,1.4,325,21,4.6,8.7,1.4,325,21,73,30.04,0.0,0,0,0,41.7,43.7,49.5,0.51,0.52,0.51
WHIT,2019-11-08 15:50:00 EST,43.48507,-73.42307,120,30.8,30.5,25.1,48.2,13.5,0.000,0.000,0.00,0.000,5.0,8.7,1.7,332,21,5.6,10.2,1.9,340,18,5.6,10.2,1.9,340,18,77,30.04,-0.0,0,0,0,41.5,43.7,49.5,0.51,0.52,0.52
WHIT,2019-11-08 15:55:00 EST,43.48507,-73.42307,120,30.8,30.6,24.2,48.6,13.7,0.000,0.000,0.00,0.000,6.8,14.4,2.7,297,16,6.9,15.1,2.7,302,15,6.9,15.1,2.7,302,15,79,30.04,0.0,0,0,0,41.5,43.7,49.5,0.51,0.52,0.52
WHIT,2019-11-08 16:00:00 EST,43.48507,-73.42307,120,30.7,30.4,22.9,48.6,13.6,0.000,0.000,0.00,0.000,8.1,14.4,2.6,299,19,8.6,15.6,2.8,302,17,8.6,15.6,2.8,302,17,59,30.05,-0.0,0,0,0,41.4,43.7,49.5,0.51,0.52,0.52
WHIT,2019-11-08 16:05:00 EST,43.48507,-73.42307,120,30.2,30.0,21.7,49.3,13.5,0.000,0.000,0.00,0.000,9.0,16.4,2.8,287,20,9.7,16.9,2.9,294,17,9.7,16.9,2.9,294,17,30,30.05,-0.0,0,0,0,41.4,43.7,49.5,0.51,0.52,0.52
WHIT,2019-11-08 16:10:00 EST,43.48507,-73.42307,120,29.9,29.8,22.5,50.9,13.9,0.000,0.000,0.00,0.000,7.2,12.9,2.8,299,15,7.7,14.3,2.7,304,13,7.7,14.3,2.7,304,13,24,30.05,0.0,0,0,0,41.2,43.7,49.5,0.51,0.52,0.52
WHIT,2019-11-08 16:15:00 EST,43.48507,-73.42307,120,29.7,29.6,22.2,51.8,14.1,0.000,0.000,0.00,0.000,7.6,13.0,2.3,308,15,7.8,13.1,2.3,315,14,7.8,13.1,2.3,315,14,21,30.05,-0.0,0,0,0,41.2,43.7,49.5,0.50,0.52,0.52
WHIT,2019-11-08 16:20:00 EST,43.48507,-73.42307,120,29.6,29.5,21.2,52.1,14.2,0.000,0.000,0.00,0.000,8.7,14.8,2.5,298,17,9.2,15.8,2.6,305,17,9.2,15.8,2.6,305,17,18,30.05,-0.0,0,0,0,41.0,43.8,49.5,0.50,0.52,0.52
WHIT,2019-11-08 16:25:00 EST,43.48507,-73.42307,120,29.4,29.4,21.5,53.3,14.5,0.000,0.000,0.00,0.000,7.8,14.0,2.3,290,20,8.3,15.3,2.5,294,18,8.3,15.3,2.5,294,18,14,30.06,-0.0,0,0,0,41.0,43.8,49.5,0.50,0.52,0.52
WHIT,2019-11-08 16:30:00 EST,43.48507,-73.42307,120,29.2,29.2,22.0,53.6,14.5,0.000,0.000,0.00,0.000,6.8,13.2,2.6,309,17,7.2,16.0,2.7,315,18,7.2,16.0,2.7,315,18,10,30.06,0.1,0,0,0,40.8,43.9,49.5,0.50,0.52,0.52
WHIT,2019-11-08 16:35:00 EST,43.48507,-73.42307,120,29.1,29.1,23.1,53.5,14.3,0.000,0.000,0.00,0.000,5.4,8.5,1.2,314,15,5.6,8.8,1.2,321,15,5.6,8.8,1.2,321,15,7,30.06,0.1,0,0,0,40.8,43.8,49.5,0.50,0.52,0.52
WHIT,2019-11-08 16:40:00 EST,43.48507,-73.42307,120,28.7,28.9,25.3,55.4,14.8,0.000,0.000,0.00,0.000,3.1,5.3,1.0,318,18,3.3,6.4,1.2,325,16,3.3,6.4,1.2,325,16,5,30.07,0.0,0,0,0,40.6,43.9,49.5,0.50,0.52,0.52
WHIT,2019-11-08 16:45:00 EST,43.48507,-73.42307,120,28.7,28.9,23.7,55.8,14.9,0.000,0.000,0.00,0.000,4.2,8.0,1.2,316,20,4.5,9.3,1.3,325,18,4.5,9.3,1.3,325,18,3,30.07,0.0,0,0,0,40.6,43.9,49.5,0.50,0.52,0.52
WHIT,2019-11-08 16:50:00 EST,43.48507,-73.42307,120,28.7,28.9,23.7,55.5,14.8,0.000,0.000,0.00,0.000,4.0,7.7,1.4,316,22,4.5,7.8,1.5,324,21,4.5,7.8,1.5,324,21,2,30.07,-0.1,0,0,0,40.5,43.9,49.5,0.50,0.52,0.52
WHIT,2019-11-08 16:55:00 EST,43.48507,-73.42307,120,28.5,28.8,23.6,55.2,14.5,0.000,0.000,0.00,0.000,4.3,7.2,1.0,323,17,4.5,8.0,1.2,331,17,4.5,8.0,1.2,331,17,1,30.07,0.1,0,0,0,40.4,43.9,49.5,0.50,0.52,0.52
WHIT,2019-11-08 17:00:00 EST,43.48507,-73.42307,120,28.7,28.8,22.7,53.9,14.1,0.000,0.000,0.00,0.000,5.1,11.6,2.4,324,23,5.5,15.0,2.7,332,22,5.5,15.0,2.7,332,22,0,30.07,-0.1,0,0,0,40.3,43.9,49.5,0.50,0.52,0.52
WHIT,2019-11-08 17:05:00 EST,43.48507,-73.42307,120,28.5,28.6,28.5,54.4,14.1,0.000,0.000,0.00,0.000,2.6,5.5,1.0,309,17,2.8,6.1,1.1,314,17,2.8,6.1,1.1,314,17,0,30.07,-0.0,0,0,0,40.2,43.9,49.5,0.50,0.52,0.51
WHIT,2019-11-08 17:10:00 EST,43.48507,-73.42307,120,28.6,28.7,23.3,53.5,13.9,0.000,0.000,0.00,0.000,4.8,9.3,1.9,295,14,4.9,9.4,2.1,303,14,4.9,9.4,2.1,303,14,0,30.07,-0.0,0,0,0,40.1,43.9,49.5,0.50,0.52,0.52
WHIT,2019-11-08 17:15:00 EST,43.48507,-73.42307,120,28.4,28.6,23.8,54.2,14.0,0.000,0.000,0.00,0.000,3.9,6.3,1.2,290,18,4.1,7.1,1.3,296,17,4.1,7.1,1.3,296,17,0,30.07,-0.0,0,0,0,40.1,43.9,49.5,0.50,0.52,0.51
WHIT,2019-11-08 17:20:00 EST,43.48507,-73.42307,120,28.3,28.5,22.2,54.7,14.0,0.000,0.000,0.00,0.000,5.0,10.4,2.3,308,24,5.5,11.3,2.3,316,23,5.5,11.3,2.3,316,23,0,30.07,0.1,0,0,0,39.9,43.9,49.5,0.50,0.52,0.52
WHIT,2019-11-08 17:25:00 EST,43.48507,-73.42307,120,28.2,28.4,22.8,55.2,14.2,0.000,0.000,0.00,0.000,4.5,9.4,1.9,313,26,4.8,9.7,2.0,319,25,4.8,9.7,2.0,319,25,0,30.08,0.0,0,0,0,39.9,43.9,49.5,0.50,0.52,0.52
WHIT,2019-11-08 17:30:00 EST,43.48507,-73.42307,120,28.3,28.4,23.4,54.3,13.9,0.000,0.000,0.00,0.000,4.1,7.7,1.4,317,23,4.3,9.2,1.6,325,22,4.3,9.2,1.6,325,22,0,30.08,0.0,0,0,0,39.7,43.9,49.5,0.50,0.52,0.52
WHIT,2019-11-08 17:35:00 EST,43.48507,-73.42307,120,28.0,28.3,28.0,54.9,13.9,0.000,0.000,0.00,0.000,2.1,5.3,1.2,333,28,2.4,6.3,1.2,339,27,2.4,6.3,1.2,339,27,0,30.08,-0.0,0,0,0,39.7,43.9,49.5,0.50,0.52,0.52
WHIT,2019-11-08 17:40:00 EST,43.48507,-73.42307,120,27.9,28.3,27.9,54.6,13.7,0.000,0.000,0.00,0.000,2.3,5.0,1.0,314,28,2.7,5.1,1.0,324,30,2.7,5.1,1.0,324,30,0,30.08,0.1,0,0,0,39.6,43.9,49.5,0.50,0.52,0.52
WHIT,2019-11-08 17:45:00 EST,43.48507,-73.42307,120,27.8,28.2,27.8,55.3,13.9,0.000,0.000,0.00,0.000,2.5,4.9,0.9,325,37,2.9,5.3,1.0,330,35,2.9,5.3,1.0,330,35,0,30.09,0.1,0,0,0,39.6,43.9,49.5,0.50,0.52,0.52
WHIT,2019-11-08 17:50:00 EST,43.48507,-73.42307,120,27.5,27.9,27.5,55.4,13.6,0.000,0.000,0.00,0.000,1.1,4.0,0.8,35,51,1.6,5.2,1.0,47,52,1.6,5.2,1.0,47,52,0,30.09,0.0,0,0,0,39.5,43.9,49.5,0.50,0.52,0.52
WHIT,2019-11-08 17:55:00 EST,43.48507,-73.42307,120,26.8,27.9,26.8,57.4,13.7,0.000,0.000,0.00,0.000,0.7,2.3,0.7,95,17,1.2,2.9,0.8,98,32,1.2,2.9,0.8,98,32,0,30.09,-0.0,0,0,0,39.4,43.9,49.5,0.50,0.52,0.52
WHIT,2019-11-08 18:00:00 EST,43.48507,-73.42307,120,26.7,27.7,26.7,58.8,14.2,0.000,0.000,0.00,0.000,1.0,3.5,0.9,300,41,1.5,4.5,1.0,310,45,1.5,4.5,1.0,310,45,0,30.10,0.2,0,0,0,39.4,43.9,49.5,0.50,0.52,0.52
WHIT,2019-11-08 18:05:00 EST,43.48507,-73.42307,120,27.0,28.0,27.0,58.1,14.2,0.000,0.000,0.00,0.000,1.1,3.1,0.8,89,39,1.6,3.6,0.9,89,38,1.6,3.6,0.9,89,38,0,30.10,-0.0,0,0,0,39.2,43.9,49.5,0.50,0.52,0.51
WHIT,2019-11-08 18:10:00 EST,43.48507,-73.42307,120,26.6,27.8,26.6,58.8,14.1,0.000,0.000,0.00,0.000,1.7,5.5,1.5,29,14,2.0,5.5,1.5,33,15,2.0,5.5,1.5,33,15,0,30.10,0.1,0,0,0,39.2,43.9,49.5,0.50,0.52,0.52
WHIT,2019-11-08 18:15:00 EST,43.48507,-73.42307,120,26.9,27.8,22.5,58.5,14.3,0.000,0.000,0.00,0.000,3.2,10.4,2.9,335,27,3.7,12.9,3.0,343,32,3.7,12.9,3.0,343,32,0,30.11,0.0,0,0,0,39.2,43.9,49.5,0.50,0.52,0.52
WHIT,2019-11-08 18:20:00 EST,43.48507,-73.42307,120,27.0,27.7,27.0,58.9,14.5,0.000,0.000,0.00,0.000,2.4,4.5,0.8,314,22,2.6,5.4,1.0,321,22,2.6,5.4,1.0,321,22,0,30.11,0.1,0,0,0,39.2,43.9,49.5,0.50,0.52,0.52
WHIT,2019-11-08 18:25:00 EST,43.48507,-73.42307,120,27.1,27.7,27.1,59.1,14.7,0.000,0.000,0.00,0.000,1.8,4.1,1.2,348,27,2.2,5.8,1.4,353,26,2.2,5.8,1.4,353,26,0,30.11,-0.0,0,0,0,39.2,43.9,49.5,0.50,0.52,0.52
WHIT,2019-11-08 18:30:00 EST,43.48507,-73.42307,120,25.6,27.5,25.6,61.6,14.2,0.000,0.000,0.00,0.000,1.4,3.2,0.5,26,19,1.7,2.9,0.4,27,23,1.7,2.9,0.4,27,23,0,30.11,0.1,0,0,0,39.1,43.9,49.5,0.50,0.52,0.52
WHIT,2019-11-08 18:35:00 EST,43.48507,-73.42307,120,25.2,27.2,25.2,63.8,14.7,0.000,0.000,0.00,0.000,1.4,2.3,0.5,333,64,1.7,2.8,0.5,344,64,1.7,2.8,0.5,344,64,0,30.11,0.0,0,0,0,39.0,43.9,49.5,0.50,0.52,0.52
WHIT,2019-11-08 18:40:00 EST,43.48507,-73.42307,120,24.7,26.5,24.7,67.1,15.4,0.000,0.000,0.00,0.000,1.6,3.1,0.6,124,17,1.8,3.7,0.7,128,16,1.8,3.7,0.7,128,16,0,30.11,0.0,0,0,0,38.9,43.9,49.5,0.50,0.52,0.52
WHIT,2019-11-08 18:45:00 EST,43.48507,-73.42307,120,24.6,26.6,24.6,66.9,15.2,0.000,0.000,0.00,0.000,1.0,2.6,0.9,167,27,1.2,3.0,1.0,172,29,1.2,3.0,1.0,172,29,0,30.11,0.1,0,0,0,38.8,43.9,49.4,0.50,0.52,0.52
WHIT,2019-11-08 18:50:00 EST,43.48507,-73.42307,120,24.3,26.4,24.3,67.3,15.0,0.000,0.000,0.00,0.000,1.1,3.9,1.2,82,12,1.6,4.7,1.3,85,13,1.6,4.7,1.3,85,13,0,30.11,0.0,0,0,0,38.8,43.9,49.4,0.50,0.52,0.52
WHIT,2019-11-08 18:55:00 EST,43.48507,-73.42307,120,22.6,25.3,22.6,73.8,15.5,0.000,0.000,0.00,0.000,2.7,3.7,0.7,114,14,2.9,4.0,0.7,120,14,2.9,4.0,0.7,120,14,0,30.11,0.1,0,0,0,38.7,43.9,49.4,0.50,0.52,0.52
WHIT,2019-11-08 19:00:00 EST,43.48507,-73.42307,120,23.1,24.3,23.1,76.2,16.7,0.000,0.000,0.00,0.000,1.5,3.1,0.7,131,23,1.7,3.2,0.6,128,27,1.7,3.2,0.6,128,27,0,30.12,0.2,0,0,0,38.7,43.9,49.4,0.50,0.52,0.52
WHIT,2019-11-08 19:05:00 EST,43.48507,-73.42307,120,23.2,25.1,23.2,75.2,16.5,0.000,0.000,0.00,0.000,0.7,2.2,0.7,80,33,1.1,3.0,0.7,81,35,1.1,3.0,0.7,81,35,0,30.12,0.1,0,0,0,38.6,43.9,49.3,0.50,0.52,0.52
WHIT,2019-11-08 19:10:00 EST,43.48507,-73.42307,120,23.1,25.3,23.1,73.9,16.1,0.000,0.000,0.00,0.000,2.2,4.6,1.2,123,42,2.7,5.0,1.1,132,47,2.7,5.0,1.1,132,47,0,30.12,0.1,0,0,0,38.5,43.9,49.3,0.50,0.52,0.52
WHIT,2019-11-08 19:15:00 EST,43.48507,-73.42307,120,24.2,25.0,24.2,72.6,16.6,0.000,0.000,0.00,0.000,2.2,3.4,0.6,191,28,2.6,3.7,0.6,195,25,2.6,3.7,0.6,195,25,0,30.12,0.0,0,0,0,38.5,43.9,49.3,0.50,0.52,0.52
WHIT,2019-11-08 19:20:00 EST,43.48507,-73.42307,120,23.7,25.1,23.7,71.8,15.9,0.000,0.000,0.00,0.000,1.5,3.4,0.7,138,24,1.8,3.9,0.8,137,24,1.8,3.9,0.8,137,24,0,30.12,0.1,0,0,0,38.4,43.9,49.3,0.50,0.52,0.52
WHIT,2019-11-08 19:25:00 EST,43.48507,-73.42307,120,22.6,24.7,22.6,73.9,15.5,0.000,0.000,0.00,0.000,1.4,2.6,0.4,160,35,1.7,3.0,0.5,167,36,1.7,3.0,0.5,167,36,0,30.12,0.2,0,0,0,38.3,43.9,49.3,0.50,0.52,0.52
WHIT,2019-11-08 19:30:00 EST,43.48507,-73.42307,120,23.2,24.7,23.2,75.1,16.5,0.000,0.000,0.00,0.000,1.6,2.6,0.6,146,18,1.8,2.8,0.4,149,20,1.8,2.8,0.4,149,20,0,30.12,0.2,0,0,0,38.3,43.9,49.3,0.50,0.52,0.52
WHIT,2019-11-08 19:35:00 EST,43.48507,-73.42307,120,23.0,24.2,23.0,75.6,16.4,0.000,0.000,0.00,0.000,2.6,3.8,0.5,120,7,2.6,4.2,0.6,124,6,2.6,4.2,0.6,124,6,0,30.12,0.2,0,0,0,38.2,43.9,49.3,0.50,0.52,0.52
WHIT,2019-11-08 19:40:00 EST,43.48507,-73.42307,120,22.1,24.1,22.1,76.7,15.9,0.000,0.000,0.00,0.000,1.4,2.9,0.9,132,12,1.7,3.1,0.8,136,11,1.7,3.1,0.8,136,11,0,30.12,0.1,0,0,0,38.1,43.9,49.3,0.50,0.52,0.52
WHIT,2019-11-08 19:45:00 EST,43.48507,-73.42307,120,22.0,23.5,22.0,78.4,16.3,0.000,0.000,0.00,0.000,2.0,3.9,0.9,140,17,2.2,4.9,1.0,143,19,2.2,4.9,1.0,143,19,0,30.12,0.2,0,0,0,38.1,43.9,49.3,0.50,0.52,0.52
WHIT,2019-11-08 19:50:00 EST,43.48507,-73.42307,120,21.8,23.2,21.8,79.7,16.5,0.000,0.000,0.00,0.000,2.4,3.7,1.0,120,12,2.6,4.3,0.9,123,10,2.6,4.3,0.9,123,10,0,30.13,0.1,0,0,0,37.9,43.9,49.3,0.50,0.52,0.52
WHIT,2019-11-08 19:55:00 EST,43.48507,-73.42307,120,22.3,24.9,17.8,79.6,17.0,0.000,0.000,0.00,0.000,3.0,7.2,1.9,108,20,3.4,9.9,2.0,112,20,3.4,9.9,2.0,112,20,0,30.13,0.3,0,0,0,37.9,43.9,49.3,0.50,0.52,0.52
WHIT,2019-11-08 20:00:00 EST,43.48507,-73.42307,120,23.2,24.5,23.2,73.2,15.9,0.000,0.000,0.00,0.000,1.7,2.8,0.4,130,19,1.8,3.1,0.5,135,19,1.8,3.1,0.5,135,19,0,30.13,0.1,0,0,0,37.9,43.9,49.3,0.50,0.52,0.52
WHIT,2019-11-08 20:05:00 EST,43.48507,-73.42307,120,21.4,23.4,16.1,78.3,15.7,0.000,0.000,0.00,0.000,3.6,5.2,0.9,128,14,3.8,5.2,0.8,132,12,3.8,5.2,0.8,132,12,0,30.13,0.2,0,0,0,37.8,43.9,49.3,0.50,0.52,0.52
WHIT,2019-11-08 20:10:00 EST,43.48507,-73.42307,120,21.2,23.9,15.4,81.5,16.5,0.000,0.000,0.00,0.000,4.1,4.9,0.4,116,6,4.2,5.1,0.5,120,6,4.2,5.1,0.5,120,6,0,30.13,0.2,0,0,0,37.8,43.9,49.3,0.50,0.52,0.52
WHIT,2019-11-08 20:15:00 EST,43.48507,-73.42307,120,20.5,22.8,20.5,82.3,16.0,0.000,0.000,0.00,0.000,2.1,3.4,0.7,114,12,2.4,3.8,0.7,119,12,2.4,3.8,0.7,119,12,0,30.13,0.3,0,0,0,37.7,43.9,49.3,0.50,0.52,0.52
WHIT,2019-11-08 20:20:00 EST,43.48507,-73.42307,120,20.9,23.4,20.9,84.1,16.8,0.000,0.000,0.00,0.000,2.6,4.3,0.8,105,8,2.8,4.9,0.9,111,9,2.8,4.9,0.9,111,9,0,30.14,0.2,0,0,0,37.6,43.9,49.3,0.50,0.52,0.52
WHIT,2019-11-08 20:25:00 EST,43.48507,-73.42307,120,20.5,23.6,20.5,82.4,16.0,0.000,0.000,0.00,0.000,2.2,4.5,1.7,105,8,2.3,4.9,1.8,111,11,2.3,4.9,1.8,111,11,0,30.14,0.3,0,0,0,37.6,43.9,49.3,0.50,0.52,0.52
WHIT,2019-11-08 20:30:00 EST,43.48507,-73.42307,120,21.1,22.5,21.1,84.1,17.0,0.000,0.000,0.00,0.000,0.8,1.7,0.6,161,38,1.2,2.3,0.6,168,50,1.2,2.3,0.6,168,50,0,30.14,0.4,0,0,0,37.5,43.9,49.3,0.50,0.52,0.52
WHIT,2019-11-08 20:35:00 EST,43.48507,-73.42307,120,21.5,22.6,21.5,85.1,17.7,0.000,0.000,0.00,0.000,0.6,1.5,0.5,341,37,0.9,2.0,0.6,348,41,0.9,2.0,0.6,348,41,0,30.14,0.2,0,0,0,37.4,43.9,49.3,0.49,0.52,0.51
WHIT,2019-11-08 20:40:00 EST,43.48507,-73.42307,120,21.2,23.2,21.2,85.1,17.4,0.000,0.000,0.00,0.000,0.7,2.2,0.7,153,14,0.8,2.2,0.7,156,13,0.8,2.2,0.7,156,13,0,30.14,0.2,0,0,0,37.4,43.8,49.3,0.49,0.52,0.52
WHIT,2019-11-08 20:45:00 EST,43.48507,-73.42307,120,21.4,22.9,21.4,86.1,17.9,0.000,0.000,0.00,0.000,1.5,2.8,1.0,218,15,1.7,3.2,0.9,218,19,1.7,3.2,0.9,218,19,0,30.14,0.1,0,0,0,37.4,43.7,49.3,0.50,0.52,0.52
WHIT,2019-11-08 20:50:00 EST,43.48507,-73.42307,120,20.9,23.1,20.9,84.8,17.1,0.000,0.000,0.00,0.000,2.3,3.4,0.6,126,10,2.4,3.5,0.5,129,7,2.4,3.5,0.5,129,7,0,30.14,0.2,0,0,0,37.3,43.7,49.3,0.50,0.52,0.52
WHIT,2019-11-08 20:55:00 EST,43.48507,-73.42307,120,20.8,22.5,20.8,82.7,16.4,0.000,0.000,0.00,0.000,2.1,3.7,0.6,209,42,2.1,4.1,0.7,216,46,2.1,4.1,0.7,216,46,0,30.14,0.3,0,0,0,37.2,43.7,49.3,0.50,0.52,0.52
WHIT,2019-11-08 21:00:00 EST,43.48507,-73.42307,120,20.3,22.1,20.3,85.0,16.5,0.000,0.000,0.00,0.000,0.6,2.0,0.6,46,35,1.0,2.3,0.7,51,37,1.0,2.3,0.7,51,37,0,30.14,0.2,0,0,0,37.2,43.7,49.3,0.49,0.52,0.52
WHIT,2019-11-08 21:05:00 EST,43.48507,-73.42307,120,20.1,22.6,15.6,84.0,16.1,0.000,0.000,0.00,0.000,2.9,4.7,1.1,101,22,3.1,4.8,1.1,104,22,3.1,4.8,1.1,104,22,0,30.14,0.2,0,0,0,37.2,43.7,49.3,0.48,0.52,0.52
WHIT,2019-11-08 21:10:00 EST,43.48507,-73.42307,120,19.6,21.6,19.6,85.8,16.1,0.000,0.000,0.00,0.000,2.4,4.2,1.0,341,63,2.7,4.6,0.9,350,60,2.7,4.6,0.9,350,60,0,30.14,0.4,0,0,0,37.2,43.7,49.3,0.48,0.52,0.52
WHIT,2019-11-08 21:15:00 EST,43.48507,-73.42307,120,20.9,23.1,16.4,86.6,17.5,0.000,0.000,0.00,0.000,2.6,4.7,0.8,70,35,3.2,6.8,1.0,73,33,3.2,6.8,1.0,73,33,0,30.14,0.3,0,0,0,37.2,43.7,49.3,0.48,0.52,0.52
WHIT,2019-11-08 21:20:00 EST,43.48507,-73.42307,120,20.8,23.0,20.8,78.2,15.1,0.000,0.000,0.00,0.000,0.2,2.6,0.5,154,33,0.6,2.4,0.7,241,49,0.6,2.4,0.7,241,49,0,30.14,0.2,0,0,0,37.1,43.7,49.3,0.48,0.52,0.51
WHIT,2019-11-08 21:25:00 EST,43.48507,-73.42307,120,20.5,22.3,16.0,81.1,15.7,0.000,0.000,0.00,0.000,2.9,4.4,0.7,105,17,3.2,4.9,0.8,110,16,3.2,4.9,0.8,110,16,0,30.14,0.3,0,0,0,37.0,43.7,49.3,0.48,0.52,0.52
WHIT,2019-11-08 21:30:00 EST,43.48507,-73.42307,120,20.5,22.9,15.0,82.2,16.0,0.000,0.000,0.00,0.000,3.7,4.6,0.6,99,9,3.9,5.1,0.7,103,9,3.9,5.1,0.7,103,9,0,30.14,0.2,0,0,0,37.0,43.7,49.3,0.48,0.52,0.52
WHIT,2019-11-08 21:35:00 EST,43.48507,-73.42307,120,19.6,21.4,19.6,83.0,15.3,0.000,0.000,0.00,0.000,1.0,4.0,1.2,120,15,1.3,4.5,1.2,126,20,1.3,4.5,1.2,126,20,0,30.14,0.3,0,0,0,37.0,43.7,49.3,0.48,0.52,0.52
WHIT,2019-11-08 21:40:00 EST,43.48507,-73.42307,120,20.2,21.9,20.2,85.3,16.5,0.000,0.000,0.00,0.000,1.5,4.7,1.0,132,46,1.8,4.7,1.0,134,48,1.8,4.7,1.0,134,48,0,30.14,0.2,0,0,0,37.0,43.7,49.3,0.48,0.52,0.52
WHIT,2019-11-08 21:45:00 EST,43.48507,-73.42307,120,20.1,22.1,15.3,82.9,15.7,0.000,0.000,0.00,0.000,3.0,5.0,1.2,91,12,3.3,5.6,1.2,95,13,3.3,5.6,1.2,95,13,0,30.14,0.3,0,0,0,36.9,43.7,49.3,0.48,0.52,0.52
WHIT,2019-11-08 21:50:00 EST,43.48507,-73.42307,120,20.7,22.8,16.1,83.2,16.4,0.000,0.000,0.00,0.000,3.0,4.4,0.8,101,13,3.3,5.3,0.9,105,12,3.3,5.3,0.9,105,12,0,30.14,0.3,0,0,0,36.9,43.7,49.3,0.48,0.52,0.52
WHIT,2019-11-08 21:55:00 EST,43.48507,-73.42307,120,20.6,22.3,20.6,81.2,15.8,0.000,0.000,0.00,0.000,2.4,3.2,0.6,63,17,2.6,3.9,0.7,65,16,2.6,3.9,0.7,65,16,0,30.15,0.4,0,0,0,36.9,43.7,49.3,0.48,0.52,0.52
WHIT,2019-11-08 22:00:00 EST,43.48507,-73.42307,120,19.8,22.0,19.8,81.0,14.9,0.000,0.000,0.00,0.000,1.7,2.6,0.7,112,17,1.9,3.3,0.7,116,21,1.9,3.3,0.7,116,21,0,30.15,0.3,0,0,0,36.7,43.7,49.3,0.48,0.52,0.52
WHIT,2019-11-08 22:05:00 EST,43.48507,-73.42307,120,19.6,20.5,19.6,84.3,15.7,0.000,0.000,0.00,0.000,0.1,0.8,0.2,133,20,0.3,1.5,0.5,150,30,0.3,1.5,0.5,150,30,0,30.15,0.2,0,0,0,36.7,43.7,49.3,0.48,0.52,0.52
WHIT,2019-11-08 22:10:00 EST,43.48507,-73.42307,120,19.7,20.8,19.7,86.5,16.4,0.000,0.000,0.00,0.000,1.0,2.9,0.8,274,31,1.4,3.3,0.8,282,33,1.4,3.3,0.8,282,33,0,30.15,0.3,0,0,0,36.7,43.7,49.3,0.48,0.52,0.52
WHIT,2019-11-08 22:15:00 EST,43.48507,-73.42307,120,19.2,21.5,19.2,88.4,16.4,0.000,0.000,0.00,0.000,1.0,3.4,1.2,230,5,1.2,3.7,1.2,233,19,1.2,3.7,1.2,233,19,0,30.14,0.4,0,0,0,36.7,43.7,49.3,0.48,0.52,0.52
WHIT,2019-11-08 22:20:00 EST,43.48507,-73.42307,120,19.4,22.1,19.4,88.7,16.6,0.000,0.000,0.00,0.000,0.7,2.1,0.6,187,49,1.2,2.9,0.7,205,57,1.2,2.9,0.7,205,57,0,30.14,0.4,0,0,0,36.6,43.6,49.3,0.48,0.52,0.52
WHIT,2019-11-08 22:25:00 EST,43.48507,-73.42307,120,19.7,21.2,19.7,86.7,16.4,0.000,0.000,0.00,0.000,1.5,3.2,1.0,145,9,1.7,3.5,0.9,145,9,1.7,3.5,0.9,145,9,0,30.15,0.3,0,0,0,36.5,43.6,49.3,0.48,0.52,0.52
WHIT,2019-11-08 22:30:00 EST,43.48507,-73.42307,120,18.7,21.4,14.0,85.2,15.0,0.000,0.000,0.00,0.000,2.9,5.3,1.4,108,11,3.2,5.6,1.4,112,11,3.2,5.6,1.4,112,11,0,30.15,0.3,0,0,0,36.5,43.6,49.3,0.48,0.52,0.52
WHIT,2019-11-08 22:35:00 EST,43.48507,-73.42307,120,18.5,21.3,13.2,87.3,15.4,0.000,0.000,0.00,0.000,3.3,4.5,0.7,126,6,3.5,5.3,0.9,128,5,3.5,5.3,0.9,128,5,0,30.15,0.3,0,0,0,36.5,43.5,49.3,0.48,0.52,0.52
WHIT,2019-11-08 22:40:00 EST,43.48507,-73.42307,120,18.4,20.6,13.8,88.3,15.5,0.000,0.000,0.00,0.000,2.7,3.8,0.5,113,22,3.1,4.6,0.7,116,23,3.1,4.6,0.7,116,23,0,30.15,0.4,0,0,0,36.5,43.5,49.3,0.48,0.52,0.52
WHIT,2019-11-08 22:45:00 EST,43.48507,-73.42307,120,18.8,20.7,18.8,89.3,16.2,0.000,0.000,0.00,0.000,1.9,2.9,0.7,144,23,2.1,3.1,0.7,147,23,2.1,3.1,0.7,147,23,0,30.15,0.3,0,0,0,36.4,43.5,49.3,0.47,0.52,0.52
WHIT,2019-11-08 22:50:00 EST,43.48507,-73.42307,120,18.9,20.5,18.9,89.2,16.2,0.000,0.000,0.00,0.000,1.0,2.9,1.0,248,20,1.1,3.0,1.1,254,22,1.1,3.0,1.1,254,22,0,30.15,0.4,0,0,0,36.3,43.5,49.3,0.47,0.52,0.52
WHIT,2019-11-08 22:55:00 EST,43.48507,-73.42307,120,19.5,21.6,19.5,89.1,16.8,0.000,0.000,0.00,0.000,1.6,2.8,1.0,145,54,1.7,2.9,0.9,138,52,1.7,2.9,0.9,138,52,0,30.15,0.2,0,0,0,36.3,43.5,49.3,0.47,0.52,0.52
WHIT,2019-11-08 23:00:00 EST,43.48507,-73.42307,120,18.9,21.4,18.9,87.0,15.7,0.000,0.000,0.00,0.000,0.7,2.6,0.9,191,15,0.9,3.4,1.0,194,20,0.9,3.4,1.0,194,20,0,30.15,0.3,0,0,0,36.3,43.5,49.3,0.47,0.52,0.52
WHIT,2019-11-08 23:05:00 EST,43.48507,-73.42307,120,20.0,22.6,20.0,88.9,17.3,0.000,0.000,0.00,0.000,2.0,2.8,0.4,166,21,2.3,3.2,0.5,169,22,2.3,3.2,0.5,169,22,0,30.15,0.2,0,0,0,36.3,43.5,49.3,0.47,0.52,0.52
WHIT,2019-11-08 23:10:00 EST,43.48507,-73.42307,120,19.0,21.0,19.0,85.7,15.4,0.000,0.000,0.00,0.000,2.1,3.7,0.8,102,24,2.5,4.2,0.8,103,24,2.5,4.2,0.8,103,24,0,30.15,0.4,0,0,0,36.3,43.5,49.3,0.47,0.52,0.52
WHIT,2019-11-08 23:15:00 EST,43.48507,-73.42307,120,18.5,20.6,12.9,86.1,15.0,0.000,0.000,0.00,0.000,3.6,5.1,1.1,114,8,3.7,5.5,1.1,119,8,3.7,5.5,1.1,119,8,0,30.15,0.4,0,0,0,36.1,43.5,49.3,0.47,0.52,0.52
WHIT,2019-11-08 23:20:00 EST,43.48507,-73.42307,120,18.3,21.0,13.2,87.2,15.1,0.000,0.000,0.00,0.000,3.0,4.5,0.6,138,4,3.3,5.3,0.8,137,4,3.3,5.3,0.8,137,4,0,30.15,0.4,0,0,0,36.1,43.5,49.3,0.47,0.52,0.52
WHIT,2019-11-08 23:25:00 EST,43.48507,-73.42307,120,17.6,19.0,17.6,87.7,14.6,0.000,0.000,0.00,0.000,0.6,3.0,0.8,127,17,1.0,3.5,0.9,116,35,1.0,3.5,0.9,116,35,0,30.15,0.5,0,0,0,36.1,43.5,49.3,0.47,0.52,0.52
WHIT,2019-11-08 23:30:00 EST,43.48507,-73.42307,120,18.9,19.7,18.9,90.8,16.6,0.000,0.000,0.00,0.000,1.6,2.6,0.3,177,33,1.7,2.5,0.3,180,34,1.7,2.5,0.3,180,34,0,30.15,0.4,0,0,0,36.1,43.5,49.3,0.47,0.52,0.52
WHIT,2019-11-08 23:35:00 EST,43.48507,-73.42307,120,18.6,20.3,18.6,90.5,16.3,0.000,0.000,0.00,0.000,1.8,3.1,0.8,222,40,2.0,3.3,0.7,222,43,2.0,3.3,0.7,222,43,0,30.16,0.5,0,0,0,36.1,43.5,49.3,0.47,0.52,0.52
WHIT,2019-11-08 23:40:00 EST,43.48507,-73.42307,120,19.6,20.9,19.6,91.4,17.5,0.000,0.000,0.00,0.000,2.3,2.8,0.3,204,15,2.4,3.0,0.3,207,14,2.4,3.0,0.3,207,14,0,30.16,0.4,0,0,0,36.1,43.5,49.3,0.47,0.52,0.52
WHIT,2019-11-08 23:45:00 EST,43.48507,-73.42307,120,18.7,21.1,18.7,88.6,15.9,0.000,0.000,0.00,0.000,2.2,2.8,0.4,164,16,2.5,3.1,0.3,168,19,2.5,3.1,0.3,168,19,0,30.16,0.4,0,0,0,36.0,43.5,49.3,0.47,0.52,0.52
WHIT,2019-11-08 23:50:00 EST,43.48507,-73.42307,120,17.9,20.2,17.9,88.7,15.2,0.000,0.000,0.00,0.000,2.2,2.9,0.4,125,9,2.3,3.1,0.4,129,7,2.3,3.1,0.4,129,7,0,30.16,0.4,0,0,0,36.0,43.5,49.3,0.47,0.52,0.52
WHIT,2019-11-08 23:55:00 EST,43.48507,-73.42307,120,17.5,19.8,17.5,90.2,15.1,0.000,0.000,0.00,0.000,2.7,3.4,0.4,145,3,2.8,3.7,0.4,144,3,2.8,3.7,0.4,144,3,0,30.16,0.4,0,0,0,36.0,43.5,49.3,0.47,0.52,0.52
WOLC,2019-11-08 00:00:00 EST,43.22868,-76.84261,398,29.9,29.8,29.9,93.6,28.3,0.000,0.208,0.00,0.058,0.6,1.5,0.6,52,21,0.8,1.8,0.6,52,9,0.8,1.8,0.6,52,9,0,29.69,-0.5,0,0,0,39.7,43.5,47.3,0.28,0.07,0.22
WOLC,2019-11-08 00:05:00 EST,43.22868,-76.84261,398,29.7,29.5,29.7,94.9,28.4,0.015,0.015,0.28,0.073,1.3,2.6,0.9,124,9,1.6,2.6,0.6,123,15,1.6,2.6,0.6,123,15,0,29.69,-0.4,0,0,0,39.7,43.5,47.3,0.28,0.07,0.22
WOLC,2019-11-08 00:10:00 EST,43.22868,-76.84261,398,29.5,29.4,29.5,95.5,28.4,0.003,0.018,0.00,0.076,2.5,3.4,0.4,151,17,2.7,4.3,0.6,154,18,2.7,4.3,0.6,154,18,0,29.69,-0.0,0,0,0,39.7,43.5,47.3,0.28,0.07,0.22
WOLC,2019-11-08 00:15:00 EST,43.22868,-76.84261,398,29.5,29.3,29.5,96.0,28.5,0.000,0.018,0.00,0.076,1.8,3.5,0.7,172,15,2.2,4.1,0.7,175,14,2.2,4.1,0.7,175,14,0,29.69,-0.1,0,0,0,39.7,43.5,47.3,0.28,0.07,0.22
WOLC,2019-11-08 00:20:00 EST,43.22868,-76.84261,398,29.4,29.4,29.4,96.4,28.5,0.000,0.018,0.00,0.076,0.4,2.2,0.5,180,23,0.6,2.1,0.6,184,33,0.6,2.1,0.6,184,33,0,29.69,-0.4,0,0,0,39.6,43.5,47.3,0.28,0.07,0.22
WOLC,2019-11-08 00:25:00 EST,43.22868,-76.84261,398,29.4,29.4,29.4,96.5,28.6,0.005,0.023,0.00,0.073,1.6,2.6,0.6,188,23,2.0,3.0,0.6,187,29,2.0,3.0,0.6,187,29,0,29.69,0.2,0,0,0,39.6,43.5,47.3,0.28,0.07,0.22
WOLC,2019-11-08 00:30:00 EST,43.22868,-76.84261,398,29.4,29.5,29.4,96.5,28.6,0.001,0.024,0.00,0.072,1.0,2.3,0.7,156,21,1.4,3.0,0.6,158,27,1.4,3.0,0.6,158,27,0,29.69,0.3,0,0,0,39.6,43.5,47.3,0.27,0.07,0.22
WOLC,2019-11-08 00:35:00 EST,43.22868,-76.84261,398,29.4,29.5,29.4,96.2,28.5,0.000,0.024,0.00,0.070,1.6,4.3,1.1,238,13,1.9,5.1,1.2,243,14,1.9,5.1,1.2,243,14,0,29.69,0.2,0,0,0,39.6,43.5,47.3,0.27,0.07,0.22
WOLC,2019-11-08 00:40:00 EST,43.22868,-76.84261,398,29.4,29.6,29.4,95.8,28.4,0.000,0.024,0.00,0.065,1.7,3.0,0.6,250,13,2.0,3.5,0.6,254,16,2.0,3.5,0.6,254,16,0,29.68,0.3,0,0,0,39.6,43.5,47.3,0.27,0.07,0.22
WOLC,2019-11-08 00:45:00 EST,43.22868,-76.84261,398,29.5,29.7,29.5,95.1,28.3,0.000,0.024,0.00,0.043,1.9,2.7,0.4,267,20,2.2,3.6,0.6,269,20,2.2,3.6,0.6,269,20,0,29.69,0.3,0,0,0,39.6,43.5,47.3,0.27,0.07,0.22
WOLC,2019-11-08 00:50:00 EST,43.22868,-76.84261,398,29.6,29.8,26.1,93.3,27.9,0.000,0.024,0.00,0.031,2.9,5.5,1.1,249,14,3.3,6.6,1.3,253,15,3.3,6.6,1.3,253,15,0,29.68,0.3,0,0,0,39.6,43.3,47.3,0.27,0.07,0.22
WOLC,2019-11-08 00:55:00 EST,43.22868,-76.84261,398,29.5,29.7,25.4,92.3,27.6,0.000,0.024,0.00,0.024,3.5,5.4,0.9,250,11,3.9,6.2,1.1,253,12,3.9,6.2,1.1,253,12,0,29.68,0.3,0,0,0,39.6,43.3,47.3,0.27,0.07,0.22
WOLC,2019-11-08 01:00:00 EST,43.22868,-76.84261,398,29.6,29.6,29.6,92.4,27.6,0.000,0.024,0.00,0.024,0.9,2.4,0.7,265,23,1.4,3.4,0.8,269,21,1.4,3.4,0.8,269,21,0,29.68,0.3,0,0,0,39.6,43.3,47.3,0.27,0.07,0.22
WOLC,2019-11-08 01:05:00 EST,43.22868,-76.84261,398,29.7,30.1,29.7,91.5,27.5,0.000,0.024,0.00,0.009,2.4,5.5,1.3,317,25,2.8,6.2,1.3,318,24,2.8,6.2,1.3,318,24,0,29.68,0.3,0,0,0,39.6,43.3,47.3,0.27,0.07,0.22
WOLC,2019-11-08 01:10:00 EST,43.22868,-76.84261,398,30.1,30.5,30.1,86.8,26.7,0.000,0.024,0.00,0.006,2.2,5.1,1.0,337,23,2.9,5.4,1.1,342,21,2.9,5.4,1.1,342,21,0,29.68,0.3,0,0,0,39.6,43.3,47.2,0.27,0.07,0.22
WOLC,2019-11-08 01:15:00 EST,43.22868,-76.84261,398,30.0,30.6,30.0,84.9,26.1,0.000,0.024,0.00,0.006,1.6,5.1,0.9,304,23,1.8,4.7,0.9,308,20,1.8,4.7,0.9,308,20,0,29.68,0.2,0,0,0,39.6,43.3,47.2,0.27,0.07,0.22
WOLC,2019-11-08 01:20:00 EST,43.22868,-76.84261,398,29.8,30.4,29.8,86.0,26.1,0.000,0.024,0.00,0.006,0.8,2.8,0.5,298,20,1.2,3.8,0.6,305,23,1.2,3.8,0.6,305,23,0,29.68,0.4,0,0,0,39.6,43.3,47.1,0.27,0.07,0.22
WOLC,2019-11-08 01:25:00 EST,43.22868,-76.84261,398,30.2,30.7,30.2,79.9,24.7,0.000,0.024,0.00,0.001,2.5,4.3,0.7,275,23,2.8,6.8,0.9,276,22,2.8,6.8,0.9,276,22,0,29.68,0.3,0,0,0,39.6,43.3,47.1,0.28,0.07,0.22
WOLC,2019-11-08 01:30:00 EST,43.22868,-76.84261,398,30.0,30.6,30.0,80.9,24.9,0.000,0.024,0.00,0.000,2.6,6.4,1.0,301,23,2.9,7.5,1.1,305,25,2.9,7.5,1.1,305,25,0,29.68,0.3,0,0,0,39.6,43.3,47.1,0.27,0.07,0.22
WOLC,2019-11-08 01:35:00 EST,43.22868,-76.84261,398,30.2,30.8,26.3,78.5,24.3,0.000,0.024,0.00,0.000,3.3,6.9,1.0,275,20,3.7,8.3,1.2,278,18,3.7,8.3,1.2,278,18,0,29.68,0.3,0,0,0,39.6,43.3,47.1,0.27,0.07,0.22
WOLC,2019-11-08 01:40:00 EST,43.22868,-76.84261,398,30.1,30.7,27.2,78.2,24.2,0.000,0.024,0.00,0.000,2.5,5.3,1.0,262,20,3.0,6.4,1.2,265,18,3.0,6.4,1.2,265,18,0,29.68,0.3,0,0,0,39.6,43.3,47.1,0.27,0.07,0.22
WOLC,2019-11-08 01:45:00 EST,43.22868,-76.84261,398,29.9,30.5,26.8,79.9,24.4,0.000,0.024,0.00,0.000,2.7,6.0,1.0,275,19,3.1,7.6,1.2,277,18,3.1,7.6,1.2,277,18,0,29.68,0.1,0,0,0,39.6,43.3,47.1,0.27,0.07,0.22
WOLC,2019-11-08 01:50:00 EST,43.22868,-76.84261,398,29.5,30.2,23.5,86.0,25.8,0.007,0.032,0.00,0.007,5.2,12.8,2.4,3,38,5.6,12.5,2.6,6,35,5.6,12.5,2.6,6,35,0,29.68,0.2,0,0,0,39.6,43.3,47.1,0.28,0.07,0.22
WOLC,2019-11-08 01:55:00 EST,43.22868,-76.84261,398,29.3,29.3,23.3,91.8,27.2,0.006,0.038,0.00,0.014,5.1,11.6,1.9,31,21,5.6,11.3,1.9,34,19,5.6,11.3,1.9,34,19,0,29.69,-0.3,0,0,0,39.6,43.3,47.1,0.28,0.07,0.22
WOLC,2019-11-08 02:00:00 EST,43.22868,-76.84261,398,29.1,29.0,23.8,94.5,27.8,0.003,0.041,0.00,0.017,4.4,9.1,1.9,25,21,4.9,11.0,2.3,28,20,4.9,11.0,2.3,28,20,0,29.69,0.4,0,0,0,39.6,43.2,47.1,0.28,0.07,0.22
WOLC,2019-11-08 02:05:00 EST,43.22868,-76.84261,398,29.0,28.9,24.6,94.9,27.7,0.000,0.041,0.00,0.017,3.5,7.2,1.8,33,23,4.0,7.8,1.7,34,27,4.0,7.8,1.7,34,27,0,29.69,0.4,0,0,0,39.6,43.2,47.1,0.28,0.07,0.22
WOLC,2019-11-08 02:10:00 EST,43.22868,-76.84261,398,28.9,28.9,23.8,94.4,27.5,0.000,0.041,0.00,0.017,4.2,9.4,1.9,34,21,4.7,10.0,1.9,35,20,4.7,10.0,1.9,35,20,0,29.69,0.4,0,0,0,39.6,43.2,47.1,0.28,0.07,0.22
WOLC,2019-11-08 02:15:00 EST,43.22868,-76.84261,398,28.8,28.7,24.9,94.0,27.3,0.000,0.041,0.00,0.017,3.3,6.2,1.3,44,23,3.6,6.5,1.3,45,22,3.6,6.5,1.3,45,22,0,29.69,0.4,0,0,0,39.6,43.2,47.1,0.27,0.07,0.22
WOLC,2019-11-08 02:20:00 EST,43.22868,-76.84261,398,28.6,28.5,23.7,93.7,27.0,0.000,0.041,0.00,0.017,3.9,6.6,1.4,35,28,4.4,7.6,1.5,39,27,4.4,7.6,1.5,39,27,0,29.69,0.4,0,0,0,39.6,43.2,47.1,0.28,0.07,0.22
WOLC,2019-11-08 02:25:00 EST,43.22868,-76.84261,398,28.4,28.3,25.1,93.2,26.7,0.000,0.041,0.00,0.017,2.7,5.3,1.2,48,25,3.1,6.2,1.3,50,25,3.1,6.2,1.3,50,25,0,29.69,0.4,0,0,0,39.6,43.2,47.1,0.28,0.07,0.22
WOLC,2019-11-08 02:30:00 EST,43.22868,-76.84261,398,28.2,28.2,24.1,93.1,26.5,0.000,0.041,0.00,0.017,3.3,7.4,1.7,31,26,3.7,9.1,2.0,30,26,3.7,9.1,2.0,30,26,0,29.69,0.4,0,0,0,39.6,43.2,47.1,0.28,0.07,0.22
WOLC,2019-11-08 02:35:00 EST,43.22868,-76.84261,398,28.1,28.2,21.2,91.8,26.1,0.000,0.041,0.00,0.017,6.1,9.2,1.8,47,17,6.5,11.1,2.0,51,16,6.5,11.1,2.0,51,16,0,29.69,0.4,0,0,0,39.6,43.2,47.1,0.28,0.07,0.22
WOLC,2019-11-08 02:40:00 EST,43.22868,-76.84261,398,28.2,28.2,23.3,90.9,25.9,0.000,0.041,0.00,0.017,3.7,7.3,1.3,33,22,4.4,8.3,1.6,33,20,4.4,8.3,1.6,33,20,0,29.70,0.4,0,0,0,39.6,43.2,47.1,0.28,0.07,0.22
WOLC,2019-11-08 02:45:00 EST,43.22868,-76.84261,398,28.3,28.4,20.9,90.1,25.7,0.000,0.041,0.00,0.017,6.5,14.3,3.0,53,39,7.1,16.9,3.3,58,36,7.1,16.9,3.3,58,36,0,29.69,0.4,0,0,0,39.6,43.2,47.1,0.28,0.07,0.22
WOLC,2019-11-08 02:50:00 EST,43.22868,-76.84261,398,28.5,28.5,23.8,89.4,25.7,0.000,0.041,0.00,0.009,3.6,8.0,1.6,356,20,4.2,9.2,1.8,358,18,4.2,9.2,1.8,358,18,0,29.70,0.4,0,0,0,39.6,43.2,47.1,0.28,0.07,0.22
WOLC,2019-11-08 02:55:00 EST,43.22868,-76.84261,398,28.3,28.3,28.3,89.8,25.7,0.000,0.041,0.00,0.003,2.5,5.2,1.0,43,21,2.9,6.8,1.2,44,22,2.9,6.8,1.2,44,22,0,29.70,0.4,0,0,0,39.6,43.2,47.1,0.28,0.07,0.22
WOLC,2019-11-08 03:00:00 EST,43.22868,-76.84261,398,28.3,28.3,28.3,90.3,25.8,0.000,0.041,0.00,0.000,1.6,3.1,0.6,347,25,2.1,5.3,0.9,347,25,2.1,5.3,0.9,347,25,0,29.70,0.4,0,0,0,39.6,43.2,47.1,0.28,0.07,0.22
WOLC,2019-11-08 03:05:00 EST,43.22868,-76.84261,398,28.4,28.4,28.4,90.1,25.9,0.000,0.041,0.00,0.000,0.6,2.2,0.7,346,24,0.8,2.8,0.9,356,24,0.8,2.8,0.9,356,24,0,29.71,0.4,0,0,0,39.6,43.2,47.1,0.28,0.07,0.22
WOLC,2019-11-08 03:10:00 EST,43.22868,-76.84261,398,28.3,28.4,28.3,89.7,25.7,0.000,0.041,0.00,0.000,1.6,3.0,0.6,44,33,1.8,3.7,0.6,44,31,1.8,3.7,0.6,44,31,0,29.70,0.4,0,0,0,39.6,43.2,47.1,0.28,0.07,0.22
WOLC,2019-11-08 03:15:00 EST,43.22868,-76.84261,398,28.1,28.3,28.1,89.6,25.4,0.000,0.041,0.00,0.000,1.7,2.9,0.4,71,13,2.1,3.6,0.5,72,13,2.1,3.6,0.5,72,13,0,29.70,0.4,0,0,0,39.6,43.2,47.1,0.28,0.07,0.22
WOLC,2019-11-08 03:20:00 EST,43.22868,-76.84261,398,28.0,28.3,28.0,90.4,25.6,0.000,0.041,0.00,0.000,1.6,2.6,0.6,41,16,1.7,2.6,0.5,45,16,1.7,2.6,0.5,45,16,0,29.71,0.3,0,0,0,39.6,43.2,47.1,0.28,0.07,0.22
WOLC,2019-11-08 03:25:00 EST,43.22868,-76.84261,398,27.9,28.2,27.9,92.0,25.9,0.000,0.041,0.00,0.000,1.8,4.5,1.1,282,25,2.3,5.0,1.0,287,29,2.3,5.0,1.0,287,29,0,29.71,0.4,0,0,0,39.6,43.0,47.1,0.28,0.07,0.22
WOLC,2019-11-08 03:30:00 EST,43.22868,-76.84261,398,28.4,28.9,23.3,87.9,25.3,0.000,0.041,0.00,0.000,3.9,9.4,2.3,318,26,4.5,10.5,2.4,324,27,4.5,10.5,2.4,324,27,0,29.71,0.4,0,0,0,39.6,43.1,47.0,0.28,0.07,0.22
WOLC,2019-11-08 03:35:00 EST,43.22868,-76.84261,398,28.9,29.3,21.6,77.1,22.7,0.000,0.041,0.00,0.000,6.6,12.3,1.8,318,18,7.2,13.7,2.0,325,16,7.2,13.7,2.0,325,16,0,29.71,0.4,0,0,0,39.6,43.1,46.9,0.28,0.07,0.22
WOLC,2019-11-08 03:40:00 EST,43.22868,-76.84261,398,29.0,29.3,22.1,75.0,22.0,0.000,0.041,0.00,0.000,6.3,9.8,1.5,322,15,6.6,11.4,1.7,324,15,6.6,11.4,1.7,324,15,0,29.71,0.4,0,0,0,39.6,43.0,47.0,0.28,0.07,0.22
WOLC,2019-11-08 03:45:00 EST,43.22868,-76.84261,398,28.8,29.0,22.6,75.7,22.0,0.000,0.041,0.00,0.000,5.1,12.1,2.6,320,25,5.7,12.8,2.6,323,26,5.7,12.8,2.6,323,26,0,29.71,0.4,0,0,0,39.6,43.0,47.0,0.28,0.07,0.22
WOLC,2019-11-08 03:50:00 EST,43.22868,-76.84261,398,28.8,29.0,20.8,72.6,21.1,0.000,0.041,0.00,0.000,7.4,13.9,2.0,320,20,8.2,16.8,2.3,325,19,8.2,16.8,2.3,325,19,0,29.71,0.4,0,0,0,39.6,43.0,46.9,0.28,0.07,0.22
WOLC,2019-11-08 03:55:00 EST,43.22868,-76.84261,398,28.5,28.8,22.8,73.9,21.2,0.000,0.041,0.00,0.000,4.9,9.4,1.6,314,17,5.2,10.4,1.7,320,17,5.2,10.4,1.7,320,17,0,29.72,0.4,0,0,0,39.6,43.0,46.9,0.28,0.07,0.22
WOLC,2019-11-08 04:00:00 EST,43.22868,-76.84261,398,28.5,28.8,22.8,74.0,21.2,0.000,0.041,0.00,0.000,4.5,9.8,1.3,319,25,5.2,10.3,1.7,324,24,5.2,10.3,1.7,324,24,0,29.72,0.4,0,0,0,39.6,43.0,46.9,0.28,0.07,0.22
WOLC,2019-11-08 04:05:00 EST,43.22868,-76.84261,398,28.6,28.9,21.3,73.2,21.1,0.000,0.041,0.00,0.000,6.7,11.6,2.3,319,19,7.2,12.6,2.3,323,18,7.2,12.6,2.3,323,18,0,29.72,0.4,0,0,0,39.6,43.0,46.9,0.28,0.07,0.22
WOLC,2019-11-08 04:10:00 EST,43.22868,-76.84261,398,28.6,28.9,21.8,73.8,21.3,0.000,0.041,0.00,0.000,6.0,10.0,1.6,318,17,6.5,12.0,1.7,321,14,6.5,12.0,1.7,321,14,0,29.72,0.4,0,0,0,39.6,43.0,46.9,0.28,0.07,0.22
WOLC,2019-11-08 04:15:00 EST,43.22868,-76.84261,398,28.7,29.0,21.3,73.5,21.3,0.000,0.041,0.00,0.000,6.7,11.5,1.9,317,18,7.2,14.6,2.2,322,16,7.2,14.6,2.2,322,16,0,29.72,0.4,0,0,0,39.6,43.0,46.9,0.28,0.07,0.22
WOLC,2019-11-08 04:20:00 EST,43.22868,-76.84261,398,28.6,28.8,22.3,74.3,21.4,0.000,0.041,0.00,0.000,5.1,8.4,1.8,320,23,5.8,10.4,2.0,321,21,5.8,10.4,2.0,321,21,0,29.72,0.3,0,0,0,39.6,43.0,46.9,0.28,0.07,0.22
WOLC,2019-11-08 04:25:00 EST,43.22868,-76.84261,398,28.5,28.8,21.4,72.5,20.8,0.000,0.041,0.00,0.000,6.5,13.2,2.7,307,20,6.8,16.1,3.1,308,18,6.8,16.1,3.1,308,18,0,29.72,0.3,0,0,0,39.6,43.0,46.9,0.28,0.07,0.22
WOLC,2019-11-08 04:30:00 EST,43.22868,-76.84261,398,28.4,28.7,21.5,72.2,20.6,0.000,0.041,0.00,0.000,5.9,9.6,1.9,315,22,6.5,10.6,1.9,318,19,6.5,10.6,1.9,318,19,0,29.72,0.4,0,0,0,39.6,43.0,46.9,0.28,0.07,0.22
WOLC,2019-11-08 04:35:00 EST,43.22868,-76.84261,398,28.3,28.6,21.3,72.4,20.5,0.000,0.041,0.00,0.000,6.2,12.4,2.1,314,18,6.7,12.4,2.0,317,16,6.7,12.4,2.0,317,16,0,29.72,0.3,0,0,0,39.6,43.0,46.9,0.28,0.07,0.22
WOLC,2019-11-08 04:40:00 EST,43.22868,-76.84261,398,28.2,28.6,20.5,71.6,20.2,0.000,0.041,0.00,0.000,7.1,12.3,2.4,319,22,7.6,15.8,2.6,323,21,7.6,15.8,2.6,323,21,0,29.73,0.4,0,0,0,39.6,43.0,46.9,0.28,0.07,0.22
WOLC,2019-11-08 04:45:00 EST,43.22868,-76.84261,398,28.1,28.4,20.4,71.4,20.1,0.000,0.041,0.00,0.000,6.7,12.7,2.3,317,23,7.6,14.4,2.3,321,21,7.6,14.4,2.3,321,21,0,29.72,0.3,0,0,0,39.6,43.0,46.9,0.28,0.07,0.22
WOLC,2019-11-08 04:50:00 EST,43.22868,-76.84261,398,28.1,28.4,19.7,70.7,19.8,0.000,0.041,0.00,0.000,7.9,16.4,3.1,316,22,8.5,15.6,3.1,321,20,8.5,15.6,3.1,321,20,0,29.72,0.3,0,0,0,39.6,43.0,46.9,0.28,0.07,0.22
WOLC,2019-11-08 04:55:00 EST,43.22868,-76.84261,398,28.0,28.3,21.1,70.4,19.6,0.000,0.041,0.00,0.000,5.8,11.7,2.5,308,21,6.5,13.1,2.5,311,21,6.5,13.1,2.5,311,21,0,29.73,0.4,0,0,0,39.6,43.0,46.9,0.28,0.07,0.22
WOLC,2019-11-08 05:00:00 EST,43.22868,-76.84261,398,28.0,28.3,20.8,72.2,20.3,0.000,0.041,0.00,0.000,6.6,11.7,2.1,315,19,6.9,12.4,2.2,320,18,6.9,12.4,2.2,320,18,0,29.73,0.4,0,0,0,39.6,43.0,46.9,0.28,0.07,0.22
WOLC,2019-11-08 05:05:00 EST,43.22868,-76.84261,398,28.0,28.3,20.7,73.0,20.5,0.000,0.041,0.00,0.000,6.4,11.3,2.2,321,21,7.0,16.0,2.4,327,18,7.0,16.0,2.4,327,18,0,29.73,0.3,0,0,0,39.6,43.0,46.9,0.28,0.07,0.22
WOLC,2019-11-08 05:10:00 EST,43.22868,-76.84261,398,28.0,28.2,20.4,73.4,20.6,0.000,0.041,0.00,0.000,6.8,11.0,2.0,318,19,7.3,14.6,2.3,322,20,7.3,14.6,2.3,322,20,0,29.73,0.3,0,0,0,39.6,43.0,46.9,0.28,0.07,0.22
WOLC,2019-11-08 05:15:00 EST,43.22868,-76.84261,398,27.9,28.1,18.5,72.3,20.1,0.000,0.041,0.00,0.000,9.1,17.2,3.1,333,22,10.2,17.5,3.1,338,19,10.2,17.5,3.1,338,19,0,29.73,0.3,0,0,0,39.6,43.0,46.9,0.28,0.07,0.22
WOLC,2019-11-08 05:20:00 EST,43.22868,-76.84261,398,27.8,28.0,19.5,71.1,19.7,0.000,0.041,0.00,0.000,7.9,16.6,3.1,316,17,8.4,16.4,2.9,321,16,8.4,16.4,2.9,321,16,0,29.73,0.3,0,0,0,39.6,42.9,46.9,0.28,0.07,0.22
WOLC,2019-11-08 05:25:00 EST,43.22868,-76.84261,398,27.7,27.9,19.4,70.5,19.4,0.000,0.041,0.00,0.000,7.7,13.5,2.3,321,16,8.4,14.9,2.3,326,16,8.4,14.9,2.3,326,16,0,29.74,0.4,0,0,0,39.6,42.8,46.9,0.28,0.07,0.22
WOLC,2019-11-08 05:30:00 EST,43.22868,-76.84261,398,27.6,27.8,21.3,72.1,19.8,0.000,0.041,0.00,0.000,4.9,8.8,1.6,326,22,5.7,10.6,2.0,332,21,5.7,10.6,2.0,332,21,0,29.74,0.3,0,0,0,39.6,42.8,46.9,0.28,0.07,0.22
WOLC,2019-11-08 05:35:00 EST,43.22868,-76.84261,398,27.6,27.8,18.7,71.2,19.5,0.000,0.041,0.00,0.000,8.4,17.6,3.0,323,19,9.2,16.6,3.0,329,18,9.2,16.6,3.0,329,18,0,29.74,0.3,0,0,0,39.6,42.8,46.9,0.28,0.07,0.22
WOLC,2019-11-08 05:40:00 EST,43.22868,-76.84261,398,27.5,27.7,18.7,70.4,19.2,0.000,0.041,0.00,0.000,8.6,16.4,2.8,320,18,9.1,15.4,2.6,326,18,9.1,15.4,2.6,326,18,0,29.74,0.3,0,0,0,39.6,42.8,46.9,0.28,0.07,0.22
WOLC,2019-11-08 05:45:00 EST,43.22868,-76.84261,398,27.4,27.6,19.0,71.4,19.4,0.000,0.041,0.00,0.000,7.6,12.5,2.4,331,17,8.4,16.4,3.1,337,18,8.4,16.4,3.1,337,18,0,29.75,0.3,0,0,0,39.6,42.8,46.9,0.28,0.07,0.22
WOLC,2019-11-08 05:50:00 EST,43.22868,-76.84261,398,27.4,27.6,18.3,71.0,19.2,0.000,0.041,0.00,0.000,8.9,15.0,3.1,321,17,9.4,16.8,3.2,329,14,9.4,16.8,3.2,329,14,0,29.75,0.3,0,0,0,39.6,42.8,46.9,0.28,0.07,0.22
WOLC,2019-11-08 05:55:00 EST,43.22868,-76.84261,398,27.4,27.6,17.8,68.2,18.3,0.000,0.041,0.00,0.000,9.6,14.3,2.9,320,20,10.3,16.4,2.9,322,21,10.3,16.4,2.9,322,21,0,29.75,0.2,0,0,0,39.6,42.8,46.9,0.28,0.07,0.22
WOLC,2019-11-08 06:00:00 EST,43.22868,-76.84261,398,27.2,27.3,19.8,69.8,18.6,0.000,0.041,0.00,0.000,6.3,12.8,2.6,317,17,6.8,14.1,2.7,322,19,6.8,14.1,2.7,322,19,0,29.75,0.2,0,0,0,39.6,42.8,46.9,0.28,0.07,0.22
WOLC,2019-11-08 06:05:00 EST,43.22868,-76.84261,398,27.0,27.2,20.0,71.2,18.9,0.000,0.041,0.00,0.000,5.4,13.0,2.2,317,23,6.3,14.9,2.3,321,21,6.3,14.9,2.3,321,21,0,29.76,0.2,0,0,0,39.6,42.8,46.8,0.28,0.07,0.22
WOLC,2019-11-08 06:10:00 EST,43.22868,-76.84261,398,26.9,27.0,18.7,71.3,18.8,0.000,0.041,0.00,0.000,6.8,12.9,2.4,328,28,7.9,14.5,2.5,333,24,7.9,14.5,2.5,333,24,0,29.76,0.2,0,0,0,39.6,42.8,46.8,0.28,0.07,0.22
WOLC,2019-11-08 06:15:00 EST,43.22868,-76.84261,398,26.8,26.9,17.0,71.1,18.7,0.000,0.041,0.00,0.000,9.8,18.6,2.8,324,19,10.5,17.9,3.2,329,18,10.5,17.9,3.2,329,18,0,29.76,0.2,0,0,0,39.6,42.8,46.8,0.28,0.07,0.22
WOLC,2019-11-08 06:20:00 EST,43.22868,-76.84261,398,26.8,26.9,18.5,69.9,18.3,0.000,0.041,0.00,0.000,7.3,14.5,2.8,321,19,8.1,16.0,3.1,327,18,8.1,16.0,3.1,327,18,0,29.76,0.2,0,0,0,39.6,42.8,46.8,0.28,0.07,0.22
WOLC,2019-11-08 06:25:00 EST,43.22868,-76.84261,398,26.8,27.0,20.7,69.2,18.0,0.000,0.041,0.00,0.000,4.5,11.9,2.2,323,20,5.2,12.5,2.4,326,21,5.2,12.5,2.4,326,21,0,29.77,0.1,0,0,0,39.6,42.8,46.8,0.28,0.07,0.22
WOLC,2019-11-08 06:30:00 EST,43.22868,-76.84261,398,26.8,26.9,18.2,68.4,17.8,0.000,0.041,0.00,0.000,7.4,15.9,3.3,326,21,8.4,18.2,3.7,329,22,8.4,18.2,3.7,329,22,0,29.77,0.2,0,0,0,39.6,42.8,46.8,0.28,0.07,0.22
WOLC,2019-11-08 06:35:00 EST,43.22868,-76.84261,398,26.6,26.7,18.1,69.1,17.8,0.000,0.041,0.00,0.000,7.5,13.3,2.5,328,20,8.3,15.1,2.7,333,18,8.3,15.1,2.7,333,18,0,29.77,0.2,0,0,0,39.6,42.8,46.8,0.28,0.07,0.22
WOLC,2019-11-08 06:40:00 EST,43.22868,-76.84261,398,26.5,26.7,19.0,69.8,18.0,0.000,0.041,0.00,0.000,6.2,9.9,2.0,321,22,6.9,13.0,2.2,324,21,6.9,13.0,2.2,324,21,1,29.77,0.2,0,0,0,39.6,42.8,46.8,0.28,0.07,0.22
WOLC,2019-11-08 06:45:00 EST,43.22868,-76.84261,398,26.6,26.7,18.4,68.9,17.7,0.000,0.041,0.00,0.000,6.9,12.1,2.3,324,23,7.8,15.2,2.7,328,19,7.8,15.2,2.7,328,19,2,29.77,0.2,0,0,0,39.6,42.8,46.8,0.28,0.07,0.22
WOLC,2019-11-08 06:50:00 EST,43.22868,-76.84261,398,26.7,26.8,17.4,65.9,16.8,0.000,0.041,0.00,0.000,8.4,17.4,3.4,336,20,9.5,18.4,3.6,342,18,9.5,18.4,3.6,342,18,3,29.78,0.2,0,0,0,39.6,42.8,46.8,0.28,0.07,0.22
WOLC,2019-11-08 06:55:00 EST,43.22868,-76.84261,398,26.7,26.9,18.5,63.5,16.0,0.000,0.041,0.00,0.000,7.0,13.7,2.8,328,21,7.8,15.5,3.2,336,18,7.8,15.5,3.2,336,18,4,29.78,0.2,0,0,0,39.6,42.8,46.8,0.28,0.07,0.22
WOLC,2019-11-08 07:00:00 EST,43.22868,-76.84261,398,26.7,26.8,18.4,61.6,15.3,0.000,0.041,0.00,0.000,6.9,11.3,2.1,321,21,7.9,15.3,2.4,327,19,7.9,15.3,2.4,327,19,5,29.78,0.2,0,0,0,39.6,42.8,46.8,0.28,0.07,0.22
WOLC,2019-11-08 07:05:00 EST,43.22868,-76.84261,398,26.7,26.9,18.2,61.1,15.0,0.000,0.041,0.00,0.000,7.6,14.3,2.5,320,19,8.3,15.5,2.6,323,17,8.3,15.5,2.6,323,17,7,29.78,0.2,0,0,0,39.6,42.8,46.8,0.28,0.07,0.22
WOLC,2019-11-08 07:10:00 EST,43.22868,-76.84261,398,26.6,26.8,18.0,63.5,15.9,0.000,0.041,0.00,0.000,7.6,15.6,3.0,320,20,8.4,15.8,3.0,325,19,8.4,15.8,3.0,325,19,9,29.79,0.2,0,0,0,39.6,42.8,46.8,0.28,0.07,0.22
WOLC,2019-11-08 07:15:00 EST,43.22868,-76.84261,398,26.6,26.7,18.1,65.9,16.7,0.000,0.041,0.00,0.000,7.4,14.3,2.7,321,17,8.2,13.9,2.8,328,16,8.2,13.9,2.8,328,16,14,29.79,0.2,0,0,0,39.6,42.8,46.8,0.28,0.07,0.22
WOLC,2019-11-08 07:20:00 EST,43.22868,-76.84261,398,26.6,26.8,18.4,65.7,16.7,0.000,0.041,0.00,0.000,7.1,13.2,2.2,328,24,7.8,13.5,2.6,333,22,7.8,13.5,2.6,333,22,22,29.79,0.2,0,0,0,39.6,42.8,46.8,0.28,0.07,0.22
WOLC,2019-11-08 07:25:00 EST,43.22868,-76.84261,398,26.4,26.6,19.0,67.4,17.0,0.000,0.041,0.00,0.000,6.1,11.7,2.1,316,19,6.6,14.2,2.2,320,18,6.6,14.2,2.2,320,18,24,29.79,0.2,0,0,0,39.6,42.8,46.8,0.28,0.07,0.22
WOLC,2019-11-08 07:30:00 EST,43.22868,-76.84261,398,26.4,26.6,17.8,64.6,16.1,0.000,0.041,0.00,0.000,7.4,14.0,2.7,327,21,8.5,14.9,2.9,334,20,8.5,14.9,2.9,334,20,37,29.79,0.2,0,0,0,39.6,42.8,46.8,0.28,0.07,0.22
WOLC,2019-11-08 07:35:00 EST,43.22868,-76.84261,398,26.5,26.7,19.7,62.9,15.6,0.000,0.041,0.00,0.000,5.4,10.8,1.9,321,22,5.9,11.0,2.0,323,23,5.9,11.0,2.0,323,23,87,29.80,0.2,0,0,0,39.6,42.8,46.8,0.28,0.07,0.22
WOLC,2019-11-08 07:40:00 EST,43.22868,-76.84261,398,26.4,26.6,19.9,63.2,15.6,0.000,0.041,0.00,0.000,4.9,9.6,1.9,319,23,5.6,11.7,2.4,325,23,5.6,11.7,2.4,325,23,55,29.80,0.1,0,0,0,39.6,42.8,46.8,0.27,0.07,0.22
WOLC,2019-11-08 07:45:00 EST,43.22868,-76.84261,398,26.2,26.5,20.7,62.3,15.1,0.000,0.041,0.00,0.000,3.9,7.1,1.6,318,22,4.6,8.9,1.7,323,21,4.6,8.9,1.7,323,21,52,29.80,0.2,0,0,0,39.6,42.7,46.8,0.27,0.07,0.22
WOLC,2019-11-08 07:50:00 EST,43.22868,-76.84261,398,26.3,26.5,19.3,61.1,14.7,0.000,0.041,0.00,0.000,5.5,10.5,1.7,325,23,6.1,12.2,1.9,330,21,6.1,12.2,1.9,330,21,61,29.80,0.1,0,0,0,39.6,42.7,46.8,0.27,0.07,0.22
WOLC,2019-11-08 07:55:00 EST,43.22868,-76.84261,398,26.3,26.5,18.7,62.0,15.0,0.000,0.041,0.00,0.000,6.0,11.2,2.4,317,25,6.9,14.0,2.7,323,22,6.9,14.0,2.7,323,22,42,29.81,0.1,0,0,0,39.6,42.7,46.8,0.27,0.07,0.22
WOLC,2019-11-08 08:00:00 EST,43.22868,-76.84261,398,26.3,26.6,17.9,62.1,15.1,0.000,0.041,0.00,0.000,7.2,13.5,1.7,322,23,8.0,13.8,1.9,328,22,8.0,13.8,1.9,328,22,45,29.81,0.2,0,0,0,39.5,42.6,46.8,0.27,0.07,0.22
WOLC,2019-11-08 08:05:00 EST,43.22868,-76.84261,398,26.4,26.6,17.8,63.2,15.6,0.000,0.041,0.00,0.000,7.8,14.0,2.6,323,20,8.4,15.3,2.7,329,20,8.4,15.3,2.7,329,20,67,29.81,0.2,0,0,0,39.5,42.6,46.8,0.28,0.07,0.22
WOLC,2019-11-08 08:10:00 EST,43.22868,-76.84261,398,27.0,27.0,19.2,63.8,16.4,0.000,0.041,0.00,0.000,6.7,11.6,2.5,321,19,7.3,12.7,2.6,327,20,7.3,12.7,2.6,327,20,203,29.81,0.2,0,0,0,39.5,42.6,46.8,0.27,0.07,0.22
WOLC,2019-11-08 08:15:00 EST,43.22868,-76.84261,398,27.5,27.4,19.2,63.0,16.5,0.000,0.041,0.00,0.000,7.6,14.3,2.4,327,19,8.3,18.2,2.8,332,17,8.3,18.2,2.8,332,17,200,29.81,0.2,0,0,0,39.4,42.6,46.7,0.27,0.07,0.22
WOLC,2019-11-08 08:20:00 EST,43.22868,-76.84261,398,27.3,27.3,18.9,62.4,16.2,0.000,0.041,0.00,0.000,7.5,15.7,2.9,314,21,8.4,16.5,3.0,320,20,8.4,16.5,3.0,320,20,97,29.82,0.2,0,0,0,39.4,42.6,46.7,0.27,0.07,0.22
WOLC,2019-11-08 08:25:00 EST,43.22868,-76.84261,398,27.2,27.1,19.0,61.9,15.9,0.000,0.041,0.00,0.000,7.5,14.8,2.6,311,19,8.0,16.6,2.9,317,20,8.0,16.6,2.9,317,20,89,29.82,0.2,0,0,0,39.4,42.6,46.7,0.27,0.07,0.22
WOLC,2019-11-08 08:30:00 EST,43.22868,-76.84261,398,27.1,27.1,17.6,61.4,15.6,0.000,0.041,0.00,0.000,9.5,17.3,2.8,321,17,10.0,17.6,2.8,326,14,10.0,17.6,2.8,326,14,76,29.82,0.2,0,0,0,39.4,42.6,46.7,0.27,0.07,0.22
WOLC,2019-11-08 08:35:00 EST,43.22868,-76.84261,398,27.1,27.0,19.1,61.7,15.7,0.000,0.041,0.00,0.000,6.8,13.7,2.3,324,20,7.7,18.3,2.7,328,19,7.7,18.3,2.7,328,19,82,29.82,0.2,0,0,0,39.4,42.6,46.6,0.27,0.07,0.22
WOLC,2019-11-08 08:40:00 EST,43.22868,-76.84261,398,27.1,27.0,18.2,63.9,16.5,0.000,0.041,0.00,0.000,8.4,17.2,3.5,317,19,9.1,17.8,3.4,320,18,9.1,17.8,3.4,320,18,93,29.82,0.2,0,0,0,39.4,42.6,46.6,0.27,0.07,0.22
WOLC,2019-11-08 08:45:00 EST,43.22868,-76.84261,398,27.2,27.1,18.4,65.2,17.0,0.000,0.041,0.00,0.000,8.3,14.6,2.6,315,24,8.9,15.2,2.7,317,22,8.9,15.2,2.7,317,22,83,29.83,0.2,0,0,0,39.4,42.6,46.6,0.27,0.07,0.22
WOLC,2019-11-08 08:50:00 EST,43.22868,-76.84261,398,27.3,27.1,20.1,65.8,17.3,0.000,0.041,0.00,0.000,5.7,15.6,2.9,322,27,6.5,16.3,3.3,324,23,6.5,16.3,3.3,324,23,115,29.83,0.2,0,0,0,39.4,42.6,46.6,0.27,0.07,0.22
WOLC,2019-11-08 08:55:00 EST,43.22868,-76.84261,398,27.4,27.2,18.0,63.4,16.5,0.000,0.041,0.00,0.000,9.0,16.4,3.3,327,18,9.9,17.9,3.5,333,17,9.9,17.9,3.5,333,17,180,29.83,0.2,0,0,0,39.4,42.6,46.6,0.27,0.07,0.22
WOLC,2019-11-08 09:00:00 EST,43.22868,-76.84261,398,27.4,27.2,17.2,64.1,16.8,0.000,0.041,0.00,0.000,10.6,17.4,3.1,327,17,11.6,19.1,3.1,334,16,11.6,19.1,3.1,334,16,147,29.83,0.2,0,0,0,39.4,42.6,46.6,0.27,0.07,0.22
WOLC,2019-11-08 09:05:00 EST,43.22868,-76.84261,398,27.3,27.1,18.8,63.8,16.6,0.000,0.041,0.00,0.000,7.6,15.2,3.0,323,18,8.5,15.3,2.8,326,15,8.5,15.3,2.8,326,15,152,29.83,0.2,0,0,0,39.4,42.6,46.6,0.27,0.07,0.22
WOLC,2019-11-08 09:10:00 EST,43.22868,-76.84261,398,27.3,27.1,18.1,62.6,16.3,0.000,0.041,0.00,0.000,8.7,15.3,2.5,333,18,9.7,17.9,2.7,337,15,9.7,17.9,2.7,337,15,173,29.83,0.2,0,0,0,39.4,42.6,46.6,0.28,0.07,0.22
WOLC,2019-11-08 09:15:00 EST,43.22868,-76.84261,398,27.5,27.2,18.7,63.0,16.5,0.000,0.041,0.00,0.000,8.0,20.0,3.5,340,22,9.0,21.4,4.1,344,19,9.0,21.4,4.1,344,19,160,29.84,0.2,0,0,0,39.4,42.6,46.6,0.28,0.07,0.22
WOLC,2019-11-08 09:20:00 EST,43.22868,-76.84261,398,27.3,27.1,20.4,63.9,16.7,0.000,0.041,0.00,0.000,5.3,12.0,2.8,331,22,6.3,15.0,3.0,335,21,6.3,15.0,3.0,335,21,153,29.84,0.2,0,0,0,39.5,42.6,46.6,0.28,0.07,0.22
WOLC,2019-11-08 09:25:00 EST,43.22868,-76.84261,398,27.4,27.1,18.2,63.8,16.7,0.000,0.041,0.00,0.000,8.8,13.7,2.4,334,26,9.7,16.1,2.9,339,19,9.7,16.1,2.9,339,19,160,29.84,0.2,0,0,0,39.5,42.6,46.6,0.28,0.07,0.22
WOLC,2019-11-08 09:30:00 EST,43.22868,-76.84261,398,27.3,27.0,17.6,64.6,16.9,0.000,0.041,0.00,0.000,9.6,15.3,2.9,325,19,10.6,15.3,3.0,332,19,10.6,15.3,3.0,332,19,166,29.84,0.2,0,0,0,39.6,42.5,46.6,0.28,0.07,0.22
WOLC,2019-11-08 09:35:00 EST,43.22868,-76.84261,398,27.3,27.0,19.8,65.8,17.4,0.000,0.041,0.00,0.000,6.1,15.5,3.2,328,20,7.0,19.2,3.3,332,18,7.0,19.2,3.3,332,18,144,29.84,0.2,0,0,0,39.6,42.5,46.6,0.28,0.07,0.22
WOLC,2019-11-08 09:40:00 EST,43.22868,-76.84261,398,27.5,27.2,18.8,64.3,17.0,0.000,0.041,0.00,0.000,8.0,13.9,2.4,322,17,8.8,17.0,2.9,327,17,8.8,17.0,2.9,327,17,260,29.84,0.3,0,0,0,39.6,42.5,46.6,0.28,0.07,0.22
WOLC,2019-11-08 09:45:00 EST,43.22868,-76.84261,398,28.4,27.9,20.7,61.0,16.7,0.000,0.041,0.00,0.000,7.0,12.9,2.8,318,19,7.7,16.2,3.2,324,19,7.7,16.2,3.2,324,19,467,29.84,0.2,0,0,0,39.6,42.5,46.6,0.28,0.07,0.22
WOLC,2019-11-08 09:50:00 EST,43.22868,-76.84261,398,28.3,27.7,19.0,59.6,16.0,0.000,0.041,0.00,0.000,9.2,14.9,2.6,324,19,10.1,19.6,3.0,330,18,10.1,19.6,3.0,330,18,295,29.84,0.2,0,0,0,39.6,42.5,46.6,0.28,0.07,0.22
WOLC,2019-11-08 09:55:00 EST,43.22868,-76.84261,398,28.6,28.0,21.9,61.0,16.9,0.000,0.041,0.00,0.000,5.8,11.6,2.4,326,26,6.4,12.7,2.4,331,25,6.4,12.7,2.4,331,25,396,29.84,0.3,0,0,0,39.6,42.4,46.6,0.28,0.07,0.22
WOLC,2019-11-08 10:00:00 EST,43.22868,-76.84261,398,28.7,28.0,20.7,60.8,16.9,0.000,0.041,0.00,0.000,7.2,13.4,2.7,332,19,8.1,15.6,2.8,338,19,8.1,15.6,2.8,338,19,301,29.84,0.2,0,0,0,39.6,42.4,46.6,0.28,0.07,0.22
WOLC,2019-11-08 10:05:00 EST,43.22868,-76.84261,398,28.5,27.9,20.0,61.0,16.8,0.000,0.041,0.00,0.000,8.1,13.4,2.6,313,25,8.9,15.4,2.9,318,22,8.9,15.4,2.9,318,22,313,29.84,0.2,0,0,0,39.6,42.4,46.6,0.28,0.07,0.22
WOLC,2019-11-08 10:10:00 EST,43.22868,-76.84261,398,27.8,27.5,19.0,60.3,15.8,0.000,0.041,0.00,0.000,8.6,15.7,2.8,326,23,9.2,16.0,2.8,332,20,9.2,16.0,2.8,332,20,147,29.84,0.2,0,0,0,39.6,42.4,46.6,0.27,0.07,0.22
WOLC,2019-11-08 10:15:00 EST,43.22868,-76.84261,398,28.0,27.5,18.6,59.9,15.8,0.000,0.041,0.00,0.000,9.4,15.9,2.7,327,16,10.3,18.7,2.9,333,16,10.3,18.7,2.9,333,16,380,29.84,0.4,0,0,0,39.6,42.4,46.6,0.27,0.07,0.22
WOLC,2019-11-08 10:20:00 EST,43.22868,-76.84261,398,29.0,28.1,19.8,58.9,16.4,0.000,0.041,0.00,0.000,9.9,16.0,2.5,310,21,10.5,17.0,2.5,315,21,10.5,17.0,2.5,315,21,570,29.84,0.3,0,0,0,39.7,42.4,46.6,0.28,0.07,0.22
WOLC,2019-11-08 10:25:00 EST,43.22868,-76.84261,398,29.6,28.8,21.7,58.1,16.7,0.000,0.041,0.00,0.000,7.5,15.3,3.2,311,26,8.5,16.1,3.4,315,26,8.5,16.1,3.4,315,26,523,29.85,0.3,0,0,0,39.7,42.4,46.6,0.28,0.07,0.22
WOLC,2019-11-08 10:30:00 EST,43.22868,-76.84261,398,29.6,28.8,22.3,59.5,17.2,0.000,0.041,0.00,0.000,6.8,13.6,3.1,313,22,7.5,15.1,3.2,314,21,7.5,15.1,3.2,314,21,371,29.85,0.2,0,0,0,39.7,42.4,46.6,0.27,0.07,0.22
WOLC,2019-11-08 10:35:00 EST,43.22868,-76.84261,398,29.1,28.3,21.4,60.2,17.0,0.000,0.041,0.00,0.000,6.9,14.1,2.8,311,24,7.8,15.3,2.9,314,23,7.8,15.3,2.9,314,23,340,29.85,0.2,0,0,0,39.7,42.4,46.6,0.28,0.07,0.22
WOLC,2019-11-08 10:40:00 EST,43.22868,-76.84261,398,29.0,28.1,20.3,61.1,17.2,0.000,0.041,0.00,0.000,8.9,16.4,2.9,318,18,9.4,17.7,3.3,324,19,9.4,17.7,3.3,324,19,412,29.85,0.3,0,0,0,39.9,42.4,46.6,0.27,0.07,0.22
WOLC,2019-11-08 10:45:00 EST,43.22868,-76.84261,398,28.5,27.9,20.5,63.5,17.7,0.000,0.041,0.00,0.000,7.8,16.3,2.7,314,22,8.1,14.5,2.6,318,21,8.1,14.5,2.6,318,21,175,29.85,0.2,0,0,0,39.9,42.4,46.6,0.28,0.07,0.22
WOLC,2019-11-08 10:50:00 EST,43.22868,-76.84261,398,28.2,27.8,20.4,63.9,17.6,0.000,0.041,0.00,0.000,7.2,17.0,2.8,313,19,7.8,19.1,2.9,318,20,7.8,19.1,2.9,318,20,181,29.85,0.2,0,0,0,39.9,42.4,46.6,0.28,0.07,0.22
WOLC,2019-11-08 10:55:00 EST,43.22868,-76.84261,398,28.2,27.7,20.0,60.2,16.1,0.000,0.041,0.00,0.000,7.6,15.3,3.2,317,19,8.3,17.7,3.3,323,20,8.3,17.7,3.3,323,20,324,29.85,0.4,0,0,0,39.9,42.4,46.6,0.28,0.07,0.22
WOLC,2019-11-08 11:00:00 EST,43.22868,-76.84261,398,29.0,28.1,19.5,58.2,16.1,0.000,0.041,0.00,0.000,10.1,17.5,3.2,322,18,10.8,18.8,3.1,327,17,10.8,18.8,3.1,327,17,436,29.85,0.2,0,0,0,40.1,42.4,46.5,0.28,0.07,0.22
WOLC,2019-11-08 11:05:00 EST,43.22868,-76.84261,398,29.1,28.3,21.0,58.9,16.5,0.000,0.041,0.00,0.000,7.8,13.4,2.2,311,20,8.4,15.4,2.3,315,19,8.4,15.4,2.3,315,19,400,29.85,0.3,0,0,0,40.1,42.4,46.4,0.27,0.07,0.22
WOLC,2019-11-08 11:10:00 EST,43.22868,-76.84261,398,29.6,28.7,21.4,60.0,17.4,0.000,0.041,0.00,0.000,8.2,15.1,2.8,308,21,8.8,16.4,2.9,313,19,8.8,16.4,2.9,313,19,426,29.85,0.2,0,0,0,40.1,42.4,46.4,0.28,0.07,0.22
WOLC,2019-11-08 11:15:00 EST,43.22868,-76.84261,398,28.4,27.8,18.8,64.8,18.1,0.000,0.041,0.00,0.000,10.4,16.3,2.6,314,17,10.9,17.6,2.6,318,19,10.9,17.6,2.6,318,19,178,29.85,0.2,0,0,0,40.1,42.4,46.4,0.28,0.07,0.22
WOLC,2019-11-08 11:20:00 EST,43.22868,-76.84261,398,27.8,27.4,19.6,67.9,18.6,0.000,0.041,0.00,0.000,7.4,13.0,2.3,319,20,8.3,16.3,2.4,323,21,8.3,16.3,2.4,323,21,256,29.85,0.3,0,0,0,40.1,42.4,46.4,0.28,0.07,0.22
WOLC,2019-11-08 11:25:00 EST,43.22868,-76.84261,398,28.7,28.1,21.2,66.9,19.1,0.000,0.041,0.00,0.000,6.6,14.8,3.7,313,21,7.3,16.6,3.7,315,20,7.3,16.6,3.7,315,20,270,29.85,0.2,0,0,0,40.3,42.4,46.4,0.28,0.07,0.22
WOLC,2019-11-08 11:30:00 EST,43.22868,-76.84261,398,28.3,27.7,20.0,68.1,19.1,0.000,0.041,0.00,0.000,7.7,16.1,2.7,289,23,8.5,17.0,3.0,293,21,8.5,17.0,3.0,293,21,208,29.85,0.2,0,0,0,40.3,42.4,46.4,0.28,0.07,0.22
WOLC,2019-11-08 11:35:00 EST,43.22868,-76.84261,398,28.0,27.5,20.7,68.6,19.1,0.000,0.041,0.00,0.000,6.2,12.1,2.4,287,21,7.1,13.2,2.6,291,18,7.1,13.2,2.6,291,18,171,29.85,0.3,0,0,0,40.3,42.4,46.4,0.28,0.07,0.22
WOLC,2019-11-08 11:40:00 EST,43.22868,-76.84261,398,28.3,27.9,21.0,67.8,19.1,0.000,0.041,0.00,0.000,6.5,12.1,2.5,289,21,7.2,13.7,2.6,291,19,7.2,13.7,2.6,291,19,181,29.85,0.2,0,0,0,40.3,42.4,46.4,0.28,0.07,0.22
WOLC,2019-11-08 11:45:00 EST,43.22868,-76.84261,398,28.1,27.7,19.6,65.5,18.1,0.000,0.041,0.00,0.000,8.3,16.1,3.9,299,18,8.9,18.0,3.8,304,18,8.9,18.0,3.8,304,18,126,29.85,0.1,0,0,0,40.3,42.4,46.4,0.28,0.07,0.22
WOLC,2019-11-08 11:50:00 EST,43.22868,-76.84261,398,27.9,27.4,20.2,64.4,17.4,0.000,0.041,0.00,0.000,6.9,14.1,2.9,297,17,7.4,16.4,2.7,302,18,7.4,16.4,2.7,302,18,227,29.85,0.2,0,0,0,40.3,42.4,46.4,0.28,0.07,0.22
WOLC,2019-11-08 11:55:00 EST,43.22868,-76.84261,398,28.3,27.8,20.2,63.4,17.5,0.000,0.041,0.00,0.000,7.4,12.6,2.2,283,18,8.3,14.3,2.4,284,14,8.3,14.3,2.4,284,14,195,29.85,0.2,0,0,0,40.3,42.4,46.4,0.28,0.07,0.22
WOLC,2019-11-08 12:00:00 EST,43.22868,-76.84261,398,28.4,27.9,20.2,63.4,17.5,0.000,0.041,0.00,0.000,7.5,15.9,2.6,294,19,8.3,18.5,3.0,295,19,8.3,18.5,3.0,295,19,235,29.85,0.2,0,0,0,40.3,42.4,46.4,0.28,0.07,0.22
WOLC,2019-11-08 12:05:00 EST,43.22868,-76.84261,398,28.3,27.8,19.6,64.6,17.9,0.000,0.041,0.00,0.000,8.6,14.3,2.2,299,16,9.1,14.6,2.3,305,17,9.1,14.6,2.3,305,17,200,29.85,0.1,0,0,0,40.3,42.4,46.4,0.28,0.07,0.22
WOLC,2019-11-08 12:10:00 EST,43.22868,-76.84261,398,27.1,26.6,18.3,73.4,19.7,0.000,0.041,0.00,0.000,8.1,16.1,2.4,296,22,8.9,19.2,2.8,299,20,8.9,19.2,2.8,299,20,103,29.85,0.2,0,0,0,40.3,42.4,46.4,0.28,0.07,0.22
WOLC,2019-11-08 12:15:00 EST,43.22868,-76.84261,398,26.5,26.1,17.8,80.3,21.3,0.000,0.041,0.00,0.000,8.0,12.5,2.3,300,16,8.5,13.8,2.3,303,16,8.5,13.8,2.3,303,16,122,29.85,0.2,0,0,0,40.3,42.4,46.4,0.28,0.07,0.22
WOLC,2019-11-08 12:20:00 EST,43.22868,-76.84261,398,26.6,26.2,19.4,83.4,22.3,0.000,0.041,0.00,0.000,5.5,12.5,2.5,278,24,6.5,13.8,2.7,280,24,6.5,13.8,2.7,280,24,128,29.84,0.1,0,0,0,40.3,42.4,46.4,0.28,0.07,0.22
WOLC,2019-11-08 12:25:00 EST,43.22868,-76.84261,398,26.7,26.2,19.4,81.9,21.9,0.009,0.050,0.00,0.009,5.7,9.6,1.8,270,22,6.6,11.0,1.9,273,20,6.6,11.0,1.9,273,20,119,29.84,0.1,0,0,0,40.3,42.4,46.4,0.28,0.07,0.22
WOLC,2019-11-08 12:30:00 EST,43.22868,-76.84261,398,27.2,26.8,19.6,78.9,21.5,0.000,0.050,0.00,0.009,6.3,12.6,2.8,274,17,7.1,14.9,3.1,277,16,7.1,14.9,3.1,277,16,175,29.84,0.1,0,0,0,40.3,42.4,46.4,0.28,0.07,0.22
WOLC,2019-11-08 12:35:00 EST,43.22868,-76.84261,398,27.6,27.2,21.0,76.0,21.0,0.000,0.050,0.00,0.009,5.3,10.8,2.4,287,19,5.9,12.2,2.7,290,18,5.9,12.2,2.7,290,18,118,29.84,0.1,0,0,0,40.3,42.4,46.4,0.28,0.07,0.22
WOLC,2019-11-08 12:40:00 EST,43.22868,-76.84261,398,27.6,27.2,20.0,76.2,21.1,0.000,0.050,0.00,0.009,6.4,10.7,2.0,270,22,7.3,12.8,2.2,272,20,7.3,12.8,2.2,272,20,105,29.84,0.1,0,0,0,40.3,42.4,46.4,0.28,0.07,0.22
WOLC,2019-11-08 12:45:00 EST,43.22868,-76.84261,398,27.7,27.1,20.6,79.5,22.2,0.000,0.050,0.00,0.009,5.8,8.9,1.8,273,20,6.6,10.6,2.0,276,18,6.6,10.6,2.0,276,18,298,29.84,0.1,0,0,0,40.3,42.4,46.4,0.28,0.07,0.22
WOLC,2019-11-08 12:50:00 EST,43.22868,-76.84261,398,28.3,27.6,20.7,77.5,22.2,0.000,0.050,0.00,0.009,6.6,13.8,2.4,294,20,7.5,15.8,2.7,294,19,7.5,15.8,2.7,294,19,217,29.84,0.1,0,0,0,40.3,42.4,46.4,0.28,0.07,0.22
WOLC,2019-11-08 12:55:00 EST,43.22868,-76.84261,398,28.0,27.6,20.2,72.2,20.2,0.000,0.050,0.00,0.009,7.1,16.7,3.2,302,21,7.7,15.6,3.3,303,20,7.7,15.6,3.3,303,20,119,29.84,0.0,0,0,0,40.3,42.4,46.4,0.28,0.07,0.22
WOLC,2019-11-08 13:00:00 EST,43.22868,-76.84261,398,28.4,27.8,20.7,69.3,19.6,0.000,0.050,0.00,0.009,6.7,10.8,2.4,312,24,7.6,13.5,2.3,315,22,7.6,13.5,2.3,315,22,305,29.84,0.1,0,0,0,40.3,42.4,46.4,0.28,0.07,0.22
WOLC,2019-11-08 13:05:00 EST,43.22868,-76.84261,398,28.5,27.9,20.3,67.0,18.9,0.000,0.050,0.00,0.009,7.9,13.9,2.4,317,16,8.3,17.2,2.8,321,16,8.3,17.2,2.8,321,16,309,29.84,0.2,0,0,0,40.3,42.4,46.4,0.28,0.07,0.22
WOLC,2019-11-08 13:10:00 EST,43.22868,-76.84261,398,29.3,28.7,20.9,64.2,18.7,0.000,0.050,0.00,0.009,8.3,16.6,3.3,292,20,9.1,17.7,3.2,294,20,9.1,17.7,3.2,294,20,209,29.84,0.1,0,0,0,40.3,42.4,46.4,0.28,0.07,0.22
WOLC,2019-11-08 13:15:00 EST,43.22868,-76.84261,398,28.9,28.5,21.4,60.9,17.1,0.000,0.050,0.00,0.009,6.8,12.1,2.3,296,23,7.5,12.9,2.3,298,22,7.5,12.9,2.3,298,22,270,29.84,0.3,0,0,0,40.3,42.4,46.4,0.28,0.07,0.22
WOLC,2019-11-08 13:20:00 EST,43.22868,-76.84261,398,30.2,29.3,21.0,58.0,17.1,0.000,0.050,0.00,0.009,10.3,18.6,3.3,302,17,10.8,18.0,3.3,304,17,10.8,18.0,3.3,304,17,554,29.84,0.2,0,0,0,40.3,42.4,46.4,0.28,0.07,0.22
WOLC,2019-11-08 13:25:00 EST,43.22868,-76.84261,398,29.2,28.6,19.7,59.7,16.9,0.000,0.050,0.00,0.000,10.5,18.6,3.3,309,18,11.2,19.3,3.3,310,17,11.2,19.3,3.3,310,17,200,29.84,0.1,0,0,0,40.3,42.4,46.4,0.28,0.07,0.22
WOLC,2019-11-08 13:30:00 EST,43.22868,-76.84261,398,28.6,28.1,19.7,61.8,17.2,0.000,0.050,0.00,0.000,9.2,15.3,2.8,306,16,9.7,17.0,2.8,310,15,9.7,17.0,2.8,310,15,353,29.84,0.2,0,0,0,40.4,42.4,46.4,0.28,0.07,0.22
WOLC,2019-11-08 13:35:00 EST,43.22868,-76.84261,398,29.3,28.7,21.9,61.7,17.7,0.000,0.050,0.00,0.000,6.8,14.0,2.8,314,21,7.4,14.7,2.8,318,20,7.4,14.7,2.8,318,20,158,29.84,0.1,0,0,0,40.5,42.4,46.4,0.28,0.07,0.22
WOLC,2019-11-08 13:40:00 EST,43.22868,-76.84261,398,28.4,28.1,20.5,58.9,15.9,0.000,0.050,0.00,0.000,7.5,14.7,2.8,319,17,7.9,15.2,2.7,323,19,7.9,15.2,2.7,323,19,149,29.84,0.4,0,0,0,40.5,42.4,46.3,0.28,0.07,0.22
WOLC,2019-11-08 13:45:00 EST,43.22868,-76.84261,398,29.0,28.6,22.3,58.2,16.1,0.000,0.050,0.00,0.000,5.8,10.6,1.9,322,26,6.5,11.9,2.3,324,26,6.5,11.9,2.3,324,26,194,29.84,0.1,0,0,0,40.5,42.4,46.3,0.28,0.07,0.22
WOLC,2019-11-08 13:50:00 EST,43.22868,-76.84261,398,28.4,28.1,20.1,58.4,15.6,0.000,0.050,0.00,0.000,7.7,12.8,2.1,323,18,8.5,15.9,2.2,326,17,8.5,15.9,2.2,326,17,142,29.84,0.1,0,0,0,40.5,42.4,46.3,0.28,0.07,0.22
WOLC,2019-11-08 13:55:00 EST,43.22868,-76.84261,398,28.5,28.1,21.2,59.9,16.3,0.000,0.050,0.00,0.000,6.6,13.1,3.0,299,19,7.0,15.4,3.2,301,20,7.0,15.4,3.2,301,20,207,29.84,0.1,0,0,0,40.5,42.4,46.2,0.28,0.07,0.22
WOLC,2019-11-08 14:00:00 EST,43.22868,-76.84261,398,30.0,29.1,22.2,57.9,17.0,0.000,0.050,0.00,0.000,7.6,15.1,3.2,315,20,8.3,17.0,3.2,319,20,8.3,17.0,3.2,319,20,454,29.84,0.3,0,0,0,40.5,42.4,46.2,0.28,0.07,0.22
WOLC,2019-11-08 14:05:00 EST,43.22868,-76.84261,398,30.5,29.5,23.6,54.6,16.0,0.000,0.050,0.00,0.000,6.5,12.6,2.2,312,21,7.1,11.4,2.1,315,22,7.1,11.4,2.1,315,22,430,29.84,0.0,0,0,0,40.5,42.4,46.0,0.28,0.07,0.22
WOLC,2019-11-08 14:10:00 EST,43.22868,-76.84261,398,29.8,29.3,24.0,55.2,15.7,0.000,0.050,0.00,0.000,5.0,10.7,1.9,313,24,5.5,13.2,2.1,317,23,5.5,13.2,2.1,317,23,170,29.84,0.1,0,0,0,40.5,42.4,46.0,0.28,0.07,0.22
WOLC,2019-11-08 14:15:00 EST,43.22868,-76.84261,398,28.9,28.6,20.9,56.0,15.2,0.000,0.050,0.00,0.000,7.6,13.7,2.4,323,16,8.3,13.2,2.4,327,14,8.3,13.2,2.4,327,14,154,29.84,0.1,0,0,0,40.6,42.4,46.0,0.28,0.07,0.22
WOLC,2019-11-08 14:20:00 EST,43.22868,-76.84261,398,29.4,28.8,20.8,55.0,15.2,0.000,0.050,0.00,0.000,9.0,16.7,3.0,317,19,9.5,19.6,3.3,323,19,9.5,19.6,3.3,323,19,295,29.84,0.1,0,0,0,40.6,42.4,46.0,0.28,0.07,0.22
WOLC,2019-11-08 14:25:00 EST,43.22868,-76.84261,398,29.2,28.7,23.3,56.0,15.4,0.000,0.050,0.00,0.000,4.9,8.8,1.9,314,20,5.5,10.7,1.9,316,22,5.5,10.7,1.9,316,22,243,29.84,0.1,0,0,0,40.6,42.4,46.0,0.28,0.07,0.22
WOLC,2019-11-08 14:30:00 EST,43.22868,-76.84261,398,30.1,29.4,22.8,56.0,16.3,0.000,0.050,0.00,0.000,6.8,12.3,2.5,295,27,7.6,15.0,2.7,297,26,7.6,15.0,2.7,297,26,306,29.84,0.0,0,0,0,40.6,42.4,46.0,0.28,0.07,0.22
WOLC,2019-11-08 14:35:00 EST,43.22868,-76.84261,398,29.9,29.2,22.2,56.2,16.2,0.000,0.050,0.00,0.000,7.2,16.8,3.8,282,23,8.1,17.6,4.1,287,21,8.1,17.6,4.1,287,21,316,29.84,0.0,0,0,0,40.6,42.4,46.0,0.28,0.07,0.22
WOLC,2019-11-08 14:40:00 EST,43.22868,-76.84261,398,30.1,29.4,22.0,55.3,16.0,0.000,0.050,0.00,0.000,8.4,13.7,2.0,318,21,9.0,14.2,2.3,322,20,9.0,14.2,2.3,322,20,370,29.84,0.1,0,0,0,40.6,42.4,46.0,0.28,0.07,0.22
WOLC,2019-11-08 14:45:00 EST,43.22868,-76.84261,398,30.5,29.9,24.2,56.1,16.7,0.000,0.050,0.00,0.000,5.7,14.6,3.1,305,24,6.3,15.7,3.2,310,22,6.3,15.7,3.2,310,22,348,29.84,0.1,0,0,0,40.6,42.4,46.0,0.28,0.07,0.22
WOLC,2019-11-08 14:50:00 EST,43.22868,-76.84261,398,31.2,30.3,25.4,55.1,16.9,0.000,0.050,0.00,0.000,5.1,11.1,2.4,310,25,5.9,11.7,2.5,315,26,5.9,11.7,2.5,315,26,325,29.84,-0.1,0,0,0,40.6,42.4,46.0,0.28,0.07,0.22
WOLC,2019-11-08 14:55:00 EST,43.22868,-76.84261,398,30.1,29.4,23.4,56.6,16.5,0.000,0.050,0.00,0.000,6.2,11.1,2.3,302,19,6.7,11.7,2.3,303,19,6.7,11.7,2.3,303,19,273,29.84,0.1,0,0,0,40.7,42.4,46.0,0.28,0.07,0.22
WOLC,2019-11-08 15:00:00 EST,43.22868,-76.84261,398,30.5,29.9,24.8,59.3,18.0,0.000,0.050,0.00,0.000,4.9,10.0,2.0,295,23,5.5,10.5,2.0,298,21,5.5,10.5,2.0,298,21,123,29.84,0.0,0,0,0,40.7,42.4,46.0,0.28,0.07,0.22
WOLC,2019-11-08 15:05:00 EST,43.22868,-76.84261,398,29.4,29.0,21.4,58.3,16.6,0.000,0.050,0.00,0.000,8.1,12.3,1.9,311,20,8.5,11.8,2.1,315,19,8.5,11.8,2.1,315,19,147,29.84,0.1,0,0,0,40.8,42.4,46.0,0.28,0.07,0.22
WOLC,2019-11-08 15:10:00 EST,43.22868,-76.84261,398,29.6,29.2,23.6,58.5,16.8,0.000,0.050,0.00,0.000,5.2,9.7,1.9,295,23,5.8,12.0,2.1,298,21,5.8,12.0,2.1,298,21,122,29.84,0.1,0,0,0,40.8,42.4,46.0,0.28,0.07,0.22
WOLC,2019-11-08 15:15:00 EST,43.22868,-76.84261,398,29.7,29.2,21.6,59.1,17.1,0.000,0.050,0.00,0.000,7.7,12.6,2.7,286,13,8.7,14.1,2.9,289,12,8.7,14.1,2.9,289,12,145,29.85,0.1,0,0,0,40.8,42.4,46.0,0.28,0.07,0.22
WOLC,2019-11-08 15:20:00 EST,43.22868,-76.84261,398,29.3,29.0,22.3,58.8,16.6,0.000,0.050,0.00,0.000,6.4,11.7,2.0,308,18,6.9,13.0,2.1,313,14,6.9,13.0,2.1,313,14,74,29.85,0.1,0,0,0,40.8,42.4,46.0,0.28,0.07,0.22
WOLC,2019-11-08 15:25:00 EST,43.22868,-76.84261,398,29.7,29.3,22.8,59.2,17.1,0.000,0.050,0.00,0.000,6.0,12.9,2.0,280,20,6.8,13.7,2.3,283,18,6.8,13.7,2.3,283,18,219,29.85,0.1,0,0,0,40.8,42.4,46.0,0.28,0.07,0.22
WOLC,2019-11-08 15:30:00 EST,43.22868,-76.84261,398,30.0,29.5,24.3,58.2,17.1,0.000,0.050,0.00,0.000,5.1,13.0,2.3,294,18,5.6,15.1,2.4,298,15,5.6,15.1,2.4,298,15,151,29.85,0.1,0,0,0,40.7,42.4,46.0,0.28,0.07,0.22
WOLC,2019-11-08 15:35:00 EST,43.22868,-76.84261,398,30.3,29.8,24.5,58.4,17.5,0.000,0.050,0.00,0.000,5.0,10.2,2.5,283,24,5.7,12.6,2.7,286,23,5.7,12.6,2.7,286,23,155,29.85,0.0,0,0,0,40.6,42.4,46.0,0.28,0.07,0.22
WOLC,2019-11-08 15:40:00 EST,43.22868,-76.84261,398,29.7,29.4,22.6,58.9,17.1,0.000,0.050,0.00,0.000,6.4,10.6,2.1,278,18,7.2,12.8,2.5,281,16,7.2,12.8,2.5,281,16,110,29.85,0.1,0,0,0,40.6,42.4,46.0,0.28,0.07,0.22
WOLC,2019-11-08 15:45:00 EST,43.22868,-76.84261,398,29.8,29.5,25.3,61.4,18.1,0.000,0.050,0.00,0.000,3.5,8.0,1.6,288,30,4.1,9.6,1.8,292,29,4.1,9.6,1.8,292,29,92,29.85,0.1,0,0,0,40.6,42.4,46.0,0.28,0.07,0.22
WOLC,2019-11-08 15:50:00 EST,43.22868,-76.84261,398,29.8,29.4,23.6,60.5,17.8,0.000,0.050,0.00,0.000,5.3,10.1,2.0,288,24,6.0,10.0,1.9,291,23,6.0,10.0,1.9,291,23,89,29.85,0.1,0,0,0,40.6,42.4,46.0,0.28,0.07,0.22
WOLC,2019-11-08 15:55:00 EST,43.22868,-76.84261,398,29.6,29.4,22.6,60.0,17.4,0.000,0.050,0.00,0.000,6.5,12.0,2.2,287,23,7.1,12.5,2.3,291,21,7.1,12.5,2.3,291,21,78,29.85,0.1,0,0,0,40.6,42.4,46.0,0.28,0.07,0.22
WOLC,2019-11-08 16:00:00 EST,43.22868,-76.84261,398,29.6,29.3,23.6,61.4,17.9,0.000,0.050,0.00,0.000,5.1,10.6,2.0,292,22,5.7,11.6,2.3,296,21,5.7,11.6,2.3,296,21,62,29.85,0.1,0,0,0,40.6,42.4,46.0,0.28,0.07,0.22
WOLC,2019-11-08 16:05:00 EST,43.22868,-76.84261,398,29.5,29.4,22.7,61.0,17.8,0.000,0.050,0.00,0.000,6.2,10.9,2.2,292,24,6.8,12.0,2.3,295,23,6.8,12.0,2.3,295,23,49,29.85,0.0,0,0,0,40.6,42.4,46.0,0.28,0.07,0.22
WOLC,2019-11-08 16:10:00 EST,43.22868,-76.84261,398,29.5,29.4,24.2,60.5,17.5,0.000,0.050,0.00,0.000,4.6,9.2,1.9,304,17,5.0,8.4,1.7,308,16,5.0,8.4,1.7,308,16,54,29.85,0.1,0,0,0,40.6,42.4,46.0,0.28,0.07,0.22
WOLC,2019-11-08 16:15:00 EST,43.22868,-76.84261,398,29.6,29.4,23.9,59.5,17.2,0.000,0.050,0.00,0.000,5.1,9.5,2.1,309,20,5.4,9.3,2.2,313,19,5.4,9.3,2.2,313,19,50,29.85,0.1,0,0,0,40.5,42.4,46.0,0.28,0.07,0.22
WOLC,2019-11-08 16:20:00 EST,43.22868,-76.84261,398,29.6,29.4,24.0,59.4,17.2,0.000,0.050,0.00,0.000,4.8,7.9,1.4,308,19,5.3,8.1,1.4,312,18,5.3,8.1,1.4,312,18,43,29.85,0.0,0,0,0,40.5,42.4,46.0,0.28,0.07,0.22
WOLC,2019-11-08 16:25:00 EST,43.22868,-76.84261,398,29.4,29.3,23.9,59.9,17.2,0.000,0.050,0.00,0.000,4.5,9.6,2.0,298,26,5.1,9.5,2.1,300,25,5.1,9.5,2.1,300,25,23,29.85,0.0,0,0,0,40.5,42.4,46.0,0.28,0.07,0.22
WOLC,2019-11-08 16:30:00 EST,43.22868,-76.84261,398,29.2,29.2,23.8,60.1,17.1,0.000,0.050,0.00,0.000,4.4,9.9,2.0,300,19,5.0,11.3,2.1,305,17,5.0,11.3,2.1,305,17,16,29.86,0.1,0,0,0,40.5,42.4,46.0,0.28,0.07,0.22
WOLC,2019-11-08 16:35:00 EST,43.22868,-76.84261,398,29.1,29.2,23.4,59.7,16.8,0.000,0.050,0.00,0.000,4.9,9.7,1.6,306,22,5.3,10.0,1.6,311,20,5.3,10.0,1.6,311,20,15,29.86,0.1,0,0,0,40.3,42.4,46.0,0.28,0.07,0.22
WOLC,2019-11-08 16:40:00 EST,43.22868,-76.84261,398,29.0,29.1,23.1,60.7,17.1,0.000,0.050,0.00,0.000,5.0,9.9,1.8,299,21,5.5,9.5,1.7,302,20,5.5,9.5,1.7,302,20,12,29.86,0.1,0,0,0,40.3,42.4,46.0,0.28,0.08,0.22
WOLC,2019-11-08 16:45:00 EST,43.22868,-76.84261,398,29.1,29.1,23.0,60.7,17.2,0.000,0.050,0.00,0.000,5.1,8.8,1.7,291,20,5.7,9.4,1.7,295,18,5.7,9.4,1.7,295,18,9,29.86,0.1,0,0,0,40.3,42.4,46.0,0.28,0.08,0.22
WOLC,2019-11-08 16:50:00 EST,43.22868,-76.84261,398,29.0,29.1,23.9,61.5,17.4,0.000,0.050,0.00,0.000,4.1,7.2,1.4,282,19,4.6,8.7,1.5,286,17,4.6,8.7,1.5,286,17,5,29.86,0.0,0,0,0,40.2,42.4,46.0,0.28,0.08,0.22
WOLC,2019-11-08 16:55:00 EST,43.22868,-76.84261,398,28.6,28.9,28.6,63.8,17.9,0.000,0.050,0.00,0.000,2.6,5.0,1.1,279,27,3.0,5.6,1.1,281,25,3.0,5.6,1.1,281,25,3,29.86,0.1,0,0,0,40.1,42.4,46.0,0.28,0.07,0.22
WOLC,2019-11-08 17:00:00 EST,43.22868,-76.84261,398,28.6,28.9,24.0,64.2,18.0,0.000,0.050,0.00,0.000,3.6,5.6,0.9,275,17,4.1,6.4,1.1,280,16,4.1,6.4,1.1,280,16,2,29.86,0.1,0,0,0,40.1,42.4,46.0,0.28,0.07,0.22
WOLC,2019-11-08 17:05:00 EST,43.22868,-76.84261,398,28.7,29.0,24.5,63.9,18.0,0.000,0.050,0.00,0.000,3.3,7.3,1.3,284,17,3.8,9.2,1.5,285,14,3.8,9.2,1.5,285,14,1,29.86,0.1,0,0,0,40.0,42.4,46.0,0.28,0.07,0.22
WOLC,2019-11-08 17:10:00 EST,43.22868,-76.84261,398,28.8,29.0,24.7,63.3,17.9,0.000,0.050,0.00,0.000,3.3,6.9,1.3,283,21,3.7,7.6,1.5,288,21,3.7,7.6,1.5,288,21,0,29.86,0.1,0,0,0,39.9,42.4,45.9,0.28,0.07,0.22
WOLC,2019-11-08 17:15:00 EST,43.22868,-76.84261,398,28.8,29.0,28.8,63.9,18.1,0.000,0.050,0.00,0.000,2.5,6.4,1.1,267,17,2.9,6.9,1.1,270,18,2.9,6.9,1.1,270,18,0,29.86,0.1,0,0,0,39.9,42.4,45.9,0.28,0.07,0.22
WOLC,2019-11-08 17:20:00 EST,43.22868,-76.84261,398,28.6,28.9,25.1,65.0,18.3,0.000,0.050,0.00,0.000,2.9,4.3,0.8,252,11,3.3,5.2,0.9,254,12,3.3,5.2,0.9,254,12,0,29.86,0.1,0,0,0,39.7,42.4,45.9,0.28,0.07,0.22
WOLC,2019-11-08 17:25:00 EST,43.22868,-76.84261,398,28.6,28.8,25.3,65.1,18.4,0.000,0.050,0.00,0.000,2.8,5.6,1.1,242,20,3.1,7.0,1.2,246,21,3.1,7.0,1.2,246,21,0,29.86,0.1,0,0,0,39.7,42.4,45.9,0.28,0.07,0.22
WOLC,2019-11-08 17:30:00 EST,43.22868,-76.84261,398,28.8,28.9,24.8,65.3,18.6,0.000,0.050,0.00,0.000,3.1,7.5,1.4,262,19,3.6,9.0,1.6,266,20,3.6,9.0,1.6,266,20,0,29.87,0.1,0,0,0,39.7,42.4,45.9,0.28,0.07,0.22
WOLC,2019-11-08 17:35:00 EST,43.22868,-76.84261,398,28.8,28.9,28.8,65.0,18.5,0.000,0.050,0.00,0.000,2.5,5.0,0.9,254,21,3.0,6.1,1.0,255,19,3.0,6.1,1.0,255,19,0,29.87,0.1,0,0,0,39.6,42.4,45.9,0.28,0.07,0.22
WOLC,2019-11-08 17:40:00 EST,43.22868,-76.84261,398,28.6,28.8,25.0,64.8,18.3,0.000,0.050,0.00,0.000,2.9,4.8,1.0,253,14,3.4,5.5,1.0,255,15,3.4,5.5,1.0,255,15,0,29.87,0.1,0,0,0,39.6,42.4,45.9,0.28,0.07,0.22
WOLC,2019-11-08 17:45:00 EST,43.22868,-76.84261,398,28.6,28.7,22.7,65.1,18.3,0.000,0.050,0.00,0.000,4.8,7.6,1.4,243,15,5.4,8.3,1.4,246,16,5.4,8.3,1.4,246,16,0,29.87,0.1,0,0,0,39.6,42.4,45.9,0.28,0.07,0.22
WOLC,2019-11-08 17:50:00 EST,43.22868,-76.84261,398,28.5,28.6,22.7,64.8,18.2,0.000,0.050,0.00,0.000,4.7,7.1,1.0,247,11,5.3,7.7,1.0,250,11,5.3,7.7,1.0,250,11,0,29.87,0.0,0,0,0,39.5,42.4,45.9,0.28,0.07,0.22
WOLC,2019-11-08 17:55:00 EST,43.22868,-76.84261,398,28.3,28.5,21.3,65.4,18.2,0.000,0.050,0.00,0.000,6.0,9.6,1.5,247,11,6.7,11.4,1.4,250,10,6.7,11.4,1.4,250,10,0,29.87,0.1,0,0,0,39.4,42.4,45.9,0.28,0.07,0.22
WOLC,2019-11-08 18:00:00 EST,43.22868,-76.84261,398,28.2,28.4,21.7,66.0,18.3,0.000,0.050,0.00,0.000,5.3,8.9,1.6,247,13,5.9,9.7,1.8,251,12,5.9,9.7,1.8,251,12,0,29.87,0.0,0,0,0,39.4,42.4,45.9,0.28,0.07,0.22
WOLC,2019-11-08 18:05:00 EST,43.22868,-76.84261,398,28.0,28.3,21.2,66.7,18.4,0.000,0.050,0.00,0.000,5.7,8.7,1.2,248,13,6.3,11.0,1.4,252,11,6.3,11.0,1.4,252,11,0,29.88,0.1,0,0,0,39.4,42.4,45.9,0.28,0.07,0.22
WOLC,2019-11-08 18:10:00 EST,43.22868,-76.84261,398,27.9,28.2,21.9,66.9,18.4,0.000,0.050,0.00,0.000,4.8,7.7,1.2,248,14,5.3,8.6,1.3,252,15,5.3,8.6,1.3,252,15,0,29.88,0.0,0,0,0,39.3,42.4,45.9,0.28,0.07,0.22
WOLC,2019-11-08 18:15:00 EST,43.22868,-76.84261,398,27.7,28.0,21.2,68.1,18.6,0.000,0.050,0.00,0.000,5.5,8.3,1.1,240,11,5.9,8.6,1.2,242,11,5.9,8.6,1.2,242,11,0,29.88,0.1,0,0,0,39.2,42.4,45.9,0.28,0.07,0.22
WOLC,2019-11-08 18:20:00 EST,43.22868,-76.84261,398,27.8,28.1,21.6,68.4,18.7,0.000,0.050,0.00,0.000,5.0,7.8,1.1,242,12,5.5,8.9,1.2,244,12,5.5,8.9,1.2,244,12,0,29.88,0.1,0,0,0,39.2,42.4,45.9,0.28,0.07,0.22
WOLC,2019-11-08 18:25:00 EST,43.22868,-76.84261,398,27.9,28.1,21.2,68.4,18.8,0.000,0.050,0.00,0.000,5.6,9.5,1.6,236,10,6.2,11.0,1.7,238,11,6.2,11.0,1.7,238,11,0,29.88,0.1,0,0,0,39.2,42.4,45.9,0.28,0.07,0.22
WOLC,2019-11-08 18:30:00 EST,43.22868,-76.84261,398,27.8,28.0,21.7,68.7,18.9,0.000,0.050,0.00,0.000,5.0,7.3,1.1,234,10,5.5,7.9,1.1,237,10,5.5,7.9,1.1,237,10,0,29.88,0.0,0,0,0,39.2,42.4,45.9,0.28,0.07,0.22
WOLC,2019-11-08 18:35:00 EST,43.22868,-76.84261,398,27.9,28.0,21.1,69.2,19.1,0.000,0.050,0.00,0.000,5.6,8.4,1.3,234,12,6.2,9.3,1.3,236,12,6.2,9.3,1.3,236,12,0,29.88,0.1,0,0,0,39.2,42.4,45.9,0.28,0.07,0.22
WOLC,2019-11-08 18:40:00 EST,43.22868,-76.84261,398,27.9,27.9,20.3,69.1,19.1,0.000,0.050,0.00,0.000,6.7,12.3,2.0,241,14,7.4,14.3,2.2,243,13,7.4,14.3,2.2,243,13,0,29.88,0.1,0,0,0,39.1,42.4,45.9,0.28,0.07,0.22
WOLC,2019-11-08 18:45:00 EST,43.22868,-76.84261,398,27.7,27.9,19.9,69.3,19.0,0.000,0.050,0.00,0.000,7.1,12.6,1.6,244,13,7.6,15.9,1.9,248,13,7.6,15.9,1.9,248,13,0,29.88,0.1,0,0,0,39.0,42.4,45.9,0.28,0.07,0.22
WOLC,2019-11-08 18:50:00 EST,43.22868,-76.84261,398,27.6,27.7,19.4,69.8,19.0,0.000,0.050,0.00,0.000,7.3,11.7,1.6,239,11,8.0,12.5,1.8,240,12,8.0,12.5,1.8,240,12,0,29.88,0.1,0,0,0,39.0,42.4,45.9,0.28,0.07,0.22
WOLC,2019-11-08 18:55:00 EST,43.22868,-76.84261,398,27.4,27.5,20.1,70.4,19.1,0.000,0.050,0.00,0.000,6.2,10.1,1.5,235,11,6.8,10.8,1.6,236,11,6.8,10.8,1.6,236,11,0,29.88,0.1,0,0,0,39.0,42.4,45.9,0.28,0.07,0.22
WOLC,2019-11-08 19:00:00 EST,43.22868,-76.84261,398,27.4,27.5,19.5,70.8,19.1,0.000,0.050,0.00,0.000,7.0,11.8,1.4,238,15,7.5,13.0,1.5,240,16,7.5,13.0,1.5,240,16,0,29.88,0.1,0,0,0,38.9,42.4,45.9,0.28,0.07,0.22
WOLC,2019-11-08 19:05:00 EST,43.22868,-76.84261,398,27.3,27.3,19.9,70.8,19.0,0.000,0.050,0.00,0.000,6.3,10.1,1.7,239,14,6.9,10.7,1.8,241,13,6.9,10.7,1.8,241,13,0,29.88,0.1,0,0,0,38.8,42.4,45.9,0.28,0.07,0.22
WOLC,2019-11-08 19:10:00 EST,43.22868,-76.84261,398,27.1,27.3,19.6,70.7,18.8,0.000,0.050,0.00,0.000,6.4,9.9,1.8,242,14,7.0,12.0,1.9,245,13,7.0,12.0,1.9,245,13,0,29.88,0.1,0,0,0,38.8,42.4,45.9,0.28,0.07,0.22
WOLC,2019-11-08 19:15:00 EST,43.22868,-76.84261,398,26.9,27.2,19.7,71.1,18.8,0.000,0.050,0.00,0.000,6.0,11.3,2.1,251,13,6.6,12.2,2.3,254,13,6.6,12.2,2.3,254,13,0,29.88,0.1,0,0,0,38.8,42.4,45.9,0.28,0.07,0.22
WOLC,2019-11-08 19:20:00 EST,43.22868,-76.84261,398,27.1,27.3,18.5,69.7,18.5,0.000,0.050,0.00,0.000,8.0,11.8,1.9,244,10,8.6,12.8,2.0,247,9,8.6,12.8,2.0,247,9,0,29.88,0.1,0,0,0,38.7,42.4,45.9,0.28,0.07,0.22
WOLC,2019-11-08 19:25:00 EST,43.22868,-76.84261,398,26.9,27.2,19.3,69.6,18.3,0.000,0.050,0.00,0.000,6.4,10.1,1.8,242,11,7.1,12.1,2.0,245,11,7.1,12.1,2.0,245,11,0,29.88,0.1,0,0,0,38.7,42.3,45.9,0.28,0.07,0.22
WOLC,2019-11-08 19:30:00 EST,43.22868,-76.84261,398,26.8,27.2,18.5,69.1,18.1,0.000,0.050,0.00,0.000,7.5,11.4,1.6,242,13,8.1,12.5,1.7,245,12,8.1,12.5,1.7,245,12,0,29.88,0.1,0,0,0,38.7,42.4,45.9,0.28,0.07,0.22
WOLC,2019-11-08 19:35:00 EST,43.22868,-76.84261,398,26.8,27.1,18.9,68.5,17.8,0.000,0.050,0.00,0.000,6.9,11.9,1.9,240,11,7.4,13.6,2.0,242,11,7.4,13.6,2.0,242,11,0,29.88,0.1,0,0,0,38.5,42.3,45.9,0.28,0.07,0.22
WOLC,2019-11-08 19:40:00 EST,43.22868,-76.84261,398,26.6,26.9,18.6,69.5,18.0,0.000,0.050,0.00,0.000,6.8,8.9,1.0,238,11,7.5,10.0,1.1,239,12,7.5,10.0,1.1,239,12,0,29.88,0.1,0,0,0,38.5,42.3,45.9,0.28,0.07,0.22
WOLC,2019-11-08 19:45:00 EST,43.22868,-76.84261,398,26.5,26.8,18.5,70.1,18.1,0.000,0.050,0.00,0.000,6.7,10.0,1.5,244,14,7.4,11.9,1.6,248,14,7.4,11.9,1.6,248,14,0,29.88,0.1,0,0,0,38.4,42.3,45.9,0.28,0.07,0.22
WOLC,2019-11-08 19:50:00 EST,43.22868,-76.84261,398,26.4,26.7,19.5,70.2,18.0,0.000,0.050,0.00,0.000,5.4,8.9,1.1,237,11,6.0,9.7,1.2,239,11,6.0,9.7,1.2,239,11,0,29.88,0.0,0,0,0,38.3,42.3,45.9,0.28,0.07,0.22
WOLC,2019-11-08 19:55:00 EST,43.22868,-76.84261,398,26.4,26.7,19.0,70.0,17.9,0.000,0.050,0.00,0.000,6.2,10.2,1.6,233,13,6.7,11.9,1.6,235,12,6.7,11.9,1.6,235,12,0,29.88,0.0,0,0,0,38.3,42.3,45.9,0.28,0.07,0.22
WOLC,2019-11-08 20:00:00 EST,43.22868,-76.84261,398,26.4,26.7,18.6,69.4,17.8,0.000,0.050,0.00,0.000,6.7,11.3,1.9,237,14,7.2,11.8,2.0,240,13,7.2,11.8,2.0,240,13,0,29.88,0.0,0,0,0,38.3,42.3,45.9,0.28,0.07,0.22
WOLC,2019-11-08 20:05:00 EST,43.22868,-76.84261,398,26.3,26.6,18.9,69.5,17.7,0.000,0.050,0.00,0.000,6.0,9.7,1.4,244,13,6.6,10.9,1.6,247,12,6.6,10.9,1.6,247,12,0,29.88,0.1,0,0,0,38.2,42.3,45.9,0.28,0.07,0.22
WOLC,2019-11-08 20:10:00 EST,43.22868,-76.84261,398,26.1,26.5,19.4,70.1,17.7,0.000,0.050,0.00,0.000,5.2,9.4,1.1,240,16,5.8,9.3,1.2,242,13,5.8,9.3,1.2,242,13,0,29.88,0.1,0,0,0,38.1,42.3,45.9,0.28,0.07,0.22
WOLC,2019-11-08 20:15:00 EST,43.22868,-76.84261,398,26.1,26.5,18.3,70.1,17.7,0.000,0.050,0.00,0.000,6.7,11.7,1.7,239,9,7.1,12.5,1.8,241,9,7.1,12.5,1.8,241,9,0,29.88,0.1,0,0,0,38.1,42.3,45.9,0.28,0.07,0.22
WOLC,2019-11-08 20:20:00 EST,43.22868,-76.84261,398,26.2,26.5,17.5,69.4,17.5,0.000,0.050,0.00,0.000,7.9,14.0,2.4,231,13,8.5,14.5,2.4,233,13,8.5,14.5,2.4,233,13,0,29.88,0.1,0,0,0,38.0,42.2,45.9,0.28,0.07,0.22
WOLC,2019-11-08 20:25:00 EST,43.22868,-76.84261,398,25.8,26.3,17.4,70.5,17.6,0.000,0.050,0.00,0.000,7.3,11.8,2.0,235,12,7.9,12.5,1.9,237,12,7.9,12.5,1.9,237,12,0,29.89,0.1,0,0,0,37.9,42.1,45.9,0.28,0.07,0.22
WOLC,2019-11-08 20:30:00 EST,43.22868,-76.84261,398,25.9,26.3,18.0,70.0,17.5,0.000,0.050,0.00,0.000,6.5,11.6,2.0,241,12,7.2,13.4,2.2,245,12,7.2,13.4,2.2,245,12,0,29.89,0.0,0,0,0,37.9,42.1,45.9,0.28,0.07,0.22
WOLC,2019-11-08 20:35:00 EST,43.22868,-76.84261,398,25.7,26.1,18.4,70.5,17.4,0.000,0.050,0.00,0.000,5.8,8.9,1.5,240,11,6.4,9.5,1.5,243,12,6.4,9.5,1.5,243,12,0,29.89,0.1,0,0,0,37.9,42.1,45.9,0.28,0.07,0.22
WOLC,2019-11-08 20:40:00 EST,43.22868,-76.84261,398,25.8,26.2,17.5,69.9,17.3,0.000,0.050,0.00,0.000,7.1,12.1,1.7,243,12,7.7,12.1,1.9,246,11,7.7,12.1,1.9,246,11,0,29.89,0.1,0,0,0,37.8,42.1,45.9,0.28,0.07,0.22
WOLC,2019-11-08 20:45:00 EST,43.22868,-76.84261,398,25.8,26.2,17.8,69.7,17.3,0.000,0.050,0.00,0.000,6.7,10.9,1.6,241,10,7.4,11.4,1.6,243,11,7.4,11.4,1.6,243,11,0,29.89,0.1,0,0,0,37.8,42.1,45.9,0.28,0.07,0.22
WOLC,2019-11-08 20:50:00 EST,43.22868,-76.84261,398,25.8,26.2,17.8,69.4,17.2,0.000,0.050,0.00,0.000,6.6,11.3,1.5,240,14,7.3,12.1,1.6,242,15,7.3,12.1,1.6,242,15,0,29.89,0.1,0,0,0,37.7,42.1,45.9,0.28,0.07,0.22
WOLC,2019-11-08 20:55:00 EST,43.22868,-76.84261,398,26.0,26.4,17.5,68.8,17.2,0.000,0.050,0.00,0.000,7.4,11.8,1.5,238,12,8.1,12.0,1.6,240,12,8.1,12.0,1.6,240,12,0,29.89,0.2,0,0,0,37.6,42.1,45.9,0.28,0.07,0.22
WOLC,2019-11-08 21:00:00 EST,43.22868,-76.84261,398,26.2,26.5,17.9,67.9,17.0,0.000,0.050,0.00,0.000,7.2,12.5,2.2,239,14,7.8,13.9,2.4,243,14,7.8,13.9,2.4,243,14,0,29.89,0.1,0,0,0,37.6,42.1,45.9,0.28,0.07,0.22
WOLC,2019-11-08 21:05:00 EST,43.22868,-76.84261,398,25.9,26.4,18.6,68.5,16.9,0.000,0.050,0.00,0.000,5.8,8.6,1.2,242,12,6.4,9.9,1.4,245,12,6.4,9.9,1.4,245,12,0,29.89,0.1,0,0,0,37.6,42.1,45.8,0.28,0.07,0.22
WOLC,2019-11-08 21:10:00 EST,43.22868,-76.84261,398,25.8,26.3,17.7,68.7,16.9,0.000,0.050,0.00,0.000,6.8,9.9,1.6,239,14,7.5,11.6,1.8,241,14,7.5,11.6,1.8,241,14,0,29.89,0.1,0,0,0,37.5,42.1,45.8,0.28,0.07,0.22
WOLC,2019-11-08 21:15:00 EST,43.22868,-76.84261,398,25.6,26.1,18.3,69.1,16.9,0.000,0.050,0.00,0.000,5.8,9.0,1.3,234,10,6.4,10.4,1.3,237,11,6.4,10.4,1.3,237,11,0,29.89,0.1,0,0,0,37.4,42.1,45.8,0.27,0.07,0.22
WOLC,2019-11-08 21:20:00 EST,43.22868,-76.84261,398,25.4,25.9,18.0,70.0,17.0,0.000,0.050,0.00,0.000,5.9,10.3,1.5,228,12,6.5,11.1,1.5,229,12,6.5,11.1,1.5,229,12,0,29.88,0.1,0,0,0,37.4,42.0,45.8,0.28,0.07,0.22
WOLC,2019-11-08 21:25:00 EST,43.22868,-76.84261,398,25.3,25.7,17.3,70.6,17.0,0.000,0.050,0.00,0.000,6.5,8.8,1.4,227,11,7.1,10.3,1.5,228,10,7.1,10.3,1.5,228,10,0,29.88,0.1,0,0,0,37.4,42.0,45.7,0.28,0.07,0.22
WOLC,2019-11-08 21:30:00 EST,43.22868,-76.84261,398,25.0,25.5,17.5,71.4,17.1,0.000,0.050,0.00,0.000,6.0,9.9,1.5,229,11,6.5,10.8,1.5,230,11,6.5,10.8,1.5,230,11,0,29.88,0.1,0,0,0,37.3,41.9,45.7,0.28,0.07,0.22
WOLC,2019-11-08 21:35:00 EST,43.22868,-76.84261,398,25.0,25.5,17.8,71.6,17.1,0.000,0.050,0.00,0.000,5.6,8.8,1.3,231,10,6.1,10.2,1.4,232,10,6.1,10.2,1.4,232,10,0,29.88,0.1,0,0,0,37.2,41.9,45.7,0.28,0.07,0.22
WOLC,2019-11-08 21:40:00 EST,43.22868,-76.84261,398,24.8,25.4,17.9,72.1,17.1,0.000,0.050,0.00,0.000,5.3,6.8,0.7,229,10,5.8,7.6,0.9,230,7,5.8,7.6,0.9,230,7,0,29.88,0.2,0,0,0,37.2,41.9,45.7,0.28,0.07,0.22
WOLC,2019-11-08 21:45:00 EST,43.22868,-76.84261,398,24.8,25.3,17.2,72.1,17.1,0.000,0.050,0.00,0.000,6.0,9.3,1.4,230,12,6.6,11.0,1.4,231,12,6.6,11.0,1.4,231,12,0,29.88,0.1,0,0,0,37.2,41.9,45.7,0.28,0.07,0.22
WOLC,2019-11-08 21:50:00 EST,43.22868,-76.84261,398,24.9,25.4,17.4,71.9,17.1,0.000,0.050,0.00,0.000,6.0,8.5,1.0,228,11,6.4,10.6,1.2,230,11,6.4,10.6,1.2,230,11,0,29.88,0.0,0,0,0,37.2,41.9,45.7,0.27,0.07,0.22
WOLC,2019-11-08 21:55:00 EST,43.22868,-76.84261,398,24.8,25.3,17.9,71.9,17.0,0.000,0.050,0.00,0.000,5.3,7.7,1.0,229,8,5.7,8.2,1.1,231,8,5.7,8.2,1.1,231,8,0,29.88,0.1,0,0,0,37.2,41.9,45.7,0.27,0.07,0.22
WOLC,2019-11-08 22:00:00 EST,43.22868,-76.84261,398,24.5,25.2,17.6,72.5,16.9,0.000,0.050,0.00,0.000,5.3,8.7,1.2,227,10,5.6,8.9,1.2,229,10,5.6,8.9,1.2,229,10,0,29.88,0.1,0,0,0,37.2,41.9,45.7,0.27,0.07,0.22
WOLC,2019-11-08 22:05:00 EST,43.22868,-76.84261,398,24.5,25.1,17.5,72.5,17.0,0.000,0.050,0.00,0.000,5.4,8.6,1.1,233,11,5.8,9.9,1.1,234,11,5.8,9.9,1.1,234,11,0,29.88,0.1,0,0,0,37.2,41.9,45.7,0.27,0.07,0.22
WOLC,2019-11-08 22:10:00 EST,43.22868,-76.84261,398,24.6,25.1,17.7,71.9,16.9,0.000,0.050,0.00,0.000,5.2,7.6,1.2,237,12,5.8,8.5,1.2,240,12,5.8,8.5,1.2,240,12,0,29.88,0.1,0,0,0,37.1,41.9,45.7,0.27,0.07,0.22
WOLC,2019-11-08 22:15:00 EST,43.22868,-76.84261,398,24.5,25.1,18.2,72.2,16.8,0.000,0.050,0.00,0.000,4.6,6.4,0.8,234,11,5.0,6.8,0.9,236,11,5.0,6.8,0.9,236,11,0,29.88,0.1,0,0,0,37.0,41.8,45.7,0.28,0.07,0.22
WOLC,2019-11-08 22:20:00 EST,43.22868,-76.84261,398,24.3,25.1,18.1,72.5,16.7,0.000,0.050,0.00,0.000,4.5,6.8,1.0,238,10,5.0,7.7,1.0,239,10,5.0,7.7,1.0,239,10,0,29.87,0.1,0,0,0,37.0,41.7,45.7,0.27,0.07,0.22
WOLC,2019-11-08 22:25:00 EST,43.22868,-76.84261,398,24.4,25.1,17.4,72.1,16.7,0.000,0.050,0.00,0.000,5.3,7.5,1.1,236,11,5.8,8.2,1.2,237,11,5.8,8.2,1.2,237,11,0,29.87,0.1,0,0,0,37.0,41.7,45.7,0.27,0.07,0.22
WOLC,2019-11-08 22:30:00 EST,43.22868,-76.84261,398,24.4,25.0,18.0,72.0,16.7,0.000,0.050,0.00,0.000,4.8,7.7,0.9,231,12,5.1,7.8,1.1,233,12,5.1,7.8,1.1,233,12,0,29.87,0.1,0,0,0,37.0,41.7,45.7,0.27,0.07,0.22
WOLC,2019-11-08 22:35:00 EST,43.22868,-76.84261,398,24.3,25.0,18.0,72.3,16.7,0.000,0.050,0.00,0.000,4.6,7.3,1.0,242,11,5.1,8.5,1.2,245,11,5.1,8.5,1.2,245,11,0,29.87,0.0,0,0,0,36.9,41.7,45.7,0.27,0.07,0.22
WOLC,2019-11-08 22:40:00 EST,43.22868,-76.84261,398,24.3,25.1,18.5,72.4,16.7,0.000,0.050,0.00,0.000,4.1,6.1,1.0,230,12,4.5,6.7,1.1,232,12,4.5,6.7,1.1,232,12,0,29.87,0.1,0,0,0,36.9,41.7,45.7,0.27,0.07,0.22
WOLC,2019-11-08 22:45:00 EST,43.22868,-76.84261,398,24.4,25.0,17.1,72.0,16.6,0.000,0.050,0.00,0.000,5.7,8.2,1.2,229,12,6.1,8.6,1.2,231,12,6.1,8.6,1.2,231,12,0,29.87,0.1,0,0,0,36.9,41.7,45.7,0.27,0.07,0.22
WOLC,2019-11-08 22:50:00 EST,43.22868,-76.84261,398,24.3,24.9,17.0,72.2,16.6,0.000,0.050,0.00,0.000,5.6,8.3,1.0,235,11,6.0,11.3,1.3,236,11,6.0,11.3,1.3,236,11,0,29.87,0.1,0,0,0,36.9,41.7,45.7,0.27,0.07,0.22
WOLC,2019-11-08 22:55:00 EST,43.22868,-76.84261,398,24.2,24.9,16.8,72.7,16.7,0.000,0.050,0.00,0.000,5.8,8.8,1.1,236,9,6.2,9.3,1.1,238,9,6.2,9.3,1.1,238,9,0,29.87,0.1,0,0,0,36.7,41.7,45.7,0.27,0.07,0.22
WOLC,2019-11-08 23:00:00 EST,43.22868,-76.84261,398,24.3,25.0,16.8,72.6,16.7,0.000,0.050,0.00,0.000,5.8,8.1,1.0,234,9,6.2,9.3,1.0,236,8,6.2,9.3,1.0,236,8,0,29.86,0.1,0,0,0,36.7,41.7,45.7,0.28,0.07,0.22
WOLC,2019-11-08 23:05:00 EST,43.22868,-76.84261,398,24.1,24.9,17.5,72.5,16.6,0.000,0.050,0.00,0.000,4.8,7.7,0.9,232,9,5.3,8.1,1.0,234,9,5.3,8.1,1.0,234,9,0,29.86,0.1,0,0,0,36.7,41.7,45.7,0.27,0.08,0.22
WOLC,2019-11-08 23:10:00 EST,43.22868,-76.84261,398,23.8,24.7,17.1,73.4,16.5,0.000,0.050,0.00,0.000,4.9,7.3,1.0,226,9,5.4,8.3,1.1,226,8,5.4,8.3,1.1,226,8,0,29.86,0.1,0,0,0,36.7,41.6,45.7,0.28,0.08,0.22
WOLC,2019-11-08 23:15:00 EST,43.22868,-76.84261,398,23.8,24.8,17.0,73.7,16.6,0.000,0.050,0.00,0.000,5.0,6.5,0.7,220,7,5.4,7.7,0.8,222,7,5.4,7.7,0.8,222,7,0,29.86,0.0,0,0,0,36.7,41.5,45.7,0.27,0.07,0.22
WOLC,2019-11-08 23:20:00 EST,43.22868,-76.84261,398,23.7,24.5,17.9,74.0,16.6,0.000,0.050,0.00,0.000,4.1,6.3,0.8,223,9,4.5,6.9,0.8,224,7,4.5,6.9,0.8,224,7,0,29.86,0.1,0,0,0,36.6,41.5,45.7,0.27,0.08,0.22
WOLC,2019-11-08 23:25:00 EST,43.22868,-76.84261,398,23.4,24.4,17.3,74.7,16.5,0.000,0.050,0.00,0.000,4.3,6.1,0.7,222,7,4.7,6.5,0.8,224,7,4.7,6.5,0.8,224,7,0,29.86,0.1,0,0,0,36.5,41.5,45.7,0.27,0.08,0.22
WOLC,2019-11-08 23:30:00 EST,43.22868,-76.84261,398,23.2,24.3,16.9,75.2,16.5,0.000,0.050,0.00,0.000,4.5,6.6,0.7,220,9,4.9,6.9,0.7,221,9,4.9,6.9,0.7,221,9,0,29.86,0.1,0,0,0,36.5,41.5,45.7,0.27,0.07,0.22
WOLC,2019-11-08 23:35:00 EST,43.22868,-76.84261,398,23.2,24.2,16.6,75.2,16.5,0.000,0.050,0.00,0.000,4.7,6.9,0.8,222,9,5.2,7.6,0.9,223,8,5.2,7.6,0.9,223,8,0,29.87,0.1,0,0,0,36.5,41.5,45.7,0.27,0.07,0.22
WOLC,2019-11-08 23:40:00 EST,43.22868,-76.84261,398,23.2,24.3,15.8,75.3,16.5,0.000,0.050,0.00,0.000,5.5,7.4,0.8,223,9,5.9,7.9,0.9,223,8,5.9,7.9,0.9,223,8,0,29.87,0.1,0,0,0,36.5,41.5,45.7,0.27,0.07,0.22
WOLC,2019-11-08 23:45:00 EST,43.22868,-76.84261,398,23.3,24.3,16.5,75.0,16.6,0.000,0.050,0.00,0.000,5.1,8.1,0.8,218,10,5.3,7.4,0.9,218,9,5.3,7.4,0.9,218,9,0,29.87,0.1,0,0,0,36.5,41.5,45.7,0.27,0.07,0.22
WOLC,2019-11-08 23:50:00 EST,43.22868,-76.84261,398,23.2,24.1,17.5,74.8,16.4,0.000,0.050,0.00,0.000,3.9,5.6,0.6,214,11,4.3,6.5,0.8,215,11,4.3,6.5,0.8,215,11,0,29.87,0.1,0,0,0,36.4,41.5,45.7,0.27,0.07,0.22
WOLC,2019-11-08 23:55:00 EST,43.22868,-76.84261,398,23.1,24.0,17.2,75.2,16.5,0.000,0.050,0.00,0.000,4.2,6.3,0.9,206,10,4.5,6.8,1.0,206,9,4.5,6.8,1.0,206,9,0,29.87,0.1,0,0,0,36.3,41.4,45.7,0.27,0.07,0.22
YORK,2019-11-08 00:00:00 EST,42.85504,-77.84776,584,27.3,27.4,27.3,96.9,26.5,0.000,0.096,0.00,0.000,2.4,3.4,0.5,342,6,3.0,4.3,0.6,343,6,3.0,4.3,0.6,343,6,0,29.51,-0.0,,,0,42.4,47.5,50.4,,,0.25
YORK,2019-11-08 00:05:00 EST,42.85504,-77.84776,584,27.4,27.6,27.4,96.9,26.7,0.000,0.000,0.00,0.000,2.4,5.0,0.8,317,17,2.5,6.4,0.9,319,17,2.5,6.4,0.9,319,17,0,29.51,0.0,,,0,42.4,47.5,50.4,,,0.25
YORK,2019-11-08 00:10:00 EST,42.85504,-77.84776,584,28.1,28.3,21.2,97.1,27.3,0.000,0.000,0.00,0.000,6.0,9.4,1.6,311,15,6.4,10.3,1.8,315,14,6.4,10.3,1.8,315,14,0,29.52,-0.0,,,0,42.3,47.5,50.4,,,0.25
YORK,2019-11-08 00:15:00 EST,42.85504,-77.84776,584,28.6,28.7,21.1,96.6,27.8,0.002,0.002,0.00,0.002,7.1,9.6,1.1,304,9,7.5,9.9,1.2,306,10,7.5,9.9,1.2,306,10,0,29.52,-0.0,,,0,42.3,47.5,50.4,,,0.25
YORK,2019-11-08 00:20:00 EST,42.85504,-77.84776,584,28.6,28.5,21.6,96.6,27.8,0.004,0.006,0.00,0.006,6.2,8.3,1.0,300,12,6.7,9.9,1.3,301,11,6.7,9.9,1.3,301,11,0,29.52,-0.1,,,0,42.3,47.5,50.4,,,0.25
YORK,2019-11-08 00:25:00 EST,42.85504,-77.84776,584,28.6,28.5,21.2,97.0,27.8,0.000,0.006,0.00,0.006,6.5,8.7,0.9,291,10,7.2,10.1,1.2,293,10,7.2,10.1,1.2,293,10,0,29.51,-0.1,,,0,42.3,47.5,50.3,,,0.25
YORK,2019-11-08 00:30:00 EST,42.85504,-77.84776,584,28.6,28.5,22.5,97.1,27.9,0.000,0.006,0.00,0.006,5.1,6.9,0.9,299,8,5.5,7.6,1.0,301,8,5.5,7.6,1.0,301,8,0,29.51,-0.1,,,0,42.3,47.5,50.4,,,0.25
YORK,2019-11-08 00:35:00 EST,42.85504,-77.84776,584,28.5,28.4,23.4,97.2,27.8,0.000,0.006,0.00,0.006,4.1,6.9,0.9,292,9,4.5,8.3,1.1,295,8,4.5,8.3,1.1,295,8,0,29.51,-0.1,,,0,42.3,47.6,50.4,,,0.25
YORK,2019-11-08 00:40:00 EST,42.85504,-77.84776,584,28.3,28.4,22.9,97.2,27.6,0.000,0.006,0.00,0.006,4.5,6.6,0.9,304,10,4.9,6.9,1.0,306,11,4.9,6.9,1.0,306,11,0,29.51,-0.1,,,0,42.3,47.5,50.4,,,0.25
YORK,2019-11-08 00:45:00 EST,42.85504,-77.84776,584,28.3,28.4,23.6,97.2,27.6,0.000,0.006,0.00,0.006,4.1,5.4,0.7,317,11,4.2,5.5,0.8,320,10,4.2,5.5,0.8,320,10,0,29.51,-0.1,,,0,42.3,47.5,50.3,,,0.25
YORK,2019-11-08 00:50:00 EST,42.85504,-77.84776,584,28.4,28.4,24.7,97.3,27.7,0.000,0.006,0.00,0.006,3.3,4.7,0.6,313,12,3.3,5.5,0.8,315,13,3.3,5.5,0.8,315,13,0,29.52,-0.1,,,0,42.2,47.5,50.3,,,0.25
YORK,2019-11-08 00:55:00 EST,42.85504,-77.84776,584,28.5,28.5,24.0,97.4,27.9,0.000,0.006,0.00,0.006,3.9,6.0,0.9,308,10,4.1,6.4,1.1,310,10,4.1,6.4,1.1,310,10,0,29.52,-0.1,,,0,42.1,47.5,50.3,,,0.25
YORK,2019-11-08 01:00:00 EST,42.85504,-77.84776,584,28.7,28.6,23.5,97.5,28.0,0.000,0.006,0.00,0.006,4.4,6.3,0.9,307,12,4.7,6.7,1.0,310,10,4.7,6.7,1.0,310,10,0,29.52,-0.1,,,0,42.1,47.4,50.3,,,0.25
YORK,2019-11-08 01:05:00 EST,42.85504,-77.84776,584,28.8,28.7,22.6,97.6,28.2,0.000,0.006,0.00,0.006,5.1,7.2,0.9,303,11,5.8,8.3,1.1,304,11,5.8,8.3,1.1,304,11,0,29.52,-0.0,,,0,42.1,47.5,50.3,,,0.25
YORK,2019-11-08 01:10:00 EST,42.85504,-77.84776,584,28.8,28.8,23.7,97.5,28.2,0.000,0.006,0.00,0.006,4.6,6.2,1.0,312,10,4.6,6.7,1.1,315,9,4.6,6.7,1.1,315,9,0,29.52,-0.0,,,0,42.1,47.5,50.3,,,0.25
YORK,2019-11-08 01:15:00 EST,42.85504,-77.84776,584,28.8,28.8,23.3,97.5,28.1,0.004,0.009,0.00,0.007,4.6,6.9,1.1,319,14,5.0,8.8,1.4,322,13,5.0,8.8,1.4,322,13,0,29.52,-0.0,,,0,42.1,47.4,50.3,,,0.25
YORK,2019-11-08 01:20:00 EST,42.85504,-77.84776,584,28.7,28.8,22.2,97.4,28.0,0.000,0.009,0.00,0.004,5.7,7.3,0.8,307,8,6.0,8.5,1.0,310,8,6.0,8.5,1.0,310,8,0,29.52,-0.1,,,0,42.1,47.5,50.2,,,0.25
YORK,2019-11-08 01:25:00 EST,42.85504,-77.84776,584,28.6,28.8,22.1,97.4,27.9,0.000,0.009,0.00,0.004,5.8,7.6,0.8,304,8,6.0,8.1,0.9,307,8,6.0,8.1,0.9,307,8,0,29.52,-0.1,,,0,42.1,47.5,50.2,,,0.25
YORK,2019-11-08 01:30:00 EST,42.85504,-77.84776,584,28.4,28.7,22.1,97.4,27.7,0.000,0.009,0.00,0.004,5.3,7.3,0.9,300,11,5.8,8.0,1.0,302,10,5.8,8.0,1.0,302,10,0,29.52,-0.1,,,0,42.1,47.5,50.2,,,0.25
YORK,2019-11-08 01:35:00 EST,42.85504,-77.84776,584,28.3,28.6,23.0,97.2,27.6,0.000,0.009,0.00,0.004,4.3,7.1,0.9,298,8,4.6,6.9,1.0,301,8,4.6,6.9,1.0,301,8,0,29.52,-0.1,,,0,42.1,47.4,50.2,,,0.25
YORK,2019-11-08 01:40:00 EST,42.85504,-77.84776,584,27.9,28.4,22.0,97.0,27.1,0.000,0.009,0.00,0.004,4.7,6.1,0.5,292,6,5.2,7.5,0.7,295,6,5.2,7.5,0.7,295,6,0,29.52,-0.1,,,0,42.1,47.4,50.2,,,0.25
YORK,2019-11-08 01:45:00 EST,42.85504,-77.84776,584,27.9,28.3,21.9,97.1,27.2,0.000,0.009,0.00,0.004,4.8,6.5,0.6,291,7,5.4,7.4,0.9,294,7,5.4,7.4,0.9,294,7,0,29.52,-0.1,,,0,42.1,47.3,50.2,,,0.25
YORK,2019-11-08 01:50:00 EST,42.85504,-77.84776,584,28.0,28.4,22.2,97.0,27.3,0.000,0.009,0.00,0.004,4.9,6.8,0.8,303,9,5.2,7.3,0.9,306,10,5.2,7.3,0.9,306,10,0,29.52,-0.1,,,0,42.1,47.3,50.2,,,0.25
YORK,2019-11-08 01:55:00 EST,42.85504,-77.84776,584,28.0,28.4,22.5,96.9,27.2,0.000,0.009,0.00,0.004,4.7,7.0,0.9,304,8,4.8,7.6,0.9,307,8,4.8,7.6,0.9,307,8,0,29.53,-0.1,,,0,42.1,47.3,50.2,,,0.25
YORK,2019-11-08 02:00:00 EST,42.85504,-77.84776,584,28.2,28.5,21.6,97.0,27.4,0.000,0.009,0.00,0.004,5.7,8.2,0.9,305,8,6.0,8.3,1.0,307,8,6.0,8.3,1.0,307,8,0,29.53,-0.0,,,0,42.1,47.3,50.2,,,0.25
YORK,2019-11-08 02:05:00 EST,42.85504,-77.84776,584,28.4,28.5,22.1,97.0,27.7,0.000,0.009,0.00,0.004,5.4,7.6,0.8,308,11,5.9,8.2,0.9,309,11,5.9,8.2,0.9,309,11,0,29.53,-0.1,,,0,42.1,47.3,50.2,,,0.25
YORK,2019-11-08 02:10:00 EST,42.85504,-77.84776,584,28.5,28.5,23.3,97.0,27.8,0.000,0.009,0.00,0.004,4.4,6.6,0.9,318,11,4.7,7.1,1.0,320,11,4.7,7.1,1.0,320,11,0,29.53,-0.1,,,0,42.1,47.3,50.2,,,0.25
YORK,2019-11-08 02:15:00 EST,42.85504,-77.84776,584,28.6,28.6,22.9,97.2,28.0,0.000,0.009,0.00,0.000,5.1,7.9,1.1,317,11,5.3,8.6,1.2,320,11,5.3,8.6,1.2,320,11,0,29.53,0.0,,,0,42.1,47.3,50.2,,,0.25
YORK,2019-11-08 02:20:00 EST,42.85504,-77.84776,584,28.6,28.5,23.2,97.2,27.9,0.005,0.015,0.00,0.005,4.7,8.4,1.8,318,10,4.9,8.6,1.8,321,9,4.9,8.6,1.8,321,9,0,29.53,-0.1,,,0,42.1,47.3,50.2,,,0.25
YORK,2019-11-08 02:25:00 EST,42.85504,-77.84776,584,28.3,28.5,22.4,97.1,27.6,0.000,0.015,0.00,0.005,4.9,8.4,1.0,332,10,5.4,9.0,1.2,335,9,5.4,9.0,1.2,335,9,0,29.53,-0.1,,,0,42.0,47.3,50.2,,,0.25
YORK,2019-11-08 02:30:00 EST,42.85504,-77.84776,584,28.2,28.4,21.8,97.1,27.5,0.000,0.015,0.00,0.005,5.3,7.5,1.1,329,11,5.8,9.1,1.4,333,11,5.8,9.1,1.4,333,11,0,29.53,-0.1,,,0,41.9,47.3,50.2,,,0.25
YORK,2019-11-08 02:35:00 EST,42.85504,-77.84776,584,28.0,28.3,21.9,97.0,27.2,0.000,0.015,0.00,0.005,5.2,8.2,1.4,326,11,5.5,9.0,1.4,329,10,5.5,9.0,1.4,329,10,0,29.53,-0.1,,,0,41.9,47.3,50.2,,,0.25
YORK,2019-11-08 02:40:00 EST,42.85504,-77.84776,584,28.0,28.3,21.1,97.1,27.2,0.000,0.015,0.00,0.005,6.1,9.3,1.2,319,10,6.4,9.9,1.2,322,9,6.4,9.9,1.2,322,9,0,29.53,-0.1,,,0,41.9,47.3,50.2,,,0.25
YORK,2019-11-08 02:45:00 EST,42.85504,-77.84776,584,27.6,28.1,21.1,96.9,26.9,0.000,0.015,0.00,0.005,5.5,9.4,1.3,323,12,5.9,9.2,1.3,325,12,5.9,9.2,1.3,325,12,0,29.53,-0.2,,,0,41.9,47.3,50.2,,,0.25
YORK,2019-11-08 02:50:00 EST,42.85504,-77.84776,584,27.3,27.8,21.9,96.7,26.5,0.000,0.015,0.00,0.005,4.3,6.7,0.9,325,10,4.7,8.0,1.1,329,10,4.7,8.0,1.1,329,10,0,29.53,-0.1,,,0,41.9,47.3,50.2,,,0.25
YORK,2019-11-08 02:55:00 EST,42.85504,-77.84776,584,27.2,27.8,21.3,96.8,26.4,0.000,0.015,0.00,0.005,4.8,6.9,1.0,323,11,5.1,7.4,1.2,325,10,5.1,7.4,1.2,325,10,0,29.53,-0.1,,,0,41.9,47.3,50.2,,,0.25
YORK,2019-11-08 03:00:00 EST,42.85504,-77.84776,584,27.0,27.7,21.3,96.6,26.2,0.000,0.015,0.00,0.005,4.7,6.5,0.8,323,10,4.9,6.8,0.9,325,9,4.9,6.8,0.9,325,9,0,29.53,-0.1,,,0,41.9,47.3,50.2,,,0.25
YORK,2019-11-08 03:05:00 EST,42.85504,-77.84776,584,26.8,27.6,20.8,96.5,25.9,0.000,0.015,0.00,0.005,5.1,6.9,0.7,308,8,5.2,6.5,0.7,312,7,5.2,6.5,0.7,312,7,0,29.53,-0.2,,,0,41.9,47.2,50.2,,,0.25
YORK,2019-11-08 03:10:00 EST,42.85504,-77.84776,584,26.2,27.4,20.5,96.1,25.3,0.000,0.015,0.00,0.005,4.6,6.1,0.5,307,7,4.8,6.3,0.6,309,6,4.8,6.3,0.6,309,6,0,29.54,-0.1,,,0,41.9,47.3,50.2,,,0.25
YORK,2019-11-08 03:15:00 EST,42.85504,-77.84776,584,26.4,27.3,20.1,96.1,25.4,0.000,0.015,0.00,0.005,5.2,6.6,0.7,311,8,5.4,7.2,0.6,313,7,5.4,7.2,0.6,313,7,0,29.54,-0.1,,,0,41.9,47.2,50.2,,,0.25
YORK,2019-11-08 03:20:00 EST,42.85504,-77.84776,584,26.4,27.3,20.5,96.0,25.4,0.000,0.015,0.00,0.000,4.9,6.4,0.6,307,6,5.0,6.8,0.7,310,6,5.0,6.8,0.7,310,6,0,29.54,-0.1,,,0,41.9,47.2,50.2,,,0.25
YORK,2019-11-08 03:25:00 EST,42.85504,-77.84776,584,26.2,27.1,20.4,95.7,25.1,0.000,0.015,0.00,0.000,4.7,6.1,0.6,305,6,4.9,6.7,0.6,309,6,4.9,6.7,0.6,309,6,0,29.54,-0.1,,,0,41.9,47.1,50.2,,,0.25
YORK,2019-11-08 03:30:00 EST,42.85504,-77.84776,584,26.3,27.1,20.6,95.8,25.3,0.000,0.015,0.00,0.000,4.7,5.8,0.5,310,9,4.8,6.4,0.6,313,8,4.8,6.4,0.6,313,8,0,29.54,-0.1,,,0,41.9,47.2,50.2,,,0.25
YORK,2019-11-08 03:35:00 EST,42.85504,-77.84776,584,26.8,27.2,20.6,96.0,25.8,0.000,0.015,0.00,0.000,5.3,7.8,1.0,316,10,5.4,8.5,1.1,319,9,5.4,8.5,1.1,319,9,0,29.54,-0.1,,,0,41.9,47.1,50.2,,,0.25
YORK,2019-11-08 03:40:00 EST,42.85504,-77.84776,584,27.2,27.3,20.8,95.9,26.1,0.000,0.015,0.00,0.000,5.3,8.0,1.0,320,14,5.7,8.8,1.1,323,11,5.7,8.8,1.1,323,11,0,29.54,-0.1,,,0,41.9,47.1,50.2,,,0.25
YORK,2019-11-08 03:45:00 EST,42.85504,-77.84776,584,27.3,27.4,20.6,95.6,26.2,0.000,0.015,0.00,0.000,5.4,7.6,0.9,329,12,6.0,8.9,1.2,332,11,6.0,8.9,1.2,332,11,0,29.55,-0.0,,,0,41.8,47.2,50.2,,,0.25
YORK,2019-11-08 03:50:00 EST,42.85504,-77.84776,584,27.4,27.4,21.1,95.4,26.2,0.000,0.015,0.00,0.000,4.8,7.2,0.9,336,10,5.5,7.7,1.0,340,11,5.5,7.7,1.0,340,11,0,29.55,-0.1,,,0,41.9,47.1,50.2,,,0.25
YORK,2019-11-08 03:55:00 EST,42.85504,-77.84776,584,27.4,27.4,21.3,95.4,26.2,0.000,0.015,0.00,0.000,4.8,6.6,0.8,335,15,5.3,7.7,1.0,339,13,5.3,7.7,1.0,339,13,0,29.55,-0.1,,,0,41.8,47.1,50.2,,,0.25
YORK,2019-11-08 04:00:00 EST,42.85504,-77.84776,584,27.4,27.4,20.4,95.2,26.2,0.000,0.015,0.00,0.000,5.7,10.7,1.5,332,12,6.4,11.2,1.7,335,10,6.4,11.2,1.7,335,10,0,29.55,-0.1,,,0,41.9,47.1,50.2,,,0.25
YORK,2019-11-08 04:05:00 EST,42.85504,-77.84776,584,27.4,27.4,20.4,94.8,26.1,0.000,0.015,0.00,0.000,5.7,8.4,1.1,335,10,6.4,10.6,1.5,339,10,6.4,10.6,1.5,339,10,0,29.55,-0.1,,,0,41.8,47.0,50.2,,,0.25
YORK,2019-11-08 04:10:00 EST,42.85504,-77.84776,584,27.3,27.3,20.5,94.6,26.0,0.000,0.015,0.00,0.000,5.5,8.5,1.4,333,12,6.2,10.0,1.6,336,12,6.2,10.0,1.6,336,12,0,29.55,-0.1,,,0,41.8,47.1,50.2,,,0.25
YORK,2019-11-08 04:15:00 EST,42.85504,-77.84776,584,27.3,27.3,20.8,94.3,25.9,0.000,0.015,0.00,0.000,5.3,8.3,1.4,333,12,5.8,10.1,1.9,337,12,5.8,10.1,1.9,337,12,0,29.55,-0.1,,,0,41.8,47.0,50.2,,,0.25
YORK,2019-11-08 04:20:00 EST,42.85504,-77.84776,584,27.3,27.2,21.0,94.0,25.8,0.000,0.015,0.00,0.000,5.2,9.9,1.2,320,15,5.6,9.3,1.2,322,13,5.6,9.3,1.2,322,13,0,29.56,-0.1,,,0,41.8,47.1,50.2,,,0.25
YORK,2019-11-08 04:25:00 EST,42.85504,-77.84776,584,27.2,27.2,21.2,93.5,25.6,0.000,0.015,0.00,0.000,4.9,6.9,0.9,325,11,5.3,9.0,1.1,328,11,5.3,9.0,1.1,328,11,0,29.56,-0.0,,,0,41.7,47.1,50.2,,,0.25
YORK,2019-11-08 04:30:00 EST,42.85504,-77.84776,584,27.2,27.2,20.7,93.5,25.6,0.000,0.015,0.00,0.000,5.1,8.5,1.3,329,14,5.8,9.2,1.4,331,14,5.8,9.2,1.4,331,14,0,29.56,-0.2,,,0,41.7,47.0,50.2,,,0.25
YORK,2019-11-08 04:35:00 EST,42.85504,-77.84776,584,27.1,27.1,19.7,93.4,25.4,0.000,0.015,0.00,0.000,6.3,9.6,1.0,331,12,6.9,10.3,1.2,335,12,6.9,10.3,1.2,335,12,0,29.56,-0.1,,,0,41.7,47.1,50.2,,,0.25
YORK,2019-11-08 04:40:00 EST,42.85504,-77.84776,584,27.0,27.1,18.2,92.8,25.2,0.000,0.015,0.00,0.000,7.7,11.2,1.5,343,11,8.9,14.2,1.8,346,10,8.9,14.2,1.8,346,10,0,29.56,-0.1,,,0,41.7,47.0,50.2,,,0.25
YORK,2019-11-08 04:45:00 EST,42.85504,-77.84776,584,26.9,27.0,18.8,91.9,24.9,0.000,0.015,0.00,0.000,6.7,10.2,1.6,344,13,7.9,12.2,1.9,346,10,7.9,12.2,1.9,346,10,0,29.56,-0.1,,,0,41.7,47.1,50.2,,,0.25
YORK,2019-11-08 04:50:00 EST,42.85504,-77.84776,584,26.7,26.7,20.0,92.0,24.7,0.000,0.015,0.00,0.000,5.0,7.8,1.4,343,14,5.9,9.7,1.6,346,13,5.9,9.7,1.6,346,13,0,29.56,-0.1,,,0,41.7,47.0,50.2,,,0.25
YORK,2019-11-08 04:55:00 EST,42.85504,-77.84776,584,26.6,26.7,19.4,91.9,24.5,0.000,0.015,0.00,0.000,5.7,8.8,1.2,335,13,6.5,9.5,1.2,338,12,6.5,9.5,1.2,338,12,0,29.57,-0.1,,,0,41.7,47.0,50.2,,,0.25
YORK,2019-11-08 05:00:00 EST,42.85504,-77.84776,584,26.6,26.7,19.8,90.7,24.3,0.000,0.015,0.00,0.000,5.6,8.6,1.4,325,16,6.1,10.4,1.7,329,15,6.1,10.4,1.7,329,15,0,29.57,-0.1,,,0,41.7,47.0,50.2,,,0.25
YORK,2019-11-08 05:05:00 EST,42.85504,-77.84776,584,26.5,26.6,20.4,90.6,24.1,0.000,0.015,0.00,0.000,4.8,8.6,1.5,316,14,5.1,10.1,1.7,319,14,5.1,10.1,1.7,319,14,0,29.57,-0.1,,,0,41.7,47.0,50.2,,,0.25
YORK,2019-11-08 05:10:00 EST,42.85504,-77.84776,584,26.7,26.7,19.9,89.5,24.0,0.000,0.015,0.00,0.000,5.8,9.3,1.5,321,10,6.0,10.7,1.7,323,10,6.0,10.7,1.7,323,10,0,29.57,-0.1,,,0,41.7,47.1,50.2,,,0.25
YORK,2019-11-08 05:15:00 EST,42.85504,-77.84776,584,26.6,26.6,20.3,89.7,23.9,0.000,0.015,0.00,0.000,5.1,7.2,1.0,318,15,5.4,7.7,1.1,321,14,5.4,7.7,1.1,321,14,0,29.57,-0.1,,,0,41.7,47.0,50.2,,,0.25
YORK,2019-11-08 05:20:00 EST,42.85504,-77.84776,584,26.7,26.7,18.8,88.5,23.7,0.000,0.015,0.00,0.000,6.9,10.1,1.3,324,16,7.4,10.5,1.4,327,15,7.4,10.5,1.4,327,15,0,29.58,-0.1,,,0,41.7,47.1,50.2,,,0.25
YORK,2019-11-08 05:25:00 EST,42.85504,-77.84776,584,26.6,26.7,19.1,87.4,23.4,0.000,0.015,0.00,0.000,6.3,9.7,1.4,327,15,6.8,10.9,1.5,330,13,6.8,10.9,1.5,330,13,0,29.58,-0.1,,,0,41.7,47.1,50.2,,,0.25
YORK,2019-11-08 05:30:00 EST,42.85504,-77.84776,584,26.5,26.6,18.5,87.2,23.2,0.000,0.015,0.00,0.000,7.0,11.2,1.9,326,10,7.4,11.8,1.9,328,10,7.4,11.8,1.9,328,10,0,29.58,-0.1,,,0,41.7,47.0,50.2,,,0.25
YORK,2019-11-08 05:35:00 EST,42.85504,-77.84776,584,26.5,26.6,18.8,85.6,22.8,0.000,0.015,0.00,0.000,6.8,10.4,1.5,324,11,7.1,10.6,1.4,327,9,7.1,10.6,1.4,327,9,0,29.58,-0.1,,,0,41.7,47.0,50.2,,,0.25
YORK,2019-11-08 05:40:00 EST,42.85504,-77.84776,584,26.5,26.6,18.8,84.6,22.5,0.000,0.015,0.00,0.000,6.6,10.7,1.9,319,12,7.0,11.3,1.9,323,11,7.0,11.3,1.9,323,11,0,29.59,-0.1,,,0,41.7,47.0,50.1,,,0.25
YORK,2019-11-08 05:45:00 EST,42.85504,-77.84776,584,26.5,26.6,17.8,82.0,21.8,0.000,0.015,0.00,0.000,7.9,11.8,1.5,326,14,8.6,14.4,1.7,329,13,8.6,14.4,1.7,329,13,0,29.59,-0.0,,,0,41.7,47.0,50.2,,,0.25
YORK,2019-11-08 05:50:00 EST,42.85504,-77.84776,584,26.4,26.5,20.5,81.4,21.5,0.000,0.015,0.00,0.000,4.6,7.3,1.1,326,15,5.1,8.2,1.3,329,14,5.1,8.2,1.3,329,14,0,29.59,-0.1,,,0,41.7,47.0,50.0,,,0.25
YORK,2019-11-08 05:55:00 EST,42.85504,-77.84776,584,26.2,26.4,19.6,82.0,21.5,0.000,0.015,0.00,0.000,5.3,9.2,1.4,325,14,5.8,9.1,1.6,326,15,5.8,9.1,1.6,326,15,0,29.59,-0.0,,,0,41.7,47.0,50.0,,,0.25
YORK,2019-11-08 06:00:00 EST,42.85504,-77.84776,584,26.1,26.4,17.8,81.0,21.1,0.000,0.015,0.00,0.000,7.5,12.9,2.1,317,14,7.9,12.6,2.1,320,12,7.9,12.6,2.1,320,12,0,29.59,0.0,,,0,41.7,47.0,49.9,,,0.25
YORK,2019-11-08 06:05:00 EST,42.85504,-77.84776,584,25.9,26.2,18.6,80.3,20.7,0.000,0.015,0.00,0.000,5.9,10.4,1.5,323,20,6.5,12.5,1.6,326,17,6.5,12.5,1.6,326,17,0,29.59,0.0,,,0,41.7,47.0,50.0,,,0.25
YORK,2019-11-08 06:10:00 EST,42.85504,-77.84776,584,25.9,26.2,17.8,78.5,20.1,0.000,0.015,0.00,0.000,7.1,11.8,1.9,321,14,7.4,12.6,1.9,325,14,7.4,12.6,1.9,325,14,0,29.60,0.1,,,0,41.7,47.0,50.0,,,0.25
YORK,2019-11-08 06:15:00 EST,42.85504,-77.84776,584,25.7,26.0,17.6,78.4,19.9,0.000,0.015,0.00,0.000,6.9,11.3,1.5,327,11,7.4,13.3,1.7,331,11,7.4,13.3,1.7,331,11,0,29.60,-0.0,,,0,41.7,47.0,49.8,,,0.25
YORK,2019-11-08 06:20:00 EST,42.85504,-77.84776,584,25.5,25.8,18.0,78.9,19.8,0.000,0.015,0.00,0.000,6.0,11.0,1.6,330,13,6.5,12.4,1.8,333,12,6.5,12.4,1.8,333,12,0,29.60,0.0,,,0,41.6,46.9,49.8,,,0.25
YORK,2019-11-08 06:25:00 EST,42.85504,-77.84776,584,25.1,25.6,18.2,79.8,19.8,0.000,0.015,0.00,0.000,5.4,8.5,1.1,327,12,5.9,9.0,1.3,330,11,5.9,9.0,1.3,330,11,0,29.60,0.0,,,0,41.6,46.9,49.8,,,0.25
YORK,2019-11-08 06:30:00 EST,42.85504,-77.84776,584,25.3,25.7,17.0,78.6,19.5,0.000,0.015,0.00,0.000,7.1,10.2,1.3,322,12,7.5,11.4,1.5,327,11,7.5,11.4,1.5,327,11,0,29.61,0.1,,,0,41.6,46.9,49.8,,,0.25
YORK,2019-11-08 06:35:00 EST,42.85504,-77.84776,584,25.1,25.5,17.0,77.7,19.1,0.000,0.015,0.00,0.000,6.7,12.4,1.4,327,12,7.3,13.7,1.6,330,12,7.3,13.7,1.6,330,12,0,29.61,-0.0,,,0,41.6,46.9,49.8,,,0.25
YORK,2019-11-08 06:40:00 EST,42.85504,-77.84776,584,24.9,25.4,16.8,78.1,19.0,0.000,0.015,0.00,0.000,6.7,11.0,1.2,321,10,7.2,11.1,1.3,323,11,7.2,11.1,1.3,323,11,0,29.61,0.0,,,0,41.5,46.9,49.8,,,0.25
YORK,2019-11-08 06:45:00 EST,42.85504,-77.84776,584,24.5,25.1,17.3,78.9,18.9,0.000,0.015,0.00,0.000,5.6,8.6,1.4,320,15,6.1,9.5,1.5,321,13,6.1,9.5,1.5,321,13,1,29.61,-0.0,,,0,41.5,46.9,49.8,,,0.25
YORK,2019-11-08 06:50:00 EST,42.85504,-77.84776,584,24.5,25.1,18.1,78.9,18.9,0.000,0.015,0.00,0.000,4.8,9.5,1.4,317,11,5.1,9.6,1.5,319,10,5.1,9.6,1.5,319,10,2,29.61,-0.0,,,0,41.5,46.9,49.8,,,0.25
YORK,2019-11-08 06:55:00 EST,42.85504,-77.84776,584,24.5,25.0,18.0,79.2,19.0,0.000,0.015,0.00,0.000,5.1,7.4,1.0,314,9,5.3,8.2,1.1,316,8,5.3,8.2,1.1,316,8,3,29.62,0.0,,,0,41.5,46.9,49.8,,,0.25
YORK,2019-11-08 07:00:00 EST,42.85504,-77.84776,584,24.4,25.0,17.9,79.0,18.8,0.000,0.015,0.00,0.000,5.0,7.7,0.7,311,9,5.2,7.8,0.7,314,8,5.2,7.8,0.7,314,8,4,29.62,0.0,,,0,41.5,46.9,49.8,,,0.25
YORK,2019-11-08 07:05:00 EST,42.85504,-77.84776,584,24.4,24.9,17.2,79.2,18.9,0.000,0.015,0.00,0.000,5.7,8.1,0.9,309,11,5.9,8.1,0.9,312,10,5.9,8.1,0.9,312,10,6,29.62,0.0,,,0,41.5,46.9,49.8,,,0.25
YORK,2019-11-08 07:10:00 EST,42.85504,-77.84776,584,24.1,24.7,18.2,80.4,19.0,0.000,0.015,0.00,0.000,4.4,6.3,0.8,308,11,4.7,7.1,0.9,310,10,4.7,7.1,0.9,310,10,8,29.62,0.1,,,0,41.5,46.9,49.8,,,0.25
YORK,2019-11-08 07:15:00 EST,42.85504,-77.84776,584,24.1,24.7,17.8,80.9,19.1,0.000,0.015,0.00,0.000,4.7,7.5,0.9,310,10,5.0,7.5,1.1,312,9,5.0,7.5,1.1,312,9,11,29.63,-0.0,,,0,41.5,46.8,49.8,,,0.25
YORK,2019-11-08 07:20:00 EST,42.85504,-77.84776,584,24.1,24.8,18.6,80.1,18.9,0.000,0.015,0.00,0.000,4.1,6.9,0.9,313,12,4.3,7.8,1.1,316,10,4.3,7.8,1.1,316,10,14,29.63,0.0,,,0,41.5,46.8,49.8,,,0.25
YORK,2019-11-08 07:25:00 EST,42.85504,-77.84776,584,24.1,24.7,18.0,79.7,18.8,0.000,0.015,0.00,0.000,4.8,6.7,0.8,317,9,4.8,7.4,0.9,320,7,4.8,7.4,0.9,320,7,17,29.63,0.1,,,0,41.5,46.8,49.8,,,0.25
YORK,2019-11-08 07:30:00 EST,42.85504,-77.84776,584,24.0,24.7,17.9,78.7,18.4,0.000,0.015,0.00,0.000,4.6,6.4,0.9,307,8,4.8,7.1,1.0,310,7,4.8,7.1,1.0,310,7,19,29.63,0.0,,,0,41.5,46.8,49.8,,,0.25
YORK,2019-11-08 07:35:00 EST,42.85504,-77.84776,584,23.9,24.5,17.6,79.9,18.6,0.000,0.015,0.00,0.000,4.7,6.8,1.0,303,8,4.9,7.1,1.2,306,8,4.9,7.1,1.2,306,8,40,29.64,0.0,,,0,41.5,46.8,49.8,,,0.25
YORK,2019-11-08 07:40:00 EST,42.85504,-77.84776,584,24.2,24.5,18.2,79.6,18.8,0.000,0.015,0.00,0.000,4.5,6.1,0.7,309,9,4.7,6.7,0.9,311,8,4.7,6.7,0.9,311,8,72,29.64,0.0,,,0,41.5,46.8,49.8,,,0.25
YORK,2019-11-08 07:45:00 EST,42.85504,-77.84776,584,24.4,24.7,18.2,79.2,18.9,0.000,0.015,0.00,0.000,4.7,7.7,1.1,311,13,5.0,7.5,1.1,313,11,5.0,7.5,1.1,313,11,79,29.64,0.0,,,0,41.5,46.8,49.8,,,0.25
YORK,2019-11-08 07:50:00 EST,42.85504,-77.84776,584,24.7,24.8,18.5,77.3,18.6,0.000,0.015,0.00,0.000,4.6,8.2,1.5,322,16,5.0,9.9,1.7,325,16,5.0,9.9,1.7,325,16,89,29.64,0.1,,,0,41.5,46.8,49.8,,,0.25
YORK,2019-11-08 07:55:00 EST,42.85504,-77.84776,584,24.8,24.9,17.2,77.0,18.6,0.000,0.015,0.00,0.000,6.2,9.2,1.3,324,11,6.5,9.7,1.5,327,10,6.5,9.7,1.5,327,10,97,29.64,0.1,,,0,41.5,46.8,49.8,,,0.25
YORK,2019-11-08 08:00:00 EST,42.85504,-77.84776,584,25.0,25.0,17.5,76.1,18.5,0.000,0.015,0.00,0.000,6.0,9.5,1.5,317,13,6.4,10.9,1.6,320,13,6.4,10.9,1.6,320,13,105,29.64,0.1,,,0,41.5,46.8,49.8,,,0.25
YORK,2019-11-08 08:05:00 EST,42.85504,-77.84776,584,25.1,25.1,17.7,75.8,18.6,0.000,0.015,0.00,0.000,6.1,9.3,1.3,321,10,6.4,8.9,1.2,322,10,6.4,8.9,1.2,322,10,113,29.65,0.1,,,0,41.4,46.8,49.8,,,0.25
YORK,2019-11-08 08:10:00 EST,42.85504,-77.84776,584,25.2,25.2,17.8,75.6,18.6,0.000,0.015,0.00,0.000,5.9,8.7,1.3,312,12,6.4,9.2,1.3,315,12,6.4,9.2,1.3,315,12,121,29.65,0.1,,,0,41.5,46.8,49.8,,,0.25
YORK,2019-11-08 08:15:00 EST,42.85504,-77.84776,584,25.4,25.3,16.5,74.4,18.4,0.000,0.015,0.00,0.000,8.2,12.3,1.8,310,9,8.4,12.8,1.9,312,9,8.4,12.8,1.9,312,9,129,29.65,0.0,,,0,41.4,46.8,49.8,,,0.25
YORK,2019-11-08 08:20:00 EST,42.85504,-77.84776,584,25.5,25.4,17.7,74.6,18.6,0.000,0.015,0.00,0.000,6.6,10.0,1.4,315,15,7.0,10.6,1.5,316,15,7.0,10.6,1.5,316,15,137,29.65,0.1,,,0,41.4,46.8,49.8,,,0.25
YORK,2019-11-08 08:25:00 EST,42.85504,-77.84776,584,25.7,25.5,18.5,74.6,18.8,0.000,0.015,0.00,0.000,5.8,9.4,1.6,307,14,6.2,11.3,1.7,310,13,6.2,11.3,1.7,310,13,146,29.65,0.1,,,0,41.4,46.8,49.8,,,0.25
YORK,2019-11-08 08:30:00 EST,42.85504,-77.84776,584,25.8,25.6,17.8,75.1,19.0,0.000,0.015,0.00,0.000,6.9,10.9,1.7,314,16,7.3,11.5,1.8,317,16,7.3,11.5,1.8,317,16,154,29.65,0.1,,,0,41.4,46.8,49.8,,,0.25
YORK,2019-11-08 08:35:00 EST,42.85504,-77.84776,584,26.0,25.7,20.2,74.0,18.9,0.000,0.015,0.00,0.000,4.4,7.5,1.1,323,12,4.8,8.0,1.2,324,11,4.8,8.0,1.2,324,11,162,29.65,0.1,,,0,41.4,46.8,49.8,,,0.25
YORK,2019-11-08 08:40:00 EST,42.85504,-77.84776,584,26.1,25.9,19.0,72.5,18.5,0.000,0.015,0.00,0.000,5.9,10.1,1.6,319,14,6.3,11.5,1.8,323,14,6.3,11.5,1.8,323,14,169,29.65,0.1,,,0,41.4,46.8,49.8,,,0.25
YORK,2019-11-08 08:45:00 EST,42.85504,-77.84776,584,26.2,26.0,18.9,72.2,18.5,0.000,0.015,0.00,0.000,6.0,9.9,1.8,322,15,6.5,11.5,1.8,325,15,6.5,11.5,1.8,325,15,176,29.66,0.1,,,0,41.4,46.8,49.8,,,0.25
YORK,2019-11-08 08:50:00 EST,42.85504,-77.84776,584,26.3,26.0,18.0,71.9,18.5,0.000,0.015,0.00,0.000,7.2,10.2,1.5,326,17,7.9,12.5,1.6,331,15,7.9,12.5,1.6,331,15,182,29.66,0.1,,,0,41.4,46.8,49.8,,,0.25
YORK,2019-11-08 08:55:00 EST,42.85504,-77.84776,584,26.3,26.0,16.8,71.6,18.4,0.000,0.015,0.00,0.000,9.1,13.0,1.8,324,17,9.8,14.5,1.9,328,16,9.8,14.5,1.9,328,16,189,29.66,0.1,,,0,41.4,46.8,49.8,,,0.25
YORK,2019-11-08 09:00:00 EST,42.85504,-77.84776,584,26.6,26.2,19.1,71.6,18.7,0.000,0.015,0.00,0.000,6.3,9.7,1.5,327,14,6.8,10.2,1.4,330,13,6.8,10.2,1.4,330,13,194,29.66,0.1,,,0,41.4,46.8,49.8,,,0.25
YORK,2019-11-08 09:05:00 EST,42.85504,-77.84776,584,26.7,26.3,18.3,71.0,18.6,0.000,0.015,0.00,0.000,7.9,13.2,2.1,320,13,8.3,13.4,2.0,322,12,8.3,13.4,2.0,322,12,200,29.66,0.1,,,0,41.4,46.8,49.8,,,0.25
YORK,2019-11-08 09:10:00 EST,42.85504,-77.84776,584,26.7,26.3,17.0,69.6,18.1,0.000,0.015,0.00,0.000,9.6,15.5,2.7,334,15,10.4,17.2,2.6,337,15,10.4,17.2,2.6,337,15,203,29.66,0.1,,,0,41.4,46.8,49.7,,,0.25
YORK,2019-11-08 09:15:00 EST,42.85504,-77.84776,584,26.9,26.5,17.6,68.3,17.8,0.000,0.015,0.00,0.000,8.8,13.4,2.9,332,17,9.6,15.5,2.8,337,14,9.6,15.5,2.8,337,14,207,29.66,0.1,,,0,41.4,46.8,49.7,,,0.25
YORK,2019-11-08 09:20:00 EST,42.85504,-77.84776,584,26.9,26.5,16.5,66.7,17.3,0.000,0.015,0.00,0.000,10.7,16.4,2.3,334,20,11.6,18.7,3.0,338,19,11.6,18.7,3.0,338,19,211,29.66,0.1,,,0,41.4,46.8,49.8,,,0.25
YORK,2019-11-08 09:25:00 EST,42.85504,-77.84776,584,27.1,26.7,17.6,66.4,17.4,0.000,0.015,0.00,0.000,9.4,15.7,2.8,332,15,10.0,17.9,2.8,335,14,10.0,17.9,2.8,335,14,219,29.66,0.1,,,0,41.4,46.7,49.7,,,0.25
YORK,2019-11-08 09:30:00 EST,42.85504,-77.84776,584,27.6,26.9,19.2,67.2,18.2,0.000,0.015,0.00,0.000,8.0,13.9,2.5,319,17,8.4,14.8,2.4,323,16,8.4,14.8,2.4,323,16,229,29.66,0.1,,,0,41.4,46.7,49.7,,,0.25
YORK,2019-11-08 09:35:00 EST,42.85504,-77.84776,584,27.2,26.7,16.4,64.1,16.7,0.000,0.015,0.00,0.000,11.8,16.4,2.1,328,16,12.9,18.6,2.1,332,16,12.9,18.6,2.1,332,16,240,29.67,0.1,,,0,41.4,46.8,49.7,,,0.25
YORK,2019-11-08 09:40:00 EST,42.85504,-77.84776,584,27.2,26.8,17.3,63.8,16.6,0.000,0.015,0.00,0.000,10.3,15.4,1.8,333,12,11.0,14.7,1.6,337,11,11.0,14.7,1.6,337,11,288,29.67,0.1,,,0,41.4,46.7,49.7,,,0.25
YORK,2019-11-08 09:45:00 EST,42.85504,-77.84776,584,27.6,26.9,17.9,64.4,17.1,0.000,0.015,0.00,0.000,9.6,13.4,2.2,331,14,10.6,14.8,2.3,335,14,10.6,14.8,2.3,335,14,344,29.67,0.0,,,0,41.4,46.7,49.6,,,0.25
YORK,2019-11-08 09:50:00 EST,42.85504,-77.84776,584,27.6,26.8,16.9,64.7,17.3,0.000,0.015,0.00,0.000,11.9,15.8,2.1,335,12,12.8,19.0,2.4,338,12,12.8,19.0,2.4,338,12,373,29.67,0.0,,,0,41.4,46.6,49.6,,,0.25
YORK,2019-11-08 09:55:00 EST,42.85504,-77.84776,584,27.9,27.1,19.7,65.2,17.8,0.000,0.015,0.00,0.000,7.4,12.1,1.6,338,21,8.4,16.2,2.0,341,16,8.4,16.2,2.0,341,16,334,29.67,0.1,,,0,41.4,46.6,49.6,,,0.25
YORK,2019-11-08 10:00:00 EST,42.85504,-77.84776,584,28.1,27.2,19.1,64.9,17.8,0.000,0.015,0.00,0.000,9.0,16.2,2.8,324,17,9.7,18.5,3.0,327,17,9.7,18.5,3.0,327,17,365,29.67,0.0,,,0,41.4,46.7,49.6,,,0.25
YORK,2019-11-08 10:05:00 EST,42.85504,-77.84776,584,27.9,27.0,18.0,62.6,16.8,0.000,0.015,0.00,0.000,11.0,15.6,2.5,316,11,11.2,16.3,2.6,319,9,11.2,16.3,2.6,319,9,406,29.67,0.1,,,0,41.4,46.6,49.6,,,0.25
YORK,2019-11-08 10:10:00 EST,42.85504,-77.84776,584,28.3,27.2,19.4,63.2,17.3,0.000,0.015,0.00,0.000,8.8,13.6,2.4,322,13,9.4,15.3,2.5,324,13,9.4,15.3,2.5,324,13,452,29.67,-0.0,,,0,41.4,46.6,49.6,,,0.25
YORK,2019-11-08 10:15:00 EST,42.85504,-77.84776,584,28.1,27.3,18.7,65.9,18.2,0.000,0.015,0.00,0.000,9.9,15.0,2.2,323,15,10.3,15.3,2.3,325,15,10.3,15.3,2.3,325,15,201,29.67,-0.0,,,0,41.4,46.6,49.6,,,0.25
YORK,2019-11-08 10:20:00 EST,42.85504,-77.84776,584,27.6,27.0,16.8,63.6,16.9,0.000,0.015,0.00,0.000,11.9,19.1,3.0,336,12,12.9,21.4,3.1,340,12,12.9,21.4,3.1,340,12,293,29.67,-0.1,,,0,41.4,46.6,49.6,,,0.25
YORK,2019-11-08 10:25:00 EST,42.85504,-77.84776,584,27.8,27.0,17.5,63.2,16.9,0.000,0.015,0.00,0.000,11.2,17.8,3.1,329,16,11.9,18.8,3.0,331,15,11.9,18.8,3.0,331,15,287,29.67,0.0,,,0,41.4,46.6,49.6,,,0.25
YORK,2019-11-08 10:30:00 EST,42.85504,-77.84776,584,27.6,26.9,17.5,63.3,16.7,0.000,0.015,0.00,0.000,10.9,14.9,2.1,323,12,11.5,15.7,2.0,326,13,11.5,15.7,2.0,326,13,140,29.68,-0.0,,,0,41.4,46.6,49.6,,,0.25
YORK,2019-11-08 10:35:00 EST,42.85504,-77.84776,584,28.1,27.3,20.4,66.1,18.2,0.000,0.015,0.00,0.000,6.7,11.3,2.0,323,28,7.6,15.1,2.2,324,26,7.6,15.1,2.2,324,26,290,29.68,0.0,,,0,41.4,46.6,49.6,,,0.25
YORK,2019-11-08 10:40:00 EST,42.85504,-77.84776,584,28.0,27.4,18.5,64.4,17.6,0.000,0.015,0.00,0.000,10.1,18.3,3.0,334,22,10.7,17.7,3.0,336,20,10.7,17.7,3.0,336,20,261,29.68,0.1,,,0,41.4,46.6,49.6,,,0.25
YORK,2019-11-08 10:45:00 EST,42.85504,-77.84776,584,28.0,27.1,17.7,61.8,16.5,0.000,0.015,0.00,0.000,11.4,16.5,2.3,324,12,12.0,19.1,2.6,328,13,12.0,19.1,2.6,328,13,352,29.68,0.1,,,0,41.4,46.6,49.6,,,0.25
YORK,2019-11-08 10:50:00 EST,42.85504,-77.84776,584,27.9,27.1,18.1,63.6,17.1,0.000,0.015,0.00,0.000,10.3,14.8,2.3,321,14,10.9,14.4,2.2,323,14,10.9,14.4,2.2,323,14,279,29.68,0.1,,,0,41.4,46.6,49.6,,,0.25
YORK,2019-11-08 10:55:00 EST,42.85504,-77.84776,584,27.8,27.1,18.4,64.2,17.3,0.000,0.015,0.00,0.000,9.8,14.4,2.3,322,13,10.2,16.9,2.4,325,13,10.2,16.9,2.4,325,13,201,29.68,0.1,,,0,41.4,46.6,49.6,,,0.25
YORK,2019-11-08 11:00:00 EST,42.85504,-77.84776,584,27.5,26.9,16.8,67.4,18.1,0.000,0.015,0.00,0.000,12.0,16.3,1.6,322,13,12.7,17.2,1.8,325,15,12.7,17.2,1.8,325,15,152,29.68,0.0,,,0,41.4,46.6,49.6,,,0.25
YORK,2019-11-08 11:05:00 EST,42.85504,-77.84776,584,27.2,26.6,18.2,68.7,18.3,0.000,0.015,0.00,0.000,9.0,12.3,1.4,316,10,9.3,12.9,1.5,319,10,9.3,12.9,1.5,319,10,149,29.68,0.1,,,0,41.4,46.6,49.6,,,0.25
YORK,2019-11-08 11:10:00 EST,42.85504,-77.84776,584,27.2,26.6,17.1,68.4,18.2,0.000,0.015,0.00,0.000,10.1,15.5,2.6,329,24,11.2,20.1,2.9,332,20,11.2,20.1,2.9,332,20,228,29.69,0.0,,,0,41.5,46.6,49.6,,,0.25
YORK,2019-11-08 11:15:00 EST,42.85504,-77.84776,584,27.4,26.7,17.4,68.1,18.3,0.000,0.015,0.00,0.000,10.2,15.2,2.4,332,12,11.2,17.6,2.8,337,10,11.2,17.6,2.8,337,10,232,29.69,0.1,,,0,41.5,46.6,49.6,,,0.25
YORK,2019-11-08 11:20:00 EST,42.85504,-77.84776,584,27.6,26.9,17.3,65.2,17.4,0.000,0.015,0.00,0.000,11.0,17.2,2.6,318,24,11.9,18.4,2.7,323,20,11.9,18.4,2.7,323,20,270,29.69,0.1,,,0,41.5,46.6,49.6,,,0.25
YORK,2019-11-08 11:25:00 EST,42.85504,-77.84776,584,27.9,27.1,17.9,62.4,16.7,0.000,0.015,0.00,0.000,10.8,14.8,2.1,317,12,11.4,16.6,2.2,320,11,11.4,16.6,2.2,320,11,305,29.69,0.1,,,0,41.5,46.6,49.6,,,0.25
YORK,2019-11-08 11:30:00 EST,42.85504,-77.84776,584,28.3,27.2,19.6,63.0,17.3,0.000,0.015,0.00,0.000,8.5,13.2,1.9,320,22,9.1,14.4,2.0,324,18,9.1,14.4,2.0,324,18,453,29.68,0.2,,,0,41.5,46.5,49.6,,,0.25
YORK,2019-11-08 11:35:00 EST,42.85504,-77.84776,584,28.6,27.6,18.6,63.5,17.8,0.000,0.015,0.00,0.000,11.0,17.6,2.4,314,14,11.7,18.8,2.6,317,15,11.7,18.8,2.6,317,15,290,29.68,-0.1,,,0,41.5,46.5,49.6,,,0.25
YORK,2019-11-08 11:40:00 EST,42.85504,-77.84776,584,27.6,27.0,17.9,60.8,15.9,0.000,0.015,0.00,0.000,10.4,15.5,1.9,319,16,10.9,16.5,1.9,323,15,10.9,16.5,1.9,323,15,192,29.68,0.0,,,0,41.5,46.5,49.6,,,0.25
YORK,2019-11-08 11:45:00 EST,42.85504,-77.84776,584,28.1,27.3,18.6,62.0,16.8,0.000,0.015,0.00,0.000,9.6,17.2,3.2,320,27,10.5,18.5,3.2,325,26,10.5,18.5,3.2,325,26,401,29.68,0.0,,,0,41.6,46.5,49.6,,,0.25
YORK,2019-11-08 11:50:00 EST,42.85504,-77.84776,584,28.8,27.7,19.3,63.5,17.9,0.000,0.015,0.00,0.000,10.2,16.7,2.4,306,14,10.7,18.7,2.4,308,14,10.7,18.7,2.4,308,14,384,29.68,-0.1,,,0,41.7,46.5,49.6,,,0.25
YORK,2019-11-08 11:55:00 EST,42.85504,-77.84776,584,28.8,27.5,18.6,62.6,17.7,0.000,0.015,0.00,0.000,12.0,16.9,2.1,310,15,12.5,18.1,2.3,313,15,12.5,18.1,2.3,313,15,404,29.68,-0.0,,,0,41.7,46.4,49.6,,,0.25
YORK,2019-11-08 12:00:00 EST,42.85504,-77.84776,584,28.7,27.4,19.4,62.4,17.4,0.000,0.015,0.00,0.000,10.1,15.1,1.6,310,17,10.4,16.6,1.8,313,17,10.4,16.6,1.8,313,17,439,29.68,0.0,,,0,41.7,46.3,49.6,,,0.25
YORK,2019-11-08 12:05:00 EST,42.85504,-77.84776,584,29.1,27.7,19.9,61.9,17.7,0.000,0.015,0.00,0.000,10.3,16.1,2.4,312,14,10.5,16.4,2.3,316,13,10.5,16.4,2.3,316,13,509,29.67,0.0,,,0,41.7,46.4,49.6,,,0.25
YORK,2019-11-08 12:10:00 EST,42.85504,-77.84776,584,29.0,27.8,20.4,63.1,18.0,0.000,0.015,0.00,0.000,8.7,14.2,2.6,317,23,9.3,16.1,2.6,320,23,9.3,16.1,2.6,320,23,386,29.67,-0.0,,,0,41.7,46.5,49.6,,,0.25
YORK,2019-11-08 12:15:00 EST,42.85504,-77.84776,584,29.8,28.4,20.8,63.1,18.7,0.000,0.015,0.00,0.000,9.8,15.0,3.0,306,11,10.3,15.6,3.0,308,11,10.3,15.6,3.0,308,11,442,29.67,-0.0,,,0,41.7,46.4,49.6,,,0.25
YORK,2019-11-08 12:20:00 EST,42.85504,-77.84776,584,29.3,28.1,19.8,62.1,17.9,0.000,0.015,0.00,0.000,10.1,16.7,2.9,335,18,11.2,17.1,3.0,337,16,11.2,17.1,3.0,337,16,314,29.67,-0.1,,,0,41.8,46.4,49.6,,,0.25
YORK,2019-11-08 12:25:00 EST,42.85504,-77.84776,584,28.3,27.6,18.3,58.3,15.5,0.000,0.015,0.00,0.000,10.5,15.6,2.6,335,11,11.5,16.9,2.9,340,11,11.5,16.9,2.9,340,11,259,29.67,0.0,,,0,41.9,46.4,49.6,,,0.25
YORK,2019-11-08 12:30:00 EST,42.85504,-77.84776,584,28.3,27.5,19.2,60.0,16.2,0.000,0.015,0.00,0.000,9.3,14.1,2.2,324,18,9.9,14.4,2.2,328,17,9.9,14.4,2.2,328,17,253,29.67,0.2,,,0,41.9,46.4,49.6,,,0.25
YORK,2019-11-08 12:35:00 EST,42.85504,-77.84776,584,29.1,28.0,19.0,61.6,17.6,0.000,0.015,0.00,0.000,11.6,16.5,1.7,298,18,12.4,16.5,2.0,300,18,12.4,16.5,2.0,300,18,282,29.67,0.0,,,0,41.9,46.4,49.6,,,0.25
YORK,2019-11-08 12:40:00 EST,42.85504,-77.84776,584,28.8,28.1,19.6,59.9,16.6,0.000,0.015,0.00,0.000,9.7,15.6,3.1,320,17,10.3,17.0,3.1,325,17,10.3,17.0,3.1,325,17,211,29.67,-0.0,,,0,42.0,46.4,49.6,,,0.25
YORK,2019-11-08 12:45:00 EST,42.85504,-77.84776,584,29.2,28.0,21.1,61.3,17.5,0.000,0.015,0.00,0.000,7.9,13.5,2.2,314,22,8.5,14.7,2.3,315,21,8.5,14.7,2.3,315,21,371,29.67,0.1,,,0,42.1,46.4,49.6,,,0.25
YORK,2019-11-08 12:50:00 EST,42.85504,-77.84776,584,28.7,28.0,19.0,59.5,16.4,0.000,0.015,0.00,0.000,10.7,17.2,2.7,315,17,11.3,18.0,2.7,318,17,11.3,18.0,2.7,318,17,241,29.67,0.2,,,0,42.1,46.4,49.6,,,0.25
YORK,2019-11-08 12:55:00 EST,42.85504,-77.84776,584,29.5,28.0,19.3,58.9,16.9,0.000,0.015,0.00,0.000,12.2,17.2,2.8,318,12,12.6,21.3,2.6,321,11,12.6,21.3,2.6,321,11,490,29.67,0.0,,,0,42.1,46.4,49.6,,,0.25
YORK,2019-11-08 13:00:00 EST,42.85504,-77.84776,584,29.0,28.0,19.2,61.1,17.3,0.000,0.015,0.00,0.000,11.3,15.1,1.5,305,13,11.7,15.4,1.6,307,12,11.7,15.4,1.6,307,12,301,29.67,0.1,,,0,42.3,46.4,49.6,,,0.25
YORK,2019-11-08 13:05:00 EST,42.85504,-77.84776,584,29.5,28.5,20.0,62.5,18.3,0.000,0.015,0.00,0.000,10.9,16.7,2.1,305,11,11.3,17.0,2.1,308,11,11.3,17.0,2.1,308,11,301,29.67,0.1,,,0,42.3,46.4,49.6,,,0.25
YORK,2019-11-08 13:10:00 EST,42.85504,-77.84776,584,30.2,28.9,21.0,60.6,18.3,0.000,0.015,0.00,0.000,10.5,15.9,2.2,309,21,11.0,16.8,2.5,312,19,11.0,16.8,2.5,312,19,469,29.67,-0.0,,,0,42.3,46.4,49.6,,,0.25
YORK,2019-11-08 13:15:00 EST,42.85504,-77.84776,584,29.8,28.7,20.1,58.3,16.9,0.000,0.015,0.00,0.000,11.3,18.8,3.1,311,14,11.8,18.3,3.1,314,15,11.8,18.3,3.1,314,15,400,29.67,0.0,,,0,42.4,46.4,49.6,,,0.25
YORK,2019-11-08 13:20:00 EST,42.85504,-77.84776,584,29.1,28.2,18.9,59.6,16.8,0.000,0.015,0.00,0.000,12.2,17.1,1.9,308,13,12.7,17.0,1.9,311,13,12.7,17.0,1.9,311,13,216,29.67,0.0,,,0,42.4,46.4,49.6,,,0.25
YORK,2019-11-08 13:25:00 EST,42.85504,-77.84776,584,29.3,28.2,19.9,60.2,17.2,0.000,0.015,0.00,0.000,10.5,15.1,2.2,315,17,10.9,16.5,2.3,318,17,10.9,16.5,2.3,318,17,386,29.67,0.2,,,0,42.4,46.4,49.5,,,0.25
YORK,2019-11-08 13:30:00 EST,42.85504,-77.84776,584,30.0,28.8,19.7,61.0,18.2,0.000,0.015,0.00,0.000,13.0,21.9,3.1,306,12,13.5,22.4,2.9,308,12,13.5,22.4,2.9,308,12,412,29.67,0.1,,,0,42.4,46.3,49.5,,,0.25
YORK,2019-11-08 13:35:00 EST,42.85504,-77.84776,584,30.0,28.5,21.1,59.6,17.6,0.000,0.015,0.00,0.000,9.9,14.8,2.4,314,13,10.3,15.4,2.2,317,13,10.3,15.4,2.2,317,13,436,29.67,0.1,,,0,42.5,46.4,49.5,,,0.25
YORK,2019-11-08 13:40:00 EST,42.85504,-77.84776,584,30.6,29.1,21.4,58.3,17.7,0.000,0.015,0.00,0.000,10.5,17.7,2.9,311,11,11.1,19.1,3.1,313,10,11.1,19.1,3.1,313,10,421,29.67,-0.0,,,0,42.6,46.3,49.5,,,0.25
YORK,2019-11-08 13:45:00 EST,42.85504,-77.84776,584,29.9,28.3,19.7,59.5,17.5,0.000,0.015,0.00,0.000,12.7,17.0,1.8,314,10,12.9,17.7,1.9,316,10,12.9,17.7,1.9,316,10,416,29.67,0.1,,,0,42.6,46.4,49.5,,,0.25
YORK,2019-11-08 13:50:00 EST,42.85504,-77.84776,584,30.3,28.7,21.9,60.0,18.0,0.000,0.015,0.00,0.000,9.1,13.5,1.9,306,11,9.3,14.1,1.9,309,10,9.3,14.1,1.9,309,10,416,29.66,0.0,,,0,42.6,46.4,49.5,,,0.25
YORK,2019-11-08 13:55:00 EST,42.85504,-77.84776,584,30.6,29.3,21.8,58.6,17.8,0.000,0.015,0.00,0.000,9.7,16.7,3.0,315,22,10.3,17.0,3.2,319,22,10.3,17.0,3.2,319,22,429,29.66,0.1,,,0,42.7,46.4,49.5,,,0.25
YORK,2019-11-08 14:00:00 EST,42.85504,-77.84776,584,30.5,29.1,22.2,57.5,17.3,0.000,0.015,0.00,0.000,8.7,13.7,2.5,309,21,9.3,14.1,2.4,310,21,9.3,14.1,2.4,310,21,407,29.66,0.0,,,0,42.8,46.4,49.5,,,0.25
YORK,2019-11-08 14:05:00 EST,42.85504,-77.84776,584,30.0,28.9,21.5,60.7,18.1,0.000,0.015,0.00,0.000,9.2,12.9,1.4,302,13,9.6,12.9,1.4,305,12,9.6,12.9,1.4,305,12,235,29.66,0.1,,,0,42.8,46.4,49.5,,,0.25
YORK,2019-11-08 14:10:00 EST,42.85504,-77.84776,584,30.9,29.4,22.0,61.1,19.0,0.000,0.015,0.00,0.000,9.8,13.2,1.7,303,23,10.6,14.0,1.7,305,22,10.6,14.0,1.7,305,22,451,29.66,0.1,,,0,42.8,46.4,49.5,,,0.25
YORK,2019-11-08 14:15:00 EST,42.85504,-77.84776,584,30.6,29.2,23.2,57.2,17.2,0.000,0.015,0.00,0.000,7.5,13.7,1.6,328,12,7.9,13.3,1.8,331,11,7.9,13.3,1.8,331,11,393,29.66,0.3,,,0,42.9,46.4,49.5,,,0.25
YORK,2019-11-08 14:20:00 EST,42.85504,-77.84776,584,30.4,29.2,20.9,56.2,16.7,0.000,0.015,0.00,0.000,11.0,14.8,2.2,324,21,11.8,16.7,2.2,328,20,11.8,16.7,2.2,328,20,362,29.66,-0.0,,,0,43.0,46.4,49.5,,,0.25
YORK,2019-11-08 14:25:00 EST,42.85504,-77.84776,584,30.2,29.0,22.6,56.6,16.6,0.000,0.015,0.00,0.000,7.4,13.8,2.3,309,18,8.1,14.2,2.3,311,17,8.1,14.2,2.3,311,17,312,29.66,0.0,,,0,43.0,46.4,49.5,,,0.25
YORK,2019-11-08 14:30:00 EST,42.85504,-77.84776,584,29.5,28.8,20.9,57.3,16.2,0.005,0.020,0.00,0.005,9.1,15.6,2.7,319,14,9.5,18.7,2.8,323,13,9.5,18.7,2.8,323,13,161,29.66,0.0,,,0,43.0,46.5,49.5,,,0.25
YORK,2019-11-08 14:35:00 EST,42.85504,-77.84776,584,29.7,28.7,21.4,56.9,16.3,0.000,0.020,0.00,0.005,8.9,14.5,2.9,312,12,9.1,14.8,2.9,316,11,9.1,14.8,2.9,316,11,333,29.66,0.1,,,0,43.0,46.4,49.5,,,0.25
YORK,2019-11-08 14:40:00 EST,42.85504,-77.84776,584,30.1,29.1,22.5,56.2,16.4,0.000,0.020,0.00,0.005,7.4,11.2,1.8,335,16,8.1,11.8,2.1,339,15,8.1,11.8,2.1,339,15,337,29.66,-0.1,,,0,43.2,46.4,49.5,,,0.25
YORK,2019-11-08 14:45:00 EST,42.85504,-77.84776,584,30.1,29.1,22.7,57.6,16.9,0.000,0.020,0.00,0.005,7.4,11.3,2.0,308,17,7.7,12.1,2.3,312,18,7.7,12.1,2.3,312,18,250,29.66,0.1,,,0,43.2,46.4,49.5,,,0.25
YORK,2019-11-08 14:50:00 EST,42.85504,-77.84776,584,30.4,29.3,21.8,56.8,16.9,0.000,0.020,0.00,0.005,9.4,13.7,2.2,310,18,9.9,14.2,2.2,312,19,9.9,14.2,2.2,312,19,316,29.66,0.0,,,0,43.2,46.4,49.5,,,0.25
YORK,2019-11-08 14:55:00 EST,42.85504,-77.84776,584,29.7,28.8,20.7,57.4,16.5,0.000,0.020,0.00,0.005,9.9,14.2,2.6,309,14,10.4,15.7,2.7,311,12,10.4,15.7,2.7,311,12,194,29.66,0.0,,,0,43.2,46.4,49.5,,,0.25
YORK,2019-11-08 15:00:00 EST,42.85504,-77.84776,584,30.1,29.1,22.5,57.4,16.8,0.000,0.020,0.00,0.005,7.6,12.6,2.1,314,11,7.9,13.3,2.2,318,10,7.9,13.3,2.2,318,10,259,29.66,-0.1,,,0,43.3,46.4,49.5,,,0.25
YORK,2019-11-08 15:05:00 EST,42.85504,-77.84776,584,30.0,29.1,22.2,55.8,16.1,0.000,0.020,0.00,0.005,7.9,12.3,1.9,317,13,8.3,13.2,2.0,321,12,8.3,13.2,2.0,321,12,256,29.66,0.0,,,0,43.3,46.4,49.5,,,0.25
YORK,2019-11-08 15:10:00 EST,42.85504,-77.84776,584,29.8,29.0,22.5,57.3,16.6,0.000,0.020,0.00,0.005,7.1,10.5,1.4,304,15,7.6,10.8,1.4,307,13,7.6,10.8,1.4,307,13,156,29.66,-0.1,,,0,43.3,46.4,49.5,,,0.25
YORK,2019-11-08 15:15:00 EST,42.85504,-77.84776,584,29.6,28.9,20.5,57.7,16.5,0.000,0.020,0.00,0.005,9.6,13.3,1.8,283,7,10.4,13.8,1.9,285,6,10.4,13.8,1.9,285,6,221,29.66,0.0,,,0,43.3,46.3,49.5,,,0.25
YORK,2019-11-08 15:20:00 EST,42.85504,-77.84776,584,30.0,29.2,21.9,56.6,16.4,0.000,0.020,0.00,0.005,8.4,11.8,1.5,302,17,8.8,12.2,1.5,305,18,8.8,12.2,1.5,305,18,238,29.67,0.1,,,0,43.3,46.4,49.5,,,0.25
YORK,2019-11-08 15:25:00 EST,42.85504,-77.84776,584,30.2,29.4,22.9,55.8,16.3,0.000,0.020,0.00,0.005,7.2,11.9,1.7,310,19,7.7,13.1,1.7,312,19,7.7,13.1,1.7,312,19,246,29.67,0.0,,,0,43.4,46.3,49.5,,,0.25
YORK,2019-11-08 15:30:00 EST,42.85504,-77.84776,584,30.2,29.4,22.2,56.5,16.6,0.000,0.020,0.00,0.000,8.4,13.2,1.9,323,15,8.8,13.4,1.8,327,15,8.8,13.4,1.8,327,15,223,29.67,-0.0,,,0,43.5,46.3,49.5,,,0.25
YORK,2019-11-08 15:35:00 EST,42.85504,-77.84776,584,29.8,29.2,22.5,56.2,16.1,0.000,0.020,0.00,0.000,7.2,9.4,1.2,321,12,7.5,10.2,1.3,324,11,7.5,10.2,1.3,324,11,204,29.67,0.0,,,0,43.5,46.3,49.5,,,0.25
YORK,2019-11-08 15:40:00 EST,42.85504,-77.84776,584,29.3,28.9,20.6,56.7,15.8,0.000,0.020,0.00,0.000,9.0,12.9,1.9,334,15,9.6,15.0,2.2,337,14,9.6,15.0,2.2,337,14,109,29.67,-0.1,,,0,43.5,46.4,49.5,,,0.25
YORK,2019-11-08 15:45:00 EST,42.85504,-77.84776,584,28.7,28.6,21.7,58.3,15.9,0.000,0.020,0.00,0.000,6.4,9.5,1.4,318,11,6.7,10.5,1.5,320,10,6.7,10.5,1.5,320,10,89,29.67,0.0,,,0,43.5,46.4,49.5,,,0.25
YORK,2019-11-08 15:50:00 EST,42.85504,-77.84776,584,29.2,28.8,21.1,58.6,16.5,0.000,0.020,0.00,0.000,8.3,11.5,1.4,308,10,8.7,11.5,1.4,311,9,8.7,11.5,1.4,311,9,151,29.67,0.0,,,0,43.5,46.4,49.5,,,0.25
YORK,2019-11-08 15:55:00 EST,42.85504,-77.84776,584,29.3,28.7,21.5,58.9,16.6,0.000,0.020,0.00,0.000,7.6,9.9,1.1,296,10,8.1,10.7,1.2,299,10,8.1,10.7,1.2,299,10,136,29.67,-0.0,,,0,43.5,46.3,49.5,,,0.25
YORK,2019-11-08 16:00:00 EST,42.85504,-77.84776,584,29.2,28.7,23.2,57.4,16.0,0.000,0.020,0.00,0.000,5.1,7.7,1.2,290,11,5.6,8.8,1.3,293,9,5.6,8.8,1.3,293,9,123,29.67,-0.0,,,0,43.5,46.4,49.5,,,0.25
YORK,2019-11-08 16:05:00 EST,42.85504,-77.84776,584,29.1,28.8,22.1,59.8,16.9,0.000,0.020,0.00,0.000,6.6,9.4,1.4,321,15,6.9,10.2,1.6,322,15,6.9,10.2,1.6,322,15,112,29.67,-0.0,,,0,43.5,46.5,49.5,,,0.25
YORK,2019-11-08 16:10:00 EST,42.85504,-77.84776,584,28.9,28.7,21.3,58.5,16.2,0.000,0.020,0.00,0.000,7.3,10.0,1.1,306,12,7.7,10.5,1.2,309,13,7.7,10.5,1.2,309,13,100,29.67,-0.1,,,0,43.5,46.4,49.5,,,0.25
YORK,2019-11-08 16:15:00 EST,42.85504,-77.84776,584,28.7,28.6,21.8,58.7,16.1,0.000,0.020,0.00,0.000,6.4,9.3,1.3,313,8,6.6,9.5,1.2,317,7,6.6,9.5,1.2,317,7,87,29.67,-0.0,,,0,43.5,46.4,49.5,,,0.25
YORK,2019-11-08 16:20:00 EST,42.85504,-77.84776,584,28.6,28.5,22.2,59.1,16.1,0.000,0.020,0.00,0.000,5.6,8.1,1.2,315,13,6.0,8.3,1.3,317,12,6.0,8.3,1.3,317,12,73,29.67,-0.0,,,0,43.5,46.4,49.5,,,0.25
YORK,2019-11-08 16:25:00 EST,42.85504,-77.84776,584,28.4,28.4,22.8,60.5,16.5,0.000,0.020,0.00,0.000,4.6,6.3,0.8,322,18,5.0,7.9,1.0,325,18,5.0,7.9,1.0,325,18,59,29.67,-0.1,,,0,43.5,46.4,49.5,,,0.25
YORK,2019-11-08 16:30:00 EST,42.85504,-77.84776,584,28.3,28.4,22.1,61.7,16.8,0.000,0.020,0.00,0.000,5.4,8.0,1.1,308,10,5.6,8.1,1.2,310,9,5.6,8.1,1.2,310,9,48,29.67,-0.0,,,0,43.5,46.4,49.5,,,0.25
YORK,2019-11-08 16:35:00 EST,42.85504,-77.84776,584,28.2,28.4,23.0,61.1,16.5,0.000,0.020,0.00,0.000,4.5,7.2,1.1,312,9,4.6,7.9,1.1,314,8,4.6,7.9,1.1,314,8,37,29.67,-0.0,,,0,43.5,46.4,49.5,,,0.25
YORK,2019-11-08 16:40:00 EST,42.85504,-77.84776,584,27.6,28.2,23.6,64.6,17.2,0.003,0.023,0.00,0.003,3.4,5.3,0.7,310,14,3.5,5.4,0.8,312,12,3.5,5.4,0.8,312,12,27,29.67,-0.1,,,0,43.5,46.4,49.5,,,0.25
YORK,2019-11-08 16:45:00 EST,42.85504,-77.84776,584,27.3,28.1,22.7,66.9,17.8,0.004,0.026,0.00,0.007,3.7,5.7,0.7,304,11,3.9,6.9,1.0,306,10,3.9,6.9,1.0,306,10,15,29.67,-0.1,,,0,43.5,46.4,49.5,,,0.25
YORK,2019-11-08 16:50:00 EST,42.85504,-77.84776,584,27.4,28.1,22.1,63.5,16.7,0.001,0.028,0.00,0.008,4.4,6.7,1.0,309,12,4.6,7.4,1.2,312,11,4.6,7.4,1.2,312,11,9,29.67,-0.1,,,0,43.5,46.4,49.5,,,0.25
YORK,2019-11-08 16:55:00 EST,42.85504,-77.84776,584,26.7,27.9,21.3,67.5,17.4,0.000,0.028,0.00,0.008,4.3,6.6,0.9,292,8,4.6,7.2,1.0,295,8,4.6,7.2,1.0,295,8,6,29.67,-0.1,,,0,43.5,46.4,49.5,,,0.25
YORK,2019-11-08 17:00:00 EST,42.85504,-77.84776,584,26.0,27.6,20.4,71.9,18.2,0.000,0.028,0.00,0.008,4.3,5.2,0.4,289,6,4.7,5.7,0.5,292,6,4.7,5.7,0.5,292,6,4,29.68,-0.0,,,0,43.5,46.4,49.5,,,0.25
YORK,2019-11-08 17:05:00 EST,42.85504,-77.84776,584,26.0,27.7,21.4,72.1,18.3,0.000,0.028,0.00,0.008,3.5,4.1,0.2,285,5,3.9,4.6,0.3,288,5,3.9,4.6,0.3,288,5,2,29.68,-0.1,,,0,43.5,46.4,49.5,,,0.25
YORK,2019-11-08 17:10:00 EST,42.85504,-77.84776,584,25.5,27.7,21.1,74.9,18.7,0.000,0.028,0.00,0.008,3.4,4.2,0.4,290,7,3.6,4.6,0.5,293,8,3.6,4.6,0.5,293,8,1,29.68,-0.1,,,0,43.5,46.4,49.4,,,0.25
YORK,2019-11-08 17:15:00 EST,42.85504,-77.84776,584,25.5,27.6,25.5,75.8,19.0,0.000,0.028,0.00,0.008,2.6,3.4,0.3,285,9,2.9,3.7,0.4,289,9,2.9,3.7,0.4,289,9,1,29.68,-0.0,,,0,43.5,46.4,49.5,,,0.25
YORK,2019-11-08 17:20:00 EST,42.85504,-77.84776,584,25.9,27.5,25.9,73.3,18.5,0.000,0.028,0.00,0.008,2.3,3.0,0.3,283,7,2.6,3.5,0.3,287,6,2.6,3.5,0.3,287,6,0,29.68,-0.1,,,0,43.5,46.4,49.4,,,0.25
YORK,2019-11-08 17:25:00 EST,42.85504,-77.84776,584,25.6,27.3,25.6,73.4,18.3,0.000,0.028,0.00,0.008,2.0,2.5,0.2,279,12,2.2,2.9,0.3,284,12,2.2,2.9,0.3,284,12,0,29.68,-0.1,,,0,43.5,46.5,49.4,,,0.25
YORK,2019-11-08 17:30:00 EST,42.85504,-77.84776,584,25.6,27.4,25.6,71.6,17.7,0.000,0.028,0.00,0.008,1.6,2.3,0.3,263,11,1.9,2.7,0.3,267,14,1.9,2.7,0.3,267,14,0,29.68,-0.1,,,0,43.4,46.4,49.3,,,0.25
YORK,2019-11-08 17:35:00 EST,42.85504,-77.84776,584,25.4,27.3,25.4,72.3,17.7,0.000,0.028,0.00,0.008,1.5,2.0,0.2,283,10,1.7,2.3,0.2,286,11,1.7,2.3,0.2,286,11,0,29.69,-0.1,,,0,43.3,46.4,49.3,,,0.25
YORK,2019-11-08 17:40:00 EST,42.85504,-77.84776,584,26.0,27.2,26.0,70.3,17.6,0.000,0.028,0.00,0.005,1.4,1.9,0.2,300,6,1.5,2.0,0.2,301,8,1.5,2.0,0.2,301,8,0,29.69,-0.2,,,0,43.3,46.4,49.4,,,0.25
YORK,2019-11-08 17:45:00 EST,42.85504,-77.84776,584,24.4,27.0,24.4,75.3,17.7,0.000,0.028,0.00,0.001,1.2,1.5,0.2,282,7,1.4,1.8,0.3,282,7,1.4,1.8,0.3,282,7,0,29.69,-0.1,,,0,43.3,46.4,49.3,,,0.25
YORK,2019-11-08 17:50:00 EST,42.85504,-77.84776,584,24.0,26.9,24.0,77.9,18.1,0.000,0.028,0.00,0.000,0.6,1.4,0.3,237,37,0.9,1.8,0.5,228,34,0.9,1.8,0.5,228,34,0,29.69,-0.0,,,0,43.3,46.4,49.4,,,0.25
YORK,2019-11-08 17:55:00 EST,42.85504,-77.84776,584,24.0,26.2,24.0,80.1,18.8,0.000,0.028,0.00,0.000,0.6,1.1,0.3,216,15,1.0,1.4,0.3,209,21,1.0,1.4,0.3,209,21,0,29.69,-0.0,,,0,43.3,46.4,49.3,,,0.25
YORK,2019-11-08 18:00:00 EST,42.85504,-77.84776,584,23.8,26.2,23.8,82.6,19.3,0.000,0.028,0.00,0.000,0.7,1.0,0.2,198,12,1.1,1.6,0.2,193,14,1.1,1.6,0.2,193,14,0,29.69,-0.0,,,0,43.2,46.4,49.3,,,0.25
YORK,2019-11-08 18:05:00 EST,42.85504,-77.84776,584,23.9,25.6,23.9,77.2,17.8,0.000,0.028,0.00,0.000,0.9,1.2,0.1,171,7,1.3,1.7,0.2,172,9,1.3,1.7,0.2,172,9,0,29.69,-0.1,,,0,43.2,46.4,49.3,,,0.25
YORK,2019-11-08 18:10:00 EST,42.85504,-77.84776,584,23.6,25.5,23.6,77.4,17.5,0.000,0.028,0.00,0.000,1.0,1.2,0.1,191,2,1.4,1.7,0.1,191,4,1.4,1.7,0.1,191,4,0,29.69,-0.1,,,0,43.2,46.4,49.3,,,0.25
YORK,2019-11-08 18:15:00 EST,42.85504,-77.84776,584,23.3,25.3,23.3,81.1,18.3,0.000,0.028,0.00,0.000,1.1,1.2,0.1,186,4,1.4,1.7,0.1,184,4,1.4,1.7,0.1,184,4,0,29.69,-0.0,,,0,43.2,46.5,49.3,,,0.25
YORK,2019-11-08 18:20:00 EST,42.85504,-77.84776,584,22.1,25.1,22.1,84.2,18.1,0.000,0.028,0.00,0.000,1.6,2.3,0.3,184,4,1.9,2.8,0.3,189,6,1.9,2.8,0.3,189,6,0,29.69,-0.1,,,0,43.1,46.4,49.3,,,0.25
YORK,2019-11-08 18:25:00 EST,42.85504,-77.84776,584,22.6,25.1,22.6,84.8,18.7,0.000,0.028,0.00,0.000,2.6,2.8,0.2,188,2,2.9,3.3,0.2,193,2,2.9,3.3,0.2,193,2,0,29.69,-0.1,,,0,43.0,46.4,49.3,,,0.25
YORK,2019-11-08 18:30:00 EST,42.85504,-77.84776,584,23.0,24.9,19.2,81.2,18.1,0.000,0.028,0.00,0.000,2.7,3.1,0.1,192,3,3.0,3.4,0.1,196,3,3.0,3.4,0.1,196,3,0,29.69,-0.1,,,0,43.0,46.5,49.3,,,0.25
YORK,2019-11-08 18:35:00 EST,42.85504,-77.84776,584,22.5,25.0,22.5,84.5,18.6,0.000,0.028,0.00,0.000,2.7,3.0,0.2,203,5,2.8,3.3,0.3,206,6,2.8,3.3,0.3,206,6,0,29.69,-0.1,,,0,43.0,46.5,49.3,,,0.25
YORK,2019-11-08 18:40:00 EST,42.85504,-77.84776,584,22.3,25.1,22.3,85.1,18.5,0.000,0.028,0.00,0.000,2.6,2.8,0.2,214,3,2.6,2.9,0.2,219,2,2.6,2.9,0.2,219,2,0,29.69,-0.1,,,0,43.0,46.5,49.3,,,0.25
YORK,2019-11-08 18:45:00 EST,42.85504,-77.84776,584,21.9,25.1,21.9,85.7,18.3,0.000,0.028,0.00,0.000,2.3,2.6,0.2,219,3,2.4,2.7,0.2,222,3,2.4,2.7,0.2,222,3,0,29.70,-0.1,,,0,42.8,46.5,49.3,,,0.25
YORK,2019-11-08 18:50:00 EST,42.85504,-77.84776,584,21.5,24.6,21.5,83.1,17.2,0.000,0.028,0.00,0.000,1.9,2.3,0.2,213,4,2.1,2.4,0.1,214,5,2.1,2.4,0.1,214,5,0,29.70,-0.1,,,0,42.8,46.6,49.3,,,0.25
YORK,2019-11-08 18:55:00 EST,42.85504,-77.84776,584,21.3,22.8,21.3,86.0,17.8,0.000,0.028,0.00,0.000,1.0,1.5,0.3,192,7,1.3,1.8,0.3,193,8,1.3,1.8,0.3,193,8,0,29.70,-0.0,,,0,42.8,46.5,49.3,,,0.25
YORK,2019-11-08 19:00:00 EST,42.85504,-77.84776,584,21.4,23.1,21.4,88.7,18.6,0.000,0.028,0.00,0.000,1.4,1.8,0.2,210,3,1.6,1.9,0.2,212,7,1.6,1.9,0.2,212,7,0,29.70,-0.1,,,0,42.8,46.5,49.3,,,0.25
YORK,2019-11-08 19:05:00 EST,42.85504,-77.84776,584,20.9,22.7,20.9,89.6,18.3,,,,,1.5,1.8,0.2,218,6,1.6,1.9,0.1,218,6,1.6,1.9,0.1,218,6,0,29.70,-0.1,,,0,42.8,46.5,49.3,,,0.25
YORK,2019-11-08 19:10:00 EST,42.85504,-77.84776,584,20.4,23.2,20.4,90.5,18.1,,,,,1.9,2.3,0.1,222,3,2.0,2.3,0.2,224,3,2.0,2.3,0.2,224,3,0,29.70,-0.1,,,0,42.7,46.5,49.3,,,0.25
YORK,2019-11-08 19:15:00 EST,42.85504,-77.84776,584,20.0,24.0,20.0,91.4,17.9,,,,,1.9,2.1,0.1,221,1,1.9,2.1,0.1,223,2,1.9,2.1,0.1,223,2,0,29.70,-0.0,,,0,42.6,46.5,49.3,,,0.25
YORK,2019-11-08 19:20:00 EST,42.85504,-77.84776,584,19.9,23.4,19.9,90.2,17.5,,,,,1.8,2.3,0.2,229,6,1.8,2.2,0.1,230,6,1.8,2.2,0.1,230,6,0,29.70,-0.0,,,0,42.6,46.6,49.3,,,0.25
YORK,2019-11-08 19:25:00 EST,42.85504,-77.84776,584,19.9,23.5,19.9,90.8,17.6,,,,,2.6,2.8,0.1,238,2,2.5,2.8,0.2,237,2,2.5,2.8,0.2,237,2,0,29.70,-0.0,,,0,42.6,46.6,49.3,,,0.25
YORK,2019-11-08 19:30:00 EST,42.85504,-77.84776,584,19.8,23.5,19.8,91.4,17.7,,,,,2.9,3.1,0.1,239,1,2.7,3.1,0.2,239,2,2.7,3.1,0.2,239,2,0,29.70,-0.0,,,0,42.5,46.6,49.3,,,0.25
YORK,2019-11-08 19:35:00 EST,42.85504,-77.84776,584,20.7,23.4,20.7,90.8,18.4,,,,,2.8,2.9,0.1,236,3,2.7,3.1,0.1,236,2,2.7,3.1,0.1,236,2,0,29.70,-0.0,,,0,42.4,46.6,49.3,,,0.25
YORK,2019-11-08 19:40:00 EST,42.85504,-77.84776,584,20.9,23.2,16.7,90.9,18.7,,,,,3.0,3.7,0.2,234,2,3.0,3.7,0.3,235,2,3.0,3.7,0.3,235,2,0,29.70,-0.1,,,0,42.4,46.6,49.3,,,0.25
YORK,2019-11-08 19:45:00 EST,42.85504,-77.84776,584,20.8,23.0,20.8,91.5,18.7,,,,,2.5,3.4,0.4,225,5,2.4,3.2,0.4,228,4,2.4,3.2,0.4,228,4,0,29.70,-0.1,,,0,42.4,46.6,49.3,,,0.25
YORK,2019-11-08 19:50:00 EST,42.85504,-77.84776,584,20.4,22.6,20.4,91.3,18.2,,,,,2.2,2.5,0.2,206,7,2.3,2.9,0.2,209,8,2.3,2.9,0.2,209,8,0,29.70,-0.0,,,0,42.4,46.6,49.3,,,0.25
YORK,2019-11-08 19:55:00 EST,42.85504,-77.84776,584,20.5,22.7,20.5,91.9,18.5,,,,,2.2,2.6,0.2,201,6,2.4,3.0,0.3,204,7,2.4,3.0,0.3,204,7,0,29.70,-0.0,,,0,42.4,46.5,49.3,,,0.25
YORK,2019-11-08 20:00:00 EST,42.85504,-77.84776,584,20.8,22.7,20.8,92.0,18.9,,,,,1.7,2.2,0.2,195,8,2.0,2.6,0.2,199,7,2.0,2.6,0.2,199,7,0,29.70,-0.1,,,0,42.3,46.5,49.3,,,0.25
YORK,2019-11-08 20:05:00 EST,42.85504,-77.84776,584,21.6,22.6,21.6,86.9,18.3,,,,,1.6,2.0,0.2,200,7,1.8,2.6,0.3,202,7,1.8,2.6,0.3,202,7,0,29.70,-0.1,,,0,42.3,46.6,49.3,,,0.25
YORK,2019-11-08 20:10:00 EST,42.85504,-77.84776,584,21.6,22.7,21.6,82.5,17.1,,,,,2.1,2.4,0.2,197,6,2.3,2.9,0.3,202,5,2.3,2.9,0.3,202,5,0,29.70,-0.1,,,0,42.3,46.6,49.3,,,0.25
YORK,2019-11-08 20:15:00 EST,42.85504,-77.84776,584,21.1,23.0,21.1,82.7,16.7,,,,,2.1,2.5,0.3,199,6,2.3,3.0,0.3,202,6,2.3,3.0,0.3,202,6,0,29.70,-0.1,,,0,42.2,46.5,49.3,,,0.25
YORK,2019-11-08 20:20:00 EST,42.85504,-77.84776,584,20.3,22.5,20.3,85.0,16.5,,,,,2.5,2.9,0.2,185,7,2.9,3.3,0.2,189,7,2.9,3.3,0.2,189,7,0,29.70,-0.1,,,0,42.1,46.6,49.3,,,0.25
YORK,2019-11-08 20:25:00 EST,42.85504,-77.84776,584,20.2,22.3,15.8,87.1,17.0,,,,,2.8,3.1,0.2,190,4,3.1,3.6,0.2,194,4,3.1,3.6,0.2,194,4,0,29.70,-0.1,,,0,42.1,46.6,49.3,,,0.25
YORK,2019-11-08 20:30:00 EST,42.85504,-77.84776,584,20.0,22.2,15.5,86.7,16.7,,,,,2.9,3.3,0.2,200,6,3.1,3.7,0.2,202,6,3.1,3.7,0.2,202,6,0,29.69,-0.1,,,0,42.1,46.5,49.3,,,0.25
YORK,2019-11-08 20:35:00 EST,42.85504,-77.84776,584,19.8,22.0,15.3,89.2,17.1,,,,,3.0,3.7,0.4,204,5,3.1,4.3,0.5,207,7,3.1,4.3,0.5,207,7,0,29.69,-0.0,,,0,42.1,46.5,49.3,,,0.25
YORK,2019-11-08 20:40:00 EST,42.85504,-77.84776,584,19.3,21.7,19.3,90.2,16.9,,,,,2.0,2.5,0.2,221,6,2.0,2.4,0.2,224,5,2.0,2.4,0.2,224,5,0,29.69,-0.0,,,0,42.0,46.5,49.3,,,0.25
YORK,2019-11-08 20:45:00 EST,42.85504,-77.84776,584,19.7,21.8,19.7,91.2,17.6,,,,,2.1,3.0,0.3,216,7,2.2,3.2,0.4,220,7,2.2,3.2,0.4,220,7,0,29.69,-0.0,,,0,41.9,46.6,49.3,,,0.25
YORK,2019-11-08 20:50:00 EST,42.85504,-77.84776,584,20.2,22.2,20.2,90.7,17.9,,,,,2.8,4.9,0.5,207,9,2.9,5.6,0.7,210,9,2.9,5.6,0.7,210,9,0,29.69,-0.1,,,0,41.9,46.5,49.3,,,0.25
YORK,2019-11-08 20:55:00 EST,42.85504,-77.84776,584,20.0,22.3,14.4,89.8,17.5,,,,,3.6,5.3,0.6,199,8,3.9,5.6,0.6,201,8,3.9,5.6,0.6,201,8,0,29.69,-0.0,,,0,41.9,46.5,49.3,,,0.25
YORK,2019-11-08 21:00:00 EST,42.85504,-77.84776,584,20.1,22.2,14.6,89.2,17.4,,,,,3.5,4.4,0.4,196,6,3.8,5.4,0.5,199,5,3.8,5.4,0.5,199,5,0,29.69,-0.1,,,0,41.8,46.5,49.3,,,0.25
YORK,2019-11-08 21:05:00 EST,42.85504,-77.84776,584,19.7,22.1,14.2,89.5,17.1,,,,,3.4,4.5,0.4,199,7,3.8,4.6,0.5,201,6,3.8,4.6,0.5,201,6,0,29.69,-0.0,,,0,41.7,46.5,49.3,,,0.25
YORK,2019-11-08 21:10:00 EST,42.85504,-77.84776,584,20.1,22.0,14.6,90.1,17.7,,,,,3.4,4.2,0.4,200,8,3.8,4.8,0.5,202,8,3.8,4.8,0.5,202,8,0,29.69,-0.1,,,0,41.7,46.4,49.3,,,0.25
YORK,2019-11-08 21:15:00 EST,42.85504,-77.84776,584,20.4,22.2,14.9,89.1,17.7,,,,,3.6,4.9,0.4,200,8,3.9,5.1,0.5,203,8,3.9,5.1,0.5,203,8,0,29.69,-0.1,,,0,41.7,46.5,49.3,,,0.25
YORK,2019-11-08 21:20:00 EST,42.85504,-77.84776,584,20.3,22.1,14.9,88.0,17.3,,,,,3.6,4.7,0.5,212,7,3.7,5.0,0.6,215,7,3.7,5.0,0.6,215,7,0,29.69,-0.1,,,0,41.7,46.4,49.3,,,0.25
YORK,2019-11-08 21:25:00 EST,42.85504,-77.84776,584,19.9,22.0,14.1,87.8,16.9,,,,,3.7,5.1,0.5,201,6,4.0,6.0,0.6,204,6,4.0,6.0,0.6,204,6,0,29.69,-0.1,,,0,41.6,46.4,49.3,,,0.25
YORK,2019-11-08 21:30:00 EST,42.85504,-77.84776,584,20.2,22.1,13.8,88.7,17.4,,,,,4.2,5.7,0.5,202,8,4.5,6.0,0.6,204,7,4.5,6.0,0.6,204,7,0,29.69,-0.0,,,0,41.5,46.4,49.3,,,0.25
YORK,2019-11-08 21:35:00 EST,42.85504,-77.84776,584,20.4,22.0,14.2,87.7,17.3,,,,,4.1,6.1,0.6,213,8,4.4,6.8,0.7,216,7,4.4,6.8,0.7,216,7,0,29.69,0.1,,,0,41.5,46.5,49.3,,,0.25
YORK,2019-11-08 21:40:00 EST,42.85504,-77.84776,584,20.7,22.1,14.0,86.9,17.4,,,,,4.5,6.6,0.8,207,11,4.8,7.2,0.9,210,9,4.8,7.2,0.9,210,9,0,29.69,0.0,,,0,41.5,46.4,49.3,,,0.25
YORK,2019-11-08 21:45:00 EST,42.85504,-77.84776,584,20.8,22.1,13.8,86.5,17.4,,,,,4.8,6.3,0.8,202,10,5.1,7.4,0.9,205,8,5.1,7.4,0.9,205,8,0,29.69,-0.0,,,0,41.5,46.4,49.3,,,0.25
YORK,2019-11-08 21:50:00 EST,42.85504,-77.84776,584,20.9,22.1,13.6,86.1,17.4,,,,,5.0,6.8,0.8,206,9,5.4,7.3,0.9,208,8,5.4,7.3,0.9,208,8,0,29.69,-0.0,,,0,41.4,46.4,49.3,,,0.25
YORK,2019-11-08 21:55:00 EST,42.85504,-77.84776,584,21.1,22.1,13.8,85.8,17.5,,,,,5.0,6.6,0.6,211,8,5.5,7.2,0.7,213,7,5.5,7.2,0.7,213,7,0,29.69,0.0,,,0,41.4,46.4,49.3,,,0.25
YORK,2019-11-08 22:00:00 EST,42.85504,-77.84776,584,21.4,22.3,13.6,85.3,17.7,,,,,5.6,7.7,0.7,210,9,6.0,7.8,0.8,211,9,6.0,7.8,0.8,211,9,0,29.69,0.1,,,0,41.4,46.3,49.3,,,0.25
YORK,2019-11-08 22:05:00 EST,42.85504,-77.84776,584,21.6,22.4,13.9,84.2,17.5,,,,,5.5,7.3,0.8,207,8,5.9,8.4,0.9,210,7,5.9,8.4,0.9,210,7,0,29.69,-0.0,,,0,41.4,46.3,49.3,,,0.25
YORK,2019-11-08 22:10:00 EST,42.85504,-77.84776,584,21.3,22.3,13.7,84.4,17.3,,,,,5.2,7.7,0.8,203,9,5.7,8.6,0.9,205,8,5.7,8.6,0.9,205,8,0,29.69,-0.0,,,0,41.4,46.5,49.3,,,0.25
YORK,2019-11-08 22:15:00 EST,42.85504,-77.84776,584,21.5,22.2,13.9,84.2,17.5,,,,,5.5,7.7,1.0,197,11,5.9,8.8,1.1,200,9,5.9,8.8,1.1,200,9,0,29.68,-0.0,,,0,41.2,46.4,49.3,,,0.25
YORK,2019-11-08 22:20:00 EST,42.85504,-77.84776,584,21.5,22.1,14.1,84.1,17.5,,,,,5.2,7.2,0.8,196,9,5.7,7.8,0.8,199,8,5.7,7.8,0.8,199,8,0,29.68,0.0,,,0,41.2,46.4,49.3,,,0.25
YORK,2019-11-08 22:25:00 EST,42.85504,-77.84776,584,21.4,22.0,13.8,84.7,17.5,,,,,5.4,7.5,0.8,192,11,5.7,8.8,1.1,195,9,5.7,8.8,1.1,195,9,0,29.68,-0.0,,,0,41.2,46.4,49.3,,,0.25
YORK,2019-11-08 22:30:00 EST,42.85504,-77.84776,584,21.3,21.8,13.6,85.1,17.5,,,,,5.5,8.0,1.1,199,9,5.9,8.9,1.1,201,8,5.9,8.9,1.1,201,8,0,29.68,0.0,,,0,41.2,46.4,49.3,,,0.25
YORK,2019-11-08 22:35:00 EST,42.85504,-77.84776,584,21.2,21.7,13.6,85.4,17.6,,,,,5.4,9.1,1.1,196,11,5.8,9.0,1.1,198,9,5.8,9.0,1.1,198,9,0,29.68,0.0,,,0,41.1,46.4,49.3,,,0.25
YORK,2019-11-08 22:40:00 EST,42.85504,-77.84776,584,21.3,21.7,14.3,85.0,17.5,,,,,4.7,6.7,0.9,190,11,5.2,7.5,0.9,192,10,5.2,7.5,0.9,192,10,0,29.67,0.0,,,0,41.0,46.4,49.3,,,0.25
YORK,2019-11-08 22:45:00 EST,42.85504,-77.84776,584,21.3,21.8,14.3,84.8,17.5,,,,,4.9,7.7,1.1,187,12,5.2,8.6,1.2,190,13,5.2,8.6,1.2,190,13,0,29.67,-0.0,,,0,41.0,46.4,49.3,,,0.25
YORK,2019-11-08 22:50:00 EST,42.85504,-77.84776,584,21.0,21.6,14.5,84.8,17.1,,,,,4.3,6.5,0.9,199,12,4.6,6.8,0.9,200,11,4.6,6.8,0.9,200,11,0,29.67,0.0,,,0,41.0,46.4,49.3,,,0.25
YORK,2019-11-08 22:55:00 EST,42.85504,-77.84776,584,20.7,21.6,13.4,85.4,17.0,,,,,4.9,6.5,0.6,199,10,5.3,7.1,0.7,202,10,5.3,7.1,0.7,202,10,0,29.67,0.0,,,0,41.0,46.3,49.3,,,0.25
YORK,2019-11-08 23:00:00 EST,42.85504,-77.84776,584,20.3,21.6,13.0,86.3,16.9,,,,,4.9,6.4,0.5,196,7,5.4,7.0,0.6,199,6,5.4,7.0,0.6,199,6,0,29.67,0.0,,,0,41.0,46.3,49.3,,,0.25
YORK,2019-11-08 23:05:00 EST,42.85504,-77.84776,584,20.8,21.5,12.5,86.4,17.4,,,,,6.0,8.5,1.0,198,8,6.5,8.8,1.0,201,7,6.5,8.8,1.0,201,7,0,29.67,0.1,,,0,40.9,46.4,49.3,,,0.25
YORK,2019-11-08 23:10:00 EST,42.85504,-77.84776,584,21.1,21.5,13.2,85.5,17.4,,,,,5.6,7.6,0.9,191,9,6.0,8.6,1.1,194,9,6.0,8.6,1.1,194,9,0,29.67,0.1,,,0,40.8,46.4,49.3,,,0.25
YORK,2019-11-08 23:15:00 EST,42.85504,-77.84776,584,21.0,21.5,14.1,85.2,17.3,,,,,4.5,6.1,0.8,200,11,5.0,7.4,0.9,202,10,5.0,7.4,0.9,202,10,0,29.67,0.0,,,0,40.8,46.3,49.3,,,0.25
YORK,2019-11-08 23:20:00 EST,42.85504,-77.84776,584,20.9,21.3,13.9,85.5,17.3,,,,,4.8,6.4,0.7,209,9,5.2,7.4,0.9,212,9,5.2,7.4,0.9,212,9,0,29.67,0.0,,,0,40.8,46.4,49.3,,,0.25
YORK,2019-11-08 23:25:00 EST,42.85504,-77.84776,584,20.7,21.3,13.1,85.5,17.1,,,,,5.4,7.6,1.0,208,10,5.7,8.5,1.1,211,9,5.7,8.5,1.1,211,9,0,29.67,-0.0,,,0,40.8,46.4,49.3,,,0.25
YORK,2019-11-08 23:30:00 EST,42.85504,-77.84776,584,20.9,21.4,12.1,85.1,17.1,,,,,6.6,9.1,1.1,202,11,7.0,10.2,1.2,203,10,7.0,10.2,1.2,203,10,0,29.67,0.1,,,0,40.7,46.4,49.3,,,0.25
YORK,2019-11-08 23:35:00 EST,42.85504,-77.84776,584,21.0,21.4,12.8,84.8,17.1,,,,,6.0,9.2,1.1,198,10,6.3,10.4,1.3,199,8,6.3,10.4,1.3,199,8,0,29.67,0.1,,,0,40.6,46.3,49.3,,,0.25
YORK,2019-11-08 23:40:00 EST,42.85504,-77.84776,584,20.8,21.2,13.2,85.3,17.1,,,,,5.1,7.2,0.9,201,11,5.6,8.8,1.1,203,9,5.6,8.8,1.1,203,9,0,29.66,0.0,,,0,40.6,46.4,49.3,,,0.25
YORK,2019-11-08 23:45:00 EST,42.85504,-77.84776,584,20.9,21.3,12.7,85.5,17.2,,,,,6.1,8.3,1.1,199,11,6.3,8.9,1.1,201,9,6.3,8.9,1.1,201,9,0,29.66,0.0,,,0,40.6,46.4,49.3,,,0.25
YORK,2019-11-08 23:50:00 EST,42.85504,-77.84776,584,20.9,21.3,12.3,85.3,17.2,,,,,6.3,8.1,0.7,200,11,6.7,8.8,0.8,203,10,6.7,8.8,0.8,203,10,0,29.66,0.0,,,0,40.6,46.3,49.3,,,0.25
YORK,2019-11-08 23:55:00 EST,42.85504,-77.84776,584,20.8,21.2,12.5,85.5,17.1,,,,,5.9,9.0,1.4,189,11,6.4,11.3,1.6,191,11,6.4,11.3,1.6,191,11,0,29.66,0.1,,,0,40.6,46.3,49.3,,,0.25
