"Time Stamp","Time Zone","Name","PTID","Load"
"10/04/2023 00:00:00","EDT","CAPITL",61757,1175.301
"10/04/2023 00:00:00","EDT","CENTRL",61754,1611.7974
"10/04/2023 00:00:00","EDT","DUNWOD",61760,562.3781
"10/04/2023 00:00:00","EDT","GENESE",61753,1008.8183
"10/04/2023 00:00:00","EDT","HUD VL",61758,932.4367
"10/04/2023 00:00:00","EDT","LONGIL",61762,1920.1906
"10/04/2023 00:00:00","EDT","MHK VL",61756,725.9801
"10/04/2023 00:00:00","EDT","MILLWD",61759,259.9113
"10/04/2023 00:00:00","EDT","N.Y.C.",61761,5100.581
"10/04/2023 00:00:00","EDT","NORTH",61755,524.6132
"10/04/2023 00:00:00","EDT","WEST",61752,1532.7391
"10/04/2023 00:05:00","EDT","CAPITL",61757,1160.3289
"10/04/2023 00:05:00","EDT","CENTRL",61754,1594.2096
"10/04/2023 00:05:00","EDT","DUNWOD",61760,559.5341
"10/04/2023 00:05:00","EDT","GENESE",61753,1003.3276
"10/04/2023 00:05:00","EDT","HUD VL",61758,945.1104
"10/04/2023 00:05:00","EDT","LONGIL",61762,1916.1931
"10/04/2023 00:05:00","EDT","MHK VL",61756,715.3524
"10/04/2023 00:05:00","EDT","MILLWD",61759,241.4791
"10/04/2023 00:05:00","EDT","N.Y.C.",61761,5070.6157
"10/04/2023 00:05:00","EDT","NORTH",61755,521.1238
"10/04/2023 00:05:00","EDT","WEST",61752,1508.8701
"10/04/2023 00:10:00","EDT","CAPITL",61757,1161.3743
"10/04/2023 00:10:00","EDT","CENTRL",61754,1592.0258
"10/04/2023 00:10:00","EDT","DUNWOD",61760,565.27
"10/04/2023 00:10:00","EDT","GENESE",61753,1002.4963
"10/04/2023 00:10:00","EDT","HUD VL",61758,939.8551
"10/04/2023 00:10:00","EDT","LONGIL",61762,1892.1532
"10/04/2023 00:10:00","EDT","MHK VL",61756,714.9397
"10/04/2023 00:10:00","EDT","MILLWD",61759,233.7853
"10/04/2023 00:10:00","EDT","N.Y.C.",61761,5051.7144
"10/04/2023 00:10:00","EDT","NORTH",61755,521.0242
"10/04/2023 00:10:00","EDT","WEST",61752,1539.5741
"10/04/2023 00:15:00","EDT","CAPITL",61757,1159.5923
"10/04/2023 00:15:00","EDT","CENTRL",61754,1573.4229
"10/04/2023 00:15:00","EDT","DUNWOD",61760,554.4308
"10/04/2023 00:15:00","EDT","GENESE",61753,1002.4498
"10/04/2023 00:15:00","EDT","HUD VL",61758,907.2422
"10/04/2023 00:15:00","EDT","LONGIL",61762,1872.2534
"10/04/2023 00:15:00","EDT","MHK VL",61756,712.8922
"10/04/2023 00:15:00","EDT","MILLWD",61759,254.409
"10/04/2023 00:15:00","EDT","N.Y.C.",61761,5012.704
"10/04/2023 00:15:00","EDT","NORTH",61755,514.9438
"10/04/2023 00:15:00","EDT","WEST",61752,1521.9705
"10/04/2023 00:20:00","EDT","CAPITL",61757,1154.5989
"10/04/2023 00:20:00","EDT","CENTRL",61754,1529.9803
"10/04/2023 00:20:00","EDT","DUNWOD",61760,546.5626
"10/04/2023 00:20:00","EDT","GENESE",61753,993.2435
"10/04/2023 00:20:00","EDT","HUD VL",61758,899.7387
"10/04/2023 00:20:00","EDT","LONGIL",61762,1871.0166
"10/04/2023 00:20:00","EDT","MHK VL",61756,713.1301
"10/04/2023 00:20:00","EDT","MILLWD",61759,250.7345
"10/04/2023 00:20:00","EDT","N.Y.C.",61761,5000.1265
"10/04/2023 00:20:00","EDT","NORTH",61755,519.723
"10/04/2023 00:20:00","EDT","WEST",61752,1521.4783
"10/04/2023 00:25:00","EDT","CAPITL",61757,1150.4888
"10/04/2023 00:25:00","EDT","CENTRL",61754,1567.1985
"10/04/2023 00:25:00","EDT","DUNWOD",61760,550.5729
"10/04/2023 00:25:00","EDT","GENESE",61753,986.5776
"10/04/2023 00:25:00","EDT","HUD VL",61758,903.402
"10/04/2023 00:25:00","EDT","LONGIL",61762,1853.5085
"10/04/2023 00:25:00","EDT","MHK VL",61756,703.637
"10/04/2023 00:25:00","EDT","MILLWD",61759,241.0209
"10/04/2023 00:25:00","EDT","N.Y.C.",61761,4966.4404
"10/04/2023 00:25:00","EDT","NORTH",61755,518.9401
"10/04/2023 00:25:00","EDT","WEST",61752,1517.169
"10/04/2023 00:30:00","EDT","CAPITL",61757,1153.1699
"10/04/2023 00:30:00","EDT","CENTRL",61754,1538.3258
"10/04/2023 00:30:00","EDT","DUNWOD",61760,527.489
"10/04/2023 00:30:00","EDT","GENESE",61753,981.4351
"10/04/2023 00:30:00","EDT","HUD VL",61758,896.0737
"10/04/2023 00:30:00","EDT","LONGIL",61762,1844.9004
"10/04/2023 00:30:00","EDT","MHK VL",61756,707.8394
"10/04/2023 00:30:00","EDT","MILLWD",61759,250.3447
"10/04/2023 00:30:00","EDT","N.Y.C.",61761,4948.3867
"10/04/2023 00:30:00","EDT","NORTH",61755,518.1759
"10/04/2023 00:30:00","EDT","WEST",61752,1513.6821
"10/04/2023 00:35:00","EDT","CAPITL",61757,1150.046
"10/04/2023 00:35:00","EDT","CENTRL",61754,1536.1503
"10/04/2023 00:35:00","EDT","DUNWOD",61760,542.86
"10/04/2023 00:35:00","EDT","GENESE",61753,977.4428
"10/04/2023 00:35:00","EDT","HUD VL",61758,905.8815
"10/04/2023 00:35:00","EDT","LONGIL",61762,1831.9989
"10/04/2023 00:35:00","EDT","MHK VL",61756,696.9352
"10/04/2023 00:35:00","EDT","MILLWD",61759,244.6963
"10/04/2023 00:35:00","EDT","N.Y.C.",61761,4923.2363
"10/04/2023 00:35:00","EDT","NORTH",61755,517.9568
"10/04/2023 00:35:00","EDT","WEST",61752,1498.9506
"10/04/2023 00:40:00","EDT","CAPITL",61757,1138.4968
"10/04/2023 00:40:00","EDT","CENTRL",61754,1524.5747
"10/04/2023 00:40:00","EDT","DUNWOD",61760,539.398
"10/04/2023 00:40:00","EDT","GENESE",61753,972.6258
"10/04/2023 00:40:00","EDT","HUD VL",61758,879.406
"10/04/2023 00:40:00","EDT","LONGIL",61762,1817.5098
"10/04/2023 00:40:00","EDT","MHK VL",61756,698.6014
"10/04/2023 00:40:00","EDT","MILLWD",61759,250.9031
"10/04/2023 00:40:00","EDT","N.Y.C.",61761,4898.3125
"10/04/2023 00:40:00","EDT","NORTH",61755,511.3096
"10/04/2023 00:40:00","EDT","WEST",61752,1505.5505
"10/04/2023 00:45:00","EDT","CAPITL",61757,1146.7703
"10/04/2023 00:45:00","EDT","CENTRL",61754,1541.5659
"10/04/2023 00:45:00","EDT","DUNWOD",61760,519.7961
"10/04/2023 00:45:00","EDT","GENESE",61753,967.2217
"10/04/2023 00:45:00","EDT","HUD VL",61758,893.0866
"10/04/2023 00:45:00","EDT","LONGIL",61762,1807.3369
"10/04/2023 00:45:00","EDT","MHK VL",61756,671.8887
"10/04/2023 00:45:00","EDT","MILLWD",61759,241.8295
"10/04/2023 00:45:00","EDT","N.Y.C.",61761,4913.41
"10/04/2023 00:45:00","EDT","NORTH",61755,511.9068
"10/04/2023 00:45:00","EDT","WEST",61752,1499.4529
"10/04/2023 00:50:00","EDT","CAPITL",61757,1127.5415
"10/04/2023 00:50:00","EDT","CENTRL",61754,1536.0852
"10/04/2023 00:50:00","EDT","DUNWOD",61760,532.254
"10/04/2023 00:50:00","EDT","GENESE",61753,967.3148
"10/04/2023 00:50:00","EDT","HUD VL",61758,879.3209
"10/04/2023 00:50:00","EDT","LONGIL",61762,1793.8956
"10/04/2023 00:50:00","EDT","MHK VL",61756,689.0992
"10/04/2023 00:50:00","EDT","MILLWD",61759,242.4495
"10/04/2023 00:50:00","EDT","N.Y.C.",61761,4880.314
"10/04/2023 00:50:00","EDT","NORTH",61755,518.6112
"10/04/2023 00:50:00","EDT","WEST",61752,1492.8135
"10/04/2023 00:55:00","EDT","CAPITL",61757,1114.0017
"10/04/2023 00:55:00","EDT","CENTRL",61754,1536.4779
"10/04/2023 00:55:00","EDT","DUNWOD",61760,522.5685
"10/04/2023 00:55:00","EDT","GENESE",61753,966.9856
"10/04/2023 00:55:00","EDT","HUD VL",61758,868.5537
"10/04/2023 00:55:00","EDT","LONGIL",61762,1785.6938
"10/04/2023 00:55:00","EDT","MHK VL",61756,688.2141
"10/04/2023 00:55:00","EDT","MILLWD",61759,239.5434
"10/04/2023 00:55:00","EDT","N.Y.C.",61761,4869.2754
"10/04/2023 00:55:00","EDT","NORTH",61755,516.2504
"10/04/2023 00:55:00","EDT","WEST",61752,1485.8416
"10/04/2023 01:00:00","EDT","CAPITL",61757,1131.1138
"10/04/2023 01:00:00","EDT","CENTRL",61754,1468.1809
"10/04/2023 01:00:00","EDT","DUNWOD",61760,541.7703
"10/04/2023 01:00:00","EDT","GENESE",61753,973.3134
"10/04/2023 01:00:00","EDT","HUD VL",61758,880.165
"10/04/2023 01:00:00","EDT","LONGIL",61762,1785.6165
"10/04/2023 01:00:00","EDT","MHK VL",61756,686.034
"10/04/2023 01:00:00","EDT","MILLWD",61759,231.7012
"10/04/2023 01:00:00","EDT","N.Y.C.",61761,4829.6953
"10/04/2023 01:00:00","EDT","NORTH",61755,516.5562
"10/04/2023 01:00:00","EDT","WEST",61752,1469.2573
"10/04/2023 01:05:00","EDT","CAPITL",61757,1149.2563
"10/04/2023 01:05:00","EDT","CENTRL",61754,1498.4344
"10/04/2023 01:05:00","EDT","DUNWOD",61760,527.7185
"10/04/2023 01:05:00","EDT","GENESE",61753,957.7533
"10/04/2023 01:05:00","EDT","HUD VL",61758,857.7
"10/04/2023 01:05:00","EDT","LONGIL",61762,1779.2941
"10/04/2023 01:05:00","EDT","MHK VL",61756,673.9735
"10/04/2023 01:05:00","EDT","MILLWD",61759,235.4682
"10/04/2023 01:05:00","EDT","N.Y.C.",61761,4805.303
"10/04/2023 01:05:00","EDT","NORTH",61755,515.0686
"10/04/2023 01:05:00","EDT","WEST",61752,1464.8721
"10/04/2023 01:10:00","EDT","CAPITL",61757,1128.6057
"10/04/2023 01:10:00","EDT","CENTRL",61754,1505.4706
"10/04/2023 01:10:00","EDT","DUNWOD",61760,526.7355
"10/04/2023 01:10:00","EDT","GENESE",61753,950.3163
"10/04/2023 01:10:00","EDT","HUD VL",61758,855.6976
"10/04/2023 01:10:00","EDT","LONGIL",61762,1777.4794
"10/04/2023 01:10:00","EDT","MHK VL",61756,670.7368
"10/04/2023 01:10:00","EDT","MILLWD",61759,237.8657
"10/04/2023 01:10:00","EDT","N.Y.C.",61761,4793.872
"10/04/2023 01:10:00","EDT","NORTH",61755,514.2322
"10/04/2023 01:10:00","EDT","WEST",61752,1459.553
"10/04/2023 01:15:00","EDT","CAPITL",61757,1125.5455
"10/04/2023 01:15:00","EDT","CENTRL",61754,1494.6343
"10/04/2023 01:15:00","EDT","DUNWOD",61760,511.5499
"10/04/2023 01:15:00","EDT","GENESE",61753,956.2106
"10/04/2023 01:15:00","EDT","HUD VL",61758,858.1634
"10/04/2023 01:15:00","EDT","LONGIL",61762,1768.8043
"10/04/2023 01:15:00","EDT","MHK VL",61756,673.4293
"10/04/2023 01:15:00","EDT","MILLWD",61759,245.7068
"10/04/2023 01:15:00","EDT","N.Y.C.",61761,4764.987
"10/04/2023 01:15:00","EDT","NORTH",61755,512.0231
"10/04/2023 01:15:00","EDT","WEST",61752,1460.3546
"10/04/2023 01:20:00","EDT","CAPITL",61757,1126.1268
"10/04/2023 01:20:00","EDT","CENTRL",61754,1500.7943
"10/04/2023 01:20:00","EDT","DUNWOD",61760,522.644
"10/04/2023 01:20:00","EDT","GENESE",61753,946.4675
"10/04/2023 01:20:00","EDT","HUD VL",61758,873.8864
"10/04/2023 01:20:00","EDT","LONGIL",61762,1770.4836
"10/04/2023 01:20:00","EDT","MHK VL",61756,661.676
"10/04/2023 01:20:00","EDT","MILLWD",61759,229.5719
"10/04/2023 01:20:00","EDT","N.Y.C.",61761,4746.6294
"10/04/2023 01:20:00","EDT","NORTH",61755,507.7242
"10/04/2023 01:20:00","EDT","WEST",61752,1462.2849
"10/04/2023 01:25:00","EDT","CAPITL",61757,1122.8684
"10/04/2023 01:25:00","EDT","CENTRL",61754,1499.3176
"10/04/2023 01:25:00","EDT","DUNWOD",61760,510.9388
"10/04/2023 01:25:00","EDT","GENESE",61753,938.3844
"10/04/2023 01:25:00","EDT","HUD VL",61758,855.1986
"10/04/2023 01:25:00","EDT","LONGIL",61762,1765.4827
"10/04/2023 01:25:00","EDT","MHK VL",61756,658.5957
"10/04/2023 01:25:00","EDT","MILLWD",61759,243.4622
"10/04/2023 01:25:00","EDT","N.Y.C.",61761,4740.1543
"10/04/2023 01:25:00","EDT","NORTH",61755,515.6158
"10/04/2023 01:25:00","EDT","WEST",61752,1463.3488
"10/04/2023 01:30:00","EDT","CAPITL",61757,1114.7705
"10/04/2023 01:30:00","EDT","CENTRL",61754,1505.9407
"10/04/2023 01:30:00","EDT","DUNWOD",61760,509.7232
"10/04/2023 01:30:00","EDT","GENESE",61753,941.3051
"10/04/2023 01:30:00","EDT","HUD VL",61758,852.8536
"10/04/2023 01:30:00","EDT","LONGIL",61762,1756.2627
"10/04/2023 01:30:00","EDT","MHK VL",61756,667.7401
"10/04/2023 01:30:00","EDT","MILLWD",61759,244.026
"10/04/2023 01:30:00","EDT","N.Y.C.",61761,4724.1885
"10/04/2023 01:30:00","EDT","NORTH",61755,508.8334
"10/04/2023 01:30:00","EDT","WEST",61752,1447.0779
"10/04/2023 01:35:00","EDT","CAPITL",61757,1102.2441
"10/04/2023 01:35:00","EDT","CENTRL",61754,1488.6157
"10/04/2023 01:35:00","EDT","DUNWOD",61760,512.683
"10/04/2023 01:35:00","EDT","GENESE",61753,938.4051
"10/04/2023 01:35:00","EDT","HUD VL",61758,848.2775
"10/04/2023 01:35:00","EDT","LONGIL",61762,1742.5138
"10/04/2023 01:35:00","EDT","MHK VL",61756,659.458
"10/04/2023 01:35:00","EDT","MILLWD",61759,230.8948
"10/04/2023 01:35:00","EDT","N.Y.C.",61761,4716.4805
"10/04/2023 01:35:00","EDT","NORTH",61755,515.9802
"10/04/2023 01:35:00","EDT","WEST",61752,1456.4131
"10/04/2023 01:40:00","EDT","CAPITL",61757,1108.0876
"10/04/2023 01:40:00","EDT","CENTRL",61754,1506.8275
"10/04/2023 01:40:00","EDT","DUNWOD",61760,516.7376
"10/04/2023 01:40:00","EDT","GENESE",61753,937.9011
"10/04/2023 01:40:00","EDT","HUD VL",61758,834.3991
"10/04/2023 01:40:00","EDT","LONGIL",61762,1739.7095
"10/04/2023 01:40:00","EDT","MHK VL",61756,670.9522
"10/04/2023 01:40:00","EDT","MILLWD",61759,242.988
"10/04/2023 01:40:00","EDT","N.Y.C.",61761,4693.539
"10/04/2023 01:40:00","EDT","NORTH",61755,507.2557
"10/04/2023 01:40:00","EDT","WEST",61752,1429.6996
"10/04/2023 01:45:00","EDT","CAPITL",61757,1095.758
"10/04/2023 01:45:00","EDT","CENTRL",61754,1452.3774
"10/04/2023 01:45:00","EDT","DUNWOD",61760,500.0922
"10/04/2023 01:45:00","EDT","GENESE",61753,926.7797
"10/04/2023 01:45:00","EDT","HUD VL",61758,843.0713
"10/04/2023 01:45:00","EDT","LONGIL",61762,1719.2253
"10/04/2023 01:45:00","EDT","MHK VL",61756,663.9652
"10/04/2023 01:45:00","EDT","MILLWD",61759,228.217
"10/04/2023 01:45:00","EDT","N.Y.C.",61761,4676.378
"10/04/2023 01:45:00","EDT","NORTH",61755,507.6057
"10/04/2023 01:45:00","EDT","WEST",61752,1446.0924
"10/04/2023 01:50:00","EDT","CAPITL",61757,1091.9055
"10/04/2023 01:50:00","EDT","CENTRL",61754,1461.1692
"10/04/2023 01:50:00","EDT","DUNWOD",61760,496.6566
"10/04/2023 01:50:00","EDT","GENESE",61753,941.3254
"10/04/2023 01:50:00","EDT","HUD VL",61758,838.4502
"10/04/2023 01:50:00","EDT","LONGIL",61762,1714.8531
"10/04/2023 01:50:00","EDT","MHK VL",61756,654.4621
"10/04/2023 01:50:00","EDT","MILLWD",61759,228.6824
"10/04/2023 01:50:00","EDT","N.Y.C.",61761,4676.7163
"10/04/2023 01:50:00","EDT","NORTH",61755,516.3301
"10/04/2023 01:50:00","EDT","WEST",61752,1426.8135
"10/04/2023 01:55:00","EDT","CAPITL",61757,1116.7983
"10/04/2023 01:55:00","EDT","CENTRL",61754,1446.5562
"10/04/2023 01:55:00","EDT","DUNWOD",61760,496.4921
"10/04/2023 01:55:00","EDT","GENESE",61753,938.2349
"10/04/2023 01:55:00","EDT","HUD VL",61758,819.8164
"10/04/2023 01:55:00","EDT","LONGIL",61762,1719.6129
"10/04/2023 01:55:00","EDT","MHK VL",61756,650.0938
"10/04/2023 01:55:00","EDT","MILLWD",61759,243.7788
"10/04/2023 01:55:00","EDT","N.Y.C.",61761,4655.5366
"10/04/2023 01:55:00","EDT","NORTH",61755,508.2696
"10/04/2023 01:55:00","EDT","WEST",61752,1435.6703
"10/04/2023 02:00:00","EDT","CAPITL",61757,1084.5938
"10/04/2023 02:00:00","EDT","CENTRL",61754,1447.6272
"10/04/2023 02:00:00","EDT","DUNWOD",61760,503.6727
"10/04/2023 02:00:00","EDT","GENESE",61753,925.4518
"10/04/2023 02:00:00","EDT","HUD VL",61758,830.9822
"10/04/2023 02:00:00","EDT","LONGIL",61762,1718.9808
"10/04/2023 02:00:00","EDT","MHK VL",61756,652.858
"10/04/2023 02:00:00","EDT","MILLWD",61759,230.3188
"10/04/2023 02:00:00","EDT","N.Y.C.",61761,4633.674
"10/04/2023 02:00:00","EDT","NORTH",61755,507.4224
"10/04/2023 02:00:00","EDT","WEST",61752,1440.4122
"10/04/2023 02:05:00","EDT","CAPITL",61757,1113.4773
"10/04/2023 02:05:00","EDT","CENTRL",61754,1452.8009
"10/04/2023 02:05:00","EDT","DUNWOD",61760,501.9037
"10/04/2023 02:05:00","EDT","GENESE",61753,921.1152
"10/04/2023 02:05:00","EDT","HUD VL",61758,815.5311
"10/04/2023 02:05:00","EDT","LONGIL",61762,1710.262
"10/04/2023 02:05:00","EDT","MHK VL",61756,649.9395
"10/04/2023 02:05:00","EDT","MILLWD",61759,229.5364
"10/04/2023 02:05:00","EDT","N.Y.C.",61761,4613.254
"10/04/2023 02:05:00","EDT","NORTH",61755,507.3099
"10/04/2023 02:05:00","EDT","WEST",61752,1414.0806
"10/04/2023 02:10:00","EDT","CAPITL",61757,1085.3718
"10/04/2023 02:10:00","EDT","CENTRL",61754,1460.9618
"10/04/2023 02:10:00","EDT","DUNWOD",61760,513.809
"10/04/2023 02:10:00","EDT","GENESE",61753,917.0734
"10/04/2023 02:10:00","EDT","HUD VL",61758,817.6011
"10/04/2023 02:10:00","EDT","LONGIL",61762,1717.6487
"10/04/2023 02:10:00","EDT","MHK VL",61756,648.7665
"10/04/2023 02:10:00","EDT","MILLWD",61759,213.7188
"10/04/2023 02:10:00","EDT","N.Y.C.",61761,4631.2773
"10/04/2023 02:10:00","EDT","NORTH",61755,514.529
"10/04/2023 02:10:00","EDT","WEST",61752,1422.4316
"10/04/2023 02:15:00","EDT","CAPITL",61757,1082.1008
"10/04/2023 02:15:00","EDT","CENTRL",61754,1448.8022
"10/04/2023 02:15:00","EDT","DUNWOD",61760,492.5574
"10/04/2023 02:15:00","EDT","GENESE",61753,921.898
"10/04/2023 02:15:00","EDT","HUD VL",61758,817.6354
"10/04/2023 02:15:00","EDT","LONGIL",61762,1705.793
"10/04/2023 02:15:00","EDT","MHK VL",61756,651.009
"10/04/2023 02:15:00","EDT","MILLWD",61759,230.8598
"10/04/2023 02:15:00","EDT","N.Y.C.",61761,4589.1846
"10/04/2023 02:15:00","EDT","NORTH",61755,509.6942
"10/04/2023 02:15:00","EDT","WEST",61752,1424.031
"10/04/2023 02:20:00","EDT","CAPITL",61757,1077.7031
"10/04/2023 02:20:00","EDT","CENTRL",61754,1466.1548
"10/04/2023 02:20:00","EDT","DUNWOD",61760,492.2764
"10/04/2023 02:20:00","EDT","GENESE",61753,918.0778
"10/04/2023 02:20:00","EDT","HUD VL",61758,817.583
"10/04/2023 02:20:00","EDT","LONGIL",61762,1696.2258
"10/04/2023 02:20:00","EDT","MHK VL",61756,648.6431
"10/04/2023 02:20:00","EDT","MILLWD",61759,233.3323
"10/04/2023 02:20:00","EDT","N.Y.C.",61761,4588.5034
"10/04/2023 02:20:00","EDT","NORTH",61755,507.2992
"10/04/2023 02:20:00","EDT","WEST",61752,1420.8529
"10/04/2023 02:25:00","EDT","CAPITL",61757,1080.3654
"10/04/2023 02:25:00","EDT","CENTRL",61754,1436.4507
"10/04/2023 02:25:00","EDT","DUNWOD",61760,501.9377
"10/04/2023 02:25:00","EDT","GENESE",61753,909.455
"10/04/2023 02:25:00","EDT","HUD VL",61758,832.1599
"10/04/2023 02:25:00","EDT","LONGIL",61762,1689.9708
"10/04/2023 02:25:00","EDT","MHK VL",61756,648.2533
"10/04/2023 02:25:00","EDT","MILLWD",61759,221.3921
"10/04/2023 02:25:00","EDT","N.Y.C.",61761,4568.0537
"10/04/2023 02:25:00","EDT","NORTH",61755,510.0859
"10/04/2023 02:25:00","EDT","WEST",61752,1416.7861
"10/04/2023 02:30:00","EDT","CAPITL",61757,1076.6041
"10/04/2023 02:30:00","EDT","CENTRL",61754,1428.2515
"10/04/2023 02:30:00","EDT","DUNWOD",61760,484.0566
"10/04/2023 02:30:00","EDT","GENESE",61753,908.9985
"10/04/2023 02:30:00","EDT","HUD VL",61758,812.4394
"10/04/2023 02:30:00","EDT","LONGIL",61762,1688.8156
"10/04/2023 02:30:00","EDT","MHK VL",61756,638.8072
"10/04/2023 02:30:00","EDT","MILLWD",61759,224.6902
"10/04/2023 02:30:00","EDT","N.Y.C.",61761,4574.9844
"10/04/2023 02:30:00","EDT","NORTH",61755,510.8821
"10/04/2023 02:30:00","EDT","WEST",61752,1410.8693
"10/04/2023 02:35:00","EDT","CAPITL",61757,1083.0643
"10/04/2023 02:35:00","EDT","CENTRL",61754,1430.4155
"10/04/2023 02:35:00","EDT","DUNWOD",61760,484.7902
"10/04/2023 02:35:00","EDT","GENESE",61753,913.7621
"10/04/2023 02:35:00","EDT","HUD VL",61758,816.5989
"10/04/2023 02:35:00","EDT","LONGIL",61762,1682.2994
"10/04/2023 02:35:00","EDT","MHK VL",61756,641.9382
"10/04/2023 02:35:00","EDT","MILLWD",61759,223.4214
"10/04/2023 02:35:00","EDT","N.Y.C.",61761,4554.9365
"10/04/2023 02:35:00","EDT","NORTH",61755,509.4346
"10/04/2023 02:35:00","EDT","WEST",61752,1410.7142
"10/04/2023 02:40:00","EDT","CAPITL",61757,1084.9028
"10/04/2023 02:40:00","EDT","CENTRL",61754,1440.5305
"10/04/2023 02:40:00","EDT","DUNWOD",61760,488.0096
"10/04/2023 02:40:00","EDT","GENESE",61753,908.4679
"10/04/2023 02:40:00","EDT","HUD VL",61758,812.8024
"10/04/2023 02:40:00","EDT","LONGIL",61762,1668.6085
"10/04/2023 02:40:00","EDT","MHK VL",61756,637.6947
"10/04/2023 02:40:00","EDT","MILLWD",61759,223.1093
"10/04/2023 02:40:00","EDT","N.Y.C.",61761,4551.9697
"10/04/2023 02:40:00","EDT","NORTH",61755,512.5078
"10/04/2023 02:40:00","EDT","WEST",61752,1411.9517
"10/04/2023 02:45:00","EDT","CAPITL",61757,1076.769
"10/04/2023 02:45:00","EDT","CENTRL",61754,1452.0879
"10/04/2023 02:45:00","EDT","DUNWOD",61760,486.8215
"10/04/2023 02:45:00","EDT","GENESE",61753,897.3471
"10/04/2023 02:45:00","EDT","HUD VL",61758,808.0719
"10/04/2023 02:45:00","EDT","LONGIL",61762,1670.7314
"10/04/2023 02:45:00","EDT","MHK VL",61756,643.8427
"10/04/2023 02:45:00","EDT","MILLWD",61759,219.1839
"10/04/2023 02:45:00","EDT","N.Y.C.",61761,4532.6006
"10/04/2023 02:45:00","EDT","NORTH",61755,503.0661
"10/04/2023 02:45:00","EDT","WEST",61752,1409.0237
"10/04/2023 02:50:00","EDT","CAPITL",61757,1066.751
"10/04/2023 02:50:00","EDT","CENTRL",61754,1419.9159
"10/04/2023 02:50:00","EDT","DUNWOD",61760,484.2682
"10/04/2023 02:50:00","EDT","GENESE",61753,916.8662
"10/04/2023 02:50:00","EDT","HUD VL",61758,820.7654
"10/04/2023 02:50:00","EDT","LONGIL",61762,1662.533
"10/04/2023 02:50:00","EDT","MHK VL",61756,639.897
"10/04/2023 02:50:00","EDT","MILLWD",61759,218.0408
"10/04/2023 02:50:00","EDT","N.Y.C.",61761,4515.4263
"10/04/2023 02:50:00","EDT","NORTH",61755,512.5082
"10/04/2023 02:50:00","EDT","WEST",61752,1398.185
"10/04/2023 02:55:00","EDT","CAPITL",61757,1082.0115
"10/04/2023 02:55:00","EDT","CENTRL",61754,1449.8575
"10/04/2023 02:55:00","EDT","DUNWOD",61760,480.482
"10/04/2023 02:55:00","EDT","GENESE",61753,896.3511
"10/04/2023 02:55:00","EDT","HUD VL",61758,802.805
"10/04/2023 02:55:00","EDT","LONGIL",61762,1662.7747
"10/04/2023 02:55:00","EDT","MHK VL",61756,638.5546
"10/04/2023 02:55:00","EDT","MILLWD",61759,223.0047
"10/04/2023 02:55:00","EDT","N.Y.C.",61761,4514.506
"10/04/2023 02:55:00","EDT","NORTH",61755,507.9523
"10/04/2023 02:55:00","EDT","WEST",61752,1393.3418
"10/04/2023 03:00:00","EDT","CAPITL",61757,1090.9691
"10/04/2023 03:00:00","EDT","CENTRL",61754,1447.5348
"10/04/2023 03:00:00","EDT","DUNWOD",61760,490.2394
"10/04/2023 03:00:00","EDT","GENESE",61753,895.5933
"10/04/2023 03:00:00","EDT","HUD VL",61758,808.9398
"10/04/2023 03:00:00","EDT","LONGIL",61762,1645.6958
"10/04/2023 03:00:00","EDT","MHK VL",61756,640.7479
"10/04/2023 03:00:00","EDT","MILLWD",61759,208.8527
"10/04/2023 03:00:00","EDT","N.Y.C.",61761,4508.951
"10/04/2023 03:00:00","EDT","NORTH",61755,503.8191
"10/04/2023 03:00:00","EDT","WEST",61752,1399.2743
"10/04/2023 03:05:00","EDT","CAPITL",61757,1064.0496
"10/04/2023 03:05:00","EDT","CENTRL",61754,1456.3855
"10/04/2023 03:05:00","EDT","DUNWOD",61760,476.0721
"10/04/2023 03:05:00","EDT","GENESE",61753,892.4876
"10/04/2023 03:05:00","EDT","HUD VL",61758,800.0647
"10/04/2023 03:05:00","EDT","LONGIL",61762,1647.9795
"10/04/2023 03:05:00","EDT","MHK VL",61756,640.2511
"10/04/2023 03:05:00","EDT","MILLWD",61759,219.191
"10/04/2023 03:05:00","EDT","N.Y.C.",61761,4502.3555
"10/04/2023 03:05:00","EDT","NORTH",61755,506.7202
"10/04/2023 03:05:00","EDT","WEST",61752,1422.3173
"10/04/2023 03:10:00","EDT","CAPITL",61757,1076.1364
"10/04/2023 03:10:00","EDT","CENTRL",61754,1404.5916
"10/04/2023 03:10:00","EDT","DUNWOD",61760,479.8652
"10/04/2023 03:10:00","EDT","GENESE",61753,898.4878
"10/04/2023 03:10:00","EDT","HUD VL",61758,799.7169
"10/04/2023 03:10:00","EDT","LONGIL",61762,1654.8041
"10/04/2023 03:10:00","EDT","MHK VL",61756,634.1668
"10/04/2023 03:10:00","EDT","MILLWD",61759,215.9957
"10/04/2023 03:10:00","EDT","N.Y.C.",61761,4493.2256
"10/04/2023 03:10:00","EDT","NORTH",61755,504.0523
"10/04/2023 03:10:00","EDT","WEST",61752,1411.7535
"10/04/2023 03:15:00","EDT","CAPITL",61757,1070.7781
"10/04/2023 03:15:00","EDT","CENTRL",61754,1384.4812
"10/04/2023 03:15:00","EDT","DUNWOD",61760,486.068
"10/04/2023 03:15:00","EDT","GENESE",61753,902.7907
"10/04/2023 03:15:00","EDT","HUD VL",61758,818.2683
"10/04/2023 03:15:00","EDT","LONGIL",61762,1647.5239
"10/04/2023 03:15:00","EDT","MHK VL",61756,647.4224
"10/04/2023 03:15:00","EDT","MILLWD",61759,212.3893
"10/04/2023 03:15:00","EDT","N.Y.C.",61761,4482.8066
"10/04/2023 03:15:00","EDT","NORTH",61755,506.8929
"10/04/2023 03:15:00","EDT","WEST",61752,1416.5549
"10/04/2023 03:20:00","EDT","CAPITL",61757,1069.1405
"10/04/2023 03:20:00","EDT","CENTRL",61754,1423.5201
"10/04/2023 03:20:00","EDT","DUNWOD",61760,475.9865
"10/04/2023 03:20:00","EDT","GENESE",61753,893.0323
"10/04/2023 03:20:00","EDT","HUD VL",61758,786.1856
"10/04/2023 03:20:00","EDT","LONGIL",61762,1643.8245
"10/04/2023 03:20:00","EDT","MHK VL",61756,639.8337
"10/04/2023 03:20:00","EDT","MILLWD",61759,221.2701
"10/04/2023 03:20:00","EDT","N.Y.C.",61761,4472.7017
"10/04/2023 03:20:00","EDT","NORTH",61755,509.3755
"10/04/2023 03:20:00","EDT","WEST",61752,1413.2039
"10/04/2023 03:25:00","EDT","CAPITL",61757,1071.4109
"10/04/2023 03:25:00","EDT","CENTRL",61754,1427.0599
"10/04/2023 03:25:00","EDT","DUNWOD",61760,475.3054
"10/04/2023 03:25:00","EDT","GENESE",61753,899.4473
"10/04/2023 03:25:00","EDT","HUD VL",61758,815.2163
"10/04/2023 03:25:00","EDT","LONGIL",61762,1643.6028
"10/04/2023 03:25:00","EDT","MHK VL",61756,628.7665
"10/04/2023 03:25:00","EDT","MILLWD",61759,209.5082
"10/04/2023 03:25:00","EDT","N.Y.C.",61761,4464.424
"10/04/2023 03:25:00","EDT","NORTH",61755,506.942
"10/04/2023 03:25:00","EDT","WEST",61752,1406.1355
"10/04/2023 03:30:00","EDT","CAPITL",61757,1055.7856
"10/04/2023 03:30:00","EDT","CENTRL",61754,1388.8558
"10/04/2023 03:30:00","EDT","DUNWOD",61760,467.9016
"10/04/2023 03:30:00","EDT","GENESE",61753,899.9111
"10/04/2023 03:30:00","EDT","HUD VL",61758,798.6129
"10/04/2023 03:30:00","EDT","LONGIL",61762,1646.5359
"10/04/2023 03:30:00","EDT","MHK VL",61756,646.3212
"10/04/2023 03:30:00","EDT","MILLWD",61759,216.3337
"10/04/2023 03:30:00","EDT","N.Y.C.",61761,4461.83
"10/04/2023 03:30:00","EDT","NORTH",61755,504.3082
"10/04/2023 03:30:00","EDT","WEST",61752,1416.0437
"10/04/2023 03:35:00","EDT","CAPITL",61757,1068.7551
"10/04/2023 03:35:00","EDT","CENTRL",61754,1412.0358
"10/04/2023 03:35:00","EDT","DUNWOD",61760,468.8446
"10/04/2023 03:35:00","EDT","GENESE",61753,895.444
"10/04/2023 03:35:00","EDT","HUD VL",61758,796.8854
"10/04/2023 03:35:00","EDT","LONGIL",61762,1641.7008
"10/04/2023 03:35:00","EDT","MHK VL",61756,643.8023
"10/04/2023 03:35:00","EDT","MILLWD",61759,227.6301
"10/04/2023 03:35:00","EDT","N.Y.C.",61761,4459.7295
"10/04/2023 03:35:00","EDT","NORTH",61755,510.071
"10/04/2023 03:35:00","EDT","WEST",61752,1421.1847
"10/04/2023 03:40:00","EDT","CAPITL",61757,1068.2446
"10/04/2023 03:40:00","EDT","CENTRL",61754,1425.1777
"10/04/2023 03:40:00","EDT","DUNWOD",61760,472.1665
"10/04/2023 03:40:00","EDT","GENESE",61753,905.9742
"10/04/2023 03:40:00","EDT","HUD VL",61758,784.9271
"10/04/2023 03:40:00","EDT","LONGIL",61762,1627.6716
"10/04/2023 03:40:00","EDT","MHK VL",61756,642.9105
"10/04/2023 03:40:00","EDT","MILLWD",61759,225.9441
"10/04/2023 03:40:00","EDT","N.Y.C.",61761,4442.002
"10/04/2023 03:40:00","EDT","NORTH",61755,508.4487
"10/04/2023 03:40:00","EDT","WEST",61752,1413.3159
"10/04/2023 03:45:00","EDT","CAPITL",61757,1061.377
"10/04/2023 03:45:00","EDT","CENTRL",61754,1442.3
"10/04/2023 03:45:00","EDT","DUNWOD",61760,466.9927
"10/04/2023 03:45:00","EDT","GENESE",61753,899.7258
"10/04/2023 03:45:00","EDT","HUD VL",61758,786.124
"10/04/2023 03:45:00","EDT","LONGIL",61762,1628.1694
"10/04/2023 03:45:00","EDT","MHK VL",61756,635.8362
"10/04/2023 03:45:00","EDT","MILLWD",61759,213.4867
"10/04/2023 03:45:00","EDT","N.Y.C.",61761,4437.8037
"10/04/2023 03:45:00","EDT","NORTH",61755,505.5096
"10/04/2023 03:45:00","EDT","WEST",61752,1409.3622
"10/04/2023 03:50:00","EDT","CAPITL",61757,1059.938
"10/04/2023 03:50:00","EDT","CENTRL",61754,1442.3477
"10/04/2023 03:50:00","EDT","DUNWOD",61760,470.8209
"10/04/2023 03:50:00","EDT","GENESE",61753,894.7411
"10/04/2023 03:50:00","EDT","HUD VL",61758,801.241
"10/04/2023 03:50:00","EDT","LONGIL",61762,1633.7266
"10/04/2023 03:50:00","EDT","MHK VL",61756,634.5254
"10/04/2023 03:50:00","EDT","MILLWD",61759,199.2107
"10/04/2023 03:50:00","EDT","N.Y.C.",61761,4440.199
"10/04/2023 03:50:00","EDT","NORTH",61755,511.3098
"10/04/2023 03:50:00","EDT","WEST",61752,1410.508
"10/04/2023 03:55:00","EDT","CAPITL",61757,1071.4467
"10/04/2023 03:55:00","EDT","CENTRL",61754,1390.7897
"10/04/2023 03:55:00","EDT","DUNWOD",61760,473.8039
"10/04/2023 03:55:00","EDT","GENESE",61753,900.4173
"10/04/2023 03:55:00","EDT","HUD VL",61758,792.4885
"10/04/2023 03:55:00","EDT","LONGIL",61762,1632.4167
"10/04/2023 03:55:00","EDT","MHK VL",61756,620.1705
"10/04/2023 03:55:00","EDT","MILLWD",61759,215.0539
"10/04/2023 03:55:00","EDT","N.Y.C.",61761,4437.354
"10/04/2023 03:55:00","EDT","NORTH",61755,507.9326
"10/04/2023 03:55:00","EDT","WEST",61752,1401.1232
"10/04/2023 04:00:00","EDT","CAPITL",61757,1074.7773
"10/04/2023 04:00:00","EDT","CENTRL",61754,1433.9666
"10/04/2023 04:00:00","EDT","DUNWOD",61760,481.035
"10/04/2023 04:00:00","EDT","GENESE",61753,887.9739
"10/04/2023 04:00:00","EDT","HUD VL",61758,802.1624
"10/04/2023 04:00:00","EDT","LONGIL",61762,1632.9951
"10/04/2023 04:00:00","EDT","MHK VL",61756,625.0953
"10/04/2023 04:00:00","EDT","MILLWD",61759,200.9518
"10/04/2023 04:00:00","EDT","N.Y.C.",61761,4430.539
"10/04/2023 04:00:00","EDT","NORTH",61755,500.0554
"10/04/2023 04:00:00","EDT","WEST",61752,1403.8936
"10/04/2023 04:05:00","EDT","CAPITL",61757,1063.3429
"10/04/2023 04:05:00","EDT","CENTRL",61754,1418.7196
"10/04/2023 04:05:00","EDT","DUNWOD",61760,447.9597
"10/04/2023 04:05:00","EDT","GENESE",61753,891.7982
"10/04/2023 04:05:00","EDT","HUD VL",61758,779.2654
"10/04/2023 04:05:00","EDT","LONGIL",61762,1625.0498
"10/04/2023 04:05:00","EDT","MHK VL",61756,636.7377
"10/04/2023 04:05:00","EDT","MILLWD",61759,251.8798
"10/04/2023 04:05:00","EDT","N.Y.C.",61761,4429.8447
"10/04/2023 04:05:00","EDT","NORTH",61755,502.5773
"10/04/2023 04:05:00","EDT","WEST",61752,1411.4587
"10/04/2023 04:10:00","EDT","CAPITL",61757,1074.0857
"10/04/2023 04:10:00","EDT","CENTRL",61754,1438.9613
"10/04/2023 04:10:00","EDT","DUNWOD",61760,465.8925
"10/04/2023 04:10:00","EDT","GENESE",61753,897.5327
"10/04/2023 04:10:00","EDT","HUD VL",61758,799.1447
"10/04/2023 04:10:00","EDT","LONGIL",61762,1636.7356
"10/04/2023 04:10:00","EDT","MHK VL",61756,630.9454
"10/04/2023 04:10:00","EDT","MILLWD",61759,208.2211
"10/04/2023 04:10:00","EDT","N.Y.C.",61761,4444.8047
"10/04/2023 04:10:00","EDT","NORTH",61755,510.3264
"10/04/2023 04:10:00","EDT","WEST",61752,1413.454
"10/04/2023 04:15:00","EDT","CAPITL",61757,1078.2836
"10/04/2023 04:15:00","EDT","CENTRL",61754,1424.4084
"10/04/2023 04:15:00","EDT","DUNWOD",61760,472.3512
"10/04/2023 04:15:00","EDT","GENESE",61753,899.4277
"10/04/2023 04:15:00","EDT","HUD VL",61758,796.4713
"10/04/2023 04:15:00","EDT","LONGIL",61762,1636.4536
"10/04/2023 04:15:00","EDT","MHK VL",61756,632.8049
"10/04/2023 04:15:00","EDT","MILLWD",61759,209.5524
"10/04/2023 04:15:00","EDT","N.Y.C.",61761,4453.894
"10/04/2023 04:15:00","EDT","NORTH",61755,511.5349
"10/04/2023 04:15:00","EDT","WEST",61752,1410.3276
"10/04/2023 04:20:00","EDT","CAPITL",61757,1079.649
"10/04/2023 04:20:00","EDT","CENTRL",61754,1429.6389
"10/04/2023 04:20:00","EDT","DUNWOD",61760,474.6016
"10/04/2023 04:20:00","EDT","GENESE",61753,899.5667
"10/04/2023 04:20:00","EDT","HUD VL",61758,792.0646
"10/04/2023 04:20:00","EDT","LONGIL",61762,1643.4213
"10/04/2023 04:20:00","EDT","MHK VL",61756,646.8152
"10/04/2023 04:20:00","EDT","MILLWD",61759,184.536
"10/04/2023 04:20:00","EDT","N.Y.C.",61761,4460.158
"10/04/2023 04:20:00","EDT","NORTH",61755,508.4771
"10/04/2023 04:20:00","EDT","WEST",61752,1422.7743
"10/04/2023 04:25:00","EDT","CAPITL",61757,1077.9308
"10/04/2023 04:25:00","EDT","CENTRL",61754,1438.6289
"10/04/2023 04:25:00","EDT","DUNWOD",61760,473.1404
"10/04/2023 04:25:00","EDT","GENESE",61753,905.1359
"10/04/2023 04:25:00","EDT","HUD VL",61758,793.1688
"10/04/2023 04:25:00","EDT","LONGIL",61762,1642.5615
"10/04/2023 04:25:00","EDT","MHK VL",61756,639.2959
"10/04/2023 04:25:00","EDT","MILLWD",61759,212.0205
"10/04/2023 04:25:00","EDT","N.Y.C.",61761,4452.747
"10/04/2023 04:25:00","EDT","NORTH",61755,509.7604
"10/04/2023 04:25:00","EDT","WEST",61752,1408.7826
"10/04/2023 04:30:00","EDT","CAPITL",61757,1077.5391
"10/04/2023 04:30:00","EDT","CENTRL",61754,1455.1752
"10/04/2023 04:30:00","EDT","DUNWOD",61760,468.468
"10/04/2023 04:30:00","EDT","GENESE",61753,895.9198
"10/04/2023 04:30:00","EDT","HUD VL",61758,771.5714
"10/04/2023 04:30:00","EDT","LONGIL",61762,1650.1738
"10/04/2023 04:30:00","EDT","MHK VL",61756,636.1188
"10/04/2023 04:30:00","EDT","MILLWD",61759,223.4513
"10/04/2023 04:30:00","EDT","N.Y.C.",61761,4443.5454
"10/04/2023 04:30:00","EDT","NORTH",61755,513.1402
"10/04/2023 04:30:00","EDT","WEST",61752,1408.1151
"10/04/2023 04:35:00","EDT","CAPITL",61757,1070.873
"10/04/2023 04:35:00","EDT","CENTRL",61754,1396.5178
"10/04/2023 04:35:00","EDT","DUNWOD",61760,475.0618
"10/04/2023 04:35:00","EDT","GENESE",61753,898.412
"10/04/2023 04:35:00","EDT","HUD VL",61758,773.6229
"10/04/2023 04:35:00","EDT","LONGIL",61762,1661.8132
"10/04/2023 04:35:00","EDT","MHK VL",61756,649.1227
"10/04/2023 04:35:00","EDT","MILLWD",61759,211.2058
"10/04/2023 04:35:00","EDT","N.Y.C.",61761,4443.549
"10/04/2023 04:35:00","EDT","NORTH",61755,509.9694
"10/04/2023 04:35:00","EDT","WEST",61752,1422.19
"10/04/2023 04:40:00","EDT","CAPITL",61757,1093.7773
"10/04/2023 04:40:00","EDT","CENTRL",61754,1409.9362
"10/04/2023 04:40:00","EDT","DUNWOD",61760,480.4794
"10/04/2023 04:40:00","EDT","GENESE",61753,904.9404
"10/04/2023 04:40:00","EDT","HUD VL",61758,793.6829
"10/04/2023 04:40:00","EDT","LONGIL",61762,1667.1622
"10/04/2023 04:40:00","EDT","MHK VL",61756,634.1884
"10/04/2023 04:40:00","EDT","MILLWD",61759,207.932
"10/04/2023 04:40:00","EDT","N.Y.C.",61761,4445.9336
"10/04/2023 04:40:00","EDT","NORTH",61755,515.9701
"10/04/2023 04:40:00","EDT","WEST",61752,1421.5642
"10/04/2023 04:45:00","EDT","CAPITL",61757,1081.6403
"10/04/2023 04:45:00","EDT","CENTRL",61754,1429.3201
"10/04/2023 04:45:00","EDT","DUNWOD",61760,480.0142
"10/04/2023 04:45:00","EDT","GENESE",61753,909.9564
"10/04/2023 04:45:00","EDT","HUD VL",61758,797.3024
"10/04/2023 04:45:00","EDT","LONGIL",61762,1651.052
"10/04/2023 04:45:00","EDT","MHK VL",61756,639.4609
"10/04/2023 04:45:00","EDT","MILLWD",61759,214.6522
"10/04/2023 04:45:00","EDT","N.Y.C.",61761,4451.7803
"10/04/2023 04:45:00","EDT","NORTH",61755,509.3217
"10/04/2023 04:45:00","EDT","WEST",61752,1432.6396
"10/04/2023 04:50:00","EDT","CAPITL",61757,1082.7887
"10/04/2023 04:50:00","EDT","CENTRL",61754,1426.5707
"10/04/2023 04:50:00","EDT","DUNWOD",61760,472.5485
"10/04/2023 04:50:00","EDT","GENESE",61753,900.9428
"10/04/2023 04:50:00","EDT","HUD VL",61758,785.3129
"10/04/2023 04:50:00","EDT","LONGIL",61762,1656.6018
"10/04/2023 04:50:00","EDT","MHK VL",61756,648.6444
"10/04/2023 04:50:00","EDT","MILLWD",61759,228.4424
"10/04/2023 04:50:00","EDT","N.Y.C.",61761,4476.542
"10/04/2023 04:50:00","EDT","NORTH",61755,506.5534
"10/04/2023 04:50:00","EDT","WEST",61752,1433.396
"10/04/2023 04:55:00","EDT","CAPITL",61757,1086.8547
"10/04/2023 04:55:00","EDT","CENTRL",61754,1440.5365
"10/04/2023 04:55:00","EDT","DUNWOD",61760,476.0152
"10/04/2023 04:55:00","EDT","GENESE",61753,910.8936
"10/04/2023 04:55:00","EDT","HUD VL",61758,791.5399
"10/04/2023 04:55:00","EDT","LONGIL",61762,1667.2744
"10/04/2023 04:55:00","EDT","MHK VL",61756,648.3492
"10/04/2023 04:55:00","EDT","MILLWD",61759,213.8788
"10/04/2023 04:55:00","EDT","N.Y.C.",61761,4490.501
"10/04/2023 04:55:00","EDT","NORTH",61755,510.9129
"10/04/2023 04:55:00","EDT","WEST",61752,1447.1726
"10/04/2023 05:00:00","EDT","CAPITL",61757,1102.1775
"10/04/2023 05:00:00","EDT","CENTRL",61754,1446.2914
"10/04/2023 05:00:00","EDT","DUNWOD",61760,456.3802
"10/04/2023 05:00:00","EDT","GENESE",61753,911.2884
"10/04/2023 05:00:00","EDT","HUD VL",61758,786.5209
"10/04/2023 05:00:00","EDT","LONGIL",61762,1664.1365
"10/04/2023 05:00:00","EDT","MHK VL",61756,671.255
"10/04/2023 05:00:00","EDT","MILLWD",61759,234.186
"10/04/2023 05:00:00","EDT","N.Y.C.",61761,4482.7944
"10/04/2023 05:00:00","EDT","NORTH",61755,507.2213
"10/04/2023 05:00:00","EDT","WEST",61752,1441.7504
"10/04/2023 05:05:00","EDT","CAPITL",61757,1098.9375
"10/04/2023 05:05:00","EDT","CENTRL",61754,1464.0376
"10/04/2023 05:05:00","EDT","DUNWOD",61760,447.5981
"10/04/2023 05:05:00","EDT","GENESE",61753,908.8007
"10/04/2023 05:05:00","EDT","HUD VL",61758,798.6544
"10/04/2023 05:05:00","EDT","LONGIL",61762,1675.6636
"10/04/2023 05:05:00","EDT","MHK VL",61756,649.1476
"10/04/2023 05:05:00","EDT","MILLWD",61759,264.8596
"10/04/2023 05:05:00","EDT","N.Y.C.",61761,4492.947
"10/04/2023 05:05:00","EDT","NORTH",61755,506.3407
"10/04/2023 05:05:00","EDT","WEST",61752,1443.6051
"10/04/2023 05:10:00","EDT","CAPITL",61757,1084.455
"10/04/2023 05:10:00","EDT","CENTRL",61754,1508.7965
"10/04/2023 05:10:00","EDT","DUNWOD",61760,483.556
"10/04/2023 05:10:00","EDT","GENESE",61753,918.4297
"10/04/2023 05:10:00","EDT","HUD VL",61758,791.016
"10/04/2023 05:10:00","EDT","LONGIL",61762,1693.2943
"10/04/2023 05:10:00","EDT","MHK VL",61756,662.744
"10/04/2023 05:10:00","EDT","MILLWD",61759,229.7832
"10/04/2023 05:10:00","EDT","N.Y.C.",61761,4528.446
"10/04/2023 05:10:00","EDT","NORTH",61755,511.7855
"10/04/2023 05:10:00","EDT","WEST",61752,1448.7852
"10/04/2023 05:15:00","EDT","CAPITL",61757,1118.1436
"10/04/2023 05:15:00","EDT","CENTRL",61754,1498.2853
"10/04/2023 05:15:00","EDT","DUNWOD",61760,490.9498
"10/04/2023 05:15:00","EDT","GENESE",61753,929.4796
"10/04/2023 05:15:00","EDT","HUD VL",61758,793.9371
"10/04/2023 05:15:00","EDT","LONGIL",61762,1705.3958
"10/04/2023 05:15:00","EDT","MHK VL",61756,669.8217
"10/04/2023 05:15:00","EDT","MILLWD",61759,220.0773
"10/04/2023 05:15:00","EDT","N.Y.C.",61761,4550.9014
"10/04/2023 05:15:00","EDT","NORTH",61755,517.7032
"10/04/2023 05:15:00","EDT","WEST",61752,1462.1394
"10/04/2023 05:20:00","EDT","CAPITL",61757,1131.3695
"10/04/2023 05:20:00","EDT","CENTRL",61754,1513.2432
"10/04/2023 05:20:00","EDT","DUNWOD",61760,496.9258
"10/04/2023 05:20:00","EDT","GENESE",61753,937.4356
"10/04/2023 05:20:00","EDT","HUD VL",61758,800.9205
"10/04/2023 05:20:00","EDT","LONGIL",61762,1709.3027
"10/04/2023 05:20:00","EDT","MHK VL",61756,678.875
"10/04/2023 05:20:00","EDT","MILLWD",61759,221.4669
"10/04/2023 05:20:00","EDT","N.Y.C.",61761,4569.162
"10/04/2023 05:20:00","EDT","NORTH",61755,511.4199
"10/04/2023 05:20:00","EDT","WEST",61752,1462.1754
"10/04/2023 05:25:00","EDT","CAPITL",61757,1131.8688
"10/04/2023 05:25:00","EDT","CENTRL",61754,1480.4781
"10/04/2023 05:25:00","EDT","DUNWOD",61760,485.3516
"10/04/2023 05:25:00","EDT","GENESE",61753,918.8997
"10/04/2023 05:25:00","EDT","HUD VL",61758,770.5505
"10/04/2023 05:25:00","EDT","LONGIL",61762,1722.0686
"10/04/2023 05:25:00","EDT","MHK VL",61756,673.0208
"10/04/2023 05:25:00","EDT","MILLWD",61759,256.6504
"10/04/2023 05:25:00","EDT","N.Y.C.",61761,4592.1797
"10/04/2023 05:25:00","EDT","NORTH",61755,515.8607
"10/04/2023 05:25:00","EDT","WEST",61752,1468.9135
"10/04/2023 05:30:00","EDT","CAPITL",61757,1112.4454
"10/04/2023 05:30:00","EDT","CENTRL",61754,1503.2693
"10/04/2023 05:30:00","EDT","DUNWOD",61760,498.1093
"10/04/2023 05:30:00","EDT","GENESE",61753,928.1907
"10/04/2023 05:30:00","EDT","HUD VL",61758,807.6292
"10/04/2023 05:30:00","EDT","LONGIL",61762,1712.7974
"10/04/2023 05:30:00","EDT","MHK VL",61756,685.3398
"10/04/2023 05:30:00","EDT","MILLWD",61759,244.8401
"10/04/2023 05:30:00","EDT","N.Y.C.",61761,4600.209
"10/04/2023 05:30:00","EDT","NORTH",61755,510.4211
"10/04/2023 05:30:00","EDT","WEST",61752,1474.8723
"10/04/2023 05:35:00","EDT","CAPITL",61757,1127.5571
"10/04/2023 05:35:00","EDT","CENTRL",61754,1488.7534
"10/04/2023 05:35:00","EDT","DUNWOD",61760,481.7245
"10/04/2023 05:35:00","EDT","GENESE",61753,947.2513
"10/04/2023 05:35:00","EDT","HUD VL",61758,808.7654
"10/04/2023 05:35:00","EDT","LONGIL",61762,1731.4175
"10/04/2023 05:35:00","EDT","MHK VL",61756,682.8946
"10/04/2023 05:35:00","EDT","MILLWD",61759,232.3002
"10/04/2023 05:35:00","EDT","N.Y.C.",61761,4689.1445
"10/04/2023 05:35:00","EDT","NORTH",61755,505.9343
"10/04/2023 05:35:00","EDT","WEST",61752,1453.5302
"10/04/2023 05:40:00","EDT","CAPITL",61757,1133.0156
"10/04/2023 05:40:00","EDT","CENTRL",61754,1491.1675
"10/04/2023 05:40:00","EDT","DUNWOD",61760,495.0168
"10/04/2023 05:40:00","EDT","GENESE",61753,957.0021
"10/04/2023 05:40:00","EDT","HUD VL",61758,845.5202
"10/04/2023 05:40:00","EDT","LONGIL",61762,1740.7152
"10/04/2023 05:40:00","EDT","MHK VL",61756,699.6261
"10/04/2023 05:40:00","EDT","MILLWD",61759,237.8532
"10/04/2023 05:40:00","EDT","N.Y.C.",61761,4695.2754
"10/04/2023 05:40:00","EDT","NORTH",61755,511.931
"10/04/2023 05:40:00","EDT","WEST",61752,1477.5615
"10/04/2023 05:45:00","EDT","CAPITL",61757,1141.7506
"10/04/2023 05:45:00","EDT","CENTRL",61754,1497.6417
"10/04/2023 05:45:00","EDT","DUNWOD",61760,504.6124
"10/04/2023 05:45:00","EDT","GENESE",61753,959.1154
"10/04/2023 05:45:00","EDT","HUD VL",61758,863.8594
"10/04/2023 05:45:00","EDT","LONGIL",61762,1752.1956
"10/04/2023 05:45:00","EDT","MHK VL",61756,699.3819
"10/04/2023 05:45:00","EDT","MILLWD",61759,235.4597
"10/04/2023 05:45:00","EDT","N.Y.C.",61761,4712.55
"10/04/2023 05:45:00","EDT","NORTH",61755,511.6226
"10/04/2023 05:45:00","EDT","WEST",61752,1481.8785
"10/04/2023 05:50:00","EDT","CAPITL",61757,1152.3353
"10/04/2023 05:50:00","EDT","CENTRL",61754,1524.5896
"10/04/2023 05:50:00","EDT","DUNWOD",61760,501.5134
"10/04/2023 05:50:00","EDT","GENESE",61753,957.0485
"10/04/2023 05:50:00","EDT","HUD VL",61758,851.9502
"10/04/2023 05:50:00","EDT","LONGIL",61762,1755.6365
"10/04/2023 05:50:00","EDT","MHK VL",61756,705.0687
"10/04/2023 05:50:00","EDT","MILLWD",61759,232.4238
"10/04/2023 05:50:00","EDT","N.Y.C.",61761,4736.2354
"10/04/2023 05:50:00","EDT","NORTH",61755,512.8956
"10/04/2023 05:50:00","EDT","WEST",61752,1494.1848
"10/04/2023 05:55:00","EDT","CAPITL",61757,1159.6735
"10/04/2023 05:55:00","EDT","CENTRL",61754,1566.3406
"10/04/2023 05:55:00","EDT","DUNWOD",61760,497.7848
"10/04/2023 05:55:00","EDT","GENESE",61753,966.8442
"10/04/2023 05:55:00","EDT","HUD VL",61758,836.2739
"10/04/2023 05:55:00","EDT","LONGIL",61762,1760.985
"10/04/2023 05:55:00","EDT","MHK VL",61756,721.5817
"10/04/2023 05:55:00","EDT","MILLWD",61759,242.2546
"10/04/2023 05:55:00","EDT","N.Y.C.",61761,4803.246
"10/04/2023 05:55:00","EDT","NORTH",61755,517.9424
"10/04/2023 05:55:00","EDT","WEST",61752,1500.484
"10/04/2023 06:00:00","EDT","CAPITL",61757,1162.3445
"10/04/2023 06:00:00","EDT","CENTRL",61754,1564.7191
"10/04/2023 06:00:00","EDT","DUNWOD",61760,507.3162
"10/04/2023 06:00:00","EDT","GENESE",61753,972.6504
"10/04/2023 06:00:00","EDT","HUD VL",61758,840.1252
"10/04/2023 06:00:00","EDT","LONGIL",61762,1788.2258
"10/04/2023 06:00:00","EDT","MHK VL",61756,737.0858
"10/04/2023 06:00:00","EDT","MILLWD",61759,252.9283
"10/04/2023 06:00:00","EDT","N.Y.C.",61761,4828.9106
"10/04/2023 06:00:00","EDT","NORTH",61755,516.8871
"10/04/2023 06:00:00","EDT","WEST",61752,1501.7631
"10/04/2023 06:05:00","EDT","CAPITL",61757,1181.8777
"10/04/2023 06:05:00","EDT","CENTRL",61754,1601.3646
"10/04/2023 06:05:00","EDT","DUNWOD",61760,501.035
"10/04/2023 06:05:00","EDT","GENESE",61753,978.3527
"10/04/2023 06:05:00","EDT","HUD VL",61758,859.0842
"10/04/2023 06:05:00","EDT","LONGIL",61762,1788.3558
"10/04/2023 06:05:00","EDT","MHK VL",61756,741.9979
"10/04/2023 06:05:00","EDT","MILLWD",61759,251.3579
"10/04/2023 06:05:00","EDT","N.Y.C.",61761,4860.5005
"10/04/2023 06:05:00","EDT","NORTH",61755,514.9675
"10/04/2023 06:05:00","EDT","WEST",61752,1511.7848
"10/04/2023 06:10:00","EDT","CAPITL",61757,1193.1276
"10/04/2023 06:10:00","EDT","CENTRL",61754,1559.0392
"10/04/2023 06:10:00","EDT","DUNWOD",61760,530.4645
"10/04/2023 06:10:00","EDT","GENESE",61753,995.3594
"10/04/2023 06:10:00","EDT","HUD VL",61758,847.4081
"10/04/2023 06:10:00","EDT","LONGIL",61762,1828.3231
"10/04/2023 06:10:00","EDT","MHK VL",61756,764.4916
"10/04/2023 06:10:00","EDT","MILLWD",61759,266.3872
"10/04/2023 06:10:00","EDT","N.Y.C.",61761,4970.515
"10/04/2023 06:10:00","EDT","NORTH",61755,526.9873
"10/04/2023 06:10:00","EDT","WEST",61752,1542.043
"10/04/2023 06:15:00","EDT","CAPITL",61757,1200.2089
"10/04/2023 06:15:00","EDT","CENTRL",61754,1585.4868
"10/04/2023 06:15:00","EDT","DUNWOD",61760,531.6497
"10/04/2023 06:15:00","EDT","GENESE",61753,1010.0978
"10/04/2023 06:15:00","EDT","HUD VL",61758,892.4227
"10/04/2023 06:15:00","EDT","LONGIL",61762,1859.4075
"10/04/2023 06:15:00","EDT","MHK VL",61756,774.1732
"10/04/2023 06:15:00","EDT","MILLWD",61759,251.737
"10/04/2023 06:15:00","EDT","N.Y.C.",61761,5024.507
"10/04/2023 06:15:00","EDT","NORTH",61755,526.0916
"10/04/2023 06:15:00","EDT","WEST",61752,1553.7861
"10/04/2023 06:20:00","EDT","CAPITL",61757,1211.9434
"10/04/2023 06:20:00","EDT","CENTRL",61754,1602.5322
"10/04/2023 06:20:00","EDT","DUNWOD",61760,553.6652
"10/04/2023 06:20:00","EDT","GENESE",61753,1017.1974
"10/04/2023 06:20:00","EDT","HUD VL",61758,893.4694
"10/04/2023 06:20:00","EDT","LONGIL",61762,1849.1938
"10/04/2023 06:20:00","EDT","MHK VL",61756,767.2922
"10/04/2023 06:20:00","EDT","MILLWD",61759,242.0241
"10/04/2023 06:20:00","EDT","N.Y.C.",61761,5066.874
"10/04/2023 06:20:00","EDT","NORTH",61755,524.4515
"10/04/2023 06:20:00","EDT","WEST",61752,1560.034
"10/04/2023 06:25:00","EDT","CAPITL",61757,1226.3143
"10/04/2023 06:25:00","EDT","CENTRL",61754,1646.3168
"10/04/2023 06:25:00","EDT","DUNWOD",61760,542.7014
"10/04/2023 06:25:00","EDT","GENESE",61753,1025.7441
"10/04/2023 06:25:00","EDT","HUD VL",61758,904.4323
"10/04/2023 06:25:00","EDT","LONGIL",61762,1890.1238
"10/04/2023 06:25:00","EDT","MHK VL",61756,785.2075
"10/04/2023 06:25:00","EDT","MILLWD",61759,257.3811
"10/04/2023 06:25:00","EDT","N.Y.C.",61761,5119.073
"10/04/2023 06:25:00","EDT","NORTH",61755,524.2089
"10/04/2023 06:25:00","EDT","WEST",61752,1573.8403
"10/04/2023 06:30:00","EDT","CAPITL",61757,1240.2539
"10/04/2023 06:30:00","EDT","CENTRL",61754,1645.2533
"10/04/2023 06:30:00","EDT","DUNWOD",61760,534.6025
"10/04/2023 06:30:00","EDT","GENESE",61753,1038.0475
"10/04/2023 06:30:00","EDT","HUD VL",61758,901.5062
"10/04/2023 06:30:00","EDT","LONGIL",61762,1898.0132
"10/04/2023 06:30:00","EDT","MHK VL",61756,790.5104
"10/04/2023 06:30:00","EDT","MILLWD",61759,269.1633
"10/04/2023 06:30:00","EDT","N.Y.C.",61761,5153.3604
"10/04/2023 06:30:00","EDT","NORTH",61755,527.9069
"10/04/2023 06:30:00","EDT","WEST",61752,1580.9686
"10/04/2023 06:35:00","EDT","CAPITL",61757,1229.6562
"10/04/2023 06:35:00","EDT","CENTRL",61754,1651.8184
"10/04/2023 06:35:00","EDT","DUNWOD",61760,552.4249
"10/04/2023 06:35:00","EDT","GENESE",61753,1045.5737
"10/04/2023 06:35:00","EDT","HUD VL",61758,889.6657
"10/04/2023 06:35:00","EDT","LONGIL",61762,1908.6248
"10/04/2023 06:35:00","EDT","MHK VL",61756,810.3411
"10/04/2023 06:35:00","EDT","MILLWD",61759,271.5898
"10/04/2023 06:35:00","EDT","N.Y.C.",61761,5199.5522
"10/04/2023 06:35:00","EDT","NORTH",61755,527.3934
"10/04/2023 06:35:00","EDT","WEST",61752,1596.4661
"10/04/2023 06:40:00","EDT","CAPITL",61757,1249.6409
"10/04/2023 06:40:00","EDT","CENTRL",61754,1685.9373
"10/04/2023 06:40:00","EDT","DUNWOD",61760,559.8944
"10/04/2023 06:40:00","EDT","GENESE",61753,1047.4951
"10/04/2023 06:40:00","EDT","HUD VL",61758,909.1198
"10/04/2023 06:40:00","EDT","LONGIL",61762,1924.2241
"10/04/2023 06:40:00","EDT","MHK VL",61756,804.0801
"10/04/2023 06:40:00","EDT","MILLWD",61759,285.6968
"10/04/2023 06:40:00","EDT","N.Y.C.",61761,5252.965
"10/04/2023 06:40:00","EDT","NORTH",61755,532.5579
"10/04/2023 06:40:00","EDT","WEST",61752,1621.2438
"10/04/2023 06:45:00","EDT","CAPITL",61757,1259.8472
"10/04/2023 06:45:00","EDT","CENTRL",61754,1706.0455
"10/04/2023 06:45:00","EDT","DUNWOD",61760,567.2745
"10/04/2023 06:45:00","EDT","GENESE",61753,1059.6519
"10/04/2023 06:45:00","EDT","HUD VL",61758,929.8138
"10/04/2023 06:45:00","EDT","LONGIL",61762,1929.5326
"10/04/2023 06:45:00","EDT","MHK VL",61756,824.6185
"10/04/2023 06:45:00","EDT","MILLWD",61759,275.7099
"10/04/2023 06:45:00","EDT","N.Y.C.",61761,5278.4985
"10/04/2023 06:45:00","EDT","NORTH",61755,533.7264
"10/04/2023 06:45:00","EDT","WEST",61752,1620.4264
"10/04/2023 06:50:00","EDT","CAPITL",61757,1273.3252
"10/04/2023 06:50:00","EDT","CENTRL",61754,1720.8179
"10/04/2023 06:50:00","EDT","DUNWOD",61760,569.5399
"10/04/2023 06:50:00","EDT","GENESE",61753,1060.4395
"10/04/2023 06:50:00","EDT","HUD VL",61758,933.506
"10/04/2023 06:50:00","EDT","LONGIL",61762,1925.6827
"10/04/2023 06:50:00","EDT","MHK VL",61756,819.0523
"10/04/2023 06:50:00","EDT","MILLWD",61759,272.3175
"10/04/2023 06:50:00","EDT","N.Y.C.",61761,5319.19
"10/04/2023 06:50:00","EDT","NORTH",61755,539.377
"10/04/2023 06:50:00","EDT","WEST",61752,1636.1749
"10/04/2023 06:55:00","EDT","CAPITL",61757,1276.6047
"10/04/2023 06:55:00","EDT","CENTRL",61754,1729.1069
"10/04/2023 06:55:00","EDT","DUNWOD",61760,583.4727
"10/04/2023 06:55:00","EDT","GENESE",61753,1070.8007
"10/04/2023 06:55:00","EDT","HUD VL",61758,927.2393
"10/04/2023 06:55:00","EDT","LONGIL",61762,1934.9923
"10/04/2023 06:55:00","EDT","MHK VL",61756,816.2355
"10/04/2023 06:55:00","EDT","MILLWD",61759,282.9484
"10/04/2023 06:55:00","EDT","N.Y.C.",61761,5367.8
"10/04/2023 06:55:00","EDT","NORTH",61755,535.3754
"10/04/2023 06:55:00","EDT","WEST",61752,1644.5698
"10/04/2023 07:00:00","EDT","CAPITL",61757,1275.044
"10/04/2023 07:00:00","EDT","CENTRL",61754,1743.5164
"10/04/2023 07:00:00","EDT","DUNWOD",61760,569.0499
"10/04/2023 07:00:00","EDT","GENESE",61753,1073.6427
"10/04/2023 07:00:00","EDT","HUD VL",61758,922.4357
"10/04/2023 07:00:00","EDT","LONGIL",61762,1932.9858
"10/04/2023 07:00:00","EDT","MHK VL",61756,819.3643
"10/04/2023 07:00:00","EDT","MILLWD",61759,285.3752
"10/04/2023 07:00:00","EDT","N.Y.C.",61761,5390.3115
"10/04/2023 07:00:00","EDT","NORTH",61755,543.4078
"10/04/2023 07:00:00","EDT","WEST",61752,1642.8318
"10/04/2023 07:05:00","EDT","CAPITL",61757,1279.6721
"10/04/2023 07:05:00","EDT","CENTRL",61754,1703.7194
"10/04/2023 07:05:00","EDT","DUNWOD",61760,581.5617
"10/04/2023 07:05:00","EDT","GENESE",61753,1075.8728
"10/04/2023 07:05:00","EDT","HUD VL",61758,931.3232
"10/04/2023 07:05:00","EDT","LONGIL",61762,1947.7363
"10/04/2023 07:05:00","EDT","MHK VL",61756,831.0279
"10/04/2023 07:05:00","EDT","MILLWD",61759,273.9417
"10/04/2023 07:05:00","EDT","N.Y.C.",61761,5405.01
"10/04/2023 07:05:00","EDT","NORTH",61755,538.8785
"10/04/2023 07:05:00","EDT","WEST",61752,1650.2849
"10/04/2023 07:10:00","EDT","CAPITL",61757,1282.0999
"10/04/2023 07:10:00","EDT","CENTRL",61754,1706.5627
"10/04/2023 07:10:00","EDT","DUNWOD",61760,586.4603
"10/04/2023 07:10:00","EDT","GENESE",61753,1084.1531
"10/04/2023 07:10:00","EDT","HUD VL",61758,929.4992
"10/04/2023 07:10:00","EDT","LONGIL",61762,1975.6582
"10/04/2023 07:10:00","EDT","MHK VL",61756,852.6793
"10/04/2023 07:10:00","EDT","MILLWD",61759,293.6208
"10/04/2023 07:10:00","EDT","N.Y.C.",61761,5493.254
"10/04/2023 07:10:00","EDT","NORTH",61755,542.0549
"10/04/2023 07:10:00","EDT","WEST",61752,1669.8499
"10/04/2023 07:15:00","EDT","CAPITL",61757,1301.0908
"10/04/2023 07:15:00","EDT","CENTRL",61754,1716.4899
"10/04/2023 07:15:00","EDT","DUNWOD",61760,586.0445
"10/04/2023 07:15:00","EDT","GENESE",61753,1090.0964
"10/04/2023 07:15:00","EDT","HUD VL",61758,927.0039
"10/04/2023 07:15:00","EDT","LONGIL",61762,1986.4788
"10/04/2023 07:15:00","EDT","MHK VL",61756,852.4714
"10/04/2023 07:15:00","EDT","MILLWD",61759,289.4451
"10/04/2023 07:15:00","EDT","N.Y.C.",61761,5496.6143
"10/04/2023 07:15:00","EDT","NORTH",61755,538.4854
"10/04/2023 07:15:00","EDT","WEST",61752,1670.3857
"10/04/2023 07:20:00","EDT","CAPITL",61757,1290.9785
"10/04/2023 07:20:00","EDT","CENTRL",61754,1733.2351
"10/04/2023 07:20:00","EDT","DUNWOD",61760,594.1604
"10/04/2023 07:20:00","EDT","GENESE",61753,1095.1858
"10/04/2023 07:20:00","EDT","HUD VL",61758,946.1024
"10/04/2023 07:20:00","EDT","LONGIL",61762,1990.7451
"10/04/2023 07:20:00","EDT","MHK VL",61756,852.2147
"10/04/2023 07:20:00","EDT","MILLWD",61759,292.1604
"10/04/2023 07:20:00","EDT","N.Y.C.",61761,5598.9414
"10/04/2023 07:20:00","EDT","NORTH",61755,542.49
"10/04/2023 07:20:00","EDT","WEST",61752,1665.803
"10/04/2023 07:25:00","EDT","CAPITL",61757,1300.1157
"10/04/2023 07:25:00","EDT","CENTRL",61754,1783.4219
"10/04/2023 07:25:00","EDT","DUNWOD",61760,620.0846
"10/04/2023 07:25:00","EDT","GENESE",61753,1085.618
"10/04/2023 07:25:00","EDT","HUD VL",61758,943.5855
"10/04/2023 07:25:00","EDT","LONGIL",61762,1989.9192
"10/04/2023 07:25:00","EDT","MHK VL",61756,847.4739
"10/04/2023 07:25:00","EDT","MILLWD",61759,292.3359
"10/04/2023 07:25:00","EDT","N.Y.C.",61761,5554.575
"10/04/2023 07:25:00","EDT","NORTH",61755,547.9589
"10/04/2023 07:25:00","EDT","WEST",61752,1665.602
"10/04/2023 07:30:00","EDT","CAPITL",61757,1295.937
"10/04/2023 07:30:00","EDT","CENTRL",61754,1766.5985
"10/04/2023 07:30:00","EDT","DUNWOD",61760,607.3707
"10/04/2023 07:30:00","EDT","GENESE",61753,1093.9401
"10/04/2023 07:30:00","EDT","HUD VL",61758,956.6066
"10/04/2023 07:30:00","EDT","LONGIL",61762,1991.1033
"10/04/2023 07:30:00","EDT","MHK VL",61756,844.7315
"10/04/2023 07:30:00","EDT","MILLWD",61759,284.2072
"10/04/2023 07:30:00","EDT","N.Y.C.",61761,5652.634
"10/04/2023 07:30:00","EDT","NORTH",61755,541.0587
"10/04/2023 07:30:00","EDT","WEST",61752,1676.7535
"10/04/2023 07:35:00","EDT","CAPITL",61757,1307.0369
"10/04/2023 07:35:00","EDT","CENTRL",61754,1751.2649
"10/04/2023 07:35:00","EDT","DUNWOD",61760,595.2678
"10/04/2023 07:35:00","EDT","GENESE",61753,1104.6412
"10/04/2023 07:35:00","EDT","HUD VL",61758,961.4524
"10/04/2023 07:35:00","EDT","LONGIL",61762,1994.5015
"10/04/2023 07:35:00","EDT","MHK VL",61756,837.8591
"10/04/2023 07:35:00","EDT","MILLWD",61759,275.6526
"10/04/2023 07:35:00","EDT","N.Y.C.",61761,5644.2764
"10/04/2023 07:35:00","EDT","NORTH",61755,544.22
"10/04/2023 07:35:00","EDT","WEST",61752,1666.9683
"10/04/2023 07:40:00","EDT","CAPITL",61757,1308.6221
"10/04/2023 07:40:00","EDT","CENTRL",61754,1768.0079
"10/04/2023 07:40:00","EDT","DUNWOD",61760,605.1497
"10/04/2023 07:40:00","EDT","GENESE",61753,1094.852
"10/04/2023 07:40:00","EDT","HUD VL",61758,956.7529
"10/04/2023 07:40:00","EDT","LONGIL",61762,2008.6459
"10/04/2023 07:40:00","EDT","MHK VL",61756,831.0293
"10/04/2023 07:40:00","EDT","MILLWD",61759,267.0339
"10/04/2023 07:40:00","EDT","N.Y.C.",61761,5654.965
"10/04/2023 07:40:00","EDT","NORTH",61755,540.1538
"10/04/2023 07:40:00","EDT","WEST",61752,1673.8984
"10/04/2023 07:45:00","EDT","CAPITL",61757,1289.737
"10/04/2023 07:45:00","EDT","CENTRL",61754,1759.441
"10/04/2023 07:45:00","EDT","DUNWOD",61760,589.1228
"10/04/2023 07:45:00","EDT","GENESE",61753,1102.9303
"10/04/2023 07:45:00","EDT","HUD VL",61758,942.5636
"10/04/2023 07:45:00","EDT","LONGIL",61762,2015.5254
"10/04/2023 07:45:00","EDT","MHK VL",61756,842.0604
"10/04/2023 07:45:00","EDT","MILLWD",61759,303.151
"10/04/2023 07:45:00","EDT","N.Y.C.",61761,5701.907
"10/04/2023 07:45:00","EDT","NORTH",61755,540.4209
"10/04/2023 07:45:00","EDT","WEST",61752,1682.828
"10/04/2023 07:50:00","EDT","CAPITL",61757,1295.6965
"10/04/2023 07:50:00","EDT","CENTRL",61754,1723.39
"10/04/2023 07:50:00","EDT","DUNWOD",61760,602.3992
"10/04/2023 07:50:00","EDT","GENESE",61753,1097.3931
"10/04/2023 07:50:00","EDT","HUD VL",61758,958.2827
"10/04/2023 07:50:00","EDT","LONGIL",61762,2001.5857
"10/04/2023 07:50:00","EDT","MHK VL",61756,833.158
"10/04/2023 07:50:00","EDT","MILLWD",61759,278.2856
"10/04/2023 07:50:00","EDT","N.Y.C.",61761,5727.5933
"10/04/2023 07:50:00","EDT","NORTH",61755,539.7229
"10/04/2023 07:50:00","EDT","WEST",61752,1679.8812
"10/04/2023 07:55:00","EDT","CAPITL",61757,1288.3972
"10/04/2023 07:55:00","EDT","CENTRL",61754,1735.2124
"10/04/2023 07:55:00","EDT","DUNWOD",61760,613.15
"10/04/2023 07:55:00","EDT","GENESE",61753,1093.2811
"10/04/2023 07:55:00","EDT","HUD VL",61758,963.7586
"10/04/2023 07:55:00","EDT","LONGIL",61762,2011.092
"10/04/2023 07:55:00","EDT","MHK VL",61756,820.7302
"10/04/2023 07:55:00","EDT","MILLWD",61759,283.0938
"10/04/2023 07:55:00","EDT","N.Y.C.",61761,5746.211
"10/04/2023 07:55:00","EDT","NORTH",61755,538.0675
"10/04/2023 07:55:00","EDT","WEST",61752,1702.044
"10/04/2023 08:00:00","EDT","CAPITL",61757,1296.7727
"10/04/2023 08:00:00","EDT","CENTRL",61754,1725.7555
"10/04/2023 08:00:00","EDT","DUNWOD",61760,597.6731
"10/04/2023 08:00:00","EDT","GENESE",61753,1087.6132
"10/04/2023 08:00:00","EDT","HUD VL",61758,950.5713
"10/04/2023 08:00:00","EDT","LONGIL",61762,1997.2407
"10/04/2023 08:00:00","EDT","MHK VL",61756,831.8377
"10/04/2023 08:00:00","EDT","MILLWD",61759,290.3253
"10/04/2023 08:00:00","EDT","N.Y.C.",61761,5767.9463
"10/04/2023 08:00:00","EDT","NORTH",61755,540.1412
"10/04/2023 08:00:00","EDT","WEST",61752,1706.7961
"10/04/2023 08:05:00","EDT","CAPITL",61757,1286.9893
"10/04/2023 08:05:00","EDT","CENTRL",61754,1745.7609
"10/04/2023 08:05:00","EDT","DUNWOD",61760,612.0516
"10/04/2023 08:05:00","EDT","GENESE",61753,1089.5576
"10/04/2023 08:05:00","EDT","HUD VL",61758,938.7042
"10/04/2023 08:05:00","EDT","LONGIL",61762,2018.3179
"10/04/2023 08:05:00","EDT","MHK VL",61756,821.3848
"10/04/2023 08:05:00","EDT","MILLWD",61759,303.1373
"10/04/2023 08:05:00","EDT","N.Y.C.",61761,5821.6523
"10/04/2023 08:05:00","EDT","NORTH",61755,536.5106
"10/04/2023 08:05:00","EDT","WEST",61752,1684.4023
"10/04/2023 08:10:00","EDT","CAPITL",61757,1295.7697
"10/04/2023 08:10:00","EDT","CENTRL",61754,1698.9443
"10/04/2023 08:10:00","EDT","DUNWOD",61760,628.708
"10/04/2023 08:10:00","EDT","GENESE",61753,1087.5315
"10/04/2023 08:10:00","EDT","HUD VL",61758,958.7032
"10/04/2023 08:10:00","EDT","LONGIL",61762,2024.1041
"10/04/2023 08:10:00","EDT","MHK VL",61756,808.0527
"10/04/2023 08:10:00","EDT","MILLWD",61759,290.7743
"10/04/2023 08:10:00","EDT","N.Y.C.",61761,5844.592
"10/04/2023 08:10:00","EDT","NORTH",61755,535.0016
"10/04/2023 08:10:00","EDT","WEST",61752,1713.4009
"10/04/2023 08:15:00","EDT","CAPITL",61757,1295.4097
"10/04/2023 08:15:00","EDT","CENTRL",61754,1700.9697
"10/04/2023 08:15:00","EDT","DUNWOD",61760,604.5098
"10/04/2023 08:15:00","EDT","GENESE",61753,1075.7985
"10/04/2023 08:15:00","EDT","HUD VL",61758,957.6774
"10/04/2023 08:15:00","EDT","LONGIL",61762,2047.7578
"10/04/2023 08:15:00","EDT","MHK VL",61756,798.5093
"10/04/2023 08:15:00","EDT","MILLWD",61759,296.6218
"10/04/2023 08:15:00","EDT","N.Y.C.",61761,5902.6064
"10/04/2023 08:15:00","EDT","NORTH",61755,536.197
"10/04/2023 08:15:00","EDT","WEST",61752,1716.8997
"10/04/2023 08:20:00","EDT","CAPITL",61757,1275.6686
"10/04/2023 08:20:00","EDT","CENTRL",61754,1682.0325
"10/04/2023 08:20:00","EDT","DUNWOD",61760,615.0449
"10/04/2023 08:20:00","EDT","GENESE",61753,1095.0981
"10/04/2023 08:20:00","EDT","HUD VL",61758,957.3112
"10/04/2023 08:20:00","EDT","LONGIL",61762,2042.8519
"10/04/2023 08:20:00","EDT","MHK VL",61756,796.183
"10/04/2023 08:20:00","EDT","MILLWD",61759,301.4641
"10/04/2023 08:20:00","EDT","N.Y.C.",61761,5937.006
"10/04/2023 08:20:00","EDT","NORTH",61755,536.3766
"10/04/2023 08:20:00","EDT","WEST",61752,1713.9673
"10/04/2023 08:25:00","EDT","CAPITL",61757,1271.4501
"10/04/2023 08:25:00","EDT","CENTRL",61754,1696.0947
"10/04/2023 08:25:00","EDT","DUNWOD",61760,616.3369
"10/04/2023 08:25:00","EDT","GENESE",61753,1076.7134
"10/04/2023 08:25:00","EDT","HUD VL",61758,952.1927
"10/04/2023 08:25:00","EDT","LONGIL",61762,2046.1133
"10/04/2023 08:25:00","EDT","MHK VL",61756,783.0672
"10/04/2023 08:25:00","EDT","MILLWD",61759,298.5886
"10/04/2023 08:25:00","EDT","N.Y.C.",61761,5968.7773
"10/04/2023 08:25:00","EDT","NORTH",61755,533.6515
"10/04/2023 08:25:00","EDT","WEST",61752,1705.4404
"10/04/2023 08:30:00","EDT","CAPITL",61757,1278.8687
"10/04/2023 08:30:00","EDT","CENTRL",61754,1681.3928
"10/04/2023 08:30:00","EDT","DUNWOD",61760,610.5626
"10/04/2023 08:30:00","EDT","GENESE",61753,1075.879
"10/04/2023 08:30:00","EDT","HUD VL",61758,955.0381
"10/04/2023 08:30:00","EDT","LONGIL",61762,2050.5742
"10/04/2023 08:30:00","EDT","MHK VL",61756,767.9881
"10/04/2023 08:30:00","EDT","MILLWD",61759,301.4784
"10/04/2023 08:30:00","EDT","N.Y.C.",61761,6004.9375
"10/04/2023 08:30:00","EDT","NORTH",61755,532.5361
"10/04/2023 08:30:00","EDT","WEST",61752,1715.8644
"10/04/2023 08:35:00","EDT","CAPITL",61757,1279.0966
"10/04/2023 08:35:00","EDT","CENTRL",61754,1665.8464
"10/04/2023 08:35:00","EDT","DUNWOD",61760,623.7546
"10/04/2023 08:35:00","EDT","GENESE",61753,1067.469
"10/04/2023 08:35:00","EDT","HUD VL",61758,943.0026
"10/04/2023 08:35:00","EDT","LONGIL",61762,2040.5762
"10/04/2023 08:35:00","EDT","MHK VL",61756,769.104
"10/04/2023 08:35:00","EDT","MILLWD",61759,296.4844
"10/04/2023 08:35:00","EDT","N.Y.C.",61761,6029.9155
"10/04/2023 08:35:00","EDT","NORTH",61755,531.668
"10/04/2023 08:35:00","EDT","WEST",61752,1700.9614
"10/04/2023 08:40:00","EDT","CAPITL",61757,1278.2776
"10/04/2023 08:40:00","EDT","CENTRL",61754,1647.0024
"10/04/2023 08:40:00","EDT","DUNWOD",61760,617.8937
"10/04/2023 08:40:00","EDT","GENESE",61753,1079.8503
"10/04/2023 08:40:00","EDT","HUD VL",61758,944.2767
"10/04/2023 08:40:00","EDT","LONGIL",61762,2044.4448
"10/04/2023 08:40:00","EDT","MHK VL",61756,760.0131
"10/04/2023 08:40:00","EDT","MILLWD",61759,298.3762
"10/04/2023 08:40:00","EDT","N.Y.C.",61761,6049.9033
"10/04/2023 08:40:00","EDT","NORTH",61755,524.9481
"10/04/2023 08:40:00","EDT","WEST",61752,1702.1257
"10/04/2023 08:45:00","EDT","CAPITL",61757,1270.1462
"10/04/2023 08:45:00","EDT","CENTRL",61754,1650.1863
"10/04/2023 08:45:00","EDT","DUNWOD",61760,636.8037
"10/04/2023 08:45:00","EDT","GENESE",61753,1052.7755
"10/04/2023 08:45:00","EDT","HUD VL",61758,947.3369
"10/04/2023 08:45:00","EDT","LONGIL",61762,2057.1997
"10/04/2023 08:45:00","EDT","MHK VL",61756,757.5789
"10/04/2023 08:45:00","EDT","MILLWD",61759,286.8852
"10/04/2023 08:45:00","EDT","N.Y.C.",61761,6072.032
"10/04/2023 08:45:00","EDT","NORTH",61755,529.1779
"10/04/2023 08:45:00","EDT","WEST",61752,1725.3452
"10/04/2023 08:50:00","EDT","CAPITL",61757,1272.8027
"10/04/2023 08:50:00","EDT","CENTRL",61754,1643.5635
"10/04/2023 08:50:00","EDT","DUNWOD",61760,631.2919
"10/04/2023 08:50:00","EDT","GENESE",61753,1053.7301
"10/04/2023 08:50:00","EDT","HUD VL",61758,931.7769
"10/04/2023 08:50:00","EDT","LONGIL",61762,2060.4697
"10/04/2023 08:50:00","EDT","MHK VL",61756,737.9471
"10/04/2023 08:50:00","EDT","MILLWD",61759,296.8083
"10/04/2023 08:50:00","EDT","N.Y.C.",61761,6108.1646
"10/04/2023 08:50:00","EDT","NORTH",61755,529.4581
"10/04/2023 08:50:00","EDT","WEST",61752,1710.1171
"10/04/2023 08:55:00","EDT","CAPITL",61757,1254.8743
"10/04/2023 08:55:00","EDT","CENTRL",61754,1625.2566
"10/04/2023 08:55:00","EDT","DUNWOD",61760,621.4204
"10/04/2023 08:55:00","EDT","GENESE",61753,1046.379
"10/04/2023 08:55:00","EDT","HUD VL",61758,934.3651
"10/04/2023 08:55:00","EDT","LONGIL",61762,2053.488
"10/04/2023 08:55:00","EDT","MHK VL",61756,746.0212
"10/04/2023 08:55:00","EDT","MILLWD",61759,296.9693
"10/04/2023 08:55:00","EDT","N.Y.C.",61761,6147.2734
"10/04/2023 08:55:00","EDT","NORTH",61755,524.6616
"10/04/2023 08:55:00","EDT","WEST",61752,1711.061
"10/04/2023 09:00:00","EDT","CAPITL",61757,1254.2291
"10/04/2023 09:00:00","EDT","CENTRL",61754,1623.0154
"10/04/2023 09:00:00","EDT","DUNWOD",61760,631.8934
"10/04/2023 09:00:00","EDT","GENESE",61753,1040.3606
"10/04/2023 09:00:00","EDT","HUD VL",61758,927.3136
"10/04/2023 09:00:00","EDT","LONGIL",61762,2050.2021
"10/04/2023 09:00:00","EDT","MHK VL",61756,751.2694
"10/04/2023 09:00:00","EDT","MILLWD",61759,293.0273
"10/04/2023 09:00:00","EDT","N.Y.C.",61761,6137.8184
"10/04/2023 09:00:00","EDT","NORTH",61755,529.0494
"10/04/2023 09:00:00","EDT","WEST",61752,1701.82
"10/04/2023 09:05:00","EDT","CAPITL",61757,1241.2224
"10/04/2023 09:05:00","EDT","CENTRL",61754,1619.4312
"10/04/2023 09:05:00","EDT","DUNWOD",61760,628.3551
"10/04/2023 09:05:00","EDT","GENESE",61753,1030.0344
"10/04/2023 09:05:00","EDT","HUD VL",61758,921.3679
"10/04/2023 09:05:00","EDT","LONGIL",61762,2056.933
"10/04/2023 09:05:00","EDT","MHK VL",61756,737.2396
"10/04/2023 09:05:00","EDT","MILLWD",61759,298.8383
"10/04/2023 09:05:00","EDT","N.Y.C.",61761,6203.831
"10/04/2023 09:05:00","EDT","NORTH",61755,524.3944
"10/04/2023 09:05:00","EDT","WEST",61752,1720.5708
"10/04/2023 09:10:00","EDT","CAPITL",61757,1243.0825
"10/04/2023 09:10:00","EDT","CENTRL",61754,1608.3269
"10/04/2023 09:10:00","EDT","DUNWOD",61760,628.8516
"10/04/2023 09:10:00","EDT","GENESE",61753,1032.6714
"10/04/2023 09:10:00","EDT","HUD VL",61758,919.1069
"10/04/2023 09:10:00","EDT","LONGIL",61762,2059.0752
"10/04/2023 09:10:00","EDT","MHK VL",61756,731.6187
"10/04/2023 09:10:00","EDT","MILLWD",61759,304.3545
"10/04/2023 09:10:00","EDT","N.Y.C.",61761,6222.395
"10/04/2023 09:10:00","EDT","NORTH",61755,529.1527
"10/04/2023 09:10:00","EDT","WEST",61752,1701.9935
"10/04/2023 09:15:00","EDT","CAPITL",61757,1246.2328
"10/04/2023 09:15:00","EDT","CENTRL",61754,1600.2708
"10/04/2023 09:15:00","EDT","DUNWOD",61760,647.0043
"10/04/2023 09:15:00","EDT","GENESE",61753,1026.132
"10/04/2023 09:15:00","EDT","HUD VL",61758,920.4635
"10/04/2023 09:15:00","EDT","LONGIL",61762,2066.5044
"10/04/2023 09:15:00","EDT","MHK VL",61756,717.8607
"10/04/2023 09:15:00","EDT","MILLWD",61759,297.7499
"10/04/2023 09:15:00","EDT","N.Y.C.",61761,6243.29
"10/04/2023 09:15:00","EDT","NORTH",61755,531.6451
"10/04/2023 09:15:00","EDT","WEST",61752,1728.5486
"10/04/2023 09:20:00","EDT","CAPITL",61757,1228.2515
"10/04/2023 09:20:00","EDT","CENTRL",61754,1610.0908
"10/04/2023 09:20:00","EDT","DUNWOD",61760,648.6391
"10/04/2023 09:20:00","EDT","GENESE",61753,1020.8745
"10/04/2023 09:20:00","EDT","HUD VL",61758,924.8522
"10/04/2023 09:20:00","EDT","LONGIL",61762,2064.5796
"10/04/2023 09:20:00","EDT","MHK VL",61756,707.9496
"10/04/2023 09:20:00","EDT","MILLWD",61759,289.8727
"10/04/2023 09:20:00","EDT","N.Y.C.",61761,6248.199
"10/04/2023 09:20:00","EDT","NORTH",61755,529.8185
"10/04/2023 09:20:00","EDT","WEST",61752,1724.4272
"10/04/2023 09:25:00","EDT","CAPITL",61757,1228.1711
"10/04/2023 09:25:00","EDT","CENTRL",61754,1592.0142
"10/04/2023 09:25:00","EDT","DUNWOD",61760,650.3879
"10/04/2023 09:25:00","EDT","GENESE",61753,1009.3181
"10/04/2023 09:25:00","EDT","HUD VL",61758,903.4526
"10/04/2023 09:25:00","EDT","LONGIL",61762,2077.4019
"10/04/2023 09:25:00","EDT","MHK VL",61756,723.9168
"10/04/2023 09:25:00","EDT","MILLWD",61759,324.2362
"10/04/2023 09:25:00","EDT","N.Y.C.",61761,6301.161
"10/04/2023 09:25:00","EDT","NORTH",61755,528.1072
"10/04/2023 09:25:00","EDT","WEST",61752,1737.2815
"10/04/2023 09:30:00","EDT","CAPITL",61757,1219.9136
"10/04/2023 09:30:00","EDT","CENTRL",61754,1578.8872
"10/04/2023 09:30:00","EDT","DUNWOD",61760,654.2212
"10/04/2023 09:30:00","EDT","GENESE",61753,1018.106
"10/04/2023 09:30:00","EDT","HUD VL",61758,899.9817
"10/04/2023 09:30:00","EDT","LONGIL",61762,2077.438
"10/04/2023 09:30:00","EDT","MHK VL",61756,721.4711
"10/04/2023 09:30:00","EDT","MILLWD",61759,310.0114
"10/04/2023 09:30:00","EDT","N.Y.C.",61761,6301.7803
"10/04/2023 09:30:00","EDT","NORTH",61755,526.1703
"10/04/2023 09:30:00","EDT","WEST",61752,1731.969
"10/04/2023 09:35:00","EDT","CAPITL",61757,1221.0848
"10/04/2023 09:35:00","EDT","CENTRL",61754,1573.9558
"10/04/2023 09:35:00","EDT","DUNWOD",61760,641.7051
"10/04/2023 09:35:00","EDT","GENESE",61753,1014.8925
"10/04/2023 09:35:00","EDT","HUD VL",61758,898.3873
"10/04/2023 09:35:00","EDT","LONGIL",61762,2078.9558
"10/04/2023 09:35:00","EDT","MHK VL",61756,723.5936
"10/04/2023 09:35:00","EDT","MILLWD",61759,309.2438
"10/04/2023 09:35:00","EDT","N.Y.C.",61761,6322.371
"10/04/2023 09:35:00","EDT","NORTH",61755,525.3223
"10/04/2023 09:35:00","EDT","WEST",61752,1750.4089
"10/04/2023 09:40:00","EDT","CAPITL",61757,1209.151
"10/04/2023 09:40:00","EDT","CENTRL",61754,1623.8545
"10/04/2023 09:40:00","EDT","DUNWOD",61760,658.5751
"10/04/2023 09:40:00","EDT","GENESE",61753,1020.1232
"10/04/2023 09:40:00","EDT","HUD VL",61758,902.408
"10/04/2023 09:40:00","EDT","LONGIL",61762,2069.2583
"10/04/2023 09:40:00","EDT","MHK VL",61756,708.3721
"10/04/2023 09:40:00","EDT","MILLWD",61759,303.2665
"10/04/2023 09:40:00","EDT","N.Y.C.",61761,6362.3
"10/04/2023 09:40:00","EDT","NORTH",61755,523.9067
"10/04/2023 09:40:00","EDT","WEST",61752,1734.288
"10/04/2023 09:45:00","EDT","CAPITL",61757,1202.4661
"10/04/2023 09:45:00","EDT","CENTRL",61754,1601.5557
"10/04/2023 09:45:00","EDT","DUNWOD",61760,653.5468
"10/04/2023 09:45:00","EDT","GENESE",61753,1009.9204
"10/04/2023 09:45:00","EDT","HUD VL",61758,888.9265
"10/04/2023 09:45:00","EDT","LONGIL",61762,2081.5312
"10/04/2023 09:45:00","EDT","MHK VL",61756,712.8023
"10/04/2023 09:45:00","EDT","MILLWD",61759,295.9692
"10/04/2023 09:45:00","EDT","N.Y.C.",61761,6332.693
"10/04/2023 09:45:00","EDT","NORTH",61755,527.1967
"10/04/2023 09:45:00","EDT","WEST",61752,1746.1122
"10/04/2023 09:50:00","EDT","CAPITL",61757,1206.53
"10/04/2023 09:50:00","EDT","CENTRL",61754,1595.3635
"10/04/2023 09:50:00","EDT","DUNWOD",61760,644.739
"10/04/2023 09:50:00","EDT","GENESE",61753,1018.2981
"10/04/2023 09:50:00","EDT","HUD VL",61758,892.333
"10/04/2023 09:50:00","EDT","LONGIL",61762,2078.8418
"10/04/2023 09:50:00","EDT","MHK VL",61756,701.3696
"10/04/2023 09:50:00","EDT","MILLWD",61759,317.3892
"10/04/2023 09:50:00","EDT","N.Y.C.",61761,6384.3384
"10/04/2023 09:50:00","EDT","NORTH",61755,523.1464
"10/04/2023 09:50:00","EDT","WEST",61752,1741.5867
"10/04/2023 09:55:00","EDT","CAPITL",61757,1179.6342
"10/04/2023 09:55:00","EDT","CENTRL",61754,1600.5435
"10/04/2023 09:55:00","EDT","DUNWOD",61760,642.8753
"10/04/2023 09:55:00","EDT","GENESE",61753,1013.0855
"10/04/2023 09:55:00","EDT","HUD VL",61758,884.6029
"10/04/2023 09:55:00","EDT","LONGIL",61762,2103.7175
"10/04/2023 09:55:00","EDT","MHK VL",61756,710.5461
"10/04/2023 09:55:00","EDT","MILLWD",61759,312.2669
"10/04/2023 09:55:00","EDT","N.Y.C.",61761,6381.061
"10/04/2023 09:55:00","EDT","NORTH",61755,520.6017
"10/04/2023 09:55:00","EDT","WEST",61752,1769.502
"10/04/2023 10:00:00","EDT","CAPITL",61757,1199.4153
"10/04/2023 10:00:00","EDT","CENTRL",61754,1596.1753
"10/04/2023 10:00:00","EDT","DUNWOD",61760,649.5416
"10/04/2023 10:00:00","EDT","GENESE",61753,1023.72
"10/04/2023 10:00:00","EDT","HUD VL",61758,894.5651
"10/04/2023 10:00:00","EDT","LONGIL",61762,2099.1968
"10/04/2023 10:00:00","EDT","MHK VL",61756,690.1477
"10/04/2023 10:00:00","EDT","MILLWD",61759,311.2841
"10/04/2023 10:00:00","EDT","N.Y.C.",61761,6408.4814
"10/04/2023 10:00:00","EDT","NORTH",61755,520.0321
"10/04/2023 10:00:00","EDT","WEST",61752,1765.0066
"10/04/2023 10:05:00","EDT","CAPITL",61757,1183.6052
"10/04/2023 10:05:00","EDT","CENTRL",61754,1559.6853
"10/04/2023 10:05:00","EDT","DUNWOD",61760,678.2314
"10/04/2023 10:05:00","EDT","GENESE",61753,1029.1641
"10/04/2023 10:05:00","EDT","HUD VL",61758,872.7279
"10/04/2023 10:05:00","EDT","LONGIL",61762,2102.94
"10/04/2023 10:05:00","EDT","MHK VL",61756,686.3164
"10/04/2023 10:05:00","EDT","MILLWD",61759,317.0897
"10/04/2023 10:05:00","EDT","N.Y.C.",61761,6441.757
"10/04/2023 10:05:00","EDT","NORTH",61755,521.8336
"10/04/2023 10:05:00","EDT","WEST",61752,1756.8739
"10/04/2023 10:10:00","EDT","CAPITL",61757,1170.4531
"10/04/2023 10:10:00","EDT","CENTRL",61754,1571.4038
"10/04/2023 10:10:00","EDT","DUNWOD",61760,694.4136
"10/04/2023 10:10:00","EDT","GENESE",61753,1031.3585
"10/04/2023 10:10:00","EDT","HUD VL",61758,875.5143
"10/04/2023 10:10:00","EDT","LONGIL",61762,2110.3965
"10/04/2023 10:10:00","EDT","MHK VL",61756,698.3382
"10/04/2023 10:10:00","EDT","MILLWD",61759,303.8917
"10/04/2023 10:10:00","EDT","N.Y.C.",61761,6415.2734
"10/04/2023 10:10:00","EDT","NORTH",61755,522.8355
"10/04/2023 10:10:00","EDT","WEST",61752,1764.41
"10/04/2023 10:15:00","EDT","CAPITL",61757,1187.2438
"10/04/2023 10:15:00","EDT","CENTRL",61754,1590.8003
"10/04/2023 10:15:00","EDT","DUNWOD",61760,661.5299
"10/04/2023 10:15:00","EDT","GENESE",61753,1035.2703
"10/04/2023 10:15:00","EDT","HUD VL",61758,860.6492
"10/04/2023 10:15:00","EDT","LONGIL",61762,2111.9553
"10/04/2023 10:15:00","EDT","MHK VL",61756,678.5866
"10/04/2023 10:15:00","EDT","MILLWD",61759,306.9212
"10/04/2023 10:15:00","EDT","N.Y.C.",61761,6462.038
"10/04/2023 10:15:00","EDT","NORTH",61755,526.9526
"10/04/2023 10:15:00","EDT","WEST",61752,1752.2966
"10/04/2023 10:20:00","EDT","CAPITL",61757,1177.806
"10/04/2023 10:20:00","EDT","CENTRL",61754,1592.7607
"10/04/2023 10:20:00","EDT","DUNWOD",61760,678.1093
"10/04/2023 10:20:00","EDT","GENESE",61753,1040.8716
"10/04/2023 10:20:00","EDT","HUD VL",61758,872.6536
"10/04/2023 10:20:00","EDT","LONGIL",61762,2117.7798
"10/04/2023 10:20:00","EDT","MHK VL",61756,671.4023
"10/04/2023 10:20:00","EDT","MILLWD",61759,295.6335
"10/04/2023 10:20:00","EDT","N.Y.C.",61761,6473.5967
"10/04/2023 10:20:00","EDT","NORTH",61755,526.0925
"10/04/2023 10:20:00","EDT","WEST",61752,1763.1506
"10/04/2023 10:25:00","EDT","CAPITL",61757,1159.5627
"10/04/2023 10:25:00","EDT","CENTRL",61754,1565.779
"10/04/2023 10:25:00","EDT","DUNWOD",61760,669.2103
"10/04/2023 10:25:00","EDT","GENESE",61753,1047.6029
"10/04/2023 10:25:00","EDT","HUD VL",61758,854.1746
"10/04/2023 10:25:00","EDT","LONGIL",61762,2113.0396
"10/04/2023 10:25:00","EDT","MHK VL",61756,691.1661
"10/04/2023 10:25:00","EDT","MILLWD",61759,306.3272
"10/04/2023 10:25:00","EDT","N.Y.C.",61761,6517.1807
"10/04/2023 10:25:00","EDT","NORTH",61755,532.1762
"10/04/2023 10:25:00","EDT","WEST",61752,1765.3234
"10/04/2023 10:30:00","EDT","CAPITL",61757,1164.0646
"10/04/2023 10:30:00","EDT","CENTRL",61754,1564.8164
"10/04/2023 10:30:00","EDT","DUNWOD",61760,661.6536
"10/04/2023 10:30:00","EDT","GENESE",61753,1046.9253
"10/04/2023 10:30:00","EDT","HUD VL",61758,860.0999
"10/04/2023 10:30:00","EDT","LONGIL",61762,2115.7817
"10/04/2023 10:30:00","EDT","MHK VL",61756,693.6018
"10/04/2023 10:30:00","EDT","MILLWD",61759,318.4819
"10/04/2023 10:30:00","EDT","N.Y.C.",61761,6519.1074
"10/04/2023 10:30:00","EDT","NORTH",61755,531.7344
"10/04/2023 10:30:00","EDT","WEST",61752,1770.5046
"10/04/2023 10:35:00","EDT","CAPITL",61757,1157.9663
"10/04/2023 10:35:00","EDT","CENTRL",61754,1592.3354
"10/04/2023 10:35:00","EDT","DUNWOD",61760,666.2572
"10/04/2023 10:35:00","EDT","GENESE",61753,1047.7434
"10/04/2023 10:35:00","EDT","HUD VL",61758,860.2499
"10/04/2023 10:35:00","EDT","LONGIL",61762,2142.3137
"10/04/2023 10:35:00","EDT","MHK VL",61756,695.6545
"10/04/2023 10:35:00","EDT","MILLWD",61759,326.2466
"10/04/2023 10:35:00","EDT","N.Y.C.",61761,6537.9136
"10/04/2023 10:35:00","EDT","NORTH",61755,528.4746
"10/04/2023 10:35:00","EDT","WEST",61752,1789.1962
"10/04/2023 10:40:00","EDT","CAPITL",61757,1173.6936
"10/04/2023 10:40:00","EDT","CENTRL",61754,1577.9058
"10/04/2023 10:40:00","EDT","DUNWOD",61760,677.2005
"10/04/2023 10:40:00","EDT","GENESE",61753,1057.1895
"10/04/2023 10:40:00","EDT","HUD VL",61758,833.2625
"10/04/2023 10:40:00","EDT","LONGIL",61762,2142.3022
"10/04/2023 10:40:00","EDT","MHK VL",61756,692.7446
"10/04/2023 10:40:00","EDT","MILLWD",61759,305.0801
"10/04/2023 10:40:00","EDT","N.Y.C.",61761,6533.323
"10/04/2023 10:40:00","EDT","NORTH",61755,528.1317
"10/04/2023 10:40:00","EDT","WEST",61752,1780.0347
"10/04/2023 10:45:00","EDT","CAPITL",61757,1145.5277
"10/04/2023 10:45:00","EDT","CENTRL",61754,1596.771
"10/04/2023 10:45:00","EDT","DUNWOD",61760,681.0703
"10/04/2023 10:45:00","EDT","GENESE",61753,1054.8453
"10/04/2023 10:45:00","EDT","HUD VL",61758,845.2387
"10/04/2023 10:45:00","EDT","LONGIL",61762,2148.1833
"10/04/2023 10:45:00","EDT","MHK VL",61756,711.5321
"10/04/2023 10:45:00","EDT","MILLWD",61759,315.0165
"10/04/2023 10:45:00","EDT","N.Y.C.",61761,6561.958
"10/04/2023 10:45:00","EDT","NORTH",61755,524.2092
"10/04/2023 10:45:00","EDT","WEST",61752,1804.6351
"10/04/2023 10:50:00","EDT","CAPITL",61757,1148.703
"10/04/2023 10:50:00","EDT","CENTRL",61754,1533.9861
"10/04/2023 10:50:00","EDT","DUNWOD",61760,679.5039
"10/04/2023 10:50:00","EDT","GENESE",61753,1059.6757
"10/04/2023 10:50:00","EDT","HUD VL",61758,846.0547
"10/04/2023 10:50:00","EDT","LONGIL",61762,2153.609
"10/04/2023 10:50:00","EDT","MHK VL",61756,706.5153
"10/04/2023 10:50:00","EDT","MILLWD",61759,316.2186
"10/04/2023 10:50:00","EDT","N.Y.C.",61761,6596.14
"10/04/2023 10:50:00","EDT","NORTH",61755,525.0646
"10/04/2023 10:50:00","EDT","WEST",61752,1808.363
"10/04/2023 10:55:00","EDT","CAPITL",61757,1155.364
"10/04/2023 10:55:00","EDT","CENTRL",61754,1540.6523
"10/04/2023 10:55:00","EDT","DUNWOD",61760,689.1708
"10/04/2023 10:55:00","EDT","GENESE",61753,1058.9409
"10/04/2023 10:55:00","EDT","HUD VL",61758,855.8914
"10/04/2023 10:55:00","EDT","LONGIL",61762,2160.4011
"10/04/2023 10:55:00","EDT","MHK VL",61756,705.7367
"10/04/2023 10:55:00","EDT","MILLWD",61759,297.2514
"10/04/2023 10:55:00","EDT","N.Y.C.",61761,6599.3867
"10/04/2023 10:55:00","EDT","NORTH",61755,526.4559
"10/04/2023 10:55:00","EDT","WEST",61752,1824.629
"10/04/2023 11:00:00","EDT","CAPITL",61757,1157.2903
"10/04/2023 11:00:00","EDT","CENTRL",61754,1569.7563
"10/04/2023 11:00:00","EDT","DUNWOD",61760,680.8576
"10/04/2023 11:00:00","EDT","GENESE",61753,1072.9811
"10/04/2023 11:00:00","EDT","HUD VL",61758,851.8751
"10/04/2023 11:00:00","EDT","LONGIL",61762,2175.1575
"10/04/2023 11:00:00","EDT","MHK VL",61756,696.5672
"10/04/2023 11:00:00","EDT","MILLWD",61759,317.2613
"10/04/2023 11:00:00","EDT","N.Y.C.",61761,6675.718
"10/04/2023 11:00:00","EDT","NORTH",61755,532.1007
"10/04/2023 11:00:00","EDT","WEST",61752,1817.7367
"10/04/2023 11:05:00","EDT","CAPITL",61757,1148.0984
"10/04/2023 11:05:00","EDT","CENTRL",61754,1577.0657
"10/04/2023 11:05:00","EDT","DUNWOD",61760,694.4125
"10/04/2023 11:05:00","EDT","GENESE",61753,1066.376
"10/04/2023 11:05:00","EDT","HUD VL",61758,848.635
"10/04/2023 11:05:00","EDT","LONGIL",61762,2175.3005
"10/04/2023 11:05:00","EDT","MHK VL",61756,705.342
"10/04/2023 11:05:00","EDT","MILLWD",61759,320.258
"10/04/2023 11:05:00","EDT","N.Y.C.",61761,6671.913
"10/04/2023 11:05:00","EDT","NORTH",61755,526.0991
"10/04/2023 11:05:00","EDT","WEST",61752,1817.304
"10/04/2023 11:10:00","EDT","CAPITL",61757,1158.9131
"10/04/2023 11:10:00","EDT","CENTRL",61754,1574.8613
"10/04/2023 11:10:00","EDT","DUNWOD",61760,714.9857
"10/04/2023 11:10:00","EDT","GENESE",61753,1077.4685
"10/04/2023 11:10:00","EDT","HUD VL",61758,850.4312
"10/04/2023 11:10:00","EDT","LONGIL",61762,2197.0552
"10/04/2023 11:10:00","EDT","MHK VL",61756,703.3309
"10/04/2023 11:10:00","EDT","MILLWD",61759,302.8288
"10/04/2023 11:10:00","EDT","N.Y.C.",61761,6690.3047
"10/04/2023 11:10:00","EDT","NORTH",61755,527.1785
"10/04/2023 11:10:00","EDT","WEST",61752,1832.0557
"10/04/2023 11:15:00","EDT","CAPITL",61757,1154.5269
"10/04/2023 11:15:00","EDT","CENTRL",61754,1571.8396
"10/04/2023 11:15:00","EDT","DUNWOD",61760,707.3983
"10/04/2023 11:15:00","EDT","GENESE",61753,1085.7297
"10/04/2023 11:15:00","EDT","HUD VL",61758,839.7528
"10/04/2023 11:15:00","EDT","LONGIL",61762,2207
"10/04/2023 11:15:00","EDT","MHK VL",61756,701.8286
"10/04/2023 11:15:00","EDT","MILLWD",61759,327.5348
"10/04/2023 11:15:00","EDT","N.Y.C.",61761,6718.6406
"10/04/2023 11:15:00","EDT","NORTH",61755,527.5927
"10/04/2023 11:15:00","EDT","WEST",61752,1823.4714
"10/04/2023 11:20:00","EDT","CAPITL",61757,1160.0586
"10/04/2023 11:20:00","EDT","CENTRL",61754,1576.7834
"10/04/2023 11:20:00","EDT","DUNWOD",61760,704.8291
"10/04/2023 11:20:00","EDT","GENESE",61753,1076.9044
"10/04/2023 11:20:00","EDT","HUD VL",61758,838.4205
"10/04/2023 11:20:00","EDT","LONGIL",61762,2218.1592
"10/04/2023 11:20:00","EDT","MHK VL",61756,681.7361
"10/04/2023 11:20:00","EDT","MILLWD",61759,306.0734
"10/04/2023 11:20:00","EDT","N.Y.C.",61761,6760.23
"10/04/2023 11:20:00","EDT","NORTH",61755,534.0131
"10/04/2023 11:20:00","EDT","WEST",61752,1849.3501
"10/04/2023 11:25:00","EDT","CAPITL",61757,1148.8086
"10/04/2023 11:25:00","EDT","CENTRL",61754,1589.048
"10/04/2023 11:25:00","EDT","DUNWOD",61760,710.7539
"10/04/2023 11:25:00","EDT","GENESE",61753,1093.471
"10/04/2023 11:25:00","EDT","HUD VL",61758,847.5386
"10/04/2023 11:25:00","EDT","LONGIL",61762,2236.147
"10/04/2023 11:25:00","EDT","MHK VL",61756,701.1268
"10/04/2023 11:25:00","EDT","MILLWD",61759,311.2117
"10/04/2023 11:25:00","EDT","N.Y.C.",61761,6752.677
"10/04/2023 11:25:00","EDT","NORTH",61755,529.2632
"10/04/2023 11:25:00","EDT","WEST",61752,1849.9939
"10/04/2023 11:30:00","EDT","CAPITL",61757,1154.79
"10/04/2023 11:30:00","EDT","CENTRL",61754,1588.8582
"10/04/2023 11:30:00","EDT","DUNWOD",61760,704.6312
"10/04/2023 11:30:00","EDT","GENESE",61753,1101.1604
"10/04/2023 11:30:00","EDT","HUD VL",61758,834.0393
"10/04/2023 11:30:00","EDT","LONGIL",61762,2238.7598
"10/04/2023 11:30:00","EDT","MHK VL",61756,681.4872
"10/04/2023 11:30:00","EDT","MILLWD",61759,324.5487
"10/04/2023 11:30:00","EDT","N.Y.C.",61761,6750.3423
"10/04/2023 11:30:00","EDT","NORTH",61755,530.1665
"10/04/2023 11:30:00","EDT","WEST",61752,1838.4161
"10/04/2023 11:35:00","EDT","CAPITL",61757,1166.438
"10/04/2023 11:35:00","EDT","CENTRL",61754,1598.6458
"10/04/2023 11:35:00","EDT","DUNWOD",61760,703.1068
"10/04/2023 11:35:00","EDT","GENESE",61753,1104.7081
"10/04/2023 11:35:00","EDT","HUD VL",61758,846.3558
"10/04/2023 11:35:00","EDT","LONGIL",61762,2264.066
"10/04/2023 11:35:00","EDT","MHK VL",61756,692.1433
"10/04/2023 11:35:00","EDT","MILLWD",61759,336.9003
"10/04/2023 11:35:00","EDT","N.Y.C.",61761,6800.652
"10/04/2023 11:35:00","EDT","NORTH",61755,529.5501
"10/04/2023 11:35:00","EDT","WEST",61752,1843.5503
"10/04/2023 11:40:00","EDT","CAPITL",61757,1159.8713
"10/04/2023 11:40:00","EDT","CENTRL",61754,1536.4897
"10/04/2023 11:40:00","EDT","DUNWOD",61760,707.6516
"10/04/2023 11:40:00","EDT","GENESE",61753,1108.9524
"10/04/2023 11:40:00","EDT","HUD VL",61758,830.7975
"10/04/2023 11:40:00","EDT","LONGIL",61762,2253.6206
"10/04/2023 11:40:00","EDT","MHK VL",61756,700.0976
"10/04/2023 11:40:00","EDT","MILLWD",61759,337.5519
"10/04/2023 11:40:00","EDT","N.Y.C.",61761,6807.695
"10/04/2023 11:40:00","EDT","NORTH",61755,531.2003
"10/04/2023 11:40:00","EDT","WEST",61752,1842.2379
"10/04/2023 11:45:00","EDT","CAPITL",61757,1168.677
"10/04/2023 11:45:00","EDT","CENTRL",61754,1592.5474
"10/04/2023 11:45:00","EDT","DUNWOD",61760,722.7469
"10/04/2023 11:45:00","EDT","GENESE",61753,1119.9695
"10/04/2023 11:45:00","EDT","HUD VL",61758,844.2205
"10/04/2023 11:45:00","EDT","LONGIL",61762,2274.1887
"10/04/2023 11:45:00","EDT","MHK VL",61756,693.2094
"10/04/2023 11:45:00","EDT","MILLWD",61759,319.4787
"10/04/2023 11:45:00","EDT","N.Y.C.",61761,6819.09
"10/04/2023 11:45:00","EDT","NORTH",61755,532.3157
"10/04/2023 11:45:00","EDT","WEST",61752,1865.8678
"10/04/2023 11:50:00","EDT","CAPITL",61757,1165.4888
"10/04/2023 11:50:00","EDT","CENTRL",61754,1595.6808
"10/04/2023 11:50:00","EDT","DUNWOD",61760,730.9617
"10/04/2023 11:50:00","EDT","GENESE",61753,1111.4656
"10/04/2023 11:50:00","EDT","HUD VL",61758,843.4381
"10/04/2023 11:50:00","EDT","LONGIL",61762,2273.0952
"10/04/2023 11:50:00","EDT","MHK VL",61756,702.7152
"10/04/2023 11:50:00","EDT","MILLWD",61759,301.5608
"10/04/2023 11:50:00","EDT","N.Y.C.",61761,6843.051
"10/04/2023 11:50:00","EDT","NORTH",61755,529.8932
"10/04/2023 11:50:00","EDT","WEST",61752,1870.076
"10/04/2023 11:55:00","EDT","CAPITL",61757,1163.2339
"10/04/2023 11:55:00","EDT","CENTRL",61754,1595.3085
"10/04/2023 11:55:00","EDT","DUNWOD",61760,713.023
"10/04/2023 11:55:00","EDT","GENESE",61753,1123.4866
"10/04/2023 11:55:00","EDT","HUD VL",61758,887.6953
"10/04/2023 11:55:00","EDT","LONGIL",61762,2289.9673
"10/04/2023 11:55:00","EDT","MHK VL",61756,704.1766
"10/04/2023 11:55:00","EDT","MILLWD",61759,336.7244
"10/04/2023 11:55:00","EDT","N.Y.C.",61761,6851.589
"10/04/2023 11:55:00","EDT","NORTH",61755,535.2123
"10/04/2023 11:55:00","EDT","WEST",61752,1866.4203
"10/04/2023 12:00:00","EDT","CAPITL",61757,1175.0508
"10/04/2023 12:00:00","EDT","CENTRL",61754,1610.4338
"10/04/2023 12:00:00","EDT","DUNWOD",61760,727.9847
"10/04/2023 12:00:00","EDT","GENESE",61753,1135.8193
"10/04/2023 12:00:00","EDT","HUD VL",61758,854.42
"10/04/2023 12:00:00","EDT","LONGIL",61762,2287.1582
"10/04/2023 12:00:00","EDT","MHK VL",61756,693.965
"10/04/2023 12:00:00","EDT","MILLWD",61759,319.6272
"10/04/2023 12:00:00","EDT","N.Y.C.",61761,6889.8057
"10/04/2023 12:00:00","EDT","NORTH",61755,538.2711
"10/04/2023 12:00:00","EDT","WEST",61752,1868.5234
"10/04/2023 12:04:39","EDT","CAPITL",61757,1185.7661
"10/04/2023 12:04:39","EDT","CENTRL",61754,1616.1124
"10/04/2023 12:04:39","EDT","DUNWOD",61760,724.0845
"10/04/2023 12:04:39","EDT","GENESE",61753,1124.0374
"10/04/2023 12:04:39","EDT","HUD VL",61758,867.354
"10/04/2023 12:04:39","EDT","LONGIL",61762,2303.6133
"10/04/2023 12:04:39","EDT","MHK VL",61756,707.8447
"10/04/2023 12:04:39","EDT","MILLWD",61759,351.0793
"10/04/2023 12:04:39","EDT","N.Y.C.",61761,6899.7715
"10/04/2023 12:04:39","EDT","NORTH",61755,534.5516
"10/04/2023 12:04:39","EDT","WEST",61752,1888.4707
"10/04/2023 12:05:00","EDT","CAPITL",61757,1193.3743
"10/04/2023 12:05:00","EDT","CENTRL",61754,1621.43
"10/04/2023 12:05:00","EDT","DUNWOD",61760,717.634
"10/04/2023 12:05:00","EDT","GENESE",61753,1131.3918
"10/04/2023 12:05:00","EDT","HUD VL",61758,875.1327
"10/04/2023 12:05:00","EDT","LONGIL",61762,2311.2117
"10/04/2023 12:05:00","EDT","MHK VL",61756,721.0647
"10/04/2023 12:05:00","EDT","MILLWD",61759,341.0754
"10/04/2023 12:05:00","EDT","N.Y.C.",61761,6937.1685
"10/04/2023 12:05:00","EDT","NORTH",61755,529.6159
"10/04/2023 12:05:00","EDT","WEST",61752,1878.5253
"10/04/2023 12:06:03","EDT","CAPITL",61757,1192.7024
"10/04/2023 12:06:03","EDT","CENTRL",61754,1620.9624
"10/04/2023 12:06:03","EDT","DUNWOD",61760,726.7515
"10/04/2023 12:06:03","EDT","GENESE",61753,1131.5435
"10/04/2023 12:06:03","EDT","HUD VL",61758,872.5011
"10/04/2023 12:06:03","EDT","LONGIL",61762,2312.9504
"10/04/2023 12:06:03","EDT","MHK VL",61756,720.7414
"10/04/2023 12:06:03","EDT","MILLWD",61759,347.5173
"10/04/2023 12:06:03","EDT","N.Y.C.",61761,6903.3447
"10/04/2023 12:06:03","EDT","NORTH",61755,534.8831
"10/04/2023 12:06:03","EDT","WEST",61752,1879.3223
"10/04/2023 12:10:00","EDT","CAPITL",61757,1199.6947
"10/04/2023 12:10:00","EDT","CENTRL",61754,1628.2593
"10/04/2023 12:10:00","EDT","DUNWOD",61760,714.0996
"10/04/2023 12:10:00","EDT","GENESE",61753,1135.3811
"10/04/2023 12:10:00","EDT","HUD VL",61758,871.9311
"10/04/2023 12:10:00","EDT","LONGIL",61762,2320.4495
"10/04/2023 12:10:00","EDT","MHK VL",61756,712.9987
"10/04/2023 12:10:00","EDT","MILLWD",61759,360.2709
"10/04/2023 12:10:00","EDT","N.Y.C.",61761,6934.7173
"10/04/2023 12:10:00","EDT","NORTH",61755,533.0503
"10/04/2023 12:10:00","EDT","WEST",61752,1894.4314
"10/04/2023 12:11:21","EDT","CAPITL",61757,1190.0076
"10/04/2023 12:11:21","EDT","CENTRL",61754,1636.4855
"10/04/2023 12:11:21","EDT","DUNWOD",61760,721.2881
"10/04/2023 12:11:21","EDT","GENESE",61753,1139.7986
"10/04/2023 12:11:21","EDT","HUD VL",61758,890.6257
"10/04/2023 12:11:21","EDT","LONGIL",61762,2334.8794
"10/04/2023 12:11:21","EDT","MHK VL",61756,716.5367
"10/04/2023 12:11:21","EDT","MILLWD",61759,339.5906
"10/04/2023 12:11:21","EDT","N.Y.C.",61761,6921.907
"10/04/2023 12:11:21","EDT","NORTH",61755,533.1647
"10/04/2023 12:11:21","EDT","WEST",61752,1888.5488
"10/04/2023 12:13:27","EDT","CAPITL",61757,1195.6025
"10/04/2023 12:13:27","EDT","CENTRL",61754,1626.6256
"10/04/2023 12:13:27","EDT","DUNWOD",61760,719.9453
"10/04/2023 12:13:27","EDT","GENESE",61753,1134.2377
"10/04/2023 12:13:27","EDT","HUD VL",61758,871.9908
"10/04/2023 12:13:27","EDT","LONGIL",61762,2315.3052
"10/04/2023 12:13:27","EDT","MHK VL",61756,706.4271
"10/04/2023 12:13:27","EDT","MILLWD",61759,344.7004
"10/04/2023 12:13:27","EDT","N.Y.C.",61761,6950.3906
"10/04/2023 12:13:27","EDT","NORTH",61755,542.8988
"10/04/2023 12:13:27","EDT","WEST",61752,1917.4473
"10/04/2023 12:15:00","EDT","CAPITL",61757,1182.7046
"10/04/2023 12:15:00","EDT","CENTRL",61754,1624.9833
"10/04/2023 12:15:00","EDT","DUNWOD",61760,721.7422
"10/04/2023 12:15:00","EDT","GENESE",61753,1142.1123
"10/04/2023 12:15:00","EDT","HUD VL",61758,898.329
"10/04/2023 12:15:00","EDT","LONGIL",61762,2340.686
"10/04/2023 12:15:00","EDT","MHK VL",61756,722.9744
"10/04/2023 12:15:00","EDT","MILLWD",61759,343.1057
"10/04/2023 12:15:00","EDT","N.Y.C.",61761,6946.865
"10/04/2023 12:15:00","EDT","NORTH",61755,538.5045
"10/04/2023 12:15:00","EDT","WEST",61752,1894.9719
"10/04/2023 12:20:00","EDT","CAPITL",61757,1185.1145
"10/04/2023 12:20:00","EDT","CENTRL",61754,1638.3707
"10/04/2023 12:20:00","EDT","DUNWOD",61760,717.2502
"10/04/2023 12:20:00","EDT","GENESE",61753,1148.479
"10/04/2023 12:20:00","EDT","HUD VL",61758,885.3917
"10/04/2023 12:20:00","EDT","LONGIL",61762,2351.0635
"10/04/2023 12:20:00","EDT","MHK VL",61756,714.5272
"10/04/2023 12:20:00","EDT","MILLWD",61759,330.5411
"10/04/2023 12:20:00","EDT","N.Y.C.",61761,6968.3135
"10/04/2023 12:20:00","EDT","NORTH",61755,536.4941
"10/04/2023 12:20:00","EDT","WEST",61752,1888.6389
"10/04/2023 12:22:21","EDT","CAPITL",61757,1195.112
"10/04/2023 12:22:21","EDT","CENTRL",61754,1606.1919
"10/04/2023 12:22:21","EDT","DUNWOD",61760,730.354
"10/04/2023 12:22:21","EDT","GENESE",61753,1168.2229
"10/04/2023 12:22:21","EDT","HUD VL",61758,900.5305
"10/04/2023 12:22:21","EDT","LONGIL",61762,2371.712
"10/04/2023 12:22:21","EDT","MHK VL",61756,714.8373
"10/04/2023 12:22:21","EDT","MILLWD",61759,325.3137
"10/04/2023 12:22:21","EDT","N.Y.C.",61761,6974.2827
"10/04/2023 12:22:21","EDT","NORTH",61755,532.1137
"10/04/2023 12:22:21","EDT","WEST",61752,1894.3375
"10/04/2023 12:25:00","EDT","CAPITL",61757,1181.6274
"10/04/2023 12:25:00","EDT","CENTRL",61754,1586.9307
"10/04/2023 12:25:00","EDT","DUNWOD",61760,719.9758
"10/04/2023 12:25:00","EDT","GENESE",61753,1152.185
"10/04/2023 12:25:00","EDT","HUD VL",61758,907.5205
"10/04/2023 12:25:00","EDT","LONGIL",61762,2367.136
"10/04/2023 12:25:00","EDT","MHK VL",61756,721.9906
"10/04/2023 12:25:00","EDT","MILLWD",61759,350.1656
"10/04/2023 12:25:00","EDT","N.Y.C.",61761,6958.717
"10/04/2023 12:25:00","EDT","NORTH",61755,529.3569
"10/04/2023 12:25:00","EDT","WEST",61752,1907.5833
"10/04/2023 12:30:00","EDT","CAPITL",61757,1199.9084
"10/04/2023 12:30:00","EDT","CENTRL",61754,1591.8792
"10/04/2023 12:30:00","EDT","DUNWOD",61760,729.7431
"10/04/2023 12:30:00","EDT","GENESE",61753,1157.0974
"10/04/2023 12:30:00","EDT","HUD VL",61758,914.8458
"10/04/2023 12:30:00","EDT","LONGIL",61762,2372.9775
"10/04/2023 12:30:00","EDT","MHK VL",61756,706.044
"10/04/2023 12:30:00","EDT","MILLWD",61759,339.4452
"10/04/2023 12:30:00","EDT","N.Y.C.",61761,6963.551
"10/04/2023 12:30:00","EDT","NORTH",61755,537.1738
"10/04/2023 12:30:00","EDT","WEST",61752,1907.2223
"10/04/2023 12:35:00","EDT","CAPITL",61757,1200.9521
"10/04/2023 12:35:00","EDT","CENTRL",61754,1645.8713
"10/04/2023 12:35:00","EDT","DUNWOD",61760,724.1118
"10/04/2023 12:35:00","EDT","GENESE",61753,1167.7124
"10/04/2023 12:35:00","EDT","HUD VL",61758,907.5386
"10/04/2023 12:35:00","EDT","LONGIL",61762,2375.8445
"10/04/2023 12:35:00","EDT","MHK VL",61756,720.5316
"10/04/2023 12:35:00","EDT","MILLWD",61759,337.1146
"10/04/2023 12:35:00","EDT","N.Y.C.",61761,6990.4736
"10/04/2023 12:35:00","EDT","NORTH",61755,535.9948
"10/04/2023 12:35:00","EDT","WEST",61752,1920.7225
"10/04/2023 12:40:00","EDT","CAPITL",61757,1205.2561
"10/04/2023 12:40:00","EDT","CENTRL",61754,1645.3658
"10/04/2023 12:40:00","EDT","DUNWOD",61760,725.2971
"10/04/2023 12:40:00","EDT","GENESE",61753,1177.8264
"10/04/2023 12:40:00","EDT","HUD VL",61758,900.8581
"10/04/2023 12:40:00","EDT","LONGIL",61762,2379.0322
"10/04/2023 12:40:00","EDT","MHK VL",61756,727.3833
"10/04/2023 12:40:00","EDT","MILLWD",61759,351.0236
"10/04/2023 12:40:00","EDT","N.Y.C.",61761,7011.4062
"10/04/2023 12:40:00","EDT","NORTH",61755,535.065
"10/04/2023 12:40:00","EDT","WEST",61752,1933.0645
"10/04/2023 12:45:00","EDT","CAPITL",61757,1214.8383
"10/04/2023 12:45:00","EDT","CENTRL",61754,1665.8672
"10/04/2023 12:45:00","EDT","DUNWOD",61760,725.6248
"10/04/2023 12:45:00","EDT","GENESE",61753,1189.4368
"10/04/2023 12:45:00","EDT","HUD VL",61758,912.1892
"10/04/2023 12:45:00","EDT","LONGIL",61762,2390.275
"10/04/2023 12:45:00","EDT","MHK VL",61756,735.2322
"10/04/2023 12:45:00","EDT","MILLWD",61759,351.601
"10/04/2023 12:45:00","EDT","N.Y.C.",61761,7025.0664
"10/04/2023 12:45:00","EDT","NORTH",61755,535.6815
"10/04/2023 12:45:00","EDT","WEST",61752,1949.8696
"10/04/2023 12:50:00","EDT","CAPITL",61757,1223.2537
"10/04/2023 12:50:00","EDT","CENTRL",61754,1679.5801
"10/04/2023 12:50:00","EDT","DUNWOD",61760,712.4617
"10/04/2023 12:50:00","EDT","GENESE",61753,1182.8058
"10/04/2023 12:50:00","EDT","HUD VL",61758,928.9733
"10/04/2023 12:50:00","EDT","LONGIL",61762,2414.9556
"10/04/2023 12:50:00","EDT","MHK VL",61756,706.9606
"10/04/2023 12:50:00","EDT","MILLWD",61759,352.8098
"10/04/2023 12:50:00","EDT","N.Y.C.",61761,7013.4346
"10/04/2023 12:50:00","EDT","NORTH",61755,542.1575
"10/04/2023 12:50:00","EDT","WEST",61752,1942.8282
"10/04/2023 12:55:00","EDT","CAPITL",61757,1213.593
"10/04/2023 12:55:00","EDT","CENTRL",61754,1680.457
"10/04/2023 12:55:00","EDT","DUNWOD",61760,725.3948
"10/04/2023 12:55:00","EDT","GENESE",61753,1196.1854
"10/04/2023 12:55:00","EDT","HUD VL",61758,938.4608
"10/04/2023 12:55:00","EDT","LONGIL",61762,2417.0088
"10/04/2023 12:55:00","EDT","MHK VL",61756,728.5981
"10/04/2023 12:55:00","EDT","MILLWD",61759,342.4053
"10/04/2023 12:55:00","EDT","N.Y.C.",61761,6998.4297
"10/04/2023 12:55:00","EDT","NORTH",61755,536.4863
"10/04/2023 12:55:00","EDT","WEST",61752,1949.7622
"10/04/2023 13:00:00","EDT","CAPITL",61757,1227.7034
"10/04/2023 13:00:00","EDT","CENTRL",61754,1714.263
"10/04/2023 13:00:00","EDT","DUNWOD",61760,732.8308
"10/04/2023 13:00:00","EDT","GENESE",61753,1195.4879
"10/04/2023 13:00:00","EDT","HUD VL",61758,938.0923
"10/04/2023 13:00:00","EDT","LONGIL",61762,2435.7349
"10/04/2023 13:00:00","EDT","MHK VL",61756,732.9325
"10/04/2023 13:00:00","EDT","MILLWD",61759,343.8251
"10/04/2023 13:00:00","EDT","N.Y.C.",61761,7046.256
"10/04/2023 13:00:00","EDT","NORTH",61755,535.8485
"10/04/2023 13:00:00","EDT","WEST",61752,1968.2488
"10/04/2023 13:05:00","EDT","CAPITL",61757,1233.6101
"10/04/2023 13:05:00","EDT","CENTRL",61754,1720.8418
"10/04/2023 13:05:00","EDT","DUNWOD",61760,741.9167
"10/04/2023 13:05:00","EDT","GENESE",61753,1200.5623
"10/04/2023 13:05:00","EDT","HUD VL",61758,944.1494
"10/04/2023 13:05:00","EDT","LONGIL",61762,2435.166
"10/04/2023 13:05:00","EDT","MHK VL",61756,729.6423
"10/04/2023 13:05:00","EDT","MILLWD",61759,343.8702
"10/04/2023 13:05:00","EDT","N.Y.C.",61761,7039.9507
"10/04/2023 13:05:00","EDT","NORTH",61755,533.901
"10/04/2023 13:05:00","EDT","WEST",61752,1969.4904
"10/04/2023 13:10:00","EDT","CAPITL",61757,1236.6841
"10/04/2023 13:10:00","EDT","CENTRL",61754,1706.3882
"10/04/2023 13:10:00","EDT","DUNWOD",61760,735.4754
"10/04/2023 13:10:00","EDT","GENESE",61753,1203.5494
"10/04/2023 13:10:00","EDT","HUD VL",61758,944.387
"10/04/2023 13:10:00","EDT","LONGIL",61762,2471.665
"10/04/2023 13:10:00","EDT","MHK VL",61756,759.629
"10/04/2023 13:10:00","EDT","MILLWD",61759,370.7074
"10/04/2023 13:10:00","EDT","N.Y.C.",61761,7040.8506
"10/04/2023 13:10:00","EDT","NORTH",61755,538.7098
"10/04/2023 13:10:00","EDT","WEST",61752,1998.2596
"10/04/2023 13:15:00","EDT","CAPITL",61757,1232.3702
"10/04/2023 13:15:00","EDT","CENTRL",61754,1667.636
"10/04/2023 13:15:00","EDT","DUNWOD",61760,740.0346
"10/04/2023 13:15:00","EDT","GENESE",61753,1222.45
"10/04/2023 13:15:00","EDT","HUD VL",61758,962.7253
"10/04/2023 13:15:00","EDT","LONGIL",61762,2490.3193
"10/04/2023 13:15:00","EDT","MHK VL",61756,749.7246
"10/04/2023 13:15:00","EDT","MILLWD",61759,355.2848
"10/04/2023 13:15:00","EDT","N.Y.C.",61761,7055.654
"10/04/2023 13:15:00","EDT","NORTH",61755,533.0764
"10/04/2023 13:15:00","EDT","WEST",61752,1993.6509
"10/04/2023 13:20:00","EDT","CAPITL",61757,1222.0781
"10/04/2023 13:20:00","EDT","CENTRL",61754,1719.9126
"10/04/2023 13:20:00","EDT","DUNWOD",61760,748.4323
"10/04/2023 13:20:00","EDT","GENESE",61753,1211.3792
"10/04/2023 13:20:00","EDT","HUD VL",61758,971.9193
"10/04/2023 13:20:00","EDT","LONGIL",61762,2503.7637
"10/04/2023 13:20:00","EDT","MHK VL",61756,746.4587
"10/04/2023 13:20:00","EDT","MILLWD",61759,354.1812
"10/04/2023 13:20:00","EDT","N.Y.C.",61761,7093.7295
"10/04/2023 13:20:00","EDT","NORTH",61755,533.2133
"10/04/2023 13:20:00","EDT","WEST",61752,1990.0377
"10/04/2023 13:25:00","EDT","CAPITL",61757,1227.123
"10/04/2023 13:25:00","EDT","CENTRL",61754,1719.1736
"10/04/2023 13:25:00","EDT","DUNWOD",61760,753.157
"10/04/2023 13:25:00","EDT","GENESE",61753,1218.6453
"10/04/2023 13:25:00","EDT","HUD VL",61758,973.1539
"10/04/2023 13:25:00","EDT","LONGIL",61762,2530.2651
"10/04/2023 13:25:00","EDT","MHK VL",61756,749.3384
"10/04/2023 13:25:00","EDT","MILLWD",61759,361.4167
"10/04/2023 13:25:00","EDT","N.Y.C.",61761,7131.6924
"10/04/2023 13:25:00","EDT","NORTH",61755,534.9869
"10/04/2023 13:25:00","EDT","WEST",61752,1995.2421
"10/04/2023 13:30:00","EDT","CAPITL",61757,1235.387
"10/04/2023 13:30:00","EDT","CENTRL",61754,1736.8416
"10/04/2023 13:30:00","EDT","DUNWOD",61760,738.051
"10/04/2023 13:30:00","EDT","GENESE",61753,1221.9326
"10/04/2023 13:30:00","EDT","HUD VL",61758,969.3622
"10/04/2023 13:30:00","EDT","LONGIL",61762,2545.2947
"10/04/2023 13:30:00","EDT","MHK VL",61756,754.6502
"10/04/2023 13:30:00","EDT","MILLWD",61759,380.8705
"10/04/2023 13:30:00","EDT","N.Y.C.",61761,7128.3936
"10/04/2023 13:30:00","EDT","NORTH",61755,537.4161
"10/04/2023 13:30:00","EDT","WEST",61752,1998.3445
"10/04/2023 13:35:00","EDT","CAPITL",61757,1241.9512
"10/04/2023 13:35:00","EDT","CENTRL",61754,1735.3335
"10/04/2023 13:35:00","EDT","DUNWOD",61760,744.1625
"10/04/2023 13:35:00","EDT","GENESE",61753,1217.4639
"10/04/2023 13:35:00","EDT","HUD VL",61758,998.2647
"10/04/2023 13:35:00","EDT","LONGIL",61762,2554.601
"10/04/2023 13:35:00","EDT","MHK VL",61756,752.175
"10/04/2023 13:35:00","EDT","MILLWD",61759,378.7239
"10/04/2023 13:35:00","EDT","N.Y.C.",61761,7140.3774
"10/04/2023 13:35:00","EDT","NORTH",61755,537.4865
"10/04/2023 13:35:00","EDT","WEST",61752,2020.19
"10/04/2023 13:40:00","EDT","CAPITL",61757,1232.877
"10/04/2023 13:40:00","EDT","CENTRL",61754,1721.2749
"10/04/2023 13:40:00","EDT","DUNWOD",61760,743.6745
"10/04/2023 13:40:00","EDT","GENESE",61753,1228.8599
"10/04/2023 13:40:00","EDT","HUD VL",61758,987.2564
"10/04/2023 13:40:00","EDT","LONGIL",61762,2565.2188
"10/04/2023 13:40:00","EDT","MHK VL",61756,752.5007
"10/04/2023 13:40:00","EDT","MILLWD",61759,366.1825
"10/04/2023 13:40:00","EDT","N.Y.C.",61761,7163.0117
"10/04/2023 13:40:00","EDT","NORTH",61755,539.174
"10/04/2023 13:40:00","EDT","WEST",61752,2016.4554
"10/04/2023 13:45:00","EDT","CAPITL",61757,1240.1505
"10/04/2023 13:45:00","EDT","CENTRL",61754,1716.7556
"10/04/2023 13:45:00","EDT","DUNWOD",61760,755.7184
"10/04/2023 13:45:00","EDT","GENESE",61753,1237.5823
"10/04/2023 13:45:00","EDT","HUD VL",61758,1011.6033
"10/04/2023 13:45:00","EDT","LONGIL",61762,2575.0684
"10/04/2023 13:45:00","EDT","MHK VL",61756,732.7228
"10/04/2023 13:45:00","EDT","MILLWD",61759,345.5796
"10/04/2023 13:45:00","EDT","N.Y.C.",61761,7175.574
"10/04/2023 13:45:00","EDT","NORTH",61755,541.807
"10/04/2023 13:45:00","EDT","WEST",61752,2016.037
"10/04/2023 13:50:00","EDT","CAPITL",61757,1239.9014
"10/04/2023 13:50:00","EDT","CENTRL",61754,1760.9343
"10/04/2023 13:50:00","EDT","DUNWOD",61760,749.6091
"10/04/2023 13:50:00","EDT","GENESE",61753,1245.6486
"10/04/2023 13:50:00","EDT","HUD VL",61758,1015.8762
"10/04/2023 13:50:00","EDT","LONGIL",61762,2589.0662
"10/04/2023 13:50:00","EDT","MHK VL",61756,753.0883
"10/04/2023 13:50:00","EDT","MILLWD",61759,369.6799
"10/04/2023 13:50:00","EDT","N.Y.C.",61761,7168.7725
"10/04/2023 13:50:00","EDT","NORTH",61755,533.8699
"10/04/2023 13:50:00","EDT","WEST",61752,2028.9044
"10/04/2023 13:55:00","EDT","CAPITL",61757,1250.6099
"10/04/2023 13:55:00","EDT","CENTRL",61754,1773.8821
"10/04/2023 13:55:00","EDT","DUNWOD",61760,750.0121
"10/04/2023 13:55:00","EDT","GENESE",61753,1232.583
"10/04/2023 13:55:00","EDT","HUD VL",61758,1013.5642
"10/04/2023 13:55:00","EDT","LONGIL",61762,2614.3123
"10/04/2023 13:55:00","EDT","MHK VL",61756,753.7614
"10/04/2023 13:55:00","EDT","MILLWD",61759,386.8037
"10/04/2023 13:55:00","EDT","N.Y.C.",61761,7195.274
"10/04/2023 13:55:00","EDT","NORTH",61755,541.1606
"10/04/2023 13:55:00","EDT","WEST",61752,2040.2783
"10/04/2023 14:00:00","EDT","CAPITL",61757,1250.2073
"10/04/2023 14:00:00","EDT","CENTRL",61754,1781.5967
"10/04/2023 14:00:00","EDT","DUNWOD",61760,755.1572
"10/04/2023 14:00:00","EDT","GENESE",61753,1245.8903
"10/04/2023 14:00:00","EDT","HUD VL",61758,1023.9821
"10/04/2023 14:00:00","EDT","LONGIL",61762,2627.2207
"10/04/2023 14:00:00","EDT","MHK VL",61756,764.8782
"10/04/2023 14:00:00","EDT","MILLWD",61759,369.4421
"10/04/2023 14:00:00","EDT","N.Y.C.",61761,7148.6973
"10/04/2023 14:00:00","EDT","NORTH",61755,538.5278
"10/04/2023 14:00:00","EDT","WEST",61752,2042.1947
"10/04/2023 14:05:00","EDT","CAPITL",61757,1253.0374
"10/04/2023 14:05:00","EDT","CENTRL",61754,1783.4639
"10/04/2023 14:05:00","EDT","DUNWOD",61760,771.9938
"10/04/2023 14:05:00","EDT","GENESE",61753,1241.7498
"10/04/2023 14:05:00","EDT","HUD VL",61758,1038.3789
"10/04/2023 14:05:00","EDT","LONGIL",61762,2633.6868
"10/04/2023 14:05:00","EDT","MHK VL",61756,763.1469
"10/04/2023 14:05:00","EDT","MILLWD",61759,358.7047
"10/04/2023 14:05:00","EDT","N.Y.C.",61761,7179.5967
"10/04/2023 14:05:00","EDT","NORTH",61755,541.7313
"10/04/2023 14:05:00","EDT","WEST",61752,2052.5322
"10/04/2023 14:10:00","EDT","CAPITL",61757,1250.6243
"10/04/2023 14:10:00","EDT","CENTRL",61754,1726.2454
"10/04/2023 14:10:00","EDT","DUNWOD",61760,764.0867
"10/04/2023 14:10:00","EDT","GENESE",61753,1258.844
"10/04/2023 14:10:00","EDT","HUD VL",61758,1033.2501
"10/04/2023 14:10:00","EDT","LONGIL",61762,2649.9841
"10/04/2023 14:10:00","EDT","MHK VL",61756,780.4281
"10/04/2023 14:10:00","EDT","MILLWD",61759,377.7971
"10/04/2023 14:10:00","EDT","N.Y.C.",61761,7181.584
"10/04/2023 14:10:00","EDT","NORTH",61755,537.0101
"10/04/2023 14:10:00","EDT","WEST",61752,2050.1978
"10/04/2023 14:15:00","EDT","CAPITL",61757,1262.3048
"10/04/2023 14:15:00","EDT","CENTRL",61754,1745.7263
"10/04/2023 14:15:00","EDT","DUNWOD",61760,767.1659
"10/04/2023 14:15:00","EDT","GENESE",61753,1260.2504
"10/04/2023 14:15:00","EDT","HUD VL",61758,1054.7559
"10/04/2023 14:15:00","EDT","LONGIL",61762,2654.257
"10/04/2023 14:15:00","EDT","MHK VL",61756,765.0587
"10/04/2023 14:15:00","EDT","MILLWD",61759,367.6959
"10/04/2023 14:15:00","EDT","N.Y.C.",61761,7170.2007
"10/04/2023 14:15:00","EDT","NORTH",61755,541.4487
"10/04/2023 14:15:00","EDT","WEST",61752,2064.583
"10/04/2023 14:20:00","EDT","CAPITL",61757,1273.1332
"10/04/2023 14:20:00","EDT","CENTRL",61754,1786.8704
"10/04/2023 14:20:00","EDT","DUNWOD",61760,770.8994
"10/04/2023 14:20:00","EDT","GENESE",61753,1259.6182
"10/04/2023 14:20:00","EDT","HUD VL",61758,1039.8535
"10/04/2023 14:20:00","EDT","LONGIL",61762,2680.4463
"10/04/2023 14:20:00","EDT","MHK VL",61756,776.7513
"10/04/2023 14:20:00","EDT","MILLWD",61759,384.4984
"10/04/2023 14:20:00","EDT","N.Y.C.",61761,7210.91
"10/04/2023 14:20:00","EDT","NORTH",61755,547.8063
"10/04/2023 14:20:00","EDT","WEST",61752,2062.7495
"10/04/2023 14:25:00","EDT","CAPITL",61757,1278.0071
"10/04/2023 14:25:00","EDT","CENTRL",61754,1794.7656
"10/04/2023 14:25:00","EDT","DUNWOD",61760,780.7309
"10/04/2023 14:25:00","EDT","GENESE",61753,1255.5103
"10/04/2023 14:25:00","EDT","HUD VL",61758,1058.2743
"10/04/2023 14:25:00","EDT","LONGIL",61762,2690.487
"10/04/2023 14:25:00","EDT","MHK VL",61756,775.316
"10/04/2023 14:25:00","EDT","MILLWD",61759,366.4409
"10/04/2023 14:25:00","EDT","N.Y.C.",61761,7200.938
"10/04/2023 14:25:00","EDT","NORTH",61755,541.9252
"10/04/2023 14:25:00","EDT","WEST",61752,2066.4546
"10/04/2023 14:30:00","EDT","CAPITL",61757,1289.1979
"10/04/2023 14:30:00","EDT","CENTRL",61754,1797.3064
"10/04/2023 14:30:00","EDT","DUNWOD",61760,771.8731
"10/04/2023 14:30:00","EDT","GENESE",61753,1268.082
"10/04/2023 14:30:00","EDT","HUD VL",61758,1068.8481
"10/04/2023 14:30:00","EDT","LONGIL",61762,2704.9204
"10/04/2023 14:30:00","EDT","MHK VL",61756,782.5889
"10/04/2023 14:30:00","EDT","MILLWD",61759,373.9667
"10/04/2023 14:30:00","EDT","N.Y.C.",61761,7193.1343
"10/04/2023 14:30:00","EDT","NORTH",61755,541.8621
"10/04/2023 14:30:00","EDT","WEST",61752,2069.2236
"10/04/2023 14:34:05","EDT","CAPITL",61757,1283.1458
"10/04/2023 14:34:05","EDT","CENTRL",61754,1802.1289
"10/04/2023 14:34:05","EDT","DUNWOD",61760,773.8086
"10/04/2023 14:34:05","EDT","GENESE",61753,1269.4587
"10/04/2023 14:34:05","EDT","HUD VL",61758,1073.3252
"10/04/2023 14:34:05","EDT","LONGIL",61762,2712.1445
"10/04/2023 14:34:05","EDT","MHK VL",61756,789.9887
"10/04/2023 14:34:05","EDT","MILLWD",61759,394.2996
"10/04/2023 14:34:05","EDT","N.Y.C.",61761,7193.323
"10/04/2023 14:34:05","EDT","NORTH",61755,546.8023
"10/04/2023 14:34:05","EDT","WEST",61752,2073.3232
"10/04/2023 14:35:00","EDT","CAPITL",61757,1294.7784
"10/04/2023 14:35:00","EDT","CENTRL",61754,1831.6157
"10/04/2023 14:35:00","EDT","DUNWOD",61760,788.259
"10/04/2023 14:35:00","EDT","GENESE",61753,1271.533
"10/04/2023 14:35:00","EDT","HUD VL",61758,1082.7423
"10/04/2023 14:35:00","EDT","LONGIL",61762,2728.414
"10/04/2023 14:35:00","EDT","MHK VL",61756,772.1133
"10/04/2023 14:35:00","EDT","MILLWD",61759,372.6492
"10/04/2023 14:35:00","EDT","N.Y.C.",61761,7182.2656
"10/04/2023 14:35:00","EDT","NORTH",61755,545.3475
"10/04/2023 14:35:00","EDT","WEST",61752,2062.7747
"10/04/2023 14:40:00","EDT","CAPITL",61757,1297.8738
"10/04/2023 14:40:00","EDT","CENTRL",61754,1803.7786
"10/04/2023 14:40:00","EDT","DUNWOD",61760,776.8075
"10/04/2023 14:40:00","EDT","GENESE",61753,1270.5315
"10/04/2023 14:40:00","EDT","HUD VL",61758,1061.2936
"10/04/2023 14:40:00","EDT","LONGIL",61762,2718.689
"10/04/2023 14:40:00","EDT","MHK VL",61756,788.8052
"10/04/2023 14:40:00","EDT","MILLWD",61759,376.3279
"10/04/2023 14:40:00","EDT","N.Y.C.",61761,7252.802
"10/04/2023 14:40:00","EDT","NORTH",61755,539.5987
"10/04/2023 14:40:00","EDT","WEST",61752,2054.8318
"10/04/2023 14:43:17","EDT","CAPITL",61757,1298.8402
"10/04/2023 14:43:17","EDT","CENTRL",61754,1830.9177
"10/04/2023 14:43:17","EDT","DUNWOD",61760,802.8002
"10/04/2023 14:43:17","EDT","GENESE",61753,1270.4585
"10/04/2023 14:43:17","EDT","HUD VL",61758,1101.7474
"10/04/2023 14:43:17","EDT","LONGIL",61762,2736.8845
"10/04/2023 14:43:17","EDT","MHK VL",61756,777.0057
"10/04/2023 14:43:17","EDT","MILLWD",61759,365.9057
"10/04/2023 14:43:17","EDT","N.Y.C.",61761,7204.6978
"10/04/2023 14:43:17","EDT","NORTH",61755,540.0335
"10/04/2023 14:43:17","EDT","WEST",61752,2078.8074
"10/04/2023 14:45:00","EDT","CAPITL",61757,1313.5068
"10/04/2023 14:45:00","EDT","CENTRL",61754,1830.8491
"10/04/2023 14:45:00","EDT","DUNWOD",61760,779.9514
"10/04/2023 14:45:00","EDT","GENESE",61753,1276.3538
"10/04/2023 14:45:00","EDT","HUD VL",61758,1112.8455
"10/04/2023 14:45:00","EDT","LONGIL",61762,2760.5996
"10/04/2023 14:45:00","EDT","MHK VL",61756,784.2419
"10/04/2023 14:45:00","EDT","MILLWD",61759,363.0862
"10/04/2023 14:45:00","EDT","N.Y.C.",61761,7256.344
"10/04/2023 14:45:00","EDT","NORTH",61755,544.9096
"10/04/2023 14:45:00","EDT","WEST",61752,2082.0613
"10/04/2023 14:50:00","EDT","CAPITL",61757,1319.8463
"10/04/2023 14:50:00","EDT","CENTRL",61754,1859.8044
"10/04/2023 14:50:00","EDT","DUNWOD",61760,791.6445
"10/04/2023 14:50:00","EDT","GENESE",61753,1284.0286
"10/04/2023 14:50:00","EDT","HUD VL",61758,1112.2566
"10/04/2023 14:50:00","EDT","LONGIL",61762,2756.3296
"10/04/2023 14:50:00","EDT","MHK VL",61756,777.3088
"10/04/2023 14:50:00","EDT","MILLWD",61759,378.1371
"10/04/2023 14:50:00","EDT","N.Y.C.",61761,7238.3633
"10/04/2023 14:50:00","EDT","NORTH",61755,543.9676
"10/04/2023 14:50:00","EDT","WEST",61752,2091.8853
"10/04/2023 14:55:00","EDT","CAPITL",61757,1319.7614
"10/04/2023 14:55:00","EDT","CENTRL",61754,1839.9307
"10/04/2023 14:55:00","EDT","DUNWOD",61760,796.7964
"10/04/2023 14:55:00","EDT","GENESE",61753,1289.81
"10/04/2023 14:55:00","EDT","HUD VL",61758,1114.495
"10/04/2023 14:55:00","EDT","LONGIL",61762,2777.4546
"10/04/2023 14:55:00","EDT","MHK VL",61756,783.4189
"10/04/2023 14:55:00","EDT","MILLWD",61759,378.8918
"10/04/2023 14:55:00","EDT","N.Y.C.",61761,7253.254
"10/04/2023 14:55:00","EDT","NORTH",61755,541.9725
"10/04/2023 14:55:00","EDT","WEST",61752,2073.742
"10/04/2023 15:00:00","EDT","CAPITL",61757,1339.0889
"10/04/2023 15:00:00","EDT","CENTRL",61754,1817.9521
"10/04/2023 15:00:00","EDT","DUNWOD",61760,800.8068
"10/04/2023 15:00:00","EDT","GENESE",61753,1290.9108
"10/04/2023 15:00:00","EDT","HUD VL",61758,1114.7656
"10/04/2023 15:00:00","EDT","LONGIL",61762,2779.896
"10/04/2023 15:00:00","EDT","MHK VL",61756,786.5927
"10/04/2023 15:00:00","EDT","MILLWD",61759,371.3844
"10/04/2023 15:00:00","EDT","N.Y.C.",61761,7277.4272
"10/04/2023 15:00:00","EDT","NORTH",61755,549.4749
"10/04/2023 15:00:00","EDT","WEST",61752,2075.0146
"10/04/2023 15:05:00","EDT","CAPITL",61757,1330.2417
"10/04/2023 15:05:00","EDT","CENTRL",61754,1845.6055
"10/04/2023 15:05:00","EDT","DUNWOD",61760,815.2225
"10/04/2023 15:05:00","EDT","GENESE",61753,1295.8359
"10/04/2023 15:05:00","EDT","HUD VL",61758,1129.6265
"10/04/2023 15:05:00","EDT","LONGIL",61762,2796.2651
"10/04/2023 15:05:00","EDT","MHK VL",61756,783.2156
"10/04/2023 15:05:00","EDT","MILLWD",61759,356.7987
"10/04/2023 15:05:00","EDT","N.Y.C.",61761,7263.059
"10/04/2023 15:05:00","EDT","NORTH",61755,543.7789
"10/04/2023 15:05:00","EDT","WEST",61752,2088.641
"10/04/2023 15:10:00","EDT","CAPITL",61757,1353.7742
"10/04/2023 15:10:00","EDT","CENTRL",61754,1855.5793
"10/04/2023 15:10:00","EDT","DUNWOD",61760,814.6045
"10/04/2023 15:10:00","EDT","GENESE",61753,1282.7418
"10/04/2023 15:10:00","EDT","HUD VL",61758,1148.2969
"10/04/2023 15:10:00","EDT","LONGIL",61762,2810.7087
"10/04/2023 15:10:00","EDT","MHK VL",61756,782.1635
"10/04/2023 15:10:00","EDT","MILLWD",61759,373.7711
"10/04/2023 15:10:00","EDT","N.Y.C.",61761,7271.3
"10/04/2023 15:10:00","EDT","NORTH",61755,546.9586
"10/04/2023 15:10:00","EDT","WEST",61752,2094.122
"10/04/2023 15:15:00","EDT","CAPITL",61757,1348.3999
"10/04/2023 15:15:00","EDT","CENTRL",61754,1836.9534
"10/04/2023 15:15:00","EDT","DUNWOD",61760,805.6079
"10/04/2023 15:15:00","EDT","GENESE",61753,1305.8228
"10/04/2023 15:15:00","EDT","HUD VL",61758,1161.1069
"10/04/2023 15:15:00","EDT","LONGIL",61762,2835.5247
"10/04/2023 15:15:00","EDT","MHK VL",61756,801.3984
"10/04/2023 15:15:00","EDT","MILLWD",61759,380.976
"10/04/2023 15:15:00","EDT","N.Y.C.",61761,7284.4287
"10/04/2023 15:15:00","EDT","NORTH",61755,544.7471
"10/04/2023 15:15:00","EDT","WEST",61752,2082.0088
"10/04/2023 15:20:00","EDT","CAPITL",61757,1358.7946
"10/04/2023 15:20:00","EDT","CENTRL",61754,1864.5432
"10/04/2023 15:20:00","EDT","DUNWOD",61760,809.8454
"10/04/2023 15:20:00","EDT","GENESE",61753,1302.009
"10/04/2023 15:20:00","EDT","HUD VL",61758,1158.304
"10/04/2023 15:20:00","EDT","LONGIL",61762,2824.2876
"10/04/2023 15:20:00","EDT","MHK VL",61756,802.5428
"10/04/2023 15:20:00","EDT","MILLWD",61759,376.9804
"10/04/2023 15:20:00","EDT","N.Y.C.",61761,7261.0713
"10/04/2023 15:20:00","EDT","NORTH",61755,542.9034
"10/04/2023 15:20:00","EDT","WEST",61752,2090.2075
"10/04/2023 15:25:00","EDT","CAPITL",61757,1374.9153
"10/04/2023 15:25:00","EDT","CENTRL",61754,1887.1353
"10/04/2023 15:25:00","EDT","DUNWOD",61760,796.6421
"10/04/2023 15:25:00","EDT","GENESE",61753,1296.7727
"10/04/2023 15:25:00","EDT","HUD VL",61758,1184.7211
"10/04/2023 15:25:00","EDT","LONGIL",61762,2856.8118
"10/04/2023 15:25:00","EDT","MHK VL",61756,794.0659
"10/04/2023 15:25:00","EDT","MILLWD",61759,389.3897
"10/04/2023 15:25:00","EDT","N.Y.C.",61761,7284.985
"10/04/2023 15:25:00","EDT","NORTH",61755,548.3182
"10/04/2023 15:25:00","EDT","WEST",61752,2096.7625
"10/04/2023 15:30:00","EDT","CAPITL",61757,1365.781
"10/04/2023 15:30:00","EDT","CENTRL",61754,1874.8982
"10/04/2023 15:30:00","EDT","DUNWOD",61760,808.6199
"10/04/2023 15:30:00","EDT","GENESE",61753,1310.6914
"10/04/2023 15:30:00","EDT","HUD VL",61758,1191.285
"10/04/2023 15:30:00","EDT","LONGIL",61762,2877.12
"10/04/2023 15:30:00","EDT","MHK VL",61756,803.7418
"10/04/2023 15:30:00","EDT","MILLWD",61759,389.932
"10/04/2023 15:30:00","EDT","N.Y.C.",61761,7282.6533
"10/04/2023 15:30:00","EDT","NORTH",61755,549.9753
"10/04/2023 15:30:00","EDT","WEST",61752,2087.8467
"10/04/2023 15:35:00","EDT","CAPITL",61757,1381.2916
"10/04/2023 15:35:00","EDT","CENTRL",61754,1897.8647
"10/04/2023 15:35:00","EDT","DUNWOD",61760,823.1935
"10/04/2023 15:35:00","EDT","GENESE",61753,1316.7109
"10/04/2023 15:35:00","EDT","HUD VL",61758,1196.6158
"10/04/2023 15:35:00","EDT","LONGIL",61762,2878.6873
"10/04/2023 15:35:00","EDT","MHK VL",61756,795.8746
"10/04/2023 15:35:00","EDT","MILLWD",61759,390.6633
"10/04/2023 15:35:00","EDT","N.Y.C.",61761,7276.793
"10/04/2023 15:35:00","EDT","NORTH",61755,548.6069
"10/04/2023 15:35:00","EDT","WEST",61752,2078.0425
"10/04/2023 15:40:00","EDT","CAPITL",61757,1385.1757
"10/04/2023 15:40:00","EDT","CENTRL",61754,1889.1726
"10/04/2023 15:40:00","EDT","DUNWOD",61760,810.0676
"10/04/2023 15:40:00","EDT","GENESE",61753,1318.7747
"10/04/2023 15:40:00","EDT","HUD VL",61758,1213.1407
"10/04/2023 15:40:00","EDT","LONGIL",61762,2892.3682
"10/04/2023 15:40:00","EDT","MHK VL",61756,800.9553
"10/04/2023 15:40:00","EDT","MILLWD",61759,383.4974
"10/04/2023 15:40:00","EDT","N.Y.C.",61761,7316.9487
"10/04/2023 15:40:00","EDT","NORTH",61755,547.4046
"10/04/2023 15:40:00","EDT","WEST",61752,2077.5488
"10/04/2023 15:45:00","EDT","CAPITL",61757,1402.7395
"10/04/2023 15:45:00","EDT","CENTRL",61754,1882.8557
"10/04/2023 15:45:00","EDT","DUNWOD",61760,826.2736
"10/04/2023 15:45:00","EDT","GENESE",61753,1314.0898
"10/04/2023 15:45:00","EDT","HUD VL",61758,1228.3379
"10/04/2023 15:45:00","EDT","LONGIL",61762,2895.608
"10/04/2023 15:45:00","EDT","MHK VL",61756,797.471
"10/04/2023 15:45:00","EDT","MILLWD",61759,376.6792
"10/04/2023 15:45:00","EDT","N.Y.C.",61761,7313.1523
"10/04/2023 15:45:00","EDT","NORTH",61755,547.4642
"10/04/2023 15:45:00","EDT","WEST",61752,2091.1604
"10/04/2023 15:50:00","EDT","CAPITL",61757,1418.5345
"10/04/2023 15:50:00","EDT","CENTRL",61754,1890.5686
"10/04/2023 15:50:00","EDT","DUNWOD",61760,829.5399
"10/04/2023 15:50:00","EDT","GENESE",61753,1324.2637
"10/04/2023 15:50:00","EDT","HUD VL",61758,1224.6805
"10/04/2023 15:50:00","EDT","LONGIL",61762,2919.5283
"10/04/2023 15:50:00","EDT","MHK VL",61756,796.3133
"10/04/2023 15:50:00","EDT","MILLWD",61759,386.6119
"10/04/2023 15:50:00","EDT","N.Y.C.",61761,7303.588
"10/04/2023 15:50:00","EDT","NORTH",61755,548.8796
"10/04/2023 15:50:00","EDT","WEST",61752,2109.1172
"10/04/2023 15:55:00","EDT","CAPITL",61757,1419.3031
"10/04/2023 15:55:00","EDT","CENTRL",61754,1900.1323
"10/04/2023 15:55:00","EDT","DUNWOD",61760,813.6246
"10/04/2023 15:55:00","EDT","GENESE",61753,1322.594
"10/04/2023 15:55:00","EDT","HUD VL",61758,1235.4929
"10/04/2023 15:55:00","EDT","LONGIL",61762,2935.9985
"10/04/2023 15:55:00","EDT","MHK VL",61756,820.444
"10/04/2023 15:55:00","EDT","MILLWD",61759,389.1874
"10/04/2023 15:55:00","EDT","N.Y.C.",61761,7350.7095
"10/04/2023 15:55:00","EDT","NORTH",61755,548.6783
"10/04/2023 15:55:00","EDT","WEST",61752,2111.399
"10/04/2023 16:00:00","EDT","CAPITL",61757,1436.8065
"10/04/2023 16:00:00","EDT","CENTRL",61754,1915.9583
"10/04/2023 16:00:00","EDT","DUNWOD",61760,823.3363
"10/04/2023 16:00:00","EDT","GENESE",61753,1326.0393
"10/04/2023 16:00:00","EDT","HUD VL",61758,1232.9348
"10/04/2023 16:00:00","EDT","LONGIL",61762,2926.623
"10/04/2023 16:00:00","EDT","MHK VL",61756,827.6661
"10/04/2023 16:00:00","EDT","MILLWD",61759,380.7608
"10/04/2023 16:00:00","EDT","N.Y.C.",61761,7352.6436
"10/04/2023 16:00:00","EDT","NORTH",61755,552.267
"10/04/2023 16:00:00","EDT","WEST",61752,2116.0874
"10/04/2023 16:05:00","EDT","CAPITL",61757,1436.1217
"10/04/2023 16:05:00","EDT","CENTRL",61754,1929.249
"10/04/2023 16:05:00","EDT","DUNWOD",61760,838.9014
"10/04/2023 16:05:00","EDT","GENESE",61753,1333.4766
"10/04/2023 16:05:00","EDT","HUD VL",61758,1247.7675
"10/04/2023 16:05:00","EDT","LONGIL",61762,2931.067
"10/04/2023 16:05:00","EDT","MHK VL",61756,822.5544
"10/04/2023 16:05:00","EDT","MILLWD",61759,384.1141
"10/04/2023 16:05:00","EDT","N.Y.C.",61761,7331.443
"10/04/2023 16:05:00","EDT","NORTH",61755,553.9787
"10/04/2023 16:05:00","EDT","WEST",61752,2120.9236
"10/04/2023 16:10:00","EDT","CAPITL",61757,1447.0494
"10/04/2023 16:10:00","EDT","CENTRL",61754,1942.6863
"10/04/2023 16:10:00","EDT","DUNWOD",61760,821.674
"10/04/2023 16:10:00","EDT","GENESE",61753,1335.5533
"10/04/2023 16:10:00","EDT","HUD VL",61758,1266.7964
"10/04/2023 16:10:00","EDT","LONGIL",61762,2965.7095
"10/04/2023 16:10:00","EDT","MHK VL",61756,826.041
"10/04/2023 16:10:00","EDT","MILLWD",61759,393.2072
"10/04/2023 16:10:00","EDT","N.Y.C.",61761,7324.51
"10/04/2023 16:10:00","EDT","NORTH",61755,554.7603
"10/04/2023 16:10:00","EDT","WEST",61752,2114.5854
"10/04/2023 16:15:00","EDT","CAPITL",61757,1466.3088
"10/04/2023 16:15:00","EDT","CENTRL",61754,1949.4042
"10/04/2023 16:15:00","EDT","DUNWOD",61760,824.1413
"10/04/2023 16:15:00","EDT","GENESE",61753,1342.6027
"10/04/2023 16:15:00","EDT","HUD VL",61758,1270.4863
"10/04/2023 16:15:00","EDT","LONGIL",61762,2962.8418
"10/04/2023 16:15:00","EDT","MHK VL",61756,816.713
"10/04/2023 16:15:00","EDT","MILLWD",61759,404.7051
"10/04/2023 16:15:00","EDT","N.Y.C.",61761,7366.3145
"10/04/2023 16:15:00","EDT","NORTH",61755,552.7889
"10/04/2023 16:15:00","EDT","WEST",61752,2108.052
"10/04/2023 16:20:00","EDT","CAPITL",61757,1486.6749
"10/04/2023 16:20:00","EDT","CENTRL",61754,1986.6986
"10/04/2023 16:20:00","EDT","DUNWOD",61760,819.0942
"10/04/2023 16:20:00","EDT","GENESE",61753,1347.4463
"10/04/2023 16:20:00","EDT","HUD VL",61758,1281.2227
"10/04/2023 16:20:00","EDT","LONGIL",61762,2969.4304
"10/04/2023 16:20:00","EDT","MHK VL",61756,824.2636
"10/04/2023 16:20:00","EDT","MILLWD",61759,396.5229
"10/04/2023 16:20:00","EDT","N.Y.C.",61761,7328.8916
"10/04/2023 16:20:00","EDT","NORTH",61755,557.4872
"10/04/2023 16:20:00","EDT","WEST",61752,2121.1504
"10/04/2023 16:25:00","EDT","CAPITL",61757,1494.2567
"10/04/2023 16:25:00","EDT","CENTRL",61754,1990.2072
"10/04/2023 16:25:00","EDT","DUNWOD",61760,829.1265
"10/04/2023 16:25:00","EDT","GENESE",61753,1345.3345
"10/04/2023 16:25:00","EDT","HUD VL",61758,1279.4154
"10/04/2023 16:25:00","EDT","LONGIL",61762,2977.4976
"10/04/2023 16:25:00","EDT","MHK VL",61756,844.4092
"10/04/2023 16:25:00","EDT","MILLWD",61759,397.3799
"10/04/2023 16:25:00","EDT","N.Y.C.",61761,7349.953
"10/04/2023 16:25:00","EDT","NORTH",61755,555.6617
"10/04/2023 16:25:00","EDT","WEST",61752,2111.1035
"10/04/2023 16:30:00","EDT","CAPITL",61757,1504.14
"10/04/2023 16:30:00","EDT","CENTRL",61754,1958.5675
"10/04/2023 16:30:00","EDT","DUNWOD",61760,836.0624
"10/04/2023 16:30:00","EDT","GENESE",61753,1351.9094
"10/04/2023 16:30:00","EDT","HUD VL",61758,1299.5354
"10/04/2023 16:30:00","EDT","LONGIL",61762,2984.1992
"10/04/2023 16:30:00","EDT","MHK VL",61756,869.1766
"10/04/2023 16:30:00","EDT","MILLWD",61759,398.8372
"10/04/2023 16:30:00","EDT","N.Y.C.",61761,7326.8047
"10/04/2023 16:30:00","EDT","NORTH",61755,562.5385
"10/04/2023 16:30:00","EDT","WEST",61752,2123.4426
"10/04/2023 16:32:23","EDT","CAPITL",61757,1517.1012
"10/04/2023 16:32:23","EDT","CENTRL",61754,1952.5048
"10/04/2023 16:32:23","EDT","DUNWOD",61760,839.5653
"10/04/2023 16:32:23","EDT","GENESE",61753,1368.6753
"10/04/2023 16:32:23","EDT","HUD VL",61758,1315.0427
"10/04/2023 16:32:23","EDT","LONGIL",61762,2982.4355
"10/04/2023 16:32:23","EDT","MHK VL",61756,868.3641
"10/04/2023 16:32:23","EDT","MILLWD",61759,376.8539
"10/04/2023 16:32:23","EDT","N.Y.C.",61761,7300.1167
"10/04/2023 16:32:23","EDT","NORTH",61755,560.2075
"10/04/2023 16:32:23","EDT","WEST",61752,2118.688
"10/04/2023 16:34:05","EDT","CAPITL",61757,1528.3022
"10/04/2023 16:34:05","EDT","CENTRL",61754,1971.1759
"10/04/2023 16:34:05","EDT","DUNWOD",61760,839.6678
"10/04/2023 16:34:05","EDT","GENESE",61753,1364.2375
"10/04/2023 16:34:05","EDT","HUD VL",61758,1316.7875
"10/04/2023 16:34:05","EDT","LONGIL",61762,2983.7134
"10/04/2023 16:34:05","EDT","MHK VL",61756,868.3091
"10/04/2023 16:34:05","EDT","MILLWD",61759,397.7879
"10/04/2023 16:34:05","EDT","N.Y.C.",61761,7335.136
"10/04/2023 16:34:05","EDT","NORTH",61755,558.9711
"10/04/2023 16:34:05","EDT","WEST",61752,2124.5635
"10/04/2023 16:35:00","EDT","CAPITL",61757,1517.1838
"10/04/2023 16:35:00","EDT","CENTRL",61754,1993.2549
"10/04/2023 16:35:00","EDT","DUNWOD",61760,851.855
"10/04/2023 16:35:00","EDT","GENESE",61753,1374.7598
"10/04/2023 16:35:00","EDT","HUD VL",61758,1321.318
"10/04/2023 16:35:00","EDT","LONGIL",61762,2986.1375
"10/04/2023 16:35:00","EDT","MHK VL",61756,877.3008
"10/04/2023 16:35:00","EDT","MILLWD",61759,397.6673
"10/04/2023 16:35:00","EDT","N.Y.C.",61761,7299.9297
"10/04/2023 16:35:00","EDT","NORTH",61755,558.3363
"10/04/2023 16:35:00","EDT","WEST",61752,2127.0637
"10/04/2023 16:40:00","EDT","CAPITL",61757,1521.1053
"10/04/2023 16:40:00","EDT","CENTRL",61754,2013.0137
"10/04/2023 16:40:00","EDT","DUNWOD",61760,832.2912
"10/04/2023 16:40:00","EDT","GENESE",61753,1370.0476
"10/04/2023 16:40:00","EDT","HUD VL",61758,1326.5718
"10/04/2023 16:40:00","EDT","LONGIL",61762,2987.376
"10/04/2023 16:40:00","EDT","MHK VL",61756,865.0612
"10/04/2023 16:40:00","EDT","MILLWD",61759,393.4703
"10/04/2023 16:40:00","EDT","N.Y.C.",61761,7339.325
"10/04/2023 16:40:00","EDT","NORTH",61755,565.7463
"10/04/2023 16:40:00","EDT","WEST",61752,2138.505
"10/04/2023 16:45:00","EDT","CAPITL",61757,1533.5283
"10/04/2023 16:45:00","EDT","CENTRL",61754,2022.3743
"10/04/2023 16:45:00","EDT","DUNWOD",61760,874.9957
"10/04/2023 16:45:00","EDT","GENESE",61753,1392.793
"10/04/2023 16:45:00","EDT","HUD VL",61758,1334.5836
"10/04/2023 16:45:00","EDT","LONGIL",61762,2992.2861
"10/04/2023 16:45:00","EDT","MHK VL",61756,879.5638
"10/04/2023 16:45:00","EDT","MILLWD",61759,384.5757
"10/04/2023 16:45:00","EDT","N.Y.C.",61761,7271.165
"10/04/2023 16:45:00","EDT","NORTH",61755,565.1638
"10/04/2023 16:45:00","EDT","WEST",61752,2124.228
"10/04/2023 16:50:00","EDT","CAPITL",61757,1547.9607
"10/04/2023 16:50:00","EDT","CENTRL",61754,2024.8137
"10/04/2023 16:50:00","EDT","DUNWOD",61760,842.3839
"10/04/2023 16:50:00","EDT","GENESE",61753,1387.9878
"10/04/2023 16:50:00","EDT","HUD VL",61758,1329.3774
"10/04/2023 16:50:00","EDT","LONGIL",61762,3001.1914
"10/04/2023 16:50:00","EDT","MHK VL",61756,889.6959
"10/04/2023 16:50:00","EDT","MILLWD",61759,407.3569
"10/04/2023 16:50:00","EDT","N.Y.C.",61761,7331.7314
"10/04/2023 16:50:00","EDT","NORTH",61755,563.6726
"10/04/2023 16:50:00","EDT","WEST",61752,2121.677
"10/04/2023 16:55:00","EDT","CAPITL",61757,1562.3082
"10/04/2023 16:55:00","EDT","CENTRL",61754,2043.2529
"10/04/2023 16:55:00","EDT","DUNWOD",61760,832.1361
"10/04/2023 16:55:00","EDT","GENESE",61753,1403.8872
"10/04/2023 16:55:00","EDT","HUD VL",61758,1338.6808
"10/04/2023 16:55:00","EDT","LONGIL",61762,3008.916
"10/04/2023 16:55:00","EDT","MHK VL",61756,907.4296
"10/04/2023 16:55:00","EDT","MILLWD",61759,406.6362
"10/04/2023 16:55:00","EDT","N.Y.C.",61761,7309.087
"10/04/2023 16:55:00","EDT","NORTH",61755,566.8742
"10/04/2023 16:55:00","EDT","WEST",61752,2134.044
"10/04/2023 17:00:00","EDT","CAPITL",61757,1603.3286
"10/04/2023 17:00:00","EDT","CENTRL",61754,2070.9429
"10/04/2023 17:00:00","EDT","DUNWOD",61760,845.6749
"10/04/2023 17:00:00","EDT","GENESE",61753,1408.8259
"10/04/2023 17:00:00","EDT","HUD VL",61758,1368.502
"10/04/2023 17:00:00","EDT","LONGIL",61762,3013.5544
"10/04/2023 17:00:00","EDT","MHK VL",61756,885.5163
"10/04/2023 17:00:00","EDT","MILLWD",61759,392.5155
"10/04/2023 17:00:00","EDT","N.Y.C.",61761,7320.7764
"10/04/2023 17:00:00","EDT","NORTH",61755,566.871
"10/04/2023 17:00:00","EDT","WEST",61752,2143.6936
"10/04/2023 17:05:00","EDT","CAPITL",61757,1574.891
"10/04/2023 17:05:00","EDT","CENTRL",61754,2066.0237
"10/04/2023 17:05:00","EDT","DUNWOD",61760,839.5075
"10/04/2023 17:05:00","EDT","GENESE",61753,1411.0923
"10/04/2023 17:05:00","EDT","HUD VL",61758,1371.6328
"10/04/2023 17:05:00","EDT","LONGIL",61762,3025.9878
"10/04/2023 17:05:00","EDT","MHK VL",61756,919.9456
"10/04/2023 17:05:00","EDT","MILLWD",61759,410.1919
"10/04/2023 17:05:00","EDT","N.Y.C.",61761,7315.2256
"10/04/2023 17:05:00","EDT","NORTH",61755,573.1996
"10/04/2023 17:05:00","EDT","WEST",61752,2147.5598
"10/04/2023 17:10:00","EDT","CAPITL",61757,1573.7816
"10/04/2023 17:10:00","EDT","CENTRL",61754,2104.0503
"10/04/2023 17:10:00","EDT","DUNWOD",61760,826.3496
"10/04/2023 17:10:00","EDT","GENESE",61753,1408.9799
"10/04/2023 17:10:00","EDT","HUD VL",61758,1360.9498
"10/04/2023 17:10:00","EDT","LONGIL",61762,3017.7505
"10/04/2023 17:10:00","EDT","MHK VL",61756,931.9483
"10/04/2023 17:10:00","EDT","MILLWD",61759,395.8463
"10/04/2023 17:10:00","EDT","N.Y.C.",61761,7296.3623
"10/04/2023 17:10:00","EDT","NORTH",61755,571.2181
"10/04/2023 17:10:00","EDT","WEST",61752,2139.2961
"10/04/2023 17:15:00","EDT","CAPITL",61757,1572.3702
"10/04/2023 17:15:00","EDT","CENTRL",61754,2047.0977
"10/04/2023 17:15:00","EDT","DUNWOD",61760,855.1692
"10/04/2023 17:15:00","EDT","GENESE",61753,1418.4609
"10/04/2023 17:15:00","EDT","HUD VL",61758,1379.0017
"10/04/2023 17:15:00","EDT","LONGIL",61762,3010.349
"10/04/2023 17:15:00","EDT","MHK VL",61756,954.7995
"10/04/2023 17:15:00","EDT","MILLWD",61759,365.6309
"10/04/2023 17:15:00","EDT","N.Y.C.",61761,7270.934
"10/04/2023 17:15:00","EDT","NORTH",61755,567.9403
"10/04/2023 17:15:00","EDT","WEST",61752,2149.0261
"10/04/2023 17:20:00","EDT","CAPITL",61757,1593.0627
"10/04/2023 17:20:00","EDT","CENTRL",61754,2083.775
"10/04/2023 17:20:00","EDT","DUNWOD",61760,826.1933
"10/04/2023 17:20:00","EDT","GENESE",61753,1436.4154
"10/04/2023 17:20:00","EDT","HUD VL",61758,1388.7565
"10/04/2023 17:20:00","EDT","LONGIL",61762,3024.977
"10/04/2023 17:20:00","EDT","MHK VL",61756,946.7227
"10/04/2023 17:20:00","EDT","MILLWD",61759,397.3856
"10/04/2023 17:20:00","EDT","N.Y.C.",61761,7246.25
"10/04/2023 17:20:00","EDT","NORTH",61755,578.4166
"10/04/2023 17:20:00","EDT","WEST",61752,2139.979
"10/04/2023 17:25:00","EDT","CAPITL",61757,1596.2349
"10/04/2023 17:25:00","EDT","CENTRL",61754,2114.357
"10/04/2023 17:25:00","EDT","DUNWOD",61760,831.9021
"10/04/2023 17:25:00","EDT","GENESE",61753,1441.496
"10/04/2023 17:25:00","EDT","HUD VL",61758,1394.4012
"10/04/2023 17:25:00","EDT","LONGIL",61762,3017.3464
"10/04/2023 17:25:00","EDT","MHK VL",61756,964.8104
"10/04/2023 17:25:00","EDT","MILLWD",61759,393.8419
"10/04/2023 17:25:00","EDT","N.Y.C.",61761,7258.286
"10/04/2023 17:25:00","EDT","NORTH",61755,575.2007
"10/04/2023 17:25:00","EDT","WEST",61752,2149.2864
"10/04/2023 17:30:00","EDT","CAPITL",61757,1617.2189
"10/04/2023 17:30:00","EDT","CENTRL",61754,2131.0312
"10/04/2023 17:30:00","EDT","DUNWOD",61760,831.182
"10/04/2023 17:30:00","EDT","GENESE",61753,1443.062
"10/04/2023 17:30:00","EDT","HUD VL",61758,1377.57
"10/04/2023 17:30:00","EDT","LONGIL",61762,3033.302
"10/04/2023 17:30:00","EDT","MHK VL",61756,961.571
"10/04/2023 17:30:00","EDT","MILLWD",61759,399.4464
"10/04/2023 17:30:00","EDT","N.Y.C.",61761,7219.218
"10/04/2023 17:30:00","EDT","NORTH",61755,572.4376
"10/04/2023 17:30:00","EDT","WEST",61752,2148.8242
"10/04/2023 17:35:00","EDT","CAPITL",61757,1621.7172
"10/04/2023 17:35:00","EDT","CENTRL",61754,2158.7559
"10/04/2023 17:35:00","EDT","DUNWOD",61760,819.6173
"10/04/2023 17:35:00","EDT","GENESE",61753,1451.7053
"10/04/2023 17:35:00","EDT","HUD VL",61758,1398.0962
"10/04/2023 17:35:00","EDT","LONGIL",61762,3022.4663
"10/04/2023 17:35:00","EDT","MHK VL",61756,968.9717
"10/04/2023 17:35:00","EDT","MILLWD",61759,404.9286
"10/04/2023 17:35:00","EDT","N.Y.C.",61761,7210.244
"10/04/2023 17:35:00","EDT","NORTH",61755,577.4793
"10/04/2023 17:35:00","EDT","WEST",61752,2152.6533
"10/04/2023 17:40:00","EDT","CAPITL",61757,1633.9683
"10/04/2023 17:40:00","EDT","CENTRL",61754,2137.3599
"10/04/2023 17:40:00","EDT","DUNWOD",61760,813.1199
"10/04/2023 17:40:00","EDT","GENESE",61753,1464.1296
"10/04/2023 17:40:00","EDT","HUD VL",61758,1401.7286
"10/04/2023 17:40:00","EDT","LONGIL",61762,3031.2275
"10/04/2023 17:40:00","EDT","MHK VL",61756,969.506
"10/04/2023 17:40:00","EDT","MILLWD",61759,415.061
"10/04/2023 17:40:00","EDT","N.Y.C.",61761,7229.3496
"10/04/2023 17:40:00","EDT","NORTH",61755,575.3525
"10/04/2023 17:40:00","EDT","WEST",61752,2149.922
"10/04/2023 17:45:00","EDT","CAPITL",61757,1628.0215
"10/04/2023 17:45:00","EDT","CENTRL",61754,2146.2173
"10/04/2023 17:45:00","EDT","DUNWOD",61760,814.5986
"10/04/2023 17:45:00","EDT","GENESE",61753,1467.019
"10/04/2023 17:45:00","EDT","HUD VL",61758,1409.1781
"10/04/2023 17:45:00","EDT","LONGIL",61762,3035.9402
"10/04/2023 17:45:00","EDT","MHK VL",61756,998.6652
"10/04/2023 17:45:00","EDT","MILLWD",61759,399.3484
"10/04/2023 17:45:00","EDT","N.Y.C.",61761,7160.872
"10/04/2023 17:45:00","EDT","NORTH",61755,574.5548
"10/04/2023 17:45:00","EDT","WEST",61752,2159.07
"10/04/2023 17:50:00","EDT","CAPITL",61757,1643.4347
"10/04/2023 17:50:00","EDT","CENTRL",61754,2195.2852
"10/04/2023 17:50:00","EDT","DUNWOD",61760,809.4562
"10/04/2023 17:50:00","EDT","GENESE",61753,1471.3623
"10/04/2023 17:50:00","EDT","HUD VL",61758,1398.8936
"10/04/2023 17:50:00","EDT","LONGIL",61762,3046.8628
"10/04/2023 17:50:00","EDT","MHK VL",61756,1008.6539
"10/04/2023 17:50:00","EDT","MILLWD",61759,410.1301
"10/04/2023 17:50:00","EDT","N.Y.C.",61761,7128.9697
"10/04/2023 17:50:00","EDT","NORTH",61755,575.7185
"10/04/2023 17:50:00","EDT","WEST",61752,2161.878
"10/04/2023 17:55:00","EDT","CAPITL",61757,1649.8749
"10/04/2023 17:55:00","EDT","CENTRL",61754,2207.9568
"10/04/2023 17:55:00","EDT","DUNWOD",61760,808.2401
"10/04/2023 17:55:00","EDT","GENESE",61753,1470.224
"10/04/2023 17:55:00","EDT","HUD VL",61758,1406.4124
"10/04/2023 17:55:00","EDT","LONGIL",61762,3022.8174
"10/04/2023 17:55:00","EDT","MHK VL",61756,998.0684
"10/04/2023 17:55:00","EDT","MILLWD",61759,404.2385
"10/04/2023 17:55:00","EDT","N.Y.C.",61761,7124.367
"10/04/2023 17:55:00","EDT","NORTH",61755,576.5613
"10/04/2023 17:55:00","EDT","WEST",61752,2148.6868
"10/04/2023 18:00:00","EDT","CAPITL",61757,1651.2426
"10/04/2023 18:00:00","EDT","CENTRL",61754,2197.2603
"10/04/2023 18:00:00","EDT","DUNWOD",61760,806.8391
"10/04/2023 18:00:00","EDT","GENESE",61753,1482.6709
"10/04/2023 18:00:00","EDT","HUD VL",61758,1400.26
"10/04/2023 18:00:00","EDT","LONGIL",61762,2998.2253
"10/04/2023 18:00:00","EDT","MHK VL",61756,1004.4697
"10/04/2023 18:00:00","EDT","MILLWD",61759,406.9856
"10/04/2023 18:00:00","EDT","N.Y.C.",61761,7085.8784
"10/04/2023 18:00:00","EDT","NORTH",61755,580.7859
"10/04/2023 18:00:00","EDT","WEST",61752,2127.8062
"10/04/2023 18:05:00","EDT","CAPITL",61757,1659.7522
"10/04/2023 18:05:00","EDT","CENTRL",61754,2158.1626
"10/04/2023 18:05:00","EDT","DUNWOD",61760,798.6819
"10/04/2023 18:05:00","EDT","GENESE",61753,1483.4214
"10/04/2023 18:05:00","EDT","HUD VL",61758,1424.6505
"10/04/2023 18:05:00","EDT","LONGIL",61762,2995.795
"10/04/2023 18:05:00","EDT","MHK VL",61756,1011.0181
"10/04/2023 18:05:00","EDT","MILLWD",61759,397.5381
"10/04/2023 18:05:00","EDT","N.Y.C.",61761,7059.8203
"10/04/2023 18:05:00","EDT","NORTH",61755,581.7756
"10/04/2023 18:05:00","EDT","WEST",61752,2123.2231
"10/04/2023 18:10:00","EDT","CAPITL",61757,1637.8425
"10/04/2023 18:10:00","EDT","CENTRL",61754,2204.6252
"10/04/2023 18:10:00","EDT","DUNWOD",61760,797.821
"10/04/2023 18:10:00","EDT","GENESE",61753,1485.2913
"10/04/2023 18:10:00","EDT","HUD VL",61758,1407.3795
"10/04/2023 18:10:00","EDT","LONGIL",61762,2974.2603
"10/04/2023 18:10:00","EDT","MHK VL",61756,1007.4312
"10/04/2023 18:10:00","EDT","MILLWD",61759,396.8147
"10/04/2023 18:10:00","EDT","N.Y.C.",61761,6934.3247
"10/04/2023 18:10:00","EDT","NORTH",61755,578.9032
"10/04/2023 18:10:00","EDT","WEST",61752,2105.9417
"10/04/2023 18:15:00","EDT","CAPITL",61757,1645.008
"10/04/2023 18:15:00","EDT","CENTRL",61754,2160.9585
"10/04/2023 18:15:00","EDT","DUNWOD",61760,796.6778
"10/04/2023 18:15:00","EDT","GENESE",61753,1476.8584
"10/04/2023 18:15:00","EDT","HUD VL",61758,1436.442
"10/04/2023 18:15:00","EDT","LONGIL",61762,2958.2412
"10/04/2023 18:15:00","EDT","MHK VL",61756,1013.248
"10/04/2023 18:15:00","EDT","MILLWD",61759,426.5605
"10/04/2023 18:15:00","EDT","N.Y.C.",61761,6906.6064
"10/04/2023 18:15:00","EDT","NORTH",61755,581.3815
"10/04/2023 18:15:00","EDT","WEST",61752,2106.2976
"10/04/2023 18:20:00","EDT","CAPITL",61757,1654.6267
"10/04/2023 18:20:00","EDT","CENTRL",61754,2154.48
"10/04/2023 18:20:00","EDT","DUNWOD",61760,817.0148
"10/04/2023 18:20:00","EDT","GENESE",61753,1477.3315
"10/04/2023 18:20:00","EDT","HUD VL",61758,1418.8606
"10/04/2023 18:20:00","EDT","LONGIL",61762,2959.0115
"10/04/2023 18:20:00","EDT","MHK VL",61756,999.3472
"10/04/2023 18:20:00","EDT","MILLWD",61759,375.9889
"10/04/2023 18:20:00","EDT","N.Y.C.",61761,6846.195
"10/04/2023 18:20:00","EDT","NORTH",61755,581.1683
"10/04/2023 18:20:00","EDT","WEST",61752,2103.4482
"10/04/2023 18:25:00","EDT","CAPITL",61757,1652.1306
"10/04/2023 18:25:00","EDT","CENTRL",61754,2192.6313
"10/04/2023 18:25:00","EDT","DUNWOD",61760,786.8431
"10/04/2023 18:25:00","EDT","GENESE",61753,1474.2957
"10/04/2023 18:25:00","EDT","HUD VL",61758,1410.5197
"10/04/2023 18:25:00","EDT","LONGIL",61762,2971.964
"10/04/2023 18:25:00","EDT","MHK VL",61756,994.9592
"10/04/2023 18:25:00","EDT","MILLWD",61759,415.6173
"10/04/2023 18:25:00","EDT","N.Y.C.",61761,6851.1787
"10/04/2023 18:25:00","EDT","NORTH",61755,577.2274
"10/04/2023 18:25:00","EDT","WEST",61752,2091.983
"10/04/2023 18:30:00","EDT","CAPITL",61757,1658.443
"10/04/2023 18:30:00","EDT","CENTRL",61754,2205.2139
"10/04/2023 18:30:00","EDT","DUNWOD",61760,788.4922
"10/04/2023 18:30:00","EDT","GENESE",61753,1467.9806
"10/04/2023 18:30:00","EDT","HUD VL",61758,1386.7249
"10/04/2023 18:30:00","EDT","LONGIL",61762,2933.743
"10/04/2023 18:30:00","EDT","MHK VL",61756,995.9382
"10/04/2023 18:30:00","EDT","MILLWD",61759,407.7358
"10/04/2023 18:30:00","EDT","N.Y.C.",61761,6807.4604
"10/04/2023 18:30:00","EDT","NORTH",61755,576.0819
"10/04/2023 18:30:00","EDT","WEST",61752,2083.2754
"10/04/2023 18:35:00","EDT","CAPITL",61757,1650.7092
"10/04/2023 18:35:00","EDT","CENTRL",61754,2210.9595
"10/04/2023 18:35:00","EDT","DUNWOD",61760,779.0936
"10/04/2023 18:35:00","EDT","GENESE",61753,1468.1936
"10/04/2023 18:35:00","EDT","HUD VL",61758,1378.1466
"10/04/2023 18:35:00","EDT","LONGIL",61762,2944.7593
"10/04/2023 18:35:00","EDT","MHK VL",61756,1021.5268
"10/04/2023 18:35:00","EDT","MILLWD",61759,422.5813
"10/04/2023 18:35:00","EDT","N.Y.C.",61761,6826.8457
"10/04/2023 18:35:00","EDT","NORTH",61755,575.9584
"10/04/2023 18:35:00","EDT","WEST",61752,2090.3516
"10/04/2023 18:40:00","EDT","CAPITL",61757,1651.6125
"10/04/2023 18:40:00","EDT","CENTRL",61754,2213.4482
"10/04/2023 18:40:00","EDT","DUNWOD",61760,800.585
"10/04/2023 18:40:00","EDT","GENESE",61753,1461.6499
"10/04/2023 18:40:00","EDT","HUD VL",61758,1390.7051
"10/04/2023 18:40:00","EDT","LONGIL",61762,2944.5022
"10/04/2023 18:40:00","EDT","MHK VL",61756,1013.75
"10/04/2023 18:40:00","EDT","MILLWD",61759,427.306
"10/04/2023 18:40:00","EDT","N.Y.C.",61761,6794.0957
"10/04/2023 18:40:00","EDT","NORTH",61755,579.2661
"10/04/2023 18:40:00","EDT","WEST",61752,2074.5742
"10/04/2023 18:45:00","EDT","CAPITL",61757,1654.4705
"10/04/2023 18:45:00","EDT","CENTRL",61754,2181.7734
"10/04/2023 18:45:00","EDT","DUNWOD",61760,792.1803
"10/04/2023 18:45:00","EDT","GENESE",61753,1470.8777
"10/04/2023 18:45:00","EDT","HUD VL",61758,1404.8875
"10/04/2023 18:45:00","EDT","LONGIL",61762,2943.26
"10/04/2023 18:45:00","EDT","MHK VL",61756,1021.5347
"10/04/2023 18:45:00","EDT","MILLWD",61759,410.8222
"10/04/2023 18:45:00","EDT","N.Y.C.",61761,6783.757
"10/04/2023 18:45:00","EDT","NORTH",61755,582.3363
"10/04/2023 18:45:00","EDT","WEST",61752,2072.2593
"10/04/2023 18:50:00","EDT","CAPITL",61757,1667.4932
"10/04/2023 18:50:00","EDT","CENTRL",61754,2199.651
"10/04/2023 18:50:00","EDT","DUNWOD",61760,802.329
"10/04/2023 18:50:00","EDT","GENESE",61753,1466.8248
"10/04/2023 18:50:00","EDT","HUD VL",61758,1403.4971
"10/04/2023 18:50:00","EDT","LONGIL",61762,2945.0342
"10/04/2023 18:50:00","EDT","MHK VL",61756,1019.5884
"10/04/2023 18:50:00","EDT","MILLWD",61759,415.2443
"10/04/2023 18:50:00","EDT","N.Y.C.",61761,6792.05
"10/04/2023 18:50:00","EDT","NORTH",61755,578.8449
"10/04/2023 18:50:00","EDT","WEST",61752,2065.4622
"10/04/2023 18:55:00","EDT","CAPITL",61757,1660.4658
"10/04/2023 18:55:00","EDT","CENTRL",61754,2194.2554
"10/04/2023 18:55:00","EDT","DUNWOD",61760,797.0425
"10/04/2023 18:55:00","EDT","GENESE",61753,1468.2212
"10/04/2023 18:55:00","EDT","HUD VL",61758,1404.1047
"10/04/2023 18:55:00","EDT","LONGIL",61762,2975.9395
"10/04/2023 18:55:00","EDT","MHK VL",61756,1047.4282
"10/04/2023 18:55:00","EDT","MILLWD",61759,413.0929
"10/04/2023 18:55:00","EDT","N.Y.C.",61761,6775.646
"10/04/2023 18:55:00","EDT","NORTH",61755,580.8766
"10/04/2023 18:55:00","EDT","WEST",61752,2077.3345
"10/04/2023 19:00:00","EDT","CAPITL",61757,1669.9333
"10/04/2023 19:00:00","EDT","CENTRL",61754,2189.1309
"10/04/2023 19:00:00","EDT","DUNWOD",61760,804.125
"10/04/2023 19:00:00","EDT","GENESE",61753,1455.1672
"10/04/2023 19:00:00","EDT","HUD VL",61758,1411.5438
"10/04/2023 19:00:00","EDT","LONGIL",61762,2954.024
"10/04/2023 19:00:00","EDT","MHK VL",61756,1046.7594
"10/04/2023 19:00:00","EDT","MILLWD",61759,420.1916
"10/04/2023 19:00:00","EDT","N.Y.C.",61761,6765.626
"10/04/2023 19:00:00","EDT","NORTH",61755,584.475
"10/04/2023 19:00:00","EDT","WEST",61752,2085.5872
"10/04/2023 19:05:00","EDT","CAPITL",61757,1654.4907
"10/04/2023 19:05:00","EDT","CENTRL",61754,2153.3354
"10/04/2023 19:05:00","EDT","DUNWOD",61760,795.7371
"10/04/2023 19:05:00","EDT","GENESE",61753,1461.697
"10/04/2023 19:05:00","EDT","HUD VL",61758,1410.0557
"10/04/2023 19:05:00","EDT","LONGIL",61762,2936.917
"10/04/2023 19:05:00","EDT","MHK VL",61756,1048.5978
"10/04/2023 19:05:00","EDT","MILLWD",61759,421.0748
"10/04/2023 19:05:00","EDT","N.Y.C.",61761,6801.3965
"10/04/2023 19:05:00","EDT","NORTH",61755,588.7219
"10/04/2023 19:05:00","EDT","WEST",61752,2053.4875
"10/04/2023 19:10:00","EDT","CAPITL",61757,1654.2896
"10/04/2023 19:10:00","EDT","CENTRL",61754,2178.0508
"10/04/2023 19:10:00","EDT","DUNWOD",61760,813.3053
"10/04/2023 19:10:00","EDT","GENESE",61753,1457.7811
"10/04/2023 19:10:00","EDT","HUD VL",61758,1396.6042
"10/04/2023 19:10:00","EDT","LONGIL",61762,2936.9268
"10/04/2023 19:10:00","EDT","MHK VL",61756,1048.7828
"10/04/2023 19:10:00","EDT","MILLWD",61759,404.4034
"10/04/2023 19:10:00","EDT","N.Y.C.",61761,6745.353
"10/04/2023 19:10:00","EDT","NORTH",61755,568.6399
"10/04/2023 19:10:00","EDT","WEST",61752,2069.246
"10/04/2023 19:15:00","EDT","CAPITL",61757,1657.7979
"10/04/2023 19:15:00","EDT","CENTRL",61754,2161.3723
"10/04/2023 19:15:00","EDT","DUNWOD",61760,805.5717
"10/04/2023 19:15:00","EDT","GENESE",61753,1450.4285
"10/04/2023 19:15:00","EDT","HUD VL",61758,1367.6406
"10/04/2023 19:15:00","EDT","LONGIL",61762,2937.7188
"10/04/2023 19:15:00","EDT","MHK VL",61756,1042.5199
"10/04/2023 19:15:00","EDT","MILLWD",61759,426.5996
"10/04/2023 19:15:00","EDT","N.Y.C.",61761,6736.9067
"10/04/2023 19:15:00","EDT","NORTH",61755,583.5595
"10/04/2023 19:15:00","EDT","WEST",61752,2087.6978
"10/04/2023 19:20:00","EDT","CAPITL",61757,1675.7426
"10/04/2023 19:20:00","EDT","CENTRL",61754,2173.6406
"10/04/2023 19:20:00","EDT","DUNWOD",61760,799.6724
"10/04/2023 19:20:00","EDT","GENESE",61753,1455.7778
"10/04/2023 19:20:00","EDT","HUD VL",61758,1377.6499
"10/04/2023 19:20:00","EDT","LONGIL",61762,2919.7192
"10/04/2023 19:20:00","EDT","MHK VL",61756,1038.7369
"10/04/2023 19:20:00","EDT","MILLWD",61759,422.9032
"10/04/2023 19:20:00","EDT","N.Y.C.",61761,6713.4346
"10/04/2023 19:20:00","EDT","NORTH",61755,576.2705
"10/04/2023 19:20:00","EDT","WEST",61752,2091.0884
"10/04/2023 19:25:00","EDT","CAPITL",61757,1657.7007
"10/04/2023 19:25:00","EDT","CENTRL",61754,2115.7288
"10/04/2023 19:25:00","EDT","DUNWOD",61760,799.2771
"10/04/2023 19:25:00","EDT","GENESE",61753,1444.5175
"10/04/2023 19:25:00","EDT","HUD VL",61758,1387.512
"10/04/2023 19:25:00","EDT","LONGIL",61762,2912.9404
"10/04/2023 19:25:00","EDT","MHK VL",61756,1034.8668
"10/04/2023 19:25:00","EDT","MILLWD",61759,413.8705
"10/04/2023 19:25:00","EDT","N.Y.C.",61761,6709.7217
"10/04/2023 19:25:00","EDT","NORTH",61755,576.4108
"10/04/2023 19:25:00","EDT","WEST",61752,2088.9243
"10/04/2023 19:30:00","EDT","CAPITL",61757,1649.8383
"10/04/2023 19:30:00","EDT","CENTRL",61754,2147.3125
"10/04/2023 19:30:00","EDT","DUNWOD",61760,787.9753
"10/04/2023 19:30:00","EDT","GENESE",61753,1439.8918
"10/04/2023 19:30:00","EDT","HUD VL",61758,1395.6498
"10/04/2023 19:30:00","EDT","LONGIL",61762,2890.02
"10/04/2023 19:30:00","EDT","MHK VL",61756,1025.9471
"10/04/2023 19:30:00","EDT","MILLWD",61759,410.983
"10/04/2023 19:30:00","EDT","N.Y.C.",61761,6689.861
"10/04/2023 19:30:00","EDT","NORTH",61755,583.2349
"10/04/2023 19:30:00","EDT","WEST",61752,2078.5312
"10/04/2023 19:35:00","EDT","CAPITL",61757,1658.1067
"10/04/2023 19:35:00","EDT","CENTRL",61754,2150.5107
"10/04/2023 19:35:00","EDT","DUNWOD",61760,790.1818
"10/04/2023 19:35:00","EDT","GENESE",61753,1442.134
"10/04/2023 19:35:00","EDT","HUD VL",61758,1382.8722
"10/04/2023 19:35:00","EDT","LONGIL",61762,2872.3887
"10/04/2023 19:35:00","EDT","MHK VL",61756,1017.5268
"10/04/2023 19:35:00","EDT","MILLWD",61759,416.5316
"10/04/2023 19:35:00","EDT","N.Y.C.",61761,6634.8125
"10/04/2023 19:35:00","EDT","NORTH",61755,582.195
"10/04/2023 19:35:00","EDT","WEST",61752,2074.1099
"10/04/2023 19:40:00","EDT","CAPITL",61757,1654.3701
"10/04/2023 19:40:00","EDT","CENTRL",61754,2145.5747
"10/04/2023 19:40:00","EDT","DUNWOD",61760,799.184
"10/04/2023 19:40:00","EDT","GENESE",61753,1431.0957
"10/04/2023 19:40:00","EDT","HUD VL",61758,1372.3304
"10/04/2023 19:40:00","EDT","LONGIL",61762,2876.851
"10/04/2023 19:40:00","EDT","MHK VL",61756,1025.5378
"10/04/2023 19:40:00","EDT","MILLWD",61759,414.5365
"10/04/2023 19:40:00","EDT","N.Y.C.",61761,6626.5474
"10/04/2023 19:40:00","EDT","NORTH",61755,578.2601
"10/04/2023 19:40:00","EDT","WEST",61752,2071.7805
"10/04/2023 19:45:00","EDT","CAPITL",61757,1658.3169
"10/04/2023 19:45:00","EDT","CENTRL",61754,2137.003
"10/04/2023 19:45:00","EDT","DUNWOD",61760,798.5171
"10/04/2023 19:45:00","EDT","GENESE",61753,1428.7086
"10/04/2023 19:45:00","EDT","HUD VL",61758,1382.2412
"10/04/2023 19:45:00","EDT","LONGIL",61762,2859.8237
"10/04/2023 19:45:00","EDT","MHK VL",61756,1028.4767
"10/04/2023 19:45:00","EDT","MILLWD",61759,407.6304
"10/04/2023 19:45:00","EDT","N.Y.C.",61761,6583.964
"10/04/2023 19:45:00","EDT","NORTH",61755,574.2051
"10/04/2023 19:45:00","EDT","WEST",61752,2071.2068
"10/04/2023 19:50:00","EDT","CAPITL",61757,1643.7958
"10/04/2023 19:50:00","EDT","CENTRL",61754,2079.079
"10/04/2023 19:50:00","EDT","DUNWOD",61760,786.4462
"10/04/2023 19:50:00","EDT","GENESE",61753,1416.2855
"10/04/2023 19:50:00","EDT","HUD VL",61758,1367.108
"10/04/2023 19:50:00","EDT","LONGIL",61762,2857.581
"10/04/2023 19:50:00","EDT","MHK VL",61756,1018.1572
"10/04/2023 19:50:00","EDT","MILLWD",61759,386.1129
"10/04/2023 19:50:00","EDT","N.Y.C.",61761,6588.986
"10/04/2023 19:50:00","EDT","NORTH",61755,578.0792
"10/04/2023 19:50:00","EDT","WEST",61752,2087.302
"10/04/2023 19:55:00","EDT","CAPITL",61757,1617.8286
"10/04/2023 19:55:00","EDT","CENTRL",61754,2066.0532
"10/04/2023 19:55:00","EDT","DUNWOD",61760,770.3002
"10/04/2023 19:55:00","EDT","GENESE",61753,1421.1465
"10/04/2023 19:55:00","EDT","HUD VL",61758,1362.7051
"10/04/2023 19:55:00","EDT","LONGIL",61762,2843.5703
"10/04/2023 19:55:00","EDT","MHK VL",61756,1030.2316
"10/04/2023 19:55:00","EDT","MILLWD",61759,379.8455
"10/04/2023 19:55:00","EDT","N.Y.C.",61761,6576.1084
"10/04/2023 19:55:00","EDT","NORTH",61755,579.3773
"10/04/2023 19:55:00","EDT","WEST",61752,2058.7148
"10/04/2023 20:00:00","EDT","CAPITL",61757,1632.4028
"10/04/2023 20:00:00","EDT","CENTRL",61754,2092.9233
"10/04/2023 20:00:00","EDT","DUNWOD",61760,771.9335
"10/04/2023 20:00:00","EDT","GENESE",61753,1414.5486
"10/04/2023 20:00:00","EDT","HUD VL",61758,1343.9572
"10/04/2023 20:00:00","EDT","LONGIL",61762,2840.2158
"10/04/2023 20:00:00","EDT","MHK VL",61756,1012.7884
"10/04/2023 20:00:00","EDT","MILLWD",61759,409.5438
"10/04/2023 20:00:00","EDT","N.Y.C.",61761,6539.14
"10/04/2023 20:00:00","EDT","NORTH",61755,576.999
"10/04/2023 20:00:00","EDT","WEST",61752,2045.8081
"10/04/2023 20:05:00","EDT","CAPITL",61757,1626.8735
"10/04/2023 20:05:00","EDT","CENTRL",61754,2028.8059
"10/04/2023 20:05:00","EDT","DUNWOD",61760,766.1477
"10/04/2023 20:05:00","EDT","GENESE",61753,1404.8534
"10/04/2023 20:05:00","EDT","HUD VL",61758,1359.8276
"10/04/2023 20:05:00","EDT","LONGIL",61762,2819.594
"10/04/2023 20:05:00","EDT","MHK VL",61756,996.9866
"10/04/2023 20:05:00","EDT","MILLWD",61759,371.9183
"10/04/2023 20:05:00","EDT","N.Y.C.",61761,6543.7954
"10/04/2023 20:05:00","EDT","NORTH",61755,577.0554
"10/04/2023 20:05:00","EDT","WEST",61752,2027.4044
"10/04/2023 20:10:00","EDT","CAPITL",61757,1627.3591
"10/04/2023 20:10:00","EDT","CENTRL",61754,2070.7605
"10/04/2023 20:10:00","EDT","DUNWOD",61760,766.3031
"10/04/2023 20:10:00","EDT","GENESE",61753,1398.376
"10/04/2023 20:10:00","EDT","HUD VL",61758,1329.6887
"10/04/2023 20:10:00","EDT","LONGIL",61762,2808.6108
"10/04/2023 20:10:00","EDT","MHK VL",61756,1000.3051
"10/04/2023 20:10:00","EDT","MILLWD",61759,378.93
"10/04/2023 20:10:00","EDT","N.Y.C.",61761,6475.45
"10/04/2023 20:10:00","EDT","NORTH",61755,568.6017
"10/04/2023 20:10:00","EDT","WEST",61752,2012.813
"10/04/2023 20:15:00","EDT","CAPITL",61757,1604.0562
"10/04/2023 20:15:00","EDT","CENTRL",61754,2057.5618
"10/04/2023 20:15:00","EDT","DUNWOD",61760,773.6528
"10/04/2023 20:15:00","EDT","GENESE",61753,1390.4652
"10/04/2023 20:15:00","EDT","HUD VL",61758,1314.1735
"10/04/2023 20:15:00","EDT","LONGIL",61762,2810.2014
"10/04/2023 20:15:00","EDT","MHK VL",61756,972.1614
"10/04/2023 20:15:00","EDT","MILLWD",61759,380.7042
"10/04/2023 20:15:00","EDT","N.Y.C.",61761,6459.943
"10/04/2023 20:15:00","EDT","NORTH",61755,601.4074
"10/04/2023 20:15:00","EDT","WEST",61752,2022.1879
"10/04/2023 20:20:00","EDT","CAPITL",61757,1632.6604
"10/04/2023 20:20:00","EDT","CENTRL",61754,2023.4099
"10/04/2023 20:20:00","EDT","DUNWOD",61760,754.6733
"10/04/2023 20:20:00","EDT","GENESE",61753,1388.7424
"10/04/2023 20:20:00","EDT","HUD VL",61758,1316.7449
"10/04/2023 20:20:00","EDT","LONGIL",61762,2765.9316
"10/04/2023 20:20:00","EDT","MHK VL",61756,989.0287
"10/04/2023 20:20:00","EDT","MILLWD",61759,398.8506
"10/04/2023 20:20:00","EDT","N.Y.C.",61761,6425.5825
"10/04/2023 20:20:00","EDT","NORTH",61755,569.924
"10/04/2023 20:20:00","EDT","WEST",61752,2029.4768
"10/04/2023 20:25:00","EDT","CAPITL",61757,1607.4341
"10/04/2023 20:25:00","EDT","CENTRL",61754,2023.8162
"10/04/2023 20:25:00","EDT","DUNWOD",61760,743.6212
"10/04/2023 20:25:00","EDT","GENESE",61753,1380.7268
"10/04/2023 20:25:00","EDT","HUD VL",61758,1313.7317
"10/04/2023 20:25:00","EDT","LONGIL",61762,2747.0537
"10/04/2023 20:25:00","EDT","MHK VL",61756,980.4384
"10/04/2023 20:25:00","EDT","MILLWD",61759,390.9615
"10/04/2023 20:25:00","EDT","N.Y.C.",61761,6398.018
"10/04/2023 20:25:00","EDT","NORTH",61755,577.9907
"10/04/2023 20:25:00","EDT","WEST",61752,2019.0908
"10/04/2023 20:30:00","EDT","CAPITL",61757,1600.6633
"10/04/2023 20:30:00","EDT","CENTRL",61754,2036.4961
"10/04/2023 20:30:00","EDT","DUNWOD",61760,738.6495
"10/04/2023 20:30:00","EDT","GENESE",61753,1373.7216
"10/04/2023 20:30:00","EDT","HUD VL",61758,1286.7871
"10/04/2023 20:30:00","EDT","LONGIL",61762,2747.873
"10/04/2023 20:30:00","EDT","MHK VL",61756,983.6007
"10/04/2023 20:30:00","EDT","MILLWD",61759,402.4752
"10/04/2023 20:30:00","EDT","N.Y.C.",61761,6398.8525
"10/04/2023 20:30:00","EDT","NORTH",61755,568.7642
"10/04/2023 20:30:00","EDT","WEST",61752,2009.663
"10/04/2023 20:35:00","EDT","CAPITL",61757,1601.3359
"10/04/2023 20:35:00","EDT","CENTRL",61754,2031.4111
"10/04/2023 20:35:00","EDT","DUNWOD",61760,723.3911
"10/04/2023 20:35:00","EDT","GENESE",61753,1373.0789
"10/04/2023 20:35:00","EDT","HUD VL",61758,1290.873
"10/04/2023 20:35:00","EDT","LONGIL",61762,2722.0735
"10/04/2023 20:35:00","EDT","MHK VL",61756,999.96
"10/04/2023 20:35:00","EDT","MILLWD",61759,402.0011
"10/04/2023 20:35:00","EDT","N.Y.C.",61761,6370.1514
"10/04/2023 20:35:00","EDT","NORTH",61755,537.8138
"10/04/2023 20:35:00","EDT","WEST",61752,1998.1584
"10/04/2023 20:40:00","EDT","CAPITL",61757,1583.6804
"10/04/2023 20:40:00","EDT","CENTRL",61754,1956.177
"10/04/2023 20:40:00","EDT","DUNWOD",61760,747.5555
"10/04/2023 20:40:00","EDT","GENESE",61753,1360.7617
"10/04/2023 20:40:00","EDT","HUD VL",61758,1285.3909
"10/04/2023 20:40:00","EDT","LONGIL",61762,2705.9531
"10/04/2023 20:40:00","EDT","MHK VL",61756,987.9747
"10/04/2023 20:40:00","EDT","MILLWD",61759,366.3396
"10/04/2023 20:40:00","EDT","N.Y.C.",61761,6331.0312
"10/04/2023 20:40:00","EDT","NORTH",61755,559.3991
"10/04/2023 20:40:00","EDT","WEST",61752,1995.1038
"10/04/2023 20:45:00","EDT","CAPITL",61757,1571.8445
"10/04/2023 20:45:00","EDT","CENTRL",61754,1951.2908
"10/04/2023 20:45:00","EDT","DUNWOD",61760,732.308
"10/04/2023 20:45:00","EDT","GENESE",61753,1351.1316
"10/04/2023 20:45:00","EDT","HUD VL",61758,1280.834
"10/04/2023 20:45:00","EDT","LONGIL",61762,2699.8481
"10/04/2023 20:45:00","EDT","MHK VL",61756,981.7819
"10/04/2023 20:45:00","EDT","MILLWD",61759,377.8506
"10/04/2023 20:45:00","EDT","N.Y.C.",61761,6284.862
"10/04/2023 20:45:00","EDT","NORTH",61755,558.5611
"10/04/2023 20:45:00","EDT","WEST",61752,2002.5281
"10/04/2023 20:50:00","EDT","CAPITL",61757,1576.0393
"10/04/2023 20:50:00","EDT","CENTRL",61754,1938.5017
"10/04/2023 20:50:00","EDT","DUNWOD",61760,728.1884
"10/04/2023 20:50:00","EDT","GENESE",61753,1347.4858
"10/04/2023 20:50:00","EDT","HUD VL",61758,1256.336
"10/04/2023 20:50:00","EDT","LONGIL",61762,2680.1787
"10/04/2023 20:50:00","EDT","MHK VL",61756,962.9932
"10/04/2023 20:50:00","EDT","MILLWD",61759,392.918
"10/04/2023 20:50:00","EDT","N.Y.C.",61761,6269.831
"10/04/2023 20:50:00","EDT","NORTH",61755,558.8187
"10/04/2023 20:50:00","EDT","WEST",61752,1997.8998
"10/04/2023 20:55:00","EDT","CAPITL",61757,1564.051
"10/04/2023 20:55:00","EDT","CENTRL",61754,1917.2451
"10/04/2023 20:55:00","EDT","DUNWOD",61760,719.2922
"10/04/2023 20:55:00","EDT","GENESE",61753,1339.8435
"10/04/2023 20:55:00","EDT","HUD VL",61758,1238.9946
"10/04/2023 20:55:00","EDT","LONGIL",61762,2673.0977
"10/04/2023 20:55:00","EDT","MHK VL",61756,968.1212
"10/04/2023 20:55:00","EDT","MILLWD",61759,384.4959
"10/04/2023 20:55:00","EDT","N.Y.C.",61761,6260.908
"10/04/2023 20:55:00","EDT","NORTH",61755,563.8851
"10/04/2023 20:55:00","EDT","WEST",61752,1992.2256
"10/04/2023 21:00:00","EDT","CAPITL",61757,1562.2075
"10/04/2023 21:00:00","EDT","CENTRL",61754,1905.2874
"10/04/2023 21:00:00","EDT","DUNWOD",61760,714.0469
"10/04/2023 21:00:00","EDT","GENESE",61753,1326.4746
"10/04/2023 21:00:00","EDT","HUD VL",61758,1245.103
"10/04/2023 21:00:00","EDT","LONGIL",61762,2644.1187
"10/04/2023 21:00:00","EDT","MHK VL",61756,962.1736
"10/04/2023 21:00:00","EDT","MILLWD",61759,379.5858
"10/04/2023 21:00:00","EDT","N.Y.C.",61761,6231.273
"10/04/2023 21:00:00","EDT","NORTH",61755,554.1267
"10/04/2023 21:00:00","EDT","WEST",61752,1964.2411
"10/04/2023 21:05:00","EDT","CAPITL",61757,1552.8843
"10/04/2023 21:05:00","EDT","CENTRL",61754,1879.2231
"10/04/2023 21:05:00","EDT","DUNWOD",61760,711.8698
"10/04/2023 21:05:00","EDT","GENESE",61753,1323.6909
"10/04/2023 21:05:00","EDT","HUD VL",61758,1224.604
"10/04/2023 21:05:00","EDT","LONGIL",61762,2631.04
"10/04/2023 21:05:00","EDT","MHK VL",61756,952.1097
"10/04/2023 21:05:00","EDT","MILLWD",61759,392.7143
"10/04/2023 21:05:00","EDT","N.Y.C.",61761,6228.3013
"10/04/2023 21:05:00","EDT","NORTH",61755,554.4594
"10/04/2023 21:05:00","EDT","WEST",61752,1956.9456
"10/04/2023 21:10:00","EDT","CAPITL",61757,1536.5891
"10/04/2023 21:10:00","EDT","CENTRL",61754,1886.2651
"10/04/2023 21:10:00","EDT","DUNWOD",61760,699.2192
"10/04/2023 21:10:00","EDT","GENESE",61753,1314.5583
"10/04/2023 21:10:00","EDT","HUD VL",61758,1235.655
"10/04/2023 21:10:00","EDT","LONGIL",61762,2621.6506
"10/04/2023 21:10:00","EDT","MHK VL",61756,942.5504
"10/04/2023 21:10:00","EDT","MILLWD",61759,371.7252
"10/04/2023 21:10:00","EDT","N.Y.C.",61761,6197.124
"10/04/2023 21:10:00","EDT","NORTH",61755,551.434
"10/04/2023 21:10:00","EDT","WEST",61752,1953.3329
"10/04/2023 21:15:00","EDT","CAPITL",61757,1528.2251
"10/04/2023 21:15:00","EDT","CENTRL",61754,1870.1111
"10/04/2023 21:15:00","EDT","DUNWOD",61760,706.9335
"10/04/2023 21:15:00","EDT","GENESE",61753,1303.4944
"10/04/2023 21:15:00","EDT","HUD VL",61758,1212.9542
"10/04/2023 21:15:00","EDT","LONGIL",61762,2602.4805
"10/04/2023 21:15:00","EDT","MHK VL",61756,936.5836
"10/04/2023 21:15:00","EDT","MILLWD",61759,373.7204
"10/04/2023 21:15:00","EDT","N.Y.C.",61761,6182.3965
"10/04/2023 21:15:00","EDT","NORTH",61755,553.5053
"10/04/2023 21:15:00","EDT","WEST",61752,1945.0386
"10/04/2023 21:20:00","EDT","CAPITL",61757,1517.4297
"10/04/2023 21:20:00","EDT","CENTRL",61754,1864.9985
"10/04/2023 21:20:00","EDT","DUNWOD",61760,704.1061
"10/04/2023 21:20:00","EDT","GENESE",61753,1303.8435
"10/04/2023 21:20:00","EDT","HUD VL",61758,1191.2975
"10/04/2023 21:20:00","EDT","LONGIL",61762,2558.309
"10/04/2023 21:20:00","EDT","MHK VL",61756,961.5765
"10/04/2023 21:20:00","EDT","MILLWD",61759,371.9558
"10/04/2023 21:20:00","EDT","N.Y.C.",61761,6113.4434
"10/04/2023 21:20:00","EDT","NORTH",61755,537.4403
"10/04/2023 21:20:00","EDT","WEST",61752,1949.5496
"10/04/2023 21:25:00","EDT","CAPITL",61757,1509.3137
"10/04/2023 21:25:00","EDT","CENTRL",61754,1852.0835
"10/04/2023 21:25:00","EDT","DUNWOD",61760,704.6824
"10/04/2023 21:25:00","EDT","GENESE",61753,1295.2183
"10/04/2023 21:25:00","EDT","HUD VL",61758,1188.6957
"10/04/2023 21:25:00","EDT","LONGIL",61762,2540.6436
"10/04/2023 21:25:00","EDT","MHK VL",61756,926.2398
"10/04/2023 21:25:00","EDT","MILLWD",61759,379.4499
"10/04/2023 21:25:00","EDT","N.Y.C.",61761,6100.899
"10/04/2023 21:25:00","EDT","NORTH",61755,558.4979
"10/04/2023 21:25:00","EDT","WEST",61752,1937.7786
"10/04/2023 21:30:00","EDT","CAPITL",61757,1502.9921
"10/04/2023 21:30:00","EDT","CENTRL",61754,1820.0522
"10/04/2023 21:30:00","EDT","DUNWOD",61760,708.53
"10/04/2023 21:30:00","EDT","GENESE",61753,1289.8604
"10/04/2023 21:30:00","EDT","HUD VL",61758,1197.4861
"10/04/2023 21:30:00","EDT","LONGIL",61762,2538.0774
"10/04/2023 21:30:00","EDT","MHK VL",61756,947.0215
"10/04/2023 21:30:00","EDT","MILLWD",61759,349.5132
"10/04/2023 21:30:00","EDT","N.Y.C.",61761,6073.576
"10/04/2023 21:30:00","EDT","NORTH",61755,530.5933
"10/04/2023 21:30:00","EDT","WEST",61752,1911.0061
"10/04/2023 21:35:00","EDT","CAPITL",61757,1489.133
"10/04/2023 21:35:00","EDT","CENTRL",61754,1825.0234
"10/04/2023 21:35:00","EDT","DUNWOD",61760,688.8679
"10/04/2023 21:35:00","EDT","GENESE",61753,1283.4052
"10/04/2023 21:35:00","EDT","HUD VL",61758,1207.603
"10/04/2023 21:35:00","EDT","LONGIL",61762,2511.2188
"10/04/2023 21:35:00","EDT","MHK VL",61756,922.9672
"10/04/2023 21:35:00","EDT","MILLWD",61759,377.1837
"10/04/2023 21:35:00","EDT","N.Y.C.",61761,6051.297
"10/04/2023 21:35:00","EDT","NORTH",61755,558.3007
"10/04/2023 21:35:00","EDT","WEST",61752,1910.7507
"10/04/2023 21:40:00","EDT","CAPITL",61757,1485.7388
"10/04/2023 21:40:00","EDT","CENTRL",61754,1819.6177
"10/04/2023 21:40:00","EDT","DUNWOD",61760,694.7957
"10/04/2023 21:40:00","EDT","GENESE",61753,1276.1879
"10/04/2023 21:40:00","EDT","HUD VL",61758,1173.3646
"10/04/2023 21:40:00","EDT","LONGIL",61762,2501.7227
"10/04/2023 21:40:00","EDT","MHK VL",61756,895.7603
"10/04/2023 21:40:00","EDT","MILLWD",61759,360.5971
"10/04/2023 21:40:00","EDT","N.Y.C.",61761,6017.5283
"10/04/2023 21:40:00","EDT","NORTH",61755,563.0739
"10/04/2023 21:40:00","EDT","WEST",61752,1881.5386
"10/04/2023 21:45:00","EDT","CAPITL",61757,1478.4912
"10/04/2023 21:45:00","EDT","CENTRL",61754,1809.5791
"10/04/2023 21:45:00","EDT","DUNWOD",61760,687.46
"10/04/2023 21:45:00","EDT","GENESE",61753,1264.8712
"10/04/2023 21:45:00","EDT","HUD VL",61758,1168.5867
"10/04/2023 21:45:00","EDT","LONGIL",61762,2488.26
"10/04/2023 21:45:00","EDT","MHK VL",61756,898.1182
"10/04/2023 21:45:00","EDT","MILLWD",61759,353.3881
"10/04/2023 21:45:00","EDT","N.Y.C.",61761,6013.2812
"10/04/2023 21:45:00","EDT","NORTH",61755,543.8251
"10/04/2023 21:45:00","EDT","WEST",61752,1877.9475
"10/04/2023 21:50:00","EDT","CAPITL",61757,1459.4824
"10/04/2023 21:50:00","EDT","CENTRL",61754,1787.9658
"10/04/2023 21:50:00","EDT","DUNWOD",61760,684.5549
"10/04/2023 21:50:00","EDT","GENESE",61753,1249.6313
"10/04/2023 21:50:00","EDT","HUD VL",61758,1175.4149
"10/04/2023 21:50:00","EDT","LONGIL",61762,2465.4807
"10/04/2023 21:50:00","EDT","MHK VL",61756,905.5684
"10/04/2023 21:50:00","EDT","MILLWD",61759,343.9402
"10/04/2023 21:50:00","EDT","N.Y.C.",61761,5995.5137
"10/04/2023 21:50:00","EDT","NORTH",61755,542.0624
"10/04/2023 21:50:00","EDT","WEST",61752,1870.9574
"10/04/2023 21:55:00","EDT","CAPITL",61757,1451.9382
"10/04/2023 21:55:00","EDT","CENTRL",61754,1784.0654
"10/04/2023 21:55:00","EDT","DUNWOD",61760,685.4994
"10/04/2023 21:55:00","EDT","GENESE",61753,1245.7394
"10/04/2023 21:55:00","EDT","HUD VL",61758,1161.4196
"10/04/2023 21:55:00","EDT","LONGIL",61762,2440.3643
"10/04/2023 21:55:00","EDT","MHK VL",61756,876.5376
"10/04/2023 21:55:00","EDT","MILLWD",61759,343.8362
"10/04/2023 21:55:00","EDT","N.Y.C.",61761,5970.694
"10/04/2023 21:55:00","EDT","NORTH",61755,538.8462
"10/04/2023 21:55:00","EDT","WEST",61752,1850.9985
"10/04/2023 22:00:00","EDT","CAPITL",61757,1443.7915
"10/04/2023 22:00:00","EDT","CENTRL",61754,1774.7073
"10/04/2023 22:00:00","EDT","DUNWOD",61760,687.3888
"10/04/2023 22:00:00","EDT","GENESE",61753,1241.2437
"10/04/2023 22:00:00","EDT","HUD VL",61758,1125.9894
"10/04/2023 22:00:00","EDT","LONGIL",61762,2417.4126
"10/04/2023 22:00:00","EDT","MHK VL",61756,897.1294
"10/04/2023 22:00:00","EDT","MILLWD",61759,372.3471
"10/04/2023 22:00:00","EDT","N.Y.C.",61761,5907.772
"10/04/2023 22:00:00","EDT","NORTH",61755,521.3286
"10/04/2023 22:00:00","EDT","WEST",61752,1845.1313
"10/04/2023 22:05:00","EDT","CAPITL",61757,1433.9496
"10/04/2023 22:05:00","EDT","CENTRL",61754,1779.4348
"10/04/2023 22:05:00","EDT","DUNWOD",61760,685.5706
"10/04/2023 22:05:00","EDT","GENESE",61753,1231.8401
"10/04/2023 22:05:00","EDT","HUD VL",61758,1158.6355
"10/04/2023 22:05:00","EDT","LONGIL",61762,2411.1455
"10/04/2023 22:05:00","EDT","MHK VL",61756,869.1205
"10/04/2023 22:05:00","EDT","MILLWD",61759,328.7432
"10/04/2023 22:05:00","EDT","N.Y.C.",61761,5873.0176
"10/04/2023 22:05:00","EDT","NORTH",61755,522.6838
"10/04/2023 22:05:00","EDT","WEST",61752,1833.3889
"10/04/2023 22:10:00","EDT","CAPITL",61757,1430.5488
"10/04/2023 22:10:00","EDT","CENTRL",61754,1788.4133
"10/04/2023 22:10:00","EDT","DUNWOD",61760,663.5327
"10/04/2023 22:10:00","EDT","GENESE",61753,1217.1235
"10/04/2023 22:10:00","EDT","HUD VL",61758,1139.0046
"10/04/2023 22:10:00","EDT","LONGIL",61762,2376.357
"10/04/2023 22:10:00","EDT","MHK VL",61756,865.9631
"10/04/2023 22:10:00","EDT","MILLWD",61759,328.0661
"10/04/2023 22:10:00","EDT","N.Y.C.",61761,5857.491
"10/04/2023 22:10:00","EDT","NORTH",61755,553.1357
"10/04/2023 22:10:00","EDT","WEST",61752,1816.9327
"10/04/2023 22:15:00","EDT","CAPITL",61757,1413.2646
"10/04/2023 22:15:00","EDT","CENTRL",61754,1727.1196
"10/04/2023 22:15:00","EDT","DUNWOD",61760,648.3131
"10/04/2023 22:15:00","EDT","GENESE",61753,1211.695
"10/04/2023 22:15:00","EDT","HUD VL",61758,1111.8966
"10/04/2023 22:15:00","EDT","LONGIL",61762,2351.1533
"10/04/2023 22:15:00","EDT","MHK VL",61756,859.7347
"10/04/2023 22:15:00","EDT","MILLWD",61759,362.6763
"10/04/2023 22:15:00","EDT","N.Y.C.",61761,5858.579
"10/04/2023 22:15:00","EDT","NORTH",61755,552.2551
"10/04/2023 22:15:00","EDT","WEST",61752,1796.4126
"10/04/2023 22:20:00","EDT","CAPITL",61757,1400.7637
"10/04/2023 22:20:00","EDT","CENTRL",61754,1749.8718
"10/04/2023 22:20:00","EDT","DUNWOD",61760,658.6232
"10/04/2023 22:20:00","EDT","GENESE",61753,1197.7152
"10/04/2023 22:20:00","EDT","HUD VL",61758,1096.5712
"10/04/2023 22:20:00","EDT","LONGIL",61762,2348.5212
"10/04/2023 22:20:00","EDT","MHK VL",61756,858.407
"10/04/2023 22:20:00","EDT","MILLWD",61759,341.7591
"10/04/2023 22:20:00","EDT","N.Y.C.",61761,5803.296
"10/04/2023 22:20:00","EDT","NORTH",61755,552.7542
"10/04/2023 22:20:00","EDT","WEST",61752,1789.6671
"10/04/2023 22:25:00","EDT","CAPITL",61757,1397.5651
"10/04/2023 22:25:00","EDT","CENTRL",61754,1719.3953
"10/04/2023 22:25:00","EDT","DUNWOD",61760,647.6788
"10/04/2023 22:25:00","EDT","GENESE",61753,1197.9227
"10/04/2023 22:25:00","EDT","HUD VL",61758,1111.768
"10/04/2023 22:25:00","EDT","LONGIL",61762,2314.7322
"10/04/2023 22:25:00","EDT","MHK VL",61756,846.946
"10/04/2023 22:25:00","EDT","MILLWD",61759,325.2366
"10/04/2023 22:25:00","EDT","N.Y.C.",61761,5805.445
"10/04/2023 22:25:00","EDT","NORTH",61755,555.7447
"10/04/2023 22:25:00","EDT","WEST",61752,1795.3053
"10/04/2023 22:30:00","EDT","CAPITL",61757,1390.6731
"10/04/2023 22:30:00","EDT","CENTRL",61754,1743.9614
"10/04/2023 22:30:00","EDT","DUNWOD",61760,652.7156
"10/04/2023 22:30:00","EDT","GENESE",61753,1189.2429
"10/04/2023 22:30:00","EDT","HUD VL",61758,1099.3313
"10/04/2023 22:30:00","EDT","LONGIL",61762,2297.3767
"10/04/2023 22:30:00","EDT","MHK VL",61756,853.8341
"10/04/2023 22:30:00","EDT","MILLWD",61759,325.1115
"10/04/2023 22:30:00","EDT","N.Y.C.",61761,5742.669
"10/04/2023 22:30:00","EDT","NORTH",61755,541.8635
"10/04/2023 22:30:00","EDT","WEST",61752,1785.3352
"10/04/2023 22:35:00","EDT","CAPITL",61757,1384.112
"10/04/2023 22:35:00","EDT","CENTRL",61754,1704.6707
"10/04/2023 22:35:00","EDT","DUNWOD",61760,639.9887
"10/04/2023 22:35:00","EDT","GENESE",61753,1172.2885
"10/04/2023 22:35:00","EDT","HUD VL",61758,1100.6038
"10/04/2023 22:35:00","EDT","LONGIL",61762,2273.276
"10/04/2023 22:35:00","EDT","MHK VL",61756,855.0795
"10/04/2023 22:35:00","EDT","MILLWD",61759,317.7266
"10/04/2023 22:35:00","EDT","N.Y.C.",61761,5723.827
"10/04/2023 22:35:00","EDT","NORTH",61755,543.9478
"10/04/2023 22:35:00","EDT","WEST",61752,1769.582
"10/04/2023 22:40:00","EDT","CAPITL",61757,1374.0186
"10/04/2023 22:40:00","EDT","CENTRL",61754,1717.4971
"10/04/2023 22:40:00","EDT","DUNWOD",61760,635.8082
"10/04/2023 22:40:00","EDT","GENESE",61753,1165.7598
"10/04/2023 22:40:00","EDT","HUD VL",61758,1101.458
"10/04/2023 22:40:00","EDT","LONGIL",61762,2261.1025
"10/04/2023 22:40:00","EDT","MHK VL",61756,846.3092
"10/04/2023 22:40:00","EDT","MILLWD",61759,311.3508
"10/04/2023 22:40:00","EDT","N.Y.C.",61761,5687.577
"10/04/2023 22:40:00","EDT","NORTH",61755,539.6531
"10/04/2023 22:40:00","EDT","WEST",61752,1775.5295
"10/04/2023 22:45:00","EDT","CAPITL",61757,1358.048
"10/04/2023 22:45:00","EDT","CENTRL",61754,1688.5957
"10/04/2023 22:45:00","EDT","DUNWOD",61760,624.7373
"10/04/2023 22:45:00","EDT","GENESE",61753,1163.2717
"10/04/2023 22:45:00","EDT","HUD VL",61758,1068.6962
"10/04/2023 22:45:00","EDT","LONGIL",61762,2248.033
"10/04/2023 22:45:00","EDT","MHK VL",61756,832.7317
"10/04/2023 22:45:00","EDT","MILLWD",61759,321.8191
"10/04/2023 22:45:00","EDT","N.Y.C.",61761,5675.04
"10/04/2023 22:45:00","EDT","NORTH",61755,546.2275
"10/04/2023 22:45:00","EDT","WEST",61752,1744.8385
"10/04/2023 22:50:00","EDT","CAPITL",61757,1351.5288
"10/04/2023 22:50:00","EDT","CENTRL",61754,1679.258
"10/04/2023 22:50:00","EDT","DUNWOD",61760,613.8566
"10/04/2023 22:50:00","EDT","GENESE",61753,1156.6422
"10/04/2023 22:50:00","EDT","HUD VL",61758,1065.0928
"10/04/2023 22:50:00","EDT","LONGIL",61762,2217.776
"10/04/2023 22:50:00","EDT","MHK VL",61756,835.6915
"10/04/2023 22:50:00","EDT","MILLWD",61759,335.492
"10/04/2023 22:50:00","EDT","N.Y.C.",61761,5667.7764
"10/04/2023 22:50:00","EDT","NORTH",61755,522.2017
"10/04/2023 22:50:00","EDT","WEST",61752,1733.1509
"10/04/2023 22:52:51","EDT","CAPITL",61757,1346.1375
"10/04/2023 22:52:51","EDT","CENTRL",61754,1631.1143
"10/04/2023 22:52:51","EDT","DUNWOD",61760,624.9779
"10/04/2023 22:52:51","EDT","GENESE",61753,1146.6018
"10/04/2023 22:52:51","EDT","HUD VL",61758,1054.0449
"10/04/2023 22:52:51","EDT","LONGIL",61762,2210.5361
"10/04/2023 22:52:51","EDT","MHK VL",61756,809.3752
"10/04/2023 22:52:51","EDT","MILLWD",61759,321.5504
"10/04/2023 22:52:51","EDT","N.Y.C.",61761,5605.23
"10/04/2023 22:52:51","EDT","NORTH",61755,534.0034
"10/04/2023 22:52:51","EDT","WEST",61752,1740.5717
"10/04/2023 22:54:03","EDT","CAPITL",61757,1337.5669
"10/04/2023 22:54:03","EDT","CENTRL",61754,1616.0085
"10/04/2023 22:54:03","EDT","DUNWOD",61760,615.6055
"10/04/2023 22:54:03","EDT","GENESE",61753,1141.3604
"10/04/2023 22:54:03","EDT","HUD VL",61758,1055.0472
"10/04/2023 22:54:03","EDT","LONGIL",61762,2198.2942
"10/04/2023 22:54:03","EDT","MHK VL",61756,820.2085
"10/04/2023 22:54:03","EDT","MILLWD",61759,308.5278
"10/04/2023 22:54:03","EDT","N.Y.C.",61761,5611.057
"10/04/2023 22:54:03","EDT","NORTH",61755,539.3417
"10/04/2023 22:54:03","EDT","WEST",61752,1718.9886
"10/04/2023 22:55:00","EDT","CAPITL",61757,1342.4651
"10/04/2023 22:55:00","EDT","CENTRL",61754,1631.3491
"10/04/2023 22:55:00","EDT","DUNWOD",61760,615.7847
"10/04/2023 22:55:00","EDT","GENESE",61753,1142.2642
"10/04/2023 22:55:00","EDT","HUD VL",61758,1032.3125
"10/04/2023 22:55:00","EDT","LONGIL",61762,2181.6677
"10/04/2023 22:55:00","EDT","MHK VL",61756,830.318
"10/04/2023 22:55:00","EDT","MILLWD",61759,320.3411
"10/04/2023 22:55:00","EDT","N.Y.C.",61761,5618.948
"10/04/2023 22:55:00","EDT","NORTH",61755,532.6085
"10/04/2023 22:55:00","EDT","WEST",61752,1715.0544
"10/04/2023 23:00:00","EDT","CAPITL",61757,1324.0393
"10/04/2023 23:00:00","EDT","CENTRL",61754,1646.5437
"10/04/2023 23:00:00","EDT","DUNWOD",61760,622.8065
"10/04/2023 23:00:00","EDT","GENESE",61753,1139.3785
"10/04/2023 23:00:00","EDT","HUD VL",61758,1037.8644
"10/04/2023 23:00:00","EDT","LONGIL",61762,2186.4197
"10/04/2023 23:00:00","EDT","MHK VL",61756,821.4554
"10/04/2023 23:00:00","EDT","MILLWD",61759,313.7164
"10/04/2023 23:00:00","EDT","N.Y.C.",61761,5586.91
"10/04/2023 23:00:00","EDT","NORTH",61755,529.0139
"10/04/2023 23:00:00","EDT","WEST",61752,1736.0079
"10/04/2023 23:05:00","EDT","CAPITL",61757,1322.0531
"10/04/2023 23:05:00","EDT","CENTRL",61754,1607.938
"10/04/2023 23:05:00","EDT","DUNWOD",61760,594.6275
"10/04/2023 23:05:00","EDT","GENESE",61753,1135.2737
"10/04/2023 23:05:00","EDT","HUD VL",61758,1024.8281
"10/04/2023 23:05:00","EDT","LONGIL",61762,2163.3577
"10/04/2023 23:05:00","EDT","MHK VL",61756,824.8654
"10/04/2023 23:05:00","EDT","MILLWD",61759,317.3752
"10/04/2023 23:05:00","EDT","N.Y.C.",61761,5535.9883
"10/04/2023 23:05:00","EDT","NORTH",61755,534.936
"10/04/2023 23:05:00","EDT","WEST",61752,1707.0177
"10/04/2023 23:10:00","EDT","CAPITL",61757,1311.1348
"10/04/2023 23:10:00","EDT","CENTRL",61754,1647.2015
"10/04/2023 23:10:00","EDT","DUNWOD",61760,614.9905
"10/04/2023 23:10:00","EDT","GENESE",61753,1121.2756
"10/04/2023 23:10:00","EDT","HUD VL",61758,1017.9216
"10/04/2023 23:10:00","EDT","LONGIL",61762,2134.1284
"10/04/2023 23:10:00","EDT","MHK VL",61756,797.4194
"10/04/2023 23:10:00","EDT","MILLWD",61759,319.5447
"10/04/2023 23:10:00","EDT","N.Y.C.",61761,5511.1035
"10/04/2023 23:10:00","EDT","NORTH",61755,528.5804
"10/04/2023 23:10:00","EDT","WEST",61752,1700.4114
"10/04/2023 23:15:00","EDT","CAPITL",61757,1305.429
"10/04/2023 23:15:00","EDT","CENTRL",61754,1572.5199
"10/04/2023 23:15:00","EDT","DUNWOD",61760,608.2835
"10/04/2023 23:15:00","EDT","GENESE",61753,1117.0352
"10/04/2023 23:15:00","EDT","HUD VL",61758,1027.6053
"10/04/2023 23:15:00","EDT","LONGIL",61762,2121.722
"10/04/2023 23:15:00","EDT","MHK VL",61756,787.8106
"10/04/2023 23:15:00","EDT","MILLWD",61759,301.8849
"10/04/2023 23:15:00","EDT","N.Y.C.",61761,5485.038
"10/04/2023 23:15:00","EDT","NORTH",61755,537.7255
"10/04/2023 23:15:00","EDT","WEST",61752,1692.7808
"10/04/2023 23:20:00","EDT","CAPITL",61757,1291.1355
"10/04/2023 23:20:00","EDT","CENTRL",61754,1596.5542
"10/04/2023 23:20:00","EDT","DUNWOD",61760,603.7611
"10/04/2023 23:20:00","EDT","GENESE",61753,1108.3048
"10/04/2023 23:20:00","EDT","HUD VL",61758,1019.1909
"10/04/2023 23:20:00","EDT","LONGIL",61762,2106.8545
"10/04/2023 23:20:00","EDT","MHK VL",61756,762.0178
"10/04/2023 23:20:00","EDT","MILLWD",61759,291.7476
"10/04/2023 23:20:00","EDT","N.Y.C.",61761,5459.0845
"10/04/2023 23:20:00","EDT","NORTH",61755,536.5607
"10/04/2023 23:20:00","EDT","WEST",61752,1688.3091
"10/04/2023 23:25:00","EDT","CAPITL",61757,1282.8506
"10/04/2023 23:25:00","EDT","CENTRL",61754,1580.909
"10/04/2023 23:25:00","EDT","DUNWOD",61760,585.5048
"10/04/2023 23:25:00","EDT","GENESE",61753,1101.8817
"10/04/2023 23:25:00","EDT","HUD VL",61758,1024.0458
"10/04/2023 23:25:00","EDT","LONGIL",61762,2085.08
"10/04/2023 23:25:00","EDT","MHK VL",61756,766.7336
"10/04/2023 23:25:00","EDT","MILLWD",61759,289.9679
"10/04/2023 23:25:00","EDT","N.Y.C.",61761,5421.878
"10/04/2023 23:25:00","EDT","NORTH",61755,535.7951
"10/04/2023 23:25:00","EDT","WEST",61752,1686.1279
"10/04/2023 23:30:00","EDT","CAPITL",61757,1277.4365
"10/04/2023 23:30:00","EDT","CENTRL",61754,1587.6091
"10/04/2023 23:30:00","EDT","DUNWOD",61760,587.2794
"10/04/2023 23:30:00","EDT","GENESE",61753,1091.8899
"10/04/2023 23:30:00","EDT","HUD VL",61758,993.2036
"10/04/2023 23:30:00","EDT","LONGIL",61762,2081.6807
"10/04/2023 23:30:00","EDT","MHK VL",61756,754.51
"10/04/2023 23:30:00","EDT","MILLWD",61759,293.4416
"10/04/2023 23:30:00","EDT","N.Y.C.",61761,5383.6265
"10/04/2023 23:30:00","EDT","NORTH",61755,541.4399
"10/04/2023 23:30:00","EDT","WEST",61752,1681.3794
"10/04/2023 23:35:00","EDT","CAPITL",61757,1269.3889
"10/04/2023 23:35:00","EDT","CENTRL",61754,1576.7532
"10/04/2023 23:35:00","EDT","DUNWOD",61760,578.7413
"10/04/2023 23:35:00","EDT","GENESE",61753,1090.4603
"10/04/2023 23:35:00","EDT","HUD VL",61758,981.5203
"10/04/2023 23:35:00","EDT","LONGIL",61762,2054.6228
"10/04/2023 23:35:00","EDT","MHK VL",61756,764.3361
"10/04/2023 23:35:00","EDT","MILLWD",61759,288.7525
"10/04/2023 23:35:00","EDT","N.Y.C.",61761,5370.424
"10/04/2023 23:35:00","EDT","NORTH",61755,527.6541
"10/04/2023 23:35:00","EDT","WEST",61752,1647.5477
"10/04/2023 23:40:00","EDT","CAPITL",61757,1253.5891
"10/04/2023 23:40:00","EDT","CENTRL",61754,1528.2572
"10/04/2023 23:40:00","EDT","DUNWOD",61760,575.8098
"10/04/2023 23:40:00","EDT","GENESE",61753,1080.3772
"10/04/2023 23:40:00","EDT","HUD VL",61758,965.6814
"10/04/2023 23:40:00","EDT","LONGIL",61762,2039.5139
"10/04/2023 23:40:00","EDT","MHK VL",61756,766.3493
"10/04/2023 23:40:00","EDT","MILLWD",61759,297.6401
"10/04/2023 23:40:00","EDT","N.Y.C.",61761,5292.433
"10/04/2023 23:40:00","EDT","NORTH",61755,534.9857
"10/04/2023 23:40:00","EDT","WEST",61752,1659.6079
"10/04/2023 23:45:00","EDT","CAPITL",61757,1253.3992
"10/04/2023 23:45:00","EDT","CENTRL",61754,1515.4111
"10/04/2023 23:45:00","EDT","DUNWOD",61760,565.352
"10/04/2023 23:45:00","EDT","GENESE",61753,1081.2863
"10/04/2023 23:45:00","EDT","HUD VL",61758,975.9421
"10/04/2023 23:45:00","EDT","LONGIL",61762,2013.0225
"10/04/2023 23:45:00","EDT","MHK VL",61756,759.8817
"10/04/2023 23:45:00","EDT","MILLWD",61759,287.8158
"10/04/2023 23:45:00","EDT","N.Y.C.",61761,5263.504
"10/04/2023 23:45:00","EDT","NORTH",61755,521.6483
"10/04/2023 23:45:00","EDT","WEST",61752,1626.3336
"10/04/2023 23:50:00","EDT","CAPITL",61757,1240.8965
"10/04/2023 23:50:00","EDT","CENTRL",61754,1532.1582
"10/04/2023 23:50:00","EDT","DUNWOD",61760,572.5356
"10/04/2023 23:50:00","EDT","GENESE",61753,1072.1748
"10/04/2023 23:50:00","EDT","HUD VL",61758,950.819
"10/04/2023 23:50:00","EDT","LONGIL",61762,1995.3005
"10/04/2023 23:50:00","EDT","MHK VL",61756,762.1792
"10/04/2023 23:50:00","EDT","MILLWD",61759,278.6288
"10/04/2023 23:50:00","EDT","N.Y.C.",61761,5253.9717
"10/04/2023 23:50:00","EDT","NORTH",61755,523.6575
"10/04/2023 23:50:00","EDT","WEST",61752,1643.9242
"10/04/2023 23:55:00","EDT","CAPITL",61757,1233.3767
"10/04/2023 23:55:00","EDT","CENTRL",61754,1523.4749
"10/04/2023 23:55:00","EDT","DUNWOD",61760,563.4439
"10/04/2023 23:55:00","EDT","GENESE",61753,1074.8314
"10/04/2023 23:55:00","EDT","HUD VL",61758,967.0654
"10/04/2023 23:55:00","EDT","LONGIL",61762,1973.6223
"10/04/2023 23:55:00","EDT","MHK VL",61756,759.898
"10/04/2023 23:55:00","EDT","MILLWD",61759,277.1665
"10/04/2023 23:55:00","EDT","N.Y.C.",61761,5213.8496
"10/04/2023 23:55:00","EDT","NORTH",61755,533.3593
"10/04/2023 23:55:00","EDT","WEST",61752,1630.1958
