"Time Stamp","Time Zone","Name","PTID","Load"
"10/30/2015 00:00:00","EDT","CAPITL",61757,1115.7
"10/30/2015 00:00:00","EDT","CENTRL",61754,1446.3
"10/30/2015 00:00:00","EDT","DUNWOD",61760,544
"10/30/2015 00:00:00","EDT","GENESE",61753,928.2
"10/30/2015 00:00:00","EDT","HUD VL",61758,925.7
"10/30/2015 00:00:00","EDT","LONGIL",61762,1774.1
"10/30/2015 00:00:00","EDT","MHK VL",61756,717.5
"10/30/2015 00:00:00","EDT","MILLWD",61759,180.5
"10/30/2015 00:00:00","EDT","N.Y.C.",61761,4741.6
"10/30/2015 00:00:00","EDT","NORTH",61755,483.3
"10/30/2015 00:00:00","EDT","WEST",61752,1583.5
"10/30/2015 00:05:00","EDT","CAPITL",61757,1087.7
"10/30/2015 00:05:00","EDT","CENTRL",61754,1441.2
"10/30/2015 00:05:00","EDT","DUNWOD",61760,540.5
"10/30/2015 00:05:00","EDT","GENESE",61753,928.4
"10/30/2015 00:05:00","EDT","HUD VL",61758,914.5
"10/30/2015 00:05:00","EDT","LONGIL",61762,1769.9
"10/30/2015 00:05:00","EDT","MHK VL",61756,721.8
"10/30/2015 00:05:00","EDT","MILLWD",61759,199.8
"10/30/2015 00:05:00","EDT","N.Y.C.",61761,4696.8
"10/30/2015 00:05:00","EDT","NORTH",61755,474.6
"10/30/2015 00:05:00","EDT","WEST",61752,1560.5
"10/30/2015 00:10:00","EDT","CAPITL",61757,1088.5
"10/30/2015 00:10:00","EDT","CENTRL",61754,1426
"10/30/2015 00:10:00","EDT","DUNWOD",61760,515.4
"10/30/2015 00:10:00","EDT","GENESE",61753,916
"10/30/2015 00:10:00","EDT","HUD VL",61758,886
"10/30/2015 00:10:00","EDT","LONGIL",61762,1749.3
"10/30/2015 00:10:00","EDT","MHK VL",61756,713.4
"10/30/2015 00:10:00","EDT","MILLWD",61759,223.7
"10/30/2015 00:10:00","EDT","N.Y.C.",61761,4617.4
"10/30/2015 00:10:00","EDT","NORTH",61755,469.1
"10/30/2015 00:10:00","EDT","WEST",61752,1558.1
"10/30/2015 00:15:00","EDT","CAPITL",61757,1080.5
"10/30/2015 00:15:00","EDT","CENTRL",61754,1419.5
"10/30/2015 00:15:00","EDT","DUNWOD",61760,528.2
"10/30/2015 00:15:00","EDT","GENESE",61753,911.2
"10/30/2015 00:15:00","EDT","HUD VL",61758,887.9
"10/30/2015 00:15:00","EDT","LONGIL",61762,1743.7
"10/30/2015 00:15:00","EDT","MHK VL",61756,720.8
"10/30/2015 00:15:00","EDT","MILLWD",61759,201.5
"10/30/2015 00:15:00","EDT","N.Y.C.",61761,4617.7
"10/30/2015 00:15:00","EDT","NORTH",61755,468.9
"10/30/2015 00:15:00","EDT","WEST",61752,1563.3
"10/30/2015 00:20:00","EDT","CAPITL",61757,1075.2
"10/30/2015 00:20:00","EDT","CENTRL",61754,1431.1
"10/30/2015 00:20:00","EDT","DUNWOD",61760,533.4
"10/30/2015 00:20:00","EDT","GENESE",61753,904.3
"10/30/2015 00:20:00","EDT","HUD VL",61758,900
"10/30/2015 00:20:00","EDT","LONGIL",61762,1734.2
"10/30/2015 00:20:00","EDT","MHK VL",61756,692.1
"10/30/2015 00:20:00","EDT","MILLWD",61759,205.1
"10/30/2015 00:20:00","EDT","N.Y.C.",61761,4568.6
"10/30/2015 00:20:00","EDT","NORTH",61755,476.1
"10/30/2015 00:20:00","EDT","WEST",61752,1550.2
"10/30/2015 00:25:00","EDT","CAPITL",61757,1076.9
"10/30/2015 00:25:00","EDT","CENTRL",61754,1422.9
"10/30/2015 00:25:00","EDT","DUNWOD",61760,518.3
"10/30/2015 00:25:00","EDT","GENESE",61753,908.7
"10/30/2015 00:25:00","EDT","HUD VL",61758,876.7
"10/30/2015 00:25:00","EDT","LONGIL",61762,1723.1
"10/30/2015 00:25:00","EDT","MHK VL",61756,704.6
"10/30/2015 00:25:00","EDT","MILLWD",61759,200.1
"10/30/2015 00:25:00","EDT","N.Y.C.",61761,4558
"10/30/2015 00:25:00","EDT","NORTH",61755,463
"10/30/2015 00:25:00","EDT","WEST",61752,1550.1
"10/30/2015 00:30:00","EDT","CAPITL",61757,1066
"10/30/2015 00:30:00","EDT","CENTRL",61754,1408.9
"10/30/2015 00:30:00","EDT","DUNWOD",61760,525.4
"10/30/2015 00:30:00","EDT","GENESE",61753,907.4
"10/30/2015 00:30:00","EDT","HUD VL",61758,863
"10/30/2015 00:30:00","EDT","LONGIL",61762,1694.4
"10/30/2015 00:30:00","EDT","MHK VL",61756,695.4
"10/30/2015 00:30:00","EDT","MILLWD",61759,204.2
"10/30/2015 00:30:00","EDT","N.Y.C.",61761,4534
"10/30/2015 00:30:00","EDT","NORTH",61755,471.6
"10/30/2015 00:30:00","EDT","WEST",61752,1550.5
"10/30/2015 00:35:00","EDT","CAPITL",61757,1063.6
"10/30/2015 00:35:00","EDT","CENTRL",61754,1449
"10/30/2015 00:35:00","EDT","DUNWOD",61760,511.5
"10/30/2015 00:35:00","EDT","GENESE",61753,893
"10/30/2015 00:35:00","EDT","HUD VL",61758,853.7
"10/30/2015 00:35:00","EDT","LONGIL",61762,1702.1
"10/30/2015 00:35:00","EDT","MHK VL",61756,704.3
"10/30/2015 00:35:00","EDT","MILLWD",61759,208.1
"10/30/2015 00:35:00","EDT","N.Y.C.",61761,4495.1
"10/30/2015 00:35:00","EDT","NORTH",61755,462.6
"10/30/2015 00:35:00","EDT","WEST",61752,1553.8
"10/30/2015 00:40:00","EDT","CAPITL",61757,1061.6
"10/30/2015 00:40:00","EDT","CENTRL",61754,1405.6
"10/30/2015 00:40:00","EDT","DUNWOD",61760,509
"10/30/2015 00:40:00","EDT","GENESE",61753,890.8
"10/30/2015 00:40:00","EDT","HUD VL",61758,870.1
"10/30/2015 00:40:00","EDT","LONGIL",61762,1705.7
"10/30/2015 00:40:00","EDT","MHK VL",61756,717.8
"10/30/2015 00:40:00","EDT","MILLWD",61759,275.3
"10/30/2015 00:40:00","EDT","N.Y.C.",61761,4463.8
"10/30/2015 00:40:00","EDT","NORTH",61755,464.4
"10/30/2015 00:40:00","EDT","WEST",61752,1551.7
"10/30/2015 00:45:00","EDT","CAPITL",61757,1054
"10/30/2015 00:45:00","EDT","CENTRL",61754,1456.3
"10/30/2015 00:45:00","EDT","DUNWOD",61760,501
"10/30/2015 00:45:00","EDT","GENESE",61753,888.8
"10/30/2015 00:45:00","EDT","HUD VL",61758,869
"10/30/2015 00:45:00","EDT","LONGIL",61762,1689.3
"10/30/2015 00:45:00","EDT","MHK VL",61756,711.1
"10/30/2015 00:45:00","EDT","MILLWD",61759,193.7
"10/30/2015 00:45:00","EDT","N.Y.C.",61761,4431.6
"10/30/2015 00:45:00","EDT","NORTH",61755,465.9
"10/30/2015 00:45:00","EDT","WEST",61752,1533.3
"10/30/2015 00:50:00","EDT","CAPITL",61757,1062.5
"10/30/2015 00:50:00","EDT","CENTRL",61754,1468.3
"10/30/2015 00:50:00","EDT","DUNWOD",61760,502.9
"10/30/2015 00:50:00","EDT","GENESE",61753,887.7
"10/30/2015 00:50:00","EDT","HUD VL",61758,841.9
"10/30/2015 00:50:00","EDT","LONGIL",61762,1676.1
"10/30/2015 00:50:00","EDT","MHK VL",61756,676.9
"10/30/2015 00:50:00","EDT","MILLWD",61759,201.4
"10/30/2015 00:50:00","EDT","N.Y.C.",61761,4441
"10/30/2015 00:50:00","EDT","NORTH",61755,470
"10/30/2015 00:50:00","EDT","WEST",61752,1556.8
"10/30/2015 00:55:00","EDT","CAPITL",61757,1058
"10/30/2015 00:55:00","EDT","CENTRL",61754,1455.2
"10/30/2015 00:55:00","EDT","DUNWOD",61760,507.1
"10/30/2015 00:55:00","EDT","GENESE",61753,880.8
"10/30/2015 00:55:00","EDT","HUD VL",61758,855.3
"10/30/2015 00:55:00","EDT","LONGIL",61762,1675.8
"10/30/2015 00:55:00","EDT","MHK VL",61756,695.8
"10/30/2015 00:55:00","EDT","MILLWD",61759,180.5
"10/30/2015 00:55:00","EDT","N.Y.C.",61761,4394
"10/30/2015 00:55:00","EDT","NORTH",61755,475.4
"10/30/2015 00:55:00","EDT","WEST",61752,1533.5
"10/30/2015 01:00:00","EDT","CAPITL",61757,1039.7
"10/30/2015 01:00:00","EDT","CENTRL",61754,1411.2
"10/30/2015 01:00:00","EDT","DUNWOD",61760,503.5
"10/30/2015 01:00:00","EDT","GENESE",61753,880.9
"10/30/2015 01:00:00","EDT","HUD VL",61758,831.7
"10/30/2015 01:00:00","EDT","LONGIL",61762,1648.3
"10/30/2015 01:00:00","EDT","MHK VL",61756,710.7
"10/30/2015 01:00:00","EDT","MILLWD",61759,198.1
"10/30/2015 01:00:00","EDT","N.Y.C.",61761,4355.2
"10/30/2015 01:00:00","EDT","NORTH",61755,451.6
"10/30/2015 01:00:00","EDT","WEST",61752,1526.9
"10/30/2015 01:05:00","EDT","CAPITL",61757,1043.5
"10/30/2015 01:05:00","EDT","CENTRL",61754,1447.5
"10/30/2015 01:05:00","EDT","DUNWOD",61760,512.3
"10/30/2015 01:05:00","EDT","GENESE",61753,881.9
"10/30/2015 01:05:00","EDT","HUD VL",61758,848.8
"10/30/2015 01:05:00","EDT","LONGIL",61762,1656.1
"10/30/2015 01:05:00","EDT","MHK VL",61756,690.6
"10/30/2015 01:05:00","EDT","MILLWD",61759,183.5
"10/30/2015 01:05:00","EDT","N.Y.C.",61761,4360.7
"10/30/2015 01:05:00","EDT","NORTH",61755,462
"10/30/2015 01:05:00","EDT","WEST",61752,1533.8
"10/30/2015 01:10:00","EDT","CAPITL",61757,1051.2
"10/30/2015 01:10:00","EDT","CENTRL",61754,1437.2
"10/30/2015 01:10:00","EDT","DUNWOD",61760,509.6
"10/30/2015 01:10:00","EDT","GENESE",61753,873.9
"10/30/2015 01:10:00","EDT","HUD VL",61758,830.4
"10/30/2015 01:10:00","EDT","LONGIL",61762,1653.9
"10/30/2015 01:10:00","EDT","MHK VL",61756,682.8
"10/30/2015 01:10:00","EDT","MILLWD",61759,184.1
"10/30/2015 01:10:00","EDT","N.Y.C.",61761,4339.6
"10/30/2015 01:10:00","EDT","NORTH",61755,477.2
"10/30/2015 01:10:00","EDT","WEST",61752,1519.3
"10/30/2015 01:15:00","EDT","CAPITL",61757,1045.3
"10/30/2015 01:15:00","EDT","CENTRL",61754,1380.5
"10/30/2015 01:15:00","EDT","DUNWOD",61760,491.9
"10/30/2015 01:15:00","EDT","GENESE",61753,874.7
"10/30/2015 01:15:00","EDT","HUD VL",61758,824.7
"10/30/2015 01:15:00","EDT","LONGIL",61762,1627.5
"10/30/2015 01:15:00","EDT","MHK VL",61756,683.1
"10/30/2015 01:15:00","EDT","MILLWD",61759,200.4
"10/30/2015 01:15:00","EDT","N.Y.C.",61761,4321
"10/30/2015 01:15:00","EDT","NORTH",61755,476.3
"10/30/2015 01:15:00","EDT","WEST",61752,1522.3
"10/30/2015 01:20:00","EDT","CAPITL",61757,1047.5
"10/30/2015 01:20:00","EDT","CENTRL",61754,1395
"10/30/2015 01:20:00","EDT","DUNWOD",61760,497.2
"10/30/2015 01:20:00","EDT","GENESE",61753,863.4
"10/30/2015 01:20:00","EDT","HUD VL",61758,829.3
"10/30/2015 01:20:00","EDT","LONGIL",61762,1619.9
"10/30/2015 01:20:00","EDT","MHK VL",61756,673.9
"10/30/2015 01:20:00","EDT","MILLWD",61759,193.6
"10/30/2015 01:20:00","EDT","N.Y.C.",61761,4313.9
"10/30/2015 01:20:00","EDT","NORTH",61755,465.8
"10/30/2015 01:20:00","EDT","WEST",61752,1513.4
"10/30/2015 01:25:00","EDT","CAPITL",61757,1041.3
"10/30/2015 01:25:00","EDT","CENTRL",61754,1393
"10/30/2015 01:25:00","EDT","DUNWOD",61760,498.3
"10/30/2015 01:25:00","EDT","GENESE",61753,868.1
"10/30/2015 01:25:00","EDT","HUD VL",61758,821.9
"10/30/2015 01:25:00","EDT","LONGIL",61762,1616.5
"10/30/2015 01:25:00","EDT","MHK VL",61756,664.2
"10/30/2015 01:25:00","EDT","MILLWD",61759,186
"10/30/2015 01:25:00","EDT","N.Y.C.",61761,4292.6
"10/30/2015 01:25:00","EDT","NORTH",61755,470.8
"10/30/2015 01:25:00","EDT","WEST",61752,1522.1
"10/30/2015 01:30:00","EDT","CAPITL",61757,1035.3
"10/30/2015 01:30:00","EDT","CENTRL",61754,1397.8
"10/30/2015 01:30:00","EDT","DUNWOD",61760,504.6
"10/30/2015 01:30:00","EDT","GENESE",61753,877.3
"10/30/2015 01:30:00","EDT","HUD VL",61758,820.2
"10/30/2015 01:30:00","EDT","LONGIL",61762,1613.7
"10/30/2015 01:30:00","EDT","MHK VL",61756,673.5
"10/30/2015 01:30:00","EDT","MILLWD",61759,187.4
"10/30/2015 01:30:00","EDT","N.Y.C.",61761,4280.1
"10/30/2015 01:30:00","EDT","NORTH",61755,468.1
"10/30/2015 01:30:00","EDT","WEST",61752,1515
"10/30/2015 01:35:00","EDT","CAPITL",61757,1031.1
"10/30/2015 01:35:00","EDT","CENTRL",61754,1434.1
"10/30/2015 01:35:00","EDT","DUNWOD",61760,499.7
"10/30/2015 01:35:00","EDT","GENESE",61753,861.8
"10/30/2015 01:35:00","EDT","HUD VL",61758,841.8
"10/30/2015 01:35:00","EDT","LONGIL",61762,1597.9
"10/30/2015 01:35:00","EDT","MHK VL",61756,664.7
"10/30/2015 01:35:00","EDT","MILLWD",61759,172
"10/30/2015 01:35:00","EDT","N.Y.C.",61761,4274.6
"10/30/2015 01:35:00","EDT","NORTH",61755,466.8
"10/30/2015 01:35:00","EDT","WEST",61752,1493.1
"10/30/2015 01:40:00","EDT","CAPITL",61757,1030.1
"10/30/2015 01:40:00","EDT","CENTRL",61754,1415.7
"10/30/2015 01:40:00","EDT","DUNWOD",61760,511
"10/30/2015 01:40:00","EDT","GENESE",61753,863.9
"10/30/2015 01:40:00","EDT","HUD VL",61758,812.9
"10/30/2015 01:40:00","EDT","LONGIL",61762,1599.6
"10/30/2015 01:40:00","EDT","MHK VL",61756,658.8
"10/30/2015 01:40:00","EDT","MILLWD",61759,196.7
"10/30/2015 01:40:00","EDT","N.Y.C.",61761,4291.7
"10/30/2015 01:40:00","EDT","NORTH",61755,468.4
"10/30/2015 01:40:00","EDT","WEST",61752,1517.1
"10/30/2015 01:45:00","EDT","CAPITL",61757,1029
"10/30/2015 01:45:00","EDT","CENTRL",61754,1375
"10/30/2015 01:45:00","EDT","DUNWOD",61760,526.2
"10/30/2015 01:45:00","EDT","GENESE",61753,859.7
"10/30/2015 01:45:00","EDT","HUD VL",61758,830.7
"10/30/2015 01:45:00","EDT","LONGIL",61762,1580
"10/30/2015 01:45:00","EDT","MHK VL",61756,670.5
"10/30/2015 01:45:00","EDT","MILLWD",61759,175.1
"10/30/2015 01:45:00","EDT","N.Y.C.",61761,4242
"10/30/2015 01:45:00","EDT","NORTH",61755,465.5
"10/30/2015 01:45:00","EDT","WEST",61752,1488.1
"10/30/2015 01:50:00","EDT","CAPITL",61757,1027.3
"10/30/2015 01:50:00","EDT","CENTRL",61754,1394.6
"10/30/2015 01:50:00","EDT","DUNWOD",61760,544
"10/30/2015 01:50:00","EDT","GENESE",61753,859.7
"10/30/2015 01:50:00","EDT","HUD VL",61758,817.7
"10/30/2015 01:50:00","EDT","LONGIL",61762,1592.5
"10/30/2015 01:50:00","EDT","MHK VL",61756,651.7
"10/30/2015 01:50:00","EDT","MILLWD",61759,179.3
"10/30/2015 01:50:00","EDT","N.Y.C.",61761,4164.9
"10/30/2015 01:50:00","EDT","NORTH",61755,467.2
"10/30/2015 01:50:00","EDT","WEST",61752,1500.2
"10/30/2015 01:55:00","EDT","CAPITL",61757,1028.5
"10/30/2015 01:55:00","EDT","CENTRL",61754,1400.4
"10/30/2015 01:55:00","EDT","DUNWOD",61760,549.1
"10/30/2015 01:55:00","EDT","GENESE",61753,852.9
"10/30/2015 01:55:00","EDT","HUD VL",61758,822.5
"10/30/2015 01:55:00","EDT","LONGIL",61762,1583.8
"10/30/2015 01:55:00","EDT","MHK VL",61756,654
"10/30/2015 01:55:00","EDT","MILLWD",61759,181
"10/30/2015 01:55:00","EDT","N.Y.C.",61761,4150.4
"10/30/2015 01:55:00","EDT","NORTH",61755,469.2
"10/30/2015 01:55:00","EDT","WEST",61752,1483.7
"10/30/2015 02:00:00","EDT","CAPITL",61757,1028.9
"10/30/2015 02:00:00","EDT","CENTRL",61754,1400.9
"10/30/2015 02:00:00","EDT","DUNWOD",61760,542.1
"10/30/2015 02:00:00","EDT","GENESE",61753,850.1
"10/30/2015 02:00:00","EDT","HUD VL",61758,802.8
"10/30/2015 02:00:00","EDT","LONGIL",61762,1580.7
"10/30/2015 02:00:00","EDT","MHK VL",61756,653.6
"10/30/2015 02:00:00","EDT","MILLWD",61759,182.2
"10/30/2015 02:00:00","EDT","N.Y.C.",61761,4125.9
"10/30/2015 02:00:00","EDT","NORTH",61755,471.8
"10/30/2015 02:00:00","EDT","WEST",61752,1490.5
"10/30/2015 02:05:00","EDT","CAPITL",61757,1025.6
"10/30/2015 02:05:00","EDT","CENTRL",61754,1408.9
"10/30/2015 02:05:00","EDT","DUNWOD",61760,546.8
"10/30/2015 02:05:00","EDT","GENESE",61753,847.9
"10/30/2015 02:05:00","EDT","HUD VL",61758,824.8
"10/30/2015 02:05:00","EDT","LONGIL",61762,1570.3
"10/30/2015 02:05:00","EDT","MHK VL",61756,644.1
"10/30/2015 02:05:00","EDT","MILLWD",61759,170.7
"10/30/2015 02:05:00","EDT","N.Y.C.",61761,4109.7
"10/30/2015 02:05:00","EDT","NORTH",61755,471.5
"10/30/2015 02:05:00","EDT","WEST",61752,1495
"10/30/2015 02:10:00","EDT","CAPITL",61757,1017.6
"10/30/2015 02:10:00","EDT","CENTRL",61754,1366.7
"10/30/2015 02:10:00","EDT","DUNWOD",61760,536.6
"10/30/2015 02:10:00","EDT","GENESE",61753,858.3
"10/30/2015 02:10:00","EDT","HUD VL",61758,804.1
"10/30/2015 02:10:00","EDT","LONGIL",61762,1566.3
"10/30/2015 02:10:00","EDT","MHK VL",61756,659.2
"10/30/2015 02:10:00","EDT","MILLWD",61759,192.3
"10/30/2015 02:10:00","EDT","N.Y.C.",61761,4099.6
"10/30/2015 02:10:00","EDT","NORTH",61755,464.4
"10/30/2015 02:10:00","EDT","WEST",61752,1487.4
"10/30/2015 02:15:00","EDT","CAPITL",61757,1019.5
"10/30/2015 02:15:00","EDT","CENTRL",61754,1352.8
"10/30/2015 02:15:00","EDT","DUNWOD",61760,530.5
"10/30/2015 02:15:00","EDT","GENESE",61753,848.4
"10/30/2015 02:15:00","EDT","HUD VL",61758,791.8
"10/30/2015 02:15:00","EDT","LONGIL",61762,1562.4
"10/30/2015 02:15:00","EDT","MHK VL",61756,655.1
"10/30/2015 02:15:00","EDT","MILLWD",61759,192.4
"10/30/2015 02:15:00","EDT","N.Y.C.",61761,4091
"10/30/2015 02:15:00","EDT","NORTH",61755,460
"10/30/2015 02:15:00","EDT","WEST",61752,1491.9
"10/30/2015 02:20:00","EDT","CAPITL",61757,1024.4
"10/30/2015 02:20:00","EDT","CENTRL",61754,1353.4
"10/30/2015 02:20:00","EDT","DUNWOD",61760,522.5
"10/30/2015 02:20:00","EDT","GENESE",61753,849.5
"10/30/2015 02:20:00","EDT","HUD VL",61758,785.1
"10/30/2015 02:20:00","EDT","LONGIL",61762,1551.6
"10/30/2015 02:20:00","EDT","MHK VL",61756,649.9
"10/30/2015 02:20:00","EDT","MILLWD",61759,199
"10/30/2015 02:20:00","EDT","N.Y.C.",61761,4089.1
"10/30/2015 02:20:00","EDT","NORTH",61755,459.2
"10/30/2015 02:20:00","EDT","WEST",61752,1493.3
"10/30/2015 02:25:00","EDT","CAPITL",61757,1014.7
"10/30/2015 02:25:00","EDT","CENTRL",61754,1391.3
"10/30/2015 02:25:00","EDT","DUNWOD",61760,526.5
"10/30/2015 02:25:00","EDT","GENESE",61753,849.1
"10/30/2015 02:25:00","EDT","HUD VL",61758,792.1
"10/30/2015 02:25:00","EDT","LONGIL",61762,1560.5
"10/30/2015 02:25:00","EDT","MHK VL",61756,658.8
"10/30/2015 02:25:00","EDT","MILLWD",61759,191.5
"10/30/2015 02:25:00","EDT","N.Y.C.",61761,4071
"10/30/2015 02:25:00","EDT","NORTH",61755,456.9
"10/30/2015 02:25:00","EDT","WEST",61752,1486.3
"10/30/2015 02:30:00","EDT","CAPITL",61757,1012.7
"10/30/2015 02:30:00","EDT","CENTRL",61754,1386.1
"10/30/2015 02:30:00","EDT","DUNWOD",61760,522.9
"10/30/2015 02:30:00","EDT","GENESE",61753,846.1
"10/30/2015 02:30:00","EDT","HUD VL",61758,797.3
"10/30/2015 02:30:00","EDT","LONGIL",61762,1550.9
"10/30/2015 02:30:00","EDT","MHK VL",61756,646.9
"10/30/2015 02:30:00","EDT","MILLWD",61759,181
"10/30/2015 02:30:00","EDT","N.Y.C.",61761,4062.4
"10/30/2015 02:30:00","EDT","NORTH",61755,459.5
"10/30/2015 02:30:00","EDT","WEST",61752,1493.5
"10/30/2015 02:35:00","EDT","CAPITL",61757,1017.6
"10/30/2015 02:35:00","EDT","CENTRL",61754,1383.2
"10/30/2015 02:35:00","EDT","DUNWOD",61760,541.3
"10/30/2015 02:35:00","EDT","GENESE",61753,843.9
"10/30/2015 02:35:00","EDT","HUD VL",61758,808.7
"10/30/2015 02:35:00","EDT","LONGIL",61762,1537.7
"10/30/2015 02:35:00","EDT","MHK VL",61756,644.6
"10/30/2015 02:35:00","EDT","MILLWD",61759,176.3
"10/30/2015 02:35:00","EDT","N.Y.C.",61761,4055.8
"10/30/2015 02:35:00","EDT","NORTH",61755,454.9
"10/30/2015 02:35:00","EDT","WEST",61752,1487.8
"10/30/2015 02:40:00","EDT","CAPITL",61757,1005.2
"10/30/2015 02:40:00","EDT","CENTRL",61754,1364.6
"10/30/2015 02:40:00","EDT","DUNWOD",61760,540.9
"10/30/2015 02:40:00","EDT","GENESE",61753,842.2
"10/30/2015 02:40:00","EDT","HUD VL",61758,801.6
"10/30/2015 02:40:00","EDT","LONGIL",61762,1540.7
"10/30/2015 02:40:00","EDT","MHK VL",61756,652.1
"10/30/2015 02:40:00","EDT","MILLWD",61759,179.8
"10/30/2015 02:40:00","EDT","N.Y.C.",61761,4050.1
"10/30/2015 02:40:00","EDT","NORTH",61755,456.4
"10/30/2015 02:40:00","EDT","WEST",61752,1486.6
"10/30/2015 02:45:00","EDT","CAPITL",61757,1016
"10/30/2015 02:45:00","EDT","CENTRL",61754,1384
"10/30/2015 02:45:00","EDT","DUNWOD",61760,523.2
"10/30/2015 02:45:00","EDT","GENESE",61753,844.1
"10/30/2015 02:45:00","EDT","HUD VL",61758,803
"10/30/2015 02:45:00","EDT","LONGIL",61762,1535.6
"10/30/2015 02:45:00","EDT","MHK VL",61756,636.2
"10/30/2015 02:45:00","EDT","MILLWD",61759,174.8
"10/30/2015 02:45:00","EDT","N.Y.C.",61761,4034.7
"10/30/2015 02:45:00","EDT","NORTH",61755,474.1
"10/30/2015 02:45:00","EDT","WEST",61752,1495.9
"10/30/2015 02:50:00","EDT","CAPITL",61757,1022.6
"10/30/2015 02:50:00","EDT","CENTRL",61754,1376.1
"10/30/2015 02:50:00","EDT","DUNWOD",61760,531.1
"10/30/2015 02:50:00","EDT","GENESE",61753,838.4
"10/30/2015 02:50:00","EDT","HUD VL",61758,776
"10/30/2015 02:50:00","EDT","LONGIL",61762,1535.6
"10/30/2015 02:50:00","EDT","MHK VL",61756,640.1
"10/30/2015 02:50:00","EDT","MILLWD",61759,188.3
"10/30/2015 02:50:00","EDT","N.Y.C.",61761,4009.6
"10/30/2015 02:50:00","EDT","NORTH",61755,472.1
"10/30/2015 02:50:00","EDT","WEST",61752,1492.4
"10/30/2015 02:55:00","EDT","CAPITL",61757,1007
"10/30/2015 02:55:00","EDT","CENTRL",61754,1389.3
"10/30/2015 02:55:00","EDT","DUNWOD",61760,526.7
"10/30/2015 02:55:00","EDT","GENESE",61753,838.8
"10/30/2015 02:55:00","EDT","HUD VL",61758,806.2
"10/30/2015 02:55:00","EDT","LONGIL",61762,1528
"10/30/2015 02:55:00","EDT","MHK VL",61756,630.8
"10/30/2015 02:55:00","EDT","MILLWD",61759,174.6
"10/30/2015 02:55:00","EDT","N.Y.C.",61761,4019.2
"10/30/2015 02:55:00","EDT","NORTH",61755,455.4
"10/30/2015 02:55:00","EDT","WEST",61752,1488.5
"10/30/2015 03:00:00","EDT","CAPITL",61757,1014.3
"10/30/2015 03:00:00","EDT","CENTRL",61754,1393.9
"10/30/2015 03:00:00","EDT","DUNWOD",61760,526
"10/30/2015 03:00:00","EDT","GENESE",61753,835.1
"10/30/2015 03:00:00","EDT","HUD VL",61758,790.3
"10/30/2015 03:00:00","EDT","LONGIL",61762,1520.1
"10/30/2015 03:00:00","EDT","MHK VL",61756,647.3
"10/30/2015 03:00:00","EDT","MILLWD",61759,183.1
"10/30/2015 03:00:00","EDT","N.Y.C.",61761,4007
"10/30/2015 03:00:00","EDT","NORTH",61755,457.5
"10/30/2015 03:00:00","EDT","WEST",61752,1474.8
"10/30/2015 03:05:00","EDT","CAPITL",61757,1016.7
"10/30/2015 03:05:00","EDT","CENTRL",61754,1319.1
"10/30/2015 03:05:00","EDT","DUNWOD",61760,519.9
"10/30/2015 03:05:00","EDT","GENESE",61753,842.4
"10/30/2015 03:05:00","EDT","HUD VL",61758,781.4
"10/30/2015 03:05:00","EDT","LONGIL",61762,1523.5
"10/30/2015 03:05:00","EDT","MHK VL",61756,656.4
"10/30/2015 03:05:00","EDT","MILLWD",61759,185.8
"10/30/2015 03:05:00","EDT","N.Y.C.",61761,3985.5
"10/30/2015 03:05:00","EDT","NORTH",61755,465.8
"10/30/2015 03:05:00","EDT","WEST",61752,1463
"10/30/2015 03:10:00","EDT","CAPITL",61757,1008
"10/30/2015 03:10:00","EDT","CENTRL",61754,1340
"10/30/2015 03:10:00","EDT","DUNWOD",61760,514.3
"10/30/2015 03:10:00","EDT","GENESE",61753,838.2
"10/30/2015 03:10:00","EDT","HUD VL",61758,773.9
"10/30/2015 03:10:00","EDT","LONGIL",61762,1526.9
"10/30/2015 03:10:00","EDT","MHK VL",61756,652
"10/30/2015 03:10:00","EDT","MILLWD",61759,198.8
"10/30/2015 03:10:00","EDT","N.Y.C.",61761,3997.5
"10/30/2015 03:10:00","EDT","NORTH",61755,460.5
"10/30/2015 03:10:00","EDT","WEST",61752,1481.6
"10/30/2015 03:15:00","EDT","CAPITL",61757,1015.3
"10/30/2015 03:15:00","EDT","CENTRL",61754,1331.9
"10/30/2015 03:15:00","EDT","DUNWOD",61760,524.8
"10/30/2015 03:15:00","EDT","GENESE",61753,846.9
"10/30/2015 03:15:00","EDT","HUD VL",61758,790.6
"10/30/2015 03:15:00","EDT","LONGIL",61762,1527.5
"10/30/2015 03:15:00","EDT","MHK VL",61756,657.4
"10/30/2015 03:15:00","EDT","MILLWD",61759,183.3
"10/30/2015 03:15:00","EDT","N.Y.C.",61761,3999
"10/30/2015 03:15:00","EDT","NORTH",61755,459.2
"10/30/2015 03:15:00","EDT","WEST",61752,1442.7
"10/30/2015 03:20:00","EDT","CAPITL",61757,1006
"10/30/2015 03:20:00","EDT","CENTRL",61754,1368.6
"10/30/2015 03:20:00","EDT","DUNWOD",61760,522.2
"10/30/2015 03:20:00","EDT","GENESE",61753,837.2
"10/30/2015 03:20:00","EDT","HUD VL",61758,806.1
"10/30/2015 03:20:00","EDT","LONGIL",61762,1511.2
"10/30/2015 03:20:00","EDT","MHK VL",61756,655.1
"10/30/2015 03:20:00","EDT","MILLWD",61759,177.7
"10/30/2015 03:20:00","EDT","N.Y.C.",61761,4010.9
"10/30/2015 03:20:00","EDT","NORTH",61755,461.8
"10/30/2015 03:20:00","EDT","WEST",61752,1484.2
"10/30/2015 03:25:00","EDT","CAPITL",61757,998.8
"10/30/2015 03:25:00","EDT","CENTRL",61754,1364.1
"10/30/2015 03:25:00","EDT","DUNWOD",61760,508.9
"10/30/2015 03:25:00","EDT","GENESE",61753,839
"10/30/2015 03:25:00","EDT","HUD VL",61758,787.7
"10/30/2015 03:25:00","EDT","LONGIL",61762,1519.1
"10/30/2015 03:25:00","EDT","MHK VL",61756,645.4
"10/30/2015 03:25:00","EDT","MILLWD",61759,190.8
"10/30/2015 03:25:00","EDT","N.Y.C.",61761,3983.5
"10/30/2015 03:25:00","EDT","NORTH",61755,474.7
"10/30/2015 03:25:00","EDT","WEST",61752,1489.5
"10/30/2015 03:30:00","EDT","CAPITL",61757,1012.2
"10/30/2015 03:30:00","EDT","CENTRL",61754,1391.2
"10/30/2015 03:30:00","EDT","DUNWOD",61760,525.7
"10/30/2015 03:30:00","EDT","GENESE",61753,836.8
"10/30/2015 03:30:00","EDT","HUD VL",61758,784.9
"10/30/2015 03:30:00","EDT","LONGIL",61762,1526.6
"10/30/2015 03:30:00","EDT","MHK VL",61756,649.6
"10/30/2015 03:30:00","EDT","MILLWD",61759,185.4
"10/30/2015 03:30:00","EDT","N.Y.C.",61761,3977.7
"10/30/2015 03:30:00","EDT","NORTH",61755,452.6
"10/30/2015 03:30:00","EDT","WEST",61752,1461.2
"10/30/2015 03:35:00","EDT","CAPITL",61757,1004.7
"10/30/2015 03:35:00","EDT","CENTRL",61754,1340.7
"10/30/2015 03:35:00","EDT","DUNWOD",61760,513.4
"10/30/2015 03:35:00","EDT","GENESE",61753,837.2
"10/30/2015 03:35:00","EDT","HUD VL",61758,785.2
"10/30/2015 03:35:00","EDT","LONGIL",61762,1533
"10/30/2015 03:35:00","EDT","MHK VL",61756,650.1
"10/30/2015 03:35:00","EDT","MILLWD",61759,181.3
"10/30/2015 03:35:00","EDT","N.Y.C.",61761,3998.7
"10/30/2015 03:35:00","EDT","NORTH",61755,454.3
"10/30/2015 03:35:00","EDT","WEST",61752,1466.9
"10/30/2015 03:40:00","EDT","CAPITL",61757,1009.7
"10/30/2015 03:40:00","EDT","CENTRL",61754,1365.1
"10/30/2015 03:40:00","EDT","DUNWOD",61760,521.7
"10/30/2015 03:40:00","EDT","GENESE",61753,837.7
"10/30/2015 03:40:00","EDT","HUD VL",61758,784.9
"10/30/2015 03:40:00","EDT","LONGIL",61762,1514.7
"10/30/2015 03:40:00","EDT","MHK VL",61756,646.8
"10/30/2015 03:40:00","EDT","MILLWD",61759,179.8
"10/30/2015 03:40:00","EDT","N.Y.C.",61761,3975.1
"10/30/2015 03:40:00","EDT","NORTH",61755,461.1
"10/30/2015 03:40:00","EDT","WEST",61752,1474.2
"10/30/2015 03:45:00","EDT","CAPITL",61757,1006.4
"10/30/2015 03:45:00","EDT","CENTRL",61754,1372
"10/30/2015 03:45:00","EDT","DUNWOD",61760,530.8
"10/30/2015 03:45:00","EDT","GENESE",61753,837.6
"10/30/2015 03:45:00","EDT","HUD VL",61758,796.9
"10/30/2015 03:45:00","EDT","LONGIL",61762,1521.5
"10/30/2015 03:45:00","EDT","MHK VL",61756,653.5
"10/30/2015 03:45:00","EDT","MILLWD",61759,175.3
"10/30/2015 03:45:00","EDT","N.Y.C.",61761,3991.6
"10/30/2015 03:45:00","EDT","NORTH",61755,460.3
"10/30/2015 03:45:00","EDT","WEST",61752,1472.4
"10/30/2015 03:50:00","EDT","CAPITL",61757,1000.6
"10/30/2015 03:50:00","EDT","CENTRL",61754,1379.4
"10/30/2015 03:50:00","EDT","DUNWOD",61760,518.6
"10/30/2015 03:50:00","EDT","GENESE",61753,841.2
"10/30/2015 03:50:00","EDT","HUD VL",61758,789.8
"10/30/2015 03:50:00","EDT","LONGIL",61762,1520.7
"10/30/2015 03:50:00","EDT","MHK VL",61756,653.6
"10/30/2015 03:50:00","EDT","MILLWD",61759,192.6
"10/30/2015 03:50:00","EDT","N.Y.C.",61761,3990.7
"10/30/2015 03:50:00","EDT","NORTH",61755,449.2
"10/30/2015 03:50:00","EDT","WEST",61752,1460
"10/30/2015 03:55:00","EDT","CAPITL",61757,1010.2
"10/30/2015 03:55:00","EDT","CENTRL",61754,1375.7
"10/30/2015 03:55:00","EDT","DUNWOD",61760,518.7
"10/30/2015 03:55:00","EDT","GENESE",61753,848.7
"10/30/2015 03:55:00","EDT","HUD VL",61758,791.3
"10/30/2015 03:55:00","EDT","LONGIL",61762,1525.3
"10/30/2015 03:55:00","EDT","MHK VL",61756,654.6
"10/30/2015 03:55:00","EDT","MILLWD",61759,183.8
"10/30/2015 03:55:00","EDT","N.Y.C.",61761,3981.2
"10/30/2015 03:55:00","EDT","NORTH",61755,459.6
"10/30/2015 03:55:00","EDT","WEST",61752,1469.6
"10/30/2015 04:00:00","EDT","CAPITL",61757,1008.8
"10/30/2015 04:00:00","EDT","CENTRL",61754,1329.9
"10/30/2015 04:00:00","EDT","DUNWOD",61760,528.3
"10/30/2015 04:00:00","EDT","GENESE",61753,837.4
"10/30/2015 04:00:00","EDT","HUD VL",61758,785.2
"10/30/2015 04:00:00","EDT","LONGIL",61762,1531.2
"10/30/2015 04:00:00","EDT","MHK VL",61756,654.8
"10/30/2015 04:00:00","EDT","MILLWD",61759,191.4
"10/30/2015 04:00:00","EDT","N.Y.C.",61761,3956.5
"10/30/2015 04:00:00","EDT","NORTH",61755,449.7
"10/30/2015 04:00:00","EDT","WEST",61752,1479.5
"10/30/2015 04:05:00","EDT","CAPITL",61757,990.6
"10/30/2015 04:05:00","EDT","CENTRL",61754,1346.8
"10/30/2015 04:05:00","EDT","DUNWOD",61760,517.1
"10/30/2015 04:05:00","EDT","GENESE",61753,847.1
"10/30/2015 04:05:00","EDT","HUD VL",61758,817.8
"10/30/2015 04:05:00","EDT","LONGIL",61762,1536.5
"10/30/2015 04:05:00","EDT","MHK VL",61756,646.3
"10/30/2015 04:05:00","EDT","MILLWD",61759,171.2
"10/30/2015 04:05:00","EDT","N.Y.C.",61761,3957.3
"10/30/2015 04:05:00","EDT","NORTH",61755,456
"10/30/2015 04:05:00","EDT","WEST",61752,1476.6
"10/30/2015 04:10:00","EDT","CAPITL",61757,1013.5
"10/30/2015 04:10:00","EDT","CENTRL",61754,1335.7
"10/30/2015 04:10:00","EDT","DUNWOD",61760,526.8
"10/30/2015 04:10:00","EDT","GENESE",61753,846.2
"10/30/2015 04:10:00","EDT","HUD VL",61758,798.5
"10/30/2015 04:10:00","EDT","LONGIL",61762,1544.3
"10/30/2015 04:10:00","EDT","MHK VL",61756,654.2
"10/30/2015 04:10:00","EDT","MILLWD",61759,177.9
"10/30/2015 04:10:00","EDT","N.Y.C.",61761,3960.3
"10/30/2015 04:10:00","EDT","NORTH",61755,464.2
"10/30/2015 04:10:00","EDT","WEST",61752,1448.1
"10/30/2015 04:15:00","EDT","CAPITL",61757,1016.5
"10/30/2015 04:15:00","EDT","CENTRL",61754,1360
"10/30/2015 04:15:00","EDT","DUNWOD",61760,517.6
"10/30/2015 04:15:00","EDT","GENESE",61753,846
"10/30/2015 04:15:00","EDT","HUD VL",61758,793.9
"10/30/2015 04:15:00","EDT","LONGIL",61762,1556
"10/30/2015 04:15:00","EDT","MHK VL",61756,662.6
"10/30/2015 04:15:00","EDT","MILLWD",61759,186.2
"10/30/2015 04:15:00","EDT","N.Y.C.",61761,3996.2
"10/30/2015 04:15:00","EDT","NORTH",61755,455.7
"10/30/2015 04:15:00","EDT","WEST",61752,1477.5
"10/30/2015 04:20:00","EDT","CAPITL",61757,1014.7
"10/30/2015 04:20:00","EDT","CENTRL",61754,1359.3
"10/30/2015 04:20:00","EDT","DUNWOD",61760,520.5
"10/30/2015 04:20:00","EDT","GENESE",61753,847.3
"10/30/2015 04:20:00","EDT","HUD VL",61758,793.5
"10/30/2015 04:20:00","EDT","LONGIL",61762,1570.6
"10/30/2015 04:20:00","EDT","MHK VL",61756,655.9
"10/30/2015 04:20:00","EDT","MILLWD",61759,182.9
"10/30/2015 04:20:00","EDT","N.Y.C.",61761,3984.9
"10/30/2015 04:20:00","EDT","NORTH",61755,462.2
"10/30/2015 04:20:00","EDT","WEST",61752,1481.4
"10/30/2015 04:25:00","EDT","CAPITL",61757,1017.6
"10/30/2015 04:25:00","EDT","CENTRL",61754,1363.4
"10/30/2015 04:25:00","EDT","DUNWOD",61760,510.8
"10/30/2015 04:25:00","EDT","GENESE",61753,851.9
"10/30/2015 04:25:00","EDT","HUD VL",61758,800.5
"10/30/2015 04:25:00","EDT","LONGIL",61762,1556.3
"10/30/2015 04:25:00","EDT","MHK VL",61756,650.7
"10/30/2015 04:25:00","EDT","MILLWD",61759,190.2
"10/30/2015 04:25:00","EDT","N.Y.C.",61761,4005.6
"10/30/2015 04:25:00","EDT","NORTH",61755,469.9
"10/30/2015 04:25:00","EDT","WEST",61752,1466.6
"10/30/2015 04:30:00","EDT","CAPITL",61757,1029.5
"10/30/2015 04:30:00","EDT","CENTRL",61754,1366
"10/30/2015 04:30:00","EDT","DUNWOD",61760,506.5
"10/30/2015 04:30:00","EDT","GENESE",61753,848
"10/30/2015 04:30:00","EDT","HUD VL",61758,787
"10/30/2015 04:30:00","EDT","LONGIL",61762,1559.6
"10/30/2015 04:30:00","EDT","MHK VL",61756,659.8
"10/30/2015 04:30:00","EDT","MILLWD",61759,190.9
"10/30/2015 04:30:00","EDT","N.Y.C.",61761,4000.7
"10/30/2015 04:30:00","EDT","NORTH",61755,463.1
"10/30/2015 04:30:00","EDT","WEST",61752,1481.9
"10/30/2015 04:35:00","EDT","CAPITL",61757,1027.4
"10/30/2015 04:35:00","EDT","CENTRL",61754,1362.2
"10/30/2015 04:35:00","EDT","DUNWOD",61760,517.7
"10/30/2015 04:35:00","EDT","GENESE",61753,850.4
"10/30/2015 04:35:00","EDT","HUD VL",61758,810
"10/30/2015 04:35:00","EDT","LONGIL",61762,1555.8
"10/30/2015 04:35:00","EDT","MHK VL",61756,662.1
"10/30/2015 04:35:00","EDT","MILLWD",61759,184.8
"10/30/2015 04:35:00","EDT","N.Y.C.",61761,4003.5
"10/30/2015 04:35:00","EDT","NORTH",61755,462.5
"10/30/2015 04:35:00","EDT","WEST",61752,1470.5
"10/30/2015 04:40:00","EDT","CAPITL",61757,1026.6
"10/30/2015 04:40:00","EDT","CENTRL",61754,1371.7
"10/30/2015 04:40:00","EDT","DUNWOD",61760,517.6
"10/30/2015 04:40:00","EDT","GENESE",61753,854.3
"10/30/2015 04:40:00","EDT","HUD VL",61758,818.2
"10/30/2015 04:40:00","EDT","LONGIL",61762,1558
"10/30/2015 04:40:00","EDT","MHK VL",61756,657.8
"10/30/2015 04:40:00","EDT","MILLWD",61759,187.1
"10/30/2015 04:40:00","EDT","N.Y.C.",61761,4039.9
"10/30/2015 04:40:00","EDT","NORTH",61755,470.8
"10/30/2015 04:40:00","EDT","WEST",61752,1496
"10/30/2015 04:45:00","EDT","CAPITL",61757,1032.1
"10/30/2015 04:45:00","EDT","CENTRL",61754,1361.4
"10/30/2015 04:45:00","EDT","DUNWOD",61760,513.5
"10/30/2015 04:45:00","EDT","GENESE",61753,858.8
"10/30/2015 04:45:00","EDT","HUD VL",61758,822.8
"10/30/2015 04:45:00","EDT","LONGIL",61762,1565.7
"10/30/2015 04:45:00","EDT","MHK VL",61756,675.3
"10/30/2015 04:45:00","EDT","MILLWD",61759,182
"10/30/2015 04:45:00","EDT","N.Y.C.",61761,4013.3
"10/30/2015 04:45:00","EDT","NORTH",61755,459.2
"10/30/2015 04:45:00","EDT","WEST",61752,1489.1
"10/30/2015 04:50:00","EDT","CAPITL",61757,1046.3
"10/30/2015 04:50:00","EDT","CENTRL",61754,1367.9
"10/30/2015 04:50:00","EDT","DUNWOD",61760,508.1
"10/30/2015 04:50:00","EDT","GENESE",61753,863.6
"10/30/2015 04:50:00","EDT","HUD VL",61758,814.2
"10/30/2015 04:50:00","EDT","LONGIL",61762,1570.4
"10/30/2015 04:50:00","EDT","MHK VL",61756,682.3
"10/30/2015 04:50:00","EDT","MILLWD",61759,184.8
"10/30/2015 04:50:00","EDT","N.Y.C.",61761,4038.3
"10/30/2015 04:50:00","EDT","NORTH",61755,457
"10/30/2015 04:50:00","EDT","WEST",61752,1497.1
"10/30/2015 04:55:00","EDT","CAPITL",61757,1043.8
"10/30/2015 04:55:00","EDT","CENTRL",61754,1370.6
"10/30/2015 04:55:00","EDT","DUNWOD",61760,507.5
"10/30/2015 04:55:00","EDT","GENESE",61753,884.4
"10/30/2015 04:55:00","EDT","HUD VL",61758,805.7
"10/30/2015 04:55:00","EDT","LONGIL",61762,1567.1
"10/30/2015 04:55:00","EDT","MHK VL",61756,669.3
"10/30/2015 04:55:00","EDT","MILLWD",61759,190.6
"10/30/2015 04:55:00","EDT","N.Y.C.",61761,4057.3
"10/30/2015 04:55:00","EDT","NORTH",61755,465
"10/30/2015 04:55:00","EDT","WEST",61752,1508.6
"10/30/2015 05:00:00","EDT","CAPITL",61757,1051.8
"10/30/2015 05:00:00","EDT","CENTRL",61754,1377.3
"10/30/2015 05:00:00","EDT","DUNWOD",61760,508.8
"10/30/2015 05:00:00","EDT","GENESE",61753,888.8
"10/30/2015 05:00:00","EDT","HUD VL",61758,834.5
"10/30/2015 05:00:00","EDT","LONGIL",61762,1588.3
"10/30/2015 05:00:00","EDT","MHK VL",61756,680.7
"10/30/2015 05:00:00","EDT","MILLWD",61759,188.4
"10/30/2015 05:00:00","EDT","N.Y.C.",61761,4062.9
"10/30/2015 05:00:00","EDT","NORTH",61755,478.3
"10/30/2015 05:00:00","EDT","WEST",61752,1500.9
"10/30/2015 05:05:00","EDT","CAPITL",61757,1056
"10/30/2015 05:05:00","EDT","CENTRL",61754,1411.5
"10/30/2015 05:05:00","EDT","DUNWOD",61760,520.2
"10/30/2015 05:05:00","EDT","GENESE",61753,884
"10/30/2015 05:05:00","EDT","HUD VL",61758,820.1
"10/30/2015 05:05:00","EDT","LONGIL",61762,1595.8
"10/30/2015 05:05:00","EDT","MHK VL",61756,680.1
"10/30/2015 05:05:00","EDT","MILLWD",61759,189.9
"10/30/2015 05:05:00","EDT","N.Y.C.",61761,4074.5
"10/30/2015 05:05:00","EDT","NORTH",61755,464.3
"10/30/2015 05:05:00","EDT","WEST",61752,1506.7
"10/30/2015 05:10:00","EDT","CAPITL",61757,1072.8
"10/30/2015 05:10:00","EDT","CENTRL",61754,1406.7
"10/30/2015 05:10:00","EDT","DUNWOD",61760,515.1
"10/30/2015 05:10:00","EDT","GENESE",61753,900.2
"10/30/2015 05:10:00","EDT","HUD VL",61758,829.7
"10/30/2015 05:10:00","EDT","LONGIL",61762,1605.1
"10/30/2015 05:10:00","EDT","MHK VL",61756,683.9
"10/30/2015 05:10:00","EDT","MILLWD",61759,198.6
"10/30/2015 05:10:00","EDT","N.Y.C.",61761,4110
"10/30/2015 05:10:00","EDT","NORTH",61755,474.6
"10/30/2015 05:10:00","EDT","WEST",61752,1516.5
"10/30/2015 05:15:00","EDT","CAPITL",61757,1073.9
"10/30/2015 05:15:00","EDT","CENTRL",61754,1468.8
"10/30/2015 05:15:00","EDT","DUNWOD",61760,528.8
"10/30/2015 05:15:00","EDT","GENESE",61753,909
"10/30/2015 05:15:00","EDT","HUD VL",61758,847.8
"10/30/2015 05:15:00","EDT","LONGIL",61762,1618
"10/30/2015 05:15:00","EDT","MHK VL",61756,697.9
"10/30/2015 05:15:00","EDT","MILLWD",61759,195.5
"10/30/2015 05:15:00","EDT","N.Y.C.",61761,4141.2
"10/30/2015 05:15:00","EDT","NORTH",61755,470.2
"10/30/2015 05:15:00","EDT","WEST",61752,1508.4
"10/30/2015 05:20:00","EDT","CAPITL",61757,1086
"10/30/2015 05:20:00","EDT","CENTRL",61754,1482.3
"10/30/2015 05:20:00","EDT","DUNWOD",61760,526.6
"10/30/2015 05:20:00","EDT","GENESE",61753,915.2
"10/30/2015 05:20:00","EDT","HUD VL",61758,848.2
"10/30/2015 05:20:00","EDT","LONGIL",61762,1614.8
"10/30/2015 05:20:00","EDT","MHK VL",61756,694
"10/30/2015 05:20:00","EDT","MILLWD",61759,197.8
"10/30/2015 05:20:00","EDT","N.Y.C.",61761,4169.1
"10/30/2015 05:20:00","EDT","NORTH",61755,479.7
"10/30/2015 05:20:00","EDT","WEST",61752,1533.6
"10/30/2015 05:25:00","EDT","CAPITL",61757,1094.7
"10/30/2015 05:25:00","EDT","CENTRL",61754,1484.1
"10/30/2015 05:25:00","EDT","DUNWOD",61760,528.2
"10/30/2015 05:25:00","EDT","GENESE",61753,919.8
"10/30/2015 05:25:00","EDT","HUD VL",61758,846.7
"10/30/2015 05:25:00","EDT","LONGIL",61762,1633.2
"10/30/2015 05:25:00","EDT","MHK VL",61756,692.3
"10/30/2015 05:25:00","EDT","MILLWD",61759,204.7
"10/30/2015 05:25:00","EDT","N.Y.C.",61761,4194.9
"10/30/2015 05:25:00","EDT","NORTH",61755,474.9
"10/30/2015 05:25:00","EDT","WEST",61752,1529.8
"10/30/2015 05:30:00","EDT","CAPITL",61757,1096.6
"10/30/2015 05:30:00","EDT","CENTRL",61754,1475.3
"10/30/2015 05:30:00","EDT","DUNWOD",61760,530.5
"10/30/2015 05:30:00","EDT","GENESE",61753,927.1
"10/30/2015 05:30:00","EDT","HUD VL",61758,892.7
"10/30/2015 05:30:00","EDT","LONGIL",61762,1644.3
"10/30/2015 05:30:00","EDT","MHK VL",61756,697
"10/30/2015 05:30:00","EDT","MILLWD",61759,194.8
"10/30/2015 05:30:00","EDT","N.Y.C.",61761,4230
"10/30/2015 05:30:00","EDT","NORTH",61755,477.5
"10/30/2015 05:30:00","EDT","WEST",61752,1545.3
"10/30/2015 05:35:00","EDT","CAPITL",61757,1112
"10/30/2015 05:35:00","EDT","CENTRL",61754,1521.3
"10/30/2015 05:35:00","EDT","DUNWOD",61760,506.5
"10/30/2015 05:35:00","EDT","GENESE",61753,938.7
"10/30/2015 05:35:00","EDT","HUD VL",61758,880.7
"10/30/2015 05:35:00","EDT","LONGIL",61762,1664.4
"10/30/2015 05:35:00","EDT","MHK VL",61756,708.1
"10/30/2015 05:35:00","EDT","MILLWD",61759,201.5
"10/30/2015 05:35:00","EDT","N.Y.C.",61761,4216.2
"10/30/2015 05:35:00","EDT","NORTH",61755,485.1
"10/30/2015 05:35:00","EDT","WEST",61752,1562.3
"10/30/2015 05:40:00","EDT","CAPITL",61757,1127.9
"10/30/2015 05:40:00","EDT","CENTRL",61754,1562.7
"10/30/2015 05:40:00","EDT","DUNWOD",61760,508.2
"10/30/2015 05:40:00","EDT","GENESE",61753,944.4
"10/30/2015 05:40:00","EDT","HUD VL",61758,867.6
"10/30/2015 05:40:00","EDT","LONGIL",61762,1686.6
"10/30/2015 05:40:00","EDT","MHK VL",61756,714.5
"10/30/2015 05:40:00","EDT","MILLWD",61759,210.9
"10/30/2015 05:40:00","EDT","N.Y.C.",61761,4290.2
"10/30/2015 05:40:00","EDT","NORTH",61755,473.9
"10/30/2015 05:40:00","EDT","WEST",61752,1569.8
"10/30/2015 05:45:00","EDT","CAPITL",61757,1131.5
"10/30/2015 05:45:00","EDT","CENTRL",61754,1578.1
"10/30/2015 05:45:00","EDT","DUNWOD",61760,502.4
"10/30/2015 05:45:00","EDT","GENESE",61753,953.7
"10/30/2015 05:45:00","EDT","HUD VL",61758,901
"10/30/2015 05:45:00","EDT","LONGIL",61762,1705.3
"10/30/2015 05:45:00","EDT","MHK VL",61756,717.2
"10/30/2015 05:45:00","EDT","MILLWD",61759,199.3
"10/30/2015 05:45:00","EDT","N.Y.C.",61761,4344.3
"10/30/2015 05:45:00","EDT","NORTH",61755,478.3
"10/30/2015 05:45:00","EDT","WEST",61752,1571.7
"10/30/2015 05:50:00","EDT","CAPITL",61757,1143.1
"10/30/2015 05:50:00","EDT","CENTRL",61754,1566.2
"10/30/2015 05:50:00","EDT","DUNWOD",61760,513.6
"10/30/2015 05:50:00","EDT","GENESE",61753,959.5
"10/30/2015 05:50:00","EDT","HUD VL",61758,910.7
"10/30/2015 05:50:00","EDT","LONGIL",61762,1710.8
"10/30/2015 05:50:00","EDT","MHK VL",61756,730.9
"10/30/2015 05:50:00","EDT","MILLWD",61759,208.7
"10/30/2015 05:50:00","EDT","N.Y.C.",61761,4379.5
"10/30/2015 05:50:00","EDT","NORTH",61755,485.5
"10/30/2015 05:50:00","EDT","WEST",61752,1590.1
"10/30/2015 05:55:00","EDT","CAPITL",61757,1150.9
"10/30/2015 05:55:00","EDT","CENTRL",61754,1534.6
"10/30/2015 05:55:00","EDT","DUNWOD",61760,520.3
"10/30/2015 05:55:00","EDT","GENESE",61753,975.2
"10/30/2015 05:55:00","EDT","HUD VL",61758,920.3
"10/30/2015 05:55:00","EDT","LONGIL",61762,1723.1
"10/30/2015 05:55:00","EDT","MHK VL",61756,731.7
"10/30/2015 05:55:00","EDT","MILLWD",61759,217.5
"10/30/2015 05:55:00","EDT","N.Y.C.",61761,4439.1
"10/30/2015 05:55:00","EDT","NORTH",61755,491.4
"10/30/2015 05:55:00","EDT","WEST",61752,1616.4
"10/30/2015 06:00:00","EDT","CAPITL",61757,1149.1
"10/30/2015 06:00:00","EDT","CENTRL",61754,1552.7
"10/30/2015 06:00:00","EDT","DUNWOD",61760,530.5
"10/30/2015 06:00:00","EDT","GENESE",61753,989.4
"10/30/2015 06:00:00","EDT","HUD VL",61758,931.3
"10/30/2015 06:00:00","EDT","LONGIL",61762,1737.3
"10/30/2015 06:00:00","EDT","MHK VL",61756,732
"10/30/2015 06:00:00","EDT","MILLWD",61759,213.8
"10/30/2015 06:00:00","EDT","N.Y.C.",61761,4450.1
"10/30/2015 06:00:00","EDT","NORTH",61755,493.7
"10/30/2015 06:00:00","EDT","WEST",61752,1623
"10/30/2015 06:05:00","EDT","CAPITL",61757,1188.4
"10/30/2015 06:05:00","EDT","CENTRL",61754,1582.9
"10/30/2015 06:05:00","EDT","DUNWOD",61760,530.1
"10/30/2015 06:05:00","EDT","GENESE",61753,1001.5
"10/30/2015 06:05:00","EDT","HUD VL",61758,919.9
"10/30/2015 06:05:00","EDT","LONGIL",61762,1761.5
"10/30/2015 06:05:00","EDT","MHK VL",61756,752.9
"10/30/2015 06:05:00","EDT","MILLWD",61759,264
"10/30/2015 06:05:00","EDT","N.Y.C.",61761,4508.8
"10/30/2015 06:05:00","EDT","NORTH",61755,495.4
"10/30/2015 06:05:00","EDT","WEST",61752,1635.3
"10/30/2015 06:10:00","EDT","CAPITL",61757,1222.2
"10/30/2015 06:10:00","EDT","CENTRL",61754,1603.6
"10/30/2015 06:10:00","EDT","DUNWOD",61760,543.1
"10/30/2015 06:10:00","EDT","GENESE",61753,1020.7
"10/30/2015 06:10:00","EDT","HUD VL",61758,962.2
"10/30/2015 06:10:00","EDT","LONGIL",61762,1815.3
"10/30/2015 06:10:00","EDT","MHK VL",61756,781.7
"10/30/2015 06:10:00","EDT","MILLWD",61759,230.5
"10/30/2015 06:10:00","EDT","N.Y.C.",61761,4618
"10/30/2015 06:10:00","EDT","NORTH",61755,493
"10/30/2015 06:10:00","EDT","WEST",61752,1648.4
"10/30/2015 06:15:00","EDT","CAPITL",61757,1233.8
"10/30/2015 06:15:00","EDT","CENTRL",61754,1638.8
"10/30/2015 06:15:00","EDT","DUNWOD",61760,556
"10/30/2015 06:15:00","EDT","GENESE",61753,1039
"10/30/2015 06:15:00","EDT","HUD VL",61758,955
"10/30/2015 06:15:00","EDT","LONGIL",61762,1842.6
"10/30/2015 06:15:00","EDT","MHK VL",61756,783.1
"10/30/2015 06:15:00","EDT","MILLWD",61759,242.7
"10/30/2015 06:15:00","EDT","N.Y.C.",61761,4669
"10/30/2015 06:15:00","EDT","NORTH",61755,497.3
"10/30/2015 06:15:00","EDT","WEST",61752,1677.6
"10/30/2015 06:20:00","EDT","CAPITL",61757,1247.5
"10/30/2015 06:20:00","EDT","CENTRL",61754,1647.4
"10/30/2015 06:20:00","EDT","DUNWOD",61760,565.3
"10/30/2015 06:20:00","EDT","GENESE",61753,1045.8
"10/30/2015 06:20:00","EDT","HUD VL",61758,975.7
"10/30/2015 06:20:00","EDT","LONGIL",61762,1875.2
"10/30/2015 06:20:00","EDT","MHK VL",61756,807.3
"10/30/2015 06:20:00","EDT","MILLWD",61759,242.9
"10/30/2015 06:20:00","EDT","N.Y.C.",61761,4738.2
"10/30/2015 06:20:00","EDT","NORTH",61755,507.3
"10/30/2015 06:20:00","EDT","WEST",61752,1695.6
"10/30/2015 06:25:00","EDT","CAPITL",61757,1259.3
"10/30/2015 06:25:00","EDT","CENTRL",61754,1669.1
"10/30/2015 06:25:00","EDT","DUNWOD",61760,574.3
"10/30/2015 06:25:00","EDT","GENESE",61753,1059
"10/30/2015 06:25:00","EDT","HUD VL",61758,979
"10/30/2015 06:25:00","EDT","LONGIL",61762,1871
"10/30/2015 06:25:00","EDT","MHK VL",61756,803.2
"10/30/2015 06:25:00","EDT","MILLWD",61759,238.2
"10/30/2015 06:25:00","EDT","N.Y.C.",61761,4780.2
"10/30/2015 06:25:00","EDT","NORTH",61755,506.6
"10/30/2015 06:25:00","EDT","WEST",61752,1693.4
"10/30/2015 06:30:00","EDT","CAPITL",61757,1268.6
"10/30/2015 06:30:00","EDT","CENTRL",61754,1680.7
"10/30/2015 06:30:00","EDT","DUNWOD",61760,577.7
"10/30/2015 06:30:00","EDT","GENESE",61753,1072.1
"10/30/2015 06:30:00","EDT","HUD VL",61758,996.3
"10/30/2015 06:30:00","EDT","LONGIL",61762,1904.8
"10/30/2015 06:30:00","EDT","MHK VL",61756,817.9
"10/30/2015 06:30:00","EDT","MILLWD",61759,245.7
"10/30/2015 06:30:00","EDT","N.Y.C.",61761,4814.7
"10/30/2015 06:30:00","EDT","NORTH",61755,511.6
"10/30/2015 06:30:00","EDT","WEST",61752,1708.6
"10/30/2015 06:35:00","EDT","CAPITL",61757,1277.1
"10/30/2015 06:35:00","EDT","CENTRL",61754,1684.1
"10/30/2015 06:35:00","EDT","DUNWOD",61760,586.9
"10/30/2015 06:35:00","EDT","GENESE",61753,1077.5
"10/30/2015 06:35:00","EDT","HUD VL",61758,999.4
"10/30/2015 06:35:00","EDT","LONGIL",61762,1918.4
"10/30/2015 06:35:00","EDT","MHK VL",61756,834.8
"10/30/2015 06:35:00","EDT","MILLWD",61759,249.6
"10/30/2015 06:35:00","EDT","N.Y.C.",61761,4845.6
"10/30/2015 06:35:00","EDT","NORTH",61755,499
"10/30/2015 06:35:00","EDT","WEST",61752,1726.5
"10/30/2015 06:40:00","EDT","CAPITL",61757,1308.7
"10/30/2015 06:40:00","EDT","CENTRL",61754,1703.2
"10/30/2015 06:40:00","EDT","DUNWOD",61760,589.7
"10/30/2015 06:40:00","EDT","GENESE",61753,1093.4
"10/30/2015 06:40:00","EDT","HUD VL",61758,1006.6
"10/30/2015 06:40:00","EDT","LONGIL",61762,1953.2
"10/30/2015 06:40:00","EDT","MHK VL",61756,841.6
"10/30/2015 06:40:00","EDT","MILLWD",61759,257.7
"10/30/2015 06:40:00","EDT","N.Y.C.",61761,4930.5
"10/30/2015 06:40:00","EDT","NORTH",61755,505.6
"10/30/2015 06:40:00","EDT","WEST",61752,1748
"10/30/2015 06:45:00","EDT","CAPITL",61757,1320.9
"10/30/2015 06:45:00","EDT","CENTRL",61754,1709.2
"10/30/2015 06:45:00","EDT","DUNWOD",61760,610.6
"10/30/2015 06:45:00","EDT","GENESE",61753,1092.1
"10/30/2015 06:45:00","EDT","HUD VL",61758,1035.8
"10/30/2015 06:45:00","EDT","LONGIL",61762,1961.3
"10/30/2015 06:45:00","EDT","MHK VL",61756,858.7
"10/30/2015 06:45:00","EDT","MILLWD",61759,260.4
"10/30/2015 06:45:00","EDT","N.Y.C.",61761,4930.5
"10/30/2015 06:45:00","EDT","NORTH",61755,508.2
"10/30/2015 06:45:00","EDT","WEST",61752,1750.7
"10/30/2015 06:50:00","EDT","CAPITL",61757,1336.3
"10/30/2015 06:50:00","EDT","CENTRL",61754,1724.7
"10/30/2015 06:50:00","EDT","DUNWOD",61760,609.6
"10/30/2015 06:50:00","EDT","GENESE",61753,1112.8
"10/30/2015 06:50:00","EDT","HUD VL",61758,1009.2
"10/30/2015 06:50:00","EDT","LONGIL",61762,1984.7
"10/30/2015 06:50:00","EDT","MHK VL",61756,851
"10/30/2015 06:50:00","EDT","MILLWD",61759,267.8
"10/30/2015 06:50:00","EDT","N.Y.C.",61761,5016.8
"10/30/2015 06:50:00","EDT","NORTH",61755,508.4
"10/30/2015 06:50:00","EDT","WEST",61752,1759.9
"10/30/2015 06:55:00","EDT","CAPITL",61757,1343.3
"10/30/2015 06:55:00","EDT","CENTRL",61754,1739.5
"10/30/2015 06:55:00","EDT","DUNWOD",61760,620.6
"10/30/2015 06:55:00","EDT","GENESE",61753,1121.9
"10/30/2015 06:55:00","EDT","HUD VL",61758,1032.1
"10/30/2015 06:55:00","EDT","LONGIL",61762,1991.6
"10/30/2015 06:55:00","EDT","MHK VL",61756,850
"10/30/2015 06:55:00","EDT","MILLWD",61759,263.2
"10/30/2015 06:55:00","EDT","N.Y.C.",61761,5047.1
"10/30/2015 06:55:00","EDT","NORTH",61755,529.3
"10/30/2015 06:55:00","EDT","WEST",61752,1767.7
"10/30/2015 07:00:00","EDT","CAPITL",61757,1351.7
"10/30/2015 07:00:00","EDT","CENTRL",61754,1758.5
"10/30/2015 07:00:00","EDT","DUNWOD",61760,632.6
"10/30/2015 07:00:00","EDT","GENESE",61753,1127
"10/30/2015 07:00:00","EDT","HUD VL",61758,1064.6
"10/30/2015 07:00:00","EDT","LONGIL",61762,2026.2
"10/30/2015 07:00:00","EDT","MHK VL",61756,857.7
"10/30/2015 07:00:00","EDT","MILLWD",61759,245.1
"10/30/2015 07:00:00","EDT","N.Y.C.",61761,5123.2
"10/30/2015 07:00:00","EDT","NORTH",61755,517.7
"10/30/2015 07:00:00","EDT","WEST",61752,1763.5
"10/30/2015 07:05:00","EDT","CAPITL",61757,1375.6
"10/30/2015 07:05:00","EDT","CENTRL",61754,1758.8
"10/30/2015 07:05:00","EDT","DUNWOD",61760,640.7
"10/30/2015 07:05:00","EDT","GENESE",61753,1135.5
"10/30/2015 07:05:00","EDT","HUD VL",61758,1026.7
"10/30/2015 07:05:00","EDT","LONGIL",61762,2066.4
"10/30/2015 07:05:00","EDT","MHK VL",61756,863.3
"10/30/2015 07:05:00","EDT","MILLWD",61759,274.8
"10/30/2015 07:05:00","EDT","N.Y.C.",61761,5192.9
"10/30/2015 07:05:00","EDT","NORTH",61755,517.7
"10/30/2015 07:05:00","EDT","WEST",61752,1768.4
"10/30/2015 07:10:00","EDT","CAPITL",61757,1375.5
"10/30/2015 07:10:00","EDT","CENTRL",61754,1789.8
"10/30/2015 07:10:00","EDT","DUNWOD",61760,639.5
"10/30/2015 07:10:00","EDT","GENESE",61753,1152.1
"10/30/2015 07:10:00","EDT","HUD VL",61758,1065.4
"10/30/2015 07:10:00","EDT","LONGIL",61762,2089.3
"10/30/2015 07:10:00","EDT","MHK VL",61756,885.1
"10/30/2015 07:10:00","EDT","MILLWD",61759,272.5
"10/30/2015 07:10:00","EDT","N.Y.C.",61761,5279.7
"10/30/2015 07:10:00","EDT","NORTH",61755,517
"10/30/2015 07:10:00","EDT","WEST",61752,1809.9
"10/30/2015 07:15:00","EDT","CAPITL",61757,1364
"10/30/2015 07:15:00","EDT","CENTRL",61754,1837.4
"10/30/2015 07:15:00","EDT","DUNWOD",61760,641.5
"10/30/2015 07:15:00","EDT","GENESE",61753,1164.1
"10/30/2015 07:15:00","EDT","HUD VL",61758,1084.5
"10/30/2015 07:15:00","EDT","LONGIL",61762,2108.8
"10/30/2015 07:15:00","EDT","MHK VL",61756,887.1
"10/30/2015 07:15:00","EDT","MILLWD",61759,265.8
"10/30/2015 07:15:00","EDT","N.Y.C.",61761,5337.9
"10/30/2015 07:15:00","EDT","NORTH",61755,522.3
"10/30/2015 07:15:00","EDT","WEST",61752,1823
"10/30/2015 07:20:00","EDT","CAPITL",61757,1369.9
"10/30/2015 07:20:00","EDT","CENTRL",61754,1850
"10/30/2015 07:20:00","EDT","DUNWOD",61760,650.5
"10/30/2015 07:20:00","EDT","GENESE",61753,1168.1
"10/30/2015 07:20:00","EDT","HUD VL",61758,1090.4
"10/30/2015 07:20:00","EDT","LONGIL",61762,2125.9
"10/30/2015 07:20:00","EDT","MHK VL",61756,889.8
"10/30/2015 07:20:00","EDT","MILLWD",61759,278.7
"10/30/2015 07:20:00","EDT","N.Y.C.",61761,5363.2
"10/30/2015 07:20:00","EDT","NORTH",61755,528.8
"10/30/2015 07:20:00","EDT","WEST",61752,1849.7
"10/30/2015 07:25:00","EDT","CAPITL",61757,1373.1
"10/30/2015 07:25:00","EDT","CENTRL",61754,1874.6
"10/30/2015 07:25:00","EDT","DUNWOD",61760,656.6
"10/30/2015 07:25:00","EDT","GENESE",61753,1175.5
"10/30/2015 07:25:00","EDT","HUD VL",61758,1088.6
"10/30/2015 07:25:00","EDT","LONGIL",61762,2151.1
"10/30/2015 07:25:00","EDT","MHK VL",61756,873.5
"10/30/2015 07:25:00","EDT","MILLWD",61759,256.2
"10/30/2015 07:25:00","EDT","N.Y.C.",61761,5372.9
"10/30/2015 07:25:00","EDT","NORTH",61755,529.6
"10/30/2015 07:25:00","EDT","WEST",61752,1845.6
"10/30/2015 07:30:00","EDT","CAPITL",61757,1375.3
"10/30/2015 07:30:00","EDT","CENTRL",61754,1858.7
"10/30/2015 07:30:00","EDT","DUNWOD",61760,648.3
"10/30/2015 07:30:00","EDT","GENESE",61753,1176.1
"10/30/2015 07:30:00","EDT","HUD VL",61758,1086.1
"10/30/2015 07:30:00","EDT","LONGIL",61762,2129
"10/30/2015 07:30:00","EDT","MHK VL",61756,880.7
"10/30/2015 07:30:00","EDT","MILLWD",61759,273
"10/30/2015 07:30:00","EDT","N.Y.C.",61761,5442.6
"10/30/2015 07:30:00","EDT","NORTH",61755,519.8
"10/30/2015 07:30:00","EDT","WEST",61752,1863
"10/30/2015 07:35:00","EDT","CAPITL",61757,1386.5
"10/30/2015 07:35:00","EDT","CENTRL",61754,1856.5
"10/30/2015 07:35:00","EDT","DUNWOD",61760,649.6
"10/30/2015 07:35:00","EDT","GENESE",61753,1177.9
"10/30/2015 07:35:00","EDT","HUD VL",61758,1079.9
"10/30/2015 07:35:00","EDT","LONGIL",61762,2119.1
"10/30/2015 07:35:00","EDT","MHK VL",61756,886.5
"10/30/2015 07:35:00","EDT","MILLWD",61759,270.5
"10/30/2015 07:35:00","EDT","N.Y.C.",61761,5473
"10/30/2015 07:35:00","EDT","NORTH",61755,536.5
"10/30/2015 07:35:00","EDT","WEST",61752,1869
"10/30/2015 07:40:00","EDT","CAPITL",61757,1379.7
"10/30/2015 07:40:00","EDT","CENTRL",61754,1842.3
"10/30/2015 07:40:00","EDT","DUNWOD",61760,659.9
"10/30/2015 07:40:00","EDT","GENESE",61753,1176.4
"10/30/2015 07:40:00","EDT","HUD VL",61758,1071.8
"10/30/2015 07:40:00","EDT","LONGIL",61762,2114
"10/30/2015 07:40:00","EDT","MHK VL",61756,886.1
"10/30/2015 07:40:00","EDT","MILLWD",61759,280.3
"10/30/2015 07:40:00","EDT","N.Y.C.",61761,5502.2
"10/30/2015 07:40:00","EDT","NORTH",61755,523.4
"10/30/2015 07:40:00","EDT","WEST",61752,1838.2
"10/30/2015 07:45:00","EDT","CAPITL",61757,1372.2
"10/30/2015 07:45:00","EDT","CENTRL",61754,1849.7
"10/30/2015 07:45:00","EDT","DUNWOD",61760,658.1
"10/30/2015 07:45:00","EDT","GENESE",61753,1166.1
"10/30/2015 07:45:00","EDT","HUD VL",61758,1067.8
"10/30/2015 07:45:00","EDT","LONGIL",61762,2125.5
"10/30/2015 07:45:00","EDT","MHK VL",61756,881.3
"10/30/2015 07:45:00","EDT","MILLWD",61759,276.2
"10/30/2015 07:45:00","EDT","N.Y.C.",61761,5518.9
"10/30/2015 07:45:00","EDT","NORTH",61755,523.2
"10/30/2015 07:45:00","EDT","WEST",61752,1863.7
"10/30/2015 07:50:00","EDT","CAPITL",61757,1378.5
"10/30/2015 07:50:00","EDT","CENTRL",61754,1856.9
"10/30/2015 07:50:00","EDT","DUNWOD",61760,662.1
"10/30/2015 07:50:00","EDT","GENESE",61753,1172.2
"10/30/2015 07:50:00","EDT","HUD VL",61758,1070.7
"10/30/2015 07:50:00","EDT","LONGIL",61762,2167.3
"10/30/2015 07:50:00","EDT","MHK VL",61756,880.4
"10/30/2015 07:50:00","EDT","MILLWD",61759,274.9
"10/30/2015 07:50:00","EDT","N.Y.C.",61761,5541.3
"10/30/2015 07:50:00","EDT","NORTH",61755,523.5
"10/30/2015 07:50:00","EDT","WEST",61752,1847.8
"10/30/2015 07:55:00","EDT","CAPITL",61757,1379.1
"10/30/2015 07:55:00","EDT","CENTRL",61754,1866.7
"10/30/2015 07:55:00","EDT","DUNWOD",61760,661.6
"10/30/2015 07:55:00","EDT","GENESE",61753,1170.5
"10/30/2015 07:55:00","EDT","HUD VL",61758,1071.2
"10/30/2015 07:55:00","EDT","LONGIL",61762,2174.5
"10/30/2015 07:55:00","EDT","MHK VL",61756,877.9
"10/30/2015 07:55:00","EDT","MILLWD",61759,273.8
"10/30/2015 07:55:00","EDT","N.Y.C.",61761,5538
"10/30/2015 07:55:00","EDT","NORTH",61755,519.6
"10/30/2015 07:55:00","EDT","WEST",61752,1840.2
"10/30/2015 08:00:00","EDT","CAPITL",61757,1365.9
"10/30/2015 08:00:00","EDT","CENTRL",61754,1863.1
"10/30/2015 08:00:00","EDT","DUNWOD",61760,670.4
"10/30/2015 08:00:00","EDT","GENESE",61753,1163.2
"10/30/2015 08:00:00","EDT","HUD VL",61758,1098.9
"10/30/2015 08:00:00","EDT","LONGIL",61762,2180.2
"10/30/2015 08:00:00","EDT","MHK VL",61756,873.9
"10/30/2015 08:00:00","EDT","MILLWD",61759,267.8
"10/30/2015 08:00:00","EDT","N.Y.C.",61761,5575.7
"10/30/2015 08:00:00","EDT","NORTH",61755,520.2
"10/30/2015 08:00:00","EDT","WEST",61752,1837.6
"10/30/2015 08:05:00","EDT","CAPITL",61757,1371.8
"10/30/2015 08:05:00","EDT","CENTRL",61754,1828.8
"10/30/2015 08:05:00","EDT","DUNWOD",61760,665.9
"10/30/2015 08:05:00","EDT","GENESE",61753,1162.6
"10/30/2015 08:05:00","EDT","HUD VL",61758,1092.5
"10/30/2015 08:05:00","EDT","LONGIL",61762,2172.7
"10/30/2015 08:05:00","EDT","MHK VL",61756,884.8
"10/30/2015 08:05:00","EDT","MILLWD",61759,261.2
"10/30/2015 08:05:00","EDT","N.Y.C.",61761,5602.5
"10/30/2015 08:05:00","EDT","NORTH",61755,526.9
"10/30/2015 08:05:00","EDT","WEST",61752,1838.6
"10/30/2015 08:10:00","EDT","CAPITL",61757,1377.7
"10/30/2015 08:10:00","EDT","CENTRL",61754,1826.9
"10/30/2015 08:10:00","EDT","DUNWOD",61760,660.4
"10/30/2015 08:10:00","EDT","GENESE",61753,1164.1
"10/30/2015 08:10:00","EDT","HUD VL",61758,1085.1
"10/30/2015 08:10:00","EDT","LONGIL",61762,2181.8
"10/30/2015 08:10:00","EDT","MHK VL",61756,891.1
"10/30/2015 08:10:00","EDT","MILLWD",61759,275.5
"10/30/2015 08:10:00","EDT","N.Y.C.",61761,5650.7
"10/30/2015 08:10:00","EDT","NORTH",61755,519.7
"10/30/2015 08:10:00","EDT","WEST",61752,1829.2
"10/30/2015 08:15:00","EDT","CAPITL",61757,1370.2
"10/30/2015 08:15:00","EDT","CENTRL",61754,1827.6
"10/30/2015 08:15:00","EDT","DUNWOD",61760,656.9
"10/30/2015 08:15:00","EDT","GENESE",61753,1173.1
"10/30/2015 08:15:00","EDT","HUD VL",61758,1087.8
"10/30/2015 08:15:00","EDT","LONGIL",61762,2161.9
"10/30/2015 08:15:00","EDT","MHK VL",61756,887.6
"10/30/2015 08:15:00","EDT","MILLWD",61759,289.9
"10/30/2015 08:15:00","EDT","N.Y.C.",61761,5671.9
"10/30/2015 08:15:00","EDT","NORTH",61755,536.6
"10/30/2015 08:15:00","EDT","WEST",61752,1848.4
"10/30/2015 08:20:00","EDT","CAPITL",61757,1379.8
"10/30/2015 08:20:00","EDT","CENTRL",61754,1828.8
"10/30/2015 08:20:00","EDT","DUNWOD",61760,675.2
"10/30/2015 08:20:00","EDT","GENESE",61753,1169.6
"10/30/2015 08:20:00","EDT","HUD VL",61758,1107.3
"10/30/2015 08:20:00","EDT","LONGIL",61762,2163
"10/30/2015 08:20:00","EDT","MHK VL",61756,875
"10/30/2015 08:20:00","EDT","MILLWD",61759,257
"10/30/2015 08:20:00","EDT","N.Y.C.",61761,5706.5
"10/30/2015 08:20:00","EDT","NORTH",61755,527.1
"10/30/2015 08:20:00","EDT","WEST",61752,1860.9
"10/30/2015 08:25:00","EDT","CAPITL",61757,1370
"10/30/2015 08:25:00","EDT","CENTRL",61754,1858.6
"10/30/2015 08:25:00","EDT","DUNWOD",61760,665.1
"10/30/2015 08:25:00","EDT","GENESE",61753,1160
"10/30/2015 08:25:00","EDT","HUD VL",61758,1091.1
"10/30/2015 08:25:00","EDT","LONGIL",61762,2145.4
"10/30/2015 08:25:00","EDT","MHK VL",61756,883.6
"10/30/2015 08:25:00","EDT","MILLWD",61759,275.3
"10/30/2015 08:25:00","EDT","N.Y.C.",61761,5729.3
"10/30/2015 08:25:00","EDT","NORTH",61755,524.9
"10/30/2015 08:25:00","EDT","WEST",61752,1829.3
"10/30/2015 08:30:00","EDT","CAPITL",61757,1361.5
"10/30/2015 08:30:00","EDT","CENTRL",61754,1866
"10/30/2015 08:30:00","EDT","DUNWOD",61760,648.3
"10/30/2015 08:30:00","EDT","GENESE",61753,1163.7
"10/30/2015 08:30:00","EDT","HUD VL",61758,1094.7
"10/30/2015 08:30:00","EDT","LONGIL",61762,2156.2
"10/30/2015 08:30:00","EDT","MHK VL",61756,875.4
"10/30/2015 08:30:00","EDT","MILLWD",61759,285.8
"10/30/2015 08:30:00","EDT","N.Y.C.",61761,5772.2
"10/30/2015 08:30:00","EDT","NORTH",61755,522
"10/30/2015 08:30:00","EDT","WEST",61752,1840.7
"10/30/2015 08:35:00","EDT","CAPITL",61757,1368.7
"10/30/2015 08:35:00","EDT","CENTRL",61754,1865.9
"10/30/2015 08:35:00","EDT","DUNWOD",61760,662.7
"10/30/2015 08:35:00","EDT","GENESE",61753,1163
"10/30/2015 08:35:00","EDT","HUD VL",61758,1099.1
"10/30/2015 08:35:00","EDT","LONGIL",61762,2141.3
"10/30/2015 08:35:00","EDT","MHK VL",61756,883.1
"10/30/2015 08:35:00","EDT","MILLWD",61759,275
"10/30/2015 08:35:00","EDT","N.Y.C.",61761,5788.1
"10/30/2015 08:35:00","EDT","NORTH",61755,530.5
"10/30/2015 08:35:00","EDT","WEST",61752,1846.3
"10/30/2015 08:40:00","EDT","CAPITL",61757,1370.5
"10/30/2015 08:40:00","EDT","CENTRL",61754,1860.1
"10/30/2015 08:40:00","EDT","DUNWOD",61760,675
"10/30/2015 08:40:00","EDT","GENESE",61753,1165.6
"10/30/2015 08:40:00","EDT","HUD VL",61758,1110.9
"10/30/2015 08:40:00","EDT","LONGIL",61762,2170.6
"10/30/2015 08:40:00","EDT","MHK VL",61756,887.2
"10/30/2015 08:40:00","EDT","MILLWD",61759,267.4
"10/30/2015 08:40:00","EDT","N.Y.C.",61761,5786.1
"10/30/2015 08:40:00","EDT","NORTH",61755,516.9
"10/30/2015 08:40:00","EDT","WEST",61752,1845.7
"10/30/2015 08:45:00","EDT","CAPITL",61757,1374.8
"10/30/2015 08:45:00","EDT","CENTRL",61754,1852.1
"10/30/2015 08:45:00","EDT","DUNWOD",61760,677.1
"10/30/2015 08:45:00","EDT","GENESE",61753,1157.5
"10/30/2015 08:45:00","EDT","HUD VL",61758,1067.7
"10/30/2015 08:45:00","EDT","LONGIL",61762,2190.9
"10/30/2015 08:45:00","EDT","MHK VL",61756,868.7
"10/30/2015 08:45:00","EDT","MILLWD",61759,273.3
"10/30/2015 08:45:00","EDT","N.Y.C.",61761,5834.3
"10/30/2015 08:45:00","EDT","NORTH",61755,520.2
"10/30/2015 08:45:00","EDT","WEST",61752,1822.8
"10/30/2015 08:50:00","EDT","CAPITL",61757,1357.9
"10/30/2015 08:50:00","EDT","CENTRL",61754,1865.9
"10/30/2015 08:50:00","EDT","DUNWOD",61760,670.1
"10/30/2015 08:50:00","EDT","GENESE",61753,1165
"10/30/2015 08:50:00","EDT","HUD VL",61758,1093
"10/30/2015 08:50:00","EDT","LONGIL",61762,2175.3
"10/30/2015 08:50:00","EDT","MHK VL",61756,883.4
"10/30/2015 08:50:00","EDT","MILLWD",61759,278.1
"10/30/2015 08:50:00","EDT","N.Y.C.",61761,5827.5
"10/30/2015 08:50:00","EDT","NORTH",61755,510.7
"10/30/2015 08:50:00","EDT","WEST",61752,1828.2
"10/30/2015 08:55:00","EDT","CAPITL",61757,1357.2
"10/30/2015 08:55:00","EDT","CENTRL",61754,1875
"10/30/2015 08:55:00","EDT","DUNWOD",61760,676.6
"10/30/2015 08:55:00","EDT","GENESE",61753,1167.8
"10/30/2015 08:55:00","EDT","HUD VL",61758,1083.9
"10/30/2015 08:55:00","EDT","LONGIL",61762,2149.4
"10/30/2015 08:55:00","EDT","MHK VL",61756,869.7
"10/30/2015 08:55:00","EDT","MILLWD",61759,267.1
"10/30/2015 08:55:00","EDT","N.Y.C.",61761,5849.2
"10/30/2015 08:55:00","EDT","NORTH",61755,527.4
"10/30/2015 08:55:00","EDT","WEST",61752,1835.6
"10/30/2015 09:00:00","EDT","CAPITL",61757,1363.6
"10/30/2015 09:00:00","EDT","CENTRL",61754,1863.5
"10/30/2015 09:00:00","EDT","DUNWOD",61760,666.6
"10/30/2015 09:00:00","EDT","GENESE",61753,1166.8
"10/30/2015 09:00:00","EDT","HUD VL",61758,1078
"10/30/2015 09:00:00","EDT","LONGIL",61762,2152.6
"10/30/2015 09:00:00","EDT","MHK VL",61756,881.8
"10/30/2015 09:00:00","EDT","MILLWD",61759,275.3
"10/30/2015 09:00:00","EDT","N.Y.C.",61761,5880.9
"10/30/2015 09:00:00","EDT","NORTH",61755,524.6
"10/30/2015 09:00:00","EDT","WEST",61752,1842.8
"10/30/2015 09:05:00","EDT","CAPITL",61757,1349.9
"10/30/2015 09:05:00","EDT","CENTRL",61754,1824.9
"10/30/2015 09:05:00","EDT","DUNWOD",61760,665.1
"10/30/2015 09:05:00","EDT","GENESE",61753,1163.5
"10/30/2015 09:05:00","EDT","HUD VL",61758,1095.9
"10/30/2015 09:05:00","EDT","LONGIL",61762,2152.5
"10/30/2015 09:05:00","EDT","MHK VL",61756,834.4
"10/30/2015 09:05:00","EDT","MILLWD",61759,253.6
"10/30/2015 09:05:00","EDT","N.Y.C.",61761,5891.1
"10/30/2015 09:05:00","EDT","NORTH",61755,576
"10/30/2015 09:05:00","EDT","WEST",61752,1858.8
"10/30/2015 09:10:00","EDT","CAPITL",61757,1351.8
"10/30/2015 09:10:00","EDT","CENTRL",61754,1824.5
"10/30/2015 09:10:00","EDT","DUNWOD",61760,680.1
"10/30/2015 09:10:00","EDT","GENESE",61753,1168.6
"10/30/2015 09:10:00","EDT","HUD VL",61758,1113.9
"10/30/2015 09:10:00","EDT","LONGIL",61762,2150.4
"10/30/2015 09:10:00","EDT","MHK VL",61756,877.6
"10/30/2015 09:10:00","EDT","MILLWD",61759,255.1
"10/30/2015 09:10:00","EDT","N.Y.C.",61761,5967.8
"10/30/2015 09:10:00","EDT","NORTH",61755,529.8
"10/30/2015 09:10:00","EDT","WEST",61752,1841.9
"10/30/2015 09:15:00","EDT","CAPITL",61757,1346.2
"10/30/2015 09:15:00","EDT","CENTRL",61754,1824.1
"10/30/2015 09:15:00","EDT","DUNWOD",61760,674.6
"10/30/2015 09:15:00","EDT","GENESE",61753,1166.4
"10/30/2015 09:15:00","EDT","HUD VL",61758,1100.1
"10/30/2015 09:15:00","EDT","LONGIL",61762,2176.9
"10/30/2015 09:15:00","EDT","MHK VL",61756,836
"10/30/2015 09:15:00","EDT","MILLWD",61759,266.5
"10/30/2015 09:15:00","EDT","N.Y.C.",61761,5961
"10/30/2015 09:15:00","EDT","NORTH",61755,568.7
"10/30/2015 09:15:00","EDT","WEST",61752,1832.5
"10/30/2015 09:20:00","EDT","CAPITL",61757,1349.6
"10/30/2015 09:20:00","EDT","CENTRL",61754,1817.5
"10/30/2015 09:20:00","EDT","DUNWOD",61760,690.4
"10/30/2015 09:20:00","EDT","GENESE",61753,1166.4
"10/30/2015 09:20:00","EDT","HUD VL",61758,1111.9
"10/30/2015 09:20:00","EDT","LONGIL",61762,2171.7
"10/30/2015 09:20:00","EDT","MHK VL",61756,824.7
"10/30/2015 09:20:00","EDT","MILLWD",61759,267.7
"10/30/2015 09:20:00","EDT","N.Y.C.",61761,5939.1
"10/30/2015 09:20:00","EDT","NORTH",61755,603.3
"10/30/2015 09:20:00","EDT","WEST",61752,1829.5
"10/30/2015 09:25:00","EDT","CAPITL",61757,1356.4
"10/30/2015 09:25:00","EDT","CENTRL",61754,1845.1
"10/30/2015 09:25:00","EDT","DUNWOD",61760,674.8
"10/30/2015 09:25:00","EDT","GENESE",61753,1166.4
"10/30/2015 09:25:00","EDT","HUD VL",61758,1077.9
"10/30/2015 09:25:00","EDT","LONGIL",61762,2142.3
"10/30/2015 09:25:00","EDT","MHK VL",61756,844.3
"10/30/2015 09:25:00","EDT","MILLWD",61759,271.4
"10/30/2015 09:25:00","EDT","N.Y.C.",61761,5980.1
"10/30/2015 09:25:00","EDT","NORTH",61755,556.1
"10/30/2015 09:25:00","EDT","WEST",61752,1881.8
"10/30/2015 09:30:00","EDT","CAPITL",61757,1363.3
"10/30/2015 09:30:00","EDT","CENTRL",61754,1836.6
"10/30/2015 09:30:00","EDT","DUNWOD",61760,679
"10/30/2015 09:30:00","EDT","GENESE",61753,1159.5
"10/30/2015 09:30:00","EDT","HUD VL",61758,1089.9
"10/30/2015 09:30:00","EDT","LONGIL",61762,2159.7
"10/30/2015 09:30:00","EDT","MHK VL",61756,834.6
"10/30/2015 09:30:00","EDT","MILLWD",61759,268.9
"10/30/2015 09:30:00","EDT","N.Y.C.",61761,5968.4
"10/30/2015 09:30:00","EDT","NORTH",61755,558.9
"10/30/2015 09:30:00","EDT","WEST",61752,1875.1
"10/30/2015 09:35:00","EDT","CAPITL",61757,1355.6
"10/30/2015 09:35:00","EDT","CENTRL",61754,1837.9
"10/30/2015 09:35:00","EDT","DUNWOD",61760,678.9
"10/30/2015 09:35:00","EDT","GENESE",61753,1178
"10/30/2015 09:35:00","EDT","HUD VL",61758,1093.9
"10/30/2015 09:35:00","EDT","LONGIL",61762,2161.2
"10/30/2015 09:35:00","EDT","MHK VL",61756,832.7
"10/30/2015 09:35:00","EDT","MILLWD",61759,264.9
"10/30/2015 09:35:00","EDT","N.Y.C.",61761,6012.3
"10/30/2015 09:35:00","EDT","NORTH",61755,565.8
"10/30/2015 09:35:00","EDT","WEST",61752,1857.2
"10/30/2015 09:40:00","EDT","CAPITL",61757,1347.6
"10/30/2015 09:40:00","EDT","CENTRL",61754,1864.8
"10/30/2015 09:40:00","EDT","DUNWOD",61760,675.3
"10/30/2015 09:40:00","EDT","GENESE",61753,1174.8
"10/30/2015 09:40:00","EDT","HUD VL",61758,1097.9
"10/30/2015 09:40:00","EDT","LONGIL",61762,2171.2
"10/30/2015 09:40:00","EDT","MHK VL",61756,831.7
"10/30/2015 09:40:00","EDT","MILLWD",61759,268
"10/30/2015 09:40:00","EDT","N.Y.C.",61761,6025.5
"10/30/2015 09:40:00","EDT","NORTH",61755,548.1
"10/30/2015 09:40:00","EDT","WEST",61752,1861.7
"10/30/2015 09:45:00","EDT","CAPITL",61757,1344.3
"10/30/2015 09:45:00","EDT","CENTRL",61754,1862.1
"10/30/2015 09:45:00","EDT","DUNWOD",61760,685
"10/30/2015 09:45:00","EDT","GENESE",61753,1170.3
"10/30/2015 09:45:00","EDT","HUD VL",61758,1109.8
"10/30/2015 09:45:00","EDT","LONGIL",61762,2187
"10/30/2015 09:45:00","EDT","MHK VL",61756,832.6
"10/30/2015 09:45:00","EDT","MILLWD",61759,264.9
"10/30/2015 09:45:00","EDT","N.Y.C.",61761,5999
"10/30/2015 09:45:00","EDT","NORTH",61755,552.2
"10/30/2015 09:45:00","EDT","WEST",61752,1845.4
"10/30/2015 09:50:00","EDT","CAPITL",61757,1338.6
"10/30/2015 09:50:00","EDT","CENTRL",61754,1871.4
"10/30/2015 09:50:00","EDT","DUNWOD",61760,677.1
"10/30/2015 09:50:00","EDT","GENESE",61753,1164.7
"10/30/2015 09:50:00","EDT","HUD VL",61758,1120.9
"10/30/2015 09:50:00","EDT","LONGIL",61762,2193.5
"10/30/2015 09:50:00","EDT","MHK VL",61756,844.5
"10/30/2015 09:50:00","EDT","MILLWD",61759,248.9
"10/30/2015 09:50:00","EDT","N.Y.C.",61761,6029.4
"10/30/2015 09:50:00","EDT","NORTH",61755,544.4
"10/30/2015 09:50:00","EDT","WEST",61752,1849.2
"10/30/2015 09:55:00","EDT","CAPITL",61757,1349.4
"10/30/2015 09:55:00","EDT","CENTRL",61754,1871.5
"10/30/2015 09:55:00","EDT","DUNWOD",61760,676.4
"10/30/2015 09:55:00","EDT","GENESE",61753,1179.7
"10/30/2015 09:55:00","EDT","HUD VL",61758,1109.9
"10/30/2015 09:55:00","EDT","LONGIL",61762,2191.3
"10/30/2015 09:55:00","EDT","MHK VL",61756,833.5
"10/30/2015 09:55:00","EDT","MILLWD",61759,257.6
"10/30/2015 09:55:00","EDT","N.Y.C.",61761,6039.3
"10/30/2015 09:55:00","EDT","NORTH",61755,575.4
"10/30/2015 09:55:00","EDT","WEST",61752,1856.4
"10/30/2015 10:00:00","EDT","CAPITL",61757,1351.2
"10/30/2015 10:00:00","EDT","CENTRL",61754,1875.3
"10/30/2015 10:00:00","EDT","DUNWOD",61760,701.5
"10/30/2015 10:00:00","EDT","GENESE",61753,1181.7
"10/30/2015 10:00:00","EDT","HUD VL",61758,1095.6
"10/30/2015 10:00:00","EDT","LONGIL",61762,2183.9
"10/30/2015 10:00:00","EDT","MHK VL",61756,837.1
"10/30/2015 10:00:00","EDT","MILLWD",61759,257.9
"10/30/2015 10:00:00","EDT","N.Y.C.",61761,6034.5
"10/30/2015 10:00:00","EDT","NORTH",61755,569.7
"10/30/2015 10:00:00","EDT","WEST",61752,1854.9
"10/30/2015 10:05:00","EDT","CAPITL",61757,1355.9
"10/30/2015 10:05:00","EDT","CENTRL",61754,1884.1
"10/30/2015 10:05:00","EDT","DUNWOD",61760,681
"10/30/2015 10:05:00","EDT","GENESE",61753,1174.5
"10/30/2015 10:05:00","EDT","HUD VL",61758,1111.7
"10/30/2015 10:05:00","EDT","LONGIL",61762,2185.5
"10/30/2015 10:05:00","EDT","MHK VL",61756,844
"10/30/2015 10:05:00","EDT","MILLWD",61759,268.8
"10/30/2015 10:05:00","EDT","N.Y.C.",61761,6050.1
"10/30/2015 10:05:00","EDT","NORTH",61755,558
"10/30/2015 10:05:00","EDT","WEST",61752,1854.9
"10/30/2015 10:10:00","EDT","CAPITL",61757,1350.5
"10/30/2015 10:10:00","EDT","CENTRL",61754,1841.7
"10/30/2015 10:10:00","EDT","DUNWOD",61760,671.4
"10/30/2015 10:10:00","EDT","GENESE",61753,1181.4
"10/30/2015 10:10:00","EDT","HUD VL",61758,1111
"10/30/2015 10:10:00","EDT","LONGIL",61762,2194.6
"10/30/2015 10:10:00","EDT","MHK VL",61756,842.9
"10/30/2015 10:10:00","EDT","MILLWD",61759,272
"10/30/2015 10:10:00","EDT","N.Y.C.",61761,6079.7
"10/30/2015 10:10:00","EDT","NORTH",61755,568.2
"10/30/2015 10:10:00","EDT","WEST",61752,1854.9
"10/30/2015 10:15:00","EDT","CAPITL",61757,1348.5
"10/30/2015 10:15:00","EDT","CENTRL",61754,1824.6
"10/30/2015 10:15:00","EDT","DUNWOD",61760,685.2
"10/30/2015 10:15:00","EDT","GENESE",61753,1181
"10/30/2015 10:15:00","EDT","HUD VL",61758,1151.2
"10/30/2015 10:15:00","EDT","LONGIL",61762,2201.6
"10/30/2015 10:15:00","EDT","MHK VL",61756,840.8
"10/30/2015 10:15:00","EDT","MILLWD",61759,224.5
"10/30/2015 10:15:00","EDT","N.Y.C.",61761,6035.5
"10/30/2015 10:15:00","EDT","NORTH",61755,586
"10/30/2015 10:15:00","EDT","WEST",61752,1843.6
"10/30/2015 10:20:00","EDT","CAPITL",61757,1354.9
"10/30/2015 10:20:00","EDT","CENTRL",61754,1826.8
"10/30/2015 10:20:00","EDT","DUNWOD",61760,692.1
"10/30/2015 10:20:00","EDT","GENESE",61753,1174.1
"10/30/2015 10:20:00","EDT","HUD VL",61758,1112.4
"10/30/2015 10:20:00","EDT","LONGIL",61762,2184.9
"10/30/2015 10:20:00","EDT","MHK VL",61756,845.4
"10/30/2015 10:20:00","EDT","MILLWD",61759,265.1
"10/30/2015 10:20:00","EDT","N.Y.C.",61761,6060.2
"10/30/2015 10:20:00","EDT","NORTH",61755,553.6
"10/30/2015 10:20:00","EDT","WEST",61752,1855.6
"10/30/2015 10:25:00","EDT","CAPITL",61757,1354.7
"10/30/2015 10:25:00","EDT","CENTRL",61754,1811.8
"10/30/2015 10:25:00","EDT","DUNWOD",61760,687.8
"10/30/2015 10:25:00","EDT","GENESE",61753,1182.7
"10/30/2015 10:25:00","EDT","HUD VL",61758,1086.5
"10/30/2015 10:25:00","EDT","LONGIL",61762,2193.1
"10/30/2015 10:25:00","EDT","MHK VL",61756,857.4
"10/30/2015 10:25:00","EDT","MILLWD",61759,273
"10/30/2015 10:25:00","EDT","N.Y.C.",61761,6045.2
"10/30/2015 10:25:00","EDT","NORTH",61755,537.1
"10/30/2015 10:25:00","EDT","WEST",61752,1853.5
"10/30/2015 10:30:00","EDT","CAPITL",61757,1351
"10/30/2015 10:30:00","EDT","CENTRL",61754,1837.6
"10/30/2015 10:30:00","EDT","DUNWOD",61760,691.1
"10/30/2015 10:30:00","EDT","GENESE",61753,1183.8
"10/30/2015 10:30:00","EDT","HUD VL",61758,1118.3
"10/30/2015 10:30:00","EDT","LONGIL",61762,2182.6
"10/30/2015 10:30:00","EDT","MHK VL",61756,826.3
"10/30/2015 10:30:00","EDT","MILLWD",61759,256.8
"10/30/2015 10:30:00","EDT","N.Y.C.",61761,6061.2
"10/30/2015 10:30:00","EDT","NORTH",61755,523.8
"10/30/2015 10:30:00","EDT","WEST",61752,1860.1
"10/30/2015 10:35:00","EDT","CAPITL",61757,1356.2
"10/30/2015 10:35:00","EDT","CENTRL",61754,1830.3
"10/30/2015 10:35:00","EDT","DUNWOD",61760,684.8
"10/30/2015 10:35:00","EDT","GENESE",61753,1182.2
"10/30/2015 10:35:00","EDT","HUD VL",61758,1094.3
"10/30/2015 10:35:00","EDT","LONGIL",61762,2173.3
"10/30/2015 10:35:00","EDT","MHK VL",61756,840.8
"10/30/2015 10:35:00","EDT","MILLWD",61759,269
"10/30/2015 10:35:00","EDT","N.Y.C.",61761,6066.8
"10/30/2015 10:35:00","EDT","NORTH",61755,547.7
"10/30/2015 10:35:00","EDT","WEST",61752,1839.3
"10/30/2015 10:40:00","EDT","CAPITL",61757,1348.1
"10/30/2015 10:40:00","EDT","CENTRL",61754,1838.4
"10/30/2015 10:40:00","EDT","DUNWOD",61760,686.6
"10/30/2015 10:40:00","EDT","GENESE",61753,1175.2
"10/30/2015 10:40:00","EDT","HUD VL",61758,1110.9
"10/30/2015 10:40:00","EDT","LONGIL",61762,2161.6
"10/30/2015 10:40:00","EDT","MHK VL",61756,857.4
"10/30/2015 10:40:00","EDT","MILLWD",61759,261.7
"10/30/2015 10:40:00","EDT","N.Y.C.",61761,6084.5
"10/30/2015 10:40:00","EDT","NORTH",61755,543.2
"10/30/2015 10:40:00","EDT","WEST",61752,1872.6
"10/30/2015 10:45:00","EDT","CAPITL",61757,1344.2
"10/30/2015 10:45:00","EDT","CENTRL",61754,1818.1
"10/30/2015 10:45:00","EDT","DUNWOD",61760,686.4
"10/30/2015 10:45:00","EDT","GENESE",61753,1180.3
"10/30/2015 10:45:00","EDT","HUD VL",61758,1104.7
"10/30/2015 10:45:00","EDT","LONGIL",61762,2168.9
"10/30/2015 10:45:00","EDT","MHK VL",61756,836
"10/30/2015 10:45:00","EDT","MILLWD",61759,264.4
"10/30/2015 10:45:00","EDT","N.Y.C.",61761,6083.9
"10/30/2015 10:45:00","EDT","NORTH",61755,566.4
"10/30/2015 10:45:00","EDT","WEST",61752,1865.1
"10/30/2015 10:50:00","EDT","CAPITL",61757,1348.9
"10/30/2015 10:50:00","EDT","CENTRL",61754,1830.9
"10/30/2015 10:50:00","EDT","DUNWOD",61760,690.4
"10/30/2015 10:50:00","EDT","GENESE",61753,1175
"10/30/2015 10:50:00","EDT","HUD VL",61758,1091.7
"10/30/2015 10:50:00","EDT","LONGIL",61762,2153.5
"10/30/2015 10:50:00","EDT","MHK VL",61756,842.5
"10/30/2015 10:50:00","EDT","MILLWD",61759,275.8
"10/30/2015 10:50:00","EDT","N.Y.C.",61761,6105.4
"10/30/2015 10:50:00","EDT","NORTH",61755,564.5
"10/30/2015 10:50:00","EDT","WEST",61752,1865.5
"10/30/2015 10:55:00","EDT","CAPITL",61757,1341.2
"10/30/2015 10:55:00","EDT","CENTRL",61754,1863.1
"10/30/2015 10:55:00","EDT","DUNWOD",61760,685.9
"10/30/2015 10:55:00","EDT","GENESE",61753,1181.9
"10/30/2015 10:55:00","EDT","HUD VL",61758,1112.7
"10/30/2015 10:55:00","EDT","LONGIL",61762,2161.3
"10/30/2015 10:55:00","EDT","MHK VL",61756,828.6
"10/30/2015 10:55:00","EDT","MILLWD",61759,267
"10/30/2015 10:55:00","EDT","N.Y.C.",61761,6116.1
"10/30/2015 10:55:00","EDT","NORTH",61755,569.8
"10/30/2015 10:55:00","EDT","WEST",61752,1854.6
"10/30/2015 11:00:00","EDT","CAPITL",61757,1343.9
"10/30/2015 11:00:00","EDT","CENTRL",61754,1860.3
"10/30/2015 11:00:00","EDT","DUNWOD",61760,690.4
"10/30/2015 11:00:00","EDT","GENESE",61753,1187.6
"10/30/2015 11:00:00","EDT","HUD VL",61758,1103.5
"10/30/2015 11:00:00","EDT","LONGIL",61762,2140.2
"10/30/2015 11:00:00","EDT","MHK VL",61756,841.8
"10/30/2015 11:00:00","EDT","MILLWD",61759,273.3
"10/30/2015 11:00:00","EDT","N.Y.C.",61761,6086.2
"10/30/2015 11:00:00","EDT","NORTH",61755,569.6
"10/30/2015 11:00:00","EDT","WEST",61752,1847.2
"10/30/2015 11:05:00","EDT","CAPITL",61757,1344.6
"10/30/2015 11:05:00","EDT","CENTRL",61754,1870.4
"10/30/2015 11:05:00","EDT","DUNWOD",61760,683.6
"10/30/2015 11:05:00","EDT","GENESE",61753,1165.9
"10/30/2015 11:05:00","EDT","HUD VL",61758,1101
"10/30/2015 11:05:00","EDT","LONGIL",61762,2149.1
"10/30/2015 11:05:00","EDT","MHK VL",61756,828.8
"10/30/2015 11:05:00","EDT","MILLWD",61759,265.3
"10/30/2015 11:05:00","EDT","N.Y.C.",61761,6079.3
"10/30/2015 11:05:00","EDT","NORTH",61755,582.1
"10/30/2015 11:05:00","EDT","WEST",61752,1867.9
"10/30/2015 11:10:00","EDT","CAPITL",61757,1351.2
"10/30/2015 11:10:00","EDT","CENTRL",61754,1823.8
"10/30/2015 11:10:00","EDT","DUNWOD",61760,693.7
"10/30/2015 11:10:00","EDT","GENESE",61753,1192.9
"10/30/2015 11:10:00","EDT","HUD VL",61758,1095.1
"10/30/2015 11:10:00","EDT","LONGIL",61762,2174.1
"10/30/2015 11:10:00","EDT","MHK VL",61756,843.6
"10/30/2015 11:10:00","EDT","MILLWD",61759,268.8
"10/30/2015 11:10:00","EDT","N.Y.C.",61761,6104.1
"10/30/2015 11:10:00","EDT","NORTH",61755,597.1
"10/30/2015 11:10:00","EDT","WEST",61752,1859.4
"10/30/2015 11:15:00","EDT","CAPITL",61757,1352.2
"10/30/2015 11:15:00","EDT","CENTRL",61754,1862.6
"10/30/2015 11:15:00","EDT","DUNWOD",61760,678.3
"10/30/2015 11:15:00","EDT","GENESE",61753,1177.6
"10/30/2015 11:15:00","EDT","HUD VL",61758,1087
"10/30/2015 11:15:00","EDT","LONGIL",61762,2178.8
"10/30/2015 11:15:00","EDT","MHK VL",61756,840.2
"10/30/2015 11:15:00","EDT","MILLWD",61759,266.3
"10/30/2015 11:15:00","EDT","N.Y.C.",61761,6103.4
"10/30/2015 11:15:00","EDT","NORTH",61755,607.5
"10/30/2015 11:15:00","EDT","WEST",61752,1874.5
"10/30/2015 11:20:00","EDT","CAPITL",61757,1342.3
"10/30/2015 11:20:00","EDT","CENTRL",61754,1876.1
"10/30/2015 11:20:00","EDT","DUNWOD",61760,690.2
"10/30/2015 11:20:00","EDT","GENESE",61753,1180.4
"10/30/2015 11:20:00","EDT","HUD VL",61758,1099.1
"10/30/2015 11:20:00","EDT","LONGIL",61762,2181.7
"10/30/2015 11:20:00","EDT","MHK VL",61756,846.7
"10/30/2015 11:20:00","EDT","MILLWD",61759,254.2
"10/30/2015 11:20:00","EDT","N.Y.C.",61761,6100.4
"10/30/2015 11:20:00","EDT","NORTH",61755,630.9
"10/30/2015 11:20:00","EDT","WEST",61752,1858.4
"10/30/2015 11:25:00","EDT","CAPITL",61757,1342.8
"10/30/2015 11:25:00","EDT","CENTRL",61754,1875.5
"10/30/2015 11:25:00","EDT","DUNWOD",61760,680.6
"10/30/2015 11:25:00","EDT","GENESE",61753,1184.2
"10/30/2015 11:25:00","EDT","HUD VL",61758,1084.8
"10/30/2015 11:25:00","EDT","LONGIL",61762,2180.8
"10/30/2015 11:25:00","EDT","MHK VL",61756,838.6
"10/30/2015 11:25:00","EDT","MILLWD",61759,263.7
"10/30/2015 11:25:00","EDT","N.Y.C.",61761,6119
"10/30/2015 11:25:00","EDT","NORTH",61755,567.9
"10/30/2015 11:25:00","EDT","WEST",61752,1851.9
"10/30/2015 11:30:00","EDT","CAPITL",61757,1344.9
"10/30/2015 11:30:00","EDT","CENTRL",61754,1880.9
"10/30/2015 11:30:00","EDT","DUNWOD",61760,685.5
"10/30/2015 11:30:00","EDT","GENESE",61753,1181
"10/30/2015 11:30:00","EDT","HUD VL",61758,1102.7
"10/30/2015 11:30:00","EDT","LONGIL",61762,2187.6
"10/30/2015 11:30:00","EDT","MHK VL",61756,831.5
"10/30/2015 11:30:00","EDT","MILLWD",61759,264.5
"10/30/2015 11:30:00","EDT","N.Y.C.",61761,6134.9
"10/30/2015 11:30:00","EDT","NORTH",61755,548.2
"10/30/2015 11:30:00","EDT","WEST",61752,1852.5
"10/30/2015 11:35:00","EDT","CAPITL",61757,1346.4
"10/30/2015 11:35:00","EDT","CENTRL",61754,1857.8
"10/30/2015 11:35:00","EDT","DUNWOD",61760,683.8
"10/30/2015 11:35:00","EDT","GENESE",61753,1173.1
"10/30/2015 11:35:00","EDT","HUD VL",61758,1066.2
"10/30/2015 11:35:00","EDT","LONGIL",61762,2198.1
"10/30/2015 11:35:00","EDT","MHK VL",61756,838.2
"10/30/2015 11:35:00","EDT","MILLWD",61759,270.8
"10/30/2015 11:35:00","EDT","N.Y.C.",61761,6141.4
"10/30/2015 11:35:00","EDT","NORTH",61755,567.4
"10/30/2015 11:35:00","EDT","WEST",61752,1830.9
"10/30/2015 11:40:00","EDT","CAPITL",61757,1335.1
"10/30/2015 11:40:00","EDT","CENTRL",61754,1827.4
"10/30/2015 11:40:00","EDT","DUNWOD",61760,675.6
"10/30/2015 11:40:00","EDT","GENESE",61753,1175
"10/30/2015 11:40:00","EDT","HUD VL",61758,1095.1
"10/30/2015 11:40:00","EDT","LONGIL",61762,2188
"10/30/2015 11:40:00","EDT","MHK VL",61756,843.7
"10/30/2015 11:40:00","EDT","MILLWD",61759,256
"10/30/2015 11:40:00","EDT","N.Y.C.",61761,6117
"10/30/2015 11:40:00","EDT","NORTH",61755,585.3
"10/30/2015 11:40:00","EDT","WEST",61752,1864.4
"10/30/2015 11:45:00","EDT","CAPITL",61757,1331.2
"10/30/2015 11:45:00","EDT","CENTRL",61754,1850.4
"10/30/2015 11:45:00","EDT","DUNWOD",61760,688.4
"10/30/2015 11:45:00","EDT","GENESE",61753,1171.5
"10/30/2015 11:45:00","EDT","HUD VL",61758,1093
"10/30/2015 11:45:00","EDT","LONGIL",61762,2161.7
"10/30/2015 11:45:00","EDT","MHK VL",61756,825.4
"10/30/2015 11:45:00","EDT","MILLWD",61759,253.8
"10/30/2015 11:45:00","EDT","N.Y.C.",61761,6132.7
"10/30/2015 11:45:00","EDT","NORTH",61755,594.3
"10/30/2015 11:45:00","EDT","WEST",61752,1849.3
"10/30/2015 11:50:00","EDT","CAPITL",61757,1325.5
"10/30/2015 11:50:00","EDT","CENTRL",61754,1847.9
"10/30/2015 11:50:00","EDT","DUNWOD",61760,686.6
"10/30/2015 11:50:00","EDT","GENESE",61753,1164.6
"10/30/2015 11:50:00","EDT","HUD VL",61758,1094.1
"10/30/2015 11:50:00","EDT","LONGIL",61762,2171.9
"10/30/2015 11:50:00","EDT","MHK VL",61756,839.3
"10/30/2015 11:50:00","EDT","MILLWD",61759,250.3
"10/30/2015 11:50:00","EDT","N.Y.C.",61761,6122.7
"10/30/2015 11:50:00","EDT","NORTH",61755,561.7
"10/30/2015 11:50:00","EDT","WEST",61752,1858.3
"10/30/2015 11:55:00","EDT","CAPITL",61757,1324.4
"10/30/2015 11:55:00","EDT","CENTRL",61754,1874.6
"10/30/2015 11:55:00","EDT","DUNWOD",61760,672.1
"10/30/2015 11:55:00","EDT","GENESE",61753,1155.5
"10/30/2015 11:55:00","EDT","HUD VL",61758,1088.5
"10/30/2015 11:55:00","EDT","LONGIL",61762,2177
"10/30/2015 11:55:00","EDT","MHK VL",61756,829.1
"10/30/2015 11:55:00","EDT","MILLWD",61759,269.4
"10/30/2015 11:55:00","EDT","N.Y.C.",61761,6129.9
"10/30/2015 11:55:00","EDT","NORTH",61755,578
"10/30/2015 11:55:00","EDT","WEST",61752,1858.1
"10/30/2015 12:00:00","EDT","CAPITL",61757,1323.5
"10/30/2015 12:00:00","EDT","CENTRL",61754,1859.2
"10/30/2015 12:00:00","EDT","DUNWOD",61760,682.8
"10/30/2015 12:00:00","EDT","GENESE",61753,1154
"10/30/2015 12:00:00","EDT","HUD VL",61758,1080.8
"10/30/2015 12:00:00","EDT","LONGIL",61762,2184.3
"10/30/2015 12:00:00","EDT","MHK VL",61756,835.4
"10/30/2015 12:00:00","EDT","MILLWD",61759,255.5
"10/30/2015 12:00:00","EDT","N.Y.C.",61761,6134.6
"10/30/2015 12:00:00","EDT","NORTH",61755,550.1
"10/30/2015 12:00:00","EDT","WEST",61752,1848.7
"10/30/2015 12:05:00","EDT","CAPITL",61757,1316.8
"10/30/2015 12:05:00","EDT","CENTRL",61754,1846.3
"10/30/2015 12:05:00","EDT","DUNWOD",61760,682.9
"10/30/2015 12:05:00","EDT","GENESE",61753,1161.7
"10/30/2015 12:05:00","EDT","HUD VL",61758,1094.4
"10/30/2015 12:05:00","EDT","LONGIL",61762,2171.3
"10/30/2015 12:05:00","EDT","MHK VL",61756,829.1
"10/30/2015 12:05:00","EDT","MILLWD",61759,247.2
"10/30/2015 12:05:00","EDT","N.Y.C.",61761,6128.9
"10/30/2015 12:05:00","EDT","NORTH",61755,545.1
"10/30/2015 12:05:00","EDT","WEST",61752,1835.1
"10/30/2015 12:10:00","EDT","CAPITL",61757,1322.5
"10/30/2015 12:10:00","EDT","CENTRL",61754,1853.3
"10/30/2015 12:10:00","EDT","DUNWOD",61760,680.2
"10/30/2015 12:10:00","EDT","GENESE",61753,1153.2
"10/30/2015 12:10:00","EDT","HUD VL",61758,1098.2
"10/30/2015 12:10:00","EDT","LONGIL",61762,2165.2
"10/30/2015 12:10:00","EDT","MHK VL",61756,811.7
"10/30/2015 12:10:00","EDT","MILLWD",61759,255.9
"10/30/2015 12:10:00","EDT","N.Y.C.",61761,6127.6
"10/30/2015 12:10:00","EDT","NORTH",61755,534.8
"10/30/2015 12:10:00","EDT","WEST",61752,1840.2
"10/30/2015 12:15:00","EDT","CAPITL",61757,1320.8
"10/30/2015 12:15:00","EDT","CENTRL",61754,1863.9
"10/30/2015 12:15:00","EDT","DUNWOD",61760,695.6
"10/30/2015 12:15:00","EDT","GENESE",61753,1147.8
"10/30/2015 12:15:00","EDT","HUD VL",61758,1089.1
"10/30/2015 12:15:00","EDT","LONGIL",61762,2165.6
"10/30/2015 12:15:00","EDT","MHK VL",61756,824.1
"10/30/2015 12:15:00","EDT","MILLWD",61759,247.4
"10/30/2015 12:15:00","EDT","N.Y.C.",61761,6115.3
"10/30/2015 12:15:00","EDT","NORTH",61755,547.5
"10/30/2015 12:15:00","EDT","WEST",61752,1842.1
"10/30/2015 12:20:00","EDT","CAPITL",61757,1313.3
"10/30/2015 12:20:00","EDT","CENTRL",61754,1847.5
"10/30/2015 12:20:00","EDT","DUNWOD",61760,695.1
"10/30/2015 12:20:00","EDT","GENESE",61753,1151.1
"10/30/2015 12:20:00","EDT","HUD VL",61758,1089.2
"10/30/2015 12:20:00","EDT","LONGIL",61762,2169.5
"10/30/2015 12:20:00","EDT","MHK VL",61756,832.7
"10/30/2015 12:20:00","EDT","MILLWD",61759,243.3
"10/30/2015 12:20:00","EDT","N.Y.C.",61761,6149.1
"10/30/2015 12:20:00","EDT","NORTH",61755,544.2
"10/30/2015 12:20:00","EDT","WEST",61752,1842.5
"10/30/2015 12:25:00","EDT","CAPITL",61757,1323.5
"10/30/2015 12:25:00","EDT","CENTRL",61754,1843.6
"10/30/2015 12:25:00","EDT","DUNWOD",61760,675.3
"10/30/2015 12:25:00","EDT","GENESE",61753,1146
"10/30/2015 12:25:00","EDT","HUD VL",61758,1076.3
"10/30/2015 12:25:00","EDT","LONGIL",61762,2179.1
"10/30/2015 12:25:00","EDT","MHK VL",61756,832.6
"10/30/2015 12:25:00","EDT","MILLWD",61759,266.4
"10/30/2015 12:25:00","EDT","N.Y.C.",61761,6128.8
"10/30/2015 12:25:00","EDT","NORTH",61755,565.5
"10/30/2015 12:25:00","EDT","WEST",61752,1821.7
"10/30/2015 12:30:00","EDT","CAPITL",61757,1309.9
"10/30/2015 12:30:00","EDT","CENTRL",61754,1797
"10/30/2015 12:30:00","EDT","DUNWOD",61760,680.7
"10/30/2015 12:30:00","EDT","GENESE",61753,1144.9
"10/30/2015 12:30:00","EDT","HUD VL",61758,1083.3
"10/30/2015 12:30:00","EDT","LONGIL",61762,2153.3
"10/30/2015 12:30:00","EDT","MHK VL",61756,825.3
"10/30/2015 12:30:00","EDT","MILLWD",61759,256.7
"10/30/2015 12:30:00","EDT","N.Y.C.",61761,6134.6
"10/30/2015 12:30:00","EDT","NORTH",61755,546.5
"10/30/2015 12:30:00","EDT","WEST",61752,1816.9
"10/30/2015 12:35:00","EDT","CAPITL",61757,1314.3
"10/30/2015 12:35:00","EDT","CENTRL",61754,1805.7
"10/30/2015 12:35:00","EDT","DUNWOD",61760,691.3
"10/30/2015 12:35:00","EDT","GENESE",61753,1134.8
"10/30/2015 12:35:00","EDT","HUD VL",61758,1083.3
"10/30/2015 12:35:00","EDT","LONGIL",61762,2169.5
"10/30/2015 12:35:00","EDT","MHK VL",61756,804.6
"10/30/2015 12:35:00","EDT","MILLWD",61759,258.8
"10/30/2015 12:35:00","EDT","N.Y.C.",61761,6124.5
"10/30/2015 12:35:00","EDT","NORTH",61755,563.2
"10/30/2015 12:35:00","EDT","WEST",61752,1826.2
"10/30/2015 12:40:00","EDT","CAPITL",61757,1302.5
"10/30/2015 12:40:00","EDT","CENTRL",61754,1803.2
"10/30/2015 12:40:00","EDT","DUNWOD",61760,685.7
"10/30/2015 12:40:00","EDT","GENESE",61753,1134.4
"10/30/2015 12:40:00","EDT","HUD VL",61758,1081.5
"10/30/2015 12:40:00","EDT","LONGIL",61762,2162.5
"10/30/2015 12:40:00","EDT","MHK VL",61756,825.8
"10/30/2015 12:40:00","EDT","MILLWD",61759,249.2
"10/30/2015 12:40:00","EDT","N.Y.C.",61761,6118.6
"10/30/2015 12:40:00","EDT","NORTH",61755,564.2
"10/30/2015 12:40:00","EDT","WEST",61752,1823.8
"10/30/2015 12:45:00","EDT","CAPITL",61757,1312.1
"10/30/2015 12:45:00","EDT","CENTRL",61754,1792.3
"10/30/2015 12:45:00","EDT","DUNWOD",61760,684.5
"10/30/2015 12:45:00","EDT","GENESE",61753,1145.5
"10/30/2015 12:45:00","EDT","HUD VL",61758,1089.3
"10/30/2015 12:45:00","EDT","LONGIL",61762,2169.1
"10/30/2015 12:45:00","EDT","MHK VL",61756,811.1
"10/30/2015 12:45:00","EDT","MILLWD",61759,240.6
"10/30/2015 12:45:00","EDT","N.Y.C.",61761,6131.8
"10/30/2015 12:45:00","EDT","NORTH",61755,567
"10/30/2015 12:45:00","EDT","WEST",61752,1831.2
"10/30/2015 12:50:00","EDT","CAPITL",61757,1308.1
"10/30/2015 12:50:00","EDT","CENTRL",61754,1829.1
"10/30/2015 12:50:00","EDT","DUNWOD",61760,682.4
"10/30/2015 12:50:00","EDT","GENESE",61753,1138.2
"10/30/2015 12:50:00","EDT","HUD VL",61758,1069.3
"10/30/2015 12:50:00","EDT","LONGIL",61762,2155.1
"10/30/2015 12:50:00","EDT","MHK VL",61756,816.2
"10/30/2015 12:50:00","EDT","MILLWD",61759,258.9
"10/30/2015 12:50:00","EDT","N.Y.C.",61761,6123.7
"10/30/2015 12:50:00","EDT","NORTH",61755,546.1
"10/30/2015 12:50:00","EDT","WEST",61752,1819.4
"10/30/2015 12:55:00","EDT","CAPITL",61757,1287.9
"10/30/2015 12:55:00","EDT","CENTRL",61754,1810.5
"10/30/2015 12:55:00","EDT","DUNWOD",61760,677.3
"10/30/2015 12:55:00","EDT","GENESE",61753,1140.7
"10/30/2015 12:55:00","EDT","HUD VL",61758,1096.4
"10/30/2015 12:55:00","EDT","LONGIL",61762,2167
"10/30/2015 12:55:00","EDT","MHK VL",61756,819.2
"10/30/2015 12:55:00","EDT","MILLWD",61759,248.1
"10/30/2015 12:55:00","EDT","N.Y.C.",61761,6101
"10/30/2015 12:55:00","EDT","NORTH",61755,568.6
"10/30/2015 12:55:00","EDT","WEST",61752,1848.5
"10/30/2015 13:00:00","EDT","CAPITL",61757,1302.4
"10/30/2015 13:00:00","EDT","CENTRL",61754,1832
"10/30/2015 13:00:00","EDT","DUNWOD",61760,687.2
"10/30/2015 13:00:00","EDT","GENESE",61753,1143.7
"10/30/2015 13:00:00","EDT","HUD VL",61758,1068.3
"10/30/2015 13:00:00","EDT","LONGIL",61762,2153.3
"10/30/2015 13:00:00","EDT","MHK VL",61756,801.9
"10/30/2015 13:00:00","EDT","MILLWD",61759,254.3
"10/30/2015 13:00:00","EDT","N.Y.C.",61761,6098.9
"10/30/2015 13:00:00","EDT","NORTH",61755,580.7
"10/30/2015 13:00:00","EDT","WEST",61752,1846.8
"10/30/2015 13:05:00","EDT","CAPITL",61757,1320.5
"10/30/2015 13:05:00","EDT","CENTRL",61754,1785.8
"10/30/2015 13:05:00","EDT","DUNWOD",61760,677.5
"10/30/2015 13:05:00","EDT","GENESE",61753,1145.9
"10/30/2015 13:05:00","EDT","HUD VL",61758,1081.5
"10/30/2015 13:05:00","EDT","LONGIL",61762,2158.2
"10/30/2015 13:05:00","EDT","MHK VL",61756,791.9
"10/30/2015 13:05:00","EDT","MILLWD",61759,248.2
"10/30/2015 13:05:00","EDT","N.Y.C.",61761,6111.5
"10/30/2015 13:05:00","EDT","NORTH",61755,594.6
"10/30/2015 13:05:00","EDT","WEST",61752,1828.4
"10/30/2015 13:10:00","EDT","CAPITL",61757,1295.2
"10/30/2015 13:10:00","EDT","CENTRL",61754,1820.3
"10/30/2015 13:10:00","EDT","DUNWOD",61760,677.8
"10/30/2015 13:10:00","EDT","GENESE",61753,1149.2
"10/30/2015 13:10:00","EDT","HUD VL",61758,1070.8
"10/30/2015 13:10:00","EDT","LONGIL",61762,2155.3
"10/30/2015 13:10:00","EDT","MHK VL",61756,799.9
"10/30/2015 13:10:00","EDT","MILLWD",61759,245.5
"10/30/2015 13:10:00","EDT","N.Y.C.",61761,6106.8
"10/30/2015 13:10:00","EDT","NORTH",61755,608
"10/30/2015 13:10:00","EDT","WEST",61752,1809.5
"10/30/2015 13:15:00","EDT","CAPITL",61757,1294.1
"10/30/2015 13:15:00","EDT","CENTRL",61754,1842.6
"10/30/2015 13:15:00","EDT","DUNWOD",61760,682.2
"10/30/2015 13:15:00","EDT","GENESE",61753,1141.5
"10/30/2015 13:15:00","EDT","HUD VL",61758,1083.8
"10/30/2015 13:15:00","EDT","LONGIL",61762,2155.7
"10/30/2015 13:15:00","EDT","MHK VL",61756,818.2
"10/30/2015 13:15:00","EDT","MILLWD",61759,249
"10/30/2015 13:15:00","EDT","N.Y.C.",61761,6135
"10/30/2015 13:15:00","EDT","NORTH",61755,611.8
"10/30/2015 13:15:00","EDT","WEST",61752,1826.3
"10/30/2015 13:20:00","EDT","CAPITL",61757,1299
"10/30/2015 13:20:00","EDT","CENTRL",61754,1821.9
"10/30/2015 13:20:00","EDT","DUNWOD",61760,680.5
"10/30/2015 13:20:00","EDT","GENESE",61753,1150
"10/30/2015 13:20:00","EDT","HUD VL",61758,1071.3
"10/30/2015 13:20:00","EDT","LONGIL",61762,2165.4
"10/30/2015 13:20:00","EDT","MHK VL",61756,797
"10/30/2015 13:20:00","EDT","MILLWD",61759,248.1
"10/30/2015 13:20:00","EDT","N.Y.C.",61761,6143.5
"10/30/2015 13:20:00","EDT","NORTH",61755,616.8
"10/30/2015 13:20:00","EDT","WEST",61752,1819.9
"10/30/2015 13:25:00","EDT","CAPITL",61757,1298
"10/30/2015 13:25:00","EDT","CENTRL",61754,1812.3
"10/30/2015 13:25:00","EDT","DUNWOD",61760,679.9
"10/30/2015 13:25:00","EDT","GENESE",61753,1140
"10/30/2015 13:25:00","EDT","HUD VL",61758,1071
"10/30/2015 13:25:00","EDT","LONGIL",61762,2156.4
"10/30/2015 13:25:00","EDT","MHK VL",61756,805.6
"10/30/2015 13:25:00","EDT","MILLWD",61759,251.3
"10/30/2015 13:25:00","EDT","N.Y.C.",61761,6125.7
"10/30/2015 13:25:00","EDT","NORTH",61755,617.2
"10/30/2015 13:25:00","EDT","WEST",61752,1811.6
"10/30/2015 13:30:00","EDT","CAPITL",61757,1288.4
"10/30/2015 13:30:00","EDT","CENTRL",61754,1825.5
"10/30/2015 13:30:00","EDT","DUNWOD",61760,665.1
"10/30/2015 13:30:00","EDT","GENESE",61753,1142.2
"10/30/2015 13:30:00","EDT","HUD VL",61758,1059.7
"10/30/2015 13:30:00","EDT","LONGIL",61762,2150.7
"10/30/2015 13:30:00","EDT","MHK VL",61756,797.8
"10/30/2015 13:30:00","EDT","MILLWD",61759,254.5
"10/30/2015 13:30:00","EDT","N.Y.C.",61761,6098.1
"10/30/2015 13:30:00","EDT","NORTH",61755,624.5
"10/30/2015 13:30:00","EDT","WEST",61752,1810.7
"10/30/2015 13:35:00","EDT","CAPITL",61757,1302.1
"10/30/2015 13:35:00","EDT","CENTRL",61754,1773.9
"10/30/2015 13:35:00","EDT","DUNWOD",61760,684.4
"10/30/2015 13:35:00","EDT","GENESE",61753,1142.6
"10/30/2015 13:35:00","EDT","HUD VL",61758,1065.2
"10/30/2015 13:35:00","EDT","LONGIL",61762,2150.1
"10/30/2015 13:35:00","EDT","MHK VL",61756,807.5
"10/30/2015 13:35:00","EDT","MILLWD",61759,236.8
"10/30/2015 13:35:00","EDT","N.Y.C.",61761,6111.9
"10/30/2015 13:35:00","EDT","NORTH",61755,604.2
"10/30/2015 13:35:00","EDT","WEST",61752,1811.4
"10/30/2015 13:40:00","EDT","CAPITL",61757,1288.6
"10/30/2015 13:40:00","EDT","CENTRL",61754,1787.3
"10/30/2015 13:40:00","EDT","DUNWOD",61760,676.3
"10/30/2015 13:40:00","EDT","GENESE",61753,1136.4
"10/30/2015 13:40:00","EDT","HUD VL",61758,1078.3
"10/30/2015 13:40:00","EDT","LONGIL",61762,2153.8
"10/30/2015 13:40:00","EDT","MHK VL",61756,801.4
"10/30/2015 13:40:00","EDT","MILLWD",61759,252.7
"10/30/2015 13:40:00","EDT","N.Y.C.",61761,6101.7
"10/30/2015 13:40:00","EDT","NORTH",61755,607.8
"10/30/2015 13:40:00","EDT","WEST",61752,1784.8
"10/30/2015 13:45:00","EDT","CAPITL",61757,1290.2
"10/30/2015 13:45:00","EDT","CENTRL",61754,1768.5
"10/30/2015 13:45:00","EDT","DUNWOD",61760,683.5
"10/30/2015 13:45:00","EDT","GENESE",61753,1139.5
"10/30/2015 13:45:00","EDT","HUD VL",61758,1085.1
"10/30/2015 13:45:00","EDT","LONGIL",61762,2159.6
"10/30/2015 13:45:00","EDT","MHK VL",61756,803.7
"10/30/2015 13:45:00","EDT","MILLWD",61759,245.2
"10/30/2015 13:45:00","EDT","N.Y.C.",61761,6104.9
"10/30/2015 13:45:00","EDT","NORTH",61755,580.4
"10/30/2015 13:45:00","EDT","WEST",61752,1802.9
"10/30/2015 13:50:00","EDT","CAPITL",61757,1299.7
"10/30/2015 13:50:00","EDT","CENTRL",61754,1783.1
"10/30/2015 13:50:00","EDT","DUNWOD",61760,682.7
"10/30/2015 13:50:00","EDT","GENESE",61753,1135.6
"10/30/2015 13:50:00","EDT","HUD VL",61758,1067.6
"10/30/2015 13:50:00","EDT","LONGIL",61762,2136.3
"10/30/2015 13:50:00","EDT","MHK VL",61756,783.4
"10/30/2015 13:50:00","EDT","MILLWD",61759,248.7
"10/30/2015 13:50:00","EDT","N.Y.C.",61761,6089.8
"10/30/2015 13:50:00","EDT","NORTH",61755,592.3
"10/30/2015 13:50:00","EDT","WEST",61752,1789
"10/30/2015 13:55:00","EDT","CAPITL",61757,1292.8
"10/30/2015 13:55:00","EDT","CENTRL",61754,1826.3
"10/30/2015 13:55:00","EDT","DUNWOD",61760,675
"10/30/2015 13:55:00","EDT","GENESE",61753,1140.8
"10/30/2015 13:55:00","EDT","HUD VL",61758,1082.4
"10/30/2015 13:55:00","EDT","LONGIL",61762,2151.3
"10/30/2015 13:55:00","EDT","MHK VL",61756,792.1
"10/30/2015 13:55:00","EDT","MILLWD",61759,249.7
"10/30/2015 13:55:00","EDT","N.Y.C.",61761,6124.8
"10/30/2015 13:55:00","EDT","NORTH",61755,561.1
"10/30/2015 13:55:00","EDT","WEST",61752,1802.7
"10/30/2015 14:00:00","EDT","CAPITL",61757,1284.3
"10/30/2015 14:00:00","EDT","CENTRL",61754,1758.5
"10/30/2015 14:00:00","EDT","DUNWOD",61760,679.3
"10/30/2015 14:00:00","EDT","GENESE",61753,1135.6
"10/30/2015 14:00:00","EDT","HUD VL",61758,1064.4
"10/30/2015 14:00:00","EDT","LONGIL",61762,2152.9
"10/30/2015 14:00:00","EDT","MHK VL",61756,795.4
"10/30/2015 14:00:00","EDT","MILLWD",61759,242
"10/30/2015 14:00:00","EDT","N.Y.C.",61761,6108.7
"10/30/2015 14:00:00","EDT","NORTH",61755,559.7
"10/30/2015 14:00:00","EDT","WEST",61752,1806.5
"10/30/2015 14:05:00","EDT","CAPITL",61757,1283
"10/30/2015 14:05:00","EDT","CENTRL",61754,1769
"10/30/2015 14:05:00","EDT","DUNWOD",61760,685.1
"10/30/2015 14:05:00","EDT","GENESE",61753,1132.9
"10/30/2015 14:05:00","EDT","HUD VL",61758,1065
"10/30/2015 14:05:00","EDT","LONGIL",61762,2154
"10/30/2015 14:05:00","EDT","MHK VL",61756,797.4
"10/30/2015 14:05:00","EDT","MILLWD",61759,244.5
"10/30/2015 14:05:00","EDT","N.Y.C.",61761,6092.8
"10/30/2015 14:05:00","EDT","NORTH",61755,552.1
"10/30/2015 14:05:00","EDT","WEST",61752,1803.9
"10/30/2015 14:10:00","EDT","CAPITL",61757,1279.9
"10/30/2015 14:10:00","EDT","CENTRL",61754,1754.6
"10/30/2015 14:10:00","EDT","DUNWOD",61760,678.9
"10/30/2015 14:10:00","EDT","GENESE",61753,1120
"10/30/2015 14:10:00","EDT","HUD VL",61758,1078.8
"10/30/2015 14:10:00","EDT","LONGIL",61762,2139.3
"10/30/2015 14:10:00","EDT","MHK VL",61756,805.9
"10/30/2015 14:10:00","EDT","MILLWD",61759,245.7
"10/30/2015 14:10:00","EDT","N.Y.C.",61761,6113.8
"10/30/2015 14:10:00","EDT","NORTH",61755,542.3
"10/30/2015 14:10:00","EDT","WEST",61752,1808.3
"10/30/2015 14:15:00","EDT","CAPITL",61757,1287.2
"10/30/2015 14:15:00","EDT","CENTRL",61754,1777.6
"10/30/2015 14:15:00","EDT","DUNWOD",61760,678.4
"10/30/2015 14:15:00","EDT","GENESE",61753,1124
"10/30/2015 14:15:00","EDT","HUD VL",61758,1056.5
"10/30/2015 14:15:00","EDT","LONGIL",61762,2145.5
"10/30/2015 14:15:00","EDT","MHK VL",61756,790.4
"10/30/2015 14:15:00","EDT","MILLWD",61759,244.8
"10/30/2015 14:15:00","EDT","N.Y.C.",61761,6090.4
"10/30/2015 14:15:00","EDT","NORTH",61755,568.3
"10/30/2015 14:15:00","EDT","WEST",61752,1808.9
"10/30/2015 14:20:00","EDT","CAPITL",61757,1263
"10/30/2015 14:20:00","EDT","CENTRL",61754,1761
"10/30/2015 14:20:00","EDT","DUNWOD",61760,685.3
"10/30/2015 14:20:00","EDT","GENESE",61753,1122.3
"10/30/2015 14:20:00","EDT","HUD VL",61758,1089
"10/30/2015 14:20:00","EDT","LONGIL",61762,2160.7
"10/30/2015 14:20:00","EDT","MHK VL",61756,800.2
"10/30/2015 14:20:00","EDT","MILLWD",61759,229.9
"10/30/2015 14:20:00","EDT","N.Y.C.",61761,6091.7
"10/30/2015 14:20:00","EDT","NORTH",61755,567.5
"10/30/2015 14:20:00","EDT","WEST",61752,1792
"10/30/2015 14:25:00","EDT","CAPITL",61757,1273.7
"10/30/2015 14:25:00","EDT","CENTRL",61754,1770.2
"10/30/2015 14:25:00","EDT","DUNWOD",61760,680.4
"10/30/2015 14:25:00","EDT","GENESE",61753,1105.3
"10/30/2015 14:25:00","EDT","HUD VL",61758,1074.7
"10/30/2015 14:25:00","EDT","LONGIL",61762,2176.2
"10/30/2015 14:25:00","EDT","MHK VL",61756,799.5
"10/30/2015 14:25:00","EDT","MILLWD",61759,245.4
"10/30/2015 14:25:00","EDT","N.Y.C.",61761,6103.2
"10/30/2015 14:25:00","EDT","NORTH",61755,588.9
"10/30/2015 14:25:00","EDT","WEST",61752,1812.9
"10/30/2015 14:30:00","EDT","CAPITL",61757,1283.4
"10/30/2015 14:30:00","EDT","CENTRL",61754,1743.8
"10/30/2015 14:30:00","EDT","DUNWOD",61760,677.6
"10/30/2015 14:30:00","EDT","GENESE",61753,1114.3
"10/30/2015 14:30:00","EDT","HUD VL",61758,1082.6
"10/30/2015 14:30:00","EDT","LONGIL",61762,2170.1
"10/30/2015 14:30:00","EDT","MHK VL",61756,797.8
"10/30/2015 14:30:00","EDT","MILLWD",61759,242.4
"10/30/2015 14:30:00","EDT","N.Y.C.",61761,6081
"10/30/2015 14:30:00","EDT","NORTH",61755,593.4
"10/30/2015 14:30:00","EDT","WEST",61752,1795.4
"10/30/2015 14:35:00","EDT","CAPITL",61757,1285.7
"10/30/2015 14:35:00","EDT","CENTRL",61754,1749.1
"10/30/2015 14:35:00","EDT","DUNWOD",61760,672
"10/30/2015 14:35:00","EDT","GENESE",61753,1111.2
"10/30/2015 14:35:00","EDT","HUD VL",61758,1074.4
"10/30/2015 14:35:00","EDT","LONGIL",61762,2161.5
"10/30/2015 14:35:00","EDT","MHK VL",61756,794.3
"10/30/2015 14:35:00","EDT","MILLWD",61759,248.7
"10/30/2015 14:35:00","EDT","N.Y.C.",61761,6089.4
"10/30/2015 14:35:00","EDT","NORTH",61755,577.1
"10/30/2015 14:35:00","EDT","WEST",61752,1813.5
"10/30/2015 14:40:00","EDT","CAPITL",61757,1285
"10/30/2015 14:40:00","EDT","CENTRL",61754,1737.1
"10/30/2015 14:40:00","EDT","DUNWOD",61760,672.2
"10/30/2015 14:40:00","EDT","GENESE",61753,1116.5
"10/30/2015 14:40:00","EDT","HUD VL",61758,1074.2
"10/30/2015 14:40:00","EDT","LONGIL",61762,2168.6
"10/30/2015 14:40:00","EDT","MHK VL",61756,832.9
"10/30/2015 14:40:00","EDT","MILLWD",61759,242
"10/30/2015 14:40:00","EDT","N.Y.C.",61761,6090.4
"10/30/2015 14:40:00","EDT","NORTH",61755,532.4
"10/30/2015 14:40:00","EDT","WEST",61752,1788.6
"10/30/2015 14:45:00","EDT","CAPITL",61757,1277.2
"10/30/2015 14:45:00","EDT","CENTRL",61754,1742.2
"10/30/2015 14:45:00","EDT","DUNWOD",61760,676.3
"10/30/2015 14:45:00","EDT","GENESE",61753,1110.2
"10/30/2015 14:45:00","EDT","HUD VL",61758,1070.1
"10/30/2015 14:45:00","EDT","LONGIL",61762,2163.5
"10/30/2015 14:45:00","EDT","MHK VL",61756,828.8
"10/30/2015 14:45:00","EDT","MILLWD",61759,251.7
"10/30/2015 14:45:00","EDT","N.Y.C.",61761,6089.4
"10/30/2015 14:45:00","EDT","NORTH",61755,551.4
"10/30/2015 14:45:00","EDT","WEST",61752,1806.3
"10/30/2015 14:50:00","EDT","CAPITL",61757,1282.9
"10/30/2015 14:50:00","EDT","CENTRL",61754,1736.2
"10/30/2015 14:50:00","EDT","DUNWOD",61760,675.4
"10/30/2015 14:50:00","EDT","GENESE",61753,1107.9
"10/30/2015 14:50:00","EDT","HUD VL",61758,1061.4
"10/30/2015 14:50:00","EDT","LONGIL",61762,2159
"10/30/2015 14:50:00","EDT","MHK VL",61756,830.7
"10/30/2015 14:50:00","EDT","MILLWD",61759,253.4
"10/30/2015 14:50:00","EDT","N.Y.C.",61761,6084.5
"10/30/2015 14:50:00","EDT","NORTH",61755,544.3
"10/30/2015 14:50:00","EDT","WEST",61752,1786.5
"10/30/2015 14:55:00","EDT","CAPITL",61757,1290.5
"10/30/2015 14:55:00","EDT","CENTRL",61754,1736.2
"10/30/2015 14:55:00","EDT","DUNWOD",61760,671.1
"10/30/2015 14:55:00","EDT","GENESE",61753,1107.4
"10/30/2015 14:55:00","EDT","HUD VL",61758,1058.5
"10/30/2015 14:55:00","EDT","LONGIL",61762,2166.5
"10/30/2015 14:55:00","EDT","MHK VL",61756,833.1
"10/30/2015 14:55:00","EDT","MILLWD",61759,244.9
"10/30/2015 14:55:00","EDT","N.Y.C.",61761,6068.9
"10/30/2015 14:55:00","EDT","NORTH",61755,509.4
"10/30/2015 14:55:00","EDT","WEST",61752,1792.5
"10/30/2015 15:00:00","EDT","CAPITL",61757,1276.1
"10/30/2015 15:00:00","EDT","CENTRL",61754,1733.6
"10/30/2015 15:00:00","EDT","DUNWOD",61760,680.3
"10/30/2015 15:00:00","EDT","GENESE",61753,1100.1
"10/30/2015 15:00:00","EDT","HUD VL",61758,1059.5
"10/30/2015 15:00:00","EDT","LONGIL",61762,2176.8
"10/30/2015 15:00:00","EDT","MHK VL",61756,840.9
"10/30/2015 15:00:00","EDT","MILLWD",61759,250
"10/30/2015 15:00:00","EDT","N.Y.C.",61761,6086.3
"10/30/2015 15:00:00","EDT","NORTH",61755,515.4
"10/30/2015 15:00:00","EDT","WEST",61752,1795
"10/30/2015 15:05:00","EDT","CAPITL",61757,1275.9
"10/30/2015 15:05:00","EDT","CENTRL",61754,1729.5
"10/30/2015 15:05:00","EDT","DUNWOD",61760,672.1
"10/30/2015 15:05:00","EDT","GENESE",61753,1097
"10/30/2015 15:05:00","EDT","HUD VL",61758,1072.9
"10/30/2015 15:05:00","EDT","LONGIL",61762,2161.8
"10/30/2015 15:05:00","EDT","MHK VL",61756,827
"10/30/2015 15:05:00","EDT","MILLWD",61759,243.4
"10/30/2015 15:05:00","EDT","N.Y.C.",61761,6101.4
"10/30/2015 15:05:00","EDT","NORTH",61755,504.8
"10/30/2015 15:05:00","EDT","WEST",61752,1802.4
"10/30/2015 15:10:00","EDT","CAPITL",61757,1281.5
"10/30/2015 15:10:00","EDT","CENTRL",61754,1729.2
"10/30/2015 15:10:00","EDT","DUNWOD",61760,680.6
"10/30/2015 15:10:00","EDT","GENESE",61753,1102.6
"10/30/2015 15:10:00","EDT","HUD VL",61758,1078.6
"10/30/2015 15:10:00","EDT","LONGIL",61762,2153.5
"10/30/2015 15:10:00","EDT","MHK VL",61756,831.3
"10/30/2015 15:10:00","EDT","MILLWD",61759,254
"10/30/2015 15:10:00","EDT","N.Y.C.",61761,6111.7
"10/30/2015 15:10:00","EDT","NORTH",61755,495.6
"10/30/2015 15:10:00","EDT","WEST",61752,1747.9
"10/30/2015 15:15:00","EDT","CAPITL",61757,1277.2
"10/30/2015 15:15:00","EDT","CENTRL",61754,1738.2
"10/30/2015 15:15:00","EDT","DUNWOD",61760,678.6
"10/30/2015 15:15:00","EDT","GENESE",61753,1105.7
"10/30/2015 15:15:00","EDT","HUD VL",61758,1052.9
"10/30/2015 15:15:00","EDT","LONGIL",61762,2151.1
"10/30/2015 15:15:00","EDT","MHK VL",61756,837.1
"10/30/2015 15:15:00","EDT","MILLWD",61759,253.6
"10/30/2015 15:15:00","EDT","N.Y.C.",61761,6083.8
"10/30/2015 15:15:00","EDT","NORTH",61755,492.6
"10/30/2015 15:15:00","EDT","WEST",61752,1773.6
"10/30/2015 15:20:00","EDT","CAPITL",61757,1285.4
"10/30/2015 15:20:00","EDT","CENTRL",61754,1730.1
"10/30/2015 15:20:00","EDT","DUNWOD",61760,694.2
"10/30/2015 15:20:00","EDT","GENESE",61753,1098.3
"10/30/2015 15:20:00","EDT","HUD VL",61758,1057.6
"10/30/2015 15:20:00","EDT","LONGIL",61762,2178.6
"10/30/2015 15:20:00","EDT","MHK VL",61756,834.3
"10/30/2015 15:20:00","EDT","MILLWD",61759,251.3
"10/30/2015 15:20:00","EDT","N.Y.C.",61761,6089
"10/30/2015 15:20:00","EDT","NORTH",61755,503.8
"10/30/2015 15:20:00","EDT","WEST",61752,1769.2
"10/30/2015 15:25:00","EDT","CAPITL",61757,1290.1
"10/30/2015 15:25:00","EDT","CENTRL",61754,1742.9
"10/30/2015 15:25:00","EDT","DUNWOD",61760,686.3
"10/30/2015 15:25:00","EDT","GENESE",61753,1088
"10/30/2015 15:25:00","EDT","HUD VL",61758,1068.3
"10/30/2015 15:25:00","EDT","LONGIL",61762,2208.5
"10/30/2015 15:25:00","EDT","MHK VL",61756,816
"10/30/2015 15:25:00","EDT","MILLWD",61759,243.6
"10/30/2015 15:25:00","EDT","N.Y.C.",61761,6102
"10/30/2015 15:25:00","EDT","NORTH",61755,509.1
"10/30/2015 15:25:00","EDT","WEST",61752,1742.3
"10/30/2015 15:30:00","EDT","CAPITL",61757,1282.8
"10/30/2015 15:30:00","EDT","CENTRL",61754,1713.1
"10/30/2015 15:30:00","EDT","DUNWOD",61760,683.3
"10/30/2015 15:30:00","EDT","GENESE",61753,1086.2
"10/30/2015 15:30:00","EDT","HUD VL",61758,1062.7
"10/30/2015 15:30:00","EDT","LONGIL",61762,2190.1
"10/30/2015 15:30:00","EDT","MHK VL",61756,827.1
"10/30/2015 15:30:00","EDT","MILLWD",61759,250.5
"10/30/2015 15:30:00","EDT","N.Y.C.",61761,6145.6
"10/30/2015 15:30:00","EDT","NORTH",61755,514
"10/30/2015 15:30:00","EDT","WEST",61752,1777.4
"10/30/2015 15:35:00","EDT","CAPITL",61757,1291.1
"10/30/2015 15:35:00","EDT","CENTRL",61754,1723.3
"10/30/2015 15:35:00","EDT","DUNWOD",61760,685.1
"10/30/2015 15:35:00","EDT","GENESE",61753,1095.4
"10/30/2015 15:35:00","EDT","HUD VL",61758,1078.3
"10/30/2015 15:35:00","EDT","LONGIL",61762,2187
"10/30/2015 15:35:00","EDT","MHK VL",61756,818.3
"10/30/2015 15:35:00","EDT","MILLWD",61759,240.7
"10/30/2015 15:35:00","EDT","N.Y.C.",61761,6121.6
"10/30/2015 15:35:00","EDT","NORTH",61755,513
"10/30/2015 15:35:00","EDT","WEST",61752,1741.4
"10/30/2015 15:40:00","EDT","CAPITL",61757,1279.4
"10/30/2015 15:40:00","EDT","CENTRL",61754,1713.2
"10/30/2015 15:40:00","EDT","DUNWOD",61760,682.4
"10/30/2015 15:40:00","EDT","GENESE",61753,1083.9
"10/30/2015 15:40:00","EDT","HUD VL",61758,1095.2
"10/30/2015 15:40:00","EDT","LONGIL",61762,2185.3
"10/30/2015 15:40:00","EDT","MHK VL",61756,825.9
"10/30/2015 15:40:00","EDT","MILLWD",61759,240.2
"10/30/2015 15:40:00","EDT","N.Y.C.",61761,6091.7
"10/30/2015 15:40:00","EDT","NORTH",61755,503.6
"10/30/2015 15:40:00","EDT","WEST",61752,1758.8
"10/30/2015 15:45:00","EDT","CAPITL",61757,1286.2
"10/30/2015 15:45:00","EDT","CENTRL",61754,1701.8
"10/30/2015 15:45:00","EDT","DUNWOD",61760,693.4
"10/30/2015 15:45:00","EDT","GENESE",61753,1084
"10/30/2015 15:45:00","EDT","HUD VL",61758,1071.7
"10/30/2015 15:45:00","EDT","LONGIL",61762,2183.2
"10/30/2015 15:45:00","EDT","MHK VL",61756,823
"10/30/2015 15:45:00","EDT","MILLWD",61759,251.4
"10/30/2015 15:45:00","EDT","N.Y.C.",61761,6090.7
"10/30/2015 15:45:00","EDT","NORTH",61755,510.1
"10/30/2015 15:45:00","EDT","WEST",61752,1736.2
"10/30/2015 15:50:00","EDT","CAPITL",61757,1284.9
"10/30/2015 15:50:00","EDT","CENTRL",61754,1711.5
"10/30/2015 15:50:00","EDT","DUNWOD",61760,684.5
"10/30/2015 15:50:00","EDT","GENESE",61753,1086.4
"10/30/2015 15:50:00","EDT","HUD VL",61758,1081.7
"10/30/2015 15:50:00","EDT","LONGIL",61762,2210.1
"10/30/2015 15:50:00","EDT","MHK VL",61756,824.3
"10/30/2015 15:50:00","EDT","MILLWD",61759,238
"10/30/2015 15:50:00","EDT","N.Y.C.",61761,6109.9
"10/30/2015 15:50:00","EDT","NORTH",61755,504.2
"10/30/2015 15:50:00","EDT","WEST",61752,1733
"10/30/2015 15:55:00","EDT","CAPITL",61757,1284.1
"10/30/2015 15:55:00","EDT","CENTRL",61754,1707.5
"10/30/2015 15:55:00","EDT","DUNWOD",61760,684.1
"10/30/2015 15:55:00","EDT","GENESE",61753,1090
"10/30/2015 15:55:00","EDT","HUD VL",61758,1056.1
"10/30/2015 15:55:00","EDT","LONGIL",61762,2188.9
"10/30/2015 15:55:00","EDT","MHK VL",61756,828.9
"10/30/2015 15:55:00","EDT","MILLWD",61759,253.5
"10/30/2015 15:55:00","EDT","N.Y.C.",61761,6096.6
"10/30/2015 15:55:00","EDT","NORTH",61755,493.7
"10/30/2015 15:55:00","EDT","WEST",61752,1743.3
"10/30/2015 16:00:00","EDT","CAPITL",61757,1281.2
"10/30/2015 16:00:00","EDT","CENTRL",61754,1699.8
"10/30/2015 16:00:00","EDT","DUNWOD",61760,680.9
"10/30/2015 16:00:00","EDT","GENESE",61753,1087.8
"10/30/2015 16:00:00","EDT","HUD VL",61758,1053.4
"10/30/2015 16:00:00","EDT","LONGIL",61762,2172.1
"10/30/2015 16:00:00","EDT","MHK VL",61756,835
"10/30/2015 16:00:00","EDT","MILLWD",61759,248.6
"10/30/2015 16:00:00","EDT","N.Y.C.",61761,6093.7
"10/30/2015 16:00:00","EDT","NORTH",61755,511.7
"10/30/2015 16:00:00","EDT","WEST",61752,1732.8
"10/30/2015 16:05:00","EDT","CAPITL",61757,1290.2
"10/30/2015 16:05:00","EDT","CENTRL",61754,1706.6
"10/30/2015 16:05:00","EDT","DUNWOD",61760,681.7
"10/30/2015 16:05:00","EDT","GENESE",61753,1078.6
"10/30/2015 16:05:00","EDT","HUD VL",61758,1077.4
"10/30/2015 16:05:00","EDT","LONGIL",61762,2181.9
"10/30/2015 16:05:00","EDT","MHK VL",61756,816.8
"10/30/2015 16:05:00","EDT","MILLWD",61759,238.1
"10/30/2015 16:05:00","EDT","N.Y.C.",61761,6086.3
"10/30/2015 16:05:00","EDT","NORTH",61755,513.7
"10/30/2015 16:05:00","EDT","WEST",61752,1752.5
"10/30/2015 16:10:00","EDT","CAPITL",61757,1283.8
"10/30/2015 16:10:00","EDT","CENTRL",61754,1705
"10/30/2015 16:10:00","EDT","DUNWOD",61760,673.9
"10/30/2015 16:10:00","EDT","GENESE",61753,1088.5
"10/30/2015 16:10:00","EDT","HUD VL",61758,1053.6
"10/30/2015 16:10:00","EDT","LONGIL",61762,2172.8
"10/30/2015 16:10:00","EDT","MHK VL",61756,821.8
"10/30/2015 16:10:00","EDT","MILLWD",61759,258
"10/30/2015 16:10:00","EDT","N.Y.C.",61761,6115.3
"10/30/2015 16:10:00","EDT","NORTH",61755,507.2
"10/30/2015 16:10:00","EDT","WEST",61752,1729.4
"10/30/2015 16:15:00","EDT","CAPITL",61757,1284.2
"10/30/2015 16:15:00","EDT","CENTRL",61754,1709.8
"10/30/2015 16:15:00","EDT","DUNWOD",61760,692.1
"10/30/2015 16:15:00","EDT","GENESE",61753,1078.3
"10/30/2015 16:15:00","EDT","HUD VL",61758,1084.7
"10/30/2015 16:15:00","EDT","LONGIL",61762,2188.9
"10/30/2015 16:15:00","EDT","MHK VL",61756,823.9
"10/30/2015 16:15:00","EDT","MILLWD",61759,239.3
"10/30/2015 16:15:00","EDT","N.Y.C.",61761,6120
"10/30/2015 16:15:00","EDT","NORTH",61755,506.8
"10/30/2015 16:15:00","EDT","WEST",61752,1739.9
"10/30/2015 16:20:00","EDT","CAPITL",61757,1287.9
"10/30/2015 16:20:00","EDT","CENTRL",61754,1693.4
"10/30/2015 16:20:00","EDT","DUNWOD",61760,691.1
"10/30/2015 16:20:00","EDT","GENESE",61753,1088.8
"10/30/2015 16:20:00","EDT","HUD VL",61758,1037.9
"10/30/2015 16:20:00","EDT","LONGIL",61762,2205.9
"10/30/2015 16:20:00","EDT","MHK VL",61756,827.5
"10/30/2015 16:20:00","EDT","MILLWD",61759,264.5
"10/30/2015 16:20:00","EDT","N.Y.C.",61761,6094.6
"10/30/2015 16:20:00","EDT","NORTH",61755,512.5
"10/30/2015 16:20:00","EDT","WEST",61752,1734.7
"10/30/2015 16:25:00","EDT","CAPITL",61757,1283
"10/30/2015 16:25:00","EDT","CENTRL",61754,1708.6
"10/30/2015 16:25:00","EDT","DUNWOD",61760,681.2
"10/30/2015 16:25:00","EDT","GENESE",61753,1075
"10/30/2015 16:25:00","EDT","HUD VL",61758,1062.6
"10/30/2015 16:25:00","EDT","LONGIL",61762,2208.3
"10/30/2015 16:25:00","EDT","MHK VL",61756,819.5
"10/30/2015 16:25:00","EDT","MILLWD",61759,266.9
"10/30/2015 16:25:00","EDT","N.Y.C.",61761,6122.6
"10/30/2015 16:25:00","EDT","NORTH",61755,512
"10/30/2015 16:25:00","EDT","WEST",61752,1729.2
"10/30/2015 16:30:00","EDT","CAPITL",61757,1302.3
"10/30/2015 16:30:00","EDT","CENTRL",61754,1702
"10/30/2015 16:30:00","EDT","DUNWOD",61760,691.2
"10/30/2015 16:30:00","EDT","GENESE",61753,1085
"10/30/2015 16:30:00","EDT","HUD VL",61758,1069.1
"10/30/2015 16:30:00","EDT","LONGIL",61762,2210.3
"10/30/2015 16:30:00","EDT","MHK VL",61756,830
"10/30/2015 16:30:00","EDT","MILLWD",61759,261.6
"10/30/2015 16:30:00","EDT","N.Y.C.",61761,6123.3
"10/30/2015 16:30:00","EDT","NORTH",61755,514.9
"10/30/2015 16:30:00","EDT","WEST",61752,1744.4
"10/30/2015 16:35:00","EDT","CAPITL",61757,1297.8
"10/30/2015 16:35:00","EDT","CENTRL",61754,1698.9
"10/30/2015 16:35:00","EDT","DUNWOD",61760,694.7
"10/30/2015 16:35:00","EDT","GENESE",61753,1085
"10/30/2015 16:35:00","EDT","HUD VL",61758,1051.3
"10/30/2015 16:35:00","EDT","LONGIL",61762,2203.2
"10/30/2015 16:35:00","EDT","MHK VL",61756,821.3
"10/30/2015 16:35:00","EDT","MILLWD",61759,273.2
"10/30/2015 16:35:00","EDT","N.Y.C.",61761,6078.5
"10/30/2015 16:35:00","EDT","NORTH",61755,503.9
"10/30/2015 16:35:00","EDT","WEST",61752,1727.1
"10/30/2015 16:40:00","EDT","CAPITL",61757,1306.6
"10/30/2015 16:40:00","EDT","CENTRL",61754,1712
"10/30/2015 16:40:00","EDT","DUNWOD",61760,691
"10/30/2015 16:40:00","EDT","GENESE",61753,1078.5
"10/30/2015 16:40:00","EDT","HUD VL",61758,1084.7
"10/30/2015 16:40:00","EDT","LONGIL",61762,2212.4
"10/30/2015 16:40:00","EDT","MHK VL",61756,829.7
"10/30/2015 16:40:00","EDT","MILLWD",61759,257.5
"10/30/2015 16:40:00","EDT","N.Y.C.",61761,6128.5
"10/30/2015 16:40:00","EDT","NORTH",61755,512.5
"10/30/2015 16:40:00","EDT","WEST",61752,1769.2
"10/30/2015 16:45:00","EDT","CAPITL",61757,1308.6
"10/30/2015 16:45:00","EDT","CENTRL",61754,1705.1
"10/30/2015 16:45:00","EDT","DUNWOD",61760,672.1
"10/30/2015 16:45:00","EDT","GENESE",61753,1079
"10/30/2015 16:45:00","EDT","HUD VL",61758,1083.6
"10/30/2015 16:45:00","EDT","LONGIL",61762,2207.4
"10/30/2015 16:45:00","EDT","MHK VL",61756,824.8
"10/30/2015 16:45:00","EDT","MILLWD",61759,259.6
"10/30/2015 16:45:00","EDT","N.Y.C.",61761,6117.2
"10/30/2015 16:45:00","EDT","NORTH",61755,511.2
"10/30/2015 16:45:00","EDT","WEST",61752,1745.7
"10/30/2015 16:50:00","EDT","CAPITL",61757,1314.9
"10/30/2015 16:50:00","EDT","CENTRL",61754,1722.6
"10/30/2015 16:50:00","EDT","DUNWOD",61760,693.2
"10/30/2015 16:50:00","EDT","GENESE",61753,1082.3
"10/30/2015 16:50:00","EDT","HUD VL",61758,1087.4
"10/30/2015 16:50:00","EDT","LONGIL",61762,2234.1
"10/30/2015 16:50:00","EDT","MHK VL",61756,817.8
"10/30/2015 16:50:00","EDT","MILLWD",61759,247.9
"10/30/2015 16:50:00","EDT","N.Y.C.",61761,6067.9
"10/30/2015 16:50:00","EDT","NORTH",61755,503.7
"10/30/2015 16:50:00","EDT","WEST",61752,1756.6
"10/30/2015 16:55:00","EDT","CAPITL",61757,1314.1
"10/30/2015 16:55:00","EDT","CENTRL",61754,1709.6
"10/30/2015 16:55:00","EDT","DUNWOD",61760,684.5
"10/30/2015 16:55:00","EDT","GENESE",61753,1088.1
"10/30/2015 16:55:00","EDT","HUD VL",61758,1088.6
"10/30/2015 16:55:00","EDT","LONGIL",61762,2214.5
"10/30/2015 16:55:00","EDT","MHK VL",61756,821.8
"10/30/2015 16:55:00","EDT","MILLWD",61759,255.7
"10/30/2015 16:55:00","EDT","N.Y.C.",61761,6096.2
"10/30/2015 16:55:00","EDT","NORTH",61755,511.5
"10/30/2015 16:55:00","EDT","WEST",61752,1739.5
"10/30/2015 17:00:00","EDT","CAPITL",61757,1318.7
"10/30/2015 17:00:00","EDT","CENTRL",61754,1710.3
"10/30/2015 17:00:00","EDT","DUNWOD",61760,692.3
"10/30/2015 17:00:00","EDT","GENESE",61753,1079.3
"10/30/2015 17:00:00","EDT","HUD VL",61758,1072.6
"10/30/2015 17:00:00","EDT","LONGIL",61762,2234.5
"10/30/2015 17:00:00","EDT","MHK VL",61756,823.9
"10/30/2015 17:00:00","EDT","MILLWD",61759,259
"10/30/2015 17:00:00","EDT","N.Y.C.",61761,6083.6
"10/30/2015 17:00:00","EDT","NORTH",61755,515.6
"10/30/2015 17:00:00","EDT","WEST",61752,1755.9
"10/30/2015 17:05:00","EDT","CAPITL",61757,1324.4
"10/30/2015 17:05:00","EDT","CENTRL",61754,1698.9
"10/30/2015 17:05:00","EDT","DUNWOD",61760,686.2
"10/30/2015 17:05:00","EDT","GENESE",61753,1082.4
"10/30/2015 17:05:00","EDT","HUD VL",61758,1088.1
"10/30/2015 17:05:00","EDT","LONGIL",61762,2215
"10/30/2015 17:05:00","EDT","MHK VL",61756,814.3
"10/30/2015 17:05:00","EDT","MILLWD",61759,263.6
"10/30/2015 17:05:00","EDT","N.Y.C.",61761,6075.3
"10/30/2015 17:05:00","EDT","NORTH",61755,522.8
"10/30/2015 17:05:00","EDT","WEST",61752,1763.2
"10/30/2015 17:10:00","EDT","CAPITL",61757,1327.1
"10/30/2015 17:10:00","EDT","CENTRL",61754,1705.3
"10/30/2015 17:10:00","EDT","DUNWOD",61760,685.3
"10/30/2015 17:10:00","EDT","GENESE",61753,1090.5
"10/30/2015 17:10:00","EDT","HUD VL",61758,1085
"10/30/2015 17:10:00","EDT","LONGIL",61762,2231.7
"10/30/2015 17:10:00","EDT","MHK VL",61756,829
"10/30/2015 17:10:00","EDT","MILLWD",61759,265
"10/30/2015 17:10:00","EDT","N.Y.C.",61761,6069.4
"10/30/2015 17:10:00","EDT","NORTH",61755,502.8
"10/30/2015 17:10:00","EDT","WEST",61752,1750.6
"10/30/2015 17:15:00","EDT","CAPITL",61757,1349.1
"10/30/2015 17:15:00","EDT","CENTRL",61754,1694.4
"10/30/2015 17:15:00","EDT","DUNWOD",61760,704.6
"10/30/2015 17:15:00","EDT","GENESE",61753,1094.3
"10/30/2015 17:15:00","EDT","HUD VL",61758,1087.6
"10/30/2015 17:15:00","EDT","LONGIL",61762,2227.2
"10/30/2015 17:15:00","EDT","MHK VL",61756,825.8
"10/30/2015 17:15:00","EDT","MILLWD",61759,257.9
"10/30/2015 17:15:00","EDT","N.Y.C.",61761,6095.1
"10/30/2015 17:15:00","EDT","NORTH",61755,509.8
"10/30/2015 17:15:00","EDT","WEST",61752,1737.7
"10/30/2015 17:20:00","EDT","CAPITL",61757,1330.9
"10/30/2015 17:20:00","EDT","CENTRL",61754,1711.1
"10/30/2015 17:20:00","EDT","DUNWOD",61760,684.2
"10/30/2015 17:20:00","EDT","GENESE",61753,1089.6
"10/30/2015 17:20:00","EDT","HUD VL",61758,1097.5
"10/30/2015 17:20:00","EDT","LONGIL",61762,2240.3
"10/30/2015 17:20:00","EDT","MHK VL",61756,825.9
"10/30/2015 17:20:00","EDT","MILLWD",61759,267.1
"10/30/2015 17:20:00","EDT","N.Y.C.",61761,6074.7
"10/30/2015 17:20:00","EDT","NORTH",61755,510.5
"10/30/2015 17:20:00","EDT","WEST",61752,1750.9
"10/30/2015 17:25:00","EDT","CAPITL",61757,1340.6
"10/30/2015 17:25:00","EDT","CENTRL",61754,1754.8
"10/30/2015 17:25:00","EDT","DUNWOD",61760,705.4
"10/30/2015 17:25:00","EDT","GENESE",61753,1084.7
"10/30/2015 17:25:00","EDT","HUD VL",61758,1076.3
"10/30/2015 17:25:00","EDT","LONGIL",61762,2251
"10/30/2015 17:25:00","EDT","MHK VL",61756,835.4
"10/30/2015 17:25:00","EDT","MILLWD",61759,267.9
"10/30/2015 17:25:00","EDT","N.Y.C.",61761,6096.6
"10/30/2015 17:25:00","EDT","NORTH",61755,521.5
"10/30/2015 17:25:00","EDT","WEST",61752,1749.2
"10/30/2015 17:30:00","EDT","CAPITL",61757,1342.8
"10/30/2015 17:30:00","EDT","CENTRL",61754,1771.6
"10/30/2015 17:30:00","EDT","DUNWOD",61760,687.1
"10/30/2015 17:30:00","EDT","GENESE",61753,1088.4
"10/30/2015 17:30:00","EDT","HUD VL",61758,1076.8
"10/30/2015 17:30:00","EDT","LONGIL",61762,2268.8
"10/30/2015 17:30:00","EDT","MHK VL",61756,845.7
"10/30/2015 17:30:00","EDT","MILLWD",61759,285.4
"10/30/2015 17:30:00","EDT","N.Y.C.",61761,6065.9
"10/30/2015 17:30:00","EDT","NORTH",61755,513.4
"10/30/2015 17:30:00","EDT","WEST",61752,1742.5
"10/30/2015 17:35:00","EDT","CAPITL",61757,1341.2
"10/30/2015 17:35:00","EDT","CENTRL",61754,1748.6
"10/30/2015 17:35:00","EDT","DUNWOD",61760,719.3
"10/30/2015 17:35:00","EDT","GENESE",61753,1095.2
"10/30/2015 17:35:00","EDT","HUD VL",61758,1129.2
"10/30/2015 17:35:00","EDT","LONGIL",61762,2277.9
"10/30/2015 17:35:00","EDT","MHK VL",61756,845.5
"10/30/2015 17:35:00","EDT","MILLWD",61759,240.7
"10/30/2015 17:35:00","EDT","N.Y.C.",61761,6125
"10/30/2015 17:35:00","EDT","NORTH",61755,510.8
"10/30/2015 17:35:00","EDT","WEST",61752,1751.4
"10/30/2015 17:40:00","EDT","CAPITL",61757,1359.4
"10/30/2015 17:40:00","EDT","CENTRL",61754,1771.8
"10/30/2015 17:40:00","EDT","DUNWOD",61760,699.1
"10/30/2015 17:40:00","EDT","GENESE",61753,1095.9
"10/30/2015 17:40:00","EDT","HUD VL",61758,1117.7
"10/30/2015 17:40:00","EDT","LONGIL",61762,2313.2
"10/30/2015 17:40:00","EDT","MHK VL",61756,851.1
"10/30/2015 17:40:00","EDT","MILLWD",61759,276.1
"10/30/2015 17:40:00","EDT","N.Y.C.",61761,6136.3
"10/30/2015 17:40:00","EDT","NORTH",61755,509.4
"10/30/2015 17:40:00","EDT","WEST",61752,1772.5
"10/30/2015 17:45:00","EDT","CAPITL",61757,1361.9
"10/30/2015 17:45:00","EDT","CENTRL",61754,1778.6
"10/30/2015 17:45:00","EDT","DUNWOD",61760,718.9
"10/30/2015 17:45:00","EDT","GENESE",61753,1098.3
"10/30/2015 17:45:00","EDT","HUD VL",61758,1112.8
"10/30/2015 17:45:00","EDT","LONGIL",61762,2317.7
"10/30/2015 17:45:00","EDT","MHK VL",61756,849.7
"10/30/2015 17:45:00","EDT","MILLWD",61759,272.1
"10/30/2015 17:45:00","EDT","N.Y.C.",61761,6101.1
"10/30/2015 17:45:00","EDT","NORTH",61755,515.2
"10/30/2015 17:45:00","EDT","WEST",61752,1752.2
"10/30/2015 17:50:00","EDT","CAPITL",61757,1373.3
"10/30/2015 17:50:00","EDT","CENTRL",61754,1777.3
"10/30/2015 17:50:00","EDT","DUNWOD",61760,716.4
"10/30/2015 17:50:00","EDT","GENESE",61753,1097.1
"10/30/2015 17:50:00","EDT","HUD VL",61758,1092.7
"10/30/2015 17:50:00","EDT","LONGIL",61762,2307.7
"10/30/2015 17:50:00","EDT","MHK VL",61756,847.9
"10/30/2015 17:50:00","EDT","MILLWD",61759,275.6
"10/30/2015 17:50:00","EDT","N.Y.C.",61761,6083.6
"10/30/2015 17:50:00","EDT","NORTH",61755,520.7
"10/30/2015 17:50:00","EDT","WEST",61752,1747.6
"10/30/2015 17:55:00","EDT","CAPITL",61757,1377.6
"10/30/2015 17:55:00","EDT","CENTRL",61754,1789.7
"10/30/2015 17:55:00","EDT","DUNWOD",61760,724.5
"10/30/2015 17:55:00","EDT","GENESE",61753,1099.2
"10/30/2015 17:55:00","EDT","HUD VL",61758,1126.2
"10/30/2015 17:55:00","EDT","LONGIL",61762,2335.9
"10/30/2015 17:55:00","EDT","MHK VL",61756,857.4
"10/30/2015 17:55:00","EDT","MILLWD",61759,261.3
"10/30/2015 17:55:00","EDT","N.Y.C.",61761,6129.2
"10/30/2015 17:55:00","EDT","NORTH",61755,524.8
"10/30/2015 17:55:00","EDT","WEST",61752,1775.3
"10/30/2015 18:00:00","EDT","CAPITL",61757,1380.8
"10/30/2015 18:00:00","EDT","CENTRL",61754,1752.8
"10/30/2015 18:00:00","EDT","DUNWOD",61760,729.7
"10/30/2015 18:00:00","EDT","GENESE",61753,1113.1
"10/30/2015 18:00:00","EDT","HUD VL",61758,1128.5
"10/30/2015 18:00:00","EDT","LONGIL",61762,2369.3
"10/30/2015 18:00:00","EDT","MHK VL",61756,868.6
"10/30/2015 18:00:00","EDT","MILLWD",61759,291.7
"10/30/2015 18:00:00","EDT","N.Y.C.",61761,6107.4
"10/30/2015 18:00:00","EDT","NORTH",61755,516.5
"10/30/2015 18:00:00","EDT","WEST",61752,1765.2
"10/30/2015 18:05:00","EDT","CAPITL",61757,1395.3
"10/30/2015 18:05:00","EDT","CENTRL",61754,1771.2
"10/30/2015 18:05:00","EDT","DUNWOD",61760,733.7
"10/30/2015 18:05:00","EDT","GENESE",61753,1115.4
"10/30/2015 18:05:00","EDT","HUD VL",61758,1129
"10/30/2015 18:05:00","EDT","LONGIL",61762,2364.6
"10/30/2015 18:05:00","EDT","MHK VL",61756,866.2
"10/30/2015 18:05:00","EDT","MILLWD",61759,295.3
"10/30/2015 18:05:00","EDT","N.Y.C.",61761,6096
"10/30/2015 18:05:00","EDT","NORTH",61755,512
"10/30/2015 18:05:00","EDT","WEST",61752,1760.7
"10/30/2015 18:10:00","EDT","CAPITL",61757,1406.5
"10/30/2015 18:10:00","EDT","CENTRL",61754,1784.9
"10/30/2015 18:10:00","EDT","DUNWOD",61760,736.3
"10/30/2015 18:10:00","EDT","GENESE",61753,1118.8
"10/30/2015 18:10:00","EDT","HUD VL",61758,1157.1
"10/30/2015 18:10:00","EDT","LONGIL",61762,2396.5
"10/30/2015 18:10:00","EDT","MHK VL",61756,858.6
"10/30/2015 18:10:00","EDT","MILLWD",61759,300.7
"10/30/2015 18:10:00","EDT","N.Y.C.",61761,6042.4
"10/30/2015 18:10:00","EDT","NORTH",61755,517.8
"10/30/2015 18:10:00","EDT","WEST",61752,1761.7
"10/30/2015 18:15:00","EDT","CAPITL",61757,1426.3
"10/30/2015 18:15:00","EDT","CENTRL",61754,1777.1
"10/30/2015 18:15:00","EDT","DUNWOD",61760,719.4
"10/30/2015 18:15:00","EDT","GENESE",61753,1121.3
"10/30/2015 18:15:00","EDT","HUD VL",61758,1172.1
"10/30/2015 18:15:00","EDT","LONGIL",61762,2417.9
"10/30/2015 18:15:00","EDT","MHK VL",61756,863.2
"10/30/2015 18:15:00","EDT","MILLWD",61759,292.1
"10/30/2015 18:15:00","EDT","N.Y.C.",61761,6059.3
"10/30/2015 18:15:00","EDT","NORTH",61755,524
"10/30/2015 18:15:00","EDT","WEST",61752,1770.9
"10/30/2015 18:20:00","EDT","CAPITL",61757,1427
"10/30/2015 18:20:00","EDT","CENTRL",61754,1802.8
"10/30/2015 18:20:00","EDT","DUNWOD",61760,745.1
"10/30/2015 18:20:00","EDT","GENESE",61753,1137.8
"10/30/2015 18:20:00","EDT","HUD VL",61758,1184.5
"10/30/2015 18:20:00","EDT","LONGIL",61762,2431.6
"10/30/2015 18:20:00","EDT","MHK VL",61756,885.7
"10/30/2015 18:20:00","EDT","MILLWD",61759,301.5
"10/30/2015 18:20:00","EDT","N.Y.C.",61761,6111.3
"10/30/2015 18:20:00","EDT","NORTH",61755,529.5
"10/30/2015 18:20:00","EDT","WEST",61752,1801.1
"10/30/2015 18:25:00","EDT","CAPITL",61757,1426.5
"10/30/2015 18:25:00","EDT","CENTRL",61754,1804.4
"10/30/2015 18:25:00","EDT","DUNWOD",61760,745.4
"10/30/2015 18:25:00","EDT","GENESE",61753,1141.9
"10/30/2015 18:25:00","EDT","HUD VL",61758,1187.6
"10/30/2015 18:25:00","EDT","LONGIL",61762,2446.3
"10/30/2015 18:25:00","EDT","MHK VL",61756,898
"10/30/2015 18:25:00","EDT","MILLWD",61759,296.2
"10/30/2015 18:25:00","EDT","N.Y.C.",61761,6103.8
"10/30/2015 18:25:00","EDT","NORTH",61755,529.3
"10/30/2015 18:25:00","EDT","WEST",61752,1809.4
"10/30/2015 18:30:00","EDT","CAPITL",61757,1436
"10/30/2015 18:30:00","EDT","CENTRL",61754,1833.3
"10/30/2015 18:30:00","EDT","DUNWOD",61760,746
"10/30/2015 18:30:00","EDT","GENESE",61753,1161.7
"10/30/2015 18:30:00","EDT","HUD VL",61758,1195.8
"10/30/2015 18:30:00","EDT","LONGIL",61762,2476.6
"10/30/2015 18:30:00","EDT","MHK VL",61756,891.6
"10/30/2015 18:30:00","EDT","MILLWD",61759,299.6
"10/30/2015 18:30:00","EDT","N.Y.C.",61761,6113.1
"10/30/2015 18:30:00","EDT","NORTH",61755,530.7
"10/30/2015 18:30:00","EDT","WEST",61752,1820.3
"10/30/2015 18:35:00","EDT","CAPITL",61757,1439.5
"10/30/2015 18:35:00","EDT","CENTRL",61754,1816.9
"10/30/2015 18:35:00","EDT","DUNWOD",61760,747.3
"10/30/2015 18:35:00","EDT","GENESE",61753,1171.4
"10/30/2015 18:35:00","EDT","HUD VL",61758,1192.2
"10/30/2015 18:35:00","EDT","LONGIL",61762,2494.6
"10/30/2015 18:35:00","EDT","MHK VL",61756,885.8
"10/30/2015 18:35:00","EDT","MILLWD",61759,295.3
"10/30/2015 18:35:00","EDT","N.Y.C.",61761,6130.3
"10/30/2015 18:35:00","EDT","NORTH",61755,529.9
"10/30/2015 18:35:00","EDT","WEST",61752,1838.1
"10/30/2015 18:40:00","EDT","CAPITL",61757,1425.5
"10/30/2015 18:40:00","EDT","CENTRL",61754,1813
"10/30/2015 18:40:00","EDT","DUNWOD",61760,764.7
"10/30/2015 18:40:00","EDT","GENESE",61753,1175.3
"10/30/2015 18:40:00","EDT","HUD VL",61758,1210.7
"10/30/2015 18:40:00","EDT","LONGIL",61762,2514.9
"10/30/2015 18:40:00","EDT","MHK VL",61756,899.7
"10/30/2015 18:40:00","EDT","MILLWD",61759,308.8
"10/30/2015 18:40:00","EDT","N.Y.C.",61761,6103.4
"10/30/2015 18:40:00","EDT","NORTH",61755,524.9
"10/30/2015 18:40:00","EDT","WEST",61752,1832.7
"10/30/2015 18:45:00","EDT","CAPITL",61757,1424.5
"10/30/2015 18:45:00","EDT","CENTRL",61754,1817.6
"10/30/2015 18:45:00","EDT","DUNWOD",61760,755.3
"10/30/2015 18:45:00","EDT","GENESE",61753,1171.9
"10/30/2015 18:45:00","EDT","HUD VL",61758,1208.6
"10/30/2015 18:45:00","EDT","LONGIL",61762,2499.8
"10/30/2015 18:45:00","EDT","MHK VL",61756,890.7
"10/30/2015 18:45:00","EDT","MILLWD",61759,304.9
"10/30/2015 18:45:00","EDT","N.Y.C.",61761,6106.2
"10/30/2015 18:45:00","EDT","NORTH",61755,542.4
"10/30/2015 18:45:00","EDT","WEST",61752,1865.5
"10/30/2015 18:50:00","EDT","CAPITL",61757,1427.9
"10/30/2015 18:50:00","EDT","CENTRL",61754,1841.9
"10/30/2015 18:50:00","EDT","DUNWOD",61760,740.6
"10/30/2015 18:50:00","EDT","GENESE",61753,1176.6
"10/30/2015 18:50:00","EDT","HUD VL",61758,1214.2
"10/30/2015 18:50:00","EDT","LONGIL",61762,2502.9
"10/30/2015 18:50:00","EDT","MHK VL",61756,892.7
"10/30/2015 18:50:00","EDT","MILLWD",61759,307.6
"10/30/2015 18:50:00","EDT","N.Y.C.",61761,6064.8
"10/30/2015 18:50:00","EDT","NORTH",61755,541.6
"10/30/2015 18:50:00","EDT","WEST",61752,1837.2
"10/30/2015 18:55:00","EDT","CAPITL",61757,1428.3
"10/30/2015 18:55:00","EDT","CENTRL",61754,1837
"10/30/2015 18:55:00","EDT","DUNWOD",61760,737.4
"10/30/2015 18:55:00","EDT","GENESE",61753,1176.7
"10/30/2015 18:55:00","EDT","HUD VL",61758,1200.5
"10/30/2015 18:55:00","EDT","LONGIL",61762,2513.7
"10/30/2015 18:55:00","EDT","MHK VL",61756,900.2
"10/30/2015 18:55:00","EDT","MILLWD",61759,305.4
"10/30/2015 18:55:00","EDT","N.Y.C.",61761,6072.4
"10/30/2015 18:55:00","EDT","NORTH",61755,524.1
"10/30/2015 18:55:00","EDT","WEST",61752,1828.5
"10/30/2015 19:00:00","EDT","CAPITL",61757,1424
"10/30/2015 19:00:00","EDT","CENTRL",61754,1858.5
"10/30/2015 19:00:00","EDT","DUNWOD",61760,762
"10/30/2015 19:00:00","EDT","GENESE",61753,1182.8
"10/30/2015 19:00:00","EDT","HUD VL",61758,1202.6
"10/30/2015 19:00:00","EDT","LONGIL",61762,2483
"10/30/2015 19:00:00","EDT","MHK VL",61756,895.4
"10/30/2015 19:00:00","EDT","MILLWD",61759,303.6
"10/30/2015 19:00:00","EDT","N.Y.C.",61761,6075.9
"10/30/2015 19:00:00","EDT","NORTH",61755,524.4
"10/30/2015 19:00:00","EDT","WEST",61752,1828
"10/30/2015 19:05:00","EDT","CAPITL",61757,1427.1
"10/30/2015 19:05:00","EDT","CENTRL",61754,1871
"10/30/2015 19:05:00","EDT","DUNWOD",61760,751.7
"10/30/2015 19:05:00","EDT","GENESE",61753,1175.1
"10/30/2015 19:05:00","EDT","HUD VL",61758,1202.3
"10/30/2015 19:05:00","EDT","LONGIL",61762,2499.1
"10/30/2015 19:05:00","EDT","MHK VL",61756,891.8
"10/30/2015 19:05:00","EDT","MILLWD",61759,300.6
"10/30/2015 19:05:00","EDT","N.Y.C.",61761,6060.4
"10/30/2015 19:05:00","EDT","NORTH",61755,538.8
"10/30/2015 19:05:00","EDT","WEST",61752,1842.4
"10/30/2015 19:10:00","EDT","CAPITL",61757,1426.9
"10/30/2015 19:10:00","EDT","CENTRL",61754,1863.6
"10/30/2015 19:10:00","EDT","DUNWOD",61760,746.9
"10/30/2015 19:10:00","EDT","GENESE",61753,1171.5
"10/30/2015 19:10:00","EDT","HUD VL",61758,1189.2
"10/30/2015 19:10:00","EDT","LONGIL",61762,2497
"10/30/2015 19:10:00","EDT","MHK VL",61756,891.5
"10/30/2015 19:10:00","EDT","MILLWD",61759,308.6
"10/30/2015 19:10:00","EDT","N.Y.C.",61761,6055.3
"10/30/2015 19:10:00","EDT","NORTH",61755,534.7
"10/30/2015 19:10:00","EDT","WEST",61752,1843.3
"10/30/2015 19:15:00","EDT","CAPITL",61757,1436
"10/30/2015 19:15:00","EDT","CENTRL",61754,1830.5
"10/30/2015 19:15:00","EDT","DUNWOD",61760,746.3
"10/30/2015 19:15:00","EDT","GENESE",61753,1175.3
"10/30/2015 19:15:00","EDT","HUD VL",61758,1201.1
"10/30/2015 19:15:00","EDT","LONGIL",61762,2497.8
"10/30/2015 19:15:00","EDT","MHK VL",61756,884.4
"10/30/2015 19:15:00","EDT","MILLWD",61759,293.6
"10/30/2015 19:15:00","EDT","N.Y.C.",61761,6003.5
"10/30/2015 19:15:00","EDT","NORTH",61755,531.6
"10/30/2015 19:15:00","EDT","WEST",61752,1823.1
"10/30/2015 19:20:00","EDT","CAPITL",61757,1438.8
"10/30/2015 19:20:00","EDT","CENTRL",61754,1859.4
"10/30/2015 19:20:00","EDT","DUNWOD",61760,738.4
"10/30/2015 19:20:00","EDT","GENESE",61753,1168.6
"10/30/2015 19:20:00","EDT","HUD VL",61758,1187.9
"10/30/2015 19:20:00","EDT","LONGIL",61762,2481.8
"10/30/2015 19:20:00","EDT","MHK VL",61756,878.1
"10/30/2015 19:20:00","EDT","MILLWD",61759,294.2
"10/30/2015 19:20:00","EDT","N.Y.C.",61761,5994.3
"10/30/2015 19:20:00","EDT","NORTH",61755,532.5
"10/30/2015 19:20:00","EDT","WEST",61752,1832.6
"10/30/2015 19:25:00","EDT","CAPITL",61757,1427.3
"10/30/2015 19:25:00","EDT","CENTRL",61754,1863.1
"10/30/2015 19:25:00","EDT","DUNWOD",61760,734.2
"10/30/2015 19:25:00","EDT","GENESE",61753,1190.3
"10/30/2015 19:25:00","EDT","HUD VL",61758,1194.8
"10/30/2015 19:25:00","EDT","LONGIL",61762,2482.1
"10/30/2015 19:25:00","EDT","MHK VL",61756,870.7
"10/30/2015 19:25:00","EDT","MILLWD",61759,304.9
"10/30/2015 19:25:00","EDT","N.Y.C.",61761,5981.4
"10/30/2015 19:25:00","EDT","NORTH",61755,510.9
"10/30/2015 19:25:00","EDT","WEST",61752,1794.9
"10/30/2015 19:30:00","EDT","CAPITL",61757,1418.9
"10/30/2015 19:30:00","EDT","CENTRL",61754,1865.3
"10/30/2015 19:30:00","EDT","DUNWOD",61760,736.3
"10/30/2015 19:30:00","EDT","GENESE",61753,1168.8
"10/30/2015 19:30:00","EDT","HUD VL",61758,1191.3
"10/30/2015 19:30:00","EDT","LONGIL",61762,2490.6
"10/30/2015 19:30:00","EDT","MHK VL",61756,862.1
"10/30/2015 19:30:00","EDT","MILLWD",61759,302.4
"10/30/2015 19:30:00","EDT","N.Y.C.",61761,6001.8
"10/30/2015 19:30:00","EDT","NORTH",61755,536.6
"10/30/2015 19:30:00","EDT","WEST",61752,1852.7
"10/30/2015 19:35:00","EDT","CAPITL",61757,1422.1
"10/30/2015 19:35:00","EDT","CENTRL",61754,1821.2
"10/30/2015 19:35:00","EDT","DUNWOD",61760,722.6
"10/30/2015 19:35:00","EDT","GENESE",61753,1166.3
"10/30/2015 19:35:00","EDT","HUD VL",61758,1176.2
"10/30/2015 19:35:00","EDT","LONGIL",61762,2481.7
"10/30/2015 19:35:00","EDT","MHK VL",61756,870.1
"10/30/2015 19:35:00","EDT","MILLWD",61759,311.9
"10/30/2015 19:35:00","EDT","N.Y.C.",61761,5973.3
"10/30/2015 19:35:00","EDT","NORTH",61755,533.3
"10/30/2015 19:35:00","EDT","WEST",61752,1844.9
"10/30/2015 19:40:00","EDT","CAPITL",61757,1403.6
"10/30/2015 19:40:00","EDT","CENTRL",61754,1825.2
"10/30/2015 19:40:00","EDT","DUNWOD",61760,723.1
"10/30/2015 19:40:00","EDT","GENESE",61753,1169.7
"10/30/2015 19:40:00","EDT","HUD VL",61758,1182.9
"10/30/2015 19:40:00","EDT","LONGIL",61762,2455.3
"10/30/2015 19:40:00","EDT","MHK VL",61756,869.9
"10/30/2015 19:40:00","EDT","MILLWD",61759,315.2
"10/30/2015 19:40:00","EDT","N.Y.C.",61761,5963.5
"10/30/2015 19:40:00","EDT","NORTH",61755,520.9
"10/30/2015 19:40:00","EDT","WEST",61752,1839.5
"10/30/2015 19:45:00","EDT","CAPITL",61757,1412.5
"10/30/2015 19:45:00","EDT","CENTRL",61754,1808.9
"10/30/2015 19:45:00","EDT","DUNWOD",61760,738.2
"10/30/2015 19:45:00","EDT","GENESE",61753,1164.7
"10/30/2015 19:45:00","EDT","HUD VL",61758,1176.9
"10/30/2015 19:45:00","EDT","LONGIL",61762,2443
"10/30/2015 19:45:00","EDT","MHK VL",61756,867.3
"10/30/2015 19:45:00","EDT","MILLWD",61759,300.5
"10/30/2015 19:45:00","EDT","N.Y.C.",61761,5936.8
"10/30/2015 19:45:00","EDT","NORTH",61755,534.5
"10/30/2015 19:45:00","EDT","WEST",61752,1833.3
"10/30/2015 19:50:00","EDT","CAPITL",61757,1406.2
"10/30/2015 19:50:00","EDT","CENTRL",61754,1802.6
"10/30/2015 19:50:00","EDT","DUNWOD",61760,728.2
"10/30/2015 19:50:00","EDT","GENESE",61753,1165.3
"10/30/2015 19:50:00","EDT","HUD VL",61758,1190.4
"10/30/2015 19:50:00","EDT","LONGIL",61762,2454.5
"10/30/2015 19:50:00","EDT","MHK VL",61756,874.5
"10/30/2015 19:50:00","EDT","MILLWD",61759,297.1
"10/30/2015 19:50:00","EDT","N.Y.C.",61761,5911.2
"10/30/2015 19:50:00","EDT","NORTH",61755,535.3
"10/30/2015 19:50:00","EDT","WEST",61752,1843.2
"10/30/2015 19:55:00","EDT","CAPITL",61757,1417.5
"10/30/2015 19:55:00","EDT","CENTRL",61754,1805.1
"10/30/2015 19:55:00","EDT","DUNWOD",61760,718.9
"10/30/2015 19:55:00","EDT","GENESE",61753,1172.6
"10/30/2015 19:55:00","EDT","HUD VL",61758,1179.6
"10/30/2015 19:55:00","EDT","LONGIL",61762,2447.2
"10/30/2015 19:55:00","EDT","MHK VL",61756,871.8
"10/30/2015 19:55:00","EDT","MILLWD",61759,294.6
"10/30/2015 19:55:00","EDT","N.Y.C.",61761,5929.2
"10/30/2015 19:55:00","EDT","NORTH",61755,524.7
"10/30/2015 19:55:00","EDT","WEST",61752,1844.5
"10/30/2015 20:00:00","EDT","CAPITL",61757,1403.8
"10/30/2015 20:00:00","EDT","CENTRL",61754,1791.3
"10/30/2015 20:00:00","EDT","DUNWOD",61760,731.5
"10/30/2015 20:00:00","EDT","GENESE",61753,1166.9
"10/30/2015 20:00:00","EDT","HUD VL",61758,1181.1
"10/30/2015 20:00:00","EDT","LONGIL",61762,2443.8
"10/30/2015 20:00:00","EDT","MHK VL",61756,862.7
"10/30/2015 20:00:00","EDT","MILLWD",61759,295.6
"10/30/2015 20:00:00","EDT","N.Y.C.",61761,5892.2
"10/30/2015 20:00:00","EDT","NORTH",61755,523.3
"10/30/2015 20:00:00","EDT","WEST",61752,1825.4
"10/30/2015 20:05:00","EDT","CAPITL",61757,1414.3
"10/30/2015 20:05:00","EDT","CENTRL",61754,1816.6
"10/30/2015 20:05:00","EDT","DUNWOD",61760,720.9
"10/30/2015 20:05:00","EDT","GENESE",61753,1160
"10/30/2015 20:05:00","EDT","HUD VL",61758,1184.1
"10/30/2015 20:05:00","EDT","LONGIL",61762,2438.2
"10/30/2015 20:05:00","EDT","MHK VL",61756,868.6
"10/30/2015 20:05:00","EDT","MILLWD",61759,287.6
"10/30/2015 20:05:00","EDT","N.Y.C.",61761,5897.2
"10/30/2015 20:05:00","EDT","NORTH",61755,525
"10/30/2015 20:05:00","EDT","WEST",61752,1818.6
"10/30/2015 20:10:00","EDT","CAPITL",61757,1396.1
"10/30/2015 20:10:00","EDT","CENTRL",61754,1793.5
"10/30/2015 20:10:00","EDT","DUNWOD",61760,714
"10/30/2015 20:10:00","EDT","GENESE",61753,1166.7
"10/30/2015 20:10:00","EDT","HUD VL",61758,1173.8
"10/30/2015 20:10:00","EDT","LONGIL",61762,2417.5
"10/30/2015 20:10:00","EDT","MHK VL",61756,863.9
"10/30/2015 20:10:00","EDT","MILLWD",61759,291.2
"10/30/2015 20:10:00","EDT","N.Y.C.",61761,5868.4
"10/30/2015 20:10:00","EDT","NORTH",61755,522.6
"10/30/2015 20:10:00","EDT","WEST",61752,1816.9
"10/30/2015 20:15:00","EDT","CAPITL",61757,1393.6
"10/30/2015 20:15:00","EDT","CENTRL",61754,1804.3
"10/30/2015 20:15:00","EDT","DUNWOD",61760,710.9
"10/30/2015 20:15:00","EDT","GENESE",61753,1160.5
"10/30/2015 20:15:00","EDT","HUD VL",61758,1169.1
"10/30/2015 20:15:00","EDT","LONGIL",61762,2419.4
"10/30/2015 20:15:00","EDT","MHK VL",61756,858.7
"10/30/2015 20:15:00","EDT","MILLWD",61759,298.6
"10/30/2015 20:15:00","EDT","N.Y.C.",61761,5856.5
"10/30/2015 20:15:00","EDT","NORTH",61755,532.4
"10/30/2015 20:15:00","EDT","WEST",61752,1805.2
"10/30/2015 20:20:00","EDT","CAPITL",61757,1390.3
"10/30/2015 20:20:00","EDT","CENTRL",61754,1797.6
"10/30/2015 20:20:00","EDT","DUNWOD",61760,712.7
"10/30/2015 20:20:00","EDT","GENESE",61753,1151.2
"10/30/2015 20:20:00","EDT","HUD VL",61758,1180.7
"10/30/2015 20:20:00","EDT","LONGIL",61762,2422
"10/30/2015 20:20:00","EDT","MHK VL",61756,862
"10/30/2015 20:20:00","EDT","MILLWD",61759,290.4
"10/30/2015 20:20:00","EDT","N.Y.C.",61761,5849
"10/30/2015 20:20:00","EDT","NORTH",61755,531.2
"10/30/2015 20:20:00","EDT","WEST",61752,1829.6
"10/30/2015 20:25:00","EDT","CAPITL",61757,1379.9
"10/30/2015 20:25:00","EDT","CENTRL",61754,1782.6
"10/30/2015 20:25:00","EDT","DUNWOD",61760,715.9
"10/30/2015 20:25:00","EDT","GENESE",61753,1151.1
"10/30/2015 20:25:00","EDT","HUD VL",61758,1176.7
"10/30/2015 20:25:00","EDT","LONGIL",61762,2426
"10/30/2015 20:25:00","EDT","MHK VL",61756,878.1
"10/30/2015 20:25:00","EDT","MILLWD",61759,279.8
"10/30/2015 20:25:00","EDT","N.Y.C.",61761,5797.9
"10/30/2015 20:25:00","EDT","NORTH",61755,543.7
"10/30/2015 20:25:00","EDT","WEST",61752,1835.9
"10/30/2015 20:30:00","EDT","CAPITL",61757,1385.1
"10/30/2015 20:30:00","EDT","CENTRL",61754,1777.5
"10/30/2015 20:30:00","EDT","DUNWOD",61760,711
"10/30/2015 20:30:00","EDT","GENESE",61753,1152.6
"10/30/2015 20:30:00","EDT","HUD VL",61758,1164.5
"10/30/2015 20:30:00","EDT","LONGIL",61762,2405.2
"10/30/2015 20:30:00","EDT","MHK VL",61756,865.4
"10/30/2015 20:30:00","EDT","MILLWD",61759,272.1
"10/30/2015 20:30:00","EDT","N.Y.C.",61761,5787.4
"10/30/2015 20:30:00","EDT","NORTH",61755,516.2
"10/30/2015 20:30:00","EDT","WEST",61752,1801.2
"10/30/2015 20:35:00","EDT","CAPITL",61757,1385.7
"10/30/2015 20:35:00","EDT","CENTRL",61754,1783
"10/30/2015 20:35:00","EDT","DUNWOD",61760,705.5
"10/30/2015 20:35:00","EDT","GENESE",61753,1147.1
"10/30/2015 20:35:00","EDT","HUD VL",61758,1146.4
"10/30/2015 20:35:00","EDT","LONGIL",61762,2384.6
"10/30/2015 20:35:00","EDT","MHK VL",61756,851.6
"10/30/2015 20:35:00","EDT","MILLWD",61759,300.7
"10/30/2015 20:35:00","EDT","N.Y.C.",61761,5753.2
"10/30/2015 20:35:00","EDT","NORTH",61755,521.1
"10/30/2015 20:35:00","EDT","WEST",61752,1804.6
"10/30/2015 20:40:00","EDT","CAPITL",61757,1381.5
"10/30/2015 20:40:00","EDT","CENTRL",61754,1762.3
"10/30/2015 20:40:00","EDT","DUNWOD",61760,699.6
"10/30/2015 20:40:00","EDT","GENESE",61753,1145.7
"10/30/2015 20:40:00","EDT","HUD VL",61758,1161.2
"10/30/2015 20:40:00","EDT","LONGIL",61762,2390.9
"10/30/2015 20:40:00","EDT","MHK VL",61756,860.3
"10/30/2015 20:40:00","EDT","MILLWD",61759,290.1
"10/30/2015 20:40:00","EDT","N.Y.C.",61761,5748.6
"10/30/2015 20:40:00","EDT","NORTH",61755,518
"10/30/2015 20:40:00","EDT","WEST",61752,1822.4
"10/30/2015 20:45:00","EDT","CAPITL",61757,1372
"10/30/2015 20:45:00","EDT","CENTRL",61754,1754.4
"10/30/2015 20:45:00","EDT","DUNWOD",61760,696.5
"10/30/2015 20:45:00","EDT","GENESE",61753,1145.2
"10/30/2015 20:45:00","EDT","HUD VL",61758,1164.8
"10/30/2015 20:45:00","EDT","LONGIL",61762,2366.4
"10/30/2015 20:45:00","EDT","MHK VL",61756,866.7
"10/30/2015 20:45:00","EDT","MILLWD",61759,287
"10/30/2015 20:45:00","EDT","N.Y.C.",61761,5763.4
"10/30/2015 20:45:00","EDT","NORTH",61755,521.6
"10/30/2015 20:45:00","EDT","WEST",61752,1816
"10/30/2015 20:50:00","EDT","CAPITL",61757,1369.3
"10/30/2015 20:50:00","EDT","CENTRL",61754,1764.3
"10/30/2015 20:50:00","EDT","DUNWOD",61760,708.9
"10/30/2015 20:50:00","EDT","GENESE",61753,1136.2
"10/30/2015 20:50:00","EDT","HUD VL",61758,1147.8
"10/30/2015 20:50:00","EDT","LONGIL",61762,2372.4
"10/30/2015 20:50:00","EDT","MHK VL",61756,856.8
"10/30/2015 20:50:00","EDT","MILLWD",61759,279.8
"10/30/2015 20:50:00","EDT","N.Y.C.",61761,5737.3
"10/30/2015 20:50:00","EDT","NORTH",61755,517.5
"10/30/2015 20:50:00","EDT","WEST",61752,1798.3
"10/30/2015 20:55:00","EDT","CAPITL",61757,1367.8
"10/30/2015 20:55:00","EDT","CENTRL",61754,1763.9
"10/30/2015 20:55:00","EDT","DUNWOD",61760,707.5
"10/30/2015 20:55:00","EDT","GENESE",61753,1135.1
"10/30/2015 20:55:00","EDT","HUD VL",61758,1145.3
"10/30/2015 20:55:00","EDT","LONGIL",61762,2394.6
"10/30/2015 20:55:00","EDT","MHK VL",61756,850
"10/30/2015 20:55:00","EDT","MILLWD",61759,287.5
"10/30/2015 20:55:00","EDT","N.Y.C.",61761,5744.1
"10/30/2015 20:55:00","EDT","NORTH",61755,519.3
"10/30/2015 20:55:00","EDT","WEST",61752,1828.9
"10/30/2015 21:00:00","EDT","CAPITL",61757,1365.2
"10/30/2015 21:00:00","EDT","CENTRL",61754,1757.4
"10/30/2015 21:00:00","EDT","DUNWOD",61760,704.8
"10/30/2015 21:00:00","EDT","GENESE",61753,1137.6
"10/30/2015 21:00:00","EDT","HUD VL",61758,1133.1
"10/30/2015 21:00:00","EDT","LONGIL",61762,2374.5
"10/30/2015 21:00:00","EDT","MHK VL",61756,856.9
"10/30/2015 21:00:00","EDT","MILLWD",61759,288.6
"10/30/2015 21:00:00","EDT","N.Y.C.",61761,5705.1
"10/30/2015 21:00:00","EDT","NORTH",61755,518.9
"10/30/2015 21:00:00","EDT","WEST",61752,1804
"10/30/2015 21:05:00","EDT","CAPITL",61757,1354.3
"10/30/2015 21:05:00","EDT","CENTRL",61754,1757.6
"10/30/2015 21:05:00","EDT","DUNWOD",61760,697.5
"10/30/2015 21:05:00","EDT","GENESE",61753,1121.6
"10/30/2015 21:05:00","EDT","HUD VL",61758,1143.8
"10/30/2015 21:05:00","EDT","LONGIL",61762,2328.1
"10/30/2015 21:05:00","EDT","MHK VL",61756,850
"10/30/2015 21:05:00","EDT","MILLWD",61759,286.7
"10/30/2015 21:05:00","EDT","N.Y.C.",61761,5697
"10/30/2015 21:05:00","EDT","NORTH",61755,525.2
"10/30/2015 21:05:00","EDT","WEST",61752,1808.3
"10/30/2015 21:10:00","EDT","CAPITL",61757,1356
"10/30/2015 21:10:00","EDT","CENTRL",61754,1753.2
"10/30/2015 21:10:00","EDT","DUNWOD",61760,701.4
"10/30/2015 21:10:00","EDT","GENESE",61753,1136.2
"10/30/2015 21:10:00","EDT","HUD VL",61758,1143.3
"10/30/2015 21:10:00","EDT","LONGIL",61762,2316.8
"10/30/2015 21:10:00","EDT","MHK VL",61756,838.6
"10/30/2015 21:10:00","EDT","MILLWD",61759,277.1
"10/30/2015 21:10:00","EDT","N.Y.C.",61761,5674.5
"10/30/2015 21:10:00","EDT","NORTH",61755,507.4
"10/30/2015 21:10:00","EDT","WEST",61752,1760.4
"10/30/2015 21:15:00","EDT","CAPITL",61757,1345.2
"10/30/2015 21:15:00","EDT","CENTRL",61754,1722.9
"10/30/2015 21:15:00","EDT","DUNWOD",61760,690.8
"10/30/2015 21:15:00","EDT","GENESE",61753,1123.9
"10/30/2015 21:15:00","EDT","HUD VL",61758,1130.9
"10/30/2015 21:15:00","EDT","LONGIL",61762,2308.9
"10/30/2015 21:15:00","EDT","MHK VL",61756,841.8
"10/30/2015 21:15:00","EDT","MILLWD",61759,294.1
"10/30/2015 21:15:00","EDT","N.Y.C.",61761,5650.8
"10/30/2015 21:15:00","EDT","NORTH",61755,523.1
"10/30/2015 21:15:00","EDT","WEST",61752,1780
"10/30/2015 21:20:00","EDT","CAPITL",61757,1350
"10/30/2015 21:20:00","EDT","CENTRL",61754,1733.1
"10/30/2015 21:20:00","EDT","DUNWOD",61760,679.4
"10/30/2015 21:20:00","EDT","GENESE",61753,1124.2
"10/30/2015 21:20:00","EDT","HUD VL",61758,1134.3
"10/30/2015 21:20:00","EDT","LONGIL",61762,2322.9
"10/30/2015 21:20:00","EDT","MHK VL",61756,841.9
"10/30/2015 21:20:00","EDT","MILLWD",61759,304.2
"10/30/2015 21:20:00","EDT","N.Y.C.",61761,5658.9
"10/30/2015 21:20:00","EDT","NORTH",61755,509.8
"10/30/2015 21:20:00","EDT","WEST",61752,1779.5
"10/30/2015 21:25:00","EDT","CAPITL",61757,1340.9
"10/30/2015 21:25:00","EDT","CENTRL",61754,1722.2
"10/30/2015 21:25:00","EDT","DUNWOD",61760,682.9
"10/30/2015 21:25:00","EDT","GENESE",61753,1115.3
"10/30/2015 21:25:00","EDT","HUD VL",61758,1134.7
"10/30/2015 21:25:00","EDT","LONGIL",61762,2316.6
"10/30/2015 21:25:00","EDT","MHK VL",61756,834.1
"10/30/2015 21:25:00","EDT","MILLWD",61759,273.9
"10/30/2015 21:25:00","EDT","N.Y.C.",61761,5610.7
"10/30/2015 21:25:00","EDT","NORTH",61755,510.7
"10/30/2015 21:25:00","EDT","WEST",61752,1776.7
"10/30/2015 21:30:00","EDT","CAPITL",61757,1345.4
"10/30/2015 21:30:00","EDT","CENTRL",61754,1723.8
"10/30/2015 21:30:00","EDT","DUNWOD",61760,681
"10/30/2015 21:30:00","EDT","GENESE",61753,1116.7
"10/30/2015 21:30:00","EDT","HUD VL",61758,1121.1
"10/30/2015 21:30:00","EDT","LONGIL",61762,2287.9
"10/30/2015 21:30:00","EDT","MHK VL",61756,821.7
"10/30/2015 21:30:00","EDT","MILLWD",61759,278.4
"10/30/2015 21:30:00","EDT","N.Y.C.",61761,5608.9
"10/30/2015 21:30:00","EDT","NORTH",61755,515.7
"10/30/2015 21:30:00","EDT","WEST",61752,1780.3
"10/30/2015 21:35:00","EDT","CAPITL",61757,1332
"10/30/2015 21:35:00","EDT","CENTRL",61754,1728.6
"10/30/2015 21:35:00","EDT","DUNWOD",61760,678.6
"10/30/2015 21:35:00","EDT","GENESE",61753,1095
"10/30/2015 21:35:00","EDT","HUD VL",61758,1088.7
"10/30/2015 21:35:00","EDT","LONGIL",61762,2298.3
"10/30/2015 21:35:00","EDT","MHK VL",61756,815.4
"10/30/2015 21:35:00","EDT","MILLWD",61759,294
"10/30/2015 21:35:00","EDT","N.Y.C.",61761,5563.7
"10/30/2015 21:35:00","EDT","NORTH",61755,514.5
"10/30/2015 21:35:00","EDT","WEST",61752,1789.6
"10/30/2015 21:40:00","EDT","CAPITL",61757,1323.3
"10/30/2015 21:40:00","EDT","CENTRL",61754,1709
"10/30/2015 21:40:00","EDT","DUNWOD",61760,667.5
"10/30/2015 21:40:00","EDT","GENESE",61753,1090.3
"10/30/2015 21:40:00","EDT","HUD VL",61758,1110.3
"10/30/2015 21:40:00","EDT","LONGIL",61762,2258.7
"10/30/2015 21:40:00","EDT","MHK VL",61756,825.7
"10/30/2015 21:40:00","EDT","MILLWD",61759,274.6
"10/30/2015 21:40:00","EDT","N.Y.C.",61761,5526.5
"10/30/2015 21:40:00","EDT","NORTH",61755,510
"10/30/2015 21:40:00","EDT","WEST",61752,1751.1
"10/30/2015 21:45:00","EDT","CAPITL",61757,1297.6
"10/30/2015 21:45:00","EDT","CENTRL",61754,1704.2
"10/30/2015 21:45:00","EDT","DUNWOD",61760,662.7
"10/30/2015 21:45:00","EDT","GENESE",61753,1086.4
"10/30/2015 21:45:00","EDT","HUD VL",61758,1108.2
"10/30/2015 21:45:00","EDT","LONGIL",61762,2260.9
"10/30/2015 21:45:00","EDT","MHK VL",61756,816.5
"10/30/2015 21:45:00","EDT","MILLWD",61759,274.2
"10/30/2015 21:45:00","EDT","N.Y.C.",61761,5525.3
"10/30/2015 21:45:00","EDT","NORTH",61755,523.8
"10/30/2015 21:45:00","EDT","WEST",61752,1782
"10/30/2015 21:50:00","EDT","CAPITL",61757,1305.3
"10/30/2015 21:50:00","EDT","CENTRL",61754,1686.3
"10/30/2015 21:50:00","EDT","DUNWOD",61760,669.6
"10/30/2015 21:50:00","EDT","GENESE",61753,1082.7
"10/30/2015 21:50:00","EDT","HUD VL",61758,1095
"10/30/2015 21:50:00","EDT","LONGIL",61762,2242.5
"10/30/2015 21:50:00","EDT","MHK VL",61756,799.2
"10/30/2015 21:50:00","EDT","MILLWD",61759,279.6
"10/30/2015 21:50:00","EDT","N.Y.C.",61761,5514.6
"10/30/2015 21:50:00","EDT","NORTH",61755,519.9
"10/30/2015 21:50:00","EDT","WEST",61752,1782.3
"10/30/2015 21:55:00","EDT","CAPITL",61757,1300.8
"10/30/2015 21:55:00","EDT","CENTRL",61754,1681
"10/30/2015 21:55:00","EDT","DUNWOD",61760,665.1
"10/30/2015 21:55:00","EDT","GENESE",61753,1075
"10/30/2015 21:55:00","EDT","HUD VL",61758,1075.1
"10/30/2015 21:55:00","EDT","LONGIL",61762,2243.3
"10/30/2015 21:55:00","EDT","MHK VL",61756,798.7
"10/30/2015 21:55:00","EDT","MILLWD",61759,288.6
"10/30/2015 21:55:00","EDT","N.Y.C.",61761,5484.1
"10/30/2015 21:55:00","EDT","NORTH",61755,517.7
"10/30/2015 21:55:00","EDT","WEST",61752,1779.3
"10/30/2015 22:00:00","EDT","CAPITL",61757,1292.4
"10/30/2015 22:00:00","EDT","CENTRL",61754,1668.4
"10/30/2015 22:00:00","EDT","DUNWOD",61760,645.8
"10/30/2015 22:00:00","EDT","GENESE",61753,1076.8
"10/30/2015 22:00:00","EDT","HUD VL",61758,1099.4
"10/30/2015 22:00:00","EDT","LONGIL",61762,2228.6
"10/30/2015 22:00:00","EDT","MHK VL",61756,790
"10/30/2015 22:00:00","EDT","MILLWD",61759,275.3
"10/30/2015 22:00:00","EDT","N.Y.C.",61761,5460.2
"10/30/2015 22:00:00","EDT","NORTH",61755,505.7
"10/30/2015 22:00:00","EDT","WEST",61752,1753.1
"10/30/2015 22:05:00","EDT","CAPITL",61757,1292.6
"10/30/2015 22:05:00","EDT","CENTRL",61754,1671.1
"10/30/2015 22:05:00","EDT","DUNWOD",61760,651.7
"10/30/2015 22:05:00","EDT","GENESE",61753,1065.2
"10/30/2015 22:05:00","EDT","HUD VL",61758,1089.8
"10/30/2015 22:05:00","EDT","LONGIL",61762,2213.1
"10/30/2015 22:05:00","EDT","MHK VL",61756,779.6
"10/30/2015 22:05:00","EDT","MILLWD",61759,277.2
"10/30/2015 22:05:00","EDT","N.Y.C.",61761,5417
"10/30/2015 22:05:00","EDT","NORTH",61755,516.1
"10/30/2015 22:05:00","EDT","WEST",61752,1750.5
"10/30/2015 22:10:00","EDT","CAPITL",61757,1280.1
"10/30/2015 22:10:00","EDT","CENTRL",61754,1652.6
"10/30/2015 22:10:00","EDT","DUNWOD",61760,646.2
"10/30/2015 22:10:00","EDT","GENESE",61753,1052.1
"10/30/2015 22:10:00","EDT","HUD VL",61758,1070
"10/30/2015 22:10:00","EDT","LONGIL",61762,2201.7
"10/30/2015 22:10:00","EDT","MHK VL",61756,779.8
"10/30/2015 22:10:00","EDT","MILLWD",61759,276
"10/30/2015 22:10:00","EDT","N.Y.C.",61761,5407.5
"10/30/2015 22:10:00","EDT","NORTH",61755,508.4
"10/30/2015 22:10:00","EDT","WEST",61752,1715.6
"10/30/2015 22:15:00","EDT","CAPITL",61757,1269.6
"10/30/2015 22:15:00","EDT","CENTRL",61754,1648.6
"10/30/2015 22:15:00","EDT","DUNWOD",61760,648.5
"10/30/2015 22:15:00","EDT","GENESE",61753,1048.2
"10/30/2015 22:15:00","EDT","HUD VL",61758,1082.1
"10/30/2015 22:15:00","EDT","LONGIL",61762,2167.8
"10/30/2015 22:15:00","EDT","MHK VL",61756,757.6
"10/30/2015 22:15:00","EDT","MILLWD",61759,257.2
"10/30/2015 22:15:00","EDT","N.Y.C.",61761,5384.6
"10/30/2015 22:15:00","EDT","NORTH",61755,505.5
"10/30/2015 22:15:00","EDT","WEST",61752,1709.9
"10/30/2015 22:20:00","EDT","CAPITL",61757,1260.1
"10/30/2015 22:20:00","EDT","CENTRL",61754,1632.7
"10/30/2015 22:20:00","EDT","DUNWOD",61760,637.5
"10/30/2015 22:20:00","EDT","GENESE",61753,1040.7
"10/30/2015 22:20:00","EDT","HUD VL",61758,1061.9
"10/30/2015 22:20:00","EDT","LONGIL",61762,2176.4
"10/30/2015 22:20:00","EDT","MHK VL",61756,768.5
"10/30/2015 22:20:00","EDT","MILLWD",61759,265
"10/30/2015 22:20:00","EDT","N.Y.C.",61761,5377.5
"10/30/2015 22:20:00","EDT","NORTH",61755,502
"10/30/2015 22:20:00","EDT","WEST",61752,1709.2
"10/30/2015 22:25:00","EDT","CAPITL",61757,1260.7
"10/30/2015 22:25:00","EDT","CENTRL",61754,1629.2
"10/30/2015 22:25:00","EDT","DUNWOD",61760,636.6
"10/30/2015 22:25:00","EDT","GENESE",61753,1037
"10/30/2015 22:25:00","EDT","HUD VL",61758,1064.2
"10/30/2015 22:25:00","EDT","LONGIL",61762,2167.3
"10/30/2015 22:25:00","EDT","MHK VL",61756,755
"10/30/2015 22:25:00","EDT","MILLWD",61759,266.9
"10/30/2015 22:25:00","EDT","N.Y.C.",61761,5326.9
"10/30/2015 22:25:00","EDT","NORTH",61755,509.7
"10/30/2015 22:25:00","EDT","WEST",61752,1727.8
"10/30/2015 22:30:00","EDT","CAPITL",61757,1239.6
"10/30/2015 22:30:00","EDT","CENTRL",61754,1634.1
"10/30/2015 22:30:00","EDT","DUNWOD",61760,629.5
"10/30/2015 22:30:00","EDT","GENESE",61753,1020
"10/30/2015 22:30:00","EDT","HUD VL",61758,1069.1
"10/30/2015 22:30:00","EDT","LONGIL",61762,2170.6
"10/30/2015 22:30:00","EDT","MHK VL",61756,754
"10/30/2015 22:30:00","EDT","MILLWD",61759,259.9
"10/30/2015 22:30:00","EDT","N.Y.C.",61761,5318
"10/30/2015 22:30:00","EDT","NORTH",61755,502.2
"10/30/2015 22:30:00","EDT","WEST",61752,1694.8
"10/30/2015 22:35:00","EDT","CAPITL",61757,1245.4
"10/30/2015 22:35:00","EDT","CENTRL",61754,1623.8
"10/30/2015 22:35:00","EDT","DUNWOD",61760,639
"10/30/2015 22:35:00","EDT","GENESE",61753,1023.1
"10/30/2015 22:35:00","EDT","HUD VL",61758,1051.1
"10/30/2015 22:35:00","EDT","LONGIL",61762,2113.6
"10/30/2015 22:35:00","EDT","MHK VL",61756,751.4
"10/30/2015 22:35:00","EDT","MILLWD",61759,255.3
"10/30/2015 22:35:00","EDT","N.Y.C.",61761,5284.6
"10/30/2015 22:35:00","EDT","NORTH",61755,503.2
"10/30/2015 22:35:00","EDT","WEST",61752,1689.6
"10/30/2015 22:40:00","EDT","CAPITL",61757,1242.2
"10/30/2015 22:40:00","EDT","CENTRL",61754,1620.9
"10/30/2015 22:40:00","EDT","DUNWOD",61760,625.1
"10/30/2015 22:40:00","EDT","GENESE",61753,1011.6
"10/30/2015 22:40:00","EDT","HUD VL",61758,1057.3
"10/30/2015 22:40:00","EDT","LONGIL",61762,2106.9
"10/30/2015 22:40:00","EDT","MHK VL",61756,742.8
"10/30/2015 22:40:00","EDT","MILLWD",61759,251.6
"10/30/2015 22:40:00","EDT","N.Y.C.",61761,5258.1
"10/30/2015 22:40:00","EDT","NORTH",61755,500.4
"10/30/2015 22:40:00","EDT","WEST",61752,1689.7
"10/30/2015 22:45:00","EDT","CAPITL",61757,1223.2
"10/30/2015 22:45:00","EDT","CENTRL",61754,1586.6
"10/30/2015 22:45:00","EDT","DUNWOD",61760,635.2
"10/30/2015 22:45:00","EDT","GENESE",61753,1007.7
"10/30/2015 22:45:00","EDT","HUD VL",61758,1043.1
"10/30/2015 22:45:00","EDT","LONGIL",61762,2082.8
"10/30/2015 22:45:00","EDT","MHK VL",61756,748.1
"10/30/2015 22:45:00","EDT","MILLWD",61759,253
"10/30/2015 22:45:00","EDT","N.Y.C.",61761,5225.1
"10/30/2015 22:45:00","EDT","NORTH",61755,508.2
"10/30/2015 22:45:00","EDT","WEST",61752,1690.6
"10/30/2015 22:50:00","EDT","CAPITL",61757,1228.6
"10/30/2015 22:50:00","EDT","CENTRL",61754,1584.6
"10/30/2015 22:50:00","EDT","DUNWOD",61760,633.1
"10/30/2015 22:50:00","EDT","GENESE",61753,993.5
"10/30/2015 22:50:00","EDT","HUD VL",61758,1025.7
"10/30/2015 22:50:00","EDT","LONGIL",61762,2068.7
"10/30/2015 22:50:00","EDT","MHK VL",61756,737.6
"10/30/2015 22:50:00","EDT","MILLWD",61759,252.7
"10/30/2015 22:50:00","EDT","N.Y.C.",61761,5203.2
"10/30/2015 22:50:00","EDT","NORTH",61755,493.9
"10/30/2015 22:50:00","EDT","WEST",61752,1679.7
"10/30/2015 22:55:00","EDT","CAPITL",61757,1222
"10/30/2015 22:55:00","EDT","CENTRL",61754,1574.4
"10/30/2015 22:55:00","EDT","DUNWOD",61760,614.1
"10/30/2015 22:55:00","EDT","GENESE",61753,1003.1
"10/30/2015 22:55:00","EDT","HUD VL",61758,1043.7
"10/30/2015 22:55:00","EDT","LONGIL",61762,2083.9
"10/30/2015 22:55:00","EDT","MHK VL",61756,740.8
"10/30/2015 22:55:00","EDT","MILLWD",61759,251.4
"10/30/2015 22:55:00","EDT","N.Y.C.",61761,5201.6
"10/30/2015 22:55:00","EDT","NORTH",61755,489.5
"10/30/2015 22:55:00","EDT","WEST",61752,1644.9
"10/30/2015 23:00:00","EDT","CAPITL",61757,1215.2
"10/30/2015 23:00:00","EDT","CENTRL",61754,1575.5
"10/30/2015 23:00:00","EDT","DUNWOD",61760,616.1
"10/30/2015 23:00:00","EDT","GENESE",61753,983.4
"10/30/2015 23:00:00","EDT","HUD VL",61758,1024.4
"10/30/2015 23:00:00","EDT","LONGIL",61762,2053.9
"10/30/2015 23:00:00","EDT","MHK VL",61756,729
"10/30/2015 23:00:00","EDT","MILLWD",61759,243.5
"10/30/2015 23:00:00","EDT","N.Y.C.",61761,5190.2
"10/30/2015 23:00:00","EDT","NORTH",61755,500.3
"10/30/2015 23:00:00","EDT","WEST",61752,1635.9
"10/30/2015 23:05:00","EDT","CAPITL",61757,1200.9
"10/30/2015 23:05:00","EDT","CENTRL",61754,1572.5
"10/30/2015 23:05:00","EDT","DUNWOD",61760,609.6
"10/30/2015 23:05:00","EDT","GENESE",61753,979.4
"10/30/2015 23:05:00","EDT","HUD VL",61758,1005.4
"10/30/2015 23:05:00","EDT","LONGIL",61762,2047.8
"10/30/2015 23:05:00","EDT","MHK VL",61756,728.2
"10/30/2015 23:05:00","EDT","MILLWD",61759,257.2
"10/30/2015 23:05:00","EDT","N.Y.C.",61761,5118.9
"10/30/2015 23:05:00","EDT","NORTH",61755,501.7
"10/30/2015 23:05:00","EDT","WEST",61752,1669.1
"10/30/2015 23:10:00","EDT","CAPITL",61757,1203.4
"10/30/2015 23:10:00","EDT","CENTRL",61754,1554.1
"10/30/2015 23:10:00","EDT","DUNWOD",61760,590.6
"10/30/2015 23:10:00","EDT","GENESE",61753,976.9
"10/30/2015 23:10:00","EDT","HUD VL",61758,1014.7
"10/30/2015 23:10:00","EDT","LONGIL",61762,2019.2
"10/30/2015 23:10:00","EDT","MHK VL",61756,729.1
"10/30/2015 23:10:00","EDT","MILLWD",61759,249.6
"10/30/2015 23:10:00","EDT","N.Y.C.",61761,5093.7
"10/30/2015 23:10:00","EDT","NORTH",61755,492.6
"10/30/2015 23:10:00","EDT","WEST",61752,1629
"10/30/2015 23:15:00","EDT","CAPITL",61757,1186.9
"10/30/2015 23:15:00","EDT","CENTRL",61754,1534.4
"10/30/2015 23:15:00","EDT","DUNWOD",61760,595.3
"10/30/2015 23:15:00","EDT","GENESE",61753,971.1
"10/30/2015 23:15:00","EDT","HUD VL",61758,976.2
"10/30/2015 23:15:00","EDT","LONGIL",61762,1999.2
"10/30/2015 23:15:00","EDT","MHK VL",61756,724
"10/30/2015 23:15:00","EDT","MILLWD",61759,264.9
"10/30/2015 23:15:00","EDT","N.Y.C.",61761,5045.8
"10/30/2015 23:15:00","EDT","NORTH",61755,495.5
"10/30/2015 23:15:00","EDT","WEST",61752,1603.8
"10/30/2015 23:20:00","EDT","CAPITL",61757,1189.4
"10/30/2015 23:20:00","EDT","CENTRL",61754,1522.6
"10/30/2015 23:20:00","EDT","DUNWOD",61760,591.4
"10/30/2015 23:20:00","EDT","GENESE",61753,962.3
"10/30/2015 23:20:00","EDT","HUD VL",61758,983.2
"10/30/2015 23:20:00","EDT","LONGIL",61762,1989.2
"10/30/2015 23:20:00","EDT","MHK VL",61756,721.1
"10/30/2015 23:20:00","EDT","MILLWD",61759,258
"10/30/2015 23:20:00","EDT","N.Y.C.",61761,5029.4
"10/30/2015 23:20:00","EDT","NORTH",61755,490.7
"10/30/2015 23:20:00","EDT","WEST",61752,1603.7
"10/30/2015 23:25:00","EDT","CAPITL",61757,1178.2
"10/30/2015 23:25:00","EDT","CENTRL",61754,1518.5
"10/30/2015 23:25:00","EDT","DUNWOD",61760,586
"10/30/2015 23:25:00","EDT","GENESE",61753,956.8
"10/30/2015 23:25:00","EDT","HUD VL",61758,973.7
"10/30/2015 23:25:00","EDT","LONGIL",61762,1980.4
"10/30/2015 23:25:00","EDT","MHK VL",61756,714.1
"10/30/2015 23:25:00","EDT","MILLWD",61759,254.5
"10/30/2015 23:25:00","EDT","N.Y.C.",61761,5003.4
"10/30/2015 23:25:00","EDT","NORTH",61755,495.1
"10/30/2015 23:25:00","EDT","WEST",61752,1590.6
"10/30/2015 23:30:00","EDT","CAPITL",61757,1178
"10/30/2015 23:30:00","EDT","CENTRL",61754,1513.1
"10/30/2015 23:30:00","EDT","DUNWOD",61760,586.8
"10/30/2015 23:30:00","EDT","GENESE",61753,953.1
"10/30/2015 23:30:00","EDT","HUD VL",61758,972.7
"10/30/2015 23:30:00","EDT","LONGIL",61762,1947.1
"10/30/2015 23:30:00","EDT","MHK VL",61756,702.3
"10/30/2015 23:30:00","EDT","MILLWD",61759,234.9
"10/30/2015 23:30:00","EDT","N.Y.C.",61761,4975
"10/30/2015 23:30:00","EDT","NORTH",61755,489.4
"10/30/2015 23:30:00","EDT","WEST",61752,1566
"10/30/2015 23:35:00","EDT","CAPITL",61757,1167.5
"10/30/2015 23:35:00","EDT","CENTRL",61754,1506.1
"10/30/2015 23:35:00","EDT","DUNWOD",61760,581.5
"10/30/2015 23:35:00","EDT","GENESE",61753,936
"10/30/2015 23:35:00","EDT","HUD VL",61758,973.5
"10/30/2015 23:35:00","EDT","LONGIL",61762,1945.2
"10/30/2015 23:35:00","EDT","MHK VL",61756,692.6
"10/30/2015 23:35:00","EDT","MILLWD",61759,249.8
"10/30/2015 23:35:00","EDT","N.Y.C.",61761,4944.2
"10/30/2015 23:35:00","EDT","NORTH",61755,495.1
"10/30/2015 23:35:00","EDT","WEST",61752,1587.9
"10/30/2015 23:40:00","EDT","CAPITL",61757,1150.9
"10/30/2015 23:40:00","EDT","CENTRL",61754,1491.5
"10/30/2015 23:40:00","EDT","DUNWOD",61760,564.9
"10/30/2015 23:40:00","EDT","GENESE",61753,942.6
"10/30/2015 23:40:00","EDT","HUD VL",61758,956.2
"10/30/2015 23:40:00","EDT","LONGIL",61762,1907.7
"10/30/2015 23:40:00","EDT","MHK VL",61756,709.8
"10/30/2015 23:40:00","EDT","MILLWD",61759,259.3
"10/30/2015 23:40:00","EDT","N.Y.C.",61761,4887.3
"10/30/2015 23:40:00","EDT","NORTH",61755,487.1
"10/30/2015 23:40:00","EDT","WEST",61752,1561.1
"10/30/2015 23:45:00","EDT","CAPITL",61757,1154.8
"10/30/2015 23:45:00","EDT","CENTRL",61754,1484.7
"10/30/2015 23:45:00","EDT","DUNWOD",61760,570.3
"10/30/2015 23:45:00","EDT","GENESE",61753,934.1
"10/30/2015 23:45:00","EDT","HUD VL",61758,953.1
"10/30/2015 23:45:00","EDT","LONGIL",61762,1910.2
"10/30/2015 23:45:00","EDT","MHK VL",61756,689.3
"10/30/2015 23:45:00","EDT","MILLWD",61759,232.2
"10/30/2015 23:45:00","EDT","N.Y.C.",61761,4872.3
"10/30/2015 23:45:00","EDT","NORTH",61755,491.8
"10/30/2015 23:45:00","EDT","WEST",61752,1552.5
"10/30/2015 23:50:00","EDT","CAPITL",61757,1144
"10/30/2015 23:50:00","EDT","CENTRL",61754,1474.1
"10/30/2015 23:50:00","EDT","DUNWOD",61760,558.4
"10/30/2015 23:50:00","EDT","GENESE",61753,926.1
"10/30/2015 23:50:00","EDT","HUD VL",61758,937.6
"10/30/2015 23:50:00","EDT","LONGIL",61762,1893.4
"10/30/2015 23:50:00","EDT","MHK VL",61756,694.7
"10/30/2015 23:50:00","EDT","MILLWD",61759,236.3
"10/30/2015 23:50:00","EDT","N.Y.C.",61761,4848.6
"10/30/2015 23:50:00","EDT","NORTH",61755,482.3
"10/30/2015 23:50:00","EDT","WEST",61752,1536.5
"10/30/2015 23:55:00","EDT","CAPITL",61757,1142.2
"10/30/2015 23:55:00","EDT","CENTRL",61754,1460.2
"10/30/2015 23:55:00","EDT","DUNWOD",61760,557.2
"10/30/2015 23:55:00","EDT","GENESE",61753,919.5
"10/30/2015 23:55:00","EDT","HUD VL",61758,951.3
"10/30/2015 23:55:00","EDT","LONGIL",61762,1860.8
"10/30/2015 23:55:00","EDT","MHK VL",61756,696.4
"10/30/2015 23:55:00","EDT","MILLWD",61759,216.6
"10/30/2015 23:55:00","EDT","N.Y.C.",61761,4824.4
"10/30/2015 23:55:00","EDT","NORTH",61755,483.4
"10/30/2015 23:55:00","EDT","WEST",61752,1551.1
