"Time Stamp","Time Zone","Name","PTID","Load"
"11/13/2004 00:00:00","EST","CAPITL",61757,1143
"11/13/2004 00:00:00","EST","CENTRL",61754,1791
"11/13/2004 00:00:00","EST","DUNWOD",61760,602
"11/13/2004 00:00:00","EST","GENESE",61753,962
"11/13/2004 00:00:00","EST","HUD VL",61758,1095
"11/13/2004 00:00:00","EST","MHK VL",61756,731
"11/13/2004 00:00:00","EST","MILLWD",61759,188
"11/13/2004 00:00:00","EST","N.Y.C._LONGIL",,6890
"11/13/2004 00:00:00","EST","NORTH",61755,728
"11/13/2004 00:00:00","EST","WEST",61752,1696
"11/13/2004 00:01:19","EST","CAPITL",61757,1135
"11/13/2004 00:01:19","EST","CENTRL",61754,1747
"11/13/2004 00:01:19","EST","DUNWOD",61760,617
"11/13/2004 00:01:19","EST","GENESE",61753,967
"11/13/2004 00:01:19","EST","HUD VL",61758,1076
"11/13/2004 00:01:19","EST","MHK VL",61756,747
"11/13/2004 00:01:19","EST","MILLWD",61759,194
"11/13/2004 00:01:19","EST","N.Y.C._LONGIL",,6853
"11/13/2004 00:01:19","EST","NORTH",61755,726
"11/13/2004 00:01:19","EST","WEST",61752,1676
"11/13/2004 00:02:49","EST","CAPITL",61757,1119
"11/13/2004 00:02:49","EST","CENTRL",61754,1752
"11/13/2004 00:02:49","EST","DUNWOD",61760,601
"11/13/2004 00:02:49","EST","GENESE",61753,970
"11/13/2004 00:02:49","EST","HUD VL",61758,1080
"11/13/2004 00:02:49","EST","MHK VL",61756,735
"11/13/2004 00:02:49","EST","MILLWD",61759,202
"11/13/2004 00:02:49","EST","N.Y.C._LONGIL",,6832
"11/13/2004 00:02:49","EST","NORTH",61755,735
"11/13/2004 00:02:49","EST","WEST",61752,1671
"11/13/2004 00:07:49","EST","CAPITL",61757,1133
"11/13/2004 00:07:49","EST","CENTRL",61754,1765
"11/13/2004 00:07:49","EST","DUNWOD",61760,605
"11/13/2004 00:07:49","EST","GENESE",61753,960
"11/13/2004 00:07:49","EST","HUD VL",61758,1078
"11/13/2004 00:07:49","EST","MHK VL",61756,744
"11/13/2004 00:07:49","EST","MILLWD",61759,193
"11/13/2004 00:07:49","EST","N.Y.C._LONGIL",,6768
"11/13/2004 00:07:49","EST","NORTH",61755,732
"11/13/2004 00:07:49","EST","WEST",61752,1654
"11/13/2004 00:12:49","EST","CAPITL",61757,1113
"11/13/2004 00:12:49","EST","CENTRL",61754,1756
"11/13/2004 00:12:49","EST","DUNWOD",61760,594
"11/13/2004 00:12:49","EST","GENESE",61753,970
"11/13/2004 00:12:49","EST","HUD VL",61758,1055
"11/13/2004 00:12:49","EST","MHK VL",61756,733
"11/13/2004 00:12:49","EST","MILLWD",61759,196
"11/13/2004 00:12:49","EST","N.Y.C._LONGIL",,6727
"11/13/2004 00:12:49","EST","NORTH",61755,734
"11/13/2004 00:12:49","EST","WEST",61752,1642
"11/13/2004 00:17:49","EST","CAPITL",61757,1108
"11/13/2004 00:17:49","EST","CENTRL",61754,1761
"11/13/2004 00:17:49","EST","DUNWOD",61760,598
"11/13/2004 00:17:49","EST","GENESE",61753,970
"11/13/2004 00:17:49","EST","HUD VL",61758,1071
"11/13/2004 00:17:49","EST","MHK VL",61756,726
"11/13/2004 00:17:49","EST","MILLWD",61759,190
"11/13/2004 00:17:49","EST","N.Y.C._LONGIL",,6732
"11/13/2004 00:17:49","EST","NORTH",61755,735
"11/13/2004 00:17:49","EST","WEST",61752,1652
"11/13/2004 00:19:19","EST","CAPITL",61757,1107
"11/13/2004 00:19:19","EST","CENTRL",61754,1708
"11/13/2004 00:19:19","EST","DUNWOD",61760,589
"11/13/2004 00:19:19","EST","GENESE",61753,957
"11/13/2004 00:19:19","EST","HUD VL",61758,1071
"11/13/2004 00:19:19","EST","MHK VL",61756,728
"11/13/2004 00:19:19","EST","MILLWD",61759,189
"11/13/2004 00:19:19","EST","N.Y.C._LONGIL",,6718
"11/13/2004 00:19:19","EST","NORTH",61755,727
"11/13/2004 00:19:19","EST","WEST",61752,1639
"11/13/2004 00:24:19","EST","CAPITL",61757,1110
"11/13/2004 00:24:19","EST","CENTRL",61754,1755
"11/13/2004 00:24:19","EST","DUNWOD",61760,594
"11/13/2004 00:24:19","EST","GENESE",61753,959
"11/13/2004 00:24:19","EST","HUD VL",61758,1056
"11/13/2004 00:24:19","EST","MHK VL",61756,727
"11/13/2004 00:24:19","EST","MILLWD",61759,186
"11/13/2004 00:24:19","EST","N.Y.C._LONGIL",,6664
"11/13/2004 00:24:19","EST","NORTH",61755,723
"11/13/2004 00:24:19","EST","WEST",61752,1608
"11/13/2004 00:27:19","EST","CAPITL",61757,1106
"11/13/2004 00:27:19","EST","CENTRL",61754,1725
"11/13/2004 00:27:19","EST","DUNWOD",61760,577
"11/13/2004 00:27:19","EST","GENESE",61753,938
"11/13/2004 00:27:19","EST","HUD VL",61758,1061
"11/13/2004 00:27:19","EST","MHK VL",61756,723
"11/13/2004 00:27:19","EST","MILLWD",61759,187
"11/13/2004 00:27:19","EST","N.Y.C._LONGIL",,6651
"11/13/2004 00:27:19","EST","NORTH",61755,735
"11/13/2004 00:27:19","EST","WEST",61752,1641
"11/13/2004 00:32:19","EST","CAPITL",61757,1098
"11/13/2004 00:32:19","EST","CENTRL",61754,1739
"11/13/2004 00:32:19","EST","DUNWOD",61760,575
"11/13/2004 00:32:19","EST","GENESE",61753,943
"11/13/2004 00:32:19","EST","HUD VL",61758,1052
"11/13/2004 00:32:19","EST","MHK VL",61756,717
"11/13/2004 00:32:19","EST","MILLWD",61759,180
"11/13/2004 00:32:19","EST","N.Y.C._LONGIL",,6600
"11/13/2004 00:32:19","EST","NORTH",61755,728
"11/13/2004 00:32:19","EST","WEST",61752,1632
"11/13/2004 00:37:19","EST","CAPITL",61757,1107
"11/13/2004 00:37:19","EST","CENTRL",61754,1732
"11/13/2004 00:37:19","EST","DUNWOD",61760,584
"11/13/2004 00:37:19","EST","GENESE",61753,932
"11/13/2004 00:37:19","EST","HUD VL",61758,1041
"11/13/2004 00:37:19","EST","MHK VL",61756,722
"11/13/2004 00:37:19","EST","MILLWD",61759,186
"11/13/2004 00:37:19","EST","N.Y.C._LONGIL",,6642
"11/13/2004 00:37:19","EST","NORTH",61755,717
"11/13/2004 00:37:19","EST","WEST",61752,1605
"11/13/2004 00:42:19","EST","CAPITL",61757,1097
"11/13/2004 00:42:19","EST","CENTRL",61754,1750
"11/13/2004 00:42:19","EST","DUNWOD",61760,587
"11/13/2004 00:42:19","EST","GENESE",61753,939
"11/13/2004 00:42:19","EST","HUD VL",61758,1062
"11/13/2004 00:42:19","EST","MHK VL",61756,717
"11/13/2004 00:42:19","EST","MILLWD",61759,184
"11/13/2004 00:42:19","EST","N.Y.C._LONGIL",,6621
"11/13/2004 00:42:19","EST","NORTH",61755,724
"11/13/2004 00:42:19","EST","WEST",61752,1615
"11/13/2004 00:43:49","EST","CAPITL",61757,1111
"11/13/2004 00:43:49","EST","CENTRL",61754,1723
"11/13/2004 00:43:49","EST","DUNWOD",61760,569
"11/13/2004 00:43:49","EST","GENESE",61753,929
"11/13/2004 00:43:49","EST","HUD VL",61758,1043
"11/13/2004 00:43:49","EST","MHK VL",61756,707
"11/13/2004 00:43:49","EST","MILLWD",61759,180
"11/13/2004 00:43:49","EST","N.Y.C._LONGIL",,6530
"11/13/2004 00:43:49","EST","NORTH",61755,732
"11/13/2004 00:43:49","EST","WEST",61752,1626
"11/13/2004 00:48:49","EST","CAPITL",61757,1112
"11/13/2004 00:48:49","EST","CENTRL",61754,1683
"11/13/2004 00:48:49","EST","DUNWOD",61760,576
"11/13/2004 00:48:49","EST","GENESE",61753,934
"11/13/2004 00:48:49","EST","HUD VL",61758,1044
"11/13/2004 00:48:49","EST","MHK VL",61756,711
"11/13/2004 00:48:49","EST","MILLWD",61759,178
"11/13/2004 00:48:49","EST","N.Y.C._LONGIL",,6511
"11/13/2004 00:48:49","EST","NORTH",61755,724
"11/13/2004 00:48:49","EST","WEST",61752,1616
"11/13/2004 00:53:49","EST","CAPITL",61757,1097
"11/13/2004 00:53:49","EST","CENTRL",61754,1682
"11/13/2004 00:53:49","EST","DUNWOD",61760,569
"11/13/2004 00:53:49","EST","GENESE",61753,925
"11/13/2004 00:53:49","EST","HUD VL",61758,1056
"11/13/2004 00:53:49","EST","MHK VL",61756,706
"11/13/2004 00:53:49","EST","MILLWD",61759,175
"11/13/2004 00:53:49","EST","N.Y.C._LONGIL",,6476
"11/13/2004 00:53:49","EST","NORTH",61755,720
"11/13/2004 00:53:49","EST","WEST",61752,1617
"11/13/2004 00:55:19","EST","CAPITL",61757,1103
"11/13/2004 00:55:19","EST","CENTRL",61754,1711
"11/13/2004 00:55:19","EST","DUNWOD",61760,574
"11/13/2004 00:55:19","EST","GENESE",61753,917
"11/13/2004 00:55:19","EST","HUD VL",61758,1036
"11/13/2004 00:55:19","EST","MHK VL",61756,695
"11/13/2004 00:55:19","EST","MILLWD",61759,172
"11/13/2004 00:55:19","EST","N.Y.C._LONGIL",,6446
"11/13/2004 00:55:19","EST","NORTH",61755,739
"11/13/2004 00:55:19","EST","WEST",61752,1640
"11/13/2004 01:00:00","EST","CAPITL",61757,1024
"11/13/2004 01:00:00","EST","CENTRL",61754,1721
"11/13/2004 01:00:00","EST","DUNWOD",61760,556
"11/13/2004 01:00:00","EST","GENESE",61753,916
"11/13/2004 01:00:00","EST","HUD VL",61758,1021
"11/13/2004 01:00:00","EST","MHK VL",61756,695
"11/13/2004 01:00:00","EST","MILLWD",61759,177
"11/13/2004 01:00:00","EST","N.Y.C._LONGIL",,6476
"11/13/2004 01:00:00","EST","NORTH",61755,740
"11/13/2004 01:00:00","EST","WEST",61752,1646
"11/13/2004 01:00:49","EST","CAPITL",61757,1066
"11/13/2004 01:00:49","EST","CENTRL",61754,1724
"11/13/2004 01:00:49","EST","DUNWOD",61760,556
"11/13/2004 01:00:49","EST","GENESE",61753,942
"11/13/2004 01:00:49","EST","HUD VL",61758,1065
"11/13/2004 01:00:49","EST","MHK VL",61756,709
"11/13/2004 01:00:49","EST","MILLWD",61759,166
"11/13/2004 01:00:49","EST","N.Y.C._LONGIL",,6426
"11/13/2004 01:00:49","EST","NORTH",61755,715
"11/13/2004 01:00:49","EST","WEST",61752,1554
"11/13/2004 01:05:19","EST","CAPITL",61757,1085
"11/13/2004 01:05:19","EST","CENTRL",61754,1725
"11/13/2004 01:05:19","EST","DUNWOD",61760,564
"11/13/2004 01:05:19","EST","GENESE",61753,928
"11/13/2004 01:05:19","EST","HUD VL",61758,1034
"11/13/2004 01:05:19","EST","MHK VL",61756,708
"11/13/2004 01:05:19","EST","MILLWD",61759,172
"11/13/2004 01:05:19","EST","N.Y.C._LONGIL",,6405
"11/13/2004 01:05:19","EST","NORTH",61755,722
"11/13/2004 01:05:19","EST","WEST",61752,1585
"11/13/2004 01:06:49","EST","CAPITL",61757,1089
"11/13/2004 01:06:49","EST","CENTRL",61754,1722
"11/13/2004 01:06:49","EST","DUNWOD",61760,569
"11/13/2004 01:06:49","EST","GENESE",61753,927
"11/13/2004 01:06:49","EST","HUD VL",61758,1015
"11/13/2004 01:06:49","EST","MHK VL",61756,700
"11/13/2004 01:06:49","EST","MILLWD",61759,169
"11/13/2004 01:06:49","EST","N.Y.C._LONGIL",,6391
"11/13/2004 01:06:49","EST","NORTH",61755,725
"11/13/2004 01:06:49","EST","WEST",61752,1569
"11/13/2004 01:11:49","EST","CAPITL",61757,1074
"11/13/2004 01:11:49","EST","CENTRL",61754,1682
"11/13/2004 01:11:49","EST","DUNWOD",61760,571
"11/13/2004 01:11:49","EST","GENESE",61753,929
"11/13/2004 01:11:49","EST","HUD VL",61758,1022
"11/13/2004 01:11:49","EST","MHK VL",61756,709
"11/13/2004 01:11:49","EST","MILLWD",61759,164
"11/13/2004 01:11:49","EST","N.Y.C._LONGIL",,6378
"11/13/2004 01:11:49","EST","NORTH",61755,712
"11/13/2004 01:11:49","EST","WEST",61752,1549
"11/13/2004 01:16:19","EST","CAPITL",61757,1090
"11/13/2004 01:16:19","EST","CENTRL",61754,1687
"11/13/2004 01:16:19","EST","DUNWOD",61760,565
"11/13/2004 01:16:19","EST","GENESE",61753,920
"11/13/2004 01:16:19","EST","HUD VL",61758,1006
"11/13/2004 01:16:19","EST","MHK VL",61756,696
"11/13/2004 01:16:19","EST","MILLWD",61759,174
"11/13/2004 01:16:19","EST","N.Y.C._LONGIL",,6337
"11/13/2004 01:16:19","EST","NORTH",61755,719
"11/13/2004 01:16:19","EST","WEST",61752,1574
"11/13/2004 01:21:19","EST","CAPITL",61757,1071
"11/13/2004 01:21:19","EST","CENTRL",61754,1692
"11/13/2004 01:21:19","EST","DUNWOD",61760,551
"11/13/2004 01:21:19","EST","GENESE",61753,921
"11/13/2004 01:21:19","EST","HUD VL",61758,1039
"11/13/2004 01:21:19","EST","MHK VL",61756,706
"11/13/2004 01:21:19","EST","MILLWD",61759,174
"11/13/2004 01:21:19","EST","N.Y.C._LONGIL",,6317
"11/13/2004 01:21:19","EST","NORTH",61755,719
"11/13/2004 01:21:19","EST","WEST",61752,1593
"11/13/2004 01:26:19","EST","CAPITL",61757,1073
"11/13/2004 01:26:19","EST","CENTRL",61754,1701
"11/13/2004 01:26:19","EST","DUNWOD",61760,554
"11/13/2004 01:26:19","EST","GENESE",61753,918
"11/13/2004 01:26:19","EST","HUD VL",61758,1014
"11/13/2004 01:26:19","EST","MHK VL",61756,699
"11/13/2004 01:26:19","EST","MILLWD",61759,175
"11/13/2004 01:26:19","EST","N.Y.C._LONGIL",,6301
"11/13/2004 01:26:19","EST","NORTH",61755,718
"11/13/2004 01:26:19","EST","WEST",61752,1561
"11/13/2004 01:27:49","EST","CAPITL",61757,1073
"11/13/2004 01:27:49","EST","CENTRL",61754,1698
"11/13/2004 01:27:49","EST","DUNWOD",61760,550
"11/13/2004 01:27:49","EST","GENESE",61753,917
"11/13/2004 01:27:49","EST","HUD VL",61758,1020
"11/13/2004 01:27:49","EST","MHK VL",61756,691
"11/13/2004 01:27:49","EST","MILLWD",61759,174
"11/13/2004 01:27:49","EST","N.Y.C._LONGIL",,6301
"11/13/2004 01:27:49","EST","NORTH",61755,726
"11/13/2004 01:27:49","EST","WEST",61752,1597
"11/13/2004 01:29:49","EST","CAPITL",61757,1069
"11/13/2004 01:29:49","EST","CENTRL",61754,1699
"11/13/2004 01:29:49","EST","DUNWOD",61760,548
"11/13/2004 01:29:49","EST","GENESE",61753,916
"11/13/2004 01:29:49","EST","HUD VL",61758,1008
"11/13/2004 01:29:49","EST","MHK VL",61756,691
"11/13/2004 01:29:49","EST","MILLWD",61759,168
"11/13/2004 01:29:49","EST","N.Y.C._LONGIL",,6292
"11/13/2004 01:29:49","EST","NORTH",61755,724
"11/13/2004 01:29:49","EST","WEST",61752,1576
"11/13/2004 01:34:49","EST","CAPITL",61757,1082
"11/13/2004 01:34:49","EST","CENTRL",61754,1690
"11/13/2004 01:34:49","EST","DUNWOD",61760,554
"11/13/2004 01:34:49","EST","GENESE",61753,906
"11/13/2004 01:34:49","EST","HUD VL",61758,1008
"11/13/2004 01:34:49","EST","MHK VL",61756,698
"11/13/2004 01:34:49","EST","MILLWD",61759,173
"11/13/2004 01:34:49","EST","N.Y.C._LONGIL",,6254
"11/13/2004 01:34:49","EST","NORTH",61755,721
"11/13/2004 01:34:49","EST","WEST",61752,1583
"11/13/2004 01:39:49","EST","CAPITL",61757,1051
"11/13/2004 01:39:49","EST","CENTRL",61754,1663
"11/13/2004 01:39:49","EST","DUNWOD",61760,552
"11/13/2004 01:39:49","EST","GENESE",61753,913
"11/13/2004 01:39:49","EST","HUD VL",61758,1004
"11/13/2004 01:39:49","EST","MHK VL",61756,687
"11/13/2004 01:39:49","EST","MILLWD",61759,172
"11/13/2004 01:39:49","EST","N.Y.C._LONGIL",,6232
"11/13/2004 01:39:49","EST","NORTH",61755,730
"11/13/2004 01:39:49","EST","WEST",61752,1558
"11/13/2004 01:44:49","EST","CAPITL",61757,1050
"11/13/2004 01:44:49","EST","CENTRL",61754,1662
"11/13/2004 01:44:49","EST","DUNWOD",61760,507
"11/13/2004 01:44:49","EST","GENESE",61753,903
"11/13/2004 01:44:49","EST","HUD VL",61758,1002
"11/13/2004 01:44:49","EST","MHK VL",61756,692
"11/13/2004 01:44:49","EST","MILLWD",61759,168
"11/13/2004 01:44:49","EST","N.Y.C._LONGIL",,6246
"11/13/2004 01:44:49","EST","NORTH",61755,723
"11/13/2004 01:44:49","EST","WEST",61752,1536
"11/13/2004 01:49:49","EST","CAPITL",61757,1059
"11/13/2004 01:49:49","EST","CENTRL",61754,1702
"11/13/2004 01:49:49","EST","DUNWOD",61760,541
"11/13/2004 01:49:49","EST","GENESE",61753,897
"11/13/2004 01:49:49","EST","HUD VL",61758,994
"11/13/2004 01:49:49","EST","MHK VL",61756,686
"11/13/2004 01:49:49","EST","MILLWD",61759,175
"11/13/2004 01:49:49","EST","N.Y.C._LONGIL",,6189
"11/13/2004 01:49:49","EST","NORTH",61755,731
"11/13/2004 01:49:49","EST","WEST",61752,1567
"11/13/2004 01:54:49","EST","CAPITL",61757,1075
"11/13/2004 01:54:49","EST","CENTRL",61754,1677
"11/13/2004 01:54:49","EST","DUNWOD",61760,552
"11/13/2004 01:54:49","EST","GENESE",61753,902
"11/13/2004 01:54:49","EST","HUD VL",61758,989
"11/13/2004 01:54:49","EST","MHK VL",61756,690
"11/13/2004 01:54:49","EST","MILLWD",61759,164
"11/13/2004 01:54:49","EST","N.Y.C._LONGIL",,6172
"11/13/2004 01:54:49","EST","NORTH",61755,725
"11/13/2004 01:54:49","EST","WEST",61752,1563
"11/13/2004 01:56:19","EST","CAPITL",61757,1070
"11/13/2004 01:56:19","EST","CENTRL",61754,1688
"11/13/2004 01:56:19","EST","DUNWOD",61760,551
"11/13/2004 01:56:19","EST","GENESE",61753,907
"11/13/2004 01:56:19","EST","HUD VL",61758,995
"11/13/2004 01:56:19","EST","MHK VL",61756,684
"11/13/2004 01:56:19","EST","MILLWD",61759,166
"11/13/2004 01:56:19","EST","N.Y.C._LONGIL",,6183
"11/13/2004 01:56:19","EST","NORTH",61755,714
"11/13/2004 01:56:19","EST","WEST",61752,1547
"11/13/2004 02:00:00","EST","CAPITL",61757,1051
"11/13/2004 02:00:00","EST","CENTRL",61754,1704
"11/13/2004 02:00:00","EST","DUNWOD",61760,544
"11/13/2004 02:00:00","EST","GENESE",61753,911
"11/13/2004 02:00:00","EST","HUD VL",61758,1015
"11/13/2004 02:00:00","EST","MHK VL",61756,677
"11/13/2004 02:00:00","EST","MILLWD",61759,176
"11/13/2004 02:00:00","EST","N.Y.C._LONGIL",,6148
"11/13/2004 02:00:00","EST","NORTH",61755,717
"11/13/2004 02:00:00","EST","WEST",61752,1539
"11/13/2004 02:01:19","EST","CAPITL",61757,1056
"11/13/2004 02:01:19","EST","CENTRL",61754,1682
"11/13/2004 02:01:19","EST","DUNWOD",61760,548
"11/13/2004 02:01:19","EST","GENESE",61753,892
"11/13/2004 02:01:19","EST","HUD VL",61758,996
"11/13/2004 02:01:19","EST","MHK VL",61756,690
"11/13/2004 02:01:19","EST","MILLWD",61759,168
"11/13/2004 02:01:19","EST","N.Y.C._LONGIL",,6140
"11/13/2004 02:01:19","EST","NORTH",61755,720
"11/13/2004 02:01:19","EST","WEST",61752,1570
"11/13/2004 02:05:49","EST","CAPITL",61757,1071
"11/13/2004 02:05:49","EST","CENTRL",61754,1633
"11/13/2004 02:05:49","EST","DUNWOD",61760,548
"11/13/2004 02:05:49","EST","GENESE",61753,896
"11/13/2004 02:05:49","EST","HUD VL",61758,997
"11/13/2004 02:05:49","EST","MHK VL",61756,688
"11/13/2004 02:05:49","EST","MILLWD",61759,170
"11/13/2004 02:05:49","EST","N.Y.C._LONGIL",,6122
"11/13/2004 02:05:49","EST","NORTH",61755,719
"11/13/2004 02:05:49","EST","WEST",61752,1557
"11/13/2004 02:10:49","EST","CAPITL",61757,1065
"11/13/2004 02:10:49","EST","CENTRL",61754,1678
"11/13/2004 02:10:49","EST","DUNWOD",61760,543
"11/13/2004 02:10:49","EST","GENESE",61753,889
"11/13/2004 02:10:49","EST","HUD VL",61758,1000
"11/13/2004 02:10:49","EST","MHK VL",61756,676
"11/13/2004 02:10:49","EST","MILLWD",61759,164
"11/13/2004 02:10:49","EST","N.Y.C._LONGIL",,6118
"11/13/2004 02:10:49","EST","NORTH",61755,726
"11/13/2004 02:10:49","EST","WEST",61752,1551
"11/13/2004 02:15:49","EST","CAPITL",61757,1059
"11/13/2004 02:15:49","EST","CENTRL",61754,1676
"11/13/2004 02:15:49","EST","DUNWOD",61760,549
"11/13/2004 02:15:49","EST","GENESE",61753,888
"11/13/2004 02:15:49","EST","HUD VL",61758,995
"11/13/2004 02:15:49","EST","MHK VL",61756,681
"11/13/2004 02:15:49","EST","MILLWD",61759,169
"11/13/2004 02:15:49","EST","N.Y.C._LONGIL",,6090
"11/13/2004 02:15:49","EST","NORTH",61755,725
"11/13/2004 02:15:49","EST","WEST",61752,1550
"11/13/2004 02:17:19","EST","CAPITL",61757,1050
"11/13/2004 02:17:19","EST","CENTRL",61754,1691
"11/13/2004 02:17:19","EST","DUNWOD",61760,545
"11/13/2004 02:17:19","EST","GENESE",61753,877
"11/13/2004 02:17:19","EST","HUD VL",61758,985
"11/13/2004 02:17:19","EST","MHK VL",61756,667
"11/13/2004 02:17:19","EST","MILLWD",61759,166
"11/13/2004 02:17:19","EST","N.Y.C._LONGIL",,6086
"11/13/2004 02:17:19","EST","NORTH",61755,737
"11/13/2004 02:17:19","EST","WEST",61752,1574
"11/13/2004 02:22:19","EST","CAPITL",61757,1069
"11/13/2004 02:22:19","EST","CENTRL",61754,1662
"11/13/2004 02:22:19","EST","DUNWOD",61760,541
"11/13/2004 02:22:19","EST","GENESE",61753,889
"11/13/2004 02:22:19","EST","HUD VL",61758,983
"11/13/2004 02:22:19","EST","MHK VL",61756,682
"11/13/2004 02:22:19","EST","MILLWD",61759,167
"11/13/2004 02:22:19","EST","N.Y.C._LONGIL",,6054
"11/13/2004 02:22:19","EST","NORTH",61755,719
"11/13/2004 02:22:19","EST","WEST",61752,1546
"11/13/2004 02:27:19","EST","CAPITL",61757,1061
"11/13/2004 02:27:19","EST","CENTRL",61754,1635
"11/13/2004 02:27:19","EST","DUNWOD",61760,543
"11/13/2004 02:27:19","EST","GENESE",61753,876
"11/13/2004 02:27:19","EST","HUD VL",61758,979
"11/13/2004 02:27:19","EST","MHK VL",61756,677
"11/13/2004 02:27:19","EST","MILLWD",61759,166
"11/13/2004 02:27:19","EST","N.Y.C._LONGIL",,6050
"11/13/2004 02:27:19","EST","NORTH",61755,731
"11/13/2004 02:27:19","EST","WEST",61752,1570
"11/13/2004 02:32:19","EST","CAPITL",61757,1053
"11/13/2004 02:32:19","EST","CENTRL",61754,1654
"11/13/2004 02:32:19","EST","DUNWOD",61760,543
"11/13/2004 02:32:19","EST","GENESE",61753,880
"11/13/2004 02:32:19","EST","HUD VL",61758,1004
"11/13/2004 02:32:19","EST","MHK VL",61756,675
"11/13/2004 02:32:19","EST","MILLWD",61759,163
"11/13/2004 02:32:19","EST","N.Y.C._LONGIL",,6057
"11/13/2004 02:32:19","EST","NORTH",61755,727
"11/13/2004 02:32:19","EST","WEST",61752,1564
"11/13/2004 02:33:49","EST","CAPITL",61757,1057
"11/13/2004 02:33:49","EST","CENTRL",61754,1614
"11/13/2004 02:33:49","EST","DUNWOD",61760,538
"11/13/2004 02:33:49","EST","GENESE",61753,891
"11/13/2004 02:33:49","EST","HUD VL",61758,999
"11/13/2004 02:33:49","EST","MHK VL",61756,664
"11/13/2004 02:33:49","EST","MILLWD",61759,168
"11/13/2004 02:33:49","EST","N.Y.C._LONGIL",,6046
"11/13/2004 02:33:49","EST","NORTH",61755,718
"11/13/2004 02:33:49","EST","WEST",61752,1541
"11/13/2004 02:38:49","EST","CAPITL",61757,1048
"11/13/2004 02:38:49","EST","CENTRL",61754,1656
"11/13/2004 02:38:49","EST","DUNWOD",61760,540
"11/13/2004 02:38:49","EST","GENESE",61753,887
"11/13/2004 02:38:49","EST","HUD VL",61758,977
"11/13/2004 02:38:49","EST","MHK VL",61756,671
"11/13/2004 02:38:49","EST","MILLWD",61759,171
"11/13/2004 02:38:49","EST","N.Y.C._LONGIL",,6037
"11/13/2004 02:38:49","EST","NORTH",61755,719
"11/13/2004 02:38:49","EST","WEST",61752,1530
"11/13/2004 02:43:49","EST","CAPITL",61757,1046
"11/13/2004 02:43:49","EST","CENTRL",61754,1655
"11/13/2004 02:43:49","EST","DUNWOD",61760,539
"11/13/2004 02:43:49","EST","GENESE",61753,870
"11/13/2004 02:43:49","EST","HUD VL",61758,979
"11/13/2004 02:43:49","EST","MHK VL",61756,669
"11/13/2004 02:43:49","EST","MILLWD",61759,167
"11/13/2004 02:43:49","EST","N.Y.C._LONGIL",,6016
"11/13/2004 02:43:49","EST","NORTH",61755,731
"11/13/2004 02:43:49","EST","WEST",61752,1569
"11/13/2004 02:48:49","EST","CAPITL",61757,1055
"11/13/2004 02:48:49","EST","CENTRL",61754,1649
"11/13/2004 02:48:49","EST","DUNWOD",61760,544
"11/13/2004 02:48:49","EST","GENESE",61753,869
"11/13/2004 02:48:49","EST","HUD VL",61758,971
"11/13/2004 02:48:49","EST","MHK VL",61756,669
"11/13/2004 02:48:49","EST","MILLWD",61759,170
"11/13/2004 02:48:49","EST","N.Y.C._LONGIL",,6019
"11/13/2004 02:48:49","EST","NORTH",61755,722
"11/13/2004 02:48:49","EST","WEST",61752,1551
"11/13/2004 02:53:49","EST","CAPITL",61757,1046
"11/13/2004 02:53:49","EST","CENTRL",61754,1655
"11/13/2004 02:53:49","EST","DUNWOD",61760,537
"11/13/2004 02:53:49","EST","GENESE",61753,874
"11/13/2004 02:53:49","EST","HUD VL",61758,985
"11/13/2004 02:53:49","EST","MHK VL",61756,668
"11/13/2004 02:53:49","EST","MILLWD",61759,174
"11/13/2004 02:53:49","EST","N.Y.C._LONGIL",,6017
"11/13/2004 02:53:49","EST","NORTH",61755,724
"11/13/2004 02:53:49","EST","WEST",61752,1571
"11/13/2004 02:55:19","EST","CAPITL",61757,1049
"11/13/2004 02:55:19","EST","CENTRL",61754,1612
"11/13/2004 02:55:19","EST","DUNWOD",61760,524
"11/13/2004 02:55:19","EST","GENESE",61753,886
"11/13/2004 02:55:19","EST","HUD VL",61758,994
"11/13/2004 02:55:19","EST","MHK VL",61756,663
"11/13/2004 02:55:19","EST","MILLWD",61759,178
"11/13/2004 02:55:19","EST","N.Y.C._LONGIL",,6013
"11/13/2004 02:55:19","EST","NORTH",61755,733
"11/13/2004 02:55:19","EST","WEST",61752,1554
"11/13/2004 03:00:00","EST","CAPITL",61757,1047
"11/13/2004 03:00:00","EST","CENTRL",61754,1640
"11/13/2004 03:00:00","EST","DUNWOD",61760,524
"11/13/2004 03:00:00","EST","GENESE",61753,887
"11/13/2004 03:00:00","EST","HUD VL",61758,1004
"11/13/2004 03:00:00","EST","MHK VL",61756,660
"11/13/2004 03:00:00","EST","MILLWD",61759,177
"11/13/2004 03:00:00","EST","N.Y.C._LONGIL",,6005
"11/13/2004 03:00:00","EST","NORTH",61755,722
"11/13/2004 03:00:00","EST","WEST",61752,1537
"11/13/2004 03:00:49","EST","CAPITL",61757,1047
"11/13/2004 03:00:49","EST","CENTRL",61754,1660
"11/13/2004 03:00:49","EST","DUNWOD",61760,526
"11/13/2004 03:00:49","EST","GENESE",61753,873
"11/13/2004 03:00:49","EST","HUD VL",61758,986
"11/13/2004 03:00:49","EST","MHK VL",61756,658
"11/13/2004 03:00:49","EST","MILLWD",61759,173
"11/13/2004 03:00:49","EST","N.Y.C._LONGIL",,5989
"11/13/2004 03:00:49","EST","NORTH",61755,729
"11/13/2004 03:00:49","EST","WEST",61752,1557
"11/13/2004 03:05:19","EST","CAPITL",61757,1058
"11/13/2004 03:05:19","EST","CENTRL",61754,1636
"11/13/2004 03:05:19","EST","DUNWOD",61760,521
"11/13/2004 03:05:19","EST","GENESE",61753,870
"11/13/2004 03:05:19","EST","HUD VL",61758,983
"11/13/2004 03:05:19","EST","MHK VL",61756,662
"11/13/2004 03:05:19","EST","MILLWD",61759,172
"11/13/2004 03:05:19","EST","N.Y.C._LONGIL",,6007
"11/13/2004 03:05:19","EST","NORTH",61755,731
"11/13/2004 03:05:19","EST","WEST",61752,1568
"11/13/2004 03:06:49","EST","CAPITL",61757,1036
"11/13/2004 03:06:49","EST","CENTRL",61754,1641
"11/13/2004 03:06:49","EST","DUNWOD",61760,530
"11/13/2004 03:06:49","EST","GENESE",61753,866
"11/13/2004 03:06:49","EST","HUD VL",61758,976
"11/13/2004 03:06:49","EST","MHK VL",61756,669
"11/13/2004 03:06:49","EST","MILLWD",61759,167
"11/13/2004 03:06:49","EST","N.Y.C._LONGIL",,5981
"11/13/2004 03:06:49","EST","NORTH",61755,730
"11/13/2004 03:06:49","EST","WEST",61752,1558
"11/13/2004 03:11:49","EST","CAPITL",61757,1035
"11/13/2004 03:11:49","EST","CENTRL",61754,1643
"11/13/2004 03:11:49","EST","DUNWOD",61760,536
"11/13/2004 03:11:49","EST","GENESE",61753,868
"11/13/2004 03:11:49","EST","HUD VL",61758,966
"11/13/2004 03:11:49","EST","MHK VL",61756,671
"11/13/2004 03:11:49","EST","MILLWD",61759,171
"11/13/2004 03:11:49","EST","N.Y.C._LONGIL",,5951
"11/13/2004 03:11:49","EST","NORTH",61755,724
"11/13/2004 03:11:49","EST","WEST",61752,1538
"11/13/2004 03:16:49","EST","CAPITL",61757,1056
"11/13/2004 03:16:49","EST","CENTRL",61754,1641
"11/13/2004 03:16:49","EST","DUNWOD",61760,525
"11/13/2004 03:16:49","EST","GENESE",61753,868
"11/13/2004 03:16:49","EST","HUD VL",61758,971
"11/13/2004 03:16:49","EST","MHK VL",61756,659
"11/13/2004 03:16:49","EST","MILLWD",61759,166
"11/13/2004 03:16:49","EST","N.Y.C._LONGIL",,5984
"11/13/2004 03:16:49","EST","NORTH",61755,722
"11/13/2004 03:16:49","EST","WEST",61752,1539
"11/13/2004 03:18:19","EST","CAPITL",61757,1043
"11/13/2004 03:18:19","EST","CENTRL",61754,1604
"11/13/2004 03:18:19","EST","DUNWOD",61760,531
"11/13/2004 03:18:19","EST","GENESE",61753,865
"11/13/2004 03:18:19","EST","HUD VL",61758,967
"11/13/2004 03:18:19","EST","MHK VL",61756,662
"11/13/2004 03:18:19","EST","MILLWD",61759,175
"11/13/2004 03:18:19","EST","N.Y.C._LONGIL",,5963
"11/13/2004 03:18:19","EST","NORTH",61755,723
"11/13/2004 03:18:19","EST","WEST",61752,1557
"11/13/2004 03:23:19","EST","CAPITL",61757,1056
"11/13/2004 03:23:19","EST","CENTRL",61754,1596
"11/13/2004 03:23:19","EST","DUNWOD",61760,527
"11/13/2004 03:23:19","EST","GENESE",61753,869
"11/13/2004 03:23:19","EST","HUD VL",61758,968
"11/13/2004 03:23:19","EST","MHK VL",61756,667
"11/13/2004 03:23:19","EST","MILLWD",61759,169
"11/13/2004 03:23:19","EST","N.Y.C._LONGIL",,5969
"11/13/2004 03:23:19","EST","NORTH",61755,723
"11/13/2004 03:23:19","EST","WEST",61752,1549
"11/13/2004 03:28:19","EST","CAPITL",61757,1044
"11/13/2004 03:28:19","EST","CENTRL",61754,1655
"11/13/2004 03:28:19","EST","DUNWOD",61760,528
"11/13/2004 03:28:19","EST","GENESE",61753,862
"11/13/2004 03:28:19","EST","HUD VL",61758,984
"11/13/2004 03:28:19","EST","MHK VL",61756,672
"11/13/2004 03:28:19","EST","MILLWD",61759,168
"11/13/2004 03:28:19","EST","N.Y.C._LONGIL",,5946
"11/13/2004 03:28:19","EST","NORTH",61755,718
"11/13/2004 03:28:19","EST","WEST",61752,1547
"11/13/2004 03:31:49","EST","CAPITL",61757,1047
"11/13/2004 03:31:49","EST","CENTRL",61754,1628
"11/13/2004 03:31:49","EST","DUNWOD",61760,533
"11/13/2004 03:31:49","EST","GENESE",61753,878
"11/13/2004 03:31:49","EST","HUD VL",61758,984
"11/13/2004 03:31:49","EST","MHK VL",61756,670
"11/13/2004 03:31:49","EST","MILLWD",61759,169
"11/13/2004 03:31:49","EST","N.Y.C._LONGIL",,5954
"11/13/2004 03:31:49","EST","NORTH",61755,718
"11/13/2004 03:31:49","EST","WEST",61752,1552
"11/13/2004 03:36:49","EST","CAPITL",61757,1048
"11/13/2004 03:36:49","EST","CENTRL",61754,1645
"11/13/2004 03:36:49","EST","DUNWOD",61760,536
"11/13/2004 03:36:49","EST","GENESE",61753,875
"11/13/2004 03:36:49","EST","HUD VL",61758,976
"11/13/2004 03:36:49","EST","MHK VL",61756,671
"11/13/2004 03:36:49","EST","MILLWD",61759,163
"11/13/2004 03:36:49","EST","N.Y.C._LONGIL",,5940
"11/13/2004 03:36:49","EST","NORTH",61755,724
"11/13/2004 03:36:49","EST","WEST",61752,1531
"11/13/2004 03:41:49","EST","CAPITL",61757,1037
"11/13/2004 03:41:49","EST","CENTRL",61754,1594
"11/13/2004 03:41:49","EST","DUNWOD",61760,526
"11/13/2004 03:41:49","EST","GENESE",61753,875
"11/13/2004 03:41:49","EST","HUD VL",61758,977
"11/13/2004 03:41:49","EST","MHK VL",61756,671
"11/13/2004 03:41:49","EST","MILLWD",61759,170
"11/13/2004 03:41:49","EST","N.Y.C._LONGIL",,5920
"11/13/2004 03:41:49","EST","NORTH",61755,713
"11/13/2004 03:41:49","EST","WEST",61752,1547
"11/13/2004 03:46:49","EST","CAPITL",61757,1050
"11/13/2004 03:46:49","EST","CENTRL",61754,1631
"11/13/2004 03:46:49","EST","DUNWOD",61760,528
"11/13/2004 03:46:49","EST","GENESE",61753,876
"11/13/2004 03:46:49","EST","HUD VL",61758,991
"11/13/2004 03:46:49","EST","MHK VL",61756,663
"11/13/2004 03:46:49","EST","MILLWD",61759,160
"11/13/2004 03:46:49","EST","N.Y.C._LONGIL",,5916
"11/13/2004 03:46:49","EST","NORTH",61755,718
"11/13/2004 03:46:49","EST","WEST",61752,1534
"11/13/2004 03:51:49","EST","CAPITL",61757,1044
"11/13/2004 03:51:49","EST","CENTRL",61754,1629
"11/13/2004 03:51:49","EST","DUNWOD",61760,516
"11/13/2004 03:51:49","EST","GENESE",61753,883
"11/13/2004 03:51:49","EST","HUD VL",61758,994
"11/13/2004 03:51:49","EST","MHK VL",61756,673
"11/13/2004 03:51:49","EST","MILLWD",61759,166
"11/13/2004 03:51:49","EST","N.Y.C._LONGIL",,5925
"11/13/2004 03:51:49","EST","NORTH",61755,716
"11/13/2004 03:51:49","EST","WEST",61752,1522
"11/13/2004 03:55:19","EST","CAPITL",61757,1044
"11/13/2004 03:55:19","EST","CENTRL",61754,1649
"11/13/2004 03:55:19","EST","DUNWOD",61760,524
"11/13/2004 03:55:19","EST","GENESE",61753,881
"11/13/2004 03:55:19","EST","HUD VL",61758,969
"11/13/2004 03:55:19","EST","MHK VL",61756,663
"11/13/2004 03:55:19","EST","MILLWD",61759,168
"11/13/2004 03:55:19","EST","N.Y.C._LONGIL",,5935
"11/13/2004 03:55:19","EST","NORTH",61755,713
"11/13/2004 03:55:19","EST","WEST",61752,1502
"11/13/2004 04:00:00","EST","CAPITL",61757,1051
"11/13/2004 04:00:00","EST","CENTRL",61754,1641
"11/13/2004 04:00:00","EST","DUNWOD",61760,523
"11/13/2004 04:00:00","EST","GENESE",61753,879
"11/13/2004 04:00:00","EST","HUD VL",61758,992
"11/13/2004 04:00:00","EST","MHK VL",61756,667
"11/13/2004 04:00:00","EST","MILLWD",61759,163
"11/13/2004 04:00:00","EST","N.Y.C._LONGIL",,5913
"11/13/2004 04:00:00","EST","NORTH",61755,716
"11/13/2004 04:00:00","EST","WEST",61752,1513
"11/13/2004 04:00:49","EST","CAPITL",61757,1050
"11/13/2004 04:00:49","EST","CENTRL",61754,1641
"11/13/2004 04:00:49","EST","DUNWOD",61760,524
"11/13/2004 04:00:49","EST","GENESE",61753,870
"11/13/2004 04:00:49","EST","HUD VL",61758,964
"11/13/2004 04:00:49","EST","MHK VL",61756,677
"11/13/2004 04:00:49","EST","MILLWD",61759,166
"11/13/2004 04:00:49","EST","N.Y.C._LONGIL",,5922
"11/13/2004 04:00:49","EST","NORTH",61755,720
"11/13/2004 04:00:49","EST","WEST",61752,1537
"11/13/2004 04:05:19","EST","CAPITL",61757,1044
"11/13/2004 04:05:19","EST","CENTRL",61754,1610
"11/13/2004 04:05:19","EST","DUNWOD",61760,526
"11/13/2004 04:05:19","EST","GENESE",61753,875
"11/13/2004 04:05:19","EST","HUD VL",61758,966
"11/13/2004 04:05:19","EST","MHK VL",61756,673
"11/13/2004 04:05:19","EST","MILLWD",61759,165
"11/13/2004 04:05:19","EST","N.Y.C._LONGIL",,5925
"11/13/2004 04:05:19","EST","NORTH",61755,717
"11/13/2004 04:05:19","EST","WEST",61752,1541
"11/13/2004 04:10:19","EST","CAPITL",61757,1035
"11/13/2004 04:10:19","EST","CENTRL",61754,1606
"11/13/2004 04:10:19","EST","DUNWOD",61760,522
"11/13/2004 04:10:19","EST","GENESE",61753,881
"11/13/2004 04:10:19","EST","HUD VL",61758,981
"11/13/2004 04:10:19","EST","MHK VL",61756,669
"11/13/2004 04:10:19","EST","MILLWD",61759,166
"11/13/2004 04:10:19","EST","N.Y.C._LONGIL",,5922
"11/13/2004 04:10:19","EST","NORTH",61755,718
"11/13/2004 04:10:19","EST","WEST",61752,1516
"11/13/2004 04:11:49","EST","CAPITL",61757,1038
"11/13/2004 04:11:49","EST","CENTRL",61754,1666
"11/13/2004 04:11:49","EST","DUNWOD",61760,527
"11/13/2004 04:11:49","EST","GENESE",61753,878
"11/13/2004 04:11:49","EST","HUD VL",61758,973
"11/13/2004 04:11:49","EST","MHK VL",61756,668
"11/13/2004 04:11:49","EST","MILLWD",61759,167
"11/13/2004 04:11:49","EST","N.Y.C._LONGIL",,5907
"11/13/2004 04:11:49","EST","NORTH",61755,723
"11/13/2004 04:11:49","EST","WEST",61752,1525
"11/13/2004 04:16:49","EST","CAPITL",61757,1059
"11/13/2004 04:16:49","EST","CENTRL",61754,1671
"11/13/2004 04:16:49","EST","DUNWOD",61760,527
"11/13/2004 04:16:49","EST","GENESE",61753,872
"11/13/2004 04:16:49","EST","HUD VL",61758,960
"11/13/2004 04:16:49","EST","MHK VL",61756,673
"11/13/2004 04:16:49","EST","MILLWD",61759,163
"11/13/2004 04:16:49","EST","N.Y.C._LONGIL",,5922
"11/13/2004 04:16:49","EST","NORTH",61755,720
"11/13/2004 04:16:49","EST","WEST",61752,1537
"11/13/2004 04:18:19","EST","CAPITL",61757,1051
"11/13/2004 04:18:19","EST","CENTRL",61754,1650
"11/13/2004 04:18:19","EST","DUNWOD",61760,540
"11/13/2004 04:18:19","EST","GENESE",61753,883
"11/13/2004 04:18:19","EST","HUD VL",61758,953
"11/13/2004 04:18:19","EST","MHK VL",61756,677
"11/13/2004 04:18:19","EST","MILLWD",61759,165
"11/13/2004 04:18:19","EST","N.Y.C._LONGIL",,5900
"11/13/2004 04:18:19","EST","NORTH",61755,716
"11/13/2004 04:18:19","EST","WEST",61752,1520
"11/13/2004 04:23:19","EST","CAPITL",61757,1047
"11/13/2004 04:23:19","EST","CENTRL",61754,1667
"11/13/2004 04:23:19","EST","DUNWOD",61760,525
"11/13/2004 04:23:19","EST","GENESE",61753,879
"11/13/2004 04:23:19","EST","HUD VL",61758,963
"11/13/2004 04:23:19","EST","MHK VL",61756,682
"11/13/2004 04:23:19","EST","MILLWD",61759,162
"11/13/2004 04:23:19","EST","N.Y.C._LONGIL",,5930
"11/13/2004 04:23:19","EST","NORTH",61755,716
"11/13/2004 04:23:19","EST","WEST",61752,1547
"11/13/2004 04:26:49","EST","CAPITL",61757,1048
"11/13/2004 04:26:49","EST","CENTRL",61754,1625
"11/13/2004 04:26:49","EST","DUNWOD",61760,528
"11/13/2004 04:26:49","EST","GENESE",61753,877
"11/13/2004 04:26:49","EST","HUD VL",61758,979
"11/13/2004 04:26:49","EST","MHK VL",61756,676
"11/13/2004 04:26:49","EST","MILLWD",61759,163
"11/13/2004 04:26:49","EST","N.Y.C._LONGIL",,5925
"11/13/2004 04:26:49","EST","NORTH",61755,717
"11/13/2004 04:26:49","EST","WEST",61752,1544
"11/13/2004 04:31:49","EST","CAPITL",61757,1045
"11/13/2004 04:31:49","EST","CENTRL",61754,1663
"11/13/2004 04:31:49","EST","DUNWOD",61760,523
"11/13/2004 04:31:49","EST","GENESE",61753,871
"11/13/2004 04:31:49","EST","HUD VL",61758,984
"11/13/2004 04:31:49","EST","MHK VL",61756,676
"11/13/2004 04:31:49","EST","MILLWD",61759,168
"11/13/2004 04:31:49","EST","N.Y.C._LONGIL",,5930
"11/13/2004 04:31:49","EST","NORTH",61755,731
"11/13/2004 04:31:49","EST","WEST",61752,1559
"11/13/2004 04:36:49","EST","CAPITL",61757,1052
"11/13/2004 04:36:49","EST","CENTRL",61754,1637
"11/13/2004 04:36:49","EST","DUNWOD",61760,525
"11/13/2004 04:36:49","EST","GENESE",61753,885
"11/13/2004 04:36:49","EST","HUD VL",61758,969
"11/13/2004 04:36:49","EST","MHK VL",61756,682
"11/13/2004 04:36:49","EST","MILLWD",61759,165
"11/13/2004 04:36:49","EST","N.Y.C._LONGIL",,5926
"11/13/2004 04:36:49","EST","NORTH",61755,717
"11/13/2004 04:36:49","EST","WEST",61752,1543
"11/13/2004 04:41:49","EST","CAPITL",61757,1045
"11/13/2004 04:41:49","EST","CENTRL",61754,1664
"11/13/2004 04:41:49","EST","DUNWOD",61760,526
"11/13/2004 04:41:49","EST","GENESE",61753,877
"11/13/2004 04:41:49","EST","HUD VL",61758,974
"11/13/2004 04:41:49","EST","MHK VL",61756,684
"11/13/2004 04:41:49","EST","MILLWD",61759,168
"11/13/2004 04:41:49","EST","N.Y.C._LONGIL",,5927
"11/13/2004 04:41:49","EST","NORTH",61755,730
"11/13/2004 04:41:49","EST","WEST",61752,1560
"11/13/2004 04:46:49","EST","CAPITL",61757,1063
"11/13/2004 04:46:49","EST","CENTRL",61754,1626
"11/13/2004 04:46:49","EST","DUNWOD",61760,510
"11/13/2004 04:46:49","EST","GENESE",61753,886
"11/13/2004 04:46:49","EST","HUD VL",61758,1023
"11/13/2004 04:46:49","EST","MHK VL",61756,700
"11/13/2004 04:46:49","EST","MILLWD",61759,193
"11/13/2004 04:46:49","EST","N.Y.C._LONGIL",,5898
"11/13/2004 04:46:49","EST","NORTH",61755,716
"11/13/2004 04:46:49","EST","WEST",61752,1546
"11/13/2004 04:51:49","EST","CAPITL",61757,1056
"11/13/2004 04:51:49","EST","CENTRL",61754,1689
"11/13/2004 04:51:49","EST","DUNWOD",61760,480
"11/13/2004 04:51:49","EST","GENESE",61753,888
"11/13/2004 04:51:49","EST","HUD VL",61758,998
"11/13/2004 04:51:49","EST","MHK VL",61756,700
"11/13/2004 04:51:49","EST","MILLWD",61759,207
"11/13/2004 04:51:49","EST","N.Y.C._LONGIL",,5959
"11/13/2004 04:51:49","EST","NORTH",61755,686
"11/13/2004 04:51:49","EST","WEST",61752,1555
"11/13/2004 04:55:19","EST","CAPITL",61757,985
"11/13/2004 04:55:19","EST","CENTRL",61754,1637
"11/13/2004 04:55:19","EST","DUNWOD",61760,515
"11/13/2004 04:55:19","EST","GENESE",61753,906
"11/13/2004 04:55:19","EST","HUD VL",61758,969
"11/13/2004 04:55:19","EST","MHK VL",61756,679
"11/13/2004 04:55:19","EST","MILLWD",61759,208
"11/13/2004 04:55:19","EST","N.Y.C._LONGIL",,5906
"11/13/2004 04:55:19","EST","NORTH",61755,694
"11/13/2004 04:55:19","EST","WEST",61752,1515
"11/13/2004 05:00:00","EST","CAPITL",61757,1067
"11/13/2004 05:00:00","EST","CENTRL",61754,1686
"11/13/2004 05:00:00","EST","DUNWOD",61760,496
"11/13/2004 05:00:00","EST","GENESE",61753,888
"11/13/2004 05:00:00","EST","HUD VL",61758,992
"11/13/2004 05:00:00","EST","MHK VL",61756,700
"11/13/2004 05:00:00","EST","MILLWD",61759,215
"11/13/2004 05:00:00","EST","N.Y.C._LONGIL",,5944
"11/13/2004 05:00:00","EST","NORTH",61755,702
"11/13/2004 05:00:00","EST","WEST",61752,1563
"11/13/2004 05:00:49","EST","CAPITL",61757,1078
"11/13/2004 05:00:49","EST","CENTRL",61754,1690
"11/13/2004 05:00:49","EST","DUNWOD",61760,501
"11/13/2004 05:00:49","EST","GENESE",61753,908
"11/13/2004 05:00:49","EST","HUD VL",61758,996
"11/13/2004 05:00:49","EST","MHK VL",61756,691
"11/13/2004 05:00:49","EST","MILLWD",61759,210
"11/13/2004 05:00:49","EST","N.Y.C._LONGIL",,5968
"11/13/2004 05:00:49","EST","NORTH",61755,726
"11/13/2004 05:00:49","EST","WEST",61752,1545
"11/13/2004 05:05:19","EST","CAPITL",61757,1073
"11/13/2004 05:05:19","EST","CENTRL",61754,1697
"11/13/2004 05:05:19","EST","DUNWOD",61760,498
"11/13/2004 05:05:19","EST","GENESE",61753,901
"11/13/2004 05:05:19","EST","HUD VL",61758,986
"11/13/2004 05:05:19","EST","MHK VL",61756,689
"11/13/2004 05:05:19","EST","MILLWD",61759,209
"11/13/2004 05:05:19","EST","N.Y.C._LONGIL",,5989
"11/13/2004 05:05:19","EST","NORTH",61755,731
"11/13/2004 05:05:19","EST","WEST",61752,1562
"11/13/2004 05:06:49","EST","CAPITL",61757,1081
"11/13/2004 05:06:49","EST","CENTRL",61754,1645
"11/13/2004 05:06:49","EST","DUNWOD",61760,493
"11/13/2004 05:06:49","EST","GENESE",61753,907
"11/13/2004 05:06:49","EST","HUD VL",61758,995
"11/13/2004 05:06:49","EST","MHK VL",61756,690
"11/13/2004 05:06:49","EST","MILLWD",61759,216
"11/13/2004 05:06:49","EST","N.Y.C._LONGIL",,5991
"11/13/2004 05:06:49","EST","NORTH",61755,742
"11/13/2004 05:06:49","EST","WEST",61752,1574
"11/13/2004 05:11:49","EST","CAPITL",61757,1078
"11/13/2004 05:11:49","EST","CENTRL",61754,1670
"11/13/2004 05:11:49","EST","DUNWOD",61760,509
"11/13/2004 05:11:49","EST","GENESE",61753,901
"11/13/2004 05:11:49","EST","HUD VL",61758,1006
"11/13/2004 05:11:49","EST","MHK VL",61756,695
"11/13/2004 05:11:49","EST","MILLWD",61759,198
"11/13/2004 05:11:49","EST","N.Y.C._LONGIL",,6013
"11/13/2004 05:11:49","EST","NORTH",61755,734
"11/13/2004 05:11:49","EST","WEST",61752,1560
"11/13/2004 05:16:19","EST","CAPITL",61757,1072
"11/13/2004 05:16:19","EST","CENTRL",61754,1709
"11/13/2004 05:16:19","EST","DUNWOD",61760,488
"11/13/2004 05:16:19","EST","GENESE",61753,914
"11/13/2004 05:16:19","EST","HUD VL",61758,1005
"11/13/2004 05:16:19","EST","MHK VL",61756,696
"11/13/2004 05:16:19","EST","MILLWD",61759,222
"11/13/2004 05:16:19","EST","N.Y.C._LONGIL",,6015
"11/13/2004 05:16:19","EST","NORTH",61755,730
"11/13/2004 05:16:19","EST","WEST",61752,1573
"11/13/2004 05:21:19","EST","CAPITL",61757,1076
"11/13/2004 05:21:19","EST","CENTRL",61754,1672
"11/13/2004 05:21:19","EST","DUNWOD",61760,495
"11/13/2004 05:21:19","EST","GENESE",61753,915
"11/13/2004 05:21:19","EST","HUD VL",61758,1005
"11/13/2004 05:21:19","EST","MHK VL",61756,712
"11/13/2004 05:21:19","EST","MILLWD",61759,220
"11/13/2004 05:21:19","EST","N.Y.C._LONGIL",,6025
"11/13/2004 05:21:19","EST","NORTH",61755,725
"11/13/2004 05:21:19","EST","WEST",61752,1556
"11/13/2004 05:22:49","EST","CAPITL",61757,1095
"11/13/2004 05:22:49","EST","CENTRL",61754,1698
"11/13/2004 05:22:49","EST","DUNWOD",61760,488
"11/13/2004 05:22:49","EST","GENESE",61753,908
"11/13/2004 05:22:49","EST","HUD VL",61758,1020
"11/13/2004 05:22:49","EST","MHK VL",61756,703
"11/13/2004 05:22:49","EST","MILLWD",61759,228
"11/13/2004 05:22:49","EST","N.Y.C._LONGIL",,6037
"11/13/2004 05:22:49","EST","NORTH",61755,737
"11/13/2004 05:22:49","EST","WEST",61752,1563
"11/13/2004 05:27:19","EST","CAPITL",61757,1097
"11/13/2004 05:27:19","EST","CENTRL",61754,1660
"11/13/2004 05:27:19","EST","DUNWOD",61760,484
"11/13/2004 05:27:19","EST","GENESE",61753,922
"11/13/2004 05:27:19","EST","HUD VL",61758,1006
"11/13/2004 05:27:19","EST","MHK VL",61756,708
"11/13/2004 05:27:19","EST","MILLWD",61759,224
"11/13/2004 05:27:19","EST","N.Y.C._LONGIL",,6066
"11/13/2004 05:27:19","EST","NORTH",61755,727
"11/13/2004 05:27:19","EST","WEST",61752,1571
"11/13/2004 05:32:19","EST","CAPITL",61757,1097
"11/13/2004 05:32:19","EST","CENTRL",61754,1669
"11/13/2004 05:32:19","EST","DUNWOD",61760,485
"11/13/2004 05:32:19","EST","GENESE",61753,912
"11/13/2004 05:32:19","EST","HUD VL",61758,1000
"11/13/2004 05:32:19","EST","MHK VL",61756,705
"11/13/2004 05:32:19","EST","MILLWD",61759,225
"11/13/2004 05:32:19","EST","N.Y.C._LONGIL",,6060
"11/13/2004 05:32:19","EST","NORTH",61755,734
"11/13/2004 05:32:19","EST","WEST",61752,1580
"11/13/2004 05:33:49","EST","CAPITL",61757,1087
"11/13/2004 05:33:49","EST","CENTRL",61754,1694
"11/13/2004 05:33:49","EST","DUNWOD",61760,489
"11/13/2004 05:33:49","EST","GENESE",61753,917
"11/13/2004 05:33:49","EST","HUD VL",61758,1000
"11/13/2004 05:33:49","EST","MHK VL",61756,732
"11/13/2004 05:33:49","EST","MILLWD",61759,230
"11/13/2004 05:33:49","EST","N.Y.C._LONGIL",,6075
"11/13/2004 05:33:49","EST","NORTH",61755,741
"11/13/2004 05:33:49","EST","WEST",61752,1621
"11/13/2004 05:38:49","EST","CAPITL",61757,1098
"11/13/2004 05:38:49","EST","CENTRL",61754,1697
"11/13/2004 05:38:49","EST","DUNWOD",61760,490
"11/13/2004 05:38:49","EST","GENESE",61753,931
"11/13/2004 05:38:49","EST","HUD VL",61758,1019
"11/13/2004 05:38:49","EST","MHK VL",61756,712
"11/13/2004 05:38:49","EST","MILLWD",61759,220
"11/13/2004 05:38:49","EST","N.Y.C._LONGIL",,6121
"11/13/2004 05:38:49","EST","NORTH",61755,726
"11/13/2004 05:38:49","EST","WEST",61752,1592
"11/13/2004 05:40:19","EST","CAPITL",61757,1101
"11/13/2004 05:40:19","EST","CENTRL",61754,1715
"11/13/2004 05:40:19","EST","DUNWOD",61760,489
"11/13/2004 05:40:19","EST","GENESE",61753,919
"11/13/2004 05:40:19","EST","HUD VL",61758,1018
"11/13/2004 05:40:19","EST","MHK VL",61756,720
"11/13/2004 05:40:19","EST","MILLWD",61759,222
"11/13/2004 05:40:19","EST","N.Y.C._LONGIL",,6114
"11/13/2004 05:40:19","EST","NORTH",61755,733
"11/13/2004 05:40:19","EST","WEST",61752,1580
"11/13/2004 05:45:19","EST","CAPITL",61757,1105
"11/13/2004 05:45:19","EST","CENTRL",61754,1721
"11/13/2004 05:45:19","EST","DUNWOD",61760,472
"11/13/2004 05:45:19","EST","GENESE",61753,924
"11/13/2004 05:45:19","EST","HUD VL",61758,1011
"11/13/2004 05:45:19","EST","MHK VL",61756,719
"11/13/2004 05:45:19","EST","MILLWD",61759,220
"11/13/2004 05:45:19","EST","N.Y.C._LONGIL",,6126
"11/13/2004 05:45:19","EST","NORTH",61755,728
"11/13/2004 05:45:19","EST","WEST",61752,1593
"11/13/2004 05:46:49","EST","CAPITL",61757,1104
"11/13/2004 05:46:49","EST","CENTRL",61754,1718
"11/13/2004 05:46:49","EST","DUNWOD",61760,494
"11/13/2004 05:46:49","EST","GENESE",61753,936
"11/13/2004 05:46:49","EST","HUD VL",61758,1018
"11/13/2004 05:46:49","EST","MHK VL",61756,727
"11/13/2004 05:46:49","EST","MILLWD",61759,224
"11/13/2004 05:46:49","EST","N.Y.C._LONGIL",,6130
"11/13/2004 05:46:49","EST","NORTH",61755,736
"11/13/2004 05:46:49","EST","WEST",61752,1588
"11/13/2004 05:51:49","EST","CAPITL",61757,1108
"11/13/2004 05:51:49","EST","CENTRL",61754,1731
"11/13/2004 05:51:49","EST","DUNWOD",61760,484
"11/13/2004 05:51:49","EST","GENESE",61753,928
"11/13/2004 05:51:49","EST","HUD VL",61758,1011
"11/13/2004 05:51:49","EST","MHK VL",61756,728
"11/13/2004 05:51:49","EST","MILLWD",61759,223
"11/13/2004 05:51:49","EST","N.Y.C._LONGIL",,6140
"11/13/2004 05:51:49","EST","NORTH",61755,743
"11/13/2004 05:51:49","EST","WEST",61752,1600
"11/13/2004 05:53:19","EST","CAPITL",61757,1133
"11/13/2004 05:53:19","EST","CENTRL",61754,1682
"11/13/2004 05:53:19","EST","DUNWOD",61760,485
"11/13/2004 05:53:19","EST","GENESE",61753,929
"11/13/2004 05:53:19","EST","HUD VL",61758,1021
"11/13/2004 05:53:19","EST","MHK VL",61756,721
"11/13/2004 05:53:19","EST","MILLWD",61759,226
"11/13/2004 05:53:19","EST","N.Y.C._LONGIL",,6147
"11/13/2004 05:53:19","EST","NORTH",61755,739
"11/13/2004 05:53:19","EST","WEST",61752,1588
"11/13/2004 05:55:19","EST","CAPITL",61757,904
"11/13/2004 05:55:19","EST","CENTRL",61754,1670
"11/13/2004 05:55:19","EST","DUNWOD",61760,515
"11/13/2004 05:55:19","EST","GENESE",61753,945
"11/13/2004 05:55:19","EST","HUD VL",61758,1035
"11/13/2004 05:55:19","EST","MHK VL",61756,792
"11/13/2004 05:55:19","EST","MILLWD",61759,229
"11/13/2004 05:55:19","EST","N.Y.C._LONGIL",,6140
"11/13/2004 05:55:19","EST","NORTH",61755,726
"11/13/2004 05:55:19","EST","WEST",61752,1581
"11/13/2004 06:00:00","EST","CAPITL",61757,1123
"11/13/2004 06:00:00","EST","CENTRL",61754,1702
"11/13/2004 06:00:00","EST","DUNWOD",61760,492
"11/13/2004 06:00:00","EST","GENESE",61753,949
"11/13/2004 06:00:00","EST","HUD VL",61758,1030
"11/13/2004 06:00:00","EST","MHK VL",61756,724
"11/13/2004 06:00:00","EST","MILLWD",61759,233
"11/13/2004 06:00:00","EST","N.Y.C._LONGIL",,6203
"11/13/2004 06:00:00","EST","NORTH",61755,746
"11/13/2004 06:00:00","EST","WEST",61752,1596
"11/13/2004 06:00:49","EST","CAPITL",61757,1127
"11/13/2004 06:00:49","EST","CENTRL",61754,1729
"11/13/2004 06:00:49","EST","DUNWOD",61760,486
"11/13/2004 06:00:49","EST","GENESE",61753,945
"11/13/2004 06:00:49","EST","HUD VL",61758,1041
"11/13/2004 06:00:49","EST","MHK VL",61756,736
"11/13/2004 06:00:49","EST","MILLWD",61759,238
"11/13/2004 06:00:49","EST","N.Y.C._LONGIL",,6251
"11/13/2004 06:00:49","EST","NORTH",61755,751
"11/13/2004 06:00:49","EST","WEST",61752,1623
"11/13/2004 06:05:19","EST","CAPITL",61757,1129
"11/13/2004 06:05:19","EST","CENTRL",61754,1754
"11/13/2004 06:05:19","EST","DUNWOD",61760,497
"11/13/2004 06:05:19","EST","GENESE",61753,950
"11/13/2004 06:05:19","EST","HUD VL",61758,1033
"11/13/2004 06:05:19","EST","MHK VL",61756,740
"11/13/2004 06:05:19","EST","MILLWD",61759,237
"11/13/2004 06:05:19","EST","N.Y.C._LONGIL",,6261
"11/13/2004 06:05:19","EST","NORTH",61755,755
"11/13/2004 06:05:19","EST","WEST",61752,1646
"11/13/2004 06:10:19","EST","CAPITL",61757,1157
"11/13/2004 06:10:19","EST","CENTRL",61754,1757
"11/13/2004 06:10:19","EST","DUNWOD",61760,508
"11/13/2004 06:10:19","EST","GENESE",61753,953
"11/13/2004 06:10:19","EST","HUD VL",61758,1048
"11/13/2004 06:10:19","EST","MHK VL",61756,744
"11/13/2004 06:10:19","EST","MILLWD",61759,234
"11/13/2004 06:10:19","EST","N.Y.C._LONGIL",,6271
"11/13/2004 06:10:19","EST","NORTH",61755,744
"11/13/2004 06:10:19","EST","WEST",61752,1647
"11/13/2004 06:11:49","EST","CAPITL",61757,1164
"11/13/2004 06:11:49","EST","CENTRL",61754,1783
"11/13/2004 06:11:49","EST","DUNWOD",61760,508
"11/13/2004 06:11:49","EST","GENESE",61753,963
"11/13/2004 06:11:49","EST","HUD VL",61758,1027
"11/13/2004 06:11:49","EST","MHK VL",61756,748
"11/13/2004 06:11:49","EST","MILLWD",61759,243
"11/13/2004 06:11:49","EST","N.Y.C._LONGIL",,6307
"11/13/2004 06:11:49","EST","NORTH",61755,743
"11/13/2004 06:11:49","EST","WEST",61752,1631
"11/13/2004 06:16:49","EST","CAPITL",61757,1164
"11/13/2004 06:16:49","EST","CENTRL",61754,1789
"11/13/2004 06:16:49","EST","DUNWOD",61760,528
"11/13/2004 06:16:49","EST","GENESE",61753,970
"11/13/2004 06:16:49","EST","HUD VL",61758,1042
"11/13/2004 06:16:49","EST","MHK VL",61756,746
"11/13/2004 06:16:49","EST","MILLWD",61759,237
"11/13/2004 06:16:49","EST","N.Y.C._LONGIL",,6286
"11/13/2004 06:16:49","EST","NORTH",61755,742
"11/13/2004 06:16:49","EST","WEST",61752,1626
"11/13/2004 06:18:19","EST","CAPITL",61757,1160
"11/13/2004 06:18:19","EST","CENTRL",61754,1774
"11/13/2004 06:18:19","EST","DUNWOD",61760,513
"11/13/2004 06:18:19","EST","GENESE",61753,966
"11/13/2004 06:18:19","EST","HUD VL",61758,1039
"11/13/2004 06:18:19","EST","MHK VL",61756,747
"11/13/2004 06:18:19","EST","MILLWD",61759,245
"11/13/2004 06:18:19","EST","N.Y.C._LONGIL",,6301
"11/13/2004 06:18:19","EST","NORTH",61755,747
"11/13/2004 06:18:19","EST","WEST",61752,1643
"11/13/2004 06:19:49","EST","CAPITL",61757,1166
"11/13/2004 06:19:49","EST","CENTRL",61754,1764
"11/13/2004 06:19:49","EST","DUNWOD",61760,506
"11/13/2004 06:19:49","EST","GENESE",61753,972
"11/13/2004 06:19:49","EST","HUD VL",61758,1062
"11/13/2004 06:19:49","EST","MHK VL",61756,758
"11/13/2004 06:19:49","EST","MILLWD",61759,241
"11/13/2004 06:19:49","EST","N.Y.C._LONGIL",,6333
"11/13/2004 06:19:49","EST","NORTH",61755,745
"11/13/2004 06:19:49","EST","WEST",61752,1638
"11/13/2004 06:24:49","EST","CAPITL",61757,1168
"11/13/2004 06:24:49","EST","CENTRL",61754,1806
"11/13/2004 06:24:49","EST","DUNWOD",61760,510
"11/13/2004 06:24:49","EST","GENESE",61753,979
"11/13/2004 06:24:49","EST","HUD VL",61758,1054
"11/13/2004 06:24:49","EST","MHK VL",61756,752
"11/13/2004 06:24:49","EST","MILLWD",61759,245
"11/13/2004 06:24:49","EST","N.Y.C._LONGIL",,6343
"11/13/2004 06:24:49","EST","NORTH",61755,754
"11/13/2004 06:24:49","EST","WEST",61752,1653
"11/13/2004 06:29:49","EST","CAPITL",61757,1179
"11/13/2004 06:29:49","EST","CENTRL",61754,1815
"11/13/2004 06:29:49","EST","DUNWOD",61760,516
"11/13/2004 06:29:49","EST","GENESE",61753,989
"11/13/2004 06:29:49","EST","HUD VL",61758,1047
"11/13/2004 06:29:49","EST","MHK VL",61756,766
"11/13/2004 06:29:49","EST","MILLWD",61759,242
"11/13/2004 06:29:49","EST","N.Y.C._LONGIL",,6354
"11/13/2004 06:29:49","EST","NORTH",61755,738
"11/13/2004 06:29:49","EST","WEST",61752,1637
"11/13/2004 06:31:19","EST","CAPITL",61757,1176
"11/13/2004 06:31:19","EST","CENTRL",61754,1768
"11/13/2004 06:31:19","EST","DUNWOD",61760,512
"11/13/2004 06:31:19","EST","GENESE",61753,1003
"11/13/2004 06:31:19","EST","HUD VL",61758,1063
"11/13/2004 06:31:19","EST","MHK VL",61756,765
"11/13/2004 06:31:19","EST","MILLWD",61759,242
"11/13/2004 06:31:19","EST","N.Y.C._LONGIL",,6356
"11/13/2004 06:31:19","EST","NORTH",61755,743
"11/13/2004 06:31:19","EST","WEST",61752,1641
"11/13/2004 06:32:49","EST","CAPITL",61757,1180
"11/13/2004 06:32:49","EST","CENTRL",61754,1812
"11/13/2004 06:32:49","EST","DUNWOD",61760,513
"11/13/2004 06:32:49","EST","GENESE",61753,993
"11/13/2004 06:32:49","EST","HUD VL",61758,1051
"11/13/2004 06:32:49","EST","MHK VL",61756,776
"11/13/2004 06:32:49","EST","MILLWD",61759,247
"11/13/2004 06:32:49","EST","N.Y.C._LONGIL",,6368
"11/13/2004 06:32:49","EST","NORTH",61755,746
"11/13/2004 06:32:49","EST","WEST",61752,1662
"11/13/2004 06:34:19","EST","CAPITL",61757,1162
"11/13/2004 06:34:19","EST","CENTRL",61754,1822
"11/13/2004 06:34:19","EST","DUNWOD",61760,511
"11/13/2004 06:34:19","EST","GENESE",61753,994
"11/13/2004 06:34:19","EST","HUD VL",61758,1042
"11/13/2004 06:34:19","EST","MHK VL",61756,770
"11/13/2004 06:34:19","EST","MILLWD",61759,252
"11/13/2004 06:34:19","EST","N.Y.C._LONGIL",,6397
"11/13/2004 06:34:19","EST","NORTH",61755,747
"11/13/2004 06:34:19","EST","WEST",61752,1633
"11/13/2004 06:39:19","EST","CAPITL",61757,1173
"11/13/2004 06:39:19","EST","CENTRL",61754,1824
"11/13/2004 06:39:19","EST","DUNWOD",61760,522
"11/13/2004 06:39:19","EST","GENESE",61753,1002
"11/13/2004 06:39:19","EST","HUD VL",61758,1059
"11/13/2004 06:39:19","EST","MHK VL",61756,774
"11/13/2004 06:39:19","EST","MILLWD",61759,241
"11/13/2004 06:39:19","EST","N.Y.C._LONGIL",,6398
"11/13/2004 06:39:19","EST","NORTH",61755,741
"11/13/2004 06:39:19","EST","WEST",61752,1654
"11/13/2004 06:40:49","EST","CAPITL",61757,1162
"11/13/2004 06:40:49","EST","CENTRL",61754,1842
"11/13/2004 06:40:49","EST","DUNWOD",61760,504
"11/13/2004 06:40:49","EST","GENESE",61753,1008
"11/13/2004 06:40:49","EST","HUD VL",61758,1067
"11/13/2004 06:40:49","EST","MHK VL",61756,762
"11/13/2004 06:40:49","EST","MILLWD",61759,242
"11/13/2004 06:40:49","EST","N.Y.C._LONGIL",,6392
"11/13/2004 06:40:49","EST","NORTH",61755,748
"11/13/2004 06:40:49","EST","WEST",61752,1690
"11/13/2004 06:42:19","EST","CAPITL",61757,1186
"11/13/2004 06:42:19","EST","CENTRL",61754,1815
"11/13/2004 06:42:19","EST","DUNWOD",61760,526
"11/13/2004 06:42:19","EST","GENESE",61753,1003
"11/13/2004 06:42:19","EST","HUD VL",61758,1050
"11/13/2004 06:42:19","EST","MHK VL",61756,770
"11/13/2004 06:42:19","EST","MILLWD",61759,245
"11/13/2004 06:42:19","EST","N.Y.C._LONGIL",,6390
"11/13/2004 06:42:19","EST","NORTH",61755,744
"11/13/2004 06:42:19","EST","WEST",61752,1656
"11/13/2004 06:43:49","EST","CAPITL",61757,1177
"11/13/2004 06:43:49","EST","CENTRL",61754,1787
"11/13/2004 06:43:49","EST","DUNWOD",61760,522
"11/13/2004 06:43:49","EST","GENESE",61753,1013
"11/13/2004 06:43:49","EST","HUD VL",61758,1047
"11/13/2004 06:43:49","EST","MHK VL",61756,771
"11/13/2004 06:43:49","EST","MILLWD",61759,242
"11/13/2004 06:43:49","EST","N.Y.C._LONGIL",,6401
"11/13/2004 06:43:49","EST","NORTH",61755,744
"11/13/2004 06:43:49","EST","WEST",61752,1656
"11/13/2004 06:45:19","EST","CAPITL",61757,1175
"11/13/2004 06:45:19","EST","CENTRL",61754,1778
"11/13/2004 06:45:19","EST","DUNWOD",61760,517
"11/13/2004 06:45:19","EST","GENESE",61753,1012
"11/13/2004 06:45:19","EST","HUD VL",61758,1065
"11/13/2004 06:45:19","EST","MHK VL",61756,769
"11/13/2004 06:45:19","EST","MILLWD",61759,257
"11/13/2004 06:45:19","EST","N.Y.C._LONGIL",,6393
"11/13/2004 06:45:19","EST","NORTH",61755,741
"11/13/2004 06:45:19","EST","WEST",61752,1665
"11/13/2004 06:46:49","EST","CAPITL",61757,1178
"11/13/2004 06:46:49","EST","CENTRL",61754,1792
"11/13/2004 06:46:49","EST","DUNWOD",61760,522
"11/13/2004 06:46:49","EST","GENESE",61753,1008
"11/13/2004 06:46:49","EST","HUD VL",61758,1064
"11/13/2004 06:46:49","EST","MHK VL",61756,775
"11/13/2004 06:46:49","EST","MILLWD",61759,247
"11/13/2004 06:46:49","EST","N.Y.C._LONGIL",,6423
"11/13/2004 06:46:49","EST","NORTH",61755,737
"11/13/2004 06:46:49","EST","WEST",61752,1677
"11/13/2004 06:48:19","EST","CAPITL",61757,1183
"11/13/2004 06:48:19","EST","CENTRL",61754,1792
"11/13/2004 06:48:19","EST","DUNWOD",61760,510
"11/13/2004 06:48:19","EST","GENESE",61753,1014
"11/13/2004 06:48:19","EST","HUD VL",61758,1064
"11/13/2004 06:48:19","EST","MHK VL",61756,776
"11/13/2004 06:48:19","EST","MILLWD",61759,251
"11/13/2004 06:48:19","EST","N.Y.C._LONGIL",,6428
"11/13/2004 06:48:19","EST","NORTH",61755,739
"11/13/2004 06:48:19","EST","WEST",61752,1672
"11/13/2004 06:49:49","EST","CAPITL",61757,1186
"11/13/2004 06:49:49","EST","CENTRL",61754,1824
"11/13/2004 06:49:49","EST","DUNWOD",61760,509
"11/13/2004 06:49:49","EST","GENESE",61753,1012
"11/13/2004 06:49:49","EST","HUD VL",61758,1056
"11/13/2004 06:49:49","EST","MHK VL",61756,774
"11/13/2004 06:49:49","EST","MILLWD",61759,244
"11/13/2004 06:49:49","EST","N.Y.C._LONGIL",,6452
"11/13/2004 06:49:49","EST","NORTH",61755,745
"11/13/2004 06:49:49","EST","WEST",61752,1682
"11/13/2004 06:51:19","EST","CAPITL",61757,1187
"11/13/2004 06:51:19","EST","CENTRL",61754,1816
"11/13/2004 06:51:19","EST","DUNWOD",61760,516
"11/13/2004 06:51:19","EST","GENESE",61753,1022
"11/13/2004 06:51:19","EST","HUD VL",61758,1055
"11/13/2004 06:51:19","EST","MHK VL",61756,782
"11/13/2004 06:51:19","EST","MILLWD",61759,255
"11/13/2004 06:51:19","EST","N.Y.C._LONGIL",,6446
"11/13/2004 06:51:19","EST","NORTH",61755,741
"11/13/2004 06:51:19","EST","WEST",61752,1671
"11/13/2004 06:53:19","EST","CAPITL",61757,1197
"11/13/2004 06:53:19","EST","CENTRL",61754,1823
"11/13/2004 06:53:19","EST","DUNWOD",61760,516
"11/13/2004 06:53:19","EST","GENESE",61753,1015
"11/13/2004 06:53:19","EST","HUD VL",61758,1050
"11/13/2004 06:53:19","EST","MHK VL",61756,779
"11/13/2004 06:53:19","EST","MILLWD",61759,258
"11/13/2004 06:53:19","EST","N.Y.C._LONGIL",,6448
"11/13/2004 06:53:19","EST","NORTH",61755,749
"11/13/2004 06:53:19","EST","WEST",61752,1675
"11/13/2004 06:54:49","EST","CAPITL",61757,1171
"11/13/2004 06:54:49","EST","CENTRL",61754,1831
"11/13/2004 06:54:49","EST","DUNWOD",61760,514
"11/13/2004 06:54:49","EST","GENESE",61753,1018
"11/13/2004 06:54:49","EST","HUD VL",61758,1076
"11/13/2004 06:54:49","EST","MHK VL",61756,785
"11/13/2004 06:54:49","EST","MILLWD",61759,256
"11/13/2004 06:54:49","EST","N.Y.C._LONGIL",,6457
"11/13/2004 06:54:49","EST","NORTH",61755,749
"11/13/2004 06:54:49","EST","WEST",61752,1674
"11/13/2004 06:56:19","EST","CAPITL",61757,1197
"11/13/2004 06:56:19","EST","CENTRL",61754,1825
"11/13/2004 06:56:19","EST","DUNWOD",61760,518
"11/13/2004 06:56:19","EST","GENESE",61753,1023
"11/13/2004 06:56:19","EST","HUD VL",61758,1050
"11/13/2004 06:56:19","EST","MHK VL",61756,778
"11/13/2004 06:56:19","EST","MILLWD",61759,257
"11/13/2004 06:56:19","EST","N.Y.C._LONGIL",,6468
"11/13/2004 06:56:19","EST","NORTH",61755,756
"11/13/2004 06:56:19","EST","WEST",61752,1647
"11/13/2004 06:57:49","EST","CAPITL",61757,1196
"11/13/2004 06:57:49","EST","CENTRL",61754,1829
"11/13/2004 06:57:49","EST","DUNWOD",61760,528
"11/13/2004 06:57:49","EST","GENESE",61753,1022
"11/13/2004 06:57:49","EST","HUD VL",61758,1064
"11/13/2004 06:57:49","EST","MHK VL",61756,782
"11/13/2004 06:57:49","EST","MILLWD",61759,257
"11/13/2004 06:57:49","EST","N.Y.C._LONGIL",,6483
"11/13/2004 06:57:49","EST","NORTH",61755,764
"11/13/2004 06:57:49","EST","WEST",61752,1686
"11/13/2004 07:00:00","EST","CAPITL",61757,1209
"11/13/2004 07:00:00","EST","CENTRL",61754,1841
"11/13/2004 07:00:00","EST","DUNWOD",61760,544
"11/13/2004 07:00:00","EST","GENESE",61753,1034
"11/13/2004 07:00:00","EST","HUD VL",61758,1059
"11/13/2004 07:00:00","EST","MHK VL",61756,775
"11/13/2004 07:00:00","EST","MILLWD",61759,261
"11/13/2004 07:00:00","EST","N.Y.C._LONGIL",,6515
"11/13/2004 07:00:00","EST","NORTH",61755,782
"11/13/2004 07:00:00","EST","WEST",61752,1659
"11/13/2004 07:00:49","EST","CAPITL",61757,1222
"11/13/2004 07:00:49","EST","CENTRL",61754,1835
"11/13/2004 07:00:49","EST","DUNWOD",61760,540
"11/13/2004 07:00:49","EST","GENESE",61753,1033
"11/13/2004 07:00:49","EST","HUD VL",61758,1070
"11/13/2004 07:00:49","EST","MHK VL",61756,758
"11/13/2004 07:00:49","EST","MILLWD",61759,266
"11/13/2004 07:00:49","EST","N.Y.C._LONGIL",,6501
"11/13/2004 07:00:49","EST","NORTH",61755,794
"11/13/2004 07:00:49","EST","WEST",61752,1652
"11/13/2004 07:01:49","EST","CAPITL",61757,1209
"11/13/2004 07:01:49","EST","CENTRL",61754,1842
"11/13/2004 07:01:49","EST","DUNWOD",61760,541
"11/13/2004 07:01:49","EST","GENESE",61753,1030
"11/13/2004 07:01:49","EST","HUD VL",61758,1064
"11/13/2004 07:01:49","EST","MHK VL",61756,788
"11/13/2004 07:01:49","EST","MILLWD",61759,264
"11/13/2004 07:01:49","EST","N.Y.C._LONGIL",,6507
"11/13/2004 07:01:49","EST","NORTH",61755,758
"11/13/2004 07:01:49","EST","WEST",61752,1667
"11/13/2004 07:03:19","EST","CAPITL",61757,1215
"11/13/2004 07:03:19","EST","CENTRL",61754,1850
"11/13/2004 07:03:19","EST","DUNWOD",61760,550
"11/13/2004 07:03:19","EST","GENESE",61753,1015
"11/13/2004 07:03:19","EST","HUD VL",61758,1087
"11/13/2004 07:03:19","EST","MHK VL",61756,799
"11/13/2004 07:03:19","EST","MILLWD",61759,265
"11/13/2004 07:03:19","EST","N.Y.C._LONGIL",,6555
"11/13/2004 07:03:19","EST","NORTH",61755,752
"11/13/2004 07:03:19","EST","WEST",61752,1694
"11/13/2004 07:08:19","EST","CAPITL",61757,1210
"11/13/2004 07:08:19","EST","CENTRL",61754,1812
"11/13/2004 07:08:19","EST","DUNWOD",61760,534
"11/13/2004 07:08:19","EST","GENESE",61753,1017
"11/13/2004 07:08:19","EST","HUD VL",61758,1087
"11/13/2004 07:08:19","EST","MHK VL",61756,802
"11/13/2004 07:08:19","EST","MILLWD",61759,271
"11/13/2004 07:08:19","EST","N.Y.C._LONGIL",,6579
"11/13/2004 07:08:19","EST","NORTH",61755,756
"11/13/2004 07:08:19","EST","WEST",61752,1681
"11/13/2004 07:09:49","EST","CAPITL",61757,1234
"11/13/2004 07:09:49","EST","CENTRL",61754,1853
"11/13/2004 07:09:49","EST","DUNWOD",61760,561
"11/13/2004 07:09:49","EST","GENESE",61753,1022
"11/13/2004 07:09:49","EST","HUD VL",61758,1093
"11/13/2004 07:09:49","EST","MHK VL",61756,802
"11/13/2004 07:09:49","EST","MILLWD",61759,268
"11/13/2004 07:09:49","EST","N.Y.C._LONGIL",,6597
"11/13/2004 07:09:49","EST","NORTH",61755,749
"11/13/2004 07:09:49","EST","WEST",61752,1697
"11/13/2004 07:14:19","EST","CAPITL",61757,1217
"11/13/2004 07:14:19","EST","CENTRL",61754,1849
"11/13/2004 07:14:19","EST","DUNWOD",61760,529
"11/13/2004 07:14:19","EST","GENESE",61753,1019
"11/13/2004 07:14:19","EST","HUD VL",61758,1089
"11/13/2004 07:14:19","EST","MHK VL",61756,808
"11/13/2004 07:14:19","EST","MILLWD",61759,271
"11/13/2004 07:14:19","EST","N.Y.C._LONGIL",,6645
"11/13/2004 07:14:19","EST","NORTH",61755,753
"11/13/2004 07:14:19","EST","WEST",61752,1727
"11/13/2004 07:16:49","EST","CAPITL",61757,1237
"11/13/2004 07:16:49","EST","CENTRL",61754,1877
"11/13/2004 07:16:49","EST","DUNWOD",61760,558
"11/13/2004 07:16:49","EST","GENESE",61753,1034
"11/13/2004 07:16:49","EST","HUD VL",61758,1111
"11/13/2004 07:16:49","EST","MHK VL",61756,809
"11/13/2004 07:16:49","EST","MILLWD",61759,267
"11/13/2004 07:16:49","EST","N.Y.C._LONGIL",,6677
"11/13/2004 07:16:49","EST","NORTH",61755,756
"11/13/2004 07:16:49","EST","WEST",61752,1706
"11/13/2004 07:21:49","EST","CAPITL",61757,1249
"11/13/2004 07:21:49","EST","CENTRL",61754,1881
"11/13/2004 07:21:49","EST","DUNWOD",61760,559
"11/13/2004 07:21:49","EST","GENESE",61753,1035
"11/13/2004 07:21:49","EST","HUD VL",61758,1102
"11/13/2004 07:21:49","EST","MHK VL",61756,808
"11/13/2004 07:21:49","EST","MILLWD",61759,271
"11/13/2004 07:21:49","EST","N.Y.C._LONGIL",,6707
"11/13/2004 07:21:49","EST","NORTH",61755,752
"11/13/2004 07:21:49","EST","WEST",61752,1693
"11/13/2004 07:26:49","EST","CAPITL",61757,1252
"11/13/2004 07:26:49","EST","CENTRL",61754,1880
"11/13/2004 07:26:49","EST","DUNWOD",61760,553
"11/13/2004 07:26:49","EST","GENESE",61753,1054
"11/13/2004 07:26:49","EST","HUD VL",61758,1102
"11/13/2004 07:26:49","EST","MHK VL",61756,831
"11/13/2004 07:26:49","EST","MILLWD",61759,281
"11/13/2004 07:26:49","EST","N.Y.C._LONGIL",,6772
"11/13/2004 07:26:49","EST","NORTH",61755,760
"11/13/2004 07:26:49","EST","WEST",61752,1698
"11/13/2004 07:31:49","EST","CAPITL",61757,1251
"11/13/2004 07:31:49","EST","CENTRL",61754,1865
"11/13/2004 07:31:49","EST","DUNWOD",61760,552
"11/13/2004 07:31:49","EST","GENESE",61753,1055
"11/13/2004 07:31:49","EST","HUD VL",61758,1117
"11/13/2004 07:31:49","EST","MHK VL",61756,824
"11/13/2004 07:31:49","EST","MILLWD",61759,278
"11/13/2004 07:31:49","EST","N.Y.C._LONGIL",,6809
"11/13/2004 07:31:49","EST","NORTH",61755,755
"11/13/2004 07:31:49","EST","WEST",61752,1719
"11/13/2004 07:34:49","EST","CAPITL",61757,1257
"11/13/2004 07:34:49","EST","CENTRL",61754,1865
"11/13/2004 07:34:49","EST","DUNWOD",61760,563
"11/13/2004 07:34:49","EST","GENESE",61753,1058
"11/13/2004 07:34:49","EST","HUD VL",61758,1135
"11/13/2004 07:34:49","EST","MHK VL",61756,829
"11/13/2004 07:34:49","EST","MILLWD",61759,280
"11/13/2004 07:34:49","EST","N.Y.C._LONGIL",,6811
"11/13/2004 07:34:49","EST","NORTH",61755,769
"11/13/2004 07:34:49","EST","WEST",61752,1736
"11/13/2004 07:39:49","EST","CAPITL",61757,1237
"11/13/2004 07:39:49","EST","CENTRL",61754,1903
"11/13/2004 07:39:49","EST","DUNWOD",61760,563
"11/13/2004 07:39:49","EST","GENESE",61753,1065
"11/13/2004 07:39:49","EST","HUD VL",61758,1138
"11/13/2004 07:39:49","EST","MHK VL",61756,831
"11/13/2004 07:39:49","EST","MILLWD",61759,281
"11/13/2004 07:39:49","EST","N.Y.C._LONGIL",,6887
"11/13/2004 07:39:49","EST","NORTH",61755,773
"11/13/2004 07:39:49","EST","WEST",61752,1730
"11/13/2004 07:44:49","EST","CAPITL",61757,1261
"11/13/2004 07:44:49","EST","CENTRL",61754,1924
"11/13/2004 07:44:49","EST","DUNWOD",61760,561
"11/13/2004 07:44:49","EST","GENESE",61753,1080
"11/13/2004 07:44:49","EST","HUD VL",61758,1142
"11/13/2004 07:44:49","EST","MHK VL",61756,840
"11/13/2004 07:44:49","EST","MILLWD",61759,283
"11/13/2004 07:44:49","EST","N.Y.C._LONGIL",,6911
"11/13/2004 07:44:49","EST","NORTH",61755,764
"11/13/2004 07:44:49","EST","WEST",61752,1742
"11/13/2004 07:49:49","EST","CAPITL",61757,1262
"11/13/2004 07:49:49","EST","CENTRL",61754,1925
"11/13/2004 07:49:49","EST","DUNWOD",61760,559
"11/13/2004 07:49:49","EST","GENESE",61753,1084
"11/13/2004 07:49:49","EST","HUD VL",61758,1150
"11/13/2004 07:49:49","EST","MHK VL",61756,851
"11/13/2004 07:49:49","EST","MILLWD",61759,282
"11/13/2004 07:49:49","EST","N.Y.C._LONGIL",,6963
"11/13/2004 07:49:49","EST","NORTH",61755,758
"11/13/2004 07:49:49","EST","WEST",61752,1744
"11/13/2004 07:54:49","EST","CAPITL",61757,1282
"11/13/2004 07:54:49","EST","CENTRL",61754,1941
"11/13/2004 07:54:49","EST","DUNWOD",61760,567
"11/13/2004 07:54:49","EST","GENESE",61753,1083
"11/13/2004 07:54:49","EST","HUD VL",61758,1126
"11/13/2004 07:54:49","EST","MHK VL",61756,839
"11/13/2004 07:54:49","EST","MILLWD",61759,286
"11/13/2004 07:54:49","EST","N.Y.C._LONGIL",,6969
"11/13/2004 07:54:49","EST","NORTH",61755,761
"11/13/2004 07:54:49","EST","WEST",61752,1739
"11/13/2004 07:56:19","EST","CAPITL",61757,1258
"11/13/2004 07:56:19","EST","CENTRL",61754,1915
"11/13/2004 07:56:19","EST","DUNWOD",61760,568
"11/13/2004 07:56:19","EST","GENESE",61753,1088
"11/13/2004 07:56:19","EST","HUD VL",61758,1156
"11/13/2004 07:56:19","EST","MHK VL",61756,844
"11/13/2004 07:56:19","EST","MILLWD",61759,291
"11/13/2004 07:56:19","EST","N.Y.C._LONGIL",,7045
"11/13/2004 07:56:19","EST","NORTH",61755,754
"11/13/2004 07:56:19","EST","WEST",61752,1754
"11/13/2004 08:00:00","EST","CAPITL",61757,1287
"11/13/2004 08:00:00","EST","CENTRL",61754,1893
"11/13/2004 08:00:00","EST","DUNWOD",61760,581
"11/13/2004 08:00:00","EST","GENESE",61753,1076
"11/13/2004 08:00:00","EST","HUD VL",61758,1143
"11/13/2004 08:00:00","EST","MHK VL",61756,835
"11/13/2004 08:00:00","EST","MILLWD",61759,298
"11/13/2004 08:00:00","EST","N.Y.C._LONGIL",,7028
"11/13/2004 08:00:00","EST","NORTH",61755,783
"11/13/2004 08:00:00","EST","WEST",61752,1772
"11/13/2004 08:00:49","EST","CAPITL",61757,1277
"11/13/2004 08:00:49","EST","CENTRL",61754,1908
"11/13/2004 08:00:49","EST","DUNWOD",61760,571
"11/13/2004 08:00:49","EST","GENESE",61753,1093
"11/13/2004 08:00:49","EST","HUD VL",61758,1170
"11/13/2004 08:00:49","EST","MHK VL",61756,847
"11/13/2004 08:00:49","EST","MILLWD",61759,296
"11/13/2004 08:00:49","EST","N.Y.C._LONGIL",,7087
"11/13/2004 08:00:49","EST","NORTH",61755,758
"11/13/2004 08:00:49","EST","WEST",61752,1756
"11/13/2004 08:03:49","EST","CAPITL",61757,1284
"11/13/2004 08:03:49","EST","CENTRL",61754,1935
"11/13/2004 08:03:49","EST","DUNWOD",61760,580
"11/13/2004 08:03:49","EST","GENESE",61753,1087
"11/13/2004 08:03:49","EST","HUD VL",61758,1159
"11/13/2004 08:03:49","EST","MHK VL",61756,857
"11/13/2004 08:03:49","EST","MILLWD",61759,301
"11/13/2004 08:03:49","EST","N.Y.C._LONGIL",,7118
"11/13/2004 08:03:49","EST","NORTH",61755,769
"11/13/2004 08:03:49","EST","WEST",61752,1771
"11/13/2004 08:08:49","EST","CAPITL",61757,1289
"11/13/2004 08:08:49","EST","CENTRL",61754,1949
"11/13/2004 08:08:49","EST","DUNWOD",61760,595
"11/13/2004 08:08:49","EST","GENESE",61753,1085
"11/13/2004 08:08:49","EST","HUD VL",61758,1173
"11/13/2004 08:08:49","EST","MHK VL",61756,855
"11/13/2004 08:08:49","EST","MILLWD",61759,290
"11/13/2004 08:08:49","EST","N.Y.C._LONGIL",,7152
"11/13/2004 08:08:49","EST","NORTH",61755,771
"11/13/2004 08:08:49","EST","WEST",61752,1773
"11/13/2004 08:13:49","EST","CAPITL",61757,1294
"11/13/2004 08:13:49","EST","CENTRL",61754,1954
"11/13/2004 08:13:49","EST","DUNWOD",61760,594
"11/13/2004 08:13:49","EST","GENESE",61753,1086
"11/13/2004 08:13:49","EST","HUD VL",61758,1176
"11/13/2004 08:13:49","EST","MHK VL",61756,862
"11/13/2004 08:13:49","EST","MILLWD",61759,291
"11/13/2004 08:13:49","EST","N.Y.C._LONGIL",,7211
"11/13/2004 08:13:49","EST","NORTH",61755,751
"11/13/2004 08:13:49","EST","WEST",61752,1738
"11/13/2004 08:18:49","EST","CAPITL",61757,1301
"11/13/2004 08:18:49","EST","CENTRL",61754,1937
"11/13/2004 08:18:49","EST","DUNWOD",61760,593
"11/13/2004 08:18:49","EST","GENESE",61753,1102
"11/13/2004 08:18:49","EST","HUD VL",61758,1170
"11/13/2004 08:18:49","EST","MHK VL",61756,869
"11/13/2004 08:18:49","EST","MILLWD",61759,309
"11/13/2004 08:18:49","EST","N.Y.C._LONGIL",,7222
"11/13/2004 08:18:49","EST","NORTH",61755,771
"11/13/2004 08:18:49","EST","WEST",61752,1769
"11/13/2004 08:23:19","EST","CAPITL",61757,1302
"11/13/2004 08:23:19","EST","CENTRL",61754,1935
"11/13/2004 08:23:19","EST","DUNWOD",61760,599
"11/13/2004 08:23:19","EST","GENESE",61753,1098
"11/13/2004 08:23:19","EST","HUD VL",61758,1193
"11/13/2004 08:23:19","EST","MHK VL",61756,871
"11/13/2004 08:23:19","EST","MILLWD",61759,289
"11/13/2004 08:23:19","EST","N.Y.C._LONGIL",,7289
"11/13/2004 08:23:19","EST","NORTH",61755,762
"11/13/2004 08:23:19","EST","WEST",61752,1793
"11/13/2004 08:28:19","EST","CAPITL",61757,1305
"11/13/2004 08:28:19","EST","CENTRL",61754,1909
"11/13/2004 08:28:19","EST","DUNWOD",61760,602
"11/13/2004 08:28:19","EST","GENESE",61753,1095
"11/13/2004 08:28:19","EST","HUD VL",61758,1187
"11/13/2004 08:28:19","EST","MHK VL",61756,879
"11/13/2004 08:28:19","EST","MILLWD",61759,303
"11/13/2004 08:28:19","EST","N.Y.C._LONGIL",,7280
"11/13/2004 08:28:19","EST","NORTH",61755,768
"11/13/2004 08:28:19","EST","WEST",61752,1774
"11/13/2004 08:29:49","EST","CAPITL",61757,1307
"11/13/2004 08:29:49","EST","CENTRL",61754,1973
"11/13/2004 08:29:49","EST","DUNWOD",61760,606
"11/13/2004 08:29:49","EST","GENESE",61753,1108
"11/13/2004 08:29:49","EST","HUD VL",61758,1196
"11/13/2004 08:29:49","EST","MHK VL",61756,870
"11/13/2004 08:29:49","EST","MILLWD",61759,301
"11/13/2004 08:29:49","EST","N.Y.C._LONGIL",,7337
"11/13/2004 08:29:49","EST","NORTH",61755,764
"11/13/2004 08:29:49","EST","WEST",61752,1814
"11/13/2004 08:34:49","EST","CAPITL",61757,1304
"11/13/2004 08:34:49","EST","CENTRL",61754,1961
"11/13/2004 08:34:49","EST","DUNWOD",61760,613
"11/13/2004 08:34:49","EST","GENESE",61753,1100
"11/13/2004 08:34:49","EST","HUD VL",61758,1181
"11/13/2004 08:34:49","EST","MHK VL",61756,885
"11/13/2004 08:34:49","EST","MILLWD",61759,297
"11/13/2004 08:34:49","EST","N.Y.C._LONGIL",,7352
"11/13/2004 08:34:49","EST","NORTH",61755,760
"11/13/2004 08:34:49","EST","WEST",61752,1807
"11/13/2004 08:36:19","EST","CAPITL",61757,1309
"11/13/2004 08:36:19","EST","CENTRL",61754,1988
"11/13/2004 08:36:19","EST","DUNWOD",61760,611
"11/13/2004 08:36:19","EST","GENESE",61753,1118
"11/13/2004 08:36:19","EST","HUD VL",61758,1193
"11/13/2004 08:36:19","EST","MHK VL",61756,879
"11/13/2004 08:36:19","EST","MILLWD",61759,299
"11/13/2004 08:36:19","EST","N.Y.C._LONGIL",,7392
"11/13/2004 08:36:19","EST","NORTH",61755,756
"11/13/2004 08:36:19","EST","WEST",61752,1817
"11/13/2004 08:41:19","EST","CAPITL",61757,1316
"11/13/2004 08:41:19","EST","CENTRL",61754,1967
"11/13/2004 08:41:19","EST","DUNWOD",61760,606
"11/13/2004 08:41:19","EST","GENESE",61753,1118
"11/13/2004 08:41:19","EST","HUD VL",61758,1207
"11/13/2004 08:41:19","EST","MHK VL",61756,877
"11/13/2004 08:41:19","EST","MILLWD",61759,300
"11/13/2004 08:41:19","EST","N.Y.C._LONGIL",,7389
"11/13/2004 08:41:19","EST","NORTH",61755,764
"11/13/2004 08:41:19","EST","WEST",61752,1795
"11/13/2004 08:42:49","EST","CAPITL",61757,1320
"11/13/2004 08:42:49","EST","CENTRL",61754,1993
"11/13/2004 08:42:49","EST","DUNWOD",61760,618
"11/13/2004 08:42:49","EST","GENESE",61753,1123
"11/13/2004 08:42:49","EST","HUD VL",61758,1197
"11/13/2004 08:42:49","EST","MHK VL",61756,876
"11/13/2004 08:42:49","EST","MILLWD",61759,301
"11/13/2004 08:42:49","EST","N.Y.C._LONGIL",,7393
"11/13/2004 08:42:49","EST","NORTH",61755,768
"11/13/2004 08:42:49","EST","WEST",61752,1812
"11/13/2004 08:47:49","EST","CAPITL",61757,1324
"11/13/2004 08:47:49","EST","CENTRL",61754,1965
"11/13/2004 08:47:49","EST","DUNWOD",61760,614
"11/13/2004 08:47:49","EST","GENESE",61753,1132
"11/13/2004 08:47:49","EST","HUD VL",61758,1207
"11/13/2004 08:47:49","EST","MHK VL",61756,883
"11/13/2004 08:47:49","EST","MILLWD",61759,298
"11/13/2004 08:47:49","EST","N.Y.C._LONGIL",,7478
"11/13/2004 08:47:49","EST","NORTH",61755,762
"11/13/2004 08:47:49","EST","WEST",61752,1807
"11/13/2004 08:52:49","EST","CAPITL",61757,1324
"11/13/2004 08:52:49","EST","CENTRL",61754,1995
"11/13/2004 08:52:49","EST","DUNWOD",61760,606
"11/13/2004 08:52:49","EST","GENESE",61753,1136
"11/13/2004 08:52:49","EST","HUD VL",61758,1223
"11/13/2004 08:52:49","EST","MHK VL",61756,887
"11/13/2004 08:52:49","EST","MILLWD",61759,305
"11/13/2004 08:52:49","EST","N.Y.C._LONGIL",,7515
"11/13/2004 08:52:49","EST","NORTH",61755,769
"11/13/2004 08:52:49","EST","WEST",61752,1794
"11/13/2004 08:55:19","EST","CAPITL",61757,1336
"11/13/2004 08:55:19","EST","CENTRL",61754,1988
"11/13/2004 08:55:19","EST","DUNWOD",61760,618
"11/13/2004 08:55:19","EST","GENESE",61753,1129
"11/13/2004 08:55:19","EST","HUD VL",61758,1222
"11/13/2004 08:55:19","EST","MHK VL",61756,897
"11/13/2004 08:55:19","EST","MILLWD",61759,306
"11/13/2004 08:55:19","EST","N.Y.C._LONGIL",,7510
"11/13/2004 08:55:19","EST","NORTH",61755,757
"11/13/2004 08:55:19","EST","WEST",61752,1800
"11/13/2004 09:00:00","EST","CAPITL",61757,1329
"11/13/2004 09:00:00","EST","CENTRL",61754,1985
"11/13/2004 09:00:00","EST","DUNWOD",61760,615
"11/13/2004 09:00:00","EST","GENESE",61753,1139
"11/13/2004 09:00:00","EST","HUD VL",61758,1230
"11/13/2004 09:00:00","EST","MHK VL",61756,895
"11/13/2004 09:00:00","EST","MILLWD",61759,308
"11/13/2004 09:00:00","EST","N.Y.C._LONGIL",,7541
"11/13/2004 09:00:00","EST","NORTH",61755,736
"11/13/2004 09:00:00","EST","WEST",61752,1805
"11/13/2004 09:00:49","EST","CAPITL",61757,1376
"11/13/2004 09:00:49","EST","CENTRL",61754,1972
"11/13/2004 09:00:49","EST","DUNWOD",61760,615
"11/13/2004 09:00:49","EST","GENESE",61753,1144
"11/13/2004 09:00:49","EST","HUD VL",61758,1216
"11/13/2004 09:00:49","EST","MHK VL",61756,873
"11/13/2004 09:00:49","EST","MILLWD",61759,311
"11/13/2004 09:00:49","EST","N.Y.C._LONGIL",,7559
"11/13/2004 09:00:49","EST","NORTH",61755,778
"11/13/2004 09:00:49","EST","WEST",61752,1831
"11/13/2004 09:02:19","EST","CAPITL",61757,1358
"11/13/2004 09:02:19","EST","CENTRL",61754,1999
"11/13/2004 09:02:19","EST","DUNWOD",61760,624
"11/13/2004 09:02:19","EST","GENESE",61753,1143
"11/13/2004 09:02:19","EST","HUD VL",61758,1223
"11/13/2004 09:02:19","EST","MHK VL",61756,884
"11/13/2004 09:02:19","EST","MILLWD",61759,314
"11/13/2004 09:02:19","EST","N.Y.C._LONGIL",,7566
"11/13/2004 09:02:19","EST","NORTH",61755,780
"11/13/2004 09:02:19","EST","WEST",61752,1825
"11/13/2004 09:05:49","EST","CAPITL",61757,1361
"11/13/2004 09:05:49","EST","CENTRL",61754,2013
"11/13/2004 09:05:49","EST","DUNWOD",61760,630
"11/13/2004 09:05:49","EST","GENESE",61753,1145
"11/13/2004 09:05:49","EST","HUD VL",61758,1243
"11/13/2004 09:05:49","EST","MHK VL",61756,880
"11/13/2004 09:05:49","EST","MILLWD",61759,311
"11/13/2004 09:05:49","EST","N.Y.C._LONGIL",,7591
"11/13/2004 09:05:49","EST","NORTH",61755,788
"11/13/2004 09:05:49","EST","WEST",61752,1818
"11/13/2004 09:10:49","EST","CAPITL",61757,1360
"11/13/2004 09:10:49","EST","CENTRL",61754,1976
"11/13/2004 09:10:49","EST","DUNWOD",61760,626
"11/13/2004 09:10:49","EST","GENESE",61753,1137
"11/13/2004 09:10:49","EST","HUD VL",61758,1234
"11/13/2004 09:10:49","EST","MHK VL",61756,897
"11/13/2004 09:10:49","EST","MILLWD",61759,311
"11/13/2004 09:10:49","EST","N.Y.C._LONGIL",,7634
"11/13/2004 09:10:49","EST","NORTH",61755,769
"11/13/2004 09:10:49","EST","WEST",61752,1826
"11/13/2004 09:15:49","EST","CAPITL",61757,1351
"11/13/2004 09:15:49","EST","CENTRL",61754,1965
"11/13/2004 09:15:49","EST","DUNWOD",61760,632
"11/13/2004 09:15:49","EST","GENESE",61753,1141
"11/13/2004 09:15:49","EST","HUD VL",61758,1224
"11/13/2004 09:15:49","EST","MHK VL",61756,905
"11/13/2004 09:15:49","EST","MILLWD",61759,312
"11/13/2004 09:15:49","EST","N.Y.C._LONGIL",,7632
"11/13/2004 09:15:49","EST","NORTH",61755,769
"11/13/2004 09:15:49","EST","WEST",61752,1829
"11/13/2004 09:17:19","EST","CAPITL",61757,1352
"11/13/2004 09:17:19","EST","CENTRL",61754,1983
"11/13/2004 09:17:19","EST","DUNWOD",61760,630
"11/13/2004 09:17:19","EST","GENESE",61753,1145
"11/13/2004 09:17:19","EST","HUD VL",61758,1245
"11/13/2004 09:17:19","EST","MHK VL",61756,882
"11/13/2004 09:17:19","EST","MILLWD",61759,314
"11/13/2004 09:17:19","EST","N.Y.C._LONGIL",,7673
"11/13/2004 09:17:19","EST","NORTH",61755,770
"11/13/2004 09:17:19","EST","WEST",61752,1819
"11/13/2004 09:22:19","EST","CAPITL",61757,1359
"11/13/2004 09:22:19","EST","CENTRL",61754,1980
"11/13/2004 09:22:19","EST","DUNWOD",61760,632
"11/13/2004 09:22:19","EST","GENESE",61753,1150
"11/13/2004 09:22:19","EST","HUD VL",61758,1221
"11/13/2004 09:22:19","EST","MHK VL",61756,894
"11/13/2004 09:22:19","EST","MILLWD",61759,316
"11/13/2004 09:22:19","EST","N.Y.C._LONGIL",,7653
"11/13/2004 09:22:19","EST","NORTH",61755,762
"11/13/2004 09:22:19","EST","WEST",61752,1829
"11/13/2004 09:23:49","EST","CAPITL",61757,1366
"11/13/2004 09:23:49","EST","CENTRL",61754,1974
"11/13/2004 09:23:49","EST","DUNWOD",61760,630
"11/13/2004 09:23:49","EST","GENESE",61753,1134
"11/13/2004 09:23:49","EST","HUD VL",61758,1223
"11/13/2004 09:23:49","EST","MHK VL",61756,898
"11/13/2004 09:23:49","EST","MILLWD",61759,317
"11/13/2004 09:23:49","EST","N.Y.C._LONGIL",,7663
"11/13/2004 09:23:49","EST","NORTH",61755,774
"11/13/2004 09:23:49","EST","WEST",61752,1854
"11/13/2004 09:26:19","EST","CAPITL",61757,1359
"11/13/2004 09:26:19","EST","CENTRL",61754,1987
"11/13/2004 09:26:19","EST","DUNWOD",61760,649
"11/13/2004 09:26:19","EST","GENESE",61753,1135
"11/13/2004 09:26:19","EST","HUD VL",61758,1215
"11/13/2004 09:26:19","EST","MHK VL",61756,889
"11/13/2004 09:26:19","EST","MILLWD",61759,314
"11/13/2004 09:26:19","EST","N.Y.C._LONGIL",,7710
"11/13/2004 09:26:19","EST","NORTH",61755,778
"11/13/2004 09:26:19","EST","WEST",61752,1867
"11/13/2004 09:31:19","EST","CAPITL",61757,1370
"11/13/2004 09:31:19","EST","CENTRL",61754,1981
"11/13/2004 09:31:19","EST","DUNWOD",61760,641
"11/13/2004 09:31:19","EST","GENESE",61753,1139
"11/13/2004 09:31:19","EST","HUD VL",61758,1236
"11/13/2004 09:31:19","EST","MHK VL",61756,900
"11/13/2004 09:31:19","EST","MILLWD",61759,315
"11/13/2004 09:31:19","EST","N.Y.C._LONGIL",,7687
"11/13/2004 09:31:19","EST","NORTH",61755,767
"11/13/2004 09:31:19","EST","WEST",61752,1850
"11/13/2004 09:32:49","EST","CAPITL",61757,1378
"11/13/2004 09:32:49","EST","CENTRL",61754,1976
"11/13/2004 09:32:49","EST","DUNWOD",61760,656
"11/13/2004 09:32:49","EST","GENESE",61753,1137
"11/13/2004 09:32:49","EST","HUD VL",61758,1214
"11/13/2004 09:32:49","EST","MHK VL",61756,899
"11/13/2004 09:32:49","EST","MILLWD",61759,316
"11/13/2004 09:32:49","EST","N.Y.C._LONGIL",,7716
"11/13/2004 09:32:49","EST","NORTH",61755,767
"11/13/2004 09:32:49","EST","WEST",61752,1854
"11/13/2004 09:37:49","EST","CAPITL",61757,1369
"11/13/2004 09:37:49","EST","CENTRL",61754,1977
"11/13/2004 09:37:49","EST","DUNWOD",61760,642
"11/13/2004 09:37:49","EST","GENESE",61753,1143
"11/13/2004 09:37:49","EST","HUD VL",61758,1235
"11/13/2004 09:37:49","EST","MHK VL",61756,894
"11/13/2004 09:37:49","EST","MILLWD",61759,316
"11/13/2004 09:37:49","EST","N.Y.C._LONGIL",,7752
"11/13/2004 09:37:49","EST","NORTH",61755,782
"11/13/2004 09:37:49","EST","WEST",61752,1840
"11/13/2004 09:42:49","EST","CAPITL",61757,1368
"11/13/2004 09:42:49","EST","CENTRL",61754,1982
"11/13/2004 09:42:49","EST","DUNWOD",61760,644
"11/13/2004 09:42:49","EST","GENESE",61753,1146
"11/13/2004 09:42:49","EST","HUD VL",61758,1222
"11/13/2004 09:42:49","EST","MHK VL",61756,903
"11/13/2004 09:42:49","EST","MILLWD",61759,318
"11/13/2004 09:42:49","EST","N.Y.C._LONGIL",,7785
"11/13/2004 09:42:49","EST","NORTH",61755,778
"11/13/2004 09:42:49","EST","WEST",61752,1850
"11/13/2004 09:47:49","EST","CAPITL",61757,1361
"11/13/2004 09:47:49","EST","CENTRL",61754,1980
"11/13/2004 09:47:49","EST","DUNWOD",61760,653
"11/13/2004 09:47:49","EST","GENESE",61753,1147
"11/13/2004 09:47:49","EST","HUD VL",61758,1233
"11/13/2004 09:47:49","EST","MHK VL",61756,896
"11/13/2004 09:47:49","EST","MILLWD",61759,314
"11/13/2004 09:47:49","EST","N.Y.C._LONGIL",,7819
"11/13/2004 09:47:49","EST","NORTH",61755,773
"11/13/2004 09:47:49","EST","WEST",61752,1851
"11/13/2004 09:52:49","EST","CAPITL",61757,1375
"11/13/2004 09:52:49","EST","CENTRL",61754,1972
"11/13/2004 09:52:49","EST","DUNWOD",61760,643
"11/13/2004 09:52:49","EST","GENESE",61753,1148
"11/13/2004 09:52:49","EST","HUD VL",61758,1230
"11/13/2004 09:52:49","EST","MHK VL",61756,896
"11/13/2004 09:52:49","EST","MILLWD",61759,308
"11/13/2004 09:52:49","EST","N.Y.C._LONGIL",,7847
"11/13/2004 09:52:49","EST","NORTH",61755,763
"11/13/2004 09:52:49","EST","WEST",61752,1838
"11/13/2004 09:55:19","EST","CAPITL",61757,1379
"11/13/2004 09:55:19","EST","CENTRL",61754,1979
"11/13/2004 09:55:19","EST","DUNWOD",61760,663
"11/13/2004 09:55:19","EST","GENESE",61753,1149
"11/13/2004 09:55:19","EST","HUD VL",61758,1247
"11/13/2004 09:55:19","EST","MHK VL",61756,895
"11/13/2004 09:55:19","EST","MILLWD",61759,318
"11/13/2004 09:55:19","EST","N.Y.C._LONGIL",,7849
"11/13/2004 09:55:19","EST","NORTH",61755,778
"11/13/2004 09:55:19","EST","WEST",61752,1861
"11/13/2004 10:00:00","EST","CAPITL",61757,1389
"11/13/2004 10:00:00","EST","CENTRL",61754,1964
"11/13/2004 10:00:00","EST","DUNWOD",61760,648
"11/13/2004 10:00:00","EST","GENESE",61753,1159
"11/13/2004 10:00:00","EST","HUD VL",61758,1236
"11/13/2004 10:00:00","EST","MHK VL",61756,902
"11/13/2004 10:00:00","EST","MILLWD",61759,316
"11/13/2004 10:00:00","EST","N.Y.C._LONGIL",,7869
"11/13/2004 10:00:00","EST","NORTH",61755,783
"11/13/2004 10:00:00","EST","WEST",61752,1821
"11/13/2004 10:00:49","EST","CAPITL",61757,1373
"11/13/2004 10:00:49","EST","CENTRL",61754,1966
"11/13/2004 10:00:49","EST","DUNWOD",61760,667
"11/13/2004 10:00:49","EST","GENESE",61753,1144
"11/13/2004 10:00:49","EST","HUD VL",61758,1239
"11/13/2004 10:00:49","EST","MHK VL",61756,908
"11/13/2004 10:00:49","EST","MILLWD",61759,318
"11/13/2004 10:00:49","EST","N.Y.C._LONGIL",,7868
"11/13/2004 10:00:49","EST","NORTH",61755,772
"11/13/2004 10:00:49","EST","WEST",61752,1851
"11/13/2004 10:05:49","EST","CAPITL",61757,1367
"11/13/2004 10:05:49","EST","CENTRL",61754,1975
"11/13/2004 10:05:49","EST","DUNWOD",61760,670
"11/13/2004 10:05:49","EST","GENESE",61753,1149
"11/13/2004 10:05:49","EST","HUD VL",61758,1240
"11/13/2004 10:05:49","EST","MHK VL",61756,908
"11/13/2004 10:05:49","EST","MILLWD",61759,321
"11/13/2004 10:05:49","EST","N.Y.C._LONGIL",,7875
"11/13/2004 10:05:49","EST","NORTH",61755,765
"11/13/2004 10:05:49","EST","WEST",61752,1840
"11/13/2004 10:07:19","EST","CAPITL",61757,1377
"11/13/2004 10:07:19","EST","CENTRL",61754,1988
"11/13/2004 10:07:19","EST","DUNWOD",61760,650
"11/13/2004 10:07:19","EST","GENESE",61753,1133
"11/13/2004 10:07:19","EST","HUD VL",61758,1240
"11/13/2004 10:07:19","EST","MHK VL",61756,916
"11/13/2004 10:07:19","EST","MILLWD",61759,318
"11/13/2004 10:07:19","EST","N.Y.C._LONGIL",,7927
"11/13/2004 10:07:19","EST","NORTH",61755,756
"11/13/2004 10:07:19","EST","WEST",61752,1871
"11/13/2004 10:12:19","EST","CAPITL",61757,1375
"11/13/2004 10:12:19","EST","CENTRL",61754,1976
"11/13/2004 10:12:19","EST","DUNWOD",61760,663
"11/13/2004 10:12:19","EST","GENESE",61753,1142
"11/13/2004 10:12:19","EST","HUD VL",61758,1237
"11/13/2004 10:12:19","EST","MHK VL",61756,909
"11/13/2004 10:12:19","EST","MILLWD",61759,318
"11/13/2004 10:12:19","EST","N.Y.C._LONGIL",,7926
"11/13/2004 10:12:19","EST","NORTH",61755,764
"11/13/2004 10:12:19","EST","WEST",61752,1850
"11/13/2004 10:13:49","EST","CAPITL",61757,1375
"11/13/2004 10:13:49","EST","CENTRL",61754,1977
"11/13/2004 10:13:49","EST","DUNWOD",61760,653
"11/13/2004 10:13:49","EST","GENESE",61753,1146
"11/13/2004 10:13:49","EST","HUD VL",61758,1245
"11/13/2004 10:13:49","EST","MHK VL",61756,917
"11/13/2004 10:13:49","EST","MILLWD",61759,323
"11/13/2004 10:13:49","EST","N.Y.C._LONGIL",,7943
"11/13/2004 10:13:49","EST","NORTH",61755,761
"11/13/2004 10:13:49","EST","WEST",61752,1865
"11/13/2004 10:18:49","EST","CAPITL",61757,1359
"11/13/2004 10:18:49","EST","CENTRL",61754,1988
"11/13/2004 10:18:49","EST","DUNWOD",61760,642
"11/13/2004 10:18:49","EST","GENESE",61753,1144
"11/13/2004 10:18:49","EST","HUD VL",61758,1255
"11/13/2004 10:18:49","EST","MHK VL",61756,892
"11/13/2004 10:18:49","EST","MILLWD",61759,318
"11/13/2004 10:18:49","EST","N.Y.C._LONGIL",,7979
"11/13/2004 10:18:49","EST","NORTH",61755,772
"11/13/2004 10:18:49","EST","WEST",61752,1854
"11/13/2004 10:20:49","EST","CAPITL",61757,1368
"11/13/2004 10:20:49","EST","CENTRL",61754,2000
"11/13/2004 10:20:49","EST","DUNWOD",61760,668
"11/13/2004 10:20:49","EST","GENESE",61753,1157
"11/13/2004 10:20:49","EST","HUD VL",61758,1253
"11/13/2004 10:20:49","EST","MHK VL",61756,903
"11/13/2004 10:20:49","EST","MILLWD",61759,313
"11/13/2004 10:20:49","EST","N.Y.C._LONGIL",,7968
"11/13/2004 10:20:49","EST","NORTH",61755,767
"11/13/2004 10:20:49","EST","WEST",61752,1833
"11/13/2004 10:25:49","EST","CAPITL",61757,1366
"11/13/2004 10:25:49","EST","CENTRL",61754,2019
"11/13/2004 10:25:49","EST","DUNWOD",61760,670
"11/13/2004 10:25:49","EST","GENESE",61753,1151
"11/13/2004 10:25:49","EST","HUD VL",61758,1245
"11/13/2004 10:25:49","EST","MHK VL",61756,910
"11/13/2004 10:25:49","EST","MILLWD",61759,316
"11/13/2004 10:25:49","EST","N.Y.C._LONGIL",,7946
"11/13/2004 10:25:49","EST","NORTH",61755,756
"11/13/2004 10:25:49","EST","WEST",61752,1830
"11/13/2004 10:30:49","EST","CAPITL",61757,1372
"11/13/2004 10:30:49","EST","CENTRL",61754,1990
"11/13/2004 10:30:49","EST","DUNWOD",61760,682
"11/13/2004 10:30:49","EST","GENESE",61753,1152
"11/13/2004 10:30:49","EST","HUD VL",61758,1233
"11/13/2004 10:30:49","EST","MHK VL",61756,915
"11/13/2004 10:30:49","EST","MILLWD",61759,314
"11/13/2004 10:30:49","EST","N.Y.C._LONGIL",,7936
"11/13/2004 10:30:49","EST","NORTH",61755,758
"11/13/2004 10:30:49","EST","WEST",61752,1834
"11/13/2004 10:32:19","EST","CAPITL",61757,1356
"11/13/2004 10:32:19","EST","CENTRL",61754,2010
"11/13/2004 10:32:19","EST","DUNWOD",61760,671
"11/13/2004 10:32:19","EST","GENESE",61753,1145
"11/13/2004 10:32:19","EST","HUD VL",61758,1245
"11/13/2004 10:32:19","EST","MHK VL",61756,898
"11/13/2004 10:32:19","EST","MILLWD",61759,321
"11/13/2004 10:32:19","EST","N.Y.C._LONGIL",,7972
"11/13/2004 10:32:19","EST","NORTH",61755,762
"11/13/2004 10:32:19","EST","WEST",61752,1851
"11/13/2004 10:37:19","EST","CAPITL",61757,1371
"11/13/2004 10:37:19","EST","CENTRL",61754,2009
"11/13/2004 10:37:19","EST","DUNWOD",61760,688
"11/13/2004 10:37:19","EST","GENESE",61753,1148
"11/13/2004 10:37:19","EST","HUD VL",61758,1237
"11/13/2004 10:37:19","EST","MHK VL",61756,903
"11/13/2004 10:37:19","EST","MILLWD",61759,312
"11/13/2004 10:37:19","EST","N.Y.C._LONGIL",,7977
"11/13/2004 10:37:19","EST","NORTH",61755,764
"11/13/2004 10:37:19","EST","WEST",61752,1866
"11/13/2004 10:38:49","EST","CAPITL",61757,1361
"11/13/2004 10:38:49","EST","CENTRL",61754,1968
"11/13/2004 10:38:49","EST","DUNWOD",61760,678
"11/13/2004 10:38:49","EST","GENESE",61753,1135
"11/13/2004 10:38:49","EST","HUD VL",61758,1233
"11/13/2004 10:38:49","EST","MHK VL",61756,886
"11/13/2004 10:38:49","EST","MILLWD",61759,314
"11/13/2004 10:38:49","EST","N.Y.C._LONGIL",,8001
"11/13/2004 10:38:49","EST","NORTH",61755,770
"11/13/2004 10:38:49","EST","WEST",61752,1874
"11/13/2004 10:43:49","EST","CAPITL",61757,1363
"11/13/2004 10:43:49","EST","CENTRL",61754,1991
"11/13/2004 10:43:49","EST","DUNWOD",61760,675
"11/13/2004 10:43:49","EST","GENESE",61753,1138
"11/13/2004 10:43:49","EST","HUD VL",61758,1239
"11/13/2004 10:43:49","EST","MHK VL",61756,902
"11/13/2004 10:43:49","EST","MILLWD",61759,329
"11/13/2004 10:43:49","EST","N.Y.C._LONGIL",,8000
"11/13/2004 10:43:49","EST","NORTH",61755,770
"11/13/2004 10:43:49","EST","WEST",61752,1865
"11/13/2004 10:48:49","EST","CAPITL",61757,1369
"11/13/2004 10:48:49","EST","CENTRL",61754,2017
"11/13/2004 10:48:49","EST","DUNWOD",61760,688
"11/13/2004 10:48:49","EST","GENESE",61753,1146
"11/13/2004 10:48:49","EST","HUD VL",61758,1244
"11/13/2004 10:48:49","EST","MHK VL",61756,892
"11/13/2004 10:48:49","EST","MILLWD",61759,312
"11/13/2004 10:48:49","EST","N.Y.C._LONGIL",,8001
"11/13/2004 10:48:49","EST","NORTH",61755,765
"11/13/2004 10:48:49","EST","WEST",61752,1851
"11/13/2004 10:53:49","EST","CAPITL",61757,1372
"11/13/2004 10:53:49","EST","CENTRL",61754,2006
"11/13/2004 10:53:49","EST","DUNWOD",61760,679
"11/13/2004 10:53:49","EST","GENESE",61753,1145
"11/13/2004 10:53:49","EST","HUD VL",61758,1250
"11/13/2004 10:53:49","EST","MHK VL",61756,896
"11/13/2004 10:53:49","EST","MILLWD",61759,316
"11/13/2004 10:53:49","EST","N.Y.C._LONGIL",,7989
"11/13/2004 10:53:49","EST","NORTH",61755,764
"11/13/2004 10:53:49","EST","WEST",61752,1842
"11/13/2004 10:55:19","EST","CAPITL",61757,1355
"11/13/2004 10:55:19","EST","CENTRL",61754,2015
"11/13/2004 10:55:19","EST","DUNWOD",61760,663
"11/13/2004 10:55:19","EST","GENESE",61753,1142
"11/13/2004 10:55:19","EST","HUD VL",61758,1248
"11/13/2004 10:55:19","EST","MHK VL",61756,898
"11/13/2004 10:55:19","EST","MILLWD",61759,318
"11/13/2004 10:55:19","EST","N.Y.C._LONGIL",,8023
"11/13/2004 10:55:19","EST","NORTH",61755,753
"11/13/2004 10:55:19","EST","WEST",61752,1844
"11/13/2004 11:00:00","EST","CAPITL",61757,1374
"11/13/2004 11:00:00","EST","CENTRL",61754,2001
"11/13/2004 11:00:00","EST","DUNWOD",61760,679
"11/13/2004 11:00:00","EST","GENESE",61753,1138
"11/13/2004 11:00:00","EST","HUD VL",61758,1266
"11/13/2004 11:00:00","EST","MHK VL",61756,896
"11/13/2004 11:00:00","EST","MILLWD",61759,305
"11/13/2004 11:00:00","EST","N.Y.C._LONGIL",,7997
"11/13/2004 11:00:00","EST","NORTH",61755,762
"11/13/2004 11:00:00","EST","WEST",61752,1854
"11/13/2004 11:00:49","EST","CAPITL",61757,1353
"11/13/2004 11:00:49","EST","CENTRL",61754,2008
"11/13/2004 11:00:49","EST","DUNWOD",61760,677
"11/13/2004 11:00:49","EST","GENESE",61753,1138
"11/13/2004 11:00:49","EST","HUD VL",61758,1240
"11/13/2004 11:00:49","EST","MHK VL",61756,875
"11/13/2004 11:00:49","EST","MILLWD",61759,320
"11/13/2004 11:00:49","EST","N.Y.C._LONGIL",,8020
"11/13/2004 11:00:49","EST","NORTH",61755,778
"11/13/2004 11:00:49","EST","WEST",61752,1887
"11/13/2004 11:05:19","EST","CAPITL",61757,1370
"11/13/2004 11:05:19","EST","CENTRL",61754,2011
"11/13/2004 11:05:19","EST","DUNWOD",61760,676
"11/13/2004 11:05:19","EST","GENESE",61753,1155
"11/13/2004 11:05:19","EST","HUD VL",61758,1247
"11/13/2004 11:05:19","EST","MHK VL",61756,883
"11/13/2004 11:05:19","EST","MILLWD",61759,315
"11/13/2004 11:05:19","EST","N.Y.C._LONGIL",,8017
"11/13/2004 11:05:19","EST","NORTH",61755,762
"11/13/2004 11:05:19","EST","WEST",61752,1852
"11/13/2004 11:06:49","EST","CAPITL",61757,1360
"11/13/2004 11:06:49","EST","CENTRL",61754,1965
"11/13/2004 11:06:49","EST","DUNWOD",61760,671
"11/13/2004 11:06:49","EST","GENESE",61753,1143
"11/13/2004 11:06:49","EST","HUD VL",61758,1233
"11/13/2004 11:06:49","EST","MHK VL",61756,883
"11/13/2004 11:06:49","EST","MILLWD",61759,317
"11/13/2004 11:06:49","EST","N.Y.C._LONGIL",,8035
"11/13/2004 11:06:49","EST","NORTH",61755,755
"11/13/2004 11:06:49","EST","WEST",61752,1842
"11/13/2004 11:11:49","EST","CAPITL",61757,1359
"11/13/2004 11:11:49","EST","CENTRL",61754,2003
"11/13/2004 11:11:49","EST","DUNWOD",61760,682
"11/13/2004 11:11:49","EST","GENESE",61753,1147
"11/13/2004 11:11:49","EST","HUD VL",61758,1246
"11/13/2004 11:11:49","EST","MHK VL",61756,876
"11/13/2004 11:11:49","EST","MILLWD",61759,312
"11/13/2004 11:11:49","EST","N.Y.C._LONGIL",,8018
"11/13/2004 11:11:49","EST","NORTH",61755,771
"11/13/2004 11:11:49","EST","WEST",61752,1837
"11/13/2004 11:16:49","EST","CAPITL",61757,1359
"11/13/2004 11:16:49","EST","CENTRL",61754,1990
"11/13/2004 11:16:49","EST","DUNWOD",61760,664
"11/13/2004 11:16:49","EST","GENESE",61753,1144
"11/13/2004 11:16:49","EST","HUD VL",61758,1242
"11/13/2004 11:16:49","EST","MHK VL",61756,870
"11/13/2004 11:16:49","EST","MILLWD",61759,310
"11/13/2004 11:16:49","EST","N.Y.C._LONGIL",,8040
"11/13/2004 11:16:49","EST","NORTH",61755,771
"11/13/2004 11:16:49","EST","WEST",61752,1857
"11/13/2004 11:18:19","EST","CAPITL",61757,1365
"11/13/2004 11:18:19","EST","CENTRL",61754,1983
"11/13/2004 11:18:19","EST","DUNWOD",61760,673
"11/13/2004 11:18:19","EST","GENESE",61753,1146
"11/13/2004 11:18:19","EST","HUD VL",61758,1230
"11/13/2004 11:18:19","EST","MHK VL",61756,878
"11/13/2004 11:18:19","EST","MILLWD",61759,312
"11/13/2004 11:18:19","EST","N.Y.C._LONGIL",,8025
"11/13/2004 11:18:19","EST","NORTH",61755,760
"11/13/2004 11:18:19","EST","WEST",61752,1843
"11/13/2004 11:23:19","EST","CAPITL",61757,1318
"11/13/2004 11:23:19","EST","CENTRL",61754,2013
"11/13/2004 11:23:19","EST","DUNWOD",61760,665
"11/13/2004 11:23:19","EST","GENESE",61753,1142
"11/13/2004 11:23:19","EST","HUD VL",61758,1259
"11/13/2004 11:23:19","EST","MHK VL",61756,868
"11/13/2004 11:23:19","EST","MILLWD",61759,317
"11/13/2004 11:23:19","EST","N.Y.C._LONGIL",,8052
"11/13/2004 11:23:19","EST","NORTH",61755,761
"11/13/2004 11:23:19","EST","WEST",61752,1878
"11/13/2004 11:24:49","EST","CAPITL",61757,1338
"11/13/2004 11:24:49","EST","CENTRL",61754,1994
"11/13/2004 11:24:49","EST","DUNWOD",61760,667
"11/13/2004 11:24:49","EST","GENESE",61753,1137
"11/13/2004 11:24:49","EST","HUD VL",61758,1235
"11/13/2004 11:24:49","EST","MHK VL",61756,873
"11/13/2004 11:24:49","EST","MILLWD",61759,311
"11/13/2004 11:24:49","EST","N.Y.C._LONGIL",,8022
"11/13/2004 11:24:49","EST","NORTH",61755,759
"11/13/2004 11:24:49","EST","WEST",61752,1845
"11/13/2004 11:29:49","EST","CAPITL",61757,1305
"11/13/2004 11:29:49","EST","CENTRL",61754,2001
"11/13/2004 11:29:49","EST","DUNWOD",61760,672
"11/13/2004 11:29:49","EST","GENESE",61753,1134
"11/13/2004 11:29:49","EST","HUD VL",61758,1236
"11/13/2004 11:29:49","EST","MHK VL",61756,871
"11/13/2004 11:29:49","EST","MILLWD",61759,315
"11/13/2004 11:29:49","EST","N.Y.C._LONGIL",,7993
"11/13/2004 11:29:49","EST","NORTH",61755,755
"11/13/2004 11:29:49","EST","WEST",61752,1851
"11/13/2004 11:34:49","EST","CAPITL",61757,1351
"11/13/2004 11:34:49","EST","CENTRL",61754,1979
"11/13/2004 11:34:49","EST","DUNWOD",61760,675
"11/13/2004 11:34:49","EST","GENESE",61753,1139
"11/13/2004 11:34:49","EST","HUD VL",61758,1217
"11/13/2004 11:34:49","EST","MHK VL",61756,879
"11/13/2004 11:34:49","EST","MILLWD",61759,309
"11/13/2004 11:34:49","EST","N.Y.C._LONGIL",,7991
"11/13/2004 11:34:49","EST","NORTH",61755,750
"11/13/2004 11:34:49","EST","WEST",61752,1833
"11/13/2004 11:36:19","EST","CAPITL",61757,1333
"11/13/2004 11:36:19","EST","CENTRL",61754,2004
"11/13/2004 11:36:19","EST","DUNWOD",61760,666
"11/13/2004 11:36:19","EST","GENESE",61753,1132
"11/13/2004 11:36:19","EST","HUD VL",61758,1237
"11/13/2004 11:36:19","EST","MHK VL",61756,865
"11/13/2004 11:36:19","EST","MILLWD",61759,307
"11/13/2004 11:36:19","EST","N.Y.C._LONGIL",,8005
"11/13/2004 11:36:19","EST","NORTH",61755,762
"11/13/2004 11:36:19","EST","WEST",61752,1856
"11/13/2004 11:41:19","EST","CAPITL",61757,1359
"11/13/2004 11:41:19","EST","CENTRL",61754,1989
"11/13/2004 11:41:19","EST","DUNWOD",61760,684
"11/13/2004 11:41:19","EST","GENESE",61753,1132
"11/13/2004 11:41:19","EST","HUD VL",61758,1233
"11/13/2004 11:41:19","EST","MHK VL",61756,869
"11/13/2004 11:41:19","EST","MILLWD",61759,305
"11/13/2004 11:41:19","EST","N.Y.C._LONGIL",,7994
"11/13/2004 11:41:19","EST","NORTH",61755,756
"11/13/2004 11:41:19","EST","WEST",61752,1841
"11/13/2004 11:42:49","EST","CAPITL",61757,1326
"11/13/2004 11:42:49","EST","CENTRL",61754,1978
"11/13/2004 11:42:49","EST","DUNWOD",61760,662
"11/13/2004 11:42:49","EST","GENESE",61753,1133
"11/13/2004 11:42:49","EST","HUD VL",61758,1237
"11/13/2004 11:42:49","EST","MHK VL",61756,865
"11/13/2004 11:42:49","EST","MILLWD",61759,306
"11/13/2004 11:42:49","EST","N.Y.C._LONGIL",,7970
"11/13/2004 11:42:49","EST","NORTH",61755,755
"11/13/2004 11:42:49","EST","WEST",61752,1870
"11/13/2004 11:47:49","EST","CAPITL",61757,1339
"11/13/2004 11:47:49","EST","CENTRL",61754,1994
"11/13/2004 11:47:49","EST","DUNWOD",61760,678
"11/13/2004 11:47:49","EST","GENESE",61753,1129
"11/13/2004 11:47:49","EST","HUD VL",61758,1229
"11/13/2004 11:47:49","EST","MHK VL",61756,865
"11/13/2004 11:47:49","EST","MILLWD",61759,307
"11/13/2004 11:47:49","EST","N.Y.C._LONGIL",,7987
"11/13/2004 11:47:49","EST","NORTH",61755,760
"11/13/2004 11:47:49","EST","WEST",61752,1852
"11/13/2004 11:52:49","EST","CAPITL",61757,1328
"11/13/2004 11:52:49","EST","CENTRL",61754,1963
"11/13/2004 11:52:49","EST","DUNWOD",61760,656
"11/13/2004 11:52:49","EST","GENESE",61753,1130
"11/13/2004 11:52:49","EST","HUD VL",61758,1225
"11/13/2004 11:52:49","EST","MHK VL",61756,874
"11/13/2004 11:52:49","EST","MILLWD",61759,305
"11/13/2004 11:52:49","EST","N.Y.C._LONGIL",,7991
"11/13/2004 11:52:49","EST","NORTH",61755,754
"11/13/2004 11:52:49","EST","WEST",61752,1844
"11/13/2004 11:55:19","EST","CAPITL",61757,1333
"11/13/2004 11:55:19","EST","CENTRL",61754,1941
"11/13/2004 11:55:19","EST","DUNWOD",61760,660
"11/13/2004 11:55:19","EST","GENESE",61753,1129
"11/13/2004 11:55:19","EST","HUD VL",61758,1232
"11/13/2004 11:55:19","EST","MHK VL",61756,866
"11/13/2004 11:55:19","EST","MILLWD",61759,306
"11/13/2004 11:55:19","EST","N.Y.C._LONGIL",,7972
"11/13/2004 11:55:19","EST","NORTH",61755,751
"11/13/2004 11:55:19","EST","WEST",61752,1836
"11/13/2004 12:00:00","EST","CAPITL",61757,1342
"11/13/2004 12:00:00","EST","CENTRL",61754,1949
"11/13/2004 12:00:00","EST","DUNWOD",61760,636
"11/13/2004 12:00:00","EST","GENESE",61753,1132
"11/13/2004 12:00:00","EST","HUD VL",61758,1253
"11/13/2004 12:00:00","EST","MHK VL",61756,864
"11/13/2004 12:00:00","EST","MILLWD",61759,313
"11/13/2004 12:00:00","EST","N.Y.C._LONGIL",,7987
"11/13/2004 12:00:00","EST","NORTH",61755,707
"11/13/2004 12:00:00","EST","WEST",61752,1802
"11/13/2004 12:00:49","EST","CAPITL",61757,1315
"11/13/2004 12:00:49","EST","CENTRL",61754,1983
"11/13/2004 12:00:49","EST","DUNWOD",61760,660
"11/13/2004 12:00:49","EST","GENESE",61753,1122
"11/13/2004 12:00:49","EST","HUD VL",61758,1240
"11/13/2004 12:00:49","EST","MHK VL",61756,862
"11/13/2004 12:00:49","EST","MILLWD",61759,300
"11/13/2004 12:00:49","EST","N.Y.C._LONGIL",,7977
"11/13/2004 12:00:49","EST","NORTH",61755,757
"11/13/2004 12:00:49","EST","WEST",61752,1821
"11/13/2004 12:05:19","EST","CAPITL",61757,1326
"11/13/2004 12:05:19","EST","CENTRL",61754,1938
"11/13/2004 12:05:19","EST","DUNWOD",61760,681
"11/13/2004 12:05:19","EST","GENESE",61753,1122
"11/13/2004 12:05:19","EST","HUD VL",61758,1225
"11/13/2004 12:05:19","EST","MHK VL",61756,866
"11/13/2004 12:05:19","EST","MILLWD",61759,295
"11/13/2004 12:05:19","EST","N.Y.C._LONGIL",,7945
"11/13/2004 12:05:19","EST","NORTH",61755,758
"11/13/2004 12:05:19","EST","WEST",61752,1810
"11/13/2004 12:06:49","EST","CAPITL",61757,1319
"11/13/2004 12:06:49","EST","CENTRL",61754,1960
"11/13/2004 12:06:49","EST","DUNWOD",61760,677
"11/13/2004 12:06:49","EST","GENESE",61753,1114
"11/13/2004 12:06:49","EST","HUD VL",61758,1225
"11/13/2004 12:06:49","EST","MHK VL",61756,856
"11/13/2004 12:06:49","EST","MILLWD",61759,285
"11/13/2004 12:06:49","EST","N.Y.C._LONGIL",,7950
"11/13/2004 12:06:49","EST","NORTH",61755,760
"11/13/2004 12:06:49","EST","WEST",61752,1821
"11/13/2004 12:11:49","EST","CAPITL",61757,1312
"11/13/2004 12:11:49","EST","CENTRL",61754,1980
"11/13/2004 12:11:49","EST","DUNWOD",61760,667
"11/13/2004 12:11:49","EST","GENESE",61753,1121
"11/13/2004 12:11:49","EST","HUD VL",61758,1231
"11/13/2004 12:11:49","EST","MHK VL",61756,849
"11/13/2004 12:11:49","EST","MILLWD",61759,290
"11/13/2004 12:11:49","EST","N.Y.C._LONGIL",,7958
"11/13/2004 12:11:49","EST","NORTH",61755,775
"11/13/2004 12:11:49","EST","WEST",61752,1823
"11/13/2004 12:16:19","EST","CAPITL",61757,1316
"11/13/2004 12:16:19","EST","CENTRL",61754,1938
"11/13/2004 12:16:19","EST","DUNWOD",61760,672
"11/13/2004 12:16:19","EST","GENESE",61753,1118
"11/13/2004 12:16:19","EST","HUD VL",61758,1223
"11/13/2004 12:16:19","EST","MHK VL",61756,849
"11/13/2004 12:16:19","EST","MILLWD",61759,276
"11/13/2004 12:16:19","EST","N.Y.C._LONGIL",,7951
"11/13/2004 12:16:19","EST","NORTH",61755,762
"11/13/2004 12:16:19","EST","WEST",61752,1828
"11/13/2004 12:21:19","EST","CAPITL",61757,1322
"11/13/2004 12:21:19","EST","CENTRL",61754,1962
"11/13/2004 12:21:19","EST","DUNWOD",61760,653
"11/13/2004 12:21:19","EST","GENESE",61753,1113
"11/13/2004 12:21:19","EST","HUD VL",61758,1232
"11/13/2004 12:21:19","EST","MHK VL",61756,852
"11/13/2004 12:21:19","EST","MILLWD",61759,293
"11/13/2004 12:21:19","EST","N.Y.C._LONGIL",,7941
"11/13/2004 12:21:19","EST","NORTH",61755,765
"11/13/2004 12:21:19","EST","WEST",61752,1805
"11/13/2004 12:22:49","EST","CAPITL",61757,1328
"11/13/2004 12:22:49","EST","CENTRL",61754,1969
"11/13/2004 12:22:49","EST","DUNWOD",61760,681
"11/13/2004 12:22:49","EST","GENESE",61753,1121
"11/13/2004 12:22:49","EST","HUD VL",61758,1226
"11/13/2004 12:22:49","EST","MHK VL",61756,846
"11/13/2004 12:22:49","EST","MILLWD",61759,277
"11/13/2004 12:22:49","EST","N.Y.C._LONGIL",,7937
"11/13/2004 12:22:49","EST","NORTH",61755,757
"11/13/2004 12:22:49","EST","WEST",61752,1799
"11/13/2004 12:27:49","EST","CAPITL",61757,1330
"11/13/2004 12:27:49","EST","CENTRL",61754,1970
"11/13/2004 12:27:49","EST","DUNWOD",61760,677
"11/13/2004 12:27:49","EST","GENESE",61753,1137
"11/13/2004 12:27:49","EST","HUD VL",61758,1221
"11/13/2004 12:27:49","EST","MHK VL",61756,844
"11/13/2004 12:27:49","EST","MILLWD",61759,272
"11/13/2004 12:27:49","EST","N.Y.C._LONGIL",,7929
"11/13/2004 12:27:49","EST","NORTH",61755,760
"11/13/2004 12:27:49","EST","WEST",61752,1774
"11/13/2004 12:32:49","EST","CAPITL",61757,1330
"11/13/2004 12:32:49","EST","CENTRL",61754,1959
"11/13/2004 12:32:49","EST","DUNWOD",61760,683
"11/13/2004 12:32:49","EST","GENESE",61753,1117
"11/13/2004 12:32:49","EST","HUD VL",61758,1216
"11/13/2004 12:32:49","EST","MHK VL",61756,850
"11/13/2004 12:32:49","EST","MILLWD",61759,276
"11/13/2004 12:32:49","EST","N.Y.C._LONGIL",,7951
"11/13/2004 12:32:49","EST","NORTH",61755,763
"11/13/2004 12:32:49","EST","WEST",61752,1813
"11/13/2004 12:34:19","EST","CAPITL",61757,1335
"11/13/2004 12:34:19","EST","CENTRL",61754,1955
"11/13/2004 12:34:19","EST","DUNWOD",61760,696
"11/13/2004 12:34:19","EST","GENESE",61753,1119
"11/13/2004 12:34:19","EST","HUD VL",61758,1229
"11/13/2004 12:34:19","EST","MHK VL",61756,846
"11/13/2004 12:34:19","EST","MILLWD",61759,261
"11/13/2004 12:34:19","EST","N.Y.C._LONGIL",,7923
"11/13/2004 12:34:19","EST","NORTH",61755,757
"11/13/2004 12:34:19","EST","WEST",61752,1792
"11/13/2004 12:36:19","EST","CAPITL",61757,1323
"11/13/2004 12:36:19","EST","CENTRL",61754,1966
"11/13/2004 12:36:19","EST","DUNWOD",61760,677
"11/13/2004 12:36:19","EST","GENESE",61753,1117
"11/13/2004 12:36:19","EST","HUD VL",61758,1219
"11/13/2004 12:36:19","EST","MHK VL",61756,843
"11/13/2004 12:36:19","EST","MILLWD",61759,285
"11/13/2004 12:36:19","EST","N.Y.C._LONGIL",,7948
"11/13/2004 12:36:19","EST","NORTH",61755,750
"11/13/2004 12:36:19","EST","WEST",61752,1784
"11/13/2004 12:41:19","EST","CAPITL",61757,1315
"11/13/2004 12:41:19","EST","CENTRL",61754,1965
"11/13/2004 12:41:19","EST","DUNWOD",61760,684
"11/13/2004 12:41:19","EST","GENESE",61753,1118
"11/13/2004 12:41:19","EST","HUD VL",61758,1224
"11/13/2004 12:41:19","EST","MHK VL",61756,842
"11/13/2004 12:41:19","EST","MILLWD",61759,275
"11/13/2004 12:41:19","EST","N.Y.C._LONGIL",,7965
"11/13/2004 12:41:19","EST","NORTH",61755,751
"11/13/2004 12:41:19","EST","WEST",61752,1789
"11/13/2004 12:42:49","EST","CAPITL",61757,1304
"11/13/2004 12:42:49","EST","CENTRL",61754,1935
"11/13/2004 12:42:49","EST","DUNWOD",61760,674
"11/13/2004 12:42:49","EST","GENESE",61753,1114
"11/13/2004 12:42:49","EST","HUD VL",61758,1235
"11/13/2004 12:42:49","EST","MHK VL",61756,838
"11/13/2004 12:42:49","EST","MILLWD",61759,278
"11/13/2004 12:42:49","EST","N.Y.C._LONGIL",,7944
"11/13/2004 12:42:49","EST","NORTH",61755,749
"11/13/2004 12:42:49","EST","WEST",61752,1765
"11/13/2004 12:47:49","EST","CAPITL",61757,1285
"11/13/2004 12:47:49","EST","CENTRL",61754,1923
"11/13/2004 12:47:49","EST","DUNWOD",61760,668
"11/13/2004 12:47:49","EST","GENESE",61753,1109
"11/13/2004 12:47:49","EST","HUD VL",61758,1226
"11/13/2004 12:47:49","EST","MHK VL",61756,837
"11/13/2004 12:47:49","EST","MILLWD",61759,277
"11/13/2004 12:47:49","EST","N.Y.C._LONGIL",,7941
"11/13/2004 12:47:49","EST","NORTH",61755,760
"11/13/2004 12:47:49","EST","WEST",61752,1801
"11/13/2004 12:49:19","EST","CAPITL",61757,1310
"11/13/2004 12:49:19","EST","CENTRL",61754,1950
"11/13/2004 12:49:19","EST","DUNWOD",61760,679
"11/13/2004 12:49:19","EST","GENESE",61753,1119
"11/13/2004 12:49:19","EST","HUD VL",61758,1222
"11/13/2004 12:49:19","EST","MHK VL",61756,834
"11/13/2004 12:49:19","EST","MILLWD",61759,271
"11/13/2004 12:49:19","EST","N.Y.C._LONGIL",,7938
"11/13/2004 12:49:19","EST","NORTH",61755,760
"11/13/2004 12:49:19","EST","WEST",61752,1809
"11/13/2004 12:54:19","EST","CAPITL",61757,1317
"11/13/2004 12:54:19","EST","CENTRL",61754,1945
"11/13/2004 12:54:19","EST","DUNWOD",61760,677
"11/13/2004 12:54:19","EST","GENESE",61753,1110
"11/13/2004 12:54:19","EST","HUD VL",61758,1212
"11/13/2004 12:54:19","EST","MHK VL",61756,837
"11/13/2004 12:54:19","EST","MILLWD",61759,269
"11/13/2004 12:54:19","EST","N.Y.C._LONGIL",,7934
"11/13/2004 12:54:19","EST","NORTH",61755,757
"11/13/2004 12:54:19","EST","WEST",61752,1793
"11/13/2004 12:55:49","EST","CAPITL",61757,1305
"11/13/2004 12:55:49","EST","CENTRL",61754,1945
"11/13/2004 12:55:49","EST","DUNWOD",61760,666
"11/13/2004 12:55:49","EST","GENESE",61753,1114
"11/13/2004 12:55:49","EST","HUD VL",61758,1223
"11/13/2004 12:55:49","EST","MHK VL",61756,833
"11/13/2004 12:55:49","EST","MILLWD",61759,268
"11/13/2004 12:55:49","EST","N.Y.C._LONGIL",,7925
"11/13/2004 12:55:49","EST","NORTH",61755,764
"11/13/2004 12:55:49","EST","WEST",61752,1812
"11/13/2004 13:00:00","EST","CAPITL",61757,1320
"11/13/2004 13:00:00","EST","CENTRL",61754,1930
"11/13/2004 13:00:00","EST","DUNWOD",61760,683
"11/13/2004 13:00:00","EST","GENESE",61753,1112
"11/13/2004 13:00:00","EST","HUD VL",61758,1196
"11/13/2004 13:00:00","EST","MHK VL",61756,836
"11/13/2004 13:00:00","EST","MILLWD",61759,274
"11/13/2004 13:00:00","EST","N.Y.C._LONGIL",,7908
"11/13/2004 13:00:00","EST","NORTH",61755,771
"11/13/2004 13:00:00","EST","WEST",61752,1794
"11/13/2004 13:00:49","EST","CAPITL",61757,1324
"11/13/2004 13:00:49","EST","CENTRL",61754,1950
"11/13/2004 13:00:49","EST","DUNWOD",61760,667
"11/13/2004 13:00:49","EST","GENESE",61753,1112
"11/13/2004 13:00:49","EST","HUD VL",61758,1210
"11/13/2004 13:00:49","EST","MHK VL",61756,832
"11/13/2004 13:00:49","EST","MILLWD",61759,277
"11/13/2004 13:00:49","EST","N.Y.C._LONGIL",,7898
"11/13/2004 13:00:49","EST","NORTH",61755,760
"11/13/2004 13:00:49","EST","WEST",61752,1798
"11/13/2004 13:05:49","EST","CAPITL",61757,1324
"11/13/2004 13:05:49","EST","CENTRL",61754,1910
"11/13/2004 13:05:49","EST","DUNWOD",61760,673
"11/13/2004 13:05:49","EST","GENESE",61753,1107
"11/13/2004 13:05:49","EST","HUD VL",61758,1218
"11/13/2004 13:05:49","EST","MHK VL",61756,835
"11/13/2004 13:05:49","EST","MILLWD",61759,265
"11/13/2004 13:05:49","EST","N.Y.C._LONGIL",,7886
"11/13/2004 13:05:49","EST","NORTH",61755,755
"11/13/2004 13:05:49","EST","WEST",61752,1779
"11/13/2004 13:10:49","EST","CAPITL",61757,1319
"11/13/2004 13:10:49","EST","CENTRL",61754,1937
"11/13/2004 13:10:49","EST","DUNWOD",61760,681
"11/13/2004 13:10:49","EST","GENESE",61753,1100
"11/13/2004 13:10:49","EST","HUD VL",61758,1217
"11/13/2004 13:10:49","EST","MHK VL",61756,827
"11/13/2004 13:10:49","EST","MILLWD",61759,270
"11/13/2004 13:10:49","EST","N.Y.C._LONGIL",,7881
"11/13/2004 13:10:49","EST","NORTH",61755,752
"11/13/2004 13:10:49","EST","WEST",61752,1770
"11/13/2004 13:15:19","EST","CAPITL",61757,1308
"11/13/2004 13:15:19","EST","CENTRL",61754,1937
"11/13/2004 13:15:19","EST","DUNWOD",61760,666
"11/13/2004 13:15:19","EST","GENESE",61753,1106
"11/13/2004 13:15:19","EST","HUD VL",61758,1202
"11/13/2004 13:15:19","EST","MHK VL",61756,830
"11/13/2004 13:15:19","EST","MILLWD",61759,276
"11/13/2004 13:15:19","EST","N.Y.C._LONGIL",,7879
"11/13/2004 13:15:19","EST","NORTH",61755,755
"11/13/2004 13:15:19","EST","WEST",61752,1771
"11/13/2004 13:17:19","EST","CAPITL",61757,1318
"11/13/2004 13:17:19","EST","CENTRL",61754,1930
"11/13/2004 13:17:19","EST","DUNWOD",61760,670
"11/13/2004 13:17:19","EST","GENESE",61753,1118
"11/13/2004 13:17:19","EST","HUD VL",61758,1225
"11/13/2004 13:17:19","EST","MHK VL",61756,825
"11/13/2004 13:17:19","EST","MILLWD",61759,272
"11/13/2004 13:17:19","EST","N.Y.C._LONGIL",,7875
"11/13/2004 13:17:19","EST","NORTH",61755,757
"11/13/2004 13:17:19","EST","WEST",61752,1760
"11/13/2004 13:22:19","EST","CAPITL",61757,1306
"11/13/2004 13:22:19","EST","CENTRL",61754,1926
"11/13/2004 13:22:19","EST","DUNWOD",61760,669
"11/13/2004 13:22:19","EST","GENESE",61753,1101
"11/13/2004 13:22:19","EST","HUD VL",61758,1214
"11/13/2004 13:22:19","EST","MHK VL",61756,826
"11/13/2004 13:22:19","EST","MILLWD",61759,268
"11/13/2004 13:22:19","EST","N.Y.C._LONGIL",,7874
"11/13/2004 13:22:19","EST","NORTH",61755,750
"11/13/2004 13:22:19","EST","WEST",61752,1760
"11/13/2004 13:23:49","EST","CAPITL",61757,1316
"11/13/2004 13:23:49","EST","CENTRL",61754,1929
"11/13/2004 13:23:49","EST","DUNWOD",61760,678
"11/13/2004 13:23:49","EST","GENESE",61753,1108
"11/13/2004 13:23:49","EST","HUD VL",61758,1214
"11/13/2004 13:23:49","EST","MHK VL",61756,835
"11/13/2004 13:23:49","EST","MILLWD",61759,263
"11/13/2004 13:23:49","EST","N.Y.C._LONGIL",,7870
"11/13/2004 13:23:49","EST","NORTH",61755,749
"11/13/2004 13:23:49","EST","WEST",61752,1752
"11/13/2004 13:25:19","EST","CAPITL",61757,1301
"11/13/2004 13:25:19","EST","CENTRL",61754,1926
"11/13/2004 13:25:19","EST","DUNWOD",61760,674
"11/13/2004 13:25:19","EST","GENESE",61753,1107
"11/13/2004 13:25:19","EST","HUD VL",61758,1216
"11/13/2004 13:25:19","EST","MHK VL",61756,828
"11/13/2004 13:25:19","EST","MILLWD",61759,265
"11/13/2004 13:25:19","EST","N.Y.C._LONGIL",,7865
"11/13/2004 13:25:19","EST","NORTH",61755,747
"11/13/2004 13:25:19","EST","WEST",61752,1758
"11/13/2004 13:30:19","EST","CAPITL",61757,1302
"11/13/2004 13:30:19","EST","CENTRL",61754,1919
"11/13/2004 13:30:19","EST","DUNWOD",61760,669
"11/13/2004 13:30:19","EST","GENESE",61753,1104
"11/13/2004 13:30:19","EST","HUD VL",61758,1220
"11/13/2004 13:30:19","EST","MHK VL",61756,824
"11/13/2004 13:30:19","EST","MILLWD",61759,261
"11/13/2004 13:30:19","EST","N.Y.C._LONGIL",,7863
"11/13/2004 13:30:19","EST","NORTH",61755,751
"11/13/2004 13:30:19","EST","WEST",61752,1763
"11/13/2004 13:31:49","EST","CAPITL",61757,1306
"11/13/2004 13:31:49","EST","CENTRL",61754,1882
"11/13/2004 13:31:49","EST","DUNWOD",61760,684
"11/13/2004 13:31:49","EST","GENESE",61753,1097
"11/13/2004 13:31:49","EST","HUD VL",61758,1219
"11/13/2004 13:31:49","EST","MHK VL",61756,823
"11/13/2004 13:31:49","EST","MILLWD",61759,259
"11/13/2004 13:31:49","EST","N.Y.C._LONGIL",,7869
"11/13/2004 13:31:49","EST","NORTH",61755,749
"11/13/2004 13:31:49","EST","WEST",61752,1769
"11/13/2004 13:36:19","EST","CAPITL",61757,1309
"11/13/2004 13:36:19","EST","CENTRL",61754,1877
"11/13/2004 13:36:19","EST","DUNWOD",61760,679
"11/13/2004 13:36:19","EST","GENESE",61753,1090
"11/13/2004 13:36:19","EST","HUD VL",61758,1193
"11/13/2004 13:36:19","EST","MHK VL",61756,832
"11/13/2004 13:36:19","EST","MILLWD",61759,260
"11/13/2004 13:36:19","EST","N.Y.C._LONGIL",,7867
"11/13/2004 13:36:19","EST","NORTH",61755,748
"11/13/2004 13:36:19","EST","WEST",61752,1781
"11/13/2004 13:41:19","EST","CAPITL",61757,1320
"11/13/2004 13:41:19","EST","CENTRL",61754,1863
"11/13/2004 13:41:19","EST","DUNWOD",61760,677
"11/13/2004 13:41:19","EST","GENESE",61753,1097
"11/13/2004 13:41:19","EST","HUD VL",61758,1203
"11/13/2004 13:41:19","EST","MHK VL",61756,823
"11/13/2004 13:41:19","EST","MILLWD",61759,263
"11/13/2004 13:41:19","EST","N.Y.C._LONGIL",,7842
"11/13/2004 13:41:19","EST","NORTH",61755,750
"11/13/2004 13:41:19","EST","WEST",61752,1758
"11/13/2004 13:42:49","EST","CAPITL",61757,1303
"11/13/2004 13:42:49","EST","CENTRL",61754,1903
"11/13/2004 13:42:49","EST","DUNWOD",61760,662
"11/13/2004 13:42:49","EST","GENESE",61753,1093
"11/13/2004 13:42:49","EST","HUD VL",61758,1214
"11/13/2004 13:42:49","EST","MHK VL",61756,821
"11/13/2004 13:42:49","EST","MILLWD",61759,262
"11/13/2004 13:42:49","EST","N.Y.C._LONGIL",,7847
"11/13/2004 13:42:49","EST","NORTH",61755,748
"11/13/2004 13:42:49","EST","WEST",61752,1757
"11/13/2004 13:47:49","EST","CAPITL",61757,1298
"11/13/2004 13:47:49","EST","CENTRL",61754,1899
"11/13/2004 13:47:49","EST","DUNWOD",61760,680
"11/13/2004 13:47:49","EST","GENESE",61753,1078
"11/13/2004 13:47:49","EST","HUD VL",61758,1200
"11/13/2004 13:47:49","EST","MHK VL",61756,815
"11/13/2004 13:47:49","EST","MILLWD",61759,251
"11/13/2004 13:47:49","EST","N.Y.C._LONGIL",,7851
"11/13/2004 13:47:49","EST","NORTH",61755,752
"11/13/2004 13:47:49","EST","WEST",61752,1752
"11/13/2004 13:52:49","EST","CAPITL",61757,1305
"11/13/2004 13:52:49","EST","CENTRL",61754,1898
"11/13/2004 13:52:49","EST","DUNWOD",61760,688
"11/13/2004 13:52:49","EST","GENESE",61753,1075
"11/13/2004 13:52:49","EST","HUD VL",61758,1199
"11/13/2004 13:52:49","EST","MHK VL",61756,816
"11/13/2004 13:52:49","EST","MILLWD",61759,250
"11/13/2004 13:52:49","EST","N.Y.C._LONGIL",,7843
"11/13/2004 13:52:49","EST","NORTH",61755,753
"11/13/2004 13:52:49","EST","WEST",61752,1769
"11/13/2004 13:55:19","EST","CAPITL",61757,1298
"11/13/2004 13:55:19","EST","CENTRL",61754,1897
"11/13/2004 13:55:19","EST","DUNWOD",61760,666
"11/13/2004 13:55:19","EST","GENESE",61753,1075
"11/13/2004 13:55:19","EST","HUD VL",61758,1182
"11/13/2004 13:55:19","EST","MHK VL",61756,824
"11/13/2004 13:55:19","EST","MILLWD",61759,264
"11/13/2004 13:55:19","EST","N.Y.C._LONGIL",,7845
"11/13/2004 13:55:19","EST","NORTH",61755,755
"11/13/2004 13:55:19","EST","WEST",61752,1784
"11/13/2004 14:00:00","EST","CAPITL",61757,1296
"11/13/2004 14:00:00","EST","CENTRL",61754,1907
"11/13/2004 14:00:00","EST","DUNWOD",61760,668
"11/13/2004 14:00:00","EST","GENESE",61753,1076
"11/13/2004 14:00:00","EST","HUD VL",61758,1194
"11/13/2004 14:00:00","EST","MHK VL",61756,817
"11/13/2004 14:00:00","EST","MILLWD",61759,255
"11/13/2004 14:00:00","EST","N.Y.C._LONGIL",,7823
"11/13/2004 14:00:00","EST","NORTH",61755,735
"11/13/2004 14:00:00","EST","WEST",61752,1758
"11/13/2004 14:00:49","EST","CAPITL",61757,1279
"11/13/2004 14:00:49","EST","CENTRL",61754,1860
"11/13/2004 14:00:49","EST","DUNWOD",61760,672
"11/13/2004 14:00:49","EST","GENESE",61753,1089
"11/13/2004 14:00:49","EST","HUD VL",61758,1190
"11/13/2004 14:00:49","EST","MHK VL",61756,817
"11/13/2004 14:00:49","EST","MILLWD",61759,263
"11/13/2004 14:00:49","EST","N.Y.C._LONGIL",,7818
"11/13/2004 14:00:49","EST","NORTH",61755,751
"11/13/2004 14:00:49","EST","WEST",61752,1752
"11/13/2004 14:05:19","EST","CAPITL",61757,1280
"11/13/2004 14:05:19","EST","CENTRL",61754,1912
"11/13/2004 14:05:19","EST","DUNWOD",61760,671
"11/13/2004 14:05:19","EST","GENESE",61753,1092
"11/13/2004 14:05:19","EST","HUD VL",61758,1205
"11/13/2004 14:05:19","EST","MHK VL",61756,817
"11/13/2004 14:05:19","EST","MILLWD",61759,248
"11/13/2004 14:05:19","EST","N.Y.C._LONGIL",,7819
"11/13/2004 14:05:19","EST","NORTH",61755,750
"11/13/2004 14:05:19","EST","WEST",61752,1748
"11/13/2004 14:10:19","EST","CAPITL",61757,1291
"11/13/2004 14:10:19","EST","CENTRL",61754,1901
"11/13/2004 14:10:19","EST","DUNWOD",61760,678
"11/13/2004 14:10:19","EST","GENESE",61753,1071
"11/13/2004 14:10:19","EST","HUD VL",61758,1188
"11/13/2004 14:10:19","EST","MHK VL",61756,818
"11/13/2004 14:10:19","EST","MILLWD",61759,250
"11/13/2004 14:10:19","EST","N.Y.C._LONGIL",,7797
"11/13/2004 14:10:19","EST","NORTH",61755,748
"11/13/2004 14:10:19","EST","WEST",61752,1748
"11/13/2004 14:11:49","EST","CAPITL",61757,1283
"11/13/2004 14:11:49","EST","CENTRL",61754,1916
"11/13/2004 14:11:49","EST","DUNWOD",61760,669
"11/13/2004 14:11:49","EST","GENESE",61753,1082
"11/13/2004 14:11:49","EST","HUD VL",61758,1180
"11/13/2004 14:11:49","EST","MHK VL",61756,815
"11/13/2004 14:11:49","EST","MILLWD",61759,254
"11/13/2004 14:11:49","EST","N.Y.C._LONGIL",,7819
"11/13/2004 14:11:49","EST","NORTH",61755,752
"11/13/2004 14:11:49","EST","WEST",61752,1760
"11/13/2004 14:14:49","EST","CAPITL",61757,1284
"11/13/2004 14:14:49","EST","CENTRL",61754,1913
"11/13/2004 14:14:49","EST","DUNWOD",61760,670
"11/13/2004 14:14:49","EST","GENESE",61753,1080
"11/13/2004 14:14:49","EST","HUD VL",61758,1189
"11/13/2004 14:14:49","EST","MHK VL",61756,814
"11/13/2004 14:14:49","EST","MILLWD",61759,249
"11/13/2004 14:14:49","EST","N.Y.C._LONGIL",,7797
"11/13/2004 14:14:49","EST","NORTH",61755,747
"11/13/2004 14:14:49","EST","WEST",61752,1755
"11/13/2004 14:19:49","EST","CAPITL",61757,1278
"11/13/2004 14:19:49","EST","CENTRL",61754,1905
"11/13/2004 14:19:49","EST","DUNWOD",61760,678
"11/13/2004 14:19:49","EST","GENESE",61753,1081
"11/13/2004 14:19:49","EST","HUD VL",61758,1178
"11/13/2004 14:19:49","EST","MHK VL",61756,813
"11/13/2004 14:19:49","EST","MILLWD",61759,256
"11/13/2004 14:19:49","EST","N.Y.C._LONGIL",,7766
"11/13/2004 14:19:49","EST","NORTH",61755,742
"11/13/2004 14:19:49","EST","WEST",61752,1750
"11/13/2004 14:24:49","EST","CAPITL",61757,1271
"11/13/2004 14:24:49","EST","CENTRL",61754,1866
"11/13/2004 14:24:49","EST","DUNWOD",61760,669
"11/13/2004 14:24:49","EST","GENESE",61753,1083
"11/13/2004 14:24:49","EST","HUD VL",61758,1189
"11/13/2004 14:24:49","EST","MHK VL",61756,813
"11/13/2004 14:24:49","EST","MILLWD",61759,252
"11/13/2004 14:24:49","EST","N.Y.C._LONGIL",,7768
"11/13/2004 14:24:49","EST","NORTH",61755,750
"11/13/2004 14:24:49","EST","WEST",61752,1734
"11/13/2004 14:29:49","EST","CAPITL",61757,1272
"11/13/2004 14:29:49","EST","CENTRL",61754,1892
"11/13/2004 14:29:49","EST","DUNWOD",61760,683
"11/13/2004 14:29:49","EST","GENESE",61753,1076
"11/13/2004 14:29:49","EST","HUD VL",61758,1201
"11/13/2004 14:29:49","EST","MHK VL",61756,827
"11/13/2004 14:29:49","EST","MILLWD",61759,248
"11/13/2004 14:29:49","EST","N.Y.C._LONGIL",,7752
"11/13/2004 14:29:49","EST","NORTH",61755,728
"11/13/2004 14:29:49","EST","WEST",61752,1731
"11/13/2004 14:32:19","EST","CAPITL",61757,1285
"11/13/2004 14:32:19","EST","CENTRL",61754,1873
"11/13/2004 14:32:19","EST","DUNWOD",61760,680
"11/13/2004 14:32:19","EST","GENESE",61753,1071
"11/13/2004 14:32:19","EST","HUD VL",61758,1183
"11/13/2004 14:32:19","EST","MHK VL",61756,820
"11/13/2004 14:32:19","EST","MILLWD",61759,252
"11/13/2004 14:32:19","EST","N.Y.C._LONGIL",,7757
"11/13/2004 14:32:19","EST","NORTH",61755,735
"11/13/2004 14:32:19","EST","WEST",61752,1731
"11/13/2004 14:35:49","EST","CAPITL",61757,1290
"11/13/2004 14:35:49","EST","CENTRL",61754,1857
"11/13/2004 14:35:49","EST","DUNWOD",61760,668
"11/13/2004 14:35:49","EST","GENESE",61753,1068
"11/13/2004 14:35:49","EST","HUD VL",61758,1169
"11/13/2004 14:35:49","EST","MHK VL",61756,819
"11/13/2004 14:35:49","EST","MILLWD",61759,258
"11/13/2004 14:35:49","EST","N.Y.C._LONGIL",,7744
"11/13/2004 14:35:49","EST","NORTH",61755,746
"11/13/2004 14:35:49","EST","WEST",61752,1744
"11/13/2004 14:40:49","EST","CAPITL",61757,1294
"11/13/2004 14:40:49","EST","CENTRL",61754,1898
"11/13/2004 14:40:49","EST","DUNWOD",61760,687
"11/13/2004 14:40:49","EST","GENESE",61753,1069
"11/13/2004 14:40:49","EST","HUD VL",61758,1167
"11/13/2004 14:40:49","EST","MHK VL",61756,823
"11/13/2004 14:40:49","EST","MILLWD",61759,255
"11/13/2004 14:40:49","EST","N.Y.C._LONGIL",,7751
"11/13/2004 14:40:49","EST","NORTH",61755,739
"11/13/2004 14:40:49","EST","WEST",61752,1754
"11/13/2004 14:42:19","EST","CAPITL",61757,1288
"11/13/2004 14:42:19","EST","CENTRL",61754,1874
"11/13/2004 14:42:19","EST","DUNWOD",61760,679
"11/13/2004 14:42:19","EST","GENESE",61753,1060
"11/13/2004 14:42:19","EST","HUD VL",61758,1169
"11/13/2004 14:42:19","EST","MHK VL",61756,816
"11/13/2004 14:42:19","EST","MILLWD",61759,256
"11/13/2004 14:42:19","EST","N.Y.C._LONGIL",,7707
"11/13/2004 14:42:19","EST","NORTH",61755,744
"11/13/2004 14:42:19","EST","WEST",61752,1737
"11/13/2004 14:47:19","EST","CAPITL",61757,1299
"11/13/2004 14:47:19","EST","CENTRL",61754,1861
"11/13/2004 14:47:19","EST","DUNWOD",61760,675
"11/13/2004 14:47:19","EST","GENESE",61753,1061
"11/13/2004 14:47:19","EST","HUD VL",61758,1179
"11/13/2004 14:47:19","EST","MHK VL",61756,812
"11/13/2004 14:47:19","EST","MILLWD",61759,240
"11/13/2004 14:47:19","EST","N.Y.C._LONGIL",,7730
"11/13/2004 14:47:19","EST","NORTH",61755,757
"11/13/2004 14:47:19","EST","WEST",61752,1739
"11/13/2004 14:48:49","EST","CAPITL",61757,1284
"11/13/2004 14:48:49","EST","CENTRL",61754,1889
"11/13/2004 14:48:49","EST","DUNWOD",61760,672
"11/13/2004 14:48:49","EST","GENESE",61753,1080
"11/13/2004 14:48:49","EST","HUD VL",61758,1200
"11/13/2004 14:48:49","EST","MHK VL",61756,809
"11/13/2004 14:48:49","EST","MILLWD",61759,251
"11/13/2004 14:48:49","EST","N.Y.C._LONGIL",,7732
"11/13/2004 14:48:49","EST","NORTH",61755,748
"11/13/2004 14:48:49","EST","WEST",61752,1742
"11/13/2004 14:53:49","EST","CAPITL",61757,1296
"11/13/2004 14:53:49","EST","CENTRL",61754,1881
"11/13/2004 14:53:49","EST","DUNWOD",61760,667
"11/13/2004 14:53:49","EST","GENESE",61753,1079
"11/13/2004 14:53:49","EST","HUD VL",61758,1184
"11/13/2004 14:53:49","EST","MHK VL",61756,821
"11/13/2004 14:53:49","EST","MILLWD",61759,251
"11/13/2004 14:53:49","EST","N.Y.C._LONGIL",,7718
"11/13/2004 14:53:49","EST","NORTH",61755,726
"11/13/2004 14:53:49","EST","WEST",61752,1699
"11/13/2004 14:55:19","EST","CAPITL",61757,1300
"11/13/2004 14:55:19","EST","CENTRL",61754,1901
"11/13/2004 14:55:19","EST","DUNWOD",61760,681
"11/13/2004 14:55:19","EST","GENESE",61753,1060
"11/13/2004 14:55:19","EST","HUD VL",61758,1182
"11/13/2004 14:55:19","EST","MHK VL",61756,822
"11/13/2004 14:55:19","EST","MILLWD",61759,251
"11/13/2004 14:55:19","EST","N.Y.C._LONGIL",,7711
"11/13/2004 14:55:19","EST","NORTH",61755,738
"11/13/2004 14:55:19","EST","WEST",61752,1721
"11/13/2004 15:00:00","EST","CAPITL",61757,1297
"11/13/2004 15:00:00","EST","CENTRL",61754,1880
"11/13/2004 15:00:00","EST","DUNWOD",61760,674
"11/13/2004 15:00:00","EST","GENESE",61753,1065
"11/13/2004 15:00:00","EST","HUD VL",61758,1203
"11/13/2004 15:00:00","EST","MHK VL",61756,822
"11/13/2004 15:00:00","EST","MILLWD",61759,247
"11/13/2004 15:00:00","EST","N.Y.C._LONGIL",,7703
"11/13/2004 15:00:00","EST","NORTH",61755,744
"11/13/2004 15:00:00","EST","WEST",61752,1746
"11/13/2004 15:00:49","EST","CAPITL",61757,1293
"11/13/2004 15:00:49","EST","CENTRL",61754,1890
"11/13/2004 15:00:49","EST","DUNWOD",61760,685
"11/13/2004 15:00:49","EST","GENESE",61753,1066
"11/13/2004 15:00:49","EST","HUD VL",61758,1182
"11/13/2004 15:00:49","EST","MHK VL",61756,817
"11/13/2004 15:00:49","EST","MILLWD",61759,256
"11/13/2004 15:00:49","EST","N.Y.C._LONGIL",,7706
"11/13/2004 15:00:49","EST","NORTH",61755,757
"11/13/2004 15:00:49","EST","WEST",61752,1728
"11/13/2004 15:05:19","EST","CAPITL",61757,1304
"11/13/2004 15:05:19","EST","CENTRL",61754,1879
"11/13/2004 15:05:19","EST","DUNWOD",61760,687
"11/13/2004 15:05:19","EST","GENESE",61753,1052
"11/13/2004 15:05:19","EST","HUD VL",61758,1206
"11/13/2004 15:05:19","EST","MHK VL",61756,814
"11/13/2004 15:05:19","EST","MILLWD",61759,247
"11/13/2004 15:05:19","EST","N.Y.C._LONGIL",,7703
"11/13/2004 15:05:19","EST","NORTH",61755,740
"11/13/2004 15:05:19","EST","WEST",61752,1738
"11/13/2004 15:10:19","EST","CAPITL",61757,1301
"11/13/2004 15:10:19","EST","CENTRL",61754,1873
"11/13/2004 15:10:19","EST","DUNWOD",61760,731
"11/13/2004 15:10:19","EST","GENESE",61753,1057
"11/13/2004 15:10:19","EST","HUD VL",61758,1071
"11/13/2004 15:10:19","EST","MHK VL",61756,818
"11/13/2004 15:10:19","EST","MILLWD",61759,249
"11/13/2004 15:10:19","EST","N.Y.C._LONGIL",,7671
"11/13/2004 15:10:19","EST","NORTH",61755,741
"11/13/2004 15:10:19","EST","WEST",61752,1741
"11/13/2004 15:11:49","EST","CAPITL",61757,1283
"11/13/2004 15:11:49","EST","CENTRL",61754,1910
"11/13/2004 15:11:49","EST","DUNWOD",61760,672
"11/13/2004 15:11:49","EST","GENESE",61753,1074
"11/13/2004 15:11:49","EST","HUD VL",61758,1201
"11/13/2004 15:11:49","EST","MHK VL",61756,814
"11/13/2004 15:11:49","EST","MILLWD",61759,246
"11/13/2004 15:11:49","EST","N.Y.C._LONGIL",,7738
"11/13/2004 15:11:49","EST","NORTH",61755,747
"11/13/2004 15:11:49","EST","WEST",61752,1721
"11/13/2004 15:16:49","EST","CAPITL",61757,1305
"11/13/2004 15:16:49","EST","CENTRL",61754,1893
"11/13/2004 15:16:49","EST","DUNWOD",61760,677
"11/13/2004 15:16:49","EST","GENESE",61753,1065
"11/13/2004 15:16:49","EST","HUD VL",61758,1193
"11/13/2004 15:16:49","EST","MHK VL",61756,820
"11/13/2004 15:16:49","EST","MILLWD",61759,253
"11/13/2004 15:16:49","EST","N.Y.C._LONGIL",,7687
"11/13/2004 15:16:49","EST","NORTH",61755,742
"11/13/2004 15:16:49","EST","WEST",61752,1727
"11/13/2004 15:21:49","EST","CAPITL",61757,1301
"11/13/2004 15:21:49","EST","CENTRL",61754,1903
"11/13/2004 15:21:49","EST","DUNWOD",61760,676
"11/13/2004 15:21:49","EST","GENESE",61753,1061
"11/13/2004 15:21:49","EST","HUD VL",61758,1199
"11/13/2004 15:21:49","EST","MHK VL",61756,834
"11/13/2004 15:21:49","EST","MILLWD",61759,246
"11/13/2004 15:21:49","EST","N.Y.C._LONGIL",,7723
"11/13/2004 15:21:49","EST","NORTH",61755,738
"11/13/2004 15:21:49","EST","WEST",61752,1742
"11/13/2004 15:26:49","EST","CAPITL",61757,1312
"11/13/2004 15:26:49","EST","CENTRL",61754,1865
"11/13/2004 15:26:49","EST","DUNWOD",61760,681
"11/13/2004 15:26:49","EST","GENESE",61753,1078
"11/13/2004 15:26:49","EST","HUD VL",61758,1199
"11/13/2004 15:26:49","EST","MHK VL",61756,819
"11/13/2004 15:26:49","EST","MILLWD",61759,249
"11/13/2004 15:26:49","EST","N.Y.C._LONGIL",,7729
"11/13/2004 15:26:49","EST","NORTH",61755,746
"11/13/2004 15:26:49","EST","WEST",61752,1741
"11/13/2004 15:31:49","EST","CAPITL",61757,1305
"11/13/2004 15:31:49","EST","CENTRL",61754,1873
"11/13/2004 15:31:49","EST","DUNWOD",61760,676
"11/13/2004 15:31:49","EST","GENESE",61753,1074
"11/13/2004 15:31:49","EST","HUD VL",61758,1197
"11/13/2004 15:31:49","EST","MHK VL",61756,836
"11/13/2004 15:31:49","EST","MILLWD",61759,251
"11/13/2004 15:31:49","EST","N.Y.C._LONGIL",,7750
"11/13/2004 15:31:49","EST","NORTH",61755,740
"11/13/2004 15:31:49","EST","WEST",61752,1750
"11/13/2004 15:33:19","EST","CAPITL",61757,1323
"11/13/2004 15:33:19","EST","CENTRL",61754,1903
"11/13/2004 15:33:19","EST","DUNWOD",61760,682
"11/13/2004 15:33:19","EST","GENESE",61753,1058
"11/13/2004 15:33:19","EST","HUD VL",61758,1194
"11/13/2004 15:33:19","EST","MHK VL",61756,840
"11/13/2004 15:33:19","EST","MILLWD",61759,253
"11/13/2004 15:33:19","EST","N.Y.C._LONGIL",,7723
"11/13/2004 15:33:19","EST","NORTH",61755,729
"11/13/2004 15:33:19","EST","WEST",61752,1737
"11/13/2004 15:38:19","EST","CAPITL",61757,1302
"11/13/2004 15:38:19","EST","CENTRL",61754,1898
"11/13/2004 15:38:19","EST","DUNWOD",61760,690
"11/13/2004 15:38:19","EST","GENESE",61753,1069
"11/13/2004 15:38:19","EST","HUD VL",61758,1174
"11/13/2004 15:38:19","EST","MHK VL",61756,844
"11/13/2004 15:38:19","EST","MILLWD",61759,254
"11/13/2004 15:38:19","EST","N.Y.C._LONGIL",,7749
"11/13/2004 15:38:19","EST","NORTH",61755,733
"11/13/2004 15:38:19","EST","WEST",61752,1725
"11/13/2004 15:39:49","EST","CAPITL",61757,1285
"11/13/2004 15:39:49","EST","CENTRL",61754,1877
"11/13/2004 15:39:49","EST","DUNWOD",61760,671
"11/13/2004 15:39:49","EST","GENESE",61753,1073
"11/13/2004 15:39:49","EST","HUD VL",61758,1201
"11/13/2004 15:39:49","EST","MHK VL",61756,828
"11/13/2004 15:39:49","EST","MILLWD",61759,260
"11/13/2004 15:39:49","EST","N.Y.C._LONGIL",,7745
"11/13/2004 15:39:49","EST","NORTH",61755,757
"11/13/2004 15:39:49","EST","WEST",61752,1738
"11/13/2004 15:44:49","EST","CAPITL",61757,1312
"11/13/2004 15:44:49","EST","CENTRL",61754,1908
"11/13/2004 15:44:49","EST","DUNWOD",61760,679
"11/13/2004 15:44:49","EST","GENESE",61753,1068
"11/13/2004 15:44:49","EST","HUD VL",61758,1210
"11/13/2004 15:44:49","EST","MHK VL",61756,833
"11/13/2004 15:44:49","EST","MILLWD",61759,259
"11/13/2004 15:44:49","EST","N.Y.C._LONGIL",,7751
"11/13/2004 15:44:49","EST","NORTH",61755,746
"11/13/2004 15:44:49","EST","WEST",61752,1721
"11/13/2004 15:49:49","EST","CAPITL",61757,1305
"11/13/2004 15:49:49","EST","CENTRL",61754,1913
"11/13/2004 15:49:49","EST","DUNWOD",61760,682
"11/13/2004 15:49:49","EST","GENESE",61753,1070
"11/13/2004 15:49:49","EST","HUD VL",61758,1210
"11/13/2004 15:49:49","EST","MHK VL",61756,840
"11/13/2004 15:49:49","EST","MILLWD",61759,255
"11/13/2004 15:49:49","EST","N.Y.C._LONGIL",,7791
"11/13/2004 15:49:49","EST","NORTH",61755,750
"11/13/2004 15:49:49","EST","WEST",61752,1750
"11/13/2004 15:54:49","EST","CAPITL",61757,1274
"11/13/2004 15:54:49","EST","CENTRL",61754,1926
"11/13/2004 15:54:49","EST","DUNWOD",61760,682
"11/13/2004 15:54:49","EST","GENESE",61753,1079
"11/13/2004 15:54:49","EST","HUD VL",61758,1212
"11/13/2004 15:54:49","EST","MHK VL",61756,841
"11/13/2004 15:54:49","EST","MILLWD",61759,265
"11/13/2004 15:54:49","EST","N.Y.C._LONGIL",,7785
"11/13/2004 15:54:49","EST","NORTH",61755,752
"11/13/2004 15:54:49","EST","WEST",61752,1749
"11/13/2004 15:56:19","EST","CAPITL",61757,1303
"11/13/2004 15:56:19","EST","CENTRL",61754,1888
"11/13/2004 15:56:19","EST","DUNWOD",61760,692
"11/13/2004 15:56:19","EST","GENESE",61753,1085
"11/13/2004 15:56:19","EST","HUD VL",61758,1217
"11/13/2004 15:56:19","EST","MHK VL",61756,845
"11/13/2004 15:56:19","EST","MILLWD",61759,266
"11/13/2004 15:56:19","EST","N.Y.C._LONGIL",,7805
"11/13/2004 15:56:19","EST","NORTH",61755,749
"11/13/2004 15:56:19","EST","WEST",61752,1742
"11/13/2004 16:00:00","EST","CAPITL",61757,1301
"11/13/2004 16:00:00","EST","CENTRL",61754,1939
"11/13/2004 16:00:00","EST","DUNWOD",61760,707
"11/13/2004 16:00:00","EST","GENESE",61753,1075
"11/13/2004 16:00:00","EST","HUD VL",61758,1148
"11/13/2004 16:00:00","EST","MHK VL",61756,879
"11/13/2004 16:00:00","EST","MILLWD",61759,229
"11/13/2004 16:00:00","EST","N.Y.C._LONGIL",,7916
"11/13/2004 16:00:00","EST","NORTH",61755,777
"11/13/2004 16:00:00","EST","WEST",61752,1754
"11/13/2004 16:00:49","EST","CAPITL",61757,1304
"11/13/2004 16:00:49","EST","CENTRL",61754,1906
"11/13/2004 16:00:49","EST","DUNWOD",61760,706
"11/13/2004 16:00:49","EST","GENESE",61753,1078
"11/13/2004 16:00:49","EST","HUD VL",61758,1220
"11/13/2004 16:00:49","EST","MHK VL",61756,853
"11/13/2004 16:00:49","EST","MILLWD",61759,238
"11/13/2004 16:00:49","EST","N.Y.C._LONGIL",,7859
"11/13/2004 16:00:49","EST","NORTH",61755,766
"11/13/2004 16:00:49","EST","WEST",61752,1747
"11/13/2004 16:02:19","EST","CAPITL",61757,1316
"11/13/2004 16:02:19","EST","CENTRL",61754,1935
"11/13/2004 16:02:19","EST","DUNWOD",61760,694
"11/13/2004 16:02:19","EST","GENESE",61753,1086
"11/13/2004 16:02:19","EST","HUD VL",61758,1241
"11/13/2004 16:02:19","EST","MHK VL",61756,834
"11/13/2004 16:02:19","EST","MILLWD",61759,234
"11/13/2004 16:02:19","EST","N.Y.C._LONGIL",,7872
"11/13/2004 16:02:19","EST","NORTH",61755,748
"11/13/2004 16:02:19","EST","WEST",61752,1725
"11/13/2004 16:07:19","EST","CAPITL",61757,1320
"11/13/2004 16:07:19","EST","CENTRL",61754,1942
"11/13/2004 16:07:19","EST","DUNWOD",61760,698
"11/13/2004 16:07:19","EST","GENESE",61753,1091
"11/13/2004 16:07:19","EST","HUD VL",61758,1241
"11/13/2004 16:07:19","EST","MHK VL",61756,843
"11/13/2004 16:07:19","EST","MILLWD",61759,234
"11/13/2004 16:07:19","EST","N.Y.C._LONGIL",,7893
"11/13/2004 16:07:19","EST","NORTH",61755,749
"11/13/2004 16:07:19","EST","WEST",61752,1749
"11/13/2004 16:08:49","EST","CAPITL",61757,1332
"11/13/2004 16:08:49","EST","CENTRL",61754,1944
"11/13/2004 16:08:49","EST","DUNWOD",61760,711
"11/13/2004 16:08:49","EST","GENESE",61753,1085
"11/13/2004 16:08:49","EST","HUD VL",61758,1248
"11/13/2004 16:08:49","EST","MHK VL",61756,854
"11/13/2004 16:08:49","EST","MILLWD",61759,224
"11/13/2004 16:08:49","EST","N.Y.C._LONGIL",,7904
"11/13/2004 16:08:49","EST","NORTH",61755,760
"11/13/2004 16:08:49","EST","WEST",61752,1766
"11/13/2004 16:13:49","EST","CAPITL",61757,1354
"11/13/2004 16:13:49","EST","CENTRL",61754,1924
"11/13/2004 16:13:49","EST","DUNWOD",61760,717
"11/13/2004 16:13:49","EST","GENESE",61753,1097
"11/13/2004 16:13:49","EST","HUD VL",61758,1242
"11/13/2004 16:13:49","EST","MHK VL",61756,846
"11/13/2004 16:13:49","EST","MILLWD",61759,228
"11/13/2004 16:13:49","EST","N.Y.C._LONGIL",,7928
"11/13/2004 16:13:49","EST","NORTH",61755,759
"11/13/2004 16:13:49","EST","WEST",61752,1766
"11/13/2004 16:18:49","EST","CAPITL",61757,1366
"11/13/2004 16:18:49","EST","CENTRL",61754,1933
"11/13/2004 16:18:49","EST","DUNWOD",61760,712
"11/13/2004 16:18:49","EST","GENESE",61753,1103
"11/13/2004 16:18:49","EST","HUD VL",61758,1274
"11/13/2004 16:18:49","EST","MHK VL",61756,866
"11/13/2004 16:18:49","EST","MILLWD",61759,241
"11/13/2004 16:18:49","EST","N.Y.C._LONGIL",,7995
"11/13/2004 16:18:49","EST","NORTH",61755,747
"11/13/2004 16:18:49","EST","WEST",61752,1777
"11/13/2004 16:23:49","EST","CAPITL",61757,1370
"11/13/2004 16:23:49","EST","CENTRL",61754,1981
"11/13/2004 16:23:49","EST","DUNWOD",61760,722
"11/13/2004 16:23:49","EST","GENESE",61753,1120
"11/13/2004 16:23:49","EST","HUD VL",61758,1269
"11/13/2004 16:23:49","EST","MHK VL",61756,872
"11/13/2004 16:23:49","EST","MILLWD",61759,239
"11/13/2004 16:23:49","EST","N.Y.C._LONGIL",,8040
"11/13/2004 16:23:49","EST","NORTH",61755,755
"11/13/2004 16:23:49","EST","WEST",61752,1774
"11/13/2004 16:27:19","EST","CAPITL",61757,1388
"11/13/2004 16:27:19","EST","CENTRL",61754,2007
"11/13/2004 16:27:19","EST","DUNWOD",61760,734
"11/13/2004 16:27:19","EST","GENESE",61753,1129
"11/13/2004 16:27:19","EST","HUD VL",61758,1290
"11/13/2004 16:27:19","EST","MHK VL",61756,870
"11/13/2004 16:27:19","EST","MILLWD",61759,235
"11/13/2004 16:27:19","EST","N.Y.C._LONGIL",,8067
"11/13/2004 16:27:19","EST","NORTH",61755,755
"11/13/2004 16:27:19","EST","WEST",61752,1769
"11/13/2004 16:28:49","EST","CAPITL",61757,1368
"11/13/2004 16:28:49","EST","CENTRL",61754,1999
"11/13/2004 16:28:49","EST","DUNWOD",61760,719
"11/13/2004 16:28:49","EST","GENESE",61753,1132
"11/13/2004 16:28:49","EST","HUD VL",61758,1290
"11/13/2004 16:28:49","EST","MHK VL",61756,878
"11/13/2004 16:28:49","EST","MILLWD",61759,239
"11/13/2004 16:28:49","EST","N.Y.C._LONGIL",,8109
"11/13/2004 16:28:49","EST","NORTH",61755,753
"11/13/2004 16:28:49","EST","WEST",61752,1771
"11/13/2004 16:30:19","EST","CAPITL",61757,1380
"11/13/2004 16:30:19","EST","CENTRL",61754,2013
"11/13/2004 16:30:19","EST","DUNWOD",61760,726
"11/13/2004 16:30:19","EST","GENESE",61753,1122
"11/13/2004 16:30:19","EST","HUD VL",61758,1300
"11/13/2004 16:30:19","EST","MHK VL",61756,879
"11/13/2004 16:30:19","EST","MILLWD",61759,238
"11/13/2004 16:30:19","EST","N.Y.C._LONGIL",,8124
"11/13/2004 16:30:19","EST","NORTH",61755,756
"11/13/2004 16:30:19","EST","WEST",61752,1786
"11/13/2004 16:31:49","EST","CAPITL",61757,1366
"11/13/2004 16:31:49","EST","CENTRL",61754,2006
"11/13/2004 16:31:49","EST","DUNWOD",61760,719
"11/13/2004 16:31:49","EST","GENESE",61753,1135
"11/13/2004 16:31:49","EST","HUD VL",61758,1317
"11/13/2004 16:31:49","EST","MHK VL",61756,881
"11/13/2004 16:31:49","EST","MILLWD",61759,239
"11/13/2004 16:31:49","EST","N.Y.C._LONGIL",,8104
"11/13/2004 16:31:49","EST","NORTH",61755,749
"11/13/2004 16:31:49","EST","WEST",61752,1782
"11/13/2004 16:33:19","EST","CAPITL",61757,1395
"11/13/2004 16:33:19","EST","CENTRL",61754,2012
"11/13/2004 16:33:19","EST","DUNWOD",61760,731
"11/13/2004 16:33:19","EST","GENESE",61753,1139
"11/13/2004 16:33:19","EST","HUD VL",61758,1291
"11/13/2004 16:33:19","EST","MHK VL",61756,874
"11/13/2004 16:33:19","EST","MILLWD",61759,235
"11/13/2004 16:33:19","EST","N.Y.C._LONGIL",,8144
"11/13/2004 16:33:19","EST","NORTH",61755,763
"11/13/2004 16:33:19","EST","WEST",61752,1776
"11/13/2004 16:34:49","EST","CAPITL",61757,1393
"11/13/2004 16:34:49","EST","CENTRL",61754,2022
"11/13/2004 16:34:49","EST","DUNWOD",61760,725
"11/13/2004 16:34:49","EST","GENESE",61753,1133
"11/13/2004 16:34:49","EST","HUD VL",61758,1303
"11/13/2004 16:34:49","EST","MHK VL",61756,881
"11/13/2004 16:34:49","EST","MILLWD",61759,244
"11/13/2004 16:34:49","EST","N.Y.C._LONGIL",,8143
"11/13/2004 16:34:49","EST","NORTH",61755,761
"11/13/2004 16:34:49","EST","WEST",61752,1791
"11/13/2004 16:36:19","EST","CAPITL",61757,1395
"11/13/2004 16:36:19","EST","CENTRL",61754,2039
"11/13/2004 16:36:19","EST","DUNWOD",61760,717
"11/13/2004 16:36:19","EST","GENESE",61753,1155
"11/13/2004 16:36:19","EST","HUD VL",61758,1312
"11/13/2004 16:36:19","EST","MHK VL",61756,886
"11/13/2004 16:36:19","EST","MILLWD",61759,252
"11/13/2004 16:36:19","EST","N.Y.C._LONGIL",,8197
"11/13/2004 16:36:19","EST","NORTH",61755,768
"11/13/2004 16:36:19","EST","WEST",61752,1760
"11/13/2004 16:37:49","EST","CAPITL",61757,1392
"11/13/2004 16:37:49","EST","CENTRL",61754,2030
"11/13/2004 16:37:49","EST","DUNWOD",61760,722
"11/13/2004 16:37:49","EST","GENESE",61753,1143
"11/13/2004 16:37:49","EST","HUD VL",61758,1318
"11/13/2004 16:37:49","EST","MHK VL",61756,889
"11/13/2004 16:37:49","EST","MILLWD",61759,253
"11/13/2004 16:37:49","EST","N.Y.C._LONGIL",,8195
"11/13/2004 16:37:49","EST","NORTH",61755,765
"11/13/2004 16:37:49","EST","WEST",61752,1796
"11/13/2004 16:39:19","EST","CAPITL",61757,1416
"11/13/2004 16:39:19","EST","CENTRL",61754,2039
"11/13/2004 16:39:19","EST","DUNWOD",61760,723
"11/13/2004 16:39:19","EST","GENESE",61753,1146
"11/13/2004 16:39:19","EST","HUD VL",61758,1323
"11/13/2004 16:39:19","EST","MHK VL",61756,886
"11/13/2004 16:39:19","EST","MILLWD",61759,251
"11/13/2004 16:39:19","EST","N.Y.C._LONGIL",,8259
"11/13/2004 16:39:19","EST","NORTH",61755,753
"11/13/2004 16:39:19","EST","WEST",61752,1773
"11/13/2004 16:40:49","EST","CAPITL",61757,1399
"11/13/2004 16:40:49","EST","CENTRL",61754,2059
"11/13/2004 16:40:49","EST","DUNWOD",61760,718
"11/13/2004 16:40:49","EST","GENESE",61753,1156
"11/13/2004 16:40:49","EST","HUD VL",61758,1311
"11/13/2004 16:40:49","EST","MHK VL",61756,883
"11/13/2004 16:40:49","EST","MILLWD",61759,255
"11/13/2004 16:40:49","EST","N.Y.C._LONGIL",,8250
"11/13/2004 16:40:49","EST","NORTH",61755,768
"11/13/2004 16:40:49","EST","WEST",61752,1798
"11/13/2004 16:42:19","EST","CAPITL",61757,1421
"11/13/2004 16:42:19","EST","CENTRL",61754,2011
"11/13/2004 16:42:19","EST","DUNWOD",61760,740
"11/13/2004 16:42:19","EST","GENESE",61753,1148
"11/13/2004 16:42:19","EST","HUD VL",61758,1309
"11/13/2004 16:42:19","EST","MHK VL",61756,894
"11/13/2004 16:42:19","EST","MILLWD",61759,250
"11/13/2004 16:42:19","EST","N.Y.C._LONGIL",,8244
"11/13/2004 16:42:19","EST","NORTH",61755,774
"11/13/2004 16:42:19","EST","WEST",61752,1803
"11/13/2004 16:43:49","EST","CAPITL",61757,1437
"11/13/2004 16:43:49","EST","CENTRL",61754,2022
"11/13/2004 16:43:49","EST","DUNWOD",61760,732
"11/13/2004 16:43:49","EST","GENESE",61753,1154
"11/13/2004 16:43:49","EST","HUD VL",61758,1320
"11/13/2004 16:43:49","EST","MHK VL",61756,903
"11/13/2004 16:43:49","EST","MILLWD",61759,253
"11/13/2004 16:43:49","EST","N.Y.C._LONGIL",,8286
"11/13/2004 16:43:49","EST","NORTH",61755,760
"11/13/2004 16:43:49","EST","WEST",61752,1788
"11/13/2004 16:45:49","EST","CAPITL",61757,1440
"11/13/2004 16:45:49","EST","CENTRL",61754,2053
"11/13/2004 16:45:49","EST","DUNWOD",61760,694
"11/13/2004 16:45:49","EST","GENESE",61753,1165
"11/13/2004 16:45:49","EST","HUD VL",61758,1330
"11/13/2004 16:45:49","EST","MHK VL",61756,906
"11/13/2004 16:45:49","EST","MILLWD",61759,277
"11/13/2004 16:45:49","EST","N.Y.C._LONGIL",,8345
"11/13/2004 16:45:49","EST","NORTH",61755,788
"11/13/2004 16:45:49","EST","WEST",61752,1808
"11/13/2004 16:50:19","EST","CAPITL",61757,1458
"11/13/2004 16:50:19","EST","CENTRL",61754,2064
"11/13/2004 16:50:19","EST","DUNWOD",61760,738
"11/13/2004 16:50:19","EST","GENESE",61753,1164
"11/13/2004 16:50:19","EST","HUD VL",61758,1344
"11/13/2004 16:50:19","EST","MHK VL",61756,913
"11/13/2004 16:50:19","EST","MILLWD",61759,282
"11/13/2004 16:50:19","EST","N.Y.C._LONGIL",,8340
"11/13/2004 16:50:19","EST","NORTH",61755,779
"11/13/2004 16:50:19","EST","WEST",61752,1816
"11/13/2004 16:51:49","EST","CAPITL",61757,1449
"11/13/2004 16:51:49","EST","CENTRL",61754,2082
"11/13/2004 16:51:49","EST","DUNWOD",61760,746
"11/13/2004 16:51:49","EST","GENESE",61753,1166
"11/13/2004 16:51:49","EST","HUD VL",61758,1340
"11/13/2004 16:51:49","EST","MHK VL",61756,921
"11/13/2004 16:51:49","EST","MILLWD",61759,277
"11/13/2004 16:51:49","EST","N.Y.C._LONGIL",,8370
"11/13/2004 16:51:49","EST","NORTH",61755,796
"11/13/2004 16:51:49","EST","WEST",61752,1818
"11/13/2004 16:53:19","EST","CAPITL",61757,1464
"11/13/2004 16:53:19","EST","CENTRL",61754,2080
"11/13/2004 16:53:19","EST","DUNWOD",61760,758
"11/13/2004 16:53:19","EST","GENESE",61753,1160
"11/13/2004 16:53:19","EST","HUD VL",61758,1338
"11/13/2004 16:53:19","EST","MHK VL",61756,917
"11/13/2004 16:53:19","EST","MILLWD",61759,287
"11/13/2004 16:53:19","EST","N.Y.C._LONGIL",,8392
"11/13/2004 16:53:19","EST","NORTH",61755,812
"11/13/2004 16:53:19","EST","WEST",61752,1855
"11/13/2004 16:54:49","EST","CAPITL",61757,1478
"11/13/2004 16:54:49","EST","CENTRL",61754,2071
"11/13/2004 16:54:49","EST","DUNWOD",61760,757
"11/13/2004 16:54:49","EST","GENESE",61753,1165
"11/13/2004 16:54:49","EST","HUD VL",61758,1337
"11/13/2004 16:54:49","EST","MHK VL",61756,953
"11/13/2004 16:54:49","EST","MILLWD",61759,291
"11/13/2004 16:54:49","EST","N.Y.C._LONGIL",,8441
"11/13/2004 16:54:49","EST","NORTH",61755,789
"11/13/2004 16:54:49","EST","WEST",61752,1820
"11/13/2004 16:56:19","EST","CAPITL",61757,1478
"11/13/2004 16:56:19","EST","CENTRL",61754,2094
"11/13/2004 16:56:19","EST","DUNWOD",61760,772
"11/13/2004 16:56:19","EST","GENESE",61753,1178
"11/13/2004 16:56:19","EST","HUD VL",61758,1368
"11/13/2004 16:56:19","EST","MHK VL",61756,953
"11/13/2004 16:56:19","EST","MILLWD",61759,291
"11/13/2004 16:56:19","EST","N.Y.C._LONGIL",,8500
"11/13/2004 16:56:19","EST","NORTH",61755,799
"11/13/2004 16:56:19","EST","WEST",61752,1841
"11/13/2004 17:00:00","EST","CAPITL",61757,1505
"11/13/2004 17:00:00","EST","CENTRL",61754,2100
"11/13/2004 17:00:00","EST","DUNWOD",61760,780
"11/13/2004 17:00:00","EST","GENESE",61753,1176
"11/13/2004 17:00:00","EST","HUD VL",61758,1355
"11/13/2004 17:00:00","EST","MHK VL",61756,957
"11/13/2004 17:00:00","EST","MILLWD",61759,298
"11/13/2004 17:00:00","EST","N.Y.C._LONGIL",,8529
"11/13/2004 17:00:00","EST","NORTH",61755,790
"11/13/2004 17:00:00","EST","WEST",61752,1817
"11/13/2004 17:01:19","EST","CAPITL",61757,1504
"11/13/2004 17:01:19","EST","CENTRL",61754,2082
"11/13/2004 17:01:19","EST","DUNWOD",61760,787
"11/13/2004 17:01:19","EST","GENESE",61753,1180
"11/13/2004 17:01:19","EST","HUD VL",61758,1376
"11/13/2004 17:01:19","EST","MHK VL",61756,980
"11/13/2004 17:01:19","EST","MILLWD",61759,304
"11/13/2004 17:01:19","EST","N.Y.C._LONGIL",,8606
"11/13/2004 17:01:19","EST","NORTH",61755,790
"11/13/2004 17:01:19","EST","WEST",61752,1878
"11/13/2004 17:05:49","EST","CAPITL",61757,1492
"11/13/2004 17:05:49","EST","CENTRL",61754,2094
"11/13/2004 17:05:49","EST","DUNWOD",61760,776
"11/13/2004 17:05:49","EST","GENESE",61753,1198
"11/13/2004 17:05:49","EST","HUD VL",61758,1389
"11/13/2004 17:05:49","EST","MHK VL",61756,972
"11/13/2004 17:05:49","EST","MILLWD",61759,306
"11/13/2004 17:05:49","EST","N.Y.C._LONGIL",,8626
"11/13/2004 17:05:49","EST","NORTH",61755,783
"11/13/2004 17:05:49","EST","WEST",61752,1858
"11/13/2004 17:07:19","EST","CAPITL",61757,1498
"11/13/2004 17:07:19","EST","CENTRL",61754,2116
"11/13/2004 17:07:19","EST","DUNWOD",61760,798
"11/13/2004 17:07:19","EST","GENESE",61753,1209
"11/13/2004 17:07:19","EST","HUD VL",61758,1400
"11/13/2004 17:07:19","EST","MHK VL",61756,981
"11/13/2004 17:07:19","EST","MILLWD",61759,306
"11/13/2004 17:07:19","EST","N.Y.C._LONGIL",,8615
"11/13/2004 17:07:19","EST","NORTH",61755,784
"11/13/2004 17:07:19","EST","WEST",61752,1887
"11/13/2004 17:10:49","EST","CAPITL",61757,1500
"11/13/2004 17:10:49","EST","CENTRL",61754,2149
"11/13/2004 17:10:49","EST","DUNWOD",61760,785
"11/13/2004 17:10:49","EST","GENESE",61753,1208
"11/13/2004 17:10:49","EST","HUD VL",61758,1412
"11/13/2004 17:10:49","EST","MHK VL",61756,970
"11/13/2004 17:10:49","EST","MILLWD",61759,306
"11/13/2004 17:10:49","EST","N.Y.C._LONGIL",,8708
"11/13/2004 17:10:49","EST","NORTH",61755,777
"11/13/2004 17:10:49","EST","WEST",61752,1881
"11/13/2004 17:12:49","EST","CAPITL",61757,1524
"11/13/2004 17:12:49","EST","CENTRL",61754,2143
"11/13/2004 17:12:49","EST","DUNWOD",61760,801
"11/13/2004 17:12:49","EST","GENESE",61753,1216
"11/13/2004 17:12:49","EST","HUD VL",61758,1403
"11/13/2004 17:12:49","EST","MHK VL",61756,991
"11/13/2004 17:12:49","EST","MILLWD",61759,314
"11/13/2004 17:12:49","EST","N.Y.C._LONGIL",,8735
"11/13/2004 17:12:49","EST","NORTH",61755,773
"11/13/2004 17:12:49","EST","WEST",61752,1873
"11/13/2004 17:16:19","EST","CAPITL",61757,1521
"11/13/2004 17:16:19","EST","CENTRL",61754,2161
"11/13/2004 17:16:19","EST","DUNWOD",61760,777
"11/13/2004 17:16:19","EST","GENESE",61753,1228
"11/13/2004 17:16:19","EST","HUD VL",61758,1415
"11/13/2004 17:16:19","EST","MHK VL",61756,977
"11/13/2004 17:16:19","EST","MILLWD",61759,314
"11/13/2004 17:16:19","EST","N.Y.C._LONGIL",,8746
"11/13/2004 17:16:19","EST","NORTH",61755,789
"11/13/2004 17:16:19","EST","WEST",61752,1934
"11/13/2004 17:21:19","EST","CAPITL",61757,1513
"11/13/2004 17:21:19","EST","CENTRL",61754,2174
"11/13/2004 17:21:19","EST","DUNWOD",61760,795
"11/13/2004 17:21:19","EST","GENESE",61753,1230
"11/13/2004 17:21:19","EST","HUD VL",61758,1419
"11/13/2004 17:21:19","EST","MHK VL",61756,994
"11/13/2004 17:21:19","EST","MILLWD",61759,317
"11/13/2004 17:21:19","EST","N.Y.C._LONGIL",,8725
"11/13/2004 17:21:19","EST","NORTH",61755,785
"11/13/2004 17:21:19","EST","WEST",61752,1916
"11/13/2004 17:22:49","EST","CAPITL",61757,1543
"11/13/2004 17:22:49","EST","CENTRL",61754,2140
"11/13/2004 17:22:49","EST","DUNWOD",61760,807
"11/13/2004 17:22:49","EST","GENESE",61753,1244
"11/13/2004 17:22:49","EST","HUD VL",61758,1393
"11/13/2004 17:22:49","EST","MHK VL",61756,991
"11/13/2004 17:22:49","EST","MILLWD",61759,321
"11/13/2004 17:22:49","EST","N.Y.C._LONGIL",,8714
"11/13/2004 17:22:49","EST","NORTH",61755,788
"11/13/2004 17:22:49","EST","WEST",61752,1919
"11/13/2004 17:27:49","EST","CAPITL",61757,1511
"11/13/2004 17:27:49","EST","CENTRL",61754,2174
"11/13/2004 17:27:49","EST","DUNWOD",61760,792
"11/13/2004 17:27:49","EST","GENESE",61753,1239
"11/13/2004 17:27:49","EST","HUD VL",61758,1404
"11/13/2004 17:27:49","EST","MHK VL",61756,984
"11/13/2004 17:27:49","EST","MILLWD",61759,324
"11/13/2004 17:27:49","EST","N.Y.C._LONGIL",,8747
"11/13/2004 17:27:49","EST","NORTH",61755,796
"11/13/2004 17:27:49","EST","WEST",61752,1966
"11/13/2004 17:30:19","EST","CAPITL",61757,1504
"11/13/2004 17:30:19","EST","CENTRL",61754,2190
"11/13/2004 17:30:19","EST","DUNWOD",61760,798
"11/13/2004 17:30:19","EST","GENESE",61753,1237
"11/13/2004 17:30:19","EST","HUD VL",61758,1408
"11/13/2004 17:30:19","EST","MHK VL",61756,990
"11/13/2004 17:30:19","EST","MILLWD",61759,322
"11/13/2004 17:30:19","EST","N.Y.C._LONGIL",,8788
"11/13/2004 17:30:19","EST","NORTH",61755,790
"11/13/2004 17:30:19","EST","WEST",61752,1983
"11/13/2004 17:35:19","EST","CAPITL",61757,1519
"11/13/2004 17:35:19","EST","CENTRL",61754,2158
"11/13/2004 17:35:19","EST","DUNWOD",61760,802
"11/13/2004 17:35:19","EST","GENESE",61753,1241
"11/13/2004 17:35:19","EST","HUD VL",61758,1402
"11/13/2004 17:35:19","EST","MHK VL",61756,986
"11/13/2004 17:35:19","EST","MILLWD",61759,322
"11/13/2004 17:35:19","EST","N.Y.C._LONGIL",,8776
"11/13/2004 17:35:19","EST","NORTH",61755,782
"11/13/2004 17:35:19","EST","WEST",61752,1958
"11/13/2004 17:36:49","EST","CAPITL",61757,1536
"11/13/2004 17:36:49","EST","CENTRL",61754,2182
"11/13/2004 17:36:49","EST","DUNWOD",61760,798
"11/13/2004 17:36:49","EST","GENESE",61753,1240
"11/13/2004 17:36:49","EST","HUD VL",61758,1422
"11/13/2004 17:36:49","EST","MHK VL",61756,983
"11/13/2004 17:36:49","EST","MILLWD",61759,322
"11/13/2004 17:36:49","EST","N.Y.C._LONGIL",,8795
"11/13/2004 17:36:49","EST","NORTH",61755,784
"11/13/2004 17:36:49","EST","WEST",61752,1949
"11/13/2004 17:38:19","EST","CAPITL",61757,1527
"11/13/2004 17:38:19","EST","CENTRL",61754,2181
"11/13/2004 17:38:19","EST","DUNWOD",61760,804
"11/13/2004 17:38:19","EST","GENESE",61753,1236
"11/13/2004 17:38:19","EST","HUD VL",61758,1397
"11/13/2004 17:38:19","EST","MHK VL",61756,985
"11/13/2004 17:38:19","EST","MILLWD",61759,328
"11/13/2004 17:38:19","EST","N.Y.C._LONGIL",,8782
"11/13/2004 17:38:19","EST","NORTH",61755,791
"11/13/2004 17:38:19","EST","WEST",61752,1985
"11/13/2004 17:39:49","EST","CAPITL",61757,1541
"11/13/2004 17:39:49","EST","CENTRL",61754,2178
"11/13/2004 17:39:49","EST","DUNWOD",61760,802
"11/13/2004 17:39:49","EST","GENESE",61753,1250
"11/13/2004 17:39:49","EST","HUD VL",61758,1412
"11/13/2004 17:39:49","EST","MHK VL",61756,982
"11/13/2004 17:39:49","EST","MILLWD",61759,321
"11/13/2004 17:39:49","EST","N.Y.C._LONGIL",,8782
"11/13/2004 17:39:49","EST","NORTH",61755,784
"11/13/2004 17:39:49","EST","WEST",61752,1963
"11/13/2004 17:41:19","EST","CAPITL",61757,1537
"11/13/2004 17:41:19","EST","CENTRL",61754,2178
"11/13/2004 17:41:19","EST","DUNWOD",61760,809
"11/13/2004 17:41:19","EST","GENESE",61753,1240
"11/13/2004 17:41:19","EST","HUD VL",61758,1409
"11/13/2004 17:41:19","EST","MHK VL",61756,970
"11/13/2004 17:41:19","EST","MILLWD",61759,322
"11/13/2004 17:41:19","EST","N.Y.C._LONGIL",,8796
"11/13/2004 17:41:19","EST","NORTH",61755,786
"11/13/2004 17:41:19","EST","WEST",61752,1957
"11/13/2004 17:46:19","EST","CAPITL",61757,1520
"11/13/2004 17:46:19","EST","CENTRL",61754,2177
"11/13/2004 17:46:19","EST","DUNWOD",61760,801
"11/13/2004 17:46:19","EST","GENESE",61753,1234
"11/13/2004 17:46:19","EST","HUD VL",61758,1401
"11/13/2004 17:46:19","EST","MHK VL",61756,981
"11/13/2004 17:46:19","EST","MILLWD",61759,323
"11/13/2004 17:46:19","EST","N.Y.C._LONGIL",,8799
"11/13/2004 17:46:19","EST","NORTH",61755,794
"11/13/2004 17:46:19","EST","WEST",61752,1985
"11/13/2004 17:47:49","EST","CAPITL",61757,1536
"11/13/2004 17:47:49","EST","CENTRL",61754,2138
"11/13/2004 17:47:49","EST","DUNWOD",61760,815
"11/13/2004 17:47:49","EST","GENESE",61753,1241
"11/13/2004 17:47:49","EST","HUD VL",61758,1409
"11/13/2004 17:47:49","EST","MHK VL",61756,975
"11/13/2004 17:47:49","EST","MILLWD",61759,317
"11/13/2004 17:47:49","EST","N.Y.C._LONGIL",,8784
"11/13/2004 17:47:49","EST","NORTH",61755,790
"11/13/2004 17:47:49","EST","WEST",61752,1968
"11/13/2004 17:52:49","EST","CAPITL",61757,1532
"11/13/2004 17:52:49","EST","CENTRL",61754,2157
"11/13/2004 17:52:49","EST","DUNWOD",61760,798
"11/13/2004 17:52:49","EST","GENESE",61753,1239
"11/13/2004 17:52:49","EST","HUD VL",61758,1410
"11/13/2004 17:52:49","EST","MHK VL",61756,970
"11/13/2004 17:52:49","EST","MILLWD",61759,327
"11/13/2004 17:52:49","EST","N.Y.C._LONGIL",,8809
"11/13/2004 17:52:49","EST","NORTH",61755,789
"11/13/2004 17:52:49","EST","WEST",61752,1952
"11/13/2004 17:54:19","EST","CAPITL",61757,1517
"11/13/2004 17:54:19","EST","CENTRL",61754,2170
"11/13/2004 17:54:19","EST","DUNWOD",61760,799
"11/13/2004 17:54:19","EST","GENESE",61753,1233
"11/13/2004 17:54:19","EST","HUD VL",61758,1397
"11/13/2004 17:54:19","EST","MHK VL",61756,984
"11/13/2004 17:54:19","EST","MILLWD",61759,330
"11/13/2004 17:54:19","EST","N.Y.C._LONGIL",,8804
"11/13/2004 17:54:19","EST","NORTH",61755,803
"11/13/2004 17:54:19","EST","WEST",61752,1966
"11/13/2004 17:55:49","EST","CAPITL",61757,1520
"11/13/2004 17:55:49","EST","CENTRL",61754,2174
"11/13/2004 17:55:49","EST","DUNWOD",61760,803
"11/13/2004 17:55:49","EST","GENESE",61753,1235
"11/13/2004 17:55:49","EST","HUD VL",61758,1402
"11/13/2004 17:55:49","EST","MHK VL",61756,981
"11/13/2004 17:55:49","EST","MILLWD",61759,325
"11/13/2004 17:55:49","EST","N.Y.C._LONGIL",,8782
"11/13/2004 17:55:49","EST","NORTH",61755,788
"11/13/2004 17:55:49","EST","WEST",61752,1964
"11/13/2004 18:00:00","EST","CAPITL",61757,1505
"11/13/2004 18:00:00","EST","CENTRL",61754,2165
"11/13/2004 18:00:00","EST","DUNWOD",61760,804
"11/13/2004 18:00:00","EST","GENESE",61753,1236
"11/13/2004 18:00:00","EST","HUD VL",61758,1401
"11/13/2004 18:00:00","EST","MHK VL",61756,977
"11/13/2004 18:00:00","EST","MILLWD",61759,320
"11/13/2004 18:00:00","EST","N.Y.C._LONGIL",,8789
"11/13/2004 18:00:00","EST","NORTH",61755,797
"11/13/2004 18:00:00","EST","WEST",61752,1972
"11/13/2004 18:00:49","EST","CAPITL",61757,1523
"11/13/2004 18:00:49","EST","CENTRL",61754,2171
"11/13/2004 18:00:49","EST","DUNWOD",61760,807
"11/13/2004 18:00:49","EST","GENESE",61753,1239
"11/13/2004 18:00:49","EST","HUD VL",61758,1422
"11/13/2004 18:00:49","EST","MHK VL",61756,984
"11/13/2004 18:00:49","EST","MILLWD",61759,315
"11/13/2004 18:00:49","EST","N.Y.C._LONGIL",,8792
"11/13/2004 18:00:49","EST","NORTH",61755,772
"11/13/2004 18:00:49","EST","WEST",61752,1950
"11/13/2004 18:05:49","EST","CAPITL",61757,1512
"11/13/2004 18:05:49","EST","CENTRL",61754,2174
"11/13/2004 18:05:49","EST","DUNWOD",61760,805
"11/13/2004 18:05:49","EST","GENESE",61753,1235
"11/13/2004 18:05:49","EST","HUD VL",61758,1408
"11/13/2004 18:05:49","EST","MHK VL",61756,986
"11/13/2004 18:05:49","EST","MILLWD",61759,330
"11/13/2004 18:05:49","EST","N.Y.C._LONGIL",,8789
"11/13/2004 18:05:49","EST","NORTH",61755,782
"11/13/2004 18:05:49","EST","WEST",61752,1947
"11/13/2004 18:07:19","EST","CAPITL",61757,1502
"11/13/2004 18:07:19","EST","CENTRL",61754,2171
"11/13/2004 18:07:19","EST","DUNWOD",61760,806
"11/13/2004 18:07:19","EST","GENESE",61753,1231
"11/13/2004 18:07:19","EST","HUD VL",61758,1399
"11/13/2004 18:07:19","EST","MHK VL",61756,981
"11/13/2004 18:07:19","EST","MILLWD",61759,327
"11/13/2004 18:07:19","EST","N.Y.C._LONGIL",,8793
"11/13/2004 18:07:19","EST","NORTH",61755,792
"11/13/2004 18:07:19","EST","WEST",61752,1960
"11/13/2004 18:11:19","EST","CAPITL",61757,1523
"11/13/2004 18:11:19","EST","CENTRL",61754,2123
"11/13/2004 18:11:19","EST","DUNWOD",61760,810
"11/13/2004 18:11:19","EST","GENESE",61753,1224
"11/13/2004 18:11:19","EST","HUD VL",61758,1394
"11/13/2004 18:11:19","EST","MHK VL",61756,980
"11/13/2004 18:11:19","EST","MILLWD",61759,317
"11/13/2004 18:11:19","EST","N.Y.C._LONGIL",,8781
"11/13/2004 18:11:19","EST","NORTH",61755,782
"11/13/2004 18:11:19","EST","WEST",61752,1970
"11/13/2004 18:12:49","EST","CAPITL",61757,1514
"11/13/2004 18:12:49","EST","CENTRL",61754,2173
"11/13/2004 18:12:49","EST","DUNWOD",61760,808
"11/13/2004 18:12:49","EST","GENESE",61753,1220
"11/13/2004 18:12:49","EST","HUD VL",61758,1418
"11/13/2004 18:12:49","EST","MHK VL",61756,986
"11/13/2004 18:12:49","EST","MILLWD",61759,322
"11/13/2004 18:12:49","EST","N.Y.C._LONGIL",,8760
"11/13/2004 18:12:49","EST","NORTH",61755,769
"11/13/2004 18:12:49","EST","WEST",61752,1957
"11/13/2004 18:16:49","EST","CAPITL",61757,1511
"11/13/2004 18:16:49","EST","CENTRL",61754,2167
"11/13/2004 18:16:49","EST","DUNWOD",61760,798
"11/13/2004 18:16:49","EST","GENESE",61753,1216
"11/13/2004 18:16:49","EST","HUD VL",61758,1417
"11/13/2004 18:16:49","EST","MHK VL",61756,973
"11/13/2004 18:16:49","EST","MILLWD",61759,329
"11/13/2004 18:16:49","EST","N.Y.C._LONGIL",,8779
"11/13/2004 18:16:49","EST","NORTH",61755,786
"11/13/2004 18:16:49","EST","WEST",61752,1980
"11/13/2004 18:21:49","EST","CAPITL",61757,1492
"11/13/2004 18:21:49","EST","CENTRL",61754,2185
"11/13/2004 18:21:49","EST","DUNWOD",61760,809
"11/13/2004 18:21:49","EST","GENESE",61753,1215
"11/13/2004 18:21:49","EST","HUD VL",61758,1431
"11/13/2004 18:21:49","EST","MHK VL",61756,963
"11/13/2004 18:21:49","EST","MILLWD",61759,318
"11/13/2004 18:21:49","EST","N.Y.C._LONGIL",,8778
"11/13/2004 18:21:49","EST","NORTH",61755,787
"11/13/2004 18:21:49","EST","WEST",61752,1973
"11/13/2004 18:24:19","EST","CAPITL",61757,1504
"11/13/2004 18:24:19","EST","CENTRL",61754,2170
"11/13/2004 18:24:19","EST","DUNWOD",61760,805
"11/13/2004 18:24:19","EST","GENESE",61753,1221
"11/13/2004 18:24:19","EST","HUD VL",61758,1414
"11/13/2004 18:24:19","EST","MHK VL",61756,987
"11/13/2004 18:24:19","EST","MILLWD",61759,320
"11/13/2004 18:24:19","EST","N.Y.C._LONGIL",,8754
"11/13/2004 18:24:19","EST","NORTH",61755,786
"11/13/2004 18:24:19","EST","WEST",61752,1962
"11/13/2004 18:28:49","EST","CAPITL",61757,1510
"11/13/2004 18:28:49","EST","CENTRL",61754,2130
"11/13/2004 18:28:49","EST","DUNWOD",61760,801
"11/13/2004 18:28:49","EST","GENESE",61753,1217
"11/13/2004 18:28:49","EST","HUD VL",61758,1398
"11/13/2004 18:28:49","EST","MHK VL",61756,967
"11/13/2004 18:28:49","EST","MILLWD",61759,320
"11/13/2004 18:28:49","EST","N.Y.C._LONGIL",,8735
"11/13/2004 18:28:49","EST","NORTH",61755,788
"11/13/2004 18:28:49","EST","WEST",61752,1970
"11/13/2004 18:33:49","EST","CAPITL",61757,1482
"11/13/2004 18:33:49","EST","CENTRL",61754,2126
"11/13/2004 18:33:49","EST","DUNWOD",61760,799
"11/13/2004 18:33:49","EST","GENESE",61753,1217
"11/13/2004 18:33:49","EST","HUD VL",61758,1398
"11/13/2004 18:33:49","EST","MHK VL",61756,969
"11/13/2004 18:33:49","EST","MILLWD",61759,325
"11/13/2004 18:33:49","EST","N.Y.C._LONGIL",,8736
"11/13/2004 18:33:49","EST","NORTH",61755,785
"11/13/2004 18:33:49","EST","WEST",61752,1950
"11/13/2004 18:38:49","EST","CAPITL",61757,1488
"11/13/2004 18:38:49","EST","CENTRL",61754,2163
"11/13/2004 18:38:49","EST","DUNWOD",61760,796
"11/13/2004 18:38:49","EST","GENESE",61753,1222
"11/13/2004 18:38:49","EST","HUD VL",61758,1411
"11/13/2004 18:38:49","EST","MHK VL",61756,970
"11/13/2004 18:38:49","EST","MILLWD",61759,317
"11/13/2004 18:38:49","EST","N.Y.C._LONGIL",,8724
"11/13/2004 18:38:49","EST","NORTH",61755,776
"11/13/2004 18:38:49","EST","WEST",61752,1939
"11/13/2004 18:43:49","EST","CAPITL",61757,1486
"11/13/2004 18:43:49","EST","CENTRL",61754,2155
"11/13/2004 18:43:49","EST","DUNWOD",61760,802
"11/13/2004 18:43:49","EST","GENESE",61753,1216
"11/13/2004 18:43:49","EST","HUD VL",61758,1392
"11/13/2004 18:43:49","EST","MHK VL",61756,966
"11/13/2004 18:43:49","EST","MILLWD",61759,313
"11/13/2004 18:43:49","EST","N.Y.C._LONGIL",,8710
"11/13/2004 18:43:49","EST","NORTH",61755,789
"11/13/2004 18:43:49","EST","WEST",61752,1964
"11/13/2004 18:48:49","EST","CAPITL",61757,1475
"11/13/2004 18:48:49","EST","CENTRL",61754,2154
"11/13/2004 18:48:49","EST","DUNWOD",61760,795
"11/13/2004 18:48:49","EST","GENESE",61753,1206
"11/13/2004 18:48:49","EST","HUD VL",61758,1396
"11/13/2004 18:48:49","EST","MHK VL",61756,969
"11/13/2004 18:48:49","EST","MILLWD",61759,316
"11/13/2004 18:48:49","EST","N.Y.C._LONGIL",,8694
"11/13/2004 18:48:49","EST","NORTH",61755,785
"11/13/2004 18:48:49","EST","WEST",61752,1960
"11/13/2004 18:53:49","EST","CAPITL",61757,1488
"11/13/2004 18:53:49","EST","CENTRL",61754,2156
"11/13/2004 18:53:49","EST","DUNWOD",61760,794
"11/13/2004 18:53:49","EST","GENESE",61753,1212
"11/13/2004 18:53:49","EST","HUD VL",61758,1408
"11/13/2004 18:53:49","EST","MHK VL",61756,968
"11/13/2004 18:53:49","EST","MILLWD",61759,314
"11/13/2004 18:53:49","EST","N.Y.C._LONGIL",,8693
"11/13/2004 18:53:49","EST","NORTH",61755,773
"11/13/2004 18:53:49","EST","WEST",61752,1946
"11/13/2004 18:55:19","EST","CAPITL",61757,1470
"11/13/2004 18:55:19","EST","CENTRL",61754,2148
"11/13/2004 18:55:19","EST","DUNWOD",61760,783
"11/13/2004 18:55:19","EST","GENESE",61753,1215
"11/13/2004 18:55:19","EST","HUD VL",61758,1404
"11/13/2004 18:55:19","EST","MHK VL",61756,949
"11/13/2004 18:55:19","EST","MILLWD",61759,326
"11/13/2004 18:55:19","EST","N.Y.C._LONGIL",,8698
"11/13/2004 18:55:19","EST","NORTH",61755,778
"11/13/2004 18:55:19","EST","WEST",61752,1955
"11/13/2004 19:00:00","EST","CAPITL",61757,1474
"11/13/2004 19:00:00","EST","CENTRL",61754,2133
"11/13/2004 19:00:00","EST","DUNWOD",61760,782
"11/13/2004 19:00:00","EST","GENESE",61753,1205
"11/13/2004 19:00:00","EST","HUD VL",61758,1416
"11/13/2004 19:00:00","EST","MHK VL",61756,944
"11/13/2004 19:00:00","EST","MILLWD",61759,318
"11/13/2004 19:00:00","EST","N.Y.C._LONGIL",,8648
"11/13/2004 19:00:00","EST","NORTH",61755,780
"11/13/2004 19:00:00","EST","WEST",61752,1957
"11/13/2004 19:00:49","EST","CAPITL",61757,1456
"11/13/2004 19:00:49","EST","CENTRL",61754,2132
"11/13/2004 19:00:49","EST","DUNWOD",61760,772
"11/13/2004 19:00:49","EST","GENESE",61753,1200
"11/13/2004 19:00:49","EST","HUD VL",61758,1394
"11/13/2004 19:00:49","EST","MHK VL",61756,940
"11/13/2004 19:00:49","EST","MILLWD",61759,316
"11/13/2004 19:00:49","EST","N.Y.C._LONGIL",,8649
"11/13/2004 19:00:49","EST","NORTH",61755,787
"11/13/2004 19:00:49","EST","WEST",61752,1968
"11/13/2004 19:05:19","EST","CAPITL",61757,1465
"11/13/2004 19:05:19","EST","CENTRL",61754,2161
"11/13/2004 19:05:19","EST","DUNWOD",61760,795
"11/13/2004 19:05:19","EST","GENESE",61753,1200
"11/13/2004 19:05:19","EST","HUD VL",61758,1385
"11/13/2004 19:05:19","EST","MHK VL",61756,932
"11/13/2004 19:05:19","EST","MILLWD",61759,305
"11/13/2004 19:05:19","EST","N.Y.C._LONGIL",,8629
"11/13/2004 19:05:19","EST","NORTH",61755,782
"11/13/2004 19:05:19","EST","WEST",61752,1949
"11/13/2004 19:10:19","EST","CAPITL",61757,1456
"11/13/2004 19:10:19","EST","CENTRL",61754,2156
"11/13/2004 19:10:19","EST","DUNWOD",61760,786
"11/13/2004 19:10:19","EST","GENESE",61753,1205
"11/13/2004 19:10:19","EST","HUD VL",61758,1370
"11/13/2004 19:10:19","EST","MHK VL",61756,941
"11/13/2004 19:10:19","EST","MILLWD",61759,312
"11/13/2004 19:10:19","EST","N.Y.C._LONGIL",,8618
"11/13/2004 19:10:19","EST","NORTH",61755,780
"11/13/2004 19:10:19","EST","WEST",61752,1955
"11/13/2004 19:11:49","EST","CAPITL",61757,1464
"11/13/2004 19:11:49","EST","CENTRL",61754,2134
"11/13/2004 19:11:49","EST","DUNWOD",61760,781
"11/13/2004 19:11:49","EST","GENESE",61753,1209
"11/13/2004 19:11:49","EST","HUD VL",61758,1401
"11/13/2004 19:11:49","EST","MHK VL",61756,939
"11/13/2004 19:11:49","EST","MILLWD",61759,306
"11/13/2004 19:11:49","EST","N.Y.C._LONGIL",,8602
"11/13/2004 19:11:49","EST","NORTH",61755,774
"11/13/2004 19:11:49","EST","WEST",61752,1946
"11/13/2004 19:16:49","EST","CAPITL",61757,1460
"11/13/2004 19:16:49","EST","CENTRL",61754,2115
"11/13/2004 19:16:49","EST","DUNWOD",61760,793
"11/13/2004 19:16:49","EST","GENESE",61753,1210
"11/13/2004 19:16:49","EST","HUD VL",61758,1382
"11/13/2004 19:16:49","EST","MHK VL",61756,937
"11/13/2004 19:16:49","EST","MILLWD",61759,308
"11/13/2004 19:16:49","EST","N.Y.C._LONGIL",,8599
"11/13/2004 19:16:49","EST","NORTH",61755,773
"11/13/2004 19:16:49","EST","WEST",61752,1931
"11/13/2004 19:18:19","EST","CAPITL",61757,1459
"11/13/2004 19:18:19","EST","CENTRL",61754,2090
"11/13/2004 19:18:19","EST","DUNWOD",61760,785
"11/13/2004 19:18:19","EST","GENESE",61753,1200
"11/13/2004 19:18:19","EST","HUD VL",61758,1377
"11/13/2004 19:18:19","EST","MHK VL",61756,941
"11/13/2004 19:18:19","EST","MILLWD",61759,308
"11/13/2004 19:18:19","EST","N.Y.C._LONGIL",,8577
"11/13/2004 19:18:19","EST","NORTH",61755,780
"11/13/2004 19:18:19","EST","WEST",61752,1964
"11/13/2004 19:23:19","EST","CAPITL",61757,1440
"11/13/2004 19:23:19","EST","CENTRL",61754,2098
"11/13/2004 19:23:19","EST","DUNWOD",61760,781
"11/13/2004 19:23:19","EST","GENESE",61753,1194
"11/13/2004 19:23:19","EST","HUD VL",61758,1372
"11/13/2004 19:23:19","EST","MHK VL",61756,933
"11/13/2004 19:23:19","EST","MILLWD",61759,309
"11/13/2004 19:23:19","EST","N.Y.C._LONGIL",,8564
"11/13/2004 19:23:19","EST","NORTH",61755,771
"11/13/2004 19:23:19","EST","WEST",61752,1961
"11/13/2004 19:24:49","EST","CAPITL",61757,1462
"11/13/2004 19:24:49","EST","CENTRL",61754,2120
"11/13/2004 19:24:49","EST","DUNWOD",61760,777
"11/13/2004 19:24:49","EST","GENESE",61753,1195
"11/13/2004 19:24:49","EST","HUD VL",61758,1389
"11/13/2004 19:24:49","EST","MHK VL",61756,937
"11/13/2004 19:24:49","EST","MILLWD",61759,308
"11/13/2004 19:24:49","EST","N.Y.C._LONGIL",,8557
"11/13/2004 19:24:49","EST","NORTH",61755,764
"11/13/2004 19:24:49","EST","WEST",61752,1923
"11/13/2004 19:28:19","EST","CAPITL",61757,1460
"11/13/2004 19:28:19","EST","CENTRL",61754,2115
"11/13/2004 19:28:19","EST","DUNWOD",61760,777
"11/13/2004 19:28:19","EST","GENESE",61753,1185
"11/13/2004 19:28:19","EST","HUD VL",61758,1361
"11/13/2004 19:28:19","EST","MHK VL",61756,936
"11/13/2004 19:28:19","EST","MILLWD",61759,309
"11/13/2004 19:28:19","EST","N.Y.C._LONGIL",,8517
"11/13/2004 19:28:19","EST","NORTH",61755,779
"11/13/2004 19:28:19","EST","WEST",61752,1964
"11/13/2004 19:33:19","EST","CAPITL",61757,1446
"11/13/2004 19:33:19","EST","CENTRL",61754,2122
"11/13/2004 19:33:19","EST","DUNWOD",61760,779
"11/13/2004 19:33:19","EST","GENESE",61753,1182
"11/13/2004 19:33:19","EST","HUD VL",61758,1370
"11/13/2004 19:33:19","EST","MHK VL",61756,930
"11/13/2004 19:33:19","EST","MILLWD",61759,306
"11/13/2004 19:33:19","EST","N.Y.C._LONGIL",,8505
"11/13/2004 19:33:19","EST","NORTH",61755,776
"11/13/2004 19:33:19","EST","WEST",61752,1957
"11/13/2004 19:34:49","EST","CAPITL",61757,1451
"11/13/2004 19:34:49","EST","CENTRL",61754,2076
"11/13/2004 19:34:49","EST","DUNWOD",61760,789
"11/13/2004 19:34:49","EST","GENESE",61753,1194
"11/13/2004 19:34:49","EST","HUD VL",61758,1357
"11/13/2004 19:34:49","EST","MHK VL",61756,936
"11/13/2004 19:34:49","EST","MILLWD",61759,310
"11/13/2004 19:34:49","EST","N.Y.C._LONGIL",,8503
"11/13/2004 19:34:49","EST","NORTH",61755,767
"11/13/2004 19:34:49","EST","WEST",61752,1925
"11/13/2004 19:36:49","EST","CAPITL",61757,1443
"11/13/2004 19:36:49","EST","CENTRL",61754,2074
"11/13/2004 19:36:49","EST","DUNWOD",61760,779
"11/13/2004 19:36:49","EST","GENESE",61753,1190
"11/13/2004 19:36:49","EST","HUD VL",61758,1373
"11/13/2004 19:36:49","EST","MHK VL",61756,928
"11/13/2004 19:36:49","EST","MILLWD",61759,300
"11/13/2004 19:36:49","EST","N.Y.C._LONGIL",,8483
"11/13/2004 19:36:49","EST","NORTH",61755,771
"11/13/2004 19:36:49","EST","WEST",61752,1933
"11/13/2004 19:41:49","EST","CAPITL",61757,1448
"11/13/2004 19:41:49","EST","CENTRL",61754,2106
"11/13/2004 19:41:49","EST","DUNWOD",61760,777
"11/13/2004 19:41:49","EST","GENESE",61753,1191
"11/13/2004 19:41:49","EST","HUD VL",61758,1347
"11/13/2004 19:41:49","EST","MHK VL",61756,930
"11/13/2004 19:41:49","EST","MILLWD",61759,302
"11/13/2004 19:41:49","EST","N.Y.C._LONGIL",,8501
"11/13/2004 19:41:49","EST","NORTH",61755,771
"11/13/2004 19:41:49","EST","WEST",61752,1923
"11/13/2004 19:46:49","EST","CAPITL",61757,1431
"11/13/2004 19:46:49","EST","CENTRL",61754,2097
"11/13/2004 19:46:49","EST","DUNWOD",61760,764
"11/13/2004 19:46:49","EST","GENESE",61753,1179
"11/13/2004 19:46:49","EST","HUD VL",61758,1395
"11/13/2004 19:46:49","EST","MHK VL",61756,913
"11/13/2004 19:46:49","EST","MILLWD",61759,298
"11/13/2004 19:46:49","EST","N.Y.C._LONGIL",,8468
"11/13/2004 19:46:49","EST","NORTH",61755,761
"11/13/2004 19:46:49","EST","WEST",61752,1930
"11/13/2004 19:51:49","EST","CAPITL",61757,1439
"11/13/2004 19:51:49","EST","CENTRL",61754,2101
"11/13/2004 19:51:49","EST","DUNWOD",61760,775
"11/13/2004 19:51:49","EST","GENESE",61753,1191
"11/13/2004 19:51:49","EST","HUD VL",61758,1369
"11/13/2004 19:51:49","EST","MHK VL",61756,928
"11/13/2004 19:51:49","EST","MILLWD",61759,300
"11/13/2004 19:51:49","EST","N.Y.C._LONGIL",,8455
"11/13/2004 19:51:49","EST","NORTH",61755,709
"11/13/2004 19:51:49","EST","WEST",61752,1943
"11/13/2004 19:55:19","EST","CAPITL",61757,1415
"11/13/2004 19:55:19","EST","CENTRL",61754,2093
"11/13/2004 19:55:19","EST","DUNWOD",61760,767
"11/13/2004 19:55:19","EST","GENESE",61753,1182
"11/13/2004 19:55:19","EST","HUD VL",61758,1363
"11/13/2004 19:55:19","EST","MHK VL",61756,909
"11/13/2004 19:55:19","EST","MILLWD",61759,299
"11/13/2004 19:55:19","EST","N.Y.C._LONGIL",,8455
"11/13/2004 19:55:19","EST","NORTH",61755,782
"11/13/2004 19:55:19","EST","WEST",61752,1947
"11/13/2004 20:00:00","EST","CAPITL",61757,1426
"11/13/2004 20:00:00","EST","CENTRL",61754,2085
"11/13/2004 20:00:00","EST","DUNWOD",61760,778
"11/13/2004 20:00:00","EST","GENESE",61753,1179
"11/13/2004 20:00:00","EST","HUD VL",61758,1372
"11/13/2004 20:00:00","EST","MHK VL",61756,909
"11/13/2004 20:00:00","EST","MILLWD",61759,300
"11/13/2004 20:00:00","EST","N.Y.C._LONGIL",,8400
"11/13/2004 20:00:00","EST","NORTH",61755,771
"11/13/2004 20:00:00","EST","WEST",61752,1925
"11/13/2004 20:00:49","EST","CAPITL",61757,1440
"11/13/2004 20:00:49","EST","CENTRL",61754,2099
"11/13/2004 20:00:49","EST","DUNWOD",61760,764
"11/13/2004 20:00:49","EST","GENESE",61753,1189
"11/13/2004 20:00:49","EST","HUD VL",61758,1370
"11/13/2004 20:00:49","EST","MHK VL",61756,891
"11/13/2004 20:00:49","EST","MILLWD",61759,302
"11/13/2004 20:00:49","EST","N.Y.C._LONGIL",,8428
"11/13/2004 20:00:49","EST","NORTH",61755,777
"11/13/2004 20:00:49","EST","WEST",61752,1935
"11/13/2004 20:05:19","EST","CAPITL",61757,1427
"11/13/2004 20:05:19","EST","CENTRL",61754,2062
"11/13/2004 20:05:19","EST","DUNWOD",61760,764
"11/13/2004 20:05:19","EST","GENESE",61753,1191
"11/13/2004 20:05:19","EST","HUD VL",61758,1353
"11/13/2004 20:05:19","EST","MHK VL",61756,901
"11/13/2004 20:05:19","EST","MILLWD",61759,298
"11/13/2004 20:05:19","EST","N.Y.C._LONGIL",,8383
"11/13/2004 20:05:19","EST","NORTH",61755,776
"11/13/2004 20:05:19","EST","WEST",61752,1907
"11/13/2004 20:10:19","EST","CAPITL",61757,1429
"11/13/2004 20:10:19","EST","CENTRL",61754,2065
"11/13/2004 20:10:19","EST","DUNWOD",61760,764
"11/13/2004 20:10:19","EST","GENESE",61753,1183
"11/13/2004 20:10:19","EST","HUD VL",61758,1361
"11/13/2004 20:10:19","EST","MHK VL",61756,897
"11/13/2004 20:10:19","EST","MILLWD",61759,302
"11/13/2004 20:10:19","EST","N.Y.C._LONGIL",,8403
"11/13/2004 20:10:19","EST","NORTH",61755,771
"11/13/2004 20:10:19","EST","WEST",61752,1901
"11/13/2004 20:11:49","EST","CAPITL",61757,1414
"11/13/2004 20:11:49","EST","CENTRL",61754,2047
"11/13/2004 20:11:49","EST","DUNWOD",61760,753
"11/13/2004 20:11:49","EST","GENESE",61753,1183
"11/13/2004 20:11:49","EST","HUD VL",61758,1350
"11/13/2004 20:11:49","EST","MHK VL",61756,898
"11/13/2004 20:11:49","EST","MILLWD",61759,305
"11/13/2004 20:11:49","EST","N.Y.C._LONGIL",,8392
"11/13/2004 20:11:49","EST","NORTH",61755,769
"11/13/2004 20:11:49","EST","WEST",61752,1920
"11/13/2004 20:16:49","EST","CAPITL",61757,1402
"11/13/2004 20:16:49","EST","CENTRL",61754,2054
"11/13/2004 20:16:49","EST","DUNWOD",61760,758
"11/13/2004 20:16:49","EST","GENESE",61753,1192
"11/13/2004 20:16:49","EST","HUD VL",61758,1355
"11/13/2004 20:16:49","EST","MHK VL",61756,893
"11/13/2004 20:16:49","EST","MILLWD",61759,300
"11/13/2004 20:16:49","EST","N.Y.C._LONGIL",,8394
"11/13/2004 20:16:49","EST","NORTH",61755,775
"11/13/2004 20:16:49","EST","WEST",61752,1926
"11/13/2004 20:18:19","EST","CAPITL",61757,1403
"11/13/2004 20:18:19","EST","CENTRL",61754,2074
"11/13/2004 20:18:19","EST","DUNWOD",61760,763
"11/13/2004 20:18:19","EST","GENESE",61753,1193
"11/13/2004 20:18:19","EST","HUD VL",61758,1346
"11/13/2004 20:18:19","EST","MHK VL",61756,896
"11/13/2004 20:18:19","EST","MILLWD",61759,300
"11/13/2004 20:18:19","EST","N.Y.C._LONGIL",,8369
"11/13/2004 20:18:19","EST","NORTH",61755,770
"11/13/2004 20:18:19","EST","WEST",61752,1893
"11/13/2004 20:23:19","EST","CAPITL",61757,1418
"11/13/2004 20:23:19","EST","CENTRL",61754,2082
"11/13/2004 20:23:19","EST","DUNWOD",61760,762
"11/13/2004 20:23:19","EST","GENESE",61753,1180
"11/13/2004 20:23:19","EST","HUD VL",61758,1355
"11/13/2004 20:23:19","EST","MHK VL",61756,882
"11/13/2004 20:23:19","EST","MILLWD",61759,302
"11/13/2004 20:23:19","EST","N.Y.C._LONGIL",,8373
"11/13/2004 20:23:19","EST","NORTH",61755,766
"11/13/2004 20:23:19","EST","WEST",61752,1912
"11/13/2004 20:24:49","EST","CAPITL",61757,1404
"11/13/2004 20:24:49","EST","CENTRL",61754,2098
"11/13/2004 20:24:49","EST","DUNWOD",61760,767
"11/13/2004 20:24:49","EST","GENESE",61753,1176
"11/13/2004 20:24:49","EST","HUD VL",61758,1344
"11/13/2004 20:24:49","EST","MHK VL",61756,885
"11/13/2004 20:24:49","EST","MILLWD",61759,297
"11/13/2004 20:24:49","EST","N.Y.C._LONGIL",,8354
"11/13/2004 20:24:49","EST","NORTH",61755,769
"11/13/2004 20:24:49","EST","WEST",61752,1903
"11/13/2004 20:27:49","EST","CAPITL",61757,1404
"11/13/2004 20:27:49","EST","CENTRL",61754,2089
"11/13/2004 20:27:49","EST","DUNWOD",61760,763
"11/13/2004 20:27:49","EST","GENESE",61753,1179
"11/13/2004 20:27:49","EST","HUD VL",61758,1328
"11/13/2004 20:27:49","EST","MHK VL",61756,889
"11/13/2004 20:27:49","EST","MILLWD",61759,298
"11/13/2004 20:27:49","EST","N.Y.C._LONGIL",,8337
"11/13/2004 20:27:49","EST","NORTH",61755,781
"11/13/2004 20:27:49","EST","WEST",61752,1904
"11/13/2004 20:32:49","EST","CAPITL",61757,1386
"11/13/2004 20:32:49","EST","CENTRL",61754,2057
"11/13/2004 20:32:49","EST","DUNWOD",61760,764
"11/13/2004 20:32:49","EST","GENESE",61753,1170
"11/13/2004 20:32:49","EST","HUD VL",61758,1363
"11/13/2004 20:32:49","EST","MHK VL",61756,879
"11/13/2004 20:32:49","EST","MILLWD",61759,294
"11/13/2004 20:32:49","EST","N.Y.C._LONGIL",,8253
"11/13/2004 20:32:49","EST","NORTH",61755,775
"11/13/2004 20:32:49","EST","WEST",61752,1904
"11/13/2004 20:37:49","EST","CAPITL",61757,1394
"11/13/2004 20:37:49","EST","CENTRL",61754,2065
"11/13/2004 20:37:49","EST","DUNWOD",61760,756
"11/13/2004 20:37:49","EST","GENESE",61753,1161
"11/13/2004 20:37:49","EST","HUD VL",61758,1333
"11/13/2004 20:37:49","EST","MHK VL",61756,894
"11/13/2004 20:37:49","EST","MILLWD",61759,295
"11/13/2004 20:37:49","EST","N.Y.C._LONGIL",,8256
"11/13/2004 20:37:49","EST","NORTH",61755,771
"11/13/2004 20:37:49","EST","WEST",61752,1885
"11/13/2004 20:42:49","EST","CAPITL",61757,1382
"11/13/2004 20:42:49","EST","CENTRL",61754,2069
"11/13/2004 20:42:49","EST","DUNWOD",61760,756
"11/13/2004 20:42:49","EST","GENESE",61753,1173
"11/13/2004 20:42:49","EST","HUD VL",61758,1338
"11/13/2004 20:42:49","EST","MHK VL",61756,887
"11/13/2004 20:42:49","EST","MILLWD",61759,292
"11/13/2004 20:42:49","EST","N.Y.C._LONGIL",,8227
"11/13/2004 20:42:49","EST","NORTH",61755,770
"11/13/2004 20:42:49","EST","WEST",61752,1882
"11/13/2004 20:44:19","EST","CAPITL",61757,1388
"11/13/2004 20:44:19","EST","CENTRL",61754,2056
"11/13/2004 20:44:19","EST","DUNWOD",61760,752
"11/13/2004 20:44:19","EST","GENESE",61753,1164
"11/13/2004 20:44:19","EST","HUD VL",61758,1336
"11/13/2004 20:44:19","EST","MHK VL",61756,879
"11/13/2004 20:44:19","EST","MILLWD",61759,288
"11/13/2004 20:44:19","EST","N.Y.C._LONGIL",,8249
"11/13/2004 20:44:19","EST","NORTH",61755,784
"11/13/2004 20:44:19","EST","WEST",61752,1902
"11/13/2004 20:47:19","EST","CAPITL",61757,1385
"11/13/2004 20:47:19","EST","CENTRL",61754,2050
"11/13/2004 20:47:19","EST","DUNWOD",61760,756
"11/13/2004 20:47:19","EST","GENESE",61753,1165
"11/13/2004 20:47:19","EST","HUD VL",61758,1316
"11/13/2004 20:47:19","EST","MHK VL",61756,887
"11/13/2004 20:47:19","EST","MILLWD",61759,298
"11/13/2004 20:47:19","EST","N.Y.C._LONGIL",,8241
"11/13/2004 20:47:19","EST","NORTH",61755,776
"11/13/2004 20:47:19","EST","WEST",61752,1888
"11/13/2004 20:52:19","EST","CAPITL",61757,1383
"11/13/2004 20:52:19","EST","CENTRL",61754,2058
"11/13/2004 20:52:19","EST","DUNWOD",61760,750
"11/13/2004 20:52:19","EST","GENESE",61753,1170
"11/13/2004 20:52:19","EST","HUD VL",61758,1334
"11/13/2004 20:52:19","EST","MHK VL",61756,876
"11/13/2004 20:52:19","EST","MILLWD",61759,293
"11/13/2004 20:52:19","EST","N.Y.C._LONGIL",,8239
"11/13/2004 20:52:19","EST","NORTH",61755,774
"11/13/2004 20:52:19","EST","WEST",61752,1885
"11/13/2004 20:53:49","EST","CAPITL",61757,1387
"11/13/2004 20:53:49","EST","CENTRL",61754,2068
"11/13/2004 20:53:49","EST","DUNWOD",61760,753
"11/13/2004 20:53:49","EST","GENESE",61753,1161
"11/13/2004 20:53:49","EST","HUD VL",61758,1329
"11/13/2004 20:53:49","EST","MHK VL",61756,894
"11/13/2004 20:53:49","EST","MILLWD",61759,294
"11/13/2004 20:53:49","EST","N.Y.C._LONGIL",,8196
"11/13/2004 20:53:49","EST","NORTH",61755,760
"11/13/2004 20:53:49","EST","WEST",61752,1883
"11/13/2004 20:55:19","EST","CAPITL",61757,1367
"11/13/2004 20:55:19","EST","CENTRL",61754,2049
"11/13/2004 20:55:19","EST","DUNWOD",61760,760
"11/13/2004 20:55:19","EST","GENESE",61753,1161
"11/13/2004 20:55:19","EST","HUD VL",61758,1313
"11/13/2004 20:55:19","EST","MHK VL",61756,937
"11/13/2004 20:55:19","EST","MILLWD",61759,288
"11/13/2004 20:55:19","EST","N.Y.C._LONGIL",,8182
"11/13/2004 20:55:19","EST","NORTH",61755,753
"11/13/2004 20:55:19","EST","WEST",61752,1885
"11/13/2004 21:00:00","EST","CAPITL",61757,1375
"11/13/2004 21:00:00","EST","CENTRL",61754,2044
"11/13/2004 21:00:00","EST","DUNWOD",61760,752
"11/13/2004 21:00:00","EST","GENESE",61753,1164
"11/13/2004 21:00:00","EST","HUD VL",61758,1318
"11/13/2004 21:00:00","EST","MHK VL",61756,932
"11/13/2004 21:00:00","EST","MILLWD",61759,294
"11/13/2004 21:00:00","EST","N.Y.C._LONGIL",,8151
"11/13/2004 21:00:00","EST","NORTH",61755,761
"11/13/2004 21:00:00","EST","WEST",61752,1865
"11/13/2004 21:00:49","EST","CAPITL",61757,1358
"11/13/2004 21:00:49","EST","CENTRL",61754,2043
"11/13/2004 21:00:49","EST","DUNWOD",61760,738
"11/13/2004 21:00:49","EST","GENESE",61753,1160
"11/13/2004 21:00:49","EST","HUD VL",61758,1335
"11/13/2004 21:00:49","EST","MHK VL",61756,928
"11/13/2004 21:00:49","EST","MILLWD",61759,293
"11/13/2004 21:00:49","EST","N.Y.C._LONGIL",,8175
"11/13/2004 21:00:49","EST","NORTH",61755,761
"11/13/2004 21:00:49","EST","WEST",61752,1875
"11/13/2004 21:05:19","EST","CAPITL",61757,1350
"11/13/2004 21:05:19","EST","CENTRL",61754,2016
"11/13/2004 21:05:19","EST","DUNWOD",61760,743
"11/13/2004 21:05:19","EST","GENESE",61753,1163
"11/13/2004 21:05:19","EST","HUD VL",61758,1310
"11/13/2004 21:05:19","EST","MHK VL",61756,926
"11/13/2004 21:05:19","EST","MILLWD",61759,289
"11/13/2004 21:05:19","EST","N.Y.C._LONGIL",,8163
"11/13/2004 21:05:19","EST","NORTH",61755,756
"11/13/2004 21:05:19","EST","WEST",61752,1884
"11/13/2004 21:06:49","EST","CAPITL",61757,1342
"11/13/2004 21:06:49","EST","CENTRL",61754,2033
"11/13/2004 21:06:49","EST","DUNWOD",61760,742
"11/13/2004 21:06:49","EST","GENESE",61753,1143
"11/13/2004 21:06:49","EST","HUD VL",61758,1306
"11/13/2004 21:06:49","EST","MHK VL",61756,926
"11/13/2004 21:06:49","EST","MILLWD",61759,287
"11/13/2004 21:06:49","EST","N.Y.C._LONGIL",,8136
"11/13/2004 21:06:49","EST","NORTH",61755,756
"11/13/2004 21:06:49","EST","WEST",61752,1889
"11/13/2004 21:11:49","EST","CAPITL",61757,1334
"11/13/2004 21:11:49","EST","CENTRL",61754,2090
"11/13/2004 21:11:49","EST","DUNWOD",61760,728
"11/13/2004 21:11:49","EST","GENESE",61753,1142
"11/13/2004 21:11:49","EST","HUD VL",61758,1309
"11/13/2004 21:11:49","EST","MHK VL",61756,918
"11/13/2004 21:11:49","EST","MILLWD",61759,291
"11/13/2004 21:11:49","EST","N.Y.C._LONGIL",,8142
"11/13/2004 21:11:49","EST","NORTH",61755,765
"11/13/2004 21:11:49","EST","WEST",61752,1883
"11/13/2004 21:16:49","EST","CAPITL",61757,1351
"11/13/2004 21:16:49","EST","CENTRL",61754,2105
"11/13/2004 21:16:49","EST","DUNWOD",61760,737
"11/13/2004 21:16:49","EST","GENESE",61753,1134
"11/13/2004 21:16:49","EST","HUD VL",61758,1310
"11/13/2004 21:16:49","EST","MHK VL",61756,914
"11/13/2004 21:16:49","EST","MILLWD",61759,282
"11/13/2004 21:16:49","EST","N.Y.C._LONGIL",,8151
"11/13/2004 21:16:49","EST","NORTH",61755,759
"11/13/2004 21:16:49","EST","WEST",61752,1867
"11/13/2004 21:18:19","EST","CAPITL",61757,1345
"11/13/2004 21:18:19","EST","CENTRL",61754,2074
"11/13/2004 21:18:19","EST","DUNWOD",61760,739
"11/13/2004 21:18:19","EST","GENESE",61753,1140
"11/13/2004 21:18:19","EST","HUD VL",61758,1311
"11/13/2004 21:18:19","EST","MHK VL",61756,915
"11/13/2004 21:18:19","EST","MILLWD",61759,283
"11/13/2004 21:18:19","EST","N.Y.C._LONGIL",,8105
"11/13/2004 21:18:19","EST","NORTH",61755,765
"11/13/2004 21:18:19","EST","WEST",61752,1885
"11/13/2004 21:23:19","EST","CAPITL",61757,1337
"11/13/2004 21:23:19","EST","CENTRL",61754,2094
"11/13/2004 21:23:19","EST","DUNWOD",61760,726
"11/13/2004 21:23:19","EST","GENESE",61753,1132
"11/13/2004 21:23:19","EST","HUD VL",61758,1307
"11/13/2004 21:23:19","EST","MHK VL",61756,902
"11/13/2004 21:23:19","EST","MILLWD",61759,289
"11/13/2004 21:23:19","EST","N.Y.C._LONGIL",,8111
"11/13/2004 21:23:19","EST","NORTH",61755,767
"11/13/2004 21:23:19","EST","WEST",61752,1872
"11/13/2004 21:24:49","EST","CAPITL",61757,1340
"11/13/2004 21:24:49","EST","CENTRL",61754,2041
"11/13/2004 21:24:49","EST","DUNWOD",61760,725
"11/13/2004 21:24:49","EST","GENESE",61753,1139
"11/13/2004 21:24:49","EST","HUD VL",61758,1302
"11/13/2004 21:24:49","EST","MHK VL",61756,907
"11/13/2004 21:24:49","EST","MILLWD",61759,285
"11/13/2004 21:24:49","EST","N.Y.C._LONGIL",,8066
"11/13/2004 21:24:49","EST","NORTH",61755,763
"11/13/2004 21:24:49","EST","WEST",61752,1849
"11/13/2004 21:29:49","EST","CAPITL",61757,1328
"11/13/2004 21:29:49","EST","CENTRL",61754,2022
"11/13/2004 21:29:49","EST","DUNWOD",61760,726
"11/13/2004 21:29:49","EST","GENESE",61753,1136
"11/13/2004 21:29:49","EST","HUD VL",61758,1310
"11/13/2004 21:29:49","EST","MHK VL",61756,903
"11/13/2004 21:29:49","EST","MILLWD",61759,287
"11/13/2004 21:29:49","EST","N.Y.C._LONGIL",,8042
"11/13/2004 21:29:49","EST","NORTH",61755,753
"11/13/2004 21:29:49","EST","WEST",61752,1856
"11/13/2004 21:31:19","EST","CAPITL",61757,1324
"11/13/2004 21:31:19","EST","CENTRL",61754,2058
"11/13/2004 21:31:19","EST","DUNWOD",61760,724
"11/13/2004 21:31:19","EST","GENESE",61753,1117
"11/13/2004 21:31:19","EST","HUD VL",61758,1296
"11/13/2004 21:31:19","EST","MHK VL",61756,894
"11/13/2004 21:31:19","EST","MILLWD",61759,286
"11/13/2004 21:31:19","EST","N.Y.C._LONGIL",,8029
"11/13/2004 21:31:19","EST","NORTH",61755,767
"11/13/2004 21:31:19","EST","WEST",61752,1858
"11/13/2004 21:36:19","EST","CAPITL",61757,1307
"11/13/2004 21:36:19","EST","CENTRL",61754,2045
"11/13/2004 21:36:19","EST","DUNWOD",61760,719
"11/13/2004 21:36:19","EST","GENESE",61753,1120
"11/13/2004 21:36:19","EST","HUD VL",61758,1288
"11/13/2004 21:36:19","EST","MHK VL",61756,899
"11/13/2004 21:36:19","EST","MILLWD",61759,277
"11/13/2004 21:36:19","EST","N.Y.C._LONGIL",,8021
"11/13/2004 21:36:19","EST","NORTH",61755,764
"11/13/2004 21:36:19","EST","WEST",61752,1852
"11/13/2004 21:37:49","EST","CAPITL",61757,1332
"11/13/2004 21:37:49","EST","CENTRL",61754,2047
"11/13/2004 21:37:49","EST","DUNWOD",61760,714
"11/13/2004 21:37:49","EST","GENESE",61753,1119
"11/13/2004 21:37:49","EST","HUD VL",61758,1281
"11/13/2004 21:37:49","EST","MHK VL",61756,898
"11/13/2004 21:37:49","EST","MILLWD",61759,276
"11/13/2004 21:37:49","EST","N.Y.C._LONGIL",,7968
"11/13/2004 21:37:49","EST","NORTH",61755,761
"11/13/2004 21:37:49","EST","WEST",61752,1844
"11/13/2004 21:42:49","EST","CAPITL",61757,1319
"11/13/2004 21:42:49","EST","CENTRL",61754,2036
"11/13/2004 21:42:49","EST","DUNWOD",61760,722
"11/13/2004 21:42:49","EST","GENESE",61753,1098
"11/13/2004 21:42:49","EST","HUD VL",61758,1278
"11/13/2004 21:42:49","EST","MHK VL",61756,895
"11/13/2004 21:42:49","EST","MILLWD",61759,273
"11/13/2004 21:42:49","EST","N.Y.C._LONGIL",,7958
"11/13/2004 21:42:49","EST","NORTH",61755,759
"11/13/2004 21:42:49","EST","WEST",61752,1846
"11/13/2004 21:47:49","EST","CAPITL",61757,1303
"11/13/2004 21:47:49","EST","CENTRL",61754,1989
"11/13/2004 21:47:49","EST","DUNWOD",61760,712
"11/13/2004 21:47:49","EST","GENESE",61753,1107
"11/13/2004 21:47:49","EST","HUD VL",61758,1277
"11/13/2004 21:47:49","EST","MHK VL",61756,888
"11/13/2004 21:47:49","EST","MILLWD",61759,273
"11/13/2004 21:47:49","EST","N.Y.C._LONGIL",,7915
"11/13/2004 21:47:49","EST","NORTH",61755,757
"11/13/2004 21:47:49","EST","WEST",61752,1844
"11/13/2004 21:52:49","EST","CAPITL",61757,1307
"11/13/2004 21:52:49","EST","CENTRL",61754,2001
"11/13/2004 21:52:49","EST","DUNWOD",61760,709
"11/13/2004 21:52:49","EST","GENESE",61753,1106
"11/13/2004 21:52:49","EST","HUD VL",61758,1268
"11/13/2004 21:52:49","EST","MHK VL",61756,907
"11/13/2004 21:52:49","EST","MILLWD",61759,279
"11/13/2004 21:52:49","EST","N.Y.C._LONGIL",,7891
"11/13/2004 21:52:49","EST","NORTH",61755,702
"11/13/2004 21:52:49","EST","WEST",61752,1830
"11/13/2004 21:55:19","EST","CAPITL",61757,1296
"11/13/2004 21:55:19","EST","CENTRL",61754,1980
"11/13/2004 21:55:19","EST","DUNWOD",61760,703
"11/13/2004 21:55:19","EST","GENESE",61753,1102
"11/13/2004 21:55:19","EST","HUD VL",61758,1251
"11/13/2004 21:55:19","EST","MHK VL",61756,881
"11/13/2004 21:55:19","EST","MILLWD",61759,277
"11/13/2004 21:55:19","EST","N.Y.C._LONGIL",,7856
"11/13/2004 21:55:19","EST","NORTH",61755,747
"11/13/2004 21:55:19","EST","WEST",61752,1825
"11/13/2004 22:00:00","EST","CAPITL",61757,1291
"11/13/2004 22:00:00","EST","CENTRL",61754,1984
"11/13/2004 22:00:00","EST","DUNWOD",61760,725
"11/13/2004 22:00:00","EST","GENESE",61753,1101
"11/13/2004 22:00:00","EST","HUD VL",61758,1278
"11/13/2004 22:00:00","EST","MHK VL",61756,877
"11/13/2004 22:00:00","EST","MILLWD",61759,274
"11/13/2004 22:00:00","EST","N.Y.C._LONGIL",,7837
"11/13/2004 22:00:00","EST","NORTH",61755,752
"11/13/2004 22:00:00","EST","WEST",61752,1822
"11/13/2004 22:00:49","EST","CAPITL",61757,1240
"11/13/2004 22:00:49","EST","CENTRL",61754,2023
"11/13/2004 22:00:49","EST","DUNWOD",61760,694
"11/13/2004 22:00:49","EST","GENESE",61753,1112
"11/13/2004 22:00:49","EST","HUD VL",61758,1252
"11/13/2004 22:00:49","EST","MHK VL",61756,874
"11/13/2004 22:00:49","EST","MILLWD",61759,267
"11/13/2004 22:00:49","EST","N.Y.C._LONGIL",,7852
"11/13/2004 22:00:49","EST","NORTH",61755,761
"11/13/2004 22:00:49","EST","WEST",61752,1811
"11/13/2004 22:05:19","EST","CAPITL",61757,1275
"11/13/2004 22:05:19","EST","CENTRL",61754,2025
"11/13/2004 22:05:19","EST","DUNWOD",61760,710
"11/13/2004 22:05:19","EST","GENESE",61753,1125
"11/13/2004 22:05:19","EST","HUD VL",61758,1258
"11/13/2004 22:05:19","EST","MHK VL",61756,873
"11/13/2004 22:05:19","EST","MILLWD",61759,272
"11/13/2004 22:05:19","EST","N.Y.C._LONGIL",,7806
"11/13/2004 22:05:19","EST","NORTH",61755,756
"11/13/2004 22:05:19","EST","WEST",61752,1788
"11/13/2004 22:10:19","EST","CAPITL",61757,1276
"11/13/2004 22:10:19","EST","CENTRL",61754,2018
"11/13/2004 22:10:19","EST","DUNWOD",61760,698
"11/13/2004 22:10:19","EST","GENESE",61753,1115
"11/13/2004 22:10:19","EST","HUD VL",61758,1248
"11/13/2004 22:10:19","EST","MHK VL",61756,872
"11/13/2004 22:10:19","EST","MILLWD",61759,271
"11/13/2004 22:10:19","EST","N.Y.C._LONGIL",,7813
"11/13/2004 22:10:19","EST","NORTH",61755,749
"11/13/2004 22:10:19","EST","WEST",61752,1796
"11/13/2004 22:11:49","EST","CAPITL",61757,1277
"11/13/2004 22:11:49","EST","CENTRL",61754,2009
"11/13/2004 22:11:49","EST","DUNWOD",61760,683
"11/13/2004 22:11:49","EST","GENESE",61753,1111
"11/13/2004 22:11:49","EST","HUD VL",61758,1237
"11/13/2004 22:11:49","EST","MHK VL",61756,862
"11/13/2004 22:11:49","EST","MILLWD",61759,267
"11/13/2004 22:11:49","EST","N.Y.C._LONGIL",,7818
"11/13/2004 22:11:49","EST","NORTH",61755,753
"11/13/2004 22:11:49","EST","WEST",61752,1783
"11/13/2004 22:16:49","EST","CAPITL",61757,1255
"11/13/2004 22:16:49","EST","CENTRL",61754,1975
"11/13/2004 22:16:49","EST","DUNWOD",61760,685
"11/13/2004 22:16:49","EST","GENESE",61753,1115
"11/13/2004 22:16:49","EST","HUD VL",61758,1242
"11/13/2004 22:16:49","EST","MHK VL",61756,872
"11/13/2004 22:16:49","EST","MILLWD",61759,265
"11/13/2004 22:16:49","EST","N.Y.C._LONGIL",,7805
"11/13/2004 22:16:49","EST","NORTH",61755,749
"11/13/2004 22:16:49","EST","WEST",61752,1785
"11/13/2004 22:18:19","EST","CAPITL",61757,1268
"11/13/2004 22:18:19","EST","CENTRL",61754,1961
"11/13/2004 22:18:19","EST","DUNWOD",61760,682
"11/13/2004 22:18:19","EST","GENESE",61753,1105
"11/13/2004 22:18:19","EST","HUD VL",61758,1232
"11/13/2004 22:18:19","EST","MHK VL",61756,859
"11/13/2004 22:18:19","EST","MILLWD",61759,266
"11/13/2004 22:18:19","EST","N.Y.C._LONGIL",,7771
"11/13/2004 22:18:19","EST","NORTH",61755,757
"11/13/2004 22:18:19","EST","WEST",61752,1778
"11/13/2004 22:23:19","EST","CAPITL",61757,1255
"11/13/2004 22:23:19","EST","CENTRL",61754,1955
"11/13/2004 22:23:19","EST","DUNWOD",61760,678
"11/13/2004 22:23:19","EST","GENESE",61753,1112
"11/13/2004 22:23:19","EST","HUD VL",61758,1244
"11/13/2004 22:23:19","EST","MHK VL",61756,847
"11/13/2004 22:23:19","EST","MILLWD",61759,270
"11/13/2004 22:23:19","EST","N.Y.C._LONGIL",,7772
"11/13/2004 22:23:19","EST","NORTH",61755,757
"11/13/2004 22:23:19","EST","WEST",61752,1768
"11/13/2004 22:24:49","EST","CAPITL",61757,1246
"11/13/2004 22:24:49","EST","CENTRL",61754,1980
"11/13/2004 22:24:49","EST","DUNWOD",61760,665
"11/13/2004 22:24:49","EST","GENESE",61753,1098
"11/13/2004 22:24:49","EST","HUD VL",61758,1205
"11/13/2004 22:24:49","EST","MHK VL",61756,858
"11/13/2004 22:24:49","EST","MILLWD",61759,260
"11/13/2004 22:24:49","EST","N.Y.C._LONGIL",,7757
"11/13/2004 22:24:49","EST","NORTH",61755,752
"11/13/2004 22:24:49","EST","WEST",61752,1774
"11/13/2004 22:27:49","EST","CAPITL",61757,1247
"11/13/2004 22:27:49","EST","CENTRL",61754,1981
"11/13/2004 22:27:49","EST","DUNWOD",61760,674
"11/13/2004 22:27:49","EST","GENESE",61753,1092
"11/13/2004 22:27:49","EST","HUD VL",61758,1216
"11/13/2004 22:27:49","EST","MHK VL",61756,858
"11/13/2004 22:27:49","EST","MILLWD",61759,259
"11/13/2004 22:27:49","EST","N.Y.C._LONGIL",,7746
"11/13/2004 22:27:49","EST","NORTH",61755,758
"11/13/2004 22:27:49","EST","WEST",61752,1781
"11/13/2004 22:29:19","EST","CAPITL",61757,1257
"11/13/2004 22:29:19","EST","CENTRL",61754,1968
"11/13/2004 22:29:19","EST","DUNWOD",61760,663
"11/13/2004 22:29:19","EST","GENESE",61753,1094
"11/13/2004 22:29:19","EST","HUD VL",61758,1212
"11/13/2004 22:29:19","EST","MHK VL",61756,849
"11/13/2004 22:29:19","EST","MILLWD",61759,261
"11/13/2004 22:29:19","EST","N.Y.C._LONGIL",,7728
"11/13/2004 22:29:19","EST","NORTH",61755,759
"11/13/2004 22:29:19","EST","WEST",61752,1793
"11/13/2004 22:31:19","EST","CAPITL",61757,1249
"11/13/2004 22:31:19","EST","CENTRL",61754,1967
"11/13/2004 22:31:19","EST","DUNWOD",61760,647
"11/13/2004 22:31:19","EST","GENESE",61753,1099
"11/13/2004 22:31:19","EST","HUD VL",61758,1219
"11/13/2004 22:31:19","EST","MHK VL",61756,841
"11/13/2004 22:31:19","EST","MILLWD",61759,254
"11/13/2004 22:31:19","EST","N.Y.C._LONGIL",,7661
"11/13/2004 22:31:19","EST","NORTH",61755,768
"11/13/2004 22:31:19","EST","WEST",61752,1787
"11/13/2004 22:34:19","EST","CAPITL",61757,1267
"11/13/2004 22:34:19","EST","CENTRL",61754,1967
"11/13/2004 22:34:19","EST","DUNWOD",61760,663
"11/13/2004 22:34:19","EST","GENESE",61753,1085
"11/13/2004 22:34:19","EST","HUD VL",61758,1206
"11/13/2004 22:34:19","EST","MHK VL",61756,845
"11/13/2004 22:34:19","EST","MILLWD",61759,251
"11/13/2004 22:34:19","EST","N.Y.C._LONGIL",,7657
"11/13/2004 22:34:19","EST","NORTH",61755,746
"11/13/2004 22:34:19","EST","WEST",61752,1756
"11/13/2004 22:36:49","EST","CAPITL",61757,1250
"11/13/2004 22:36:49","EST","CENTRL",61754,1956
"11/13/2004 22:36:49","EST","DUNWOD",61760,661
"11/13/2004 22:36:49","EST","GENESE",61753,1077
"11/13/2004 22:36:49","EST","HUD VL",61758,1201
"11/13/2004 22:36:49","EST","MHK VL",61756,834
"11/13/2004 22:36:49","EST","MILLWD",61759,249
"11/13/2004 22:36:49","EST","N.Y.C._LONGIL",,7631
"11/13/2004 22:36:49","EST","NORTH",61755,758
"11/13/2004 22:36:49","EST","WEST",61752,1779
"11/13/2004 22:41:49","EST","CAPITL",61757,1224
"11/13/2004 22:41:49","EST","CENTRL",61754,1927
"11/13/2004 22:41:49","EST","DUNWOD",61760,653
"11/13/2004 22:41:49","EST","GENESE",61753,1070
"11/13/2004 22:41:49","EST","HUD VL",61758,1183
"11/13/2004 22:41:49","EST","MHK VL",61756,834
"11/13/2004 22:41:49","EST","MILLWD",61759,246
"11/13/2004 22:41:49","EST","N.Y.C._LONGIL",,7550
"11/13/2004 22:41:49","EST","NORTH",61755,764
"11/13/2004 22:41:49","EST","WEST",61752,1787
"11/13/2004 22:46:49","EST","CAPITL",61757,1230
"11/13/2004 22:46:49","EST","CENTRL",61754,1891
"11/13/2004 22:46:49","EST","DUNWOD",61760,653
"11/13/2004 22:46:49","EST","GENESE",61753,1075
"11/13/2004 22:46:49","EST","HUD VL",61758,1184
"11/13/2004 22:46:49","EST","MHK VL",61756,844
"11/13/2004 22:46:49","EST","MILLWD",61759,247
"11/13/2004 22:46:49","EST","N.Y.C._LONGIL",,7530
"11/13/2004 22:46:49","EST","NORTH",61755,744
"11/13/2004 22:46:49","EST","WEST",61752,1730
"11/13/2004 22:51:49","EST","CAPITL",61757,1199
"11/13/2004 22:51:49","EST","CENTRL",61754,1936
"11/13/2004 22:51:49","EST","DUNWOD",61760,642
"11/13/2004 22:51:49","EST","GENESE",61753,1065
"11/13/2004 22:51:49","EST","HUD VL",61758,1179
"11/13/2004 22:51:49","EST","MHK VL",61756,835
"11/13/2004 22:51:49","EST","MILLWD",61759,251
"11/13/2004 22:51:49","EST","N.Y.C._LONGIL",,7496
"11/13/2004 22:51:49","EST","NORTH",61755,751
"11/13/2004 22:51:49","EST","WEST",61752,1762
"11/13/2004 22:55:19","EST","CAPITL",61757,1212
"11/13/2004 22:55:19","EST","CENTRL",61754,1924
"11/13/2004 22:55:19","EST","DUNWOD",61760,641
"11/13/2004 22:55:19","EST","GENESE",61753,1060
"11/13/2004 22:55:19","EST","HUD VL",61758,1176
"11/13/2004 22:55:19","EST","MHK VL",61756,828
"11/13/2004 22:55:19","EST","MILLWD",61759,235
"11/13/2004 22:55:19","EST","N.Y.C._LONGIL",,7457
"11/13/2004 22:55:19","EST","NORTH",61755,750
"11/13/2004 22:55:19","EST","WEST",61752,1753
"11/13/2004 23:00:00","EST","CAPITL",61757,1190
"11/13/2004 23:00:00","EST","CENTRL",61754,1931
"11/13/2004 23:00:00","EST","DUNWOD",61760,638
"11/13/2004 23:00:00","EST","GENESE",61753,1059
"11/13/2004 23:00:00","EST","HUD VL",61758,1195
"11/13/2004 23:00:00","EST","MHK VL",61756,833
"11/13/2004 23:00:00","EST","MILLWD",61759,239
"11/13/2004 23:00:00","EST","N.Y.C._LONGIL",,7450
"11/13/2004 23:00:00","EST","NORTH",61755,739
"11/13/2004 23:00:00","EST","WEST",61752,1730
"11/13/2004 23:00:49","EST","CAPITL",61757,1181
"11/13/2004 23:00:49","EST","CENTRL",61754,1910
"11/13/2004 23:00:49","EST","DUNWOD",61760,608
"11/13/2004 23:00:49","EST","GENESE",61753,1054
"11/13/2004 23:00:49","EST","HUD VL",61758,1184
"11/13/2004 23:00:49","EST","MHK VL",61756,819
"11/13/2004 23:00:49","EST","MILLWD",61759,237
"11/13/2004 23:00:49","EST","N.Y.C._LONGIL",,7423
"11/13/2004 23:00:49","EST","NORTH",61755,755
"11/13/2004 23:00:49","EST","WEST",61752,1728
"11/13/2004 23:05:19","EST","CAPITL",61757,1186
"11/13/2004 23:05:19","EST","CENTRL",61754,1913
"11/13/2004 23:05:19","EST","DUNWOD",61760,639
"11/13/2004 23:05:19","EST","GENESE",61753,1040
"11/13/2004 23:05:19","EST","HUD VL",61758,1237
"11/13/2004 23:05:19","EST","MHK VL",61756,821
"11/13/2004 23:05:19","EST","MILLWD",61759,231
"11/13/2004 23:05:19","EST","N.Y.C._LONGIL",,7273
"11/13/2004 23:05:19","EST","NORTH",61755,747
"11/13/2004 23:05:19","EST","WEST",61752,1717
"11/13/2004 23:10:19","EST","CAPITL",61757,1181
"11/13/2004 23:10:19","EST","CENTRL",61754,1888
"11/13/2004 23:10:19","EST","DUNWOD",61760,643
"11/13/2004 23:10:19","EST","GENESE",61753,1039
"11/13/2004 23:10:19","EST","HUD VL",61758,1147
"11/13/2004 23:10:19","EST","MHK VL",61756,825
"11/13/2004 23:10:19","EST","MILLWD",61759,229
"11/13/2004 23:10:19","EST","N.Y.C._LONGIL",,7318
"11/13/2004 23:10:19","EST","NORTH",61755,741
"11/13/2004 23:10:19","EST","WEST",61752,1663
"11/13/2004 23:15:19","EST","CAPITL",61757,1183
"11/13/2004 23:15:19","EST","CENTRL",61754,1888
"11/13/2004 23:15:19","EST","DUNWOD",61760,641
"11/13/2004 23:15:19","EST","GENESE",61753,1035
"11/13/2004 23:15:19","EST","HUD VL",61758,1147
"11/13/2004 23:15:19","EST","MHK VL",61756,814
"11/13/2004 23:15:19","EST","MILLWD",61759,227
"11/13/2004 23:15:19","EST","N.Y.C._LONGIL",,7311
"11/13/2004 23:15:19","EST","NORTH",61755,747
"11/13/2004 23:15:19","EST","WEST",61752,1681
"11/13/2004 23:16:49","EST","CAPITL",61757,1170
"11/13/2004 23:16:49","EST","CENTRL",61754,1878
"11/13/2004 23:16:49","EST","DUNWOD",61760,643
"11/13/2004 23:16:49","EST","GENESE",61753,1032
"11/13/2004 23:16:49","EST","HUD VL",61758,1144
"11/13/2004 23:16:49","EST","MHK VL",61756,803
"11/13/2004 23:16:49","EST","MILLWD",61759,229
"11/13/2004 23:16:49","EST","N.Y.C._LONGIL",,7266
"11/13/2004 23:16:49","EST","NORTH",61755,749
"11/13/2004 23:16:49","EST","WEST",61752,1638
"11/13/2004 23:21:49","EST","CAPITL",61757,1169
"11/13/2004 23:21:49","EST","CENTRL",61754,1877
"11/13/2004 23:21:49","EST","DUNWOD",61760,626
"11/13/2004 23:21:49","EST","GENESE",61753,1015
"11/13/2004 23:21:49","EST","HUD VL",61758,1142
"11/13/2004 23:21:49","EST","MHK VL",61756,800
"11/13/2004 23:21:49","EST","MILLWD",61759,233
"11/13/2004 23:21:49","EST","N.Y.C._LONGIL",,7237
"11/13/2004 23:21:49","EST","NORTH",61755,739
"11/13/2004 23:21:49","EST","WEST",61752,1670
"11/13/2004 23:26:49","EST","CAPITL",61757,1177
"11/13/2004 23:26:49","EST","CENTRL",61754,1856
"11/13/2004 23:26:49","EST","DUNWOD",61760,628
"11/13/2004 23:26:49","EST","GENESE",61753,1011
"11/13/2004 23:26:49","EST","HUD VL",61758,1121
"11/13/2004 23:26:49","EST","MHK VL",61756,787
"11/13/2004 23:26:49","EST","MILLWD",61759,232
"11/13/2004 23:26:49","EST","N.Y.C._LONGIL",,7191
"11/13/2004 23:26:49","EST","NORTH",61755,760
"11/13/2004 23:26:49","EST","WEST",61752,1689
"11/13/2004 23:30:49","EST","CAPITL",61757,1172
"11/13/2004 23:30:49","EST","CENTRL",61754,1820
"11/13/2004 23:30:49","EST","DUNWOD",61760,622
"11/13/2004 23:30:49","EST","GENESE",61753,1011
"11/13/2004 23:30:49","EST","HUD VL",61758,1119
"11/13/2004 23:30:49","EST","MHK VL",61756,811
"11/13/2004 23:30:49","EST","MILLWD",61759,224
"11/13/2004 23:30:49","EST","N.Y.C._LONGIL",,7162
"11/13/2004 23:30:49","EST","NORTH",61755,749
"11/13/2004 23:30:49","EST","WEST",61752,1668
"11/13/2004 23:35:49","EST","CAPITL",61757,1156
"11/13/2004 23:35:49","EST","CENTRL",61754,1861
"11/13/2004 23:35:49","EST","DUNWOD",61760,622
"11/13/2004 23:35:49","EST","GENESE",61753,993
"11/13/2004 23:35:49","EST","HUD VL",61758,1120
"11/13/2004 23:35:49","EST","MHK VL",61756,801
"11/13/2004 23:35:49","EST","MILLWD",61759,224
"11/13/2004 23:35:49","EST","N.Y.C._LONGIL",,7109
"11/13/2004 23:35:49","EST","NORTH",61755,749
"11/13/2004 23:35:49","EST","WEST",61752,1650
"11/13/2004 23:40:49","EST","CAPITL",61757,1164
"11/13/2004 23:40:49","EST","CENTRL",61754,1868
"11/13/2004 23:40:49","EST","DUNWOD",61760,616
"11/13/2004 23:40:49","EST","GENESE",61753,993
"11/13/2004 23:40:49","EST","HUD VL",61758,1115
"11/13/2004 23:40:49","EST","MHK VL",61756,797
"11/13/2004 23:40:49","EST","MILLWD",61759,219
"11/13/2004 23:40:49","EST","N.Y.C._LONGIL",,7091
"11/13/2004 23:40:49","EST","NORTH",61755,732
"11/13/2004 23:40:49","EST","WEST",61752,1637
"11/13/2004 23:45:49","EST","CAPITL",61757,1159
"11/13/2004 23:45:49","EST","CENTRL",61754,1852
"11/13/2004 23:45:49","EST","DUNWOD",61760,626
"11/13/2004 23:45:49","EST","GENESE",61753,981
"11/13/2004 23:45:49","EST","HUD VL",61758,1133
"11/13/2004 23:45:49","EST","MHK VL",61756,803
"11/13/2004 23:45:49","EST","MILLWD",61759,214
"11/13/2004 23:45:49","EST","N.Y.C._LONGIL",,7055
"11/13/2004 23:45:49","EST","NORTH",61755,732
"11/13/2004 23:45:49","EST","WEST",61752,1639
"11/13/2004 23:48:19","EST","CAPITL",61757,1139
"11/13/2004 23:48:19","EST","CENTRL",61754,1855
"11/13/2004 23:48:19","EST","DUNWOD",61760,598
"11/13/2004 23:48:19","EST","GENESE",61753,978
"11/13/2004 23:48:19","EST","HUD VL",61758,1108
"11/13/2004 23:48:19","EST","MHK VL",61756,794
"11/13/2004 23:48:19","EST","MILLWD",61759,214
"11/13/2004 23:48:19","EST","N.Y.C._LONGIL",,7008
"11/13/2004 23:48:19","EST","NORTH",61755,750
"11/13/2004 23:48:19","EST","WEST",61752,1629
"11/13/2004 23:53:19","EST","CAPITL",61757,1140
"11/13/2004 23:53:19","EST","CENTRL",61754,1856
"11/13/2004 23:53:19","EST","DUNWOD",61760,614
"11/13/2004 23:53:19","EST","GENESE",61753,963
"11/13/2004 23:53:19","EST","HUD VL",61758,1085
"11/13/2004 23:53:19","EST","MHK VL",61756,796
"11/13/2004 23:53:19","EST","MILLWD",61759,218
"11/13/2004 23:53:19","EST","N.Y.C._LONGIL",,6996
"11/13/2004 23:53:19","EST","NORTH",61755,742
"11/13/2004 23:53:19","EST","WEST",61752,1646
"11/13/2004 23:55:19","EST","CAPITL",61757,1144
"11/13/2004 23:55:19","EST","CENTRL",61754,1852
"11/13/2004 23:55:19","EST","DUNWOD",61760,614
"11/13/2004 23:55:19","EST","GENESE",61753,976
"11/13/2004 23:55:19","EST","HUD VL",61758,1094
"11/13/2004 23:55:19","EST","MHK VL",61756,787
"11/13/2004 23:55:19","EST","MILLWD",61759,219
"11/13/2004 23:55:19","EST","N.Y.C._LONGIL",,6934
"11/13/2004 23:55:19","EST","NORTH",61755,744
"11/13/2004 23:55:19","EST","WEST",61752,1643
