"Time Stamp","Time Zone","Name","PTID","Load"
"05/20/2010 00:00:00","EDT","CAPITL",61757,984.7
"05/20/2010 00:00:00","EDT","CENTRL",61754,1383.8
"05/20/2010 00:00:00","EDT","DUNWOD",61760,525.6
"05/20/2010 00:00:00","EDT","GENESE",61753,909.1
"05/20/2010 00:00:00","EDT","HUD VL",61758,899.7
"05/20/2010 00:00:00","EDT","LONGIL",61762,1923
"05/20/2010 00:00:00","EDT","MHK VL",61756,671.7
"05/20/2010 00:00:00","EDT","MILLWD",61759,262.7
"05/20/2010 00:00:00","EDT","N.Y.C.",61761,4915.5
"05/20/2010 00:00:00","EDT","NORTH",61755,424
"05/20/2010 00:00:00","EDT","WEST",61752,1467.7
"05/20/2010 00:05:00","EDT","CAPITL",61757,961.1
"05/20/2010 00:05:00","EDT","CENTRL",61754,1384
"05/20/2010 00:05:00","EDT","DUNWOD",61760,518.8
"05/20/2010 00:05:00","EDT","GENESE",61753,899
"05/20/2010 00:05:00","EDT","HUD VL",61758,880.5
"05/20/2010 00:05:00","EDT","LONGIL",61762,1892.9
"05/20/2010 00:05:00","EDT","MHK VL",61756,664.1
"05/20/2010 00:05:00","EDT","MILLWD",61759,257.9
"05/20/2010 00:05:00","EDT","N.Y.C.",61761,4856.1
"05/20/2010 00:05:00","EDT","NORTH",61755,420.8
"05/20/2010 00:05:00","EDT","WEST",61752,1444.9
"05/20/2010 00:10:00","EDT","CAPITL",61757,946.2
"05/20/2010 00:10:00","EDT","CENTRL",61754,1366.4
"05/20/2010 00:10:00","EDT","DUNWOD",61760,526
"05/20/2010 00:10:00","EDT","GENESE",61753,900.8
"05/20/2010 00:10:00","EDT","HUD VL",61758,902.9
"05/20/2010 00:10:00","EDT","LONGIL",61762,1879.6
"05/20/2010 00:10:00","EDT","MHK VL",61756,651.3
"05/20/2010 00:10:00","EDT","MILLWD",61759,231.1
"05/20/2010 00:10:00","EDT","N.Y.C.",61761,4817.9
"05/20/2010 00:10:00","EDT","NORTH",61755,418.7
"05/20/2010 00:10:00","EDT","WEST",61752,1449.1
"05/20/2010 00:15:00","EDT","CAPITL",61757,949.9
"05/20/2010 00:15:00","EDT","CENTRL",61754,1346.1
"05/20/2010 00:15:00","EDT","DUNWOD",61760,500.6
"05/20/2010 00:15:00","EDT","GENESE",61753,893.1
"05/20/2010 00:15:00","EDT","HUD VL",61758,888.4
"05/20/2010 00:15:00","EDT","LONGIL",61762,1861.2
"05/20/2010 00:15:00","EDT","MHK VL",61756,653.1
"05/20/2010 00:15:00","EDT","MILLWD",61759,254.2
"05/20/2010 00:15:00","EDT","N.Y.C.",61761,4811.2
"05/20/2010 00:15:00","EDT","NORTH",61755,419
"05/20/2010 00:15:00","EDT","WEST",61752,1442.5
"05/20/2010 00:20:00","EDT","CAPITL",61757,942.6
"05/20/2010 00:20:00","EDT","CENTRL",61754,1354.5
"05/20/2010 00:20:00","EDT","DUNWOD",61760,490.2
"05/20/2010 00:20:00","EDT","GENESE",61753,890.7
"05/20/2010 00:20:00","EDT","HUD VL",61758,872.6
"05/20/2010 00:20:00","EDT","LONGIL",61762,1860.7
"05/20/2010 00:20:00","EDT","MHK VL",61756,654
"05/20/2010 00:20:00","EDT","MILLWD",61759,262.7
"05/20/2010 00:20:00","EDT","N.Y.C.",61761,4762
"05/20/2010 00:20:00","EDT","NORTH",61755,417.1
"05/20/2010 00:20:00","EDT","WEST",61752,1436.5
"05/20/2010 00:25:00","EDT","CAPITL",61757,951.9
"05/20/2010 00:25:00","EDT","CENTRL",61754,1361.9
"05/20/2010 00:25:00","EDT","DUNWOD",61760,497.1
"05/20/2010 00:25:00","EDT","GENESE",61753,886.9
"05/20/2010 00:25:00","EDT","HUD VL",61758,846.3
"05/20/2010 00:25:00","EDT","LONGIL",61762,1836
"05/20/2010 00:25:00","EDT","MHK VL",61756,647.2
"05/20/2010 00:25:00","EDT","MILLWD",61759,261.3
"05/20/2010 00:25:00","EDT","N.Y.C.",61761,4729.8
"05/20/2010 00:25:00","EDT","NORTH",61755,424.9
"05/20/2010 00:25:00","EDT","WEST",61752,1421
"05/20/2010 00:30:00","EDT","CAPITL",61757,936.1
"05/20/2010 00:30:00","EDT","CENTRL",61754,1339.9
"05/20/2010 00:30:00","EDT","DUNWOD",61760,491.2
"05/20/2010 00:30:00","EDT","GENESE",61753,877.8
"05/20/2010 00:30:00","EDT","HUD VL",61758,842.3
"05/20/2010 00:30:00","EDT","LONGIL",61762,1836.8
"05/20/2010 00:30:00","EDT","MHK VL",61756,642.8
"05/20/2010 00:30:00","EDT","MILLWD",61759,254.5
"05/20/2010 00:30:00","EDT","N.Y.C.",61761,4698.6
"05/20/2010 00:30:00","EDT","NORTH",61755,423.9
"05/20/2010 00:30:00","EDT","WEST",61752,1415.9
"05/20/2010 00:35:00","EDT","CAPITL",61757,919
"05/20/2010 00:35:00","EDT","CENTRL",61754,1349.4
"05/20/2010 00:35:00","EDT","DUNWOD",61760,496.8
"05/20/2010 00:35:00","EDT","GENESE",61753,873
"05/20/2010 00:35:00","EDT","HUD VL",61758,866.9
"05/20/2010 00:35:00","EDT","LONGIL",61762,1832
"05/20/2010 00:35:00","EDT","MHK VL",61756,647.9
"05/20/2010 00:35:00","EDT","MILLWD",61759,235.5
"05/20/2010 00:35:00","EDT","N.Y.C.",61761,4674.5
"05/20/2010 00:35:00","EDT","NORTH",61755,422.4
"05/20/2010 00:35:00","EDT","WEST",61752,1407
"05/20/2010 00:40:00","EDT","CAPITL",61757,900.4
"05/20/2010 00:40:00","EDT","CENTRL",61754,1334.8
"05/20/2010 00:40:00","EDT","DUNWOD",61760,505.5
"05/20/2010 00:40:00","EDT","GENESE",61753,866
"05/20/2010 00:40:00","EDT","HUD VL",61758,841.6
"05/20/2010 00:40:00","EDT","LONGIL",61762,1818.3
"05/20/2010 00:40:00","EDT","MHK VL",61756,649.1
"05/20/2010 00:40:00","EDT","MILLWD",61759,247.5
"05/20/2010 00:40:00","EDT","N.Y.C.",61761,4645.6
"05/20/2010 00:40:00","EDT","NORTH",61755,415.8
"05/20/2010 00:40:00","EDT","WEST",61752,1404.6
"05/20/2010 00:45:00","EDT","CAPITL",61757,911.7
"05/20/2010 00:45:00","EDT","CENTRL",61754,1350
"05/20/2010 00:45:00","EDT","DUNWOD",61760,491.5
"05/20/2010 00:45:00","EDT","GENESE",61753,857.2
"05/20/2010 00:45:00","EDT","HUD VL",61758,841.5
"05/20/2010 00:45:00","EDT","LONGIL",61762,1801.1
"05/20/2010 00:45:00","EDT","MHK VL",61756,639.7
"05/20/2010 00:45:00","EDT","MILLWD",61759,233.9
"05/20/2010 00:45:00","EDT","N.Y.C.",61761,4606
"05/20/2010 00:45:00","EDT","NORTH",61755,419.8
"05/20/2010 00:45:00","EDT","WEST",61752,1406
"05/20/2010 00:50:00","EDT","CAPITL",61757,927.6
"05/20/2010 00:50:00","EDT","CENTRL",61754,1333.9
"05/20/2010 00:50:00","EDT","DUNWOD",61760,477.6
"05/20/2010 00:50:00","EDT","GENESE",61753,864.1
"05/20/2010 00:50:00","EDT","HUD VL",61758,835.8
"05/20/2010 00:50:00","EDT","LONGIL",61762,1806.9
"05/20/2010 00:50:00","EDT","MHK VL",61756,641.6
"05/20/2010 00:50:00","EDT","MILLWD",61759,251
"05/20/2010 00:50:00","EDT","N.Y.C.",61761,4597.5
"05/20/2010 00:50:00","EDT","NORTH",61755,413.7
"05/20/2010 00:50:00","EDT","WEST",61752,1392.8
"05/20/2010 00:55:00","EDT","CAPITL",61757,906.4
"05/20/2010 00:55:00","EDT","CENTRL",61754,1326.7
"05/20/2010 00:55:00","EDT","DUNWOD",61760,476.3
"05/20/2010 00:55:00","EDT","GENESE",61753,860.1
"05/20/2010 00:55:00","EDT","HUD VL",61758,838.7
"05/20/2010 00:55:00","EDT","LONGIL",61762,1793
"05/20/2010 00:55:00","EDT","MHK VL",61756,637.7
"05/20/2010 00:55:00","EDT","MILLWD",61759,240.7
"05/20/2010 00:55:00","EDT","N.Y.C.",61761,4578.7
"05/20/2010 00:55:00","EDT","NORTH",61755,431.2
"05/20/2010 00:55:00","EDT","WEST",61752,1426.5
"05/20/2010 01:00:00","EDT","CAPITL",61757,905.1
"05/20/2010 01:00:00","EDT","CENTRL",61754,1313.1
"05/20/2010 01:00:00","EDT","DUNWOD",61760,501.6
"05/20/2010 01:00:00","EDT","GENESE",61753,856
"05/20/2010 01:00:00","EDT","HUD VL",61758,819
"05/20/2010 01:00:00","EDT","LONGIL",61762,1770.8
"05/20/2010 01:00:00","EDT","MHK VL",61756,643.1
"05/20/2010 01:00:00","EDT","MILLWD",61759,236.1
"05/20/2010 01:00:00","EDT","N.Y.C.",61761,4541.7
"05/20/2010 01:00:00","EDT","NORTH",61755,414.3
"05/20/2010 01:00:00","EDT","WEST",61752,1385.8
"05/20/2010 01:05:00","EDT","CAPITL",61757,872.4
"05/20/2010 01:05:00","EDT","CENTRL",61754,1317.2
"05/20/2010 01:05:00","EDT","DUNWOD",61760,439.9
"05/20/2010 01:05:00","EDT","GENESE",61753,853.7
"05/20/2010 01:05:00","EDT","HUD VL",61758,818.1
"05/20/2010 01:05:00","EDT","LONGIL",61762,1760.5
"05/20/2010 01:05:00","EDT","MHK VL",61756,663
"05/20/2010 01:05:00","EDT","MILLWD",61759,276.5
"05/20/2010 01:05:00","EDT","N.Y.C.",61761,4517.7
"05/20/2010 01:05:00","EDT","NORTH",61755,383.8
"05/20/2010 01:05:00","EDT","WEST",61752,1409.6
"05/20/2010 01:10:00","EDT","CAPITL",61757,882.5
"05/20/2010 01:10:00","EDT","CENTRL",61754,1325.2
"05/20/2010 01:10:00","EDT","DUNWOD",61760,484.1
"05/20/2010 01:10:00","EDT","GENESE",61753,848.6
"05/20/2010 01:10:00","EDT","HUD VL",61758,852.1
"05/20/2010 01:10:00","EDT","LONGIL",61762,1759.6
"05/20/2010 01:10:00","EDT","MHK VL",61756,616
"05/20/2010 01:10:00","EDT","MILLWD",61759,219.5
"05/20/2010 01:10:00","EDT","N.Y.C.",61761,4501.2
"05/20/2010 01:10:00","EDT","NORTH",61755,436.4
"05/20/2010 01:10:00","EDT","WEST",61752,1387.8
"05/20/2010 01:15:00","EDT","CAPITL",61757,909.7
"05/20/2010 01:15:00","EDT","CENTRL",61754,1313.2
"05/20/2010 01:15:00","EDT","DUNWOD",61760,465.9
"05/20/2010 01:15:00","EDT","GENESE",61753,848.1
"05/20/2010 01:15:00","EDT","HUD VL",61758,816.5
"05/20/2010 01:15:00","EDT","LONGIL",61762,1746.8
"05/20/2010 01:15:00","EDT","MHK VL",61756,619
"05/20/2010 01:15:00","EDT","MILLWD",61759,242.8
"05/20/2010 01:15:00","EDT","N.Y.C.",61761,4491.9
"05/20/2010 01:15:00","EDT","NORTH",61755,422.2
"05/20/2010 01:15:00","EDT","WEST",61752,1377.7
"05/20/2010 01:20:00","EDT","CAPITL",61757,899.9
"05/20/2010 01:20:00","EDT","CENTRL",61754,1311
"05/20/2010 01:20:00","EDT","DUNWOD",61760,464.3
"05/20/2010 01:20:00","EDT","GENESE",61753,843.6
"05/20/2010 01:20:00","EDT","HUD VL",61758,818.8
"05/20/2010 01:20:00","EDT","LONGIL",61762,1747.8
"05/20/2010 01:20:00","EDT","MHK VL",61756,616.4
"05/20/2010 01:20:00","EDT","MILLWD",61759,235.3
"05/20/2010 01:20:00","EDT","N.Y.C.",61761,4463.7
"05/20/2010 01:20:00","EDT","NORTH",61755,420.5
"05/20/2010 01:20:00","EDT","WEST",61752,1359.3
"05/20/2010 01:25:00","EDT","CAPITL",61757,897.3
"05/20/2010 01:25:00","EDT","CENTRL",61754,1301.9
"05/20/2010 01:25:00","EDT","DUNWOD",61760,467.2
"05/20/2010 01:25:00","EDT","GENESE",61753,840.7
"05/20/2010 01:25:00","EDT","HUD VL",61758,834.9
"05/20/2010 01:25:00","EDT","LONGIL",61762,1732.2
"05/20/2010 01:25:00","EDT","MHK VL",61756,616.1
"05/20/2010 01:25:00","EDT","MILLWD",61759,228.8
"05/20/2010 01:25:00","EDT","N.Y.C.",61761,4432.8
"05/20/2010 01:25:00","EDT","NORTH",61755,424.2
"05/20/2010 01:25:00","EDT","WEST",61752,1392.8
"05/20/2010 01:30:00","EDT","CAPITL",61757,901.8
"05/20/2010 01:30:00","EDT","CENTRL",61754,1311.3
"05/20/2010 01:30:00","EDT","DUNWOD",61760,446.1
"05/20/2010 01:30:00","EDT","GENESE",61753,833.6
"05/20/2010 01:30:00","EDT","HUD VL",61758,804.4
"05/20/2010 01:30:00","EDT","LONGIL",61762,1736.2
"05/20/2010 01:30:00","EDT","MHK VL",61756,629.3
"05/20/2010 01:30:00","EDT","MILLWD",61759,259
"05/20/2010 01:30:00","EDT","N.Y.C.",61761,4437.9
"05/20/2010 01:30:00","EDT","NORTH",61755,402.6
"05/20/2010 01:30:00","EDT","WEST",61752,1358.6
"05/20/2010 01:35:00","EDT","CAPITL",61757,889.9
"05/20/2010 01:35:00","EDT","CENTRL",61754,1308.4
"05/20/2010 01:35:00","EDT","DUNWOD",61760,454.7
"05/20/2010 01:35:00","EDT","GENESE",61753,834.3
"05/20/2010 01:35:00","EDT","HUD VL",61758,805.1
"05/20/2010 01:35:00","EDT","LONGIL",61762,1729.8
"05/20/2010 01:35:00","EDT","MHK VL",61756,618
"05/20/2010 01:35:00","EDT","MILLWD",61759,241.1
"05/20/2010 01:35:00","EDT","N.Y.C.",61761,4410.2
"05/20/2010 01:35:00","EDT","NORTH",61755,416.3
"05/20/2010 01:35:00","EDT","WEST",61752,1378.2
"05/20/2010 01:40:00","EDT","CAPITL",61757,888.4
"05/20/2010 01:40:00","EDT","CENTRL",61754,1296.9
"05/20/2010 01:40:00","EDT","DUNWOD",61760,468.2
"05/20/2010 01:40:00","EDT","GENESE",61753,835.3
"05/20/2010 01:40:00","EDT","HUD VL",61758,812.3
"05/20/2010 01:40:00","EDT","LONGIL",61762,1712.5
"05/20/2010 01:40:00","EDT","MHK VL",61756,610.7
"05/20/2010 01:40:00","EDT","MILLWD",61759,238
"05/20/2010 01:40:00","EDT","N.Y.C.",61761,4393.4
"05/20/2010 01:40:00","EDT","NORTH",61755,415.6
"05/20/2010 01:40:00","EDT","WEST",61752,1381.7
"05/20/2010 01:45:00","EDT","CAPITL",61757,880.3
"05/20/2010 01:45:00","EDT","CENTRL",61754,1286.6
"05/20/2010 01:45:00","EDT","DUNWOD",61760,467.5
"05/20/2010 01:45:00","EDT","GENESE",61753,833.9
"05/20/2010 01:45:00","EDT","HUD VL",61758,809.2
"05/20/2010 01:45:00","EDT","LONGIL",61762,1704.5
"05/20/2010 01:45:00","EDT","MHK VL",61756,609.6
"05/20/2010 01:45:00","EDT","MILLWD",61759,241.4
"05/20/2010 01:45:00","EDT","N.Y.C.",61761,4384
"05/20/2010 01:45:00","EDT","NORTH",61755,411.2
"05/20/2010 01:45:00","EDT","WEST",61752,1359.9
"05/20/2010 01:50:00","EDT","CAPITL",61757,881.7
"05/20/2010 01:50:00","EDT","CENTRL",61754,1291.7
"05/20/2010 01:50:00","EDT","DUNWOD",61760,459.2
"05/20/2010 01:50:00","EDT","GENESE",61753,823.4
"05/20/2010 01:50:00","EDT","HUD VL",61758,783.9
"05/20/2010 01:50:00","EDT","LONGIL",61762,1689.9
"05/20/2010 01:50:00","EDT","MHK VL",61756,605.7
"05/20/2010 01:50:00","EDT","MILLWD",61759,238.5
"05/20/2010 01:50:00","EDT","N.Y.C.",61761,4353.9
"05/20/2010 01:50:00","EDT","NORTH",61755,416.5
"05/20/2010 01:50:00","EDT","WEST",61752,1381.4
"05/20/2010 01:55:00","EDT","CAPITL",61757,900
"05/20/2010 01:55:00","EDT","CENTRL",61754,1277
"05/20/2010 01:55:00","EDT","DUNWOD",61760,452.6
"05/20/2010 01:55:00","EDT","GENESE",61753,828.1
"05/20/2010 01:55:00","EDT","HUD VL",61758,803.6
"05/20/2010 01:55:00","EDT","LONGIL",61762,1698.5
"05/20/2010 01:55:00","EDT","MHK VL",61756,605.1
"05/20/2010 01:55:00","EDT","MILLWD",61759,233.6
"05/20/2010 01:55:00","EDT","N.Y.C.",61761,4343.8
"05/20/2010 01:55:00","EDT","NORTH",61755,426.4
"05/20/2010 01:55:00","EDT","WEST",61752,1378.1
"05/20/2010 02:00:00","EDT","CAPITL",61757,907.5
"05/20/2010 02:00:00","EDT","CENTRL",61754,1269.1
"05/20/2010 02:00:00","EDT","DUNWOD",61760,457.7
"05/20/2010 02:00:00","EDT","GENESE",61753,823.7
"05/20/2010 02:00:00","EDT","HUD VL",61758,768.1
"05/20/2010 02:00:00","EDT","LONGIL",61762,1683.6
"05/20/2010 02:00:00","EDT","MHK VL",61756,607.2
"05/20/2010 02:00:00","EDT","MILLWD",61759,250.5
"05/20/2010 02:00:00","EDT","N.Y.C.",61761,4310.2
"05/20/2010 02:00:00","EDT","NORTH",61755,411.8
"05/20/2010 02:00:00","EDT","WEST",61752,1342.8
"05/20/2010 02:05:00","EDT","CAPITL",61757,877.3
"05/20/2010 02:05:00","EDT","CENTRL",61754,1271.8
"05/20/2010 02:05:00","EDT","DUNWOD",61760,442
"05/20/2010 02:05:00","EDT","GENESE",61753,824.1
"05/20/2010 02:05:00","EDT","HUD VL",61758,794
"05/20/2010 02:05:00","EDT","LONGIL",61762,1689.4
"05/20/2010 02:05:00","EDT","MHK VL",61756,606.9
"05/20/2010 02:05:00","EDT","MILLWD",61759,242.1
"05/20/2010 02:05:00","EDT","N.Y.C.",61761,4303.8
"05/20/2010 02:05:00","EDT","NORTH",61755,412.8
"05/20/2010 02:05:00","EDT","WEST",61752,1356.5
"05/20/2010 02:10:00","EDT","CAPITL",61757,875.1
"05/20/2010 02:10:00","EDT","CENTRL",61754,1278.6
"05/20/2010 02:10:00","EDT","DUNWOD",61760,457
"05/20/2010 02:10:00","EDT","GENESE",61753,818.7
"05/20/2010 02:10:00","EDT","HUD VL",61758,786.8
"05/20/2010 02:10:00","EDT","LONGIL",61762,1686
"05/20/2010 02:10:00","EDT","MHK VL",61756,601.9
"05/20/2010 02:10:00","EDT","MILLWD",61759,234.3
"05/20/2010 02:10:00","EDT","N.Y.C.",61761,4295.6
"05/20/2010 02:10:00","EDT","NORTH",61755,412.8
"05/20/2010 02:10:00","EDT","WEST",61752,1365.4
"05/20/2010 02:15:00","EDT","CAPITL",61757,874.9
"05/20/2010 02:15:00","EDT","CENTRL",61754,1278.4
"05/20/2010 02:15:00","EDT","DUNWOD",61760,447.3
"05/20/2010 02:15:00","EDT","GENESE",61753,818.7
"05/20/2010 02:15:00","EDT","HUD VL",61758,805.2
"05/20/2010 02:15:00","EDT","LONGIL",61762,1676.1
"05/20/2010 02:15:00","EDT","MHK VL",61756,616.6
"05/20/2010 02:15:00","EDT","MILLWD",61759,246.3
"05/20/2010 02:15:00","EDT","N.Y.C.",61761,4265.1
"05/20/2010 02:15:00","EDT","NORTH",61755,361.1
"05/20/2010 02:15:00","EDT","WEST",61752,1389.2
"05/20/2010 02:20:00","EDT","CAPITL",61757,866.6
"05/20/2010 02:20:00","EDT","CENTRL",61754,1285.2
"05/20/2010 02:20:00","EDT","DUNWOD",61760,446.4
"05/20/2010 02:20:00","EDT","GENESE",61753,814.9
"05/20/2010 02:20:00","EDT","HUD VL",61758,786.7
"05/20/2010 02:20:00","EDT","LONGIL",61762,1667.9
"05/20/2010 02:20:00","EDT","MHK VL",61756,596.8
"05/20/2010 02:20:00","EDT","MILLWD",61759,238.4
"05/20/2010 02:20:00","EDT","N.Y.C.",61761,4270
"05/20/2010 02:20:00","EDT","NORTH",61755,409.1
"05/20/2010 02:20:00","EDT","WEST",61752,1358.6
"05/20/2010 02:25:00","EDT","CAPITL",61757,872.2
"05/20/2010 02:25:00","EDT","CENTRL",61754,1265.1
"05/20/2010 02:25:00","EDT","DUNWOD",61760,454.5
"05/20/2010 02:25:00","EDT","GENESE",61753,816.4
"05/20/2010 02:25:00","EDT","HUD VL",61758,792.2
"05/20/2010 02:25:00","EDT","LONGIL",61762,1668.1
"05/20/2010 02:25:00","EDT","MHK VL",61756,608.2
"05/20/2010 02:25:00","EDT","MILLWD",61759,229.7
"05/20/2010 02:25:00","EDT","N.Y.C.",61761,4247.5
"05/20/2010 02:25:00","EDT","NORTH",61755,397.8
"05/20/2010 02:25:00","EDT","WEST",61752,1352
"05/20/2010 02:30:00","EDT","CAPITL",61757,867.9
"05/20/2010 02:30:00","EDT","CENTRL",61754,1266.8
"05/20/2010 02:30:00","EDT","DUNWOD",61760,454.8
"05/20/2010 02:30:00","EDT","GENESE",61753,817.4
"05/20/2010 02:30:00","EDT","HUD VL",61758,805.4
"05/20/2010 02:30:00","EDT","LONGIL",61762,1650.4
"05/20/2010 02:30:00","EDT","MHK VL",61756,599.2
"05/20/2010 02:30:00","EDT","MILLWD",61759,222.2
"05/20/2010 02:30:00","EDT","N.Y.C.",61761,4256.8
"05/20/2010 02:30:00","EDT","NORTH",61755,406.6
"05/20/2010 02:30:00","EDT","WEST",61752,1340
"05/20/2010 02:35:00","EDT","CAPITL",61757,870.4
"05/20/2010 02:35:00","EDT","CENTRL",61754,1260.3
"05/20/2010 02:35:00","EDT","DUNWOD",61760,444.4
"05/20/2010 02:35:00","EDT","GENESE",61753,812.4
"05/20/2010 02:35:00","EDT","HUD VL",61758,768.3
"05/20/2010 02:35:00","EDT","LONGIL",61762,1651.1
"05/20/2010 02:35:00","EDT","MHK VL",61756,596.1
"05/20/2010 02:35:00","EDT","MILLWD",61759,252.9
"05/20/2010 02:35:00","EDT","N.Y.C.",61761,4235.9
"05/20/2010 02:35:00","EDT","NORTH",61755,409
"05/20/2010 02:35:00","EDT","WEST",61752,1346.2
"05/20/2010 02:40:00","EDT","CAPITL",61757,869.9
"05/20/2010 02:40:00","EDT","CENTRL",61754,1273.3
"05/20/2010 02:40:00","EDT","DUNWOD",61760,437.4
"05/20/2010 02:40:00","EDT","GENESE",61753,806.3
"05/20/2010 02:40:00","EDT","HUD VL",61758,790.4
"05/20/2010 02:40:00","EDT","LONGIL",61762,1644.6
"05/20/2010 02:40:00","EDT","MHK VL",61756,600.6
"05/20/2010 02:40:00","EDT","MILLWD",61759,245.4
"05/20/2010 02:40:00","EDT","N.Y.C.",61761,4234.1
"05/20/2010 02:40:00","EDT","NORTH",61755,403.1
"05/20/2010 02:40:00","EDT","WEST",61752,1344.7
"05/20/2010 02:45:00","EDT","CAPITL",61757,879.7
"05/20/2010 02:45:00","EDT","CENTRL",61754,1265.6
"05/20/2010 02:45:00","EDT","DUNWOD",61760,441.2
"05/20/2010 02:45:00","EDT","GENESE",61753,809.6
"05/20/2010 02:45:00","EDT","HUD VL",61758,805.5
"05/20/2010 02:45:00","EDT","LONGIL",61762,1644.1
"05/20/2010 02:45:00","EDT","MHK VL",61756,593.8
"05/20/2010 02:45:00","EDT","MILLWD",61759,230.2
"05/20/2010 02:45:00","EDT","N.Y.C.",61761,4221.2
"05/20/2010 02:45:00","EDT","NORTH",61755,399
"05/20/2010 02:45:00","EDT","WEST",61752,1332
"05/20/2010 02:50:00","EDT","CAPITL",61757,863
"05/20/2010 02:50:00","EDT","CENTRL",61754,1262.4
"05/20/2010 02:50:00","EDT","DUNWOD",61760,432.9
"05/20/2010 02:50:00","EDT","GENESE",61753,806.2
"05/20/2010 02:50:00","EDT","HUD VL",61758,787.8
"05/20/2010 02:50:00","EDT","LONGIL",61762,1642.1
"05/20/2010 02:50:00","EDT","MHK VL",61756,596.4
"05/20/2010 02:50:00","EDT","MILLWD",61759,233.2
"05/20/2010 02:50:00","EDT","N.Y.C.",61761,4233.2
"05/20/2010 02:50:00","EDT","NORTH",61755,403.7
"05/20/2010 02:50:00","EDT","WEST",61752,1344.8
"05/20/2010 02:55:00","EDT","CAPITL",61757,865.5
"05/20/2010 02:55:00","EDT","CENTRL",61754,1252.5
"05/20/2010 02:55:00","EDT","DUNWOD",61760,419.1
"05/20/2010 02:55:00","EDT","GENESE",61753,808
"05/20/2010 02:55:00","EDT","HUD VL",61758,766.3
"05/20/2010 02:55:00","EDT","LONGIL",61762,1633.3
"05/20/2010 02:55:00","EDT","MHK VL",61756,598.3
"05/20/2010 02:55:00","EDT","MILLWD",61759,263.6
"05/20/2010 02:55:00","EDT","N.Y.C.",61761,4213.3
"05/20/2010 02:55:00","EDT","NORTH",61755,410.3
"05/20/2010 02:55:00","EDT","WEST",61752,1345.5
"05/20/2010 03:00:00","EDT","CAPITL",61757,873.9
"05/20/2010 03:00:00","EDT","CENTRL",61754,1251.4
"05/20/2010 03:00:00","EDT","DUNWOD",61760,447.6
"05/20/2010 03:00:00","EDT","GENESE",61753,800.7
"05/20/2010 03:00:00","EDT","HUD VL",61758,771.6
"05/20/2010 03:00:00","EDT","LONGIL",61762,1632.3
"05/20/2010 03:00:00","EDT","MHK VL",61756,604.1
"05/20/2010 03:00:00","EDT","MILLWD",61759,239.1
"05/20/2010 03:00:00","EDT","N.Y.C.",61761,4181.4
"05/20/2010 03:00:00","EDT","NORTH",61755,397.6
"05/20/2010 03:00:00","EDT","WEST",61752,1338.1
"05/20/2010 03:05:00","EDT","CAPITL",61757,867
"05/20/2010 03:05:00","EDT","CENTRL",61754,1266.4
"05/20/2010 03:05:00","EDT","DUNWOD",61760,432
"05/20/2010 03:05:00","EDT","GENESE",61753,805.5
"05/20/2010 03:05:00","EDT","HUD VL",61758,762.6
"05/20/2010 03:05:00","EDT","LONGIL",61762,1634.4
"05/20/2010 03:05:00","EDT","MHK VL",61756,594
"05/20/2010 03:05:00","EDT","MILLWD",61759,239
"05/20/2010 03:05:00","EDT","N.Y.C.",61761,4201.2
"05/20/2010 03:05:00","EDT","NORTH",61755,411
"05/20/2010 03:05:00","EDT","WEST",61752,1335.5
"05/20/2010 03:10:00","EDT","CAPITL",61757,865.1
"05/20/2010 03:10:00","EDT","CENTRL",61754,1249.4
"05/20/2010 03:10:00","EDT","DUNWOD",61760,431
"05/20/2010 03:10:00","EDT","GENESE",61753,805.6
"05/20/2010 03:10:00","EDT","HUD VL",61758,788.4
"05/20/2010 03:10:00","EDT","LONGIL",61762,1637
"05/20/2010 03:10:00","EDT","MHK VL",61756,593.4
"05/20/2010 03:10:00","EDT","MILLWD",61759,225.9
"05/20/2010 03:10:00","EDT","N.Y.C.",61761,4173.2
"05/20/2010 03:10:00","EDT","NORTH",61755,412.6
"05/20/2010 03:10:00","EDT","WEST",61752,1332.3
"05/20/2010 03:15:00","EDT","CAPITL",61757,866.6
"05/20/2010 03:15:00","EDT","CENTRL",61754,1236
"05/20/2010 03:15:00","EDT","DUNWOD",61760,425.3
"05/20/2010 03:15:00","EDT","GENESE",61753,801
"05/20/2010 03:15:00","EDT","HUD VL",61758,777.5
"05/20/2010 03:15:00","EDT","LONGIL",61762,1634.6
"05/20/2010 03:15:00","EDT","MHK VL",61756,591.4
"05/20/2010 03:15:00","EDT","MILLWD",61759,229.8
"05/20/2010 03:15:00","EDT","N.Y.C.",61761,4175.5
"05/20/2010 03:15:00","EDT","NORTH",61755,410.9
"05/20/2010 03:15:00","EDT","WEST",61752,1324.7
"05/20/2010 03:20:00","EDT","CAPITL",61757,862.2
"05/20/2010 03:20:00","EDT","CENTRL",61754,1260.5
"05/20/2010 03:20:00","EDT","DUNWOD",61760,436.1
"05/20/2010 03:20:00","EDT","GENESE",61753,796
"05/20/2010 03:20:00","EDT","HUD VL",61758,751.9
"05/20/2010 03:20:00","EDT","LONGIL",61762,1629.7
"05/20/2010 03:20:00","EDT","MHK VL",61756,589.1
"05/20/2010 03:20:00","EDT","MILLWD",61759,245
"05/20/2010 03:20:00","EDT","N.Y.C.",61761,4165.6
"05/20/2010 03:20:00","EDT","NORTH",61755,396.7
"05/20/2010 03:20:00","EDT","WEST",61752,1327
"05/20/2010 03:25:00","EDT","CAPITL",61757,863.3
"05/20/2010 03:25:00","EDT","CENTRL",61754,1243.4
"05/20/2010 03:25:00","EDT","DUNWOD",61760,425.9
"05/20/2010 03:25:00","EDT","GENESE",61753,796.7
"05/20/2010 03:25:00","EDT","HUD VL",61758,769.2
"05/20/2010 03:25:00","EDT","LONGIL",61762,1625.3
"05/20/2010 03:25:00","EDT","MHK VL",61756,590.6
"05/20/2010 03:25:00","EDT","MILLWD",61759,233
"05/20/2010 03:25:00","EDT","N.Y.C.",61761,4160.1
"05/20/2010 03:25:00","EDT","NORTH",61755,415.1
"05/20/2010 03:25:00","EDT","WEST",61752,1339.9
"05/20/2010 03:30:00","EDT","CAPITL",61757,868
"05/20/2010 03:30:00","EDT","CENTRL",61754,1257.7
"05/20/2010 03:30:00","EDT","DUNWOD",61760,416.3
"05/20/2010 03:30:00","EDT","GENESE",61753,794.6
"05/20/2010 03:30:00","EDT","HUD VL",61758,776
"05/20/2010 03:30:00","EDT","LONGIL",61762,1635.2
"05/20/2010 03:30:00","EDT","MHK VL",61756,587
"05/20/2010 03:30:00","EDT","MILLWD",61759,242.2
"05/20/2010 03:30:00","EDT","N.Y.C.",61761,4167.9
"05/20/2010 03:30:00","EDT","NORTH",61755,417
"05/20/2010 03:30:00","EDT","WEST",61752,1350.3
"05/20/2010 03:35:00","EDT","CAPITL",61757,867.8
"05/20/2010 03:35:00","EDT","CENTRL",61754,1254.8
"05/20/2010 03:35:00","EDT","DUNWOD",61760,429.9
"05/20/2010 03:35:00","EDT","GENESE",61753,799.8
"05/20/2010 03:35:00","EDT","HUD VL",61758,761.8
"05/20/2010 03:35:00","EDT","LONGIL",61762,1622
"05/20/2010 03:35:00","EDT","MHK VL",61756,588
"05/20/2010 03:35:00","EDT","MILLWD",61759,245.4
"05/20/2010 03:35:00","EDT","N.Y.C.",61761,4162.2
"05/20/2010 03:35:00","EDT","NORTH",61755,409.8
"05/20/2010 03:35:00","EDT","WEST",61752,1338
"05/20/2010 03:40:00","EDT","CAPITL",61757,873.1
"05/20/2010 03:40:00","EDT","CENTRL",61754,1267.8
"05/20/2010 03:40:00","EDT","DUNWOD",61760,424.3
"05/20/2010 03:40:00","EDT","GENESE",61753,799.8
"05/20/2010 03:40:00","EDT","HUD VL",61758,757.8
"05/20/2010 03:40:00","EDT","LONGIL",61762,1630.6
"05/20/2010 03:40:00","EDT","MHK VL",61756,584.1
"05/20/2010 03:40:00","EDT","MILLWD",61759,244.1
"05/20/2010 03:40:00","EDT","N.Y.C.",61761,4161.5
"05/20/2010 03:40:00","EDT","NORTH",61755,411
"05/20/2010 03:40:00","EDT","WEST",61752,1340.5
"05/20/2010 03:45:00","EDT","CAPITL",61757,871.1
"05/20/2010 03:45:00","EDT","CENTRL",61754,1265.9
"05/20/2010 03:45:00","EDT","DUNWOD",61760,438.9
"05/20/2010 03:45:00","EDT","GENESE",61753,797
"05/20/2010 03:45:00","EDT","HUD VL",61758,786.1
"05/20/2010 03:45:00","EDT","LONGIL",61762,1624.4
"05/20/2010 03:45:00","EDT","MHK VL",61756,587.9
"05/20/2010 03:45:00","EDT","MILLWD",61759,228
"05/20/2010 03:45:00","EDT","N.Y.C.",61761,4173.3
"05/20/2010 03:45:00","EDT","NORTH",61755,410.7
"05/20/2010 03:45:00","EDT","WEST",61752,1337.2
"05/20/2010 03:50:00","EDT","CAPITL",61757,879.7
"05/20/2010 03:50:00","EDT","CENTRL",61754,1266.1
"05/20/2010 03:50:00","EDT","DUNWOD",61760,425
"05/20/2010 03:50:00","EDT","GENESE",61753,798.6
"05/20/2010 03:50:00","EDT","HUD VL",61758,779
"05/20/2010 03:50:00","EDT","LONGIL",61762,1637.3
"05/20/2010 03:50:00","EDT","MHK VL",61756,585.8
"05/20/2010 03:50:00","EDT","MILLWD",61759,238.8
"05/20/2010 03:50:00","EDT","N.Y.C.",61761,4161.5
"05/20/2010 03:50:00","EDT","NORTH",61755,409.8
"05/20/2010 03:50:00","EDT","WEST",61752,1316.1
"05/20/2010 03:55:00","EDT","CAPITL",61757,870.1
"05/20/2010 03:55:00","EDT","CENTRL",61754,1270.8
"05/20/2010 03:55:00","EDT","DUNWOD",61760,432.2
"05/20/2010 03:55:00","EDT","GENESE",61753,798.8
"05/20/2010 03:55:00","EDT","HUD VL",61758,785.1
"05/20/2010 03:55:00","EDT","LONGIL",61762,1638.8
"05/20/2010 03:55:00","EDT","MHK VL",61756,593.9
"05/20/2010 03:55:00","EDT","MILLWD",61759,228
"05/20/2010 03:55:00","EDT","N.Y.C.",61761,4161.7
"05/20/2010 03:55:00","EDT","NORTH",61755,411.8
"05/20/2010 03:55:00","EDT","WEST",61752,1334.7
"05/20/2010 04:00:00","EDT","CAPITL",61757,871
"05/20/2010 04:00:00","EDT","CENTRL",61754,1268.3
"05/20/2010 04:00:00","EDT","DUNWOD",61760,440.7
"05/20/2010 04:00:00","EDT","GENESE",61753,798.8
"05/20/2010 04:00:00","EDT","HUD VL",61758,789.2
"05/20/2010 04:00:00","EDT","LONGIL",61762,1626.8
"05/20/2010 04:00:00","EDT","MHK VL",61756,591.8
"05/20/2010 04:00:00","EDT","MILLWD",61759,229.9
"05/20/2010 04:00:00","EDT","N.Y.C.",61761,4128.6
"05/20/2010 04:00:00","EDT","NORTH",61755,408.8
"05/20/2010 04:00:00","EDT","WEST",61752,1342.2
"05/20/2010 04:05:00","EDT","CAPITL",61757,879.6
"05/20/2010 04:05:00","EDT","CENTRL",61754,1264.5
"05/20/2010 04:05:00","EDT","DUNWOD",61760,417.5
"05/20/2010 04:05:00","EDT","GENESE",61753,797.3
"05/20/2010 04:05:00","EDT","HUD VL",61758,776.5
"05/20/2010 04:05:00","EDT","LONGIL",61762,1634.7
"05/20/2010 04:05:00","EDT","MHK VL",61756,590.2
"05/20/2010 04:05:00","EDT","MILLWD",61759,234.8
"05/20/2010 04:05:00","EDT","N.Y.C.",61761,4144.6
"05/20/2010 04:05:00","EDT","NORTH",61755,415.4
"05/20/2010 04:05:00","EDT","WEST",61752,1327.8
"05/20/2010 04:10:00","EDT","CAPITL",61757,874.4
"05/20/2010 04:10:00","EDT","CENTRL",61754,1259.1
"05/20/2010 04:10:00","EDT","DUNWOD",61760,425.6
"05/20/2010 04:10:00","EDT","GENESE",61753,807.4
"05/20/2010 04:10:00","EDT","HUD VL",61758,785.5
"05/20/2010 04:10:00","EDT","LONGIL",61762,1630
"05/20/2010 04:10:00","EDT","MHK VL",61756,598.1
"05/20/2010 04:10:00","EDT","MILLWD",61759,241.7
"05/20/2010 04:10:00","EDT","N.Y.C.",61761,4163.3
"05/20/2010 04:10:00","EDT","NORTH",61755,414
"05/20/2010 04:10:00","EDT","WEST",61752,1348.2
"05/20/2010 04:15:00","EDT","CAPITL",61757,870.7
"05/20/2010 04:15:00","EDT","CENTRL",61754,1270.3
"05/20/2010 04:15:00","EDT","DUNWOD",61760,433.1
"05/20/2010 04:15:00","EDT","GENESE",61753,804.5
"05/20/2010 04:15:00","EDT","HUD VL",61758,801.7
"05/20/2010 04:15:00","EDT","LONGIL",61762,1650.9
"05/20/2010 04:15:00","EDT","MHK VL",61756,601.1
"05/20/2010 04:15:00","EDT","MILLWD",61759,230.4
"05/20/2010 04:15:00","EDT","N.Y.C.",61761,4147
"05/20/2010 04:15:00","EDT","NORTH",61755,410.3
"05/20/2010 04:15:00","EDT","WEST",61752,1349.5
"05/20/2010 04:20:00","EDT","CAPITL",61757,881.9
"05/20/2010 04:20:00","EDT","CENTRL",61754,1272.9
"05/20/2010 04:20:00","EDT","DUNWOD",61760,426.9
"05/20/2010 04:20:00","EDT","GENESE",61753,808.6
"05/20/2010 04:20:00","EDT","HUD VL",61758,782.1
"05/20/2010 04:20:00","EDT","LONGIL",61762,1647.9
"05/20/2010 04:20:00","EDT","MHK VL",61756,605.1
"05/20/2010 04:20:00","EDT","MILLWD",61759,237.2
"05/20/2010 04:20:00","EDT","N.Y.C.",61761,4154.1
"05/20/2010 04:20:00","EDT","NORTH",61755,411.9
"05/20/2010 04:20:00","EDT","WEST",61752,1349.1
"05/20/2010 04:25:00","EDT","CAPITL",61757,884.3
"05/20/2010 04:25:00","EDT","CENTRL",61754,1292
"05/20/2010 04:25:00","EDT","DUNWOD",61760,425.5
"05/20/2010 04:25:00","EDT","GENESE",61753,809.3
"05/20/2010 04:25:00","EDT","HUD VL",61758,788.4
"05/20/2010 04:25:00","EDT","LONGIL",61762,1638.8
"05/20/2010 04:25:00","EDT","MHK VL",61756,600.3
"05/20/2010 04:25:00","EDT","MILLWD",61759,236.3
"05/20/2010 04:25:00","EDT","N.Y.C.",61761,4154.8
"05/20/2010 04:25:00","EDT","NORTH",61755,416
"05/20/2010 04:25:00","EDT","WEST",61752,1323
"05/20/2010 04:30:00","EDT","CAPITL",61757,886.6
"05/20/2010 04:30:00","EDT","CENTRL",61754,1284.2
"05/20/2010 04:30:00","EDT","DUNWOD",61760,429.8
"05/20/2010 04:30:00","EDT","GENESE",61753,813.2
"05/20/2010 04:30:00","EDT","HUD VL",61758,773.2
"05/20/2010 04:30:00","EDT","LONGIL",61762,1638.9
"05/20/2010 04:30:00","EDT","MHK VL",61756,603
"05/20/2010 04:30:00","EDT","MILLWD",61759,241.1
"05/20/2010 04:30:00","EDT","N.Y.C.",61761,4179.4
"05/20/2010 04:30:00","EDT","NORTH",61755,404.9
"05/20/2010 04:30:00","EDT","WEST",61752,1335.8
"05/20/2010 04:35:00","EDT","CAPITL",61757,886.4
"05/20/2010 04:35:00","EDT","CENTRL",61754,1299.9
"05/20/2010 04:35:00","EDT","DUNWOD",61760,434.4
"05/20/2010 04:35:00","EDT","GENESE",61753,817.2
"05/20/2010 04:35:00","EDT","HUD VL",61758,784.5
"05/20/2010 04:35:00","EDT","LONGIL",61762,1644.4
"05/20/2010 04:35:00","EDT","MHK VL",61756,595.4
"05/20/2010 04:35:00","EDT","MILLWD",61759,236.1
"05/20/2010 04:35:00","EDT","N.Y.C.",61761,4188.9
"05/20/2010 04:35:00","EDT","NORTH",61755,415.3
"05/20/2010 04:35:00","EDT","WEST",61752,1346
"05/20/2010 04:40:00","EDT","CAPITL",61757,891.9
"05/20/2010 04:40:00","EDT","CENTRL",61754,1285.4
"05/20/2010 04:40:00","EDT","DUNWOD",61760,425.9
"05/20/2010 04:40:00","EDT","GENESE",61753,815.4
"05/20/2010 04:40:00","EDT","HUD VL",61758,795.8
"05/20/2010 04:40:00","EDT","LONGIL",61762,1650.1
"05/20/2010 04:40:00","EDT","MHK VL",61756,615.4
"05/20/2010 04:40:00","EDT","MILLWD",61759,235.8
"05/20/2010 04:40:00","EDT","N.Y.C.",61761,4191
"05/20/2010 04:40:00","EDT","NORTH",61755,401.8
"05/20/2010 04:40:00","EDT","WEST",61752,1341.8
"05/20/2010 04:45:00","EDT","CAPITL",61757,890.5
"05/20/2010 04:45:00","EDT","CENTRL",61754,1281.4
"05/20/2010 04:45:00","EDT","DUNWOD",61760,433.3
"05/20/2010 04:45:00","EDT","GENESE",61753,826.6
"05/20/2010 04:45:00","EDT","HUD VL",61758,791.8
"05/20/2010 04:45:00","EDT","LONGIL",61762,1659.6
"05/20/2010 04:45:00","EDT","MHK VL",61756,614.3
"05/20/2010 04:45:00","EDT","MILLWD",61759,231.1
"05/20/2010 04:45:00","EDT","N.Y.C.",61761,4207.3
"05/20/2010 04:45:00","EDT","NORTH",61755,406.6
"05/20/2010 04:45:00","EDT","WEST",61752,1357.1
"05/20/2010 04:50:00","EDT","CAPITL",61757,897
"05/20/2010 04:50:00","EDT","CENTRL",61754,1289.9
"05/20/2010 04:50:00","EDT","DUNWOD",61760,438.7
"05/20/2010 04:50:00","EDT","GENESE",61753,821.3
"05/20/2010 04:50:00","EDT","HUD VL",61758,776.5
"05/20/2010 04:50:00","EDT","LONGIL",61762,1656.7
"05/20/2010 04:50:00","EDT","MHK VL",61756,618.6
"05/20/2010 04:50:00","EDT","MILLWD",61759,240.6
"05/20/2010 04:50:00","EDT","N.Y.C.",61761,4182.3
"05/20/2010 04:50:00","EDT","NORTH",61755,416.7
"05/20/2010 04:50:00","EDT","WEST",61752,1358.5
"05/20/2010 04:55:00","EDT","CAPITL",61757,893.6
"05/20/2010 04:55:00","EDT","CENTRL",61754,1307.7
"05/20/2010 04:55:00","EDT","DUNWOD",61760,450.9
"05/20/2010 04:55:00","EDT","GENESE",61753,822.4
"05/20/2010 04:55:00","EDT","HUD VL",61758,813.8
"05/20/2010 04:55:00","EDT","LONGIL",61762,1651.4
"05/20/2010 04:55:00","EDT","MHK VL",61756,617.6
"05/20/2010 04:55:00","EDT","MILLWD",61759,223
"05/20/2010 04:55:00","EDT","N.Y.C.",61761,4203.7
"05/20/2010 04:55:00","EDT","NORTH",61755,409
"05/20/2010 04:55:00","EDT","WEST",61752,1362.3
"05/20/2010 05:00:00","EDT","CAPITL",61757,912.6
"05/20/2010 05:00:00","EDT","CENTRL",61754,1309.3
"05/20/2010 05:00:00","EDT","DUNWOD",61760,439.3
"05/20/2010 05:00:00","EDT","GENESE",61753,832.3
"05/20/2010 05:00:00","EDT","HUD VL",61758,806.8
"05/20/2010 05:00:00","EDT","LONGIL",61762,1658.9
"05/20/2010 05:00:00","EDT","MHK VL",61756,626.3
"05/20/2010 05:00:00","EDT","MILLWD",61759,241.3
"05/20/2010 05:00:00","EDT","N.Y.C.",61761,4213.1
"05/20/2010 05:00:00","EDT","NORTH",61755,417
"05/20/2010 05:00:00","EDT","WEST",61752,1349.8
"05/20/2010 05:05:00","EDT","CAPITL",61757,894.4
"05/20/2010 05:05:00","EDT","CENTRL",61754,1324.2
"05/20/2010 05:05:00","EDT","DUNWOD",61760,392.9
"05/20/2010 05:05:00","EDT","GENESE",61753,838.8
"05/20/2010 05:05:00","EDT","HUD VL",61758,879.5
"05/20/2010 05:05:00","EDT","LONGIL",61762,1687.3
"05/20/2010 05:05:00","EDT","MHK VL",61756,656.9
"05/20/2010 05:05:00","EDT","MILLWD",61759,273.4
"05/20/2010 05:05:00","EDT","N.Y.C.",61761,4230.9
"05/20/2010 05:05:00","EDT","NORTH",61755,411
"05/20/2010 05:05:00","EDT","WEST",61752,1375.6
"05/20/2010 05:10:00","EDT","CAPITL",61757,931.1
"05/20/2010 05:10:00","EDT","CENTRL",61754,1322.6
"05/20/2010 05:10:00","EDT","DUNWOD",61760,445.5
"05/20/2010 05:10:00","EDT","GENESE",61753,850.6
"05/20/2010 05:10:00","EDT","HUD VL",61758,789.5
"05/20/2010 05:10:00","EDT","LONGIL",61762,1696.4
"05/20/2010 05:10:00","EDT","MHK VL",61756,642.8
"05/20/2010 05:10:00","EDT","MILLWD",61759,256.6
"05/20/2010 05:10:00","EDT","N.Y.C.",61761,4275.3
"05/20/2010 05:10:00","EDT","NORTH",61755,438
"05/20/2010 05:10:00","EDT","WEST",61752,1400.1
"05/20/2010 05:15:00","EDT","CAPITL",61757,918.2
"05/20/2010 05:15:00","EDT","CENTRL",61754,1342
"05/20/2010 05:15:00","EDT","DUNWOD",61760,450.7
"05/20/2010 05:15:00","EDT","GENESE",61753,852
"05/20/2010 05:15:00","EDT","HUD VL",61758,808.4
"05/20/2010 05:15:00","EDT","LONGIL",61762,1718.2
"05/20/2010 05:15:00","EDT","MHK VL",61756,643.1
"05/20/2010 05:15:00","EDT","MILLWD",61759,242.3
"05/20/2010 05:15:00","EDT","N.Y.C.",61761,4300.2
"05/20/2010 05:15:00","EDT","NORTH",61755,442.9
"05/20/2010 05:15:00","EDT","WEST",61752,1423.1
"05/20/2010 05:20:00","EDT","CAPITL",61757,927.6
"05/20/2010 05:20:00","EDT","CENTRL",61754,1364.9
"05/20/2010 05:20:00","EDT","DUNWOD",61760,452.8
"05/20/2010 05:20:00","EDT","GENESE",61753,860.2
"05/20/2010 05:20:00","EDT","HUD VL",61758,828.5
"05/20/2010 05:20:00","EDT","LONGIL",61762,1709.4
"05/20/2010 05:20:00","EDT","MHK VL",61756,649.9
"05/20/2010 05:20:00","EDT","MILLWD",61759,248.9
"05/20/2010 05:20:00","EDT","N.Y.C.",61761,4319.5
"05/20/2010 05:20:00","EDT","NORTH",61755,429.9
"05/20/2010 05:20:00","EDT","WEST",61752,1436.4
"05/20/2010 05:25:00","EDT","CAPITL",61757,943.2
"05/20/2010 05:25:00","EDT","CENTRL",61754,1370.9
"05/20/2010 05:25:00","EDT","DUNWOD",61760,467.7
"05/20/2010 05:25:00","EDT","GENESE",61753,866.3
"05/20/2010 05:25:00","EDT","HUD VL",61758,852.2
"05/20/2010 05:25:00","EDT","LONGIL",61762,1707.3
"05/20/2010 05:25:00","EDT","MHK VL",61756,663.1
"05/20/2010 05:25:00","EDT","MILLWD",61759,239.8
"05/20/2010 05:25:00","EDT","N.Y.C.",61761,4321.7
"05/20/2010 05:25:00","EDT","NORTH",61755,403
"05/20/2010 05:25:00","EDT","WEST",61752,1414.8
"05/20/2010 05:30:00","EDT","CAPITL",61757,947
"05/20/2010 05:30:00","EDT","CENTRL",61754,1368.9
"05/20/2010 05:30:00","EDT","DUNWOD",61760,454.9
"05/20/2010 05:30:00","EDT","GENESE",61753,866.2
"05/20/2010 05:30:00","EDT","HUD VL",61758,811.7
"05/20/2010 05:30:00","EDT","LONGIL",61762,1729.1
"05/20/2010 05:30:00","EDT","MHK VL",61756,663
"05/20/2010 05:30:00","EDT","MILLWD",61759,255.2
"05/20/2010 05:30:00","EDT","N.Y.C.",61761,4341.8
"05/20/2010 05:30:00","EDT","NORTH",61755,417.3
"05/20/2010 05:30:00","EDT","WEST",61752,1429.5
"05/20/2010 05:35:00","EDT","CAPITL",61757,953
"05/20/2010 05:35:00","EDT","CENTRL",61754,1366.1
"05/20/2010 05:35:00","EDT","DUNWOD",61760,464.6
"05/20/2010 05:35:00","EDT","GENESE",61753,872.4
"05/20/2010 05:35:00","EDT","HUD VL",61758,800.5
"05/20/2010 05:35:00","EDT","LONGIL",61762,1704.1
"05/20/2010 05:35:00","EDT","MHK VL",61756,666.2
"05/20/2010 05:35:00","EDT","MILLWD",61759,246.8
"05/20/2010 05:35:00","EDT","N.Y.C.",61761,4361.3
"05/20/2010 05:35:00","EDT","NORTH",61755,423.9
"05/20/2010 05:35:00","EDT","WEST",61752,1428.2
"05/20/2010 05:40:00","EDT","CAPITL",61757,959.1
"05/20/2010 05:40:00","EDT","CENTRL",61754,1379.7
"05/20/2010 05:40:00","EDT","DUNWOD",61760,458.6
"05/20/2010 05:40:00","EDT","GENESE",61753,875.8
"05/20/2010 05:40:00","EDT","HUD VL",61758,851
"05/20/2010 05:40:00","EDT","LONGIL",61762,1724.1
"05/20/2010 05:40:00","EDT","MHK VL",61756,670.2
"05/20/2010 05:40:00","EDT","MILLWD",61759,260.4
"05/20/2010 05:40:00","EDT","N.Y.C.",61761,4387.3
"05/20/2010 05:40:00","EDT","NORTH",61755,412
"05/20/2010 05:40:00","EDT","WEST",61752,1415.5
"05/20/2010 05:45:00","EDT","CAPITL",61757,956.5
"05/20/2010 05:45:00","EDT","CENTRL",61754,1381.8
"05/20/2010 05:45:00","EDT","DUNWOD",61760,456.7
"05/20/2010 05:45:00","EDT","GENESE",61753,876.3
"05/20/2010 05:45:00","EDT","HUD VL",61758,824.7
"05/20/2010 05:45:00","EDT","LONGIL",61762,1719
"05/20/2010 05:45:00","EDT","MHK VL",61756,672.9
"05/20/2010 05:45:00","EDT","MILLWD",61759,260.9
"05/20/2010 05:45:00","EDT","N.Y.C.",61761,4425.3
"05/20/2010 05:45:00","EDT","NORTH",61755,419.7
"05/20/2010 05:45:00","EDT","WEST",61752,1424.3
"05/20/2010 05:50:00","EDT","CAPITL",61757,962.2
"05/20/2010 05:50:00","EDT","CENTRL",61754,1380.3
"05/20/2010 05:50:00","EDT","DUNWOD",61760,455.3
"05/20/2010 05:50:00","EDT","GENESE",61753,882.4
"05/20/2010 05:50:00","EDT","HUD VL",61758,854.7
"05/20/2010 05:50:00","EDT","LONGIL",61762,1735.2
"05/20/2010 05:50:00","EDT","MHK VL",61756,688.1
"05/20/2010 05:50:00","EDT","MILLWD",61759,257.1
"05/20/2010 05:50:00","EDT","N.Y.C.",61761,4452
"05/20/2010 05:50:00","EDT","NORTH",61755,427.1
"05/20/2010 05:50:00","EDT","WEST",61752,1439.2
"05/20/2010 05:55:00","EDT","CAPITL",61757,966.6
"05/20/2010 05:55:00","EDT","CENTRL",61754,1425.8
"05/20/2010 05:55:00","EDT","DUNWOD",61760,476.1
"05/20/2010 05:55:00","EDT","GENESE",61753,882.9
"05/20/2010 05:55:00","EDT","HUD VL",61758,881.3
"05/20/2010 05:55:00","EDT","LONGIL",61762,1744.2
"05/20/2010 05:55:00","EDT","MHK VL",61756,686.2
"05/20/2010 05:55:00","EDT","MILLWD",61759,245.5
"05/20/2010 05:55:00","EDT","N.Y.C.",61761,4479.2
"05/20/2010 05:55:00","EDT","NORTH",61755,420.4
"05/20/2010 05:55:00","EDT","WEST",61752,1441.2
"05/20/2010 06:00:00","EDT","CAPITL",61757,972.6
"05/20/2010 06:00:00","EDT","CENTRL",61754,1431.7
"05/20/2010 06:00:00","EDT","DUNWOD",61760,486
"05/20/2010 06:00:00","EDT","GENESE",61753,886.5
"05/20/2010 06:00:00","EDT","HUD VL",61758,858.8
"05/20/2010 06:00:00","EDT","LONGIL",61762,1742.3
"05/20/2010 06:00:00","EDT","MHK VL",61756,704.1
"05/20/2010 06:00:00","EDT","MILLWD",61759,245.7
"05/20/2010 06:00:00","EDT","N.Y.C.",61761,4517.2
"05/20/2010 06:00:00","EDT","NORTH",61755,424
"05/20/2010 06:00:00","EDT","WEST",61752,1442.4
"05/20/2010 06:05:00","EDT","CAPITL",61757,1002.9
"05/20/2010 06:05:00","EDT","CENTRL",61754,1451.4
"05/20/2010 06:05:00","EDT","DUNWOD",61760,445.3
"05/20/2010 06:05:00","EDT","GENESE",61753,899.7
"05/20/2010 06:05:00","EDT","HUD VL",61758,898.4
"05/20/2010 06:05:00","EDT","LONGIL",61762,1791.8
"05/20/2010 06:05:00","EDT","MHK VL",61756,706.4
"05/20/2010 06:05:00","EDT","MILLWD",61759,279
"05/20/2010 06:05:00","EDT","N.Y.C.",61761,4599.7
"05/20/2010 06:05:00","EDT","NORTH",61755,444.7
"05/20/2010 06:05:00","EDT","WEST",61752,1485.2
"05/20/2010 06:07:05","EDT","CAPITL",61757,1033.1
"05/20/2010 06:07:05","EDT","CENTRL",61754,1477.3
"05/20/2010 06:07:05","EDT","DUNWOD",61760,463.6
"05/20/2010 06:07:05","EDT","GENESE",61753,924
"05/20/2010 06:07:05","EDT","HUD VL",61758,871.2
"05/20/2010 06:07:05","EDT","LONGIL",61762,1835.8
"05/20/2010 06:07:05","EDT","MHK VL",61756,726.5
"05/20/2010 06:07:05","EDT","MILLWD",61759,283.2
"05/20/2010 06:07:05","EDT","N.Y.C.",61761,4686.4
"05/20/2010 06:07:05","EDT","NORTH",61755,428.7
"05/20/2010 06:07:05","EDT","WEST",61752,1474.7
"05/20/2010 06:08:23","EDT","CAPITL",61757,1026.9
"05/20/2010 06:08:23","EDT","CENTRL",61754,1478.9
"05/20/2010 06:08:23","EDT","DUNWOD",61760,489.7
"05/20/2010 06:08:23","EDT","GENESE",61753,924.4
"05/20/2010 06:08:23","EDT","HUD VL",61758,888.2
"05/20/2010 06:08:23","EDT","LONGIL",61762,1833.2
"05/20/2010 06:08:23","EDT","MHK VL",61756,731.1
"05/20/2010 06:08:23","EDT","MILLWD",61759,267.2
"05/20/2010 06:08:23","EDT","N.Y.C.",61761,4671.7
"05/20/2010 06:08:23","EDT","NORTH",61755,436.2
"05/20/2010 06:08:23","EDT","WEST",61752,1504.1
"05/20/2010 06:15:00","EDT","CAPITL",61757,1036.6
"05/20/2010 06:15:00","EDT","CENTRL",61754,1487.6
"05/20/2010 06:15:00","EDT","DUNWOD",61760,477.4
"05/20/2010 06:15:00","EDT","GENESE",61753,931.5
"05/20/2010 06:15:00","EDT","HUD VL",61758,885.9
"05/20/2010 06:15:00","EDT","LONGIL",61762,1848.3
"05/20/2010 06:15:00","EDT","MHK VL",61756,732.1
"05/20/2010 06:15:00","EDT","MILLWD",61759,280.9
"05/20/2010 06:15:00","EDT","N.Y.C.",61761,4712.1
"05/20/2010 06:15:00","EDT","NORTH",61755,435.2
"05/20/2010 06:15:00","EDT","WEST",61752,1503.2
"05/20/2010 06:20:00","EDT","CAPITL",61757,1081
"05/20/2010 06:20:00","EDT","CENTRL",61754,1519.1
"05/20/2010 06:20:00","EDT","DUNWOD",61760,486.2
"05/20/2010 06:20:00","EDT","GENESE",61753,949
"05/20/2010 06:20:00","EDT","HUD VL",61758,910.2
"05/20/2010 06:20:00","EDT","LONGIL",61762,1863.7
"05/20/2010 06:20:00","EDT","MHK VL",61756,757.8
"05/20/2010 06:20:00","EDT","MILLWD",61759,286.4
"05/20/2010 06:20:00","EDT","N.Y.C.",61761,4779.2
"05/20/2010 06:20:00","EDT","NORTH",61755,446.5
"05/20/2010 06:20:00","EDT","WEST",61752,1519.3
"05/20/2010 06:25:00","EDT","CAPITL",61757,1079.3
"05/20/2010 06:25:00","EDT","CENTRL",61754,1542.3
"05/20/2010 06:25:00","EDT","DUNWOD",61760,499.8
"05/20/2010 06:25:00","EDT","GENESE",61753,955.8
"05/20/2010 06:25:00","EDT","HUD VL",61758,909.9
"05/20/2010 06:25:00","EDT","LONGIL",61762,1865.6
"05/20/2010 06:25:00","EDT","MHK VL",61756,765
"05/20/2010 06:25:00","EDT","MILLWD",61759,291
"05/20/2010 06:25:00","EDT","N.Y.C.",61761,4815.7
"05/20/2010 06:25:00","EDT","NORTH",61755,437.1
"05/20/2010 06:25:00","EDT","WEST",61752,1522.6
"05/20/2010 06:30:00","EDT","CAPITL",61757,1078.9
"05/20/2010 06:30:00","EDT","CENTRL",61754,1551.8
"05/20/2010 06:30:00","EDT","DUNWOD",61760,504.1
"05/20/2010 06:30:00","EDT","GENESE",61753,965.8
"05/20/2010 06:30:00","EDT","HUD VL",61758,912.5
"05/20/2010 06:30:00","EDT","LONGIL",61762,1886.6
"05/20/2010 06:30:00","EDT","MHK VL",61756,777.4
"05/20/2010 06:30:00","EDT","MILLWD",61759,296.3
"05/20/2010 06:30:00","EDT","N.Y.C.",61761,4881.7
"05/20/2010 06:30:00","EDT","NORTH",61755,451.2
"05/20/2010 06:30:00","EDT","WEST",61752,1553.9
"05/20/2010 06:35:00","EDT","CAPITL",61757,1095.1
"05/20/2010 06:35:00","EDT","CENTRL",61754,1578.7
"05/20/2010 06:35:00","EDT","DUNWOD",61760,511.1
"05/20/2010 06:35:00","EDT","GENESE",61753,980.9
"05/20/2010 06:35:00","EDT","HUD VL",61758,944.6
"05/20/2010 06:35:00","EDT","LONGIL",61762,1923.9
"05/20/2010 06:35:00","EDT","MHK VL",61756,786.9
"05/20/2010 06:35:00","EDT","MILLWD",61759,291.8
"05/20/2010 06:35:00","EDT","N.Y.C.",61761,4954.7
"05/20/2010 06:35:00","EDT","NORTH",61755,445.7
"05/20/2010 06:35:00","EDT","WEST",61752,1549.7
"05/20/2010 06:40:00","EDT","CAPITL",61757,1124.3
"05/20/2010 06:40:00","EDT","CENTRL",61754,1604
"05/20/2010 06:40:00","EDT","DUNWOD",61760,513.8
"05/20/2010 06:40:00","EDT","GENESE",61753,993.6
"05/20/2010 06:40:00","EDT","HUD VL",61758,982.4
"05/20/2010 06:40:00","EDT","LONGIL",61762,1936.2
"05/20/2010 06:40:00","EDT","MHK VL",61756,795
"05/20/2010 06:40:00","EDT","MILLWD",61759,286.9
"05/20/2010 06:40:00","EDT","N.Y.C.",61761,4964.1
"05/20/2010 06:40:00","EDT","NORTH",61755,446.5
"05/20/2010 06:40:00","EDT","WEST",61752,1550
"05/20/2010 06:45:00","EDT","CAPITL",61757,1132.2
"05/20/2010 06:45:00","EDT","CENTRL",61754,1615.1
"05/20/2010 06:45:00","EDT","DUNWOD",61760,528.7
"05/20/2010 06:45:00","EDT","GENESE",61753,1002.4
"05/20/2010 06:45:00","EDT","HUD VL",61758,955.1
"05/20/2010 06:45:00","EDT","LONGIL",61762,1949.7
"05/20/2010 06:45:00","EDT","MHK VL",61756,799.4
"05/20/2010 06:45:00","EDT","MILLWD",61759,292.5
"05/20/2010 06:45:00","EDT","N.Y.C.",61761,5035.9
"05/20/2010 06:45:00","EDT","NORTH",61755,461.9
"05/20/2010 06:45:00","EDT","WEST",61752,1576.4
"05/20/2010 06:50:00","EDT","CAPITL",61757,1138.3
"05/20/2010 06:50:00","EDT","CENTRL",61754,1632
"05/20/2010 06:50:00","EDT","DUNWOD",61760,552.6
"05/20/2010 06:50:00","EDT","GENESE",61753,1011.8
"05/20/2010 06:50:00","EDT","HUD VL",61758,960.4
"05/20/2010 06:50:00","EDT","LONGIL",61762,1985
"05/20/2010 06:50:00","EDT","MHK VL",61756,810.1
"05/20/2010 06:50:00","EDT","MILLWD",61759,298.8
"05/20/2010 06:50:00","EDT","N.Y.C.",61761,5122.1
"05/20/2010 06:50:00","EDT","NORTH",61755,456.6
"05/20/2010 06:50:00","EDT","WEST",61752,1596.8
"05/20/2010 06:55:00","EDT","CAPITL",61757,1133.7
"05/20/2010 06:55:00","EDT","CENTRL",61754,1648.3
"05/20/2010 06:55:00","EDT","DUNWOD",61760,576
"05/20/2010 06:55:00","EDT","GENESE",61753,1026.1
"05/20/2010 06:55:00","EDT","HUD VL",61758,976.2
"05/20/2010 06:55:00","EDT","LONGIL",61762,1983.3
"05/20/2010 06:55:00","EDT","MHK VL",61756,823.3
"05/20/2010 06:55:00","EDT","MILLWD",61759,286.6
"05/20/2010 06:55:00","EDT","N.Y.C.",61761,5173.9
"05/20/2010 06:55:00","EDT","NORTH",61755,456.9
"05/20/2010 06:55:00","EDT","WEST",61752,1605.4
"05/20/2010 07:00:00","EDT","CAPITL",61757,1157.8
"05/20/2010 07:00:00","EDT","CENTRL",61754,1650.2
"05/20/2010 07:00:00","EDT","DUNWOD",61760,553.5
"05/20/2010 07:00:00","EDT","GENESE",61753,1035.9
"05/20/2010 07:00:00","EDT","HUD VL",61758,973.7
"05/20/2010 07:00:00","EDT","LONGIL",61762,2037.3
"05/20/2010 07:00:00","EDT","MHK VL",61756,831.7
"05/20/2010 07:00:00","EDT","MILLWD",61759,298.4
"05/20/2010 07:00:00","EDT","N.Y.C.",61761,5258.5
"05/20/2010 07:00:00","EDT","NORTH",61755,471.5
"05/20/2010 07:00:00","EDT","WEST",61752,1618.5
"05/20/2010 07:05:00","EDT","CAPITL",61757,1166.1
"05/20/2010 07:05:00","EDT","CENTRL",61754,1671
"05/20/2010 07:05:00","EDT","DUNWOD",61760,562.5
"05/20/2010 07:05:00","EDT","GENESE",61753,1049
"05/20/2010 07:05:00","EDT","HUD VL",61758,999.1
"05/20/2010 07:05:00","EDT","LONGIL",61762,2042.7
"05/20/2010 07:05:00","EDT","MHK VL",61756,854.2
"05/20/2010 07:05:00","EDT","MILLWD",61759,293.7
"05/20/2010 07:05:00","EDT","N.Y.C.",61761,5305.3
"05/20/2010 07:05:00","EDT","NORTH",61755,458.7
"05/20/2010 07:05:00","EDT","WEST",61752,1602.8
"05/20/2010 07:10:00","EDT","CAPITL",61757,1183.2
"05/20/2010 07:10:00","EDT","CENTRL",61754,1678.5
"05/20/2010 07:10:00","EDT","DUNWOD",61760,557.9
"05/20/2010 07:10:00","EDT","GENESE",61753,1061.3
"05/20/2010 07:10:00","EDT","HUD VL",61758,1003
"05/20/2010 07:10:00","EDT","LONGIL",61762,2083.2
"05/20/2010 07:10:00","EDT","MHK VL",61756,867.3
"05/20/2010 07:10:00","EDT","MILLWD",61759,314.7
"05/20/2010 07:10:00","EDT","N.Y.C.",61761,5412.6
"05/20/2010 07:10:00","EDT","NORTH",61755,485.2
"05/20/2010 07:10:00","EDT","WEST",61752,1633.6
"05/20/2010 07:15:00","EDT","CAPITL",61757,1215.1
"05/20/2010 07:15:00","EDT","CENTRL",61754,1693
"05/20/2010 07:15:00","EDT","DUNWOD",61760,568.6
"05/20/2010 07:15:00","EDT","GENESE",61753,1068.6
"05/20/2010 07:15:00","EDT","HUD VL",61758,1012.7
"05/20/2010 07:15:00","EDT","LONGIL",61762,2113.2
"05/20/2010 07:15:00","EDT","MHK VL",61756,893.2
"05/20/2010 07:15:00","EDT","MILLWD",61759,316.6
"05/20/2010 07:15:00","EDT","N.Y.C.",61761,5432
"05/20/2010 07:15:00","EDT","NORTH",61755,456.5
"05/20/2010 07:15:00","EDT","WEST",61752,1646.5
"05/20/2010 07:20:00","EDT","CAPITL",61757,1204.8
"05/20/2010 07:20:00","EDT","CENTRL",61754,1695.4
"05/20/2010 07:20:00","EDT","DUNWOD",61760,589.3
"05/20/2010 07:20:00","EDT","GENESE",61753,1077.6
"05/20/2010 07:20:00","EDT","HUD VL",61758,1015.6
"05/20/2010 07:20:00","EDT","LONGIL",61762,2127.4
"05/20/2010 07:20:00","EDT","MHK VL",61756,898.6
"05/20/2010 07:20:00","EDT","MILLWD",61759,302.8
"05/20/2010 07:20:00","EDT","N.Y.C.",61761,5518.3
"05/20/2010 07:20:00","EDT","NORTH",61755,462.7
"05/20/2010 07:20:00","EDT","WEST",61752,1661.6
"05/20/2010 07:25:00","EDT","CAPITL",61757,1213.4
"05/20/2010 07:25:00","EDT","CENTRL",61754,1708.7
"05/20/2010 07:25:00","EDT","DUNWOD",61760,563
"05/20/2010 07:25:00","EDT","GENESE",61753,1083.5
"05/20/2010 07:25:00","EDT","HUD VL",61758,1039
"05/20/2010 07:25:00","EDT","LONGIL",61762,2146.3
"05/20/2010 07:25:00","EDT","MHK VL",61756,901.1
"05/20/2010 07:25:00","EDT","MILLWD",61759,329.8
"05/20/2010 07:25:00","EDT","N.Y.C.",61761,5576.1
"05/20/2010 07:25:00","EDT","NORTH",61755,465.8
"05/20/2010 07:25:00","EDT","WEST",61752,1652.4
"05/20/2010 07:30:00","EDT","CAPITL",61757,1222.9
"05/20/2010 07:30:00","EDT","CENTRL",61754,1714
"05/20/2010 07:30:00","EDT","DUNWOD",61760,608.6
"05/20/2010 07:30:00","EDT","GENESE",61753,1092.4
"05/20/2010 07:30:00","EDT","HUD VL",61758,1026.6
"05/20/2010 07:30:00","EDT","LONGIL",61762,2152.9
"05/20/2010 07:30:00","EDT","MHK VL",61756,898.2
"05/20/2010 07:30:00","EDT","MILLWD",61759,302
"05/20/2010 07:30:00","EDT","N.Y.C.",61761,5619.1
"05/20/2010 07:30:00","EDT","NORTH",61755,465
"05/20/2010 07:30:00","EDT","WEST",61752,1666.8
"05/20/2010 07:35:00","EDT","CAPITL",61757,1213
"05/20/2010 07:35:00","EDT","CENTRL",61754,1710.9
"05/20/2010 07:35:00","EDT","DUNWOD",61760,612.3
"05/20/2010 07:35:00","EDT","GENESE",61753,1098.3
"05/20/2010 07:35:00","EDT","HUD VL",61758,1048.3
"05/20/2010 07:35:00","EDT","LONGIL",61762,2167.3
"05/20/2010 07:35:00","EDT","MHK VL",61756,905
"05/20/2010 07:35:00","EDT","MILLWD",61759,284.7
"05/20/2010 07:35:00","EDT","N.Y.C.",61761,5665.3
"05/20/2010 07:35:00","EDT","NORTH",61755,471
"05/20/2010 07:35:00","EDT","WEST",61752,1689.4
"05/20/2010 07:40:00","EDT","CAPITL",61757,1232.9
"05/20/2010 07:40:00","EDT","CENTRL",61754,1718.3
"05/20/2010 07:40:00","EDT","DUNWOD",61760,611.9
"05/20/2010 07:40:00","EDT","GENESE",61753,1096.1
"05/20/2010 07:40:00","EDT","HUD VL",61758,1037.2
"05/20/2010 07:40:00","EDT","LONGIL",61762,2197.9
"05/20/2010 07:40:00","EDT","MHK VL",61756,920.9
"05/20/2010 07:40:00","EDT","MILLWD",61759,314.1
"05/20/2010 07:40:00","EDT","N.Y.C.",61761,5743
"05/20/2010 07:40:00","EDT","NORTH",61755,459.6
"05/20/2010 07:40:00","EDT","WEST",61752,1669.9
"05/20/2010 07:45:00","EDT","CAPITL",61757,1219.9
"05/20/2010 07:45:00","EDT","CENTRL",61754,1723.8
"05/20/2010 07:45:00","EDT","DUNWOD",61760,606.2
"05/20/2010 07:45:00","EDT","GENESE",61753,1116.3
"05/20/2010 07:45:00","EDT","HUD VL",61758,1049.3
"05/20/2010 07:45:00","EDT","LONGIL",61762,2209.7
"05/20/2010 07:45:00","EDT","MHK VL",61756,906.2
"05/20/2010 07:45:00","EDT","MILLWD",61759,303.9
"05/20/2010 07:45:00","EDT","N.Y.C.",61761,5786.1
"05/20/2010 07:45:00","EDT","NORTH",61755,471.4
"05/20/2010 07:45:00","EDT","WEST",61752,1691.4
"05/20/2010 07:50:00","EDT","CAPITL",61757,1226.3
"05/20/2010 07:50:00","EDT","CENTRL",61754,1722
"05/20/2010 07:50:00","EDT","DUNWOD",61760,630.9
"05/20/2010 07:50:00","EDT","GENESE",61753,1112.5
"05/20/2010 07:50:00","EDT","HUD VL",61758,1060.2
"05/20/2010 07:50:00","EDT","LONGIL",61762,2211
"05/20/2010 07:50:00","EDT","MHK VL",61756,908.5
"05/20/2010 07:50:00","EDT","MILLWD",61759,306.4
"05/20/2010 07:50:00","EDT","N.Y.C.",61761,5830.1
"05/20/2010 07:50:00","EDT","NORTH",61755,467.1
"05/20/2010 07:50:00","EDT","WEST",61752,1701.2
"05/20/2010 07:55:00","EDT","CAPITL",61757,1231.1
"05/20/2010 07:55:00","EDT","CENTRL",61754,1736
"05/20/2010 07:55:00","EDT","DUNWOD",61760,627.7
"05/20/2010 07:55:00","EDT","GENESE",61753,1116.4
"05/20/2010 07:55:00","EDT","HUD VL",61758,1043.2
"05/20/2010 07:55:00","EDT","LONGIL",61762,2218.3
"05/20/2010 07:55:00","EDT","MHK VL",61756,901.5
"05/20/2010 07:55:00","EDT","MILLWD",61759,312.5
"05/20/2010 07:55:00","EDT","N.Y.C.",61761,5869.9
"05/20/2010 07:55:00","EDT","NORTH",61755,475.5
"05/20/2010 07:55:00","EDT","WEST",61752,1732.7
"05/20/2010 08:00:00","EDT","CAPITL",61757,1250.9
"05/20/2010 08:00:00","EDT","CENTRL",61754,1735.7
"05/20/2010 08:00:00","EDT","DUNWOD",61760,623
"05/20/2010 08:00:00","EDT","GENESE",61753,1130.7
"05/20/2010 08:00:00","EDT","HUD VL",61758,1026.8
"05/20/2010 08:00:00","EDT","LONGIL",61762,2235.9
"05/20/2010 08:00:00","EDT","MHK VL",61756,893.7
"05/20/2010 08:00:00","EDT","MILLWD",61759,332.2
"05/20/2010 08:00:00","EDT","N.Y.C.",61761,5858.5
"05/20/2010 08:00:00","EDT","NORTH",61755,484.7
"05/20/2010 08:00:00","EDT","WEST",61752,1715
"05/20/2010 08:05:00","EDT","CAPITL",61757,1223.8
"05/20/2010 08:05:00","EDT","CENTRL",61754,1738.3
"05/20/2010 08:05:00","EDT","DUNWOD",61760,624.6
"05/20/2010 08:05:00","EDT","GENESE",61753,1131.4
"05/20/2010 08:05:00","EDT","HUD VL",61758,1074.1
"05/20/2010 08:05:00","EDT","LONGIL",61762,2249.9
"05/20/2010 08:05:00","EDT","MHK VL",61756,896.9
"05/20/2010 08:05:00","EDT","MILLWD",61759,321.4
"05/20/2010 08:05:00","EDT","N.Y.C.",61761,5950.2
"05/20/2010 08:05:00","EDT","NORTH",61755,489.7
"05/20/2010 08:05:00","EDT","WEST",61752,1748.1
"05/20/2010 08:10:00","EDT","CAPITL",61757,1239.3
"05/20/2010 08:10:00","EDT","CENTRL",61754,1766.8
"05/20/2010 08:10:00","EDT","DUNWOD",61760,649.9
"05/20/2010 08:10:00","EDT","GENESE",61753,1141.8
"05/20/2010 08:10:00","EDT","HUD VL",61758,1087.7
"05/20/2010 08:10:00","EDT","LONGIL",61762,2287.3
"05/20/2010 08:10:00","EDT","MHK VL",61756,930.8
"05/20/2010 08:10:00","EDT","MILLWD",61759,304.9
"05/20/2010 08:10:00","EDT","N.Y.C.",61761,6007.1
"05/20/2010 08:10:00","EDT","NORTH",61755,470.3
"05/20/2010 08:10:00","EDT","WEST",61752,1730.3
"05/20/2010 08:15:00","EDT","CAPITL",61757,1265.1
"05/20/2010 08:15:00","EDT","CENTRL",61754,1756.6
"05/20/2010 08:15:00","EDT","DUNWOD",61760,621.2
"05/20/2010 08:15:00","EDT","GENESE",61753,1149.1
"05/20/2010 08:15:00","EDT","HUD VL",61758,1067.8
"05/20/2010 08:15:00","EDT","LONGIL",61762,2296.3
"05/20/2010 08:15:00","EDT","MHK VL",61756,943.5
"05/20/2010 08:15:00","EDT","MILLWD",61759,332.1
"05/20/2010 08:15:00","EDT","N.Y.C.",61761,6017.8
"05/20/2010 08:15:00","EDT","NORTH",61755,465.2
"05/20/2010 08:15:00","EDT","WEST",61752,1729.6
"05/20/2010 08:20:00","EDT","CAPITL",61757,1248.6
"05/20/2010 08:20:00","EDT","CENTRL",61754,1767
"05/20/2010 08:20:00","EDT","DUNWOD",61760,655.8
"05/20/2010 08:20:00","EDT","GENESE",61753,1150.8
"05/20/2010 08:20:00","EDT","HUD VL",61758,1063.4
"05/20/2010 08:20:00","EDT","LONGIL",61762,2295.5
"05/20/2010 08:20:00","EDT","MHK VL",61756,941.9
"05/20/2010 08:20:00","EDT","MILLWD",61759,311.7
"05/20/2010 08:20:00","EDT","N.Y.C.",61761,6055.8
"05/20/2010 08:20:00","EDT","NORTH",61755,470.5
"05/20/2010 08:20:00","EDT","WEST",61752,1760.4
"05/20/2010 08:25:00","EDT","CAPITL",61757,1243.1
"05/20/2010 08:25:00","EDT","CENTRL",61754,1769.2
"05/20/2010 08:25:00","EDT","DUNWOD",61760,642.2
"05/20/2010 08:25:00","EDT","GENESE",61753,1161.9
"05/20/2010 08:25:00","EDT","HUD VL",61758,1074.4
"05/20/2010 08:25:00","EDT","LONGIL",61762,2326.5
"05/20/2010 08:25:00","EDT","MHK VL",61756,935.9
"05/20/2010 08:25:00","EDT","MILLWD",61759,320.4
"05/20/2010 08:25:00","EDT","N.Y.C.",61761,6154.4
"05/20/2010 08:25:00","EDT","NORTH",61755,480
"05/20/2010 08:25:00","EDT","WEST",61752,1763.4
"05/20/2010 08:30:00","EDT","CAPITL",61757,1256.5
"05/20/2010 08:30:00","EDT","CENTRL",61754,1784.6
"05/20/2010 08:30:00","EDT","DUNWOD",61760,679.2
"05/20/2010 08:30:00","EDT","GENESE",61753,1157
"05/20/2010 08:30:00","EDT","HUD VL",61758,1099.5
"05/20/2010 08:30:00","EDT","LONGIL",61762,2323.4
"05/20/2010 08:30:00","EDT","MHK VL",61756,939.2
"05/20/2010 08:30:00","EDT","MILLWD",61759,290.7
"05/20/2010 08:30:00","EDT","N.Y.C.",61761,6138.6
"05/20/2010 08:30:00","EDT","NORTH",61755,462.8
"05/20/2010 08:30:00","EDT","WEST",61752,1757
"05/20/2010 08:35:00","EDT","CAPITL",61757,1251
"05/20/2010 08:35:00","EDT","CENTRL",61754,1770.3
"05/20/2010 08:35:00","EDT","DUNWOD",61760,665.6
"05/20/2010 08:35:00","EDT","GENESE",61753,1156.5
"05/20/2010 08:35:00","EDT","HUD VL",61758,1094.7
"05/20/2010 08:35:00","EDT","LONGIL",61762,2325.9
"05/20/2010 08:35:00","EDT","MHK VL",61756,940.8
"05/20/2010 08:35:00","EDT","MILLWD",61759,302.7
"05/20/2010 08:35:00","EDT","N.Y.C.",61761,6183.7
"05/20/2010 08:35:00","EDT","NORTH",61755,472.9
"05/20/2010 08:35:00","EDT","WEST",61752,1768.2
"05/20/2010 08:40:00","EDT","CAPITL",61757,1252.6
"05/20/2010 08:40:00","EDT","CENTRL",61754,1779.4
"05/20/2010 08:40:00","EDT","DUNWOD",61760,670.4
"05/20/2010 08:40:00","EDT","GENESE",61753,1177.5
"05/20/2010 08:40:00","EDT","HUD VL",61758,1071.9
"05/20/2010 08:40:00","EDT","LONGIL",61762,2354.9
"05/20/2010 08:40:00","EDT","MHK VL",61756,946.2
"05/20/2010 08:40:00","EDT","MILLWD",61759,300.4
"05/20/2010 08:40:00","EDT","N.Y.C.",61761,6216.1
"05/20/2010 08:40:00","EDT","NORTH",61755,468
"05/20/2010 08:40:00","EDT","WEST",61752,1783.8
"05/20/2010 08:45:00","EDT","CAPITL",61757,1238.3
"05/20/2010 08:45:00","EDT","CENTRL",61754,1781
"05/20/2010 08:45:00","EDT","DUNWOD",61760,684.6
"05/20/2010 08:45:00","EDT","GENESE",61753,1165.8
"05/20/2010 08:45:00","EDT","HUD VL",61758,1100.7
"05/20/2010 08:45:00","EDT","LONGIL",61762,2352.1
"05/20/2010 08:45:00","EDT","MHK VL",61756,946.3
"05/20/2010 08:45:00","EDT","MILLWD",61759,302.8
"05/20/2010 08:45:00","EDT","N.Y.C.",61761,6248
"05/20/2010 08:45:00","EDT","NORTH",61755,460.9
"05/20/2010 08:45:00","EDT","WEST",61752,1775.8
"05/20/2010 08:50:00","EDT","CAPITL",61757,1244.6
"05/20/2010 08:50:00","EDT","CENTRL",61754,1797.9
"05/20/2010 08:50:00","EDT","DUNWOD",61760,665.4
"05/20/2010 08:50:00","EDT","GENESE",61753,1167.9
"05/20/2010 08:50:00","EDT","HUD VL",61758,1093.8
"05/20/2010 08:50:00","EDT","LONGIL",61762,2356.9
"05/20/2010 08:50:00","EDT","MHK VL",61756,938.2
"05/20/2010 08:50:00","EDT","MILLWD",61759,301.6
"05/20/2010 08:50:00","EDT","N.Y.C.",61761,6300.3
"05/20/2010 08:50:00","EDT","NORTH",61755,467.4
"05/20/2010 08:50:00","EDT","WEST",61752,1767.9
"05/20/2010 08:55:00","EDT","CAPITL",61757,1270.1
"05/20/2010 08:55:00","EDT","CENTRL",61754,1786.2
"05/20/2010 08:55:00","EDT","DUNWOD",61760,659.2
"05/20/2010 08:55:00","EDT","GENESE",61753,1172.6
"05/20/2010 08:55:00","EDT","HUD VL",61758,1088.4
"05/20/2010 08:55:00","EDT","LONGIL",61762,2367.3
"05/20/2010 08:55:00","EDT","MHK VL",61756,948
"05/20/2010 08:55:00","EDT","MILLWD",61759,313.2
"05/20/2010 08:55:00","EDT","N.Y.C.",61761,6337.8
"05/20/2010 08:55:00","EDT","NORTH",61755,465.1
"05/20/2010 08:55:00","EDT","WEST",61752,1760.5
"05/20/2010 09:00:00","EDT","CAPITL",61757,1262
"05/20/2010 09:00:00","EDT","CENTRL",61754,1805.7
"05/20/2010 09:00:00","EDT","DUNWOD",61760,641.7
"05/20/2010 09:00:00","EDT","GENESE",61753,1168.9
"05/20/2010 09:00:00","EDT","HUD VL",61758,1070
"05/20/2010 09:00:00","EDT","LONGIL",61762,2387.1
"05/20/2010 09:00:00","EDT","MHK VL",61756,948.4
"05/20/2010 09:00:00","EDT","MILLWD",61759,326.3
"05/20/2010 09:00:00","EDT","N.Y.C.",61761,6379.7
"05/20/2010 09:00:00","EDT","NORTH",61755,466.7
"05/20/2010 09:00:00","EDT","WEST",61752,1785.3
"05/20/2010 09:05:00","EDT","CAPITL",61757,1253.4
"05/20/2010 09:05:00","EDT","CENTRL",61754,1798.6
"05/20/2010 09:05:00","EDT","DUNWOD",61760,669.4
"05/20/2010 09:05:00","EDT","GENESE",61753,1189.8
"05/20/2010 09:05:00","EDT","HUD VL",61758,1145.9
"05/20/2010 09:05:00","EDT","LONGIL",61762,2392.2
"05/20/2010 09:05:00","EDT","MHK VL",61756,938.9
"05/20/2010 09:05:00","EDT","MILLWD",61759,298.1
"05/20/2010 09:05:00","EDT","N.Y.C.",61761,6388.5
"05/20/2010 09:05:00","EDT","NORTH",61755,473.8
"05/20/2010 09:05:00","EDT","WEST",61752,1782.3
"05/20/2010 09:10:00","EDT","CAPITL",61757,1264.4
"05/20/2010 09:10:00","EDT","CENTRL",61754,1804
"05/20/2010 09:10:00","EDT","DUNWOD",61760,690.1
"05/20/2010 09:10:00","EDT","GENESE",61753,1189.7
"05/20/2010 09:10:00","EDT","HUD VL",61758,1094.7
"05/20/2010 09:10:00","EDT","LONGIL",61762,2416.7
"05/20/2010 09:10:00","EDT","MHK VL",61756,951.1
"05/20/2010 09:10:00","EDT","MILLWD",61759,310
"05/20/2010 09:10:00","EDT","N.Y.C.",61761,6426.6
"05/20/2010 09:10:00","EDT","NORTH",61755,470.9
"05/20/2010 09:10:00","EDT","WEST",61752,1790
"05/20/2010 09:15:00","EDT","CAPITL",61757,1265.7
"05/20/2010 09:15:00","EDT","CENTRL",61754,1818.6
"05/20/2010 09:15:00","EDT","DUNWOD",61760,693.8
"05/20/2010 09:15:00","EDT","GENESE",61753,1190.1
"05/20/2010 09:15:00","EDT","HUD VL",61758,1119.8
"05/20/2010 09:15:00","EDT","LONGIL",61762,2412.7
"05/20/2010 09:15:00","EDT","MHK VL",61756,953.6
"05/20/2010 09:15:00","EDT","MILLWD",61759,308.5
"05/20/2010 09:15:00","EDT","N.Y.C.",61761,6442.9
"05/20/2010 09:15:00","EDT","NORTH",61755,457.9
"05/20/2010 09:15:00","EDT","WEST",61752,1752.2
"05/20/2010 09:20:00","EDT","CAPITL",61757,1275.1
"05/20/2010 09:20:00","EDT","CENTRL",61754,1823.7
"05/20/2010 09:20:00","EDT","DUNWOD",61760,701.8
"05/20/2010 09:20:00","EDT","GENESE",61753,1195.8
"05/20/2010 09:20:00","EDT","HUD VL",61758,1114.2
"05/20/2010 09:20:00","EDT","LONGIL",61762,2439.7
"05/20/2010 09:20:00","EDT","MHK VL",61756,956.5
"05/20/2010 09:20:00","EDT","MILLWD",61759,318.8
"05/20/2010 09:20:00","EDT","N.Y.C.",61761,6467.4
"05/20/2010 09:20:00","EDT","NORTH",61755,456.8
"05/20/2010 09:20:00","EDT","WEST",61752,1777.3
"05/20/2010 09:25:00","EDT","CAPITL",61757,1254.5
"05/20/2010 09:25:00","EDT","CENTRL",61754,1830.5
"05/20/2010 09:25:00","EDT","DUNWOD",61760,682.3
"05/20/2010 09:25:00","EDT","GENESE",61753,1192
"05/20/2010 09:25:00","EDT","HUD VL",61758,1134.2
"05/20/2010 09:25:00","EDT","LONGIL",61762,2426.1
"05/20/2010 09:25:00","EDT","MHK VL",61756,954
"05/20/2010 09:25:00","EDT","MILLWD",61759,322.4
"05/20/2010 09:25:00","EDT","N.Y.C.",61761,6495.7
"05/20/2010 09:25:00","EDT","NORTH",61755,464.2
"05/20/2010 09:25:00","EDT","WEST",61752,1806.2
"05/20/2010 09:30:00","EDT","CAPITL",61757,1269.1
"05/20/2010 09:30:00","EDT","CENTRL",61754,1826.2
"05/20/2010 09:30:00","EDT","DUNWOD",61760,676.2
"05/20/2010 09:30:00","EDT","GENESE",61753,1194.6
"05/20/2010 09:30:00","EDT","HUD VL",61758,1122.2
"05/20/2010 09:30:00","EDT","LONGIL",61762,2457.3
"05/20/2010 09:30:00","EDT","MHK VL",61756,962.4
"05/20/2010 09:30:00","EDT","MILLWD",61759,314.6
"05/20/2010 09:30:00","EDT","N.Y.C.",61761,6498.9
"05/20/2010 09:30:00","EDT","NORTH",61755,479.2
"05/20/2010 09:30:00","EDT","WEST",61752,1819.9
"05/20/2010 09:35:00","EDT","CAPITL",61757,1291.2
"05/20/2010 09:35:00","EDT","CENTRL",61754,1824.7
"05/20/2010 09:35:00","EDT","DUNWOD",61760,679.9
"05/20/2010 09:35:00","EDT","GENESE",61753,1210.8
"05/20/2010 09:35:00","EDT","HUD VL",61758,1097.6
"05/20/2010 09:35:00","EDT","LONGIL",61762,2471
"05/20/2010 09:35:00","EDT","MHK VL",61756,960.5
"05/20/2010 09:35:00","EDT","MILLWD",61759,339.8
"05/20/2010 09:35:00","EDT","N.Y.C.",61761,6555.9
"05/20/2010 09:35:00","EDT","NORTH",61755,463.7
"05/20/2010 09:35:00","EDT","WEST",61752,1808.1
"05/20/2010 09:40:00","EDT","CAPITL",61757,1290.9
"05/20/2010 09:40:00","EDT","CENTRL",61754,1838.9
"05/20/2010 09:40:00","EDT","DUNWOD",61760,696.3
"05/20/2010 09:40:00","EDT","GENESE",61753,1199.3
"05/20/2010 09:40:00","EDT","HUD VL",61758,1157.4
"05/20/2010 09:40:00","EDT","LONGIL",61762,2457.2
"05/20/2010 09:40:00","EDT","MHK VL",61756,956.9
"05/20/2010 09:40:00","EDT","MILLWD",61759,306.4
"05/20/2010 09:40:00","EDT","N.Y.C.",61761,6569.7
"05/20/2010 09:40:00","EDT","NORTH",61755,461.4
"05/20/2010 09:40:00","EDT","WEST",61752,1816.6
"05/20/2010 09:45:00","EDT","CAPITL",61757,1289.9
"05/20/2010 09:45:00","EDT","CENTRL",61754,1845.7
"05/20/2010 09:45:00","EDT","DUNWOD",61760,686.1
"05/20/2010 09:45:00","EDT","GENESE",61753,1202.5
"05/20/2010 09:45:00","EDT","HUD VL",61758,1136.5
"05/20/2010 09:45:00","EDT","LONGIL",61762,2469.9
"05/20/2010 09:45:00","EDT","MHK VL",61756,966.1
"05/20/2010 09:45:00","EDT","MILLWD",61759,321.4
"05/20/2010 09:45:00","EDT","N.Y.C.",61761,6581.5
"05/20/2010 09:45:00","EDT","NORTH",61755,460.1
"05/20/2010 09:45:00","EDT","WEST",61752,1813.6
"05/20/2010 09:50:00","EDT","CAPITL",61757,1290.9
"05/20/2010 09:50:00","EDT","CENTRL",61754,1849.7
"05/20/2010 09:50:00","EDT","DUNWOD",61760,686.6
"05/20/2010 09:50:00","EDT","GENESE",61753,1209.3
"05/20/2010 09:50:00","EDT","HUD VL",61758,1145.3
"05/20/2010 09:50:00","EDT","LONGIL",61762,2490
"05/20/2010 09:50:00","EDT","MHK VL",61756,965.6
"05/20/2010 09:50:00","EDT","MILLWD",61759,310.4
"05/20/2010 09:50:00","EDT","N.Y.C.",61761,6595.5
"05/20/2010 09:50:00","EDT","NORTH",61755,455.1
"05/20/2010 09:50:00","EDT","WEST",61752,1817.3
"05/20/2010 09:55:00","EDT","CAPITL",61757,1288.2
"05/20/2010 09:55:00","EDT","CENTRL",61754,1868.1
"05/20/2010 09:55:00","EDT","DUNWOD",61760,720.1
"05/20/2010 09:55:00","EDT","GENESE",61753,1210.4
"05/20/2010 09:55:00","EDT","HUD VL",61758,1155.8
"05/20/2010 09:55:00","EDT","LONGIL",61762,2480.1
"05/20/2010 09:55:00","EDT","MHK VL",61756,965.9
"05/20/2010 09:55:00","EDT","MILLWD",61759,297.6
"05/20/2010 09:55:00","EDT","N.Y.C.",61761,6604.9
"05/20/2010 09:55:00","EDT","NORTH",61755,468.1
"05/20/2010 09:55:00","EDT","WEST",61752,1810.6
"05/20/2010 10:00:00","EDT","CAPITL",61757,1300.8
"05/20/2010 10:00:00","EDT","CENTRL",61754,1858.3
"05/20/2010 10:00:00","EDT","DUNWOD",61760,698.4
"05/20/2010 10:00:00","EDT","GENESE",61753,1220.2
"05/20/2010 10:00:00","EDT","HUD VL",61758,1144.7
"05/20/2010 10:00:00","EDT","LONGIL",61762,2502.5
"05/20/2010 10:00:00","EDT","MHK VL",61756,971.6
"05/20/2010 10:00:00","EDT","MILLWD",61759,326.6
"05/20/2010 10:00:00","EDT","N.Y.C.",61761,6605.5
"05/20/2010 10:00:00","EDT","NORTH",61755,469.9
"05/20/2010 10:00:00","EDT","WEST",61752,1811.6
"05/20/2010 10:05:00","EDT","CAPITL",61757,1312.2
"05/20/2010 10:05:00","EDT","CENTRL",61754,1880.8
"05/20/2010 10:05:00","EDT","DUNWOD",61760,702.6
"05/20/2010 10:05:00","EDT","GENESE",61753,1217
"05/20/2010 10:05:00","EDT","HUD VL",61758,1188
"05/20/2010 10:05:00","EDT","LONGIL",61762,2505.8
"05/20/2010 10:05:00","EDT","MHK VL",61756,953.4
"05/20/2010 10:05:00","EDT","MILLWD",61759,305.9
"05/20/2010 10:05:00","EDT","N.Y.C.",61761,6620.2
"05/20/2010 10:05:00","EDT","NORTH",61755,489.5
"05/20/2010 10:05:00","EDT","WEST",61752,1821.4
"05/20/2010 10:10:00","EDT","CAPITL",61757,1296.3
"05/20/2010 10:10:00","EDT","CENTRL",61754,1871
"05/20/2010 10:10:00","EDT","DUNWOD",61760,710.6
"05/20/2010 10:10:00","EDT","GENESE",61753,1231
"05/20/2010 10:10:00","EDT","HUD VL",61758,1167.1
"05/20/2010 10:10:00","EDT","LONGIL",61762,2513.1
"05/20/2010 10:10:00","EDT","MHK VL",61756,967.4
"05/20/2010 10:10:00","EDT","MILLWD",61759,316.1
"05/20/2010 10:10:00","EDT","N.Y.C.",61761,6634.1
"05/20/2010 10:10:00","EDT","NORTH",61755,469.4
"05/20/2010 10:10:00","EDT","WEST",61752,1841.8
"05/20/2010 10:15:00","EDT","CAPITL",61757,1321.6
"05/20/2010 10:15:00","EDT","CENTRL",61754,1862.5
"05/20/2010 10:15:00","EDT","DUNWOD",61760,722.6
"05/20/2010 10:15:00","EDT","GENESE",61753,1229.4
"05/20/2010 10:15:00","EDT","HUD VL",61758,1168.1
"05/20/2010 10:15:00","EDT","LONGIL",61762,2530.1
"05/20/2010 10:15:00","EDT","MHK VL",61756,976.3
"05/20/2010 10:15:00","EDT","MILLWD",61759,328.8
"05/20/2010 10:15:00","EDT","N.Y.C.",61761,6626.4
"05/20/2010 10:15:00","EDT","NORTH",61755,464.8
"05/20/2010 10:15:00","EDT","WEST",61752,1832.6
"05/20/2010 10:20:00","EDT","CAPITL",61757,1300.3
"05/20/2010 10:20:00","EDT","CENTRL",61754,1882.5
"05/20/2010 10:20:00","EDT","DUNWOD",61760,729.7
"05/20/2010 10:20:00","EDT","GENESE",61753,1227.8
"05/20/2010 10:20:00","EDT","HUD VL",61758,1175.3
"05/20/2010 10:20:00","EDT","LONGIL",61762,2534.8
"05/20/2010 10:20:00","EDT","MHK VL",61756,968.4
"05/20/2010 10:20:00","EDT","MILLWD",61759,296
"05/20/2010 10:20:00","EDT","N.Y.C.",61761,6686.8
"05/20/2010 10:20:00","EDT","NORTH",61755,473
"05/20/2010 10:20:00","EDT","WEST",61752,1842.8
"05/20/2010 10:25:00","EDT","CAPITL",61757,1323.3
"05/20/2010 10:25:00","EDT","CENTRL",61754,1877
"05/20/2010 10:25:00","EDT","DUNWOD",61760,708.6
"05/20/2010 10:25:00","EDT","GENESE",61753,1231.6
"05/20/2010 10:25:00","EDT","HUD VL",61758,1157.7
"05/20/2010 10:25:00","EDT","LONGIL",61762,2547.8
"05/20/2010 10:25:00","EDT","MHK VL",61756,982
"05/20/2010 10:25:00","EDT","MILLWD",61759,323.4
"05/20/2010 10:25:00","EDT","N.Y.C.",61761,6689.3
"05/20/2010 10:25:00","EDT","NORTH",61755,473.8
"05/20/2010 10:25:00","EDT","WEST",61752,1853.3
"05/20/2010 10:30:00","EDT","CAPITL",61757,1318.4
"05/20/2010 10:30:00","EDT","CENTRL",61754,1885.9
"05/20/2010 10:30:00","EDT","DUNWOD",61760,714.2
"05/20/2010 10:30:00","EDT","GENESE",61753,1236
"05/20/2010 10:30:00","EDT","HUD VL",61758,1174.5
"05/20/2010 10:30:00","EDT","LONGIL",61762,2550.9
"05/20/2010 10:30:00","EDT","MHK VL",61756,975.7
"05/20/2010 10:30:00","EDT","MILLWD",61759,314.6
"05/20/2010 10:30:00","EDT","N.Y.C.",61761,6659.7
"05/20/2010 10:30:00","EDT","NORTH",61755,468.5
"05/20/2010 10:30:00","EDT","WEST",61752,1848.2
"05/20/2010 10:33:41","EDT","CAPITL",61757,1320.2
"05/20/2010 10:33:41","EDT","CENTRL",61754,1891.2
"05/20/2010 10:33:41","EDT","DUNWOD",61760,724.4
"05/20/2010 10:33:41","EDT","GENESE",61753,1242.7
"05/20/2010 10:33:41","EDT","HUD VL",61758,1158.8
"05/20/2010 10:33:41","EDT","LONGIL",61762,2561
"05/20/2010 10:33:41","EDT","MHK VL",61756,977.7
"05/20/2010 10:33:41","EDT","MILLWD",61759,329.6
"05/20/2010 10:33:41","EDT","N.Y.C.",61761,6675.6
"05/20/2010 10:33:41","EDT","NORTH",61755,460.3
"05/20/2010 10:33:41","EDT","WEST",61752,1842.2
"05/20/2010 10:40:05","EDT","CAPITL",61757,1316.6
"05/20/2010 10:40:05","EDT","CENTRL",61754,1885.9
"05/20/2010 10:40:05","EDT","DUNWOD",61760,728.6
"05/20/2010 10:40:05","EDT","GENESE",61753,1240.5
"05/20/2010 10:40:05","EDT","HUD VL",61758,1188.6
"05/20/2010 10:40:05","EDT","LONGIL",61762,2574.5
"05/20/2010 10:40:05","EDT","MHK VL",61756,968.2
"05/20/2010 10:40:05","EDT","MILLWD",61759,318.2
"05/20/2010 10:40:05","EDT","N.Y.C.",61761,6661.7
"05/20/2010 10:40:05","EDT","NORTH",61755,470.6
"05/20/2010 10:40:05","EDT","WEST",61752,1856.3
"05/20/2010 10:50:00","EDT","CAPITL",61757,1319
"05/20/2010 10:50:00","EDT","CENTRL",61754,1874.4
"05/20/2010 10:50:00","EDT","DUNWOD",61760,715.1
"05/20/2010 10:50:00","EDT","GENESE",61753,1246.9
"05/20/2010 10:50:00","EDT","HUD VL",61758,1203.9
"05/20/2010 10:50:00","EDT","LONGIL",61762,2564.9
"05/20/2010 10:50:00","EDT","MHK VL",61756,967.9
"05/20/2010 10:50:00","EDT","MILLWD",61759,307.9
"05/20/2010 10:50:00","EDT","N.Y.C.",61761,6714.4
"05/20/2010 10:50:00","EDT","NORTH",61755,478
"05/20/2010 10:50:00","EDT","WEST",61752,1855.8
"05/20/2010 10:55:00","EDT","CAPITL",61757,1325.7
"05/20/2010 10:55:00","EDT","CENTRL",61754,1887.8
"05/20/2010 10:55:00","EDT","DUNWOD",61760,730.3
"05/20/2010 10:55:00","EDT","GENESE",61753,1248
"05/20/2010 10:55:00","EDT","HUD VL",61758,1196.7
"05/20/2010 10:55:00","EDT","LONGIL",61762,2579.5
"05/20/2010 10:55:00","EDT","MHK VL",61756,966.9
"05/20/2010 10:55:00","EDT","MILLWD",61759,325.8
"05/20/2010 10:55:00","EDT","N.Y.C.",61761,6695.4
"05/20/2010 10:55:00","EDT","NORTH",61755,472.9
"05/20/2010 10:55:00","EDT","WEST",61752,1864
"05/20/2010 11:00:00","EDT","CAPITL",61757,1330.9
"05/20/2010 11:00:00","EDT","CENTRL",61754,1899.8
"05/20/2010 11:00:00","EDT","DUNWOD",61760,734.3
"05/20/2010 11:00:00","EDT","GENESE",61753,1248.1
"05/20/2010 11:00:00","EDT","HUD VL",61758,1261.7
"05/20/2010 11:00:00","EDT","LONGIL",61762,2586.6
"05/20/2010 11:00:00","EDT","MHK VL",61756,970.9
"05/20/2010 11:00:00","EDT","MILLWD",61759,290
"05/20/2010 11:00:00","EDT","N.Y.C.",61761,6770.1
"05/20/2010 11:00:00","EDT","NORTH",61755,481
"05/20/2010 11:00:00","EDT","WEST",61752,1854.7
"05/20/2010 11:05:00","EDT","CAPITL",61757,1342.9
"05/20/2010 11:05:00","EDT","CENTRL",61754,1889.2
"05/20/2010 11:05:00","EDT","DUNWOD",61760,720.5
"05/20/2010 11:05:00","EDT","GENESE",61753,1251.1
"05/20/2010 11:05:00","EDT","HUD VL",61758,1218
"05/20/2010 11:05:00","EDT","LONGIL",61762,2584.1
"05/20/2010 11:05:00","EDT","MHK VL",61756,971
"05/20/2010 11:05:00","EDT","MILLWD",61759,318.4
"05/20/2010 11:05:00","EDT","N.Y.C.",61761,6798.1
"05/20/2010 11:05:00","EDT","NORTH",61755,477.8
"05/20/2010 11:05:00","EDT","WEST",61752,1858.2
"05/20/2010 11:10:00","EDT","CAPITL",61757,1337.8
"05/20/2010 11:10:00","EDT","CENTRL",61754,1895.4
"05/20/2010 11:10:00","EDT","DUNWOD",61760,726.4
"05/20/2010 11:10:00","EDT","GENESE",61753,1250.1
"05/20/2010 11:10:00","EDT","HUD VL",61758,1201.9
"05/20/2010 11:10:00","EDT","LONGIL",61762,2612.9
"05/20/2010 11:10:00","EDT","MHK VL",61756,973.6
"05/20/2010 11:10:00","EDT","MILLWD",61759,309.7
"05/20/2010 11:10:00","EDT","N.Y.C.",61761,6821
"05/20/2010 11:10:00","EDT","NORTH",61755,474.9
"05/20/2010 11:10:00","EDT","WEST",61752,1856.9
"05/20/2010 11:15:00","EDT","CAPITL",61757,1330.7
"05/20/2010 11:15:00","EDT","CENTRL",61754,1892.2
"05/20/2010 11:15:00","EDT","DUNWOD",61760,749.2
"05/20/2010 11:15:00","EDT","GENESE",61753,1257.3
"05/20/2010 11:15:00","EDT","HUD VL",61758,1199.5
"05/20/2010 11:15:00","EDT","LONGIL",61762,2600.4
"05/20/2010 11:15:00","EDT","MHK VL",61756,969.3
"05/20/2010 11:15:00","EDT","MILLWD",61759,316.6
"05/20/2010 11:15:00","EDT","N.Y.C.",61761,6790.1
"05/20/2010 11:15:00","EDT","NORTH",61755,483.6
"05/20/2010 11:15:00","EDT","WEST",61752,1877
"05/20/2010 11:20:00","EDT","CAPITL",61757,1328.5
"05/20/2010 11:20:00","EDT","CENTRL",61754,1893.5
"05/20/2010 11:20:00","EDT","DUNWOD",61760,734
"05/20/2010 11:20:00","EDT","GENESE",61753,1257.5
"05/20/2010 11:20:00","EDT","HUD VL",61758,1209.4
"05/20/2010 11:20:00","EDT","LONGIL",61762,2636.3
"05/20/2010 11:20:00","EDT","MHK VL",61756,974
"05/20/2010 11:20:00","EDT","MILLWD",61759,311.6
"05/20/2010 11:20:00","EDT","N.Y.C.",61761,6816.3
"05/20/2010 11:20:00","EDT","NORTH",61755,464.8
"05/20/2010 11:20:00","EDT","WEST",61752,1860.8
"05/20/2010 11:25:00","EDT","CAPITL",61757,1353
"05/20/2010 11:25:00","EDT","CENTRL",61754,1890.7
"05/20/2010 11:25:00","EDT","DUNWOD",61760,731
"05/20/2010 11:25:00","EDT","GENESE",61753,1265.5
"05/20/2010 11:25:00","EDT","HUD VL",61758,1203.9
"05/20/2010 11:25:00","EDT","LONGIL",61762,2620.3
"05/20/2010 11:25:00","EDT","MHK VL",61756,964.8
"05/20/2010 11:25:00","EDT","MILLWD",61759,317.9
"05/20/2010 11:25:00","EDT","N.Y.C.",61761,6840
"05/20/2010 11:25:00","EDT","NORTH",61755,476.7
"05/20/2010 11:25:00","EDT","WEST",61752,1866.9
"05/20/2010 11:30:00","EDT","CAPITL",61757,1354.8
"05/20/2010 11:30:00","EDT","CENTRL",61754,1907.5
"05/20/2010 11:30:00","EDT","DUNWOD",61760,726.3
"05/20/2010 11:30:00","EDT","GENESE",61753,1260.5
"05/20/2010 11:30:00","EDT","HUD VL",61758,1214.2
"05/20/2010 11:30:00","EDT","LONGIL",61762,2626.9
"05/20/2010 11:30:00","EDT","MHK VL",61756,966.5
"05/20/2010 11:30:00","EDT","MILLWD",61759,317.2
"05/20/2010 11:30:00","EDT","N.Y.C.",61761,6849.4
"05/20/2010 11:30:00","EDT","NORTH",61755,478.8
"05/20/2010 11:30:00","EDT","WEST",61752,1872.8
"05/20/2010 11:35:00","EDT","CAPITL",61757,1355.6
"05/20/2010 11:35:00","EDT","CENTRL",61754,1907.4
"05/20/2010 11:35:00","EDT","DUNWOD",61760,743.1
"05/20/2010 11:35:00","EDT","GENESE",61753,1258.4
"05/20/2010 11:35:00","EDT","HUD VL",61758,1217.1
"05/20/2010 11:35:00","EDT","LONGIL",61762,2622.1
"05/20/2010 11:35:00","EDT","MHK VL",61756,959.2
"05/20/2010 11:35:00","EDT","MILLWD",61759,315.7
"05/20/2010 11:35:00","EDT","N.Y.C.",61761,6869.7
"05/20/2010 11:35:00","EDT","NORTH",61755,472.2
"05/20/2010 11:35:00","EDT","WEST",61752,1856.1
"05/20/2010 11:40:00","EDT","CAPITL",61757,1341.5
"05/20/2010 11:40:00","EDT","CENTRL",61754,1904.4
"05/20/2010 11:40:00","EDT","DUNWOD",61760,741.2
"05/20/2010 11:40:00","EDT","GENESE",61753,1264.3
"05/20/2010 11:40:00","EDT","HUD VL",61758,1223.1
"05/20/2010 11:40:00","EDT","LONGIL",61762,2634.9
"05/20/2010 11:40:00","EDT","MHK VL",61756,966.9
"05/20/2010 11:40:00","EDT","MILLWD",61759,322.6
"05/20/2010 11:40:00","EDT","N.Y.C.",61761,6907.6
"05/20/2010 11:40:00","EDT","NORTH",61755,470.8
"05/20/2010 11:40:00","EDT","WEST",61752,1870.2
"05/20/2010 11:45:00","EDT","CAPITL",61757,1360.5
"05/20/2010 11:45:00","EDT","CENTRL",61754,1909.2
"05/20/2010 11:45:00","EDT","DUNWOD",61760,739.2
"05/20/2010 11:45:00","EDT","GENESE",61753,1265.7
"05/20/2010 11:45:00","EDT","HUD VL",61758,1220.1
"05/20/2010 11:45:00","EDT","LONGIL",61762,2635.8
"05/20/2010 11:45:00","EDT","MHK VL",61756,966
"05/20/2010 11:45:00","EDT","MILLWD",61759,308
"05/20/2010 11:45:00","EDT","N.Y.C.",61761,6913.5
"05/20/2010 11:45:00","EDT","NORTH",61755,471.9
"05/20/2010 11:45:00","EDT","WEST",61752,1866
"05/20/2010 11:50:00","EDT","CAPITL",61757,1340.3
"05/20/2010 11:50:00","EDT","CENTRL",61754,1910
"05/20/2010 11:50:00","EDT","DUNWOD",61760,749.5
"05/20/2010 11:50:00","EDT","GENESE",61753,1262.7
"05/20/2010 11:50:00","EDT","HUD VL",61758,1226.3
"05/20/2010 11:50:00","EDT","LONGIL",61762,2629.1
"05/20/2010 11:50:00","EDT","MHK VL",61756,955.6
"05/20/2010 11:50:00","EDT","MILLWD",61759,319
"05/20/2010 11:50:00","EDT","N.Y.C.",61761,6910.5
"05/20/2010 11:50:00","EDT","NORTH",61755,463.5
"05/20/2010 11:50:00","EDT","WEST",61752,1863.3
"05/20/2010 11:55:00","EDT","CAPITL",61757,1355
"05/20/2010 11:55:00","EDT","CENTRL",61754,1901.2
"05/20/2010 11:55:00","EDT","DUNWOD",61760,751.3
"05/20/2010 11:55:00","EDT","GENESE",61753,1262.3
"05/20/2010 11:55:00","EDT","HUD VL",61758,1228.8
"05/20/2010 11:55:00","EDT","LONGIL",61762,2637.6
"05/20/2010 11:55:00","EDT","MHK VL",61756,964.8
"05/20/2010 11:55:00","EDT","MILLWD",61759,303.8
"05/20/2010 11:55:00","EDT","N.Y.C.",61761,6903.8
"05/20/2010 11:55:00","EDT","NORTH",61755,468.2
"05/20/2010 11:55:00","EDT","WEST",61752,1860.8
"05/20/2010 12:00:00","EDT","CAPITL",61757,1350
"05/20/2010 12:00:00","EDT","CENTRL",61754,1926.1
"05/20/2010 12:00:00","EDT","DUNWOD",61760,743.3
"05/20/2010 12:00:00","EDT","GENESE",61753,1258.1
"05/20/2010 12:00:00","EDT","HUD VL",61758,1203.5
"05/20/2010 12:00:00","EDT","LONGIL",61762,2646.8
"05/20/2010 12:00:00","EDT","MHK VL",61756,954.6
"05/20/2010 12:00:00","EDT","MILLWD",61759,314.7
"05/20/2010 12:00:00","EDT","N.Y.C.",61761,6940.1
"05/20/2010 12:00:00","EDT","NORTH",61755,470.7
"05/20/2010 12:00:00","EDT","WEST",61752,1874
"05/20/2010 12:05:00","EDT","CAPITL",61757,1348.3
"05/20/2010 12:05:00","EDT","CENTRL",61754,1904.1
"05/20/2010 12:05:00","EDT","DUNWOD",61760,739.3
"05/20/2010 12:05:00","EDT","GENESE",61753,1266.1
"05/20/2010 12:05:00","EDT","HUD VL",61758,1211.8
"05/20/2010 12:05:00","EDT","LONGIL",61762,2667.7
"05/20/2010 12:05:00","EDT","MHK VL",61756,959.6
"05/20/2010 12:05:00","EDT","MILLWD",61759,339.5
"05/20/2010 12:05:00","EDT","N.Y.C.",61761,6918.8
"05/20/2010 12:05:00","EDT","NORTH",61755,471.8
"05/20/2010 12:05:00","EDT","WEST",61752,1858.9
"05/20/2010 12:10:00","EDT","CAPITL",61757,1357.4
"05/20/2010 12:10:00","EDT","CENTRL",61754,1911
"05/20/2010 12:10:00","EDT","DUNWOD",61760,741.8
"05/20/2010 12:10:00","EDT","GENESE",61753,1272.2
"05/20/2010 12:10:00","EDT","HUD VL",61758,1200.3
"05/20/2010 12:10:00","EDT","LONGIL",61762,2657.2
"05/20/2010 12:10:00","EDT","MHK VL",61756,957
"05/20/2010 12:10:00","EDT","MILLWD",61759,321.6
"05/20/2010 12:10:00","EDT","N.Y.C.",61761,6949.9
"05/20/2010 12:10:00","EDT","NORTH",61755,481.8
"05/20/2010 12:10:00","EDT","WEST",61752,1906.7
"05/20/2010 12:15:00","EDT","CAPITL",61757,1353.7
"05/20/2010 12:15:00","EDT","CENTRL",61754,1913.8
"05/20/2010 12:15:00","EDT","DUNWOD",61760,744.2
"05/20/2010 12:15:00","EDT","GENESE",61753,1270.5
"05/20/2010 12:15:00","EDT","HUD VL",61758,1226.1
"05/20/2010 12:15:00","EDT","LONGIL",61762,2658.1
"05/20/2010 12:15:00","EDT","MHK VL",61756,971.7
"05/20/2010 12:15:00","EDT","MILLWD",61759,324.6
"05/20/2010 12:15:00","EDT","N.Y.C.",61761,6934.5
"05/20/2010 12:15:00","EDT","NORTH",61755,454
"05/20/2010 12:15:00","EDT","WEST",61752,1853.1
"05/20/2010 12:20:00","EDT","CAPITL",61757,1353.9
"05/20/2010 12:20:00","EDT","CENTRL",61754,1918.1
"05/20/2010 12:20:00","EDT","DUNWOD",61760,751.4
"05/20/2010 12:20:00","EDT","GENESE",61753,1265
"05/20/2010 12:20:00","EDT","HUD VL",61758,1219.6
"05/20/2010 12:20:00","EDT","LONGIL",61762,2674.5
"05/20/2010 12:20:00","EDT","MHK VL",61756,964.9
"05/20/2010 12:20:00","EDT","MILLWD",61759,319.6
"05/20/2010 12:20:00","EDT","N.Y.C.",61761,6918.3
"05/20/2010 12:20:00","EDT","NORTH",61755,459.4
"05/20/2010 12:20:00","EDT","WEST",61752,1840.8
"05/20/2010 12:25:00","EDT","CAPITL",61757,1357.1
"05/20/2010 12:25:00","EDT","CENTRL",61754,1916.4
"05/20/2010 12:25:00","EDT","DUNWOD",61760,749.7
"05/20/2010 12:25:00","EDT","GENESE",61753,1268.5
"05/20/2010 12:25:00","EDT","HUD VL",61758,1210.5
"05/20/2010 12:25:00","EDT","LONGIL",61762,2671.3
"05/20/2010 12:25:00","EDT","MHK VL",61756,959.2
"05/20/2010 12:25:00","EDT","MILLWD",61759,327.3
"05/20/2010 12:25:00","EDT","N.Y.C.",61761,6941.7
"05/20/2010 12:25:00","EDT","NORTH",61755,475.9
"05/20/2010 12:25:00","EDT","WEST",61752,1873.1
"05/20/2010 12:30:00","EDT","CAPITL",61757,1354.7
"05/20/2010 12:30:00","EDT","CENTRL",61754,1927.1
"05/20/2010 12:30:00","EDT","DUNWOD",61760,752.3
"05/20/2010 12:30:00","EDT","GENESE",61753,1274.4
"05/20/2010 12:30:00","EDT","HUD VL",61758,1215.6
"05/20/2010 12:30:00","EDT","LONGIL",61762,2669.9
"05/20/2010 12:30:00","EDT","MHK VL",61756,955.8
"05/20/2010 12:30:00","EDT","MILLWD",61759,320.2
"05/20/2010 12:30:00","EDT","N.Y.C.",61761,6942.2
"05/20/2010 12:30:00","EDT","NORTH",61755,478.2
"05/20/2010 12:30:00","EDT","WEST",61752,1868.1
"05/20/2010 12:35:00","EDT","CAPITL",61757,1351.7
"05/20/2010 12:35:00","EDT","CENTRL",61754,1927.6
"05/20/2010 12:35:00","EDT","DUNWOD",61760,756.3
"05/20/2010 12:35:00","EDT","GENESE",61753,1270.9
"05/20/2010 12:35:00","EDT","HUD VL",61758,1231.7
"05/20/2010 12:35:00","EDT","LONGIL",61762,2676.6
"05/20/2010 12:35:00","EDT","MHK VL",61756,958.8
"05/20/2010 12:35:00","EDT","MILLWD",61759,322.5
"05/20/2010 12:35:00","EDT","N.Y.C.",61761,6965.5
"05/20/2010 12:35:00","EDT","NORTH",61755,475.7
"05/20/2010 12:35:00","EDT","WEST",61752,1851.4
"05/20/2010 12:40:00","EDT","CAPITL",61757,1355.2
"05/20/2010 12:40:00","EDT","CENTRL",61754,1920.8
"05/20/2010 12:40:00","EDT","DUNWOD",61760,750.1
"05/20/2010 12:40:00","EDT","GENESE",61753,1264.7
"05/20/2010 12:40:00","EDT","HUD VL",61758,1209.1
"05/20/2010 12:40:00","EDT","LONGIL",61762,2683.1
"05/20/2010 12:40:00","EDT","MHK VL",61756,962.5
"05/20/2010 12:40:00","EDT","MILLWD",61759,326.8
"05/20/2010 12:40:00","EDT","N.Y.C.",61761,6970.6
"05/20/2010 12:40:00","EDT","NORTH",61755,472.2
"05/20/2010 12:40:00","EDT","WEST",61752,1871
"05/20/2010 12:45:00","EDT","CAPITL",61757,1358.6
"05/20/2010 12:45:00","EDT","CENTRL",61754,1923.7
"05/20/2010 12:45:00","EDT","DUNWOD",61760,730.7
"05/20/2010 12:45:00","EDT","GENESE",61753,1275.7
"05/20/2010 12:45:00","EDT","HUD VL",61758,1218.9
"05/20/2010 12:45:00","EDT","LONGIL",61762,2673
"05/20/2010 12:45:00","EDT","MHK VL",61756,963.2
"05/20/2010 12:45:00","EDT","MILLWD",61759,335.6
"05/20/2010 12:45:00","EDT","N.Y.C.",61761,6966.2
"05/20/2010 12:45:00","EDT","NORTH",61755,475.7
"05/20/2010 12:45:00","EDT","WEST",61752,1871.3
"05/20/2010 12:50:00","EDT","CAPITL",61757,1369.9
"05/20/2010 12:50:00","EDT","CENTRL",61754,1945.9
"05/20/2010 12:50:00","EDT","DUNWOD",61760,738.4
"05/20/2010 12:50:00","EDT","GENESE",61753,1274.9
"05/20/2010 12:50:00","EDT","HUD VL",61758,1229.5
"05/20/2010 12:50:00","EDT","LONGIL",61762,2672.9
"05/20/2010 12:50:00","EDT","MHK VL",61756,952.2
"05/20/2010 12:50:00","EDT","MILLWD",61759,325.1
"05/20/2010 12:50:00","EDT","N.Y.C.",61761,6986.2
"05/20/2010 12:50:00","EDT","NORTH",61755,472
"05/20/2010 12:50:00","EDT","WEST",61752,1866.7
"05/20/2010 12:55:00","EDT","CAPITL",61757,1358.9
"05/20/2010 12:55:00","EDT","CENTRL",61754,1936.8
"05/20/2010 12:55:00","EDT","DUNWOD",61760,732.1
"05/20/2010 12:55:00","EDT","GENESE",61753,1275.7
"05/20/2010 12:55:00","EDT","HUD VL",61758,1227.4
"05/20/2010 12:55:00","EDT","LONGIL",61762,2677.2
"05/20/2010 12:55:00","EDT","MHK VL",61756,963.4
"05/20/2010 12:55:00","EDT","MILLWD",61759,328.3
"05/20/2010 12:55:00","EDT","N.Y.C.",61761,6984.8
"05/20/2010 12:55:00","EDT","NORTH",61755,478
"05/20/2010 12:55:00","EDT","WEST",61752,1885.3
"05/20/2010 13:00:00","EDT","CAPITL",61757,1372.9
"05/20/2010 13:00:00","EDT","CENTRL",61754,1923.5
"05/20/2010 13:00:00","EDT","DUNWOD",61760,751.2
"05/20/2010 13:00:00","EDT","GENESE",61753,1282.3
"05/20/2010 13:00:00","EDT","HUD VL",61758,1233.6
"05/20/2010 13:00:00","EDT","LONGIL",61762,2677.1
"05/20/2010 13:00:00","EDT","MHK VL",61756,970.1
"05/20/2010 13:00:00","EDT","MILLWD",61759,340
"05/20/2010 13:00:00","EDT","N.Y.C.",61761,6951.8
"05/20/2010 13:00:00","EDT","NORTH",61755,468.9
"05/20/2010 13:00:00","EDT","WEST",61752,1853
"05/20/2010 13:05:00","EDT","CAPITL",61757,1373.6
"05/20/2010 13:05:00","EDT","CENTRL",61754,1936.9
"05/20/2010 13:05:00","EDT","DUNWOD",61760,757
"05/20/2010 13:05:00","EDT","GENESE",61753,1282.8
"05/20/2010 13:05:00","EDT","HUD VL",61758,1246.3
"05/20/2010 13:05:00","EDT","LONGIL",61762,2703.2
"05/20/2010 13:05:00","EDT","MHK VL",61756,974.1
"05/20/2010 13:05:00","EDT","MILLWD",61759,306.5
"05/20/2010 13:05:00","EDT","N.Y.C.",61761,6967.2
"05/20/2010 13:05:00","EDT","NORTH",61755,466.3
"05/20/2010 13:05:00","EDT","WEST",61752,1881.7
"05/20/2010 13:10:00","EDT","CAPITL",61757,1374.7
"05/20/2010 13:10:00","EDT","CENTRL",61754,1925.7
"05/20/2010 13:10:00","EDT","DUNWOD",61760,757.8
"05/20/2010 13:10:00","EDT","GENESE",61753,1288.7
"05/20/2010 13:10:00","EDT","HUD VL",61758,1236.8
"05/20/2010 13:10:00","EDT","LONGIL",61762,2696.6
"05/20/2010 13:10:00","EDT","MHK VL",61756,974.1
"05/20/2010 13:10:00","EDT","MILLWD",61759,332.5
"05/20/2010 13:10:00","EDT","N.Y.C.",61761,6976.4
"05/20/2010 13:10:00","EDT","NORTH",61755,463.4
"05/20/2010 13:10:00","EDT","WEST",61752,1885.3
"05/20/2010 13:15:00","EDT","CAPITL",61757,1390.7
"05/20/2010 13:15:00","EDT","CENTRL",61754,1945.6
"05/20/2010 13:15:00","EDT","DUNWOD",61760,761.6
"05/20/2010 13:15:00","EDT","GENESE",61753,1281.6
"05/20/2010 13:15:00","EDT","HUD VL",61758,1237.3
"05/20/2010 13:15:00","EDT","LONGIL",61762,2703.4
"05/20/2010 13:15:00","EDT","MHK VL",61756,961.3
"05/20/2010 13:15:00","EDT","MILLWD",61759,330.7
"05/20/2010 13:15:00","EDT","N.Y.C.",61761,7006.9
"05/20/2010 13:15:00","EDT","NORTH",61755,464
"05/20/2010 13:15:00","EDT","WEST",61752,1875.8
"05/20/2010 13:20:00","EDT","CAPITL",61757,1362.5
"05/20/2010 13:20:00","EDT","CENTRL",61754,1941.7
"05/20/2010 13:20:00","EDT","DUNWOD",61760,756.9
"05/20/2010 13:20:00","EDT","GENESE",61753,1282.9
"05/20/2010 13:20:00","EDT","HUD VL",61758,1248.4
"05/20/2010 13:20:00","EDT","LONGIL",61762,2701.4
"05/20/2010 13:20:00","EDT","MHK VL",61756,972.1
"05/20/2010 13:20:00","EDT","MILLWD",61759,314.7
"05/20/2010 13:20:00","EDT","N.Y.C.",61761,7013.5
"05/20/2010 13:20:00","EDT","NORTH",61755,472.4
"05/20/2010 13:20:00","EDT","WEST",61752,1887.9
"05/20/2010 13:25:00","EDT","CAPITL",61757,1378.4
"05/20/2010 13:25:00","EDT","CENTRL",61754,1940.2
"05/20/2010 13:25:00","EDT","DUNWOD",61760,769.6
"05/20/2010 13:25:00","EDT","GENESE",61753,1279.6
"05/20/2010 13:25:00","EDT","HUD VL",61758,1257.2
"05/20/2010 13:25:00","EDT","LONGIL",61762,2715.5
"05/20/2010 13:25:00","EDT","MHK VL",61756,968.9
"05/20/2010 13:25:00","EDT","MILLWD",61759,323
"05/20/2010 13:25:00","EDT","N.Y.C.",61761,7003.6
"05/20/2010 13:25:00","EDT","NORTH",61755,457.2
"05/20/2010 13:25:00","EDT","WEST",61752,1867
"05/20/2010 13:30:00","EDT","CAPITL",61757,1369.7
"05/20/2010 13:30:00","EDT","CENTRL",61754,1939.6
"05/20/2010 13:30:00","EDT","DUNWOD",61760,761.6
"05/20/2010 13:30:00","EDT","GENESE",61753,1291.2
"05/20/2010 13:30:00","EDT","HUD VL",61758,1251.9
"05/20/2010 13:30:00","EDT","LONGIL",61762,2701.9
"05/20/2010 13:30:00","EDT","MHK VL",61756,976.4
"05/20/2010 13:30:00","EDT","MILLWD",61759,320.3
"05/20/2010 13:30:00","EDT","N.Y.C.",61761,7054
"05/20/2010 13:30:00","EDT","NORTH",61755,467.4
"05/20/2010 13:30:00","EDT","WEST",61752,1869.8
"05/20/2010 13:35:00","EDT","CAPITL",61757,1356.2
"05/20/2010 13:35:00","EDT","CENTRL",61754,1938.2
"05/20/2010 13:35:00","EDT","DUNWOD",61760,761.8
"05/20/2010 13:35:00","EDT","GENESE",61753,1286.3
"05/20/2010 13:35:00","EDT","HUD VL",61758,1265
"05/20/2010 13:35:00","EDT","LONGIL",61762,2708.3
"05/20/2010 13:35:00","EDT","MHK VL",61756,971.7
"05/20/2010 13:35:00","EDT","MILLWD",61759,313.3
"05/20/2010 13:35:00","EDT","N.Y.C.",61761,7016.7
"05/20/2010 13:35:00","EDT","NORTH",61755,470.8
"05/20/2010 13:35:00","EDT","WEST",61752,1870.9
"05/20/2010 13:40:00","EDT","CAPITL",61757,1379.3
"05/20/2010 13:40:00","EDT","CENTRL",61754,1937.7
"05/20/2010 13:40:00","EDT","DUNWOD",61760,772
"05/20/2010 13:40:00","EDT","GENESE",61753,1290.2
"05/20/2010 13:40:00","EDT","HUD VL",61758,1258.3
"05/20/2010 13:40:00","EDT","LONGIL",61762,2709.3
"05/20/2010 13:40:00","EDT","MHK VL",61756,968.3
"05/20/2010 13:40:00","EDT","MILLWD",61759,323.7
"05/20/2010 13:40:00","EDT","N.Y.C.",61761,7004.5
"05/20/2010 13:40:00","EDT","NORTH",61755,470.9
"05/20/2010 13:40:00","EDT","WEST",61752,1846.2
"05/20/2010 13:45:00","EDT","CAPITL",61757,1386.1
"05/20/2010 13:45:00","EDT","CENTRL",61754,1935.8
"05/20/2010 13:45:00","EDT","DUNWOD",61760,780.1
"05/20/2010 13:45:00","EDT","GENESE",61753,1299.5
"05/20/2010 13:45:00","EDT","HUD VL",61758,1263.2
"05/20/2010 13:45:00","EDT","LONGIL",61762,2720.1
"05/20/2010 13:45:00","EDT","MHK VL",61756,970.8
"05/20/2010 13:45:00","EDT","MILLWD",61759,306.9
"05/20/2010 13:45:00","EDT","N.Y.C.",61761,7030.5
"05/20/2010 13:45:00","EDT","NORTH",61755,474.3
"05/20/2010 13:45:00","EDT","WEST",61752,1879.5
"05/20/2010 13:50:00","EDT","CAPITL",61757,1399.6
"05/20/2010 13:50:00","EDT","CENTRL",61754,1940.3
"05/20/2010 13:50:00","EDT","DUNWOD",61760,776
"05/20/2010 13:50:00","EDT","GENESE",61753,1294.6
"05/20/2010 13:50:00","EDT","HUD VL",61758,1273.2
"05/20/2010 13:50:00","EDT","LONGIL",61762,2720.9
"05/20/2010 13:50:00","EDT","MHK VL",61756,975.6
"05/20/2010 13:50:00","EDT","MILLWD",61759,316.7
"05/20/2010 13:50:00","EDT","N.Y.C.",61761,7022
"05/20/2010 13:50:00","EDT","NORTH",61755,464.9
"05/20/2010 13:50:00","EDT","WEST",61752,1881.7
"05/20/2010 13:55:00","EDT","CAPITL",61757,1385.8
"05/20/2010 13:55:00","EDT","CENTRL",61754,1950.8
"05/20/2010 13:55:00","EDT","DUNWOD",61760,768.5
"05/20/2010 13:55:00","EDT","GENESE",61753,1296.1
"05/20/2010 13:55:00","EDT","HUD VL",61758,1274.3
"05/20/2010 13:55:00","EDT","LONGIL",61762,2723.2
"05/20/2010 13:55:00","EDT","MHK VL",61756,989.2
"05/20/2010 13:55:00","EDT","MILLWD",61759,323
"05/20/2010 13:55:00","EDT","N.Y.C.",61761,7036.4
"05/20/2010 13:55:00","EDT","NORTH",61755,471.7
"05/20/2010 13:55:00","EDT","WEST",61752,1870.8
"05/20/2010 14:00:00","EDT","CAPITL",61757,1382.9
"05/20/2010 14:00:00","EDT","CENTRL",61754,1949.7
"05/20/2010 14:00:00","EDT","DUNWOD",61760,778.1
"05/20/2010 14:00:00","EDT","GENESE",61753,1294.6
"05/20/2010 14:00:00","EDT","HUD VL",61758,1272.2
"05/20/2010 14:00:00","EDT","LONGIL",61762,2726.3
"05/20/2010 14:00:00","EDT","MHK VL",61756,995.1
"05/20/2010 14:00:00","EDT","MILLWD",61759,309.5
"05/20/2010 14:00:00","EDT","N.Y.C.",61761,7043.2
"05/20/2010 14:00:00","EDT","NORTH",61755,462.3
"05/20/2010 14:00:00","EDT","WEST",61752,1875.4
"05/20/2010 14:05:00","EDT","CAPITL",61757,1386.8
"05/20/2010 14:05:00","EDT","CENTRL",61754,1948.4
"05/20/2010 14:05:00","EDT","DUNWOD",61760,770.1
"05/20/2010 14:05:00","EDT","GENESE",61753,1293.5
"05/20/2010 14:05:00","EDT","HUD VL",61758,1274.5
"05/20/2010 14:05:00","EDT","LONGIL",61762,2733.2
"05/20/2010 14:05:00","EDT","MHK VL",61756,984.7
"05/20/2010 14:05:00","EDT","MILLWD",61759,322.3
"05/20/2010 14:05:00","EDT","N.Y.C.",61761,7045.8
"05/20/2010 14:05:00","EDT","NORTH",61755,461.1
"05/20/2010 14:05:00","EDT","WEST",61752,1883.1
"05/20/2010 14:10:00","EDT","CAPITL",61757,1401.9
"05/20/2010 14:10:00","EDT","CENTRL",61754,1938.7
"05/20/2010 14:10:00","EDT","DUNWOD",61760,774.8
"05/20/2010 14:10:00","EDT","GENESE",61753,1299
"05/20/2010 14:10:00","EDT","HUD VL",61758,1265.6
"05/20/2010 14:10:00","EDT","LONGIL",61762,2730.7
"05/20/2010 14:10:00","EDT","MHK VL",61756,970.9
"05/20/2010 14:10:00","EDT","MILLWD",61759,329.6
"05/20/2010 14:10:00","EDT","N.Y.C.",61761,7058
"05/20/2010 14:10:00","EDT","NORTH",61755,468.2
"05/20/2010 14:10:00","EDT","WEST",61752,1862.9
"05/20/2010 14:15:00","EDT","CAPITL",61757,1392.9
"05/20/2010 14:15:00","EDT","CENTRL",61754,1927.9
"05/20/2010 14:15:00","EDT","DUNWOD",61760,763.9
"05/20/2010 14:15:00","EDT","GENESE",61753,1305.6
"05/20/2010 14:15:00","EDT","HUD VL",61758,1274.7
"05/20/2010 14:15:00","EDT","LONGIL",61762,2733.7
"05/20/2010 14:15:00","EDT","MHK VL",61756,961.6
"05/20/2010 14:15:00","EDT","MILLWD",61759,331.3
"05/20/2010 14:15:00","EDT","N.Y.C.",61761,7080.7
"05/20/2010 14:15:00","EDT","NORTH",61755,470.6
"05/20/2010 14:15:00","EDT","WEST",61752,1881.8
"05/20/2010 14:20:00","EDT","CAPITL",61757,1397.5
"05/20/2010 14:20:00","EDT","CENTRL",61754,1943.8
"05/20/2010 14:20:00","EDT","DUNWOD",61760,775
"05/20/2010 14:20:00","EDT","GENESE",61753,1301.1
"05/20/2010 14:20:00","EDT","HUD VL",61758,1279.7
"05/20/2010 14:20:00","EDT","LONGIL",61762,2753.4
"05/20/2010 14:20:00","EDT","MHK VL",61756,961.5
"05/20/2010 14:20:00","EDT","MILLWD",61759,316
"05/20/2010 14:20:00","EDT","N.Y.C.",61761,7065.6
"05/20/2010 14:20:00","EDT","NORTH",61755,462
"05/20/2010 14:20:00","EDT","WEST",61752,1845
"05/20/2010 14:25:00","EDT","CAPITL",61757,1398.8
"05/20/2010 14:25:00","EDT","CENTRL",61754,1953.1
"05/20/2010 14:25:00","EDT","DUNWOD",61760,778.1
"05/20/2010 14:25:00","EDT","GENESE",61753,1304.3
"05/20/2010 14:25:00","EDT","HUD VL",61758,1254.5
"05/20/2010 14:25:00","EDT","LONGIL",61762,2744.4
"05/20/2010 14:25:00","EDT","MHK VL",61756,961.1
"05/20/2010 14:25:00","EDT","MILLWD",61759,341.7
"05/20/2010 14:25:00","EDT","N.Y.C.",61761,7078.4
"05/20/2010 14:25:00","EDT","NORTH",61755,471.2
"05/20/2010 14:25:00","EDT","WEST",61752,1855.8
"05/20/2010 14:30:00","EDT","CAPITL",61757,1391.5
"05/20/2010 14:30:00","EDT","CENTRL",61754,1931.7
"05/20/2010 14:30:00","EDT","DUNWOD",61760,786.3
"05/20/2010 14:30:00","EDT","GENESE",61753,1302.6
"05/20/2010 14:30:00","EDT","HUD VL",61758,1300.8
"05/20/2010 14:30:00","EDT","LONGIL",61762,2744.5
"05/20/2010 14:30:00","EDT","MHK VL",61756,965.6
"05/20/2010 14:30:00","EDT","MILLWD",61759,307.6
"05/20/2010 14:30:00","EDT","N.Y.C.",61761,7054.4
"05/20/2010 14:30:00","EDT","NORTH",61755,454.7
"05/20/2010 14:30:00","EDT","WEST",61752,1835.3
"05/20/2010 14:35:00","EDT","CAPITL",61757,1395.8
"05/20/2010 14:35:00","EDT","CENTRL",61754,1939.9
"05/20/2010 14:35:00","EDT","DUNWOD",61760,806.1
"05/20/2010 14:35:00","EDT","GENESE",61753,1307.1
"05/20/2010 14:35:00","EDT","HUD VL",61758,1268.9
"05/20/2010 14:35:00","EDT","LONGIL",61762,2745
"05/20/2010 14:35:00","EDT","MHK VL",61756,966
"05/20/2010 14:35:00","EDT","MILLWD",61759,307.8
"05/20/2010 14:35:00","EDT","N.Y.C.",61761,7081.4
"05/20/2010 14:35:00","EDT","NORTH",61755,471.5
"05/20/2010 14:35:00","EDT","WEST",61752,1854
"05/20/2010 14:40:00","EDT","CAPITL",61757,1394.8
"05/20/2010 14:40:00","EDT","CENTRL",61754,1929.9
"05/20/2010 14:40:00","EDT","DUNWOD",61760,774.6
"05/20/2010 14:40:00","EDT","GENESE",61753,1297.7
"05/20/2010 14:40:00","EDT","HUD VL",61758,1304.1
"05/20/2010 14:40:00","EDT","LONGIL",61762,2758.9
"05/20/2010 14:40:00","EDT","MHK VL",61756,952.2
"05/20/2010 14:40:00","EDT","MILLWD",61759,319.8
"05/20/2010 14:40:00","EDT","N.Y.C.",61761,7104.4
"05/20/2010 14:40:00","EDT","NORTH",61755,462.9
"05/20/2010 14:40:00","EDT","WEST",61752,1860.5
"05/20/2010 14:45:00","EDT","CAPITL",61757,1386.2
"05/20/2010 14:45:00","EDT","CENTRL",61754,1935.8
"05/20/2010 14:45:00","EDT","DUNWOD",61760,776.2
"05/20/2010 14:45:00","EDT","GENESE",61753,1298
"05/20/2010 14:45:00","EDT","HUD VL",61758,1284.9
"05/20/2010 14:45:00","EDT","LONGIL",61762,2747.5
"05/20/2010 14:45:00","EDT","MHK VL",61756,946
"05/20/2010 14:45:00","EDT","MILLWD",61759,312.7
"05/20/2010 14:45:00","EDT","N.Y.C.",61761,7057.3
"05/20/2010 14:45:00","EDT","NORTH",61755,476.6
"05/20/2010 14:45:00","EDT","WEST",61752,1853.1
"05/20/2010 14:50:00","EDT","CAPITL",61757,1396.2
"05/20/2010 14:50:00","EDT","CENTRL",61754,1939.7
"05/20/2010 14:50:00","EDT","DUNWOD",61760,773.8
"05/20/2010 14:50:00","EDT","GENESE",61753,1297.4
"05/20/2010 14:50:00","EDT","HUD VL",61758,1268.5
"05/20/2010 14:50:00","EDT","LONGIL",61762,2751.1
"05/20/2010 14:50:00","EDT","MHK VL",61756,954.6
"05/20/2010 14:50:00","EDT","MILLWD",61759,330.6
"05/20/2010 14:50:00","EDT","N.Y.C.",61761,7088.9
"05/20/2010 14:50:00","EDT","NORTH",61755,462.1
"05/20/2010 14:50:00","EDT","WEST",61752,1859.9
"05/20/2010 14:55:00","EDT","CAPITL",61757,1372.6
"05/20/2010 14:55:00","EDT","CENTRL",61754,1931.8
"05/20/2010 14:55:00","EDT","DUNWOD",61760,784.8
"05/20/2010 14:55:00","EDT","GENESE",61753,1296.1
"05/20/2010 14:55:00","EDT","HUD VL",61758,1284.5
"05/20/2010 14:55:00","EDT","LONGIL",61762,2751
"05/20/2010 14:55:00","EDT","MHK VL",61756,951.8
"05/20/2010 14:55:00","EDT","MILLWD",61759,328.3
"05/20/2010 14:55:00","EDT","N.Y.C.",61761,7064.8
"05/20/2010 14:55:00","EDT","NORTH",61755,465.3
"05/20/2010 14:55:00","EDT","WEST",61752,1847.8
"05/20/2010 15:00:00","EDT","CAPITL",61757,1372.9
"05/20/2010 15:00:00","EDT","CENTRL",61754,1933.3
"05/20/2010 15:00:00","EDT","DUNWOD",61760,765.1
"05/20/2010 15:00:00","EDT","GENESE",61753,1301.4
"05/20/2010 15:00:00","EDT","HUD VL",61758,1302
"05/20/2010 15:00:00","EDT","LONGIL",61762,2759.3
"05/20/2010 15:00:00","EDT","MHK VL",61756,954.9
"05/20/2010 15:00:00","EDT","MILLWD",61759,315
"05/20/2010 15:00:00","EDT","N.Y.C.",61761,7095.5
"05/20/2010 15:00:00","EDT","NORTH",61755,466.2
"05/20/2010 15:00:00","EDT","WEST",61752,1862.9
"05/20/2010 15:05:00","EDT","CAPITL",61757,1375.1
"05/20/2010 15:05:00","EDT","CENTRL",61754,1937.3
"05/20/2010 15:05:00","EDT","DUNWOD",61760,795.3
"05/20/2010 15:05:00","EDT","GENESE",61753,1301.6
"05/20/2010 15:05:00","EDT","HUD VL",61758,1311.7
"05/20/2010 15:05:00","EDT","LONGIL",61762,2757
"05/20/2010 15:05:00","EDT","MHK VL",61756,952.2
"05/20/2010 15:05:00","EDT","MILLWD",61759,313.1
"05/20/2010 15:05:00","EDT","N.Y.C.",61761,7089
"05/20/2010 15:05:00","EDT","NORTH",61755,468.3
"05/20/2010 15:05:00","EDT","WEST",61752,1840.6
"05/20/2010 15:10:00","EDT","CAPITL",61757,1365.7
"05/20/2010 15:10:00","EDT","CENTRL",61754,1938.8
"05/20/2010 15:10:00","EDT","DUNWOD",61760,801
"05/20/2010 15:10:00","EDT","GENESE",61753,1301.8
"05/20/2010 15:10:00","EDT","HUD VL",61758,1320.9
"05/20/2010 15:10:00","EDT","LONGIL",61762,2773.7
"05/20/2010 15:10:00","EDT","MHK VL",61756,961.8
"05/20/2010 15:10:00","EDT","MILLWD",61759,306.8
"05/20/2010 15:10:00","EDT","N.Y.C.",61761,7084.9
"05/20/2010 15:10:00","EDT","NORTH",61755,466.4
"05/20/2010 15:10:00","EDT","WEST",61752,1854.8
"05/20/2010 15:15:00","EDT","CAPITL",61757,1382.4
"05/20/2010 15:15:00","EDT","CENTRL",61754,1929
"05/20/2010 15:15:00","EDT","DUNWOD",61760,786.1
"05/20/2010 15:15:00","EDT","GENESE",61753,1303.6
"05/20/2010 15:15:00","EDT","HUD VL",61758,1330.5
"05/20/2010 15:15:00","EDT","LONGIL",61762,2782.3
"05/20/2010 15:15:00","EDT","MHK VL",61756,953.3
"05/20/2010 15:15:00","EDT","MILLWD",61759,301.9
"05/20/2010 15:15:00","EDT","N.Y.C.",61761,7129.2
"05/20/2010 15:15:00","EDT","NORTH",61755,475.6
"05/20/2010 15:15:00","EDT","WEST",61752,1852.5
"05/20/2010 15:20:00","EDT","CAPITL",61757,1385.4
"05/20/2010 15:20:00","EDT","CENTRL",61754,1939.3
"05/20/2010 15:20:00","EDT","DUNWOD",61760,786.9
"05/20/2010 15:20:00","EDT","GENESE",61753,1305.5
"05/20/2010 15:20:00","EDT","HUD VL",61758,1313.8
"05/20/2010 15:20:00","EDT","LONGIL",61762,2791.8
"05/20/2010 15:20:00","EDT","MHK VL",61756,952.1
"05/20/2010 15:20:00","EDT","MILLWD",61759,325.9
"05/20/2010 15:20:00","EDT","N.Y.C.",61761,7108.1
"05/20/2010 15:20:00","EDT","NORTH",61755,460
"05/20/2010 15:20:00","EDT","WEST",61752,1818.8
"05/20/2010 15:25:00","EDT","CAPITL",61757,1373.2
"05/20/2010 15:25:00","EDT","CENTRL",61754,1948.7
"05/20/2010 15:25:00","EDT","DUNWOD",61760,767.6
"05/20/2010 15:25:00","EDT","GENESE",61753,1300.5
"05/20/2010 15:25:00","EDT","HUD VL",61758,1323.1
"05/20/2010 15:25:00","EDT","LONGIL",61762,2787.1
"05/20/2010 15:25:00","EDT","MHK VL",61756,957
"05/20/2010 15:25:00","EDT","MILLWD",61759,327.3
"05/20/2010 15:25:00","EDT","N.Y.C.",61761,7171
"05/20/2010 15:25:00","EDT","NORTH",61755,465.4
"05/20/2010 15:25:00","EDT","WEST",61752,1834.3
"05/20/2010 15:30:00","EDT","CAPITL",61757,1358.9
"05/20/2010 15:30:00","EDT","CENTRL",61754,1943.4
"05/20/2010 15:30:00","EDT","DUNWOD",61760,775.9
"05/20/2010 15:30:00","EDT","GENESE",61753,1295.1
"05/20/2010 15:30:00","EDT","HUD VL",61758,1328.6
"05/20/2010 15:30:00","EDT","LONGIL",61762,2791.1
"05/20/2010 15:30:00","EDT","MHK VL",61756,954.7
"05/20/2010 15:30:00","EDT","MILLWD",61759,313.9
"05/20/2010 15:30:00","EDT","N.Y.C.",61761,7140.7
"05/20/2010 15:30:00","EDT","NORTH",61755,468.7
"05/20/2010 15:30:00","EDT","WEST",61752,1861.5
"05/20/2010 15:35:00","EDT","CAPITL",61757,1371.5
"05/20/2010 15:35:00","EDT","CENTRL",61754,1922.9
"05/20/2010 15:35:00","EDT","DUNWOD",61760,791.2
"05/20/2010 15:35:00","EDT","GENESE",61753,1300.3
"05/20/2010 15:35:00","EDT","HUD VL",61758,1312.3
"05/20/2010 15:35:00","EDT","LONGIL",61762,2793.7
"05/20/2010 15:35:00","EDT","MHK VL",61756,954.9
"05/20/2010 15:35:00","EDT","MILLWD",61759,329.2
"05/20/2010 15:35:00","EDT","N.Y.C.",61761,7146.8
"05/20/2010 15:35:00","EDT","NORTH",61755,457.9
"05/20/2010 15:35:00","EDT","WEST",61752,1835.8
"05/20/2010 15:40:00","EDT","CAPITL",61757,1384.3
"05/20/2010 15:40:00","EDT","CENTRL",61754,1926.9
"05/20/2010 15:40:00","EDT","DUNWOD",61760,753.5
"05/20/2010 15:40:00","EDT","GENESE",61753,1296.8
"05/20/2010 15:40:00","EDT","HUD VL",61758,1306.3
"05/20/2010 15:40:00","EDT","LONGIL",61762,2811.5
"05/20/2010 15:40:00","EDT","MHK VL",61756,947.5
"05/20/2010 15:40:00","EDT","MILLWD",61759,354.9
"05/20/2010 15:40:00","EDT","N.Y.C.",61761,7203
"05/20/2010 15:40:00","EDT","NORTH",61755,460
"05/20/2010 15:40:00","EDT","WEST",61752,1833.5
"05/20/2010 15:45:00","EDT","CAPITL",61757,1374.4
"05/20/2010 15:45:00","EDT","CENTRL",61754,1924.6
"05/20/2010 15:45:00","EDT","DUNWOD",61760,785.1
"05/20/2010 15:45:00","EDT","GENESE",61753,1293.3
"05/20/2010 15:45:00","EDT","HUD VL",61758,1315.2
"05/20/2010 15:45:00","EDT","LONGIL",61762,2798.4
"05/20/2010 15:45:00","EDT","MHK VL",61756,951.8
"05/20/2010 15:45:00","EDT","MILLWD",61759,335.4
"05/20/2010 15:45:00","EDT","N.Y.C.",61761,7201.5
"05/20/2010 15:45:00","EDT","NORTH",61755,463.7
"05/20/2010 15:45:00","EDT","WEST",61752,1844.1
"05/20/2010 15:47:17","EDT","CAPITL",61757,1369.9
"05/20/2010 15:47:17","EDT","CENTRL",61754,1926.3
"05/20/2010 15:47:17","EDT","DUNWOD",61760,799.4
"05/20/2010 15:47:17","EDT","GENESE",61753,1298.5
"05/20/2010 15:47:17","EDT","HUD VL",61758,1296.9
"05/20/2010 15:47:17","EDT","LONGIL",61762,2828.5
"05/20/2010 15:47:17","EDT","MHK VL",61756,956.2
"05/20/2010 15:47:17","EDT","MILLWD",61759,329.1
"05/20/2010 15:47:17","EDT","N.Y.C.",61761,7145.3
"05/20/2010 15:47:17","EDT","NORTH",61755,472
"05/20/2010 15:47:17","EDT","WEST",61752,1865.3
"05/20/2010 15:49:29","EDT","CAPITL",61757,1369.3
"05/20/2010 15:49:29","EDT","CENTRL",61754,1930.4
"05/20/2010 15:49:29","EDT","DUNWOD",61760,796.1
"05/20/2010 15:49:29","EDT","GENESE",61753,1300.2
"05/20/2010 15:49:29","EDT","HUD VL",61758,1301.8
"05/20/2010 15:49:29","EDT","LONGIL",61762,2807.9
"05/20/2010 15:49:29","EDT","MHK VL",61756,956.2
"05/20/2010 15:49:29","EDT","MILLWD",61759,329
"05/20/2010 15:49:29","EDT","N.Y.C.",61761,7176.3
"05/20/2010 15:49:29","EDT","NORTH",61755,468.3
"05/20/2010 15:49:29","EDT","WEST",61752,1849.9
"05/20/2010 15:55:00","EDT","CAPITL",61757,1368.6
"05/20/2010 15:55:00","EDT","CENTRL",61754,1938.2
"05/20/2010 15:55:00","EDT","DUNWOD",61760,802.9
"05/20/2010 15:55:00","EDT","GENESE",61753,1291.7
"05/20/2010 15:55:00","EDT","HUD VL",61758,1315.7
"05/20/2010 15:55:00","EDT","LONGIL",61762,2824.5
"05/20/2010 15:55:00","EDT","MHK VL",61756,951.7
"05/20/2010 15:55:00","EDT","MILLWD",61759,320.4
"05/20/2010 15:55:00","EDT","N.Y.C.",61761,7183
"05/20/2010 15:55:00","EDT","NORTH",61755,463.5
"05/20/2010 15:55:00","EDT","WEST",61752,1852.1
"05/20/2010 16:00:00","EDT","CAPITL",61757,1369
"05/20/2010 16:00:00","EDT","CENTRL",61754,1921.9
"05/20/2010 16:00:00","EDT","DUNWOD",61760,818.1
"05/20/2010 16:00:00","EDT","GENESE",61753,1303
"05/20/2010 16:00:00","EDT","HUD VL",61758,1330.7
"05/20/2010 16:00:00","EDT","LONGIL",61762,2825.5
"05/20/2010 16:00:00","EDT","MHK VL",61756,960.5
"05/20/2010 16:00:00","EDT","MILLWD",61759,322.6
"05/20/2010 16:00:00","EDT","N.Y.C.",61761,7200.4
"05/20/2010 16:00:00","EDT","NORTH",61755,463.9
"05/20/2010 16:00:00","EDT","WEST",61752,1853.7
"05/20/2010 16:05:00","EDT","CAPITL",61757,1391.4
"05/20/2010 16:05:00","EDT","CENTRL",61754,1921.7
"05/20/2010 16:05:00","EDT","DUNWOD",61760,800.7
"05/20/2010 16:05:00","EDT","GENESE",61753,1302.3
"05/20/2010 16:05:00","EDT","HUD VL",61758,1333.9
"05/20/2010 16:05:00","EDT","LONGIL",61762,2813.7
"05/20/2010 16:05:00","EDT","MHK VL",61756,957.5
"05/20/2010 16:05:00","EDT","MILLWD",61759,339.5
"05/20/2010 16:05:00","EDT","N.Y.C.",61761,7205.8
"05/20/2010 16:05:00","EDT","NORTH",61755,470.1
"05/20/2010 16:05:00","EDT","WEST",61752,1856.2
"05/20/2010 16:10:00","EDT","CAPITL",61757,1391.7
"05/20/2010 16:10:00","EDT","CENTRL",61754,1919.2
"05/20/2010 16:10:00","EDT","DUNWOD",61760,806.3
"05/20/2010 16:10:00","EDT","GENESE",61753,1300.9
"05/20/2010 16:10:00","EDT","HUD VL",61758,1329.2
"05/20/2010 16:10:00","EDT","LONGIL",61762,2802.1
"05/20/2010 16:10:00","EDT","MHK VL",61756,956.7
"05/20/2010 16:10:00","EDT","MILLWD",61759,337.9
"05/20/2010 16:10:00","EDT","N.Y.C.",61761,7214
"05/20/2010 16:10:00","EDT","NORTH",61755,452.6
"05/20/2010 16:10:00","EDT","WEST",61752,1839.4
"05/20/2010 16:15:00","EDT","CAPITL",61757,1367.4
"05/20/2010 16:15:00","EDT","CENTRL",61754,1917.3
"05/20/2010 16:15:00","EDT","DUNWOD",61760,788.3
"05/20/2010 16:15:00","EDT","GENESE",61753,1303.8
"05/20/2010 16:15:00","EDT","HUD VL",61758,1320
"05/20/2010 16:15:00","EDT","LONGIL",61762,2851
"05/20/2010 16:15:00","EDT","MHK VL",61756,953.8
"05/20/2010 16:15:00","EDT","MILLWD",61759,358
"05/20/2010 16:15:00","EDT","N.Y.C.",61761,7219.1
"05/20/2010 16:15:00","EDT","NORTH",61755,460.7
"05/20/2010 16:15:00","EDT","WEST",61752,1843.5
"05/20/2010 16:20:00","EDT","CAPITL",61757,1382.9
"05/20/2010 16:20:00","EDT","CENTRL",61754,1918.8
"05/20/2010 16:20:00","EDT","DUNWOD",61760,799.3
"05/20/2010 16:20:00","EDT","GENESE",61753,1303.2
"05/20/2010 16:20:00","EDT","HUD VL",61758,1327.4
"05/20/2010 16:20:00","EDT","LONGIL",61762,2843.2
"05/20/2010 16:20:00","EDT","MHK VL",61756,952.6
"05/20/2010 16:20:00","EDT","MILLWD",61759,347.8
"05/20/2010 16:20:00","EDT","N.Y.C.",61761,7216
"05/20/2010 16:20:00","EDT","NORTH",61755,476.5
"05/20/2010 16:20:00","EDT","WEST",61752,1851.1
"05/20/2010 16:25:00","EDT","CAPITL",61757,1385.3
"05/20/2010 16:25:00","EDT","CENTRL",61754,1933.4
"05/20/2010 16:25:00","EDT","DUNWOD",61760,800.4
"05/20/2010 16:25:00","EDT","GENESE",61753,1300.2
"05/20/2010 16:25:00","EDT","HUD VL",61758,1322.4
"05/20/2010 16:25:00","EDT","LONGIL",61762,2860.5
"05/20/2010 16:25:00","EDT","MHK VL",61756,957.2
"05/20/2010 16:25:00","EDT","MILLWD",61759,339.9
"05/20/2010 16:25:00","EDT","N.Y.C.",61761,7239.5
"05/20/2010 16:25:00","EDT","NORTH",61755,466.5
"05/20/2010 16:25:00","EDT","WEST",61752,1840.9
"05/20/2010 16:30:00","EDT","CAPITL",61757,1405.3
"05/20/2010 16:30:00","EDT","CENTRL",61754,1918.3
"05/20/2010 16:30:00","EDT","DUNWOD",61760,806.2
"05/20/2010 16:30:00","EDT","GENESE",61753,1296.8
"05/20/2010 16:30:00","EDT","HUD VL",61758,1319.2
"05/20/2010 16:30:00","EDT","LONGIL",61762,2837.6
"05/20/2010 16:30:00","EDT","MHK VL",61756,957.9
"05/20/2010 16:30:00","EDT","MILLWD",61759,359.1
"05/20/2010 16:30:00","EDT","N.Y.C.",61761,7231.5
"05/20/2010 16:30:00","EDT","NORTH",61755,468.9
"05/20/2010 16:30:00","EDT","WEST",61752,1841.9
"05/20/2010 16:35:00","EDT","CAPITL",61757,1388.8
"05/20/2010 16:35:00","EDT","CENTRL",61754,1916.7
"05/20/2010 16:35:00","EDT","DUNWOD",61760,813
"05/20/2010 16:35:00","EDT","GENESE",61753,1300.8
"05/20/2010 16:35:00","EDT","HUD VL",61758,1319.5
"05/20/2010 16:35:00","EDT","LONGIL",61762,2851.4
"05/20/2010 16:35:00","EDT","MHK VL",61756,952.9
"05/20/2010 16:35:00","EDT","MILLWD",61759,349.3
"05/20/2010 16:35:00","EDT","N.Y.C.",61761,7242.3
"05/20/2010 16:35:00","EDT","NORTH",61755,468
"05/20/2010 16:35:00","EDT","WEST",61752,1855.7
"05/20/2010 16:40:00","EDT","CAPITL",61757,1404
"05/20/2010 16:40:00","EDT","CENTRL",61754,1916.1
"05/20/2010 16:40:00","EDT","DUNWOD",61760,795.9
"05/20/2010 16:40:00","EDT","GENESE",61753,1292.6
"05/20/2010 16:40:00","EDT","HUD VL",61758,1319.6
"05/20/2010 16:40:00","EDT","LONGIL",61762,2848.8
"05/20/2010 16:40:00","EDT","MHK VL",61756,943.8
"05/20/2010 16:40:00","EDT","MILLWD",61759,361.9
"05/20/2010 16:40:00","EDT","N.Y.C.",61761,7222.8
"05/20/2010 16:40:00","EDT","NORTH",61755,469.8
"05/20/2010 16:40:00","EDT","WEST",61752,1843.9
"05/20/2010 16:45:00","EDT","CAPITL",61757,1380.8
"05/20/2010 16:45:00","EDT","CENTRL",61754,1926.6
"05/20/2010 16:45:00","EDT","DUNWOD",61760,822.1
"05/20/2010 16:45:00","EDT","GENESE",61753,1295.2
"05/20/2010 16:45:00","EDT","HUD VL",61758,1318.8
"05/20/2010 16:45:00","EDT","LONGIL",61762,2847.2
"05/20/2010 16:45:00","EDT","MHK VL",61756,944.4
"05/20/2010 16:45:00","EDT","MILLWD",61759,333.8
"05/20/2010 16:45:00","EDT","N.Y.C.",61761,7218.9
"05/20/2010 16:45:00","EDT","NORTH",61755,471.9
"05/20/2010 16:45:00","EDT","WEST",61752,1867.3
"05/20/2010 16:50:00","EDT","CAPITL",61757,1392
"05/20/2010 16:50:00","EDT","CENTRL",61754,1933.4
"05/20/2010 16:50:00","EDT","DUNWOD",61760,800.2
"05/20/2010 16:50:00","EDT","GENESE",61753,1288.5
"05/20/2010 16:50:00","EDT","HUD VL",61758,1325.7
"05/20/2010 16:50:00","EDT","LONGIL",61762,2846.3
"05/20/2010 16:50:00","EDT","MHK VL",61756,944.1
"05/20/2010 16:50:00","EDT","MILLWD",61759,344.9
"05/20/2010 16:50:00","EDT","N.Y.C.",61761,7252.5
"05/20/2010 16:50:00","EDT","NORTH",61755,475.1
"05/20/2010 16:50:00","EDT","WEST",61752,1846.2
"05/20/2010 16:55:00","EDT","CAPITL",61757,1390.2
"05/20/2010 16:55:00","EDT","CENTRL",61754,1935.5
"05/20/2010 16:55:00","EDT","DUNWOD",61760,814.1
"05/20/2010 16:55:00","EDT","GENESE",61753,1296.1
"05/20/2010 16:55:00","EDT","HUD VL",61758,1367
"05/20/2010 16:55:00","EDT","LONGIL",61762,2846.1
"05/20/2010 16:55:00","EDT","MHK VL",61756,950.7
"05/20/2010 16:55:00","EDT","MILLWD",61759,321
"05/20/2010 16:55:00","EDT","N.Y.C.",61761,7226.1
"05/20/2010 16:55:00","EDT","NORTH",61755,455.5
"05/20/2010 16:55:00","EDT","WEST",61752,1835.7
"05/20/2010 17:00:00","EDT","CAPITL",61757,1407.7
"05/20/2010 17:00:00","EDT","CENTRL",61754,1928.3
"05/20/2010 17:00:00","EDT","DUNWOD",61760,793.9
"05/20/2010 17:00:00","EDT","GENESE",61753,1302.8
"05/20/2010 17:00:00","EDT","HUD VL",61758,1347.5
"05/20/2010 17:00:00","EDT","LONGIL",61762,2831.8
"05/20/2010 17:00:00","EDT","MHK VL",61756,942.2
"05/20/2010 17:00:00","EDT","MILLWD",61759,349.7
"05/20/2010 17:00:00","EDT","N.Y.C.",61761,7238.5
"05/20/2010 17:00:00","EDT","NORTH",61755,473
"05/20/2010 17:00:00","EDT","WEST",61752,1857.9
"05/20/2010 17:05:00","EDT","CAPITL",61757,1385.1
"05/20/2010 17:05:00","EDT","CENTRL",61754,1923.4
"05/20/2010 17:05:00","EDT","DUNWOD",61760,806.8
"05/20/2010 17:05:00","EDT","GENESE",61753,1300.3
"05/20/2010 17:05:00","EDT","HUD VL",61758,1345.6
"05/20/2010 17:05:00","EDT","LONGIL",61762,2836.9
"05/20/2010 17:05:00","EDT","MHK VL",61756,951.9
"05/20/2010 17:05:00","EDT","MILLWD",61759,339.7
"05/20/2010 17:05:00","EDT","N.Y.C.",61761,7209.7
"05/20/2010 17:05:00","EDT","NORTH",61755,466.1
"05/20/2010 17:05:00","EDT","WEST",61752,1820.5
"05/20/2010 17:10:00","EDT","CAPITL",61757,1366.5
"05/20/2010 17:10:00","EDT","CENTRL",61754,1908.2
"05/20/2010 17:10:00","EDT","DUNWOD",61760,788.3
"05/20/2010 17:10:00","EDT","GENESE",61753,1297
"05/20/2010 17:10:00","EDT","HUD VL",61758,1320.7
"05/20/2010 17:10:00","EDT","LONGIL",61762,2817.9
"05/20/2010 17:10:00","EDT","MHK VL",61756,947.3
"05/20/2010 17:10:00","EDT","MILLWD",61759,343.6
"05/20/2010 17:10:00","EDT","N.Y.C.",61761,7229.9
"05/20/2010 17:10:00","EDT","NORTH",61755,477.6
"05/20/2010 17:10:00","EDT","WEST",61752,1863.9
"05/20/2010 17:15:00","EDT","CAPITL",61757,1397.2
"05/20/2010 17:15:00","EDT","CENTRL",61754,1910.9
"05/20/2010 17:15:00","EDT","DUNWOD",61760,816.2
"05/20/2010 17:15:00","EDT","GENESE",61753,1286.7
"05/20/2010 17:15:00","EDT","HUD VL",61758,1325.5
"05/20/2010 17:15:00","EDT","LONGIL",61762,2822.7
"05/20/2010 17:15:00","EDT","MHK VL",61756,959.3
"05/20/2010 17:15:00","EDT","MILLWD",61759,353
"05/20/2010 17:15:00","EDT","N.Y.C.",61761,7158.5
"05/20/2010 17:15:00","EDT","NORTH",61755,461.9
"05/20/2010 17:15:00","EDT","WEST",61752,1805.5
"05/20/2010 17:20:00","EDT","CAPITL",61757,1396
"05/20/2010 17:20:00","EDT","CENTRL",61754,1910.1
"05/20/2010 17:20:00","EDT","DUNWOD",61760,803.2
"05/20/2010 17:20:00","EDT","GENESE",61753,1289.2
"05/20/2010 17:20:00","EDT","HUD VL",61758,1337.6
"05/20/2010 17:20:00","EDT","LONGIL",61762,2815.1
"05/20/2010 17:20:00","EDT","MHK VL",61756,952.1
"05/20/2010 17:20:00","EDT","MILLWD",61759,349.2
"05/20/2010 17:20:00","EDT","N.Y.C.",61761,7199.2
"05/20/2010 17:20:00","EDT","NORTH",61755,456.3
"05/20/2010 17:20:00","EDT","WEST",61752,1812.7
"05/20/2010 17:25:00","EDT","CAPITL",61757,1381.5
"05/20/2010 17:25:00","EDT","CENTRL",61754,1898
"05/20/2010 17:25:00","EDT","DUNWOD",61760,821.3
"05/20/2010 17:25:00","EDT","GENESE",61753,1285.1
"05/20/2010 17:25:00","EDT","HUD VL",61758,1352.7
"05/20/2010 17:25:00","EDT","LONGIL",61762,2824.5
"05/20/2010 17:25:00","EDT","MHK VL",61756,956.7
"05/20/2010 17:25:00","EDT","MILLWD",61759,346.4
"05/20/2010 17:25:00","EDT","N.Y.C.",61761,7167.5
"05/20/2010 17:25:00","EDT","NORTH",61755,464.9
"05/20/2010 17:25:00","EDT","WEST",61752,1809.2
"05/20/2010 17:30:00","EDT","CAPITL",61757,1393.7
"05/20/2010 17:30:00","EDT","CENTRL",61754,1889.3
"05/20/2010 17:30:00","EDT","DUNWOD",61760,793.5
"05/20/2010 17:30:00","EDT","GENESE",61753,1289.2
"05/20/2010 17:30:00","EDT","HUD VL",61758,1341.2
"05/20/2010 17:30:00","EDT","LONGIL",61762,2848.8
"05/20/2010 17:30:00","EDT","MHK VL",61756,954.1
"05/20/2010 17:30:00","EDT","MILLWD",61759,351.8
"05/20/2010 17:30:00","EDT","N.Y.C.",61761,7176.1
"05/20/2010 17:30:00","EDT","NORTH",61755,465.2
"05/20/2010 17:30:00","EDT","WEST",61752,1801.3
"05/20/2010 17:35:00","EDT","CAPITL",61757,1397.8
"05/20/2010 17:35:00","EDT","CENTRL",61754,1900.1
"05/20/2010 17:35:00","EDT","DUNWOD",61760,801
"05/20/2010 17:35:00","EDT","GENESE",61753,1284.5
"05/20/2010 17:35:00","EDT","HUD VL",61758,1338.2
"05/20/2010 17:35:00","EDT","LONGIL",61762,2833.6
"05/20/2010 17:35:00","EDT","MHK VL",61756,957
"05/20/2010 17:35:00","EDT","MILLWD",61759,350.3
"05/20/2010 17:35:00","EDT","N.Y.C.",61761,7158
"05/20/2010 17:35:00","EDT","NORTH",61755,466.5
"05/20/2010 17:35:00","EDT","WEST",61752,1795.7
"05/20/2010 17:40:00","EDT","CAPITL",61757,1409.5
"05/20/2010 17:40:00","EDT","CENTRL",61754,1906.7
"05/20/2010 17:40:00","EDT","DUNWOD",61760,795.8
"05/20/2010 17:40:00","EDT","GENESE",61753,1280.2
"05/20/2010 17:40:00","EDT","HUD VL",61758,1330.5
"05/20/2010 17:40:00","EDT","LONGIL",61762,2834.7
"05/20/2010 17:40:00","EDT","MHK VL",61756,950.8
"05/20/2010 17:40:00","EDT","MILLWD",61759,375.1
"05/20/2010 17:40:00","EDT","N.Y.C.",61761,7172.4
"05/20/2010 17:40:00","EDT","NORTH",61755,459.1
"05/20/2010 17:40:00","EDT","WEST",61752,1798.7
"05/20/2010 17:45:00","EDT","CAPITL",61757,1400.6
"05/20/2010 17:45:00","EDT","CENTRL",61754,1888.8
"05/20/2010 17:45:00","EDT","DUNWOD",61760,805
"05/20/2010 17:45:00","EDT","GENESE",61753,1290.7
"05/20/2010 17:45:00","EDT","HUD VL",61758,1324.9
"05/20/2010 17:45:00","EDT","LONGIL",61762,2836.9
"05/20/2010 17:45:00","EDT","MHK VL",61756,939.7
"05/20/2010 17:45:00","EDT","MILLWD",61759,353.8
"05/20/2010 17:45:00","EDT","N.Y.C.",61761,7129.1
"05/20/2010 17:45:00","EDT","NORTH",61755,460.6
"05/20/2010 17:45:00","EDT","WEST",61752,1798.1
"05/20/2010 17:50:00","EDT","CAPITL",61757,1403.8
"05/20/2010 17:50:00","EDT","CENTRL",61754,1895.5
"05/20/2010 17:50:00","EDT","DUNWOD",61760,798.8
"05/20/2010 17:50:00","EDT","GENESE",61753,1283.4
"05/20/2010 17:50:00","EDT","HUD VL",61758,1348.8
"05/20/2010 17:50:00","EDT","LONGIL",61762,2810.1
"05/20/2010 17:50:00","EDT","MHK VL",61756,950.6
"05/20/2010 17:50:00","EDT","MILLWD",61759,355.8
"05/20/2010 17:50:00","EDT","N.Y.C.",61761,7132
"05/20/2010 17:50:00","EDT","NORTH",61755,462.5
"05/20/2010 17:50:00","EDT","WEST",61752,1811.5
"05/20/2010 17:55:00","EDT","CAPITL",61757,1401.6
"05/20/2010 17:55:00","EDT","CENTRL",61754,1897.5
"05/20/2010 17:55:00","EDT","DUNWOD",61760,801.1
"05/20/2010 17:55:00","EDT","GENESE",61753,1276.6
"05/20/2010 17:55:00","EDT","HUD VL",61758,1332.2
"05/20/2010 17:55:00","EDT","LONGIL",61762,2832.8
"05/20/2010 17:55:00","EDT","MHK VL",61756,950.9
"05/20/2010 17:55:00","EDT","MILLWD",61759,348.6
"05/20/2010 17:55:00","EDT","N.Y.C.",61761,7124.8
"05/20/2010 17:55:00","EDT","NORTH",61755,455.3
"05/20/2010 17:55:00","EDT","WEST",61752,1799.7
"05/20/2010 18:00:00","EDT","CAPITL",61757,1405
"05/20/2010 18:00:00","EDT","CENTRL",61754,1888.5
"05/20/2010 18:00:00","EDT","DUNWOD",61760,793.3
"05/20/2010 18:00:00","EDT","GENESE",61753,1278.6
"05/20/2010 18:00:00","EDT","HUD VL",61758,1328.5
"05/20/2010 18:00:00","EDT","LONGIL",61762,2805.9
"05/20/2010 18:00:00","EDT","MHK VL",61756,942.5
"05/20/2010 18:00:00","EDT","MILLWD",61759,362.8
"05/20/2010 18:00:00","EDT","N.Y.C.",61761,7058.3
"05/20/2010 18:00:00","EDT","NORTH",61755,470.3
"05/20/2010 18:00:00","EDT","WEST",61752,1783.8
"05/20/2010 18:05:00","EDT","CAPITL",61757,1389.7
"05/20/2010 18:05:00","EDT","CENTRL",61754,1891.4
"05/20/2010 18:05:00","EDT","DUNWOD",61760,785.2
"05/20/2010 18:05:00","EDT","GENESE",61753,1277.1
"05/20/2010 18:05:00","EDT","HUD VL",61758,1333
"05/20/2010 18:05:00","EDT","LONGIL",61762,2809.6
"05/20/2010 18:05:00","EDT","MHK VL",61756,942
"05/20/2010 18:05:00","EDT","MILLWD",61759,349.4
"05/20/2010 18:05:00","EDT","N.Y.C.",61761,7033.8
"05/20/2010 18:05:00","EDT","NORTH",61755,477.9
"05/20/2010 18:05:00","EDT","WEST",61752,1789.4
"05/20/2010 18:10:00","EDT","CAPITL",61757,1397.4
"05/20/2010 18:10:00","EDT","CENTRL",61754,1880.1
"05/20/2010 18:10:00","EDT","DUNWOD",61760,764.8
"05/20/2010 18:10:00","EDT","GENESE",61753,1273.3
"05/20/2010 18:10:00","EDT","HUD VL",61758,1312.2
"05/20/2010 18:10:00","EDT","LONGIL",61762,2793.9
"05/20/2010 18:10:00","EDT","MHK VL",61756,930.7
"05/20/2010 18:10:00","EDT","MILLWD",61759,373.6
"05/20/2010 18:10:00","EDT","N.Y.C.",61761,6953.7
"05/20/2010 18:10:00","EDT","NORTH",61755,472.5
"05/20/2010 18:10:00","EDT","WEST",61752,1779.9
"05/20/2010 18:15:00","EDT","CAPITL",61757,1377.1
"05/20/2010 18:15:00","EDT","CENTRL",61754,1885.3
"05/20/2010 18:15:00","EDT","DUNWOD",61760,806.2
"05/20/2010 18:15:00","EDT","GENESE",61753,1266.2
"05/20/2010 18:15:00","EDT","HUD VL",61758,1339.6
"05/20/2010 18:15:00","EDT","LONGIL",61762,2793.3
"05/20/2010 18:15:00","EDT","MHK VL",61756,934.4
"05/20/2010 18:15:00","EDT","MILLWD",61759,341.4
"05/20/2010 18:15:00","EDT","N.Y.C.",61761,6861.7
"05/20/2010 18:15:00","EDT","NORTH",61755,462.9
"05/20/2010 18:15:00","EDT","WEST",61752,1787.3
"05/20/2010 18:20:00","EDT","CAPITL",61757,1369.3
"05/20/2010 18:20:00","EDT","CENTRL",61754,1880.4
"05/20/2010 18:20:00","EDT","DUNWOD",61760,789.4
"05/20/2010 18:20:00","EDT","GENESE",61753,1261
"05/20/2010 18:20:00","EDT","HUD VL",61758,1322.9
"05/20/2010 18:20:00","EDT","LONGIL",61762,2785.1
"05/20/2010 18:20:00","EDT","MHK VL",61756,925.8
"05/20/2010 18:20:00","EDT","MILLWD",61759,346.1
"05/20/2010 18:20:00","EDT","N.Y.C.",61761,6817.3
"05/20/2010 18:20:00","EDT","NORTH",61755,465.7
"05/20/2010 18:20:00","EDT","WEST",61752,1782.8
"05/20/2010 18:25:00","EDT","CAPITL",61757,1368.6
"05/20/2010 18:25:00","EDT","CENTRL",61754,1872.1
"05/20/2010 18:25:00","EDT","DUNWOD",61760,786.7
"05/20/2010 18:25:00","EDT","GENESE",61753,1260.8
"05/20/2010 18:25:00","EDT","HUD VL",61758,1330.7
"05/20/2010 18:25:00","EDT","LONGIL",61762,2781.1
"05/20/2010 18:25:00","EDT","MHK VL",61756,927.6
"05/20/2010 18:25:00","EDT","MILLWD",61759,358
"05/20/2010 18:25:00","EDT","N.Y.C.",61761,6844.5
"05/20/2010 18:25:00","EDT","NORTH",61755,464.4
"05/20/2010 18:25:00","EDT","WEST",61752,1792.3
"05/20/2010 18:30:00","EDT","CAPITL",61757,1378.6
"05/20/2010 18:30:00","EDT","CENTRL",61754,1882.2
"05/20/2010 18:30:00","EDT","DUNWOD",61760,782.5
"05/20/2010 18:30:00","EDT","GENESE",61753,1248.2
"05/20/2010 18:30:00","EDT","HUD VL",61758,1332
"05/20/2010 18:30:00","EDT","LONGIL",61762,2783.8
"05/20/2010 18:30:00","EDT","MHK VL",61756,915.5
"05/20/2010 18:30:00","EDT","MILLWD",61759,340.6
"05/20/2010 18:30:00","EDT","N.Y.C.",61761,6813.4
"05/20/2010 18:30:00","EDT","NORTH",61755,460.1
"05/20/2010 18:30:00","EDT","WEST",61752,1766.2
"05/20/2010 18:35:00","EDT","CAPITL",61757,1363.7
"05/20/2010 18:35:00","EDT","CENTRL",61754,1871.8
"05/20/2010 18:35:00","EDT","DUNWOD",61760,769.6
"05/20/2010 18:35:00","EDT","GENESE",61753,1255.4
"05/20/2010 18:35:00","EDT","HUD VL",61758,1342
"05/20/2010 18:35:00","EDT","LONGIL",61762,2765.2
"05/20/2010 18:35:00","EDT","MHK VL",61756,924.8
"05/20/2010 18:35:00","EDT","MILLWD",61759,351.3
"05/20/2010 18:35:00","EDT","N.Y.C.",61761,6776.8
"05/20/2010 18:35:00","EDT","NORTH",61755,457.4
"05/20/2010 18:35:00","EDT","WEST",61752,1759.8
"05/20/2010 18:40:00","EDT","CAPITL",61757,1359.2
"05/20/2010 18:40:00","EDT","CENTRL",61754,1880.9
"05/20/2010 18:40:00","EDT","DUNWOD",61760,766.9
"05/20/2010 18:40:00","EDT","GENESE",61753,1256.6
"05/20/2010 18:40:00","EDT","HUD VL",61758,1335.3
"05/20/2010 18:40:00","EDT","LONGIL",61762,2752.7
"05/20/2010 18:40:00","EDT","MHK VL",61756,923.6
"05/20/2010 18:40:00","EDT","MILLWD",61759,342
"05/20/2010 18:40:00","EDT","N.Y.C.",61761,6808.3
"05/20/2010 18:40:00","EDT","NORTH",61755,461.8
"05/20/2010 18:40:00","EDT","WEST",61752,1758.4
"05/20/2010 18:45:00","EDT","CAPITL",61757,1370.5
"05/20/2010 18:45:00","EDT","CENTRL",61754,1883.6
"05/20/2010 18:45:00","EDT","DUNWOD",61760,787
"05/20/2010 18:45:00","EDT","GENESE",61753,1246.7
"05/20/2010 18:45:00","EDT","HUD VL",61758,1330.1
"05/20/2010 18:45:00","EDT","LONGIL",61762,2740.7
"05/20/2010 18:45:00","EDT","MHK VL",61756,921.3
"05/20/2010 18:45:00","EDT","MILLWD",61759,350.3
"05/20/2010 18:45:00","EDT","N.Y.C.",61761,6777.1
"05/20/2010 18:45:00","EDT","NORTH",61755,458.2
"05/20/2010 18:45:00","EDT","WEST",61752,1758.3
"05/20/2010 18:50:00","EDT","CAPITL",61757,1381.2
"05/20/2010 18:50:00","EDT","CENTRL",61754,1874.9
"05/20/2010 18:50:00","EDT","DUNWOD",61760,764.9
"05/20/2010 18:50:00","EDT","GENESE",61753,1243.7
"05/20/2010 18:50:00","EDT","HUD VL",61758,1311.7
"05/20/2010 18:50:00","EDT","LONGIL",61762,2771.2
"05/20/2010 18:50:00","EDT","MHK VL",61756,933.4
"05/20/2010 18:50:00","EDT","MILLWD",61759,354.6
"05/20/2010 18:50:00","EDT","N.Y.C.",61761,6741.4
"05/20/2010 18:50:00","EDT","NORTH",61755,460.5
"05/20/2010 18:50:00","EDT","WEST",61752,1766.3
"05/20/2010 18:55:00","EDT","CAPITL",61757,1373.6
"05/20/2010 18:55:00","EDT","CENTRL",61754,1864.5
"05/20/2010 18:55:00","EDT","DUNWOD",61760,765.2
"05/20/2010 18:55:00","EDT","GENESE",61753,1251.2
"05/20/2010 18:55:00","EDT","HUD VL",61758,1307.3
"05/20/2010 18:55:00","EDT","LONGIL",61762,2749.6
"05/20/2010 18:55:00","EDT","MHK VL",61756,928.8
"05/20/2010 18:55:00","EDT","MILLWD",61759,341.4
"05/20/2010 18:55:00","EDT","N.Y.C.",61761,6715.8
"05/20/2010 18:55:00","EDT","NORTH",61755,473
"05/20/2010 18:55:00","EDT","WEST",61752,1768.6
"05/20/2010 19:00:00","EDT","CAPITL",61757,1373.3
"05/20/2010 19:00:00","EDT","CENTRL",61754,1875.3
"05/20/2010 19:00:00","EDT","DUNWOD",61760,777.4
"05/20/2010 19:00:00","EDT","GENESE",61753,1242.5
"05/20/2010 19:00:00","EDT","HUD VL",61758,1296.4
"05/20/2010 19:00:00","EDT","LONGIL",61762,2742.3
"05/20/2010 19:00:00","EDT","MHK VL",61756,927.2
"05/20/2010 19:00:00","EDT","MILLWD",61759,345.5
"05/20/2010 19:00:00","EDT","N.Y.C.",61761,6687
"05/20/2010 19:00:00","EDT","NORTH",61755,464.8
"05/20/2010 19:00:00","EDT","WEST",61752,1750.1
"05/20/2010 19:05:00","EDT","CAPITL",61757,1359.3
"05/20/2010 19:05:00","EDT","CENTRL",61754,1853.1
"05/20/2010 19:05:00","EDT","DUNWOD",61760,781.8
"05/20/2010 19:05:00","EDT","GENESE",61753,1249.3
"05/20/2010 19:05:00","EDT","HUD VL",61758,1297.1
"05/20/2010 19:05:00","EDT","LONGIL",61762,2731.4
"05/20/2010 19:05:00","EDT","MHK VL",61756,935.1
"05/20/2010 19:05:00","EDT","MILLWD",61759,355.5
"05/20/2010 19:05:00","EDT","N.Y.C.",61761,6648.9
"05/20/2010 19:05:00","EDT","NORTH",61755,452.2
"05/20/2010 19:05:00","EDT","WEST",61752,1766.2
"05/20/2010 19:10:00","EDT","CAPITL",61757,1362.4
"05/20/2010 19:10:00","EDT","CENTRL",61754,1862.9
"05/20/2010 19:10:00","EDT","DUNWOD",61760,788
"05/20/2010 19:10:00","EDT","GENESE",61753,1245.4
"05/20/2010 19:10:00","EDT","HUD VL",61758,1313.2
"05/20/2010 19:10:00","EDT","LONGIL",61762,2720.6
"05/20/2010 19:10:00","EDT","MHK VL",61756,934.9
"05/20/2010 19:10:00","EDT","MILLWD",61759,317.8
"05/20/2010 19:10:00","EDT","N.Y.C.",61761,6601.1
"05/20/2010 19:10:00","EDT","NORTH",61755,459.5
"05/20/2010 19:10:00","EDT","WEST",61752,1744.7
"05/20/2010 19:15:00","EDT","CAPITL",61757,1367.6
"05/20/2010 19:15:00","EDT","CENTRL",61754,1864.5
"05/20/2010 19:15:00","EDT","DUNWOD",61760,783.9
"05/20/2010 19:15:00","EDT","GENESE",61753,1238.1
"05/20/2010 19:15:00","EDT","HUD VL",61758,1302.3
"05/20/2010 19:15:00","EDT","LONGIL",61762,2695.1
"05/20/2010 19:15:00","EDT","MHK VL",61756,936
"05/20/2010 19:15:00","EDT","MILLWD",61759,311.2
"05/20/2010 19:15:00","EDT","N.Y.C.",61761,6658.5
"05/20/2010 19:15:00","EDT","NORTH",61755,462.9
"05/20/2010 19:15:00","EDT","WEST",61752,1754.1
"05/20/2010 19:20:00","EDT","CAPITL",61757,1372.2
"05/20/2010 19:20:00","EDT","CENTRL",61754,1854.9
"05/20/2010 19:20:00","EDT","DUNWOD",61760,750.4
"05/20/2010 19:20:00","EDT","GENESE",61753,1236.7
"05/20/2010 19:20:00","EDT","HUD VL",61758,1294.5
"05/20/2010 19:20:00","EDT","LONGIL",61762,2700.5
"05/20/2010 19:20:00","EDT","MHK VL",61756,938.5
"05/20/2010 19:20:00","EDT","MILLWD",61759,348.7
"05/20/2010 19:20:00","EDT","N.Y.C.",61761,6610.5
"05/20/2010 19:20:00","EDT","NORTH",61755,464.9
"05/20/2010 19:20:00","EDT","WEST",61752,1721.5
"05/20/2010 19:25:00","EDT","CAPITL",61757,1359.3
"05/20/2010 19:25:00","EDT","CENTRL",61754,1864.5
"05/20/2010 19:25:00","EDT","DUNWOD",61760,750.7
"05/20/2010 19:25:00","EDT","GENESE",61753,1233.5
"05/20/2010 19:25:00","EDT","HUD VL",61758,1299.5
"05/20/2010 19:25:00","EDT","LONGIL",61762,2700
"05/20/2010 19:25:00","EDT","MHK VL",61756,922.1
"05/20/2010 19:25:00","EDT","MILLWD",61759,356.5
"05/20/2010 19:25:00","EDT","N.Y.C.",61761,6605.4
"05/20/2010 19:25:00","EDT","NORTH",61755,466.2
"05/20/2010 19:25:00","EDT","WEST",61752,1723.6
"05/20/2010 19:30:00","EDT","CAPITL",61757,1367.1
"05/20/2010 19:30:00","EDT","CENTRL",61754,1866.4
"05/20/2010 19:30:00","EDT","DUNWOD",61760,757.9
"05/20/2010 19:30:00","EDT","GENESE",61753,1236.7
"05/20/2010 19:30:00","EDT","HUD VL",61758,1288.5
"05/20/2010 19:30:00","EDT","LONGIL",61762,2690.3
"05/20/2010 19:30:00","EDT","MHK VL",61756,930.5
"05/20/2010 19:30:00","EDT","MILLWD",61759,350.7
"05/20/2010 19:30:00","EDT","N.Y.C.",61761,6585.8
"05/20/2010 19:30:00","EDT","NORTH",61755,464.8
"05/20/2010 19:30:00","EDT","WEST",61752,1705
"05/20/2010 19:35:00","EDT","CAPITL",61757,1369.6
"05/20/2010 19:35:00","EDT","CENTRL",61754,1851.7
"05/20/2010 19:35:00","EDT","DUNWOD",61760,769.6
"05/20/2010 19:35:00","EDT","GENESE",61753,1233.3
"05/20/2010 19:35:00","EDT","HUD VL",61758,1287.7
"05/20/2010 19:35:00","EDT","LONGIL",61762,2694
"05/20/2010 19:35:00","EDT","MHK VL",61756,937.9
"05/20/2010 19:35:00","EDT","MILLWD",61759,339.9
"05/20/2010 19:35:00","EDT","N.Y.C.",61761,6569.5
"05/20/2010 19:35:00","EDT","NORTH",61755,458.3
"05/20/2010 19:35:00","EDT","WEST",61752,1708.7
"05/20/2010 19:40:00","EDT","CAPITL",61757,1349.9
"05/20/2010 19:40:00","EDT","CENTRL",61754,1860.2
"05/20/2010 19:40:00","EDT","DUNWOD",61760,744.1
"05/20/2010 19:40:00","EDT","GENESE",61753,1230.6
"05/20/2010 19:40:00","EDT","HUD VL",61758,1293
"05/20/2010 19:40:00","EDT","LONGIL",61762,2697.6
"05/20/2010 19:40:00","EDT","MHK VL",61756,930.1
"05/20/2010 19:40:00","EDT","MILLWD",61759,349
"05/20/2010 19:40:00","EDT","N.Y.C.",61761,6553.5
"05/20/2010 19:40:00","EDT","NORTH",61755,466.8
"05/20/2010 19:40:00","EDT","WEST",61752,1759.6
"05/20/2010 19:45:00","EDT","CAPITL",61757,1359.7
"05/20/2010 19:45:00","EDT","CENTRL",61754,1878.8
"05/20/2010 19:45:00","EDT","DUNWOD",61760,746.4
"05/20/2010 19:45:00","EDT","GENESE",61753,1217.5
"05/20/2010 19:45:00","EDT","HUD VL",61758,1307.2
"05/20/2010 19:45:00","EDT","LONGIL",61762,2703.9
"05/20/2010 19:45:00","EDT","MHK VL",61756,941.4
"05/20/2010 19:45:00","EDT","MILLWD",61759,340.9
"05/20/2010 19:45:00","EDT","N.Y.C.",61761,6554.8
"05/20/2010 19:45:00","EDT","NORTH",61755,453.9
"05/20/2010 19:45:00","EDT","WEST",61752,1734.2
"05/20/2010 19:50:00","EDT","CAPITL",61757,1363
"05/20/2010 19:50:00","EDT","CENTRL",61754,1871.8
"05/20/2010 19:50:00","EDT","DUNWOD",61760,753.2
"05/20/2010 19:50:00","EDT","GENESE",61753,1234.2
"05/20/2010 19:50:00","EDT","HUD VL",61758,1297.3
"05/20/2010 19:50:00","EDT","LONGIL",61762,2716.1
"05/20/2010 19:50:00","EDT","MHK VL",61756,929.9
"05/20/2010 19:50:00","EDT","MILLWD",61759,334.4
"05/20/2010 19:50:00","EDT","N.Y.C.",61761,6546.5
"05/20/2010 19:50:00","EDT","NORTH",61755,463.1
"05/20/2010 19:50:00","EDT","WEST",61752,1740.6
"05/20/2010 19:55:00","EDT","CAPITL",61757,1369.5
"05/20/2010 19:55:00","EDT","CENTRL",61754,1846.2
"05/20/2010 19:55:00","EDT","DUNWOD",61760,770.1
"05/20/2010 19:55:00","EDT","GENESE",61753,1230.1
"05/20/2010 19:55:00","EDT","HUD VL",61758,1295.5
"05/20/2010 19:55:00","EDT","LONGIL",61762,2713.4
"05/20/2010 19:55:00","EDT","MHK VL",61756,941.2
"05/20/2010 19:55:00","EDT","MILLWD",61759,342
"05/20/2010 19:55:00","EDT","N.Y.C.",61761,6509.9
"05/20/2010 19:55:00","EDT","NORTH",61755,464.2
"05/20/2010 19:55:00","EDT","WEST",61752,1737.7
"05/20/2010 20:00:00","EDT","CAPITL",61757,1371
"05/20/2010 20:00:00","EDT","CENTRL",61754,1858.1
"05/20/2010 20:00:00","EDT","DUNWOD",61760,742.3
"05/20/2010 20:00:00","EDT","GENESE",61753,1225.3
"05/20/2010 20:00:00","EDT","HUD VL",61758,1289.2
"05/20/2010 20:00:00","EDT","LONGIL",61762,2731.1
"05/20/2010 20:00:00","EDT","MHK VL",61756,937.8
"05/20/2010 20:00:00","EDT","MILLWD",61759,351.1
"05/20/2010 20:00:00","EDT","N.Y.C.",61761,6553.5
"05/20/2010 20:00:00","EDT","NORTH",61755,463.5
"05/20/2010 20:00:00","EDT","WEST",61752,1738.9
"05/20/2010 20:05:00","EDT","CAPITL",61757,1351.1
"05/20/2010 20:05:00","EDT","CENTRL",61754,1837.5
"05/20/2010 20:05:00","EDT","DUNWOD",61760,747.3
"05/20/2010 20:05:00","EDT","GENESE",61753,1220.2
"05/20/2010 20:05:00","EDT","HUD VL",61758,1296
"05/20/2010 20:05:00","EDT","LONGIL",61762,2729.7
"05/20/2010 20:05:00","EDT","MHK VL",61756,932.5
"05/20/2010 20:05:00","EDT","MILLWD",61759,355.3
"05/20/2010 20:05:00","EDT","N.Y.C.",61761,6486.1
"05/20/2010 20:05:00","EDT","NORTH",61755,466.1
"05/20/2010 20:05:00","EDT","WEST",61752,1713.5
"05/20/2010 20:10:00","EDT","CAPITL",61757,1370.7
"05/20/2010 20:10:00","EDT","CENTRL",61754,1871.5
"05/20/2010 20:10:00","EDT","DUNWOD",61760,739.9
"05/20/2010 20:10:00","EDT","GENESE",61753,1225
"05/20/2010 20:10:00","EDT","HUD VL",61758,1319.5
"05/20/2010 20:10:00","EDT","LONGIL",61762,2735.6
"05/20/2010 20:10:00","EDT","MHK VL",61756,926.1
"05/20/2010 20:10:00","EDT","MILLWD",61759,353.2
"05/20/2010 20:10:00","EDT","N.Y.C.",61761,6501
"05/20/2010 20:10:00","EDT","NORTH",61755,464.2
"05/20/2010 20:10:00","EDT","WEST",61752,1720.5
"05/20/2010 20:15:00","EDT","CAPITL",61757,1377
"05/20/2010 20:15:00","EDT","CENTRL",61754,1881.5
"05/20/2010 20:15:00","EDT","DUNWOD",61760,762.4
"05/20/2010 20:15:00","EDT","GENESE",61753,1221.1
"05/20/2010 20:15:00","EDT","HUD VL",61758,1321.6
"05/20/2010 20:15:00","EDT","LONGIL",61762,2741.1
"05/20/2010 20:15:00","EDT","MHK VL",61756,938.2
"05/20/2010 20:15:00","EDT","MILLWD",61759,340.2
"05/20/2010 20:15:00","EDT","N.Y.C.",61761,6493.4
"05/20/2010 20:15:00","EDT","NORTH",61755,463
"05/20/2010 20:15:00","EDT","WEST",61752,1737.5
"05/20/2010 20:20:00","EDT","CAPITL",61757,1371.7
"05/20/2010 20:20:00","EDT","CENTRL",61754,1862.8
"05/20/2010 20:20:00","EDT","DUNWOD",61760,752.6
"05/20/2010 20:20:00","EDT","GENESE",61753,1223
"05/20/2010 20:20:00","EDT","HUD VL",61758,1340.3
"05/20/2010 20:20:00","EDT","LONGIL",61762,2771
"05/20/2010 20:20:00","EDT","MHK VL",61756,947.8
"05/20/2010 20:20:00","EDT","MILLWD",61759,339.7
"05/20/2010 20:20:00","EDT","N.Y.C.",61761,6515.7
"05/20/2010 20:20:00","EDT","NORTH",61755,469.2
"05/20/2010 20:20:00","EDT","WEST",61752,1739.8
"05/20/2010 20:25:00","EDT","CAPITL",61757,1385.9
"05/20/2010 20:25:00","EDT","CENTRL",61754,1876.5
"05/20/2010 20:25:00","EDT","DUNWOD",61760,769.5
"05/20/2010 20:25:00","EDT","GENESE",61753,1228.6
"05/20/2010 20:25:00","EDT","HUD VL",61758,1302.7
"05/20/2010 20:25:00","EDT","LONGIL",61762,2780.9
"05/20/2010 20:25:00","EDT","MHK VL",61756,948.6
"05/20/2010 20:25:00","EDT","MILLWD",61759,363.6
"05/20/2010 20:25:00","EDT","N.Y.C.",61761,6497.5
"05/20/2010 20:25:00","EDT","NORTH",61755,476.2
"05/20/2010 20:25:00","EDT","WEST",61752,1757.3
"05/20/2010 20:30:00","EDT","CAPITL",61757,1388.4
"05/20/2010 20:30:00","EDT","CENTRL",61754,1888.1
"05/20/2010 20:30:00","EDT","DUNWOD",61760,776.6
"05/20/2010 20:30:00","EDT","GENESE",61753,1236.8
"05/20/2010 20:30:00","EDT","HUD VL",61758,1310.3
"05/20/2010 20:30:00","EDT","LONGIL",61762,2807.8
"05/20/2010 20:30:00","EDT","MHK VL",61756,960.3
"05/20/2010 20:30:00","EDT","MILLWD",61759,360.7
"05/20/2010 20:30:00","EDT","N.Y.C.",61761,6514.2
"05/20/2010 20:30:00","EDT","NORTH",61755,472.9
"05/20/2010 20:30:00","EDT","WEST",61752,1765
"05/20/2010 20:35:00","EDT","CAPITL",61757,1410.6
"05/20/2010 20:35:00","EDT","CENTRL",61754,1895.4
"05/20/2010 20:35:00","EDT","DUNWOD",61760,771.6
"05/20/2010 20:35:00","EDT","GENESE",61753,1242.6
"05/20/2010 20:35:00","EDT","HUD VL",61758,1329.1
"05/20/2010 20:35:00","EDT","LONGIL",61762,2824.8
"05/20/2010 20:35:00","EDT","MHK VL",61756,962.1
"05/20/2010 20:35:00","EDT","MILLWD",61759,363.6
"05/20/2010 20:35:00","EDT","N.Y.C.",61761,6545.7
"05/20/2010 20:35:00","EDT","NORTH",61755,467.9
"05/20/2010 20:35:00","EDT","WEST",61752,1765.3
"05/20/2010 20:40:00","EDT","CAPITL",61757,1419.3
"05/20/2010 20:40:00","EDT","CENTRL",61754,1921.6
"05/20/2010 20:40:00","EDT","DUNWOD",61760,773.8
"05/20/2010 20:40:00","EDT","GENESE",61753,1238.4
"05/20/2010 20:40:00","EDT","HUD VL",61758,1354.7
"05/20/2010 20:40:00","EDT","LONGIL",61762,2821.6
"05/20/2010 20:40:00","EDT","MHK VL",61756,971.7
"05/20/2010 20:40:00","EDT","MILLWD",61759,377.2
"05/20/2010 20:40:00","EDT","N.Y.C.",61761,6525.7
"05/20/2010 20:40:00","EDT","NORTH",61755,471.8
"05/20/2010 20:40:00","EDT","WEST",61752,1779.4
"05/20/2010 20:45:00","EDT","CAPITL",61757,1424.2
"05/20/2010 20:45:00","EDT","CENTRL",61754,1939.2
"05/20/2010 20:45:00","EDT","DUNWOD",61760,789.7
"05/20/2010 20:45:00","EDT","GENESE",61753,1250.6
"05/20/2010 20:45:00","EDT","HUD VL",61758,1353.7
"05/20/2010 20:45:00","EDT","LONGIL",61762,2835.4
"05/20/2010 20:45:00","EDT","MHK VL",61756,987.9
"05/20/2010 20:45:00","EDT","MILLWD",61759,364.2
"05/20/2010 20:45:00","EDT","N.Y.C.",61761,6550.9
"05/20/2010 20:45:00","EDT","NORTH",61755,474.4
"05/20/2010 20:45:00","EDT","WEST",61752,1779.8
"05/20/2010 20:50:00","EDT","CAPITL",61757,1422.2
"05/20/2010 20:50:00","EDT","CENTRL",61754,1945.9
"05/20/2010 20:50:00","EDT","DUNWOD",61760,785.6
"05/20/2010 20:50:00","EDT","GENESE",61753,1259.8
"05/20/2010 20:50:00","EDT","HUD VL",61758,1357.3
"05/20/2010 20:50:00","EDT","LONGIL",61762,2830.7
"05/20/2010 20:50:00","EDT","MHK VL",61756,988.8
"05/20/2010 20:50:00","EDT","MILLWD",61759,351.7
"05/20/2010 20:50:00","EDT","N.Y.C.",61761,6574.5
"05/20/2010 20:50:00","EDT","NORTH",61755,471.2
"05/20/2010 20:50:00","EDT","WEST",61752,1804.8
"05/20/2010 20:55:00","EDT","CAPITL",61757,1422.4
"05/20/2010 20:55:00","EDT","CENTRL",61754,1943.6
"05/20/2010 20:55:00","EDT","DUNWOD",61760,763.7
"05/20/2010 20:55:00","EDT","GENESE",61753,1270.1
"05/20/2010 20:55:00","EDT","HUD VL",61758,1346
"05/20/2010 20:55:00","EDT","LONGIL",61762,2840.3
"05/20/2010 20:55:00","EDT","MHK VL",61756,993.1
"05/20/2010 20:55:00","EDT","MILLWD",61759,364.4
"05/20/2010 20:55:00","EDT","N.Y.C.",61761,6538.6
"05/20/2010 20:55:00","EDT","NORTH",61755,474
"05/20/2010 20:55:00","EDT","WEST",61752,1818.7
"05/20/2010 21:00:00","EDT","CAPITL",61757,1419.9
"05/20/2010 21:00:00","EDT","CENTRL",61754,1952.4
"05/20/2010 21:00:00","EDT","DUNWOD",61760,789.4
"05/20/2010 21:00:00","EDT","GENESE",61753,1277.5
"05/20/2010 21:00:00","EDT","HUD VL",61758,1337.6
"05/20/2010 21:00:00","EDT","LONGIL",61762,2843.7
"05/20/2010 21:00:00","EDT","MHK VL",61756,989.6
"05/20/2010 21:00:00","EDT","MILLWD",61759,354.1
"05/20/2010 21:00:00","EDT","N.Y.C.",61761,6492.3
"05/20/2010 21:00:00","EDT","NORTH",61755,470.2
"05/20/2010 21:00:00","EDT","WEST",61752,1815.5
"05/20/2010 21:05:00","EDT","CAPITL",61757,1411.5
"05/20/2010 21:05:00","EDT","CENTRL",61754,1959.9
"05/20/2010 21:05:00","EDT","DUNWOD",61760,759.6
"05/20/2010 21:05:00","EDT","GENESE",61753,1280.7
"05/20/2010 21:05:00","EDT","HUD VL",61758,1355.7
"05/20/2010 21:05:00","EDT","LONGIL",61762,2828.7
"05/20/2010 21:05:00","EDT","MHK VL",61756,983.7
"05/20/2010 21:05:00","EDT","MILLWD",61759,352.8
"05/20/2010 21:05:00","EDT","N.Y.C.",61761,6520.3
"05/20/2010 21:05:00","EDT","NORTH",61755,475.6
"05/20/2010 21:05:00","EDT","WEST",61752,1810.6
"05/20/2010 21:10:00","EDT","CAPITL",61757,1421.3
"05/20/2010 21:10:00","EDT","CENTRL",61754,1938.1
"05/20/2010 21:10:00","EDT","DUNWOD",61760,757.9
"05/20/2010 21:10:00","EDT","GENESE",61753,1278.3
"05/20/2010 21:10:00","EDT","HUD VL",61758,1322
"05/20/2010 21:10:00","EDT","LONGIL",61762,2801
"05/20/2010 21:10:00","EDT","MHK VL",61756,979.1
"05/20/2010 21:10:00","EDT","MILLWD",61759,374.4
"05/20/2010 21:10:00","EDT","N.Y.C.",61761,6477.1
"05/20/2010 21:10:00","EDT","NORTH",61755,468.7
"05/20/2010 21:10:00","EDT","WEST",61752,1837.8
"05/20/2010 21:15:00","EDT","CAPITL",61757,1409.2
"05/20/2010 21:15:00","EDT","CENTRL",61754,1939.9
"05/20/2010 21:15:00","EDT","DUNWOD",61760,747.1
"05/20/2010 21:15:00","EDT","GENESE",61753,1277.1
"05/20/2010 21:15:00","EDT","HUD VL",61758,1312.2
"05/20/2010 21:15:00","EDT","LONGIL",61762,2787.8
"05/20/2010 21:15:00","EDT","MHK VL",61756,975.2
"05/20/2010 21:15:00","EDT","MILLWD",61759,376.8
"05/20/2010 21:15:00","EDT","N.Y.C.",61761,6485.8
"05/20/2010 21:15:00","EDT","NORTH",61755,476.4
"05/20/2010 21:15:00","EDT","WEST",61752,1816.3
"05/20/2010 21:20:00","EDT","CAPITL",61757,1399.1
"05/20/2010 21:20:00","EDT","CENTRL",61754,1936.9
"05/20/2010 21:20:00","EDT","DUNWOD",61760,759.4
"05/20/2010 21:20:00","EDT","GENESE",61753,1270.1
"05/20/2010 21:20:00","EDT","HUD VL",61758,1306.6
"05/20/2010 21:20:00","EDT","LONGIL",61762,2789.4
"05/20/2010 21:20:00","EDT","MHK VL",61756,964.9
"05/20/2010 21:20:00","EDT","MILLWD",61759,363.6
"05/20/2010 21:20:00","EDT","N.Y.C.",61761,6439.8
"05/20/2010 21:20:00","EDT","NORTH",61755,483.6
"05/20/2010 21:20:00","EDT","WEST",61752,1829.9
"05/20/2010 21:25:00","EDT","CAPITL",61757,1382.8
"05/20/2010 21:25:00","EDT","CENTRL",61754,1921.9
"05/20/2010 21:25:00","EDT","DUNWOD",61760,750.7
"05/20/2010 21:25:00","EDT","GENESE",61753,1265.7
"05/20/2010 21:25:00","EDT","HUD VL",61758,1314
"05/20/2010 21:25:00","EDT","LONGIL",61762,2780.3
"05/20/2010 21:25:00","EDT","MHK VL",61756,965.3
"05/20/2010 21:25:00","EDT","MILLWD",61759,364.5
"05/20/2010 21:25:00","EDT","N.Y.C.",61761,6417.3
"05/20/2010 21:25:00","EDT","NORTH",61755,475.5
"05/20/2010 21:25:00","EDT","WEST",61752,1824.5
"05/20/2010 21:30:00","EDT","CAPITL",61757,1382
"05/20/2010 21:30:00","EDT","CENTRL",61754,1915
"05/20/2010 21:30:00","EDT","DUNWOD",61760,738.4
"05/20/2010 21:30:00","EDT","GENESE",61753,1259.2
"05/20/2010 21:30:00","EDT","HUD VL",61758,1325.5
"05/20/2010 21:30:00","EDT","LONGIL",61762,2741.2
"05/20/2010 21:30:00","EDT","MHK VL",61756,963.2
"05/20/2010 21:30:00","EDT","MILLWD",61759,367.4
"05/20/2010 21:30:00","EDT","N.Y.C.",61761,6426.3
"05/20/2010 21:30:00","EDT","NORTH",61755,465.9
"05/20/2010 21:30:00","EDT","WEST",61752,1801.5
"05/20/2010 21:35:00","EDT","CAPITL",61757,1368.9
"05/20/2010 21:35:00","EDT","CENTRL",61754,1892
"05/20/2010 21:35:00","EDT","DUNWOD",61760,768.5
"05/20/2010 21:35:00","EDT","GENESE",61753,1248
"05/20/2010 21:35:00","EDT","HUD VL",61758,1323.5
"05/20/2010 21:35:00","EDT","LONGIL",61762,2735.8
"05/20/2010 21:35:00","EDT","MHK VL",61756,945.4
"05/20/2010 21:35:00","EDT","MILLWD",61759,342
"05/20/2010 21:35:00","EDT","N.Y.C.",61761,6373.4
"05/20/2010 21:35:00","EDT","NORTH",61755,470.5
"05/20/2010 21:35:00","EDT","WEST",61752,1798.7
"05/20/2010 21:40:00","EDT","CAPITL",61757,1338.6
"05/20/2010 21:40:00","EDT","CENTRL",61754,1871.1
"05/20/2010 21:40:00","EDT","DUNWOD",61760,745.7
"05/20/2010 21:40:00","EDT","GENESE",61753,1236.5
"05/20/2010 21:40:00","EDT","HUD VL",61758,1299.4
"05/20/2010 21:40:00","EDT","LONGIL",61762,2716.7
"05/20/2010 21:40:00","EDT","MHK VL",61756,942.3
"05/20/2010 21:40:00","EDT","MILLWD",61759,332.5
"05/20/2010 21:40:00","EDT","N.Y.C.",61761,6350.4
"05/20/2010 21:40:00","EDT","NORTH",61755,474.9
"05/20/2010 21:40:00","EDT","WEST",61752,1822.3
"05/20/2010 21:45:00","EDT","CAPITL",61757,1338.6
"05/20/2010 21:45:00","EDT","CENTRL",61754,1867.7
"05/20/2010 21:45:00","EDT","DUNWOD",61760,746.1
"05/20/2010 21:45:00","EDT","GENESE",61753,1228.9
"05/20/2010 21:45:00","EDT","HUD VL",61758,1303
"05/20/2010 21:45:00","EDT","LONGIL",61762,2698
"05/20/2010 21:45:00","EDT","MHK VL",61756,954.4
"05/20/2010 21:45:00","EDT","MILLWD",61759,332.5
"05/20/2010 21:45:00","EDT","N.Y.C.",61761,6317.3
"05/20/2010 21:45:00","EDT","NORTH",61755,456.3
"05/20/2010 21:45:00","EDT","WEST",61752,1796.6
"05/20/2010 21:50:00","EDT","CAPITL",61757,1328.4
"05/20/2010 21:50:00","EDT","CENTRL",61754,1868.7
"05/20/2010 21:50:00","EDT","DUNWOD",61760,744.4
"05/20/2010 21:50:00","EDT","GENESE",61753,1227.3
"05/20/2010 21:50:00","EDT","HUD VL",61758,1282.5
"05/20/2010 21:50:00","EDT","LONGIL",61762,2670.7
"05/20/2010 21:50:00","EDT","MHK VL",61756,925.8
"05/20/2010 21:50:00","EDT","MILLWD",61759,337
"05/20/2010 21:50:00","EDT","N.Y.C.",61761,6303.8
"05/20/2010 21:50:00","EDT","NORTH",61755,468.7
"05/20/2010 21:50:00","EDT","WEST",61752,1788.4
"05/20/2010 21:55:00","EDT","CAPITL",61757,1326
"05/20/2010 21:55:00","EDT","CENTRL",61754,1804.7
"05/20/2010 21:55:00","EDT","DUNWOD",61760,720.2
"05/20/2010 21:55:00","EDT","GENESE",61753,1216.4
"05/20/2010 21:55:00","EDT","HUD VL",61758,1283.3
"05/20/2010 21:55:00","EDT","LONGIL",61762,2670.4
"05/20/2010 21:55:00","EDT","MHK VL",61756,917.6
"05/20/2010 21:55:00","EDT","MILLWD",61759,351.3
"05/20/2010 21:55:00","EDT","N.Y.C.",61761,6288.9
"05/20/2010 21:55:00","EDT","NORTH",61755,458.7
"05/20/2010 21:55:00","EDT","WEST",61752,1759.2
"05/20/2010 22:00:00","EDT","CAPITL",61757,1301.8
"05/20/2010 22:00:00","EDT","CENTRL",61754,1849.2
"05/20/2010 22:00:00","EDT","DUNWOD",61760,745.9
"05/20/2010 22:00:00","EDT","GENESE",61753,1198.4
"05/20/2010 22:00:00","EDT","HUD VL",61758,1262.7
"05/20/2010 22:00:00","EDT","LONGIL",61762,2631.3
"05/20/2010 22:00:00","EDT","MHK VL",61756,919.1
"05/20/2010 22:00:00","EDT","MILLWD",61759,322
"05/20/2010 22:00:00","EDT","N.Y.C.",61761,6255.5
"05/20/2010 22:00:00","EDT","NORTH",61755,448.5
"05/20/2010 22:00:00","EDT","WEST",61752,1750.4
"05/20/2010 22:05:00","EDT","CAPITL",61757,1298.7
"05/20/2010 22:05:00","EDT","CENTRL",61754,1812.4
"05/20/2010 22:05:00","EDT","DUNWOD",61760,713.5
"05/20/2010 22:05:00","EDT","GENESE",61753,1190.5
"05/20/2010 22:05:00","EDT","HUD VL",61758,1258.5
"05/20/2010 22:05:00","EDT","LONGIL",61762,2607.1
"05/20/2010 22:05:00","EDT","MHK VL",61756,901.9
"05/20/2010 22:05:00","EDT","MILLWD",61759,333.4
"05/20/2010 22:05:00","EDT","N.Y.C.",61761,6216.5
"05/20/2010 22:05:00","EDT","NORTH",61755,462.3
"05/20/2010 22:05:00","EDT","WEST",61752,1786.8
"05/20/2010 22:10:00","EDT","CAPITL",61757,1271.7
"05/20/2010 22:10:00","EDT","CENTRL",61754,1801.3
"05/20/2010 22:10:00","EDT","DUNWOD",61760,724.1
"05/20/2010 22:10:00","EDT","GENESE",61753,1184.5
"05/20/2010 22:10:00","EDT","HUD VL",61758,1254.5
"05/20/2010 22:10:00","EDT","LONGIL",61762,2576.1
"05/20/2010 22:10:00","EDT","MHK VL",61756,879.2
"05/20/2010 22:10:00","EDT","MILLWD",61759,293
"05/20/2010 22:10:00","EDT","N.Y.C.",61761,6193.6
"05/20/2010 22:10:00","EDT","NORTH",61755,454.7
"05/20/2010 22:10:00","EDT","WEST",61752,1744.4
"05/20/2010 22:15:00","EDT","CAPITL",61757,1275.4
"05/20/2010 22:15:00","EDT","CENTRL",61754,1794.8
"05/20/2010 22:15:00","EDT","DUNWOD",61760,698
"05/20/2010 22:15:00","EDT","GENESE",61753,1169.8
"05/20/2010 22:15:00","EDT","HUD VL",61758,1206.4
"05/20/2010 22:15:00","EDT","LONGIL",61762,2559
"05/20/2010 22:15:00","EDT","MHK VL",61756,878.5
"05/20/2010 22:15:00","EDT","MILLWD",61759,322.4
"05/20/2010 22:15:00","EDT","N.Y.C.",61761,6171.8
"05/20/2010 22:15:00","EDT","NORTH",61755,449.1
"05/20/2010 22:15:00","EDT","WEST",61752,1731
"05/20/2010 22:20:00","EDT","CAPITL",61757,1260.1
"05/20/2010 22:20:00","EDT","CENTRL",61754,1772.3
"05/20/2010 22:20:00","EDT","DUNWOD",61760,706
"05/20/2010 22:20:00","EDT","GENESE",61753,1165.7
"05/20/2010 22:20:00","EDT","HUD VL",61758,1203.9
"05/20/2010 22:20:00","EDT","LONGIL",61762,2524.4
"05/20/2010 22:20:00","EDT","MHK VL",61756,859.7
"05/20/2010 22:20:00","EDT","MILLWD",61759,320.4
"05/20/2010 22:20:00","EDT","N.Y.C.",61761,6152.9
"05/20/2010 22:20:00","EDT","NORTH",61755,459
"05/20/2010 22:20:00","EDT","WEST",61752,1728.2
"05/20/2010 22:25:00","EDT","CAPITL",61757,1253
"05/20/2010 22:25:00","EDT","CENTRL",61754,1752.2
"05/20/2010 22:25:00","EDT","DUNWOD",61760,686.2
"05/20/2010 22:25:00","EDT","GENESE",61753,1155.8
"05/20/2010 22:25:00","EDT","HUD VL",61758,1183.5
"05/20/2010 22:25:00","EDT","LONGIL",61762,2508.8
"05/20/2010 22:25:00","EDT","MHK VL",61756,859.4
"05/20/2010 22:25:00","EDT","MILLWD",61759,323.8
"05/20/2010 22:25:00","EDT","N.Y.C.",61761,6118.8
"05/20/2010 22:25:00","EDT","NORTH",61755,445.1
"05/20/2010 22:25:00","EDT","WEST",61752,1713.1
"05/20/2010 22:30:00","EDT","CAPITL",61757,1230.1
"05/20/2010 22:30:00","EDT","CENTRL",61754,1731.7
"05/20/2010 22:30:00","EDT","DUNWOD",61760,688.4
"05/20/2010 22:30:00","EDT","GENESE",61753,1141.6
"05/20/2010 22:30:00","EDT","HUD VL",61758,1190.2
"05/20/2010 22:30:00","EDT","LONGIL",61762,2500.9
"05/20/2010 22:30:00","EDT","MHK VL",61756,857
"05/20/2010 22:30:00","EDT","MILLWD",61759,307.7
"05/20/2010 22:30:00","EDT","N.Y.C.",61761,6107.2
"05/20/2010 22:30:00","EDT","NORTH",61755,448.4
"05/20/2010 22:30:00","EDT","WEST",61752,1708.1
"05/20/2010 22:35:00","EDT","CAPITL",61757,1225.8
"05/20/2010 22:35:00","EDT","CENTRL",61754,1716.8
"05/20/2010 22:35:00","EDT","DUNWOD",61760,684.9
"05/20/2010 22:35:00","EDT","GENESE",61753,1119.1
"05/20/2010 22:35:00","EDT","HUD VL",61758,1159.5
"05/20/2010 22:35:00","EDT","LONGIL",61762,2462.3
"05/20/2010 22:35:00","EDT","MHK VL",61756,832.4
"05/20/2010 22:35:00","EDT","MILLWD",61759,317.2
"05/20/2010 22:35:00","EDT","N.Y.C.",61761,6029.2
"05/20/2010 22:35:00","EDT","NORTH",61755,448.4
"05/20/2010 22:35:00","EDT","WEST",61752,1680
"05/20/2010 22:40:00","EDT","CAPITL",61757,1201.8
"05/20/2010 22:40:00","EDT","CENTRL",61754,1704.9
"05/20/2010 22:40:00","EDT","DUNWOD",61760,664.3
"05/20/2010 22:40:00","EDT","GENESE",61753,1103.2
"05/20/2010 22:40:00","EDT","HUD VL",61758,1154.7
"05/20/2010 22:40:00","EDT","LONGIL",61762,2431.8
"05/20/2010 22:40:00","EDT","MHK VL",61756,827.1
"05/20/2010 22:40:00","EDT","MILLWD",61759,309.6
"05/20/2010 22:40:00","EDT","N.Y.C.",61761,6010.8
"05/20/2010 22:40:00","EDT","NORTH",61755,443.3
"05/20/2010 22:40:00","EDT","WEST",61752,1679.8
"05/20/2010 22:45:00","EDT","CAPITL",61757,1192.7
"05/20/2010 22:45:00","EDT","CENTRL",61754,1680.7
"05/20/2010 22:45:00","EDT","DUNWOD",61760,679.4
"05/20/2010 22:45:00","EDT","GENESE",61753,1094
"05/20/2010 22:45:00","EDT","HUD VL",61758,1159.3
"05/20/2010 22:45:00","EDT","LONGIL",61762,2403.8
"05/20/2010 22:45:00","EDT","MHK VL",61756,815.6
"05/20/2010 22:45:00","EDT","MILLWD",61759,284
"05/20/2010 22:45:00","EDT","N.Y.C.",61761,5977
"05/20/2010 22:45:00","EDT","NORTH",61755,437.2
"05/20/2010 22:45:00","EDT","WEST",61752,1652.1
"05/20/2010 22:50:00","EDT","CAPITL",61757,1190.4
"05/20/2010 22:50:00","EDT","CENTRL",61754,1674.4
"05/20/2010 22:50:00","EDT","DUNWOD",61760,670.6
"05/20/2010 22:50:00","EDT","GENESE",61753,1088.9
"05/20/2010 22:50:00","EDT","HUD VL",61758,1127.9
"05/20/2010 22:50:00","EDT","LONGIL",61762,2380.9
"05/20/2010 22:50:00","EDT","MHK VL",61756,806.7
"05/20/2010 22:50:00","EDT","MILLWD",61759,304.6
"05/20/2010 22:50:00","EDT","N.Y.C.",61761,5943.5
"05/20/2010 22:50:00","EDT","NORTH",61755,441.5
"05/20/2010 22:50:00","EDT","WEST",61752,1665.3
"05/20/2010 22:55:00","EDT","CAPITL",61757,1160.8
"05/20/2010 22:55:00","EDT","CENTRL",61754,1652.3
"05/20/2010 22:55:00","EDT","DUNWOD",61760,669.7
"05/20/2010 22:55:00","EDT","GENESE",61753,1073.7
"05/20/2010 22:55:00","EDT","HUD VL",61758,1140.1
"05/20/2010 22:55:00","EDT","LONGIL",61762,2349.3
"05/20/2010 22:55:00","EDT","MHK VL",61756,799.6
"05/20/2010 22:55:00","EDT","MILLWD",61759,286.9
"05/20/2010 22:55:00","EDT","N.Y.C.",61761,5902.8
"05/20/2010 22:55:00","EDT","NORTH",61755,432.2
"05/20/2010 22:55:00","EDT","WEST",61752,1638.4
"05/20/2010 23:00:00","EDT","CAPITL",61757,1150.7
"05/20/2010 23:00:00","EDT","CENTRL",61754,1614.6
"05/20/2010 23:00:00","EDT","DUNWOD",61760,667.7
"05/20/2010 23:00:00","EDT","GENESE",61753,1068.1
"05/20/2010 23:00:00","EDT","HUD VL",61758,1109.7
"05/20/2010 23:00:00","EDT","LONGIL",61762,2322.8
"05/20/2010 23:00:00","EDT","MHK VL",61756,801.5
"05/20/2010 23:00:00","EDT","MILLWD",61759,306.2
"05/20/2010 23:00:00","EDT","N.Y.C.",61761,5833.3
"05/20/2010 23:00:00","EDT","NORTH",61755,428.9
"05/20/2010 23:00:00","EDT","WEST",61752,1677.7
"05/20/2010 23:05:00","EDT","CAPITL",61757,1154.5
"05/20/2010 23:05:00","EDT","CENTRL",61754,1615
"05/20/2010 23:05:00","EDT","DUNWOD",61760,656.1
"05/20/2010 23:05:00","EDT","GENESE",61753,1053
"05/20/2010 23:05:00","EDT","HUD VL",61758,1112.8
"05/20/2010 23:05:00","EDT","LONGIL",61762,2308.3
"05/20/2010 23:05:00","EDT","MHK VL",61756,775.5
"05/20/2010 23:05:00","EDT","MILLWD",61759,269.2
"05/20/2010 23:05:00","EDT","N.Y.C.",61761,5827.8
"05/20/2010 23:05:00","EDT","NORTH",61755,427.8
"05/20/2010 23:05:00","EDT","WEST",61752,1641.2
"05/20/2010 23:10:00","EDT","CAPITL",61757,1150.6
"05/20/2010 23:10:00","EDT","CENTRL",61754,1597.9
"05/20/2010 23:10:00","EDT","DUNWOD",61760,642.1
"05/20/2010 23:10:00","EDT","GENESE",61753,1047.8
"05/20/2010 23:10:00","EDT","HUD VL",61758,1087.6
"05/20/2010 23:10:00","EDT","LONGIL",61762,2276.3
"05/20/2010 23:10:00","EDT","MHK VL",61756,765.5
"05/20/2010 23:10:00","EDT","MILLWD",61759,285
"05/20/2010 23:10:00","EDT","N.Y.C.",61761,5740.6
"05/20/2010 23:10:00","EDT","NORTH",61755,423.6
"05/20/2010 23:10:00","EDT","WEST",61752,1594.1
"05/20/2010 23:15:00","EDT","CAPITL",61757,1147.7
"05/20/2010 23:15:00","EDT","CENTRL",61754,1608.9
"05/20/2010 23:15:00","EDT","DUNWOD",61760,639.7
"05/20/2010 23:15:00","EDT","GENESE",61753,1047
"05/20/2010 23:15:00","EDT","HUD VL",61758,1077.8
"05/20/2010 23:15:00","EDT","LONGIL",61762,2249.9
"05/20/2010 23:15:00","EDT","MHK VL",61756,748.3
"05/20/2010 23:15:00","EDT","MILLWD",61759,287
"05/20/2010 23:15:00","EDT","N.Y.C.",61761,5723.7
"05/20/2010 23:15:00","EDT","NORTH",61755,442.7
"05/20/2010 23:15:00","EDT","WEST",61752,1609.8
"05/20/2010 23:20:00","EDT","CAPITL",61757,1116.2
"05/20/2010 23:20:00","EDT","CENTRL",61754,1586.9
"05/20/2010 23:20:00","EDT","DUNWOD",61760,628
"05/20/2010 23:20:00","EDT","GENESE",61753,1031.4
"05/20/2010 23:20:00","EDT","HUD VL",61758,1066
"05/20/2010 23:20:00","EDT","LONGIL",61762,2236.5
"05/20/2010 23:20:00","EDT","MHK VL",61756,743.7
"05/20/2010 23:20:00","EDT","MILLWD",61759,288.6
"05/20/2010 23:20:00","EDT","N.Y.C.",61761,5680.8
"05/20/2010 23:20:00","EDT","NORTH",61755,430.5
"05/20/2010 23:20:00","EDT","WEST",61752,1585.2
"05/20/2010 23:25:00","EDT","CAPITL",61757,1106.8
"05/20/2010 23:25:00","EDT","CENTRL",61754,1576.9
"05/20/2010 23:25:00","EDT","DUNWOD",61760,619.2
"05/20/2010 23:25:00","EDT","GENESE",61753,1033.4
"05/20/2010 23:25:00","EDT","HUD VL",61758,1044.3
"05/20/2010 23:25:00","EDT","LONGIL",61762,2210.6
"05/20/2010 23:25:00","EDT","MHK VL",61756,735.3
"05/20/2010 23:25:00","EDT","MILLWD",61759,299
"05/20/2010 23:25:00","EDT","N.Y.C.",61761,5631.3
"05/20/2010 23:25:00","EDT","NORTH",61755,442.3
"05/20/2010 23:25:00","EDT","WEST",61752,1585.9
"05/20/2010 23:30:00","EDT","CAPITL",61757,1101.7
"05/20/2010 23:30:00","EDT","CENTRL",61754,1553.6
"05/20/2010 23:30:00","EDT","DUNWOD",61760,625.2
"05/20/2010 23:30:00","EDT","GENESE",61753,1013.7
"05/20/2010 23:30:00","EDT","HUD VL",61758,1048.8
"05/20/2010 23:30:00","EDT","LONGIL",61762,2180.9
"05/20/2010 23:30:00","EDT","MHK VL",61756,730.7
"05/20/2010 23:30:00","EDT","MILLWD",61759,281.3
"05/20/2010 23:30:00","EDT","N.Y.C.",61761,5584.6
"05/20/2010 23:30:00","EDT","NORTH",61755,435.5
"05/20/2010 23:30:00","EDT","WEST",61752,1575.3
"05/20/2010 23:35:00","EDT","CAPITL",61757,1079.2
"05/20/2010 23:35:00","EDT","CENTRL",61754,1544.7
"05/20/2010 23:35:00","EDT","DUNWOD",61760,606.3
"05/20/2010 23:35:00","EDT","GENESE",61753,1013.2
"05/20/2010 23:35:00","EDT","HUD VL",61758,1056.1
"05/20/2010 23:35:00","EDT","LONGIL",61762,2157.5
"05/20/2010 23:35:00","EDT","MHK VL",61756,734.1
"05/20/2010 23:35:00","EDT","MILLWD",61759,274.6
"05/20/2010 23:35:00","EDT","N.Y.C.",61761,5566.3
"05/20/2010 23:35:00","EDT","NORTH",61755,421
"05/20/2010 23:35:00","EDT","WEST",61752,1576.9
"05/20/2010 23:40:00","EDT","CAPITL",61757,1094.1
"05/20/2010 23:40:00","EDT","CENTRL",61754,1537.1
"05/20/2010 23:40:00","EDT","DUNWOD",61760,597.5
"05/20/2010 23:40:00","EDT","GENESE",61753,1000
"05/20/2010 23:40:00","EDT","HUD VL",61758,1019.6
"05/20/2010 23:40:00","EDT","LONGIL",61762,2137.6
"05/20/2010 23:40:00","EDT","MHK VL",61756,727.9
"05/20/2010 23:40:00","EDT","MILLWD",61759,285.6
"05/20/2010 23:40:00","EDT","N.Y.C.",61761,5542.8
"05/20/2010 23:40:00","EDT","NORTH",61755,415.5
"05/20/2010 23:40:00","EDT","WEST",61752,1540.9
"05/20/2010 23:45:00","EDT","CAPITL",61757,1067.2
"05/20/2010 23:45:00","EDT","CENTRL",61754,1529
"05/20/2010 23:45:00","EDT","DUNWOD",61760,592.7
"05/20/2010 23:45:00","EDT","GENESE",61753,995.6
"05/20/2010 23:45:00","EDT","HUD VL",61758,1017.3
"05/20/2010 23:45:00","EDT","LONGIL",61762,2104.8
"05/20/2010 23:45:00","EDT","MHK VL",61756,716
"05/20/2010 23:45:00","EDT","MILLWD",61759,275.4
"05/20/2010 23:45:00","EDT","N.Y.C.",61761,5460.1
"05/20/2010 23:45:00","EDT","NORTH",61755,423.1
"05/20/2010 23:45:00","EDT","WEST",61752,1542.3
"05/20/2010 23:50:00","EDT","CAPITL",61757,1052.4
"05/20/2010 23:50:00","EDT","CENTRL",61754,1518.7
"05/20/2010 23:50:00","EDT","DUNWOD",61760,630.1
"05/20/2010 23:50:00","EDT","GENESE",61753,993.5
"05/20/2010 23:50:00","EDT","HUD VL",61758,1019.8
"05/20/2010 23:50:00","EDT","LONGIL",61762,2085.5
"05/20/2010 23:50:00","EDT","MHK VL",61756,708.1
"05/20/2010 23:50:00","EDT","MILLWD",61759,242.1
"05/20/2010 23:50:00","EDT","N.Y.C.",61761,5456.3
"05/20/2010 23:50:00","EDT","NORTH",61755,418.5
"05/20/2010 23:50:00","EDT","WEST",61752,1526.6
"05/20/2010 23:55:00","EDT","CAPITL",61757,1039.4
"05/20/2010 23:55:00","EDT","CENTRL",61754,1498.5
"05/20/2010 23:55:00","EDT","DUNWOD",61760,572.7
"05/20/2010 23:55:00","EDT","GENESE",61753,974.3
"05/20/2010 23:55:00","EDT","HUD VL",61758,1004.4
"05/20/2010 23:55:00","EDT","LONGIL",61762,2064.7
"05/20/2010 23:55:00","EDT","MHK VL",61756,715.3
"05/20/2010 23:55:00","EDT","MILLWD",61759,268.7
"05/20/2010 23:55:00","EDT","N.Y.C.",61761,5382.4
"05/20/2010 23:55:00","EDT","NORTH",61755,423.6
"05/20/2010 23:55:00","EDT","WEST",61752,1519.4
